116
PAFTOL_019361 0.0000000 0.6172395 0.4567148 0.6172395 0.6172395 0.5148396 0.6172395 0.6172395 0.0000010 0.3067815 1.0571880 0.6172395 0.6172395 0.6172395 0.6172395 0.6172395 0.6172395 0.3067815 0.6172395 0.3067815 0.6172395 0.6172395 0.6172395 0.4405029 0.4567148 0.5148396 0.6172395 0.0000010 0.3067815 0.3067815 0.3067815 0.6172395 0.6172395 0.4567148 0.6172395 0.6172395 0.6172395 0.6172395 0.4849717 0.6172395 0.6172395 0.6172395 0.8186144 0.4567148 0.3067815 0.8186144 0.3804961 0.4411689 0.6172395 0.8186144 0.6172395 0.6172395 0.4567148 0.4567148 0.6172395 0.6172395 0.5949070 0.6172395 0.7075324 0.6165550 0.6172395 0.6172395 0.6172395 0.8186144 0.4411689 0.5949070 0.6172395 1.0999311 0.6172395 0.6172395 0.6172395 0.3067815 0.0000010 0.3067815 0.6172395 0.3804961 0.5148396 0.6172395 0.6172395 0.6172395 0.8186144 0.6172395 0.6172395 0.6172395 0.6172395 0.6172395 0.6172395 0.3067815 0.6172395 0.6172395 0.5148396 0.6172395 0.6172395 0.3067815 0.4567148 0.3067815 0.6172395 0.4567148 0.8186144 0.6172395 0.6172395 0.3067815 0.6172395 0.5448644 1.0970999 0.7052928 0.6172395 0.8186144 0.3067815 0.8186144 0.4411689 0.4567148 0.6172395 0.6172395 0.6172395 0.6172395 
S0055         0.6172395 0.0000000 0.1010035 0.0833384 0.0591233 0.1338079 0.0641800 0.0790228 0.9529115 0.1236557 0.0740374 0.0555523 0.0679715 0.0630792 0.1080943 0.0537241 0.0498010 0.1233995 0.0799224 0.1022643 0.0860377 0.0451722 0.1100850 0.0846951 0.0832086 0.1030170 0.0844730 0.9529115 0.1579107 0.1382204 0.1491313 0.0541676 0.0584527 0.0635773 0.0504274 0.1513623 0.0740679 0.0645580 0.0450266 0.0735910 0.0489372 0.0588584 0.1244330 0.0593387 0.1481383 0.1017636 0.0660466 0.0539835 0.0487904 0.1441366 0.1110185 0.1088454 0.0909270 0.0915436 0.1843665 0.0872005 0.0736227 0.0564883 0.0962055 0.1069158 0.1388920 0.0583585 0.1378598 0.1258625 0.0681926 0.0874847 0.0439684 0.0695591 0.1327968 0.0630931 0.0539390 0.1167515 2.8795074 0.1361305 0.0446058 0.1001615 0.1618880 0.0644142 0.0588729 0.0587044 0.0954226 0.0815202 0.0696008 0.0543696 0.0211221 0.0630146 0.0439684 0.1024840 0.0635981 0.0545614 0.1404746 0.0746041 0.0579049 0.1187364 0.0856436 0.1428317 0.0594124 0.0915436 0.0639522 0.0791676 0.0538702 0.1159075 0.0534032 0.1369795 0.0734310 0.0700752 0.0715899 0.0586764 0.1260919 0.1073840 0.0489584 0.1008879 0.0587811 0.0643785 0.0641750 0.0688411 
S0281         0.4567148 0.1010035 0.0000000 0.0793453 0.0649665 0.1535592 0.0793593 0.0953044 0.9529115 0.1356265 0.0704969 0.0502300 0.0891702 0.0689405 0.1379328 0.0691255 0.0599502 0.1240436 0.1130348 0.1197231 0.1137754 0.0452078 0.1283941 0.1005335 0.0793924 0.1274905 0.0853172 0.9529115 0.1564950 0.1506707 0.1318275 0.0686820 0.0740546 0.0399015 0.0607556 0.1449368 0.0842818 0.0644783 0.0553080 0.0687834 0.0641056 0.0590533 0.1491354 0.0404594 0.1423066 0.0911743 0.0779330 0.0687009 0.0693345 0.1703525 0.1289068 0.1269155 0.0709084 0.0453664 0.1979244 0.0873346 0.0684713 0.0727126 0.1137165 0.1193615 0.1262701 0.0537064 0.1311772 0.1565013 0.0833147 0.0815607 0.0588173 0.0850043 0.1208367 0.0737593 0.0694130 0.1302463 2.8795074 0.1245688 0.0595331 0.1059734 0.1769805 0.0552658 0.0588013 0.0692927 0.0956810 0.0925692 0.0850516 0.0699518 0.1005555 0.0778953 0.0493341 0.1091719 0.0786280 0.0694528 0.1483918 0.0809207 0.0587028 0.1287523 0.0403318 0.1257425 0.0753020 0.0453664 0.0790690 0.0948484 0.0642888 0.1290557 0.0687009 0.1453452 0.0845272 0.0853361 0.0880163 0.0735257 0.1201583 0.1310682 0.0634327 0.0854194 0.0492647 0.0796089 0.0908147 0.0693076 
S0282         0.6172395 0.0833384 0.0793453 0.0000000 0.0684860 0.1326066 0.0736290 0.0438478 0.9529115 0.1340261 0.0736323 0.0650660 0.0832720 0.0723652 0.1235408 0.0344452 0.0348676 0.1227494 0.0945742 0.1180251 0.1060004 0.0544227 0.1306367 0.0993913 0.0779522 0.1189027 0.0837503 0.9529115 0.1620131 0.1384572 0.1411784 0.0681016 0.0389151 0.0630499 0.0648216 0.1679993 0.0784661 0.0635559 0.0446557 0.0831032 0.0299547 0.0731838 0.1455141 0.0639412 0.1456032 0.0950817 0.0767591 0.0632232 0.0628918 0.1660886 0.1376232 0.1291650 0.0852087 0.0844525 0.2123462 0.0919840 0.0674814 0.0658692 0.1163823 0.1273796 0.1552162 0.0675937 0.1540659 0.1526477 0.0775768 0.0808083 0.0529686 0.0791313 0.1435188 0.0433377 0.0534956 0.1157199 2.8795074 0.1338117 0.0537379 0.1111558 0.1664773 0.0448282 0.0681927 0.0436710 0.0995379 0.0811009 0.0791763 0.0394272 0.0829835 0.0722887 0.0345916 0.1126688 0.0729597 0.0587245 0.1276348 0.0641569 0.0727463 0.1249678 0.0787847 0.1350563 0.0395321 0.0844525 0.0733648 0.0888117 0.0534280 0.1260191 0.0529686 0.1415459 0.0728158 0.0845848 0.0869404 0.0679629 0.1355539 0.1279383 0.0580841 0.1053734 0.0631340 0.0738575 0.0736245 0.0685013 
S0288         0.6172395 0.0591233 0.0649665 0.0684860 0.0000000 0.1120868 0.0497260 0.0691475 0.9529115 0.1072796 0.0403437 0.0176647 0.0590818 0.0041838 0.0970982 0.0350997 0.0357144 0.1019370 0.0597413 0.0975676 0.0804539 0.0000026 0.0984105 0.0847344 0.0534944 0.0873324 0.0494819 0.9529115 0.1377998 0.1287994 0.1263950 0.0446045 0.0443428 0.0399553 0.0131030 0.1213713 0.0590901 0.0309457 0.0310740 0.0494540 0.0350997 0.0400828 0.1011862 0.0405142 0.1192906 0.0654759 0.0446136 0.0399292 0.0306223 0.1204352 0.1048051 0.0973149 0.0708742 0.0659220 0.1628243 0.0716306 0.0428553 0.0370063 0.0802512 0.0906250 0.1149287 0.0351120 0.1140862 0.1138897 0.0538028 0.0548705 0.0303560 0.0453241 0.1039423 0.0488905 0.0398915 0.0956739 2.8795074 0.1192517 0.0171898 0.0716134 0.1445516 0.0308785 0.0260608 0.0445336 0.0598706 0.0659464 0.0549076 0.0402087 0.0588777 0.0396086 0.0303560 0.0815567 0.0492804 0.0401797 0.1183777 0.0597684 0.0398496 0.0950126 0.0604536 0.1203763 0.0450636 0.0659220 0.0401898 0.0642911 0.0352596 0.1000025 0.0395022 0.1090603 0.0588362 0.0600030 0.0562513 0.0445129 0.1146148 0.0910167 0.0351167 0.0902032 0.0353588 0.0498776 0.0497206 0.0543113 
S0289         0.5148396 0.1338079 0.1535592 0.1326066 0.1120868 0.0000000 0.1122705 0.1456696 0.9529115 0.0589537 0.1400657 0.1092522 0.1336726 0.1157592 0.1299353 0.1105378 0.1069938 0.0590637 0.1277387 0.0498747 0.1285779 0.0968322 0.1535097 0.1327781 0.1385746 0.0261436 0.1177345 0.9529115 0.0604121 0.0503091 0.0916298 0.1110501 0.1048811 0.1162953 0.1088306 0.1765498 0.1153308 0.1186208 0.0961618 0.1333920 0.1050495 0.1111675 0.1503974 0.1180485 0.0497294 0.1549975 0.0287184 0.0898334 0.1052058 0.1710987 0.1428652 0.1517614 0.1489532 0.1493384 0.2376797 0.1098958 0.1198136 0.1056450 0.1259893 0.1379506 0.1749576 0.1156208 0.1736431 0.1699199 0.0887998 0.1368180 0.0990527 0.1295544 0.1628211 0.1209315 0.1054769 0.0347241 1.0604969 0.1014609 0.0955368 0.0334685 0.0744212 0.1183463 0.1115658 0.1163549 0.1474506 0.1499235 0.1185910 0.0949381 0.1217934 0.1207414 0.0990527 0.0266380 0.1111950 0.0962100 0.0345403 0.1353182 0.1215707 0.0465913 0.1423393 0.0756180 0.1124520 0.1493384 0.1059205 0.1166441 0.1108472 0.0345007 0.0994080 0.0502134 0.1330818 0.1299487 0.1275410 0.1162912 0.0861127 0.1443902 0.0943530 0.1646050 0.1165239 0.1173649 0.0943973 0.1281445 
S0292         0.6172395 0.0641800 0.0793593 0.0736290 0.0497260 0.1122705 0.0000000 0.0743431 0.9529115 0.0956754 0.0643897 0.0313194 0.0537164 0.0490563 0.0854206 0.0445033 0.0405029 0.0902110 0.0749193 0.0858651 0.0805886 0.0264925 0.1094247 0.0838966 0.0687064 0.0874793 0.0695337 0.9529115 0.1267098 0.1070294 0.1067588 0.0395487 0.0445827 0.0441192 0.0363426 0.1382362 0.0585695 0.0355114 0.0358023 0.0536090 0.0398013 0.0442602 0.1076561 0.0447320 0.1073172 0.0851392 0.0500399 0.0259989 0.0444829 0.1265097 0.1104956 0.1081974 0.0759364 0.0701529 0.1766697 0.0658067 0.0577695 0.0517754 0.0803844 0.0907749 0.1315701 0.0392595 0.1364750 0.1088053 0.0485852 0.0647826 0.0349677 0.0401767 0.1261149 0.0489702 0.0446790 0.0958314 2.8795074 0.0963145 0.0263719 0.0716005 0.1387397 0.0548785 0.0305276 0.0493769 0.0788774 0.0706896 0.0218747 0.0402750 0.0639102 0.0346909 0.0349677 0.0708475 0.0171419 0.0085734 0.1185718 0.0648824 0.0440039 0.0951954 0.0646709 0.1011219 0.0499689 0.0701529 0.0306006 0.0587936 0.0446239 0.0898284 0.0350847 0.1092884 0.0589330 0.0545415 0.0609714 0.0394676 0.0971882 0.1016707 0.0302756 0.0841308 0.0395346 0.0446605 0.0498028 0.0490387 
S0293         0.6172395 0.0790228 0.0953044 0.0438478 0.0691475 0.1456696 0.0743431 0.0000000 0.9529115 0.1353727 0.0795022 0.0657072 0.0792436 0.0730557 0.1137902 0.0347657 0.0447285 0.1350815 0.0955030 0.1308067 0.0906903 0.0549500 0.1265492 0.1003656 0.0887336 0.1201075 0.0951317 0.9529115 0.1765331 0.1299219 0.1547665 0.0687555 0.0392782 0.0683365 0.0654583 0.1697454 0.0893248 0.0641678 0.0450849 0.0686081 0.0302334 0.0589046 0.1356337 0.0595428 0.1592353 0.0965967 0.0833521 0.0638292 0.0539490 0.1559016 0.1216627 0.1251137 0.0968167 0.0795040 0.2148283 0.0982335 0.0846317 0.0720373 0.1067888 0.1177029 0.1568175 0.0535733 0.1556455 0.1426284 0.0685086 0.0879440 0.0393546 0.0799042 0.1449967 0.0346945 0.0540055 0.1282001 2.8795074 0.1470202 0.0542521 0.1123654 0.1746195 0.0746180 0.0688485 0.0487916 0.1063896 0.0927003 0.0799498 0.0398003 0.0738263 0.0729776 0.0534685 0.1138024 0.0736610 0.0592899 0.1525687 0.0746897 0.0539443 0.1198313 0.0795040 0.1484037 0.0399073 0.0852300 0.0740735 0.0795377 0.0539364 0.1272621 0.0534685 0.1429857 0.0637663 0.0752559 0.0931047 0.0686144 0.1369298 0.1182211 0.0586369 0.1171080 0.0491427 0.0745758 0.0743385 0.0739583 
S0294         0.0000010 0.9529115 0.9529115 0.9529115 0.9529115 0.9529115 0.9529115 0.9529115 0.0000000 0.9529115 0.9529115 0.9529115 0.9529115 0.9529115 0.9529115 0.9529115 0.9529115 0.9529115 0.9529115 0.9529115 0.9529115 0.9529115 0.9529115 0.9529115 0.9529115 0.9529115 0.9529115 0.0000010 0.9529115 0.0000010 0.9529115 0.9529115 0.9529115 0.9529115 9.0000000 9.0000000 0.9529115 0.9529115 0.9529115 0.9529115 0.9529115 0.9529115 0.9529115 0.9529115 0.9529115 0.9529115 0.9529115 0.9529115 0.9529115 0.9529115 0.0000026 0.9529115 0.9529115 0.9529115 0.0000010 0.9529115 0.9529115 0.9529115 0.9529115 0.9529115 9.0000000 0.9529115 0.9529115 0.9529115 0.9529115 6.0019766 0.9529115 0.9529115 0.9529115 0.9529115 0.9529115 0.9529115 0.0000010 0.9529115 0.9529115 0.0000010 0.9529115 0.9529115 0.9529115 0.9529115 0.9529115 0.9529115 0.9529115 0.9529115 0.9529115 0.9529115 0.9529115 2.5646286 0.9529115 0.9529115 0.9529115 0.9529115 0.9529115 0.0000010 0.9529115 0.9529115 0.9529115 0.9529115 0.9529115 0.9529115 0.9529115 0.9529115 0.9529115 0.9529115 0.9529115 0.9529115 0.9529115 0.9529115 0.9529115 0.9529115 0.9529115 0.9529115 0.9529115 0.9529115 0.9529115 0.9529115 
S0299         0.3067815 0.1236557 0.1356265 0.1340261 0.1072796 0.0589537 0.0956754 0.1353727 0.9529115 0.0000000 0.1298141 0.0975585 0.1164423 0.1110066 0.1312720 0.1007219 0.0970717 0.0493111 0.1233506 0.0593986 0.1184497 0.0860737 0.1391662 0.0995740 0.1284342 0.0405999 0.1129047 0.9529115 0.0494725 0.0498664 0.0799488 0.0946512 0.0951517 0.0947440 0.1039485 0.1566888 0.0989243 0.1068293 0.0863579 0.1162001 0.0953047 0.0947452 0.1363224 0.0961451 0.0537223 0.1419669 0.0189526 0.0741597 0.1006690 0.1693528 0.1284738 0.1375644 0.1329376 0.1257836 0.2475879 0.0983162 0.1084316 0.1008771 0.1131245 0.1187323 0.1645715 0.0991736 0.1820177 0.1556080 0.0834946 0.1177272 0.0894347 0.1001308 0.1582446 0.1059171 0.0902928 0.0494545 1.0604969 0.0781747 0.0908073 0.0186852 0.0641938 0.1134925 0.1000974 0.1064484 0.1347481 0.1381661 0.1016892 0.0803086 0.1118292 0.1041613 0.0894347 0.0174539 0.0947747 0.0801452 0.0692348 0.1192177 0.1048593 0.0247672 0.1192187 0.0645436 0.1078207 0.1257836 0.0896631 0.1058702 0.1010050 0.0352055 0.0897551 0.0548381 0.1120576 0.1126367 0.1273882 0.0894527 0.0493372 0.1303605 0.0786275 0.1407364 0.0999323 0.1065207 0.0847754 0.1110994 
S0308         1.0571880 0.0740374 0.0704969 0.0736323 0.0403437 0.1400657 0.0643897 0.0795022 0.9529115 0.1298141 0.0000000 0.0458218 0.0790700 0.0444185 0.1083840 0.0587316 0.0499420 0.1295389 0.0903431 0.1252418 0.0912434 0.0311183 0.1042154 0.1005648 0.0639738 0.1146082 0.0798105 0.9529115 0.1704754 0.1422828 0.1557475 0.0638974 0.0635227 0.0590559 0.0458580 0.1401365 0.0742485 0.0599682 0.0499886 0.0592880 0.0538714 0.0496970 0.1133139 0.0502364 0.1479937 0.0757873 0.0667689 0.0590160 0.0492385 0.1324891 0.1107470 0.1030471 0.0919187 0.0817281 0.1718624 0.0716222 0.0527409 0.0568551 0.0856783 0.0961914 0.1278937 0.0445159 0.1269426 0.1198634 0.0636684 0.0599992 0.0395827 0.0642121 0.1165506 0.0682146 0.0589694 0.1227542 2.8795074 0.1479403 0.0448136 0.1009018 0.1686244 0.0501820 0.0543619 0.0588706 0.0698493 0.0928908 0.0749265 0.0594432 0.0639426 0.0634286 0.0395827 0.1083860 0.0687631 0.0596545 0.1468696 0.0699678 0.0494037 0.1203738 0.0759597 0.1493398 0.0645744 0.0817281 0.0594050 0.0845977 0.0538021 0.1218592 0.0583776 0.1357433 0.0688654 0.0651865 0.0775228 0.0588423 0.1377922 0.0966101 0.0538940 0.1011507 0.0448345 0.0696143 0.0693930 0.0642753 
S0322         0.6172395 0.0555523 0.0502300 0.0650660 0.0176647 0.1092522 0.0313194 0.0657072 0.9529115 0.0975585 0.0458218 0.0000000 0.0357085 0.0218856 0.0824045 0.0359358 0.0318021 0.0869077 0.0662229 0.0824703 0.0771281 0.0043077 0.0845140 0.0753316 0.0451593 0.0840487 0.0457821 0.9529115 0.1162546 0.1020918 0.0987422 0.0310444 0.0406062 0.0264823 0.0134294 0.1240495 0.0452886 0.0131257 0.0271016 0.0309322 0.0312445 0.0265650 0.0884343 0.0268513 0.1151770 0.0663134 0.0350627 0.0264653 0.0267016 0.1011877 0.0907751 0.0835592 0.0673793 0.0462418 0.1666188 0.0569787 0.0385466 0.0280891 0.0616829 0.0719242 0.1116098 0.0218173 0.1165585 0.0946108 0.0401220 0.0502140 0.0264653 0.0362078 0.1061924 0.0404424 0.0360790 0.0925911 2.8795074 0.0922010 0.0087023 0.0614013 0.1302149 0.0269300 0.0085973 0.0407845 0.0606272 0.0569921 0.0409480 0.0316179 0.0553176 0.0307618 0.0264653 0.0723746 0.0356349 0.0267411 0.1156248 0.0561701 0.0264112 0.0850696 0.0411017 0.0930706 0.0412786 0.0462418 0.0312138 0.0502294 0.0312301 0.0915769 0.0357214 0.1051812 0.0503482 0.0458907 0.0472578 0.0309793 0.0928628 0.0774123 0.0218202 0.0705178 0.0219696 0.0360641 0.0460063 0.0405021 
S0335         0.6172395 0.0679715 0.0891702 0.0832720 0.0590818 0.1336726 0.0537164 0.0792436 0.9529115 0.1164423 0.0790700 0.0357085 0.0000000 0.0630344 0.1075544 0.0536879 0.0497678 0.1107473 0.0847319 0.1064669 0.0959241 0.0401335 0.1147621 0.0836062 0.0882540 0.1084857 0.0844045 0.9529115 0.1490975 0.1279085 0.1353540 0.0485927 0.0584122 0.0439694 0.0553040 0.1694150 0.0679373 0.0540256 0.0449975 0.0628761 0.0489053 0.0533955 0.1238161 0.0492475 0.1397741 0.0901134 0.0604059 0.0439408 0.0536629 0.1434151 0.1161442 0.1134735 0.0966291 0.0747985 0.2064065 0.0655736 0.0622454 0.0564477 0.0957269 0.1063862 0.1503507 0.0482367 0.1553447 0.1305438 0.0577216 0.0747967 0.0439408 0.0588558 0.1447144 0.0581821 0.0539025 0.1166414 2.8795074 0.1281243 0.0445771 0.0935065 0.1616090 0.0643672 0.0486513 0.0586636 0.0840737 0.0805373 0.0588926 0.0494912 0.0734290 0.0527619 0.0439408 0.0962835 0.0532398 0.0443992 0.1286634 0.0745464 0.0434112 0.1062486 0.0692622 0.1293140 0.0593703 0.0747985 0.0535316 0.0681977 0.0538338 0.1102903 0.0533675 0.1368365 0.0683625 0.0639729 0.0707286 0.0389380 0.1182974 0.1068502 0.0391324 0.0738761 0.0485774 0.0538786 0.0594288 0.0582608 
S0355         0.6172395 0.0630792 0.0689405 0.0723652 0.0041838 0.1157592 0.0490563 0.0730557 0.9529115 0.1110066 0.0444185 0.0218856 0.0630344 0.0000000 0.1009139 0.0437570 0.0398154 0.1057008 0.0736124 0.1014006 0.0843509 0.0042257 0.1022675 0.0885673 0.0574239 0.0912529 0.0534842 0.9529115 0.1413495 0.1365164 0.1300387 0.0486200 0.0483380 0.0439948 0.0173186 0.1250711 0.0679711 0.0350505 0.0351967 0.0534555 0.0391375 0.0441350 0.1112109 0.0446042 0.1229549 0.0694749 0.0492989 0.0439662 0.0346887 0.1299468 0.1086472 0.1011419 0.0748600 0.0699420 0.1731016 0.0756510 0.0471550 0.0412414 0.0841412 0.0944475 0.1186567 0.0391505 0.1177983 0.1176062 0.0577521 0.0592445 0.0343898 0.0493955 0.1077571 0.0528525 0.0439268 0.0994532 2.8795074 0.1229149 0.0213028 0.0759179 0.1480639 0.0349751 0.0301389 0.0485433 0.0638662 0.0756472 0.0589240 0.0442719 0.0628190 0.0436167 0.0343898 0.0854951 0.0532688 0.0444250 0.1220274 0.0637581 0.0438802 0.0994265 0.0644791 0.1240575 0.0491157 0.0699420 0.0442498 0.0682318 0.0393135 0.1037205 0.0435015 0.1128274 0.0627748 0.0640061 0.0658808 0.0485209 0.1183393 0.0948519 0.0391556 0.0940087 0.0394241 0.0539081 0.0537405 0.0582917 
S0376         0.6172395 0.1080943 0.1379328 0.1235408 0.0970982 0.1299353 0.0854206 0.1137902 0.9529115 0.1312720 0.1083840 0.0824045 0.1075544 0.1009139 0.0000000 0.0907359 0.0869880 0.1423882 0.0903409 0.1262235 0.0596960 0.0768328 0.1170100 0.1009025 0.1180282 0.1218417 0.1030156 0.9529115 0.1465190 0.1529930 0.1544445 0.0805105 0.0905620 0.0962986 0.0936328 0.1846361 0.0592350 0.0978628 0.0817402 0.0898631 0.0854068 0.0862173 0.1208905 0.0871889 0.1491695 0.1337070 0.0670134 0.0805661 0.0804321 0.1340549 0.1171638 0.1156733 0.1395991 0.1224720 0.2331727 0.1118343 0.1042342 0.1013371 0.0975496 0.1084175 0.1653978 0.0801745 0.1634916 0.1271610 0.0750240 0.1146505 0.0696955 0.0981437 0.1653375 0.0905306 0.0911315 0.1241913 2.8795074 0.1484374 0.0809009 0.1017587 0.1522455 0.1031670 0.0912441 0.0963525 0.1321555 0.1234732 0.0927002 0.0654500 0.0969660 0.0953998 0.0796819 0.1096459 0.0909422 0.0814803 0.1311906 0.1145391 0.0856776 0.1486009 0.1158642 0.1361314 0.0975893 0.1224720 0.0851524 0.0969755 0.0909914 0.1124191 0.0848842 0.1631438 0.0914297 0.0875393 0.1126969 0.0909161 0.1263732 0.1088984 0.0801851 0.1312253 0.0807857 0.0860661 0.0493037 0.1022145 
S0400         0.6172395 0.0537241 0.0691255 0.0344452 0.0350997 0.1105378 0.0445033 0.0347657 0.9529115 0.1007219 0.0587316 0.0359358 0.0536879 0.0437570 0.0907359 0.0000000 0.0171478 0.1005302 0.0640046 0.0962110 0.0745036 0.0263111 0.1025334 0.0686334 0.0676915 0.0861206 0.0637603 0.9529115 0.1379984 0.1072172 0.1183745 0.0395285 0.0125565 0.0440962 0.0358027 0.1317750 0.0585383 0.0351308 0.0172710 0.0535806 0.0041418 0.0442371 0.1114987 0.0447084 0.1227918 0.0696448 0.0496478 0.0349498 0.0347672 0.1302964 0.1089341 0.1014018 0.0648561 0.0642998 0.1758819 0.0657701 0.0523195 0.0413402 0.0843501 0.0946851 0.1199178 0.0392395 0.1190416 0.1179156 0.0485599 0.0647585 0.0256283 0.0495119 0.1088898 0.0167812 0.0258728 0.0943684 2.8795074 0.1115223 0.0259907 0.0764806 0.1424607 0.0446606 0.0395742 0.0212646 0.0740680 0.0706502 0.0495444 0.0127173 0.0535045 0.0437164 0.0256283 0.0804354 0.0441104 0.0305834 0.1167247 0.0447036 0.0439810 0.0932858 0.0589814 0.1125558 0.0127504 0.0642998 0.0443524 0.0587621 0.0258450 0.0937063 0.0256283 0.1074408 0.0440219 0.0545122 0.0609367 0.0394475 0.1018371 0.0950915 0.0302610 0.0840843 0.0349017 0.0446370 0.0444981 0.0490131 
S0405         0.6172395 0.0498010 0.0599502 0.0348676 0.0357144 0.1069938 0.0405029 0.0447285 0.9529115 0.0970717 0.0499420 0.0318021 0.0497678 0.0398154 0.0869880 0.0171478 0.0000000 0.0968865 0.0601158 0.0924955 0.0706619 0.0221694 0.0868191 0.0698341 0.0589590 0.0823074 0.0547085 0.9529115 0.1345695 0.1189101 0.1144274 0.0355265 0.0215263 0.0353060 0.0316815 0.1342559 0.0497781 0.0310814 0.0175633 0.0496670 0.0127817 0.0402571 0.1079350 0.0357974 0.1188953 0.0597281 0.0452419 0.0309188 0.0307550 0.1268376 0.0929278 0.0858689 0.0606538 0.0551786 0.1787478 0.0563233 0.0323119 0.0270994 0.0805953 0.0910111 0.1221535 0.0352634 0.1212461 0.1143749 0.0446362 0.0434697 0.0215876 0.0455223 0.1109116 0.0258917 0.0263082 0.0907034 2.8795074 0.1075864 0.0218962 0.0722930 0.1390981 0.0310889 0.0355672 0.0126829 0.0592036 0.0613104 0.0455533 0.0217293 0.0495955 0.0397786 0.0127404 0.0765982 0.0401412 0.0265040 0.1071628 0.0406677 0.0400216 0.0947791 0.0499608 0.1085936 0.0218674 0.0551786 0.0403645 0.0548589 0.0262794 0.0900601 0.0260554 0.1032480 0.0447714 0.0505410 0.0515175 0.0354524 0.0978230 0.0914067 0.0262217 0.0751427 0.0307231 0.0406258 0.0404977 0.0402967 
S0407sl       0.3067815 0.1233995 0.1240436 0.1227494 0.1019370 0.0590637 0.0902110 0.1350815 0.9529115 0.0493111 0.1295389 0.0869077 0.1107473 0.1057008 0.1423882 0.1005302 0.0968865 0.0000000 0.1230959 0.0546180 0.1296897 0.0809580 0.1499902 0.1103329 0.1120963 0.0409231 0.1187525 0.9529115 0.0706706 0.0407791 0.0758007 0.0892512 0.0949746 0.0893385 0.0985444 0.1781324 0.1041370 0.0961352 0.0861996 0.1105180 0.0951269 0.0893379 0.1469166 0.0906508 0.0593827 0.1422786 0.0340537 0.0690163 0.1004775 0.1805405 0.1392388 0.1482628 0.1326477 0.1198200 0.2476205 0.1037481 0.1141445 0.1008613 0.1233891 0.1290716 0.1700966 0.0937525 0.1882264 0.1665547 0.0782781 0.1299693 0.0892725 0.1066070 0.1642715 0.1053491 0.0955126 0.0495488 1.0604969 0.0854345 0.0856512 0.0337792 0.0864575 0.0973680 0.0896593 0.1062411 0.1350449 0.1150450 0.0961182 0.0903935 0.1116074 0.0986911 0.0892725 0.0267084 0.0893676 0.0748699 0.0693619 0.1247945 0.0993463 0.0255610 0.1133765 0.0705252 0.1076073 0.1198200 0.0843146 0.1112233 0.1008121 0.0394766 0.0895916 0.0556028 0.1170986 0.1069200 0.1155689 0.0942831 0.0704985 0.1408693 0.0734625 0.1346625 0.0944640 0.1009110 0.0952003 0.1054707 
S0412sl       0.6172395 0.0799224 0.1130348 0.0945742 0.0597413 0.1277387 0.0749193 0.0955030 0.9529115 0.1233506 0.0903431 0.0662229 0.0847319 0.0736124 0.0903409 0.0640046 0.0601158 0.1230959 0.0000000 0.1188035 0.0741907 0.0553722 0.1141113 0.0784160 0.0997040 0.1083215 0.0958822 0.9529115 0.1368459 0.1606737 0.1573492 0.0593149 0.0688729 0.0742024 0.0659702 0.1843175 0.0487443 0.0753687 0.0551949 0.0742409 0.0590563 0.0744599 0.1118592 0.0752794 0.1411885 0.1022638 0.0607297 0.0643160 0.0639732 0.1307281 0.1207767 0.1128364 0.1087181 0.1033877 0.2098615 0.0990325 0.0797825 0.0673336 0.0951983 0.1057975 0.1709046 0.0687570 0.1696099 0.1298068 0.0738186 0.0941624 0.0538684 0.0805294 0.1587236 0.0736298 0.0642678 0.1164690 2.8795074 0.1427942 0.0546638 0.0999016 0.1676171 0.0751984 0.0693766 0.0691730 0.1017262 0.0982120 0.0702228 0.0594208 0.0795774 0.0735330 0.0538684 0.1024332 0.0742268 0.0599892 0.1401197 0.0857403 0.0740064 0.1117468 0.0972240 0.1564389 0.0645506 0.1033877 0.0746454 0.0850889 0.0641808 0.1156293 0.0636146 0.1366307 0.0843698 0.0755741 0.0879850 0.0691388 0.1268184 0.1062567 0.0590801 0.1009674 0.0692660 0.0751555 0.0538359 0.0796836 
S0417         0.3067815 0.1022643 0.1197231 0.1180251 0.0975676 0.0498747 0.0858651 0.1308067 0.9529115 0.0593986 0.1252418 0.0824703 0.1064669 0.1014006 0.1262235 0.0962110 0.0924955 0.0546180 0.1188035 0.0000000 0.1086774 0.0765459 0.1398360 0.1060646 0.1123998 0.0414247 0.1144121 0.9529115 0.0601848 0.0589698 0.0766336 0.0852492 0.0906566 0.0850294 0.0885871 0.1672871 0.0892550 0.0917730 0.0817903 0.1062438 0.0908030 0.0956691 0.1426712 0.0862865 0.0501450 0.1434917 0.0242548 0.0646888 0.0909382 0.1763648 0.1290743 0.1382166 0.1282727 0.1154508 0.2426112 0.0829496 0.1084738 0.1067779 0.1190837 0.1247804 0.1593941 0.0894823 0.1774297 0.1623426 0.0739950 0.1240200 0.0849666 0.1022755 0.1468156 0.1010576 0.0853381 0.0306187 0.6707925 0.0760972 0.0812712 0.0337486 0.0654802 0.1036788 0.0853367 0.1019217 0.1361678 0.1276542 0.0917579 0.0755148 0.0963205 0.0893280 0.0849666 0.0269753 0.0850575 0.0704992 0.0495503 0.1140071 0.0950689 0.0589271 0.1090174 0.0610153 0.1026781 0.1154508 0.0799929 0.0842707 0.0964835 0.0447588 0.0852714 0.0663931 0.1128034 0.1025772 0.1057814 0.0899920 0.0712649 0.1366069 0.0691671 0.1303985 0.0901645 0.0965780 0.0802861 0.1011769 
S0427         0.6172395 0.0860377 0.1137754 0.1060004 0.0804539 0.1285779 0.0805886 0.0906903 0.9529115 0.1184497 0.0912434 0.0771281 0.0959241 0.0843509 0.0596960 0.0745036 0.0706619 0.1296897 0.0741907 0.1086774 0.0000000 0.0658121 0.1031153 0.0783188 0.1006980 0.1090653 0.0860723 0.9529115 0.1455345 0.1506270 0.1565150 0.0697037 0.0795057 0.0746567 0.0713573 0.1659873 0.0491936 0.0863953 0.0605498 0.0749617 0.0693990 0.0649723 0.1070140 0.0656900 0.1362076 0.1206253 0.0442022 0.0697474 0.0744666 0.1236840 0.1092022 0.1019713 0.1209186 0.0988369 0.2110237 0.0996841 0.0917386 0.0838978 0.0848125 0.0952077 0.1592685 0.0594247 0.1523403 0.1185860 0.0745313 0.1011921 0.0447591 0.0866473 0.1472463 0.0843722 0.0748177 0.1116373 2.8795074 0.1498876 0.0649548 0.0946475 0.1445153 0.0861977 0.0800959 0.0798554 0.1192471 0.1109916 0.0813630 0.0597786 0.0754743 0.0842554 0.0639948 0.0975613 0.0798348 0.0705226 0.1351694 0.0970828 0.0645777 0.1269362 0.0927060 0.1379423 0.0808571 0.0988369 0.0742736 0.0856219 0.0747108 0.1108317 0.0689796 0.1435894 0.0851987 0.0763211 0.1004525 0.0798147 0.1276008 0.0956185 0.0694248 0.1188233 0.0598629 0.0861471 0.0349752 0.0907314 
S0430         0.6172395 0.0451722 0.0452078 0.0544227 0.0000026 0.0968322 0.0264925 0.0549500 0.9529115 0.0860737 0.0311183 0.0043077 0.0401335 0.0042257 0.0768328 0.0263111 0.0221694 0.0809580 0.0553722 0.0765459 0.0658121 0.0000000 0.0778430 0.0646402 0.0352698 0.0722819 0.0357458 0.9529115 0.1151265 0.0998175 0.1041355 0.0262629 0.0308301 0.0217816 0.0043371 0.1047331 0.0448861 0.0086369 0.0176313 0.0308781 0.0217882 0.0218484 0.0817614 0.0220814 0.1030632 0.0507863 0.0294919 0.0217680 0.0173782 0.0994572 0.0838799 0.0769809 0.0563178 0.0461941 0.1496238 0.0515154 0.0329928 0.0229666 0.0557580 0.0657328 0.0932226 0.0172287 0.0978434 0.0877176 0.0351994 0.0391754 0.0172287 0.0312633 0.0878592 0.0307694 0.0264119 0.0807852 2.8795074 0.0974804 0.0000024 0.0555370 0.1225495 0.0175255 0.0042436 0.0309635 0.0454661 0.0515323 0.0359164 0.0220882 0.0449865 0.0260265 0.0172287 0.0663498 0.0307737 0.0219915 0.1028973 0.0456658 0.0217236 0.0776468 0.0410602 0.0983991 0.0313295 0.0461941 0.0264050 0.0450580 0.0262480 0.0800700 0.0261571 0.0927570 0.0402841 0.0407497 0.0419519 0.0262081 0.0928607 0.0710556 0.0172310 0.0698726 0.0173472 0.0311402 0.0359145 0.0355293 
S0552sl       0.6172395 0.1100850 0.1283941 0.1306367 0.0984105 0.1535097 0.1094247 0.1265492 0.9529115 0.1391662 0.1042154 0.0845140 0.1147621 0.1022675 0.1170100 0.1025334 0.0868191 0.1499902 0.1141113 0.1398360 0.1031153 0.0778430 0.0000000 0.1129990 0.1083094 0.1153717 0.1270846 0.9529115 0.1804413 0.1662248 0.1728074 0.0919774 0.0968490 0.0915356 0.0949140 0.2108761 0.0964134 0.0991971 0.0934227 0.0980114 0.0970074 0.0873580 0.0446786 0.0770577 0.1696543 0.1356656 0.0853940 0.0975130 0.0865247 0.0599494 0.0085657 0.0000010 0.1348618 0.1242394 0.2557085 0.1225114 0.0878276 0.0852605 0.0262124 0.0305610 0.1834625 0.0812129 0.1948510 0.0399203 0.0970707 0.0907298 0.0807070 0.1157798 0.1971716 0.1022962 0.1029936 0.1355842 2.8795074 0.1788718 0.0871683 0.1157837 0.1769117 0.0864440 0.0924587 0.0907952 0.1340684 0.1314140 0.1158366 0.0870960 0.0983763 0.0966648 0.0856774 0.1348251 0.1083561 0.0930967 0.1606397 0.1143622 0.0868029 0.1430813 0.1175082 0.1660131 0.0987354 0.1242394 0.1027129 0.1205610 0.1028264 0.1234992 0.1018680 0.1713766 0.1033329 0.0994828 0.1136187 0.0870837 0.1552083 0.0306848 0.0916001 0.1331105 0.0818407 0.1097914 0.1025911 0.0914964 
S0558         0.4405029 0.0846951 0.1005335 0.0993913 0.0847344 0.1327781 0.0838966 0.1003656 0.9529115 0.0995740 0.1005648 0.0753316 0.0836062 0.0885673 0.1009025 0.0686334 0.0698341 0.1103329 0.0784160 0.1060646 0.0783188 0.0646402 0.1129990 0.0000000 0.1049219 0.1077357 0.1117514 0.9529115 0.1305465 0.0963198 0.1289688 0.0681338 0.0735262 0.0732246 0.0811915 0.1899187 0.0669796 0.0843972 0.0548852 0.0935218 0.0636511 0.0782539 0.1061300 0.0742746 0.1158569 0.0958100 0.0492428 0.0632528 0.0787070 0.1299231 0.1257743 0.1117486 0.0970190 0.1019710 0.2302134 0.0976631 0.0899851 0.0883364 0.0791173 0.0842503 0.1705488 0.0775755 0.1750731 0.1175882 0.0725988 0.0983545 0.0682147 0.0846393 0.1641677 0.0734975 0.0589967 0.1107348 2.8795074 0.1171394 0.0692318 0.0928905 0.1547247 0.0904943 0.0782725 0.0738457 0.1002942 0.1135595 0.0896296 0.0642568 0.0843287 0.0823521 0.0682147 0.0854075 0.0831251 0.0739735 0.1393857 0.0800426 0.0828820 0.1058852 0.0959028 0.1230380 0.0747561 0.1019710 0.0736566 0.0941059 0.0688218 0.1048701 0.0682147 0.1188038 0.0739444 0.0793914 0.1032244 0.0682302 0.1073959 0.0948426 0.0581108 0.0950066 0.0730687 0.0841600 0.0681726 0.0886464 
S0616         0.4567148 0.0832086 0.0793924 0.0779522 0.0534944 0.1385746 0.0687064 0.0887336 0.9529115 0.1284342 0.0639738 0.0451593 0.0882540 0.0574239 0.1180282 0.0676915 0.0589590 0.1120963 0.0997040 0.1123998 0.1006980 0.0352698 0.1083094 0.1049219 0.0000000 0.1025986 0.0781545 0.9529115 0.1602457 0.1171911 0.1485030 0.0729365 0.0725131 0.0537489 0.0403167 0.1605822 0.0834189 0.0492770 0.0590187 0.0683318 0.0627829 0.0586715 0.1121216 0.0450233 0.1529600 0.1012050 0.0710996 0.0680152 0.0581317 0.1310517 0.1148479 0.1071057 0.0806716 0.0808860 0.1920175 0.0921105 0.0732170 0.0662482 0.0798940 0.0849191 0.1535384 0.0533646 0.1524116 0.1185849 0.0726771 0.0760326 0.0483342 0.0841269 0.1419785 0.0772169 0.0679669 0.1163043 2.8795074 0.1409181 0.0348380 0.0990747 0.1549241 0.0352271 0.0440118 0.0582952 0.1000843 0.0919196 0.0791470 0.0685093 0.0780087 0.0771155 0.0483342 0.1020979 0.0778337 0.0687519 0.1452876 0.0791933 0.0583249 0.0998447 0.0751863 0.1422396 0.0639319 0.0808860 0.0733484 0.0938630 0.0678750 0.1205912 0.0672841 0.1364185 0.0779514 0.0795092 0.0870759 0.0727884 0.1362979 0.1061136 0.0628070 0.1001086 0.0537471 0.0787947 0.0785459 0.0540754 
S0624         0.5148396 0.1030170 0.1274905 0.1189027 0.0873324 0.0261436 0.0874793 0.1201075 0.9529115 0.0405999 0.1146082 0.0840487 0.1084857 0.0912529 0.1218417 0.0861206 0.0823074 0.0409231 0.1083215 0.0414247 0.1090653 0.0722819 0.1153717 0.1077357 0.1025986 0.0000000 0.0983526 0.9529115 0.0613529 0.0523033 0.0772885 0.0868403 0.0806730 0.0864558 0.0837187 0.1365391 0.0963221 0.0935166 0.0714376 0.1082552 0.0808031 0.0866116 0.1191228 0.0877552 0.0559516 0.1402971 0.0242558 0.0658750 0.0856060 0.1508748 0.1049985 0.1140684 0.1228174 0.1231614 0.2138670 0.0897825 0.1101913 0.0902191 0.0960716 0.1072660 0.1423966 0.0911413 0.1537959 0.1312596 0.0753492 0.1207654 0.0751153 0.0979959 0.1298392 0.0963348 0.0811311 0.0309593 0.6707925 0.0767426 0.0713175 0.0240604 0.0454254 0.0878189 0.0869315 0.0813271 0.1329215 0.1242030 0.0935005 0.0760808 0.0916107 0.0961922 0.0751153 0.0179548 0.0866418 0.0718121 0.0308963 0.1098277 0.0968465 0.0256581 0.1164936 0.0666944 0.0823665 0.1231614 0.0763456 0.1033744 0.0863649 0.0261564 0.0753843 0.0464679 0.1080038 0.1045418 0.1076822 0.0916693 0.0666529 0.1133566 0.0704310 0.1384294 0.0918489 0.0984104 0.0756409 0.0924336 
S0641         0.6172395 0.0844730 0.0853172 0.0837503 0.0494819 0.1177345 0.0695337 0.0951317 0.9529115 0.1129047 0.0798105 0.0457821 0.0844045 0.0534842 0.1030156 0.0637603 0.0547085 0.1187525 0.0958822 0.1144121 0.0860723 0.0357458 0.1270846 0.1117514 0.0781545 0.0983526 0.0000000 0.9529115 0.1438560 0.0968122 0.1443415 0.0690162 0.0686100 0.0542875 0.0456097 0.1447205 0.0693169 0.0547273 0.0549813 0.0742165 0.0588314 0.0544675 0.1362026 0.0550595 0.1309611 0.0967567 0.0502615 0.0640695 0.0541489 0.1565786 0.1340970 0.1256363 0.0867082 0.0816001 0.1838922 0.0876492 0.0633951 0.0567261 0.1072202 0.1181844 0.1378711 0.0588473 0.1368528 0.1302451 0.0786200 0.0766872 0.0536648 0.0701564 0.1264599 0.0733491 0.0640215 0.1121538 2.8795074 0.1309165 0.0398855 0.0829862 0.1390640 0.0449529 0.0492750 0.0689079 0.0904978 0.0825415 0.0643750 0.0546404 0.0841085 0.0682579 0.0441834 0.0809088 0.0688965 0.0597680 0.1127661 0.0792782 0.0639449 0.1067510 0.0758410 0.1262279 0.0697535 0.0816001 0.0692829 0.0795626 0.0639352 0.1054570 0.0633732 0.1322300 0.0840451 0.0857525 0.0832029 0.0688740 0.1204015 0.1187069 0.0588551 0.1175841 0.0592770 0.0642324 0.0547955 0.0793759 
S0643         0.0000010 0.9529115 0.9529115 0.9529115 0.9529115 0.9529115 0.9529115 0.9529115 0.0000010 0.9529115 0.9529115 0.9529115 0.9529115 0.9529115 0.9529115 0.9529115 0.9529115 0.9529115 0.9529115 0.9529115 0.9529115 0.9529115 0.9529115 0.9529115 0.9529115 0.9529115 0.9529115 0.0000000 0.9529115 0.0000010 0.9529115 0.9529115 0.9529115 0.9529115 9.0000000 9.0000000 0.9529115 0.9529115 0.9529115 0.9529115 0.9529115 0.9529115 0.9529115 0.9529115 0.9529115 0.9529115 0.9529115 0.9529115 0.9529115 0.9529115 0.0000026 0.9529115 0.9529115 0.9529115 0.0000010 0.9529115 0.9529115 0.9529115 0.9529115 0.9529115 9.0000000 0.9529115 0.9529115 0.9529115 0.9529115 6.0019766 0.9529115 0.9529115 0.9529115 0.9529115 0.9529115 0.9529115 0.0000010 0.9529115 0.9529115 0.0000010 0.9529115 0.9529115 0.9529115 0.9529115 0.9529115 0.9529115 0.9529115 0.9529115 0.9529115 0.9529115 0.9529115 2.5646286 0.9529115 0.9529115 0.9529115 0.9529115 0.9529115 0.0000010 0.9529115 0.9529115 0.9529115 0.9529115 0.9529115 0.9529115 0.9529115 0.9529115 0.9529115 0.9529115 0.9529115 0.9529115 0.9529115 0.9529115 0.9529115 0.9529115 0.9529115 0.9529115 0.9529115 0.9529115 0.9529115 0.9529115 
S0645sl       0.3067815 0.1579107 0.1564950 0.1620131 0.1377998 0.0604121 0.1267098 0.1765331 0.9529115 0.0494725 0.1704754 0.1162546 0.1490975 0.1413495 0.1465190 0.1379984 0.1345695 0.0706706 0.1368459 0.0601848 0.1455345 0.1151265 0.1804413 0.1305465 0.1602457 0.0613529 0.1438560 0.9529115 0.0000000 0.0686071 0.0928613 0.1138153 0.1317793 0.1254142 0.1347928 0.1850606 0.1181842 0.1313542 0.1228044 0.1487760 0.1320018 0.1254295 0.1765517 0.1273662 0.0550677 0.1841714 0.0396407 0.1030207 0.1379175 0.1995316 0.1690423 0.1782668 0.1747811 0.1538469 0.2678283 0.1303806 0.1486163 0.1328848 0.1510568 0.1571973 0.1855166 0.1299867 0.1907036 0.1981124 0.1018023 0.1669419 0.1253114 0.1313055 0.1706824 0.1431471 0.1200045 0.0549729 1.0604969 0.0801734 0.1199983 0.0391237 0.0495854 0.1446328 0.1239203 0.1444001 0.1758353 0.1738487 0.1334281 0.1153565 0.1447910 0.1353231 0.1253114 0.0464326 0.1254544 0.1098682 0.0650401 0.1517219 0.1362903 0.0467995 0.1465935 0.0766179 0.1393086 0.1538469 0.1199336 0.1242385 0.1270045 0.0652617 0.1257872 0.0821834 0.1500906 0.1332695 0.1623300 0.1307662 0.0655800 0.1699931 0.1076717 0.1512682 0.1310398 0.1385537 0.1204198 0.1432931 
S0656sl       0.3067815 0.1382204 0.1506707 0.1384572 0.1287994 0.0503091 0.1070294 0.1299219 0.0000010 0.0498664 0.1422828 0.1020918 0.1279085 0.1365164 0.1529930 0.1072172 0.1189101 0.0407791 0.1606737 0.0589698 0.1506270 0.0998175 0.1662248 0.0963198 0.1171911 0.0523033 0.0968122 0.0000010 0.0686071 0.0000000 0.1079313 0.1277063 0.1072172 0.0966993 0.1116083 0.1500679 0.1360727 0.1291365 0.0907758 0.1388117 0.1072172 0.1060554 0.1622140 0.0976588 0.0500885 0.1388814 0.0173101 0.0972772 0.0877347 0.2109393 0.1542245 0.1644213 0.1095974 0.1433285 0.1475956 0.0605301 0.1154819 0.0915642 0.1507593 0.1491739 0.1495994 0.1161692 0.1489736 0.1723470 0.0771123 0.1154819 0.1063714 0.1423713 0.1635472 0.1072172 0.1070085 0.0497054 1.0604969 0.1174882 0.1059757 0.0256584 0.0879277 0.1081037 0.1168170 0.1189101 0.1263663 0.1322385 0.1305084 0.0970998 0.1171419 0.1059757 0.1059507 0.0239883 0.0963428 0.0981465 0.0772958 0.1272592 0.1161692 0.0500529 0.1433285 0.0779697 0.1072172 0.1433285 0.1056620 0.1176312 0.1168900 0.0325085 0.1063714 0.0603319 0.1077922 0.1187135 0.1360843 0.1377401 0.0887592 0.1597987 0.0960819 0.1360727 0.1063714 0.1294144 0.1065069 0.1275197 
S0673         0.3067815 0.1491313 0.1318275 0.1411784 0.1263950 0.0916298 0.1067588 0.1547665 0.9529115 0.0799488 0.1557475 0.0987422 0.1353540 0.1300387 0.1544445 0.1183745 0.1144274 0.0758007 0.1573492 0.0766336 0.1565150 0.1041355 0.1728074 0.1289688 0.1485030 0.0772885 0.1443415 0.9529115 0.0928613 0.1079313 0.0000000 0.1017483 0.1069485 0.1125400 0.1175788 0.1818052 0.1300381 0.1201198 0.1036449 0.1163620 0.1126978 0.1018530 0.1748887 0.1142529 0.0801354 0.1681646 0.0558522 0.0909372 0.1245242 0.1983991 0.1686725 0.1707479 0.1349914 0.1456681 0.2780396 0.1287194 0.1402324 0.1318544 0.1496773 0.1557515 0.1890003 0.1063569 0.2076232 0.1895354 0.1060264 0.1578198 0.1124512 0.1182109 0.1830323 0.1233450 0.1131679 0.0812739 1.0604969 0.0442719 0.1089807 0.0782916 0.1096571 0.1273586 0.1129560 0.1244050 0.1672046 0.1587824 0.1148333 0.1137994 0.1364360 0.1222326 0.1124512 0.0615304 0.1125763 0.0974093 0.1031441 0.1441307 0.1122402 0.0645109 0.1386497 0.0126229 0.1260517 0.1456681 0.1072345 0.1418727 0.1078539 0.0856634 0.1068492 0.0926104 0.1357831 0.1316010 0.1475900 0.1177353 0.0487009 0.1564662 0.0955071 0.1493547 0.1105674 0.1250843 0.1320262 0.1244368 
S0689         0.6172395 0.0541676 0.0686820 0.0681016 0.0446045 0.1110501 0.0395487 0.0687555 0.9529115 0.0946512 0.0638974 0.0310444 0.0485927 0.0486200 0.0805105 0.0395285 0.0355265 0.0892512 0.0593149 0.0852492 0.0697037 0.0262629 0.0919774 0.0681338 0.0729365 0.0868403 0.0690162 0.9529115 0.1138153 0.1277063 0.1017483 0.0000000 0.0441083 0.0391911 0.0360179 0.1449237 0.0439289 0.0397730 0.0262112 0.0393370 0.0349184 0.0303134 0.1009479 0.0397292 0.1057641 0.0793106 0.0391280 0.0302020 0.0395105 0.1192456 0.0922050 0.0909680 0.0704619 0.0596363 0.1847445 0.0602696 0.0522110 0.0415945 0.0743511 0.0845038 0.1267567 0.0256158 0.1316736 0.1071638 0.0435946 0.0642468 0.0302020 0.0444400 0.1213086 0.0439351 0.0396819 0.0948036 2.9908769 0.0952682 0.0306330 0.0707755 0.1376294 0.0449266 0.0347382 0.0442970 0.0735214 0.0650768 0.0444697 0.0353271 0.0539446 0.0388579 0.0302020 0.0751071 0.0392040 0.0305100 0.1176702 0.0594343 0.0301421 0.1000523 0.0543789 0.1067080 0.0448210 0.0596363 0.0394170 0.0535526 0.0305602 0.0888758 0.0392969 0.1136373 0.0536770 0.0398736 0.0555131 0.0346288 0.0854475 0.0747692 0.0256191 0.0683269 0.0346865 0.0396663 0.0494507 0.0439974 
S0690         0.6172395 0.0584527 0.0740546 0.0389151 0.0443428 0.1048811 0.0445827 0.0392782 0.9529115 0.0951517 0.0635227 0.0406062 0.0584122 0.0483380 0.0905620 0.0125565 0.0215263 0.0949746 0.0688729 0.0906566 0.0795057 0.0308301 0.0968490 0.0735262 0.0725131 0.0806730 0.0686100 0.9529115 0.1317793 0.1072172 0.1069485 0.0441083 0.0000000 0.0487133 0.0404547 0.1315281 0.0633118 0.0396916 0.0216832 0.0582953 0.0083202 0.0488704 0.1057865 0.0493913 0.1169172 0.0746098 0.0495375 0.0394867 0.0392804 0.1242480 0.1031192 0.0957871 0.0697918 0.0691886 0.1755308 0.0707787 0.0573353 0.0461379 0.0790264 0.0892289 0.1196913 0.0437851 0.1188179 0.1014109 0.0532005 0.0700652 0.0300270 0.0542460 0.1086815 0.0210649 0.0303152 0.0889330 2.8795074 0.1168801 0.0304530 0.0707584 0.1362295 0.0493393 0.0441605 0.0256255 0.0790376 0.0756874 0.0542808 0.0170288 0.0582124 0.0482921 0.0300270 0.0750902 0.0487290 0.0305236 0.1109511 0.0493866 0.0485863 0.0869844 0.0637907 0.1012959 0.0170732 0.0691886 0.0489965 0.0635545 0.0302817 0.0883140 0.0300270 0.1017232 0.0486316 0.0593119 0.0659125 0.0440180 0.0961976 0.0896096 0.0347315 0.0891373 0.0394323 0.0493129 0.0491594 0.0536979 
S0720         0.4567148 0.0635773 0.0399015 0.0630499 0.0399553 0.1162953 0.0441192 0.0683365 0.9529115 0.0947440 0.0590559 0.0264823 0.0439694 0.0439948 0.0962986 0.0440962 0.0353060 0.0893385 0.0742024 0.0850294 0.0746567 0.0217816 0.0915356 0.0732246 0.0537489 0.0864558 0.0542875 0.9529115 0.1254142 0.0966993 0.1125400 0.0391911 0.0487133 0.0000000 0.0360033 0.1445839 0.0580282 0.0351875 0.0354726 0.0346875 0.0394396 0.0257763 0.1004716 0.0042121 0.1169427 0.0689474 0.0444518 0.0346532 0.0349566 0.1186764 0.0977027 0.0905352 0.0554110 0.0310988 0.1908821 0.0597602 0.0420533 0.0365679 0.0742084 0.0741014 0.1264487 0.0211784 0.1313597 0.1066547 0.0481440 0.0532073 0.0256824 0.0490801 0.1210099 0.0485222 0.0442685 0.0948967 2.8795074 0.1058364 0.0306198 0.0710027 0.1427756 0.0306817 0.0302538 0.0442848 0.0633864 0.0551896 0.0491121 0.0399046 0.0633131 0.0433456 0.0256824 0.0751817 0.0437327 0.0350084 0.1113834 0.0642665 0.0256313 0.0881175 0.0263351 0.1068138 0.0448089 0.0310988 0.0437526 0.0582482 0.0442153 0.0889625 0.0438366 0.1137514 0.0583850 0.0540328 0.0556025 0.0391111 0.0962281 0.0844643 0.0300067 0.0636969 0.0213217 0.0442505 0.0541644 0.0439853 
