126
PAFTOL_019361 0.0000000 0.3280905 0.2528321 0.2951707 0.3262818 0.2682338 0.3490190 0.3023418 0.2584091 0.2853437 0.3091275 0.3525922 0.3680124 0.2836896 0.3752889 0.2992515 0.2947620 0.3604867 0.2709297 0.2876471 0.2907442 0.2781769 0.3026743 0.2800266 0.2665920 0.3248575 0.3135615 0.3088615 0.2836566 0.2988787 0.3110493 0.3698969 0.3005522 0.3088524 0.3135641 0.3191693 0.3034909 0.2873361 0.2526121 0.3717347 0.2902686 0.3483129 0.2670403 0.2714137 0.3577490 0.2694272 0.2957211 0.2585284 0.2687729 0.2585284 0.2523935 0.3185034 0.2513806 0.3363335 0.2880574 0.3120826 0.2874863 0.2827222 0.3170806 0.2904418 0.3235261 0.2541632 0.2919652 0.2725711 0.3427990 0.2917485 0.2844432 0.2527491 0.2600940 0.2748993 0.2139102 0.2772187 0.2801887 0.3220233 0.2997834 0.2736395 0.2576497 0.2704415 0.3415219 0.2588853 0.3023356 0.2765858 0.2801092 0.3488574 0.3148048 0.2060064 0.2787669 0.3512701 0.3546527 0.2699362 0.3327622 0.2786375 0.2526372 0.2878782 0.2806728 0.3074822 0.2815649 0.3079844 0.2852527 0.2595311 0.2828199 0.2845330 0.3396235 0.2717463 0.2629973 0.2541632 0.2972541 0.2862683 0.2640685 0.2797349 0.2765476 0.3024739 0.2649764 0.3265782 0.2816201 0.2693528 0.2927452 0.2733048 0.2895603 0.2695998 0.2991403 0.2619273 0.2488858 0.2874068 0.2930977 0.2862017 
S0055         0.3280905 0.0000000 0.0838786 0.1358586 0.1641216 0.0670900 0.1128656 0.1331857 0.1059613 0.0631438 0.1318786 0.1373248 0.1549601 0.1096305 0.1439940 0.1367367 0.1237871 0.1282168 0.0804696 0.0707220 0.0628993 0.1031700 0.1317048 0.1131934 0.0929090 0.1025044 0.1159203 0.1379546 0.1224847 0.1222954 0.1219897 0.1314222 0.1420719 0.0841018 0.0896187 0.1389582 0.1072618 0.1118389 0.0983547 0.1306980 0.1374742 0.1174349 0.1834499 0.1321314 0.1271713 0.0707955 0.1349274 0.0838786 0.0671295 0.0838786 0.0841511 0.1439220 0.1195660 0.1422560 0.1330317 0.0975295 0.1012316 0.1165629 0.1639733 0.1219909 0.1390085 0.1077302 0.2114301 0.1078788 0.1426222 0.1071805 0.0957175 0.1811170 0.0884578 0.1937472 0.0875857 0.1101497 0.1200516 0.1363145 0.1034792 0.1359884 0.1749384 0.0626146 0.0990849 0.1058845 0.1051340 0.1292247 0.1169821 0.1130472 0.1313020 0.1530608 0.1083367 0.1266654 0.1144801 0.0713934 0.1172051 0.1151353 0.0924544 0.0707600 0.0711167 0.0267846 0.1405054 0.0848568 0.1039923 0.0970777 0.1173016 0.1078307 0.0986973 0.0927536 0.1031174 0.1077302 0.1175526 0.0631059 0.1016393 0.1018796 0.0794552 0.1207580 0.0582321 0.1268149 0.0707191 0.1069198 0.1086257 0.1293630 0.1179213 0.1070968 0.1020715 0.1445383 0.0795201 0.1158572 0.0930707 0.1020665 
S0196sl       0.2528321 0.0838786 0.0000000 0.1128487 0.0715351 0.0541293 0.0930494 0.1106992 0.0577044 0.0630739 0.1190338 0.1098481 0.1192253 0.0878995 0.1167099 0.1110017 0.0704485 0.1071822 0.0676146 0.0665296 0.0670192 0.0812799 0.1108881 0.0966693 0.0146296 0.0891374 0.0968950 0.1163220 0.0757846 0.1116012 0.0798339 0.1061314 0.1180756 0.0891393 0.0802304 0.1252573 0.0878945 0.0828412 0.0750373 0.1306525 0.0583711 0.0929289 0.1400767 0.1066346 0.1020340 0.0625642 0.0812910 0.0072412 0.0542328 0.0072412 0.0072625 0.0979215 0.0441646 0.1206689 0.1109780 0.0702755 0.0845095 0.0667684 0.1102690 0.0755005 0.1339648 0.0338953 0.1606081 0.0586871 0.0975992 0.0670680 0.0596577 0.1384322 0.0109256 0.1586069 0.0648948 0.0683519 0.0743903 0.0972477 0.1033524 0.0884465 0.1329725 0.0584705 0.0945527 0.0576644 0.0933825 0.0982534 0.0874916 0.0929531 0.1139819 0.0826368 0.0714674 0.1062058 0.0940890 0.0629246 0.0970726 0.0618430 0.0455643 0.0665651 0.0668977 0.0737383 0.0754487 0.0761126 0.0801270 0.0496549 0.0627966 0.0956843 0.0941851 0.0146074 0.0865645 0.0338953 0.0878970 0.0632020 0.0743033 0.0660888 0.0751799 0.1037726 0.0586859 0.1053373 0.0665264 0.0832187 0.0673442 0.0786828 0.0881504 0.0541757 0.0620544 0.0920682 0.0338222 0.0746869 0.0935888 0.0620493 
S0278         0.2951707 0.1358586 0.1128487 0.0000000 0.1928345 0.1142328 0.1503103 0.0652009 0.1178025 0.1205202 0.0559380 0.1677612 0.1915152 0.0560784 0.1875719 0.0920689 0.1178272 0.1730435 0.1005027 0.1239501 0.1250160 0.0545042 0.1329610 0.0614927 0.1183829 0.1300950 0.0977003 0.1075060 0.1344295 0.1351150 0.1437489 0.1711216 0.0522774 0.1405089 0.1310122 0.0558901 0.0660021 0.0974471 0.1183277 0.1871970 0.1677107 0.1554134 0.1944995 0.1553958 0.1613277 0.1048410 0.1474909 0.1128487 0.1094026 0.1128487 0.1132475 0.1647744 0.1436754 0.1714888 0.0889515 0.1280683 0.0493267 0.1174212 0.1519837 0.1396104 0.1533353 0.1299489 0.2358636 0.1228011 0.1690115 0.1242658 0.1276707 0.2167662 0.1180457 0.1992457 0.0727983 0.1157970 0.1331112 0.1606062 0.1579196 0.1504885 0.2092231 0.1099534 0.1649361 0.1260924 0.0435660 0.0846086 0.0835629 0.1555015 0.0676536 0.0967998 0.1455635 0.1606083 0.1576587 0.1147100 0.1558854 0.1325797 0.1078186 0.1240284 0.1247759 0.1187291 0.1288797 0.1310702 0.0996041 0.1128862 0.1243647 0.0449373 0.1641838 0.1228107 0.0370490 0.1299489 0.1030854 0.1208134 0.1276512 0.1231460 0.1293562 0.0399759 0.1053618 0.0933666 0.1290728 0.1225463 0.1359042 0.1384310 0.0933752 0.1181279 0.1280718 0.1324734 0.1137109 0.1286060 0.1193722 0.1230409 
S0281         0.3262818 0.1641216 0.0715351 0.1928345 0.0000000 0.1283157 0.1425411 0.1844284 0.1078138 0.1398338 0.2057705 0.1599488 0.1611041 0.1784386 0.1716160 0.1867028 0.1197352 0.1586887 0.1351669 0.1383984 0.1330152 0.1621810 0.1846341 0.1791418 0.0803872 0.1665484 0.1777222 0.1935906 0.1332124 0.1983473 0.1322648 0.1570236 0.1999509 0.1713271 0.1486742 0.2041714 0.1686199 0.1571500 0.1376607 0.2283816 0.1037773 0.1423374 0.2214813 0.1868958 0.1427624 0.1280468 0.1403355 0.0715351 0.1285679 0.0715351 0.0673291 0.1563200 0.0806963 0.1686131 0.1919408 0.1268347 0.1646851 0.1226144 0.1837880 0.1326637 0.2091818 0.0761537 0.2191099 0.1296674 0.1476839 0.1232299 0.1157408 0.2132768 0.0760113 0.2335735 0.1271043 0.1257457 0.1220036 0.1371901 0.1820363 0.1423489 0.1962722 0.1338078 0.1663394 0.1124781 0.1712773 0.1774372 0.1630014 0.1424061 0.2029332 0.1264415 0.1277627 0.1571238 0.1442705 0.1395056 0.1359465 0.1218593 0.0940372 0.1431237 0.1439857 0.1551320 0.1219183 0.1557936 0.1553905 0.0987541 0.1089401 0.1749044 0.1656142 0.0802532 0.1585333 0.0761537 0.1582175 0.1289898 0.1255465 0.1219328 0.1488780 0.1898896 0.1343739 0.1893441 0.1430474 0.1578489 0.1198392 0.1268561 0.1644112 0.1081306 0.1175279 0.1320967 0.0801668 0.1225195 0.1614104 0.1175237 
S0282         0.2682338 0.0670900 0.0541293 0.1142328 0.1283157 0.0000000 0.0986284 0.1028864 0.0749098 0.0147902 0.1112565 0.1162129 0.1347150 0.0888714 0.1230852 0.1031725 0.0880264 0.1131008 0.0506123 0.0183629 0.0184864 0.0682227 0.1030631 0.0889359 0.0625399 0.0668330 0.0875832 0.0984715 0.0897627 0.1037255 0.1029017 0.1119741 0.1195390 0.0379310 0.0463860 0.1173680 0.0843612 0.0752126 0.0673685 0.0712354 0.1036888 0.0984982 0.1565652 0.0988046 0.1078114 0.0221673 0.0956709 0.0541293 0.0147568 0.0541293 0.0542997 0.0989888 0.0854030 0.1317160 0.1031496 0.0710968 0.0763450 0.0845019 0.1281291 0.0894168 0.0809187 0.0760939 0.1830479 0.0762189 0.1225470 0.0806903 0.0732242 0.1597671 0.0583662 0.1761948 0.0660550 0.0777570 0.0880632 0.1166815 0.0671649 0.1116714 0.1489097 0.0109748 0.0544416 0.0748569 0.0855742 0.0903997 0.0798183 0.0985265 0.1059556 0.1243188 0.0897236 0.1120524 0.0997501 0.0222867 0.1073209 0.0835224 0.0622430 0.0183717 0.0184532 0.0648492 0.1069217 0.0421936 0.0723671 0.0665358 0.0850081 0.0876908 0.0542441 0.0624385 0.0831299 0.0760939 0.0801894 0.0148172 0.0792405 0.0880222 0.0259739 0.0958335 0.0184717 0.0924788 0.0297030 0.0755584 0.0810129 0.0968233 0.0804195 0.0756728 0.0795194 0.1108907 0.0586949 0.0927114 0.0714477 0.0795140 
S0288         0.3490190 0.1128656 0.0930494 0.1503103 0.1425411 0.0986284 0.0000000 0.1413028 0.0961176 0.0899794 0.1448894 0.0317709 0.0570560 0.1226870 0.0350661 0.1400948 0.0987182 0.0147005 0.0988982 0.0934504 0.0931729 0.1118766 0.1456200 0.1211892 0.1023084 0.1135073 0.1080960 0.1413360 0.0927380 0.1516635 0.0496652 0.0296435 0.1561152 0.1272801 0.1171817 0.1518517 0.1206564 0.1109275 0.1115111 0.1700911 0.1268525 0.0147118 0.1882312 0.1364057 0.0259298 0.1027497 0.0988164 0.0930494 0.0890263 0.0930494 0.0933556 0.1124173 0.1089159 0.0795397 0.1365770 0.1098223 0.1097828 0.0925356 0.1144851 0.0923848 0.1487899 0.0979405 0.1883385 0.1077321 0.0709539 0.0839149 0.0761930 0.1607333 0.0977540 0.1826719 0.0880016 0.0903846 0.1054964 0.0663998 0.1430153 0.1199068 0.1594992 0.0936914 0.1182039 0.1005066 0.1179753 0.1281164 0.1160169 0.0036108 0.1451166 0.1101958 0.0380459 0.0183811 0.0036501 0.1032718 0.0580605 0.1095856 0.0829725 0.1023079 0.1028639 0.1124241 0.1198580 0.1225338 0.1025657 0.0874585 0.0973973 0.1158435 0.1177291 0.1021350 0.1107052 0.0979405 0.1118951 0.0893005 0.1008325 0.1097582 0.1117162 0.1293474 0.0889534 0.1348266 0.0979628 0.1111086 0.1029041 0.1136574 0.1169395 0.0836312 0.1009908 0.1139103 0.0794681 0.1193259 0.1181102 0.0967533 
S0289         0.3023418 0.1331857 0.1106992 0.0652009 0.1844284 0.1028864 0.1413028 0.0000000 0.1246888 0.1134314 0.0496101 0.1635823 0.1797816 0.0434495 0.1754576 0.0930238 0.1046459 0.1624169 0.1087322 0.1167179 0.1132179 0.0239261 0.1312815 0.0417565 0.1159042 0.1372378 0.0551841 0.0982207 0.1469680 0.1217813 0.1408020 0.1607220 0.0522241 0.1321249 0.1227878 0.0454995 0.0625332 0.0879441 0.1071006 0.1939170 0.1621728 0.1460743 0.1874338 0.1460568 0.1563828 0.1169506 0.1544180 0.1106992 0.1030859 0.1106992 0.1110685 0.1471134 0.1448131 0.1570083 0.1070801 0.1254803 0.0278093 0.1197952 0.1949590 0.1463564 0.1566949 0.1362871 0.2221382 0.1113804 0.1687769 0.1170693 0.1200834 0.2084346 0.1155920 0.1925943 0.0657648 0.1044781 0.1393740 0.1554585 0.1475956 0.1511923 0.2017375 0.1035735 0.1547198 0.1201556 0.0380228 0.0943399 0.0927017 0.1461467 0.0775488 0.1113958 0.1368549 0.1608228 0.1480499 0.1225085 0.1417148 0.1342158 0.1106530 0.1167869 0.1174444 0.1263432 0.1250454 0.1328236 0.0810236 0.1154841 0.1264324 0.0514657 0.1540597 0.1200844 0.0310680 0.1362871 0.0931372 0.1136884 0.1295338 0.1298321 0.1217525 0.0465166 0.1037117 0.0710106 0.1122496 0.1110839 0.1320599 0.1444714 0.0934112 0.1204804 0.1254839 0.1210606 0.1108042 0.1350831 0.1324181 0.1207298 
S0292         0.2584091 0.1059613 0.0577044 0.1178025 0.1078138 0.0749098 0.0961176 0.1246888 0.0000000 0.0751232 0.1282586 0.1129841 0.1130733 0.1062588 0.1197150 0.1146625 0.0434273 0.1101544 0.0713206 0.0744379 0.0790829 0.0906757 0.1235886 0.1055421 0.0621038 0.0973524 0.1013913 0.1200028 0.0748716 0.1144954 0.0829993 0.1090865 0.1279116 0.1016065 0.1020316 0.1347045 0.0921734 0.0868966 0.0871469 0.1341461 0.0888269 0.0959944 0.1436483 0.1102354 0.1050340 0.0745163 0.0850970 0.0577044 0.0660480 0.0577044 0.0538707 0.1054869 0.0706180 0.1144135 0.1107891 0.0571932 0.0890227 0.0740211 0.1035630 0.0745945 0.1377244 0.0707703 0.1741807 0.0706332 0.1110088 0.0620748 0.0547489 0.1468672 0.0619423 0.1566743 0.0932038 0.0714569 0.0611768 0.0829994 0.1161199 0.0662612 0.1458766 0.0663379 0.1065326 0.0609119 0.1022985 0.0980854 0.0873503 0.0960203 0.1186068 0.1097017 0.0746598 0.1091614 0.0971811 0.0749479 0.0914115 0.0570078 0.0108563 0.0785422 0.0789411 0.0913398 0.0743102 0.0884001 0.0837572 0.0072333 0.0339238 0.0998425 0.1114693 0.0660032 0.0955602 0.0707703 0.0920117 0.0752779 0.0650666 0.0611534 0.0873087 0.1129778 0.0706353 0.1143713 0.0828196 0.0953878 0.0501366 0.0653073 0.0880068 0.0574504 0.0492481 0.0616504 0.0453872 0.0614158 0.0972824 0.0492436 
S0293         0.2853437 0.0631438 0.0630739 0.1205202 0.1398338 0.0147902 0.0899794 0.1134314 0.0751232 0.0000000 0.1170996 0.1115271 0.1256752 0.0945355 0.1184629 0.1034696 0.0826752 0.1042100 0.0507590 0.0184151 0.0185393 0.0833644 0.1033597 0.0943437 0.0717501 0.0714343 0.0721808 0.0987552 0.0900227 0.1040259 0.0942194 0.1031772 0.1259630 0.0380398 0.0465202 0.1234114 0.0896682 0.0803093 0.0675633 0.0714520 0.1143354 0.0898619 0.1570094 0.0990900 0.0990342 0.0222304 0.1011043 0.0630739 0.0147991 0.0630739 0.0632762 0.0992877 0.0959843 0.1226055 0.1088821 0.0671400 0.0818282 0.0847448 0.1229315 0.0896749 0.0811536 0.0858148 0.1835634 0.0764395 0.1228999 0.0764476 0.0689201 0.1602147 0.0674531 0.1662608 0.0599172 0.0779862 0.0883137 0.1078243 0.0546498 0.1119904 0.1493275 0.0110062 0.0545985 0.0750700 0.0909757 0.0959196 0.0850247 0.0898845 0.1115000 0.1096014 0.0811874 0.1032510 0.0909949 0.0223505 0.0985911 0.0837598 0.0624207 0.0184240 0.0185060 0.0656065 0.1072272 0.0303325 0.0725780 0.0667260 0.0852538 0.0932612 0.0543999 0.0716315 0.0886035 0.0858148 0.0854258 0.0148598 0.0794662 0.0882725 0.0260478 0.1015137 0.0185245 0.0979069 0.0297872 0.0757753 0.0812482 0.0970978 0.0856761 0.0758905 0.0755344 0.1112052 0.0588642 0.0929755 0.0630879 0.0755290 
S0299         0.3091275 0.1318786 0.1190338 0.0559380 0.2057705 0.1112565 0.1448894 0.0496101 0.1282586 0.1170996 0.0000000 0.1729552 0.1832226 0.0389686 0.1685084 0.1156641 0.1100678 0.1659696 0.1124087 0.1203401 0.1168813 0.0409158 0.1209169 0.0457771 0.1243207 0.1408571 0.0699269 0.1157178 0.1505600 0.1116523 0.1443784 0.1544840 0.0433419 0.1357462 0.1373326 0.0412641 0.0540091 0.0789276 0.1016866 0.1842176 0.1710881 0.1496440 0.1858427 0.1259566 0.1599355 0.1253665 0.1584622 0.1190338 0.1067388 0.1190338 0.1194313 0.1634280 0.1598068 0.1571292 0.1069106 0.1290698 0.0361212 0.1197282 0.1765886 0.1499362 0.1644580 0.1449585 0.2252508 0.1114256 0.1572741 0.1263458 0.1237954 0.1960281 0.1239872 0.1855622 0.0723571 0.0995376 0.1335682 0.1754024 0.1575086 0.1598809 0.1944801 0.1072420 0.1583482 0.1281641 0.0298683 0.0941971 0.0835472 0.1497199 0.0773934 0.1238007 0.1404601 0.1643495 0.1516589 0.1261502 0.1550859 0.1285141 0.1142454 0.1204110 0.1210880 0.1254744 0.1343889 0.1364630 0.0889567 0.1190746 0.1300448 0.0427421 0.1576758 0.1285046 0.0309468 0.1449585 0.0839344 0.1173654 0.1330977 0.1241903 0.1208250 0.0380630 0.1073861 0.0705929 0.1251194 0.1056260 0.1262975 0.1385703 0.0841753 0.1149204 0.1290730 0.1245821 0.1198964 0.1293322 0.1360488 0.1198183 
S0303         0.3525922 0.1373248 0.1098481 0.1677612 0.1599488 0.1162129 0.0317709 0.1635823 0.1129841 0.1115271 0.1729552 0.0000000 0.0656535 0.1439293 0.0316587 0.1516402 0.1098213 0.0444900 0.1160552 0.1106697 0.1100070 0.1272716 0.1635886 0.1464274 0.1201339 0.1329144 0.1303672 0.1531078 0.1143033 0.1752915 0.0575597 0.0234948 0.1818557 0.1481150 0.1315045 0.1754525 0.1457260 0.1295829 0.1303358 0.1524454 0.1475673 0.0360333 0.2225021 0.1515213 0.0195719 0.1109005 0.1214458 0.1098481 0.1054794 0.1098481 0.1102411 0.1269642 0.1234319 0.0901827 0.1533108 0.1281765 0.1246750 0.1141082 0.1423076 0.1138253 0.1723838 0.1153312 0.2225858 0.1310784 0.0905490 0.0996935 0.0918458 0.1799253 0.1150921 0.2215739 0.1017279 0.1122543 0.1133065 0.0714458 0.1542770 0.1192607 0.1894430 0.1106754 0.1324606 0.1130860 0.1378927 0.1387377 0.1353039 0.0317327 0.1632001 0.1217698 0.0408020 0.0361568 0.0321125 0.1213646 0.0667224 0.1230467 0.0984877 0.1201251 0.1208495 0.1377681 0.1344693 0.1371515 0.1156114 0.1030961 0.1146295 0.1416214 0.1318809 0.1093847 0.1292145 0.1153312 0.1260260 0.1058334 0.1134838 0.1282847 0.1305864 0.1506821 0.1053869 0.1616064 0.1104364 0.1398350 0.1062097 0.1220299 0.1364870 0.0947795 0.1184460 0.1278981 0.0947830 0.1338171 0.1379991 0.1138046 
S0308         0.3680124 0.1549601 0.1192253 0.1915152 0.1611041 0.1347150 0.0570560 0.1797816 0.1130733 0.1256752 0.1832226 0.0656535 0.0000000 0.1515237 0.0725490 0.1683151 0.1384130 0.0696726 0.1350957 0.1245242 0.1285976 0.1463073 0.1647479 0.1582714 0.1289408 0.1606666 0.1459352 0.1598694 0.1324024 0.1862327 0.0655069 0.0611167 0.1926608 0.1652625 0.1446645 0.1911106 0.1575649 0.1377917 0.1435529 0.2135352 0.1500107 0.0654497 0.2136912 0.1700286 0.0572839 0.1389185 0.1306543 0.1192253 0.1243116 0.1192253 0.1151474 0.1455833 0.1277254 0.0918765 0.1802112 0.1363942 0.1485000 0.1276746 0.1623015 0.1318787 0.1885202 0.1244321 0.2081429 0.1392730 0.1053497 0.1139911 0.1067545 0.1796954 0.1241909 0.2028130 0.0936961 0.1262314 0.1457308 0.0784570 0.1822381 0.1470927 0.1682632 0.1293362 0.1459739 0.1266059 0.1552887 0.1663428 0.1528063 0.0569944 0.1641134 0.1487819 0.0537220 0.0570714 0.0576479 0.1396519 0.0699759 0.1406077 0.0995973 0.1383025 0.1296604 0.1560027 0.1470057 0.1602417 0.1203073 0.1042214 0.1192378 0.1593852 0.1453713 0.1287190 0.1384154 0.1244321 0.1485988 0.1247060 0.1180170 0.1456380 0.1483431 0.1577098 0.1242107 0.1529587 0.1337665 0.1524959 0.1342682 0.1401931 0.1540695 0.1093025 0.1272453 0.1404993 0.1049524 0.1463346 0.1555833 0.1272420 
S0320         0.2836896 0.1096305 0.0878995 0.0560784 0.1784386 0.0888714 0.1226870 0.0434495 0.1062588 0.0945355 0.0389686 0.1439293 0.1515237 0.0000000 0.1562104 0.0736427 0.0986797 0.1438288 0.0848631 0.0980495 0.0943496 0.0323114 0.1022041 0.0312585 0.1021812 0.1131571 0.0599757 0.0786605 0.1173857 0.1030241 0.1168197 0.1422930 0.0394251 0.1133800 0.1043175 0.0309260 0.0479083 0.0736120 0.0884683 0.1613062 0.1548562 0.1275131 0.1766960 0.1228289 0.1329521 0.0983426 0.1295768 0.0969655 0.0843147 0.0969655 0.0972987 0.1364723 0.1310143 0.1425961 0.0788210 0.1164266 0.0277390 0.1013724 0.1319436 0.1223292 0.1407004 0.1227328 0.2028342 0.0972560 0.1500907 0.0983425 0.1009265 0.1745001 0.1018960 0.1756954 0.0655176 0.0996861 0.1162835 0.1423824 0.1347334 0.1279830 0.1730813 0.0847195 0.1357876 0.1061788 0.0190090 0.0702185 0.0783552 0.1275680 0.0448963 0.1113958 0.1133083 0.1423900 0.1292681 0.0985058 0.1278563 0.1064800 0.0921688 0.0981080 0.0986617 0.0969010 0.1076274 0.1190846 0.0708522 0.0969899 0.1077676 0.0197035 0.1351980 0.1064750 0.0199309 0.1227328 0.0787319 0.0947516 0.0973305 0.0975012 0.1030574 0.0275292 0.0848277 0.0696310 0.1028484 0.0925698 0.1133406 0.1213459 0.0789646 0.0927848 0.1164310 0.1063968 0.0976776 0.1119178 0.1032734 0.1115725 
S0322         0.3752889 0.1439940 0.1167099 0.1875719 0.1716160 0.1230852 0.0350661 0.1754576 0.1197150 0.1184629 0.1685084 0.0316587 0.0725490 0.1562104 0.0000000 0.1683803 0.1158198 0.0475991 0.1186520 0.1172421 0.1168761 0.1396653 0.1746325 0.1529296 0.1269082 0.1348617 0.1362480 0.1700083 0.1258110 0.1815003 0.0647898 0.0348337 0.1942115 0.1432342 0.1434375 0.1764508 0.1420773 0.1362219 0.1370035 0.1716836 0.1541021 0.0392737 0.2280625 0.1579513 0.0309536 0.1274853 0.1276264 0.1167099 0.1075672 0.1167099 0.1171205 0.1392287 0.1254992 0.0972078 0.1702234 0.1347672 0.1423302 0.1114344 0.1472594 0.1252900 0.1787085 0.1221670 0.2281371 0.1326624 0.0922618 0.1066235 0.0989681 0.1860359 0.1219179 0.2272470 0.1093339 0.1192153 0.1207512 0.0786165 0.1607833 0.1356933 0.1953783 0.1175755 0.1340324 0.1198196 0.1497439 0.1557330 0.1419070 0.0350251 0.1695746 0.1086162 0.0482307 0.0434257 0.0354365 0.1281857 0.0739145 0.1296793 0.1053583 0.1268959 0.1276534 0.1446782 0.1301913 0.1438125 0.1224549 0.1099126 0.1214335 0.1539064 0.1334583 0.1162229 0.1409753 0.1221670 0.1327750 0.1127863 0.1202346 0.1348721 0.1372588 0.1628148 0.1123185 0.1575001 0.1221853 0.1463580 0.1228697 0.1286240 0.1431299 0.1017507 0.1251520 0.1344668 0.1017563 0.1403660 0.1446952 0.1205736 
S0327         0.2992515 0.1367367 0.1110017 0.0920689 0.1867028 0.1031725 0.1400948 0.0930238 0.1146625 0.1034696 0.1156641 0.1516402 0.1683151 0.0736427 0.1683803 0.0000000 0.0923683 0.1558723 0.0979940 0.1067837 0.1076269 0.0538029 0.1246333 0.0881652 0.1206182 0.1254999 0.0600763 0.0261506 0.1199646 0.1263454 0.1290445 0.1542695 0.0932492 0.1217261 0.1135102 0.1025865 0.0753910 0.0745759 0.0929352 0.1756451 0.1684360 0.1398982 0.2036370 0.1353589 0.1499878 0.1026636 0.1374103 0.1110017 0.0934608 0.1110017 0.1113729 0.1158305 0.1299453 0.1588968 0.0539060 0.1197397 0.0530564 0.1243481 0.1541708 0.1298330 0.1538432 0.1366582 0.2196143 0.1023262 0.1673008 0.1024624 0.1050406 0.1960852 0.1159076 0.1930395 0.0381175 0.1232887 0.1382472 0.1436450 0.1368889 0.1407476 0.1843435 0.0981754 0.1337729 0.0961565 0.0847494 0.0462265 0.0791352 0.1399631 0.0511009 0.1235492 0.1357367 0.1543669 0.1417601 0.1076838 0.1502449 0.1331437 0.1098062 0.1068454 0.1074314 0.1318669 0.1294921 0.1273057 0.0467931 0.1056719 0.1254229 0.0916201 0.1332198 0.1204107 0.0868602 0.1366582 0.0794999 0.1036990 0.1285065 0.1381614 0.1116677 0.0862765 0.0985621 0.0930533 0.1114469 0.1013621 0.1314849 0.1478102 0.0797258 0.1250630 0.1197436 0.1009307 0.1017965 0.1340823 0.1163266 0.1150782 
S0345         0.2947620 0.1237871 0.0704485 0.1178272 0.1197352 0.0880264 0.0987182 0.1046459 0.0434273 0.0826752 0.1100678 0.1098213 0.1384130 0.0986797 0.1158198 0.0923683 0.0000000 0.1106401 0.0770466 0.0872904 0.0935632 0.0913001 0.1100269 0.1114757 0.0763719 0.1055310 0.1040843 0.0926831 0.0752067 0.1231667 0.0816242 0.1150588 0.1246015 0.0986631 0.1117490 0.1055167 0.0929498 0.0921304 0.0987033 0.0925423 0.1246536 0.0866397 0.1742287 0.1408293 0.1041805 0.0818636 0.0939548 0.0704485 0.0761842 0.0704485 0.0707371 0.1089784 0.0856930 0.0924580 0.0926896 0.0802688 0.0893494 0.0694734 0.0758835 0.0752067 0.1383489 0.0823845 0.2078486 0.0650710 0.1237779 0.0595208 0.0501098 0.1584874 0.0761135 0.1865071 0.0862568 0.0661260 0.0186243 0.0695813 0.1104980 0.0649330 0.1456905 0.0766229 0.0995528 0.0589633 0.0874031 0.0870401 0.0925732 0.0985895 0.0885100 0.1084321 0.0823313 0.1157215 0.1001409 0.0820266 0.0922746 0.0092476 0.0333463 0.0872361 0.0933463 0.1101770 0.0542471 0.0932404 0.0825939 0.0333463 0.0545603 0.0791396 0.1054072 0.0704485 0.0950285 0.0823845 0.0931286 0.0885932 0.0693369 0.0234683 0.0926514 0.0950845 0.0764632 0.1222079 0.0871775 0.1038259 0.0190942 0.0235030 0.0992508 0.0536113 0.0640788 0.0591465 0.0485371 0.0335744 0.1054312 0.0696344 
S0355         0.3604867 0.1282168 0.1071822 0.1730435 0.1586887 0.1131008 0.0147005 0.1624169 0.1101544 0.1042100 0.1659696 0.0444900 0.0696726 0.1438288 0.0475991 0.1558723 0.1106401 0.0000000 0.1134173 0.1076501 0.1073275 0.1331787 0.1616799 0.1412927 0.1167887 0.1286391 0.1203089 0.1572951 0.1158349 0.1680460 0.0581932 0.0414583 0.1792033 0.1376718 0.1322915 0.1735272 0.1406588 0.1256282 0.1263096 0.1818370 0.1366310 0.0261837 0.2112436 0.1521877 0.0376781 0.1172978 0.1225736 0.1071822 0.1030846 0.1071822 0.1075416 0.1229916 0.1244947 0.0931676 0.1527825 0.1243508 0.1306298 0.1111833 0.1367938 0.1153789 0.1603833 0.1122967 0.2113330 0.1176719 0.0840645 0.0932480 0.0852012 0.1823424 0.1120785 0.2059787 0.1023749 0.1093835 0.1198997 0.0795370 0.1541349 0.1348825 0.1809059 0.1079383 0.1334820 0.1146780 0.1381648 0.1437568 0.1309486 0.0109469 0.1669043 0.1367368 0.0503303 0.0298371 0.0110673 0.1179091 0.0709289 0.1240627 0.0965754 0.1167821 0.1174392 0.1283083 0.1348132 0.1379037 0.1170807 0.1012293 0.1116571 0.1309756 0.1329320 0.1165871 0.1309274 0.1122967 0.1267500 0.1034089 0.1150577 0.1245829 0.1265390 0.1503093 0.1029997 0.1554362 0.1123168 0.1304343 0.1174676 0.1282088 0.1320177 0.1018798 0.1152510 0.1284944 0.0930852 0.1341987 0.1333797 0.1109037 
S0376         0.2709297 0.0804696 0.0676146 0.1005027 0.1351669 0.0506123 0.0988982 0.1087322 0.0713206 0.0507590 0.1124087 0.1160552 0.1350957 0.0848631 0.1186520 0.0979940 0.0770466 0.1134173 0.0000000 0.0542721 0.0503051 0.0736375 0.1077721 0.0898368 0.0722585 0.0339206 0.0869527 0.1031348 0.0853562 0.1030921 0.1031841 0.1122844 0.1007646 0.0672621 0.0810998 0.1186067 0.0809925 0.0796198 0.0717152 0.1159041 0.1140943 0.0987675 0.1627885 0.0944782 0.1081100 0.0463940 0.0962277 0.0676146 0.0506425 0.0676146 0.0678334 0.1139717 0.0957714 0.1417310 0.1032653 0.0800985 0.0722958 0.0853622 0.1220452 0.0850291 0.1055614 0.0856362 0.1848251 0.0812012 0.1191343 0.0815141 0.0739781 0.1559836 0.0720653 0.1829057 0.0734166 0.0829548 0.0798763 0.1170065 0.0807781 0.1037335 0.1451376 0.0423917 0.0810410 0.0797327 0.0864470 0.0905038 0.0842873 0.0987960 0.0968866 0.1111087 0.0988966 0.1023657 0.1000264 0.0506378 0.1167949 0.0799479 0.0586370 0.0543004 0.0461435 0.0791221 0.0944438 0.0593938 0.0726212 0.0629298 0.0813738 0.0886082 0.0807318 0.0762964 0.0835717 0.0856362 0.0761251 0.0423509 0.0800808 0.0844501 0.0627066 0.0968353 0.0465012 0.1032177 0.0584256 0.0799607 0.0817547 0.0932690 0.0805119 0.0764353 0.0844984 0.1030139 0.0633459 0.0891373 0.0300036 0.0844930 
S0400         0.2876471 0.0707220 0.0665296 0.1239501 0.1383984 0.0183629 0.0934504 0.1167179 0.0744379 0.0184151 0.1203401 0.1106697 0.1245242 0.0980495 0.1172421 0.1067837 0.0872904 0.1076501 0.0542721 0.0000000 0.0220964 0.0870418 0.0977792 0.0977009 0.0668125 0.0793173 0.0919367 0.1020882 0.0891690 0.1073562 0.1022071 0.1068700 0.1293743 0.0415522 0.0500387 0.1266604 0.0930401 0.0751700 0.0710154 0.0750670 0.1132068 0.0933289 0.1600560 0.1024303 0.1027461 0.0257596 0.0956485 0.0665296 0.0183738 0.0665296 0.0667415 0.0982925 0.0950117 0.1307749 0.1030860 0.0706495 0.0854515 0.0839535 0.1270703 0.0888280 0.0845750 0.0850029 0.1864587 0.0798652 0.1216824 0.0801670 0.0727487 0.1632081 0.0708993 0.1796889 0.0656633 0.0772471 0.0874930 0.1158745 0.0708015 0.1109074 0.1523675 0.0145766 0.0580797 0.0743856 0.0943857 0.0903452 0.0797724 0.0933535 0.1152665 0.1096014 0.0891308 0.1023219 0.0944990 0.0258979 0.1065914 0.0829874 0.0618607 0.0219596 0.0220570 0.0734692 0.1061978 0.0458371 0.0760422 0.0661230 0.0844527 0.0967389 0.0578697 0.0750565 0.0921004 0.0850029 0.0801430 0.0184482 0.0787367 0.0874527 0.0220336 0.1049176 0.0220789 0.1012174 0.0332815 0.0791770 0.0804857 0.0961865 0.0803728 0.0751908 0.0790119 0.1101386 0.0583335 0.0921044 0.0750814 0.0790065 
S0405         0.2907442 0.0628993 0.0670192 0.1250160 0.1330152 0.0184864 0.0931729 0.1132179 0.0790829 0.0185393 0.1168813 0.1100070 0.1285976 0.0943496 0.1168761 0.1076269 0.0935632 0.1073275 0.0503051 0.0220964 0.0000000 0.0831043 0.1075144 0.0941664 0.0757420 0.0799134 0.0876888 0.0985700 0.0941290 0.1038298 0.0973770 0.1062739 0.1257129 0.0418433 0.0419546 0.1231789 0.0937588 0.0843355 0.0715438 0.0756585 0.1185980 0.0930521 0.1614255 0.1032354 0.1021709 0.0259339 0.1053358 0.0670192 0.0184974 0.0670192 0.0672342 0.1036233 0.1003678 0.1255858 0.1130930 0.0668864 0.0815770 0.0887911 0.1335458 0.0937647 0.0852223 0.0899150 0.1881164 0.0804693 0.1165815 0.0849807 0.0775287 0.1645939 0.0714258 0.1812992 0.0739238 0.0820997 0.0923381 0.1108891 0.0713266 0.1161638 0.1536358 0.0146736 0.0498753 0.0790270 0.0908027 0.1001077 0.0890866 0.0930764 0.1162167 0.1380116 0.0844382 0.1063484 0.0942153 0.0260740 0.1017162 0.0877558 0.0663252 0.0221070 0.0222058 0.0697076 0.1113725 0.0461629 0.0766182 0.0706550 0.0893261 0.0975176 0.0496971 0.0756168 0.0834037 0.0899150 0.0895071 0.0109718 0.0834476 0.0922940 0.0297672 0.1057638 0.0222279 0.1020031 0.0335086 0.0797706 0.0810129 0.1011563 0.0897707 0.0798928 0.0752498 0.1153443 0.0627911 0.0970295 0.0756424 0.0752444 
S0407sl       0.2781769 0.1031700 0.0812799 0.0545042 0.1621810 0.0682227 0.1118766 0.0239261 0.0906757 0.0833644 0.0409158 0.1272716 0.1463073 0.0323114 0.1396653 0.0538029 0.0913001 0.1331787 0.0736375 0.0870418 0.0831043 0.0000000 0.0958480 0.0241006 0.0864135 0.0919650 0.0373581 0.0542363 0.1065466 0.1017786 0.1060290 0.1317269 0.0501810 0.1024293 0.0932128 0.0409484 0.0323874 0.0537625 0.0818755 0.1630761 0.1278410 0.1167685 0.1715175 0.1067118 0.1222254 0.0873036 0.1134128 0.0812799 0.0682452 0.0812799 0.0815630 0.1257766 0.1031998 0.1274778 0.0584210 0.0959705 0.0120535 0.0956089 0.1462291 0.1115381 0.1251510 0.1067800 0.1982705 0.0867463 0.1394310 0.0924157 0.0896398 0.1750117 0.0861669 0.1762605 0.0333981 0.0928281 0.1055333 0.1205737 0.1238918 0.1220171 0.1682815 0.0735090 0.1248778 0.0953776 0.0240936 0.0498584 0.0627529 0.1168145 0.0245522 0.0646558 0.1067177 0.1318219 0.1184032 0.0874518 0.1170788 0.1051258 0.0812361 0.0823407 0.0829377 0.0945660 0.1013518 0.1081202 0.0549749 0.0860818 0.0968289 0.0288239 0.1243271 0.0907625 0.0081973 0.1067800 0.0630583 0.0835565 0.1003357 0.0959074 0.0920734 0.0285687 0.0736008 0.0540126 0.0918805 0.0860790 0.1072681 0.1106334 0.0632442 0.0910695 0.0959761 0.0908022 0.0867049 0.1010852 0.0875796 0.0911646 
S0412sl       0.3026743 0.1317048 0.1108881 0.1329610 0.1846341 0.1030631 0.1456200 0.1312815 0.1235886 0.1033597 0.1209169 0.1635886 0.1647479 0.1022041 0.1746325 0.1246333 0.1100269 0.1616799 0.1077721 0.0977792 0.1075144 0.0958480 0.0000000 0.1208133 0.1204980 0.1359809 0.0967224 0.1349980 0.1247555 0.0621993 0.1490363 0.1604187 0.1275008 0.1216042 0.1279881 0.1513799 0.1205957 0.1105777 0.0535907 0.1754753 0.1682913 0.1454131 0.1745818 0.0925447 0.1560857 0.1115454 0.1330069 0.1108881 0.0933596 0.1108881 0.1112586 0.1315794 0.1457395 0.1707812 0.1351654 0.1288595 0.0940967 0.1205625 0.1601584 0.1299139 0.1437428 0.1365273 0.2165007 0.1214080 0.1474368 0.1260543 0.1235052 0.1912111 0.1157904 0.1986683 0.0798705 0.1142302 0.1381183 0.1638592 0.1478599 0.1646734 0.1795661 0.0980702 0.1434215 0.1234979 0.1221898 0.1219914 0.1156510 0.1454845 0.1340312 0.1086162 0.1408476 0.1553802 0.1473720 0.1122328 0.1599560 0.1330177 0.1096946 0.0978349 0.1073191 0.1265841 0.1495405 0.1271796 0.0932365 0.1144761 0.1355794 0.1206211 0.1428222 0.1202909 0.1063158 0.1365273 0.1162086 0.1035887 0.1196109 0.1380327 0.1070949 0.1289415 0.0984563 0.1347608 0.1113325 0.0614533 0.1216440 0.1476771 0.1165683 0.1157128 0.1288628 0.1380233 0.1062834 0.1433395 0.1312125 0.1196208 
S0417         0.2800266 0.1131934 0.0966693 0.0614927 0.1791418 0.0889359 0.1211892 0.0417565 0.1055421 0.0943437 0.0457771 0.1464274 0.1582714 0.0312585 0.1529296 0.0881652 0.1114757 0.1412927 0.0898368 0.0977009 0.0941664 0.0241006 0.1208133 0.0000000 0.1016475 0.1171696 0.0504309 0.0932551 0.1265121 0.1115535 0.1207696 0.1398543 0.0401313 0.1123176 0.1135964 0.0459943 0.0419697 0.0663069 0.0882906 0.1698144 0.1517566 0.1257877 0.1671991 0.1257690 0.1356108 0.1024720 0.1337197 0.0966693 0.0845821 0.0966693 0.0969861 0.1367880 0.1286812 0.1504180 0.0934376 0.1061891 0.0197058 0.1008779 0.1687066 0.1260018 0.1451920 0.1212320 0.1983593 0.0969456 0.1472225 0.0979795 0.0957977 0.1752256 0.1013765 0.1717525 0.0581755 0.0992567 0.1195782 0.1504509 0.1380119 0.1260620 0.1738663 0.0849700 0.1336155 0.1012100 0.0224823 0.0809241 0.0707705 0.1258384 0.0644271 0.1255124 0.1168791 0.1399459 0.1274364 0.1030973 0.1309278 0.1146814 0.0920868 0.0977565 0.0982830 0.1017887 0.1203750 0.1124351 0.0630736 0.0966919 0.1069725 0.0392813 0.1330634 0.1057470 0.0190980 0.1212320 0.0710944 0.0945483 0.1101680 0.1104253 0.1024790 0.0389168 0.0850737 0.0581766 0.1022808 0.0921994 0.1122812 0.1244425 0.0712932 0.1014368 0.1061939 0.1062432 0.0973470 0.1153980 0.1125475 0.1016353 
S0419         0.2665920 0.0929090 0.0146296 0.1183829 0.0803872 0.0625399 0.1023084 0.1159042 0.0621038 0.0717501 0.1243207 0.1201339 0.1289408 0.1021812 0.1269082 0.1206182 0.0763719 0.1167887 0.0722585 0.0668125 0.0757420 0.0864135 0.1204980 0.1016475 0.0000000 0.0940785 0.1080642 0.1261112 0.0847157 0.1212870 0.0888164 0.1156302 0.1237082 0.0983656 0.0892573 0.1307023 0.0927489 0.0917477 0.0838672 0.1414478 0.0668866 0.1021736 0.1503767 0.1161765 0.1114865 0.0711652 0.0904583 0.0072685 0.0626598 0.0072685 0.0072900 0.1077286 0.0527911 0.1305246 0.1205930 0.0789494 0.0896120 0.0754567 0.1215153 0.0843935 0.1443797 0.0418702 0.1713961 0.0672487 0.1069605 0.0758013 0.0683784 0.1485777 0.0109671 0.1695274 0.0722369 0.0772664 0.0790218 0.1065683 0.1129406 0.0976292 0.1429544 0.0583154 0.1039846 0.0660637 0.0983688 0.1076818 0.0965257 0.1022043 0.1193727 0.0826368 0.0846502 0.1157098 0.0989279 0.0715805 0.1063765 0.0745989 0.0497986 0.0752207 0.0756045 0.0828851 0.0843630 0.0850840 0.0891448 0.0539510 0.0673361 0.1008174 0.1035742 0.0146633 0.0915609 0.0418702 0.0969783 0.0718987 0.0830611 0.0789873 0.0755050 0.1089735 0.0672497 0.1050337 0.0751774 0.0921680 0.0715816 0.0833756 0.0972640 0.0709022 0.0705797 0.0969710 0.0417770 0.0793394 0.0985926 0.0705744 
S0427         0.3248575 0.1025044 0.0891374 0.1300950 0.1665484 0.0668330 0.1135073 0.1372378 0.0973524 0.0714343 0.1408571 0.1329144 0.1606666 0.1131571 0.1348617 0.1254999 0.1055310 0.1286391 0.0339206 0.0793173 0.0799134 0.0919650 0.1359809 0.1171696 0.0940785 0.0000000 0.1199242 0.1310858 0.1124447 0.1264081 0.1272532 0.1273264 0.1356509 0.0931555 0.1132644 0.1477630 0.1078676 0.1059793 0.0979074 0.1408150 0.1332481 0.1133533 0.1943553 0.1220750 0.1230643 0.0711896 0.1244168 0.0891374 0.0709669 0.0891374 0.0894315 0.1440101 0.1151801 0.1679675 0.1312496 0.1022341 0.1003122 0.1124440 0.1439426 0.1119988 0.1393067 0.1036135 0.2178099 0.1032500 0.1496058 0.1085808 0.0961896 0.1765940 0.0938249 0.2162989 0.1106957 0.1105414 0.1022898 0.1417801 0.1064409 0.1318960 0.1752121 0.0670156 0.1040458 0.1061304 0.1139155 0.1180488 0.1109895 0.1133934 0.1200744 0.1421865 0.1227895 0.1217033 0.1148371 0.0757296 0.1415250 0.1064198 0.0840115 0.0793606 0.0707968 0.1067292 0.1220601 0.0842546 0.1035148 0.0885651 0.1084031 0.1168470 0.1036345 0.0982044 0.1119646 0.1036135 0.1068961 0.0715369 0.1066118 0.1111979 0.0882371 0.1252218 0.0713647 0.1311980 0.0752011 0.1064360 0.1088872 0.1204701 0.1118638 0.1030098 0.1068288 0.1309204 0.0846882 0.1162144 0.0415191 0.1025031 
S0428sl       0.3135615 0.1159203 0.0968950 0.0977003 0.1777222 0.0875832 0.1080960 0.0551841 0.1013913 0.0721808 0.0699269 0.1303672 0.1459352 0.0599757 0.1362480 0.0600763 0.1040843 0.1203089 0.0869527 0.0919367 0.0876888 0.0373581 0.0967224 0.0504309 0.1080642 0.1199242 0.0000000 0.0551909 0.1138076 0.1081562 0.1078820 0.1353825 0.0816358 0.1092341 0.1098466 0.0703072 0.0501416 0.0599060 0.0914194 0.0967063 0.1642923 0.1018668 0.2069516 0.1310359 0.1248758 0.0922465 0.1339102 0.0968950 0.0764436 0.0968950 0.0916635 0.1485079 0.1321329 0.1496441 0.0652059 0.1020108 0.0366579 0.1014500 0.1339791 0.1138076 0.1227801 0.1267033 0.2247881 0.0915018 0.1574072 0.0924487 0.0838051 0.1845059 0.1025693 0.2065890 0.0451140 0.0989645 0.1067280 0.1301458 0.1042730 0.1245670 0.1959392 0.0818593 0.1103944 0.0960220 0.0504106 0.0556155 0.0651265 0.1135078 0.0462326 0.1260996 0.1092045 0.1299868 0.1152070 0.0924206 0.1313717 0.1068459 0.0905651 0.0868434 0.0925848 0.1079013 0.1079510 0.0988167 0.0510994 0.0905651 0.1019965 0.0574561 0.1098678 0.1078444 0.0421680 0.1267033 0.0654797 0.0881137 0.1121274 0.1125168 0.0919367 0.0568066 0.0767080 0.0700062 0.0867885 0.0908670 0.0924533 0.1115885 0.0656951 0.0957758 0.1020167 0.1114835 0.0915408 0.1184936 0.1031943 0.1020108 
S0478         0.3088615 0.1379546 0.1163220 0.1075060 0.1935906 0.0984715 0.1413360 0.0982207 0.1200028 0.0987552 0.1157178 0.1531078 0.1598694 0.0786605 0.1700083 0.0261506 0.0926831 0.1572951 0.1031348 0.1020882 0.0985700 0.0542363 0.1349980 0.0932551 0.1261112 0.1310858 0.0551909 0.0000000 0.1254218 0.1264060 0.1301578 0.1556610 0.0987016 0.1168460 0.1086629 0.1079827 0.0801496 0.0708194 0.1025264 0.1698242 0.1698418 0.1411359 0.2163678 0.1460883 0.1513388 0.0979887 0.1335212 0.1163220 0.0888850 0.1163220 0.1167153 0.1276825 0.1310135 0.1667208 0.0583066 0.1207590 0.0577698 0.1405661 0.1612299 0.1354732 0.1485579 0.1424968 0.2327581 0.1129685 0.1723588 0.1178883 0.1104186 0.2084629 0.1213216 0.1993285 0.0186916 0.1344351 0.1439822 0.1449132 0.1318306 0.1466296 0.1858813 0.0935427 0.1286862 0.1011793 0.0898339 0.0505548 0.0839187 0.1412028 0.0514431 0.1096011 0.1369346 0.1557598 0.1430331 0.1029415 0.1516007 0.1387778 0.1150559 0.1021466 0.0937620 0.1372708 0.1351159 0.1223404 0.0511813 0.1108731 0.1310017 0.1065855 0.1281579 0.1258919 0.0920972 0.1424968 0.0843095 0.0989721 0.1340700 0.1438895 0.1115406 0.0963038 0.0939084 0.0929455 0.1067034 0.1111117 0.1318744 0.1537031 0.0845529 0.1306220 0.1207630 0.1106318 0.1069662 0.1493099 0.1124858 0.1207590 
S0552sl       0.2836566 0.1224847 0.0757846 0.1344295 0.1332124 0.0897627 0.0927380 0.1469680 0.0748716 0.0900227 0.1505600 0.1143033 0.1324024 0.1173857 0.1258110 0.1199646 0.0752067 0.1158349 0.0853562 0.0891690 0.0941290 0.1065466 0.1247555 0.1265121 0.0847157 0.1124447 0.1138076 0.1254218 0.0000000 0.1369700 0.0830696 0.1146959 0.1400130 0.1087136 0.1136627 0.1577083 0.1170591 0.1063088 0.1025124 0.1646253 0.0992199 0.1110629 0.1574170 0.1173648 0.1105889 0.0892725 0.0111021 0.0757846 0.0803631 0.0757846 0.0760306 0.0873189 0.0853961 0.1183222 0.1211425 0.0880232 0.1045655 0.0708792 0.0212988 0.0072443 0.1553572 0.0804560 0.1895458 0.0766749 0.1157508 0.0625850 0.0552032 0.1606334 0.0803050 0.1772235 0.0797531 0.0725646 0.0872186 0.0910501 0.1180550 0.0975830 0.1496907 0.0849373 0.1289646 0.0789088 0.1233092 0.1081644 0.1113357 0.1013967 0.1241404 0.0957010 0.0882568 0.1147744 0.1026397 0.0898100 0.1003377 0.0827275 0.0622115 0.0846882 0.0939572 0.0982926 0.1065863 0.1040442 0.1032590 0.0665020 0.0849639 0.1265106 0.1284340 0.0845740 0.1161497 0.0804560 0.1118714 0.0902167 0.1006211 0.0871786 0.1027032 0.1349262 0.0852662 0.1309180 0.0979517 0.1021475 0.0764110 0.1010052 0.1122153 0.0623728 0.0794787 0.0964279 0.0626961 0.0968840 0.1123599 0.0794733 
S0558         0.2988787 0.1222954 0.1116012 0.1351150 0.1983473 0.1037255 0.1516635 0.1217813 0.1144954 0.1040259 0.1116523 0.1752915 0.1862327 0.1030241 0.1815003 0.1263454 0.1231667 0.1680460 0.1030921 0.1073562 0.1038298 0.1017786 0.0621993 0.1115535 0.1212870 0.1264081 0.1081562 0.1264060 0.1369700 0.0000000 0.1511715 0.1662774 0.1285657 0.1167987 0.1135590 0.1415069 0.1113552 0.1022520 0.0538998 0.1703707 0.1580363 0.1514447 0.1758206 0.0931208 0.1619046 0.1122676 0.1500492 0.1116012 0.0939466 0.1116012 0.1119766 0.1437988 0.1403749 0.1787127 0.1180385 0.1252603 0.0998910 0.1213528 0.1818643 0.1413469 0.1734854 0.1175164 0.2237895 0.1222090 0.1531708 0.1268926 0.1243363 0.1926066 0.1165428 0.1939799 0.0729326 0.1149892 0.1390380 0.1662585 0.1488917 0.1558289 0.1808488 0.0986929 0.1383239 0.1243003 0.1128159 0.1094873 0.0982350 0.1515237 0.1409504 0.1100946 0.1418064 0.1600059 0.1535137 0.1129645 0.1610724 0.1338942 0.1008259 0.1074187 0.1080118 0.1212098 0.1408300 0.1280334 0.0938218 0.1055173 0.1261271 0.1214408 0.1438108 0.1210770 0.0923339 0.1175164 0.1077654 0.1042573 0.1112245 0.1389507 0.1077843 0.1298200 0.0990842 0.1356635 0.1120517 0.0618108 0.1218729 0.1486735 0.1127871 0.1164644 0.1252638 0.1399492 0.1069619 0.1443048 0.1263101 0.1160039 
S0616         0.3110493 0.1219897 0.0798339 0.1437489 0.1322648 0.1029017 0.0496652 0.1408020 0.0829993 0.0942194 0.1443784 0.0575597 0.0655069 0.1168197 0.0647898 0.1290445 0.0816242 0.0581932 0.1031841 0.1022071 0.0973770 0.1060290 0.1490363 0.1207696 0.0888164 0.1272532 0.1078820 0.1301578 0.0830696 0.1511715 0.0000000 0.0535746 0.1392900 0.1317313 0.1168178 0.1513064 0.1205986 0.1105860 0.1158230 0.1804469 0.1125749 0.0580065 0.1874535 0.1506097 0.0497342 0.1023330 0.0983721 0.0798339 0.0932199 0.0798339 0.0800933 0.1113002 0.0898832 0.0620437 0.1303221 0.0963150 0.1040681 0.0973603 0.1081871 0.0920568 0.1424333 0.0845434 0.1974464 0.0894717 0.0751344 0.0756749 0.0682657 0.1602105 0.0843846 0.1767789 0.0867951 0.0997440 0.1051158 0.0376679 0.1475841 0.1014526 0.1687932 0.0979203 0.1226243 0.0788141 0.1175637 0.1172334 0.1156568 0.0496104 0.1385427 0.1217698 0.0224137 0.0536156 0.0501816 0.0985398 0.0457905 0.1004166 0.0701966 0.1065661 0.1071488 0.1169422 0.1057268 0.1175713 0.0978658 0.0745475 0.0882911 0.1205720 0.1221293 0.0886677 0.1102488 0.0845434 0.1162141 0.0935077 0.1004310 0.1050619 0.1160343 0.1288863 0.0937700 0.1392550 0.1022047 0.1245159 0.0936800 0.1054223 0.1165735 0.0797511 0.0876910 0.0957622 0.0666658 0.1055446 0.1366239 0.0876857 
