55
S0055       0.0000000 0.1148031 0.1108790 0.0686561 0.1201258 0.0760645 0.0671756 0.0735713 0.1107072 0.1366612 0.1139960 0.0789421 0.1289998 0.0979793 0.1147650 0.1143560 0.1199974 0.1249254 0.1443048 0.1914926 0.1484321 0.1179905 0.0975198 0.0987276 0.1094165 0.1747482 0.1045979 0.1149656 0.1082619 0.0987276 0.0854164 0.0401908 0.1195563 0.1180781 0.1344582 0.1039440 0.0931990 0.0999913 0.1251639 0.1200149 0.0932138 0.1274947 0.0986434 0.1416175 0.0932117 0.0541570 0.1320402 0.0936599 0.0827638 0.0868239 0.1278578 0.0873938 0.0828787 0.0886078 0.0777997 
S0282       0.1148031 0.0000000 0.0908080 0.1033357 0.0402605 0.0931842 0.0676200 0.0996097 0.1287528 0.0750829 0.0448334 0.1106641 0.1372643 0.1094356 0.0356294 0.1307057 0.1374576 0.1364569 0.1528415 0.2355824 0.1543570 0.0534247 0.1193243 0.0130649 0.0449684 0.1695828 0.0313168 0.1265772 0.1089572 0.0130649 0.0317663 0.1109217 0.0403288 0.1143890 0.1297084 0.0402152 0.1039442 0.0312799 0.1313518 0.1260552 0.1091143 0.0502987 0.0219084 0.1744178 0.0446791 0.0737218 0.1441774 0.1261666 0.0988642 0.1038644 0.1448592 0.0983263 0.0933548 0.1095821 0.0831691 
S0355       0.1108790 0.0908080 0.0000000 0.1055939 0.0960105 0.1181089 0.0331268 0.0956046 0.1136373 0.1177003 0.0955718 0.0907958 0.1238220 0.1145432 0.0907728 0.1109961 0.1116270 0.1008863 0.1392665 0.1942594 0.1287961 0.0923264 0.0847193 0.0751603 0.1068826 0.1171225 0.0807606 0.0969339 0.0847193 0.0751603 0.0772535 0.1016263 0.0955689 0.0899653 0.1000777 0.1013123 0.0698933 0.0862885 0.1010792 0.1011324 0.0748278 0.0977810 0.0750967 0.1393212 0.1006688 0.0696392 0.1076975 0.0908462 0.0847904 0.0731661 0.1241749 0.0745968 0.0598391 0.1056350 0.0597018 
S0376       0.0686561 0.1033357 0.1055939 0.0000000 0.1029269 0.1111010 0.0588403 0.0241580 0.0969824 0.1419456 0.1098340 0.0761270 0.0946815 0.1017409 0.1028743 0.1249031 0.1102100 0.1169794 0.1106658 0.2081088 0.1266475 0.1248387 0.0886576 0.0956086 0.1107032 0.1483015 0.1035473 0.1038787 0.1093580 0.0956086 0.0775520 0.0625431 0.1097279 0.1239633 0.1239481 0.1102708 0.0820242 0.1030112 0.1243458 0.1168265 0.0888353 0.0889697 0.0954982 0.1069382 0.0954982 0.0554132 0.1124166 0.0968015 0.0952356 0.0804051 0.0879712 0.0750698 0.0618255 0.0626195 0.0746430 
S0405       0.1201258 0.0402605 0.0960105 0.1029269 0.0000000 0.1156722 0.0779613 0.1048128 0.1282834 0.0801201 0.0495140 0.1159988 0.1366946 0.1259440 0.0402413 0.1299431 0.1423738 0.1261467 0.1522034 0.2150718 0.1661638 0.0585359 0.1246532 0.0264114 0.0544973 0.1692932 0.0359320 0.1320534 0.1246532 0.0264114 0.0364504 0.1162694 0.0543724 0.1302529 0.1516799 0.0496352 0.1091466 0.0358891 0.1263900 0.1423482 0.1143644 0.0550984 0.0263908 0.1808394 0.0493425 0.0786589 0.1498629 0.1316243 0.0983045 0.1093111 0.1625182 0.1191627 0.0984451 0.1148568 0.0881617 
S0412sl     0.0760645 0.0931842 0.1181089 0.1111010 0.1156722 0.0000000 0.0750479 0.0766835 0.1302591 0.1672292 0.1334836 0.0659580 0.1445485 0.0799847 0.1099502 0.1218950 0.1402982 0.1456388 0.1447316 0.2361627 0.1602793 0.1327122 0.1037646 0.0928107 0.1167333 0.2081568 0.1105334 0.1409662 0.1037111 0.0928107 0.1013506 0.0936348 0.1101531 0.1210641 0.1038319 0.1105769 0.1094639 0.1109260 0.1399726 0.1165641 0.1084444 0.1166326 0.1038742 0.1251047 0.1097985 0.0442739 0.1609718 0.1283789 0.1094665 0.1025857 0.1109171 0.0917260 0.0922381 0.0876311 0.0919527 
S0419       0.0671756 0.0676200 0.0331268 0.0588403 0.0779613 0.0750479 0.0000000 0.0473885 0.0610433 0.1117227 0.0830338 0.0627414 0.0674325 0.0650989 0.0727358 0.0621864 0.0574365 0.0423795 0.0818823 0.1855251 0.0730236 0.0667291 0.0373162 0.0522150 0.0782965 0.1054194 0.0626851 0.0528977 0.0276877 0.0522150 0.0584956 0.0628919 0.0673757 0.0372867 0.0517612 0.0728926 0.0045215 0.0677557 0.0374744 0.0424450 0.0325880 0.0845213 0.0571583 0.1011224 0.0724285 0.0277403 0.0631412 0.0475780 0.0373695 0.0289344 0.0711980 0.0324730 0.0183330 0.0571120 0.0136685 
S0427       0.0735713 0.0996097 0.0956046 0.0241580 0.1048128 0.0766835 0.0473885 0.0000000 0.0842011 0.1389313 0.1039988 0.0698130 0.0853685 0.0877789 0.0945176 0.0992265 0.0894027 0.1095776 0.0996530 0.1994772 0.1324026 0.1127491 0.0687315 0.0839310 0.0943521 0.1481309 0.0895860 0.1048743 0.0883306 0.0839310 0.0755719 0.0748857 0.1043293 0.1036511 0.1137928 0.0890312 0.0688341 0.0951511 0.1097853 0.1098442 0.0835307 0.1065269 0.0838602 0.1142973 0.0785907 0.0403065 0.1163419 0.0939219 0.0732416 0.0721805 0.1171182 0.0834565 0.0685204 0.0406773 0.0635698 
S0552sl     0.1107072 0.1287528 0.1136373 0.0969824 0.1282834 0.1302591 0.0610433 0.0842011 0.0000000 0.1607444 0.1399864 0.1066074 0.1310335 0.1288426 0.1347123 0.0376910 0.0184991 0.1111575 0.1466218 0.1848184 0.1176020 0.1330996 0.0891174 0.1169887 0.1115951 0.1604817 0.1235674 0.1072222 0.0781384 0.1169887 0.0976294 0.1124436 0.1340812 0.0941034 0.1047101 0.1232217 0.0839308 0.1238177 0.1113810 0.1068523 0.0840015 0.1426051 0.1168802 0.1582588 0.1223874 0.0784713 0.1020362 0.0954559 0.0522958 0.0819907 0.1184999 0.0943301 0.0680211 0.0999449 0.0627589 
S0641       0.1366612 0.0750829 0.1177003 0.1419456 0.0801201 0.1672292 0.1117227 0.1389313 0.1607444 0.0000000 0.0850345 0.1389590 0.1546453 0.1630750 0.0750516 0.1609688 0.1746635 0.1787055 0.1708308 0.2718660 0.2051240 0.0976948 0.1531721 0.0599760 0.0854990 0.2155670 0.0551156 0.1629695 0.1486754 0.0599760 0.0717659 0.1328831 0.0802614 0.1316637 0.1771592 0.0801996 0.1433016 0.0705979 0.1790664 0.1737993 0.1433475 0.0916859 0.0599263 0.2097474 0.0797030 0.1106894 0.1822487 0.1677705 0.1378507 0.1332124 0.1772185 0.1538841 0.1317241 0.1495689 0.1154459 
S0643       0.1139960 0.0448334 0.0955718 0.1098340 0.0495140 0.1334836 0.0830338 0.1039988 0.1399864 0.0850345 0.0000000 0.1098494 0.1131756 0.1253313 0.0448124 0.1413725 0.1421865 0.1363729 0.1279913 0.2431178 0.1716279 0.0635693 0.1297529 0.0308809 0.0541032 0.1754115 0.0405142 0.1256712 0.1297529 0.0308809 0.0315550 0.1158570 0.0590357 0.1353985 0.1569456 0.0492794 0.1141592 0.0404647 0.1366366 0.1476139 0.1194117 0.0598290 0.0308567 0.1868363 0.0489910 0.0834776 0.1431225 0.1252662 0.0981807 0.1145605 0.1623490 0.1190474 0.1033722 0.1199267 0.0930146 
S0689       0.0789421 0.1106641 0.0907958 0.0761270 0.1159988 0.0659580 0.0627414 0.0698130 0.1066074 0.1389590 0.1098494 0.0000000 0.1058074 0.0720934 0.0996114 0.1102308 0.1273282 0.1152863 0.1204302 0.2109614 0.1387737 0.1139049 0.0939861 0.0945654 0.1007544 0.1562586 0.1004237 0.1221802 0.0939861 0.0945654 0.0919574 0.0699103 0.1104822 0.1095623 0.1094391 0.1056186 0.0840699 0.1061725 0.1155067 0.1105967 0.0888323 0.1233237 0.0944843 0.1428475 0.0946879 0.0311299 0.1397749 0.1106761 0.0890413 0.0875905 0.1280130 0.0988509 0.0787142 0.0744897 0.0736319 
S0735       0.1289998 0.1372643 0.1238220 0.0946815 0.1366946 0.1445485 0.0674325 0.0853685 0.1310335 0.1546453 0.1131756 0.1058074 0.0000000 0.1446975 0.1366169 0.1288595 0.1305623 0.1292217 0.0119936 0.2371591 0.1698776 0.1184075 0.1062437 0.1285727 0.1454216 0.2154577 0.1375542 0.1305955 0.1288164 0.1285727 0.1167950 0.1288929 0.1364901 0.1365054 0.1439111 0.1370453 0.1057873 0.1229409 0.1447909 0.1445781 0.1061491 0.1456412 0.1210572 0.1474259 0.1359376 0.0987185 0.1236432 0.1301385 0.1284876 0.1227213 0.1288255 0.1284506 0.0990640 0.1141760 0.0986671 
S0742       0.0979793 0.1094356 0.1145432 0.1017409 0.1259440 0.0799847 0.0650989 0.0877789 0.1288426 0.1630750 0.1253313 0.0720934 0.1446975 0.0000000 0.1202951 0.1137536 0.1378936 0.1309714 0.1612104 0.2284505 0.1433636 0.1180304 0.1027392 0.1034015 0.1265093 0.1738913 0.1096073 0.1325086 0.1027392 0.1034015 0.1009069 0.0938615 0.1201247 0.1190866 0.1298724 0.1205611 0.0975696 0.1101542 0.1312334 0.1202597 0.1028802 0.1338093 0.1033090 0.1615366 0.1142541 0.0417127 0.1511039 0.1203543 0.0975696 0.0968637 0.1338481 0.1078155 0.0867187 0.0823379 0.0813813 
S0756       0.1147650 0.0356294 0.0907728 0.1028743 0.0402413 0.1099502 0.0727358 0.0945176 0.1347123 0.0750516 0.0448124 0.0996114 0.1366169 0.1202951 0.0000000 0.1200628 0.1431879 0.1364177 0.1521141 0.2344098 0.1603091 0.0533987 0.1192860 0.0219142 0.0497312 0.1695394 0.0313012 0.1265380 0.1192860 0.0219142 0.0317502 0.1108836 0.0496186 0.1248242 0.1353081 0.0449218 0.1039075 0.0312643 0.1366816 0.1367636 0.1090770 0.0502753 0.0218972 0.1743782 0.0446582 0.0736914 0.1441377 0.1261275 0.0988283 0.1038260 0.1564482 0.1138540 0.0933200 0.1095446 0.0831365 
S0959       0.1143560 0.1307057 0.1109961 0.1249031 0.1299431 0.1218950 0.0621864 0.0992265 0.0376910 0.1609688 0.1413725 0.1102308 0.1288595 0.1137536 0.1200628 0.0000000 0.0542669 0.1145736 0.1290200 0.2139621 0.1039379 0.1351210 0.0931624 0.1141673 0.1251685 0.1475558 0.1202814 0.1105255 0.0778513 0.1141673 0.1067106 0.1104865 0.1355041 0.0928027 0.1027256 0.1309450 0.0882722 0.1205090 0.1147911 0.1046892 0.0833416 0.1439819 0.1140684 0.1534650 0.1250682 0.0734482 0.1112750 0.0993921 0.0584044 0.0823261 0.1111796 0.0979915 0.0683641 0.1091577 0.0634246 
S0960       0.1199974 0.1374576 0.1116270 0.1102100 0.1423738 0.1402982 0.0574365 0.0894027 0.0184991 0.1746635 0.1421865 0.1273282 0.1305623 0.1378936 0.1431879 0.0542669 0.0000000 0.1162512 0.1460886 0.1993742 0.1380063 0.1422255 0.0892140 0.1261324 0.1312043 0.1701280 0.1325095 0.1111507 0.0836907 0.1261324 0.1020992 0.1276274 0.1429676 0.0989579 0.1090774 0.1370818 0.0795043 0.1327644 0.1164752 0.1112005 0.0943798 0.1514738 0.1260206 0.1631434 0.1361937 0.0890183 0.1007114 0.0999453 0.0587123 0.0885203 0.1238312 0.1042962 0.0789367 0.1050369 0.0738383 
S1083       0.1249254 0.1364569 0.1008863 0.1169794 0.1261467 0.1456388 0.0423795 0.1095776 0.1111575 0.1787055 0.1363729 0.1152863 0.1292217 0.1309714 0.1364177 0.1145736 0.1162512 0.0000000 0.1445572 0.2243277 0.1195377 0.1186480 0.0884340 0.1197133 0.1368365 0.1611887 0.1259298 0.1161220 0.0884340 0.1197133 0.1176924 0.1211107 0.1305506 0.1037790 0.1139358 0.1367100 0.0541561 0.1266805 0.0174376 0.0989503 0.0885539 0.1499787 0.1196088 0.1599276 0.1358270 0.0832960 0.1174291 0.0990547 0.0885578 0.0877714 0.1396680 0.0932522 0.0733976 0.1196387 0.0683959 
S1100       0.1443048 0.1528415 0.1392665 0.1106658 0.1522034 0.1447316 0.0818823 0.0996530 0.1466218 0.1708308 0.1279913 0.1204302 0.0119936 0.1612104 0.1521141 0.1290200 0.1460886 0.1445572 0.0000000 0.2565230 0.1700728 0.1349743 0.1209342 0.1438228 0.1612466 0.2272310 0.1531639 0.1461164 0.1440923 0.1438228 0.1321405 0.1441825 0.1519626 0.1519868 0.1595326 0.1525954 0.1204035 0.1382636 0.1605275 0.1602886 0.1208276 0.1615022 0.1361242 0.1398180 0.1513443 0.1131881 0.1390798 0.1456030 0.1437193 0.1380131 0.1289861 0.1436731 0.1135921 0.1291376 0.1131274 
S1180       0.1914926 0.2355824 0.1942594 0.2081088 0.2150718 0.2361627 0.1855251 0.1994772 0.1848184 0.2718660 0.2431178 0.2109614 0.2371591 0.2284505 0.2344098 0.2139621 0.1993742 0.2243277 0.2565230 0.0000000 0.2427512 0.2196966 0.2328619 0.2247642 0.2453564 0.2793475 0.2360771 0.2283606 0.2503656 0.2247642 0.1977671 0.1913185 0.2253737 0.2604340 0.2681703 0.2351887 0.2246483 0.2262294 0.2333825 0.2427870 0.2063047 0.2178417 0.2244604 0.2194992 0.2331175 0.1828309 0.2400029 0.2368802 0.1968806 0.2034224 0.2162830 0.2069521 0.1899547 0.2349293 0.1896945 
S1201sl     0.1484321 0.1543570 0.1287961 0.1266475 0.1661638 0.1602793 0.0730236 0.1324026 0.1176020 0.2051240 0.1716279 0.1387737 0.1698776 0.1433636 0.1603091 0.1039379 0.1380063 0.1195377 0.1700728 0.2427512 0.0000000 0.1549344 0.1150887 0.1426948 0.1378150 0.1827434 0.1493599 0.1002459 0.1091706 0.1426948 0.1412049 0.1394993 0.1709504 0.1251184 0.1249844 0.1494369 0.1099941 0.1440095 0.1197649 0.1274666 0.0839564 0.1749649 0.1425659 0.1729478 0.1543143 0.1046850 0.1169521 0.0893423 0.0996588 0.1048114 0.1591573 0.0993719 0.0688574 0.1310956 0.0838640 
S1211       0.1179905 0.0534247 0.0923264 0.1248387 0.0585359 0.1327122 0.0667291 0.1127491 0.1330996 0.0976948 0.0635693 0.1139049 0.1184075 0.1180304 0.0533987 0.1351210 0.1422255 0.1186480 0.1349743 0.2196966 0.1549344 0.0000000 0.1055000 0.0381806 0.0691248 0.1569949 0.0487828 0.1250096 0.1117801 0.0381806 0.0442981 0.1138526 0.0381870 0.1176295 0.1401838 0.0637375 0.0954939 0.0482430 0.1245000 0.1359525 0.1063962 0.0644813 0.0381481 0.1414194 0.0633285 0.0793546 0.1380071 0.1124519 0.1063215 0.0890288 0.1248962 0.1060450 0.0896275 0.1235959 0.0788086 
S1214sl     0.0975198 0.1193243 0.0847193 0.0886576 0.1246532 0.1037646 0.0373162 0.0687315 0.0891174 0.1531721 0.1297529 0.0939861 0.1062437 0.1027392 0.1192860 0.0931624 0.0892140 0.0884340 0.1209342 0.2328619 0.1150887 0.1055000 0.0000000 0.1032154 0.1251857 0.1416316 0.1091199 0.0893604 0.0446687 0.1032154 0.1008368 0.0936170 0.1240608 0.0537810 0.0682872 0.1195368 0.0587478 0.1148984 0.0885980 0.0546001 0.0635064 0.1267280 0.1031275 0.1242501 0.1187828 0.0585721 0.1006097 0.0685774 0.0682644 0.0565005 0.0888618 0.0777083 0.0491379 0.0734007 0.0444106 
S1227       0.0987276 0.0130649 0.0751603 0.0956086 0.0264114 0.0928107 0.0522150 0.0839310 0.1169887 0.0599760 0.0308809 0.0945654 0.1285727 0.1034015 0.0219142 0.1141673 0.1261324 0.1197133 0.1438228 0.2247642 0.1426948 0.0381806 0.1032154 0.0000000 0.0356001 0.1488413 0.0176096 0.1100150 0.0931416 0.0000010 0.0178582 0.0947837 0.0264565 0.0983833 0.1187501 0.0309555 0.0882531 0.0175896 0.1147251 0.1095729 0.0932692 0.0359791 0.0086265 0.1549447 0.0307770 0.0589117 0.1269507 0.1096610 0.0833113 0.0874544 0.1269433 0.0879910 0.0780275 0.0936627 0.0681651 
S1235sl     0.1094165 0.0449684 0.1068826 0.1107032 0.0544973 0.1167333 0.0782965 0.0943521 0.1115951 0.0854990 0.0541032 0.1007544 0.1454216 0.1265093 0.0497312 0.1251685 0.1312043 0.1368365 0.1612466 0.2453564 0.1378150 0.0691248 0.1251857 0.0356001 0.0000000 0.1758729 0.0454170 0.1314721 0.1191395 0.0356001 0.0410759 0.1114549 0.0641488 0.1246687 0.1351360 0.0130028 0.1096064 0.0405520 0.1371021 0.1378392 0.1148490 0.0650226 0.0355719 0.1876539 0.0308990 0.0789801 0.1491864 0.1259683 0.0987121 0.1097935 0.1577652 0.1043821 0.0988538 0.1153456 0.0885225 
S1260       0.1747482 0.1695828 0.1171225 0.1483015 0.1692932 0.2081568 0.1054194 0.1481309 0.1604817 0.2155670 0.1754115 0.1562586 0.2154577 0.1738913 0.1695394 0.1475558 0.1701280 0.1611887 0.2272310 0.2793475 0.1827434 0.1569949 0.1416316 0.1488413 0.1758729 0.0000000 0.1566982 0.1647588 0.1344047 0.1488413 0.1455886 0.1706101 0.1753475 0.1536881 0.1663241 0.1834222 0.1356769 0.1506176 0.1549732 0.1700536 0.1354191 0.1742262 0.1486846 0.1862617 0.1751690 0.1223785 0.1866039 0.1568484 0.1358034 0.1365448 0.1897945 0.1170453 0.1225672 0.1550324 0.1161276 
S1278       0.1045979 0.0313168 0.0807606 0.1035473 0.0359320 0.1105334 0.0626851 0.0895860 0.1235674 0.0551156 0.0405142 0.1004237 0.1375542 0.1096073 0.0313012 0.1202814 0.1325095 0.1259298 0.1531639 0.2360771 0.1493599 0.0487828 0.1091199 0.0176096 0.0454170 0.1566982 0.0000000 0.1161176 0.1091199 0.0176096 0.0273399 0.1006573 0.0453143 0.1145600 0.1355343 0.0406137 0.0939336 0.0269195 0.1261721 0.1262448 0.0937673 0.0459145 0.0175958 0.1559054 0.0403744 0.0641353 0.1333805 0.1157410 0.0889180 0.0881721 0.1450882 0.1037805 0.0835279 0.0994510 0.0686884 
S1332       0.1149656 0.1265772 0.0969339 0.1038787 0.1320534 0.1409662 0.0528977 0.1048743 0.1072222 0.1629695 0.1256712 0.1221802 0.1305955 0.1325086 0.1265380 0.1105255 0.1111507 0.1161220 0.1461164 0.2283606 0.1002459 0.1250096 0.0893604 0.1100150 0.1314721 0.1647588 0.1161176 0.0000000 0.0893604 0.1100150 0.0965804 0.1173945 0.1263590 0.1048945 0.1151783 0.1257114 0.0794529 0.1220816 0.1110822 0.1058842 0.0594985 0.1398217 0.1099193 0.1558138 0.1249084 0.0841595 0.0310278 0.0402953 0.0740350 0.0782562 0.0953018 0.0792388 0.0450607 0.1097023 0.0594369 
S1366       0.1082619 0.1089572 0.0847193 0.1093580 0.1246532 0.1037111 0.0276877 0.0883306 0.0781384 0.1486754 0.1297529 0.0939861 0.1288164 0.1027392 0.1192860 0.0778513 0.0836907 0.0884340 0.1440923 0.2503656 0.1091706 0.1117801 0.0446687 0.0931416 0.1191395 0.1344047 0.1091199 0.0893604 0.0000000 0.0931416 0.0957123 0.1043915 0.1136651 0.0129596 0.0217289 0.1195368 0.0587478 0.1093981 0.0836378 0.0545957 0.0635064 0.1320975 0.1031275 0.1475899 0.1187828 0.0585721 0.1006097 0.0787804 0.0682644 0.0616238 0.0784338 0.0680764 0.0491379 0.0930949 0.0444106 
S1369       0.0987276 0.0130649 0.0751603 0.0956086 0.0264114 0.0928107 0.0522150 0.0839310 0.1169887 0.0599760 0.0308809 0.0945654 0.1285727 0.1034015 0.0219142 0.1141673 0.1261324 0.1197133 0.1438228 0.2247642 0.1426948 0.0381806 0.1032154 0.0000010 0.0356001 0.1488413 0.0176096 0.1100150 0.0931416 0.0000000 0.0178582 0.0947837 0.0264565 0.0983833 0.1187501 0.0309555 0.0882531 0.0175896 0.1147251 0.1095729 0.0932692 0.0359791 0.0086265 0.1549447 0.0307770 0.0589117 0.1269507 0.1096610 0.0833113 0.0874544 0.1269433 0.0879910 0.0780275 0.0936627 0.0681651 
S1370       0.0854164 0.0317663 0.0772535 0.0775520 0.0364504 0.1013506 0.0584956 0.0755719 0.0976294 0.0717659 0.0315550 0.0919574 0.1167950 0.1009069 0.0317502 0.1067106 0.1020992 0.1176924 0.1321405 0.1977671 0.1412049 0.0442981 0.1008368 0.0178582 0.0410759 0.1455886 0.0273399 0.0965804 0.0957123 0.0178582 0.0000000 0.0921751 0.0459743 0.1064019 0.1221157 0.0362777 0.0855450 0.0273073 0.1179220 0.1179890 0.0906674 0.0465926 0.0178441 0.1476087 0.0360631 0.0555980 0.1073763 0.0962631 0.0700662 0.0845972 0.1308075 0.0904025 0.0751137 0.0910590 0.0650545 
S1375       0.0401908 0.1109217 0.1016263 0.0625431 0.1162694 0.0936348 0.0628919 0.0748857 0.1124436 0.1328831 0.1158570 0.0699103 0.1288929 0.0938615 0.1108836 0.1104865 0.1276274 0.1211107 0.1441825 0.1913185 0.1394993 0.1138526 0.0936170 0.0947837 0.1114549 0.1706101 0.1006573 0.1173945 0.1043915 0.0947837 0.0921751 0.0000000 0.1157161 0.1142752 0.1200780 0.1058647 0.0892469 0.0960059 0.1213440 0.1161621 0.0943239 0.1173782 0.0947022 0.1299776 0.0949067 0.0500280 0.1348954 0.1059583 0.0892456 0.0826804 0.1294462 0.0883700 0.0788936 0.0798065 0.0737992 
S1381       0.1195563 0.0403288 0.0955689 0.1097279 0.0543724 0.1101531 0.0673757 0.1043293 0.1340812 0.0802614 0.0590357 0.1104822 0.1364901 0.1201247 0.0496186 0.1355041 0.1429676 0.1305506 0.1519626 0.2253737 0.1709504 0.0381870 0.1240608 0.0264565 0.0641488 0.1753475 0.0453143 0.1263590 0.1136651 0.0264565 0.0459743 0.1157161 0.0000000 0.1191232 0.1401171 0.0591809 0.0984720 0.0452588 0.1254969 0.1308642 0.1138305 0.0648680 0.0354943 0.1736547 0.0588285 0.0736161 0.1439136 0.1309824 0.1086447 0.1034708 0.1386049 0.1083091 0.0980018 0.1143181 0.0877739 
S1422       0.1180781 0.1143890 0.0899653 0.1239633 0.1302529 0.1210641 0.0372867 0.1036511 0.0941034 0.1316637 0.1353985 0.1095623 0.1365054 0.1190866 0.1248242 0.0928027 0.0989579 0.1037790 0.1519868 0.2604340 0.1251184 0.1176295 0.0537810 0.0983833 0.1246687 0.1536881 0.1145600 0.1048945 0.0129596 0.0983833 0.1064019 0.1142752 0.1191232 0.0000000 0.0351974 0.1250881 0.0732468 0.1148537 0.0988914 0.0644502 0.0781267 0.1378686 0.1084653 0.1659643 0.1242934 0.0730239 0.1165997 0.0939337 0.0829939 0.0768827 0.0944745 0.0827593 0.0633429 0.1085027 0.0584699 
S1449       0.1344582 0.1297084 0.1000777 0.1239481 0.1516799 0.1038319 0.0517612 0.1137928 0.1047101 0.1771592 0.1569456 0.1094391 0.1439111 0.1298724 0.1353081 0.1027256 0.1090774 0.1139358 0.1595326 0.2681703 0.1249844 0.1401838 0.0682872 0.1187501 0.1351360 0.1663241 0.1355343 0.1151783 0.0217289 0.1187501 0.1221157 0.1200780 0.1401171 0.0351974 0.0000000 0.1355956 0.0829176 0.1358855 0.1090015 0.0788618 0.0878684 0.1490927 0.1291035 0.1656632 0.1454375 0.0826641 0.1271553 0.1039935 0.0927963 0.0870603 0.1051323 0.0826814 0.0728404 0.1186883 0.0678808 
S1460       0.1039440 0.0402152 0.1013123 0.1102708 0.0496352 0.1105769 0.0728926 0.0890312 0.1232217 0.0801996 0.0492794 0.1056186 0.1370453 0.1205611 0.0449218 0.1309450 0.1370818 0.1367100 0.1525954 0.2351887 0.1494369 0.0637375 0.1195368 0.0309555 0.0130028 0.1834222 0.0406137 0.1257114 0.1195368 0.0309555 0.0362777 0.1058647 0.0591809 0.1250881 0.1355956 0.0000000 0.1041243 0.0405640 0.1369750 0.1370574 0.1093054 0.0599782 0.0309312 0.1742920 0.0263212 0.0738423 0.1431701 0.1202754 0.0933797 0.1040528 0.1513402 0.0989616 0.0935127 0.1097749 0.0833069 
S1462       0.0931990 0.1039442 0.0698933 0.0820242 0.1091466 0.1094639 0.0045215 0.0688341 0.0839308 0.1433016 0.1141592 0.0840699 0.1057873 0.0975696 0.1039075 0.0882722 0.0795043 0.0541561 0.1204035 0.2246483 0.1099941 0.0954939 0.0587478 0.0882531 0.1096064 0.1356769 0.0939336 0.0794529 0.0587478 0.0882531 0.0855450 0.0892469 0.0984720 0.0732468 0.0829176 0.1041243 0.0000000 0.0995168 0.0542534 0.0685969 0.0541226 0.1161840 0.0881800 0.1188257 0.1034756 0.0539264 0.0904462 0.0739520 0.0635513 0.0469164 0.0943166 0.0633777 0.0445594 0.0783421 0.0398706 
S_670       0.0999913 0.0312799 0.0862885 0.1030112 0.0358891 0.1109260 0.0677557 0.0951511 0.1238177 0.0705979 0.0404647 0.1061725 0.1229409 0.1101542 0.0312643 0.1205090 0.1327644 0.1266805 0.1382636 0.2262294 0.1440095 0.0482430 0.1148984 0.0175896 0.0405520 0.1506176 0.0269195 0.1220816 0.1093981 0.0175896 0.0273073 0.0960059 0.0452588 0.1148537 0.1358855 0.0405640 0.0995168 0.0000000 0.1269257 0.1269744 0.0995347 0.0458574 0.0175759 0.1634461 0.0403251 0.0693160 0.1396395 0.1216833 0.0944366 0.0992289 0.1517706 0.1094759 0.0889499 0.1051333 0.0787794 
SRR11470320 0.1251639 0.1313518 0.1010792 0.1243458 0.1263900 0.1399726 0.0374744 0.1097853 0.1113810 0.1790664 0.1366366 0.1155067 0.1447909 0.1312334 0.1366816 0.1147911 0.1164752 0.0174376 0.1605275 0.2333825 0.1197649 0.1245000 0.0885980 0.1147251 0.1371021 0.1549732 0.1261721 0.1110822 0.0836378 0.1147251 0.1179220 0.1213440 0.1254969 0.0988914 0.1090015 0.1369750 0.0542534 0.1269257 0.0000000 0.0940761 0.0887183 0.1502764 0.1198362 0.1602659 0.1360885 0.0834494 0.1284736 0.0947569 0.0887222 0.0879417 0.1342401 0.0884392 0.0735316 0.1198662 0.0685201 
SRR8528336  0.1200149 0.1260552 0.1011324 0.1168265 0.1423482 0.1165641 0.0424450 0.1098442 0.1068523 0.1737993 0.1476139 0.1105967 0.1445781 0.1202597 0.1367636 0.1046892 0.1112005 0.0989503 0.1602886 0.2427870 0.1274666 0.1359525 0.0546001 0.1095729 0.1378392 0.1700536 0.1262448 0.1058842 0.0545957 0.1095729 0.1179890 0.1161621 0.1308642 0.0644502 0.0788618 0.1370574 0.0685969 0.1269744 0.0940761 0.0000000 0.0788322 0.1503732 0.1199030 0.1677562 0.1361697 0.0736777 0.1177246 0.0948049 0.0837469 0.0776083 0.1010761 0.0835068 0.0639036 0.1095161 0.0589837 
SRR8528341  0.0932138 0.1091143 0.0748278 0.0888353 0.1143644 0.1084444 0.0325880 0.0835307 0.0840015 0.1433475 0.1194117 0.0888323 0.1061491 0.1028802 0.1090770 0.0833416 0.0943798 0.0885539 0.1208276 0.2063047 0.0839564 0.1063962 0.0635064 0.0932692 0.1148490 0.1354191 0.0937673 0.0594985 0.0635064 0.0932692 0.0906674 0.0943239 0.1138305 0.0781267 0.0878684 0.1093054 0.0541226 0.0995347 0.0887183 0.0788322 0.0000000 0.1215454 0.0931904 0.1070412 0.1086209 0.0586392 0.0746786 0.0496292 0.0588117 0.0419982 0.0888471 0.0586524 0.0217710 0.0932138 0.0353213 
SRR8528343  0.1274947 0.0502987 0.0977810 0.0889697 0.0550984 0.1166326 0.0845213 0.1065269 0.1426051 0.0916859 0.0598290 0.1233237 0.1456412 0.1338093 0.0502753 0.1439819 0.1514738 0.1499787 0.1615022 0.2178417 0.1749649 0.0644813 0.1267280 0.0359791 0.0650226 0.1742262 0.0459145 0.1398217 0.1320975 0.0359791 0.0465926 0.1173782 0.0648680 0.1378686 0.1490927 0.0599782 0.1161840 0.0458574 0.1502764 0.1503732 0.1215454 0.0000000 0.0359503 0.1676162 0.0596160 0.0848973 0.1582130 0.1393594 0.1109312 0.1166906 0.1715926 0.1213640 0.1051714 0.1167550 0.0946080 
SRR8528350  0.0986434 0.0219084 0.0750967 0.0954982 0.0263908 0.1038742 0.0571583 0.0838602 0.1168802 0.0599263 0.0308567 0.0944843 0.1210572 0.1033090 0.0218972 0.1140684 0.1260206 0.1196088 0.1361242 0.2244604 0.1425659 0.0381481 0.1031275 0.0086265 0.0355719 0.1486846 0.0175958 0.1099193 0.1031275 0.0086265 0.0178441 0.0947022 0.0354943 0.1084653 0.1291035 0.0309312 0.0881800 0.0175759 0.1198362 0.1199030 0.0931904 0.0359503 0.0000000 0.1547922 0.0307530 0.0588638 0.1268373 0.1095658 0.0832416 0.0873776 0.1324793 0.0978860 0.0779629 0.0935832 0.0681094 
SRR8528354  0.1416175 0.1744178 0.1393212 0.1069382 0.1808394 0.1251047 0.1011224 0.1142973 0.1582588 0.2097474 0.1868363 0.1428475 0.1474259 0.1615366 0.1743782 0.1534650 0.1631434 0.1599276 0.1398180 0.2194992 0.1729478 0.1414194 0.1242501 0.1549447 0.1876539 0.1862617 0.1559054 0.1558138 0.1475899 0.1549447 0.1476087 0.1299776 0.1736547 0.1659643 0.1656632 0.1742920 0.1188257 0.1634461 0.1602659 0.1677562 0.1070412 0.1676162 0.1547922 0.0000000 0.1669878 0.1068733 0.1690729 0.1491718 0.1418846 0.1055435 0.1653470 0.1232022 0.1182344 0.1192522 0.1123132 
SRR8528357  0.0932117 0.0446791 0.1006688 0.0954982 0.0493425 0.1097985 0.0724285 0.0785907 0.1223874 0.0797030 0.0489910 0.0946879 0.1359376 0.1142541 0.0446582 0.1250682 0.1361937 0.1358270 0.1513443 0.2331175 0.1543143 0.0633285 0.1187828 0.0307770 0.0308990 0.1751690 0.0403744 0.1249084 0.1187828 0.0307770 0.0360631 0.0949067 0.0588285 0.1242934 0.1454375 0.0263212 0.1034756 0.0403251 0.1360885 0.1361697 0.1086209 0.0596160 0.0307530 0.1669878 0.0000000 0.0637568 0.1422335 0.1195115 0.0928067 0.0978586 0.1502940 0.1085059 0.0929380 0.0988540 0.0828015 
SRR8528359  0.0541570 0.0737218 0.0696392 0.0554132 0.0786589 0.0442739 0.0277403 0.0403065 0.0784713 0.1106894 0.0834776 0.0311299 0.0987185 0.0417127 0.0736914 0.0734482 0.0890183 0.0832960 0.1131881 0.1828309 0.1046850 0.0793546 0.0585721 0.0589117 0.0789801 0.1223785 0.0641353 0.0841595 0.0585721 0.0589117 0.0555980 0.0500280 0.0736161 0.0730239 0.0826641 0.0738423 0.0539264 0.0693160 0.0834494 0.0736777 0.0586392 0.0848973 0.0588638 0.1068733 0.0637568 0.0000000 0.1001774 0.0737184 0.0539226 0.0514785 0.0884176 0.0631824 0.0444251 0.0401882 0.0397513 
SRR8528361  0.1320402 0.1441774 0.1076975 0.1124166 0.1498629 0.1609718 0.0631412 0.1163419 0.1020362 0.1822487 0.1431225 0.1397749 0.1236432 0.1511039 0.1441377 0.1112750 0.1007114 0.1174291 0.1390798 0.2400029 0.1169521 0.1380071 0.1006097 0.1269507 0.1491864 0.1866039 0.1333805 0.0310278 0.1006097 0.1269507 0.1073763 0.1348954 0.1439136 0.1165997 0.1271553 0.1431701 0.0904462 0.1396395 0.1284736 0.1177246 0.0746786 0.1582130 0.1268373 0.1690729 0.1422335 0.1001774 0.0000000 0.0595341 0.0896782 0.0892218 0.1067943 0.0951055 0.0597150 0.1212617 0.0745977 
SRR8528365  0.0936599 0.1261666 0.0908462 0.0968015 0.1316243 0.1283789 0.0475780 0.0939219 0.0954559 0.1677705 0.1252662 0.1106761 0.1301385 0.1203543 0.1261275 0.0993921 0.0999453 0.0990547 0.1456030 0.2368802 0.0893423 0.1124519 0.0685774 0.1096610 0.1259683 0.1568484 0.1157410 0.0402953 0.0787804 0.1096610 0.0962631 0.1059583 0.1309824 0.0939337 0.1039935 0.1202754 0.0739520 0.1216833 0.0947569 0.0948049 0.0496292 0.1393594 0.1095658 0.1491718 0.1195115 0.0737184 0.0595341 0.0000000 0.0638480 0.0621830 0.1060638 0.0689017 0.0355465 0.0986694 0.0495794 
SRR8528372  0.0827638 0.0988642 0.0847904 0.0952356 0.0983045 0.1094665 0.0373695 0.0732416 0.0522958 0.1378507 0.0981807 0.0890413 0.1284876 0.0975696 0.0988283 0.0584044 0.0587123 0.0885578 0.1437193 0.1968806 0.0996588 0.1063215 0.0682644 0.0833113 0.0987121 0.1358034 0.0889180 0.0740350 0.0682644 0.0833113 0.0700662 0.0892456 0.1086447 0.0829939 0.0927963 0.0933797 0.0635513 0.0944366 0.0887222 0.0837469 0.0588117 0.1109312 0.0832416 0.1418846 0.0928067 0.0539226 0.0896782 0.0638480 0.0000000 0.0567245 0.0997339 0.0681664 0.0445523 0.0882008 0.0398640 
SRR8528379  0.0868239 0.1038644 0.0731661 0.0804051 0.1093111 0.1025857 0.0289344 0.0721805 0.0819907 0.1332124 0.1145605 0.0875905 0.1227213 0.0968637 0.1038260 0.0823261 0.0885203 0.0877714 0.1380131 0.2034224 0.1048114 0.0890288 0.0565005 0.0874544 0.1097935 0.1365448 0.0881721 0.0782562 0.0616238 0.0874544 0.0845972 0.0826804 0.1034708 0.0768827 0.0870603 0.1040528 0.0469164 0.0992289 0.0879417 0.0776083 0.0419982 0.1166906 0.0873776 0.1055435 0.0978586 0.0514785 0.0892218 0.0621830 0.0567245 0.0000000 0.0954301 0.0561829 0.0370937 0.0768440 0.0136290 
SRR8528381  0.1278578 0.1448592 0.1241749 0.0879712 0.1625182 0.1109171 0.0711980 0.1171182 0.1184999 0.1772185 0.1623490 0.1280130 0.1288255 0.1338481 0.1564482 0.1111796 0.1238312 0.1396680 0.1289861 0.2162830 0.1591573 0.1248962 0.0888618 0.1269433 0.1577652 0.1897945 0.1450882 0.0953018 0.0784338 0.1269433 0.1308075 0.1294462 0.1386049 0.0944745 0.1051323 0.1513402 0.0943166 0.1517706 0.1342401 0.1010761 0.0888471 0.1715926 0.1324793 0.1653470 0.1502940 0.0884176 0.1067943 0.1060638 0.0997339 0.0954301 0.0000000 0.0887857 0.0833327 0.1215972 0.0779228 
SRR8528384  0.0873938 0.0983263 0.0745968 0.0750698 0.1191627 0.0917260 0.0324730 0.0834565 0.0943301 0.1538841 0.1190474 0.0988509 0.1284506 0.1078155 0.1138540 0.0979915 0.1042962 0.0932522 0.1436731 0.2069521 0.0993719 0.1060450 0.0777083 0.0879910 0.1043821 0.1170453 0.1037805 0.0792388 0.0680764 0.0879910 0.0904025 0.0883700 0.1083091 0.0827593 0.0826814 0.0989616 0.0633777 0.1094759 0.0884392 0.0835068 0.0586524 0.1213640 0.0978860 0.1232022 0.1085059 0.0631824 0.0951055 0.0689017 0.0681664 0.0561829 0.0887857 0.0000000 0.0444354 0.0979105 0.0489366 
SRR8528389  0.0828787 0.0933548 0.0598391 0.0618255 0.0984451 0.0922381 0.0183330 0.0685204 0.0680211 0.1317241 0.1033722 0.0787142 0.0990640 0.0867187 0.0933200 0.0683641 0.0789367 0.0733976 0.1135921 0.1899547 0.0688574 0.0896275 0.0491379 0.0780275 0.0988538 0.1225672 0.0835279 0.0450607 0.0491379 0.0780275 0.0751137 0.0788936 0.0980018 0.0633429 0.0728404 0.0935127 0.0445594 0.0889499 0.0735316 0.0639036 0.0217710 0.1051714 0.0779629 0.1182344 0.0929380 0.0444251 0.0597150 0.0355465 0.0445523 0.0370937 0.0833327 0.0444354 0.0000000 0.0779826 0.0217509 
SRR8528391  0.0886078 0.1095821 0.1056350 0.0626195 0.1148568 0.0876311 0.0571120 0.0406773 0.0999449 0.1495689 0.1199267 0.0744897 0.1141760 0.0823379 0.1095446 0.1091577 0.1050369 0.1196387 0.1291376 0.2349293 0.1310956 0.1235959 0.0734007 0.0936627 0.1153456 0.1550324 0.0994510 0.1097023 0.0930949 0.0936627 0.0910590 0.0798065 0.1143181 0.1085027 0.1186883 0.1097749 0.0783421 0.1051333 0.1198662 0.1095161 0.0932138 0.1167550 0.0935832 0.1192522 0.0988540 0.0401882 0.1212617 0.0986694 0.0882008 0.0768440 0.1215972 0.0979105 0.0779826 0.0000000 0.0729533 
SRR8528400  0.0777997 0.0831691 0.0597018 0.0746430 0.0881617 0.0919527 0.0136685 0.0635698 0.0627589 0.1154459 0.0930146 0.0736319 0.0986671 0.0813813 0.0831365 0.0634246 0.0738383 0.0683959 0.1131274 0.1896945 0.0838640 0.0788086 0.0444106 0.0681651 0.0885225 0.1161276 0.0686884 0.0594369 0.0444106 0.0681651 0.0650545 0.0737992 0.0877739 0.0584699 0.0678808 0.0833069 0.0398706 0.0787794 0.0685201 0.0589837 0.0353213 0.0946080 0.0681094 0.1123132 0.0828015 0.0397513 0.0745977 0.0495794 0.0398640 0.0136290 0.0779228 0.0489366 0.0217509 0.0729533 0.0000000 
