131
PAFTOL_019361 0.0000000 0.1334871 1.1297177 0.1710877 0.1427617 0.1327884 0.1345814 0.1476420 0.1389210 3.0758458 0.1408306 0.1705458 0.1264896 0.1272838 0.1411595 0.1387098 0.1349188 0.1330659 0.0000010 0.1985058 1.4886492 0.1375690 0.1266474 0.1385770 0.1273910 0.1535227 0.1444237 0.1584842 0.2204813 0.1264903 0.1559686 0.1365310 0.1254355 0.1373079 0.0000010 0.1374979 0.1284451 3.0758458 0.1592566 0.1450400 0.1579133 0.1319886 0.1227598 0.1492212 0.1467700 0.1394478 0.1373128 0.1387549 1.1297177 0.1452900 0.1443016 0.1451621 0.1661401 0.1398856 0.1327994 0.1369274 0.1330172 0.1578788 0.1547470 0.1466046 0.1284973 0.1490441 0.1367041 0.1415379 0.1758605 0.1126518 0.1427884 1.1297177 0.1335848 0.1165578 0.1540385 0.1567128 0.1154973 1.1297177 0.1280519 0.1259325 0.1216704 0.1403009 0.1457270 0.1660422 0.1535309 0.1382548 0.1337873 0.1276999 0.1399002 0.1399321 0.1557672 0.1320037 0.1330051 0.1450638 0.1330756 0.0000010 2.8183593 0.1266033 0.1456274 0.1246616 0.1523096 0.1184587 0.1319556 0.1467636 0.1577061 0.1334068 0.1075233 0.1449932 0.1388817 0.1464718 0.1212927 0.1389059 0.1739023 0.1294647 0.1557672 0.1326086 0.1410864 0.1494904 0.1403891 0.1442164 0.1502985 0.1319886 0.1513747 0.1435788 0.1520408 0.1478573 0.1515788 0.1557672 0.1511836 0.1409568 0.1440989 0.1482918 0.1368863 0.1342854 0.1418506 
S0055         0.1334871 0.0000000 0.0703023 0.0828756 0.0798293 0.0390709 0.0930542 0.0697602 0.0563882 0.0688515 0.0689395 0.0841531 0.0909451 0.0839457 0.0861429 0.0999706 0.0789288 0.0653159 0.0937556 0.1140790 0.0831609 0.0465129 0.0419904 0.0792202 0.0441687 0.0807416 0.0574823 0.0606015 0.0983672 0.0919658 0.0770769 0.0776049 0.0576358 0.0963220 0.0929146 0.0848806 0.0467652 0.0551972 0.0858070 0.0645330 0.0542758 0.0420261 0.0650593 0.0932540 0.0990360 0.0547989 0.0966160 0.0449456 0.0705867 0.0622103 0.0402881 0.0606223 0.0728266 0.0756641 0.0666956 0.0709092 0.0820507 0.0660464 0.0596985 0.0529830 0.0765626 0.0687663 0.0703240 0.0764970 0.0707675 0.0631383 0.1074682 0.1118104 0.0725007 0.0750579 0.0721688 0.0687109 0.0883512 0.0720614 0.0911469 0.0656071 0.0863881 0.0882113 0.0603433 0.0675680 0.1126323 0.0405053 0.0526415 0.0613213 0.0826134 0.0627332 0.0642188 0.1116492 0.0553843 0.0808536 0.0782482 0.0819328 0.1164763 0.0374565 0.0894549 0.0771033 0.0629177 0.0483331 0.0435964 0.0332705 0.0724564 0.0436255 0.0364688 0.0609385 0.0594264 0.0860214 0.0435823 0.0622766 0.1061448 0.0843729 0.0660737 0.0422553 0.1039436 0.0623191 0.0744300 0.0436084 0.0868938 0.0374249 0.0768464 0.0514304 0.0438976 0.0792436 0.0670452 0.0645605 0.0718470 0.0546212 0.0977215 0.0596993 0.0712044 0.0545991 0.0547875 
S0196sl       1.1297177 0.0703023 0.0000000 0.0827127 0.0378472 0.0649622 0.0838795 0.0705532 0.0564065 0.0763245 0.0888869 0.0856321 0.0876177 0.0845463 0.0884786 0.0876269 0.0702060 0.0709119 0.1064658 0.0908600 0.0704339 0.0767292 0.0736343 0.0797934 0.0548860 0.0705114 0.0024408 0.0707149 0.0740740 0.0910183 0.0674559 0.0682234 0.0628239 0.0980609 0.0878935 0.0825675 0.0764977 0.0595632 0.0881283 0.0590556 0.0662138 0.0707080 0.0269009 0.0766145 0.1169475 0.0715847 0.0910407 0.0675295 0.0593347 0.0023272 0.0646207 0.0000010 0.0047275 0.0587569 0.0245085 0.0701596 0.0758740 0.0559187 0.0557306 0.0505425 0.0843369 0.0700410 0.0674596 0.0734444 0.0857280 0.0200421 0.1147577 0.1190550 0.0914777 0.1145454 0.0520731 0.0467825 0.1019310 0.0070218 0.1164815 0.0673722 0.0912029 0.0770208 0.0669272 0.0639990 0.1392193 0.0705515 0.0735781 0.0567382 0.0826732 0.0558784 0.0587171 0.0876269 0.0533596 0.0762733 0.0773734 0.0804824 0.0878844 0.0591116 0.0768323 0.0799390 0.0589452 0.0885351 0.0710171 0.0840580 0.0760998 0.0620780 0.0182560 0.0588540 0.0536559 0.0767869 0.0738407 0.0046908 0.1111510 0.0427083 0.0563385 0.0685844 0.0626264 0.0615635 0.0650247 0.0676433 0.0788705 0.0534120 0.0760785 0.0835118 0.0433186 0.0862724 0.0709888 0.0648203 0.0530955 0.0534272 0.1228044 0.0173326 0.0712472 0.0735573 0.0561497 
S0278         0.1710877 0.0828756 0.0827127 0.0000000 0.0990853 0.0779211 0.0952913 0.0248441 0.0759136 0.1030882 0.0951788 0.0462015 0.0982594 0.0876055 0.0437238 0.1075022 0.0346521 0.0914533 0.1280122 0.1202707 0.0981695 0.0846370 0.0845064 0.0350573 0.0854150 0.0377946 0.0758917 0.0886665 0.0566580 0.0919163 0.0540428 0.0869740 0.0921142 0.1101349 0.0906501 0.0247160 0.0795284 0.0931887 0.0423481 0.0675390 0.0856141 0.0812536 0.0876610 0.0953695 0.1319676 0.1009883 0.1040848 0.0778540 0.0858756 0.0771501 0.0810599 0.0754880 0.0835726 0.0813219 0.0873959 0.0791502 0.0927439 0.0671169 0.0712404 0.0756279 0.0987485 0.0827087 0.0810257 0.0910074 0.0936729 0.0824350 0.1414877 0.1446836 0.0846762 0.0969267 0.0761928 0.0707058 0.1263343 0.0900946 0.1240664 0.0793086 0.1086723 0.0954917 0.0945127 0.0888762 0.1443075 0.0828260 0.0915569 0.0727445 0.0317934 0.0638157 0.0652934 0.1267002 0.0648991 0.0260467 0.0958922 0.0799649 0.1186535 0.0726954 0.0866901 0.0989602 0.0823306 0.0868001 0.0830855 0.1019141 0.0856141 0.0794986 0.0552070 0.0750642 0.0758349 0.0339321 0.0862464 0.0772318 0.0508967 0.1023461 0.0671445 0.0766168 0.1193122 0.0804108 0.0918662 0.0776668 0.0374370 0.0710396 0.0833924 0.0904356 0.0704705 0.1007447 0.0972796 0.0640586 0.0857657 0.0741444 0.1229392 0.0779719 0.0884912 0.0874849 0.0776504 
S0281         0.1427617 0.0798293 0.0378472 0.0990853 0.0000000 0.0744664 0.0996438 0.0838406 0.0648332 0.0980478 0.0993546 0.0974762 0.0990889 0.0831372 0.0933184 0.1066313 0.0812390 0.0794303 0.0998580 0.1172038 0.0926724 0.0831469 0.0830259 0.0885842 0.0776083 0.0847065 0.0328422 0.0921382 0.1037299 0.0967039 0.0776915 0.0834942 0.0802550 0.0974467 0.1051843 0.0903651 0.0837919 0.0832174 0.0968855 0.0834406 0.0861111 0.0797759 0.0297261 0.1013737 0.1118456 0.0835231 0.1049720 0.0829973 0.0711697 0.0395702 0.0795857 0.0380692 0.0487080 0.0764573 0.0266800 0.0799327 0.0781060 0.0796009 0.0758697 0.0764369 0.0993601 0.0812232 0.0778783 0.0824155 0.1169029 0.0334364 0.1145355 0.1244722 0.0790110 0.0881708 0.0780681 0.0761617 0.1037223 0.0400028 0.1096075 0.0713963 0.0895900 0.0807804 0.0866335 0.0848470 0.1300165 0.0813477 0.0861926 0.0752103 0.0900172 0.0761344 0.0776584 0.1254383 0.0655505 0.0915901 0.0825183 0.0936518 0.1092981 0.0712353 0.0787095 0.0869374 0.0727708 0.0888478 0.0816031 0.0935340 0.0816970 0.0716631 0.0491372 0.0711366 0.0647670 0.0881711 0.0794419 0.0396135 0.1052628 0.0571180 0.0763308 0.0801031 0.0650198 0.0760052 0.0799998 0.0794142 0.0958956 0.0727982 0.0860813 0.0889343 0.0723775 0.0907825 0.0816732 0.0780815 0.0777140 0.0764525 0.1213837 0.0478399 0.0767106 0.0870390 0.0752015 
S0282         0.1327884 0.0390709 0.0649622 0.0779211 0.0744664 0.0000000 0.0808538 0.0648617 0.0513424 0.0220266 0.0484183 0.0805519 0.0790481 0.0734849 0.0806251 0.0877690 0.0705924 0.0651818 0.0958111 0.0991663 0.0583920 0.0174411 0.0160509 0.0711875 0.0409934 0.0724614 0.0525758 0.0527451 0.0899188 0.0799243 0.0719773 0.0661037 0.0499488 0.0946371 0.0928560 0.0711880 0.0274343 0.0139019 0.0808503 0.0595207 0.0516192 0.0133363 0.0568244 0.0812229 0.1026172 0.0577709 0.0825927 0.0215479 0.0539366 0.0575148 0.0133094 0.0559470 0.0677090 0.0626762 0.0584193 0.0659778 0.0768865 0.0610162 0.0595825 0.0545776 0.0732769 0.0576132 0.0591340 0.0648500 0.0555414 0.0548748 0.1135327 0.1089495 0.0768973 0.0820519 0.0606630 0.0589013 0.0957225 0.0604113 0.0966062 0.0576097 0.0840397 0.0810734 0.0620383 0.0657366 0.1226060 0.0146825 0.0346333 0.0580584 0.0741629 0.0578544 0.0593250 0.1028736 0.0506262 0.0740694 0.0766120 0.0818789 0.0957127 0.0092477 0.0807278 0.0770682 0.0609174 0.0217248 0.0174630 0.0613444 0.0690889 0.0482114 0.0456071 0.0528520 0.0544126 0.0773421 0.0331999 0.0575763 0.0948804 0.0773366 0.0611372 0.0147702 0.0947576 0.0606332 0.0658755 0.0215912 0.0816887 0.0202508 0.0771526 0.0333805 0.0379372 0.0789788 0.0704004 0.0596385 0.0637583 0.0562267 0.1026898 0.0470407 0.0627295 0.0451605 0.0563982 
S0288         0.1345814 0.0930542 0.0838795 0.0952913 0.0996438 0.0808538 0.0000000 0.0865317 0.0687821 0.1017916 0.1033098 0.1026840 0.0121110 0.0577248 0.1040058 0.0067066 0.0944300 0.0737381 0.0973676 0.0224224 0.1132755 0.0858544 0.0858691 0.0915769 0.0850561 0.0952202 0.0759263 0.0972126 0.1069768 0.0094914 0.0889896 0.0785910 0.1000918 0.0803079 0.0161597 0.0956330 0.0896920 0.0917687 0.1043012 0.0828854 0.0909184 0.0825667 0.0853044 0.0094479 0.1333065 0.1009018 0.0134732 0.0858283 0.0687796 0.0838950 0.0823664 0.0821709 0.0902125 0.0717491 0.0889007 0.0882396 0.0659900 0.0858634 0.0834507 0.0737274 0.0347000 0.0730702 0.0695545 0.0810645 0.1133030 0.0836042 0.1414409 0.1298351 0.0806117 0.0728091 0.0682218 0.0648561 0.1269301 0.0835671 0.1274379 0.0678368 0.0974087 0.0635739 0.0973381 0.0804626 0.1486191 0.0841660 0.0892987 0.0638798 0.0932168 0.0856758 0.0855704 0.0184657 0.0680142 0.0894848 0.0577684 0.0079289 0.0203392 0.0755048 0.0702007 0.0855714 0.0721041 0.0934219 0.0895338 0.1036523 0.0821546 0.0810307 0.0717648 0.0717993 0.0654151 0.0915069 0.0842966 0.0822701 0.1121894 0.1034488 0.0875006 0.0813340 0.1227103 0.0765918 0.0808909 0.0877567 0.0954443 0.0736588 0.0983488 0.0919558 0.0765143 0.0911450 0.0821733 0.0841693 0.0762098 0.0755290 0.1368420 0.0796508 0.0811945 0.0916477 0.0722175 
S0289         0.1476420 0.0697602 0.0705532 0.0248441 0.0838406 0.0648617 0.0865317 0.0000000 0.0599096 0.0899618 0.0885117 0.0252625 0.0864107 0.0758467 0.0176407 0.0953784 0.0148165 0.0763087 0.1124025 0.1109113 0.0932147 0.0729888 0.0694214 0.0176996 0.0736518 0.0176610 0.0610736 0.0801431 0.0383976 0.0855268 0.0405673 0.0718139 0.0786241 0.0980090 0.0920585 0.0177603 0.0682058 0.0803307 0.0262891 0.0595385 0.0722784 0.0680883 0.0757670 0.0868656 0.1153214 0.0837458 0.0920341 0.0663812 0.0660424 0.0627389 0.0679297 0.0611365 0.0683442 0.0648636 0.0722388 0.0614611 0.0798171 0.0576989 0.0584152 0.0550118 0.0872518 0.0678589 0.0659241 0.0756346 0.0868705 0.0674625 0.1202358 0.1288071 0.0714819 0.0755639 0.0596822 0.0562509 0.1055959 0.0750146 0.1087618 0.0629933 0.0927436 0.0790004 0.0827601 0.0712303 0.1275332 0.0696263 0.0764003 0.0600680 0.0162616 0.0544872 0.0544188 0.1116278 0.0490955 0.0162720 0.0844870 0.0811836 0.1105597 0.0598412 0.0719949 0.0855321 0.0661244 0.0735115 0.0698443 0.0897427 0.0711455 0.0679913 0.0414444 0.0644615 0.0614124 0.0166448 0.0696973 0.0628070 0.0342294 0.0872014 0.0577227 0.0652676 0.1053467 0.0643245 0.0766244 0.0645979 0.0260318 0.0566733 0.0672563 0.0752311 0.0622490 0.0874059 0.0834990 0.0562377 0.0677936 0.0535614 0.1136723 0.0599594 0.0698691 0.0752677 0.0599755 
S0292         0.1389210 0.0563882 0.0564065 0.0759136 0.0648332 0.0513424 0.0687821 0.0599096 0.0000000 0.0699313 0.0796866 0.0722411 0.0672749 0.0621508 0.0739751 0.0756637 0.0639150 0.0451259 0.0524224 0.0863357 0.0690754 0.0609923 0.0593437 0.0659283 0.0602141 0.0672079 0.0433365 0.0676836 0.0839190 0.0680085 0.0527242 0.0439334 0.0696398 0.0772998 0.0664498 0.0710912 0.0581028 0.0583785 0.0754383 0.0531243 0.0650956 0.0562840 0.0507386 0.0710374 0.1017023 0.0662054 0.0724894 0.0593244 0.0289187 0.0513425 0.0561570 0.0498011 0.0579402 0.0454003 0.0491218 0.0470209 0.0602407 0.0497673 0.0467369 0.0331815 0.0603198 0.0481355 0.0435985 0.0503326 0.0830332 0.0486061 0.1157584 0.0972561 0.0649046 0.0606168 0.0431737 0.0400410 0.0914430 0.0532035 0.0970806 0.0391746 0.0612521 0.0658012 0.0721000 0.0287817 0.1229101 0.0577752 0.0642569 0.0317143 0.0673073 0.0482230 0.0496632 0.0915176 0.0352679 0.0689018 0.0631549 0.0564586 0.0747136 0.0483959 0.0623791 0.0564380 0.0134370 0.0645942 0.0579542 0.0703690 0.0332814 0.0530445 0.0296003 0.0133642 0.0106880 0.0689749 0.0612346 0.0498595 0.0873879 0.0691992 0.0529152 0.0565979 0.0810895 0.0202893 0.0469986 0.0594552 0.0700386 0.0483540 0.0592322 0.0595246 0.0521946 0.0580141 0.0469276 0.0468873 0.0480417 0.0346919 0.0898940 0.0424424 0.0439985 0.0661743 0.0318907 
S0293         3.0758458 0.0688515 0.0763245 0.1030882 0.0980478 0.0220266 0.1017916 0.0899618 0.0699313 0.0000000 0.0717626 0.1029566 0.1018744 0.0994189 0.1021203 0.1099098 0.0941675 0.0922388 0.1086699 0.1001282 0.0704418 0.0367648 0.0366890 0.0953463 0.0677879 0.0892459 0.0746408 0.0784511 0.0804620 0.1061927 0.0967290 0.0831114 0.0722454 0.1428333 0.1035237 0.0945574 0.0456116 0.0158261 0.1048809 0.0751733 0.0675494 0.0324843 0.0917410 0.0924770 0.1263141 0.0800634 0.1047077 0.0365415 0.0562396 0.0787195 0.0280694 0.0764305 0.0852380 0.0818815 0.0894769 0.0938372 0.1109275 0.0723616 0.0770858 0.0741635 0.1090324 0.0742412 0.0768682 0.0775414 0.0825701 0.0816846 0.1344328 0.1167033 0.1372989 0.1443541 0.0691928 0.0669843 0.1224180 0.0745306 0.1240164 0.0793189 0.1099857 0.1147326 0.0929549 0.0839734 0.1461148 0.0323586 0.0548306 0.0821870 0.0976061 0.0745327 0.0770615 0.1391453 0.0789325 0.0949730 0.1153136 0.0921956 0.0955015 0.0280945 0.1163339 0.1029769 0.0817586 0.0454445 0.0389998 0.0951354 0.0918688 0.0767052 0.0825250 0.0766209 0.0745378 0.0951424 0.0597772 0.0814586 0.1202443 0.0980180 0.0799335 0.0326741 0.1250953 0.0837998 0.0878039 0.0345408 0.1043374 0.0390926 0.1044508 0.0554829 0.0533080 0.1009271 0.0927229 0.0825546 0.0739913 0.0791865 0.1578164 0.0705687 0.0876293 0.0741350 0.0767856 
S0294         0.1408306 0.0689395 0.0888869 0.0951788 0.0993546 0.0484183 0.1033098 0.0885117 0.0796866 0.0717626 0.0000000 0.1038397 0.1009144 0.0954597 0.1035423 0.1102971 0.0962536 0.0879404 0.1201792 0.1268627 0.0888497 0.0545665 0.0545450 0.0951960 0.0666316 0.0915049 0.0743117 0.0774887 0.1135229 0.1014102 0.0942737 0.0956338 0.0761443 0.1265328 0.1350862 0.0901659 0.0596008 0.0603648 0.0969932 0.0827632 0.0763932 0.0469142 0.0809576 0.1032119 0.1353992 0.0831665 0.1051085 0.0513941 0.0915837 0.0821030 0.0498373 0.0804197 0.0937199 0.0932149 0.0824213 0.0915547 0.1058351 0.0828189 0.0853987 0.0811167 0.1010561 0.0878257 0.0895648 0.0980419 0.0553347 0.0828067 0.1430838 0.1307929 0.1045341 0.1107214 0.0898529 0.0898867 0.1313866 0.0956076 0.1275834 0.0879212 0.1101151 0.1052600 0.0905990 0.0865741 0.1521600 0.0514184 0.0641487 0.0816835 0.0914930 0.0793250 0.0841430 0.1254862 0.0786200 0.0981365 0.1014210 0.1224436 0.1289367 0.0437637 0.1064189 0.1008690 0.0861869 0.0580685 0.0562297 0.0903364 0.0986521 0.0741578 0.0703901 0.0828597 0.0828974 0.0984197 0.0609707 0.0821897 0.1194775 0.1045482 0.0861690 0.0453847 0.1197236 0.0859247 0.0900355 0.0527401 0.1027947 0.0497266 0.1049339 0.0625170 0.0536393 0.1047763 0.0969897 0.0846051 0.0961423 0.0829427 0.1434131 0.0735388 0.0866783 0.0713477 0.0798948 
S0299         0.1705458 0.0841531 0.0856321 0.0462015 0.0974762 0.0805519 0.1026840 0.0252625 0.0722411 0.1029566 0.1038397 0.0000000 0.1038645 0.0894225 0.0383823 0.1134194 0.0308012 0.0891132 0.1234808 0.1248293 0.0996635 0.0856786 0.0855339 0.0416808 0.0883141 0.0414584 0.0753708 0.0951440 0.0539788 0.1013042 0.0534670 0.0901924 0.0956436 0.1085432 0.0902977 0.0355778 0.0825682 0.0930835 0.0447429 0.0768462 0.0923281 0.0801807 0.0874666 0.1044337 0.1128012 0.0988896 0.1099001 0.0838257 0.0807300 0.0801309 0.0837392 0.0784307 0.0848722 0.0826158 0.0854906 0.0755018 0.0947451 0.0681333 0.0693445 0.0735978 0.0971365 0.0892512 0.0857831 0.0943728 0.1014573 0.0821677 0.1256335 0.1333837 0.0875692 0.0915837 0.0793926 0.0772169 0.1049119 0.0901911 0.1085751 0.0789930 0.1029859 0.0979006 0.1013355 0.0858371 0.1329145 0.0820096 0.0892485 0.0793448 0.0383736 0.0696860 0.0711977 0.1295703 0.0643745 0.0383286 0.0978872 0.0800428 0.1170306 0.0752281 0.0867765 0.0953587 0.0787091 0.0861494 0.0840080 0.1035320 0.0839599 0.0859697 0.0454123 0.0769599 0.0721655 0.0331714 0.0839124 0.0785249 0.0494271 0.1028678 0.0731247 0.0825942 0.1219031 0.0751222 0.0879303 0.0852184 0.0396789 0.0718983 0.0798035 0.0915626 0.0764074 0.1028157 0.0914769 0.0683320 0.0787796 0.0720951 0.1119372 0.0808679 0.0845431 0.0922181 0.0756326 
S0303         0.1264896 0.0909451 0.0876177 0.0982594 0.0990889 0.0790481 0.0121110 0.0864107 0.0672749 0.1018744 0.1009144 0.1038645 0.0000000 0.0613608 0.1051284 0.0146340 0.0940052 0.0754587 0.1074676 0.0321561 0.1133945 0.0826545 0.0839427 0.0930406 0.0781839 0.0930484 0.0742042 0.0984363 0.1132680 0.0120294 0.0937095 0.0819651 0.0962415 0.0785269 0.0162374 0.0986284 0.0876633 0.0920650 0.1036614 0.0828049 0.0890919 0.0791957 0.0833678 0.0201389 0.1303137 0.0952765 0.0119214 0.0855825 0.0695412 0.0820227 0.0805273 0.0803413 0.0902919 0.0752348 0.0868731 0.0862424 0.0645394 0.0839376 0.0799844 0.0721024 0.0388943 0.0746556 0.0680515 0.0825382 0.1103735 0.0833803 0.1360337 0.1324699 0.0748098 0.0628533 0.0701594 0.0683368 0.1210718 0.0840311 0.1245185 0.0650419 0.0972190 0.0638315 0.0902008 0.0786748 0.1471953 0.0822808 0.0872880 0.0657431 0.0928154 0.0837579 0.0836571 0.0268758 0.0681014 0.0894473 0.0565131 0.0079664 0.0179563 0.0738344 0.0670825 0.0889072 0.0739775 0.0912955 0.0875127 0.1032214 0.0819680 0.0843314 0.0659261 0.0702252 0.0641837 0.0966239 0.0824056 0.0804362 0.1153899 0.1047252 0.0855358 0.0795069 0.1216373 0.0749072 0.0809626 0.0857803 0.0950010 0.0737681 0.1012922 0.0898609 0.0748905 0.0910326 0.0840178 0.0825498 0.0761388 0.0738581 0.1267554 0.0778634 0.0812610 0.0917142 0.0706260 
S0308         0.1272838 0.0839457 0.0845463 0.0876055 0.0831372 0.0734849 0.0577248 0.0758467 0.0621508 0.0994189 0.0954597 0.0894225 0.0613608 0.0000000 0.0942085 0.0664376 0.0818154 0.0735295 0.1055319 0.0748622 0.1089692 0.0818404 0.0750009 0.0789557 0.0706756 0.0840831 0.0621603 0.0879721 0.1073680 0.0555991 0.0830774 0.0720856 0.0873718 0.0717316 0.0610966 0.0879418 0.0805042 0.0920202 0.0947845 0.0791469 0.0835957 0.0768023 0.0732307 0.0633152 0.1151212 0.0825609 0.0582966 0.0750866 0.0696026 0.0717917 0.0766194 0.0701291 0.0830897 0.0670129 0.0731078 0.0774479 0.0612263 0.0720407 0.0800215 0.0637768 0.0594798 0.0664773 0.0712801 0.0775442 0.1010898 0.0692939 0.1319054 0.1518104 0.0630986 0.0751093 0.0648020 0.0612598 0.1115601 0.0865964 0.1088679 0.0664700 0.0920261 0.0584790 0.0890018 0.0735150 0.1317045 0.0783730 0.0822174 0.0606302 0.0838881 0.0718838 0.0734113 0.0814842 0.0645074 0.0854842 0.0609194 0.0513486 0.0683539 0.0682968 0.0638362 0.0864006 0.0654092 0.0858296 0.0768828 0.0851367 0.0685174 0.0788431 0.0540620 0.0635474 0.0605496 0.0836588 0.0820072 0.0685196 0.1040022 0.0908719 0.0736260 0.0755574 0.1051730 0.0666201 0.0742941 0.0752595 0.0825774 0.0650924 0.0856078 0.0843488 0.0646398 0.0880624 0.0787252 0.0705217 0.0682806 0.0655144 0.1242304 0.0674689 0.0743866 0.0811872 0.0657192 
S0320         0.1411595 0.0861429 0.0884786 0.0437238 0.0933184 0.0806251 0.1040058 0.0176407 0.0739751 0.1021203 0.1035423 0.0383823 0.1051284 0.0942085 0.0000000 0.1127354 0.0272732 0.0843740 0.1250625 0.1314205 0.1087465 0.0890149 0.0838708 0.0333519 0.0850466 0.0302219 0.0722821 0.0985346 0.0507062 0.1045408 0.0538431 0.0882917 0.0990550 0.1152089 0.1066578 0.0288223 0.0843749 0.0923190 0.0392316 0.0768156 0.0906426 0.0839567 0.0891374 0.1074270 0.1213836 0.0970770 0.1110727 0.0823161 0.0830906 0.0752111 0.0837570 0.0735630 0.0815208 0.0842231 0.0853329 0.0739303 0.0915627 0.0764068 0.0645054 0.0755581 0.1064424 0.0873885 0.0852802 0.0958211 0.1124900 0.0789289 0.1241537 0.1370902 0.0828684 0.0845900 0.0759568 0.0723223 0.1117633 0.0922204 0.1155347 0.0806499 0.1046790 0.0925731 0.1012996 0.0906293 0.1376598 0.0822039 0.0925528 0.0776785 0.0302453 0.0714434 0.0728514 0.1304237 0.0598988 0.0288748 0.0995638 0.0954227 0.1296027 0.0753922 0.0884115 0.0971318 0.0803443 0.0862809 0.0857915 0.1018501 0.0872038 0.0808111 0.0456523 0.0786400 0.0738989 0.0236351 0.0856295 0.0752906 0.0536902 0.0987672 0.0764383 0.0844365 0.1155717 0.0784462 0.0864192 0.0836858 0.0388421 0.0721189 0.0766484 0.0914423 0.0816606 0.1009879 0.0934302 0.0749190 0.0837396 0.0740756 0.1176135 0.0755358 0.0795039 0.0934933 0.0775788 
S0322         0.1387098 0.0999706 0.0876269 0.1075022 0.1066313 0.0877690 0.0067066 0.0953784 0.0756637 0.1099098 0.1102971 0.1134194 0.0146340 0.0664376 0.1127354 0.0000000 0.1030758 0.0840601 0.1078341 0.0264786 0.1219013 0.0930497 0.0927744 0.1021559 0.0869664 0.1021630 0.0829920 0.1041612 0.1157991 0.0120797 0.0992921 0.0907193 0.1054111 0.0856233 0.0290237 0.1061351 0.0966222 0.0999318 0.1130490 0.0916570 0.0982085 0.0894838 0.0922961 0.0120064 0.1405638 0.1044846 0.0174225 0.0944513 0.0769175 0.0907798 0.0892678 0.0890545 0.0995523 0.0821401 0.0958968 0.0951871 0.0729163 0.0927668 0.0907165 0.0806089 0.0390214 0.0831569 0.0763697 0.0913644 0.1174698 0.0907296 0.1465549 0.1415073 0.0876592 0.0795243 0.0787664 0.0752079 0.1331520 0.0916904 0.1348942 0.0733032 0.1064503 0.0706751 0.1025963 0.0873447 0.1578451 0.0910746 0.0962007 0.0741003 0.1019023 0.0925667 0.0924544 0.0211421 0.0766073 0.0984524 0.0631874 0.0203385 0.0221152 0.0823981 0.0770640 0.0944243 0.0808945 0.1003654 0.0964516 0.1126580 0.0890380 0.0897994 0.0739731 0.0786595 0.0725062 0.1024370 0.0912147 0.0891601 0.1252810 0.1105117 0.0943989 0.0882858 0.1296189 0.0834357 0.0897509 0.0946733 0.1040382 0.0806558 0.1070355 0.0989176 0.0835905 0.1000687 0.0911418 0.0913724 0.0846603 0.0824219 0.1446906 0.0849299 0.0900870 0.0990440 0.0791103 
S0327         0.1349188 0.0789288 0.0702060 0.0346521 0.0812390 0.0705924 0.0944300 0.0148165 0.0639150 0.0941675 0.0962536 0.0308012 0.0940052 0.0818154 0.0272732 0.1030758 0.0000000 0.0804226 0.1142455 0.1173225 0.0923607 0.0787563 0.0770086 0.0274151 0.0794682 0.0272754 0.0620793 0.0843202 0.0429855 0.0916324 0.0416013 0.0809739 0.0813880 0.0985249 0.1009551 0.0259807 0.0741984 0.0796242 0.0346110 0.0636427 0.0799118 0.0738340 0.0765319 0.0945361 0.1101888 0.0862287 0.0997119 0.0737367 0.0702022 0.0636118 0.0736618 0.0620219 0.0709384 0.0738064 0.0729262 0.0638862 0.0855918 0.0567441 0.0562304 0.0654557 0.0960272 0.0768886 0.0748892 0.0849024 0.0945881 0.0682996 0.1189976 0.1360071 0.0849866 0.0866419 0.0705389 0.0668790 0.1067933 0.0743623 0.1078135 0.0703592 0.0935065 0.0882206 0.0882141 0.0800686 0.1297858 0.0753722 0.0821890 0.0674603 0.0244095 0.0569586 0.0584071 0.1217290 0.0532701 0.0272717 0.0902068 0.0899426 0.1123726 0.0655307 0.0776772 0.0895821 0.0717342 0.0793183 0.0756060 0.0975809 0.0767476 0.0756002 0.0383205 0.0684495 0.0638507 0.0221176 0.0770582 0.0636794 0.0427652 0.0912205 0.0601859 0.0742518 0.1076166 0.0683039 0.0775040 0.0735050 0.0285468 0.0592187 0.0680736 0.0810489 0.0680272 0.0933223 0.0859785 0.0587105 0.0733819 0.0639993 0.1089491 0.0639679 0.0707937 0.0794487 0.0673725 
S0335         0.1330659 0.0653159 0.0709119 0.0914533 0.0794303 0.0651818 0.0737381 0.0763087 0.0451259 0.0922388 0.0879404 0.0891132 0.0754587 0.0735295 0.0843740 0.0840601 0.0804226 0.0000000 0.0389508 0.0988899 0.0844222 0.0719160 0.0733925 0.0811066 0.0662696 0.0839307 0.0510950 0.0740213 0.1031239 0.0779269 0.0785631 0.0673829 0.0826288 0.0869682 0.0715741 0.0864377 0.0756829 0.0776950 0.0908682 0.0727660 0.0646712 0.0670923 0.0598616 0.0777152 0.1161387 0.0738235 0.0808262 0.0733681 0.0512783 0.0606245 0.0669383 0.0590434 0.0711490 0.0623559 0.0614580 0.0563540 0.0682610 0.0706957 0.0614267 0.0496529 0.0784443 0.0651348 0.0604099 0.0726949 0.1119664 0.0579953 0.1233313 0.1131244 0.0693779 0.0789541 0.0572511 0.0523555 0.1073674 0.0674766 0.1081966 0.0603441 0.0545967 0.0723866 0.0783891 0.0529939 0.1319769 0.0686074 0.0784978 0.0453760 0.0841544 0.0690326 0.0720435 0.1006373 0.0521684 0.0824056 0.0661773 0.0613886 0.0848034 0.0620676 0.0786504 0.0407202 0.0513481 0.0772960 0.0719980 0.0711729 0.0607696 0.0637692 0.0340960 0.0465207 0.0421041 0.0823621 0.0754428 0.0591127 0.0986054 0.0792781 0.0739576 0.0674686 0.0949782 0.0510433 0.0363592 0.0735330 0.0917604 0.0620130 0.0755056 0.0773809 0.0614477 0.0422164 0.0202747 0.0692043 0.0571986 0.0512639 0.0973340 0.0595509 0.0363727 0.0708151 0.0483770 
S0345         0.0000010 0.0937556 0.1064658 0.1280122 0.0998580 0.0958111 0.0973676 0.1124025 0.0524224 0.1086699 0.1201792 0.1234808 0.1074676 0.1055319 0.1250625 0.1078341 0.1142455 0.0389508 0.0000000 0.1047478 0.1029375 0.1062720 0.0998206 0.1210504 0.0896306 0.1049512 0.0723793 0.0932312 0.1187238 0.1064978 0.1019094 0.0842957 0.1119680 0.1457708 0.1112961 0.1243193 0.1057960 0.0845790 0.1173293 0.1008030 0.0858630 0.0970377 0.0891041 0.1044910 0.1418931 0.0819345 0.1083342 0.1083770 0.0719962 0.0891659 0.0900255 0.0862256 0.0933895 0.0863928 0.0864536 0.0836335 0.1151480 0.0902587 0.0815910 0.0604772 0.1141214 0.0769272 0.0833167 0.0861107 0.1576700 0.0823540 0.1330813 0.1446410 0.1014729 0.1059805 0.0736127 0.0659598 0.1399841 0.0949704 0.1377790 0.0833682 0.0615860 0.1027221 0.1041602 0.0575190 0.1501321 0.0995536 0.1086233 0.0574621 0.1187910 0.0931854 0.0993453 0.1462831 0.0723154 0.1155035 0.1108293 0.0995134 0.1062209 0.0902471 0.1239005 0.0311151 0.0576321 0.1156801 0.0969540 0.0927262 0.0723069 0.0866252 0.0478088 0.0603475 0.0496393 0.1052375 0.1092949 0.0895372 0.1361144 0.0995344 0.1030621 0.0945133 0.1083563 0.0633650 0.0500185 0.0991334 0.1237692 0.0930679 0.0961643 0.0994279 0.0855329 0.0260243 0.0444407 0.1002528 0.0770434 0.0631910 0.1284460 0.0788141 0.0552591 0.1059107 0.0635884 
S0355         0.1985058 0.1140790 0.0908600 0.1202707 0.1172038 0.0991663 0.0224224 0.1109113 0.0863357 0.1001282 0.1268627 0.1248293 0.0321561 0.0748622 0.1314205 0.0264786 0.1173225 0.0988899 0.1047478 0.0000000 0.1116356 0.1067485 0.1028671 0.1127960 0.1004087 0.1201383 0.0963513 0.1185992 0.1198658 0.0281345 0.1114353 0.1006284 0.1198700 0.1020465 0.0161597 0.1167884 0.1105531 0.0902813 0.1317930 0.1068757 0.1124255 0.1029515 0.1006595 0.0294503 0.1493129 0.1168987 0.0307363 0.1046272 0.0722998 0.1024918 0.1026906 0.0990314 0.1003209 0.0912681 0.1044418 0.1019067 0.0888454 0.1044139 0.0991305 0.0934756 0.0594002 0.0908881 0.0854453 0.0976464 0.1540539 0.1008246 0.1660661 0.1418568 0.1102822 0.1031324 0.0898975 0.0877760 0.1463300 0.0820656 0.1454320 0.0839219 0.1175245 0.0884174 0.1185552 0.0968863 0.1695078 0.1046214 0.1100465 0.0865924 0.1198144 0.1061700 0.1060347 0.0399199 0.0928655 0.1124821 0.0817226 0.0079289 0.0200930 0.0953945 0.0931155 0.1063645 0.0917323 0.1145565 0.1067582 0.1277822 0.1006155 0.1032973 0.0991076 0.0896290 0.0848841 0.1170228 0.1083588 0.0972896 0.1262570 0.1192291 0.1100716 0.1017503 0.1412758 0.0946367 0.0997401 0.1048837 0.1182500 0.0933941 0.1160298 0.1130561 0.0912557 0.1104415 0.1009551 0.1049712 0.0941581 0.0954178 0.1641119 0.0981981 0.1018777 0.1090304 0.0919102 
S0376         1.4886492 0.0831609 0.0704339 0.0981695 0.0926724 0.0583920 0.1132755 0.0932147 0.0690754 0.0704418 0.0888497 0.0996635 0.1133945 0.1089692 0.1087465 0.1219013 0.0923607 0.0844222 0.1029375 0.1116356 0.0000000 0.0634123 0.0755484 0.1038921 0.0729477 0.0948122 0.0590343 0.0402536 0.0889041 0.1145487 0.0893762 0.0959132 0.0866020 0.1362957 0.1031345 0.1008669 0.0756751 0.0565878 0.1164871 0.0696418 0.0720662 0.0635319 0.0812863 0.1062130 0.1307349 0.0901777 0.1169728 0.0679963 0.0704967 0.0688789 0.0608291 0.0665673 0.0750614 0.0868618 0.0790034 0.0816991 0.1062420 0.0697340 0.0693188 0.0764282 0.1218675 0.0942149 0.0919224 0.0979833 0.1133708 0.0760534 0.1352917 0.1127973 0.1161120 0.1224603 0.0765507 0.0741134 0.1230123 0.0671848 0.1284525 0.0892679 0.1102072 0.1134161 0.0683207 0.0740485 0.1472536 0.0657743 0.0780886 0.0746410 0.1065003 0.0719745 0.0745557 0.1534045 0.0715107 0.0984193 0.1107466 0.0918568 0.1092370 0.0561785 0.1086562 0.0951866 0.0761666 0.0782416 0.0707369 0.0928535 0.0846897 0.0665702 0.0540529 0.0758495 0.0688935 0.0933448 0.0863471 0.0715974 0.1135272 0.0873303 0.0774663 0.0591578 0.1145298 0.0790220 0.0849400 0.0658709 0.1054648 0.0585649 0.0948309 0.0838267 0.0595889 0.0879272 0.0848707 0.0747661 0.0811585 0.0816225 0.1333295 0.0698978 0.0847670 0.0401664 0.0791427 
S0400         0.1375690 0.0465129 0.0767292 0.0846370 0.0831469 0.0174411 0.0858544 0.0729888 0.0609923 0.0367648 0.0545665 0.0856786 0.0826545 0.0818404 0.0890149 0.0930497 0.0787563 0.0719160 0.1062720 0.1067485 0.0634123 0.0000000 0.0229632 0.0794284 0.0470970 0.0806905 0.0606809 0.0511169 0.0982693 0.0851267 0.0801453 0.0742149 0.0530537 0.1033542 0.0929755 0.0761326 0.0317449 0.0241853 0.0892630 0.0656872 0.0563000 0.0092643 0.0650683 0.0879935 0.1080007 0.0642634 0.0877945 0.0285602 0.0635213 0.0653676 0.0146793 0.0637660 0.0778457 0.0706920 0.0667049 0.0724268 0.0853194 0.0690947 0.0661221 0.0623932 0.0788631 0.0654837 0.0638684 0.0714595 0.0666790 0.0649061 0.1172740 0.1175831 0.0791632 0.0842811 0.0687800 0.0653549 0.1022502 0.0748600 0.1020537 0.0621366 0.0946413 0.0896740 0.0621195 0.0706829 0.1282507 0.0133334 0.0419777 0.0659910 0.0824332 0.0657576 0.0672473 0.1086022 0.0568950 0.0787762 0.0850135 0.0819829 0.1064072 0.0160082 0.0892217 0.0841105 0.0707913 0.0217464 0.0244183 0.0678600 0.0723593 0.0513076 0.0455281 0.0624463 0.0607208 0.0841172 0.0390482 0.0654371 0.1022041 0.0845440 0.0691232 0.0147826 0.0987643 0.0685490 0.0726889 0.0272054 0.0900454 0.0272689 0.0821347 0.0407415 0.0454202 0.0860855 0.0772880 0.0624400 0.0701577 0.0640886 0.0973624 0.0565193 0.0694789 0.0468112 0.0642849 
S0405         0.1266474 0.0419904 0.0736343 0.0845064 0.0830259 0.0160509 0.0858691 0.0694214 0.0593437 0.0366890 0.0545450 0.0855339 0.0839427 0.0750009 0.0838708 0.0927744 0.0770086 0.0733925 0.0998206 0.1028671 0.0755484 0.0229632 0.0000000 0.0744143 0.0439572 0.0789261 0.0605802 0.0588501 0.0920339 0.0848765 0.0783948 0.0724846 0.0560435 0.0996262 0.1153169 0.0776630 0.0331470 0.0200135 0.0841376 0.0658867 0.0577541 0.0187977 0.0649782 0.0861687 0.1006863 0.0578174 0.0842000 0.0271171 0.0633732 0.0637041 0.0187593 0.0621117 0.0760542 0.0689868 0.0666124 0.0707369 0.0835048 0.0673986 0.0643714 0.0607414 0.0787268 0.0638163 0.0653548 0.0713590 0.0553838 0.0647954 0.1115094 0.1200011 0.0868894 0.0894847 0.0654259 0.0636331 0.0977017 0.0699245 0.0925949 0.0638119 0.0910747 0.0861168 0.0682780 0.0721913 0.1187018 0.0174049 0.0404503 0.0627079 0.0789974 0.0640826 0.0655667 0.1064417 0.0568077 0.0805547 0.0815538 0.1035299 0.1085383 0.0119303 0.0892329 0.0823257 0.0690838 0.0217099 0.0174637 0.0612977 0.0754935 0.0542558 0.0527038 0.0607928 0.0623918 0.0822996 0.0390001 0.0606639 0.1002299 0.0860585 0.0674264 0.0202788 0.1038003 0.0668679 0.0709651 0.0271723 0.0849206 0.0258261 0.0803981 0.0392120 0.0438597 0.0809576 0.0787822 0.0659150 0.0700373 0.0624248 0.1056118 0.0533260 0.0709660 0.0499212 0.0626156 
S0407sl       0.1385770 0.0792202 0.0797934 0.0350573 0.0885842 0.0711875 0.0915769 0.0176996 0.0659283 0.0953463 0.0951960 0.0416808 0.0930406 0.0789557 0.0333519 0.1021559 0.0274151 0.0811066 0.1210504 0.1127960 0.1038921 0.0794284 0.0744143 0.0000000 0.0837771 0.0232451 0.0690417 0.0900712 0.0473638 0.0920482 0.0480711 0.0745022 0.0867377 0.1027675 0.1194833 0.0233552 0.0744700 0.0855877 0.0334445 0.0723260 0.0805918 0.0744595 0.0821739 0.0918425 0.1124314 0.0936634 0.0953464 0.0743603 0.0759413 0.0704412 0.0723322 0.0688117 0.0780655 0.0694152 0.0784610 0.0675781 0.0880217 0.0687915 0.0663992 0.0674854 0.0907384 0.0723390 0.0672056 0.0785490 0.0964299 0.0772981 0.1176359 0.1434836 0.0805145 0.0915476 0.0679142 0.0642955 0.1076021 0.0800140 0.1047726 0.0658551 0.1012444 0.0855226 0.0944165 0.0822678 0.1267647 0.0760114 0.0812248 0.0644441 0.0261061 0.0654703 0.0669530 0.1187576 0.0535410 0.0260816 0.0892868 0.1076583 0.1219325 0.0660770 0.0814984 0.0903408 0.0721933 0.0800007 0.0730016 0.1018110 0.0806297 0.0794124 0.0502476 0.0690155 0.0675198 0.0325961 0.0796437 0.0673433 0.0432630 0.0971253 0.0688198 0.0748843 0.1119007 0.0703563 0.0766198 0.0757318 0.0390468 0.0597303 0.0701248 0.0799604 0.0704398 0.0941315 0.0883935 0.0673088 0.0740895 0.0660162 0.1150392 0.0660923 0.0747301 0.0817789 0.0694329 
S0412sl       0.1273910 0.0441687 0.0548860 0.0854150 0.0776083 0.0409934 0.0850561 0.0736518 0.0602141 0.0677879 0.0666316 0.0883141 0.0781839 0.0706756 0.0850466 0.0869664 0.0794682 0.0662696 0.0896306 0.1004087 0.0729477 0.0470970 0.0439572 0.0837771 0.0000000 0.0800503 0.0518993 0.0568279 0.1039520 0.0757164 0.0759507 0.0735419 0.0524083 0.0923007 0.0867597 0.0854741 0.0520513 0.0562552 0.0836456 0.0665614 0.0571302 0.0439954 0.0530825 0.0853701 0.1101323 0.0355938 0.0835447 0.0469584 0.0670627 0.0552123 0.0438985 0.0536334 0.0671868 0.0667441 0.0546869 0.0701437 0.0745699 0.0680893 0.0653481 0.0584690 0.0760625 0.0679622 0.0663166 0.0757299 0.0850483 0.0527363 0.1190672 0.1202025 0.0720683 0.0749822 0.0695832 0.0694007 0.0973644 0.0592945 0.1018582 0.0632570 0.0806050 0.0824389 0.0663761 0.0651623 0.1263975 0.0424487 0.0533871 0.0604723 0.0782396 0.0631519 0.0662342 0.1004711 0.0576392 0.0749183 0.0741682 0.0754925 0.0943139 0.0393468 0.0838152 0.0750805 0.0668665 0.0504163 0.0455939 0.0574474 0.0717094 0.0536755 0.0352176 0.0600178 0.0586283 0.0846578 0.0532515 0.0552723 0.1105678 0.0737744 0.0681176 0.0427150 0.0914730 0.0567588 0.0704289 0.0470587 0.0822254 0.0379399 0.0781662 0.0552742 0.0399100 0.0804436 0.0699847 0.0650888 0.0710449 0.0586595 0.1007137 0.0480829 0.0671948 0.0555321 0.0603482 
S0417         0.1535227 0.0807416 0.0705114 0.0377946 0.0847065 0.0724614 0.0952202 0.0176610 0.0672079 0.0892459 0.0915049 0.0414584 0.0930484 0.0840831 0.0302219 0.1021630 0.0272754 0.0839307 0.1049512 0.1201383 0.0948122 0.0806905 0.0789261 0.0232451 0.0800503 0.0000000 0.0670175 0.0878550 0.0489108 0.0923603 0.0507997 0.0829373 0.0850422 0.1022845 0.0972480 0.0289955 0.0761037 0.0796963 0.0303777 0.0672530 0.0834241 0.0757288 0.0786117 0.0969653 0.1124439 0.0932010 0.0987804 0.0788993 0.0702653 0.0667612 0.0707161 0.0668386 0.0759670 0.0756890 0.0749522 0.0687695 0.0821916 0.0636923 0.0592710 0.0687621 0.0947652 0.0755643 0.0767792 0.0850761 0.0992789 0.0684872 0.1135894 0.1302183 0.0755532 0.0846618 0.0640874 0.0622013 0.1024442 0.0766582 0.1045952 0.0722206 0.1023524 0.0833335 0.0939538 0.0802310 0.1247201 0.0772770 0.0789476 0.0708047 0.0162022 0.0635324 0.0619081 0.1187633 0.0517662 0.0260188 0.0870732 0.0862075 0.1105470 0.0673538 0.0778789 0.0947242 0.0734623 0.0812700 0.0775176 0.1011280 0.0801697 0.0774076 0.0432899 0.0702887 0.0671397 0.0324235 0.0776371 0.0685241 0.0475179 0.0896414 0.0668462 0.0745393 0.1059733 0.0716237 0.0844019 0.0769936 0.0359337 0.0641443 0.0777757 0.0830149 0.0684082 0.0985281 0.0929333 0.0653471 0.0750212 0.0657944 0.1230428 0.0657793 0.0775470 0.0829380 0.0690398 
S0419         0.1444237 0.0574823 0.0024408 0.0758917 0.0328422 0.0525758 0.0759263 0.0610736 0.0433365 0.0746408 0.0743117 0.0753708 0.0742042 0.0621603 0.0722821 0.0829920 0.0620793 0.0510950 0.0723793 0.0963513 0.0590343 0.0606809 0.0605802 0.0690417 0.0518993 0.0670175 0.0000000 0.0610230 0.0757814 0.0750406 0.0555898 0.0608986 0.0532122 0.0677230 0.0782607 0.0709740 0.0627459 0.0602179 0.0737732 0.0576707 0.0549799 0.0558845 0.0168959 0.0746223 0.0959382 0.0612354 0.0796845 0.0572997 0.0461491 0.0053853 0.0557560 0.0040298 0.0126379 0.0527176 0.0153916 0.0481393 0.0537087 0.0525954 0.0513145 0.0463580 0.0655148 0.0604719 0.0588473 0.0680625 0.0874524 0.0187139 0.1060651 0.0951540 0.0610336 0.0636663 0.0522040 0.0503197 0.0889135 0.0081885 0.0933707 0.0524285 0.0683283 0.0593565 0.0574911 0.0574959 0.1172440 0.0574040 0.0623796 0.0451903 0.0688310 0.0509321 0.0524102 0.0980593 0.0376022 0.0669268 0.0550103 0.0676536 0.0829808 0.0493878 0.0577635 0.0578672 0.0478597 0.0643495 0.0527897 0.0651794 0.0592229 0.0495838 0.0256655 0.0463146 0.0402501 0.0688422 0.0625200 0.0040239 0.0876277 0.0389582 0.0509050 0.0544432 0.0517324 0.0493068 0.0498300 0.0556279 0.0731361 0.0432171 0.0572351 0.0627822 0.0454650 0.0613782 0.0545408 0.0511151 0.0522869 0.0479909 0.1006779 0.0255266 0.0467328 0.0579498 0.0481395 
S0427         0.1584842 0.0606015 0.0707149 0.0886665 0.0921382 0.0527451 0.0972126 0.0801431 0.0676836 0.0784511 0.0774887 0.0951440 0.0984363 0.0879721 0.0985346 0.1041612 0.0843202 0.0740213 0.0932312 0.1185992 0.0402536 0.0511169 0.0588501 0.0900712 0.0568279 0.0878550 0.0610230 0.0000000 0.0986506 0.0960633 0.0790897 0.0864797 0.0660220 0.1005997 0.1041013 0.0867891 0.0609969 0.0645048 0.0966215 0.0677753 0.0677363 0.0497307 0.0684693 0.0973541 0.1221011 0.0742468 0.0990421 0.0588312 0.0732089 0.0657272 0.0526558 0.0641166 0.0763800 0.0809191 0.0719607 0.0728757 0.0859367 0.0712267 0.0649122 0.0690956 0.0908864 0.0773341 0.0789267 0.0869929 0.0925425 0.0668418 0.1332280 0.1289478 0.0904820 0.0975469 0.0792835 0.0773786 0.1166427 0.0698696 0.1144345 0.0756976 0.0953012 0.0939769 0.0720098 0.0743422 0.1386852 0.0480217 0.0653515 0.0648618 0.0880902 0.0678491 0.0693520 0.1205081 0.0588157 0.0879755 0.0856334 0.1031995 0.1062149 0.0465153 0.0951140 0.0794187 0.0744296 0.0576951 0.0574719 0.0714256 0.0760814 0.0547143 0.0530428 0.0691296 0.0644258 0.0848434 0.0654956 0.0657974 0.1122187 0.0831438 0.0712564 0.0515192 0.1027189 0.0689446 0.0798212 0.0574140 0.0941022 0.0465225 0.0826117 0.0673457 0.0518280 0.0847196 0.0761668 0.0662916 0.0754980 0.0708378 0.1250669 0.0600749 0.0765418 0.0290707 0.0710563 
S0428sl       0.2204813 0.0983672 0.0740740 0.0566580 0.1037299 0.0899188 0.1069768 0.0383976 0.0839190 0.0804620 0.1135229 0.0539788 0.1132680 0.1073680 0.0507062 0.1157991 0.0429855 0.1031239 0.1187238 0.1198658 0.0889041 0.0982693 0.0920339 0.0473638 0.1039520 0.0489108 0.0757814 0.0986506 0.0000000 0.1162620 0.0522365 0.0976237 0.1081465 0.1255890 0.1033317 0.0471276 0.0992369 0.0704095 0.0562399 0.0791643 0.1001847 0.0939761 0.0917501 0.1076116 0.1311480 0.1056102 0.1181181 0.0900118 0.0759099 0.0772735 0.0918517 0.0733998 0.0778063 0.0901114 0.0890745 0.0840491 0.1076886 0.0727704 0.0725633 0.0877425 0.1213649 0.0945290 0.0899152 0.1002813 0.1318242 0.0897766 0.1428006 0.1413306 0.1265693 0.1234818 0.0805909 0.0758565 0.1144226 0.0803454 0.1239039 0.0883146 0.1221464 0.1181507 0.1034670 0.0978237 0.1467439 0.0938322 0.1005983 0.0887036 0.0416732 0.0732408 0.0788410 0.1227178 0.0651042 0.0506131 0.1089178 0.0975710 0.1074640 0.0836894 0.1033867 0.1077496 0.0896625 0.1010199 0.0964160 0.1135771 0.0980712 0.0863669 0.0579904 0.0917476 0.0839753 0.0428721 0.0899989 0.0773703 0.0630291 0.1096167 0.0772750 0.0946341 0.1305330 0.0914982 0.1013559 0.0936435 0.0558999 0.0776371 0.0954189 0.0969824 0.0806845 0.1148567 0.1100731 0.0793455 0.0919990 0.0879651 0.1461934 0.0861969 0.0929472 0.0943946 0.0879758 
S0430         0.1264903 0.0919658 0.0910183 0.0919163 0.0967039 0.0799243 0.0094914 0.0855268 0.0680085 0.1061927 0.1014102 0.1013042 0.0120294 0.0555991 0.1045408 0.0120797 0.0916324 0.0779269 0.1064978 0.0281345 0.1145487 0.0851267 0.0848765 0.0920482 0.0757164 0.0923603 0.0750406 0.0960633 0.1162620 0.0000000 0.0879521 0.0828723 0.0973284 0.0793913 0.0122262 0.0945383 0.0886458 0.0961622 0.1030603 0.0869587 0.0901057 0.0814825 0.0843059 0.0176142 0.1280507 0.0963590 0.0147902 0.0848766 0.0730896 0.0829307 0.0814195 0.0811074 0.0929245 0.0743065 0.0878551 0.0872100 0.0652453 0.0865524 0.0826001 0.0728924 0.0357367 0.0754691 0.0671953 0.0834573 0.1068658 0.0826104 0.1357024 0.1336420 0.0732979 0.0657189 0.0725825 0.0706106 0.1228384 0.0879146 0.1221640 0.0641608 0.0982880 0.0645495 0.0946161 0.0795425 0.1450292 0.0831950 0.0882619 0.0664594 0.0921271 0.0863649 0.0845846 0.0227317 0.0704793 0.0884410 0.0569691 0.0040327 0.0221577 0.0746460 0.0662005 0.0886079 0.0730340 0.0923244 0.0884916 0.1008031 0.0812128 0.0852736 0.0593249 0.0709908 0.0648823 0.0924779 0.0849933 0.0813259 0.1130464 0.1039804 0.0881743 0.0803935 0.1212136 0.0757256 0.0818638 0.0867379 0.0926477 0.0744577 0.0989446 0.0908749 0.0757252 0.0920556 0.0848136 0.0834695 0.0769681 0.0746700 0.1256431 0.0770768 0.0821689 0.0907384 0.0713999 
