135
PAFTOL_019361 0.0000000 0.2069883 0.1963436 0.2221795 0.2391805 0.2122112 0.2102395 0.2274512 0.2224748 0.2146010 0.2362057 0.2620635 0.2365254 0.2291843 0.2348039 0.2309579 0.2258206 0.2421679 0.2209531 0.2336275 0.2107446 0.2071827 0.2195565 0.2196974 0.2236618 0.2166779 0.1953751 0.2106537 0.2074018 0.2257670 0.2186302 0.2199150 0.2334466 0.2593499 0.2336075 0.2010641 0.2180088 0.2110270 0.2289991 0.2041582 0.2272966 0.2124930 0.2037399 0.2102842 0.2313260 0.2483381 0.2294511 0.2351569 0.2695615 0.2189872 0.2133260 0.1981684 0.2112309 0.1941317 0.1962816 0.2460885 0.2156447 0.2095302 0.2362522 0.2227772 0.2090167 0.2010618 0.2051778 0.2209752 0.2189708 0.2203182 0.2215155 0.2140972 0.2359859 0.2304468 0.2242523 0.2196705 0.2349015 0.2551842 0.2276168 0.2316042 0.2375087 0.1958152 0.2404205 0.1970599 0.2350572 0.2163677 0.2311484 0.2121593 0.2210782 0.2319084 0.2110554 0.2253482 0.2107314 0.2178805 0.2152438 0.2199740 0.2316446 0.2208670 0.2333212 0.2414146 0.2269572 0.2265118 0.2164582 0.2316618 0.2321794 0.2225371 0.2124768 0.1980305 0.2130330 0.2301075 0.2004183 0.1980722 0.2198196 0.2194320 0.2286302 0.2180691 0.2004876 0.2199503 0.2295878 0.2236810 0.2027224 0.2321550 0.2169585 0.2180201 0.2365576 0.2035789 0.2324163 0.1894870 0.2117422 0.2360964 0.2504406 0.2311044 0.2246896 0.1974703 0.2341937 0.1961546 0.2211121 0.2099668 0.2013630 
S0055         0.2069883 0.0000000 0.0725060 0.1112380 0.1092553 0.0681108 0.1043320 0.1033510 0.0803147 0.0704559 0.0879904 0.1451849 0.1137661 0.1112566 0.1126357 0.1107496 0.0959069 0.1027730 0.0949936 0.1188448 0.0756295 0.0636662 0.0731034 0.1002001 0.0788681 0.0918083 0.0673585 0.0727236 0.0916866 0.1094470 0.0877703 0.0866188 0.0868830 0.1285461 0.1100804 0.0909098 0.0762302 0.0623876 0.1087043 0.0773062 0.1095687 0.0702269 0.0667305 0.0901208 0.1108876 0.1673608 0.0811123 0.1126408 0.1414886 0.0699421 0.0777904 0.0710209 0.0683266 0.0674355 0.0686312 0.1093693 0.0946313 0.0863098 0.1128181 0.0996855 0.0822526 0.0699206 0.0998635 0.1005164 0.0846959 0.0829873 0.0903651 0.0843366 0.1155019 0.1049445 0.1423043 0.0879051 0.1143882 0.1283300 0.1039980 0.1031138 0.1620226 0.0686843 0.1597703 0.0701011 0.0965178 0.0873427 0.1125184 0.0653202 0.0876873 0.1559020 0.0658394 0.0771090 0.0724256 0.0953179 0.0947215 0.0992971 0.1096858 0.0924080 0.1151131 0.1152516 0.1096987 0.1087257 0.0694011 0.1141998 0.0996345 0.0777092 0.0691130 0.0589566 0.0425073 0.0953183 0.0566514 0.0767292 0.0842374 0.0828398 0.1185950 0.0710178 0.0735500 0.1003335 0.1043673 0.1044568 0.0610378 0.0963672 0.0805021 0.0747299 0.1051941 0.0610778 0.1120810 0.0579247 0.0634180 0.1005879 0.1036998 0.1078551 0.0845539 0.0677125 0.1049641 0.0715348 0.0827882 0.0697280 0.0665009 
S0196sl       0.1963436 0.0725060 0.0000000 0.1015959 0.0702177 0.0710441 0.0966179 0.0923719 0.0776951 0.0730454 0.0890578 0.1354055 0.1034925 0.0975708 0.1034751 0.1016364 0.0921373 0.0952931 0.0866021 0.1087837 0.0765227 0.0679626 0.0766677 0.0915964 0.0860222 0.0826786 0.0213805 0.0772157 0.0811477 0.1009143 0.0832249 0.0789167 0.0918072 0.1239800 0.0999969 0.0811574 0.0781303 0.0695882 0.0994779 0.0677960 0.0951563 0.0778110 0.0677429 0.0451541 0.1012168 0.1570185 0.0877075 0.1043943 0.1283362 0.0716125 0.0715561 0.0257714 0.0685200 0.0213719 0.0225256 0.1062059 0.0459868 0.0741969 0.1069563 0.0869650 0.0724263 0.0583296 0.0913057 0.0915047 0.0763527 0.0768639 0.0816892 0.0763428 0.1149245 0.0635314 0.1326579 0.0771912 0.1041877 0.1231677 0.0962992 0.0972433 0.1524129 0.0217455 0.1479573 0.0688527 0.0914946 0.0740853 0.1031931 0.0734373 0.0815813 0.1435311 0.0687431 0.0859102 0.0621680 0.0845516 0.0835187 0.0895712 0.1015656 0.0820985 0.1013781 0.1050410 0.0984301 0.0974877 0.0718719 0.1030412 0.0916363 0.0744358 0.0702025 0.0602162 0.0834728 0.0895341 0.0669856 0.0614991 0.0766973 0.0774974 0.1068782 0.0788136 0.0262542 0.0891245 0.0630379 0.0914060 0.0652933 0.0881044 0.0724916 0.0801777 0.0934722 0.0654745 0.0963331 0.0626530 0.0697758 0.0924524 0.0943969 0.0974954 0.0747906 0.0570636 0.0962865 0.0394995 0.0723332 0.0714542 0.0599981 
S0278         0.2221795 0.1112380 0.1015959 0.0000000 0.1308012 0.1017102 0.1239396 0.0546926 0.1196314 0.1075492 0.1258369 0.0623299 0.1348135 0.1268341 0.0557144 0.1280571 0.0646351 0.1316657 0.1334357 0.1338348 0.1112096 0.1013448 0.1097239 0.0512622 0.1189724 0.0509025 0.0938710 0.1115858 0.0555782 0.1247386 0.0748648 0.1116666 0.1204965 0.1471382 0.1288126 0.0343569 0.1092507 0.1052780 0.0566733 0.0641862 0.0930649 0.1101075 0.1013209 0.1183738 0.1305081 0.1787452 0.1248457 0.1312528 0.1638087 0.1082820 0.1069953 0.0997122 0.1054393 0.0932766 0.0970985 0.1409238 0.1215360 0.0735595 0.1397473 0.0876902 0.0740416 0.1038900 0.0530822 0.1190265 0.1087327 0.1125507 0.1121343 0.1089293 0.1503171 0.1280028 0.1670291 0.1128540 0.1348321 0.1487244 0.1228919 0.1282494 0.1798363 0.0956012 0.1738515 0.0778481 0.1287010 0.1174067 0.1350502 0.1085376 0.1271518 0.1670065 0.1000791 0.1231409 0.1060652 0.0505468 0.0788684 0.0844138 0.1294869 0.0771929 0.0493567 0.1375248 0.1236508 0.1267310 0.1082408 0.1373764 0.1393910 0.1133491 0.1037817 0.0942198 0.1185099 0.1271268 0.0989026 0.0636483 0.1220803 0.1156131 0.0531278 0.1144039 0.1009272 0.0469302 0.1273709 0.0902450 0.1006442 0.1263353 0.1122824 0.1139773 0.0596661 0.0974294 0.0963929 0.0978838 0.1047048 0.1370165 0.1397207 0.0973624 0.1135634 0.1029903 0.1342541 0.0979373 0.1142163 0.1036826 0.1044240 
S0281         0.2391805 0.1092553 0.0702177 0.1308012 0.0000000 0.1024840 0.1223561 0.1211448 0.1083949 0.1055639 0.1211387 0.1550412 0.1308721 0.1278449 0.1291458 0.1285449 0.1296260 0.1268442 0.1182700 0.1328942 0.1120020 0.1024991 0.1108175 0.1222661 0.1247826 0.1155826 0.0654282 0.1136965 0.1153695 0.1211907 0.1166658 0.1115273 0.1278700 0.1475816 0.1241943 0.1078529 0.1091449 0.1022631 0.1316655 0.0980404 0.1301635 0.1106083 0.1019962 0.0695747 0.1276393 0.1843476 0.1192961 0.1316359 0.1578525 0.1078791 0.1023276 0.0708043 0.1055826 0.0649123 0.0675141 0.1376845 0.0745796 0.1097534 0.1393649 0.1225270 0.1046122 0.0989848 0.1227044 0.1174653 0.1046523 0.1056067 0.1132932 0.1077800 0.1390752 0.0719361 0.1622670 0.1138018 0.1383798 0.1429176 0.1255978 0.1275073 0.1875647 0.0666703 0.1808579 0.1030090 0.1179350 0.1118222 0.1376333 0.1054676 0.1151337 0.1755225 0.1033649 0.1187441 0.1047276 0.1189859 0.1190739 0.1225256 0.1277178 0.1162800 0.1304406 0.1363123 0.1205832 0.1207926 0.1061899 0.1360330 0.1241252 0.1066431 0.1075032 0.0940875 0.1203126 0.1206598 0.0958621 0.0964946 0.1075351 0.1075524 0.1377662 0.1128560 0.0710092 0.1254670 0.0714261 0.1275714 0.0998259 0.1202680 0.1027529 0.1119884 0.1238656 0.0993364 0.1361106 0.0999955 0.1070250 0.1231171 0.1280292 0.1358669 0.1080605 0.0965540 0.1319709 0.0735418 0.1047905 0.1080414 0.0981217 
S0282         0.2122112 0.0681108 0.0710441 0.1017102 0.1024840 0.0000000 0.0998810 0.0970268 0.0806985 0.0199337 0.0897655 0.1283248 0.1094295 0.1058019 0.1028979 0.1075373 0.0981103 0.1017201 0.0956738 0.1118407 0.0727803 0.0134947 0.0265264 0.0894269 0.0781380 0.0861255 0.0645723 0.0736105 0.0846412 0.1048437 0.0877282 0.0829131 0.0887856 0.1260454 0.1087813 0.0810817 0.0384963 0.0198835 0.1041123 0.0720337 0.1065417 0.0678828 0.0163052 0.0823753 0.1081224 0.1562795 0.0790545 0.1083609 0.1358115 0.0243849 0.0740264 0.0681065 0.0182228 0.0640958 0.0666610 0.1111266 0.0851661 0.0839251 0.1083372 0.0946618 0.0790616 0.0652858 0.0975249 0.0957168 0.0794967 0.0809140 0.0846056 0.0784101 0.1213040 0.0975900 0.1362055 0.0803390 0.1105728 0.1247801 0.1016782 0.1021126 0.1613798 0.0658174 0.1522793 0.0803427 0.0946601 0.0822037 0.1096059 0.0489789 0.0917868 0.1460732 0.0166845 0.0654312 0.0722927 0.0910378 0.0901846 0.0958924 0.1060289 0.0918608 0.1067936 0.1111977 0.1033841 0.1019359 0.0239242 0.1077071 0.1018694 0.0778909 0.0190976 0.0197961 0.0735614 0.0956081 0.0420344 0.0689451 0.0830449 0.0805955 0.1063497 0.0566677 0.0682724 0.0944141 0.0970260 0.1012808 0.0112092 0.0893768 0.0785024 0.0310230 0.1027134 0.0301171 0.1101002 0.0349866 0.0614497 0.0995207 0.0990788 0.1105505 0.0817399 0.0631190 0.1048375 0.0671648 0.0802618 0.0659820 0.0638056 
S0288         0.2102395 0.1043320 0.0966179 0.1239396 0.1223561 0.0998810 0.0000000 0.1210785 0.1155727 0.1037891 0.1150353 0.1519326 0.0263406 0.0645665 0.1291660 0.0260385 0.1203028 0.1177765 0.1210935 0.0271154 0.1087613 0.0972044 0.1090219 0.1168713 0.1080523 0.1105629 0.0912581 0.1128053 0.1099893 0.0099791 0.1159720 0.1148175 0.1170952 0.1122455 0.0281195 0.1096972 0.1096407 0.0996138 0.1305642 0.0988740 0.1316172 0.1005884 0.0990366 0.1103172 0.0198353 0.1903373 0.1129835 0.0291322 0.1749896 0.1068976 0.1085332 0.0983097 0.0995736 0.0913664 0.0928962 0.1402536 0.1117173 0.1096639 0.1012476 0.1199698 0.1003926 0.0991928 0.1156314 0.0409211 0.1094995 0.1108754 0.1191341 0.1132463 0.1250780 0.1107777 0.1669770 0.1140492 0.1003315 0.1075112 0.1222935 0.1280272 0.1871472 0.0916684 0.1773545 0.1024825 0.1298267 0.1127350 0.0999018 0.1008918 0.1174588 0.1708625 0.1017390 0.1104743 0.1039579 0.1157698 0.1134543 0.1167161 0.0233107 0.1098545 0.1272283 0.1009076 0.0095765 0.0096140 0.1052300 0.0967358 0.1250611 0.1089966 0.1037563 0.0912522 0.1132653 0.1255980 0.0961941 0.0980117 0.1143003 0.1112077 0.1378998 0.1012144 0.0974450 0.1199542 0.1112591 0.1249595 0.0959856 0.1266011 0.1049390 0.1083089 0.1253050 0.0991070 0.1296908 0.0856689 0.0960434 0.1208747 0.1205313 0.1291329 0.1071396 0.0975456 0.1358710 0.0952711 0.1063625 0.1040988 0.1011489 
S0289         0.2274512 0.1033510 0.0923719 0.0546926 0.1211448 0.0970268 0.1210785 0.0000000 0.1114399 0.1038148 0.1180492 0.0775165 0.1328460 0.1281700 0.0511691 0.1245819 0.0524082 0.1268971 0.1219132 0.1344170 0.1053073 0.0951774 0.1033845 0.0460478 0.1107709 0.0430741 0.0859003 0.1087239 0.0480329 0.1253011 0.0702665 0.1074362 0.1105265 0.1423823 0.1244444 0.0340087 0.1007367 0.0994930 0.0582811 0.0605928 0.0878572 0.1059873 0.0945669 0.1090712 0.1278556 0.1721713 0.1142740 0.1293496 0.1484438 0.1029170 0.1050152 0.0901391 0.0997455 0.0857404 0.0885415 0.1346263 0.1115719 0.0647238 0.1315939 0.0804743 0.0723453 0.0905816 0.0466429 0.1149981 0.1077564 0.1078790 0.1089872 0.1063618 0.1404612 0.1189842 0.1578956 0.1132982 0.1292085 0.1439906 0.1230870 0.1253268 0.1717665 0.0872052 0.1672961 0.0734729 0.1234045 0.1087655 0.1270391 0.1033187 0.1190016 0.1602085 0.0990704 0.1154192 0.1002168 0.0423075 0.0727467 0.0802399 0.1271983 0.0708553 0.0499465 0.1335438 0.1219831 0.1235627 0.1046506 0.1308831 0.1294036 0.1064672 0.1022013 0.0895012 0.1138900 0.1198399 0.0935705 0.0577781 0.1115966 0.1095011 0.0506464 0.1057020 0.0922861 0.0449154 0.1193971 0.0811597 0.0954159 0.1168368 0.1057930 0.1064993 0.0499145 0.0933786 0.0897654 0.0845651 0.0992220 0.1211185 0.1271354 0.0921872 0.1079186 0.0896734 0.1239504 0.0918301 0.1057067 0.0990410 0.0890579 
S0292         0.2224748 0.0803147 0.0776951 0.1196314 0.1083949 0.0806985 0.1155727 0.1114399 0.0000000 0.0841872 0.1013716 0.1491360 0.1263161 0.1180433 0.1178570 0.1225580 0.1086062 0.0998364 0.0870481 0.1301564 0.0858743 0.0766618 0.0849638 0.1056901 0.0982014 0.1002473 0.0725388 0.0831127 0.0992266 0.1202343 0.1024251 0.0892217 0.1007815 0.1349492 0.1217125 0.1019205 0.0898484 0.0776675 0.1161763 0.0818749 0.1128262 0.0840642 0.0767950 0.0954140 0.1236680 0.1822422 0.0993524 0.1234770 0.1406313 0.0827122 0.0791869 0.0751745 0.0813175 0.0730047 0.0737627 0.1113144 0.0978311 0.0911243 0.1218502 0.1039072 0.0935059 0.0697789 0.1065174 0.1110350 0.0882236 0.0840123 0.0905167 0.0848969 0.1353526 0.1077143 0.1540735 0.0879668 0.1276633 0.1407153 0.1066272 0.1096748 0.1772476 0.0733759 0.1727722 0.0832617 0.0969041 0.0816418 0.1266903 0.0811848 0.0440024 0.1676958 0.0796448 0.0948888 0.0716151 0.1038192 0.0991802 0.1044404 0.1227502 0.0987859 0.1206745 0.1195842 0.1184275 0.1177869 0.0829282 0.1180926 0.0959296 0.0162588 0.0820753 0.0710006 0.0908152 0.0431800 0.0762273 0.0827851 0.0213006 0.0170025 0.1205609 0.0875120 0.0787767 0.1038023 0.1071283 0.1084654 0.0743042 0.0454355 0.0767192 0.0855785 0.1116710 0.0757025 0.1182514 0.0797138 0.0792265 0.0955198 0.0972642 0.1164514 0.0878628 0.0680678 0.1100910 0.0756781 0.0786133 0.0758656 0.0681119 
S0293         0.2146010 0.0704559 0.0730454 0.1075492 0.1055639 0.0199337 0.1037891 0.1038148 0.0841872 0.0000000 0.0924155 0.1369772 0.1150449 0.1080501 0.1083584 0.1119899 0.1031928 0.1034225 0.0972790 0.1173645 0.0743570 0.0178505 0.0307263 0.0958218 0.0825989 0.0940957 0.0674838 0.0764916 0.0896195 0.1102508 0.0940993 0.0871529 0.0899517 0.1312569 0.1134727 0.0847145 0.0406263 0.0239554 0.1108401 0.0777780 0.1080606 0.0699208 0.0203342 0.0864801 0.1115562 0.1566734 0.0835253 0.1138395 0.1388483 0.0285249 0.0778092 0.0715095 0.0222609 0.0674598 0.0700451 0.1138544 0.0904068 0.0889545 0.1155810 0.0977558 0.0820138 0.0686022 0.1024653 0.1008649 0.0841972 0.0841705 0.0903683 0.0826387 0.1174645 0.0993225 0.1370721 0.0845312 0.1162267 0.1303861 0.1046858 0.1051643 0.1626927 0.0691954 0.1543638 0.0819289 0.0985581 0.0838543 0.1142552 0.0512306 0.0948964 0.1475700 0.0195130 0.0673733 0.0747182 0.0971605 0.0932623 0.0994953 0.1104602 0.0949255 0.1132987 0.1166784 0.1087527 0.1068381 0.0280441 0.1145026 0.1029601 0.0824360 0.0211446 0.0239170 0.0755240 0.0977797 0.0443527 0.0737849 0.0860558 0.0845570 0.1139080 0.0607830 0.0731439 0.1030448 0.0987541 0.1034291 0.0151834 0.0934860 0.0810705 0.0344145 0.1106068 0.0318413 0.1143002 0.0357473 0.0651843 0.1007634 0.0982710 0.1123227 0.0862212 0.0664196 0.1065469 0.0696032 0.0828403 0.0697658 0.0666343 
S0294         0.2362057 0.0879904 0.0890578 0.1258369 0.1211387 0.0897655 0.1150353 0.1180492 0.1013716 0.0924155 0.0000000 0.1504492 0.1254818 0.1256701 0.1269846 0.1223972 0.1243652 0.1214921 0.1139511 0.1325845 0.0864295 0.0855710 0.0944995 0.1170254 0.0841894 0.1118046 0.0864462 0.0854401 0.1096969 0.1209728 0.1121737 0.1103777 0.0885196 0.1454052 0.1185826 0.1036057 0.0950134 0.0862803 0.1280233 0.0949969 0.1299270 0.0786625 0.0862433 0.1043019 0.1230541 0.1797088 0.0841593 0.1244184 0.1512778 0.0914207 0.1004501 0.0902355 0.0894078 0.0869030 0.0881471 0.1346684 0.1062620 0.1016231 0.1250584 0.1182866 0.1039748 0.0866481 0.1147383 0.1133055 0.1047782 0.1021900 0.1118118 0.1053732 0.0844630 0.1132555 0.1624439 0.1114332 0.1236660 0.1474753 0.1199050 0.1227756 0.1816794 0.0862817 0.1768836 0.0959907 0.1164843 0.1029212 0.1242296 0.0915439 0.1099508 0.1714866 0.0876754 0.1037477 0.0939046 0.1155021 0.1131829 0.1173830 0.1219606 0.1094629 0.1248722 0.1300527 0.1183121 0.1195182 0.0917173 0.1230835 0.1235344 0.0980718 0.0887057 0.0768853 0.1011575 0.1168280 0.0793630 0.0927451 0.1048086 0.0992889 0.1314419 0.0956536 0.0934454 0.1210945 0.1126230 0.1228035 0.0821203 0.1142036 0.0982484 0.0945680 0.1210375 0.0821006 0.1261143 0.0790498 0.0690200 0.1216340 0.1214218 0.1265435 0.1067630 0.0852875 0.1278864 0.0921249 0.0997016 0.0826680 0.0875507 
S0299         0.2620635 0.1451849 0.1354055 0.0623299 0.1550412 0.1283248 0.1519326 0.0775165 0.1491360 0.1369772 0.1504492 0.0000000 0.1618755 0.1558608 0.0775562 0.1552731 0.0890761 0.1611090 0.1595809 0.1626097 0.1397272 0.1301535 0.1382083 0.0804607 0.1519305 0.0811299 0.1273083 0.1431346 0.0839617 0.1506370 0.1005108 0.1505194 0.1480006 0.1796955 0.1584338 0.0560193 0.1382609 0.1325608 0.0791830 0.0889261 0.1213960 0.1405350 0.1292274 0.1505235 0.1587023 0.1984415 0.1522437 0.1586314 0.1896511 0.1405086 0.1451018 0.1335552 0.1356546 0.1272211 0.1296140 0.1739486 0.1521290 0.0974525 0.1641612 0.1138318 0.0963573 0.1332461 0.0750868 0.1467780 0.1474859 0.1452091 0.1522392 0.1488310 0.1602134 0.1567122 0.1888213 0.1447209 0.1571161 0.1721847 0.1565095 0.1602146 0.1932634 0.1297760 0.1873418 0.1014438 0.1618310 0.1484689 0.1593526 0.1378218 0.1603931 0.1802304 0.1294029 0.1554476 0.1329830 0.0801349 0.1060872 0.1141726 0.1570909 0.1030950 0.0711026 0.1642505 0.1505266 0.1520757 0.1367653 0.1619203 0.1696346 0.1407351 0.1346439 0.1199237 0.1499786 0.1625289 0.1307478 0.0896479 0.1501287 0.1451515 0.0704125 0.1453978 0.1329096 0.0701327 0.1560185 0.1166799 0.1295740 0.1538150 0.1451996 0.1456348 0.0832533 0.1255450 0.1216594 0.1255250 0.1329620 0.1663782 0.1662992 0.1254364 0.1456606 0.1322797 0.1521454 0.1317726 0.1431092 0.1342067 0.1317301 
S0303         0.2365254 0.1137661 0.1034925 0.1348135 0.1308721 0.1094295 0.0263406 0.1328460 0.1263161 0.1150449 0.1254818 0.1618755 0.0000000 0.0665716 0.1407348 0.0168593 0.1353871 0.1329239 0.1312797 0.0300863 0.1129333 0.1096899 0.1176019 0.1284585 0.1192048 0.1272617 0.1004205 0.1152441 0.1216818 0.0254476 0.1238345 0.1226402 0.1291188 0.1082850 0.0212349 0.1248426 0.1183667 0.1074944 0.1406066 0.1099752 0.1426142 0.1163551 0.1090062 0.1162261 0.0196780 0.1905605 0.1233655 0.0189078 0.1760426 0.1171753 0.1171704 0.1069433 0.1106690 0.1007845 0.1042434 0.1465758 0.1145918 0.1200717 0.0978501 0.1305539 0.1115658 0.1098819 0.1331754 0.0425021 0.1189560 0.1173812 0.1264439 0.1238194 0.1377124 0.1156676 0.1704312 0.1245449 0.1007347 0.1092754 0.1306064 0.1337551 0.1891985 0.1016719 0.1794064 0.1197936 0.1351803 0.1218575 0.0988371 0.1104500 0.1354698 0.1742265 0.1126256 0.1245467 0.1145726 0.1283630 0.1243340 0.1287487 0.0173993 0.1192173 0.1403793 0.0960891 0.0235050 0.0219361 0.1141035 0.0939337 0.1362595 0.1203586 0.1138134 0.1030240 0.1256316 0.1343787 0.1053150 0.1039367 0.1245819 0.1235863 0.1506703 0.1164349 0.1073382 0.1306902 0.1160773 0.1325830 0.1052925 0.1360558 0.1154304 0.1191361 0.1367072 0.1067686 0.1413255 0.1087125 0.1091742 0.1352699 0.1326869 0.1418288 0.1159543 0.1064963 0.1389160 0.1026623 0.1147824 0.1082065 0.1100127 
S0308         0.2291843 0.1112566 0.0975708 0.1268341 0.1278449 0.1058019 0.0645665 0.1281700 0.1180433 0.1080501 0.1256701 0.1558608 0.0665716 0.0000000 0.1324411 0.0639732 0.1292212 0.1263524 0.1201176 0.0681045 0.1088037 0.1023748 0.1126966 0.1214011 0.1140355 0.1208903 0.0961721 0.1102597 0.1171129 0.0615610 0.1170007 0.1148638 0.1242482 0.1044451 0.0656813 0.1158397 0.1160768 0.1019015 0.1314475 0.1062427 0.1401137 0.1102584 0.1036816 0.1147880 0.0634003 0.1828153 0.1165840 0.0659079 0.1681495 0.1106268 0.1072951 0.1031207 0.1053316 0.0981859 0.1014246 0.1391215 0.1110517 0.1191835 0.0862087 0.1298654 0.1142848 0.1034854 0.1244544 0.0536149 0.1132688 0.1116800 0.1174395 0.1151216 0.1372599 0.1141121 0.1624397 0.1205511 0.0846497 0.1008187 0.1275318 0.1318282 0.1846788 0.1005233 0.1738078 0.1067101 0.1283717 0.1137983 0.0827584 0.1076497 0.1259982 0.1688344 0.1052293 0.1164128 0.1078675 0.1235909 0.1230234 0.1274184 0.0627211 0.1222073 0.1338369 0.0937423 0.0596208 0.0588563 0.1091523 0.0804209 0.1290727 0.1154295 0.1067924 0.0976252 0.1221249 0.1287181 0.0995139 0.1019162 0.1204995 0.1173910 0.1375638 0.1114525 0.1049283 0.1232845 0.1133676 0.1314385 0.0968942 0.1292111 0.1115506 0.1106239 0.1319658 0.0990485 0.1423358 0.0941608 0.1042710 0.1271978 0.1282271 0.1409064 0.1078817 0.1016338 0.1368538 0.0975866 0.1108731 0.1029942 0.1030637 
S0320         0.2348039 0.1126357 0.1034751 0.0557144 0.1291458 0.1028979 0.1291660 0.0511691 0.1178570 0.1083584 0.1269846 0.0775562 0.1407348 0.1324411 0.0000000 0.1372900 0.0643748 0.1338430 0.1310168 0.1451307 0.1132910 0.1031348 0.1105469 0.0511175 0.1195300 0.0503155 0.0933938 0.1146336 0.0556995 0.1353386 0.0723382 0.1168961 0.1180597 0.1526099 0.1363937 0.0393520 0.1093635 0.1060667 0.0633719 0.0641561 0.0926594 0.1075025 0.1012240 0.1185160 0.1390181 0.1816244 0.1224049 0.1394740 0.1639664 0.1101068 0.1090557 0.0986521 0.1057166 0.0926760 0.0960472 0.1439185 0.1205427 0.0724552 0.1382400 0.0854061 0.0758641 0.1043583 0.0458990 0.1239164 0.1137643 0.1136895 0.1178518 0.1153082 0.1471348 0.1269482 0.1674708 0.1154557 0.1350964 0.1491953 0.1293254 0.1306992 0.1810267 0.0956687 0.1726025 0.0734652 0.1350393 0.1151848 0.1358711 0.1120321 0.1237610 0.1656225 0.1041537 0.1230881 0.1033045 0.0481217 0.0790872 0.0861552 0.1380498 0.0771966 0.0518640 0.1439264 0.1338520 0.1329196 0.1107194 0.1353771 0.1403437 0.1116044 0.1078241 0.0960026 0.1196147 0.1281957 0.1019730 0.0652150 0.1215843 0.1152052 0.0501610 0.1132464 0.1003646 0.0507817 0.1263204 0.0874935 0.0998051 0.1248092 0.1116143 0.1152612 0.0595024 0.0989852 0.1029175 0.0888179 0.1073846 0.1374013 0.1376421 0.0953943 0.1146275 0.1019792 0.1316030 0.0964453 0.1120444 0.1060858 0.0995532 
S0322         0.2309579 0.1107496 0.1016364 0.1280571 0.1285449 0.1075373 0.0260385 0.1245819 0.1225580 0.1119899 0.1223972 0.1552731 0.0168593 0.0639732 0.1372900 0.0000000 0.1297472 0.1318000 0.1272414 0.0260381 0.1094497 0.1067437 0.1151326 0.1246583 0.1149112 0.1229763 0.0984569 0.1142492 0.1163720 0.0227147 0.1216399 0.1199684 0.1237521 0.1036371 0.0214438 0.1177288 0.1151959 0.1036117 0.1353444 0.1089453 0.1369339 0.1117073 0.1070774 0.1157598 0.0158944 0.1831450 0.1217594 0.0199571 0.1721889 0.1140819 0.1144339 0.1055022 0.1077067 0.0994988 0.1028438 0.1428925 0.1146899 0.1151455 0.0968873 0.1257669 0.1100401 0.1046182 0.1240526 0.0393919 0.1172414 0.1133290 0.1236973 0.1210468 0.1374380 0.1153408 0.1654170 0.1228714 0.0986046 0.1053429 0.1272758 0.1320605 0.1831736 0.0993423 0.1741294 0.1165422 0.1344099 0.1209095 0.0977468 0.1058943 0.1309774 0.1685943 0.1090145 0.1219778 0.1120231 0.1240822 0.1196422 0.1245307 0.0179943 0.1170659 0.1347228 0.0928581 0.0220034 0.0213146 0.1100805 0.0925899 0.1347720 0.1172137 0.1112985 0.0996876 0.1212521 0.1325680 0.1021879 0.0992653 0.1218381 0.1187574 0.1433905 0.1129202 0.1058868 0.1258163 0.1157463 0.1277278 0.1024055 0.1325604 0.1151917 0.1148052 0.1301618 0.1043755 0.1356984 0.1072099 0.1045767 0.1337881 0.1315905 0.1365506 0.1147795 0.1013078 0.1383653 0.1023616 0.1150346 0.1063225 0.1058137 
S0327         0.2258206 0.0959069 0.0921373 0.0646351 0.1296260 0.0981103 0.1203028 0.0524082 0.1086062 0.1031928 0.1243652 0.0890761 0.1353871 0.1292212 0.0643748 0.1297472 0.0000000 0.1212430 0.1170720 0.1336632 0.1043036 0.0956662 0.1058972 0.0521786 0.1121068 0.0540274 0.0854785 0.1067235 0.0464767 0.1278188 0.0601965 0.1102801 0.1132589 0.1471036 0.1286430 0.0488792 0.1031993 0.0979768 0.0638917 0.0581857 0.0779322 0.1061048 0.0951902 0.1100491 0.1314047 0.1746975 0.1163766 0.1323937 0.1556800 0.1018769 0.1035098 0.0906308 0.1005094 0.0853211 0.0880933 0.1363783 0.1123921 0.0612573 0.1374174 0.0689409 0.0712019 0.0921490 0.0454668 0.1150164 0.1067380 0.1071617 0.1101492 0.1074901 0.1448754 0.1237325 0.1601843 0.1066660 0.1355026 0.1433428 0.1270571 0.1291848 0.1727878 0.0877161 0.1673527 0.0646016 0.1229266 0.1052639 0.1357439 0.1000065 0.1156565 0.1603757 0.0980831 0.1089070 0.0952155 0.0487126 0.0637370 0.0706152 0.1314818 0.0699508 0.0633941 0.1331479 0.1261291 0.1258506 0.1025039 0.1352121 0.1256413 0.1047804 0.1011771 0.0882253 0.1054680 0.1194535 0.0970967 0.0580538 0.1112579 0.1080500 0.0634301 0.1045275 0.0933929 0.0505817 0.1231128 0.0717852 0.0939300 0.1162763 0.1033971 0.1062989 0.0607068 0.0940803 0.0892117 0.0903679 0.0955101 0.1239807 0.1224908 0.0826868 0.1082040 0.0912466 0.1278084 0.0870270 0.1032986 0.0998177 0.0906221 
S0335         0.2421679 0.1027730 0.0952931 0.1316657 0.1268442 0.1017201 0.1177765 0.1268971 0.0998364 0.1034225 0.1214921 0.1611090 0.1329239 0.1263524 0.1338430 0.1318000 0.1212430 0.0000000 0.0627283 0.1345178 0.1020461 0.0977452 0.1064873 0.1240801 0.1116689 0.1189141 0.0890591 0.1020888 0.1125158 0.1294795 0.1145703 0.1034815 0.1151735 0.1508603 0.1300158 0.1095402 0.1108876 0.1000847 0.1302357 0.0985496 0.1251867 0.1086375 0.0966678 0.1116258 0.1313316 0.1990055 0.1097409 0.1304849 0.1520191 0.1054988 0.0932274 0.0962540 0.1016617 0.0914394 0.0936489 0.1215135 0.1161343 0.1110234 0.1356617 0.1163136 0.1065285 0.0846048 0.1272467 0.1175682 0.0979122 0.0940778 0.1039624 0.1001242 0.1528734 0.1259907 0.1726077 0.1030059 0.1346917 0.1553047 0.1124080 0.1153741 0.1946919 0.0922677 0.1878099 0.1015599 0.1063516 0.0738801 0.1364147 0.0995894 0.1068845 0.1827141 0.0994460 0.1154272 0.0872446 0.1150200 0.1112240 0.1165064 0.1301337 0.1120770 0.1308410 0.1357067 0.1262824 0.1264671 0.1056471 0.1341205 0.0650455 0.0970660 0.1011113 0.0918467 0.1152176 0.1108450 0.0996253 0.0967473 0.1018815 0.1003612 0.1373915 0.1092765 0.0985062 0.1210515 0.1258604 0.1212618 0.0954505 0.1120409 0.0583349 0.1096400 0.1304646 0.0964148 0.1321399 0.0941798 0.0992188 0.0652531 0.0319340 0.1246773 0.0990173 0.0846350 0.1294747 0.0941834 0.0569128 0.0987301 0.0865331 
S0345         0.2209531 0.0949936 0.0866021 0.1334357 0.1182700 0.0956738 0.1210935 0.1219132 0.0870481 0.0972790 0.1139511 0.1595809 0.1312797 0.1201176 0.1310168 0.1272414 0.1170720 0.0627283 0.0000000 0.1315469 0.0969763 0.0906126 0.1021604 0.1184088 0.1082618 0.1145910 0.0814470 0.1011623 0.1099628 0.1223700 0.1120537 0.0991553 0.1154407 0.1458309 0.1277574 0.1121139 0.1034218 0.0944752 0.1277891 0.0962962 0.1273029 0.0972742 0.0942780 0.1022445 0.1278052 0.1877708 0.1063674 0.1286612 0.1454536 0.0995154 0.0871115 0.0889013 0.0939221 0.0829684 0.0852475 0.1183407 0.1060245 0.1061479 0.1311666 0.1179720 0.0994324 0.0816131 0.1201791 0.1130308 0.0940337 0.0943992 0.1023962 0.0930093 0.1430028 0.1152595 0.1655963 0.0947777 0.1265340 0.1508634 0.1076606 0.1114934 0.1789854 0.0843700 0.1748607 0.0958133 0.1053497 0.0721963 0.1259847 0.0949814 0.0985542 0.1707063 0.0949679 0.1122079 0.0773152 0.1156387 0.1125058 0.1169718 0.1279501 0.1077948 0.1303208 0.1338920 0.1213502 0.1214637 0.1001862 0.1307234 0.0362587 0.0840657 0.0960247 0.0842822 0.1080533 0.1028604 0.0896842 0.0950157 0.0897060 0.0885529 0.1330133 0.1073634 0.0907250 0.1185230 0.1151363 0.1212522 0.0882162 0.1034534 0.0587525 0.1036351 0.1282705 0.0881745 0.1302409 0.0839132 0.0917660 0.0354258 0.0589236 0.1231710 0.0931748 0.0796828 0.1213872 0.0863850 0.0559954 0.0956629 0.0821221 
S0355         0.2336275 0.1188448 0.1087837 0.1338348 0.1328942 0.1118407 0.0271154 0.1344170 0.1301564 0.1173645 0.1325845 0.1626097 0.0300863 0.0681045 0.1451307 0.0260381 0.1336632 0.1345178 0.1315469 0.0000000 0.1189843 0.1100084 0.1205402 0.1309322 0.1213374 0.1294818 0.1061769 0.1223266 0.1197137 0.0248247 0.1227176 0.1248259 0.1331474 0.1108029 0.0290127 0.1256455 0.1216544 0.1089045 0.1438546 0.1142957 0.1422149 0.1166224 0.1113503 0.1229314 0.0223664 0.1938713 0.1272231 0.0294678 0.1820900 0.1184394 0.1193580 0.1120340 0.1129976 0.1066027 0.1084810 0.1479376 0.1222808 0.1217004 0.1013459 0.1319077 0.1165703 0.1125841 0.1295653 0.0437552 0.1226197 0.1193210 0.1275401 0.1260454 0.1344814 0.1195505 0.1726509 0.1300565 0.0991433 0.1074864 0.1338388 0.1348409 0.1897566 0.1080728 0.1825659 0.1189621 0.1382094 0.1266151 0.0977355 0.1112326 0.1348204 0.1775344 0.1134386 0.1280717 0.1136675 0.1315923 0.1252362 0.1317303 0.0246029 0.1275040 0.1424500 0.0967907 0.0228834 0.0192844 0.1153858 0.0970198 0.1396802 0.1247973 0.1151004 0.1023745 0.1285278 0.1398161 0.1059257 0.1051211 0.1299026 0.1257411 0.1506213 0.1214828 0.1124443 0.1307992 0.1199562 0.1323395 0.1065381 0.1395400 0.1198924 0.1176171 0.1367793 0.1072678 0.1444676 0.1038638 0.1124474 0.1390540 0.1355133 0.1417522 0.1185931 0.1107174 0.1492185 0.1083474 0.1197286 0.1122330 0.1127277 
S0376         0.2107446 0.0756295 0.0765227 0.1112096 0.1120020 0.0727803 0.1087613 0.1053073 0.0858743 0.0743570 0.0864295 0.1397272 0.1129333 0.1088037 0.1132910 0.1094497 0.1043036 0.1020461 0.0969763 0.1189843 0.0000000 0.0697553 0.0768241 0.1051445 0.0793007 0.0970433 0.0737715 0.0431788 0.0918275 0.1128452 0.0964511 0.0890736 0.0887022 0.1349812 0.1116266 0.0920943 0.0816144 0.0684527 0.1117726 0.0814643 0.1125910 0.0735766 0.0696072 0.0925560 0.1122024 0.1702511 0.0816682 0.1124244 0.1437069 0.0745943 0.0800762 0.0773917 0.0734064 0.0742088 0.0749641 0.1095359 0.0923955 0.0946136 0.1155885 0.1016230 0.0890238 0.0719258 0.1033361 0.1015840 0.0836793 0.0813685 0.0898634 0.0865807 0.1209339 0.1029510 0.1462157 0.0886385 0.1137174 0.1338385 0.1058215 0.1076079 0.1652226 0.0736524 0.1600698 0.0849123 0.0987120 0.0854070 0.1132864 0.0732669 0.0932919 0.1550866 0.0703796 0.0871590 0.0764921 0.0983032 0.0986890 0.1032681 0.1103977 0.0952858 0.1127428 0.1190105 0.1103652 0.1094271 0.0735838 0.1147850 0.1025253 0.0836551 0.0737366 0.0602067 0.0846618 0.1016101 0.0651433 0.0787260 0.0874276 0.0844216 0.1187368 0.0794923 0.0795180 0.1052427 0.1023754 0.1078676 0.0669825 0.1022705 0.0813750 0.0764396 0.1103182 0.0668968 0.1166377 0.0731082 0.0690044 0.1021348 0.1026654 0.1139826 0.0867549 0.0706266 0.1112141 0.0755598 0.0812891 0.0337556 0.0713014 
S0400         0.2071827 0.0636662 0.0679626 0.1013448 0.1024991 0.0134947 0.0972044 0.0951774 0.0766618 0.0178505 0.0855710 0.1301535 0.1096899 0.1023748 0.1031348 0.1067437 0.0956662 0.0977452 0.0906126 0.1100084 0.0697553 0.0000000 0.0223807 0.0890442 0.0745896 0.0862954 0.0625529 0.0710456 0.0812727 0.1030592 0.0873106 0.0820621 0.0860850 0.1240883 0.1068318 0.0797320 0.0349069 0.0162395 0.1019824 0.0692656 0.1023810 0.0644390 0.0127003 0.0816852 0.1063148 0.1525208 0.0769590 0.1065481 0.1299278 0.0202484 0.0732882 0.0660619 0.0169744 0.0620808 0.0646299 0.1091800 0.0850483 0.0801776 0.1082537 0.0911423 0.0757357 0.0632443 0.0964302 0.0919612 0.0786625 0.0804750 0.0847589 0.0776430 0.1153743 0.0961761 0.1321680 0.0770537 0.1089043 0.1238503 0.0996530 0.0991039 0.1555798 0.0637913 0.1478986 0.0755807 0.0921035 0.0776755 0.1074203 0.0457982 0.0879631 0.1417210 0.0138687 0.0628696 0.0701157 0.0916498 0.0867083 0.0923647 0.1052350 0.0899386 0.1074728 0.1081588 0.1020912 0.1001520 0.0206196 0.1074783 0.0964527 0.0763540 0.0162516 0.0160972 0.0709443 0.0919009 0.0390905 0.0666808 0.0799671 0.0784691 0.1060037 0.0533224 0.0676496 0.0946035 0.0956169 0.0976546 0.0099993 0.0876622 0.0754024 0.0284408 0.1017034 0.0263291 0.1068437 0.0341885 0.0584887 0.0936533 0.0936732 0.1062987 0.0804640 0.0615368 0.1024485 0.0655756 0.0770908 0.0625925 0.0617663 
S0405         0.2195565 0.0731034 0.0766677 0.1097239 0.1108175 0.0265264 0.1090219 0.1033845 0.0849638 0.0307263 0.0944995 0.1382083 0.1176019 0.1126966 0.1105469 0.1151326 0.1058972 0.1064873 0.1021604 0.1205402 0.0768241 0.0223807 0.0000000 0.0971189 0.0840802 0.0947167 0.0701805 0.0781099 0.0926036 0.1133415 0.0954504 0.0882164 0.0933986 0.1341390 0.1155354 0.0869021 0.0442772 0.0195463 0.1104774 0.0790754 0.1113136 0.0745730 0.0261294 0.0893060 0.1146954 0.1609291 0.0882031 0.1158441 0.1411878 0.0277686 0.0798598 0.0746960 0.0289079 0.0701358 0.0732100 0.1156799 0.0921528 0.0904567 0.1182821 0.0992525 0.0862202 0.0691985 0.1066786 0.1043058 0.0857571 0.0862510 0.0909076 0.0822812 0.1267201 0.1059056 0.1427407 0.0882800 0.1182097 0.1359530 0.1063332 0.1077625 0.1639772 0.0714260 0.1566071 0.0880449 0.1005671 0.0877094 0.1173715 0.0544876 0.0983049 0.1496733 0.0261145 0.0704231 0.0786547 0.1002189 0.0952922 0.1016486 0.1135349 0.0974461 0.1153714 0.1175647 0.1123917 0.1104305 0.0239956 0.1172183 0.1072280 0.0842548 0.0286165 0.0206964 0.0795517 0.1006260 0.0482977 0.0749506 0.0888958 0.0873928 0.1170307 0.0615115 0.0759018 0.1013623 0.1053223 0.1048162 0.0225164 0.0951894 0.0829518 0.0340482 0.1099821 0.0348699 0.1175650 0.0405222 0.0668924 0.1040017 0.1038452 0.1148744 0.0884901 0.0680156 0.1097881 0.0702569 0.0851973 0.0712866 0.0678091 
S0407sl       0.2196974 0.1002001 0.0915964 0.0512622 0.1222661 0.0894269 0.1168713 0.0460478 0.1056901 0.0958218 0.1170254 0.0804607 0.1284585 0.1214011 0.0511175 0.1246583 0.0521786 0.1240801 0.1184088 0.1309322 0.1051445 0.0890442 0.0971189 0.0000000 0.1092179 0.0382533 0.0837562 0.1043962 0.0448407 0.1223376 0.0637555 0.1065624 0.1086416 0.1435223 0.1241205 0.0332523 0.0956490 0.0918305 0.0530197 0.0579152 0.0846493 0.0956609 0.0890558 0.1089850 0.1258099 0.1671010 0.1131215 0.1278380 0.1481910 0.0981219 0.0979200 0.0888916 0.0949661 0.0831268 0.0863870 0.1301431 0.1108190 0.0612503 0.1272704 0.0764220 0.0686827 0.0918018 0.0464972 0.1112467 0.1022057 0.1049378 0.1069326 0.1044629 0.1416402 0.1191418 0.1597853 0.1054682 0.1279485 0.1379261 0.1160914 0.1189169 0.1720774 0.0853970 0.1646607 0.0686554 0.1197443 0.1051538 0.1276311 0.0968437 0.1138143 0.1591680 0.0924210 0.1120804 0.0960018 0.0396735 0.0702873 0.0767257 0.1263794 0.0717870 0.0507274 0.1304625 0.1185936 0.1216545 0.0972880 0.1255894 0.1278128 0.1028181 0.0949643 0.0831241 0.1092265 0.1170561 0.0898036 0.0570441 0.1089110 0.1046921 0.0524785 0.1010713 0.0895480 0.0284853 0.1185324 0.0798662 0.0883259 0.1128752 0.1051167 0.1022018 0.0510393 0.0864831 0.0866199 0.0848974 0.0911459 0.1256748 0.1254873 0.0859893 0.1062016 0.0899530 0.1266371 0.0874555 0.1045300 0.0946118 0.0902294 
S0412sl       0.2236618 0.0788681 0.0860222 0.1189724 0.1247826 0.0781380 0.1080523 0.1107709 0.0982014 0.0825989 0.0841894 0.1519305 0.1192048 0.1140355 0.1195300 0.1149112 0.1121068 0.1116689 0.1082618 0.1213374 0.0793007 0.0745896 0.0840802 0.1092179 0.0000000 0.1029711 0.0826420 0.0818828 0.0981479 0.1141840 0.1009207 0.1013677 0.0863281 0.1325215 0.1172467 0.0952141 0.0858168 0.0762429 0.1203894 0.0825657 0.1196036 0.0692558 0.0768325 0.1042758 0.1160432 0.1803983 0.0555260 0.1180534 0.1439207 0.0801236 0.0912115 0.0863693 0.0797872 0.0816598 0.0843226 0.1277338 0.1063899 0.0980302 0.1192814 0.1116704 0.0943109 0.0793501 0.1098698 0.1035569 0.0979674 0.0954141 0.1015971 0.0972749 0.1185478 0.1117668 0.1572073 0.0963246 0.1223559 0.1403398 0.1200844 0.1188789 0.1805505 0.0839198 0.1689338 0.0912833 0.1120115 0.1029813 0.1208514 0.0832716 0.1070396 0.1638840 0.0772632 0.0905598 0.0867153 0.1071137 0.1049053 0.1107100 0.1150628 0.1038169 0.1195118 0.1234050 0.1113611 0.1123051 0.0829522 0.1184663 0.1137611 0.0909282 0.0773377 0.0686058 0.0907759 0.1130377 0.0756420 0.0819831 0.0999647 0.0956053 0.1262905 0.0808853 0.0895125 0.1097975 0.1111738 0.1138938 0.0747076 0.1096406 0.0954667 0.0853991 0.1176542 0.0744694 0.1224068 0.0784397 0.0618988 0.1118877 0.1102847 0.1186788 0.1006478 0.0785080 0.1167845 0.0848835 0.0977932 0.0756252 0.0797388 
S0417         0.2166779 0.0918083 0.0826786 0.0509025 0.1155826 0.0861255 0.1105629 0.0430741 0.1002473 0.0940957 0.1118046 0.0811299 0.1272617 0.1208903 0.0503155 0.1229763 0.0540274 0.1189141 0.1145910 0.1294818 0.0970433 0.0862954 0.0947167 0.0382533 0.1029711 0.0000000 0.0750168 0.0972736 0.0420750 0.1195909 0.0676520 0.0952377 0.1047486 0.1410343 0.1200264 0.0352218 0.0944373 0.0885269 0.0527092 0.0508245 0.0838026 0.0924085 0.0858369 0.1007505 0.1239951 0.1644031 0.1076536 0.1256732 0.1446331 0.0947534 0.0892467 0.0795783 0.0911419 0.0739431 0.0766526 0.1259526 0.1036883 0.0575775 0.1232290 0.0736985 0.0650715 0.0831673 0.0465446 0.1100196 0.0944213 0.0952305 0.0961048 0.0959387 0.1375827 0.1147276 0.1486209 0.0967343 0.1217386 0.1344301 0.1112822 0.1109099 0.1680797 0.0767372 0.1582776 0.0678302 0.1094020 0.1015190 0.1213594 0.0947540 0.1089441 0.1520232 0.0886058 0.1040415 0.0862988 0.0315462 0.0675149 0.0725204 0.1219963 0.0653449 0.0516458 0.1292661 0.1179366 0.1182715 0.0934303 0.1219577 0.1201363 0.0958269 0.0921159 0.0801574 0.1008507 0.1121945 0.0869687 0.0511693 0.1027470 0.0975487 0.0560488 0.0943279 0.0802036 0.0378464 0.1141276 0.0795783 0.0850204 0.1055683 0.0959320 0.0982445 0.0528572 0.0816597 0.0838240 0.0840891 0.0886400 0.1195989 0.1215189 0.0846871 0.0964581 0.0822786 0.1181626 0.0788338 0.0978487 0.0875923 0.0821221 
S0419         0.1953751 0.0673585 0.0213805 0.0938710 0.0654282 0.0645723 0.0912581 0.0859003 0.0725388 0.0674838 0.0864462 0.1273083 0.1004205 0.0961721 0.0933938 0.0984569 0.0854785 0.0890591 0.0814470 0.1061769 0.0737715 0.0625529 0.0701805 0.0837562 0.0826420 0.0750168 0.0000000 0.0720963 0.0754061 0.0958234 0.0809614 0.0722719 0.0855763 0.1172490 0.0962503 0.0743769 0.0744906 0.0641401 0.0935448 0.0626720 0.0916733 0.0725684 0.0623323 0.0395098 0.0986567 0.1528322 0.0843050 0.1008356 0.1268199 0.0670220 0.0640931 0.0095142 0.0657924 0.0053023 0.0064351 0.0990486 0.0420295 0.0690856 0.1031507 0.0835443 0.0663926 0.0551941 0.0862283 0.0866532 0.0688471 0.0692912 0.0740202 0.0682368 0.1151322 0.0550548 0.1301010 0.0747873 0.1012067 0.1226126 0.0898222 0.0917254 0.1500285 0.0056771 0.1431360 0.0655168 0.0830488 0.0681913 0.0992109 0.0697465 0.0802369 0.1386947 0.0637342 0.0817590 0.0584409 0.0783966 0.0792088 0.0842385 0.0990076 0.0782399 0.0952774 0.1033304 0.0944498 0.0934966 0.0681861 0.1003045 0.0857845 0.0712815 0.0665387 0.0561386 0.0796783 0.0832602 0.0639719 0.0586493 0.0716123 0.0723836 0.0970385 0.0756053 0.0091573 0.0827091 0.0545765 0.0878955 0.0603049 0.0829369 0.0652081 0.0741280 0.0866792 0.0596040 0.0930131 0.0605812 0.0655618 0.0840494 0.0876164 0.0924717 0.0687963 0.0543809 0.0949890 0.0344771 0.0650666 0.0673106 0.0560118 
S0427         0.2106537 0.0727236 0.0772157 0.1115858 0.1136965 0.0736105 0.1128053 0.1087239 0.0831127 0.0764916 0.0854401 0.1431346 0.1152441 0.1102597 0.1146336 0.1142492 0.1067235 0.1020888 0.1011623 0.1223266 0.0431788 0.0710456 0.0781099 0.1043962 0.0818828 0.0972736 0.0720963 0.0000000 0.0926130 0.1151446 0.0995235 0.0859998 0.0899567 0.1335934 0.1125310 0.0909046 0.0822809 0.0706343 0.1132486 0.0822608 0.1163041 0.0743366 0.0713211 0.0923984 0.1155313 0.1690212 0.0822242 0.1151535 0.1410917 0.0778489 0.0774896 0.0775389 0.0737944 0.0734392 0.0737370 0.1106366 0.0947791 0.0925287 0.1132887 0.1053736 0.0893340 0.0730737 0.1035926 0.1033896 0.0815947 0.0813632 0.0872637 0.0820531 0.1191484 0.1046040 0.1483129 0.0908001 0.1145381 0.1391615 0.1043855 0.1061342 0.1698930 0.0737943 0.1631572 0.0853545 0.0952220 0.0852085 0.1125685 0.0729382 0.0925707 0.1587824 0.0716589 0.0841113 0.0782875 0.0973847 0.1008965 0.1054924 0.1155039 0.0981623 0.1149975 0.1184157 0.1126685 0.1127776 0.0761292 0.1120035 0.1045555 0.0814934 0.0750238 0.0641870 0.0889376 0.0987199 0.0679346 0.0806050 0.0856151 0.0836258 0.1161112 0.0775039 0.0787371 0.1055111 0.1040295 0.1096026 0.0691865 0.0994032 0.0836668 0.0791115 0.1112808 0.0677210 0.1190055 0.0723808 0.0702435 0.1066561 0.1031996 0.1152430 0.0875820 0.0717762 0.1133354 0.0771171 0.0835784 0.0373186 0.0702051 
S0428sl       0.2074018 0.0916866 0.0811477 0.0555782 0.1153695 0.0846412 0.1099893 0.0480329 0.0992266 0.0896195 0.1096969 0.0839617 0.1216818 0.1171129 0.0556995 0.1163720 0.0464767 0.1125158 0.1099628 0.1197137 0.0918275 0.0812727 0.0926036 0.0448407 0.0981479 0.0420750 0.0754061 0.0926130 0.0000000 0.1168457 0.0598271 0.0977335 0.1020513 0.1371314 0.1176040 0.0372772 0.0902487 0.0864170 0.0558991 0.0504186 0.0769437 0.0923929 0.0826968 0.0999194 0.1191011 0.1558658 0.1014779 0.1191272 0.1430071 0.0901539 0.0903678 0.0800654 0.0880955 0.0757995 0.0765079 0.1219094 0.1006279 0.0557453 0.1218429 0.0698920 0.0622260 0.0771460 0.0443185 0.1028136 0.0947486 0.0945385 0.0980147 0.0943671 0.1333914 0.1123093 0.1396462 0.0962060 0.1189042 0.1298579 0.1112428 0.1124156 0.1541049 0.0771754 0.1486599 0.0649655 0.1094553 0.0958212 0.1177022 0.0910010 0.1068897 0.1441366 0.0850766 0.1050465 0.0863937 0.0422581 0.0632887 0.0696240 0.1169742 0.0640671 0.0508870 0.1175968 0.1154303 0.1153493 0.0893478 0.1196649 0.1160462 0.0958553 0.0876000 0.0775091 0.1001223 0.1109448 0.0845018 0.0482724 0.1017349 0.0965669 0.0565669 0.0946983 0.0826699 0.0453429 0.1117081 0.0730899 0.0824242 0.1076623 0.0933527 0.0924535 0.0555006 0.0820158 0.0809783 0.0876532 0.0870096 0.1158038 0.1132252 0.0807068 0.0959235 0.0762582 0.1178117 0.0780741 0.0946788 0.0863699 0.0766121 
