134
PAFTOL_019361 0.0000000 0.2074278 0.1852615 0.2268511 0.2472112 0.2107386 0.2062565 0.1924053 0.1989376 0.2158003 0.2275714 0.2157513 0.2169508 0.2106802 0.2117093 0.2054657 0.2302315 0.2317135 0.2197247 0.1975963 0.2283227 0.2150499 0.2122172 0.2226777 0.1887975 0.2004087 0.1984363 0.2537225 0.2067554 0.2021445 0.2171193 0.2207895 0.2411351 0.1736401 0.2241756 0.2230277 0.2118380 0.2232948 0.2025808 0.2347655 0.1899660 0.2233944 0.2122325 0.2238971 0.2508310 0.2059261 0.2180949 0.1930308 0.2094318 0.2083223 0.1917229 0.2052577 0.1869035 0.1855568 0.2260998 0.2144369 0.2238144 0.2003317 0.2213277 0.2041368 0.1768364 0.2159187 0.2305076 0.2087887 0.2181092 0.2052946 0.2369035 0.1794793 0.2459750 0.2125636 0.2364658 0.2211702 0.2178177 0.2123670 0.2449448 0.1940225 0.2536979 0.1881257 0.2049225 0.2135537 0.2469887 0.2117513 0.2071593 0.2421449 0.2041918 0.2217331 0.1876587 0.1997224 0.2159148 0.2079621 0.2236615 0.1895827 0.2113847 0.2141287 0.2124823 0.2134465 0.2087405 0.2088070 0.2146095 0.1954565 0.2003937 0.2091186 0.2006947 0.2127439 0.2030384 0.2035006 0.2085382 0.2052548 0.2259028 0.2035796 0.1938403 0.2207474 0.1635787 0.2242690 0.2062092 0.1936091 0.2073121 0.2094918 0.2096194 0.2094154 0.2041840 0.2210766 0.2091449 0.2052037 0.2313154 0.2318628 0.2101117 0.2027023 0.1912801 0.2420544 0.2001206 0.2092303 0.1975479 0.1844047 
S0055         0.2074278 0.0000000 0.0571160 0.0846344 0.0848412 0.0519439 0.0795789 0.0558289 0.0747675 0.0528874 0.0760339 0.0837459 0.0702480 0.0688268 0.0878940 0.0685658 0.0791579 0.0827759 0.0886328 0.0565813 0.0540073 0.0508821 0.0686061 0.0704590 0.0591290 0.0660969 0.0535564 0.0965483 0.0796372 0.0645447 0.0796073 0.0676197 0.1001697 0.0779901 0.0717180 0.0560845 0.0452698 0.0822822 0.0573978 0.0886576 0.0455875 0.0534300 0.0703202 0.0878267 0.1401367 0.0660318 0.0845471 0.0478743 0.0439973 0.0673707 0.0603386 0.0440072 0.0566367 0.0612695 0.0833934 0.0718998 0.0728050 0.0849316 0.0824653 0.0574452 0.0504683 0.0726721 0.0833182 0.0717503 0.0792614 0.0710106 0.0809555 0.0717297 0.1341149 0.0552469 0.1181394 0.0836337 0.0761208 0.0718490 0.1332108 0.0631582 0.1454656 0.0740784 0.0655088 0.0745110 0.1039144 0.0469819 0.0835567 0.1426680 0.0452411 0.0628223 0.0536743 0.0670459 0.0734679 0.0687736 0.0811357 0.0551125 0.0762016 0.0931624 0.0787239 0.0752809 0.0463891 0.0946991 0.0744469 0.0656183 0.0407248 0.0520385 0.0440236 0.0785888 0.0415723 0.0641692 0.0720335 0.0781560 0.0837049 0.0539295 0.0644911 0.0722299 0.0846610 0.0926557 0.0490576 0.0810086 0.0805760 0.0656206 0.0503825 0.0757443 0.0576414 0.0751676 0.0521698 0.0441245 0.0875331 0.0754720 0.0828694 0.0626431 0.0542329 0.0839286 0.0560979 0.0616924 0.0530970 0.0522212 
S0196sl       0.1852615 0.0571160 0.0000000 0.0717658 0.0644620 0.0573642 0.0693023 0.0471126 0.0591341 0.0706771 0.0634792 0.0684865 0.0639510 0.0587989 0.0653329 0.0562160 0.0596753 0.0739148 0.0743251 0.0546358 0.0725718 0.0573789 0.0374853 0.0861857 0.0465609 0.0078528 0.0511608 0.0621010 0.0611666 0.0635873 0.0639236 0.0701337 0.0904422 0.0642755 0.0569984 0.0618581 0.0588066 0.0655384 0.0522129 0.0627920 0.0420292 0.0657025 0.0356758 0.0732252 0.1069528 0.0720656 0.0727902 0.0474171 0.0538596 0.0521652 0.0038877 0.0541289 0.0039784 0.0039463 0.0653908 0.0386251 0.0626535 0.0699209 0.0577864 0.0550770 0.0352274 0.0582387 0.0732720 0.0635092 0.0686330 0.0593644 0.0756420 0.0549451 0.1039855 0.0615798 0.0983885 0.0799717 0.0665452 0.0590849 0.0999613 0.0065132 0.1086803 0.0574875 0.0521364 0.0524949 0.0907969 0.0622881 0.0705556 0.1073966 0.0605640 0.0618156 0.0390468 0.0447655 0.0560185 0.0481166 0.0640408 0.0480577 0.0652834 0.0771058 0.0618325 0.0593990 0.0587511 0.0770609 0.0652514 0.0537613 0.0537183 0.0587228 0.0556137 0.0673001 0.0604332 0.0539424 0.0498371 0.0580427 0.0789357 0.0440112 0.0064945 0.0652809 0.0696561 0.0690106 0.0619570 0.0637974 0.0690090 0.0431334 0.0523187 0.0695581 0.0668156 0.0657524 0.0495924 0.0481477 0.0736035 0.0599610 0.0633626 0.0557866 0.0361026 0.0893728 0.0284998 0.0417051 0.0510843 0.0324421 
S0278         0.2268511 0.0846344 0.0717658 0.0000000 0.1075106 0.0849036 0.1017160 0.0458123 0.0908612 0.0892183 0.0495599 0.0981112 0.0851832 0.0629061 0.1024036 0.0513432 0.0877225 0.0963689 0.1015456 0.0834641 0.1022496 0.0904345 0.0593851 0.1186994 0.0536666 0.0749443 0.0844612 0.0870584 0.0953264 0.0659578 0.0987263 0.0973370 0.1201116 0.0842572 0.0421373 0.0897834 0.0869570 0.0576134 0.0606376 0.0889237 0.0840482 0.0883185 0.0849924 0.1054131 0.1418162 0.0899000 0.1001946 0.0814599 0.0833445 0.0799099 0.0745809 0.0822731 0.0740442 0.0757536 0.0997579 0.0866634 0.0757537 0.1022291 0.0841235 0.0677120 0.0661908 0.0553112 0.1031878 0.0913755 0.0968779 0.0882473 0.1007940 0.0861763 0.1398586 0.0913388 0.1264406 0.0990451 0.0942615 0.0924284 0.1351636 0.0775310 0.1472125 0.0698945 0.0854597 0.0894747 0.1138301 0.0947010 0.0950892 0.1475948 0.0822943 0.0991347 0.0724701 0.0491681 0.0749678 0.0716681 0.0968961 0.0582020 0.0453800 0.1084649 0.0956544 0.0918849 0.0867774 0.1069685 0.0858404 0.0798476 0.0792423 0.0915954 0.0880133 0.0977902 0.0973599 0.0646737 0.0862546 0.0914721 0.0621173 0.0833513 0.0803035 0.0642662 0.0968692 0.0943672 0.0880581 0.0939451 0.0998395 0.0790439 0.0832200 0.0454987 0.1009729 0.0724117 0.0785202 0.0769116 0.0993841 0.0896263 0.0775327 0.0839081 0.0671235 0.1264661 0.0804529 0.0735778 0.0811459 0.0624217 
S0281         0.2472112 0.0848412 0.0644620 0.1075106 0.0000000 0.1000174 0.1209689 0.0689135 0.0925197 0.0921597 0.0871548 0.1193720 0.1154705 0.0784994 0.1282933 0.0873709 0.1056720 0.0983702 0.1253824 0.0903479 0.1145543 0.0956410 0.0916845 0.1044510 0.0806402 0.0689431 0.0759849 0.1520898 0.1183250 0.0942235 0.0957137 0.1101604 0.1327833 1.2575335 0.0854120 0.1037475 0.0996630 0.0894947 0.0770196 0.1177587 0.0822662 0.1002945 0.0737499 0.1290982 0.1642880 0.1000987 0.1215500 0.0819863 0.0802539 0.0868560 0.0663662 0.0947921 0.0694883 0.0646892 0.0968300 0.0782828 0.1059828 0.1010386 0.1044636 0.0838697 0.0615732 0.0974306 0.1339670 0.0876347 0.1000563 0.0809132 0.0957961 0.0519956 0.1635016 0.0860621 0.1807616 0.1146239 0.0873906 0.0787997 0.1517268 0.0641558 0.1674465 0.0994089 0.1096562 0.1134761 0.1323402 0.0831059 0.0987953 0.1725414 0.0900718 0.1067524 0.0764521 0.0800424 0.1020000 0.0940221 0.1238747 0.0802750 0.0952092 0.1125500 0.1186451 0.1158006 0.0919920 0.1113863 0.0942703 0.0884805 0.0797187 0.1044416 0.0852068 0.1098332 0.0944213 0.0825513 0.0970274 0.1012918 0.0951270 0.0847194 0.0685871 0.0833269 0.0613152 0.1119779 0.0891584 0.0660788 0.1063666 0.0943228 0.0884401 0.0897772 0.0955891 0.0808061 0.0899817 0.0777078 0.1083677 0.0987101 0.1017854 0.0946369 0.0702231 0.1140963 0.0772805 0.0921405 0.0880102 0.0620683 
S0282         0.2107386 0.0519439 0.0573642 0.0849036 0.1000174 0.0000000 0.0801459 0.0646450 0.0814708 0.0299542 0.0835666 0.0919432 0.0765828 0.0762719 0.0902571 0.0749171 0.0828981 0.0832731 0.0923661 0.0593884 0.0380466 0.0250339 0.0804082 0.0808495 0.0622119 0.0678196 0.0563541 0.1039737 0.0848616 0.0749948 0.0828835 0.0689762 0.1180642 0.0638741 0.0795943 0.0590625 0.0249350 0.0855895 0.0605727 0.0906981 0.0482638 0.0225666 0.0690625 0.0961092 0.1463881 0.0633453 0.0956156 0.0494187 0.0439182 0.0677334 0.0620058 0.0139869 0.0625568 0.0629682 0.0929267 0.0720032 0.0816932 0.0916718 0.0844379 0.0662741 0.0548865 0.0817484 0.0965618 0.0749894 0.0783337 0.0713911 0.0844384 0.0754066 0.1413275 0.0612256 0.1350228 0.0945511 0.0797646 0.0768651 0.1352922 0.0648513 0.1483282 0.0764695 0.0617058 0.0792700 0.1203822 0.0576254 0.0934808 0.1434142 0.0176020 0.0735299 0.0567229 0.0717625 0.0725523 0.0705929 0.0952347 0.0609544 0.0852707 0.1145376 0.0837816 0.0817621 0.0212202 0.1087732 0.0782079 0.0663259 0.0166165 0.0249807 0.0576059 0.0854742 0.0533804 0.0673037 0.0771679 0.0789923 0.0944482 0.0558964 0.0675508 0.0855914 0.0945997 0.0919327 0.0175830 0.0829663 0.0885208 0.0649217 0.0505692 0.0816306 0.0673562 0.0742527 0.0496417 0.0551393 0.0886369 0.0763713 0.0834128 0.0701311 0.0586275 0.0949455 0.0616911 0.0567671 0.0521109 0.0538589 
S0288         0.2062565 0.0795789 0.0693023 0.1017160 0.1209689 0.0801459 0.0000000 0.0768729 0.0821335 0.0776445 0.0865622 0.0271388 0.0562064 0.0916212 0.0233831 0.0762144 0.0879599 0.0960749 0.0249885 0.0780428 0.0644015 0.0756028 0.0726118 0.1189149 0.0676945 0.0719814 0.0734447 0.0774676 0.0124685 0.0830577 0.0865158 0.0915810 0.0685851 0.0117158 0.0931929 0.0843294 0.0713012 0.0927702 0.0730049 0.0907441 0.0649325 0.0805654 0.0711065 0.0251102 0.1202725 0.0938493 0.0250217 0.0709103 0.0776378 0.0776644 0.0651101 0.0732147 0.0681262 0.0708614 0.0935198 0.0733510 0.0950673 0.0643870 0.0833202 0.0811452 0.0536478 0.0751654 0.1003046 0.0821963 0.0913127 0.0830591 0.1134653 0.0720536 0.1346509 0.0811311 0.0750702 0.0777033 0.0954382 0.0891644 0.1268850 0.0737203 0.1178847 0.0756153 0.0822344 0.0891506 0.0784651 0.0780690 0.0912322 0.1285571 0.0759072 0.0964244 0.0647219 0.0674178 0.0722651 0.0740101 0.0234759 0.0669905 0.0934121 0.0607332 0.0069640 0.0088427 0.0753832 0.0641856 0.0893134 0.0813333 0.0703358 0.0776638 0.0693557 0.0865862 0.0778659 0.0690939 0.0732094 0.0779348 0.1060943 0.0771879 0.0672009 0.0993488 0.0770319 0.0974152 0.0842918 0.0871513 0.0909659 0.0706696 0.0770174 0.0934902 0.0735279 0.0993137 0.0605493 0.0673626 0.0882638 0.0885594 0.0803741 0.0752628 0.0603626 0.1034698 0.0750427 0.0710001 0.0708584 0.0594809 
S0289         0.1924053 0.0558289 0.0471126 0.0458123 0.0689135 0.0646450 0.0768729 0.0000000 0.0677390 0.0709348 0.0297584 0.0743582 0.0661351 0.0219725 0.0786185 0.0310092 0.0700796 0.0772858 0.0780459 0.0608708 0.0774886 0.0633772 0.0419437 0.0816603 0.0285255 0.0574652 0.0588449 0.0578812 0.0729664 0.0271461 0.0707030 0.0795220 0.0974173 0.0730023 0.0275902 0.0674809 0.0573618 0.0391099 0.0398548 0.0635247 0.0517387 0.0646064 0.0559711 0.0815826 0.1182065 0.0677934 0.0797181 0.0485528 0.0529342 0.0524502 0.0516474 0.0559188 0.0518945 0.0524677 0.0768907 0.0588987 0.0481071 0.0703449 0.0590771 0.0407951 0.0398531 0.0273373 0.0814532 0.0644757 0.0677370 0.0594100 0.0850076 0.0631421 0.1178263 0.0581891 0.1006185 0.0724073 0.0674983 0.0634079 0.1129589 0.0545021 0.1218251 0.0473772 0.0566314 0.0719227 0.0913053 0.0600531 0.0736329 0.1203927 0.0545412 0.0666808 0.0476436 0.0335663 0.0502654 0.0473162 0.0729138 0.0348058 0.0283880 0.0888761 0.0705388 0.0683129 0.0586695 0.0828383 0.0616276 0.0572653 0.0525151 0.0617096 0.0515700 0.0736431 0.0628432 0.0403362 0.0635029 0.0727539 0.0245596 0.0542399 0.0572332 0.0433016 0.0739102 0.0676556 0.0583725 0.0684205 0.0779873 0.0602009 0.0584237 0.0335776 0.0677579 0.0475711 0.0561591 0.0531416 0.0828355 0.0690321 0.0557130 0.0602551 0.0410432 0.0882479 0.0584043 0.0545320 0.0546698 0.0360545 
S0292         0.1989376 0.0747675 0.0591341 0.0908612 0.0925197 0.0814708 0.0821335 0.0677390 0.0000000 0.0846491 0.0797891 0.0857284 0.0722468 0.0810104 0.0825516 0.0860936 0.0772952 0.0727030 0.0906941 0.0742630 0.0881894 0.0800262 0.0761395 0.1121305 0.0714143 0.0698829 0.0750062 0.1065324 0.0817245 0.0779566 0.0700864 0.0968261 0.1113096 0.0731166 0.0783472 0.0842602 0.0767833 0.0890870 0.0694475 0.0849825 0.0670425 0.0831918 0.0799197 0.0882902 0.1392187 0.0982785 0.0893992 0.0655329 0.0822499 0.0636351 0.0695451 0.0724704 0.0689009 0.0689223 0.0699049 0.0815749 0.0763860 0.0877789 0.0820867 0.0653164 0.0452406 0.0808099 0.0888893 0.0707247 0.0741050 0.0643716 0.1034525 0.0791782 0.1467415 0.0810466 0.1127379 0.0882971 0.0665520 0.0610802 0.1400660 0.0724751 0.1411172 0.0727448 0.0665028 0.0694816 0.1105546 0.0795364 0.0484444 0.1429332 0.0769095 0.0945558 0.0499532 0.0682343 0.0745698 0.0712306 0.0841660 0.0598352 0.0803224 0.1015215 0.0804552 0.0831721 0.0706139 0.0920345 0.0648808 0.0216670 0.0708338 0.0798251 0.0782615 0.0430378 0.0762979 0.0736829 0.0237679 0.0226089 0.0857610 0.0732994 0.0723466 0.0910295 0.0886698 0.0938862 0.0749557 0.0853151 0.0505045 0.0577154 0.0879618 0.0853093 0.0949774 0.0746870 0.0784071 0.0696422 0.0763280 0.0690147 0.0827648 0.0622244 0.0517645 0.1097555 0.0595160 0.0566764 0.0749935 0.0455467 
S0293         0.2158003 0.0528874 0.0706771 0.0892183 0.0921597 0.0299542 0.0776445 0.0709348 0.0846491 0.0000000 0.0886263 0.0885858 0.0789932 0.0819187 0.0882094 0.0766794 0.0820998 0.0777318 0.0943611 0.0628905 0.0181543 0.0360085 0.0815963 0.0884202 0.0649364 0.0699781 0.0628314 0.1139500 0.0864790 0.0854328 0.0823596 0.0578046 0.1231133 0.0752707 0.0820345 0.0626158 0.0312521 0.0892666 0.0609641 0.0973027 0.0547683 0.0299286 0.0801949 0.0935555 0.1510647 0.0562797 0.0894560 0.0497403 0.0511976 0.0680118 0.0629974 0.0239285 0.0667577 0.0675160 0.0931099 0.0838093 0.0845850 0.0951779 0.0936948 0.0694293 0.0595798 0.0812766 0.1105209 0.0715607 0.0790096 0.0705520 0.0823434 0.0716837 0.1450098 0.0702465 0.1445224 0.1051825 0.0838385 0.0787517 0.1377318 0.0680668 0.1490661 0.0803620 0.0679295 0.0819744 0.1239397 0.0563364 0.0911474 0.1484215 0.0299603 0.0784712 0.0600892 0.0663936 0.0790148 0.0768340 0.0979329 0.0596287 0.0890525 0.1084727 0.0824564 0.0781582 0.0328163 0.1130366 0.0730992 0.0696146 0.0289393 0.0343399 0.0592498 0.0913703 0.0579000 0.0630749 0.0829100 0.0815262 0.0986822 0.0607464 0.0712475 0.0839817 0.0868673 0.1079465 0.0314082 0.0788595 0.0973800 0.0663163 0.0573396 0.0829715 0.0661040 0.0736938 0.0565292 0.0581746 0.0926203 0.0778476 0.0783091 0.0749539 0.0656276 0.1004257 0.0641527 0.0615528 0.0592215 0.0597360 
S0299         0.2275714 0.0760339 0.0634792 0.0495599 0.0871548 0.0835666 0.0865622 0.0297584 0.0797891 0.0886263 0.0000000 0.0901603 0.0779932 0.0452794 0.0943764 0.0470255 0.0901608 0.0947805 0.0966029 0.0782593 0.0967236 0.0808541 0.0549643 0.1158463 0.0454761 0.0674901 0.0794105 0.0697308 0.0845372 0.0535310 0.0842581 0.0942852 0.1055130 0.0690814 0.0330442 0.0788746 0.0788734 0.0478513 0.0489970 0.0779876 0.0733539 0.0864524 0.0761318 0.0973243 0.1348911 0.0911811 0.0968785 0.0708183 0.0712623 0.0688124 0.0643940 0.0774503 0.0650148 0.0653901 0.0917302 0.0791349 0.0624749 0.0945254 0.0733516 0.0459370 0.0544508 0.0363725 0.0903621 0.0791369 0.0827567 0.0741983 0.1014330 0.0814187 0.1380612 0.0830797 0.1171019 0.0952730 0.0853534 0.0764782 0.1347403 0.0672453 0.1419524 0.0658556 0.0730126 0.0877704 0.0984112 0.0847928 0.0835887 0.1393126 0.0761420 0.0867591 0.0605417 0.0463345 0.0632401 0.0601213 0.0876634 0.0453288 0.0350007 0.0972222 0.0849706 0.0828356 0.0801601 0.1022296 0.0827351 0.0779259 0.0729105 0.0848399 0.0744914 0.0929102 0.0876317 0.0546407 0.0810820 0.0848171 0.0467288 0.0728067 0.0699453 0.0536542 0.0905276 0.0819670 0.0831523 0.0875489 0.0945107 0.0732974 0.0740291 0.0309729 0.0925174 0.0648976 0.0749052 0.0793175 0.0935735 0.0892658 0.0702640 0.0732626 0.0569199 0.1125089 0.0630469 0.0690700 0.0733460 0.0549298 
S0303         0.2157513 0.0837459 0.0684865 0.0981112 0.1193720 0.0919432 0.0271388 0.0743582 0.0857284 0.0885858 0.0901603 0.0000000 0.0536406 0.0858793 0.0140100 0.0768837 0.0956207 0.0964600 0.0237219 0.0861774 0.0979526 0.0890694 0.0859264 0.1266702 0.0759152 0.0797139 0.0829145 0.1082071 0.0214600 0.0861430 0.0954254 0.1028689 0.0800556 0.0240426 0.0827480 0.0961611 0.0870980 0.0940911 0.0783743 0.0946351 0.0767565 0.0920287 0.0853984 0.0188253 0.1350631 0.1030936 0.0275190 0.0743378 0.0810298 0.0801010 0.0736500 0.0826692 0.0745667 0.0748138 0.1016715 0.0870790 0.0946906 0.0616121 0.0914855 0.0799157 0.0549300 0.0808107 0.0742924 0.0796542 0.0920770 0.0821180 0.1134159 0.0902567 0.1472084 0.0854324 0.0747882 0.0465230 0.0909126 0.0876030 0.1395274 0.0766085 0.1369302 0.0805283 0.0825770 0.0964212 0.0737417 0.0921017 0.0947424 0.1453674 0.0842787 0.1073399 0.0680879 0.0767709 0.0821664 0.0772446 0.0264612 0.0742643 0.0917323 0.0722523 0.0200568 0.0178003 0.0839060 0.0626283 0.0890981 0.0826276 0.0782788 0.0902322 0.0798527 0.0933255 0.0858737 0.0780266 0.0860612 0.0864190 0.0985444 0.0878268 0.0765846 0.0911814 0.0958496 0.1001420 0.0884937 0.0991926 0.0901183 0.0809244 0.0880598 0.0946322 0.0906554 0.0941831 0.0739377 0.0770723 0.1017322 0.0976618 0.0830240 0.0767445 0.0598826 0.1166815 0.0807076 0.0798226 0.0810744 0.0610793 
S0308         0.2169508 0.0702480 0.0639510 0.0851832 0.1154705 0.0765828 0.0562064 0.0661351 0.0722468 0.0789932 0.0779932 0.0536406 0.0000000 0.0851849 0.0534381 0.0808315 0.0875403 0.0847141 0.0583094 0.0784499 0.0868651 0.0755585 0.0919980 0.1067915 0.0679395 0.0710803 0.0796900 0.1064298 0.0484370 0.0767371 0.0726394 0.0938217 0.0798653 0.0365565 0.0719337 0.0824723 0.0765895 0.0903131 0.0649024 0.0936269 0.0692968 0.0749446 0.0853177 0.0534577 0.1186870 0.0827443 0.0558104 0.0698225 0.0707160 0.0649424 0.0679102 0.0694469 0.0686459 0.0689756 0.0915139 0.0869967 0.0832211 0.0513447 0.0903379 0.0704279 0.0520476 0.0689956 0.0667308 0.0706522 0.0783474 0.0715383 0.1094169 0.0820837 0.1303556 0.0834979 0.0631573 0.0407267 0.0811897 0.0783353 0.1287741 0.0708182 0.1204502 0.0732394 0.0761090 0.0867836 0.0715999 0.0795903 0.0806846 0.1241044 0.0721134 0.0991566 0.0608226 0.0747833 0.0780571 0.0747066 0.0550909 0.0635133 0.0823303 0.0720787 0.0478821 0.0470725 0.0704386 0.0591413 0.0779876 0.0672950 0.0676120 0.0767252 0.0794749 0.0773745 0.0735263 0.0649640 0.0664287 0.0727700 0.0948244 0.0816919 0.0735645 0.0933435 0.0867189 0.0990766 0.0733480 0.0896846 0.0711591 0.0691598 0.0790747 0.0880106 0.0932252 0.0886361 0.0708217 0.0678576 0.0912643 0.0836946 0.0824790 0.0660990 0.0542549 0.1088651 0.0661773 0.0680517 0.0736033 0.0509249 
S0320         0.2106802 0.0688268 0.0587989 0.0629061 0.0784994 0.0762719 0.0916212 0.0219725 0.0810104 0.0819187 0.0452794 0.0858793 0.0851849 0.0000000 0.0900714 0.0496353 0.0914602 0.0878327 0.0923095 0.0682348 0.0890029 0.0720020 0.0595488 0.1007512 0.0452835 0.0689850 0.0676331 0.0759706 0.0846550 0.0491042 0.0798739 0.0864146 0.1098713 0.0783983 0.0343404 0.0775418 0.0702838 0.0574526 0.0558156 0.0807902 0.0647991 0.0761483 0.0731073 0.0929988 0.1364868 0.0832245 0.0955770 0.0621842 0.0659519 0.0659557 0.0631685 0.0674862 0.0636990 0.0641469 0.0858948 0.0760776 0.0666149 0.0893977 0.0718885 0.0573125 0.0516044 0.0482401 0.0966887 0.0748394 0.0753686 0.0671419 0.0963743 0.0765759 0.1412125 0.0672695 0.1206608 0.0941943 0.0750684 0.0722035 0.1328708 0.0660149 0.1417603 0.0587946 0.0672349 0.0892284 0.1104611 0.0686884 0.0925078 0.1425448 0.0661958 0.0797215 0.0620070 0.0489888 0.0673417 0.0614534 0.0892527 0.0493828 0.0426091 0.1076687 0.0865273 0.0843953 0.0701469 0.0998801 0.0849208 0.0718270 0.0629349 0.0746740 0.0686388 0.0927347 0.0756691 0.0599936 0.0808537 0.0875303 0.0492795 0.0660210 0.0687129 0.0522885 0.0872639 0.0818669 0.0699395 0.0829003 0.0931337 0.0759592 0.0670284 0.0464005 0.0821277 0.0662740 0.0661046 0.0675408 0.0983686 0.0920013 0.0758039 0.0677078 0.0568343 0.0952719 0.0685022 0.0688957 0.0635332 0.0533886 
S0322         0.2117093 0.0878940 0.0653329 0.1024036 0.1282933 0.0902571 0.0233831 0.0786185 0.0825516 0.0882094 0.0943764 0.0140100 0.0534381 0.0900714 0.0000000 0.0843457 0.0981626 0.0930326 0.0248120 0.0873954 0.0991883 0.0873974 0.0898139 0.1213398 0.0756686 0.0811404 0.0827168 0.1065279 0.0190273 0.0903471 0.0950567 0.1011172 0.0811587 0.0241594 0.0884483 0.0988261 0.0854445 0.0983740 0.0796474 0.0932280 0.0779612 0.0903407 0.0869375 0.0175357 0.1348074 0.1043205 0.0262107 0.0741375 0.0822351 0.0797872 0.0750506 0.0810408 0.0745629 0.0762382 0.1012788 0.0886286 0.0975108 0.0613744 0.0912319 0.0797193 0.0534884 0.0852893 0.0740012 0.0793483 0.0917222 0.0831070 0.1132673 0.0897712 0.1484800 0.0880957 0.0702538 0.0522568 0.0904334 0.0872652 0.1409531 0.0780205 0.1366717 0.0826535 0.0824193 0.0960505 0.0763200 0.0933201 0.0929232 0.1466372 0.0826389 0.1085641 0.0650934 0.0767566 0.0790836 0.0770311 0.0263723 0.0725894 0.0930493 0.0706415 0.0225117 0.0190551 0.0822745 0.0624344 0.0903153 0.0794367 0.0795055 0.0885592 0.0810614 0.0871893 0.0899645 0.0792298 0.0828708 0.0832130 0.1044246 0.0863289 0.0779964 0.0924065 0.0978061 0.0972650 0.0868343 0.0989517 0.0854007 0.0806148 0.0850018 0.0988818 0.0934506 0.0971168 0.0723584 0.0782816 0.1013393 0.0972884 0.0856516 0.0764500 0.0584301 0.1195548 0.0803996 0.0795161 0.0822800 0.0608403 
S0327         0.2054657 0.0685658 0.0562160 0.0513432 0.0873709 0.0749171 0.0762144 0.0310092 0.0860936 0.0766794 0.0470255 0.0768837 0.0808315 0.0496353 0.0843457 0.0000000 0.0816746 0.0900488 0.0880804 0.0706368 0.0865619 0.0731413 0.0425657 0.1000118 0.0430179 0.0683395 0.0690058 0.0786384 0.0787666 0.0445036 0.0877254 0.0886497 0.1109769 0.0693957 0.0521149 0.0757577 0.0702342 0.0527354 0.0424827 0.0629300 0.0658887 0.0762251 0.0697766 0.0888867 0.1247405 0.0836731 0.0852877 0.0586029 0.0652228 0.0702280 0.0623625 0.0672540 0.0614420 0.0633566 0.0909442 0.0728093 0.0560991 0.0868650 0.0574013 0.0462649 0.0506995 0.0502749 0.0857470 0.0794278 0.0813317 0.0743033 0.0845192 0.0714289 0.1292222 0.0666396 0.1135296 0.0926747 0.0846274 0.0799220 0.1193442 0.0652870 0.1300428 0.0551592 0.0716648 0.0819545 0.0955890 0.0793225 0.0876385 0.1319767 0.0659187 0.0778020 0.0586620 0.0372111 0.0585700 0.0470794 0.0803026 0.0386317 0.0497970 0.1025118 0.0792730 0.0740671 0.0700092 0.0924772 0.0795123 0.0748802 0.0638819 0.0746977 0.0669949 0.0923307 0.0745299 0.0428355 0.0800423 0.0867237 0.0530168 0.0680259 0.0680612 0.0494653 0.0833768 0.0673341 0.0730181 0.0750865 0.0942412 0.0701919 0.0621891 0.0481711 0.0741389 0.0557424 0.0644093 0.0687549 0.0936716 0.0836025 0.0685352 0.0719686 0.0532944 0.1006762 0.0626398 0.0657832 0.0658788 0.0498903 
S0335         0.2302315 0.0791579 0.0596753 0.0877225 0.1056720 0.0828981 0.0879599 0.0700796 0.0772952 0.0820998 0.0901608 0.0956207 0.0875403 0.0914602 0.0981626 0.0816746 0.0000000 0.0678686 0.0959556 0.0848190 0.0927112 0.0875781 0.0908943 0.1138328 0.0687110 0.0656523 0.0844843 0.1142647 0.0943367 0.0799078 0.0855371 0.0946248 0.1185582 0.0581548 0.0801547 0.0898944 0.0797323 0.0923906 0.0698735 0.0900493 0.0699849 0.0907285 0.0751400 0.0995820 0.1406594 0.0832435 0.0990747 0.0773374 0.0825662 0.0705946 0.0626648 0.0782160 0.0618672 0.0622625 0.0783222 0.0725185 0.0851491 0.0888600 0.0824142 0.0801603 0.0537053 0.0767720 0.0955597 0.0777121 0.0798005 0.0741775 0.1019288 0.0753219 0.1437454 0.0842337 0.1118089 0.0791016 0.0751041 0.0668021 0.1306795 0.0654861 0.1425446 0.0616169 0.0721637 0.0581327 0.1077032 0.0948531 0.0860242 0.1473294 0.0797650 0.0887012 0.0597917 0.0781267 0.0775399 0.0727864 0.0973340 0.0684108 0.0917619 0.1110412 0.0916974 0.0899781 0.0840111 0.0957782 0.0485542 0.0666597 0.0723084 0.0887253 0.0725030 0.0813587 0.0886746 0.0740656 0.0731094 0.0762860 0.1015469 0.0777223 0.0667269 0.0953863 0.0798033 0.0897414 0.0810357 0.0831634 0.0847952 0.0537495 0.0896839 0.0943143 0.1024998 0.0858449 0.0783176 0.0755762 0.0594822 0.0281727 0.0768533 0.0708618 0.0519254 0.1209825 0.0679176 0.0472254 0.0779763 0.0474099 
S0345         0.2317135 0.0827759 0.0739148 0.0963689 0.0983702 0.0832731 0.0960749 0.0772858 0.0727030 0.0777318 0.0947805 0.0964600 0.0847141 0.0878327 0.0930326 0.0900488 0.0678686 0.0000000 0.0980522 0.0905040 0.0712467 0.0803855 0.0958350 0.1227405 0.0746471 0.0786063 0.0847024 0.1150372 0.0938047 0.0887000 0.0817951 0.1028254 0.1161067 0.0831604 0.0881590 0.0946760 0.0781795 0.1011623 0.0756566 0.0982709 0.0789046 0.0868704 0.0844369 0.0959920 0.1377902 0.1009541 0.1018638 0.0806277 0.0878964 0.0677934 0.0738966 0.0739026 0.0747931 0.0766363 0.0834575 0.0860562 0.0935789 0.0951370 0.0965024 0.0786691 0.0557593 0.0829725 0.1009241 0.0781234 0.0847028 0.0741979 0.1078752 0.0832942 0.1389288 0.0960653 0.1286592 0.0925162 0.0758341 0.0727876 0.1357279 0.0784859 0.1414685 0.0789827 0.0701558 0.0702805 0.1136865 0.0831938 0.0848322 0.1448493 0.0755113 0.0957330 0.0607190 0.0799208 0.0837597 0.0798905 0.0983664 0.0732634 0.0978474 0.1053785 0.0955653 0.0953154 0.0781111 0.1005532 0.0362149 0.0659047 0.0675576 0.0848438 0.0859793 0.0798106 0.0842730 0.0770129 0.0742220 0.0760056 0.1048911 0.0832739 0.0798672 0.1027029 0.0945688 0.1059065 0.0749776 0.0932346 0.0746195 0.0626721 0.0888303 0.0944266 0.1008296 0.0911923 0.0835447 0.0770589 0.0471990 0.0597736 0.0936415 0.0767016 0.0580918 0.1347231 0.0795402 0.0584985 0.0860931 0.0533265 
S0355         0.2197247 0.0886328 0.0743251 0.1015456 0.1253824 0.0923661 0.0249885 0.0780459 0.0906941 0.0943611 0.0966029 0.0237219 0.0583094 0.0923095 0.0248120 0.0880804 0.0959556 0.0980522 0.0000000 0.0867693 0.1012392 0.0939082 0.0966507 0.1259417 0.0793938 0.0829454 0.0864207 0.1119004 0.0262752 0.0867398 0.0986927 0.1077319 0.0847424 0.0278733 0.0878523 0.0995107 0.0890492 0.1006133 0.0846943 0.1029503 0.0758877 0.0969435 0.0934160 0.0235813 0.1400024 0.1049816 0.0259952 0.0823661 0.0801991 0.0820339 0.0771478 0.0874768 0.0797034 0.0798757 0.1019566 0.0951297 0.1011758 0.0663706 0.0978222 0.0878560 0.0570995 0.0891876 0.0791385 0.0844001 0.0924481 0.0854337 0.1185648 0.0892978 0.1563975 0.0919500 0.0832595 0.0460760 0.0928383 0.0895127 0.1479338 0.0816134 0.1418783 0.0790294 0.0847013 0.0967522 0.0813437 0.0926569 0.0994397 0.1486889 0.0890954 0.1105716 0.0714025 0.0844723 0.0822842 0.0834636 0.0250414 0.0805852 0.0967900 0.0769768 0.0235424 0.0225978 0.0887040 0.0647526 0.0939373 0.0859568 0.0831600 0.0950563 0.0818397 0.0951460 0.0906976 0.0828151 0.0893438 0.0897130 0.1052215 0.0943795 0.0815887 0.0960491 0.0950488 0.1071155 0.0933045 0.0981168 0.0948790 0.0841982 0.0915383 0.1011007 0.1031754 0.1051605 0.0744287 0.0819941 0.1049812 0.0949758 0.0859554 0.0800374 0.0606424 0.1232285 0.0811757 0.0831114 0.0830504 0.0630967 
S0376         0.1975963 0.0565813 0.0546358 0.0834641 0.0903479 0.0593884 0.0780428 0.0608708 0.0742630 0.0628905 0.0782593 0.0861774 0.0784499 0.0682348 0.0873954 0.0706368 0.0848190 0.0905040 0.0867693 0.0000000 0.0699629 0.0568418 0.0806231 0.0878641 0.0627083 0.0654073 0.0380813 0.1096810 0.0820091 0.0740315 0.0743874 0.0692621 0.0961561 0.0412935 0.0758124 0.0582377 0.0564101 0.0804843 0.0608678 0.0877512 0.0405940 0.0607486 0.0737790 0.0903166 0.1420608 0.0710563 0.0840598 0.0494752 0.0510090 0.0636044 0.0596035 0.0537725 0.0586868 0.0605310 0.0830890 0.0767810 0.0765814 0.0827426 0.0815804 0.0634409 0.0537773 0.0719519 0.0875757 0.0694001 0.0726358 0.0672660 0.0844629 0.0698822 0.1358414 0.0575380 0.1143217 0.0868970 0.0707764 0.0698078 0.1349105 0.0624457 0.1439896 0.0646683 0.0634541 0.0841103 0.1112383 0.0568460 0.0856610 0.1375123 0.0579394 0.0670087 0.0596876 0.0696255 0.0799717 0.0722474 0.0819287 0.0585082 0.0772052 0.0956143 0.0781449 0.0774311 0.0563681 0.0913933 0.0829706 0.0680652 0.0519318 0.0593098 0.0567189 0.0827466 0.0582184 0.0610661 0.0728397 0.0775895 0.0819099 0.0564116 0.0637423 0.0790699 0.0800522 0.0948587 0.0577495 0.0791957 0.0860387 0.0694349 0.0547435 0.0797004 0.0666017 0.0805551 0.0485457 0.0474283 0.0919917 0.0853419 0.0807951 0.0635466 0.0575587 0.0910087 0.0593047 0.0651542 0.0315794 0.0499287 
S0400         0.2283227 0.0540073 0.0725718 0.1022496 0.1145543 0.0380466 0.0644015 0.0774886 0.0881894 0.0181543 0.0967236 0.0979526 0.0868651 0.0890029 0.0991883 0.0865619 0.0927112 0.0712467 0.1012392 0.0699629 0.0000000 0.0380979 0.1035928 0.0959361 0.0715439 0.0788677 0.0668417 0.0873374 0.0936633 0.0848062 0.0929793 0.0788641 0.1232496 0.0589656 0.0943368 0.0724294 0.0391935 0.0989129 0.0742985 0.1043435 0.0570079 0.0394573 0.0818650 0.1036439 0.1518539 0.0727248 0.1016807 0.0598895 0.0566774 0.0773822 0.0712997 0.0302023 0.0735169 0.0753507 0.1049923 0.0849646 0.0934524 0.1007766 0.0976503 0.0761587 0.0640132 0.0919211 0.1106476 0.0847317 0.0882456 0.0810919 0.0929040 0.0837237 0.1492087 0.0691629 0.1593490 0.1133865 0.0894884 0.0848790 0.1429389 0.0771532 0.1538458 0.0959765 0.0801251 0.0904863 0.1303947 0.0640758 0.1036154 0.1510585 0.0341001 0.0828765 0.0672683 0.0784864 0.0865467 0.0831714 0.1027886 0.0733946 0.0954695 0.1205652 0.0924450 0.0904461 0.0352588 0.1187150 0.0835118 0.0788366 0.0307328 0.0379017 0.0667000 0.0938261 0.0542336 0.0767585 0.0867759 0.0889417 0.1019202 0.0678703 0.0784401 0.0958404 0.1051805 0.1086108 0.0352964 0.0881291 0.1025066 0.0740202 0.0605774 0.0932261 0.0771122 0.0885152 0.0612127 0.0598970 0.1017618 0.0918150 0.0949490 0.0829904 0.0706277 0.1039887 0.0721994 0.0699132 0.0623906 0.0658611 
S0405         0.2150499 0.0508821 0.0573789 0.0904345 0.0956410 0.0250339 0.0756028 0.0633772 0.0800262 0.0360085 0.0808541 0.0890694 0.0755585 0.0720020 0.0873974 0.0731413 0.0875781 0.0803855 0.0939082 0.0568418 0.0380979 0.0000000 0.0780233 0.0804425 0.0595327 0.0679139 0.0549811 0.0945856 0.0791550 0.0722398 0.0843803 0.0692637 0.1150490 0.0596290 0.0797077 0.0577900 0.0212591 0.0840823 0.0616922 0.0889504 0.0482832 0.0263456 0.0705107 0.0932206 0.1427743 0.0607844 0.0884654 0.0494651 0.0454058 0.0677561 0.0620913 0.0176227 0.0611333 0.0630562 0.0963718 0.0734658 0.0814216 0.0889455 0.0859418 0.0601427 0.0535190 0.0789239 0.0951754 0.0764444 0.0798087 0.0728444 0.0844460 0.0771825 0.1367845 0.0570500 0.1352575 0.0974954 0.0768387 0.0740064 0.1324373 0.0649410 0.1446938 0.0789280 0.0689247 0.0825146 0.1175730 0.0563573 0.0950223 0.1402400 0.0212949 0.0680693 0.0581031 0.0677199 0.0768052 0.0720273 0.0879277 0.0607508 0.0824545 0.1100684 0.0781530 0.0775696 0.0175898 0.1042770 0.0785833 0.0692781 0.0191185 0.0212982 0.0562616 0.0902197 0.0507790 0.0646128 0.0786431 0.0820792 0.0885847 0.0518480 0.0676444 0.0828195 0.0926284 0.0949279 0.0224655 0.0815169 0.0938827 0.0652616 0.0467336 0.0791527 0.0646487 0.0768083 0.0494070 0.0537964 0.0949953 0.0836649 0.0835303 0.0718721 0.0600274 0.0859159 0.0617812 0.0610629 0.0508567 0.0552572 
S0407sl       0.2122172 0.0686061 0.0374853 0.0593851 0.0916845 0.0804082 0.0726118 0.0419437 0.0761395 0.0815963 0.0549643 0.0859264 0.0919980 0.0595488 0.0898139 0.0425657 0.0908943 0.0958350 0.0966507 0.0806231 0.1035928 0.0780233 0.0000000 0.0837467 0.0488352 0.0614139 0.0715880 0.0897568 0.0875653 0.0571294 0.0777435 0.0867716 0.1200759 0.0000010 0.0503761 0.0869735 0.0754661 0.0488547 0.0496964 0.0880621 0.0635511 0.0804591 0.0752096 0.0951631 0.1382551 0.0798250 0.0945222 0.0602874 0.0704600 0.0671558 0.0547967 0.0708030 0.0486408 0.0553842 0.0868287 0.0797189 0.0716358 0.0771756 0.0756553 0.0552824 0.0395600 0.0571271 0.1036012 0.0703895 0.0820531 0.0639840 0.0905298 0.0552532 0.1362790 0.0805899 0.1267542 0.0927707 0.0727472 0.0692721 0.1286542 0.0526770 0.1386450 0.0721237 0.0847952 0.0767249 0.0893831 0.0759359 0.0967535 0.1369387 0.0730980 0.1010270 0.0536601 0.0440833 0.0729258 0.0662614 0.0949095 0.0480138 0.0553275 0.1113445 0.0855533 0.0856158 0.0706908 0.0906069 0.0941934 0.0724387 0.0656145 0.0752889 0.0730724 0.0976737 0.0777944 0.0486044 0.0766457 0.0776058 0.0670325 0.0789830 0.0591276 0.0320870 0.0765084 0.0871698 0.0730096 0.0651433 0.0940452 0.0709142 0.0795388 0.0509225 0.0828332 0.0488057 0.0781571 0.0573840 0.1091831 0.0821013 0.0730239 0.0704449 0.0455037 0.1002910 0.0549294 0.0613734 0.0781598 0.0377920 
S0412sl       0.2226777 0.0704590 0.0861857 0.1186994 0.1044510 0.0808495 0.1189149 0.0816603 0.1121305 0.0884202 0.1158463 0.1266702 0.1067915 0.1007512 0.1213398 0.1000118 0.1138328 0.1227405 0.1259417 0.0878641 0.0959361 0.0804425 0.0837467 0.0000000 0.0884358 0.0967304 0.0790834 0.1350537 0.1113369 0.0967091 0.1090491 0.0898825 0.1416018 0.1457636 0.1110618 0.0947055 0.0735412 0.1070861 0.0922406 0.1246111 0.0773124 0.0794771 0.0913407 0.1261400 0.1576522 0.0652144 0.1256108 0.0741626 0.0721499 0.0956837 0.0892834 0.0753703 0.0901772 0.0890166 0.1163503 0.0982132 0.1137766 0.1160884 0.1184251 0.1002883 0.0777037 0.1046043 0.1376802 0.1043755 0.1068085 0.0998726 0.1141816 0.0970257 0.1574035 0.0801704 0.1651262 0.1226321 0.1015472 0.1035559 0.1555792 0.0911611 0.1596567 0.1147971 0.0947066 0.1156403 0.1426785 0.0842887 0.1319580 0.1632647 0.0738088 0.0936047 0.0812959 0.0986735 0.1139934 0.1063040 0.1223566 0.0870215 0.1050758 0.1346627 0.1132937 0.1131343 0.0753936 0.1308887 0.1065274 0.1087246 0.0649243 0.0768879 0.0838854 0.1160685 0.0818825 0.0999782 0.1045579 0.1143924 0.1166997 0.0805248 0.0943613 0.1126608 0.1140215 0.1257143 0.0719765 0.1033417 0.1251595 0.0990062 0.0786027 0.1018669 0.0788754 0.1112744 0.0773493 0.0741846 0.1261087 0.1109796 0.1266459 0.1039185 0.0801358 0.1144165 0.0892791 0.0949817 0.0784887 0.0799245 
S0417         0.1887975 0.0591290 0.0465609 0.0536666 0.0806402 0.0622119 0.0676945 0.0285255 0.0714143 0.0649364 0.0454761 0.0759152 0.0679395 0.0452835 0.0756686 0.0430179 0.0687110 0.0746471 0.0793938 0.0627083 0.0715439 0.0595327 0.0488352 0.0884358 0.0000000 0.0538209 0.0595911 0.0663931 0.0703249 0.0440444 0.0696571 0.0692448 0.0997462 0.0751760 0.0422256 0.0689600 0.0538262 0.0508792 0.0425124 0.0623858 0.0498372 0.0621114 0.0605407 0.0799839 0.1102481 0.0635154 0.0795123 0.0523869 0.0577330 0.0520099 0.0482800 0.0537797 0.0484184 0.0490154 0.0758274 0.0634008 0.0571093 0.0796411 0.0566906 0.0435430 0.0385189 0.0379342 0.0844903 0.0637287 0.0669231 0.0588184 0.0773090 0.0634991 0.1167664 0.0615691 0.1141725 0.0843243 0.0595218 0.0584211 0.1104928 0.0510019 0.1153376 0.0454109 0.0562172 0.0732714 0.0954419 0.0620730 0.0803229 0.1176893 0.0552205 0.0752109 0.0458695 0.0387505 0.0496703 0.0454122 0.0733408 0.0401909 0.0413977 0.0945423 0.0708961 0.0671728 0.0563745 0.0910703 0.0694730 0.0610366 0.0478979 0.0606972 0.0562540 0.0800929 0.0647722 0.0404053 0.0656759 0.0706774 0.0522839 0.0630635 0.0536127 0.0535641 0.0709611 0.0676779 0.0591647 0.0684941 0.0818139 0.0605417 0.0590496 0.0453922 0.0721293 0.0581704 0.0567815 0.0552011 0.0841981 0.0704416 0.0548298 0.0581691 0.0422189 0.0922298 0.0507740 0.0564002 0.0553249 0.0400726 
S0419         0.2004087 0.0660969 0.0078528 0.0749443 0.0689431 0.0678196 0.0719814 0.0574652 0.0698829 0.0699781 0.0674901 0.0797139 0.0710803 0.0689850 0.0811404 0.0683395 0.0656523 0.0786063 0.0829454 0.0654073 0.0788677 0.0679139 0.0614139 0.0967304 0.0538209 0.0000000 0.0635456 0.0812772 0.0773332 0.0704638 0.0724411 0.0781194 0.1009609 0.0646143 0.0663319 0.0674187 0.0661534 0.0764806 0.0602933 0.0714487 0.0496022 0.0722737 0.0427196 0.0840105 0.1214528 0.0779045 0.0835811 0.0509059 0.0575804 0.0589515 0.0057304 0.0619919 0.0082677 0.0069820 0.0721466 0.0453989 0.0697922 0.0820659 0.0682410 0.0646075 0.0410646 0.0656053 0.0796958 0.0675679 0.0721286 0.0639878 0.0814769 0.0632709 0.1172530 0.0644989 0.1161031 0.0840366 0.0707024 0.0665277 0.1132293 0.0092219 0.1232442 0.0618026 0.0617435 0.0620536 0.0993013 0.0721336 0.0768947 0.1222006 0.0662628 0.0775824 0.0458007 0.0520794 0.0580492 0.0551348 0.0769919 0.0580217 0.0720648 0.0937919 0.0749602 0.0743513 0.0646286 0.0872779 0.0734254 0.0622109 0.0588822 0.0690762 0.0577884 0.0768411 0.0676728 0.0616746 0.0670763 0.0700850 0.0870092 0.0597820 0.0092183 0.0762777 0.0769046 0.0768080 0.0674895 0.0724531 0.0814062 0.0563405 0.0643128 0.0743740 0.0764973 0.0737071 0.0593807 0.0538629 0.0839278 0.0660335 0.0617299 0.0619777 0.0394900 0.0954724 0.0374625 0.0563384 0.0605901 0.0374532 
S0427         0.1984363 0.0535564 0.0511608 0.0844612 0.0759849 0.0563541 0.0734447 0.0588449 0.0750062 0.0628314 0.0794105 0.0829145 0.0796900 0.0676331 0.0827168 0.0690058 0.0844843 0.0847024 0.0864207 0.0380813 0.0668417 0.0549811 0.0715880 0.0790834 0.0595911 0.0635456 0.0000000 0.1015902 0.0773826 0.0704666 0.0784117 0.0733758 0.0963394 0.0636699 0.0796628 0.0615915 0.0521070 0.0796801 0.0604096 0.0872076 0.0404747 0.0592598 0.0704964 0.0885651 0.1337602 0.0673579 0.0881114 0.0453430 0.0519896 0.0620343 0.0578162 0.0494525 0.0582392 0.0587085 0.0888715 0.0734510 0.0789536 0.0822419 0.0796839 0.0649226 0.0425474 0.0717881 0.0856328 0.0706430 0.0752671 0.0670500 0.0753959 0.0680441 0.1325520 0.0585277 0.1155108 0.0881967 0.0707936 0.0696821 0.1300410 0.0606236 0.1374154 0.0721403 0.0644803 0.0864993 0.1093068 0.0537048 0.0837800 0.1352382 0.0508632 0.0687623 0.0539175 0.0675781 0.0768836 0.0703943 0.0803983 0.0582162 0.0795334 0.0989014 0.0764909 0.0758948 0.0520122 0.0843920 0.0748684 0.0688734 0.0448585 0.0562457 0.0510563 0.0820785 0.0575001 0.0659480 0.0722634 0.0784077 0.0795299 0.0570624 0.0632956 0.0799174 0.0789804 0.0913813 0.0518594 0.0758581 0.0823812 0.0705375 0.0530117 0.0762657 0.0630129 0.0799661 0.0467470 0.0484318 0.0883151 0.0775260 0.0864585 0.0618830 0.0490641 0.0904799 0.0576388 0.0635473 0.0363652 0.0482687 
S0428sl       0.2537225 0.0965483 0.0621010 0.0870584 0.1520898 0.1039737 0.0774676 0.0578812 0.1065324 0.1139500 0.0697308 0.1082071 0.1064298 0.0759706 0.1065279 0.0786384 0.1142647 0.1150372 0.1119004 0.1096810 0.0873374 0.0945856 0.0897568 0.1350537 0.0663931 0.0812772 0.1015902 0.0000000 0.0981659 0.0786541 0.1035226 0.1128421 0.1182420 0.0756129 0.0751752 0.1027972 0.0898407 0.0830508 0.0920103 0.0973247 0.0859576 0.0994836 0.0959733 0.1151325 0.1361310 0.1128955 0.1145937 0.0962404 0.0962051 0.0833911 0.0767290 0.0919123 0.0738418 0.0805191 0.1158499 0.0983179 0.1045406 0.1112099 0.0884220 0.0968241 0.0792137 0.0527688 0.1277902 0.1034586 0.1039908 0.1002773 0.1186829 0.0984425 0.1402461 0.0987395 0.1457058 0.1630222 0.1129273 0.1025087 0.1372744 0.0831691 0.1391849 0.0917506 0.0896960 0.1060978 0.1236881 0.0966560 0.1165958 0.1373296 0.0947671 0.1016488 0.0860458 0.0616191 0.0754308 0.0815072 0.1022621 0.0824369 0.0757258 0.1187421 0.0981276 0.0977443 0.0964819 0.1203714 0.0948817 0.1090554 0.0893159 0.0962302 0.0988663 0.1108510 0.1057986 0.0808986 0.0950426 0.1098817 0.0828731 0.0901286 0.0807807 0.0869994 0.1362947 0.1044873 0.1055565 0.1024294 0.1187602 0.0853990 0.0916759 0.0818051 0.1058597 0.1056784 0.0924246 0.0859904 0.1144148 0.1152483 0.0941084 0.1016680 0.0749963 0.1321394 0.0965474 0.0834799 0.0969053 0.0811852 
S0430         0.2067554 0.0796372 0.0611666 0.0953264 0.1183250 0.0848616 0.0124685 0.0729664 0.0817245 0.0864790 0.0845372 0.0214600 0.0484370 0.0846550 0.0190273 0.0787666 0.0943367 0.0938047 0.0262752 0.0820091 0.0936633 0.0791550 0.0875653 0.1113369 0.0703249 0.0773332 0.0773826 0.0981659 0.0000000 0.0818585 0.0898178 0.0893236 0.0728764 0.0159343 0.0814432 0.0933941 0.0786281 0.0943521 0.0741553 0.0938549 0.0726831 0.0834422 0.0831168 0.0227015 0.1193349 0.0954927 0.0214322 0.0689287 0.0769309 0.0774443 0.0712754 0.0757297 0.0721218 0.0707834 0.0974891 0.0847965 0.0935530 0.0548527 0.0887982 0.0727306 0.0497337 0.0780396 0.0701449 0.0756333 0.0879607 0.0793490 0.1076489 0.0826017 0.1366684 0.0811940 0.0688784 0.0488863 0.0880328 0.0864067 0.1285633 0.0742322 0.1227598 0.0834046 0.0785917 0.0906273 0.0696981 0.0849154 0.0873834 0.1324573 0.0729719 0.0998212 0.0586238 0.0741598 0.0795124 0.0746193 0.0154375 0.0658001 0.0832187 0.0654540 0.0105079 0.0082346 0.0755058 0.0556743 0.0864603 0.0755827 0.0697591 0.0831871 0.0757494 0.0833597 0.0845869 0.0724634 0.0790485 0.0793749 0.0972977 0.0824243 0.0742087 0.0899493 0.0898558 0.0980300 0.0814871 0.0917156 0.0830760 0.0768306 0.0768649 0.0889671 0.0895155 0.0898764 0.0642889 0.0729816 0.0943845 0.0904318 0.0847884 0.0711614 0.0533274 0.1107607 0.0705581 0.0742209 0.0769742 0.0570362 
