135
PAFTOL_019361 0.0000000 0.1678305 0.1660736 0.1889962 0.2382587 0.1514551 0.1925498 0.1803006 0.1660721 0.1716998 0.1713519 0.2034379 0.2204930 0.2480584 0.1750010 0.2295206 0.1835562 0.1638028 0.1700809 0.1490515 0.1424683 0.1422594 0.1741558 0.1603333 0.1766925 0.1471714 0.1473086 0.1496319 0.2067570 0.1650341 0.1465588 0.1641063 0.2091728 0.2193001 0.1727903 0.1587542 0.1460260 0.1814112 0.1672589 0.1635327 0.1304744 0.1485264 0.1489916 0.2039456 0.2014468 0.1606001 0.2090776 0.1599865 0.1423811 0.1652065 0.1474181 0.1435346 0.1458284 0.1442777 0.1704546 0.1556655 0.1669444 0.1841447 0.1576138 0.1917612 0.1441352 0.1883242 0.1813167 0.1462384 0.1712491 0.1525922 0.1592371 0.1399024 0.1795661 0.1781911 0.1442201 0.1644594 0.1951581 0.1630245 0.1768484 0.1883291 0.1461019 0.1935711 0.1488839 0.1818444 0.1752105 0.1781648 0.1501413 0.1745478 0.2019682 0.1411183 0.1515682 0.1506783 0.1651210 0.1547134 0.1645337 0.2310965 0.1668921 0.1884881 0.1856099 0.2129964 0.2009088 0.1438633 0.1743935 0.1767643 0.1630873 0.1480482 0.1370462 0.1664364 0.1851366 0.1335697 0.1571509 0.2000995 0.1547335 0.1956364 0.1513458 0.1495158 0.1702348 0.1832773 0.1647061 0.1413062 0.1841574 0.1840790 0.1629363 0.1522197 0.1816031 0.1523042 0.1876756 0.1444883 0.1465906 0.1807833 0.1639559 0.1611318 0.1547524 0.1483906 0.2104959 0.1607699 0.1591551 0.1512244 0.1413942 
S0055         0.1678305 0.0000000 0.0795196 0.1099299 0.1471886 0.0654530 0.1108930 0.0985687 0.0787697 0.0739398 0.0907066 0.1092972 0.1232230 0.1444160 0.1102349 0.1237657 0.0912997 0.0902063 0.0929343 0.0802389 0.0540546 0.0568523 0.1037241 0.0482102 0.0987910 0.0735190 0.0723540 0.0994883 0.1214432 0.0844753 0.0779033 0.0458636 0.1121124 0.1079613 0.0910171 0.0652472 0.0581744 0.1093938 0.0952342 0.0806977 0.0445597 0.0591631 0.0901272 0.1122459 0.1406329 0.0441990 0.1149864 0.0993796 0.0559416 0.0902466 0.0755066 0.0569126 0.0691033 0.0686678 0.0986338 0.0878556 0.0875460 0.1034462 0.0744323 0.1077157 0.0791498 0.0976825 0.1014262 0.0789414 0.0869837 0.0768353 0.0759512 0.0768319 0.1175433 0.1209390 0.0673597 0.0966925 0.1104404 0.0926481 0.1011491 0.1242587 0.0722011 0.1327905 0.0728174 0.1046767 0.1023247 0.1044701 0.0597321 0.1009756 0.1421262 0.0568587 0.0693182 0.0752664 0.0953398 0.0762347 0.0810617 0.1326400 0.0835370 0.1063813 0.0981783 0.1238435 0.1088537 0.0588272 0.0974466 0.1087179 0.0828430 0.0599527 0.0549859 0.0251319 0.1098988 0.0584390 0.0957943 0.1013047 0.0742870 0.1181372 0.0751114 0.0721305 0.0897756 0.1034022 0.0822608 0.0541799 0.1216306 0.1022209 0.0892806 0.0591335 0.1000081 0.0788347 0.1079498 0.0674487 0.0475734 0.1000150 0.0923578 0.0887755 0.0713762 0.0866599 0.1100609 0.0827178 0.0856237 0.0737796 0.0771717 
S0196sl       0.1660736 0.0795196 0.0000000 0.1129577 0.1074100 0.0788765 0.1125414 0.1006735 0.0695883 0.0976981 0.0862263 0.1250486 0.1166284 0.1502946 0.1185165 0.1302479 0.0987857 0.0866298 0.0803799 0.0722969 0.0717717 0.0706368 0.1076717 0.0887303 0.1004410 0.0162098 0.0653893 0.0854004 0.1213506 0.0881001 0.0663098 0.0874427 0.1121711 0.1206848 0.0979492 0.0795693 0.0733296 0.1064448 0.1037918 0.0949142 0.0817190 0.0699192 0.0442134 0.1077315 0.1507609 0.0879973 0.1230401 0.0983316 0.0706516 0.0771772 0.0197300 0.0738079 0.0135097 0.0136042 0.0937859 0.0485504 0.0907020 0.1069279 0.0852375 0.1197792 0.0666153 0.1046901 0.0962819 0.0730631 0.0744712 0.0673995 0.0695744 0.0817287 0.0831454 0.1420320 0.0571737 0.0903133 0.0990042 0.0844434 0.1000222 0.1309938 0.0143932 0.1384245 0.0824255 0.0930240 0.0998176 0.0972689 0.0670725 0.0863394 0.1462565 0.0706680 0.0802730 0.0852337 0.0961970 0.0881830 0.0960534 0.1292954 0.0950853 0.1126353 0.1014990 0.1308397 0.1155210 0.0727656 0.0939507 0.0939271 0.0706500 0.0784982 0.0683744 0.0862599 0.1012188 0.0568610 0.1064717 0.0843176 0.0648530 0.1133045 0.0830472 0.0169796 0.0921362 0.0794179 0.0896556 0.0674413 0.0907099 0.0862002 0.0774943 0.0754722 0.1109192 0.0825367 0.1126081 0.0614180 0.0793423 0.0914415 0.0866940 0.0894738 0.0617079 0.0744077 0.1057509 0.0525359 0.0773941 0.0618717 0.0613716 
S0278         0.1889962 0.1099299 0.1129577 0.0000000 0.1588716 0.1090629 0.1372303 0.0371141 0.1187632 0.1188192 0.1180623 0.0588976 0.1524050 0.1761199 0.0527357 0.1548832 0.0570168 0.1201019 0.1174490 0.1076712 0.0979682 0.1022144 0.0495270 0.1198112 0.0564404 0.1028625 0.0978766 0.0491033 0.1353249 0.0565524 0.0917105 0.1147003 0.1317218 0.1547656 0.0394607 0.1011958 0.1003461 0.0379077 0.0713998 0.0694339 0.0926250 0.1046288 0.1161467 0.1315580 0.1468339 0.1206994 0.1433772 0.1216343 0.1022206 0.1097622 0.1072151 0.1012042 0.1000705 0.0976474 0.1112139 0.1136778 0.0690268 0.1324016 0.0685794 0.0797237 0.1062279 0.0506440 0.1291388 0.0999869 0.1065846 0.0875292 0.0971585 0.0925472 0.1213791 0.1494656 0.1010374 0.1275075 0.1366887 0.1039759 0.1128996 0.1266828 0.1012963 0.1380569 0.0826081 0.1263954 0.1315964 0.1305636 0.1032742 0.1266579 0.1496660 0.1022302 0.1162222 0.1115920 0.0402971 0.0699245 0.0747723 0.1535889 0.0714571 0.0427972 0.1346481 0.1400435 0.1348253 0.1045846 0.1260229 0.1253648 0.1122382 0.1038481 0.0987203 0.1092123 0.1381184 0.0909572 0.0753835 0.1414595 0.1083733 0.0500841 0.1166592 0.1011109 0.0438800 0.1196647 0.0745595 0.0991538 0.1445453 0.1387742 0.1111996 0.1084132 0.0361650 0.1143001 0.0961055 0.1009258 0.1039364 0.1272932 0.1200639 0.0797754 0.1031563 0.1099673 0.1288100 0.1034640 0.1104077 0.1122121 0.0998433 
S0281         0.2382587 0.1471886 0.1074100 0.1588716 0.0000000 0.1428376 0.1558425 0.1546378 0.1505513 0.1589611 0.1549317 0.1798612 0.1698530 0.1739432 0.1611301 0.1684763 0.1588219 0.1475861 0.1616530 0.1288891 0.1347359 0.1346104 0.1555498 0.1376278 0.1776699 0.0986201 0.1252023 0.1498742 0.1608458 0.1511855 0.1290379 0.1394229 0.1613451 0.1910531 0.1556449 0.1437037 0.1375347 0.1543393 0.1528927 0.1509444 0.1371420 0.1353163 0.0881367 0.1468354 0.2071578 0.1504197 0.1597028 0.1726455 0.1312041 0.1356854 0.1029379 0.1345414 0.0948459 0.0944568 0.1471218 0.0903512 0.1456963 0.1631881 0.1411972 0.1662209 0.1333853 0.1648114 0.1494054 0.1435439 0.1364533 0.1278148 0.1353019 0.1282806 0.1060074 0.1998460 0.1265297 0.1521269 0.1735936 0.1421389 0.1590533 0.1862147 0.0970836 0.1973098 0.1465196 0.1440153 0.1684153 0.1597392 0.1284656 0.1493070 0.2067450 0.1357808 0.1479705 0.1417679 0.1605976 0.1420495 0.1503933 0.1738843 0.1482533 0.1695996 0.1471394 0.1664062 0.1577757 0.1372692 0.1531839 0.1642273 0.1428827 0.1424520 0.1284145 0.1527649 0.1729621 0.1136993 0.1682595 0.1629602 0.1371675 0.1681039 0.1472153 0.0947643 0.1475337 0.1048176 0.1453893 0.1301166 0.1177876 0.1655116 0.1457570 0.1389056 0.1623938 0.1490869 0.1619521 0.1282514 0.1410197 0.1572994 0.1570437 0.1423946 0.1193451 0.1430421 0.1681434 0.1012335 0.1481736 0.1269199 0.1297080 
S0282         0.1514551 0.0654530 0.0788765 0.1090629 0.1428376 0.0000000 0.1101050 0.1082420 0.0791738 0.0273688 0.0737058 0.1256755 0.1260106 0.1454913 0.1242297 0.1258329 0.1000537 0.0897407 0.0846708 0.0750498 0.0118125 0.0175304 0.1122244 0.0621781 0.1162499 0.0656484 0.0644276 0.1124032 0.1225926 0.0883151 0.0756902 0.0726175 0.1178340 0.1175501 0.1027993 0.0340537 0.0185399 0.1193774 0.0953882 0.0869798 0.0603617 0.0196123 0.0724504 0.1116003 0.1286914 0.0700040 0.1171650 0.0872800 0.0167156 0.0913544 0.0695498 0.0175477 0.0604035 0.0608822 0.1055171 0.0733420 0.0937722 0.1016119 0.0779564 0.1058783 0.0696802 0.1102151 0.1027565 0.0841455 0.0872022 0.0726750 0.0776830 0.0658801 0.1058853 0.1237321 0.0674732 0.0923569 0.1118605 0.0890071 0.1087112 0.1177718 0.0643866 0.1267602 0.0745859 0.1037157 0.1015054 0.1000811 0.0567062 0.0929798 0.1331637 0.0158976 0.0351827 0.0714774 0.1059813 0.0783769 0.0834524 0.1350216 0.0945847 0.1184766 0.0980121 0.1253394 0.1067416 0.0175573 0.0904654 0.0953576 0.0801588 0.0217498 0.0159086 0.0651287 0.1049404 0.0441408 0.1015317 0.0996105 0.0716730 0.1260564 0.0408068 0.0662516 0.1048231 0.0994027 0.0821993 0.0151121 0.1207062 0.0930541 0.0855771 0.0243431 0.1123244 0.0627487 0.1172807 0.0498357 0.0632294 0.0943276 0.0898032 0.0823929 0.0676235 0.0728868 0.1193342 0.0683768 0.0819525 0.0679113 0.0667372 
S0288         0.1925498 0.1108930 0.1125414 0.1372303 0.1558425 0.1101050 0.0000000 0.1247675 0.1095380 0.1311304 0.1299695 0.1460009 0.0285099 0.0948457 0.1363004 0.0311074 0.1327735 0.1191304 0.1225987 0.1086880 0.0958151 0.1016530 0.1224630 0.1086326 0.1438480 0.0956726 0.0932612 0.1564954 0.0183919 0.1143328 0.1031452 0.1094416 0.0744913 0.0287062 0.1273826 0.1071654 0.0967383 0.1367696 0.1160049 0.1117445 0.1012426 0.1002323 0.0950684 0.0169056 0.1598097 0.1106244 0.0194337 0.1348576 0.0992770 0.1203747 0.0990881 0.1029257 0.0928097 0.0924353 0.1255255 0.1006412 0.1187320 0.0804417 0.1089841 0.1371101 0.1124890 0.1433781 0.0468079 0.1154935 0.1148980 0.1016697 0.1087129 0.1143674 0.1171051 0.1475760 0.0956557 0.0738753 0.0840825 0.1125520 0.1273950 0.1554319 0.0951990 0.1617056 0.1295741 0.1319804 0.1422574 0.0819062 0.0976004 0.1153641 0.1682648 0.1005834 0.1182574 0.1137422 0.1253158 0.1126588 0.1196508 0.0288859 0.1131619 0.1377943 0.0658015 0.0229825 0.0091641 0.1018821 0.0760263 0.1285884 0.1101980 0.1065093 0.0948584 0.1073884 0.1331111 0.0943545 0.1294983 0.1341139 0.1011440 0.1318617 0.1209919 0.0949873 0.1197094 0.1141935 0.1152629 0.0985588 0.1288774 0.1232402 0.1127897 0.1071291 0.1337797 0.1162024 0.1272112 0.0936101 0.1037234 0.1271481 0.1215524 0.1219456 0.1032791 0.1203146 0.1538815 0.1065349 0.1124317 0.0985899 0.1062990 
S0289         0.1803006 0.0985687 0.1006735 0.0371141 0.1546378 0.1082420 0.1247675 0.0000000 0.1084182 0.1175593 0.1196842 0.0573119 0.1377156 0.1560511 0.0408487 0.1406620 0.0519409 0.1105545 0.1157380 0.1043393 0.0970496 0.0991775 0.0415247 0.1093262 0.0529317 0.0938845 0.0944339 0.0467634 0.1233486 0.0534865 0.0864809 0.1076583 0.1186028 0.1396632 0.0343055 0.1037225 0.0995351 0.0388615 0.0675296 0.0702019 0.0903129 0.1014446 0.1081556 0.1194581 0.1573379 0.1062287 0.1290768 0.1235168 0.0981365 0.1011130 0.0981823 0.0992688 0.0911768 0.0886196 0.1099455 0.1089477 0.0615036 0.1225481 0.0643651 0.0784997 0.0940436 0.0519325 0.1139608 0.0980017 0.1063485 0.0885919 0.0951742 0.0934930 0.1170434 0.1549549 0.0910656 0.1193515 0.1207928 0.0948384 0.1034812 0.1318352 0.0923745 0.1438236 0.0732531 0.1166489 0.1314866 0.1200978 0.0989247 0.1186132 0.1556346 0.0992728 0.1144986 0.1050104 0.0405074 0.0647532 0.0695369 0.1389432 0.0658205 0.0448518 0.1239127 0.1269090 0.1208301 0.1026719 0.1188632 0.1212576 0.1042849 0.1062988 0.0967707 0.0943601 0.1346066 0.0864788 0.0695619 0.1317130 0.0982004 0.0467104 0.1149333 0.0900075 0.0377873 0.1149039 0.0693375 0.0972005 0.1400539 0.1281459 0.1044720 0.1043220 0.0382100 0.1097802 0.0891648 0.0935983 0.0982133 0.1215271 0.1133205 0.0754316 0.0962945 0.1021758 0.1300599 0.0934049 0.1026763 0.1033674 0.0930798 
S0292         0.1660721 0.0787697 0.0695883 0.1187632 0.1505513 0.0791738 0.1095380 0.1084182 0.0000000 0.0925812 0.1006864 0.1274327 0.1266243 0.1530457 0.1191020 0.1271816 0.0978704 0.0509283 0.0488360 0.0739712 0.0690635 0.0709308 0.1111231 0.0797722 0.1092483 0.0634930 0.0654492 0.1093865 0.1188076 0.0925070 0.0609711 0.0826989 0.1106278 0.1208994 0.1062032 0.0778614 0.0704448 0.1136363 0.1063420 0.0926873 0.0687827 0.0691777 0.0831708 0.1114405 0.1461264 0.0825569 0.1156738 0.0910232 0.0670990 0.0741212 0.0663735 0.0700558 0.0612085 0.0607083 0.0835303 0.0824841 0.0962796 0.0984589 0.0848149 0.1112760 0.0447216 0.1119945 0.0908988 0.0642582 0.0730345 0.0593768 0.0652774 0.0809707 0.1122135 0.1314082 0.0646013 0.0848009 0.1083622 0.0772777 0.0925893 0.1297415 0.0622496 0.1365880 0.0755747 0.0836438 0.0625871 0.0941254 0.0769107 0.0381920 0.1435128 0.0699885 0.0823271 0.0496534 0.1012443 0.0856845 0.0917134 0.1288821 0.0975802 0.1152574 0.0936036 0.1257289 0.1047767 0.0710662 0.0861184 0.0649855 0.0134358 0.0772358 0.0640233 0.0764896 0.0511039 0.0608356 0.1004740 0.0381295 0.0118123 0.1205891 0.0850280 0.0641026 0.0978307 0.1074193 0.0928896 0.0662145 0.1221115 0.0411411 0.0479577 0.0704901 0.1102907 0.0790187 0.1147467 0.0557007 0.0782507 0.0596138 0.0528212 0.0856513 0.0541461 0.0513406 0.1106161 0.0765945 0.0451883 0.0679460 0.0411204 
S0293         0.1716998 0.0739398 0.0976981 0.1188192 0.1589611 0.0273688 0.1311304 0.1175593 0.0925812 0.0000000 0.0905373 0.1423665 0.1494325 0.1618708 0.1330856 0.1582587 0.1091963 0.1041025 0.1034970 0.0876225 0.0220962 0.0282072 0.1232724 0.0697501 0.1279687 0.0779615 0.0766991 0.1245559 0.1428864 0.1029370 0.0837449 0.0799290 0.1277912 0.1401990 0.1179814 0.0469889 0.0273431 0.1289301 0.1093853 0.0994676 0.0665611 0.0310317 0.0838106 0.1303406 0.1433759 0.0825243 0.1305639 0.0998990 0.0251912 0.1005293 0.0791032 0.0262157 0.0725936 0.0721156 0.1171648 0.0794438 0.1042264 0.1230898 0.0913975 0.1205580 0.0791462 0.1282289 0.1181548 0.0911556 0.1018800 0.0825331 0.0848815 0.0868468 0.1233388 0.1400993 0.0748464 0.1094400 0.1225227 0.1036030 0.1257119 0.1286093 0.0763543 0.1434401 0.0771829 0.1213354 0.1097780 0.1167787 0.0653386 0.1054384 0.1446312 0.0250932 0.0482542 0.0744198 0.1154807 0.0918988 0.0957210 0.1556992 0.1008264 0.1288885 0.1082241 0.1488113 0.1319558 0.0272314 0.1066018 0.1098187 0.0924455 0.0323696 0.0272247 0.0725202 0.1195589 0.0548751 0.1126270 0.1186238 0.0818098 0.1431488 0.0459752 0.0788539 0.1155899 0.1050399 0.0967895 0.0241695 0.1383029 0.1104493 0.1006128 0.0367975 0.1252566 0.0767598 0.1274729 0.0616213 0.0725375 0.1088549 0.1027891 0.0932016 0.0738981 0.0867421 0.1235539 0.0826700 0.0975436 0.0760167 0.0757377 
S0294         0.1713519 0.0907066 0.0862263 0.1180623 0.1549317 0.0737058 0.1299695 0.1196842 0.1006864 0.0905373 0.0000000 0.1198356 0.1450660 0.1707005 0.1279960 0.1450831 0.1099800 0.1054246 0.1093734 0.0791522 0.0680029 0.0689164 0.1193259 0.0969295 0.1197191 0.0784326 0.0782555 0.1035495 0.1401471 0.0995935 0.0883319 0.0916220 0.1328398 0.1371260 0.1154917 0.0713922 0.0713802 0.1194549 0.1135363 0.0986483 0.0847149 0.0722533 0.0856062 0.1297376 0.1536349 0.0961437 0.1390885 0.0979295 0.0669765 0.1015520 0.0825005 0.0669910 0.0738848 0.0734745 0.1190604 0.0874750 0.1040525 0.1270515 0.0905920 0.1184038 0.0843743 0.1213690 0.1105553 0.0937848 0.0960784 0.0862456 0.0884322 0.0585855 0.1146575 0.1429456 0.0736649 0.1062190 0.1295749 0.1126230 0.1253856 0.1378936 0.0770642 0.1459313 0.0821722 0.1128389 0.1151953 0.1196540 0.0697112 0.1168297 0.1586938 0.0669920 0.0824682 0.0926386 0.1150102 0.0887840 0.0950463 0.1535649 0.1036387 0.1220801 0.1195747 0.1396158 0.1224392 0.0709928 0.1061923 0.1123905 0.0987545 0.0672348 0.0658350 0.0902219 0.1322597 0.0643522 0.1132346 0.1204809 0.0918866 0.1353650 0.0838155 0.0789942 0.1101545 0.1171393 0.0914705 0.0660820 0.1286181 0.1205347 0.1012707 0.0744366 0.1157343 0.0897098 0.1281684 0.0686776 0.0887767 0.1147341 0.1031119 0.0976295 0.0769116 0.0920945 0.1193838 0.0791439 0.0947299 0.0746478 0.0843940 
S0299         0.2034379 0.1092972 0.1250486 0.0588976 0.1798612 0.1256755 0.1460009 0.0573119 0.1274327 0.1423665 0.1198356 0.0000000 0.1667339 0.1707226 0.0665342 0.1664415 0.0707217 0.1360730 0.1424820 0.1135748 0.1167034 0.1200910 0.0671433 0.1216654 0.0738041 0.1196779 0.1045978 0.0680794 0.1494446 0.0748424 0.1058088 0.1210449 0.1461354 0.1580533 0.0513930 0.1239202 0.1192616 0.0587224 0.0815169 0.0870674 0.0969650 0.1217103 0.1326839 0.1489294 0.1573040 0.1184642 0.1552897 0.1238026 0.1178482 0.1225392 0.1219806 0.1167757 0.1142727 0.1141213 0.1214848 0.1234716 0.0748484 0.1385038 0.0796119 0.0875448 0.1148610 0.0724890 0.1336603 0.1133810 0.1185677 0.1050162 0.1097433 0.0904227 0.1406734 0.1596998 0.1076913 0.1280947 0.1452105 0.1046019 0.1157777 0.1346950 0.1179552 0.1504072 0.0816026 0.1271404 0.1519166 0.1340080 0.1121268 0.1373756 0.1580836 0.1189444 0.1316399 0.1245113 0.0626006 0.0814854 0.0875125 0.1624676 0.0679144 0.0459459 0.1449546 0.1528533 0.1394635 0.1214383 0.1329418 0.1488910 0.1290297 0.1219071 0.1160781 0.1084531 0.1544795 0.1041507 0.0821613 0.1526689 0.1200550 0.0694142 0.1346179 0.1131228 0.0535344 0.1343951 0.0886967 0.1168867 0.1600119 0.1454114 0.1257590 0.1233856 0.0438583 0.1289546 0.1067130 0.1072100 0.1115040 0.1442150 0.1359914 0.0892110 0.1068833 0.1198271 0.1366121 0.1182595 0.1242940 0.1135013 0.1109024 
S0303         0.2204930 0.1232230 0.1166284 0.1524050 0.1698530 0.1260106 0.0285099 0.1377156 0.1266243 0.1494325 0.1450660 0.1667339 0.0000000 0.1103554 0.1548996 0.0364170 0.1455695 0.1397626 0.1409491 0.1234899 0.1124504 0.1182743 0.1424159 0.1228936 0.1601448 0.1115602 0.1068722 0.1579776 0.0312173 0.1341779 0.1157477 0.1212323 0.0875426 0.0197353 0.1439330 0.1226894 0.1145859 0.1524841 0.1411811 0.1261781 0.1089630 0.1009903 0.1146454 0.0208288 0.1820249 0.1218869 0.0199566 0.1434341 0.1148463 0.1332836 0.1162346 0.1184193 0.1085442 0.1071089 0.1417647 0.1146113 0.1379376 0.0977822 0.1202862 0.1588066 0.1289922 0.1501567 0.0644261 0.1330880 0.1302891 0.1150723 0.1176014 0.1096755 0.1379226 0.1786198 0.1077604 0.0912540 0.1018176 0.1269172 0.1409237 0.1811357 0.1110077 0.1967349 0.1258017 0.1469789 0.1663184 0.0975526 0.1181576 0.1347946 0.2002051 0.1159593 0.1318641 0.1326487 0.1399781 0.1242340 0.1311545 0.0385387 0.1310470 0.1539988 0.0833082 0.0306807 0.0249784 0.1185487 0.0944418 0.1508560 0.1267814 0.1224191 0.1112920 0.1207092 0.1545460 0.1067067 0.1521569 0.1462216 0.1222895 0.1538161 0.1359953 0.1107577 0.1365966 0.1387203 0.1252569 0.1139568 0.1487121 0.1458339 0.1307961 0.1230534 0.1485587 0.1296187 0.1511201 0.1076219 0.1146272 0.1468604 0.1385283 0.1297517 0.1153691 0.1370731 0.1616893 0.1201820 0.1302724 0.1134985 0.1195863 
S0308         0.2480584 0.1444160 0.1502946 0.1761199 0.1739432 0.1454913 0.0948457 0.1560511 0.1530457 0.1618708 0.1707005 0.1707226 0.1103554 0.0000000 0.1640460 0.0950306 0.1543362 0.1626255 0.1668477 0.1385791 0.1353563 0.1398597 0.1615050 0.1456388 0.1767631 0.1331906 0.1319910 0.1920400 0.1016788 0.1434238 0.1343168 0.1360318 0.1069409 0.1206129 0.1515110 0.1438254 0.1368077 0.1672115 0.1491868 0.1469028 0.1217636 0.1389748 0.1280067 0.0931070 0.1994801 0.1378369 0.1033466 0.1798156 0.1306532 0.1507649 0.1367412 0.1376816 0.1275746 0.1286889 0.1524479 0.1221263 0.1427558 0.1083567 0.1428091 0.1550403 0.1456653 0.1748851 0.0873944 0.1482872 0.1414358 0.1383359 0.1336708 0.1393432 0.1625527 0.1974131 0.1361338 0.1017177 0.1150454 0.1348061 0.1512572 0.1867101 0.1290690 0.1971408 0.1593765 0.1517959 0.1867779 0.1150248 0.1294900 0.1604120 0.2144019 0.1375424 0.1516610 0.1550147 0.1582744 0.1470372 0.1539639 0.1076192 0.1374360 0.1606447 0.1016741 0.1016875 0.0886730 0.1365860 0.0914432 0.1686189 0.1541813 0.1465982 0.1364237 0.1398902 0.1724069 0.1236636 0.1569071 0.1791339 0.1406637 0.1630406 0.1587294 0.1299889 0.1520405 0.1616394 0.1497821 0.1316474 0.1668265 0.1610084 0.1628203 0.1423684 0.1587358 0.1466448 0.1531923 0.1229692 0.1353120 0.1640692 0.1651471 0.1589617 0.1265370 0.1511652 0.1885344 0.1345676 0.1594460 0.1316724 0.1420632 
S0320         0.1750010 0.1102349 0.1185165 0.0527357 0.1611301 0.1242297 0.1363004 0.0408487 0.1191020 0.1330856 0.1279960 0.0665342 0.1548996 0.1640460 0.0000000 0.1606337 0.0623482 0.1241550 0.1272969 0.1115023 0.1108512 0.1163849 0.0531144 0.1165131 0.0580313 0.1092419 0.1024189 0.0580411 0.1360696 0.0581581 0.0948821 0.1184392 0.1299628 0.1620085 0.0471235 0.1190417 0.1145140 0.0425091 0.0734768 0.0841043 0.0961903 0.1138768 0.1229112 0.1378946 0.1618669 0.1153124 0.1441709 0.1294076 0.1119693 0.1120557 0.1114692 0.1131273 0.1063554 0.1039255 0.1118187 0.1192767 0.0733262 0.1366472 0.0756127 0.0861668 0.1086855 0.0548393 0.1208984 0.1061621 0.1162511 0.0969498 0.1047346 0.0975540 0.1378068 0.1562701 0.1046805 0.1257134 0.1371695 0.0999887 0.1075782 0.1399547 0.1076162 0.1492764 0.0874490 0.1198318 0.1465471 0.1275934 0.1028134 0.1306829 0.1640136 0.1131330 0.1254945 0.1142298 0.0513047 0.0782518 0.0831332 0.1542432 0.0705719 0.0509824 0.1339024 0.1424661 0.1308285 0.1154740 0.1301417 0.1333000 0.1149202 0.1226523 0.1105287 0.1059410 0.1393275 0.0964975 0.0793106 0.1456770 0.1087107 0.0571647 0.1259788 0.1050453 0.0449411 0.1293885 0.0842840 0.1110234 0.1544941 0.1441940 0.1163288 0.1184081 0.0453617 0.1242793 0.0958500 0.1060249 0.1079926 0.1319794 0.1253241 0.0811017 0.1045561 0.1159462 0.1352706 0.1099157 0.1154933 0.1080205 0.1012258 
S0322         0.2295206 0.1237657 0.1302479 0.1548832 0.1684763 0.1258329 0.0311074 0.1406620 0.1271816 0.1582587 0.1450831 0.1664415 0.0364170 0.0950306 0.1606337 0.0000000 0.1478295 0.1406810 0.1457536 0.1205086 0.1155691 0.1210135 0.1440734 0.1274230 0.1643541 0.1093727 0.1170429 0.1932460 0.0360398 0.1337923 0.1179786 0.1162745 0.0788849 0.0451433 0.1520993 0.1198715 0.1164323 0.1653510 0.1366034 0.1289397 0.1108504 0.1210157 0.1102632 0.0175974 0.1812669 0.1250552 0.0354238 0.1609285 0.1182582 0.1338042 0.1132492 0.1211085 0.1076446 0.1072286 0.1400737 0.1191700 0.1331232 0.0749469 0.1263781 0.1590166 0.1297456 0.1744171 0.0533005 0.1335728 0.1235467 0.1138517 0.1192303 0.1323376 0.1335721 0.1651374 0.1148385 0.0805052 0.0996249 0.1239782 0.1426162 0.1755052 0.1090330 0.1859640 0.1513890 0.1392438 0.1660976 0.0789638 0.1183533 0.1404200 0.1952630 0.1224622 0.1353465 0.1355151 0.1460336 0.1277522 0.1384643 0.0413257 0.1278741 0.1582701 0.0671326 0.0354282 0.0276849 0.1226674 0.0688911 0.1480709 0.1277104 0.1280256 0.1157785 0.1246574 0.1525706 0.1070780 0.1518782 0.1549217 0.1192128 0.1554779 0.1417799 0.1101143 0.1474547 0.1340915 0.1333328 0.1188223 0.1377282 0.1342539 0.1319317 0.1243791 0.1572882 0.1347862 0.1478624 0.1077545 0.1142352 0.1421506 0.1419762 0.1383310 0.1163631 0.1346093 0.1666134 0.1187908 0.1343047 0.1121866 0.1222099 
S0327         0.1835562 0.0912997 0.0987857 0.0570168 0.1588219 0.1000537 0.1327735 0.0519409 0.0978704 0.1091963 0.1099800 0.0707217 0.1455695 0.1543362 0.0623482 0.1478295 0.0000000 0.1074614 0.1006187 0.0959444 0.0904663 0.0915112 0.0577411 0.0988627 0.0524383 0.0886026 0.0895613 0.0543236 0.1301539 0.0457994 0.0841620 0.0953757 0.1274200 0.1517727 0.0468964 0.0972765 0.0938570 0.0526417 0.0670593 0.0618276 0.0759233 0.0968637 0.1056247 0.1272354 0.1601969 0.0986027 0.1377920 0.1179681 0.0895154 0.0972502 0.0927613 0.0926039 0.0838896 0.0835426 0.1031090 0.0995871 0.0596571 0.1276522 0.0521508 0.0675438 0.0857529 0.0679900 0.1163916 0.0920866 0.0974491 0.0866214 0.0930427 0.0827778 0.1187851 0.1496334 0.0888408 0.1099163 0.1270041 0.0983905 0.1095571 0.1280684 0.0871622 0.1411570 0.0672057 0.1119265 0.1164500 0.1183091 0.0892492 0.1104305 0.1520279 0.0914320 0.1065124 0.0954357 0.0411312 0.0553821 0.0580131 0.1493240 0.0578061 0.0536537 0.1214467 0.1377110 0.1260082 0.0947839 0.1122365 0.1154586 0.0927974 0.0982369 0.0900713 0.0858846 0.1277198 0.0819537 0.0666673 0.1174670 0.0870669 0.0703405 0.1046070 0.0860068 0.0539913 0.1194288 0.0597869 0.0895269 0.1415900 0.1186403 0.0999048 0.0975038 0.0487055 0.1021359 0.0789480 0.0873894 0.0883710 0.1133647 0.1074271 0.0656993 0.0868092 0.0912645 0.1217864 0.0935260 0.0981897 0.0955868 0.0837253 
S0335         0.1638028 0.0902063 0.0866298 0.1201019 0.1475861 0.0897407 0.1191304 0.1105545 0.0509283 0.1041025 0.1054246 0.1360730 0.1397626 0.1626255 0.1241550 0.1406810 0.1074614 0.0000000 0.0381081 0.0788982 0.0770120 0.0810227 0.1095787 0.0939415 0.1151892 0.0757136 0.0733273 0.1121766 0.1296203 0.0988169 0.0641442 0.0941587 0.1198173 0.1449010 0.1079037 0.0882075 0.0799730 0.1166553 0.1097651 0.0935013 0.0738543 0.0809138 0.0796187 0.1191838 0.1536733 0.0945262 0.1280072 0.1019832 0.0770370 0.0794135 0.0777354 0.0821515 0.0732530 0.0728125 0.0884311 0.0791694 0.1020295 0.1029139 0.0876284 0.1179459 0.0543291 0.1198197 0.1022801 0.0714592 0.0763020 0.0615361 0.0704418 0.0919418 0.1058404 0.1459025 0.0774841 0.1024404 0.1175360 0.0879749 0.1049624 0.1415693 0.0743598 0.1509010 0.0842289 0.0896052 0.0503736 0.1057707 0.0859441 0.0644630 0.1529671 0.0800497 0.0921819 0.0449886 0.1104237 0.0881068 0.0920550 0.1433872 0.1002035 0.1225977 0.1065317 0.1341711 0.1205977 0.0811838 0.0953603 0.0432774 0.0491820 0.0855560 0.0736274 0.0898659 0.0782661 0.0677297 0.1084946 0.0762563 0.0426447 0.1292243 0.0947729 0.0762880 0.0926853 0.0959587 0.0932465 0.0771285 0.1171865 0.0652431 0.0234700 0.0806202 0.1140234 0.0792840 0.1216310 0.0659549 0.0817247 0.0450286 0.0166459 0.0881636 0.0642358 0.0612198 0.1201164 0.0765083 0.0191944 0.0737922 0.0503772 
S0345         0.1700809 0.0929343 0.0803799 0.1174490 0.1616530 0.0846708 0.1225987 0.1157380 0.0488360 0.1034970 0.1093734 0.1424820 0.1409491 0.1668477 0.1272969 0.1457536 0.1006187 0.0381081 0.0000000 0.0837780 0.0732596 0.0798352 0.1126685 0.1004649 0.1197564 0.0730735 0.0738206 0.1078105 0.1264024 0.0959682 0.0692146 0.1019482 0.1259128 0.1501360 0.1162913 0.0905927 0.0789627 0.1284648 0.1124206 0.0975882 0.0814099 0.0779158 0.0862669 0.1149485 0.1531544 0.0960079 0.1296175 0.0992985 0.0771062 0.0842233 0.0730020 0.0799019 0.0699543 0.0692318 0.0895150 0.0891992 0.0995987 0.0979046 0.0915200 0.1123225 0.0569856 0.1195816 0.1055260 0.0752185 0.0745631 0.0623581 0.0700688 0.0963016 0.1061118 0.1410705 0.0777562 0.0941905 0.1276712 0.0852029 0.1107879 0.1326967 0.0711392 0.1491299 0.0874513 0.0869335 0.0488341 0.0929819 0.0809059 0.0676594 0.1473325 0.0796374 0.0903892 0.0544759 0.1123324 0.0921960 0.0957684 0.1515183 0.0947912 0.1251075 0.1072387 0.1312417 0.1254182 0.0813601 0.0902012 0.0271097 0.0476279 0.0839760 0.0728978 0.0924781 0.0777869 0.0724023 0.1074072 0.0808277 0.0429206 0.1323639 0.0954362 0.0738299 0.1019242 0.0921582 0.0989851 0.0787972 0.1145880 0.0577572 0.0357179 0.0815360 0.1154745 0.0800878 0.1220538 0.0639709 0.0841130 0.0203990 0.0402892 0.0879136 0.0603216 0.0622297 0.1261169 0.0847553 0.0332891 0.0772660 0.0521224 
S0376         0.1490515 0.0802389 0.0722969 0.1076712 0.1288891 0.0750498 0.1086880 0.1043393 0.0739712 0.0876225 0.0791522 0.1135748 0.1234899 0.1385791 0.1115023 0.1205086 0.0959444 0.0788982 0.0837780 0.0000000 0.0647476 0.0686816 0.1030694 0.0771469 0.0983725 0.0581810 0.0270778 0.1030488 0.1157159 0.0902114 0.0619206 0.0807397 0.1088828 0.1131553 0.0946611 0.0711952 0.0670208 0.1076296 0.0942963 0.0766212 0.0659347 0.0683906 0.0700281 0.1031564 0.1439358 0.0861365 0.1145059 0.0882734 0.0645558 0.0745418 0.0614912 0.0667274 0.0561430 0.0565696 0.0807517 0.0711539 0.0894936 0.0957818 0.0730964 0.1043835 0.0607278 0.1088129 0.0912765 0.0701337 0.0726078 0.0623961 0.0674867 0.0683620 0.0991056 0.1320176 0.0623215 0.0914748 0.1022539 0.0732544 0.0878551 0.1345640 0.0582420 0.1435317 0.0743113 0.0852168 0.0975998 0.0921108 0.0615359 0.0835523 0.1460990 0.0676973 0.0784929 0.0707443 0.0897365 0.0735867 0.0820546 0.1269674 0.0821671 0.1109297 0.0936175 0.1190656 0.1007789 0.0688169 0.0855460 0.0959354 0.0729580 0.0655357 0.0635080 0.0794606 0.0978381 0.0479875 0.1039860 0.0941490 0.0667867 0.1143627 0.0820771 0.0581849 0.0932815 0.0947727 0.0799279 0.0647823 0.1109458 0.0884571 0.0757607 0.0689878 0.1044464 0.0659146 0.0982987 0.0419046 0.0705187 0.0921638 0.0795657 0.0830266 0.0597896 0.0680626 0.1031737 0.0667748 0.0764892 0.0314585 0.0576284 
S0400         0.1424683 0.0540546 0.0717717 0.0979682 0.1347359 0.0118125 0.0958151 0.0970496 0.0690635 0.0220962 0.0680029 0.1167034 0.1124504 0.1353563 0.1108512 0.1155691 0.0904663 0.0770120 0.0732596 0.0647476 0.0000000 0.0100980 0.1021717 0.0529596 0.1022029 0.0582620 0.0559781 0.1046816 0.1093662 0.0780572 0.0660100 0.0608614 0.1049956 0.1063296 0.0916813 0.0276882 0.0109976 0.1078163 0.0868787 0.0743193 0.0500154 0.0119420 0.0648756 0.0989408 0.1244317 0.0593275 0.1043128 0.0867235 0.0093111 0.0811093 0.0620537 0.0101078 0.0532082 0.0536234 0.0946676 0.0676026 0.0853512 0.0932656 0.0657896 0.0981943 0.0599898 0.1020123 0.0923807 0.0752164 0.0780388 0.0622350 0.0670534 0.0599220 0.0981738 0.1151199 0.0600478 0.0849158 0.0977483 0.0798923 0.0982092 0.1124646 0.0570649 0.1197029 0.0684530 0.0935870 0.0870567 0.0931641 0.0483314 0.0822047 0.1252936 0.0085237 0.0286262 0.0597966 0.0934840 0.0661330 0.0709961 0.1237533 0.0860794 0.1058604 0.0873979 0.1139915 0.0963832 0.0101129 0.0799648 0.0847921 0.0699012 0.0141318 0.0085294 0.0537933 0.0946808 0.0379931 0.0950841 0.0884482 0.0617834 0.1142834 0.0322820 0.0588853 0.0937566 0.0938601 0.0721360 0.0077529 0.1125200 0.0842951 0.0741107 0.0166055 0.0994880 0.0533332 0.1031968 0.0427771 0.0540494 0.0823999 0.0770634 0.0730503 0.0570458 0.0670107 0.1071055 0.0628279 0.0706929 0.0583877 0.0571575 
S0405         0.1422594 0.0568523 0.0706368 0.1022144 0.1346104 0.0175304 0.1016530 0.0991775 0.0709308 0.0282072 0.0689164 0.1200910 0.1182743 0.1398597 0.1163849 0.1210135 0.0915112 0.0810227 0.0798352 0.0686816 0.0100980 0.0000000 0.1054640 0.0576758 0.1054357 0.0582330 0.0587360 0.1095202 0.1150665 0.0820944 0.0708582 0.0637195 0.1105552 0.1134491 0.0938266 0.0302280 0.0085962 0.1133306 0.0921354 0.0721548 0.0518802 0.0143777 0.0648411 0.1044573 0.1207413 0.0621299 0.1098820 0.0890658 0.0116769 0.0861487 0.0601253 0.0124808 0.0531840 0.0535976 0.0978165 0.0675650 0.0862993 0.0997871 0.0628358 0.1013458 0.0599252 0.1071007 0.0977119 0.0801956 0.0830434 0.0650789 0.0718547 0.0587059 0.0959785 0.1105006 0.0628437 0.0910495 0.1031950 0.0870860 0.1035223 0.1079586 0.0570370 0.1138888 0.0670983 0.0988326 0.0901813 0.0984899 0.0473631 0.0831639 0.1215728 0.0108837 0.0286251 0.0635683 0.0966550 0.0651694 0.0700216 0.1296328 0.0871352 0.1102353 0.0905702 0.1196922 0.1029477 0.0077392 0.0831710 0.0889003 0.0717921 0.0149284 0.0061715 0.0547275 0.0966737 0.0388787 0.0950632 0.0861757 0.0636391 0.1175000 0.0322789 0.0588559 0.0980298 0.0914235 0.0711571 0.0101118 0.1102192 0.0862579 0.0781006 0.0190390 0.1027180 0.0542208 0.1031720 0.0436407 0.0596835 0.0874719 0.0801073 0.0742856 0.0617637 0.0669364 0.1093855 0.0637303 0.0746305 0.0630176 0.0570966 
S0407sl       0.1741558 0.1037241 0.1076717 0.0495270 0.1555498 0.1122244 0.1224630 0.0415247 0.1111231 0.1232724 0.1193259 0.0671433 0.1424159 0.1615050 0.0531144 0.1440734 0.0577411 0.1095787 0.1126685 0.1030694 0.1021717 0.1054640 0.0000000 0.1134715 0.0606844 0.0957555 0.0852752 0.0585455 0.1260101 0.0615987 0.0945292 0.1069347 0.1273828 0.1491040 0.0428103 0.1088895 0.1031396 0.0468834 0.0791917 0.0756805 0.0860648 0.1063060 0.1067738 0.1256357 0.1575146 0.1110224 0.1322469 0.1181439 0.1032787 0.1098018 0.1001015 0.1044297 0.0930073 0.0916195 0.1123943 0.1086964 0.0731579 0.1219161 0.0676372 0.0925475 0.0949521 0.0671443 0.1130827 0.1054241 0.1070658 0.0945475 0.1013612 0.0938948 0.1213817 0.1486952 0.0952918 0.1220118 0.1307699 0.1032071 0.1131212 0.1360879 0.0919905 0.1493087 0.0865711 0.1187764 0.1245089 0.1231861 0.1032802 0.1225487 0.1618235 0.1044343 0.1222577 0.1000328 0.0499701 0.0681580 0.0740415 0.1469680 0.0734339 0.0518629 0.1231596 0.1356247 0.1260425 0.1079009 0.1127581 0.1197003 0.1044416 0.1071549 0.1018749 0.1018987 0.1385229 0.0904322 0.0783343 0.1324259 0.1019392 0.0665608 0.1202864 0.0940484 0.0235519 0.1164540 0.0738277 0.1012717 0.1423430 0.1346125 0.1041095 0.1096076 0.0516130 0.1111020 0.1043677 0.0955135 0.0962276 0.1171013 0.1090686 0.0807826 0.1026216 0.1008846 0.1375240 0.0996360 0.1011543 0.0997495 0.0965603 
S0412sl       0.1603333 0.0482102 0.0887303 0.1198112 0.1376278 0.0621781 0.1086326 0.1093262 0.0797722 0.0697501 0.0969295 0.1216654 0.1228936 0.1456388 0.1165131 0.1274230 0.0988627 0.0939415 0.1004649 0.0771469 0.0529596 0.0576758 0.1134715 0.0000000 0.1092437 0.0775301 0.0712915 0.1227919 0.1191711 0.0952828 0.0769033 0.0502800 0.1140036 0.1153819 0.0997577 0.0624225 0.0571183 0.1183151 0.1008255 0.0929806 0.0450359 0.0581016 0.0935324 0.1077541 0.1469129 0.0486234 0.1103018 0.1027824 0.0548668 0.0871968 0.0795630 0.0577388 0.0729908 0.0725743 0.0996316 0.0918154 0.0987982 0.1055600 0.0849489 0.1169712 0.0751408 0.1145412 0.1034033 0.0831659 0.0877401 0.0751486 0.0761771 0.0877878 0.1217977 0.1352983 0.0700344 0.1001068 0.1151703 0.0932792 0.1055652 0.1348534 0.0741668 0.1424377 0.0835621 0.1023036 0.1081894 0.1062625 0.0645883 0.0981614 0.1514374 0.0557945 0.0696888 0.0742666 0.0982308 0.0879969 0.0919185 0.1246974 0.0936955 0.1184521 0.0975054 0.1182409 0.1056872 0.0577830 0.0955682 0.1139574 0.0818445 0.0608306 0.0539011 0.0463466 0.1127999 0.0559291 0.1055887 0.1004690 0.0742272 0.1279423 0.0719380 0.0740865 0.0978119 0.1122476 0.0942357 0.0549696 0.1265997 0.1015332 0.0908687 0.0609829 0.1067427 0.0733738 0.1099755 0.0611146 0.0521910 0.1073784 0.0906658 0.0941530 0.0712244 0.0826572 0.1155329 0.0869713 0.0871287 0.0736295 0.0751514 
S0417         0.1766925 0.0987910 0.1004410 0.0564404 0.1776699 0.1162499 0.1438480 0.0529317 0.1092483 0.1279687 0.1197191 0.0738041 0.1601448 0.1767631 0.0580313 0.1643541 0.0524383 0.1151892 0.1197564 0.0983725 0.1022029 0.1054357 0.0606844 0.1092437 0.0000000 0.0973184 0.0916478 0.0432936 0.1453126 0.0608751 0.0975422 0.1062060 0.1380474 0.1666052 0.0413332 0.1117840 0.1057490 0.0535888 0.0755715 0.0724091 0.0869761 0.1066932 0.1194804 0.1403578 0.1652909 0.1087158 0.1468843 0.1185863 0.1032900 0.1136318 0.0994691 0.1022712 0.0945929 0.0932067 0.1146428 0.1145182 0.0701077 0.1320281 0.0620612 0.0869091 0.0970394 0.0603006 0.1223355 0.1082043 0.1097508 0.0962464 0.1039643 0.0859520 0.1327384 0.1569683 0.0926286 0.1194079 0.1297819 0.1081567 0.1170011 0.1400150 0.0957950 0.1515257 0.0763553 0.1251320 0.1284659 0.1229833 0.1040563 0.1270170 0.1580754 0.1044246 0.1138411 0.1045130 0.0260622 0.0644314 0.0691820 0.1614754 0.0674711 0.0556989 0.1292607 0.1526249 0.1473143 0.1066951 0.1227815 0.1254601 0.1050368 0.1070957 0.1019114 0.0975779 0.1333033 0.0912522 0.0766787 0.1311584 0.1024164 0.0628527 0.1143458 0.0956932 0.0521612 0.1322475 0.0712646 0.1023601 0.1592091 0.1347373 0.1119920 0.1084307 0.0545377 0.1088381 0.0933986 0.0924764 0.0990460 0.1215698 0.1175178 0.0775010 0.0982524 0.1028915 0.1345239 0.1066989 0.1079465 0.0988695 0.0933282 
S0419         0.1471714 0.0735190 0.0162098 0.1028625 0.0986201 0.0656484 0.0956726 0.0938845 0.0634930 0.0779615 0.0784326 0.1196779 0.1115602 0.1331906 0.1092419 0.1093727 0.0886026 0.0757136 0.0730735 0.0581810 0.0582620 0.0582330 0.0957555 0.0775301 0.0973184 0.0000000 0.0546274 0.0868736 0.1024967 0.0810683 0.0560603 0.0751857 0.0973424 0.1105057 0.0928437 0.0669382 0.0595785 0.0943769 0.0907337 0.0808092 0.0670026 0.0625150 0.0346387 0.0931443 0.1332565 0.0757918 0.1043348 0.0874482 0.0572692 0.0679262 0.0046162 0.0611172 0.0046300 0.0038792 0.0816704 0.0367323 0.0817894 0.0935890 0.0744110 0.1030549 0.0554597 0.0985219 0.0819675 0.0630851 0.0656151 0.0571710 0.0600718 0.0739172 0.0700706 0.1270122 0.0461372 0.0783268 0.0863572 0.0766690 0.0918296 0.1168837 0.0054146 0.1231253 0.0777146 0.0819178 0.0885425 0.0860999 0.0567701 0.0785117 0.1329840 0.0572848 0.0688290 0.0701984 0.0836273 0.0760084 0.0830413 0.1189850 0.0834706 0.1016344 0.0867909 0.1121352 0.0945981 0.0602309 0.0818723 0.0845276 0.0622605 0.0642257 0.0552638 0.0763568 0.0898949 0.0453240 0.0951365 0.0871092 0.0570733 0.1065105 0.0692144 0.0085454 0.0852800 0.0662011 0.0772336 0.0554493 0.0788769 0.0752545 0.0694486 0.0624714 0.1022144 0.0707563 0.1015293 0.0480380 0.0669312 0.0821562 0.0767346 0.0770445 0.0501065 0.0623991 0.0888118 0.0421275 0.0693658 0.0533793 0.0489487 
S0427         0.1473086 0.0723540 0.0653893 0.0978766 0.1252023 0.0644276 0.0932612 0.0944339 0.0654492 0.0766991 0.0782555 0.1045978 0.1068722 0.1319910 0.1024189 0.1170429 0.0895613 0.0733273 0.0738206 0.0270778 0.0559781 0.0587360 0.0852752 0.0712915 0.0916478 0.0546274 0.0000000 0.0981203 0.1015431 0.0842657 0.0605152 0.0758924 0.1044775 0.1087079 0.0859751 0.0671882 0.0600777 0.0948764 0.0914602 0.0692269 0.0610009 0.0591290 0.0635435 0.0922115 0.1336890 0.0748975 0.0999232 0.0885984 0.0568590 0.0720693 0.0565078 0.0587988 0.0505578 0.0509509 0.0817764 0.0680462 0.0819284 0.0876745 0.0659819 0.1032109 0.0561373 0.0923809 0.0839485 0.0635479 0.0704397 0.0597889 0.0627706 0.0647799 0.0984927 0.1185062 0.0575523 0.0884663 0.0989953 0.0693023 0.0827768 0.1230982 0.0534532 0.1289425 0.0590655 0.0759191 0.0848471 0.0936696 0.0615433 0.0753707 0.1413287 0.0587431 0.0716275 0.0640565 0.0851294 0.0663101 0.0743370 0.1142888 0.0793696 0.1016178 0.0889013 0.1082289 0.0961506 0.0607244 0.0804877 0.0908508 0.0658805 0.0580872 0.0539316 0.0708730 0.0939910 0.0449712 0.0963289 0.0785112 0.0589349 0.1121542 0.0761644 0.0534040 0.0793686 0.0931187 0.0723321 0.0579293 0.1106786 0.0838674 0.0674371 0.0629337 0.0946790 0.0571711 0.0990977 0.0357474 0.0622826 0.0848328 0.0740482 0.0816295 0.0571258 0.0630625 0.1015220 0.0614164 0.0640259 0.0265722 0.0514856 
S0428sl       0.1496319 0.0994883 0.0854004 0.0491033 0.1498742 0.1124032 0.1564954 0.0467634 0.1093865 0.1245559 0.1035495 0.0680794 0.1579776 0.1920400 0.0580411 0.1932460 0.0543236 0.1121766 0.1078105 0.1030488 0.1046816 0.1095202 0.0585455 0.1227919 0.0432936 0.0868736 0.0981203 0.0000000 0.1494779 0.0580435 0.0755624 0.1217796 0.1267778 0.1748639 0.0440699 0.1157466 0.1098450 0.0439616 0.0668136 0.0774509 0.1020102 0.1097938 0.1067513 0.1486452 0.1563306 0.1175614 0.1665768 0.1049902 0.1078853 0.0928419 0.0883574 0.0996152 0.0813806 0.0789269 0.1017132 0.1099050 0.0632951 0.1505552 0.0668524 0.0776969 0.1010652 0.0519581 0.1197574 0.0783102 0.0981701 0.0806851 0.0870083 0.0785800 0.1254204 0.1440001 0.0927238 0.1311069 0.1350120 0.0971733 0.1022813 0.1290058 0.0812760 0.1405984 0.0763832 0.1192238 0.1149899 0.1374797 0.1025070 0.1280124 0.1498538 0.1044857 0.1187491 0.1132311 0.0382997 0.0712478 0.0745600 0.1675198 0.0586525 0.0436331 0.1268843 0.1678737 0.1600749 0.1097082 0.1365977 0.1146304 0.1031243 0.1102506 0.1043893 0.0948967 0.1428834 0.0909435 0.0654917 0.1249385 0.0961411 0.0554822 0.1142789 0.0797188 0.0514201 0.1109622 0.0756850 0.0963273 0.1525620 0.1445053 0.0966661 0.1122351 0.0449501 0.1153025 0.0905511 0.0964280 0.1037250 0.1186487 0.1069797 0.0828052 0.0948626 0.1063681 0.1288778 0.0997381 0.1000584 0.1008506 0.0963049 
S0430         0.2067570 0.1214432 0.1213506 0.1353249 0.1608458 0.1225926 0.0183919 0.1233486 0.1188076 0.1428864 0.1401471 0.1494446 0.0312173 0.1016788 0.1360696 0.0360398 0.1301539 0.1296203 0.1264024 0.1157159 0.1093662 0.1150665 0.1260101 0.1191711 0.1453126 0.1024967 0.1015431 0.1494779 0.0000000 0.1221197 0.1117638 0.1199509 0.0791470 0.0339598 0.1277035 0.1205849 0.1114608 0.1326351 0.1245719 0.1149723 0.1104019 0.1080083 0.1055004 0.0205742 0.1703943 0.1182999 0.0229838 0.1550782 0.1117092 0.1263143 0.1070005 0.1129169 0.0996388 0.0993172 0.1347795 0.1099240 0.1252441 0.0844475 0.1131538 0.1440806 0.1210399 0.1436077 0.0558226 0.1262739 0.1231754 0.1076386 0.1123537 0.1176102 0.1309011 0.1688699 0.1011435 0.0737149 0.0909688 0.1160859 0.1308943 0.1672308 0.1008783 0.1836134 0.1305733 0.1417452 0.1527782 0.0812291 0.1090860 0.1212228 0.1875204 0.1082586 0.1295669 0.1205620 0.1289650 0.1171504 0.1250799 0.0304352 0.1161052 0.1399869 0.0706798 0.0212331 0.0186522 0.1153277 0.0803872 0.1365437 0.1171390 0.1179662 0.1082332 0.1193772 0.1438300 0.1023711 0.1341175 0.1421565 0.1081610 0.1266108 0.1286806 0.1017790 0.1224276 0.1279388 0.1229857 0.1096800 0.1430659 0.1315973 0.1220595 0.1173838 0.1324827 0.1210462 0.1332336 0.1024091 0.1100965 0.1351800 0.1295668 0.1305434 0.1074536 0.1287824 0.1556637 0.1096631 0.1217704 0.1022709 0.1103613 
