59
S0055      0.0000000 0.0491892 0.0268497 0.1127224 0.1275119 0.0625418 0.0643192 0.0562136 0.0584807 0.0726642 0.0556422 0.0700977 0.0825359 0.1914820 0.0325941 0.0927856 0.1399177 0.0742960 0.0938914 0.1626885 0.0501189 0.0635786 0.0998735 0.0213897 0.0506454 0.0705689 0.0146727 0.1166201 0.0268497 0.1162212 0.0326260 0.0438705 0.0617554 0.1015564 0.0866534 0.1003914 0.0384422 0.0808072 0.0738075 0.0971068 0.0379989 0.0952291 0.0896350 0.0329499 0.0702321 0.0383029 0.0644483 0.0213897 0.0441194 0.1087839 0.0935433 0.0774576 0.0564525 0.0618771 0.1587271 0.0504907 0.0820111 0.0627134 0.0560658 
S0196sl    0.0491892 0.0000000 0.0274162 0.0729771 0.0918297 0.0203699 0.0510706 0.0273059 0.0648410 0.0757773 0.0498404 0.0417398 0.0910853 0.1716439 0.0274162 0.0569697 0.1147549 0.0491076 0.0423494 0.1172654 0.0203699 0.0427698 0.0805647 0.0345598 0.0659953 0.0348858 0.0372717 0.0993871 0.0274162 0.0890104 0.0421501 0.0345598 0.0801740 0.0653190 0.0647967 0.0653190 0.0572285 0.0067353 0.0491076 0.0496691 0.0345092 0.0731697 0.0831800 0.0420209 0.0646062 0.0418215 0.0286080 0.0345598 0.0496495 0.1066872 0.0568825 0.0425051 0.0274162 0.0345092 0.1382656 0.0204313 0.0737381 0.0351431 0.0345092 
S0282      0.0268497 0.0274162 0.0000000 0.0806115 0.1063886 0.0330891 0.0458626 0.0303562 0.0460779 0.0665769 0.0382398 0.0396442 0.0514388 0.1687908 0.0052757 0.0683513 0.1254454 0.0443853 0.0626391 0.1260432 0.0216268 0.0336185 0.0684165 0.0052519 0.0331291 0.0456699 0.0072136 0.0964948 0.0000010 0.0830245 0.0160172 0.0159797 0.0440839 0.0695136 0.0681769 0.0687506 0.0215674 0.0503951 0.0441019 0.0706578 0.0105470 0.0634850 0.0579220 0.0161721 0.0516513 0.0214876 0.0400396 0.0052519 0.0160690 0.0761739 0.0624116 0.0520328 0.0273942 0.0327583 0.1511525 0.0330259 0.0511307 0.0331808 0.0272072 
S0292      0.1127224 0.0729771 0.0806115 0.0000000 0.1671237 0.1086906 0.1191794 0.0568822 0.1193496 0.1535250 0.1135217 0.1237248 0.1084524 0.2346785 0.0874676 0.1082274 0.2048289 0.1079243 0.1433204 0.2112831 0.0798434 0.1247037 0.0426573 0.0869492 0.1224866 0.1401053 0.0707557 0.1677635 0.0806115 0.1282459 0.0875509 0.0938734 0.1341878 0.0375363 0.0371329 0.0317978 0.1005659 0.1287359 0.1071786 0.1562171 0.0931775 0.0432105 0.1149735 0.0945925 0.1379186 0.1069431 0.1186252 0.0869492 0.0810002 0.1206875 0.0795257 0.1486125 0.1018139 0.0944110 0.2233392 0.1083921 0.1140737 0.1089825 0.1010993 
S0308      0.1275119 0.0918297 0.1063886 0.1671237 0.0000000 0.1057662 0.1601979 0.1015660 0.1139802 0.0957079 0.1435191 0.1219020 0.1541546 0.2365779 0.1142658 0.1435983 0.1514560 0.1204901 0.1433225 0.2111087 0.1222555 0.1222510 0.1692001 0.1134899 0.1542925 0.1557882 0.0812768 0.1358099 0.1063886 0.2008314 0.1286642 0.1214355 0.1669517 0.1726598 0.1376719 0.1702752 0.1366181 0.1181348 0.1196063 0.1734828 0.1126017 0.1649965 0.1473554 0.1302657 0.1515299 0.1361533 0.1383044 0.1134899 0.1118542 0.1910000 0.1462411 0.1651728 0.0998033 0.1272658 0.2181790 0.1210675 0.1568486 0.1217750 0.1131518 
S0376      0.0625418 0.0203699 0.0330891 0.1086906 0.1057662 0.0000000 0.0650482 0.0364700 0.0704912 0.0793639 0.0752583 0.0577366 0.0912161 0.1705202 0.0390726 0.0812030 0.1490618 0.0564558 0.0753771 0.1346951 0.0452013 0.0451973 0.0956131 0.0388698 0.0703138 0.0707938 0.0145355 0.1094971 0.0330891 0.1121364 0.0508635 0.0507383 0.0818245 0.0972529 0.0952837 0.0961172 0.0570996 0.0627034 0.0560891 0.0974887 0.0446257 0.0908122 0.0850852 0.0513947 0.0702195 0.0568928 0.0649745 0.0388698 0.0510335 0.0979807 0.0891770 0.0777206 0.0390152 0.0503838 0.1679492 0.0448071 0.0774065 0.0330066 0.0387475 
S0427      0.0643192 0.0510706 0.0458626 0.1191794 0.1601979 0.0650482 0.0000000 0.0589646 0.0884442 0.1205363 0.0703857 0.0732389 0.1006188 0.2034353 0.0522487 0.0913552 0.1805538 0.0781049 0.0989358 0.1623361 0.0651937 0.0869378 0.0988427 0.0399493 0.0588470 0.0949279 0.0309625 0.1545741 0.0458626 0.1227398 0.0523016 0.0645070 0.0712708 0.1139581 0.1051321 0.0922396 0.0521996 0.0917519 0.0775640 0.1079302 0.0580055 0.1071862 0.0944912 0.0465300 0.0668203 0.0585124 0.0742953 0.0399493 0.0648955 0.1147937 0.0984966 0.1027262 0.0721733 0.0651421 0.1830220 0.0461645 0.0863454 0.0583986 0.0716524 
S0552sl    0.0562136 0.0273059 0.0303562 0.0568822 0.1015660 0.0364700 0.0589646 0.0000000 0.0564320 0.0872424 0.0632263 0.0557896 0.0800337 0.1797134 0.0369108 0.0699574 0.1324178 0.0495911 0.0769333 0.1406137 0.0241351 0.0505359 0.0702908 0.0367007 0.0644495 0.0566206 0.0219337 0.1248004 0.0303562 0.1079387 0.0434379 0.0430216 0.0840758 0.0712474 0.0700159 0.0636903 0.0567529 0.0560457 0.0558582 0.0776748 0.0430286 0.0714145 0.0794611 0.0436902 0.0764784 0.0499295 0.0445823 0.0367007 0.0370866 0.1006175 0.0634815 0.0637879 0.0433652 0.0303641 0.1437809 0.0498244 0.0712457 0.0432451 0.0430358 
S0558      0.0584807 0.0648410 0.0460779 0.1193496 0.1139802 0.0704912 0.0884442 0.0564320 0.0000000 0.0939155 0.0650705 0.0863941 0.0920792 0.2182804 0.0524940 0.1111012 0.1399092 0.0840282 0.0980466 0.1707921 0.0718855 0.0793486 0.1200488 0.0401374 0.0727188 0.0870377 0.0379640 0.1445420 0.0460779 0.1310429 0.0525473 0.0582603 0.0846037 0.1222581 0.1057920 0.1207316 0.0590062 0.0974854 0.0834474 0.1087490 0.0582753 0.1153536 0.0861316 0.0531147 0.0733258 0.0587865 0.0664158 0.0401374 0.0515264 0.1228857 0.1064718 0.0945642 0.0714267 0.0709174 0.1646716 0.0650611 0.0937928 0.0782008 0.0709174 
S0616      0.0726642 0.0757773 0.0665769 0.1535250 0.0957079 0.0793639 0.1205363 0.0872424 0.0939155 0.0000000 0.0935488 0.0959242 0.1346397 0.1975223 0.0736049 0.1118282 0.1149648 0.0931879 0.1152404 0.1753274 0.0946013 0.0659065 0.1466790 0.0731566 0.0933544 0.1108143 0.0470743 0.0677913 0.0665769 0.1666429 0.0869932 0.0796146 0.1006752 0.1495750 0.1163800 0.1475774 0.0942276 0.1003518 0.0925212 0.1343627 0.0796481 0.1421733 0.1435391 0.0880102 0.1102812 0.0938858 0.0946888 0.0731566 0.0873075 0.1575682 0.1313091 0.1190843 0.0869586 0.0998195 0.1860638 0.0936959 0.1336185 0.0942206 0.0863187 
S0641      0.0556422 0.0498404 0.0382398 0.1135217 0.1435191 0.0752583 0.0703857 0.0632263 0.0650705 0.0935488 0.0000000 0.0832938 0.0960737 0.2092904 0.0442203 0.1004796 0.1339556 0.0748026 0.1013787 0.1639617 0.0623418 0.0640175 0.1005744 0.0326400 0.0448968 0.0838862 0.0300586 0.1113870 0.0382398 0.1098813 0.0442635 0.0385117 0.0742762 0.1022824 0.1002366 0.1010998 0.0502939 0.0879844 0.0743071 0.0978142 0.0497045 0.0959069 0.1034797 0.0447130 0.0834578 0.0501137 0.0711134 0.0326400 0.0561168 0.1032875 0.0941963 0.0910873 0.0689580 0.0744338 0.1675738 0.0570069 0.0954447 0.0621748 0.0684824 
S0645sl    0.0700977 0.0417398 0.0396442 0.1237248 0.1219020 0.0577366 0.0732389 0.0557896 0.0863941 0.0959242 0.0832938 0.0000000 0.1001373 0.1630995 0.0458722 0.0894149 0.1714939 0.0637935 0.0773582 0.1203445 0.0578731 0.0654242 0.1102074 0.0456243 0.0783288 0.0465445 0.0219923 0.1349724 0.0396442 0.1133017 0.0580651 0.0579186 0.0901198 0.1121599 0.1098326 0.1044902 0.0645424 0.0752698 0.0633674 0.0720554 0.0395627 0.1055108 0.0997165 0.0586891 0.0332845 0.0643075 0.0409951 0.0456243 0.0582638 0.1198387 0.0973124 0.0530433 0.0580450 0.0640357 0.1896085 0.0582564 0.0915524 0.0578987 0.0517967 
S0689      0.0825359 0.0910853 0.0514388 0.1084524 0.1541546 0.0912161 0.1006188 0.0800337 0.0920792 0.1346397 0.0960737 0.1001373 0.0000000 0.2352030 0.0578768 0.1041651 0.1871088 0.1038723 0.1257285 0.1865907 0.0707435 0.0928458 0.1160321 0.0575536 0.0912545 0.1074818 0.0630285 0.1493116 0.0514388 0.1434023 0.0703274 0.0701488 0.0896957 0.1180894 0.1156450 0.1166682 0.0704990 0.1112234 0.1031399 0.1078316 0.0636078 0.0976428 0.1049860 0.0710958 0.1142577 0.0767135 0.0797377 0.0575536 0.0449423 0.1427995 0.0961225 0.1154620 0.0782873 0.0770211 0.1961347 0.0909777 0.1129855 0.0914719 0.0708430 
S0735      0.1914820 0.1716439 0.1687908 0.2346785 0.2365779 0.1705202 0.2034353 0.1797134 0.2182804 0.1975223 0.2092904 0.1630995 0.2352030 0.0000000 0.1778549 0.1924456 0.2748997 0.1833372 0.1624985 0.0338893 0.1710008 0.1972719 0.2186240 0.1764859 0.2062364 0.2076287 0.1659061 0.2043298 0.1687908 0.1784439 0.1852837 0.1927978 0.2176768 0.2231952 0.2192635 0.1939024 0.1666982 0.1890921 0.1819634 0.2437897 0.1839910 0.2153449 0.2128736 0.1958771 0.1590490 0.1860094 0.1763888 0.1764859 0.1786761 0.1618061 0.1971584 0.2105738 0.1773215 0.1842926 0.2859575 0.1781562 0.2010059 0.1703735 0.1692592 
S0756      0.0325941 0.0274162 0.0052757 0.0874676 0.1142658 0.0390726 0.0522487 0.0369108 0.0524940 0.0736049 0.0442203 0.0458722 0.0578768 0.1778549 0.0000000 0.0749771 0.1335974 0.0505382 0.0691889 0.1249442 0.0273507 0.0397064 0.0750486 0.0106222 0.0391169 0.0520328 0.0072136 0.1039214 0.0052757 0.0901261 0.0216018 0.0215514 0.0501906 0.0762736 0.0747867 0.0754224 0.0272731 0.0566866 0.0502113 0.0775648 0.0160010 0.0701404 0.0645311 0.0218138 0.0581166 0.0271722 0.0463330 0.0106222 0.0216729 0.0831010 0.0689346 0.0585645 0.0332649 0.0386747 0.1600851 0.0389953 0.0575233 0.0391814 0.0330369 
S0771      0.0927856 0.0569697 0.0683513 0.1082274 0.1435983 0.0812030 0.0913552 0.0699574 0.1111012 0.1118282 0.1004796 0.0894149 0.1041651 0.1924456 0.0749771 0.0000000 0.1780827 0.0682562 0.0747291 0.1714869 0.0817345 0.0957109 0.1083342 0.0745471 0.1090116 0.0962660 0.0370495 0.1464669 0.0683513 0.1113210 0.0875589 0.0812483 0.1071366 0.1102172 0.1079695 0.1089150 0.0943483 0.0871214 0.0678095 0.1036678 0.0806525 0.1036925 0.0979920 0.0885196 0.1026888 0.0940276 0.0771896 0.0745471 0.0753023 0.1038461 0.1018018 0.1036734 0.0624831 0.0808125 0.1750411 0.0689081 0.0900042 0.0814235 0.0685125 
S0888      0.1399177 0.1147549 0.1254454 0.2048289 0.1514560 0.1490618 0.1805538 0.1324178 0.1399092 0.1149648 0.1339556 0.1714939 0.1871088 0.2748997 0.1335974 0.1780827 0.0000000 0.1496352 0.1994141 0.2385749 0.1570434 0.1354993 0.1977218 0.1186362 0.1510836 0.1732676 0.0703443 0.1453925 0.1254454 0.2305348 0.1263667 0.1408597 0.1716512 0.2018354 0.1813541 0.1990015 0.1131495 0.1734216 0.1485114 0.1917790 0.1397157 0.1940329 0.1923274 0.1353722 0.1719041 0.1411558 0.1462403 0.1186362 0.1487283 0.2203684 0.1812890 0.1831416 0.1351483 0.1479787 0.2481328 0.1340518 0.2013492 0.1513499 0.1402024 
S1083      0.0742960 0.0491076 0.0443853 0.1079243 0.1204901 0.0564558 0.0781049 0.0495911 0.0840282 0.0931879 0.0748026 0.0637935 0.1038723 0.1833372 0.0505382 0.0682562 0.1496352 0.0000000 0.0747376 0.1475408 0.0507553 0.0698143 0.0949726 0.0502684 0.0824633 0.0830477 0.0451907 0.1099299 0.0443853 0.1250865 0.0625148 0.0565055 0.0813120 0.0965857 0.0946478 0.0954687 0.0688882 0.0621999 0.0000022 0.0968167 0.0561028 0.0902043 0.0977238 0.0572384 0.0763895 0.0686456 0.0642939 0.0502684 0.0627237 0.1173832 0.0885949 0.0901642 0.0387331 0.0619210 0.1424330 0.0563349 0.0897704 0.0566112 0.0501134 
S1129sl    0.0938914 0.0423494 0.0626391 0.1433204 0.1433225 0.0753771 0.0989358 0.0769333 0.0980466 0.1152404 0.1013787 0.0773582 0.1257285 0.1624985 0.0691889 0.0747291 0.1994141 0.0747376 0.0000000 0.1415747 0.0758765 0.0896970 0.1295547 0.0687965 0.1029251 0.0902113 0.0538794 0.1466500 0.0626391 0.1336288 0.0817015 0.0814961 0.1146181 0.1318895 0.1291320 0.1162287 0.0884337 0.0689055 0.0742432 0.1110114 0.0748725 0.1251288 0.1055950 0.0825952 0.0835941 0.0881278 0.0842692 0.0687965 0.0819799 0.1256878 0.1089682 0.0975292 0.0567883 0.0750237 0.1686545 0.0510946 0.0973430 0.0696381 0.0627867 
S1148      0.1626885 0.1172654 0.1260432 0.2112831 0.2111087 0.1346951 0.1623361 0.1406137 0.1707921 0.1753274 0.1639617 0.1203445 0.1865907 0.0338893 0.1249442 0.1714869 0.2385749 0.1475408 0.1415747 0.0000000 0.1351576 0.1516493 0.1880606 0.1332880 0.1600157 0.1609533 0.0987581 0.1828663 0.1260432 0.1649963 0.1413106 0.1484670 0.1645111 0.1996081 0.1960023 0.1715878 0.1245550 0.1533423 0.1464529 0.1945706 0.1403673 0.1919378 0.1734154 0.1507446 0.1174813 0.1418193 0.1315915 0.1332880 0.1348514 0.1485169 0.1596532 0.1631422 0.1414522 0.1482549 0.2420044 0.1420804 0.1626578 0.1346403 0.1338198 
S1201sl    0.0501189 0.0203699 0.0216268 0.0798434 0.1222555 0.0452013 0.0651937 0.0241351 0.0718855 0.0946013 0.0623418 0.0578731 0.0707435 0.1710008 0.0273507 0.0817345 0.1570434 0.0507553 0.0758765 0.1351576 0.0000000 0.0582423 0.0677728 0.0272149 0.0573372 0.0712755 0.0145355 0.1256757 0.0216268 0.0695095 0.0387561 0.0386624 0.0686341 0.0688476 0.0675374 0.0681005 0.0447396 0.0631203 0.0564598 0.0981430 0.0327999 0.0628798 0.0573690 0.0391488 0.0703808 0.0445771 0.0527798 0.0272149 0.0388839 0.0754353 0.0618280 0.0782506 0.0392788 0.0447325 0.1690259 0.0451086 0.0506521 0.0453288 0.0390077 
S1211      0.0635786 0.0427698 0.0336185 0.1247037 0.1222510 0.0451973 0.0869378 0.0505359 0.0793486 0.0659065 0.0640175 0.0654242 0.0928458 0.1972719 0.0397064 0.0957109 0.1354993 0.0698143 0.0896970 0.1516493 0.0582423 0.0000000 0.1110456 0.0394965 0.0516757 0.0720166 0.0225579 0.0893693 0.0336185 0.1130558 0.0517005 0.0515710 0.0832235 0.1130329 0.1106650 0.1116587 0.0580489 0.0764056 0.0693462 0.0992394 0.0453494 0.1063167 0.1004718 0.0522489 0.0783997 0.0578365 0.0591565 0.0394965 0.0518763 0.0977718 0.1043230 0.0790841 0.0516830 0.0634526 0.1879468 0.0577205 0.0922187 0.0580111 0.0513210 
S1214sl    0.0998735 0.0805647 0.0684165 0.0426573 0.1692001 0.0956131 0.0988427 0.0702908 0.1200488 0.1466790 0.1005744 0.1102074 0.1160321 0.2186240 0.0750486 0.1083342 0.1977218 0.0949726 0.1295547 0.1880606 0.0677728 0.1110456 0.0000000 0.0746178 0.1091167 0.1259940 0.0706184 0.1388680 0.0684165 0.1148741 0.0876416 0.0813253 0.1012215 0.0375787 0.0371744 0.0318338 0.0878548 0.1152891 0.0943225 0.1416172 0.0807285 0.0211710 0.1091709 0.0819307 0.1104344 0.0941164 0.1116020 0.0746178 0.0879387 0.1075337 0.0733667 0.1342019 0.0889263 0.0817688 0.1988722 0.0953642 0.1010468 0.0958740 0.0883027 
S1227      0.0213897 0.0345598 0.0052519 0.0869492 0.1134899 0.0388698 0.0399493 0.0367007 0.0401374 0.0731566 0.0326400 0.0456243 0.0575536 0.1764859 0.0106222 0.0745471 0.1186362 0.0502684 0.0687965 0.1332880 0.0272149 0.0394965 0.0746178 0.0000000 0.0274874 0.0459022 0.0072623 0.1032552 0.0052519 0.0895729 0.0106328 0.0214466 0.0384103 0.0758270 0.0743587 0.0749869 0.0161069 0.0563775 0.0499452 0.0710184 0.0159242 0.0697359 0.0641613 0.0107344 0.0457082 0.0160470 0.0400396 0.0000010 0.0215674 0.0826028 0.0685453 0.0522990 0.0330956 0.0384762 0.1439310 0.0274013 0.0572044 0.0389775 0.0328698 
S1235sl    0.0506454 0.0659953 0.0331291 0.1224866 0.1542925 0.0703138 0.0588470 0.0644495 0.0727188 0.0933544 0.0448968 0.0783288 0.0912545 0.2062364 0.0391169 0.1090116 0.1510836 0.0824633 0.1029251 0.1600157 0.0573372 0.0516757 0.1091167 0.0274874 0.0000000 0.0718788 0.0386576 0.1272939 0.0331291 0.1189643 0.0391559 0.0507877 0.0693905 0.0972848 0.1087483 0.1097065 0.0452087 0.0892805 0.0819036 0.0990224 0.0446727 0.1044517 0.0987118 0.0395576 0.0784848 0.0333305 0.0659947 0.0274874 0.0510833 0.1049007 0.1025323 0.0651254 0.0639701 0.0695366 0.1691838 0.0577836 0.0906505 0.0705106 0.0635209 
S1245      0.0705689 0.0348858 0.0456699 0.1401053 0.1557882 0.0707938 0.0949279 0.0566206 0.0870377 0.1108143 0.0838862 0.0465445 0.1074818 0.2076287 0.0520328 0.0962660 0.1732676 0.0830477 0.0902113 0.1609533 0.0712755 0.0720166 0.1259940 0.0459022 0.0718788 0.0000000 0.0000010 0.1429823 0.0456699 0.1296571 0.0584396 0.0642541 0.0907802 0.1202852 0.1255684 0.1267142 0.0649713 0.0899329 0.0824792 0.0215119 0.0455753 0.1213926 0.1154897 0.0590730 0.0529814 0.0581099 0.0469028 0.0459022 0.0646401 0.1364485 0.1190463 0.0052899 0.0643951 0.0704617 0.1916888 0.0586338 0.1067306 0.0709934 0.0580332 
S1246      0.0146727 0.0372717 0.0072136 0.0707557 0.0812768 0.0145355 0.0309625 0.0219337 0.0379640 0.0470743 0.0300586 0.0219923 0.0630285 0.1659061 0.0072136 0.0370495 0.0703443 0.0451907 0.0538794 0.0987581 0.0145355 0.0225579 0.0706184 0.0072623 0.0386576 0.0000010 0.0000000 0.0800477 0.0072136 0.0791750 0.0147742 0.0145593 0.0454679 0.0625115 0.0619724 0.0625115 0.0301388 0.0453712 0.0451907 0.0144702 0.0145355 0.0709573 0.0634190 0.0147263 0.0378118 0.0146576 0.0000022 0.0072623 0.0299353 0.0978264 0.0453775 0.0072205 0.0220282 0.0295949 0.1000725 0.0221529 0.0629092 0.0378218 0.0295949 
S1260      0.1166201 0.0993871 0.0964948 0.1677635 0.1358099 0.1094971 0.1545741 0.1248004 0.1445420 0.0677913 0.1113870 0.1349724 0.1493116 0.2043298 0.1039214 0.1464669 0.1453925 0.1099299 0.1466500 0.1828663 0.1256757 0.0893693 0.1388680 0.1032552 0.1272939 0.1429823 0.0800477 0.0000000 0.0964948 0.1859622 0.1176247 0.1107485 0.1390484 0.1561518 0.1379906 0.1541463 0.1179310 0.1245499 0.1091551 0.1595561 0.1098847 0.1344687 0.1699141 0.1190197 0.1352691 0.1247243 0.1193663 0.1032552 0.1180438 0.1579147 0.1253609 0.1517394 0.1014395 0.1305119 0.1856871 0.1244880 0.1594492 0.1251977 0.1167323 
S1278      0.0268497 0.0274162 0.0000010 0.0806115 0.1063886 0.0330891 0.0458626 0.0303562 0.0460779 0.0665769 0.0382398 0.0396442 0.0514388 0.1687908 0.0052757 0.0683513 0.1254454 0.0443853 0.0626391 0.1260432 0.0216268 0.0336185 0.0684165 0.0052519 0.0331291 0.0456699 0.0072136 0.0964948 0.0000000 0.0830245 0.0160172 0.0159797 0.0440839 0.0695136 0.0681769 0.0687506 0.0215674 0.0503951 0.0441019 0.0706578 0.0105470 0.0634850 0.0579220 0.0161721 0.0516513 0.0214876 0.0400396 0.0052519 0.0160690 0.0761739 0.0624116 0.0520328 0.0273942 0.0327583 0.1511525 0.0330259 0.0511307 0.0331808 0.0272072 
S1332      0.1162212 0.0890104 0.0830245 0.1282459 0.2008314 0.1121364 0.1227398 0.1079387 0.1310429 0.1666429 0.1098813 0.1133017 0.1434023 0.1784439 0.0901261 0.1113210 0.2305348 0.1250865 0.1336288 0.1649963 0.0695095 0.1130558 0.1148741 0.0895729 0.1189643 0.1296571 0.0791750 0.1859622 0.0830245 0.0000000 0.1034116 0.0961675 0.1241327 0.1168865 0.1151678 0.1154957 0.1106451 0.1328907 0.1241869 0.1610761 0.0828479 0.1103118 0.0453565 0.1046042 0.1135427 0.1033178 0.1231238 0.0895729 0.0968966 0.0276046 0.1087869 0.1381696 0.1050042 0.1107635 0.2276102 0.1118149 0.0389445 0.1124452 0.1042465 
S1369      0.0326260 0.0421501 0.0160172 0.0875509 0.1286642 0.0508635 0.0523016 0.0434379 0.0525473 0.0869932 0.0442635 0.0580651 0.0703274 0.1852837 0.0216018 0.0875589 0.1263667 0.0625148 0.0817015 0.1413106 0.0387561 0.0517005 0.0876416 0.0106328 0.0391559 0.0584396 0.0147742 0.1176247 0.0160172 0.1034116 0.0000000 0.0327149 0.0502395 0.0891004 0.0873415 0.0880887 0.0273003 0.0688629 0.0621060 0.0844391 0.0269869 0.0828490 0.0772280 0.0218360 0.0581748 0.0271993 0.0524140 0.0106328 0.0329004 0.0961526 0.0813988 0.0651247 0.0448983 0.0503326 0.1602354 0.0390340 0.0698875 0.0450018 0.0445897 
S1370      0.0438705 0.0345598 0.0159797 0.0938734 0.1214355 0.0507383 0.0645070 0.0430216 0.0582603 0.0796146 0.0385117 0.0579186 0.0701488 0.1927978 0.0215514 0.0812483 0.1408597 0.0565055 0.0814961 0.1484670 0.0386624 0.0515710 0.0813253 0.0214466 0.0507877 0.0642541 0.0145593 0.1107485 0.0159797 0.0961675 0.0327149 0.0000000 0.0619283 0.0826659 0.0810441 0.0817353 0.0385477 0.0686917 0.0561383 0.0840925 0.0269231 0.0764735 0.0770297 0.0330405 0.0704371 0.0384078 0.0585000 0.0214466 0.0328216 0.0959054 0.0751468 0.0710153 0.0447885 0.0502100 0.1640429 0.0506322 0.0697112 0.0508787 0.0444813 
S1375      0.0617554 0.0801740 0.0440839 0.1341878 0.1669517 0.0818245 0.0712708 0.0840758 0.0846037 0.1006752 0.0742762 0.0901198 0.0896957 0.2176768 0.0501906 0.1071366 0.1716512 0.0813120 0.1146181 0.1645111 0.0686341 0.0832235 0.1012215 0.0384103 0.0693905 0.0907802 0.0454679 0.1390484 0.0440839 0.1241327 0.0502395 0.0619283 0.0000000 0.1229102 0.1203965 0.1214457 0.0563841 0.1008736 0.0807679 0.1187718 0.0557174 0.1163265 0.0969934 0.0449644 0.0902998 0.0561832 0.0713047 0.0384103 0.0622860 0.1164970 0.1141861 0.0981565 0.0754045 0.0809121 0.1679785 0.0691803 0.0891135 0.0820483 0.0748820 
S1376      0.1015564 0.0653190 0.0695136 0.0375363 0.1726598 0.0972529 0.1139581 0.0712474 0.1222581 0.1495750 0.1022824 0.1121599 0.1180894 0.2231952 0.0762736 0.1102172 0.2018354 0.0965857 0.1318895 0.1996081 0.0688476 0.1130329 0.0375787 0.0758270 0.0972848 0.1202852 0.0625115 0.1561518 0.0695136 0.1168865 0.0891004 0.0826659 0.1229102 0.0000000 0.0320394 0.0266707 0.0893211 0.1173200 0.0959138 0.1358914 0.0820484 0.0265276 0.1110843 0.0753796 0.1263478 0.0825784 0.1136042 0.0758270 0.0894077 0.1093872 0.0808890 0.1284655 0.0904303 0.0892481 0.2195594 0.0969937 0.1027735 0.0975223 0.0897856 
S1422      0.0866534 0.0647967 0.0681769 0.0371329 0.1376719 0.0952837 0.1051321 0.0700159 0.1057920 0.1163800 0.1002366 0.1098326 0.1156450 0.2192635 0.0747867 0.1079695 0.1813541 0.0946478 0.1291320 0.1960023 0.0675374 0.1106650 0.0371744 0.0743587 0.1087483 0.1255684 0.0619724 0.1379906 0.0681769 0.1151678 0.0873415 0.0810441 0.1203965 0.0320394 0.0000000 0.0263889 0.0875534 0.1149041 0.0940018 0.1411459 0.0804509 0.0376521 0.1088023 0.0816445 0.1236891 0.0937969 0.1112192 0.0743587 0.0876368 0.1078049 0.0793378 0.1337507 0.0886179 0.0814845 0.1975435 0.0950366 0.1007060 0.0955432 0.0879972 
S1449      0.1003914 0.0653190 0.0687506 0.0317978 0.1702752 0.0961172 0.0922396 0.0636903 0.1207316 0.1475774 0.1010998 0.1044902 0.1166682 0.1939024 0.0754224 0.1089150 0.1990015 0.0954687 0.1162287 0.1715878 0.0681005 0.1116587 0.0318338 0.0749869 0.1097065 0.1267142 0.0625115 0.1541463 0.0687506 0.1154957 0.0880887 0.0817353 0.1214457 0.0266707 0.0263889 0.0000000 0.0814148 0.1159165 0.0948121 0.1424558 0.0811323 0.0322406 0.1097611 0.0823478 0.1177605 0.0946029 0.1122198 0.0749869 0.0883899 0.1081055 0.0676715 0.1349859 0.0893878 0.0821853 0.2164189 0.0958651 0.1015791 0.0963807 0.0887577 
S1460      0.0384422 0.0572285 0.0215674 0.1005659 0.1366181 0.0570996 0.0521996 0.0567529 0.0590062 0.0942276 0.0502939 0.0645424 0.0704990 0.1666982 0.0272731 0.0943483 0.1131495 0.0688882 0.0884337 0.1245550 0.0447396 0.0580489 0.0878548 0.0161069 0.0452087 0.0649713 0.0301388 0.1179310 0.0215674 0.1106451 0.0273003 0.0385477 0.0563841 0.0893211 0.0875534 0.0814148 0.0000000 0.0753683 0.0684329 0.0914539 0.0327053 0.0830533 0.0840473 0.0275718 0.0573296 0.0329666 0.0525945 0.0161069 0.0387678 0.1032332 0.0815956 0.0718149 0.0510259 0.0564928 0.1616871 0.0450685 0.0764987 0.0572583 0.0506735 
S1462      0.0808072 0.0067353 0.0503951 0.1287359 0.1181348 0.0627034 0.0917519 0.0560457 0.0974854 0.1003518 0.0879844 0.0752698 0.1112234 0.1890921 0.0566866 0.0871214 0.1734216 0.0621999 0.0689055 0.1533423 0.0631203 0.0764056 0.1152891 0.0563775 0.0892805 0.0899329 0.0453712 0.1245499 0.0503951 0.1328907 0.0688629 0.0686917 0.1008736 0.1173200 0.1149041 0.1159165 0.0753683 0.0000000 0.0617953 0.1176673 0.0623012 0.1107095 0.1049910 0.0695995 0.0879894 0.0751043 0.0840013 0.0563775 0.0690944 0.1249900 0.1086652 0.0972361 0.0446701 0.0682020 0.1747482 0.0506124 0.0967889 0.0570470 0.0562045 
S1498      0.0738075 0.0491076 0.0441019 0.1071786 0.1196063 0.0560891 0.0775640 0.0558582 0.0834474 0.0925212 0.0743071 0.0633674 0.1031399 0.1819634 0.0502113 0.0678095 0.1485114 0.0000022 0.0742432 0.1464529 0.0564598 0.0693462 0.0943225 0.0499452 0.0819036 0.0824792 0.0451907 0.1091551 0.0441019 0.1241869 0.0621060 0.0561383 0.0807679 0.0959138 0.0940018 0.0948121 0.0684329 0.0617953 0.0000000 0.0961395 0.0557403 0.0895794 0.0970357 0.0568607 0.0758732 0.0681934 0.0702164 0.0499452 0.0623119 0.1165473 0.0879913 0.0895386 0.0384864 0.0615205 0.1413703 0.0559701 0.0891518 0.0562423 0.0497922 
S1539      0.0971068 0.0496691 0.0706578 0.1562171 0.1734828 0.0974887 0.1079302 0.0776748 0.1087490 0.1343627 0.0978142 0.0720554 0.1078316 0.2437897 0.0775648 0.1036678 0.1917790 0.0968167 0.1110114 0.1945706 0.0981430 0.0992394 0.1416172 0.0710184 0.0990224 0.0215119 0.0144702 0.1595561 0.0706578 0.1610761 0.0844391 0.0840925 0.1187718 0.1358914 0.1411459 0.1424558 0.0914539 0.1176673 0.0961395 0.0000000 0.0705076 0.1221760 0.1461493 0.0853982 0.0789943 0.0839630 0.0726100 0.0710184 0.0909865 0.1681837 0.1344255 0.0272045 0.0906320 0.0836223 0.2188335 0.0705984 0.1364019 0.0977600 0.0708307 
S_670      0.0379989 0.0345092 0.0105470 0.0931775 0.1126017 0.0446257 0.0580055 0.0430286 0.0582753 0.0796481 0.0497045 0.0395627 0.0636078 0.1839910 0.0160010 0.0806525 0.1397157 0.0561028 0.0748725 0.1403673 0.0327999 0.0453494 0.0807285 0.0159242 0.0446727 0.0455753 0.0145355 0.1098847 0.0105470 0.0828479 0.0269869 0.0269231 0.0557174 0.0820484 0.0804509 0.0811323 0.0327053 0.0623012 0.0557403 0.0705076 0.0000000 0.0759046 0.0703283 0.0272522 0.0515441 0.0325861 0.0399566 0.0159242 0.0270743 0.0889286 0.0745981 0.0519237 0.0387830 0.0441689 0.1663922 0.0445356 0.0632177 0.0447490 0.0385185 
SRR8528336 0.0952291 0.0731697 0.0634850 0.0432105 0.1649965 0.0908122 0.1071862 0.0714145 0.1153536 0.1421733 0.0959069 0.1055108 0.0976428 0.2153449 0.0701404 0.1036925 0.1940329 0.0902043 0.1251288 0.1919378 0.0628798 0.1063167 0.0211710 0.0697359 0.1044517 0.1213926 0.0709573 0.1344687 0.0634850 0.1103118 0.0828490 0.0764735 0.1163265 0.0265276 0.0376521 0.0322406 0.0830533 0.1107095 0.0895794 0.1221760 0.0759046 0.0000000 0.1045055 0.0693257 0.1057309 0.0893807 0.1068715 0.0697359 0.0831345 0.1029159 0.0685507 0.1296616 0.0840765 0.0829749 0.1951972 0.0905763 0.0963599 0.0910657 0.0834765 
SRR8528341 0.0896350 0.0831800 0.0579220 0.1149735 0.1473554 0.0850852 0.0944912 0.0794611 0.0861316 0.1435391 0.1034797 0.0997165 0.1049860 0.2128736 0.0645311 0.0979920 0.1923274 0.0977238 0.1055950 0.1734154 0.0573690 0.1004718 0.1091709 0.0641613 0.0987118 0.1154897 0.0634190 0.1699141 0.0579220 0.0453565 0.0772280 0.0770297 0.0969934 0.1110843 0.1088023 0.1097611 0.0840473 0.1049910 0.0970357 0.1461493 0.0703283 0.1045055 0.0000000 0.0780864 0.0999247 0.0771417 0.1090704 0.0641613 0.0571149 0.0392236 0.0826560 0.1237088 0.0783736 0.0840948 0.1932129 0.0848676 0.0163127 0.0853263 0.0778094 
SRR8528343 0.0329499 0.0420209 0.0161721 0.0945925 0.1302657 0.0513947 0.0465300 0.0436902 0.0531147 0.0880102 0.0447130 0.0586891 0.0710958 0.1958771 0.0218138 0.0885196 0.1353722 0.0572384 0.0825952 0.1507446 0.0391488 0.0522489 0.0819307 0.0107344 0.0395576 0.0590730 0.0147263 0.1190197 0.0161721 0.1046042 0.0218360 0.0330405 0.0449644 0.0753796 0.0816445 0.0823478 0.0275718 0.0695995 0.0568607 0.0853982 0.0272522 0.0693257 0.0780864 0.0000000 0.0588013 0.0274683 0.0529776 0.0107344 0.0332301 0.0972449 0.0822856 0.0658428 0.0453621 0.0447782 0.1623344 0.0394338 0.0706458 0.0515388 0.0450461 
SRR8528347 0.0702321 0.0646062 0.0516513 0.1379186 0.1515299 0.0702195 0.0668203 0.0764784 0.0733258 0.1102812 0.0834578 0.0332845 0.1142577 0.1590490 0.0581166 0.1026888 0.1719041 0.0763895 0.0835941 0.1174813 0.0703808 0.0783997 0.1104344 0.0457082 0.0784848 0.0529814 0.0378118 0.1352691 0.0516513 0.1135427 0.0581748 0.0704371 0.0902998 0.1263478 0.1236891 0.1177605 0.0573296 0.0879894 0.0758732 0.0789943 0.0515441 0.1057309 0.0999247 0.0588013 0.0000000 0.0644305 0.0471561 0.0457082 0.0708603 0.1200947 0.1037623 0.0596408 0.0705913 0.0766904 0.1580208 0.0583669 0.0917386 0.0704155 0.0641575 
SRR8528350 0.0383029 0.0418215 0.0214876 0.1069431 0.1361533 0.0568928 0.0585124 0.0499295 0.0587865 0.0938858 0.0501137 0.0643075 0.0767135 0.1860094 0.0271722 0.0940276 0.1411558 0.0686456 0.0881278 0.1418193 0.0445771 0.0578365 0.0941164 0.0160470 0.0333305 0.0581099 0.0146576 0.1247243 0.0214876 0.1033178 0.0271993 0.0384078 0.0561832 0.0825784 0.0937969 0.0946029 0.0329666 0.0751043 0.0681934 0.0839630 0.0325861 0.0893807 0.0771417 0.0274683 0.0644305 0.0000000 0.0586344 0.0160470 0.0272882 0.0960609 0.0752521 0.0647553 0.0508408 0.0562911 0.1682246 0.0449036 0.0698065 0.0570503 0.0504907 
SRR8528354 0.0644483 0.0286080 0.0400396 0.1186252 0.1383044 0.0649745 0.0742953 0.0445823 0.0664158 0.0946888 0.0711134 0.0409951 0.0797377 0.1763888 0.0463330 0.0771896 0.1462403 0.0642939 0.0842692 0.1315915 0.0527798 0.0591565 0.1116020 0.0400396 0.0659947 0.0469028 0.0000022 0.1193663 0.0400396 0.1231238 0.0524140 0.0585000 0.0713047 0.1136042 0.1112192 0.1122198 0.0525945 0.0840013 0.0702164 0.0726100 0.0399566 0.1068715 0.1090704 0.0529776 0.0471561 0.0586344 0.0000000 0.0400396 0.0588521 0.1213020 0.0983572 0.0534533 0.0586289 0.0646778 0.1728751 0.0525863 0.1004781 0.0651592 0.0523162 
SRR8528357 0.0213897 0.0345598 0.0052519 0.0869492 0.1134899 0.0388698 0.0399493 0.0367007 0.0401374 0.0731566 0.0326400 0.0456243 0.0575536 0.1764859 0.0106222 0.0745471 0.1186362 0.0502684 0.0687965 0.1332880 0.0272149 0.0394965 0.0746178 0.0000010 0.0274874 0.0459022 0.0072623 0.1032552 0.0052519 0.0895729 0.0106328 0.0214466 0.0384103 0.0758270 0.0743587 0.0749869 0.0161069 0.0563775 0.0499452 0.0710184 0.0159242 0.0697359 0.0641613 0.0107344 0.0457082 0.0160470 0.0400396 0.0000000 0.0215674 0.0826028 0.0685453 0.0522990 0.0330956 0.0384762 0.1439310 0.0274013 0.0572044 0.0389775 0.0328698 
SRR8528359 0.0441194 0.0496495 0.0160690 0.0810002 0.1118542 0.0510335 0.0648955 0.0370866 0.0515264 0.0873075 0.0561168 0.0582638 0.0449423 0.1786761 0.0216729 0.0753023 0.1487283 0.0627237 0.0819799 0.1348514 0.0388839 0.0518763 0.0879387 0.0215674 0.0510833 0.0646401 0.0299353 0.1180438 0.0160690 0.0968966 0.0329004 0.0328216 0.0622860 0.0894077 0.0876368 0.0883899 0.0387678 0.0690944 0.0623119 0.0909865 0.0270743 0.0831345 0.0571149 0.0332301 0.0708603 0.0272882 0.0588521 0.0215674 0.0000000 0.0897402 0.0692338 0.0714466 0.0450478 0.0504992 0.1687723 0.0509261 0.0637734 0.0511766 0.0447372 
SRR8528361 0.1087839 0.1066872 0.0761739 0.1206875 0.1910000 0.0979807 0.1147937 0.1006175 0.1228857 0.1575682 0.1032875 0.1198387 0.1427995 0.1618061 0.0831010 0.1038461 0.2203684 0.1173832 0.1256878 0.1485169 0.0754353 0.0977718 0.1075337 0.0826028 0.1049007 0.1364485 0.0978264 0.1579147 0.0761739 0.0276046 0.0961526 0.0959054 0.1164970 0.1093872 0.1078049 0.1081055 0.1032332 0.1249900 0.1165473 0.1681837 0.0889286 0.1029159 0.0392236 0.0972449 0.1200947 0.0960609 0.1213020 0.0826028 0.0897402 0.0000000 0.1015155 0.1450891 0.0976109 0.1033286 0.2172955 0.1042954 0.0329973 0.1048734 0.0969108 
SRR8528365 0.0935433 0.0568825 0.0624116 0.0795257 0.1462411 0.0891770 0.0984966 0.0634815 0.1064718 0.1313091 0.0941963 0.0973124 0.0961225 0.1971584 0.0689346 0.1018018 0.1812890 0.0885949 0.1089682 0.1596532 0.0618280 0.1043230 0.0733667 0.0685453 0.1025323 0.1190463 0.0453775 0.1253609 0.0624116 0.1087869 0.0813988 0.0751468 0.1141861 0.0808890 0.0793378 0.0676715 0.0815956 0.1086652 0.0879913 0.1344255 0.0745981 0.0685507 0.0826560 0.0822856 0.1037623 0.0752521 0.0983572 0.0685453 0.0692338 0.1015155 0.0000000 0.1271057 0.0825821 0.0881574 0.1909514 0.0889510 0.0752539 0.0894219 0.0820030 
SRR8528370 0.0774576 0.0425051 0.0520328 0.1486125 0.1651728 0.0777206 0.1027262 0.0637879 0.0945642 0.1190843 0.0910873 0.0530433 0.1154620 0.2105738 0.0585645 0.1036734 0.1831416 0.0901642 0.0975292 0.1631422 0.0782506 0.0790841 0.1342019 0.0522990 0.0651254 0.0052899 0.0072205 0.1517394 0.0520328 0.1381696 0.0651247 0.0710153 0.0981565 0.1284655 0.1337507 0.1349859 0.0718149 0.0972361 0.0895386 0.0272045 0.0519237 0.1296616 0.1237088 0.0658428 0.0596408 0.0647553 0.0534533 0.0522990 0.0714466 0.1450891 0.1271057 0.0000000 0.0711725 0.0773396 0.2020742 0.0653455 0.1146365 0.0779403 0.0646669 
SRR8528372 0.0564525 0.0274162 0.0273942 0.1018139 0.0998033 0.0390152 0.0721733 0.0433652 0.0714267 0.0869586 0.0689580 0.0580450 0.0782873 0.1773215 0.0332649 0.0624831 0.1351483 0.0387331 0.0567883 0.1414522 0.0392788 0.0516830 0.0889263 0.0330956 0.0639701 0.0643951 0.0220282 0.1014395 0.0273942 0.1050042 0.0448983 0.0447885 0.0754045 0.0904303 0.0886179 0.0893878 0.0510259 0.0446701 0.0384864 0.0906320 0.0387830 0.0840765 0.0783736 0.0453621 0.0705913 0.0508408 0.0586289 0.0330956 0.0450478 0.0976109 0.0825821 0.0711725 0.0000000 0.0444785 0.1364026 0.0389382 0.0708990 0.0391237 0.0329908 
SRR8528379 0.0618771 0.0345092 0.0327583 0.0944110 0.1272658 0.0503838 0.0651421 0.0303641 0.0709174 0.0998195 0.0744338 0.0640357 0.0770211 0.1842926 0.0386747 0.0808125 0.1479787 0.0619210 0.0750237 0.1482549 0.0447325 0.0634526 0.0817688 0.0384762 0.0695366 0.0704617 0.0295949 0.1305119 0.0327583 0.1107635 0.0503326 0.0502100 0.0809121 0.0892481 0.0814845 0.0821853 0.0564928 0.0682020 0.0615205 0.0836223 0.0441689 0.0829749 0.0840948 0.0447782 0.0766904 0.0562911 0.0646778 0.0384762 0.0504992 0.1033286 0.0881574 0.0773396 0.0444785 0.0000000 0.1559250 0.0382388 0.0765306 0.0387716 0.0105304 
SRR8528381 0.1587271 0.1382656 0.1511525 0.2233392 0.2181790 0.1679492 0.1830220 0.1437809 0.1646716 0.1860638 0.1675738 0.1896085 0.1961347 0.2859575 0.1600851 0.1750411 0.2481328 0.1424330 0.1686545 0.2420044 0.1690259 0.1879468 0.1988722 0.1439310 0.1691838 0.1916888 0.1000725 0.1856871 0.1511525 0.2276102 0.1602354 0.1640429 0.1679785 0.2195594 0.1975435 0.2164189 0.1616871 0.1747482 0.1413703 0.2188335 0.1663922 0.1951972 0.1932129 0.1623344 0.1580208 0.1682246 0.1728751 0.1439310 0.1687723 0.2172955 0.1909514 0.2020742 0.1364026 0.1559250 0.0000000 0.1351391 0.1816595 0.1683849 0.1413187 
SRR8528384 0.0504907 0.0204313 0.0330259 0.1083921 0.1210675 0.0448071 0.0461645 0.0498244 0.0650611 0.0936959 0.0570069 0.0582564 0.0909777 0.1781562 0.0389953 0.0689081 0.1340518 0.0563349 0.0510946 0.1420804 0.0451086 0.0577205 0.0953642 0.0274013 0.0577836 0.0586338 0.0221529 0.1244880 0.0330259 0.1118149 0.0390340 0.0506322 0.0691803 0.0969937 0.0950366 0.0958651 0.0450685 0.0506124 0.0559701 0.0705984 0.0445356 0.0905763 0.0848676 0.0394338 0.0583669 0.0449036 0.0525863 0.0274013 0.0509261 0.1042954 0.0889510 0.0653455 0.0389382 0.0382388 0.1351391 0.0000000 0.0772177 0.0392382 0.0270170 
SRR8528389 0.0820111 0.0737381 0.0511307 0.1140737 0.1568486 0.0774065 0.0863454 0.0712457 0.0937928 0.1336185 0.0954447 0.0915524 0.1129855 0.2010059 0.0575233 0.0900042 0.2013492 0.0897704 0.0973430 0.1626578 0.0506521 0.0922187 0.1010468 0.0572044 0.0906505 0.1067306 0.0629092 0.1594492 0.0511307 0.0389445 0.0698875 0.0697112 0.0891135 0.1027735 0.1007060 0.1015791 0.0764987 0.0967889 0.0891518 0.1364019 0.0632177 0.0963599 0.0163127 0.0706458 0.0917386 0.0698065 0.1004781 0.0572044 0.0637734 0.0329973 0.0752539 0.1146365 0.0708990 0.0765306 0.1816595 0.0772177 0.0000000 0.0776241 0.0703960 
SRR8528391 0.0627134 0.0351431 0.0331808 0.1089825 0.1217750 0.0330066 0.0583986 0.0432451 0.0782008 0.0942206 0.0621748 0.0578987 0.0914719 0.1703735 0.0391814 0.0814235 0.1513499 0.0566112 0.0696381 0.1346403 0.0453288 0.0580111 0.0958740 0.0389775 0.0705106 0.0709934 0.0378218 0.1251977 0.0331808 0.1124452 0.0450018 0.0508787 0.0820483 0.0975223 0.0955432 0.0963807 0.0572583 0.0570470 0.0562423 0.0977600 0.0447490 0.0910657 0.0853263 0.0515388 0.0704155 0.0570503 0.0651592 0.0389775 0.0511766 0.1048734 0.0894219 0.0779403 0.0391237 0.0387716 0.1683849 0.0392382 0.0776241 0.0000000 0.0273845 
SRR8528400 0.0560658 0.0345092 0.0272072 0.1010993 0.1131518 0.0387475 0.0716524 0.0430358 0.0709174 0.0863187 0.0684824 0.0517967 0.0708430 0.1692592 0.0330369 0.0685125 0.1402024 0.0501134 0.0627867 0.1338198 0.0390077 0.0513210 0.0883027 0.0328698 0.0635209 0.0580332 0.0295949 0.1167323 0.0272072 0.1042465 0.0445897 0.0444813 0.0748820 0.0897856 0.0879972 0.0887577 0.0506735 0.0562045 0.0497922 0.0708307 0.0385185 0.0834765 0.0778094 0.0450461 0.0641575 0.0504907 0.0523162 0.0328698 0.0447372 0.0969108 0.0820030 0.0646669 0.0329908 0.0105304 0.1413187 0.0270170 0.0703960 0.0273845 0.0000000 
