100
S0055      0.0000000 0.0577213 0.0812781 0.0644859 0.0336259 0.0639528 0.0620523 0.0288470 0.0505593 0.0877473 0.0772467 0.0739580 0.0754347 0.0706313 0.0448165 0.0320068 0.0320068 0.0473883 0.0553565 0.0567461 0.0384209 0.0623874 0.0499629 0.0555894 0.0434621 0.0688702 0.0501960 0.0557799 0.0437623 0.0787161 0.2029130 0.0512804 0.0375765 0.0632984 0.0279074 0.0637868 0.0393076 0.0340669 0.0553565 0.0115216 0.1225449 0.0707027 0.0622926 0.0824591 0.0962405 0.2116441 0.0848403 0.0759541 0.0750925 0.1798396 0.0633620 0.1672346 0.0509204 0.0828454 0.0750657 0.0764396 0.1035780 0.1610954 0.0223148 0.0506295 0.0685943 0.0742353 0.0556349 0.0553565 0.0287295 0.1006224 0.0807749 0.0503877 0.0055877 0.0437262 0.0448362 0.0685837 0.0269563 0.0827181 0.0568887 0.0561547 0.0872733 0.0266328 0.0767695 0.0462165 0.0619100 0.0378872 0.0755904 0.0628498 0.0687401 0.0747790 0.0320333 0.0500227 0.0211317 0.0548581 0.0640213 0.0757201 0.0621166 0.0563480 0.0362419 0.1248604 0.0625572 0.0561547 0.0437278 0.0808922 
S0196sl    0.0577213 0.0000000 0.0642372 0.0388931 0.0669502 0.0461171 0.0266885 0.0626638 0.0785737 0.0767273 0.0640485 0.0572235 0.0383887 0.0359988 0.0746576 0.0571762 0.0571762 0.0574564 0.0566893 0.0000010 0.0717367 0.0381121 0.0717017 0.0627948 0.0699574 0.0579006 0.0393772 0.0450055 0.0577828 0.0696176 0.1800674 0.0800543 0.0633141 0.0052049 0.0476077 0.0052413 0.0382885 0.0291326 0.0389677 0.0180644 0.0748137 0.0333733 0.0446281 0.0444945 0.0627885 0.1885182 0.0934401 0.0386249 0.0382094 0.1867814 0.0052091 0.1517422 0.0399491 0.0444330 0.0382026 0.1122250 0.0690964 0.1381663 0.0543773 0.0858396 0.0576670 0.0633660 0.0391644 0.0389677 0.0299527 0.0895931 0.0496608 0.0158953 0.0427971 0.0704284 0.0842640 0.0324274 0.0588032 0.0715547 0.0215233 0.0212588 0.0763126 0.0648714 0.0159925 0.0410787 0.0510927 0.0638840 0.0328965 0.0270072 0.0926569 0.0638435 0.0513995 0.0392409 0.0515766 0.0629756 0.0159001 0.0385335 0.0452604 0.0265549 0.0116579 0.1119634 0.0329215 0.0323611 0.0567939 0.0511819 
S0278      0.0812781 0.0642372 0.0000000 0.0901834 0.0711526 0.0514693 0.0499350 0.0677197 0.0897510 0.0374851 0.0632978 0.0261742 0.0627724 0.0496581 0.0968960 0.0679364 0.0679364 0.0740890 0.0553213 0.0631381 0.1027727 0.0810696 0.0686507 0.0800867 0.0808101 0.0440483 0.0501284 0.0434671 0.0686582 0.1258614 0.2258394 0.1046010 0.0617714 0.0698637 0.0520945 0.0704104 0.0889126 0.0403688 0.0432670 0.0362800 0.1223811 0.0770072 0.0744758 0.0823806 0.1028507 0.2348724 0.0776188 0.0758753 0.0750145 0.2124335 0.0699357 0.1988435 0.0570212 0.0958274 0.0749878 0.1106096 0.1098722 0.1745636 0.0657683 0.0949394 0.0617697 0.0493159 0.0434791 0.0432670 0.0353223 0.0373682 0.0747179 0.0503198 0.0610783 0.0679364 0.1253830 0.0685071 0.0686451 0.0566387 0.0568161 0.0560833 0.0871969 0.0759011 0.0763703 0.0221587 0.0493328 0.0747543 0.0755120 0.0627745 0.1019859 0.0496784 0.0805714 0.0499546 0.0809046 0.0736988 0.0639443 0.0699105 0.0494885 0.0685904 0.0493374 0.1248077 0.0624823 0.0683467 0.0735723 0.0682454 
S0281      0.0644859 0.0388931 0.0901834 0.0000000 0.0880020 0.0718164 0.0621675 0.0771718 0.0993029 0.0905531 0.0881144 0.0824231 0.0755861 0.0707847 0.0917216 0.0766243 0.0766243 0.0759217 0.0823203 0.0382607 0.0655789 0.0750295 0.0776819 0.0888609 0.0901925 0.0841481 0.0584177 0.0634270 0.0645308 0.0700934 0.1748622 0.1084716 0.0830836 0.0443197 0.0738281 0.0446487 0.0498765 0.0480022 0.0629629 0.0433577 0.0971054 0.0644949 0.0754413 0.0697598 0.0827710 0.1830445 0.1084166 0.0697740 0.0752427 0.1845420 0.0443610 0.1566705 0.0651461 0.0625856 0.0752155 0.1142620 0.0959991 0.1435153 0.0681421 0.0724724 0.0636785 0.0764971 0.0632915 0.0629629 0.0560585 0.1038026 0.0805523 0.0504764 0.0564363 0.0839607 0.0917585 0.0564192 0.0646804 0.0991228 0.0569930 0.0562560 0.0899841 0.0778742 0.0568116 0.0540120 0.0698311 0.0838617 0.0697589 0.0629677 0.1063834 0.0903571 0.0706411 0.0639386 0.0770238 0.0760597 0.0573193 0.0758729 0.0700762 0.0618239 0.0424576 0.1350071 0.0568565 0.0624510 0.0696419 0.0905676 
S0282      0.0336259 0.0669502 0.0711526 0.0880020 0.0000000 0.0599048 0.0584714 0.0000026 0.0225951 0.0776772 0.0743676 0.0638945 0.0722463 0.0596405 0.0469531 0.0053627 0.0053627 0.0409497 0.0516059 0.0657587 0.0584483 0.0714844 0.0460096 0.0279616 0.0163883 0.0654755 0.0462317 0.0520150 0.0514756 0.1113494 0.1700301 0.0462610 0.0107941 0.0727948 0.0000030 0.0733880 0.0535730 0.0294361 0.0336200 0.0182524 0.0968338 0.0738891 0.0649947 0.0724498 0.0863579 0.1785879 0.0723270 0.0722505 0.0715161 0.1482368 0.0728732 0.1509828 0.0530024 0.0860713 0.0653338 0.0865210 0.0803291 0.1380700 0.0000021 0.0525859 0.0525892 0.0710536 0.0337903 0.0336200 0.0302730 0.0907072 0.0781163 0.0464145 0.0000023 0.0164850 0.0724123 0.0525340 0.0460132 0.0797455 0.0530884 0.0401310 0.0845139 0.0224054 0.0872596 0.0482884 0.0520625 0.0220839 0.0594074 0.0592492 0.0403419 0.0650818 0.0392580 0.0460672 0.0334915 0.0571834 0.0538972 0.0725314 0.0585319 0.0525637 0.0378500 0.1056315 0.0589654 0.0523780 0.0640069 0.0779202 
S0289      0.0639528 0.0461171 0.0514693 0.0718164 0.0599048 0.0000000 0.0451368 0.0487762 0.0654750 0.0576224 0.0242752 0.0448486 0.0580536 0.0510982 0.0759277 0.0510252 0.0510252 0.0492882 0.0387757 0.0453394 0.0710248 0.0637876 0.0709956 0.0689466 0.0635874 0.0395832 0.0334653 0.0390467 0.0455377 0.1146143 0.1614889 0.0727516 0.0570747 0.0517248 0.0473380 0.0521242 0.0516893 0.0230968 0.0329482 0.0243238 0.1081722 0.0593241 0.0447154 0.0648225 0.0848167 0.1695736 0.0864526 0.0580458 0.0577781 0.1410732 0.0517755 0.1436596 0.0399699 0.0643737 0.0515556 0.0996764 0.0917019 0.1237136 0.0479039 0.0714247 0.0515051 0.0450134 0.0331117 0.0329482 0.0236164 0.0568041 0.0637428 0.0335907 0.0428223 0.0640093 0.0918407 0.0514521 0.0709885 0.0523940 0.0398296 0.0393138 0.0443514 0.0521279 0.0648868 0.0229094 0.0390807 0.0575828 0.0518653 0.0457130 0.0917488 0.0393623 0.0571118 0.0333514 0.0512868 0.0388155 0.0462371 0.0582792 0.0451753 0.0452580 0.0240769 0.1045738 0.0277526 0.0513358 0.0446424 0.0451482 
S0292      0.0620523 0.0266885 0.0499350 0.0621675 0.0584714 0.0451368 0.0000000 0.0477777 0.0696953 0.0558900 0.0562858 0.0435412 0.0208498 0.0173208 0.0807988 0.0495498 0.0495498 0.0467677 0.0491430 0.0262716 0.0882510 0.0369766 0.0688458 0.0669197 0.0617078 0.0501527 0.0325175 0.0379383 0.0500522 0.0878093 0.1872830 0.0773705 0.0554111 0.0319360 0.0461517 0.0321644 0.0551712 0.0224220 0.0376602 0.0237550 0.0881862 0.0323581 0.0432660 0.0375236 0.0549624 0.1955362 0.0706215 0.0319160 0.0315846 0.1872346 0.0319639 0.1598104 0.0328293 0.0555324 0.0315801 0.1017380 0.0609739 0.1462971 0.0464448 0.0887431 0.0560052 0.0554505 0.0378435 0.0376602 0.0171595 0.0678436 0.0425588 0.0102298 0.0414921 0.0621049 0.1032925 0.0260702 0.0688401 0.0630633 0.0155758 0.0153908 0.0677617 0.0567197 0.0436264 0.0280429 0.0437395 0.0558898 0.0317801 0.0208434 0.0888686 0.0558591 0.0495927 0.0324096 0.0560146 0.0551262 0.0212109 0.0318463 0.0438754 0.0260981 0.0172694 0.1163149 0.0318035 0.0260196 0.0550315 0.0493910 
S0293      0.0288470 0.0626638 0.0677197 0.0771718 0.0000026 0.0487762 0.0477777 0.0000000 0.0233663 0.0744752 0.0615740 0.0602588 0.0615452 0.0472307 0.0484100 0.0055354 0.0055354 0.0339447 0.0471421 0.0615160 0.0542305 0.0742741 0.0413736 0.0289062 0.0169280 0.0538496 0.0415805 0.0475253 0.0410762 0.1006513 0.1680025 0.0554334 0.0111447 0.0686987 0.0000022 0.0692751 0.0556578 0.0240274 0.0348164 0.0124527 0.0689479 0.0697627 0.0607750 0.0683630 0.0826023 0.1768214 0.0705931 0.0686630 0.0678311 0.1456433 0.0687744 0.1387217 0.0423285 0.0827907 0.0612035 0.0680876 0.0905924 0.1257999 0.0000021 0.0480627 0.0610396 0.0670034 0.0349981 0.0348164 0.0244708 0.0879894 0.0811114 0.0415256 0.0000022 0.0170312 0.0608228 0.0543980 0.0352229 0.0678577 0.0485364 0.0353467 0.0670105 0.0231634 0.0752358 0.0430297 0.0539797 0.0112562 0.0615566 0.0548529 0.0417516 0.0675346 0.0345579 0.0414286 0.0347090 0.0529727 0.0555488 0.0617802 0.0541683 0.0480412 0.0316285 0.1031549 0.0545850 0.0478680 0.0599805 0.0673776 
S0294      0.0505593 0.0785737 0.0897510 0.0993029 0.0225951 0.0654750 0.0696953 0.0233663 0.0000000 0.0964890 0.0798324 0.0820298 0.0837101 0.0652123 0.0674115 0.0159837 0.0159837 0.0655912 0.0626591 0.0771831 0.0698679 0.0764151 0.0571301 0.0388843 0.0271355 0.0768580 0.0508966 0.0631542 0.0443771 0.1313437 0.1932412 0.0649637 0.0214478 0.0843437 0.0168339 0.0850263 0.0652130 0.0409268 0.0505120 0.0302172 0.1178133 0.0777278 0.0763096 0.0762562 0.0843731 0.2020900 0.1003438 0.0843116 0.0833263 0.1701165 0.0844358 0.1656769 0.0646838 0.1051121 0.0832923 0.0991448 0.0990312 0.1508648 0.0169369 0.0511271 0.0702359 0.0823471 0.0507692 0.0505120 0.0355099 0.1098748 0.0963013 0.0576279 0.0174294 0.0272969 0.0767990 0.0637783 0.0571299 0.0779171 0.0644412 0.0635861 0.0888341 0.0216938 0.0852380 0.0599418 0.0695324 0.0329093 0.0708081 0.0706212 0.0515208 0.0829596 0.0440517 0.0571961 0.0444800 0.0682949 0.0654147 0.0840319 0.0697754 0.0638144 0.0504982 0.1265211 0.0640111 0.0635861 0.0753609 0.0892980 
S0299      0.0877473 0.0767273 0.0374851 0.0905531 0.0776772 0.0576224 0.0558900 0.0744752 0.0964890 0.0000000 0.0626571 0.0430820 0.0689917 0.0563186 0.1121081 0.0741440 0.0741440 0.0645390 0.0612971 0.0753998 0.1161125 0.0875212 0.0952630 0.0733521 0.0872366 0.0499127 0.0561057 0.0617309 0.0749424 0.1332272 0.2287528 0.1035526 0.0803852 0.0823738 0.0718323 0.0830248 0.0955721 0.0342129 0.0612582 0.0493473 0.1399936 0.0770660 0.0808157 0.0759154 0.1097698 0.2379327 0.0978087 0.0759321 0.0814005 0.2039062 0.0824614 0.2014084 0.0631940 0.1026168 0.0813687 0.1321644 0.1169028 0.1766713 0.0723101 0.1016516 0.0678795 0.0488873 0.0615691 0.0612582 0.0415295 0.0483193 0.0940668 0.0563228 0.0677237 0.0741440 0.1327342 0.0557406 0.0952394 0.0627644 0.0557216 0.0621456 0.0863757 0.0823687 0.0890487 0.0220653 0.0679572 0.0811135 0.0819421 0.0560299 0.1088274 0.0555956 0.0869764 0.0559098 0.0873360 0.0799583 0.0702861 0.0763080 0.0553860 0.0748649 0.0559562 0.1387123 0.0686697 0.0745941 0.0798215 0.0744842 
S0320      0.0772467 0.0640485 0.0632978 0.0881144 0.0743676 0.0242752 0.0562858 0.0615740 0.0798324 0.0626571 0.0000000 0.0560736 0.0640800 0.0496306 0.1041153 0.0700211 0.0700211 0.0679086 0.0558263 0.0640485 0.1169053 0.0633553 0.0935022 0.0904415 0.0845730 0.0427205 0.0500036 0.0562663 0.0708603 0.1364162 0.2233129 0.0875955 0.0769599 0.0715766 0.0661171 0.0722028 0.0938447 0.0386793 0.0557870 0.0409369 0.1185154 0.0727331 0.0558873 0.0787561 0.0864137 0.2335055 0.1121400 0.0711691 0.0706364 0.1960486 0.0716592 0.1991587 0.0574232 0.0940532 0.0706100 0.1359275 0.1093872 0.1736855 0.0667620 0.1089002 0.0565378 0.0298221 0.0557870 0.0557870 0.0394130 0.0421761 0.0774271 0.0434060 0.0611581 0.0702290 0.1252032 0.0495071 0.0934773 0.0297813 0.0505004 0.0431652 0.0295333 0.0712562 0.0649818 0.0316990 0.0631534 0.0777381 0.0711594 0.0498257 0.1011840 0.0564118 0.0842913 0.0498096 0.0774547 0.0765044 0.0505452 0.0642254 0.0494251 0.0635438 0.0341034 0.1159627 0.0638950 0.0564520 0.0763573 0.0631897 
S0327      0.0739580 0.0572235 0.0261742 0.0824231 0.0638945 0.0448486 0.0435412 0.0602588 0.0820298 0.0430820 0.0560736 0.0000000 0.0559455 0.0427879 0.0884513 0.0610601 0.0610601 0.0639906 0.0488416 0.0562646 0.0947009 0.0737707 0.0739819 0.0728992 0.0735416 0.0498383 0.0437070 0.0491769 0.0616919 0.1329688 0.2134169 0.0963529 0.0670459 0.0627561 0.0517797 0.0632370 0.0812882 0.0339176 0.0371578 0.0296103 0.1117154 0.0696306 0.0673796 0.0749409 0.0947643 0.2221234 0.0831248 0.0686244 0.0678617 0.2006522 0.0628185 0.1870008 0.0503127 0.0879737 0.0678404 0.1160405 0.1015704 0.1639115 0.0585602 0.1014729 0.0677725 0.0551084 0.0373361 0.0371578 0.0288433 0.0544595 0.0800362 0.0438701 0.0538178 0.0740248 0.1165161 0.0615613 0.0739733 0.0570407 0.0501373 0.0495021 0.0673427 0.0686485 0.0761010 0.0278604 0.0551251 0.0676324 0.0683046 0.0559443 0.0939967 0.0555115 0.0733294 0.0435598 0.0736290 0.0666992 0.0569716 0.0684253 0.0553025 0.0616342 0.0422581 0.1304917 0.0556919 0.0495328 0.0665857 0.0613318 
S0335      0.0754347 0.0383887 0.0627724 0.0755861 0.0722463 0.0580536 0.0208498 0.0615452 0.0837101 0.0689917 0.0640800 0.0559455 0.0000000 0.0236236 0.0898183 0.0622586 0.0622586 0.0736823 0.0617345 0.0377726 0.1029753 0.0488279 0.0826587 0.0802695 0.0750023 0.0630408 0.0445599 0.0501339 0.0629155 0.1024434 0.2072385 0.0919521 0.0683658 0.0437444 0.0593856 0.0440660 0.0680648 0.0282080 0.0497537 0.0367220 0.1039921 0.0443385 0.0555867 0.0495688 0.0678101 0.2159169 0.0695580 0.0380185 0.0432534 0.2071552 0.0437845 0.1788434 0.0513138 0.0685334 0.0432447 0.1171376 0.0740929 0.1640702 0.0597754 0.1035642 0.0691207 0.0684247 0.0500032 0.0497537 0.0294438 0.0814351 0.0546435 0.0210005 0.0549626 0.0755045 0.1189629 0.0374763 0.0826444 0.0766966 0.0266533 0.0263291 0.0813297 0.0700312 0.0560512 0.0403930 0.0562037 0.0689761 0.0435265 0.0321061 0.0900582 0.0689303 0.0747816 0.0444071 0.0691258 0.0680056 0.0326819 0.0314075 0.0563885 0.0375180 0.0296374 0.1333781 0.0435589 0.0373995 0.0678879 0.0620474 
S0345      0.0706313 0.0359988 0.0496581 0.0707847 0.0596405 0.0510982 0.0173208 0.0472307 0.0652123 0.0563186 0.0496306 0.0427879 0.0236236 0.0000000 0.0883594 0.0562234 0.0562234 0.0663082 0.0557004 0.0359988 0.1010034 0.0356277 0.0785434 0.0760393 0.0701848 0.0426391 0.0304204 0.0429668 0.0568748 0.1001625 0.2073266 0.0881582 0.0629233 0.0426218 0.0518749 0.0429712 0.0626162 0.0253091 0.0426090 0.0269246 0.0844014 0.0432675 0.0487073 0.0491033 0.0558833 0.2169920 0.0808575 0.0423889 0.0420896 0.2072338 0.0426652 0.1840598 0.0438369 0.0627193 0.0420804 0.1167289 0.0765211 0.1689334 0.0523711 0.0933391 0.0564481 0.0558240 0.0426090 0.0426090 0.0193088 0.0697157 0.0419248 0.0174597 0.0466338 0.0632845 0.1089130 0.0356850 0.0785295 0.0297358 0.0236767 0.0173692 0.0700737 0.0646182 0.0364920 0.0251381 0.0495905 0.0635426 0.0423855 0.0297202 0.1018116 0.0430824 0.0699569 0.0366899 0.0633234 0.0625569 0.0116657 0.0360964 0.0432310 0.0357290 0.0266567 0.1167040 0.0359163 0.0294170 0.0624364 0.0630335 
S0376      0.0448165 0.0746576 0.0968960 0.0917216 0.0469531 0.0759277 0.0807988 0.0484100 0.0674115 0.1121081 0.1041153 0.0884513 0.0898183 0.0883594 0.0000000 0.0510610 0.0510610 0.0502234 0.0800423 0.0746576 0.0315125 0.0887468 0.0670440 0.0658951 0.0652203 0.0801114 0.0674133 0.0807866 0.0659200 0.1088191 0.2082087 0.0608938 0.0578696 0.0828076 0.0394087 0.0835741 0.0610861 0.0542435 0.0731376 0.0278972 0.1261340 0.1000318 0.0889519 0.1062959 0.1055602 0.2186096 0.1277062 0.0744008 0.0738196 0.1884852 0.0829107 0.1832350 0.0825599 0.1153619 0.0969023 0.1082168 0.1164530 0.1778209 0.0465864 0.0664982 0.0964503 0.0953177 0.0731376 0.0731376 0.0560139 0.1278647 0.1030898 0.0667500 0.0335146 0.0582075 0.0595965 0.0888942 0.0598769 0.0794404 0.0748169 0.0663491 0.1121952 0.0523053 0.0912494 0.0691940 0.0884495 0.0584501 0.0977142 0.0820492 0.0904608 0.0961185 0.0650042 0.0657921 0.0312674 0.0719652 0.0748866 0.0900303 0.0813507 0.0739821 0.0506027 0.1498438 0.0744118 0.0663491 0.0516327 0.1038731 
S0400      0.0320068 0.0571762 0.0679364 0.0766243 0.0053627 0.0510252 0.0495498 0.0055354 0.0159837 0.0741440 0.0700211 0.0610601 0.0622586 0.0562234 0.0510610 0.0000000 0.0000010 0.0384918 0.0432391 0.0562194 0.0555213 0.0678413 0.0379388 0.0211135 0.0103245 0.0559886 0.0381129 0.0435605 0.0433471 0.1051625 0.1688304 0.0506561 0.0051033 0.0627006 0.0000029 0.0631804 0.0508444 0.0221594 0.0319747 0.0115116 0.0910597 0.0635856 0.0555935 0.0624203 0.0752690 0.1769816 0.0769791 0.0626679 0.0619744 0.1480511 0.0627629 0.1426568 0.0445634 0.0817822 0.0619567 0.0824661 0.0760216 0.1296714 0.0000021 0.0440120 0.0499115 0.0612827 0.0321286 0.0319747 0.0227527 0.0865426 0.0740366 0.0382543 0.0000028 0.0103807 0.0686764 0.0439703 0.0379442 0.0691245 0.0444106 0.0438495 0.0737565 0.0158567 0.0760210 0.0397049 0.0494370 0.0156428 0.0502943 0.0501681 0.0325814 0.0617305 0.0317576 0.0379860 0.0318855 0.0543331 0.0450478 0.0624929 0.0495933 0.0439935 0.0297821 0.1090985 0.0499453 0.0438495 0.0608154 0.0676371 
S0405      0.0320068 0.0571762 0.0679364 0.0766243 0.0053627 0.0510252 0.0495498 0.0055354 0.0159837 0.0741440 0.0700211 0.0610601 0.0622586 0.0562234 0.0510610 0.0000010 0.0000000 0.0384918 0.0432391 0.0562194 0.0555213 0.0678413 0.0379388 0.0211135 0.0103245 0.0559886 0.0381129 0.0435605 0.0433471 0.1051625 0.1688304 0.0506561 0.0051033 0.0627006 0.0000029 0.0631804 0.0508444 0.0221594 0.0319747 0.0115116 0.0910597 0.0635856 0.0555935 0.0624203 0.0752690 0.1769816 0.0769791 0.0626679 0.0619744 0.1480511 0.0627629 0.1426568 0.0445634 0.0817822 0.0619567 0.0824661 0.0760216 0.1296714 0.0000021 0.0440120 0.0499115 0.0612827 0.0321286 0.0319747 0.0227527 0.0865426 0.0740366 0.0382543 0.0000028 0.0103807 0.0686764 0.0439703 0.0379442 0.0691245 0.0444106 0.0438495 0.0737565 0.0158567 0.0760210 0.0397049 0.0494370 0.0156428 0.0502943 0.0501681 0.0325814 0.0617305 0.0317576 0.0379860 0.0318855 0.0543331 0.0450478 0.0624929 0.0495933 0.0439935 0.0297821 0.1090985 0.0499453 0.0438495 0.0608154 0.0676371 
S0412sl    0.0473883 0.0574564 0.0740890 0.0759217 0.0409497 0.0492882 0.0467677 0.0339447 0.0655912 0.0645390 0.0679086 0.0639906 0.0736823 0.0663082 0.0502234 0.0384918 0.0384918 0.0000000 0.0468838 0.0560838 0.0746110 0.0642191 0.0560142 0.0466172 0.0553480 0.0658305 0.0473476 0.0558160 0.0646798 0.1072424 0.2085891 0.0575413 0.0466172 0.0653910 0.0318307 0.0564447 0.0565769 0.0329490 0.0466010 0.0082431 0.1313537 0.0559789 0.0556504 0.0557108 0.0931502 0.2211934 0.1185331 0.0478541 0.0474496 0.1940334 0.0654849 0.1542342 0.0396054 0.0739255 0.0644423 0.1051656 0.0741686 0.1583271 0.0319882 0.0939001 0.0746404 0.0557725 0.0469294 0.0466010 0.0340126 0.0922466 0.0909066 0.0388967 0.0163526 0.0470826 0.0957206 0.0468838 0.0469649 0.0765187 0.0386262 0.0468838 0.0556504 0.0481722 0.0848548 0.0409383 0.0558160 0.0308052 0.0738964 0.0386262 0.0741763 0.0640823 0.0468304 0.0384786 0.0471126 0.0635128 0.0575320 0.0740772 0.0556976 0.0471054 0.0443650 0.1578138 0.0556859 0.0468838 0.0555406 0.0639109 
S0417      0.0553565 0.0566893 0.0553213 0.0823203 0.0516059 0.0387757 0.0491430 0.0471421 0.0626591 0.0612971 0.0558263 0.0488416 0.0617345 0.0557004 0.0800423 0.0432391 0.0432391 0.0468838 0.0000000 0.0557482 0.0807763 0.0672723 0.0619102 0.0602151 0.0434208 0.0437802 0.0378029 0.0432060 0.0554125 0.1249184 0.2159706 0.0760717 0.0489540 0.0621700 0.0396094 0.0626418 0.0621246 0.0279263 0.0428897 0.0234386 0.1199714 0.0630400 0.0551333 0.0683266 0.0813450 0.2247940 0.0893373 0.0621386 0.0614555 0.1923511 0.0622312 0.1892761 0.0441933 0.0810785 0.0614377 0.1104460 0.0812894 0.1658129 0.0398555 0.0812188 0.0613782 0.0375817 0.0430979 0.0428897 0.0286796 0.0732750 0.0734128 0.0379413 0.0348648 0.0554011 0.0952821 0.0552997 0.0619078 0.0562788 0.0440416 0.0434905 0.0609884 0.0500855 0.0753649 0.0219867 0.0490320 0.0493670 0.0618533 0.0497502 0.0813311 0.0493734 0.0549035 0.0376776 0.0551268 0.0604185 0.0506581 0.0619661 0.0491857 0.0322410 0.0295160 0.1222365 0.0433425 0.0551779 0.0603159 0.0550967 
S0419      0.0567461 0.0000010 0.0631381 0.0382607 0.0657587 0.0453394 0.0262716 0.0615160 0.0771831 0.0753998 0.0640485 0.0562646 0.0377726 0.0359988 0.0746576 0.0562194 0.0562194 0.0560838 0.0557482 0.0000000 0.0704820 0.0375046 0.0704481 0.0617464 0.0687636 0.0569193 0.0387294 0.0442652 0.0568053 0.0684356 0.1846053 0.0786121 0.0622474 0.0051259 0.0467795 0.0051611 0.0376757 0.0286366 0.0383328 0.0177471 0.0748137 0.0328304 0.0438988 0.0437701 0.0617380 0.1929834 0.0917368 0.0380011 0.0375988 0.1912294 0.0051299 0.1566310 0.0392822 0.0437103 0.0375923 0.1101733 0.0679319 0.1430053 0.0534169 0.0843011 0.0566937 0.0622969 0.0385232 0.0383328 0.0294286 0.0880240 0.0488584 0.0156490 0.0420328 0.0692180 0.0827789 0.0319145 0.0577919 0.0703061 0.0211847 0.0209283 0.0749997 0.0637515 0.0157438 0.0403736 0.0502437 0.0627978 0.0323688 0.0265803 0.0909829 0.0627592 0.0505408 0.0385984 0.0507119 0.0619210 0.0213025 0.0379128 0.0504056 0.0261423 0.0114596 0.1257528 0.0323930 0.0318503 0.0558502 0.0503309 
S0427      0.0384209 0.0717367 0.1027727 0.0655789 0.0584483 0.0710248 0.0882510 0.0542305 0.0698679 0.1161125 0.1169053 0.0947009 0.1029753 0.1010034 0.0315125 0.0555213 0.0555213 0.0746110 0.0807763 0.0704820 0.0000000 0.0814360 0.0638269 0.0685031 0.0678950 0.0958382 0.0698670 0.0814258 0.0623085 0.0940920 0.1883287 0.0575453 0.0614697 0.0774630 0.0461758 0.0780822 0.0522640 0.0525757 0.0747960 0.0300024 0.1428584 0.0907095 0.0813303 0.1107437 0.0952200 0.1968876 0.1140654 0.1037443 0.1025193 0.1725240 0.0775456 0.1615501 0.0765256 0.0910051 0.1024670 0.0833872 0.1275676 0.1561392 0.0465427 0.0447594 0.0951605 0.1013028 0.0751888 0.0747960 0.0609471 0.1298893 0.1078262 0.0758991 0.0290735 0.0683376 0.0643661 0.0954175 0.0510648 0.1111031 0.0830895 0.0819777 0.1154459 0.0566980 0.0917869 0.0654030 0.0880468 0.0620069 0.0896217 0.0894460 0.0823574 0.1020395 0.0497099 0.0753140 0.0382456 0.0675383 0.0842732 0.1033655 0.0883702 0.0759236 0.0491822 0.1585247 0.0632461 0.0819777 0.0496701 0.0949668 
S0552sl    0.0623874 0.0381121 0.0810696 0.0750295 0.0714844 0.0637876 0.0369766 0.0742741 0.0764151 0.0875212 0.0633553 0.0737707 0.0488279 0.0356277 0.0887468 0.0678413 0.0678413 0.0642191 0.0672723 0.0375046 0.0814360 0.0000000 0.0884666 0.0859052 0.0806811 0.0686948 0.0383612 0.0556416 0.0685603 0.0883115 0.2140389 0.0772133 0.0739796 0.0434320 0.0652446 0.0437489 0.0554605 0.0403271 0.0552203 0.0363173 0.1103687 0.0157789 0.0374600 0.0320420 0.0377549 0.2227878 0.1046006 0.0376464 0.0372515 0.2139427 0.0434715 0.1687930 0.0506642 0.0436793 0.0372452 0.1231842 0.0672825 0.1627674 0.0656731 0.1012847 0.0682402 0.0740475 0.0554971 0.0552203 0.0352879 0.1003620 0.0600418 0.0262208 0.0477375 0.0812241 0.1039128 0.0427824 0.0820308 0.0696128 0.0319467 0.0315588 0.0870496 0.0757836 0.0438501 0.0522129 0.0617551 0.0746413 0.0489137 0.0374160 0.1096977 0.0745887 0.0742368 0.0498982 0.0563132 0.0735900 0.0380823 0.0490075 0.0619606 0.0428301 0.0231777 0.1398878 0.0489497 0.0315588 0.0490031 0.0676076 
S0558      0.0499629 0.0717017 0.0686507 0.0776819 0.0460096 0.0709956 0.0688458 0.0413736 0.0571301 0.0952630 0.0935022 0.0739819 0.0826587 0.0785434 0.0670440 0.0379388 0.0379388 0.0560142 0.0619102 0.0704481 0.0638269 0.0884666 0.0000000 0.0565934 0.0496928 0.0759036 0.0567103 0.0623933 0.0620693 0.1147231 0.2035244 0.0704390 0.0322641 0.0774257 0.0279870 0.0780443 0.0707058 0.0343593 0.0553772 0.0236881 0.1145315 0.0845037 0.0753678 0.0899210 0.0981093 0.2122760 0.0925617 0.0832441 0.0822836 0.1997454 0.0775082 0.1766135 0.0638859 0.0901313 0.0822509 0.0849504 0.1116844 0.1616009 0.0342613 0.0630617 0.0821631 0.0813287 0.0556558 0.0553772 0.0415492 0.0949323 0.0819489 0.0569322 0.0291398 0.0500032 0.0896088 0.0755813 0.0325584 0.0902078 0.0636496 0.0628152 0.0947364 0.0446464 0.0917425 0.0528173 0.0686866 0.0440045 0.0828362 0.0697486 0.0566218 0.0819271 0.0495542 0.0565102 0.0497575 0.0735504 0.0710637 0.0829737 0.0689233 0.0630377 0.0564743 0.1340300 0.0694135 0.0628152 0.0806728 0.0881804 
S0641      0.0555894 0.0627948 0.0800867 0.0888609 0.0279616 0.0689466 0.0669197 0.0289062 0.0388843 0.0733521 0.0904415 0.0728992 0.0802695 0.0760393 0.0658951 0.0211135 0.0211135 0.0466172 0.0602151 0.0617464 0.0685031 0.0859052 0.0565934 0.0000000 0.0322474 0.0737366 0.0551503 0.0606712 0.0677916 0.1174938 0.1757123 0.0763873 0.0265563 0.0682922 0.0165346 0.0688136 0.0621316 0.0279254 0.0430625 0.0233347 0.1057303 0.0820060 0.0732295 0.0804877 0.0938829 0.1839223 0.0888035 0.0808188 0.0799140 0.1609077 0.0683606 0.1495788 0.0620812 0.1006248 0.0798831 0.1108728 0.0948072 0.1362820 0.0223598 0.0688747 0.0674173 0.0790132 0.0432724 0.0430625 0.0406858 0.1052298 0.0923040 0.0553591 0.0230032 0.0324384 0.0956589 0.0612466 0.0565934 0.0875461 0.0555070 0.0610704 0.0919750 0.0385616 0.0817271 0.0514095 0.0667691 0.0380150 0.0679434 0.0677714 0.0510424 0.0795794 0.0551330 0.0549611 0.0553578 0.0724818 0.0627549 0.0805672 0.0669915 0.0612798 0.0483332 0.1301311 0.0674557 0.0610704 0.0783957 0.0856368 
S0643      0.0434621 0.0699574 0.0808101 0.0901925 0.0163883 0.0635874 0.0617078 0.0169280 0.0271355 0.0872366 0.0845730 0.0735416 0.0750023 0.0701848 0.0652203 0.0103245 0.0103245 0.0553480 0.0434208 0.0687636 0.0678950 0.0806811 0.0496928 0.0322474 0.0000000 0.0684808 0.0499231 0.0554758 0.0551955 0.1199744 0.1864269 0.0631070 0.0155821 0.0755482 0.0108556 0.0761373 0.0633427 0.0338803 0.0434208 0.0234841 0.1063761 0.0766352 0.0680014 0.0752056 0.0824364 0.1949015 0.0906110 0.0755153 0.0746637 0.1644047 0.0756266 0.1598068 0.0567752 0.0953291 0.0746374 0.0961441 0.0894660 0.1457711 0.0109196 0.0560594 0.0621697 0.0615510 0.0436344 0.0434208 0.0348020 0.1000269 0.0870871 0.0501125 0.0112274 0.0211397 0.0816967 0.0560069 0.0496951 0.0822337 0.0565722 0.0558463 0.0740890 0.0269161 0.0894625 0.0458850 0.0615671 0.0265442 0.0626570 0.0624972 0.0442596 0.0743543 0.0431152 0.0497511 0.0432897 0.0664100 0.0573977 0.0693019 0.0617721 0.0560373 0.0425573 0.1245549 0.0622080 0.0558463 0.0732369 0.0804293 
S0645sl    0.0688702 0.0579006 0.0440483 0.0841481 0.0654755 0.0395832 0.0501527 0.0538496 0.0768580 0.0499127 0.0427205 0.0498383 0.0630408 0.0426391 0.0801114 0.0559886 0.0559886 0.0658305 0.0437802 0.0569193 0.0958382 0.0686948 0.0759036 0.0737366 0.0684808 0.0000000 0.0385691 0.0440826 0.0565697 0.1118637 0.2303551 0.0911713 0.0619923 0.0634943 0.0528421 0.0639865 0.0761627 0.0285122 0.0437534 0.0302367 0.1163101 0.0644025 0.0622982 0.0697938 0.0896482 0.2395763 0.0770505 0.0634615 0.0627500 0.2053523 0.0635583 0.2029283 0.0451108 0.0828514 0.0627315 0.1116934 0.0964733 0.1687334 0.0531845 0.0821037 0.0499898 0.0379491 0.0439705 0.0437534 0.0292975 0.0617048 0.0749770 0.0387137 0.0412885 0.0559886 0.0946584 0.0564516 0.0758936 0.0322348 0.0449538 0.0443794 0.0746917 0.0634844 0.0698882 0.0165483 0.0500371 0.0625383 0.0631643 0.0507860 0.0965208 0.0382306 0.0682818 0.0384383 0.0685651 0.0616675 0.0517310 0.0576063 0.0501977 0.0565189 0.0301991 0.1150632 0.0505583 0.0563243 0.0615609 0.0443398 
S0656sl    0.0501960 0.0393772 0.0501284 0.0584177 0.0462317 0.0334653 0.0325175 0.0415805 0.0508966 0.0561057 0.0500036 0.0437070 0.0445599 0.0304204 0.0674133 0.0381129 0.0381129 0.0473476 0.0378029 0.0387294 0.0698670 0.0383612 0.0567103 0.0551503 0.0499231 0.0385691 0.0000000 0.0268012 0.0384914 0.0988542 0.1948633 0.0707775 0.0438373 0.0448680 0.0342142 0.0452060 0.0569121 0.0110829 0.0266078 0.0117350 0.0991122 0.0335969 0.0440338 0.0389505 0.0514607 0.2034807 0.0709040 0.0448411 0.0443515 0.1722808 0.0449104 0.1673969 0.0274108 0.0632082 0.0443423 0.1051659 0.0510804 0.1520500 0.0344280 0.0760089 0.0443009 0.0438632 0.0267353 0.0266078 0.0113230 0.0681053 0.0443532 0.0215183 0.0292856 0.0502357 0.0900392 0.0384179 0.0567103 0.0510057 0.0273207 0.0269800 0.0558225 0.0448567 0.0575260 0.0223202 0.0324427 0.0442091 0.0446388 0.0329132 0.0761146 0.0383595 0.0439680 0.0213720 0.0499883 0.0436136 0.0277075 0.0447292 0.0325396 0.0384617 0.0177026 0.1020889 0.0327754 0.0269800 0.0435381 0.0499284 
S0673      0.0557799 0.0450055 0.0434671 0.0634270 0.0520150 0.0390467 0.0379383 0.0475253 0.0631542 0.0617309 0.0562663 0.0491769 0.0501339 0.0429668 0.0807866 0.0435605 0.0435605 0.0558160 0.0432060 0.0442652 0.0814258 0.0556416 0.0623933 0.0606712 0.0554758 0.0440826 0.0268012 0.0000000 0.0439952 0.1115660 0.2003650 0.0766912 0.0493211 0.0504819 0.0337449 0.0508622 0.0626107 0.0166238 0.0319299 0.0116331 0.0984532 0.0511845 0.0495468 0.0565088 0.0754311 0.2021503 0.0768302 0.0504531 0.0499016 0.1776463 0.0505301 0.1634614 0.0328939 0.0633005 0.0498899 0.1113961 0.0819473 0.1495152 0.0401672 0.0818754 0.0434662 0.0493529 0.0320833 0.0319299 0.0112844 0.0615289 0.0616571 0.0268976 0.0351428 0.0558253 0.0960758 0.0439093 0.0623908 0.0566804 0.0327836 0.0323756 0.0614177 0.0504705 0.0632876 0.0279006 0.0155098 0.0497403 0.0502248 0.0384009 0.0819895 0.0497157 0.0553199 0.0267137 0.0555464 0.0490698 0.0391037 0.0503229 0.0155521 0.0439595 0.0235232 0.1085052 0.0382382 0.0438157 0.0489856 0.0554811 
S0689      0.0437623 0.0577828 0.0686582 0.0645308 0.0514756 0.0455377 0.0500522 0.0410762 0.0443771 0.0749424 0.0708603 0.0616919 0.0629155 0.0568748 0.0659200 0.0433471 0.0433471 0.0646798 0.0554125 0.0568053 0.0623085 0.0685603 0.0620693 0.0677916 0.0551955 0.0565697 0.0384914 0.0439952 0.0000000 0.0985502 0.2133931 0.0561228 0.0490766 0.0633674 0.0397129 0.0638577 0.0637739 0.0223796 0.0436670 0.0176564 0.1227517 0.0642724 0.0621754 0.0696547 0.0894749 0.2223690 0.0642035 0.0633351 0.0623044 0.1894439 0.0634311 0.1861398 0.0450192 0.0826899 0.0562403 0.0902759 0.0962891 0.1704725 0.0340241 0.0562748 0.0625450 0.0619194 0.0438825 0.0436670 0.0229848 0.0874962 0.0748315 0.0386346 0.0289340 0.0555419 0.0689431 0.0563392 0.0500470 0.0698719 0.0448620 0.0442893 0.0745470 0.0381678 0.0768607 0.0341526 0.0499370 0.0494919 0.0630385 0.0506835 0.0815456 0.0623768 0.0550410 0.0383616 0.0494407 0.0265128 0.0516251 0.0631547 0.0500970 0.0564062 0.0301308 0.0937179 0.0445727 0.0562123 0.0437698 0.0683523 
S0724sl    0.0787161 0.0696176 0.1258614 0.0700934 0.1113494 0.1146143 0.0878093 0.1006513 0.1313437 0.1332272 0.1364162 0.1329688 0.1024434 0.1001625 0.1088191 0.1051625 0.1051625 0.1072424 0.1249184 0.0684356 0.0940920 0.0883115 0.1147231 0.1174938 0.1199744 0.1118637 0.0988542 0.1115660 0.0985502 0.0000000 0.2430163 0.1078002 0.1121309 0.0751811 0.1043156 0.0757643 0.0694302 0.0822464 0.1106141 0.0568594 0.1389396 0.0979765 0.1106364 0.1101618 0.1176053 0.2525345 0.1404082 0.1032038 0.1019916 0.2428466 0.0752586 0.1945419 0.0991212 0.0897127 0.0930474 0.1470044 0.1118801 0.1969582 0.0903573 0.0940562 0.1038733 0.1174459 0.1112392 0.1106141 0.0920830 0.1477070 0.1006840 0.0755233 0.0711934 0.1051625 0.1075108 0.0949327 0.1002654 0.1281742 0.0826707 0.0815700 0.1492876 0.1151456 0.0816739 0.0807350 0.1188979 0.1132425 0.0964112 0.0889920 0.1471144 0.1183042 0.0988448 0.1049117 0.0854302 0.1032207 0.0831461 0.0969051 0.1193888 0.0872943 0.0487926 0.1760350 0.0964860 0.0815700 0.0970223 0.1189624 
S0735      0.2029130 0.1800674 0.2258394 0.1748622 0.1700301 0.1614889 0.1872830 0.1680025 0.1932412 0.2287528 0.2233129 0.2134169 0.2072385 0.2073266 0.2082087 0.1688304 0.1688304 0.2085891 0.2159706 0.1846053 0.1883287 0.2140389 0.2035244 0.1757123 0.1864269 0.2303551 0.1948633 0.2003650 0.2133931 0.2430163 0.0000000 0.2123081 0.1769202 0.1946296 0.1438714 0.1774544 0.1752482 0.1785877 0.1728952 0.1524054 0.1961409 0.2039717 0.1683729 0.1908936 0.1958193 0.0051648 0.2579866 0.1905410 0.2064563 0.0213371 0.1949069 0.0165460 0.2147744 0.2010659 0.1994595 0.1889447 0.2332222 0.0107687 0.1540380 0.2092450 0.2158757 0.2363468 0.1739676 0.1728952 0.1659828 0.2428093 0.1716861 0.1724579 0.1680477 0.1880244 0.2260897 0.1731026 0.1860582 0.2533238 0.1822733 0.1795869 0.2341821 0.1808028 0.2148072 0.2001859 0.1853128 0.1863028 0.1832132 0.1902188 0.2069483 0.2127095 0.1930718 0.2006599 0.1770723 0.1837602 0.1662662 0.2080094 0.1931336 0.1810721 0.1331624 0.2546889 0.1634692 0.1795869 0.2157783 0.2105998 
S0742      0.0512804 0.0800543 0.1046010 0.1084716 0.0462610 0.0727516 0.0773705 0.0554334 0.0649637 0.1035526 0.0875955 0.0963529 0.0919521 0.0881582 0.0608938 0.0506561 0.0506561 0.0575413 0.0760717 0.0786121 0.0575453 0.0772133 0.0704390 0.0763873 0.0631070 0.0911713 0.0707775 0.0766912 0.0561228 0.1078002 0.2123081 0.0000000 0.0566542 0.0859235 0.0472332 0.0866308 0.0595957 0.0541177 0.0760717 0.0302229 0.1441990 0.0795587 0.0638364 0.0996377 0.1146097 0.2214872 0.1060687 0.0926367 0.0834893 0.1878454 0.0860192 0.1831278 0.0716649 0.0775358 0.0827640 0.1073154 0.1225821 0.1767905 0.0475402 0.0700663 0.0905195 0.0826502 0.0764780 0.0760717 0.0556788 0.1102413 0.1049020 0.0649580 0.0296237 0.0635219 0.0854222 0.0707079 0.0641553 0.1065218 0.0720557 0.0710782 0.0962862 0.0517416 0.1009135 0.0740032 0.0833633 0.0571542 0.0921622 0.0711459 0.0769954 0.0974561 0.0568500 0.0705151 0.0275358 0.0683896 0.0799492 0.0923106 0.0763642 0.0713428 0.0437537 0.1320604 0.0710906 0.0710782 0.0630211 0.0976357 
S0756      0.0375765 0.0633141 0.0617714 0.0830836 0.0107941 0.0570747 0.0554111 0.0111447 0.0214478 0.0803852 0.0769599 0.0670459 0.0683658 0.0629233 0.0578696 0.0051033 0.0051033 0.0466172 0.0489540 0.0622474 0.0614697 0.0739796 0.0322641 0.0265563 0.0155821 0.0619923 0.0438373 0.0493211 0.0490766 0.1121309 0.1769202 0.0566542 0.0000000 0.0688558 0.0053629 0.0693860 0.0568647 0.0278815 0.0375398 0.0173852 0.0982989 0.0698340 0.0615572 0.0685466 0.0816107 0.1851990 0.0704697 0.0688228 0.0680562 0.1556233 0.0689254 0.1506065 0.0504632 0.0882183 0.0680346 0.0759429 0.0824244 0.1371717 0.0053941 0.0498342 0.0558194 0.0672922 0.0377219 0.0375398 0.0286324 0.0801159 0.0677947 0.0440013 0.0055443 0.0156689 0.0748978 0.0497873 0.0322700 0.0753869 0.0502868 0.0496480 0.0799603 0.0212769 0.0824225 0.0456819 0.0552852 0.0209868 0.0562509 0.0561090 0.0382561 0.0677828 0.0372811 0.0436893 0.0374312 0.0601440 0.0510123 0.0686224 0.0554636 0.0498139 0.0359910 0.1017859 0.0558560 0.0496480 0.0667735 0.0737532 
S0760      0.0632984 0.0052049 0.0698637 0.0443197 0.0727948 0.0517248 0.0319360 0.0686987 0.0843437 0.0823738 0.0715766 0.0627561 0.0437444 0.0426218 0.0828076 0.0627006 0.0627006 0.0653910 0.0621700 0.0051259 0.0774630 0.0434320 0.0774257 0.0682922 0.0755482 0.0634943 0.0448680 0.0504819 0.0633674 0.0751811 0.1946296 0.0859235 0.0688558 0.0000000 0.0533881 0.0104539 0.0436303 0.0348533 0.0444044 0.0240095 0.0822939 0.0328304 0.0500631 0.0499085 0.0682926 0.2032278 0.0993296 0.0440155 0.0435435 0.2013541 0.0103895 0.1661696 0.0455180 0.0498413 0.0435345 0.1180607 0.0746258 0.1519013 0.0602225 0.0916563 0.0632388 0.0621358 0.0446272 0.0444044 0.0358288 0.0952629 0.0550163 0.0211348 0.0487513 0.0760583 0.0899893 0.0377240 0.0644774 0.0772680 0.0268271 0.0264987 0.0819280 0.0705466 0.0212642 0.0468023 0.0565987 0.0694752 0.0382672 0.0323173 0.0984958 0.0694285 0.0569338 0.0447130 0.0571305 0.0684904 0.0269776 0.0439076 0.0567864 0.0317756 0.0174330 0.1345136 0.0382959 0.0376462 0.0622856 0.0566908 
S0763      0.0279074 0.0476077 0.0520945 0.0738281 0.0000030 0.0473380 0.0461517 0.0000022 0.0168339 0.0718323 0.0661171 0.0517797 0.0593856 0.0518749 0.0394087 0.0000029 0.0000029 0.0318307 0.0396094 0.0467795 0.0461758 0.0652446 0.0279870 0.0165346 0.0108556 0.0528421 0.0342142 0.0337449 0.0397129 0.1043156 0.1438714 0.0472332 0.0053629 0.0533881 0.0000000 0.0538135 0.0474180 0.0172918 0.0220625 0.0060015 0.0798284 0.0607148 0.0524493 0.0595465 0.0729773 0.1519342 0.0747243 0.0597944 0.0590994 0.1325829 0.0534423 0.1171514 0.0408823 0.0731444 0.0590824 0.0737816 0.0804607 0.1051460 0.0000024 0.0464295 0.0526748 0.0584082 0.0221721 0.0220625 0.0178147 0.0848234 0.0717263 0.0343460 0.0000021 0.0109189 0.0660870 0.0463833 0.0279931 0.0665408 0.0407345 0.0341696 0.0714402 0.0166938 0.0670207 0.0357125 0.0397281 0.0108999 0.0531012 0.0467540 0.0282294 0.0588585 0.0276805 0.0340944 0.0277977 0.0512081 0.0473281 0.0596210 0.0398550 0.0403340 0.0249238 0.0991394 0.0465389 0.0401964 0.0579422 0.0650404 
S0770      0.0637868 0.0052413 0.0704104 0.0446487 0.0733880 0.0521242 0.0321644 0.0692751 0.0850263 0.0830248 0.0722028 0.0632370 0.0440660 0.0429712 0.0835741 0.0631804 0.0631804 0.0564447 0.0626418 0.0051611 0.0780822 0.0437489 0.0780443 0.0688136 0.0761373 0.0639865 0.0452060 0.0508622 0.0638577 0.0757643 0.1774544 0.0866308 0.0693860 0.0104539 0.0538135 0.0000000 0.0439502 0.0351253 0.0447351 0.0242031 0.0829925 0.0391112 0.0504372 0.0502808 0.0688147 0.1857609 0.1001560 0.0443408 0.0438616 0.1840735 0.0104624 0.1495452 0.0458662 0.0502126 0.0438530 0.1124862 0.0752009 0.1453818 0.0607100 0.0924054 0.0637270 0.0694475 0.0449620 0.0447351 0.0361169 0.0960241 0.0554225 0.0212847 0.0491505 0.0766556 0.0836159 0.0379973 0.0589513 0.0778842 0.0270207 0.0266874 0.0825718 0.0711036 0.0214159 0.0469499 0.0512191 0.0700148 0.0385487 0.0325514 0.0993078 0.0699672 0.0573689 0.0450484 0.0575687 0.0631294 0.0271730 0.0442309 0.0572197 0.0320016 0.0175688 0.1357199 0.0385779 0.0379182 0.0627591 0.0571220 
S0795      0.0393076 0.0382885 0.0889126 0.0498765 0.0535730 0.0516893 0.0551712 0.0556578 0.0652130 0.0955721 0.0938447 0.0812882 0.0680648 0.0626162 0.0610861 0.0508444 0.0508444 0.0565769 0.0621246 0.0376757 0.0522640 0.0554605 0.0707058 0.0621316 0.0633427 0.0761627 0.0569121 0.0626107 0.0637739 0.0694302 0.1752482 0.0595957 0.0568647 0.0436303 0.0474180 0.0439502 0.0000000 0.0409070 0.0621246 0.0177133 0.1033539 0.0633264 0.0618851 0.0748209 0.0881210 0.1834450 0.0992302 0.0685176 0.0677576 0.1752162 0.0436702 0.1409101 0.0577517 0.0616013 0.0677364 0.0907732 0.0934628 0.1358931 0.0477275 0.0655313 0.0758510 0.0815995 0.0624436 0.0621246 0.0420576 0.1087975 0.0799060 0.0438100 0.0298943 0.0637607 0.0581202 0.0614699 0.0579997 0.0905084 0.0500661 0.0494329 0.0950425 0.0519380 0.0559003 0.0594063 0.0689226 0.0573684 0.0623827 0.0558629 0.0913243 0.0822010 0.0451470 0.0567106 0.0275441 0.0623488 0.0503481 0.0683194 0.0691608 0.0432560 0.0296437 0.1503582 0.0382736 0.0554177 0.0501539 0.0823909 
S0827      0.0340669 0.0291326 0.0403688 0.0480022 0.0294361 0.0230968 0.0224220 0.0240274 0.0409268 0.0342129 0.0386793 0.0339176 0.0282080 0.0253091 0.0542435 0.0221594 0.0221594 0.0329490 0.0279263 0.0286366 0.0525757 0.0403271 0.0343593 0.0279254 0.0338803 0.0285122 0.0110829 0.0166238 0.0223796 0.0822464 0.1785877 0.0541177 0.0278815 0.0348533 0.0172918 0.0351253 0.0409070 0.0000000 0.0165003 0.0000027 0.0808774 0.0353570 0.0341770 0.0409786 0.0533628 0.1873277 0.0474809 0.0348297 0.0344354 0.1642155 0.0286366 0.1508903 0.0170164 0.0472567 0.0344298 0.0732683 0.0668041 0.1367745 0.0175301 0.0531824 0.0343968 0.0340427 0.0165819 0.0165003 0.0000022 0.0588194 0.0403635 0.0111235 0.0119330 0.0340919 0.0668669 0.0283974 0.0404304 0.0411072 0.0110685 0.0167400 0.0462473 0.0285386 0.0477201 0.0114219 0.0223676 0.0281201 0.0346679 0.0227028 0.0530967 0.0283989 0.0337841 0.0110461 0.0339287 0.0278815 0.0231387 0.0283192 0.0224350 0.0284306 0.0122562 0.0930660 0.0226069 0.0283369 0.0337838 0.0402101 
S0894      0.0553565 0.0389677 0.0432670 0.0629629 0.0336200 0.0329482 0.0376602 0.0348164 0.0505120 0.0612582 0.0557870 0.0371578 0.0497537 0.0426090 0.0731376 0.0319747 0.0319747 0.0466010 0.0428897 0.0383328 0.0747960 0.0552203 0.0553772 0.0430625 0.0434208 0.0437534 0.0266078 0.0319299 0.0436670 0.1106141 0.1728952 0.0760717 0.0375398 0.0444044 0.0220625 0.0447351 0.0621246 0.0165003 0.0000000 0.0115116 0.0822050 0.0507888 0.0491760 0.0498767 0.0682485 0.1809568 0.0694940 0.0441486 0.0495260 0.1616066 0.0444459 0.1536827 0.0326503 0.0684266 0.0379618 0.1104460 0.0812894 0.1404100 0.0280475 0.0812188 0.0379277 0.0489851 0.0000022 0.0000010 0.0169394 0.0732274 0.0493462 0.0267027 0.0288568 0.0436846 0.0952821 0.0435827 0.0553777 0.0562428 0.0325421 0.0321399 0.0609498 0.0500855 0.0569211 0.0276909 0.0264627 0.0378500 0.0498430 0.0381160 0.0619302 0.0378353 0.0549035 0.0265216 0.0551268 0.0373521 0.0388081 0.0499397 0.0376877 0.0436322 0.0234550 0.0937966 0.0379558 0.0434905 0.0486233 0.0550623 
