111
PAFTOL_019361 0.0000000 0.1410039 0.1498146 0.2152857 0.1904028 0.1950925 0.1779452 0.1424442 0.1901226 0.1524079 0.1919006 0.2058079 0.1806426 0.1875361 0.1412918 0.1961687 0.1686031 0.1702568 0.1969855 0.2042345 0.1498146 0.1666249 0.1565570 0.1690189 0.2390822 0.1789442 0.1719618 0.1944483 0.1776134 0.1879902 0.1527578 0.1513184 0.1499599 0.1855223 0.2087234 0.1494100 0.1870279 0.1724256 0.1513184 0.1488355 0.1687378 0.2589308 0.1810093 0.1978490 0.1813058 0.1900788 0.1659446 0.1867791 0.1480986 0.1480154 0.1912112 0.1786474 0.1341014 0.2756653 0.2009010 0.1681820 0.1973070 0.1571442 0.1910326 0.1075536 0.1680131 0.2277934 0.2060433 0.1398872 0.1934021 0.1509330 0.1974906 0.1403402 0.2066775 0.1709926 0.1854250 0.2055326 0.1792295 0.1909668 0.2310027 0.1950925 0.2077148 0.1981306 0.2627418 0.1320683 0.1256094 0.1641773 0.1881227 0.1343765 0.1415292 0.1719652 0.1700343 0.1158234 0.1239594 0.1782020 0.1543408 0.1814267 0.1971859 0.1545456 0.1743705 0.1160749 0.1699417 0.1695166 0.1705149 0.2088425 0.1888931 0.1353396 0.1583669 0.1861756 0.1578007 0.1573191 0.1793458 0.1332315 0.1262996 0.1248476 0.1446517 
S0055         0.1410039 0.0000000 0.0672047 0.1431787 0.0679182 0.1281315 0.1290234 0.0605436 0.0676780 0.0532886 0.1386373 0.1183553 0.1346460 0.1209571 0.0604105 0.1264743 0.0823886 0.0529615 0.0938639 0.1032893 0.0672047 0.0815935 0.0525175 0.0755325 0.1374130 0.1065162 0.0535342 0.0690637 0.0756609 0.0988444 0.0541224 0.0525747 0.0494876 0.0728834 0.1030568 0.0463392 0.0786391 0.0609611 0.0525747 0.0639370 0.0679076 0.1276959 0.0921520 0.0915153 0.1078258 0.1070907 0.0598259 0.1086479 0.0526750 0.0614972 0.1237250 0.1138559 0.0802203 0.1307413 0.0923003 0.0677804 0.1221592 0.0576343 0.0725903 0.0342829 0.0772423 0.1203010 0.0670192 0.0595956 0.1015952 0.0528254 0.0602501 0.0597754 0.1380358 0.0915656 0.0976571 0.1371495 0.1065446 0.1234544 0.1222611 0.1281315 0.1385190 0.0746305 0.1292088 0.0739620 0.0464227 0.0613259 0.0700191 0.0330316 0.0535005 0.0608198 0.0688933 0.0527093 0.0458859 0.0459674 0.0736880 0.1153639 0.1066403 0.0401700 0.0624500 0.0528211 0.0674022 0.0985237 0.0615091 0.1156965 0.0987096 0.0761230 0.0748502 0.0979790 0.0600543 0.0906602 0.1016777 0.0532444 0.0534174 0.0901603 0.0931169 
S0196sl       0.1498146 0.0672047 0.0000000 0.1185731 0.0992095 0.1255619 0.1140423 0.0457355 0.0989155 0.0615657 0.1148956 0.1072026 0.1103793 0.1094756 0.0745916 0.1149811 0.0822695 0.0828899 0.1283064 0.0948368 0.0000010 0.0814759 0.0524245 0.0824072 0.1252501 0.0838031 0.0837704 0.1010018 0.0600728 0.0763512 0.0683654 0.0676848 0.0201708 0.0896802 0.1006081 0.0669873 0.1050910 0.0919113 0.0822198 0.0065413 0.0255811 0.1086568 0.0696706 0.0686918 0.0973096 0.0915578 0.0597245 0.0928692 0.0389592 0.0829952 0.1057968 0.1196026 0.0724352 0.1351908 0.0770520 0.0534787 0.1026510 0.0077023 0.0946597 0.0203891 0.0922640 0.1089150 0.0531829 0.0735839 0.1229741 0.0826402 0.0907579 0.0596741 0.1144104 0.0619922 0.0754570 0.1343564 0.0837926 0.0999891 0.1399041 0.1255619 0.1356693 0.1061937 0.1260228 0.0802169 0.0322120 0.0842362 0.0861479 0.0687260 0.0744131 0.0838045 0.0761322 0.0384149 0.0318511 0.0604527 0.1088741 0.0978475 0.0838884 0.0772683 0.0922569 0.0671637 0.0985094 0.0761258 0.0830405 0.0766960 0.1058029 0.0760058 0.0893571 0.0607521 0.0460647 0.0826786 0.0765952 0.0318511 0.0755440 0.0752630 0.0929898 
S0278         0.2152857 0.1431787 0.1185731 0.0000000 0.1832775 0.1476026 0.0494136 0.1276505 0.1636709 0.1455499 0.0834012 0.1428719 0.0479150 0.1404614 0.1519728 0.1458434 0.1617143 0.1632849 0.1890460 0.0607992 0.1185731 0.1598294 0.1246924 0.1621075 0.1756474 0.0260202 0.1649418 0.1871546 0.0692008 0.0611719 0.1458951 0.1616184 0.0837700 0.1227400 0.1597493 0.1426893 0.1195332 0.1751740 0.1616184 0.1172853 0.1112371 0.1565931 0.0623929 0.0766580 0.1335685 0.1555985 0.1173285 0.1580826 0.1090714 0.1618237 0.1851982 0.1497887 0.1016764 0.1871866 0.1577051 0.1275616 0.1313188 0.1086074 0.1348700 0.0750526 0.1672012 0.1946481 0.1632301 0.1332527 0.1559277 0.1441380 0.1537447 0.1336863 0.0533314 0.0620134 0.0682625 0.1570846 0.0613282 0.0257893 0.2039166 0.1476026 0.1586901 0.1909971 0.1765539 0.1467621 0.1110495 0.1365398 0.1672710 0.1286944 0.1348273 0.1653502 0.0772049 0.1015704 0.1095991 0.1357073 0.0768188 0.1754231 0.0684560 0.1487924 0.1755082 0.1188032 0.1822302 0.0328486 0.1635387 0.0693777 0.1711246 0.1211675 0.1601350 0.0837616 0.1094991 0.1710721 0.1302226 0.1180222 0.1292715 0.1712566 0.1777646 
S0282         0.1904028 0.0679182 0.0992095 0.1832775 0.0000000 0.1781424 0.1412683 0.0770999 0.0469502 0.0748341 0.1771107 0.1461951 0.1563027 0.1600577 0.0617367 0.1652536 0.0754049 0.0324412 0.0620022 0.1215531 0.0992095 0.0892868 0.0979275 0.0930679 0.1779207 0.1424061 0.0328003 0.0399147 0.1089473 0.1178696 0.0784015 0.0322190 0.0808808 0.1100021 0.1588802 0.0767629 0.1188680 0.0398310 0.0322190 0.1060276 0.1002954 0.1765240 0.1192185 0.1264372 0.1442237 0.1111921 0.1063071 0.1294884 0.0832315 0.1169283 0.1096200 0.1724390 0.0980941 0.1895897 0.1274240 0.1000564 0.1911389 0.0946986 0.1342685 0.0576197 0.0859190 0.1630563 0.0459860 0.0824137 0.1740634 0.0323665 0.0615687 0.0760720 0.1762817 0.1102318 0.1163846 0.1684160 0.1260243 0.1610729 0.1816448 0.1781424 0.1774139 0.0388393 0.1648070 0.1080562 0.0547049 0.0400598 0.0264869 0.0629470 0.0845658 0.0464439 0.1187267 0.0686026 0.0614257 0.0469599 0.0897369 0.1013427 0.1261142 0.0263813 0.1111952 0.0687515 0.0462371 0.1336774 0.0610858 0.1527680 0.1085774 0.0938117 0.0765082 0.1167956 0.0914171 0.1252122 0.1303874 0.0847777 0.0695711 0.0980908 0.1122208 
S0288         0.1950925 0.1281315 0.1255619 0.1476026 0.1781424 0.0000000 0.1260590 0.1022894 0.1778391 0.1482809 0.1427736 0.0943323 0.1387653 0.0334009 0.1273286 0.0195736 0.1390870 0.1579414 0.1817393 0.1204336 0.1255619 0.1374897 0.1261776 0.1567928 0.1120920 0.1096125 0.1595853 0.1819636 0.1000911 0.1105241 0.1403753 0.1563167 0.0995418 0.0225428 0.1900700 0.1372411 0.0000010 0.1699042 0.1390012 0.1226903 0.1198854 0.1195506 0.1036030 0.1190129 0.0613081 0.1879198 0.1369825 0.1910657 0.1195071 0.1439392 0.1765614 0.1729839 0.1404849 0.1291585 0.1702552 0.1387935 0.1790789 0.1147800 0.1544155 0.0829732 0.1467283 0.1106684 0.1757689 0.1366518 0.1755647 0.1386491 0.1496271 0.1281700 0.1421337 0.1029113 0.1091363 0.0062172 0.1186232 0.1271283 0.1227972 0.0000010 0.0062701 0.1859879 0.1209476 0.1292540 0.1020755 0.1400714 0.1717617 0.1229961 0.1382983 0.1781294 0.1105547 0.1011151 0.1007646 0.1484554 0.1472184 0.1669287 0.1187176 0.1317818 0.1420661 0.1182234 0.1770882 0.1103690 0.1581954 0.1463751 0.1855312 0.1128533 0.1371363 0.1095174 0.1288470 0.1552273 0.1372389 0.1174505 0.1286045 0.1484389 0.1724405 
S0289         0.1779452 0.1290234 0.1140423 0.0494136 0.1412683 0.1260590 0.0000000 0.0982527 0.1227386 0.1311545 0.0624540 0.1325752 0.0000023 0.1249307 0.1115636 0.1245234 0.1227296 0.1223899 0.1339154 0.0379459 0.1140423 0.1213505 0.1116622 0.1323799 0.1627507 0.0199971 0.1237135 0.1441564 0.0638521 0.0557282 0.1162193 0.1212273 0.0782411 0.1068346 0.1558839 0.1136199 0.0925929 0.1332359 0.1130843 0.1124663 0.1065229 0.1630158 0.0568712 0.0714452 0.1209362 0.1242845 0.1128183 0.1343771 0.0959153 0.1581515 0.1438454 0.1258551 0.0946402 0.1839098 0.1442252 0.1142599 0.1176750 0.1017784 0.1209408 0.0600657 0.1434185 0.1692377 0.1393474 0.1125458 0.1425783 0.1045531 0.1217472 0.1042754 0.0403537 0.0565185 0.0629676 0.1260590 0.0413859 0.0340578 0.1771938 0.1260590 0.1368481 0.1489136 0.1839061 0.1126709 0.0893747 0.1070825 0.1366582 0.1233229 0.1057924 0.1239003 0.0719699 0.0808466 0.0888414 0.1127007 0.0139218 0.1345005 0.0631464 0.0977783 0.1447668 0.0893390 0.1403336 0.0269295 0.1242981 0.0625930 0.1319900 0.0897836 0.1194156 0.0787087 0.1048195 0.1404269 0.1093832 0.0971478 0.0991449 0.1318512 0.1459417 
S0292         0.1424442 0.0605436 0.0457355 0.1276505 0.0770999 0.1022894 0.0982527 0.0000000 0.0768344 0.0693257 0.1236360 0.0848334 0.1031456 0.1022894 0.0536622 0.0923930 0.0468590 0.0614410 0.0959641 0.1042402 0.0457355 0.0464367 0.0597446 0.0610977 0.1019718 0.0919812 0.0621153 0.0784550 0.0676264 0.0844023 0.0473171 0.0609696 0.0417048 0.0816329 0.1100435 0.0463665 0.0683262 0.0698968 0.0609696 0.0558584 0.0462027 0.1015331 0.0776745 0.0922756 0.0756389 0.0926262 0.0672268 0.1013731 0.0460527 0.0910881 0.0836938 0.1050992 0.0652700 0.1278302 0.0851787 0.0609636 0.1288575 0.0574332 0.0874869 0.0205247 0.0769631 0.1017737 0.0909979 0.0529352 0.1158816 0.0612721 0.0690468 0.0393380 0.1231059 0.0771873 0.0833986 0.1107623 0.0768799 0.1085390 0.1153307 0.1022894 0.1036402 0.0840308 0.1026641 0.0655577 0.0127384 0.0624631 0.0713595 0.0619155 0.0535373 0.0768828 0.0841549 0.0189955 0.0125979 0.0685300 0.0935694 0.0760187 0.0920804 0.0555363 0.0554741 0.0464785 0.0765140 0.0841423 0.0615589 0.1008628 0.0836845 0.0546494 0.0680165 0.0836658 0.0533432 0.0764011 0.0775010 0.0389624 0.0543137 0.0541028 0.0706760 
S0293         0.1901226 0.0676780 0.0989155 0.1636709 0.0469502 0.1778391 0.1227386 0.0768344 0.0000000 0.0839851 0.1688652 0.1468690 0.1375523 0.1597351 0.0760971 0.1649416 0.0913067 0.0327765 0.0786379 0.1140835 0.0989155 0.0903957 0.0976391 0.0927763 0.1776161 0.1246315 0.0331429 0.0551422 0.1086391 0.1166320 0.0781307 0.0325496 0.0981955 0.1309238 0.1585593 0.0764994 0.1307464 0.0402606 0.0325496 0.1138708 0.0999974 0.1569538 0.1097976 0.1261183 0.1439055 0.1100081 0.1060091 0.1193007 0.0678292 0.1166164 0.1263168 0.1721232 0.0880435 0.1892993 0.1083895 0.0997600 0.1908492 0.1053927 0.1339329 0.0573884 0.1011669 0.1767146 0.0605039 0.0827034 0.1737619 0.0327002 0.0613399 0.0758123 0.1498299 0.1090664 0.1151763 0.1681025 0.1086892 0.1425513 0.1813415 0.1778391 0.1899993 0.0536093 0.1483827 0.1077300 0.0544923 0.0404946 0.0483848 0.0773256 0.0842893 0.0469525 0.1184092 0.0683583 0.0611973 0.0467713 0.0736880 0.1177417 0.1247953 0.0266534 0.1108813 0.0685062 0.0467410 0.1162186 0.0691658 0.1344628 0.1090133 0.0935173 0.0911899 0.1155778 0.0911325 0.1248963 0.1300595 0.0844998 0.0693212 0.0993549 0.1119019 
S0294         0.1524079 0.0532886 0.0615657 0.1455499 0.0748341 0.1482809 0.1311545 0.0693257 0.0839851 0.0000000 0.1408512 0.1281487 0.1368462 0.1310329 0.0912801 0.1365151 0.0994485 0.0684253 0.0952166 0.0955036 0.0615657 0.0984361 0.0823568 0.0923638 0.1479852 0.1081501 0.0691664 0.0783385 0.0851240 0.1003476 0.0777968 0.0536534 0.0656390 0.0922170 0.1301296 0.0761811 0.0979871 0.0693257 0.0678923 0.0733459 0.0770003 0.1470237 0.0935545 0.0928995 0.1171219 0.1257660 0.0903920 0.1276698 0.0680246 0.0699182 0.1100450 0.1423026 0.0982470 0.1588737 0.1102770 0.0841081 0.1601812 0.0588608 0.1064223 0.0349029 0.1103934 0.1113942 0.0831372 0.0900171 0.1450209 0.0682319 0.0761005 0.0754997 0.1240284 0.0853566 0.0991229 0.1578331 0.1081825 0.1254080 0.1511664 0.1482809 0.1491646 0.0838971 0.1488507 0.1071983 0.0546633 0.0697533 0.0640038 0.0474745 0.0839284 0.0840429 0.0935662 0.0610771 0.0540110 0.0610573 0.1081859 0.1017486 0.1082791 0.0626268 0.1103532 0.0834731 0.0836377 0.1000153 0.0931001 0.1175129 0.1168264 0.0930978 0.1067681 0.0994554 0.0758634 0.1074972 0.1125096 0.0758230 0.0844932 0.0764778 0.1113610 
S0299         0.1919006 0.1386373 0.1148956 0.0834012 0.1771107 0.1427736 0.0624540 0.1236360 0.1688652 0.1408512 0.0000000 0.1337125 0.0605933 0.1358570 0.1471124 0.1411267 0.1399491 0.1579072 0.1824707 0.0517517 0.1148956 0.1224445 0.1054333 0.1568141 0.1616814 0.0525636 0.1594706 0.1807172 0.0822031 0.0820443 0.1411810 0.1563605 0.0893698 0.1188594 0.1651381 0.1381774 0.1057908 0.1692778 0.1563605 0.1221815 0.1077906 0.1619364 0.0755019 0.0896648 0.1220455 0.1439019 0.1064683 0.1461326 0.0905975 0.1565635 0.1614455 0.1369053 0.1060869 0.1623761 0.1202177 0.1000629 0.1193015 0.0955287 0.1314827 0.0730186 0.1616007 0.1798557 0.1578615 0.1291092 0.1520695 0.1395289 0.1487669 0.1138268 0.0525636 0.0750435 0.0810971 0.1518798 0.0893884 0.0671135 0.1880571 0.1427736 0.1533808 0.1845714 0.1816546 0.1417195 0.1076200 0.1428215 0.1734498 0.1246117 0.1305895 0.1598341 0.0902865 0.0985060 0.1062598 0.1314059 0.0280208 0.1523080 0.0894831 0.1353732 0.1611755 0.1151142 0.1761099 0.0597134 0.1581489 0.1058929 0.1668859 0.1098316 0.1549847 0.0966929 0.0917286 0.1486773 0.1338304 0.1143752 0.1251519 0.1488610 0.1542276 
S0308         0.2058079 0.1183553 0.1072026 0.1428719 0.1461951 0.0943323 0.1325752 0.0848334 0.1468690 0.1281487 0.1337125 0.0000000 0.1367175 0.0943323 0.1268388 0.0847116 0.1116845 0.1292492 0.1517501 0.1231577 0.1072026 0.1104812 0.1165934 0.1363269 0.1028227 0.1169780 0.1306195 0.1318037 0.0914316 0.1014177 0.1205725 0.1280167 0.0824139 0.0803722 0.1485111 0.1179501 0.0681539 0.1401709 0.1280167 0.1135592 0.1014727 0.1011959 0.0945770 0.1096709 0.0683273 0.1655934 0.1075306 0.1682702 0.1011506 0.1460554 0.1432587 0.1323821 0.1002988 0.1273916 0.1487503 0.1192491 0.1487549 0.1149607 0.1148480 0.0739969 0.1489267 0.1014349 0.1461631 0.1081869 0.1459225 0.1207288 0.1118441 0.1093757 0.1331237 0.0939596 0.1001702 0.1026573 0.1093165 0.1232231 0.1149254 0.0943323 0.1036519 0.1367086 0.0947756 0.1395277 0.0846579 0.1219350 0.1227205 0.1132882 0.1264910 0.1480157 0.1014572 0.0910274 0.0836083 0.1109817 0.1535255 0.1344764 0.1094134 0.1238851 0.1315721 0.1183411 0.1471957 0.1086713 0.1277380 0.1187301 0.1449948 0.1223504 0.1365533 0.1171216 0.1099341 0.1530676 0.1110550 0.0994439 0.1287593 0.1204083 0.1505001 
S0320         0.1806426 0.1346460 0.1103793 0.0479150 0.1563027 0.1387653 0.0000023 0.1031456 0.1375523 0.1368462 0.0605933 0.1367175 0.0000000 0.1316530 0.1267734 0.1371216 0.1270718 0.1371896 0.1610600 0.0445383 0.1103793 0.1256741 0.1081445 0.1362489 0.1662526 0.0194196 0.1386260 0.1595098 0.0619117 0.0540604 0.1205129 0.1358624 0.0756345 0.1130451 0.1505529 0.1178942 0.1093853 0.1483140 0.1358624 0.1086551 0.1030885 0.1664969 0.0551374 0.0692629 0.1252473 0.1296141 0.1092320 0.1396316 0.0929069 0.1529413 0.1483746 0.1315539 0.0914808 0.1775387 0.1393862 0.1105790 0.1137760 0.0987375 0.1168382 0.0585861 0.1479194 0.1849773 0.1542300 0.1089758 0.1378473 0.1190463 0.1449575 0.1009807 0.0391831 0.0548065 0.0610807 0.1480635 0.0401554 0.0330565 0.1936688 0.1387653 0.1495654 0.1639051 0.1868850 0.1197426 0.0871553 0.1219093 0.1520748 0.1202501 0.1102651 0.1388833 0.0697579 0.0783119 0.0860435 0.1272288 0.0134646 0.1391958 0.0612478 0.1124032 0.1486888 0.0947071 0.1553301 0.0261454 0.1374189 0.0607275 0.1358671 0.0965450 0.1346917 0.0763057 0.1014911 0.1358137 0.1138983 0.0940620 0.1044243 0.1360016 0.1409681 
S0322         0.1875361 0.1209571 0.1094756 0.1404614 0.1600577 0.0334009 0.1249307 0.1022894 0.1597351 0.1310329 0.1358570 0.0943323 0.1316530 0.0000000 0.1089259 0.0260137 0.1390870 0.1403986 0.1493183 0.1243228 0.1094756 0.1374897 0.1191147 0.1394086 0.1120920 0.1027298 0.1418949 0.1634323 0.0847842 0.0946302 0.1232725 0.1390012 0.0931085 0.0227388 0.1715186 0.1205345 0.0327680 0.1518713 0.1292901 0.1165517 0.1036496 0.1195506 0.0877141 0.1028752 0.0613081 0.1695033 0.1203413 0.1723097 0.1033149 0.1392242 0.1586396 0.1622744 0.1224299 0.1125951 0.1522189 0.1218913 0.1608926 0.1076031 0.1364777 0.0670264 0.1524042 0.0999048 0.1578934 0.1200518 0.1577503 0.1217428 0.1496271 0.1117416 0.1352485 0.0871407 0.0934616 0.0404870 0.1025394 0.1201613 0.1227972 0.0334009 0.0408564 0.1678487 0.1209476 0.1113896 0.0864214 0.1229743 0.1535370 0.1063027 0.1215038 0.1599687 0.0946756 0.0856323 0.0853270 0.1312231 0.1570694 0.1492591 0.1026390 0.1257004 0.1522508 0.1131988 0.1485848 0.0945062 0.1406364 0.1294205 0.1673820 0.0965165 0.1181656 0.0937766 0.1123248 0.1281606 0.1205393 0.1015367 0.1237153 0.1484389 0.1434601 
S0335         0.1412918 0.0604105 0.0745916 0.1519728 0.0617367 0.1273286 0.1115636 0.0536622 0.0760971 0.0912801 0.1471124 0.1268388 0.1267734 0.1089259 0.0000000 0.1256910 0.0608717 0.0608869 0.0917464 0.0944434 0.0745916 0.0745811 0.0458275 0.0754204 0.1463162 0.1145899 0.0615486 0.0776832 0.0983457 0.0915001 0.0614540 0.0604252 0.0572364 0.0912185 0.1377362 0.0602148 0.0985209 0.0692375 0.0529024 0.0718763 0.0753767 0.1453902 0.0925147 0.1150015 0.1160034 0.0849673 0.0670724 0.1017763 0.0597955 0.0988260 0.0923016 0.1407062 0.0805563 0.1569966 0.1002722 0.0752273 0.1582689 0.0858879 0.1141392 0.0348382 0.0473343 0.1242490 0.0753391 0.0668104 0.1434401 0.0607218 0.0830479 0.0529861 0.1464668 0.0842651 0.0904083 0.1187014 0.0991270 0.1318204 0.1626455 0.1273286 0.1376431 0.0832084 0.1471651 0.0559820 0.0327397 0.0696637 0.0787729 0.0693708 0.0675661 0.0761441 0.1075874 0.0459909 0.0392196 0.0678983 0.1097267 0.0844208 0.0992240 0.0479058 0.0700308 0.0460888 0.0757833 0.1064739 0.0610026 0.1239812 0.0985559 0.0527090 0.0124441 0.0907016 0.0673278 0.0985086 0.1099240 0.0608531 0.0538371 0.0829744 0.0856757 
S0355         0.1961687 0.1264743 0.1149811 0.1458434 0.1652536 0.0195736 0.1245234 0.0923930 0.1649416 0.1365151 0.1411267 0.0847116 0.1371216 0.0260137 0.1256910 0.0000000 0.1276773 0.1457971 0.1684002 0.1303016 0.1149811 0.1262636 0.1245723 0.1375508 0.0846182 0.1083625 0.1473113 0.1686905 0.0904710 0.1003437 0.1288557 0.1443577 0.0992067 0.0224562 0.1766339 0.1260410 0.0159176 0.1497811 0.1275992 0.1222953 0.1093138 0.0991065 0.0866294 0.0912916 0.0530633 0.1746172 0.1258311 0.1774644 0.1089701 0.1445743 0.1638157 0.1600025 0.1283331 0.1078874 0.1575454 0.1090378 0.1661018 0.1143494 0.1420710 0.0732916 0.1503030 0.0908730 0.1630689 0.1255337 0.1629118 0.1272906 0.1377611 0.1173200 0.1405021 0.0844391 0.0923227 0.0263582 0.1081715 0.1256561 0.1016580 0.0195736 0.0265946 0.1655351 0.1001817 0.1298334 0.0922023 0.1285599 0.1588929 0.1120715 0.1270219 0.1651863 0.1003838 0.0913667 0.0910503 0.1366978 0.1459535 0.1545338 0.1013596 0.1313611 0.1287006 0.1188304 0.1568661 0.1002114 0.1460357 0.1348426 0.1724616 0.1134287 0.1353429 0.0994521 0.1179233 0.1433381 0.1260437 0.1071291 0.1293128 0.1366702 0.1594565 
S0376         0.1686031 0.0823886 0.0822695 0.1617143 0.0754049 0.1390870 0.1227296 0.0468590 0.0913067 0.0994485 0.1399491 0.1116845 0.1270718 0.1390870 0.0608717 0.1276773 0.0000000 0.0675220 0.1258847 0.1311165 0.0822695 0.0325352 0.0669293 0.0832017 0.1217900 0.1232337 0.0682448 0.0917553 0.1066201 0.0996987 0.0536851 0.0670040 0.0727549 0.1098212 0.1302402 0.0676149 0.0989764 0.0760038 0.0670040 0.0877368 0.0831452 0.1211410 0.1008146 0.1236984 0.1087873 0.0851979 0.0745698 0.1021333 0.0530633 0.1144320 0.1013646 0.1255968 0.0733946 0.1419684 0.0930920 0.0683110 0.1506344 0.0945280 0.1065692 0.0421560 0.0847052 0.1214446 0.0820244 0.0673819 0.1360725 0.0673344 0.0916470 0.0462712 0.1557494 0.0923448 0.0984891 0.1484389 0.1074838 0.1409118 0.1368173 0.1390870 0.1499527 0.0970129 0.1035490 0.0722406 0.0467634 0.0764739 0.0930261 0.0771504 0.0666217 0.0829048 0.1161537 0.0530984 0.0462180 0.0909634 0.0897369 0.0932262 0.1075801 0.0545289 0.0710428 0.0677949 0.0825108 0.1149280 0.0745297 0.1242557 0.0681831 0.0767415 0.0754459 0.0988172 0.0605099 0.0914244 0.1187259 0.0683367 0.0762711 0.0321633 0.0784533 
S0400         0.1702568 0.0529615 0.0828899 0.1632849 0.0324412 0.1579414 0.1223899 0.0614410 0.0327765 0.0684253 0.1579072 0.1292492 0.1371896 0.1403986 0.0608869 0.1457971 0.0675220 0.0000000 0.0621071 0.1220733 0.0828899 0.0668918 0.0818686 0.0767135 0.1576643 0.1242950 0.0127590 0.0399738 0.0919979 0.1163067 0.0624716 0.0125373 0.0811101 0.1104585 0.1394086 0.0611891 0.1194306 0.0193662 0.0125373 0.0963531 0.0837800 0.1565690 0.1094799 0.1087268 0.1258601 0.1096901 0.0898587 0.1189648 0.0676116 0.0997503 0.1088745 0.1520390 0.0819756 0.1688252 0.1096217 0.0836016 0.1702142 0.0950535 0.1153834 0.0420409 0.0847404 0.1569882 0.0388213 0.0678641 0.1544170 0.0125918 0.0466544 0.0606480 0.1571909 0.1087527 0.1148566 0.1485789 0.1083763 0.1421898 0.1610301 0.1579414 0.1694472 0.0388950 0.1375986 0.0901191 0.0399402 0.0194719 0.0333970 0.0618386 0.0686864 0.0258069 0.1012310 0.0534608 0.0465264 0.0326659 0.0736880 0.1006390 0.1244580 0.0064097 0.0939239 0.0535759 0.0256964 0.1158953 0.0390157 0.1341103 0.0929470 0.0773234 0.0754718 0.1152574 0.0754047 0.1076870 0.1120707 0.0688344 0.0541901 0.0750303 0.0845356 
S0405         0.1969855 0.0938639 0.1283064 0.1890460 0.0620022 0.1817393 0.1339154 0.0959641 0.0786379 0.0952166 0.1824707 0.1517501 0.1610600 0.1493183 0.0917464 0.1684002 0.1258847 0.0621071 0.0000000 0.1466290 0.1283064 0.1245136 0.1344205 0.1302639 0.1927322 0.1465339 0.0627950 0.0488554 0.1214376 0.1380443 0.1143279 0.0616251 0.1108975 0.1357568 0.1840897 0.1118028 0.1435439 0.0706670 0.0539302 0.1368931 0.1297944 0.2121591 0.1309612 0.1300514 0.1567897 0.1690450 0.1357960 0.1803512 0.1184508 0.1380022 0.1319352 0.1993407 0.1286096 0.2271517 0.1687888 0.1375780 0.1974230 0.1302150 0.1479875 0.0753574 0.1397169 0.1769029 0.0919872 0.1172612 0.1794662 0.0472479 0.0948190 0.1107388 0.1815855 0.1300328 0.1362219 0.1717031 0.1296145 0.1659018 0.2091018 0.1817393 0.1836924 0.0474781 0.1989649 0.1259366 0.0799961 0.0482953 0.0346246 0.0960159 0.1204185 0.0615529 0.1229208 0.0948398 0.0870809 0.0786249 0.0760800 0.1229560 0.1467577 0.0561507 0.1509073 0.0951532 0.0773515 0.1374971 0.0941284 0.1573113 0.1473681 0.1102062 0.1073580 0.1367360 0.1277142 0.1469532 0.1268979 0.1035802 0.0963876 0.1347247 0.1526896 
S0417         0.2042345 0.1032893 0.0948368 0.0607992 0.1215531 0.1204336 0.0379459 0.1042402 0.1140835 0.0955036 0.0517517 0.1231577 0.0445383 0.1243228 0.0944434 0.1303016 0.1311165 0.1220733 0.1466290 0.0000000 0.0948368 0.1383499 0.0933228 0.1307913 0.1750673 0.0285737 0.1234823 0.1351650 0.0682367 0.0437440 0.1032801 0.1208385 0.0773813 0.1181621 0.1687183 0.1114304 0.1148616 0.1336482 0.1208385 0.1045782 0.0869591 0.1520390 0.0521734 0.0764015 0.1199589 0.1251168 0.0931060 0.1253556 0.0851864 0.1120598 0.1213302 0.1460959 0.1011833 0.1553278 0.1251947 0.1041318 0.1353650 0.1044448 0.1368560 0.0730771 0.1075292 0.1634092 0.1132924 0.1105638 0.1430595 0.1121690 0.1110480 0.1109512 0.0140934 0.0445279 0.0514324 0.1112683 0.0596418 0.0438752 0.1920996 0.1204336 0.1302956 0.1404037 0.1734594 0.1101709 0.0780431 0.1150858 0.1272105 0.0954115 0.1119857 0.1236806 0.0769994 0.0856343 0.0856343 0.1036130 0.0278617 0.1120917 0.0514324 0.1048716 0.1352975 0.0859417 0.1412261 0.0361035 0.1033050 0.0854221 0.1601117 0.1059811 0.1026991 0.0595465 0.0943830 0.1300835 0.1141248 0.0943463 0.0961647 0.1500481 0.1561373 
S0419         0.1498146 0.0672047 0.0000010 0.1185731 0.0992095 0.1255619 0.1140423 0.0457355 0.0989155 0.0615657 0.1148956 0.1072026 0.1103793 0.1094756 0.0745916 0.1149811 0.0822695 0.0828899 0.1283064 0.0948368 0.0000000 0.0814759 0.0524245 0.0824072 0.1252501 0.0838031 0.0837704 0.1010018 0.0600728 0.0763512 0.0683654 0.0676848 0.0201708 0.0896802 0.1006081 0.0669873 0.1050910 0.0919113 0.0822198 0.0065413 0.0255811 0.1086568 0.0696706 0.0686918 0.0973096 0.0915578 0.0597245 0.0928692 0.0389592 0.0829952 0.1057968 0.1196026 0.0724352 0.1351908 0.0770520 0.0534787 0.1026510 0.0077023 0.0946597 0.0203891 0.0922640 0.1089150 0.0531829 0.0735839 0.1229741 0.0826402 0.0907579 0.0596741 0.1144104 0.0619922 0.0754570 0.1343564 0.0837926 0.0999891 0.1399041 0.1255619 0.1356693 0.1061937 0.1260228 0.0802169 0.0322120 0.0842362 0.0861479 0.0687260 0.0744131 0.0838045 0.0761322 0.0384149 0.0318511 0.0604527 0.1088741 0.0978475 0.0838884 0.0772683 0.0922569 0.0671637 0.0985094 0.0761258 0.0830405 0.0766960 0.1058029 0.0760058 0.0893571 0.0607521 0.0460647 0.0826786 0.0765952 0.0318511 0.0755440 0.0752630 0.0929898 
S0427         0.1666249 0.0815935 0.0814759 0.1598294 0.0892868 0.1374897 0.1213505 0.0464367 0.0903957 0.0984361 0.1224445 0.1104812 0.1256741 0.1374897 0.0745811 0.1262636 0.0325352 0.0668918 0.1245136 0.1383499 0.0814759 0.0000000 0.0663111 0.0823888 0.1204278 0.1219242 0.0676015 0.0908358 0.1055250 0.1141201 0.0617228 0.0663844 0.0796398 0.1096655 0.1287715 0.0669831 0.0988276 0.0752716 0.0663844 0.0945565 0.0823342 0.1198006 0.1074325 0.1223766 0.1076467 0.0923535 0.0738655 0.1010608 0.0525859 0.1132439 0.1076636 0.1241499 0.0726478 0.1209671 0.0849355 0.0605932 0.1488443 0.0943923 0.1054016 0.0417605 0.0990255 0.1200968 0.0958699 0.0667558 0.1345494 0.0667083 0.0907298 0.0458599 0.1540119 0.1067348 0.1127295 0.1467017 0.1063688 0.1393550 0.1351858 0.1374897 0.1481785 0.0960534 0.1024492 0.0813302 0.0463425 0.0757316 0.0920807 0.0834576 0.0669460 0.0820987 0.1149251 0.0526201 0.0458076 0.0900598 0.1067069 0.0995453 0.1220787 0.0540239 0.0551289 0.0671593 0.0817128 0.1137279 0.0738256 0.1229207 0.0766717 0.0689830 0.0893311 0.1131129 0.0532158 0.0905088 0.1174374 0.0676912 0.0755325 0.0394245 0.0776690 
S0552sl       0.1565570 0.0525175 0.0524245 0.1246924 0.0979275 0.1261776 0.1116622 0.0597446 0.0976391 0.0823568 0.1054333 0.1165934 0.1081445 0.1191147 0.0458275 0.1245723 0.0669293 0.0818686 0.1344205 0.0933228 0.0524245 0.0663111 0.0000000 0.0813990 0.1018659 0.0899506 0.0827278 0.0996685 0.0746299 0.0825443 0.0675543 0.0812169 0.0416080 0.0991407 0.1107823 0.0662092 0.1069868 0.0907378 0.0812169 0.0486759 0.0529606 0.1022090 0.0759547 0.0902291 0.1062716 0.0755534 0.0320311 0.0766026 0.0253888 0.0897114 0.1062822 0.1130214 0.0639126 0.1113131 0.0615226 0.0391805 0.1131125 0.0662708 0.0880740 0.0202715 0.0761695 0.1184813 0.0818815 0.0727214 0.1166488 0.0816263 0.0896165 0.0453521 0.1203537 0.0754897 0.0815843 0.1350289 0.0899489 0.1060990 0.1332436 0.1261776 0.1363558 0.1048088 0.1195563 0.0798980 0.0458242 0.0913114 0.1010487 0.0679050 0.0735302 0.0827588 0.0831170 0.0520310 0.0453008 0.0744051 0.1062594 0.0982878 0.0900443 0.0616789 0.0761825 0.0663808 0.0972429 0.0822975 0.0820157 0.0906100 0.0894421 0.0750813 0.0597296 0.0818392 0.0321530 0.0893975 0.0920603 0.0528961 0.0746310 0.0743565 0.0767124 
S0558         0.1690189 0.0755325 0.0824072 0.1621075 0.0930679 0.1567928 0.1323799 0.0610977 0.0927763 0.0923638 0.1568141 0.1363269 0.1362489 0.1394086 0.0754204 0.1375508 0.0832017 0.0767135 0.1302639 0.1307913 0.0824072 0.0823888 0.0813990 0.0000000 0.1491008 0.1234882 0.0775472 0.0947602 0.1068252 0.1155626 0.0546117 0.0760942 0.0806075 0.1110026 0.1476459 0.0535056 0.1200576 0.0705113 0.0760942 0.0957408 0.0832863 0.1461705 0.0931129 0.1169950 0.1250322 0.1167028 0.0893306 0.1260752 0.0672345 0.1146594 0.1251392 0.1509251 0.0890767 0.1579323 0.1089242 0.0764179 0.1689293 0.0955370 0.1235715 0.0422999 0.0848529 0.1465511 0.1072462 0.0743903 0.1533248 0.0764853 0.0999156 0.0603140 0.1561088 0.1001469 0.0986707 0.1664592 0.1076930 0.1412261 0.1531080 0.1567928 0.1681728 0.0847832 0.1479759 0.0895433 0.0468256 0.0862486 0.0961140 0.0770010 0.0608171 0.0928483 0.1163893 0.0531716 0.0462785 0.0839783 0.0914054 0.1166497 0.1077895 0.0709328 0.0696647 0.0678991 0.0771906 0.1151577 0.0620488 0.1332126 0.0916346 0.0768687 0.0903758 0.1145272 0.0749737 0.1070127 0.1027876 0.0684428 0.0763965 0.0910755 0.0941014 
S0616         0.2390822 0.1374130 0.1252501 0.1756474 0.1779207 0.1120920 0.1627507 0.1019718 0.1776161 0.1479852 0.1616814 0.1028227 0.1662526 0.1120920 0.1463162 0.0846182 0.1217900 0.1576643 0.1927322 0.1750673 0.1252501 0.1204278 0.1018659 0.1491008 0.0000000 0.1438687 0.1593104 0.1817506 0.1163055 0.1274702 0.1400661 0.1560390 0.1096729 0.1094416 0.1530283 0.1297012 0.0984752 0.1620338 0.1560390 0.1251903 0.1195651 0.0862466 0.1132941 0.1174016 0.0842902 0.1692526 0.1037155 0.1720646 0.1029947 0.1562529 0.1583640 0.1543363 0.1490679 0.0777126 0.1348647 0.1030710 0.1606189 0.1370140 0.1361529 0.0674576 0.1625894 0.0864476 0.1755415 0.1441614 0.1500293 0.1383403 0.1493325 0.1114188 0.1783269 0.1103043 0.1187724 0.1208635 0.1170217 0.1628687 0.0809360 0.1120920 0.1220648 0.1782119 0.0871835 0.1615012 0.1017593 0.1310200 0.1621585 0.1226696 0.1458945 0.1779067 0.1274791 0.1081853 0.1004528 0.1379428 0.1700095 0.1489643 0.1287578 0.1434570 0.1398621 0.1374213 0.1692779 0.1349976 0.1579188 0.1202062 0.1671283 0.1421816 0.1566348 0.1262867 0.0958310 0.1562998 0.1369316 0.1171345 0.1486610 0.1308699 0.1537752 
S0624         0.1789442 0.1065162 0.0838031 0.0260202 0.1424061 0.1096125 0.0199971 0.0919812 0.1246315 0.1081501 0.0525636 0.1169780 0.0194196 0.1027298 0.1145899 0.1083625 0.1232337 0.1242950 0.1465339 0.0285737 0.0838031 0.1219242 0.0899506 0.1234882 0.1438687 0.0000000 0.1255780 0.1451937 0.0392428 0.0321364 0.1084380 0.1231605 0.0501008 0.0818348 0.1288938 0.1061625 0.0769333 0.1347167 0.1231605 0.0807890 0.0768230 0.1441736 0.0327536 0.0460864 0.0979600 0.1170009 0.0908309 0.1187480 0.0754460 0.1233735 0.1436898 0.1110790 0.0817489 0.1543592 0.1186300 0.0918843 0.0944275 0.0673970 0.0968995 0.0499925 0.1273246 0.1616078 0.1242857 0.0977371 0.1173804 0.1071506 0.1158331 0.0980427 0.0252549 0.0325704 0.0387451 0.1181596 0.0322189 0.0125819 0.1688276 0.1096125 0.1193081 0.1497278 0.1631859 0.1069709 0.0767394 0.1096316 0.1380232 0.0926841 0.0988607 0.1257645 0.0464091 0.0684268 0.0758004 0.0994189 0.0136151 0.1348436 0.0388369 0.1104203 0.1350902 0.0839759 0.1415080 0.0062218 0.1245037 0.0534425 0.1317184 0.0855383 0.1221649 0.0527640 0.0834500 0.1316666 0.0937240 0.0834120 0.0930756 0.1318485 0.1365013 
S0641         0.1719618 0.0535342 0.0837704 0.1649418 0.0328003 0.1595853 0.1237135 0.0621153 0.0331429 0.0691664 0.1594706 0.1306195 0.1386260 0.1418949 0.0615486 0.1473113 0.0682448 0.0127590 0.0627950 0.1234823 0.0837704 0.0676015 0.0827278 0.0775472 0.1593104 0.1255780 0.0000000 0.0404209 0.0929821 0.1175212 0.0548098 0.0126771 0.0820329 0.1118247 0.1408856 0.0618568 0.1209925 0.0195848 0.0126771 0.0974229 0.0846779 0.1581856 0.1106443 0.1098782 0.1271707 0.1108574 0.0907991 0.1202295 0.0683362 0.1008053 0.1100301 0.1407278 0.0741741 0.1705759 0.1107855 0.0844949 0.1719863 0.0962855 0.1166590 0.0425334 0.0856572 0.1586130 0.0392430 0.0685930 0.1559968 0.0127328 0.0471696 0.0613057 0.1587415 0.1099023 0.1160441 0.1501394 0.1095213 0.1340825 0.1627250 0.1595853 0.1712080 0.0393183 0.1390397 0.0911448 0.0403872 0.0196935 0.0337773 0.0625204 0.0694319 0.0260950 0.1023156 0.0540447 0.0470388 0.0330299 0.0736880 0.1017146 0.1257449 0.0064838 0.0949422 0.0541613 0.0259822 0.1171007 0.0540514 0.1354939 0.0939475 0.0781680 0.0762783 0.1164528 0.0762110 0.1088193 0.1132842 0.0695840 0.0547901 0.0758292 0.0957306 
S0643         0.1944483 0.0690637 0.1010018 0.1871546 0.0399147 0.1819636 0.1441564 0.0784550 0.0551422 0.0783385 0.1807172 0.1318037 0.1595098 0.1634323 0.0776832 0.1686905 0.0917553 0.0399738 0.0488554 0.1351650 0.1010018 0.0908358 0.0996685 0.0947602 0.1817506 0.1451937 0.0404209 0.0000000 0.1109818 0.1367936 0.0798029 0.0396881 0.0916554 0.1237582 0.1621982 0.0781039 0.1341195 0.0477370 0.0396881 0.1164369 0.1021286 0.1802653 0.1297755 0.1288804 0.1470843 0.1300213 0.1082341 0.1400613 0.0846838 0.1191299 0.1022893 0.1761898 0.0916000 0.1937449 0.1298969 0.1018777 0.1953572 0.1079900 0.1370275 0.0586416 0.1033474 0.1718301 0.0682792 0.0838380 0.1776988 0.0398761 0.0703166 0.0773890 0.1798510 0.1288647 0.1350060 0.1719811 0.1284514 0.1643276 0.1856146 0.1819636 0.1839075 0.0262157 0.1682103 0.1101977 0.0556254 0.0480209 0.0202674 0.0789642 0.0860652 0.0545302 0.1210030 0.0697745 0.0624627 0.0551484 0.0929825 0.0940649 0.1454118 0.0338734 0.1133082 0.0699275 0.0542787 0.1362587 0.0621106 0.1558326 0.0998181 0.0955305 0.0931010 0.1355098 0.0930446 0.1276077 0.1158537 0.0862873 0.0707779 0.0998401 0.1143862 
S0656sl       0.1776134 0.0756609 0.0600728 0.0692008 0.1089473 0.1000911 0.0638521 0.0676264 0.1086391 0.0851240 0.0822031 0.0914316 0.0619117 0.0847842 0.0983457 0.0904710 0.1066201 0.0919979 0.1214376 0.0682367 0.0600728 0.1055250 0.0746299 0.1068252 0.1163055 0.0392428 0.0929821 0.1109818 0.0000000 0.0324952 0.0921284 0.0912228 0.0277132 0.0463385 0.1012702 0.0902185 0.0672342 0.1014544 0.0912228 0.0560229 0.0541198 0.1166427 0.0331257 0.0193638 0.0741366 0.1003112 0.0753556 0.1017770 0.0605031 0.0914213 0.1169750 0.1015897 0.0810678 0.1259608 0.1017378 0.0761977 0.0854569 0.0401340 0.0710914 0.0420637 0.1178225 0.1330486 0.0920079 0.0969890 0.0991122 0.0760741 0.0841602 0.0824024 0.0669803 0.0329383 0.0391785 0.1083433 0.0325794 0.0534532 0.1485889 0.1000911 0.1093745 0.1161069 0.1342693 0.1076035 0.0533387 0.0775593 0.1035665 0.0621029 0.0980969 0.0930433 0.0127706 0.0596084 0.0527169 0.0687458 0.0590530 0.1086557 0.0392716 0.0783348 0.1177675 0.0904826 0.1081871 0.0324202 0.1076839 0.0540588 0.1147999 0.0934311 0.1071424 0.0533659 0.0681588 0.1238975 0.0617673 0.0671445 0.0915959 0.1149254 0.1188851 
S0673         0.1879902 0.0988444 0.0763512 0.0611719 0.1178696 0.1105241 0.0557282 0.0844023 0.1166320 0.1003476 0.0820443 0.1014177 0.0540604 0.0946302 0.0915001 0.1003437 0.0996987 0.1163067 0.1380443 0.0437440 0.0763512 0.1141201 0.0825443 0.1155626 0.1274702 0.0321364 0.1175212 0.1367936 0.0324952 0.0000000 0.1006233 0.1152616 0.0355184 0.0640376 0.1286640 0.0985158 0.0775898 0.1265206 0.1152616 0.0646433 0.0703766 0.1278051 0.0129123 0.0392517 0.0831998 0.1008759 0.0833527 0.1108896 0.0681686 0.1154748 0.1293512 0.1202176 0.0975764 0.1376198 0.1105742 0.0843058 0.1031338 0.0583352 0.0966579 0.0499318 0.1106908 0.1448870 0.1005151 0.1053467 0.1171479 0.0994224 0.1079821 0.0905120 0.0592506 0.0063752 0.0126443 0.1191461 0.0256106 0.0459553 0.1616542 0.1105241 0.1203127 0.1414922 0.1462733 0.1170258 0.0693324 0.1017177 0.1296296 0.0778347 0.1065564 0.1176728 0.0395278 0.0757247 0.0684895 0.0917718 0.0277953 0.1205960 0.0061909 0.1024453 0.1268971 0.0988144 0.1333169 0.0254886 0.1165063 0.0464705 0.1314992 0.1020578 0.1002181 0.0258212 0.0760323 0.1236513 0.0763112 0.0759918 0.1083393 0.1238316 0.1281709 
S0689         0.1527578 0.0541224 0.0683654 0.1458951 0.0784015 0.1403753 0.1162193 0.0473171 0.0781307 0.0777968 0.1411810 0.1205725 0.1205129 0.1232725 0.0614540 0.1288557 0.0536851 0.0624716 0.1143279 0.1032801 0.0683654 0.0617228 0.0675543 0.0546117 0.1400661 0.1084380 0.0548098 0.0798029 0.0921284 0.1006233 0.0000000 0.0619838 0.0494936 0.0731697 0.1314554 0.0329357 0.0789677 0.0710851 0.0619838 0.0639404 0.0690927 0.1184523 0.0938205 0.1088210 0.1097937 0.1016009 0.0677101 0.1106521 0.0535699 0.0917746 0.1098209 0.1240182 0.0661685 0.1339179 0.0861357 0.0689605 0.1405329 0.0578708 0.0893926 0.0280889 0.0855093 0.1304499 0.0925101 0.0533088 0.1283605 0.0622966 0.0852664 0.0467184 0.1405566 0.0932121 0.0993932 0.1498036 0.0928647 0.1177467 0.1457999 0.1403753 0.1513411 0.0854378 0.1198212 0.0491462 0.0333059 0.0715359 0.0809518 0.0551495 0.0324939 0.0781815 0.1013447 0.0397125 0.0329199 0.0696727 0.0736880 0.1015273 0.1085678 0.0564896 0.0638704 0.0540814 0.0778005 0.1002892 0.0476104 0.1178184 0.0613261 0.0626128 0.0761541 0.0997273 0.0610860 0.0842675 0.0876487 0.0545242 0.0622250 0.0609970 0.0792181 
S0690         0.1513184 0.0525747 0.0676848 0.1616184 0.0322190 0.1563167 0.1212273 0.0609696 0.0325496 0.0536534 0.1563605 0.1280167 0.1358624 0.1390012 0.0604252 0.1443577 0.0670040 0.0125373 0.0616251 0.1208385 0.0676848 0.0663844 0.0812169 0.0760942 0.1560390 0.1231605 0.0126771 0.0396881 0.0912228 0.1152616 0.0619838 0.0000000 0.0804131 0.1093111 0.1380342 0.0607222 0.1180785 0.0192384 0.0124583 0.0797742 0.0830945 0.1549778 0.1085030 0.1077627 0.1246946 0.1087094 0.0891234 0.1178671 0.0670922 0.0837490 0.1079065 0.1504642 0.0812652 0.1670351 0.1086439 0.0829196 0.1683948 0.0758610 0.1142906 0.0345831 0.0840380 0.1382051 0.0385525 0.0673410 0.1528724 0.0125120 0.0463168 0.0601897 0.1556597 0.1000970 0.1138409 0.1470823 0.1074187 0.1408286 0.1593385 0.1563167 0.1676433 0.0386251 0.1362652 0.0893176 0.0396547 0.0193425 0.0263917 0.0613612 0.0681497 0.0256339 0.1003470 0.0530658 0.0461894 0.0324406 0.0893619 0.0997646 0.1233183 0.0063690 0.0931171 0.0531791 0.0255248 0.1148594 0.0530728 0.1328443 0.0921563 0.0766940 0.0748754 0.1142331 0.0748086 0.1067422 0.1110423 0.0682947 0.0537844 0.0601774 0.0938679 
S0720         0.1499599 0.0494876 0.0201708 0.0837700 0.0808808 0.0995418 0.0782411 0.0417048 0.0981955 0.0656390 0.0893698 0.0824139 0.0756345 0.0931085 0.0572364 0.0992067 0.0727549 0.0811101 0.1108975 0.0773813 0.0201708 0.0796398 0.0416080 0.0806075 0.1096729 0.0501008 0.0820329 0.0916554 0.0277132 0.0355184 0.0494936 0.0804131 0.0000000 0.0729518 0.0830068 0.0566717 0.0859981 0.0907102 0.0804131 0.0272955 0.0067055 0.0911507 0.0435503 0.0509896 0.0810562 0.0741067 0.0415340 0.0742553 0.0345230 0.0721405 0.0641878 0.0932664 0.0614576 0.1107310 0.0741101 0.0498498 0.0837565 0.0235495 0.0744336 0.0217248 0.0750845 0.1004997 0.0574748 0.0636728 0.0895630 0.0727075 0.0812581 0.0564776 0.0807958 0.0361399 0.0429490 0.1083839 0.0508208 0.0659453 0.1342986 0.0995418 0.1086618 0.0973392 0.1089400 0.0446215 0.0273905 0.0742032 0.0840488 0.0424539 0.0644392 0.0820652 0.0431751 0.0340131 0.0270650 0.0496320 0.0923349 0.0565248 0.0429490 0.0744848 0.0749399 0.0644115 0.0977646 0.0425360 0.0733166 0.0592119 0.0970628 0.0582421 0.0573548 0.0507423 0.0420207 0.0894100 0.0508379 0.0270650 0.0732864 0.0887366 0.0918462 
S0724sl       0.1855223 0.0728834 0.0896802 0.1227400 0.1100021 0.0225428 0.1068346 0.0816329 0.1309238 0.0922170 0.1188594 0.0803722 0.1130451 0.0227388 0.0912185 0.0224562 0.1098212 0.1104585 0.1357568 0.1181621 0.0896802 0.1096655 0.0991407 0.1110026 0.1094416 0.0818348 0.1118247 0.1237582 0.0463385 0.0640376 0.0731697 0.1093111 0.0729518 0.0000000 0.1301061 0.0913043 0.0237575 0.1222981 0.0911845 0.0996332 0.0828660 0.1074591 0.0737785 0.0734553 0.0537955 0.1312732 0.0988931 0.1315310 0.0904783 0.1098465 0.1197891 0.1446894 0.0989176 0.0723442 0.1212734 0.1098573 0.1533227 0.0848814 0.1002195 0.0677509 0.1250689 0.0898880 0.1199492 0.0993911 0.1089098 0.1003073 0.0992790 0.0997596 0.1176827 0.0652877 0.0726235 0.0303988 0.0724579 0.1007763 0.1114388 0.0225428 0.0304885 0.1295265 0.1088318 0.0785381 0.0642366 0.1026309 0.1148921 0.0737820 0.0812762 0.1310974 0.0644108 0.0633347 0.0633347 0.0914357 0.1287759 0.1100634 0.0726235 0.0925949 0.1137771 0.1007990 0.1302871 0.0728885 0.1017535 0.1113042 0.1297264 0.0839408 0.1015298 0.0818348 0.0901338 0.1105520 0.0916972 0.0984847 0.1007990 0.1290274 0.1463692 
S0735         0.2087234 0.1030568 0.1006081 0.1597493 0.1588802 0.1900700 0.1558839 0.1100435 0.1585593 0.1301296 0.1651381 0.1485111 0.1505529 0.1715186 0.1377362 0.1766339 0.1302402 0.1394086 0.1840897 0.1687183 0.1006081 0.1287715 0.1107823 0.1476459 0.1530283 0.1288938 0.1408856 0.1621982 0.1012702 0.1286640 0.1314554 0.1380342 0.0830068 0.1301061 0.0000000 0.1285408 0.1290049 0.1507635 0.1380342 0.1071302 0.1017225 0.1519728 0.1314073 0.1205148 0.1449094 0.1409606 0.1035860 0.1432168 0.0951849 0.1465112 0.1652894 0.0733369 0.1208116 0.1643332 0.1429422 0.1133349 0.0892296 0.0949083 0.0331101 0.0679633 0.1608915 0.1523854 0.1382127 0.1357230 0.0610331 0.1388491 0.1302547 0.1034627 0.1629403 0.1304740 0.1366639 0.2005562 0.1289823 0.1474838 0.1501698 0.1900700 0.2027063 0.1666045 0.1539278 0.1496070 0.0940498 0.1315318 0.1433594 0.1231750 0.1373465 0.1400891 0.0950681 0.1004872 0.0928542 0.0957013 0.1471481 0.1559116 0.1372023 0.1253025 0.1607117 0.1115608 0.1578854 0.1201787 0.1489492 0.1300233 0.1392665 0.1408155 0.1550851 0.1453852 0.0880572 0.1474131 0.1588589 0.0770742 0.1020954 0.1394039 0.1446187 
