119
PAFTOL_019361 0.0000000 0.3229227 0.0994983 0.2237623 0.2839802 0.2914730 0.2542009 0.2879279 0.3560695 0.2338998 0.2528839 0.2891458 0.2369114 0.2914730 0.2325301 0.3267436 0.2881017 0.2744096 0.2822332 0.2738841 0.2123756 0.2886463 0.2419289 0.2856243 0.2198574 0.2766670 0.2281361 0.2907800 0.2738109 4.8192460 0.3337831 0.3059226 0.2447818 0.2255291 0.2704991 0.2695483 0.2766613 0.2646394 0.3354146 0.2966497 0.2732833 0.2675737 0.2160691 0.2675737 0.2268064 0.2455983 0.2554440 0.3379119 0.2296717 0.2728850 0.1998842 0.2939087 0.3197381 0.3534331 0.2690703 0.2390692 0.2973583 4.8285891 0.2705676 0.2864398 0.2669253 0.3380580 0.2268064 0.3197620 0.3239942 0.3063355 0.2863890 0.2948270 0.3161693 0.2840873 0.2800634 0.3005787 0.2367295 0.2824515 0.2865141 0.0000010 0.2433955 0.2676437 0.2490771 4.8285891 0.2745977 0.2889847 0.3081500 0.2887935 0.2999494 0.2840873 0.3169744 0.2821865 0.3476172 0.2980750 0.2182603 0.3354115 0.3231967 0.2354050 0.2949281 0.2291899 0.2234028 0.2648834 0.3018436 0.2762514 0.0000010 0.3062090 0.2802562 0.2696009 0.1974752 0.2487331 0.2189040 0.2819605 0.2648959 0.2964720 0.3436323 0.2776928 0.2509939 0.2608939 0.2942902 0.2433955 0.2789178 0.2378331 0.2606602 
S0055         0.3229227 0.0000000 0.0897975 0.0998234 0.0878521 0.1514651 0.1038435 0.0817930 0.0867934 0.0754494 0.1342254 0.1442303 0.1019436 0.1484892 0.1061746 0.1055654 0.1456536 0.0822103 0.0857178 0.0810930 0.0863096 0.0781814 0.0914278 0.0915858 0.1098353 0.1322647 0.1017716 0.0972250 0.0610079 0.1137463 0.0964751 0.0804873 0.0931737 0.0918614 0.0693440 0.0780203 0.0998854 0.1540408 0.2003601 0.0903722 0.1555881 0.0760155 0.0848459 0.0854754 0.0796571 0.0913971 0.0968873 0.1710900 0.0970280 0.0882233 0.1445576 0.1083076 0.0989382 0.1078531 0.0937835 0.1665465 0.1048827 0.1448630 0.1437087 0.1005507 0.1073811 0.2062418 0.0794851 0.1846420 0.0998975 0.0913703 0.0852903 0.0846895 0.1651795 0.0954294 0.0916984 0.0909012 0.0953613 0.0843273 0.0949983 0.1590906 0.0967424 0.1036202 0.1274184 0.1427110 0.1418483 0.0943570 0.1766837 0.0916915 0.0769750 0.0931287 0.0869405 0.0386135 0.0988035 0.0812660 0.0907912 0.0791600 0.0964642 0.1003591 0.0853345 0.0796907 0.0783668 0.0956839 0.1076536 0.0774900 0.0959566 0.0909367 0.0922391 0.0862101 0.0725186 0.0690429 0.0887742 0.0836013 0.0732348 0.1132190 0.1048683 0.0990757 0.0840105 0.0835372 0.1453394 0.0857548 0.0886408 0.1032023 0.0837865 
S0196sl       0.0994983 0.0897975 0.0000000 0.0658604 0.0803690 0.1236609 0.0870858 0.0767914 0.0916840 0.1123278 0.1139938 0.1017235 0.0821238 0.1224463 0.0675563 0.1240644 0.1115005 0.1184430 0.0812052 0.0700075 0.0401601 0.0739751 0.0640220 0.0854723 0.0705966 0.1008823 0.0624938 0.0850185 0.0686078 0.0997786 0.1483672 0.0800197 0.0650030 0.0586971 0.0815060 0.0827468 0.0490531 0.1211362 0.1895878 0.0874547 0.1260329 0.0701473 0.0303519 0.0811825 0.0257721 0.0386297 0.0481760 0.1158123 0.0578847 0.0740206 0.1226386 0.0678863 0.0854241 0.1097904 0.0582533 0.1523162 0.0846116 0.1655273 0.1238801 0.0943904 0.0947719 0.1838596 0.0256526 0.1759132 0.0848670 0.0864784 0.1178002 0.0751166 0.1707316 0.0920949 0.1026826 0.0860304 0.0871815 0.0538741 0.0534814 0.1611355 0.0588975 0.0881085 0.0835016 0.1835365 0.1079139 0.0969873 0.1407055 0.1240114 0.0760269 0.0812052 0.1037989 0.1013071 0.0869109 0.1241582 0.0923677 0.0813553 0.0982930 0.0723932 0.1129729 0.0211989 0.0527651 0.0582533 0.0578264 0.0821865 0.0198907 0.0907741 0.0872182 0.0887182 0.0420254 0.0869183 0.0539557 0.0987877 0.0918775 0.1516213 0.1104201 0.0515041 0.0543897 0.0689882 0.1596513 0.0425936 0.0973976 0.1063951 0.0638426 
S0281         0.2237623 0.0998234 0.0658604 0.0000000 0.1141572 0.1114121 0.0938893 0.0695863 0.1278099 0.0995275 0.1219754 0.1119246 0.0990188 0.1051425 0.0792694 0.1098048 0.0936516 0.1108862 0.1069225 0.1067114 0.0926396 0.0779156 0.0762672 0.1161512 0.0904902 0.0964403 0.0789712 0.0779372 0.0951816 0.1213550 0.1244377 0.0994212 0.0874846 0.0695897 0.0799144 0.0970827 0.0624866 0.1102624 0.1307164 0.0872274 0.1067432 0.0993920 0.0513564 0.1038474 0.0467175 0.0530799 0.0793979 0.1234726 0.0788501 0.0685690 0.1188187 0.0828617 0.0731912 0.0931044 0.0554852 0.1174500 0.0950706 0.0992907 0.1279779 0.0864262 0.0884875 0.1354656 0.0467175 0.1303983 0.0778017 0.0864164 0.1057037 0.0785848 0.1151104 0.1126268 0.1237442 0.0734851 0.0989730 0.0713443 0.0838937 0.1536155 0.0817113 0.1005193 0.0955953 0.0963986 0.0983574 0.1197474 0.1379925 0.0748738 0.0694512 0.1101413 0.1045483 0.0841957 0.0924210 0.1078992 0.0639058 0.0887769 0.0793986 0.0845441 0.1101608 0.0489626 0.0896941 0.0552849 0.0915069 0.1031628 0.0563184 0.0874046 0.0725290 0.1033757 0.0760611 0.1096527 0.0772858 0.1059400 0.0839974 0.0837961 0.1002417 0.0872683 0.0710696 0.0684162 0.1304013 0.0460194 0.0671104 0.1272507 0.0664535 
S0282         0.2839802 0.0878521 0.0803690 0.1141572 0.0000000 0.1459422 0.1000971 0.1030151 0.0223695 0.0866931 0.1151933 0.1558472 0.0918906 0.1468624 0.1080258 0.1386770 0.1448900 0.0977302 0.0158996 0.0236159 0.0716487 0.0872493 0.0911406 0.1031206 0.1389783 0.1358940 0.1078198 0.1271707 0.0975379 0.1177472 0.0608298 0.0213936 0.0865517 0.1012278 0.0904416 0.0149832 0.1109178 0.1466875 0.1713320 0.0964586 0.1482411 0.0195840 0.0961527 0.0122557 0.0907747 0.0975299 0.1121267 0.1439829 0.1070315 0.1048498 0.1502093 0.1135901 0.1375963 0.1458866 0.1237503 0.1344996 0.1122207 0.1777767 0.1428818 0.1231232 0.1274991 0.1773819 0.0905780 0.1629846 0.1264326 0.1305229 0.0941878 0.1122629 0.1563599 0.0233173 0.0766635 0.1077051 0.1092272 0.1009257 0.1122474 0.1723552 0.1037857 0.1032140 0.1322158 0.1513751 0.1474746 0.0364903 0.1532088 0.1271975 0.1025465 0.0214723 0.0313826 0.0807994 0.1393385 0.0831500 0.1110268 0.1159817 0.1265554 0.0945590 0.0723811 0.0930729 0.0680825 0.1232251 0.1204684 0.0106248 0.0915513 0.1119947 0.1205212 0.0253768 0.0797130 0.0562713 0.0982375 0.0814494 0.0889637 0.1341773 0.1397431 0.1161672 0.1052456 0.1022625 0.1309491 0.0971262 0.1162789 0.1043286 0.0956192 
S0288         0.2914730 0.1514651 0.1236609 0.1114121 0.1459422 0.0000000 0.1229018 0.1196498 0.1724455 0.1352205 0.1547138 0.0958245 0.1396057 0.0116722 0.1282899 0.1465301 0.0121098 0.1049054 0.1467087 0.1432204 0.1358619 0.1136401 0.1123231 0.1304418 0.1376597 0.0096972 0.1150747 0.1284323 0.1382347 0.1578686 0.1669530 0.1399015 0.1173825 0.1074507 0.1122535 0.1292746 0.1257370 0.0157424 0.1792600 0.1306716 0.0217039 0.1309685 0.1318597 0.1370418 0.1248927 0.1053158 0.1290227 0.1207958 0.1187366 0.1127346 0.0537120 0.1356728 0.1540891 0.1564048 0.1302431 0.1761976 0.1221579 0.0892890 0.0899241 0.1359520 0.1386922 0.1823879 0.1248927 0.1815880 0.1351520 0.1305058 0.1394045 0.1328265 0.1688398 0.1565703 0.1641232 0.1275197 0.1459607 0.1000684 0.1122652 0.0533773 0.1228103 0.1290784 0.0835935 0.0090299 0.0078544 0.1452984 0.1169399 0.1409400 0.1225599 0.1536376 0.1364244 0.1337202 0.1503162 0.1341557 0.1087956 0.1441701 0.1360194 0.1127797 0.1545524 0.1252866 0.1346435 0.1296262 0.1074915 0.1357067 0.1597561 0.1349745 0.1067403 0.1335929 0.1056881 0.1416757 0.1108701 0.1509527 0.1179679 0.1204593 0.1193554 0.1168962 0.1135704 0.1180955 0.1763012 0.1159182 0.1095909 0.1331940 0.1158199 
S0289         0.2542009 0.1038435 0.0870858 0.0938893 0.1000971 0.1229018 0.0000000 0.0879905 0.0908136 0.1235074 0.0463892 0.1232938 0.0273639 0.1278637 0.0442759 0.1253593 0.1212637 0.0928361 0.0978669 0.0967690 0.0423219 0.0798672 0.0373938 0.0915145 0.0985851 0.1154136 0.0607266 0.0861831 0.1027339 0.0579890 0.1319280 0.0899473 0.0458053 0.0530809 0.0892226 0.0868037 0.0866216 0.1277222 0.1559967 0.1077225 0.1293298 0.0875093 0.0796028 0.0975748 0.0748545 0.0742506 0.0714989 0.1337396 0.0618014 0.0919910 0.1181970 0.0898683 0.0879602 0.1023119 0.0990302 0.1616295 0.1022697 0.1470041 0.1124758 0.0811211 0.1014689 0.1747778 0.0769057 0.1568809 0.0934880 0.1081546 0.1109362 0.0863593 0.1519838 0.1057134 0.1256206 0.0949808 0.0547004 0.0538050 0.0654069 0.1615476 0.0578453 0.0502602 0.1209532 0.1434201 0.1264428 0.1093280 0.1401433 0.1158963 0.0876023 0.1032971 0.0990917 0.0981728 0.1258454 0.1067090 0.0720107 0.1003954 0.1070434 0.0336251 0.1223332 0.0817670 0.0433189 0.0986290 0.0701404 0.0869341 0.0947419 0.1009099 0.0853969 0.0984581 0.0234198 0.1024288 0.0579395 0.1217515 0.1037908 0.1111864 0.1089518 0.0635342 0.0733338 0.0823886 0.1285596 0.0789803 0.0851829 0.1009678 0.0874576 
S0292         0.2879279 0.0817930 0.0767914 0.0695863 0.1030151 0.1196498 0.0879905 0.0000000 0.1398763 0.0921732 0.1165889 0.1242637 0.0972927 0.1252110 0.0805267 0.0701922 0.1217245 0.0985139 0.0959738 0.0919200 0.0632111 0.0843709 0.0741356 0.1043291 0.1127103 0.1103269 0.0746642 0.0700298 0.0983264 0.0998188 0.1322726 0.0903465 0.0816875 0.0735657 0.0724749 0.1001497 0.0722474 0.1304438 0.1569265 0.0947838 0.1320458 0.0856173 0.0727021 0.0956868 0.0656267 0.0690665 0.0854945 0.1471954 0.0828906 0.0447553 0.1277675 0.0694007 0.0918923 0.0767561 0.0784108 0.1393670 0.0637782 0.1491712 0.1400260 0.0798307 0.0878697 0.1683446 0.0676441 0.1505865 0.0849676 0.0617114 0.1081451 0.0350915 0.1349315 0.1014402 0.1184536 0.0445884 0.0838323 0.0566212 0.0663011 0.1364652 0.0807241 0.0971133 0.1041769 0.1330259 0.1237783 0.1074632 0.1469261 0.0580519 0.0104161 0.0990281 0.0939569 0.1018631 0.0536800 0.0969147 0.0741328 0.0250574 0.0307411 0.0809570 0.1115625 0.0723381 0.0647766 0.0781148 0.0731908 0.0897403 0.0311364 0.0372859 0.0472796 0.0942039 0.0662326 0.0953444 0.0737680 0.1060118 0.0794827 0.0647967 0.0675973 0.0762092 0.0584276 0.0426936 0.0959355 0.0616241 0.0387598 0.1128699 0.0389170 
S0293         0.3560695 0.0867934 0.0916840 0.1278099 0.0223695 0.1724455 0.0908136 0.1398763 0.0000000 0.1057648 0.0996495 0.1578747 0.0876198 0.1724455 0.0792590 0.1495685 0.1848524 0.0868629 0.0146563 0.0072713 0.0489997 0.0857379 0.0577306 0.1337519 0.0762670 0.1618123 0.0770705 0.1372182 0.0994976 0.0000010 0.0467376 0.0222898 0.0586371 0.0774796 0.1317725 0.0072117 0.1077294 0.1724455 0.1959466 0.0945074 0.1714281 0.0071672 0.0878779 0.0071672 0.0878779 0.0967838 0.1056872 0.1632376 0.0971954 0.1200483 0.1677125 0.1250461 0.1460186 0.1866402 0.1235015 0.1726206 0.1000027 0.0000010 0.1196478 0.1014869 0.1069917 0.2060832 0.0878779 0.2259856 0.1250855 0.1220069 0.1272641 0.1251109 0.1643340 0.0147562 0.0951948 0.1434408 0.0882227 0.1214059 0.1235130 0.0000010 0.0964945 0.0542565 0.1124228 0.0000010 0.1724455 0.0144802 0.1404778 0.0991940 0.1398763 0.0147562 0.0462558 0.0763158 0.1635838 0.1186794 0.1163795 0.1519444 0.1515198 0.0685537 0.0836585 0.0986663 0.0481382 0.1212375 0.1729225 0.0072751 0.0000010 0.1113332 0.1338523 0.0071672 0.0440054 0.0836585 0.0761600 0.0944521 0.1172900 0.1000511 0.1336260 0.1586502 0.0890846 0.1085898 0.1111824 0.0765238 0.1221489 0.1165584 0.1085898 
S0294         0.2338998 0.0754494 0.1123278 0.0995275 0.0866931 0.1352205 0.1235074 0.0921732 0.1057648 0.0000000 0.1379533 0.1490586 0.1161584 0.1396675 0.1120239 0.1403611 0.1327926 0.0946600 0.0845367 0.0798935 0.1045354 0.0856091 0.0997332 0.0999461 0.1224063 0.1265895 0.1080143 0.1292110 0.0910570 0.1396021 0.1075760 0.0792617 0.1062911 0.1075324 0.0835516 0.0821601 0.1104561 0.1483255 0.1751953 0.0990065 0.1499144 0.0725483 0.0966547 0.0842953 0.0912422 0.0971324 0.1076201 0.1703947 0.1105929 0.1022849 0.1562987 0.1224165 0.1304046 0.1437351 0.1157225 0.1580584 0.1219522 0.1414585 0.1450774 0.1276066 0.1320586 0.1805772 0.0910437 0.1781348 0.1204363 0.1270602 0.0771318 0.1112250 0.1555288 0.0943353 0.0853293 0.1051720 0.1136230 0.1024267 0.1139654 0.2298118 0.1126034 0.1151041 0.1285328 0.1260431 0.1386975 0.0863934 0.1617673 0.1275340 0.0928295 0.0920119 0.0834370 0.0591779 0.1349955 0.0792958 0.1117462 0.1028024 0.1165037 0.1063959 0.0814444 0.0912931 0.0955204 0.1176486 0.1194472 0.0760490 0.1220271 0.1184641 0.1070467 0.0827791 0.0831040 0.0541199 0.1069065 0.0749776 0.0829806 0.1343592 0.1367128 0.1107121 0.0915440 0.0996631 0.1431526 0.0985105 0.1003403 0.1002154 0.0929109 
S0299         0.2528839 0.1342254 0.1139938 0.1219754 0.1151933 0.1547138 0.0463892 0.1165889 0.0996495 0.1379533 0.0000000 0.1702733 0.0470444 0.1613157 0.0710509 0.1647621 0.1578727 0.1355287 0.1120674 0.1062418 0.0599440 0.0921077 0.0662305 0.1223818 0.0922521 0.1521220 0.0781120 0.1235477 0.1270371 0.1015305 0.1518980 0.1079484 0.0494812 0.0732410 0.1018362 0.0956799 0.1112553 0.1700234 0.1858593 0.1158212 0.1679164 0.1047900 0.1005790 0.1149814 0.0942867 0.0968886 0.0857863 0.1607980 0.0758571 0.1186258 0.1536128 0.1250996 0.1232341 0.1438670 0.1206766 0.1858131 0.1248965 0.1941711 0.1395997 0.1200854 0.1238336 0.1985689 0.0970158 0.1902450 0.1303706 0.1522075 0.1252764 0.1133753 0.1658709 0.1185457 0.1354902 0.1296089 0.0674711 0.0770528 0.0905601 0.2351771 0.0801251 0.0610259 0.1637885 0.1879525 0.1603140 0.1133877 0.1495723 0.1535955 0.1089650 0.1187426 0.1209438 0.1242007 0.1642407 0.1299060 0.1035340 0.1328164 0.1318755 0.0553203 0.1484525 0.1037625 0.0734075 0.1200163 0.0997097 0.1066316 0.1269541 0.1251920 0.1228125 0.1200001 0.0475773 0.1106264 0.0791526 0.1195702 0.1223237 0.1609980 0.1380091 0.0914187 0.0921445 0.1052601 0.1493476 0.1028100 0.1223922 0.1365928 0.1052443 
S0308         0.2891458 0.1442303 0.1017235 0.1119246 0.1558472 0.0958245 0.1232938 0.1242637 0.1578747 0.1490586 0.1702733 0.0000000 0.1370279 0.1020196 0.1157549 0.1464997 0.0868942 0.1357325 0.1534646 0.1529634 0.1125091 0.1197782 0.1042944 0.1394821 0.1461434 0.0911162 0.1173206 0.1138045 0.1372354 0.1475526 0.1756646 0.1466204 0.1191872 0.1119091 0.1223102 0.1469530 0.1278405 0.1045126 0.1953144 0.1358587 0.1084774 0.1386031 0.1250756 0.1529547 0.1166110 0.1211763 0.1420001 0.1166665 0.1350178 0.1275359 0.0849433 0.1427205 0.1447093 0.1381580 0.1475033 0.1772165 0.1274260 0.0846379 0.1059485 0.1337092 0.1339253 0.1950785 0.1187915 0.1824956 0.1301959 0.1482877 0.1547687 0.1275331 0.1702864 0.1571891 0.1522222 0.1310428 0.1343444 0.1094286 0.1184603 0.1338994 0.1339929 0.1278353 0.0867919 0.1048505 0.0930140 0.1653595 0.1095903 0.1315552 0.1290697 0.1545078 0.1606434 0.1208893 0.1490518 0.1467780 0.1367395 0.1436395 0.1316560 0.1113116 0.1548219 0.1243915 0.1108139 0.1468400 0.1143483 0.1434961 0.1083998 0.1322704 0.1093367 0.1456482 0.0987321 0.1411844 0.1236151 0.1526279 0.1301713 0.1416628 0.1379000 0.1254413 0.1179182 0.1222806 0.1860098 0.1204171 0.1090603 0.1512262 0.1226846 
S0320         0.2369114 0.1019436 0.0821238 0.0990188 0.0918906 0.1396057 0.0273639 0.0972927 0.0876198 0.1161584 0.0470444 0.1370279 0.0000000 0.1458097 0.0545754 0.1305817 0.1387302 0.1013958 0.0889123 0.0922191 0.0343778 0.0909972 0.0349905 0.0953043 0.0925093 0.1326239 0.0713761 0.0953760 0.1123772 0.0610361 0.1280145 0.0866099 0.0351724 0.0680335 0.0831371 0.0823939 0.0903605 0.1479457 0.1571624 0.1167401 0.1445465 0.0889876 0.0844161 0.0886566 0.0770338 0.0735839 0.0797342 0.1497325 0.0767228 0.0980873 0.1427261 0.0984931 0.0969066 0.1095423 0.1060769 0.1435409 0.1013194 0.1559271 0.1252131 0.0931350 0.1086237 0.1758266 0.0790900 0.1615497 0.1107295 0.1242801 0.1132706 0.0923732 0.1433339 0.0964206 0.1111223 0.1058765 0.0433406 0.0623302 0.0718858 0.1618888 0.0778429 0.0478129 0.1317316 0.1717556 0.1444744 0.1009100 0.1430273 0.1126962 0.0968577 0.0940924 0.0932823 0.0989264 0.1348476 0.1138367 0.0890325 0.1099775 0.1166927 0.0312166 0.1101681 0.0839844 0.0351677 0.1056422 0.0767256 0.0859088 0.0970345 0.1069259 0.1008783 0.0996942 0.0274147 0.0913199 0.0754011 0.1051107 0.0995688 0.1224113 0.1177569 0.0743789 0.0798569 0.0861483 0.1253340 0.0827286 0.1006239 0.1071173 0.0935471 
S0322         0.2914730 0.1484892 0.1224463 0.1051425 0.1468624 0.0116722 0.1278637 0.1252110 0.1724455 0.1396675 0.1613157 0.1020196 0.1458097 0.0000000 0.1297744 0.1446618 0.0151701 0.1209688 0.1479621 0.1447862 0.1246730 0.1040507 0.1150643 0.1286614 0.1478533 0.0105616 0.1160365 0.1322132 0.1427866 0.1684002 0.1694229 0.1417126 0.1224762 0.1082404 0.1129940 0.1432036 0.1254417 0.0105759 0.1972529 0.1358842 0.0158886 0.1307920 0.1305839 0.1388480 0.1245472 0.1067854 0.1276112 0.1313560 0.1183316 0.1233867 0.0607153 0.1311851 0.1501839 0.1577308 0.1345472 0.1821013 0.1218088 0.1125601 0.0936212 0.1370370 0.1450510 0.1937681 0.1242710 0.1961749 0.1361328 0.1275368 0.1482724 0.1392034 0.1814777 0.1569889 0.1582238 0.1267987 0.1512444 0.1037343 0.1149117 0.0376672 0.1194811 0.1383965 0.0946001 0.0148535 0.0106537 0.1466590 0.1309360 0.1390268 0.1270775 0.1543081 0.1441953 0.1425590 0.1500456 0.1490390 0.1107390 0.1470836 0.1402514 0.1167298 0.1432114 0.1246269 0.1232411 0.1339631 0.1156699 0.1406834 0.1380622 0.1335447 0.1048437 0.1363112 0.1027253 0.1456757 0.1071828 0.1515183 0.1154097 0.1223415 0.1276673 0.1142282 0.1114098 0.1206379 0.1903930 0.1063314 0.1130271 0.1348826 0.1186171 
S0327         0.2325301 0.1061746 0.0675563 0.0792694 0.1080258 0.1282899 0.0442759 0.0805267 0.0792590 0.1120239 0.0710509 0.1157549 0.0545754 0.1297744 0.0000000 0.1050379 0.1268571 0.1053697 0.1009348 0.1027636 0.0360311 0.0749389 0.0414808 0.0984915 0.0878627 0.1147566 0.0434192 0.0821620 0.1062924 0.0516080 0.1238956 0.0956767 0.0436787 0.0508691 0.0918047 0.1004155 0.0678076 0.1299636 0.1395717 0.0957083 0.1280988 0.0931785 0.0639319 0.1006303 0.0591643 0.0671514 0.0705041 0.1393384 0.0659363 0.0789797 0.1125021 0.0884569 0.0870215 0.0957240 0.0891494 0.1427087 0.0884899 0.1337885 0.1177230 0.0872041 0.1022522 0.1587701 0.0611610 0.1458132 0.0925624 0.0990073 0.1277149 0.0793139 0.1296517 0.1064288 0.1180755 0.0770863 0.0504782 0.0649375 0.0746450 0.1380967 0.0617283 0.0463221 0.1033562 0.1272405 0.1283705 0.1102380 0.1483594 0.0956314 0.0801793 0.1039978 0.1024641 0.1078292 0.1028983 0.1082305 0.0625337 0.0926435 0.0921200 0.0401121 0.1225516 0.0657458 0.0368999 0.0887986 0.0749239 0.0946859 0.0489571 0.0897820 0.0796482 0.1044500 0.0256532 0.1082314 0.0571734 0.1183427 0.0970977 0.0891524 0.1009590 0.0649098 0.0606856 0.0720312 0.1232066 0.0713800 0.0794525 0.1087579 0.0790638 
S0335         0.3267436 0.1055654 0.1240644 0.1098048 0.1386770 0.1465301 0.1253593 0.0701922 0.1495685 0.1403611 0.1647621 0.1464997 0.1305817 0.1446618 0.1050379 0.0000000 0.1406494 0.1083779 0.1310904 0.1260589 0.1057434 0.1180161 0.1076940 0.1277467 0.1227358 0.1310589 0.1036655 0.0900819 0.1188108 0.1269535 0.1682790 0.1275630 0.1153887 0.1029184 0.1023014 0.1188213 0.0999640 0.1529751 0.2156531 0.1211887 0.1491735 0.1194253 0.1041748 0.1306645 0.0960885 0.0939059 0.1139767 0.1831133 0.1062400 0.0677415 0.1585789 0.1097106 0.1089188 0.1101788 0.1100076 0.1914211 0.1037327 0.1884774 0.1779575 0.1051248 0.1157813 0.2279620 0.0982554 0.2054395 0.0936126 0.0701814 0.1580045 0.0773105 0.1847941 0.1307204 0.1554502 0.0717493 0.1131379 0.0813360 0.0897121 0.1738884 0.1099053 0.1293616 0.1325188 0.1494654 0.1400135 0.1433688 0.1785921 0.0778621 0.0611406 0.1281487 0.1276899 0.1083508 0.0997340 0.1423881 0.1005267 0.0748926 0.0769014 0.1190602 0.1481714 0.1036107 0.1085815 0.1095477 0.1090478 0.1157899 0.1283240 0.0754650 0.0610395 0.1293958 0.0981253 0.1407986 0.1004317 0.1398405 0.1074199 0.0746259 0.0419317 0.1004370 0.0833071 0.0654337 0.1489465 0.0838708 0.0623332 0.1352393 0.0678111 
S0355         0.2881017 0.1456536 0.1115005 0.0936516 0.1448900 0.0121098 0.1212637 0.1217245 0.1848524 0.1327926 0.1578727 0.0868942 0.1387302 0.0151701 0.1268571 0.1406494 0.0000000 0.1198899 0.1421409 0.1464303 0.1242553 0.1000115 0.1091963 0.1200885 0.1427950 0.0128694 0.1050316 0.1313919 0.1552048 0.1606063 0.1660580 0.1359138 0.1123413 0.1028204 0.1183914 0.1383609 0.1176661 0.0150571 0.1881373 0.1314603 0.0216522 0.1318648 0.1259733 0.1346474 0.1223687 0.1027907 0.1298884 0.1262704 0.1184811 0.1098907 0.0504800 0.1169024 0.1455518 0.1539142 0.1337237 0.1702844 0.1081096 0.1061200 0.0935361 0.1287496 0.1289635 0.1881627 0.1220398 0.1907024 0.1365812 0.1244146 0.1561245 0.1288239 0.1722109 0.1398889 0.1580088 0.1200054 0.1320983 0.0970995 0.1068758 0.0000010 0.1125957 0.1182370 0.0898780 0.0266008 0.0153067 0.1379926 0.1188405 0.1165077 0.1274431 0.1432960 0.1348626 0.1413680 0.1375813 0.1428750 0.1001161 0.1378198 0.1298685 0.1090337 0.1421256 0.1224622 0.1070886 0.1330220 0.1083387 0.1375558 0.0000010 0.1246395 0.0862196 0.1352783 0.0920764 0.1428448 0.1079777 0.1416639 0.1150494 0.0917890 0.1297585 0.1089880 0.1087335 0.1067215 0.1844975 0.1004791 0.0929529 0.1264305 0.1044807 
S0376         0.2744096 0.0822103 0.1184430 0.1108862 0.0977302 0.1049054 0.0928361 0.0985139 0.0868629 0.0946600 0.1355287 0.1357325 0.1013958 0.1209688 0.1053697 0.1083779 0.1198899 0.0000000 0.0955558 0.0944602 0.0752217 0.0734185 0.0907286 0.0693964 0.1178677 0.1062029 0.1081461 0.0997601 0.0689769 0.1291145 0.1174891 0.0926295 0.1029399 0.0899853 0.0740986 0.0812307 0.1135450 0.1208382 0.1995105 0.0923760 0.1278125 0.0856945 0.0968986 0.0904673 0.0914636 0.0953755 0.0999952 0.1599952 0.0988345 0.0968948 0.1202832 0.0970508 0.1173676 0.1194721 0.1142880 0.1650061 0.1051244 0.1595023 0.1255986 0.1082631 0.1161989 0.1968703 0.0912637 0.1895260 0.1065593 0.1137327 0.0924358 0.1042857 0.1704882 0.1031763 0.1117940 0.1047495 0.1111951 0.0794485 0.0852719 0.1592698 0.0948688 0.1006369 0.1281901 0.1470955 0.1196758 0.0994192 0.1522848 0.1188520 0.0956397 0.1008257 0.0899003 0.0731089 0.1232732 0.0936337 0.0930767 0.1088739 0.1153595 0.0912890 0.1025399 0.0963904 0.0676289 0.1138088 0.0999194 0.0872875 0.1401279 0.1036189 0.0976068 0.0929943 0.0676443 0.0900116 0.0887714 0.1058237 0.0834779 0.1039553 0.1016529 0.0914629 0.0912827 0.0943241 0.1620430 0.0909819 0.0973700 0.0643720 0.0923111 
S0400         0.2822332 0.0857178 0.0812052 0.1069225 0.0158996 0.1467087 0.0978669 0.0959738 0.0146563 0.0845367 0.1120674 0.1534646 0.0889123 0.1479621 0.1009348 0.1310904 0.1421409 0.0955558 0.0000000 0.0180476 0.0678633 0.0874818 0.0844061 0.0989374 0.1227566 0.1368773 0.1008773 0.1198970 0.0955540 0.1146657 0.0589218 0.0159423 0.0843976 0.0943265 0.0837689 0.0063255 0.1039054 0.1477840 0.1688583 0.0894749 0.1466618 0.0141514 0.0941924 0.0069233 0.0888287 0.0907592 0.1050240 0.1456198 0.1000014 0.0979783 0.1513938 0.1110444 0.1301988 0.1382513 0.1165554 0.1321547 0.1049585 0.1657351 0.1353065 0.1158427 0.1252007 0.1805871 0.0886357 0.1716903 0.1192035 0.1231670 0.0920486 0.1051475 0.1539260 0.0140874 0.0745591 0.1007690 0.1021846 0.0987257 0.1099871 0.1983929 0.0968430 0.1009173 0.1279047 0.1583274 0.1485827 0.0308246 0.1503811 0.1139084 0.0955413 0.0122969 0.0256773 0.0751762 0.1356196 0.0810335 0.1060517 0.1112525 0.1191803 0.0877107 0.0682828 0.0911263 0.0642846 0.1160656 0.1181751 0.0070550 0.1073090 0.1072549 0.1132694 0.0198091 0.0727688 0.0584336 0.0937468 0.0793229 0.0845990 0.1296723 0.1322242 0.1089388 0.0983452 0.0954330 0.1368220 0.0903841 0.1091723 0.1000925 0.0888415 
S0405         0.2738841 0.0810930 0.0700075 0.1067114 0.0236159 0.1432204 0.0967690 0.0919200 0.0072713 0.0798935 0.1062418 0.1529634 0.0922191 0.1447862 0.1027636 0.1260589 0.1464303 0.0944602 0.0180476 0.0000000 0.0551003 0.0839283 0.0831994 0.0954590 0.1198989 0.1336896 0.0998271 0.1190255 0.0920903 0.1203709 0.0688679 0.0142748 0.0824621 0.0932064 0.0769006 0.0152596 0.1005274 0.1446114 0.1728256 0.0781698 0.1462026 0.0179701 0.0930721 0.0180061 0.0876657 0.0873533 0.1030388 0.1477573 0.0982951 0.1023267 0.1512573 0.1048958 0.1281947 0.1340484 0.1156540 0.1350755 0.1011877 0.1800982 0.1372779 0.1085373 0.1243841 0.1907737 0.0874731 0.1815379 0.1233313 0.1197513 0.0885442 0.1041218 0.1531475 0.0256633 0.0770795 0.1054623 0.0972445 0.0976522 0.1090120 0.1723552 0.0957456 0.0995803 0.1243781 0.1720477 0.1454025 0.0311655 0.1585515 0.1190489 0.0915059 0.0237717 0.0240261 0.0758094 0.1273721 0.0798116 0.1075647 0.1071554 0.1126067 0.0865223 0.0707605 0.0899848 0.0515851 0.1151629 0.1172798 0.0145096 0.0771401 0.1060088 0.1123216 0.0218775 0.0687577 0.0607761 0.0870310 0.0772544 0.0804612 0.1318432 0.1246458 0.1109439 0.0972719 0.0999352 0.1387308 0.0892449 0.1081954 0.0966571 0.0931641 
S0407sl       0.2123756 0.0863096 0.0401601 0.0926396 0.0716487 0.1358619 0.0423219 0.0632111 0.0489997 0.1045354 0.0599440 0.1125091 0.0343778 0.1246730 0.0360311 0.1057434 0.1242553 0.0752217 0.0678633 0.0551003 0.0000000 0.0745914 0.0267474 0.1135017 0.0220951 0.1144091 0.0458796 0.0843050 0.0692541 0.0967822 0.1165182 0.0670858 0.0422343 0.0543398 0.0694079 0.0493783 0.0706422 0.1238176 0.1708745 0.0755379 0.1332573 0.0590232 0.0583449 0.0675311 0.0540556 0.0495402 0.0698333 0.1480796 0.0692003 0.0783553 0.1325281 0.0901418 0.0921865 0.1096083 0.0627668 0.1509949 0.0911275 3.3031164 0.1047441 0.0789742 0.0942683 0.1874748 0.0540556 0.1772817 0.0849248 0.0795138 0.1000500 0.0711112 0.1536173 0.0850510 0.1066331 0.0964659 0.0344800 0.0693716 0.0744364 0.1380967 0.0663984 0.0575104 0.0993224 3.3031164 0.1188821 0.0796173 0.1400004 0.0801809 0.0674072 0.0764094 0.0889222 0.0737507 0.0983177 0.1061990 0.0743164 0.0845184 0.0891175 0.0200337 0.1084558 0.0623844 0.0100287 0.0623418 0.0866819 0.0644456 0.0813860 0.0794853 0.0840815 0.0590193 0.0326270 0.0881749 0.0568446 0.1045463 0.0867800 0.1138377 0.0893512 0.0767786 0.0539633 0.0656919 0.0945126 0.0609613 0.0834634 0.0955257 0.0738119 
S0412sl       0.2886463 0.0781814 0.0739751 0.0779156 0.0872493 0.1136401 0.0798672 0.0843709 0.0857379 0.0856091 0.0921077 0.1197782 0.0909972 0.1040507 0.0749389 0.1180161 0.1000115 0.0734185 0.0874818 0.0839283 0.0745914 0.0000000 0.0804575 0.0961493 0.1069755 0.0956725 0.0756198 0.0957945 0.0723862 0.0996517 0.1013057 0.0845528 0.0751365 0.0736912 0.0682749 0.0747005 0.0833879 0.1097716 0.1683725 0.0622878 0.1141621 0.0751175 0.0829370 0.0847778 0.0774663 0.0753932 0.0875537 0.1356543 0.0840205 0.0758741 0.1144763 0.1039848 0.1043885 0.1132675 0.0878630 0.1585407 0.0981059 0.1292685 0.1231765 0.0962160 0.0919511 0.1761395 0.0774663 0.1577894 0.1010670 0.0861792 0.0814558 0.0840488 0.1485549 0.0926093 0.1041813 0.0810753 0.0933599 0.0755574 0.0886059 0.1816481 0.0761618 0.0772385 0.1196299 0.1032268 0.1031321 0.0941256 0.1470498 0.0970372 0.0792617 0.0952526 0.0813286 0.0782467 0.1189669 0.0794573 0.0784179 0.0947863 0.1002046 0.0784587 0.0994589 0.0747374 0.0716684 0.0930293 0.0988549 0.0759011 0.0553182 0.0958646 0.0841922 0.0773174 0.0578825 0.0795725 0.0747819 0.0900317 0.0649016 0.1057644 0.0996743 0.0926159 0.0775596 0.0756979 0.1297369 0.0817066 0.0834637 0.0943114 0.0759578 
S0417         0.2419289 0.0914278 0.0640220 0.0762672 0.0911406 0.1123231 0.0373938 0.0741356 0.0577306 0.0997332 0.0662305 0.1042944 0.0349905 0.1150643 0.0414808 0.1076940 0.1091963 0.0907286 0.0844061 0.0831994 0.0267474 0.0804575 0.0000000 0.0845164 0.0605992 0.1009474 0.0488678 0.0857175 0.0914804 0.0440871 0.1136150 0.0769510 0.0351680 0.0541334 0.0761405 0.0712179 0.0666298 0.1171472 0.1418875 0.0953168 0.1165592 0.0746410 0.0651194 0.0841654 0.0583191 0.0553545 0.0650091 0.1237561 0.0648099 0.0795614 0.1048115 0.0927767 0.0876164 0.0993205 0.0875906 0.1268535 0.0820148 0.1208600 0.0962194 0.0857468 0.1008207 0.1634199 0.0602879 0.1507534 0.0954271 0.0990935 0.0975985 0.0804128 0.1289825 0.0918259 0.1122513 0.0778800 0.0290068 0.0640773 0.0736375 0.1206039 0.0606743 0.0412258 0.0918438 0.1195615 0.1136177 0.0928616 0.1297477 0.0996757 0.0738266 0.0895169 0.0880789 0.0809033 0.1033379 0.0981119 0.0702171 0.0880401 0.0873518 0.0256150 0.1041561 0.0648010 0.0237997 0.0872523 0.0740771 0.0807343 0.0944949 0.0808200 0.0711917 0.0848950 0.0171936 0.0957459 0.0541519 0.1096170 0.0922338 0.0977356 0.1033416 0.0694092 0.0661677 0.0684571 0.1280444 0.0633923 0.0710211 0.0944087 0.0752904 
S0427         0.2856243 0.0915858 0.0854723 0.1161512 0.1031206 0.1304418 0.0915145 0.1043291 0.1337519 0.0999461 0.1223818 0.1394821 0.0953043 0.1286614 0.0984915 0.1277467 0.1200885 0.0693964 0.0989374 0.0954590 0.1135017 0.0961493 0.0845164 0.0000000 0.1229632 0.1134267 0.1012411 0.1046552 0.0926636 0.0875306 0.1212212 0.0865796 0.0869759 0.0782985 0.0871539 0.0945810 0.1142270 0.1338678 0.1732620 0.0969916 0.1354404 0.0888967 0.0954403 0.0960979 0.0901095 0.0962798 0.0961679 0.1423379 0.0837279 0.0956595 0.1109176 0.1070001 0.1216687 0.1213924 0.1228160 0.1488777 0.1059939 0.1236018 0.1140240 0.1060897 0.1102946 0.1861226 0.0899156 0.1767744 0.1144446 0.1144149 0.1082003 0.0991773 0.1618092 0.1065315 0.1055113 0.0981900 0.0969945 0.0729111 0.0784004 0.1994187 0.0856195 0.0953221 0.1164796 0.1147939 0.1272608 0.1027520 0.1559570 0.1350769 0.1038579 0.1041954 0.0933894 0.0796543 0.1292685 0.0993879 0.1041471 0.1147913 0.1212278 0.0826538 0.0895448 0.0923895 0.1012047 0.1222988 0.0926152 0.0930415 0.0919222 0.1120037 0.0987425 0.0995154 0.0549230 0.0939799 0.0776142 0.1027430 0.0936044 0.1190892 0.1127538 0.0860255 0.1013430 0.0977575 0.1581114 0.0987534 0.0985055 0.0576858 0.0957673 
S0428sl       0.2198574 0.1098353 0.0705966 0.0904902 0.1389783 0.1376597 0.0985851 0.1127103 0.0762670 0.1224063 0.0922521 0.1461434 0.0925093 0.1478533 0.0878627 0.1227358 0.1427950 0.1178677 0.1227566 0.1198989 0.0220951 0.1069755 0.0605992 0.1229632 0.0000000 0.1322782 0.0840462 0.1191453 0.1195857 0.1569212 0.1511345 0.1229750 0.0842868 0.0862429 0.0966750 0.1223267 0.0897985 0.1505455 0.1922530 0.1050137 0.1410128 0.1104590 0.0985398 0.1221982 0.0912306 0.0827140 0.0962542 0.1845085 0.0994367 0.1200899 0.1436928 0.1424779 0.1251706 0.1426892 0.1173569 0.1703223 0.1175091 0.2029109 0.1456062 0.1195803 0.1149918 0.2195551 0.0944097 0.2128134 0.1344747 0.1394736 0.1375977 0.1116717 0.1617504 0.1231223 0.1475813 0.1175068 0.0765674 0.0942552 0.1028503 0.0000010 0.0887516 0.0773671 0.1284371 0.1889823 0.1374607 0.1217082 0.1647796 0.1152979 0.1082084 0.1271727 0.1189575 0.1039700 0.1234109 0.1297274 0.0828628 0.1117888 0.1145765 0.0837648 0.1371882 0.1022454 0.0281508 0.1166150 0.1188353 0.1198185 0.0000010 0.0952293 0.0946336 0.1286331 0.0512519 0.1310212 0.0854739 0.1408807 0.1124429 0.1051592 0.1274864 0.0935664 0.1004102 0.1160137 0.1739615 0.0850451 0.0910979 0.1300537 0.1050109 
S0430         0.2766670 0.1322647 0.1008823 0.0964403 0.1358940 0.0096972 0.1154136 0.1103269 0.1618123 0.1265895 0.1521220 0.0911162 0.1326239 0.0105616 0.1147566 0.1310589 0.0128694 0.1062029 0.1368773 0.1336896 0.1144091 0.0956725 0.1009474 0.1134267 0.1322782 0.0000000 0.1017580 0.1169696 0.1334659 0.1517133 0.1649004 0.1309382 0.1106640 0.0999461 0.1048291 0.1270487 0.1108014 0.0141743 0.1855249 0.1196827 0.0158913 0.1204788 0.1191089 0.1281978 0.1133529 0.0931701 0.1160677 0.1163382 0.1097501 0.1087894 0.0492551 0.1165511 0.1337859 0.1407374 0.1179371 0.1765537 0.1216312 0.0991241 0.0876738 0.1271164 0.1348366 0.1821674 0.1131059 0.1845300 0.1264338 0.1177635 0.1365133 0.1238039 0.1709117 0.1454896 0.1465909 0.1119395 0.1351288 0.0926829 0.1032600 0.0246586 0.1132446 0.1282271 0.0829938 0.0072579 0.0070681 0.1357137 0.1157331 0.1284422 0.1148986 0.1429127 0.1331600 0.1299602 0.1338464 0.1372090 0.0984875 0.1310559 0.1246952 0.1078346 0.1322631 0.1134187 0.1127871 0.1174447 0.1039155 0.1298504 0.1236127 0.1231076 0.0969323 0.1298438 0.0936588 0.1296022 0.0963598 0.1348457 0.1071839 0.1100523 0.1151352 0.1024563 0.0976062 0.1061933 0.1746681 0.1003870 0.0989593 0.1223780 0.1042175 
S0478         0.2281361 0.1017716 0.0624938 0.0789712 0.1078198 0.1150747 0.0607266 0.0746642 0.0770705 0.1080143 0.0781120 0.1173206 0.0713761 0.1160365 0.0434192 0.1036655 0.1050316 0.1081461 0.1008773 0.0998271 0.0458796 0.0756198 0.0488678 0.1012411 0.0840462 0.1017580 0.0000000 0.0840436 0.1070413 0.0886884 0.1356123 0.0930128 0.0554678 0.0561560 0.0746117 0.0995906 0.0735329 0.1211113 0.1649003 0.0901747 0.1141102 0.0905935 0.0715132 0.1005794 0.0645771 0.0619267 0.0671275 0.1378231 0.0647676 0.0714017 0.0990035 0.0870144 0.0908850 0.1000039 0.0808216 0.1492296 0.0850341 0.1183968 0.1288349 0.0940881 0.0959218 0.1764898 0.0665601 0.1688730 0.0941756 0.0928624 0.1155478 0.0831931 0.1487721 0.1111107 0.1160709 0.0806172 0.0687456 0.0623542 0.0712836 0.1380967 0.0627297 0.0676242 0.0966518 0.1168985 0.1145814 0.1047702 0.1467328 0.0965531 0.0743504 0.1087094 0.1000119 0.0966592 0.1043944 0.1112607 0.0548003 0.0841346 0.0836710 0.0544012 0.1201285 0.0711616 0.0428115 0.0805142 0.0782989 0.0947587 0.0795255 0.0838141 0.0673398 0.1014797 0.0420597 0.1040503 0.0561738 0.1075233 0.0884815 0.0789586 0.0993839 0.0698651 0.0644227 0.0604430 0.1423437 0.0617348 0.0671786 0.1141178 0.0736111 
S0552sl       0.2907800 0.0972250 0.0850185 0.0779372 0.1271707 0.1284323 0.0861831 0.0700298 0.1372182 0.1292110 0.1235477 0.1138045 0.0953760 0.1322132 0.0821620 0.0900819 0.1313919 0.0997601 0.1198970 0.1190255 0.0843050 0.0957945 0.0857175 0.1046552 0.1191453 0.1169696 0.0840436 0.0000000 0.0997136 0.0925185 0.1466877 0.1114427 0.0850418 0.0889318 0.0865533 0.1160764 0.0808292 0.1373941 0.1698448 0.1041042 0.1339618 0.1088618 0.0769525 0.1143157 0.0698018 0.0731501 0.1072618 0.1484743 0.0936494 0.0802197 0.1259136 0.0206687 0.0492212 0.0180023 0.0880544 0.1672610 0.0907565 0.1284016 0.1373186 0.0456215 0.0540376 0.1808234 0.0718237 0.1662358 0.0493385 0.0879737 0.1387223 0.0713525 0.1627881 0.1257348 0.1407200 0.0805953 0.0966794 0.0471603 0.0560414 0.1349754 0.0995566 0.0827623 0.1080106 0.1507771 0.1310244 0.1316988 0.1582020 0.0930619 0.0654182 0.1232275 0.1219302 0.0952739 0.1028366 0.1265250 0.0812193 0.0840346 0.0818755 0.0839782 0.1333743 0.0765668 0.0864439 0.0877124 0.0669415 0.1105957 0.0687892 0.0822466 0.0718131 0.1206471 0.0625288 0.1243426 0.0876555 0.1307760 0.0999591 0.1013946 0.0878786 0.0650738 0.0489232 0.0734868 0.1186502 0.0725395 0.0666112 0.1216912 0.0759104 
S0558         0.2738109 0.0610079 0.0686078 0.0951816 0.0975379 0.1382347 0.1027339 0.0983264 0.0994976 0.0910570 0.1270371 0.1372354 0.1123772 0.1427866 0.1062924 0.1188108 0.1552048 0.0689769 0.0955540 0.0920903 0.0692541 0.0723862 0.0914804 0.0926636 0.1195857 0.1334659 0.1070413 0.0997136 0.0000000 0.1286536 0.1065824 0.0925619 0.1040733 0.0970862 0.0667086 0.0910402 0.0987720 0.1499965 0.1977639 0.0698545 0.1574796 0.0852688 0.0799097 0.0903512 0.0746974 0.0832422 0.1050793 0.1605482 0.1072239 0.0991319 0.1545869 0.0971758 0.1051496 0.1175208 0.0981125 0.1728143 0.1118222 0.1647343 0.1272267 0.1006921 0.1064805 0.2067664 0.0745331 0.1905428 0.0933700 0.1138676 0.0990427 0.1054890 0.1755035 0.1058168 0.1100653 0.1072037 0.1098952 0.0891398 0.1002941 0.1881349 0.1021689 0.1043280 0.1170098 0.1737246 0.1433621 0.1045221 0.1671134 0.1114133 0.0903498 0.1034004 0.0972118 0.0749546 0.1257654 0.0891949 0.1014690 0.1037163 0.1056130 0.0971298 0.0981637 0.0765480 0.0614895 0.1009756 0.1134781 0.0890719 0.0744857 0.1038987 0.1060503 0.0887677 0.0723877 0.0847872 0.0983526 0.0958345 0.0706394 0.1233897 0.1170249 0.1046154 0.0911839 0.0964919 0.1442528 0.0906556 0.1020161 0.0977887 0.0944356 
S0624         4.8192460 0.1137463 0.0997786 0.1213550 0.1177472 0.1578686 0.0579890 0.0998188 0.0000010 0.1396021 0.1015305 0.1475526 0.0610361 0.1684002 0.0516080 0.1269535 0.1606063 0.1291145 0.1146657 0.1203709 0.0967822 0.0996517 0.0440871 0.0875306 0.1569212 0.1517133 0.0886884 0.0925185 0.1286536 0.0000000 0.1383588 0.1018134 0.0605740 0.0823050 0.0925789 0.1036328 0.0963716 0.1792117 0.1708336 0.1341855 0.1768455 0.1025884 0.0960131 0.1185863 0.0843779 0.0913439 0.0949518 0.1599106 0.0867453 0.1070945 0.1486823 0.1118162 0.1040812 0.0932892 0.1179567 0.1622443 0.1008682 0.1488686 0.1510880 0.1057684 0.1254314 0.1960629 0.0875455 0.1674987 0.1153922 0.1222451 0.1220659 0.0992153 0.1662046 0.1229476 0.1329777 0.0885786 0.0572228 0.0775652 0.0930850 0.1501780 0.0826591 0.0415402 0.1412363 0.1644083 0.1683319 0.1249261 0.1764034 0.1447874 0.0953893 0.1191826 0.1092997 0.1182907 0.1361993 0.1150880 0.0997363 0.1077199 0.1234626 0.0620729 0.1239914 0.0875455 0.0878123 0.1179567 0.0789845 0.1081095 0.0860173 0.1171027 0.1008113 0.1199020 0.0331606 0.1152586 0.0773593 0.1414697 0.1137095 0.1442757 0.1121718 0.0867050 0.1016735 0.0923084 0.1493362 0.0907815 0.1029147 0.1277005 0.1039938 
S0641         0.3337831 0.0964751 0.1483672 0.1244377 0.0608298 0.1669530 0.1319280 0.1322726 0.0467376 0.1075760 0.1518980 0.1756646 0.1280145 0.1694229 0.1238956 0.1682790 0.1660580 0.1174891 0.0589218 0.0688679 0.1165182 0.1013057 0.1136150 0.1212212 0.1511345 0.1649004 0.1356123 0.1466877 0.1065824 0.1383588 0.0000000 0.0654502 0.1160598 0.1220864 0.1100842 0.0565889 0.1236851 0.1752395 0.2013697 0.1062812 0.1707097 0.0546404 0.1165601 0.0565146 0.1106237 0.1146420 0.1370812 0.1679580 0.1285189 0.1229606 0.1814678 0.1352420 0.1583646 0.1610198 0.1316694 0.1787556 0.1243678 0.1576797 0.1592315 0.1425350 0.1493080 0.1976656 0.1103735 0.1919336 0.1530534 0.1494003 0.0956175 0.1369121 0.1732291 0.0655390 0.0896398 0.1315248 0.1266300 0.1293735 0.1421588 0.2614470 0.1248715 0.1250133 0.1473045 0.1666044 0.1731353 0.0786670 0.1909591 0.1406270 0.1316246 0.0657180 0.0619328 0.0999325 0.1693100 0.0878995 0.1117309 0.1493525 0.1554086 0.1204692 0.0823219 0.1130995 0.1025707 0.1310911 0.1513215 0.0531099 0.1237563 0.1424794 0.1387504 0.0569636 0.0939292 0.0768858 0.1141246 0.0846456 0.1080242 0.1564995 0.1549987 0.1413765 0.1259258 0.1254902 0.1579190 0.1149122 0.1410462 0.1347040 0.1184187 
S0643         0.3059226 0.0804873 0.0800197 0.0994212 0.0213936 0.1399015 0.0899473 0.0903465 0.0222898 0.0792617 0.1079484 0.1466204 0.0866099 0.1417126 0.0956767 0.1275630 0.1359138 0.0926295 0.0159423 0.0142748 0.0670858 0.0845528 0.0769510 0.0865796 0.1229750 0.1309382 0.0930128 0.1114427 0.0925619 0.1018134 0.0654502 0.0000000 0.0769415 0.0865806 0.0785620 0.0127894 0.0959284 0.1415465 0.1572152 0.0865313 0.1431183 0.0158755 0.0864576 0.0159065 0.0812800 0.0831952 0.0969346 0.1415567 0.0920497 0.1005397 0.1399670 0.1035461 0.1214818 0.1262394 0.1082300 0.1215611 0.0941821 0.1479231 0.1314080 0.1074278 0.1166025 0.1743091 0.0811057 0.1655307 0.1156416 0.1198072 0.0799275 0.0970430 0.1426602 0.0233822 0.0762807 0.1033627 0.0916098 0.0908987 0.1017729 0.1723552 0.0890235 0.0899610 0.1185888 0.1527074 0.1423058 0.0287816 0.1519199 0.1201575 0.0899468 0.0215316 0.0198742 0.0696690 0.1234840 0.0783067 0.1000106 0.1052818 0.1130271 0.0800962 0.0700282 0.0835201 0.0635497 0.1077860 0.1097106 0.0124604 0.0771401 0.0989520 0.1049178 0.0215472 0.0652160 0.0601664 0.0858833 0.0765977 0.0818589 0.1299371 0.1287188 0.1035299 0.0953721 0.0979713 0.1276881 0.0828558 0.1010309 0.0971139 0.0913415 
S0645sl       0.2447818 0.0931737 0.0650030 0.0874846 0.0865517 0.1173825 0.0458053 0.0816875 0.0586371 0.1062911 0.0494812 0.1191872 0.0351724 0.1224762 0.0436787 0.1153887 0.1123413 0.1029399 0.0843976 0.0824621 0.0422343 0.0751365 0.0351680 0.0869759 0.0842868 0.1106640 0.0554678 0.0850418 0.1040733 0.0605740 0.1160598 0.0769415 0.0000000 0.0541746 0.0780662 0.0740083 0.0711209 0.1275729 0.1355892 0.1031859 0.1239374 0.0792490 0.0696365 0.0841569 0.0624739 0.0596456 0.0650611 0.1353818 0.0603946 0.0824887 0.1112171 0.0740756 0.0895714 0.0985036 0.0901505 0.1277629 0.0780706 0.1367508 0.1100419 0.0780123 0.0847096 0.1420611 0.0647012 0.1417158 0.0997626 0.0951200 0.1143715 0.0797888 0.1169079 0.0918187 0.1091773 0.0852702 0.0476010 0.0594525 0.0687807 0.1852900 0.0654572 0.0390989 0.1109576 0.1302123 0.1210611 0.0928547 0.1433485 0.1079825 0.0813384 0.0895092 0.0880807 0.0918186 0.1145329 0.1077900 0.0733163 0.0960191 0.1001331 0.0355503 0.1082172 0.0648584 0.0394301 0.0897993 0.0735061 0.0783646 0.0807810 0.0933639 0.0828082 0.0871404 0.0191255 0.0951624 0.0545928 0.1040765 0.0916468 0.1031519 0.1084599 0.0647321 0.0615140 0.0712095 0.1152873 0.0681493 0.0850629 0.0990496 0.0781578 
