123
PAFTOL_019361 0.0000000 0.1993303 0.1884715 0.1885428 0.1825721 0.2388697 0.2078084 0.1976327 0.1824558 0.3016555 0.1885427 0.1925687 0.1989584 0.2186710 0.1996321 0.1760993 0.1911542 0.2125379 0.2043973 0.1794390 0.2167326 0.2213430 0.1842143 0.2262926 0.2086559 0.1843941 0.2184981 0.1793405 0.1937902 0.1955053 0.2242964 0.1938123 0.1894754 0.2324088 0.2123666 0.1899800 0.2040551 0.1924526 0.1956754 0.1740275 0.1958394 0.1853120 0.2378814 0.2110091 0.1851325 0.2195471 0.1938073 0.1805342 0.1786419 0.2027362 0.1869072 0.1953672 0.2067164 0.1891774 0.1772977 0.1960125 0.1990053 0.2024139 0.1834144 0.2020406 0.1909805 0.2015819 0.1965782 0.1888146 0.2005363 0.1711105 0.1805501 0.1816032 0.2012380 0.2183563 0.2109590 0.2177002 0.2032981 0.1853956 0.2095105 0.2069977 0.1940825 0.1884935 0.2055707 0.2032499 0.2809015 0.2018754 0.1842122 0.2263977 0.1959359 0.2244792 0.1864158 0.2230354 0.1951368 0.2579398 0.2106902 0.2326896 0.2046542 0.1966824 0.1877330 0.2175172 0.1937425 0.1982514 0.2112594 0.1948243 0.1925946 0.2059068 0.2013396 0.2225076 0.6708085 0.2264425 0.1784144 0.2207413 0.2175763 0.2139920 0.2244536 0.2013381 0.2012975 0.2024978 0.2090417 0.2114107 0.1962865 0.2077471 0.2120371 0.1736117 0.1816213 0.2099019 0.1978588 
S0055         0.1993303 0.0000000 0.0660409 0.0700930 0.0615506 0.0490330 0.0917154 0.0667474 0.0822870 0.1022717 0.0679220 0.0979986 0.0973665 0.0767031 0.0982522 0.0606788 0.0768075 0.1166511 0.0962494 0.0599914 0.0375339 0.0459966 0.0633873 0.0947666 0.0700968 0.0572926 0.0884236 0.0806978 0.0669521 0.0606936 0.0816712 0.0921111 0.0608129 0.0486967 0.0347119 0.0668645 0.0792762 0.0574600 0.0699404 0.0693532 0.0951128 0.1182041 0.0952992 0.0429287 0.0604073 0.0430694 0.0665771 0.0579153 0.0633675 0.0888565 0.0889545 0.0606773 0.0631167 0.0603235 0.0916032 0.0520868 0.0522930 0.0669440 0.0877421 0.0729504 0.1156487 0.1112023 0.0903458 0.0493640 0.0610895 0.1194995 0.0666102 0.1149415 0.0548642 0.0879070 0.0987592 0.0426735 0.0888117 0.1207292 0.0374183 0.0431583 0.0756612 0.0606953 0.0633290 0.0668053 0.1751889 0.0759145 0.0760136 0.1196598 0.0951540 0.0343931 0.0917533 0.1093948 0.0958584 0.0756513 0.0400701 0.0241417 0.0958997 0.0317121 0.0698505 0.1027716 0.0945561 0.0670439 0.0430751 0.0731675 0.0603993 0.0759539 0.0573516 0.0434725 1.3445807 0.1287960 0.0700728 0.0472845 0.0863806 0.0286953 0.1018032 0.0289210 0.0664829 0.1057372 0.0619561 0.0637052 0.0544715 0.0632167 0.0806669 0.0523953 0.0726537 0.0929063 0.0541089 
S0196sl       0.1884715 0.0660409 0.0000000 0.0535352 0.0397484 0.0813747 0.0723025 0.0476998 0.0563565 0.1349843 0.0456351 0.0772908 0.0759832 0.0569026 0.0798863 0.0365583 0.0600005 0.0857840 0.0718092 0.0447894 0.0661147 0.0751517 0.0474336 0.0815502 0.0564583 0.0150628 0.0744976 0.0565300 0.0450231 0.0594968 0.0746051 0.0680993 0.0393734 0.0807113 0.0660009 0.0421885 0.0564638 0.0505703 0.0655020 0.0505098 0.0769347 0.0925537 0.0809789 0.0745296 0.0151070 0.0748481 0.0255666 0.0655016 0.0391278 0.0653047 0.0653278 0.0480047 0.0561202 0.0448242 0.0738293 0.0567711 0.0627816 0.0714908 0.0805126 0.0591339 0.0995760 0.0981229 0.0724313 0.0512729 0.0598780 0.0906217 0.0203487 0.0927912 0.0623258 0.0709000 0.0870789 0.0710138 0.0741368 0.1074789 0.0657908 0.0689780 0.0491830 0.0447991 0.0562383 0.0595458 0.1486040 0.0649320 0.0591804 0.1005731 0.0709802 0.0718816 0.0704079 0.0839564 0.0686119 0.1027775 0.0685275 0.0734489 0.0686436 0.0625920 0.0477890 0.0778927 0.0677326 0.0479424 0.0748770 0.0283976 0.0419863 0.0619787 0.0504782 0.0755674 0.6372165 0.0872730 0.0450886 0.0804080 0.0570716 0.0713359 0.0832979 0.0595541 0.0536305 0.0776922 0.0486786 0.0565622 0.0563814 0.0562049 0.0854828 0.0396322 0.0505031 0.0725495 0.0474392 
S0278         0.1885428 0.0700930 0.0535352 0.0000000 0.0514092 0.0889589 0.0752472 0.0283285 0.0626568 0.1269349 0.0288663 0.0841132 0.0797294 0.0450592 0.0867332 0.0283970 0.0600251 0.0861866 0.0754396 0.0508068 0.0732234 0.0854942 0.0307726 0.0965566 0.0392301 0.0449315 0.0841880 0.0384358 0.0421674 0.0662073 0.0848587 0.0687962 0.0176732 0.0882185 0.0730961 0.0312649 0.0567688 0.0505318 0.0661147 0.0594438 0.0837209 0.0926936 0.0853076 0.0818383 0.0392958 0.0789991 0.0508810 0.0659628 0.0475895 0.0681666 0.0716810 0.0536056 0.0627993 0.0335749 0.0743389 0.0546448 0.0633971 0.0629919 0.0817240 0.0654868 0.1067912 0.1060769 0.0729796 0.0573998 0.0661655 0.0969993 0.0448944 0.0959159 0.0653477 0.0714889 0.0909447 0.0813391 0.0869241 0.1149546 0.0759734 0.0761621 0.0618293 0.0335576 0.0561953 0.0594999 0.1449831 0.0648818 0.0361206 0.0982733 0.0776355 0.0791437 0.0644091 0.0942088 0.0752386 0.1033688 0.0696371 0.0875852 0.0813245 0.0630311 0.0566830 0.0812971 0.0682926 0.0365191 0.0822320 0.0598522 0.0255360 0.0683893 0.0504400 0.0830026 0.6372165 0.0815867 0.0511500 0.0881555 0.0423353 0.0785307 0.0832325 0.0663962 0.0630992 0.0783461 0.0601919 0.0565187 0.0631008 0.0628982 0.0892481 0.0484519 0.0566562 0.0823540 0.0538414 
S0281         0.1825721 0.0615506 0.0397484 0.0514092 0.0000000 0.0763750 0.0666080 0.0455312 0.0512760 0.1250221 0.0432905 0.0724458 0.0708902 0.0573778 0.0750755 0.0343022 0.0519495 0.0716574 0.0668558 0.0426020 0.0640607 0.0760951 0.0452746 0.0699193 0.0512057 0.0342646 0.0724411 0.0513949 0.0455768 0.0665912 0.0854126 0.0691733 0.0371358 0.0758074 0.0639489 0.0399713 0.0542499 0.0455661 0.0634700 0.0258927 0.0721082 0.0900780 0.0858279 0.0692457 0.0343713 0.0728817 0.0456685 0.0698656 0.0152479 0.0572612 0.0692095 0.0486265 0.0572518 0.0426353 0.0659684 0.0578993 0.0577143 0.0729421 0.0750763 0.0509848 0.0876757 0.0898779 0.0584560 0.0611375 0.0700844 0.0943585 0.0400809 0.0933000 0.0602659 0.0628897 0.0852392 0.0697407 0.0750199 0.0983082 0.0667898 0.0705582 0.0471358 0.0426116 0.0512455 0.0545260 0.1439567 0.0629109 0.0542095 0.0988570 0.0661279 0.0698865 0.0683665 0.0723331 0.0543433 0.1046543 0.0665110 0.0684540 0.0664068 0.0640054 0.0455244 0.0727678 0.0598497 0.0457656 0.0735256 0.0488442 0.0397775 0.0538055 0.0454832 0.0704167 0.9053923 0.0690079 0.0400007 0.0784373 0.0577727 0.0663633 0.0814367 0.0574617 0.0576330 0.0725831 0.0562204 0.0544563 0.0604582 0.0602633 0.0969796 0.0402006 0.0371423 0.0735369 0.0512294 
S0282         0.2388697 0.0490330 0.0813747 0.0889589 0.0763750 0.0000000 0.1049554 0.0822632 0.0914252 0.0730963 0.0869148 0.1138680 0.1106017 0.0898008 0.1208764 0.0759493 0.0902993 0.1035902 0.1024493 0.0750786 0.0150726 0.0283050 0.0756782 0.1021421 0.0922488 0.0753463 0.0937765 0.0975875 0.0822531 0.0791948 0.0944826 0.1086820 0.0791943 0.0419020 0.0177841 0.0824076 0.0953263 0.0793114 0.0825382 0.0910769 0.1176197 0.1306285 0.1046777 0.0283561 0.0755999 0.0201760 0.0694168 0.0696820 0.0847984 0.1052856 0.1022148 0.0828161 0.0718355 0.0724990 0.1146034 0.0702632 0.0764220 0.0857986 0.0953631 0.0881057 0.1348722 0.1291558 0.1175024 0.0639560 0.0760201 0.1320617 0.0754476 0.1273208 0.0792142 0.1047095 0.1125802 0.0600970 0.1110457 0.1403367 0.0203450 0.0509720 0.0920862 0.0790327 0.0855203 0.0893544 0.1896881 0.0912303 0.0984029 0.1374241 0.1109978 0.0229843 0.1123594 0.1135323 0.1022368 0.0559101 0.0255002 0.0509847 0.1087159 0.0517133 0.0855004 0.1156961 0.1110878 0.0890274 0.0511363 0.0889818 0.0758825 0.0911847 0.0791521 0.0177558 1.2656708 0.1371272 0.0790197 0.0318903 0.1028426 0.0340591 0.1112988 0.0337356 0.0819232 0.1022779 0.0803773 0.0792735 0.0668150 0.0719530 0.1038396 0.0671073 0.0846094 0.1053910 0.0626472 
S0288         0.2078084 0.0917154 0.0723025 0.0752472 0.0666080 0.1049554 0.0000000 0.0722560 0.0624161 0.1055524 0.0537387 0.0166988 0.0614995 0.0863680 0.0166988 0.0593076 0.0765669 0.0926392 0.0197214 0.0723529 0.0872342 0.0975832 0.0621316 0.1436393 0.0826069 0.0623753 0.0695838 0.0721060 0.0628729 0.0942355 0.1010285 0.0566681 0.0625543 0.1118989 0.0833575 0.0592983 0.0825161 0.0722917 0.0902812 0.0723039 0.0138775 0.1215768 0.1015747 0.1045281 0.0625976 0.0868576 0.0624339 0.0798114 0.0654049 0.0925101 0.0564941 0.0795328 0.0758470 0.0622700 0.0468385 0.0873386 0.0800434 0.1009531 0.1213375 0.0817636 0.1222480 0.1075587 0.0482030 0.0766230 0.0866294 0.1269763 0.0590087 0.1180355 0.0827907 0.0792435 0.0942254 0.0973100 0.0894609 0.1315306 0.0873152 0.0871665 0.0809066 0.0688047 0.0824373 0.0830838 0.0198058 0.0783395 0.0788250 0.0598766 0.0110654 0.0938389 0.0617596 0.0935941 0.0730195 0.0707484 0.0865023 0.1229885 0.0758497 0.0904673 0.0689881 0.0756632 0.0755648 0.0726665 0.0939884 0.0797593 0.0655084 0.0850288 0.0691152 0.0983116 0.6372165 0.1000561 0.0591281 0.0959883 0.0761881 0.1046914 0.0957540 0.0867557 0.0699140 0.0895501 0.0436960 0.0792449 0.0866636 0.0757871 0.1335969 0.0565540 0.0683314 0.0911389 0.0689676 
S0289         0.1976327 0.0667474 0.0476998 0.0283285 0.0455312 0.0822632 0.0722560 0.0000000 0.0566307 0.1197066 0.0260603 0.0807751 0.0732611 0.0365749 0.0833854 0.0230043 0.0602967 0.0820340 0.0721664 0.0421694 0.0668222 0.0788812 0.0201817 0.0942321 0.0309373 0.0421758 0.0746589 0.0355166 0.0365294 0.0628196 0.0844789 0.0714980 0.0177039 0.0815853 0.0667051 0.0257960 0.0537596 0.0392333 0.0599299 0.0564216 0.0804002 0.0929193 0.0788013 0.0753296 0.0423077 0.0756548 0.0480737 0.0661959 0.0418818 0.0684744 0.0715341 0.0421715 0.0567018 0.0281300 0.0741923 0.0545670 0.0539030 0.0693874 0.0939111 0.0652014 0.0936098 0.0993140 0.0692690 0.0576017 0.0664008 0.0972412 0.0480978 0.0961519 0.0592387 0.0653229 0.0845415 0.0748724 0.0744268 0.1013666 0.0695472 0.0758205 0.0497125 0.0281168 0.0447375 0.0478711 0.1493999 0.0559535 0.0362755 0.1010859 0.0743736 0.0726541 0.0647124 0.0875843 0.0689514 0.0979879 0.0692574 0.0798306 0.0749393 0.0600665 0.0507689 0.0782816 0.0621957 0.0309929 0.0756848 0.0569783 0.0202286 0.0680910 0.0391643 0.0763904 0.6372165 0.0988410 0.0453065 0.0813075 0.0366723 0.0720967 0.0709917 0.0601798 0.0570288 0.0687954 0.0435244 0.0449890 0.0569689 0.0567885 0.0893738 0.0426338 0.0507470 0.0758206 0.0479235 
S0292         0.1824558 0.0822870 0.0563565 0.0626568 0.0512760 0.0914252 0.0624161 0.0566307 0.0000000 0.1384852 0.0430282 0.0686812 0.0645212 0.0623380 0.0712805 0.0424441 0.0480207 0.0665270 0.0630438 0.0479789 0.0757145 0.0879600 0.0563081 0.0949818 0.0656691 0.0507176 0.0685814 0.0600969 0.0537424 0.0692789 0.0752416 0.0659258 0.0480770 0.0936246 0.0755839 0.0453064 0.0685309 0.0567872 0.0658802 0.0622661 0.0683655 0.1028053 0.0814485 0.0910875 0.0508790 0.0846613 0.0507608 0.0661287 0.0504602 0.0714740 0.0595440 0.0627889 0.0565448 0.0536603 0.0627669 0.0665711 0.0722755 0.0788113 0.0819713 0.0621398 0.1069377 0.0829147 0.0635859 0.0576045 0.0664008 0.1009354 0.0507859 0.0996919 0.0748100 0.0559605 0.0749528 0.0905296 0.0393784 0.1151140 0.0724194 0.0724864 0.0489423 0.0536284 0.0654098 0.0688705 0.1348365 0.0651843 0.0684428 0.0952073 0.0624951 0.0816176 0.0528286 0.0683297 0.0202655 0.1025374 0.0781223 0.0925028 0.0256475 0.0756530 0.0564708 0.0283769 0.0230194 0.0539914 0.0812556 0.0659575 0.0507318 0.0650057 0.0594771 0.0816825 0.7190497 0.0403249 0.0308133 0.0867673 0.0661754 0.0876945 0.0745182 0.0753367 0.0659715 0.0504167 0.0318499 0.0595614 0.0539875 0.0623862 0.1063632 0.0425979 0.0416921 0.0823974 0.0505082 
S0293         0.3016555 0.1022717 0.1349843 0.1269349 0.1250221 0.0730963 0.1055524 0.1197066 0.1384852 0.0000000 0.1254609 0.1612180 0.1536555 0.1398909 0.1645113 0.1246810 0.1368853 0.1343232 0.1509556 0.1164532 0.0672461 0.0833865 0.1198281 0.2102054 0.1388068 0.1280958 0.1230479 0.1420541 0.1212703 0.1364711 0.1465914 0.1548059 0.1240097 0.0996299 0.0709069 0.1276440 0.1431946 0.1356129 0.1323721 0.1425198 0.1609122 0.1865391 0.1512269 0.0898471 0.1285755 0.0700083 0.1180251 0.1139718 0.1305079 0.1411104 0.1350043 0.1398982 0.1133793 0.1204998 0.1611656 0.1223808 0.1254480 0.1288809 0.1573035 0.1201439 0.1916640 0.1733098 0.1603138 0.1077281 0.1178240 0.1887236 0.1202486 0.1786573 0.1203083 0.1502287 0.1540967 0.1137579 0.1606742 0.1939306 0.0670278 0.0921204 0.1334081 0.1168421 0.1427173 0.1475118 0.1983415 0.1346911 0.1405777 0.1583152 0.1569997 0.0769970 0.1443231 0.1797739 0.1550086 0.0806167 0.0797059 0.1514899 0.1584654 0.0944049 0.1356627 0.1665125 0.1533368 0.1193454 0.0997587 0.1410326 0.1201825 0.1234750 0.1353009 0.0738577 1.2656708 0.2472815 0.1281147 0.0894023 0.1511055 0.0900460 0.1577303 0.0899616 0.1260452 0.1505815 0.0880433 0.1355450 0.1253993 0.1239753 0.1624619 0.1148463 0.1341318 0.1474159 0.1129577 
S0299         0.1885427 0.0679220 0.0456351 0.0288663 0.0432905 0.0869148 0.0537387 0.0260603 0.0430282 0.1254609 0.0000000 0.0639436 0.0623071 0.0346051 0.0665855 0.0207542 0.0553467 0.0573256 0.0583217 0.0429073 0.0710639 0.0800330 0.0205970 0.1013814 0.0234777 0.0344756 0.0729363 0.0392236 0.0317594 0.0668248 0.0828702 0.0578173 0.0128193 0.0861839 0.0709387 0.0208206 0.0517457 0.0427786 0.0609288 0.0544451 0.0636454 0.0820068 0.0770074 0.0763143 0.0401774 0.0801093 0.0459978 0.0703842 0.0397675 0.0666247 0.0576287 0.0487932 0.0606084 0.0233378 0.0605299 0.0581005 0.0640541 0.0731993 0.0884621 0.0570991 0.0857507 0.0811485 0.0586358 0.0615906 0.0706066 0.0861850 0.0460213 0.0852105 0.0631862 0.0575635 0.0671012 0.0761773 0.0667066 0.0966993 0.0677534 0.0740274 0.0505520 0.0233265 0.0485897 0.0547139 0.1272353 0.0572776 0.0315353 0.0837463 0.0577319 0.0770337 0.0622460 0.0735713 0.0550136 0.0944034 0.0735288 0.0923161 0.0609044 0.0610958 0.0486038 0.0581520 0.0485448 0.0261927 0.0801446 0.0549902 0.0153812 0.0599713 0.0456372 0.0809046 0.6372165 0.0874815 0.0403507 0.0860521 0.0346986 0.0764303 0.0756043 0.0642104 0.0580558 0.0641923 0.0330393 0.0517191 0.0609018 0.0607041 0.0944506 0.0376937 0.0458326 0.0772308 0.0515995 
S0303         0.1925687 0.0979986 0.0772908 0.0841132 0.0724458 0.1138680 0.0166988 0.0807751 0.0686812 0.1612180 0.0639436 0.0000000 0.0674461 0.0974798 0.0176066 0.0657338 0.0853807 0.1055606 0.0232119 0.0775198 0.0974096 0.1070132 0.0713721 0.1578484 0.0904560 0.0683249 0.0901295 0.0850756 0.0808574 0.1072629 0.1103515 0.0628502 0.0717153 0.1202820 0.0937609 0.0688009 0.0866948 0.0809930 0.0940862 0.0801218 0.0150545 0.1190034 0.1109008 0.1134450 0.0685496 0.1036032 0.0683838 0.0911062 0.0712552 0.0962368 0.0716556 0.0842661 0.0836832 0.0739661 0.0479393 0.0979456 0.0943691 0.1143255 0.1383597 0.0926327 0.1133720 0.0997695 0.0582704 0.0913643 0.1008004 0.1238555 0.0684161 0.1224410 0.0898480 0.0843408 0.0879749 0.1063273 0.0969607 0.1249425 0.0868959 0.1004401 0.0903453 0.0775304 0.0900913 0.0939245 0.0603308 0.0799693 0.0903849 0.0815389 0.0099751 0.1035176 0.0679446 0.0977776 0.0785942 0.1080267 0.0997605 0.1370260 0.0845091 0.0973392 0.0742326 0.0879313 0.0870883 0.0811968 0.1067499 0.0844607 0.0744453 0.0956845 0.0806040 0.1077440 0.6372165 0.1412479 0.0656111 0.1094076 0.0876120 0.1098406 0.0960705 0.0969222 0.0809057 0.0938917 0.0432666 0.0838923 0.0972502 0.0870672 0.1378254 0.0629418 0.0741433 0.0980248 0.0802933 
S0308         0.1989584 0.0973665 0.0759832 0.0797294 0.0708902 0.1106017 0.0614995 0.0732611 0.0645212 0.1536555 0.0623071 0.0674461 0.0000000 0.0833100 0.0641159 0.0611698 0.0772710 0.1057598 0.0558103 0.0637809 0.0970822 0.1101957 0.0638591 0.1376915 0.0794437 0.0668588 0.0731537 0.0769237 0.0643472 0.0834116 0.1064619 0.0402888 0.0672103 0.1097322 0.0969127 0.0579287 0.0761459 0.0673414 0.0826946 0.0856533 0.0611683 0.1084791 0.0995821 0.1061290 0.0670828 0.1034419 0.0643564 0.0969290 0.0727674 0.0856512 0.0643113 0.0734778 0.0829112 0.0731492 0.0489778 0.0805066 0.0824305 0.0965739 0.1129698 0.0826502 0.1091872 0.0883765 0.0564187 0.0907714 0.0971707 0.1132217 0.0734722 0.1086908 0.0922348 0.0796815 0.0705439 0.1062525 0.0755902 0.1314654 0.0934834 0.1035420 0.0792670 0.0695579 0.0763760 0.0766537 0.1247921 0.0788035 0.0890563 0.0739414 0.0552425 0.1033540 0.0571536 0.0935766 0.0806027 0.1170850 0.0994978 0.1368234 0.0798942 0.0898178 0.0637921 0.0840622 0.0764920 0.0767735 0.1066732 0.0832676 0.0699845 0.0857262 0.0701297 0.1076939 0.7939641 0.1160251 0.0643517 0.1061505 0.0838448 0.1066069 0.0982864 0.0895300 0.0762591 0.0838675 0.0436653 0.0831235 0.0734600 0.0894168 0.1263093 0.0647231 0.0701026 0.0876077 0.0733280 
S0320         0.2186710 0.0767031 0.0569026 0.0450592 0.0573778 0.0898008 0.0863680 0.0365749 0.0623380 0.1398909 0.0346051 0.0974798 0.0833100 0.0000000 0.1001286 0.0367860 0.0695842 0.0978674 0.0885767 0.0536634 0.0769393 0.0893959 0.0309721 0.0948415 0.0255253 0.0455083 0.0841413 0.0537932 0.0425659 0.0820943 0.0819242 0.0877324 0.0258203 0.0921445 0.0768047 0.0397799 0.0691350 0.0566079 0.0725465 0.0718606 0.0970175 0.1005554 0.0883706 0.0856607 0.0513721 0.0860365 0.0573583 0.0853718 0.0565229 0.0845525 0.0815409 0.0597704 0.0751802 0.0365550 0.0904841 0.0760937 0.0788162 0.0917621 0.0883162 0.0810626 0.1109746 0.0899013 0.0893700 0.0703314 0.0794602 0.1050771 0.0573866 0.1038820 0.0777446 0.0744073 0.0755520 0.0880866 0.0870690 0.1193196 0.0797176 0.0831534 0.0648352 0.0365356 0.0623844 0.0657981 0.1665856 0.0678174 0.0366291 0.1189890 0.0907161 0.0829409 0.0843963 0.0942612 0.0748432 0.1106032 0.0856459 0.0933287 0.0875858 0.0727266 0.0659648 0.0847963 0.0743024 0.0395612 0.0860781 0.0666091 0.0283952 0.0840729 0.0565027 0.0868911 0.4133601 0.1118979 0.0569525 0.0851163 0.0456618 0.0852401 0.0863064 0.0699705 0.0631709 0.0908285 0.0431522 0.0627495 0.0631183 0.0753051 0.1034779 0.0546953 0.0625095 0.0886778 0.0630215 
S0322         0.1996321 0.0982522 0.0798863 0.0867332 0.0750755 0.1208764 0.0166988 0.0833854 0.0712805 0.1645113 0.0665855 0.0176066 0.0641159 0.1001286 0.0000000 0.0683317 0.0880372 0.1090243 0.0178604 0.0741624 0.1041338 0.1138922 0.0739636 0.1493402 0.0930830 0.0709134 0.0837643 0.0878132 0.0834701 0.1034058 0.1001185 0.0596458 0.0743195 0.1273858 0.1003970 0.0714051 0.0893032 0.0836086 0.0905032 0.0864533 0.0024608 0.1150405 0.1071048 0.1204253 0.0711465 0.1104133 0.0709743 0.1001259 0.0738444 0.0988546 0.0714580 0.0868910 0.0802543 0.0801868 0.0505514 0.0910326 0.0906773 0.1103654 0.1228242 0.0952381 0.1094541 0.1024769 0.0521337 0.0877041 0.0970266 0.1197900 0.0710075 0.1184319 0.0862589 0.0869664 0.0906198 0.1131607 0.0932569 0.1276291 0.0933815 0.1072050 0.0867112 0.0801316 0.0927089 0.0965611 0.0636490 0.0765304 0.0867738 0.0789041 0.0074263 0.1103240 0.0706262 0.1004323 0.0812290 0.1141203 0.1064734 0.1380585 0.0871404 0.1040610 0.0768233 0.0844122 0.0897066 0.0838191 0.1136138 0.0870919 0.0770428 0.0982907 0.0832090 0.1146752 0.6372165 0.1332308 0.0682039 0.1131043 0.0902459 0.1101261 0.1016841 0.1036108 0.0843778 0.0965268 0.0547092 0.0865059 0.0998964 0.0865274 0.1405634 0.0596716 0.0767300 0.1007944 0.0769149 
S0327         0.1760993 0.0606788 0.0365583 0.0283970 0.0343022 0.0759493 0.0593076 0.0230043 0.0424441 0.1246810 0.0207542 0.0657338 0.0611698 0.0367860 0.0683317 0.0000000 0.0458210 0.0790930 0.0573133 0.0339136 0.0607468 0.0726362 0.0228816 0.0825364 0.0311138 0.0311707 0.0628270 0.0357957 0.0283326 0.0599794 0.0723152 0.0567921 0.0151929 0.0753280 0.0606410 0.0206317 0.0423725 0.0282093 0.0512547 0.0450026 0.0654321 0.0804289 0.0660799 0.0691731 0.0312663 0.0694704 0.0368399 0.0601819 0.0337694 0.0566648 0.0568258 0.0366061 0.0508872 0.0256043 0.0594566 0.0514778 0.0541354 0.0661470 0.0815431 0.0535296 0.0842497 0.0862664 0.0578041 0.0516879 0.0603668 0.0845009 0.0368589 0.0835636 0.0566585 0.0508700 0.0721560 0.0687548 0.0655103 0.0947727 0.0634548 0.0636084 0.0438223 0.0255916 0.0391606 0.0422124 0.1350478 0.0474675 0.0337278 0.0851690 0.0595966 0.0665097 0.0553996 0.0722259 0.0542453 0.0913194 0.0631920 0.0743082 0.0600475 0.0572782 0.0394932 0.0632260 0.0478820 0.0284453 0.0694945 0.0454427 0.0177214 0.0563486 0.0336743 0.0701409 0.6372165 0.0810660 0.0314645 0.0748511 0.0340957 0.0660030 0.0649276 0.0542616 0.0483749 0.0630747 0.0321016 0.0393784 0.0511223 0.0509629 0.0828975 0.0315039 0.0367897 0.0666796 0.0422571 
S0335         0.1911542 0.0768075 0.0600005 0.0600251 0.0519495 0.0902993 0.0765669 0.0602967 0.0480207 0.1368853 0.0553467 0.0853807 0.0772710 0.0695842 0.0880372 0.0458210 0.0000000 0.0786490 0.0736021 0.0542067 0.0773088 0.0898365 0.0599471 0.1044564 0.0695371 0.0542507 0.0728922 0.0703029 0.0573489 0.0724767 0.0761186 0.0787609 0.0515697 0.0916338 0.0771740 0.0487456 0.0693516 0.0604646 0.0640017 0.0599899 0.0849767 0.1006322 0.0867341 0.0830534 0.0544265 0.0831898 0.0548193 0.0728007 0.0539724 0.0687983 0.0756388 0.0666007 0.0571508 0.0572586 0.0783413 0.0667901 0.0724003 0.0753132 0.0823018 0.0754380 0.0982554 0.1009124 0.0802226 0.0640412 0.0730294 0.0986208 0.0514323 0.0975013 0.0720400 0.0336324 0.0858529 0.0857378 0.0742319 0.1129668 0.0801021 0.0805335 0.0554656 0.0572239 0.0692584 0.0728169 0.1472788 0.0754904 0.0658097 0.1094102 0.0787932 0.0833440 0.0748688 0.0662552 0.0541903 0.1044674 0.0828113 0.0950320 0.0658957 0.0672150 0.0632622 0.0691382 0.0654212 0.0606110 0.0832024 0.0698481 0.0482441 0.0784341 0.0631976 0.0801576 0.5226781 0.0863533 0.0369108 0.0889117 0.0700851 0.0856527 0.0947524 0.0732061 0.0669541 0.0630528 0.0322216 0.0668019 0.0566990 0.0696455 0.1002229 0.0459906 0.0396705 0.0896559 0.0573072 
S0345         0.2125379 0.1166511 0.0857840 0.0861866 0.0716574 0.1035902 0.0926392 0.0820340 0.0665270 0.1343232 0.0573256 0.1055606 0.1057598 0.0978674 0.1090243 0.0790930 0.0786490 0.0000000 0.0863630 0.0822777 0.0952228 0.1069999 0.0741664 0.1361453 0.0901780 0.0783384 0.1065871 0.0670455 0.0905298 0.1119069 0.1247480 0.0946920 0.0746499 0.1058550 0.0950820 0.0747317 0.1062170 0.0986167 0.1072286 0.0775093 0.1051814 0.1256932 0.1381827 0.1069530 0.0823985 0.1031520 0.0824480 0.1201042 0.0737210 0.1096963 0.0865245 0.1025503 0.0979999 0.0673546 0.0898310 0.1115317 0.1198947 0.1287821 0.1136780 0.0846615 0.1222820 0.0977666 0.0964993 0.1122406 0.1248966 0.1134151 0.0862770 0.1346417 0.1141778 0.0964215 0.1060844 0.1157907 0.0969392 0.1457050 0.1004071 0.1116574 0.0890284 0.0780214 0.1011935 0.1153651 0.1578844 0.1089989 0.0975613 0.1028434 0.1012832 0.1032332 0.0970525 0.0903711 0.0781524 0.1106338 0.0909020 0.1246456 0.0821896 0.1082172 0.0938293 0.0856447 0.0852708 0.0781754 0.1201383 0.0949939 0.0707186 0.0883170 0.1020995 0.1033342 0.5226781 0.0943072 0.0629260 0.1006072 0.0942144 0.1034175 0.1225470 0.0943484 0.1074762 0.0249571 0.0834957 0.1027864 0.1027119 0.1146476 0.1328593 0.0833158 0.0703598 0.1078663 0.0938206 
S0355         0.2043973 0.0962494 0.0718092 0.0754396 0.0668558 0.1024493 0.0197214 0.0721664 0.0630438 0.1509556 0.0583217 0.0232119 0.0558103 0.0885767 0.0178604 0.0573133 0.0736021 0.0863630 0.0000000 0.0689725 0.0924512 0.1020925 0.0629169 0.1373488 0.0816961 0.0628906 0.0785372 0.0760018 0.0722401 0.0951596 0.0949482 0.0544552 0.0632158 0.1154102 0.0888110 0.0603302 0.0780346 0.0723643 0.0852417 0.0782381 0.0152714 0.1198042 0.1018067 0.1085526 0.0630971 0.0986786 0.0571345 0.0885754 0.0657574 0.0874500 0.0632004 0.0786965 0.0750554 0.0690288 0.0482478 0.0856626 0.0853857 0.1020609 0.1165707 0.0839230 0.1174583 0.0966203 0.0496952 0.0825122 0.0918474 0.1247009 0.0629755 0.1232678 0.0881875 0.0816399 0.0821181 0.0982704 0.0943490 0.1362276 0.0889462 0.0882457 0.0813129 0.0689835 0.0813664 0.0850970 0.0741126 0.0773971 0.0816343 0.0766340 0.0126876 0.0985944 0.0622179 0.0826265 0.0728205 0.1036389 0.0948466 0.1264784 0.0784485 0.0923816 0.0686684 0.0820797 0.0812959 0.0725442 0.0944426 0.0788761 0.0659412 0.0869444 0.0715656 0.1027968 1.0073491 0.1215774 0.0572082 0.1043954 0.0788571 0.1049467 0.0964863 0.0919826 0.0791153 0.0789316 0.0436962 0.0752421 0.0853476 0.0813126 0.1249060 0.0603430 0.0656769 0.0954901 0.0717380 
S0376         0.1794390 0.0599914 0.0447894 0.0508068 0.0426020 0.0750786 0.0723529 0.0421694 0.0479789 0.1164532 0.0429073 0.0775198 0.0637809 0.0536634 0.0741624 0.0339136 0.0542067 0.0822777 0.0689725 0.0000000 0.0600576 0.0718076 0.0419359 0.0688902 0.0476508 0.0393123 0.0390152 0.0447990 0.0395223 0.0536025 0.0592926 0.0683378 0.0367121 0.0744711 0.0599540 0.0395125 0.0564981 0.0450013 0.0507048 0.0534205 0.0771618 0.0958113 0.0625562 0.0714521 0.0394344 0.0686810 0.0395993 0.0595052 0.0419337 0.0653454 0.0683734 0.0480187 0.0447688 0.0421454 0.0651780 0.0480646 0.0535312 0.0596026 0.0610092 0.0507226 0.0995388 0.0750179 0.0695693 0.0454615 0.0539443 0.0905875 0.0451612 0.0957372 0.0560288 0.0592822 0.0704523 0.0710235 0.0682680 0.1074385 0.0627365 0.0660043 0.0408935 0.0421222 0.0506056 0.0538374 0.1490280 0.0559400 0.0564329 0.0975895 0.0711911 0.0657547 0.0615196 0.0842435 0.0599632 0.1024951 0.0624794 0.0678222 0.0658281 0.0596047 0.0478172 0.0569552 0.0531608 0.0452335 0.0717826 0.0539454 0.0393231 0.0535276 0.0449205 0.0693359 0.6372165 0.0876369 0.0423942 0.0771819 0.0570827 0.0652592 0.0678620 0.0476969 0.0451746 0.0748387 0.0485275 0.0508945 0.0449699 0.0448331 0.0852059 0.0397364 0.0449121 0.0395884 0.0363612 
S0400         0.2167326 0.0375339 0.0661147 0.0732234 0.0640607 0.0150726 0.0872342 0.0668222 0.0757145 0.0672461 0.0710639 0.0974096 0.0970822 0.0769393 0.1041338 0.0607468 0.0773088 0.0952228 0.0924512 0.0600576 0.0000000 0.0177391 0.0605358 0.0896233 0.0763879 0.0602767 0.0781105 0.0840139 0.0700433 0.0667473 0.0848050 0.0922159 0.0638522 0.0283038 0.0075075 0.0669395 0.0855457 0.0699195 0.0670454 0.0754280 0.1009783 0.1168072 0.0884617 0.0229789 0.0604745 0.0099377 0.0603290 0.0575992 0.0693618 0.0952641 0.0890557 0.0733056 0.0569723 0.0574903 0.0980236 0.0580353 0.0641941 0.0731120 0.0823101 0.0725284 0.1208583 0.1148696 0.1004565 0.0489486 0.0608041 0.1180717 0.0603585 0.1135887 0.0667642 0.0884773 0.0990608 0.0512628 0.0946356 0.1254775 0.0100199 0.0399674 0.0757495 0.0637275 0.0759928 0.0796785 0.1698394 0.0816291 0.0854187 0.1197958 0.0945825 0.0125770 0.0952752 0.1096451 0.0859875 0.0449553 0.0150702 0.0402885 0.0922589 0.0374186 0.0759729 0.0989504 0.0946628 0.0732807 0.0398913 0.0732501 0.0606944 0.0755128 0.0697824 0.0100240 1.2656708 0.1235612 0.0637206 0.0209287 0.0864795 0.0285670 0.1011846 0.0203986 0.0665580 0.0923110 0.0616409 0.0698864 0.0576290 0.0570599 0.0903826 0.0521528 0.0692149 0.0890446 0.0481497 
S0405         0.2213430 0.0459966 0.0751517 0.0854942 0.0760951 0.0283050 0.0975832 0.0788812 0.0879600 0.0833865 0.0800330 0.1070132 0.1101957 0.0893959 0.1138922 0.0726362 0.0898365 0.1069999 0.1020925 0.0718076 0.0177391 0.0000000 0.0723792 0.1013622 0.0887481 0.0720642 0.0903155 0.0972200 0.0760880 0.0697720 0.0972513 0.1050040 0.0758420 0.0390269 0.0100312 0.0790193 0.0981216 0.0820666 0.0791441 0.0876262 0.1106827 0.1233960 0.1010664 0.0256116 0.0723048 0.0228975 0.0721270 0.0664399 0.0814109 0.1081035 0.0987154 0.0855898 0.0686078 0.0692373 0.1108852 0.0699082 0.0762510 0.0853645 0.0945956 0.0846784 0.1275333 0.1285607 0.1136712 0.0607585 0.0727040 0.1215987 0.0721610 0.1201395 0.0788153 0.1010942 0.1120717 0.0627737 0.1043328 0.1328176 0.0230905 0.0512027 0.0884795 0.0756891 0.0882866 0.0921462 0.1812926 0.0939918 0.0979632 0.1334120 0.1041652 0.0151249 0.1085324 0.1196877 0.0986237 0.0559888 0.0228032 0.0506238 0.1019849 0.0486620 0.0882668 0.1119386 0.1074134 0.0855603 0.0511068 0.0822857 0.0725728 0.0877286 0.0819014 0.0231007 1.3003839 0.1360505 0.0756776 0.0290383 0.0992025 0.0366850 0.1141156 0.0309382 0.0785591 0.1050932 0.0741801 0.0820275 0.0694169 0.0687182 0.1002124 0.0638715 0.0812317 0.1028309 0.0595233 
S0407sl       0.1842143 0.0633873 0.0474336 0.0307726 0.0452746 0.0756782 0.0621316 0.0201817 0.0563081 0.1198281 0.0205970 0.0713721 0.0638591 0.0309721 0.0739636 0.0228816 0.0599471 0.0741664 0.0629169 0.0419359 0.0605358 0.0723792 0.0000000 0.0944729 0.0254742 0.0364567 0.0742202 0.0353725 0.0309347 0.0655885 0.0839721 0.0623432 0.0124975 0.0750614 0.0604308 0.0256570 0.0506947 0.0390180 0.0567335 0.0561013 0.0710446 0.0893993 0.0812310 0.0689311 0.0420726 0.0633159 0.0478033 0.0658089 0.0416515 0.0652396 0.0680718 0.0419380 0.0563783 0.0175900 0.0650079 0.0570353 0.0596908 0.0718283 0.0876829 0.0648259 0.0963472 0.0891826 0.0634567 0.0572674 0.0660114 0.0936331 0.0478271 0.0925913 0.0589012 0.0649462 0.0749726 0.0744308 0.0739909 0.1038654 0.0632342 0.0753682 0.0494232 0.0227332 0.0444898 0.0476031 0.1378391 0.0528985 0.0307221 0.0907961 0.0651625 0.0662771 0.0613552 0.0870566 0.0657240 0.0849219 0.0629732 0.0800275 0.0744972 0.0597195 0.0476100 0.0717632 0.0618397 0.0255195 0.0752335 0.0566517 0.0099403 0.0676974 0.0389498 0.0698919 0.6372165 0.0990909 0.0450526 0.0713690 0.0364709 0.0657740 0.0705438 0.0598316 0.0567016 0.0716573 0.0429227 0.0447386 0.0566422 0.0564639 0.0888235 0.0423950 0.0504614 0.0753680 0.0476548 
S0412sl       0.2262926 0.0947666 0.0815502 0.0965566 0.0699193 0.1021421 0.1436393 0.0942321 0.0949818 0.2102054 0.1013814 0.1578484 0.1376915 0.0948415 0.1493402 0.0825364 0.1044564 0.1361453 0.1373488 0.0688902 0.0896233 0.1013622 0.0944729 0.0000000 0.0874605 0.0757658 0.0926202 0.0965775 0.1001977 0.1003779 0.0507897 0.1070800 0.0895046 0.1018266 0.0889428 0.1030472 0.1157922 0.0950357 0.0352014 0.0944091 0.1493402 0.1411244 0.0352410 0.0951752 0.0822138 0.1085851 0.0943314 0.0881609 0.0821112 0.1217921 0.1210366 0.1011297 0.0871880 0.0886993 0.1341222 0.0885947 0.1226578 0.1081528 0.0609565 0.1056643 0.1423466 0.0871470 0.1204308 0.1020766 0.1226007 0.1365573 0.0823870 0.1425540 0.1222168 0.1156380 0.0867005 0.1083083 0.1368266 0.1631670 0.0957934 0.0889614 0.1069124 0.0944336 0.0950357 0.1077860 0.3334219 0.1001671 0.1153338 0.1830502 0.1424149 0.0959382 0.1556757 0.1209978 0.1149654 0.9955056 0.1012971 0.0882609 0.1244619 0.0714219 0.1007291 0.1165399 0.1203722 0.0959272 0.0952095 0.0953373 0.0823482 0.1117799 0.1014491 0.1101872 1.2656708 0.1387353 0.0825478 0.1034256 0.1085286 0.0823363 0.1202793 0.0827793 0.0351738 0.1016150 0.0000010 0.0824222 0.0882521 0.0937509 0.1081453 0.0646536 0.0819670 0.0874855 0.0812623 
S0417         0.2086559 0.0700968 0.0564583 0.0392301 0.0512057 0.0922488 0.0826069 0.0309373 0.0656691 0.1388068 0.0234777 0.0904560 0.0794437 0.0255253 0.0930830 0.0311138 0.0695371 0.0901780 0.0816961 0.0476508 0.0763879 0.0887481 0.0254742 0.0874605 0.0000000 0.0451574 0.0774465 0.0445451 0.0394391 0.0782987 0.0904981 0.0809281 0.0203868 0.0914780 0.0731858 0.0340176 0.0512212 0.0449507 0.0720372 0.0654248 0.0900318 0.0965893 0.0877375 0.0850459 0.0509719 0.0854165 0.0569069 0.0785639 0.0504531 0.0659320 0.0809645 0.0479645 0.0686528 0.0309213 0.0836501 0.0694742 0.0721705 0.0848164 0.0867560 0.0685166 0.1037526 0.0956805 0.0824173 0.0697613 0.0788110 0.1010033 0.0569348 0.0998641 0.0711997 0.0745646 0.0811376 0.0874572 0.0779519 0.1118398 0.0791469 0.0825540 0.0618244 0.0309057 0.0505487 0.0537765 0.1612314 0.0558774 0.0363875 0.1114092 0.0838599 0.0823446 0.0804672 0.0974953 0.0783724 0.1168813 0.0788131 0.0744778 0.0845022 0.0722144 0.0482386 0.0817189 0.0713361 0.0338325 0.0854569 0.0660767 0.0229297 0.0714387 0.0448701 0.0862588 0.4133601 0.0994771 0.0540790 0.0915222 0.0424249 0.0846312 0.0678535 0.0694777 0.0627342 0.0877236 0.0612532 0.0508370 0.0689886 0.0687633 0.0962543 0.0513708 0.0596141 0.0817924 0.0595646 
S0419         0.1843941 0.0572926 0.0150628 0.0449315 0.0342646 0.0753463 0.0623753 0.0421758 0.0507176 0.1280958 0.0344756 0.0683249 0.0668588 0.0455083 0.0709134 0.0311707 0.0542507 0.0783384 0.0628906 0.0393123 0.0602767 0.0720642 0.0364567 0.0757658 0.0451574 0.0000000 0.0686078 0.0474152 0.0340207 0.0595212 0.0687068 0.0593357 0.0285308 0.0747349 0.0601726 0.0367208 0.0535750 0.0450078 0.0597214 0.0449530 0.0680121 0.0864678 0.0749847 0.0686344 0.0049411 0.0689272 0.0150493 0.0597206 0.0337330 0.0623513 0.0623519 0.0424447 0.0505071 0.0338707 0.0649821 0.0510888 0.0570149 0.0656357 0.0744046 0.0534700 0.0933688 0.0822495 0.0634303 0.0456301 0.0541421 0.0906534 0.0099821 0.0866915 0.0566003 0.0650958 0.0717978 0.0651958 0.0741648 0.1011006 0.0599813 0.0631141 0.0495371 0.0338530 0.0506125 0.0538446 0.1378511 0.0592027 0.0478416 0.0910257 0.0621701 0.0659917 0.0613284 0.0810772 0.0627804 0.1036777 0.0627048 0.0678968 0.0686705 0.0568409 0.0449671 0.0595660 0.0619808 0.0368425 0.0689506 0.0177266 0.0311171 0.0562858 0.0449270 0.0695867 0.6372165 0.0814424 0.0395744 0.0742430 0.0513577 0.0654930 0.0773206 0.0538503 0.0480130 0.0717532 0.0430038 0.0509016 0.0507386 0.0505817 0.0885224 0.0369268 0.0449491 0.0694709 0.0419474 
S0427         0.2184981 0.0884236 0.0744976 0.0841880 0.0724411 0.0937765 0.0695838 0.0746589 0.0685814 0.1230479 0.0729363 0.0901295 0.0731537 0.0841413 0.0837643 0.0628270 0.0728922 0.1065871 0.0785372 0.0390152 0.0781105 0.0903155 0.0742202 0.0926202 0.0774465 0.0686078 0.0000000 0.0763134 0.0599889 0.0781071 0.0649778 0.0782609 0.0687693 0.0999243 0.0779770 0.0658707 0.0871608 0.0748617 0.0652514 0.0838933 0.0868420 0.1264370 0.0652824 0.0967039 0.0688342 0.0808512 0.0628098 0.0778313 0.0742243 0.1000546 0.0722067 0.0811898 0.0564326 0.0716746 0.0810743 0.0722625 0.0809116 0.0846074 0.0920586 0.0714413 0.1237903 0.0978606 0.0797034 0.0691845 0.0781543 0.1211415 0.0686996 0.1196241 0.0834308 0.0780137 0.0894233 0.0969572 0.0806001 0.1360193 0.0808293 0.0843068 0.0712959 0.0745559 0.0838432 0.0813711 0.1534794 0.0827922 0.0840241 0.1085170 0.0807164 0.0839894 0.0872613 0.1111977 0.0752487 0.1078946 0.0804933 0.1115973 0.0875440 0.0848898 0.0808367 0.0781787 0.0803147 0.0750474 0.0902840 0.0847976 0.0714921 0.0743776 0.0776140 0.0878679 1.6250270 0.1209147 0.0627107 0.0964584 0.0913547 0.0938378 0.1019800 0.0712660 0.0537772 0.0970217 0.0432592 0.0777304 0.0748421 0.0623221 0.1189497 0.0658859 0.0681174 0.0537732 0.0590875 
S0428sl       0.1793405 0.0806978 0.0565300 0.0384358 0.0513949 0.0975875 0.0721060 0.0355166 0.0600969 0.1420541 0.0392236 0.0850756 0.0769237 0.0537932 0.0878132 0.0357957 0.0703029 0.0670455 0.0760018 0.0447990 0.0840139 0.0972200 0.0353725 0.0965775 0.0445451 0.0474152 0.0763134 0.0000000 0.0447352 0.0730903 0.0899853 0.0721293 0.0270532 0.0932615 0.0838610 0.0328262 0.0565927 0.0474869 0.0762065 0.0599190 0.0846608 0.0943517 0.0903638 0.0898862 0.0444821 0.0868783 0.0537301 0.0795605 0.0444173 0.0690295 0.0656268 0.0478156 0.0725928 0.0384396 0.0718712 0.0640778 0.0729228 0.0768997 0.0804227 0.0599996 0.1089191 0.0801321 0.0668168 0.0639623 0.0735693 0.0956901 0.0537580 0.1010931 0.0752730 0.0755447 0.0858354 0.0926068 0.0759735 0.1138141 0.0869314 0.0805826 0.0523586 0.0355550 0.0534162 0.0535460 0.1498025 0.0623029 0.0473029 0.0995302 0.0782936 0.0903581 0.0585922 0.0932603 0.0702393 0.1275300 0.0865439 0.0808438 0.0731500 0.0728839 0.0473954 0.0732527 0.0599274 0.0416215 0.0903477 0.0632536 0.0326624 0.0630243 0.0476086 0.0946151 0.6372165 0.0812190 0.0509902 0.0925158 0.0446984 0.0896146 0.0780283 0.0734289 0.0699441 0.0894777 0.0691880 0.0539286 0.0635709 0.0695779 0.0947186 0.0481525 0.0567824 0.0738761 0.0629382 
S0478         0.1937902 0.0669521 0.0450231 0.0421674 0.0455768 0.0822531 0.0628729 0.0365294 0.0537424 0.1212703 0.0317594 0.0808574 0.0643472 0.0425659 0.0834701 0.0283326 0.0573489 0.0905298 0.0722401 0.0395223 0.0700433 0.0760880 0.0309347 0.1001977 0.0394391 0.0340207 0.0599889 0.0447352 0.0000000 0.0573512 0.0848002 0.0656134 0.0231083 0.0849257 0.0699217 0.0369164 0.0595993 0.0448071 0.0658915 0.0564782 0.0804812 0.0869566 0.0759272 0.0725634 0.0396408 0.0728013 0.0398074 0.0693833 0.0448574 0.0685434 0.0656489 0.0478101 0.0597680 0.0283704 0.0742673 0.0545997 0.0570705 0.0694284 0.0873906 0.0537079 0.1001822 0.0959858 0.0667957 0.0576609 0.0664688 0.0911731 0.0453987 0.0839377 0.0626257 0.0624424 0.0813827 0.0781281 0.0714168 0.1081440 0.0727811 0.0696235 0.0526480 0.0283567 0.0503860 0.0536021 0.1461515 0.0589364 0.0420946 0.1011915 0.0744485 0.0759206 0.0645863 0.0844576 0.0659565 0.0928137 0.0724770 0.0912807 0.0719067 0.0664162 0.0508199 0.0659954 0.0651103 0.0312597 0.0787880 0.0512837 0.0256699 0.0565367 0.0447270 0.0797193 0.6615111 0.0741451 0.0424897 0.0816779 0.0426058 0.0753355 0.0769704 0.0633071 0.0572495 0.0750239 0.0381939 0.0506728 0.0572225 0.0540492 0.0925846 0.0425561 0.0479062 0.0729885 0.0452785 
S0552sl       0.1955053 0.0606936 0.0594968 0.0662073 0.0665912 0.0791948 0.0942355 0.0628196 0.0692789 0.1364711 0.0668248 0.1072629 0.0834116 0.0820943 0.1034058 0.0599794 0.0724767 0.1119069 0.0951596 0.0536025 0.0667473 0.0697720 0.0655885 0.1003779 0.0782987 0.0595212 0.0781071 0.0730903 0.0573512 0.0000000 0.0813444 0.0847301 0.0630422 0.0814988 0.0606554 0.0660865 0.0782636 0.0630698 0.0751720 0.0781171 0.1002722 0.1105678 0.0974444 0.0783965 0.0597140 0.0694892 0.0629544 0.0598525 0.0656619 0.0877106 0.0847666 0.0663386 0.0590795 0.0688375 0.0905185 0.0074840 0.0451730 0.0202616 0.0809352 0.0720982 0.1144256 0.1165930 0.0859027 0.0400718 0.0485002 0.0988030 0.0658392 0.1073757 0.0478988 0.0903230 0.1072889 0.0750005 0.0694598 0.1298138 0.0694700 0.0758362 0.0684337 0.0629208 0.0689865 0.0725282 0.1783766 0.0810617 0.0781543 0.1226212 0.1003154 0.0665270 0.0776042 0.1015589 0.0822389 0.1165746 0.0691802 0.0741059 0.0763615 0.0662353 0.0689664 0.0920163 0.0811489 0.0723397 0.0787686 0.0723103 0.0657599 0.0750652 0.0629505 0.0763071 1.9502924 0.0957514 0.0661780 0.0782831 0.0791846 0.0660202 0.1069684 0.0601111 0.0752924 0.0946446 0.0669225 0.0754718 0.0367373 0.0534270 0.0819522 0.0571835 0.0687305 0.0761784 0.0447604 
S0558         0.2242964 0.0816712 0.0746051 0.0848587 0.0854126 0.0944826 0.1010285 0.0844789 0.0752416 0.1465914 0.0828702 0.1103515 0.1064619 0.0819242 0.1001185 0.0723152 0.0761186 0.1247480 0.0949482 0.0592926 0.0848050 0.0972513 0.0839721 0.0507897 0.0904981 0.0687068 0.0649778 0.0899853 0.0848002 0.0813444 0.0000000 0.1074594 0.0784324 0.1070677 0.0846598 0.0754597 0.0880431 0.0847072 0.0564436 0.0907286 0.1033220 0.1378311 0.0618257 0.1037758 0.0689338 0.0875775 0.0629005 0.0870071 0.0839796 0.0944410 0.1009735 0.0912473 0.0740736 0.0844156 0.1038361 0.0754588 0.0847092 0.0785813 0.0423672 0.0896971 0.1351617 0.1193956 0.1062082 0.0602809 0.0690912 0.1324943 0.0657528 0.1344755 0.0874869 0.0933216 0.1100291 0.0968350 0.1008113 0.1514882 0.0875539 0.0911299 0.0808301 0.0843555 0.0939298 0.0978426 0.1814699 0.0804689 0.0908692 0.1370141 0.1033666 0.0907854 0.0942225 0.1113621 0.0883939 0.1405881 0.0934540 0.0861142 0.0978014 0.0848117 0.0846679 0.0950713 0.0907866 0.0881521 0.0903209 0.0849217 0.0775509 0.0927354 0.0875065 0.0947987 1.2656708 0.1289023 0.0655735 0.1004295 0.0987579 0.0906208 0.1061330 0.0843819 0.0449501 0.0978015 0.0674402 0.0876423 0.0744430 0.0741944 0.1150087 0.0664752 0.0709907 0.0746045 0.0649222 
S0616         0.1938123 0.0921111 0.0680993 0.0687962 0.0691733 0.1086820 0.0566681 0.0714980 0.0659258 0.1548059 0.0578173 0.0628502 0.0402888 0.0877324 0.0596458 0.0567921 0.0787609 0.0946920 0.0544552 0.0683378 0.0922159 0.1050040 0.0623432 0.1070800 0.0809281 0.0593357 0.0782609 0.0721293 0.0656134 0.0847301 0.1074594 0.0000000 0.0626364 0.1077589 0.0920567 0.0597787 0.0773087 0.0716926 0.0754475 0.0804826 0.0567893 0.1121834 0.1079944 0.1010704 0.0595275 0.0919858 0.0656044 0.0913236 0.0680444 0.0866265 0.0540165 0.0746301 0.0748699 0.0683930 0.0421744 0.0757755 0.0846826 0.0913836 0.0873222 0.0775951 0.1130221 0.0896930 0.0463019 0.0823039 0.0916154 0.1168905 0.0656357 0.1155639 0.0872204 0.0838619 0.0748481 0.0941412 0.0810771 0.1314078 0.0887210 0.0952556 0.0805248 0.0649504 0.0806045 0.0775119 0.1248149 0.0772071 0.0837635 0.0423267 0.0510515 0.0983434 0.0586744 0.1009279 0.0786911 0.1377729 0.0946074 0.0978136 0.0848517 0.0882210 0.0650930 0.0850916 0.0776582 0.0718690 0.1015755 0.0749984 0.0653370 0.0805735 0.0744320 0.1025324 0.6372165 0.0809799 0.0628687 0.1041219 0.0847829 0.0975666 0.0962456 0.0787686 0.0783699 0.0880895 0.0739529 0.0810921 0.0813847 0.0749937 0.1201210 0.0601947 0.0684837 0.0984790 0.0715617 
