136
PAFTOL_019361 0.0000000 0.2547869 0.2638489 0.2851024 0.2996625 0.2679910 0.3686261 0.2937156 0.2928210 0.2671062 0.3226519 0.2723304 0.3310482 0.3045066 0.2878225 0.3266897 0.2963295 0.2951029 0.2321365 0.3255118 0.3214024 0.2751454 0.2802366 0.2773606 0.2977137 0.2781649 0.2646737 0.2975239 0.2893290 0.3302092 0.2810615 0.2728414 0.3106423 0.3369539 0.2511040 0.2970526 0.3024553 0.2726055 0.2958418 0.2838367 0.2889107 0.2913946 0.2822956 0.2716812 0.3293195 0.2893106 0.2878116 0.3314199 0.3086409 0.2834108 0.2653132 0.2674190 0.2822305 0.2737939 0.2667711 0.2797644 0.2761969 0.2750202 0.3064735 0.2817071 0.2819988 0.2788742 0.2741054 0.3189912 0.2881003 0.2933080 0.2817997 0.2889940 0.2982254 0.2986983 0.2919558 0.2986680 0.3100606 0.3349693 0.2840102 0.2755733 0.2717963 0.2712513 0.2625002 0.2670317 0.2977975 0.3006622 0.3270682 0.3076102 0.3009391 0.2673988 0.2738859 0.2814225 0.2749949 0.2753566 0.2699929 0.2914957 0.3152291 0.2642825 0.3213909 0.3317289 0.3430962 0.3357578 0.2742934 0.3360254 0.3135481 0.2741352 0.2830709 0.2582277 0.2717278 0.3036603 0.2885517 0.2975381 0.2811046 0.3045505 0.2852165 0.2823742 0.2698463 0.2797958 0.2946343 0.2803129 0.2809741 0.3002520 0.2995795 0.2867735 0.2891957 0.2831575 0.2735464 0.2883237 0.2778229 0.2832088 0.2627947 0.2991176 0.2758031 0.2653223 0.2771984 0.3439028 0.2745587 0.2941633 0.3033411 0.2652953 
S0055         0.2547869 0.0000000 0.0724922 0.0854127 0.0979439 0.0473402 0.1275315 0.0928932 0.0783908 0.0478336 0.0683347 0.1144479 0.1240083 0.1109809 0.0935813 0.1264538 0.0904154 0.0931957 0.0818415 0.1197672 0.1236246 0.0444164 0.0463402 0.0900041 0.0602744 0.0735186 0.0752763 0.1015978 0.0826225 0.1202677 0.0777578 0.0767979 0.0591800 0.1204642 0.1001245 0.0934070 0.0499641 0.0397112 0.0970073 0.0837350 0.0823447 0.0493184 0.0485019 0.0692790 0.1308502 0.1518190 0.0509068 0.1221670 0.0971964 0.0368450 0.0852635 0.0752888 0.0471363 0.0816118 0.0754517 0.0990249 0.0672133 0.0809321 0.1114226 0.0784002 0.0860067 0.0637884 0.0821535 0.1048890 0.0837030 0.0996271 0.0906036 0.0979389 0.0686078 0.0973385 0.1481140 0.1038957 0.1029578 0.1107457 0.0956306 0.0917247 0.1399387 0.0794712 0.1383453 0.0708584 0.1042560 0.0832500 0.1172649 0.0510868 0.0902049 0.1383112 0.0396219 0.0404806 0.0682992 0.0822848 0.0764768 0.0936057 0.1222737 0.0709546 0.1005507 0.1164193 0.1352995 0.1295257 0.0387649 0.1135710 0.1009220 0.0710075 0.0462107 0.0343087 0.0191018 0.0864085 0.0399109 0.0885569 0.0768672 0.0948278 0.0920123 0.0358802 0.0835463 0.0892775 0.0937947 0.0826529 0.0499633 0.0995436 0.0802558 0.0841548 0.0416802 0.0920053 0.0389590 0.0915760 0.0342486 0.0406852 0.0733836 0.0996751 0.0771251 0.0849450 0.0649698 0.1410649 0.0720489 0.0861052 0.1088271 0.0541933 
S0196sl       0.2638489 0.0724922 0.0000000 0.0880204 0.0538542 0.0880993 0.1282508 0.0934863 0.0744720 0.0837468 0.1162751 0.0955967 0.1188447 0.1082311 0.0887582 0.1169010 0.0829948 0.0833416 0.0805015 0.1162955 0.1104766 0.0792884 0.0891661 0.0846088 0.0884993 0.0732273 0.0101098 0.0903906 0.0849580 0.1173558 0.0761654 0.0732832 0.1027862 0.1238288 0.1002907 0.0842640 0.0851804 0.0802823 0.0892898 0.0759967 0.0728527 0.0881452 0.0900222 0.0441643 0.1263095 0.1614324 0.0865402 0.1226968 0.0827806 0.0737138 0.0877453 0.0109795 0.0921809 0.0144586 0.0127085 0.1042457 0.0413787 0.0741912 0.0981830 0.0685816 0.0770490 0.0633173 0.0888918 0.1025138 0.0836115 0.1040797 0.0852173 0.0986344 0.0974905 0.0656618 0.1596581 0.0849208 0.0811797 0.1159525 0.0990973 0.0946056 0.1448722 0.0144474 0.1431975 0.0744175 0.0987928 0.0770435 0.1024973 0.0981551 0.0898072 0.1455842 0.0823790 0.0881487 0.0643276 0.0810322 0.0647661 0.0850518 0.1172144 0.0690125 0.0988806 0.1150207 0.1258836 0.1249565 0.0781222 0.1023177 0.1039986 0.0689629 0.0890693 0.0698246 0.0790418 0.0920804 0.0911543 0.0809743 0.0802742 0.0941119 0.0865129 0.0861041 0.0179327 0.0828960 0.0675074 0.0729106 0.0886451 0.0688702 0.0746003 0.0767183 0.0850044 0.0872561 0.0874666 0.0850489 0.0788583 0.0759081 0.0719478 0.0940157 0.0685756 0.0823870 0.0635129 0.1272109 0.0422217 0.0776151 0.1044419 0.0552714 
S0278         0.2851024 0.0854127 0.0880204 0.0000000 0.1045247 0.1095511 0.1413882 0.0610123 0.0999327 0.1070390 0.1254603 0.0619776 0.1396611 0.1159390 0.0518659 0.1347929 0.0521472 0.1102132 0.1008247 0.1381697 0.1508351 0.0993357 0.1000155 0.0553216 0.1152662 0.0481432 0.0893839 0.1146273 0.0587559 0.1290829 0.0611055 0.1014305 0.1203362 0.1362836 0.1179933 0.0508231 0.1057452 0.0981587 0.0495991 0.0749911 0.0792322 0.1067306 0.1029286 0.0845711 0.1405146 0.1699813 0.1089423 0.1384488 0.1081426 0.0963789 0.1145897 0.0882225 0.1102621 0.0944119 0.0906713 0.1288627 0.0935005 0.0763750 0.1284770 0.0688234 0.0795908 0.0917941 0.0503154 0.1205641 0.1095475 0.1262993 0.1169199 0.1264607 0.1202224 0.1170811 0.1781139 0.1106075 0.1152696 0.1253594 0.1258662 0.1225275 0.1614863 0.0930977 0.1649586 0.0742908 0.1330420 0.1125412 0.1300831 0.1107846 0.1146541 0.1634544 0.1004960 0.1054807 0.0871333 0.0495914 0.0682317 0.0728007 0.1375700 0.0770790 0.0500216 0.1269879 0.1415372 0.1454291 0.0992471 0.1277107 0.1241919 0.0949742 0.1067022 0.0887387 0.0847571 0.1108636 0.1041250 0.0855679 0.1003875 0.1062464 0.0476238 0.0944275 0.0904448 0.0560979 0.1104028 0.0716863 0.1055574 0.1184490 0.0982753 0.1106147 0.1031185 0.0530648 0.1007756 0.0838462 0.1002943 0.0971666 0.0960687 0.1198520 0.0702679 0.1119864 0.0906752 0.1335652 0.0832487 0.1132307 0.1327804 0.0836363 
S0281         0.2996625 0.0979439 0.0538542 0.1045247 0.0000000 0.1081233 0.1429513 0.1119512 0.0918088 0.1059863 0.1418093 0.1182808 0.1373708 0.1256052 0.1059638 0.1354464 0.0981208 0.1129527 0.0972774 0.1281299 0.1275787 0.1025569 0.1140601 0.1039968 0.1094770 0.0975647 0.0533906 0.1120084 0.1129104 0.1365830 0.0896748 0.0966177 0.1305994 0.1534308 0.1171218 0.1040514 0.1104460 0.1033624 0.1049441 0.0968100 0.1036751 0.1093801 0.1143110 0.0553041 0.1440012 0.1798949 0.1171220 0.1403873 0.0998595 0.0985794 0.1117718 0.0535214 0.1145654 0.0594578 0.0545217 0.1278608 0.0576401 0.0961544 0.1191551 0.0969167 0.0992086 0.0844626 0.1119099 0.1211956 0.1050990 0.1270740 0.1050530 0.1202984 0.1257190 0.0701264 0.1804829 0.1124719 0.1155843 0.1217908 0.1250055 0.1149944 0.1706108 0.0565142 0.1687193 0.1097967 0.1229062 0.0979736 0.1286428 0.1184902 0.1080621 0.1635215 0.1044455 0.1059633 0.0834909 0.1007300 0.0905348 0.1099048 0.1380679 0.0847337 0.1139546 0.1434397 0.1381472 0.1415060 0.1021689 0.1258252 0.1178622 0.0914143 0.1115296 0.0950006 0.0990729 0.1067424 0.1116791 0.1047378 0.0913196 0.1110282 0.1040633 0.1050094 0.0582535 0.1016286 0.0688481 0.0992577 0.1064935 0.0711363 0.0956506 0.0965179 0.1069116 0.1055483 0.1096807 0.1030232 0.1067368 0.0992078 0.0939058 0.1213672 0.0947206 0.1053496 0.0795958 0.1567875 0.0657305 0.0976431 0.1196822 0.0752988 
S0282         0.2679910 0.0473402 0.0880993 0.1095511 0.1081233 0.0000000 0.1539152 0.1106340 0.0940221 0.0233851 0.0867525 0.1274169 0.1494482 0.1321292 0.1189858 0.1468639 0.1053109 0.1078325 0.1032089 0.1440825 0.1316431 0.0179719 0.0318410 0.1142122 0.0805942 0.1023579 0.0894459 0.1127280 0.1076336 0.1418245 0.0965247 0.0960979 0.0778979 0.1421324 0.1356183 0.1123805 0.0547337 0.0230372 0.1126529 0.1021117 0.0988486 0.0666720 0.0200539 0.0837902 0.1519923 0.1667264 0.0691198 0.1474558 0.1158216 0.0360878 0.1115374 0.0893323 0.0195712 0.0958086 0.0915567 0.1326242 0.0842954 0.1057997 0.1304514 0.0924398 0.1101431 0.0795598 0.1108048 0.1287212 0.1059274 0.1230761 0.1071287 0.1242194 0.0887197 0.1145421 0.1764540 0.1222475 0.1177898 0.1295762 0.1183627 0.1140029 0.1599422 0.0936135 0.1582478 0.0930045 0.1282497 0.1003532 0.1331321 0.0673592 0.1113473 0.1594078 0.0162550 0.0467734 0.0770824 0.1058247 0.0916345 0.1103596 0.1393623 0.0946174 0.1264750 0.1333387 0.1569687 0.1502872 0.0238863 0.1330563 0.1171474 0.0852088 0.0221944 0.0188982 0.0603510 0.1063721 0.0588810 0.1073947 0.0959049 0.1091523 0.1148640 0.0460646 0.0956292 0.1088805 0.1109712 0.1020470 0.0213079 0.1169323 0.0998942 0.0978570 0.0426209 0.1166480 0.0472770 0.1083021 0.0417489 0.0565656 0.0890597 0.1153068 0.0920840 0.0989370 0.0785068 0.1545075 0.0794815 0.1034574 0.1162699 0.0728539 
S0288         0.3686261 0.1275315 0.1282508 0.1413882 0.1429513 0.1539152 0.0000000 0.1732672 0.1391060 0.1607150 0.1935254 0.1644689 0.0216280 0.0897573 0.1637126 0.0354189 0.1439880 0.1477637 0.1171293 0.0217620 0.1510005 0.1521416 0.1509626 0.1705034 0.1471965 0.1530217 0.1291227 0.1436657 0.1678802 0.0264185 0.1320679 0.1238681 0.1780790 0.0929766 0.0284962 0.1531731 0.1511257 0.1435795 0.1617633 0.1524280 0.1547131 0.1567338 0.1541931 0.1173195 0.0452820 0.2454562 0.1544362 0.0183594 0.1724643 0.1305314 0.1335820 0.1272975 0.1635474 0.1366733 0.1261708 0.1651126 0.1246321 0.1464819 0.0838394 0.1493257 0.1588323 0.1184044 0.1553230 0.0634321 0.1428365 0.1627518 0.1444388 0.1410159 0.1628203 0.1413630 0.2412893 0.1832472 0.1016010 0.0899873 0.1650585 0.1577353 0.2398524 0.1303472 0.2341297 0.1585880 0.1702519 0.1471271 0.0994969 0.1632971 0.1376189 0.2306814 0.1464826 0.1486857 0.1282807 0.1548627 0.1387059 0.1708957 0.0344202 0.1220386 0.1577454 0.0894778 0.0210591 0.0250991 0.1434576 0.0903475 0.1765238 0.1328567 0.1521429 0.1342723 0.1456115 0.1404518 0.1472375 0.1572814 0.1474065 0.1507541 0.1626986 0.1483062 0.1370289 0.1558618 0.1363124 0.1503219 0.1498992 0.1426509 0.1385970 0.1411775 0.1391646 0.1686446 0.1455527 0.1498577 0.1434061 0.1395237 0.1288957 0.1499978 0.1395098 0.1481255 0.1189474 0.2049255 0.1246069 0.1457596 0.1571757 0.1158294 
S0289         0.2937156 0.0928932 0.0934863 0.0610123 0.1119512 0.1106340 0.1732672 0.0000000 0.1056934 0.1074405 0.1401434 0.0672045 0.1579930 0.1394145 0.0530615 0.1515232 0.0614717 0.1228585 0.1035096 0.1507364 0.1429127 0.1037347 0.1046736 0.0587423 0.1148373 0.0468579 0.0955030 0.1110154 0.0554900 0.1511268 0.0678796 0.0974023 0.1261326 0.1606064 0.1342665 0.0603813 0.1186444 0.1017364 0.0520511 0.0791267 0.0768358 0.1153508 0.1094676 0.0891019 0.1619192 0.1759694 0.1168750 0.1624170 0.1095441 0.1035638 0.1143271 0.0932470 0.1097468 0.0975830 0.0966612 0.1282714 0.0926051 0.0805068 0.1342381 0.0687297 0.0811801 0.0913509 0.0574269 0.1426583 0.0990319 0.1205954 0.1146386 0.1187074 0.1264021 0.1222637 0.1778559 0.1198475 0.1293062 0.1496330 0.1302361 0.1246425 0.1687048 0.0987782 0.1686091 0.0821227 0.1314482 0.1183309 0.1451788 0.1234525 0.1127158 0.1687035 0.1023334 0.1043797 0.0998268 0.0466945 0.0628819 0.0846483 0.1524673 0.0759173 0.0682506 0.1559426 0.1594252 0.1612104 0.1026234 0.1384597 0.1258938 0.0978723 0.1103350 0.0911025 0.0957727 0.1150786 0.1094139 0.0942123 0.1022848 0.1103234 0.0532541 0.0990055 0.0966550 0.0490381 0.1163677 0.0718674 0.1102343 0.1202925 0.1064333 0.1037082 0.1110501 0.0584139 0.1076365 0.0878723 0.1031624 0.1026829 0.1049886 0.1282720 0.0647336 0.1056685 0.0915949 0.1559491 0.0949683 0.1080720 0.1271685 0.0875490 
S0292         0.2928210 0.0783908 0.0744720 0.0999327 0.0918088 0.0940221 0.1391060 0.1056934 0.0000000 0.0942773 0.1253357 0.1154447 0.1315972 0.1184069 0.1004744 0.1263162 0.0946573 0.0841817 0.0868300 0.1235890 0.1250993 0.0873002 0.0961865 0.0999720 0.0988837 0.0893250 0.0741777 0.1033592 0.0952653 0.1198617 0.0888695 0.0812028 0.1202001 0.1287076 0.1084909 0.1048486 0.0948572 0.0904231 0.1006468 0.0901705 0.0889754 0.0984408 0.0918499 0.0732964 0.1351951 0.1663419 0.0921330 0.1310660 0.0932185 0.0837394 0.0893976 0.0752633 0.0967259 0.0804236 0.0773705 0.1121362 0.0714409 0.0873438 0.1176614 0.0817618 0.0945404 0.0623760 0.1003781 0.1119611 0.0910287 0.1015253 0.0942150 0.1062104 0.1143170 0.1024883 0.1630903 0.1078991 0.1040933 0.1196497 0.1006361 0.0951656 0.1521782 0.0771950 0.1494972 0.0860393 0.1034537 0.0633147 0.1168263 0.1131643 0.0888235 0.1494833 0.0862718 0.0961931 0.0502026 0.0896400 0.0779417 0.0969150 0.1253484 0.0785235 0.1101568 0.1228945 0.1369030 0.1309834 0.0873507 0.1196448 0.0911761 0.0129949 0.0938114 0.0789970 0.0818910 0.0813882 0.0965713 0.1004001 0.0306265 0.0332207 0.0996946 0.0959908 0.0833221 0.0971902 0.1011945 0.0840571 0.0902963 0.1058977 0.0698006 0.0715340 0.0946876 0.1042136 0.0931021 0.0959519 0.0880958 0.0853268 0.0725028 0.0846267 0.0827591 0.0844243 0.0635221 0.1447593 0.0720185 0.0756042 0.1141687 0.0578367 
S0293         0.2671062 0.0478336 0.0837468 0.1070390 0.1059863 0.0233851 0.1607150 0.1074405 0.0942773 0.0000000 0.0770068 0.1260275 0.1470181 0.1263415 0.1112005 0.1427903 0.1015789 0.0999529 0.1032132 0.1414963 0.1280511 0.0188097 0.0333351 0.1106233 0.0684033 0.0975302 0.0852680 0.1050979 0.1006410 0.1391355 0.0919050 0.0944769 0.0787040 0.1378655 0.1273314 0.1068707 0.0555714 0.0250781 0.1053107 0.0970679 0.0916911 0.0660840 0.0219678 0.0775877 0.1442425 0.1586833 0.0655063 0.1451310 0.1135767 0.0341286 0.1113958 0.0851566 0.0250326 0.0918493 0.0874503 0.1176786 0.0768112 0.1006359 0.1278149 0.0862883 0.1065677 0.0785347 0.1040608 0.1277772 0.1060861 0.1195201 0.1074556 0.1240532 0.0833323 0.1079172 0.1709750 0.1169579 0.1214325 0.1312089 0.1126146 0.1071362 0.1537881 0.0882195 0.1497429 0.0851996 0.1240049 0.0967842 0.1384037 0.0646962 0.1072725 0.1511306 0.0196971 0.0465717 0.0768459 0.0999901 0.0843038 0.0908000 0.1390848 0.0922229 0.1227172 0.1349598 0.1560784 0.1464320 0.0259735 0.1335553 0.1116848 0.0874718 0.0260112 0.0207228 0.0615728 0.1040420 0.0579370 0.1015543 0.0875136 0.1090496 0.1081607 0.0474539 0.0905947 0.1044867 0.1042498 0.0939645 0.0259657 0.1080536 0.0936175 0.0965714 0.0390300 0.1121347 0.0477332 0.1093300 0.0390696 0.0607520 0.0859992 0.1110884 0.0859969 0.0983509 0.0787251 0.1458420 0.0772012 0.0986935 0.1123711 0.0715330 
S0294         0.3226519 0.0683347 0.1162751 0.1254603 0.1418093 0.0867525 0.1935254 0.1401434 0.1253357 0.0770068 0.0000000 0.1612812 0.1742174 0.1651379 0.1406482 0.1775567 0.1388851 0.1441962 0.1299893 0.1756094 0.1622488 0.0826697 0.0818408 0.1367605 0.1051458 0.1155924 0.1168347 0.1505436 0.1358505 0.1760450 0.1236570 0.1220840 0.0940166 0.1794043 0.1499789 0.1353121 0.0920068 0.0762683 0.1332294 0.1227129 0.1205232 0.0834302 0.0864699 0.1162519 0.1827800 0.2056207 0.0844675 0.1771982 0.1498650 0.0745178 0.1357010 0.1180068 0.0877409 0.1251770 0.1195095 0.1520531 0.1140199 0.1268417 0.1609511 0.1196536 0.1301572 0.1086320 0.1212586 0.1641634 0.1327559 0.1401853 0.1374972 0.1444956 0.0450898 0.1509887 0.2037954 0.1491416 0.1416042 0.1666723 0.1457987 0.1414355 0.1949208 0.1240297 0.1956556 0.1120019 0.1483865 0.1250554 0.1628525 0.0941802 0.1458551 0.1971490 0.0802804 0.0844204 0.1104589 0.1275449 0.1165038 0.1312815 0.1718315 0.1080914 0.1512323 0.1689651 0.1914362 0.1827316 0.0772399 0.1583718 0.1532130 0.1178799 0.0879174 0.0734391 0.0813737 0.1393038 0.0845559 0.1308453 0.1244798 0.1458152 0.1435382 0.0701167 0.1213536 0.1386143 0.1467316 0.1234226 0.0898386 0.1496223 0.1293311 0.1295940 0.0781133 0.1345254 0.0756444 0.1381578 0.0804176 0.0822234 0.1204612 0.1519968 0.1191423 0.1192427 0.1073580 0.1895221 0.1153303 0.1317703 0.1576340 0.0997964 
S0299         0.2723304 0.1144479 0.0955967 0.0619776 0.1182808 0.1274169 0.1644689 0.0672045 0.1154447 0.1260275 0.1612812 0.0000000 0.1566300 0.1455549 0.0572405 0.1546781 0.0698336 0.1261479 0.1153374 0.1552933 0.1448815 0.1214996 0.1254115 0.0677997 0.1372712 0.0558342 0.1008079 0.1202941 0.0719718 0.1529377 0.0778507 0.1152687 0.1499624 0.1591485 0.1421085 0.0640220 0.1383225 0.1188182 0.0597213 0.0831384 0.0921090 0.1287565 0.1289679 0.0998611 0.1601923 0.1774264 0.1379723 0.1648355 0.1231834 0.1199887 0.1272937 0.0999348 0.1267199 0.1033653 0.1034596 0.1445795 0.1049441 0.0814898 0.1335356 0.0874366 0.0883610 0.1067672 0.0657509 0.1515733 0.1206154 0.1382166 0.1285587 0.1394190 0.1395876 0.1259801 0.1807719 0.1142163 0.1311203 0.1447712 0.1408238 0.1386575 0.1741475 0.1056751 0.1731406 0.0833508 0.1468472 0.1274101 0.1452580 0.1421599 0.1255225 0.1729933 0.1211028 0.1361666 0.1053177 0.0634062 0.0799915 0.1026168 0.1563331 0.0810067 0.0641071 0.1573947 0.1614249 0.1613029 0.1222387 0.1406488 0.1361396 0.1094595 0.1284171 0.1135161 0.1196193 0.1238720 0.1321237 0.0979377 0.1120324 0.1175174 0.0580629 0.1275232 0.1014250 0.0655071 0.1197492 0.0865805 0.1280910 0.1236045 0.1158250 0.1159304 0.1290382 0.0620534 0.1201720 0.0933880 0.1300895 0.1246340 0.1125614 0.1325915 0.0817809 0.1218495 0.1034186 0.1409112 0.1138222 0.1223856 0.1260824 0.0969449 
S0303         0.3310482 0.1240083 0.1188447 0.1396611 0.1373708 0.1494482 0.0216280 0.1579930 0.1315972 0.1470181 0.1742174 0.1566300 0.0000000 0.0878553 0.1534526 0.0280014 0.1408151 0.1487805 0.1236000 0.0169459 0.1438238 0.1427133 0.1417629 0.1523676 0.1393982 0.1402576 0.1204562 0.1271991 0.1503341 0.0229617 0.1285464 0.1179979 0.1668726 0.0932360 0.0228619 0.1434684 0.1406283 0.1391495 0.1471823 0.1409345 0.1436803 0.1387247 0.1441552 0.1140972 0.0324666 0.2065103 0.1448997 0.0186026 0.1558746 0.1232985 0.1236823 0.1217266 0.1496954 0.1272751 0.1220165 0.1488438 0.1187229 0.1391235 0.0828773 0.1370418 0.1443788 0.1176652 0.1431341 0.0662007 0.1295272 0.1499517 0.1319969 0.1355946 0.1497747 0.1381497 0.1983909 0.1661962 0.0908361 0.0905402 0.1498314 0.1444218 0.1920574 0.1252399 0.1900416 0.1413904 0.1470124 0.1429047 0.0904811 0.1451066 0.1368279 0.1824304 0.1401604 0.1429109 0.1210204 0.1438314 0.1272477 0.1527089 0.0272055 0.1186398 0.1514036 0.0906690 0.0251057 0.0254439 0.1378281 0.0906018 0.1635110 0.1298057 0.1441632 0.1251364 0.1300819 0.1431777 0.1351711 0.1358787 0.1357230 0.1476776 0.1495246 0.1415268 0.1286865 0.1412224 0.1297197 0.1381149 0.1411172 0.1354132 0.1284469 0.1386596 0.1299613 0.1528818 0.1380076 0.1426960 0.1365523 0.1289105 0.1259992 0.1509137 0.1312989 0.1316519 0.1191059 0.1904554 0.1199397 0.1431686 0.1353277 0.1183361 
S0308         0.3045066 0.1109809 0.1082311 0.1159390 0.1256052 0.1321292 0.0897573 0.1394145 0.1184069 0.1263415 0.1651379 0.1455549 0.0878553 0.0000000 0.1338707 0.0913462 0.1189886 0.1317446 0.0959093 0.0854895 0.1498626 0.1239032 0.1265509 0.1273403 0.1367024 0.1156042 0.1190962 0.1276315 0.1230785 0.0847795 0.1218410 0.1102855 0.1497950 0.0871333 0.0852671 0.1276526 0.1222465 0.1198977 0.1284499 0.1299512 0.1291753 0.1323351 0.1287377 0.1051515 0.1001217 0.1858624 0.1347498 0.0903154 0.1349928 0.1157879 0.1174695 0.1178888 0.1276842 0.1225887 0.1169787 0.1484710 0.1049760 0.1294633 0.0752691 0.1233578 0.1329847 0.1107826 0.1163644 0.0726780 0.1192108 0.1442276 0.1235989 0.1290487 0.1438834 0.1339227 0.1898244 0.1410616 0.0705033 0.0905634 0.1405928 0.1361952 0.1755724 0.1224838 0.1682800 0.1194360 0.1324993 0.1273345 0.0783096 0.1284379 0.1242895 0.1657453 0.1223595 0.1249694 0.1114181 0.1201561 0.1159879 0.1402710 0.0902089 0.1091035 0.1374832 0.0844577 0.0938876 0.0952589 0.1201557 0.0840394 0.1461081 0.1182084 0.1262182 0.1094625 0.1150366 0.1286846 0.1233257 0.1245979 0.1252489 0.1355201 0.1241379 0.1259690 0.1224415 0.1230374 0.1288864 0.1205315 0.1238099 0.1386171 0.1211350 0.1225985 0.1200042 0.1306901 0.1255015 0.1317475 0.1209499 0.1191269 0.1058117 0.1230504 0.1181676 0.1255182 0.1100685 0.1795582 0.1087373 0.1234566 0.1296678 0.0992654 
S0320         0.2878225 0.0935813 0.0887582 0.0518659 0.1059638 0.1189858 0.1637126 0.0530615 0.1004744 0.1112005 0.1406482 0.0572405 0.1534526 0.1338707 0.0000000 0.1465589 0.0497393 0.1161772 0.0968532 0.1470821 0.1337087 0.1096728 0.1090033 0.0505293 0.1158159 0.0414454 0.0889840 0.1048341 0.0546033 0.1426209 0.0567623 0.1066929 0.1281578 0.1467075 0.1287801 0.0488647 0.1159950 0.1051636 0.0451968 0.0697495 0.0711356 0.1136239 0.1157009 0.0898286 0.1566114 0.1725735 0.1175065 0.1540578 0.1052023 0.1040335 0.1150303 0.0878675 0.1157620 0.0911103 0.0901190 0.1386121 0.0957209 0.0671960 0.1289672 0.0653179 0.0696008 0.0875239 0.0550560 0.1370416 0.1112144 0.1251858 0.1202720 0.1247403 0.1240415 0.1182824 0.1757762 0.1131052 0.1236889 0.1410782 0.1247699 0.1181024 0.1682241 0.0922028 0.1688304 0.0725226 0.1288146 0.1099385 0.1359513 0.1172447 0.1164466 0.1662126 0.1082298 0.1129005 0.0914355 0.0430163 0.0586183 0.0788613 0.1490184 0.0654745 0.0562025 0.1447287 0.1581971 0.1579911 0.1060745 0.1370249 0.1161769 0.0948557 0.1163890 0.0955102 0.1014080 0.1109694 0.1097002 0.0877079 0.0974591 0.1093566 0.0385672 0.1062937 0.0912845 0.0490838 0.1123502 0.0664661 0.1162818 0.1173009 0.1081838 0.1054432 0.1103884 0.0487654 0.1065543 0.0782633 0.1073759 0.1042854 0.0965590 0.1242672 0.0577945 0.1096058 0.0887845 0.1463561 0.0940182 0.1098083 0.1172074 0.0847862 
S0322         0.3266897 0.1264538 0.1169010 0.1347929 0.1354464 0.1468639 0.0354189 0.1515232 0.1263162 0.1427903 0.1775567 0.1546781 0.0280014 0.0913462 0.1465589 0.0000000 0.1365702 0.1451223 0.1221665 0.0252969 0.1492193 0.1415334 0.1409059 0.1451751 0.1456692 0.1320256 0.1220157 0.1268687 0.1452656 0.0245170 0.1317396 0.1098820 0.1606107 0.0986750 0.0325987 0.1391325 0.1370660 0.1340990 0.1403982 0.1387761 0.1304853 0.1413305 0.1428813 0.1123445 0.0219992 0.2050857 0.1476938 0.0332703 0.1507819 0.1225999 0.1158608 0.1207895 0.1454882 0.1228079 0.1210747 0.1398449 0.1191018 0.1404872 0.0879239 0.1252580 0.1456287 0.1126669 0.1384260 0.0683623 0.1216063 0.1425889 0.1258859 0.1325106 0.1498617 0.1368694 0.1972489 0.1553735 0.0926965 0.0894366 0.1416691 0.1406412 0.1947101 0.1242702 0.1900959 0.1378496 0.1396840 0.1373732 0.0940903 0.1442058 0.1288459 0.1876051 0.1388062 0.1462618 0.1167472 0.1373006 0.1169640 0.1389336 0.0221254 0.1177405 0.1462865 0.0951069 0.0345902 0.0278351 0.1354083 0.0950781 0.1603412 0.1251375 0.1427614 0.1230520 0.1327102 0.1386161 0.1365409 0.1360981 0.1299546 0.1416685 0.1421175 0.1424593 0.1254020 0.1357350 0.1285317 0.1272932 0.1386568 0.1341651 0.1287340 0.1354118 0.1277043 0.1465291 0.1405641 0.1382374 0.1367625 0.1289351 0.1237500 0.1449650 0.1228624 0.1280582 0.1172402 0.1836629 0.1181982 0.1400108 0.1360916 0.1117494 
S0327         0.2963295 0.0904154 0.0829948 0.0521472 0.0981208 0.1053109 0.1439880 0.0614717 0.0946573 0.1015789 0.1388851 0.0698336 0.1408151 0.1189886 0.0497393 0.1365702 0.0000000 0.1144122 0.1067479 0.1360407 0.1287486 0.1007758 0.1017473 0.0502079 0.1124011 0.0399508 0.0841890 0.1029364 0.0508644 0.1344056 0.0470453 0.0981109 0.1295155 0.1432873 0.1216467 0.0491772 0.1045999 0.0950584 0.0451046 0.0677035 0.0682223 0.1103193 0.1039773 0.0840114 0.1462502 0.1579593 0.1118748 0.1448266 0.1025815 0.0901871 0.1065767 0.0831089 0.1055956 0.0894707 0.0852889 0.1312785 0.0877872 0.0691037 0.1243855 0.0604436 0.0725284 0.0871394 0.0492928 0.1239906 0.1016013 0.1172583 0.1091768 0.1168204 0.1194303 0.1132054 0.1711829 0.1148869 0.1159773 0.1325819 0.1264257 0.1198538 0.1562813 0.0860322 0.1604055 0.0641727 0.1209768 0.1080959 0.1340782 0.1170507 0.1130273 0.1578536 0.0973348 0.1052843 0.0861629 0.0421562 0.0549258 0.0766896 0.1389228 0.0665341 0.0545595 0.1414394 0.1441119 0.1477055 0.0962666 0.1290687 0.1322426 0.0891601 0.1050726 0.0863459 0.0955054 0.1134581 0.1061836 0.0817529 0.0958868 0.1044541 0.0558876 0.1021169 0.0873593 0.0478287 0.1074248 0.0644000 0.1038917 0.1155791 0.1010330 0.1010197 0.0936991 0.0584077 0.0979412 0.0751511 0.0978041 0.0993181 0.0958381 0.1205406 0.0557806 0.0996568 0.0853907 0.1593973 0.0837393 0.1042942 0.1162704 0.0770587 
S0335         0.2951029 0.0931957 0.0833416 0.1102132 0.1129527 0.1078325 0.1477637 0.1228585 0.0841817 0.0999529 0.1441962 0.1261479 0.1487805 0.1317446 0.1161772 0.1451223 0.1144122 0.0000000 0.0655785 0.1391685 0.1422975 0.1000574 0.1056048 0.1201146 0.1103908 0.1114339 0.0878913 0.1240286 0.1144147 0.1343876 0.1110184 0.0897065 0.1249961 0.1409644 0.1264348 0.1205621 0.1034900 0.0976980 0.1248039 0.1148039 0.1037799 0.1161360 0.1112392 0.0879691 0.1473307 0.2019174 0.1137752 0.1475482 0.1099066 0.0996359 0.1021284 0.0855196 0.1062740 0.0932081 0.0869908 0.1251328 0.0861848 0.1161377 0.1195683 0.0985074 0.1231811 0.0801990 0.1196484 0.1292094 0.1009976 0.1173314 0.1050355 0.1167125 0.1261835 0.1059428 0.1964882 0.1191677 0.1088014 0.1333687 0.1191006 0.1137211 0.1847316 0.0910369 0.1866672 0.1041080 0.1193514 0.0777592 0.1210874 0.1173911 0.1040401 0.1866070 0.0975340 0.1042291 0.0741330 0.1062280 0.0912346 0.1123418 0.1464541 0.1002508 0.1268633 0.1374810 0.1534121 0.1494356 0.0964823 0.1211989 0.0811710 0.0788501 0.1022089 0.0895060 0.0974393 0.0997159 0.1080846 0.1161370 0.0903221 0.1044440 0.1177094 0.1070405 0.0951398 0.1199567 0.1024776 0.1030999 0.1063919 0.1094127 0.1041798 0.0539065 0.1043048 0.1208282 0.1033261 0.1232818 0.0961003 0.1056002 0.0561133 0.0315303 0.0995832 0.1012569 0.0824087 0.1587298 0.0867901 0.0547837 0.1328773 0.0744888 
S0345         0.2321365 0.0818415 0.0805015 0.1008247 0.0972774 0.1032089 0.1171293 0.1035096 0.0868300 0.1032132 0.1299893 0.1153374 0.1236000 0.0959093 0.0968532 0.1221665 0.1067479 0.0655785 0.0000000 0.1211725 0.1284113 0.0926524 0.0910979 0.1041948 0.1127748 0.0925105 0.0811972 0.1052907 0.1053789 0.1134665 0.0987820 0.0973672 0.1137167 0.1301765 0.1305167 0.1146804 0.0921422 0.0910485 0.1078331 0.0950051 0.0924165 0.1012766 0.0987701 0.0807438 0.1215248 0.1540812 0.1112383 0.1299971 0.1076112 0.0924854 0.1096659 0.0810564 0.1013751 0.0854635 0.0813927 0.1244389 0.0832925 0.1026810 0.1214092 0.0863904 0.0984639 0.0829403 0.1040340 0.1077870 0.1153056 0.1280230 0.1164527 0.1239805 0.1310753 0.0972546 0.1529221 0.0977427 0.0931201 0.1059658 0.1208170 0.1136383 0.1499648 0.0883635 0.1476114 0.0990705 0.1149193 0.0745976 0.1071818 0.0982547 0.0901925 0.1476891 0.0927772 0.0955554 0.0671917 0.0960275 0.0811084 0.0867160 0.1213813 0.0929464 0.1138761 0.1145495 0.1218165 0.1270122 0.0944467 0.1081859 0.0439186 0.0847226 0.1000118 0.0817889 0.0780865 0.0910753 0.0985223 0.0990600 0.0914344 0.1057991 0.0881663 0.0969471 0.0893067 0.0992543 0.0968767 0.0894092 0.0985024 0.1031602 0.1043848 0.0552539 0.0912900 0.1002522 0.0933794 0.1034505 0.0899910 0.0912574 0.0205227 0.0723763 0.0851750 0.1039866 0.0806664 0.1326340 0.0802314 0.0500288 0.1128177 0.0712403 
S0355         0.3255118 0.1197672 0.1162955 0.1381697 0.1281299 0.1440825 0.0217620 0.1507364 0.1235890 0.1414963 0.1756094 0.1552933 0.0169459 0.0854895 0.1470821 0.0252969 0.1360407 0.1391685 0.1211725 0.0000000 0.1439570 0.1352855 0.1340798 0.1470734 0.1388661 0.1348235 0.1180285 0.1262412 0.1436116 0.0195764 0.1275806 0.1106155 0.1664308 0.0907905 0.0277066 0.1361761 0.1321285 0.1329261 0.1409952 0.1407227 0.1396442 0.1359702 0.1386645 0.1109776 0.0290687 0.2043026 0.1409009 0.0221209 0.1457018 0.1199207 0.1174941 0.1192881 0.1433132 0.1235818 0.1195703 0.1409153 0.1165315 0.1389328 0.0828609 0.1320154 0.1416451 0.1111465 0.1407481 0.0640680 0.1220406 0.1437129 0.1256776 0.1296726 0.1555433 0.1344710 0.1936668 0.1595887 0.0861809 0.0869337 0.1384896 0.1355717 0.1940504 0.1227728 0.1892522 0.1388770 0.1381787 0.1295508 0.0872787 0.1436805 0.1261319 0.1856037 0.1336659 0.1409980 0.1129719 0.1378683 0.1245311 0.1485016 0.0273564 0.1161808 0.1445891 0.0860929 0.0250661 0.0228625 0.1316344 0.0903267 0.1497436 0.1235371 0.1375802 0.1191366 0.1250920 0.1323185 0.1313814 0.1325810 0.1250440 0.1410960 0.1438785 0.1394844 0.1261950 0.1363066 0.1261244 0.1341369 0.1348766 0.1317675 0.1225924 0.1267106 0.1260696 0.1485641 0.1365741 0.1378870 0.1289375 0.1262502 0.1172511 0.1424038 0.1273109 0.1263846 0.1125530 0.1853439 0.1108899 0.1311755 0.1342217 0.1081780 
S0376         0.3214024 0.1236246 0.1104766 0.1508351 0.1275787 0.1316431 0.1510005 0.1429127 0.1250993 0.1280511 0.1622488 0.1448815 0.1438238 0.1498626 0.1337087 0.1492193 0.1287486 0.1422975 0.1284113 0.1439570 0.0000000 0.1279373 0.1347301 0.1381060 0.1357808 0.1270057 0.1094556 0.0426246 0.1361576 0.1424162 0.1203063 0.1202439 0.1671396 0.1616804 0.1203837 0.1293913 0.1337852 0.1257998 0.1337028 0.1257889 0.1296090 0.1381921 0.1272852 0.1106546 0.1484911 0.2063302 0.1412165 0.1442409 0.1433954 0.1205044 0.1239930 0.1117874 0.1324498 0.1178817 0.1142543 0.1549461 0.1121782 0.1195929 0.1317231 0.1233032 0.1332731 0.1117426 0.1427066 0.1348629 0.1258139 0.1449439 0.1328178 0.1434052 0.1514820 0.1378841 0.2022223 0.1552047 0.1291102 0.1367760 0.1394150 0.1307001 0.1917002 0.1164889 0.1875097 0.1367258 0.1487961 0.1326630 0.1413425 0.1494200 0.1340738 0.1874201 0.1192889 0.1380067 0.1131906 0.1245266 0.1182404 0.1428750 0.1418348 0.1117398 0.1561898 0.1534716 0.1601342 0.1521998 0.1218346 0.1466062 0.1580250 0.1158633 0.1278908 0.1165145 0.1313586 0.1408971 0.1370707 0.1247535 0.1317182 0.1449472 0.1339511 0.1369438 0.1187603 0.1300145 0.1305602 0.1267547 0.1285954 0.1406288 0.1276861 0.1328019 0.1256014 0.1338989 0.1234522 0.1352577 0.1280027 0.1252285 0.1231566 0.1498415 0.1201252 0.1301201 0.1131458 0.1850571 0.1119391 0.1336629 0.0535077 0.1054356 
S0400         0.2751454 0.0444164 0.0792884 0.0993357 0.1025569 0.0179719 0.1521416 0.1037347 0.0873002 0.0188097 0.0826697 0.1214996 0.1427133 0.1239032 0.1096728 0.1415334 0.1007758 0.1000574 0.0926524 0.1352855 0.1279373 0.0000000 0.0273481 0.1047995 0.0720910 0.0935809 0.0841280 0.1068523 0.0998063 0.1355072 0.0912519 0.0904617 0.0736640 0.1322630 0.1236125 0.1032830 0.0508983 0.0195881 0.1068097 0.0966061 0.0922952 0.0636091 0.0181943 0.0797629 0.1440819 0.1598796 0.0602771 0.1420962 0.1133182 0.0307198 0.1045521 0.0840227 0.0178841 0.0903952 0.0861395 0.1218061 0.0800486 0.0980741 0.1239378 0.0860045 0.1012828 0.0724148 0.0999092 0.1215332 0.1002899 0.1170341 0.1028092 0.1171191 0.0804237 0.1076658 0.1658798 0.1138878 0.1125539 0.1245803 0.1113723 0.1070827 0.1514354 0.0869426 0.1485349 0.0792150 0.1186592 0.0970248 0.1316253 0.0633325 0.1038312 0.1496669 0.0137185 0.0414605 0.0699083 0.0980773 0.0851967 0.1035123 0.1376502 0.0870203 0.1181367 0.1271315 0.1471437 0.1412551 0.0204280 0.1280848 0.1101108 0.0849037 0.0187434 0.0146500 0.0543751 0.1005947 0.0539452 0.1037380 0.0861059 0.1032131 0.1056226 0.0414067 0.0902283 0.1010411 0.1041699 0.0954398 0.0195654 0.1100085 0.0911362 0.0916163 0.0388953 0.1084391 0.0452896 0.1047662 0.0362679 0.0528222 0.0824908 0.1074011 0.0869517 0.0946414 0.0725807 0.1417100 0.0722713 0.0945545 0.1127017 0.0658160 
S0405         0.2802366 0.0463402 0.0891661 0.1000155 0.1140601 0.0318410 0.1509626 0.1046736 0.0961865 0.0333351 0.0818408 0.1254115 0.1417629 0.1265509 0.1090033 0.1409059 0.1017473 0.1056048 0.0910979 0.1340798 0.1347301 0.0273481 0.0000000 0.1072471 0.0764268 0.0931934 0.0904814 0.1130268 0.0983351 0.1348641 0.0904553 0.0916942 0.0749691 0.1387194 0.1231977 0.1017844 0.0520612 0.0230460 0.1050728 0.0999084 0.0943983 0.0648009 0.0283510 0.0893572 0.1458864 0.1672694 0.0652720 0.1411429 0.1181154 0.0343090 0.1069391 0.0903661 0.0316825 0.0968610 0.0925978 0.1247394 0.0896821 0.1014384 0.1232891 0.0901858 0.1019870 0.0777129 0.0980788 0.1221490 0.1037421 0.1195275 0.1040807 0.1195585 0.0791996 0.1156265 0.1750267 0.1207176 0.1160664 0.1226190 0.1160568 0.1117181 0.1586301 0.0946594 0.1569513 0.0914638 0.1236320 0.1013892 0.1309552 0.0664366 0.1083193 0.1556800 0.0238890 0.0479709 0.0780872 0.0966259 0.0872948 0.1056821 0.1370071 0.0892323 0.1176466 0.1310657 0.1455211 0.1415580 0.0229790 0.1308863 0.1154768 0.0895735 0.0300087 0.0189145 0.0595183 0.1073968 0.0560846 0.1017988 0.0897763 0.1102502 0.1071866 0.0461386 0.0966793 0.0995821 0.1120458 0.0975941 0.0317114 0.1158574 0.0985811 0.0949840 0.0417310 0.1068679 0.0490634 0.1061355 0.0399354 0.0577709 0.0847896 0.1130422 0.0881196 0.0979451 0.0778928 0.1561320 0.0783096 0.0967223 0.1178667 0.0718367 
S0407sl       0.2773606 0.0900041 0.0846088 0.0553216 0.1039968 0.1142122 0.1705034 0.0587423 0.0999720 0.1106233 0.1367605 0.0677997 0.1523676 0.1273403 0.0505293 0.1451751 0.0502079 0.1201146 0.1041948 0.1470734 0.1381060 0.1047995 0.1072471 0.0000000 0.1098549 0.0378050 0.0868326 0.1027385 0.0461782 0.1409982 0.0543250 0.1052955 0.1322914 0.1480292 0.1183171 0.0544452 0.1127873 0.1024628 0.0430210 0.0666555 0.0736442 0.1074694 0.1079983 0.0894361 0.1506807 0.1647039 0.1080198 0.1554338 0.1080404 0.0976226 0.1140607 0.0869274 0.1122698 0.0888601 0.0892251 0.1339971 0.0937641 0.0667087 0.1321513 0.0654351 0.0707378 0.0899564 0.0431388 0.1376107 0.1085002 0.1267781 0.1183524 0.1267703 0.1173475 0.1187237 0.1716653 0.1197643 0.1238772 0.1363692 0.1280040 0.1244677 0.1587818 0.0892466 0.1600363 0.0683593 0.1314062 0.1096367 0.1373330 0.1259081 0.1196692 0.1561674 0.1011108 0.1107101 0.0915434 0.0411982 0.0605041 0.0634062 0.1459080 0.0640786 0.0635257 0.1490890 0.1562466 0.1554523 0.1033735 0.1397377 0.1255441 0.0931754 0.1104517 0.0937290 0.0986479 0.1141963 0.1057998 0.0838684 0.0934686 0.1116785 0.0507326 0.1040015 0.0903288 0.0322886 0.1136427 0.0686224 0.1091983 0.1188439 0.1031036 0.1038311 0.1003469 0.0509944 0.1029421 0.0775526 0.1061991 0.1003644 0.0995549 0.1179962 0.0634474 0.1088063 0.0878646 0.1494090 0.0934483 0.1068162 0.1103068 0.0804145 
S0412sl       0.2977137 0.0602744 0.0884993 0.1152662 0.1094770 0.0805942 0.1471965 0.1148373 0.0988837 0.0684033 0.1051458 0.1372712 0.1393982 0.1367024 0.1158159 0.1456692 0.1124011 0.1103908 0.1127748 0.1388661 0.1357808 0.0720910 0.0764268 0.1098549 0.0000000 0.1047676 0.0887182 0.1141657 0.1104210 0.1379172 0.0981850 0.0892795 0.0869657 0.1444313 0.1243604 0.1173334 0.0835718 0.0701297 0.1177013 0.1090875 0.1065222 0.0688525 0.0794864 0.0795519 0.1502796 0.1785698 0.0574560 0.1399738 0.1158851 0.0699967 0.1022670 0.0898846 0.0781601 0.0943204 0.0921496 0.1129476 0.0767075 0.1036433 0.1359017 0.1028460 0.1108173 0.0876600 0.1252798 0.1248607 0.0994595 0.1236680 0.1010081 0.1201915 0.0963048 0.1124967 0.1743434 0.1262837 0.1216857 0.1399018 0.1154143 0.1079241 0.1643237 0.0942429 0.1623776 0.1012372 0.1168957 0.1067888 0.1424470 0.0864067 0.1052078 0.1599810 0.0709789 0.0742170 0.0826915 0.1073996 0.0991883 0.1177344 0.1377081 0.0968302 0.1327127 0.1392006 0.1509183 0.1474511 0.0690388 0.1406440 0.1167747 0.0920434 0.0772268 0.0612801 0.0682566 0.1051086 0.0726128 0.1156245 0.0931892 0.1075061 0.1114394 0.0730733 0.0962943 0.1131549 0.1088790 0.1112712 0.0781522 0.1160181 0.0904388 0.1004716 0.0775963 0.1121852 0.0744449 0.1151329 0.0673421 0.0636595 0.0950977 0.1200948 0.0986421 0.1015245 0.0889231 0.1566493 0.0786900 0.1036523 0.1197931 0.0792675 
S0417         0.2781649 0.0735186 0.0732273 0.0481432 0.0975647 0.1023579 0.1530217 0.0468579 0.0893250 0.0975302 0.1155924 0.0558342 0.1402576 0.1156042 0.0414454 0.1320256 0.0399508 0.1114339 0.0925105 0.1348235 0.1270057 0.0935809 0.0931934 0.0378050 0.1047676 0.0000000 0.0780521 0.0947433 0.0351025 0.1315895 0.0454476 0.0861568 0.1100608 0.1354156 0.1128606 0.0389572 0.0977659 0.0893248 0.0359760 0.0550403 0.0576979 0.0949272 0.0981346 0.0801804 0.1416174 0.1644236 0.0964161 0.1384451 0.0932578 0.0838600 0.0969165 0.0769947 0.0994179 0.0832467 0.0771592 0.1152284 0.0824275 0.0543686 0.1178012 0.0528804 0.0566519 0.0759033 0.0391953 0.1191015 0.0905621 0.1087023 0.1018428 0.1073561 0.1042888 0.1108770 0.1637949 0.1033954 0.1079306 0.1273323 0.1144608 0.1134126 0.1557807 0.0811300 0.1567574 0.0516234 0.1132595 0.1016398 0.1241520 0.1031753 0.1055015 0.1542208 0.0922592 0.0945906 0.0803980 0.0263418 0.0484029 0.0684853 0.1291943 0.0517106 0.0460180 0.1327981 0.1411672 0.1437338 0.0901955 0.1227433 0.1230896 0.0838621 0.0999375 0.0813901 0.0800714 0.1023027 0.0893130 0.0717211 0.0875428 0.1014914 0.0394741 0.0894664 0.0791907 0.0366069 0.1040095 0.0540111 0.0998482 0.1109834 0.0955784 0.0939967 0.0876460 0.0395029 0.0854651 0.0640017 0.0893789 0.0862688 0.0875372 0.1085943 0.0501501 0.0902293 0.0760995 0.1429513 0.0809921 0.0981865 0.1076800 0.0719999 
S0419         0.2646737 0.0752763 0.0101098 0.0893839 0.0533906 0.0894459 0.1291227 0.0955030 0.0741777 0.0852680 0.1168347 0.1008079 0.1204562 0.1190962 0.0889840 0.1220157 0.0841890 0.0878913 0.0811972 0.1180285 0.1094556 0.0841280 0.0904814 0.0868326 0.0887182 0.0780521 0.0000000 0.0955228 0.0861137 0.1180192 0.0757954 0.0792953 0.1120573 0.1324380 0.0980614 0.0864731 0.0933608 0.0838737 0.0926079 0.0777603 0.0817788 0.0861727 0.0927008 0.0434497 0.1269648 0.1552496 0.0940138 0.1242046 0.0820228 0.0773181 0.0942781 0.0055443 0.0941782 0.0103914 0.0071539 0.1075573 0.0408254 0.0750837 0.1052960 0.0756545 0.0798154 0.0605145 0.0872226 0.1085310 0.0902117 0.1043748 0.0924077 0.1033845 0.0967622 0.0697271 0.1532755 0.0896974 0.0949797 0.1215861 0.1015183 0.0961359 0.1383659 0.0087639 0.1394500 0.0784565 0.1068771 0.0787585 0.1103073 0.1019507 0.0949478 0.1405574 0.0848206 0.0915389 0.0654162 0.0813421 0.0698346 0.0904680 0.1152396 0.0683150 0.1017008 0.1230314 0.1283049 0.1250754 0.0797881 0.1104306 0.1053454 0.0679455 0.0923302 0.0748082 0.0840212 0.0917374 0.0918120 0.0835219 0.0806017 0.0994078 0.0902559 0.0883898 0.0120057 0.0851655 0.0684895 0.0788412 0.0898100 0.0717212 0.0793591 0.0772472 0.0860492 0.0892818 0.0895276 0.0874943 0.0826092 0.0795543 0.0760968 0.0986643 0.0746614 0.0845589 0.0606908 0.1330695 0.0490456 0.0803032 0.1070707 0.0529544 
S0427         0.2975239 0.1015978 0.0903906 0.1146273 0.1120084 0.1127280 0.1436657 0.1110154 0.1033592 0.1050979 0.1505436 0.1202941 0.1271991 0.1276315 0.1048341 0.1268687 0.1029364 0.1240286 0.1052907 0.1262412 0.0426246 0.1068523 0.1130268 0.1027385 0.1141657 0.0947433 0.0955228 0.0000000 0.1072322 0.1237731 0.0973744 0.1004963 0.1281768 0.1413694 0.0980749 0.1052658 0.1134257 0.1038645 0.1045198 0.1078285 0.1051194 0.1154035 0.1076968 0.0889791 0.1298246 0.1813231 0.1148730 0.1288424 0.1166951 0.1036058 0.1051694 0.0944011 0.1110730 0.0999996 0.0966597 0.1244220 0.0901334 0.1104498 0.1231399 0.0961462 0.1156116 0.0937416 0.1093097 0.1158002 0.1037817 0.1229580 0.1118720 0.1230645 0.1314438 0.1151163 0.1787241 0.1307255 0.1079159 0.1181440 0.1171382 0.1106001 0.1689295 0.0987369 0.1639192 0.1060299 0.1225933 0.1132648 0.1248766 0.1260943 0.1088327 0.1600607 0.0989942 0.1173261 0.0956509 0.0971408 0.0924894 0.1148284 0.1235141 0.0947268 0.1224538 0.1346589 0.1381975 0.1383061 0.1023300 0.1328033 0.1365224 0.0999028 0.1068503 0.0953314 0.1107961 0.1140262 0.1117281 0.1054322 0.1104717 0.1201058 0.1014315 0.1150016 0.1008484 0.1013073 0.1107736 0.1040738 0.1065100 0.1167273 0.1032741 0.1120321 0.1094450 0.1051875 0.1026549 0.1104198 0.1021374 0.1027464 0.1030330 0.1325431 0.0966566 0.1098049 0.0970459 0.1601472 0.0915394 0.1173663 0.0399025 0.0921558 
S0428sl       0.2893290 0.0826225 0.0849580 0.0587559 0.1129104 0.1076336 0.1678802 0.0554900 0.0952653 0.1006410 0.1358505 0.0719718 0.1503341 0.1230785 0.0546033 0.1452656 0.0508644 0.1144147 0.1053789 0.1436116 0.1361576 0.0998063 0.0983351 0.0461782 0.1104210 0.0351025 0.0861137 0.1072322 0.0000000 0.1414819 0.0585696 0.0920664 0.1187120 0.1488103 0.1250575 0.0509165 0.1075623 0.0954337 0.0499128 0.0704861 0.0691243 0.1026504 0.1040975 0.0893143 0.1541404 0.1677621 0.1040685 0.1509398 0.1018490 0.0932819 0.1061996 0.0860053 0.1046240 0.0924081 0.0882021 0.1308547 0.0862584 0.0718722 0.1263599 0.0632580 0.0744031 0.0828334 0.0516004 0.1241432 0.0997932 0.1143305 0.1113710 0.1204021 0.1139353 0.1184996 0.1650917 0.1145863 0.1190992 0.1359802 0.1276813 0.1217479 0.1603691 0.0902386 0.1600734 0.0666164 0.1253937 0.1100741 0.1364805 0.1160957 0.1130165 0.1575250 0.0952749 0.1001499 0.0864178 0.0375924 0.0567572 0.0784180 0.1442454 0.0682047 0.0643956 0.1426472 0.1491016 0.1538337 0.0953059 0.1323983 0.1306285 0.0887884 0.1051736 0.0874616 0.0883429 0.1132074 0.1040354 0.0804141 0.0923745 0.1064099 0.0515812 0.0949465 0.0923080 0.0447761 0.1136353 0.0643297 0.1050793 0.1207841 0.1030132 0.1021882 0.1004104 0.0544209 0.0948107 0.0799819 0.0969120 0.0935233 0.0952900 0.1157238 0.0573985 0.1017934 0.0830495 0.1592130 0.0876991 0.1064433 0.1217715 0.0748916 
