136
PAFTOL_019361 0.0000000 0.2019827 0.2297421 0.2185474 0.2104445 0.2036099 0.2035237 0.2084845 0.2058285 0.2161829 0.2127908 0.2222237 0.2276569 0.2112124 0.2120613 0.2091010 0.2027389 0.2140609 0.3217839 0.2236067 0.2017557 0.1969316 0.1991699 0.2070286 0.2137566 0.1975605 0.1968773 0.2014720 0.2196918 0.2011464 0.1988826 0.1935798 0.2136303 0.2090781 0.2361320 0.2195229 0.2139792 0.2071990 0.2115580 0.2250682 0.2004256 0.2092823 0.2536723 0.2001377 0.2034887 0.2262289 0.2017173 0.2013855 0.2307974 0.2056626 0.2354960 0.1960360 0.1896846 0.2017592 0.1977632 0.2121536 0.2050973 0.1966699 0.1982484 0.2041613 0.1957183 0.1900058 0.2292931 0.1992958 0.2116982 0.2044466 0.2148835 0.2087826 0.1905967 0.2018440 0.2403695 0.2192383 0.2180208 0.2111148 0.2003592 0.2006949 0.2294052 0.2039301 0.2167367 0.2037156 0.2173584 0.2080188 0.1984130 0.2018370 0.2003973 0.2198046 0.1873751 0.2032716 0.2016386 0.1967907 0.1963507 0.2019095 0.2101607 0.1993572 0.2152612 0.2037643 0.2221352 0.2027698 0.2011834 0.1975883 0.2177030 0.2322331 0.1919831 0.1977810 0.1970737 0.2061679 0.1992789 0.1925026 0.2005933 0.2033097 0.2113608 0.1927380 0.2016417 0.2283772 0.2049324 0.2046907 0.1924479 0.2049613 0.2101830 0.2044535 0.1976653 0.2170976 0.1994151 0.1993890 0.2089903 0.2032318 0.2096614 0.2109251 0.1969604 0.1971337 0.1921473 0.2304659 0.1943924 0.2013863 0.1975518 0.1901663 
S0055         0.2019827 0.0000000 0.0574466 0.0808138 0.0667491 0.0433346 0.0713200 0.0740621 0.0640843 0.0531536 0.0632465 0.0787595 0.0715165 0.0715880 0.0767154 0.0742203 0.0618392 0.0744685 0.1245276 0.0741671 0.0530932 0.0407336 0.0413493 0.0749796 0.0480875 0.0585659 0.0573696 0.0546724 0.0609084 0.0686424 0.0551725 0.0644449 0.0557027 0.0776509 0.0759207 0.0775210 0.0491461 0.0494460 0.0672317 0.0732374 0.0576142 0.0516710 0.0811145 0.0572782 0.0725852 0.1129590 0.0531833 0.0718887 0.0903871 0.0417918 0.0780349 0.0540989 0.0382952 0.0581274 0.0567745 0.0760620 0.0579544 0.0542186 0.0683757 0.0586878 0.0552081 0.0521696 0.0630141 0.0663488 0.0716460 0.0685252 0.0767760 0.0714945 0.0518483 0.0632363 0.1105350 0.0859455 0.0754170 0.0716537 0.0673935 0.0706392 0.1098444 0.0547765 0.1049053 0.0720077 0.0816674 0.0724549 0.0656118 0.0432373 0.0655633 0.1050333 0.0472118 0.0497010 0.0665404 0.0570130 0.0558286 0.0571272 0.0768677 0.0532438 0.0757420 0.0688236 0.0813134 0.0732768 0.0418693 0.0671320 0.0721215 0.0711792 0.0428994 0.0400121 0.0251506 0.0659258 0.0425354 0.0585618 0.0589085 0.0609414 0.0762374 0.0436002 0.0586713 0.0824247 0.0652454 0.0595837 0.0347232 0.0665126 0.0639676 0.0646248 0.0448384 0.0774085 0.0455854 0.0572455 0.0441791 0.0496384 0.0686953 0.0745974 0.0543596 0.0672860 0.0509936 0.0855826 0.0537010 0.0586218 0.0552881 0.0560642 
S0196sl       0.2297421 0.0574466 0.0000000 0.0853626 0.0378163 0.0653250 0.0727884 0.0781368 0.0452666 0.0696774 0.0774086 0.0811098 0.0727928 0.0723784 0.0813698 0.0717666 0.0594982 0.0603509 0.0983161 0.0696174 0.0650247 0.0584655 0.0605099 0.0751150 0.0690063 0.0615075 0.0139121 0.0677634 0.0518408 0.0718807 0.0483528 0.0538168 0.0854450 0.0699401 0.0751213 0.0805582 0.0716855 0.0567329 0.0704255 0.0534993 0.0589339 0.0648107 0.0647647 0.0229468 0.0727282 0.1175280 0.0784829 0.0706975 0.0984515 0.0667840 0.0602896 0.0094638 0.0541487 0.0094718 0.0103644 0.0552394 0.0239101 0.0504468 0.0657848 0.0529059 0.0550279 0.0461301 0.0709108 0.0674990 0.0595364 0.0570700 0.0660305 0.0604136 0.0923008 0.0362970 0.1107907 0.0816478 0.0697478 0.0753409 0.0531787 0.0544164 0.1120167 0.0086680 0.1102588 0.0627754 0.0659547 0.0596396 0.0620170 0.0683019 0.0448799 0.1062989 0.0667849 0.0774163 0.0414864 0.0651176 0.0549273 0.0539148 0.0705150 0.0521308 0.0789235 0.0663020 0.0783650 0.0718170 0.0583685 0.0690896 0.0552123 0.0436337 0.0622981 0.0573249 0.0610440 0.0460027 0.0574830 0.0544658 0.0363991 0.0423816 0.0828721 0.0668630 0.0139583 0.0696159 0.0363665 0.0570357 0.0521080 0.0372827 0.0519611 0.0503116 0.0665984 0.0817621 0.0704110 0.0492757 0.0644792 0.0572430 0.0523151 0.0565419 0.0610498 0.0470905 0.0480854 0.0910366 0.0284987 0.0420320 0.0649365 0.0454174 
S0278         0.2185474 0.0808138 0.0853626 0.0000000 0.0836785 0.0815504 0.0733508 0.0537013 0.0796992 0.0953535 0.0915622 0.0379364 0.0819192 0.0795993 0.0475283 0.0824486 0.0498604 0.0860273 0.1427152 0.0782079 0.0773628 0.0791405 0.0800263 0.0462141 0.0868543 0.0374211 0.0740815 0.0728586 0.0413334 0.0721589 0.0637480 0.0757700 0.0903810 0.0815584 0.0887939 0.0406836 0.0854183 0.0865622 0.0438374 0.0838858 0.0712464 0.0734904 0.1218215 0.0751336 0.0761621 0.1252341 0.0841484 0.0794908 0.1058358 0.0803711 0.0887708 0.0705805 0.0761318 0.0742137 0.0714423 0.0882714 0.0746882 0.0630155 0.0759130 0.0718624 0.0622034 0.0644523 0.0434354 0.0698659 0.0853454 0.0803404 0.0907327 0.0846330 0.0819478 0.0769759 0.1230248 0.0939983 0.0877859 0.0746047 0.0839917 0.0861597 0.1196543 0.0804129 0.1160869 0.0852176 0.0903809 0.0847646 0.0754356 0.0813321 0.0795870 0.1168940 0.0837717 0.0884949 0.0781640 0.0372390 0.0687327 0.0694664 0.0826050 0.0652758 0.0358752 0.0794860 0.0851674 0.0761640 0.0783198 0.0767337 0.0847420 0.0875472 0.0801963 0.0789461 0.0739920 0.0804413 0.0809263 0.0654301 0.0743445 0.0771571 0.0448800 0.0810064 0.0735543 0.0550859 0.0790959 0.0700626 0.0729180 0.0790941 0.0796263 0.0771774 0.0837575 0.0360018 0.0828174 0.0679238 0.0821921 0.0719658 0.0792931 0.0853485 0.0717733 0.0778105 0.0653068 0.0967384 0.0647193 0.0689748 0.0797740 0.0668008 
S0281         0.2104445 0.0667491 0.0378163 0.0836785 0.0000000 0.0709792 0.0725472 0.0791261 0.0584329 0.0816651 0.0849380 0.0804841 0.0772189 0.0729013 0.0767097 0.0721504 0.0629254 0.0702974 0.1219306 0.0763503 0.0679687 0.0667725 0.0689023 0.0833354 0.0767578 0.0628367 0.0351082 0.0686726 0.0653727 0.0692599 0.0598939 0.0525365 0.0766965 0.0687634 0.0848123 0.0801392 0.0735149 0.0784324 0.0703103 0.0757419 0.0591019 0.0714225 0.1139736 0.0338513 0.0732402 0.1134318 0.0765737 0.0731448 0.0896563 0.0706141 0.0690937 0.0297635 0.0647382 0.0357338 0.0333418 0.0629305 0.0351031 0.0553098 0.0709488 0.0597054 0.0582319 0.0513691 0.0822915 0.0631910 0.0599950 0.0563902 0.0644129 0.0607727 0.0788416 0.0491969 0.1178469 0.0878170 0.0779429 0.0694234 0.0558954 0.0572021 0.1084016 0.0354676 0.1111286 0.0687278 0.0665327 0.0662462 0.0667221 0.0691347 0.0619855 0.1104844 0.0731666 0.0770812 0.0609333 0.0643424 0.0555358 0.0586825 0.0794982 0.0592169 0.0772645 0.0626665 0.0811968 0.0693670 0.0681004 0.0677040 0.0657908 0.0700218 0.0698163 0.0666203 0.0642354 0.0571157 0.0668739 0.0570452 0.0515265 0.0553555 0.0773091 0.0680083 0.0357090 0.0858347 0.0498961 0.0604971 0.0602282 0.0498932 0.0565010 0.0611409 0.0713254 0.0808653 0.0735799 0.0614993 0.0704242 0.0628509 0.0631309 0.0674527 0.0617846 0.0527196 0.0501323 0.0883556 0.0416687 0.0570483 0.0649737 0.0527792 
S0282         0.2036099 0.0433346 0.0653250 0.0815504 0.0709792 0.0000000 0.0723603 0.0785698 0.0618694 0.0254285 0.0662208 0.0810954 0.0754537 0.0765695 0.0764264 0.0746521 0.0660940 0.0757231 0.1313565 0.0761680 0.0546689 0.0116807 0.0205647 0.0757382 0.0451443 0.0589237 0.0614136 0.0549202 0.0628619 0.0709806 0.0567787 0.0654078 0.0502307 0.0788175 0.0801128 0.0767829 0.0344083 0.0298417 0.0689930 0.0773632 0.0625287 0.0570536 0.0563390 0.0625220 0.0730047 0.1118075 0.0477663 0.0735960 0.0939307 0.0255196 0.0829503 0.0581642 0.0155012 0.0622796 0.0595042 0.0791857 0.0639435 0.0584319 0.0673072 0.0610174 0.0593583 0.0532261 0.0729934 0.0687607 0.0747954 0.0688678 0.0789996 0.0733236 0.0521023 0.0656109 0.1135075 0.0897211 0.0803355 0.0762018 0.0697015 0.0710752 0.1109688 0.0616824 0.1049559 0.0748287 0.0820925 0.0731200 0.0690590 0.0450981 0.0665727 0.1065803 0.0237863 0.0323412 0.0643185 0.0605781 0.0581089 0.0594257 0.0773168 0.0549433 0.0779661 0.0721693 0.0825844 0.0730116 0.0199392 0.0655147 0.0747808 0.0682796 0.0226960 0.0177031 0.0413938 0.0650838 0.0414235 0.0583294 0.0573596 0.0587284 0.0754449 0.0244410 0.0602395 0.0836961 0.0669680 0.0639343 0.0132912 0.0682481 0.0648125 0.0671736 0.0255431 0.0760860 0.0302573 0.0608409 0.0278381 0.0516670 0.0679965 0.0785294 0.0542030 0.0669152 0.0524522 0.0884796 0.0564587 0.0623323 0.0569950 0.0564218 
S0288         0.2035237 0.0713200 0.0727884 0.0733508 0.0725472 0.0723603 0.0000000 0.0776431 0.0727730 0.0794961 0.0900712 0.0810382 0.0046945 0.0401584 0.0838023 0.0132650 0.0699974 0.0810838 0.1419966 0.0090511 0.0655960 0.0706757 0.0721314 0.0767154 0.0782534 0.0628691 0.0661793 0.0718826 0.0676909 0.0068373 0.0666037 0.0703474 0.0781267 0.0543191 0.0120638 0.0815438 0.0796393 0.0777606 0.0707947 0.0780153 0.0664522 0.0721115 0.1047074 0.0620940 0.0099994 0.1093844 0.0782707 0.0121252 0.0944274 0.0732081 0.0837132 0.0628065 0.0684508 0.0662955 0.0655740 0.0790121 0.0608610 0.0616442 0.0456094 0.0656443 0.0595521 0.0619527 0.0778498 0.0265505 0.0769992 0.0728579 0.0813284 0.0775489 0.0790099 0.0715936 0.1129024 0.0870402 0.0593483 0.0490716 0.0744666 0.0751538 0.1071754 0.0693357 0.0970584 0.0760515 0.0868813 0.0802761 0.0472880 0.0736344 0.0740850 0.0985097 0.0738827 0.0796390 0.0701503 0.0645272 0.0613236 0.0639823 0.0159899 0.0632654 0.0782021 0.0497906 0.0135125 0.0062633 0.0705944 0.0449706 0.0807511 0.0841950 0.0704685 0.0672036 0.0695254 0.0771488 0.0680549 0.0640395 0.0669499 0.0721754 0.0814001 0.0723338 0.0649862 0.0884691 0.0721847 0.0671869 0.0654458 0.0736561 0.0747917 0.0723426 0.0731628 0.0811732 0.0736631 0.0645849 0.0769080 0.0678974 0.0766213 0.0826101 0.0631797 0.0723605 0.0620622 0.0880921 0.0622259 0.0657728 0.0710157 0.0654018 
S0289         0.2084845 0.0740621 0.0781368 0.0537013 0.0791261 0.0785698 0.0776431 0.0000000 0.0732616 0.0950436 0.0882111 0.0497606 0.0842943 0.0805701 0.0418582 0.0853052 0.0448126 0.0841001 0.1502170 0.0834280 0.0757768 0.0748903 0.0764555 0.0379447 0.0776758 0.0368374 0.0684998 0.0704377 0.0386846 0.0743614 0.0598302 0.0741517 0.0892666 0.0849300 0.0952384 0.0499176 0.0817712 0.0849287 0.0439504 0.0773652 0.0646517 0.0727928 0.1203973 0.0683232 0.0794765 0.1246389 0.0819849 0.0823351 0.1038518 0.0780566 0.0883880 0.0644897 0.0705313 0.0699045 0.0672890 0.0844925 0.0710631 0.0584345 0.0814990 0.0658234 0.0581644 0.0644611 0.0378126 0.0727730 0.0835586 0.0772930 0.0895808 0.0807150 0.0850337 0.0748822 0.1236093 0.0973698 0.0913682 0.0805257 0.0769260 0.0770092 0.1190911 0.0723097 0.1145837 0.0773660 0.0901936 0.0807662 0.0776257 0.0764903 0.0758026 0.1161197 0.0773489 0.0805567 0.0732280 0.0348564 0.0614161 0.0648575 0.0881544 0.0580250 0.0530610 0.0803465 0.0887788 0.0790044 0.0754787 0.0762242 0.0815758 0.0862900 0.0725654 0.0739628 0.0708161 0.0768427 0.0761370 0.0634462 0.0699925 0.0720601 0.0416506 0.0747732 0.0698579 0.0464871 0.0769847 0.0647400 0.0693941 0.0783004 0.0743884 0.0740503 0.0786386 0.0493313 0.0830542 0.0626246 0.0787191 0.0674608 0.0756295 0.0850686 0.0652073 0.0734863 0.0632006 0.0940132 0.0626492 0.0685381 0.0749530 0.0665833 
S0292         0.2058285 0.0640843 0.0452666 0.0796992 0.0584329 0.0618694 0.0727730 0.0732616 0.0000000 0.0738714 0.0799415 0.0792341 0.0770578 0.0731666 0.0775244 0.0750578 0.0601792 0.0519017 0.1059355 0.0758833 0.0600298 0.0590159 0.0643164 0.0693077 0.0652249 0.0580105 0.0455705 0.0602521 0.0565788 0.0701515 0.0520628 0.0461156 0.0719365 0.0736919 0.0818050 0.0721391 0.0696959 0.0727358 0.0686436 0.0710114 0.0617728 0.0674841 0.1052593 0.0448340 0.0734156 0.1192337 0.0716473 0.0752998 0.0882920 0.0659769 0.0589316 0.0418441 0.0582431 0.0432602 0.0437976 0.0582039 0.0467288 0.0545147 0.0733257 0.0610961 0.0554472 0.0463831 0.0695493 0.0653082 0.0522739 0.0481280 0.0590815 0.0543203 0.0769869 0.0555775 0.1193818 0.0902281 0.0810224 0.0723020 0.0495032 0.0507767 0.1159045 0.0447494 0.1075466 0.0675364 0.0623526 0.0531577 0.0697596 0.0682572 0.0256889 0.1062445 0.0658373 0.0700046 0.0461590 0.0602974 0.0594414 0.0600944 0.0796397 0.0529111 0.0762774 0.0702801 0.0814776 0.0714486 0.0628618 0.0715732 0.0528090 0.0300167 0.0631512 0.0608299 0.0607912 0.0222277 0.0635366 0.0562608 0.0105107 0.0099709 0.0735341 0.0632920 0.0450083 0.0797120 0.0568791 0.0633134 0.0537983 0.0581158 0.0226009 0.0463034 0.0646044 0.0749871 0.0709129 0.0600488 0.0672692 0.0587903 0.0487250 0.0575888 0.0617580 0.0475207 0.0425000 0.0836682 0.0390084 0.0430588 0.0590620 0.0488256 
S0293         0.2161829 0.0531536 0.0696774 0.0953535 0.0816651 0.0254285 0.0794961 0.0950436 0.0738714 0.0000000 0.0754295 0.1007362 0.0761594 0.0841954 0.0886050 0.0834415 0.0806737 0.0895240 0.1515477 0.0846139 0.0661175 0.0210277 0.0318435 0.1017670 0.0531075 0.0755293 0.0709618 0.0634104 0.0703351 0.0778841 0.0621090 0.0737498 0.0612777 0.0860347 0.0813594 0.0914822 0.0462987 0.0429906 0.0812630 0.0797968 0.0765279 0.0717319 0.0543318 0.0698323 0.0803927 0.1204027 0.0558643 0.0811016 0.1025596 0.0354308 0.0940387 0.0691502 0.0245423 0.0719967 0.0709073 0.0878041 0.0716050 0.0678880 0.0759974 0.0756381 0.0717271 0.0586586 0.0787420 0.0768459 0.0850244 0.0778424 0.0850075 0.0804255 0.0674133 0.0744151 0.1124355 0.0983462 0.0909513 0.0862287 0.0823422 0.0842679 0.1187179 0.0618594 0.1184363 0.0744087 0.0941894 0.0824249 0.0762799 0.0530096 0.0803644 0.1145937 0.0317528 0.0390421 0.0744737 0.0742534 0.0734230 0.0727335 0.0869269 0.0658745 0.0914884 0.0829914 0.0912477 0.0814165 0.0295310 0.0753604 0.0897686 0.0835613 0.0302582 0.0266642 0.0513889 0.0764136 0.0521585 0.0701920 0.0687708 0.0714323 0.0918948 0.0303292 0.0744404 0.1020824 0.0760516 0.0767841 0.0245414 0.0777603 0.0742443 0.0801178 0.0368400 0.0918577 0.0385707 0.0710548 0.0391031 0.0623742 0.0818414 0.0924515 0.0666757 0.0770965 0.0609016 0.1024001 0.0636129 0.0736934 0.0612539 0.0685535 
S0294         0.2127908 0.0632465 0.0774086 0.0915622 0.0849380 0.0662208 0.0900712 0.0882111 0.0799415 0.0754295 0.0000000 0.0932521 0.0986481 0.0891085 0.0906382 0.0905543 0.0718304 0.0908883 0.1487555 0.0935920 0.0694387 0.0620502 0.0633508 0.0778963 0.0697756 0.0721331 0.0707268 0.0705760 0.0735045 0.0853689 0.0710362 0.0776270 0.0766065 0.0942179 0.1036085 0.0876385 0.0679139 0.0706571 0.0800735 0.0934978 0.0747105 0.0690130 0.1066378 0.0732039 0.0893913 0.1293632 0.0701392 0.0913503 0.1065420 0.0638168 0.0934401 0.0673108 0.0587342 0.0709823 0.0708409 0.0932637 0.0740881 0.0726836 0.0797803 0.0753737 0.0722911 0.0667471 0.0824004 0.0808590 0.0879824 0.0817885 0.0911755 0.0837306 0.0344138 0.0777696 0.1288501 0.0958606 0.0897051 0.0837521 0.0840341 0.0854778 0.1211767 0.0756440 0.1156702 0.0838596 0.0919938 0.0908999 0.0779074 0.0680797 0.0822711 0.1174094 0.0650825 0.0741078 0.0819003 0.0677745 0.0728575 0.0742496 0.0938564 0.0723435 0.0933925 0.0854229 0.1005733 0.0887778 0.0598977 0.0771756 0.0883964 0.0828979 0.0611496 0.0624662 0.0607799 0.0814647 0.0650761 0.0715411 0.0751736 0.0779668 0.0894773 0.0656929 0.0715495 0.0962331 0.0798984 0.0749015 0.0555844 0.0812282 0.0822723 0.0832102 0.0651532 0.0873031 0.0654561 0.0737577 0.0631054 0.0626499 0.0814097 0.0946495 0.0725836 0.0777284 0.0656402 0.0999811 0.0654465 0.0754576 0.0727271 0.0709037 
S0299         0.2222237 0.0787595 0.0811098 0.0379364 0.0804841 0.0810954 0.0810382 0.0497606 0.0792341 0.1007362 0.0932521 0.0000000 0.0873819 0.0797308 0.0440962 0.0889649 0.0464711 0.0869906 0.1430404 0.0857586 0.0768585 0.0779630 0.0807382 0.0455048 0.0848748 0.0368581 0.0707759 0.0722822 0.0415164 0.0776769 0.0643175 0.0758243 0.0896400 0.0863636 0.0975755 0.0395445 0.0820806 0.0812971 0.0409892 0.0792046 0.0680465 0.0748534 0.1213839 0.0706308 0.0837988 0.1252030 0.0816114 0.0850037 0.1049395 0.0824741 0.0911926 0.0672581 0.0735078 0.0722216 0.0688131 0.0871114 0.0708163 0.0617447 0.0790783 0.0713222 0.0598607 0.0645116 0.0418783 0.0751809 0.0859809 0.0795696 0.0908448 0.0813912 0.0859255 0.0759145 0.1228760 0.0992066 0.0939226 0.0763013 0.0807261 0.0827523 0.1187944 0.0755258 0.1147374 0.0807108 0.0904897 0.0837925 0.0825121 0.0813560 0.0802959 0.1142184 0.0847245 0.0854515 0.0750143 0.0373505 0.0675677 0.0682833 0.0905241 0.0613024 0.0347877 0.0831411 0.0897910 0.0824451 0.0783376 0.0772141 0.0780441 0.0908207 0.0789417 0.0783415 0.0762793 0.0801366 0.0797913 0.0655241 0.0724644 0.0753104 0.0420401 0.0791342 0.0709089 0.0455348 0.0767224 0.0695059 0.0722688 0.0780664 0.0757938 0.0737725 0.0811335 0.0360165 0.0857366 0.0665233 0.0819290 0.0680818 0.0781849 0.0864172 0.0713463 0.0772985 0.0661638 0.0966012 0.0654344 0.0676061 0.0757299 0.0655140 
S0303         0.2276569 0.0715165 0.0727928 0.0819192 0.0772189 0.0754537 0.0046945 0.0842943 0.0770578 0.0761594 0.0986481 0.0873819 0.0000000 0.0379867 0.0914015 0.0108393 0.0749564 0.0904511 0.1384291 0.0070758 0.0658986 0.0713820 0.0748631 0.0875517 0.0777901 0.0707653 0.0715926 0.0747871 0.0677334 0.0074171 0.0729449 0.0753975 0.0802635 0.0511761 0.0127738 0.0904082 0.0857255 0.0779421 0.0776002 0.0665565 0.0684098 0.0767935 0.1042189 0.0663907 0.0094577 0.1126470 0.0797024 0.0101501 0.1056841 0.0765743 0.0835437 0.0688583 0.0722601 0.0680455 0.0707498 0.0812479 0.0655468 0.0608278 0.0455344 0.0645121 0.0614074 0.0670357 0.0778811 0.0287089 0.0819080 0.0784910 0.0877783 0.0812352 0.0889138 0.0761458 0.1156828 0.0906478 0.0530466 0.0525431 0.0795933 0.0806086 0.1095166 0.0668536 0.1033582 0.0748048 0.0941192 0.0887145 0.0428877 0.0741904 0.0766632 0.1033096 0.0754671 0.0840675 0.0726721 0.0694887 0.0643558 0.0633038 0.0101529 0.0628890 0.0863323 0.0477292 0.0104347 0.0067397 0.0713755 0.0427524 0.0822971 0.0807195 0.0737043 0.0697915 0.0723015 0.0825477 0.0664571 0.0637547 0.0702388 0.0762786 0.0908489 0.0745814 0.0709206 0.0924631 0.0760197 0.0701476 0.0671901 0.0770431 0.0811492 0.0771133 0.0771339 0.0896264 0.0752731 0.0622012 0.0805066 0.0687197 0.0809617 0.0943686 0.0667614 0.0760530 0.0697882 0.0923840 0.0654643 0.0677740 0.0701701 0.0721918 
S0308         0.2112124 0.0715880 0.0723784 0.0795993 0.0729013 0.0765695 0.0401584 0.0805701 0.0731666 0.0841954 0.0891085 0.0797308 0.0379867 0.0000000 0.0833311 0.0420847 0.0690953 0.0813976 0.1490026 0.0384379 0.0652085 0.0723415 0.0737167 0.0778007 0.0789738 0.0678062 0.0639229 0.0715481 0.0666877 0.0404854 0.0641601 0.0739444 0.0822410 0.0513985 0.0412957 0.0828243 0.0812312 0.0791960 0.0751537 0.0846683 0.0701776 0.0724251 0.1074083 0.0623586 0.0407657 0.1134868 0.0765713 0.0406017 0.0958163 0.0780414 0.0856041 0.0618164 0.0681160 0.0640379 0.0633193 0.0830206 0.0638858 0.0652167 0.0439450 0.0667977 0.0637062 0.0615767 0.0818038 0.0352438 0.0807285 0.0759163 0.0863807 0.0797409 0.0821916 0.0706039 0.1204918 0.0918552 0.0526968 0.0467857 0.0774360 0.0788410 0.1098008 0.0658518 0.1007925 0.0775277 0.0899291 0.0816627 0.0420914 0.0740931 0.0783371 0.1023553 0.0767867 0.0846345 0.0736801 0.0694794 0.0657265 0.0663919 0.0468969 0.0659081 0.0815287 0.0486027 0.0473984 0.0413656 0.0722668 0.0419894 0.0767286 0.0839089 0.0739772 0.0714513 0.0691606 0.0768573 0.0684657 0.0643805 0.0685349 0.0725649 0.0800613 0.0766999 0.0652593 0.0925069 0.0699084 0.0702659 0.0663099 0.0712848 0.0751485 0.0747581 0.0760154 0.0819664 0.0778811 0.0671078 0.0753698 0.0694486 0.0763316 0.0851671 0.0654928 0.0739994 0.0637176 0.0921864 0.0638740 0.0686424 0.0690631 0.0662572 
S0320         0.2120613 0.0767154 0.0813698 0.0475283 0.0767097 0.0764264 0.0838023 0.0418582 0.0775244 0.0886050 0.0906382 0.0440962 0.0914015 0.0833311 0.0000000 0.0902643 0.0460460 0.0830460 0.1482145 0.0904226 0.0750853 0.0727802 0.0749055 0.0372080 0.0811188 0.0368069 0.0697552 0.0727488 0.0425924 0.0805109 0.0595278 0.0788558 0.0875897 0.0878662 0.1038682 0.0474467 0.0803758 0.0827495 0.0443724 0.0783681 0.0665575 0.0741003 0.1197640 0.0716006 0.0856582 0.1246186 0.0805840 0.0885800 0.1059157 0.0731488 0.0971428 0.0650590 0.0679206 0.0704800 0.0664314 0.0878899 0.0730782 0.0602103 0.0841008 0.0678164 0.0598777 0.0624392 0.0342045 0.0761739 0.0876837 0.0804754 0.0903523 0.0862964 0.0857423 0.0759817 0.1222830 0.1002256 0.0924077 0.0804391 0.0809656 0.0824515 0.1206265 0.0729269 0.1168294 0.0782760 0.0934912 0.0824857 0.0798695 0.0759592 0.0793739 0.1176299 0.0784805 0.0799770 0.0766680 0.0347626 0.0641251 0.0654695 0.0931624 0.0598592 0.0424937 0.0831672 0.0931996 0.0851899 0.0726462 0.0801790 0.0824997 0.0887380 0.0723668 0.0705883 0.0741148 0.0769463 0.0754839 0.0639212 0.0722109 0.0749984 0.0326043 0.0727084 0.0704331 0.0409362 0.0780864 0.0660316 0.0672995 0.0780850 0.0751811 0.0755324 0.0759050 0.0438377 0.0802740 0.0643781 0.0779554 0.0679870 0.0777243 0.0797714 0.0691167 0.0775445 0.0652581 0.0949057 0.0652295 0.0686860 0.0756333 0.0652627 
S0322         0.2091010 0.0742203 0.0717666 0.0824486 0.0721504 0.0746521 0.0132650 0.0853052 0.0750578 0.0834415 0.0905543 0.0889649 0.0108393 0.0420847 0.0902643 0.0000000 0.0761401 0.0827439 0.1456245 0.0109333 0.0685135 0.0729407 0.0750199 0.0870036 0.0818678 0.0702053 0.0683944 0.0756403 0.0706488 0.0116934 0.0706746 0.0746445 0.0818201 0.0570117 0.0113319 0.0873882 0.0805191 0.0821485 0.0790451 0.0844045 0.0726981 0.0743339 0.1005649 0.0655223 0.0089664 0.1099867 0.0814697 0.0121703 0.0935358 0.0774304 0.0821698 0.0649829 0.0721118 0.0616730 0.0677842 0.0842724 0.0642748 0.0675581 0.0476452 0.0643191 0.0648175 0.0655012 0.0820486 0.0289164 0.0749550 0.0786232 0.0850551 0.0819189 0.0843077 0.0764759 0.1130927 0.0908176 0.0554384 0.0523070 0.0788014 0.0795007 0.1112972 0.0671320 0.1010652 0.0729681 0.0922875 0.0848297 0.0498901 0.0774047 0.0777479 0.1018033 0.0761774 0.0819856 0.0751934 0.0718774 0.0674546 0.0632647 0.0094616 0.0691863 0.0840533 0.0524753 0.0145991 0.0138155 0.0728558 0.0463113 0.0842407 0.0796637 0.0727249 0.0714861 0.0718020 0.0807433 0.0708916 0.0674565 0.0704611 0.0757574 0.0864159 0.0746054 0.0671923 0.0958585 0.0770728 0.0727002 0.0676558 0.0785783 0.0777069 0.0760597 0.0760532 0.0875857 0.0752713 0.0706758 0.0799746 0.0694488 0.0781223 0.0883385 0.0680629 0.0766561 0.0669308 0.0933983 0.0662825 0.0691918 0.0739223 0.0694241 
S0327         0.2027389 0.0618392 0.0594982 0.0498604 0.0629254 0.0660940 0.0699974 0.0448126 0.0601792 0.0806737 0.0718304 0.0464711 0.0749564 0.0690953 0.0460460 0.0761401 0.0000000 0.0738399 0.1291243 0.0720833 0.0644736 0.0626083 0.0659045 0.0475184 0.0717428 0.0313386 0.0541985 0.0617872 0.0343702 0.0673787 0.0482377 0.0625410 0.0783286 0.0739103 0.0814838 0.0466304 0.0686360 0.0732610 0.0365440 0.0669012 0.0565368 0.0613326 0.1043417 0.0533148 0.0700407 0.1120776 0.0732414 0.0745711 0.0841130 0.0681555 0.0757214 0.0497571 0.0586250 0.0530663 0.0523844 0.0711736 0.0540910 0.0476001 0.0684167 0.0577062 0.0484956 0.0510381 0.0404354 0.0639620 0.0709428 0.0637458 0.0748211 0.0677992 0.0688476 0.0588224 0.1149283 0.0823128 0.0780164 0.0704372 0.0652850 0.0673072 0.1058114 0.0577490 0.1028208 0.0631554 0.0761365 0.0726695 0.0655998 0.0660824 0.0628227 0.1043647 0.0682824 0.0733810 0.0592679 0.0300655 0.0542094 0.0554560 0.0788969 0.0472718 0.0466605 0.0712408 0.0813333 0.0713225 0.0637025 0.0653187 0.0668322 0.0719782 0.0655510 0.0630503 0.0593167 0.0640043 0.0568685 0.0517218 0.0551388 0.0558583 0.0470681 0.0656651 0.0530304 0.0502602 0.0608029 0.0572575 0.0561066 0.0620555 0.0600782 0.0633053 0.0669206 0.0467192 0.0672392 0.0528784 0.0675788 0.0579574 0.0622557 0.0725824 0.0577684 0.0619880 0.0490790 0.0844293 0.0486736 0.0573893 0.0625664 0.0510682 
S0335         0.2140609 0.0744685 0.0603509 0.0860273 0.0702974 0.0757231 0.0810838 0.0841001 0.0519017 0.0895240 0.0908883 0.0869906 0.0904511 0.0813976 0.0830460 0.0827439 0.0738399 0.0000000 0.0981174 0.0855594 0.0736434 0.0713972 0.0742859 0.0790932 0.0828580 0.0671808 0.0517271 0.0734063 0.0821748 0.0797811 0.0647691 0.0536911 0.0847553 0.0830763 0.0940819 0.0855113 0.0796475 0.0839007 0.0802455 0.0826030 0.0718072 0.0767768 0.1120239 0.0552341 0.0804219 0.1248277 0.0808837 0.0823422 0.0984035 0.0740462 0.0706414 0.0509405 0.0713477 0.0542621 0.0529792 0.0727118 0.0567014 0.0642065 0.0809574 0.0731412 0.0677420 0.0563738 0.0894851 0.0702901 0.0618349 0.0608081 0.0642604 0.0646039 0.0851019 0.0651348 0.1263941 0.0996176 0.0908673 0.0762743 0.0620964 0.0628077 0.1221617 0.0539661 0.1152764 0.0673620 0.0723496 0.0427019 0.0784376 0.0766278 0.0527754 0.1147654 0.0793430 0.0799552 0.0517936 0.0680799 0.0707523 0.0720382 0.0867390 0.0637273 0.0832622 0.0796522 0.0921259 0.0791704 0.0747602 0.0769884 0.0484243 0.0705330 0.0758363 0.0713406 0.0700095 0.0488876 0.0734718 0.0686172 0.0446209 0.0482346 0.0846618 0.0700824 0.0548066 0.0896567 0.0658833 0.0753751 0.0667068 0.0671520 0.0532036 0.0337997 0.0741136 0.0868713 0.0837962 0.0677855 0.0799223 0.0711848 0.0432801 0.0272931 0.0724125 0.0589290 0.0538185 0.0959681 0.0475359 0.0311935 0.0722217 0.0563928 
S0345         0.3217839 0.1245276 0.0983161 0.1427152 0.1219306 0.1313565 0.1419966 0.1502170 0.1059355 0.1515477 0.1487555 0.1430404 0.1384291 0.1490026 0.1482145 0.1456245 0.1291243 0.0981174 0.0000000 0.1359283 0.1222531 0.1250999 0.1309570 0.1254138 0.1330664 0.1183545 0.1136301 0.1252546 0.1127413 0.1400364 0.1215457 0.1173483 0.1289797 0.1265710 0.1404615 0.1497744 0.1456626 0.1286216 0.1397946 0.1349280 0.1229463 0.1303636 0.1262433 0.1062880 0.1401684 0.1879148 0.1385829 0.1399299 0.1469241 0.1236958 0.1187131 0.1078394 0.1207151 0.1127399 0.1079584 0.1319012 0.1116723 0.1203314 0.1437056 0.1166730 0.1218007 0.1141858 0.1344126 0.1370347 0.1130812 0.1219795 0.1300761 0.1268039 0.1334637 0.1183962 0.1800062 0.1571885 0.1417006 0.1214155 0.1129167 0.1159701 0.1769832 0.1114035 0.1768017 0.1122790 0.1321862 0.1036596 0.1349800 0.1304296 0.1069256 0.1731837 0.1367415 0.1401558 0.0929023 0.1262200 0.1171838 0.1204262 0.1455600 0.1180568 0.1483873 0.1361107 0.1516956 0.1408770 0.1208630 0.1414612 0.0780177 0.1116068 0.1261034 0.1234176 0.1211096 0.1126777 0.1165260 0.1200412 0.1021366 0.1045793 0.1419426 0.1258478 0.1121853 0.1337920 0.1187586 0.1217352 0.1149395 0.1173146 0.1020882 0.0899621 0.1302000 0.1453410 0.1301936 0.1286327 0.1302259 0.1252013 0.0525676 0.0993688 0.1212444 0.1155627 0.1109229 0.1567636 0.0989864 0.0887881 0.1285166 0.1176709 
S0355         0.2236067 0.0741671 0.0696174 0.0782079 0.0763503 0.0761680 0.0090511 0.0834280 0.0758833 0.0846139 0.0935920 0.0857586 0.0070758 0.0384379 0.0904226 0.0109333 0.0720833 0.0855594 0.1359283 0.0000000 0.0650835 0.0734008 0.0741622 0.0754684 0.0829440 0.0676050 0.0688425 0.0773147 0.0695196 0.0109953 0.0685081 0.0753690 0.0813673 0.0503255 0.0102321 0.0881591 0.0829761 0.0740906 0.0768080 0.0777906 0.0695345 0.0728954 0.0949144 0.0650523 0.0078271 0.1046446 0.0833742 0.0078158 0.0972242 0.0763639 0.0840143 0.0649868 0.0724195 0.0690291 0.0643837 0.0833005 0.0635823 0.0615821 0.0467813 0.0699452 0.0612843 0.0642381 0.0838513 0.0248285 0.0805184 0.0807403 0.0866299 0.0830135 0.0820363 0.0783174 0.1170798 0.0875595 0.0609528 0.0457013 0.0794384 0.0792777 0.1036783 0.0712846 0.0954352 0.0815189 0.0939270 0.0864894 0.0479146 0.0769485 0.0749218 0.0939125 0.0764665 0.0838885 0.0719336 0.0717441 0.0665736 0.0696483 0.0115487 0.0641222 0.0823658 0.0507721 0.0173555 0.0102916 0.0718796 0.0457018 0.0844988 0.0813991 0.0709129 0.0702821 0.0705584 0.0786660 0.0651248 0.0627587 0.0691434 0.0744481 0.0909406 0.0760986 0.0667411 0.0792809 0.0775015 0.0702782 0.0672155 0.0792275 0.0742970 0.0747384 0.0754430 0.0863255 0.0744072 0.0651127 0.0815716 0.0664659 0.0802627 0.0905558 0.0694775 0.0754680 0.0635081 0.0902370 0.0651358 0.0670715 0.0729432 0.0658547 
S0376         0.2017557 0.0530932 0.0650247 0.0773628 0.0679687 0.0546689 0.0655960 0.0757768 0.0600298 0.0661175 0.0694387 0.0768585 0.0658986 0.0652085 0.0750853 0.0685135 0.0644736 0.0736434 0.1222531 0.0650835 0.0000000 0.0513282 0.0552630 0.0708029 0.0583788 0.0604150 0.0572650 0.0310328 0.0583943 0.0667595 0.0562967 0.0624326 0.0589918 0.0664595 0.0710470 0.0733716 0.0605451 0.0550191 0.0706590 0.0669172 0.0603465 0.0591424 0.0889712 0.0590490 0.0655909 0.1095273 0.0606096 0.0687865 0.0883435 0.0556467 0.0716613 0.0557928 0.0518636 0.0554972 0.0573226 0.0763713 0.0578211 0.0550991 0.0639083 0.0628760 0.0556935 0.0539004 0.0634500 0.0587774 0.0691296 0.0666175 0.0770092 0.0678125 0.0617361 0.0652888 0.1140392 0.0848312 0.0707436 0.0663416 0.0673871 0.0687477 0.1084466 0.0568873 0.1022976 0.0629406 0.0794444 0.0663686 0.0604185 0.0542487 0.0634562 0.1033606 0.0576255 0.0612596 0.0585942 0.0621381 0.0611920 0.0612572 0.0725214 0.0542063 0.0742059 0.0623364 0.0753646 0.0662737 0.0538391 0.0613991 0.0699453 0.0640581 0.0561857 0.0486428 0.0497811 0.0634946 0.0514359 0.0597495 0.0568640 0.0574645 0.0709541 0.0542594 0.0579663 0.0728907 0.0673718 0.0638391 0.0468443 0.0654057 0.0586761 0.0596264 0.0531157 0.0752337 0.0585217 0.0610379 0.0595021 0.0505140 0.0616025 0.0717206 0.0603323 0.0647403 0.0510744 0.0824495 0.0540969 0.0561749 0.0334200 0.0552051 
S0400         0.1969316 0.0407336 0.0584655 0.0791405 0.0667725 0.0116807 0.0706757 0.0748903 0.0590159 0.0210277 0.0620502 0.0779630 0.0713820 0.0723415 0.0727802 0.0729407 0.0626083 0.0713972 0.1250999 0.0734008 0.0513282 0.0000000 0.0171470 0.0704533 0.0419550 0.0567553 0.0579787 0.0516330 0.0551398 0.0678549 0.0533618 0.0632737 0.0476515 0.0723777 0.0757694 0.0715113 0.0307677 0.0268158 0.0640326 0.0742508 0.0590401 0.0542438 0.0521430 0.0578649 0.0713154 0.1091818 0.0433351 0.0713017 0.0913210 0.0220427 0.0796039 0.0541525 0.0121736 0.0581850 0.0554662 0.0754444 0.0585981 0.0543982 0.0604568 0.0576353 0.0571915 0.0492869 0.0661972 0.0645986 0.0725766 0.0673111 0.0767572 0.0711386 0.0496372 0.0614271 0.1075863 0.0877495 0.0731475 0.0703543 0.0675383 0.0688990 0.1065424 0.0561929 0.1008081 0.0671562 0.0791004 0.0688317 0.0622528 0.0413579 0.0636264 0.1024091 0.0203249 0.0293358 0.0608576 0.0577669 0.0547800 0.0560778 0.0755809 0.0509859 0.0735965 0.0678760 0.0814147 0.0713210 0.0170996 0.0599654 0.0710809 0.0658821 0.0187020 0.0143107 0.0387892 0.0615626 0.0376834 0.0555345 0.0545637 0.0553235 0.0717707 0.0215321 0.0587292 0.0805077 0.0627591 0.0597912 0.0100025 0.0640197 0.0606790 0.0629806 0.0220626 0.0724314 0.0266880 0.0574323 0.0248658 0.0477738 0.0637809 0.0741509 0.0509231 0.0641081 0.0491298 0.0847138 0.0524623 0.0582328 0.0536044 0.0524281 
S0405         0.1991699 0.0413493 0.0605099 0.0800263 0.0689023 0.0205647 0.0721314 0.0764555 0.0643164 0.0318435 0.0633508 0.0807382 0.0748631 0.0737167 0.0749055 0.0750199 0.0659045 0.0742859 0.1309570 0.0741622 0.0552630 0.0171470 0.0000000 0.0714244 0.0438434 0.0600484 0.0599644 0.0555040 0.0607752 0.0714021 0.0565705 0.0666457 0.0489523 0.0745449 0.0811518 0.0758773 0.0331254 0.0251395 0.0674936 0.0784032 0.0616631 0.0549253 0.0594666 0.0604336 0.0734194 0.1094057 0.0446376 0.0740095 0.0950313 0.0237508 0.0826172 0.0567592 0.0160376 0.0608412 0.0580885 0.0810207 0.0625017 0.0582137 0.0646478 0.0596231 0.0598010 0.0536555 0.0681403 0.0659754 0.0766714 0.0713508 0.0796033 0.0752223 0.0519085 0.0640691 0.1106164 0.0920682 0.0787431 0.0719621 0.0722004 0.0735831 0.1083176 0.0606723 0.1024948 0.0756552 0.0826363 0.0728857 0.0662586 0.0431829 0.0670872 0.1033228 0.0243526 0.0328763 0.0641740 0.0603941 0.0567380 0.0586841 0.0775891 0.0547398 0.0756706 0.0692952 0.0836883 0.0741149 0.0149414 0.0634195 0.0745590 0.0680227 0.0226537 0.0138241 0.0400253 0.0655660 0.0382701 0.0568715 0.0591204 0.0611615 0.0751785 0.0237987 0.0607748 0.0812864 0.0660896 0.0624258 0.0154365 0.0673622 0.0672271 0.0650590 0.0237435 0.0745972 0.0278688 0.0594030 0.0271579 0.0477767 0.0677959 0.0777360 0.0534780 0.0675071 0.0535345 0.0906738 0.0556456 0.0614841 0.0561564 0.0568121 
S0407sl       0.2070286 0.0749796 0.0751150 0.0462141 0.0833354 0.0757382 0.0767154 0.0379447 0.0693077 0.1017670 0.0778963 0.0455048 0.0875517 0.0778007 0.0372080 0.0870036 0.0475184 0.0790932 0.1254138 0.0754684 0.0708029 0.0704533 0.0714244 0.0000000 0.0774519 0.0298401 0.0677588 0.0742488 0.0338545 0.0746854 0.0618421 0.0700611 0.0903789 0.0802136 0.0914890 0.0464802 0.0784328 0.0728350 0.0417016 0.0760049 0.0605547 0.0679275 0.0978301 0.0716415 0.0765015 0.1147288 0.0802084 0.0786016 0.0966575 0.0752118 0.0784181 0.0620397 0.0672182 0.0680524 0.0594703 0.0795212 0.0737008 0.0588302 0.0761928 0.0668831 0.0564215 0.0605202 0.0304403 0.0707345 0.0778361 0.0751154 0.0866837 0.0763649 0.0824038 0.0788932 0.1248901 0.0878127 0.0917546 0.0660910 0.0736013 0.0746680 0.1171964 0.0723591 0.1073937 0.0635133 0.0813132 0.0713992 0.0776053 0.0715274 0.0734665 0.1074443 0.0719285 0.0778675 0.0662444 0.0320829 0.0635528 0.0637065 0.0839077 0.0557445 0.0460033 0.0819839 0.0879344 0.0747361 0.0732283 0.0725136 0.0739183 0.0725720 0.0642866 0.0691395 0.0643207 0.0704009 0.0711777 0.0662826 0.0627505 0.0665052 0.0451137 0.0770371 0.0698442 0.0219342 0.0779971 0.0635754 0.0616203 0.0810168 0.0680288 0.0630753 0.0722424 0.0498465 0.0783712 0.0584887 0.0790875 0.0623499 0.0666838 0.0796723 0.0691253 0.0636811 0.0558651 0.0886198 0.0570026 0.0562651 0.0763472 0.0617000 
S0412sl       0.2137566 0.0480875 0.0690063 0.0868543 0.0767578 0.0451443 0.0782534 0.0776758 0.0652249 0.0531075 0.0697756 0.0848748 0.0777901 0.0789738 0.0811188 0.0818678 0.0717428 0.0828580 0.1330664 0.0829440 0.0583788 0.0419550 0.0438434 0.0774519 0.0000000 0.0625383 0.0675499 0.0568438 0.0642953 0.0742285 0.0624441 0.0717974 0.0507239 0.0809592 0.0816152 0.0797156 0.0506512 0.0526253 0.0721290 0.0840330 0.0637585 0.0587626 0.0851238 0.0680660 0.0801602 0.1138985 0.0450333 0.0807574 0.0969810 0.0460204 0.0856853 0.0636024 0.0382880 0.0677915 0.0663853 0.0844063 0.0701404 0.0633771 0.0738778 0.0662030 0.0650924 0.0593351 0.0688668 0.0737352 0.0806942 0.0771837 0.0855832 0.0804475 0.0603269 0.0704836 0.1114977 0.0939665 0.0869523 0.0796569 0.0748307 0.0761784 0.1143683 0.0658444 0.1081570 0.0711882 0.0893761 0.0793017 0.0760442 0.0494088 0.0681443 0.1083190 0.0484612 0.0502007 0.0712196 0.0636518 0.0644972 0.0653189 0.0845814 0.0623151 0.0798176 0.0724259 0.0908088 0.0802290 0.0430944 0.0727550 0.0809634 0.0731974 0.0459612 0.0418248 0.0460325 0.0682742 0.0460341 0.0624635 0.0602625 0.0614892 0.0783856 0.0406124 0.0683402 0.0884263 0.0725464 0.0691353 0.0353161 0.0725432 0.0672229 0.0714378 0.0447738 0.0804309 0.0523718 0.0683523 0.0454638 0.0570889 0.0740809 0.0844437 0.0618369 0.0712573 0.0592629 0.0909330 0.0606392 0.0677692 0.0600200 0.0619259 
S0417         0.1975605 0.0585659 0.0615075 0.0374211 0.0628367 0.0589237 0.0628691 0.0368374 0.0580105 0.0755293 0.0721331 0.0368581 0.0707653 0.0678062 0.0368069 0.0702053 0.0313386 0.0671808 0.1183545 0.0676050 0.0604150 0.0567553 0.0600484 0.0298401 0.0625383 0.0000000 0.0515149 0.0578333 0.0220147 0.0595187 0.0430839 0.0547535 0.0706997 0.0686596 0.0807143 0.0395622 0.0620318 0.0677703 0.0338826 0.0634493 0.0500639 0.0573451 0.1001485 0.0507562 0.0654439 0.1022990 0.0624853 0.0673865 0.0820491 0.0610578 0.0669170 0.0476891 0.0559665 0.0509921 0.0490908 0.0646223 0.0520959 0.0442902 0.0651440 0.0493049 0.0444595 0.0470184 0.0281584 0.0606685 0.0617990 0.0579612 0.0681859 0.0606365 0.0665205 0.0580000 0.0986360 0.0786879 0.0739448 0.0677599 0.0594626 0.0595297 0.0963146 0.0546384 0.0933374 0.0564828 0.0700832 0.0646873 0.0635498 0.0589275 0.0595775 0.0942002 0.0623847 0.0674468 0.0559357 0.0194376 0.0471217 0.0477497 0.0729314 0.0427890 0.0349899 0.0666143 0.0738959 0.0629091 0.0578267 0.0632289 0.0634266 0.0670243 0.0565699 0.0578668 0.0534426 0.0598874 0.0578646 0.0466227 0.0529731 0.0555848 0.0359433 0.0604595 0.0515798 0.0392802 0.0587298 0.0507680 0.0509751 0.0599845 0.0591637 0.0530518 0.0611145 0.0372832 0.0670901 0.0476403 0.0623589 0.0539362 0.0569367 0.0653064 0.0507013 0.0542994 0.0457092 0.0755538 0.0441880 0.0503382 0.0611919 0.0471423 
S0419         0.1968773 0.0573696 0.0139121 0.0740815 0.0351082 0.0614136 0.0661793 0.0684998 0.0455705 0.0709618 0.0707268 0.0707759 0.0715926 0.0639229 0.0697552 0.0683944 0.0541985 0.0517271 0.1136301 0.0688425 0.0572650 0.0579787 0.0599644 0.0677588 0.0675499 0.0515149 0.0000000 0.0573587 0.0521297 0.0641889 0.0440191 0.0429391 0.0722472 0.0653361 0.0760042 0.0705858 0.0666641 0.0690201 0.0647006 0.0679824 0.0552270 0.0638903 0.1027315 0.0198622 0.0655465 0.1071435 0.0667092 0.0673954 0.0809537 0.0622704 0.0571393 0.0078447 0.0541106 0.0105506 0.0100026 0.0555470 0.0221188 0.0494270 0.0621497 0.0557878 0.0527692 0.0412953 0.0702092 0.0570493 0.0489089 0.0467181 0.0539122 0.0504342 0.0736092 0.0319109 0.1030658 0.0788276 0.0680594 0.0651490 0.0480786 0.0481399 0.1025317 0.0103396 0.0961080 0.0571676 0.0576946 0.0555947 0.0585984 0.0615770 0.0475870 0.0983499 0.0629390 0.0691867 0.0477493 0.0550159 0.0517224 0.0548685 0.0728930 0.0515022 0.0699614 0.0619811 0.0772161 0.0649573 0.0592036 0.0615233 0.0557698 0.0567441 0.0615118 0.0570733 0.0547785 0.0448633 0.0555402 0.0517735 0.0395711 0.0437850 0.0705338 0.0597847 0.0116145 0.0786344 0.0325425 0.0561442 0.0515930 0.0336952 0.0460940 0.0474823 0.0629180 0.0714116 0.0651440 0.0536471 0.0628799 0.0553792 0.0523742 0.0542770 0.0552844 0.0437572 0.0357989 0.0782100 0.0289493 0.0424300 0.0555952 0.0408204 
S0427         0.2014720 0.0546724 0.0677634 0.0728586 0.0686726 0.0549202 0.0718826 0.0704377 0.0602521 0.0634104 0.0705760 0.0722822 0.0747871 0.0715481 0.0727488 0.0756403 0.0617872 0.0734063 0.1252546 0.0773147 0.0310328 0.0516330 0.0555040 0.0742488 0.0568438 0.0578333 0.0573587 0.0000000 0.0594885 0.0704993 0.0564874 0.0623508 0.0626620 0.0723605 0.0814491 0.0691664 0.0574509 0.0637540 0.0684695 0.0756292 0.0615819 0.0591397 0.0953508 0.0578046 0.0733277 0.1144631 0.0594869 0.0758780 0.0937199 0.0584059 0.0778838 0.0546746 0.0520344 0.0568720 0.0573823 0.0744563 0.0565379 0.0579621 0.0671200 0.0628353 0.0578810 0.0559636 0.0672066 0.0658365 0.0709470 0.0641848 0.0752189 0.0694696 0.0612124 0.0639390 0.1122298 0.0846331 0.0760112 0.0713787 0.0657121 0.0685149 0.1088363 0.0583923 0.1043821 0.0712686 0.0788495 0.0694292 0.0642072 0.0535776 0.0656853 0.1052923 0.0591153 0.0627787 0.0631015 0.0576548 0.0599171 0.0612529 0.0796475 0.0557261 0.0726790 0.0703859 0.0834671 0.0719289 0.0553421 0.0654011 0.0703628 0.0713187 0.0564465 0.0496637 0.0515344 0.0638739 0.0521145 0.0592802 0.0575831 0.0569470 0.0702255 0.0546531 0.0580470 0.0816801 0.0659732 0.0644122 0.0484348 0.0646880 0.0612575 0.0633908 0.0534920 0.0680673 0.0572992 0.0629725 0.0577654 0.0503245 0.0634340 0.0749392 0.0603087 0.0626900 0.0531256 0.0880622 0.0515040 0.0587128 0.0321617 0.0534947 
S0428sl       0.2196918 0.0609084 0.0518408 0.0413334 0.0653727 0.0628619 0.0676909 0.0386846 0.0565788 0.0703351 0.0735045 0.0415164 0.0677334 0.0666877 0.0425924 0.0706488 0.0343702 0.0821748 0.1127413 0.0695196 0.0583943 0.0551398 0.0607752 0.0338545 0.0642953 0.0220147 0.0521297 0.0594885 0.0000000 0.0635394 0.0482359 0.0562387 0.0767802 0.0692715 0.0720792 0.0433451 0.0624715 0.0550407 0.0332221 0.0528474 0.0527081 0.0589844 0.1103245 0.0591263 0.0675878 0.1150825 0.0709508 0.0676995 0.1018550 0.0608819 0.0653637 0.0476896 0.0509313 0.0477517 0.0438060 0.0567687 0.0621517 0.0441785 0.0621155 0.0502227 0.0487791 0.0491941 0.0281561 0.0588334 0.0585151 0.0578387 0.0747554 0.0596312 0.0885044 0.0638919 0.1118342 0.0668243 0.0614699 0.0597188 0.0538109 0.0569353 0.1116680 0.0439705 0.1104971 0.0418364 0.0700950 0.0659511 0.0600819 0.0670927 0.0608977 0.1063680 0.0649072 0.0635438 0.0487192 0.0230388 0.0558377 0.0472281 0.0661966 0.0466529 0.0453200 0.0688205 0.0720481 0.0661906 0.0508863 0.0623527 0.0653996 0.0566536 0.0576202 0.0564049 0.0514091 0.0624116 0.0611907 0.0482130 0.0481536 0.0510136 0.0482578 0.0610573 0.0578211 0.0305778 0.0624723 0.0543289 0.0479995 0.0654766 0.0606409 0.0559548 0.0537709 0.0467567 0.0684023 0.0480891 0.0552344 0.0452410 0.0612828 0.0729362 0.0583985 0.0483243 0.0465901 0.0852798 0.0453120 0.0499181 0.0626935 0.0511276 
