134
PAFTOL_019361 0.0000000 0.1473037 0.1160608 0.1759895 0.1500659 0.1382772 0.1490032 0.1579861 0.1415257 0.1420379 0.1232517 0.1728989 0.1553574 0.1680092 0.1565468 0.1500988 0.1770978 0.1389527 0.1414226 0.1553226 0.1497136 0.1352865 0.1361450 0.1457354 0.1491350 0.1397315 0.1371704 0.1624936 0.1359175 0.1482946 0.1570599 0.1464734 0.1527266 0.1598174 0.1589910 0.1467617 0.1376105 0.1710975 0.1479812 0.1652149 0.1401360 0.1845114 0.1424078 0.1494541 0.1642546 0.1699723 0.1504489 0.1410576 0.1328713 0.1470676 0.1370592 0.1395646 0.1328400 0.1323520 0.1384266 0.1431715 0.1475712 0.1373919 0.1598712 0.1489984 0.1290351 0.1478204 0.1393031 0.1625569 0.1494182 0.1484186 0.1491175 0.1456208 0.1782984 0.1268716 0.1548566 0.1612011 0.1498148 0.1437369 0.1567536 0.1350871 0.1618833 0.1610500 0.1546690 0.1430123 0.1576217 0.1579139 0.1423076 0.1600990 0.1404453 0.1489148 0.1483845 0.1512686 0.1582682 0.1586065 0.1507629 0.1514835 0.1712688 0.1566409 0.1509586 0.1509403 0.1357337 0.1493350 0.1476827 0.1383139 0.1412419 0.1245140 0.1442673 0.1585646 0.1498742 0.1432533 0.1473537 0.1402392 0.1637830 0.1442036 0.1376674 0.1574232 0.1475833 0.1553530 0.1402072 0.1278112 0.1487186 0.1383286 0.1393548 0.1471556 0.1380477 0.1481669 0.1327053 0.1396363 0.1740273 0.1416805 0.1575655 0.1423055 0.1313007 0.1038220 0.1280964 0.1335839 0.1512465 0.1379102 
S0055         0.1473037 0.0000000 0.0614925 0.0981908 0.0830995 0.0339802 0.0756713 0.0809264 0.0798431 0.0409369 0.0339683 0.0916974 0.0732388 0.0825784 0.0880172 0.0742840 0.0820472 0.0759356 0.0776301 0.0777662 0.0763604 0.0330121 0.0348650 0.0907704 0.0620286 0.1065919 0.0584149 0.0721668 0.0823965 0.0789488 0.0824734 0.0653473 0.0619425 0.0906793 0.0774415 0.0435040 0.0291299 0.0814760 0.0669876 0.0771145 0.0421336 0.0577605 0.0691614 0.0737049 0.0925774 0.0593926 0.0758455 0.0821739 0.0323083 0.0693467 0.0584184 0.0364278 0.0583115 0.0578569 0.0806171 0.0693806 0.0792762 0.0627515 0.0735281 0.0711968 0.0588368 0.0590036 0.0677194 0.0776914 0.0691920 0.0725650 0.0427706 0.0781959 0.1490747 0.0664592 0.0777250 0.0922289 0.0833841 0.0779723 0.0902151 0.0585526 0.0991615 0.0751639 0.0794401 0.0726585 0.0778582 0.0528445 0.0835722 0.1009340 0.0357136 0.0426688 0.0664373 0.0767678 0.0722843 0.0742847 0.0737862 0.0720697 0.0937250 0.0844797 0.0769550 0.0832310 0.0331277 0.0679754 0.0842556 0.0772343 0.0192633 0.0329554 0.0269900 0.0888596 0.0419785 0.0773558 0.0779430 0.0827055 0.0912057 0.0382822 0.0594544 0.0900507 0.0782236 0.0763410 0.0324516 0.0784217 0.0809710 0.0678886 0.0392565 0.0902241 0.0364901 0.0979689 0.0374214 0.0409630 0.0921691 0.0752763 0.0784835 0.0659251 0.0605513 0.0511507 0.0601078 0.0609434 0.0659503 0.0651322 
S0196sl       0.1160608 0.0614925 0.0000000 0.0839058 0.0425944 0.0505381 0.0782327 0.0682779 0.0553745 0.0526289 0.0418000 0.0776976 0.0745568 0.0803599 0.0716697 0.0767187 0.0704688 0.0619857 0.0668682 0.0793771 0.0581170 0.0474372 0.0456887 0.0764591 0.0733707 0.0883381 0.0133904 0.0570802 0.0674128 0.0819997 0.0743266 0.0383461 0.0640577 0.0896540 0.0576343 0.0600870 0.0435864 0.0687024 0.0445444 0.0661995 0.0518890 0.0529813 0.0304583 0.0758233 0.0828998 0.0702476 0.0783665 0.0538911 0.0433786 0.0413820 0.0133587 0.0517004 0.0142432 0.0134151 0.0524208 0.0325241 0.0583767 0.0661258 0.0673118 0.0500771 0.0346283 0.0547637 0.0395744 0.0541158 0.0403337 0.0416210 0.0564157 0.0383742 0.1432534 0.0525235 0.0781172 0.0840537 0.0533008 0.0481863 0.0786555 0.0142962 0.0846589 0.0611043 0.0518803 0.0572271 0.0792235 0.0771726 0.0597032 0.0827956 0.0475675 0.0713325 0.0473173 0.0701910 0.0594689 0.0595700 0.0784558 0.0514809 0.0774813 0.0804342 0.0773589 0.0870238 0.0466450 0.0713656 0.0733253 0.0515015 0.0308435 0.0484845 0.0577479 0.0644675 0.0636876 0.0575754 0.0523321 0.0531911 0.0781732 0.0623414 0.0170091 0.0747634 0.0383483 0.0651440 0.0488016 0.0375651 0.0597719 0.0469857 0.0537982 0.0784772 0.0547254 0.0785546 0.0515011 0.0516348 0.0802285 0.0573136 0.0662454 0.0341588 0.0353534 0.0358997 0.0215925 0.0427623 0.0545330 0.0382736 
S0278         0.1759895 0.0981908 0.0839058 0.0000000 0.0995847 0.0939580 0.1075018 0.0458120 0.0918826 0.0948661 0.0815367 0.0501032 0.0931406 0.1045200 0.0520928 0.1029784 0.0489111 0.1068381 0.1133456 0.1063466 0.1062275 0.0855200 0.0883298 0.0484429 0.1187575 0.0469932 0.0808560 0.1046404 0.0443244 0.1049232 0.0565137 0.0916826 0.1137819 0.1099967 0.0533854 0.0939013 0.0830556 0.0462564 0.0521110 0.0828031 0.0931056 0.1136160 0.0873970 0.1034997 0.1046081 0.0974665 0.1049406 0.1022838 0.0871303 0.0930291 0.0853448 0.0937342 0.0816998 0.0823356 0.1028373 0.0824208 0.0553894 0.0952733 0.0829862 0.0565908 0.0875064 0.0886857 0.0935094 0.1020655 0.0965127 0.0937204 0.0914429 0.1010632 0.1593815 0.0942803 0.1093805 0.1162237 0.1021742 0.1000797 0.1005968 0.0855664 0.1113286 0.0713761 0.1002604 0.1086618 0.1083537 0.1092412 0.1043957 0.1040878 0.0966621 0.1066715 0.1005667 0.0710645 0.0803481 0.0770480 0.1036208 0.0495301 0.0343432 0.1018593 0.1038718 0.1080275 0.0856095 0.1005116 0.1303676 0.0896250 0.0714089 0.0879480 0.1001212 0.1101787 0.1004630 0.0489312 0.0934481 0.0930511 0.0591406 0.0977873 0.0875852 0.0465479 0.1023158 0.0816780 0.0905937 0.1050981 0.1022412 0.1010094 0.0935919 0.0483444 0.0936043 0.0736758 0.0983529 0.0928791 0.1240642 0.1026964 0.0850496 0.0917775 0.0870729 0.0693908 0.0901130 0.0956477 0.0941174 0.0918704 
S0281         0.1500659 0.0830995 0.0425944 0.0995847 0.0000000 0.0698336 0.0957129 0.0835878 0.0698600 0.0714712 0.0612704 0.0955363 0.0914741 0.0976737 0.0895642 0.0922490 0.0875519 0.0809207 0.0899891 0.0956662 0.0868500 0.0688128 0.0663566 0.0925359 0.0874863 0.1044981 0.0438537 0.0835071 0.0634495 0.0980238 0.0869467 0.0585472 0.0945189 0.1084717 0.0812684 0.0757684 0.0638426 0.0864159 0.0649159 0.0845786 0.0760557 0.0927055 0.0475316 0.0903842 0.0906297 0.0944405 0.0936446 0.0879503 0.0642435 0.0624399 0.0428787 0.0709436 0.0445645 0.0422560 0.0727788 0.0494881 0.0815996 0.0808161 0.0855194 0.0732375 0.0590571 0.0701478 0.0608235 0.0773571 0.0641507 0.0645938 0.0734369 0.0616553 0.1488322 0.0740335 0.0925857 0.0983907 0.0726533 0.0695146 0.0868397 0.0438480 0.0971258 0.0784279 0.0731757 0.0814560 0.0907427 0.0969207 0.0775314 0.0971873 0.0720446 0.0901693 0.0703275 0.0861995 0.0794598 0.0815157 0.0937401 0.0763299 0.0964649 0.0943858 0.0947590 0.1026323 0.0700015 0.0883075 0.0883227 0.0689995 0.0542541 0.0760324 0.0764617 0.0833275 0.0802161 0.0768323 0.0717870 0.0724777 0.0966367 0.0777062 0.0464723 0.0937642 0.0598296 0.0835827 0.0674837 0.0596068 0.0775569 0.0698579 0.0698735 0.0963732 0.0737645 0.0959381 0.0808389 0.0719566 0.1009742 0.0761964 0.0836395 0.0600967 0.0589135 0.0534417 0.0409184 0.0658180 0.0762355 0.0625828 
S0282         0.1382772 0.0339802 0.0505381 0.0939580 0.0698336 0.0000000 0.0674607 0.0754059 0.0704913 0.0253093 0.0300873 0.0828441 0.0728467 0.0812420 0.0793307 0.0690611 0.0746431 0.0764696 0.0736219 0.0714648 0.0659876 0.0139428 0.0196031 0.0845782 0.0540877 0.0887976 0.0498895 0.0629255 0.0747501 0.0726055 0.0788239 0.0591608 0.0575088 0.0898878 0.0717543 0.0294267 0.0140854 0.0745561 0.0566903 0.0688044 0.0374203 0.0318255 0.0574001 0.0675088 0.0884731 0.0542891 0.0695856 0.0741983 0.0187902 0.0602831 0.0488888 0.0171649 0.0479215 0.0482930 0.0714290 0.0566646 0.0716495 0.0645338 0.0680592 0.0676450 0.0483392 0.0539171 0.0586753 0.0711086 0.0638263 0.0661528 0.0384725 0.0727870 0.1385477 0.0610086 0.0782875 0.0877168 0.0741345 0.0689335 0.0881460 0.0481148 0.0967217 0.0669109 0.0730506 0.0721017 0.0784211 0.0551574 0.0738600 0.0984734 0.0171985 0.0505988 0.0619663 0.0742008 0.0650373 0.0669748 0.0686860 0.0647021 0.0857426 0.0798672 0.0686854 0.0767668 0.0179734 0.0707684 0.0781748 0.0697788 0.0135999 0.0176781 0.0328245 0.0826916 0.0363523 0.0670597 0.0714310 0.0713626 0.0845889 0.0424241 0.0507587 0.0803246 0.0728124 0.0689616 0.0156496 0.0711557 0.0781731 0.0606379 0.0270806 0.0821774 0.0345335 0.0910167 0.0356335 0.0372819 0.0881335 0.0736862 0.0691487 0.0569020 0.0500131 0.0451002 0.0541007 0.0566380 0.0606241 0.0535620 
S0288         0.1490032 0.0756713 0.0782327 0.1075018 0.0957129 0.0674607 0.0000000 0.0893090 0.0954949 0.0800449 0.0579777 0.1048837 0.0068820 0.0652932 0.0957411 0.0102001 0.0903445 0.0966019 0.1035072 0.0125198 0.0894153 0.0655115 0.0684973 0.0968346 0.0904101 0.1061561 0.0686988 0.0859483 0.0948364 0.0077502 0.0888183 0.0838450 0.0982401 0.0720868 0.0782028 0.0779927 0.0653391 0.0858628 0.0729084 0.0888943 0.0696036 0.0904422 0.0789578 0.0101158 0.0961828 0.0880999 0.0053950 0.0930341 0.0686291 0.0871506 0.0694811 0.0714576 0.0665187 0.0689624 0.0931974 0.0790831 0.0851984 0.0520810 0.0901330 0.0813078 0.0645029 0.0290241 0.0864229 0.0944175 0.0879304 0.0876748 0.0784484 0.0866660 0.1615408 0.0859704 0.0615210 0.0796205 0.0897023 0.0850689 0.0958146 0.0686959 0.1064930 0.0923227 0.0989123 0.0974829 0.0607039 0.0942042 0.1006992 0.1029002 0.0677769 0.0974472 0.0832247 0.1011115 0.0870989 0.0849708 0.0046214 0.0773426 0.1018166 0.0633324 0.0100875 0.0117182 0.0676857 0.0583422 0.1002274 0.0967315 0.0501473 0.0684522 0.0742837 0.1045132 0.0815282 0.0804845 0.0963901 0.0995379 0.1038935 0.0876668 0.0715283 0.0984830 0.0866976 0.0911268 0.0669913 0.0944761 0.1005477 0.0859370 0.0768262 0.0993929 0.0760910 0.1021989 0.0825812 0.0722782 0.1096534 0.0937080 0.0933652 0.0847076 0.0681532 0.0630339 0.0733458 0.0824161 0.0832962 0.0748050 
S0289         0.1579861 0.0809264 0.0682779 0.0458120 0.0835878 0.0754059 0.0893090 0.0000000 0.0839067 0.0876189 0.0627676 0.0476499 0.0846636 0.0856858 0.0260955 0.0867166 0.0366869 0.0826970 0.0957113 0.0873798 0.0914131 0.0753236 0.0709485 0.0248647 0.1005948 0.0410606 0.0668262 0.0871970 0.0245338 0.0905017 0.0411192 0.0732934 0.0984258 0.0964377 0.0367600 0.0826991 0.0656361 0.0303528 0.0353813 0.0720032 0.0778025 0.1090143 0.0740981 0.0861106 0.0885103 0.0874515 0.0883691 0.0893332 0.0689687 0.0753477 0.0657215 0.0785296 0.0665343 0.0642385 0.0891720 0.0721147 0.0409041 0.0724513 0.0671077 0.0420944 0.0661387 0.0662956 0.0748396 0.0929763 0.0772602 0.0765391 0.0796207 0.0886867 0.1523197 0.0786043 0.0906609 0.0975032 0.0866897 0.0811360 0.0847592 0.0668156 0.0949625 0.0683766 0.0865729 0.0817601 0.0888210 0.0960668 0.0890721 0.0950221 0.0757596 0.0940231 0.0742038 0.0623167 0.0661466 0.0671571 0.0874250 0.0397061 0.0363055 0.0865725 0.0874505 0.0961267 0.0697049 0.0781029 0.0998922 0.0761427 0.0522594 0.0726088 0.0783311 0.0927890 0.0868563 0.0338520 0.0809849 0.0827268 0.0395253 0.0843674 0.0686918 0.0319031 0.0887192 0.0661349 0.0747912 0.0918374 0.0873225 0.0746448 0.0781578 0.0348613 0.0748485 0.0552358 0.0808143 0.0726613 0.1039917 0.0801847 0.0731687 0.0768107 0.0668685 0.0600885 0.0685784 0.0713499 0.0794297 0.0706318 
S0292         0.1415257 0.0798431 0.0553745 0.0918826 0.0698600 0.0704913 0.0954949 0.0839067 0.0000000 0.0815505 0.0630983 0.0916395 0.0860339 0.0972902 0.0914252 0.0940572 0.0902077 0.0718024 0.0735599 0.0965042 0.0862353 0.0662968 0.0678159 0.0910086 0.0914809 0.1019004 0.0541301 0.0850800 0.0861276 0.0978017 0.0896074 0.0516827 0.0915981 0.1079518 0.0753689 0.0783268 0.0607565 0.0803375 0.0638040 0.0832688 0.0700144 0.0951058 0.0591165 0.0921735 0.0925526 0.0854809 0.0934391 0.0841239 0.0648002 0.0563636 0.0540924 0.0723974 0.0558012 0.0535194 0.0694171 0.0621525 0.0761011 0.0856688 0.0852507 0.0749258 0.0577633 0.0737705 0.0547638 0.0739640 0.0598598 0.0593159 0.0729997 0.0686375 0.1570401 0.0724628 0.0954520 0.1003459 0.0661199 0.0649223 0.0922058 0.0551074 0.1026240 0.0790606 0.0747810 0.0698851 0.0956200 0.0941938 0.0372003 0.1026883 0.0725114 0.0858379 0.0620328 0.0787626 0.0810334 0.0830903 0.0935286 0.0719249 0.0838523 0.1024182 0.0945452 0.1023981 0.0667910 0.0912795 0.0724246 0.0100111 0.0463493 0.0681133 0.0752233 0.0357064 0.0777736 0.0755338 0.0155357 0.0163150 0.0874282 0.0786314 0.0577883 0.0900408 0.0686611 0.0842267 0.0680606 0.0699841 0.0363743 0.0538969 0.0717813 0.0895416 0.0753341 0.1040943 0.0786002 0.0733832 0.0823126 0.0628597 0.0844747 0.0551643 0.0546764 0.0569884 0.0546861 0.0529238 0.0805078 0.0573697 
S0293         0.1420379 0.0409369 0.0526289 0.0948661 0.0714712 0.0253093 0.0800449 0.0876189 0.0815505 0.0000000 0.0351989 0.0902223 0.0774861 0.0831556 0.0880045 0.0744553 0.0808496 0.0897258 0.0805577 0.0803563 0.0696914 0.0173456 0.0218376 0.0989196 0.0648936 0.1092564 0.0540654 0.0722334 0.0809285 0.0820238 0.0879677 0.0684214 0.0605347 0.1004089 0.0665910 0.0357103 0.0184882 0.0898458 0.0554302 0.0807079 0.0435872 0.0189048 0.0605356 0.0747162 0.1095031 0.0637306 0.0803526 0.0695764 0.0241117 0.0686253 0.0564162 0.0241681 0.0524918 0.0565322 0.0861376 0.0566196 0.0699295 0.0748817 0.0793776 0.0618536 0.0528223 0.0664100 0.0702871 0.0769194 0.0684683 0.0690627 0.0424000 0.0799797 0.1630872 0.0641836 0.0863614 0.1010151 0.0798882 0.0766724 0.1042471 0.0565688 0.1074179 0.0795138 0.0855715 0.0869855 0.0851847 0.0558466 0.0919782 0.1007566 0.0229905 0.0624336 0.0730878 0.0845746 0.0777954 0.0753239 0.0790704 0.0639058 0.0997374 0.0887714 0.0763572 0.0863619 0.0252768 0.0832616 0.0949518 0.0804837 0.0159024 0.0222207 0.0405945 0.0920116 0.0395830 0.0703504 0.0787008 0.0799499 0.0874147 0.0519484 0.0602394 0.0955872 0.0799102 0.0783033 0.0197113 0.0786758 0.0931524 0.0731424 0.0300770 0.0983640 0.0357823 0.0902715 0.0383736 0.0494134 0.0948093 0.0868974 0.0812615 0.0663745 0.0589778 0.0547796 0.0611534 0.0661874 0.0714668 0.0626463 
S0294         0.1232517 0.0339683 0.0418000 0.0815367 0.0612704 0.0300873 0.0579777 0.0627676 0.0630983 0.0351989 0.0000000 0.0821322 0.0539731 0.0659542 0.0690144 0.0576517 0.0654074 0.0643010 0.0632168 0.0592802 0.0573230 0.0282319 0.0310700 0.0720424 0.0414698 0.0750764 0.0442814 0.0522534 0.0659803 0.0624561 0.0667177 0.0492981 0.0436276 0.0739852 0.0582236 0.0365535 0.0240397 0.0694694 0.0500432 0.0667094 0.0283864 0.0519558 0.0494659 0.0571634 0.0656883 0.0385973 0.0593113 0.0590033 0.0239228 0.0532792 0.0422982 0.0337201 0.0431494 0.0425720 0.0632757 0.0514775 0.0620287 0.0550822 0.0668922 0.0580942 0.0408699 0.0443717 0.0516092 0.0616047 0.0541702 0.0544621 0.0304789 0.0615321 0.1192934 0.0474835 0.0673898 0.0802769 0.0629813 0.0577101 0.0640399 0.0423947 0.0725040 0.0663264 0.0626163 0.0616843 0.0664968 0.0500434 0.0669051 0.0742307 0.0274872 0.0432823 0.0520149 0.0678016 0.0616888 0.0637575 0.0573024 0.0567304 0.0814525 0.0657729 0.0583665 0.0667839 0.0264866 0.0618546 0.0712491 0.0593346 0.0231996 0.0274408 0.0346329 0.0730285 0.0357833 0.0561602 0.0601925 0.0640640 0.0787508 0.0375487 0.0451953 0.0729957 0.0615547 0.0657818 0.0257551 0.0596018 0.0674786 0.0547983 0.0294316 0.0729142 0.0338054 0.0792153 0.0358615 0.0264626 0.0776463 0.0596016 0.0670569 0.0510892 0.0417101 0.0383968 0.0450311 0.0505950 0.0518894 0.0473546 
S0299         0.1728989 0.0916974 0.0776976 0.0501032 0.0955363 0.0828441 0.1048837 0.0476499 0.0916395 0.0902223 0.0821322 0.0000000 0.0920129 0.1020231 0.0399026 0.1018295 0.0521138 0.0965936 0.1142347 0.1025996 0.0976274 0.0762386 0.0776541 0.0530123 0.1026634 0.0446174 0.0738847 0.0959876 0.0500661 0.1025820 0.0685532 0.0768350 0.1121983 0.1106443 0.0268347 0.0805361 0.0720559 0.0442099 0.0526199 0.0851918 0.0924653 0.1164744 0.0846926 0.1021493 0.1105887 0.0938812 0.1007988 0.0975600 0.0741434 0.0810287 0.0761608 0.0840103 0.0722107 0.0740900 0.0902931 0.0849200 0.0563479 0.0876081 0.0788656 0.0566844 0.0794011 0.0821991 0.0787440 0.0907680 0.0824444 0.0813085 0.0942864 0.0947391 0.1604315 0.0892970 0.1046145 0.1078626 0.0973938 0.0939151 0.1046762 0.0747864 0.1155286 0.0842833 0.0897547 0.0956360 0.1018945 0.0980053 0.0989490 0.1082048 0.0856017 0.1007025 0.0846258 0.0609899 0.0759870 0.0736112 0.1009358 0.0512192 0.0474598 0.0962217 0.1022785 0.1026859 0.0763182 0.0861999 0.1187280 0.0879949 0.0682539 0.0721099 0.0882266 0.1165237 0.0950640 0.0453910 0.0917979 0.0944013 0.0416495 0.0896670 0.0815079 0.0442356 0.0947914 0.0745597 0.0818497 0.0886028 0.1015643 0.0814654 0.0807698 0.0463473 0.0867971 0.0716410 0.0984470 0.0896036 0.1310818 0.0878772 0.0771074 0.0789746 0.0777348 0.0660776 0.0788011 0.0840451 0.0900559 0.0842360 
S0303         0.1553574 0.0732388 0.0745568 0.0931406 0.0914741 0.0728467 0.0068820 0.0846636 0.0860339 0.0774861 0.0539731 0.0920129 0.0000000 0.0615551 0.0887601 0.0103482 0.0871729 0.0921686 0.0929078 0.0129552 0.0874841 0.0664638 0.0698881 0.0899257 0.0907317 0.1028770 0.0666816 0.0857294 0.0746489 0.0076940 0.0832993 0.0790427 0.0991474 0.0656371 0.0760099 0.0769550 0.0653081 0.0817671 0.0671347 0.0867692 0.0721071 0.0957994 0.0805218 0.0102999 0.1037387 0.0927254 0.0068128 0.0896677 0.0700560 0.0794267 0.0707533 0.0774069 0.0686361 0.0713597 0.0914077 0.0795877 0.0773941 0.0459312 0.0859223 0.0763469 0.0631911 0.0263253 0.0796482 0.0930806 0.0792266 0.0804076 0.0788073 0.0855278 0.1619049 0.0811695 0.0515283 0.0787117 0.0877099 0.0848271 0.1033408 0.0731546 0.1140436 0.0883529 0.0976732 0.0942959 0.0515347 0.0863942 0.0903789 0.1068216 0.0731735 0.0901858 0.0826800 0.0935752 0.0837365 0.0804913 0.0059572 0.0729136 0.0902101 0.0583952 0.0085552 0.0138444 0.0679703 0.0547168 0.0972690 0.0850723 0.0556121 0.0684256 0.0727990 0.1004155 0.0794203 0.0756195 0.0895699 0.0916922 0.0934719 0.0809038 0.0752394 0.0916057 0.0855621 0.0882782 0.0702182 0.0899119 0.0903110 0.0817702 0.0757761 0.0890605 0.0771371 0.0943180 0.0778308 0.0708014 0.1049867 0.0912849 0.0907096 0.0810293 0.0671980 0.0635464 0.0730325 0.0790255 0.0807897 0.0744364 
S0308         0.1680092 0.0825784 0.0803599 0.1045200 0.0976737 0.0812420 0.0652932 0.0856858 0.0972902 0.0831556 0.0659542 0.1020231 0.0615551 0.0000000 0.0911526 0.0648274 0.0887161 0.0975348 0.0998687 0.0654438 0.0978912 0.0782700 0.0768024 0.0939312 0.1025232 0.1038673 0.0784996 0.0933196 0.0866792 0.0675051 0.0861994 0.0869562 0.1044954 0.0769907 0.0895313 0.0873374 0.0753339 0.0878561 0.0737163 0.0923948 0.0759019 0.1034324 0.0893056 0.0643593 0.1055751 0.0987748 0.0645496 0.0936941 0.0747667 0.0912583 0.0754349 0.0802840 0.0753016 0.0758772 0.0960019 0.0906016 0.0838373 0.0533954 0.0929347 0.0808062 0.0712012 0.0418836 0.0896188 0.1064020 0.0940432 0.0927008 0.0796114 0.1002529 0.1648132 0.0914388 0.0635645 0.0826166 0.0988025 0.0910963 0.1051126 0.0775303 0.1176803 0.0897358 0.1055111 0.0968550 0.0636701 0.0982537 0.1003928 0.1177540 0.0806480 0.1046635 0.0834444 0.1021309 0.0886406 0.0907388 0.0636627 0.0800870 0.0952265 0.0652321 0.0636829 0.0725269 0.0776179 0.0588632 0.1025210 0.0963472 0.0637511 0.0805828 0.0783738 0.1051829 0.0887904 0.0803073 0.0932902 0.1002733 0.0949484 0.0947674 0.0784717 0.0938750 0.1002901 0.0889920 0.0799454 0.1060464 0.1032833 0.0887902 0.0811090 0.1007810 0.0821379 0.0988711 0.0854459 0.0813769 0.1079068 0.0913934 0.0971551 0.0867546 0.0767623 0.0619922 0.0812043 0.0833036 0.0926124 0.0805771 
S0320         0.1565468 0.0880172 0.0716697 0.0520928 0.0895642 0.0793307 0.0957411 0.0260955 0.0914252 0.0880045 0.0690144 0.0399026 0.0887601 0.0911526 0.0000000 0.0881398 0.0362743 0.0902416 0.1021568 0.0949775 0.0942797 0.0753359 0.0757535 0.0353157 0.1019501 0.0408205 0.0697366 0.0937765 0.0288367 0.0962841 0.0472167 0.0801562 0.0998023 0.1002411 0.0340305 0.0837968 0.0703394 0.0386617 0.0380381 0.0729686 0.0818967 0.1100895 0.0801052 0.0926265 0.1010055 0.0919062 0.0949721 0.0931716 0.0727807 0.0824581 0.0724572 0.0834992 0.0694274 0.0709694 0.0917363 0.0781002 0.0417246 0.0779197 0.0691799 0.0400774 0.0719668 0.0733338 0.0797878 0.0967021 0.0815902 0.0819065 0.0822818 0.0941920 0.1626011 0.0824266 0.0921827 0.1022638 0.0902026 0.0864951 0.0969773 0.0735980 0.1077946 0.0692354 0.0923040 0.0933673 0.0923433 0.1037638 0.0990269 0.1004972 0.0797152 0.0966236 0.0779112 0.0710783 0.0660836 0.0632222 0.0940034 0.0375207 0.0427813 0.0911751 0.0918238 0.1030128 0.0744638 0.0878262 0.1057151 0.0832964 0.0575112 0.0717151 0.0862940 0.1016022 0.0941164 0.0364942 0.0882713 0.0891167 0.0384942 0.0847434 0.0735702 0.0319207 0.0942273 0.0689702 0.0798382 0.0955369 0.0980509 0.0807535 0.0821650 0.0400651 0.0809602 0.0527468 0.0868893 0.0785860 0.1138300 0.0854052 0.0722251 0.0790908 0.0736758 0.0703715 0.0755405 0.0793792 0.0857467 0.0775478 
S0322         0.1500988 0.0742840 0.0767187 0.1029784 0.0922490 0.0690611 0.0102001 0.0867166 0.0940572 0.0744553 0.0576517 0.1018295 0.0103482 0.0648274 0.0881398 0.0000000 0.0839128 0.0929582 0.0981461 0.0093057 0.0880566 0.0643057 0.0672686 0.0917153 0.0889800 0.1031117 0.0655167 0.0875860 0.0918827 0.0093204 0.0843532 0.0824982 0.0946256 0.0707284 0.0755831 0.0757385 0.0631786 0.0832109 0.0678127 0.0895130 0.0693046 0.0846694 0.0787219 0.0046106 0.1032476 0.0886993 0.0093078 0.0894082 0.0673973 0.0847796 0.0691968 0.0721003 0.0662480 0.0686787 0.0917751 0.0788461 0.0800206 0.0509709 0.0887740 0.0769903 0.0651686 0.0280141 0.0841265 0.0929885 0.0845787 0.0842152 0.0769865 0.0863185 0.1595029 0.0836159 0.0623148 0.0821032 0.0883108 0.0847022 0.1028537 0.0703023 0.1134976 0.0910832 0.0984966 0.0925595 0.0624168 0.0940681 0.0992088 0.1063158 0.0703183 0.0949757 0.0827403 0.0972783 0.0877233 0.0836491 0.0085269 0.0739137 0.0996147 0.0629864 0.0124886 0.0149476 0.0664601 0.0602988 0.0984528 0.0952823 0.0507037 0.0645985 0.0729104 0.1040212 0.0833686 0.0752842 0.0961307 0.0960387 0.0996620 0.0853025 0.0731337 0.0940682 0.0863490 0.0897605 0.0676477 0.0904341 0.0970260 0.0834477 0.0736084 0.0945760 0.0738532 0.0957840 0.0812467 0.0710243 0.1077808 0.0911440 0.0909784 0.0823702 0.0688085 0.0639217 0.0720827 0.0789979 0.0829682 0.0754429 
S0327         0.1770978 0.0820472 0.0704688 0.0489111 0.0875519 0.0746431 0.0903445 0.0366869 0.0902077 0.0808496 0.0654074 0.0521138 0.0871729 0.0887161 0.0362743 0.0839128 0.0000000 0.0942429 0.0966055 0.0884269 0.0919543 0.0726689 0.0702365 0.0407595 0.1005641 0.0448946 0.0680279 0.0885822 0.0314549 0.0926425 0.0434238 0.0783311 0.0952472 0.1021031 0.0429811 0.0828003 0.0659170 0.0389762 0.0368420 0.0674706 0.0760467 0.0894953 0.0753056 0.0861846 0.1109103 0.0847203 0.0904024 0.0884376 0.0682795 0.0823848 0.0687985 0.0777355 0.0677330 0.0673363 0.0920771 0.0743904 0.0431437 0.0787444 0.0647340 0.0433887 0.0714424 0.0684519 0.0797658 0.0909843 0.0823397 0.0828940 0.0802928 0.0937854 0.1607714 0.0843587 0.0926682 0.1028297 0.0928250 0.0873556 0.1014487 0.0688362 0.1122013 0.0673831 0.0908104 0.0921376 0.0936678 0.0932203 0.0952928 0.1103757 0.0769104 0.0923225 0.0802761 0.0668527 0.0628361 0.0609002 0.0894643 0.0382815 0.0473029 0.0901336 0.0875008 0.0981340 0.0690086 0.0863421 0.1000296 0.0822827 0.0590310 0.0685642 0.0804209 0.1002314 0.0849761 0.0362976 0.0862781 0.0879294 0.0479856 0.0818016 0.0727112 0.0362336 0.0938206 0.0647222 0.0771701 0.0949631 0.0943941 0.0808285 0.0743885 0.0418082 0.0752889 0.0565100 0.0799917 0.0747743 0.1084836 0.0863699 0.0676589 0.0807807 0.0731094 0.0636174 0.0735479 0.0775219 0.0798714 0.0769042 
S0335         0.1389527 0.0759356 0.0619857 0.1068381 0.0809207 0.0764696 0.0966019 0.0826970 0.0718024 0.0897258 0.0643010 0.0965936 0.0921686 0.0975348 0.0902416 0.0929582 0.0942429 0.0000000 0.0626939 0.0955600 0.0917436 0.0725439 0.0736746 0.0989040 0.0931715 0.1085553 0.0596193 0.0846625 0.0850648 0.0979050 0.0906463 0.0667469 0.0926668 0.0982975 0.0874893 0.0827798 0.0685569 0.0838968 0.0746530 0.0906524 0.0681366 0.1104999 0.0696902 0.0911960 0.0959316 0.0946206 0.0932066 0.0921021 0.0667443 0.0698543 0.0606461 0.0786366 0.0624039 0.0600909 0.0775567 0.0699359 0.0897299 0.0826839 0.0876815 0.0840102 0.0613185 0.0687027 0.0701047 0.0851612 0.0715810 0.0729577 0.0691998 0.0807019 0.1513263 0.0799841 0.0957649 0.1046084 0.0803302 0.0751495 0.0920784 0.0598557 0.1024781 0.0794102 0.0807594 0.0527151 0.0938816 0.0992119 0.0720647 0.1025426 0.0736733 0.0949115 0.0569325 0.0675173 0.0841422 0.0884516 0.0946005 0.0831876 0.0945445 0.0922261 0.0956400 0.1004728 0.0707270 0.0851530 0.0643646 0.0682831 0.0417066 0.0771391 0.0754996 0.0794756 0.0852130 0.0866987 0.0699431 0.0708110 0.1042881 0.0871504 0.0626233 0.0986754 0.0807306 0.0880817 0.0712945 0.0836915 0.0709813 0.0455115 0.0758268 0.0963666 0.0787287 0.1128218 0.0826207 0.0757849 0.0761246 0.0270535 0.0879133 0.0636206 0.0611142 0.0509425 0.0623525 0.0392494 0.0868013 0.0637583 
S0345         0.1414226 0.0776301 0.0668682 0.1133456 0.0899891 0.0736219 0.1035072 0.0957113 0.0735599 0.0805577 0.0632168 0.1142347 0.0929078 0.0998687 0.1021568 0.0981461 0.0966055 0.0626939 0.0000000 0.1032272 0.0856436 0.0704040 0.0708224 0.1038866 0.0974224 0.1149685 0.0648984 0.0864147 0.1029864 0.1048897 0.0987123 0.0705492 0.0825406 0.1061444 0.0899198 0.0811607 0.0650438 0.0931938 0.0720751 0.0819905 0.0732880 0.0867912 0.0748037 0.0974204 0.1105685 0.0897083 0.1022872 0.0918088 0.0672937 0.0718073 0.0681051 0.0736304 0.0679954 0.0675320 0.0844072 0.0783098 0.0859992 0.0857695 0.0898125 0.0775443 0.0644855 0.0784240 0.0720452 0.0886690 0.0737974 0.0731948 0.0808013 0.0813737 0.1678416 0.0790534 0.0999561 0.1088685 0.0819003 0.0796897 0.1062527 0.0693104 0.1120574 0.0872060 0.0863727 0.0563080 0.1010862 0.1022078 0.0789227 0.1103312 0.0737091 0.0913348 0.0662424 0.0776028 0.0830747 0.0818442 0.1012198 0.0822335 0.1119313 0.1068338 0.1010824 0.1112560 0.0717927 0.0941688 0.0346113 0.0695489 0.0516321 0.0683156 0.0757818 0.0768378 0.0841767 0.0874890 0.0735958 0.0723762 0.1134143 0.0829631 0.0701868 0.1032951 0.0823963 0.0829970 0.0731266 0.0840002 0.0768680 0.0494429 0.0795580 0.1066125 0.0737008 0.1079417 0.0748048 0.0760846 0.0326430 0.0561110 0.0911152 0.0735883 0.0675489 0.0637556 0.0699778 0.0395905 0.0850100 0.0684344 
S0355         0.1553226 0.0777662 0.0793771 0.1063466 0.0956662 0.0714648 0.0125198 0.0873798 0.0965042 0.0803563 0.0592802 0.1025996 0.0129552 0.0654438 0.0949775 0.0093057 0.0884269 0.0955600 0.1032272 0.0000000 0.0902099 0.0685672 0.0696750 0.0931134 0.0914775 0.1045374 0.0727189 0.0877431 0.0888339 0.0140018 0.0888773 0.0849308 0.1003024 0.0750369 0.0787202 0.0791064 0.0656160 0.0850185 0.0733067 0.0929018 0.0706583 0.0888783 0.0831089 0.0076747 0.1040419 0.0911141 0.0116027 0.0939549 0.0677104 0.0882171 0.0734920 0.0745111 0.0724019 0.0729966 0.0952290 0.0832398 0.0845346 0.0534877 0.0921698 0.0814302 0.0675986 0.0295441 0.0875658 0.0954344 0.0889891 0.0874484 0.0808319 0.0907721 0.1635124 0.0860377 0.0656030 0.0835129 0.0917412 0.0871162 0.1036417 0.0746116 0.1143790 0.0935717 0.1007864 0.0995102 0.0647909 0.0924794 0.1006403 0.1107658 0.0727325 0.0984423 0.0863213 0.1000161 0.0911155 0.0889812 0.0108225 0.0775049 0.0994513 0.0663109 0.0163805 0.0172416 0.0688709 0.0598290 0.1032951 0.0977347 0.0541756 0.0681846 0.0773292 0.1075411 0.0838426 0.0798589 0.0985785 0.1005184 0.1018361 0.0887245 0.0774543 0.0966715 0.0908053 0.0921664 0.0700667 0.0963785 0.0994843 0.0870215 0.0757819 0.0962459 0.0772176 0.0994935 0.0836728 0.0734308 0.1126883 0.0927082 0.0953912 0.0857860 0.0712349 0.0655196 0.0751933 0.0835184 0.0831609 0.0778682 
S0376         0.1497136 0.0763604 0.0581170 0.1062275 0.0868500 0.0659876 0.0894153 0.0914131 0.0862353 0.0696914 0.0573230 0.0976274 0.0874841 0.0978912 0.0942797 0.0880566 0.0919543 0.0917436 0.0856436 0.0902099 0.0000000 0.0640596 0.0642613 0.0991971 0.0927356 0.1092813 0.0653621 0.0279961 0.0846716 0.0917396 0.0868914 0.0752272 0.0873505 0.0994546 0.0855128 0.0720015 0.0600637 0.0898345 0.0704729 0.0845379 0.0681989 0.0793426 0.0715118 0.0882379 0.1005494 0.0859920 0.0894823 0.0747713 0.0603071 0.0781878 0.0652073 0.0708940 0.0650793 0.0646730 0.0871769 0.0687539 0.0849895 0.0784786 0.0838302 0.0815639 0.0591209 0.0701316 0.0766304 0.0920465 0.0800919 0.0785435 0.0605199 0.0845814 0.1515928 0.0724629 0.0907447 0.1003569 0.0909435 0.0854365 0.0966054 0.0662909 0.1072007 0.0782260 0.0890576 0.0903439 0.0938349 0.0939920 0.0955313 0.1054448 0.0688748 0.0892695 0.0826175 0.0913260 0.0776887 0.0787670 0.0885356 0.0774417 0.1033521 0.0935065 0.0874913 0.0972758 0.0633970 0.0862766 0.0981624 0.0835269 0.0494937 0.0673906 0.0756314 0.0974832 0.0793594 0.0779385 0.0864926 0.0883845 0.1002917 0.0798154 0.0690884 0.0965853 0.0835163 0.0806275 0.0643399 0.0867174 0.0936206 0.0790873 0.0699499 0.1035611 0.0719324 0.1020904 0.0670866 0.0679402 0.1082054 0.0889738 0.0830592 0.0759425 0.0634590 0.0582935 0.0693409 0.0737852 0.0271256 0.0643622 
S0400         0.1352865 0.0330121 0.0474372 0.0855200 0.0688128 0.0139428 0.0655115 0.0753236 0.0662968 0.0173456 0.0282319 0.0762386 0.0664638 0.0782700 0.0753359 0.0643057 0.0726689 0.0725439 0.0704040 0.0685672 0.0640596 0.0000000 0.0163429 0.0823952 0.0547901 0.0831988 0.0454322 0.0601067 0.0746260 0.0678208 0.0748996 0.0554818 0.0564446 0.0797502 0.0674997 0.0260467 0.0108730 0.0754361 0.0528995 0.0678152 0.0347900 0.0169722 0.0573143 0.0646497 0.0896897 0.0531909 0.0667024 0.0731258 0.0155411 0.0574839 0.0479588 0.0155226 0.0435046 0.0473596 0.0666855 0.0574922 0.0656688 0.0614699 0.0661473 0.0620200 0.0483031 0.0511184 0.0577033 0.0691463 0.0591775 0.0614454 0.0334882 0.0698732 0.1417106 0.0599522 0.0753399 0.0835901 0.0712364 0.0679381 0.0893594 0.0471854 0.0979124 0.0628133 0.0710767 0.0710707 0.0754643 0.0514070 0.0756582 0.0926958 0.0147534 0.0477715 0.0572485 0.0712255 0.0631479 0.0614180 0.0658082 0.0599132 0.0819765 0.0700093 0.0648923 0.0738082 0.0131575 0.0677263 0.0783104 0.0665102 0.0094267 0.0131419 0.0310512 0.0806560 0.0328666 0.0632198 0.0693010 0.0683077 0.0820361 0.0396990 0.0498207 0.0763185 0.0698975 0.0670455 0.0140098 0.0690185 0.0771297 0.0578156 0.0228965 0.0774514 0.0310820 0.0876637 0.0329847 0.0379917 0.0870426 0.0707673 0.0672265 0.0550475 0.0499761 0.0450585 0.0513781 0.0538613 0.0578426 0.0535220 
S0405         0.1361450 0.0348650 0.0456887 0.0883298 0.0663566 0.0196031 0.0684973 0.0709485 0.0678159 0.0218376 0.0310700 0.0776541 0.0698881 0.0768024 0.0757535 0.0672686 0.0702365 0.0736746 0.0708224 0.0696750 0.0642613 0.0163429 0.0000000 0.0785681 0.0569025 0.0848542 0.0501102 0.0593682 0.0646065 0.0708079 0.0703695 0.0548762 0.0586516 0.0883268 0.0681318 0.0269918 0.0101314 0.0726484 0.0522265 0.0672564 0.0366684 0.0303527 0.0585443 0.0657354 0.0866884 0.0561468 0.0678012 0.0704109 0.0156137 0.0587209 0.0491046 0.0179910 0.0499002 0.0466538 0.0670509 0.0577164 0.0672074 0.0638543 0.0693065 0.0614413 0.0485786 0.0514159 0.0561870 0.0676360 0.0604234 0.0627184 0.0385848 0.0693177 0.1341526 0.0564214 0.0748499 0.0841158 0.0716366 0.0664593 0.0863691 0.0501033 0.0949083 0.0671185 0.0705271 0.0705221 0.0749777 0.0515894 0.0732471 0.0966523 0.0172176 0.0497558 0.0603764 0.0677892 0.0625795 0.0645110 0.0669032 0.0601574 0.0812883 0.0783001 0.0678455 0.0749495 0.0140094 0.0682844 0.0777818 0.0680367 0.0149952 0.0132094 0.0337073 0.0830682 0.0338672 0.0645281 0.0668850 0.0686865 0.0789670 0.0415962 0.0527703 0.0757908 0.0693418 0.0662938 0.0180824 0.0694425 0.0766096 0.0572171 0.0246383 0.0788968 0.0329067 0.0859958 0.0356886 0.0381776 0.0875442 0.0702203 0.0704067 0.0535537 0.0511407 0.0452380 0.0489872 0.0523407 0.0581598 0.0529087 
S0407sl       0.1457354 0.0907704 0.0764591 0.0484429 0.0925359 0.0845782 0.0968346 0.0248647 0.0910086 0.0989196 0.0720424 0.0530123 0.0899257 0.0939312 0.0353157 0.0917153 0.0407595 0.0989040 0.1038866 0.0931134 0.0991971 0.0823952 0.0785681 0.0000000 0.1120321 0.0440891 0.0725172 0.0978636 0.0379352 0.0982074 0.0487975 0.0798673 0.0985818 0.1040170 0.0403249 0.0907854 0.0736954 0.0277042 0.0401483 0.0673507 0.0846673 0.1297063 0.0831241 0.0941984 0.0921013 0.0961232 0.0934194 0.0925728 0.0762262 0.0819214 0.0733754 0.0871538 0.0721642 0.0695249 0.0942863 0.0775849 0.0462310 0.0798550 0.0686882 0.0489570 0.0752301 0.0721845 0.0790498 0.1024822 0.0833581 0.0815425 0.0832074 0.1010769 0.1715592 0.0842277 0.0982498 0.1065242 0.0950204 0.0921940 0.0919476 0.0746259 0.1044679 0.0642061 0.0939381 0.0955712 0.0971306 0.1134651 0.0970426 0.1001024 0.0873217 0.1069716 0.0842354 0.0734843 0.0655223 0.0632801 0.0946008 0.0422585 0.0517785 0.0917125 0.0933406 0.1052669 0.0782185 0.0913061 0.1091695 0.0820377 0.0607097 0.0735881 0.0935245 0.1020732 0.0964451 0.0411808 0.0862604 0.0850094 0.0433881 0.0969817 0.0778043 0.0192519 0.1011189 0.0643513 0.0829619 0.0958892 0.0960900 0.0850817 0.0877750 0.0400734 0.0886587 0.0634895 0.0931225 0.0833807 0.1154181 0.0888366 0.0719961 0.0849054 0.0773129 0.0696510 0.0811306 0.0823831 0.0890943 0.0804831 
S0412sl       0.1491350 0.0620286 0.0733707 0.1187575 0.0874863 0.0540877 0.0904101 0.1005948 0.0914809 0.0648936 0.0414698 0.1026634 0.0907317 0.1025232 0.1019501 0.0889800 0.1005641 0.0931715 0.0974224 0.0914775 0.0927356 0.0547901 0.0569025 0.1120321 0.0000000 0.1174997 0.0747027 0.0872144 0.0953913 0.0917088 0.1021376 0.0832649 0.0632307 0.1096807 0.0989871 0.0635661 0.0507665 0.1034601 0.0843032 0.0886257 0.0482145 0.0771708 0.0782993 0.0871234 0.0954395 0.0503188 0.0894376 0.0961167 0.0495402 0.0876239 0.0696746 0.0577415 0.0743682 0.0730350 0.0924875 0.0816417 0.0960887 0.0913834 0.0919738 0.0922155 0.0753788 0.0767634 0.0859444 0.0967021 0.0884155 0.0921986 0.0580062 0.0950551 0.1538290 0.0832517 0.1031593 0.1105299 0.0925025 0.0888696 0.0955203 0.0736868 0.1020049 0.0854020 0.0943598 0.0945560 0.1047255 0.0762960 0.0936338 0.1037760 0.0539766 0.0707569 0.0813677 0.1017178 0.0875200 0.0896738 0.0874518 0.0867823 0.1065489 0.1020732 0.0865652 0.0939816 0.0549795 0.0978816 0.1004612 0.0857122 0.0448227 0.0545915 0.0597064 0.1064167 0.0621658 0.0899393 0.0905401 0.0934795 0.1114310 0.0617023 0.0776040 0.1061584 0.0940629 0.0886967 0.0543364 0.0963255 0.0992170 0.0809312 0.0551786 0.1130849 0.0561346 0.1151023 0.0611927 0.0472513 0.1118610 0.0910386 0.0940035 0.0840472 0.0760576 0.0680950 0.0712252 0.0776602 0.0847001 0.0819309 
S0417         0.1397315 0.1065919 0.0883381 0.0469932 0.1044981 0.0887976 0.1061561 0.0410606 0.1019004 0.1092564 0.0750764 0.0446174 0.1028770 0.1038673 0.0408205 0.1031117 0.0448946 0.1085553 0.1149685 0.1045374 0.1092813 0.0831988 0.0848542 0.0440891 0.1174997 0.0000000 0.0801489 0.1023360 0.0365347 0.1088223 0.0560460 0.0911405 0.1218419 0.1134923 0.0370714 0.0963584 0.0820836 0.0360128 0.0438510 0.0846294 0.0978015 0.1426327 0.0946509 0.1056825 0.0909553 0.0985177 0.1072666 0.1106289 0.0835309 0.0935777 0.0832449 0.0937353 0.0764630 0.0792499 0.1019899 0.0888059 0.0530930 0.0909916 0.0861343 0.0513103 0.0814806 0.0835202 0.0928075 0.1112308 0.0945768 0.0965322 0.0911939 0.1110183 0.1820739 0.0963492 0.1096735 0.1132293 0.1042604 0.1022001 0.0907996 0.0823582 0.1036847 0.0856333 0.1097763 0.0973964 0.1098916 0.1210520 0.1049606 0.0948291 0.0916036 0.1215324 0.0873433 0.0728262 0.0803810 0.0757845 0.1061554 0.0464310 0.0427446 0.1005500 0.1023133 0.1163024 0.0841866 0.1027516 0.1161421 0.0935212 0.0584384 0.0805183 0.1032575 0.1084216 0.1060590 0.0470820 0.0968589 0.0955409 0.0378078 0.1119667 0.0834357 0.0409183 0.1110666 0.0800447 0.0905164 0.1054057 0.1054276 0.0926939 0.0945275 0.0462319 0.0989219 0.0671687 0.1029076 0.0962563 0.1281106 0.0991072 0.0860265 0.0929110 0.0825558 0.0794767 0.0890643 0.0910138 0.0970215 0.0847415 
S0419         0.1371704 0.0584149 0.0133904 0.0808560 0.0438537 0.0498895 0.0686988 0.0668262 0.0541301 0.0540654 0.0442814 0.0738847 0.0666816 0.0784996 0.0697366 0.0655167 0.0680279 0.0596193 0.0648984 0.0727189 0.0653621 0.0454322 0.0501102 0.0725172 0.0747027 0.0801489 0.0000000 0.0641495 0.0700223 0.0719728 0.0702314 0.0400503 0.0724119 0.0824760 0.0600212 0.0601095 0.0450581 0.0679577 0.0446442 0.0654048 0.0510394 0.0636017 0.0281456 0.0668664 0.0811162 0.0657655 0.0698533 0.0613058 0.0455339 0.0419169 0.0053412 0.0535968 0.0053492 0.0061613 0.0479102 0.0307993 0.0602246 0.0626608 0.0626505 0.0538791 0.0404310 0.0493947 0.0412028 0.0537966 0.0418249 0.0421144 0.0575603 0.0366926 0.1308675 0.0571142 0.0746165 0.0819195 0.0495925 0.0467563 0.0774743 0.0076913 0.0874593 0.0530773 0.0518767 0.0566102 0.0747403 0.0759937 0.0579111 0.0807335 0.0510011 0.0709385 0.0450890 0.0665674 0.0576944 0.0559800 0.0699216 0.0533076 0.0788357 0.0725571 0.0680439 0.0771303 0.0491539 0.0699997 0.0692969 0.0516376 0.0384538 0.0470997 0.0560261 0.0639418 0.0613249 0.0557185 0.0523698 0.0522983 0.0723289 0.0620764 0.0100291 0.0702432 0.0367034 0.0644605 0.0484848 0.0330657 0.0597744 0.0467322 0.0529601 0.0748100 0.0535612 0.0801232 0.0592530 0.0508482 0.0771164 0.0537124 0.0617300 0.0354964 0.0393186 0.0376222 0.0212493 0.0430556 0.0581731 0.0418945 
S0427         0.1624936 0.0721668 0.0570802 0.1046404 0.0835071 0.0629255 0.0859483 0.0871970 0.0850800 0.0722334 0.0522534 0.0959876 0.0857294 0.0933196 0.0937765 0.0875860 0.0885822 0.0846625 0.0864147 0.0877431 0.0279961 0.0601067 0.0593682 0.0978636 0.0872144 0.1023360 0.0641495 0.0000000 0.0901017 0.0892532 0.0854618 0.0701224 0.0849450 0.0970804 0.0806224 0.0707246 0.0561179 0.0861234 0.0691699 0.0850959 0.0660427 0.0814469 0.0732438 0.0857909 0.0983020 0.0817023 0.0870162 0.0882719 0.0553252 0.0759790 0.0630705 0.0668084 0.0611148 0.0615989 0.0838960 0.0685816 0.0845609 0.0763031 0.0824414 0.0792097 0.0559326 0.0630722 0.0754445 0.0866141 0.0769008 0.0782076 0.0626282 0.0803153 0.1570766 0.0774170 0.0882921 0.0991459 0.0856683 0.0821291 0.0943999 0.0604449 0.1049066 0.0873583 0.0826873 0.0866199 0.0884355 0.0895463 0.0928163 0.1049724 0.0620716 0.0871263 0.0792731 0.0921433 0.0782689 0.0803118 0.0860779 0.0750811 0.0993278 0.0900057 0.0889565 0.0937048 0.0583720 0.0799420 0.0953038 0.0834046 0.0475620 0.0638204 0.0696271 0.0939948 0.0751393 0.0748422 0.0860797 0.0889575 0.0959469 0.0787104 0.0641240 0.0953443 0.0802653 0.0811984 0.0611536 0.0807949 0.0931685 0.0765367 0.0668908 0.0998606 0.0697213 0.0981663 0.0698201 0.0639239 0.1051916 0.0872258 0.0855753 0.0718659 0.0594927 0.0580825 0.0653240 0.0712951 0.0237334 0.0594576 
S0428sl       0.1359175 0.0823965 0.0674128 0.0443244 0.0634495 0.0747501 0.0948364 0.0245338 0.0861276 0.0809285 0.0659803 0.0500661 0.0746489 0.0866792 0.0288367 0.0918827 0.0314549 0.0850648 0.1029864 0.0888339 0.0846716 0.0746260 0.0646065 0.0379352 0.0953913 0.0365347 0.0700223 0.0901017 0.0000000 0.0931388 0.0347005 0.0652024 0.0937341 0.0864167 0.0250844 0.0715962 0.0655731 0.0290745 0.0299986 0.0555010 0.0839622 0.1087300 0.0717423 0.0908202 0.0925247 0.0819966 0.0890843 0.0779833 0.0647011 0.0671100 0.0696966 0.0763895 0.0678080 0.0633529 0.0785784 0.0686686 0.0300686 0.0644503 0.0541556 0.0314215 0.0668759 0.0600334 0.0637325 0.0813740 0.0704499 0.0622296 0.0638114 0.0826682 0.1439854 0.0643381 0.0777491 0.0887263 0.0792010 0.0771245 0.0897089 0.0678788 0.0967196 0.0694169 0.0761821 0.0877502 0.0796951 0.0851365 0.0896335 0.0943156 0.0767705 0.0928103 0.0628241 0.0627837 0.0507885 0.0491004 0.0892451 0.0243113 0.0450656 0.0752163 0.0890504 0.0950527 0.0713337 0.0655055 0.1074227 0.0774390 0.0582374 0.0680910 0.0784583 0.1014527 0.0797748 0.0240910 0.0806505 0.0819903 0.0431915 0.0852746 0.0714399 0.0317442 0.0808385 0.0507370 0.0772559 0.0790780 0.0839797 0.0816780 0.0717389 0.0445135 0.0780710 0.0408672 0.0711508 0.0732077 0.1297176 0.0865799 0.0588685 0.0648939 0.0684131 0.0469758 0.0677189 0.0778871 0.0753630 0.0718990 
