136
PAFTOL_019361 0.0000000 0.2132263 0.1982281 0.2303142 0.2276393 0.2179639 0.2508734 0.2374226 0.2167224 0.2239912 0.2280478 0.2339079 0.2704626 0.2425050 0.2314042 0.2610384 0.2058684 0.2225081 0.2250123 0.2587404 0.2154197 0.2242677 0.2199951 0.2208590 0.2053035 0.2112380 0.1963560 0.2288393 0.2184445 0.2518766 0.2100835 0.2239769 0.2229289 0.2612240 0.2631419 0.2452160 0.2232270 0.2193809 0.2344009 0.2129300 0.2255542 0.1974644 0.2222327 0.1970347 0.2647932 0.3071225 0.2227015 0.2803102 0.1875339 0.2198283 0.2381772 0.2002218 0.2251721 0.1991708 0.2043565 0.2340386 0.1983588 0.1935231 0.2418268 0.1979398 0.2024848 0.2010895 0.2263401 0.2286984 0.2269769 0.2253175 0.2268715 0.2359034 0.2334753 0.2495217 0.2122243 0.2282951 0.2358028 0.2705318 0.2356163 0.2361126 0.2813456 0.1988246 0.2843542 0.1920839 0.2448276 0.2135416 0.2375423 0.2343544 0.2594625 0.2838081 0.2263732 0.2260002 0.2209560 0.2094426 0.2082426 0.2448556 0.2603418 0.2193297 0.2428839 0.2397489 0.2551748 0.2572515 0.2217633 0.2217246 0.2333555 0.2020466 0.2257753 0.2227831 0.2186645 0.2402928 0.2176255 0.2134242 0.2152440 0.2260873 0.2219087 0.2198907 0.2099061 0.2394377 0.2505554 0.2121088 0.2163727 0.2457560 0.2476429 0.2131652 0.2233329 0.2306028 0.2252142 0.2222697 0.2230704 0.2007877 0.2138612 0.2194841 0.2158611 0.2006015 0.2042187 0.3343419 0.2013976 0.2138971 0.2291156 0.1966659 
S0055         0.2132263 0.0000000 0.0952096 0.1223438 0.1233619 0.0707477 0.1417808 0.1270979 0.1073833 0.0698623 0.0915857 0.1118524 0.1643340 0.1573619 0.1313850 0.1470234 0.1057556 0.1084306 0.0898086 0.1476890 0.0838839 0.0737424 0.0761933 0.1227195 0.0941394 0.1151656 0.0928729 0.0870706 0.1109991 0.1466077 0.1114217 0.1190970 0.1043118 0.1654737 0.1577133 0.1308736 0.0823213 0.0721252 0.1438794 0.1100245 0.1240061 0.0883815 0.0731682 0.0890058 0.1532304 0.2322794 0.0987559 0.1656263 0.1055179 0.0726438 0.1305488 0.0943032 0.0750193 0.0936219 0.0972221 0.1177782 0.0851956 0.1076637 0.1467386 0.1073388 0.1126542 0.0954546 0.1045252 0.1154292 0.1156538 0.1060702 0.1205863 0.1280629 0.0990041 0.1117086 0.1696493 0.1301994 0.1374530 0.1662285 0.1192053 0.1198003 0.2099008 0.0922279 0.2126942 0.0963812 0.1260912 0.1070764 0.1413279 0.0722832 0.1487786 0.2175058 0.0706019 0.0804167 0.1089235 0.1121574 0.1105431 0.1564239 0.1485438 0.1267242 0.1348057 0.1327413 0.1409326 0.1477375 0.0737589 0.1423843 0.1055755 0.0866360 0.0716964 0.0744216 0.0507547 0.1378901 0.0699501 0.1198344 0.1020523 0.1133445 0.1255859 0.0675344 0.1022687 0.1407655 0.1140698 0.1184648 0.0693456 0.1138253 0.1361307 0.1022766 0.0795249 0.1241172 0.0800829 0.1259614 0.0781226 0.0815413 0.0976088 0.1100642 0.1230387 0.0994030 0.0972552 0.2141198 0.0933015 0.1028803 0.0788209 0.0979234 
S0196sl       0.1982281 0.0952096 0.0000000 0.0932153 0.0841732 0.0830550 0.1347556 0.1044372 0.0705678 0.0847763 0.1057783 0.0974634 0.1550704 0.1499579 0.0957331 0.1406191 0.0746612 0.0816508 0.0901884 0.1371496 0.0913809 0.0828673 0.0815387 0.0902316 0.0874536 0.0790461 0.0066793 0.0906292 0.0945676 0.1410024 0.0798584 0.0780120 0.1024486 0.1620070 0.1542055 0.0981371 0.0905609 0.0812491 0.1091058 0.0866942 0.0898297 0.0732692 0.0823967 0.0404285 0.1458558 0.2092947 0.0862949 0.1582002 0.0711145 0.0837198 0.0895482 0.0066321 0.0876450 0.0056027 0.0092297 0.0751980 0.0389333 0.0780500 0.1328735 0.0737203 0.0827757 0.0594715 0.0836043 0.1120226 0.0799297 0.0719318 0.0843371 0.0860408 0.1004221 0.0929466 0.1399840 0.0995666 0.1237275 0.1543997 0.0805267 0.0802932 0.1877054 0.0076573 0.1860946 0.0733193 0.0896616 0.0760272 0.1272340 0.0899061 0.1128149 0.1872845 0.0849584 0.0939597 0.0754287 0.0862552 0.0732288 0.1212215 0.1390792 0.0938786 0.1051719 0.1346257 0.1373650 0.1383049 0.0809498 0.1250477 0.0985210 0.0590479 0.0847521 0.0842323 0.0940547 0.1010785 0.0809207 0.0845673 0.0693508 0.0805483 0.0969848 0.0830494 0.0152729 0.1102146 0.0938563 0.0862253 0.0796806 0.0879224 0.0986801 0.0674358 0.0901088 0.1013713 0.0879696 0.0979109 0.0886036 0.0687060 0.0801088 0.0806125 0.0910387 0.0615808 0.0568440 0.1867482 0.0475634 0.0671862 0.0929431 0.0575414 
S0278         0.2303142 0.1223438 0.0932153 0.0000000 0.1427659 0.1085837 0.1655123 0.0604131 0.1027672 0.1091710 0.1246560 0.0469402 0.1882112 0.1790485 0.0537046 0.1734065 0.0463944 0.1117223 0.1115000 0.1697797 0.1206823 0.1099066 0.1083113 0.0653336 0.1043839 0.0486762 0.0908598 0.1163128 0.0619722 0.1711899 0.0533421 0.1214361 0.1201607 0.1940461 0.1848655 0.0462289 0.1143572 0.1057878 0.0596068 0.0656937 0.0743152 0.1021769 0.1058067 0.1009757 0.1819497 0.2145995 0.1111399 0.1910019 0.0983467 0.1061172 0.1302256 0.0923160 0.1148139 0.0909669 0.0945231 0.1134244 0.1033759 0.0599943 0.1692810 0.0624240 0.0635349 0.0939601 0.0484833 0.1466694 0.1218111 0.1009906 0.1155901 0.1279901 0.1274544 0.1434139 0.1575159 0.1255525 0.1629355 0.1893172 0.1157181 0.1181675 0.1959119 0.0908985 0.1924342 0.0756899 0.1126557 0.1046531 0.1653348 0.1164289 0.1360485 0.1982668 0.1091033 0.1227518 0.1102872 0.0491601 0.0645130 0.1268999 0.1671172 0.0737561 0.0402005 0.1651023 0.1663657 0.1698608 0.1117492 0.1598256 0.1320105 0.0878314 0.1088699 0.1111371 0.1217678 0.1331695 0.1072103 0.0594422 0.1030692 0.1086913 0.0526601 0.1120126 0.1010978 0.0819579 0.1470131 0.0710746 0.1034993 0.1420455 0.1268195 0.1008964 0.1130708 0.0453877 0.1132837 0.0785963 0.1097119 0.0979302 0.1090051 0.1135144 0.0710463 0.0968153 0.0896385 0.2005011 0.0987367 0.0994295 0.1193492 0.0964723 
S0281         0.2276393 0.1233619 0.0841732 0.1427659 0.0000000 0.1327815 0.1426461 0.1619880 0.1166035 0.1370102 0.1566875 0.1463547 0.1656572 0.1506962 0.1509415 0.1468036 0.1291782 0.1184304 0.1125812 0.1429950 0.1293266 0.1313016 0.1328342 0.1464337 0.1429975 0.1392386 0.0826639 0.1326111 0.1468649 0.1461734 0.1364575 0.1342022 0.1382233 0.1665115 0.1589588 0.1585862 0.1354800 0.1322018 0.1722704 0.1443366 0.1471666 0.1231668 0.1327957 0.0747433 0.1496929 0.2554850 0.1401685 0.1636216 0.1292864 0.1351556 0.1486114 0.0834874 0.1400450 0.0828155 0.0850082 0.1268917 0.0706984 0.1394421 0.1370607 0.1301760 0.1391631 0.1160173 0.1352222 0.1227837 0.1356784 0.1293807 0.1328940 0.1383322 0.1480134 0.0890938 0.1898136 0.1606973 0.1312784 0.1538688 0.1267854 0.1272256 0.2402583 0.0854024 0.2358256 0.1188056 0.1457795 0.1211120 0.1341768 0.1214262 0.1602894 0.2380371 0.1379961 0.1390373 0.1270203 0.1371027 0.1289134 0.1746101 0.1457161 0.1538825 0.1587115 0.1402101 0.1390631 0.1413155 0.1351381 0.1286500 0.1176861 0.1083063 0.1383679 0.1344807 0.1199870 0.1417204 0.1209045 0.1481764 0.1175963 0.1293914 0.1575506 0.1259872 0.0907106 0.1650034 0.0973039 0.1404760 0.1291442 0.0869618 0.1459279 0.1166774 0.1403292 0.1565394 0.1318430 0.1590243 0.1367445 0.1238638 0.1076722 0.1202232 0.1446274 0.1231867 0.1155068 0.2362589 0.0921780 0.1226091 0.1319741 0.1180957 
S0282         0.2179639 0.0707477 0.0830550 0.1085837 0.1327815 0.0000000 0.1444551 0.1229085 0.0965501 0.0167328 0.0556456 0.1016145 0.1649015 0.1674898 0.1151379 0.1499049 0.0928317 0.1000476 0.0914997 0.1505789 0.0851381 0.0150184 0.0177531 0.1092993 0.0798480 0.0961395 0.0801755 0.0912560 0.1090977 0.1518597 0.0949366 0.1008273 0.0893351 0.1652167 0.1643387 0.1139378 0.0314560 0.0129326 0.1249491 0.0924490 0.1025628 0.0715252 0.0135146 0.0911268 0.1601358 0.2281986 0.0880754 0.1710598 0.0838280 0.0155793 0.1136113 0.0808808 0.0182443 0.0817176 0.0858442 0.1015851 0.0881673 0.0901670 0.1478863 0.0926187 0.0940382 0.0840274 0.0981911 0.1228023 0.0995782 0.0962233 0.1052583 0.1082445 0.0583006 0.1238673 0.1595818 0.1175756 0.1382861 0.1688459 0.1031804 0.1059638 0.1995255 0.0823350 0.2043944 0.0847052 0.1113085 0.0926873 0.1427624 0.0657454 0.1432695 0.2134297 0.0156448 0.0536741 0.0986201 0.0951710 0.0926305 0.1403603 0.1494762 0.1091284 0.1170976 0.1299681 0.1453990 0.1505760 0.0149909 0.1383035 0.1035825 0.0789165 0.0188506 0.0155296 0.0704459 0.1279440 0.0640825 0.0971759 0.0918041 0.1007856 0.1170698 0.0471085 0.0906500 0.1256024 0.1224955 0.1006096 0.0097552 0.1268476 0.1265852 0.0892726 0.0231966 0.1105791 0.0535295 0.1059374 0.0479863 0.0705393 0.0941657 0.1039531 0.1086502 0.0836742 0.0825865 0.2026758 0.0863634 0.0862524 0.0796773 0.0891105 
S0288         0.2508734 0.1417808 0.1347556 0.1655123 0.1426461 0.1444551 0.0000000 0.1855919 0.1438734 0.1441208 0.1704177 0.1580736 0.0213599 0.0792467 0.1723571 0.0109972 0.1555764 0.1435110 0.1236026 0.0088574 0.1332510 0.1443594 0.1437230 0.1701753 0.1445393 0.1599466 0.1305776 0.1409499 0.1537295 0.0041404 0.1595884 0.1592050 0.1527284 0.1004269 0.0277147 0.1745216 0.1535229 0.1430629 0.1841260 0.1666530 0.1603784 0.1400495 0.1441698 0.1323616 0.0180271 0.2900684 0.1571180 0.0276484 0.1530836 0.1456247 0.1643684 0.1328706 0.1502762 0.1305753 0.1339558 0.1460577 0.1260820 0.1583712 0.0768129 0.1479674 0.1521072 0.1393130 0.1502930 0.0465123 0.1541082 0.1413393 0.1601567 0.1572222 0.1729012 0.1305652 0.2067344 0.1756711 0.0781040 0.1076776 0.1522037 0.1542942 0.2551172 0.1282678 0.2548813 0.1370124 0.1692993 0.1405111 0.0799038 0.1368645 0.1910230 0.2715608 0.1431366 0.1551870 0.1468951 0.1587951 0.1515344 0.1775042 0.0093738 0.1749604 0.1788124 0.0941902 0.0057267 0.0051650 0.1460425 0.0700189 0.1343748 0.1273301 0.1434911 0.1419067 0.1325315 0.1759443 0.1291378 0.1684821 0.1394162 0.1475704 0.1718989 0.1414654 0.1415533 0.1852372 0.1363713 0.1577477 0.1382650 0.1392179 0.1749332 0.1373540 0.1446059 0.1660985 0.1546400 0.1754276 0.1541967 0.1403109 0.1265391 0.1429470 0.1633506 0.1493176 0.1397997 0.2628988 0.1292197 0.1380218 0.1328085 0.1392210 
S0289         0.2374226 0.1270979 0.1044372 0.0604131 0.1619880 0.1229085 0.1855919 0.0000000 0.1188666 0.1215865 0.1371646 0.0597877 0.2037357 0.1948818 0.0563792 0.1903925 0.0540163 0.1249132 0.1273422 0.1907611 0.1155987 0.1271725 0.1216416 0.0674192 0.1176574 0.0573079 0.1006704 0.1168303 0.0668358 0.1897396 0.0653433 0.1303320 0.1257664 0.2071286 0.2075228 0.0698797 0.1308177 0.1220973 0.0748379 0.0774805 0.0844975 0.1106993 0.1213817 0.1104493 0.1980148 0.2259775 0.1251291 0.2135574 0.1123052 0.1188693 0.1384477 0.1027759 0.1293951 0.1013899 0.1057593 0.1218588 0.1112662 0.0675774 0.1775470 0.0745310 0.0729224 0.1038397 0.0526136 0.1596530 0.1252084 0.1081219 0.1291641 0.1368446 0.1357948 0.1553321 0.1693262 0.1303312 0.1717381 0.1975286 0.1238044 0.1235813 0.2052119 0.1026918 0.2076460 0.0800414 0.1165484 0.1128941 0.1758515 0.1237587 0.1422598 0.2084472 0.1224996 0.1274044 0.1154145 0.0591540 0.0719520 0.1297493 0.1874958 0.0810009 0.0690419 0.1789826 0.1860390 0.1925583 0.1247153 0.1692826 0.1394676 0.1016899 0.1222051 0.1276960 0.1333818 0.1464734 0.1115827 0.0730911 0.1208272 0.1212943 0.0590757 0.1193681 0.1057677 0.0864826 0.1584549 0.0804843 0.1190432 0.1571130 0.1421509 0.1171042 0.1272078 0.0580629 0.1197851 0.0884613 0.1217068 0.1075206 0.1200079 0.1253739 0.0817645 0.1046355 0.1034502 0.2175011 0.1112944 0.1146489 0.1219672 0.1074894 
S0292         0.2167224 0.1073833 0.0705678 0.1027672 0.1166035 0.0965501 0.1438734 0.1188666 0.0000000 0.0965756 0.1163927 0.1124604 0.1634335 0.1663409 0.1106910 0.1509431 0.0865370 0.0775437 0.0830573 0.1437946 0.1063610 0.0949417 0.0977444 0.1052131 0.1000458 0.0929518 0.0696214 0.1100758 0.1034833 0.1476308 0.0938435 0.0848963 0.1041646 0.1589071 0.1648259 0.1081895 0.1002996 0.0926687 0.1168326 0.1011515 0.1039190 0.0896051 0.0951867 0.0839860 0.1540478 0.2197716 0.1050336 0.1702965 0.0798100 0.0958641 0.0941301 0.0698275 0.0997369 0.0679373 0.0725395 0.0886554 0.0859018 0.0892182 0.1480690 0.0921973 0.0927092 0.0675276 0.1043849 0.1272061 0.0880693 0.0790041 0.0896216 0.0925332 0.1187908 0.1184814 0.1590613 0.1093631 0.1430299 0.1717935 0.0883569 0.0880726 0.1983984 0.0697270 0.1929800 0.0891704 0.0974901 0.0765650 0.1458126 0.1032649 0.0709992 0.1973484 0.0970339 0.1105525 0.0790863 0.0940653 0.0880011 0.1458033 0.1481933 0.1094207 0.1097397 0.1463804 0.1446070 0.1481477 0.0976815 0.1386122 0.0866639 0.0156164 0.0963229 0.0964003 0.1027702 0.0564327 0.0945986 0.0956126 0.0198012 0.0230008 0.1057738 0.1013625 0.0771087 0.1261063 0.1179704 0.0975744 0.0881207 0.1245745 0.0487813 0.0699998 0.1031743 0.1111402 0.1025050 0.1115472 0.1009178 0.0820440 0.0693590 0.0762689 0.1053703 0.0728086 0.0680431 0.2066911 0.0736809 0.0696529 0.1086213 0.0686719 
S0293         0.2239912 0.0698623 0.0847763 0.1091710 0.1370102 0.0167328 0.1441208 0.1215865 0.0965756 0.0000000 0.0589763 0.1022440 0.1630523 0.1659568 0.1172154 0.1507708 0.0926017 0.1005818 0.0954843 0.1494566 0.0856274 0.0188560 0.0216542 0.1092241 0.0803114 0.0966918 0.0818797 0.0889649 0.1105894 0.1515772 0.0954778 0.1005165 0.0906322 0.1668954 0.1624698 0.1152951 0.0362117 0.0172961 0.1267161 0.0972440 0.1015476 0.0726425 0.0184657 0.0905661 0.1599102 0.2290869 0.0893837 0.1709106 0.0871195 0.0189118 0.1123722 0.0825797 0.0227116 0.0834271 0.0862546 0.1019277 0.0883815 0.0942134 0.1507208 0.0915696 0.0959332 0.0867918 0.0998866 0.1241869 0.0992618 0.0965453 0.1049590 0.1079539 0.0617134 0.1248787 0.1651098 0.1206574 0.1392401 0.1684616 0.1022455 0.1049432 0.1993556 0.0840489 0.2068077 0.0869887 0.1102614 0.0933219 0.1430642 0.0672890 0.1440158 0.2134160 0.0189576 0.0563370 0.0970731 0.0943748 0.0909115 0.1388245 0.1507721 0.1129137 0.1178267 0.1287821 0.1450027 0.1502853 0.0183009 0.1417726 0.1056500 0.0780098 0.0210781 0.0210078 0.0713819 0.1281574 0.0624698 0.0990942 0.0924784 0.1008397 0.1165860 0.0498378 0.0931458 0.1243996 0.1279862 0.1002714 0.0135191 0.1283884 0.1252444 0.0897860 0.0272253 0.1125566 0.0525735 0.1065365 0.0481824 0.0697803 0.0912049 0.0989007 0.1076437 0.0819121 0.0844772 0.1990182 0.0883055 0.0880723 0.0821498 0.0917580 
S0294         0.2280478 0.0915857 0.1057783 0.1246560 0.1566875 0.0556456 0.1704177 0.1371646 0.1163927 0.0589763 0.0000000 0.1171582 0.1843168 0.1850273 0.1342799 0.1771477 0.1119634 0.1189177 0.1133594 0.1739789 0.1098492 0.0562076 0.0570429 0.1286970 0.0981544 0.1142775 0.1022135 0.1069907 0.1265506 0.1784364 0.1120733 0.1241744 0.1056354 0.1900837 0.1890794 0.1324814 0.0682766 0.0545359 0.1418584 0.1130975 0.1237155 0.0929443 0.0559812 0.1134804 0.1835129 0.2476261 0.1063063 0.1962624 0.1097596 0.0550077 0.1379660 0.1043266 0.0604918 0.1043397 0.1081132 0.1236393 0.1062482 0.1158201 0.1754343 0.1124200 0.1123338 0.1027524 0.1166736 0.1461134 0.1252641 0.1203641 0.1282750 0.1318145 0.0538722 0.1529320 0.1823647 0.1458188 0.1648039 0.1966508 0.1286191 0.1323082 0.2205151 0.1049908 0.2240628 0.1017015 0.1391575 0.1091132 0.1667364 0.0856695 0.1645957 0.2306850 0.0577630 0.0782980 0.1197785 0.1188128 0.1122221 0.1568109 0.1740811 0.1290003 0.1339420 0.1566545 0.1714770 0.1778447 0.0555025 0.1596101 0.1233611 0.1000889 0.0601942 0.0591709 0.0917081 0.1416929 0.0841553 0.1231258 0.1127824 0.1214559 0.1380595 0.0686223 0.1136214 0.1442969 0.1553585 0.1206425 0.0519570 0.1533446 0.1494584 0.1139870 0.0613489 0.1258995 0.0793062 0.1240869 0.0713255 0.0888605 0.1160159 0.1255956 0.1220500 0.1063534 0.1016468 0.2145022 0.1131500 0.1129139 0.1024976 0.1099387 
S0299         0.2339079 0.1118524 0.0974634 0.0469402 0.1463547 0.1016145 0.1580736 0.0597877 0.1124604 0.1022440 0.1171582 0.0000000 0.1775343 0.1689162 0.0535073 0.1655090 0.0465224 0.1017039 0.1062969 0.1625120 0.1095334 0.1044257 0.0999826 0.0671152 0.1127003 0.0454977 0.0951064 0.1062674 0.0707456 0.1626868 0.0548195 0.1163257 0.1119888 0.1776814 0.1797291 0.0596083 0.1083189 0.0995427 0.0658654 0.0708372 0.0772158 0.0995950 0.1012518 0.1011838 0.1739675 0.2162830 0.1186723 0.1856374 0.1000394 0.1001428 0.1292037 0.0959433 0.1079786 0.0945543 0.0989219 0.1075471 0.1006051 0.0629044 0.1564213 0.0648548 0.0713160 0.1019218 0.0506917 0.1297641 0.1152427 0.0939403 0.1129176 0.1236004 0.1192029 0.1386086 0.1517048 0.1225918 0.1511343 0.1756936 0.1119370 0.1170126 0.1910702 0.0950845 0.1899836 0.0778949 0.1088366 0.1015941 0.1542159 0.1123836 0.1415609 0.2005866 0.1021769 0.1121441 0.1152424 0.0529186 0.0676840 0.1193995 0.1593752 0.0755227 0.0582301 0.1420741 0.1579013 0.1617466 0.1021144 0.1453193 0.1192870 0.0940965 0.1026503 0.1028565 0.1172646 0.1413218 0.0959524 0.0695152 0.1137133 0.1160732 0.0517768 0.0998970 0.1029310 0.0848285 0.1394438 0.0751398 0.0972679 0.1423399 0.1362042 0.1034169 0.1062822 0.0468935 0.1077072 0.0823326 0.1058313 0.0929140 0.1078785 0.1038729 0.0757798 0.0923649 0.0973727 0.2055090 0.1009296 0.1048056 0.1052019 0.1028380 
S0303         0.2704626 0.1643340 0.1550704 0.1882112 0.1656572 0.1649015 0.0213599 0.2037357 0.1634335 0.1630523 0.1843168 0.1775343 0.0000000 0.0955490 0.1947909 0.0268488 0.1758314 0.1662577 0.1348749 0.0274068 0.1554111 0.1647904 0.1642509 0.1958671 0.1687373 0.1814909 0.1501537 0.1612663 0.1713027 0.0218286 0.1811642 0.1787747 0.1736924 0.1142997 0.0302652 0.1943248 0.1726696 0.1634791 0.2042617 0.1882641 0.1811455 0.1632459 0.1647604 0.1504763 0.0313499 0.3123161 0.1807934 0.0390194 0.1691529 0.1669881 0.1849269 0.1530585 0.1718579 0.1506632 0.1542335 0.1653291 0.1447150 0.1797941 0.0944870 0.1680674 0.1730878 0.1606688 0.1705196 0.0631114 0.1745436 0.1609056 0.1790718 0.1801249 0.1882641 0.1493669 0.2302738 0.1980778 0.0956786 0.1222267 0.1765739 0.1789071 0.2749001 0.1482541 0.2767123 0.1510094 0.1890464 0.1596996 0.0979326 0.1592541 0.2100810 0.2941540 0.1646979 0.1802132 0.1699056 0.1818991 0.1729926 0.1932988 0.0223141 0.1973197 0.2013895 0.1106428 0.0263968 0.0245399 0.1665499 0.0873397 0.1556662 0.1460897 0.1650103 0.1642738 0.1551044 0.1894442 0.1499895 0.1888023 0.1592609 0.1644314 0.1952460 0.1649380 0.1633716 0.2079534 0.1554117 0.1783812 0.1584864 0.1583791 0.1928373 0.1561103 0.1650768 0.1862770 0.1746624 0.1953357 0.1759919 0.1605800 0.1456075 0.1546919 0.1842887 0.1675809 0.1595568 0.2846502 0.1453264 0.1568906 0.1529894 0.1623078 
S0308         0.2425050 0.1573619 0.1499579 0.1790485 0.1506962 0.1674898 0.0792467 0.1948818 0.1663409 0.1659568 0.1850273 0.1689162 0.0955490 0.0000000 0.1853770 0.0901042 0.1649728 0.1548283 0.1330718 0.0848645 0.1510010 0.1678521 0.1655557 0.1918752 0.1658827 0.1720018 0.1466113 0.1640943 0.1757824 0.0809957 0.1775082 0.1787663 0.1734757 0.1148335 0.0995782 0.1889769 0.1798156 0.1651719 0.1959690 0.1778115 0.1769956 0.1577431 0.1648247 0.1423471 0.0898884 0.3082705 0.1771537 0.0987791 0.1686552 0.1692633 0.1883015 0.1480987 0.1750861 0.1488463 0.1524587 0.1576743 0.1354404 0.1768445 0.0947838 0.1607993 0.1746770 0.1549271 0.1565620 0.0665564 0.1756802 0.1637855 0.1793964 0.1810000 0.1860942 0.1436953 0.2235423 0.1883375 0.0937724 0.1168761 0.1750610 0.1754647 0.2730785 0.1503328 0.2701782 0.1468107 0.1878202 0.1647354 0.0955895 0.1516030 0.2071475 0.2852846 0.1690506 0.1763039 0.1666206 0.1752631 0.1668388 0.1957741 0.0843106 0.1933731 0.1866355 0.1080209 0.0834707 0.0821805 0.1696093 0.0905000 0.1448250 0.1486607 0.1684682 0.1706533 0.1446204 0.1919052 0.1474058 0.1836044 0.1608621 0.1648642 0.1795203 0.1687590 0.1556524 0.1990323 0.1482424 0.1724955 0.1613538 0.1388469 0.1912093 0.1566867 0.1702232 0.1814207 0.1866726 0.1944577 0.1821686 0.1550680 0.1413754 0.1478298 0.1808838 0.1597879 0.1587787 0.2680576 0.1405660 0.1573034 0.1544506 0.1570833 
S0320         0.2314042 0.1313850 0.0957331 0.0537046 0.1509415 0.1151379 0.1723571 0.0563792 0.1106910 0.1172154 0.1342799 0.0535073 0.1947909 0.1853770 0.0000000 0.1830880 0.0469464 0.1146593 0.1116410 0.1772289 0.1203755 0.1171987 0.1141372 0.0663658 0.1132718 0.0544224 0.0933931 0.1179683 0.0654497 0.1795746 0.0585792 0.1206516 0.1252684 0.1929144 0.1927078 0.0677100 0.1174921 0.1143507 0.0609048 0.0667610 0.0749169 0.1032627 0.1145134 0.1041621 0.1879334 0.2095538 0.1187259 0.2006956 0.1033837 0.1105432 0.1287893 0.0934750 0.1221915 0.0921245 0.0950092 0.1094003 0.1058971 0.0578641 0.1709738 0.0648439 0.0653154 0.1011800 0.0519731 0.1464152 0.1171163 0.1001916 0.1202466 0.1255430 0.1292002 0.1475133 0.1562851 0.1219460 0.1553084 0.1861865 0.1141666 0.1171565 0.1905315 0.0933763 0.1917584 0.0741801 0.1125429 0.1072012 0.1593252 0.1212722 0.1414685 0.1912453 0.1157189 0.1258774 0.1119124 0.0549642 0.0632178 0.1222009 0.1753334 0.0736730 0.0539241 0.1649857 0.1773120 0.1803002 0.1162032 0.1611233 0.1269802 0.0926705 0.1140027 0.1176892 0.1319067 0.1373045 0.1116922 0.0648954 0.1101449 0.1136623 0.0509236 0.1182140 0.0999739 0.0857341 0.1519437 0.0696203 0.1113825 0.1474992 0.1314752 0.1100733 0.1228202 0.0507589 0.1159547 0.0777663 0.1206521 0.0968617 0.1127110 0.1206976 0.0728905 0.0977611 0.0960645 0.2043800 0.1028346 0.1086016 0.1219589 0.1027552 
S0322         0.2610384 0.1470234 0.1406191 0.1734065 0.1468036 0.1499049 0.0109972 0.1903925 0.1509431 0.1507708 0.1771477 0.1655090 0.0268488 0.0901042 0.1830880 0.0000000 0.1628389 0.1526849 0.1273403 0.0168432 0.1401091 0.1498061 0.1500018 0.1774469 0.1552410 0.1651494 0.1365966 0.1439578 0.1634211 0.0130918 0.1666022 0.1651737 0.1585082 0.1054779 0.0328321 0.1833668 0.1574121 0.1469738 0.1901177 0.1748806 0.1650115 0.1434269 0.1508150 0.1352746 0.0246115 0.2919477 0.1672161 0.0332973 0.1593629 0.1518839 0.1703451 0.1387105 0.1565804 0.1364013 0.1398140 0.1488230 0.1296755 0.1637949 0.0839323 0.1511070 0.1593706 0.1461599 0.1581670 0.0544387 0.1628510 0.1479018 0.1661598 0.1648131 0.1752239 0.1343455 0.2088303 0.1853282 0.0855209 0.1127114 0.1611778 0.1642464 0.2591142 0.1340802 0.2548663 0.1436680 0.1746161 0.1502417 0.0876021 0.1430516 0.1975965 0.2735036 0.1495992 0.1628411 0.1543932 0.1673700 0.1594043 0.1867043 0.0141500 0.1786027 0.1868877 0.0995452 0.0153179 0.0136023 0.1514941 0.0776717 0.1460565 0.1335507 0.1499385 0.1473476 0.1392602 0.1816109 0.1321524 0.1729345 0.1456938 0.1554524 0.1788122 0.1486694 0.1483628 0.1901504 0.1394016 0.1639965 0.1437110 0.1422583 0.1831605 0.1443231 0.1476831 0.1748774 0.1612833 0.1826952 0.1600834 0.1477507 0.1354646 0.1470400 0.1696585 0.1535503 0.1451096 0.2736593 0.1344082 0.1433018 0.1395535 0.1476815 
S0327         0.2058684 0.1057556 0.0746612 0.0463944 0.1291782 0.0928317 0.1555764 0.0540163 0.0865370 0.0926017 0.1119634 0.0465224 0.1758314 0.1649728 0.0469464 0.1628389 0.0000000 0.0946476 0.1009893 0.1586819 0.1015566 0.0955589 0.0911733 0.0508993 0.0905595 0.0336888 0.0723507 0.1044057 0.0421254 0.1620007 0.0348076 0.0957895 0.0967208 0.1723297 0.1755115 0.0558589 0.1023355 0.0902932 0.0566669 0.0479085 0.0551220 0.0833185 0.0910423 0.0849498 0.1682570 0.1879189 0.0937126 0.1834054 0.0823973 0.0904863 0.1081962 0.0732562 0.0990296 0.0719488 0.0753771 0.0903018 0.0843602 0.0417060 0.1528414 0.0473205 0.0422337 0.0765404 0.0366937 0.1256586 0.0964664 0.0797686 0.0949068 0.1048724 0.1102217 0.1313407 0.1329960 0.1069679 0.1462881 0.1738529 0.0945629 0.0985761 0.1673550 0.0725474 0.1687951 0.0564879 0.0941872 0.0875803 0.1476613 0.1021974 0.1231454 0.1744404 0.0939720 0.1104433 0.0918714 0.0326361 0.0471974 0.1016030 0.1560134 0.0545372 0.0521447 0.1438477 0.1573112 0.1608192 0.0918949 0.1411082 0.1168023 0.0738996 0.0922592 0.0933149 0.1040119 0.1154773 0.0902767 0.0431188 0.0888590 0.0933664 0.0487989 0.0981652 0.0807568 0.0691058 0.1368009 0.0532733 0.0870193 0.1308359 0.1119185 0.0872170 0.0988335 0.0463884 0.0950952 0.0585090 0.1003562 0.0761392 0.1021149 0.0966535 0.0550835 0.0761056 0.0723613 0.1964477 0.0808035 0.0884659 0.1032122 0.0772343 
S0335         0.2225081 0.1084306 0.0816508 0.1117223 0.1184304 0.1000476 0.1435110 0.1249132 0.0775437 0.1005818 0.1189177 0.1017039 0.1662577 0.1548283 0.1146593 0.1526849 0.0946476 0.0000000 0.0649552 0.1490216 0.1068783 0.0991450 0.1010487 0.1118491 0.1023594 0.0980749 0.0786128 0.1102598 0.1152787 0.1525234 0.1001649 0.0973916 0.1051308 0.1645578 0.1646376 0.1203706 0.1073025 0.1002545 0.1279253 0.1093433 0.1067198 0.0938289 0.0966243 0.0868308 0.1572572 0.2285769 0.1063389 0.1713139 0.0918130 0.0991619 0.1104791 0.0801462 0.1069276 0.0795110 0.0816461 0.0936564 0.0861858 0.0977655 0.1391919 0.0944854 0.1062035 0.0739901 0.1047161 0.1246450 0.0982413 0.0929190 0.0991544 0.1054770 0.1206273 0.1188936 0.1680898 0.1214524 0.1327425 0.1630550 0.1021433 0.1011213 0.2049647 0.0813956 0.1996942 0.0923523 0.1018258 0.0646921 0.1391577 0.1008458 0.1164611 0.2087543 0.0996646 0.1085180 0.0821685 0.1036597 0.0921922 0.1448170 0.1512972 0.1122203 0.1145421 0.1268348 0.1461942 0.1486579 0.1025911 0.1312586 0.0644140 0.0662621 0.1016895 0.1026578 0.1055874 0.1013201 0.0955358 0.1055017 0.0735478 0.0807203 0.1184120 0.1011402 0.0884207 0.1339011 0.1227514 0.1031215 0.0951662 0.1184742 0.1057381 0.0543626 0.1088910 0.1175307 0.1025617 0.1173774 0.1039241 0.0916496 0.0565823 0.0423930 0.1051805 0.0825195 0.0702412 0.1918642 0.0755515 0.0545780 0.1047804 0.0745215 
S0345         0.2250123 0.0898086 0.0901884 0.1115000 0.1125812 0.0914997 0.1236026 0.1273422 0.0830573 0.0954843 0.1133594 0.1062969 0.1348749 0.1330718 0.1116410 0.1273403 0.1009893 0.0649552 0.0000000 0.1263360 0.0954931 0.0941226 0.0907487 0.1152698 0.1044502 0.1072514 0.0879954 0.1035246 0.1145025 0.1242843 0.0973264 0.1005962 0.1020677 0.1259871 0.1332183 0.1170198 0.0996399 0.0945617 0.1266542 0.1067120 0.1137178 0.0846917 0.0946030 0.0987785 0.1322537 0.2143661 0.1102638 0.1426336 0.1005895 0.0966939 0.1122468 0.0891600 0.0984675 0.0875355 0.0919679 0.0949468 0.0944991 0.1025580 0.1209358 0.0964099 0.1034216 0.0835444 0.1098659 0.1039423 0.1054453 0.0940425 0.1052662 0.1032712 0.1151762 0.1012953 0.1510323 0.1259167 0.1227984 0.1315070 0.1040676 0.0975186 0.1966542 0.0873685 0.2124070 0.1048753 0.1156701 0.0664772 0.1248835 0.0941003 0.1204562 0.2058602 0.0952990 0.1096254 0.0967036 0.1047986 0.1014376 0.1076406 0.1268175 0.1129401 0.1238584 0.1072539 0.1206225 0.1275443 0.0974081 0.1127213 0.0350823 0.0762769 0.0915700 0.0976615 0.0906835 0.1057938 0.0864237 0.0940512 0.0807812 0.0898115 0.1162181 0.0963938 0.0960224 0.1175398 0.1046939 0.1073102 0.0875935 0.0981012 0.1115079 0.0638494 0.1032254 0.1132291 0.1046075 0.1100008 0.1074405 0.0885224 0.0225547 0.0593954 0.1116260 0.0864820 0.0832929 0.2314351 0.0855977 0.0608774 0.0987819 0.0870237 
S0355         0.2587404 0.1476890 0.1371496 0.1697797 0.1429950 0.1505789 0.0088574 0.1907611 0.1437946 0.1494566 0.1739789 0.1625120 0.0274068 0.0848645 0.1772289 0.0168432 0.1586819 0.1490216 0.1263360 0.0000000 0.1385018 0.1493268 0.1471240 0.1736530 0.1502262 0.1633832 0.1339053 0.1412020 0.1574808 0.0125599 0.1618277 0.1626281 0.1576478 0.1001649 0.0292549 0.1796325 0.1612908 0.1480356 0.1878868 0.1697680 0.1633930 0.1446437 0.1491766 0.1340730 0.0173297 0.2940604 0.1644699 0.0297244 0.1529691 0.1510352 0.1661547 0.1352665 0.1553119 0.1329791 0.1363525 0.1483897 0.1285033 0.1617233 0.0795310 0.1504199 0.1555952 0.1451180 0.1537395 0.0511636 0.1590302 0.1454455 0.1635966 0.1630770 0.1748110 0.1328622 0.2090560 0.1781345 0.0821939 0.1085521 0.1586671 0.1589572 0.2592467 0.1306803 0.2589345 0.1400202 0.1712068 0.1445809 0.0839284 0.1403111 0.1943019 0.2756098 0.1506781 0.1588000 0.1525388 0.1638083 0.1538477 0.1800492 0.0146581 0.1779162 0.1801717 0.0955070 0.0115246 0.0098588 0.1510165 0.0721443 0.1417422 0.1306246 0.1510160 0.1484084 0.1365150 0.1742982 0.1318298 0.1690101 0.1417171 0.1482414 0.1753767 0.1467129 0.1447574 0.1871206 0.1378848 0.1591882 0.1432242 0.1411163 0.1757998 0.1405009 0.1519368 0.1712402 0.1599945 0.1767634 0.1575967 0.1453179 0.1296209 0.1460397 0.1655775 0.1503200 0.1455961 0.2703527 0.1274775 0.1411810 0.1363242 0.1485177 
S0376         0.2154197 0.0838839 0.0913809 0.1206823 0.1293266 0.0851381 0.1332510 0.1155987 0.1063610 0.0856274 0.1098492 0.1095334 0.1554111 0.1510010 0.1203755 0.1401091 0.1015566 0.1068783 0.0954931 0.1385018 0.0000000 0.0857528 0.0854434 0.1227596 0.0910858 0.1089447 0.0903474 0.0489151 0.1141004 0.1389397 0.1149640 0.1163781 0.0943329 0.1574990 0.1521903 0.1282860 0.0939801 0.0846256 0.1412903 0.1114694 0.1243467 0.0838784 0.0851404 0.0997035 0.1445912 0.2350168 0.1001347 0.1591080 0.1033808 0.0837520 0.1267472 0.0911429 0.0897242 0.0904612 0.0947251 0.1072634 0.0970703 0.1055694 0.1372692 0.1089178 0.1099326 0.0938503 0.1063271 0.1188455 0.1129389 0.1053510 0.1179530 0.1226918 0.1042704 0.1208489 0.1697112 0.1231503 0.1316802 0.1519178 0.1190628 0.1181129 0.2122776 0.0930778 0.2131951 0.0963815 0.1235006 0.0982570 0.1345444 0.0851105 0.1426635 0.2223231 0.0862173 0.0944229 0.1089845 0.1074396 0.1100338 0.1514012 0.1369393 0.1229406 0.1308011 0.1341556 0.1322886 0.1385470 0.0862306 0.1327318 0.1079742 0.0876164 0.0860066 0.0870133 0.0862789 0.1378680 0.0778720 0.1143903 0.1022987 0.1083435 0.1231017 0.0868211 0.0990618 0.1375295 0.1239300 0.1157416 0.0816990 0.1240428 0.1304434 0.1002973 0.0908424 0.1161966 0.0867312 0.1203360 0.0860901 0.0855095 0.0975600 0.1089406 0.1219742 0.1016400 0.0936950 0.2124358 0.0925080 0.0972560 0.0448084 0.0956880 
S0400         0.2242677 0.0737424 0.0828673 0.1099066 0.1313016 0.0150184 0.1443594 0.1271725 0.0949417 0.0188560 0.0562076 0.1044257 0.1647904 0.1678521 0.1171987 0.1498061 0.0955589 0.0991450 0.0941226 0.1493268 0.0857528 0.0000000 0.0182836 0.1106498 0.0809031 0.0981300 0.0812873 0.0932217 0.1121157 0.1517588 0.0969116 0.0994055 0.0925989 0.1622514 0.1642270 0.1127543 0.0325011 0.0134559 0.1310160 0.0951818 0.1045956 0.0714809 0.0145859 0.0906985 0.1600283 0.2273888 0.0871959 0.1709429 0.0842667 0.0177025 0.1121448 0.0806990 0.0166352 0.0815332 0.0856491 0.0985860 0.0899792 0.0942958 0.1481928 0.0946570 0.0975166 0.0846558 0.1006955 0.1224405 0.0988456 0.0959139 0.1038196 0.1067929 0.0613618 0.1275710 0.1590536 0.1165958 0.1370891 0.1692050 0.1036078 0.1049407 0.1988672 0.0821492 0.2037263 0.0873527 0.1116774 0.0924531 0.1407884 0.0668213 0.1421001 0.2118117 0.0172408 0.0529474 0.0997095 0.0971517 0.0939529 0.1411930 0.1502035 0.1128785 0.1205411 0.1303509 0.1453030 0.1512774 0.0165717 0.1386307 0.1039695 0.0774106 0.0204589 0.0171136 0.0740795 0.1276024 0.0639258 0.1005307 0.0909052 0.0971336 0.1181275 0.0458282 0.0904355 0.1292607 0.1291482 0.1026243 0.0113183 0.1297889 0.1262788 0.0890467 0.0248236 0.1146949 0.0521961 0.1096156 0.0484540 0.0698827 0.0925660 0.1023146 0.1107041 0.0834113 0.0810865 0.2002633 0.0848339 0.0860343 0.0827310 0.0890952 
S0405         0.2199951 0.0761933 0.0815387 0.1083113 0.1328342 0.0177531 0.1437230 0.1216416 0.0977444 0.0216542 0.0570429 0.0999826 0.1642509 0.1655557 0.1141372 0.1500018 0.0911733 0.1010487 0.0907487 0.1471240 0.0854434 0.0182836 0.0000000 0.1076812 0.0841247 0.0938044 0.0799464 0.0889764 0.1089405 0.1511578 0.0939882 0.0957678 0.0937707 0.1669886 0.1640942 0.1122472 0.0360917 0.0140474 0.1264366 0.0950594 0.1036639 0.0717949 0.0173339 0.0907014 0.1598645 0.2284773 0.0891820 0.1708624 0.0841803 0.0204749 0.1098354 0.0793647 0.0204840 0.0801998 0.0843298 0.0970269 0.0871668 0.0935756 0.1439529 0.0929472 0.0952312 0.0866326 0.0951769 0.1209688 0.0944664 0.0944331 0.1015076 0.1058766 0.0616753 0.1235733 0.1611317 0.1182359 0.1329072 0.1668832 0.1027778 0.1060409 0.1994463 0.0808187 0.2036319 0.0840207 0.1094624 0.0929637 0.1374215 0.0651336 0.1423759 0.2118251 0.0200192 0.0527108 0.1004500 0.0949000 0.0935094 0.1391936 0.1499666 0.1103231 0.1181879 0.1321215 0.1450294 0.1478375 0.0166161 0.1360029 0.1045096 0.0799798 0.0232751 0.0177252 0.0731412 0.1267055 0.0629251 0.0996186 0.0936374 0.1006045 0.1146723 0.0443664 0.0892144 0.1250476 0.1259103 0.1016939 0.0140047 0.1265350 0.1272926 0.0861831 0.0276963 0.1107205 0.0542957 0.1087787 0.0486907 0.0702228 0.0921206 0.1021764 0.1097886 0.0799605 0.0808752 0.1976601 0.0826396 0.0838839 0.0819836 0.0918143 
S0407sl       0.2208590 0.1227195 0.0902316 0.0653336 0.1464337 0.1092993 0.1701753 0.0674192 0.1052131 0.1092241 0.1286970 0.0671152 0.1958671 0.1918752 0.0663658 0.1774469 0.0508993 0.1118491 0.1152698 0.1736530 0.1227596 0.1106498 0.1076812 0.0000000 0.1124814 0.0509821 0.0864799 0.1168951 0.0658125 0.1749904 0.0559158 0.1141895 0.1261251 0.2034790 0.1956264 0.0699726 0.1198482 0.1043929 0.0760703 0.0670203 0.0732340 0.0935406 0.1073268 0.1029198 0.1824301 0.2292285 0.1100501 0.2014748 0.0915487 0.1085467 0.1230482 0.0879728 0.1142413 0.0866152 0.0908705 0.1068708 0.1022957 0.0598101 0.1716183 0.0622641 0.0625642 0.0934910 0.0530749 0.1494536 0.1127378 0.0972456 0.1119491 0.1241944 0.1254033 0.1476012 0.1544281 0.1189311 0.1559264 0.1921442 0.1154208 0.1172103 0.2099053 0.0885572 0.2003657 0.0779487 0.1094393 0.0994138 0.1611979 0.1217325 0.1379209 0.2087017 0.1107846 0.1234616 0.1013403 0.0491303 0.0624450 0.1233246 0.1713907 0.0714426 0.0730091 0.1667571 0.1727336 0.1763020 0.1098358 0.1651455 0.1311616 0.0862074 0.1120781 0.1091671 0.1261578 0.1341180 0.1068938 0.0652188 0.1063021 0.1137775 0.0647136 0.1120487 0.0931223 0.0318346 0.1508153 0.0705451 0.1020886 0.1486915 0.1296545 0.1047712 0.1141582 0.0638881 0.1122109 0.0748914 0.1099105 0.0913599 0.1134700 0.1133784 0.0711862 0.0893729 0.0898749 0.2061512 0.0933280 0.1055560 0.1185319 0.0942988 
S0412sl       0.2053035 0.0941394 0.0874536 0.1043839 0.1429975 0.0798480 0.1445393 0.1176574 0.1000458 0.0803114 0.0981544 0.1127003 0.1687373 0.1658827 0.1132718 0.1552410 0.0905595 0.1023594 0.1044502 0.1502262 0.0910858 0.0809031 0.0841247 0.1124814 0.0000000 0.0959915 0.0844576 0.0980141 0.1082615 0.1510643 0.0973038 0.1025322 0.0873736 0.1787738 0.1682229 0.1189204 0.0837862 0.0805948 0.1291140 0.0987265 0.1092018 0.0714915 0.0789043 0.1022663 0.1605246 0.2251861 0.0510792 0.1730115 0.0928747 0.0783282 0.1157527 0.0859117 0.0850462 0.0852421 0.0894214 0.1030425 0.1015347 0.0917791 0.1528644 0.0915351 0.0965316 0.0855089 0.1038106 0.1274085 0.1030465 0.0929256 0.1065496 0.1121275 0.1018670 0.1379201 0.1581802 0.1234177 0.1402380 0.1709112 0.1076474 0.1080970 0.1987911 0.0845384 0.2052241 0.0914646 0.1123366 0.0970557 0.1436266 0.0882436 0.1409483 0.2070751 0.0829833 0.0950779 0.0998572 0.0983307 0.0935521 0.1466708 0.1471926 0.1123734 0.1188788 0.1555210 0.1464677 0.1490409 0.0828820 0.1413071 0.1127566 0.0790749 0.0840856 0.0823496 0.0935468 0.1301371 0.0791505 0.0996609 0.0972852 0.1000505 0.1164328 0.0851539 0.0924284 0.1311701 0.1417008 0.0995010 0.0771157 0.1398127 0.1244846 0.0923597 0.0866103 0.1092349 0.0785960 0.1140682 0.0827047 0.0719059 0.0983134 0.1063952 0.1061767 0.0912039 0.0853327 0.2139129 0.0952500 0.0915428 0.0841917 0.0884500 
S0417         0.2112380 0.1151656 0.0790461 0.0486762 0.1392386 0.0961395 0.1599466 0.0573079 0.0929518 0.0966918 0.1142775 0.0454977 0.1814909 0.1720018 0.0544224 0.1651494 0.0336888 0.0980749 0.1072514 0.1633832 0.1089447 0.0981300 0.0938044 0.0509821 0.0959915 0.0000000 0.0761010 0.1073579 0.0489869 0.1655791 0.0417212 0.1043250 0.1068667 0.1818019 0.1811202 0.0529228 0.1054769 0.0934268 0.0604461 0.0488143 0.0582613 0.0853820 0.0919645 0.0893200 0.1728161 0.2107240 0.0991811 0.1880251 0.0825369 0.0953898 0.1150908 0.0756649 0.0988084 0.0756434 0.0796559 0.1002501 0.0902030 0.0409125 0.1605197 0.0482433 0.0467800 0.0836366 0.0348641 0.1261061 0.1043718 0.0885965 0.1024944 0.1125704 0.1123028 0.1370628 0.1421845 0.1087113 0.1494860 0.1783281 0.1054211 0.1085064 0.1908711 0.0749500 0.1835680 0.0588206 0.1002397 0.0974732 0.1537406 0.1055746 0.1277568 0.1923046 0.0981992 0.1132429 0.0938080 0.0326295 0.0486735 0.1058727 0.1611632 0.0558024 0.0548659 0.1527955 0.1606101 0.1658711 0.0965813 0.1514531 0.1233415 0.0789552 0.0977635 0.0986505 0.1152291 0.1222362 0.0946796 0.0484244 0.0947190 0.1001399 0.0509391 0.1029519 0.0828799 0.0667381 0.1386978 0.0564897 0.0906329 0.1414643 0.1182434 0.0938828 0.1014169 0.0467194 0.1019598 0.0603062 0.0998298 0.0816455 0.1044920 0.1027293 0.0557640 0.0803411 0.0788248 0.1974654 0.0821356 0.0916813 0.1040969 0.0851116 
S0419         0.1963560 0.0928729 0.0066793 0.0908598 0.0826639 0.0801755 0.1305776 0.1006704 0.0696214 0.0818797 0.1022135 0.0951064 0.1501537 0.1466113 0.0933931 0.1365966 0.0723507 0.0786128 0.0879954 0.1339053 0.0903474 0.0812873 0.0799464 0.0864799 0.0844576 0.0761010 0.0000000 0.0878191 0.0907117 0.1369686 0.0782122 0.0763531 0.0993725 0.1586195 0.1500591 0.0964487 0.0903246 0.0796622 0.1045969 0.0823794 0.0848747 0.0689417 0.0788199 0.0365425 0.1425640 0.2010124 0.0832977 0.1536615 0.0675405 0.0808383 0.0873162 0.0051152 0.0847549 0.0040857 0.0077125 0.0716146 0.0362128 0.0744256 0.1297867 0.0700773 0.0790289 0.0572246 0.0808368 0.1081640 0.0776053 0.0690344 0.0826647 0.0843726 0.0981855 0.0887499 0.1321088 0.0938026 0.1190254 0.1481272 0.0762222 0.0766319 0.1796402 0.0061425 0.1764356 0.0692011 0.0845889 0.0724930 0.1233262 0.0870984 0.1103195 0.1793300 0.0820555 0.0917074 0.0718943 0.0832801 0.0689395 0.1175762 0.1350634 0.0901344 0.1007262 0.1316638 0.1348710 0.1350493 0.0780801 0.1225512 0.0960967 0.0607025 0.0811931 0.0826518 0.0905865 0.0979365 0.0752175 0.0815901 0.0684014 0.0795780 0.0939478 0.0807909 0.0137307 0.1055990 0.0903510 0.0819626 0.0780979 0.0857900 0.0962165 0.0651895 0.0878554 0.0969634 0.0849559 0.0937273 0.0841076 0.0664192 0.0797315 0.0770095 0.0854135 0.0587486 0.0552154 0.1842221 0.0459524 0.0662689 0.0894465 0.0571962 
S0427         0.2288393 0.0870706 0.0906292 0.1163128 0.1326111 0.0912560 0.1409499 0.1168303 0.1100758 0.0889649 0.1069907 0.1062674 0.1612663 0.1640943 0.1179683 0.1439578 0.1044057 0.1102598 0.1035246 0.1412020 0.0489151 0.0932217 0.0889764 0.1168951 0.0980141 0.1073579 0.0878191 0.0000000 0.1144116 0.1451113 0.1112530 0.1195488 0.1047303 0.1681213 0.1600637 0.1285791 0.1002044 0.0907495 0.1369984 0.1084595 0.1180085 0.0847118 0.0919780 0.0995966 0.1508115 0.2281283 0.1110806 0.1626538 0.1042515 0.0885620 0.1319450 0.0906092 0.0945431 0.0892617 0.0921580 0.1128823 0.0995053 0.1039182 0.1510104 0.1041551 0.1081274 0.0961631 0.1100062 0.1248159 0.1182907 0.1141004 0.1218372 0.1270746 0.1027659 0.1237471 0.1667887 0.1310450 0.1438184 0.1660433 0.1263729 0.1267849 0.2086023 0.0892163 0.2087219 0.1025338 0.1285522 0.1006540 0.1473580 0.0896865 0.1454731 0.2148614 0.0896926 0.0938191 0.1127519 0.1074088 0.1061346 0.1581016 0.1415466 0.1147450 0.1262510 0.1406395 0.1384539 0.1431361 0.0917333 0.1463462 0.1117876 0.0957781 0.0879450 0.0931393 0.0880652 0.1334520 0.0771684 0.1156434 0.1097855 0.1164020 0.1232317 0.0848557 0.0971014 0.1306230 0.1305245 0.1140103 0.0877791 0.1265459 0.1342981 0.1043103 0.0963902 0.1133126 0.0906424 0.1163826 0.0897033 0.0885165 0.1008061 0.1094647 0.1178382 0.1046733 0.0973672 0.2179231 0.0976974 0.1032869 0.0496539 0.1028308 
S0428sl       0.2184445 0.1109991 0.0945676 0.0619722 0.1468649 0.1090977 0.1537295 0.0668358 0.1034833 0.1105894 0.1265506 0.0707456 0.1713027 0.1757824 0.0654497 0.1634211 0.0421254 0.1152787 0.1145025 0.1574808 0.1141004 0.1121157 0.1089405 0.0658125 0.1082615 0.0489869 0.0907117 0.1144116 0.0000000 0.1576651 0.0477354 0.1190127 0.1149638 0.1663632 0.1735898 0.0688824 0.1191962 0.1051571 0.0716021 0.0676597 0.0682031 0.0910224 0.1109860 0.1034770 0.1647106 0.2103234 0.1103395 0.1809281 0.0993062 0.1083066 0.1315497 0.0929816 0.1144164 0.0915270 0.0959776 0.1121883 0.1049757 0.0573461 0.1509454 0.0586828 0.0637579 0.0936844 0.0495235 0.1285188 0.1201404 0.0933797 0.1168176 0.1270718 0.1258216 0.1423838 0.1441357 0.1157409 0.1447953 0.1756110 0.1218035 0.1270890 0.1900827 0.0913904 0.1985465 0.0714462 0.1138712 0.1051654 0.1462602 0.1125097 0.1402824 0.1970780 0.1103308 0.1179145 0.1034840 0.0437434 0.0583295 0.0947446 0.1568380 0.0747491 0.0659984 0.1469575 0.1525064 0.1592665 0.1103928 0.1424365 0.1302383 0.0918967 0.1071379 0.1119255 0.1183599 0.1265377 0.1049853 0.0660895 0.1042719 0.1103575 0.0686238 0.1077013 0.0998423 0.0845577 0.1488011 0.0639738 0.1043857 0.1432232 0.1272281 0.1048277 0.1133728 0.0617652 0.1113704 0.0771251 0.1095646 0.0878363 0.1128018 0.1089120 0.0673823 0.0953645 0.0891226 0.2126329 0.0979514 0.1011467 0.1151534 0.0936129 
