124
S0055      0.0000000 0.1067869 0.1165754 0.1329541 0.0584895 0.0955389 0.0847582 0.0821470 0.0592471 0.0832295 0.0691943 0.0991739 0.1166286 0.0879746 0.1183090 0.0828687 0.0661408 0.1030988 0.0747574 0.0504698 0.0613064 0.0919569 0.0800877 0.0978131 0.1010788 0.0847519 0.1078957 0.0992123 0.0984196 0.0965767 0.0923380 0.1342906 0.1088037 0.0477404 0.0729951 0.1057190 0.1594191 0.0517661 0.0563569 0.1111182 0.1047605 0.1344147 0.0590247 0.1040642 0.0641708 0.1111703 0.0615341 0.1091402 0.1037631 0.1149953 0.1095291 0.1981884 0.1062562 0.0961856 0.1148663 0.0932956 0.0910706 0.0897053 0.1048815 0.1080263 0.0641655 0.1033235 0.1183701 0.0634887 0.1815274 0.1123813 0.0843276 0.0879942 0.1498798 0.1038501 0.1304222 0.0714591 0.0878591 0.0819051 0.0536798 0.0871870 0.1301525 0.0612742 0.0620373 0.0718654 0.0954146 0.1033059 0.1103728 0.0840131 0.0815267 0.1015647 0.1455885 0.0988351 0.0949303 0.0668774 0.1845284 0.1079562 0.0646455 0.0538979 0.0223145 0.1078445 0.0527650 0.0479270 0.0811588 0.0747866 0.0899303 0.0628553 0.1040527 0.1040927 0.1231096 0.0558597 0.0782644 0.0771876 0.0557736 0.0992274 0.0618436 0.1017784 0.0533966 0.0680819 0.0904038 0.0676844 0.1216720 0.0848694 0.0841435 0.1216249 0.0883522 0.0751614 0.1038538 0.0889675 
S0196sl    0.1067869 0.0000000 0.1216111 0.0908493 0.0968218 0.0893880 0.0960110 0.0905752 0.1139662 0.1232338 0.1165225 0.1003237 0.1169378 0.0938304 0.1176309 0.0811444 0.0860627 0.1036169 0.1099275 0.0878101 0.0935605 0.0844278 0.0995703 0.0900209 0.0119598 0.1215268 0.1083036 0.0887156 0.1236372 0.1262719 0.0929476 0.1341527 0.0974300 0.1089677 0.1104262 0.0881267 0.1347674 0.0675038 0.0948031 0.0552892 0.1090281 0.1326552 0.1006462 0.1044262 0.1033724 0.0194054 0.1004725 0.0195959 0.1170251 0.0584144 0.0948571 0.1407582 0.0932539 0.0891021 0.0899864 0.1055318 0.1253531 0.1278635 0.1338453 0.1339435 0.1033600 0.0654776 0.1135727 0.1035738 0.1604794 0.1035025 0.1128329 0.1066841 0.1477533 0.0143520 0.1348844 0.0884399 0.1194079 0.0673048 0.1027557 0.1163799 0.1280334 0.1000065 0.1139062 0.1017971 0.0880473 0.0903036 0.0972379 0.0881979 0.0770492 0.0853151 0.1432542 0.0964077 0.0989936 0.0968480 0.1324007 0.0939595 0.1043547 0.0886353 0.0894484 0.1348557 0.1003573 0.0426898 0.0990964 0.0921940 0.0884550 0.1155693 0.0143750 0.0603027 0.1142415 0.1002771 0.1055484 0.0765494 0.0937630 0.0917225 0.1135540 0.0846059 0.0943981 0.0969406 0.0893400 0.0755505 0.1178159 0.1201397 0.0960350 0.1289808 0.0611835 0.0806780 0.1458774 0.0939733 
S0278      0.1165754 0.1216111 0.0000000 0.1383410 0.1092048 0.1407908 0.0833010 0.1192857 0.1268873 0.1401816 0.0400327 0.1486763 0.1656064 0.0579084 0.1637715 0.0925584 0.1142285 0.1527778 0.1046792 0.1000049 0.1125229 0.0799147 0.1234664 0.1013822 0.1285682 0.1343517 0.1587010 0.1026293 0.1738763 0.1362419 0.1440427 0.1733859 0.0873646 0.0994059 0.1168556 0.0888392 0.1361195 0.0864059 0.1072626 0.1428163 0.1485474 0.1858908 0.0969318 0.1488912 0.1159410 0.1358998 0.1130034 0.1288895 0.1498157 0.1439911 0.1203741 0.2304559 0.1291506 0.1161204 0.1022507 0.1572821 0.1713203 0.1482288 0.1772646 0.1774313 0.1159259 0.1187100 0.1621018 0.1309389 0.2616585 0.1551930 0.1262406 0.1361976 0.2073521 0.1314302 0.1771592 0.1098846 0.1435574 0.1393250 0.1131411 0.1523511 0.1697580 0.1124720 0.1237707 0.1228755 0.0995321 0.1260713 0.1336929 0.1361197 0.0935583 0.0896173 0.1832694 0.1411334 0.1442847 0.1190312 0.2115825 0.1556385 0.1201295 0.1016087 0.0951403 0.1763046 0.1009271 0.0777260 0.1245773 0.1203216 0.0804421 0.1290780 0.1316968 0.1265754 0.1307034 0.1127793 0.1397221 0.1233652 0.1060825 0.0663264 0.1163056 0.1133423 0.1098636 0.1186313 0.1441334 0.0965604 0.1478125 0.1440624 0.1213956 0.1599157 0.1201883 0.1216450 0.1453583 0.1204958 
S0281      0.1329541 0.0908493 0.1383410 0.0000000 0.1351095 0.1129901 0.1502841 0.1363168 0.1440377 0.1638293 0.0943315 0.1242097 0.1307137 0.1519819 0.1391019 0.1423273 0.1341688 0.1248040 0.1188843 0.1249524 0.1317427 0.1502017 0.1389475 0.1579044 0.0852652 0.1243862 0.1301256 0.1553453 0.1395823 0.1606820 0.1087449 0.1508130 0.1473956 0.1178168 0.1439562 0.1507813 0.2186679 0.1095497 0.1332888 0.0730324 0.1265028 0.1794907 0.1225341 0.1252120 0.1353056 0.0909282 0.1393254 0.0928200 0.1534755 0.0735744 0.1596346 0.1648663 0.1663840 0.1493670 0.1669338 0.1342363 0.1464877 0.1480698 0.1554626 0.1503349 0.1423926 0.0720560 0.1662661 0.1033035 0.1992064 0.1393781 0.1212578 0.1278768 0.1760563 0.0879894 0.1776828 0.1162146 0.1484992 0.0872292 0.1214757 0.1494388 0.1772981 0.1386360 0.1401863 0.1289197 0.1614731 0.1630022 0.1718028 0.1080290 0.1317908 0.1408848 0.1747558 0.1175324 0.1199161 0.1425574 0.1452472 0.1335350 0.1427906 0.1224227 0.1209667 0.1873162 0.1019770 0.0669277 0.1485986 0.1341895 0.1414494 0.1391201 0.0881572 0.0723789 0.1683848 0.1390317 0.1379252 0.1233040 0.1317769 0.1424087 0.1538371 0.1461700 0.1285900 0.1357105 0.1193669 0.1218583 0.1816981 0.1550175 0.1460839 0.1765973 0.0984742 0.1289608 0.1348089 0.1416061 
S0282      0.0584895 0.0968218 0.1092048 0.1351095 0.0000000 0.1203685 0.0812131 0.0756537 0.0168276 0.0327225 0.0803550 0.1242227 0.1252988 0.0783593 0.1438675 0.0821182 0.0685093 0.1284569 0.0828849 0.0047272 0.0167908 0.0766088 0.0709835 0.0877813 0.0912047 0.0930800 0.1220530 0.0775977 0.1140294 0.1019859 0.1199999 0.1634027 0.0926144 0.0343074 0.0218917 0.0896356 0.1649126 0.0300747 0.0071722 0.0990374 0.1269233 0.1430897 0.0532715 0.1289318 0.0143785 0.1010048 0.0070778 0.0989293 0.1095626 0.1027874 0.1056506 0.1770321 0.0966037 0.1021274 0.0887896 0.1197006 0.1063030 0.1013175 0.1170675 0.1104810 0.0143778 0.1056403 0.1244960 0.0687603 0.1820755 0.1146286 0.1029094 0.0904517 0.1587414 0.0939401 0.1390263 0.0621154 0.0908110 0.0880798 0.0584979 0.0776344 0.1387402 0.0070507 0.0481173 0.0714105 0.0798724 0.0937147 0.1005371 0.1087514 0.0722461 0.0857999 0.1720161 0.1212581 0.1124153 0.0168100 0.1713545 0.1007910 0.0119325 0.0096327 0.0379676 0.1070776 0.0522995 0.0532440 0.0747549 0.0685431 0.0861122 0.0406141 0.0941203 0.1002573 0.1129623 0.0070671 0.0748679 0.0740052 0.0071004 0.0864182 0.0425722 0.1040688 0.0243816 0.0455892 0.0838968 0.0589831 0.1144713 0.0810614 0.0689130 0.1078212 0.0877686 0.0690653 0.1058750 0.0732628 
S0288      0.0955389 0.0893880 0.1407908 0.1129901 0.1203685 0.0000000 0.1383777 0.1176281 0.1182242 0.1490836 0.1240423 0.0049210 0.0610627 0.1360499 0.0174993 0.1172045 0.1027024 0.0073823 0.1077672 0.1106487 0.1201270 0.1312225 0.1312707 0.1205353 0.0832552 0.1017260 0.0049665 0.1327375 0.1328848 0.1390017 0.0357751 0.0216478 0.1336385 0.1072502 0.1353578 0.1431570 0.1513883 0.0921418 0.1142745 0.0946117 0.0075224 0.1525176 0.1050274 0.0073453 0.1205445 0.0929719 0.1244510 0.0908303 0.1282777 0.0953539 0.1333476 0.1127784 0.1224000 0.1200480 0.1419026 0.0292667 0.1309410 0.1191933 0.1402234 0.1437930 0.1237101 0.0943622 0.1477834 0.1193935 0.0938130 0.0468383 0.1174127 0.1177096 0.1615588 0.0860031 0.1511588 0.0919231 0.1326756 0.0155843 0.1019379 0.1391636 0.1508301 0.1238370 0.1256163 0.1092786 0.1317552 0.1192150 0.1270275 0.0024945 0.1196496 0.1366501 0.0707951 0.0000028 0.0024890 0.1308012 0.0986287 0.1300221 0.1253775 0.1123739 0.0929865 0.1594363 0.0890284 0.0831470 0.1231201 0.1224946 0.1152384 0.1237159 0.0861685 0.0983956 0.1459101 0.1241908 0.1270625 0.1154762 0.1170701 0.1307811 0.1278660 0.1202780 0.1069818 0.1212206 0.1129868 0.1037251 0.1433907 0.1178940 0.1131736 0.1316125 0.0961618 0.1206795 0.1271201 0.1150937 
S0289      0.0847582 0.0960110 0.0833010 0.1502841 0.0812131 0.1383777 0.0000000 0.0897141 0.0912005 0.1089815 0.0569978 0.1425445 0.1446276 0.0377967 0.1586726 0.0656281 0.0821711 0.1385810 0.0899875 0.0725026 0.0782125 0.0512918 0.0965974 0.0547417 0.0995487 0.1079191 0.1530416 0.0573124 0.1271185 0.1338781 0.1332681 0.1742609 0.0629857 0.0839269 0.0972777 0.0575175 0.1179662 0.0653308 0.0791163 0.1106612 0.1457951 0.1288034 0.0873753 0.1428761 0.0841947 0.1097620 0.0846539 0.0997984 0.1183183 0.1146275 0.0744867 0.2080510 0.0701350 0.0748848 0.0645961 0.1380466 0.1253678 0.1201241 0.1302811 0.1303745 0.0874738 0.1152428 0.1135254 0.0712364 0.1880707 0.1365586 0.1152691 0.1088145 0.1404248 0.1023594 0.1281806 0.0793308 0.1092724 0.0813211 0.1096846 0.1036312 0.1214065 0.0842708 0.0936868 0.0989459 0.0602242 0.0673862 0.0736194 0.1226095 0.0408248 0.0717391 0.2049271 0.1389151 0.1305219 0.0904184 0.2017319 0.1102171 0.0883045 0.0765429 0.0670654 0.1282595 0.0835388 0.0305200 0.0850785 0.0882023 0.0423051 0.0982383 0.1025620 0.1161366 0.0919913 0.0783783 0.0927264 0.0786844 0.0782577 0.0665126 0.0940124 0.0710869 0.0878730 0.0841775 0.1030050 0.0718970 0.0904821 0.1160681 0.0826767 0.1276541 0.0969988 0.0735700 0.1214452 0.0875488 
S0292      0.0821470 0.0905752 0.1192857 0.1363168 0.0756537 0.1176281 0.0897141 0.0000000 0.0888574 0.0993061 0.1035469 0.1212372 0.1202811 0.0907203 0.1413434 0.0883130 0.0409647 0.1258942 0.0785163 0.0668396 0.0787243 0.0888228 0.0790536 0.0930632 0.0848258 0.0888756 0.1312826 0.0856269 0.0957202 0.1171744 0.1141297 0.1473067 0.0950710 0.0721513 0.0847656 0.1050014 0.1540799 0.0591484 0.0735176 0.1089293 0.1276316 0.1297547 0.0724794 0.1264341 0.0786119 0.0947744 0.0761376 0.0958999 0.0850824 0.1051041 0.1157108 0.1820288 0.1057160 0.1053110 0.1033358 0.1133075 0.0926001 0.0772699 0.1052436 0.1053053 0.0818516 0.0981890 0.1223345 0.0627676 0.1805744 0.1144592 0.0693319 0.0693075 0.1521700 0.0876308 0.1438952 0.0540083 0.0736263 0.0755060 0.0758539 0.0557113 0.1435895 0.0786838 0.0823489 0.0606999 0.0912440 0.1027027 0.1099173 0.1056832 0.0734755 0.1007697 0.1809999 0.1222761 0.1175859 0.0817114 0.1761342 0.0672438 0.0855458 0.0737310 0.0652224 0.0613747 0.0727319 0.0496384 0.0272558 0.0170803 0.0885856 0.0866119 0.0878029 0.0924988 0.1199266 0.0788923 0.0465644 0.0514573 0.0727186 0.0985909 0.0730797 0.1139038 0.0639691 0.0786821 0.0496297 0.0299150 0.1281487 0.0786500 0.0518155 0.0981453 0.0841439 0.0465968 0.0985913 0.0555370 
S0293      0.0592471 0.1139662 0.1268873 0.1440377 0.0168276 0.1182242 0.0912005 0.0888574 0.0000000 0.0437258 0.0942650 0.1220920 0.1377105 0.0945886 0.1464023 0.0921513 0.0840518 0.1263338 0.0990509 0.0169965 0.0295682 0.0924162 0.0807006 0.1045318 0.1081764 0.1099367 0.1233184 0.0936492 0.1218940 0.1128931 0.1285461 0.1650868 0.1093662 0.0425662 0.0349959 0.1062640 0.1583640 0.0438085 0.0144734 0.1102954 0.1247647 0.1447648 0.0622454 0.1268547 0.0270806 0.1185087 0.0193834 0.1165076 0.1205046 0.1142428 0.1163932 0.1803763 0.1038617 0.1033408 0.1057587 0.1254322 0.1138850 0.1056328 0.1218103 0.1182347 0.0270791 0.1230960 0.1325412 0.0821061 0.1925090 0.1235605 0.1103906 0.0976172 0.1606556 0.1109812 0.1441812 0.0747777 0.0982971 0.0959915 0.0676053 0.0837903 0.1438806 0.0193069 0.0568179 0.0840908 0.0958952 0.1009071 0.1079609 0.1106388 0.0760369 0.1020794 0.1804741 0.1183177 0.1101948 0.0296054 0.1745489 0.1182593 0.0219886 0.0197289 0.0464695 0.1213936 0.0615349 0.0661488 0.0877737 0.0840951 0.1024776 0.0491934 0.1112008 0.1176165 0.1207092 0.0144005 0.0876917 0.0836078 0.0194486 0.1028438 0.0566386 0.1084237 0.0375832 0.0543876 0.0971891 0.0738405 0.1254362 0.0973732 0.0816830 0.1257326 0.1013498 0.0786257 0.1233767 0.0864627 
S0294      0.0832295 0.1232338 0.1401816 0.1638293 0.0327225 0.1490836 0.1089815 0.0993061 0.0437258 0.0000000 0.1079731 0.1486286 0.1631295 0.1063757 0.1744547 0.1128235 0.0982166 0.1581671 0.1139377 0.0275601 0.0406944 0.1038535 0.1007954 0.1200395 0.1172651 0.1221013 0.1642747 0.1083862 0.1385544 0.1282747 0.1482384 0.1988888 0.1249102 0.0598036 0.0464686 0.1182446 0.1729205 0.0559343 0.0304229 0.1259192 0.1441430 0.1637222 0.0808763 0.1580404 0.0381195 0.1233252 0.0302785 0.1293239 0.1251043 0.1301427 0.1253973 0.2042371 0.1149462 0.1215564 0.1175860 0.1485366 0.1299330 0.1273431 0.1417797 0.1346548 0.0327644 0.1362062 0.1493725 0.0954287 0.2122053 0.1478592 0.1326917 0.1156787 0.1804649 0.1201483 0.1646097 0.0884321 0.1164614 0.1109382 0.0834096 0.0977531 0.1676387 0.0353833 0.0722016 0.0901722 0.1106201 0.1118908 0.1193050 0.1359720 0.0896981 0.1170987 0.1891136 0.1510393 0.1494766 0.0327794 0.1978669 0.1266704 0.0411000 0.0332102 0.0614902 0.1260862 0.0777817 0.0809865 0.0990205 0.0891253 0.1144585 0.0643556 0.1203933 0.1305907 0.1325550 0.0327264 0.1010139 0.0882130 0.0301052 0.1039783 0.0691785 0.1200301 0.0461388 0.0667589 0.1154362 0.0872649 0.1379266 0.1092583 0.0988373 0.1494801 0.1165779 0.0831445 0.1313651 0.1042331 
S0299      0.0691943 0.1165225 0.0400327 0.0943315 0.0803550 0.1240423 0.0569978 0.1035469 0.0942650 0.1079731 0.0000000 0.1105566 0.1390317 0.0348763 0.1281188 0.0795544 0.0752099 0.1175807 0.0730545 0.0694275 0.0746547 0.0672155 0.0805428 0.0697556 0.1165225 0.0817104 0.1273119 0.0687883 0.1164828 0.0690748 0.1109184 0.1128184 0.0741708 0.0743807 0.0803550 0.0561211 0.6420480 0.0701152 0.0880426 0.1045756 0.0847428 0.1214131 0.0695127 0.1186995 0.0861026 0.1084329 0.0874002 0.1124148 0.0868061 0.1040054 0.0929960 0.1695515 0.0798694 0.0863521 0.0742198 0.1253552 0.1134538 0.0941741 0.1176570 0.1164828 0.0803550 0.0948358 0.1039457 0.1033012 0.1158480 0.1167880 0.0964383 0.0949351 0.1282983 0.1229265 0.1142065 0.0896447 0.0842754 0.1045310 0.0866585 0.1242327 0.1063350 0.0803550 0.0754885 0.1002179 0.0947249 0.0798694 0.0864696 0.1087505 0.0479557 0.0562432 0.6420480 0.1062055 0.1259287 0.0864247 0.1607940 0.1011412 0.0924425 0.0803550 0.0577751 0.1400444 0.0587349 0.0659291 0.1109812 0.1029577 0.0620376 0.0882169 0.1234288 0.0769664 0.0981687 0.0807616 0.0960578 0.0820006 0.0803550 0.0292446 0.0683986 0.0744113 0.0751163 0.0810766 0.0891606 0.0868458 0.0749315 0.0821161 0.1013968 0.1579348 0.1014501 0.0885003 0.1213256 0.1045489 
S0303      0.0991739 0.1003237 0.1486763 0.1242097 0.1242227 0.0049210 0.1425445 0.1212372 0.1220920 0.1486286 0.1105566 0.0000000 0.0579716 0.1402267 0.0073602 0.1175550 0.1061519 0.0098867 0.1074565 0.1141036 0.1239720 0.1352130 0.1284476 0.1198503 0.0945092 0.0983127 0.0074830 0.1367859 0.1411552 0.1431975 0.0385872 0.0275890 0.1342703 0.1109685 0.1394128 0.1467214 0.1641479 0.0991470 0.1180797 0.0981516 0.0100071 0.1570500 0.1022752 0.0000028 0.1244052 0.1047024 0.1283707 0.1025828 0.1286528 0.0991970 0.1416255 0.1294138 0.1188724 0.1200796 0.1506446 0.0350120 0.1353809 0.1228059 0.1486594 0.1523111 0.1276011 0.0979404 0.1487574 0.1064524 0.1213544 0.0497000 0.1210534 0.1177242 0.1662521 0.0973381 0.1556352 0.0953836 0.1332395 0.0214179 0.1024621 0.1363267 0.1552943 0.1277322 0.1295795 0.1130825 0.1313663 0.1157097 0.1234288 0.0000022 0.1235715 0.1308058 0.0697132 0.0050221 0.0075880 0.1347753 0.1146259 0.1340683 0.1293291 0.1162010 0.0931803 0.1675182 0.0927108 0.0773089 0.1267360 0.1264302 0.1190852 0.1236926 0.0975309 0.1017788 0.1421226 0.1280998 0.1310847 0.1190103 0.1208919 0.1348489 0.1307514 0.1206046 0.1100997 0.1251111 0.1206329 0.1010073 0.1383990 0.1212238 0.1170364 0.1310686 0.1003872 0.1246465 0.1267403 0.1229118 
S0308      0.1166286 0.1169378 0.1656064 0.1307137 0.1252988 0.0610627 0.1446276 0.1202811 0.1377105 0.1631295 0.1390317 0.0579716 0.0000000 0.1459385 0.0747048 0.1319146 0.1167159 0.0577556 0.1074953 0.1146887 0.1285968 0.1461470 0.1426292 0.1361780 0.1109985 0.1031097 0.0646470 0.1460916 0.1524772 0.1630633 0.0618859 0.0934857 0.1404137 0.1087071 0.1406852 0.1525084 0.1623460 0.1134924 0.1228757 0.1046139 0.0619025 0.1689851 0.1221248 0.0625723 0.1204962 0.1216398 0.1295015 0.1196119 0.1460697 0.1054447 0.1434107 0.1456217 0.1413851 0.1300968 0.1642946 0.0688328 0.1523255 0.1397103 0.1558454 0.1598883 0.1290227 0.1044365 0.1551466 0.1124868 0.1389893 0.0614427 0.1268448 0.1271365 0.1785286 0.1138732 0.1678205 0.1126105 0.1525965 0.0433818 0.1056242 0.1370207 0.1674486 0.1288502 0.1347146 0.1346562 0.1450140 0.1381324 0.1463233 0.0466668 0.1186301 0.1475285 0.0906183 0.0593770 0.0561624 0.1359794 0.1304380 0.1368187 0.1304785 0.1206309 0.0967750 0.1713700 0.0859170 0.0894850 0.1293608 0.1216263 0.1320684 0.1248287 0.1141042 0.1052458 0.1588838 0.1292250 0.1237835 0.1321754 0.1219288 0.1447357 0.1321831 0.1215151 0.1229700 0.1214995 0.1282931 0.1174880 0.1451960 0.1317672 0.1299015 0.1550878 0.1175550 0.1335671 0.1237611 0.1365110 
S0320      0.0879746 0.0938304 0.0579084 0.1519819 0.0783593 0.1360499 0.0377967 0.0907203 0.0945886 0.1063757 0.0348763 0.1402267 0.1459385 0.0000000 0.1564537 0.0546918 0.0833052 0.1362516 0.0870979 0.0696871 0.0753753 0.0380132 0.0936592 0.0521962 0.0973796 0.1187195 0.1507260 0.0636610 0.1362524 0.1196050 0.1243295 0.1762255 0.0581150 0.0839612 0.0943178 0.0520360 0.1353079 0.0656949 0.0762448 0.1109350 0.1399188 0.1464989 0.0814845 0.1406048 0.0813257 0.1042528 0.0817686 0.1003730 0.1301548 0.1149142 0.0976117 0.2021856 0.0927909 0.0890610 0.0591606 0.1394824 0.1343283 0.1354162 0.1394976 0.1396051 0.0845812 0.1131657 0.1263735 0.1105889 0.2245052 0.1255718 0.1136354 0.1168867 0.1586825 0.1002126 0.1457546 0.0904362 0.1143051 0.1100010 0.1032206 0.1139757 0.1387311 0.0813996 0.0970781 0.0972612 0.0609704 0.0898578 0.0967465 0.1238520 0.0558757 0.0666958 0.1654197 0.1361270 0.1365178 0.0875133 0.1959117 0.1250910 0.0853840 0.0736710 0.0708520 0.1408269 0.0803752 0.0537574 0.0994833 0.0955733 0.0401488 0.1045061 0.1004123 0.1108616 0.1104220 0.0816153 0.1106025 0.0917697 0.0754173 0.0469963 0.0910725 0.0908737 0.0849656 0.0813085 0.1109624 0.0728585 0.1108417 0.1197869 0.0930793 0.1364170 0.0868771 0.0865991 0.1397944 0.0983297 
S0322      0.1183090 0.1176309 0.1637715 0.1391019 0.1438675 0.0174993 0.1586726 0.1413434 0.1464023 0.1744547 0.1281188 0.0073602 0.0747048 0.1564537 0.0000000 0.1293171 0.1255607 0.0225993 0.1192103 0.1334342 0.1435753 0.1508405 0.1413678 0.1354362 0.1118109 0.1099249 0.0202768 0.1526012 0.1621843 0.1641079 0.0514580 0.0419490 0.1573019 0.1302386 0.1597025 0.1626197 0.1790073 0.1144254 0.1420861 0.1100155 0.0177289 0.1719502 0.1101837 0.0072371 0.1440791 0.1222455 0.1482415 0.1202645 0.1525432 0.1143028 0.1566674 0.1339422 0.1371553 0.1324616 0.1666220 0.0458844 0.1521520 0.1354319 0.1699151 0.1736827 0.1473458 0.1162608 0.1638311 0.1316777 0.1362434 0.0578076 0.1411441 0.1411252 0.1813311 0.1146272 0.1707893 0.1148987 0.1539633 0.0315430 0.1179659 0.1570449 0.1704195 0.1474943 0.1496478 0.1259927 0.1551708 0.1339423 0.1419857 0.0125957 0.1397788 0.1426112 0.0816654 0.0178646 0.0205673 0.1547689 0.1192476 0.1476427 0.1493443 0.1359064 0.1122081 0.1835098 0.1052400 0.0800222 0.1468037 0.1464359 0.1345554 0.1437375 0.1148551 0.1168597 0.1609442 0.1479228 0.1439513 0.1387231 0.1404531 0.1507909 0.1505524 0.1383215 0.1295530 0.1405998 0.1333363 0.1199365 0.1583677 0.1413737 0.1321054 0.1497565 0.1138212 0.1448618 0.1356028 0.1395687 
S0327      0.0828687 0.0811444 0.0925584 0.1423273 0.0821182 0.1172045 0.0656281 0.0883130 0.0921513 0.1128235 0.0795544 0.1175550 0.1319146 0.0546918 0.1293171 0.0000000 0.0744215 0.1252246 0.0975922 0.0735928 0.0791806 0.0424965 0.0991441 0.0496825 0.0874566 0.1025494 0.1304441 0.0566318 0.1184741 0.1194393 0.1130702 0.1546800 0.0675591 0.0822469 0.0978378 0.0591937 0.0983696 0.0757660 0.0800753 0.1010779 0.1236568 0.1237877 0.0832252 0.1149461 0.0882554 0.0970947 0.0854894 0.0918094 0.1177771 0.1081190 0.0926581 0.1874986 0.0758121 0.0682980 0.0673461 0.1235647 0.1139405 0.1122784 0.1249586 0.1216396 0.0882463 0.1120024 0.1119162 0.1025845 0.2046009 0.1257480 0.0940856 0.0977278 0.1351131 0.0901629 0.1263157 0.0879534 0.1112960 0.0947683 0.1007724 0.1010501 0.1196553 0.0851111 0.0986200 0.0752888 0.0508438 0.0730346 0.0793883 0.1090208 0.0490561 0.0736579 0.1564483 0.1174229 0.1207078 0.0911262 0.1742941 0.1073748 0.0860822 0.0746385 0.0750314 0.1216077 0.0892298 0.0472686 0.0905266 0.0868487 0.0509945 0.1093041 0.0903345 0.1066010 0.0980405 0.0853319 0.0938380 0.0896840 0.0792259 0.0623177 0.0980422 0.0858740 0.0886402 0.0920528 0.0910506 0.0708342 0.0924225 0.1012928 0.0875775 0.1325360 0.0948301 0.0877295 0.1253948 0.0925320 
S0335      0.0661408 0.0860627 0.1142285 0.1341688 0.0685093 0.1027024 0.0821711 0.0409647 0.0840518 0.0982166 0.0752099 0.1061519 0.1167159 0.0833052 0.1255607 0.0744215 0.0000000 0.1104867 0.0603670 0.0599827 0.0714729 0.0755115 0.0777221 0.0824545 0.0804282 0.0757794 0.1154710 0.0843971 0.0859499 0.1013229 0.1091426 0.1294599 0.0930750 0.0653397 0.0801585 0.0901111 0.1628043 0.0527120 0.0663736 0.1005750 0.1119789 0.1190707 0.0656328 0.1113187 0.0744937 0.0901171 0.0717505 0.0879507 0.0814473 0.0969092 0.1106151 0.1920734 0.0949533 0.0874999 0.0958229 0.0982544 0.0848502 0.0738193 0.0952440 0.0952948 0.0744868 0.0938442 0.1071110 0.0570547 0.1771942 0.1026031 0.0633444 0.0689877 0.1408530 0.0831808 0.1248191 0.0508510 0.0609196 0.0677796 0.0778429 0.0638960 0.1245599 0.0714357 0.0751300 0.0464004 0.0772244 0.0920340 0.0989110 0.0910409 0.0788844 0.0930034 0.1831690 0.1031103 0.1022717 0.0773228 0.1860442 0.0494102 0.0780075 0.0638442 0.0498852 0.0793584 0.0717331 0.0313194 0.0458256 0.0350949 0.0811683 0.0791740 0.0833408 0.0882449 0.1024033 0.0716200 0.0520914 0.0456161 0.0656659 0.0781932 0.0689628 0.1058941 0.0573501 0.0714329 0.0465763 0.0168991 0.1055003 0.0720763 0.0487682 0.0880920 0.0708321 0.0435215 0.0882147 0.0523907 
S0355      0.1030988 0.1036169 0.1527778 0.1248040 0.1284569 0.0073823 0.1385810 0.1258942 0.1263338 0.1581671 0.1175807 0.0098867 0.0577556 0.1362516 0.0225993 0.1252246 0.1104867 0.0000000 0.1114460 0.1185052 0.1281951 0.1396293 0.1314616 0.1231412 0.0977759 0.1055891 0.0099320 0.1370618 0.1458354 0.1478688 0.0386390 0.0389447 0.1425526 0.1150154 0.1439137 0.1513344 0.1730502 0.0995933 0.1222414 0.1022996 0.0151132 0.1612890 0.1128087 0.0122967 0.1286473 0.1080612 0.1283097 0.1059587 0.1295314 0.1031164 0.1419259 0.1210044 0.1328082 0.1283193 0.1554184 0.0350582 0.1436811 0.1270829 0.1534568 0.1571669 0.1318840 0.1017987 0.1529718 0.1131820 0.1067628 0.0465375 0.1253570 0.1256821 0.1706267 0.1006147 0.1598236 0.0993557 0.1414191 0.0157708 0.1096546 0.1480291 0.1594718 0.1320200 0.1257944 0.1172312 0.1333374 0.1295627 0.1376409 0.0050062 0.1278784 0.1456097 0.0761976 0.0074988 0.0075090 0.1391719 0.1066439 0.1390419 0.1336857 0.1203822 0.0964986 0.1726237 0.0891508 0.0770271 0.1245968 0.1307603 0.1153993 0.1199329 0.1008154 0.1059980 0.1500426 0.1324038 0.1355254 0.1235520 0.1250807 0.1356372 0.1350724 0.1240714 0.1147201 0.1293865 0.1252608 0.1113773 0.1507733 0.1258899 0.1212586 0.1348534 0.0962913 0.1290066 0.1310899 0.1276588 
S0376      0.0747574 0.1099275 0.1046792 0.1188843 0.0828849 0.1077672 0.0899875 0.0785163 0.0990509 0.1139377 0.0730545 0.1074565 0.1074953 0.0870979 0.1192103 0.0975922 0.0603670 0.1114460 0.0000000 0.0742757 0.0801342 0.0852643 0.0890909 0.0954686 0.1042031 0.0326120 0.1163566 0.0916427 0.1118534 0.1216918 0.1063316 0.1340825 0.1146056 0.0625606 0.0927677 0.0975748 0.1470102 0.0610175 0.0808289 0.1156362 0.1066367 0.1371378 0.0653949 0.1083952 0.0829981 0.1143649 0.0862940 0.1059890 0.0972219 0.1196133 0.1158707 0.1889134 0.1077934 0.1060222 0.1099796 0.1145219 0.1103631 0.0951417 0.1216984 0.1217795 0.0832164 0.0816929 0.1214705 0.0759540 0.2002478 0.1115754 0.0785000 0.0905421 0.1416623 0.1069797 0.1295541 0.0716903 0.0942153 0.1004590 0.0718065 0.1010637 0.1292880 0.0800939 0.0722509 0.0785715 0.1074227 0.1048742 0.1118823 0.0962044 0.0837359 0.1004445 0.1356581 0.1034000 0.1074709 0.0860970 0.1755955 0.0949879 0.0868631 0.0724847 0.0612021 0.1186834 0.0626276 0.0535567 0.0866110 0.0772428 0.0979513 0.0755605 0.1071890 0.0822750 0.1183215 0.0803027 0.0759796 0.0830023 0.0799641 0.0884470 0.0681594 0.1004433 0.0657494 0.0706535 0.0817661 0.0619942 0.1261556 0.1002572 0.0870323 0.1068754 0.0892026 0.0810183 0.0433997 0.0948350 
S0400      0.0504698 0.0878101 0.1000049 0.1249524 0.0047272 0.1106487 0.0725026 0.0668396 0.0169965 0.0275601 0.0694275 0.1141036 0.1146887 0.0696871 0.1334342 0.0735928 0.0599827 0.1185052 0.0742757 0.0000000 0.0095197 0.0681426 0.0625948 0.0787147 0.0822415 0.0841885 0.1235805 0.0690129 0.1046295 0.0929744 0.1105443 0.1480311 0.0835692 0.0292766 0.0169501 0.0808371 0.1506394 0.0249481 0.0023799 0.0898041 0.1165559 0.1332556 0.0453075 0.1191728 0.0095420 0.0918390 0.0071473 0.0897119 0.1003224 0.0934428 0.0965374 0.1648802 0.0878669 0.0931055 0.0798111 0.1097973 0.0971319 0.0923712 0.1076370 0.1011641 0.0095416 0.0965300 0.1148718 0.0579911 0.1820759 0.1040707 0.0938135 0.0813697 0.1485602 0.0849605 0.1293067 0.0535662 0.0818885 0.0818896 0.0504784 0.0690472 0.1290416 0.0071197 0.0402037 0.0629714 0.0713173 0.0850162 0.0916605 0.0991000 0.0637047 0.0771513 0.1570548 0.1112105 0.1104269 0.0119535 0.1594463 0.0916427 0.0120513 0.0047947 0.0301332 0.0978157 0.0441004 0.0424445 0.0660539 0.0601531 0.0774232 0.0353756 0.0851221 0.0909335 0.1038795 0.0071364 0.0663079 0.0653996 0.0023560 0.0776997 0.0347852 0.0951065 0.0193758 0.0403387 0.0749906 0.0508889 0.1049933 0.0721920 0.0604745 0.1047241 0.0788949 0.0606041 0.0967434 0.0644346 
S0405      0.0613064 0.0935605 0.1125229 0.1317427 0.0167908 0.1201270 0.0782125 0.0787243 0.0295682 0.0406944 0.0746547 0.1239720 0.1285968 0.0753753 0.1435753 0.0791806 0.0714729 0.1281951 0.0801342 0.0095197 0.0000000 0.0736978 0.0739524 0.0847168 0.0879728 0.0902547 0.1334615 0.0746446 0.1110757 0.0957564 0.1197656 0.1634461 0.0865529 0.0420755 0.0194375 0.0836083 0.1789960 0.0327314 0.0144913 0.0956909 0.1199297 0.1466867 0.0560606 0.1286743 0.0217869 0.0976789 0.0193406 0.0894497 0.1066523 0.0993926 0.1089322 0.1697566 0.0935761 0.1053707 0.0797011 0.1194557 0.1034096 0.1045323 0.1141089 0.1075479 0.0168499 0.0962560 0.1279911 0.0631756 0.1749774 0.1109837 0.0939490 0.0876252 0.1551247 0.0906965 0.1425754 0.0621967 0.0909294 0.0880798 0.0531846 0.0806846 0.1422813 0.0143676 0.0455372 0.0743979 0.0769271 0.0907041 0.0974565 0.1085321 0.0693139 0.0741459 0.1709281 0.1210066 0.1201516 0.0143924 0.1642059 0.1009242 0.0194570 0.0096442 0.0406860 0.1104161 0.0469660 0.0476887 0.0777849 0.0715084 0.0831136 0.0406647 0.0908696 0.0908986 0.1097946 0.0144016 0.0721202 0.0770009 0.0143454 0.0804509 0.0400252 0.1012382 0.0320187 0.0537342 0.0870059 0.0618274 0.1112554 0.0841557 0.0718963 0.1045761 0.0845763 0.0720570 0.1029935 0.0763367 
S0407sl    0.0919569 0.0844278 0.0799147 0.1502017 0.0766088 0.1312225 0.0512918 0.0888228 0.0924162 0.1038535 0.0672155 0.1352130 0.1461470 0.0380132 0.1508405 0.0424965 0.0755115 0.1396293 0.0852643 0.0681426 0.0736978 0.0000000 0.0994355 0.0492781 0.0879558 0.1160506 0.1451821 0.0510843 0.1296879 0.1344049 0.1265175 0.1673516 0.0659960 0.0882834 0.0921568 0.0509596 0.1178305 0.0612749 0.0745289 0.1081621 0.1348153 0.1305092 0.0893432 0.1356701 0.0826826 0.0944498 0.0799265 0.0881717 0.1201679 0.1120130 0.0710959 0.1999936 0.0758595 0.0778125 0.0554303 0.1344108 0.1279062 0.1256447 0.1328415 0.1329377 0.0826744 0.1189579 0.1153706 0.0889456 0.2112195 0.1299893 0.1047365 0.1011659 0.1420469 0.0906792 0.1298818 0.0821618 0.1081631 0.1008366 0.1039103 0.1016485 0.1231618 0.0795740 0.0989076 0.0819032 0.0430345 0.0730782 0.0794408 0.1194521 0.0490398 0.0651184 0.1727341 0.1281919 0.1352226 0.0855354 0.1939116 0.1154992 0.0834422 0.0720097 0.0751775 0.1223596 0.0917099 0.0360323 0.0881174 0.0873408 0.0453025 0.1096326 0.0908523 0.1135189 0.0921475 0.0797803 0.0943816 0.0840101 0.0737372 0.0512962 0.0861931 0.0857003 0.0830413 0.0803264 0.0946770 0.0655678 0.0924937 0.1148795 0.0818688 0.1263209 0.0923613 0.0820079 0.1296449 0.0866722 
S0412sl    0.0800877 0.0995703 0.1234664 0.1389475 0.0709835 0.1312707 0.0965974 0.0790536 0.0807006 0.1007954 0.0805428 0.1284476 0.1426292 0.0936592 0.1413678 0.0991441 0.0777221 0.1314616 0.0890909 0.0625948 0.0739524 0.0994355 0.0000000 0.1076183 0.1000565 0.1035626 0.1455981 0.0993993 0.1222589 0.0983489 0.1305794 0.1674999 0.1102415 0.0622063 0.0826447 0.1124568 0.1554675 0.0554133 0.0688702 0.1115851 0.1379122 0.1536958 0.0377435 0.1332808 0.0710797 0.1103373 0.0742399 0.1082600 0.1169360 0.1077429 0.1112400 0.1728794 0.1017593 0.1013354 0.1264400 0.1345427 0.1142143 0.0988471 0.1291094 0.1324398 0.0769729 0.0971177 0.1371659 0.0760014 0.1909881 0.1156371 0.0999729 0.1002005 0.1546550 0.1028833 0.1453346 0.0811524 0.1015619 0.0888242 0.0684862 0.0975863 0.1383285 0.0739144 0.0711984 0.0875654 0.1059469 0.0987845 0.1058647 0.1157270 0.0790091 0.0957257 0.1967030 0.1281312 0.1316005 0.0798096 0.1671774 0.0916507 0.0775697 0.0663501 0.0668576 0.1250567 0.0559831 0.0537012 0.0750773 0.0717976 0.0923292 0.0779398 0.1030880 0.0981151 0.1157213 0.0741053 0.0941558 0.0715781 0.0681391 0.1060498 0.0685400 0.1033256 0.0598052 0.0833519 0.0732142 0.0622284 0.1173078 0.0999516 0.0812080 0.1051284 0.0884503 0.0695094 0.1205490 0.0828172 
S0417      0.0978131 0.0900209 0.1013822 0.1579044 0.0877813 0.1205353 0.0547417 0.0930632 0.1045318 0.1200395 0.0697556 0.1198503 0.1361780 0.0521962 0.1354362 0.0496825 0.0824545 0.1231412 0.0954686 0.0787147 0.0847168 0.0492781 0.1076183 0.0000000 0.0966760 0.1104430 0.1297484 0.0553110 0.1196920 0.1527545 0.1185282 0.1487330 0.0698460 0.0968351 0.1042314 0.0608461 0.1181663 0.0750567 0.0857082 0.1179004 0.1224923 0.1328687 0.1001764 0.1209119 0.0941956 0.1068462 0.0913245 0.1013801 0.1200908 0.1219788 0.0887237 0.1966693 0.0539036 0.0697915 0.0532594 0.1346400 0.1116658 0.1142915 0.1228135 0.1228968 0.0941851 0.1191296 0.1035174 0.0786506 0.1804236 0.1277723 0.0985651 0.0961853 0.1411691 0.0994887 0.1254452 0.0833856 0.1166356 0.0696325 0.1102280 0.1028690 0.1186748 0.0909052 0.0933490 0.0932081 0.0521842 0.0512171 0.0538781 0.1155804 0.0588499 0.0756809 0.1752368 0.1207002 0.1278201 0.0971842 0.1829017 0.1174322 0.0950884 0.0831146 0.0707025 0.1238944 0.0875188 0.0153036 0.0848758 0.0844659 0.0404840 0.1048688 0.0996854 0.1132471 0.0769985 0.0911494 0.0993045 0.0943892 0.0847698 0.0669000 0.0965806 0.0746289 0.0943854 0.0908062 0.1064957 0.0751662 0.0692209 0.1062690 0.0830778 0.1303131 0.0972001 0.0926723 0.1270934 0.0877595 
S0419      0.1010788 0.0119598 0.1285682 0.0852652 0.0912047 0.0832552 0.0995487 0.0848258 0.1081764 0.1172651 0.1165225 0.0945092 0.1109985 0.0973796 0.1118109 0.0874566 0.0804282 0.0977759 0.1042031 0.0822415 0.0879728 0.0879558 0.1000565 0.0966760 0.0000000 0.1156471 0.1023636 0.0952616 0.1176530 0.1202951 0.0874075 0.1226166 0.0978954 0.1032945 0.1046699 0.0946219 0.1495514 0.0620379 0.0891434 0.0499669 0.1030473 0.1266591 0.0949684 0.0987004 0.0976979 0.0071279 0.0948036 0.0096377 0.1142659 0.0530435 0.0985546 0.1414560 0.0997685 0.0956757 0.0966311 0.0995831 0.1194312 0.1219566 0.1278019 0.1278925 0.0976866 0.0601775 0.1070255 0.1035738 0.1532099 0.0974944 0.1069528 0.1008214 0.1416244 0.0023432 0.1289262 0.0826481 0.1134844 0.0673048 0.0971178 0.1104614 0.1286567 0.0943648 0.1081218 0.0960515 0.0945343 0.0967769 0.1038771 0.0824314 0.0834318 0.0946678 0.1377250 0.0904797 0.0930851 0.0912279 0.1330504 0.0881754 0.0986281 0.0830163 0.0867718 0.1287495 0.0976298 0.0426898 0.0995776 0.0865225 0.0918650 0.1096987 0.0023468 0.0549984 0.1212254 0.0946201 0.0997495 0.0710031 0.0881625 0.0983082 0.1077839 0.0910040 0.0887600 0.0913156 0.0836713 0.0700808 0.1248699 0.1141763 0.0902976 0.1296289 0.0557970 0.0750296 0.1398311 0.0881888 
S0427      0.0847519 0.1215268 0.1343517 0.1243862 0.0930800 0.1017260 0.1079191 0.0888756 0.1099367 0.1221013 0.0817104 0.0983127 0.1031097 0.1187195 0.1099249 0.1025494 0.0757794 0.1055891 0.0326120 0.0841885 0.0902547 0.1160506 0.1035626 0.1104430 0.1156471 0.0000000 0.1104036 0.1094132 0.1126883 0.1264852 0.0975179 0.1239488 0.1196476 0.0720289 0.1034178 0.1199408 0.1791989 0.0706185 0.0910533 0.1175723 0.0973084 0.1311150 0.0777260 0.0961583 0.0932093 0.1262422 0.0966602 0.1176788 0.1051259 0.1251648 0.1274670 0.1927441 0.1156755 0.1138151 0.1292003 0.1184126 0.1119468 0.1028262 0.1257792 0.1226972 0.0903123 0.0890972 0.1122400 0.0700509 0.1787672 0.1046999 0.0878983 0.0982001 0.1392662 0.1184888 0.1280630 0.0789691 0.1017674 0.0750181 0.0816909 0.1091422 0.1277967 0.0902104 0.0822073 0.0919348 0.1185211 0.1126777 0.1199595 0.0901683 0.1012122 0.1123975 0.1507267 0.1007787 0.1012742 0.0964360 0.1715627 0.0997968 0.0973109 0.0824760 0.0678814 0.1305691 0.0725366 0.0600153 0.0940712 0.0873941 0.1098227 0.0826351 0.1187268 0.0897520 0.1329544 0.0904509 0.0832366 0.0962783 0.0900623 0.1132601 0.0778138 0.1112088 0.0753811 0.0864156 0.0922800 0.0771924 0.1347747 0.1082574 0.0974364 0.1212356 0.1062715 0.0943655 0.0460690 0.1027150 
S0430      0.1078957 0.1083036 0.1587010 0.1301256 0.1220530 0.0049665 0.1530416 0.1312826 0.1233184 0.1642747 0.1273119 0.0074830 0.0646470 0.1507260 0.0202768 0.1304441 0.1154710 0.0099320 0.1163566 0.1235805 0.1334615 0.1451821 0.1455981 0.1297484 0.1023636 0.1104036 0.0000000 0.1383432 0.1517495 0.1492321 0.0418611 0.0335554 0.1482681 0.1164810 0.1495892 0.1571774 0.1744110 0.1042995 0.1274098 0.1070381 0.0101221 0.1674462 0.1178042 0.0099267 0.1339392 0.1128874 0.1253184 0.1107887 0.1421508 0.1079065 0.1476067 0.1303665 0.1313407 0.1337240 0.1614910 0.0384743 0.1494677 0.1324155 0.1595464 0.1633440 0.1335827 0.1065080 0.1590342 0.1224207 0.1153258 0.0534235 0.1270091 0.1273436 0.1770501 0.1052464 0.1658952 0.1038966 0.1472116 0.0215550 0.1145906 0.1490657 0.1655249 0.1290121 0.1394237 0.1223638 0.1457912 0.1280609 0.1362090 0.0050825 0.1332518 0.1513678 0.0767604 0.0025101 0.0000028 0.1446977 0.1154610 0.1448121 0.1306413 0.1255686 0.1017217 0.1791721 0.1014859 0.0852523 0.1369004 0.1361730 0.1285297 0.1333928 0.1054600 0.1108388 0.1558254 0.1293871 0.1410963 0.1288002 0.1302929 0.1450141 0.1404879 0.1248947 0.1196967 0.1347248 0.1306140 0.1162793 0.1532787 0.1312898 0.1265005 0.1325609 0.1086331 0.1344522 0.1329532 0.1331560 
S0478      0.0992123 0.0887156 0.1026293 0.1553453 0.0775977 0.1327375 0.0573124 0.0856269 0.0936492 0.1083862 0.0687883 0.1367859 0.1460916 0.0636610 0.1526012 0.0566318 0.0843971 0.1370618 0.0916427 0.0690129 0.0746446 0.0510843 0.0993993 0.0553110 0.0952616 0.1094132 0.1383432 0.0000000 0.1255691 0.1430917 0.1279247 0.1583967 0.0716717 0.0982346 0.0933833 0.0568519 0.1304403 0.0708782 0.0754975 0.1161184 0.1355974 0.1374501 0.0834310 0.1372189 0.0777042 0.1052616 0.0809682 0.0998703 0.1140520 0.1201191 0.0810417 0.1989377 0.0618251 0.0750101 0.0645722 0.1360012 0.1174406 0.1155160 0.1286904 0.1287807 0.0837537 0.1202622 0.1156737 0.0835699 0.1820902 0.1350119 0.1106981 0.1043632 0.1419943 0.0980344 0.1302266 0.0789946 0.1114247 0.0817118 0.1114598 0.1057528 0.1234848 0.0806063 0.1031560 0.1011318 0.0540420 0.0591140 0.0651808 0.1244214 0.0464689 0.0652766 0.1985179 0.1255656 0.1326050 0.0866561 0.1928027 0.1120471 0.0845413 0.0758236 0.0820719 0.1233535 0.0903742 0.0255903 0.0941546 0.0904025 0.0593452 0.1111501 0.0982253 0.1147663 0.0831778 0.0808179 0.0983281 0.0870405 0.0746855 0.0657286 0.0901732 0.0771141 0.0900662 0.0863707 0.0921959 0.0741250 0.0776617 0.1044198 0.0849136 0.1150758 0.1062298 0.0789531 0.1227871 0.0898089 
S0552sl    0.0984196 0.1236372 0.1738763 0.1395823 0.1140294 0.1328848 0.1271185 0.0957202 0.1218940 0.1385544 0.1164828 0.1411552 0.1524772 0.1362524 0.1621843 0.1184741 0.0859499 0.1458354 0.1118534 0.1046295 0.1110757 0.1296879 0.1222589 0.1196920 0.1176530 0.1126883 0.1517495 0.1255691 0.0000000 0.1577780 0.1255913 0.1797063 0.1569086 0.1071570 0.1207759 0.1566876 0.1982573 0.0970343 0.1120910 0.1318273 0.1447563 0.1688692 0.1052191 0.1459704 0.1141921 0.1249197 0.1179397 0.1264788 0.0764417 0.1277481 0.1534584 0.2183829 0.1340828 0.1334668 0.1365859 0.1411032 0.0246516 0.0634356 0.0119937 0.0071070 0.1209166 0.1226649 0.1514766 0.0875734 0.2329749 0.1421199 0.0547571 0.0582049 0.1782198 0.1205428 0.1677281 0.0605420 0.1160455 0.1110221 0.1215096 0.1052799 0.1673637 0.1173747 0.1086609 0.0787003 0.1405045 0.1308746 0.1388750 0.1178870 0.1134067 0.1479292 0.1677618 0.1423828 0.1342522 0.1176590 0.1994073 0.0956870 0.1212494 0.0991497 0.0835410 0.1129503 0.0987170 0.0803640 0.0945377 0.0818721 0.1189936 0.1037470 0.1207893 0.1170726 0.1497057 0.1110039 0.0915284 0.0846597 0.1108394 0.1459359 0.1180139 0.1434204 0.1048609 0.1150968 0.0687553 0.0784237 0.1518745 0.0766819 0.0949442 0.1234823 0.1068539 0.0889172 0.1231134 0.0897169 
S0558      0.0965767 0.1262719 0.1362419 0.1606820 0.1019859 0.1390017 0.1338781 0.1171744 0.1128931 0.1282747 0.0690748 0.1431975 0.1630633 0.1196050 0.1641079 0.1194393 0.1013229 0.1478688 0.1216918 0.0929744 0.0957564 0.1344049 0.0983489 0.1527545 0.1202951 0.1264852 0.1492321 0.1430917 0.1577780 0.0000000 0.1453674 0.1971462 0.1418344 0.0862639 0.1125724 0.1432533 0.2252554 0.0706422 0.1000163 0.1254978 0.1431145 0.1767118 0.0936493 0.1479603 0.1085554 0.1311322 0.1056651 0.1224419 0.1559374 0.1297063 0.1665589 0.1757664 0.1540195 0.1552013 0.1508756 0.1497340 0.1598614 0.1498677 0.1648963 0.1689392 0.0991990 0.1149799 0.1593588 0.1204713 0.2256401 0.1487036 0.1300606 0.1450601 0.1896452 0.1231795 0.1714431 0.1085644 0.1351270 0.1326491 0.0967893 0.1381179 0.1710693 0.0990893 0.1065966 0.1290413 0.1419049 0.1507237 0.1591628 0.1268154 0.1268747 0.1283762 0.2043165 0.1368952 0.1395498 0.1054201 0.1700447 0.1508518 0.1032333 0.0882914 0.0864084 0.1651514 0.1004023 0.0976394 0.1260442 0.1121281 0.1391158 0.1112271 0.1234310 0.1162195 0.1698136 0.0993550 0.1233015 0.1019374 0.0989264 0.1191260 0.0869177 0.1374909 0.0902234 0.1231697 0.1237026 0.1037994 0.1706534 0.1439433 0.1229349 0.1583935 0.1217301 0.1000221 0.1549903 0.1291590 
S0616      0.0923380 0.0929476 0.1440427 0.1087449 0.1199999 0.0357751 0.1332681 0.1141297 0.1285461 0.1482384 0.1109184 0.0385872 0.0618859 0.1243295 0.0514580 0.1130702 0.1091426 0.0386390 0.1063316 0.1105443 0.1197656 0.1265175 0.1305794 0.1185282 0.0874075 0.0975179 0.0418611 0.1279247 0.1255913 0.1453674 0.0000000 0.0657430 0.1224847 0.1135120 0.1345636 0.1387145 0.1535257 0.0893405 0.1181069 0.0912480 0.0421097 0.1619191 0.1050744 0.0405126 0.1201708 0.0970217 0.1239679 0.0949458 0.1379321 0.0919379 0.1284947 0.1269010 0.1203837 0.1190079 0.1341538 0.0452226 0.1238443 0.1154194 0.1326453 0.1360751 0.1232495 0.0942726 0.1487152 0.1139784 0.1185595 0.0395921 0.1133160 0.1135905 0.1709355 0.0901086 0.1608544 0.0959373 0.1420302 0.0254530 0.1020670 0.1349661 0.1605119 0.1233727 0.1316427 0.1159593 0.1304621 0.1173291 0.1247991 0.0255915 0.1125117 0.1288550 0.0250161 0.0395291 0.0339837 0.1301412 0.1094018 0.1292285 0.1248651 0.1122209 0.0871715 0.1544673 0.0864187 0.0724194 0.1194749 0.1124542 0.1178445 0.1259359 0.0902791 0.0949638 0.1293511 0.1237158 0.1234461 0.1152381 0.1167917 0.1263872 0.1262875 0.1120876 0.1207395 0.1232918 0.1167570 0.1038060 0.1404158 0.1178352 0.1086084 0.1401107 0.0927820 0.1202922 0.1239607 0.1143090 
