131
PAFTOL_019361 0.0000000 0.2223558 0.1819759 0.1777401 0.2110595 0.1910536 0.1983753 0.1986465 0.2198543 0.2662501 0.2060450 0.2011723 0.2260344 0.2373123 0.2116540 0.2068908 0.1793499 0.2093723 0.2180292 0.2175442 0.2111466 0.1859520 0.1908463 0.1797253 0.2303964 0.1719188 0.1851309 0.2405538 0.2012171 0.2049957 0.1637648 0.2041127 0.2403460 0.2235693 0.2108014 0.2024010 0.2551439 0.1999875 0.1945611 0.1833431 0.2040378 0.1912557 0.1954614 0.2169552 0.1841516 0.2232922 0.2029107 0.1979211 0.1889817 0.1899089 0.1936321 0.1939085 0.1813439 0.1909567 0.2175791 0.1770919 0.1894228 0.2087977 0.2434018 0.2212575 0.2286485 0.2192390 0.2293237 0.2865205 0.1996075 0.1511617 0.2398984 0.2186846 0.2112553 0.2076784 0.2083681 0.1824752 0.1893255 0.1775821 0.1906735 0.2050492 0.2189053 0.2272779 0.2028101 0.2208531 0.1746232 0.1911822 0.2371668 0.2020474 0.1893384 0.1751840 0.1756698 0.2006949 0.1736857 0.2014736 0.2312196 0.2154302 0.2139965 0.1888719 0.2137738 0.2337684 0.2123318 0.1806775 0.1991969 0.2156953 0.2239625 0.2037598 0.1659508 0.2107572 0.2155841 0.2000917 0.2128768 0.1968872 0.1922787 0.2133279 0.1657387 0.1865402 0.2255808 0.2420047 0.2284612 0.1977746 0.2109213 0.1997793 0.2077716 0.2288897 0.2078364 0.2428855 0.2207409 0.1727224 0.2056769 0.1911364 0.1953602 0.1792888 0.2205239 0.2169944 0.1805558 
S0055         0.2223558 0.0000000 0.0433455 0.0756520 0.0566152 0.0372929 0.0633246 0.0640249 0.0609925 0.0561991 0.0546459 0.0747245 0.0662344 0.0652650 0.0689057 0.0506216 0.0489362 0.0529265 0.0508231 0.0522773 0.0528510 0.0352790 0.0410577 0.0569580 0.0548715 0.0524542 0.0410819 0.0722971 0.0534962 0.0544580 0.0506390 0.0524559 0.0784188 0.0759717 0.0548973 0.0369476 0.0628953 0.0688746 0.0529563 0.0651758 0.0342844 0.0356981 0.0589561 0.0565155 0.1124234 0.0544038 0.0485545 0.0408022 0.0320863 0.0318000 0.0341923 0.0625872 0.0592362 0.0488733 0.0489079 0.0596505 0.0585274 0.0337964 0.0484214 0.0581993 0.0546945 0.0566759 0.0706235 0.0729483 0.0472984 0.1017003 0.1069375 0.0767210 0.0625170 0.0509945 0.0524062 0.1197360 0.0410783 0.1036996 0.0547854 0.0699745 0.0546358 0.0741736 0.0482276 0.0634271 0.1261656 0.0355089 0.0489215 0.0511747 0.0485212 0.0572482 0.0573424 0.0548312 0.0530752 0.0675658 0.0663491 0.0546575 0.0700273 0.0336459 0.0697726 0.0491880 0.0647147 0.0357553 0.0408755 0.0317511 0.0630037 0.0318578 0.0379539 0.0592450 0.0712357 0.0730857 0.0391790 0.0356519 0.0625052 0.0513782 0.0501511 0.0318029 0.0636823 0.0641934 0.0508887 0.0442505 0.0707691 0.0430326 0.0527737 0.0594714 0.0447065 0.0554120 0.0545593 0.0613537 0.0558105 0.0265887 0.0907164 0.0283792 0.0413866 0.0610246 0.0285220 
S0196sl       0.1819759 0.0433455 0.0000000 0.0945587 0.0490072 0.0432377 0.0696546 0.0875716 0.0566301 0.0309082 0.0536913 0.0802217 0.0560489 0.0667717 0.0726068 0.0494389 0.0526443 0.0589387 0.0369940 0.0405721 0.0711839 0.0427827 0.0464612 0.0586542 0.0771940 0.0650642 0.0160546 0.0855318 0.0547153 0.0460258 0.0524972 0.0583077 0.1296456 0.0713028 0.0626867 0.0395433 0.0335625 0.0854295 0.0589902 0.0527698 0.0606666 0.0312622 0.0396161 0.0560646 0.1203662 0.0869725 0.0429491 0.0461254 0.0160511 0.0368513 0.0189824 0.0584678 0.0432668 0.0584966 0.0624987 0.0429313 0.0724363 0.0337633 0.0371188 0.0613785 0.0630911 0.0588293 0.0686347 0.0438360 0.0333339 0.0950701 0.0772391 0.0726891 0.0653875 0.0558469 0.0480922 0.1165342 0.0133172 0.1057118 0.0438696 0.0732728 0.0564138 0.0774329 0.0588881 0.0561531 0.1127284 0.0398949 0.0496855 0.0590542 0.0580746 0.0461917 0.0461917 0.0499333 0.0692054 0.0747506 0.0624147 0.0529671 0.0601929 0.0461503 0.0775856 0.0533151 0.0599845 0.0437466 0.0398783 0.0551504 0.0592179 0.0430610 0.0271842 0.0569757 0.0666873 0.0874357 0.0398903 0.0160464 0.0708529 0.0336128 0.0428496 0.0338579 0.0495606 0.0615157 0.0533048 0.0427364 0.0762332 0.0465969 0.0649929 0.0568257 0.0738239 0.0571970 0.0591601 0.0561388 0.0554041 0.0278109 0.1032159 0.0278639 0.0435295 0.0849464 0.0279557 
S0278         0.1777401 0.0756520 0.0945587 0.0000000 0.0970408 0.0768388 0.0758290 0.0463695 0.0930197 0.1145831 0.0979491 0.0548688 0.0947914 0.1007068 0.0438914 0.0838868 0.0488957 0.0930601 0.0998137 0.0888918 0.0750358 0.0790216 0.0750096 0.0514541 0.0940335 0.0474322 0.0670355 0.0954622 0.0501321 0.0798132 0.0512711 0.0748637 0.1232488 0.0921862 0.0495698 0.0853788 0.1237777 0.0437053 0.0730916 0.0760505 0.0740510 0.0718399 0.0892013 0.0905474 0.1390500 0.0881525 0.0773443 0.0773583 0.0690394 0.0750727 0.0778053 0.0675528 0.0810938 0.0710644 0.0848843 0.0744826 0.0673077 0.0709067 0.0819188 0.0790216 0.0864607 0.0795511 0.0860557 0.1466566 0.0889383 0.1157028 0.1294886 0.0818454 0.0901107 0.0691043 0.0711396 0.1447962 0.0630451 0.1296518 0.0548677 0.0841329 0.0842631 0.1078658 0.0799428 0.0822395 0.1417898 0.0795652 0.0957131 0.0939697 0.0413871 0.0718690 0.0719914 0.0824830 0.0565249 0.0419264 0.0971794 0.0900864 0.0869953 0.0793990 0.0919804 0.0868255 0.0862597 0.0801780 0.0836893 0.0899084 0.0930283 0.0755982 0.0522851 0.0890187 0.0999871 0.0493226 0.0881013 0.0690143 0.0568474 0.0908951 0.0623096 0.0710112 0.1015676 0.0950822 0.0884595 0.0893766 0.0528539 0.0799301 0.0752963 0.1041127 0.0903232 0.0827837 0.0925161 0.0721065 0.0853516 0.0625682 0.1120275 0.0646306 0.0776695 0.0878329 0.0590965 
S0281         0.2110595 0.0566152 0.0490072 0.0970408 0.0000000 0.0564867 0.0720346 0.0913956 0.0663538 0.0689999 0.0747207 0.0991546 0.0800738 0.0751748 0.0940473 0.0638864 0.0742499 0.0729404 0.0726639 0.0659502 0.0824095 0.0561382 0.0605802 0.0713785 0.0776712 0.0785578 0.0403999 0.0915782 0.0809234 0.0678668 0.0716745 0.0617318 0.1008104 0.0812967 0.0898123 0.0639225 0.0833262 0.0961020 0.0668286 0.0767822 0.0596097 0.0609505 0.0579124 0.0700244 0.1339695 0.0811072 0.0617008 0.0640945 0.0350633 0.0543290 0.0425301 0.0783803 0.0562511 0.0624966 0.0646366 0.0711838 0.0725853 0.0523726 0.0585341 0.0676014 0.0747634 0.0640580 0.0762867 0.1080580 0.0480226 0.1159591 0.1147087 0.0907190 0.0741958 0.0606198 0.0620814 0.1391704 0.0439948 0.1247920 0.0776571 0.0837176 0.0787334 0.0822486 0.0642161 0.0659878 0.1488390 0.0545848 0.0747355 0.0709765 0.0782743 0.0686487 0.0687626 0.0663207 0.0689403 0.0937904 0.0654077 0.0681187 0.0808493 0.0582082 0.0737043 0.0730055 0.0747019 0.0549816 0.0623617 0.0657178 0.0723276 0.0528432 0.0534452 0.0666214 0.0766850 0.1007816 0.0624217 0.0386049 0.0793464 0.0538723 0.0634694 0.0543339 0.0640902 0.0699722 0.0747090 0.0677203 0.0964187 0.0710426 0.0626284 0.0807705 0.0689373 0.0798867 0.0766026 0.0728879 0.0774303 0.0446351 0.0974963 0.0425263 0.0644619 0.0820299 0.0468071 
S0282         0.1910536 0.0372929 0.0432377 0.0768388 0.0564867 0.0000000 0.0631130 0.0713808 0.0647956 0.0377728 0.0318511 0.0763424 0.0680796 0.0711677 0.0721582 0.0524222 0.0604167 0.0585893 0.0511175 0.0540942 0.0609594 0.0111348 0.0161832 0.0628557 0.0605289 0.0659843 0.0446640 0.0764588 0.0655168 0.0562704 0.0580322 0.0541398 0.0791105 0.0750589 0.0701853 0.0228779 0.0498175 0.0806174 0.0585130 0.0690853 0.0361038 0.0146070 0.0588197 0.0583374 0.1168648 0.0523758 0.0503430 0.0160929 0.0355945 0.0079235 0.0395007 0.0663842 0.0590983 0.0543523 0.0563892 0.0635311 0.0641306 0.0373127 0.0614055 0.0598873 0.0646990 0.0583737 0.0723333 0.0667278 0.0412030 0.1065476 0.1050595 0.0857860 0.0582169 0.0588714 0.0581557 0.1186400 0.0446600 0.1080627 0.0651719 0.0713858 0.0583393 0.0777430 0.0406890 0.0712890 0.1299017 0.0144819 0.0300669 0.0552157 0.0618639 0.0610820 0.0611828 0.0566555 0.0605504 0.0715687 0.0741548 0.0564767 0.0673022 0.0095565 0.0692829 0.0567106 0.0685354 0.0162984 0.0161209 0.0479634 0.0708102 0.0247608 0.0416462 0.0630467 0.0751301 0.0804362 0.0178281 0.0391893 0.0727562 0.0469708 0.0559224 0.0079242 0.0550295 0.0723124 0.0583949 0.0193348 0.0804446 0.0213796 0.0583087 0.0269839 0.0412405 0.0631134 0.0602170 0.0673615 0.0655866 0.0300258 0.0932002 0.0318362 0.0486978 0.0671139 0.0319983 
S0288         0.1983753 0.0633246 0.0696546 0.0758290 0.0720346 0.0631130 0.0000000 0.0744610 0.0771194 0.1107631 0.0738628 0.0609240 0.0052974 0.0402851 0.0786372 0.0026356 0.0637498 0.0636519 0.0668922 0.0139643 0.0704161 0.0529872 0.0631498 0.0671931 0.0817614 0.0566076 0.0396714 0.0852312 0.0550602 0.0053363 0.0533415 0.0563850 0.0898052 0.0489785 0.0644580 0.0598670 0.1382596 0.0825190 0.0742510 0.0708548 0.0637842 0.0611126 0.0561469 0.0053079 0.1189530 0.0703403 0.0079811 0.0626892 0.0336870 0.0498360 0.0334560 0.0501604 0.0464474 0.0743022 0.0591869 0.0645901 0.0704775 0.0530766 0.0241685 0.0697260 0.0604654 0.0569100 0.0704427 0.1523142 0.0524739 0.1128239 0.1176631 0.0597302 0.0561000 0.0576297 0.0585184 0.1317331 0.0396656 0.1155005 0.0577687 0.0712138 0.0638485 0.0632299 0.0698514 0.0671980 0.1363756 0.0566065 0.0887755 0.0477495 0.0703022 0.0639762 0.0641567 0.0053272 0.0745254 0.0791628 0.0434072 0.0053292 0.0026578 0.0630860 0.0539486 0.0610206 0.0740276 0.0567128 0.0699304 0.0736996 0.0787453 0.0602637 0.0440874 0.0640234 0.0801497 0.0847381 0.0702385 0.0396598 0.0706878 0.0559770 0.0551846 0.0531497 0.0559831 0.0782437 0.0706370 0.0692721 0.0711895 0.0706993 0.0742030 0.0829848 0.0627337 0.0649543 0.0600137 0.0639278 0.0494623 0.0497226 0.0775331 0.0399312 0.0673054 0.0765249 0.0436977 
S0289         0.1986465 0.0640249 0.0875716 0.0463695 0.0913956 0.0713808 0.0744610 0.0000000 0.0766367 0.0994043 0.0828844 0.0466694 0.0819999 0.0926991 0.0326573 0.0694151 0.0457260 0.0789032 0.0828942 0.0714129 0.0710775 0.0713709 0.0783394 0.0452094 0.0916717 0.0361999 0.0635298 0.0966693 0.0401745 0.0715295 0.0399102 0.0699063 0.1165842 0.0864508 0.0421938 0.0776329 0.1119151 0.0436895 0.0552785 0.0620088 0.0733328 0.0684957 0.0828900 0.0757933 0.1274910 0.0802223 0.0651288 0.0696489 0.0595663 0.0674605 0.0681039 0.0657944 0.0790541 0.0470816 0.0817909 0.0624055 0.0532869 0.0590619 0.0742077 0.0740139 0.0792996 0.0744120 0.0853130 0.1232499 0.0789830 0.1193405 0.1214294 0.0794645 0.0849920 0.0683887 0.0680665 0.1356171 0.0595500 0.1180805 0.0427602 0.0817383 0.0682317 0.1072857 0.0783612 0.0709885 0.1429287 0.0718632 0.0872941 0.0763240 0.0377267 0.0599397 0.0580725 0.0739423 0.0517825 0.0466024 0.0913464 0.0779670 0.0692296 0.0696487 0.0911490 0.0646145 0.0723645 0.0724133 0.0758848 0.0758239 0.0746159 0.0679311 0.0342127 0.0707032 0.0812381 0.0360487 0.0802769 0.0595445 0.0501523 0.0837099 0.0546932 0.0634534 0.0951705 0.0784748 0.0661000 0.0815976 0.0575488 0.0728542 0.0574201 0.0977780 0.0782197 0.0609173 0.0703575 0.0621401 0.0757338 0.0510289 0.1069692 0.0552906 0.0578940 0.0818267 0.0494761 
S0292         0.2198543 0.0609925 0.0566301 0.0930197 0.0663538 0.0647956 0.0771194 0.0766367 0.0000000 0.0824045 0.0773008 0.0926071 0.0829697 0.0821942 0.0876065 0.0665230 0.0683559 0.0524033 0.0234077 0.0666701 0.0767114 0.0604704 0.0690442 0.0775789 0.0771897 0.0745606 0.0562902 0.0975512 0.0766899 0.0666411 0.0659139 0.0677796 0.1023515 0.0887540 0.0773806 0.0684319 0.0944034 0.0901850 0.0707716 0.0727808 0.0621311 0.0634784 0.0794060 0.0686309 0.1181737 0.0836966 0.0642941 0.0685935 0.0505952 0.0586348 0.0586840 0.0639975 0.0797884 0.0665004 0.0671173 0.0712299 0.0767125 0.0566375 0.0642150 0.0737578 0.0685150 0.0721394 0.0845334 0.1054229 0.0606275 0.1113355 0.1107515 0.0919853 0.0830745 0.0565603 0.0577577 0.1256608 0.0562665 0.1092727 0.0737876 0.0753295 0.0521691 0.0830131 0.0710490 0.0279881 0.1275238 0.0628384 0.0756672 0.0756680 0.0743154 0.0686933 0.0668302 0.0690892 0.0690463 0.0874195 0.0768733 0.0708334 0.0819717 0.0566911 0.0805424 0.0389276 0.0193885 0.0633060 0.0685904 0.0606641 0.0335444 0.0607878 0.0577166 0.0095154 0.0211300 0.0922274 0.0688850 0.0505770 0.0820252 0.0609888 0.0654468 0.0546748 0.0736873 0.0304283 0.0522204 0.0682920 0.0859272 0.0695899 0.0666628 0.0875673 0.0756645 0.0450751 0.0540091 0.0729344 0.0638038 0.0487325 0.0924928 0.0446876 0.0427675 0.0827133 0.0490751 
S0293         0.2662501 0.0561991 0.0309082 0.1145831 0.0689999 0.0377728 0.1107631 0.0994043 0.0824045 0.0000000 0.0501025 0.1075717 0.0777127 0.0788235 0.0850676 0.0616503 0.0784538 0.0649687 0.0498776 0.0564817 0.0876990 0.0373990 0.0350048 0.0764695 0.0797378 0.0809351 0.0587803 0.0942299 0.0839174 0.0674049 0.0812848 0.0672730 0.1229500 0.0797101 0.0956618 0.0405037 0.0238672 0.1159963 0.0715954 0.0828863 0.0544170 0.0322241 0.0626349 0.0678248 0.1356309 0.0824132 0.0582348 0.0404765 0.0497323 0.0318680 0.0532112 0.0911712 0.0729476 0.0713961 0.0685863 0.0726228 0.0954390 0.0433510 0.0602075 0.0702456 0.0815505 0.0674838 0.0838565 0.0362437 0.0593932 0.1127765 0.1082464 0.1242166 0.0709313 0.0752645 0.0647175 0.1318457 0.0557312 0.1212059 0.0801120 0.1010027 0.0687322 0.0928459 0.0493336 0.0792539 0.1270300 0.0318895 0.0405967 0.0680547 0.0836753 0.0726228 0.0726228 0.0686795 0.0925757 0.1019659 0.0712022 0.0651857 0.1127755 0.0404978 0.0862598 0.0720642 0.0897337 0.0384149 0.0289331 0.0677175 0.0852603 0.0346032 0.0579230 0.0828944 0.0932480 0.1182227 0.0346924 0.0497180 0.0895830 0.0661603 0.0721603 0.0289292 0.0837634 0.0888384 0.0752661 0.0373608 0.1098849 0.0408652 0.0778535 0.0498975 0.0667651 0.0729214 0.0745006 0.0865102 0.0772869 0.0375159 0.1168370 0.0404774 0.0621798 0.0868186 0.0406924 
S0294         0.2060450 0.0546459 0.0536913 0.0979491 0.0747207 0.0318511 0.0738628 0.0828844 0.0773008 0.0501025 0.0000000 0.0953073 0.0834327 0.0911920 0.0860643 0.0668882 0.0688095 0.0753892 0.0584267 0.0690858 0.0787306 0.0281126 0.0391176 0.0780909 0.0755736 0.0730052 0.0566962 0.0927115 0.0793635 0.0669584 0.0642397 0.0708018 0.0920318 0.0925802 0.0883740 0.0426944 0.0663678 0.1018118 0.0691531 0.0728984 0.0498193 0.0339281 0.0653605 0.0730299 0.1378545 0.0728430 0.0646448 0.0317647 0.0490799 0.0264831 0.0532972 0.0817178 0.0700422 0.0628287 0.0738685 0.0713684 0.0686144 0.0508663 0.0764670 0.0769044 0.0753527 0.0752667 0.0860164 0.0767753 0.0527236 0.1318146 0.1130429 0.0989132 0.0794816 0.0738805 0.0670329 0.1443086 0.0586290 0.1328442 0.0791372 0.0825330 0.0691216 0.0939015 0.0620509 0.0778409 0.1466837 0.0336221 0.0467976 0.0659947 0.0744400 0.0688250 0.0689395 0.0674250 0.0693086 0.0989433 0.0875878 0.0712245 0.0795893 0.0299149 0.0869016 0.0694097 0.0771914 0.0357765 0.0353081 0.0637174 0.0843369 0.0447835 0.0562979 0.0711912 0.0840406 0.0900380 0.0372576 0.0490621 0.0889444 0.0549004 0.0679395 0.0264399 0.0693666 0.0840276 0.0752586 0.0351484 0.1015750 0.0412596 0.0669401 0.0513398 0.0570421 0.0784134 0.0792579 0.0752535 0.0766303 0.0431195 0.0991266 0.0450425 0.0669511 0.0824610 0.0452858 
S0299         0.2011723 0.0747245 0.0802217 0.0548688 0.0991546 0.0763424 0.0609240 0.0466694 0.0926071 0.1075717 0.0953073 0.0000000 0.0879855 0.0985014 0.0368272 0.0770731 0.0441379 0.0949338 0.0816417 0.0812132 0.0776415 0.0763583 0.0856701 0.0406138 0.0956827 0.0476323 0.0662907 0.0991881 0.0464746 0.0729705 0.0479085 0.0791046 0.1372338 0.0875174 0.0405178 0.0802615 0.1136707 0.0421751 0.0701195 0.0690998 0.0846132 0.0713861 0.0859019 0.0835601 0.1366252 0.0945982 0.0725924 0.0808797 0.0703799 0.0742786 0.0751294 0.0709916 0.0757829 0.0612940 0.0848482 0.0674943 0.0639368 0.0657407 0.0848801 0.0855065 0.0910777 0.0836840 0.0885561 0.1328991 0.0840898 0.1174768 0.1290218 0.0780997 0.0925478 0.0817805 0.0817595 0.1374117 0.0622365 0.1246922 0.0560017 0.0907085 0.0816509 0.1083685 0.0810414 0.0975976 0.1395508 0.0789716 0.0945153 0.0886743 0.0399875 0.0649255 0.0650375 0.0756006 0.0647078 0.0467292 0.0902963 0.0859730 0.0736770 0.0787481 0.0945379 0.0821049 0.0816588 0.0795911 0.0850808 0.0847807 0.0928637 0.0722830 0.0469638 0.0821187 0.0997836 0.0460770 0.0876530 0.0703539 0.0436563 0.0909335 0.0575530 0.0701468 0.0982049 0.0943228 0.0874623 0.0804903 0.0406783 0.0822200 0.0705104 0.1006323 0.0966865 0.0827268 0.0922313 0.0630166 0.0769464 0.0574380 0.1053988 0.0618678 0.0765620 0.0912831 0.0538481 
S0303         0.2260344 0.0662344 0.0560489 0.0947914 0.0800738 0.0680796 0.0052974 0.0819999 0.0829697 0.0777127 0.0834327 0.0879855 0.0000000 0.0581985 0.0875261 0.0228052 0.0707911 0.0783080 0.0639277 0.0218363 0.0843956 0.0656828 0.0723363 0.0732911 0.0796072 0.0784272 0.0482660 0.1095915 0.0695946 0.0161244 0.0682496 0.0676181 0.1227447 0.0667313 0.0770477 0.0677336 0.0856067 0.1008181 0.0728212 0.0772003 0.0734497 0.0569937 0.0704565 0.0280106 0.1383000 0.0912863 0.0177134 0.0718683 0.0501270 0.0580632 0.0520787 0.0662605 0.0608829 0.0703065 0.0619289 0.0694175 0.0745212 0.0599291 0.0273696 0.0735772 0.0765910 0.0700957 0.0763161 0.1068833 0.0701985 0.1202457 0.1051603 0.0783206 0.0677534 0.0607605 0.0619648 0.1486175 0.0482617 0.1314416 0.0730865 0.0842678 0.0745742 0.0813538 0.0763979 0.0792959 0.1411659 0.0621996 0.0896064 0.0589643 0.0781458 0.0690260 0.0691419 0.0162289 0.0728490 0.0913117 0.0636369 0.0161780 0.0187861 0.0679177 0.0648589 0.0689748 0.0751537 0.0606946 0.0719971 0.0820278 0.0809618 0.0662392 0.0495403 0.0770920 0.0915935 0.0985760 0.0742110 0.0538658 0.0706271 0.0725803 0.0658152 0.0619135 0.0724749 0.0869057 0.0786958 0.0755295 0.0896750 0.0749675 0.0766307 0.0777888 0.0829583 0.0675761 0.0718936 0.0732875 0.0654227 0.0520060 0.1017101 0.0479387 0.0683493 0.0989160 0.0486193 
S0308         0.2373123 0.0652650 0.0667717 0.1007068 0.0751748 0.0711677 0.0402851 0.0926991 0.0821942 0.0788235 0.0911920 0.0985014 0.0581985 0.0000000 0.0903706 0.0429200 0.0800308 0.0712201 0.0733674 0.0463525 0.0851175 0.0647143 0.0713604 0.0870669 0.0911020 0.0807848 0.0624118 0.0992668 0.0814024 0.0485062 0.0753855 0.0706560 0.1216811 0.0672929 0.0841055 0.0748588 0.1040600 0.1002621 0.0864070 0.0926257 0.0624375 0.0719276 0.0777751 0.0486357 0.1412576 0.0886152 0.0391112 0.0709692 0.0527717 0.0648458 0.0586369 0.0815803 0.0781432 0.0816813 0.0545947 0.0917986 0.0924650 0.0627998 0.0401699 0.0767480 0.0737677 0.0752553 0.0879545 0.1155417 0.0734570 0.1274536 0.1279367 0.0767576 0.0688371 0.0617202 0.0625801 0.1492973 0.0585059 0.1318241 0.0835781 0.0787562 0.0731294 0.0762718 0.0839833 0.0743050 0.1536884 0.0691689 0.0889121 0.0678903 0.0814395 0.0889517 0.0891067 0.0467873 0.0863383 0.0951085 0.0564428 0.0468956 0.0529305 0.0709956 0.0598649 0.0719486 0.0887473 0.0696913 0.0710216 0.0792962 0.0781682 0.0673808 0.0672046 0.0803970 0.0952300 0.1023954 0.0733365 0.0527526 0.0939682 0.0759122 0.0836068 0.0648516 0.0873130 0.0797123 0.0797330 0.0787670 0.0869373 0.0740939 0.0841055 0.0951067 0.0800931 0.0746899 0.0768786 0.0887967 0.0724173 0.0546922 0.1124498 0.0505205 0.0692350 0.0889126 0.0550811 
S0320         0.2116540 0.0689057 0.0726068 0.0438914 0.0940473 0.0721582 0.0786372 0.0326573 0.0876065 0.0850676 0.0860643 0.0368272 0.0875261 0.0903706 0.0000000 0.0748445 0.0472298 0.0858468 0.0899479 0.0794323 0.0717660 0.0721483 0.0749251 0.0437431 0.0837378 0.0375219 0.0624596 0.0943967 0.0436998 0.0708874 0.0451201 0.0747616 0.1167404 0.0849770 0.0359373 0.0783286 0.1009772 0.0397058 0.0707053 0.0631948 0.0741027 0.0653148 0.0861766 0.0811198 0.1305895 0.0788498 0.0685338 0.0724638 0.0644230 0.0682905 0.0689321 0.0669135 0.0758266 0.0620258 0.0824598 0.0661061 0.0586740 0.0662594 0.0728499 0.0809229 0.0840273 0.0792892 0.0838178 0.1274845 0.0774564 0.1097539 0.1254782 0.0904189 0.0855880 0.0732807 0.0707188 0.1361618 0.0585512 0.1214098 0.0485233 0.0866352 0.0731050 0.1075391 0.0749636 0.0819664 0.1382303 0.0701782 0.0812299 0.0754721 0.0375992 0.0636052 0.0637123 0.0711160 0.0590893 0.0461989 0.0876214 0.0834681 0.0863835 0.0704515 0.0873667 0.0796674 0.0791531 0.0731865 0.0744289 0.0847720 0.0837530 0.0726569 0.0438422 0.0816436 0.0924805 0.0377906 0.0809411 0.0643997 0.0487704 0.0820788 0.0563867 0.0642159 0.0958350 0.0876890 0.0829400 0.0781641 0.0450094 0.0736254 0.0684902 0.0982259 0.0830291 0.0778608 0.0875138 0.0638146 0.0787839 0.0581104 0.1026415 0.0601285 0.0724452 0.0819986 0.0546807 
S0322         0.2068908 0.0506216 0.0494389 0.0838868 0.0638864 0.0524222 0.0026356 0.0694151 0.0665230 0.0616503 0.0668882 0.0770731 0.0228052 0.0429200 0.0748445 0.0000000 0.0626143 0.0621581 0.0501272 0.0065187 0.0735123 0.0465068 0.0564365 0.0630263 0.0753493 0.0661615 0.0444282 0.0872262 0.0611371 0.0127919 0.0563527 0.0483351 0.1084349 0.0531396 0.0647346 0.0521537 0.0818833 0.0834418 0.0606751 0.0688624 0.0573461 0.0529604 0.0546288 0.0047246 0.1238066 0.0765861 0.0078966 0.0522785 0.0354067 0.0429050 0.0335335 0.0582643 0.0529824 0.0583232 0.0498928 0.0612302 0.0663032 0.0446973 0.0275077 0.0539706 0.0565719 0.0524494 0.0641523 0.0897166 0.0544162 0.1106339 0.1003563 0.0577951 0.0484050 0.0471971 0.0481128 0.1313498 0.0444243 0.1148681 0.0603804 0.0654130 0.0585153 0.0668871 0.0681511 0.0629330 0.1383344 0.0468000 0.0728192 0.0472890 0.0659238 0.0608877 0.0609880 0.0128750 0.0626788 0.0804967 0.0463332 0.0128344 0.0138430 0.0522995 0.0529731 0.0531013 0.0708569 0.0471335 0.0561782 0.0618910 0.0606893 0.0506306 0.0435239 0.0608530 0.0747252 0.0854693 0.0582558 0.0389825 0.0688111 0.0566203 0.0576644 0.0465866 0.0670820 0.0679675 0.0624714 0.0596396 0.0769088 0.0549613 0.0604965 0.0742414 0.0685889 0.0516372 0.0599162 0.0650263 0.0500260 0.0371974 0.0883985 0.0334022 0.0526275 0.0774471 0.0374521 
S0327         0.1793499 0.0489362 0.0526443 0.0488957 0.0742499 0.0604167 0.0637498 0.0457260 0.0683559 0.0784538 0.0688095 0.0441379 0.0707911 0.0800308 0.0472298 0.0626143 0.0000000 0.0669021 0.0660766 0.0643798 0.0532818 0.0560819 0.0645732 0.0304198 0.0716016 0.0282999 0.0432488 0.0768715 0.0225789 0.0587829 0.0230569 0.0664698 0.1032760 0.0763086 0.0339405 0.0598431 0.0797054 0.0430767 0.0428645 0.0547211 0.0553919 0.0473783 0.0689061 0.0687827 0.1220551 0.0729726 0.0565654 0.0564039 0.0488328 0.0543809 0.0568851 0.0587988 0.0632449 0.0410526 0.0714752 0.0531530 0.0470462 0.0484268 0.0646926 0.0684855 0.0668600 0.0709777 0.0772913 0.1009127 0.0646720 0.1018633 0.1060886 0.0743778 0.0724278 0.0564680 0.0561179 0.1274368 0.0395599 0.1104226 0.0400092 0.0761680 0.0609618 0.0915544 0.0603792 0.0669271 0.1243871 0.0584931 0.0733269 0.0692492 0.0299131 0.0508578 0.0509404 0.0611566 0.0414488 0.0393520 0.0747677 0.0708825 0.0707903 0.0583784 0.0784976 0.0651937 0.0584426 0.0589218 0.0603786 0.0639370 0.0690036 0.0544870 0.0300559 0.0647257 0.0768172 0.0428758 0.0664296 0.0488151 0.0328114 0.0665173 0.0418369 0.0505897 0.0821097 0.0747271 0.0669207 0.0677866 0.0372967 0.0612481 0.0527092 0.0851048 0.0730290 0.0655954 0.0727999 0.0487803 0.0661911 0.0408216 0.0913534 0.0448165 0.0568767 0.0653380 0.0374761 
S0335         0.2093723 0.0529265 0.0589387 0.0930601 0.0729404 0.0585893 0.0636519 0.0789032 0.0524033 0.0649687 0.0753892 0.0949338 0.0783080 0.0712201 0.0858468 0.0621581 0.0669021 0.0000000 0.0232809 0.0664681 0.0718758 0.0562947 0.0588054 0.0817702 0.0819514 0.0681282 0.0583824 0.0834929 0.0679527 0.0661294 0.0684298 0.0600636 0.1116424 0.0841494 0.0775188 0.0660984 0.0790840 0.0948058 0.0730870 0.0866631 0.0556243 0.0611679 0.0775202 0.0682795 0.1232710 0.0833995 0.0599831 0.0662542 0.0488716 0.0564064 0.0546511 0.0700890 0.0799221 0.0686365 0.0674467 0.0851093 0.0768483 0.0524632 0.0643300 0.0698603 0.0689473 0.0644201 0.0786710 0.1029254 0.0631402 0.1176373 0.1226508 0.0871386 0.0791523 0.0630359 0.0623971 0.1308818 0.0583771 0.1142493 0.0811927 0.0803858 0.0424916 0.0896478 0.0707026 0.0565787 0.1376899 0.0605557 0.0754566 0.0697526 0.0724496 0.0823568 0.0804208 0.0665849 0.0709543 0.0897753 0.0727797 0.0663753 0.0733720 0.0584698 0.0807555 0.0335022 0.0538693 0.0610019 0.0600535 0.0662165 0.0582352 0.0563595 0.0560222 0.0506937 0.0622394 0.0945884 0.0685519 0.0526398 0.0883996 0.0635202 0.0770414 0.0564114 0.0764271 0.0614945 0.0351338 0.0639244 0.0860119 0.0692500 0.0747353 0.0831319 0.0711374 0.0391807 0.0127940 0.0868520 0.0676749 0.0447133 0.0978287 0.0410873 0.0263138 0.0736862 0.0450241 
S0345         0.2180292 0.0508231 0.0369940 0.0998137 0.0726639 0.0511175 0.0668922 0.0828942 0.0234077 0.0498776 0.0584267 0.0816417 0.0639277 0.0733674 0.0899479 0.0501272 0.0660766 0.0232809 0.0000000 0.0428153 0.0643533 0.0436475 0.0577062 0.0660981 0.1044293 0.0511312 0.0436684 0.0793053 0.0502508 0.0501272 0.0579549 0.0709136 0.1237640 0.0573189 0.0680618 0.0431171 0.0434019 0.0739509 0.1026676 0.0753595 0.0736556 0.0382114 0.0436723 0.0646454 0.1386685 0.0796937 0.0434171 0.0571785 0.0370594 0.0503818 0.0370594 0.0866478 0.0518277 0.1041544 0.0795885 0.0590626 0.1224186 0.0572283 0.3832629 0.0929017 0.0736939 0.0709993 0.0870267 0.0510486 0.0571876 0.1136166 0.0982081 0.0646240 0.0708143 0.0831118 0.0551670 0.1388529 0.0370594 0.1244733 0.0593136 0.0986138 0.0300963 0.0717931 0.0646403 0.0360808 0.1386685 0.0436475 0.0511960 0.0785959 0.0576803 0.0668853 0.0668853 0.0511733 0.1149211 0.1038530 0.0582232 0.0726477 0.0569518 0.0442793 0.0750921 0.0113564 0.0174026 0.0447835 0.0642445 0.0503919 0.0365831 0.0507623 0.0436534 0.0176138 0.0297839 0.1097514 0.0507297 0.0370594 0.0706166 0.0580732 0.0587948 0.0436475 0.0572060 0.0301635 0.0298124 0.0571103 0.0833992 0.0579391 0.1043991 0.0503983 0.0796937 0.0297674 0.0296253 0.0915452 0.0440176 0.0434213 0.1060907 0.0370444 0.0236420 0.0934292 0.0367885 
S0355         0.2175442 0.0522773 0.0405721 0.0888918 0.0659502 0.0540942 0.0139643 0.0714129 0.0666701 0.0564817 0.0690858 0.0812132 0.0218363 0.0463525 0.0794323 0.0065187 0.0643798 0.0664681 0.0428153 0.0000000 0.0800849 0.0498917 0.0582514 0.0648158 0.0778569 0.0680256 0.0458181 0.0924398 0.0558164 0.0115185 0.0579177 0.0517051 0.1100906 0.0569648 0.0689555 0.0538103 0.0657459 0.0855176 0.0603772 0.0687691 0.0611387 0.0546669 0.0540628 0.0115428 0.1230508 0.0812249 0.0081583 0.0558949 0.0365024 0.0442529 0.0366256 0.0601402 0.0545673 0.0579698 0.0476840 0.0564477 0.0684637 0.0441106 0.0263350 0.0576488 0.0583971 0.0560904 0.0682697 0.0808672 0.0561592 0.1095309 0.0990186 0.0682387 0.0499872 0.0487066 0.0474026 0.1284016 0.0458140 0.1138900 0.0640648 0.0656280 0.0624109 0.0691370 0.0703718 0.0649928 0.1354904 0.0462632 0.0728266 0.0427550 0.0677747 0.0605944 0.0606974 0.0116124 0.0666311 0.0828629 0.0497356 0.0115755 0.0242571 0.0539637 0.0526994 0.0548165 0.0731921 0.0466019 0.0579763 0.0617453 0.0646906 0.0522456 0.0466039 0.0628366 0.0751179 0.0879636 0.0579015 0.0401941 0.0708297 0.0584476 0.0572871 0.0480562 0.0692923 0.0721945 0.0644996 0.0615450 0.0815854 0.0543998 0.0624565 0.0744307 0.0684898 0.0533160 0.0641066 0.0648357 0.0535372 0.0364277 0.0892234 0.0344266 0.0543124 0.0821714 0.0347638 
S0376         0.2111466 0.0528510 0.0711839 0.0750358 0.0824095 0.0609594 0.0704161 0.0710775 0.0767114 0.0876990 0.0787306 0.0776415 0.0843956 0.0851175 0.0717660 0.0735123 0.0532818 0.0718758 0.0643533 0.0800849 0.0000000 0.0585705 0.0589436 0.0680353 0.0747784 0.0649670 0.0526904 0.0391318 0.0647276 0.0694139 0.0610018 0.0692057 0.1141340 0.0861796 0.0699008 0.0684603 0.0855393 0.0681484 0.0675140 0.0808329 0.0555547 0.0534872 0.0721648 0.0801397 0.1270611 0.0755929 0.0690536 0.0608001 0.0527052 0.0565737 0.0611792 0.0678019 0.0684672 0.0652503 0.0717519 0.0798617 0.0695452 0.0526723 0.0777214 0.0734350 0.0766189 0.0738090 0.0784086 0.1158655 0.0678404 0.1104254 0.1119951 0.0770540 0.0760198 0.0702851 0.0652149 0.1350832 0.0487629 0.1175813 0.0763204 0.0930145 0.0715996 0.0967720 0.0608948 0.0816200 0.1371623 0.0609806 0.0766131 0.0769449 0.0566940 0.0770755 0.0772126 0.0675634 0.0615803 0.0755417 0.0846214 0.0823800 0.0785426 0.0568082 0.0838647 0.0697905 0.0700851 0.0614505 0.0629509 0.0585121 0.0831855 0.0507733 0.0458690 0.0748600 0.0879406 0.0789388 0.0692901 0.0526854 0.0743121 0.0723331 0.0692322 0.0527080 0.0791761 0.0824912 0.0716811 0.0665963 0.0764821 0.0720983 0.0674851 0.0839492 0.0692635 0.0745709 0.0735756 0.0816656 0.0669381 0.0446232 0.0836982 0.0427824 0.0631591 0.0274301 0.0429633 
S0400         0.1859520 0.0352790 0.0427827 0.0790216 0.0561382 0.0111348 0.0529872 0.0713709 0.0604704 0.0373990 0.0281126 0.0763583 0.0656828 0.0647143 0.0721483 0.0465068 0.0560819 0.0562947 0.0436475 0.0498917 0.0585705 0.0000000 0.0177447 0.0604958 0.0582107 0.0636149 0.0425606 0.0760937 0.0651073 0.0540175 0.0537719 0.0501543 0.0742856 0.0686757 0.0701757 0.0210574 0.0493161 0.0765284 0.0562207 0.0646681 0.0340719 0.0128699 0.0565137 0.0522754 0.1183257 0.0501710 0.0481694 0.0143576 0.0335967 0.0062840 0.0374428 0.0639968 0.0567792 0.0521202 0.0582608 0.0591846 0.0617785 0.0352984 0.0612055 0.0558135 0.0623224 0.0542979 0.0680358 0.0660628 0.0373314 0.1080671 0.1066238 0.0763626 0.0600341 0.0565619 0.0558103 0.1200927 0.0425569 0.1095436 0.0626594 0.0713759 0.0560560 0.0796676 0.0386455 0.0666957 0.1266693 0.0127607 0.0281443 0.0529426 0.0595496 0.0568053 0.0568984 0.0543844 0.0563228 0.0715588 0.0677159 0.0542137 0.0612754 0.0111107 0.0711723 0.0544364 0.0641576 0.0145399 0.0143829 0.0422169 0.0644184 0.0229058 0.0394705 0.0587383 0.0706104 0.0804251 0.0160654 0.0371499 0.0702171 0.0429828 0.0516866 0.0062846 0.0528388 0.0699063 0.0599518 0.0175697 0.0804335 0.0195607 0.0560265 0.0303799 0.0391660 0.0607444 0.0617695 0.0629591 0.0594050 0.0281060 0.0904357 0.0298930 0.0502607 0.0646952 0.0300431 
S0405         0.1908463 0.0410577 0.0464612 0.0750096 0.0605802 0.0161832 0.0631498 0.0783394 0.0690442 0.0350048 0.0391176 0.0856701 0.0723363 0.0713604 0.0749251 0.0564365 0.0645732 0.0588054 0.0577062 0.0582514 0.0589436 0.0177447 0.0000000 0.0651976 0.0607523 0.0680912 0.0485434 0.0809704 0.0720811 0.0603452 0.0621235 0.0563498 0.0746216 0.0793744 0.0770054 0.0298364 0.0529563 0.0813477 0.0606878 0.0734157 0.0305732 0.0214025 0.0629737 0.0624517 0.1194710 0.0540737 0.0543132 0.0228507 0.0393415 0.0144640 0.0433328 0.0647625 0.0632740 0.0583995 0.0565509 0.0678019 0.0683328 0.0410780 0.0645992 0.0603075 0.0689432 0.0606450 0.0747661 0.0699917 0.0450354 0.1091286 0.1100666 0.0860516 0.0705312 0.0611666 0.0602314 0.1212535 0.0485391 0.1105961 0.0673000 0.0757038 0.0605073 0.0800540 0.0408315 0.0735160 0.1279184 0.0212159 0.0372797 0.0554195 0.0660124 0.0652895 0.0653990 0.0586696 0.0647202 0.0785416 0.0744349 0.0605682 0.0731046 0.0194860 0.0674555 0.0608202 0.0728277 0.0213862 0.0195116 0.0518644 0.0751483 0.0283152 0.0457133 0.0672827 0.0795497 0.0875542 0.0246586 0.0429883 0.0752714 0.0509039 0.0601006 0.0144653 0.0572283 0.0767575 0.0625129 0.0261460 0.0875599 0.0283613 0.0624224 0.0360853 0.0410795 0.0673561 0.0643563 0.0716807 0.0697817 0.0336655 0.0915587 0.0355062 0.0526599 0.0714172 0.0356906 
S0407sl       0.1797253 0.0569580 0.0586542 0.0514541 0.0713785 0.0628557 0.0671931 0.0452094 0.0775789 0.0764695 0.0780909 0.0406138 0.0732911 0.0870669 0.0437431 0.0630263 0.0304198 0.0817702 0.0660981 0.0648158 0.0680353 0.0604958 0.0651976 0.0000000 0.0784119 0.0355531 0.0529628 0.0862423 0.0337774 0.0650859 0.0339793 0.0605956 0.1119925 0.0769385 0.0380182 0.0622535 0.0877463 0.0430581 0.0490985 0.0531501 0.0660105 0.0556374 0.0693676 0.0692428 0.1231807 0.0735784 0.0588579 0.0588492 0.0529548 0.0567270 0.0572558 0.0566623 0.0676768 0.0431721 0.0741794 0.0496506 0.0549978 0.0525126 0.0736107 0.0645773 0.0714579 0.0649983 0.0711889 0.0991803 0.0695259 0.1036934 0.1129309 0.0787962 0.0775881 0.0571006 0.0585332 0.1286226 0.0491459 0.1141571 0.0444276 0.0762521 0.0692557 0.0945157 0.0628435 0.0760965 0.1311750 0.0609049 0.0779999 0.0676835 0.0336382 0.0473855 0.0474633 0.0633786 0.0513037 0.0439673 0.0769841 0.0713583 0.0599882 0.0627044 0.0833666 0.0696300 0.0712048 0.0593759 0.0648211 0.0723619 0.0730573 0.0568580 0.0321237 0.0717075 0.0821377 0.0428878 0.0689576 0.0529355 0.0099014 0.0760448 0.0422621 0.0528837 0.0874776 0.0794180 0.0713915 0.0703121 0.0490281 0.0617296 0.0549958 0.0879699 0.0798177 0.0677366 0.0773502 0.0494414 0.0682209 0.0426466 0.0920010 0.0488444 0.0631375 0.0762607 0.0432058 
S0412sl       0.2303964 0.0548715 0.0771940 0.0940335 0.0776712 0.0605289 0.0817614 0.0916717 0.0771897 0.0797378 0.0755736 0.0956827 0.0796072 0.0911020 0.0837378 0.0753493 0.0716016 0.0819514 0.1044293 0.0778569 0.0747784 0.0582107 0.0607523 0.0784119 0.0000000 0.0813613 0.0549873 0.1023813 0.0796951 0.0693671 0.0710168 0.0812949 0.0672202 0.0873253 0.0865900 0.0641241 0.0905585 0.0954821 0.0657050 0.0851277 0.0421594 0.0533293 0.0801488 0.0818208 0.1406778 0.0446629 0.0708861 0.0603617 0.0588641 0.0544820 0.0633052 0.0820739 0.0680445 0.0632153 0.0719757 0.0793331 0.0673556 0.0568145 0.0791952 0.0875832 0.0886538 0.0861137 0.0927558 0.1264016 0.0637395 0.1279632 0.1233776 0.0934538 0.0924833 0.0803744 0.0732512 0.1486784 0.0588428 0.1312868 0.0882969 0.0948258 0.0795452 0.0988128 0.0607614 0.0839993 0.1483728 0.0547392 0.0734279 0.0655932 0.0750760 0.0766375 0.0767697 0.0698532 0.0597591 0.0813163 0.0797041 0.0776660 0.0861106 0.0563744 0.0792146 0.0772974 0.0708302 0.0530114 0.0604706 0.0623423 0.0912067 0.0528446 0.0561869 0.0775040 0.0879533 0.0931945 0.0626197 0.0588428 0.0893174 0.0701473 0.0713010 0.0544869 0.0813738 0.0853388 0.0816883 0.0600992 0.0932295 0.0691375 0.0653681 0.0852652 0.0488059 0.0850801 0.0855971 0.0765087 0.0810610 0.0488837 0.0965116 0.0508508 0.0711459 0.0852409 0.0454813 
S0417         0.1719188 0.0524542 0.0650642 0.0474322 0.0785578 0.0659843 0.0566076 0.0361999 0.0745606 0.0809351 0.0730052 0.0476323 0.0784272 0.0807848 0.0375219 0.0661615 0.0282999 0.0681282 0.0511312 0.0680256 0.0649670 0.0636149 0.0680912 0.0355531 0.0813613 0.0000000 0.0504188 0.0890389 0.0206446 0.0623178 0.0335564 0.0660858 0.1079668 0.0820955 0.0393738 0.0653593 0.0890377 0.0446744 0.0579113 0.0586494 0.0591215 0.0568681 0.0745238 0.0723677 0.1190748 0.0725032 0.0600746 0.0638903 0.0523016 0.0598614 0.0584631 0.0584603 0.0668283 0.0518512 0.0749767 0.0570852 0.0542882 0.0518697 0.0755216 0.0720558 0.0710408 0.0705635 0.0747880 0.1108303 0.0686362 0.0989694 0.1145021 0.0710221 0.0827066 0.0606775 0.0582095 0.1242457 0.0466736 0.1123313 0.0401038 0.0778142 0.0600544 0.1020589 0.0561681 0.0690633 0.1281943 0.0640413 0.0790389 0.0707085 0.0297733 0.0547367 0.0548266 0.0647230 0.0508671 0.0490668 0.0824631 0.0744804 0.0673930 0.0619400 0.0821449 0.0643775 0.0639688 0.0645134 0.0677742 0.0675147 0.0725970 0.0561515 0.0317339 0.0687923 0.0790189 0.0484880 0.0720731 0.0522828 0.0401603 0.0730722 0.0477039 0.0560285 0.0863170 0.0763032 0.0700285 0.0733989 0.0505836 0.0648994 0.0600329 0.0910933 0.0765970 0.0649816 0.0718901 0.0549139 0.0699912 0.0442126 0.0970810 0.0482488 0.0600009 0.0729555 0.0408734 
S0419         0.1851309 0.0410819 0.0160546 0.0670355 0.0403999 0.0446640 0.0396714 0.0635298 0.0562902 0.0587803 0.0566962 0.0662907 0.0482660 0.0624118 0.0624596 0.0444282 0.0432488 0.0583824 0.0436684 0.0458181 0.0526904 0.0425606 0.0485434 0.0529628 0.0549873 0.0504188 0.0000000 0.0782954 0.0472810 0.0372236 0.0410985 0.0480241 0.0923783 0.0669590 0.0528231 0.0518348 0.0627648 0.0706587 0.0488658 0.0487134 0.0418087 0.0359232 0.0442925 0.0501308 0.1119142 0.0564351 0.0388441 0.0482382 0.0110647 0.0390123 0.0177065 0.0447949 0.0390435 0.0429722 0.0520596 0.0471466 0.0449050 0.0336134 0.0451316 0.0536233 0.0504556 0.0521094 0.0579551 0.0931179 0.0332088 0.0921291 0.0839960 0.0553733 0.0635299 0.0486913 0.0478094 0.1191916 0.0062722 0.1032297 0.0417768 0.0587202 0.0505476 0.0670591 0.0523108 0.0525555 0.1140186 0.0428400 0.0644187 0.0470112 0.0502371 0.0449387 0.0450118 0.0392869 0.0433348 0.0636716 0.0577047 0.0483204 0.0494176 0.0426745 0.0589026 0.0489070 0.0489622 0.0431414 0.0483250 0.0520247 0.0544293 0.0429060 0.0262500 0.0527020 0.0623407 0.0704999 0.0503272 0.0142999 0.0623244 0.0351382 0.0380526 0.0390159 0.0445512 0.0575785 0.0543743 0.0517359 0.0665367 0.0546197 0.0505036 0.0675741 0.0526471 0.0550884 0.0561770 0.0450839 0.0479302 0.0264482 0.0794993 0.0228622 0.0448222 0.0628318 0.0248989 
S0427         0.2405538 0.0722971 0.0855318 0.0954622 0.0915782 0.0764588 0.0852312 0.0966693 0.0975512 0.0942299 0.0927115 0.0991881 0.1095915 0.0992668 0.0943967 0.0872262 0.0768715 0.0834929 0.0793053 0.0924398 0.0391318 0.0760937 0.0809704 0.0862423 0.1023813 0.0890389 0.0782954 0.0000000 0.0924644 0.0959905 0.0766227 0.0801743 0.1425185 0.1047951 0.0946291 0.0796170 0.1136200 0.0995429 0.0835998 0.0994673 0.0753104 0.0816286 0.0841519 0.0940385 0.1493030 0.0967807 0.0847391 0.0743274 0.0680260 0.0721149 0.0768791 0.0946529 0.0889327 0.0810644 0.0912219 0.1032403 0.0851544 0.0679844 0.0972823 0.0842904 0.0950834 0.0850271 0.0982866 0.1216004 0.0817051 0.1376497 0.1269489 0.1031802 0.0902252 0.0840732 0.0809382 0.1576360 0.0741299 0.1395688 0.0995153 0.1073884 0.0941156 0.1167832 0.0824338 0.1021297 0.1653828 0.0766238 0.0896742 0.0954108 0.0825329 0.1001818 0.1003624 0.0941105 0.0859983 0.0986655 0.0960007 0.0939334 0.0955209 0.0784984 0.1055086 0.0924366 0.1016660 0.0772206 0.0786420 0.0775756 0.1034683 0.0660468 0.0633065 0.0956913 0.1093165 0.1043189 0.0805749 0.0680010 0.0977497 0.0864391 0.0921850 0.0680286 0.1030532 0.1061275 0.0897016 0.0802613 0.0935184 0.0860843 0.0812677 0.1033947 0.0946790 0.0956268 0.0874664 0.1050428 0.0932599 0.0596064 0.1170123 0.0577185 0.0808409 0.0247235 0.0620402 
S0428sl       0.2012171 0.0534962 0.0547153 0.0501321 0.0809234 0.0655168 0.0550602 0.0401745 0.0766899 0.0839174 0.0793635 0.0464746 0.0695946 0.0814024 0.0436998 0.0611371 0.0225789 0.0679527 0.0502508 0.0558164 0.0647276 0.0651073 0.0720811 0.0337774 0.0796951 0.0206446 0.0472810 0.0924644 0.0000000 0.0571737 0.0334700 0.0677264 0.1196941 0.0755708 0.0319231 0.0691751 0.0658830 0.0431413 0.0511293 0.0598878 0.0647163 0.0539642 0.0679053 0.0675156 0.1240175 0.0767968 0.0548896 0.0654036 0.0531859 0.0591685 0.0575225 0.0555425 0.0643616 0.0448537 0.0748787 0.0559586 0.0470221 0.0527245 0.0630225 0.0740311 0.0706878 0.0724672 0.0766172 0.0992448 0.0705722 0.1026213 0.1097254 0.0702424 0.0829986 0.0661622 0.0612729 0.1296909 0.0433820 0.1146245 0.0424064 0.0780986 0.0660016 0.0934570 0.0634768 0.0751474 0.1265061 0.0655664 0.0792948 0.0746111 0.0313996 0.0557611 0.0558567 0.0596184 0.0477203 0.0440510 0.0738746 0.0696866 0.0635560 0.0633462 0.0821391 0.0684485 0.0638513 0.0660755 0.0717254 0.0714795 0.0746158 0.0572547 0.0276712 0.0706008 0.0814139 0.0453459 0.0740490 0.0531659 0.0385646 0.0752783 0.0483578 0.0571112 0.0893447 0.0785791 0.0744706 0.0754331 0.0496143 0.0664907 0.0613360 0.0942482 0.0811586 0.0712670 0.0698199 0.0559510 0.0718472 0.0446645 0.1030986 0.0489144 0.0637454 0.0753148 0.0411571 
S0430         0.2049957 0.0544580 0.0460258 0.0798132 0.0678668 0.0562704 0.0053363 0.0715295 0.0666411 0.0674049 0.0669584 0.0729705 0.0161244 0.0485062 0.0708874 0.0127919 0.0587829 0.0661294 0.0501272 0.0115185 0.0694139 0.0540175 0.0603452 0.0650859 0.0693671 0.0623178 0.0372236 0.0959905 0.0571737 0.0000000 0.0526058 0.0558860 0.1087803 0.0569433 0.0608738 0.0559831 0.0748790 0.0814687 0.0646575 0.0610022 0.0593752 0.0492011 0.0624259 0.0177906 0.1285874 0.0807726 0.0079041 0.0599594 0.0390228 0.0466288 0.0408927 0.0526541 0.0530369 0.0622525 0.0500204 0.0573617 0.0585476 0.0484404 0.0275335 0.0616473 0.0644190 0.0601415 0.0641970 0.0956819 0.0582954 0.1084704 0.0960453 0.0527344 0.0541044 0.0510182 0.0500750 0.1362339 0.0372204 0.1195511 0.0582916 0.0716573 0.0624778 0.0709577 0.0642665 0.0650090 0.1360714 0.0505842 0.0746022 0.0511174 0.0620932 0.0570403 0.0571346 0.0015807 0.0588928 0.0764212 0.0538374 0.0128427 0.0187273 0.0561384 0.0530276 0.0549972 0.0649673 0.0509477 0.0600671 0.0697728 0.0686244 0.0544665 0.0416211 0.0629118 0.0768748 0.0813995 0.0599920 0.0426392 0.0709623 0.0605437 0.0499469 0.0503527 0.0711633 0.0721338 0.0664609 0.0635459 0.0729293 0.0605917 0.0644633 0.0784566 0.0686609 0.0555536 0.0638436 0.0572262 0.0482721 0.0408352 0.0842702 0.0369726 0.0564917 0.0858609 0.0374895 
