128
PAFTOL_019361 0.0000000 0.2347054 0.2583562 0.2790092 0.2531833 0.2274753 0.2086185 0.2633403 0.2447473 0.4202428 0.2479910 0.2595869 0.2234546 0.2313548 0.3016277 0.2366347 0.2441512 0.2663693 0.2099039 0.3079884 0.2243211 0.2285260 0.2643544 0.2269096 0.2717401 0.2310868 0.2598028 0.2146473 0.2441485 0.2346566 0.2408049 0.2175292 0.2581782 0.2279097 0.2293807 0.2549621 0.2534264 0.2226831 0.2228406 0.2404349 0.2150407 0.2859818 0.2215312 0.2288641 0.2959526 0.2277946 0.2267357 0.2208225 0.2291510 0.2310779 0.2509941 0.2326806 0.2618363 0.2526646 0.2358248 0.4071006 0.2322812 0.2489322 0.2568157 0.2529190 0.2546456 0.2547762 0.2715187 0.2575100 0.1912757 0.2429893 0.2382615 0.2500976 0.2450435 0.2478608 0.2284283 0.2526124 0.2694653 0.2728053 0.2149176 0.2185898 0.2519572 0.2555181 0.2243693 0.2277829 0.2367700 0.2650355 0.2464133 0.2482931 0.2197576 0.2384629 0.2672436 0.2292166 0.1642721 0.2361043 0.2282300 0.2511919 0.2616641 0.2548155 0.2221818 0.2195438 0.2184632 0.2455657 0.2226388 0.2425971 0.2547723 0.2422421 0.2762492 0.2251892 0.2272176 0.3054094 0.2676199 0.2811257 0.2024258 0.2723954 0.2531831 0.2581524 0.2367489 0.2775035 0.2367554 0.2539437 0.2168438 0.2201472 0.2639545 0.2558011 0.2472908 0.2354211 0.2485517 0.3261469 0.2181551 0.2603228 0.2332606 0.2410104 
S0055         0.2347054 0.0000000 0.0851109 0.1402914 0.0982421 0.0459788 0.0819715 0.1322284 0.0830944 0.1633314 0.0843642 0.1505895 0.0835625 0.0872516 0.1536840 0.0896441 0.1202968 0.0896124 0.0772244 0.1109047 0.0439217 0.0480170 0.1194603 0.0670123 0.1278685 0.0772371 0.0874130 0.0787630 0.0745085 0.0781239 0.0921645 0.0896753 0.1291620 0.0625623 0.0443457 0.1371230 0.1083672 0.0625773 0.0419360 0.0765295 0.0777606 0.1852889 0.0780502 0.0884177 0.1007407 0.0590334 0.0721488 0.0457459 0.0739275 0.0811301 0.0854278 0.0746850 0.1141577 0.1116835 0.0672785 0.1459879 0.0801703 0.0841801 0.0861483 0.0811738 0.0851857 0.0797387 0.1082004 0.1545597 0.0769412 0.0820480 0.1142314 0.0886858 0.0900929 0.1579127 0.0741445 0.1573483 0.0925116 0.0859457 0.0863793 0.0538395 0.0939747 0.1553900 0.0457034 0.0569521 0.0713788 0.1261417 0.1172309 0.1071939 0.0848897 0.0890183 0.1360556 0.0853509 0.0486545 0.0953755 0.0459222 0.1058699 0.0812647 0.0841356 0.0475446 0.0427869 0.0315756 0.0875824 0.0449128 0.1102389 0.0904218 0.0837271 0.1357683 0.0524179 0.0769461 0.1334778 0.1081368 0.1452121 0.0390885 0.1058734 0.0882808 0.0763601 0.0550301 0.1338717 0.0549974 0.1166004 0.0420989 0.0595313 0.0897732 0.0822786 0.1243789 0.0766538 0.0740854 0.1841342 0.0615992 0.0824920 0.0873800 0.0694984 
S0196sl       0.2583562 0.0851109 0.0000000 0.1336695 0.0603944 0.0739904 0.0840072 0.1158319 0.0767740 0.1398218 0.0994769 0.1372130 0.0801489 0.1047219 0.1156176 0.0898579 0.0987660 0.0870146 0.0780508 0.1639351 0.0714844 0.0762173 0.1166575 0.0910011 0.1135935 0.0148581 0.1208598 0.0910286 0.0766815 0.1021287 0.0889224 0.0798411 0.1088732 0.1045338 0.0724463 0.1195441 0.0965380 0.0839211 0.0716795 0.0607717 0.0864543 0.1757928 0.0936797 0.0808226 0.1259521 0.0912869 0.0131169 0.0816825 0.0131682 0.0216853 0.1069774 0.0646066 0.1093951 0.1139563 0.0640270 0.0919882 0.0740345 0.0864718 0.0833318 0.0819948 0.0923111 0.1102436 0.0751948 0.1533488 0.0733616 0.0736199 0.1029947 0.0896677 0.0922730 0.1559357 0.0131442 0.1571882 0.0974419 0.0865303 0.0680260 0.0764549 0.0783002 0.1553889 0.0737944 0.0763619 0.0680300 0.1067209 0.0919545 0.0857285 0.0891562 0.0852737 0.1259627 0.0863304 0.0556977 0.1169231 0.0734250 0.1139132 0.0802237 0.0707409 0.0840673 0.0675396 0.0682696 0.0739309 0.0802630 0.0897952 0.0876577 0.0723286 0.1236109 0.0660551 0.0181870 0.1277119 0.0751948 0.1069777 0.0726630 0.0794198 0.0797428 0.0678287 0.0905515 0.1187008 0.0906848 0.1047768 0.0699049 0.0838616 0.0974137 0.0768082 0.1066733 0.0722126 0.0719212 0.1753920 0.0450618 0.0801261 0.1035931 0.0658280 
S0278         0.2790092 0.1402914 0.1336695 0.0000000 0.1515916 0.1365984 0.1440485 0.0529477 0.1466593 0.2624847 0.1658484 0.0843860 0.1357592 0.1449546 0.0804621 0.1506748 0.0682206 0.1636184 0.1293892 0.1736567 0.1350168 0.1410542 0.0617314 0.1531568 0.0676875 0.1203991 0.1496925 0.1412363 0.1427215 0.1616624 0.1582735 0.1368841 0.0504402 0.1524805 0.1308520 0.0655021 0.0950047 0.1434749 0.1374311 0.1288534 0.1391973 0.2013593 0.1625058 0.1447827 0.1780854 0.1500480 0.1170439 0.1373727 0.1149430 0.1251076 0.1419839 0.1279359 0.1028428 0.1823401 0.1304386 0.0688859 0.1342696 0.1478502 0.1493379 0.1504463 0.1547554 0.1682569 0.1557579 0.1691651 0.1187031 0.1651271 0.1591299 0.1348520 0.1404987 0.1752836 0.1193326 0.1746484 0.1640375 0.1502171 0.1572402 0.1451282 0.1628733 0.1730560 0.1361018 0.1413649 0.1362333 0.0489383 0.1206832 0.1018899 0.1430891 0.0863849 0.0434366 0.1484591 0.0963193 0.1606340 0.1413719 0.1725875 0.1577224 0.1490342 0.1351593 0.1350774 0.1383056 0.1555565 0.1367072 0.0985159 0.1552925 0.1440609 0.0544903 0.1348216 0.1223809 0.0762074 0.1557298 0.1453012 0.1250767 0.1480207 0.1504710 0.1444891 0.1490579 0.0571235 0.1484643 0.1052904 0.1314992 0.1349407 0.1528465 0.1492987 0.1217320 0.1331337 0.1385550 0.2231383 0.1100789 0.1492711 0.1491164 0.1304234 
S0281         0.2531833 0.0982421 0.0603944 0.1515916 0.0000000 0.1036648 0.0885543 0.1376788 0.1030255 0.2286424 0.1327076 0.1627603 0.0910896 0.1038681 0.1717535 0.0972739 0.1285343 0.1195423 0.0876827 0.1357106 0.1032669 0.1034964 0.1313621 0.1146714 0.1404762 0.0567438 0.1211066 0.0913654 0.0965324 0.1162057 0.1129646 0.0908442 0.1394334 0.1164027 0.1014602 0.1376197 0.1171113 0.1075190 0.1046221 0.0634346 0.0876194 0.2090595 0.1285632 0.0913789 0.1337849 0.1192630 0.0538005 0.1023387 0.0545604 0.0584440 0.1055354 0.0657020 0.1219957 0.1272670 0.0958677 0.1807573 0.0942305 0.1054661 0.1001135 0.1046258 0.1086173 0.1288257 0.0779209 0.1769580 0.0827601 0.1000999 0.1119318 0.1006980 0.1002771 0.1778683 0.0538601 0.1788692 0.1142126 0.1190563 0.1036408 0.1079807 0.1064627 0.1814933 0.1000929 0.1131722 0.0982954 0.1363254 0.1229203 0.1128769 0.0957127 0.1039898 0.1434122 0.1070616 0.0679993 0.1043153 0.1089566 0.1227926 0.1052583 0.1023151 0.1083898 0.1006999 0.0985268 0.1150641 0.1035395 0.1223176 0.1122643 0.1038416 0.1338810 0.1070429 0.0583675 0.1504469 0.0779120 0.1495512 0.0941242 0.0768260 0.1061221 0.1003504 0.1156639 0.1391034 0.1131927 0.1265520 0.0990765 0.1073104 0.1180514 0.1082079 0.1319365 0.0997077 0.1001282 0.2203095 0.0652931 0.1089581 0.1157571 0.0991004 
S0282         0.2274753 0.0459788 0.0739904 0.1365984 0.1036648 0.0000000 0.0801951 0.1252710 0.0800835 0.1316287 0.0702902 0.1377946 0.0786388 0.0888591 0.1511019 0.0903150 0.1160886 0.0941826 0.0755410 0.0999434 0.0170217 0.0282748 0.1136556 0.0657700 0.1232896 0.0715220 0.0815980 0.0782016 0.0758899 0.0743248 0.0975346 0.0817349 0.1244489 0.0455903 0.0213911 0.1355974 0.1086936 0.0576847 0.0169359 0.0736445 0.0771792 0.1886116 0.0771172 0.0866910 0.1080894 0.0378532 0.0665100 0.0178802 0.0679027 0.0753715 0.0847000 0.0758734 0.1155649 0.1109511 0.0714508 0.1809166 0.0775208 0.0824438 0.0883632 0.0806454 0.0864114 0.0764949 0.1066196 0.1611972 0.0632286 0.0891032 0.1103324 0.0909480 0.0915453 0.1622041 0.0684776 0.1581508 0.0991523 0.0892226 0.0875740 0.0511023 0.0952883 0.1596507 0.0220597 0.0458542 0.0795175 0.1214528 0.1149872 0.1011155 0.0865149 0.0872003 0.1305344 0.0895827 0.0398546 0.0983942 0.0246410 0.1069901 0.0898902 0.0821962 0.0254550 0.0231815 0.0443493 0.0888759 0.0421704 0.1047646 0.0927042 0.0817979 0.1262879 0.0432132 0.0712541 0.1235177 0.1065568 0.1401618 0.0155820 0.0986036 0.0885555 0.0746939 0.0358951 0.1303004 0.0413218 0.1126763 0.0332958 0.0557705 0.0985369 0.0835648 0.1149648 0.0738146 0.0793298 0.1932986 0.0617836 0.0798236 0.0854510 0.0716215 
S0288         0.2086185 0.0819715 0.0840072 0.1440485 0.0885543 0.0801951 0.0000000 0.1182749 0.0849775 0.1900176 0.1041493 0.1453858 0.0107275 0.0424061 0.1501043 0.0095081 0.1190186 0.0968471 0.0051753 0.1019562 0.0766973 0.0827341 0.1128561 0.0923960 0.1227738 0.0736490 0.0909227 0.0051140 0.0803968 0.0985504 0.0596671 0.0064963 0.1253518 0.0897802 0.0754863 0.1266267 0.1076622 0.0747708 0.0815732 0.0719269 0.0043534 0.1623694 0.0919759 0.0119309 0.1038666 0.0923588 0.0683404 0.0767648 0.0709603 0.0746708 0.0940781 0.0730430 0.1124592 0.0880415 0.0706400 0.1912793 0.0397809 0.0874653 0.0945514 0.0876198 0.0928500 0.1012032 0.0958735 0.1469939 0.0606540 0.0651362 0.0839809 0.0931291 0.0946534 0.1409591 0.0704233 0.1389992 0.1065413 0.0889169 0.0528980 0.0873666 0.0973955 0.1385487 0.0777154 0.0863836 0.0824465 0.1165592 0.1160406 0.1001201 0.0077205 0.0914422 0.1236433 0.0603564 0.0019379 0.0179768 0.0842143 0.0790299 0.0907029 0.0862189 0.0819101 0.0748065 0.0728849 0.0949814 0.0842188 0.1108816 0.0984800 0.0869086 0.1261657 0.0836348 0.0733578 0.1253449 0.0971575 0.1377179 0.0704788 0.0980486 0.0916825 0.0841912 0.0876047 0.1264007 0.0833037 0.1241971 0.0725387 0.0787109 0.0951593 0.0910145 0.1271595 0.0835179 0.0820257 0.1908986 0.0663989 0.0887050 0.0857202 0.0738537 
S0289         0.2633403 0.1322284 0.1158319 0.0529477 0.1376788 0.1252710 0.1182749 0.0000000 0.1303706 0.2450859 0.1512289 0.0620042 0.1129037 0.1265619 0.0674242 0.1272434 0.0564775 0.1414698 0.1080206 0.1682560 0.1237613 0.1261570 0.0437550 0.1360852 0.0550129 0.1061902 0.1362090 0.1172731 0.1299375 0.1535808 0.1405845 0.1126586 0.0498252 0.1423709 0.1203106 0.0596177 0.0824948 0.1286343 0.1241243 0.1144496 0.1171869 0.2098092 0.1533087 0.1211231 0.1569498 0.1402487 0.1029503 0.1238816 0.1028573 0.1104342 0.1322292 0.1156796 0.0919140 0.1607912 0.1179305 0.0783914 0.1198313 0.1363069 0.1364302 0.1374775 0.1417098 0.1502684 0.1392022 0.1766040 0.0986826 0.1464499 0.1466989 0.1280327 0.1307672 0.1793752 0.1051548 0.1769988 0.1471000 0.1346028 0.1336076 0.1334684 0.1449316 0.1752234 0.1226581 0.1310528 0.1194749 0.0390936 0.1005352 0.0876231 0.1219769 0.0786725 0.0461593 0.1325575 0.0688942 0.1387402 0.1288553 0.1484609 0.1422115 0.1319607 0.1228252 0.1192858 0.1246910 0.1390435 0.1264988 0.0895838 0.1386989 0.1253628 0.0478355 0.1279321 0.1072505 0.0603529 0.1391788 0.1277626 0.1130261 0.1317380 0.1359136 0.1233543 0.1382611 0.0592326 0.1406738 0.0951288 0.1203533 0.1202090 0.1391933 0.1265369 0.1081735 0.1238677 0.1177859 0.2229227 0.1020442 0.1303925 0.1289433 0.1121338 
S0292         0.2447473 0.0830944 0.0767740 0.1466593 0.1030255 0.0800835 0.0849775 0.1303706 0.0000000 0.1982955 0.1177031 0.1423654 0.0779854 0.0945588 0.1629197 0.0874186 0.1256485 0.0725087 0.0778407 0.1236626 0.0808469 0.0867055 0.1184942 0.0969998 0.1224127 0.0753025 0.1040130 0.0815041 0.0859191 0.0897539 0.1022798 0.0771526 0.1242627 0.0996257 0.0779468 0.1325427 0.1091621 0.0869093 0.0822908 0.0790318 0.0808002 0.2013234 0.1112957 0.0869701 0.1070289 0.0977719 0.0742588 0.0829000 0.0720272 0.0792093 0.0925730 0.0771680 0.1136648 0.1159891 0.0497530 0.1694236 0.0868434 0.0937368 0.0900385 0.0906338 0.0975433 0.1194392 0.1101662 0.1663975 0.0589197 0.0974705 0.1094877 0.0926052 0.0973477 0.1707119 0.0743449 0.1691044 0.1017268 0.0749244 0.0881434 0.0904775 0.0437091 0.1691153 0.0818445 0.0862970 0.0563226 0.1263252 0.1156287 0.1026627 0.0846464 0.0907173 0.1311761 0.0951198 0.0417952 0.1009964 0.0810455 0.1115256 0.0730808 0.0153584 0.0868822 0.0800364 0.0773086 0.0464390 0.0862027 0.1154151 0.0212619 0.0153262 0.1248571 0.0784645 0.0793031 0.1335389 0.1101150 0.1448808 0.0708736 0.1053147 0.0375073 0.0554255 0.0941262 0.1346655 0.0952919 0.1206238 0.0807460 0.0865384 0.0751056 0.0648738 0.1213620 0.0769764 0.0560878 0.2056708 0.0648106 0.0612169 0.1143935 0.0487976 
S0293         0.4202428 0.1633314 0.1398218 0.2624847 0.2286424 0.1316287 0.1900176 0.2450859 0.1982955 0.0000000 0.1799007 0.1606987 0.1970268 0.1944455 0.2837559 0.2048315 0.2187157 0.2096405 0.1785548 0.2758308 0.1309170 0.1398650 0.2363748 0.1965734 0.2399452 0.1887961 0.2068297 0.1952042 0.1879289 0.2107217 0.1956023 0.1019105 0.2342496 0.1644557 0.1346925 0.2481824 0.2220671 0.1808332 0.1471552 0.1977275 0.1865178 0.3077483 0.1938154 0.2008785 0.2320269 0.1585393 0.1829326 0.1299931 0.1863923 0.1953939 0.2055354 0.1950816 0.2335499 0.2185577 0.1811588 0.1865566 0.1800902 0.1959047 0.2086906 0.1952488 0.1983561 0.1380024 0.2249234 0.2781968 0.0809852 0.1424964 0.2280914 0.2072927 0.2058868 0.2836956 0.1864642 0.2792233 0.2215297 0.1906299 0.1953269 0.1826670 0.2140058 0.2910312 0.1295035 0.1609972 0.1982386 0.2440348 0.2473314 0.2376766 0.2015362 0.2056094 0.2347101 0.1976601 0.0541380 0.2235405 0.1315909 0.2134160 0.2112096 0.2007847 0.1345064 0.1347653 0.1551366 0.1981885 0.1674577 0.2110574 0.2114303 0.1988607 0.2495969 0.1628175 0.1893568 0.1779704 0.2261986 0.2825938 0.1268557 0.2095565 0.1950239 0.1885819 0.1589168 0.2517269 0.1563933 0.2248430 0.1526889 0.1807414 0.2200367 0.1948866 0.2471391 0.1932845 0.1928659 0.3159086 0.1714275 0.1945463 0.2013436 0.1773667 
S0294         0.2479910 0.0843642 0.0994769 0.1658484 0.1327076 0.0702902 0.1041493 0.1512289 0.1177031 0.1799007 0.0000000 0.1677575 0.1039457 0.1159303 0.1751832 0.1181829 0.1489215 0.1247204 0.1027767 0.1518064 0.0672026 0.0748587 0.1364715 0.0950447 0.1507563 0.1031334 0.1164665 0.1018251 0.1126260 0.1060998 0.1304415 0.1028218 0.1465944 0.0861643 0.0673410 0.1567720 0.1404381 0.0938197 0.0723679 0.1061280 0.1013064 0.2209329 0.1077080 0.1157002 0.1363220 0.0803406 0.0996547 0.0670020 0.1005040 0.1093498 0.1264967 0.1062706 0.1433523 0.1461009 0.1002161 0.1905705 0.1078930 0.1196785 0.1142556 0.1198867 0.1250737 0.0771595 0.1352696 0.1858800 0.0845280 0.1181826 0.1374942 0.1229940 0.1249289 0.1848201 0.1018166 0.1899484 0.1295937 0.1251035 0.1199431 0.0803273 0.1279763 0.1874666 0.0709800 0.0752517 0.1089915 0.1505304 0.1452440 0.1314664 0.1083505 0.1214374 0.1574738 0.1241821 0.0618539 0.1230974 0.0751343 0.1443302 0.1278760 0.1199010 0.0691586 0.0681401 0.0739653 0.1233816 0.0702335 0.1345026 0.1293864 0.1147349 0.1525360 0.0754195 0.1068358 0.1499957 0.1351875 0.1695178 0.0593148 0.1294683 0.1237601 0.1154030 0.0788677 0.1573294 0.0751610 0.1479762 0.0622667 0.0919498 0.1316200 0.1169963 0.1523329 0.1147664 0.1094827 0.2194007 0.0978348 0.1179319 0.1145312 0.1025222 
S0299         0.2595869 0.1505895 0.1372130 0.0843860 0.1627603 0.1377946 0.1453858 0.0620042 0.1423654 0.1606987 0.1677575 0.0000000 0.1320305 0.1407335 0.0925573 0.1554421 0.0680089 0.1580730 0.1362807 0.1854974 0.1391359 0.1427977 0.0637007 0.1559772 0.0823613 0.1205431 0.1508499 0.1425600 0.1406050 0.1773867 0.1634974 0.1369297 0.0840703 0.1550923 0.1358604 0.0863137 0.1034500 0.1532846 0.1462293 0.1312501 0.1417453 0.2295160 0.1674700 0.1525093 0.1382804 0.1548041 0.1205578 0.1391554 0.1165088 0.1299096 0.1472013 0.1294647 0.1106269 0.1788872 0.1305778 0.0944025 0.1463367 0.1457662 0.1433889 0.1476363 0.1515896 0.1704079 0.1564856 0.1955533 0.1007271 0.1548808 0.1530182 0.1359045 0.1348966 0.1944255 0.1222311 0.1988998 0.1655453 0.1524818 0.1505159 0.1515891 0.1560052 0.1832271 0.1403725 0.1569828 0.1387382 0.0591571 0.1365959 0.1047152 0.1531898 0.0994499 0.0731461 0.1520890 0.0870010 0.1575404 0.1445300 0.1677492 0.1575483 0.1385929 0.1390997 0.1376086 0.1385981 0.1491920 0.1409631 0.1102933 0.1518302 0.1393429 0.0720178 0.1546840 0.1266374 0.0870204 0.1564469 0.1628633 0.1284888 0.1441277 0.1452416 0.1351578 0.1519421 0.0821708 0.1614301 0.1203173 0.1422136 0.1436474 0.1560337 0.1417955 0.1424273 0.1299852 0.1335476 0.2396035 0.1215010 0.1417186 0.1483369 0.1301305 
S0303         0.2234546 0.0835625 0.0801489 0.1357592 0.0910896 0.0786388 0.0107275 0.1129037 0.0779854 0.1970268 0.1039457 0.1320305 0.0000000 0.0436244 0.1417685 0.0078149 0.1060098 0.0996933 0.0088214 0.1122716 0.0730058 0.0799153 0.1118438 0.0944841 0.1124539 0.0761524 0.0916071 0.0078117 0.0861284 0.1001730 0.0610466 0.0092140 0.1129352 0.0902634 0.0712533 0.1187862 0.1047301 0.0786542 0.0781230 0.0712618 0.0080190 0.1740940 0.1032443 0.0050984 0.1113547 0.0928410 0.0707771 0.0761530 0.0733008 0.0791203 0.0977018 0.0703553 0.1072913 0.0881613 0.0719286 0.1688842 0.0381153 0.0921141 0.0983684 0.0924150 0.0987834 0.1043431 0.0963513 0.1555009 0.0610976 0.0617901 0.0809310 0.0968414 0.1005494 0.1520018 0.0728852 0.1513371 0.1080612 0.0908121 0.0538308 0.0879067 0.0950990 0.1535785 0.0769900 0.0871059 0.0828771 0.1118638 0.1125360 0.1051483 0.0095152 0.0864006 0.1192562 0.0566662 0.0079818 0.0259435 0.0815127 0.0816404 0.0993427 0.0802186 0.0801648 0.0720653 0.0772798 0.0907017 0.0835187 0.1086647 0.0903429 0.0821005 0.1218806 0.0818620 0.0758488 0.1258550 0.0965644 0.1352593 0.0688681 0.0963867 0.0847810 0.0815274 0.0900463 0.1190828 0.0825790 0.1189526 0.0727923 0.0803534 0.1001723 0.0905772 0.1220235 0.0818662 0.0802817 0.1911005 0.0596176 0.0860348 0.0947677 0.0721104 
S0308         0.2313548 0.0872516 0.1047219 0.1449546 0.1038681 0.0888591 0.0424061 0.1265619 0.0945588 0.1944455 0.1159303 0.1407335 0.0436244 0.0000000 0.1580955 0.0511544 0.1137032 0.1092233 0.0373322 0.1295462 0.0843161 0.0935547 0.1203043 0.1093276 0.1251435 0.0862952 0.1049580 0.0432631 0.0998181 0.1159311 0.0694575 0.0407436 0.1283678 0.1034607 0.0866192 0.1339605 0.1122939 0.0926140 0.0898372 0.0794977 0.0453988 0.1667372 0.1141373 0.0488985 0.1132790 0.1007189 0.0810094 0.0853680 0.0806443 0.0883098 0.1072097 0.0786201 0.1203951 0.0824682 0.0800968 0.1934610 0.0529648 0.1089208 0.1110105 0.1067569 0.1098607 0.1257220 0.1109292 0.1540054 0.0687239 0.0675581 0.0830264 0.1089177 0.1093896 0.1458357 0.0830795 0.1451092 0.1230466 0.1078680 0.0623785 0.1024328 0.1070928 0.1453540 0.0852817 0.0927900 0.0886528 0.1281971 0.1162544 0.0993379 0.0489378 0.0955296 0.1301642 0.0631977 0.0377571 0.0591595 0.0917954 0.0826435 0.1075727 0.0932254 0.0893915 0.0854972 0.0805065 0.1045932 0.0924524 0.1210373 0.1024408 0.0951651 0.1327965 0.0891141 0.0847529 0.1348220 0.1110292 0.1384103 0.0762185 0.1063160 0.1008388 0.0924661 0.0993211 0.1334870 0.0937347 0.1262970 0.0832131 0.0930572 0.1109904 0.0990452 0.1276612 0.0961632 0.0882179 0.2031431 0.0710645 0.0989568 0.1048950 0.0781152 
S0320         0.3016277 0.1536840 0.1156176 0.0804621 0.1717535 0.1511019 0.1501043 0.0674242 0.1629197 0.2837559 0.1751832 0.0925573 0.1417685 0.1580955 0.0000000 0.1613464 0.0828048 0.1754098 0.1405453 0.2059415 0.1487639 0.1536356 0.0764147 0.1598972 0.0741671 0.1427260 0.1745354 0.1499623 0.1551204 0.1765171 0.1678361 0.1318386 0.0776484 0.1733395 0.1451318 0.0834821 0.1158341 0.1629493 0.1459287 0.1509589 0.1461266 0.2464092 0.1663683 0.1505606 0.1602972 0.1622183 0.1383711 0.1503598 0.1351898 0.1486329 0.1598821 0.1500714 0.1215723 0.1861192 0.1494821 0.0482061 0.1479176 0.1630155 0.1666253 0.1626234 0.1705395 0.1827249 0.1762162 0.2258290 0.1428292 0.1682108 0.1757878 0.1538513 0.1573681 0.2260252 0.1413522 0.2241235 0.1779920 0.1699943 0.1660052 0.1595794 0.1707344 0.2147397 0.1487851 0.1490790 0.1535842 0.0668893 0.1358718 0.1230939 0.1556731 0.1089542 0.0713858 0.1611379 0.1155963 0.1731786 0.1519341 0.1673629 0.1748936 0.1645107 0.1476420 0.1420571 0.1458599 0.1566464 0.1482213 0.1267326 0.1687120 0.1610794 0.0561803 0.1420619 0.1422295 0.0816132 0.1779610 0.1469245 0.1382536 0.1727192 0.1665867 0.1599066 0.1643976 0.0643910 0.1552284 0.1315405 0.1404321 0.1532663 0.1600604 0.1665120 0.1460244 0.1564581 0.1520529 0.2414155 0.1351325 0.1630890 0.1640786 0.1452464 
S0322         0.2366347 0.0896441 0.0898579 0.1506748 0.0972739 0.0903150 0.0095081 0.1272434 0.0874186 0.2048315 0.1181829 0.1554421 0.0078149 0.0511544 0.1613464 0.0000000 0.1259285 0.1089187 0.0094375 0.1099014 0.0856057 0.0927969 0.1220281 0.1025765 0.1295309 0.0833494 0.0998246 0.0084476 0.0914219 0.1062785 0.0663068 0.0076673 0.1354107 0.1030514 0.0858398 0.1346945 0.1178296 0.0868675 0.0904115 0.0795222 0.0051586 0.1794925 0.1105434 0.0091465 0.1181164 0.1057111 0.0779885 0.0857001 0.0800417 0.0874361 0.1027481 0.0785474 0.1230228 0.0988554 0.0761319 0.1965905 0.0473498 0.0994765 0.1066086 0.0996519 0.1050503 0.1174948 0.1003274 0.1596023 0.0722258 0.0662551 0.0845410 0.1030940 0.1033715 0.1549437 0.0800887 0.1541134 0.1141901 0.0999259 0.0577476 0.1007984 0.0998595 0.1557239 0.0844772 0.1009376 0.0887975 0.1277457 0.1282472 0.1105529 0.0110054 0.1007867 0.1338461 0.0679315 0.0119011 0.0223432 0.0943366 0.0880250 0.1038289 0.0908218 0.0907382 0.0859860 0.0847695 0.0978113 0.0941151 0.1209704 0.0996840 0.0903599 0.1341157 0.0947487 0.0830215 0.1334954 0.1016083 0.1516333 0.0804825 0.1014325 0.0940193 0.0937025 0.0997721 0.1369313 0.0943630 0.1322713 0.0832080 0.0917514 0.1058972 0.0986060 0.1400447 0.0924177 0.0822478 0.2001938 0.0688414 0.0972042 0.0997651 0.0793264 
S0327         0.2441512 0.1202968 0.0987660 0.0682206 0.1285343 0.1160886 0.1190186 0.0564775 0.1256485 0.2187157 0.1489215 0.0680089 0.1060098 0.1137032 0.0828048 0.1259285 0.0000000 0.1407166 0.1095381 0.1630058 0.1133428 0.1175811 0.0591011 0.1238737 0.0594842 0.0992641 0.1323992 0.1191138 0.1232912 0.1437634 0.1246868 0.1053074 0.0630043 0.1359363 0.1114452 0.0688127 0.0856157 0.1211621 0.1176852 0.1095219 0.1180194 0.1941287 0.1400417 0.1211562 0.1554208 0.1279931 0.0970425 0.1156108 0.0918006 0.1070029 0.1254986 0.1110686 0.0987062 0.1462488 0.1119987 0.0546719 0.1194763 0.1296239 0.1301878 0.1307943 0.1361913 0.1453839 0.1388671 0.1654566 0.0884307 0.1273171 0.1378725 0.1214313 0.1206136 0.1666589 0.0992621 0.1633926 0.1367479 0.1317857 0.1334828 0.1246979 0.1424101 0.1598848 0.1144072 0.1253229 0.1179055 0.0533130 0.1022383 0.0862513 0.1208687 0.0750849 0.0597877 0.1237717 0.0745243 0.1403259 0.1156500 0.1396527 0.1410064 0.1255580 0.1156549 0.1070066 0.1148346 0.1329851 0.1193134 0.0886892 0.1327095 0.1239501 0.0581224 0.1210531 0.1013552 0.0747157 0.1372907 0.1235780 0.1025320 0.1312991 0.1310499 0.1225576 0.1309065 0.0635067 0.1316941 0.1075736 0.1110704 0.1176098 0.1384913 0.1265898 0.1113323 0.1167286 0.1199179 0.2099200 0.0980636 0.1275207 0.1284916 0.1129108 
S0335         0.2663693 0.0896124 0.0870146 0.1636184 0.1195423 0.0941826 0.0968471 0.1414698 0.0725087 0.2096405 0.1247204 0.1580730 0.0996933 0.1092233 0.1754098 0.1089187 0.1407166 0.0000000 0.0923276 0.1414914 0.0905470 0.0989247 0.1314148 0.1074063 0.1459041 0.0925423 0.1104147 0.0995630 0.0975286 0.1023996 0.1208439 0.0994959 0.1415023 0.1137480 0.0890052 0.1495973 0.1222131 0.0947289 0.0876554 0.0886524 0.0968667 0.2071132 0.1142100 0.1068405 0.1134713 0.1019330 0.0914367 0.0936651 0.0910046 0.0955827 0.1064947 0.0867677 0.1282644 0.1311556 0.0627910 0.1533102 0.0999354 0.1057138 0.1007678 0.1025051 0.1096081 0.1228038 0.1201243 0.1780309 0.0744927 0.1150786 0.1260291 0.1017865 0.1039812 0.1799849 0.0905624 0.1832374 0.1164068 0.0657561 0.1097992 0.0950893 0.0844187 0.1769536 0.0925817 0.0984299 0.0667859 0.1417823 0.1321933 0.1139906 0.1028233 0.1042177 0.1523691 0.1132183 0.0703926 0.1182606 0.0950628 0.1322355 0.0617584 0.0696400 0.0967303 0.0839633 0.0830163 0.0840465 0.0937704 0.1261261 0.0776716 0.0691224 0.1445494 0.0914414 0.0917139 0.1475122 0.1190162 0.1604550 0.0836032 0.1131990 0.0785908 0.0494324 0.1036348 0.1491583 0.1053258 0.1318289 0.0894528 0.0890877 0.0669201 0.0273709 0.1367176 0.0932613 0.0694576 0.2103836 0.0733283 0.0550733 0.1138065 0.0600614 
S0355         0.2099039 0.0772244 0.0780508 0.1293892 0.0876827 0.0755410 0.0051753 0.1080206 0.0778407 0.1785548 0.1027767 0.1362807 0.0088214 0.0373322 0.1405453 0.0094375 0.1095381 0.0923276 0.0000000 0.0968039 0.0710470 0.0779275 0.1019597 0.0917456 0.1132933 0.0708528 0.0901382 0.0025318 0.0828814 0.0997274 0.0561265 0.0038025 0.1116635 0.0912323 0.0696827 0.1173088 0.0988148 0.0763716 0.0741015 0.0691485 0.0017208 0.1677003 0.0963875 0.0092196 0.0938863 0.0906445 0.0656381 0.0702085 0.0660168 0.0738557 0.0942310 0.0671685 0.1046754 0.0829406 0.0678887 0.1872935 0.0348128 0.0876417 0.0880681 0.0889603 0.0920544 0.1002360 0.0907199 0.1445234 0.0520658 0.0578319 0.0746831 0.0910364 0.0913713 0.1435008 0.0676851 0.1415321 0.1040866 0.0871150 0.0474595 0.0857598 0.0955239 0.1424256 0.0721330 0.0850050 0.0793807 0.1096914 0.1074250 0.0896670 0.0094145 0.0839405 0.1144575 0.0529100 0.0038625 0.0160522 0.0805357 0.0731201 0.0931975 0.0811758 0.0762528 0.0712008 0.0671997 0.0945558 0.0826049 0.1023858 0.0899055 0.0807651 0.1172183 0.0789393 0.0695829 0.1162751 0.0919697 0.1295452 0.0669648 0.0895722 0.0885711 0.0771522 0.0859439 0.1161036 0.0816876 0.1116143 0.0720370 0.0790700 0.0954084 0.0835601 0.1191547 0.0807515 0.0780765 0.1825162 0.0607979 0.0835831 0.0879922 0.0689694 
S0376         0.3079884 0.1109047 0.1639351 0.1736567 0.1357106 0.0999434 0.1019562 0.1682560 0.1236626 0.2758308 0.1518064 0.1854974 0.1122716 0.1295462 0.2059415 0.1099014 0.1630058 0.1414914 0.0968039 0.0000000 0.0981820 0.1121731 0.1625554 0.1208361 0.1704647 0.1150617 0.0625405 0.0963776 0.1226125 0.1249930 0.1375622 0.1089608 0.1720432 0.1251954 0.1010376 0.1673224 0.1405821 0.1202929 0.1078922 0.1083736 0.1000801 0.2377130 0.1395876 0.1128321 0.1744698 0.1167962 0.1136601 0.1054539 0.1189065 0.1210427 0.1257338 0.1071965 0.1448714 0.1701805 0.1125000 0.1890749 0.1185930 0.1294056 0.1299037 0.1299591 0.1325541 0.1628651 0.1436274 0.1975061 0.1341660 0.1409334 0.1521841 0.1382564 0.1389872 0.2033433 0.1152349 0.1971026 0.1403496 0.1311333 0.1314655 0.1136770 0.1339318 0.1920858 0.1024078 0.1186999 0.1298442 0.1586621 0.1665887 0.1536633 0.1080416 0.1184542 0.1677965 0.1364739 0.0826116 0.1047130 0.1115113 0.1544964 0.1446787 0.1279216 0.1037470 0.1012521 0.1043712 0.1426446 0.1141178 0.1376392 0.1321270 0.1246628 0.1636362 0.1163126 0.1164191 0.1998461 0.1435955 0.1939004 0.0917677 0.1386336 0.1338128 0.1328347 0.1184595 0.1649916 0.1186781 0.1515618 0.1066581 0.1191706 0.1493589 0.1308594 0.1719314 0.1227426 0.1268134 0.2427038 0.1023715 0.1332526 0.0756598 0.1213845 
S0400         0.2243211 0.0439217 0.0714844 0.1350168 0.1032669 0.0170217 0.0766973 0.1237613 0.0808469 0.1309170 0.0672026 0.1391359 0.0730058 0.0843161 0.1487639 0.0856057 0.1133428 0.0905470 0.0710470 0.0981820 0.0000000 0.0255577 0.1107940 0.0606854 0.1226737 0.0731250 0.0771699 0.0737393 0.0725368 0.0709843 0.0948661 0.0767863 0.1229529 0.0436443 0.0195243 0.1284879 0.1048699 0.0574867 0.0101897 0.0714677 0.0737480 0.1903076 0.0746921 0.0821595 0.1070785 0.0341480 0.0681103 0.0153347 0.0676044 0.0769722 0.0821969 0.0724960 0.1116348 0.1115620 0.0691093 0.1695678 0.0731886 0.0790180 0.0829081 0.0772363 0.0829342 0.0728169 0.1027564 0.1628738 0.0669293 0.0871467 0.1063177 0.0883426 0.0888873 0.1638779 0.0700785 0.1575010 0.0934230 0.0836647 0.0849030 0.0498858 0.0915974 0.1589727 0.0177897 0.0411481 0.0770786 0.1199718 0.1124415 0.0971252 0.0818979 0.0846111 0.1278912 0.0860582 0.0464356 0.0934012 0.0203199 0.1033706 0.0883007 0.0818789 0.0219643 0.0205201 0.0414132 0.0862657 0.0401769 0.1033532 0.0923397 0.0814838 0.1262027 0.0385458 0.0728517 0.1198765 0.1026964 0.1373771 0.0121874 0.0971791 0.0860124 0.0761398 0.0357758 0.1272746 0.0358308 0.1098329 0.0313869 0.0536189 0.0958597 0.0800543 0.1113489 0.0714116 0.0759171 0.1898160 0.0586207 0.0793115 0.0800125 0.0692729 
S0405         0.2285260 0.0480170 0.0762173 0.1410542 0.1034964 0.0282748 0.0827341 0.1261570 0.0867055 0.1398650 0.0748587 0.1427977 0.0799153 0.0935547 0.1536356 0.0927969 0.1175811 0.0989247 0.0779275 0.1121731 0.0255577 0.0000000 0.1104046 0.0659280 0.1252132 0.0789809 0.0841136 0.0805728 0.0802737 0.0806664 0.0991160 0.0804538 0.1287335 0.0451399 0.0179843 0.1374301 0.1104500 0.0607634 0.0258242 0.0791479 0.0807576 0.1907753 0.0815173 0.0890759 0.1099909 0.0407018 0.0738214 0.0282051 0.0733660 0.0829241 0.0922903 0.0793365 0.1175491 0.1124832 0.0757833 0.1851277 0.0829552 0.0869085 0.0920247 0.0850918 0.0899178 0.0786047 0.1137589 0.1642996 0.0711796 0.0891434 0.1038355 0.0923756 0.0932152 0.1653116 0.0758444 0.1612126 0.1018188 0.0908199 0.0876641 0.0551594 0.0988920 0.1625650 0.0281796 0.0507081 0.0820184 0.1246015 0.1183959 0.1026287 0.0888660 0.0898864 0.1348827 0.0942395 0.0486274 0.0999625 0.0230611 0.1069994 0.0965690 0.0890194 0.0282111 0.0224164 0.0479737 0.0891281 0.0478855 0.1132285 0.0996588 0.0895611 0.1307472 0.0480251 0.0786798 0.1157827 0.1109741 0.1428346 0.0207782 0.1101637 0.0931814 0.0788928 0.0424482 0.1346118 0.0442542 0.1232123 0.0387584 0.0578183 0.0971536 0.0871772 0.1228754 0.0811483 0.0837925 0.1904757 0.0631383 0.0843226 0.0847903 0.0740262 
S0407sl       0.2643544 0.1194603 0.1166575 0.0617314 0.1313621 0.1136556 0.1128561 0.0437550 0.1184942 0.2363748 0.1364715 0.0637007 0.1118438 0.1203043 0.0764147 0.1220281 0.0591011 0.1314148 0.1019597 0.1625554 0.1107940 0.1104046 0.0000000 0.1211159 0.0548975 0.0961757 0.1348038 0.1141721 0.1207345 0.1447642 0.1340219 0.1031410 0.0513811 0.1299652 0.1098812 0.0655768 0.0896643 0.1200246 0.1203786 0.1079012 0.1103808 0.1779151 0.1367118 0.1138707 0.1518382 0.1282978 0.0960461 0.1131552 0.0984228 0.1027881 0.1281418 0.1080666 0.0922397 0.1491573 0.1046107 0.0503707 0.1112791 0.1287051 0.1335867 0.1275976 0.1344049 0.1468386 0.1210612 0.1472375 0.0939286 0.1244694 0.1414688 0.1150169 0.1178448 0.1506169 0.0983527 0.1538880 0.1347748 0.1253735 0.1222195 0.1208807 0.1345433 0.1536254 0.1115693 0.1254660 0.1118876 0.0369042 0.0996206 0.0907034 0.1176381 0.0737465 0.0542758 0.1243182 0.0748555 0.1288643 0.1169341 0.1400622 0.1331273 0.1198967 0.1117157 0.1078885 0.1114818 0.1212415 0.1166045 0.0897591 0.1269091 0.1169561 0.0573370 0.1173549 0.1016335 0.0179297 0.1198844 0.1244406 0.1030210 0.1146812 0.1220096 0.1152390 0.1325110 0.0601313 0.1268984 0.0991877 0.1117018 0.1126757 0.1282172 0.1171659 0.1121894 0.1110580 0.1099989 0.1991155 0.0949234 0.1214478 0.1296014 0.1033491 
S0412sl       0.2269096 0.0670123 0.0910011 0.1531568 0.1146714 0.0657700 0.0923960 0.1360852 0.0969998 0.1965734 0.0950447 0.1559772 0.0944841 0.1093276 0.1598972 0.1025765 0.1238737 0.1074063 0.0917456 0.1208361 0.0606854 0.0659280 0.1211159 0.0000000 0.1298401 0.0879284 0.1026010 0.0955473 0.0881336 0.0767069 0.1040342 0.0991431 0.1314791 0.0783747 0.0618874 0.1427465 0.1214426 0.0646729 0.0668172 0.0880228 0.0961309 0.1968869 0.0644511 0.1006829 0.1155143 0.0737865 0.0826384 0.0626058 0.0804472 0.0889355 0.1005952 0.0862647 0.1278224 0.1277656 0.0768304 0.1694132 0.0970591 0.0971814 0.1053827 0.0973453 0.1033559 0.0957710 0.1218491 0.1692913 0.0745420 0.1008990 0.1226866 0.1051315 0.1069527 0.1667303 0.0847097 0.1673588 0.1126863 0.1022770 0.0910312 0.0674588 0.1008930 0.1606277 0.0662865 0.0696807 0.0849005 0.1273174 0.1293622 0.1094822 0.1018854 0.0997030 0.1433311 0.0984531 0.0555811 0.1164152 0.0675559 0.1123354 0.1026071 0.0972825 0.0635676 0.0540576 0.0612496 0.0954728 0.0628649 0.1209996 0.1059184 0.0957919 0.1382352 0.0696979 0.0866128 0.1344350 0.1196198 0.1520441 0.0576862 0.1194165 0.1004616 0.0941301 0.0745164 0.1386282 0.0744711 0.1324511 0.0570732 0.0645423 0.1097961 0.0974971 0.1355494 0.0881969 0.0829000 0.1990695 0.0765648 0.0985764 0.0961460 0.0789711 
S0417         0.2717401 0.1278685 0.1135935 0.0676875 0.1404762 0.1232896 0.1227738 0.0550129 0.1224127 0.2399452 0.1507563 0.0823613 0.1124539 0.1251435 0.0741671 0.1295309 0.0594842 0.1459041 0.1132933 0.1704647 0.1226737 0.1252132 0.0548975 0.1298401 0.0000000 0.1072919 0.1426495 0.1200512 0.1310948 0.1476743 0.1415589 0.1129932 0.0530563 0.1436826 0.1143154 0.0657891 0.0898005 0.1298694 0.1208018 0.1158022 0.1179165 0.2079259 0.1508068 0.1221793 0.1532490 0.1349225 0.1040133 0.1238949 0.1014923 0.1140161 0.1371141 0.1137858 0.0924788 0.1592073 0.1169868 0.0666059 0.1194481 0.1386457 0.1362322 0.1398317 0.1441458 0.1540746 0.1478864 0.1835694 0.1076757 0.1422214 0.1481543 0.1303131 0.1333079 0.1848465 0.1062445 0.1839189 0.1496505 0.1350644 0.1396514 0.1335328 0.1412363 0.1805440 0.1226614 0.1299858 0.1241408 0.0453936 0.1059018 0.0928353 0.1250371 0.0790945 0.0554877 0.1298655 0.0780560 0.1372607 0.1288516 0.1556349 0.1446434 0.1283449 0.1228299 0.1192549 0.1214480 0.1355515 0.1230285 0.0910247 0.1302868 0.1220163 0.0606812 0.1213374 0.1094034 0.0739422 0.1478603 0.1349037 0.1129643 0.1436610 0.1323187 0.1262679 0.1366512 0.0587324 0.1401026 0.1044692 0.1192726 0.1237644 0.1410022 0.1340746 0.1125740 0.1228091 0.1236463 0.2401989 0.1018733 0.1334503 0.1406523 0.1113123 
S0419         0.2310868 0.0772371 0.0148581 0.1203991 0.0567438 0.0715220 0.0736490 0.1061902 0.0753025 0.1887961 0.1031334 0.1205431 0.0761524 0.0862952 0.1427260 0.0833494 0.0992641 0.0925423 0.0708528 0.1150617 0.0731250 0.0789809 0.0961757 0.0879284 0.1072919 0.0000000 0.0943055 0.0767094 0.0762689 0.0965524 0.0920494 0.0735296 0.1101740 0.0929635 0.0720188 0.1178101 0.0915423 0.0831404 0.0756781 0.0477928 0.0758850 0.1781451 0.0965930 0.0770328 0.0960351 0.0857655 0.0039583 0.0741601 0.0058133 0.0095984 0.0847059 0.0496674 0.1011793 0.1114672 0.0576249 0.1294915 0.0770328 0.0838657 0.0791742 0.0818485 0.0866170 0.1073578 0.0719206 0.1442290 0.0603657 0.0830778 0.1086460 0.0800549 0.0774350 0.1483636 0.0039622 0.1451496 0.0906857 0.0872085 0.0811328 0.0846521 0.0841753 0.1462743 0.0702763 0.0874190 0.0671929 0.1030306 0.0972781 0.0809479 0.0808680 0.0774317 0.1160905 0.0842250 0.0459109 0.0877788 0.0781207 0.1096603 0.0862771 0.0745000 0.0799610 0.0704059 0.0697660 0.0860186 0.0802774 0.0943793 0.0856379 0.0739474 0.1082273 0.0825669 0.0087788 0.1138813 0.0709404 0.1248953 0.0662882 0.0708158 0.0785574 0.0681539 0.0874585 0.1124541 0.0911585 0.1004887 0.0730571 0.0798551 0.0934303 0.0755829 0.1062787 0.0693113 0.0659416 0.1818677 0.0402763 0.0760337 0.0884874 0.0623843 
S0427         0.2598028 0.0874130 0.1208598 0.1496925 0.1211066 0.0815980 0.0909227 0.1362090 0.1040130 0.2068297 0.1164665 0.1508499 0.0916071 0.1049580 0.1745354 0.0998246 0.1323992 0.1104147 0.0901382 0.0625405 0.0771699 0.0841136 0.1348038 0.1026010 0.1426495 0.0943055 0.0000000 0.0894301 0.0959808 0.1104339 0.1169688 0.1055926 0.1419633 0.1018441 0.0758570 0.1472379 0.1233528 0.0942493 0.0770140 0.0896531 0.0920746 0.2007196 0.1073189 0.0999569 0.1301364 0.0960561 0.0924349 0.0801705 0.0972815 0.1019537 0.1104821 0.0917595 0.1294355 0.1330208 0.0922535 0.1717014 0.0956314 0.1036706 0.1059491 0.1007831 0.1078195 0.1232341 0.1170522 0.1757673 0.1041097 0.1114037 0.1179179 0.1113096 0.1115924 0.1705394 0.0945554 0.1701955 0.1126481 0.1063781 0.0960663 0.0915937 0.1090734 0.1635856 0.0800906 0.0888068 0.1048765 0.1330114 0.1369350 0.1223087 0.0946781 0.1065252 0.1425808 0.1060980 0.0747797 0.1108071 0.0834424 0.1212937 0.1148437 0.1007033 0.0840949 0.0744960 0.0846690 0.1120650 0.0893825 0.1285737 0.1151837 0.1001687 0.1419919 0.0868826 0.0954613 0.1601044 0.1170349 0.1636764 0.0694403 0.1154207 0.1092183 0.0955086 0.0904445 0.1471945 0.0936155 0.1329515 0.0811727 0.0900985 0.1139362 0.0983077 0.1439529 0.0935666 0.1015846 0.2119314 0.0789244 0.1029834 0.0533082 0.0944893 
S0430         0.2146473 0.0787630 0.0910286 0.1412363 0.0913654 0.0782016 0.0051140 0.1172731 0.0815041 0.1952042 0.1018251 0.1425600 0.0078117 0.0432631 0.1499623 0.0084476 0.1191138 0.0995630 0.0025318 0.0963776 0.0737393 0.0805728 0.1141721 0.0955473 0.1200512 0.0767094 0.0894301 0.0000000 0.0842580 0.0980475 0.0609737 0.0089298 0.1219595 0.0948927 0.0722200 0.1276577 0.1045027 0.0770017 0.0764560 0.0728645 0.0042504 0.1729439 0.0999779 0.0099672 0.1068901 0.0941924 0.0714820 0.0749031 0.0731786 0.0797087 0.0966749 0.0719776 0.1117524 0.0887298 0.0716090 0.2020569 0.0415213 0.0911944 0.0982900 0.0913522 0.0965986 0.1027787 0.0941282 0.1525229 0.0528997 0.0672900 0.0785076 0.0959183 0.0986408 0.1503338 0.0735323 0.1483395 0.1040508 0.0927694 0.0543125 0.0860914 0.0967732 0.1455913 0.0758120 0.0885913 0.0832373 0.1178046 0.1154059 0.1022283 0.0066917 0.0913107 0.1237842 0.0587627 0.0000020 0.0192808 0.0820323 0.0800764 0.0979045 0.0837001 0.0799012 0.0739323 0.0739904 0.0949220 0.0831677 0.1091313 0.0946448 0.0833773 0.1264341 0.0835966 0.0764124 0.1331820 0.0953707 0.1403608 0.0698015 0.0940216 0.0891641 0.0859599 0.0885052 0.1279836 0.0842816 0.1209822 0.0737275 0.0827946 0.0999722 0.0895437 0.1246529 0.0843702 0.0807139 0.1916290 0.0656020 0.0903821 0.0905204 0.0748311 
S0552sl       0.2441485 0.0745085 0.0766815 0.1427215 0.0965324 0.0758899 0.0803968 0.1299375 0.0859191 0.1879289 0.1126260 0.1406050 0.0861284 0.0998181 0.1551204 0.0914219 0.1232912 0.0975286 0.0828814 0.1226125 0.0725368 0.0802737 0.1207345 0.0881336 0.1310948 0.0762689 0.0959808 0.0842580 0.0000000 0.0909875 0.1014947 0.0838456 0.1292660 0.0939444 0.0713055 0.1381827 0.1081909 0.0794188 0.0646888 0.0749297 0.0826936 0.1864166 0.0957870 0.0910215 0.1049516 0.0881041 0.0752223 0.0745333 0.0757647 0.0803780 0.0396034 0.0761718 0.1156937 0.1297483 0.0665877 0.1314027 0.0864010 0.0112963 0.0394871 0.0063986 0.0137307 0.1189271 0.1113556 0.1566690 0.0746749 0.1043792 0.1154241 0.0466268 0.0457311 0.1620688 0.0753096 0.1585215 0.0501000 0.0941024 0.0995893 0.0807923 0.0876244 0.1521353 0.0725528 0.0878679 0.0785158 0.1227824 0.1229561 0.1117263 0.0866829 0.0900040 0.1317815 0.0946256 0.0464684 0.1040464 0.0806893 0.1191235 0.0846327 0.0829998 0.0765084 0.0716753 0.0739361 0.0860865 0.0767869 0.1113328 0.0975568 0.0845472 0.1358830 0.0859437 0.0771528 0.1445722 0.1113400 0.1475341 0.0686408 0.1076961 0.0873279 0.0774743 0.0909321 0.1373646 0.0906429 0.1223789 0.0753464 0.0771283 0.0949230 0.0837431 0.1254087 0.0379304 0.0703793 0.1781136 0.0627671 0.0826362 0.0916009 0.0665981 
S0558         0.2346566 0.0781239 0.1021287 0.1616624 0.1162057 0.0743248 0.0985504 0.1535808 0.0897539 0.2107217 0.1060998 0.1773867 0.1001730 0.1159311 0.1765171 0.1062785 0.1437634 0.1023996 0.0997274 0.1249930 0.0709843 0.0806664 0.1447642 0.0767069 0.1476743 0.0965524 0.1104339 0.0980475 0.0909875 0.0000000 0.1122714 0.1142372 0.1457339 0.0881374 0.0727764 0.1490265 0.1317536 0.0701649 0.0678987 0.0968740 0.0996334 0.2116423 0.0802132 0.1043017 0.1290034 0.0874800 0.0911623 0.0727894 0.0950167 0.0985914 0.1011233 0.0949635 0.1379370 0.1351894 0.0782195 0.1637291 0.1006713 0.1007853 0.1018236 0.0969064 0.1028662 0.1033205 0.1294450 0.1753491 0.0948113 0.1160609 0.1281751 0.1070749 0.1064546 0.1775874 0.0932700 0.1781501 0.1209842 0.1042822 0.1065653 0.0803401 0.1054508 0.1757915 0.0757684 0.0779281 0.0914686 0.1385133 0.1343071 0.1249513 0.1023642 0.1128732 0.1527920 0.1118642 0.0655150 0.1164117 0.0759470 0.1278849 0.1033895 0.0940346 0.0768347 0.0662894 0.0745708 0.0958017 0.0780738 0.1315805 0.1024715 0.0923224 0.1525893 0.0770328 0.0941698 0.1600503 0.1283094 0.1607558 0.0670209 0.1244820 0.0961556 0.0944644 0.0840087 0.1557881 0.0827324 0.1392398 0.0678992 0.0709802 0.1110701 0.0915185 0.1412904 0.0940121 0.0862330 0.2052256 0.0800854 0.0998759 0.1046259 0.0830867 
