130
PAFTOL_019361 0.0000000 0.1950950 0.1949536 0.2389050 0.2354902 0.1865190 0.2358135 0.2204342 0.2007121 0.1956431 0.2143837 0.2357349 0.2148490 0.2252051 0.2387390 0.2079279 0.1812044 0.2486175 0.2215762 0.1827976 0.1817833 0.2763407 0.2153398 0.2276632 0.1760980 0.2018750 0.2349202 0.2417413 0.2483029 0.1945928 0.2085097 0.2430115 0.1926211 0.2175002 0.2074175 0.1939660 0.2442159 0.2157203 0.2030952 0.1973956 0.2017765 0.2417413 0.2037176 0.2258285 0.2481136 0.1873859 0.1818381 0.1979355 0.1708667 0.1877675 0.1929103 0.1964635 0.2224127 0.2238896 0.2155081 0.2227977 0.1876337 0.2239315 0.1876195 0.2097489 0.2448135 0.1995508 0.2125837 0.1958101 0.2016086 0.2505307 0.2177521 0.2573418 0.1962574 0.1983098 0.2209473 0.1760851 0.2092370 0.3099562 0.2061360 0.2303385 0.2316820 0.1923928 0.1700287 0.2098232 0.1969976 0.2286477 0.1941302 0.1958078 0.2155081 0.2155081 0.2567490 0.2192357 0.2312832 0.2364039 0.2644739 0.2404820 0.1994421 0.2251769 0.2078740 0.2072806 0.1937123 0.1906670 0.2033011 0.2106106 0.1684793 0.2369087 0.1953191 0.2036302 0.2416053 0.2206501 0.1719696 0.2092956 0.2017838 0.2312598 0.1992568 0.2012149 0.2063525 0.1749395 0.2043747 0.2275226 0.1877355 0.2074097 0.1749152 0.1802253 0.2004185 0.1957375 0.2647232 0.2220708 0.1867487 0.2664482 0.1635699 0.1924002 0.2086186 0.1991713 
S0055         0.1950950 0.0000000 0.0456957 0.1088576 0.0673533 0.0437046 0.1162986 0.1038994 0.0718540 0.0271615 0.0427670 0.1087729 0.0782361 0.1033977 0.1037337 0.0922146 0.0695614 0.1126304 0.0842318 0.0162650 0.0291796 0.1232507 0.0941108 0.1013625 0.0540506 0.0638325 0.0944002 0.1031096 0.0932776 0.0617134 0.0733207 0.0948307 0.0967768 0.0955456 0.0330847 0.0290886 0.0984528 0.0811322 0.0471015 0.0219866 0.0575805 0.1057204 0.0781773 0.0847271 0.1010477 0.0233714 0.0510437 0.0205187 0.0585377 0.0553609 0.0695327 0.0577833 0.0990765 0.1028315 0.0747375 0.0949068 0.0450446 0.0790727 0.0635380 0.0591514 0.0786558 0.0627162 0.0657331 0.0635776 0.0810999 0.0806800 0.0746132 0.1374695 0.0740357 0.0669457 0.1038521 0.0481632 0.0814815 0.0967297 0.0697259 0.0835702 0.0811863 0.0528676 0.0704082 0.0818790 0.0240950 0.0552426 0.0673867 0.0897635 0.0793514 0.0747375 0.1117696 0.1040254 0.1141227 0.0879719 0.1248462 0.1168654 0.0270953 0.1029832 0.0768818 0.0703738 0.0271681 0.0433073 0.0163504 0.0798347 0.0349306 0.0952751 0.0760567 0.0816268 0.1167356 0.0450610 0.0583346 0.1058618 0.0656578 0.0816768 0.0272372 0.0931440 0.0766833 0.0629273 0.0312763 0.1034714 0.0291802 0.0925015 0.0536086 0.0350025 0.0831737 0.0743448 0.0909192 0.0608800 0.0448092 0.0973381 0.0429062 0.0651007 0.0617088 0.0510036 
S0196sl       0.1949536 0.0456957 0.0000000 0.0752327 0.0600750 0.0572725 0.1105595 0.0834363 0.0561211 0.0473034 0.0613653 0.0732284 0.0839568 0.0682114 0.1062603 0.0699424 0.0797243 0.1066549 0.0601780 0.0371293 0.0475531 0.0871753 0.0972512 0.0727367 0.0116770 0.0611518 0.0599947 0.1011141 0.0686632 0.0610036 0.0813965 0.1033324 0.1082746 0.0737344 0.0499220 0.0494853 0.0722553 0.0682405 0.0564730 0.0394436 0.0299454 0.1094427 0.0802250 0.0900246 0.1042847 0.0428291 0.0116038 0.0403258 0.0137247 0.0175899 0.0672299 0.0278675 0.0822540 0.1057694 0.0591825 0.0753965 0.0431804 0.0848806 0.0630109 0.0609159 0.0669754 0.0596214 0.0855189 0.0404624 0.0762461 0.0746736 0.0823892 0.1390635 0.0550249 0.0615391 0.0942985 0.0098192 0.0840681 0.0677366 0.0726012 0.0745816 0.0897276 0.0675951 0.0635898 0.0806826 0.0354269 0.0612196 0.0581586 0.0609735 0.0640036 0.0591825 0.0871424 0.0966209 0.0807165 0.0895482 0.1117018 0.1195550 0.0449792 0.1059325 0.0706896 0.0682702 0.0473048 0.0528961 0.0351619 0.0617756 0.0519879 0.0778749 0.0605522 0.0589683 0.0865818 0.0588677 0.0217933 0.0638745 0.0425920 0.0664382 0.0388493 0.0731266 0.0720275 0.0648429 0.0523352 0.0748632 0.0453625 0.0748255 0.0788243 0.0475445 0.0752891 0.0828035 0.0663500 0.0599221 0.0429334 0.0917764 0.0195664 0.0583700 0.0498144 0.0475972 
S0278         0.2389050 0.1088576 0.0752327 0.0000000 0.1224160 0.1323337 0.1673546 0.0297196 0.1091357 0.1018511 0.1161631 0.0330266 0.1328776 0.0292238 0.1441523 0.0543618 0.1165229 0.1680436 0.0927686 0.0909611 0.0967216 0.0559069 0.1547202 0.0425429 0.0866684 0.1008528 0.0452608 0.1526735 0.0579245 0.1023176 0.1262187 0.1779861 0.1923738 0.0237243 0.1064804 0.1053113 0.0441880 0.0842666 0.1152943 0.0959042 0.0920106 0.1604104 0.1241762 0.1388162 0.1561776 0.0980422 0.0829693 0.0979800 0.0941249 0.0853982 0.0974064 0.0946696 0.0819001 0.1629526 0.0737823 0.0756131 0.0920718 0.1333971 0.1094516 0.0978153 0.1093420 0.1018401 0.1506849 0.0983714 0.1355349 0.1397967 0.1403944 0.1869426 0.0956666 0.0971188 0.1390988 0.0781171 0.1352869 0.0920388 0.1163265 0.1290330 0.1481008 0.1300473 0.1125777 0.1284959 0.1014404 0.1226480 0.1130187 0.0423300 0.0783269 0.0737823 0.0939038 0.0895461 0.0487984 0.1428115 0.1334924 0.1656556 0.1025616 0.1641389 0.1073867 0.1106832 0.1028868 0.0792709 0.1060901 0.1027763 0.1128255 0.0757352 0.1114507 0.1177563 0.0386597 0.1157455 0.0915805 0.0421493 0.1006166 0.0827147 0.1010851 0.1226256 0.1167254 0.1130780 0.1087546 0.0366399 0.1102696 0.0774929 0.1309824 0.1005168 0.1292773 0.1294248 0.0803579 0.1066521 0.0941412 0.1321697 0.0845206 0.1156005 0.1011295 0.1035580 
S0281         0.2354902 0.0673533 0.0600750 0.1224160 0.0000000 0.0985318 0.1421786 0.1052360 0.1055601 0.0612525 0.0935912 0.1304577 0.0893792 0.1187826 0.1190008 0.1156039 0.1066750 0.1403440 0.1154650 0.0643826 0.0699741 0.1675699 0.1289911 0.1216219 0.0646401 0.0896566 0.1178252 0.1214281 0.1083018 0.0867983 0.1064331 0.1191558 0.1306056 0.1086110 0.0706389 0.0668376 0.1112762 0.1000316 0.0902639 0.0680800 0.0537165 0.1253231 0.1263871 0.1151180 0.1250225 0.0666521 0.0570531 0.0666267 0.0588139 0.0511105 0.0926856 0.0512660 0.1078600 0.1275818 0.0970408 0.1150705 0.0700848 0.1081945 0.0931551 0.0761497 0.0906654 0.0858352 0.1004592 0.0566253 0.1187249 0.1276803 0.0943933 0.1648819 0.0864103 0.0827793 0.1432521 0.0521006 0.1300254 0.1644387 0.0925287 0.1218697 0.0982561 0.0931530 0.0932416 0.1233407 0.0745471 0.1083433 0.1023707 0.1112251 0.0973388 0.0970408 0.1226075 0.1366008 0.1425470 0.0972704 0.1572747 0.1356173 0.0760841 0.1163404 0.1074849 0.1062400 0.0731583 0.0769824 0.0846698 0.0914060 0.0765792 0.1232017 0.1020495 0.1095352 0.1247689 0.0973203 0.0584721 0.1159549 0.0596624 0.1082358 0.0730244 0.0626974 0.0934487 0.0990324 0.0709632 0.1182708 0.0697640 0.1117554 0.0737606 0.0705317 0.1155523 0.1075713 0.1267790 0.0860799 0.0729295 0.0948647 0.0567431 0.1025456 0.0835723 0.0826089 
S0282         0.1865190 0.0437046 0.0572725 0.1323337 0.0985318 0.0000000 0.1234999 0.1237736 0.0849786 0.0295492 0.0529350 0.1279876 0.1000847 0.1222965 0.1135445 0.1168854 0.0905066 0.1244427 0.0540114 0.0233351 0.0339493 0.1641018 0.1065928 0.1227412 0.0634865 0.0679555 0.1113478 0.1132352 0.1029489 0.0725696 0.0918243 0.1258526 0.1320193 0.1191206 0.0364888 0.0340902 0.1164122 0.0933402 0.0529207 0.0257165 0.0653254 0.1110017 0.0946980 0.0979971 0.1138579 0.0273366 0.0598666 0.0262703 0.0714092 0.0648976 0.0845462 0.0651995 0.1090905 0.1309745 0.0883144 0.0980265 0.0676575 0.0987517 0.0670570 0.0747953 0.0869401 0.0760508 0.0794410 0.0773483 0.0819942 0.0947995 0.1019409 0.1428253 0.0902659 0.0867902 0.1028737 0.0565485 0.0946420 0.0702306 0.0825593 0.0961397 0.1101721 0.0641910 0.0724831 0.0992432 0.0305221 0.0674188 0.0745274 0.1054022 0.0884377 0.0883144 0.0857047 0.1363274 0.1268386 0.1119650 0.0951374 0.1240273 0.0339136 0.1336647 0.0936018 0.0832505 0.0317989 0.0130900 0.0470684 0.0728037 0.0476286 0.1101568 0.0902281 0.0940742 0.1387524 0.0578159 0.0711143 0.1242150 0.0798433 0.0967383 0.0318472 0.1105530 0.0884909 0.0766539 0.0367061 0.1223933 0.0409602 0.0954379 0.0682418 0.0503258 0.1009662 0.0939209 0.1079667 0.0715002 0.0672300 0.1068986 0.0572619 0.0792941 0.0653440 0.0674552 
S0288         0.2358135 0.1162986 0.1105595 0.1673546 0.1421786 0.1234999 0.0000000 0.1487285 0.1220157 0.1007160 0.1252884 0.1594550 0.0869562 0.1552597 0.0091558 0.1545500 0.1379671 0.0307382 0.1358698 0.1023587 0.1105874 0.1821572 0.1704051 0.1685351 0.1122553 0.1125100 0.1537546 0.0289884 0.1513664 0.1145664 0.1471523 0.1004491 0.0270002 0.1518475 0.1154483 0.1128692 0.1569071 0.1501617 0.1076553 0.1031114 0.1283268 0.0288949 0.1633336 0.1621949 0.0271782 0.1099789 0.1174774 0.1075500 0.1172194 0.1156527 0.1268179 0.1260664 0.1584645 0.1043425 0.1478044 0.1500192 0.1111324 0.0595451 0.1237709 0.1195555 0.1365351 0.1244246 0.1446198 0.1254018 0.1498289 0.1422440 0.0792876 0.1466670 0.1226588 0.1191900 0.1712413 0.1155015 0.1673792 0.1473830 0.1321185 0.1544748 0.0831101 0.1339265 0.1252059 0.1635304 0.1016291 0.1493229 0.1242142 0.1488234 0.1535661 0.1478044 0.0157124 0.1793548 0.1566265 0.0837792 0.0411769 0.0052942 0.1099767 0.1094675 0.1400923 0.1309745 0.1127349 0.1012369 0.1079109 0.1163492 0.1204413 0.1575386 0.1221389 0.1213706 0.1674776 0.1361700 0.1248421 0.1505761 0.1278453 0.1564628 0.1103271 0.1485770 0.1428687 0.1267588 0.1165289 0.1602885 0.1229168 0.1505244 0.1339191 0.1079064 0.1493891 0.1330876 0.1646884 0.1187015 0.1126098 0.1547851 0.1073418 0.1222426 0.1159095 0.1153416 
S0289         0.2204342 0.1038994 0.0834363 0.0297196 0.1052360 0.1237736 0.1487285 0.0000000 0.1024848 0.0962223 0.1136258 0.0375660 0.1252031 0.0317833 0.1357562 0.0456879 0.1126970 0.1553368 0.1027719 0.0858665 0.0915434 0.0454725 0.1398296 0.0415191 0.0882599 0.0913955 0.0422469 0.1400683 0.0572965 0.1002029 0.1143567 0.1565468 0.1635794 0.0241871 0.0993136 0.0957831 0.0452254 0.0795150 0.1035173 0.0905518 0.0869842 0.1453554 0.1108577 0.1367202 0.1434814 0.0930837 0.0844612 0.0925322 0.0958803 0.0826213 0.0974765 0.0896392 0.0813865 0.1506323 0.0709782 0.0749882 0.0896435 0.1235021 0.1074561 0.0935039 0.1113350 0.0972800 0.1336399 0.0911215 0.1143292 0.1336601 0.1235465 0.1782040 0.0886924 0.0949068 0.1292870 0.0777061 0.1220857 0.1093167 0.1099248 0.1205027 0.1334362 0.1302049 0.1060889 0.1151621 0.0960611 0.1085547 0.0977760 0.0374272 0.0755713 0.0709782 0.1082444 0.0847149 0.0458497 0.1281899 0.1457780 0.1469789 0.0864826 0.1513014 0.0965715 0.1039609 0.0979441 0.0885997 0.1031846 0.1164945 0.1079204 0.0773150 0.1025843 0.1110858 0.0336748 0.1060929 0.0932785 0.0431277 0.0933702 0.0800142 0.0961125 0.1207034 0.1146743 0.1066900 0.1037990 0.0374612 0.1030065 0.0791050 0.1292763 0.0955641 0.1184620 0.1279302 0.0869105 0.1067122 0.0891308 0.1211496 0.0772960 0.1092251 0.0961389 0.0939965 
S0292         0.2007121 0.0718540 0.0561211 0.1091357 0.1055601 0.0849786 0.1220157 0.1024848 0.0000000 0.0630700 0.0848871 0.1027301 0.1043443 0.0975247 0.1148485 0.0947191 0.0629536 0.1206929 0.0672701 0.0593738 0.0669842 0.1194216 0.1117838 0.1020683 0.0616282 0.0777510 0.0974355 0.1205884 0.0992613 0.0561911 0.0948412 0.1351563 0.1072500 0.0989985 0.0735151 0.0688575 0.0970427 0.0929518 0.0735725 0.0597650 0.0736229 0.1233089 0.1290639 0.1258314 0.1185071 0.0644299 0.0666704 0.0609975 0.0662130 0.0690638 0.0677446 0.0736457 0.1113317 0.1226585 0.0908785 0.1046451 0.0546332 0.1001479 0.0624070 0.0600193 0.0677184 0.0610821 0.1210173 0.0818936 0.1178675 0.0747242 0.1003420 0.1576421 0.0551216 0.0610156 0.1190402 0.0640687 0.1326948 0.0923053 0.0704225 0.0652919 0.1072819 0.0953466 0.0406715 0.1297285 0.0581196 0.0917838 0.0364750 0.0906043 0.0956484 0.0908785 0.1280980 0.1177798 0.1102591 0.1049258 0.1259509 0.1303969 0.0645360 0.1228458 0.0568229 0.0124788 0.0687555 0.0577220 0.0663072 0.0304001 0.0754634 0.1032525 0.0069933 0.0143030 0.1148408 0.0848148 0.0744587 0.0972540 0.0840401 0.0980505 0.0606674 0.1104986 0.0290973 0.0441052 0.0695346 0.1041504 0.0692067 0.1001622 0.0991117 0.0669694 0.0589582 0.0655108 0.1075604 0.0553430 0.0543457 0.0929285 0.0562973 0.0421606 0.0689171 0.0586409 
S0293         0.1956431 0.0271615 0.0473034 0.1018511 0.0612525 0.0295492 0.1007160 0.0962223 0.0630700 0.0000000 0.0372510 0.0968948 0.0787862 0.0982695 0.0952276 0.0960696 0.0722210 0.1001252 0.0671883 0.0056657 0.0190875 0.1241667 0.0934589 0.0984973 0.0486827 0.0569384 0.0862797 0.0927516 0.0842734 0.0525939 0.0713461 0.1016006 0.0965888 0.0924182 0.0210542 0.0209547 0.0930594 0.0754350 0.0436046 0.0133798 0.0570416 0.0954298 0.0865346 0.0817256 0.0905952 0.0150616 0.0499178 0.0117076 0.0578068 0.0523048 0.0630098 0.0549507 0.0962955 0.1071555 0.0731287 0.0918850 0.0480198 0.0773458 0.0545225 0.0524278 0.0599444 0.0554799 0.0525314 0.0634819 0.0789686 0.0721559 0.0822739 0.1394858 0.0649661 0.0577576 0.1003394 0.0467527 0.0902239 0.0893676 0.0679257 0.0702393 0.0868633 0.0476842 0.0659200 0.0866264 0.0134822 0.0542345 0.0562592 0.0863007 0.0778532 0.0731287 0.0839387 0.1121649 0.1094552 0.0943756 0.1064602 0.1071835 0.0189212 0.1103083 0.0704541 0.0617356 0.0170301 0.0299478 0.0317543 0.0729783 0.0288923 0.0924708 0.0654439 0.0708857 0.1124936 0.0436081 0.0598251 0.1005809 0.0656924 0.0804867 0.0170745 0.0950067 0.0635813 0.0560117 0.0191897 0.0935410 0.0249745 0.0869714 0.0548939 0.0353058 0.0772264 0.0701526 0.0880395 0.0492910 0.0456815 0.0893941 0.0435110 0.0584097 0.0524549 0.0479240 
S0294         0.2143837 0.0427670 0.0613653 0.1161631 0.0935912 0.0529350 0.1252884 0.1136258 0.0848871 0.0372510 0.0000000 0.1184408 0.0961543 0.1129211 0.1056856 0.1103053 0.0844877 0.1214809 0.0812986 0.0275066 0.0386769 0.1455798 0.1055063 0.1129339 0.0663980 0.0743783 0.1059973 0.1118290 0.1027601 0.0722001 0.0839438 0.1226368 0.1067051 0.1050676 0.0426948 0.0385556 0.1053074 0.0923888 0.0591220 0.0314593 0.0682490 0.1144940 0.1089506 0.0955318 0.1097578 0.0326780 0.0653541 0.0301495 0.0732405 0.0698821 0.0801236 0.0662376 0.1058612 0.1115305 0.0858314 0.1016582 0.0635867 0.0922369 0.0740296 0.0694978 0.0856562 0.0733869 0.0683818 0.0786874 0.1015836 0.0984798 0.0920792 0.1529257 0.0850610 0.0777148 0.1179443 0.0581807 0.1124764 0.0998907 0.0756852 0.0991770 0.0961004 0.0712648 0.0857078 0.1130477 0.0337005 0.0696170 0.0822252 0.1033126 0.0906080 0.0858314 0.1106708 0.1221221 0.1215565 0.1060104 0.1284565 0.1262835 0.0364820 0.1164375 0.0922365 0.0856389 0.0365819 0.0459045 0.0455962 0.0835006 0.0524997 0.1046752 0.0892094 0.0927868 0.1267640 0.0590822 0.0729803 0.1204989 0.0808452 0.0930143 0.0366746 0.1096486 0.0899560 0.0755862 0.0389162 0.1052468 0.0349361 0.0971441 0.0680288 0.0508367 0.0941860 0.0895381 0.1001445 0.0717632 0.0632442 0.1037034 0.0568968 0.0778480 0.0702188 0.0675455 
S0299         0.2357349 0.1087729 0.0732284 0.0330266 0.1304577 0.1279876 0.1594550 0.0375660 0.1027301 0.0968948 0.1184408 0.0000000 0.1379308 0.0254763 0.1519831 0.0567241 0.1053170 0.1572140 0.0829372 0.0908777 0.0966373 0.0472017 0.1463055 0.0387035 0.0842732 0.1013780 0.0394188 0.1554112 0.0626503 0.1004866 0.1263754 0.1838757 0.1682792 0.0293947 0.1019626 0.1052268 0.0501595 0.0800649 0.1152106 0.0956272 0.0919277 0.1601219 0.1246866 0.1383093 0.1589523 0.0979589 0.0894060 0.0978926 0.0916671 0.0918849 0.0978030 0.0945864 0.0903794 0.1604700 0.0737607 0.0818512 0.0925413 0.1334729 0.1076204 0.0938368 0.1070711 0.0978171 0.1554036 0.0982879 0.1323714 0.1429323 0.1355057 0.1832248 0.0892488 0.0998291 0.1314244 0.0849410 0.1358557 0.0976647 0.1145027 0.1270178 0.1431401 0.1321456 0.1104782 0.1253386 0.0921036 0.1154107 0.1066145 0.0365784 0.0783057 0.0737607 0.1272975 0.0863065 0.0388342 0.1429006 0.1551209 0.1657836 0.1024780 0.1642644 0.1054917 0.1135335 0.1028029 0.0877633 0.1083884 0.0952511 0.1102269 0.0752222 0.1072149 0.1111897 0.0425305 0.1041520 0.0982660 0.0341262 0.1005329 0.0826934 0.0964640 0.1279076 0.1196210 0.1133453 0.1086700 0.0348154 0.1101857 0.0859280 0.1286738 0.1004331 0.1177294 0.1199109 0.0873110 0.1094742 0.0920180 0.1377081 0.0844399 0.1066436 0.1016578 0.0991359 
S0308         0.2148490 0.0782361 0.0839568 0.1328776 0.0893792 0.1000847 0.0869562 0.1252031 0.1043443 0.0787862 0.0961543 0.1379308 0.0000000 0.1294277 0.0675059 0.1314630 0.1094322 0.0858639 0.1227057 0.0720909 0.0800288 0.1396125 0.1452229 0.1319753 0.0854880 0.0890640 0.1225329 0.0770177 0.1239544 0.0912677 0.1115045 0.0909813 0.0803878 0.1210418 0.0869697 0.0841801 0.1261906 0.1151102 0.0860404 0.0702538 0.0910063 0.0750388 0.1271553 0.1188699 0.0750450 0.0728955 0.0818232 0.0715790 0.0905634 0.0822322 0.1018378 0.0889003 0.1323638 0.0795963 0.1105233 0.1197022 0.0796542 0.0615251 0.0931390 0.0860404 0.1068381 0.0924225 0.1127620 0.0906149 0.1229396 0.1189818 0.0618174 0.1271636 0.0978581 0.0927813 0.1478827 0.0792811 0.1309107 0.1429310 0.0975339 0.1200993 0.0681820 0.0980552 0.0997847 0.1316096 0.0732307 0.1159260 0.1040601 0.1193301 0.1157302 0.1105233 0.0499948 0.1354804 0.1360662 0.0814318 0.0848524 0.0831079 0.0816017 0.0820095 0.1121729 0.1055926 0.0774627 0.0966740 0.0746841 0.1111972 0.0774870 0.1211473 0.1044457 0.1154903 0.1411272 0.1037725 0.0858334 0.1297816 0.0928524 0.1183510 0.0820669 0.1159384 0.1025278 0.1017937 0.0806073 0.1195250 0.0844500 0.1176416 0.1074535 0.0709321 0.1224124 0.1026624 0.1286909 0.0844452 0.0812224 0.1300448 0.0770203 0.1044058 0.0912726 0.0844473 
S0320         0.2252051 0.1033977 0.0682114 0.0292238 0.1187826 0.1222965 0.1552597 0.0317833 0.0975247 0.0982695 0.1129211 0.0254763 0.1294277 0.0000000 0.1401735 0.0464550 0.1120219 0.1534901 0.0832754 0.0858000 0.0936902 0.0496687 0.1432946 0.0367532 0.0793062 0.0983930 0.0393412 0.1487304 0.0536936 0.0997969 0.1213378 0.1658901 0.1718495 0.0255866 0.0967031 0.0999683 0.0403586 0.0752247 0.1097462 0.0906339 0.0868922 0.1563532 0.1124485 0.1376138 0.1521636 0.0928487 0.0844286 0.0925736 0.0865381 0.0868514 0.0949296 0.0894837 0.0812799 0.1511503 0.0690248 0.0750407 0.0894873 0.1297703 0.1068720 0.0976595 0.1068709 0.0971370 0.1468802 0.0887469 0.1203199 0.1341964 0.1343462 0.1914696 0.0841710 0.0946016 0.1273868 0.0799282 0.1232248 0.0779720 0.1136994 0.1288343 0.1419031 0.1290428 0.1076615 0.1130232 0.0869428 0.1167134 0.0991009 0.0365693 0.0733313 0.0690248 0.1020147 0.0916623 0.0370260 0.1390602 0.1408575 0.1614654 0.0928461 0.1573599 0.1049418 0.1059006 0.0975918 0.0787395 0.1005944 0.0886348 0.1073736 0.0773098 0.1019342 0.1057666 0.0405635 0.1103710 0.0907610 0.0301723 0.0909325 0.0798614 0.0913459 0.1174342 0.1114917 0.1104927 0.1032993 0.0347483 0.1002813 0.0790556 0.1329300 0.0952700 0.1171589 0.1268328 0.0844937 0.1040546 0.0889883 0.1294007 0.0795764 0.1038570 0.0986628 0.0981572 
S0322         0.2387390 0.1037337 0.1062603 0.1441523 0.1190008 0.1135445 0.0091558 0.1357562 0.1148485 0.0952276 0.1056856 0.1519831 0.0675059 0.1401735 0.0000000 0.1395329 0.1256742 0.0319314 0.1428194 0.0896276 0.0954213 0.1523741 0.1616894 0.1507990 0.1067399 0.0973908 0.1330152 0.0242791 0.1286966 0.0997332 0.1351452 0.0780195 0.0280578 0.1339658 0.1029540 0.1003706 0.1341255 0.1299100 0.0951638 0.0923690 0.1158962 0.0242411 0.1401399 0.1507325 0.0224135 0.0975076 0.1025965 0.0945243 0.1118134 0.1006997 0.1144567 0.1133517 0.1403958 0.0968540 0.1275522 0.1346540 0.0985534 0.0511671 0.1063043 0.1047190 0.1227831 0.1093443 0.1255501 0.1154922 0.1314254 0.1277802 0.0711519 0.1229317 0.1173616 0.1063804 0.1593973 0.1044898 0.1442272 0.1552380 0.1147938 0.1418755 0.0750872 0.1266211 0.1128088 0.1450583 0.0958076 0.1370595 0.1195393 0.1312601 0.1332033 0.1275522 0.0053125 0.1565442 0.1496440 0.0757048 0.0450207 0.0073691 0.0975049 0.0994089 0.1278420 0.1163047 0.1002477 0.1001224 0.0924813 0.1227603 0.1107293 0.1393108 0.1149676 0.1166321 0.1475331 0.1237865 0.1096667 0.1398997 0.1179749 0.1360475 0.1002399 0.1390150 0.1280778 0.1147277 0.1039398 0.1425871 0.1057744 0.1324998 0.1240778 0.0953920 0.1451100 0.1235895 0.1472405 0.1004260 0.1001343 0.1399037 0.0948772 0.1150673 0.1011330 0.1032768 
S0327         0.2079279 0.0922146 0.0699424 0.0543618 0.1156039 0.1168854 0.1545500 0.0456879 0.0947191 0.0960696 0.1103053 0.0567241 0.1314630 0.0464550 0.1395329 0.0000000 0.1048428 0.1553445 0.0996736 0.0809023 0.0911379 0.0643039 0.1379435 0.0464045 0.0813276 0.0960124 0.0433434 0.1404900 0.0580294 0.0928034 0.1208268 0.1543957 0.1660361 0.0469553 0.0919914 0.0952673 0.0460912 0.0710463 0.1025886 0.0859652 0.0783776 0.1479586 0.1211321 0.1298934 0.1438131 0.0882537 0.0756437 0.0877929 0.0863412 0.0823030 0.0946130 0.0763482 0.0811021 0.1491654 0.0648979 0.0748777 0.0805285 0.1243571 0.0975870 0.0951190 0.1088535 0.0856329 0.1355667 0.0932083 0.1249814 0.1225826 0.1285792 0.1760008 0.0901548 0.0894416 0.1382544 0.0710445 0.1285165 0.0882313 0.0999276 0.1190011 0.1382521 0.1071607 0.0954511 0.1254327 0.0912512 0.1073794 0.0968607 0.0385335 0.0692950 0.0648979 0.1027648 0.0845114 0.0567385 0.1387263 0.1486121 0.1558036 0.0926384 0.1561571 0.0929745 0.0980748 0.0929246 0.0758478 0.0930477 0.0957860 0.0930651 0.0795609 0.0948069 0.1052211 0.0585485 0.0963758 0.0838847 0.0541536 0.0954164 0.0756240 0.0911406 0.1222582 0.1065372 0.1011939 0.0985138 0.0522309 0.0934175 0.0768318 0.1181121 0.0840596 0.1145186 0.1193567 0.0798663 0.0994481 0.0800849 0.1148075 0.0709462 0.0991329 0.0962749 0.0912273 
S0335         0.1812044 0.0695614 0.0797243 0.1165229 0.1066750 0.0905066 0.1379671 0.1126970 0.0629536 0.0722210 0.0844877 0.1053170 0.1094322 0.1120219 0.1256742 0.1048428 0.0000000 0.1389080 0.0897269 0.0615810 0.0692239 0.1379597 0.1236871 0.1074426 0.0834493 0.0847920 0.1075040 0.1288813 0.1023004 0.0650500 0.0987885 0.1301423 0.1328104 0.1065664 0.0716864 0.0731964 0.1023010 0.0960626 0.0822077 0.0619886 0.0828246 0.1316856 0.1154031 0.1156491 0.1240619 0.0666363 0.0775823 0.0630106 0.0842246 0.0800954 0.0723707 0.0828501 0.1237435 0.1287679 0.0982816 0.1168688 0.0635500 0.1007108 0.0755989 0.0580103 0.0822120 0.0681834 0.1078543 0.0884499 0.1150160 0.0882217 0.1037554 0.1581970 0.0816292 0.0744593 0.1247989 0.0751475 0.1261934 0.1135431 0.0725140 0.0741180 0.1108143 0.0909592 0.0615193 0.1195594 0.0667799 0.0938025 0.0626244 0.0910484 0.1031856 0.0982816 0.1160100 0.1225189 0.1202164 0.1076574 0.1368864 0.1390763 0.0707903 0.1210252 0.0566179 0.0635677 0.0709992 0.0727986 0.0638928 0.0725591 0.0733772 0.1033509 0.0711086 0.0741998 0.1254935 0.0784022 0.0789380 0.1145131 0.0906280 0.1056545 0.0689504 0.1176012 0.0719304 0.0482168 0.0718071 0.1095563 0.0734255 0.1143393 0.0967892 0.0692082 0.0565258 0.0177942 0.1130274 0.0708173 0.0632080 0.1095412 0.0628431 0.0561986 0.0803283 0.0697743 
S0355         0.2486175 0.1126304 0.1066549 0.1680436 0.1403440 0.1244427 0.0307382 0.1553368 0.1206929 0.1001252 0.1214809 0.1572140 0.0858639 0.1534901 0.0319314 0.1553445 0.1389080 0.0000000 0.1378197 0.0989231 0.1117423 0.1725045 0.1741505 0.1665349 0.1086361 0.1113061 0.1549135 0.0195367 0.1556357 0.1157487 0.1333798 0.1029910 0.0078427 0.1526766 0.1118171 0.1140062 0.1576801 0.1459043 0.1182619 0.0996260 0.1268761 0.0157957 0.1652175 0.1575590 0.0177619 0.1064633 0.1161767 0.1067586 0.1135087 0.1143698 0.1302467 0.1246434 0.1564642 0.0968496 0.1435871 0.1481505 0.1122884 0.0629435 0.1200265 0.1206370 0.1352438 0.1185549 0.1434032 0.1288755 0.1524491 0.1456402 0.0806436 0.1505393 0.1188743 0.1203328 0.1829687 0.1142400 0.1692292 0.1452575 0.1331027 0.1578757 0.0845956 0.1350252 0.1313546 0.1661284 0.0957115 0.1501746 0.1253080 0.1496643 0.1492276 0.1435871 0.0481889 0.1691040 0.1606325 0.0874800 0.0406009 0.0366834 0.1111308 0.1015656 0.1414018 0.1319772 0.1091600 0.1200254 0.1043562 0.1253137 0.1170322 0.1555346 0.1208134 0.1249113 0.1734473 0.1371312 0.1234224 0.1488159 0.1313113 0.1520632 0.1044868 0.1554094 0.1387383 0.1326673 0.1128491 0.1610351 0.1191497 0.1486423 0.1381394 0.1137835 0.1476821 0.1344377 0.1631822 0.1247734 0.1137465 0.1579918 0.1108307 0.1257423 0.1218508 0.1167748 
S0376         0.2215762 0.0842318 0.0601780 0.0927686 0.1154650 0.0540114 0.1358698 0.1027719 0.0672701 0.0671883 0.0812986 0.0829372 0.1227057 0.0832754 0.1428194 0.0996736 0.0897269 0.1378197 0.0000000 0.0592809 0.0736652 0.1452644 0.1207728 0.1102598 0.0632268 0.0495035 0.1028793 0.1349187 0.1100434 0.0898936 0.1115103 0.1620699 0.1409899 0.0881272 0.0678106 0.0765051 0.1026198 0.0902964 0.0807245 0.0622187 0.0744816 0.1384706 0.0918871 0.1254716 0.1314543 0.0640174 0.0738562 0.0608178 0.0762247 0.0774589 0.0890941 0.0776668 0.1142723 0.1379288 0.0840876 0.1008567 0.0772992 0.1079620 0.0829181 0.0797440 0.1041598 0.0841915 0.1355082 0.0835234 0.0792167 0.0991195 0.1220077 0.1502594 0.0747806 0.0894402 0.0918913 0.0699479 0.1047934 0.0775195 0.0959922 0.0990542 0.1251196 0.0968475 0.0772908 0.0923181 0.0569679 0.0828994 0.0704072 0.0895856 0.0874023 0.0840876 0.1209250 0.1684002 0.0907033 0.1439662 0.1156489 0.1438955 0.0700262 0.1369018 0.0808464 0.0710156 0.0672535 0.0584560 0.0698436 0.0746026 0.0737552 0.0873153 0.0735299 0.0747618 0.1055053 0.0769201 0.0892575 0.0939233 0.0867024 0.0876291 0.0616106 0.1232381 0.0800860 0.0757267 0.0778072 0.0929755 0.0741703 0.0966593 0.1087202 0.0802026 0.0870159 0.0969756 0.0913697 0.0872991 0.0766804 0.1240869 0.0708942 0.0698972 0.0434992 0.0715364 
S0400         0.1827976 0.0162650 0.0371293 0.0909611 0.0643826 0.0233351 0.1023587 0.0858665 0.0593738 0.0056657 0.0275066 0.0908777 0.0720909 0.0858000 0.0896276 0.0809023 0.0615810 0.0989231 0.0592809 0.0000000 0.0106929 0.1094848 0.0809469 0.0858420 0.0418797 0.0474507 0.0784194 0.0896557 0.0712516 0.0453712 0.0608981 0.0877003 0.0872187 0.0780659 0.0143663 0.0106600 0.0851890 0.0682938 0.0314376 0.0035798 0.0435122 0.0921694 0.0748264 0.0765325 0.0876189 0.0052717 0.0391607 0.0018217 0.0482304 0.0433064 0.0551752 0.0415825 0.0791425 0.0939755 0.0642901 0.0772411 0.0353445 0.0664246 0.0471850 0.0493462 0.0582352 0.0482522 0.0475326 0.0534389 0.0680881 0.0721377 0.0709164 0.1328933 0.0591056 0.0522716 0.0923110 0.0360962 0.0781045 0.0799394 0.0617262 0.0706298 0.0774814 0.0409735 0.0578544 0.0784836 0.0054308 0.0412362 0.0550711 0.0746503 0.0687736 0.0642901 0.0908826 0.0905791 0.0936914 0.0771028 0.1080773 0.1031612 0.0088273 0.0941118 0.0641476 0.0598823 0.0088498 0.0210710 0.0222588 0.0710586 0.0235788 0.0799588 0.0634691 0.0665027 0.0987711 0.0333346 0.0480658 0.0916012 0.0554767 0.0710345 0.0070822 0.0822247 0.0639852 0.0507847 0.0125822 0.0834795 0.0143259 0.0749517 0.0415414 0.0256225 0.0703001 0.0662473 0.0800435 0.0464487 0.0351616 0.0818251 0.0312846 0.0528787 0.0454149 0.0391329 
S0405         0.1817833 0.0291796 0.0475531 0.0967216 0.0699741 0.0339493 0.1105874 0.0915434 0.0669842 0.0190875 0.0386769 0.0966373 0.0800288 0.0936902 0.0954213 0.0911379 0.0692239 0.1117423 0.0736652 0.0106929 0.0000000 0.1156740 0.0931794 0.0936986 0.0515056 0.0590947 0.0844136 0.1023043 0.0751824 0.0570209 0.0726212 0.0971047 0.1035852 0.0903513 0.0252539 0.0177607 0.0930243 0.0804830 0.0407545 0.0143846 0.0530805 0.1048908 0.0807498 0.0843081 0.1002583 0.0122969 0.0485851 0.0128104 0.0579950 0.0528281 0.0647211 0.0511384 0.0891658 0.1092672 0.0741423 0.0850888 0.0448320 0.0808371 0.0629331 0.0588678 0.0686684 0.0579344 0.0529421 0.0631055 0.0772502 0.0820350 0.0854802 0.1467880 0.0689884 0.0620810 0.1029670 0.0456921 0.0840453 0.0919220 0.0693869 0.0784104 0.0922282 0.0503290 0.0676070 0.0844523 0.0163385 0.0506965 0.0626215 0.0821315 0.0787147 0.0741423 0.0956641 0.0963067 0.1061864 0.0897331 0.1199134 0.1114522 0.0158832 0.1094300 0.0718656 0.0675576 0.0177339 0.0207202 0.0335980 0.0763444 0.0346130 0.0878748 0.0711059 0.0742662 0.1088625 0.0407219 0.0577956 0.1000329 0.0651689 0.0810192 0.0195725 0.0924150 0.0717206 0.0582688 0.0197650 0.0890138 0.0251816 0.0827702 0.0531010 0.0291273 0.0780450 0.0739797 0.0901784 0.0562713 0.0445988 0.0897170 0.0405725 0.0603922 0.0529510 0.0467718 
S0407sl       0.2763407 0.1232507 0.0871753 0.0559069 0.1675699 0.1641018 0.1821572 0.0454725 0.1194216 0.1241667 0.1455798 0.0472017 0.1396125 0.0496687 0.1523741 0.0643039 0.1379597 0.1725045 0.1452644 0.1094848 0.1156740 0.0000000 0.1771206 0.0323454 0.1124569 0.1220740 0.0302529 0.1570589 0.0344316 0.1141357 0.1405745 0.2077292 0.1657993 0.0327559 0.1202326 0.1254327 0.0434190 0.0975161 0.1329586 0.1072306 0.1160737 0.1725045 0.1775736 0.1724696 0.1550249 0.1175770 0.0983545 0.1077071 0.1201880 0.1055366 0.1238035 0.1122455 0.0995784 0.1686712 0.0878451 0.0867874 0.1121464 0.1364176 0.1291668 0.1326534 0.1225912 0.1233341 0.1978943 0.1298365 0.2048541 0.1505716 0.1520664 0.1947472 0.1212880 0.1231143 0.1714116 0.0966536 0.1860429 0.0774559 0.1403109 0.1427199 0.1594559 0.1556979 0.1338301 0.1795661 0.1155925 0.1464079 0.1347951 0.0349674 0.0949091 0.0878451 0.0000010 0.0775233 0.0646731 0.1363579 0.1825990 0.1794287 0.1144108 0.1744751 0.1449573 0.1212896 0.1145291 0.1090636 0.1221467 0.1160434 0.1291585 0.0972784 0.1296741 0.1282983 0.0526556 0.1392413 0.1127448 0.0390788 0.1298365 0.0947891 0.1119703 0.1786872 0.1333215 0.1324448 0.1218435 0.0406305 0.1296897 0.0934597 0.1744606 0.1107152 0.1558148 0.1502557 0.0981094 0.1138278 0.1115208 0.1537680 0.1004753 0.1326868 0.1234831 0.1157505 
S0412sl       0.2153398 0.0941108 0.0972512 0.1547202 0.1289911 0.1065928 0.1704051 0.1398296 0.1117838 0.0934589 0.1055063 0.1463055 0.1452229 0.1432946 0.1616894 0.1379435 0.1236871 0.1741505 0.1207728 0.0809469 0.0931794 0.1771206 0.0000000 0.1376067 0.1016091 0.1122935 0.1432542 0.1580036 0.1494101 0.1056109 0.1129443 0.1305055 0.1633410 0.1471424 0.0979599 0.0884706 0.1423297 0.1256280 0.0936061 0.0835247 0.1173977 0.1717743 0.1414049 0.1104774 0.1610590 0.0859142 0.1046215 0.0804774 0.1073070 0.1090937 0.1161949 0.1152302 0.1456107 0.1627457 0.1185838 0.1307830 0.1031340 0.1400644 0.1074619 0.1098130 0.1229325 0.1051785 0.1179311 0.1240352 0.1261039 0.1316955 0.1308586 0.1854954 0.1178803 0.1147025 0.1602980 0.1003780 0.1451541 0.1268554 0.1218484 0.1296360 0.1356499 0.1162737 0.1169916 0.1459205 0.0843438 0.1127051 0.1184391 0.1344441 0.1238501 0.1185838 0.1479302 0.1765131 0.1547546 0.1455427 0.1882871 0.1775453 0.0860628 0.1568821 0.1196705 0.1249489 0.0905469 0.1061653 0.0933052 0.1293602 0.0952279 0.1392135 0.1231633 0.1300478 0.1470574 0.1053228 0.1117078 0.1471405 0.1264079 0.1311555 0.0907762 0.1565537 0.1238925 0.1036743 0.0960740 0.1529908 0.0911426 0.1406644 0.1110399 0.0887374 0.1221950 0.1294951 0.1416923 0.1151823 0.1025470 0.1484239 0.0930621 0.1059320 0.1166940 0.1095659 
S0417         0.2276632 0.1013625 0.0727367 0.0425429 0.1216219 0.1227412 0.1685351 0.0415191 0.1020683 0.0984973 0.1129339 0.0387035 0.1319753 0.0367532 0.1507990 0.0464045 0.1074426 0.1665349 0.1102598 0.0858420 0.0936986 0.0323454 0.1376067 0.0000000 0.0859686 0.0977757 0.0352775 0.1539132 0.0405305 0.0953646 0.1259153 0.1566774 0.1728707 0.0293419 0.0967486 0.1000135 0.0402002 0.0754635 0.1097937 0.0906777 0.0915995 0.1616138 0.1236049 0.1398530 0.1574062 0.0928917 0.0801376 0.0924315 0.0910754 0.0868932 0.0943121 0.0895264 0.0814612 0.1540546 0.0692429 0.0752076 0.0871328 0.1347113 0.1023597 0.1020251 0.1091078 0.0948223 0.1415726 0.0979337 0.1311193 0.1322209 0.1367296 0.1855611 0.0950602 0.0966993 0.1413357 0.0734180 0.1276112 0.0987406 0.1181943 0.1240832 0.1443200 0.1197430 0.1098019 0.1278983 0.0958791 0.1170031 0.1059262 0.0288632 0.0737094 0.0692429 0.1286351 0.0755520 0.0527400 0.1344528 0.1646644 0.1699248 0.0973322 0.1600606 0.1070669 0.1055771 0.0976361 0.0887894 0.0983474 0.1064877 0.1051058 0.0799151 0.1065190 0.1129062 0.0482549 0.1079887 0.0885745 0.0378716 0.1001691 0.0780326 0.0958473 0.1274144 0.1074219 0.1016514 0.0987846 0.0345768 0.1003266 0.0792311 0.1280855 0.0908824 0.1288825 0.1244567 0.0805591 0.1020058 0.0866482 0.1367042 0.0753552 0.1084484 0.0987088 0.0915698 
S0419         0.1760980 0.0540506 0.0116770 0.0866684 0.0646401 0.0634865 0.1122553 0.0882599 0.0616282 0.0486827 0.0663980 0.0842732 0.0854880 0.0793062 0.1067399 0.0813276 0.0834493 0.1086361 0.0632268 0.0418797 0.0515056 0.1124569 0.1016091 0.0859686 0.0000000 0.0662262 0.0740911 0.1035119 0.0739996 0.0640375 0.0848555 0.1022357 0.1110203 0.0824109 0.0516300 0.0533620 0.0832268 0.0769260 0.0618419 0.0441252 0.0370159 0.1112111 0.0792571 0.0901880 0.1064514 0.0470937 0.0070735 0.0449484 0.0107949 0.0088639 0.0697775 0.0350699 0.0856507 0.1035692 0.0685875 0.0814082 0.0494791 0.0839938 0.0638685 0.0659161 0.0693308 0.0650847 0.0834419 0.0528255 0.0723829 0.0874394 0.0865051 0.1393630 0.0613497 0.0693837 0.0971333 0.0071812 0.0826124 0.0775904 0.0767609 0.0861351 0.0933445 0.0766857 0.0704866 0.0796521 0.0403554 0.0727312 0.0633867 0.0725947 0.0731339 0.0685875 0.0848145 0.1028493 0.0892562 0.0882267 0.1189175 0.1205451 0.0511118 0.1081977 0.0798453 0.0729967 0.0512588 0.0587000 0.0463827 0.0681376 0.0597885 0.0863243 0.0616823 0.0642184 0.0966344 0.0641028 0.0162719 0.0800703 0.0548392 0.0754260 0.0434287 0.0818332 0.0786467 0.0718202 0.0559595 0.0879279 0.0555917 0.0813109 0.0806264 0.0535459 0.0838428 0.0863246 0.0867462 0.0655175 0.0511300 0.0928652 0.0272066 0.0656091 0.0535615 0.0535878 
S0427         0.2018750 0.0638325 0.0611518 0.1008528 0.0896566 0.0679555 0.1125100 0.0913955 0.0777510 0.0569384 0.0743783 0.1013780 0.0890640 0.0983930 0.0973908 0.0960124 0.0847920 0.1113061 0.0495035 0.0474507 0.0590947 0.1220740 0.1122935 0.0977757 0.0662262 0.0000000 0.0937500 0.1004348 0.1001465 0.0652386 0.0901924 0.1073105 0.1038746 0.0927571 0.0573318 0.0589044 0.0998891 0.0803253 0.0675777 0.0497324 0.0677382 0.1044810 0.1050392 0.1010469 0.1004773 0.0525910 0.0629379 0.0507532 0.0730504 0.0653087 0.0691369 0.0657422 0.1002200 0.1112321 0.0782861 0.0936579 0.0611776 0.0894078 0.0690801 0.0653118 0.0778308 0.0621235 0.0852412 0.0759407 0.0977645 0.0932730 0.0967921 0.1429000 0.0690577 0.0662180 0.1130263 0.0602599 0.1085271 0.0896826 0.0781837 0.0945213 0.1037363 0.0828469 0.0738973 0.1090738 0.0542979 0.0922057 0.0752808 0.0912393 0.0829064 0.0782861 0.0957506 0.1176856 0.1042513 0.0984709 0.1066584 0.1133888 0.0566237 0.1113981 0.0811241 0.0808209 0.0526041 0.0580150 0.0584768 0.0829397 0.0695493 0.0965421 0.0819817 0.0831677 0.1069560 0.0788613 0.0727916 0.1019204 0.0780717 0.0852345 0.0529615 0.1037372 0.0739580 0.0731894 0.0574260 0.0981785 0.0632162 0.0912892 0.0858506 0.0632088 0.0852681 0.0898660 0.0944781 0.0713504 0.0608508 0.0991859 0.0506446 0.0733237 0.0309438 0.0652326 
S0428sl       0.2349202 0.0944002 0.0599947 0.0452608 0.1178252 0.1113478 0.1537546 0.0422469 0.0974355 0.0862797 0.1059973 0.0394188 0.1225329 0.0393412 0.1330152 0.0433434 0.1075040 0.1549135 0.1028793 0.0784194 0.0844136 0.0302529 0.1432542 0.0352775 0.0740911 0.0937500 0.0000000 0.1371062 0.0432073 0.0927377 0.1166937 0.1612987 0.1584808 0.0317804 0.0874579 0.0885917 0.0389862 0.0620140 0.1052039 0.0813275 0.0820036 0.1473404 0.1394870 0.1301653 0.1404766 0.0837452 0.0664021 0.0783425 0.0790673 0.0687173 0.0989710 0.0777191 0.0764090 0.1517244 0.0601431 0.0720791 0.0823305 0.1207449 0.0998105 0.0949276 0.1064443 0.0921457 0.1421736 0.0887346 0.1396572 0.1232939 0.1274527 0.1743379 0.0902896 0.0895579 0.1394989 0.0637472 0.1432615 0.0906803 0.1066628 0.1142402 0.1347541 0.1175144 0.1074413 0.1440236 0.0843373 0.1124758 0.1013572 0.0313022 0.0645727 0.0601431 0.1148864 0.0709419 0.0556656 0.1270971 0.1388911 0.1526701 0.0859700 0.1559329 0.1024632 0.1009279 0.0863136 0.0689307 0.0933503 0.0957321 0.1026825 0.0791624 0.1019323 0.1053187 0.0490726 0.1033583 0.0766266 0.0344291 0.0909699 0.0688838 0.0866356 0.1181039 0.1072810 0.1014107 0.0940679 0.0351770 0.0911144 0.0761386 0.1211509 0.0861473 0.1244834 0.1199988 0.0755833 0.0972800 0.0818661 0.1323778 0.0684638 0.1038932 0.0918015 0.0868102 
S0430         0.2417413 0.1031096 0.1011141 0.1526735 0.1214281 0.1132352 0.0289884 0.1400683 0.1205884 0.0927516 0.1118290 0.1554112 0.0770177 0.1487304 0.0242791 0.1404900 0.1288813 0.0195367 0.1349187 0.0896557 0.1023043 0.1570589 0.1580036 0.1539132 0.1035119 0.1004348 0.1371062 0.0000000 0.1359729 0.1069250 0.1327474 0.0828010 0.0104678 0.1376931 0.1002801 0.1045270 0.1427806 0.1312436 0.1087319 0.0924543 0.1119680 0.0141263 0.1452077 0.1459559 0.0052399 0.0971785 0.1017402 0.0946124 0.1083111 0.0999345 0.1228986 0.1097914 0.1414788 0.0943193 0.1289770 0.1334456 0.1027973 0.0547207 0.1111734 0.1110569 0.1279917 0.1141087 0.1277476 0.1139410 0.1367662 0.1355155 0.0719829 0.1349492 0.1222130 0.1136476 0.1694184 0.0995615 0.1490696 0.1460739 0.1232441 0.1473841 0.0737478 0.1249992 0.1238775 0.1498781 0.0956258 0.1398344 0.1252000 0.1350131 0.1344155 0.1289770 0.0207746 0.1573549 0.1557678 0.0762062 0.0294481 0.0272995 0.1017489 0.0967424 0.1337633 0.1220540 0.0997905 0.1100477 0.0949171 0.1292914 0.1097767 0.1404448 0.1207087 0.1248019 0.1581147 0.1270858 0.1084908 0.1463979 0.1162956 0.1371508 0.0977062 0.1428632 0.1287180 0.1228425 0.1033047 0.1483678 0.1095412 0.1338784 0.1313149 0.1043285 0.1475543 0.1268897 0.1479041 0.1148198 0.1042909 0.1419382 0.0966416 0.1256336 0.1100326 0.1074285 
S0478         0.2483029 0.0932776 0.0686632 0.0579245 0.1083018 0.1029489 0.1513664 0.0572965 0.0992613 0.0842734 0.1027601 0.0626503 0.1239544 0.0536936 0.1286966 0.0580294 0.1023004 0.1556357 0.1100434 0.0712516 0.0751824 0.0344316 0.1494101 0.0405305 0.0739996 0.1001465 0.0432073 0.1359729 0.0000000 0.0990036 0.1230948 0.1607628 0.1416307 0.0429989 0.0784024 0.0750096 0.0466636 0.0862372 0.1003038 0.0739601 0.0803979 0.1418491 0.1136949 0.1366812 0.1391311 0.0771257 0.0680182 0.0683858 0.0768233 0.0730588 0.1034585 0.0757496 0.0715980 0.1448602 0.0792399 0.0766218 0.0825142 0.1242197 0.1069959 0.1014830 0.1090010 0.0986433 0.1217116 0.0919692 0.1210988 0.1214617 0.1239216 0.1847390 0.0989188 0.0982243 0.1301807 0.0696061 0.1246094 0.1104141 0.1066602 0.1183090 0.1317904 0.1103775 0.1077527 0.1106378 0.0769846 0.1095109 0.1035198 0.0487864 0.0819619 0.0792399 0.1431151 0.0633921 0.0676601 0.1267931 0.1542730 0.1472823 0.0794990 0.1459964 0.0967739 0.1022221 0.0797353 0.0782047 0.0916628 0.0921250 0.0950628 0.0816966 0.1017104 0.1048610 0.0690724 0.0949701 0.0766113 0.0437749 0.0944049 0.0845384 0.0775511 0.0968315 0.1000168 0.0988144 0.0829316 0.0531924 0.0847058 0.0765245 0.0876582 0.0846950 0.1155199 0.1210031 0.0970336 0.0991319 0.0845888 0.1185002 0.0674484 0.1036905 0.0930661 0.0851103 
S0552sl       0.1945928 0.0617134 0.0610036 0.1023176 0.0867983 0.0725696 0.1145664 0.1002029 0.0561911 0.0525939 0.0722001 0.1004866 0.0912677 0.0997969 0.0997332 0.0928034 0.0650500 0.1157487 0.0898936 0.0453712 0.0570209 0.1141357 0.1056109 0.0953646 0.0640375 0.0652386 0.0927377 0.1069250 0.0990036 0.0000000 0.0972246 0.1030589 0.0998509 0.0943732 0.0634023 0.0568377 0.0902816 0.0693392 0.0696476 0.0497756 0.0696796 0.1088788 0.1045993 0.1005305 0.1048673 0.0545807 0.0607366 0.0528177 0.0686700 0.0630798 0.0441703 0.0676824 0.1020955 0.1158168 0.0673466 0.0955639 0.0488056 0.0914392 0.0123619 0.0309624 0.0153180 0.0143794 0.0956291 0.0757678 0.0973625 0.0727809 0.0917254 0.1582581 0.0356054 0.0295294 0.1167637 0.0580309 0.1080694 0.1033573 0.0444935 0.0633453 0.0985495 0.0804665 0.0547574 0.1086109 0.0522786 0.0854786 0.0539897 0.0840850 0.0717980 0.0673466 0.1099292 0.0894218 0.1079333 0.0937426 0.1269925 0.1154605 0.0586301 0.1114005 0.0673411 0.0589199 0.0587995 0.0638300 0.0605519 0.0728740 0.0674141 0.0985310 0.0622051 0.0673076 0.1083098 0.0744283 0.0704707 0.0994765 0.0778927 0.0715565 0.0589494 0.0987519 0.0647705 0.0500463 0.0594623 0.0974248 0.0611199 0.0931907 0.0790271 0.0529477 0.0693511 0.0676106 0.0829744 0.0356431 0.0485503 0.0777431 0.0504866 0.0561002 0.0653217 0.0507591 
