132
S0055      0.0000000 0.1197151 0.1122981 0.1613519 0.0673466 0.1339225 0.1054617 0.1121770 0.0902255 0.1017639 0.1014958 0.1112328 0.1607195 0.0923795 0.1197358 0.0850235 0.1245903 0.2081870 0.1271390 0.0904197 0.0674336 0.0712688 0.0983929 0.1002704 0.0965929 0.1025833 0.0970884 0.1529117 0.1338384 0.1072492 0.1025509 0.1058389 0.1161363 0.0776168 0.0819694 0.0609703 0.1008727 0.1228133 0.1187638 0.0615766 0.0782797 0.1167329 0.1089172 0.1294237 0.1041603 0.1156882 0.1159880 0.0635539 0.1017752 0.0701845 0.1016325 0.1032593 0.1124244 0.1084682 0.2084841 0.1140918 0.1178717 0.1047219 0.0852375 0.0964105 0.1539009 0.1241046 0.1110861 0.1935566 0.1191417 0.1481278 0.1032437 0.1529696 0.1191041 0.1323901 0.1461874 0.1147944 0.0995787 0.1191881 0.0982771 0.1729123 0.1411663 0.1151799 0.1108280 0.1248096 0.0965918 0.1239423 0.0751404 0.0670392 0.0896025 0.0851279 0.1543503 0.0976317 0.1056793 0.1301197 0.1167108 0.1053823 0.1299788 0.1341653 0.1314370 0.0605076 0.1175761 0.1125782 0.1139400 0.0702166 0.0780233 0.0810892 0.1236775 0.0726012 0.0787036 0.1097414 0.1100226 0.1057031 0.0951957 0.1100823 0.0987424 0.1001603 0.1264944 0.0842712 0.1191111 0.1038960 0.0692345 0.1129814 0.0824936 0.1186688 0.1064909 0.0791473 0.1147377 0.1094076 0.1085234 0.1088039 0.1010734 0.1178438 0.0939574 0.1042405 0.1007423 0.0796443 
S0196sl    0.1197151 0.0000000 0.0711431 0.0923415 0.1120653 0.0910295 0.0768624 0.1015031 0.1758377 0.1720171 0.0842489 0.0873622 0.1129604 0.0675739 0.0841351 0.0668096 0.1076136 0.1719367 0.1023898 0.1332826 0.1079368 0.1171876 0.0601295 0.1389257 0.0598326 0.0107178 0.1250190 0.0946477 0.0909698 0.0755441 0.0767506 0.1272917 0.1069202 0.0531431 0.1305186 0.1045357 0.0943147 0.0822880 0.0713348 0.1016291 0.1256563 0.0535908 0.0832345 0.1006798 0.1041881 0.0889153 0.0939290 0.1204965 0.0133890 0.1151500 0.0106324 0.0163194 0.1211024 0.0467832 0.1001999 0.0870597 0.0674388 0.0685885 0.0681426 0.0618415 0.0951237 0.0944736 0.1067473 0.1741420 0.0971969 0.1742302 0.0405217 0.1094879 0.0965387 0.0951780 0.1321893 0.1009338 0.1002143 0.0970129 0.0079423 0.1110287 0.1270916 0.1008167 0.1071715 0.0913825 0.1173700 0.1099048 0.0554650 0.1076167 0.1664367 0.1029423 0.2218691 0.0613757 0.0699961 0.0805881 0.0833159 0.0759895 0.1041723 0.0903808 0.0883252 0.1122585 0.0904287 0.0824807 0.1159058 0.1113116 0.1152238 0.1403550 0.1076192 0.1260212 0.0547256 0.1028650 0.0954054 0.0810275 0.1470332 0.0162595 0.0677972 0.0405990 0.0783650 0.1323038 0.1059131 0.0847927 0.1187699 0.0539428 0.1083983 0.0935735 0.1754084 0.1039043 0.1001436 0.0996989 0.0835252 0.1062429 0.0763551 0.0844060 0.0721658 0.0815321 0.1415801 0.0399986 
S0278      0.1122981 0.0711431 0.0000000 0.1034121 0.1026326 0.1000772 0.0459577 0.1163863 0.1592706 0.1842551 0.0425454 0.0809911 0.1254728 0.0517307 0.0791416 0.0424654 0.0958301 0.1377132 0.1041170 0.1146340 0.1099087 0.1146035 0.0454028 0.1503933 0.0374845 0.0685970 0.1143920 0.0805102 0.1000144 0.0714935 0.0888610 0.1388950 0.0944113 0.0328632 0.1201004 0.1026281 0.0682342 0.0760528 0.0790861 0.1095273 0.1226114 0.0930098 0.0774347 0.1198006 0.1530114 0.0823292 0.0965207 0.1147480 0.0713426 0.1127099 0.0679959 0.0690317 0.1204289 0.0855070 0.1125880 0.0973813 0.0712258 0.0593685 0.0855830 0.0465503 0.1129431 0.1094353 0.1155270 0.1815761 0.1152720 0.2851846 0.0680642 0.1261519 0.1044326 0.1052063 0.1188783 0.0972299 0.0955023 0.1050208 0.0649216 0.1287955 0.0860714 0.1044539 0.1148819 0.0981487 0.1070047 0.1073339 0.0666724 0.1092277 0.1496888 0.0848619 0.1343989 0.0535929 0.0681640 0.0897871 0.0610750 0.0208768 0.1076988 0.0993870 0.0975177 0.1209453 0.0900582 0.0814263 0.1273244 0.1127636 0.0898982 0.1157382 0.1186912 0.1337777 0.0581503 0.1058088 0.1142541 0.0615299 0.1406758 0.0717959 0.0518799 0.0714524 0.0790237 0.1289245 0.1191271 0.0839888 0.1129109 0.0429047 0.1029348 0.0958654 0.1834800 0.1055021 0.0908483 0.0783791 0.0840156 0.1065903 0.0942564 0.1033146 0.0925896 0.0842544 0.1296834 0.0599344 
S0281      0.1613519 0.0923415 0.1034121 0.0000000 0.1593877 0.1294922 0.1130204 0.1256705 0.2170423 0.2363571 0.1187565 0.1131417 0.1452924 0.1076482 0.1172752 0.1315222 0.1316526 0.1622680 0.1301775 0.1423448 0.1595894 0.1695111 0.1190051 0.1666721 0.1126483 0.0989814 0.1420112 0.1574886 0.1216531 0.1212083 0.1160118 0.1813783 0.1461466 0.0821260 0.1669951 0.1593854 0.1425869 0.1342170 0.1310526 0.1437080 0.1745653 0.0975984 0.1143661 0.1974829 0.1577901 0.1150722 0.1491656 0.1686789 0.0986589 0.1464183 0.0980427 0.0963090 0.1329888 0.0898987 0.1958106 0.1334748 0.1317766 0.1131114 0.1254061 0.1024241 0.1449815 0.1340382 0.1334514 0.2058417 0.1370290 0.2728809 0.0757953 0.2267919 0.1418104 0.1547149 0.1495240 0.1270849 0.1321537 0.1892888 0.0946204 0.2466227 0.1176999 0.1389001 0.1489673 0.1424556 0.1471052 0.1141393 0.1075343 0.1585370 0.1834411 0.1032643 0.2053581 0.1008656 0.1173677 0.1195199 0.1156202 0.0979063 0.1522312 0.1193670 0.1196286 0.1805073 0.1290938 0.0948394 0.1333471 0.1625138 0.1240000 0.1363051 0.1186148 0.1630206 0.1012384 0.1162706 0.1197510 0.1133084 0.1747118 0.1058022 0.1285893 0.0758443 0.1309449 0.1898284 0.1250863 0.1137342 0.1666730 0.0931257 0.1695615 0.1333948 0.2232791 0.1567628 0.0902391 0.1126556 0.1358754 0.1373071 0.1303414 0.1410397 0.1295973 0.1137344 0.1546590 0.0935459 
S0282      0.0673466 0.1120653 0.1026326 0.1593877 0.0000000 0.1480325 0.0890532 0.1255276 0.0501420 0.0871489 0.0981830 0.1270675 0.1529159 0.0837480 0.1261847 0.0819734 0.1197211 0.1581588 0.1509259 0.0858377 0.0150484 0.0205522 0.0896133 0.0979694 0.0944236 0.1026228 0.0885083 0.1333781 0.1479413 0.1029392 0.1131668 0.0998877 0.1470202 0.0888328 0.0369186 0.0099385 0.0992543 0.1110712 0.1262727 0.0849361 0.0178343 0.1287904 0.1248019 0.1440033 0.1196787 0.1292900 0.1065778 0.0177842 0.1054225 0.0175265 0.1016732 0.1032978 0.1363993 0.1116607 0.2002639 0.1293388 0.1253213 0.0930248 0.0884770 0.0875933 0.1533400 0.1314207 0.1327263 0.2083886 0.1415696 0.1166592 0.0970413 0.1622502 0.1243461 0.1304495 0.1380423 0.1274236 0.1365737 0.1279459 0.0983243 0.1727631 0.1320156 0.1297590 0.0979609 0.1263617 0.0862623 0.1494717 0.0685024 0.0149724 0.0556570 0.1013542 0.1483785 0.1001913 0.1128870 0.1417049 0.1125262 0.0942253 0.1281689 0.1478456 0.1456196 0.0228687 0.1329141 0.1003516 0.1275441 0.0175325 0.0387808 0.0809037 0.1377643 0.0562914 0.0862129 0.1277444 0.1310191 0.1100709 0.0535767 0.1060104 0.0899251 0.1008766 0.1341204 0.0282873 0.1429153 0.0968492 0.0233502 0.1007285 0.0435543 0.1132780 0.0697229 0.0945217 0.1227355 0.1121272 0.1233366 0.1158158 0.1115399 0.1114089 0.1087250 0.0971671 0.0918528 0.0685135 
S0288      0.1339225 0.0910295 0.1000772 0.1294922 0.1480325 0.0000000 0.0976814 0.1173075 0.2029169 0.2096228 0.1100806 0.0339961 0.0686029 0.0952623 0.0255628 0.1188788 0.0998235 0.1959367 0.0229767 0.1358314 0.1482118 0.1535699 0.0875152 0.1765263 0.1113289 0.0804583 0.1355302 0.1287081 0.0048800 0.0922122 0.0876726 0.1492346 0.0853268 0.0794446 0.1673183 0.1404156 0.1183730 0.1180873 0.1078134 0.1166118 0.1622179 0.0948598 0.0370475 0.1621151 0.1773588 0.0345173 0.1314030 0.1567440 0.0802287 0.1509668 0.0797474 0.0874843 0.1325989 0.0835074 0.1524001 0.1013954 0.1035506 0.0943224 0.0793068 0.0967194 0.0317334 0.1079751 0.1086060 0.1765139 0.1068763 0.2974301 0.0858881 0.1987665 0.1255905 0.1164829 0.1120664 0.1002753 0.0981944 0.1505831 0.0766159 0.1874467 0.1221781 0.1112955 0.1152921 0.1126954 0.1244006 0.1260361 0.0878909 0.1472782 0.1582457 0.1166232 0.2153902 0.0876181 0.0955035 0.0100137 0.1094703 0.0956590 0.0653997 0.0099196 0.0024500 0.1600082 0.0975969 0.0973263 0.1395468 0.1510344 0.1280700 0.1500524 0.1250079 0.1241346 0.0879118 0.1193698 0.1224797 0.1107556 0.1756335 0.0904838 0.0955694 0.0829803 0.1077271 0.1648482 0.1470618 0.1059712 0.1638600 0.0947369 0.1423083 0.1015649 0.2031088 0.1172918 0.1228416 0.0898986 0.1126472 0.1155947 0.0839863 0.1335091 0.0957988 0.1063102 0.1475904 0.0610790 
S0289      0.1054617 0.0768624 0.0459577 0.1130204 0.0890532 0.0976814 0.0000000 0.1003651 0.1380559 0.1703295 0.0457544 0.0875696 0.1043936 0.0369109 0.0946329 0.0426200 0.0931289 0.1378482 0.0995062 0.1038183 0.0959079 0.1002153 0.0392718 0.1264972 0.0376114 0.0707287 0.1036147 0.0622534 0.0976213 0.0489147 0.0946212 0.1193160 0.1026041 0.0388011 0.1048568 0.0890511 0.0612669 0.0623244 0.0780905 0.1014571 0.1077263 0.1002812 0.0807335 0.1182412 0.1411194 0.0957573 0.0917541 0.1003570 0.0734434 0.0986344 0.0701144 0.0711724 0.1262521 0.0885007 0.0848581 0.0918135 0.0712392 0.0320246 0.0746675 0.0459936 0.1031913 0.1152993 0.1143337 0.1831732 0.1176200 0.2581056 0.0746477 0.1464902 0.1030834 0.1034066 0.1119028 0.1045050 0.1073151 0.1036590 0.0670622 0.1545912 0.0993343 0.1102214 0.1011720 0.0997210 0.1104796 0.1060623 0.0472836 0.0953375 0.1289702 0.0782681 0.1348933 0.0503188 0.0642629 0.0917829 0.0590065 0.0410897 0.1017142 0.0970236 0.0951682 0.1063142 0.0989872 0.0825350 0.1104136 0.0986802 0.0702626 0.0870799 0.1170084 0.1169408 0.0542710 0.0973555 0.0981641 0.0341573 0.1239301 0.0739058 0.0426421 0.0781280 0.0847363 0.1138037 0.1100764 0.0830207 0.1017648 0.0419693 0.0829922 0.0681698 0.1520679 0.0937648 0.0997949 0.0767832 0.0829737 0.1089940 0.0785795 0.1070687 0.0854143 0.0832797 0.1254017 0.0461707 
S0292      0.1121770 0.1015031 0.1163863 0.1256705 0.1255276 0.1173075 0.1003651 0.0000000 0.1845422 0.1954079 0.1114212 0.1102190 0.1430887 0.1005690 0.1143375 0.0832974 0.1034669 0.1912376 0.1181635 0.1227649 0.1219260 0.1268870 0.0936279 0.1452068 0.0953183 0.0904513 0.1261492 0.1305898 0.1172340 0.1018356 0.0594962 0.1394590 0.1300349 0.0793069 0.1399972 0.1143940 0.1185124 0.1129040 0.1006565 0.1155685 0.1351966 0.1003239 0.0981697 0.1440193 0.0968827 0.1157679 0.1243905 0.1133230 0.0932015 0.1285023 0.0896392 0.0945413 0.1033897 0.0959522 0.1387796 0.1294642 0.1011778 0.1018537 0.0742709 0.1021360 0.1327470 0.0885459 0.0712993 0.1433976 0.0808958 0.2083148 0.1021568 0.1409051 0.1433240 0.1460882 0.1474503 0.0709345 0.0895313 0.1427518 0.0864274 0.1373421 0.1452552 0.0883914 0.1024664 0.1419227 0.1190635 0.0544740 0.1299203 0.1211575 0.1534503 0.0944122 0.2109615 0.0774170 0.0886745 0.1183587 0.1101335 0.1109896 0.1335901 0.1171609 0.1186157 0.1333351 0.1329687 0.0997901 0.0315319 0.1248051 0.1448637 0.1419252 0.0513847 0.1080258 0.0911316 0.0312552 0.0176178 0.1035220 0.1466554 0.1007711 0.1020949 0.1025575 0.1078679 0.1416117 0.0590269 0.0646948 0.1405647 0.0974373 0.1252539 0.1070966 0.1612830 0.1115061 0.1055668 0.0929838 0.1055254 0.0717606 0.0923718 0.1383101 0.0876512 0.0648936 0.1157784 0.0690972 
S0293      0.0902255 0.1758377 0.1592706 0.2170423 0.0501420 0.2029169 0.1380559 0.1845422 0.0000000 0.1255009 0.1490583 0.1763992 0.2059879 0.1323294 0.1779166 0.1329935 0.1558384 0.1367866 0.1977388 0.1266957 0.0441368 0.0572851 0.1427914 0.1266371 0.1491321 0.1638018 0.1219561 0.1375771 0.1980555 0.1581263 0.1652036 0.1309826 0.1920230 0.1369664 0.0729339 0.0441967 0.1507725 0.1643976 0.1874956 0.1104388 0.0601138 0.1857435 0.1742850 0.1723086 0.1930120 0.1795954 0.1543182 0.0537500 0.1631225 0.0528775 0.1540888 0.1649435 0.1765565 0.1733738 0.3183089 0.1817110 0.1773725 0.1405377 0.1388246 0.1411468 0.2069267 0.1861591 0.1815562 0.2101791 0.2022797 0.1996650 0.1477928 0.2326417 0.1712754 0.1779826 0.1121042 0.1773113 0.1974076 0.1636321 0.1581729 0.2359432 0.1226524 0.1882429 0.1513216 0.1732926 0.1210089 0.2127065 0.0901962 0.0438920 0.0912159 0.0997819 0.1219747 0.1518973 0.1605158 0.1908908 0.1635771 0.1417847 0.1677051 0.2026818 0.2006683 0.0526670 0.1857276 0.1531666 0.1877115 0.0468130 0.0325499 0.0589063 0.1990626 0.0901661 0.1270899 0.1721330 0.1916120 0.1549854 0.0826111 0.1591331 0.1433041 0.1524068 0.1786398 0.0658467 0.2067999 0.1445056 0.0441971 0.1481437 0.0851891 0.1717216 0.0860448 0.1346693 0.1704818 0.1473217 0.1694841 0.1721823 0.1670082 0.1580994 0.1722996 0.1450234 0.1333239 0.1151350 
S0294      0.1017639 0.1720171 0.1842551 0.2363571 0.0871489 0.2096228 0.1703295 0.1954079 0.1255009 0.0000000 0.1706287 0.1814405 0.2257459 0.1349681 0.1891975 0.1511288 0.1781950 0.2669865 0.2194199 0.1253762 0.0803362 0.0923454 0.1662132 0.1248910 0.1706906 0.1602969 0.1318420 0.1970994 0.2149016 0.1658567 0.1577334 0.1426986 0.1998478 0.1410750 0.0976058 0.0804509 0.1566810 0.1763024 0.1795139 0.1104993 0.0989024 0.2014354 0.1885800 0.1689321 0.1555476 0.1896533 0.1612314 0.0865046 0.1632409 0.0833143 0.1586605 0.1614193 0.1717590 0.1881960 0.2672040 0.1896494 0.1893180 0.1496578 0.1440709 0.1397184 0.2137891 0.1864675 0.1910571 0.2599463 0.1898579 0.0968033 0.1738448 0.1907662 0.1737783 0.2149567 0.2219878 0.1884530 0.1798540 0.1637062 0.1547094 0.2026213 0.2244607 0.1760496 0.1638523 0.2098201 0.1272234 0.2055277 0.1247948 0.0798602 0.1062488 0.1963947 0.2491205 0.1701507 0.1772549 0.2026474 0.1751245 0.1686891 0.1869764 0.2147879 0.2063929 0.0839638 0.1872112 0.1690893 0.1945170 0.0831297 0.1358056 0.1600753 0.2005230 0.0853787 0.1363920 0.1904202 0.1936455 0.1673195 0.1045523 0.1520754 0.1629311 0.1702937 0.1793640 0.1009208 0.2001765 0.1616652 0.0894607 0.1671612 0.0997888 0.1839931 0.1418191 0.1409772 0.1774002 0.1570660 0.1807626 0.1847441 0.1728669 0.1568679 0.1818388 0.1622553 0.1395533 0.1200668 
S0299      0.1014958 0.0842489 0.0425454 0.1187565 0.0981830 0.1100806 0.0457544 0.1114212 0.1490583 0.1706287 0.0000000 0.0881489 0.1195030 0.0455862 0.0999647 0.0327319 0.1007419 0.1715230 0.1071571 0.1044646 0.1053376 0.1099157 0.0509405 0.1442140 0.0426854 0.0774428 0.1042581 0.0861060 0.1100117 0.0615746 0.0814363 0.1057306 0.1003263 0.0409402 0.1166479 0.0981793 0.0540732 0.0746644 0.0778292 0.0848694 0.1177805 0.1008560 0.0812613 0.1177834 0.1308708 0.0964048 0.0956600 0.1058494 0.0801783 0.1081222 0.0767603 0.0738027 0.1152452 0.0930872 0.0906132 0.0965290 0.0701223 0.0557021 0.0780726 0.0522319 0.1160501 0.1014936 0.1104846 0.1711994 0.1038674 0.2745810 0.0750532 0.1312349 0.0997988 0.1042803 0.1295787 0.0974507 0.1000466 0.1073404 0.0736450 0.1389660 0.1013487 0.0967308 0.1066916 0.1005606 0.1215417 0.1097715 0.0748884 0.1046924 0.1270967 0.1005960 0.1432574 0.0498026 0.0671096 0.1040036 0.0610357 0.0288050 0.1142041 0.1051827 0.1075559 0.1161944 0.0927275 0.0875231 0.1146218 0.1011377 0.0848834 0.0928073 0.1136097 0.1129600 0.0607510 0.0941057 0.1092759 0.0602936 0.1296863 0.0806899 0.0575636 0.0721199 0.0777685 0.1240324 0.1139435 0.0768087 0.1116385 0.0541517 0.0944061 0.0852969 0.1667293 0.0817044 0.0999944 0.0805725 0.0727745 0.1052489 0.0933717 0.1076845 0.0893976 0.0770469 0.1315368 0.0689276 
S0303      0.1112328 0.0873622 0.0809911 0.1131417 0.1270675 0.0339961 0.0875696 0.1102190 0.1763992 0.1814405 0.0881489 0.0000000 0.0878266 0.0751737 0.0229871 0.1021367 0.0995488 0.1763608 0.0314413 0.1207215 0.1347049 0.1398470 0.0874042 0.1665003 0.0891220 0.0835631 0.1204681 0.1322536 0.0339779 0.0912862 0.0943084 0.1397540 0.0906407 0.0651324 0.1532392 0.1270610 0.1037170 0.1198630 0.1066738 0.0960902 0.1483030 0.0947349 0.0099585 0.1559098 0.1639688 0.0100115 0.1350688 0.1353831 0.0833214 0.1300055 0.0828228 0.0906469 0.1356834 0.0839676 0.1879690 0.0933851 0.1024728 0.0832025 0.0823355 0.0763021 0.0490275 0.1149090 0.1224984 0.1742751 0.1103050 0.2524048 0.0762485 0.1967782 0.1292584 0.1148874 0.1031421 0.1023202 0.1034664 0.1446440 0.0796742 0.2137808 0.1070485 0.1182701 0.1238807 0.1111615 0.1102413 0.1224435 0.0660901 0.1338578 0.1444146 0.1072204 0.1823185 0.0867293 0.0945363 0.0287472 0.0891534 0.0764487 0.0811872 0.0370362 0.0343210 0.1462762 0.0897280 0.0890329 0.1281294 0.1375498 0.1051574 0.1250592 0.1172327 0.1181974 0.0901793 0.1069019 0.1152347 0.0951282 0.1651846 0.0936534 0.0954423 0.0733816 0.1065893 0.1546984 0.1393437 0.1026186 0.1419832 0.0814128 0.1325873 0.1011598 0.1875085 0.0961633 0.1086055 0.0863956 0.1114652 0.1191301 0.0870911 0.1407792 0.0992221 0.1029452 0.1395058 0.0644165 
S0308      0.1607195 0.1129604 0.1254728 0.1452924 0.1529159 0.0686029 0.1043936 0.1430887 0.2059879 0.2257459 0.1195030 0.0878266 0.0000000 0.1130890 0.0753536 0.1232348 0.1014074 0.2090298 0.0862353 0.1345253 0.1526930 0.1668781 0.1045899 0.1715280 0.1299188 0.1088364 0.1342239 0.1413618 0.0685624 0.1210001 0.0949208 0.1620249 0.1168628 0.0996568 0.1729797 0.1529127 0.1324767 0.1281196 0.1330944 0.1335404 0.1600076 0.1065248 0.0820185 0.1674224 0.1789835 0.0892904 0.1498201 0.1701549 0.1084686 0.1639465 0.1077984 0.1006433 0.1366143 0.0911778 0.1565665 0.1105503 0.1283444 0.0960663 0.0895548 0.1148921 0.0656959 0.1201395 0.1208854 0.1912463 0.1261757 0.3226188 0.1088577 0.2113428 0.1395582 0.1262980 0.1195793 0.1190695 0.1244439 0.1589932 0.1043229 0.2117865 0.1709668 0.1241910 0.1238665 0.1223510 0.1462472 0.1438680 0.0998101 0.1517038 0.1597389 0.1305461 0.2443578 0.1069371 0.1194405 0.0657614 0.1198111 0.1251728 0.0776350 0.0717259 0.0693156 0.1735427 0.1065746 0.1164342 0.1682462 0.1555826 0.1467556 0.1669120 0.1516093 0.1412537 0.0946831 0.1393089 0.1490615 0.1224373 0.1728624 0.1044752 0.1134726 0.1057864 0.1250804 0.1786774 0.1721334 0.1028542 0.1773381 0.1197002 0.1559304 0.1148828 0.2206951 0.1411031 0.1356208 0.0913050 0.1303460 0.1226692 0.1091132 0.1404935 0.1116407 0.1031925 0.1487617 0.0733789 
S0320      0.0923795 0.0675739 0.0517307 0.1076482 0.0837480 0.0952623 0.0369109 0.1005690 0.1323294 0.1349681 0.0455862 0.0751737 0.1130890 0.0000000 0.0855286 0.0486054 0.1044183 0.1296625 0.1005313 0.0980635 0.0906061 0.0948718 0.0307882 0.1208828 0.0491178 0.0621790 0.0978745 0.0790020 0.0948970 0.0590533 0.0923776 0.1060653 0.1048707 0.0184627 0.1032157 0.0837469 0.0400296 0.0632379 0.0685742 0.0988766 0.1023744 0.0882035 0.0750756 0.1160651 0.1552539 0.0832258 0.0894894 0.0950142 0.0649105 0.0866137 0.0616408 0.0625694 0.1138134 0.0765651 0.0998714 0.0733388 0.0680398 0.0263303 0.0787934 0.0151871 0.1007500 0.1127794 0.1143145 0.1667221 0.1190103 0.1875169 0.0695290 0.1349628 0.0939363 0.0977987 0.1046591 0.1057418 0.1086163 0.1014181 0.0586191 0.1522394 0.0927454 0.1080773 0.1056273 0.0941289 0.0954551 0.1146406 0.0468149 0.0900630 0.1233954 0.0645920 0.1510991 0.0470350 0.0582083 0.0893281 0.0345680 0.0439431 0.0955809 0.0946176 0.0927226 0.1010205 0.0797876 0.0902305 0.1106277 0.0934117 0.0634307 0.0795941 0.1096650 0.0909616 0.0581382 0.0975581 0.0983678 0.0401731 0.1259004 0.0717845 0.0339417 0.0665889 0.0750506 0.1085023 0.1028393 0.0874006 0.0960415 0.0392722 0.0806603 0.0495999 0.1330798 0.0877862 0.1046885 0.0874396 0.0671242 0.1141720 0.0942507 0.1048431 0.0866124 0.0876780 0.1269287 0.0501993 
S0322      0.1197358 0.0841351 0.0791416 0.1172752 0.1261847 0.0255628 0.0946329 0.1143375 0.1779166 0.1891975 0.0999647 0.0229871 0.0753536 0.0855286 0.0000000 0.1113987 0.0868050 0.1619270 0.0341976 0.1145437 0.1337572 0.1388479 0.0911059 0.1570680 0.1047982 0.0808748 0.1214941 0.1291597 0.0255497 0.0997692 0.0846696 0.1313722 0.0922732 0.0728968 0.1521170 0.1261782 0.1151516 0.1223725 0.1120379 0.1051533 0.1395188 0.0951857 0.0204970 0.1507636 0.1647321 0.0233320 0.1320571 0.1344257 0.0806421 0.1291027 0.0801573 0.0879355 0.1293187 0.0837923 0.1855370 0.0915895 0.1076914 0.0911064 0.0797125 0.0868312 0.0405296 0.1048761 0.1124558 0.1728238 0.1106514 0.2656161 0.0765981 0.1936501 0.1223365 0.1133099 0.1039118 0.1026319 0.0938868 0.1394434 0.0770114 0.1906111 0.1146081 0.1081845 0.1120267 0.1095454 0.1128134 0.1157322 0.0665897 0.1329221 0.1433746 0.1080508 0.1877978 0.0915898 0.0994960 0.0204349 0.1047895 0.0842605 0.0719214 0.0311699 0.0258008 0.1452302 0.0879003 0.0783425 0.1325901 0.1365836 0.1050871 0.1249512 0.1256396 0.1247742 0.0920136 0.1127065 0.1194633 0.1075773 0.1639375 0.0909468 0.0992955 0.0737183 0.1119479 0.1535784 0.1398306 0.0962574 0.1409563 0.0850593 0.1278844 0.1122896 0.1952606 0.1000829 0.1020468 0.0771721 0.1168658 0.1124448 0.0844204 0.1306698 0.0962948 0.0965630 0.1331732 0.0583377 
S0327      0.0850235 0.0668096 0.0424654 0.1315222 0.0819734 0.1188788 0.0426200 0.0832974 0.1329935 0.1511288 0.0327319 0.1021367 0.1232348 0.0486054 0.1113987 0.0000000 0.1139237 0.1607819 0.1195945 0.1050836 0.0856093 0.0900241 0.0390787 0.1264150 0.0360636 0.0584976 0.1049475 0.0591965 0.1187995 0.0551626 0.0841652 0.1294841 0.0938196 0.0430848 0.0824829 0.0784496 0.0520004 0.0722244 0.0664921 0.0885808 0.0943668 0.0815949 0.0944972 0.0958588 0.1396217 0.1110160 0.0939560 0.0938337 0.0613353 0.0921166 0.0579737 0.0621116 0.1094968 0.0808675 0.0918501 0.0925330 0.0587314 0.0628099 0.0657404 0.0525192 0.1163209 0.0985219 0.1033563 0.1775733 0.1002000 0.2492471 0.0769052 0.1103651 0.0925532 0.0963833 0.1193958 0.0946835 0.1005784 0.0843345 0.0548590 0.1201927 0.0812524 0.0961169 0.0865559 0.0925316 0.1029636 0.1145196 0.0459027 0.0850691 0.1123765 0.0729756 0.1346302 0.0405625 0.0556002 0.1160993 0.0593819 0.0334250 0.1081420 0.1179870 0.1162078 0.0928176 0.0960024 0.1054052 0.1171682 0.0885709 0.0719277 0.0894724 0.1202438 0.1014249 0.0534908 0.1031098 0.0953967 0.0579407 0.1061734 0.0586561 0.0457162 0.0771637 0.0733302 0.1043209 0.1047968 0.0829036 0.1027327 0.0578553 0.0827424 0.0812245 0.1476880 0.0809393 0.1159546 0.0950048 0.0584466 0.0904438 0.0844328 0.1024237 0.0627069 0.0831808 0.1205346 0.0461968 
S0335      0.1245903 0.1076136 0.0958301 0.1316526 0.1197211 0.0998235 0.0931289 0.1034669 0.1558384 0.1781950 0.1007419 0.0995488 0.1014074 0.1044183 0.0868050 0.1139237 0.0000000 0.1599673 0.1052925 0.0852920 0.1198674 0.1247260 0.0964892 0.1330959 0.0998112 0.0986116 0.0917774 0.1235049 0.0997628 0.1119471 0.0682603 0.1254322 0.1333547 0.0917070 0.1375981 0.1124642 0.1121977 0.1190934 0.1124374 0.0894040 0.1328897 0.1060139 0.0888089 0.1346438 0.1299515 0.0978571 0.1169620 0.1131619 0.0983011 0.1226530 0.0977072 0.0946038 0.1195276 0.0971927 0.1488451 0.1393156 0.1081879 0.0994905 0.0849893 0.0991210 0.1050082 0.0876388 0.0964331 0.1483399 0.0933246 0.2325521 0.0933717 0.1249200 0.1253726 0.1597671 0.1384307 0.0870296 0.1033753 0.1236993 0.0943976 0.1325697 0.1454279 0.0842563 0.0734337 0.1555055 0.1049489 0.0948165 0.0981517 0.1191233 0.1395851 0.1025781 0.1768606 0.0957536 0.1069412 0.0971911 0.1178690 0.1016705 0.1067514 0.0991563 0.1008832 0.1236492 0.1350009 0.0650514 0.1136348 0.1227106 0.1303159 0.1178723 0.1130784 0.1181262 0.0772559 0.0967196 0.1012897 0.1097872 0.1394881 0.1020740 0.1047558 0.0970420 0.1123490 0.1312814 0.1243907 0.0640581 0.1342751 0.0774932 0.1150786 0.1166425 0.1738382 0.1053051 0.0685576 0.0230203 0.1241716 0.0911861 0.0958504 0.1359503 0.1074724 0.0642530 0.0865790 0.0690170 
S0345      0.2081870 0.1719367 0.1377132 0.1622680 0.1581588 0.1959367 0.1378482 0.1912376 0.1367866 0.2669865 0.1715230 0.1763608 0.2090298 0.1296625 0.1619270 0.1607819 0.1599673 0.0000000 0.1977990 0.1652816 0.1497936 0.1382046 0.1444495 0.1652887 0.1424641 0.1501277 0.1474528 0.1473082 0.1788245 0.1809847 0.1518048 0.2300206 0.1809649 0.1451567 0.1772590 0.1581545 0.1826409 0.1783768 0.1878232 0.1985763 0.1640527 0.1870829 0.1645584 0.1752426 4.2786101 0.1777250 0.2008576 0.1561011 0.1582056 0.1637426 0.1501277 0.1711729 0.2026013 0.1703258 3.2292357 0.2178707 0.1771746 0.1464712 0.1625108 0.1408694 0.1929130 0.1840887 0.1619437 0.1589046 0.2261982 2.7316350 0.1468140 3.4901313 0.2110898 0.2309369 0.0733291 0.1455890 0.1606811 0.1700853 0.1501277 3.2292357 0.0487160 0.1530411 0.2011264 0.2118567 0.1326628 0.1527331 0.0576245 0.1479133 0.2092274 0.0482662 0.0546007 0.1613901 0.1812557 0.1697831 0.1581419 0.1725412 0.1612666 0.1974173 0.1823065 0.1724634 0.2076640 0.0921256 0.2073346 0.1554249 0.0404987 0.0483636 0.1768271 0.1820883 0.1660652 0.1673891 0.1756217 0.1544465 0.2063694 0.1498898 0.1548112 0.1556433 0.1703630 0.1924683 0.1625896 0.1383812 0.1327922 0.1228705 0.2013932 0.1921408 0.2060034 0.2129546 0.1098985 0.1511024 0.1871575 0.1955257 0.1922366 0.1652955 0.2359981 0.1393176 0.1735318 0.1482677 
S0355      0.1271390 0.1023898 0.1041170 0.1301775 0.1509259 0.0229767 0.0995062 0.1181635 0.1977388 0.2194199 0.1071571 0.0314413 0.0862353 0.1005313 0.0341976 0.1195945 0.1052925 0.1977990 0.0000000 0.1384716 0.1590092 0.1646580 0.0993148 0.1926493 0.1155409 0.0906868 0.1458064 0.1426677 0.0229650 0.1034314 0.0949605 0.1640382 0.0857783 0.0800064 0.1789896 0.1509215 0.1243918 0.1300315 0.1197301 0.1212708 0.1736447 0.1022023 0.0317467 0.1710521 0.1932013 0.0375649 0.1435373 0.1598272 0.0904139 0.1539047 0.0865987 0.0979718 0.1446023 0.0911275 0.1821357 0.1054997 0.1152545 0.0990385 0.0828872 0.1020992 0.0499491 0.1157125 0.1162134 0.1776894 0.1180378 0.3043013 0.0895890 0.2235663 0.1301872 0.1281025 0.1058503 0.1112597 0.1055753 0.1593002 0.0866539 0.2114702 0.1310652 0.1190974 0.1285850 0.1241842 0.1382959 0.1233047 0.0820039 0.1579840 0.1613775 0.1101514 0.2085051 0.0989365 0.1068328 0.0288265 0.1102318 0.1033462 0.0762447 0.0258228 0.0231910 0.1712400 0.1016332 0.1062135 0.1366863 0.1618728 0.1216932 0.1432979 0.1256686 0.1419843 0.0990823 0.1165698 0.1233782 0.1149427 0.1834063 0.1010234 0.1078868 0.0866553 0.1196339 0.1762903 0.1520210 0.1170230 0.1627572 0.0999661 0.1569885 0.1140711 0.2114595 0.1107799 0.1273165 0.0984339 0.1173119 0.1199679 0.0876864 0.1494935 0.0999184 0.1174030 0.1583512 0.0679811 
S0376      0.0904197 0.1332826 0.1146340 0.1423448 0.0858377 0.1358314 0.1038183 0.1227649 0.1266957 0.1253762 0.1044646 0.1207215 0.1345253 0.0980635 0.1145437 0.1050836 0.0852920 0.1652816 0.1384716 0.0000000 0.0859438 0.0856699 0.1111169 0.0862140 0.1040684 0.1130838 0.0282159 0.1423796 0.1357471 0.1146835 0.0806539 0.1058307 0.1428938 0.0991077 0.0910982 0.0792472 0.1165436 0.1367483 0.1484093 0.0965506 0.0941207 0.1242439 0.1184642 0.1458684 0.0874050 0.1227967 0.1125648 0.0817720 0.1245552 0.0886701 0.1205552 0.1172878 0.1205889 0.1310979 0.2208019 0.1463582 0.1396235 0.1173368 0.0848302 0.0986280 0.1384901 0.1125475 0.1080399 0.1686536 0.1113583 0.1665729 0.1229008 0.1900452 0.1228945 0.1721044 0.1222516 0.0962122 0.0973159 0.1406203 0.1170292 0.1952272 0.1326134 0.1088536 0.1155669 0.1676419 0.0800310 0.1157730 0.0749869 0.0854375 0.0933950 0.0866218 0.1790508 0.1148471 0.1341572 0.1295881 0.1222890 0.1098244 0.1278819 0.1322886 0.1333802 0.0961142 0.1418806 0.0959090 0.1322211 0.0887111 0.0851007 0.0868152 0.1157075 0.0722656 0.0932924 0.1156798 0.1281135 0.1292694 0.0923870 0.1254147 0.1113791 0.1197023 0.1482895 0.1034085 0.1319312 0.0928151 0.0983948 0.1079738 0.0765396 0.1244983 0.1259281 0.0991496 0.0999126 0.0785329 0.1336384 0.1044040 0.1111416 0.1347127 0.1329057 0.0931173 0.0392758 0.0723961 
S0400      0.0674336 0.1079368 0.1099087 0.1595894 0.0150484 0.1482118 0.0959079 0.1219260 0.0441368 0.0803362 0.1053376 0.1347049 0.1526930 0.0906061 0.1337572 0.0856093 0.1198674 0.1497936 0.1590092 0.0859438 0.0000000 0.0153042 0.0897241 0.0775021 0.0945415 0.1027473 0.0788004 0.1335435 0.1481205 0.1030641 0.1024621 0.0929067 0.1472007 0.0961545 0.0314219 0.0049346 0.1064928 0.1039678 0.1189466 0.0814536 0.0126488 0.1327103 0.1324698 0.1282303 0.1064768 0.1370681 0.0997851 0.0178083 0.1055490 0.0124322 0.1017960 0.1034236 0.1289788 0.1226368 0.1839540 0.1294992 0.1180535 0.1002088 0.0819921 0.0945442 0.1535315 0.1241227 0.1253489 0.1993612 0.1341854 0.1045834 0.0971610 0.1468899 0.1319853 0.1230315 0.1224709 0.1202059 0.1291464 0.1205083 0.0984433 0.1569475 0.1323312 0.1225631 0.0945985 0.1190127 0.0761157 0.1459846 0.0686905 0.0000021 0.0555852 0.0945459 0.1487372 0.0932477 0.1058591 0.1375198 0.1201280 0.0943464 0.1283262 0.1480251 0.1453735 0.0176634 0.1330786 0.1076726 0.1241347 0.0024409 0.0329895 0.0811168 0.1302820 0.0442689 0.0794576 0.1204327 0.1237866 0.1174911 0.0445002 0.0989872 0.0900366 0.1010006 0.1188493 0.0229834 0.1273274 0.0862927 0.0179908 0.1008525 0.0378393 0.1134185 0.0603205 0.0946396 0.1228885 0.1122640 0.1161874 0.1087809 0.1045895 0.0903861 0.1041847 0.0865718 0.0755601 0.0623541 
S0405      0.0712688 0.1171876 0.1146035 0.1695111 0.0205522 0.1535699 0.1002153 0.1268870 0.0572851 0.0923454 0.1099157 0.1398470 0.1668781 0.0948718 0.1388479 0.0900241 0.1247260 0.1382046 0.1646580 0.0856699 0.0153042 0.0000000 0.0939361 0.0870542 0.1059781 0.1024276 0.0817613 0.1387403 0.1495511 0.0988067 0.1107316 0.1044230 0.1526068 0.1007634 0.0375884 0.0101051 0.1111347 0.1121646 0.1314988 0.0894215 0.0235289 0.1323008 0.1376148 0.1338857 0.1405159 0.1423258 0.1041725 0.0234609 0.1100052 0.0231102 0.1061715 0.1078905 0.1340645 0.1275264 0.2278623 0.1423949 0.1304958 0.1010487 0.0860177 0.0989006 0.1591276 0.1290775 0.1303701 0.2018976 0.1392948 0.1426445 0.1086134 0.1703101 0.1371070 0.1357868 0.1194368 0.1250689 0.1342379 0.1215743 0.1027584 0.1814526 0.1062425 0.1237071 0.0989643 0.1316060 0.0869604 0.1551706 0.0535328 0.0152256 0.0619280 0.0847860 0.1386240 0.1048760 0.1177621 0.1471506 0.1251249 0.1061457 0.1235606 0.1494537 0.1472144 0.0232643 0.1460822 0.1123788 0.1328442 0.0178307 0.0326272 0.0654459 0.1354228 0.0475778 0.0906252 0.1330533 0.1324625 0.1223446 0.0507151 0.1106271 0.0942659 0.1126249 0.1395155 0.0260360 0.1405363 0.0943892 0.0263712 0.1124474 0.0443727 0.1181830 0.0635697 0.0990029 0.1278937 0.1169620 0.1284043 0.1134127 0.1091253 0.1089955 0.1134920 0.0947012 0.0850414 0.0660023 
S0407sl    0.0983929 0.0601295 0.0454028 0.1190051 0.0896133 0.0875152 0.0392718 0.0936279 0.1427914 0.1662132 0.0509405 0.0874042 0.1045899 0.0307882 0.0911059 0.0390787 0.0964892 0.1444495 0.0993148 0.1111169 0.0897241 0.0939361 0.0000000 0.1194637 0.0428260 0.0494547 0.0969476 0.0654652 0.0874626 0.0646439 0.0849073 0.1157487 0.1004176 0.0212094 0.1021798 0.0829382 0.0397936 0.0594588 0.0623114 0.0979293 0.1013534 0.0837552 0.0805832 0.1078316 0.1440240 0.0888541 0.0953591 0.1009890 0.0521371 0.0992477 0.0490401 0.0497568 0.1091289 0.0724292 0.0737913 0.0789442 0.0551358 0.0376144 0.0653964 0.0312016 0.0995301 0.1051506 0.1146047 0.1742284 0.1109324 0.2244195 0.0687207 0.1127272 0.0998923 0.0795703 0.1111682 0.0979627 0.1005817 0.0935776 0.0461426 0.1201857 0.0987179 0.1003006 0.0944667 0.0761282 0.0910640 0.1027705 0.0597785 0.0891913 0.1296239 0.0777612 0.1485399 0.0411300 0.0522046 0.0882663 0.0403044 0.0405888 0.0946934 0.0804708 0.0849858 0.1000265 0.0820961 0.0858946 0.1069696 0.0925049 0.0828196 0.1078564 0.1063385 0.0934857 0.0482960 0.0940746 0.0913872 0.0460063 0.1170149 0.0586161 0.0049232 0.0721459 0.0686773 0.1004480 0.1030635 0.0738430 0.1024121 0.0334044 0.0832027 0.0619455 0.1361629 0.0831276 0.1036917 0.0864220 0.0672733 0.0992035 0.0731882 0.1038412 0.0627517 0.0740725 0.1184149 0.0408529 
S0412sl    0.1002704 0.1389257 0.1503933 0.1666721 0.0979694 0.1765263 0.1264972 0.1452068 0.1266371 0.1248910 0.1442140 0.1665003 0.1715280 0.1208828 0.1570680 0.1264150 0.1330959 0.1652887 0.1926493 0.0862140 0.0775021 0.0870542 0.1194637 0.0000000 0.1330854 0.1387814 0.0729531 0.1579105 0.1764208 0.1265231 0.1081277 0.1126082 0.1870781 0.1223825 0.0961877 0.0842935 0.1370240 0.1534502 0.1551346 0.1065858 0.0926732 0.1560885 0.1578214 0.1270522 0.0691749 0.1694483 0.1476391 0.0936251 0.1416466 0.0939682 0.1374252 0.1397241 0.1399868 0.1451800 0.2216509 0.1489885 0.1421468 0.1431302 0.1152650 0.1290212 0.1776735 0.1335471 0.1349053 0.2001871 0.1284224 0.1835042 0.1412190 0.1948254 0.1530623 0.1625127 0.1539998 0.1197316 0.1304233 0.1334052 0.1337420 0.1936858 0.1589007 0.1337525 0.1141083 0.1581018 0.1016170 0.1389718 0.0756706 0.0770422 0.0993503 0.1068286 0.1725191 0.1323214 0.1481750 0.1653196 0.1454550 0.1286578 0.1599067 0.1768503 0.1742218 0.0947114 0.1526846 0.1129975 0.1478001 0.0803047 0.0845889 0.0865597 0.1560869 0.0795737 0.1061846 0.1439973 0.1396682 0.1297126 0.0910058 0.1346789 0.1251164 0.1420193 0.1470391 0.1021022 0.1328519 0.0984104 0.1038382 0.1162764 0.0815015 0.1462663 0.1204500 0.1109591 0.1128250 0.1292043 0.1432978 0.1247030 0.1447552 0.1357530 0.1389815 0.0987292 0.0927983 0.1018342 
S0417      0.0965929 0.0598326 0.0374845 0.1126483 0.0944236 0.1113289 0.0376114 0.0953183 0.1491321 0.1706906 0.0426854 0.0891220 0.1299188 0.0491178 0.1047982 0.0360636 0.0998112 0.1424641 0.1155409 0.1040684 0.0945415 0.1059781 0.0428260 0.1330854 0.0000000 0.0582616 0.1038638 0.0833113 0.1112586 0.0583925 0.0893540 0.1193970 0.1089285 0.0389668 0.1146763 0.0944209 0.0655501 0.0563671 0.0732491 0.0958673 0.1065151 0.0947434 0.0887627 0.1111656 0.1211904 0.0974905 0.0953579 0.0969618 0.0609520 0.0973156 0.0577670 0.0586204 0.1197163 0.0870720 0.0999134 0.0980435 0.0655453 0.0505727 0.0712754 0.0439096 0.1247826 0.1100507 0.1108316 0.1827221 0.1054684 0.2479158 0.0629409 0.1335171 0.0980636 0.1059314 0.1131023 0.0878025 0.0969395 0.1059615 0.0548127 0.1444953 0.0944589 0.1050317 0.1116609 0.1021488 0.1051434 0.0961873 0.0608107 0.0939703 0.1398855 0.0790924 0.1510872 0.0479567 0.0624950 0.1051883 0.0562210 0.0324656 0.1231273 0.1105459 0.1087845 0.1122124 0.1013793 0.0817580 0.1016515 0.0973615 0.0842181 0.1097875 0.1043749 0.1092656 0.0449601 0.0891873 0.0899108 0.0588705 0.1348495 0.0613273 0.0492603 0.0663257 0.0799309 0.1199457 0.0960997 0.0877345 0.1076381 0.0372592 0.0987411 0.0978134 0.1599904 0.0993472 0.0981010 0.0858637 0.0782467 0.0987224 0.0792582 0.0969095 0.0786263 0.0880135 0.1112471 0.0531444 
S0419      0.1025833 0.0107178 0.0685970 0.0989814 0.1026228 0.0804583 0.0707287 0.0904513 0.1638018 0.1602969 0.0774428 0.0835631 0.1088364 0.0621790 0.0808748 0.0584976 0.0986116 0.1501277 0.0906868 0.1130838 0.1027473 0.1024276 0.0494547 0.1387814 0.0582616 0.0000000 0.1058721 0.0901647 0.0804097 0.0727586 0.0679413 0.1201032 0.0913204 0.0488658 0.1191581 0.0957847 0.0797865 0.0723774 0.0625011 0.0897192 0.1103523 0.0437562 0.0768546 0.0957462 0.1178073 0.0849373 0.0830411 0.1102198 0.0074028 0.1054719 0.0049015 0.0100134 0.1076090 0.0438763 0.1059928 0.0851589 0.0590192 0.0599425 0.0569391 0.0568687 0.0967204 0.0838754 0.0988569 0.1507279 0.0864325 0.2089358 0.0374456 0.1154757 0.0853731 0.0927876 0.1039192 0.0898107 0.0924034 0.0892733 0.0024416 0.1170928 0.1071379 0.0861342 0.0952325 0.0892175 0.1039203 0.0978038 0.0467352 0.1021322 0.1476455 0.0794048 0.1960578 0.0505686 0.0583566 0.0811401 0.0699399 0.0732802 0.0887450 0.0799357 0.0779286 0.1062993 0.0883374 0.0799358 0.1032456 0.1055208 0.0972272 0.1164706 0.0958156 0.1034302 0.0504334 0.0953239 0.0882557 0.0744837 0.1389298 0.0125370 0.0562153 0.0404282 0.0688927 0.1209228 0.0979356 0.0791959 0.1160008 0.0527332 0.0992955 0.0792031 0.1511416 0.0885573 0.0955648 0.0914501 0.0737139 0.0944767 0.0641322 0.0844269 0.0604806 0.0794401 0.1203419 0.0342271 
S0427      0.0970884 0.1250190 0.1143920 0.1420112 0.0885083 0.1355302 0.1036147 0.1261492 0.1219561 0.1318420 0.1042581 0.1204681 0.1342239 0.0978745 0.1214941 0.1049475 0.0917774 0.1474528 0.1458064 0.0282159 0.0788004 0.0817613 0.0969476 0.0729531 0.1038638 0.1058721 0.0000000 0.1343130 0.1354463 0.1073724 0.0911706 0.1016039 0.1425650 0.1026514 0.0836524 0.0754353 0.1161064 0.1288588 0.1403115 0.0994092 0.0900179 0.1280206 0.1182156 0.1497188 0.0809749 0.1225333 0.1084357 0.0844237 0.1170995 0.0913255 0.1131891 0.1099672 0.1203298 0.1270497 0.2319599 0.1460181 0.1242763 0.1177882 0.0846829 0.0984368 0.1381763 0.1123154 0.1149501 0.1728300 0.1182861 0.1812277 0.1226368 0.1927079 0.1260012 0.1635433 0.1202893 0.1031571 0.1114236 0.1444956 0.1097251 0.2155165 0.1164002 0.1086333 0.1117164 0.1591765 0.0729884 0.1301683 0.0670668 0.0815442 0.0960797 0.0653139 0.1690730 0.1110592 0.1264368 0.1293050 0.1190866 0.1095924 0.1276003 0.1319983 0.1294292 0.0920297 0.1415560 0.1027807 0.1395362 0.0847681 0.0771789 0.0787053 0.1227312 0.0623494 0.0897046 0.1227043 0.1315563 0.1215074 0.0848033 0.1179002 0.1019896 0.1194483 0.1325742 0.0924138 0.1316303 0.0926442 0.1011140 0.1007533 0.0663736 0.1170411 0.1138743 0.0880401 0.1068509 0.0784020 0.1296113 0.1112559 0.1109155 0.1269460 0.1286024 0.0929450 0.0422223 0.0722802 
S0428sl    0.1529117 0.0946477 0.0805102 0.1574886 0.1333781 0.1287081 0.0622534 0.1305898 0.1375771 0.1970994 0.0861060 0.1322536 0.1413618 0.0790020 0.1291597 0.0591965 0.1235049 0.1473082 0.1426677 0.1423796 0.1335435 0.1387403 0.0654652 0.1579105 0.0833113 0.0901647 0.1343130 0.0000000 0.1246587 0.0899928 0.1179839 0.1725870 0.1200647 0.0695973 0.1391465 0.1258063 0.0973130 0.0951890 0.1012979 0.1463189 0.1472995 0.1285887 0.1242090 0.1384060 0.1872646 0.1306905 0.1245390 0.1467072 0.0929903 0.1440574 0.0893332 0.0943643 0.1544998 0.1187234 0.1001054 0.1308932 0.0977101 0.0810071 0.0982988 0.0836644 0.1277024 0.1366655 0.1420675 0.1675428 0.1433006 0.3044512 0.1065417 0.1422532 0.1433013 0.1322918 0.1196347 0.1365458 0.1402754 0.1188895 0.0860354 0.1523133 0.0796506 0.1329771 0.1197162 0.1281409 0.1397294 0.1465345 0.0915569 0.1326921 0.1804821 0.1012473 0.1276839 0.0783059 0.0931325 0.1223577 0.0995239 0.0716923 0.1179878 0.1277724 0.1261737 0.1374981 0.1345123 0.1199222 0.1590351 0.1364300 0.0770152 0.0943826 0.1527654 0.1497083 0.0730325 0.1431224 0.1404168 0.0763294 0.1715123 0.0936115 0.0728235 0.1105748 0.1085472 0.1537829 0.1483704 0.1049640 0.1414540 0.0821786 0.1266407 0.0992857 0.1718196 0.1267355 0.1396540 0.1051370 0.1030261 0.1358208 0.1187295 0.1379683 0.1138313 0.1053149 0.1504543 0.0667949 
S0430      0.1338384 0.0909698 0.1000144 0.1216531 0.1479413 0.0048800 0.0976213 0.1172340 0.1980555 0.2149016 0.1100117 0.0339779 0.0685624 0.0948970 0.0255497 0.1187995 0.0997628 0.1788245 0.0229650 0.1357471 0.1481205 0.1495511 0.0874626 0.1764208 0.1112586 0.0804097 0.1354463 0.1246587 0.0000000 0.0991949 0.0876189 0.1530976 0.0818435 0.0793936 0.1672159 0.1403286 0.1182985 0.1180112 0.1151860 0.1165353 0.1621185 0.0948013 0.0370274 0.1620156 0.1865603 0.0344985 0.1313217 0.1566480 0.0801805 0.1508746 0.0796997 0.0874310 0.1325162 0.0834570 0.1606723 0.1013328 0.1108028 0.0942627 0.0792596 0.0966588 0.0346983 0.1075593 0.1085390 0.1718180 0.1068111 0.2988616 0.0858366 0.2083566 0.1255118 0.1164104 0.0976062 0.1002141 0.0981337 0.1504893 0.0765702 0.1966760 0.1222115 0.1043412 0.1152210 0.1126258 0.1243231 0.1259583 0.0803279 0.1471879 0.1581483 0.1014865 0.1975226 0.0946743 0.1025452 0.0100089 0.1094002 0.0955977 0.0621453 0.0049163 0.0000024 0.1599107 0.0975370 0.0972667 0.1394585 0.1509422 0.1129215 0.1335785 0.1249296 0.1240555 0.0880747 0.1192941 0.1224032 0.1106859 0.1755252 0.0904287 0.0955101 0.0829305 0.1150937 0.1647481 0.1469697 0.1059070 0.1631796 0.0946783 0.1422194 0.1015024 0.1982255 0.1172185 0.1227659 0.0898442 0.1199802 0.1155232 0.0839353 0.1334255 0.0957392 0.1062456 0.1474996 0.0610433 
S0478      0.1072492 0.0755441 0.0714935 0.1212083 0.1029392 0.0922122 0.0489147 0.1018356 0.1581263 0.1658567 0.0615746 0.0912862 0.1210001 0.0590533 0.0997692 0.0551626 0.1119471 0.1809847 0.1034314 0.1146835 0.1030641 0.0988067 0.0646439 0.1265231 0.0583925 0.0727586 0.1073724 0.0899928 0.0991949 0.0000000 0.0842884 0.1305451 0.1059373 0.0615252 0.1122962 0.0960804 0.0896586 0.0687787 0.0715439 0.1083835 0.1151744 0.1073533 0.0806564 0.1220807 0.1285810 0.0996232 0.0799547 0.1147501 0.0754379 0.1057950 0.0721336 0.0732096 0.1271105 0.0994589 0.1004484 0.1066979 0.0648554 0.0629904 0.0735190 0.0632344 0.1007992 0.1008838 0.1108602 0.1658836 0.1103285 0.2508713 0.0909856 0.1226002 0.0959702 0.1146804 0.1497420 0.0974300 0.1038973 0.1106931 0.0691090 0.1328690 0.1127740 0.1030944 0.1130329 0.1108673 0.1310576 0.1165429 0.0803221 0.1024461 0.1193662 0.0912507 0.1883391 0.0472476 0.0610753 0.0932670 0.0864496 0.0634303 0.0919386 0.0982826 0.0932045 0.1136554 0.1100357 0.1009349 0.1119458 0.1058441 0.1037383 0.1232774 0.1151413 0.1208958 0.0502276 0.1023112 0.0926066 0.0646633 0.1258474 0.0759076 0.0718904 0.0880041 0.0780586 0.1212948 0.1024047 0.0827815 0.1163637 0.0773587 0.0963989 0.0787439 0.1576273 0.0903544 0.1063903 0.0910899 0.0700283 0.1086495 0.0877934 0.0983615 0.0840275 0.0830389 0.1293639 0.0520792 
