74
S0055      0.0000000 0.0632767 0.0826274 0.0504709 0.0477309 0.0444736 0.0977944 0.0766236 0.0522274 0.1045675 0.0648316 0.1039407 0.0632882 0.0994398 0.0640965 0.0774888 0.0868050 0.0539839 0.0807343 0.1036091 0.0999835 0.0288774 0.0706536 0.0580517 0.0831859 0.0897223 0.0707140 0.1364429 0.0883460 0.1104789 0.1230625 0.1210267 0.0848540 0.0580517 0.0449184 0.0734478 0.0999007 0.0640627 0.0460913 0.0789006 0.0631773 0.0644410 0.0718938 0.0624499 0.0752265 0.0000021 0.0724746 0.0443436 0.0784003 0.0702752 0.0542595 0.0852192 0.0581806 0.0759585 0.0702432 0.0617205 0.0964013 0.0724218 0.0886850 0.0695459 0.0773999 0.0445574 0.0568983 0.0715261 0.0778711 0.0899262 0.0723015 0.0724986 0.0709882 0.1553597 0.0639024 0.0843158 0.0508837 0.0570840 
S0196sl    0.0632767 0.0000000 0.0395609 0.0732725 0.0218117 0.0732613 0.0885656 0.0550307 0.0563921 0.0992454 0.0765856 0.0878015 0.0616085 0.0909695 0.0878003 0.0754731 0.0979932 0.0398226 0.1159840 0.1076097 0.0603054 0.0456945 0.0155092 0.0554912 0.0809624 0.0669730 0.0262159 0.0817705 0.0570237 0.0607459 0.1031343 0.0938409 0.0745729 0.0615658 0.0676764 0.0688432 0.0855326 0.1090966 0.0503794 0.0767088 0.0738528 0.0615747 0.0612563 0.0401653 0.0732782 0.0526852 0.0557419 0.0608371 0.0634496 0.0610746 0.0275380 0.1101225 0.0949998 0.0101153 0.0260593 0.0600181 0.1027164 0.0821239 0.0783848 0.0802454 0.0752897 0.0671398 0.0292582 0.0695692 0.0492688 0.0671193 0.0833527 0.0692067 0.0677310 0.1268722 0.0491516 0.0740590 0.0664133 0.0545513 
S0281      0.0826274 0.0395609 0.0000000 0.0931719 0.0354067 0.0931548 0.1145936 0.0767790 0.0816034 0.1165599 0.0874802 0.1176035 0.0802482 0.1195110 0.0934886 0.1000710 0.1120689 0.0702747 0.1267609 0.1205344 0.0733113 0.0625667 0.0588788 0.0520318 0.0918911 0.1000204 0.0463062 0.1010587 0.0826941 0.0738914 0.1250102 0.1323659 0.0930005 0.0583381 0.0871913 0.0797461 0.1010563 0.1238446 0.0521216 0.1105915 0.1012282 0.0583468 0.0866288 0.0554809 0.1073713 0.0785002 0.0654318 0.0859011 0.0951852 0.0785572 0.0413038 0.1085673 0.1184983 0.0516834 0.0460017 0.0709461 0.1004053 0.1026679 0.0988065 0.1012477 0.0869271 0.0863104 0.0518972 0.0897283 0.0864225 0.0901228 0.1032912 0.0813625 0.0718739 0.1645716 0.0712323 0.1015380 0.0834882 0.0577596 
S0282      0.0504709 0.0732725 0.0931719 0.0000000 0.0462205 0.0152746 0.1193017 0.0865807 0.0104272 0.1125847 0.0824014 0.0918005 0.0611169 0.1108159 0.0742511 0.0942541 0.1039953 0.0511488 0.0212641 0.1180348 0.1346622 0.0053482 0.0872102 0.0609998 0.0914433 0.0849043 0.0807943 0.1534690 0.0833474 0.1357607 0.1402807 0.1224558 0.0802357 0.0732331 0.0732781 0.1116165 0.1247142 0.0945687 0.0626104 0.0958426 0.0206762 0.0671214 0.0743161 0.0806825 0.0205246 0.0522346 0.0894727 0.0723085 0.0886019 0.0803044 0.0653651 0.1160787 0.0810922 0.0858412 0.0802689 0.0659123 0.0305343 0.1171801 0.0778253 0.0154024 0.0746626 0.0546467 0.0685436 0.0616058 0.0741570 0.0997628 0.0892186 0.0749132 0.0811471 0.1480299 0.0739862 0.0735223 0.0731437 0.0671653 
S0292      0.0477309 0.0218117 0.0354067 0.0462205 0.0000000 0.0524697 0.0949343 0.0396702 0.0406355 0.0836973 0.0478249 0.0666681 0.0401591 0.0904508 0.0734322 0.0672363 0.0834052 0.0296212 0.0826748 0.0937873 0.0474811 0.0234695 0.0337476 0.0404824 0.0799024 0.0461333 0.0163096 0.0859789 0.0416783 0.0564853 0.0868989 0.0730387 0.0598935 0.0466894 0.0593949 0.0342475 0.0639407 0.0952427 0.0285093 0.0752956 0.0465895 0.0404824 0.0402723 0.0115865 0.0587181 0.0495082 0.0282365 0.0585785 0.0674499 0.0221538 0.0000027 0.0740640 0.0807628 0.0332266 0.0162084 0.0436229 0.0710591 0.0409974 0.0642592 0.0529098 0.0604912 0.0525188 0.0305822 0.0347294 0.0460526 0.0581324 0.0684921 0.0541932 0.0529980 0.1286340 0.0401852 0.0594686 0.0396916 0.0397755 
S0293      0.0444736 0.0732613 0.0931548 0.0152746 0.0524697 0.0000000 0.1123536 0.0865664 0.0211513 0.1125624 0.0889470 0.0982296 0.0671489 0.1178629 0.0805420 0.1008783 0.1109535 0.0510694 0.0362042 0.1248154 0.1346233 0.0107740 0.0871957 0.0670192 0.0978437 0.0848907 0.0807813 0.1534329 0.0833334 0.1259627 0.1402493 0.1224312 0.0802229 0.0670192 0.0670591 0.1115947 0.1246800 0.1012168 0.0688025 0.1025987 0.0369936 0.0732331 0.0743045 0.0806685 0.0258308 0.0399658 0.0894572 0.0661843 0.0952083 0.0802915 0.0653549 0.1230976 0.0875173 0.0858272 0.0802561 0.0724595 0.0226229 0.1100029 0.0839631 0.0314946 0.0809948 0.0605343 0.0753646 0.0676866 0.0741455 0.0866157 0.0958827 0.0749014 0.0810932 0.1479955 0.0739747 0.0797440 0.0731325 0.0671218 
S0308      0.0977944 0.0885656 0.1145936 0.1193017 0.0949343 0.1123536 0.0000000 0.1213904 0.1025382 0.1634028 0.1249300 0.1291788 0.1158663 0.1570323 0.1392728 0.1202032 0.1266978 0.0991362 0.1861971 0.0482972 0.1287625 0.0925267 0.1107950 0.1017903 0.0314591 0.1214327 0.1036908 0.1324818 0.1120380 0.1298353 0.1496437 0.1729977 0.1144983 0.0949642 0.1157935 0.1273673 0.1490127 0.1305958 0.0695954 0.1108709 0.1044832 0.0950989 0.0965262 0.1054441 0.1193162 0.0802214 0.1040806 0.1005213 0.1031345 0.1314663 0.0880943 0.1288860 0.1328055 0.0951315 0.1029803 0.0939057 0.1546243 0.1403905 0.1198560 0.1274781 0.1018117 0.1146714 0.0777225 0.0960060 0.1032873 0.1357989 0.1180783 0.1185587 0.1158171 0.1735503 0.1077112 0.1232440 0.0931506 0.0999251 
S0335      0.0766236 0.0550307 0.0767790 0.0865807 0.0396702 0.0865664 0.1213904 0.0000000 0.0693197 0.1146195 0.0617547 0.1018125 0.0745699 0.0898979 0.1019837 0.0621757 0.1036242 0.0524769 0.1141344 0.1270204 0.1230933 0.0522268 0.0744097 0.0823347 0.0995027 0.0863132 0.0619131 0.1281164 0.0780033 0.1240725 0.1298348 0.1103805 0.0737482 0.0890040 0.0808716 0.0886437 0.1325950 0.1078088 0.0563371 0.0889014 0.0872876 0.0890192 0.0820735 0.0591391 0.0996464 0.0726892 0.0683150 0.0862222 0.0753746 0.0486371 0.0453743 0.0818449 0.1095614 0.0670462 0.0615184 0.0722828 0.1139672 0.1194554 0.0870552 0.0939512 0.0744488 0.0802076 0.0689764 0.0701779 0.0818910 0.0204567 0.0823908 0.0827557 0.0669965 0.1252987 0.0486400 0.0960662 0.0657079 0.0539836 
S0405      0.0522274 0.0563921 0.0816034 0.0104272 0.0406355 0.0211513 0.1025382 0.0693197 0.0000000 0.0850915 0.0787160 0.0884879 0.0570562 0.1005153 0.0835634 0.0840699 0.1008248 0.0399623 0.0375755 0.1083651 0.1184986 0.0054889 0.0763276 0.0569439 0.0815340 0.0743070 0.0629378 0.1257726 0.0579088 0.1194714 0.1128250 0.0953144 0.0694456 0.0631012 0.0557682 0.0931362 0.1086713 0.1051508 0.0584885 0.0924947 0.0213339 0.0569439 0.0572038 0.0689938 0.0211720 0.0537497 0.0716312 0.0748073 0.0782684 0.0695057 0.0536385 0.1060011 0.0908484 0.0687315 0.0625301 0.0679705 0.0229070 0.1070239 0.0742294 0.0104222 0.0708474 0.0626999 0.0637408 0.0508417 0.0633571 0.0822508 0.0856960 0.0640013 0.0701876 0.1274942 0.0498842 0.0697378 0.0563038 0.0564560 
S0412sl    0.1045675 0.0992454 0.1165599 0.1125847 0.0836973 0.1125624 0.1634028 0.1146195 0.0850915 0.0000000 0.1287106 0.1459256 0.0924709 0.1513899 0.1178648 0.1262451 0.1436475 0.0472890 0.1961830 0.1695202 0.1972172 0.0832463 0.1231473 0.0870740 0.1373862 0.1195131 0.1157331 0.1751535 0.1021978 0.1990901 0.1865548 0.1369212 0.1148439 0.0941894 0.0991510 0.1256463 0.2093747 0.1349983 0.1118929 0.1535151 0.1063103 0.0942069 0.1009764 0.1092609 0.1271701 0.0999460 0.1087539 0.0988090 0.1359027 0.1052070 0.0828458 0.1569186 0.1187520 0.1062507 0.1148989 0.1270259 0.1415574 0.1627738 0.1279526 0.1210699 0.1158349 0.0933756 0.0803358 0.0793396 0.1078914 0.1296852 0.1453884 0.1091593 0.1086888 0.1952095 0.0844359 0.1065483 0.1208253 0.0922638 
S0417      0.0648316 0.0765856 0.0874802 0.0824014 0.0478249 0.0889470 0.1249300 0.0617547 0.0787160 0.1287106 0.0000000 0.0909275 0.0701654 0.0616664 0.0776692 0.0322097 0.0629442 0.0610272 0.0978471 0.1025298 0.1216090 0.0607809 0.0846247 0.0649049 0.0955412 0.0904317 0.0845517 0.1346720 0.0890812 0.1328389 0.1443072 0.1237182 0.0771974 0.0780320 0.0898634 0.0860973 0.1526105 0.0835430 0.0516495 0.0561835 0.0700857 0.0714728 0.0930059 0.0553392 0.0889769 0.0817426 0.0781321 0.0755778 0.0841120 0.0693317 0.0474443 0.0842609 0.0848912 0.0765920 0.0839751 0.0532627 0.1299012 0.1082827 0.0894715 0.0898552 0.0435014 0.0570220 0.0431154 0.0655910 0.0858307 0.0741998 0.0502161 0.0868176 0.0637965 0.1243236 0.0448314 0.0850690 0.0749709 0.0503866 
S0552sl    0.1039407 0.0878015 0.1176035 0.0918005 0.0666681 0.0982296 0.1291788 0.1018125 0.0884879 0.1459256 0.0909275 0.0000000 0.0878700 0.1133589 0.1024982 0.1101635 0.1040702 0.0641941 0.1431311 0.1276667 0.1158616 0.0783352 0.1098060 0.0876916 0.1135645 0.0154982 0.1097077 0.1265767 0.0639119 0.0978814 0.1479457 0.0948727 0.0819033 0.1010093 0.1148291 0.1367588 0.1253949 0.1176489 0.0833815 0.0825490 0.0925466 0.0943738 0.0937434 0.0897306 0.0790850 0.1006515 0.1054225 0.0865880 0.0885504 0.0885829 0.0667699 0.1261124 0.1101219 0.1010818 0.1089566 0.0659619 0.1239534 0.1348503 0.0794474 0.0992073 0.0894371 0.0805920 0.0771061 0.0820814 0.0805943 0.1157494 0.0892338 0.0749605 0.0747262 0.1437463 0.0819976 0.0880498 0.0941226 0.0748411 
S0558      0.0632882 0.0616085 0.0802482 0.0611169 0.0401591 0.0671489 0.1158663 0.0745699 0.0570562 0.0924709 0.0701654 0.0878700 0.0000000 0.0842568 0.0551501 0.0819604 0.0911673 0.0336126 0.1068162 0.1146085 0.1268085 0.0278201 0.0816116 0.0565380 0.0875211 0.0808736 0.0688120 0.1398763 0.0790611 0.1278491 0.1268671 0.1190012 0.0760444 0.0689637 0.0739868 0.0985834 0.1170165 0.0887770 0.0448529 0.0833212 0.0615906 0.0627510 0.0574090 0.0610872 0.0733358 0.0655561 0.0770327 0.0729975 0.0698056 0.0683965 0.0402163 0.0764642 0.0753866 0.0739399 0.0683660 0.0600293 0.1045730 0.1042009 0.0737160 0.0677894 0.0445386 0.0492193 0.0556873 0.0441895 0.0572911 0.0874934 0.0768160 0.0566578 0.0691069 0.1526999 0.0622012 0.0692421 0.0738497 0.0556126 
S0624      0.0994398 0.0909695 0.1195110 0.1108159 0.0904508 0.1178629 0.1570323 0.0898979 0.1005153 0.1513899 0.0616664 0.1133589 0.0842568 0.0000000 0.1208434 0.0682283 0.0965595 0.0825459 0.1519676 0.1475045 0.1782595 0.0891869 0.1139700 0.1068151 0.1249458 0.1127174 0.1138635 0.1519928 0.1202548 0.1684035 0.1789713 0.1652781 0.0966716 0.1214766 0.1118116 0.1312073 0.1896695 0.1269672 0.0713899 0.0821613 0.1117908 0.1141828 0.1235381 0.1085901 0.1179013 0.1121357 0.1070678 0.1173356 0.0990067 0.0966780 0.0824493 0.1039380 0.1291634 0.1048053 0.1130553 0.0805518 0.1550819 0.1563768 0.1186049 0.1191307 0.0431345 0.0969242 0.0857763 0.1079859 0.1232169 0.1036719 0.0757555 0.1171088 0.0910024 0.1575978 0.0766469 0.1048985 0.1024617 0.0760212 
S0641      0.0640965 0.0878003 0.0934886 0.0742511 0.0734322 0.0805420 0.1392728 0.1019837 0.0835634 0.1178648 0.0776692 0.1024982 0.0551501 0.1208434 0.0000000 0.0830069 0.0973500 0.0661947 0.1283414 0.1022400 0.1473907 0.0586720 0.1027567 0.0442510 0.1089234 0.0951035 0.0959779 0.1572982 0.0940402 0.1281900 0.1758963 0.1206793 0.0903398 0.0562161 0.0878080 0.1143477 0.1576615 0.0504231 0.0768859 0.0961712 0.0748956 0.0502252 0.0977388 0.0897029 0.0870062 0.0664241 0.0984517 0.0739097 0.0906394 0.0953723 0.0804129 0.1261097 0.0384487 0.0878085 0.0953293 0.0733986 0.1149801 0.1199704 0.0874775 0.0944743 0.0762860 0.0155731 0.0701191 0.0705708 0.0975059 0.1020447 0.0828122 0.0699563 0.0829746 0.1632950 0.0629819 0.0831407 0.1009448 0.0686170 
S0645sl    0.0774888 0.0754731 0.1000710 0.0942541 0.0672363 0.1008783 0.1202032 0.0621757 0.0840699 0.1262451 0.0322097 0.1101635 0.0819604 0.0682283 0.0830069 0.0000000 0.0744914 0.0601156 0.1503803 0.0987958 0.1287894 0.0663692 0.0833600 0.0702912 0.0921013 0.1095583 0.0967212 0.1474703 0.1018685 0.1399999 0.1573775 0.1290071 0.0891765 0.0833944 0.0950545 0.0985005 0.1595892 0.0888175 0.0632303 0.0675185 0.0818685 0.0768522 0.1054957 0.0833670 0.1009111 0.0803641 0.0902608 0.0872878 0.0828635 0.0827676 0.0741456 0.0748864 0.0902412 0.0754792 0.0960633 0.0652003 0.1160891 0.1041127 0.1014782 0.1019108 0.0544642 0.0622871 0.0561919 0.0582481 0.0981901 0.0747181 0.0614739 0.0993304 0.0755012 0.1297274 0.0500746 0.0973175 0.0865891 0.0616819 
S0673      0.0868050 0.0979932 0.1120689 0.1039953 0.0834052 0.1109535 0.1266978 0.1036242 0.1008248 0.1436475 0.0629442 0.1040702 0.0911673 0.0965595 0.0973500 0.0744914 0.0000000 0.0738791 0.1659774 0.1254935 0.1507848 0.0752367 0.1215159 0.0927689 0.1107587 0.1034459 0.1068346 0.1682665 0.1028386 0.1414946 0.1666336 0.1225210 0.1057830 0.1069913 0.0980732 0.1427235 0.1613371 0.0963538 0.0649966 0.0205679 0.0978510 0.0999057 0.0991957 0.1088617 0.1109901 0.0901618 0.1173009 0.0898000 0.0768901 0.1061295 0.0908547 0.1209562 0.0911369 0.1048977 0.1060798 0.0163130 0.1553544 0.1485937 0.1116450 0.1121385 0.0681183 0.0754614 0.0572416 0.0798580 0.0842641 0.1178494 0.0205778 0.0860680 0.0910806 0.1745073 0.0767498 0.1075238 0.0890591 0.0760833 
S0689      0.0539839 0.0398226 0.0702747 0.0511488 0.0296212 0.0510694 0.0991362 0.0524769 0.0399623 0.0472890 0.0610272 0.0641941 0.0336126 0.0825459 0.0661947 0.0601156 0.0738791 0.0000000 0.0925913 0.1051343 0.0804565 0.0352840 0.0592859 0.0401393 0.0710581 0.0508895 0.0592373 0.0986724 0.0475142 0.0810847 0.0918367 0.0788794 0.0514435 0.0462248 0.0461426 0.0893517 0.0893977 0.0873861 0.0475479 0.0738172 0.0454389 0.0462986 0.0460142 0.0570320 0.0635022 0.0556147 0.0674031 0.0455748 0.0536717 0.0588663 0.0359179 0.0952416 0.0733010 0.0458558 0.0588390 0.0496387 0.0785982 0.0961723 0.0638349 0.0511205 0.0600164 0.0459337 0.0515266 0.0278269 0.0459222 0.0652683 0.0671583 0.0464181 0.0530061 0.1096685 0.0401319 0.0521287 0.0581498 0.0397743 
S0690      0.0807343 0.1159840 0.1267609 0.0212641 0.0826748 0.0362042 0.1861971 0.1141344 0.0375755 0.1961830 0.0978471 0.1431311 0.1068162 0.1519676 0.1283414 0.1503803 0.1659774 0.0925913 0.0000000 0.1752473 0.2499763 0.0314143 0.1184370 0.1065110 0.1538991 0.1333543 0.1286722 0.2367538 0.1226065 0.2712121 0.2251184 0.1716365 0.1276425 0.1161359 0.1039134 0.1298592 0.2438043 0.1619392 0.0997770 0.1519676 0.0438371 0.1161359 0.1285189 0.0964709 0.0439267 0.0844209 0.1295454 0.1137807 0.1413271 0.1049095 0.0921811 0.1614641 0.1397395 0.1257183 0.1274399 0.1157905 0.0826291 0.1503519 0.1036400 0.0444107 0.1294633 0.0962133 0.1072695 0.1080375 0.1162828 0.1238943 0.1415882 0.1301336 0.1278057 0.2135316 0.1276929 0.0963113 0.1254900 0.1162613 
S0724sl    0.1036091 0.1076097 0.1205344 0.1180348 0.0937873 0.1248154 0.0482972 0.1270204 0.1083651 0.1695202 0.1025298 0.1276667 0.1146085 0.1475045 0.1022400 0.0987958 0.1254935 0.1051343 0.1752473 0.0000000 0.1572623 0.0985136 0.1165553 0.1007082 0.0421994 0.1269719 0.1094296 0.1381774 0.1130059 0.1584152 0.1712496 0.1628991 0.1063897 0.1007082 0.1286696 0.1115193 0.2005615 0.1081552 0.0751730 0.1097703 0.1121195 0.0940971 0.1022325 0.0967795 0.1179640 0.1001965 0.1098427 0.1267555 0.0952996 0.1372302 0.0940875 0.1135797 0.1099194 0.1075455 0.1086828 0.0791326 0.1629888 0.1315049 0.0984923 0.1260989 0.1075329 0.0933683 0.0839137 0.1086058 0.1158989 0.1270980 0.1028899 0.1100809 0.1076419 0.1794999 0.0997829 0.1079359 0.0986673 0.0923236 
S0735      0.0999835 0.0603054 0.0733113 0.1346622 0.0474811 0.1346233 0.1287625 0.1230933 0.1184986 0.1972172 0.1216090 0.1158616 0.1268085 0.1782595 0.1473907 0.1287894 0.1507848 0.0804565 0.2499763 0.1572623 0.0000000 0.1017736 0.0604354 0.1166391 0.1363657 0.0938542 0.0693513 0.0516275 0.1265878 0.0137572 0.0436261 0.1671402 0.1041836 0.1264885 0.1072122 0.1115373 0.0436261 0.1681950 0.0978927 0.1279857 0.1466134 0.1072149 0.0867529 0.0847652 0.1448698 0.0835383 0.1093016 0.0959541 0.1238386 0.1061308 0.0567332 0.1627011 0.1590611 0.0769521 0.0693513 0.1037429 0.1734930 0.1208460 0.1436635 0.1447153 0.1285309 0.1249343 0.0508512 0.1184297 0.0778279 0.1327062 0.1381772 0.1269929 0.1152539 0.1733503 0.1046635 0.1389318 0.0851924 0.0940849 
S0756      0.0288774 0.0456945 0.0625667 0.0053482 0.0234695 0.0107740 0.0925267 0.0522268 0.0054889 0.0832463 0.0607809 0.0783352 0.0278201 0.0891869 0.0586720 0.0663692 0.0752367 0.0352840 0.0314143 0.0985136 0.1017736 0.0000000 0.0654475 0.0464823 0.0714048 0.0641773 0.0523047 0.1159528 0.0614304 0.1026111 0.0954264 0.1012800 0.0526804 0.0526895 0.0460414 0.0818286 0.0827733 0.0799424 0.0349157 0.0674883 0.0108673 0.0527745 0.0400998 0.0503857 0.0162947 0.0297188 0.0604784 0.0454361 0.0603961 0.0461200 0.0361355 0.0738745 0.0662262 0.0580255 0.0523047 0.0430255 0.0241482 0.0885183 0.0641093 0.0108685 0.0532537 0.0457084 0.0444864 0.0404771 0.0466300 0.0649339 0.0608950 0.0399822 0.0465377 0.1176670 0.0461379 0.0593305 0.0395785 0.0336962 
S0770      0.0706536 0.0155092 0.0588788 0.0872102 0.0337476 0.0871957 0.1107950 0.0744097 0.0763276 0.1231473 0.0846247 0.1098060 0.0816116 0.1139700 0.1027567 0.0833600 0.1215159 0.0592859 0.1184370 0.1165553 0.0604354 0.0654475 0.0000000 0.0750645 0.1024151 0.0871023 0.0435638 0.1034719 0.0772317 0.0776897 0.1265927 0.1161177 0.0956008 0.0815485 0.0814607 0.0764656 0.1034091 0.1252825 0.0699293 0.0984867 0.0946307 0.0815618 0.0811125 0.0408004 0.0938586 0.0665168 0.0754162 0.0741274 0.0841692 0.0808648 0.0397810 0.1193552 0.1104034 0.0262350 0.0432944 0.0814626 0.1228423 0.0902625 0.0990047 0.1014661 0.0965663 0.0807861 0.0423488 0.0906306 0.0621106 0.0872954 0.1055979 0.0901527 0.0881299 0.1369081 0.0681560 0.0949022 0.0863308 0.0737280 
S0888      0.0580517 0.0554912 0.0520318 0.0609998 0.0404824 0.0670192 0.1017903 0.0823347 0.0569439 0.0870740 0.0649049 0.0876916 0.0565380 0.1068151 0.0442510 0.0702912 0.0927689 0.0401393 0.1065110 0.1007082 0.1166391 0.0464823 0.0750645 0.0000000 0.0745018 0.0807118 0.0624842 0.1426314 0.0644188 0.1175822 0.1446768 0.0889873 0.0758904 0.0100741 0.0816727 0.0846336 0.1262439 0.0771352 0.0512343 0.0916273 0.0495315 0.0050031 0.0622974 0.0610145 0.0731928 0.0601545 0.0639743 0.0679870 0.0842970 0.0759567 0.0467404 0.1050518 0.0639241 0.0554946 0.0620820 0.0611195 0.0825412 0.0902344 0.0601375 0.0676571 0.0701942 0.0383310 0.0424851 0.0448873 0.0621689 0.0957239 0.0848917 0.0704340 0.0767696 0.1338217 0.0570379 0.0616416 0.0815167 0.0626687 
S0952      0.0831859 0.0809624 0.0918911 0.0914433 0.0799024 0.0978437 0.0314591 0.0995027 0.0815340 0.1373862 0.0955412 0.1135645 0.0875211 0.1249458 0.1089234 0.0921013 0.1107587 0.0710581 0.1538991 0.0421994 0.1363657 0.0714048 0.1024151 0.0745018 0.0000000 0.1129560 0.0888760 0.1307771 0.1057921 0.1374929 0.1476603 0.1472407 0.0929881 0.0873602 0.0874607 0.1184414 0.1566080 0.1011159 0.0444239 0.0957109 0.0921833 0.0809449 0.0886564 0.0894522 0.1044315 0.0793560 0.0959442 0.0993113 0.0754422 0.1085549 0.0801460 0.0867072 0.1027469 0.0939804 0.0882820 0.0657614 0.1109761 0.1239868 0.0984064 0.0923261 0.0745148 0.0866639 0.0768432 0.0882385 0.0951678 0.1130673 0.0890962 0.0961483 0.0940623 0.1712031 0.0865715 0.0943177 0.0856225 0.0794492 
S0956      0.0897223 0.0669730 0.1000204 0.0849043 0.0461333 0.0848907 0.1214327 0.0863132 0.0743070 0.1195131 0.0904317 0.0154982 0.0808736 0.1127174 0.0951035 0.1095583 0.1034459 0.0508895 0.1333543 0.1269719 0.0938542 0.0641773 0.0871023 0.0807118 0.1129560 0.0000000 0.0870299 0.1092252 0.0443102 0.0771255 0.1294563 0.0734580 0.0675003 0.0872310 0.1005414 0.1112494 0.1026623 0.1169956 0.0829349 0.0821112 0.0855831 0.0872455 0.0726384 0.0669207 0.0724535 0.0861006 0.0825412 0.0734821 0.0880806 0.0675357 0.0461917 0.1253994 0.1025198 0.0793315 0.0864616 0.0655710 0.1227248 0.1192574 0.0727786 0.0920970 0.0889566 0.0738118 0.0695981 0.0751590 0.0604303 0.0994512 0.0887555 0.0550053 0.0808014 0.1251532 0.0675748 0.0810376 0.0791845 0.0668882 
S1083      0.0707140 0.0262159 0.0463062 0.0807943 0.0163096 0.0807813 0.1036908 0.0619131 0.0629378 0.1157331 0.0845517 0.1097077 0.0688120 0.1138635 0.0959779 0.0967212 0.1068346 0.0592373 0.1286722 0.1094296 0.0693513 0.0523047 0.0435638 0.0624842 0.0888760 0.0870299 0.0000000 0.0897130 0.0707535 0.0698700 0.1191550 0.1091869 0.0757072 0.0687619 0.0815880 0.0699525 0.0954318 0.1181032 0.0511484 0.0983987 0.0814528 0.0625401 0.0622111 0.0533611 0.0937792 0.0593802 0.0566104 0.0804642 0.0774174 0.0559627 0.0335002 0.1192439 0.1034737 0.0372504 0.0000022 0.0677155 0.1143174 0.0769168 0.0859717 0.0880675 0.0830835 0.0744623 0.0356226 0.0629592 0.0682616 0.0743914 0.0915773 0.0768212 0.0751356 0.1583746 0.0620256 0.0816847 0.0553557 0.0613963 
S1100      0.1364429 0.0817705 0.1010587 0.1534690 0.0859789 0.1534329 0.1324818 0.1281164 0.1257726 0.1751535 0.1346720 0.1265767 0.1398763 0.1519928 0.1572982 0.1474703 0.1682665 0.0986724 0.2367538 0.1381774 0.0516275 0.1159528 0.1034719 0.1426314 0.1307771 0.1092252 0.0897130 0.0000000 0.1394824 0.0363642 0.0610937 0.1520991 0.1139004 0.1504873 0.1179508 0.1300012 0.0760370 0.1478891 0.1105210 0.1349620 0.1548744 0.1351034 0.1123206 0.1050244 0.1383793 0.1106035 0.1281172 0.1160393 0.1404149 0.1310417 0.0938283 0.1733265 0.1504774 0.0949286 0.0891085 0.1175698 0.1681438 0.1709080 0.1466800 0.1443790 0.1321878 0.1310447 0.0646388 0.1362982 0.1267093 0.1426965 0.1426717 0.1356542 0.1015390 0.1649163 0.1006265 0.1431971 0.0993441 0.0864483 
S1129sl    0.0883460 0.0570237 0.0826941 0.0833474 0.0416783 0.0833334 0.1120380 0.0780033 0.0579088 0.1021978 0.0890812 0.0639119 0.0790611 0.1202548 0.0940402 0.1018685 0.1028386 0.0475142 0.1226065 0.1130059 0.1265878 0.0614304 0.0772317 0.0644188 0.1057921 0.0443102 0.0707535 0.1394824 0.0000000 0.1081286 0.1459997 0.0623178 0.0715579 0.0644188 0.0839740 0.0943516 0.1364041 0.1171771 0.0668623 0.0942904 0.0694729 0.0709256 0.0628148 0.0629111 0.0832985 0.0918233 0.0645414 0.0982980 0.0866093 0.0782204 0.0481274 0.1260862 0.1018660 0.0631670 0.0702810 0.0554694 0.1043121 0.1170978 0.0628542 0.0909054 0.0875482 0.0716538 0.0584689 0.0797434 0.0626840 0.0916077 0.0873387 0.0519501 0.0789868 0.1493741 0.0513123 0.0710462 0.0907323 0.0644097 
S1148      0.1104789 0.0607459 0.0738914 0.1357607 0.0564853 0.1259627 0.1298353 0.1240725 0.1194714 0.1990901 0.1328389 0.0978814 0.1278491 0.1684035 0.1281900 0.1399999 0.1414946 0.0810847 0.2712121 0.1584152 0.0137572 0.1026111 0.0776897 0.1175822 0.1374929 0.0771255 0.0698700 0.0363642 0.1081286 0.0000000 0.0439341 0.1474278 0.0869177 0.1275236 0.1080710 0.1327247 0.0439341 0.1483534 0.0986687 0.1190836 0.1478391 0.1080737 0.0874170 0.1049043 0.1164377 0.0836071 0.1101949 0.0966989 0.1248300 0.1069719 0.0661436 0.1864847 0.1393613 0.0775265 0.0698700 0.0946552 0.1635434 0.1424165 0.1249767 0.1459084 0.1195952 0.1067412 0.0512280 0.1194032 0.0872299 0.1241760 0.1291543 0.1084669 0.0973850 0.1746718 0.0873159 0.1197872 0.0858325 0.0773186 
S1180      0.1230625 0.1031343 0.1250102 0.1402807 0.0868989 0.1402493 0.1496437 0.1298348 0.1128250 0.1865548 0.1443072 0.1479457 0.1268671 0.1789713 0.1758963 0.1573775 0.1666336 0.0918367 0.2251184 0.1712496 0.0436261 0.0954264 0.1265927 0.1446768 0.1476603 0.1294563 0.1191550 0.0610937 0.1459997 0.0439341 0.0000000 0.1746240 0.1296502 0.1526668 0.1195585 0.1442615 0.0000010 0.1822189 0.1127980 0.1336956 0.1415630 0.1370230 0.0973434 0.1300170 0.1403013 0.1123739 0.1299263 0.1175916 0.1477344 0.1403720 0.0950992 0.1597062 0.1855572 0.1171248 0.1183187 0.1165586 0.1616509 0.1612465 0.1644648 0.1314441 0.1415861 0.1479720 0.0944618 0.1382526 0.0971813 0.1446504 0.1413251 0.1419998 0.1168795 0.2009342 0.1157937 0.1612530 0.0939428 0.1008037 
S1189      0.1210267 0.0938409 0.1323659 0.1224558 0.0730387 0.1224312 0.1729977 0.1103805 0.0953144 0.1369212 0.1237182 0.0948727 0.1190012 0.1652781 0.1206793 0.1290071 0.1225210 0.0788794 0.1716365 0.1628991 0.1671402 0.1012800 0.1161177 0.0889873 0.1472407 0.0734580 0.1091869 0.1520991 0.0623178 0.1474278 0.1746240 0.0000000 0.1105078 0.0957688 0.1093360 0.1438268 0.1777439 0.1450419 0.1136417 0.1209378 0.1094299 0.0957858 0.0997889 0.0894184 0.1223803 0.1352282 0.1120840 0.1243954 0.1115184 0.1106090 0.0799773 0.1876536 0.1289868 0.0938502 0.1084434 0.0821176 0.1452920 0.1266148 0.0804045 0.1309200 0.1288808 0.0967962 0.0775465 0.0986769 0.0864647 0.1247983 0.1137273 0.0891545 0.1188811 0.1622131 0.0750900 0.1026591 0.1306608 0.1024547 
S1201sl    0.0848540 0.0745729 0.0930005 0.0802357 0.0598935 0.0802229 0.1144983 0.0737482 0.0694456 0.1148439 0.0771974 0.0819033 0.0760444 0.0966716 0.0903398 0.0891765 0.1057830 0.0514435 0.1276425 0.1063897 0.1041836 0.0526804 0.0956008 0.0758904 0.0929881 0.0675003 0.0757072 0.1139004 0.0715579 0.0869177 0.1296502 0.1105078 0.0000000 0.0824597 0.0958820 0.1138352 0.1133034 0.0962268 0.0636447 0.0906893 0.0808844 0.0824733 0.0756548 0.0822680 0.0801905 0.0880558 0.0911706 0.0878744 0.0901495 0.0817606 0.0665849 0.1182033 0.0977963 0.0873975 0.0817239 0.0736728 0.1042698 0.1295679 0.0806163 0.0874478 0.0695087 0.0689723 0.0784304 0.0766772 0.0754899 0.0865095 0.0840299 0.0634751 0.0620474 0.1253070 0.0495461 0.0762022 0.0668903 0.0490586 
S1210      0.0580517 0.0615658 0.0583381 0.0732331 0.0466894 0.0670192 0.0949642 0.0890040 0.0631012 0.0941894 0.0780320 0.1010093 0.0689637 0.1214766 0.0562161 0.0833944 0.1069913 0.0462248 0.1161359 0.1007082 0.1264885 0.0526895 0.0815485 0.0100741 0.0873602 0.0872310 0.0687619 0.1504873 0.0644188 0.1275236 0.1526668 0.0957688 0.0824597 0.0000000 0.0816727 0.0915158 0.1362954 0.0905152 0.0636642 0.1056461 0.0554398 0.0152354 0.0685549 0.0677496 0.0857927 0.0601545 0.0704251 0.0679870 0.0979860 0.0825321 0.0530691 0.1194245 0.0768213 0.0495805 0.0683167 0.0746533 0.1013358 0.0902344 0.0601375 0.0802007 0.0832782 0.0500848 0.0555931 0.0570362 0.0684102 0.1026163 0.0987042 0.0769984 0.0833825 0.1414742 0.0633046 0.0740186 0.0881100 0.0689352 
S1211      0.0449184 0.0676764 0.0871913 0.0732781 0.0593949 0.0670591 0.1157935 0.0808716 0.0557682 0.0991510 0.0898634 0.1148291 0.0739868 0.1118116 0.0878080 0.0950545 0.0980732 0.0461426 0.1039134 0.1286696 0.1072122 0.0460414 0.0814607 0.0816727 0.0874607 0.1005414 0.0815880 0.1179508 0.0839740 0.1080710 0.1195585 0.1093360 0.0958820 0.0816727 0.0000000 0.1128057 0.1166381 0.0954705 0.0569960 0.0900198 0.0865924 0.0882957 0.0829445 0.0815349 0.0988451 0.0464919 0.0903847 0.0431992 0.0827126 0.0810877 0.0660221 0.0963510 0.0818426 0.0801816 0.0810515 0.0732142 0.0822582 0.1111785 0.0993881 0.0867273 0.0883142 0.0671446 0.0490037 0.0759328 0.0894457 0.0939855 0.0834165 0.0836417 0.0690636 0.1609886 0.0609742 0.0952739 0.0738881 0.0555784 
S1214sl    0.0734478 0.0688432 0.0797461 0.1116165 0.0342475 0.1115947 0.1273673 0.0886437 0.0931362 0.1256463 0.0860973 0.1367588 0.0985834 0.1312073 0.1143477 0.0985005 0.1427235 0.0893517 0.1298592 0.1115193 0.1115373 0.0818286 0.0764656 0.0846336 0.1184414 0.1112494 0.0699525 0.1300012 0.0943516 0.1327247 0.1442615 0.1438268 0.1138352 0.0915158 0.1128057 0.0000000 0.1376126 0.1306676 0.0862309 0.1328196 0.1126058 0.0779831 0.0710062 0.0410769 0.1260546 0.0691724 0.0377786 0.1110987 0.1142111 0.0679185 0.0339888 0.0974965 0.1150340 0.0815845 0.0694906 0.0997885 0.1631284 0.0625038 0.1169175 0.1200066 0.0982779 0.0975585 0.0430789 0.1015078 0.0908063 0.0954481 0.1252183 0.1081957 0.1056085 0.1937213 0.0907644 0.1034323 0.0896572 0.0897635 
S1223      0.0999007 0.0855326 0.1010563 0.1247142 0.0639407 0.1246800 0.1490127 0.1325950 0.1086713 0.2093747 0.1526105 0.1253949 0.1170165 0.1896695 0.1576615 0.1595892 0.1613371 0.0893977 0.2438043 0.2005615 0.0436261 0.0827733 0.1034091 0.1262439 0.1566080 0.1026623 0.0954318 0.0760370 0.1364041 0.0439341 0.0000010 0.1777439 0.1133034 0.1362954 0.1166381 0.1376126 0.0000000 0.1788720 0.1071314 0.1379346 0.1362901 0.1166391 0.0779978 0.1138950 0.1346875 0.0846183 0.1189331 0.1049815 0.1431997 0.1154424 0.0746060 0.1735552 0.1696355 0.1031903 0.0954318 0.1135896 0.1616509 0.1268586 0.1536473 0.1345475 0.1385209 0.1346026 0.0791500 0.1282039 0.0778366 0.1423959 0.1483341 0.1368466 0.1247237 0.2073854 0.1138279 0.1491506 0.0765465 0.1029127 
S1235sl    0.0640627 0.1090966 0.1238446 0.0945687 0.0952427 0.1012168 0.1305958 0.1078088 0.1051508 0.1349983 0.0835430 0.1176489 0.0887770 0.1269672 0.0504231 0.0888175 0.0963538 0.0873861 0.1619392 0.1081552 0.1681950 0.0799424 0.1252825 0.0771352 0.1011159 0.1169956 0.1181032 0.1478891 0.1171771 0.1483534 0.1822189 0.1450419 0.0962268 0.0905152 0.0954705 0.1306676 0.1788720 0.0000000 0.0697743 0.0886195 0.0954278 0.0838396 0.0987464 0.1131683 0.1080651 0.0671133 0.1212874 0.0810867 0.0897659 0.1173347 0.1027274 0.1176835 0.0213106 0.1091091 0.1172813 0.0718666 0.1335457 0.1519858 0.1086830 0.1023297 0.0820550 0.0321711 0.0638394 0.0914113 0.1200555 0.1218214 0.0755969 0.0996220 0.0822394 0.1696918 0.0686402 0.1046209 0.0934128 0.0680377 
S1239      0.0460913 0.0503794 0.0521216 0.0626104 0.0285093 0.0688025 0.0695954 0.0563371 0.0584885 0.1118929 0.0516495 0.0833815 0.0448529 0.0713899 0.0768859 0.0632303 0.0649966 0.0475479 0.0997770 0.0751730 0.0978927 0.0349157 0.0699293 0.0512343 0.0444239 0.0829349 0.0511484 0.1105210 0.0668623 0.0986687 0.1127980 0.1136417 0.0636447 0.0636642 0.0569960 0.0862309 0.1071314 0.0697743 0.0000000 0.0517192 0.0631082 0.0574449 0.0581914 0.0480935 0.0751564 0.0477498 0.0651386 0.0562450 0.0510955 0.0574913 0.0345549 0.0639786 0.0708653 0.0625413 0.0508185 0.0349554 0.0848620 0.0850499 0.0684764 0.0694758 0.0388951 0.0564908 0.0367633 0.0585499 0.0644428 0.0687406 0.0456423 0.0657728 0.0508897 0.1363629 0.0444294 0.0638758 0.0381599 0.0382453 
S1245      0.0789006 0.0767088 0.1105915 0.0958426 0.0752956 0.1025987 0.1108709 0.0889014 0.0924947 0.1535151 0.0561835 0.0825490 0.0833212 0.0821613 0.0961712 0.0675185 0.0205679 0.0738172 0.1519676 0.1097703 0.1279857 0.0674883 0.0984867 0.0916273 0.0957109 0.0821112 0.0983987 0.1349620 0.0942904 0.1190836 0.1336956 0.1209378 0.0906893 0.1056461 0.0900198 0.1328196 0.1379346 0.0886195 0.0517192 0.0000000 0.0966592 0.0986617 0.0910262 0.0921759 0.0891296 0.0749055 0.1083255 0.0756968 0.0632874 0.0977624 0.0754384 0.1051201 0.0900371 0.0899580 0.0977172 0.0161448 0.1524998 0.1386298 0.1032212 0.1036693 0.0552813 0.0745974 0.0641192 0.0926121 0.0638091 0.1024992 0.0100420 0.0782290 0.0767378 0.1640955 0.0695172 0.0990172 0.0750881 0.0626427 
S1278      0.0631773 0.0738528 0.1012282 0.0206762 0.0465895 0.0369936 0.1044832 0.0872876 0.0213339 0.1063103 0.0700857 0.0925466 0.0615906 0.1117908 0.0748956 0.0818685 0.0978510 0.0454389 0.0438371 0.1121195 0.1466134 0.0108673 0.0946307 0.0495315 0.0921833 0.0855831 0.0814528 0.1548744 0.0694729 0.1478391 0.1415630 0.1094299 0.0808844 0.0554398 0.0865924 0.1126058 0.1362901 0.0954278 0.0631082 0.0966592 0.0000000 0.0555165 0.0749134 0.0813895 0.0314750 0.0654372 0.0902299 0.0729183 0.0893434 0.0809541 0.0659091 0.1170919 0.0818089 0.0675940 0.0809181 0.0664656 0.0559307 0.1182136 0.0722257 0.0262490 0.0752659 0.0550939 0.0622897 0.0500246 0.0747517 0.1005951 0.0899714 0.0755207 0.0818109 0.1342123 0.0621323 0.0741065 0.0737219 0.0676917 
S1315      0.0644410 0.0615747 0.0583468 0.0671214 0.0404824 0.0732331 0.0950989 0.0890192 0.0569439 0.0942069 0.0714728 0.0943738 0.0627510 0.1141828 0.0502252 0.0768522 0.0999057 0.0462986 0.1161359 0.0940971 0.1072149 0.0527745 0.0815618 0.0050031 0.0809449 0.0872455 0.0625401 0.1351034 0.0709256 0.1080737 0.1370230 0.0957858 0.0824733 0.0152354 0.0882957 0.0779831 0.1166391 0.0838396 0.0574449 0.0986617 0.0555165 0.0000000 0.0562220 0.0677607 0.0795064 0.0601545 0.0577169 0.0743020 0.0911613 0.0825459 0.0467404 0.1122741 0.0703773 0.0615788 0.0621371 0.0678863 0.0919398 0.0971410 0.0661625 0.0739382 0.0767455 0.0441955 0.0424851 0.0449272 0.0684206 0.1026352 0.0918177 0.0770110 0.0834394 0.1415063 0.0633141 0.0678350 0.0751380 0.0689811 
S1332      0.0718938 0.0612563 0.0866288 0.0743161 0.0402723 0.0743045 0.0965262 0.0820735 0.0572038 0.1009764 0.0930059 0.0937434 0.0574090 0.1235381 0.0977388 0.1054957 0.0991957 0.0460142 0.1285189 0.1022325 0.0867529 0.0400998 0.0811125 0.0622974 0.0886564 0.0726384 0.0622111 0.1123206 0.0628148 0.0874170 0.0973434 0.0997889 0.0756548 0.0685549 0.0829445 0.0710062 0.0779978 0.0987464 0.0581914 0.0910262 0.0749134 0.0562220 0.0000000 0.0606711 0.0870845 0.0609722 0.0637080 0.0817805 0.0837545 0.0757206 0.0464928 0.1068513 0.0845821 0.0735034 0.0618126 0.0600203 0.1151025 0.1127893 0.0731696 0.0814093 0.0845855 0.0757534 0.0425580 0.0641765 0.0318755 0.0954056 0.0843408 0.0493601 0.0829679 0.1598569 0.0693348 0.0687213 0.0622906 0.0686113 
S1366      0.0624499 0.0401653 0.0554809 0.0806825 0.0115865 0.0806685 0.1054441 0.0591391 0.0689938 0.1092609 0.0553392 0.0897306 0.0610872 0.1085901 0.0897029 0.0833670 0.1088617 0.0570320 0.0964709 0.0967795 0.0847652 0.0503857 0.0408004 0.0610145 0.0894522 0.0669207 0.0533611 0.1050244 0.0629111 0.1049043 0.1300170 0.0894184 0.0822680 0.0677496 0.0815349 0.0410769 0.1138950 0.1131683 0.0480935 0.0921759 0.0813895 0.0677607 0.0606711 0.0000000 0.0875683 0.0709939 0.0471925 0.0735010 0.0824759 0.0466467 0.0056314 0.0917059 0.0892764 0.0524704 0.0530026 0.0593729 0.1127118 0.0612961 0.0793923 0.0885110 0.0760446 0.0738770 0.0317517 0.0764111 0.0540373 0.0655830 0.0923218 0.0763978 0.0745958 0.1394950 0.0605345 0.0746849 0.0729948 0.0598761 
S1370      0.0752265 0.0732782 0.1073713 0.0205246 0.0587181 0.0258308 0.1193162 0.0996464 0.0211720 0.1271701 0.0889769 0.0790850 0.0733358 0.1179013 0.0870062 0.1009111 0.1109901 0.0635022 0.0439267 0.1179640 0.1448698 0.0162947 0.0938586 0.0731928 0.1044315 0.0724535 0.0937792 0.1383793 0.0832985 0.1164377 0.1403013 0.1223803 0.0801905 0.0857927 0.0988451 0.1260546 0.1346875 0.1080651 0.0751564 0.0891296 0.0314750 0.0795064 0.0870845 0.0875683 0.0000000 0.0649020 0.1030437 0.0847380 0.1020101 0.0932024 0.0718536 0.1303457 0.0941253 0.0858489 0.0931612 0.0724167 0.0386110 0.1316089 0.0777829 0.0260521 0.0810218 0.0665668 0.0684275 0.0739243 0.0741629 0.0997046 0.0959147 0.0748709 0.0811008 0.1329200 0.0739450 0.0734816 0.0856873 0.0671287 
S1375      0.0000021 0.0526852 0.0785002 0.0522346 0.0495082 0.0399658 0.0802214 0.0726892 0.0537497 0.0999460 0.0817426 0.1006515 0.0655561 0.1121357 0.0664241 0.0803641 0.0901618 0.0556147 0.0844209 0.1001965 0.0835383 0.0297188 0.0665168 0.0601545 0.0793560 0.0861006 0.0593802 0.1106035 0.0918233 0.0836071 0.1123739 0.1352282 0.0880558 0.0601545 0.0464919 0.0691724 0.0846183 0.0671133 0.0477498 0.0749055 0.0654372 0.0601545 0.0609722 0.0709939 0.0649020 0.0000000 0.0682735 0.0398058 0.0743758 0.0661898 0.0559058 0.0884485 0.0537580 0.0654372 0.0589810 0.0641004 0.0895959 0.0821534 0.0919397 0.0720540 0.0802690 0.0461040 0.0512852 0.0601025 0.0744237 0.0727323 0.0750200 0.0752322 0.0736049 0.1728029 0.0662157 0.0795758 0.0463991 0.0591145 
S1376      0.0724746 0.0557419 0.0654318 0.0894727 0.0282365 0.0894572 0.1040806 0.0683150 0.0716312 0.1087539 0.0781321 0.1054225 0.0770327 0.1070678 0.0984517 0.0902608 0.1173009 0.0674031 0.1295454 0.1098427 0.1093016 0.0604784 0.0754162 0.0639743 0.0959442 0.0825412 0.0566104 0.1281172 0.0645414 0.1101949 0.1299263 0.1120840 0.0911706 0.0704251 0.0903847 0.0377786 0.1189331 0.1212874 0.0651386 0.1083255 0.0902299 0.0577169 0.0637080 0.0471925 0.1030437 0.0682735 0.0000000 0.0890873 0.1075688 0.0491322 0.0220230 0.0893627 0.1061897 0.0679294 0.0562468 0.0687869 0.1311265 0.0905120 0.0881003 0.0971558 0.0768020 0.0762686 0.0495503 0.0792254 0.0763864 0.0810443 0.1011846 0.0855883 0.0836369 0.1818363 0.0698734 0.0819878 0.0566511 0.0691384 
S1381      0.0443436 0.0608371 0.0859011 0.0723085 0.0585785 0.0661843 0.1005213 0.0862222 0.0748073 0.0988090 0.0755778 0.0865880 0.0729975 0.1173356 0.0739097 0.0872878 0.0898000 0.0455748 0.1137807 0.1267555 0.0959541 0.0454361 0.0741274 0.0679870 0.0993113 0.0734821 0.0804642 0.1160393 0.0982980 0.0966989 0.1175916 0.1243954 0.0878744 0.0679870 0.0431992 0.1110987 0.1049815 0.0810867 0.0562450 0.0756968 0.0729183 0.0743020 0.0817805 0.0735010 0.0847380 0.0398058 0.0890873 0.0000000 0.0881742 0.0799778 0.0586732 0.1085888 0.0681305 0.0608411 0.0799426 0.0721658 0.1217357 0.1095228 0.0979971 0.0919009 0.0870779 0.0544119 0.0480108 0.0623989 0.0752417 0.0993336 0.0822382 0.0824569 0.0681337 0.1504943 0.0614143 0.0809226 0.0607327 0.0548653 
S1405      0.0784003 0.0634496 0.0951852 0.0886019 0.0674499 0.0952083 0.1031345 0.0753746 0.0782684 0.1359027 0.0841120 0.0885504 0.0698056 0.0990067 0.0906394 0.0828635 0.0768901 0.0536717 0.1413271 0.0952996 0.1238386 0.0603961 0.0841692 0.0842970 0.0754422 0.0880806 0.0774174 0.1404149 0.0866093 0.1248300 0.1477344 0.1115184 0.0901495 0.0979860 0.0827126 0.1142111 0.1431997 0.0897659 0.0510955 0.0632874 0.0893434 0.0911613 0.0837545 0.0824759 0.1020101 0.0743758 0.1075688 0.0881742 0.0000000 0.0834938 0.0749124 0.1044115 0.0912202 0.0761935 0.0768967 0.0529916 0.1019958 0.1041316 0.0958391 0.0961849 0.0696905 0.0755364 0.0710836 0.0776722 0.0836758 0.0819359 0.0571284 0.0777774 0.0828047 0.1628994 0.0690305 0.0915486 0.0683298 0.0684857 
S1422      0.0702752 0.0610746 0.0785572 0.0803044 0.0221538 0.0802915 0.1314663 0.0486371 0.0695057 0.1052070 0.0693317 0.0885829 0.0683965 0.0966780 0.0953723 0.0827676 0.1061295 0.0588663 0.1049095 0.1372302 0.1061308 0.0461200 0.0808648 0.0759567 0.1085549 0.0675357 0.0559627 0.1310417 0.0782204 0.1069719 0.1403720 0.1106090 0.0817606 0.0825321 0.0810877 0.0679185 0.1154424 0.1173347 0.0574913 0.0977624 0.0809541 0.0825459 0.0757206 0.0466467 0.0932024 0.0661898 0.0491322 0.0799778 0.0834938 0.0000000 0.0217883 0.0819594 0.1028130 0.0732835 0.0556075 0.0739861 0.1059846 0.0845690 0.0937127 0.0875238 0.0681994 0.0740131 0.0622717 0.0576613 0.0755554 0.0604058 0.0909888 0.0763427 0.0746784 0.1671062 0.0616566 0.0810974 0.0610060 0.0610348 
S1449      0.0542595 0.0275380 0.0413038 0.0653651 0.0000027 0.0653549 0.0880943 0.0453743 0.0536385 0.0828458 0.0474443 0.0667699 0.0402163 0.0824493 0.0804129 0.0741456 0.0908547 0.0359179 0.0921811 0.0940875 0.0567332 0.0361355 0.0397810 0.0467404 0.0801460 0.0461917 0.0335002 0.0938283 0.0481274 0.0661436 0.0950992 0.0799773 0.0665849 0.0530691 0.0660221 0.0339888 0.0746060 0.1027274 0.0345549 0.0754384 0.0659091 0.0467404 0.0464928 0.0056314 0.0718536 0.0559058 0.0220230 0.0586732 0.0749124 0.0217883 0.0000000 0.0741835 0.0879289 0.0391592 0.0332875 0.0504706 0.0923678 0.0608822 0.0708194 0.0725897 0.0534911 0.0589552 0.0304947 0.0409329 0.0461207 0.0576842 0.0755547 0.0608636 0.0595008 0.1274093 0.0463915 0.0589074 0.0519826 0.0459122 
S1451      0.0852192 0.1101225 0.1085673 0.1160787 0.0740640 0.1230976 0.1288860 0.0818449 0.1060011 0.1569186 0.0842609 0.1261124 0.0764642 0.1039380 0.1261097 0.0748864 0.1209562 0.0952416 0.1614641 0.1135797 0.1627011 0.0738745 0.1193552 0.1050518 0.0867072 0.1253994 0.1192439 0.1733265 0.1260862 0.1864847 0.1597062 0.1876536 0.1182033 0.1194245 0.0963510 0.0974965 0.1735552 0.1176835 0.0639786 0.1051201 0.1170919 0.1122741 0.1068513 0.0917059 0.1303457 0.0884485 0.0893627 0.1085888 0.1044115 0.0819594 0.0741835 0.0000000 0.1196661 0.1243324 0.1184061 0.0950753 0.1624322 0.1272139 0.1311288 0.1172831 0.0747236 0.1021739 0.0862293 0.0992040 0.1066117 0.1020138 0.0982200 0.1225439 0.1032399 0.1797585 0.0953342 0.1173126 0.0942531 0.0878336 
S1460      0.0581806 0.0949998 0.1184983 0.0810922 0.0807628 0.0875173 0.1328055 0.1095614 0.0908484 0.1187520 0.0848912 0.1101219 0.0753866 0.1291634 0.0384487 0.0902412 0.0911369 0.0733010 0.1397395 0.1099194 0.1590611 0.0662262 0.1104034 0.0639241 0.1027469 0.1025198 0.1034737 0.1504774 0.1018660 0.1393613 0.1855572 0.1289868 0.0977963 0.0768213 0.0818426 0.1150340 0.1696355 0.0213106 0.0708653 0.0900371 0.0818089 0.0703773 0.0845821 0.0892764 0.0941253 0.0537580 0.1061897 0.0681305 0.0912202 0.1028130 0.0879289 0.1196661 0.0000000 0.0950094 0.1027663 0.0664455 0.1231627 0.1180423 0.0879306 0.1018267 0.0833548 0.0210428 0.0567083 0.0775743 0.1051469 0.1238389 0.0767830 0.0853083 0.0835450 0.1728233 0.0696955 0.0835795 0.0948880 0.0690737 
