94
PAFTOL_019361 0.0000000 0.1103394 0.1898219 0.1480542 0.1886849 0.1922903 0.1537669 0.1685242 0.1983203 0.1672560 0.1971463 0.1447416 0.1715788 0.1814450 1.9742536 0.1742255 0.2011466 0.1619547 0.1822526 0.1232776 0.2130980 0.1677059 0.1491429 0.1552226 0.1514992 0.1491429 0.1196707 0.2377380 0.1755186 0.1780179 0.1236142 0.1881923 0.6172276 0.1429916 0.1430161 0.1543115 0.1623752 0.1628389 0.1440817 0.1612313 0.1628894 0.1661404 0.1916775 0.1585700 0.1699356 0.2189144 0.0899779 0.2123695 0.1776465 0.1340999 0.1859016 0.1659082 0.1807566 0.1809223 0.1780179 0.1953644 0.1613951 0.1049628 0.1618501 0.1148572 0.1784694 0.1832982 0.1355832 0.1655627 0.1590842 0.1824046 0.1544243 0.1955914 0.1569769 0.1636954 0.2180771 0.1907165 0.1090197 0.1639894 0.1733078 0.6172276 0.1729147 0.2047066 0.1619274 0.1673018 0.2061732 0.2024540 0.1523740 0.1688496 0.1621762 0.1805566 0.1935808 0.1804540 0.1755455 0.1554610 0.1419771 0.1464219 0.1440523 0.1515577 
S0196sl       0.1103394 0.0000000 0.0813998 0.0377689 0.0891051 0.0865701 0.0641489 0.0810396 0.1254478 0.0798202 0.0886486 0.0608113 0.0824544 0.0826802 1.1921249 0.0794631 0.0741594 0.0718522 0.0868542 0.0435845 0.1047040 0.0913079 0.0660508 0.0800118 0.0937126 0.0660508 0.0179773 0.1327454 0.0821919 0.0812115 0.0115846 0.0889681 0.3168622 0.0303286 0.0786113 0.0569131 0.0649253 0.0814231 0.0742920 0.0786256 0.0521068 0.0799462 0.0893278 0.0643778 0.0798449 0.1171100 0.0000010 0.1140693 0.0839241 0.0575173 0.0654244 0.0795100 0.1140403 0.0824196 0.0812115 0.0878676 0.0863259 0.0321637 0.0960794 0.0514852 0.0814085 0.0953418 0.0569518 0.0612356 0.0664388 0.0904318 0.0816774 0.0799344 0.0723944 0.0715326 0.1005462 0.0899679 0.0000021 0.0448688 0.0950844 0.3168622 0.0517153 0.1099699 0.0781696 0.0733029 0.1063336 0.0784521 0.0572073 0.0739517 0.0572483 0.0715364 0.1062721 0.1016404 0.0653178 0.0571809 0.0441306 0.0577689 0.0367145 0.0428804 
S0278         0.1898219 0.0813998 0.0000000 0.1064633 0.1026239 0.0366284 0.0642665 0.0870119 0.0508706 0.0235759 0.0786206 0.1039339 0.0885130 0.0962278 1.9742536 0.0115517 0.1068350 0.0864878 0.0941043 0.0820507 0.0366988 0.1051633 0.0719619 0.0236300 0.1219468 0.0719619 0.0780870 0.1937586 0.1100651 0.0945366 0.0874559 0.1024559 0.6172276 0.0927993 0.0653975 0.0647397 0.0867302 0.0900801 0.0820224 0.0718092 0.1176229 0.1155671 0.1356653 0.0723178 0.0883191 0.1672333 0.0678807 0.1714301 0.1030483 0.0859451 0.0794770 0.0796680 0.1625202 0.0959351 0.0945366 0.0361649 0.0800813 0.0190349 0.0238882 0.1080729 0.0947627 0.1042450 0.0503573 0.0831597 0.0795103 0.1072495 0.0818443 0.1147739 0.0654829 0.0716688 0.0243091 0.1036214 0.0813299 0.1087568 0.0887238 0.6172276 0.1168400 0.1102104 0.0864409 0.0864158 0.0372101 0.0984071 0.0439156 0.0871747 0.0969525 0.1095296 0.0952355 0.0866759 0.0798522 0.0807367 0.0983397 0.0655694 0.0824748 0.0660601 
S0281         0.1480542 0.0377689 0.1064633 0.0000000 0.0790875 0.0873445 0.0580382 0.0941598 0.1484537 0.1043813 0.0894592 0.0980276 0.0957675 0.0728493 0.4153773 0.1039057 0.0808892 0.0866238 0.0776124 0.0789586 0.1056811 0.0889007 0.0789569 0.1135505 0.1067737 0.0789569 0.0384020 0.1110061 0.1041905 0.0637201 0.0241294 0.0789752 0.0000010 0.0442032 0.0939407 0.0508435 0.0718706 0.0821649 0.0973709 0.1093549 0.0586763 0.0949759 0.1051549 0.0649336 0.0805593 0.0963135 0.0698774 0.0939368 0.0778738 0.0796194 0.0640695 0.0732777 0.1182336 0.0726213 0.0637201 0.0886648 0.0787013 0.0543707 0.1221116 0.0971532 0.0717567 0.0962119 0.0725684 0.0606460 0.0647266 0.0972950 0.0753098 0.0782480 0.0734712 0.0653799 0.1015129 0.0716366 0.0245863 0.0585683 0.0872111 0.0000010 0.0582465 0.1036691 0.0788547 0.0789569 0.0954378 0.0752560 0.0639502 0.0646410 0.0698420 0.0721604 0.1072759 0.0937400 0.0568497 0.0649316 0.0515406 0.0582652 0.0497013 0.0500618 
S0282         0.1886849 0.0891051 0.1026239 0.0790875 0.0000000 0.0701609 0.0559880 0.0234959 0.1234273 0.1006675 0.0862433 0.0748525 0.0238882 0.0176003 0.4153773 0.1002209 0.0570799 0.0719495 0.0449352 0.0954650 0.1018827 0.0430448 0.0233482 0.1095018 0.0918135 0.0233482 0.0713293 0.0966014 0.0876855 0.0293288 0.0785700 0.0114858 0.0000010 0.0838926 0.1193943 0.0651550 0.0647204 0.0819496 0.0819289 0.0939844 0.0872038 0.0810175 0.1222213 0.0647614 0.0803500 0.0821053 0.0887746 0.0800897 0.0776764 0.0803042 0.0352151 0.0706597 0.1037868 0.0175420 0.0293288 0.1002449 0.1030045 0.0535192 0.1177446 0.1151601 0.0173521 0.0970677 0.0700006 0.0059354 0.0114687 0.0634659 0.0725651 0.0633293 0.0708442 0.0630632 0.0898920 0.0359254 0.0653238 0.0871083 0.1124366 0.0000010 0.0866100 0.0999936 0.0942822 0.0233482 0.1118469 0.0698467 0.0644825 0.0232953 0.0429652 0.0873970 0.0881754 0.1098283 0.0566995 0.0883670 0.0954501 0.0730088 0.0495699 0.0641282 
S0289         0.1922903 0.0865701 0.0366284 0.0873445 0.0701609 0.0000000 0.0359503 0.0992753 0.0431655 0.0487062 0.0489118 0.1268792 0.1009426 0.0781147 0.4153773 0.0234740 0.0810549 0.0629261 0.0831652 0.0945877 0.0301738 0.0871170 0.0841223 0.0360252 0.0870167 0.0841223 0.0687822 0.1502199 0.1231430 0.0767844 0.0701531 0.0841417 0.0000010 0.0754569 0.0636541 0.0573868 0.0560588 0.0644180 0.0785486 0.0699127 0.0974058 0.1123740 0.1140798 0.0497001 0.0641585 0.1257952 0.1087910 0.1305725 0.0704699 0.0625462 0.0627689 0.0494667 0.1579567 0.0778767 0.0767844 0.0234787 0.0497942 0.0249358 0.0364318 0.1209878 0.0769631 0.0713508 0.0490404 0.0655384 0.0699818 0.0879281 0.0508078 0.0950534 0.0496149 0.0425177 0.0182859 0.0850411 0.0715571 0.0973226 0.0572387 0.0000010 0.0967437 0.0770349 0.0558601 0.0841223 0.0305909 0.0798466 0.0297509 0.0698888 0.0645979 0.0767200 0.0499590 0.0559602 0.0630693 0.0729088 0.0798092 0.0366824 0.0725420 0.0500591 
S0292         0.1537669 0.0641489 0.0642665 0.0580382 0.0559880 0.0359503 0.0000000 0.0699076 0.0753932 0.0630498 0.0367473 0.0911405 0.0710847 0.0499713 0.4153773 0.0494042 0.0648902 0.0504918 0.0530443 0.0715947 0.0571880 0.0578464 0.0559072 0.0631971 0.0786333 0.0559072 0.0491088 0.1317450 0.0976522 0.0491300 0.0491662 0.0559194 0.0000010 0.0545585 0.0649127 0.0305604 0.0437169 0.0516801 0.0657047 0.0712982 0.0737344 0.0959533 0.0959694 0.0373602 0.0514980 0.1161483 0.0686712 0.1131397 0.0430335 0.0501850 0.0423099 0.0113589 0.1393260 0.0498122 0.0491300 0.0494149 0.0507443 0.0254591 0.0639665 0.0959243 0.0492438 0.0727934 0.0112784 0.0376837 0.0427240 0.0650875 0.0116651 0.0719129 0.0114013 0.0055872 0.0450014 0.0564763 0.0501168 0.0736270 0.0583648 0.0000010 0.0732079 0.0353790 0.0435537 0.0559072 0.0580408 0.0716275 0.0430985 0.0426753 0.0569018 0.0641780 0.0509166 0.0570362 0.0506023 0.0510204 0.0576480 0.0244840 0.0508019 0.0301099 
S0293         0.1685242 0.0810396 0.0870119 0.0941598 0.0234959 0.0992753 0.0699076 0.0000000 0.1218656 0.0702995 0.1016237 0.0524612 0.0116897 0.0299714 1.9742536 0.0849777 0.0775550 0.0791058 0.0517922 0.0800507 0.1179048 0.0495956 0.0114272 0.0937673 0.1070471 0.0114272 0.0784078 0.1402424 0.0725937 0.0419340 0.0935428 0.0234713 0.6172276 0.0987706 0.1030567 0.0798883 0.0793314 0.0976722 0.0744795 0.0788293 0.1026820 0.0899283 0.1394705 0.0793957 0.0957610 0.1245495 0.0506232 0.1213151 0.0925355 0.0876508 0.0479420 0.0853219 0.1134119 0.0298739 0.0419340 0.1159849 0.1191794 0.0392205 0.1016088 0.0985398 0.0295447 0.1132448 0.0560371 0.0182143 0.0173487 0.0778017 0.0876017 0.0775988 0.0712123 0.0773016 0.0975549 0.0489343 0.0724114 0.0945137 0.1291504 0.6172276 0.1020075 0.1157179 0.1100135 0.0232304 0.1197299 0.0842727 0.0790342 0.0356917 0.0700198 0.1029658 0.1196196 0.1261555 0.0707633 0.1041418 0.1113563 0.0881544 0.0562053 0.0786061 
S0299         0.1983203 0.1254478 0.0508706 0.1484537 0.1234273 0.0431655 0.0753932 0.1218656 0.0000000 0.0495210 0.0850869 0.1560412 0.1347619 0.1249827 0.8415616 0.0347081 0.1365417 0.1128211 0.1331205 0.1242685 0.0435695 0.1379698 0.1218656 0.0421041 0.1384764 0.1218656 0.1013124 0.2156403 0.1459145 0.1422430 0.1228089 0.1225106 0.2319730 0.1194692 0.0861564 0.1168644 0.1131753 0.1267073 0.1354475 0.1123164 0.1493263 0.1485947 0.1421368 0.1047950 0.1161277 0.1815502 0.1254544 0.1878032 0.1151248 0.1119855 0.1225919 0.0940298 0.1993043 0.1347865 0.1422430 0.0501437 0.0866131 0.0544807 0.0347081 0.1588425 0.1328065 0.0951626 0.0750077 0.1086384 0.1133328 0.1371044 0.0859186 0.1592100 0.0942759 0.0753932 0.0360552 0.1548642 0.1157078 0.1394041 0.0970627 0.2319730 0.1493263 0.1309725 0.1035989 0.1218656 0.0518751 0.1490606 0.0765525 0.1327665 0.1170622 0.1130985 0.0960084 0.0944314 0.1231979 0.1270423 0.1488655 0.0865228 0.1175764 0.1058966 
S0327         0.1672560 0.0798202 0.0235759 0.1043813 0.1006675 0.0487062 0.0630498 0.0702995 0.0495210 0.0000000 0.0771371 0.1022093 0.0868042 0.0943719 1.9742536 0.0230490 0.1047389 0.0848520 0.0921856 0.0804479 0.0487914 0.1031184 0.0705916 0.0353513 0.1195929 0.0705916 0.0766215 0.1899169 0.1078533 0.0927382 0.0857878 0.1005068 0.6172276 0.0910635 0.0641437 0.0726584 0.0850870 0.0883195 0.0804225 0.0704488 0.1152897 0.1133035 0.1329694 0.0709381 0.0866188 0.1638525 0.0678807 0.1680547 0.1010802 0.0843278 0.0779640 0.0781431 0.1593070 0.0940881 0.0927382 0.0480809 0.0785483 0.0251215 0.0357425 0.1059264 0.0929568 0.1088764 0.0494042 0.0815134 0.0779930 0.0896585 0.0802469 0.1125299 0.0642231 0.0703084 0.0369872 0.1016298 0.0797529 0.1065944 0.0870079 0.6172276 0.1145284 0.1081134 0.0848067 0.0847788 0.0494664 0.1119962 0.0562791 0.0855110 0.0950784 0.1074667 0.0934171 0.0850296 0.0783270 0.0892746 0.0964163 0.0643093 0.0808590 0.0647822 
S0335         0.1971463 0.0886486 0.0786206 0.0894592 0.0862433 0.0489118 0.0367473 0.1016237 0.0850869 0.0771371 0.0000000 0.1215889 0.1033620 0.0799647 0.4153773 0.0629939 0.0897557 0.0643780 0.0852603 0.0968748 0.0712852 0.0892262 0.0860952 0.0773171 0.1044090 0.0860952 0.0703566 0.1721395 0.1180703 0.0785754 0.0717853 0.0861154 0.0000010 0.0771858 0.0794197 0.0587348 0.0573427 0.0659413 0.0804175 0.0858611 0.0998157 0.1314887 0.1064646 0.0508375 0.0656657 0.1439285 0.0686712 0.1510836 0.0721204 0.0639807 0.0642161 0.0505983 0.1801095 0.0797170 0.0785754 0.0490753 0.0647111 0.0390296 0.0782827 0.1239901 0.0787619 0.0876615 0.0501514 0.0671140 0.0716125 0.0900742 0.0519990 0.0811957 0.0507512 0.0434732 0.0590824 0.0870578 0.0732551 0.0997346 0.0727770 0.0000010 0.0991277 0.0639100 0.0571359 0.0860952 0.0723778 0.0969225 0.0565218 0.0715146 0.0806082 0.0785026 0.0114774 0.0711157 0.0645285 0.0746713 0.0817319 0.0308292 0.0742838 0.0512144 
S0376         0.1447416 0.0608113 0.1039339 0.0980276 0.0748525 0.1268792 0.0911405 0.0524612 0.1560412 0.1022093 0.1215889 0.0000000 0.0609351 0.0683682 1.9742536 0.1105598 0.0683425 0.0837128 0.0881869 0.0609415 0.1491413 0.0845038 0.0454583 0.1101977 0.0809338 0.0454583 0.0843180 0.1557177 0.0763389 0.0745597 0.0736143 0.0669936 0.6172276 0.0982941 0.1005642 0.0845900 0.0839618 0.1036850 0.0789348 0.0834008 0.0830524 0.0936959 0.1292772 0.0840387 0.1015474 0.1389883 0.0312551 0.1351762 0.1053305 0.0761034 0.0666665 0.1088424 0.1267333 0.0681435 0.0745597 0.1464581 0.1174100 0.0500603 0.1207870 0.0775604 0.0673018 0.1461424 0.0754955 0.0553662 0.0526371 0.0847101 0.1119057 0.0597063 0.0929862 0.0911405 0.1238747 0.0832470 0.0525888 0.0749652 0.1278298 0.6172276 0.0824580 0.1431675 0.1166841 0.0666891 0.1439286 0.0728721 0.0836298 0.0672859 0.0584720 0.1341072 0.1328184 0.1349131 0.0821359 0.0850831 0.1093951 0.0845145 0.0309336 0.0752216 
S0400         0.1715788 0.0824544 0.0885130 0.0957675 0.0238882 0.1009426 0.0710847 0.0116897 0.1347619 0.0868042 0.1033620 0.0609351 0.0000000 0.0304767 4.0021313 0.0864158 0.0788661 0.0804660 0.0527050 0.0814408 0.1199237 0.0504348 0.0116165 0.0953681 0.1088348 0.0116165 0.0797430 0.1427065 0.0738541 0.0426278 0.0951318 0.0238629 2.8949465 0.1004156 0.1048384 0.0812743 0.0806979 0.0993988 0.0661897 0.0801798 0.1044440 0.0915162 0.1419168 0.0807660 0.0974278 0.1267691 0.0731661 0.1234302 0.0941001 0.0891678 0.0487273 0.0867734 0.1153982 0.0303762 0.0426278 0.1179445 0.1212329 0.0399322 0.1033500 0.1002950 0.0300363 0.1152248 0.0569811 0.0185316 0.0176367 0.0791219 0.0891209 0.0789097 0.0724308 0.0786061 0.1078906 0.0497522 0.0736640 0.0961374 0.1313965 2.8949465 0.1037521 0.1176718 0.1118989 0.0236142 0.1218066 0.0856863 0.0803918 0.0362838 0.0711959 0.1047426 0.1216863 0.1283142 0.0719637 0.1059577 0.1132789 0.0896928 0.0571521 0.0799503 
S0405         0.1814450 0.0826802 0.0962278 0.0728493 0.0176003 0.0781147 0.0499713 0.0299714 0.1249827 0.0943719 0.0799647 0.0683682 0.0304767 0.0000000 0.4153773 0.0939496 0.0571967 0.0657050 0.0312977 0.0890650 0.0875790 0.0370488 0.0175787 0.1031367 0.0781067 0.0175787 0.0651457 0.1076579 0.0813261 0.0235548 0.0723678 0.0175822 0.0000010 0.0777904 0.1128962 0.0589011 0.0585116 0.0754808 0.0754663 0.0876763 0.0808908 0.0994688 0.1155757 0.0585444 0.0739941 0.0925486 0.1148198 0.0901951 0.0641889 0.0739716 0.0294614 0.0645039 0.1150988 0.0117392 0.0235548 0.0939710 0.0965853 0.0470460 0.1113084 0.1084987 0.0116114 0.1061559 0.0639069 0.0000021 0.0057553 0.0573614 0.0662712 0.0572481 0.0646814 0.0569948 0.0833604 0.0300570 0.0590726 0.0807886 0.1059016 0.0000010 0.0803257 0.0937256 0.0879488 0.0297794 0.1053335 0.0637763 0.0582955 0.0175385 0.0432830 0.0960668 0.0969425 0.1034208 0.0506248 0.0819511 0.0890566 0.0666759 0.0435636 0.0579689 
S0412sl       1.9742536 1.1921249 1.9742536 0.4153773 0.4153773 0.4153773 0.4153773 1.9742536 0.8415616 1.9742536 0.4153773 1.9742536 4.0021313 0.4153773 0.0000000 1.9742536 0.4153773 0.5053433 0.5053433 1.9742536 0.4153773 0.5053433 1.9742536 1.9742536 0.4153773 1.9742536 0.5053433 0.4153773 1.9742536 0.4276209 0.4153773 0.4153773 0.0000010 0.4153773 1.9742536 0.4153773 0.4153773 0.4153773 2.9453732 1.9742536 0.4153773 1.9742536 0.4153773 0.4153773 0.4153773 0.4153773 1.9742536 0.4153773 0.4153773 0.5053433 0.4153773 0.4153773 1.9742536 0.4153773 0.4153773 0.4153773 0.4153773 1.9742536 1.9742536 1.9742536 0.4153773 0.4153773 1.9742536 0.4153773 0.5053433 0.4153773 0.4153773 0.4153773 0.8075075 0.4153773 0.5102569 0.4153773 0.5053433 0.5053433 0.4153773 0.0000010 0.4153773 0.4153773 0.1263550 0.8415616 0.5053433 0.4153773 0.4153773 0.4153773 0.4153773 0.4153773 0.4153773 0.4153773 0.4153773 0.4153773 0.4153773 0.5102569 0.5053433 0.4153773 
S0417         0.1742255 0.0794631 0.0115517 0.1039057 0.1002209 0.0234740 0.0494042 0.0849777 0.0347081 0.0230490 0.0629939 0.1105598 0.0864158 0.0939496 1.9742536 0.0000000 0.1042600 0.0703784 0.0917496 0.0800855 0.0297934 0.0954578 0.0702837 0.0113644 0.1034637 0.0702837 0.0762906 0.1890424 0.1073479 0.0923288 0.0854093 0.1000619 0.6172276 0.0906684 0.0502758 0.0723330 0.0705788 0.0797134 0.0720749 0.0564970 0.1147549 0.1127856 0.1323516 0.0640026 0.0793382 0.1630808 0.0678807 0.1672825 0.0858442 0.0699478 0.0776220 0.0637664 0.1585718 0.0936680 0.0923288 0.0231932 0.0641437 0.0122913 0.0114819 0.1054364 0.0925457 0.0868769 0.0362861 0.0811409 0.0776503 0.1046518 0.0654979 0.1120163 0.0503115 0.0563472 0.0180573 0.1011751 0.0793964 0.1061002 0.0721272 0.6172276 0.1139998 0.0926700 0.0703362 0.0844073 0.0238393 0.0960403 0.0428993 0.0851335 0.0946515 0.0921969 0.0784770 0.0704939 0.0779824 0.0888661 0.0959780 0.0504046 0.0804935 0.0644965 
S0427         0.2011466 0.0741594 0.1068350 0.0808892 0.0570799 0.0810549 0.0648902 0.0775550 0.1365417 0.1047389 0.0897557 0.0683425 0.0788661 0.0571967 0.4153773 0.1042600 0.0000000 0.0827415 0.0451323 0.0901098 0.1060481 0.0721904 0.0631845 0.1123902 0.0938977 0.0631845 0.0650291 0.1531586 0.0907728 0.0562256 0.0580337 0.0631985 0.0000010 0.0635656 0.1243066 0.0748614 0.0750502 0.0780330 0.0936700 0.1060803 0.0743126 0.1262425 0.1353389 0.0604663 0.0764530 0.1368625 0.0887746 0.1331957 0.0807942 0.0976479 0.0362918 0.0804738 0.1609717 0.0570157 0.0562256 0.1042859 0.1072467 0.0550055 0.1225492 0.1082716 0.0563567 0.1340530 0.0796796 0.0449582 0.0496799 0.0510150 0.0826918 0.0654355 0.0806755 0.0723771 0.1018742 0.0638439 0.0518940 0.0742048 0.1171174 0.0000010 0.0737789 0.1113655 0.0981359 0.0631845 0.1164904 0.0509040 0.0818157 0.0496207 0.0510826 0.1227469 0.1006881 0.1143192 0.0591539 0.0752680 0.0750252 0.0760310 0.0242203 0.0592624 
S0552sl       0.1619547 0.0718522 0.0864878 0.0866238 0.0719495 0.0629261 0.0504918 0.0791058 0.1128211 0.0848520 0.0643780 0.0837128 0.0804660 0.0657050 0.5053433 0.0703784 0.0827415 0.0000000 0.0616556 0.0715921 0.0866995 0.0740008 0.0644318 0.0850506 0.0863027 0.0644318 0.0778393 0.1403772 0.0965195 0.0645634 0.0695909 0.0718507 0.0000027 0.0926282 0.0696382 0.0569167 0.0056730 0.0366824 0.0236836 0.0232442 0.0965867 0.1031113 0.1042069 0.0236181 0.0300787 0.1156751 0.0667571 0.1213644 0.0425997 0.0486094 0.0643566 0.0651869 0.1387324 0.0654958 0.0645634 0.0778093 0.0627359 0.0186398 0.0861311 0.0959008 0.0647171 0.0849365 0.0573397 0.0529205 0.0574515 0.0902466 0.0669885 0.0786409 0.0653675 0.0575919 0.0744153 0.0726157 0.0635879 0.0959332 0.0705204 0.0000027 0.0959332 0.0947176 0.0554139 0.0644318 0.0875665 0.0642323 0.0419828 0.0576916 0.0640706 0.0761092 0.0802220 0.0768117 0.0359660 0.0723038 0.0791520 0.0363825 0.0569948 0.0496518 
S0558         0.1822526 0.0868542 0.0941043 0.0776124 0.0449352 0.0831652 0.0530443 0.0517922 0.1331205 0.0921856 0.0852603 0.0881869 0.0527050 0.0312977 0.5053433 0.0917496 0.0451323 0.0616556 0.0000000 0.1027079 0.0937894 0.0460411 0.0379282 0.1013981 0.0906081 0.0379282 0.0765528 0.1317777 0.0784230 0.0380026 0.0770681 0.0379282 0.0000027 0.0827785 0.1116685 0.0627121 0.0545096 0.0730290 0.0716865 0.0768456 0.0862834 0.1316336 0.1417757 0.0551834 0.0714956 0.1060656 0.0946335 0.1121623 0.0614482 0.0942100 0.0311476 0.0686292 0.1207932 0.0385499 0.0380026 0.1002541 0.1032151 0.0417277 0.1100043 0.1243533 0.0380946 0.1308922 0.0602797 0.0327348 0.0312977 0.0524985 0.0706195 0.0608370 0.0688245 0.0530443 0.0975622 0.0453339 0.0701469 0.0856521 0.1133543 0.0000027 0.0856521 0.0999849 0.0938639 0.0379282 0.1119873 0.0535202 0.0771243 0.0314268 0.0602664 0.1192491 0.1036220 0.1105364 0.0468932 0.0875145 0.0951111 0.0710805 0.0459620 0.0616557 
S0616         0.1232776 0.0435845 0.0820507 0.0789586 0.0954650 0.0945877 0.0715947 0.0800507 0.1242685 0.0804479 0.0968748 0.0609415 0.0814408 0.0890650 1.9742536 0.0800855 0.0901098 0.0715921 0.1027079 0.0000000 0.1041388 0.0910166 0.0651936 0.0955815 0.1013300 0.0651936 0.0582661 0.1396679 0.0798521 0.0874939 0.0555358 0.0953140 0.6172276 0.0711696 0.0727766 0.0641662 0.0717987 0.0895210 0.0668310 0.0713479 0.0868313 0.0725519 0.0722739 0.0718503 0.0811929 0.1239424 0.0151108 0.1207187 0.0916879 0.0711467 0.0794767 0.0874171 0.1128106 0.0887896 0.0874939 0.1114598 0.0877587 0.0256715 0.0796570 0.0305583 0.0877043 0.0932361 0.0573812 0.0759710 0.0726330 0.1072785 0.0800696 0.0944582 0.0565356 0.0791776 0.1093783 0.0963899 0.0430418 0.0719501 0.0966665 0.6172276 0.0790883 0.1185731 0.0794665 0.0795012 0.1151266 0.0940432 0.0569751 0.0802005 0.0641699 0.0840404 0.1150327 0.0881568 0.0712614 0.0644822 0.0792947 0.0651317 0.0503270 0.0497163 
S0624         0.2130980 0.1047040 0.0366988 0.1056811 0.1018827 0.0301738 0.0571880 0.1179048 0.0435695 0.0487914 0.0712852 0.1491413 0.1199237 0.0875790 0.4153773 0.0297934 0.1060481 0.0866995 0.0937894 0.1041388 0.0000000 0.0942718 0.1016925 0.0426584 0.0978896 0.1016925 0.0850838 0.1736878 0.1445285 0.0938430 0.0868019 0.1017164 0.0000010 0.0921274 0.0877554 0.0735201 0.0792064 0.0792886 0.0939372 0.0942821 0.1167670 0.1495465 0.1347134 0.0561813 0.0709074 0.1478567 0.1276838 0.1523883 0.0802654 0.0861541 0.0788737 0.0722064 0.1817299 0.0952249 0.0938430 0.0297994 0.0726085 0.0385876 0.0431497 0.1419827 0.0940661 0.0876270 0.0715173 0.0749086 0.0866516 0.1064555 0.0741885 0.1139460 0.0644580 0.0644255 0.0247773 0.1028685 0.0886176 0.1167212 0.0810025 0.0000010 0.1159909 0.1022014 0.0789368 0.1016925 0.0372816 0.0976699 0.0435539 0.0865219 0.0812053 0.0929868 0.0874871 0.0791351 0.0642738 0.0903735 0.0976040 0.0583554 0.0898583 0.0655340 
S0641         0.1677059 0.0913079 0.1051633 0.0889007 0.0430448 0.0871170 0.0578464 0.0495956 0.1379698 0.1031184 0.0892262 0.0845038 0.0504348 0.0370488 0.5053433 0.0954578 0.0721904 0.0740008 0.0460411 0.0910166 0.0942718 0.0000000 0.0363563 0.1048248 0.0949245 0.0363563 0.0658301 0.1528269 0.0818658 0.0364245 0.0883043 0.0429950 0.0000027 0.0790589 0.0988529 0.0744037 0.0669382 0.0817321 0.0812370 0.0890879 0.0894077 0.1251165 0.1061208 0.0578011 0.0587841 0.1365185 0.0932172 0.1328588 0.0803149 0.0826191 0.0425176 0.0730604 0.1509725 0.0369275 0.0364245 0.1036970 0.0909425 0.0397323 0.1062521 0.1109588 0.0365092 0.1167001 0.0648856 0.0316061 0.0300138 0.0724189 0.0673677 0.0722380 0.0732535 0.0651751 0.1012673 0.0434095 0.0741412 0.0900935 0.1002629 0.0000027 0.0900931 0.1034349 0.0822898 0.0363563 0.1151109 0.0790117 0.0735994 0.0236044 0.0646237 0.1060374 0.1070359 0.0978660 0.0653193 0.0988775 0.1062253 0.0755612 0.0574809 0.0731886 
S0643         0.1491429 0.0660508 0.0719619 0.0789569 0.0233482 0.0841223 0.0559072 0.0114272 0.1218656 0.0705916 0.0860952 0.0454583 0.0116165 0.0175787 1.9742536 0.0702837 0.0631845 0.0644318 0.0379282 0.0651936 0.1016925 0.0363563 0.0000000 0.0785891 0.0916548 0.0000010 0.0638952 0.1226688 0.0580495 0.0292915 0.0784413 0.0233238 0.6172276 0.0837538 0.0873057 0.0650535 0.0646204 0.0818073 0.0595321 0.0642168 0.0870526 0.0744004 0.1219619 0.0646608 0.0802144 0.1074015 0.0506232 0.1046636 0.0775504 0.0725209 0.0351702 0.0705486 0.0970201 0.0175205 0.0292915 0.1000619 0.1028099 0.0255131 0.0860594 0.0825239 0.0173310 0.1124543 0.0425943 0.0119743 0.0056528 0.0633701 0.0724476 0.0632341 0.0569360 0.0629687 0.0897292 0.0358791 0.0579249 0.0792108 0.1122112 0.6172276 0.0864603 0.0998113 0.0941128 0.0230857 0.1032366 0.0697388 0.0643835 0.0232664 0.0560385 0.1022576 0.1031866 0.1096141 0.0566167 0.0882105 0.0952762 0.0728889 0.0427484 0.0640303 
S0645sl       0.1552226 0.0800118 0.0236300 0.1135505 0.1095018 0.0360252 0.0631971 0.0937673 0.0421041 0.0353513 0.0773171 0.1101977 0.0953681 0.1031367 1.9742536 0.0113644 0.1123902 0.0850506 0.1013981 0.0955815 0.0426584 0.1048248 0.0785891 0.0000000 0.1114994 0.0785891 0.0767993 0.2015239 0.1173744 0.1013385 0.0859903 0.1093174 0.6172276 0.0912745 0.0500700 0.0874852 0.0852865 0.0951623 0.0871552 0.0706137 0.1232036 0.1297249 0.1317722 0.0785392 0.0946582 0.1749855 0.0678807 0.1790055 0.1013196 0.0704163 0.0861694 0.0783280 0.1700711 0.1028293 0.1013385 0.0355765 0.0638777 0.0251828 0.0114391 0.1061874 0.1015786 0.1024873 0.0495193 0.0891429 0.0862155 0.1128286 0.0804407 0.1219214 0.0643756 0.0704732 0.0308079 0.1105636 0.0799441 0.1143772 0.0718234 0.6172276 0.1224077 0.1083687 0.0850052 0.0931309 0.0365887 0.1039774 0.0564102 0.0939417 0.1024521 0.1077180 0.0936381 0.0702026 0.0865643 0.1049157 0.1121764 0.0644618 0.0880960 0.0791783 
S0689         0.1514992 0.0937126 0.1219468 0.1067737 0.0918135 0.0870167 0.0786333 0.1070471 0.1384764 0.1195929 0.1044090 0.0809338 0.1088348 0.0781067 0.4153773 0.1034637 0.0938977 0.0863027 0.0906081 0.1013300 0.0978896 0.0949245 0.0916548 0.1114994 0.0000000 0.0916548 0.1018354 0.1354265 0.1009321 0.0841931 0.0831986 0.0916761 0.0000010 0.1070641 0.1023541 0.0853536 0.0788486 0.1037430 0.1036967 0.0938455 0.0847271 0.1441120 0.1211373 0.0865425 0.1031602 0.1202234 0.1231469 0.1171921 0.0843514 0.0641449 0.0765279 0.0947479 0.1251666 0.0853939 0.0841931 0.1034891 0.0867710 0.0692014 0.1215257 0.1194774 0.0695723 0.1269613 0.0937892 0.0661360 0.0773064 0.0869076 0.0884621 0.0698527 0.0949594 0.0863368 0.1010668 0.0926681 0.0702144 0.0846318 0.0955648 0.0000010 0.0841605 0.1262471 0.0931086 0.0916548 0.1085208 0.0824102 0.0637585 0.0771996 0.0418059 0.1163762 0.1142856 0.1021354 0.0914881 0.0795579 0.0934204 0.0721490 0.0618766 0.0699773 
S0690         0.1491429 0.0660508 0.0719619 0.0789569 0.0233482 0.0841223 0.0559072 0.0114272 0.1218656 0.0705916 0.0860952 0.0454583 0.0116165 0.0175787 1.9742536 0.0702837 0.0631845 0.0644318 0.0379282 0.0651936 0.1016925 0.0363563 0.0000010 0.0785891 0.0916548 0.0000000 0.0638952 0.1226688 0.0580495 0.0292915 0.0784413 0.0233238 0.6172276 0.0837538 0.0873057 0.0650535 0.0646204 0.0818073 0.0595321 0.0642168 0.0870526 0.0744004 0.1219619 0.0646608 0.0802144 0.1074015 0.0506232 0.1046636 0.0775504 0.0725209 0.0351702 0.0705486 0.0970201 0.0175205 0.0292915 0.1000619 0.1028099 0.0255131 0.0860594 0.0825239 0.0173310 0.1124543 0.0425943 0.0119743 0.0056528 0.0633701 0.0724476 0.0632341 0.0569360 0.0629687 0.0897292 0.0358791 0.0579249 0.0792108 0.1122112 0.6172276 0.0864603 0.0998113 0.0941128 0.0230857 0.1032366 0.0697388 0.0643835 0.0232664 0.0560385 0.1022576 0.1031866 0.1096141 0.0566167 0.0882105 0.0952762 0.0728889 0.0427484 0.0640303 
S0720         0.1196707 0.0179773 0.0780870 0.0384020 0.0713293 0.0687822 0.0491088 0.0784078 0.1013124 0.0766215 0.0703566 0.0843180 0.0797430 0.0651457 0.5053433 0.0762906 0.0650291 0.0778393 0.0765528 0.0582661 0.0850838 0.0658301 0.0638952 0.0767993 0.1018354 0.0638952 0.0000000 0.1335713 0.0994485 0.0640243 0.0178285 0.0712326 0.0000027 0.0000021 0.0788765 0.0578403 0.0639777 0.0811337 0.0879451 0.0924421 0.0527828 0.0958460 0.0908229 0.0641682 0.0652547 0.1178103 0.0504981 0.1147287 0.0852592 0.0634689 0.0568528 0.0633584 0.1320091 0.0649400 0.0640243 0.0697634 0.0716481 0.0383303 0.0857379 0.0669935 0.0641754 0.0801792 0.0557607 0.0449382 0.0569871 0.0804836 0.0578061 0.0888245 0.0635317 0.0559994 0.0806388 0.0719827 0.0179203 0.0532309 0.0799180 0.0000027 0.0532308 0.0920314 0.0639021 0.0638952 0.0936910 0.0871699 0.0563760 0.0572226 0.0644871 0.0574196 0.0863297 0.0780956 0.0651020 0.0651933 0.0517557 0.0575852 0.0506367 0.0502665 
S0735         0.2377380 0.1327454 0.1937586 0.1110061 0.0966014 0.1502199 0.1317450 0.1402424 0.2156403 0.1899169 0.1721395 0.1557177 0.1427065 0.1076579 0.4153773 0.1890424 0.1531586 0.1403772 0.1317777 0.1396679 0.1736878 0.1528269 0.1226688 0.2015239 0.1354265 0.1226688 0.1335713 0.0000000 0.1689086 0.1128614 0.1196225 0.1227006 0.0000010 0.1473932 0.1667437 0.1227211 0.1399067 0.1415514 0.1635211 0.1756409 0.1675819 0.0808654 0.1918363 0.1401099 0.1495279 0.0116923 0.2371097 0.0114447 0.1376136 0.1406683 0.1376497 0.1304751 0.0296730 0.1159134 0.1128614 0.1890970 0.1481294 0.1326843 0.2128080 0.1632921 0.0974293 0.1795721 0.1497915 0.1038728 0.1064656 0.1499277 0.1448379 0.1466196 0.1518130 0.1410250 0.1807238 0.1227577 0.1139960 0.1677091 0.1593790 0.0000010 0.1665998 0.1653696 0.1567105 0.1392568 0.1946406 0.1543102 0.1212662 0.1223688 0.0957974 0.1664932 0.1762485 0.1663813 0.1286489 0.1404089 0.1585956 0.1324875 0.1194038 0.1206132 
S0742         0.1755186 0.0821919 0.1100651 0.1041905 0.0876855 0.1231430 0.0976522 0.0725937 0.1459145 0.1078533 0.1180703 0.0763389 0.0738541 0.0813261 1.9742536 0.1073479 0.0907728 0.0965195 0.0784230 0.0798521 0.1445285 0.0818658 0.0580495 0.1173744 0.1009321 0.0580495 0.0994485 0.1689086 0.0000000 0.0798957 0.0883073 0.0875529 0.6172276 0.1053976 0.0978390 0.0894023 0.0967918 0.1006590 0.0921441 0.0961577 0.0791084 0.1327543 0.1310227 0.0817074 0.0904217 0.1524068 0.0485150 0.1483029 0.1023969 0.1057701 0.0580286 0.1154608 0.1399171 0.0810717 0.0798957 0.1420045 0.1141793 0.0476226 0.1145972 0.0914758 0.0649582 0.1413065 0.0819655 0.0766235 0.0653203 0.0835090 0.0891374 0.0652256 0.0996088 0.1060955 0.1412850 0.0885252 0.0742374 0.0795586 0.1242347 0.6172276 0.0868497 0.1497396 0.1049273 0.0580495 0.1469539 0.0790052 0.0964147 0.0727284 0.0787758 0.1297768 0.1380910 0.1311358 0.0727620 0.0988906 0.1062462 0.0907828 0.0506604 0.0731778 
S0756         0.1780179 0.0812115 0.0945366 0.0637201 0.0293288 0.0767844 0.0491300 0.0419340 0.1422430 0.0927382 0.0785754 0.0745597 0.0426278 0.0235548 0.4276209 0.0923288 0.0562256 0.0645634 0.0380026 0.0874939 0.0938430 0.0364245 0.0292915 0.1013385 0.0841931 0.0292915 0.0640243 0.1128614 0.0798957 0.0000000 0.0711216 0.0292974 0.0000010 0.0764750 0.0944549 0.0578737 0.0574982 0.0741283 0.0741156 0.0861505 0.0794770 0.0965778 0.1134854 0.0575291 0.0726897 0.0979629 0.1306138 0.0955134 0.0702933 0.0726720 0.0289832 0.0633987 0.1201795 0.0234779 0.0112855 0.0923505 0.0791521 0.0461937 0.1093545 0.1065239 0.0232230 0.1200003 0.0628225 0.0180569 0.0172705 0.0563842 0.0651110 0.0562762 0.0635723 0.0560293 0.0895309 0.0172695 0.0580425 0.0793760 0.0877037 0.0000010 0.0789287 0.0921095 0.0794965 0.0292915 0.0945274 0.0560771 0.0572893 0.0172528 0.0492637 0.1095625 0.0952277 0.0856928 0.0497644 0.0804978 0.0874870 0.0655023 0.0428298 0.0569733 
S0760         0.1236142 0.0115846 0.0874559 0.0241294 0.0785700 0.0701531 0.0491662 0.0935428 0.1228089 0.0857878 0.0717853 0.0736143 0.0951318 0.0723678 0.4153773 0.0854093 0.0580337 0.0695909 0.0770681 0.0555358 0.0868019 0.0883043 0.0784413 0.0859903 0.0831986 0.0784413 0.0178285 0.1196225 0.0883073 0.0711216 0.0000000 0.0784593 0.0000010 0.0174534 0.0845096 0.0424084 0.0558570 0.0649210 0.0791327 0.0908242 0.0374051 0.0923084 0.0787091 0.0493381 0.0636969 0.1047039 0.0312718 0.1020920 0.0680511 0.0557155 0.0501359 0.0634178 0.1269243 0.0721418 0.0711216 0.0711707 0.0699468 0.0457067 0.1020746 0.0637809 0.0712892 0.0782424 0.0628423 0.0519155 0.0643044 0.0731348 0.0651277 0.0637719 0.0635912 0.0560585 0.0823264 0.0792977 0.0000021 0.0373165 0.0779871 0.0000010 0.0371225 0.0920673 0.0624055 0.0784413 0.0961566 0.0626006 0.0486306 0.0642205 0.0486577 0.0560732 0.0880908 0.0843326 0.0500551 0.0425867 0.0301987 0.0430379 0.0297232 0.0293671 
S0763         0.1881923 0.0889681 0.1024559 0.0789752 0.0114858 0.0841417 0.0559194 0.0234713 0.1225106 0.1005068 0.0861154 0.0669936 0.0238629 0.0175822 0.4153773 0.1000619 0.0631985 0.0718507 0.0379282 0.0953140 0.1017164 0.0429950 0.0233238 0.1093174 0.0916761 0.0233238 0.0712326 0.1227006 0.0875529 0.0292974 0.0784593 0.0000000 0.0000010 0.0837729 0.1191794 0.0650683 0.0646351 0.0818270 0.0818067 0.0938390 0.0870732 0.1058400 0.1219934 0.0646756 0.0802333 0.1074289 0.0887746 0.1046897 0.0775681 0.0801880 0.0351773 0.0705646 0.1301581 0.0175240 0.0292974 0.1000858 0.1028350 0.0534495 0.1175362 0.1149510 0.0173344 0.0969109 0.0699076 0.0059295 0.0114576 0.0633842 0.0724644 0.0632481 0.0707487 0.0490458 0.0897512 0.0358865 0.0652369 0.0869782 0.1122395 0.0000010 0.0864808 0.0998351 0.0941354 0.0233238 0.1116521 0.0697543 0.0643980 0.0232710 0.0560506 0.0872654 0.1032119 0.1096412 0.0566292 0.0882318 0.0952993 0.0729060 0.0495109 0.0640447 
S0765         0.6172276 0.3168622 0.6172276 0.0000010 0.0000010 0.0000010 0.0000010 0.6172276 0.2319730 0.6172276 0.0000010 0.6172276 2.8949465 0.0000010 0.0000010 0.6172276 0.0000010 0.0000027 0.0000027 0.6172276 0.0000010 0.0000027 0.6172276 0.6172276 0.0000010 0.6172276 0.0000027 0.0000010 0.6172276 0.0000010 0.0000010 0.0000010 0.0000000 0.0000010 0.6172276 0.0000010 0.0000010 0.0000010 1.5727212 0.6172276 0.0000010 0.6172276 0.0000010 0.0000010 0.0000010 0.0000010 0.6172276 0.0000010 0.0000010 0.0000027 0.0000010 0.0000010 0.6172276 0.0000010 0.0000010 0.0000010 0.0000010 0.6172276 0.6172276 0.6172276 0.0000010 0.0000010 0.6172276 0.0000010 0.0000027 0.0000010 0.0000010 0.0000010 0.2066013 0.0000010 0.0000010 0.0000010 0.0000027 0.0000027 0.0000010 0.0000010 0.0000010 0.0000010 0.0000010 0.2319730 0.0000027 0.0000010 0.0000010 0.0000010 0.0000010 0.0000010 0.0000010 0.0000010 0.0000010 0.0000010 0.0000010 0.0000010 0.0000027 0.0000010 
S0795         0.1429916 0.0303286 0.0927993 0.0442032 0.0838926 0.0754569 0.0545585 0.0987706 0.1194692 0.0910635 0.0771858 0.0982941 0.1004156 0.0777904 0.4153773 0.0906684 0.0635656 0.0926282 0.0827785 0.0711696 0.0921274 0.0790589 0.0837538 0.0912745 0.1070641 0.0837538 0.0000021 0.1473932 0.1053976 0.0764750 0.0174534 0.0837729 0.0000010 0.0000000 0.0937455 0.0634153 0.0778946 0.0883689 0.1035110 0.1152784 0.0515737 0.1171728 0.0963578 0.0709873 0.0721914 0.1316555 0.0686712 0.1282398 0.0905577 0.0776993 0.0556074 0.0687936 0.1549706 0.0775551 0.0764750 0.0765353 0.0785976 0.0526080 0.1007559 0.0803444 0.0766517 0.0873169 0.0681715 0.0575586 0.0697218 0.0786298 0.0633807 0.0867596 0.0689713 0.0614303 0.0878545 0.0846610 0.0177722 0.0522910 0.0870569 0.0000010 0.0520036 0.0972638 0.0706929 0.0837538 0.1015058 0.0851727 0.0699193 0.0696299 0.0699822 0.0641673 0.0934645 0.0850781 0.0720074 0.0637226 0.0505928 0.0643583 0.0497818 0.0491662 
S0894         0.1430161 0.0786113 0.0653975 0.0939407 0.1193943 0.0636541 0.0649127 0.1030567 0.0861564 0.0641437 0.0794197 0.1005642 0.1048384 0.1128962 1.9742536 0.0502758 0.1243066 0.0696382 0.1116685 0.0727766 0.0877554 0.0988529 0.0873057 0.0500700 0.1023541 0.0873057 0.0788765 0.1667437 0.0978390 0.0944549 0.0845096 0.1191794 0.6172276 0.0937455 0.0000000 0.0715527 0.0698351 0.0788552 0.0713003 0.0559003 0.1051285 0.0950583 0.1063607 0.0633227 0.0643811 0.1503919 0.0480079 0.1463764 0.0849340 0.0692160 0.0951683 0.0804911 0.1380764 0.1125599 0.0944549 0.0787342 0.0114018 0.0188004 0.0444461 0.0974915 0.1111633 0.0859508 0.0508547 0.0996777 0.0952371 0.1248268 0.0748433 0.1108082 0.0661535 0.0723974 0.0753399 0.1035358 0.0785460 0.0981294 0.0174492 0.6172276 0.1059033 0.1113666 0.0560420 0.1023466 0.0728320 0.1026856 0.0554506 0.1032515 0.0936419 0.0769950 0.0962289 0.0232683 0.0771594 0.0878976 0.0949422 0.0498644 0.0796225 0.0638059 
S0906         0.1543115 0.0569131 0.0647397 0.0508435 0.0651550 0.0573868 0.0305604 0.0798883 0.1168644 0.0726584 0.0587348 0.0845900 0.0812743 0.0589011 0.4153773 0.0723330 0.0748614 0.0569167 0.0627121 0.0641662 0.0735201 0.0744037 0.0650535 0.0874852 0.0853536 0.0650535 0.0578403 0.1227211 0.0894023 0.0578737 0.0424084 0.0650683 0.0000010 0.0634153 0.0715527 0.0000000 0.0500584 0.0519055 0.0659814 0.0779373 0.0660830 0.0878963 0.0878624 0.0369294 0.0509146 0.1073570 0.0672428 0.1046053 0.0492791 0.0565699 0.0506134 0.0441803 0.1302300 0.0587102 0.0578737 0.0723498 0.0572050 0.0325789 0.0886315 0.0878169 0.0580115 0.0795647 0.0437969 0.0461034 0.0511304 0.0751092 0.0454167 0.0644400 0.0443207 0.0371881 0.0603281 0.0502897 0.0432175 0.0659737 0.0649897 0.0000010 0.0656041 0.0721334 0.0498755 0.0650535 0.0825572 0.0641952 0.0364037 0.0510669 0.0498611 0.0707381 0.0746435 0.0713994 0.0436261 0.0172962 0.0505055 0.0306641 0.0438047 0.0113767 
S0956         0.1623752 0.0649253 0.0867302 0.0718706 0.0647204 0.0560588 0.0437169 0.0793314 0.1131753 0.0850870 0.0573427 0.0839618 0.0806979 0.0585116 0.4153773 0.0705788 0.0750502 0.0056730 0.0545096 0.0717987 0.0792064 0.0669382 0.0646204 0.0852865 0.0788486 0.0646204 0.0639777 0.1399067 0.0967918 0.0574982 0.0558570 0.0646351 0.0000010 0.0778946 0.0698351 0.0500584 0.0000000 0.0302469 0.0176658 0.0233149 0.0812025 0.1033942 0.0885169 0.0175355 0.0301773 0.1152543 0.0492958 0.1209397 0.0361354 0.0423212 0.0573207 0.0580397 0.1475175 0.0583232 0.0574982 0.0705947 0.0558842 0.0187014 0.0863723 0.0961705 0.0576349 0.0776080 0.0575097 0.0454021 0.0508055 0.0824133 0.0596498 0.0713275 0.0582083 0.0506548 0.0669283 0.0653106 0.0501550 0.0810998 0.0634413 0.0000010 0.0806332 0.0870146 0.0487566 0.0646204 0.0804456 0.0572071 0.0356259 0.0507433 0.0570739 0.0622262 0.0727761 0.0696890 0.0296672 0.0650361 0.0646866 0.0300092 0.0504110 0.0429968 
S0959         0.1628389 0.0814231 0.0900801 0.0821649 0.0819496 0.0644180 0.0516801 0.0976722 0.1267073 0.0883195 0.0659413 0.1036850 0.0993988 0.0754808 0.4153773 0.0797134 0.0780330 0.0366824 0.0730290 0.0895210 0.0792886 0.0817321 0.0818073 0.0951623 0.1037430 0.0818073 0.0811337 0.1415514 0.1006590 0.0741283 0.0649210 0.0818270 0.0000010 0.0883689 0.0788552 0.0519055 0.0302469 0.0000000 0.0366866 0.0565461 0.0922628 0.1236845 0.1162060 0.0175240 0.0301682 0.1256822 0.1107469 0.1223849 0.0358619 0.0634986 0.0594651 0.0512724 0.1492149 0.0582252 0.0741283 0.0797321 0.0642201 0.0254744 0.0964242 0.1161639 0.0743100 0.0870587 0.0661526 0.0538403 0.0669970 0.0684555 0.0686851 0.0740361 0.0669829 0.0589757 0.0763318 0.0827435 0.0662449 0.0921694 0.0722379 0.0000010 0.0916118 0.0798619 0.0566916 0.0818073 0.0903647 0.0593443 0.0499680 0.0669047 0.0735219 0.0779475 0.0822659 0.0786864 0.0307055 0.0675174 0.0745425 0.0371912 0.0522796 0.0445539 
S0960         0.1440817 0.0742920 0.0820224 0.0973709 0.0819289 0.0785486 0.0657047 0.0744795 0.1354475 0.0804225 0.0804175 0.0789348 0.0661897 0.0754663 2.9453732 0.0720749 0.0936700 0.0236836 0.0716865 0.0668310 0.0939372 0.0812370 0.0595321 0.0871552 0.1036967 0.0595321 0.0879451 0.1635211 0.0921441 0.0741156 0.0791327 0.0818067 1.5727212 0.1035110 0.0713003 0.0659814 0.0176658 0.0366866 0.0000000 0.0237383 0.1080702 0.0989385 0.1161400 0.0297054 0.0429457 0.1371732 0.0503613 0.1428236 0.0569689 0.0631527 0.0738608 0.0815195 0.1438172 0.0752241 0.0741156 0.0944954 0.0783216 0.0124368 0.0882918 0.0915305 0.0742971 0.1020086 0.0587105 0.0622252 0.0666097 0.1015869 0.0837921 0.0889148 0.0669764 0.0732982 0.0917106 0.0827216 0.0729448 0.1073393 0.0867731 1.5727212 0.1073392 0.1128701 0.0704272 0.0739583 0.1052933 0.0737193 0.0499719 0.0668982 0.0735098 0.0923720 0.0974945 0.0932649 0.0437198 0.0823474 0.0894834 0.0504397 0.0660454 0.0582428 
S0964         0.1612313 0.0786256 0.0718092 0.1093549 0.0939844 0.0699127 0.0712982 0.0788293 0.1123164 0.0704488 0.0858611 0.0834008 0.0801798 0.0876763 1.9742536 0.0564970 0.1060803 0.0232442 0.0768456 0.0713479 0.0942821 0.0890879 0.0642168 0.0706137 0.0938455 0.0642168 0.0924421 0.1756409 0.0961577 0.0861505 0.0908242 0.0938390 0.6172276 0.1152784 0.0559003 0.0779373 0.0233149 0.0565461 0.0237383 0.0000000 0.1202134 0.1027241 0.1213370 0.0424446 0.0563410 0.1495369 0.0479813 0.1549056 0.0625028 0.0618632 0.0858496 0.0870342 0.1465140 0.0874081 0.0861505 0.0851260 0.0697076 0.0122685 0.0714877 0.0955433 0.0863550 0.1071479 0.0571528 0.0747712 0.0715326 0.1139713 0.0893931 0.1008784 0.0726517 0.0788418 0.0820222 0.0948812 0.0776979 0.1116242 0.0777138 0.6172276 0.1194472 0.1180106 0.0758058 0.0782956 0.0877771 0.0856972 0.0484709 0.0789747 0.0854356 0.0975388 0.1028288 0.0840369 0.0553952 0.0944518 0.1014729 0.0560411 0.0709330 0.0700870 
S1083         0.1628894 0.0521068 0.1176229 0.0586763 0.0872038 0.0974058 0.0737344 0.1026820 0.1493263 0.1152897 0.0998157 0.0830524 0.1044440 0.0808908 0.4153773 0.1147549 0.0743126 0.0965867 0.0862834 0.0868313 0.1167670 0.0894077 0.0870526 0.1232036 0.0847271 0.0870526 0.0527828 0.1675819 0.0791084 0.0794770 0.0374051 0.0870732 0.0000010 0.0515737 0.1051285 0.0660830 0.0812025 0.0922628 0.1080702 0.1202134 0.0000000 0.1402513 0.0969162 0.0740039 0.0824213 0.1512550 0.0312718 0.1472216 0.0943568 0.0880241 0.0577685 0.0900482 0.1753487 0.0806394 0.0794770 0.0989112 0.0890864 0.0624782 0.1219834 0.1041544 0.0796675 0.0984284 0.0891232 0.0609072 0.0724643 0.0745557 0.0740734 0.0718674 0.0902620 0.0815456 0.0950666 0.0880324 0.0313391 0.0056670 0.0981662 0.0000010 0.0056408 0.1220848 0.0806437 0.0870526 0.1277807 0.0637680 0.0728462 0.0723643 0.0495602 0.0738099 0.1185421 0.1048992 0.0723974 0.0746166 0.0527309 0.0671004 0.0435479 0.0511882 
