75
S0055      0.0000000 0.1132540 0.0528341 0.0944723 0.0999158 0.0848277 0.1142584 0.0910841 0.0671032 0.0482616 0.0584946 0.0390715 0.2837135 0.0982186 0.0336478 0.0990379 0.0489691 0.0938161 0.0874710 0.1018839 0.1213090 0.1291648 0.1008090 0.1024546 0.1182121 0.0578096 0.1230996 0.2633284 0.1075419 0.1126393 0.2366949 0.2573038 0.1063660 0.0803423 0.0618348 0.1136460 0.2544651 0.0452395 0.0701825 0.0902718 0.1616156 0.1111192 0.0560407 0.1241903 0.0898235 0.0416991 0.0448208 0.0196734 0.0984699 0.0494052 0.0873201 0.0937383 0.0490583 0.0929112 0.1281707 0.1520034 0.0278463 0.1221339 0.0857644 0.0487740 0.1471353 0.0519297 0.1086515 0.0408260 0.0419676 0.0815167 0.0896051 0.1374980 0.0903319 0.0702197 0.1187900 0.1131087 0.0815300 0.1157101 0.0838684 
S0281      0.1132540 0.0000000 0.1264418 0.0751459 0.1132604 0.1049695 0.1236443 0.0898640 0.0983076 0.1114137 0.1149736 0.1229882 0.2670564 0.1324408 0.1113236 0.0417876 0.1279264 0.0378601 0.0877138 0.0303634 0.0856148 0.1226854 0.1155629 0.1175037 0.1078788 0.1105516 0.0414501 0.2482669 0.1176142 0.1229231 0.2443191 0.2344170 0.0995645 0.0946541 0.1297549 0.0882403 0.2376942 0.1284591 0.1379516 0.0900687 0.1666947 0.0971986 0.1218310 0.1004711 0.0712401 0.1114083 0.1221361 0.1238660 0.0703994 0.1079382 0.0787274 0.0934422 0.1264927 0.0375645 0.0452251 0.1484069 0.0963722 0.1109020 0.0934807 0.1330253 0.1492114 0.1163120 0.1423931 0.1115147 0.0841432 0.0816424 0.0807990 0.1707670 0.1230312 0.0664763 0.1079841 0.0749524 0.0887760 0.1278137 0.0806949 
S0282      0.0528341 0.1264418 0.0000000 0.0931133 0.1112083 0.1062775 0.1378845 0.1111978 0.1014788 0.0413046 0.0895683 0.0240877 0.2763282 0.1147657 0.0162495 0.1233473 0.0303905 0.1176177 0.1118178 0.1122786 0.1191171 0.1346170 0.1311206 0.1333912 0.1335362 0.0837160 0.1390677 0.2482274 0.1390256 0.1392405 0.2448476 0.2498787 0.1352041 0.0931195 0.0786248 0.1026541 0.2470946 0.0268750 0.0746682 0.0902019 0.2053573 0.1165334 0.0371959 0.1282105 0.1083169 0.0165304 0.0266291 0.0485596 0.1073110 0.0535851 0.1046268 0.0986922 0.0531096 0.1120121 0.1443644 0.1835194 0.0170557 0.1502861 0.1155057 0.0302605 0.1846781 0.0447486 0.1526146 0.0411640 0.0744997 0.0942154 0.1101986 0.1899753 0.1200968 0.0854360 0.1338034 0.1187460 0.1203398 0.1430612 0.0894598 
S0292      0.0944723 0.0751459 0.0931133 0.0000000 0.1074496 0.1046495 0.1029867 0.0784791 0.0922301 0.0887591 0.0804888 0.1002126 0.2082388 0.1237286 0.0901362 0.0747346 0.1103783 0.0701166 0.0823581 0.0696462 0.0967771 0.1128195 0.0908015 0.0922427 0.0833866 0.0861297 0.0914609 0.1753253 0.0912101 0.0958876 0.1897991 0.1923125 0.0928589 0.0544783 0.0834702 0.0376383 0.1957052 0.1057358 0.1166644 0.0587998 0.1617639 0.1087810 0.1139030 0.1036128 0.0620676 0.0901849 0.1000107 0.0934256 0.0373138 0.0879824 0.0343088 0.0266279 0.0843531 0.0694974 0.0959710 0.1308284 0.0803973 0.0686923 0.0531945 0.1052696 0.1379954 0.1130822 0.1232105 0.0811732 0.0660182 0.0586759 0.0714795 0.1318495 0.0933019 0.0532144 0.0778276 0.0829778 0.0570724 0.1216561 0.0503105 
S0376      0.0999158 0.1132604 0.1112083 0.1074496 0.0000000 0.1123530 0.1245429 0.0730599 0.1174112 0.0870073 0.0987267 0.1009445 0.2337957 0.1297323 0.0869514 0.1057059 0.1063071 0.1004697 0.0737128 0.0911865 0.1029676 0.1518535 0.0775782 0.0871195 0.0978509 0.1121724 0.1203597 0.2301228 0.0894818 0.0942581 0.2052196 0.2234100 0.0838333 0.0890277 0.1038555 0.1030891 0.2267686 0.1018562 0.1143288 0.0893356 0.1730731 0.1301293 0.1099932 0.1137486 0.1026470 0.0935127 0.1008722 0.1035047 0.0969491 0.1022279 0.1074276 0.0977439 0.0973775 0.0909819 0.1252929 0.1491814 0.0867471 0.1118085 0.1019277 0.1011490 0.1569972 0.1049754 0.1462975 0.0870847 0.0830661 0.0999557 0.1024045 0.1500752 0.0713478 0.0692979 0.0966986 0.1001213 0.1064628 0.0412400 0.0700294 
S0412sl    0.0848277 0.1049695 0.1062775 0.1046495 0.1123530 0.0000000 0.1391427 0.1112686 0.0661804 0.0785678 0.0440355 0.0858769 0.3054081 0.0642245 0.0731209 0.0967329 0.0929977 0.0836353 0.0883555 0.0830813 0.1302946 0.1990023 0.1014980 0.1229819 0.1193229 0.0775821 0.1229988 0.2830236 0.1159093 0.1295504 0.2747850 0.2742340 0.1381047 0.0845771 0.0768134 0.1406197 0.2786289 0.0933075 0.1051955 0.0924003 0.1770929 0.1305397 0.0982528 0.1414345 0.1049516 0.0731581 0.0920372 0.0838665 0.1246643 0.0651751 0.1041453 0.0983561 0.0844518 0.0828285 0.1298777 0.1800914 0.0629913 0.1524042 0.0919753 0.0852899 0.1725111 0.0788524 0.1612537 0.0789415 0.0479638 0.0804530 0.0845378 0.1608938 0.1175995 0.0710782 0.1534727 0.1151134 0.1045013 0.1193955 0.0968427 
S0417      0.1142584 0.1236443 0.1378845 0.1029867 0.1245429 0.1391427 0.0000000 0.1053691 0.1177528 0.1145752 0.1028259 0.1217577 0.1979731 0.1350173 0.1095220 0.0987892 0.1320991 0.1006424 0.1031627 0.0998764 0.1254613 0.0417176 0.1115883 0.1141753 0.1104096 0.1456033 0.1153793 0.1893088 0.1220954 0.1276444 0.1807481 0.1766600 0.1114743 0.0986081 0.1228239 0.1233087 0.1811822 0.1270116 0.1334764 0.1036390 0.0672849 0.1295703 0.1361703 0.1285466 0.0926162 0.1096055 0.1256834 0.1181371 0.1165780 0.1167032 0.1024168 0.1120567 0.1098796 0.0996409 0.1204103 0.0527787 0.0995983 0.1420923 0.0878389 0.1316848 0.0338574 0.1298942 0.0415386 0.1044975 0.0908542 0.0995880 0.0978078 0.0598638 0.1032768 0.0827761 0.1107666 0.1042649 0.0830579 0.1396024 0.0814984 
S0552sl    0.0910841 0.0898640 0.1111978 0.0784791 0.0730599 0.1112686 0.1053691 0.0000000 0.1111627 0.0913170 0.0800833 0.0916662 0.2321851 0.1223531 0.0869154 0.0837009 0.1062908 0.0788911 0.0378901 0.0702042 0.1023915 0.1220134 0.0379254 0.0459116 0.0469032 0.0833739 0.1062963 0.2286141 0.0541047 0.0630561 0.2031288 0.2219571 0.0461350 0.0716677 0.0932033 0.0961808 0.2252877 0.1018345 0.0980817 0.0801590 0.1414675 0.1345633 0.1143149 0.1047851 0.0792055 0.0926528 0.1008492 0.0946709 0.0906074 0.0746544 0.0867955 0.0779048 0.0913021 0.0781743 0.1110404 0.1334914 0.0774516 0.1129677 0.0822383 0.1059460 0.1518148 0.1089437 0.1313485 0.0825508 0.0654015 0.0897818 0.0660609 0.1449954 0.0499308 0.0601294 0.0992951 0.0911734 0.0864649 0.0943120 0.0572661 
S0558      0.0671032 0.0983076 0.1014788 0.0922301 0.1174112 0.0661804 0.1177528 0.1111627 0.0000000 0.0923831 0.0533572 0.0975782 0.2497101 0.0748361 0.0879378 0.0829717 0.1075137 0.0782020 0.0899415 0.0776653 0.1302172 0.1386847 0.1132682 0.1107782 0.1199282 0.0559563 0.0966694 0.2454451 0.1159390 0.1211354 0.2301726 0.2389437 0.1172443 0.0884148 0.0914091 0.1108128 0.2421965 0.1030175 0.1135528 0.1034233 0.1582052 0.1133329 0.1099688 0.1382953 0.0740679 0.0879820 0.1020138 0.0707143 0.0961225 0.0692940 0.1027868 0.0959215 0.0872735 0.0774967 0.1012831 0.1487470 0.0784141 0.1307107 0.0835994 0.1071651 0.1346071 0.1013430 0.1396541 0.0835284 0.0411442 0.0662862 0.0835642 0.1435484 0.1172218 0.0841131 0.1214859 0.1048059 0.0879135 0.1320258 0.0919191 
S0641      0.0482616 0.1114137 0.0413046 0.0887591 0.0870073 0.0785678 0.1145752 0.0913170 0.0923831 0.0000000 0.0667048 0.0313782 0.2585142 0.0989926 0.0230334 0.1134642 0.0376131 0.1079482 0.1009656 0.1027953 0.1193677 0.1295208 0.1098886 0.1117059 0.1185256 0.0941006 0.1287719 0.2518684 0.1060568 0.1110551 0.2155736 0.2204524 0.1036434 0.0805511 0.0604741 0.0998149 0.2181462 0.0340190 0.0693249 0.0860213 0.1748336 0.1261895 0.0445128 0.1373327 0.0988686 0.0305657 0.0337067 0.0516539 0.0982181 0.0527555 0.0899810 0.0897380 0.0441767 0.1025550 0.1339272 0.1630286 0.0205844 0.1273079 0.0855523 0.0340676 0.1580330 0.0478510 0.1383946 0.0231245 0.0572191 0.0904095 0.0898406 0.1591576 0.0990590 0.0531774 0.1239885 0.1181865 0.0899737 0.1110204 0.0756823 
S0689      0.0584946 0.1149736 0.0895683 0.0804888 0.0987267 0.0440355 0.1028259 0.0800833 0.0533572 0.0667048 0.0000000 0.0747898 0.2406230 0.0581717 0.0667392 0.0940890 0.0808194 0.0932002 0.0771278 0.0839965 0.1176987 0.1355930 0.0784593 0.0925428 0.0898727 0.0346373 0.1221407 0.2283412 0.1018353 0.1067748 0.2218020 0.2216483 0.0890607 0.0671059 0.0578401 0.0987475 0.2249965 0.0806915 0.0903968 0.0809629 0.1558953 0.1094305 0.0928093 0.1205133 0.0664572 0.0621127 0.0799050 0.0662617 0.0929679 0.0574397 0.0890481 0.0798833 0.0709273 0.0923108 0.1271473 0.1529634 0.0569618 0.1116478 0.0539168 0.0846665 0.1392766 0.0878149 0.1336649 0.0625936 0.0302465 0.0545104 0.0583491 0.1476231 0.0854214 0.0487394 0.1081183 0.1072158 0.0666907 0.1036018 0.0705889 
S0690      0.0390715 0.1229882 0.0240877 0.1002126 0.1009445 0.0858769 0.1217577 0.0916662 0.0975782 0.0313782 0.0747898 0.0000000 0.2917962 0.1094499 0.0065766 0.1149984 0.0134836 0.1091739 0.0969779 0.1037417 0.1140261 0.1377979 0.1111885 0.1182464 0.1203435 0.0752967 0.1254064 0.2698779 0.1186301 0.1241941 0.2582774 0.2634692 0.1198779 0.0784461 0.0642887 0.0940148 0.2603772 0.0100588 0.0646395 0.0800116 0.1878059 0.1288306 0.0202542 0.1254797 0.1046017 0.0135772 0.0099650 0.0387889 0.1087422 0.0357770 0.0847899 0.0948712 0.0392850 0.1034869 0.1307639 0.1615359 0.0033599 0.1171299 0.1002336 0.0134202 0.1685387 0.0386739 0.1365627 0.0312730 0.0601858 0.0956071 0.0795657 0.1742509 0.1048206 0.0647127 0.1315438 0.1087577 0.0984841 0.1222933 0.0742545 
S0735      0.2837135 0.2670564 0.2763282 0.2082388 0.2337957 0.3054081 0.1979731 0.2321851 0.2497101 0.2585142 0.2406230 0.2917962 0.0000000 0.2785533 0.2640331 0.2553602 0.2761367 0.2599181 0.2064071 0.2446727 0.2385625 0.2378386 0.1941085 0.2108272 0.1833035 0.2562990 0.2475242 0.0453394 0.2441382 0.2452047 0.0132462 0.0268487 0.2212756 0.2282309 0.2361133 0.2258513 0.0413637 0.2910822 0.2533614 0.2077490 0.2567463 0.2620538 0.2924501 0.2525277 0.2159897 0.2501459 0.2810999 0.2804355 0.2348133 0.2210033 0.2164010 0.2243723 0.2534497 0.2440196 0.2469977 0.2336908 0.2572695 0.2566137 0.1812039 0.2744048 0.1871155 0.2688749 0.2409280 0.2645816 0.2506909 0.2162692 0.2302560 0.1998866 0.2093750 0.2035523 0.2492261 0.2507532 0.2022614 0.2578477 0.2078437 
S0742      0.0982186 0.1324408 0.1147657 0.1237286 0.1297323 0.0642245 0.1350173 0.1223531 0.0748361 0.0989926 0.0581717 0.1094499 0.2785533 0.0000000 0.0943829 0.1145057 0.1055466 0.1181320 0.1086800 0.1080969 0.1507601 0.1658430 0.1243232 0.1212752 0.1387605 0.0864982 0.1299446 0.2572769 0.1472071 0.1398931 0.2499609 0.2506863 0.1235343 0.1081720 0.1024690 0.1347554 0.2539830 0.1101134 0.1073577 0.1245081 0.1647665 0.1320793 0.1230922 0.1649011 0.0949517 0.0897127 0.1090206 0.1024160 0.1278725 0.0921236 0.1191363 0.1134461 0.1079208 0.1078413 0.1351438 0.1794091 0.0890808 0.1435040 0.1042211 0.1143996 0.1748691 0.0971816 0.1753344 0.0898070 0.0567720 0.1041323 0.0998050 0.1673339 0.1234076 0.0861729 0.1502021 0.1238154 0.1132892 0.1450430 0.1027780 
S0756      0.0336478 0.1113236 0.0162495 0.0901362 0.0869514 0.0731209 0.1095220 0.0869154 0.0879378 0.0230334 0.0667392 0.0065766 0.2640331 0.0943829 0.0000000 0.1086524 0.0129254 0.1032350 0.0874143 0.0981684 0.1142789 0.1242882 0.1052529 0.1069810 0.1136403 0.0667398 0.1237716 0.2445481 0.1121308 0.1173052 0.2336439 0.2386236 0.1083620 0.0702133 0.0571249 0.0935971 0.2360343 0.0096449 0.0574069 0.0715254 0.1685288 0.1116525 0.0194142 0.1184553 0.0942573 0.0064167 0.0095584 0.0334194 0.0981476 0.0341227 0.0803450 0.0852357 0.0338243 0.0979406 0.1288635 0.1573601 0.0000027 0.1223604 0.0901724 0.0128669 0.1524338 0.0298547 0.1232184 0.0229633 0.0532854 0.0858816 0.0853333 0.1580658 0.0944341 0.0617781 0.1190150 0.1041959 0.0946516 0.1159259 0.0714002 
S0760      0.0990379 0.0417876 0.1233473 0.0747346 0.1057059 0.0967329 0.0987892 0.0837009 0.0829717 0.1134642 0.0940890 0.1149984 0.2553602 0.1145057 0.1086524 0.0000000 0.1105120 0.0095763 0.0861866 0.0229377 0.0848373 0.1034852 0.0863882 0.1010162 0.0873851 0.1302560 0.0338866 0.2359765 0.1011014 0.1060066 0.2346741 0.2293193 0.0977568 0.0895126 0.1031847 0.0923592 0.2326508 0.1252725 0.1267484 0.0850496 0.1378132 0.0832071 0.1237190 0.0910195 0.0538263 0.1087306 0.1240226 0.1117468 0.0703560 0.0966854 0.0845648 0.0929137 0.1089917 0.0161955 0.0375369 0.1162656 0.0991779 0.1062342 0.0842682 0.1297161 0.1285697 0.1087795 0.1093418 0.1038656 0.0697554 0.0587127 0.0709404 0.1276139 0.0972897 0.0617291 0.0920199 0.0572685 0.0754412 0.1105978 0.0745012 
S0763      0.0489691 0.1279264 0.0303905 0.1103783 0.1063071 0.0929977 0.1320991 0.1062908 0.1075137 0.0376131 0.0808194 0.0134836 0.2761367 0.1055466 0.0129254 0.1105120 0.0000000 0.1141708 0.1068865 0.1088506 0.1362791 0.1478497 0.1258680 0.1280224 0.1354875 0.0841047 0.1252262 0.2545904 0.1200819 0.1391860 0.2445041 0.2485448 0.1195451 0.0885060 0.0743014 0.1041200 0.2457932 0.0095236 0.0703841 0.0902415 0.1903786 0.1283064 0.0265121 0.1405862 0.1101643 0.0163489 0.0163160 0.0486155 0.1186851 0.0496649 0.0997231 0.1050497 0.0492252 0.1085913 0.1303832 0.1711633 0.0066029 0.1244637 0.1059107 0.0197710 0.1779978 0.0373839 0.1407693 0.0374873 0.0702335 0.0912705 0.0912900 0.1833530 0.1148961 0.0671312 0.1413247 0.1152680 0.1151353 0.1272570 0.0900842 
S0770      0.0938161 0.0378601 0.1176177 0.0701166 0.1004697 0.0836353 0.1006424 0.0788911 0.0782020 0.1079482 0.0932002 0.1091739 0.2599181 0.1181320 0.1032350 0.0095763 0.1141708 0.0000000 0.0814139 0.0194480 0.0844950 0.1094848 0.0860329 0.0958889 0.0870211 0.1278962 0.0337660 0.2415649 0.0959668 0.1007490 0.2395355 0.2349976 0.0926330 0.0845179 0.0979063 0.0873801 0.2382840 0.1194393 0.1208149 0.0801401 0.1457418 0.0828634 0.1179695 0.0906404 0.0533738 0.1033033 0.1182551 0.1063317 0.0658323 0.0916322 0.0796956 0.0790833 0.1035570 0.0128174 0.0374020 0.1227791 0.0889757 0.1097813 0.0834950 0.1238016 0.1310604 0.1033558 0.1155696 0.0985502 0.0652737 0.0585985 0.0703107 0.1342664 0.0921900 0.0611677 0.0870579 0.0530543 0.0707709 0.1052479 0.0699039 
S0771      0.0874710 0.0877138 0.1118178 0.0823581 0.0737128 0.0883555 0.1031627 0.0378901 0.0899415 0.1009656 0.0771278 0.0969779 0.2064071 0.1086800 0.0874143 0.0861866 0.1068865 0.0814139 0.0000000 0.0808566 0.0958573 0.1193582 0.0520107 0.0488468 0.0657163 0.0823278 0.0993335 0.1918044 0.0626265 0.0662126 0.1943442 0.1849840 0.0610564 0.0702722 0.0824918 0.1002046 0.1883853 0.1024112 0.1081772 0.0700547 0.1535983 0.1218848 0.1149405 0.0980400 0.0695949 0.0874576 0.1014160 0.0867539 0.0945415 0.0732142 0.0856738 0.0817531 0.1009453 0.0806820 0.1039001 0.1209094 0.0779216 0.1082515 0.0861216 0.1065402 0.1283619 0.1095421 0.1190067 0.0919184 0.0481680 0.0879715 0.0694267 0.1221316 0.0528448 0.0639044 0.0947423 0.0893832 0.0903755 0.0858900 0.0562107 
S0795      0.1018839 0.0303634 0.1122786 0.0696462 0.0911865 0.0830813 0.0998764 0.0702042 0.0776653 0.1027953 0.0839965 0.1037417 0.2446727 0.1080969 0.0981684 0.0229377 0.1088506 0.0194480 0.0808566 0.0000000 0.0759152 0.1086351 0.0854350 0.0951970 0.0781468 0.1251642 0.0334338 0.2273726 0.0952734 0.1000085 0.2248498 0.2207143 0.0747956 0.0839148 0.1016921 0.0784542 0.2240451 0.1140063 0.1152923 0.0795756 0.1277470 0.0822859 0.1126125 0.0817374 0.0530383 0.0982282 0.1128818 0.1055332 0.0733668 0.0868878 0.0709104 0.0789195 0.0984746 0.0127521 0.0370288 0.1217708 0.0885137 0.1002218 0.0829077 0.1182987 0.1299819 0.0982834 0.1240641 0.0935725 0.0648463 0.0582164 0.0698371 0.1331659 0.0915253 0.0607491 0.0781615 0.0452582 0.0784470 0.0958019 0.0694369 
S0888      0.1213090 0.0856148 0.1191171 0.0967771 0.1029676 0.1302946 0.1254613 0.1023915 0.1302172 0.1193677 0.1176987 0.1140261 0.2385625 0.1507601 0.1142789 0.0848373 0.1362791 0.0844950 0.0958573 0.0759152 0.0000000 0.1353109 0.0825710 0.1066150 0.0839713 0.1579433 0.0938933 0.2212350 0.0988361 0.1072144 0.2165119 0.2076986 0.1222678 0.1129807 0.1230669 0.0971353 0.2046625 0.1209874 0.1491593 0.0848868 0.2014684 0.0579083 0.1402074 0.0199132 0.0966232 0.1143679 0.1300241 0.1320459 0.1000597 0.1063825 0.1003713 0.1072901 0.1293553 0.0757546 0.0983452 0.1617465 0.1093793 0.1243137 0.1164037 0.1358752 0.1534374 0.1340835 0.1537520 0.1144736 0.1009833 0.1028696 0.1064557 0.1628913 0.1078823 0.0656999 0.0980295 0.1044472 0.1049902 0.1263273 0.0734022 
S0899      0.1291648 0.1226854 0.1346170 0.1128195 0.1518535 0.1990023 0.0417176 0.1220134 0.1386847 0.1295208 0.1355930 0.1377979 0.2378386 0.1658430 0.1242882 0.1034852 0.1478497 0.1094848 0.1193582 0.1086351 0.1353109 0.0000000 0.1339347 0.1312418 0.1259773 0.1444006 0.1253252 0.2318408 0.1402115 0.1513589 0.2125711 0.2143453 0.1286865 0.1310303 0.1436480 0.1108654 0.2121254 0.1426080 0.1546557 0.1258130 0.0966837 0.1397751 0.1510399 0.1438840 0.1071394 0.1244014 0.1411215 0.1330268 0.1046140 0.1313888 0.1242172 0.1345837 0.1238898 0.1083762 0.1304938 0.0725760 0.1092921 0.1499092 0.1356939 0.1474164 0.0698410 0.1343209 0.0520723 0.1190701 0.1066118 0.1197289 0.1299089 0.0928081 0.1266419 0.1040116 0.1371835 0.1130950 0.1300413 0.1680988 0.0941437 
S0956      0.1008090 0.1155629 0.1311206 0.0908015 0.0775782 0.1014980 0.1115883 0.0379254 0.1132682 0.1098886 0.0784593 0.1111885 0.1941085 0.1243232 0.1052529 0.0863882 0.1258680 0.0860329 0.0520107 0.0854350 0.0825710 0.1339347 0.0000000 0.0336618 0.0200406 0.1111581 0.1042423 0.1920823 0.0581533 0.0656507 0.1762323 0.1852508 0.0526623 0.0785076 0.0914180 0.1090567 0.1886579 0.1212090 0.1065027 0.0869880 0.1594367 0.1008634 0.1341387 0.0844224 0.0887338 0.1053230 0.1200322 0.1089350 0.0946353 0.0813894 0.0992972 0.0901258 0.0994440 0.0852485 0.1088800 0.1325072 0.0960017 0.1261392 0.0945929 0.1254919 0.1319155 0.1283629 0.1233357 0.0905803 0.0762715 0.0904364 0.0812214 0.1264148 0.0413582 0.0718973 0.0992243 0.1068403 0.0904644 0.0811109 0.0638947 
S0959      0.1024546 0.1175037 0.1333912 0.0922427 0.0871195 0.1229819 0.1141753 0.0459116 0.1107782 0.1117059 0.0925428 0.1182464 0.2108272 0.1212752 0.1069810 0.1010162 0.1280224 0.0958889 0.0488468 0.0951970 0.1066150 0.1312418 0.0336618 0.0000000 0.0422158 0.1116640 0.1245366 0.2081163 0.0667128 0.0703271 0.1921314 0.2013136 0.0531823 0.0747982 0.0962501 0.1108467 0.2047123 0.1232736 0.1026841 0.0883676 0.1674464 0.1212337 0.1247880 0.1091081 0.0814250 0.1070551 0.1220599 0.1018324 0.1048236 0.0872369 0.1008882 0.0915448 0.1010408 0.0949832 0.1294885 0.1348229 0.0976155 0.1282331 0.0960948 0.1276380 0.1405092 0.1305348 0.1406932 0.0920128 0.0731333 0.0834058 0.0875205 0.1339462 0.0452152 0.0691265 0.1008157 0.0993651 0.1005083 0.1078271 0.0648342 
S0960      0.1182121 0.1078788 0.1335362 0.0833866 0.0978509 0.1193229 0.1104096 0.0469032 0.1199282 0.1185256 0.0898727 0.1203435 0.1833035 0.1387605 0.1136403 0.0873851 0.1354875 0.0870211 0.0657163 0.0781468 0.0839713 0.1259773 0.0200406 0.0422158 0.0000000 0.1229747 0.1054867 0.1820106 0.0727673 0.0765046 0.1726373 0.1750590 0.0624846 0.0854660 0.1131841 0.1015058 0.1785223 0.1305846 0.1130925 0.0838684 0.1596907 0.1020765 0.1441378 0.0816819 0.0814915 0.1137276 0.1292780 0.1174417 0.0957409 0.0874343 0.0978332 0.0975810 0.1074145 0.0862173 0.1101914 0.1319120 0.1042187 0.1185993 0.1022843 0.1350866 0.1313063 0.1379747 0.1322513 0.0980874 0.0872465 0.0830637 0.0882028 0.1353451 0.0538324 0.0697478 0.0977575 0.0994547 0.0974576 0.0999346 0.0616615 
S1052sl    0.0578096 0.1105516 0.0837160 0.0861297 0.1121724 0.0775821 0.1456033 0.0833739 0.0559563 0.0941006 0.0346373 0.0752967 0.2562990 0.0864982 0.0667398 0.1302560 0.0841047 0.1278962 0.0823278 0.1251642 0.1579433 0.1444006 0.1111581 0.1116640 0.1229747 0.0000000 0.1489216 0.2218546 0.1236155 0.1489840 0.2312996 0.2227938 0.0938201 0.1075316 0.0773547 0.0944213 0.2227938 0.0752967 0.1072816 0.0867581 0.2254653 0.1871766 0.1115233 0.1701060 0.0750632 0.0743544 0.0836432 0.0578096 0.0764492 0.0586816 0.0845383 0.0924096 0.0754719 0.1251642 0.1489216 0.2030910 0.0590861 0.1245381 0.0846852 0.0946485 0.2164314 0.1035771 0.1823280 0.0670308 0.0494651 0.0844281 0.0838319 0.2249254 0.0860596 0.0902379 0.1358315 0.1142827 0.0846852 0.1412165 0.0750632 
S1083      0.1230996 0.0414501 0.1390677 0.0914609 0.1203597 0.1229988 0.1153793 0.1062963 0.0966694 0.1287719 0.1221407 0.1254064 0.2475242 0.1299446 0.1237716 0.0338866 0.1252262 0.0337660 0.0993335 0.0334338 0.0938933 0.1253252 0.1042423 0.1245366 0.1054867 0.1489216 0.0000000 0.2302201 0.1149415 0.1200802 0.2278241 0.2236583 0.1026875 0.1128040 0.1173800 0.1005302 0.2269407 0.1307076 0.1530939 0.0960566 0.1657633 0.0839595 0.1290849 0.1091359 0.0782973 0.1238791 0.1294034 0.1362510 0.0868646 0.1200106 0.1019050 0.1105163 0.1336834 0.0335105 0.0031397 0.1289166 0.1141751 0.1236799 0.1113896 0.1351957 0.1225522 0.1239135 0.1318833 0.1187816 0.0824053 0.0844564 0.0879476 0.1404580 0.1208224 0.0749706 0.1150793 0.0777660 0.0976400 0.1156709 0.0878225 
S1100      0.2633284 0.2482669 0.2482274 0.1753253 0.2301228 0.2830236 0.1893088 0.2286141 0.2454451 0.2518684 0.2283412 0.2698779 0.0453394 0.2572769 0.2445481 0.2359765 0.2545904 0.2415649 0.1918044 0.2273726 0.2212350 0.2318408 0.1920823 0.2081163 0.1820106 0.2218546 0.2302201 0.0000000 0.2341487 0.2411234 0.0310139 0.0231485 0.2181107 0.1991837 0.2244352 0.1971854 0.0263609 0.2700879 0.2548229 0.1759182 0.2462708 0.2302915 0.2714992 0.2340189 0.2052970 0.2312699 0.2606468 0.2463727 0.2057465 0.2168161 0.1887921 0.1895132 0.2346664 0.2267813 0.2367852 0.2207033 0.2308460 0.2243731 0.1780191 0.2545533 0.1853623 0.2492336 0.2101646 0.2576427 0.2330246 0.1871886 0.2187107 0.1886935 0.2134311 0.1931043 0.2183179 0.2098127 0.1934067 0.2469953 0.1930625 
S1128      0.1075419 0.1176142 0.1390256 0.0912101 0.0894818 0.1159093 0.1220954 0.0541047 0.1159390 0.1060568 0.1018353 0.1186301 0.2441382 0.1472071 0.1121308 0.1011014 0.1200819 0.0959668 0.0626265 0.0952734 0.0988361 0.1402115 0.0581533 0.0667128 0.0727673 0.1236155 0.1149415 0.2341487 0.0000000 0.0240044 0.2184324 0.2275903 0.0853154 0.0756374 0.0913730 0.1160231 0.2308718 0.1155060 0.1148484 0.0881501 0.1802383 0.1405996 0.1420486 0.1011532 0.0925211 0.1059446 0.1274697 0.1112158 0.1098443 0.0873290 0.1058686 0.0963726 0.1014952 0.0866344 0.1197721 0.1532148 0.0965814 0.1243544 0.1009961 0.1290107 0.1497797 0.1313109 0.1339844 0.1034027 0.0695450 0.1032168 0.0871493 0.1545766 0.0722745 0.0741490 0.1170735 0.1206031 0.1054719 0.1218294 0.0746233 
S1129sl    0.1126393 0.1229231 0.1392405 0.0958876 0.0942581 0.1295504 0.1276444 0.0630561 0.1211354 0.1110551 0.1067748 0.1241941 0.2452047 0.1398931 0.1173052 0.1060066 0.1391860 0.1007490 0.0662126 0.1000085 0.1072144 0.1513589 0.0656507 0.0703271 0.0765046 0.1489840 0.1200802 0.2411234 0.0240044 0.0000000 0.2253880 0.2345903 0.0848046 0.0801353 0.0960681 0.1212362 0.2378593 0.1342924 0.1082999 0.0878771 0.1952116 0.1399766 0.1478003 0.1097380 0.0972788 0.1123334 0.1329619 0.1163315 0.1148795 0.0919660 0.1108503 0.1011771 0.1064148 0.0912252 0.1250021 0.1649710 0.1080277 0.1296662 0.1058859 0.1345810 0.1610907 0.1290444 0.1449811 0.1084354 0.0738345 0.1082333 0.0917789 0.1660710 0.0759879 0.0831655 0.1223427 0.1258752 0.1104365 0.1271846 0.0790410 
S1148      0.2366949 0.2443191 0.2448476 0.1897991 0.2052196 0.2747850 0.1807481 0.2031288 0.2301726 0.2155736 0.2218020 0.2582774 0.0132462 0.2499609 0.2336439 0.2346741 0.2445041 0.2395355 0.1943442 0.2248498 0.2165119 0.2125711 0.1762323 0.1921314 0.1726373 0.2312996 0.2278241 0.0310139 0.2184324 0.2253880 0.0000000 0.0166812 0.2010985 0.2087382 0.2146224 0.2065554 0.0237500 0.2589693 0.2287790 0.1901031 0.2251420 0.2407242 0.2604460 0.2295439 0.2050330 0.2296091 0.2495937 0.2429936 0.2154943 0.2032846 0.1962049 0.2052206 0.2172520 0.2242413 0.2273528 0.2203658 0.2259689 0.2362290 0.1661325 0.2436857 0.1691694 0.2383569 0.2157178 0.2272481 0.2243557 0.1987952 0.2191151 0.1876247 0.1892349 0.1766874 0.2289591 0.2307732 0.1791498 0.2376532 0.1894288 
S1180      0.2573038 0.2344170 0.2498787 0.1923125 0.2234100 0.2742340 0.1766600 0.2219571 0.2389437 0.2204524 0.2216483 0.2634692 0.0268487 0.2506863 0.2386236 0.2293193 0.2485448 0.2349976 0.1849840 0.2207143 0.2076986 0.2143453 0.1852508 0.2013136 0.1750590 0.2227938 0.2236583 0.0231485 0.2275903 0.2345903 0.0166812 0.0000000 0.1983829 0.2110235 0.2126516 0.1961239 0.0031597 0.2566532 0.2422060 0.1808128 0.2343447 0.2359544 0.2666956 0.2169100 0.1985199 0.2254149 0.2558705 0.2544028 0.2176305 0.2112252 0.1999948 0.2075341 0.2288672 0.2201270 0.2236583 0.2101993 0.2241216 0.2238075 0.1711345 0.2486079 0.1729222 0.2433051 0.2174283 0.2391132 0.2264216 0.1863394 0.2120177 0.1788146 0.2067016 0.1859042 0.2179325 0.2264921 0.1865297 0.2405014 0.1862091 
S1189      0.1063660 0.0995645 0.1352041 0.0928589 0.0838333 0.1381047 0.1114743 0.0461350 0.1172443 0.1036434 0.0890607 0.1198779 0.2212756 0.1235343 0.1083620 0.0977568 0.1195451 0.0926330 0.0610564 0.0747956 0.1222678 0.1286865 0.0526623 0.0531823 0.0624846 0.0938201 0.1026875 0.2181107 0.0853154 0.0848046 0.2010985 0.1983829 0.0000000 0.0801849 0.1025183 0.1066846 0.2018386 0.1249220 0.1096918 0.0894707 0.1644351 0.1176715 0.1382786 0.1191727 0.0868760 0.1084394 0.1236789 0.1171821 0.0962931 0.0973265 0.1015719 0.0921510 0.0977829 0.0917546 0.1074307 0.1422683 0.0940482 0.1291449 0.0967384 0.1293506 0.1592337 0.1273710 0.1426477 0.0978889 0.0783536 0.0885843 0.0932609 0.1624166 0.0572905 0.0698241 0.1103623 0.0961512 0.1011874 0.1051930 0.0698029 
S1201sl    0.0803423 0.0946541 0.0931195 0.0544783 0.0890277 0.0845771 0.0986081 0.0716677 0.0884148 0.0805511 0.0671059 0.0784461 0.2282309 0.1081720 0.0702133 0.0895126 0.0885060 0.0845179 0.0702722 0.0839148 0.1129807 0.1310303 0.0785076 0.0747982 0.0854660 0.1075316 0.1128040 0.1991837 0.0756374 0.0801353 0.2087382 0.2110235 0.0801849 0.0000000 0.0710382 0.0693983 0.2144195 0.0842285 0.0915634 0.0665689 0.1609121 0.1086762 0.0918983 0.1029534 0.0760054 0.0702369 0.0791261 0.0839975 0.0614988 0.0663334 0.0624022 0.0540953 0.0755469 0.0837273 0.1177005 0.1209701 0.0605562 0.0915681 0.0581528 0.0881962 0.1398046 0.0980938 0.1291620 0.0718612 0.0535729 0.0680095 0.0675523 0.1323238 0.0806328 0.0577706 0.1035083 0.0982093 0.0621532 0.1081481 0.0545787 
S1211      0.0618348 0.1297549 0.0786248 0.0834702 0.1038555 0.0768134 0.1228239 0.0932033 0.0914091 0.0604741 0.0578401 0.0642887 0.2361133 0.1024690 0.0571249 0.1031847 0.0743014 0.0979063 0.0824918 0.1016921 0.1230669 0.1436480 0.0914180 0.0962501 0.1131841 0.0773547 0.1173800 0.2244352 0.0913730 0.0960681 0.2146224 0.2126516 0.1025183 0.0710382 0.0000000 0.1082727 0.2220857 0.0702295 0.0624525 0.0897525 0.1915492 0.1153106 0.0818304 0.1260390 0.0935522 0.0571370 0.0695621 0.0644426 0.0976642 0.0521724 0.0880599 0.0887744 0.0525104 0.0927495 0.1223415 0.1556790 0.0517506 0.1259205 0.0931283 0.0698912 0.1552723 0.0771574 0.1324356 0.0569422 0.0566427 0.0808520 0.0790966 0.1304904 0.0810750 0.0705086 0.1226209 0.1077737 0.0888835 0.1180863 0.0831980 
S1214sl    0.1136460 0.0882403 0.1026541 0.0376383 0.1030891 0.1406197 0.1233087 0.0961808 0.1108128 0.0998149 0.0987475 0.0940148 0.2258513 0.1347554 0.0935971 0.0923592 0.1041200 0.0873801 0.1002046 0.0784542 0.0971353 0.1108654 0.1090567 0.1108467 0.1015058 0.0944213 0.1005302 0.1971854 0.1160231 0.1212362 0.2065554 0.1961239 0.1066846 0.0693983 0.1082727 0.0000000 0.1995549 0.0996002 0.1328326 0.0620624 0.1762283 0.1141282 0.1082704 0.1015300 0.0789286 0.0936501 0.0946850 0.1173694 0.0228503 0.1020924 0.0456997 0.0455551 0.1044438 0.0782823 0.1051680 0.1284589 0.0747046 0.0492115 0.0651376 0.1037731 0.1602278 0.1286179 0.1448199 0.0999053 0.0830822 0.0804781 0.0801781 0.1486981 0.1031356 0.0617454 0.0974240 0.0923130 0.0691559 0.1124470 0.0689241 
S1223      0.2544651 0.2376942 0.2470946 0.1957052 0.2267686 0.2786289 0.1811822 0.2252877 0.2421965 0.2181462 0.2249965 0.2603772 0.0413637 0.2539830 0.2360343 0.2326508 0.2457932 0.2382840 0.1883853 0.2240451 0.2046625 0.2121254 0.1886579 0.2047123 0.1785223 0.2227938 0.2269407 0.0263609 0.2308718 0.2378593 0.0237500 0.0031597 0.2018386 0.2144195 0.2220857 0.1995549 0.0000000 0.2467460 0.2520672 0.1842580 0.2449941 0.2393809 0.2637037 0.2219934 0.2019045 0.2229956 0.2530221 0.2516274 0.2209330 0.2090567 0.2033813 0.2109048 0.2264352 0.2234556 0.2335327 0.2196899 0.2216265 0.2270983 0.1755531 0.2459023 0.1773704 0.2406637 0.2151855 0.2365140 0.2297253 0.1897765 0.2153640 0.1878699 0.2100651 0.1894968 0.2147584 0.2297937 0.1910211 0.2437505 0.1896275 
S1227      0.0452395 0.1284591 0.0268750 0.1057358 0.1018562 0.0933075 0.1270116 0.1018345 0.1030175 0.0340190 0.0806915 0.0100588 0.2910822 0.1101134 0.0096449 0.1252725 0.0095236 0.1194393 0.1024112 0.1140063 0.1209874 0.1426080 0.1212090 0.1232736 0.1305846 0.0752967 0.1307076 0.2700879 0.1155060 0.1342924 0.2589693 0.2566532 0.1249220 0.0842285 0.0702295 0.0996002 0.2467460 0.0000000 0.0706158 0.0858695 0.1913685 0.1288424 0.0230804 0.1294066 0.1099943 0.0130109 0.0129864 0.0449161 0.1140121 0.0458839 0.0952363 0.1004841 0.0454774 0.1137320 0.1359487 0.1656623 0.0032839 0.1292057 0.1057456 0.0163913 0.1724386 0.0411487 0.1413845 0.0339068 0.0661987 0.1012238 0.0911451 0.1778759 0.1102229 0.0716115 0.1258577 0.1206026 0.1104592 0.1225274 0.0857189 
S1235sl    0.0701825 0.1379516 0.0746682 0.1166644 0.1143288 0.1051955 0.1334764 0.0980817 0.1135528 0.0693249 0.0903968 0.0646395 0.2533614 0.1073577 0.0574069 0.1267484 0.0703841 0.1208149 0.1081772 0.1152923 0.1491593 0.1546557 0.1065027 0.1026841 0.1130925 0.1072816 0.1530939 0.2548229 0.1148484 0.1082999 0.2287790 0.2422060 0.1096918 0.0915634 0.0624525 0.1328326 0.2520672 0.0706158 0.0000000 0.1057674 0.1831464 0.1249791 0.0740869 0.1529582 0.1136948 0.0581100 0.0699401 0.0698173 0.1305187 0.0694113 0.1114278 0.1111485 0.0380280 0.1150114 0.1586754 0.1708255 0.0520064 0.1417757 0.1159103 0.0744461 0.1802490 0.0564061 0.1401120 0.0527081 0.0751530 0.0999744 0.1112785 0.1809440 0.0955603 0.0799115 0.1288049 0.1220082 0.1207772 0.1176531 0.1047288 
S1238sl    0.0902718 0.0900687 0.0902019 0.0587998 0.0893356 0.0924003 0.1036390 0.0801590 0.1034233 0.0860213 0.0809629 0.0800116 0.2077490 0.1245081 0.0715254 0.0850496 0.0902415 0.0801401 0.0700547 0.0795756 0.0848868 0.1258130 0.0869880 0.0883676 0.0838684 0.0867581 0.0960566 0.1759182 0.0881501 0.0878771 0.1901031 0.1808128 0.0894707 0.0665689 0.0897525 0.0620624 0.1842580 0.0858695 0.1057674 0.0000000 0.1744648 0.1110402 0.0982156 0.0847994 0.0717182 0.0715504 0.0850246 0.0804970 0.0622474 0.0747445 0.0664238 0.0666701 0.0904956 0.0793986 0.1006357 0.1427802 0.0617091 0.0968657 0.0715656 0.0899230 0.1308281 0.1040564 0.1347184 0.0861006 0.0663900 0.0687590 0.0718926 0.1487579 0.0893809 0.0410753 0.0940687 0.0936639 0.0671898 0.1125312 0.0584053 
S1245      0.1616156 0.1666947 0.2053573 0.1617639 0.1730731 0.1770929 0.0672849 0.1414675 0.1582052 0.1748336 0.1558953 0.1878059 0.2567463 0.1647665 0.1685288 0.1378132 0.1903786 0.1457418 0.1535983 0.1277470 0.2014684 0.0966837 0.1594367 0.1674464 0.1596907 0.2254653 0.1657633 0.2462708 0.1802383 0.1952116 0.2251420 0.2343447 0.1644351 0.1609121 0.1915492 0.1762283 0.2449941 0.1913685 0.1831464 0.1744648 0.0000000 0.1570108 0.1957336 0.2074089 0.1534944 0.1781861 0.1892165 0.1724441 0.1667787 0.1756883 0.1498293 0.1553526 0.1747791 0.1328782 0.1722649 0.0690971 0.1586493 0.1807897 0.1610745 0.1971206 0.0839484 0.1740384 0.0586525 0.1680454 0.1445685 0.1704989 0.1677906 0.0638829 0.1529973 0.1317101 0.1674333 0.1501403 0.1543443 0.1798878 0.1494556 
S1260      0.1111192 0.0971986 0.1165334 0.1087810 0.1301293 0.1305397 0.1295703 0.1345633 0.1133329 0.1261895 0.1094305 0.1288306 0.2620538 0.1320793 0.1116525 0.0832071 0.1283064 0.0828634 0.1218848 0.0822859 0.0579083 0.1397751 0.1008634 0.1212337 0.1020765 0.1871766 0.0839595 0.2302915 0.1405996 0.1399766 0.2407242 0.2359544 0.1176715 0.1086762 0.1153106 0.1141282 0.2393809 0.1288424 0.1249791 0.1110402 0.1570108 0.0000000 0.1378083 0.0714232 0.0913891 0.1117378 0.1275268 0.1242252 0.1078584 0.1133799 0.1109165 0.1200278 0.1141523 0.0739362 0.0884215 0.1510516 0.1066086 0.1454001 0.1348160 0.1334209 0.1480923 0.1213931 0.1128164 0.1089335 0.1023576 0.0828736 0.1250871 0.1577614 0.1134163 0.0757402 0.1149608 0.0982711 0.1198542 0.1277914 0.0939432 
S1278      0.0560407 0.1218310 0.0371959 0.1139030 0.1099932 0.0982528 0.1361703 0.1143149 0.1099688 0.0445128 0.0928093 0.0202542 0.2924501 0.1230922 0.0194142 0.1237190 0.0265121 0.1179695 0.1149405 0.1126125 0.1402074 0.1510399 0.1341387 0.1247880 0.1441378 0.1115233 0.1290849 0.2714992 0.1420486 0.1478003 0.2604460 0.2666956 0.1382786 0.0918983 0.0818304 0.1082704 0.2637037 0.0230804 0.0740869 0.0982156 0.1957336 0.1378083 0.0000000 0.1445015 0.1130701 0.0266998 0.0161783 0.0556317 0.1221784 0.0568261 0.1032006 0.1085514 0.0488106 0.1123445 0.1342590 0.1753731 0.0168557 0.1383880 0.1041650 0.0263985 0.1822213 0.0444304 0.1506828 0.0443611 0.0777223 0.1043465 0.0855638 0.1874927 0.1232582 0.0841547 0.1346341 0.1191043 0.1088105 0.1216816 0.0980471 
S1315      0.1241903 0.1004711 0.1282105 0.1036128 0.1137486 0.1414345 0.1285466 0.1047851 0.1382953 0.1373327 0.1205133 0.1254797 0.2525277 0.1649011 0.1184553 0.0910195 0.1405862 0.0906404 0.0980400 0.0817374 0.0199132 0.1438840 0.0844224 0.1091081 0.0816819 0.1701060 0.1091359 0.2340189 0.1011532 0.1097380 0.2295439 0.2169100 0.1191727 0.1029534 0.1260390 0.1015300 0.2219934 0.1294066 0.1529582 0.0847994 0.2074089 0.0714232 0.1445015 0.0000000 0.1034298 0.1185520 0.1342864 0.1352273 0.1061290 0.1088633 0.1026683 0.1098154 0.1262613 0.0815593 0.1138441 0.1659173 0.1089485 0.1344828 0.1242114 0.1401798 0.1573176 0.1473732 0.1576597 0.1268803 0.1033095 0.1100098 0.1089452 0.1669969 0.1104350 0.0813011 0.1043214 0.1114649 0.1189529 0.1443400 0.0932782 
S1332      0.0898235 0.0712401 0.1083169 0.0620676 0.1026470 0.1049516 0.0926162 0.0792055 0.0740679 0.0988686 0.0664572 0.1046017 0.2159897 0.0949517 0.0942573 0.0538263 0.1101643 0.0533738 0.0695949 0.0530383 0.0966232 0.1071394 0.0887338 0.0814250 0.0814915 0.0750632 0.0782973 0.2052970 0.0925211 0.0972788 0.2050330 0.1985199 0.0868760 0.0760054 0.0935522 0.0789286 0.2019045 0.1099943 0.1136948 0.0717182 0.1534944 0.0913891 0.1130701 0.1034298 0.0000000 0.0943117 0.1089015 0.0845599 0.0738000 0.0878593 0.0755629 0.0793994 0.0924476 0.0529306 0.0826217 0.1165414 0.0846261 0.0927885 0.0577671 0.1142844 0.1282637 0.1128599 0.1179284 0.0835876 0.0538328 0.0299483 0.0463004 0.1315225 0.0860384 0.0443765 0.0798519 0.0658675 0.0623434 0.1096857 0.0618869 
S1369      0.0416991 0.1114083 0.0165304 0.0901849 0.0935127 0.0731581 0.1096055 0.0926528 0.0879820 0.0305657 0.0621127 0.0135772 0.2501459 0.0897127 0.0064167 0.1087306 0.0163489 0.1033033 0.0874576 0.0982282 0.1143679 0.1244014 0.1053230 0.1070551 0.1137276 0.0743544 0.1238791 0.2312699 0.1059446 0.1123334 0.2296091 0.2254149 0.1084394 0.0702369 0.0571370 0.0936501 0.2229956 0.0130109 0.0581100 0.0715504 0.1781861 0.1117378 0.0266998 0.1185520 0.0943117 0.0000000 0.0164271 0.0414030 0.0982075 0.0341222 0.0803803 0.0852774 0.0379389 0.0979999 0.1289820 0.1575584 0.0066832 0.1224639 0.0798662 0.0199081 0.1526177 0.0339715 0.1233288 0.0304661 0.0532947 0.0859244 0.0853752 0.1582609 0.0944888 0.0668089 0.1191131 0.1042665 0.0841598 0.1179232 0.0714251 
S1370      0.0448208 0.1221361 0.0266291 0.1000107 0.1008722 0.0920372 0.1256834 0.1008492 0.1020138 0.0337067 0.0799050 0.0099650 0.2810999 0.1090206 0.0095584 0.1240226 0.0163160 0.1182551 0.1014160 0.1128818 0.1300241 0.1411215 0.1200322 0.1220599 0.1292780 0.0836432 0.1294034 0.2606468 0.1274697 0.1329619 0.2495937 0.2558705 0.1236789 0.0791261 0.0695621 0.0946850 0.2530221 0.0129864 0.0699401 0.0850246 0.1892165 0.1275268 0.0161783 0.1342864 0.1089015 0.0164271 0.0000000 0.0445044 0.1081789 0.0454543 0.0897898 0.0948971 0.0450551 0.1126125 0.1345921 0.1639357 0.0066344 0.1238019 0.1000312 0.0162429 0.1706475 0.0407727 0.1399173 0.0335976 0.0655694 0.1002137 0.0902403 0.1760761 0.1091249 0.0708786 0.1349711 0.1193956 0.1046518 0.1213241 0.0848766 
S1375      0.0196734 0.1238660 0.0485596 0.0934256 0.1035047 0.0838665 0.1181371 0.0946709 0.0707143 0.0516539 0.0662617 0.0387889 0.2804355 0.1024160 0.0334194 0.1117468 0.0486155 0.1063317 0.0867539 0.1055332 0.1320459 0.1330268 0.1089350 0.1018324 0.1174417 0.0578096 0.1362510 0.2463727 0.1112158 0.1163315 0.2429936 0.2544028 0.1171821 0.0839975 0.0644426 0.1173694 0.2516274 0.0449161 0.0698173 0.0804970 0.1724441 0.1242252 0.0556317 0.1352273 0.0845599 0.0414030 0.0445044 0.0000000 0.1110809 0.0490453 0.0825527 0.0927093 0.0488338 0.1052891 0.1414230 0.1499289 0.0276526 0.1258146 0.0894676 0.0484238 0.1510005 0.0515572 0.1221340 0.0406505 0.0454240 0.0761171 0.0833641 0.1513346 0.0985685 0.0691620 0.1082075 0.1168120 0.0939039 0.1240842 0.0874987 
S1376      0.0984699 0.0703994 0.1073110 0.0373138 0.0969491 0.1246643 0.1165780 0.0906074 0.0961225 0.0982181 0.0929679 0.1087422 0.2348133 0.1278725 0.0981476 0.0703560 0.1186851 0.0658323 0.0945415 0.0733668 0.1000597 0.1046140 0.0946353 0.1048236 0.0957409 0.0764492 0.0868646 0.2057465 0.1098443 0.1148795 0.2154943 0.2176305 0.0962931 0.0614988 0.0976642 0.0228503 0.2209330 0.1140121 0.1305187 0.0622474 0.1667787 0.1078584 0.1221784 0.1061290 0.0738000 0.0982075 0.1081789 0.1110809 0.0000000 0.1004856 0.0527675 0.0526074 0.0981985 0.0652595 0.0913053 0.1222440 0.0839349 0.0642113 0.0645206 0.1183130 0.1524115 0.1171631 0.1275076 0.0983059 0.0778468 0.0752221 0.0836630 0.1412415 0.0972448 0.0610601 0.1003567 0.0868069 0.0527960 0.1112038 0.0641495 
S1381      0.0494052 0.1079382 0.0535851 0.0879824 0.1022279 0.0651751 0.1167032 0.0746544 0.0692940 0.0527555 0.0574397 0.0357770 0.2210033 0.0921236 0.0341227 0.0966854 0.0496649 0.0916322 0.0732142 0.0868878 0.1063825 0.1313888 0.0813894 0.0872369 0.0874343 0.0586816 0.1200106 0.2168161 0.0873290 0.0919660 0.2032846 0.2112252 0.0973265 0.0663334 0.0521724 0.1020924 0.2090567 0.0458839 0.0694113 0.0747445 0.1756883 0.1133799 0.0568261 0.1088633 0.0878593 0.0341222 0.0454543 0.0490453 0.1004856 0.0000000 0.0872239 0.0832270 0.0527587 0.0866947 0.1249184 0.1530077 0.0282106 0.1192971 0.0795874 0.0494653 0.1535167 0.0526546 0.1302891 0.0525676 0.0447708 0.0797588 0.0783498 0.1538037 0.0845363 0.0693564 0.1160118 0.0929142 0.0838640 0.1207348 0.0697800 
S1422      0.0873201 0.0787274 0.1046268 0.0343088 0.1074276 0.1041453 0.1024168 0.0867955 0.1027868 0.0899810 0.0890481 0.0847899 0.2164010 0.1191363 0.0803450 0.0845648 0.0997231 0.0796956 0.0856738 0.0709104 0.1003713 0.1242172 0.0992972 0.1008882 0.0978332 0.0845383 0.1019050 0.1887921 0.1058686 0.1108503 0.1962049 0.1999948 0.1015719 0.0624022 0.0880599 0.0456997 0.2033813 0.0952363 0.1114278 0.0664238 0.1498293 0.1109165 0.1032006 0.1026683 0.0755629 0.0803803 0.0897898 0.0825527 0.0527675 0.0872239 0.0000000 0.0342301 0.0899662 0.0707561 0.1066066 0.1408887 0.0704719 0.0687213 0.0609159 0.0993836 0.1273010 0.1024875 0.1224648 0.0810012 0.0741079 0.0811947 0.0704400 0.1368533 0.0842697 0.0569028 0.0878665 0.0878996 0.0648672 0.1216039 0.0660277 
S1449      0.0937383 0.0934422 0.0986922 0.0266279 0.0977439 0.0983561 0.1120567 0.0779048 0.0959215 0.0897380 0.0798833 0.0948712 0.2243723 0.1134461 0.0852357 0.0929137 0.1050497 0.0790833 0.0817531 0.0789195 0.1072901 0.1345837 0.0901258 0.0915448 0.0975810 0.0924096 0.1105163 0.1895132 0.0963726 0.1011771 0.2052206 0.2075341 0.0921510 0.0540953 0.0887744 0.0455551 0.2109048 0.1004841 0.1111485 0.0666701 0.1553526 0.1200278 0.1085514 0.1098154 0.0793994 0.0852774 0.0948971 0.0927093 0.0526074 0.0832270 0.0342301 0.0000000 0.0844825 0.0787455 0.1153098 0.1405738 0.0708315 0.0685268 0.0528296 0.1046983 0.1476272 0.1077850 0.1326849 0.0807735 0.0655462 0.0759589 0.0709537 0.1365493 0.0840395 0.0613144 0.0776350 0.0928671 0.0646798 0.1115440 0.0658349 
