124
S0055      0.0000000 0.0671633 0.1285965 0.0701822 0.0603829 0.0919747 0.1501535 0.0772514 0.0637908 0.0525068 0.1384796 0.1004584 0.1094371 0.1181498 0.1007722 0.1220460 0.0795759 0.0652411 0.0819327 0.0574931 0.0540753 0.1278907 0.0566861 0.1128954 0.0607529 0.0768549 0.0895209 0.0917396 0.0816579 0.0960991 0.1403524 0.0599665 0.0536032 0.1203193 0.0905412 0.1082140 0.0702873 0.0664333 0.0772551 0.0926230 0.1411522 0.0530734 0.0854927 0.0563498 0.0776479 0.0713791 0.0566823 0.0576114 0.0675361 0.1015598 0.0736605 0.1034872 0.1128843 0.0888557 0.1214853 0.0741027 0.1006166 0.1032351 0.0748840 0.0866375 0.1105079 0.0643081 0.1294859 0.0844301 0.1228978 0.1112565 0.1324682 0.0609778 0.1366950 0.0315377 0.0945020 0.1129850 0.0746286 0.0829449 0.1457194 0.0599800 0.0695505 0.0743342 0.1239197 0.0884849 0.0918107 0.1010384 0.1322121 0.1491431 0.0966146 0.1009922 0.0890726 0.0567348 0.0918241 0.0880034 0.0832192 0.0635335 0.0506593 0.0568877 0.0876870 0.0465186 0.1221956 0.0801481 0.0765927 0.1590041 0.0466768 0.0647537 0.1318899 0.0793640 0.1125348 0.0599350 0.0872340 0.0695947 0.0633470 0.1406830 0.0593841 0.1020201 0.0534080 0.0500005 0.0638063 0.1077824 0.0848767 0.0735777 0.0710345 0.0828605 0.0594637 0.0806943 0.0812346 0.0639357 
S0196sl    0.0671633 0.0000000 0.0938498 0.0394126 0.0578325 0.0879851 0.1136839 0.0712075 0.0783762 0.0415393 0.0977755 0.0952550 0.0812752 0.0870060 0.0905799 0.0917797 0.0927475 0.0698033 0.0706918 0.0585860 0.0587540 0.0967764 0.0572896 0.0901711 0.0085849 0.0662931 0.0766849 0.0857961 0.0830651 0.0714598 0.1121332 0.0612328 0.0543898 0.0933438 0.0720917 0.0826265 0.0644060 0.0645681 0.0391206 0.0799324 0.1056199 0.0639056 0.0726130 0.0573356 0.0748689 0.0145173 0.0576988 0.0114949 0.0085849 0.1089639 0.0327450 0.0774124 0.0797808 0.0639221 0.0919319 0.0533236 0.0840418 0.1130822 0.0721584 0.0464585 0.0760737 0.0433452 0.1038944 0.0516231 0.1128373 0.0976533 0.0974781 0.0144446 0.1076960 0.0330170 0.0804878 0.0877260 0.0842920 0.0668200 0.1121485 0.0612474 0.0680289 0.0500463 0.0968966 0.0636298 0.0669382 0.0920624 0.0884251 0.1169425 0.0718494 0.0964639 0.0762810 0.0577560 0.0673913 0.0734531 0.0812115 0.0650789 0.0579877 0.0840360 0.0709472 0.0572392 0.0912957 0.0638734 0.0637886 0.1181933 0.0469444 0.0175326 0.0969080 0.0398246 0.0824141 0.0611989 0.0746813 0.0558208 0.0577415 0.1097283 0.0600100 0.0726589 0.0578331 0.0500270 0.0708167 0.0867071 0.0601196 0.0742627 0.0537396 0.0645197 0.0489296 0.0700306 0.0747820 0.0467180 
S0278      0.1285965 0.0938498 0.0000000 0.1055535 0.1226019 0.1367774 0.0528770 0.1315258 0.1368088 0.0972684 0.0453251 0.1421821 0.1456798 0.0406648 0.1461893 0.0492181 0.1516286 0.1237905 0.1560808 0.1290920 0.1156220 0.0402820 0.1028591 0.0313455 0.0938163 0.1447369 0.1297082 0.1481678 0.1399421 0.1229029 0.0507922 0.1235633 0.1233877 0.0280882 0.0637938 0.0774155 0.1270242 0.1260616 0.0925889 0.1330465 0.1568597 0.1144234 0.1249132 0.1187207 0.1301827 0.0978571 0.1270421 0.0974457 0.0974319 0.1669788 0.0932439 0.0652082 0.1493107 0.0566322 0.0850501 0.1183859 0.1355354 0.1610516 0.1311062 0.1221378 0.1284524 0.1073145 0.1738446 0.1313412 0.1722724 0.1634063 0.1442364 0.1012895 0.1574660 0.0766991 0.1494881 0.1549747 0.1490196 0.1215410 0.1755050 0.1312060 0.1335090 0.1217963 0.0369640 0.0597245 0.0628280 0.1471245 0.0444562 0.0531223 0.1160501 0.1417606 0.1290193 0.1271577 0.1291361 0.1449978 0.1423043 0.1359307 0.1277021 0.1413666 0.1301050 0.1294534 0.0863858 0.1311172 0.1216774 0.0672714 0.1140290 0.0980800 0.0401865 0.1140855 0.0874740 0.1311278 0.1249192 0.1241895 0.1354652 0.0534472 0.1044681 0.0709357 0.1068678 0.1134708 0.1380730 0.1314342 0.0627532 0.1456520 0.1150323 0.1075949 0.1039204 0.1378717 0.1594898 0.1099480 
S0281      0.0701822 0.0394126 0.1055535 0.0000000 0.0801257 0.0906582 0.1253447 0.0757117 0.0788778 0.0534174 0.1097200 0.0948605 0.0921431 0.0949916 0.0903665 0.0995051 0.0897917 0.0731271 0.0815176 0.0771205 0.0773280 0.1045249 0.0522765 0.0980697 0.0316260 0.0808969 0.0769975 0.0967042 0.0940915 0.0790535 0.1198733 0.0655392 0.0726765 0.1011632 0.0802538 0.0761722 0.0686130 0.0796683 0.0344381 0.0801221 0.1333374 0.0548143 0.0730750 0.0755086 0.0816414 0.0442055 0.0759730 0.0346400 0.0377657 0.1155183 0.0313697 0.0856531 0.0879728 0.0720481 0.0999424 0.0548677 0.0735732 0.1043851 0.0826776 0.0571977 0.0915634 0.0516912 0.0956455 0.0706364 0.1194096 0.1085302 0.1127713 0.0377250 0.1275182 0.0351638 0.0842330 0.0804207 0.0987254 0.0711624 0.1362583 0.0795704 0.0829863 0.0711344 0.0975382 0.0717417 0.0749968 0.0962069 0.1002998 0.1203856 0.0794732 0.0998779 0.0766065 0.0760443 0.0683606 0.0816273 0.0786723 0.0835110 0.0763459 0.0871600 0.0713867 0.0677255 0.1005207 0.0688386 0.0719367 0.1216748 0.0584257 0.0410808 0.0975489 0.0506439 0.0947411 0.0795126 0.0827207 0.0605276 0.0832485 0.1173681 0.0677796 0.0844484 0.0723985 0.0543098 0.0753085 0.0877673 0.0682614 0.0848206 0.0518358 0.0727641 0.0501864 0.0669724 0.0965013 0.0544052 
S0282      0.0603829 0.0578325 0.1226019 0.0801257 0.0000000 0.0911446 0.1440946 0.0826955 0.0243193 0.0400128 0.1211377 0.1161279 0.1094412 0.1121074 0.1165075 0.1164298 0.0889203 0.0630880 0.0952689 0.0140268 0.0140646 0.1178246 0.0511544 0.1109430 0.0625311 0.0827842 0.0971421 0.0980674 0.0764154 0.0879667 0.1386014 0.0227445 0.0110527 0.1184336 0.0880128 0.0910302 0.0583367 0.0193634 0.0763820 0.1003735 0.1185954 0.0610074 0.0928614 0.0139217 0.0866314 0.0663883 0.0082215 0.0659233 0.0625311 0.1171619 0.0695640 0.0937066 0.1041914 0.0795144 0.1037218 0.0762924 0.1092749 0.1245665 0.0838204 0.0960386 0.0890155 0.0662033 0.1251143 0.0754945 0.1291152 0.1171595 0.1103437 0.0694526 0.1218221 0.0289851 0.0940975 0.1164668 0.0658651 0.0782007 0.1305361 0.0166947 0.0511047 0.0730143 0.1220702 0.0791638 0.0824796 0.1093114 0.1221282 0.1390620 0.0955528 0.1011695 0.0966368 0.0167322 0.0945686 0.0936519 0.0925419 0.0196417 0.0139026 0.0795268 0.0829406 0.0574909 0.1075793 0.0825011 0.0746313 0.1497169 0.0351669 0.0734493 0.1105768 0.0884476 0.0951671 0.0166817 0.0861309 0.0716136 0.0198190 0.1231591 0.0444352 0.0890963 0.0227957 0.0447856 0.0791174 0.0955045 0.0755953 0.0858178 0.0731363 0.0853671 0.0676753 0.0830773 0.0867045 0.0658089 
S0288      0.0919747 0.0879851 0.1367774 0.0906582 0.0911446 0.0000000 0.1552935 0.0978976 0.1079053 0.0702230 0.1389643 0.0202573 0.0695714 0.1256838 0.0142262 0.1138055 0.1179729 0.1095425 0.1020856 0.0923866 0.0881291 0.1359884 0.0719344 0.1200111 0.0748187 0.0889558 0.0173106 0.0974076 0.1185833 0.0711902 0.1495758 0.0875224 0.0874091 0.1238777 0.0957227 0.0949257 0.0947526 0.0910212 0.0860808 0.0201828 0.1314887 0.0787723 0.0113244 0.0903514 0.1012269 0.0865014 0.0909333 0.0783935 0.0822236 0.1296715 0.0785578 0.1018861 0.0660421 0.0827114 0.1068207 0.0784406 0.0323091 0.1385483 0.1031556 0.1030695 0.1036610 0.0673959 0.0846237 0.0536464 0.1399304 0.1353632 0.1149540 0.0821393 0.1298322 0.0474603 0.1118408 0.0814370 0.1247429 0.0972115 0.1346776 0.0948320 0.0970412 0.0901837 0.1317645 0.0823478 0.0858015 0.0027958 0.1264233 0.1541543 0.0860758 0.0056429 0.0172274 0.0837830 0.0620320 0.1122751 0.1083568 0.0991533 0.0914039 0.1024744 0.0928709 0.0900714 0.1164784 0.1020759 0.0897951 0.1697870 0.0715647 0.0789121 0.1361352 0.0951271 0.0984535 0.0947639 0.1026190 0.0919834 0.0914672 0.1188627 0.0889536 0.1003389 0.0826489 0.0784130 0.1054070 0.1153597 0.0786211 0.0885055 0.0751969 0.0868328 0.0693531 0.1046077 0.1004109 0.0673410 
S0289      0.1501535 0.1136839 0.0528770 0.1253447 0.1440946 0.1552935 0.0000000 0.1387613 0.1486681 0.1136359 0.0512858 0.1597105 0.1718835 0.0565011 0.1642358 0.0618289 0.1675863 0.1446172 0.1684882 0.1513027 0.1455067 0.0464687 0.1190778 0.0467883 0.1129416 0.1577376 0.1467720 0.1525907 0.1764592 0.1353968 0.0599880 0.1452530 0.1450318 0.0526087 0.0772652 0.0876812 0.1488865 0.1476720 0.1114602 0.1501551 0.1695926 0.1354447 0.1417140 0.1400176 0.1515163 0.1253024 0.1409199 0.1167324 0.1167174 0.1954485 0.1122537 0.0791276 0.1669878 0.0697337 0.0993583 0.1346911 0.1152141 0.1841149 0.1577600 0.1385439 0.1449009 0.1232664 0.1926724 0.1384014 0.2064676 0.1932930 0.1566878 0.1207919 0.1600389 0.0926289 0.1556573 0.1729935 0.1771494 0.1339300 0.1736963 0.1532480 0.1554676 0.1333292 0.0523804 0.0729006 0.0760787 0.1704508 0.0601112 0.0622396 0.1328543 0.1564299 0.1459856 0.1489737 0.1379583 0.1621593 0.1642430 0.1583128 0.1496301 0.1642872 0.1566653 0.1511844 0.0929599 0.1439055 0.1251116 0.0636358 0.1349711 0.1175034 0.0525376 0.1301653 0.1016875 0.1451821 0.1237730 0.1309009 0.1577557 0.0772521 0.1411469 0.0847263 0.1358685 0.1343017 0.1551243 0.1428174 0.0759858 0.1587251 0.1312656 0.1353622 0.1193107 0.1482014 0.1766848 0.1258524 
S0292      0.0772514 0.0712075 0.1315258 0.0757117 0.0826955 0.0978976 0.1387613 0.0000000 0.0764155 0.0558087 0.1227006 0.1064887 0.1077409 0.1107896 0.1068299 0.1246191 0.0666332 0.0562531 0.0895933 0.0722763 0.0754167 0.1166082 0.0608003 0.1235756 0.0574737 0.0837271 0.0881051 0.0754104 0.0933986 0.0906036 0.1413936 0.0686541 0.0752555 0.1224682 0.0918328 0.1064679 0.0777832 0.0754521 0.0751557 0.0912719 0.1494729 0.0634526 0.0840088 0.0780615 0.0748885 0.0644587 0.0785377 0.0577188 0.0642049 0.1005286 0.0649182 0.0956223 0.1111922 0.0868742 0.1199044 0.0617443 0.0938045 0.1043913 0.0795625 0.0831179 0.1053960 0.0451968 0.1280229 0.0773179 0.1007182 0.0980952 0.1276351 0.0610950 0.1346435 0.0317074 0.0695922 0.1112938 0.0970743 0.0435026 0.1437447 0.0821277 0.0924239 0.0617972 0.1247898 0.0865046 0.0898767 0.0988734 0.1210969 0.1441394 0.0872159 0.1073376 0.0876545 0.0786106 0.0898904 0.0671327 0.0285581 0.0860682 0.0757772 0.0936727 0.0476405 0.0707920 0.1109878 0.0345572 0.0082122 0.1625525 0.0675327 0.0648828 0.1304751 0.0758949 0.1016652 0.0820690 0.0470500 0.0499504 0.0857989 0.1398937 0.0810402 0.1001712 0.0713440 0.0637214 0.0639412 0.0677606 0.0828535 0.0744321 0.0586732 0.0689319 0.0416576 0.0632692 0.1040770 0.0547677 
S0293      0.0637908 0.0783762 0.1368088 0.0788778 0.0243193 0.1079053 0.1486681 0.0764155 0.0000000 0.0583644 0.1307022 0.1339514 0.1155220 0.1222708 0.1291810 0.1149927 0.0903594 0.0632678 0.0877719 0.0206972 0.0136271 0.1249239 0.0645532 0.1270909 0.0791279 0.0777683 0.1096700 0.1018765 0.0876949 0.1033693 0.1319888 0.0244305 0.0170864 0.1314938 0.0926053 0.0974501 0.0683492 0.0276697 0.0876678 0.1137171 0.1484508 0.0639643 0.1041470 0.0279435 0.0907558 0.0792692 0.0136027 0.0791279 0.0836303 0.1143242 0.0706453 0.0969256 0.1279377 0.0919768 0.1122453 0.0833874 0.0973863 0.1091205 0.1011449 0.1019433 0.1153828 0.0706037 0.1331051 0.0905505 0.1088819 0.1030568 0.1314099 0.0836753 0.1533555 0.0277312 0.1015869 0.1223229 0.0651375 0.0811164 0.1652239 0.0241258 0.0643237 0.0794729 0.1349901 0.0919768 0.0919768 0.1253142 0.1304642 0.1433162 0.0984651 0.1094052 0.1089603 0.0241923 0.1103933 0.1005330 0.0948551 0.0242238 0.0171342 0.0864721 0.0784424 0.0593771 0.1070588 0.0867754 0.0770385 0.1555591 0.0477647 0.0836447 0.1160488 0.0972237 0.1079379 0.0170937 0.0818595 0.0779829 0.0317123 0.1372840 0.0517621 0.0940098 0.0245304 0.0518133 0.0739684 0.1012700 0.0874035 0.0904608 0.0745818 0.0901283 0.0686029 0.0877118 0.0969712 0.0702679 
S0294      0.0525068 0.0415393 0.0972684 0.0534174 0.0400128 0.0702230 0.1136359 0.0558087 0.0583644 0.0000000 0.1016466 0.0951997 0.0889045 0.0832574 0.0915447 0.0917271 0.0800916 0.0508586 0.0750251 0.0440853 0.0442125 0.0967204 0.0296754 0.0860604 0.0364089 0.0666334 0.0687517 0.0821035 0.0501323 0.0713130 0.1072195 0.0400023 0.0402573 0.0932896 0.0644337 0.0602155 0.0462444 0.0495807 0.0530154 0.0719493 0.1022849 0.0391203 0.0725698 0.0431678 0.0676566 0.0431786 0.0434362 0.0364089 0.0396555 0.1100128 0.0495565 0.0691419 0.0873360 0.0563206 0.0794004 0.0568502 0.0817654 0.0967873 0.0647455 0.0643216 0.0724299 0.0397548 0.0911872 0.0549084 0.1055205 0.0938501 0.0981002 0.0396622 0.1096069 0.0191407 0.0766569 0.0832049 0.0682462 0.0519128 0.1182680 0.0467978 0.0532694 0.0602321 0.0968405 0.0563206 0.0595623 0.0796508 0.0962506 0.1173960 0.0677306 0.0794790 0.0683938 0.0434795 0.0706497 0.0661097 0.0623301 0.0503797 0.0403603 0.0714038 0.0527346 0.0427533 0.0755438 0.0559967 0.0520227 0.1216481 0.0398247 0.0396600 0.0968520 0.0572559 0.0633554 0.0467600 0.0661356 0.0520786 0.0502271 0.1051129 0.0529716 0.0684688 0.0401042 0.0330391 0.0633094 0.0705834 0.0529046 0.0635576 0.0537075 0.0573698 0.0456556 0.0629022 0.0779632 0.0466898 
S0299      0.1384796 0.0977755 0.0453251 0.1097200 0.1211377 0.1389643 0.0512858 0.1227006 0.1307022 0.1016466 0.0000000 0.1435345 0.1433801 0.0455892 0.1523363 0.0445937 0.1473570 0.1252197 0.1399533 0.1266262 0.1186938 0.0387678 0.1074292 0.0456027 0.0974632 0.1432988 0.1306185 0.1315613 0.1474382 0.1160760 0.0524670 0.1221299 0.1219490 0.0386593 0.0628137 0.0768797 0.1280411 0.1247489 0.0882518 0.1340691 0.1454499 0.1195728 0.1256518 0.1170905 0.1356482 0.1016870 0.1257632 0.1012431 0.1012286 0.1610926 0.0818164 0.0631673 0.1472707 0.0554357 0.0847677 0.1188918 0.1026991 0.1624356 0.1417176 0.1270634 0.1253772 0.1074514 0.1763758 0.1230853 0.1620430 0.1547772 0.1415159 0.1052561 0.1407589 0.0711589 0.1239741 0.1567913 0.1585571 0.1221508 0.1543173 0.1301059 0.1360601 0.1017697 0.0416142 0.0586275 0.0618312 0.1541268 0.0495281 0.0620739 0.1124948 0.1484376 0.1299014 0.1258830 0.1300011 0.1331248 0.1436338 0.1350319 0.1264460 0.1469296 0.1360548 0.1274391 0.0821000 0.1147319 0.1136303 0.0664814 0.1156761 0.1019257 0.0419354 0.1186497 0.0837000 0.1300244 0.1250920 0.1196097 0.1345493 0.0559416 0.1224492 0.0634117 0.1081920 0.1150857 0.1392550 0.1268587 0.0617553 0.1378300 0.1064714 0.1112101 0.1006255 0.1369354 0.1498869 0.1101696 
S0303      0.1004584 0.0952550 0.1421821 0.0948605 0.1161279 0.0202573 0.1597105 0.1064887 0.1339514 0.0951997 0.1435345 0.0000000 0.0738623 0.1262916 0.0168230 0.1146612 0.1189357 0.1170076 0.1135806 0.1130659 0.1086131 0.1363517 0.0925273 0.1252373 0.0834377 0.1083238 0.0196333 0.1056850 0.1401764 0.0798300 0.1496192 0.1078789 0.1077328 0.1245203 0.0930720 0.1000576 0.1072148 0.1154606 0.0903636 0.0224232 0.1480375 0.0881176 0.0166792 0.1105949 0.1167795 0.0951337 0.1112953 0.0869932 0.0908242 0.1374643 0.0865221 0.1023834 0.0664282 0.0842060 0.1152094 0.0863733 0.0357281 0.1344980 0.1233647 0.1147921 0.1159585 0.0760188 0.0850419 0.0625606 0.1518439 0.1437849 0.1313360 0.0907359 0.1468717 0.0537645 0.1233274 0.0783787 0.1418721 0.1057588 0.1643082 0.1153042 0.1131726 0.0982575 0.1322257 0.0838455 0.0872277 0.0258098 0.1405141 0.1540859 0.0946869 0.0287715 0.0195420 0.1040433 0.0631737 0.1139268 0.1168054 0.1198083 0.1118668 0.1111318 0.1132264 0.1096517 0.1222551 0.1106614 0.1022642 0.1646670 0.0874009 0.0875576 0.1364951 0.1068716 0.1155993 0.1152300 0.1112430 0.1004471 0.1119361 0.1340502 0.1089345 0.1087037 0.0985433 0.0906083 0.1066143 0.1281141 0.0871145 0.1036245 0.0832007 0.0987385 0.0738358 0.1163843 0.1205160 0.0753698 
S0308      0.1094371 0.0812752 0.1456798 0.0921431 0.1094412 0.0695714 0.1718835 0.1077409 0.1155220 0.0889045 0.1433801 0.0738623 0.0000000 0.1384437 0.0740810 0.1342403 0.1227765 0.1097418 0.1115814 0.1064382 0.1067096 0.1483568 0.0973080 0.1372946 0.0740509 0.1064346 0.0573593 0.1142778 0.1419643 0.0809838 0.1665275 0.1014909 0.1013589 0.1447946 0.1089521 0.1198325 0.1047514 0.1088231 0.0877973 0.0603272 0.1555784 0.0999087 0.0538340 0.1041679 0.1178670 0.0851184 0.1048138 0.0774423 0.0810722 0.1407523 0.0773985 0.1111772 0.0709341 0.0998326 0.1336199 0.0873784 0.0761232 0.1506284 0.1286539 0.1192877 0.1231787 0.0817758 0.0885625 0.0515736 0.1647975 0.1528856 0.1379932 0.0809929 0.1614953 0.0664705 0.1206305 0.0740664 0.1302945 0.1032273 0.1711166 0.1086808 0.1067227 0.0918889 0.1408059 0.0994188 0.1028122 0.0785193 0.1405924 0.1662073 0.0881981 0.0819434 0.0570808 0.0977883 0.0559447 0.1064145 0.1178921 0.1089240 0.1053387 0.1291404 0.1099655 0.0958976 0.1344235 0.0998575 0.1035757 0.1642155 0.0817890 0.0850585 0.1484972 0.1114540 0.1243171 0.1086102 0.1080004 0.0976022 0.1017186 0.1461755 0.0916739 0.1062822 0.0957162 0.0885838 0.1063060 0.1285950 0.0957037 0.1048908 0.0842781 0.0971122 0.0718103 0.1130447 0.1275824 0.0766081 
S0320      0.1181498 0.0870060 0.0406648 0.0949916 0.1121074 0.1256838 0.0565011 0.1107896 0.1222708 0.0832574 0.0455892 0.1262916 0.1384437 0.0000000 0.1345391 0.0464033 0.1397270 0.1089182 0.1399943 0.1183389 0.1000482 0.0371436 0.0926533 0.0378391 0.0835373 0.1340576 0.1141739 0.1322743 0.1219474 0.1078314 0.0409768 0.1129872 0.1128301 0.0343247 0.0541957 0.0607320 0.1130248 0.1155557 0.0897465 0.1174881 0.1458813 0.1040539 0.1095903 0.1082711 0.1269813 0.0910606 0.1164579 0.0871019 0.0870888 0.1591775 0.0903853 0.0514670 0.1298417 0.0409318 0.0749204 0.1034836 0.1174389 0.1577487 0.1286723 0.1059989 0.1137183 0.0926740 0.1533260 0.1155986 0.1587289 0.1465517 0.1275777 0.0908549 0.1334397 0.0735303 0.1372037 0.1351802 0.1322287 0.1054932 0.1506582 0.1205581 0.1154201 0.0995591 0.0308571 0.0439375 0.0469546 0.1360732 0.0480114 0.0601683 0.1048462 0.1308361 0.1135689 0.1165661 0.1107112 0.1219222 0.1138141 0.1251816 0.1170647 0.1226482 0.1108286 0.1114784 0.0760900 0.1071660 0.1016690 0.0712104 0.1036943 0.0876685 0.0435817 0.0982943 0.0704698 0.1129294 0.1087913 0.1093112 0.1247544 0.0607008 0.0985477 0.0611327 0.1081953 0.1031828 0.1097246 0.1107291 0.0469006 0.1224696 0.1001747 0.0999463 0.0897691 0.1258362 0.1405690 0.0953632 
S0322      0.1007722 0.0905799 0.1461893 0.0903665 0.1165075 0.0142262 0.1642358 0.1068299 0.1291810 0.0915447 0.1523363 0.0168230 0.0740810 0.1345391 0.0000000 0.1225134 0.1193237 0.1173950 0.1139451 0.1134377 0.1089669 0.1446622 0.0928218 0.1334137 0.0791653 0.1086663 0.0196854 0.1133106 0.1308438 0.0800760 0.1583806 0.1082280 0.1080807 0.1326522 0.0973032 0.1077013 0.1116039 0.1158368 0.0859778 0.0224830 0.1385122 0.0883953 0.0138048 0.1109511 0.1171533 0.0906256 0.1116557 0.0826611 0.0864168 0.1358760 0.0822149 0.1109366 0.0743546 0.0914995 0.1197073 0.0866408 0.0307700 0.1426897 0.1237696 0.1099156 0.1072268 0.0762510 0.0890055 0.0627491 0.1558731 0.1477500 0.1222506 0.0863327 0.1451606 0.0534537 0.1278284 0.0822685 0.1423508 0.1060951 0.1544107 0.1156793 0.1135354 0.1020399 0.1404680 0.0911090 0.0945333 0.0197429 0.1352993 0.1627724 0.0904068 0.0226370 0.0195936 0.1043793 0.0633569 0.1142941 0.1171794 0.1202011 0.1122302 0.1114917 0.1135894 0.1100021 0.1304466 0.1110181 0.1025893 0.1783332 0.0876738 0.0831925 0.1448059 0.1021405 0.1159765 0.1156048 0.1116036 0.1007610 0.1122999 0.1324603 0.1092810 0.1131567 0.0988550 0.0947116 0.1069566 0.1285385 0.0873856 0.1039479 0.0834576 0.0990513 0.0740549 0.1167566 0.1209036 0.0755983 
S0327      0.1220460 0.0917797 0.0492181 0.0995051 0.1164298 0.1138055 0.0618289 0.1246191 0.1149927 0.0917271 0.0445937 0.1146612 0.1342403 0.0464033 0.1225134 0.0000000 0.1327255 0.1133304 0.1362205 0.1226322 0.1101829 0.0491700 0.0972580 0.0310247 0.0881896 0.1304937 0.1104166 0.1206138 0.1459415 0.1049969 0.0442198 0.1173233 0.1171617 0.0368484 0.0526512 0.0592627 0.1206928 0.1198101 0.0870592 0.1136343 0.1489286 0.1084918 0.1060072 0.1126547 0.1271937 0.0994840 0.1207249 0.0917018 0.0916887 0.1549786 0.0876626 0.0538566 0.1331164 0.0399728 0.0727215 0.1079101 0.0902682 0.1572298 0.1327576 0.1077087 0.1255381 0.0972776 0.1514990 0.1158409 0.1546796 0.1586506 0.1451652 0.0954088 0.1529634 0.0749359 0.1261420 0.1339535 0.1557670 0.1150508 0.1704174 0.1247651 0.1196758 0.1040429 0.0366965 0.0429070 0.0398877 0.1196942 0.0469111 0.0592168 0.1061073 0.1189554 0.1098475 0.1208339 0.1143157 0.1254134 0.1351043 0.1293303 0.1213395 0.1342318 0.1126016 0.1189495 0.0738244 0.1242521 0.1151748 0.0695454 0.1081250 0.0922851 0.0426110 0.1077087 0.0724314 0.1246895 0.1034488 0.1064798 0.1288975 0.0563848 0.1223401 0.0593680 0.1088435 0.1076043 0.1267371 0.1245238 0.0458004 0.1340386 0.1046666 0.1084450 0.0942912 0.1225146 0.1522429 0.0998871 
S0335      0.0795759 0.0927475 0.1516286 0.0897917 0.0889203 0.1179729 0.1675863 0.0666332 0.0903594 0.0800916 0.1473570 0.1189357 0.1227765 0.1397270 0.1193237 0.1327255 0.0000000 0.0619867 0.0970121 0.0826051 0.0859186 0.1497364 0.0669219 0.1474323 0.0773159 0.0963168 0.1072538 0.1138466 0.1016062 0.1089655 0.1494120 0.0782082 0.0848601 0.1420929 0.1066954 0.1217608 0.0963148 0.0850836 0.0960651 0.1104809 0.1700126 0.0695401 0.1028668 0.0841900 0.1012568 0.0812955 0.0846999 0.0807308 0.0843945 0.1084831 0.0853466 0.1204279 0.1191759 0.1085654 0.1436386 0.0753237 0.1012625 0.1262545 0.1145412 0.1245480 0.1321136 0.0647285 0.1363548 0.0834248 0.1216767 0.1334170 0.1381962 0.0843129 0.1713352 0.0375806 0.0629780 0.1192813 0.1102360 0.0658688 0.1769421 0.0918091 0.0883832 0.0708421 0.1499214 0.1081133 0.1044137 0.1143832 0.1465104 0.1535540 0.1090151 0.1322605 0.1066988 0.0814638 0.0973251 0.0706044 0.0695072 0.0958386 0.0885925 0.0965383 0.0742556 0.0899972 0.1293653 0.0600944 0.0630728 0.1683874 0.0598637 0.0884273 0.1544595 0.1165345 0.1240769 0.0917463 0.0562226 0.0465952 0.0851670 0.1481448 0.0837319 0.1229405 0.0774466 0.0806938 0.0664535 0.0669731 0.1042762 0.1084028 0.0722060 0.0861849 0.0703776 0.0597097 0.1061681 0.0746736 
S0345      0.0652411 0.0698033 0.1237905 0.0731271 0.0630880 0.1095425 0.1446172 0.0562531 0.0632678 0.0508586 0.1252197 0.1170076 0.1097418 0.1089182 0.1173950 0.1133304 0.0619867 0.0000000 0.0672032 0.0571522 0.0640723 0.1277490 0.0585281 0.1196152 0.0590188 0.0695960 0.0978020 0.0848240 0.0815836 0.0924573 0.1354701 0.0527344 0.0596839 0.1228310 0.0881167 0.0946714 0.0736952 0.0563649 0.0694516 0.1010656 0.1261894 0.0649407 0.0934726 0.0625572 0.0769550 0.0698682 0.0629448 0.0558061 0.0659479 0.0948735 0.0558603 0.0977702 0.1054283 0.0832418 0.1159581 0.0590977 0.1126721 0.1064457 0.0824801 0.0710771 0.0911577 0.0494967 0.1222050 0.0792005 0.0885131 0.0958841 0.1093750 0.0592423 0.1197852 0.0362057 0.0584464 0.1054674 0.0674969 0.0616717 0.1244346 0.0664603 0.0698153 0.0463718 0.1265207 0.0828869 0.0793679 0.1138154 0.1143569 0.1416228 0.1002181 0.1186821 0.0972884 0.0630055 0.0919171 0.0453824 0.0557764 0.0702720 0.0565823 0.0921224 0.0460123 0.0550391 0.1084529 0.0592467 0.0523610 0.1494916 0.0587625 0.0630906 0.1189424 0.0639047 0.1023944 0.0664095 0.0662024 0.0419676 0.0700532 0.1325377 0.0681849 0.0926504 0.0630899 0.0553918 0.0359313 0.0773986 0.0792665 0.0695497 0.0595541 0.0741131 0.0485942 0.0553617 0.0847870 0.0525059 
S0376      0.0819327 0.0706918 0.1560808 0.0815176 0.0952689 0.1020856 0.1684882 0.0895933 0.0877719 0.0750251 0.1399533 0.1135806 0.1115814 0.1399943 0.1139451 0.1362205 0.0970121 0.0672032 0.0000000 0.0922417 0.0924848 0.1500251 0.0904728 0.1353772 0.0751224 0.0256518 0.0950108 0.0862667 0.1193489 0.0979699 0.1503785 0.0945861 0.0800928 0.1464180 0.1141224 0.1252255 0.0978249 0.0985843 0.0855057 0.0981805 0.1485418 0.0854726 0.0908351 0.0902802 0.0813841 0.0863825 0.0908414 0.0718612 0.0822607 0.1130822 0.0750315 0.1206523 0.1118122 0.1047296 0.1393999 0.0785529 0.0939445 0.1184234 0.0905801 0.0949491 0.1245283 0.0721718 0.1321642 0.0786780 0.1163955 0.1160629 0.1395327 0.0754126 0.1553258 0.0455165 0.0849641 0.1152662 0.1156930 0.0995905 0.1604512 0.0946032 0.0981623 0.0650611 0.1502109 0.1042924 0.1006247 0.1152045 0.1509732 0.1599469 0.1129604 0.1151583 0.0945257 0.0839408 0.0935918 0.0898793 0.0957282 0.0987707 0.0802255 0.1010652 0.0887874 0.0753406 0.1321161 0.0967154 0.0888130 0.1793108 0.0724780 0.0794587 0.1501669 0.0874428 0.1298327 0.0945376 0.0930058 0.0671168 0.0875464 0.1523364 0.0889312 0.1114376 0.0902916 0.0751911 0.0932527 0.1087636 0.1004929 0.0807828 0.0752403 0.0947326 0.0669771 0.0707236 0.0547852 0.0717432 
S0400      0.0574931 0.0585860 0.1290920 0.0771205 0.0140268 0.0923866 0.1513027 0.0722763 0.0206972 0.0440853 0.1266262 0.1130659 0.1064382 0.1183389 0.1134377 0.1226322 0.0826051 0.0571522 0.0922417 0.0000000 0.0112714 0.1241380 0.0553777 0.1170803 0.0595463 0.0798072 0.0940655 0.0987274 0.0734187 0.0849410 0.1457416 0.0141563 0.0083026 0.1247913 0.0934487 0.0965210 0.0549332 0.0139503 0.0733855 0.0973125 0.1207544 0.0580892 0.0898001 0.0169062 0.0872008 0.0633819 0.0110913 0.0629369 0.0595463 0.1101299 0.0665684 0.0985008 0.1049131 0.0846260 0.1096654 0.0732959 0.1030860 0.1215709 0.0843726 0.0966924 0.0905920 0.0565390 0.1220393 0.0724068 0.1249466 0.1141534 0.1123248 0.0664592 0.1240330 0.0292133 0.0840978 0.1133988 0.0628811 0.0685753 0.1329394 0.0139356 0.0482019 0.0632667 0.1285229 0.0842478 0.0876484 0.1062267 0.1287469 0.1502384 0.0925186 0.0980907 0.0935739 0.0139670 0.0915601 0.0836947 0.0826961 0.0168647 0.0111398 0.0729001 0.0731267 0.0545866 0.1136477 0.0727357 0.0691289 0.1571397 0.0323001 0.0704354 0.1166872 0.0890407 0.1008026 0.0139247 0.0763040 0.0620533 0.0229254 0.1374796 0.0479978 0.0946199 0.0199816 0.0418881 0.0761418 0.0889756 0.0805728 0.0828526 0.0701307 0.0823097 0.0582434 0.0732487 0.0837144 0.0628246 
S0405      0.0540753 0.0587540 0.1156220 0.0773280 0.0140646 0.0881291 0.1455067 0.0754167 0.0136271 0.0442125 0.1186938 0.1086131 0.1067096 0.1000482 0.1089669 0.1101829 0.0859186 0.0640723 0.0924848 0.0112714 0.0000000 0.1094994 0.0555289 0.1046138 0.0597093 0.0800188 0.0898672 0.0989825 0.0699319 0.0851680 0.1218788 0.0199920 0.0083257 0.1079221 0.0852093 0.0882500 0.0555435 0.0196988 0.0735837 0.0930881 0.1252779 0.0582459 0.0856805 0.0169524 0.0836078 0.0599624 0.0111217 0.0631093 0.0597093 0.1057020 0.0667502 0.0863074 0.1051862 0.0767340 0.1009325 0.0734940 0.0981261 0.1176522 0.0845972 0.0969461 0.0947868 0.0633757 0.1223481 0.0726086 0.1221340 0.1102932 0.1167323 0.0666405 0.1285661 0.0293029 0.0913403 0.1136905 0.0554469 0.0710902 0.1375973 0.0139737 0.0483336 0.0702031 0.1063425 0.0763922 0.0797200 0.1018408 0.1193345 0.1403982 0.0888255 0.0938315 0.0893998 0.0140043 0.0918004 0.0909033 0.0851310 0.0169107 0.0111711 0.0727984 0.0756465 0.0547340 0.1093238 0.0752467 0.0716585 0.1470207 0.0323892 0.0706277 0.1078213 0.0892775 0.0923843 0.0139627 0.0710478 0.0688490 0.0229881 0.1237013 0.0448189 0.0862658 0.0170623 0.0420024 0.0763450 0.0876309 0.0728194 0.0830704 0.0703217 0.0786776 0.0649250 0.0803028 0.0839358 0.0629966 
S0407sl    0.1278907 0.0967764 0.0402820 0.1045249 0.1178246 0.1359884 0.0464687 0.1166082 0.1249239 0.0967204 0.0387678 0.1363517 0.1483568 0.0371436 0.1446622 0.0491700 0.1497364 0.1277490 0.1500251 0.1241380 0.1094994 0.0000000 0.1022894 0.0406378 0.0929242 0.1439411 0.1241446 0.1338377 0.1475980 0.1137751 0.0470085 0.1187398 0.1185741 0.0370850 0.0637247 0.0773266 0.1263147 0.1212473 0.0917193 0.1274369 0.1552166 0.1137887 0.1194775 0.1139983 0.1368615 0.1005362 0.1221839 0.0965139 0.0965004 0.1694599 0.0923628 0.0576728 0.1433666 0.0565734 0.0849487 0.1131692 0.1085872 0.1679490 0.1386693 0.1209091 0.1312955 0.1023105 0.1672920 0.1216952 0.1820328 0.1695015 0.1513726 0.1003134 0.1505905 0.0837857 0.1386857 0.1488654 0.1422102 0.1118048 0.1681251 0.1262817 0.1327715 0.1165203 0.0335737 0.0596614 0.0627611 0.1462909 0.0475480 0.0560780 0.1035068 0.1409605 0.1234929 0.1222783 0.1237354 0.1358922 0.1351279 0.1309173 0.1228133 0.1405680 0.1280040 0.1287384 0.0793118 0.1162770 0.1074291 0.0740879 0.1133981 0.0971365 0.0403294 0.1129524 0.0873701 0.1262050 0.1221195 0.1189173 0.1304737 0.0635505 0.1153321 0.0708553 0.1060485 0.1128454 0.1324387 0.1204506 0.0626865 0.1398847 0.1098684 0.1063163 0.0991193 0.1356405 0.1586037 0.1049337 
S0412sl    0.0566861 0.0572896 0.1028591 0.0522765 0.0511544 0.0719344 0.1190778 0.0608003 0.0645532 0.0296754 0.1074292 0.0925273 0.0973080 0.0926533 0.0928218 0.0972580 0.0669219 0.0585281 0.0904728 0.0553777 0.0555289 0.1022894 0.0000000 0.0917120 0.0481122 0.0783086 0.0745279 0.0937295 0.0613301 0.0766391 0.1176974 0.0448593 0.0514581 0.0988952 0.0698734 0.0659479 0.0516127 0.0541970 0.0583389 0.0776863 0.1280077 0.0255026 0.0705900 0.0542576 0.0861726 0.0583730 0.0545836 0.0513265 0.0547028 0.1162918 0.0548978 0.0749587 0.0894982 0.0619901 0.0922833 0.0590951 0.0799492 0.1122958 0.0795995 0.0731160 0.0859883 0.0485038 0.1010638 0.0637662 0.1135722 0.1132479 0.1073627 0.0546447 0.1188578 0.0218992 0.0708274 0.0854025 0.0688973 0.0501876 0.1275668 0.0579244 0.0580896 0.0757535 0.1024141 0.0617241 0.0649304 0.0774664 0.1019758 0.1180414 0.0843831 0.0895537 0.0741456 0.0546353 0.0693301 0.0741063 0.0606866 0.0615184 0.0548429 0.0616404 0.0608304 0.0501522 0.0809220 0.0542862 0.0535280 0.1195463 0.0383090 0.0516456 0.1024214 0.0660445 0.0757854 0.0578804 0.0674551 0.0476616 0.0613351 0.1106560 0.0605787 0.0774184 0.0512678 0.0382072 0.0672116 0.0830033 0.0583276 0.0853668 0.0560028 0.0662783 0.0541869 0.0580616 0.0939266 0.0585874 
S0417      0.1128954 0.0901711 0.0313455 0.0980697 0.1109430 0.1200111 0.0467883 0.1235756 0.1270909 0.0860604 0.0456027 0.1252373 0.1372946 0.0378391 0.1334137 0.0310247 0.1474323 0.1196152 0.1353772 0.1170803 0.1046138 0.0406378 0.0917120 0.0000000 0.0865826 0.1251043 0.1132237 0.1277437 0.1349810 0.1109610 0.0416736 0.1118039 0.1116506 0.0284422 0.0505652 0.0636630 0.1151945 0.1143544 0.0854515 0.1165137 0.1483046 0.1029836 0.1086834 0.1071497 0.1262031 0.0980491 0.1152392 0.0901509 0.0901376 0.1580191 0.0860552 0.0550797 0.1287611 0.0437907 0.0709081 0.1065995 0.1164641 0.1567504 0.1311579 0.1142909 0.1245059 0.0919412 0.1520279 0.1111797 0.1754483 0.1672596 0.1359169 0.0939141 0.1482667 0.0725496 0.1363485 0.1340452 0.1410841 0.1060940 0.1658766 0.1192906 0.1216494 0.1099447 0.0283251 0.0467968 0.0498137 0.1302657 0.0447234 0.0502827 0.1121597 0.1251723 0.1126275 0.1153452 0.1098133 0.1325761 0.1342479 0.1238542 0.1158332 0.1205509 0.1225392 0.1176978 0.0688857 0.1232060 0.1139858 0.0608778 0.1026306 0.0907350 0.0342921 0.1063976 0.0772110 0.1192152 0.1172095 0.1123934 0.1234356 0.0571568 0.1086955 0.0573653 0.1033265 0.1021289 0.1257403 0.1234797 0.0497564 0.1331697 0.1032980 0.0985987 0.0927946 0.1250551 0.1390619 0.0984527 
S0419      0.0607529 0.0085849 0.0938163 0.0316260 0.0625311 0.0748187 0.1129416 0.0574737 0.0791279 0.0364089 0.0974632 0.0834377 0.0740509 0.0835373 0.0791653 0.0881896 0.0773159 0.0590188 0.0751224 0.0595463 0.0597093 0.0929242 0.0481122 0.0865826 0.0000000 0.0707699 0.0661043 0.0817934 0.0752324 0.0614129 0.1074646 0.0620858 0.0554889 0.0896321 0.0692892 0.0793850 0.0651425 0.0687923 0.0314012 0.0691822 0.1166208 0.0508072 0.0623550 0.0583224 0.0714202 0.0110286 0.0586777 0.0027027 0.0054380 0.1035926 0.0283676 0.0743129 0.0763385 0.0614881 0.0882225 0.0478532 0.0787322 0.1038019 0.0723234 0.0476334 0.0801942 0.0319034 0.0913980 0.0425530 0.1154698 0.1007830 0.1008529 0.0054319 0.1151925 0.0249760 0.0695097 0.0764163 0.0842907 0.0601659 0.1235900 0.0621001 0.0686343 0.0543165 0.0930356 0.0612263 0.0644036 0.0762943 0.0848509 0.1121556 0.0617292 0.0881698 0.0657724 0.0587337 0.0576715 0.0600330 0.0667924 0.0657961 0.0589610 0.0837085 0.0639852 0.0545974 0.0834023 0.0507833 0.0539935 0.1133049 0.0482893 0.0082370 0.0930490 0.0412443 0.0751506 0.0620527 0.0640670 0.0435780 0.0655956 0.1052507 0.0542226 0.0732839 0.0552802 0.0447518 0.0571753 0.0752034 0.0578613 0.0674331 0.0448757 0.0512714 0.0405897 0.0565823 0.0858797 0.0383460 
S0427      0.0768549 0.0662931 0.1447369 0.0808969 0.0827842 0.0889558 0.1577376 0.0837271 0.0777683 0.0666334 0.1432988 0.1083238 0.1064346 0.1340576 0.1086663 0.1304937 0.0963168 0.0695960 0.0256518 0.0798072 0.0800188 0.1439411 0.0783086 0.1251043 0.0707699 0.0000000 0.0901427 0.0952567 0.1129428 0.1000704 0.1537362 0.0787340 0.0753477 0.1403955 0.1088242 0.1197068 0.0853259 0.0891634 0.0876768 0.0932662 0.1424040 0.0770626 0.0860797 0.0781511 0.0871240 0.0817562 0.0786279 0.0741447 0.0777486 0.1189855 0.0706840 0.1151116 0.1027786 0.0997072 0.1334983 0.0741234 0.1045849 0.1285522 0.0924894 0.0932844 0.1189083 0.0678509 0.1182599 0.0780965 0.1233978 0.1263425 0.1336230 0.0776721 0.1456471 0.0520614 0.0846934 0.1021213 0.1093905 0.0947291 0.1549408 0.0822159 0.0856196 0.0647330 0.1441170 0.0992938 0.0957029 0.1017560 0.1391015 0.1493652 0.1077346 0.1054118 0.0896882 0.0719864 0.0888095 0.0851789 0.0978078 0.0861538 0.0790107 0.0965356 0.0807508 0.0704338 0.1308661 0.0883725 0.0799480 0.1724941 0.0611185 0.0816989 0.1440816 0.0859141 0.1241922 0.0821572 0.0923418 0.0666473 0.0790647 0.1453515 0.0769963 0.1061529 0.0781594 0.0638128 0.0884871 0.1119404 0.0955796 0.0902820 0.0746616 0.0866963 0.0692554 0.0738678 0.0475099 0.0674550 
S0430      0.0895209 0.0766849 0.1297082 0.0769975 0.0971421 0.0173106 0.1467720 0.0881051 0.1096700 0.0687517 0.1306185 0.0196333 0.0573593 0.1141739 0.0196854 0.1104166 0.1072538 0.0978020 0.0950108 0.0940655 0.0898672 0.1241446 0.0745279 0.1132237 0.0661043 0.0901427 0.0000000 0.0944740 0.1202846 0.0626241 0.1367585 0.0892596 0.0891463 0.1125723 0.0857626 0.0924734 0.0883530 0.0965781 0.0727932 0.0027083 0.1321305 0.0772603 0.0027274 0.0920309 0.0981671 0.0772212 0.0926117 0.0695322 0.0731810 0.1254314 0.0691464 0.0914511 0.0575657 0.0734812 0.1002816 0.0724401 0.0129105 0.1300231 0.1041721 0.0960295 0.1009498 0.0590186 0.0714986 0.0460074 0.1471372 0.1314412 0.1159420 0.0731055 0.1388126 0.0429409 0.1085075 0.0649788 0.1217152 0.0875028 0.1479943 0.0964524 0.0946553 0.0836544 0.1201173 0.0731637 0.0764841 0.0228746 0.1244147 0.1372381 0.0768406 0.0258182 0.0000022 0.0855775 0.0472154 0.1024549 0.0981992 0.1007123 0.0930824 0.0996453 0.0947000 0.0912462 0.1102216 0.0920780 0.0841065 0.1561201 0.0698341 0.0699795 0.1242862 0.0884396 0.0966864 0.0963849 0.0925497 0.0826238 0.0931457 0.1217743 0.0906349 0.0938280 0.0805405 0.0766248 0.0952916 0.1086421 0.0696090 0.0857653 0.0693127 0.0807055 0.0573500 0.0978291 0.1017699 0.0618382 
S0552sl    0.0917396 0.0857961 0.1481678 0.0967042 0.0980674 0.0974076 0.1525907 0.0754104 0.1018765 0.0821035 0.1315613 0.1056850 0.1142778 0.1322743 0.1133106 0.1206138 0.1138466 0.0848240 0.0862667 0.0987274 0.0989825 0.1338377 0.0937295 0.1277437 0.0817934 0.0952567 0.0944740 0.0000000 0.1217621 0.0905554 0.1560321 0.0939398 0.0938209 0.1386869 0.1028679 0.0949408 0.1080430 0.0904927 0.0850379 0.0976298 0.1525053 0.0999441 0.0903227 0.0966341 0.0345221 0.0932479 0.0972308 0.0785053 0.0890334 0.0772760 0.0780527 0.1090401 0.0986766 0.0832418 0.1150203 0.0893728 0.1014661 0.0603444 0.0480131 0.0910927 0.1123119 0.0791798 0.1066462 0.0779586 0.0805564 0.0738921 0.1265297 0.0821124 0.1222569 0.0217934 0.1129641 0.0985433 0.1222326 0.1030501 0.1303529 0.1010244 0.1072151 0.0861869 0.1424456 0.0828877 0.0862347 0.1145410 0.1422105 0.1485401 0.0979277 0.1065816 0.0939928 0.0936988 0.0855770 0.0992848 0.0887001 0.1052449 0.0874644 0.1086707 0.0892821 0.0814040 0.1172244 0.0890285 0.0713708 0.1543150 0.0890959 0.0862478 0.1389530 0.0910927 0.1063813 0.1009566 0.0965722 0.0908142 0.1012196 0.1316439 0.0946452 0.1074648 0.0934565 0.0917457 0.1037662 0.1092010 0.0861239 0.0464034 0.0862012 0.1020423 0.0736857 0.0990098 0.1029816 0.0742219 
S0558      0.0816579 0.0830651 0.1399421 0.0940915 0.0764154 0.1185833 0.1764592 0.0933986 0.0876949 0.0501323 0.1474382 0.1401764 0.1419643 0.1219474 0.1308438 0.1459415 0.1016062 0.0815836 0.1193489 0.0734187 0.0699319 0.1475980 0.0613301 0.1349810 0.0752324 0.1129428 0.1202846 0.1217621 0.0000000 0.1231841 0.1660705 0.0686145 0.0690637 0.1399049 0.1157640 0.1063420 0.0800966 0.0827909 0.0889153 0.1235697 0.1376934 0.0670176 0.1156718 0.0718918 0.1025201 0.0721209 0.0723325 0.0719670 0.0752324 0.1284531 0.0895435 0.1180834 0.1315056 0.1021758 0.1270325 0.1028942 0.1210348 0.1295431 0.1075182 0.1110968 0.1059955 0.0757825 0.1370891 0.0898961 0.1200401 0.1189093 0.1338540 0.0755238 0.1382269 0.0384875 0.1124686 0.1281985 0.0799448 0.0773039 0.1475720 0.0688233 0.0719370 0.0912717 0.1477820 0.1017300 0.1052034 0.1231535 0.1532155 0.1752621 0.1157215 0.1205943 0.1196540 0.0724005 0.1088219 0.0976579 0.0850265 0.0726048 0.0659784 0.0905696 0.0823247 0.0679114 0.1284783 0.0862454 0.0925835 0.1806141 0.0608941 0.0795763 0.1523434 0.1032345 0.1096425 0.0691074 0.0962881 0.0813949 0.0795213 0.1634282 0.0718330 0.1206167 0.0618832 0.0684618 0.0892514 0.1097899 0.0979205 0.0983642 0.0996022 0.0749723 0.0792691 0.0931622 0.0997149 0.0915839 
S0616      0.0960991 0.0714598 0.1229029 0.0790535 0.0879667 0.0711902 0.1353968 0.0906036 0.1033693 0.0713130 0.1160760 0.0798300 0.0809838 0.1078314 0.0800760 0.1049969 0.1089655 0.0924573 0.0979699 0.0849410 0.0851680 0.1137751 0.0766391 0.1109610 0.0614129 0.1000704 0.0626241 0.0905554 0.1231841 0.0000000 0.1339262 0.0803960 0.0802977 0.1062412 0.0840987 0.0837140 0.0944298 0.0874635 0.0686842 0.0656940 0.1345093 0.0793209 0.0589222 0.0831439 0.1041505 0.0721630 0.0836598 0.0647417 0.0682726 0.1372828 0.0717304 0.0896342 0.0799766 0.0690309 0.0955960 0.0789024 0.0792943 0.1266634 0.1102736 0.0978774 0.1084154 0.0653789 0.0913099 0.0525646 0.1439306 0.1290023 0.1229699 0.0682024 0.1419559 0.0426600 0.1065186 0.0835850 0.1119211 0.0894341 0.1511605 0.0873535 0.0864155 0.0856258 0.1177212 0.0687353 0.0719899 0.0809503 0.1095414 0.1307569 0.0250537 0.0771406 0.0623102 0.0768480 0.0643297 0.0966465 0.1042793 0.0914237 0.0840754 0.1070237 0.1014274 0.0895895 0.1080069 0.0830222 0.0866142 0.1363658 0.0759734 0.0651493 0.1103520 0.0903747 0.0877476 0.0872913 0.0976700 0.0845864 0.0841321 0.1106434 0.0852304 0.0919833 0.0721120 0.0786785 0.1007580 0.1062620 0.0652650 0.0995534 0.0757705 0.0911899 0.0595497 0.0996284 0.1131244 0.0681693 
S0624      0.1403524 0.1121332 0.0507922 0.1198733 0.1386014 0.1495758 0.0599880 0.1413936 0.1319888 0.1072195 0.0524670 0.1496192 0.1665275 0.0409768 0.1583806 0.0442198 0.1494120 0.1354701 0.1503785 0.1457416 0.1218788 0.0470085 0.1176974 0.0416736 0.1074646 0.1537362 0.1367585 0.1560321 0.1660705 0.1339262 0.0000000 0.1397272 0.1395146 0.0380170 0.0684419 0.0824540 0.1353918 0.1422068 0.1101152 0.1401667 0.1740836 0.1299323 0.1317800 0.1345085 0.1502211 0.1155924 0.1433453 0.1112693 0.1112544 0.1714798 0.1109131 0.0657156 0.1615289 0.0610345 0.0903442 0.1291994 0.1088361 0.1831619 0.1522726 0.1374172 0.1487295 0.1177195 0.1826847 0.1328052 0.1871885 0.1828057 0.1700217 0.1153311 0.1784508 0.0944878 0.1511086 0.1631488 0.1602056 0.1309956 0.1929820 0.1477633 0.1420583 0.1202421 0.0285018 0.0642036 0.0608999 0.1602111 0.0586758 0.0671770 0.1309140 0.1545190 0.1360182 0.1434769 0.1402941 0.1567933 0.1523799 0.1528234 0.1441148 0.1541003 0.1370186 0.1457449 0.0737410 0.1409319 0.1311481 0.0828581 0.1294716 0.1027449 0.0537851 0.1289342 0.0927714 0.1476815 0.1174659 0.1180342 0.1419823 0.0618642 0.1313071 0.0758139 0.1259220 0.1288211 0.1496911 0.1178063 0.0673011 0.1453380 0.1257464 0.1254466 0.1065846 0.1350584 0.1713163 0.1203634 
