125
PAFTOL_019361 0.0000000 0.1857727 0.1768913 0.2663101 0.2124762 0.2689125 0.2459138 0.2458829 0.1776550 0.2918055 0.2616620 0.2506795 0.2476171 0.2186888 0.2231760 0.1700622 0.2469301 0.2440914 0.2528028 0.2333792 0.2187227 0.1970986 0.1842773 0.2546446 0.2372302 0.2561610 0.2321277 0.2039095 0.2201900 0.2704488 0.2391929 0.2276759 0.2401695 0.2342686 0.2094592 0.2531191 0.1902360 0.2786042 0.1953495 0.2601892 0.2294298 0.2116426 0.2569662 0.2146862 0.2353058 0.1695801 0.2722814 0.1695801 0.2449007 0.2126450 0.2453729 0.2502163 0.2359039 0.1952961 0.2128672 0.2425542 0.1751182 0.2478091 0.1961085 0.1839515 0.2367219 0.2337334 0.2183483 0.2502601 0.2526312 0.2141845 0.2009226 0.2272802 0.2294298 0.2108439 0.2109806 0.2517524 0.2430121 0.2096618 0.2077233 0.2308489 0.2681299 0.2393320 0.1832333 0.2234427 0.2444265 0.2359039 0.2546599 0.2076490 0.2692656 0.2911074 0.2349349 0.2393723 0.2373326 0.2529954 0.2220336 0.2018031 0.2263292 0.4826410 0.6947650 0.1820088 0.2333558 0.2534752 0.2282941 0.1841973 0.2480891 0.2554824 0.1768913 0.2234850 0.2435666 0.2729941 0.2556582 0.1826481 0.2126859 0.2161538 0.2325803 0.2261857 0.2347364 0.2099018 0.2179403 0.2193510 0.2233563 0.2511328 0.2230246 0.1799666 0.2651164 0.2091547 0.2069264 0.2599376 0.2029853 
S0055         0.1857727 0.0000000 0.0337481 0.0925459 0.0724457 0.0732379 0.0774879 0.0989305 0.0454127 0.0858987 0.0881844 0.0795914 0.0719048 0.0929244 0.0905261 0.0510267 0.0805765 0.0628785 0.0623497 0.0977467 0.0390922 0.0728835 0.0388258 0.0943280 0.0724441 0.0706140 0.1072118 0.0657538 0.0838527 0.0905362 0.0790618 0.0655394 0.0617303 0.0854563 0.0742420 0.1111130 0.0452440 0.0771090 0.0631351 0.0642099 0.0860535 0.0383165 0.0708069 0.0791581 0.0604491 0.0287382 0.0739616 0.0287382 0.0904380 0.0669752 0.0962047 0.0611088 0.0986273 0.0546429 0.0728711 0.0588722 0.0606622 0.0855650 0.0713329 0.0598054 0.0496942 0.0724659 0.0937267 0.0833360 0.0552268 0.0445153 0.0828161 0.0881327 0.0860535 0.0869036 0.0897879 0.0781957 0.0496867 0.0289144 0.0913264 0.1006499 0.0790000 0.0661662 0.0614774 0.0911800 0.1048213 0.0986273 0.0703039 0.0795596 0.0946571 0.1131674 0.0589321 0.0597768 0.0555527 0.0729406 0.0648004 0.0616601 0.0516488 0.0732605 0.1642152 0.0672169 0.0665870 0.1251831 0.0739870 0.0451917 0.0733383 0.0793753 0.0337481 0.0663606 0.1264280 0.0797880 0.0852126 0.0548085 0.0674915 0.0547818 0.0900565 0.0497207 0.0983542 0.0550647 0.0560703 0.1067838 0.0751732 0.1104453 0.0499975 0.0440966 0.1168711 0.0488706 0.0624409 0.0744106 0.0599886 
S0196sl       0.1768913 0.0337481 0.0000000 0.0860759 0.0551019 0.0739348 0.0892646 0.0797031 0.0511006 0.0867387 0.0951255 0.0674062 0.0766125 0.0688331 0.0721324 0.0450629 0.0742256 0.0634759 0.0629370 0.0922697 0.0445203 0.0554291 0.0137921 0.0819781 0.0729463 0.0820023 0.0882092 0.0717084 0.0659565 0.0953083 0.0611990 0.0604492 0.0623059 0.0730669 0.0676100 0.0913040 0.0292060 0.0845867 0.0567610 0.0752584 0.1050373 0.0436248 0.0822281 0.0620532 0.0553618 0.0045390 0.0746720 0.0045390 0.0834906 0.0663740 0.0775800 0.0549359 0.0794637 0.0385101 0.0554189 0.0697645 0.0665521 0.0984785 0.0774017 0.0790688 0.0497028 0.0551258 0.1134031 0.0766549 0.0663237 0.0492046 0.0947126 0.1001316 0.1050373 0.1061018 0.0963230 0.0844967 0.0605844 0.0291395 0.0858426 0.1207949 0.0797563 0.0610270 0.0446392 0.0726459 0.0853395 0.0794637 0.0816357 0.0615804 0.0753141 0.1178504 0.0698354 0.0708521 0.0560607 0.0664015 0.0648094 0.0676605 0.0519481 0.0732605 0.1642152 0.0733258 0.0671498 0.1044781 0.0897722 0.0563077 0.0722737 0.0740321 0.0091356 0.0494353 0.1054729 0.0805604 0.0669846 0.0605390 0.0611225 0.0497541 0.0786148 0.0447026 0.0910735 0.0500098 0.0394848 0.1078777 0.0684458 0.0907833 0.0667222 0.0284925 0.1033316 0.0331636 0.0561491 0.0621076 0.0435963 
S0278         0.2663101 0.0925459 0.0860759 0.0000000 0.1221953 0.1082618 0.1119044 0.0545485 0.1011230 0.1097625 0.1400566 0.0525007 0.1248173 0.0531051 0.0589282 0.1156564 0.1246613 0.1014712 0.0998946 0.0608567 0.1008500 0.0473395 0.0924968 0.1420396 0.0600354 0.1333967 0.0895888 0.1264598 0.1117911 0.1345178 0.0532214 0.0654174 0.1008856 0.0527744 0.0710120 0.0718613 0.0787415 0.1088005 0.0753184 0.0975144 0.1355332 0.0919388 0.1338148 0.1423669 0.0919414 0.0797450 0.1094891 0.0797450 0.1188843 0.0775696 0.0584449 0.1281659 0.0660386 0.1057443 0.0362720 0.0973024 0.1277688 0.1186456 0.1335734 0.1223747 0.0846737 0.1074909 0.1310043 0.1264705 0.1208475 0.1128093 0.1335978 0.1491313 0.1355332 0.1370585 0.1329032 0.1015483 0.1134688 0.0660949 0.1531907 0.1550238 0.1079448 0.0974575 0.0951729 0.0534276 0.0660386 0.0660386 0.1326902 0.0711941 0.0597233 0.1468768 0.1175483 0.1195685 0.0998135 0.1353095 0.1387345 0.1258939 0.0816591 0.0732605 0.1642152 0.1298159 0.0978150 0.0829833 0.1149080 0.1015481 0.0648276 0.0869224 0.0860759 0.0999411 0.0784598 0.1082780 0.1233790 0.1054294 0.1075020 0.0914050 0.0601206 0.0855742 0.0881019 0.0910523 0.0853350 0.1768319 0.1248189 0.0589868 0.1058441 0.0925560 0.1511411 0.0851400 0.1018326 0.1022387 0.1124098 
S0281         0.2124762 0.0724457 0.0551019 0.1221953 0.0000000 0.1196504 0.1227211 0.1115562 0.0935724 0.1250248 0.1423608 0.1117717 0.1208368 0.1276712 0.1165332 0.0861804 0.1071010 0.1085133 0.1074911 0.1343299 0.0850790 0.0975818 0.0605190 0.1208474 0.1100988 0.1142003 0.1028613 0.1090492 0.0950418 0.1217411 0.0984866 0.1029242 0.1063281 0.1181376 0.1121130 0.1391262 0.0680057 0.1296973 0.0866192 0.1063581 0.1413157 0.0832252 0.1145262 0.0991857 0.0974603 0.0497571 0.1209328 0.0497571 0.1025360 0.0963266 0.1225182 0.1024564 0.1257433 0.0604972 0.0975674 0.1123989 0.1035812 0.1250169 0.1153784 0.1132859 0.0668111 0.0969920 0.1511880 0.1018764 0.1098143 0.0898388 0.1201106 0.1257506 0.1413157 0.1428325 0.1221887 0.1247640 0.1032062 0.0678177 0.1469609 0.1595986 0.1262264 0.1039817 0.0727534 0.1047314 0.1323794 0.1257433 0.1136572 0.1050079 0.1157246 0.1578142 0.1004350 0.1019869 0.0987723 0.1138371 0.1184239 0.1054036 0.0952461 0.0732605 0.1642152 0.0993926 0.0968423 0.1244148 0.1285690 0.0992303 0.1167757 0.1198069 0.0551019 0.0903022 0.1560813 0.1275883 0.1109997 0.0966225 0.1041509 0.0909236 0.1243065 0.0798305 0.1253626 0.0914470 0.0795703 0.1666290 0.1135655 0.1382343 0.0968717 0.0552306 0.1328172 0.0710933 0.0989311 0.0987523 0.0831677 
S0282         0.2689125 0.0732379 0.0739348 0.1082618 0.1196504 0.0000000 0.1169683 0.1376677 0.0813057 0.0092016 0.1021272 0.1091501 0.1117087 0.1106089 0.1139726 0.0811258 0.1147165 0.0045920 0.0451152 0.1247675 0.0865915 0.1073113 0.0797695 0.1247311 0.1379033 0.1017072 0.1595575 0.1188383 0.1039543 0.1216582 0.1014795 0.0613257 0.0395462 0.1155861 0.1219856 0.1409125 0.0805477 0.0209492 0.1020704 0.1017418 0.1599047 0.0785474 0.1099383 0.1144189 0.0445193 0.0681790 0.0091897 0.0681790 0.1326352 0.1196506 0.1265047 0.0909910 0.1344436 0.0783621 0.0945644 0.0957051 0.1199947 0.1519714 0.1254786 0.1166213 0.0512733 0.1066331 0.1707285 0.1454216 0.0787051 0.1049681 0.1529999 0.1590967 0.1599047 0.1616885 0.1417413 0.1192463 0.0714336 0.0746054 0.1414088 0.1796593 0.0137538 0.0608364 0.1071105 0.1148332 0.1412808 0.1344436 0.1216686 0.1287086 0.1094204 0.1429685 0.1079895 0.1035058 0.0339888 0.1040604 0.1198857 0.1067615 0.0094196 0.0732605 0.1642152 0.1131182 0.0999906 0.1349872 0.1063458 0.0938793 0.1012118 0.0614503 0.0739348 0.0995367 0.1581488 0.0138729 0.1215250 0.0978276 0.1053400 0.0391272 0.1066188 0.0341731 0.1396404 0.0507264 0.0943805 0.1607514 0.1080977 0.1504391 0.1135319 0.0669561 0.1337235 0.0792243 0.1000641 0.1087435 0.0841329 
S0288         0.2459138 0.0774879 0.0892646 0.1119044 0.1227211 0.1169683 0.0000000 0.1092805 0.0982839 0.1184653 0.1211251 0.1032156 0.0670799 0.1049018 0.1270638 0.0980769 0.1136826 0.1060805 0.1186486 0.1376238 0.0902160 0.1015731 0.0951547 0.1029553 0.0957167 0.0344180 0.1152105 0.1098599 0.1222512 0.0746840 0.1025024 0.0839690 0.1047263 0.1159756 0.0678934 0.1092240 0.0979151 0.1137977 0.0752188 0.0289154 0.1181867 0.0656824 0.0243277 0.1119255 0.0847004 0.0834503 0.1181929 0.0834503 0.0920431 0.0839903 0.0722212 0.0785594 0.0969607 0.1136959 0.1015588 0.0389649 0.1169537 0.1414447 0.1162376 0.1142301 0.0921993 0.1226997 0.1196784 0.1091317 0.0668663 0.0617190 0.1282736 0.1424170 0.1181867 0.1194050 0.1220494 0.1172475 0.0610783 0.0844650 0.1360025 0.1346605 0.1103283 0.0842401 0.1231537 0.1086844 0.0909272 0.0969607 0.0191260 0.0789044 0.1259782 0.0847630 0.0141761 0.0143040 0.0975605 0.0793092 0.1173547 0.0992207 0.0858685 0.0732605 0.1642152 0.1089618 0.1102531 0.1049813 0.1278489 0.1101055 0.1087772 0.0803022 0.0834503 0.1154339 0.1242310 0.1246757 0.1308792 0.0943744 0.1161126 0.0900674 0.1227959 0.0909350 0.0975362 0.0905800 0.0902886 0.1558684 0.1260190 0.1034155 0.0980928 0.1014289 0.1057142 0.0551247 0.1108923 0.0817126 0.1075221 
S0289         0.2458829 0.0989305 0.0797031 0.0545485 0.1115562 0.1376677 0.1092805 0.0000000 0.1086652 0.1395544 0.1614258 0.0608089 0.1219649 0.0621106 0.0540357 0.1019970 0.1245509 0.1260468 0.1388048 0.0607524 0.1003571 0.0493122 0.0856109 0.1181238 0.0667718 0.1241157 0.0776534 0.1401710 0.1252539 0.1384758 0.0548463 0.0932784 0.1299490 0.0609632 0.0554113 0.0724887 0.0945513 0.1435855 0.0812749 0.1157670 0.1417569 0.0980641 0.1307579 0.1292870 0.1267782 0.0738754 0.1392111 0.0738754 0.1328021 0.0908266 0.0543611 0.1188128 0.0613015 0.1041898 0.0388977 0.1030069 0.1254419 0.1677668 0.1471634 0.1489844 0.1054347 0.1061847 0.1361305 0.1295887 0.1197623 0.0980550 0.1443968 0.1593839 0.1417569 0.1432844 0.1455127 0.1291341 0.1128013 0.0878562 0.1558104 0.1601374 0.1299309 0.1136728 0.0812861 0.0550449 0.0668548 0.0613015 0.1367400 0.0497229 0.0738278 0.1723670 0.1223085 0.1242971 0.1214672 0.1333379 0.1295255 0.1228262 0.1024952 0.0732605 0.1642152 0.1265310 0.1285274 0.0786989 0.1509095 0.1145555 0.0713181 0.1034349 0.0736556 0.0991205 0.0855420 0.1463175 0.1210081 0.1165294 0.1207300 0.1194590 0.0789914 0.1136530 0.0607640 0.1202068 0.0859746 0.1647853 0.1312159 0.0662835 0.1413227 0.0918812 0.1461136 0.0788998 0.1153150 0.0967664 0.1104036 
S0292         0.1776550 0.0454127 0.0511006 0.1011230 0.0935724 0.0813057 0.0982839 0.1086652 0.0000000 0.0946448 0.1170092 0.0945225 0.0928367 0.1034519 0.0999326 0.0247200 0.0894433 0.0705905 0.0824599 0.1073139 0.0682988 0.0811023 0.0456770 0.1107586 0.0914616 0.1048493 0.1250333 0.0608449 0.0863038 0.1123580 0.0935262 0.0803111 0.0765949 0.1013164 0.0885902 0.0998450 0.0518771 0.0721720 0.0774671 0.0971027 0.0938802 0.0796523 0.1051548 0.1022028 0.0808063 0.0456770 0.0821378 0.0456770 0.0912931 0.0808805 0.1052981 0.0675223 0.0936341 0.0680734 0.0810888 0.0851241 0.0612092 0.0866110 0.0664041 0.0610030 0.0511170 0.0935808 0.1019589 0.1180003 0.0742137 0.0680428 0.0977951 0.1039464 0.0938802 0.0948318 0.0789113 0.0559640 0.0681744 0.0639137 0.0393306 0.1095327 0.0813057 0.0737547 0.0561134 0.1003674 0.0998296 0.0936341 0.1043441 0.0941318 0.1027105 0.1245565 0.0911495 0.0925773 0.0756379 0.0797341 0.0359004 0.0242239 0.0585361 0.0732605 0.1642152 0.0189699 0.1016675 0.1207505 0.0409669 0.0000025 0.0936698 0.0757300 0.0511006 0.0867998 0.1147680 0.0882316 0.1077876 0.0291769 0.0509939 0.0745044 0.1082354 0.0690801 0.1066632 0.0749245 0.0633340 0.0745472 0.0520713 0.1141306 0.0682026 0.0567822 0.1295340 0.0673621 0.0346576 0.0899685 0.0737931 
S0293         0.2918055 0.0858987 0.0867387 0.1097625 0.1250248 0.0092016 0.1184653 0.1395544 0.0946448 0.0000000 0.1158785 0.1105949 0.1262342 0.1120916 0.1154678 0.0944270 0.1162327 0.0141043 0.0565535 0.1264708 0.0876729 0.1087069 0.0928096 0.1263549 0.1400848 0.1153682 0.1617010 0.1337449 0.1179866 0.1363045 0.1027989 0.0620492 0.0506838 0.1171231 0.1236151 0.1428065 0.0937408 0.0322735 0.1034054 0.1154165 0.1691755 0.0794952 0.1241856 0.1293913 0.0557889 0.0807488 0.0188171 0.0807488 0.1481939 0.1212184 0.1281750 0.0979713 0.1362446 0.0849659 0.0957778 0.1091342 0.1350835 0.1688760 0.1406701 0.1327692 0.0684138 0.1210995 0.1650398 0.1614328 0.0915452 0.1191693 0.1694190 0.1756875 0.1691755 0.1710923 0.1579035 0.1208026 0.0837338 0.0875367 0.1575278 0.1896837 0.0234657 0.0727930 0.1216615 0.1163497 0.1431836 0.1362446 0.1362941 0.1304351 0.1108735 0.1586428 0.1219298 0.1174666 0.0447894 0.1027877 0.1357172 0.1081430 0.0192985 0.0732605 0.1642152 0.1278699 0.1141471 0.1368031 0.1157438 0.1077985 0.1025248 0.0621760 0.0867387 0.1136116 0.1603399 0.0236739 0.1368442 0.1116154 0.1195971 0.0501329 0.1079974 0.0450410 0.1414996 0.0624487 0.1083775 0.1782000 0.1228103 0.1525032 0.1283750 0.0792597 0.1355887 0.0801894 0.1142303 0.1022591 0.0971243 
S0294         0.2616620 0.0881844 0.0951255 0.1400566 0.1423608 0.1021272 0.1211251 0.1614258 0.1170092 0.1158785 0.0000000 0.1294461 0.1402038 0.1405878 0.1503215 0.0982799 0.1381274 0.0976251 0.1222099 0.1773414 0.1062651 0.1432385 0.1010909 0.1608645 0.1316458 0.1314936 0.1829077 0.1422139 0.1421534 0.1631584 0.1373242 0.1200017 0.1209140 0.1229013 0.1389928 0.1675373 0.1040449 0.1171257 0.1132267 0.1110334 0.1703606 0.0878825 0.1449090 0.1241999 0.0958769 0.0892355 0.1157069 0.0892355 0.1492610 0.1205991 0.1296508 0.1341298 0.1533770 0.1132448 0.1298422 0.1170610 0.1364438 0.1801757 0.1489203 0.1261792 0.0504029 0.1036128 0.1968888 0.1341544 0.1265583 0.1075445 0.1841049 0.1758931 0.1853436 0.1874012 0.1873816 0.1577118 0.1197800 0.0767697 0.1581831 0.2063243 0.1207980 0.1272383 0.1211444 0.1514278 0.1603960 0.1533770 0.1242097 0.1519595 0.1644708 0.1679255 0.1172652 0.1190901 0.1132302 0.1561356 0.1365033 0.1296436 0.0985981 0.0732605 0.1642152 0.1427765 0.1017344 0.1921009 0.1179580 0.1152479 0.1370775 0.1374547 0.0951255 0.0967561 0.1860109 0.1159536 0.1112351 0.1348148 0.1163763 0.1135482 0.1359316 0.1080275 0.1594517 0.0961330 0.1165796 0.1636946 0.1131307 0.1742501 0.1229596 0.1010237 0.1616721 0.1003945 0.1031880 0.1242884 0.1070941 
S0299         0.2506795 0.0795914 0.0674062 0.0525007 0.1117717 0.1091501 0.1032156 0.0608089 0.0945225 0.1105949 0.1294461 0.0000000 0.1081667 0.0398513 0.0595975 0.1005653 0.1159539 0.0978787 0.1163715 0.0724102 0.0812192 0.0385280 0.0730947 0.1167965 0.0652686 0.1228153 0.0937677 0.1245887 0.1050455 0.1387862 0.0336304 0.0685915 0.1020859 0.0487616 0.0604111 0.0830982 0.0813369 0.1096506 0.0814040 0.1021730 0.1329107 0.0850399 0.1231729 0.1143992 0.0996749 0.0617958 0.1103318 0.0617958 0.1244257 0.0777043 0.0592666 0.1048048 0.0717489 0.0790879 0.0284967 0.0899194 0.1189282 0.1400509 0.1312692 0.1300441 0.0943340 0.0991076 0.1286262 0.1298627 0.1056165 0.0969866 0.1427385 0.1575215 0.1329107 0.1343151 0.1305550 0.1206409 0.0989640 0.0735842 0.1401761 0.1504369 0.1088451 0.0997212 0.0995408 0.0439714 0.0773821 0.0717489 0.1222150 0.0546649 0.0617547 0.1563990 0.1084539 0.1101748 0.1010479 0.1186455 0.1355222 0.1148045 0.0836714 0.1642152 0.2766417 0.1182547 0.1177486 0.0956477 0.1217646 0.0992578 0.0383284 0.0895664 0.0674062 0.0922446 0.0965239 0.1169802 0.1134937 0.1028412 0.1194385 0.0929633 0.0668200 0.0873785 0.0769779 0.0935117 0.0809278 0.1780690 0.1297614 0.0713550 0.1124399 0.0790990 0.1368829 0.0667431 0.1140785 0.0956634 0.0849176 
S0308         0.2476171 0.0719048 0.0766125 0.1248173 0.1208368 0.1117087 0.0670799 0.1219649 0.0928367 0.1262342 0.1402038 0.1081667 0.0000000 0.1109633 0.1126284 0.0914664 0.1233007 0.1072122 0.1058594 0.1358307 0.0962633 0.0944654 0.0822645 0.1257240 0.1143378 0.0718556 0.1363372 0.1082055 0.0960382 0.0787709 0.1009611 0.0958255 0.0865936 0.1141277 0.0900097 0.1344679 0.0907071 0.1141924 0.0925981 0.0653114 0.1121890 0.0825328 0.0720552 0.1046393 0.0966015 0.0710349 0.1128824 0.0710349 0.1024108 0.1020200 0.1063619 0.0726270 0.1215929 0.1000058 0.0944516 0.0388696 0.1027857 0.1188141 0.1021793 0.1063818 0.1007778 0.1208180 0.1343034 0.1133885 0.0732306 0.0390247 0.1086204 0.1204593 0.1252700 0.1265736 0.1101249 0.1297642 0.0672812 0.0904365 0.1383393 0.1422038 0.1053641 0.0967930 0.1087450 0.1135143 0.1152539 0.1215929 0.0646462 0.1016627 0.1178868 0.0775671 0.0599343 0.0608087 0.0915137 0.0728582 0.1237869 0.1240391 0.0821347 0.0732605 0.1642152 0.1236514 0.1361097 0.1356923 0.1299440 0.1046166 0.1007363 0.0994191 0.0766125 0.1136921 0.1506764 0.1193522 0.1197381 0.1080847 0.1032939 0.0901383 0.1142006 0.0847300 0.1212394 0.0964258 0.0845827 0.1573255 0.1255870 0.1208447 0.1069706 0.0882506 0.1049955 0.0759304 0.1105336 0.0988988 0.0940900 
S0320         0.2186888 0.0929244 0.0688331 0.0531051 0.1276712 0.1106089 0.1049018 0.0621106 0.1034519 0.1120916 0.1405878 0.0398513 0.1109633 0.0000000 0.0447247 0.1085448 0.1326495 0.1040166 0.1179436 0.0569393 0.0942555 0.0240862 0.0865835 0.1328043 0.0525493 0.1248611 0.0840333 0.1282893 0.1014243 0.1562711 0.0394830 0.0688002 0.1034340 0.0452861 0.0556793 0.0564163 0.0813682 0.1245228 0.0832697 0.1038259 0.1578887 0.0860955 0.1252301 0.1263169 0.0946859 0.0747057 0.1118212 0.0747057 0.1214364 0.0930305 0.0659933 0.1071541 0.0455370 0.1053989 0.0240659 0.0913583 0.1224688 0.1331496 0.1351905 0.1307891 0.1122441 0.1014058 0.1537219 0.1451429 0.1134245 0.1117633 0.1131480 0.1272203 0.1578887 0.1596309 0.1141206 0.1222334 0.1065628 0.0821335 0.1368820 0.1697399 0.1102961 0.1000268 0.1011237 0.0293239 0.0509374 0.0455370 0.1242411 0.0558124 0.0688402 0.1673153 0.1102185 0.1119947 0.1023688 0.1136183 0.1374392 0.1243450 0.0847632 0.1642152 0.2766417 0.1280690 0.1212106 0.0977132 0.1398523 0.1159433 0.0500558 0.0898469 0.0806042 0.0943540 0.0623387 0.1106247 0.1162046 0.1178965 0.1210003 0.0941491 0.0510983 0.0884938 0.0786432 0.0937980 0.0877982 0.1806714 0.1315180 0.0561216 0.1289372 0.0929341 0.1494296 0.0797819 0.1155752 0.0956990 0.1116916 
S0327         0.2231760 0.0905261 0.0721324 0.0589282 0.1165332 0.1139726 0.1270638 0.0540357 0.0999326 0.1154678 0.1503215 0.0595975 0.1126284 0.0447247 0.0000000 0.0932307 0.1279835 0.1094042 0.1148929 0.0438915 0.0917885 0.0282538 0.0778131 0.1343992 0.0461035 0.1405030 0.0756195 0.1299721 0.1223768 0.1571940 0.0433948 0.0849836 0.1068192 0.0286747 0.0542708 0.0710128 0.0861779 0.1314265 0.0865116 0.1191179 0.1596881 0.0780705 0.1409098 0.1259245 0.1044018 0.0665274 0.1151956 0.0665274 0.1298110 0.1020029 0.0693660 0.1221913 0.0600711 0.0956460 0.0282305 0.1064502 0.1100066 0.1419913 0.1366730 0.1373898 0.1115804 0.1038894 0.1556570 0.1267689 0.1231520 0.1016809 0.1216319 0.1351337 0.1596881 0.1614023 0.1360055 0.1324369 0.1162847 0.0859206 0.1521960 0.1787975 0.1135680 0.1171630 0.0984110 0.0334308 0.0655030 0.0600711 0.1398118 0.0541303 0.0610866 0.1607451 0.1255679 0.1275722 0.1058258 0.1294271 0.1338232 0.1131439 0.0888395 0.0732605 0.1642152 0.1236923 0.1256305 0.0945801 0.1479219 0.1056440 0.0485659 0.0944285 0.0721324 0.0970080 0.0837448 0.1218199 0.1183131 0.1139999 0.1180496 0.0976841 0.0496446 0.0921398 0.0762008 0.1108006 0.0918985 0.1686705 0.1282001 0.0706383 0.1309921 0.0838212 0.1491967 0.0714266 0.1127459 0.1133732 0.1016187 
S0335         0.1700622 0.0510267 0.0450629 0.1156564 0.0861804 0.0811258 0.0980769 0.1019970 0.0247200 0.0944270 0.0982799 0.1005653 0.0914664 0.1085448 0.0932307 0.0000000 0.0955509 0.0760189 0.0833414 0.1158576 0.0744195 0.0750150 0.0504115 0.1094904 0.1036251 0.0972098 0.1167495 0.0788770 0.0923476 0.1181661 0.0872214 0.0920693 0.0824559 0.0945095 0.0815123 0.0996305 0.0513090 0.0983588 0.0767307 0.0897874 0.1295581 0.0671471 0.0974888 0.0919369 0.0747423 0.0397873 0.0819538 0.0397873 0.0851739 0.0866850 0.1050710 0.0783182 0.0873351 0.0671186 0.0750021 0.0839116 0.0621724 0.1068713 0.0731222 0.0731961 0.0581841 0.0679211 0.1391174 0.1099462 0.0789105 0.0677506 0.1113022 0.1170430 0.1295581 0.1309510 0.1044716 0.0550644 0.0728717 0.0457518 0.0683734 0.1473589 0.0871328 0.0793935 0.0563820 0.0939230 0.0934345 0.0873351 0.0967516 0.0939311 0.1038434 0.1356544 0.0839986 0.0852873 0.0754725 0.0841375 0.0414010 0.0570376 0.0587182 0.0732605 0.1642152 0.0565005 0.0866774 0.1154492 0.0743765 0.0297185 0.0870885 0.0936838 0.0450629 0.0618204 0.1145104 0.0880310 0.0806617 0.0561919 0.0238408 0.0743435 0.1065688 0.0689317 0.1139466 0.0806617 0.0624390 0.0622616 0.0190843 0.1063665 0.0811674 0.0559976 0.1406447 0.0609177 0.0191051 0.0754962 0.0727514 
S0376         0.2469301 0.0805765 0.0742256 0.1246613 0.1071010 0.1147165 0.1136826 0.1245509 0.0894433 0.1162327 0.1381274 0.1159539 0.1233007 0.1326495 0.1279835 0.0955509 0.0000000 0.1034733 0.1005606 0.1462519 0.0940716 0.1078675 0.0800877 0.0738389 0.1085677 0.1377197 0.1463670 0.0920419 0.1193167 0.1402469 0.1150925 0.1000510 0.1013757 0.1163007 0.1031551 0.1379835 0.0823666 0.1176177 0.0784013 0.1160695 0.1429904 0.0804194 0.1381278 0.1097327 0.0944356 0.0684436 0.1159567 0.0684436 0.1377687 0.0947711 0.1208514 0.1061435 0.1379994 0.0744478 0.1078521 0.1224159 0.1113567 0.1354810 0.1106759 0.1089466 0.0884662 0.1004738 0.1387026 0.1126890 0.1070091 0.1054162 0.1324584 0.1458108 0.1429904 0.1445457 0.1349327 0.1144406 0.1002499 0.0821866 0.1450724 0.1546028 0.1213159 0.1139753 0.0948776 0.1289554 0.1450490 0.1379994 0.1162433 0.1158547 0.1269434 0.1451538 0.1098504 0.1116174 0.0938577 0.1202473 0.1222370 0.0901062 0.0975496 0.0732605 0.1642152 0.1027130 0.1024575 0.1453941 0.1095277 0.0961207 0.1211262 0.1172728 0.0742256 0.0934921 0.1555267 0.1226367 0.0930249 0.1001285 0.1140767 0.1001541 0.1226759 0.0944649 0.1366027 0.0944762 0.0871463 0.1652232 0.1107714 0.1361244 0.0791016 0.0628870 0.1016415 0.0679822 0.1086729 0.0523508 0.0923628 
S0400         0.2440914 0.0628785 0.0634759 0.1014712 0.1085133 0.0045920 0.1060805 0.1260468 0.0705905 0.0141043 0.0976251 0.0978787 0.1072122 0.1040166 0.1094042 0.0760189 0.1034733 0.0000000 0.0404567 0.1201277 0.0759146 0.1027153 0.0692539 0.1136651 0.1299027 0.1034140 0.1481901 0.1077783 0.0932123 0.1108515 0.0968253 0.0453429 0.0349037 0.1109724 0.1099613 0.1295233 0.0635004 0.0155992 0.0909193 0.0912224 0.1480574 0.0740051 0.0991675 0.1079138 0.0399172 0.0577784 0.0046313 0.0577784 0.1214118 0.1085121 0.1152947 0.0804345 0.1230795 0.0680322 0.0899016 0.0852396 0.1088283 0.1402376 0.1143584 0.1096349 0.0592454 0.0956248 0.1585992 0.1341598 0.0683249 0.0941226 0.1416242 0.1477352 0.1480574 0.1497204 0.1302931 0.1081535 0.0613235 0.0640582 0.1299837 0.1674031 0.0092422 0.0449885 0.0888758 0.1102432 0.1298667 0.1230795 0.1108747 0.1173190 0.1047493 0.1387078 0.0974040 0.0928093 0.0293809 0.0927681 0.1081762 0.0957359 0.0047476 0.0732605 0.1642152 0.1020448 0.0823694 0.1235763 0.1063458 0.0829993 0.0965655 0.0454377 0.0634759 0.0886643 0.1373846 0.0045930 0.1102252 0.0871354 0.0944595 0.0345308 0.0956029 0.0295408 0.1283489 0.0456553 0.0834500 0.1488470 0.0969397 0.1388204 0.1024031 0.0567428 0.1266839 0.0687821 0.0891344 0.0975155 0.0737518 
S0405         0.2528028 0.0623497 0.0629370 0.0998946 0.1074911 0.0451152 0.1186486 0.1388048 0.0824599 0.0565535 0.1222099 0.1163715 0.1058594 0.1179436 0.1148929 0.0833414 0.1005606 0.0404567 0.0000000 0.1258056 0.0809378 0.0953395 0.0686599 0.1187570 0.1121723 0.1164179 0.1467088 0.0982063 0.0982423 0.1158365 0.1023009 0.0672362 0.0239185 0.1165307 0.1095690 0.1450143 0.0693230 0.0643156 0.0900757 0.1083857 0.1360363 0.0676188 0.1041862 0.1022404 0.0394804 0.0572929 0.0455412 0.0572929 0.1179633 0.1074897 0.1275215 0.0999517 0.1383488 0.0674586 0.0953247 0.1022379 0.0991243 0.1286746 0.1044636 0.0943900 0.0856758 0.1074868 0.1458153 0.1328489 0.0865881 0.0932699 0.1402162 0.1462605 0.1360363 0.1375044 0.1354818 0.1290528 0.0802965 0.0635093 0.1455371 0.1620897 0.0504633 0.0678971 0.0951618 0.1157659 0.1454018 0.1383488 0.1158540 0.1161782 0.1040791 0.1451082 0.1023436 0.0978195 0.0188049 0.1069236 0.1234787 0.1097715 0.0356554 0.0732605 0.1642152 0.1163211 0.0882584 0.1223655 0.1060614 0.0964909 0.1020294 0.0815445 0.0629370 0.1003278 0.1628823 0.0509464 0.1225127 0.1005009 0.1082700 0.0341579 0.1074731 0.0292228 0.1342500 0.0564764 0.0749642 0.1656380 0.1111826 0.1440433 0.0929972 0.0562749 0.1117775 0.0681958 0.1028605 0.1027540 0.0731241 
S0407sl       0.2333792 0.0977467 0.0922697 0.0608567 0.1343299 0.1247675 0.1376238 0.0607524 0.1073139 0.1264708 0.1773414 0.0724102 0.1358307 0.0569393 0.0438915 0.1158576 0.1462519 0.1201277 0.1258056 0.0000000 0.1139832 0.0391594 0.0983844 0.1385245 0.0469660 0.1662519 0.0954476 0.1384029 0.1306388 0.1779075 0.0551785 0.0939799 0.1172655 0.0504256 0.0667805 0.0845834 0.1080279 0.1173527 0.1081358 0.1428037 0.1452366 0.0987197 0.1526550 0.1514009 0.1144145 0.0862367 0.1261607 0.0862367 0.1485797 0.1177414 0.0825343 0.1466612 0.0730121 0.1176577 0.0391261 0.1291841 0.1238917 0.1444719 0.1452962 0.1393971 0.1050467 0.1270051 0.1410956 0.1576652 0.1478872 0.1091457 0.1232644 0.1373921 0.1452366 0.1467721 0.1311931 0.1410789 0.1403976 0.1076708 0.1538017 0.1634143 0.1244121 0.1278451 0.1212455 0.0447040 0.0787547 0.0730121 0.1653869 0.0665957 0.0743042 0.1746123 0.1497856 0.1454318 0.1160347 0.1546403 0.1258680 0.1212679 0.0980157 0.0732605 0.1642152 0.1249537 0.1368018 0.0973251 0.1497898 0.1060080 0.0717619 0.1175711 0.0922697 0.1194251 0.0983081 0.1331382 0.1429512 0.1092205 0.1425884 0.1072989 0.0679504 0.1015303 0.0899973 0.1211533 0.1142099 0.1532578 0.1542223 0.0841120 0.1332093 0.1049088 0.1705035 0.0794652 0.1370805 0.1379234 0.1240867 
S0412sl       0.2187227 0.0390922 0.0445203 0.1008500 0.0850790 0.0865915 0.0902160 0.1003571 0.0682988 0.0876729 0.1062651 0.0812192 0.0962633 0.0942555 0.0917885 0.0744195 0.0940716 0.0759146 0.0809378 0.1139832 0.0000000 0.0738716 0.0498024 0.1019603 0.0881873 0.0888213 0.1087190 0.1033327 0.0969428 0.1166037 0.0801495 0.0663984 0.0801024 0.0930273 0.0872442 0.1127349 0.0567977 0.1076231 0.0757306 0.0873097 0.1285130 0.0387889 0.0947325 0.0801900 0.0724218 0.0393114 0.0874760 0.0393114 0.1164448 0.0855713 0.0975519 0.0848505 0.1000445 0.0609660 0.0738600 0.0816127 0.0978787 0.1340148 0.1096001 0.1066184 0.0662102 0.0850931 0.1241384 0.0962688 0.0783863 0.0607669 0.1226093 0.1283641 0.1285130 0.1298834 0.1309150 0.0927670 0.0723933 0.0449088 0.1035912 0.1461151 0.0926346 0.0784119 0.0611559 0.0924602 0.1063395 0.1000445 0.0940361 0.0806620 0.0960396 0.1403994 0.0816957 0.0829136 0.0733590 0.0977231 0.0901696 0.0738923 0.0636381 0.0732605 0.1642152 0.0915450 0.0849803 0.1270563 0.0970830 0.0736715 0.0861580 0.0804722 0.0445203 0.0786507 0.1283406 0.0935889 0.0915726 0.0910283 0.0799690 0.0664644 0.0913051 0.0612588 0.1124207 0.0614493 0.0680694 0.1424173 0.1008243 0.1120465 0.0981673 0.0553155 0.1037988 0.0494880 0.0734597 0.0813936 0.0664718 
S0417         0.1970986 0.0728835 0.0554291 0.0473395 0.0975818 0.1073113 0.1015731 0.0493122 0.0811023 0.1087069 0.1432385 0.0385280 0.0944654 0.0240862 0.0282538 0.0750150 0.1078675 0.1027153 0.0953395 0.0391594 0.0738716 0.0000000 0.0608798 0.1148859 0.0281258 0.1207968 0.0592120 0.1104145 0.1033446 0.1364157 0.0233909 0.0790749 0.0879152 0.0285908 0.0334931 0.0491641 0.0684234 0.1236804 0.0684763 0.1127423 0.1314183 0.0610797 0.1211430 0.0935982 0.0858981 0.0500534 0.1084528 0.0500534 0.1170204 0.0779523 0.0584640 0.1096161 0.0388218 0.0779335 0.0091350 0.1003623 0.1048856 0.1212563 0.1168246 0.1156516 0.1023284 0.0975868 0.1271700 0.1217070 0.1038964 0.0837183 0.1023188 0.1154903 0.1314183 0.1327898 0.1096274 0.1124578 0.0973724 0.0682329 0.1244714 0.1487650 0.1070162 0.0981057 0.0801315 0.0139032 0.0439578 0.0388218 0.1202168 0.0334121 0.0448487 0.1402852 0.1067289 0.1083931 0.0870493 0.1099298 0.1127171 0.0939210 0.0762240 0.1642152 0.2766417 0.0978937 0.1119754 0.0712657 0.1227070 0.0866462 0.0382084 0.0942829 0.0554291 0.0908520 0.0608281 0.1149706 0.1116906 0.0893464 0.0988440 0.0795557 0.0443720 0.0741470 0.0596538 0.0920105 0.0740233 0.1530293 0.1080860 0.0489204 0.1112357 0.0665995 0.1273394 0.0548999 0.0936017 0.0940910 0.0836670 
S0419         0.1842773 0.0388258 0.0137921 0.0924968 0.0605190 0.0797695 0.0951547 0.0856109 0.0456770 0.0928096 0.1010909 0.0730947 0.0822645 0.0865835 0.0778131 0.0504115 0.0800877 0.0692539 0.0686599 0.0983844 0.0498024 0.0608798 0.0000000 0.0876856 0.0729608 0.0877079 0.0940225 0.0773468 0.0715073 0.1012902 0.0667550 0.0659270 0.0679663 0.0788266 0.0733140 0.0973476 0.0343059 0.0846020 0.0623515 0.0808039 0.1113436 0.0487916 0.0879501 0.0676891 0.0608050 0.0091367 0.0805704 0.0091367 0.0893093 0.0719647 0.0833132 0.0713835 0.0853530 0.0436097 0.0608689 0.0752384 0.0721584 0.1046734 0.0831162 0.0790828 0.0497163 0.0605423 0.1199248 0.0823156 0.0719099 0.0544850 0.1006534 0.1061132 0.1113436 0.1124786 0.1023686 0.0903914 0.0660783 0.0342258 0.0919132 0.1274559 0.0856680 0.0665615 0.0499355 0.0783678 0.0913046 0.0853530 0.0873125 0.0671697 0.0812700 0.1240272 0.0753149 0.0764194 0.0615770 0.0834563 0.0707145 0.0620310 0.0575450 0.0732605 0.1642152 0.0676253 0.0728123 0.1107459 0.0897722 0.0508418 0.0779664 0.0740447 0.0137921 0.0547440 0.1118119 0.0865364 0.0726321 0.0551260 0.0666660 0.0550989 0.0844349 0.0500074 0.0970964 0.0553844 0.0447207 0.1143708 0.0742241 0.0967852 0.0723470 0.0334603 0.1098709 0.0381487 0.0616741 0.0677510 0.0487596 
S0427         0.2546446 0.0943280 0.0819781 0.1420396 0.1208474 0.1247311 0.1029553 0.1181238 0.1107586 0.1263549 0.1608645 0.1167965 0.1257240 0.1328043 0.1343992 0.1094904 0.0738389 0.1136651 0.1187570 0.1385245 0.1019603 0.1148859 0.0876856 0.0000000 0.0933054 0.1257409 0.1328942 0.1199662 0.1266344 0.1198491 0.0958142 0.0957358 0.1113829 0.1231616 0.1045145 0.1306892 0.0963688 0.1201896 0.1114978 0.1055004 0.1595409 0.0880344 0.1135797 0.1146170 0.0903658 0.0763441 0.1260601 0.0763441 0.1475240 0.1275338 0.1274693 0.1138579 0.1308093 0.1056250 0.1148711 0.1172066 0.1271510 0.1659293 0.1392517 0.1402211 0.0900940 0.1012458 0.1555099 0.1258671 0.1147584 0.1066433 0.1527803 0.1724895 0.1595409 0.1612527 0.1555766 0.1220710 0.1081326 0.0898994 0.1584964 0.1785083 0.1313086 0.0967027 0.1022631 0.1292607 0.1374463 0.1308093 0.1127247 0.1100080 0.1408313 0.1451396 0.0996291 0.0951982 0.1037689 0.1276896 0.1134904 0.1168300 0.1003647 0.1621149 0.2731330 0.1429182 0.1097001 0.1258951 0.1531673 0.1228495 0.1346792 0.0993270 0.0819781 0.0887091 0.1612406 0.1327160 0.1152308 0.1263547 0.1276792 0.0958307 0.1425545 0.0777246 0.1437561 0.0963823 0.0844762 0.1629253 0.1380384 0.1230482 0.1133873 0.0937458 0.1317523 0.0648678 0.1224725 0.0622219 0.0996466 
S0428sl       0.2372302 0.0724441 0.0729463 0.0600354 0.1100988 0.1379033 0.0957167 0.0667718 0.0914616 0.1400848 0.1316458 0.0652686 0.1143378 0.0525493 0.0461035 0.1036251 0.1085677 0.1299027 0.1121723 0.0469660 0.0881873 0.0281258 0.0729608 0.0933054 0.0000000 0.1229206 0.0641730 0.1177051 0.1183105 0.1397624 0.0521867 0.0798487 0.1061881 0.0222102 0.0403977 0.0535783 0.0737295 0.1298583 0.0690328 0.0992292 0.1436912 0.0659268 0.1233354 0.1307972 0.0886442 0.0663360 0.1396873 0.0663360 0.1260981 0.0871460 0.0712001 0.1411382 0.0472539 0.1008529 0.0399804 0.0992121 0.1262932 0.1184357 0.1408270 0.1330611 0.1203327 0.0811579 0.1387772 0.1157295 0.1248369 0.1009079 0.1087852 0.1227724 0.1436912 0.1454852 0.1246799 0.1171326 0.1167742 0.0594236 0.1548742 0.1566890 0.1298843 0.1091171 0.0888110 0.0403844 0.0472539 0.0472539 0.1076243 0.0529042 0.0604807 0.1380766 0.0923739 0.0940413 0.1120719 0.1406622 0.1085576 0.0982190 0.1005608 0.0732605 0.1642152 0.1207596 0.0868017 0.0876047 0.1204644 0.0968838 0.0649883 0.0971455 0.0729463 0.0732627 0.0670061 0.1379215 0.0969283 0.1020349 0.1097325 0.1023010 0.0399404 0.0880145 0.0864660 0.1018657 0.0745386 0.1474916 0.1211093 0.0526926 0.1104225 0.0867868 0.1278169 0.0591456 0.1036086 0.0826365 0.1079780 
S0430         0.2561610 0.0706140 0.0820023 0.1333967 0.1142003 0.1017072 0.0344180 0.1241157 0.1048493 0.1153682 0.1314936 0.1228153 0.0718556 0.1248611 0.1405030 0.0972098 0.1377197 0.1034140 0.1164179 0.1662519 0.0888213 0.1207968 0.0877079 0.1257409 0.1229206 0.0000000 0.1193108 0.1140259 0.1266337 0.0792001 0.1219353 0.1001773 0.1092267 0.1424429 0.1041035 0.1369842 0.0901888 0.1179500 0.1051771 0.0334067 0.1321594 0.0810458 0.0289021 0.1036417 0.0948629 0.0763697 0.1151981 0.0763697 0.0903881 0.1148596 0.0960095 0.0780887 0.1238282 0.1056389 0.1207819 0.0384193 0.1085886 0.1319932 0.1079436 0.1052959 0.0821878 0.1267721 0.1414526 0.1258670 0.0664719 0.0552343 0.1275106 0.1332403 0.1321594 0.1335457 0.1358679 0.1290273 0.0607206 0.0772821 0.1519032 0.1495264 0.1202612 0.0893205 0.1145988 0.1284116 0.1173537 0.1238282 0.0287049 0.1033776 0.1472419 0.1072786 0.0187234 0.0189789 0.1018022 0.0788296 0.1162456 0.1171166 0.0917307 0.0732605 0.1642152 0.1234765 0.1206754 0.1382551 0.1362950 0.1168439 0.1217208 0.1038973 0.0820023 0.1195371 0.1536072 0.1214968 0.1419651 0.1079295 0.1150773 0.0884707 0.1336347 0.0893074 0.1105073 0.0889638 0.0959036 0.1709024 0.1248611 0.1230505 0.0966814 0.0937658 0.1308244 0.0758704 0.1098996 0.0983235 0.0996638 
S0478         0.2321277 0.1072118 0.0882092 0.0895888 0.1028613 0.1595575 0.1152105 0.0776534 0.1250333 0.1617010 0.1829077 0.0937677 0.1363372 0.0840333 0.0756195 0.1167495 0.1463670 0.1481901 0.1467088 0.0954476 0.1087190 0.0592120 0.0940225 0.1328942 0.0641730 0.1193108 0.0000000 0.1344684 0.1469812 0.1490352 0.0817219 0.1080531 0.1379462 0.0765758 0.0656621 0.0828607 0.1030502 0.1853746 0.1047986 0.1237256 0.1675626 0.0943306 0.1196490 0.1372735 0.1346786 0.0824697 0.1613115 0.0824697 0.1415179 0.1218853 0.0808962 0.1336088 0.0715528 0.1123127 0.0699716 0.1299332 0.1288866 0.1606816 0.1411353 0.1495728 0.1094269 0.1339882 0.1635933 0.1460959 0.1209931 0.1062869 0.1470915 0.1529499 0.1675626 0.1693763 0.1643970 0.1371034 0.1209276 0.1027289 0.1673892 0.1871907 0.1666155 0.1218277 0.1096812 0.0595135 0.0771659 0.0715528 0.1064257 0.0544907 0.0968509 0.1867381 0.1054497 0.1070743 0.1365317 0.1411040 0.1382465 0.1178157 0.1337215 0.1625174 0.2739201 0.1311047 0.1499599 0.0952890 0.1810581 0.1308906 0.0985178 0.1252473 0.0882092 0.1265684 0.0905384 0.1684518 0.1495847 0.1274276 0.1357456 0.1147149 0.0873935 0.1158554 0.0713281 0.1282377 0.1154446 0.1956860 0.1465648 0.0824100 0.1355201 0.1002111 0.1614665 0.0873409 0.1304807 0.1181503 0.1184130 
S0552sl       0.2039095 0.0657538 0.0717084 0.1264598 0.1090492 0.1188383 0.1098599 0.1401710 0.0608449 0.1337449 0.1422139 0.1245887 0.1082055 0.1282893 0.1299721 0.0788770 0.0920419 0.1077783 0.0982063 0.1384029 0.1033327 0.1104145 0.0773468 0.1199662 0.1177051 0.1140259 0.1344684 0.0000000 0.0961519 0.1354471 0.1235904 0.1087360 0.1056220 0.1186497 0.0995981 0.1397105 0.0794649 0.1282296 0.0879151 0.1062851 0.1158462 0.0776009 0.1143506 0.1184991 0.0911290 0.0661440 0.1201024 0.0661440 0.0709069 0.1038779 0.1162518 0.0966563 0.1397258 0.0833557 0.1103996 0.1123158 0.0234627 0.0554938 0.0138237 0.0202617 0.1170504 0.1032766 0.1244540 0.1147886 0.0974110 0.0841476 0.0780289 0.0833687 0.1158462 0.1170155 0.0553284 0.0891734 0.0910191 0.0853793 0.0848891 0.1391177 0.1253626 0.1098557 0.0897297 0.1309268 0.1465583 0.1397258 0.1013021 0.1114253 0.1355211 0.1402145 0.0885502 0.0898976 0.0981320 0.1099551 0.0884481 0.0563490 0.0949540 0.0732605 0.1642152 0.0725371 0.0985683 0.1466016 0.0873041 0.0667913 0.1234040 0.1259668 0.0717084 0.0964518 0.1567271 0.1267044 0.1175737 0.0609688 0.0962820 0.0846731 0.1310917 0.0911563 0.1250543 0.0971956 0.0836037 0.1391101 0.0928184 0.1452328 0.0548578 0.0719258 0.1379200 0.0768344 0.0911696 0.0996594 0.0891334 
S0558         0.2201900 0.0838527 0.0659565 0.1117911 0.0950418 0.1039543 0.1222512 0.1252539 0.0863038 0.1179866 0.1421534 0.1050455 0.0960382 0.1014243 0.1223768 0.0923476 0.1193167 0.0932123 0.0982423 0.1306388 0.0969428 0.1033446 0.0715073 0.1266344 0.1183105 0.1266337 0.1469812 0.0961519 0.0000000 0.1328574 0.1101952 0.0771379 0.0795583 0.1240610 0.1052837 0.1249111 0.0721751 0.0982931 0.0874285 0.1184391 0.1331377 0.0948038 0.1081398 0.1118177 0.0833385 0.0604791 0.1050255 0.0604791 0.1095083 0.0969600 0.1090816 0.1024249 0.1187159 0.0829158 0.1033300 0.1002283 0.0970318 0.1189298 0.1022625 0.0998187 0.0833119 0.0968917 0.1497747 0.1266985 0.1032286 0.0880966 0.1086313 0.1080376 0.1331377 0.1345442 0.0914597 0.1307333 0.0967554 0.0792676 0.1323041 0.1506640 0.0856588 0.0894744 0.0972313 0.1233636 0.1252320 0.1187159 0.1260245 0.0983551 0.1120528 0.1333039 0.1123827 0.1141382 0.0728175 0.1159073 0.1158299 0.1113151 0.0690175 0.0732605 0.1642152 0.1177820 0.1025589 0.1144907 0.1301167 0.0988848 0.1226314 0.0918467 0.0550312 0.0902152 0.1410367 0.1113154 0.1108684 0.0960442 0.1165777 0.0772140 0.1173725 0.0719664 0.1220282 0.0776362 0.0675980 0.1595647 0.1134258 0.1310238 0.1098614 0.0715488 0.1328773 0.0822689 0.1113409 0.1058784 0.0771946 
S0616         0.2704488 0.0905362 0.0953083 0.1345178 0.1217411 0.1216582 0.0746840 0.1384758 0.1123580 0.1363045 0.1631584 0.1387862 0.0787709 0.1562711 0.1571940 0.1181661 0.1402469 0.1108515 0.1158365 0.1779075 0.1166037 0.1364157 0.1012902 0.1198491 0.1397624 0.0792001 0.1490352 0.1354471 0.1328574 0.0000000 0.1288940 0.1138433 0.1086805 0.1594261 0.1258008 0.1603511 0.0964513 0.1256663 0.0802424 0.0723110 0.1350061 0.1139485 0.0794255 0.1255234 0.1063017 0.0894042 0.1229233 0.0894042 0.1239805 0.0967578 0.1292881 0.0852262 0.1538346 0.0994191 0.1364006 0.0720558 0.1368643 0.1412661 0.1290037 0.1434586 0.0820710 0.1426392 0.1445837 0.1283778 0.0802208 0.0674085 0.1363615 0.1422446 0.1350061 0.1364541 0.1451110 0.1461343 0.0740618 0.1104383 0.1765223 0.1528861 0.1280568 0.1026380 0.1030233 0.1519160 0.1468372 0.1538346 0.0728013 0.1314822 0.1540297 0.0674063 0.0667403 0.0677423 0.1012953 0.0860553 0.1473869 0.1392578 0.1055299 0.0732605 0.1642152 0.1460044 0.1517779 0.1664159 0.1539575 0.1188098 0.1438111 0.1182035 0.0953083 0.1349365 0.1784748 0.1293966 0.1514228 0.1160549 0.1374434 0.0997810 0.1584794 0.0818211 0.1367015 0.1022215 0.1168280 0.1912724 0.1410407 0.1528033 0.1232277 0.0877235 0.1383770 0.0887974 0.1321114 0.1199347 0.0935321 
S0624         0.2391929 0.0790618 0.0611990 0.0532214 0.0984866 0.1014795 0.1025024 0.0548463 0.0935262 0.1027989 0.1373242 0.0336304 0.1009611 0.0394830 0.0433948 0.0872214 0.1150925 0.0968253 0.1023009 0.0551785 0.0801495 0.0233909 0.0667550 0.0958142 0.0521867 0.1219353 0.0817219 0.1235904 0.1101952 0.1288940 0.0000000 0.0736497 0.0946392 0.0439233 0.0490374 0.0766339 0.0746183 0.1169536 0.0746776 0.1014746 0.1390063 0.0669757 0.1222884 0.1004126 0.0924410 0.0557199 0.1025586 0.0557199 0.1173840 0.0841874 0.0534783 0.1099449 0.0655468 0.0841609 0.0138432 0.0949105 0.1179751 0.1491392 0.1302090 0.1303001 0.0847287 0.0857002 0.1347931 0.1289189 0.1107959 0.0900612 0.1346295 0.1489979 0.1390063 0.1404756 0.1357310 0.1259208 0.1041168 0.0744043 0.1249357 0.1569102 0.1011992 0.1049056 0.0923898 0.0236411 0.0710508 0.0655468 0.1213447 0.0489128 0.0449104 0.1478436 0.1077046 0.1093994 0.0936943 0.1169459 0.1269367 0.1071322 0.0766667 0.2731330 0.4112847 0.1106693 0.1191422 0.0718804 0.1393298 0.0991821 0.0333518 0.0948518 0.0611990 0.0791980 0.0896345 0.1090338 0.0993056 0.0957891 0.1117603 0.0859358 0.0498514 0.0679287 0.0706873 0.0986851 0.0803136 0.1684521 0.1216302 0.0762258 0.1183513 0.0726016 0.1353360 0.0606073 0.1064660 0.1009493 0.0783421 
