127
S0055       0.0000000 0.0917150 0.1315968 0.0686143 0.1116106 0.1057736 0.1167964 0.0737949 0.0815924 0.1373399 0.1151639 0.1232556 0.1194892 0.1142316 0.1046169 0.1256538 0.1184358 0.1102930 0.0636538 0.0566340 0.1360161 0.0917511 0.1096107 0.1217991 0.0998987 0.1281568 0.1060375 0.1009182 0.1403077 0.1128077 0.1181226 0.1194041 0.1105854 0.0800691 0.0624592 0.1324270 0.1173882 0.0763379 0.0609231 0.0936392 0.1116798 0.1512364 0.0740988 0.1222530 0.1007876 0.0624781 0.0881190 0.0618170 0.0823263 0.0908715 0.1320513 0.1067327 0.1040760 0.1180135 0.1266508 0.1074127 0.0994785 0.1417860 0.1108193 0.1376500 0.1557126 0.1523111 0.1053641 0.1144619 0.1824664 0.0925497 0.1077148 0.1161830 0.1594787 0.1679676 0.1614897 0.0832499 0.1674810 0.1036495 0.1411579 0.1135623 0.0645557 0.1462174 0.1623124 0.0559582 0.0817554 0.0998791 0.1104235 0.1154282 0.1257060 0.1032683 0.1301726 0.1256850 0.1033952 0.1057633 0.1072615 0.1230822 0.1376602 0.1235772 0.0669059 0.0541826 0.0436074 0.1487960 0.0579670 0.1025114 0.1058605 0.1300981 0.1276142 0.0716663 0.1295386 0.1241278 0.1173386 0.1236553 0.0632247 0.1174277 0.1353875 0.1127052 0.0635149 0.1377827 0.0731983 0.1025482 0.0606494 0.1032475 0.1304902 0.1234931 0.1245555 0.1212747 0.0974659 0.1342380 0.0845579 0.1071400 0.0885323 
S0196sl     0.0917150 0.0000000 0.1220091 0.0925027 0.0907526 0.1072054 0.0975417 0.1065280 0.1125358 0.1288274 0.1017504 0.0960130 0.1239675 0.0928157 0.1157198 0.0958659 0.1036896 0.1118126 0.0901910 0.0872746 0.1392305 0.1276791 0.0978391 0.0445767 0.1181703 0.1199239 0.0874577 0.1014785 0.1216897 0.1372550 0.1048870 0.1003762 0.0972167 0.1106289 0.0823644 0.1209089 0.1195304 0.0956779 0.0861772 0.0479096 0.0891715 0.1672610 0.1015102 0.1058501 0.0837430 0.0989563 0.0188499 0.0973251 0.0152020 0.0205365 0.1171554 0.0618280 0.1035453 0.0944864 0.1262175 0.1001322 0.0834595 0.1034697 0.0846246 0.1252642 0.1311467 0.1317821 0.1877920 0.0572336 0.1908137 0.0740715 0.0818557 0.1069500 0.1224034 0.1286339 0.1601883 0.0152649 0.1718322 0.1095505 0.1329777 0.0862462 0.0882574 0.1307791 0.1716382 0.0841515 0.0967625 0.0780130 0.1042471 0.1086167 0.1192846 0.0890502 0.1258571 0.1165644 0.0988072 0.0840046 0.0852632 0.0978935 0.1160063 0.1102655 0.0911358 0.0895400 0.0979700 0.1312770 0.0909008 0.1269105 0.1103350 0.1074879 0.1230808 0.1001483 0.0586109 0.1273735 0.0570626 0.1190633 0.0888680 0.0664895 0.1206333 0.0894079 0.0911904 0.1342761 0.1129636 0.1110410 0.0941584 0.1468241 0.1215419 0.1100290 0.1171204 0.0843564 0.0759983 0.1177203 0.0658786 0.1177943 0.0803849 
S0278       0.1315968 0.1220091 0.0000000 0.1415639 0.1439015 0.0408956 0.1374983 0.1421606 0.1447202 0.0607947 0.1567504 0.1643302 0.0604597 0.1553060 0.0700346 0.1426140 0.1538122 0.1731016 0.1269074 0.1270469 0.0728317 0.1467528 0.0674184 0.1527240 0.1671992 0.0613235 0.1426565 0.0611879 0.1591046 0.1708203 0.1640218 0.1565154 0.0457733 0.1476677 0.1307448 0.0498228 0.1014391 0.1259369 0.1309507 0.1252099 0.1538819 0.1577745 0.1317648 0.1620140 0.1348126 0.1339375 0.1130958 0.1340241 0.1094565 0.1172788 0.1443864 0.1392952 0.0801500 0.1464528 0.1082181 0.0713255 0.1274529 0.0779986 0.1485738 0.1521876 0.1729249 0.1619731 0.1692925 0.1407169 0.1769278 0.1222399 0.1422065 0.1522157 0.1666723 0.1708678 0.1673944 0.1100692 0.1771970 0.0965389 0.1720344 0.1488387 0.1246607 0.1478977 0.1758897 0.1286931 0.1480564 0.1257038 0.0584762 0.0976975 0.1080749 0.1398965 0.0954212 0.0550773 0.1362397 0.1435958 0.1427573 0.1541130 0.1662181 0.1515395 0.1352047 0.1237469 0.1330404 0.1564815 0.1332301 0.0791560 0.1393717 0.1572932 0.0640814 0.1538361 0.1646602 0.0676028 0.1447533 0.0984408 0.1348516 0.1465783 0.1485517 0.1421195 0.1302763 0.0648541 0.1541436 0.0852838 0.1374885 0.1613879 0.1647338 0.1565538 0.1119482 0.1335822 0.1203878 0.1754287 0.1214272 0.1695370 0.1225635 
S0282       0.0686143 0.0925027 0.1415639 0.0000000 0.1220886 0.1093208 0.1284653 0.0272891 0.0761434 0.1489153 0.1262110 0.1272890 0.1245494 0.1218657 0.1219009 0.1318860 0.1301028 0.1272074 0.0218412 0.0209198 0.1471579 0.0982251 0.1147092 0.1286178 0.1219424 0.1443068 0.1202403 0.1086998 0.1650040 0.1306484 0.1359413 0.1319747 0.1203529 0.0565332 0.0212691 0.1361262 0.1243545 0.0799596 0.0195942 0.1024394 0.1203282 0.1762845 0.0864641 0.1356281 0.1171858 0.0310677 0.0959035 0.0209954 0.0899115 0.1010448 0.1446283 0.1181879 0.1123359 0.1318056 0.1352942 0.1190122 0.1093292 0.1394221 0.1193624 0.1534266 0.1752388 0.1659995 0.1118314 0.1169794 0.1993409 0.1083886 0.1191878 0.1261248 0.1793132 0.1804932 0.1894373 0.0908651 0.1920480 0.0970612 0.1557084 0.1240468 0.0690729 0.1567373 0.1864980 0.0203007 0.0880711 0.1087286 0.1163235 0.1210960 0.1316759 0.1160400 0.1435054 0.1315579 0.1175633 0.1156162 0.1228108 0.1351670 0.1523227 0.1375286 0.0230681 0.0212159 0.0757586 0.1545902 0.0642755 0.1259629 0.1160881 0.1380201 0.1324332 0.0813225 0.1356837 0.1343215 0.1188039 0.1337202 0.0222127 0.1170912 0.1459057 0.1299727 0.0274401 0.1442699 0.0782600 0.1176419 0.0681336 0.1091830 0.1452272 0.1372995 0.1294403 0.1297197 0.1043612 0.1452219 0.0905452 0.1231671 0.0962268 
S0288       0.1116106 0.0907526 0.1439015 0.1220886 0.0000000 0.1197745 0.1250064 0.1141195 0.1284619 0.1581199 0.0227793 0.0688610 0.1342406 0.0190474 0.1317752 0.1241929 0.0253314 0.1491428 0.1081152 0.1028511 0.1544320 0.1314971 0.1171061 0.1284632 0.1402689 0.1303475 0.0046806 0.1135330 0.1549695 0.1588279 0.0950842 0.0218439 0.1298605 0.1232764 0.1113742 0.1426312 0.1362420 0.1130939 0.1050923 0.0965777 0.0185303 0.1624448 0.1293693 0.0255432 0.1077351 0.1114300 0.0948353 0.1119984 0.0878956 0.0942058 0.1488865 0.1062019 0.1286904 0.0696984 0.1506891 0.1165438 0.1045872 0.1409200 0.0345297 0.1386464 0.1665360 0.1665475 0.1601691 0.1156018 0.1900325 0.1027416 0.0709043 0.0839885 0.1669062 0.1772606 0.1701109 0.0911372 0.1788941 0.0998348 0.1551647 0.0740780 0.1101196 0.1529186 0.1748224 0.1039437 0.1351275 0.1035690 0.1231654 0.1299710 0.1400282 0.0067925 0.1422650 0.1454174 0.0752708 0.0033361 0.0080661 0.0791781 0.1509754 0.1330020 0.1123756 0.1005277 0.1158461 0.1600865 0.1082808 0.1325144 0.1215146 0.1388503 0.1449609 0.1289288 0.1300590 0.1508475 0.1173058 0.1373180 0.1062005 0.1199731 0.1422107 0.1187844 0.1064170 0.1509826 0.1357402 0.1304442 0.1109185 0.1469325 0.1472794 0.1355624 0.1448891 0.1255602 0.0942804 0.1658345 0.1011092 0.1366071 0.0982455 
S0289       0.1057736 0.1072054 0.0408956 0.1093208 0.1197745 0.0000000 0.1134807 0.1028522 0.1154165 0.0502803 0.1272077 0.1294098 0.0336856 0.1209003 0.0402092 0.1090598 0.1224570 0.1282744 0.0933549 0.0927147 0.0464542 0.1156650 0.0446797 0.1246779 0.1220039 0.0498216 0.1177726 0.0356501 0.1351877 0.1297103 0.1362655 0.1262662 0.0302279 0.1090258 0.0974009 0.0360862 0.0712921 0.0969261 0.0971454 0.0938396 0.1261963 0.1311660 0.1172594 0.1340559 0.1072183 0.0985009 0.0860008 0.0981851 0.0807164 0.0911488 0.1106216 0.1099101 0.0531959 0.1079209 0.0718437 0.0397729 0.1018444 0.0479632 0.1136307 0.1186126 0.1530749 0.1345929 0.1279173 0.1181637 0.1552427 0.0952427 0.1062577 0.1241650 0.1372541 0.1394535 0.1457050 0.0832105 0.1502845 0.0622120 0.1405438 0.1138301 0.0897808 0.1262850 0.1511428 0.0933533 0.1195708 0.0964462 0.0363321 0.0665070 0.0739995 0.1141347 0.0557428 0.0478462 0.1066238 0.1172115 0.1146897 0.1196942 0.1454439 0.1283274 0.0970521 0.0883504 0.1075195 0.1290533 0.0954695 0.0616578 0.1149036 0.1317124 0.0463867 0.1182868 0.1358717 0.0410478 0.1207245 0.0668340 0.0992726 0.1125664 0.1225604 0.1131790 0.0932344 0.0496102 0.1253850 0.0483960 0.1062389 0.1142800 0.1413490 0.1226808 0.0734317 0.1006653 0.0923023 0.1336017 0.0825694 0.1258873 0.0844101 
S0292       0.1167964 0.0975417 0.1374983 0.1284653 0.1250064 0.1134807 0.0000000 0.1336393 0.1376725 0.1495215 0.1313659 0.1379998 0.1286531 0.1216499 0.1290740 0.1226586 0.1305116 0.1586163 0.1165167 0.1167395 0.1446166 0.1385112 0.1232684 0.1351023 0.1444828 0.1717502 0.1202600 0.1226498 0.1327032 0.1606756 0.1392528 0.1274176 0.1188886 0.1438656 0.1166775 0.1421033 0.1296281 0.1303384 0.1175485 0.1068618 0.1210193 0.1830543 0.1431729 0.1303986 0.1185181 0.1221848 0.1000032 0.1205407 0.0920703 0.0969513 0.1365696 0.1152697 0.1318216 0.1360770 0.1466232 0.1241949 0.1068330 0.1505320 0.1187832 0.1323597 0.1427681 0.1377826 0.1651946 0.1229640 0.2217053 0.1050810 0.1274233 0.1329616 0.1481525 0.1526743 0.1914391 0.0962314 0.1998629 0.1096390 0.1376479 0.1325487 0.1150576 0.0768277 0.1981066 0.1157898 0.1338981 0.0976969 0.1278571 0.1242950 0.1376101 0.1206087 0.1500728 0.1321144 0.1252818 0.1199019 0.1200388 0.1396608 0.1383706 0.0292414 0.1255921 0.1086190 0.1200093 0.0821312 0.1162732 0.1228060 0.0330264 0.0365954 0.1376417 0.1300537 0.1383896 0.1364010 0.1289308 0.1311102 0.1209788 0.1277148 0.0687879 0.1152678 0.1184824 0.1469036 0.1393376 0.1353042 0.1208130 0.1618311 0.1330551 0.1336204 0.1372809 0.1206051 0.1004902 0.1610576 0.0987086 0.1428299 0.1017973 
S0293       0.0737949 0.1065280 0.1421606 0.0272891 0.1141195 0.1028522 0.1336393 0.0000000 0.0818490 0.1576468 0.1216785 0.1291577 0.1231075 0.1141185 0.1258196 0.1290119 0.1217088 0.1312598 0.0232747 0.0213477 0.1386232 0.0965669 0.1196637 0.1294574 0.1284888 0.1357749 0.1154109 0.1056514 0.1636699 0.1373466 0.1198244 0.1251037 0.1227774 0.0505867 0.0205786 0.1452502 0.1210713 0.0803593 0.0222614 0.0978115 0.1154335 0.1735831 0.0932142 0.1321929 0.1220509 0.0316122 0.0949898 0.0213960 0.0879300 0.1008768 0.1312446 0.1109231 0.1169702 0.1280325 0.1300362 0.1169793 0.1000617 0.1393386 0.1133306 0.1463682 0.1777655 0.1654720 0.1076871 0.1193435 0.2015967 0.1138466 0.1158912 0.1195755 0.1694309 0.1737995 0.1899304 0.0902713 0.1876951 0.0893873 0.1550546 0.1261952 0.0661356 0.1555768 0.1857895 0.0197409 0.0934407 0.1094571 0.1171944 0.1168102 0.1266437 0.1077962 0.1454151 0.1380363 0.1135266 0.1137700 0.1182487 0.1343017 0.1511206 0.1375136 0.0255954 0.0208006 0.0759744 0.1542274 0.0608501 0.1343025 0.1237079 0.1355120 0.1316516 0.0802357 0.1320589 0.1348844 0.1180417 0.1286507 0.0237287 0.1146892 0.1416038 0.1269592 0.0263272 0.1452802 0.0738702 0.1150706 0.0682896 0.0924588 0.1410714 0.1366357 0.1268166 0.1233044 0.0945934 0.1398612 0.0838994 0.1186938 0.0886079 
S0294       0.0815924 0.1125358 0.1447202 0.0761434 0.1284619 0.1154165 0.1376725 0.0818490 0.0000000 0.1506326 0.1336796 0.1315715 0.1362928 0.1278246 0.1211447 0.1351194 0.1386599 0.1362391 0.0739835 0.0688410 0.1525630 0.1060009 0.1180247 0.1423612 0.1269891 0.1490451 0.1256625 0.1129900 0.1752024 0.1372987 0.1373002 0.1365898 0.1287154 0.0857970 0.0694643 0.1481314 0.1319393 0.0886035 0.0706923 0.1186769 0.1262013 0.1706781 0.0927717 0.1417104 0.1266614 0.0729935 0.1064815 0.0751340 0.0984872 0.1089575 0.1642464 0.1301472 0.1216632 0.1405665 0.1411525 0.1202630 0.1106168 0.1462180 0.1296264 0.1546011 0.1868793 0.1824444 0.0681507 0.1327166 0.2085941 0.1149815 0.1330450 0.1393050 0.1892826 0.1914530 0.1889448 0.1004577 0.1895380 0.0927207 0.1608371 0.1337615 0.0803107 0.1683491 0.1811026 0.0716266 0.0915089 0.1197491 0.1241278 0.1262068 0.1330353 0.1229347 0.1411555 0.1432562 0.1281764 0.1224500 0.1283717 0.1441119 0.1592854 0.1427543 0.0768709 0.0672122 0.0933401 0.1674484 0.0700710 0.1429049 0.1255294 0.1502154 0.1446755 0.0835487 0.1419172 0.1451442 0.1359964 0.1385981 0.0736549 0.1328247 0.1577158 0.1291147 0.0760031 0.1585526 0.0971345 0.1242222 0.0841765 0.1196585 0.1614657 0.1398796 0.1431409 0.1356910 0.1056529 0.1536606 0.0986633 0.1327329 0.1050799 
S0299       0.1373399 0.1288274 0.0607947 0.1489153 0.1581199 0.0502803 0.1495215 0.1576468 0.1506326 0.0000000 0.1617561 0.1733055 0.0669037 0.1599962 0.0754316 0.1507800 0.1595793 0.1774016 0.1342683 0.1342628 0.0829112 0.1522346 0.0801521 0.1619546 0.1647399 0.0876976 0.1547753 0.0770774 0.1623350 0.1640110 0.1716951 0.1602315 0.0441586 0.1612549 0.1430704 0.0496853 0.1097351 0.1413460 0.1337966 0.1292099 0.1581900 0.1603402 0.1417602 0.1647266 0.1438114 0.1422786 0.1246618 0.1405201 0.1197174 0.1280045 0.1462977 0.1404751 0.0892943 0.1591237 0.1170516 0.0830079 0.1326038 0.0867397 0.1563274 0.1557844 0.1730070 0.1670283 0.1793182 0.1512167 0.1875581 0.1260226 0.1492895 0.1676282 0.1603987 0.1543004 0.1773833 0.1214880 0.1851017 0.0965772 0.1723094 0.1537852 0.1342191 0.1541706 0.1827588 0.1369770 0.1521061 0.1427232 0.0705948 0.1053318 0.1147956 0.1529621 0.1046284 0.0619891 0.1476961 0.1534265 0.1578480 0.1633880 0.1755533 0.1617499 0.1428757 0.1349947 0.1392133 0.1590197 0.1313583 0.1053256 0.1538678 0.1661940 0.0678574 0.1552471 0.1683425 0.0759131 0.1535531 0.1101287 0.1373320 0.1529884 0.1483302 0.1467274 0.1380976 0.0666967 0.1562107 0.0884725 0.1445924 0.1710026 0.1746309 0.1657542 0.1217995 0.1349982 0.1302554 0.1736367 0.1238921 0.1661620 0.1260185 
S0303       0.1151639 0.1017504 0.1567504 0.1262110 0.0227793 0.1272077 0.1313659 0.1216785 0.1336796 0.1617561 0.0000000 0.0777562 0.1450777 0.0232661 0.1361068 0.1283692 0.0261930 0.1487704 0.1122926 0.1070121 0.1649094 0.1348911 0.1230792 0.1292581 0.1409794 0.1577533 0.0214172 0.1191735 0.1612433 0.1563346 0.0936956 0.0116404 0.1307740 0.1274718 0.1150038 0.1539025 0.1373368 0.1160617 0.1105557 0.0969196 0.0219651 0.1605977 0.1345667 0.0145528 0.1126434 0.1150017 0.0993519 0.1166331 0.0942153 0.1000548 0.1530236 0.1073384 0.1314647 0.0752684 0.1489183 0.1248768 0.1052246 0.1467552 0.0427508 0.1442122 0.1681628 0.1729579 0.1637812 0.1223454 0.2082641 0.1077644 0.0780123 0.0873019 0.1663638 0.1809222 0.1654047 0.0972820 0.1742325 0.1087816 0.1567910 0.0811697 0.1165361 0.1537355 0.1740404 0.1092503 0.1371993 0.1056299 0.1318093 0.1289465 0.1418654 0.0227130 0.1461971 0.1445178 0.0758392 0.0199550 0.0243888 0.0825043 0.1445158 0.1428260 0.1160593 0.1055411 0.1206051 0.1668044 0.1135127 0.1390382 0.1236417 0.1464670 0.1527665 0.1338931 0.1301557 0.1599003 0.1277932 0.1434814 0.1124722 0.1276508 0.1432413 0.1184332 0.1098588 0.1569062 0.1412986 0.1329146 0.1185231 0.1510889 0.1443921 0.1410306 0.1473687 0.1301245 0.0980959 0.1680359 0.1046892 0.1320816 0.1004719 
S0308       0.1232556 0.0960130 0.1643302 0.1272890 0.0688610 0.1294098 0.1379998 0.1291577 0.1315715 0.1733055 0.0777562 0.0000000 0.1495953 0.0675409 0.1428091 0.1342290 0.0733664 0.1587882 0.1174164 0.1137643 0.1686515 0.1439486 0.1337676 0.1242626 0.1467805 0.1683425 0.0660707 0.1245937 0.1626866 0.1642386 0.0986091 0.0724379 0.1440940 0.1318705 0.1190107 0.1658947 0.1442573 0.1167572 0.1163734 0.0969272 0.0673215 0.1624130 0.1349596 0.0753671 0.1154231 0.1217324 0.0922362 0.1170327 0.0852905 0.0936393 0.1561973 0.1081272 0.1321064 0.0753611 0.1547995 0.1238010 0.1119207 0.1631931 0.0573360 0.1492133 0.1639011 0.1776246 0.1694064 0.1211929 0.1901247 0.1113555 0.0632257 0.0850284 0.1739836 0.1846650 0.1677112 0.0893933 0.1724445 0.1119410 0.1587932 0.0702225 0.1108730 0.1600344 0.1702507 0.1118256 0.1475161 0.1069563 0.1340622 0.1312981 0.1417096 0.0666842 0.1468900 0.1527511 0.0813904 0.0625042 0.0694464 0.0831437 0.1556193 0.1399113 0.1223244 0.1068099 0.1256576 0.1680989 0.1109735 0.1483640 0.1329809 0.1509302 0.1523533 0.1360951 0.1250001 0.1559410 0.1229232 0.1426972 0.1196785 0.1173690 0.1476680 0.1261241 0.1148877 0.1672293 0.1376988 0.1315877 0.1219420 0.1478371 0.1507988 0.1460141 0.1397755 0.1278527 0.1070711 0.1648403 0.1086292 0.1433823 0.1038442 
S0320       0.1194892 0.1239675 0.0604597 0.1245494 0.1342406 0.0336856 0.1286531 0.1231075 0.1362928 0.0669037 0.1450777 0.1495953 0.0000000 0.1387805 0.0696255 0.1291964 0.1389071 0.1623511 0.1105824 0.1085469 0.0759158 0.1278816 0.0676914 0.1409968 0.1533951 0.0657524 0.1352843 0.0563607 0.1609612 0.1538215 0.1507314 0.1440122 0.0415731 0.1310222 0.1171283 0.0539989 0.0955102 0.1215531 0.1161730 0.1146096 0.1440434 0.1428830 0.1189625 0.1500738 0.1199855 0.1192564 0.1022087 0.1160605 0.0971372 0.1043394 0.1331363 0.1278463 0.0771797 0.1417879 0.1019448 0.0633366 0.1189404 0.0622324 0.1387363 0.1462177 0.1835021 0.1567070 0.1534431 0.1337490 0.1739216 0.1137692 0.1297964 0.1460900 0.1673944 0.1686471 0.1560357 0.0995154 0.1610970 0.0776927 0.1660568 0.1360722 0.1080953 0.1488352 0.1608519 0.1140360 0.1429013 0.1163899 0.0579300 0.0888346 0.0983262 0.1294992 0.0850820 0.0651786 0.1235332 0.1320302 0.1327502 0.1493973 0.1671955 0.1391665 0.1159130 0.1038148 0.1173556 0.1584428 0.1124093 0.0823170 0.1350486 0.1461971 0.0627663 0.1395681 0.1462425 0.0585263 0.1356746 0.0865257 0.1188297 0.1287555 0.1459753 0.1352810 0.1129430 0.0656205 0.1391525 0.0759610 0.1266914 0.1341971 0.1610918 0.1462478 0.1007421 0.1225140 0.1135648 0.1496721 0.0994019 0.1553213 0.1085117 
S0322       0.1142316 0.0928157 0.1553060 0.1218657 0.0190474 0.1209003 0.1216499 0.1141185 0.1278246 0.1599962 0.0232661 0.0675409 0.1387805 0.0000000 0.1386126 0.1256992 0.0244277 0.1519829 0.1097732 0.1081327 0.1559809 0.1324649 0.1216161 0.1274961 0.1458179 0.1462952 0.0170515 0.1189253 0.1559806 0.1578699 0.0976264 0.0236473 0.1322183 0.1245826 0.1134580 0.1514387 0.1351988 0.1165650 0.1078378 0.0980747 0.0112900 0.1633580 0.1342865 0.0266625 0.1099114 0.1149332 0.0966037 0.1136548 0.0878932 0.0942777 0.1488182 0.1067515 0.1314803 0.0733961 0.1538480 0.1196792 0.1081680 0.1418522 0.0364683 0.1375332 0.1621561 0.1638656 0.1586106 0.1196677 0.1947622 0.1067740 0.0739651 0.0843722 0.1621342 0.1767822 0.1697272 0.0919970 0.1793794 0.1005788 0.1557946 0.0770736 0.1080613 0.1466038 0.1772010 0.1064896 0.1368876 0.1012690 0.1297152 0.1308518 0.1430853 0.0200969 0.1425278 0.1454425 0.0771700 0.0170434 0.0219960 0.0829023 0.1486572 0.1304770 0.1140365 0.1021674 0.1197935 0.1498223 0.1117916 0.1428795 0.1221472 0.1355409 0.1460085 0.1317433 0.1236745 0.1532710 0.1232983 0.1404131 0.1089359 0.1254253 0.1369679 0.1211797 0.1092081 0.1544106 0.1394899 0.1352427 0.1144691 0.1495493 0.1432546 0.1383548 0.1398539 0.1242466 0.0986553 0.1625657 0.1046380 0.1319851 0.0990701 
S0327       0.1046169 0.1157198 0.0700346 0.1219009 0.1317752 0.0402092 0.1290740 0.1258196 0.1211447 0.0754316 0.1361068 0.1428091 0.0696255 0.1386126 0.0000000 0.1246328 0.1344032 0.1449238 0.1095861 0.1051101 0.0698113 0.1274115 0.0556630 0.1391862 0.1371328 0.0641130 0.1323676 0.0480820 0.1572296 0.1443969 0.1370775 0.1378352 0.0502571 0.1319883 0.1085415 0.0631324 0.0888170 0.1080789 0.1106604 0.1011030 0.1370762 0.1503465 0.1250255 0.1419439 0.1141716 0.1124738 0.1012234 0.1078881 0.0940638 0.1005355 0.1348610 0.1159291 0.0530201 0.1259813 0.0880504 0.0568081 0.1069131 0.0815747 0.1304333 0.1381924 0.1706124 0.1656630 0.1451788 0.1257197 0.1721272 0.0975228 0.1221286 0.1339812 0.1651731 0.1639292 0.1601902 0.0973632 0.1654294 0.0622005 0.1598567 0.1278806 0.1052685 0.1445666 0.1642091 0.1066608 0.1246015 0.1145149 0.0494224 0.0786972 0.0874663 0.1294070 0.0716876 0.0696553 0.1141810 0.1278263 0.1288857 0.1293457 0.1440544 0.1412995 0.1158656 0.1066685 0.1130665 0.1546841 0.1071930 0.0471229 0.1255131 0.1485832 0.0709861 0.1203917 0.1387923 0.0612511 0.1298858 0.0817137 0.1139152 0.1273812 0.1397041 0.1205744 0.1063947 0.0745836 0.1288471 0.0572751 0.1106260 0.1424729 0.1455005 0.1325211 0.0944140 0.1257166 0.1019651 0.1627789 0.0914385 0.1436024 0.0985664 
S0335       0.1256538 0.0958659 0.1426140 0.1318860 0.1241929 0.1090598 0.1226586 0.1290119 0.1351194 0.1507800 0.1283692 0.1342290 0.1291964 0.1256992 0.1246328 0.0000000 0.1291979 0.1575017 0.1174339 0.1154485 0.1453183 0.1350689 0.1264975 0.1293939 0.1539479 0.1311936 0.1215368 0.1139813 0.1270012 0.1467538 0.1406190 0.1304924 0.1198630 0.1448219 0.1191455 0.1386411 0.1374447 0.1271777 0.1193564 0.1031658 0.1222400 0.1785303 0.1332219 0.1335194 0.1200528 0.1240692 0.0921071 0.1223416 0.0896029 0.0986006 0.1342376 0.1131599 0.1236378 0.1287160 0.1462250 0.1193557 0.0981660 0.1291804 0.1253719 0.1164050 0.1277583 0.1351749 0.1668936 0.1195692 0.2027204 0.1133965 0.1247493 0.1389484 0.1440730 0.1468493 0.1916020 0.0936947 0.1914264 0.1084530 0.1321447 0.1321068 0.1184462 0.1252832 0.1855808 0.1170709 0.1366056 0.1030545 0.1215162 0.1290239 0.1402440 0.1171440 0.1441658 0.1414324 0.1261301 0.1169152 0.1186050 0.1406843 0.0889930 0.1206612 0.1225020 0.1126389 0.1167933 0.1230255 0.1194942 0.1465095 0.1131539 0.1281666 0.1387598 0.1284151 0.1413144 0.1417020 0.1246100 0.1370314 0.1217557 0.1245399 0.1230893 0.0844831 0.1211517 0.1475721 0.1379834 0.1192826 0.1233012 0.1610449 0.0946000 0.0401557 0.1498688 0.1005989 0.0898942 0.1589860 0.0971908 0.1461403 0.0919003 
S0355       0.1184358 0.1036896 0.1538122 0.1301028 0.0253314 0.1224570 0.1305116 0.1217088 0.1386599 0.1595793 0.0261930 0.0733664 0.1389071 0.0244277 0.1344032 0.1291979 0.0000000 0.1552001 0.1159653 0.1114475 0.1591401 0.1452728 0.1246353 0.1301145 0.1468611 0.1646950 0.0240909 0.1170255 0.1589801 0.1594505 0.0947977 0.0258083 0.1322096 0.1284788 0.1220066 0.1482204 0.1412110 0.1214625 0.1149476 0.1033333 0.0245840 0.1613136 0.1347212 0.0288655 0.1113823 0.1221143 0.0990646 0.1208541 0.0920382 0.0985546 0.1591322 0.1101243 0.1309352 0.0749110 0.1575510 0.1158469 0.1130852 0.1486433 0.0401594 0.1444507 0.1692266 0.1759821 0.1620389 0.1255557 0.1906066 0.1123175 0.0728817 0.0842071 0.1730134 0.1857174 0.1676718 0.0961982 0.1728723 0.1083277 0.1630534 0.0759996 0.1160795 0.1585090 0.1717631 0.1135550 0.1444355 0.1055602 0.1306445 0.1374634 0.1497364 0.0250518 0.1426766 0.1468414 0.0762754 0.0219095 0.0269231 0.0826868 0.1503866 0.1385410 0.1201826 0.1092474 0.1250296 0.1662263 0.1188749 0.1450265 0.1240059 0.1462527 0.1443375 0.1392170 0.1295225 0.1523584 0.1294363 0.1495173 0.1162320 0.1292291 0.1496232 0.1198244 0.1162966 0.1577742 0.1445264 0.1338032 0.1192704 0.1522639 0.1479511 0.1393182 0.1553313 0.1297626 0.1053336 0.1652275 0.1089398 0.1347882 0.1066052 
S0376       0.1102930 0.1118126 0.1731016 0.1272074 0.1491428 0.1282744 0.1586163 0.1312598 0.1362391 0.1774016 0.1487704 0.1587882 0.1623511 0.1519829 0.1449238 0.1575017 0.1552001 0.0000000 0.1129227 0.1145272 0.1782760 0.1259286 0.1460605 0.1487457 0.0679453 0.1614090 0.1453988 0.1434408 0.1711582 0.1432567 0.1408645 0.1547546 0.1484495 0.1335008 0.1214134 0.1648304 0.1525547 0.1355538 0.1133688 0.1194909 0.1504619 0.2037096 0.1316902 0.1587429 0.1270368 0.1172845 0.1171765 0.1203767 0.1106698 0.1166077 0.1760267 0.1383204 0.1450226 0.1496990 0.1542474 0.1430053 0.1295588 0.1431933 0.1497280 0.1698424 0.1827955 0.1835343 0.1733403 0.1169622 0.2427365 0.1231612 0.1486599 0.1497119 0.1985726 0.1935679 0.2179883 0.1116068 0.2266042 0.1335101 0.1729144 0.1526676 0.1081953 0.1800010 0.2243123 0.1117976 0.1194310 0.1263073 0.1427544 0.1519809 0.1626393 0.1411231 0.1676273 0.1543047 0.1362018 0.1422692 0.1465806 0.1592775 0.1598991 0.1648415 0.1239807 0.1105518 0.1174210 0.1832285 0.1072772 0.1470031 0.1341997 0.1754380 0.1681704 0.1141933 0.1527122 0.1605869 0.1211723 0.1550025 0.1154699 0.1316449 0.1700130 0.1440160 0.1204187 0.1696071 0.1156236 0.1496457 0.1040545 0.1670698 0.1611720 0.1603598 0.1643300 0.1584245 0.1270410 0.1645157 0.1264427 0.0731674 0.1186291 
S0400       0.0636538 0.0901910 0.1269074 0.0218412 0.1081152 0.0933549 0.1165167 0.0232747 0.0739835 0.1342683 0.1122926 0.1174164 0.1105824 0.1097732 0.1095861 0.1174339 0.1159653 0.1129227 0.0000000 0.0147374 0.1303422 0.0859037 0.1041787 0.1224924 0.1094196 0.1239717 0.1071535 0.0987253 0.1527707 0.1223174 0.1220863 0.1157710 0.1115142 0.0495474 0.0141066 0.1229063 0.1129581 0.0750837 0.0120440 0.0918801 0.1052818 0.1658902 0.0800566 0.1205364 0.1069581 0.0239500 0.0863894 0.0154756 0.0814212 0.0903843 0.1337158 0.1059319 0.1014145 0.1181062 0.1186099 0.1077132 0.0994200 0.1295472 0.1055119 0.1372056 0.1628390 0.1534501 0.0976471 0.1085709 0.1857805 0.1028387 0.1100690 0.1122924 0.1637858 0.1685061 0.1753558 0.0824258 0.1803338 0.0903764 0.1410448 0.1171593 0.0594839 0.1480997 0.1750253 0.0134153 0.0819358 0.0982453 0.1036948 0.1065077 0.1158980 0.1028589 0.1316593 0.1234914 0.1025088 0.1038622 0.1078049 0.1213428 0.1391064 0.1262333 0.0168915 0.0142480 0.0738080 0.1471642 0.0579459 0.1111314 0.1130340 0.1278884 0.1209870 0.0728285 0.1297048 0.1268770 0.1084993 0.1220406 0.0129175 0.1063723 0.1362360 0.1204582 0.0203952 0.1350238 0.0724619 0.1067834 0.0598297 0.1020558 0.1308201 0.1236978 0.1187887 0.1199778 0.0908836 0.1408152 0.0828730 0.1124696 0.0891816 
S0405       0.0566340 0.0872746 0.1270469 0.0209198 0.1028511 0.0927147 0.1167395 0.0213477 0.0688410 0.1342628 0.1070121 0.1137643 0.1085469 0.1081327 0.1051101 0.1154485 0.1114475 0.1145272 0.0147374 0.0000000 0.1268528 0.0845396 0.1035207 0.1149519 0.1045536 0.1271329 0.1009696 0.0921029 0.1487836 0.1174946 0.1166360 0.1141778 0.1052342 0.0457933 0.0107768 0.1219812 0.1113587 0.0681537 0.0132787 0.0879121 0.1046931 0.1589575 0.0790516 0.1188577 0.0992722 0.0208555 0.0826087 0.0139631 0.0769251 0.0873236 0.1288777 0.1015703 0.0954864 0.1132644 0.1174065 0.1024101 0.0934902 0.1385424 0.1049033 0.1356452 0.1576356 0.1487912 0.0910620 0.1049774 0.1832450 0.0949195 0.1034411 0.1086695 0.1587822 0.1634108 0.1692984 0.0787485 0.1730096 0.0924532 0.1370333 0.1104492 0.0578897 0.1439057 0.1687308 0.0105851 0.0767147 0.0932689 0.1013881 0.1052676 0.1144466 0.0959728 0.1267263 0.1207774 0.1003183 0.0986814 0.1034369 0.1164096 0.1380162 0.1263418 0.0173951 0.0113389 0.0677939 0.1425774 0.0524980 0.1063738 0.1118756 0.1288052 0.1171364 0.0661821 0.1251993 0.1219429 0.1059347 0.1202790 0.0149870 0.1040027 0.1342257 0.1157852 0.0180811 0.1319020 0.0648446 0.1014300 0.0544688 0.0933561 0.1309800 0.1244460 0.1162410 0.1164778 0.0888050 0.1344945 0.0765805 0.1121503 0.0852821 
S0407sl     0.1360161 0.1392305 0.0728317 0.1471579 0.1544320 0.0464542 0.1446166 0.1386232 0.1525630 0.0829112 0.1649094 0.1686515 0.0759158 0.1559809 0.0698113 0.1453183 0.1591401 0.1782760 0.1303422 0.1268528 0.0000000 0.1486544 0.0719225 0.1626627 0.1697627 0.0713184 0.1567505 0.0616232 0.1769692 0.1556870 0.1677069 0.1644855 0.0538585 0.1378460 0.1286351 0.0616761 0.0999497 0.1248671 0.1305068 0.1314569 0.1593604 0.1664403 0.1417914 0.1710714 0.1383469 0.1328376 0.1228397 0.1292050 0.1170721 0.1248811 0.1503510 0.1440548 0.0817975 0.1559354 0.1105783 0.0721290 0.1281793 0.0841985 0.1594416 0.1670293 0.1932158 0.1734840 0.1654196 0.1666135 0.1819493 0.1253662 0.1464323 0.1642698 0.1897920 0.1867604 0.1825859 0.1197547 0.1890407 0.0814255 0.1951623 0.1546491 0.1287081 0.1608540 0.1904630 0.1267210 0.1540605 0.1301111 0.0655819 0.0970531 0.1071302 0.1503859 0.0892082 0.0790140 0.1449354 0.1533115 0.1522844 0.1642456 0.1738525 0.1592489 0.1354955 0.1234651 0.1358733 0.1710230 0.1334408 0.0810578 0.1423536 0.1639225 0.0746982 0.1514733 0.1701754 0.0240628 0.1717494 0.1031124 0.1360474 0.1597862 0.1583882 0.1474208 0.1299031 0.0764720 0.1543661 0.0804154 0.1341885 0.1399956 0.1774841 0.1616585 0.1115486 0.1421746 0.1185524 0.1821938 0.1155037 0.1671640 0.1132624 
S0412sl     0.0917511 0.1276791 0.1467528 0.0982251 0.1314971 0.1156650 0.1385112 0.0965669 0.1060009 0.1522346 0.1348911 0.1439486 0.1278816 0.1324649 0.1274115 0.1350689 0.1452728 0.1259286 0.0859037 0.0845396 0.1486544 0.0000000 0.1297812 0.1465415 0.1208638 0.1490485 0.1305922 0.1130868 0.1641284 0.1172519 0.1401376 0.1429087 0.1256974 0.1051370 0.0895680 0.1472351 0.1371051 0.0996855 0.0890217 0.1132057 0.1357230 0.1748453 0.0928290 0.1458172 0.1186581 0.0886231 0.1083519 0.0865616 0.1014848 0.1099575 0.1457914 0.1228342 0.1180182 0.1359055 0.1406281 0.1221937 0.1028551 0.1475690 0.1364938 0.1462575 0.1759861 0.1582980 0.1267126 0.1166333 0.2132488 0.1038015 0.1387042 0.1396427 0.1668020 0.1833842 0.1835161 0.1025981 0.1914052 0.1035336 0.1608982 0.1415757 0.0916830 0.1604379 0.1868489 0.0850450 0.0980951 0.1150022 0.1218166 0.1275186 0.1375996 0.1299207 0.1351105 0.1322698 0.1243109 0.1321923 0.1359096 0.1473075 0.1449799 0.1523029 0.0911162 0.0788776 0.0941369 0.1684509 0.0838127 0.1290626 0.1284118 0.1512583 0.1327360 0.0878933 0.1388727 0.1486332 0.1180194 0.1447267 0.0885919 0.1153414 0.1535664 0.1290135 0.0867291 0.1489121 0.1005520 0.1139068 0.0864577 0.1136712 0.1324143 0.1331803 0.1432551 0.1341124 0.0977313 0.1601554 0.0956150 0.1210942 0.0992127 
S0417       0.1096107 0.0978391 0.0674184 0.1147092 0.1171061 0.0446797 0.1232684 0.1196637 0.1180247 0.0801521 0.1230792 0.1337676 0.0676914 0.1216161 0.0556630 0.1264975 0.1246353 0.1460605 0.1041787 0.1035207 0.0719225 0.1297812 0.0000000 0.1264696 0.1413034 0.0558609 0.1167031 0.0521387 0.1538606 0.1393691 0.1401031 0.1230089 0.0530462 0.1257816 0.1063596 0.0625926 0.0733816 0.1024941 0.1042588 0.1028760 0.1189718 0.1456709 0.1161813 0.1268334 0.1114298 0.1097691 0.0951163 0.1071093 0.0900349 0.0945318 0.1402362 0.1195458 0.0523633 0.1261530 0.0831130 0.0568775 0.1057858 0.0643373 0.1208645 0.1383062 0.1625573 0.1591411 0.1469898 0.1256058 0.1567734 0.1024446 0.1184038 0.1344999 0.1641616 0.1696110 0.1589357 0.0913807 0.1618989 0.0562472 0.1552372 0.1206375 0.1007073 0.1383317 0.1596072 0.1040462 0.1289035 0.1094059 0.0545863 0.0713012 0.0808907 0.1128345 0.0743394 0.0624581 0.1165769 0.1145343 0.1178781 0.1285436 0.1475992 0.1375760 0.1119910 0.1031224 0.1186522 0.1428342 0.1022467 0.0639774 0.1188210 0.1426506 0.0652165 0.1236185 0.1448867 0.0658358 0.1305803 0.0771972 0.1081896 0.1289462 0.1343472 0.1220154 0.1056438 0.0756818 0.1287502 0.0631544 0.1102739 0.1320610 0.1492227 0.1377075 0.0935132 0.1221260 0.0981567 0.1576006 0.0912537 0.1380705 0.0936370 
S0419       0.1217991 0.0445767 0.1527240 0.1286178 0.1284632 0.1246779 0.1351023 0.1294574 0.1423612 0.1619546 0.1292581 0.1242626 0.1409968 0.1274961 0.1391862 0.1293939 0.1301145 0.1487457 0.1224924 0.1149519 0.1626627 0.1465415 0.1264696 0.0000000 0.1424036 0.1667306 0.1258062 0.1217766 0.1585296 0.1661584 0.1446202 0.1331926 0.1329907 0.1349580 0.1234693 0.1501053 0.1399013 0.1180926 0.1214091 0.0677394 0.1301950 0.1744334 0.1366218 0.1372062 0.1120749 0.1231226 0.0403989 0.1255537 0.0357945 0.0394627 0.1518592 0.0796321 0.1269188 0.1217858 0.1464887 0.1203310 0.1034434 0.1471046 0.1199458 0.1569209 0.1663708 0.1682060 0.1801801 0.0892421 0.2087973 0.1078095 0.1158959 0.1352997 0.1691369 0.1760021 0.1769255 0.0365964 0.1877204 0.1193126 0.1681826 0.1218551 0.1130530 0.1627789 0.1876582 0.1199969 0.1365245 0.1045460 0.1374238 0.1309509 0.1428594 0.1210982 0.1438674 0.1452652 0.1274288 0.1194220 0.1261359 0.1250280 0.1549516 0.1505190 0.1287186 0.1156360 0.1236773 0.1672136 0.1182569 0.1334663 0.1341942 0.1510900 0.1551272 0.1321220 0.0792178 0.1515757 0.0957377 0.1329144 0.1261270 0.1007193 0.1548647 0.1195301 0.1237568 0.1506477 0.1438124 0.1289380 0.1217832 0.1465273 0.1540098 0.1412475 0.1428289 0.1250241 0.0994875 0.1460805 0.0942569 0.1389912 0.0978464 
S0427       0.0998987 0.1181703 0.1671992 0.1219424 0.1402689 0.1220039 0.1444828 0.1284888 0.1269891 0.1647399 0.1409794 0.1467805 0.1533951 0.1458179 0.1371328 0.1539479 0.1468611 0.0679453 0.1094196 0.1045536 0.1697627 0.1208638 0.1413034 0.1424036 0.0000000 0.1618701 0.1381260 0.1340598 0.1512218 0.1265609 0.1349786 0.1446083 0.1411758 0.1298852 0.1106644 0.1619317 0.1506210 0.1314246 0.1107891 0.1163562 0.1447918 0.1884398 0.1352043 0.1497537 0.1291309 0.1088401 0.1091246 0.1137257 0.1010774 0.1075589 0.1634683 0.1272004 0.1339981 0.1428792 0.1595370 0.1370503 0.1273415 0.1678643 0.1444193 0.1619579 0.1674934 0.1718640 0.1537327 0.1063943 0.2205678 0.1205274 0.1344318 0.1408367 0.1855834 0.1849540 0.2011143 0.1030608 0.2035448 0.1226907 0.1708309 0.1414193 0.0937688 0.1621484 0.2045229 0.1051464 0.1138139 0.1231186 0.1440915 0.1461470 0.1581917 0.1387478 0.1540406 0.1496777 0.1292282 0.1368823 0.1398585 0.1464538 0.1525694 0.1480260 0.1179024 0.1010840 0.1004985 0.1708901 0.0960377 0.1431316 0.1247194 0.1522048 0.1577363 0.1076815 0.1326607 0.1554414 0.1112631 0.1502643 0.1089573 0.1178868 0.1518242 0.1444490 0.1138791 0.1648626 0.1098212 0.1342938 0.1025079 0.1612254 0.1480367 0.1458939 0.1529314 0.1412367 0.1231619 0.1557861 0.1154064 0.0692570 0.1239497 
S0428sl     0.1281568 0.1199239 0.0613235 0.1443068 0.1303475 0.0498216 0.1717502 0.1357749 0.1490451 0.0876976 0.1577533 0.1683425 0.0657524 0.1462952 0.0641130 0.1311936 0.1646950 0.1614090 0.1239717 0.1271329 0.0713184 0.1490485 0.0558609 0.1667306 0.1618701 0.0000000 0.1434418 0.0417111 0.1719685 0.1506434 0.1656944 0.1534099 0.0538607 0.1358836 0.1251419 0.0697968 0.1032164 0.1263475 0.1283500 0.1082872 0.1488239 0.1792591 0.1280030 0.1681918 0.1024709 0.1395892 0.1113884 0.1310266 0.1110532 0.1203485 0.1486806 0.1256052 0.0562357 0.1490445 0.0840336 0.0533178 0.1192780 0.0677199 0.1453844 0.1597940 0.1890804 0.1800504 0.1929986 0.1400663 0.2036907 0.0980427 0.1266076 0.1681673 0.1871783 0.1865648 0.1980440 0.1086651 0.1988795 0.0640890 0.1863053 0.1369089 0.1363646 0.1757330 0.1994028 0.1281440 0.1643879 0.1305379 0.0429231 0.0824325 0.0912007 0.1378057 0.0711765 0.0712380 0.1516622 0.1429252 0.1335746 0.1541427 0.1672365 0.1723003 0.1244313 0.1239757 0.1373238 0.1805414 0.1133245 0.0870589 0.1407144 0.1895601 0.0720436 0.1537210 0.1719018 0.0599810 0.1346982 0.0817956 0.1255431 0.1178866 0.1793586 0.1437177 0.1218835 0.0707626 0.1615354 0.0507582 0.1537812 0.1259630 0.1583675 0.1359605 0.1009401 0.1230463 0.1084828 0.1488920 0.1116288 0.1699520 0.1100907 
S0430       0.1060375 0.0874577 0.1426565 0.1202403 0.0046806 0.1177726 0.1202600 0.1154109 0.1256625 0.1547753 0.0214172 0.0660707 0.1352843 0.0170515 0.1323676 0.1215368 0.0240909 0.1453988 0.1071535 0.1009696 0.1567505 0.1305922 0.1167031 0.1258062 0.1381260 0.1434418 0.0000000 0.1108705 0.1532486 0.1512788 0.0911185 0.0205494 0.1259691 0.1223908 0.1092577 0.1431938 0.1310198 0.1094796 0.1052328 0.0937101 0.0165125 0.1553935 0.1256230 0.0228146 0.1080494 0.1104959 0.0930397 0.1110629 0.0852171 0.0915614 0.1449432 0.1011996 0.1245703 0.0658563 0.1463674 0.1156378 0.1037300 0.1371389 0.0317601 0.1345799 0.1656157 0.1605157 0.1558004 0.1138016 0.1900541 0.0989799 0.0662108 0.0774957 0.1612686 0.1764321 0.1620041 0.0884484 0.1738735 0.0985875 0.1500437 0.0694781 0.1043901 0.1463880 0.1697715 0.1020630 0.1290887 0.1013976 0.1236611 0.1246939 0.1369111 0.0040839 0.1416445 0.1391513 0.0689617 0.0020096 0.0067486 0.0752885 0.1408655 0.1277116 0.1114399 0.1003835 0.1132594 0.1535403 0.1073677 0.1292538 0.1144034 0.1325714 0.1397254 0.1233218 0.1252468 0.1484927 0.1164695 0.1345189 0.1041570 0.1208979 0.1348921 0.1158976 0.1065976 0.1512099 0.1339423 0.1285037 0.1071865 0.1439147 0.1422721 0.1322166 0.1400724 0.1257257 0.0951462 0.1591871 0.0993435 0.1273180 0.0955478 
S0478       0.1009182 0.1014785 0.0611879 0.1086998 0.1135330 0.0356501 0.1226498 0.1056514 0.1129900 0.0770774 0.1191735 0.1245937 0.0563607 0.1189253 0.0480820 0.1139813 0.1170255 0.1434408 0.0987253 0.0921029 0.0616232 0.1130868 0.0521387 0.1217766 0.1340598 0.0417111 0.1108705 0.0000000 0.1375610 0.1277215 0.1325367 0.1219864 0.0486504 0.1131303 0.0974437 0.0592707 0.0770384 0.0959964 0.0990232 0.0906468 0.1164594 0.1377051 0.1109444 0.1259257 0.0955757 0.1025949 0.0861694 0.0987173 0.0804068 0.0874627 0.1215252 0.1027534 0.0506054 0.1175696 0.0852053 0.0466203 0.0903685 0.0556226 0.1150401 0.1252573 0.1522557 0.1373786 0.1349305 0.1089318 0.1551878 0.0889470 0.1051188 0.1210522 0.1474207 0.1558393 0.1467004 0.0825363 0.1559262 0.0420615 0.1464694 0.1118245 0.0905863 0.1314860 0.1545308 0.0934592 0.1158741 0.0958693 0.0440853 0.0715097 0.0800025 0.1110048 0.0702679 0.0620383 0.1083188 0.1099150 0.1113586 0.1188757 0.1339015 0.1274818 0.1029322 0.0895464 0.1067564 0.1474658 0.0965503 0.0624678 0.1134923 0.1385668 0.0649067 0.1146333 0.1270029 0.0616029 0.1117965 0.0731912 0.1018378 0.1143645 0.1358209 0.1095209 0.0967466 0.0663869 0.1180981 0.0563314 0.1012782 0.1294080 0.1340633 0.1265327 0.0858529 0.1088711 0.0840176 0.1468894 0.0805928 0.1311365 0.0807617 
S0552sl     0.1403077 0.1216897 0.1591046 0.1650040 0.1549695 0.1351877 0.1327032 0.1636699 0.1752024 0.1623350 0.1612433 0.1626866 0.1609612 0.1559806 0.1572296 0.1270012 0.1589801 0.1711582 0.1527707 0.1487836 0.1769692 0.1641284 0.1538606 0.1585296 0.1512218 0.1719685 0.1532486 0.1375610 0.0000000 0.1637053 0.1547415 0.1580590 0.1387691 0.1724016 0.1511118 0.1595998 0.1520080 0.1598035 0.1518748 0.1215366 0.1543712 0.2095622 0.1646632 0.1630797 0.1407119 0.1542255 0.1203499 0.1580131 0.1144088 0.1197628 0.0725301 0.1299588 0.1511313 0.1593440 0.1604435 0.1473227 0.1370466 0.1613040 0.1520256 0.0543941 0.0388457 0.0488034 0.2101780 0.1457946 0.2506160 0.1311187 0.1549635 0.1562622 0.0765706 0.0823262 0.2177335 0.1190920 0.2277845 0.1256753 0.0828560 0.1608411 0.1389511 0.1234531 0.2265193 0.1504663 0.1653657 0.1238117 0.1546411 0.1435403 0.1531229 0.1502478 0.1723205 0.1553669 0.1445690 0.1507698 0.1533789 0.1634208 0.1484499 0.1359036 0.1627159 0.1390623 0.1490043 0.1312458 0.1446074 0.1767587 0.1000679 0.1364586 0.1571312 0.1598272 0.1603038 0.1593597 0.1465529 0.1460864 0.1597371 0.1473192 0.1248277 0.1222976 0.1520749 0.1619009 0.1638601 0.1483936 0.1476517 0.1960820 0.1399376 0.1388857 0.1593486 0.0923396 0.1331809 0.1793294 0.1274553 0.1479976 0.1294389 
S0558       0.1128077 0.1372550 0.1708203 0.1306484 0.1588279 0.1297103 0.1606756 0.1373466 0.1372987 0.1640110 0.1563346 0.1642386 0.1538215 0.1578699 0.1443969 0.1467538 0.1594505 0.1432567 0.1223174 0.1174946 0.1556870 0.1172519 0.1393691 0.1661584 0.1265609 0.1506434 0.1512788 0.1277215 0.1637053 0.0000000 0.1637732 0.1637031 0.1448701 0.1384133 0.1228805 0.1642337 0.1570916 0.1194111 0.1212937 0.1287358 0.1500824 0.1907020 0.1191811 0.1685379 0.1460046 0.1251322 0.1247972 0.1218828 0.1194020 0.1240283 0.1595173 0.1410094 0.1456636 0.1567501 0.1680160 0.1437149 0.1394216 0.1470725 0.1543333 0.1619572 0.1834846 0.1765963 0.1598662 0.1375354 0.2324740 0.1410835 0.1559224 0.1575359 0.1767150 0.1869897 0.2110712 0.1226291 0.2106754 0.1238393 0.1735688 0.1634953 0.0960764 0.1636312 0.2061582 0.1163240 0.1296224 0.1318545 0.1443782 0.1527745 0.1636901 0.1552365 0.1536551 0.1499572 0.1472534 0.1514695 0.1586310 0.1606395 0.1571083 0.1732588 0.1243899 0.1123092 0.1220952 0.1659263 0.1183077 0.1466184 0.1360753 0.1673171 0.1547675 0.1193520 0.1650326 0.1541973 0.1388794 0.1557930 0.1206614 0.1451626 0.1612132 0.1499615 0.1269096 0.1650215 0.1242237 0.1425958 0.1155315 0.1474163 0.1460225 0.1505828 0.1701325 0.1473695 0.1330582 0.1747480 0.1205298 0.1342162 0.1246253 
S0616       0.1181226 0.1048870 0.1640218 0.1359413 0.0950842 0.1362655 0.1392528 0.1198244 0.1373002 0.1716951 0.0936956 0.0986091 0.1507314 0.0976264 0.1370775 0.1406190 0.0947977 0.1408645 0.1220863 0.1166360 0.1677069 0.1401376 0.1401031 0.1446202 0.1349786 0.1656944 0.0911185 0.1325367 0.1547415 0.1637732 0.0000000 0.0989206 0.1478877 0.1375693 0.1111675 0.1704798 0.1498979 0.1248709 0.1202690 0.1132258 0.0949617 0.1759429 0.1296587 0.1025143 0.1236553 0.1222663 0.1062327 0.1253275 0.0999235 0.1052244 0.1519156 0.1236911 0.1412446 0.0986503 0.1620619 0.1315533 0.1189137 0.1636634 0.0884724 0.1475680 0.1645078 0.1679815 0.1726846 0.1227192 0.2152300 0.1158113 0.0875977 0.0893182 0.1720956 0.1824697 0.1846432 0.1029197 0.1859382 0.1172972 0.1502019 0.0905137 0.1230435 0.1574627 0.1807113 0.1188164 0.1353302 0.1104568 0.1435869 0.1442791 0.1583684 0.0886631 0.1618205 0.1575024 0.0432721 0.0865593 0.0936334 0.1030141 0.1415149 0.1465255 0.1267189 0.1109811 0.1208611 0.1664710 0.1082623 0.1513004 0.1280819 0.1487499 0.1581172 0.1259343 0.1513761 0.1582785 0.1260164 0.1535897 0.1191113 0.1218627 0.1520983 0.1321663 0.1192670 0.1634866 0.1405548 0.1397204 0.1204992 0.1530123 0.1369309 0.1468029 0.1599750 0.1245319 0.1178029 0.1815663 0.1187837 0.1305217 0.1163493 
