129
PAFTOL_019361 0.0000000 0.2840926 0.3138734 0.3312320 0.3384257 0.3089604 0.3314200 0.3123997 0.3153595 0.3137543 0.3207245 0.3244532 0.3338856 0.3620208 0.3232797 0.3497066 0.2952836 0.3234120 0.3507763 0.3434272 0.2836260 0.3167153 0.2940644 0.3146773 0.3330364 0.3161401 0.3199099 0.2750292 0.3113558 0.3478015 0.3025714 0.3360420 0.3185193 0.3357137 0.2898585 0.3205496 0.3068397 0.3004417 0.3393470 0.3056729 0.3012064 0.3127411 0.3214662 0.3396962 0.2840249 0.3404274 0.3468993 0.3103991 0.2853268 0.3345486 0.3124285 0.3222417 0.3154812 0.3133803 0.3653112 0.3338027 0.3102187 0.3583737 0.3031992 0.2868389 0.3093006 0.3237052 0.3376044 0.3538168 0.3617804 0.3437022 0.3197072 0.3347930 0.3059677 0.3207726 0.3635535 0.3293758 0.3456203 0.3569771 0.2899818 0.3116970 0.2945461 0.3101338 0.3745586 0.3202278 0.3646201 0.3089590 0.3411785 0.2889738 0.3155829 0.3066853 0.3123811 0.3202131 0.3283903 0.2967958 0.3186359 0.3443928 0.3486151 0.3319656 0.3101404 0.3540835 0.3323044 0.3169099 0.3129447 0.3197066 0.3013244 0.3502502 0.2728870 0.3026552 0.3424921 0.3245629 0.3391336 0.3153592 0.3100376 0.3276632 0.3305447 0.3168112 0.3407717 0.3097592 0.3140142 0.3594259 0.3018868 0.3131050 0.2948250 0.3035175 0.3039151 0.3275966 0.3265441 0.2936547 0.3268708 0.2942569 0.3162293 0.3067871 0.2954297 
S0055         0.2840926 0.0000000 0.0968977 0.1144898 0.1339100 0.0670072 0.1284278 0.1041149 0.1161798 0.0678356 0.0830954 0.1117343 0.1299442 0.1403458 0.1136925 0.1356963 0.0985293 0.1203060 0.1779429 0.1306811 0.0733744 0.0644202 0.0498649 0.1113908 0.1310124 0.1023890 0.1097984 0.0781282 0.1063754 0.1366299 0.1063444 0.1363195 0.0909634 0.1353579 0.1009497 0.1081417 0.0694055 0.0559698 0.1243703 0.0990618 0.0668684 0.0679260 0.1161778 0.1313671 0.1429191 0.1290680 0.1328075 0.1055942 0.0543292 0.1229544 0.1042461 0.0696857 0.1061882 0.1041976 0.1475562 0.1224239 0.0971953 0.1421420 0.0902408 0.0849867 0.1021123 0.1170793 0.1158023 0.1241661 0.1447173 0.1403839 0.0862784 0.1274738 0.1526404 0.1039954 0.1347621 0.1086033 0.1385174 0.1421715 0.1465014 0.1055016 0.1505128 0.0990284 0.1370500 0.1180773 0.1353099 0.0708576 0.1326911 0.1469489 0.0694926 0.0725622 0.0979506 0.0985092 0.1273001 0.0959890 0.1132782 0.1281111 0.1383291 0.1272880 0.0669639 0.1411838 0.1250962 0.1188644 0.0733390 0.0645141 0.0442614 0.1337768 0.0480617 0.0917636 0.1330594 0.1256406 0.1212337 0.0726175 0.1085342 0.1126915 0.1200272 0.0673234 0.1264489 0.1167446 0.0726916 0.1273212 0.0589560 0.1003986 0.0606443 0.0723248 0.1209520 0.1300207 0.1222678 0.0912422 0.1173154 0.0932406 0.1157471 0.0798139 0.0911535 
S0196sl       0.3138734 0.0968977 0.0000000 0.1050569 0.0574657 0.0961280 0.1128873 0.0915502 0.0772173 0.1001079 0.1108984 0.1068655 0.1188074 0.1201710 0.1010462 0.1235801 0.0889800 0.1023714 0.1373691 0.1205027 0.1000729 0.0960770 0.0802366 0.0994504 0.0673397 0.0880395 0.0116629 0.1011907 0.0937719 0.1199895 0.0894469 0.1147421 0.1303607 0.1190663 0.0951703 0.0915678 0.1084389 0.0868267 0.1084112 0.0929405 0.0930097 0.1001405 0.0392503 0.1213913 0.1335570 0.0634150 0.1200406 0.0850286 0.0931700 0.1004319 0.0066080 0.1000855 0.0105455 0.0082889 0.1241920 0.0422887 0.0887686 0.1206639 0.0893028 0.0589849 0.0947167 0.1051185 0.0940136 0.0988092 0.1215221 0.1157311 0.1245328 0.0573681 0.1503194 0.0784057 0.1176637 0.1041056 0.1158707 0.1181939 0.1365305 0.0082853 0.1425016 0.0970587 0.1079751 0.0929376 0.1182930 0.1084936 0.1068090 0.1394218 0.0982679 0.1163608 0.0800573 0.0883172 0.1142972 0.0848649 0.0987078 0.1097999 0.1265388 0.1129407 0.0964169 0.1194001 0.1033980 0.0842507 0.1027775 0.0947268 0.1003590 0.1030770 0.0914135 0.0826451 0.0920208 0.0824590 0.1061957 0.1145025 0.0128308 0.1001678 0.0515714 0.0945220 0.0969764 0.0891453 0.1111080 0.1149692 0.0995204 0.0993256 0.0955721 0.0947873 0.0931732 0.1102291 0.0926484 0.0628209 0.1202408 0.0322095 0.0912170 0.0935829 0.0660358 
S0278         0.3312320 0.1144898 0.1050569 0.0000000 0.1374627 0.1196476 0.1253188 0.0404175 0.1188634 0.1188183 0.1387273 0.0498110 0.1345845 0.1431245 0.0507415 0.1362800 0.0504895 0.1439712 0.1994353 0.1329822 0.1243842 0.1176171 0.1047180 0.0488364 0.1384311 0.0448120 0.1146438 0.1281762 0.0594578 0.1351111 0.0587392 0.1390697 0.1347070 0.1430379 0.1169534 0.0415258 0.1213062 0.1064331 0.0583434 0.0791379 0.1108184 0.1187739 0.1230112 0.1320229 0.1541854 0.1281606 0.1318811 0.1217416 0.1059440 0.1210062 0.1090493 0.1203036 0.1119336 0.1077398 0.1531393 0.1308893 0.0762944 0.1458463 0.0742490 0.0906320 0.0469631 0.1238751 0.1137209 0.1317672 0.1404261 0.1339546 0.1394049 0.1445199 0.1705796 0.1148294 0.1470302 0.1203768 0.1476362 0.1582093 0.1564753 0.1096854 0.1595110 0.0705782 0.1430935 0.1294266 0.1468190 0.1297315 0.1380967 0.1573712 0.1220609 0.1294346 0.1173400 0.0486392 0.1271741 0.0682497 0.0485820 0.1351910 0.1358779 0.1250897 0.1203002 0.1490369 0.1505878 0.1259829 0.1265542 0.1145952 0.1224099 0.1421765 0.1047193 0.0697164 0.1370817 0.1276680 0.0528464 0.1304808 0.1136230 0.0540770 0.1377920 0.1204699 0.1305881 0.1343594 0.1238434 0.0547182 0.1178531 0.0873213 0.1111084 0.1139570 0.1403997 0.1533120 0.1288623 0.0941615 0.1276957 0.0985461 0.1354651 0.1213062 0.0984297 
S0281         0.3384257 0.1339100 0.0574657 0.1374627 0.0000000 0.1351634 0.1464393 0.1225370 0.1123605 0.1360617 0.1508853 0.1353590 0.1513255 0.1542120 0.1345310 0.1573551 0.1276111 0.1341705 0.1701887 0.1554580 0.1457668 0.1329104 0.1178189 0.1351570 0.0958413 0.1254872 0.0690461 0.1394815 0.1313573 0.1560544 0.1286348 0.1410228 0.1565980 0.1530306 0.1227617 0.1299362 0.1402543 0.1241638 0.1451785 0.1297898 0.1322699 0.1393155 0.0650938 0.1543055 0.1751072 0.0931278 0.1530363 0.1148090 0.1249997 0.1279660 0.0622081 0.1370696 0.0678049 0.0652824 0.1596664 0.0700135 0.1283509 0.1573939 0.1260509 0.0958191 0.1276554 0.1377841 0.1243814 0.1332708 0.1516580 0.1465790 0.1628514 0.0777201 0.1929326 0.1129111 0.1567882 0.1286536 0.1444299 0.1497475 0.1763570 0.0652535 0.1820919 0.1258013 0.1389642 0.1349806 0.1593935 0.1428957 0.1400751 0.1782646 0.1356711 0.1467376 0.1113577 0.1234577 0.1486914 0.1241813 0.1253698 0.1490908 0.1605654 0.1458265 0.1356103 0.1551327 0.1329772 0.1179914 0.1389395 0.1304093 0.1324981 0.1389163 0.1204601 0.1216697 0.1302114 0.1204036 0.1414521 0.1461679 0.0678830 0.1390638 0.0713204 0.1336082 0.1311101 0.1292204 0.1481602 0.1519122 0.1359364 0.1350963 0.1282713 0.1349745 0.1244092 0.1413634 0.1265219 0.0978945 0.1489309 0.0734522 0.1318550 0.1349603 0.1014336 
S0282         0.3089604 0.0670072 0.0961280 0.1196476 0.1351634 0.0000000 0.1319945 0.1112668 0.1166798 0.0200566 0.0806304 0.1173768 0.1380198 0.1458926 0.1154637 0.1408443 0.1030289 0.1268364 0.1517296 0.1395528 0.0847860 0.0162722 0.0152518 0.1128925 0.1305325 0.1033100 0.1086060 0.0832394 0.1059239 0.1405703 0.1137283 0.1400502 0.0925896 0.1415165 0.1118136 0.1126632 0.0739353 0.0179384 0.1342777 0.1053544 0.0718824 0.0180018 0.1121407 0.1364470 0.1436996 0.1207683 0.1392467 0.1066328 0.0313926 0.1273454 0.1019627 0.0189386 0.1054199 0.1045062 0.1564099 0.1196211 0.1025377 0.1446723 0.1020822 0.0845381 0.1044586 0.1210166 0.1210275 0.1325626 0.1482272 0.1424143 0.0868449 0.1272602 0.1614644 0.1100157 0.1410711 0.1169263 0.1463695 0.1522676 0.1476447 0.1045073 0.1526947 0.0889895 0.1387657 0.1212055 0.1440126 0.0721428 0.1370004 0.1506288 0.0178573 0.0735565 0.1057028 0.1033779 0.1311784 0.1004194 0.1160353 0.1322875 0.1442705 0.1297041 0.0211773 0.1453562 0.1296260 0.1194306 0.0226402 0.0217036 0.0736302 0.1383505 0.0497896 0.0981991 0.1330553 0.1213589 0.1289171 0.0767156 0.1068988 0.1184542 0.1200224 0.0152969 0.1211757 0.1147134 0.0489827 0.1290698 0.0702935 0.1072690 0.0640885 0.0715935 0.1216610 0.1322347 0.1261969 0.0887106 0.1160636 0.0895981 0.1152293 0.0824471 0.0897819 
S0288         0.3314200 0.1284278 0.1128873 0.1253188 0.1464393 0.1319945 0.0000000 0.1140764 0.1278401 0.1322321 0.1475587 0.1252264 0.0133830 0.1129441 0.1220600 0.0211063 0.1132381 0.1389365 0.1759833 0.0169144 0.1381064 0.1275989 0.1158127 0.1218978 0.1430732 0.1168760 0.1274621 0.1371345 0.1150606 0.0255003 0.1155021 0.1533211 0.1485118 0.0767154 0.0247425 0.1217723 0.1345114 0.1207632 0.1366811 0.1221708 0.1278186 0.1363413 0.1285690 0.0195308 0.1589900 0.1410037 0.0106408 0.1205104 0.1195799 0.1425829 0.1179820 0.1336148 0.1224093 0.1208323 0.1695007 0.1398462 0.1186210 0.1078975 0.1166014 0.0991439 0.1178698 0.0366320 0.1329554 0.1440496 0.1564215 0.1571368 0.1567436 0.1367588 0.1788432 0.1265290 0.1080282 0.0868792 0.1582605 0.1627837 0.1594689 0.1221939 0.1697120 0.1073867 0.1578251 0.1320786 0.1092002 0.1384664 0.1473831 0.1660379 0.1363704 0.1372121 0.1205525 0.1134428 0.0172470 0.1174655 0.1269208 0.0677702 0.0233783 0.0092175 0.1353691 0.1065170 0.1452317 0.1335989 0.1403485 0.1275060 0.1288972 0.1508231 0.1136516 0.1103927 0.1416312 0.1370947 0.1334477 0.1367796 0.1216981 0.1271648 0.1351494 0.1322508 0.1433787 0.1311017 0.1417922 0.1391784 0.1266833 0.1204872 0.1195388 0.1266549 0.1370867 0.1522471 0.1389473 0.1033959 0.1333117 0.1051987 0.1294346 0.1391728 0.1036428 
S0289         0.3123997 0.1041149 0.0915502 0.0404175 0.1225370 0.1112668 0.1140764 0.0000000 0.1062173 0.1121481 0.1274751 0.0415356 0.1190543 0.1312753 0.0370148 0.1207950 0.0393951 0.1307721 0.1794268 0.1183350 0.1122568 0.1096727 0.0908382 0.0348849 0.1218138 0.0355218 0.1017584 0.1111757 0.0487926 0.1182264 0.0460006 0.1285702 0.1236293 0.1320416 0.1006046 0.0338249 0.1109952 0.0982364 0.0500899 0.0653956 0.1036363 0.1111724 0.1061421 0.1168180 0.1412572 0.1241259 0.1172931 0.1104258 0.1009709 0.1116154 0.0949331 0.1115734 0.0997461 0.0962442 0.1415280 0.1138420 0.0622495 0.1328075 0.0626840 0.0801099 0.0374468 0.1096182 0.1082953 0.1212829 0.1320445 0.1275411 0.1255534 0.1197547 0.1604235 0.1002240 0.1315484 0.1098622 0.1344135 0.1433986 0.1428765 0.0975452 0.1489839 0.0628884 0.1318624 0.1148539 0.1314490 0.1138770 0.1211743 0.1474429 0.1141138 0.1201166 0.1058770 0.0360093 0.1109563 0.0526101 0.0332833 0.1223853 0.1225698 0.1115653 0.1114794 0.1373290 0.1340118 0.1125793 0.1178847 0.1079028 0.1109448 0.1262571 0.0981383 0.0543800 0.1215898 0.1133052 0.0406669 0.1191145 0.1013941 0.0446336 0.1161774 0.1124841 0.1200709 0.1203370 0.1210460 0.0493877 0.1062284 0.0676199 0.0996665 0.1034410 0.1223883 0.1357340 0.1108811 0.0844478 0.1131422 0.0854763 0.1208681 0.1086746 0.0887777 
S0292         0.3153595 0.1161798 0.0772173 0.1188634 0.1123605 0.1166798 0.1278401 0.1062173 0.0000000 0.1170226 0.1360463 0.1113235 0.1309642 0.1319270 0.1126164 0.1351514 0.1065965 0.1002404 0.1221616 0.1367333 0.1186320 0.1152799 0.0965435 0.1122125 0.1104485 0.1042156 0.0889460 0.1179043 0.1061261 0.1363571 0.1004541 0.1036938 0.1375489 0.1292363 0.1058001 0.1088470 0.1206672 0.1047747 0.1288416 0.1069598 0.1113882 0.1193122 0.0977144 0.1310390 0.1565269 0.1061316 0.1327695 0.0939108 0.1089284 0.0872043 0.0842790 0.1191579 0.0863265 0.0836406 0.1149839 0.1017548 0.1048812 0.1381498 0.0974540 0.0685733 0.1055073 0.1175805 0.0840314 0.0945436 0.1086389 0.1039321 0.1378860 0.1104747 0.1705467 0.0931023 0.1325351 0.1068468 0.1060028 0.1061507 0.1595496 0.0848906 0.1617802 0.1043385 0.1007598 0.0970935 0.1330855 0.1226781 0.0604056 0.1588410 0.1172465 0.1253323 0.0885894 0.1038848 0.1276903 0.1024953 0.1159972 0.1255479 0.1366377 0.1284365 0.1126163 0.1360178 0.1052998 0.0233538 0.1204265 0.1100096 0.1169418 0.0542251 0.1004109 0.0932455 0.0358523 0.0176663 0.1182929 0.1328716 0.0878654 0.1161091 0.1027388 0.1152220 0.0594969 0.0868874 0.1261065 0.1257841 0.1134552 0.1119484 0.1100482 0.1113245 0.0962594 0.1059808 0.0888095 0.0707288 0.1206956 0.0711276 0.0908989 0.1172785 0.0776911 
S0293         0.3137543 0.0678356 0.1001079 0.1188183 0.1360617 0.0200566 0.1322321 0.1121481 0.1170226 0.0000000 0.0797344 0.1169389 0.1368555 0.1484205 0.1134401 0.1410983 0.0987207 0.1235887 0.1471036 0.1376549 0.0844763 0.0195284 0.0169608 0.1109579 0.1336262 0.1030201 0.1108596 0.0828842 0.1086930 0.1386674 0.1105497 0.1414040 0.0943001 0.1427178 0.1091248 0.1122932 0.0717631 0.0207844 0.1288145 0.1034873 0.0715369 0.0219668 0.1137484 0.1366906 0.1461504 0.1224395 0.1380937 0.1069387 0.0326402 0.1271370 0.1054754 0.0227769 0.1076554 0.1067309 0.1564230 0.1219796 0.0995274 0.1458760 0.1016221 0.0847699 0.1042349 0.1233564 0.1199331 0.1299611 0.1481973 0.1422249 0.0859029 0.1303269 0.1630819 0.1096557 0.1386853 0.1229946 0.1478497 0.1507705 0.1523201 0.1067321 0.1537284 0.0906663 0.1401180 0.1188011 0.1416227 0.0743591 0.1366812 0.1524327 0.0206083 0.0762442 0.1044656 0.1029960 0.1300079 0.0992212 0.1131604 0.1319800 0.1430468 0.1292551 0.0266715 0.1443739 0.1263813 0.1191421 0.0254618 0.0239700 0.0764668 0.1372496 0.0493645 0.0964479 0.1333346 0.1209108 0.1276430 0.0782626 0.1078319 0.1173953 0.1230276 0.0185517 0.1207468 0.1135326 0.0520157 0.1262611 0.0699433 0.1068169 0.0631272 0.0706424 0.1191835 0.1275838 0.1259969 0.0883057 0.1135722 0.0910988 0.1141634 0.0820797 0.0900317 
S0294         0.3207245 0.0830954 0.1108984 0.1387273 0.1508853 0.0806304 0.1475587 0.1274751 0.1360463 0.0797344 0.0000000 0.1367356 0.1549516 0.1672030 0.1312620 0.1553387 0.1119609 0.1361773 0.1679151 0.1547666 0.0949431 0.0781482 0.0624199 0.1281019 0.1490510 0.1170803 0.1235613 0.0951797 0.1261654 0.1586328 0.1246956 0.1659169 0.1083764 0.1565648 0.1294077 0.1283255 0.0875518 0.0695334 0.1485319 0.1176371 0.0817555 0.0798047 0.1292234 0.1521720 0.1527186 0.1354118 0.1537226 0.1174640 0.0711143 0.1502598 0.1182133 0.0816806 0.1226107 0.1167782 0.1757034 0.1388566 0.1139458 0.1651412 0.1117892 0.0969203 0.1252496 0.1373521 0.1413286 0.1549152 0.1766047 0.1651292 0.0505344 0.1458552 0.1701799 0.1206434 0.1576532 0.1358457 0.1640185 0.1695228 0.1599026 0.1202306 0.1639191 0.1085532 0.1589100 0.1317603 0.1575079 0.0955403 0.1585886 0.1593083 0.0802019 0.0890648 0.1230904 0.1139641 0.1488702 0.1103299 0.1325522 0.1517863 0.1597012 0.1478572 0.0808326 0.1638280 0.1383055 0.1372986 0.0861444 0.0781234 0.0900537 0.1526270 0.0692161 0.1103102 0.1477576 0.1386957 0.1425332 0.0911594 0.1212800 0.1316424 0.1384709 0.0771976 0.1437964 0.1329061 0.0916364 0.1485255 0.0835303 0.1182117 0.0775407 0.0691743 0.1352005 0.1424056 0.1481567 0.1027785 0.1363368 0.1038588 0.1296577 0.0973316 0.1071044 
S0299         0.3244532 0.1117343 0.1068655 0.0498110 0.1353590 0.1173768 0.1252264 0.0415356 0.1113235 0.1169389 0.1367356 0.0000000 0.1343679 0.1465431 0.0397973 0.1387341 0.0511154 0.1434837 0.1964902 0.1355439 0.1151889 0.1150994 0.1003266 0.0485475 0.1276723 0.0462532 0.1160739 0.1168849 0.0607143 0.1344547 0.0542564 0.1350318 0.1238660 0.1477010 0.1120088 0.0406299 0.1178895 0.1052274 0.0561710 0.0802710 0.1088770 0.1144259 0.1169960 0.1326943 0.1488937 0.1343202 0.1317613 0.1209930 0.1051543 0.1200489 0.1087247 0.1200765 0.1139779 0.1101452 0.1519183 0.1250767 0.0742472 0.1484024 0.0758639 0.0926404 0.0495399 0.1231773 0.1151782 0.1323375 0.1408186 0.1354959 0.1368818 0.1360381 0.1678035 0.1192144 0.1428769 0.1276084 0.1444223 0.1482089 0.1494714 0.1115541 0.1569096 0.0813280 0.1453384 0.1230579 0.1441873 0.1154162 0.1326632 0.1544275 0.1197991 0.1221642 0.1163814 0.0429201 0.1268223 0.0652723 0.0394041 0.1376543 0.1367910 0.1244014 0.1185744 0.1519301 0.1442044 0.1189748 0.1230873 0.1108235 0.1165209 0.1353937 0.0965590 0.0630549 0.1301563 0.1197804 0.0497533 0.1217531 0.1150550 0.0523109 0.1305999 0.1179656 0.1275466 0.1263504 0.1256826 0.0511940 0.1124559 0.0805140 0.1028583 0.1117859 0.1324240 0.1471409 0.1258881 0.0987797 0.1212226 0.0968550 0.1288912 0.1174168 0.1016305 
S0303         0.3338856 0.1299442 0.1188074 0.1345845 0.1513255 0.1380198 0.0133830 0.1190543 0.1309642 0.1368555 0.1549516 0.1343679 0.0000000 0.1160794 0.1284274 0.0212075 0.1201850 0.1411980 0.1845423 0.0153815 0.1437232 0.1342531 0.1218244 0.1274813 0.1489529 0.1225135 0.1304358 0.1402869 0.1227726 0.0256019 0.1195189 0.1573399 0.1566872 0.0770295 0.0244649 0.1295473 0.1402168 0.1268345 0.1448547 0.1214890 0.1300667 0.1445075 0.1324239 0.0169154 0.1659410 0.1454655 0.0117078 0.1218159 0.1256909 0.1472645 0.1217455 0.1389107 0.1262220 0.1246250 0.1736209 0.1422808 0.1193187 0.1046106 0.1167413 0.1042111 0.1268280 0.0389948 0.1368790 0.1478811 0.1605974 0.1566000 0.1584964 0.1401474 0.1828043 0.1273543 0.1114595 0.0932594 0.1632234 0.1686142 0.1664177 0.1259987 0.1752080 0.1113736 0.1605564 0.1353608 0.1126414 0.1470324 0.1499263 0.1731385 0.1402271 0.1456367 0.1265429 0.1188591 0.0162218 0.1196915 0.1319593 0.0704963 0.0283493 0.0161132 0.1414864 0.1047543 0.1469802 0.1350893 0.1432016 0.1335752 0.1328400 0.1526946 0.1203547 0.1139929 0.1480555 0.1411521 0.1408082 0.1464969 0.1255034 0.1349790 0.1390296 0.1384105 0.1459130 0.1334502 0.1510511 0.1453122 0.1330743 0.1220676 0.1283196 0.1296871 0.1371693 0.1545695 0.1413274 0.1056770 0.1411863 0.1088578 0.1316486 0.1436872 0.1058808 
S0308         0.3620208 0.1403458 0.1201710 0.1431245 0.1542120 0.1458926 0.1129441 0.1312753 0.1319270 0.1484205 0.1672030 0.1465431 0.1160794 0.0000000 0.1392452 0.1175275 0.1313434 0.1450579 0.2229053 0.1163238 0.1504435 0.1454633 0.1312610 0.1396946 0.1463911 0.1322090 0.1313139 0.1516414 0.1406952 0.1182379 0.1364179 0.1756982 0.1640785 0.1113455 0.1013870 0.1369977 0.1499605 0.1331337 0.1563594 0.1372646 0.1413626 0.1482281 0.1385457 0.1151670 0.1833857 0.1442896 0.1151409 0.1360044 0.1335404 0.1503361 0.1247273 0.1463857 0.1269752 0.1260283 0.1763361 0.1434055 0.1333256 0.1279062 0.1297085 0.1161621 0.1425297 0.1021862 0.1477814 0.1610698 0.1742688 0.1781454 0.1690088 0.1506792 0.1969540 0.1387110 0.1282773 0.1008198 0.1759053 0.1772702 0.1810247 0.1260301 0.1889426 0.1450419 0.1729246 0.1416753 0.1304209 0.1564986 0.1588585 0.1869203 0.1489286 0.1522796 0.1352093 0.1297057 0.1078874 0.1334985 0.1423443 0.1076038 0.1184872 0.1118458 0.1461289 0.1272115 0.1547046 0.1406690 0.1545355 0.1394427 0.1470849 0.1588921 0.1304740 0.1290785 0.1551690 0.1384609 0.1475397 0.1563545 0.1278347 0.1421241 0.1454951 0.1465725 0.1565361 0.1488676 0.1543672 0.1477015 0.1430629 0.1358655 0.1389436 0.1406639 0.1465605 0.1509425 0.1461360 0.1163559 0.1499830 0.1119701 0.1499135 0.1494120 0.1193152 
S0320         0.3232797 0.1136925 0.1010462 0.0507415 0.1345310 0.1154637 0.1220600 0.0370148 0.1126164 0.1134401 0.1312620 0.0397973 0.1284274 0.1392452 0.0000000 0.1308701 0.0458586 0.1399619 0.1822419 0.1289885 0.1240813 0.1119325 0.0969431 0.0424514 0.1280631 0.0443278 0.1092913 0.1195106 0.0522912 0.1276890 0.0502390 0.1333336 0.1276551 0.1349224 0.1118193 0.0335183 0.1158543 0.1027583 0.0606346 0.0713591 0.1118677 0.1149360 0.1104551 0.1246336 0.1503717 0.1266758 0.1280371 0.1158784 0.1036550 0.1180646 0.1046502 0.1151346 0.1068249 0.1052789 0.1529473 0.1201986 0.0698814 0.1431854 0.0679651 0.0899112 0.0494377 0.1146310 0.1157701 0.1307170 0.1392601 0.1334857 0.1344500 0.1375923 0.1681389 0.1119183 0.1423226 0.1218276 0.1447319 0.1506322 0.1526341 0.1052800 0.1570849 0.0716483 0.1423709 0.1232443 0.1427818 0.1193758 0.1333452 0.1539137 0.1169352 0.1243571 0.1119557 0.0395989 0.1184994 0.0632657 0.0301829 0.1271790 0.1284415 0.1206001 0.1158470 0.1447960 0.1452834 0.1155176 0.1207255 0.1109345 0.1191972 0.1320581 0.0988698 0.0611168 0.1263276 0.1170376 0.0334171 0.1279362 0.1091505 0.0481342 0.1312124 0.1145645 0.1237000 0.1286837 0.1257565 0.0395225 0.1088600 0.0739507 0.1051712 0.1109983 0.1353884 0.1490131 0.1255703 0.0941362 0.1201248 0.0909899 0.1284438 0.1183758 0.0963986 
S0322         0.3497066 0.1356963 0.1235801 0.1362800 0.1573551 0.1408443 0.0211063 0.1207950 0.1351514 0.1410983 0.1553387 0.1387341 0.0212075 0.1175275 0.1308701 0.0000000 0.1219104 0.1476699 0.1791441 0.0157347 0.1451235 0.1370768 0.1232798 0.1298755 0.1501472 0.1241615 0.1365601 0.1447762 0.1296400 0.0209859 0.1250085 0.1613114 0.1610962 0.0796421 0.0276122 0.1327804 0.1442853 0.1282447 0.1462740 0.1258853 0.1342247 0.1447923 0.1381692 0.0100201 0.1701882 0.1498877 0.0230722 0.1314857 0.1288279 0.1513318 0.1269413 0.1432172 0.1314386 0.1298309 0.1775496 0.1480510 0.1250751 0.1126278 0.1210934 0.1111718 0.1294159 0.0385664 0.1411431 0.1511892 0.1637863 0.1635790 0.1610923 0.1449678 0.1874446 0.1336192 0.1169650 0.0976286 0.1648434 0.1717761 0.1706577 0.1312066 0.1810546 0.1112575 0.1644530 0.1417055 0.1181401 0.1491521 0.1519328 0.1773880 0.1452619 0.1499162 0.1299045 0.1221550 0.0128516 0.1254200 0.1368610 0.0701856 0.0209874 0.0260489 0.1435663 0.1119062 0.1535420 0.1370491 0.1492926 0.1356836 0.1380397 0.1544007 0.1247451 0.1189287 0.1514912 0.1453529 0.1440497 0.1502415 0.1323920 0.1373108 0.1426537 0.1412402 0.1462426 0.1406800 0.1523639 0.1468442 0.1370728 0.1255459 0.1319367 0.1332147 0.1452113 0.1585501 0.1447840 0.1126127 0.1451325 0.1137711 0.1389373 0.1458596 0.1121854 
S0327         0.2952836 0.0985293 0.0889800 0.0504895 0.1276111 0.1030289 0.1132381 0.0393951 0.1065965 0.0987207 0.1119609 0.0511154 0.1201850 0.1313434 0.0458586 0.1219104 0.0000000 0.1287276 0.1849385 0.1202994 0.1088519 0.1010703 0.0853605 0.0396859 0.1242203 0.0341402 0.1029980 0.1090238 0.0448917 0.1215424 0.0394755 0.1309278 0.1246146 0.1266415 0.0942106 0.0405281 0.1076368 0.0912430 0.0553789 0.0603195 0.1002342 0.1026778 0.1085666 0.1179104 0.1348205 0.1184443 0.1184298 0.1055592 0.0919237 0.1150691 0.0982038 0.1034041 0.1009851 0.0975512 0.1475386 0.1180689 0.0569230 0.1338948 0.0548532 0.0783022 0.0390892 0.1111692 0.1120792 0.1238680 0.1351632 0.1308265 0.1188460 0.1303781 0.1518221 0.1015335 0.1339166 0.1062644 0.1427452 0.1492861 0.1363497 0.0981570 0.1427467 0.0549386 0.1374695 0.1109419 0.1337272 0.1140840 0.1253513 0.1397217 0.1037835 0.1146447 0.1018126 0.0361766 0.1137595 0.0499162 0.0445466 0.1210563 0.1236422 0.1127399 0.1012702 0.1360441 0.1291543 0.1121686 0.1067455 0.0978732 0.1058696 0.1328313 0.0877626 0.0522943 0.1216995 0.1142564 0.0494845 0.1159127 0.1025958 0.0406797 0.1232485 0.1000053 0.1217189 0.1140791 0.1131069 0.0553494 0.0959154 0.0655687 0.0933199 0.0973054 0.1210749 0.1348534 0.1167971 0.0848919 0.1124453 0.0832292 0.1146348 0.1073383 0.0856147 
S0335         0.3234120 0.1203060 0.1023714 0.1439712 0.1341705 0.1268364 0.1389365 0.1307721 0.1002404 0.1235887 0.1361773 0.1434837 0.1411980 0.1450579 0.1399619 0.1476699 0.1287276 0.0000000 0.0676912 0.1444019 0.1308285 0.1265615 0.1083982 0.1345475 0.1341977 0.1299733 0.1113876 0.1333070 0.1341551 0.1455080 0.1267096 0.1275141 0.1471875 0.1452158 0.1150761 0.1378236 0.1353570 0.1164668 0.1492043 0.1259715 0.1287149 0.1279727 0.1238540 0.1432227 0.1693134 0.1303136 0.1438496 0.1198468 0.1133239 0.1131794 0.1058343 0.1286946 0.1046780 0.1064663 0.1325021 0.1288457 0.1217453 0.1493316 0.1148243 0.0950788 0.1342893 0.1303975 0.1084445 0.1157978 0.1367751 0.1310401 0.1481844 0.1330081 0.1818179 0.1139851 0.1511030 0.1227555 0.1246381 0.1259477 0.1697744 0.1064675 0.1749873 0.1183873 0.1251135 0.0704864 0.1516524 0.1382448 0.1180716 0.1721406 0.1280042 0.1436496 0.1063510 0.1243056 0.1385805 0.1215823 0.1366414 0.1430780 0.1455522 0.1401569 0.1265896 0.1484776 0.0543044 0.1056166 0.1341266 0.1200472 0.1269989 0.1172013 0.1148746 0.1166248 0.1173269 0.1097763 0.1426838 0.1423341 0.1076848 0.1413304 0.1240885 0.1253328 0.1147044 0.0572016 0.1397026 0.1559028 0.1311349 0.1293965 0.1246196 0.1281977 0.0503276 0.0287829 0.1182872 0.0960014 0.1274797 0.0989467 0.0568389 0.1305638 0.0941736 
S0345         0.3507763 0.1779429 0.1373691 0.1994353 0.1701887 0.1517296 0.1759833 0.1794268 0.1221616 0.1471036 0.1679151 0.1964902 0.1845423 0.2229053 0.1822419 0.1791441 0.1849385 0.0676912 0.0000000 0.1797037 0.1828743 0.1446227 0.1401709 0.1743694 0.1646464 0.1708585 0.1515387 0.1884376 0.1912985 0.1731824 0.1835831 0.1769557 0.1809438 0.1883040 0.0715564 0.1891533 0.1904530 0.1541569 0.2041203 0.1771975 0.1607467 0.1471434 0.1481464 0.1757826 0.1953077 0.1705132 0.1817636 0.1428791 0.1368087 0.1505469 0.1476061 0.1542312 0.1418926 0.1437129 0.1635461 0.1541369 0.1724473 0.2033132 0.1734156 0.1257139 0.1749945 0.1547291 0.1525365 0.1450544 0.1689082 0.1788404 0.1806267 0.1640928 0.2230789 0.1369532 0.2256444 0.1973081 0.1502238 0.1473403 0.1952179 0.1419098 0.1957225 0.1797212 0.1614717 0.0716525 0.2299309 0.1648123 0.1270038 0.1870406 0.1521296 0.1860713 0.1212832 0.1790944 0.1675781 0.1797040 0.1569890 0.1710295 0.1733842 0.1815870 0.1593606 0.1946448 0.0380914 0.1274046 0.1639978 0.1447602 0.1806144 0.1435357 0.1425400 0.1538154 0.1240076 0.1239133 0.1911443 0.1822376 0.1541606 0.1874638 0.1487315 0.1481642 0.1335049 0.0686299 0.1619294 0.2118480 0.1841727 0.1854770 0.1609681 0.1668326 0.0295520 0.0613939 0.1462010 0.1268955 0.1767448 0.1264220 0.0660730 0.1884746 0.1186920 
S0355         0.3434272 0.1306811 0.1205027 0.1329822 0.1554580 0.1395528 0.0169144 0.1183350 0.1367333 0.1376549 0.1547666 0.1355439 0.0153815 0.1163238 0.1289885 0.0157347 0.1202994 0.1444019 0.1797037 0.0000000 0.1403017 0.1333564 0.1212236 0.1282635 0.1510270 0.1241794 0.1350198 0.1417232 0.1271421 0.0220556 0.1226771 0.1606694 0.1573631 0.0798738 0.0269029 0.1302102 0.1440070 0.1269807 0.1460679 0.1239189 0.1339087 0.1427605 0.1347566 0.0157289 0.1657834 0.1500901 0.0178011 0.1286220 0.1252903 0.1480337 0.1254383 0.1404454 0.1299173 0.1283171 0.1761019 0.1445785 0.1224029 0.1127832 0.1191070 0.1092387 0.1272636 0.0391507 0.1381262 0.1497966 0.1623663 0.1621769 0.1575369 0.1419038 0.1834215 0.1323635 0.1164251 0.0954943 0.1642013 0.1703352 0.1662544 0.1296884 0.1765428 0.1153374 0.1638096 0.1380401 0.1176011 0.1500309 0.1548999 0.1728901 0.1422080 0.1493749 0.1282267 0.1196979 0.0139368 0.1234394 0.1343499 0.0703785 0.0231556 0.0207262 0.1415086 0.1120595 0.1506844 0.1402914 0.1472306 0.1343984 0.1356867 0.1549039 0.1227490 0.1170104 0.1523828 0.1461717 0.1397834 0.1510377 0.1291987 0.1343049 0.1388650 0.1391999 0.1495745 0.1374030 0.1502909 0.1442267 0.1367765 0.1257210 0.1299399 0.1319466 0.1421411 0.1566487 0.1425497 0.1106841 0.1455227 0.1132190 0.1352881 0.1438037 0.1102443 
S0376         0.2836260 0.0733744 0.1000729 0.1243842 0.1457668 0.0847860 0.1381064 0.1122568 0.1186320 0.0844763 0.0949431 0.1151889 0.1437232 0.1504435 0.1240813 0.1451235 0.1088519 0.1308285 0.1828743 0.1403017 0.0000000 0.0814103 0.0660995 0.1183406 0.1421803 0.1119297 0.1206338 0.0513937 0.1164659 0.1440625 0.1163549 0.1434734 0.1037803 0.1483978 0.1088607 0.1184085 0.0820231 0.0749872 0.1347537 0.1172377 0.0769175 0.0858547 0.1239580 0.1421064 0.1549459 0.1318733 0.1437679 0.1156459 0.0729186 0.1265219 0.1148897 0.0877154 0.1184964 0.1134423 0.1525996 0.1300050 0.1133154 0.1530567 0.1047487 0.0881694 0.1092668 0.1329840 0.1191649 0.1301801 0.1479156 0.1455811 0.1008345 0.1360206 0.1678484 0.1201635 0.1499018 0.1253175 0.1434168 0.1481977 0.1556358 0.1161770 0.1623594 0.1002471 0.1378930 0.1267664 0.1503614 0.0910563 0.1377897 0.1572385 0.0874647 0.0900991 0.1160073 0.1079629 0.1362270 0.1067474 0.1218015 0.1441697 0.1463826 0.1388331 0.0848680 0.1521160 0.1351675 0.1230391 0.0909150 0.0821273 0.0781411 0.1454766 0.0660868 0.1039726 0.1370910 0.1273727 0.1329059 0.0916806 0.1171493 0.1236634 0.1293378 0.0833572 0.1319068 0.1207727 0.0901568 0.1359812 0.0751125 0.1155662 0.0680481 0.0774977 0.1286903 0.1355101 0.1280585 0.0952735 0.1255728 0.1029998 0.1234175 0.0702296 0.0967620 
S0400         0.3167153 0.0644202 0.0960770 0.1176171 0.1329104 0.0162722 0.1275989 0.1096727 0.1152799 0.0195284 0.0781482 0.1150994 0.1342531 0.1454633 0.1119325 0.1370768 0.1010703 0.1265615 0.1446227 0.1333564 0.0814103 0.0000000 0.0131041 0.1108869 0.1300739 0.1021140 0.1085531 0.0792156 0.1083224 0.1368002 0.1116750 0.1426023 0.0868620 0.1356170 0.1096900 0.1070756 0.0713007 0.0157752 0.1304785 0.1026846 0.0680286 0.0131369 0.1127231 0.1327519 0.1465821 0.1183690 0.1355020 0.1038108 0.0295814 0.1293787 0.1032072 0.0142247 0.1040676 0.1044554 0.1560438 0.1188710 0.0980224 0.1413348 0.0987508 0.0819051 0.1031840 0.1182335 0.1244848 0.1322719 0.1493858 0.1442922 0.0829830 0.1278383 0.1643198 0.1071695 0.1334205 0.1176713 0.1461147 0.1490760 0.1512985 0.1044566 0.1556760 0.0877662 0.1406568 0.1182714 0.1363094 0.0701797 0.1325282 0.1520814 0.0162900 0.0746493 0.1022479 0.1014224 0.1282085 0.0991508 0.1131777 0.1258536 0.1397070 0.1261394 0.0222150 0.1407446 0.1293218 0.1173957 0.0199936 0.0195797 0.0729465 0.1366399 0.0461846 0.0949729 0.1306172 0.1199332 0.1245345 0.0784702 0.1042376 0.1150259 0.1205973 0.0106295 0.1202842 0.1136164 0.0465472 0.1246800 0.0673050 0.1052646 0.0597968 0.0671898 0.1213920 0.1312170 0.1245036 0.0860555 0.1144848 0.0883075 0.1136564 0.0784403 0.0864511 
S0405         0.2940644 0.0498649 0.0802366 0.1047180 0.1178189 0.0152518 0.1158127 0.0908382 0.0965435 0.0169608 0.0624199 0.1003266 0.1218244 0.1312610 0.0969431 0.1232798 0.0853605 0.1083982 0.1401709 0.1212236 0.0660995 0.0131041 0.0000000 0.0927985 0.1145587 0.0821917 0.0927666 0.0621035 0.0878286 0.1229524 0.0948396 0.1246988 0.0767494 0.1216676 0.0895344 0.0924661 0.0551034 0.0058458 0.1148160 0.0867019 0.0528584 0.0147176 0.0977289 0.1196975 0.1279244 0.1062361 0.1231432 0.0868994 0.0219172 0.1119402 0.0880931 0.0169175 0.0901502 0.0886785 0.1422397 0.1059297 0.0830964 0.1284084 0.0822463 0.0676421 0.0862450 0.1071893 0.1061064 0.1161629 0.1330672 0.1271664 0.0657234 0.1110686 0.1462220 0.0872910 0.1221770 0.1017718 0.1297036 0.1348538 0.1327128 0.0893542 0.1362214 0.0760030 0.1258871 0.1032820 0.1243116 0.0542450 0.1154129 0.1325434 0.0131124 0.0588092 0.0880957 0.0830702 0.1146651 0.0819116 0.0963962 0.1130535 0.1258919 0.1147285 0.0104722 0.1285026 0.1125765 0.0994223 0.0179935 0.0126897 0.0600698 0.1186904 0.0343499 0.0778437 0.1136129 0.1031804 0.1094630 0.0600350 0.0910568 0.0973907 0.1051924 0.0131557 0.1026300 0.0965090 0.0378675 0.1109886 0.0512220 0.0895371 0.0471109 0.0528125 0.1053195 0.1182246 0.1092201 0.0704927 0.0980706 0.0741084 0.0965471 0.0638600 0.0733797 
S0407sl       0.3146773 0.1113908 0.0994504 0.0488364 0.1351570 0.1128925 0.1218978 0.0348849 0.1122125 0.1109579 0.1281019 0.0485475 0.1274813 0.1396946 0.0424514 0.1298755 0.0396859 0.1345475 0.1743694 0.1282635 0.1183406 0.1108869 0.0927985 0.0000000 0.1346899 0.0364409 0.1092842 0.1185480 0.0483423 0.1281237 0.0427025 0.1377287 0.1352962 0.1392841 0.1108400 0.0388258 0.1192321 0.0974826 0.0518598 0.0683180 0.1102869 0.1115458 0.1142197 0.1250533 0.1505080 0.1221273 0.1277449 0.1126237 0.1038951 0.1217564 0.1031113 0.1118612 0.1050924 0.1037374 0.1482540 0.1217149 0.0640733 0.1496608 0.0631720 0.0825942 0.0391611 0.1170605 0.1159859 0.1302264 0.1442850 0.1381851 0.1299450 0.1361186 0.1654809 0.1032723 0.1454783 0.1198687 0.1483574 0.1552839 0.1505685 0.1037385 0.1564842 0.0647058 0.1419756 0.1172467 0.1462045 0.1266792 0.1292540 0.1543409 0.1127777 0.1257493 0.1107676 0.0341283 0.1195695 0.0573947 0.0387039 0.1292827 0.1302566 0.1208267 0.1111832 0.1511436 0.1420433 0.1192331 0.1171567 0.1083060 0.1197926 0.1368602 0.0994641 0.0575561 0.1302395 0.1209274 0.0464867 0.1240808 0.1060327 0.0247192 0.1280216 0.1107431 0.1239804 0.1180810 0.1176751 0.0524816 0.1098612 0.0721960 0.1063584 0.1073697 0.1266705 0.1431306 0.1221695 0.0854686 0.1188703 0.0859287 0.1186671 0.1166561 0.0912057 
S0412sl       0.3330364 0.1310124 0.0673397 0.1384311 0.0958413 0.1305325 0.1430732 0.1218138 0.1104485 0.1336262 0.1490510 0.1276723 0.1489529 0.1463911 0.1280631 0.1501472 0.1242203 0.1341977 0.1646464 0.1510270 0.1421803 0.1300739 0.1145587 0.1346899 0.0000000 0.1226874 0.0767952 0.1416158 0.1269537 0.1517490 0.1267367 0.1412152 0.1481548 0.1471389 0.1290388 0.1283296 0.1399275 0.1235254 0.1498950 0.1280279 0.1268718 0.1356591 0.0720289 0.1478342 0.1606241 0.0631457 0.1497798 0.1122665 0.1198116 0.1257365 0.0698513 0.1365917 0.0742722 0.0686259 0.1489020 0.0800782 0.1220940 0.1540324 0.1232964 0.0894133 0.1256808 0.1310669 0.1211215 0.1272746 0.1471836 0.1485329 0.1563675 0.0988021 0.1864856 0.1074254 0.1473552 0.1286750 0.1397982 0.1431167 0.1621528 0.0722769 0.1670044 0.1235240 0.1421463 0.1275261 0.1498801 0.1477024 0.1283041 0.1624140 0.1324384 0.1477094 0.1021800 0.1212696 0.1432500 0.1212445 0.1256853 0.1396315 0.1515403 0.1418224 0.1309678 0.1547375 0.1340619 0.1149817 0.1392653 0.1262106 0.1313074 0.1260225 0.1172599 0.1164251 0.1282968 0.1182496 0.1391954 0.1503074 0.0775869 0.1388070 0.0919646 0.1295589 0.1175619 0.1194367 0.1411432 0.1407218 0.1376149 0.1335422 0.1275810 0.1259018 0.1266132 0.1422429 0.1180263 0.0914720 0.1354228 0.0681014 0.1219274 0.1367646 0.0977928 
S0417         0.3161401 0.1023890 0.0880395 0.0448120 0.1254872 0.1033100 0.1168760 0.0355218 0.1042156 0.1030201 0.1170803 0.0462532 0.1225135 0.1322090 0.0443278 0.1241615 0.0341402 0.1299733 0.1708585 0.1241794 0.1119297 0.1021140 0.0821917 0.0364409 0.1226874 0.0000000 0.1013222 0.1136263 0.0425249 0.1267798 0.0438293 0.1335441 0.1269479 0.1320262 0.1046060 0.0350143 0.1071152 0.0900849 0.0478643 0.0639778 0.0971116 0.1031143 0.1048627 0.1216019 0.1417840 0.1173427 0.1229039 0.1038391 0.0949441 0.1135936 0.0946005 0.1050883 0.0980326 0.0946139 0.1487291 0.1137213 0.0596976 0.1381876 0.0607268 0.0769715 0.0367682 0.1128851 0.1092017 0.1256969 0.1338267 0.1327685 0.1191029 0.1295397 0.1611340 0.1009276 0.1365433 0.1084691 0.1423612 0.1498012 0.1440120 0.0958837 0.1484005 0.0645525 0.1376181 0.1107132 0.1363489 0.1140091 0.1269539 0.1462580 0.1048431 0.1142285 0.0990576 0.0302754 0.1174072 0.0561562 0.0436041 0.1248950 0.1289067 0.1158681 0.1029999 0.1403459 0.1291239 0.1111774 0.1091397 0.0995297 0.1104189 0.1302996 0.0899763 0.0545404 0.1212941 0.1120950 0.0491005 0.1123623 0.0996307 0.0386755 0.1210043 0.1032380 0.1202508 0.1145642 0.1163977 0.0503644 0.1023526 0.0684685 0.0957063 0.0958786 0.1202721 0.1357254 0.1119940 0.0816858 0.1105386 0.0809694 0.1130904 0.1083761 0.0845551 
S0419         0.3199099 0.1097984 0.0116629 0.1146438 0.0690461 0.1086060 0.1274621 0.1017584 0.0889460 0.1108596 0.1235613 0.1160739 0.1304358 0.1313139 0.1092913 0.1365601 0.1029980 0.1113876 0.1515387 0.1350198 0.1206338 0.1085531 0.0927666 0.1092842 0.0767952 0.1013222 0.0000000 0.1145836 0.1026203 0.1319610 0.1015566 0.1258136 0.1410878 0.1273524 0.1012059 0.1064573 0.1210514 0.1009031 0.1246062 0.1018999 0.1079254 0.1128859 0.0487302 0.1351239 0.1461828 0.0750304 0.1338700 0.0952064 0.1049810 0.1108816 0.0085028 0.1123365 0.0110566 0.0100222 0.1374746 0.0527936 0.1017240 0.1353086 0.0994820 0.0688749 0.1043806 0.1163671 0.1062149 0.1127692 0.1334922 0.1277008 0.1376324 0.0674563 0.1636123 0.0853805 0.1339601 0.1099279 0.1324780 0.1345558 0.1506066 0.0090067 0.1545613 0.1022807 0.1207799 0.1096680 0.1353998 0.1266926 0.1162976 0.1517486 0.1091854 0.1269748 0.0897401 0.0976456 0.1244524 0.0989007 0.1086217 0.1199465 0.1362447 0.1274616 0.1095217 0.1331760 0.1143797 0.0947192 0.1148373 0.1059916 0.1129575 0.1156345 0.1024511 0.0939587 0.1067317 0.0947370 0.1165004 0.1275418 0.0136422 0.1121755 0.0626642 0.1077384 0.1078578 0.1043516 0.1262703 0.1281217 0.1114745 0.1094049 0.1074181 0.1120457 0.1049779 0.1215102 0.1058481 0.0711929 0.1287430 0.0425356 0.1049389 0.1102755 0.0755235 
S0427         0.2750292 0.0781282 0.1011907 0.1281762 0.1394815 0.0832394 0.1371345 0.1111757 0.1179043 0.0828842 0.0951797 0.1168849 0.1402869 0.1516414 0.1195106 0.1447762 0.1090238 0.1333070 0.1884376 0.1417232 0.0513937 0.0792156 0.0621035 0.1185480 0.1416158 0.1136263 0.1145836 0.0000000 0.1144592 0.1435791 0.1143854 0.1442568 0.1044707 0.1460393 0.1034468 0.1167182 0.0824217 0.0733326 0.1362235 0.1093705 0.0760212 0.0814066 0.1183971 0.1417809 0.1453692 0.1337819 0.1444516 0.1142831 0.0713694 0.1294762 0.1102604 0.0854063 0.1138143 0.1101551 0.1551619 0.1268795 0.1093985 0.1599235 0.1022663 0.0876446 0.1063732 0.1329966 0.1281405 0.1337959 0.1551439 0.1500537 0.1035540 0.1345507 0.1596453 0.1170340 0.1479746 0.1199990 0.1432974 0.1489212 0.1497721 0.1115339 0.1560933 0.0993741 0.1467394 0.1263803 0.1494711 0.0891767 0.1382135 0.1501535 0.0821021 0.0862406 0.1134506 0.1095072 0.1340278 0.1072978 0.1234962 0.1425565 0.1465548 0.1349483 0.0827024 0.1592381 0.1319702 0.1248542 0.0873381 0.0780135 0.0804272 0.1417466 0.0677674 0.1019200 0.1354131 0.1260486 0.1302419 0.0886040 0.1124845 0.1223771 0.1293015 0.0823567 0.1283571 0.1229096 0.0878787 0.1377680 0.0746648 0.1137842 0.0696564 0.0753341 0.1254993 0.1414227 0.1322726 0.0932594 0.1236312 0.0965796 0.1214850 0.0664388 0.0953955 
S0428sl       0.3113558 0.1063754 0.0937719 0.0594578 0.1313573 0.1059239 0.1150606 0.0487926 0.1061261 0.1086930 0.1261654 0.0607143 0.1227726 0.1406952 0.0522912 0.1296400 0.0448917 0.1341551 0.1912985 0.1271421 0.1164659 0.1083224 0.0878286 0.0483423 0.1269537 0.0425249 0.1026203 0.1144592 0.0000000 0.1278384 0.0454181 0.1395390 0.1298352 0.1291320 0.0988521 0.0448511 0.1127121 0.0957803 0.0633214 0.0663583 0.1016600 0.1068088 0.1117481 0.1227486 0.1380620 0.1205183 0.1217265 0.1043379 0.0966933 0.1227562 0.0988489 0.1117000 0.1019856 0.0980617 0.1589455 0.1185534 0.0595248 0.1368192 0.0604861 0.0847369 0.0522271 0.1133682 0.1181873 0.1323397 0.1489492 0.1399595 0.1250701 0.1340606 0.1599323 0.1072340 0.1330427 0.1071383 0.1560464 0.1579176 0.1412631 0.0995477 0.1439700 0.0612754 0.1460434 0.1156954 0.1346336 0.1196312 0.1237910 0.1439925 0.1091440 0.1176372 0.1054889 0.0405282 0.1173583 0.0560622 0.0561925 0.1240220 0.1292451 0.1145116 0.1083538 0.1374343 0.1376643 0.1139890 0.1139200 0.1083077 0.1146982 0.1350037 0.0967388 0.0563140 0.1191392 0.1140948 0.0599067 0.1126344 0.1038059 0.0515463 0.1268325 0.1079273 0.1243767 0.1209454 0.1190160 0.0674007 0.1084972 0.0695172 0.1049264 0.1048685 0.1226960 0.1429818 0.1226698 0.0918140 0.1210991 0.0846554 0.1220750 0.1109829 0.0950441 
S0430         0.3478015 0.1366299 0.1199895 0.1351111 0.1560544 0.1405703 0.0255003 0.1182264 0.1363571 0.1386674 0.1586328 0.1344547 0.0256019 0.1182379 0.1276890 0.0209859 0.1215424 0.1455080 0.1731824 0.0220556 0.1440625 0.1368002 0.1229524 0.1281237 0.1517490 0.1267798 0.1319610 0.1435791 0.1278384 0.0000000 0.1246566 0.1575167 0.1602782 0.0795918 0.0292610 0.1338658 0.1452611 0.1294749 0.1486696 0.1254468 0.1346580 0.1463712 0.1333125 0.0199255 0.1690468 0.1518370 0.0258085 0.1318637 0.1285137 0.1484579 0.1224571 0.1429549 0.1268981 0.1266738 0.1788927 0.1442765 0.1245454 0.1135159 0.1213187 0.1084494 0.1299954 0.0420623 0.1371504 0.1523116 0.1632944 0.1612485 0.1612616 0.1436199 0.1887351 0.1322063 0.1167084 0.0979915 0.1645733 0.1716102 0.1695162 0.1252534 0.1809317 0.1188479 0.1605434 0.1414384 0.1178870 0.1531129 0.1560731 0.1780935 0.1450038 0.1501708 0.1326806 0.1224105 0.0071462 0.1225653 0.1349338 0.0737311 0.0130976 0.0283801 0.1426305 0.1134845 0.1525444 0.1399222 0.1475369 0.1332085 0.1370705 0.1552299 0.1272186 0.1168890 0.1524904 0.1455648 0.1414770 0.1523462 0.1278347 0.1362914 0.1421298 0.1409716 0.1492932 0.1394866 0.1534033 0.1464903 0.1384393 0.1242265 0.1314887 0.1336028 0.1423729 0.1573305 0.1443502 0.1115980 0.1409783 0.1139943 0.1401548 0.1452510 0.1112189 
