108
S0055      0.0000000 0.0597540 0.0777006 0.1191523 0.1188875 0.1172765 0.0698007 0.0899409 0.1249248 0.1045241 0.1194712 0.1169813 0.0912521 0.1066508 0.0543310 0.0583257 0.0583146 0.0718729 0.1050231 0.0588388 0.0478922 0.1292269 0.0912594 0.1039747 0.1159069 0.1023163 0.0526436 0.0521688 0.0975282 0.0934114 0.0577662 0.0584680 0.1160597 0.1433124 0.0722806 0.1309645 0.0578235 0.1033936 0.0642770 0.0636364 0.0584680 0.0584680 0.1019997 0.0587683 0.1240609 0.1293087 0.0779464 0.1205055 0.0922414 0.0981701 0.1254154 0.1248686 0.1162943 0.0898082 0.1661563 0.1464360 0.1277428 0.1188836 0.0976594 0.1314258 0.0644181 0.1457806 0.1038778 0.1032649 0.0730482 0.1117172 0.1591932 0.0644233 0.0703046 0.1244598 0.0721347 0.0910667 0.1292269 0.1316284 0.0983586 0.1057902 0.1377416 0.0577662 0.1355286 0.1457492 0.0705166 0.0521688 0.0307585 0.1122770 0.0716295 0.1134368 0.1132480 0.1157990 0.0657649 0.0975665 0.0834510 0.1418278 0.0698711 0.1137987 0.0701472 0.1007826 0.0473957 0.1091757 0.0359703 0.1507876 0.1439687 0.1128164 0.0896390 0.0577091 0.0657298 0.1128414 0.0475386 0.0524464 
S0281      0.0597540 0.0000000 0.1135387 0.1357322 0.1282012 0.1716937 0.1039812 0.1272058 0.1337971 0.1203844 0.1218796 0.1331429 0.0903995 0.1150858 0.0877955 0.0981628 0.0912500 0.0732623 0.1207562 0.0416977 0.0929925 0.1384691 0.1123623 0.1219139 0.1198976 0.1103594 0.0782642 0.0841285 0.1189641 0.0876770 0.0903382 0.0525519 0.1249565 0.1516320 0.0671156 0.1403592 0.0779971 0.1281245 0.0469800 0.0969391 0.0414393 0.0414393 0.1263492 0.0528182 0.1190454 0.1391720 0.0981001 0.1222755 0.1128778 0.0935337 0.1523444 0.1450236 0.1420736 0.0832394 0.1752737 0.1259010 0.1368603 0.1081044 0.0870575 0.1396495 0.0470845 0.1542697 0.1188148 0.0964161 0.1090514 0.1629265 0.1678810 0.0981628 0.0849509 0.1410420 0.0920261 0.1121184 0.1384691 0.1258409 0.1131776 0.1350548 0.1473225 0.0903382 0.1455519 0.1298278 0.1050346 0.0841285 0.0851798 0.1389620 0.0788217 0.1814561 0.1653001 0.1317690 0.0803778 0.1405852 0.0770022 0.1513824 0.1040923 0.1224820 0.1044902 0.1159818 0.0727135 0.1184504 0.0417044 0.1428389 0.1379597 0.1284202 0.1068449 0.0778352 0.0595639 0.1214528 0.0922818 0.0658601 
S0282      0.0777006 0.1135387 0.0000000 0.1604110 0.1440475 0.1703343 0.0256711 0.0981963 0.1273572 0.1441801 0.1433213 0.1416676 0.1068060 0.1376261 0.0867127 0.0205498 0.0312570 0.1064155 0.1129406 0.0851828 0.0918530 0.1625168 0.1204096 0.1343250 0.1326845 0.1120947 0.0656818 0.0202453 0.1271499 0.1233220 0.0150684 0.0972916 0.1484739 0.1874908 0.0931918 0.1647610 0.0255004 0.1405490 0.0909614 0.0202918 0.0846219 0.0846219 0.1323520 0.0978348 0.1413593 0.1549331 0.0921039 0.1228988 0.1224602 0.1366725 0.1399998 0.1422437 0.1119121 0.1472155 0.2324494 0.1568372 0.1691764 0.1598406 0.1281489 0.1752956 0.0911608 0.1908487 0.1492603 0.1492797 0.1075347 0.1530614 0.2050923 0.0098415 0.0720687 0.1353560 0.0995630 0.1059418 0.1625168 0.1494190 0.1212945 0.1282057 0.1720156 0.0254756 0.1614401 0.1821204 0.0149172 0.0202453 0.0909160 0.1735595 0.0982617 0.1879599 0.1717538 0.1401923 0.0670301 0.1349095 0.1258563 0.1512887 0.0256964 0.1463998 0.0366533 0.1243095 0.0845341 0.1358569 0.0719025 0.1871033 0.1630186 0.1219683 0.1264771 0.0829612 0.0930847 0.1451997 0.0781502 0.0897672 
S0288      0.1191523 0.1357322 0.1604110 0.0000000 0.1445226 0.1704428 0.1647251 0.1613965 0.1521361 0.0265249 0.0868040 0.1429326 0.1110189 0.0264055 0.1377541 0.1495444 0.1581386 0.1963875 0.1192162 0.1254028 0.1281959 0.0050247 0.1206336 0.1257395 0.2162854 0.1407660 0.1271621 0.1405100 0.1290221 0.1711125 0.1479102 0.1103846 0.0153886 0.1948534 0.1786109 0.0154890 0.1332034 0.1249838 0.1317976 0.1559372 0.1245095 0.1245095 0.1319252 0.1110467 0.1252240 0.1051283 0.1239469 0.1062100 0.0886135 0.1298319 0.1346774 0.1490795 0.2122079 0.1410496 0.2422919 0.1498280 0.0902253 0.1376801 0.1292281 0.1911314 0.1241418 0.1984760 0.1515859 0.1516485 0.1523720 0.1717964 0.2133052 0.1580034 0.1660696 0.1415279 0.1173641 0.1355212 0.0050247 0.1315231 0.1342977 0.1049399 0.0102163 0.1479102 0.1142033 0.1928052 0.1664067 0.1405100 0.1359652 0.1403895 0.1499052 0.1724898 0.1660246 0.1413628 0.1618008 0.1434293 0.1568468 0.1844625 0.1649202 0.1458544 0.1655304 0.1220777 0.1356834 0.1167693 0.1173558 0.1979635 0.1902349 0.1782689 0.1341388 0.1403475 0.1332301 0.1368795 0.1271605 0.1194799 
S0289      0.1188875 0.1282012 0.1440475 0.1445226 0.0000000 0.1139890 0.1331662 0.1461847 0.0666355 0.1361693 0.1441430 0.0362510 0.0543972 0.1527377 0.1384274 0.1100815 0.1271095 0.1341369 0.0364610 0.1052097 0.1368456 0.1477031 0.0479067 0.1229145 0.2019590 0.0477415 0.0966258 0.1116422 0.0602269 0.1458501 0.1182988 0.1105538 0.1488051 0.1392810 0.0927223 0.1651673 0.1050685 0.1305483 0.1111684 0.1254454 0.1045030 0.1045030 0.1140625 0.1042161 0.0722188 0.1460769 0.0716044 0.0546051 0.1432891 0.1369167 0.1552639 0.1515365 0.1816675 0.1180350 0.1773277 0.1662204 0.1686431 0.1452243 0.1219770 0.1276607 0.0976627 0.1416249 0.1312044 0.0987476 0.1616391 0.1023067 0.1546984 0.1270360 0.1316624 0.0473262 0.0784430 0.0661230 0.1477031 0.0725905 0.0480958 0.1432358 0.1568749 0.1182988 0.1377374 0.1169285 0.1344918 0.1116422 0.1046460 0.1183374 0.1352852 0.1249624 0.1247542 0.0411016 0.1337721 0.0353389 0.1254002 0.1248513 0.1262566 0.0951095 0.1338048 0.0667562 0.1014735 0.0541996 0.1033496 0.1322965 0.1106857 0.1038275 0.0996133 0.1048429 0.1276092 0.0942733 0.1350343 0.0837184 
S0292      0.1172765 0.1716937 0.1703343 0.1704428 0.1139890 0.0000000 0.1577603 0.1830992 0.1358814 0.1930080 0.1748675 0.1024654 0.1115879 0.1706641 0.1459948 0.1399428 0.1502521 0.1626282 0.1032631 0.1366119 0.1269281 0.1628941 0.1213047 0.1182573 0.2099971 0.1123098 0.1198356 0.1411474 0.1143065 0.1994682 0.1411474 0.1431272 0.1641738 0.2135388 0.1529624 0.1816822 0.1338109 0.1262208 0.1356813 0.1490882 0.1356108 0.1356108 0.0960278 0.1431280 0.1257576 0.1910962 0.1253298 0.1161454 0.1736810 0.1669453 0.1511735 0.1551472 0.1887823 0.1493626 0.2632578 0.2259091 0.2017323 0.1762167 0.1503863 0.2008869 0.1359038 0.2083017 0.1616311 0.1120510 0.1634235 0.0372357 0.2143387 0.1510743 0.1399491 0.1095420 0.1186983 0.1370331 0.1628941 0.1338062 0.0960747 0.1729647 0.1727999 0.1485777 0.1812810 0.1272722 0.1593850 0.1411474 0.1505947 0.0520011 0.1465362 0.0260601 0.0153757 0.1172522 0.1787535 0.1117729 0.1492252 0.1864285 0.1487511 0.1342579 0.1584250 0.1230632 0.1593015 0.1184306 0.1584914 0.1244260 0.1286114 0.1357208 0.1112798 0.1335018 0.1431272 0.1330682 0.1342703 0.1345765 
S0293      0.0698007 0.1039812 0.0256711 0.1647251 0.1331662 0.1577603 0.0000000 0.0961315 0.1172668 0.1486055 0.1402065 0.1310164 0.0975214 0.1419208 0.0849001 0.0149073 0.0251946 0.0971607 0.1188222 0.0768825 0.0899553 0.1666850 0.1105885 0.1315046 0.1297409 0.1086424 0.0582431 0.0146910 0.1170821 0.1132047 0.0097194 0.0885707 0.1527746 0.1742064 0.0844593 0.1689548 0.0197387 0.1376118 0.0824811 0.0147242 0.0763904 0.0763904 0.1221751 0.0890493 0.1307378 0.1434209 0.0834985 0.1273082 0.1057045 0.1260803 0.1462662 0.1392464 0.1095437 0.1364269 0.2168246 0.1391659 0.1571743 0.1482874 0.1179734 0.1622648 0.0826595 0.1772462 0.1382805 0.1382955 0.0981589 0.1417244 0.1910488 0.0149073 0.0643450 0.1249127 0.0905964 0.0967434 0.1666850 0.1384321 0.1113790 0.1267490 0.1761439 0.0097194 0.1497258 0.1616134 0.0200846 0.0146910 0.0824398 0.1606825 0.0894321 0.1750459 0.1594946 0.1296829 0.0594110 0.1244995 0.1159048 0.1479790 0.0198855 0.1352986 0.0303916 0.1141043 0.0763151 0.1242971 0.0642027 0.1666051 0.1511452 0.1119845 0.1164680 0.0749304 0.0720623 0.1341932 0.0765532 0.0814250 
S0294      0.0899409 0.1272058 0.0981963 0.1613965 0.1461847 0.1830992 0.0961315 0.0000000 0.1343728 0.1606431 0.1662996 0.1401306 0.1128005 0.1375274 0.0989410 0.0837421 0.0775485 0.1409848 0.1276217 0.0913348 0.0921781 0.1791671 0.1055636 0.1493140 0.1379477 0.1242785 0.0651559 0.0768678 0.1194585 0.1127115 0.0829126 0.0971593 0.1647325 0.1724853 0.1078299 0.1736342 0.0829983 0.1484357 0.1036837 0.0893200 0.0971593 0.0971593 0.1463950 0.0902187 0.1476848 0.1608494 0.1116912 0.1445262 0.1430845 0.1287637 0.1737012 0.1578482 0.0658420 0.1044590 0.2146243 0.1650076 0.1528981 0.1515280 0.1204429 0.1606233 0.1039089 0.1754737 0.1491795 0.1403088 0.1122048 0.1803851 0.1891645 0.0837421 0.0968487 0.1338612 0.1127711 0.1262607 0.1791671 0.1413079 0.1205091 0.1215020 0.1891424 0.0829126 0.1596468 0.2154104 0.0902718 0.0768678 0.0697531 0.1641183 0.1052645 0.2126657 0.1957708 0.1386788 0.0923872 0.1371953 0.0977682 0.1064877 0.0962325 0.1613742 0.0966018 0.1378353 0.0764186 0.1428509 0.0717679 0.2021272 0.1911287 0.1361045 0.1469082 0.1079875 0.1061131 0.1600747 0.0771170 0.0896336 
S0299      0.1249248 0.1337971 0.1273572 0.1521361 0.0666355 0.1358814 0.1172668 0.1343728 0.0000000 0.1590908 0.1580718 0.0538890 0.0541287 0.1754488 0.1225698 0.1113452 0.1113955 0.1503728 0.0487261 0.0974858 0.1496978 0.1705153 0.0535027 0.1163877 0.1901321 0.0414215 0.1114646 0.0967835 0.0662003 0.1361274 0.1031572 0.1164802 0.1718137 0.1761621 0.1215032 0.1808051 0.0904893 0.1226086 0.1099205 0.1099637 0.1033328 0.1033328 0.1208956 0.1101191 0.0718540 0.1608886 0.0772220 0.0677144 0.1647229 0.1393953 0.1466882 0.1542610 0.1709523 0.1106150 0.2193705 0.1487922 0.1762481 0.1478575 0.1241886 0.1641170 0.0965731 0.1792645 0.1375184 0.0970504 0.1603699 0.1168077 0.1932086 0.1113452 0.1468154 0.0600878 0.0779419 0.0717341 0.1705153 0.0783452 0.0417251 0.1653861 0.1802329 0.1031572 0.1522725 0.1164860 0.1184367 0.0967835 0.1186361 0.1398223 0.1570144 0.1480309 0.1477949 0.0533629 0.1275955 0.0717538 0.1177997 0.1411568 0.1106580 0.0811020 0.1178318 0.0737113 0.1329427 0.0603424 0.1158128 0.1216214 0.1151084 0.1117031 0.1149943 0.1036666 0.1261450 0.0803759 0.1263516 0.0979321 
S0303      0.1045241 0.1203844 0.1441801 0.0265249 0.1361693 0.1930080 0.1486055 0.1606431 0.1590908 0.0000000 0.0956764 0.1497639 0.1351546 0.0264371 0.1379984 0.1338854 0.1421415 0.1787746 0.1441012 0.1106445 0.1284157 0.0210510 0.1128279 0.1282805 0.2167701 0.1326519 0.1122085 0.1252586 0.1433945 0.1543106 0.1324339 0.0961927 0.0211775 0.1768271 0.1535729 0.0213173 0.1181755 0.1274963 0.1169152 0.1401788 0.1098656 0.1098656 0.1345735 0.0967571 0.1502843 0.1052975 0.1191966 0.1292502 0.0887472 0.1174692 0.1374251 0.1367924 0.1942013 0.1184486 0.2221127 0.1491375 0.0903642 0.1252337 0.1169233 0.1728520 0.1026231 0.1800792 0.1391372 0.1509422 0.1476490 0.1936804 0.1946438 0.1420381 0.1498133 0.1482954 0.1125533 0.1274179 0.0210510 0.1568598 0.1370310 0.1051085 0.0267627 0.1324339 0.1290523 0.1918942 0.1501377 0.1252586 0.1205929 0.1591567 0.1375714 0.1944708 0.1878053 0.1481224 0.1454161 0.1351494 0.1409653 0.1717277 0.1487794 0.1200198 0.1493419 0.1000091 0.1203565 0.1255568 0.1029572 0.1970434 0.1893440 0.1532965 0.1368688 0.1251155 0.1181783 0.1117908 0.1273766 0.1048109 
S0308      0.1194712 0.1218796 0.1433213 0.0868040 0.1441430 0.1748675 0.1402065 0.1662996 0.1580718 0.0956764 0.0000000 0.1572766 0.1177890 0.1044767 0.1236619 0.1340220 0.1341066 0.1538430 0.1339055 0.1057394 0.1288680 0.0765406 0.1272106 0.1477599 0.1609390 0.1328450 0.1195233 0.1183520 0.1502994 0.1453029 0.1250937 0.1183790 0.0650913 0.2093413 0.1308904 0.0775010 0.1116936 0.1540352 0.1117186 0.1323476 0.1050275 0.1050275 0.1447291 0.1190648 0.1390020 0.0940924 0.1166465 0.1300910 0.0919528 0.1598983 0.1641806 0.1568322 0.1984900 0.1482132 0.2178846 0.1485034 0.1000805 0.1773007 0.1522330 0.1792838 0.1047157 0.1946518 0.1660538 0.1585691 0.1429190 0.1861152 0.2087030 0.1263955 0.1412899 0.1545096 0.1246179 0.1414426 0.0765406 0.1469138 0.1337513 0.0987582 0.0833667 0.1250937 0.1066691 0.2095685 0.1338170 0.1183520 0.1346571 0.1719919 0.1327702 0.2055810 0.1888376 0.1556209 0.1370417 0.1503184 0.1487818 0.1728799 0.1403619 0.1625755 0.1408736 0.1180591 0.1274351 0.1097104 0.1104614 0.2144343 0.1890291 0.1593921 0.1422381 0.0917852 0.1177925 0.1612632 0.1278723 0.1128636 
S0320      0.1169813 0.1331429 0.1416676 0.1429326 0.0362510 0.1024654 0.1310164 0.1401306 0.0538890 0.1497639 0.1572766 0.0000000 0.0422331 0.1660885 0.1361204 0.1083474 0.1250510 0.1496273 0.0252794 0.1035323 0.1245188 0.1611497 0.0417440 0.1208895 0.2069429 0.0470125 0.1038191 0.1098641 0.0478202 0.1508290 0.1164118 0.1088035 0.1623574 0.1631598 0.1134129 0.1790205 0.1033973 0.1283858 0.1094020 0.1234360 0.1028472 0.1028472 0.1122103 0.1025651 0.0478295 0.1594174 0.0704950 0.0433563 0.1638924 0.1346535 0.1526381 0.1490218 0.1669146 0.1161508 0.2039820 0.1561740 0.1822839 0.1428051 0.1199809 0.1514043 0.0961217 0.1659526 0.1303229 0.1041563 0.1589062 0.0918154 0.1794225 0.1249816 0.1295436 0.0251677 0.0772144 0.0650938 0.1611497 0.0537976 0.0420299 0.1563285 0.1705705 0.1164118 0.1362862 0.1149741 0.1323061 0.1098641 0.1114115 0.0993212 0.1330701 0.1131221 0.1129342 0.0096971 0.1419383 0.0464317 0.1233867 0.1327446 0.1242231 0.0935620 0.1316382 0.0657095 0.1247655 0.0283496 0.1081897 0.1200487 0.1062749 0.1021911 0.0980151 0.1031786 0.1255335 0.0927484 0.1328290 0.0906135 
S0327      0.0912521 0.0903995 0.1068060 0.1110189 0.0543972 0.1115879 0.0975214 0.1128005 0.0541287 0.1351546 0.1177890 0.0422331 0.0000000 0.1369958 0.1012763 0.0917603 0.0917873 0.1140369 0.0255586 0.0763090 0.1135672 0.1281671 0.0366246 0.1061990 0.1659320 0.0472159 0.0787432 0.0779978 0.0368149 0.1150128 0.0841218 0.0879076 0.1290773 0.1523484 0.0868700 0.1443306 0.0719507 0.1122063 0.0818660 0.0906152 0.0758236 0.0758236 0.0970174 0.0819921 0.0358064 0.1226495 0.0410875 0.0371873 0.1351859 0.0978510 0.1351103 0.1423485 0.1558003 0.1010250 0.1929652 0.1343076 0.1522729 0.1259383 0.1043426 0.1403532 0.0755879 0.1550027 0.1095389 0.0824413 0.1200703 0.0933965 0.1686335 0.0917603 0.1114043 0.0481689 0.0469961 0.0479655 0.1281671 0.0414170 0.0475559 0.1279629 0.1366092 0.0841218 0.1148714 0.1007059 0.0985163 0.0779978 0.0980399 0.0844358 0.1036850 0.1151283 0.1149352 0.0418254 0.1069992 0.0594870 0.1014263 0.1034488 0.0976254 0.0805951 0.0980028 0.0737044 0.0984675 0.0342807 0.0832887 0.1058023 0.1014064 0.0851673 0.0919633 0.0840340 0.0837205 0.0798770 0.1059626 0.0784402 
S0355      0.1066508 0.1150858 0.1376261 0.0264055 0.1527377 0.1706641 0.1419208 0.1375274 0.1754488 0.0264371 0.1044767 0.1660885 0.1369958 0.0000000 0.1167078 0.1279497 0.1209201 0.1702573 0.1529935 0.1125419 0.1081650 0.0308438 0.1218486 0.1353772 0.1948696 0.1489182 0.0934959 0.1198003 0.1440740 0.1315661 0.1266197 0.0985880 0.0310260 0.1691889 0.1625412 0.0312231 0.1130655 0.1345857 0.1185756 0.1339613 0.1117801 0.1117801 0.1558306 0.0991454 0.1657187 0.0802744 0.1215492 0.1298267 0.0719536 0.1193399 0.1590830 0.1584096 0.1848735 0.1270680 0.2118030 0.1643656 0.0727386 0.1340513 0.1258904 0.1652643 0.1188329 0.1721696 0.1475326 0.1503876 0.1414876 0.1829762 0.1860751 0.1356697 0.1430272 0.1549086 0.1151271 0.1367338 0.0308438 0.1743729 0.1453851 0.0734849 0.0365725 0.1266197 0.1013254 0.2013837 0.1433336 0.1198003 0.1221543 0.1453053 0.1385028 0.2026950 0.1773658 0.1643237 0.1387557 0.1589942 0.1338677 0.1707565 0.1420798 0.1636928 0.1426002 0.1167196 0.1150646 0.1423830 0.0986235 0.1885389 0.1987878 0.1622526 0.1452268 0.1264809 0.1118279 0.1546235 0.1073283 0.1069319 
S0376      0.0543310 0.0877955 0.0867127 0.1377541 0.1384274 0.1459948 0.0849001 0.0989410 0.1225698 0.1379984 0.1236619 0.1361204 0.1012763 0.1167078 0.0000000 0.0792257 0.0792408 0.1012993 0.1234772 0.0671608 0.0483163 0.1404708 0.1074749 0.0990960 0.1200696 0.1127848 0.0788057 0.0659512 0.1216138 0.0894929 0.0719257 0.0852906 0.1267631 0.1651432 0.0806497 0.1349351 0.0720003 0.1050388 0.0790675 0.0782300 0.0728472 0.0728472 0.1196174 0.0852906 0.1358216 0.1408809 0.1002645 0.1169122 0.1015853 0.1095770 0.1274702 0.1205899 0.1264727 0.0996362 0.1904817 0.1594971 0.1322805 0.1316322 0.1089738 0.1528267 0.0792442 0.1763218 0.1218988 0.1285091 0.0876940 0.1306694 0.1822449 0.0792257 0.0855382 0.1442111 0.0874965 0.1010683 0.1404708 0.1438560 0.1157166 0.1085360 0.1494777 0.0719257 0.1473418 0.1677899 0.0857817 0.0659512 0.0604096 0.1419303 0.1002943 0.1569852 0.1415675 0.1346906 0.0664012 0.1293498 0.0929354 0.1702445 0.0849896 0.1094062 0.0853266 0.1109924 0.0732222 0.1288232 0.0728931 0.1728935 0.1558510 0.1313332 0.1137616 0.0718513 0.0809234 0.1175383 0.0418750 0.0663207 
S0400      0.0583257 0.0981628 0.0205498 0.1495444 0.1100815 0.1399428 0.0149073 0.0837421 0.1113452 0.1338854 0.1340220 0.1083474 0.0917603 0.1279497 0.0792257 0.0000000 0.0201649 0.0914113 0.0966988 0.0713761 0.0777215 0.1519070 0.0976987 0.1168245 0.1234970 0.1028680 0.0470599 0.0097994 0.1040466 0.1072046 0.0048624 0.0765215 0.1382528 0.1556235 0.0788128 0.1539701 0.0148109 0.1240490 0.0769600 0.0098218 0.0709189 0.0709189 0.1091331 0.0769272 0.1247153 0.1292707 0.0714579 0.1211609 0.0993498 0.1034281 0.1323819 0.1159156 0.0967682 0.1229785 0.1956346 0.1471899 0.1427666 0.1241668 0.0959935 0.1438883 0.0771282 0.1582775 0.1246449 0.1321817 0.0855089 0.1253918 0.1716459 0.0099446 0.0589799 0.1025320 0.0782738 0.0842869 0.1519070 0.1323183 0.0966375 0.1132138 0.1610149 0.0147969 0.1354860 0.1626464 0.0150729 0.0097994 0.0705451 0.1437369 0.0772614 0.1569614 0.1421179 0.1072720 0.0540166 0.1021817 0.1029878 0.1339083 0.0149215 0.1290775 0.0253358 0.0989855 0.0645925 0.1176618 0.0528361 0.1676468 0.1447339 0.0971543 0.0947968 0.0695625 0.0787212 0.1280098 0.0647918 0.0696839 
S0405      0.0583146 0.0912500 0.0312570 0.1581386 0.1271095 0.1502521 0.0251946 0.0775485 0.1113955 0.1421415 0.1341066 0.1250510 0.0917873 0.1209201 0.0792408 0.0201649 0.0000000 0.0846358 0.1128841 0.0713847 0.0843288 0.1602841 0.1047616 0.1255117 0.1235667 0.1029069 0.0526314 0.0097944 0.1112203 0.0933916 0.0147902 0.0830226 0.1464196 0.1509112 0.0788274 0.1624758 0.0148043 0.1316099 0.0769729 0.0199158 0.0709271 0.0709271 0.1298263 0.0834700 0.1247842 0.1292832 0.0779294 0.1212262 0.1200697 0.1200698 0.1401623 0.1331842 0.1037637 0.1229871 0.1910753 0.1472968 0.1355048 0.1421040 0.1120652 0.1390027 0.0771412 0.1535194 0.1322492 0.1104992 0.0859638 0.1355550 0.1670357 0.0201649 0.0589804 0.1327350 0.0849319 0.0910476 0.1602841 0.1323994 0.1055109 0.1064182 0.1696370 0.0147902 0.1355022 0.1627893 0.0254697 0.0097944 0.0705353 0.1376273 0.0776695 0.1685682 0.1531157 0.1237745 0.0540146 0.1185643 0.1029871 0.1418005 0.0252189 0.1291551 0.0253274 0.1081139 0.0708581 0.1088551 0.0528246 0.1516971 0.1448394 0.1060870 0.1106300 0.0695696 0.0787358 0.1280853 0.0710792 0.0759850 
S0412sl    0.0718729 0.0732623 0.1064155 0.1963875 0.1341369 0.1626282 0.0971607 0.1409848 0.1503728 0.1787746 0.1538430 0.1496273 0.1140369 0.1702573 0.1012993 0.0914113 0.0846358 0.0000000 0.1368442 0.0924279 0.1064920 0.1975013 0.1279252 0.1365414 0.1032798 0.1256214 0.0889053 0.0776892 0.1347920 0.1246033 0.0837970 0.1048066 0.1826242 0.1885749 0.0482264 0.2002966 0.0838843 0.1428687 0.0983158 0.0902729 0.0918105 0.0918105 0.1259925 0.1054042 0.1271038 0.1620964 0.1274003 0.1282406 0.1528163 0.1284014 0.1680443 0.1604991 0.1408126 0.1416022 0.2156325 0.1575230 0.1790699 0.1615646 0.1446879 0.1762987 0.0985327 0.1833657 0.1583846 0.1427184 0.1209959 0.1547048 0.1892530 0.0914113 0.0956870 0.1579326 0.1358478 0.1427296 0.1975013 0.1500611 0.1360899 0.1769446 0.2080183 0.0837970 0.1686413 0.1550692 0.0981504 0.0776892 0.0849290 0.1577039 0.0927325 0.1640389 0.1309187 0.1480553 0.0849007 0.1284478 0.1342378 0.2021881 0.0972637 0.1556463 0.0976394 0.1477181 0.0833903 0.1360582 0.0721317 0.1720239 0.1736565 0.1608896 0.1208579 0.0771422 0.1006382 0.1366892 0.0990253 0.0885706 
S0417      0.1050231 0.1207562 0.1129406 0.1192162 0.0364610 0.1032631 0.1188222 0.1276217 0.0487261 0.1441012 0.1339055 0.0252794 0.0255586 0.1529935 0.1234772 0.0966988 0.1128841 0.1368442 0.0000000 0.0917992 0.1284711 0.1371391 0.0366810 0.1060131 0.1927808 0.0366661 0.0920561 0.0980676 0.0370999 0.1379785 0.1045222 0.0970915 0.1381330 0.1498049 0.1080236 0.1538508 0.0916932 0.1131795 0.0976400 0.1114177 0.0911906 0.0911906 0.0978343 0.0909200 0.0417592 0.1463287 0.0524987 0.0434009 0.1509550 0.1192740 0.1363201 0.1331219 0.1722843 0.1108981 0.1896118 0.1433818 0.1689114 0.1270446 0.1052326 0.1379663 0.0909114 0.1523781 0.1275446 0.0983413 0.1352086 0.0924924 0.1658031 0.1128315 0.1336114 0.0307608 0.0587244 0.0599453 0.1371391 0.0475519 0.0359138 0.1434813 0.1458902 0.1045222 0.1379804 0.1187167 0.1200179 0.0980676 0.1121321 0.1085361 0.1178860 0.1139944 0.1138039 0.0250436 0.1293205 0.0414440 0.1113426 0.1176074 0.1121296 0.0881852 0.1193999 0.0605227 0.1126069 0.0346814 0.0965468 0.1239083 0.1096775 0.0969912 0.0842859 0.0914988 0.1133083 0.0874019 0.1204747 0.0790893 
S0419      0.0588388 0.0416977 0.0851828 0.1254028 0.1052097 0.1366119 0.0768825 0.0913348 0.0974858 0.1106445 0.1057394 0.1035323 0.0763090 0.1125419 0.0671608 0.0713761 0.0713847 0.0924279 0.0917992 0.0000000 0.0662689 0.1289167 0.0892128 0.0861528 0.1250247 0.0828166 0.0709984 0.0586699 0.0904532 0.0992118 0.0644327 0.0097168 0.1157778 0.1490608 0.0796626 0.1219640 0.0529808 0.0920012 0.0048256 0.0704949 0.0000021 0.0000021 0.0907418 0.0097611 0.0905197 0.1282680 0.0834806 0.0994161 0.1029076 0.0850970 0.1136508 0.1069502 0.1047857 0.0412991 0.1721874 0.1171576 0.1130125 0.0861599 0.0603117 0.1372405 0.0048366 0.1516173 0.0840015 0.0705181 0.1066221 0.1298718 0.1650172 0.0713761 0.0774483 0.0976777 0.0771455 0.0967305 0.1289167 0.0973918 0.0848858 0.1049455 0.1374095 0.0644327 0.1273277 0.1069997 0.0776751 0.0586699 0.0776502 0.1289331 0.0915331 0.1466340 0.1317140 0.1024927 0.0728905 0.1103680 0.0358143 0.1337013 0.0769615 0.0865743 0.0772665 0.0869830 0.0776124 0.0943430 0.0524080 0.1120724 0.1215499 0.0987433 0.0789414 0.0528750 0.0360430 0.0858135 0.0657717 0.0589892 
S0427      0.0478922 0.0929925 0.0918530 0.1281959 0.1368456 0.1269281 0.0899553 0.0921781 0.1496978 0.1284157 0.1288680 0.1245188 0.1135672 0.1081650 0.0483163 0.0777215 0.0843288 0.1064920 0.1284711 0.0662689 0.0000000 0.1311184 0.1135915 0.1107327 0.1181911 0.1250944 0.0716525 0.0709842 0.1202596 0.1163388 0.0769534 0.0658399 0.1177539 0.1875898 0.0932454 0.1329049 0.0770325 0.1101101 0.0718825 0.0832650 0.0658399 0.0658399 0.1247064 0.0661896 0.1486266 0.1392442 0.0991721 0.1296851 0.1006470 0.1211252 0.1325667 0.1319950 0.1103959 0.0985563 0.2144136 0.1727356 0.1375147 0.1434053 0.1204558 0.1753808 0.0720423 0.1909551 0.1207349 0.1207459 0.0942682 0.1207858 0.2052196 0.0843093 0.0767542 0.1347374 0.0930389 0.1133429 0.1311184 0.1422231 0.1150091 0.1147147 0.1397866 0.0769534 0.1382019 0.1542398 0.0908723 0.0709842 0.0666000 0.1218906 0.0923794 0.1369055 0.1224707 0.1395682 0.0861219 0.1342928 0.0919341 0.1530512 0.0900494 0.1382154 0.0826703 0.1243393 0.0661777 0.1344193 0.0658855 0.1592645 0.1523397 0.1227550 0.1115683 0.0768744 0.0735461 0.1370729 0.0308665 0.0713795 
S0430      0.1292269 0.1384691 0.1625168 0.0050247 0.1477031 0.1628941 0.1666850 0.1791671 0.1705153 0.0210510 0.0765406 0.1611497 0.1281671 0.0308438 0.1404708 0.1519070 0.1602841 0.1975013 0.1371391 0.1289167 0.1311184 0.0000000 0.1381792 0.1357306 0.2168230 0.1439675 0.1300895 0.1430840 0.1472432 0.1729511 0.1502951 0.1141779 0.0097474 0.2158989 0.1802357 0.0098080 0.1359606 0.1349360 0.1351596 0.1581188 0.1280216 0.1280216 0.1267382 0.1148475 0.1503174 0.1085632 0.1268989 0.1243079 0.0923705 0.1327426 0.1446256 0.1587945 0.2128472 0.1442489 0.2644816 0.1834519 0.0940067 0.1410246 0.1327380 0.2125832 0.1276569 0.2198577 0.1545893 0.1546533 0.1547005 0.1743664 0.2345830 0.1601495 0.1680044 0.1582558 0.1204819 0.1382606 0.0000010 0.1586323 0.1523406 0.1084377 0.0048543 0.1502951 0.1174775 0.2060499 0.1683326 0.1430840 0.1459779 0.1436166 0.1596744 0.1936493 0.1687656 0.1594188 0.1638827 0.1540164 0.1596945 0.1859784 0.1668767 0.1586298 0.1674737 0.1257394 0.1384180 0.1365374 0.1204684 0.2110235 0.2033474 0.1799002 0.1374971 0.1435425 0.1273817 0.1495503 0.1300918 0.1231393 
S0478      0.0912594 0.1123623 0.1204096 0.1206336 0.0479067 0.1213047 0.1105885 0.1055636 0.0535027 0.1128279 0.1272106 0.0417440 0.0366246 0.1218486 0.1074749 0.0976987 0.1047616 0.1279252 0.0366810 0.0892128 0.1135915 0.1381792 0.0000000 0.1144059 0.1819732 0.0525236 0.0787441 0.0904248 0.0480031 0.1289926 0.0967154 0.0962967 0.1246941 0.1437741 0.0933193 0.1295532 0.0842130 0.1137437 0.1027545 0.1034177 0.0962967 0.0962967 0.0988088 0.0901754 0.0534345 0.1230418 0.0475963 0.0490494 0.0976490 0.1158416 0.1370481 0.1364456 0.1478343 0.0964547 0.1833001 0.1486800 0.1223654 0.1381221 0.1151994 0.1318478 0.0896849 0.1462590 0.1218184 0.1166527 0.1300947 0.1160638 0.1597213 0.1047199 0.1249463 0.0417854 0.0473287 0.0536751 0.1381792 0.0595039 0.0426896 0.1070425 0.1470115 0.0967154 0.1292540 0.1385713 0.1117000 0.0904248 0.0911396 0.1240958 0.1061463 0.1395695 0.1393444 0.0413451 0.1206325 0.0588069 0.1033278 0.0927850 0.1040674 0.0929313 0.1111256 0.0611108 0.0984794 0.0345555 0.0832916 0.1436396 0.1289982 0.0851631 0.1136895 0.0966136 0.0985876 0.0921255 0.1059798 0.0784409 
S0552sl    0.1039747 0.1219139 0.1343250 0.1257395 0.1229145 0.1182573 0.1315046 0.1493140 0.1163877 0.1282805 0.1477599 0.1208895 0.1061990 0.1353772 0.0990960 0.1168245 0.1255117 0.1365414 0.1060131 0.0861528 0.1107327 0.1357306 0.1144059 0.0000000 0.1911785 0.1067868 0.1046472 0.1102457 0.1060081 0.1786289 0.1168245 0.0984138 0.1367048 0.1922375 0.1292179 0.1448363 0.1037487 0.0000021 0.0985194 0.1238839 0.0920012 0.0920012 0.0469936 0.0989698 0.1056005 0.1702626 0.1117414 0.1025955 0.1442520 0.0665487 0.0149453 0.0197891 0.1649400 0.1136971 0.2371352 0.1675210 0.1402606 0.0731410 0.0674540 0.1801892 0.0922040 0.1871430 0.0666791 0.1294621 0.1320206 0.1084452 0.1929161 0.1254413 0.1466650 0.1114227 0.0988833 0.1153265 0.1357306 0.1266273 0.1061990 0.1532066 0.1443755 0.1168245 0.1691074 0.1449738 0.1328039 0.1102457 0.1190738 0.1339461 0.1255619 0.1241906 0.1239839 0.1196343 0.1424937 0.1143271 0.1135792 0.1671953 0.1316483 0.0912405 0.1321309 0.1250125 0.1257746 0.1057671 0.1251832 0.1501996 0.1431388 0.1422405 0.0366042 0.1035282 0.1050637 0.0904127 0.1099003 0.0913301 
S0558      0.1159069 0.1198976 0.1326845 0.2162854 0.2019590 0.2099971 0.1297409 0.1379477 0.1901321 0.2167701 0.1609390 0.2069429 0.1659320 0.1948696 0.1200696 0.1234970 0.1235667 0.1032798 0.1927808 0.1250247 0.1181911 0.2168230 0.1819732 0.1911785 0.0000000 0.1618770 0.1222772 0.1078996 0.1807636 0.1455681 0.1146617 0.1385815 0.2010459 0.2093528 0.0964782 0.2200284 0.1147887 0.1980990 0.1235745 0.1219143 0.1241386 0.1241386 0.1880236 0.1394373 0.1898774 0.1933014 0.1557281 0.1866417 0.1667627 0.1770848 0.2199371 0.2114195 0.1298982 0.1800646 0.2385752 0.1538973 0.1968152 0.2034569 0.1759555 0.1968705 0.1316797 0.2132302 0.1991828 0.2086393 0.1495865 0.2130167 0.2280787 0.1158781 0.1230186 0.2166926 0.1652169 0.1691926 0.2168230 0.1980783 0.1743473 0.1933548 0.2282436 0.1146617 0.2002532 0.2274632 0.1232943 0.1078996 0.1313311 0.1963653 0.1335415 0.2099318 0.1927510 0.2046275 0.1114139 0.1991598 0.1718289 0.2032540 0.1298871 0.2143242 0.1226460 0.1881249 0.1093419 0.1965752 0.1019621 0.2428365 0.2347664 0.1931198 0.1726967 0.1146069 0.1265549 0.2126099 0.1172559 0.1148543 
S0624      0.1023163 0.1103594 0.1120947 0.1407660 0.0477415 0.1123098 0.1086424 0.1242785 0.0414215 0.1326519 0.1328450 0.0470125 0.0472159 0.1489182 0.1127848 0.1028680 0.1029069 0.1256214 0.0366661 0.0828166 0.1250944 0.1439675 0.0525236 0.1067868 0.1618770 0.0000000 0.0773486 0.0888390 0.0588198 0.1266600 0.0950220 0.0946147 0.1450163 0.1485830 0.1052418 0.1609298 0.0827338 0.1128285 0.0884525 0.1016054 0.0822839 0.0822839 0.1112780 0.0885949 0.0642951 0.1424058 0.0579864 0.0601183 0.1469731 0.1288497 0.1358898 0.1288518 0.1379596 0.0889912 0.1880725 0.1311569 0.1643926 0.1369452 0.1142617 0.1368040 0.0759973 0.1511219 0.1271458 0.0890756 0.1419563 0.1078390 0.1644691 0.1028680 0.1227384 0.0529498 0.0643272 0.0527329 0.1439675 0.0705144 0.0416585 0.1396923 0.1528674 0.0950220 0.1343001 0.1007557 0.1097219 0.0888390 0.1092284 0.1155424 0.1319609 0.1157809 0.1155870 0.0465652 0.1184665 0.0527485 0.0956550 0.1040075 0.1022341 0.0729532 0.1091642 0.0541582 0.1096852 0.0524561 0.0940963 0.1058619 0.1062706 0.0898666 0.0924583 0.0825639 0.1032723 0.0723019 0.1040873 0.0770550 
S0641      0.0526436 0.0782642 0.0656818 0.1271621 0.0966258 0.1198356 0.0582431 0.0651559 0.1114646 0.1122085 0.1195233 0.1038191 0.0787432 0.0934959 0.0788057 0.0470599 0.0526314 0.0889053 0.0920561 0.0709984 0.0716525 0.1300895 0.0787441 0.1046472 0.1222772 0.0773486 0.0000000 0.0521856 0.0848640 0.0859601 0.0466113 0.0705450 0.1168396 0.1196858 0.0780004 0.1318479 0.0466571 0.1040591 0.0765597 0.0523003 0.0705450 0.0705450 0.0899350 0.0709160 0.1106979 0.1078783 0.0658855 0.0978588 0.0859413 0.0988094 0.1262330 0.1120791 0.1032062 0.0836636 0.1562019 0.1248039 0.1071333 0.1196614 0.0982917 0.1079669 0.0767264 0.1217111 0.1045492 0.1039294 0.0924629 0.1285331 0.1346979 0.0529492 0.0687528 0.0979495 0.0726016 0.0785792 0.1300895 0.1106988 0.0855797 0.0991780 0.1386691 0.0577852 0.1139288 0.1288062 0.0588507 0.0521856 0.0646485 0.1146127 0.0777153 0.1450746 0.1303392 0.1027743 0.0642894 0.1106743 0.0773923 0.1138565 0.0583013 0.1145509 0.0701719 0.0877053 0.0463498 0.1023452 0.0525391 0.1362830 0.1368610 0.0995395 0.0902123 0.0577280 0.0783054 0.1135826 0.0593208 0.0404586 
S0643      0.0521688 0.0841285 0.0202453 0.1405100 0.1116422 0.1411474 0.0146910 0.0768678 0.0967835 0.1252586 0.1183520 0.1098641 0.0779978 0.1198003 0.0659512 0.0097994 0.0097944 0.0776892 0.0980676 0.0586699 0.0709842 0.1430840 0.0904248 0.1102457 0.1078996 0.0888390 0.0521856 0.0000000 0.0966355 0.0925400 0.0047925 0.0698956 0.1296983 0.1494298 0.0656134 0.1450079 0.0047969 0.1161684 0.0640907 0.0096798 0.0583013 0.0583013 0.1146097 0.0702601 0.1096331 0.1210086 0.0648810 0.1058519 0.1049201 0.1048961 0.1242449 0.1175489 0.0895664 0.1151727 0.1891104 0.1310976 0.1342384 0.1259335 0.0973463 0.1376176 0.0642310 0.1519907 0.1167179 0.1167281 0.0784766 0.1195894 0.1653825 0.0097994 0.0468835 0.1171743 0.0714824 0.0773700 0.1430840 0.1168606 0.0910552 0.1054424 0.1519070 0.0047925 0.1271192 0.1452304 0.0148522 0.0000010 0.0640562 0.1362650 0.0705635 0.1509463 0.1361600 0.1087616 0.0419760 0.1036163 0.0956534 0.1256520 0.0147049 0.1134171 0.0147691 0.0932910 0.0582481 0.1012571 0.0467853 0.1502559 0.1282897 0.0915455 0.0961192 0.0572102 0.0655348 0.1124644 0.0584250 0.0632843 
S0645sl    0.0975282 0.1189641 0.1271499 0.1290221 0.0602269 0.1143065 0.1170821 0.1194585 0.0662003 0.1433945 0.1502994 0.0478202 0.0368149 0.1440740 0.1216138 0.1040466 0.1112203 0.1347920 0.0370999 0.0904532 0.1202596 0.1472432 0.0480031 0.1060081 0.1807636 0.0588198 0.0848640 0.0966355 0.0000000 0.1359009 0.1029985 0.0898609 0.1483360 0.1475811 0.1137836 0.1645969 0.0903517 0.1054057 0.0836839 0.1097929 0.0898609 0.0898609 0.0905388 0.0838171 0.0536977 0.1271563 0.0478344 0.0491270 0.1421723 0.1273223 0.1278900 0.1414848 0.1483101 0.1104420 0.1867331 0.1412463 0.1595697 0.1353165 0.1226681 0.1358708 0.0964256 0.1500879 0.1193937 0.0969014 0.1345105 0.1022860 0.1633471 0.1111705 0.1316456 0.0538646 0.0540494 0.0597526 0.1472432 0.0597929 0.0544179 0.1348680 0.1563569 0.1029985 0.1194111 0.1168963 0.1182487 0.0966355 0.1044322 0.1101534 0.1195618 0.1178561 0.1176562 0.0473574 0.1273873 0.0653165 0.1037063 0.1058110 0.1172081 0.0938672 0.1043798 0.0803282 0.1048799 0.0470767 0.0893657 0.1220356 0.1080163 0.0835716 0.0913711 0.0901626 0.1116314 0.0930493 0.1125109 0.0722240 
S0689      0.0934114 0.0876770 0.1233220 0.1711125 0.1458501 0.1994682 0.1132047 0.1127115 0.1361274 0.1543106 0.1453029 0.1508290 0.1150128 0.1315661 0.0894929 0.1072046 0.0933916 0.1246033 0.1379785 0.0992118 0.1163388 0.1729511 0.1289926 0.1786289 0.1455681 0.1266600 0.0859601 0.0925400 0.1359009 0.0000000 0.0989799 0.1117493 0.1585224 0.1473679 0.0873916 0.1753800 0.0990865 0.1853407 0.1051589 0.1058476 0.0985456 0.0985456 0.1827255 0.1045136 0.1504962 0.1554970 0.1138677 0.1398183 0.1298071 0.1572583 0.2135180 0.2052678 0.1566389 0.1340020 0.1710374 0.1663314 0.1513097 0.1662210 0.1563028 0.1352121 0.1053895 0.1578491 0.1863249 0.1278902 0.1096858 0.1795488 0.1637212 0.1072046 0.0934737 0.1591876 0.1219785 0.1147833 0.1729511 0.1431367 0.1299558 0.1457104 0.1828477 0.0989799 0.1620409 0.1745098 0.1143606 0.0925400 0.0985573 0.1579352 0.1094009 0.2303619 0.2124976 0.1492381 0.0888710 0.1359911 0.1267800 0.1519526 0.1065316 0.1637310 0.1003347 0.1088442 0.0748784 0.1458972 0.0603489 0.1559826 0.1526944 0.1315064 0.1609892 0.0988736 0.1076497 0.1624036 0.0993780 0.0735893 
S0690      0.0577662 0.0903382 0.0150684 0.1479102 0.1182988 0.1411474 0.0097194 0.0829126 0.1031572 0.1324339 0.1250937 0.1164118 0.0841218 0.1266197 0.0719257 0.0048624 0.0147902 0.0837970 0.1045222 0.0644327 0.0769534 0.1502951 0.0967154 0.1168245 0.1146617 0.0950220 0.0466113 0.0047925 0.1029985 0.0989799 0.0000000 0.0757750 0.1367828 0.1569775 0.0715559 0.1523181 0.0096581 0.1227897 0.0698956 0.0048033 0.0640264 0.0640264 0.1080423 0.0761734 0.1161668 0.1279132 0.0707552 0.1124998 0.0983371 0.1114651 0.1310236 0.1242449 0.0958013 0.1217385 0.1974320 0.1379578 0.1412699 0.1328087 0.1037627 0.1451551 0.0700476 0.1596751 0.1233741 0.1233852 0.0846468 0.1264128 0.1731567 0.0048624 0.0524403 0.1104710 0.0774953 0.0834483 0.1502951 0.1235192 0.0973933 0.1120475 0.1592880 0.0096491 0.1340674 0.1525760 0.0098268 0.0047925 0.0698583 0.1437369 0.0765014 0.1582879 0.1433065 0.1152413 0.0475370 0.1100965 0.1019581 0.1325192 0.0097285 0.1201788 0.0198238 0.0997756 0.0639666 0.1083937 0.0523291 0.1575683 0.1353097 0.0979181 0.1024530 0.0628230 0.0714725 0.1191813 0.0641621 0.0690134 
S0720      0.0584680 0.0525519 0.0972916 0.1103846 0.1105538 0.1431272 0.0885707 0.0971593 0.1164802 0.0961927 0.1183790 0.1088035 0.0879076 0.0985880 0.0852906 0.0765215 0.0830226 0.1048066 0.0970915 0.0097168 0.0658399 0.1141779 0.0962967 0.0984138 0.1385815 0.0946147 0.0705450 0.0698956 0.0898609 0.1117493 0.0757750 0.0000000 0.1149748 0.1404891 0.0917678 0.1156967 0.0640907 0.0978611 0.0146008 0.0819886 0.0096596 0.0096596 0.0965299 0.0000021 0.1026316 0.1135756 0.0829402 0.1120186 0.1103415 0.0841405 0.1197412 0.1192098 0.1107277 0.0356751 0.1628129 0.1163730 0.1056263 0.0851835 0.0596279 0.1363024 0.0146328 0.1428740 0.0773646 0.0820246 0.1058972 0.1360872 0.1560748 0.0830046 0.0892214 0.1029559 0.0771456 0.0960948 0.1141779 0.1097022 0.0906135 0.0913175 0.1222661 0.0757750 0.1127476 0.1198270 0.0894640 0.0698956 0.0711554 0.1353219 0.0909261 0.1530136 0.1380085 0.1077181 0.0847653 0.1156663 0.0409946 0.1327802 0.0886621 0.1055143 0.0890029 0.0928315 0.0771105 0.1078879 0.0520832 0.1248322 0.1347512 0.1046122 0.0841976 0.0639622 0.0467265 0.1046233 0.0653493 0.0586165 
S0724sl    0.1160597 0.1249565 0.1484739 0.0153886 0.1488051 0.1641738 0.1527746 0.1647325 0.1718137 0.0211775 0.0650913 0.1623574 0.1290773 0.0310260 0.1267631 0.1382528 0.1464196 0.1826242 0.1381330 0.1157778 0.1177539 0.0097474 0.1246941 0.1367048 0.2010459 0.1450163 0.1168396 0.1296983 0.1483360 0.1585224 0.1367828 0.1149748 0.0000000 0.2176951 0.1657049 0.0098626 0.1227016 0.1358994 0.1219724 0.1444369 0.1149748 0.1149748 0.1276280 0.1156539 0.1514123 0.1093234 0.1139451 0.1252066 0.0802211 0.1337167 0.1456817 0.1450472 0.1977870 0.1453021 0.2668426 0.1848459 0.0946472 0.1420725 0.1337102 0.2052928 0.1146343 0.2217178 0.1557445 0.1558102 0.1407628 0.1757206 0.2365681 0.1463106 0.1539907 0.1594215 0.1076044 0.1392704 0.0097474 0.1598036 0.1386526 0.1091955 0.0148555 0.1367828 0.1327092 0.2077437 0.1543112 0.1296983 0.1470548 0.1447515 0.1458429 0.1951974 0.1700823 0.1606011 0.1497225 0.1551640 0.1458752 0.1714932 0.1529501 0.1598436 0.1535126 0.1123705 0.1249230 0.1296040 0.1076125 0.2127411 0.2049991 0.1654035 0.1384958 0.1301311 0.1143895 0.1506783 0.1168250 0.1100234 
S0735      0.1433124 0.1516320 0.1874908 0.1948534 0.1392810 0.2135388 0.1742064 0.1724853 0.1761621 0.1768271 0.2093413 0.1631598 0.1523484 0.1691889 0.1651432 0.1556235 0.1509112 0.1885749 0.1498049 0.1490608 0.1875898 0.2158989 0.1437741 0.1922375 0.2093528 0.1485830 0.1196858 0.1494298 0.1475811 0.1473679 0.1569775 0.1404891 0.2176951 0.0000000 0.1433499 0.2190835 0.1419759 0.2018562 0.1473265 0.1651872 0.1479787 0.1479787 0.1989136 0.1334713 0.1706848 0.1512119 0.1349484 0.1813620 0.1828413 0.1680217 0.2319924 0.2176766 0.2194875 0.1568310 0.0260509 0.1599183 0.1772138 0.1854988 0.1785984 0.0100177 0.1560026 0.0049468 0.1862006 0.1838790 0.1888359 0.2366199 0.0098614 0.1673798 0.1666995 0.1719644 0.1439812 0.1443635 0.2158989 0.1636887 0.1338614 0.1588671 0.2272720 0.1569775 0.1578341 0.2274312 0.1759795 0.1494298 0.1273809 0.2071181 0.1865936 0.2112110 0.2344429 0.1463280 0.1785890 0.1374127 0.1643097 0.2007180 0.1663401 0.1957703 0.1662704 0.1291278 0.1402269 0.1559125 0.1321293 0.2231618 0.2053607 0.1403165 0.1716734 0.1341307 0.1595696 0.1941868 0.1776755 0.1345416 
S0742      0.0722806 0.0671156 0.0931918 0.1786109 0.0927223 0.1529624 0.0844593 0.1078299 0.1215032 0.1535729 0.1308904 0.1134129 0.0868700 0.1625412 0.0806497 0.0788128 0.0788274 0.0482264 0.1080236 0.0796626 0.0932454 0.1802357 0.0933193 0.1292179 0.0964782 0.1052418 0.0780004 0.0656134 0.1137836 0.0873916 0.0715559 0.0917678 0.1657049 0.1433499 0.0000000 0.1827669 0.0716304 0.1354853 0.0854530 0.0778279 0.0791351 0.0791351 0.1189760 0.0849285 0.1064815 0.1393740 0.0995114 0.1096813 0.1300326 0.1236400 0.1601725 0.1527429 0.1312623 0.1060848 0.1662558 0.1501382 0.1632808 0.1463877 0.1229433 0.1314359 0.0727046 0.1458247 0.1361613 0.1507531 0.0849042 0.1290102 0.1592711 0.0788128 0.0846631 0.1209842 0.1072241 0.1069395 0.1802357 0.1131507 0.1154278 0.1536261 0.1902926 0.0715559 0.1457536 0.1749365 0.0853330 0.0656134 0.0704599 0.1575905 0.0736376 0.1726985 0.1568398 0.1122436 0.0738050 0.0915104 0.1132997 0.1580484 0.0845480 0.1396275 0.0848821 0.1106681 0.0590389 0.1127751 0.0660814 0.1890866 0.1530468 0.1231533 0.1138457 0.0775742 0.0874635 0.1384660 0.0718384 0.0777018 
S0748      0.1309645 0.1403592 0.1647610 0.0154890 0.1651673 0.1816822 0.1689548 0.1736342 0.1808051 0.0213173 0.0775010 0.1790205 0.1443306 0.0312231 0.1349351 0.1539701 0.1624758 0.2002966 0.1538508 0.1219640 0.1329049 0.0098080 0.1295532 0.1448363 0.2200284 0.1609298 0.1318479 0.1450079 0.1645969 0.1753800 0.1523181 0.1156967 0.0098626 0.2190835 0.1827669 0.0000000 0.1377866 0.1439763 0.1369665 0.1602559 0.1297296 0.1297296 0.1354901 0.1163837 0.1674257 0.1100195 0.1285817 0.1406727 0.0851025 0.1272222 0.1540446 0.1533805 0.2073288 0.1388234 0.2685808 0.1859684 0.0886720 0.1354810 0.1272276 0.2157807 0.1293578 0.2231493 0.1490898 0.1723383 0.1568395 0.1932209 0.2380722 0.1623342 0.1703064 0.1757476 0.1136899 0.1551364 0.0098080 0.1761764 0.1544142 0.1098900 0.0149486 0.1523181 0.1335509 0.2268432 0.1706396 0.1450079 0.1405022 0.1620183 0.1618530 0.2135490 0.1875754 0.1770660 0.1661626 0.1716283 0.1542585 0.1885687 0.1691515 0.1687581 0.1697610 0.1274634 0.1403049 0.1465883 0.1220672 0.2317288 0.2238193 0.1824216 0.1542516 0.1454752 0.1290756 0.1593719 0.1318525 0.1248010 
