133
PAFTOL_019361 0.0000000 0.1719864 0.1998988 0.1951100 0.2270479 0.2077869 0.1782721 0.2071871 0.1951355 0.2071306 0.2045773 0.1984618 0.2198532 0.2120718 0.2148914 0.2301859 0.2076356 0.2262667 0.3111329 0.2141722 0.1813151 0.1991762 0.1973200 0.2396727 0.2107090 0.2006397 0.2023363 0.1769095 0.1989003 0.2189937 0.1770286 0.2224382 0.1943891 0.2347850 0.2101070 0.1922142 0.2604344 0.1923732 0.2013499 0.1744647 0.6330760 0.2142526 0.2249585 0.2234364 0.2199984 0.2056318 0.2213247 0.2104077 0.3023240 0.2082731 0.2189162 0.2084558 0.2123140 0.2232990 0.2142526 0.1931730 0.1809597 0.1864879 0.1888944 0.2112479 0.2467654 0.2061108 0.2190800 0.2093324 0.2337396 0.2194970 0.1567650 0.2265788 0.2154876 0.1899322 0.2104991 0.2075411 0.2157641 0.2013315 0.2285789 0.2072308 0.1804486 0.2139820 0.2158428 0.2108182 0.1950556 0.1998541 0.2166296 0.2004269 0.2045775 0.1734981 0.1752447 0.1840459 0.1865129 0.2255375 0.2175725 0.2042798 0.2113639 0.2438683 0.2232312 0.1945034 0.2066823 0.2110909 0.1958090 0.1800873 0.1359525 0.1710503 0.2164685 0.1808028 0.1767208 0.2002656 0.2003029 0.1995519 0.2031732 0.2015892 0.1853220 0.2356017 0.2148582 0.2036937 0.2357678 0.1740487 0.1810280 0.2097054 0.2065702 0.2064398 0.1874333 0.1814775 0.1666867 0.2075038 0.2244627 0.2117074 0.1729257 0.2115058 0.2486626 0.2020933 0.1807887 0.1926286 0.2054895 
S0055         0.1719864 0.0000000 0.0791377 0.0745656 0.0933620 0.0431897 0.0862976 0.0680173 0.0577291 0.0465894 0.0739047 0.0620936 0.0857346 0.0796396 0.0779686 0.0840642 0.0578610 0.0653272 0.0662949 0.0770465 0.0471450 0.0392644 0.0373827 0.0695738 0.0769667 0.0573512 0.0738896 0.0576017 0.0676373 0.0768609 0.0673570 0.0656410 0.0660530 0.0910621 0.0632844 0.0434643 0.0374247 0.0644205 0.0689353 0.0508145 0.0493422 0.0927910 0.0859766 0.0965624 0.0841055 0.0804249 0.0618209 0.0388093 0.0787972 0.0703899 0.0416435 0.0735904 0.0706995 0.0706867 0.0963490 0.0561335 0.0739972 0.0598918 0.0479823 0.0483280 0.0724372 0.0712527 0.0651595 0.0739436 0.0686908 0.0643676 0.0429231 0.0876649 0.1101356 0.0747008 0.0624293 0.0776411 0.0806798 0.0714147 0.0993994 0.0736021 0.0806537 0.0710074 0.0667398 0.0722496 0.0404767 0.0594232 0.0907504 0.0402538 0.0446889 0.0638166 0.0672698 0.0586381 0.0624583 0.0864696 0.0566871 0.0678352 0.0771780 0.0875522 0.0970549 0.0399783 0.0824535 0.0702614 0.0480721 0.0420746 0.0428712 0.0148679 0.0687552 0.0329695 0.0594996 0.0512974 0.0543638 0.0795322 0.0456464 0.0766387 0.0606460 0.0966794 0.0780495 0.0339696 0.0865082 0.0613040 0.0509412 0.0479975 0.0816636 0.0402124 0.0596521 0.0402277 0.0348371 0.0625672 0.0668089 0.0809727 0.0541394 0.0497481 0.1153376 0.0735470 0.0495632 0.0544436 0.0437133 
S0196sl       0.1998988 0.0791377 0.0000000 0.1063580 0.0641790 0.1028023 0.0989744 0.0896654 0.0819502 0.1034223 0.1106135 0.0914704 0.1029340 0.0964320 0.0957805 0.1058626 0.0877753 0.0983934 0.0820947 0.0975149 0.0824068 0.0974895 0.0845394 0.0958593 0.0981328 0.0812876 0.0184089 0.0809698 0.0936164 0.1001422 0.0814952 0.0986572 0.0958773 0.1128666 0.0773345 0.0927751 0.0946814 0.0720501 0.0889667 0.0863822 0.1238295 0.0450293 0.1087870 0.1332313 0.1311997 0.1058303 0.0864519 0.0947440 0.1251587 0.0162728 0.0917472 0.0142078 0.0183691 0.1064781 0.0475143 0.0841938 0.1018618 0.0792538 0.0666399 0.0852262 0.1082492 0.0873715 0.0973766 0.0879370 0.0955974 0.0865558 0.0509024 0.0522813 0.1508682 0.0798957 0.0894765 0.0882684 0.0920584 0.0885000 0.1215742 0.0162847 0.0981976 0.0992734 0.0872131 0.0982729 0.0820104 0.0848034 0.1251551 0.0978610 0.0975372 0.0637139 0.0941264 0.0767667 0.0810671 0.0978960 0.0888423 0.1006013 0.1008653 0.1147203 0.1049812 0.0916989 0.1147816 0.0876969 0.0607274 0.0969202 0.1122370 0.0702595 0.0953892 0.0788678 0.0903165 0.0792808 0.0742318 0.0983324 0.0924829 0.0183765 0.0836076 0.0641205 0.1031301 0.0788396 0.0598784 0.0703425 0.0711435 0.1112501 0.1017597 0.1000790 0.0926372 0.0917105 0.0744241 0.0826661 0.1033056 0.0972657 0.0768941 0.0772129 0.1648768 0.0400288 0.0687203 0.0892871 0.0717440 
S0278         0.1951100 0.0745656 0.1063580 0.0000000 0.0938437 0.0901318 0.0921573 0.0386546 0.0712175 0.0834029 0.1218116 0.0269087 0.1031811 0.0982554 0.0512847 0.1013854 0.0543999 0.0812140 0.1260578 0.0919594 0.0734394 0.0829845 0.0852602 0.0515210 0.1051175 0.0440275 0.0954716 0.0796600 0.0698403 0.0900269 0.0555667 0.1004659 0.0844175 0.1126253 0.0325784 0.0870586 0.0924744 0.0383485 0.0755502 0.0903725 0.0690014 0.1125243 0.1054234 0.1243355 0.1189570 0.0956336 0.0917569 0.0921187 0.1045385 0.0915993 0.0901449 0.0950620 0.0886008 0.0965495 0.1163848 0.0616789 0.0883138 0.0625789 0.0552555 0.0763779 0.0498821 0.0924955 0.0946872 0.0928528 0.0979823 0.0942987 0.0731594 0.0991563 0.1195031 0.1107272 0.0800838 0.0959623 0.0925531 0.0896142 0.1097517 0.0930908 0.0995549 0.0949181 0.0808565 0.0898968 0.0856233 0.0710381 0.1073426 0.0834463 0.0938004 0.0873451 0.0480894 0.0628157 0.0686855 0.1028223 0.0659289 0.0211213 0.0991689 0.0979503 0.1035857 0.0827414 0.1009769 0.0848175 0.0533679 0.0859104 0.0754815 0.0735425 0.0796762 0.0761531 0.0776296 0.0597325 0.0679735 0.0494923 0.0972947 0.1005435 0.0286020 0.1047778 0.0834397 0.0861299 0.1022386 0.0697185 0.0686950 0.0977430 0.0408920 0.0919729 0.0635494 0.0902076 0.0785334 0.0835343 0.0811336 0.0914529 0.0763765 0.0762105 0.1268885 0.0966933 0.0691926 0.0796794 0.0675356 
S0281         0.2270479 0.0933620 0.0641790 0.0938437 0.0000000 0.1025917 0.1070107 0.0865881 0.0884320 0.0923609 0.1200412 0.0790367 0.1139752 0.1103028 0.1050108 0.1120272 0.0885881 0.0975727 0.1073101 0.1061297 0.0799527 0.0952847 0.0939627 0.1009171 0.1218688 0.0812160 0.0453673 0.0928911 0.0938959 0.1058619 0.0825691 0.1111456 0.0994606 0.1179758 0.0806898 0.0928247 0.1166994 0.0844157 0.0859425 0.0916465 0.0809197 0.0483602 0.1161322 0.1232491 0.1255394 0.1116345 0.0939897 0.1009141 0.1230040 0.0422139 0.0971368 0.0451919 0.0423219 0.1035748 0.0514737 0.0806790 0.1092105 0.0782226 0.0763234 0.0853499 0.0945578 0.1090434 0.1032195 0.1116558 0.1078621 0.1008388 0.0739629 0.0497067 0.1375355 0.1120342 0.0953036 0.0994003 0.1148257 0.1085292 0.1124061 0.0451987 0.0937571 0.1174566 0.0934149 0.1062465 0.0817725 0.0852361 0.1113564 0.0957195 0.0992284 0.1095578 0.0950616 0.0749175 0.0790660 0.1103670 0.0819935 0.0848388 0.1062586 0.1098857 0.1254596 0.0897671 0.1213420 0.0901906 0.0827658 0.0983126 0.0762674 0.0893428 0.0915645 0.0868595 0.0901474 0.0850763 0.0867770 0.1026399 0.0958799 0.0498021 0.0870591 0.0577516 0.0975052 0.0974585 0.0533728 0.0807061 0.0777804 0.0938762 0.0896609 0.0955115 0.0880302 0.0938887 0.0847932 0.0906004 0.0992774 0.0969549 0.0974686 0.0868448 0.1336554 0.0480794 0.0779995 0.0876246 0.0831201 
S0282         0.2077869 0.0431897 0.1028023 0.0901318 0.1025917 0.0000000 0.0947682 0.0798633 0.0722840 0.0224762 0.0793442 0.0742694 0.0963749 0.0972650 0.0884383 0.0963861 0.0691684 0.0717494 0.0844804 0.0890816 0.0613923 0.0191214 0.0259613 0.0863635 0.0984288 0.0652594 0.0874944 0.0737707 0.0867020 0.0888633 0.0790207 0.0875476 0.0758082 0.0949408 0.0782493 0.0332718 0.0344196 0.0809367 0.0806563 0.0573234 0.0219722 0.1054799 0.1002479 0.1099208 0.1014651 0.0925858 0.0819568 0.0330894 0.0972539 0.0838204 0.0244660 0.0871325 0.0841967 0.0941534 0.1091708 0.0721454 0.0930534 0.0730482 0.0642201 0.0642913 0.0920695 0.0858213 0.0808085 0.0959710 0.0873218 0.0823454 0.0521359 0.1001551 0.1254467 0.0897454 0.0764243 0.0897535 0.0973581 0.0878671 0.1105405 0.0850984 0.0914491 0.0912400 0.0779788 0.0891231 0.0464369 0.0692584 0.1053721 0.0231049 0.0401937 0.0857736 0.0838269 0.0718172 0.0772243 0.0993008 0.0730222 0.0839375 0.0871213 0.1000075 0.1156610 0.0285929 0.1033496 0.0816480 0.0658293 0.0290491 0.0297413 0.0514795 0.0837490 0.0448440 0.0741734 0.0639885 0.0687196 0.0950283 0.0427081 0.0902601 0.0783178 0.1060392 0.0885548 0.0165967 0.0990294 0.0744573 0.0619709 0.0391610 0.0960292 0.0388208 0.0760350 0.0373795 0.0499680 0.0753770 0.0685343 0.0928021 0.0684294 0.0641855 0.1230929 0.0870800 0.0621047 0.0704571 0.0575594 
S0288         0.1782721 0.0862976 0.0989744 0.0921573 0.1070107 0.0947682 0.0000000 0.0815758 0.0741502 0.0886319 0.1289339 0.0646413 0.0215896 0.0684145 0.1008994 0.0198123 0.0895590 0.0886448 0.1512979 0.0163881 0.0643158 0.0860017 0.0886683 0.0890069 0.0940413 0.0837122 0.0930819 0.0904449 0.0987911 0.0097131 0.0928906 0.1000073 0.0945497 0.0699712 0.0732393 0.1021263 0.0986522 0.0811479 0.0869625 0.0890688 0.0976449 0.1060498 0.0251236 0.1304798 0.1150985 0.0180324 0.0866139 0.0972461 0.1047704 0.0905018 0.0904980 0.0902094 0.0887571 0.0997101 0.1105686 0.0844007 0.0550222 0.0858065 0.0665885 0.0741477 0.1141388 0.0329992 0.0905917 0.1009719 0.0939581 0.0824840 0.1080032 0.1054709 0.1349877 0.1053348 0.0428438 0.0467297 0.1094099 0.1051160 0.1184889 0.0884243 0.1017342 0.1121120 0.0878939 0.0577452 0.0887281 0.0841684 0.1180703 0.0909573 0.0946413 0.1009655 0.0896156 0.0841706 0.0867460 0.0143401 0.0807843 0.0772591 0.0596409 0.0233100 0.0440542 0.0941380 0.0618435 0.0887188 0.0590075 0.0887608 0.0814929 0.0876768 0.0862965 0.0886068 0.1043705 0.0701805 0.0719960 0.1030526 0.0966054 0.0990590 0.0882424 0.1196655 0.1006753 0.0892665 0.1157440 0.0803539 0.0755613 0.1037675 0.0906346 0.0945808 0.0931762 0.0863609 0.0851554 0.0862065 0.0926760 0.0979357 0.0930788 0.0778961 0.1405743 0.0945522 0.0758303 0.0859099 0.0637443 
S0289         0.2071871 0.0680173 0.0896654 0.0386546 0.0865881 0.0798633 0.0815758 0.0000000 0.0614212 0.0863616 0.1115880 0.0287750 0.0888678 0.0825001 0.0265575 0.0871598 0.0411263 0.0743651 0.0988160 0.0782648 0.0654947 0.0808867 0.0766105 0.0350561 0.0925983 0.0356623 0.0812890 0.0648986 0.0573828 0.0797776 0.0436921 0.0856135 0.0798034 0.0973562 0.0279081 0.0816179 0.0960967 0.0290396 0.0629965 0.0763517 0.0685603 0.1024555 0.0909493 0.1180318 0.0993882 0.0851197 0.0881007 0.0832012 0.0914076 0.0776682 0.0813262 0.0809535 0.0747633 0.0766711 0.1043695 0.0484710 0.0800735 0.0569745 0.0452211 0.0665048 0.0439605 0.0762605 0.0753953 0.0838224 0.0825142 0.0791933 0.0707288 0.0881812 0.1252632 0.0964234 0.0707213 0.0852817 0.0790541 0.0780060 0.1113691 0.0809667 0.1013392 0.0806936 0.0757531 0.0783050 0.0735519 0.0596319 0.1103119 0.0781947 0.0865187 0.0806133 0.0351713 0.0587563 0.0580685 0.0877161 0.0553971 0.0296148 0.0830909 0.0852051 0.1084280 0.0792303 0.0939423 0.0742101 0.0528960 0.0771538 0.0612965 0.0638149 0.0680732 0.0680076 0.0643808 0.0582270 0.0598921 0.0261727 0.0848718 0.0861220 0.0220328 0.0901030 0.0752207 0.0756033 0.0870716 0.0585389 0.0591177 0.0885721 0.0357377 0.0846987 0.0580625 0.0780444 0.0701415 0.0716972 0.0775246 0.0761485 0.0650083 0.0647550 0.1185110 0.0825137 0.0577208 0.0667208 0.0581459 
S0292         0.1951355 0.0577291 0.0819502 0.0712175 0.0884320 0.0722840 0.0741502 0.0614212 0.0000000 0.0700967 0.0887461 0.0562625 0.0777605 0.0662295 0.0690136 0.0761136 0.0613117 0.0545985 0.0791722 0.0692341 0.0533859 0.0633359 0.0644082 0.0729734 0.0898502 0.0621454 0.0691931 0.0627305 0.0780037 0.0690681 0.0690218 0.0709428 0.0676665 0.0879805 0.0599769 0.0711892 0.0674716 0.0597584 0.0690917 0.0657009 0.0627028 0.0878939 0.0797281 0.1132894 0.0898089 0.0741844 0.0625987 0.0675783 0.0832673 0.0657411 0.0689764 0.0689142 0.0628849 0.0708038 0.0875278 0.0546327 0.0644447 0.0615726 0.0449265 0.0516878 0.0750113 0.0695626 0.0693943 0.0676597 0.0671991 0.0685702 0.0583452 0.0811466 0.1205804 0.0780296 0.0495207 0.0730410 0.0710271 0.0667077 0.1057294 0.0689251 0.0920125 0.0694686 0.0544612 0.0628972 0.0631408 0.0317206 0.1042571 0.0594088 0.0675272 0.0641977 0.0628748 0.0601449 0.0625525 0.0789135 0.0569333 0.0619831 0.0741696 0.0795392 0.0873696 0.0670210 0.0746341 0.0593953 0.0106802 0.0600524 0.0515790 0.0601573 0.0392878 0.0564390 0.0693686 0.0161916 0.0175765 0.0694675 0.0687541 0.0738792 0.0630477 0.0881972 0.0815073 0.0628166 0.0835171 0.0334698 0.0376650 0.0745355 0.0761900 0.0690371 0.0612799 0.0641517 0.0581760 0.0534876 0.0607344 0.0743045 0.0544644 0.0500479 0.1018483 0.0704319 0.0362954 0.0638533 0.0452666 
S0293         0.2071306 0.0465894 0.1034223 0.0834029 0.0923609 0.0224762 0.0886319 0.0863616 0.0700967 0.0000000 0.0762397 0.0701455 0.0989153 0.1012611 0.0920953 0.1024761 0.0701377 0.0750076 0.1043565 0.0947559 0.0636365 0.0210417 0.0285218 0.0883357 0.1038058 0.0663950 0.0822731 0.0802923 0.0890771 0.0945134 0.0750318 0.0846146 0.0804646 0.0972153 0.0761902 0.0346903 0.0406998 0.0787762 0.0786514 0.0529897 0.0071741 0.0953329 0.1065680 0.1167434 0.1020264 0.0966523 0.0748823 0.0375220 0.0822432 0.0785328 0.0284367 0.0819231 0.0788955 0.0897829 0.0990633 0.0697079 0.0877613 0.0688760 0.0648779 0.0668960 0.0924014 0.0974056 0.0728082 0.0949991 0.0933900 0.0764678 0.0530633 0.0969499 0.1231260 0.0941983 0.0777632 0.0919696 0.0948672 0.0867225 0.1104966 0.0800227 0.0905720 0.0861984 0.0798453 0.0908547 0.0501818 0.0718582 0.1017020 0.0255381 0.0419680 0.0905892 0.0833757 0.0712118 0.0732497 0.1045133 0.0724493 0.0787109 0.0947570 0.1063017 0.1146625 0.0327607 0.1001734 0.0870791 0.0709279 0.0333087 0.0253770 0.0489355 0.0873948 0.0468037 0.0772685 0.0634453 0.0683582 0.0970132 0.0461483 0.0851356 0.0753351 0.1065767 0.0849140 0.0247314 0.0955788 0.0756318 0.0645681 0.0392423 0.0944989 0.0405070 0.0755449 0.0389710 0.0552055 0.0769214 0.0712971 0.0911672 0.0731611 0.0685414 0.1149751 0.0818723 0.0662591 0.0767924 0.0614821 
S0294         0.2045773 0.0739047 0.1106135 0.1218116 0.1200412 0.0793442 0.1289339 0.1115880 0.0887461 0.0762397 0.0000000 0.1029022 0.1206668 0.1270212 0.1242643 0.1279709 0.1030836 0.1037711 0.1119274 0.1198393 0.0980849 0.0737882 0.0744334 0.1224042 0.1222816 0.1016244 0.0998167 0.1046542 0.1095823 0.1195308 0.1103464 0.1123268 0.1070453 0.1322784 0.1005158 0.0760120 0.0923278 0.1050386 0.1103273 0.0960779 0.0766082 0.1248013 0.1323084 0.1347230 0.1204178 0.1200811 0.0950194 0.0757746 0.1170443 0.0997684 0.0771891 0.1032720 0.1002350 0.1080129 0.1242517 0.0974471 0.1153813 0.1003685 0.0861734 0.0996287 0.1153109 0.1286615 0.1002054 0.1100537 0.1078109 0.0973351 0.0290737 0.1191446 0.1550711 0.1164449 0.1023352 0.1078801 0.1155997 0.1038146 0.1382442 0.1032893 0.1162980 0.1041841 0.1059882 0.1144914 0.0747303 0.0981868 0.1312964 0.0760008 0.0724827 0.0962730 0.1048841 0.0988742 0.1028677 0.1184137 0.1025898 0.1078467 0.1219369 0.1301017 0.1297049 0.0754975 0.1258096 0.1077799 0.0966074 0.0783494 0.0819782 0.0767997 0.1067922 0.0694253 0.1013268 0.0884311 0.0901429 0.1221603 0.0790160 0.1065486 0.1002058 0.1292954 0.1192039 0.0756643 0.1217085 0.0884981 0.0848108 0.0816356 0.1186845 0.0771425 0.1052429 0.0711517 0.0852641 0.0958188 0.0951761 0.1126730 0.0914508 0.0942218 0.1522627 0.1032074 0.0883874 0.1021647 0.0919402 
S0299         0.1984618 0.0620936 0.0914704 0.0269087 0.0790367 0.0742694 0.0646413 0.0287750 0.0562625 0.0701455 0.1029022 0.0000000 0.0748327 0.0852778 0.0396709 0.0792282 0.0412024 0.0702284 0.1161765 0.0686875 0.0627061 0.0661501 0.0688245 0.0417087 0.0954071 0.0327804 0.0779345 0.0702954 0.0538356 0.0705043 0.0448401 0.0748704 0.0764634 0.0938390 0.0182139 0.0748191 0.0814601 0.0320806 0.0622594 0.0673218 0.0576898 0.0976936 0.0794165 0.1076205 0.1011044 0.0748287 0.0876720 0.0765423 0.0983325 0.0779932 0.0805126 0.0819881 0.0743041 0.0692184 0.0975098 0.0500510 0.0699445 0.0605212 0.0469395 0.0643748 0.0305843 0.0683203 0.0731306 0.0788416 0.0788920 0.0791924 0.0624318 0.0930098 0.1118703 0.0884164 0.0703655 0.0910175 0.0728295 0.0692743 0.1017539 0.0797494 0.0804331 0.0769575 0.0677659 0.0704140 0.0730548 0.0562156 0.0897036 0.0703452 0.0826522 0.0799821 0.0414449 0.0586955 0.0582721 0.0779499 0.0566447 0.0147484 0.0872985 0.0773070 0.0999945 0.0679345 0.0848182 0.0698256 0.0529741 0.0794727 0.0465165 0.0648345 0.0640943 0.0701118 0.0603685 0.0507996 0.0565215 0.0358815 0.0857132 0.0841803 0.0168398 0.0976345 0.0772201 0.0704554 0.0921964 0.0587363 0.0543039 0.0746907 0.0314304 0.0783478 0.0486893 0.0745948 0.0644870 0.0703298 0.0681958 0.0830898 0.0683867 0.0684144 0.1028144 0.0796985 0.0525940 0.0682058 0.0623720 
S0303         0.2198532 0.0857346 0.1029340 0.1031811 0.1139752 0.0963749 0.0215896 0.0888678 0.0777605 0.0989153 0.1206668 0.0748327 0.0000000 0.0627038 0.1070679 0.0188983 0.0920741 0.0907306 0.1086379 0.0133348 0.0759122 0.0908719 0.0914480 0.0959202 0.0868293 0.0917221 0.0954451 0.0908868 0.0947565 0.0133058 0.0948191 0.1007690 0.0983110 0.0622296 0.0841572 0.1039901 0.0897948 0.0869979 0.0917419 0.0849773 0.1123319 0.1155620 0.0217579 0.1357863 0.1092650 0.0188328 0.0753176 0.0948418 0.1004102 0.0932953 0.0945716 0.0950421 0.0919921 0.0971881 0.1176243 0.0891143 0.0507051 0.0889212 0.0727926 0.0825805 0.1142292 0.0252467 0.0899540 0.0995258 0.0967387 0.0814685 0.0870906 0.1136859 0.1373796 0.0956493 0.0365264 0.0498424 0.1062146 0.1017975 0.1233456 0.0932700 0.1052526 0.1051531 0.0851475 0.0509486 0.0951854 0.0810462 0.1200938 0.0913514 0.0961131 0.0947936 0.0937639 0.0857839 0.0880920 0.0095264 0.0884649 0.0851451 0.0509491 0.0274313 0.0318464 0.0922792 0.0573391 0.0926781 0.0663209 0.0869797 0.0845269 0.0821518 0.0840872 0.0893719 0.1026439 0.0724308 0.0739847 0.1011513 0.0891814 0.1021230 0.0901878 0.1254223 0.1070578 0.0877139 0.1223919 0.0831708 0.0750957 0.1000812 0.0984105 0.0979383 0.0966074 0.0963302 0.0831143 0.0896346 0.0956993 0.1048600 0.0859580 0.0807344 0.1302349 0.1000566 0.0736848 0.0906118 0.0754081 
S0308         0.2120718 0.0796396 0.0964320 0.0982554 0.1103028 0.0972650 0.0684145 0.0825001 0.0662295 0.1012611 0.1270212 0.0852778 0.0627038 0.0000000 0.0982706 0.0595201 0.0907850 0.0817371 0.0880091 0.0530280 0.0820873 0.0913376 0.0904475 0.0966988 0.0930389 0.0817450 0.0917077 0.0849157 0.0805921 0.0529042 0.0900101 0.0905350 0.0965538 0.0691988 0.0842377 0.0997091 0.1245451 0.0840140 0.0905089 0.0854621 0.0808721 0.1138294 0.0613255 0.1377320 0.1064755 0.0592942 0.0810299 0.0956444 0.1050434 0.0898285 0.0954420 0.0932196 0.0902390 0.0960335 0.1154566 0.0795085 0.0541394 0.0824928 0.0698737 0.0795805 0.0970880 0.0515521 0.0919822 0.1020409 0.0782549 0.0875454 0.0814404 0.1011902 0.1460001 0.1142085 0.0471867 0.0564289 0.0962125 0.0899811 0.1339104 0.0898044 0.1191753 0.0950042 0.0746842 0.0530315 0.0943896 0.0763267 0.1325959 0.0866863 0.0968825 0.0899309 0.0874279 0.0808538 0.0834664 0.0478031 0.0818544 0.0926424 0.0578303 0.0645275 0.0697238 0.0911097 0.0626339 0.0813180 0.0743212 0.0857124 0.0785575 0.0809526 0.0745982 0.0851318 0.0996430 0.0664207 0.0648627 0.0893489 0.0880301 0.0985827 0.0751924 0.1124670 0.1040529 0.0885820 0.1095435 0.0751251 0.0645677 0.1051437 0.0914398 0.0936910 0.0885644 0.0920796 0.0803439 0.0751245 0.0849167 0.1001038 0.0784296 0.0744482 0.1350021 0.0948186 0.0614725 0.0812470 0.0744853 
S0320         0.2148914 0.0779686 0.0957805 0.0512847 0.1050108 0.0884383 0.1008994 0.0265575 0.0690136 0.0920953 0.1242643 0.0396709 0.1070679 0.0982706 0.0000000 0.1052534 0.0479848 0.0839898 0.1132084 0.0957087 0.0771369 0.0864016 0.0851967 0.0462437 0.1139050 0.0473522 0.0955691 0.0797468 0.0673419 0.0972843 0.0540877 0.1036106 0.0919039 0.1123005 0.0404989 0.0887079 0.1083214 0.0354299 0.0775724 0.0886928 0.0728081 0.1180397 0.1093478 0.1242047 0.1203886 0.1030198 0.0909639 0.0938532 0.1152467 0.0916927 0.0918684 0.0951588 0.0886917 0.0957187 0.1175194 0.0637629 0.0936507 0.0696313 0.0591387 0.0764039 0.0498307 0.0893666 0.0978534 0.1030469 0.1064619 0.0976350 0.0766249 0.1046810 0.1356965 0.1088158 0.0842058 0.1035933 0.0961911 0.0969398 0.1197436 0.0931854 0.1113545 0.0980441 0.0807483 0.0935051 0.0891298 0.0726416 0.1151887 0.0886189 0.0991458 0.0936682 0.0528129 0.0732891 0.0740249 0.1053988 0.0680503 0.0460523 0.0990084 0.1031290 0.1176120 0.0896248 0.1082704 0.0821680 0.0583661 0.0858127 0.0779752 0.0720276 0.0866894 0.0796437 0.0793946 0.0678077 0.0694622 0.0368146 0.0993979 0.1006457 0.0326317 0.1125557 0.0906611 0.0842186 0.1036083 0.0766335 0.0721167 0.0995025 0.0489753 0.0972141 0.0707549 0.0867513 0.0819789 0.0829553 0.0872524 0.0932938 0.0832342 0.0762364 0.1327759 0.0967915 0.0687310 0.0779595 0.0692536 
S0322         0.2301859 0.0840642 0.1058626 0.1013854 0.1120272 0.0963861 0.0198123 0.0871598 0.0761136 0.1024761 0.1279709 0.0792282 0.0188983 0.0595201 0.1052534 0.0000000 0.0903583 0.0907402 0.1015944 0.0106216 0.0742749 0.0908809 0.0913893 0.0941609 0.0869061 0.0882495 0.0953311 0.0908292 0.0943977 0.0105986 0.0947585 0.0967244 0.0947521 0.0623070 0.0803159 0.1022323 0.0894281 0.0869411 0.0900327 0.0885989 0.1084050 0.1173749 0.0106130 0.1456835 0.1121335 0.0160727 0.0911045 0.0947811 0.0998400 0.0931846 0.0928203 0.0949292 0.0936113 0.0988015 0.1212082 0.0874309 0.0521630 0.0872125 0.0747120 0.0809173 0.1125728 0.0216989 0.0892929 0.0994611 0.0900414 0.0808638 0.0900923 0.1135474 0.1450291 0.0998596 0.0364777 0.0512754 0.1061463 0.1017317 0.1306668 0.0931594 0.1142504 0.1050847 0.0850928 0.0479077 0.0900238 0.0827539 0.1274889 0.0913608 0.0993912 0.0906219 0.0920418 0.0840824 0.0864004 0.0111759 0.0866823 0.0870993 0.0479956 0.0245805 0.0361797 0.0922200 0.0603394 0.0892353 0.0660403 0.0869891 0.0811635 0.0856475 0.0824222 0.0843117 0.1008860 0.0708120 0.0720490 0.0993945 0.0960398 0.1020009 0.0886015 0.1226902 0.1035946 0.0854278 0.1222400 0.0814588 0.0734784 0.0983438 0.0966232 0.0962160 0.0930594 0.0946123 0.0814402 0.0879396 0.0957097 0.1012633 0.0842826 0.0790827 0.1364931 0.0999378 0.0720685 0.0889246 0.0737829 
S0327         0.2076356 0.0578610 0.0877753 0.0543999 0.0885881 0.0691684 0.0895590 0.0411263 0.0613117 0.0701377 0.1030836 0.0412024 0.0920741 0.0907850 0.0479848 0.0903583 0.0000000 0.0705868 0.0955309 0.0814048 0.0571620 0.0652552 0.0613335 0.0489144 0.0975184 0.0339625 0.0777773 0.0631617 0.0524623 0.0829194 0.0466684 0.0904546 0.0800164 0.0935144 0.0412070 0.0677141 0.0669244 0.0347977 0.0609280 0.0677363 0.0549168 0.0986938 0.0941769 0.1098184 0.0991776 0.0866527 0.0835429 0.0692204 0.0995057 0.0742067 0.0674785 0.0774585 0.0713165 0.0867479 0.1023296 0.0468419 0.0849018 0.0553450 0.0388273 0.0647818 0.0436187 0.0764360 0.0857656 0.0942524 0.0882151 0.0849500 0.0580916 0.0882729 0.1193538 0.0940480 0.0725069 0.0836619 0.0906364 0.0842693 0.1062055 0.0774710 0.0923181 0.0928635 0.0739860 0.0830610 0.0680192 0.0630408 0.1010877 0.0612438 0.0756974 0.0787576 0.0331108 0.0556432 0.0579305 0.0941825 0.0506280 0.0435952 0.0882254 0.0904925 0.1112385 0.0671328 0.0971615 0.0743959 0.0506277 0.0684187 0.0546605 0.0567856 0.0728197 0.0578223 0.0642861 0.0566406 0.0582142 0.0484729 0.0755216 0.0788579 0.0397280 0.0991595 0.0713404 0.0630787 0.0910425 0.0633602 0.0577075 0.0727249 0.0529323 0.0722504 0.0532936 0.0707460 0.0616941 0.0731566 0.0720885 0.0762533 0.0712190 0.0630462 0.1236224 0.0753536 0.0578645 0.0614990 0.0564828 
S0335         0.2262667 0.0653272 0.0983934 0.0812140 0.0975727 0.0717494 0.0886448 0.0743651 0.0545985 0.0750076 0.1037711 0.0702284 0.0907306 0.0817371 0.0839898 0.0907402 0.0705868 0.0000000 0.0703403 0.0802738 0.0662409 0.0680540 0.0705820 0.0828876 0.1022127 0.0670974 0.0777320 0.0804880 0.0924735 0.0800798 0.0787932 0.0827184 0.0844679 0.0998783 0.0729323 0.0723251 0.0805810 0.0758017 0.0773087 0.0759378 0.0620027 0.0969689 0.0945151 0.1147207 0.1075979 0.0870768 0.0800924 0.0721310 0.0933252 0.0724968 0.0719439 0.0774135 0.0729007 0.0877451 0.0984022 0.0640394 0.0754681 0.0728688 0.0576475 0.0626180 0.0897754 0.0835647 0.0830165 0.0845509 0.0832819 0.0805341 0.0733601 0.0951349 0.1215901 0.0977328 0.0664237 0.0828536 0.0880848 0.0798708 0.1069527 0.0754554 0.0898085 0.0848223 0.0435777 0.0722911 0.0725166 0.0565075 0.1034981 0.0625437 0.0737321 0.0702148 0.0754182 0.0747439 0.0770360 0.0945625 0.0650410 0.0759771 0.0820297 0.0942902 0.1098700 0.0715350 0.0841142 0.0515110 0.0410586 0.0696525 0.0484284 0.0663741 0.0674523 0.0672224 0.0772948 0.0439792 0.0484956 0.0826782 0.0752742 0.0788125 0.0761366 0.1008599 0.0934870 0.0688753 0.0957797 0.0583392 0.0362468 0.0775469 0.0902825 0.0752514 0.0677229 0.0752348 0.0645289 0.0473299 0.0160476 0.0947339 0.0704789 0.0609099 0.1139824 0.0806114 0.0348767 0.0718582 0.0574559 
S0345         0.3111329 0.0662949 0.0820947 0.1260578 0.1073101 0.0844804 0.1512979 0.0988160 0.0791722 0.1043565 0.1119274 0.1161765 0.1086379 0.0880091 0.1132084 0.1015944 0.0955309 0.0703403 0.0000000 0.0931824 0.0820866 0.0881234 0.0766320 0.1046307 0.1004454 0.0895500 0.0829867 0.0848087 0.0888806 0.0970721 0.0906580 0.0943463 0.0861270 0.1063458 0.0968214 0.0820184 0.0617538 0.0998360 0.1067848 0.0749806 0.0873318 0.0979808 0.0966274 0.1528186 0.1353125 0.0977027 0.0675950 0.0769910 0.0740444 0.0788181 0.0770470 0.0825843 0.0783566 0.1014577 0.1026314 0.1027999 0.1053579 0.0833581 0.0821706 0.0828462 0.1037839 0.0899693 0.0956622 0.0904686 0.0865298 0.0764896 0.0498525 0.1025920 0.1816843 0.1005109 0.0876447 0.0954990 0.0971578 0.0919853 0.1445705 0.0817608 0.1243040 0.0994494 0.0590538 0.1021726 0.0695950 0.0677159 0.1470095 0.0739480 0.0775575 0.0556585 0.1021235 0.0926466 0.0942284 0.0970360 0.1016946 0.1396668 0.0860178 0.1189083 0.0820552 0.0843388 0.1231361 0.0413611 0.0703298 0.0718334 0.0791258 0.0636971 0.0787300 0.0623762 0.0861756 0.0740931 0.0706042 0.1123978 0.0802354 0.0859633 0.0872411 0.1184403 0.1243751 0.0737043 0.1116240 0.0842307 0.0517258 0.1048172 0.1184390 0.0887147 0.1116209 0.0808261 0.0550376 0.0313968 0.0735134 0.1028671 0.0588936 0.0709760 0.1535342 0.0938686 0.0482845 0.0972843 0.0705842 
S0355         0.2141722 0.0770465 0.0975149 0.0919594 0.1061297 0.0890816 0.0163881 0.0782648 0.0692341 0.0947559 0.1198393 0.0686875 0.0133348 0.0530280 0.0957087 0.0106216 0.0814048 0.0802738 0.0931824 0.0000000 0.0674480 0.0835970 0.0841784 0.0867345 0.0795727 0.0809186 0.0897501 0.0836674 0.0863079 0.0052359 0.0857560 0.0916005 0.0891226 0.0557927 0.0736482 0.0947647 0.0784049 0.0780720 0.0794867 0.0812783 0.1076783 0.1113934 0.0133744 0.1378535 0.1085582 0.0105859 0.0826832 0.0875019 0.0917382 0.0876606 0.0835617 0.0893758 0.0880576 0.0914018 0.1151564 0.0786560 0.0427403 0.0800233 0.0660302 0.0739494 0.1036967 0.0148372 0.0833828 0.0920033 0.0859934 0.0749691 0.0800491 0.1076388 0.1364482 0.0905949 0.0260154 0.0450047 0.0985728 0.0941943 0.1225311 0.0876374 0.1063437 0.0974889 0.0748509 0.0388076 0.0861834 0.0757348 0.1192891 0.0841526 0.0920521 0.0819521 0.0830475 0.0769384 0.0792870 0.0063093 0.0795420 0.0765741 0.0433193 0.0188830 0.0296984 0.0850517 0.0508635 0.0804824 0.0556568 0.0798196 0.0778203 0.0784796 0.0754356 0.0805710 0.0934229 0.0640751 0.0672654 0.0901803 0.0886491 0.0963238 0.0811389 0.1191326 0.0976604 0.0769806 0.1161268 0.0744386 0.0635764 0.0909824 0.0872682 0.0889260 0.0858683 0.0873485 0.0744225 0.0774937 0.0851165 0.0955514 0.0772441 0.0721676 0.1280293 0.0943106 0.0621807 0.0818166 0.0670077 
S0376         0.1813151 0.0471450 0.0824068 0.0734394 0.0799527 0.0613923 0.0643158 0.0654947 0.0533859 0.0636365 0.0980849 0.0627061 0.0759122 0.0820873 0.0771369 0.0742749 0.0571620 0.0662409 0.0820866 0.0674480 0.0000000 0.0590369 0.0567552 0.0683937 0.0701565 0.0547662 0.0727243 0.0319041 0.0654499 0.0672879 0.0627813 0.0766488 0.0738847 0.0833053 0.0621505 0.0586127 0.0671477 0.0634569 0.0696467 0.0514699 0.0417864 0.0844504 0.0778598 0.0886477 0.0813251 0.0707415 0.0757369 0.0613996 0.0796493 0.0692179 0.0612794 0.0724292 0.0695244 0.0765972 0.0879364 0.0566549 0.0630895 0.0636728 0.0454467 0.0536007 0.0675656 0.0613359 0.0721754 0.0786694 0.0672423 0.0714675 0.0742875 0.0793552 0.0990871 0.0839488 0.0629926 0.0697064 0.0816620 0.0756056 0.0856799 0.0724407 0.0740968 0.0822733 0.0657847 0.0678850 0.0600632 0.0584534 0.0859868 0.0535846 0.0643061 0.0746083 0.0650027 0.0639071 0.0662523 0.0725056 0.0558883 0.0706144 0.0711633 0.0743814 0.0953666 0.0608949 0.0780300 0.0661056 0.0535160 0.0605064 0.0353516 0.0542140 0.0658825 0.0472618 0.0604261 0.0487433 0.0533315 0.0786701 0.0640700 0.0774608 0.0565483 0.0881671 0.0805499 0.0575368 0.0819167 0.0618977 0.0468516 0.0614574 0.0723099 0.0565442 0.0602501 0.0596062 0.0457569 0.0650839 0.0691860 0.0781662 0.0582497 0.0519381 0.1021360 0.0723319 0.0439596 0.0303402 0.0455763 
S0400         0.1991762 0.0392644 0.0974895 0.0829845 0.0952847 0.0191214 0.0860017 0.0808867 0.0633359 0.0210417 0.0737882 0.0661501 0.0908719 0.0913376 0.0864016 0.0908809 0.0652552 0.0680540 0.0881234 0.0835970 0.0590369 0.0000000 0.0220141 0.0841200 0.0886341 0.0631821 0.0766891 0.0731038 0.0776795 0.0833906 0.0751757 0.0837364 0.0750261 0.0944960 0.0759434 0.0307549 0.0254923 0.0751991 0.0731810 0.0565015 0.0180715 0.0964510 0.0947272 0.1053566 0.0993367 0.0870971 0.0717436 0.0291569 0.0904727 0.0750798 0.0205291 0.0783731 0.0754186 0.0886751 0.1001072 0.0664731 0.0836485 0.0672387 0.0569930 0.0603369 0.0895774 0.0854870 0.0720573 0.0867149 0.0867584 0.0736410 0.0533952 0.0945983 0.1117382 0.0898307 0.0635999 0.0842517 0.0958257 0.0861891 0.0997714 0.0765358 0.0823970 0.0890423 0.0727114 0.0799639 0.0412194 0.0634774 0.0914381 0.0163110 0.0393571 0.0772575 0.0799682 0.0695003 0.0682688 0.0968077 0.0673280 0.0744817 0.0870373 0.0944974 0.1024986 0.0218647 0.0939921 0.0780086 0.0581891 0.0221357 0.0278814 0.0460045 0.0782786 0.0394648 0.0702694 0.0551742 0.0598532 0.0911724 0.0386257 0.0815015 0.0686883 0.1021688 0.0792307 0.0116970 0.0934414 0.0656757 0.0565559 0.0352163 0.0897895 0.0349087 0.0704456 0.0320046 0.0460233 0.0684261 0.0663820 0.0855999 0.0677121 0.0618346 0.1153479 0.0798866 0.0582446 0.0697565 0.0551795 
S0405         0.1973200 0.0373827 0.0845394 0.0852602 0.0939627 0.0259613 0.0886683 0.0766105 0.0644082 0.0285218 0.0744334 0.0688245 0.0914480 0.0904475 0.0851967 0.0913893 0.0613335 0.0705820 0.0766320 0.0841784 0.0567552 0.0220141 0.0000000 0.0765144 0.0890099 0.0606522 0.0776400 0.0642576 0.0763456 0.0839729 0.0694408 0.0809501 0.0741436 0.0898853 0.0717631 0.0289528 0.0317890 0.0696654 0.0725387 0.0558486 0.0144384 0.0951238 0.0951960 0.1060874 0.0912906 0.0876422 0.0749091 0.0288274 0.0893134 0.0740762 0.0259163 0.0773223 0.0744053 0.0825089 0.0953169 0.0642854 0.0795667 0.0666199 0.0547772 0.0565245 0.0851104 0.0777386 0.0734354 0.0826482 0.0789163 0.0728684 0.0402451 0.0865465 0.1188189 0.0794012 0.0690239 0.0798540 0.0911551 0.0816975 0.1041377 0.0773347 0.0850968 0.0811788 0.0687644 0.0809362 0.0390566 0.0598291 0.0971952 0.0203430 0.0360095 0.0738536 0.0757546 0.0653733 0.0691810 0.0930088 0.0650622 0.0783791 0.0876294 0.0949680 0.1060118 0.0216209 0.0948903 0.0772108 0.0583547 0.0305418 0.0195979 0.0395279 0.0756819 0.0375500 0.0694156 0.0562812 0.0609379 0.0866847 0.0353129 0.0804066 0.0695251 0.0955870 0.0801938 0.0200351 0.0853798 0.0648931 0.0543472 0.0318998 0.0890410 0.0345112 0.0696393 0.0330450 0.0454842 0.0673896 0.0689128 0.0844369 0.0637821 0.0548493 0.1122327 0.0740573 0.0560044 0.0642407 0.0530281 
S0407sl       0.2396727 0.0695738 0.0958593 0.0515210 0.1009171 0.0863635 0.0890069 0.0350561 0.0729734 0.0883357 0.1224042 0.0417087 0.0959202 0.0966988 0.0462437 0.0941609 0.0489144 0.0828876 0.1046307 0.0867345 0.0683937 0.0841200 0.0765144 0.0000000 0.1022981 0.0448257 0.0916225 0.0713142 0.0657994 0.0882637 0.0532509 0.0979580 0.0924524 0.0991346 0.0397936 0.0848212 0.0934457 0.0396471 0.0797080 0.0834008 0.0670374 0.1134026 0.0961767 0.1183391 0.1101823 0.0937447 0.0948477 0.0830341 0.1020887 0.0878719 0.0845173 0.0912386 0.0849405 0.0886685 0.1136351 0.0642789 0.0835081 0.0753356 0.0564440 0.0748791 0.0536324 0.0808630 0.0942921 0.0859672 0.0951200 0.0941121 0.0782069 0.0987046 0.1251243 0.1062398 0.0789861 0.0908486 0.0981437 0.0936705 0.1081515 0.0912536 0.0976939 0.0965337 0.0809923 0.0884176 0.0801089 0.0684200 0.1065919 0.0813747 0.0830853 0.0895267 0.0520945 0.0756437 0.0762328 0.0943567 0.0685123 0.0459229 0.0899248 0.0922105 0.1098693 0.0774767 0.0991327 0.0811332 0.0666194 0.0818706 0.0601100 0.0655724 0.0816200 0.0727676 0.0799004 0.0665061 0.0697010 0.0486559 0.0882529 0.0965586 0.0279310 0.1098692 0.0871356 0.0777726 0.0977423 0.0771760 0.0690828 0.0883561 0.0567859 0.0897087 0.0711751 0.0863565 0.0717151 0.0854806 0.0827133 0.0932067 0.0766111 0.0730705 0.1324769 0.0928278 0.0657849 0.0730953 0.0662748 
S0412sl       0.2107090 0.0769667 0.0981328 0.1051175 0.1218688 0.0984288 0.0940413 0.0925983 0.0898502 0.1038058 0.1222816 0.0954071 0.0868293 0.0930389 0.1139050 0.0869061 0.0975184 0.1022127 0.1004454 0.0795727 0.0701565 0.0886341 0.0890099 0.1022981 0.0000000 0.0837921 0.0998807 0.0852454 0.0924746 0.0842430 0.0961527 0.0923113 0.0922132 0.0900072 0.0879029 0.0948441 0.1004245 0.0944966 0.1063567 0.0934025 0.0933015 0.1102058 0.0816683 0.1496263 0.0808727 0.0886697 0.0892053 0.0887985 0.0728607 0.0944810 0.0885594 0.0969376 0.0947032 0.1018473 0.1157340 0.0992783 0.0824098 0.0973260 0.0804644 0.0924253 0.1306814 0.0776924 0.0807624 0.0950208 0.0929266 0.0739585 0.0823022 0.1065596 0.1534771 0.1012998 0.0702263 0.0829565 0.1050602 0.0938426 0.1417226 0.0993103 0.1132797 0.0950147 0.0980882 0.0823979 0.0918295 0.0801257 0.1323380 0.0841917 0.0958223 0.0796249 0.0971937 0.0934101 0.1009957 0.0914982 0.0937740 0.0964765 0.0731996 0.0997467 0.1270733 0.0953798 0.0875101 0.0958070 0.0837608 0.0807626 0.0646368 0.0831007 0.0993203 0.0813873 0.0951317 0.0775188 0.0820162 0.1100343 0.0859524 0.1042408 0.0925731 0.1172711 0.1204540 0.0816306 0.1205205 0.0859578 0.0763382 0.1098548 0.1081784 0.0983927 0.0999783 0.0883821 0.0705272 0.0779420 0.1040633 0.1153329 0.0773970 0.0870986 0.1412768 0.1063902 0.0767984 0.0852349 0.0819642 
S0417         0.2006397 0.0573512 0.0812876 0.0440275 0.0812160 0.0652594 0.0837122 0.0356623 0.0621454 0.0663950 0.1016244 0.0327804 0.0917221 0.0817450 0.0473522 0.0882495 0.0339625 0.0670974 0.0895500 0.0809186 0.0547662 0.0631821 0.0606522 0.0448257 0.0837921 0.0000000 0.0752718 0.0656278 0.0387139 0.0824530 0.0367832 0.0866092 0.0776199 0.0989197 0.0341503 0.0624580 0.0648631 0.0339694 0.0621066 0.0704187 0.0550219 0.0947605 0.0938508 0.1044898 0.0934338 0.0878978 0.0827741 0.0656198 0.0924977 0.0716957 0.0638464 0.0749612 0.0720171 0.0863278 0.0984052 0.0474706 0.0810502 0.0545232 0.0378686 0.0625209 0.0352042 0.0778085 0.0808301 0.0886624 0.0808280 0.0803771 0.0699168 0.0895039 0.1072599 0.1004997 0.0718264 0.0849114 0.0850510 0.0840216 0.0983756 0.0749734 0.0843599 0.0907542 0.0685428 0.0792644 0.0656184 0.0622885 0.0912731 0.0623750 0.0652873 0.0801472 0.0415533 0.0515169 0.0571443 0.0916797 0.0481078 0.0388592 0.0822254 0.0865596 0.1084861 0.0619049 0.0899262 0.0689263 0.0515567 0.0662568 0.0492773 0.0578495 0.0739083 0.0635345 0.0623701 0.0542787 0.0590031 0.0447548 0.0651287 0.0800854 0.0320277 0.0916870 0.0678657 0.0565347 0.0922797 0.0626032 0.0569413 0.0707591 0.0491882 0.0671016 0.0508388 0.0638493 0.0578001 0.0676584 0.0669877 0.0705501 0.0656900 0.0591726 0.1206110 0.0783706 0.0555249 0.0607064 0.0557054 
S0419         0.2023363 0.0738896 0.0184089 0.0954716 0.0453673 0.0874944 0.0930819 0.0812890 0.0691931 0.0822731 0.0998167 0.0779345 0.0954451 0.0917077 0.0955691 0.0953311 0.0777773 0.0777320 0.0829867 0.0897501 0.0727243 0.0766891 0.0776400 0.0916225 0.0998807 0.0752718 0.0000000 0.0853907 0.0826422 0.0895287 0.0787839 0.0866616 0.0851296 0.1043466 0.0781697 0.0830832 0.0891333 0.0743993 0.0733051 0.0793189 0.0847992 0.0392046 0.0974984 0.1089744 0.1055495 0.0950038 0.0702454 0.0842607 0.0953385 0.0052740 0.0773987 0.0079393 0.0066318 0.0915251 0.0422238 0.0722756 0.0939736 0.0693188 0.0643251 0.0695093 0.0895838 0.0865127 0.0772919 0.0832303 0.0855280 0.0788668 0.0608570 0.0406195 0.1190911 0.0873162 0.0805683 0.0847957 0.0901354 0.0839711 0.1027176 0.0079404 0.0876130 0.0872555 0.0788696 0.0914440 0.0708787 0.0709713 0.1028797 0.0793094 0.0841973 0.0826535 0.0892107 0.0661181 0.0686606 0.0890892 0.0717589 0.0834278 0.0914906 0.1007704 0.1128685 0.0770688 0.1023840 0.0744204 0.0556810 0.0835487 0.0783649 0.0701755 0.0794641 0.0758330 0.0811547 0.0660134 0.0644658 0.0951013 0.0845456 0.0119949 0.0756314 0.0468372 0.0842306 0.0752415 0.0425412 0.0647823 0.0608476 0.0879157 0.0979842 0.0857497 0.0793513 0.0807857 0.0712577 0.0730977 0.0826214 0.0874911 0.0724639 0.0693577 0.1340876 0.0272444 0.0576603 0.0819704 0.0642188 
S0427         0.1769095 0.0576017 0.0809698 0.0796600 0.0928911 0.0737707 0.0904449 0.0648986 0.0627305 0.0802923 0.1046542 0.0702954 0.0908868 0.0849157 0.0797468 0.0908292 0.0631617 0.0804880 0.0848087 0.0836674 0.0319041 0.0731038 0.0642576 0.0713142 0.0852454 0.0656278 0.0853907 0.0000000 0.0784512 0.0834643 0.0705804 0.0845811 0.0829149 0.0946766 0.0649083 0.0726291 0.0811947 0.0663306 0.0756798 0.0603720 0.0580262 0.0956534 0.0946092 0.0961310 0.0791435 0.0887882 0.0855663 0.0721614 0.1017294 0.0817570 0.0736343 0.0850399 0.0788721 0.0759029 0.0941413 0.0626346 0.0725519 0.0648640 0.0467241 0.0642124 0.0748616 0.0726212 0.0836244 0.0884545 0.0792869 0.0830835 0.0704988 0.0789775 0.1058386 0.0950669 0.0743254 0.0760967 0.0877788 0.0817191 0.0968614 0.0850536 0.0800273 0.0886728 0.0734179 0.0772068 0.0642267 0.0645050 0.0951860 0.0673657 0.0737812 0.0757535 0.0631860 0.0650646 0.0674252 0.0840723 0.0651323 0.0740274 0.0854798 0.0909627 0.1047135 0.0668737 0.0887986 0.0802701 0.0661543 0.0694986 0.0571640 0.0602343 0.0704064 0.0529149 0.0709884 0.0592775 0.0608493 0.0796055 0.0701740 0.0902130 0.0582306 0.0910725 0.0867483 0.0664491 0.0831433 0.0696301 0.0603329 0.0791907 0.0735485 0.0687822 0.0694849 0.0703497 0.0543725 0.0793352 0.0853443 0.0793115 0.0658436 0.0560134 0.1159207 0.0816741 0.0573939 0.0373919 0.0544478 
S0428sl       0.1989003 0.0676373 0.0936164 0.0698403 0.0938959 0.0867020 0.0987911 0.0573828 0.0780037 0.0890771 0.1095823 0.0538356 0.0947565 0.0805921 0.0673419 0.0943977 0.0524623 0.0924735 0.0888806 0.0863079 0.0654499 0.0776795 0.0763456 0.0657994 0.0924746 0.0387139 0.0826422 0.0784512 0.0000000 0.0860327 0.0400059 0.0918909 0.0928567 0.1034770 0.0599820 0.0784745 0.0819171 0.0498225 0.0783614 0.0636438 0.0727729 0.0995969 0.0943977 0.1096986 0.1053717 0.0865668 0.0846663 0.0834422 0.0854592 0.0856071 0.0890668 0.0882389 0.0857841 0.0868577 0.0993685 0.0542537 0.0861899 0.0733383 0.0554634 0.0815757 0.0352695 0.0745504 0.0871823 0.0977942 0.0790614 0.0926201 0.0733538 0.1059192 0.1185526 0.1033075 0.0862923 0.1029888 0.0856643 0.0818238 0.1086214 0.0909126 0.0892259 0.0926211 0.0833683 0.0863734 0.0789227 0.0675397 0.1002740 0.0759561 0.0859289 0.0961082 0.0571625 0.0681094 0.0731890 0.0868675 0.0573999 0.0534878 0.0973631 0.0868463 0.0904655 0.0779434 0.0973277 0.0727690 0.0785741 0.0883839 0.0668318 0.0760778 0.0879329 0.0779633 0.0596564 0.0726901 0.0755955 0.0601030 0.0873382 0.0911229 0.0389070 0.1094522 0.0875763 0.0777732 0.1018735 0.0785158 0.0676090 0.0757816 0.0761628 0.0862956 0.0523137 0.0897026 0.0600977 0.0761517 0.0891668 0.0892946 0.0753866 0.0843894 0.1295345 0.0851807 0.0600274 0.0679026 0.0761041 
