86
S0055       0.0000000 0.0434614 0.0839692 0.0542911 0.0558469 0.0849079 0.0856224 0.1117394 0.0853744 0.1150462 0.0549893 0.0267590 0.1291223 0.0000020 0.0589077 0.0862398 0.1646022 0.0585277 0.0000030 0.5082664 0.9748206 0.1170793 0.0267592 0.0572194 0.0864776 0.0839692 0.0938255 0.0279776 0.0585277 0.4261686 0.1218882 0.0954560 0.0849079 0.0558469 0.0267592 0.0267592 0.1183450 0.0621020 0.0887446 0.6140772 0.0738695 0.0555092 0.0000020 0.0959963 0.3477450 0.0558879 0.1295119 0.0839692 0.1299786 0.0877494 0.0572194 0.5082664 0.0634718 0.1731312 0.1199443 0.6434586 0.1183450 0.0848034 0.0577872 0.0558477 0.0000030 0.0542911 0.0566269 0.1136117 0.0839692 0.0839692 0.0909801 0.0555092 0.0572197 0.0589151 0.0853744 0.0298559 0.1256141 0.0853744 0.1221150 0.1406121 0.0566269 0.0271807 0.0549897 0.1168087 0.0887446 0.2125655 0.0267590 0.0551659 0.0562769 0.0887446 
S0196sl     0.0434614 0.0000000 0.0000010 0.0000010 0.0907648 0.0895415 0.0000010 0.0857403 0.0429653 0.0895415 0.0427376 0.0000010 0.0467266 0.0000010 0.0907648 0.1430219 0.0969296 0.0000010 0.0434614 2.0244219 0.0000010 0.1434001 0.0000010 0.0945887 0.0907648 0.0000010 0.0945887 0.0455496 0.0000010 2.0244219 0.1530611 0.1533710 0.0895415 0.0907648 0.0000010 0.0000010 0.0895415 0.1087696 0.1501180 1.3750949 0.1430219 0.0433839 0.0000010 0.1530611 0.7369358 0.0909595 0.1067396 0.0000010 0.1530611 0.0973450 0.0945887 2.0244219 0.1087697 0.0000010 0.0000010 2.0244219 0.0895415 0.0893556 0.0455496 0.0907648 0.0434614 0.0419162 0.0462367 0.0419162 0.0419162 0.0000010 0.1034516 0.0433839 0.0945887 0.0433839 0.0429653 0.0000024 0.1566912 0.0429653 0.0969296 0.1087697 0.0462367 0.0434614 0.0427376 0.0436139 0.1501180 0.1564669 0.0000010 0.0889532 0.0945887 0.1501180 
S0278       0.0839692 0.0000010 0.0000000 0.0797044 0.0782688 0.1062845 0.0250174 0.0749669 0.0505570 0.1348730 0.0797500 0.0524118 0.1870656 0.3848597 0.1097181 0.1072303 0.1510467 0.0840284 0.0782688 0.9152531 0.6324899 0.1362138 0.0811465 0.0801037 0.1393265 0.0245869 0.1159128 0.0523032 0.0840284 0.7846119 0.1421904 0.1541023 0.1062845 0.0782688 0.0503759 0.0503759 0.1385287 0.1200402 0.1101367 0.8693780 0.1132113 0.0782051 0.3848597 0.1934976 0.5299146 0.0783494 0.1191484 0.0498222 0.2292879 0.0814548 0.0801037 0.9152531 0.0882012 0.1340402 0.9729453 1.1399990 0.1385287 0.1061241 0.0842996 0.0815298 0.0877308 0.0765827 0.0527441 0.0757200 0.0773675 0.0498222 0.0842169 0.0782051 0.0824622 0.0879941 0.0505570 0.0273763 0.1453987 0.0785563 0.1128378 0.1657677 0.0527441 0.0508962 0.0775440 0.0775717 0.1101367 0.2391590 0.0524118 0.0805521 0.0851316 0.1101367 
S0281       0.0542911 0.0000010 0.0797044 0.0000000 0.1116187 0.0805352 0.0811927 0.1060592 0.0809673 0.0517343 0.0537370 0.0254663 0.1216396 0.1299277 0.1175295 0.1437026 0.1956160 0.0554373 0.0527755 0.5827592 1.4351258 0.1752505 0.0254669 0.1145140 0.1439291 0.0797044 0.1561053 0.0839692 0.0554373 0.7190793 0.1821341 0.1581336 0.0805352 0.1116187 0.0254669 0.0254669 0.1119499 0.1242904 0.1478991 0.8125782 0.1542790 0.0527220 0.1299277 0.1592734 0.4843551 0.1118065 0.1605605 0.0797044 0.1223765 0.1164072 0.1145140 0.5827592 0.1269925 0.4104304 0.2723673 0.7255352 0.1119499 0.0804470 0.1155483 0.1116187 0.0566611 0.0516225 0.0846501 0.0512739 0.0797044 0.0797044 0.1206829 0.0527220 0.1181857 0.0557851 0.0809673 0.0587891 0.1879679 0.0809673 0.1517277 0.1316917 0.0846501 0.0815298 0.0522504 0.1106042 0.1478991 0.2830526 0.0254663 0.1102307 0.1161536 0.1478991 
S0282       0.0558469 0.0907648 0.0782688 0.1116187 0.0000000 0.1397575 0.0797044 0.1651526 0.0794863 0.1703759 0.1118341 0.0825329 0.2305989 0.2439035 0.0258390 0.0253018 0.1515822 0.1497480 0.0520664 0.6901299 1.0386558 0.0514745 0.1136922 0.0266731 0.0525684 0.1081877 0.0578890 0.0260819 0.1497480 0.5938298 0.1796919 0.1231401 0.1397575 0.0000010 0.0791919 0.0791919 0.1753166 0.0598667 0.0549351 0.7679254 0.0354114 0.1094590 0.2439035 0.1963864 0.4631182 0.0520990 0.1194380 0.0782688 0.2327695 0.0815342 0.0266731 0.6901299 0.0293645 0.3204170 0.6999132 0.8535821 0.1753166 0.1394506 0.0272874 0.0000029 0.0583594 0.1070658 0.0527415 0.1057885 0.1081877 0.0782688 0.0843101 0.1094590 0.0274392 0.1570277 0.0794863 0.0277073 0.0547603 0.1099402 0.1130752 0.1341252 0.0527415 0.0253884 0.1085465 0.1085440 0.0549351 0.1692246 0.0825329 0.0536015 0.0896869 0.0549351 
S0288       0.0849079 0.0895415 0.1062845 0.0805352 0.1397575 0.0000000 0.1082674 0.1327443 0.0815081 0.0240762 0.0251995 0.0528950 0.1453548 0.1087083 0.1471248 0.1731450 0.2296785 0.1151156 0.0790656 0.4313389 1.0386558 0.2055226 0.0820117 0.1435122 0.2106905 0.1379924 0.1881853 0.1120239 0.1151156 0.3656795 0.1681891 0.1997252 0.0000010 0.1397575 0.0508188 0.0508188 0.0246206 0.1957609 0.1782743 0.6082447 0.1119160 0.0790009 0.1087083 0.1829039 0.3617254 0.0785971 0.1474210 0.1062845 0.2169858 0.1457226 0.1435122 0.4313389 0.1593183 0.3204170 0.4577426 0.5315749 0.0246206 0.0503485 0.1514366 0.1459654 0.0887695 0.0773406 0.1128470 0.1348730 0.1379924 0.1062845 0.1171367 0.0790009 0.1482145 0.1206307 0.0815081 0.0881049 0.1731512 0.1402946 0.1133116 0.2497443 0.1128470 0.1087187 0.0245514 0.1385287 0.1782743 0.3416088 0.0528950 0.1440400 0.1524142 0.1492511 
S0289       0.0856224 0.0000010 0.0250174 0.0811927 0.0797044 0.1082674 0.0000000 0.1053628 0.0514613 0.1374162 0.0812448 0.0533839 0.1910519 0.4188846 0.1118266 0.1092430 0.1149974 0.1136796 0.0797044 0.9690603 0.8268186 0.0791653 0.0826875 0.0816100 0.1420234 0.0518124 0.1182592 0.0532717 0.1136796 0.8264833 0.1808694 0.1573848 0.1082674 0.0797044 0.0512739 0.0512739 0.1412160 0.1225610 0.1122609 0.9083140 0.1132113 0.0796393 0.4188846 0.2292879 0.5489871 0.0797899 0.1216165 0.0000029 0.2662659 0.0830073 0.0816100 0.9690603 0.0900277 0.1674609 0.4881856 1.2116574 0.1412160 0.1080974 0.0859653 0.0830868 0.0895333 0.0779576 0.0537273 0.0770635 0.0787697 0.0000029 0.0858775 0.0796393 0.0840602 0.1190306 0.0514613 0.0279112 0.1483333 0.0800023 0.1150639 0.2024556 0.0537273 0.0518124 0.0789559 0.0250604 0.1122609 0.2447971 0.0533839 0.0820711 0.1206327 0.1122609 
S0292       0.1117394 0.0857403 0.0749669 0.1060592 0.1651526 0.1327443 0.1053628 0.0000000 0.1331888 0.1616996 0.1062301 0.0784807 0.2174044 0.2278866 0.1735639 0.1986419 0.2565279 0.1118057 0.1041652 0.8734376 0.6324899 0.2304613 0.1079382 0.1695880 0.2361106 0.1034910 0.2153109 0.1380921 0.1118057 0.7526836 0.1078536 0.2276694 0.1327443 0.1651526 0.0754524 0.0754524 0.1661295 0.2238048 0.2043737 0.8384722 0.1972042 0.1041017 0.2278866 0.1519774 0.5147116 0.1655901 0.2208999 0.1311237 0.1851071 0.1719541 0.1695880 0.8734376 0.1877859 0.1340402 0.6444132 1.0783816 0.1661295 0.1324838 0.1786235 0.1722789 0.1167000 0.1019367 0.1389866 0.1012892 0.1034910 0.1311237 0.1782622 0.1041017 0.1750730 0.1169829 0.1331888 0.1158657 0.2470229 0.1657657 0.2094760 0.2845643 0.1389866 0.1340558 0.1032669 0.1637857 0.2043737 0.3681335 0.0784807 0.1700485 0.1133872 0.2043737 
S0299       0.0853744 0.0429653 0.0505570 0.0809673 0.0794863 0.0815081 0.0514613 0.1331888 0.0000000 0.1102984 0.0810185 0.0532255 0.1498316 0.2439035 0.1115276 0.1089563 0.1537847 0.1156180 0.0794863 0.8239975 1.0386558 0.1384431 0.0824549 0.0813823 0.1416612 0.0785563 0.1179302 0.0531140 0.1156180 0.7110921 0.2136031 0.1569533 0.0815081 0.0794863 0.0511276 0.0511276 0.1133116 0.1222103 0.1119599 0.7679254 0.1579132 0.0794214 0.2439035 0.2337720 0.4631182 0.0795711 0.1212726 0.0505570 0.2715338 0.0827722 0.0813823 0.8239975 0.0897554 0.3204170 0.6999132 1.0168137 0.1133116 0.1078157 0.0857156 0.0828520 0.0892651 0.0777479 0.0535675 0.0768583 0.0785563 0.0505570 0.0856286 0.0794214 0.0838200 0.1211520 0.0000010 0.0278181 0.1117156 0.0797828 0.1147495 0.1657677 0.0535675 0.0516635 0.0528819 0.0787685 0.1119599 0.2441021 0.0532255 0.0818414 0.1528662 0.0528292 
S0303       0.1150462 0.0895415 0.1348730 0.0517343 0.1703759 0.0240762 0.1374162 0.1616996 0.1102984 0.0000000 0.0511426 0.0805352 0.1771156 0.1087083 0.1793936 0.2054763 0.2672402 0.1462420 0.1069968 0.3510764 1.0386558 0.2388328 0.1109949 0.1751587 0.2449808 0.1681754 0.2235178 0.1423063 0.1462420 0.4313389 0.1992784 0.2368706 0.0240762 0.1703759 0.0773406 0.0773406 0.0499486 0.2328201 0.2116726 0.6906929 0.1526270 0.1069320 0.1087083 0.2169858 0.4181979 0.1063491 0.1797660 0.1348730 0.1784020 0.1776611 0.1751587 0.3510764 0.1948273 0.3204170 0.4577426 0.4369061 0.0499486 0.0766158 0.1848732 0.1780211 0.1203367 0.1046382 0.1432450 0.1039551 0.1681754 0.1348730 0.1487233 0.1069320 0.1810795 0.1532466 0.1102984 0.1194481 0.2054170 0.1710316 0.1438799 0.2039992 0.1432450 0.1379924 0.0497944 0.1689230 0.2116726 0.3887049 0.0805352 0.1756200 0.1862506 0.1821267 
S0308       0.0549893 0.0427376 0.0797500 0.0537370 0.1118341 0.0251995 0.0812448 0.1062301 0.0810185 0.0511426 0.0000000 0.0264732 0.1587937 0.0000028 0.1177983 0.1441894 0.1968603 0.0863875 0.0527503 0.4411777 0.6957415 0.1760957 0.0547402 0.1147557 0.1804905 0.1104343 0.1567698 0.0840348 0.0863875 0.3724782 0.1402086 0.1667614 0.0251995 0.1118341 0.0254296 0.0254296 0.0523956 0.1629806 0.1484428 0.5222423 0.0717118 0.0526968 0.0000028 0.1524829 0.3010753 0.0524393 0.1180206 0.0797500 0.1859796 0.1166653 0.1147557 0.4411777 0.1273658 0.1375178 0.2723673 0.5484309 0.0523956 0.0251937 0.1211616 0.1168251 0.0574251 0.0515962 0.0847189 0.1079268 0.1104343 0.0797500 0.0879663 0.0526968 0.1147552 0.0905911 0.0810185 0.0587737 0.1890543 0.1122691 0.0850460 0.2604056 0.0847189 0.0815834 0.0522247 0.1108114 0.1484428 0.3024807 0.0264732 0.1152974 0.1179287 0.1484428 
S0335       0.0267590 0.0000010 0.0524118 0.0254663 0.0825329 0.0528950 0.0533839 0.0784807 0.0532255 0.0805352 0.0264732 0.0000000 0.0900065 0.1299277 0.0869086 0.1132389 0.1605327 0.0273305 0.0260292 0.7190793 1.4351258 0.1439291 0.0000029 0.0845844 0.1134848 0.0524118 0.1229425 0.0551660 0.0273305 0.6140276 0.1496165 0.1247843 0.0528950 0.0825329 0.0000029 0.0000029 0.0826451 0.0916860 0.1164862 0.7142932 0.1132113 0.0259983 0.1299277 0.1255691 0.4186072 0.0826284 0.1265514 0.0524118 0.1592734 0.0860746 0.0845844 0.7190793 0.0936602 0.4104304 0.2723673 0.9005673 0.0826451 0.0528607 0.0853744 0.0825329 0.0279158 0.0254669 0.0556518 0.0797044 0.0524118 0.0524118 0.0891672 0.0259983 0.0872229 0.0274989 0.0532255 0.0289498 0.1542114 0.0532255 0.1195005 0.1722746 0.0556518 0.0536015 0.0257579 0.0817625 0.1164862 0.2430004 0.0000010 0.0815301 0.0857534 0.1164862 
S0345       0.1291223 0.0467266 0.1870656 0.1216396 0.2305989 0.1453548 0.1910519 0.2174044 0.1498316 0.1771156 0.1587937 0.0900065 0.0000000 0.4301520 0.2442030 0.2732476 0.2804259 0.0599752 0.1548076 1.2580651 3.1679982 0.3117735 0.1193684 0.2383329 0.1550281 0.1978032 0.3001249 0.1989380 0.0599752 1.0678977 0.2367510 0.2665490 0.1453548 0.2305989 0.1191123 0.1191123 0.1824412 0.2795565 0.2825350 0.8666133 0.2351025 0.1547728 0.4301520 0.1726419 0.6832412 0.2316775 0.2414893 0.1870656 0.2099137 0.2414893 0.2383329 1.2580651 0.2128111 1.1117231 0.5939777 1.5531058 0.1824412 0.1896362 0.1296906 0.1990208 0.1357050 0.1509607 0.2000649 0.2214247 0.1978032 0.1870656 0.2522381 0.1547728 0.2477908 0.1653023 0.1498316 0.1756792 0.1916557 0.2016567 0.2907039 0.1728554 0.2000649 0.1919322 0.1128834 0.2285706 0.2825350 0.3222942 0.0900065 0.1960773 0.2093145 0.2326228 
S0376       0.0000020 0.0000010 0.3848597 0.1299277 0.2439035 0.1087083 0.4188846 0.2278866 0.2439035 0.1087083 0.0000028 0.1299277 0.4301520 0.0000000 0.3041100 0.2439035 0.4695730 0.5891322 0.1087083 0.0000010 0.5305917 0.3848597 0.2936458 0.2439035 0.6774473 0.6072100 0.5173710 0.2439035 0.5891322 0.0000010 0.3848597 0.3802817 0.1087083 0.2439035 0.1087083 0.1087083 0.2565687 0.4251362 0.2439035 0.0000010 0.0000010 0.1087083 0.0000010 0.5891322 0.0000010 0.2439035 0.2439035 0.3848597 0.5891322 0.2439035 0.2439035 0.0000010 0.2439035 0.1137681 0.2278866 0.0959095 0.2565687 0.1087083 0.5073542 0.2948194 0.0000020 0.1087083 0.2439035 0.2439035 0.4251362 0.3848597 0.2439035 0.1087083 0.1079270 0.3983419 0.2439035 0.2439035 0.4231945 0.4251362 0.4387792 1.0421492 0.2439035 0.2439035 0.1087083 0.3848597 0.2439035 1.0091893 0.1299277 0.2948194 0.1199443 0.2439035 
S0400       0.0589077 0.0907648 0.1097181 0.1175295 0.0258390 0.1471248 0.1118266 0.1735639 0.1115276 0.1793936 0.1177983 0.0869086 0.2442030 0.3041100 0.0000000 0.0530846 0.1933111 0.1581300 0.0547220 0.7624099 1.0386558 0.0810735 0.1198131 0.0560346 0.0828985 0.1425234 0.0916001 0.0547985 0.1581300 0.6562270 0.1895849 0.0884112 0.1471248 0.0258390 0.0832229 0.0832229 0.1848780 0.0949898 0.0867588 0.8339785 0.0354114 0.1151522 0.3041100 0.2081442 0.5029177 0.0821619 0.1583323 0.1097181 0.2467174 0.1146126 0.0560346 0.7624099 0.0620030 0.3204170 0.8677044 0.9396336 0.1848780 0.1467645 0.0574529 0.0269173 0.0617014 0.1125119 0.0832107 0.1392116 0.1425234 0.1097181 0.1187883 0.1151522 0.0577493 0.1661926 0.1115276 0.0583812 0.0865200 0.1449732 0.1496356 0.1789394 0.0832107 0.0532509 0.1141579 0.1431047 0.0867588 0.2173157 0.0869086 0.0845844 0.0948482 0.0867588 
S0405       0.0862398 0.1430219 0.1072303 0.1437026 0.0253018 0.1731450 0.1092430 0.1986419 0.1089563 0.2054763 0.1441894 0.1132389 0.2732476 0.2439035 0.0530846 0.0000000 0.1165249 0.1856602 0.0802249 0.6901299 1.0386558 0.0532525 0.1463939 0.0547603 0.0810189 0.1391492 0.0893146 0.0535772 0.1856602 0.5938298 0.2166335 0.1281788 0.1731450 0.0253018 0.1085465 0.1085465 0.2117497 0.0598667 0.0569613 0.9275007 0.0735856 0.1408908 0.2439035 0.2375323 0.5537189 0.0803123 0.1541657 0.1072303 0.2762631 0.0845001 0.0547603 0.6901299 0.0293645 0.3204170 0.6999132 0.8535821 0.2117497 0.1726367 0.0561108 0.0263349 0.0902193 0.1376978 0.0813154 0.1359899 0.1391492 0.1072303 0.0874863 0.1408908 0.0563951 0.1948355 0.1089563 0.0569960 0.0844725 0.1139571 0.1458899 0.1736549 0.0813154 0.0520990 0.1397575 0.1396951 0.0569613 0.2107999 0.1132389 0.0826284 0.1233258 0.0847033 
S0412sl     0.1646022 0.0969296 0.1510467 0.1956160 0.1515822 0.2296785 0.1149974 0.2565279 0.1537847 0.2672402 0.1968603 0.1605327 0.2804259 0.4695730 0.1933111 0.1165249 0.0000000 0.2476563 0.1515822 1.2837518 1.0386558 0.1493040 0.1995639 0.1560337 0.2293009 0.1886861 0.2057847 0.1216661 0.2476563 1.1125073 0.3205881 0.2222633 0.2296785 0.1515822 0.1531501 0.1531501 0.2766018 0.1722874 0.1627386 0.8996046 0.2199345 0.1914608 0.4695730 0.3561121 0.8176650 0.1519821 0.0863798 0.1127717 0.4035555 0.0871216 0.1560337 1.2837518 0.0962542 0.3204170 0.7172984 1.5428757 0.2766018 0.2286158 0.1653348 0.1588506 0.1731800 0.1865663 0.0837605 0.1839561 0.1886861 0.1127717 0.0902849 0.1914608 0.1616060 0.2610197 0.1537847 0.0933209 0.2411214 0.1614560 0.1500813 0.3301209 0.0837605 0.1177786 0.1899279 0.1472504 0.1627386 0.3772791 0.1605327 0.1565805 0.2511511 0.1941445 
S0419       0.0585277 0.0000010 0.0840284 0.0554373 0.1497480 0.1151156 0.1136796 0.1118057 0.1156180 0.1462420 0.0863875 0.0273305 0.0599752 0.5891322 0.1581300 0.1856602 0.2476563 0.0000000 0.0846329 1.2220451 1.2161766 0.2201894 0.0545082 0.1540736 0.0848637 0.0888114 0.2028135 0.1202386 0.0000010 1.0178364 0.1211996 0.1722550 0.1151156 0.1497480 0.0543357 0.0543357 0.1151156 0.1791193 0.1915138 1.0743900 0.1132113 0.0845629 0.5891322 0.0883057 0.6243686 0.1501317 0.2087007 0.1136796 0.1193355 0.1565276 0.1540736 1.2220451 0.1722656 1.2161766 0.8257147 1.2220451 0.1151156 0.1149090 0.0587712 0.1204985 0.0612867 0.0826683 0.1211520 0.1441946 0.1200709 0.1136796 0.1627887 0.0845629 0.1594870 0.0847937 0.1156180 0.0950248 0.2048095 0.1222245 0.1563065 0.1281316 0.1211520 0.1164493 0.0838003 0.1483688 0.1915138 0.1705947 0.0273305 0.1188810 0.0928119 0.1915138 
S0427       0.0000030 0.0434614 0.0782688 0.0527755 0.0520664 0.0790656 0.0797044 0.1041652 0.0794863 0.1069968 0.0527503 0.0260292 0.1548076 0.1087083 0.0547220 0.0802249 0.1515822 0.0846329 0.0000000 0.5581353 1.0386558 0.1087831 0.0537415 0.0532509 0.1112560 0.1081877 0.0867588 0.0260819 0.0846329 0.4765355 0.1129492 0.0923227 0.0790656 0.0520664 0.0250210 0.0250210 0.1098308 0.0897925 0.0823843 0.6553295 0.0738695 0.0517739 0.1087083 0.1228793 0.3896181 0.0520990 0.1194380 0.0782688 0.1558899 0.0815342 0.0532509 0.5581353 0.0586241 0.3204170 0.4577426 0.6917890 0.1098308 0.0789824 0.0560692 0.0542440 0.0000025 0.0507128 0.0527415 0.1057885 0.1081877 0.0782688 0.0843101 0.0517739 0.0547985 0.0886530 0.0794863 0.0277073 0.1161131 0.1099402 0.1130752 0.1683264 0.0527415 0.0253884 0.0513180 0.1085440 0.0823843 0.2044122 0.0260292 0.0536015 0.0562764 0.0823843 
S0430       0.5082664 2.0244219 0.9152531 0.5827592 0.6901299 0.4313389 0.9690603 0.8734376 0.8239975 0.3510764 0.4411777 0.7190793 1.2580651 0.0000010 0.7624099 0.6901299 1.2837518 1.2220451 0.5581353 0.0000000 0.5305917 0.8008188 0.8497856 0.5436188 1.0792792 1.1680795 0.7281591 0.6743755 1.2220451 0.0363886 0.7749389 1.0645442 0.4313389 0.6901299 0.6490826 0.6490826 0.5315749 0.6670538 0.5436188 0.2449641 0.9725649 0.7074008 0.0000010 1.0007234 0.2561830 0.5467333 1.0223150 0.9152531 0.7843902 0.8374719 0.5436188 0.0000010 0.5672062 0.1137681 0.2278866 0.0364897 0.5315749 0.5284001 0.7724569 0.7678115 0.4447048 0.7526836 0.8374719 0.7407355 1.1680795 0.9152531 0.7471973 0.7074008 0.4523250 1.0881756 0.8239975 0.7074003 0.8510783 0.9839907 0.8289943 0.6814958 0.8374719 0.6743755 0.5284001 1.1399990 0.5436188 0.8319403 0.7190793 0.8839519 0.4767249 0.5753234 
S0478       0.9748206 0.0000010 0.6324899 1.4351258 1.0386558 1.0386558 0.8268186 0.6324899 1.0386558 1.0386558 0.6957415 1.4351258 3.1679982 0.5305917 1.0386558 1.0386558 1.0386558 1.2161766 1.0386558 0.5305917 0.0000000 1.0386558 1.9288314 1.0386558 3.1679982 1.0386558 1.9853098 1.0386558 1.2161766 0.5305917 0.9939661 1.4351258 1.0386558 1.0386558 1.0386558 1.0386558 0.5530670 1.7616578 1.0386558 0.5305917 0.0000010 1.0386558 0.5305917 1.2161766 0.5305917 1.0386558 1.0386558 1.0386558 1.2161766 1.0386558 1.0386558 0.5305917 1.0386558 0.2845890 1.0386558 0.2593032 0.5530670 1.0386558 2.7056702 1.4351258 0.9748206 1.0386558 1.0386558 1.0386558 1.7616578 1.0386558 1.0386558 1.0386558 0.6957415 0.6900741 1.0386558 1.0386558 1.7918811 1.7616578 0.5530670 1.2161766 1.0386558 1.0386558 1.0386558 1.0386558 1.0386558 1.4952795 1.4351258 1.4351258 0.4830443 1.0386558 
S0558       0.1170793 0.1434001 0.1362138 0.1752505 0.0514745 0.2055226 0.0791653 0.2304613 0.1384431 0.2388328 0.1760957 0.1439291 0.3117735 0.3848597 0.0810735 0.0532525 0.1493040 0.2201894 0.1087831 0.8008188 1.0386558 0.0000000 0.1784886 0.0835469 0.1098748 0.1696353 0.1211032 0.0818034 0.2201894 0.6901299 0.2513711 0.1214501 0.2055226 0.0514745 0.1379227 0.1379227 0.2462850 0.0911345 0.0542767 1.0263099 0.0738695 0.1718477 0.3848597 0.2757992 0.6211947 0.1089563 0.1882195 0.0777479 0.3155973 0.0805542 0.0835469 0.8008188 0.0595952 0.3204170 0.4454374 0.9916345 0.2462850 0.2047728 0.0857156 0.0536015 0.1225343 0.1678868 0.1103115 0.1657657 0.1696353 0.0777479 0.0832607 0.1718477 0.0861097 0.2309698 0.1384431 0.0870833 0.1146079 0.1085936 0.1782428 0.2121042 0.1103115 0.0794863 0.1705449 0.1078143 0.0542767 0.2502873 0.1439291 0.1120500 0.1568734 0.1148570 
S0616       0.0267592 0.0000010 0.0811465 0.0254669 0.1136922 0.0820117 0.0826875 0.1079382 0.0824549 0.1109949 0.0547402 0.0000029 0.1193684 0.2936458 0.1198131 0.1463939 0.1995639 0.0545082 0.0537415 0.8497856 1.9288314 0.1784886 0.0000000 0.1166987 0.1413426 0.0802518 0.1592430 0.0855678 0.0545082 0.7306262 0.1855965 0.1247843 0.0820117 0.1136922 0.0259248 0.0259248 0.1140486 0.1253976 0.1507416 0.8197164 0.1132113 0.0536864 0.2936458 0.1561105 0.4951424 0.1138909 0.1638496 0.0811465 0.1900150 0.1186503 0.1166987 0.8497856 0.1296579 0.7086085 0.2372318 1.0520801 0.1140486 0.0819184 0.0853744 0.0825329 0.0279158 0.0525474 0.0862695 0.1096798 0.0802518 0.0811465 0.1230899 0.0536864 0.1205110 0.0267295 0.0824549 0.0599861 0.1916557 0.0815342 0.1547064 0.2057038 0.0862695 0.0830364 0.0531982 0.1126445 0.1507416 0.2430003 0.0000029 0.0815298 0.0857534 0.1507416 
S0641       0.0572194 0.0945887 0.0801037 0.1145140 0.0266731 0.1435122 0.0816100 0.1695880 0.0813823 0.1751587 0.1147557 0.0845844 0.2383329 0.2439035 0.0560346 0.0547603 0.1560337 0.1540736 0.0532509 0.5436188 1.0386558 0.0835469 0.1166987 0.0000000 0.0854800 0.1108971 0.0270272 0.0266602 0.1540736 0.4643049 0.1849975 0.1267079 0.1435122 0.0266731 0.0810735 0.0810735 0.1804170 0.0278666 0.0257091 0.7679254 0.0792753 0.1122406 0.2439035 0.2028135 0.4631182 0.0532860 0.1227881 0.0801037 0.2407146 0.0835364 0.0000010 0.5436188 0.0000025 0.3204170 0.6999132 0.6743755 0.1804170 0.1431771 0.0272874 0.0278214 0.0598627 0.1097181 0.0539591 0.1083728 0.1108971 0.0801037 0.0864615 0.1122406 0.0000029 0.1617997 0.0813823 0.0283617 0.0893146 0.1127445 0.1160700 0.0932154 0.0539591 0.0259355 0.1112842 0.1112776 0.0257091 0.1253976 0.0845844 0.0548597 0.0557254 0.0257091 
S0643       0.0864776 0.0907648 0.1393265 0.1439291 0.0525684 0.2106905 0.1420234 0.2361106 0.1416612 0.2449808 0.1804905 0.1134848 0.1550281 0.6774473 0.0828985 0.0810189 0.2293009 0.0848637 0.1112560 1.0792792 3.1679982 0.1098748 0.1413426 0.0854800 0.0000000 0.1468270 0.1241619 0.0836610 0.0848637 0.9083283 0.1816783 0.1592269 0.2106905 0.0525684 0.1411170 0.1411170 0.2528480 0.0985060 0.1176120 1.1081704 0.0354114 0.1760045 0.6774473 0.1231421 0.6549117 0.1114420 0.1932201 0.1393265 0.1561105 0.1456868 0.0854800 1.0792792 0.0947215 1.1117231 0.9111985 1.3749091 0.2528480 0.2098784 0.0000030 0.0264282 0.0904721 0.1718477 0.1128581 0.1696237 0.1468270 0.1393265 0.1511171 0.1760045 0.0881669 0.1872728 0.1416612 0.0891910 0.0887332 0.1494052 0.1827528 0.0630910 0.1128581 0.0812364 0.1746511 0.1744817 0.1176120 0.1311259 0.1134848 0.0828520 0.1235905 0.1176120 
S0645sl     0.0839692 0.0000010 0.0245869 0.0797044 0.1081877 0.1379924 0.0518124 0.1034910 0.0785563 0.1681754 0.1104343 0.0524118 0.1978032 0.6072100 0.1425234 0.1391492 0.1886861 0.0888114 0.1081877 1.1680795 1.0386558 0.1696353 0.0802518 0.1108971 0.1468270 0.0000000 0.1507637 0.0813781 0.0888114 0.9839907 0.1772695 0.1541023 0.1379924 0.1081877 0.0782688 0.0782688 0.1729812 0.0886005 0.1430791 1.0441552 0.1132113 0.1081229 0.6072100 0.2049725 0.6286730 0.1083577 0.1549475 0.0773675 0.2426502 0.1126890 0.1108971 1.1680795 0.1225610 0.3204170 0.9844936 1.4645021 0.1729812 0.1376978 0.0842996 0.0815298 0.0877308 0.1057885 0.0820234 0.1045422 0.0508962 0.0773675 0.1166878 0.1081229 0.1143310 0.0869625 0.0785563 0.0568895 0.1815260 0.0516635 0.1466678 0.1762462 0.0820234 0.0790873 0.1072303 0.1072297 0.1430791 0.2391590 0.0524118 0.0805521 0.0851316 0.1430791 
S0656sl     0.0938255 0.0945887 0.1159128 0.1561053 0.0578890 0.1881853 0.1182592 0.2153109 0.1179302 0.2235178 0.1567698 0.1229425 0.3001249 0.5173710 0.0916001 0.0893146 0.2057847 0.2028135 0.0867588 0.7281591 1.9853098 0.1211032 0.1592430 0.0270272 0.1241619 0.1507637 0.0000000 0.0579867 0.2028135 0.6231986 0.2363824 0.1742254 0.1881853 0.0578890 0.1174533 0.1174533 0.2309707 0.0607907 0.0557087 0.9789749 0.0792753 0.1528276 0.5173710 0.2612494 0.5937285 0.0868710 0.1685007 0.1159128 0.3039875 0.1213863 0.0270272 0.7281591 0.0297955 0.7505091 1.3783299 0.9094480 0.2309707 0.1875247 0.0594026 0.0605797 0.0985381 0.1490814 0.0880389 0.1470829 0.1507637 0.1159128 0.1260740 0.1528276 0.0278145 0.2136343 0.1179302 0.0620030 0.1301900 0.1534989 0.1587932 0.1366062 0.0880389 0.0562582 0.1515340 0.1514342 0.0557087 0.1724874 0.1229425 0.0895632 0.0911097 0.0557087 
S0689       0.0279776 0.0455496 0.0523032 0.0839692 0.0260819 0.1120239 0.0532717 0.1380921 0.0531140 0.1423063 0.0840348 0.0551660 0.1989380 0.2439035 0.0547985 0.0535772 0.1216661 0.1202386 0.0260819 0.6743755 1.0386558 0.0818034 0.0855678 0.0266602 0.0836610 0.0813781 0.0579867 0.0000000 0.1202386 0.5786988 0.1504058 0.0927089 0.1120239 0.0260819 0.0529144 0.0529144 0.1464008 0.0599797 0.0550124 0.8355173 0.0769134 0.0823105 0.2439035 0.1645237 0.4936729 0.0260884 0.0898576 0.0523032 0.2006603 0.0544667 0.0266602 0.6743755 0.0293550 0.3204170 0.6999132 0.8374719 0.1464008 0.0815834 0.0280906 0.0271807 0.0292454 0.0805130 0.0264150 0.0795581 0.0813781 0.0523032 0.0563103 0.0823105 0.0274272 0.1262215 0.0531140 0.0000020 0.0873441 0.0826966 0.0849447 0.1351334 0.0264150 0.0000029 0.0815834 0.0816100 0.0550124 0.1281541 0.0551660 0.0268625 0.0900370 0.0550124 
S0720       0.0585277 0.0000010 0.0840284 0.0554373 0.1497480 0.1151156 0.1136796 0.1118057 0.1156180 0.1462420 0.0863875 0.0273305 0.0599752 0.5891322 0.1581300 0.1856602 0.2476563 0.0000010 0.0846329 1.2220451 1.2161766 0.2201894 0.0545082 0.1540736 0.0848637 0.0888114 0.2028135 0.1202386 0.0000000 1.0178364 0.1211996 0.1722550 0.1151156 0.1497480 0.0543357 0.0543357 0.1151156 0.1791193 0.1915138 1.0743900 0.1132113 0.0845629 0.5891322 0.0883057 0.6243686 0.1501317 0.2087007 0.1136796 0.1193355 0.1565276 0.1540736 1.2220451 0.1722656 1.2161766 0.8257147 1.2220451 0.1151156 0.1149090 0.0587712 0.1204985 0.0612867 0.0826683 0.1211520 0.1441946 0.1200709 0.1136796 0.1627887 0.0845629 0.1594870 0.0847937 0.1156180 0.0950248 0.2048095 0.1222245 0.1563065 0.1281316 0.1211520 0.1164493 0.0838003 0.1483688 0.1915138 0.1705947 0.0273305 0.1188810 0.0928119 0.1915138 
S0724sl     0.4261686 2.0244219 0.7846119 0.7190793 0.5938298 0.3656795 0.8264833 0.7526836 0.7110921 0.4313389 0.3724782 0.6140276 1.0678977 0.0000010 0.6562270 0.5938298 1.1125073 1.0178364 0.4765355 0.0363886 0.5305917 0.6901299 0.7306262 0.4643049 0.9083283 0.9839907 0.6231986 0.5786988 1.0178364 0.0000000 0.6673930 0.9114202 0.3656795 0.5938298 0.5581353 0.5581353 0.4562840 0.5710155 0.4643049 0.1769263 0.7487348 0.6097419 0.0000010 0.8392443 0.1857518 0.4679611 0.8807424 0.7846119 1.0007234 0.7198127 0.4643049 0.0363886 0.4833425 0.1137681 0.2278866 0.0771766 0.4562840 0.4527078 0.6524739 0.6554360 0.3661078 0.6490826 0.7198127 0.9152531 0.9839907 0.7846119 0.6402025 0.6097419 0.3811821 0.9311182 0.7110921 0.6051404 0.7281591 0.8353718 0.7180387 0.8728045 0.7198127 0.5786988 0.4527078 0.9756649 0.4643049 0.7012802 0.6140276 0.7506626 0.4007256 0.4926959 
S0735       0.1218882 0.1530611 0.1421904 0.1821341 0.1796919 0.1681891 0.1808694 0.1078536 0.2136031 0.1992784 0.1402086 0.1496165 0.2367510 0.3848597 0.1895849 0.2166335 0.3205881 0.1211996 0.1129492 0.7749389 0.9939661 0.2513711 0.1855965 0.1849975 0.1816783 0.1772695 0.2363824 0.1504058 0.1211996 0.6673930 0.0000000 0.2508303 0.1681891 0.1796919 0.1431671 0.1431671 0.2051184 0.2466699 0.2234230 0.8109456 0.1132999 0.1784922 0.3848597 0.0268253 0.4921993 0.1382666 0.1782402 0.2098385 0.0544295 0.2202700 0.1849975 0.7749389 0.2067482 0.3103590 0.9729453 0.9617608 0.2051184 0.1677284 0.1223990 0.1880924 0.1277823 0.1742359 0.1825721 0.2433937 0.2494878 0.2098385 0.1797533 0.1784922 0.1915579 0.2033358 0.2136031 0.1609685 0.2384573 0.2541175 0.2113528 0.2197014 0.1825721 0.1456246 0.1771151 0.2510167 0.2234230 0.3024765 0.1496165 0.1854434 0.1238907 0.2234230 
S0742       0.0954560 0.1533710 0.1541023 0.1581336 0.1231401 0.1997252 0.1573848 0.2276694 0.1569533 0.2368706 0.1667614 0.1247843 0.2665490 0.3802817 0.0884112 0.1281788 0.2222633 0.1722550 0.0923227 1.0645442 1.4351258 0.1214501 0.1247843 0.1267079 0.1592269 0.1541023 0.1742254 0.0927089 0.1722550 0.9114202 0.2508303 0.0000000 0.1997252 0.1231401 0.1247843 0.1247843 0.2451419 0.1002034 0.0921833 1.3140658 0.1700863 0.1623078 0.3802817 0.2277801 0.7957237 0.1233967 0.2168441 0.1541023 0.2696772 0.0911079 0.1267079 1.0645442 0.1025588 0.4104304 0.5933685 1.3126193 0.2451419 0.1989380 0.1279477 0.1231401 0.1002992 0.1581336 0.1251133 0.1877331 0.1541023 0.1541023 0.0945892 0.1623078 0.1312341 0.1736230 0.1569533 0.0995147 0.2097514 0.0885525 0.2040470 0.2380369 0.1251133 0.0897383 0.1608982 0.1937053 0.0921833 0.3201888 0.1247843 0.1214501 0.1716041 0.1641554 
S0748       0.0849079 0.0895415 0.1062845 0.0805352 0.1397575 0.0000010 0.1082674 0.1327443 0.0815081 0.0240762 0.0251995 0.0528950 0.1453548 0.1087083 0.1471248 0.1731450 0.2296785 0.1151156 0.0790656 0.4313389 1.0386558 0.2055226 0.0820117 0.1435122 0.2106905 0.1379924 0.1881853 0.1120239 0.1151156 0.3656795 0.1681891 0.1997252 0.0000000 0.1397575 0.0508188 0.0508188 0.0246206 0.1957609 0.1782743 0.6082447 0.1119160 0.0790009 0.1087083 0.1829039 0.3617254 0.0785971 0.1474210 0.1062845 0.2169858 0.1457226 0.1435122 0.4313389 0.1593183 0.3204170 0.4577426 0.5315749 0.0246206 0.0503485 0.1514366 0.1459654 0.0887695 0.0773406 0.1128470 0.1348730 0.1379924 0.1062845 0.1171367 0.0790009 0.1482145 0.1206307 0.0815081 0.0881049 0.1731512 0.1402946 0.1133116 0.2497443 0.1128470 0.1087187 0.0245514 0.1385287 0.1782743 0.3416088 0.0528950 0.1440400 0.1524142 0.1492511 
S0756       0.0558469 0.0907648 0.0782688 0.1116187 0.0000010 0.1397575 0.0797044 0.1651526 0.0794863 0.1703759 0.1118341 0.0825329 0.2305989 0.2439035 0.0258390 0.0253018 0.1515822 0.1497480 0.0520664 0.6901299 1.0386558 0.0514745 0.1136922 0.0266731 0.0525684 0.1081877 0.0578890 0.0260819 0.1497480 0.5938298 0.1796919 0.1231401 0.1397575 0.0000000 0.0791919 0.0791919 0.1753166 0.0598667 0.0549351 0.7679254 0.0354114 0.1094590 0.2439035 0.1963864 0.4631182 0.0520990 0.1194380 0.0782688 0.2327695 0.0815342 0.0266731 0.6901299 0.0293645 0.3204170 0.6999132 0.8535821 0.1753166 0.1394506 0.0272874 0.0000029 0.0583594 0.1070658 0.0527415 0.1057885 0.1081877 0.0782688 0.0843101 0.1094590 0.0274392 0.1570277 0.0794863 0.0277073 0.0547603 0.1099402 0.1130752 0.1341252 0.0527415 0.0253884 0.1085465 0.1085440 0.0549351 0.1692246 0.0825329 0.0536015 0.0896869 0.0549351 
S0760       0.0267592 0.0000010 0.0503759 0.0254669 0.0791919 0.0508188 0.0512739 0.0754524 0.0511276 0.0773406 0.0254296 0.0000029 0.1191123 0.1087083 0.0832229 0.1085465 0.1531501 0.0543357 0.0250210 0.6490826 1.0386558 0.1379227 0.0259248 0.0810735 0.1411170 0.0782688 0.1174533 0.0529144 0.0543357 0.5581353 0.1431671 0.1247843 0.0508188 0.0791919 0.0000000 0.0000010 0.0792818 0.1216983 0.1115276 0.6553295 0.1132113 0.0249923 0.1087083 0.1558899 0.3896181 0.0792757 0.1207713 0.0503759 0.1898974 0.0824549 0.0810735 0.6490826 0.0893811 0.3204170 0.4577426 0.8021765 0.0792818 0.0507886 0.0853744 0.0825329 0.0279158 0.0245003 0.0533646 0.0765827 0.0782688 0.0503759 0.0852883 0.0249923 0.0834924 0.0568633 0.0511276 0.0277073 0.1473514 0.0794863 0.1142975 0.2056507 0.0533646 0.0514745 0.0247700 0.0784790 0.1115276 0.2430003 0.0000029 0.0815298 0.0857534 0.1115276 
S0770       0.0267592 0.0000010 0.0503759 0.0254669 0.0791919 0.0508188 0.0512739 0.0754524 0.0511276 0.0773406 0.0254296 0.0000029 0.1191123 0.1087083 0.0832229 0.1085465 0.1531501 0.0543357 0.0250210 0.6490826 1.0386558 0.1379227 0.0259248 0.0810735 0.1411170 0.0782688 0.1174533 0.0529144 0.0543357 0.5581353 0.1431671 0.1247843 0.0508188 0.0791919 0.0000010 0.0000000 0.0792818 0.1216983 0.1115276 0.6553295 0.1132113 0.0249923 0.1087083 0.1558899 0.3896181 0.0792757 0.1207713 0.0503759 0.1898974 0.0824549 0.0810735 0.6490826 0.0893811 0.3204170 0.4577426 0.8021765 0.0792818 0.0507886 0.0853744 0.0825329 0.0279158 0.0245003 0.0533646 0.0765827 0.0782688 0.0503759 0.0852883 0.0249923 0.0834924 0.0568633 0.0511276 0.0277073 0.1473514 0.0794863 0.1142975 0.2056507 0.0533646 0.0514745 0.0247700 0.0784790 0.1115276 0.2430003 0.0000029 0.0815298 0.0857534 0.1115276 
S0888       0.1183450 0.0895415 0.1385287 0.1119499 0.1753166 0.0246206 0.1412160 0.1661295 0.1133116 0.0499486 0.0523956 0.0826451 0.1824412 0.2565687 0.1848780 0.2117497 0.2766018 0.1151156 0.1098308 0.5315749 0.5530670 0.2462850 0.1140486 0.1804170 0.2528480 0.1729812 0.2309707 0.1464008 0.1151156 0.4562840 0.2051184 0.2451419 0.0246206 0.1753166 0.0792818 0.0792818 0.0000000 0.2409676 0.2183478 0.7290438 0.1119160 0.1097651 0.2565687 0.1829039 0.4390234 0.1091469 0.1852733 0.1385287 0.2169858 0.1830357 0.1804170 0.5315749 0.2014062 0.6123070 0.7375885 0.4191428 0.0000010 0.0785195 0.1907395 0.1834294 0.1239560 0.1073448 0.1473785 0.1689230 0.1729812 0.1385287 0.1531860 0.1097651 0.1867330 0.1206307 0.1133116 0.1230158 0.2116726 0.1760106 0.0806776 0.2497443 0.1473785 0.1418245 0.0509799 0.1737874 0.2183478 0.2810006 0.0826451 0.1808748 0.1922394 0.1878035 
S0899       0.0621020 0.1087696 0.1200402 0.1242904 0.0598667 0.1957609 0.1225610 0.2238048 0.1222103 0.2328201 0.1629806 0.0916860 0.2795565 0.4251362 0.0949898 0.0598667 0.1722874 0.1791193 0.0897925 0.6670538 1.7616578 0.0911345 0.1253976 0.0278666 0.0985060 0.0886005 0.0607907 0.0599797 0.1791193 0.5710155 0.2466699 0.1002034 0.1957609 0.0598667 0.1216983 0.1216983 0.2409676 0.0000000 0.0278666 1.1563490 0.0889639 0.1586825 0.4251362 0.2384976 0.6519545 0.0899179 0.1756837 0.1200402 0.2831591 0.0911697 0.0278666 0.6670538 0.0297290 0.5910745 0.7008699 0.8353718 0.2409676 0.1950096 0.0294931 0.0301140 0.0652261 0.1546360 0.0911697 0.1524790 0.0886005 0.1200402 0.0946718 0.1586825 0.0287053 0.1755441 0.1222103 0.0642929 0.1354196 0.0581274 0.1651835 0.1089045 0.0911697 0.0581274 0.1573039 0.1571819 0.0278666 0.1372468 0.0916860 0.0593263 0.0603419 0.0575398 
S0959       0.0887446 0.1501180 0.1101367 0.1478991 0.0549351 0.1782743 0.1122609 0.2043737 0.1119599 0.2116726 0.1484428 0.1164862 0.2825350 0.2439035 0.0867588 0.0569613 0.1627386 0.1915138 0.0823843 0.5436188 1.0386558 0.0542767 0.1507416 0.0257091 0.1176120 0.1430791 0.0557087 0.0550124 0.1915138 0.4643049 0.2234230 0.0921833 0.1782743 0.0549351 0.1115276 0.1115276 0.2183478 0.0278666 0.0000000 0.9030927 0.1245096 0.1449288 0.2439035 0.2456788 0.5459380 0.0824796 0.1590138 0.1101367 0.2858306 0.0541670 0.0257091 0.5436188 0.0000025 0.3204170 0.6999132 0.6743755 0.2183478 0.1777164 0.0562933 0.0573592 0.0929650 0.1415493 0.0835364 0.1397430 0.1430791 0.1101367 0.0559921 0.1449288 0.0264208 0.2012522 0.1119599 0.0586241 0.1230314 0.0822673 0.1502510 0.1287389 0.0835364 0.0534534 0.1437403 0.1436662 0.0000010 0.1625627 0.1164862 0.0849199 0.0863115 0.0529575 
S0960       0.6140772 1.3750949 0.8693780 0.8125782 0.7679254 0.6082447 0.9083140 0.8384722 0.7679254 0.6906929 0.5222423 0.7142932 0.8666133 0.0000010 0.8339785 0.9275007 0.8996046 1.0743900 0.6553295 0.2449641 0.5305917 1.0263099 0.8197164 0.7679254 1.1081704 1.0441552 0.9789749 0.8355173 1.0743900 0.1769263 0.8109456 1.3140658 0.6082447 0.7679254 0.6553295 0.6553295 0.7290438 1.1563490 0.9030927 0.0000000 1.3028154 0.7869362 0.0000010 1.0032488 0.1562475 0.7140917 0.5060659 0.8693780 1.1571425 0.9030927 0.7679254 0.2449641 0.6617493 0.1137681 0.2278866 0.3412529 0.7290438 0.7089472 1.0044885 0.8436047 0.5541094 0.6553295 0.7679254 0.8693780 0.9177042 0.8693780 0.7715219 0.7869362 0.6664627 1.1447510 0.7679254 0.6072603 0.9275007 1.0941368 0.8560103 1.3803530 0.7679254 0.7679254 0.6553295 0.8693780 0.9030927 1.4244893 0.7142932 0.9614299 0.7040728 0.7679254 
S1052sl     0.0738695 0.1430219 0.1132113 0.1542790 0.0354114 0.1119160 0.1132113 0.1972042 0.1579132 0.1526270 0.0717118 0.1132113 0.2351025 0.0000010 0.0354114 0.0735856 0.2199345 0.1132113 0.0738695 0.9725649 0.0000010 0.0738695 0.1132113 0.0792753 0.0354114 0.1132113 0.0792753 0.0769134 0.1132113 0.7487348 0.1132999 0.1700863 0.1119160 0.0354114 0.1132113 0.1132113 0.1119160 0.0889639 0.1245096 1.3028154 0.0000000 0.1593784 0.0000010 0.1132999 0.5691459 0.0351318 0.1670756 0.1132113 0.1543238 0.1643391 0.0792753 0.9725649 0.0917807 0.0000010 0.0000010 0.9725649 0.1119160 0.1116634 0.0369772 0.0354114 0.0783271 0.1542790 0.1175127 0.1972042 0.1542790 0.1132113 0.1238343 0.1593784 0.0792753 0.1593784 0.1579132 0.0841482 0.0792753 0.1579132 0.0742338 0.1367624 0.1175127 0.0738695 0.1576344 0.1603951 0.1245096 0.1827171 0.1132113 0.1132113 0.0792753 0.1245096 
S1083       0.0555092 0.0433839 0.0782051 0.0527220 0.1094590 0.0790009 0.0796393 0.1041017 0.0794214 0.1069320 0.0526968 0.0259983 0.1547728 0.1087083 0.1151522 0.1408908 0.1914608 0.0845629 0.0517739 0.7074008 1.0386558 0.1718477 0.0536864 0.1122406 0.1760045 0.1081229 0.1528276 0.0823105 0.0845629 0.6097419 0.1784922 0.1623078 0.0790009 0.1094590 0.0249923 0.0249923 0.1097651 0.1586825 0.1449288 0.7869362 0.1593784 0.0000000 0.1087083 0.1949649 0.4703295 0.1096357 0.1571247 0.0782051 0.2310925 0.1140724 0.1122406 0.7074008 0.1242234 0.3204170 0.4577426 0.8694178 0.1097651 0.0789179 0.1183448 0.1142211 0.0579903 0.0506626 0.0829681 0.1057243 0.1081229 0.0782051 0.1181795 0.0000010 0.1157671 0.0276867 0.0794214 0.0575533 0.1840894 0.1098748 0.1486148 0.2516890 0.0829681 0.0799642 0.0512667 0.1084789 0.1449288 0.2917375 0.0259983 0.1127669 0.1189884 0.1449288 
S1129sl     0.0000020 0.0000010 0.3848597 0.1299277 0.2439035 0.1087083 0.4188846 0.2278866 0.2439035 0.1087083 0.0000028 0.1299277 0.4301520 0.0000010 0.3041100 0.2439035 0.4695730 0.5891322 0.1087083 0.0000010 0.5305917 0.3848597 0.2936458 0.2439035 0.6774473 0.6072100 0.5173710 0.2439035 0.5891322 0.0000010 0.3848597 0.3802817 0.1087083 0.2439035 0.1087083 0.1087083 0.2565687 0.4251362 0.2439035 0.0000010 0.0000010 0.1087083 0.0000000 0.5891322 0.0000010 0.2439035 0.2439035 0.3848597 0.5891322 0.2439035 0.2439035 0.0000010 0.2439035 0.1137681 0.2278866 0.0959095 0.2565687 0.1087083 0.5073542 0.2948194 0.0000020 0.1087083 0.2439035 0.2439035 0.4251362 0.3848597 0.2439035 0.1087083 0.1079270 0.3983419 0.2439035 0.2439035 0.4231945 0.4251362 0.4387792 1.0421492 0.2439035 0.2439035 0.1087083 0.3848597 0.2439035 1.0091893 0.1299277 0.2948194 0.1199443 0.2439035 
S1180       0.0959963 0.1530611 0.1934976 0.1592734 0.1963864 0.1829039 0.2292879 0.1519774 0.2337720 0.2169858 0.1524829 0.1255691 0.1726419 0.5891322 0.2081442 0.2375323 0.3561121 0.0883057 0.1228793 1.0007234 1.2161766 0.2757992 0.1561105 0.2028135 0.1231421 0.2049725 0.2612494 0.1645237 0.0883057 0.8392443 0.0268253 0.2277801 0.1829039 0.1963864 0.1558899 0.1558899 0.1829039 0.2384976 0.2456788 1.0032488 0.1132999 0.1949649 0.5891322 0.0000000 0.5756035 0.1501716 0.1948297 0.2292879 0.0265083 0.2417966 0.2028135 1.0007234 0.2291659 1.2161766 0.8257147 1.0007234 0.1829039 0.1823028 0.0964240 0.1647346 0.1009079 0.1898974 0.1998508 0.2662659 0.2426502 0.2292879 0.1965918 0.1949649 0.2107617 0.1950642 0.2337720 0.1771735 0.2635699 0.2476051 0.1887432 0.1762462 0.1998508 0.1588040 0.1933919 0.2754294 0.2456788 0.2267475 0.1255691 0.1623085 0.1360439 0.2456788 
S1189       0.3477450 0.7369358 0.5299146 0.4843551 0.4631182 0.3617254 0.5489871 0.5147116 0.4631182 0.4181979 0.3010753 0.4186072 0.6832412 0.0000010 0.5029177 0.5537189 0.8176650 0.6243686 0.3896181 0.2561830 0.5305917 0.6211947 0.4951424 0.4631182 0.6549117 0.6286730 0.5937285 0.4936729 0.6243686 0.1857518 0.4921993 0.7957237 0.3617254 0.4631182 0.3896181 0.3896181 0.4390234 0.6519545 0.5459380 0.1562475 0.5691459 0.4703295 0.0000010 0.5756035 0.0000000 0.4297839 0.4516985 0.5299146 0.6614773 0.5459380 0.4631182 0.2561830 0.4609177 0.1137681 0.2278866 0.3559839 0.4390234 0.4272947 0.5913045 0.4992553 0.3001079 0.3896181 0.4631182 0.5299146 0.5520401 0.5299146 0.4569867 0.4703295 0.3912076 0.6716852 0.4631182 0.3471995 0.5537189 0.6492500 0.5178748 0.7792701 0.4631182 0.4631182 0.3896181 0.5299146 0.5459380 0.8281155 0.4186072 0.5727218 0.4085320 0.4631182 
