132
PAFTOL_019361 0.0000000 0.1777453 0.5506414 0.1929292 0.1773113 0.2181756 0.2184144 0.2472106 0.1669652 0.2207706 0.2604561 0.2151730 0.2438016 0.2142222 0.2479575 0.2121534 0.2206298 0.1656376 0.1678842 0.2184144 0.2060328 0.2165727 0.2073792 0.2547418 0.2001566 0.1998285 0.1695987 0.1909277 0.2125122 0.2262986 0.2087312 0.1508217 0.2089924 0.1871346 0.2184144 0.2096016 0.2020399 0.2063255 0.2382591 0.1850696 0.2097834 0.1760928 0.2181547 0.1764564 0.2250753 0.1928023 0.2142125 0.2252292 0.2218633 0.2010015 0.1350580 0.1638328 0.2128873 0.1643154 0.1334808 0.1762659 0.1801982 0.2401575 0.2262251 0.1707543 0.1591951 0.2017009 0.1498962 0.1573856 0.1511649 0.2245973 0.1749951 0.2066279 0.1721093 0.2566025 0.2155170 0.1556060 0.1556060 0.0000010 0.1643154 0.2024853 0.1404831 0.1630271 0.2429921 0.1852897 0.1870234 0.2078404 0.2133194 0.2358600 0.1880545 0.2098611 0.2272983 0.2261724 0.2184144 0.1808323 0.1856441 0.2116248 0.2249979 0.2184144 0.2227637 0.2425055 0.1668300 0.1611273 0.2253043 0.2046499 0.1851122 0.1793095 0.1847590 0.1707631 0.1775451 0.1685950 0.2389421 0.2158109 0.1643154 0.2486429 0.1715952 0.2194578 0.2240748 0.0000010 0.2091173 0.1534731 0.2201354 0.2042603 0.2039226 0.1706480 0.1905629 0.2095915 0.1557289 0.1673439 0.2133734 0.1563766 0.1707952 0.1732722 0.1815292 0.1516425 0.2109759 0.1642879 
S0055         0.1777453 0.0000000 0.2561818 0.0827386 0.0942386 0.0552643 0.1012220 0.1027120 0.0993277 0.0576597 0.1193179 0.0963573 0.1094277 0.1086575 0.0979420 0.1008536 0.0874631 0.0903409 0.0830713 0.0985215 0.0762540 0.0534802 0.0463926 0.1020834 0.0517148 0.0979660 0.0786370 0.0826961 0.0905371 0.0967242 0.0949187 0.0901729 0.0449971 0.1056867 0.1040284 0.0989322 0.0626150 0.0535958 0.0950727 0.0915596 0.0906447 0.0503151 0.0708447 0.0875609 0.1006730 0.1288900 0.0454009 0.1107053 0.1222813 0.0498423 0.0805340 0.0765119 0.0625974 0.0747896 0.0903342 0.0873945 0.0877386 0.1267294 0.0933450 0.1067939 0.0639036 0.0781945 0.0925343 0.0987289 0.0866664 0.0944963 0.1097007 0.1524619 0.0897428 0.1225903 0.1405777 0.0900850 0.0840965 0.1216704 0.0746287 0.0696741 0.0929250 0.0914183 0.1311347 0.0561332 0.0997281 0.1268780 0.0571741 0.0715332 0.0794082 0.0869062 0.0849738 0.0968825 0.0966965 0.0928001 0.1020425 0.1006434 0.1031968 0.0958664 0.0645614 0.1190364 0.0977813 0.0989211 0.0644239 0.0550270 0.0367843 0.0978137 0.0505868 0.0970727 0.0987751 0.1144597 0.1071170 0.0652527 0.0746287 0.0981522 0.1098726 0.0901481 0.0627328 0.0000010 0.1021769 0.0772933 0.0644014 0.0924331 0.0479631 0.0978603 0.0425832 0.0548455 0.0952402 0.1014794 0.1012333 0.0821067 0.0674639 0.1273947 0.0790245 0.0670014 0.0676983 0.0659275 
S0196sl       0.5506414 0.2561818 0.0000000 0.2561818 0.2561818 0.5551688 0.2561818 0.5551688 0.2561818 0.3469364 0.2561818 0.2561818 0.2561818 0.2561818 0.5551688 0.2561818 0.2561818 0.4166414 0.4021142 0.2561818 0.2561818 0.3036956 0.2561818 0.1783674 0.1069372 0.2561818 0.2561818 0.2561818 0.1069372 0.2561818 0.2561818 0.5551688 0.2561818 0.2561818 0.2561818 0.2561818 0.2561818 0.2561818 0.2561818 0.5551688 0.2561818 0.2561818 0.6217658 0.2561818 0.2561818 0.2561818 0.1069372 0.2561818 0.2561818 0.5574297 0.5551688 0.2561818 0.5551688 0.2561818 0.5551688 0.2561818 0.2561818 0.2561818 0.2561818 0.2561818 0.2561818 0.2561818 0.5551688 0.3469364 0.5551688 0.2561818 0.2561818 0.2561818 0.2561818 0.2561818 0.2561818 0.5551688 0.5551688 0.0000010 0.2561818 0.2561818 0.5551688 0.4166414 0.2561818 0.2561818 0.4166414 0.2561818 0.5551688 0.2561818 0.2561818 0.2561818 0.2561818 0.2561818 0.2561818 0.2561818 0.2561818 0.2561818 0.2561818 0.2561818 0.2561818 0.2561818 0.4166414 0.2561818 0.5551688 0.2561818 0.2561818 0.2561818 0.2561818 0.2561818 0.2561818 0.2561818 0.5551688 0.2561818 0.2561818 0.4166414 0.2561818 0.2561818 0.8095141 0.0000010 0.2561818 0.2561818 0.2561818 0.2561818 0.2561818 0.2561818 0.2561818 0.2561818 0.4166414 0.4166414 0.2561818 0.5551688 0.2561818 0.2561818 0.4607391 0.2561818 0.2561818 0.4166414 
S0278         0.1929292 0.0827386 0.2561818 0.0000000 0.0758246 0.0757774 0.0892841 0.0412718 0.0771431 0.0799678 0.1198410 0.0315497 0.0962334 0.0845955 0.0413572 0.0928362 0.0311239 0.0746526 0.0938530 0.0804962 0.0926053 0.0839507 0.0757891 0.0539109 0.0723620 0.0249414 0.0525215 0.0982238 0.0412691 0.0848589 0.0414625 0.0956305 0.0836871 0.0854894 0.0809847 0.0277028 0.0870391 0.0760431 0.0344401 0.0706929 0.0649414 0.0632145 0.0864272 0.0566864 0.0804962 0.1147065 0.0640349 0.0885947 0.0949072 0.0832994 0.0837071 0.0598120 0.0941818 0.0528471 0.0779854 0.0566260 0.0495445 0.0989378 0.0761190 0.0455575 0.0639723 0.0692378 0.0843246 0.0882367 0.0881110 0.1010472 0.0601051 0.1152877 0.0971099 0.1038772 0.1329168 0.0957776 0.1002782 0.0000010 0.0490513 0.0494914 0.0842598 0.0829521 0.0983187 0.0850625 0.0868403 0.1209250 0.0758487 0.1050343 0.0798172 0.0246525 0.0724787 0.0724386 0.0804962 0.0536107 0.0217559 0.0988682 0.0882991 0.0804962 0.0818270 0.1017331 0.0766597 0.0736461 0.0795480 0.0832300 0.0722070 0.0844201 0.0766714 0.0473553 0.0809969 0.0813148 0.0483297 0.0961172 0.0526346 0.0484146 0.0642711 0.0721351 0.0991710 0.0000010 0.1045822 0.0724932 0.0957967 0.0379027 0.0594491 0.0420644 0.0638132 0.0787657 0.0725215 0.0829246 0.0645735 0.0873495 0.0675455 0.0918612 0.0418625 0.0647531 0.0961984 0.0675455 
S0281         0.1773113 0.0942386 0.2561818 0.0758246 0.0000000 0.1037986 0.0873676 0.1212642 0.1028162 0.1050725 0.1603820 0.1121667 0.0864265 0.1060846 0.1138680 0.0867038 0.1071505 0.0991059 0.0693669 0.0845121 0.1193579 0.0975153 0.0917426 0.1209498 0.0938205 0.1097793 0.0604889 0.1062087 0.0820723 0.0827727 0.1104764 0.0927343 0.1084931 0.1013819 0.0875100 0.1085063 0.0936801 0.0983737 0.1045536 0.1095751 0.1061024 0.0868614 0.1141317 0.0608335 0.0865490 0.1374637 0.0967015 0.0959085 0.1277365 0.0975358 0.0709971 0.0549957 0.1078907 0.0568659 0.1010151 0.0607176 0.1126764 0.1268642 0.0965933 0.1221114 0.0762982 0.0847374 0.0836043 0.0931503 0.0855894 0.1267812 0.0731808 0.1568404 0.0949716 0.0988227 0.1141811 0.0787571 0.0787268 0.1550742 0.0567496 0.0620107 0.0876423 0.0922475 0.1305301 0.0905604 0.1135200 0.1426383 0.0999828 0.1149914 0.0991745 0.1026329 0.0966825 0.0960952 0.0827481 0.1101148 0.1187173 0.1138581 0.0889001 0.0884596 0.1030206 0.1216546 0.0988224 0.1027099 0.0895161 0.1033255 0.0995222 0.1090669 0.0941540 0.1142771 0.0982571 0.1248905 0.1215975 0.1137195 0.0567496 0.1141002 0.0713519 0.1021539 0.1103103 0.0000010 0.1071449 0.0884115 0.1083053 0.1087496 0.0932432 0.1146744 0.0868596 0.0955247 0.1022544 0.1086945 0.1110266 0.0831035 0.0841765 0.1435539 0.0742602 0.0799215 0.1104010 0.0859355 
S0282         0.2181756 0.0552643 0.5551688 0.0757774 0.1037986 0.0000000 0.1054635 0.1000448 0.0996908 0.0174348 0.1035962 0.0956772 0.1114648 0.1154201 0.0973700 0.1112874 0.0956600 0.0940585 0.0972224 0.1048348 0.0866187 0.0140702 0.0173961 0.1023322 0.0630270 0.1022689 0.0786564 0.0851110 0.0913532 0.1030258 0.0990170 0.0958766 0.0576887 0.1097955 0.1060629 0.0967779 0.0373181 0.0274568 0.0952997 0.0988649 0.0926192 0.0572302 0.0254768 0.0897348 0.1070209 0.1366008 0.0577701 0.1127668 0.1148829 0.0238750 0.0906457 0.0765311 0.0221528 0.0748087 0.1069274 0.0895645 0.0963182 0.1198707 0.0933242 0.1142178 0.0693104 0.0842476 0.0990849 0.0984924 0.0943237 0.0795389 0.1160248 0.1513308 0.0913073 0.1235485 0.1410202 0.1024674 0.0915617 0.1380147 0.0746478 0.0592504 0.0965448 0.0954982 0.1358822 0.0651626 0.1040838 0.1254897 0.0238195 0.0541285 0.0811445 0.0937733 0.0934470 0.0988807 0.1029970 0.0967846 0.0977728 0.1006635 0.1096029 0.1057695 0.0306208 0.1190538 0.0973370 0.1016286 0.0208578 0.0238791 0.0633385 0.0952695 0.0649272 0.1037202 0.0948525 0.1150406 0.1022476 0.0483524 0.0746478 0.1024615 0.1162082 0.1013367 0.0222003 0.7412730 0.1039885 0.0834424 0.0393286 0.0969976 0.0428875 0.1005070 0.0340026 0.0697423 0.0929270 0.1033739 0.0990128 0.0858961 0.0728859 0.1197142 0.0765336 0.0730760 0.0736840 0.0731656 
S0288         0.2184144 0.1012220 0.2561818 0.0892841 0.0873676 0.1054635 0.0000000 0.1141508 0.1092755 0.1087760 0.1543275 0.1078482 0.0190250 0.0680979 0.1091892 0.0125187 0.0961350 0.0944299 0.1051091 0.0109260 0.1243112 0.1074629 0.0950559 0.1137887 0.0868924 0.1006721 0.0698217 0.1174859 0.0924756 0.0093665 0.0992114 0.1012686 0.1019671 0.0735589 0.0126308 0.1035350 0.1137632 0.1085714 0.0995847 0.0985070 0.0964690 0.0914006 0.1207358 0.0907786 0.0125258 0.1485848 0.0913257 0.0192182 0.1183192 0.0990937 0.0920532 0.0677414 0.1137310 0.0660168 0.1057148 0.0864239 0.1056265 0.0911720 0.0952310 0.1145305 0.0774917 0.0470567 0.1041043 0.1031704 0.0992287 0.1313836 0.1041454 0.1539979 0.1004866 0.0597918 0.0997069 0.1012218 0.0902843 0.1424440 0.0658756 0.0784725 0.1001672 0.1027131 0.0857044 0.1051289 0.1155177 0.1399650 0.1097318 0.1229743 0.1012181 0.0940759 0.0933519 0.0947368 0.0093628 0.0963413 0.1045865 0.0873018 0.0141803 0.0158269 0.1007780 0.0801493 0.1039556 0.1121507 0.1034154 0.1071110 0.0948518 0.1110061 0.0998935 0.1091874 0.1086532 0.1273394 0.1095991 0.1154823 0.0658756 0.1070877 0.1021619 0.1013951 0.1184858 8.9999985 0.1046235 0.0942476 0.1163675 0.0993878 0.0968128 0.1055815 0.0942116 0.0983795 0.1063230 0.1036910 0.1053110 0.0964230 0.0855082 0.1324191 0.0776911 0.0837381 0.1152322 0.0815068 
S0289         0.2472106 0.1027120 0.5551688 0.0412718 0.1212642 0.1000448 0.1141508 0.0000000 0.1088752 0.1074702 0.1528957 0.0345284 0.1220665 0.1206573 0.0124145 0.1109637 0.0361207 0.0935919 0.1009463 0.1129593 0.1234455 0.1020449 0.0962710 0.0421881 0.0958971 0.0343799 0.0867507 0.1227072 0.0513858 0.1111106 0.0433580 0.1151739 0.1079766 0.1214018 0.1188914 0.0322182 0.1221931 0.1123334 0.0306262 0.0580838 0.0685216 0.0831585 0.1122739 0.0983814 0.1130179 0.1621689 0.0900476 0.1259210 0.1241207 0.1044960 0.1130958 0.0886779 0.1059358 0.0827352 0.1249866 0.0981916 0.0568598 0.1424931 0.0710735 0.0688212 0.0865717 0.0979275 0.1129916 0.1123749 0.1040825 0.1322582 0.1291688 0.1679944 0.1151288 0.1374928 0.1628348 0.1176048 0.1040278 0.1647179 0.0825510 0.0669900 0.1166466 0.1071578 0.1502385 0.1154127 0.1125427 0.1531169 0.1084071 0.1342945 0.0969323 0.0274829 0.0650957 0.0766575 0.1110803 0.0589929 0.0487854 0.1212866 0.1133769 0.1204400 0.1037389 0.1358052 0.1107516 0.1118341 0.1059992 0.1044983 0.0988299 0.1109673 0.1034934 0.0606291 0.1104065 0.1319716 0.0123968 0.1261513 0.0825510 0.0362348 0.1293798 0.0729023 0.1130262 0.0000010 0.1103676 0.0939341 0.1118501 0.0413407 0.0974615 0.0687029 0.0978910 0.0893453 0.1082721 0.1126734 0.0731107 0.1042462 0.0906495 0.1458579 0.0867401 0.0811237 0.1055299 0.0846163 
S0292         0.1669652 0.0993277 0.2561818 0.0771431 0.1028162 0.0996908 0.1092755 0.1088752 0.0000000 0.1073610 0.1531729 0.0998996 0.1148461 0.1241813 0.1016292 0.1101917 0.0836369 0.0651074 0.0622899 0.1059874 0.1114261 0.1039571 0.0937017 0.1105062 0.0865545 0.0898996 0.0739856 0.1252272 0.0841877 0.1041599 0.0904992 0.0769666 0.0916981 0.1080782 0.1117251 0.0893690 0.1099239 0.1070673 0.0941268 0.0974018 0.0992525 0.0782479 0.1031122 0.0746482 0.1082005 0.1214966 0.0872423 0.1162032 0.0958090 0.0955973 0.0583227 0.0718671 0.1081904 0.0701282 0.0857955 0.0745029 0.0962883 0.1351653 0.1001977 0.1055296 0.0482296 0.0971120 0.0679108 0.0712367 0.0711242 0.1346121 0.1163069 0.1366301 0.0760315 0.1239268 0.1389364 0.0786596 0.0706900 0.1382967 0.0699776 0.0706377 0.0737056 0.0707775 0.1418318 0.1167358 0.0503547 0.1221789 0.1082429 0.1262347 0.0600774 0.0909915 0.0982814 0.1018413 0.1041307 0.0938434 0.0997702 0.1187195 0.1108187 0.1083640 0.1029203 0.1312180 0.0642734 0.0141548 0.1111744 0.1026403 0.1008007 0.0548740 0.1091382 0.0972007 0.0172219 0.0239197 0.1079690 0.1224847 0.0699776 0.1019477 0.1164905 0.0978416 0.1104733 0.0000010 0.0592395 0.0561615 0.1174522 0.0933559 0.1012611 0.1048274 0.0948533 0.0891037 0.0639185 0.0709059 0.0972592 0.0651750 0.0555043 0.1364327 0.0656053 0.0456794 0.1039260 0.0501106 
S0293         0.2207706 0.0576597 0.3469364 0.0799678 0.1050725 0.0174348 0.1087760 0.1074702 0.1073610 0.0000000 0.1062719 0.1081464 0.1194039 0.1145086 0.1046879 0.1146837 0.1029592 0.0953760 0.1050161 0.1081192 0.0986374 0.0141903 0.0158381 0.1097701 0.0636705 0.1097593 0.0834072 0.0902071 0.0916400 0.1042621 0.1063484 0.0970432 0.0583005 0.1219889 0.1139098 0.1061987 0.0411659 0.0294248 0.1025618 0.1061792 0.0997722 0.0638965 0.0326886 0.0947843 0.1103448 0.1431435 0.0619745 0.1208213 0.1194668 0.0241212 0.1004311 0.0812256 0.0240172 0.0794789 0.1076107 0.0946029 0.1060065 0.1275279 0.1005442 0.1196444 0.0721624 0.0911627 0.1025942 0.1018004 0.0977148 0.0891348 0.1215450 0.1656719 0.0947448 0.1285685 0.1416407 0.1060205 0.0948743 0.1512798 0.0793052 0.0631053 0.1028143 0.0988852 0.1351344 0.0701677 0.1076531 0.1389550 0.0257105 0.0547345 0.0842332 0.0981933 0.1006799 0.1041780 0.1062578 0.1041908 0.1073040 0.1126612 0.1129838 0.1090950 0.0361094 0.1292910 0.1010072 0.1093442 0.0179034 0.0290590 0.0702351 0.1031533 0.0699087 0.1139226 0.1023386 0.1207999 0.1119440 0.0506478 0.0793052 0.1099637 0.1217404 0.1087413 0.0240693 0.7412730 0.1076186 0.0865891 0.0414749 0.1021779 0.0450921 0.1148805 0.0394756 0.0724305 0.0984422 0.1048068 0.1085154 0.0889842 0.0757973 0.1324501 0.0812666 0.0760720 0.0766970 0.0780754 
S0294         0.2604561 0.1193179 0.2561818 0.1198410 0.1603820 0.1035962 0.1543275 0.1528957 0.1531729 0.1062719 0.0000000 0.1574075 0.1526976 0.1659333 0.1531250 0.1584079 0.1477285 0.1462057 0.0978331 0.1432051 0.1442640 0.1059493 0.0975047 0.1589449 0.1105886 0.1531622 0.1225001 0.1370079 0.1277478 0.1513779 0.1524757 0.1339737 0.1196563 0.1598964 0.1520490 0.1485595 0.1125698 0.1112843 0.1493262 0.1688843 0.1312504 0.0990281 0.1132570 0.1391877 0.1456803 0.1933158 0.1087097 0.1572048 0.1563048 0.1056538 0.1300161 0.1203127 0.1169154 0.1227064 0.1492896 0.1317166 0.1581523 0.1685877 0.1336672 0.1761218 0.1100351 0.1415833 0.1361557 0.1233065 0.1320311 0.0840459 0.1636102 0.2134555 0.1304174 0.1815262 0.1869372 0.1432676 0.1309249 0.1927001 0.1224102 0.1136405 0.1474590 0.1458403 0.1843563 0.1224530 0.1628226 0.1883677 0.1062854 0.1259538 0.1340954 0.1399544 0.1338672 0.1397072 0.1457122 0.1473815 0.1531153 0.1592548 0.1516128 0.1619294 0.1094173 0.1675281 0.1436495 0.1539359 0.1083437 0.1098529 0.1106717 0.1560595 0.1306164 0.1545533 0.1455644 0.1688702 0.1458044 0.1203092 0.1224102 0.1484269 0.1638947 0.1426208 0.1121522 0.7412730 0.1642924 0.1360250 0.1132273 0.1418255 0.1097132 0.1628795 0.0987889 0.1176947 0.1455336 0.1503220 0.1400405 0.1259931 0.1190234 0.1758630 0.1306887 0.1194916 0.1217058 0.1166968 
S0299         0.2151730 0.0963573 0.2561818 0.0315497 0.1121667 0.0956772 0.1078482 0.0345284 0.0998996 0.1081464 0.1574075 0.0000000 0.1135018 0.1145032 0.0344069 0.1088677 0.0327338 0.0931765 0.0926597 0.1067247 0.1131454 0.1026762 0.0920401 0.0349500 0.0870523 0.0327063 0.0810861 0.1238379 0.0445993 0.1048820 0.0398986 0.1035342 0.1010433 0.1123940 0.1125240 0.0205733 0.1177011 0.1079023 0.0306532 0.0585682 0.0669884 0.0731404 0.1161696 0.0878349 0.1089588 0.1454864 0.0838768 0.1172054 0.1208184 0.1001902 0.1078549 0.0830021 0.1082917 0.0771070 0.1175229 0.0876640 0.0555557 0.1224350 0.0695313 0.0650978 0.0783327 0.0900093 0.1113468 0.1105894 0.1024393 0.1291533 0.1180013 0.1439441 0.1033626 0.1063743 0.1568240 0.1149823 0.1059131 0.1481593 0.0769358 0.0564571 0.1068161 0.0933614 0.1356273 0.1082246 0.1016795 0.1392006 0.1042472 0.1292490 0.0923126 0.0258359 0.0635475 0.0730695 0.1048525 0.0517003 0.0381925 0.1163292 0.1071189 0.1118084 0.0992081 0.1193930 0.1014332 0.0998338 0.1122008 0.0954841 0.0946445 0.0997803 0.1014685 0.0530929 0.1014426 0.1181027 0.0344027 0.1169437 0.0769358 0.0292445 0.1181911 0.0713670 0.1134641 0.0000010 0.0969734 0.0896574 0.1116053 0.0379154 0.0980113 0.0613384 0.0936614 0.0883650 0.0946759 0.1121664 0.0772324 0.0958481 0.0823209 0.1429872 0.0766854 0.0769156 0.1084042 0.0804841 
S0303         0.2438016 0.1094277 0.2561818 0.0962334 0.0864265 0.1114648 0.0190250 0.1220665 0.1148461 0.1194039 0.1526976 0.1135018 0.0000000 0.0676342 0.1170150 0.0189019 0.1038025 0.0998199 0.1095809 0.0108336 0.1320819 0.1179491 0.1074916 0.1218067 0.0977879 0.1084094 0.0730885 0.1238859 0.1028527 0.0124957 0.1090768 0.1067227 0.1102372 0.0771448 0.0141559 0.1090645 0.1243759 0.1191762 0.1072361 0.1084829 0.1041943 0.0972124 0.1379641 0.0937001 0.0124192 0.1543911 0.0994046 0.0125461 0.1192669 0.1094057 0.1011514 0.0709993 0.1243408 0.0692815 0.1093064 0.0893568 0.1157788 0.0898657 0.1029964 0.1300571 0.0808189 0.0522192 0.1055284 0.1086289 0.0978357 0.1330291 0.1048952 0.1576060 0.1103866 0.0699027 0.0951829 0.1066770 0.0979333 0.1429170 0.0691336 0.0925255 0.1056650 0.1034230 0.0935361 0.1135189 0.1210207 0.1481465 0.1202801 0.1296520 0.1066707 0.1017258 0.1011090 0.1024638 0.0092836 0.1086939 0.1123422 0.0908387 0.0173406 0.0190024 0.1067081 0.0815819 0.1094563 0.1127813 0.1233471 0.1132090 0.1004853 0.1165694 0.1081310 0.1173953 0.1141924 0.1331932 0.1152399 0.1262604 0.0691336 0.1148910 0.1029308 0.1092319 0.1241280 0.0000010 0.1101553 0.0996263 0.1270735 0.1091710 0.1049308 0.1136036 0.1043507 0.1064842 0.1118497 0.1091749 0.1131820 0.1019589 0.0888513 0.1394219 0.0829902 0.0869010 0.1237391 0.0867808 
S0308         0.2142222 0.1086575 0.2561818 0.0845955 0.1060846 0.1154201 0.0680979 0.1206573 0.1241813 0.1145086 0.1659333 0.1145032 0.0676342 0.0000000 0.1223175 0.0670717 0.1088635 0.1070066 0.1023316 0.0618206 0.1222819 0.1174749 0.1089384 0.1250871 0.0974554 0.1116556 0.0880301 0.1231873 0.0906585 0.0601822 0.1122955 0.1207570 0.1138514 0.0755785 0.0664007 0.1165218 0.1262801 0.1167811 0.1082021 0.1073672 0.1154539 0.1006080 0.1331487 0.1053982 0.0637415 0.1605821 0.1026169 0.0723481 0.1380728 0.1129791 0.1073002 0.0817089 0.1197127 0.0840393 0.1219291 0.1008613 0.1141943 0.0760330 0.1138033 0.1356588 0.0975974 0.0508814 0.1146347 0.1206017 0.1077218 0.1439949 0.1198315 0.1711067 0.1214708 0.0632395 0.1123755 0.1184411 0.1115795 0.1666136 0.0838527 0.0808920 0.1169850 0.1179214 0.0714357 0.1110594 0.1275756 0.1543088 0.1175398 0.1338554 0.1161867 0.1067540 0.1123804 0.1178391 0.0580855 0.1096853 0.1115721 0.0853020 0.0678110 0.0698890 0.1146852 0.0734221 0.1174572 0.1269374 0.1106024 0.1148790 0.1045221 0.1262971 0.1021611 0.1121723 0.1280798 0.1379981 0.1299671 0.1259773 0.0838527 0.1201566 0.1177896 0.1177728 0.1223461 0.0000010 0.1171284 0.1088832 0.1270851 0.1091586 0.1042534 0.1145561 0.1015398 0.1031144 0.1172332 0.1211701 0.1247651 0.1155944 0.1060249 0.1435998 0.0894770 0.0961145 0.1163946 0.0956268 
S0320         0.2479575 0.0979420 0.5551688 0.0413572 0.1138680 0.0973700 0.1091892 0.0124145 0.1016292 0.1046879 0.1531250 0.0344069 0.1170150 0.1223175 0.0000000 0.1060880 0.0342171 0.0972213 0.1009463 0.1080590 0.1212417 0.0950539 0.0936272 0.0420358 0.0909716 0.0342594 0.0782029 0.1206383 0.0514941 0.1062274 0.0413712 0.1102377 0.1051787 0.1182324 0.1138472 0.0321067 0.1192585 0.1094852 0.0321905 0.0559404 0.0682643 0.0787254 0.1088498 0.0894251 0.1081152 0.1563370 0.0833045 0.1207567 0.1267437 0.1017660 0.1105039 0.0800910 0.1072655 0.0742893 0.1220850 0.0892521 0.0547056 0.1418884 0.0708041 0.0665260 0.0821176 0.0952770 0.1131499 0.1147701 0.1042264 0.1324578 0.1293538 0.1672586 0.1100246 0.1378319 0.1570445 0.1167803 0.1033113 0.1517004 0.0741277 0.0671379 0.1116323 0.1023198 0.1471885 0.1125117 0.1076651 0.1499307 0.1056413 0.1331458 0.0962621 0.0273877 0.0648511 0.0763656 0.1061980 0.0568076 0.0486098 0.1180697 0.1084554 0.1153940 0.1010343 0.1352388 0.1058022 0.1044809 0.1062452 0.1017685 0.0941060 0.1036796 0.1007473 0.0583723 0.1031640 0.1241959 0.0124098 0.1231403 0.0741277 0.0361076 0.1295654 0.0726256 0.1102022 0.0000010 0.1054420 0.0893199 0.1090166 0.0411942 0.0948243 0.0684444 0.0909874 0.0872731 0.0989627 0.1095275 0.0728324 0.0951763 0.0861338 0.1403354 0.0822745 0.0766264 0.1035440 0.0842916 
S0322         0.2121534 0.1008536 0.2561818 0.0928362 0.0867038 0.1112874 0.0125187 0.1109637 0.1101917 0.1146837 0.1584079 0.1088677 0.0189019 0.0670717 0.1060880 0.0000000 0.0972233 0.0976358 0.1035629 0.0108573 0.1259252 0.1132974 0.1007983 0.1147775 0.0890540 0.0978250 0.0733247 0.1123454 0.0994848 0.0093075 0.1004042 0.1023113 0.1056517 0.0732823 0.0141873 0.1045656 0.1196440 0.1144671 0.1006427 0.0997237 0.0976703 0.0949767 0.1285963 0.0940039 0.0124464 0.1385194 0.0909989 0.0190926 0.1151162 0.1008371 0.0885425 0.0712284 0.1196104 0.0695057 0.1025932 0.0896461 0.1047740 0.0924513 0.0964470 0.1205524 0.0750181 0.0449857 0.1051341 0.1043383 0.0963072 0.1337766 0.1033168 0.1437542 0.1017928 0.0629099 0.0969393 0.1022650 0.0936414 0.1318984 0.0693569 0.0852324 0.1012265 0.1059080 0.0892399 0.1066211 0.1163691 0.1323753 0.1155922 0.1290365 0.1044297 0.0951784 0.0925822 0.0959506 0.0093039 0.0979077 0.1056179 0.0808007 0.0140893 0.0157251 0.1065418 0.0814680 0.1071828 0.1130495 0.1155064 0.1107742 0.0925112 0.1119061 0.0973588 0.1080762 0.1095696 0.1281155 0.1064814 0.1214480 0.0693569 0.1081048 0.1013502 0.1025765 0.1244208 0.0000010 0.1035212 0.0974478 0.1181243 0.0963270 0.1025563 0.1045349 0.0999015 0.0997787 0.1095542 0.1028702 0.1024433 0.0974924 0.0829303 0.1257378 0.0808942 0.0870072 0.1146441 0.0808928 
S0327         0.2206298 0.0874631 0.2561818 0.0311239 0.1071505 0.0956600 0.0961350 0.0361207 0.0836369 0.1029592 0.1477285 0.0327338 0.1038025 0.1088635 0.0342171 0.0972233 0.0000000 0.0884750 0.0692976 0.0951527 0.1079856 0.0976412 0.0872052 0.0366152 0.0779235 0.0325227 0.0721250 0.1116723 0.0343276 0.0933484 0.0272703 0.0970767 0.0943169 0.1067551 0.1006204 0.0304700 0.1123939 0.1027317 0.0288218 0.0396527 0.0585294 0.0726020 0.1032232 0.0770371 0.0973016 0.1506642 0.0707606 0.1072903 0.1207412 0.0952149 0.0966053 0.0720638 0.1033271 0.0682776 0.1037864 0.0787988 0.0436218 0.1262639 0.0609239 0.0508586 0.0719832 0.0802018 0.0998102 0.0991415 0.0912155 0.1225220 0.1134690 0.1562472 0.0986331 0.1132094 0.1449045 0.0993489 0.0906944 0.1515507 0.0681300 0.0487901 0.0954866 0.0913344 0.1304963 0.1037607 0.0923809 0.1443288 0.1039302 0.1216220 0.0854293 0.0223905 0.0551548 0.0643812 0.0933211 0.0398077 0.0412303 0.1107324 0.0954984 0.1021794 0.0945382 0.1200588 0.0967145 0.0862370 0.1030422 0.0952178 0.0856850 0.0898166 0.0922904 0.0446039 0.0851820 0.1049615 0.0378304 0.1119362 0.0681300 0.0308724 0.1136504 0.0627111 0.1084855 0.0000010 0.0966579 0.0828728 0.1042783 0.0306619 0.0845180 0.0491081 0.0827381 0.0770946 0.0921252 0.1019075 0.0683824 0.0866822 0.0758868 0.1313683 0.0721155 0.0723494 0.0990059 0.0702968 
S0335         0.1656376 0.0903409 0.4166414 0.0746526 0.0991059 0.0940585 0.0944299 0.0935919 0.0651074 0.0953760 0.1462057 0.0931765 0.0998199 0.1070066 0.0972213 0.0976358 0.0884750 0.0000000 0.0437264 0.0914378 0.1106826 0.0894240 0.0843161 0.0973318 0.0808979 0.0901848 0.0670440 0.1078832 0.0777847 0.0896697 0.0833617 0.0683516 0.0806885 0.1105245 0.0945166 0.0869993 0.1003385 0.0949987 0.0919952 0.1030147 0.0961242 0.0731898 0.0985596 0.0794686 0.0935312 0.1169083 0.0865429 0.0987243 0.0795912 0.0861666 0.0514059 0.0669902 0.0986271 0.0633096 0.0788188 0.0833670 0.0959014 0.1260772 0.0970294 0.1112812 0.0355672 0.0894699 0.0669859 0.0646403 0.0628640 0.1166305 0.1123125 0.1399426 0.0613875 0.1168551 0.1306543 0.0665000 0.0588772 0.1139728 0.0631767 0.0694023 0.0652671 0.0485026 0.1289524 0.1042940 0.0590986 0.1128810 0.1004080 0.1157447 0.0466901 0.0826343 0.0951386 0.0943970 0.0896435 0.0933536 0.0971281 0.1214667 0.0959676 0.0982664 0.0935933 0.1222363 0.0437413 0.0654976 0.1053086 0.0891908 0.0932738 0.0582082 0.0991107 0.1008253 0.0667158 0.0806895 0.1033735 0.1101455 0.0631767 0.0912193 0.1104759 0.0987056 0.1008310 0.0000010 0.0601997 0.0394502 0.1027023 0.0917583 0.0898993 0.1042581 0.0895011 0.0858525 0.0471471 0.0238224 0.0987889 0.0516607 0.0425041 0.1113976 0.0683617 0.0329190 0.0988474 0.0338863 
S0345         0.1678842 0.0830713 0.4021142 0.0938530 0.0693669 0.0972224 0.1051091 0.1009463 0.0622899 0.1050161 0.0978331 0.0926597 0.1095809 0.1023316 0.1009463 0.1035629 0.0692976 0.0437264 0.0000000 0.0954705 0.0817071 0.1055058 0.0901173 0.1403087 0.0705230 0.0911271 0.0748018 0.0749890 0.0831268 0.1031833 0.0742741 0.0607494 0.0705010 0.1034036 0.0964645 0.0906445 0.1045305 0.1038896 0.0982613 0.1114932 0.0687589 0.0384428 0.1375454 0.0813945 0.1025026 0.1474665 0.0639667 0.1024597 0.0869634 0.0965309 0.0430458 0.0623322 0.1266307 0.0753074 0.0489016 0.0883236 0.0995242 0.0893130 0.0630314 0.0984651 0.0372034 0.0685222 0.0492237 0.0430458 0.0492269 0.0888531 0.0868079 0.1644240 0.0620854 0.0832007 0.0956371 0.0432657 0.0319579 0.0000010 0.0683370 0.0701526 0.0370082 0.0493301 0.0894567 0.0505657 0.0493301 0.1568958 0.1114382 0.1222011 0.0428803 0.0911375 0.0573657 0.0637951 0.0954705 0.0982325 0.0985008 0.0897723 0.1090067 0.0954705 0.1027917 0.0882057 0.0207833 0.0633823 0.1105978 0.0890467 0.0452527 0.0558871 0.0631805 0.0963079 0.0569036 0.0622899 0.0941565 0.1177503 0.0747720 0.1239124 0.0868079 0.0570123 0.1135863 0.0000010 0.0742769 0.0319396 0.1038363 0.0964988 0.0887238 0.0837942 0.0691661 0.0560564 0.0323763 0.0319497 0.0570123 0.0548231 0.0490947 0.0947923 0.0495254 0.0321318 0.0763039 0.0316895 
S0355         0.2184144 0.0985215 0.2561818 0.0804962 0.0845121 0.1048348 0.0109260 0.1129593 0.1059874 0.1081192 0.1432051 0.1067247 0.0108336 0.0618206 0.1080590 0.0108573 0.0951527 0.0914378 0.0954705 0.0000000 0.1203817 0.1068221 0.0966247 0.1125855 0.0866979 0.0996367 0.0675085 0.1145223 0.0870862 0.0046141 0.0982050 0.0981521 0.0992407 0.0711789 0.0061948 0.1024793 0.1130812 0.1079170 0.0985712 0.0974970 0.0896039 0.0849992 0.1169785 0.0878297 0.0015229 0.1446295 0.0887269 0.0109408 0.1147283 0.0985064 0.0859859 0.0654569 0.1130493 0.0637451 0.1024104 0.0835511 0.1045290 0.0836350 0.0883436 0.1183479 0.0729082 0.0431026 0.1009207 0.0960576 0.0933904 0.1213890 0.1009591 0.1452861 0.0993948 0.0519583 0.0946294 0.0981054 0.0895782 0.1417933 0.0636103 0.0735728 0.0970401 0.0950016 0.0831754 0.1023425 0.1121879 0.1384687 0.1050164 0.1222183 0.0981031 0.0931157 0.0864938 0.0878891 0.0015233 0.0976784 0.0994672 0.0845343 0.0093131 0.0109135 0.1001823 0.0755069 0.1007787 0.1039605 0.1026525 0.1043531 0.0898725 0.1076996 0.0971906 0.1057877 0.1053916 0.1237460 0.1084604 0.1147807 0.0636103 0.1059809 0.0990037 0.0943736 0.1128620 0.0000010 0.1014191 0.0912645 0.1156667 0.0964845 0.0941679 0.1024147 0.0916783 0.0957289 0.1031001 0.1005261 0.0982152 0.0934005 0.0807617 0.1298672 0.0749798 0.0786839 0.1145331 0.0787400 
S0376         0.2060328 0.0762540 0.2561818 0.0926053 0.1193579 0.0866187 0.1243112 0.1234455 0.1114261 0.0986374 0.1442640 0.1131454 0.1320819 0.1222819 0.1212417 0.1259252 0.1079856 0.1106826 0.0817071 0.1203817 0.0000000 0.0897608 0.0848911 0.1377765 0.0843921 0.1111416 0.1077819 0.0367634 0.1090442 0.1208470 0.1112138 0.1168193 0.0813274 0.1308607 0.1182233 0.1164787 0.0997349 0.0891124 0.1147987 0.1218001 0.1156670 0.0739267 0.1029502 0.1041531 0.1175584 0.1502912 0.0771356 0.1206437 0.1428880 0.0891383 0.0945917 0.0994702 0.0948657 0.1025869 0.1022450 0.1064973 0.1139939 0.1500858 0.1168081 0.1236088 0.0886968 0.0905826 0.0948054 0.1052062 0.1054382 0.0932643 0.1234825 0.1703854 0.1288453 0.1290793 0.1617874 0.1045493 0.1020511 0.1640595 0.0996337 0.0823970 0.1030067 0.1157383 0.1518656 0.0773872 0.1098076 0.1545089 0.0940748 0.1093251 0.1101652 0.1097250 0.1130436 0.1240413 0.1180291 0.1207923 0.1301769 0.1341656 0.1266361 0.1198068 0.0937508 0.1483722 0.1111583 0.1124751 0.0927246 0.0836258 0.0779392 0.1056209 0.0721205 0.1147929 0.1133716 0.1252930 0.1202383 0.1029120 0.0998306 0.1313304 0.1237305 0.1151249 0.0902081 0.0000010 0.1096435 0.0996310 0.0949506 0.1210345 0.0761377 0.1202778 0.0744836 0.0768514 0.1110409 0.1159672 0.1206125 0.1025513 0.0934751 0.1317147 0.1003936 0.0876167 0.0497818 0.0912800 
S0400         0.2165727 0.0534802 0.3036956 0.0839507 0.0975153 0.0140702 0.1074629 0.1020449 0.1039571 0.0141903 0.1059493 0.1026762 0.1179491 0.1174749 0.0950539 0.1132974 0.0976412 0.0894240 0.1055058 0.1068221 0.0897608 0.0000000 0.0157815 0.1021365 0.0571236 0.1042788 0.0765363 0.0851668 0.0916243 0.1050119 0.1009948 0.0960707 0.0558765 0.1162841 0.1125195 0.1008526 0.0373370 0.0257876 0.0972714 0.1008382 0.0945706 0.0595471 0.0188396 0.0875071 0.1090169 0.1417737 0.0558036 0.1193334 0.1185336 0.0222372 0.0939706 0.0744313 0.0205279 0.0727160 0.1071518 0.0873410 0.1005851 0.1265669 0.0952908 0.1162853 0.0694500 0.0861627 0.0992876 0.0965495 0.0945157 0.0839692 0.1202668 0.1610934 0.0914992 0.1331023 0.1431753 0.1026752 0.0917469 0.1422792 0.0725605 0.0668285 0.1017589 0.0956909 0.1380123 0.0656619 0.1042938 0.1348966 0.0189482 0.0523279 0.0813081 0.0957512 0.0954170 0.1008557 0.1049830 0.0987892 0.1018910 0.1070958 0.1116155 0.1077750 0.0323631 0.1257003 0.0997899 0.1059079 0.0210142 0.0271723 0.0657229 0.0998226 0.0654229 0.1081779 0.0990456 0.1193109 0.1064153 0.0465895 0.0725605 0.1044732 0.1204579 0.1033262 0.0205715 0.7412730 0.1042029 0.0836113 0.0376119 0.0989694 0.0411515 0.1092621 0.0356739 0.0678573 0.0952063 0.1006489 0.1031122 0.0859518 0.0730323 0.1218366 0.0809164 0.0732268 0.0757962 0.0752602 
S0405         0.2073792 0.0463926 0.2561818 0.0757891 0.0917426 0.0173961 0.0950559 0.0962710 0.0937017 0.0158381 0.0975047 0.0920401 0.1074916 0.1089384 0.0936272 0.1007983 0.0872052 0.0843161 0.0901173 0.0966247 0.0848911 0.0157815 0.0000000 0.0935567 0.0515463 0.0936501 0.0710354 0.0793472 0.0913637 0.0948285 0.0905508 0.0861225 0.0486764 0.1078335 0.1020941 0.0904202 0.0272626 0.0159186 0.0868830 0.0951366 0.0843052 0.0522793 0.0258910 0.0818254 0.0987685 0.1305790 0.0522912 0.1087470 0.1063927 0.0109653 0.0867129 0.0689652 0.0206927 0.0672534 0.0961910 0.0816687 0.0900041 0.1203565 0.0811865 0.1052692 0.0601433 0.0782910 0.0891646 0.0886348 0.0845518 0.0758075 0.1097413 0.1494827 0.0790112 0.1230780 0.1290591 0.0946261 0.0819068 0.1290711 0.0671101 0.0592624 0.0915541 0.0857810 0.1269875 0.0582379 0.0941830 0.1238290 0.0190526 0.0434389 0.0717318 0.0853409 0.0830684 0.0866656 0.0948013 0.0863676 0.0913480 0.0985390 0.1012787 0.0974818 0.0223776 0.1149948 0.0896092 0.0956262 0.0211442 0.0173682 0.0562269 0.0896437 0.0580281 0.0950635 0.0889542 0.1087151 0.1005996 0.0361621 0.0671101 0.0938290 0.1099139 0.0909733 0.0207376 0.7412730 0.0939233 0.0739519 0.0274593 0.0885700 0.0342661 0.0984614 0.0289373 0.0603617 0.0851551 0.0954648 0.0926108 0.0762032 0.0636813 0.1159324 0.0689962 0.0636193 0.0681392 0.0658252 
S0407sl       0.2547418 0.1020834 0.1783674 0.0539109 0.1209498 0.1023322 0.1137887 0.0421881 0.1105062 0.1097701 0.1589449 0.0349500 0.1218067 0.1250871 0.0420358 0.1147775 0.0366152 0.0973318 0.1403087 0.1125855 0.1377765 0.1021365 0.0935567 0.0000000 0.0828182 0.0418120 0.0840346 0.1275027 0.0537035 0.1087902 0.0456532 0.1128575 0.1044807 0.1197644 0.1185889 0.0345397 0.1239574 0.1097089 0.0380674 0.0573970 0.0696977 0.0886089 0.1143336 0.0957167 0.1148759 0.1574703 0.0824777 0.1257082 0.1320032 0.0993645 0.1137775 0.0859797 0.1125555 0.0774218 0.1245344 0.0955292 0.0563503 0.1450153 0.0723039 0.0698059 0.0838609 0.0994420 0.1158603 0.1148576 0.1045518 0.1175878 0.1344210 0.1627032 0.1030026 0.1543821 0.1611605 0.1174093 0.1102417 0.1456719 0.0798110 0.0698424 0.1143180 0.1024483 0.1528866 0.1194577 0.1079475 0.1510229 0.1108946 0.1326492 0.1000658 0.0331393 0.0662172 0.0758863 0.1106821 0.0542377 0.0511740 0.1217497 0.1130071 0.1158753 0.1014863 0.1381703 0.1103928 0.1113894 0.1300646 0.1018464 0.1002514 0.1102706 0.1072657 0.0576775 0.1120529 0.1284552 0.0458380 0.1279948 0.0798110 0.0190824 0.1346461 0.0741644 0.1156344 0.0000010 0.1124800 0.0996907 0.1134673 0.0435897 0.0988449 0.0679373 0.0992861 0.0975710 0.1078819 0.1212528 0.0801246 0.1018281 0.0879674 0.1529513 0.0819353 0.0866399 0.1169785 0.0900708 
S0412sl       0.2001566 0.0517148 0.1069372 0.0723620 0.0938205 0.0630270 0.0868924 0.0958971 0.0865545 0.0636705 0.1105886 0.0870523 0.0977879 0.0974554 0.0909716 0.0890540 0.0779235 0.0808979 0.0705230 0.0866979 0.0843921 0.0571236 0.0515463 0.0828182 0.0000000 0.0845772 0.0674516 0.0823287 0.0811923 0.0848374 0.0856983 0.0875689 0.0511409 0.0833098 0.0896445 0.0854409 0.0690854 0.0597905 0.0836096 0.0866138 0.0853748 0.0512599 0.0666986 0.0767874 0.0888847 0.1139147 0.0273194 0.0989743 0.1113603 0.0533001 0.0724408 0.0673322 0.0651890 0.0633561 0.0849760 0.0700993 0.0827160 0.1122395 0.0882856 0.0982775 0.0519548 0.0662641 0.0815200 0.0852835 0.0750737 0.0919937 0.0955271 0.1334049 0.0777011 0.1069605 0.1214104 0.0792125 0.0744874 0.0987415 0.0653779 0.0577017 0.0842625 0.0789513 0.1155004 0.0663989 0.0851391 0.1118223 0.0574105 0.0664755 0.0638066 0.0780027 0.0842081 0.0895759 0.0848107 0.0780733 0.0884876 0.0805963 0.0893681 0.0938134 0.0671068 0.1059914 0.0817573 0.0914238 0.0542037 0.0590612 0.0541478 0.0822702 0.0596138 0.0912440 0.0904872 0.1092080 0.1004749 0.0641082 0.0633561 0.0795153 0.0956838 0.0900592 0.0669758 0.0000010 0.0848472 0.0661596 0.0693713 0.0856835 0.0513902 0.1005737 0.0493151 0.0544558 0.0810978 0.0947614 0.0943241 0.0724357 0.0558188 0.1160205 0.0676530 0.0552179 0.0725072 0.0502083 
S0417         0.1998285 0.0979660 0.2561818 0.0249414 0.1097793 0.1022689 0.1006721 0.0343799 0.0898996 0.1097593 0.1531622 0.0327063 0.1084094 0.1116556 0.0342594 0.0978250 0.0325227 0.0901848 0.0911271 0.0996367 0.1111416 0.1042788 0.0936501 0.0418120 0.0845772 0.0000000 0.0743991 0.1177737 0.0477298 0.0978195 0.0341471 0.0945795 0.1050606 0.1074227 0.1052259 0.0304452 0.1192871 0.1053610 0.0304468 0.0544522 0.0604973 0.0745751 0.1090249 0.0854892 0.1018161 0.1457110 0.0876149 0.1119923 0.1180493 0.1019295 0.0908246 0.0762781 0.1123098 0.0705158 0.1054718 0.0853229 0.0533331 0.1301699 0.0629227 0.0590549 0.0755923 0.0832848 0.0954233 0.0949172 0.0931126 0.1276133 0.1160096 0.1493553 0.1002755 0.1114328 0.1479942 0.1051786 0.0964167 0.1529174 0.0703622 0.0594840 0.0957429 0.0929616 0.1378159 0.1081902 0.0985472 0.1394164 0.1065507 0.1331780 0.0891751 0.0256632 0.0571641 0.0663932 0.0977914 0.0476909 0.0328070 0.1093877 0.1000006 0.1067837 0.1010587 0.1238053 0.1005601 0.0925771 0.1075459 0.1017932 0.0941291 0.0903507 0.0966921 0.0508868 0.0915633 0.1115773 0.0378766 0.1189057 0.0703622 0.0359217 0.1161968 0.0646249 0.1153310 0.0000010 0.0962310 0.0847682 0.1090431 0.0393679 0.0928805 0.0590818 0.0952642 0.0872946 0.0981871 0.1088158 0.0625229 0.0923697 0.0795178 0.1332878 0.0743893 0.0738634 0.1099180 0.0777045 
S0419         0.1695987 0.0786370 0.2561818 0.0525215 0.0604889 0.0786564 0.0698217 0.0867507 0.0739856 0.0834072 0.1225001 0.0810861 0.0730885 0.0880301 0.0782029 0.0733247 0.0721250 0.0670440 0.0748018 0.0675085 0.1077819 0.0765363 0.0710354 0.0840346 0.0674516 0.0743991 0.0000000 0.1013505 0.0593057 0.0657920 0.0754198 0.0729475 0.0770934 0.0853670 0.0722230 0.0793159 0.0863243 0.0776409 0.0774144 0.0821597 0.0732501 0.0590937 0.0923446 0.0411025 0.0694622 0.1253580 0.0694496 0.0782742 0.0972948 0.0728198 0.0682191 0.0108396 0.0903891 0.0061557 0.0836327 0.0392794 0.0768686 0.1060874 0.0739223 0.0938237 0.0498233 0.0636639 0.0734956 0.0691597 0.0692267 0.1076816 0.0707737 0.1371766 0.0739493 0.0835771 0.1033459 0.0708625 0.0669077 0.1267136 0.0061447 0.0441382 0.0698407 0.0707267 0.1089454 0.0859809 0.0783590 0.1193790 0.0825713 0.0964252 0.0653548 0.0722744 0.0721092 0.0715617 0.0657708 0.0746076 0.0786636 0.0992450 0.0716700 0.0737778 0.0820383 0.1004799 0.0720268 0.0783196 0.0762131 0.0783071 0.0794539 0.0737749 0.0812302 0.0835891 0.0735934 0.0943533 0.0909245 0.0894750 0.0092504 0.0743353 0.0708760 0.0795917 0.0867360 0.0000010 0.0780546 0.0631004 0.0886267 0.0775174 0.0744689 0.0891652 0.0686894 0.0686766 0.0734351 0.0813864 0.0834849 0.0594075 0.0571020 0.1116366 0.0426779 0.0530426 0.0894955 0.0552369 
S0427         0.1909277 0.0826961 0.2561818 0.0982238 0.1062087 0.0851110 0.1174859 0.1227072 0.1252272 0.0902071 0.1370079 0.1238379 0.1238859 0.1231873 0.1206383 0.1123454 0.1116723 0.1078832 0.0749890 0.1145223 0.0367634 0.0851668 0.0793472 0.1275027 0.0823287 0.1177737 0.1013505 0.0000000 0.1099323 0.1126489 0.1164810 0.1121060 0.0916256 0.1105288 0.1150629 0.1209371 0.0977206 0.0869885 0.1153576 0.1159270 0.1124833 0.0739391 0.0898899 0.1079872 0.1122533 0.1467053 0.0819209 0.1221261 0.1405404 0.0831807 0.0798461 0.0904918 0.0911839 0.0944425 0.1056986 0.1121047 0.1170825 0.1285890 0.1091476 0.1348466 0.0844874 0.0858953 0.1027343 0.1114132 0.1007887 0.0991938 0.1153639 0.1621443 0.1146333 0.1260737 0.1423852 0.1037151 0.0982382 0.1365022 0.0969735 0.0790070 0.1082700 0.1127067 0.1401635 0.0709104 0.1229062 0.1423934 0.0934887 0.1025035 0.1035895 0.1111900 0.1044765 0.1172706 0.1126180 0.1070666 0.1322680 0.1184864 0.1195644 0.1189333 0.0868491 0.1219772 0.1138430 0.1282557 0.1026476 0.0805594 0.0879337 0.1140781 0.0645276 0.1190952 0.1198362 0.1396983 0.1221660 0.0895404 0.0969735 0.1255749 0.1133024 0.1167836 0.0936430 0.0000010 0.1234775 0.1014245 0.0915176 0.1194408 0.0806842 0.1197022 0.0765546 0.0796939 0.1090214 0.1148362 0.1167892 0.1010815 0.0927522 0.1212559 0.0957567 0.0907674 0.0471274 0.0906202 
S0428sl       0.2125122 0.0905371 0.1069372 0.0412691 0.0820723 0.0913532 0.0924756 0.0513858 0.0841877 0.0916400 0.1277478 0.0445993 0.1028527 0.0906585 0.0514941 0.0994848 0.0343276 0.0777847 0.0831268 0.0870862 0.1090442 0.0916243 0.0913637 0.0537035 0.0811923 0.0477298 0.0593057 0.1099323 0.0000000 0.0914919 0.0441785 0.1027141 0.0959268 0.0957545 0.0876134 0.0471665 0.1029750 0.0994060 0.0408107 0.0737324 0.0675849 0.0665534 0.0986900 0.0669800 0.0911406 0.1266630 0.0676427 0.0952197 0.1020141 0.0914200 0.0907026 0.0629746 0.1199616 0.0560100 0.0940664 0.0667462 0.0562550 0.1094041 0.0750147 0.0554702 0.0635776 0.0793110 0.0913716 0.0912075 0.0951743 0.1103789 0.0700421 0.1269932 0.0882754 0.1144495 0.1435154 0.1070854 0.1074319 0.0000010 0.0521910 0.0487984 0.0913018 0.0821909 0.1087314 0.0969562 0.0899902 0.1331579 0.0991507 0.1131091 0.0829987 0.0341588 0.0714286 0.0713882 0.0870862 0.0671543 0.0479610 0.1223296 0.0949041 0.0870862 0.0973365 0.1120969 0.0798690 0.0806927 0.1029976 0.0990445 0.0759310 0.0876239 0.0921688 0.0502409 0.0878237 0.0884145 0.0586783 0.1119137 0.0557855 0.0553383 0.0743296 0.0712894 0.1161210 0.0000010 0.1077626 0.0756873 0.1123161 0.0406309 0.0776878 0.0553717 0.0787841 0.0819702 0.0879531 0.0860764 0.0712220 0.0867851 0.0711852 0.1110417 0.0479693 0.0679404 0.1039583 0.0671278 
