127
PAFTOL_019361 0.0000000 0.2587281 0.2655829 0.2795223 0.3248958 0.2639375 0.2955816 0.2627417 0.2506387 0.2566786 0.2745875 0.3019207 0.3581246 0.2866159 0.2813272 0.2786576 0.2758139 0.3297601 0.2733030 0.2632604 0.2528024 0.2770465 0.2711950 0.2703459 0.2681381 0.2545258 0.2812697 0.3545228 0.2731367 0.2720721 0.2678054 0.3473802 0.2738332 0.2552910 0.2675496 0.2960174 0.2555037 0.3044107 0.2609538 0.2534286 0.2930141 0.3311321 0.4444877 0.2586636 0.3934158 0.2590095 0.2794174 0.2683033 0.2463701 0.2695015 0.2473434 0.3118458 0.2320152 0.2233535 0.3423871 0.2841735 0.2663784 0.2650798 0.2986046 0.2610678 0.2930563 0.2722241 0.2896857 0.2700066 0.3196456 0.4043023 0.2698552 0.3368847 0.2799078 0.3101578 0.3146919 0.4456896 0.2567678 0.4063825 0.3010483 0.2807692 0.3417380 0.2945288 0.2858305 0.4319130 0.2597484 0.2872241 0.2629895 0.2774979 0.2571763 0.2724939 0.2825868 0.3130943 0.3229592 0.3560631 0.2584037 0.3206921 0.2842763 0.2470616 0.2754450 0.2550107 0.2870801 0.2718024 0.2909298 0.2646061 0.2696425 0.2694092 0.2931499 0.2695587 0.2848918 0.2727945 0.3145105 0.2883196 0.2410234 0.2515944 0.2764234 0.2682981 0.3063048 0.2776072 0.3012561 0.2582766 0.2777171 0.2663370 0.2761778 0.2726154 0.2582178 0.2675776 0.3788352 0.2895947 0.2682658 0.2512016 0.2685790 
S0055         0.2587281 0.0000000 0.0960163 0.0955741 0.1676015 0.0885109 0.1516326 0.1030868 0.0929372 0.0860922 0.1124143 0.1244027 0.2224848 0.1201938 0.0971182 0.0919343 0.0923472 0.2026495 0.0909179 0.0890919 0.0876258 0.1023917 0.0989214 0.0908814 0.1037029 0.0868037 0.0970709 0.2336544 0.0995694 0.1214016 0.0846279 0.2018083 0.0986825 0.0859594 0.0899427 0.1153510 0.0798564 0.1231879 0.0664927 0.0838645 0.1082184 0.2007585 0.3070183 0.0764730 0.2413903 0.0870616 0.1303868 0.1007935 0.0827305 0.0990488 0.0877087 0.1420141 0.0685920 0.0724313 0.2152228 0.1046845 0.0903510 0.0879527 0.1642786 0.1135982 0.1342537 0.1211527 0.1328643 0.1249730 0.1794114 0.2742094 0.1043524 0.1826355 0.1364888 0.1631064 0.1717069 0.3081546 0.0855646 0.2855756 0.1393078 0.1008691 0.1896176 0.0852203 0.1148424 0.3047171 0.0881690 0.0968410 0.0817346 0.1027826 0.0961447 0.1041614 0.0974201 0.1099202 0.1813940 0.2336337 0.0875597 0.2075967 0.0829332 0.0878697 0.0946168 0.0884715 0.0344885 0.1148060 0.0755939 0.0884918 0.0937960 0.1053801 0.1273360 0.0863382 0.1092979 0.1034251 0.1720079 0.1106290 0.0788107 0.0987518 0.0814543 0.0866330 0.1234844 0.0966570 0.1161005 0.0916237 0.0773468 0.0739891 0.0997128 0.0994944 0.0889403 0.0884943 0.2462502 0.0995874 0.0771383 0.0705963 0.0836485 
S0196sl       0.2655829 0.0960163 0.0000000 0.0837032 0.1085724 0.0999611 0.1433510 0.0898495 0.0865811 0.0929751 0.1128283 0.1020543 0.1929080 0.1047614 0.0865641 0.0840801 0.0814960 0.1774033 0.0856833 0.0892110 0.0927376 0.0827226 0.1007136 0.0810076 0.0127421 0.0888760 0.0950835 0.1974562 0.0869779 0.0923912 0.0907476 0.1701360 0.0809996 0.0958609 0.0938631 0.1063149 0.0690022 0.1195571 0.0820220 0.0844574 0.0772308 0.1801291 0.3284360 0.0857050 0.2013438 0.0923305 0.1044380 0.0166284 0.0876433 0.0141312 0.0119523 0.1176695 0.0375186 0.0602274 0.1916148 0.0959590 0.0842990 0.0800055 0.1335311 0.0940764 0.1185657 0.0951394 0.1132380 0.1153022 0.1204976 0.2839836 0.1048993 0.1562752 0.1207560 0.1521167 0.1620619 0.3387392 0.0058022 0.3004861 0.1191671 0.0875096 0.1619326 0.1073338 0.1129748 0.3197172 0.0917655 0.1079293 0.0889727 0.0887182 0.0883810 0.1015329 0.0955215 0.1013387 0.1517835 0.1889197 0.0876906 0.1756972 0.0799661 0.0862482 0.0940769 0.0921604 0.1069692 0.1017300 0.1007085 0.0840961 0.0938992 0.0970164 0.1063890 0.0918905 0.0162363 0.0901671 0.1187543 0.1046510 0.0834590 0.0897980 0.0843238 0.1043634 0.1141675 0.1060810 0.1177867 0.0880774 0.0991402 0.0643906 0.0812242 0.0846402 0.0814648 0.0807414 0.2243992 0.0711588 0.0826969 0.0737903 0.0802261 
S0278         0.2795223 0.0955741 0.0837032 0.0000000 0.1587611 0.1038930 0.1489810 0.0331710 0.0869288 0.1044930 0.1196459 0.0488604 0.2238515 0.0475733 0.0486562 0.0935305 0.0923173 0.1951542 0.1039525 0.0989866 0.1013209 0.0386042 0.1255594 0.0385781 0.0937047 0.1065269 0.0517497 0.2313615 0.0446771 0.1183070 0.0963304 0.1988404 0.0363557 0.1075125 0.0963814 0.0486873 0.0438594 0.0958801 0.0897827 0.0957729 0.1117428 0.1949305 0.3069805 0.1036254 0.2430742 0.0993030 0.1245363 0.0880990 0.0946176 0.0934301 0.0848164 0.1386337 0.0661062 0.0233329 0.2185360 0.0852171 0.0518075 0.0949913 0.1661209 0.1203964 0.1239808 0.1246049 0.1339644 0.1214969 0.1483336 0.2796858 0.1315585 0.1807605 0.1308927 0.1639282 0.1700217 0.3196777 0.0763893 0.2873675 0.1406202 0.1091666 0.1854400 0.1068171 0.1202215 0.2999165 0.1003077 0.1223327 0.0895391 0.0511395 0.0751705 0.0896571 0.0613316 0.0483507 0.1777005 0.2286817 0.0968533 0.2006160 0.0991870 0.0943175 0.1019344 0.1021994 0.1062374 0.1200503 0.0993630 0.0555461 0.0985702 0.1033660 0.0470477 0.0983991 0.1007780 0.0419555 0.1465300 0.0932588 0.0908503 0.0913519 0.0971710 0.1126646 0.0491405 0.1201412 0.0814952 0.0983997 0.1116376 0.0836419 0.1033785 0.0734765 0.0878749 0.0954554 0.2412881 0.0806903 0.0940167 0.0863394 0.0951354 
S0281         0.3248958 0.1676015 0.1085724 0.1587611 0.0000000 0.1761189 0.1244980 0.1472729 0.1470911 0.1709079 0.1687636 0.1551325 0.1679316 0.1605365 0.1412448 0.1462503 0.1533016 0.1577253 0.1625773 0.1714651 0.1676143 0.1452370 0.1715069 0.1418934 0.1131172 0.1451433 0.1524426 0.1816418 0.1477579 0.1304310 0.1617198 0.1440757 0.1500376 0.1709379 0.1714098 0.1804334 0.1212560 0.1763070 0.1548430 0.1618555 0.1096478 0.1460501 0.3440259 0.1761460 0.1782994 0.1682277 0.1396047 0.1166362 0.1639570 0.1130999 0.1010845 0.1500700 0.0661190 0.1077672 0.1448824 0.1581227 0.1354948 0.1423265 0.1174400 0.1309691 0.1642064 0.1362625 0.1549152 0.1484498 0.1110138 0.3022633 0.1666278 0.1310000 0.1165439 0.1419732 0.1528997 0.3438332 0.0989116 0.3080328 0.1535215 0.1610843 0.1305039 0.1647720 0.1571432 0.3271873 0.1665901 0.1670890 0.1520723 0.1585793 0.1513504 0.1727353 0.1475890 0.1616242 0.1342090 0.1707103 0.1757701 0.1281740 0.1504472 0.1533899 0.1736203 0.1681548 0.1672703 0.1457932 0.1633257 0.1585048 0.1482968 0.1582465 0.1427661 0.1477794 0.1222643 0.1515362 0.1062134 0.1765770 0.1609192 0.1365333 0.1601645 0.1799379 0.1646969 0.1688618 0.1805138 0.1574424 0.1737365 0.1252702 0.1498639 0.1518287 0.1264777 0.1472627 0.2234091 0.1175232 0.1530195 0.1442663 0.1434547 
S0282         0.2639375 0.0885109 0.0999611 0.1038930 0.1761189 0.0000000 0.1385668 0.1054883 0.0896561 0.0308766 0.0471413 0.1157112 0.2109036 0.1096193 0.0973168 0.1039766 0.0987698 0.1933095 0.0820599 0.0281466 0.0248751 0.1017295 0.1018710 0.0903989 0.1019297 0.0795136 0.0959605 0.2093830 0.0946525 0.1336260 0.0794286 0.1916792 0.0933322 0.0508377 0.0235674 0.1181712 0.0844966 0.1213792 0.0820509 0.0188515 0.1283566 0.1805879 0.3188804 0.0792840 0.2224190 0.0283919 0.1314256 0.0975744 0.0177576 0.0989413 0.0917807 0.1418281 0.0877821 0.0688142 0.2007113 0.1090403 0.0886256 0.0928516 0.1461112 0.1251084 0.1409227 0.1330876 0.1518748 0.0596343 0.1716044 0.2723470 0.1024472 0.1636591 0.1231073 0.1705437 0.1776707 0.3199527 0.0851401 0.2906564 0.1398651 0.1093681 0.1628944 0.0895782 0.1192146 0.3121853 0.0200369 0.0937972 0.0970812 0.0981160 0.1004527 0.1116294 0.0944280 0.1182735 0.1665621 0.2118238 0.0259741 0.1846304 0.0981651 0.0863621 0.0260241 0.0247313 0.1062701 0.1123632 0.0797940 0.0998162 0.0906402 0.0965542 0.1202498 0.0788132 0.1076588 0.1093730 0.1681640 0.1150777 0.0193338 0.0993134 0.1021130 0.0355866 0.1209527 0.0859898 0.1093933 0.0599696 0.0977588 0.0872983 0.1092843 0.1012150 0.0984715 0.0934552 0.2227846 0.1023560 0.0961537 0.0707584 0.0914003 
S0288         0.2955816 0.1516326 0.1433510 0.1489810 0.1244980 0.1385668 0.0000000 0.1262217 0.1386662 0.1361464 0.1267270 0.1360806 0.0683392 0.1389132 0.1085334 0.1452896 0.1455581 0.0201296 0.1392884 0.1351707 0.1341906 0.1310960 0.1507947 0.1181727 0.1434117 0.1209437 0.1391208 0.0138968 0.1240557 0.1463231 0.1279625 0.0760482 0.1355948 0.1268368 0.1353427 0.1555496 0.1144054 0.1573897 0.1461267 0.1257509 0.1274926 0.0158151 0.3134609 0.1476930 0.0179361 0.1269639 0.1483238 0.1384326 0.1294117 0.1415207 0.1290742 0.1658477 0.0879181 0.0965425 0.0915566 0.1549404 0.1074410 0.1205972 0.0743817 0.1475007 0.1548586 0.1479250 0.1640352 0.0922352 0.1128357 0.2879198 0.1735811 0.0652314 0.0497437 0.1452320 0.1460355 0.3044253 0.1433510 0.3122752 0.1640047 0.1601521 0.0716405 0.1399917 0.1550783 0.3352585 0.1321328 0.1484644 0.1338279 0.1378847 0.1377420 0.1599442 0.1288853 0.1543878 0.0642768 0.0138634 0.1391615 0.0522633 0.1426818 0.1304406 0.1422652 0.1409485 0.1556035 0.1308833 0.1241809 0.1267825 0.1356129 0.1465652 0.1662336 0.1410660 0.1487638 0.1363573 0.1075772 0.1536192 0.1184790 0.1494874 0.1484096 0.1418852 0.1412451 0.1323508 0.1556078 0.1384663 0.1526728 0.1142002 0.1329787 0.1309844 0.1416869 0.1241454 0.2100487 0.1339915 0.1486507 0.1255869 0.1183508 
S0289         0.2627417 0.1030868 0.0898495 0.0331710 0.1472729 0.1054883 0.1262217 0.0000000 0.0938805 0.1029245 0.1132484 0.0402603 0.2120726 0.0422505 0.0413889 0.0912824 0.0933656 0.1666687 0.1105702 0.1028455 0.1002331 0.0380813 0.1106374 0.0366375 0.1016480 0.1036783 0.0498283 0.2156818 0.0404070 0.1105282 0.1004847 0.1819595 0.0305002 0.1089075 0.1009867 0.0402383 0.0483442 0.1023034 0.0891718 0.0989394 0.1173623 0.1691949 0.2779413 0.1078869 0.2242946 0.1041058 0.1165698 0.0973867 0.0977671 0.0965763 0.0895919 0.1347167 0.0657627 0.0193111 0.1978116 0.0855578 0.0554276 0.0919420 0.1535986 0.1131183 0.1230141 0.1164476 0.1273704 0.1246077 0.1462376 0.2467678 0.1282526 0.1627333 0.1061627 0.1397010 0.1510265 0.2891510 0.0807380 0.2629027 0.1394571 0.1040341 0.1753361 0.1098532 0.1159523 0.2752941 0.1005323 0.1275794 0.0870287 0.0480826 0.0766982 0.0964552 0.0622987 0.0394572 0.1625720 0.2160231 0.0970273 0.1870218 0.0960001 0.1022872 0.1066727 0.1024535 0.1145381 0.1145294 0.1025741 0.0535898 0.1022136 0.1088043 0.0384460 0.1001240 0.1059026 0.0411588 0.1444133 0.0980972 0.0952426 0.0933503 0.0981270 0.1157991 0.0377542 0.1173907 0.0822663 0.0987170 0.1140253 0.0815361 0.1076907 0.0791268 0.0874991 0.0921751 0.2210028 0.0865846 0.0948400 0.0964739 0.0948110 
S0292         0.2506387 0.0929372 0.0865811 0.0869288 0.1470911 0.0896561 0.1386662 0.0938805 0.0000000 0.0947253 0.1093322 0.1098183 0.2140423 0.1026284 0.0955729 0.0902138 0.0934757 0.1994697 0.0984081 0.0945855 0.0900764 0.0830458 0.1150863 0.0804247 0.0920189 0.0932676 0.0976030 0.2236721 0.0875019 0.1124532 0.0860480 0.1901488 0.0920598 0.0915800 0.0880680 0.1127661 0.0769609 0.1133125 0.0845843 0.0820149 0.0995256 0.1957177 0.3152497 0.0946074 0.2350793 0.0924259 0.1175652 0.0889212 0.0835976 0.0903471 0.0803363 0.1260417 0.0662847 0.0584058 0.1937820 0.1006247 0.0838617 0.0901125 0.1524017 0.1052706 0.1172579 0.1169070 0.1288447 0.1271190 0.1603308 0.2749072 0.1078124 0.1584683 0.1261106 0.1529045 0.1582614 0.3174351 0.0747961 0.2894173 0.1363617 0.0982898 0.1650592 0.0927412 0.0586054 0.3032929 0.0878219 0.0977971 0.0828784 0.0910558 0.0931180 0.1043629 0.0852566 0.1007665 0.1673824 0.2255774 0.0883729 0.1795695 0.0913774 0.0055875 0.0944135 0.0895340 0.0983575 0.0573857 0.0860288 0.0867676 0.0240350 0.0203871 0.1132279 0.0883792 0.0977983 0.0927289 0.1602008 0.1046562 0.0781352 0.0377202 0.0906421 0.1027235 0.1093511 0.1040546 0.1016325 0.0914024 0.0913831 0.0789116 0.0908021 0.0911000 0.0852686 0.0890095 0.2314907 0.0950210 0.0863159 0.0772841 0.0871595 
S0293         0.2566786 0.0860922 0.0929751 0.1044930 0.1709079 0.0308766 0.1361464 0.1029245 0.0947253 0.0000000 0.0500625 0.1224229 0.2088331 0.1109927 0.0963509 0.1078721 0.0951492 0.1994403 0.0757165 0.0244892 0.0238509 0.1009476 0.1014615 0.0881715 0.0955770 0.0692596 0.0949639 0.2203942 0.0909248 0.1198639 0.0827436 0.1845132 0.0954751 0.0524871 0.0272757 0.1156551 0.0915440 0.1238093 0.0824951 0.0212079 0.1216030 0.1882508 0.3255202 0.0756377 0.2212562 0.0322049 0.1244508 0.0911678 0.0190547 0.0925311 0.0853253 0.1461202 0.0820944 0.0676956 0.2054199 0.1099936 0.0891987 0.0902411 0.1483035 0.1167831 0.1394744 0.1231572 0.1446870 0.0605313 0.1674088 0.2789593 0.1063941 0.1698919 0.1227075 0.1696996 0.1787371 0.3231334 0.0813323 0.2979600 0.1447752 0.1078987 0.1740105 0.0931266 0.1141551 0.3195256 0.0236372 0.0915243 0.0933040 0.0957974 0.1013356 0.1126171 0.0978374 0.1173366 0.1716719 0.2168126 0.0273370 0.1870595 0.0960596 0.0912761 0.0321704 0.0284601 0.1012449 0.1132610 0.0846049 0.0998029 0.0955654 0.1015987 0.1192938 0.0765892 0.1012757 0.1084458 0.1639755 0.1127902 0.0159449 0.0967572 0.1000222 0.0407632 0.1215901 0.0765110 0.1161497 0.0603895 0.0920992 0.0836815 0.1102306 0.1034854 0.0993089 0.0894036 0.2269326 0.0986318 0.0969632 0.0618265 0.0889581 
S0294         0.2745875 0.1124143 0.1128283 0.1196459 0.1687636 0.0471413 0.1267270 0.1132484 0.1093322 0.0500625 0.0000000 0.1238238 0.1803231 0.1274366 0.1181660 0.1328744 0.1196025 0.1767144 0.1034328 0.0513586 0.0474475 0.1141192 0.1207650 0.1121612 0.1141798 0.0892141 0.1189095 0.1898052 0.1124086 0.1370894 0.1007810 0.1745384 0.1126641 0.0727538 0.0457964 0.1259528 0.1039762 0.1346614 0.1023019 0.0430913 0.1351552 0.1661450 0.2926520 0.1031981 0.1989737 0.0511800 0.1406938 0.1082474 0.0419690 0.1096580 0.1004954 0.1425587 0.0873298 0.0854290 0.1946725 0.1230681 0.1020982 0.1089987 0.1372718 0.1349739 0.1556889 0.1378762 0.1537088 0.0559019 0.1535924 0.2562943 0.1346859 0.1574766 0.1207237 0.1585848 0.1692707 0.2918359 0.1015164 0.2638414 0.1552830 0.1374329 0.1536604 0.1115272 0.1385925 0.2908004 0.0444347 0.1107064 0.1208364 0.1189303 0.1171318 0.1335357 0.1132685 0.1341091 0.1602553 0.1882534 0.0471910 0.1647561 0.1214325 0.1085246 0.0499377 0.0471191 0.1211682 0.1351058 0.1023415 0.1093054 0.1068809 0.1098797 0.1306846 0.0960233 0.1201389 0.1241307 0.1502186 0.1366851 0.0429608 0.1159432 0.1307170 0.0573517 0.1276760 0.1092548 0.1365008 0.0813520 0.1107607 0.1075624 0.1343573 0.1218436 0.1146930 0.1069458 0.1938658 0.1145332 0.1242291 0.0882065 0.1060776 
S0299         0.3019207 0.1244027 0.1020543 0.0488604 0.1551325 0.1157112 0.1360806 0.0402603 0.1098183 0.1224229 0.1238238 0.0000000 0.2212100 0.0588253 0.0622538 0.1140644 0.1020396 0.1758920 0.1273742 0.1226367 0.1175725 0.0560728 0.1442186 0.0585199 0.1098991 0.1246016 0.0778460 0.2253266 0.0638971 0.1303418 0.1229371 0.2109806 0.0485308 0.1189717 0.1123957 0.0666889 0.0589252 0.1141652 0.1141839 0.1116727 0.1335556 0.1802064 0.2972141 0.1260340 0.2403257 0.1138610 0.1286198 0.1043872 0.1105247 0.1031904 0.0982494 0.1405485 0.0784390 0.0326821 0.2228074 0.0997876 0.0626365 0.1086277 0.1688700 0.1295340 0.1289257 0.1328450 0.1486913 0.1186520 0.1606290 0.2830719 0.1456965 0.1910196 0.1132579 0.1376507 0.1488605 0.3137455 0.0925848 0.2840543 0.1438476 0.1296393 0.1938805 0.1204365 0.1375180 0.2996789 0.1115999 0.1376095 0.1056471 0.0695426 0.0853595 0.1022787 0.0736541 0.0497161 0.1889720 0.2233388 0.1129453 0.2076799 0.1142410 0.1169627 0.1149765 0.1152827 0.1307678 0.1254867 0.1151337 0.0691740 0.1165027 0.1264373 0.0550510 0.1217302 0.1156299 0.0604562 0.1587882 0.1109130 0.1054664 0.1102251 0.1194180 0.1245960 0.0491749 0.1463326 0.0988526 0.1145330 0.1285992 0.1025877 0.1210918 0.0871933 0.1008533 0.1125903 0.2039386 0.0940253 0.1160496 0.1128285 0.1104914 
S0308         0.3581246 0.2224848 0.1929080 0.2238515 0.1679316 0.2109036 0.0683392 0.2120726 0.2140423 0.2088331 0.1803231 0.2212100 0.0000000 0.2240702 0.2065517 0.2179493 0.2286169 0.0974722 0.2006484 0.2134068 0.2114470 0.2189086 0.2078624 0.2033694 0.2060445 0.1922927 0.2272973 0.0867947 0.2118075 0.2230016 0.2048976 0.1110269 0.2076724 0.2115189 0.2135769 0.2395222 0.2115914 0.2320846 0.2064558 0.1922226 0.1786081 0.0825970 0.4180123 0.2098424 0.0998172 0.2042036 0.2177543 0.2042917 0.2033324 0.1977640 0.1871761 0.2021083 0.1283457 0.1661469 0.1256572 0.2178054 0.1786586 0.2138856 0.0935023 0.2221931 0.2275216 0.2201690 0.2301894 0.1914704 0.1408228 0.3744976 0.2479948 0.1047699 0.0739918 0.1972905 0.2120862 0.4307638 0.1864409 0.3977447 0.2500227 0.2412392 0.1054781 0.2025521 0.2241350 0.4097311 0.2025069 0.2050527 0.2195538 0.2206692 0.2171010 0.2319468 0.1975823 0.2345873 0.1059639 0.0848746 0.2162624 0.0896463 0.2155596 0.2170013 0.2085912 0.2099809 0.2140214 0.2085596 0.1998256 0.1906991 0.2220641 0.2209939 0.2303989 0.2087791 0.2094578 0.2338143 0.1392898 0.2358807 0.1914336 0.2165626 0.2305160 0.2183234 0.2264852 0.2254506 0.2310916 0.2112483 0.2348599 0.1974050 0.1956364 0.2159250 0.2157180 0.2119753 0.2740789 0.1932816 0.2290521 0.2019035 0.2089611 
S0320         0.2866159 0.1201938 0.1047614 0.0475733 0.1605365 0.1096193 0.1389132 0.0422505 0.1026284 0.1109927 0.1274366 0.0588253 0.2240702 0.0000000 0.0625697 0.1084037 0.1081440 0.1872699 0.1078073 0.1043024 0.1071621 0.0460183 0.1271610 0.0431892 0.1119440 0.1114518 0.0591095 0.2451912 0.0547890 0.1268443 0.1117906 0.2013017 0.0406609 0.1153642 0.1043319 0.0604489 0.0599313 0.1044283 0.0998191 0.1005872 0.1284949 0.1922416 0.3002294 0.1170602 0.2563894 0.1028767 0.1229134 0.1174272 0.0973086 0.1139562 0.1063237 0.1399681 0.0794682 0.0318008 0.2217040 0.0893209 0.0686430 0.1031133 0.1642361 0.1148396 0.1376904 0.1289715 0.1352767 0.1286438 0.1645350 0.2637904 0.1324603 0.1871401 0.1211484 0.1477458 0.1541266 0.3161707 0.0937592 0.2881186 0.1498265 0.1186153 0.1824153 0.1104507 0.1329631 0.2861466 0.1006647 0.1219611 0.0994944 0.0579047 0.0826660 0.0963164 0.0743991 0.0502633 0.1870134 0.2461324 0.1032343 0.2192564 0.1113854 0.1089185 0.1113690 0.1075508 0.1309103 0.1285396 0.1097590 0.0743682 0.1162132 0.1161315 0.0518098 0.1048411 0.1205022 0.0534928 0.1623729 0.1052982 0.0956056 0.1055956 0.1133204 0.1202492 0.0410047 0.1219838 0.0968470 0.0998240 0.1235204 0.0933568 0.1134023 0.0822324 0.0975579 0.1035555 0.2216297 0.0958894 0.1085186 0.1029409 0.1013045 
S0327         0.2813272 0.0971182 0.0865641 0.0486562 0.1412448 0.0973168 0.1085334 0.0413889 0.0955729 0.0963509 0.1181660 0.0622538 0.2065517 0.0625697 0.0000000 0.0972208 0.0903605 0.1612485 0.1035575 0.0964000 0.0918295 0.0491731 0.1125519 0.0343938 0.0965951 0.1027318 0.0557155 0.2054868 0.0420166 0.1174793 0.0949730 0.1732164 0.0382932 0.0987127 0.0925184 0.0623833 0.0493818 0.1040732 0.0901917 0.0894106 0.1147630 0.1678426 0.2856367 0.1038779 0.2312284 0.0913731 0.1215292 0.0936471 0.0882617 0.0933728 0.0849718 0.1329478 0.0656149 0.0311891 0.1939949 0.0875332 0.0583350 0.0931632 0.1494266 0.1170405 0.1268850 0.1217304 0.1373138 0.1120913 0.1490397 0.2615221 0.1194388 0.1637440 0.1125381 0.1518143 0.1607239 0.3059743 0.0777282 0.2682837 0.1375406 0.1118858 0.1727443 0.1063743 0.1256451 0.2858916 0.0909244 0.1245529 0.0892496 0.0482218 0.0803680 0.0968833 0.0622181 0.0595007 0.1675220 0.1980495 0.0918420 0.1908707 0.1015899 0.0965982 0.0967946 0.0928802 0.1111601 0.1152700 0.0982451 0.0643080 0.1036547 0.1099512 0.0603583 0.1002928 0.1021923 0.0530939 0.1472439 0.1014673 0.0873114 0.0936014 0.1023726 0.1069517 0.0651449 0.1112026 0.0905440 0.0990161 0.1124749 0.0859773 0.1102786 0.0716665 0.0869437 0.0875852 0.2323053 0.0842708 0.0991857 0.0858268 0.0933032 
S0335         0.2786576 0.0919343 0.0840801 0.0935305 0.1462503 0.1039766 0.1452896 0.0912824 0.0902138 0.1078721 0.1328744 0.1140644 0.2179493 0.1084037 0.0972208 0.0000000 0.0503887 0.1799003 0.0981191 0.1027450 0.1001985 0.0828141 0.1198748 0.0845940 0.0939097 0.0978101 0.0866021 0.2252262 0.0884792 0.1080063 0.0973303 0.1942445 0.0960622 0.0972741 0.0968717 0.1101376 0.0926846 0.1198836 0.0844001 0.0891110 0.1066976 0.1808519 0.3276676 0.0991811 0.2241491 0.0980055 0.1097906 0.0927657 0.0921748 0.0938232 0.0841482 0.1332922 0.0638610 0.0639855 0.2078974 0.1040306 0.0944347 0.0807328 0.1461881 0.1010775 0.1179116 0.1046510 0.1188771 0.1474370 0.1590167 0.2820136 0.1088019 0.1723860 0.1205189 0.1489321 0.1477577 0.3331667 0.0754465 0.3034786 0.1235566 0.0742648 0.1784123 0.1003942 0.1133737 0.3204224 0.0977104 0.1118558 0.0800336 0.0858701 0.0939159 0.1074696 0.0985754 0.1084443 0.1750978 0.2205882 0.0971103 0.1827696 0.0498616 0.0867262 0.0986039 0.0920237 0.1039905 0.1120689 0.1023099 0.0878884 0.0909901 0.0954283 0.1156208 0.1013748 0.0993490 0.0876628 0.1519718 0.1171787 0.0911372 0.0970820 0.0448499 0.1051090 0.1174106 0.1071752 0.1197935 0.1011991 0.1047514 0.0383850 0.0474812 0.0934914 0.0762240 0.0840550 0.2664696 0.0932994 0.0439154 0.0832151 0.0793379 
S0345         0.2758139 0.0923472 0.0814960 0.0923173 0.1533016 0.0987698 0.1455581 0.0933656 0.0934757 0.0951492 0.1196025 0.1020396 0.2286169 0.1081440 0.0903605 0.0503887 0.0000000 0.1888332 0.0960857 0.0954956 0.0900815 0.0875135 0.1114126 0.0817556 0.0900400 0.0842285 0.0836898 0.2349690 0.0821354 0.1100455 0.0983620 0.1980724 0.0948516 0.0875448 0.0942483 0.1038788 0.0854913 0.1307476 0.0806811 0.0853840 0.1156502 0.1897875 0.3158097 0.0923225 0.2334424 0.0956254 0.1166361 0.0898999 0.0883278 0.0896860 0.0800225 0.1403436 0.0686003 0.0567957 0.2091055 0.1091658 0.0842406 0.0836416 0.1577811 0.1114598 0.1222914 0.1066863 0.1225885 0.1165221 0.1580019 0.2739702 0.1028467 0.1788256 0.1171396 0.1529180 0.1567422 0.3190775 0.0729439 0.2921712 0.1194510 0.0787136 0.1842468 0.1031221 0.1184087 0.3088006 0.0921206 0.1130455 0.0895159 0.0878510 0.1005427 0.1132130 0.0946446 0.1105044 0.1854404 0.2260951 0.0889712 0.1915570 0.0413622 0.0915424 0.0958669 0.0886159 0.0966687 0.1127260 0.1016370 0.0836319 0.0939731 0.1047761 0.1181713 0.0962604 0.0954749 0.0937813 0.1509484 0.1181107 0.0874939 0.0976508 0.0503552 0.1011839 0.1228061 0.1029764 0.1142993 0.0943629 0.0918078 0.0274857 0.0652187 0.0993626 0.0837339 0.0873175 0.2372871 0.0893597 0.0502593 0.0781874 0.0839676 
S0355         0.3297601 0.2026495 0.1774033 0.1951542 0.1577253 0.1933095 0.0201296 0.1666687 0.1994697 0.1994403 0.1767144 0.1758920 0.0974722 0.1872699 0.1612485 0.1799003 0.1888332 0.0000000 0.1968542 0.1983052 0.1894856 0.1797117 0.2237837 0.1645520 0.1800494 0.1847387 0.1967031 0.0265170 0.1760334 0.1835513 0.1723713 0.1142769 0.1867118 0.1904849 0.1930175 0.2104442 0.1815025 0.2151255 0.1939417 0.1843275 0.1807961 0.0260914 0.3992048 0.2070024 0.0426509 0.1881725 0.1842345 0.1720952 0.1879431 0.1768399 0.1615861 0.2098271 0.1239310 0.1441116 0.1165986 0.2145111 0.1546230 0.1712559 0.0959396 0.1838798 0.2136237 0.1847441 0.2027527 0.1639556 0.1393145 0.3741922 0.2195337 0.1051754 0.0766359 0.1764288 0.1777566 0.3907317 0.1771618 0.3991922 0.2247970 0.2021857 0.1082378 0.1829377 0.2048107 0.4093152 0.1851213 0.2032651 0.1906794 0.1880455 0.1985844 0.2195618 0.1875600 0.1939703 0.0943750 0.0279395 0.1871759 0.0745678 0.1879530 0.1877130 0.1947898 0.1952100 0.2022814 0.1852651 0.1765785 0.1735612 0.1947943 0.2068846 0.1944796 0.1933067 0.1821003 0.1874594 0.1348307 0.2108350 0.1733648 0.1969597 0.1899479 0.1992117 0.1815416 0.2124776 0.2175931 0.1945431 0.2147011 0.1588354 0.1715184 0.1974602 0.1873713 0.1781818 0.2546981 0.1849446 0.1876108 0.1823250 0.1687484 
S0376         0.2733030 0.0909179 0.0856833 0.1039525 0.1625773 0.0820599 0.1392884 0.1105702 0.0984081 0.0757165 0.1034328 0.1273742 0.2006484 0.1078073 0.1035575 0.0981191 0.0960857 0.1968542 0.0000000 0.0775805 0.0740073 0.0990611 0.1197280 0.0975580 0.0934858 0.0559085 0.1000301 0.2235400 0.0973070 0.1309584 0.0874625 0.1823003 0.1013652 0.0900294 0.0809884 0.1152449 0.0924268 0.1266365 0.0891487 0.0663974 0.1190791 0.1966783 0.3232271 0.0927384 0.2228281 0.0750217 0.1334753 0.0919998 0.0737839 0.0947563 0.0860428 0.1314864 0.0769775 0.0741015 0.2049135 0.1113176 0.0931733 0.0903084 0.1458911 0.1200548 0.1286983 0.1300359 0.1420166 0.1126787 0.1679852 0.2814059 0.1090827 0.1731635 0.1329783 0.1629412 0.1719901 0.3269462 0.0817252 0.2956988 0.1344304 0.1019103 0.1797642 0.0906267 0.1222453 0.3119318 0.0764057 0.1026472 0.0898954 0.1036235 0.0987029 0.1097681 0.1091700 0.1211671 0.1766997 0.2115513 0.0825534 0.1820565 0.0984136 0.0960408 0.0812211 0.0750173 0.1093117 0.1114662 0.0853104 0.0998522 0.0966455 0.1028307 0.1214833 0.0930261 0.1021644 0.1031424 0.1622674 0.1203521 0.0682978 0.1058791 0.0960970 0.0924290 0.1153980 0.0934068 0.1219365 0.0857517 0.1052212 0.0871518 0.1001622 0.1029985 0.0958478 0.0921261 0.2385178 0.0953893 0.0949392 0.0563943 0.0888203 
S0400         0.2632604 0.0890919 0.0892110 0.0989866 0.1714651 0.0281466 0.1351707 0.1028455 0.0945855 0.0244892 0.0513586 0.1226367 0.2134068 0.1043024 0.0964000 0.1027450 0.0954956 0.1983052 0.0775805 0.0000000 0.0244558 0.0999289 0.1012901 0.0889790 0.0954727 0.0764021 0.0864961 0.2232688 0.0936456 0.1285002 0.0729394 0.1866267 0.0902874 0.0484162 0.0255836 0.1133946 0.0865628 0.1186007 0.0811902 0.0191978 0.1218662 0.1885876 0.3062105 0.0788102 0.2265064 0.0257114 0.1206664 0.0968857 0.0143105 0.0962937 0.0884198 0.1365483 0.0871770 0.0702485 0.2061114 0.1059990 0.0953502 0.0889276 0.1447272 0.1201452 0.1347930 0.1228454 0.1439762 0.0633607 0.1734345 0.2676563 0.1037670 0.1701379 0.1187491 0.1730508 0.1802308 0.3141585 0.0771024 0.2992882 0.1370714 0.1022265 0.1730105 0.0899076 0.1215818 0.3045751 0.0242192 0.0941097 0.0980792 0.0940519 0.1000967 0.1121195 0.0949180 0.1131082 0.1694556 0.2291214 0.0256454 0.1964628 0.0950671 0.0911881 0.0294789 0.0243030 0.1051402 0.1168537 0.0808248 0.0993417 0.0957939 0.0988543 0.1103779 0.0765611 0.1016063 0.1096102 0.1658189 0.1171141 0.0146668 0.1003284 0.0991857 0.0374047 0.1143601 0.0813318 0.1163251 0.0566193 0.0910071 0.0812488 0.1082508 0.1040422 0.0932707 0.0876958 0.2347750 0.0977414 0.0912876 0.0647405 0.0890678 
S0405         0.2528024 0.0876258 0.0927376 0.1013209 0.1676143 0.0248751 0.1341906 0.1002331 0.0900764 0.0238509 0.0474475 0.1175725 0.2114470 0.1071621 0.0918295 0.1001985 0.0900815 0.1894856 0.0740073 0.0244558 0.0000000 0.0964219 0.1019942 0.0865132 0.0951903 0.0704805 0.0899187 0.2157065 0.0892500 0.1231905 0.0768282 0.1876806 0.0909403 0.0447409 0.0144520 0.1139889 0.0851502 0.1204105 0.0796077 0.0166543 0.1198669 0.1771360 0.3233333 0.0796240 0.2166277 0.0249524 0.1196106 0.0907962 0.0155570 0.0921536 0.0849753 0.1456362 0.0792636 0.0645523 0.1962132 0.1051599 0.0875938 0.0862364 0.1440950 0.1164046 0.1366597 0.1226925 0.1411007 0.0603303 0.1603865 0.2763190 0.1000477 0.1607979 0.1193771 0.1655766 0.1761542 0.3246384 0.0783663 0.2975948 0.1358244 0.1029670 0.1681318 0.0870695 0.1182655 0.3191249 0.0155188 0.0851817 0.0901989 0.0940822 0.0962018 0.1090354 0.0947769 0.1156251 0.1676358 0.2122396 0.0190951 0.1829865 0.0915144 0.0867571 0.0261264 0.0178895 0.1024378 0.1133302 0.0786951 0.0987065 0.0910521 0.0969970 0.1128682 0.0720230 0.1008633 0.1035245 0.1569989 0.1154066 0.0147367 0.0983352 0.0954384 0.0369967 0.1154728 0.0747955 0.1133881 0.0497901 0.0894750 0.0792176 0.1052913 0.1000572 0.0918036 0.0851064 0.2306638 0.0954799 0.0895600 0.0630152 0.0848024 
S0407sl       0.2770465 0.1023917 0.0827226 0.0386042 0.1452370 0.1017295 0.1310960 0.0380813 0.0830458 0.1009476 0.1141192 0.0560728 0.2189086 0.0460183 0.0491731 0.0828141 0.0875135 0.1797117 0.0990611 0.0999289 0.0964219 0.0000000 0.1115779 0.0341344 0.0955424 0.1015279 0.0425085 0.2307694 0.0401473 0.1179514 0.0962753 0.1941516 0.0373702 0.1037144 0.0925420 0.0559957 0.0510336 0.0879320 0.0923995 0.0910809 0.1104105 0.1862176 0.2924991 0.1055288 0.2332069 0.0959448 0.1202839 0.0911339 0.0899455 0.0923472 0.0839288 0.1424448 0.0603635 0.0230489 0.2146492 0.0736700 0.0523851 0.0888310 0.1574890 0.1157666 0.1252516 0.1203891 0.1291631 0.1253283 0.1576578 0.2568133 0.1244234 0.1743872 0.1152539 0.1627580 0.1664836 0.3036360 0.0769259 0.2721602 0.1326866 0.1017795 0.1794116 0.1102311 0.1187360 0.2876900 0.0954786 0.1200017 0.0896637 0.0451747 0.0625382 0.0780717 0.0617616 0.0532223 0.1791077 0.2250795 0.0920859 0.1982515 0.0900594 0.0872129 0.1015969 0.0968207 0.1113190 0.1132276 0.0984532 0.0531756 0.0941915 0.0974963 0.0579148 0.0983953 0.1010767 0.0259550 0.1558247 0.0887734 0.0890349 0.0872648 0.0877343 0.1089325 0.0524254 0.1145359 0.0827260 0.0922757 0.1064312 0.0763652 0.0923358 0.0667985 0.0844569 0.0880135 0.2209713 0.0780111 0.0851510 0.0862220 0.0889610 
S0412sl       0.2711950 0.0989214 0.1007136 0.1255594 0.1715069 0.1018710 0.1507947 0.1106374 0.1150863 0.1014615 0.1207650 0.1442186 0.2078624 0.1271610 0.1125519 0.1198748 0.1114126 0.2237837 0.1197280 0.1012901 0.1019942 0.1115779 0.0000000 0.1036880 0.1092668 0.1081398 0.1137216 0.2285249 0.1055598 0.1264784 0.0938248 0.1834356 0.1103672 0.1040324 0.1046677 0.1393243 0.0904124 0.1241785 0.0871198 0.1015192 0.1227760 0.2154995 0.3579308 0.0655616 0.2294275 0.1087267 0.1336239 0.1112354 0.1003060 0.1091047 0.0997035 0.1438043 0.0819595 0.0758384 0.1966608 0.1147846 0.1001179 0.1006435 0.1630299 0.1309365 0.1585617 0.1373295 0.1461941 0.1098566 0.1814965 0.2970167 0.1268323 0.1758678 0.1428067 0.1714415 0.1665818 0.3552126 0.1000948 0.3225610 0.1447655 0.1309434 0.1780651 0.1195229 0.1193370 0.3539290 0.1018644 0.1260640 0.1072940 0.1104450 0.1027462 0.1154006 0.1099481 0.1402073 0.1777812 0.2224639 0.1040369 0.1901802 0.1109348 0.1065828 0.1110025 0.1081198 0.1107632 0.1214252 0.1146830 0.1061109 0.1129363 0.1175426 0.1440461 0.1088133 0.1174638 0.1138457 0.1772743 0.1153935 0.0955881 0.1139462 0.1168414 0.1149284 0.1478837 0.1196008 0.1325938 0.1187318 0.0984432 0.0957480 0.1272829 0.1036437 0.1055353 0.0973979 0.2369844 0.1117707 0.1116999 0.0983295 0.0987636 
S0417         0.2703459 0.0908814 0.0810076 0.0385781 0.1418934 0.0903989 0.1181727 0.0366375 0.0804247 0.0881715 0.1121612 0.0585199 0.2033694 0.0431892 0.0343938 0.0845940 0.0817556 0.1645520 0.0975580 0.0889790 0.0865132 0.0341344 0.1036880 0.0000000 0.0912362 0.0971407 0.0388029 0.2169237 0.0342661 0.1075984 0.0882229 0.1815479 0.0358639 0.0951525 0.0874313 0.0518184 0.0386226 0.0888826 0.0804380 0.0813879 0.1043368 0.1692000 0.2999720 0.0925362 0.2221978 0.0860910 0.1141830 0.0868156 0.0802511 0.0880265 0.0782595 0.1208960 0.0577681 0.0189653 0.1997739 0.0699794 0.0484706 0.0793670 0.1497993 0.1069651 0.1139635 0.1144428 0.1217296 0.1164415 0.1488245 0.2671147 0.1070225 0.1674534 0.1084122 0.1449712 0.1489909 0.3114124 0.0710528 0.2760217 0.1313402 0.0988474 0.1722267 0.0990729 0.1098926 0.2916365 0.0856730 0.1137167 0.0799792 0.0327509 0.0643183 0.0801659 0.0564815 0.0530465 0.1611751 0.2113434 0.0836707 0.1869065 0.0860650 0.0844920 0.0903606 0.0874217 0.1039476 0.1044392 0.0904228 0.0532148 0.0900913 0.0961235 0.0574920 0.0880341 0.0967261 0.0372812 0.1470309 0.0847709 0.0806047 0.0803987 0.0869012 0.1003299 0.0575584 0.1060816 0.0798169 0.0863364 0.1042855 0.0736864 0.0909683 0.0586962 0.0777869 0.0798388 0.2239554 0.0721934 0.0838976 0.0833007 0.0794802 
S0419         0.2681381 0.1037029 0.0127421 0.0937047 0.1131172 0.1019297 0.1434117 0.1016480 0.0920189 0.0955770 0.1141798 0.1098991 0.2060445 0.1119440 0.0965951 0.0939097 0.0900400 0.1800494 0.0934858 0.0954727 0.0951903 0.0955424 0.1092668 0.0912362 0.0000000 0.0973007 0.1086331 0.2114481 0.0970143 0.0995975 0.0976880 0.1844170 0.0894279 0.0974680 0.0960864 0.1156791 0.0796379 0.1216749 0.0862219 0.0870528 0.0827758 0.1824022 0.3507240 0.0908142 0.2162512 0.0946160 0.1074414 0.0099684 0.0901161 0.0076909 0.0066979 0.1191619 0.0422258 0.0726818 0.1953407 0.0991116 0.0869361 0.0829487 0.1362470 0.0960056 0.1295469 0.1036800 0.1196220 0.1169518 0.1163506 0.3035443 0.1033008 0.1631851 0.1173352 0.1459692 0.1526990 0.3570837 0.0033523 0.3181611 0.1233048 0.1008847 0.1642273 0.1070327 0.1179247 0.3385622 0.0939301 0.1104494 0.0988496 0.0987753 0.0889759 0.1014420 0.1038515 0.1126293 0.1630570 0.2069254 0.0916345 0.1799175 0.0915718 0.0917094 0.0978562 0.0947342 0.1142552 0.1064599 0.1020821 0.0959207 0.0975166 0.1020267 0.1179097 0.0945484 0.0097651 0.1008342 0.1147158 0.1089133 0.0877227 0.0908074 0.0895805 0.1061427 0.1265778 0.1074614 0.1286583 0.0919503 0.1020754 0.0766556 0.0911299 0.0868202 0.0867330 0.0867689 0.2207401 0.0816252 0.0898340 0.0798107 0.0860338 
S0427         0.2545258 0.0868037 0.0888760 0.1065269 0.1451433 0.0795136 0.1209437 0.1036783 0.0932676 0.0692596 0.0892141 0.1246016 0.1922927 0.1114518 0.1027318 0.0978101 0.0842285 0.1847387 0.0559085 0.0764021 0.0704805 0.1015279 0.1081398 0.0971407 0.0973007 0.0000000 0.0976073 0.1983129 0.0940808 0.1177508 0.0891133 0.1635995 0.1005375 0.0784059 0.0753770 0.1115730 0.0885109 0.1267248 0.0773893 0.0696332 0.1128968 0.1682168 0.2925930 0.0923596 0.1986944 0.0723999 0.1194533 0.0973267 0.0685097 0.0956127 0.0858908 0.1399174 0.0686629 0.0654047 0.1842107 0.1084901 0.0877933 0.0869568 0.1249075 0.1120889 0.1348627 0.1185469 0.1253641 0.0887610 0.1514227 0.2634952 0.1094549 0.1467483 0.1207576 0.1507603 0.1614904 0.3043561 0.0846568 0.2665525 0.1309293 0.1000472 0.1539612 0.0904321 0.1188214 0.2840083 0.0710230 0.0981320 0.0921484 0.1020069 0.0981672 0.1135275 0.0990406 0.1253696 0.1478578 0.2019271 0.0755489 0.1739833 0.0851583 0.0928636 0.0811415 0.0739679 0.0966429 0.1108913 0.0867282 0.0947821 0.0958538 0.1002540 0.1255534 0.0831945 0.1057730 0.1031470 0.1460830 0.1199882 0.0644842 0.1019095 0.0874334 0.0848634 0.1195685 0.0784761 0.1200496 0.0771871 0.0986889 0.0756665 0.1029868 0.1049616 0.0911321 0.0890470 0.2322190 0.0918773 0.0858717 0.0466712 0.0855297 
S0428sl       0.2812697 0.0970709 0.0950835 0.0517497 0.1524426 0.0959605 0.1391208 0.0498283 0.0976030 0.0949639 0.1189095 0.0778460 0.2272973 0.0591095 0.0557155 0.0866021 0.0836898 0.1967031 0.1000301 0.0864961 0.0899187 0.0425085 0.1137216 0.0388029 0.1086331 0.0976073 0.0000000 0.2323845 0.0427267 0.1246453 0.0867423 0.1905390 0.0504381 0.0929998 0.0896724 0.0655275 0.0513606 0.0872891 0.0890146 0.0876771 0.1177229 0.1936337 0.3073483 0.1053582 0.2253498 0.0913627 0.1304999 0.1022043 0.0833691 0.1018172 0.0927870 0.1422599 0.0724939 0.0325505 0.2104418 0.0843501 0.0590945 0.0842899 0.1585465 0.1212727 0.1306439 0.1275363 0.1409529 0.1196531 0.1639242 0.2646047 0.1160200 0.1690293 0.1121536 0.1646772 0.1612531 0.3105658 0.0916844 0.2712966 0.1349646 0.1043322 0.1753247 0.1142281 0.1217560 0.2980376 0.0894058 0.1129078 0.0952814 0.0508769 0.0734068 0.0892262 0.0663523 0.0683600 0.1684036 0.2283860 0.0870338 0.1882194 0.0849327 0.0927998 0.0937588 0.0857173 0.1118700 0.1162092 0.1029941 0.0655178 0.1001993 0.1087843 0.0746732 0.0914469 0.1148160 0.0471537 0.1580921 0.0976459 0.0788623 0.0937575 0.0828918 0.1006482 0.0689536 0.1059844 0.0909230 0.0916603 0.0984243 0.0686785 0.0962666 0.0703086 0.0961583 0.0830574 0.2287661 0.0921699 0.0783903 0.0887199 0.0827033 
S0430         0.3545228 0.2336544 0.1974562 0.2313615 0.1816418 0.2093830 0.0138968 0.2156818 0.2236721 0.2203942 0.1898052 0.2253266 0.0867947 0.2451912 0.2054868 0.2252262 0.2349690 0.0265170 0.2235400 0.2232688 0.2157065 0.2307694 0.2285249 0.2169237 0.2114481 0.1983129 0.2323845 0.0000000 0.2223674 0.2179644 0.2066411 0.1190078 0.2219141 0.2148194 0.2156952 0.2521230 0.2016331 0.2525284 0.2215578 0.2008589 0.2017483 0.0302173 0.4378990 0.2228801 0.0391856 0.2040874 0.2194067 0.2117461 0.2053418 0.2096094 0.2004143 0.2278654 0.1444854 0.1751868 0.1198574 0.2450006 0.1857035 0.2190448 0.0978990 0.2319046 0.2435815 0.2292529 0.2424936 0.1958358 0.1466562 0.3906979 0.2623944 0.0972153 0.0745012 0.1985033 0.2128435 0.4429475 0.1867779 0.4304363 0.2646056 0.2493917 0.0973738 0.2127828 0.2246578 0.4349721 0.2063578 0.2212828 0.2276433 0.2311174 0.2354250 0.2535373 0.2132690 0.2430203 0.0996788 0.0259183 0.2203122 0.0886776 0.2268008 0.2249155 0.2125555 0.2120646 0.2242502 0.2153494 0.1992423 0.2225236 0.2262845 0.2324125 0.2400866 0.2192956 0.2116310 0.2446357 0.1415581 0.2484156 0.2006920 0.2231195 0.2382003 0.2116868 0.2228062 0.2382430 0.2399289 0.2209651 0.2349312 0.2012323 0.2189670 0.2292906 0.2303371 0.2210928 0.2781581 0.2081187 0.2351108 0.2076421 0.2183049 
S0478         0.2731367 0.0995694 0.0869779 0.0446771 0.1477579 0.0946525 0.1240557 0.0404070 0.0875019 0.0909248 0.1124086 0.0638971 0.2118075 0.0547890 0.0420166 0.0884792 0.0821354 0.1760334 0.0973070 0.0936456 0.0892500 0.0401473 0.1055598 0.0342661 0.0970143 0.0940808 0.0427267 0.2223674 0.0000000 0.1136424 0.0964416 0.1804671 0.0434046 0.0993686 0.0883191 0.0583722 0.0421727 0.0879068 0.0894593 0.0868961 0.1103111 0.1796851 0.2857457 0.1025210 0.2361215 0.0916929 0.1124008 0.0939822 0.0857595 0.0938221 0.0853939 0.1327561 0.0631162 0.0163309 0.2038512 0.0747733 0.0457411 0.0874816 0.1502270 0.1085295 0.1167614 0.1160817 0.1247771 0.1136641 0.1505385 0.2502463 0.1167626 0.1722191 0.1045231 0.1491796 0.1543393 0.2992148 0.0783095 0.2641639 0.1238637 0.1000261 0.1758435 0.1017469 0.1172181 0.2799086 0.0883818 0.1183819 0.0797688 0.0415175 0.0665831 0.0808622 0.0563672 0.0583256 0.1613187 0.2203791 0.0878521 0.1892997 0.0902564 0.0928908 0.0972970 0.0898500 0.1054255 0.1088927 0.0975534 0.0530696 0.0970983 0.1032446 0.0660555 0.0954048 0.0997466 0.0422603 0.1487367 0.0870550 0.0817057 0.0859372 0.0893178 0.1017579 0.0627326 0.1119019 0.0798100 0.0935415 0.1057403 0.0778254 0.0924619 0.0639600 0.0786779 0.0880038 0.2099495 0.0861371 0.0867223 0.0832998 0.0876093 
S0552sl       0.2720721 0.1214016 0.0923912 0.1183070 0.1304310 0.1336260 0.1463231 0.1105282 0.1124532 0.1198639 0.1370894 0.1303418 0.2230016 0.1268443 0.1174793 0.1080063 0.1100455 0.1835513 0.1309584 0.1285002 0.1231905 0.1179514 0.1264784 0.1075984 0.0995975 0.1177508 0.1246453 0.2179644 0.1136424 0.0000000 0.1199087 0.2056009 0.1188626 0.1230872 0.1272270 0.1387346 0.1090304 0.1395687 0.1096658 0.1201181 0.1222895 0.1808355 0.3162354 0.1149654 0.2216270 0.1272406 0.0372278 0.1061368 0.1206083 0.1025615 0.0938127 0.0877057 0.0705803 0.0859492 0.2039084 0.1236022 0.1158345 0.1114327 0.1665468 0.0352040 0.0750325 0.0200615 0.0356102 0.1465505 0.1707499 0.2843626 0.1319782 0.1720861 0.1225645 0.0936638 0.0999648 0.3276657 0.0862178 0.2901221 0.0753718 0.1238865 0.1823475 0.1253722 0.1242038 0.3114304 0.1234506 0.1462513 0.1182666 0.1264242 0.1111067 0.1274003 0.1238988 0.1392438 0.1762200 0.2177596 0.1247345 0.1846731 0.1104415 0.1213602 0.1309227 0.1287759 0.1266384 0.1121837 0.1184175 0.1120059 0.1179350 0.1305232 0.1283015 0.1205681 0.1084067 0.1267810 0.1688664 0.1255680 0.1184370 0.1093596 0.1149144 0.1359547 0.1437969 0.1418381 0.1550323 0.1274208 0.1240421 0.0922164 0.1180285 0.1148006 0.0661666 0.1089212 0.2423298 0.1113144 0.1102939 0.1034206 0.1085220 
S0558         0.2678054 0.0846279 0.0907476 0.0963304 0.1617198 0.0794286 0.1279625 0.1004847 0.0860480 0.0827436 0.1007810 0.1229371 0.2048976 0.1117906 0.0949730 0.0973303 0.0983620 0.1723713 0.0874625 0.0729394 0.0768282 0.0962753 0.0938248 0.0882229 0.0976880 0.0891133 0.0867423 0.2066411 0.0964416 0.1199087 0.0000000 0.1728229 0.1000300 0.0841522 0.0805815 0.1171248 0.0717477 0.1100857 0.0781192 0.0732477 0.1252457 0.1721688 0.3213220 0.0714607 0.2136411 0.0791159 0.1185566 0.0979745 0.0735268 0.0991866 0.0891822 0.1260275 0.0794227 0.0670825 0.1862800 0.0899417 0.0852599 0.0966219 0.1455737 0.1174696 0.1315350 0.1176570 0.1292915 0.0990873 0.1631220 0.2669437 0.1157252 0.1592819 0.1198346 0.1443199 0.1521801 0.3172661 0.0882496 0.2886939 0.1308610 0.1156067 0.1647213 0.0822518 0.1106004 0.3098026 0.0762137 0.0978352 0.0949044 0.0983466 0.0841850 0.0917922 0.0850837 0.1171282 0.1565020 0.1971846 0.0808949 0.1763504 0.0950853 0.0843389 0.0824158 0.0773957 0.0994452 0.1088323 0.0791699 0.0891079 0.0886435 0.0941268 0.1149288 0.0854726 0.1061950 0.1033892 0.1577313 0.1043878 0.0695134 0.0983799 0.1001486 0.0903878 0.1172257 0.0956758 0.1064726 0.0898977 0.1053011 0.0858220 0.1010154 0.0908786 0.0905587 0.0960281 0.2398444 0.0969767 0.0974856 0.0816147 0.0965710 
