125
S0055       0.0000000 0.0743465 0.0502059 0.0915344 0.1045817 0.0972879 0.0617384 0.0666721 0.0922593 0.0649665 0.1200710 0.1005883 0.0784024 0.0592204 0.1107334 0.0732389 1.3022666 0.0504152 0.0509514 0.0622282 0.0907308 0.0864269 0.0704918 0.0483019 0.0787968 0.0776535 0.0746042 0.0768855 0.0980816 0.0714527 0.1005718 0.0704442 0.0545595 0.1022338 0.0736960 0.0623653 0.0634542 0.0786392 0.0827642 0.1628294 0.0609307 0.0822868 0.0585532 0.0828133 0.0864638 0.0501858 0.0739119 0.0821168 0.0833536 0.0660452 0.0783834 0.0905536 0.0922592 0.0442448 0.0503718 0.0899744 0.0783656 0.0794820 0.0702808 0.1102010 0.0917221 0.1420611 0.0797830 1.9871126 0.0615718 0.0713093 0.0626172 0.1749471 0.0776937 0.1725174 0.0912056 0.0705096 0.0976881 0.0626335 0.0941397 0.1725174 0.0706779 0.0704479 0.0575504 0.0878764 0.0926339 0.1067497 0.0701576 0.0789933 0.0856344 0.0774004 0.0749158 0.0829374 0.0501924 0.0916100 0.0824972 1.1596504 0.0667952 0.0585207 0.0271753 0.0939649 0.0497852 0.0675400 0.0831243 0.0801654 0.0902570 0.0580031 0.0822921 0.0956519 0.0874891 0.0962290 0.0394475 0.0917221 0.0830334 0.0569728 0.0507455 0.0992961 0.0664734 0.0861410 0.0632392 0.0528402 0.0583938 0.0467743 0.0964127 0.0667881 0.0427483 0.0776116 0.0497728 0.0798242 0.0508107 
S0281       0.0743465 0.0000000 0.0843962 0.1064271 0.1413467 0.1219332 0.0971648 0.1037550 0.1322351 0.0840889 0.1271182 0.1120149 0.1100476 0.0981380 0.1177290 0.1064150 1.3022666 0.0847860 0.0857321 0.1070852 0.1255921 0.0654254 0.1011476 0.0656433 0.1115532 0.1130913 0.0986476 0.0953828 0.1169912 0.0904808 0.1370008 0.1072870 0.0895753 0.1228609 0.1154819 0.0984391 0.0896293 0.0537287 0.1149138 0.1996984 0.0863010 0.0965806 0.0981305 0.1124146 0.0654522 0.0804069 0.0613595 0.0613843 0.1175282 0.0383940 0.1011758 0.0876488 0.1216279 0.0841292 0.0794328 0.0828321 0.1115597 0.1041047 0.1040960 0.1135058 0.0654400 0.1869588 0.0931963 1.9871126 0.0706459 0.0952507 0.0917990 0.2134188 0.0572739 0.2048538 0.1063905 0.0787311 0.0898471 0.0992647 0.1283127 0.2048538 0.1076438 0.1069749 0.0807035 0.1324219 0.1221460 0.1179887 0.1061417 0.1082436 0.1190841 0.0913151 0.1073794 0.1061442 0.0843722 0.0872431 0.1010898 1.8185127 0.1034199 0.0940439 0.0776980 0.1192122 0.0793283 0.1138434 0.1064302 0.1126684 0.1248958 0.0838544 0.0615095 0.1244919 0.0615206 0.1258417 0.0729148 0.0654400 0.1244430 0.0786510 0.0755899 0.1446494 0.1029013 0.1203185 0.1090376 0.0951582 0.0755391 0.0838699 0.1124470 0.0893381 0.0794016 0.0700288 0.0582366 0.0929439 0.0801680 
S0282       0.0502059 0.0843962 0.0000000 0.1027172 0.0860146 0.0988015 0.0235640 0.0314670 0.0954114 0.0700527 0.1187046 0.0933720 0.0889449 0.0775271 0.1075169 0.0934481 1.3022666 0.0133511 0.0100691 0.0428091 0.0822774 0.0887171 0.0673593 0.0658840 0.0943268 0.0909790 0.0764641 0.0653038 0.0960793 0.0726522 0.0780753 0.0308823 0.0134145 0.0925310 0.0736222 0.0591994 0.0206182 0.0673741 0.1022993 0.1398468 0.0583460 0.0843989 0.0237564 0.0797408 0.0887560 0.0132968 0.0758366 0.0842773 0.0887842 0.0629104 0.0701710 0.0977811 0.1022676 0.0487068 0.0511216 0.0922279 0.0752820 0.0814929 0.0763019 0.0767378 0.0886819 0.1294880 0.0837499 1.9871126 0.0630640 0.0597540 0.0549917 0.1513271 0.0797194 0.1546970 0.0881762 0.0623193 0.1002412 0.0468852 0.0956208 0.1546970 0.0238901 0.0466162 0.0541929 0.0795119 0.1026914 0.1166569 0.0936873 0.0707118 0.0758321 0.0793054 0.0902354 0.0885896 0.0132983 0.1037777 0.0701780 1.0650178 0.0239348 0.0203185 0.0575891 0.0954409 0.0240491 0.0631986 0.0843924 0.0855276 0.0859627 0.0315272 0.0801362 0.0997423 0.0844260 0.1063351 0.0066781 0.0886819 0.0928713 0.0500531 0.0134343 0.0852235 0.0350149 0.0697868 0.0428092 0.0573621 0.0591698 0.0636092 0.1065423 0.0636208 0.0511028 0.0745540 0.0504201 0.0766945 0.0515735 
S0288       0.0915344 0.1064271 0.1027172 0.0000000 0.1603815 0.1444481 0.1160813 0.1087879 0.1374400 0.0268669 0.1261958 0.1451927 0.0203120 0.1235230 0.1374875 0.0104920 1.3022666 0.1032135 0.0991972 0.1167809 0.1531146 0.1348867 0.1094362 0.1182439 0.0170978 0.1464246 0.1160395 0.1057250 0.0805467 0.0246735 0.1604413 0.1269361 0.1174587 0.1821242 0.1300843 0.1171843 0.1071156 0.1156578 0.0204206 0.1880022 0.1096324 0.0203195 0.1265549 0.1296545 0.1349508 0.1026708 0.1204737 0.1298632 0.1520179 0.0969711 0.1360165 0.0819185 0.1634476 0.1028499 0.0968149 0.0459550 0.1202208 0.1219026 0.1262870 0.1488975 0.1162867 0.1755341 0.1220292 1.9871126 0.0744530 0.1282671 0.1206901 0.2012691 0.1246188 0.1981823 0.1413450 0.1053504 0.0856214 0.1120083 0.1257475 0.1981823 0.1209410 0.1201175 0.1140777 0.1537566 0.1641800 0.1540981 0.0135179 0.1274664 0.1266577 0.0647803 0.0136554 0.0135172 0.1116225 0.0733507 0.1322534 0.9364953 0.1229808 0.1222931 0.0948834 0.1209750 0.0962349 0.1384433 0.1280606 0.1241239 0.1598564 0.0962942 0.1253341 0.1698007 0.1208460 0.1627611 0.0997754 0.1254808 0.1222882 0.1007005 0.1129952 0.1705390 0.1222686 0.1399539 0.1176389 0.1000322 0.1007475 0.1080779 0.1683055 0.1226583 0.0838040 0.1093996 0.0958556 0.1158908 0.0977375 
S0289       0.1045817 0.1413467 0.0860146 0.1603815 0.0000000 0.1479648 0.0984584 0.1041923 0.0656362 0.1415951 0.1873003 0.0200135 0.1613871 0.1197660 0.1510676 0.1546017 0.0000027 0.0947615 0.0915354 0.0920422 0.0571032 0.1261560 0.1102853 0.0539382 0.1584689 0.0705879 0.1137605 0.0999938 0.1444295 0.1295723 0.0385883 0.0998525 0.0995595 0.0396426 0.0699404 0.1068750 0.1057511 0.1303057 0.1671234 0.1944665 0.0969287 0.1460791 0.0990593 0.1211300 0.1357227 0.0942893 0.1254901 0.1355103 0.1159344 0.1155660 0.0624877 0.1344859 0.0852778 0.0614228 0.1066106 0.1397601 0.1110782 0.1180102 0.1085586 0.1514642 0.1405723 0.1516132 0.1252050 0.8414704 0.1094007 0.0996336 0.0963997 0.1969365 0.1301579 0.1945346 0.1300118 0.1028782 0.1496957 0.1045784 0.1493629 0.1945346 0.0955947 0.1139577 0.0994988 0.0470126 0.0856275 0.1040864 0.1572520 0.0590868 0.0392883 0.1300766 0.1489498 0.1365729 0.0943034 0.1361908 0.1205756 0.8031423 0.0915630 0.1040086 0.1126941 0.1497699 0.0991559 0.0632867 0.1359258 0.1374512 0.0349944 0.1044316 0.1309159 0.0422874 0.1357802 0.0980303 0.0781466 0.1310696 0.1403456 0.0870977 0.0950611 0.0495182 0.1085887 0.0700851 0.1054011 0.1032898 0.0939538 0.1033963 0.0864497 0.0988617 0.1065658 0.1057416 0.0877770 0.1301151 0.1072497 
S0292       0.0972879 0.1219332 0.0988015 0.1444481 0.1479648 0.0000000 0.1031453 0.1094344 0.1339094 0.1257320 0.1815253 0.1443366 0.1385434 0.1023501 0.1266037 0.1360338 1.3022666 0.0949991 0.0961107 0.1129478 0.1318893 0.1215111 0.1053864 0.0917650 0.1355205 0.1188701 0.1088884 0.1004733 0.1138919 0.1280164 0.1436531 0.1136095 0.1043551 0.1461509 0.1260475 0.0996506 0.1089808 0.1117055 0.1438456 0.1884691 0.1114254 0.1289770 0.1132740 0.1211948 0.1211041 0.0987569 0.1119469 0.1161776 0.1221541 0.0976267 0.1224540 0.1334900 0.1370256 0.0935196 0.0612827 0.1344055 0.1070752 0.1240787 0.0996229 0.1599296 0.1307865 0.1864075 0.1206377 1.9871126 0.1040104 0.0997065 0.1059469 0.2017614 0.1160691 0.2046109 0.1212656 0.0913410 0.1352099 0.1138132 0.0573062 0.2046109 0.1232895 0.1222611 0.0949600 0.1388705 0.1376207 0.1543697 0.1345328 0.1234905 0.1196249 0.1006767 0.1361516 0.1345398 0.0987725 0.1328184 0.1083543 1.0074324 0.1189199 0.1090566 0.1006747 0.0532982 0.0933734 0.1013766 0.0238199 0.0349514 0.1216327 0.0979516 0.1215001 0.1573593 0.1260891 0.1486989 0.0870044 0.1307865 0.0611524 0.0910782 0.0999756 0.1367306 0.1183134 0.1217270 0.1197354 0.1005836 0.0746340 0.0975285 0.1442703 0.1035273 0.0575053 0.1054565 0.0782047 0.1161048 0.0618196 
S0293       0.0617384 0.0971648 0.0235640 0.1160813 0.0984584 0.1031453 0.0000000 0.0462345 0.0997698 0.0835858 0.1523062 0.0982369 0.1018619 0.0817215 0.1171883 0.1070871 1.3022666 0.0133610 0.0238937 0.0619753 0.0863325 0.1015881 0.0836243 0.0718064 0.1075312 0.0951154 0.0849833 0.0864297 0.1178448 0.0852327 0.0820936 0.0344385 0.0237425 0.0967477 0.0774833 0.0712076 0.0386189 0.0796228 0.1156061 0.1641090 0.0701702 0.0971666 0.0343575 0.0838524 0.1016335 0.0166818 0.0883417 0.0970080 0.1016789 0.0749626 0.0700150 0.1120943 0.1023296 0.0485944 0.0628747 0.0964295 0.0711350 0.0943808 0.0720918 0.0946877 0.0928845 0.1434465 0.0836693 1.9871126 0.0715681 0.0760683 0.0720735 0.1763556 0.0922821 0.1796140 0.0838869 0.0662302 0.1137663 0.0584510 0.0999934 0.1796140 0.0418238 0.0581074 0.0667117 0.0961404 0.1027538 0.1167273 0.1067857 0.0705528 0.0799237 0.0918057 0.0989399 0.1014547 0.0235580 0.1184233 0.0741455 1.0650178 0.0383183 0.0308578 0.0692455 0.0998051 0.0421370 0.0671666 0.0885604 0.0897612 0.0900269 0.0425681 0.0972255 0.1039587 0.0971838 0.1063985 0.0169028 0.1015480 0.0971035 0.0538248 0.0238009 0.0892486 0.0460947 0.0696318 0.0541984 0.0689626 0.0631065 0.0676111 0.1066060 0.0758339 0.0628510 0.0868241 0.0542209 0.0935128 0.0634399 
S0294       0.0666721 0.1037550 0.0314670 0.1087879 0.1041923 0.1094344 0.0462345 0.0000000 0.1118838 0.0764557 0.1302442 0.1113581 0.0946197 0.0919999 0.1340111 0.0995089 1.3022666 0.0352640 0.0355011 0.0589428 0.0960608 0.0988396 0.0803362 0.0930508 0.1002055 0.1051789 0.0949507 0.0791146 0.1018537 0.0829707 0.0916666 0.0467572 0.0391751 0.1070381 0.0869475 0.0560672 0.0474829 0.0851458 0.1083378 0.1470139 0.0753575 0.0899441 0.0466408 0.0981831 0.0988842 0.0351095 0.0854776 0.0942215 0.1033823 0.0803242 0.0834535 0.0897907 0.1173570 0.0616978 0.0679224 0.0935886 0.0934134 0.0958125 0.0947316 0.0779242 0.0987999 0.1362234 0.0807994 1.9871126 0.0640333 0.0812461 0.0822617 0.1588972 0.0894634 0.1622852 0.1070796 0.0766636 0.0972325 0.0594617 0.1016291 0.1622852 0.0431059 0.0550573 0.0672287 0.0925952 0.1178560 0.1394207 0.0995096 0.0841132 0.0896440 0.0804532 0.0960232 0.0942364 0.0351138 0.1005719 0.0891654 1.0650178 0.0431947 0.0429655 0.0743434 0.1060697 0.0465284 0.0763927 0.1031748 0.1046380 0.0998310 0.0394234 0.0894634 0.1143621 0.0943941 0.1215561 0.0245833 0.0987999 0.1031298 0.0704496 0.0354912 0.0989446 0.0429636 0.0829866 0.0589604 0.0660393 0.0764652 0.0725843 0.1173567 0.0770416 0.0678961 0.0839926 0.0669565 0.0860083 0.0685466 
S0299       0.0922593 0.1322351 0.0954114 0.1374400 0.0656362 0.1339094 0.0997698 0.1118838 0.0000000 0.1250725 0.1834342 0.0426077 0.1313951 0.0946953 0.1525049 0.1233693 1.3022666 0.0958722 0.0969729 0.1105169 0.0818766 0.1224718 0.1010143 0.0483071 0.1272192 0.0652813 0.1037583 0.1106950 0.1448385 0.1161955 0.0618117 0.0967533 0.1009473 0.0543847 0.0735515 0.0981957 0.0961686 0.1204896 0.1368424 0.1887002 0.1017169 0.1209142 0.1098960 0.1021167 0.1323619 0.0953681 0.1173144 0.1270758 0.1274904 0.1064118 0.0699160 0.1278011 0.0895788 0.0514316 0.0971243 0.1303675 0.0976046 0.1128957 0.1078965 0.1200116 0.1271292 0.1587609 0.0973824 1.9871126 0.0887155 0.0994289 0.0904594 0.1912010 0.1216343 0.1938675 0.1170177 0.0925578 0.1297215 0.1010516 0.1408031 0.1938675 0.0963838 0.1172268 0.0943629 0.0576197 0.0899643 0.0947803 0.1272139 0.0704653 0.0416841 0.1155820 0.1190768 0.1225983 0.0953832 0.1294464 0.1011069 0.9312539 0.0921487 0.1003826 0.1005654 0.1407382 0.1010380 0.0668114 0.1267590 0.1291486 0.0406944 0.1065670 0.1273917 0.0613860 0.1222729 0.1030328 0.0786334 0.1174978 0.1269505 0.0867992 0.0965518 0.0521258 0.1097162 0.0690386 0.1167571 0.0954867 0.0842088 0.0841189 0.0850639 0.0987488 0.0928916 0.1058691 0.0781341 0.1215691 0.0980919 
S0303       0.0649665 0.0840889 0.0700527 0.0268669 0.1415951 0.1257320 0.0835858 0.0764557 0.1250725 0.0000000 0.1162140 0.1453516 0.0265957 0.0975050 0.1105862 0.0157678 1.3022666 0.0703953 0.0659659 0.0944774 0.1293483 0.1139227 0.0883500 0.1109114 0.0189615 0.1277862 0.1042356 0.0889485 0.0813539 0.0226861 0.1407137 0.0941546 0.0846156 0.1494597 0.1182373 0.0898723 0.0706303 0.0977311 0.0267564 0.1655721 0.0927315 0.0188119 0.0938650 0.1140700 0.1139802 0.0700202 0.0988783 0.1087003 0.1313020 0.0836710 0.1193456 0.0812802 0.1436293 0.0887287 0.0799739 0.0471944 0.1038409 0.1104105 0.1103187 0.0812385 0.0991993 0.1527416 0.0950462 1.9871126 0.0746018 0.1063026 0.0913115 0.1794080 0.1032967 0.1765808 0.1143070 0.0782853 0.0820982 0.0850212 0.1107058 0.1765808 0.0786373 0.1039889 0.0855115 0.1204865 0.1443259 0.1490238 0.0189624 0.1153749 0.1118188 0.0637611 0.0152698 0.0189614 0.0790575 0.0715123 0.0920208 1.1155185 0.0799689 0.0794600 0.0733200 0.1006474 0.0742398 0.1104265 0.1134532 0.1042669 0.1337541 0.0839504 0.1039209 0.1517189 0.1040218 0.1484665 0.0666284 0.1089233 0.1072549 0.0788735 0.0800709 0.1452170 0.0950744 0.1176485 0.0899152 0.0921196 0.0747399 0.0909980 0.1488052 0.0951446 0.0752237 0.1078703 0.0788491 0.0947946 0.0807982 
S0308       0.1200710 0.1271182 0.1187046 0.1261958 0.1873003 0.1815253 0.1523062 0.1302442 0.1834342 0.1162140 0.0000000 0.1740853 0.1205969 0.1384202 0.1929603 0.1125686 1.3022666 0.1384941 0.1352038 0.1438671 0.1796275 0.1525002 0.1368613 0.1284024 0.1222904 0.1444960 0.1231439 0.1383653 0.1100211 0.1105582 0.1933600 0.1646400 0.1392694 0.1916186 0.1626740 0.1439830 0.1281205 0.1419752 0.1193894 0.1850923 0.1444920 0.1066568 0.1539949 0.1326096 0.1525759 0.1377060 0.1421065 0.1471701 0.1505859 0.1217428 0.1641318 0.0936353 0.1777035 0.1294493 0.1171396 0.0970797 0.1387598 0.1244946 0.1291806 0.1664109 0.1526554 0.1962775 0.1585087 1.9871126 0.0894118 0.1360771 0.1183118 0.1984242 0.1415747 0.1832289 0.1395172 0.1273111 0.1008550 0.1448228 0.1733881 0.1832289 0.1549960 0.1589618 0.1323955 0.1673260 0.1731734 0.1860878 0.1166116 0.1604753 0.1682231 0.0881983 0.1180011 0.1166156 0.1377307 0.0988835 0.1562670 1.5316171 0.1503855 0.1495265 0.1144005 0.1575230 0.1219907 0.1568816 0.1628597 0.1709434 0.1785678 0.1365417 0.1424266 0.1813094 0.1476838 0.1717761 0.1254001 0.1526554 0.1577890 0.1251808 0.1395034 0.1798825 0.1494875 0.1682158 0.1515164 0.1155706 0.1317408 0.1222247 0.1827677 0.1400890 0.1170888 0.1332191 0.1153342 0.1345631 0.1183099 
S0320       0.1005883 0.1120149 0.0933720 0.1451927 0.0200135 0.1443366 0.0982369 0.1113581 0.0426077 0.1453516 0.1740853 0.0000000 0.1519336 0.1060907 0.1605867 0.1435966 1.3022666 0.0938755 0.0946654 0.1121202 0.0506075 0.1120793 0.1054142 0.0313494 0.1471543 0.0604008 0.0927141 0.0994748 0.1389376 0.1289896 0.0201444 0.1045979 0.0995341 0.0207881 0.0654053 0.1018397 0.0942012 0.1053003 0.1584572 0.2013790 0.1008740 0.1344775 0.1044113 0.0961514 0.1229142 0.0884053 0.1064675 0.1171450 0.1067245 0.0900473 0.0612731 0.1171798 0.0771283 0.0544770 0.1015813 0.1229389 0.0911315 0.1023276 0.0921789 0.1024813 0.1174070 0.1617307 0.1126522 1.9871126 0.0814048 0.0878309 0.0826304 0.2044549 0.1112342 0.2007615 0.1067832 0.0805178 0.1205297 0.0946782 0.1518199 0.2007615 0.0940860 0.1166272 0.0861906 0.0425754 0.0774989 0.0821115 0.1471427 0.0569888 0.0249136 0.1119205 0.1378268 0.1291414 0.0884463 0.1175858 0.1061125 1.2393623 0.0893672 0.0938565 0.1100668 0.1463632 0.0990576 0.0618905 0.1358782 0.1386174 0.0204464 0.1047994 0.1174658 0.0376151 0.1120789 0.0919839 0.0746649 0.1068427 0.1354948 0.0897273 0.0946216 0.0372812 0.1166462 0.0604079 0.1117570 0.0989130 0.0868361 0.0979817 0.0783708 0.0815062 0.1015316 0.1005835 0.0798641 0.1289852 0.1027379 
S0322       0.0784024 0.1100476 0.0889449 0.0203120 0.1613871 0.1385434 0.1018619 0.0946197 0.1313951 0.0265957 0.1205969 0.1519336 0.0000000 0.1179006 0.1312548 0.0068995 1.3022666 0.0893604 0.0851602 0.1070373 0.1540565 0.1291613 0.1042671 0.1114493 0.0169437 0.1405941 0.1106631 0.1056622 0.0801122 0.0172969 0.1564543 0.1121634 0.1030417 0.1752694 0.1290449 0.1117441 0.0931957 0.1192783 0.0133683 0.1911066 0.0958453 0.0133035 0.1076813 0.1240420 0.1292218 0.0889058 0.1150259 0.1242416 0.1361462 0.1005720 0.1396567 0.0768547 0.1570406 0.1020365 0.0918409 0.0493124 0.1147878 0.1163707 0.1206839 0.1321414 0.1199264 0.1687381 0.1164915 1.9871126 0.0659561 0.1225515 0.1144458 0.2043418 0.1191144 0.2013801 0.1354332 0.1002426 0.0807584 0.1019337 0.1243742 0.2013801 0.1017247 0.1104177 0.1089002 0.1475372 0.1577353 0.1578961 0.0066381 0.1360686 0.1317433 0.0605170 0.0135333 0.0133972 0.0975484 0.0684185 0.1266777 0.9364953 0.1082745 0.1076739 0.0900353 0.1196616 0.0868360 0.1281868 0.1225385 0.1227864 0.1536518 0.0912348 0.1197869 0.1708688 0.1244809 0.1614771 0.0859252 0.1291111 0.1120989 0.0956834 0.0987218 0.1641075 0.1076556 0.1341283 0.1119809 0.0950569 0.0957267 0.1027986 0.1618125 0.1170758 0.0790624 0.1129734 0.0909477 0.1105256 0.0927040 
S0335       0.0592204 0.0981380 0.0775271 0.1235230 0.1197660 0.1023501 0.0817215 0.0919999 0.0946953 0.0975050 0.1384202 0.1060907 0.1179006 0.0000000 0.1194126 0.1088757 1.3022666 0.0778867 0.0744827 0.0867663 0.1046275 0.0980352 0.0857977 0.0748053 0.1092681 0.0844499 0.0910872 0.0840099 0.1113630 0.1019591 0.1106081 0.0816679 0.0782277 0.1223353 0.0947972 0.0827350 0.0870759 0.0987711 0.1167065 0.1720737 0.0853523 0.1080210 0.0912595 0.0904636 0.0977114 0.0774931 0.0890524 0.0931046 0.1090752 0.0850741 0.0867745 0.1096072 0.1033780 0.0587120 0.0634191 0.1027335 0.0857466 0.0965239 0.0772340 0.1230671 0.1025439 0.1599350 0.0907647 1.9871126 0.0804851 0.0827486 0.0786476 0.1851311 0.0930312 0.1931399 0.0993177 0.0679289 0.1114536 0.0821902 0.1101427 0.1931399 0.1007828 0.1046147 0.0729483 0.1061463 0.1038116 0.1132211 0.1084971 0.0870106 0.0932769 0.0892655 0.1052362 0.1138740 0.0775047 0.1154739 0.0887052 1.5580603 0.0965200 0.0871318 0.0715583 0.0947505 0.0768245 0.0794400 0.0980873 0.0951938 0.1040422 0.0812400 0.0980317 0.1193623 0.0981258 0.1138374 0.0659131 0.1025439 0.1068834 0.0628416 0.0784312 0.1091469 0.0960273 0.0995951 0.0971453 0.0801208 0.0596251 0.0206478 0.1140666 0.0821516 0.0595807 0.0973962 0.0507902 0.0862710 0.0639950 
S0345       0.1107334 0.1177290 0.1075169 0.1374875 0.1510676 0.1266037 0.1171883 0.1340111 0.1525049 0.1105862 0.1929603 0.1605867 0.1312548 0.1194126 0.0000000 0.1177130 3.7915552 0.1129921 0.1091437 0.1231042 0.1440064 0.1273482 0.1137035 0.1497610 0.1279378 0.1195054 0.1303299 0.1071523 0.1442393 0.1146090 0.1571767 0.1289871 0.1186952 0.1594201 0.1324699 0.1184000 0.1188035 0.1213393 0.1315560 0.1892030 0.1118296 0.1159651 0.1285665 0.1331563 0.1324854 0.1123383 0.1169382 0.1270219 0.1500523 0.1058722 0.1235253 0.1356739 0.1522548 0.0978566 0.0958643 0.1166124 0.1224091 0.1371068 0.1244127 0.1778474 0.1374371 0.1758756 0.0927108 3.7915552 0.1087327 0.1245038 0.1277424 0.2035887 0.1214008 0.2063150 0.1324106 0.0814719 0.1429983 0.1190301 0.1387768 0.2063150 0.1294480 0.1333612 0.1091643 0.1453161 0.1529873 0.1726796 0.1263667 0.1094671 0.1265138 0.1193478 0.1230186 0.1269496 0.1123582 0.1252202 0.0857589 1.0478478 0.1247007 0.1239459 0.1143529 0.1384938 0.0967207 0.1185660 0.1147356 0.1216422 0.1326544 0.1113446 0.1214008 0.1612495 0.1323189 0.1513947 0.0995330 0.1374371 0.1292829 0.0767674 0.1089427 0.1547206 0.1342231 0.1379103 0.1233887 0.1140117 0.0593939 0.0972396 0.1510323 0.1178977 0.0913810 0.1243630 0.0676504 0.1156054 0.0968461 
S0355       0.0732389 0.1064150 0.0934481 0.0104920 0.1546017 0.1360338 0.1070871 0.0995089 0.1233693 0.0157678 0.1125686 0.1435966 0.0068995 0.1088757 0.1177130 0.0000000 1.3022666 0.0939088 0.0897854 0.1078845 0.1471091 0.1205662 0.0959699 0.1047170 0.0069514 0.1333780 0.1070341 0.0918550 0.0755967 0.0107848 0.1598568 0.1180557 0.1083935 0.1688649 0.1262054 0.1081268 0.0979346 0.1113016 0.0069366 0.1697867 0.0961531 0.0069021 0.1123111 0.1209473 0.1206241 0.0934048 0.1061461 0.1155554 0.1385746 0.0966045 0.1322293 0.0716708 0.1448974 0.0970845 0.0875569 0.0400972 0.1113318 0.1129321 0.1118354 0.1384724 0.1166562 0.1575455 0.1130552 1.9871126 0.0690135 0.1193210 0.1111179 0.1829610 0.1103529 0.1802316 0.1327617 0.0962787 0.0756816 0.0982306 0.1169126 0.1802316 0.1120312 0.1061987 0.0992900 0.1402327 0.1448973 0.1453674 0.0000022 0.1278337 0.1195026 0.0553665 0.0034686 0.0034590 0.1025323 0.0626223 0.1237353 0.9316715 0.1139692 0.1133068 0.0814776 0.1120450 0.0826356 0.1191592 0.1194197 0.1098989 0.1467116 0.0916419 0.1109905 0.1644482 0.1213940 0.1546779 0.0903210 0.1262131 0.1090271 0.0915602 0.1038300 0.1523589 0.1132853 0.1313912 0.1087071 0.0865606 0.0916027 0.0935684 0.1550131 0.1136411 0.0743351 0.1049274 0.0866754 0.0976876 0.0884127 
S0376       1.3022666 1.3022666 1.3022666 1.3022666 0.0000027 1.3022666 1.3022666 1.3022666 1.3022666 1.3022666 1.3022666 1.3022666 1.3022666 1.3022666 3.7915552 1.3022666 0.0000000 1.3022666 1.3022666 1.3022666 1.3022666 1.3022666 1.3022666 1.3022666 1.3022666 1.3022666 1.3022666 1.3022666 1.3022666 1.3022666 1.3022666 1.3022666 1.3022666 1.3022666 1.3022666 1.3022666 1.3022666 1.3022666 1.3022666 1.3022666 1.3022666 1.3022666 0.0000027 1.3022666 1.3022666 1.3022666 0.0000027 1.3022666 1.3022666 1.3022666 1.3022666 1.3022666 1.3022666 1.3022666 1.3022666 0.0000027 0.0000027 1.3022666 1.3022666 0.0000026 1.3022666 1.3022666 1.3022666 0.0000010 1.3022666 1.3022666 1.3022666 1.3022666 1.3022666 1.3022666 0.0000027 1.3022666 1.3022666 1.3022666 1.3022666 1.3022666 1.3022666 1.3022666 1.3022666 1.3022666 1.3022666 1.3022666 1.3022666 1.3022666 1.3022666 1.3022666 1.3022666 1.3022666 1.3022666 1.3022666 1.3022666 0.0000010 1.3022666 1.3022666 1.3022666 1.3022666 1.3022666 0.0000010 1.3022666 0.0000027 1.3022666 1.3022666 1.3022666 1.3022666 1.3022666 1.3022666 0.0000027 1.3022666 1.3022666 1.3022666 0.0000027 1.3022666 1.3022666 1.3022666 9.0000000 1.3022666 1.3022666 1.3022666 1.3022666 1.3022666 1.3022666 1.3022666 1.3022666 0.0000027 0.0000027 
S0400       0.0504152 0.0847860 0.0133511 0.1032135 0.0947615 0.0949991 0.0133610 0.0352640 0.0958722 0.0703953 0.1384941 0.0938755 0.0893604 0.0778867 0.1129921 0.0939088 1.3022666 0.0000000 0.0135365 0.0506059 0.0826467 0.0891301 0.0716145 0.0663490 0.0947762 0.0913960 0.0768134 0.0740111 0.1052123 0.0729827 0.0784223 0.0310028 0.0169120 0.0929632 0.0739445 0.0594563 0.0278449 0.0676725 0.1027915 0.1601638 0.0585955 0.0847886 0.0238472 0.0801035 0.0891694 0.0066159 0.0761797 0.0846654 0.0891983 0.0631846 0.0704787 0.0982870 0.0929998 0.0489185 0.0513387 0.0841562 0.0716145 0.0818731 0.0725847 0.0815880 0.0805980 0.1395512 0.0841323 1.9871126 0.0633574 0.0641000 0.0638043 0.1723600 0.0800817 0.1756567 0.0844653 0.0625882 0.1007313 0.0470811 0.0917766 0.1756567 0.0311055 0.0468098 0.0544380 0.0839092 0.0933800 0.1066283 0.0941306 0.0710241 0.0761751 0.0796640 0.0906639 0.0890017 0.0133477 0.1043269 0.0704856 1.0650178 0.0311655 0.0203949 0.0578319 0.0916029 0.0313349 0.0634754 0.0806732 0.0817555 0.0863497 0.0316530 0.0848524 0.1002088 0.0848156 0.0969971 0.0067028 0.0890946 0.0891371 0.0579551 0.0134845 0.0856031 0.0351550 0.0700906 0.0429853 0.0576028 0.0594267 0.0638901 0.0971835 0.0639018 0.0513198 0.0748850 0.0506311 0.0811300 0.0517947 
S0405       0.0509514 0.0857321 0.0100691 0.0991972 0.0915354 0.0961107 0.0238937 0.0355011 0.0969729 0.0659659 0.1352038 0.0946654 0.0851602 0.0744827 0.1091437 0.0897854 1.3022666 0.0135365 0.0000000 0.0472714 0.0835453 0.0901262 0.0593614 0.0731549 0.0907865 0.0923977 0.0776723 0.0621347 0.0890524 0.0691196 0.0745427 0.0313222 0.0136056 0.0939996 0.0747399 0.0518513 0.0245051 0.0684167 0.0987912 0.1511600 0.0592267 0.0809019 0.0240914 0.0809893 0.0901664 0.0134807 0.0770228 0.0856077 0.0901968 0.0638733 0.0712413 0.0851322 0.0950258 0.0494633 0.0518950 0.0889047 0.0764520 0.0827996 0.0775044 0.0773178 0.0900900 0.1308623 0.0850640 1.9871126 0.0597598 0.0566133 0.0642956 0.1631073 0.0809665 0.1664570 0.0895691 0.0593824 0.0839083 0.0395292 0.0879245 0.1664570 0.0240437 0.0432703 0.0550630 0.0752818 0.0954227 0.1090940 0.0901706 0.0717983 0.0724613 0.0681667 0.0866838 0.0850979 0.0134822 0.0911163 0.0673152 1.0650178 0.0278626 0.0206047 0.0584467 0.0877577 0.0278942 0.0641703 0.0815999 0.0779879 0.0872857 0.0281786 0.0809665 0.1013149 0.0857614 0.0991139 0.0067712 0.0900900 0.0853973 0.0546590 0.0136219 0.0865231 0.0355240 0.0708450 0.0394591 0.0582125 0.0561663 0.0645950 0.0993085 0.0646066 0.0440590 0.0757005 0.0511719 0.0684187 0.0523610 
S0412sl     0.0622282 0.1070852 0.0428091 0.1167809 0.0920422 0.1129478 0.0619753 0.0589428 0.1105169 0.0944774 0.1438671 0.1121202 0.1070373 0.0867663 0.1231042 0.1078845 1.3022666 0.0506059 0.0472714 0.0000000 0.0739312 0.0836969 0.0718202 0.0795205 0.1083062 0.0902894 0.0897077 0.0613660 0.1053715 0.0953545 0.0879213 0.0707215 0.0547685 0.1012537 0.0821154 0.0631815 0.0558765 0.0928835 0.1210555 0.1616138 0.0502144 0.1022443 0.0585088 0.0929436 0.0922476 0.0503748 0.0888150 0.0975464 0.1023984 0.0795860 0.0786448 0.1073139 0.1210167 0.0529395 0.0592528 0.1014560 0.0882787 0.0950415 0.0805931 0.1162301 0.0965919 0.1261075 0.1014191 1.9871126 0.0535948 0.0768483 0.0720618 0.1739500 0.0927827 0.1614088 0.0974560 0.0843614 0.1149992 0.0720010 0.1098318 0.1614088 0.0629125 0.0708633 0.0582616 0.0789031 0.1215296 0.1432937 0.1075480 0.0665811 0.0861001 0.0967332 0.1041048 0.1068134 0.0503815 0.1135409 0.0885919 1.3331186 0.0590634 0.0587467 0.0736739 0.1096228 0.0545489 0.0716327 0.0978219 0.0991845 0.0947704 0.0630522 0.0932828 0.0949126 0.0922915 0.1252086 0.0395952 0.0965919 0.1021590 0.0619065 0.0509389 0.0996378 0.0667335 0.0782090 0.0593880 0.0616899 0.0716273 0.0722897 0.1254582 0.0680023 0.0632329 0.0872791 0.0623697 0.0856632 0.0597862 
S0417       0.0907308 0.1255921 0.0822774 0.1531146 0.0571032 0.1318893 0.0863325 0.0960608 0.0818766 0.1293483 0.1796275 0.0506075 0.1540565 0.1046275 0.1440064 0.1471091 1.3022666 0.0826467 0.0835453 0.0739312 0.0000000 0.1097587 0.1049258 0.0259408 0.1511234 0.0652684 0.0986871 0.0815692 0.1376132 0.1229459 0.0536325 0.0914760 0.0872870 0.0583410 0.0614429 0.0883983 0.0930820 0.1196605 0.1596119 0.1766081 0.0999335 0.1391495 0.0828689 0.1018832 0.1188102 0.0822426 0.1154262 0.1246735 0.1115974 0.1054332 0.0541338 0.1170789 0.0930874 0.0408186 0.0881900 0.1243171 0.0930654 0.1028085 0.0897293 0.1636845 0.1295601 0.1548126 0.1148185 1.9871126 0.0932933 0.0855434 0.0722251 0.1894217 0.1195273 0.1818035 0.1108038 0.0931175 0.1186368 0.0921178 0.1238668 0.1818035 0.0917761 0.1012409 0.0798137 0.0498760 0.0934688 0.1124539 0.1499902 0.0504480 0.0509754 0.1145854 0.1418300 0.1440903 0.0822546 0.1135173 0.1017466 1.0650178 0.0877499 0.0831695 0.0986185 0.1382720 0.0869331 0.0472047 0.1068319 0.1175735 0.0533293 0.0919945 0.1249672 0.0564273 0.1249143 0.0970938 0.0666132 0.1203445 0.1294399 0.0862456 0.0832015 0.0652301 0.1002142 0.0615673 0.0971619 0.0773528 0.0844614 0.0935619 0.0985918 0.0891111 0.0881546 0.1001172 0.0786393 0.1155700 0.0847452 
S0419       0.0864269 0.0654254 0.0887171 0.1348867 0.1261560 0.1215111 0.1015881 0.0988396 0.1224718 0.1139227 0.1525002 0.1120793 0.1291613 0.0980352 0.1273482 0.1205662 1.3022666 0.0891301 0.0901262 0.0836969 0.1097587 0.0000000 0.0922550 0.0784524 0.1253883 0.1024613 0.1085218 0.0822751 0.1268638 0.1137782 0.1220943 0.1028985 0.0939827 0.1120405 0.1103932 0.0808589 0.0984333 0.0496219 0.1298687 0.1979579 0.0921579 0.1150514 0.0980583 0.1116867 0.0066038 0.0886782 0.0100314 0.0100351 0.1217420 0.0418429 0.0963407 0.1024132 0.1413654 0.0745863 0.0709952 0.1004901 0.1067208 0.1003655 0.1023649 0.1322940 0.0574724 0.1801919 0.1022129 5.6497000 0.0711488 0.0905588 0.0862809 0.2115158 0.0066352 0.2030616 0.0974285 0.0829332 0.1038319 0.0947190 0.1001076 0.2030616 0.0944195 0.1023855 0.0668751 0.1115163 0.1419802 0.1538108 0.1197201 0.0980799 0.1046476 0.1005545 0.1165659 0.1107097 0.0886917 0.1019352 0.1051976 1.5534568 0.0902729 0.0984982 0.0951109 0.1139817 0.0791043 0.0952484 0.1060793 0.1122861 0.1151316 0.0795901 0.0100530 0.1044680 0.0536353 0.1457007 0.0729807 0.0574724 0.1104777 0.0784312 0.0715538 0.1248694 0.0983460 0.1151444 0.1086797 0.0782337 0.0753281 0.0832722 0.1367866 0.0723152 0.0709679 0.0616547 0.0580887 0.0936526 0.0716425 
S0427       0.0704918 0.1011476 0.0673593 0.1094362 0.1102853 0.1053864 0.0836243 0.0803362 0.1010143 0.0883500 0.1368613 0.1054142 0.1042671 0.0857977 0.1137035 0.0959699 1.3022666 0.0716145 0.0593614 0.0718202 0.1049258 0.0922550 0.0000000 0.0913994 0.0967551 0.1017482 0.0899685 0.0650427 0.1114780 0.0893637 0.1005738 0.0890825 0.0761663 0.1172709 0.0995304 0.0672297 0.0763539 0.0873459 0.1089965 0.1713413 0.0748595 0.0911237 0.0844303 0.0932116 0.0922954 0.0712665 0.0793508 0.0878031 0.1026290 0.0743993 0.0960413 0.0954597 0.1060212 0.0655295 0.0468269 0.1043244 0.0800319 0.0897121 0.0813257 0.1290422 0.0923446 0.1496837 0.0971433 1.9871126 0.0796563 0.0899046 0.0862002 0.1734476 0.0832262 0.1709952 0.1019759 0.0780486 0.1029717 0.0665500 0.0980835 0.1709952 0.0852551 0.0801864 0.0760154 0.0825962 0.1064598 0.1206166 0.0961077 0.0968087 0.0853318 0.0858344 0.0972053 0.1004272 0.0712767 0.1005850 0.0778399 0.8897610 0.0811871 0.0804484 0.0777588 0.0933182 0.0665277 0.0889924 0.0909595 0.0966329 0.0958779 0.0588436 0.0827230 0.1145448 0.0880779 0.1101634 0.0556827 0.0923446 0.0785206 0.0698702 0.0721003 0.1049783 0.0889816 0.1040686 0.0899764 0.0736886 0.0658025 0.0755228 0.1120044 0.0849950 0.0505965 0.0740696 0.0615333 0.0274353 0.0472349 
S0428sl     0.0483019 0.0656433 0.0658840 0.1182439 0.0539382 0.0917650 0.0718064 0.0930508 0.0483071 0.1109114 0.1284024 0.0313494 0.1114493 0.0748053 0.1497610 0.1047170 1.3022666 0.0663490 0.0731549 0.0795205 0.0259408 0.0784524 0.0913994 0.0000000 0.1122879 0.0370719 0.0614347 0.0936082 0.1034704 0.0915023 0.0426423 0.0855045 0.0786772 0.0323215 0.0485869 0.0735395 0.0666474 0.0769886 0.1187486 0.1836830 0.0838536 0.0978649 0.0722780 0.0729107 0.0846900 0.0599799 0.0720765 0.0782026 0.0663469 0.0651288 0.0426261 0.0940760 0.0614290 0.0387138 0.0539620 0.0848156 0.0609121 0.0798274 0.0678275 0.0933733 0.0784440 0.1725696 0.0725590 1.9871126 0.0522289 0.0664395 0.0397413 0.2036393 0.0777499 0.1751733 0.0855927 0.0603938 0.0967874 0.0730989 0.0869087 0.1751733 0.0727301 0.0992810 0.0578815 0.0488520 0.0617934 0.0674657 0.1056289 0.0438604 0.0322729 0.0844512 0.1008617 0.1122880 0.0659210 0.0926678 0.0850013 1.5060040 0.0668954 0.0663302 0.0593032 0.0931759 0.0664140 0.0379155 0.0917097 0.1004457 0.0368479 0.0857192 0.0846900 0.0423981 0.0784440 0.0739727 0.0550231 0.0784440 0.0925001 0.0540163 0.0661946 0.0541887 0.0849840 0.0482848 0.0939544 0.0709887 0.0608062 0.0746221 0.0688167 0.0607803 0.0597688 0.0655918 0.0482778 0.1067230 0.0542344 
S0430       0.0787968 0.1115532 0.0943268 0.0170978 0.1584689 0.1355205 0.1075312 0.1002055 0.1272192 0.0189615 0.1222904 0.1471543 0.0169437 0.1092681 0.1279378 0.0069514 1.3022666 0.0947762 0.0907865 0.1083062 0.1511234 0.1253883 0.0967551 0.1122879 0.0000000 0.1376401 0.1061944 0.0977525 0.0811153 0.0211720 0.1635844 0.1181443 0.1087998 0.1724075 0.1354514 0.1085412 0.0986715 0.1098673 0.0170348 0.1785120 0.0969335 0.0169501 0.1177928 0.1194617 0.1254470 0.0942845 0.1112775 0.1204809 0.1410067 0.1019224 0.1366246 0.0779256 0.1540740 0.1028585 0.0886062 0.0462776 0.1102969 0.1118092 0.1107728 0.1391188 0.1215995 0.1664060 0.1133090 1.9871126 0.0754266 0.1178793 0.1100162 0.1915314 0.1153743 0.1887458 0.1306826 0.0970560 0.0818305 0.1034687 0.1170386 0.1887458 0.1123160 0.1162712 0.1041692 0.1445024 0.1547626 0.1536234 0.0101127 0.1329890 0.1242786 0.0612541 0.0102154 0.0101484 0.1031228 0.0693651 0.1236372 0.8802417 0.1141933 0.1135523 0.0868539 0.1123299 0.0880884 0.1293959 0.1194617 0.1155334 0.1507239 0.0925609 0.1160254 0.1680346 0.1262271 0.1585524 0.0913105 0.1309327 0.1138410 0.0924817 0.1043850 0.1612447 0.1135314 0.1405793 0.1137038 0.0918725 0.0925235 0.0944448 0.1588853 0.1124780 0.0757811 0.1145047 0.0877414 0.1028691 0.0894446 
S0478       0.0776535 0.1130913 0.0909790 0.1464246 0.0705879 0.1188701 0.0951154 0.1051789 0.0652813 0.1277862 0.1444960 0.0604008 0.1405941 0.0844499 0.1195054 0.1333780 1.3022666 0.0913960 0.0923977 0.0902894 0.0652684 0.1024613 0.1017482 0.0370719 0.1376401 0.0000000 0.0978540 0.0937577 0.1075094 0.1162487 0.0750296 0.0960280 0.0876919 0.0511861 0.0539448 0.0916851 0.0962446 0.1119156 0.1458253 0.1684008 0.0991770 0.1264112 0.1001885 0.0963969 0.1111485 0.0909398 0.1078337 0.1167015 0.1148282 0.0983015 0.0466807 0.0998219 0.0670019 0.0368784 0.0817225 0.1078022 0.0917870 0.0932893 0.1017537 0.1381879 0.1080116 0.1570051 0.0791436 1.9871126 0.0784338 0.0888920 0.0757774 0.1807525 0.1117950 0.1782167 0.1051866 0.0781468 0.1111654 0.0953728 0.1198738 0.1782167 0.1007971 0.1044750 0.0832928 0.0582692 0.0672664 0.0786404 0.1320165 0.0505455 0.0475161 0.0946149 0.1336113 0.1311110 0.0909535 0.1009738 0.0945844 1.3498606 0.0967044 0.1006303 0.0809684 0.1202820 0.0901736 0.0397605 0.1082567 0.1055341 0.0539622 0.0902549 0.1169669 0.0578354 0.1036719 0.0708199 0.0750285 0.0993969 0.1037301 0.0769234 0.0920148 0.0504643 0.1094154 0.0540525 0.1106664 0.0887261 0.0699859 0.0745392 0.0758845 0.0924243 0.0816909 0.0932473 0.0647424 0.1119787 0.0824650 
S0552sl     0.0746042 0.0986476 0.0764641 0.1160395 0.1137605 0.1088884 0.0849833 0.0949507 0.1037583 0.1042356 0.1231439 0.0927141 0.1106631 0.0910872 0.1303299 0.1070341 1.3022666 0.0768134 0.0776723 0.0897077 0.0986871 0.1085218 0.0899685 0.0614347 0.1061944 0.0978540 0.0000000 0.0929266 0.0960454 0.0952832 0.1000517 0.0990145 0.0762718 0.0864446 0.0881012 0.0813111 0.0906940 0.0976217 0.1155640 0.1797562 0.0792944 0.0971081 0.0899791 0.0308285 0.1131386 0.0764310 0.0991784 0.1082622 0.0622230 0.0850791 0.0888233 0.0929116 0.1189869 0.0618770 0.0594926 0.0878461 0.0462303 0.0240179 0.0275231 0.1507666 0.1130406 0.1779266 0.0997160 1.9871126 0.0497313 0.0507368 0.0370940 0.1928964 0.1032662 0.1900709 0.0579149 0.0724784 0.0956343 0.0817197 0.1149831 0.1900709 0.0993478 0.0985175 0.0370049 0.0948185 0.1195005 0.1293972 0.1067345 0.0852372 0.1030435 0.0750575 0.1033121 0.1067371 0.0723886 0.0987941 0.0976237 1.0074324 0.0852145 0.0859113 0.0741490 0.1147630 0.0715271 0.0871111 0.0938740 0.0998022 0.0896799 0.0806778 0.1085151 0.1226507 0.1084679 0.1139276 0.0650088 0.1130406 0.1115523 0.0584784 0.0773429 0.1076548 0.0946691 0.0925755 0.0957538 0.0786531 0.0721466 0.0812559 0.1189865 0.0465849 0.0594701 0.0974111 0.0628085 0.1003410 0.0600305 
S0558       0.0768855 0.0953828 0.0653038 0.1057250 0.0999938 0.1004733 0.0864297 0.0791146 0.1106950 0.0889485 0.1383653 0.0994748 0.1056622 0.0840099 0.1071523 0.0918550 1.3022666 0.0740111 0.0621347 0.0613660 0.0815692 0.0822751 0.0650427 0.0936082 0.0977525 0.0937577 0.0929266 0.0000000 0.1000061 0.0849923 0.1048945 0.0871844 0.0787367 0.1114847 0.0857723 0.0740987 0.0798746 0.0863007 0.1106596 0.1298783 0.0646448 0.0918064 0.0786110 0.0873276 0.0866517 0.0736390 0.0777707 0.0771361 0.1015103 0.0813234 0.0772093 0.0906628 0.0954268 0.0629995 0.0565847 0.0867864 0.0913910 0.0932602 0.0839779 0.1201706 0.0955477 0.1144692 0.1010576 1.9871126 0.0775686 0.0839650 0.0795144 0.1413799 0.0817571 0.1345217 0.1053227 0.0784801 0.0940504 0.0782785 0.0933496 0.1345217 0.0834420 0.0914716 0.0693065 0.0923938 0.0958266 0.1105634 0.0970634 0.0735847 0.0930566 0.0867297 0.0938206 0.1016173 0.0736500 0.0964029 0.0872294 1.1547166 0.0787389 0.0831760 0.0804431 0.0977836 0.0685752 0.0792287 0.0959721 0.1020712 0.0990474 0.0694304 0.0821970 0.1034087 0.0911194 0.1047475 0.0614092 0.0955477 0.0964829 0.0639480 0.0696611 0.1041799 0.0875504 0.0903027 0.0929268 0.0716683 0.0739680 0.0785734 0.1056958 0.0790101 0.0565984 0.0893009 0.0683302 0.0784830 0.0571025 
S0616       0.0980816 0.1169912 0.0960793 0.0805467 0.1444295 0.1138919 0.1178448 0.1018537 0.1448385 0.0813539 0.1100211 0.1389376 0.0801122 0.1113630 0.1442393 0.0755967 1.3022666 0.1052123 0.0890524 0.1053715 0.1376132 0.1268638 0.1114780 0.1034704 0.0811153 0.1075094 0.0960454 0.1000061 0.0000000 0.0703409 0.1488291 0.1193865 0.1102517 0.1571381 0.1271050 0.1191636 0.1003300 0.1171833 0.0843737 0.2018024 0.1161118 0.0680728 0.1190392 0.1178238 0.1269221 0.1046685 0.1130075 0.1220443 0.1295999 0.0988448 0.1231352 0.0545058 0.1502875 0.0961291 0.0992271 0.0492924 0.1189009 0.1013831 0.1144889 0.1340615 0.1178077 0.1688512 0.1242087 1.9871126 0.0650307 0.1071281 0.1137909 0.2154000 0.1170247 0.1965187 0.1332995 0.0904237 0.0634994 0.1152762 0.1243904 0.1965187 0.1197753 0.1327169 0.1026735 0.1355715 0.1509418 0.1569258 0.0764745 0.1155076 0.1317208 0.0235550 0.0773025 0.0764742 0.1046850 0.0505372 0.1248453 0.9413733 0.1155334 0.1149011 0.0929672 0.1106667 0.0951547 0.1029412 0.0991422 0.0963464 0.1417212 0.1083515 0.1176727 0.1486280 0.1133442 0.1546416 0.0931515 0.1178077 0.1076872 0.0901655 0.1011595 0.1422583 0.1059001 0.1228813 0.1162986 0.1065254 0.0903417 0.1010621 0.1549580 0.1109200 0.0951075 0.1110258 0.0939006 0.1178592 0.1001580 
S0620       0.0714527 0.0904808 0.0726522 0.0246735 0.1295723 0.1280164 0.0852327 0.0829707 0.1161955 0.0226861 0.1105582 0.1289896 0.0172969 0.1019591 0.1146090 0.0107848 1.3022666 0.0729827 0.0691196 0.0953545 0.1229459 0.1137782 0.0893637 0.0915023 0.0211720 0.1162487 0.0952832 0.0849923 0.0703409 0.0000000 0.1344215 0.0950524 0.0862058 0.1423001 0.0992081 0.0911366 0.0732078 0.1040495 0.0173911 0.1592504 0.0845263 0.0033977 0.0906978 0.1085626 0.1138315 0.0726209 0.0997942 0.1089273 0.1147031 0.0856115 0.1091532 0.0653427 0.1252479 0.0765885 0.0813528 0.0357276 0.0992349 0.1007920 0.1050889 0.1079439 0.1046111 0.1476667 0.1002025 1.9871126 0.0591929 0.0923784 0.0784148 0.1716883 0.1039019 0.1744105 0.1139480 0.0803851 0.0661569 0.0906605 0.1095800 0.1744105 0.0722792 0.0947280 0.0826416 0.1161402 0.1257969 0.1371585 0.0103599 0.1054797 0.1024873 0.0506367 0.0140288 0.0174299 0.0810264 0.0612367 0.0969288 0.9364953 0.0733987 0.0857338 0.0875861 0.1048897 0.0717782 0.0976205 0.1121164 0.1081664 0.1226468 0.0806259 0.1044858 0.1387762 0.1091354 0.1295911 0.0695024 0.1137324 0.0975933 0.0762573 0.0819897 0.1325554 0.0959116 0.1077294 0.0911287 0.0838853 0.0808874 0.0916347 0.1298584 0.0961726 0.0769710 0.0980065 0.0762357 0.0953314 0.0821243 
S0624       0.1005718 0.1370008 0.0780753 0.1604413 0.0385883 0.1436531 0.0820936 0.0916666 0.0618117 0.1407137 0.1933600 0.0201444 0.1564543 0.1106081 0.1571767 0.1598568 1.3022666 0.0784223 0.0745427 0.0879213 0.0536325 0.1220943 0.1005738 0.0426423 0.1635844 0.0750296 0.1000517 0.1048945 0.1488291 0.1344215 0.0000000 0.0780753 0.0829952 0.0399034 0.0701959 0.0927197 0.0973303 0.1214265 0.1722818 0.1951558 0.0886938 0.1510027 0.0912250 0.1032816 0.1316222 0.0780425 0.1171238 0.1265318 0.1131621 0.1069483 0.0627162 0.1397105 0.0943485 0.0575225 0.0981146 0.1351449 0.1032228 0.1134122 0.0998837 0.1475506 0.1315076 0.1517728 0.1164176 1.9871126 0.0907123 0.0910871 0.0920735 0.1976435 0.1212893 0.1946496 0.1216015 0.1032829 0.1447633 0.0824668 0.1454648 0.1946496 0.0874269 0.0967564 0.0952149 0.0503135 0.0947404 0.1141052 0.1623187 0.0630980 0.0395015 0.1254471 0.1539867 0.1462767 0.0780537 0.1414961 0.1214417 0.9362966 0.0834307 0.0872771 0.1086651 0.1403293 0.0826595 0.0556898 0.1269151 0.1288143 0.0315093 0.0876326 0.1268348 0.0539705 0.1267804 0.1073741 0.0625403 0.1221318 0.1312913 0.0958989 0.0789470 0.0385627 0.0916958 0.0623712 0.0924105 0.0950790 0.0943197 0.1038058 0.0956651 0.0903760 0.0980739 0.1060811 0.0881101 0.1201807 0.0990617 
