134
PAFTOL_019361 0.0000000 0.1886684 0.1755414 0.2067762 0.1677758 0.1929641 0.2103203 0.1980175 0.1833295 0.1975831 0.1703126 0.2134835 0.1969050 0.1974729 0.1966936 0.1936052 0.1869440 0.1603463 0.1809571 0.2022835 0.1871109 0.1860587 0.1796032 0.1971042 0.2246626 0.1905366 0.1357607 0.1749437 0.1972285 0.1864618 0.2097582 0.1847722 0.1880590 0.2330098 0.1938485 0.2210407 0.1827138 0.2087277 0.1976654 0.1966939 0.1813686 0.1869834 0.1774601 0.1804357 0.2188677 0.2018172 0.1865603 0.1854250 0.1907567 0.1904296 0.1405119 0.1832708 0.1521769 0.1540248 0.1802449 0.1684915 0.1978117 0.1989712 0.2002478 0.1915763 0.1681180 0.1903995 0.1704496 0.1782647 0.1917661 0.1866578 0.1823123 0.1861203 0.1952517 0.2024941 0.2019945 0.2011892 0.2354418 0.1957664 0.1696183 0.2047838 0.1393153 0.2074402 0.1932163 0.1882637 0.2030913 0.2025281 0.1929836 0.2091476 0.1833875 0.1862192 0.1610748 0.2135522 0.1931724 0.2030959 0.1899183 0.1978706 0.2027611 0.2381992 0.1944345 0.2138987 0.1851662 0.1978143 0.1920258 0.1718183 0.1757525 0.1668440 0.1962705 0.1651303 0.1914552 0.1837016 0.1722749 0.1770876 0.2034216 0.1715752 0.1517608 0.1888310 0.1975070 0.2168394 0.1773931 0.2107912 0.1786277 0.1757943 0.1809038 0.1999662 0.1848841 0.2156929 0.1969546 0.1783780 0.1886735 0.1798899 0.1944117 0.1884718 0.1633649 0.2254359 0.1716572 0.1833577 0.1902688 0.1622756 
S0055         0.1886684 0.0000000 0.0748338 0.0908704 0.0712657 0.0354204 0.0787852 0.0861440 0.0611038 0.0434091 0.0448995 0.1019318 0.0779144 0.0883861 0.0964634 0.0697003 0.0789117 0.0694621 0.0698758 0.0791989 0.0404551 0.0370490 0.0293375 0.0931017 0.0710723 0.0836917 0.0286251 0.0501894 0.0866999 0.0674210 0.0871130 0.0704328 0.0503836 0.1065124 0.0923080 0.0571314 0.0322097 0.0909312 0.0787804 0.0774424 0.0486907 0.0371482 0.0587752 0.0682012 0.1333957 0.0532579 0.0685723 0.0903309 0.0486511 0.0535296 0.0345410 0.0353190 0.0420566 0.0464957 0.0709832 0.0531139 0.0774145 0.0881860 0.0807551 0.0784366 0.0550629 0.0864654 0.0604528 0.0635923 0.0684006 0.0708734 0.0656635 0.0558569 0.0719472 0.1177706 0.0942738 0.1000162 0.1151174 0.0733955 0.0584497 0.1308173 0.0342963 0.1311201 0.0754441 0.0808199 0.0967188 0.0485372 0.0773076 0.1163019 0.0323224 0.0324812 0.0620323 0.0903205 0.0792884 0.0845554 0.0666480 0.0703513 0.0881202 0.1063589 0.0737565 0.0743100 0.0337677 0.1034859 0.0753549 0.0459921 0.0306853 0.0280517 0.0246605 0.0510539 0.0341581 0.0778919 0.0542474 0.0554008 0.0907911 0.0262269 0.0472112 0.0796842 0.0772495 0.0942889 0.0323430 0.0702197 0.0500886 0.0620063 0.0418010 0.0842997 0.0371150 0.0844255 0.0384486 0.0340905 0.0750233 0.0773752 0.0791855 0.0656508 0.0693116 0.1329786 0.0586505 0.0730163 0.0554771 0.0624196 
S0196sl       0.1755414 0.0748338 0.0000000 0.0929199 0.0641895 0.0676753 0.0652751 0.0858378 0.0595458 0.0746363 0.0679847 0.1031454 0.0547930 0.0795493 0.0928911 0.0504416 0.0712055 0.0762464 0.0651922 0.0499063 0.0661925 0.0568441 0.0575323 0.0931356 0.1065406 0.0881663 0.0070342 0.0740967 0.0888733 0.0554785 0.0930359 0.0661788 0.0913500 0.0878553 0.0887817 0.0797081 0.0543361 0.0899247 0.0928994 0.0789263 0.0634682 0.0495337 0.0467391 0.0499652 0.1346372 0.0788305 0.0496744 0.0843868 0.0710589 0.0445798 0.0092348 0.0565833 0.0224273 0.0232472 0.0670254 0.0425728 0.0896770 0.0796999 0.0762788 0.0842023 0.0491026 0.0916800 0.0324922 0.0607293 0.0573198 0.0590362 0.0566553 0.0578487 0.0830753 0.1177471 0.0756407 0.0819515 0.0733812 0.0632770 0.0563162 0.1250736 0.0114890 0.1252325 0.0625972 0.0724485 0.0883112 0.0816060 0.0653852 0.1161772 0.0542862 0.0706116 0.0545824 0.0928955 0.0738508 0.0737723 0.0525292 0.0798452 0.0892633 0.0639335 0.0557020 0.0582198 0.0542463 0.0805604 0.0859650 0.0445762 0.0540376 0.0400382 0.0680375 0.0414304 0.0625264 0.0693033 0.0512227 0.0490925 0.0863637 0.0599114 0.0138071 0.0822315 0.0830753 0.0734340 0.0517055 0.0777559 0.0488113 0.0619522 0.0600062 0.0918768 0.0546986 0.0947663 0.0758771 0.0543839 0.0738982 0.0734466 0.0827731 0.0645843 0.0493470 0.1080267 0.0595708 0.0711026 0.0834033 0.0518318 
S0278         0.2067762 0.0908704 0.0929199 0.0000000 0.0925592 0.0906168 0.1073129 0.0339898 0.0986773 0.1022892 0.0902279 0.0370725 0.0973681 0.1042438 0.0324898 0.0930575 0.0663987 0.0901557 0.0886015 0.0948876 0.0914705 0.0851451 0.0817046 0.0554862 0.1304153 0.0291007 0.0433546 0.0920524 0.0422247 0.0879458 0.0426348 0.1007285 0.0970552 0.1178554 0.0325624 0.1116401 0.0828726 0.0359336 0.0360663 0.0775161 0.0878157 0.0894911 0.0891229 0.0911067 0.1605790 0.1020190 0.0929531 0.1138520 0.0974291 0.0983349 0.0474199 0.0865779 0.0631052 0.0617009 0.1052903 0.0774993 0.0376343 0.0915864 0.0736950 0.0429098 0.0854504 0.0359096 0.0649180 0.0981888 0.1011111 0.1023148 0.0984010 0.0993002 0.1084501 0.1351325 0.1217960 0.1072815 0.1112326 0.1135929 0.0869562 0.1580449 0.0488634 0.1628447 0.1025786 0.1095022 0.1040925 0.1025785 0.1124957 0.1456103 0.0831774 0.0953978 0.0908065 0.0388344 0.0722242 0.0755969 0.0927077 0.0410728 0.0293382 0.1086778 0.0873277 0.0945779 0.0847503 0.0916872 0.0995978 0.0852604 0.0774303 0.0692319 0.0914088 0.0796185 0.0915784 0.0345984 0.0900338 0.0918024 0.0490884 0.0820069 0.0608813 0.0466858 0.1103341 0.0851192 0.0832435 0.1011486 0.1023723 0.0945532 0.0910350 0.0276749 0.0851436 0.0489639 0.0906397 0.0856284 0.0930617 0.0933994 0.0722101 0.1015654 0.0871344 0.1510000 0.0763796 0.1031694 0.1024250 0.0870891 
S0281         0.1677758 0.0712657 0.0641895 0.0925592 0.0000000 0.0770863 0.0979977 0.0820301 0.0376096 0.0904122 0.0624883 0.1021095 0.0885621 0.0879229 0.0969978 0.0797133 0.0750923 0.0599250 0.0657888 0.0898692 0.0758122 0.0791061 0.0699252 0.0923255 0.1194856 0.0809928 0.0228814 0.0802192 0.0877708 0.0811174 0.0966567 0.0411901 0.0892810 0.1091732 0.0959921 0.0939668 0.0730889 0.0902202 0.0892356 0.0886643 0.0823056 0.0757932 0.0303497 0.0820588 0.1346557 0.0929071 0.0818307 0.0897757 0.0834629 0.0307577 0.0257100 0.0750215 0.0321225 0.0399511 0.0471305 0.0244713 0.0900592 0.0893352 0.0863769 0.0872568 0.0695827 0.0917534 0.0643178 0.0328616 0.0429725 0.0396994 0.0398713 0.0744106 0.0406602 0.1114215 0.1032168 0.0913975 0.0980240 0.0364121 0.0322103 0.1219422 0.0255225 0.1308243 0.0475060 0.0756561 0.0921964 0.0787130 0.0493097 0.1156318 0.0733666 0.0718971 0.0713768 0.0960203 0.0849331 0.0923613 0.0837320 0.0788678 0.0858424 0.0942900 0.0904006 0.0709300 0.0749780 0.0911709 0.0719187 0.0344403 0.0712743 0.0576838 0.0775649 0.0303718 0.0756544 0.0825433 0.0336946 0.0355352 0.0940112 0.0666347 0.0459802 0.0784049 0.0456565 0.1030429 0.0697123 0.0491521 0.0318557 0.0601490 0.0751789 0.0893444 0.0756025 0.0920452 0.0826436 0.0738291 0.0678010 0.0736857 0.0884293 0.0439911 0.0678740 0.1061869 0.0508916 0.0735185 0.0861349 0.0620695 
S0282         0.1929641 0.0354204 0.0676753 0.0906168 0.0770863 0.0000000 0.0691670 0.0821623 0.0643043 0.0238415 0.0381420 0.0957876 0.0670227 0.0904771 0.0943664 0.0591874 0.0715260 0.0662476 0.0641818 0.0683362 0.0486889 0.0127548 0.0113996 0.0870842 0.0590143 0.0798391 0.0236923 0.0520531 0.0831364 0.0602771 0.0831574 0.0762235 0.0517872 0.1043129 0.0926405 0.0425967 0.0142240 0.0869255 0.0784522 0.0755070 0.0356465 0.0203122 0.0623898 0.0627301 0.1289853 0.0434031 0.0580105 0.0880662 0.0295311 0.0542329 0.0328932 0.0171571 0.0422035 0.0448379 0.0747760 0.0567179 0.0736012 0.0847795 0.0804250 0.0745635 0.0535830 0.0862248 0.0532025 0.0692613 0.0757020 0.0748875 0.0677981 0.0404780 0.0830152 0.1142532 0.0921887 0.1002472 0.0956045 0.0768767 0.0640222 0.1199673 0.0326600 0.1202445 0.0806445 0.0753082 0.0969417 0.0467324 0.0848118 0.1090877 0.0112961 0.0356782 0.0583946 0.0882749 0.0789629 0.0842094 0.0579392 0.0686607 0.0822066 0.0988224 0.0631673 0.0616019 0.0156895 0.0940715 0.0714836 0.0527677 0.0127767 0.0144277 0.0357808 0.0492730 0.0325266 0.0696638 0.0614036 0.0623136 0.0887328 0.0293761 0.0421657 0.0738140 0.0884804 0.0901384 0.0142818 0.0830168 0.0583134 0.0550889 0.0232042 0.0839555 0.0201896 0.0840805 0.0385692 0.0262259 0.0695580 0.0758953 0.0788610 0.0745062 0.0554795 0.1274851 0.0622591 0.0658042 0.0574006 0.0571491 
S0288         0.2103203 0.0787852 0.0652751 0.1073129 0.0979977 0.0691670 0.0000000 0.0954555 0.0920351 0.0719115 0.0790740 0.1064370 0.0200318 0.0851422 0.1085674 0.0139022 0.0905847 0.0750522 0.0735595 0.0183266 0.0846766 0.0711680 0.0620106 0.1053201 0.1209420 0.0909289 0.0397543 0.0831386 0.0917728 0.0106683 0.0964858 0.1014972 0.0863120 0.0869684 0.1053312 0.0875319 0.0652118 0.0987991 0.0914584 0.0885443 0.0831280 0.0716440 0.0827512 0.0138960 0.1566411 0.0887659 0.0168547 0.1034380 0.0792122 0.0678144 0.0442406 0.0650107 0.0621942 0.0611896 0.1078454 0.0767271 0.0884314 0.0710288 0.0958081 0.0816159 0.0767644 0.0975812 0.0229108 0.0909876 0.0962815 0.1001454 0.0920539 0.0902360 0.1049021 0.1276073 0.1098434 0.0806163 0.0754390 0.0863779 0.0850087 0.1467440 0.0438774 0.1537942 0.0929613 0.0910744 0.0811781 0.0884278 0.1026160 0.1356386 0.0634029 0.0810919 0.0742398 0.0998844 0.0926079 0.1001093 0.0105896 0.0811231 0.0953395 0.0680196 0.0122199 0.0153764 0.0615325 0.0747593 0.0885514 0.0761718 0.0613659 0.0529948 0.0793807 0.0765033 0.0753072 0.0794814 0.0826567 0.0850282 0.0939665 0.0732367 0.0583130 0.0904877 0.1110972 0.1003456 0.0616282 0.1049261 0.0640222 0.0784708 0.0732996 0.0974556 0.0659592 0.0957269 0.0848772 0.0733942 0.0927108 0.0851187 0.0924360 0.0969778 0.0765856 0.1098577 0.0790669 0.0847194 0.0870558 0.0688996 
S0289         0.1980175 0.0861440 0.0858378 0.0339898 0.0820301 0.0821623 0.0954555 0.0000000 0.0866042 0.0945173 0.0815112 0.0322183 0.0867104 0.0906768 0.0279109 0.0805592 0.0622851 0.0774910 0.0803000 0.0879639 0.0849184 0.0804735 0.0735077 0.0549246 0.1212044 0.0318490 0.0374787 0.0871950 0.0415212 0.0792185 0.0390760 0.0886338 0.0944019 0.1001200 0.0326210 0.0965886 0.0746925 0.0294158 0.0373632 0.0749346 0.0831850 0.0828357 0.0792208 0.0842815 0.1499042 0.0906535 0.0825183 0.1068112 0.0887383 0.0768608 0.0434539 0.0782796 0.0607203 0.0576097 0.0931043 0.0696153 0.0419778 0.0889153 0.0747292 0.0395185 0.0810387 0.0342350 0.0589106 0.0858394 0.0889722 0.0900575 0.0862786 0.0918225 0.0900691 0.1253408 0.1146290 0.0989268 0.1063863 0.1012622 0.0808546 0.1375141 0.0449975 0.1444035 0.0989141 0.1026878 0.0916531 0.0957599 0.0999348 0.1368515 0.0749638 0.0887399 0.0862477 0.0322804 0.0680421 0.0766199 0.0823045 0.0359276 0.0184925 0.0957358 0.0823110 0.0843030 0.0765065 0.0833516 0.0891974 0.0770594 0.0729508 0.0580774 0.0775532 0.0678221 0.0813222 0.0255186 0.0777456 0.0836822 0.0455303 0.0757146 0.0565592 0.0426087 0.0957081 0.0842308 0.0750204 0.0831661 0.0856275 0.0863178 0.0843675 0.0290686 0.0752466 0.0452625 0.0841565 0.0750174 0.0797252 0.0852475 0.0681227 0.0894958 0.0826977 0.1310820 0.0739783 0.0946242 0.0916775 0.0791079 
S0292         0.1833295 0.0611038 0.0595458 0.0986773 0.0376096 0.0643043 0.0920351 0.0866042 0.0000000 0.0706712 0.0690882 0.1058362 0.0829922 0.0891378 0.1029966 0.0765284 0.0802821 0.0539821 0.0577418 0.0842714 0.0729515 0.0661502 0.0614732 0.0973432 0.1001178 0.0818208 0.0124064 0.0711223 0.0886431 0.0758955 0.0947702 0.0220408 0.0817144 0.1097780 0.0981604 0.0879159 0.0644913 0.0947936 0.0859778 0.0844503 0.0766117 0.0703218 0.0249134 0.0766097 0.1455238 0.0792852 0.0768706 0.0778508 0.0834472 0.0085614 0.0151936 0.0679947 0.0179933 0.0286059 0.0247354 0.0207522 0.0884320 0.0909711 0.0878527 0.0814191 0.0541843 0.0899597 0.0619025 0.0160332 0.0159137 0.0236452 0.0206097 0.0702868 0.0329620 0.1201498 0.0895938 0.0967929 0.1020788 0.0296438 0.0103641 0.1358730 0.0135463 0.1385454 0.0280125 0.0635953 0.0974474 0.0793199 0.0234002 0.1265491 0.0608751 0.0725999 0.0508829 0.0963288 0.0845763 0.0917996 0.0768122 0.0773728 0.0920313 0.1002018 0.0847025 0.0724727 0.0662586 0.0968147 0.0604411 0.0071471 0.0627877 0.0481652 0.0668357 0.0073710 0.0650821 0.0814370 0.0088318 0.0070375 0.0982764 0.0633773 0.0323429 0.0835642 0.0377007 0.1019079 0.0629583 0.0361892 0.0087902 0.0506478 0.0719541 0.0954927 0.0667830 0.0919141 0.0756823 0.0669299 0.0530284 0.0653297 0.0862427 0.0186996 0.0595274 0.1146036 0.0373393 0.0578486 0.0790151 0.0475139 
S0293         0.1975831 0.0434091 0.0746363 0.1022892 0.0904122 0.0238415 0.0719115 0.0945173 0.0706712 0.0000000 0.0535642 0.1071137 0.0811478 0.1036927 0.1039203 0.0711983 0.0799149 0.0754065 0.0729280 0.0824690 0.0524692 0.0238841 0.0240812 0.0959865 0.0689822 0.0945914 0.0383649 0.0576701 0.0958709 0.0722442 0.0924449 0.0869559 0.0626437 0.1195769 0.1044179 0.0561507 0.0270387 0.1003004 0.0793666 0.0826460 0.0521773 0.0318413 0.0739920 0.0712174 0.1492394 0.0535174 0.0714725 0.1002468 0.0404360 0.0610145 0.0463520 0.0268817 0.0543519 0.0554232 0.0836063 0.0681433 0.0841914 0.0994341 0.0858989 0.0871411 0.0663778 0.0954010 0.0608498 0.0795779 0.0786526 0.0856054 0.0819016 0.0542103 0.0924536 0.1303032 0.1049052 0.1124255 0.1071940 0.0816263 0.0705794 0.1344250 0.0460056 0.1391951 0.0881805 0.0871703 0.1085880 0.0589422 0.0926464 0.1286440 0.0206422 0.0418114 0.0675624 0.0970594 0.0862923 0.0898970 0.0713794 0.0805687 0.0945811 0.1073064 0.0747544 0.0698276 0.0255110 0.1076297 0.0779395 0.0550526 0.0222383 0.0274471 0.0472006 0.0605057 0.0453462 0.0808435 0.0697041 0.0703450 0.1002363 0.0367019 0.0562093 0.0812265 0.0962862 0.0979897 0.0238691 0.0923528 0.0538573 0.0674345 0.0335429 0.0989472 0.0334822 0.0931951 0.0500352 0.0383040 0.0812677 0.0901005 0.0861698 0.0832863 0.0721064 0.1307550 0.0737315 0.0790884 0.0634333 0.0718962 
S0294         0.1703126 0.0448995 0.0679847 0.0902279 0.0624883 0.0381420 0.0790740 0.0815112 0.0690882 0.0535642 0.0000000 0.0955050 0.0709733 0.0862814 0.0904004 0.0624522 0.0743612 0.0662335 0.0587116 0.0741578 0.0468281 0.0415437 0.0334960 0.0886206 0.0527019 0.0791230 0.0243290 0.0485659 0.0884287 0.0618849 0.0823362 0.0731745 0.0347790 0.1019282 0.0884573 0.0575378 0.0332590 0.0864192 0.0794840 0.0741683 0.0435824 0.0402986 0.0630432 0.0702064 0.1260125 0.0381728 0.0650459 0.0794955 0.0520431 0.0536594 0.0304240 0.0397164 0.0421325 0.0445029 0.0758917 0.0570391 0.0763932 0.0839676 0.0718180 0.0697101 0.0554713 0.0857000 0.0527036 0.0642281 0.0729921 0.0698330 0.0719154 0.0134127 0.0825432 0.1085202 0.0878669 0.0941131 0.1029070 0.0715275 0.0626831 0.1233155 0.0302748 0.1235969 0.0801719 0.0667781 0.0924175 0.0519639 0.0825767 0.1157181 0.0365999 0.0436272 0.0553323 0.0859966 0.0721357 0.0793018 0.0667334 0.0675390 0.0835959 0.0974721 0.0725671 0.0775291 0.0380969 0.0875547 0.0684421 0.0564489 0.0348778 0.0289114 0.0470717 0.0507845 0.0402870 0.0703760 0.0619401 0.0629640 0.0921717 0.0369337 0.0435803 0.0748716 0.0863683 0.0891042 0.0334430 0.0845435 0.0583530 0.0536503 0.0448526 0.0815725 0.0367215 0.0760447 0.0449622 0.0384743 0.0641235 0.0727981 0.0737906 0.0756085 0.0591911 0.1150288 0.0611446 0.0646664 0.0557368 0.0557602 
S0299         0.2134835 0.1019318 0.1031454 0.0370725 0.1021095 0.0957876 0.1064370 0.0322183 0.1058362 0.1071137 0.0955050 0.0000000 0.0948608 0.1047580 0.0341595 0.0944215 0.0680487 0.0934476 0.0943740 0.0999290 0.1004893 0.0940409 0.0868079 0.0500113 0.1328183 0.0383401 0.0502907 0.1029423 0.0482516 0.0893000 0.0425499 0.1008238 0.1022589 0.1213946 0.0309102 0.1152004 0.0879529 0.0359639 0.0441735 0.0710849 0.0969361 0.0966001 0.1001503 0.0963488 0.1622248 0.0935294 0.0942924 0.1195331 0.1046642 0.0960667 0.0579617 0.0916932 0.0758253 0.0704982 0.1043729 0.0883961 0.0521465 0.0953166 0.0768768 0.0396071 0.0962774 0.0310954 0.0683063 0.1012298 0.1034786 0.1053594 0.1055264 0.1103497 0.1119949 0.1434856 0.1297174 0.1140671 0.1180578 0.1078893 0.0924418 0.1610109 0.0593817 0.1658097 0.1070201 0.1151940 0.1069091 0.1099815 0.1114511 0.1538258 0.0882753 0.0989644 0.0972919 0.0387595 0.0718290 0.0787906 0.0940441 0.0443655 0.0244928 0.1092849 0.0945927 0.0901307 0.0898509 0.0973624 0.1047119 0.0942744 0.0861395 0.0742294 0.1004114 0.0887188 0.0988458 0.0307986 0.0994040 0.0988055 0.0455212 0.0853099 0.0697183 0.0444953 0.1179598 0.0864921 0.0883466 0.1109721 0.1098445 0.1018149 0.0981316 0.0306101 0.0902664 0.0522865 0.0925352 0.0902333 0.0980968 0.1007534 0.0715769 0.1086950 0.0979820 0.1552477 0.0889781 0.1082954 0.1077448 0.0942406 
S0303         0.1969050 0.0779144 0.0547930 0.0973681 0.0885621 0.0670227 0.0200318 0.0867104 0.0829922 0.0811478 0.0709733 0.0948608 0.0000000 0.0712917 0.1009202 0.0147241 0.0781535 0.0670927 0.0694813 0.0144674 0.0780615 0.0689098 0.0602548 0.0955150 0.1000891 0.0822863 0.0323718 0.0746387 0.0873645 0.0146279 0.0873430 0.0879443 0.0796328 0.0801817 0.0934947 0.0805935 0.0632919 0.0915483 0.0844813 0.0837916 0.0766937 0.0692324 0.0709594 0.0177904 0.1526479 0.0800457 0.0174626 0.0954174 0.0803570 0.0624931 0.0384562 0.0650443 0.0572699 0.0542709 0.0977173 0.0687169 0.0798515 0.0621949 0.0888230 0.0753644 0.0671183 0.0906470 0.0170191 0.0822809 0.0872033 0.0864650 0.0827424 0.0651261 0.0949136 0.1208510 0.0997035 0.0709180 0.0719346 0.0800104 0.0784875 0.1406915 0.0397663 0.1499608 0.0879329 0.0804979 0.0733414 0.0833351 0.0927934 0.1302706 0.0635237 0.0785126 0.0722512 0.0927403 0.0855729 0.0926209 0.0144770 0.0729901 0.0885567 0.0653775 0.0178604 0.0236949 0.0616531 0.0637382 0.0801583 0.0663682 0.0615815 0.0467360 0.0751153 0.0667437 0.0729398 0.0736479 0.0761683 0.0765636 0.0890948 0.0710792 0.0480999 0.0781431 0.1006714 0.0970894 0.0635705 0.0970479 0.0673468 0.0688836 0.0690271 0.0883171 0.0639802 0.0887283 0.0799861 0.0692026 0.0801806 0.0731449 0.0835608 0.0876745 0.0687503 0.0965599 0.0710162 0.0746440 0.0788245 0.0615856 
S0308         0.1974729 0.0883861 0.0795493 0.1042438 0.0879229 0.0904771 0.0851422 0.0906768 0.0891378 0.1036927 0.0862814 0.1047580 0.0712917 0.0000000 0.1062042 0.0704691 0.0896264 0.0738152 0.0867420 0.0743734 0.0935601 0.0887445 0.0815800 0.0939077 0.1174638 0.0867170 0.0392420 0.0892220 0.0908664 0.0697221 0.0941529 0.0979119 0.0992259 0.0925488 0.0938276 0.1095951 0.0827468 0.1003621 0.0915495 0.0951442 0.0832221 0.0874527 0.0866757 0.0704619 0.1565880 0.1047274 0.0707767 0.1060322 0.1009306 0.0784355 0.0417814 0.0864457 0.0582705 0.0521848 0.1038671 0.0791570 0.0916588 0.0685921 0.0985752 0.0873925 0.0768968 0.0972943 0.0506277 0.0886480 0.0917028 0.0927583 0.0870997 0.0871643 0.0906769 0.1336252 0.1178635 0.0773846 0.1012724 0.0960314 0.0874037 0.1501610 0.0448490 0.1547943 0.1048942 0.0951734 0.0762050 0.1007233 0.0990682 0.1458725 0.0830507 0.0935656 0.0920238 0.0994466 0.0914605 0.0986069 0.0705937 0.0828795 0.0925494 0.0923975 0.0783581 0.0768505 0.0810525 0.0720413 0.0969833 0.0760863 0.0809526 0.0673249 0.0907094 0.0809367 0.0849130 0.0820019 0.0768551 0.0826329 0.0976646 0.0820770 0.0566056 0.0804830 0.0962586 0.1051628 0.0795486 0.0948415 0.0724134 0.0825527 0.0845571 0.0948758 0.0856705 0.0994745 0.0925567 0.0810347 0.0931845 0.0854008 0.0913004 0.0956445 0.0803622 0.1172734 0.0792133 0.0849595 0.0954363 0.0793538 
S0320         0.1966936 0.0964634 0.0928911 0.0324898 0.0969978 0.0943664 0.1085674 0.0279109 0.1029966 0.1039203 0.0904004 0.0341595 0.1009202 0.1062042 0.0000000 0.0946730 0.0613158 0.0921737 0.0942722 0.1021367 0.0917261 0.0888447 0.0853797 0.0538391 0.1192890 0.0400653 0.0521208 0.0934562 0.0470154 0.0914412 0.0443540 0.1051420 0.1030552 0.1115549 0.0295206 0.1056325 0.0846114 0.0344280 0.0427059 0.0775349 0.0915715 0.0890363 0.0949101 0.0928059 0.1654946 0.0925780 0.0964599 0.1198610 0.1012823 0.0926958 0.0543897 0.0902757 0.0704874 0.0669051 0.1058128 0.0850564 0.0457145 0.0879090 0.0737142 0.0430626 0.0947511 0.0296449 0.0685104 0.1026190 0.1054771 0.1068130 0.1028417 0.0933883 0.1065671 0.1463700 0.1190817 0.1011833 0.1131721 0.1173867 0.0976147 0.1603071 0.0558168 0.1725971 0.1109908 0.1134062 0.0980101 0.1048183 0.1125238 0.1529198 0.0868529 0.0975897 0.1000673 0.0373169 0.0705340 0.0756159 0.0962043 0.0445348 0.0324326 0.1108057 0.0889354 0.0936034 0.0844826 0.0860207 0.0974470 0.0929181 0.0810396 0.0723847 0.0932967 0.0795725 0.0915415 0.0327734 0.0941310 0.0997408 0.0423341 0.0822419 0.0663215 0.0516094 0.1084466 0.0851366 0.0853227 0.0994161 0.1021618 0.1002883 0.0948006 0.0354622 0.0848736 0.0475256 0.0887135 0.0893512 0.0915283 0.0972684 0.0722296 0.1058861 0.0964574 0.1446155 0.0855874 0.1028245 0.1023134 0.0927175 
S0322         0.1936052 0.0697003 0.0504416 0.0930575 0.0797133 0.0591874 0.0139022 0.0805592 0.0765284 0.0711983 0.0624522 0.0944215 0.0147241 0.0704691 0.0946730 0.0000000 0.0755660 0.0641977 0.0625629 0.0101727 0.0718962 0.0610493 0.0524501 0.0912000 0.0980587 0.0780228 0.0276913 0.0704136 0.0828611 0.0088129 0.0830309 0.0852351 0.0731044 0.0737124 0.0892730 0.0724725 0.0555116 0.0853149 0.0797597 0.0771487 0.0684864 0.0614891 0.0701368 0.0118452 0.1484429 0.0756660 0.0101983 0.0885910 0.0704135 0.0580862 0.0320290 0.0589990 0.0526619 0.0498398 0.0913335 0.0642895 0.0755283 0.0630493 0.0821720 0.0712351 0.0627792 0.0863583 0.0139948 0.0758563 0.0808096 0.0819351 0.0761745 0.0632213 0.0865532 0.1208289 0.0930245 0.0700949 0.0679415 0.0733401 0.0720665 0.1345129 0.0334396 0.1411677 0.0776461 0.0774924 0.0724357 0.0772176 0.0863839 0.1237851 0.0557167 0.0723647 0.0679317 0.0865453 0.0787880 0.0859318 0.0072473 0.0685163 0.0842741 0.0587721 0.0119039 0.0150354 0.0538738 0.0646119 0.0750283 0.0621160 0.0538119 0.0422068 0.0671266 0.0620615 0.0650031 0.0688138 0.0696632 0.0703054 0.0828493 0.0649601 0.0434639 0.0773796 0.0922666 0.0903255 0.0557578 0.0863685 0.0628125 0.0679984 0.0647944 0.0840415 0.0561213 0.0844375 0.0738543 0.0630943 0.0771829 0.0701416 0.0769412 0.0814612 0.0644217 0.0957718 0.0666661 0.0738586 0.0742806 0.0572568 
S0327         0.1869440 0.0789117 0.0712055 0.0663987 0.0750923 0.0715260 0.0905847 0.0622851 0.0802821 0.0799149 0.0743612 0.0680487 0.0781535 0.0896264 0.0613158 0.0755660 0.0000000 0.0801021 0.0784612 0.0831157 0.0775836 0.0698703 0.0682641 0.0477399 0.1092052 0.0500876 0.0359348 0.0686483 0.0578485 0.0728081 0.0619014 0.0826464 0.0887662 0.0943533 0.0615887 0.0885843 0.0712889 0.0539327 0.0597274 0.0630168 0.0797873 0.0775186 0.0733818 0.0737890 0.1442588 0.0847656 0.0737660 0.0963674 0.0887645 0.0599185 0.0366028 0.0748491 0.0480529 0.0506470 0.0867506 0.0659266 0.0544304 0.0779114 0.0630124 0.0570487 0.0737726 0.0489502 0.0483385 0.0756725 0.0825213 0.0754957 0.0757274 0.0841406 0.0870958 0.1289387 0.1048948 0.0888577 0.0945301 0.0835618 0.0706485 0.1269637 0.0380496 0.1378212 0.0886762 0.0874504 0.0914077 0.0827171 0.0916852 0.1321212 0.0715481 0.0831869 0.0771567 0.0646215 0.0650367 0.0683568 0.0774886 0.0581787 0.0592132 0.0843624 0.0739322 0.0744148 0.0693693 0.0854723 0.0953912 0.0675231 0.0695595 0.0599646 0.0774505 0.0586806 0.0736066 0.0547706 0.0733163 0.0739797 0.0523631 0.0703443 0.0516021 0.0418529 0.0888682 0.0740261 0.0716016 0.0838967 0.0709777 0.0772693 0.0787971 0.0623992 0.0712347 0.0610046 0.0749764 0.0738309 0.0868806 0.0852913 0.0646473 0.0888910 0.0754132 0.1126702 0.0651236 0.0836670 0.0782227 0.0701216 
S0335         0.1603463 0.0694621 0.0762464 0.0901557 0.0599250 0.0662476 0.0750522 0.0774910 0.0539821 0.0754065 0.0662335 0.0934476 0.0670927 0.0738152 0.0921737 0.0641977 0.0801021 0.0000000 0.0279840 0.0703526 0.0722006 0.0681549 0.0594024 0.0862886 0.0755825 0.0753313 0.0208448 0.0707827 0.0813881 0.0638331 0.0805491 0.0651990 0.0793165 0.0900465 0.0838904 0.0941613 0.0624782 0.0807042 0.0767260 0.0838754 0.0687120 0.0665384 0.0532569 0.0661998 0.1442199 0.0699872 0.0666205 0.0728458 0.0797278 0.0568775 0.0252121 0.0639262 0.0381697 0.0340672 0.0749185 0.0458168 0.0762244 0.0731841 0.0873192 0.0715085 0.0534246 0.0858844 0.0461667 0.0600782 0.0645320 0.0658093 0.0622522 0.0521713 0.0741892 0.1181241 0.0931207 0.0846882 0.1142840 0.0773828 0.0546379 0.1339105 0.0234083 0.1386574 0.0626602 0.0345366 0.0812165 0.0769422 0.0696926 0.1275219 0.0606307 0.0737855 0.0514035 0.0872566 0.0856875 0.0887904 0.0665353 0.0705697 0.0795362 0.1055762 0.0703847 0.0829586 0.0642705 0.0715732 0.0379550 0.0490563 0.0586964 0.0526829 0.0720032 0.0454855 0.0665790 0.0693523 0.0542003 0.0501129 0.0843234 0.0628231 0.0311400 0.0706685 0.0796653 0.1015368 0.0606762 0.0779411 0.0557336 0.0378279 0.0683367 0.0869720 0.0649194 0.0832556 0.0771791 0.0646067 0.0314116 0.0144286 0.0838592 0.0586659 0.0554633 0.1310434 0.0534030 0.0446971 0.0769458 0.0467963 
S0345         0.1809571 0.0698758 0.0651922 0.0886015 0.0657888 0.0641818 0.0735595 0.0803000 0.0577418 0.0729280 0.0587116 0.0943740 0.0694813 0.0867420 0.0942722 0.0625629 0.0784612 0.0279840 0.0000000 0.0725336 0.0661023 0.0642979 0.0572202 0.0891746 0.0886340 0.0738454 0.0249407 0.0705207 0.0847460 0.0643558 0.0807645 0.0694161 0.0754495 0.0927504 0.0809009 0.0885305 0.0603586 0.0866787 0.0692081 0.0825012 0.0590275 0.0639937 0.0531831 0.0648469 0.1391189 0.0714784 0.0654358 0.0667517 0.0760540 0.0531816 0.0276505 0.0618399 0.0376928 0.0367370 0.0734051 0.0472212 0.0745249 0.0836602 0.0840894 0.0678791 0.0516608 0.0838773 0.0529390 0.0640577 0.0685568 0.0716596 0.0659597 0.0616777 0.0747556 0.1235816 0.0805940 0.0880044 0.0939938 0.0749185 0.0584415 0.1301585 0.0257646 0.1393925 0.0663279 0.0356241 0.0821514 0.0678151 0.0759648 0.1288792 0.0584860 0.0700612 0.0459530 0.0856717 0.0844811 0.0878399 0.0652589 0.0654175 0.0836654 0.0924729 0.0713057 0.0643758 0.0621788 0.0877046 0.0353057 0.0487615 0.0565270 0.0485406 0.0689374 0.0468181 0.0646645 0.0644786 0.0597813 0.0535061 0.0844934 0.0606748 0.0373377 0.0706256 0.0784904 0.1004292 0.0585298 0.0662727 0.0459715 0.0355141 0.0679777 0.0813696 0.0609838 0.0814743 0.0680064 0.0592070 0.0305620 0.0324841 0.0803265 0.0696267 0.0533041 0.1129173 0.0515502 0.0425451 0.0763352 0.0428258 
S0355         0.2022835 0.0791989 0.0499063 0.0948876 0.0898692 0.0683362 0.0183266 0.0879639 0.0842714 0.0824690 0.0741578 0.0999290 0.0144674 0.0743734 0.1021367 0.0101727 0.0831157 0.0703526 0.0725336 0.0000000 0.0793488 0.0702199 0.0615898 0.0949162 0.1107341 0.0800238 0.0321230 0.0743612 0.0850126 0.0130637 0.0888088 0.0929487 0.0809119 0.0835212 0.0967627 0.0876330 0.0646109 0.0907290 0.0838227 0.0850644 0.0779909 0.0724626 0.0775567 0.0115837 0.1509569 0.0813285 0.0174269 0.0969388 0.0835875 0.0549287 0.0364131 0.0681184 0.0549548 0.0539573 0.0989400 0.0718495 0.0811324 0.0668277 0.0900721 0.0765931 0.0649999 0.0918916 0.0184491 0.0814840 0.0884733 0.0896977 0.0840442 0.0774333 0.0961555 0.1239272 0.1012765 0.0737874 0.0646436 0.0700575 0.0761666 0.1456123 0.0377820 0.1504032 0.0891872 0.0853857 0.0762294 0.0846028 0.0940428 0.1291563 0.0648462 0.0798034 0.0718525 0.0939788 0.0868384 0.0938583 0.0158701 0.0742998 0.0898054 0.0558111 0.0146780 0.0149610 0.0629782 0.0683603 0.0850287 0.0695704 0.0629052 0.0481064 0.0764211 0.0698758 0.0723087 0.0691120 0.0775070 0.0778504 0.0903474 0.0723893 0.0495516 0.0812526 0.1018909 0.0982479 0.0648938 0.0982845 0.0594738 0.0736653 0.0740054 0.0859730 0.0671923 0.0918339 0.0812686 0.0705169 0.0850545 0.0779915 0.0866920 0.0907898 0.0666178 0.0945452 0.0723259 0.0794795 0.0835385 0.0628432 
S0376         0.1871109 0.0404551 0.0661925 0.0914705 0.0758122 0.0486889 0.0846766 0.0849184 0.0729515 0.0524692 0.0468281 0.1004893 0.0780615 0.0935601 0.0917261 0.0718962 0.0775836 0.0722006 0.0661023 0.0793488 0.0000000 0.0454989 0.0405282 0.0899008 0.0733719 0.0842315 0.0340346 0.0358232 0.0895620 0.0711280 0.0876859 0.0828504 0.0572670 0.1113488 0.0916231 0.0609010 0.0436626 0.0878606 0.0753722 0.0858449 0.0577882 0.0475617 0.0663127 0.0700553 0.1332509 0.0585156 0.0721694 0.0934503 0.0593029 0.0578809 0.0382905 0.0469170 0.0462699 0.0469797 0.0832406 0.0606133 0.0760796 0.0947464 0.0854846 0.0751949 0.0644419 0.0870304 0.0569189 0.0739466 0.0806690 0.0758054 0.0760872 0.0506985 0.0844149 0.1247989 0.0977044 0.1066410 0.0951634 0.0704936 0.0667615 0.1306419 0.0380156 0.1352520 0.0813416 0.0793613 0.1092549 0.0571732 0.0900350 0.1233131 0.0438185 0.0408457 0.0662650 0.0891016 0.0858916 0.0875164 0.0737890 0.0710907 0.0886957 0.0962528 0.0741984 0.0693188 0.0452971 0.1005675 0.0777413 0.0588186 0.0420733 0.0360916 0.0440687 0.0589602 0.0442330 0.0745525 0.0642054 0.0668457 0.0875248 0.0327596 0.0460376 0.0783418 0.0861956 0.0993951 0.0406703 0.0864520 0.0544409 0.0697467 0.0469617 0.0884546 0.0488694 0.0795630 0.0469755 0.0457402 0.0789701 0.0875654 0.0857731 0.0776149 0.0678691 0.1224223 0.0684692 0.0775345 0.0440543 0.0684614 
S0400         0.1860587 0.0370490 0.0568441 0.0851451 0.0791061 0.0127548 0.0711680 0.0804735 0.0661502 0.0238841 0.0415437 0.0940409 0.0689098 0.0887445 0.0888447 0.0610493 0.0698703 0.0681549 0.0642979 0.0702199 0.0454989 0.0000000 0.0114286 0.0816484 0.0590858 0.0781671 0.0253909 0.0521430 0.0777634 0.0621267 0.0814476 0.0781760 0.0502196 0.1064731 0.0871353 0.0410782 0.0127913 0.0852016 0.0730930 0.0774398 0.0357938 0.0173538 0.0642163 0.0610642 0.1354834 0.0418701 0.0598309 0.0882188 0.0248948 0.0569554 0.0329538 0.0157146 0.0406038 0.0449173 0.0766880 0.0585412 0.0719334 0.0830675 0.0787405 0.0746935 0.0536808 0.0808418 0.0515413 0.0711744 0.0776396 0.0750268 0.0733356 0.0356193 0.0849986 0.1205927 0.0940427 0.0965634 0.0987451 0.0796917 0.0659523 0.1263780 0.0327199 0.1266703 0.0826036 0.0754376 0.0951733 0.0484405 0.0868089 0.1153887 0.0098768 0.0341626 0.0601812 0.0865554 0.0772767 0.0752562 0.0597571 0.0669995 0.0805157 0.1018456 0.0614901 0.0617632 0.0142516 0.0923291 0.0733798 0.0545498 0.0113477 0.0144646 0.0374277 0.0528240 0.0310217 0.0659295 0.0615133 0.0641390 0.0832856 0.0263529 0.0439244 0.0702853 0.0867584 0.0865587 0.0128431 0.0850018 0.0584717 0.0568552 0.0202383 0.0822599 0.0187328 0.0842237 0.0370537 0.0247473 0.0714378 0.0778375 0.0771782 0.0764096 0.0589687 0.1307648 0.0623661 0.0676533 0.0557987 0.0589396 
S0405         0.1796032 0.0293375 0.0575323 0.0817046 0.0699252 0.0113996 0.0620106 0.0735077 0.0614732 0.0240812 0.0334960 0.0868079 0.0602548 0.0815800 0.0853797 0.0524501 0.0682641 0.0594024 0.0572202 0.0615898 0.0405282 0.0114286 0.0000000 0.0782242 0.0564035 0.0712755 0.0172057 0.0456454 0.0743720 0.0535890 0.0743931 0.0692913 0.0438247 0.0968485 0.0836774 0.0328956 0.0070572 0.0780813 0.0697018 0.0686399 0.0311770 0.0129563 0.0558028 0.0559350 0.1253441 0.0356405 0.0514123 0.0808965 0.0219765 0.0468829 0.0247540 0.0099319 0.0357203 0.0366648 0.0679770 0.0500983 0.0667764 0.0760012 0.0735204 0.0656477 0.0453032 0.0774496 0.0464846 0.0624154 0.0688188 0.0675764 0.0644912 0.0332720 0.0760219 0.1106523 0.0865999 0.0907653 0.0904091 0.0669338 0.0570800 0.1163453 0.0245819 0.1166150 0.0737208 0.0684638 0.0878485 0.0404509 0.0777843 0.1054910 0.0070822 0.0280273 0.0519211 0.0794496 0.0703290 0.0754933 0.0513493 0.0601800 0.0735413 0.0883672 0.0563244 0.0516327 0.0084921 0.0851168 0.0647166 0.0462668 0.0056354 0.0056745 0.0296336 0.0460388 0.0249388 0.0604102 0.0526678 0.0557306 0.0798573 0.0218623 0.0373418 0.0650693 0.0814087 0.0849664 0.0070863 0.0760184 0.0509755 0.0486629 0.0158305 0.0752625 0.0128796 0.0771175 0.0309090 0.0187937 0.0645176 0.0689971 0.0702443 0.0677354 0.0504175 0.1164115 0.0556817 0.0591624 0.0492498 0.0506515 
S0407sl       0.1971042 0.0931017 0.0931356 0.0554862 0.0923255 0.0870842 0.1053201 0.0549246 0.0973432 0.0959865 0.0886206 0.0500113 0.0955150 0.0939077 0.0538391 0.0912000 0.0477399 0.0862886 0.0891746 0.0949162 0.0899008 0.0816484 0.0782242 0.0000000 0.1105726 0.0402957 0.0451135 0.0826651 0.0405380 0.0861351 0.0512885 0.0993970 0.0996339 0.1154752 0.0489454 0.1079099 0.0794071 0.0543919 0.0495876 0.0653260 0.0782840 0.0859386 0.0856634 0.0873501 0.1492436 0.0872595 0.0911307 0.1020315 0.0918207 0.0865974 0.0457058 0.0830858 0.0596898 0.0583732 0.1044878 0.0759202 0.0544330 0.0884250 0.0668369 0.0500440 0.0782159 0.0543595 0.0613079 0.0968374 0.0997771 0.1009672 0.0970475 0.0908422 0.1031332 0.1368894 0.1142071 0.1055891 0.1144896 0.1031342 0.0898698 0.1473053 0.0490681 0.1519507 0.1014706 0.1019132 0.1063749 0.1010003 0.1067730 0.1422320 0.0796995 0.0938223 0.0872213 0.0469628 0.0635981 0.0686982 0.0908898 0.0532096 0.0499571 0.1078152 0.0894181 0.0971502 0.0812697 0.0942858 0.1056718 0.0857721 0.0776220 0.0677342 0.0936568 0.0781347 0.0900065 0.0471188 0.0884353 0.0904719 0.0558700 0.0804511 0.0611908 0.0159330 0.1010305 0.0780359 0.0797616 0.1038031 0.0905535 0.0873467 0.0837502 0.0485830 0.0816473 0.0648822 0.0912504 0.0816152 0.0973576 0.0935837 0.0635441 0.1040517 0.0798827 0.1279695 0.0787065 0.0897449 0.0928592 0.0762852 
S0412sl       0.2246626 0.0710723 0.1065406 0.1304153 0.1194856 0.0590143 0.1209420 0.1212044 0.1001178 0.0689822 0.0527019 0.1328183 0.1000891 0.1174638 0.1192890 0.0980587 0.1092052 0.0755825 0.0886340 0.1107341 0.0733719 0.0590858 0.0564035 0.1105726 0.0000000 0.1139150 0.0510255 0.0741026 0.1193366 0.1004905 0.0949728 0.1250256 0.0647716 0.1265534 0.1298846 0.1017647 0.0590073 0.1288086 0.1008460 0.1063105 0.0592155 0.0705981 0.0957321 0.1043971 0.1610659 0.0565907 0.0991525 0.1111114 0.0793698 0.1160973 0.0613325 0.0565099 0.0728771 0.0758313 0.1123752 0.0939942 0.0993130 0.1178448 0.1114766 0.1074345 0.0799983 0.1244805 0.0858331 0.1050597 0.1131418 0.1174418 0.1111886 0.0650386 0.1196379 0.1466581 0.1133225 0.1332537 0.1669453 0.1563557 0.0959867 0.1673926 0.0635376 0.1572111 0.1214609 0.0906291 0.1370713 0.0858970 0.1224592 0.1546063 0.0591022 0.0708666 0.0772021 0.1168354 0.1123016 0.1150517 0.0985235 0.0907202 0.1208152 0.1474348 0.1101736 0.1380196 0.0621426 0.1274585 0.0875433 0.0958780 0.0564035 0.0519766 0.0708989 0.0932741 0.0712775 0.0974876 0.0927356 0.0897583 0.1282565 0.0680676 0.0708299 0.0988884 0.1227051 0.1290261 0.0621933 0.1053548 0.1263826 0.0790192 0.0677050 0.1210640 0.0682365 0.1075316 0.0767825 0.0544275 0.0938858 0.0912239 0.1094489 0.1114537 0.0885228 0.1706240 0.0917561 0.0826341 0.0804509 0.0737035 
S0417         0.1905366 0.0836917 0.0881663 0.0291007 0.0809928 0.0798391 0.0909289 0.0318490 0.0818208 0.0945914 0.0791230 0.0383401 0.0822863 0.0867170 0.0400653 0.0780228 0.0500876 0.0753313 0.0738454 0.0800238 0.0842315 0.0781671 0.0712755 0.0402957 0.1139150 0.0000000 0.0304861 0.0736946 0.0261046 0.0733779 0.0325276 0.0837485 0.0898827 0.0993259 0.0338527 0.1017221 0.0724617 0.0291971 0.0293347 0.0621668 0.0788670 0.0804869 0.0730954 0.0780971 0.1458050 0.0894807 0.0781922 0.0920257 0.0898910 0.0763235 0.0329880 0.0760080 0.0496516 0.0451481 0.0922784 0.0618980 0.0369988 0.0790432 0.0620035 0.0344783 0.0660992 0.0354610 0.0494318 0.0811572 0.0820579 0.0850170 0.0813278 0.0855591 0.0853670 0.1296101 0.1057259 0.0955995 0.1088003 0.0974505 0.0741916 0.1407705 0.0344299 0.1473401 0.0902041 0.0902767 0.0887136 0.0912387 0.0948518 0.1329687 0.0727234 0.0843255 0.0711510 0.0260205 0.0571590 0.0637995 0.0779921 0.0294955 0.0274010 0.0867770 0.0799855 0.0785685 0.0742541 0.0846384 0.0866521 0.0691285 0.0707393 0.0593130 0.0823342 0.0635274 0.0787816 0.0289785 0.0712711 0.0754998 0.0418606 0.0733036 0.0459031 0.0329131 0.0908918 0.0710491 0.0727778 0.0857864 0.0822014 0.0781863 0.0783925 0.0243596 0.0745926 0.0402111 0.0780442 0.0750044 0.0769803 0.0769438 0.0571575 0.0882861 0.0677068 0.1298274 0.0627512 0.0861810 0.0814568 0.0676726 
S0419         0.1357607 0.0286251 0.0070342 0.0433546 0.0228814 0.0236923 0.0397543 0.0374787 0.0124064 0.0383649 0.0243290 0.0502907 0.0323718 0.0392420 0.0521208 0.0276913 0.0359348 0.0208448 0.0249407 0.0321230 0.0340346 0.0253909 0.0172057 0.0451135 0.0510255 0.0304861 0.0000000 0.0324396 0.0376332 0.0273234 0.0433974 0.0173645 0.0355111 0.0567272 0.0451083 0.0411733 0.0187421 0.0398142 0.0382284 0.0394471 0.0272915 0.0221790 0.0091937 0.0277544 0.0903052 0.0372685 0.0288459 0.0432664 0.0375268 0.0046169 0.0000029 0.0203666 0.0015320 0.0000025 0.0235133 0.0046232 0.0358247 0.0409161 0.0427957 0.0396802 0.0154054 0.0430484 0.0163579 0.0124626 0.0156476 0.0157683 0.0157777 0.0266411 0.0272608 0.0683106 0.0508132 0.0514584 0.0503679 0.0180424 0.0079816 0.0805428 0.0000020 0.0887771 0.0187907 0.0340061 0.0518923 0.0389908 0.0271999 0.0748504 0.0188122 0.0323433 0.0235197 0.0449987 0.0394685 0.0445904 0.0286818 0.0275996 0.0375749 0.0352221 0.0329802 0.0235776 0.0203701 0.0480887 0.0322019 0.0061541 0.0187535 0.0108528 0.0255289 0.0063202 0.0237874 0.0281312 0.0063145 0.0060764 0.0430045 0.0238737 0.0015255 0.0317072 0.0322964 0.0501533 0.0204224 0.0306663 0.0071487 0.0234541 0.0270506 0.0428176 0.0237871 0.0445729 0.0337502 0.0221047 0.0269190 0.0254640 0.0375602 0.0154310 0.0186606 0.0690605 0.0123287 0.0319650 0.0379160 0.0154943 
S0427         0.1749437 0.0501894 0.0740967 0.0920524 0.0802192 0.0520531 0.0831386 0.0871950 0.0711223 0.0576701 0.0485659 0.1029423 0.0746387 0.0892220 0.0934562 0.0704136 0.0686483 0.0707827 0.0705207 0.0743612 0.0358232 0.0521430 0.0456454 0.0826651 0.0741026 0.0736946 0.0324396 0.0000000 0.0844815 0.0696590 0.0900128 0.0809508 0.0555607 0.1004963 0.0931313 0.0647396 0.0453251 0.0863155 0.0814754 0.0782981 0.0576846 0.0539093 0.0685844 0.0703984 0.1349364 0.0602656 0.0707145 0.0848782 0.0639930 0.0525682 0.0384249 0.0518957 0.0463148 0.0504912 0.0853490 0.0628555 0.0819832 0.0963610 0.0814524 0.0810564 0.0577045 0.0912402 0.0534493 0.0720897 0.0787887 0.0778463 0.0742121 0.0535808 0.0764861 0.1184321 0.1010914 0.1042995 0.0932359 0.0652632 0.0670028 0.1276939 0.0381484 0.1279913 0.0838228 0.0796135 0.1027690 0.0679440 0.0823163 0.1170089 0.0487639 0.0540723 0.0611232 0.0914327 0.0799600 0.0871383 0.0723370 0.0732457 0.0910147 0.0875791 0.0745644 0.0669146 0.0502519 0.0983257 0.0821069 0.0586977 0.0469766 0.0395307 0.0539819 0.0569343 0.0538645 0.0765385 0.0640944 0.0650682 0.0878514 0.0471905 0.0496516 0.0727628 0.0800687 0.0968862 0.0472679 0.0784525 0.0489058 0.0661415 0.0517585 0.0871242 0.0539098 0.0854707 0.0551229 0.0540270 0.0833325 0.0823065 0.0817033 0.0757766 0.0631248 0.1037264 0.0648341 0.0738122 0.0172035 0.0613702 
S0428sl       0.1972285 0.0866999 0.0888733 0.0422247 0.0877708 0.0831364 0.0917728 0.0415212 0.0886431 0.0958709 0.0884287 0.0482516 0.0873645 0.0908664 0.0470154 0.0828611 0.0578485 0.0813881 0.0847460 0.0850126 0.0895620 0.0777634 0.0743720 0.0405380 0.1193366 0.0261046 0.0376332 0.0844815 0.0000000 0.0782172 0.0425824 0.0906318 0.0995162 0.1070572 0.0388585 0.1036540 0.0755653 0.0456214 0.0360684 0.0612818 0.0841985 0.0798698 0.0775755 0.0792299 0.1628300 0.0970451 0.0831325 0.1119386 0.0915710 0.0856344 0.0436983 0.0791998 0.0574407 0.0577975 0.0956243 0.0679857 0.0490106 0.0815224 0.0613014 0.0398063 0.0758524 0.0455347 0.0573526 0.0880454 0.0871496 0.0920350 0.0882341 0.0959994 0.0942785 0.1379149 0.1138813 0.0944795 0.1138764 0.1098904 0.0829330 0.1470887 0.0451421 0.1541774 0.0975620 0.0976324 0.0913431 0.1004901 0.0978199 0.1409487 0.0758436 0.0917221 0.0851765 0.0419823 0.0598349 0.0631188 0.0829158 0.0442880 0.0367413 0.0963068 0.0811726 0.0851962 0.0774041 0.0893660 0.0936002 0.0755821 0.0738023 0.0603624 0.0871539 0.0701732 0.0879306 0.0377652 0.0760525 0.0820643 0.0424096 0.0784448 0.0587897 0.0347082 0.0961023 0.0722509 0.0759023 0.0948809 0.0831315 0.0853048 0.0835224 0.0370116 0.0741363 0.0522223 0.0891793 0.0777228 0.0931575 0.0869170 0.0563338 0.0952346 0.0816698 0.1440020 0.0741936 0.0933484 0.0946051 0.0816273 
