134
S0055       0.0000000 0.0683442 0.0946261 0.0696803 0.0480210 0.1009440 0.1066312 0.0707629 0.0523152 0.0592947 0.0925576 0.0995964 0.0916500 0.0874145 0.0961452 0.0902177 0.0943806 0.0794933 0.0953413 0.0643694 0.0430151 0.0382281 0.0974131 0.0728444 0.0862604 0.0675219 0.0758467 0.0953563 0.1025694 0.0984018 0.0831829 0.0901884 0.0972344 0.0971867 0.0461394 0.0402054 0.1142911 0.1017081 0.0987460 0.0434909 0.0403725 0.0868309 0.0942846 0.1600867 0.0691454 0.0983561 0.0839430 0.0362635 0.0937190 0.0622779 0.0549275 0.0663940 0.0613560 0.0959499 0.0958188 0.1072032 0.1060688 0.0820934 0.0950416 0.0568768 0.0897986 0.0866659 0.1023350 0.0948191 0.0946133 0.0957222 0.0492905 0.0795009 0.1487781 0.1272146 0.1048404 0.0955229 0.1041602 0.0897096 0.1608689 0.0664018 0.1674524 0.0983572 0.1023200 0.0920387 0.1092347 0.0511431 0.0864139 0.1580048 0.0392114 0.0532180 0.0633227 0.0893672 0.0829897 0.0820667 0.1025052 0.0957632 0.0852040 0.0775534 0.1013727 0.0964508 0.0410950 0.1046161 0.0807068 0.0720818 0.0462328 0.0376043 0.0400281 0.0811861 0.0360454 0.1079398 0.0615398 0.0757976 0.1010910 0.0484008 0.0643263 0.0963939 0.0805194 0.0977033 0.0440621 0.0782242 0.0797272 0.0700772 0.0392464 0.1038731 0.0441826 0.1043081 0.0402067 0.0499529 0.0864666 0.0768164 0.1270673 0.0895378 0.0612260 0.1004776 0.0717427 0.0724338 0.0684600 0.0624280 
S0196sl     0.0683442 0.0000000 0.1071720 0.0431872 0.0772972 0.0887897 0.1147095 0.0705868 0.0821521 0.0853700 0.1017039 0.0844149 0.0830540 0.0874496 0.0808705 0.0881805 0.0946223 0.0797561 0.0801760 0.0817373 0.0716456 0.0674053 0.0975266 0.0813935 0.0907475 0.0153963 0.0727226 0.0810939 0.0906664 0.1061262 0.0959949 0.0768306 0.0841630 0.0961820 0.0752728 0.0695843 0.1150952 0.0950820 0.0994973 0.0569625 0.0729034 0.0364018 0.0812235 0.1657715 0.0853470 0.0832048 0.0784914 0.0619386 0.0985566 0.0089689 0.0871216 0.0117021 0.0080893 0.1010586 0.0463937 0.1009819 0.0910499 0.0821636 0.0861955 0.0520334 0.0888121 0.0744222 0.1067134 0.1020022 0.1035022 0.1011825 0.0795560 0.0375127 0.1540270 0.1123546 0.0907059 0.0834365 0.1082285 0.1007078 0.1643139 0.0126172 0.1715594 0.0899297 0.1167773 0.0811579 0.0940227 0.0794927 0.0852454 0.1703884 0.0695682 0.0755534 0.0566836 0.0918567 0.0854750 0.0833418 0.0849426 0.0859586 0.0967502 0.0673007 0.0859661 0.0834189 0.0704946 0.0917454 0.0861429 0.0731667 0.0786426 0.0647336 0.0715690 0.0823918 0.0655110 0.1096475 0.0664718 0.0747709 0.1041651 0.0714229 0.0089730 0.0942988 0.0375032 0.0984152 0.0717275 0.0364370 0.0795280 0.0624466 0.0780545 0.1125990 0.0664877 0.0977143 0.0651776 0.0647994 0.0885291 0.0808686 0.1233946 0.0932805 0.0535833 0.0952607 0.0355607 0.0647952 0.0693306 0.0517057 
S0278       0.0946261 0.1071720 0.0000000 0.1093816 0.1185138 0.1311755 0.0370424 0.1077973 0.1121991 0.1262248 0.0364645 0.1268279 0.1246282 0.0296092 0.1266231 0.0326472 0.1398770 0.1095489 0.1207250 0.1209642 0.1091922 0.1054717 0.0411447 0.1240415 0.0363018 0.1076358 0.1292394 0.1214938 0.0696590 0.1357344 0.1387883 0.1245400 0.1242758 0.0378418 0.1123683 0.1057297 0.0494772 0.0622584 0.0812626 0.0949176 0.1020073 0.1221238 0.1177980 0.1590139 0.1077297 0.1251453 0.1214973 0.1065374 0.1336926 0.1001375 0.1223486 0.1001346 0.0979741 0.1287919 0.1303488 0.0700659 0.1328680 0.0624325 0.0650424 0.0942950 0.0378148 0.1148035 0.1401478 0.1274244 0.1365007 0.1389347 0.1069667 0.1181899 0.1508863 0.1411119 0.1375867 0.1230408 0.1387945 0.1210972 0.1595243 0.0977335 0.1645690 0.0874145 0.1360523 0.1301683 0.1456550 0.1209384 0.1306417 0.1636565 0.1052638 0.1218598 0.1011472 0.0328139 0.0612537 0.0601727 0.1315229 0.0619173 0.0240060 0.1106603 0.1287966 0.1257078 0.1067518 0.1334038 0.1191736 0.1156974 0.1147277 0.1003902 0.1060673 0.1172466 0.1075471 0.0644721 0.1048876 0.1139441 0.0309507 0.1211008 0.1001584 0.0380619 0.1180302 0.0786711 0.1044896 0.1165482 0.1229892 0.1040545 0.1103866 0.0381243 0.1133271 0.0658727 0.1119080 0.0950944 0.1232404 0.1157873 0.1023919 0.1336013 0.0993272 0.1253835 0.0991857 0.1040744 0.1160429 0.1018175 
S0281       0.0696803 0.0431872 0.1093816 0.0000000 0.0826455 0.1052282 0.1225982 0.0803412 0.0878204 0.0920524 0.1060091 0.1035061 0.0974390 0.0948457 0.1010881 0.0934632 0.1033897 0.0828190 0.0991583 0.0808664 0.0792433 0.0728831 0.0982276 0.0875082 0.0938812 0.0459793 0.0812705 0.0980687 0.0926716 0.1136151 0.0922619 0.0881960 0.1025305 0.1038595 0.0797353 0.0750619 0.1158945 0.1039864 0.1081515 0.0625771 0.0775822 0.0551304 0.0946457 0.1681593 0.0899431 0.1022324 0.0910163 0.0685095 0.1061532 0.0409461 0.0970162 0.0419616 0.0381739 0.1065615 0.0645782 0.1108750 0.1033421 0.0907905 0.0960716 0.0669088 0.0909557 0.0900516 0.1140389 0.1076773 0.1123117 0.1090979 0.0843660 0.0591532 0.1602340 0.1298256 0.1005085 0.0970173 0.1080556 0.1038083 0.1715443 0.0429450 0.1757989 0.1039861 0.1163304 0.0900424 0.1060546 0.0873170 0.0963162 0.1730794 0.0750343 0.0818643 0.0639796 0.0982446 0.0928185 0.0918825 0.1019218 0.0957031 0.0960550 0.0777010 0.1029694 0.0989553 0.0750396 0.1028578 0.0904742 0.0860683 0.0852151 0.0691549 0.0739286 0.0904992 0.0708889 0.1135380 0.0741489 0.0822488 0.1118264 0.0798671 0.0409654 0.0952500 0.0591382 0.1082583 0.0793197 0.0579756 0.0864871 0.0721609 0.0835328 0.1119958 0.0719073 0.1053103 0.0728371 0.0714886 0.0930859 0.0884682 0.1295016 0.0986298 0.0694191 0.1116616 0.0551546 0.0735076 0.0727130 0.0664554 
S0282       0.0480210 0.0772972 0.1185138 0.0826455 0.0000000 0.1000095 0.1260638 0.0815355 0.0271143 0.0472054 0.1083587 0.0920232 0.0985268 0.0986188 0.0952608 0.1015109 0.1091327 0.0865155 0.0944117 0.0765295 0.0158683 0.0269033 0.1086766 0.0881617 0.0963975 0.0783429 0.0804002 0.0944163 0.1086436 0.1158434 0.0887444 0.0928407 0.0963123 0.1087851 0.0462826 0.0306661 0.1275709 0.1135470 0.1148642 0.0545651 0.0251831 0.1015565 0.0922736 0.1715262 0.0883498 0.0974285 0.0929032 0.0324809 0.1146139 0.0708380 0.0305843 0.0740180 0.0709335 0.1133216 0.1111982 0.1166564 0.1149744 0.0988899 0.1056945 0.0642551 0.0969997 0.0932605 0.1188180 0.1109975 0.1132691 0.1133444 0.0393954 0.0864271 0.1610150 0.1356117 0.1089030 0.1008693 0.1207761 0.1066920 0.1722977 0.0771292 0.1752997 0.1110003 0.1150780 0.1001277 0.1145131 0.0600968 0.0976128 0.1721366 0.0241371 0.0523417 0.0696568 0.1028074 0.0997882 0.0988573 0.1015690 0.1025250 0.0999044 0.0790395 0.1004375 0.0955209 0.0306466 0.1134577 0.0961349 0.0833865 0.0308130 0.0261518 0.0568267 0.0946226 0.0449368 0.1232464 0.0753275 0.0877228 0.1139981 0.0495867 0.0729380 0.1076416 0.0874634 0.1142931 0.0177026 0.0851059 0.0864037 0.0796519 0.0391045 0.1216560 0.0502549 0.1137352 0.0374195 0.0631532 0.0963120 0.0896568 0.1375203 0.1122184 0.0696068 0.1128408 0.0805611 0.0820968 0.0781847 0.0698005 
S0288       0.1009440 0.0887897 0.1311755 0.1052282 0.1000095 0.0000000 0.1422204 0.1035804 0.1040981 0.1110647 0.1342923 0.0164185 0.0535856 0.1160593 0.0154653 0.1191650 0.1211377 0.0972536 0.0154930 0.1061950 0.0938639 0.0914448 0.1308083 0.1194185 0.1223908 0.0874379 0.1129895 0.0081938 0.1292346 0.1250766 0.1238290 0.0727270 0.0182833 0.1271222 0.1093505 0.0963365 0.1431835 0.1310073 0.1355539 0.0874683 0.0963554 0.1096750 0.0145673 0.1876852 0.1167191 0.0163894 0.1028445 0.0914132 0.1204829 0.0849342 0.1114223 0.0872195 0.0806329 0.1282237 0.1181745 0.1395100 0.0898111 0.1153349 0.1213410 0.0823994 0.1145695 0.0426022 0.1231929 0.1290164 0.1291367 0.1184789 0.0987947 0.1081232 0.1804459 0.1361951 0.0844707 0.0793793 0.1299084 0.1176645 0.1896665 0.0861371 0.1894433 0.1193614 0.1337831 0.1142506 0.0922404 0.1072256 0.1147149 0.1902584 0.0937741 0.1031826 0.0898256 0.1194328 0.1177962 0.1166823 0.0136578 0.1264442 0.1212018 0.0600820 0.0127304 0.0090198 0.0995710 0.0883593 0.1120736 0.1042813 0.0999392 0.0922135 0.1053429 0.1139294 0.0958651 0.1377263 0.0981787 0.1076713 0.1281891 0.0999678 0.0849765 0.1310257 0.1080929 0.1282271 0.0973759 0.1066480 0.1081849 0.1016600 0.0995231 0.1404219 0.0932449 0.1312170 0.0964035 0.0935154 0.1084426 0.1072089 0.1613892 0.1236954 0.0828322 0.1262690 0.0928105 0.1020210 0.1076775 0.0841873 
S0289       0.1066312 0.1147095 0.0370424 0.1225982 0.1260638 0.1422204 0.0000000 0.1152809 0.1273743 0.1332299 0.0421608 0.1380644 0.1306946 0.0378444 0.1354513 0.0426642 0.1497007 0.1240676 0.1307539 0.1313695 0.1196328 0.1115321 0.0496843 0.1364626 0.0432318 0.1157530 0.1326842 0.1336587 0.0763614 0.1462385 0.1465792 0.1312344 0.1388357 0.0367811 0.1214628 0.1117581 0.0504118 0.0773564 0.0865972 0.1039810 0.1108405 0.1351643 0.1296087 0.1717738 0.1290339 0.1378614 0.1330422 0.1089364 0.1465338 0.1100388 0.1309840 0.1113075 0.1067857 0.1453892 0.1457364 0.0771248 0.1455554 0.0700481 0.0791700 0.1059552 0.0443457 0.1223232 0.1517068 0.1400893 0.1490876 0.1495224 0.1192955 0.1349843 0.1650178 0.1628217 0.1451460 0.1400803 0.1486920 0.1334987 0.1738717 0.1102161 0.1806448 0.0884776 0.1515136 0.1369199 0.1512706 0.1269690 0.1311517 0.1698108 0.1125966 0.1331444 0.1076294 0.0437088 0.0699137 0.0689864 0.1427360 0.0715122 0.0399592 0.1215761 0.1414757 0.1358493 0.1127471 0.1476570 0.1299016 0.1227373 0.1190306 0.1091189 0.1201411 0.1263502 0.1098560 0.0835229 0.1096304 0.1234063 0.0391342 0.1297842 0.1100943 0.0487594 0.1349455 0.0863839 0.1128850 0.1333583 0.1265040 0.1087527 0.1148611 0.0428718 0.1189152 0.0774064 0.1151890 0.1044491 0.1331494 0.1265411 0.1063475 0.1435686 0.1056630 0.1436555 0.1103474 0.1113929 0.1229326 0.1118935 
S0292       0.0707629 0.0705868 0.1077973 0.0803412 0.0815355 0.1035804 0.1152809 0.0000000 0.0830254 0.0906806 0.1020231 0.0999636 0.0949817 0.0876061 0.0987122 0.0882825 0.0781194 0.0650503 0.0944139 0.0820466 0.0769790 0.0707363 0.0986124 0.0933556 0.0861762 0.0708287 0.0823197 0.0954992 0.0917737 0.0918448 0.1058260 0.0948035 0.0987192 0.0937179 0.0849494 0.0728741 0.1140078 0.1003373 0.1061251 0.0607767 0.0742945 0.0903517 0.0966541 0.1595810 0.0865442 0.0986248 0.0786061 0.0641932 0.0892503 0.0654866 0.0890453 0.0706467 0.0635630 0.0949852 0.1004060 0.1074041 0.1015749 0.0867317 0.0949389 0.0508181 0.0806438 0.0878461 0.0935683 0.0902855 0.0935535 0.0926319 0.0744954 0.0839111 0.1506227 0.1181202 0.0993267 0.0913760 0.0996973 0.0890258 0.1588700 0.0706807 0.1648181 0.0985727 0.0955535 0.0716588 0.1025897 0.0893776 0.0509837 0.1612632 0.0707938 0.0869831 0.0479735 0.0862886 0.0867694 0.0890569 0.1039666 0.0948888 0.0997703 0.0821023 0.1027296 0.0989720 0.0750614 0.1012116 0.0703006 0.0224720 0.0796696 0.0681558 0.0802067 0.0402848 0.0711105 0.1076471 0.0243733 0.0213811 0.0967608 0.0820398 0.0655178 0.0965250 0.0838112 0.1003615 0.0770370 0.0826086 0.0426959 0.0536371 0.0811893 0.1083987 0.0796515 0.1031748 0.0728689 0.0673190 0.0768927 0.0622492 0.1300542 0.0848917 0.0531640 0.1087933 0.0656937 0.0568644 0.0769004 0.0503665 
S0293       0.0523152 0.0821521 0.1121991 0.0878204 0.0271143 0.1040981 0.1273743 0.0830254 0.0000000 0.0514839 0.1102415 0.0901276 0.1003812 0.0987133 0.0969093 0.1028502 0.1106953 0.0914459 0.0949385 0.0758996 0.0193920 0.0310028 0.1094812 0.0912150 0.0975354 0.0820126 0.0854971 0.0926043 0.1078220 0.1082406 0.0934216 0.0899696 0.1005609 0.1128347 0.0545958 0.0339965 0.1287027 0.1040215 0.1142902 0.0591472 0.0301920 0.1050922 0.0927187 0.1489768 0.0925797 0.0980690 0.0916902 0.0388834 0.1052734 0.0728469 0.0339214 0.0773032 0.0752286 0.1041372 0.1152049 0.1136537 0.1136998 0.0976828 0.0985848 0.0682310 0.0999759 0.0950296 0.1076593 0.1032787 0.1103039 0.1032279 0.0428872 0.0834215 0.1413581 0.1327164 0.1108179 0.1017476 0.1163557 0.0988465 0.1511329 0.0794717 0.1580592 0.1005490 0.1098092 0.1033739 0.1166940 0.0641052 0.0905739 0.1508705 0.0280860 0.0558320 0.0694535 0.1042208 0.0986186 0.0975432 0.1011423 0.1016481 0.0983136 0.0803585 0.0999697 0.0960903 0.0349922 0.1158036 0.0982414 0.0800821 0.0351066 0.0332374 0.0594823 0.0980077 0.0470206 0.1191557 0.0776605 0.0861252 0.1159615 0.0539318 0.0761698 0.1083613 0.0845749 0.1124007 0.0213201 0.0821448 0.0870654 0.0835391 0.0438552 0.1200656 0.0515793 0.1095634 0.0462174 0.0649739 0.0995792 0.0926741 0.1339884 0.1092827 0.0706248 0.1093773 0.0843833 0.0826522 0.0820541 0.0685216 
S0294       0.0592947 0.0853700 0.1262248 0.0920524 0.0472054 0.1110647 0.1332299 0.0906806 0.0514839 0.0000000 0.1216018 0.1025494 0.1159381 0.1084229 0.1069507 0.1046056 0.1179905 0.0965119 0.1050278 0.0891930 0.0412338 0.0364311 0.1155678 0.1016674 0.1074909 0.0874924 0.0961100 0.1051461 0.1153128 0.1200056 0.1061704 0.1091117 0.1071142 0.1189846 0.0565249 0.0394353 0.1287682 0.1239729 0.1207039 0.0610037 0.0395516 0.1113604 0.1028334 0.1795605 0.0964270 0.1069844 0.0991319 0.0431918 0.1228231 0.0797729 0.0570887 0.0830421 0.0788221 0.1235556 0.1201614 0.1258363 0.1264725 0.1030395 0.1121654 0.0750225 0.1028094 0.1082864 0.1195615 0.1189068 0.1186160 0.1197296 0.0483652 0.0969221 0.1675565 0.1453454 0.1274275 0.1142069 0.1277200 0.1132585 0.1729895 0.0841189 0.1788939 0.1127873 0.1313830 0.1098627 0.1321197 0.0750212 0.1072881 0.1731825 0.0393354 0.0577245 0.0775212 0.1090456 0.1050564 0.1041182 0.1101783 0.1126027 0.1123532 0.0951753 0.1112761 0.1061694 0.0413035 0.1235511 0.1066912 0.0850736 0.0443616 0.0376943 0.0674799 0.0985885 0.0583768 0.1302191 0.0833943 0.0916730 0.1172345 0.0569519 0.0796233 0.1156949 0.0958088 0.1175540 0.0432561 0.0955355 0.0960164 0.0901258 0.0481015 0.1271582 0.0616439 0.1202653 0.0502699 0.0687236 0.1083479 0.1025605 0.1380397 0.1201449 0.0805896 0.1136728 0.0863752 0.0904994 0.0916189 0.0797479 
S0299       0.0925576 0.1017039 0.0364645 0.1060091 0.1083587 0.1342923 0.0421608 0.1020231 0.1102415 0.1216018 0.0000000 0.1304685 0.1222376 0.0368455 0.1302628 0.0419273 0.1364613 0.1082089 0.1217041 0.1195532 0.1030801 0.0971229 0.0461654 0.1127110 0.0362904 0.1031206 0.1186359 0.1255193 0.0697863 0.1315389 0.1330703 0.1266155 0.1284196 0.0440360 0.1071958 0.0996567 0.0523156 0.0705199 0.0787725 0.0917986 0.1000359 0.1208849 0.1244538 0.1641103 0.1107581 0.1290666 0.1203704 0.0981164 0.1316498 0.0971500 0.1142625 0.0971785 0.0938044 0.1350107 0.1288630 0.0734789 0.1438249 0.0605678 0.0722360 0.0927301 0.0368271 0.1194098 0.1387790 0.1236405 0.1362539 0.1351394 0.1022849 0.1188097 0.1545361 0.1481097 0.1450309 0.1252363 0.1414187 0.1244132 0.1677971 0.0971579 0.1681215 0.0795166 0.1349361 0.1220365 0.1529515 0.1145745 0.1176085 0.1670189 0.0993770 0.1153531 0.0976203 0.0389723 0.0604840 0.0594518 0.1336973 0.0656755 0.0381804 0.1173625 0.1339442 0.1293750 0.1022604 0.1457873 0.1163685 0.1090418 0.1073317 0.0958380 0.1036850 0.1082203 0.1003509 0.0736734 0.0974390 0.1042967 0.0435597 0.1120452 0.0972010 0.0451953 0.1187750 0.0784849 0.0962103 0.1172006 0.1136380 0.1018659 0.1056343 0.0453225 0.1058729 0.0705902 0.1011366 0.0922827 0.1204265 0.1091836 0.0968961 0.1272703 0.0937110 0.1305880 0.1009722 0.1032992 0.1097660 0.0963236 
S0303       0.0995964 0.0844149 0.1268279 0.1035061 0.0920232 0.0164185 0.1380644 0.0999636 0.0901276 0.1025494 0.1304685 0.0000000 0.0527756 0.1119872 0.0113778 0.1136013 0.1238680 0.0938617 0.0105125 0.1058176 0.0883442 0.0862976 0.1235302 0.1176320 0.1154754 0.0842930 0.1054264 0.0088349 0.1198399 0.1220470 0.1204819 0.0724070 0.0134640 0.1212960 0.1019918 0.0876381 0.1380328 0.1309638 0.1305278 0.0866659 0.0886672 0.1079128 0.0096271 0.1836217 0.1184485 0.0113783 0.1027337 0.0828652 0.1174542 0.0808369 0.1029227 0.0830242 0.0767982 0.1264953 0.1160971 0.1341620 0.0861678 0.1111672 0.1215788 0.0795848 0.1070575 0.0392710 0.1226880 0.1297765 0.1218537 0.1170936 0.0868264 0.1056819 0.1779555 0.1391686 0.0826827 0.0789020 0.1339840 0.1187111 0.1883238 0.0830333 0.1869328 0.1163418 0.1317624 0.1123656 0.0890341 0.1081334 0.1120280 0.1861249 0.0873225 0.1006571 0.0831379 0.1160950 0.1135265 0.1125749 0.0150465 0.1216831 0.1161323 0.0590635 0.0141422 0.0114037 0.0906715 0.0847767 0.1126464 0.1054030 0.0921121 0.0847221 0.1053458 0.1074545 0.0903471 0.1361870 0.0947076 0.1075542 0.1211414 0.0964650 0.0808758 0.1248802 0.1056532 0.1247806 0.0884818 0.1042635 0.1020723 0.0991841 0.0926964 0.1355147 0.0897209 0.1273690 0.0907651 0.0947518 0.1093245 0.1055923 0.1565422 0.1204429 0.0800211 0.1228332 0.0896488 0.1007027 0.1052287 0.0813183 
S0308       0.0916500 0.0830540 0.1246282 0.0974390 0.0985268 0.0535856 0.1306946 0.0949817 0.1003812 0.1159381 0.1222376 0.0527756 0.0000000 0.1053232 0.0517205 0.1101985 0.1175146 0.0855631 0.0508499 0.1019616 0.0980334 0.0904923 0.1177352 0.1119888 0.1097649 0.0829655 0.1082874 0.0493562 0.1140632 0.1284420 0.1107992 0.0734440 0.0479446 0.1097979 0.1021706 0.0917265 0.1318936 0.1203053 0.1084609 0.0756925 0.0975317 0.1064415 0.0498306 0.1799202 0.1088426 0.0516365 0.0988550 0.0902831 0.1253952 0.0795330 0.1129429 0.0827257 0.0724483 0.1289502 0.1145279 0.1269929 0.0814013 0.0923456 0.1159492 0.0718791 0.1003088 0.0372509 0.1299376 0.1278043 0.1211389 0.1246653 0.0929134 0.1028795 0.1756582 0.1369927 0.0782247 0.0734073 0.1344528 0.1227610 0.1845787 0.0817158 0.1831936 0.1113290 0.1334032 0.1105448 0.0834498 0.1047122 0.1070066 0.1849678 0.0948383 0.1081474 0.0788849 0.1093650 0.0935292 0.0936499 0.0560745 0.1126603 0.1140131 0.0570650 0.0550169 0.0518463 0.0982493 0.0758323 0.1030625 0.0979041 0.1018967 0.0890302 0.1017464 0.1045221 0.0924895 0.1208969 0.0898892 0.0992197 0.1138487 0.1028579 0.0795711 0.1179221 0.1040640 0.1096384 0.0971006 0.1027843 0.1003651 0.0920845 0.0970994 0.1282646 0.0928146 0.1214910 0.0949418 0.0930454 0.1043443 0.1017686 0.1396891 0.1183931 0.0743081 0.1208951 0.0860935 0.0934788 0.1034522 0.0755666 
S0320       0.0874145 0.0874496 0.0296092 0.0948457 0.0986188 0.1160593 0.0378444 0.0876061 0.0987133 0.1084229 0.0368455 0.1119872 0.1053232 0.0000000 0.1095547 0.0232046 0.1180175 0.0953809 0.1076614 0.1034875 0.0938341 0.0873141 0.0297672 0.1076337 0.0253504 0.0915958 0.1070170 0.1076048 0.0559252 0.1207201 0.1223261 0.1080167 0.1134676 0.0243484 0.0954237 0.0874836 0.0463390 0.0523118 0.0671256 0.0779462 0.0844919 0.1122038 0.1040916 0.1529443 0.1069709 0.1096175 0.1070710 0.0860388 0.1196064 0.0838217 0.1087598 0.0849780 0.0807563 0.1228628 0.1205438 0.0543157 0.1215076 0.0515913 0.0536868 0.0786196 0.0276332 0.1017503 0.1248365 0.1111169 0.1218290 0.1204383 0.0969417 0.1067825 0.1442341 0.1381599 0.1247433 0.1139815 0.1268881 0.1141183 0.1550008 0.0839510 0.1602430 0.0675467 0.1176828 0.1087636 0.1305568 0.1058369 0.1121056 0.1535529 0.0884698 0.1050274 0.0780084 0.0241599 0.0504672 0.0495621 0.1161908 0.0481872 0.0312633 0.1010781 0.1150147 0.1109784 0.0907590 0.1267859 0.1060113 0.0954916 0.0968134 0.0848589 0.0953092 0.1057933 0.0902020 0.0635986 0.0834338 0.0950828 0.0331061 0.1018530 0.0838625 0.0270224 0.1067533 0.0669655 0.0874895 0.1053446 0.0998489 0.0858842 0.0960711 0.0406907 0.0953221 0.0525350 0.0885292 0.0796274 0.0998117 0.1005985 0.0932998 0.1194324 0.0809203 0.1199382 0.0863628 0.0883703 0.0991487 0.0843512 
S0322       0.0961452 0.0808705 0.1266231 0.1010881 0.0952608 0.0154653 0.1354513 0.0987122 0.0969093 0.1069507 0.1302628 0.0113778 0.0517205 0.1095547 0.0000000 0.1134370 0.1191083 0.0960588 0.0096130 0.1068085 0.0925821 0.0915876 0.1221929 0.1138132 0.1164177 0.0787721 0.1109654 0.0079323 0.1219135 0.1229273 0.1194478 0.0692089 0.0125356 0.1211167 0.1020252 0.0918857 0.1390216 0.1319585 0.1303335 0.0854686 0.0929219 0.1041848 0.0087310 0.1872293 0.1171318 0.0104783 0.1025658 0.0870507 0.1183869 0.0774254 0.1072985 0.0795872 0.0734214 0.1273654 0.1122739 0.1339411 0.0849658 0.1110057 0.1225693 0.0784100 0.1081550 0.0401527 0.1235653 0.1283517 0.1204255 0.1180139 0.0952133 0.1044069 0.1815081 0.1390540 0.0814970 0.0766600 0.1325343 0.1209945 0.1919411 0.0795960 0.1905425 0.1190153 0.1315937 0.1099303 0.0878251 0.1093184 0.1129292 0.1897831 0.0915537 0.1028692 0.0843527 0.1159265 0.1133611 0.1124107 0.0141273 0.1214866 0.1160614 0.0579437 0.0132267 0.0105007 0.0960121 0.0835838 0.1113541 0.1040478 0.0964041 0.0889588 0.1040582 0.1050112 0.0914737 0.1359824 0.0934744 0.1062753 0.1220917 0.0986638 0.0774624 0.1223885 0.1043787 0.1245956 0.0937970 0.1029974 0.1041034 0.0979331 0.0969717 0.1353116 0.0908443 0.1283457 0.0929103 0.0935307 0.1080444 0.1043308 0.1575184 0.1213143 0.0788529 0.1214325 0.0884436 0.0983395 0.1050570 0.0801420 
S0327       0.0902177 0.0881805 0.0326472 0.0934632 0.1015109 0.1191650 0.0426642 0.0882825 0.1028502 0.1046056 0.0419273 0.1136013 0.1101985 0.0232046 0.1134370 0.0000000 0.1199059 0.0945757 0.1092863 0.1099269 0.0912763 0.0890845 0.0296957 0.1107335 0.0224815 0.0900702 0.1053134 0.1092434 0.0546694 0.1222916 0.1236103 0.1108525 0.1150982 0.0308735 0.0972000 0.0892571 0.0443048 0.0510170 0.0667408 0.0773463 0.0862711 0.1104649 0.1057200 0.1611294 0.1052397 0.1134425 0.1075954 0.0877959 0.1214599 0.0823570 0.1105302 0.0845383 0.0813900 0.1232715 0.1177165 0.0560043 0.1265004 0.0503262 0.0533114 0.0780880 0.0226991 0.1077770 0.1275873 0.1209271 0.1234074 0.1254977 0.0963732 0.1051570 0.1510127 0.1393963 0.1260493 0.1154982 0.1299114 0.1156825 0.1619091 0.0856107 0.1684968 0.0733852 0.1298963 0.1115367 0.1318346 0.1053126 0.1092513 0.1618288 0.0902412 0.1068106 0.0808288 0.0231861 0.0512070 0.0503057 0.1178059 0.0488974 0.0333891 0.1014891 0.1166329 0.1125962 0.0901764 0.1259920 0.1076191 0.0926961 0.0985940 0.0855556 0.0959319 0.1017203 0.0910194 0.0622981 0.0808669 0.0934962 0.0349998 0.1036410 0.0834291 0.0278223 0.1048668 0.0655755 0.0892307 0.1037341 0.1003033 0.0864711 0.0999942 0.0433665 0.0959043 0.0542324 0.0924588 0.0802416 0.1044739 0.1022195 0.0913645 0.1186935 0.0815221 0.1236720 0.0848346 0.0900587 0.0951329 0.0826367 
S0335       0.0943806 0.0946223 0.1398770 0.1033897 0.1091327 0.1211377 0.1497007 0.0781194 0.1106953 0.1179905 0.1364613 0.1238680 0.1175146 0.1180175 0.1191083 0.1199059 0.0000000 0.0616334 0.1180283 0.1039889 0.1009187 0.0954381 0.1324482 0.1173213 0.1207617 0.0929724 0.1101077 0.1185018 0.1271745 0.1108384 0.1301410 0.1130455 0.1219481 0.1285720 0.1094715 0.0975989 0.1447619 0.1307623 0.1335564 0.0879763 0.1004269 0.1139004 0.1205081 0.1894365 0.1185708 0.1225277 0.1058473 0.0938920 0.1020162 0.0917217 0.1171439 0.0950208 0.0875984 0.1101031 0.1258025 0.1354318 0.1237702 0.1169684 0.1216238 0.0775999 0.1127801 0.1111898 0.1091734 0.1123650 0.1002648 0.1037732 0.1013521 0.1149716 0.1824051 0.1544485 0.1232691 0.1165912 0.1164485 0.1099370 0.1936585 0.0950170 0.1985905 0.1374244 0.1214326 0.0804414 0.1290652 0.1142854 0.0946815 0.1974544 0.0942284 0.1079759 0.0790216 0.1167405 0.1181325 0.1194931 0.1258974 0.1241092 0.1300847 0.1062054 0.1247050 0.1205653 0.1022137 0.1256250 0.0600493 0.0820140 0.0990800 0.0927831 0.1021286 0.0896584 0.0941092 0.1404233 0.0708740 0.0843171 0.1334863 0.1028232 0.0917663 0.1314448 0.1149401 0.1319222 0.1031913 0.1123931 0.0870444 0.0686283 0.1054152 0.1355652 0.1036299 0.1310644 0.0999297 0.0948041 0.0723836 0.0382541 0.1628639 0.0989689 0.0788309 0.1370712 0.0898070 0.0700574 0.0999043 0.0780298 
S0345       0.0794933 0.0797561 0.1095489 0.0828190 0.0865155 0.0972536 0.1240676 0.0650503 0.0914459 0.0965119 0.1082089 0.0938617 0.0855631 0.0953809 0.0960588 0.0945757 0.0616334 0.0000000 0.0928996 0.0900034 0.0805989 0.0749616 0.1060347 0.0980481 0.0974753 0.0791816 0.0887741 0.0917156 0.1006080 0.0782377 0.1069263 0.0913649 0.0985736 0.1043319 0.0902475 0.0771728 0.1139150 0.1001566 0.1128548 0.0717792 0.0796615 0.0944925 0.0939996 0.1452461 0.0949975 0.0960644 0.0931756 0.0768611 0.0731100 0.0757619 0.0957447 0.0791135 0.0714490 0.0850956 0.1017936 0.1153224 0.1032707 0.0920908 0.0972091 0.0558416 0.0950202 0.0869401 0.0756542 0.0813975 0.0820346 0.0746872 0.0871057 0.0824885 0.1392875 0.1250861 0.1065661 0.0945566 0.0891823 0.0766766 0.1510421 0.0780148 0.1571262 0.1143976 0.0892360 0.0656812 0.1124162 0.0936869 0.0732071 0.1527094 0.0748551 0.0890771 0.0648296 0.0973264 0.0955658 0.0932220 0.0978472 0.1003619 0.1037472 0.0812381 0.0967895 0.0940448 0.0827877 0.1031794 0.0353458 0.0683285 0.0831465 0.0711972 0.0863501 0.0779906 0.0762165 0.1157255 0.0598149 0.0670115 0.1090759 0.0849596 0.0758002 0.1048390 0.0848556 0.1043574 0.0828247 0.0835034 0.0739759 0.0482242 0.0884296 0.1127402 0.0842448 0.1071869 0.0783414 0.0722338 0.0205658 0.0425442 0.1333546 0.0821948 0.0614897 0.1151906 0.0771832 0.0462571 0.0793401 0.0583630 
S0355       0.0953413 0.0801760 0.1207250 0.0991583 0.0944117 0.0154930 0.1307539 0.0944139 0.0949385 0.1050278 0.1217041 0.0105125 0.0508499 0.1076614 0.0096130 0.1092863 0.1180283 0.0928996 0.0000000 0.1036317 0.0906956 0.0897010 0.1202664 0.1128751 0.1110340 0.0822337 0.1079001 0.0070576 0.1162270 0.1220869 0.1185712 0.0703716 0.0116515 0.1168659 0.1022809 0.0899932 0.1346759 0.1287402 0.1271560 0.0825024 0.0910288 0.1035755 0.0078653 0.1803184 0.1140603 0.0096141 0.0995172 0.0840955 0.1174947 0.0767397 0.1053877 0.0789073 0.0727231 0.1265373 0.1116901 0.1308546 0.0840845 0.1079126 0.1180930 0.0754570 0.1037768 0.0373625 0.1227286 0.1223347 0.1218949 0.1171706 0.0930841 0.1035340 0.1734530 0.1343230 0.0806171 0.0747609 0.1305067 0.1189975 0.1836817 0.0789161 0.1836107 0.1138345 0.1331204 0.1066659 0.0869478 0.1062437 0.1060574 0.1814568 0.0896677 0.1009442 0.0801327 0.1117566 0.1102580 0.1093062 0.0132571 0.1184508 0.1126360 0.0559637 0.0123568 0.0096349 0.0941184 0.0827050 0.1060962 0.1006374 0.0945030 0.0870639 0.1021494 0.1014028 0.0906026 0.1316676 0.0892090 0.1019242 0.1178049 0.0967394 0.0767765 0.1204594 0.1035060 0.1214338 0.0919069 0.1021263 0.0996412 0.0936297 0.0950795 0.1309869 0.0878581 0.1240867 0.0910174 0.0905514 0.1071791 0.0987184 0.1541484 0.1179573 0.0759189 0.1169713 0.0854739 0.0974911 0.1020210 0.0771953 
S0376       0.0643694 0.0817373 0.1209642 0.0808664 0.0765295 0.1061950 0.1313695 0.0820466 0.0758996 0.0891930 0.1195532 0.1058176 0.1019616 0.1034875 0.1068085 0.1099269 0.1039889 0.0900034 0.1036317 0.0000000 0.0707964 0.0676246 0.1152664 0.0875044 0.1031453 0.0830290 0.0619233 0.1000460 0.1090116 0.1259154 0.1022238 0.1001536 0.1020719 0.1139238 0.0766272 0.0677777 0.1300763 0.1201981 0.1196856 0.0568690 0.0688614 0.0954544 0.1034785 0.1788769 0.0858227 0.1031829 0.0857379 0.0610713 0.1195260 0.0762108 0.0821281 0.0816909 0.0741534 0.1048510 0.1099563 0.1202673 0.1070495 0.1002533 0.1070197 0.0639434 0.1067975 0.0918156 0.1264380 0.1152633 0.1197317 0.1216468 0.0700916 0.0931948 0.1652520 0.1350635 0.1114420 0.1113218 0.1269126 0.1163060 0.1777330 0.0806327 0.1826918 0.1092590 0.1236851 0.1038208 0.1161687 0.0808822 0.1023204 0.1800906 0.0642543 0.0822755 0.0686107 0.1075804 0.1012065 0.0990029 0.1076861 0.1088710 0.1073052 0.0899357 0.1075156 0.1034119 0.0687430 0.1077808 0.0960831 0.0879014 0.0723829 0.0637818 0.0795279 0.0924001 0.0621427 0.1273141 0.0745164 0.0837892 0.1143638 0.0758755 0.0772923 0.1132719 0.0919446 0.1138146 0.0688264 0.0917897 0.0990939 0.0754794 0.0665879 0.1155141 0.0687241 0.1181329 0.0687212 0.0649224 0.1019713 0.0908596 0.1475185 0.1082944 0.0695776 0.1118720 0.0776174 0.0781290 0.0512133 0.0719046 
S0400       0.0430151 0.0716456 0.1091922 0.0792433 0.0158683 0.0938639 0.1196328 0.0769790 0.0193920 0.0412338 0.1030801 0.0883442 0.0980334 0.0938341 0.0925821 0.0912763 0.1009187 0.0805989 0.0906956 0.0707964 0.0000000 0.0222243 0.1039686 0.0808258 0.0904860 0.0728159 0.0748457 0.0906613 0.1036439 0.1073561 0.0863414 0.0891464 0.0903103 0.1060226 0.0422259 0.0259276 0.1222610 0.1061444 0.1087008 0.0494056 0.0205055 0.0956444 0.0885825 0.1642589 0.0827095 0.0936850 0.0871187 0.0277248 0.1031075 0.0654369 0.0249399 0.0685646 0.0655247 0.1049731 0.1061853 0.1104870 0.1099011 0.0929858 0.0984235 0.0609048 0.0897144 0.0906825 0.1103031 0.1026980 0.1022071 0.1024884 0.0340716 0.0806970 0.1539818 0.1335731 0.1050485 0.0948152 0.1133648 0.0985414 0.1650371 0.0716313 0.1704803 0.1049144 0.1091601 0.0963910 0.1105945 0.0559897 0.0917973 0.1635838 0.0194967 0.0472364 0.0652094 0.0968698 0.0938816 0.0929553 0.0977469 0.0989692 0.0933948 0.0755391 0.0955696 0.0917908 0.0259110 0.1084202 0.0903628 0.0775293 0.0260506 0.0223859 0.0516980 0.0887156 0.0408967 0.1169343 0.0688398 0.0820654 0.1077789 0.0445012 0.0675038 0.1029416 0.0817193 0.1081097 0.0122721 0.0794117 0.0839991 0.0740907 0.0342528 0.1153361 0.0451898 0.1075878 0.0344752 0.0579060 0.0917638 0.0849999 0.1319963 0.1016779 0.0642391 0.1039431 0.0749943 0.0764779 0.0726711 0.0644160 
S0405       0.0382281 0.0674053 0.1054717 0.0728831 0.0269033 0.0914448 0.1115321 0.0707363 0.0310028 0.0364311 0.0971229 0.0862976 0.0904923 0.0873141 0.0915876 0.0890845 0.0954381 0.0749616 0.0897010 0.0676246 0.0222243 0.0000000 0.0973003 0.0786278 0.0851031 0.0686706 0.0717160 0.0896573 0.0959645 0.0994728 0.0776629 0.0901431 0.0902786 0.0981954 0.0336902 0.0149989 0.1130372 0.1004939 0.1010449 0.0435327 0.0196054 0.0912722 0.0875903 0.1552336 0.0774356 0.0926884 0.0805582 0.0231528 0.0973916 0.0613668 0.0353215 0.0644634 0.0614495 0.0983001 0.1016931 0.1037777 0.1064888 0.0853796 0.0927715 0.0558418 0.0851007 0.0874692 0.1024035 0.0971468 0.0965924 0.0993054 0.0309759 0.0775153 0.1440430 0.1232548 0.1027731 0.0926342 0.1054425 0.0909360 0.1560234 0.0675046 0.1600238 0.0952320 0.1046578 0.0920273 0.1096551 0.0481771 0.0853342 0.1543645 0.0186022 0.0423805 0.0580582 0.0903248 0.0862762 0.0841868 0.0954434 0.0924302 0.0897498 0.0754673 0.0956211 0.0907945 0.0158994 0.1050273 0.0850392 0.0666460 0.0251411 0.0123939 0.0449857 0.0810242 0.0341779 0.1112312 0.0636790 0.0685704 0.0998839 0.0396550 0.0622689 0.0962823 0.0785320 0.0991414 0.0240997 0.0762470 0.0740222 0.0710708 0.0296169 0.1084507 0.0442345 0.1008899 0.0316768 0.0519680 0.0864077 0.0798997 0.1224087 0.0940194 0.0601902 0.0912669 0.0656159 0.0734357 0.0685353 0.0603553 
S0407sl     0.0974131 0.0975266 0.0411447 0.0982276 0.1086766 0.1308083 0.0496843 0.0986124 0.1094812 0.1155678 0.0461654 0.1235302 0.1177352 0.0297672 0.1221929 0.0296957 0.1324482 0.1060347 0.1202664 0.1152664 0.1039686 0.0973003 0.0000000 0.1226718 0.0282020 0.1002929 0.1125581 0.1203208 0.0649817 0.1327390 0.1304631 0.1183196 0.1264694 0.0385880 0.1045421 0.0974915 0.0513088 0.0615185 0.0744603 0.0855754 0.0944603 0.1189660 0.1165823 0.1650728 0.1124993 0.1245028 0.1100183 0.0959647 0.1312247 0.0923660 0.1192784 0.0912227 0.0892608 0.1262564 0.1263979 0.0654243 0.1369559 0.0576748 0.0660685 0.0882916 0.0295826 0.1141683 0.1368994 0.1251006 0.1340789 0.1347770 0.0968546 0.1112819 0.1588844 0.1458738 0.1391270 0.1256462 0.1353602 0.1220587 0.1671494 0.0925096 0.1725409 0.0725255 0.1295792 0.1192326 0.1451000 0.1139677 0.1236931 0.1643537 0.0984901 0.1141236 0.0922913 0.0315962 0.0595487 0.0586391 0.1290710 0.0591031 0.0429936 0.1102307 0.1278644 0.1222363 0.0986690 0.1364084 0.1174134 0.1036981 0.1070917 0.0938022 0.1054644 0.1150336 0.1003296 0.0729055 0.0943558 0.1062461 0.0408076 0.1109085 0.0924112 0.0131874 0.1112513 0.0743154 0.0953023 0.1098194 0.1099342 0.0980202 0.1062587 0.0514928 0.1043477 0.0636417 0.0964168 0.0893299 0.1153416 0.1105253 0.0977332 0.1239942 0.0917410 0.1282690 0.0949550 0.0995598 0.1046035 0.0942265 
S0412sl     0.0728444 0.0813935 0.1240415 0.0875082 0.0881617 0.1194185 0.1364626 0.0933556 0.0912150 0.1016674 0.1127110 0.1176320 0.1119888 0.1076337 0.1138132 0.1107335 0.1173213 0.0980481 0.1128751 0.0875044 0.0808258 0.0786278 0.1226718 0.0000000 0.1112188 0.0802683 0.0869497 0.1130940 0.1194186 0.1183468 0.0841708 0.1147047 0.1125173 0.1239215 0.0813015 0.0765313 0.1354701 0.1181140 0.1200533 0.0577978 0.0800460 0.0956997 0.1140453 0.1818468 0.0607133 0.1162123 0.0970182 0.0751628 0.1130852 0.0756667 0.0949517 0.0824963 0.0723657 0.1171372 0.1095163 0.1219069 0.1276127 0.1035762 0.1019634 0.0738492 0.1085159 0.1039114 0.1228862 0.1214882 0.1140943 0.1183206 0.0888041 0.0862215 0.1675792 0.1435246 0.1258942 0.1216746 0.1321682 0.1171223 0.1806184 0.0813996 0.1886618 0.1178966 0.1336421 0.1084079 0.1321486 0.0906172 0.1070100 0.1782969 0.0785543 0.0909420 0.0743531 0.1132501 0.1033931 0.1010835 0.1173742 0.1092022 0.1113733 0.1056440 0.1170391 0.1141244 0.0809747 0.1297847 0.1057279 0.0922793 0.0870497 0.0702130 0.0787160 0.1045796 0.0686083 0.1256162 0.0874125 0.0987860 0.1210124 0.0865996 0.0790735 0.1190867 0.0873302 0.1191336 0.0822538 0.0836756 0.0938591 0.0901066 0.0843934 0.1316062 0.0708168 0.1200272 0.0822824 0.0607645 0.1071956 0.1021626 0.1366686 0.1194177 0.0786322 0.1234620 0.0826332 0.0928463 0.0833644 0.0786633 
S0417       0.0862604 0.0907475 0.0363018 0.0938812 0.0963975 0.1223908 0.0432318 0.0861762 0.0975354 0.1074909 0.0362904 0.1154754 0.1097649 0.0253504 0.1164177 0.0224815 0.1207617 0.0974753 0.1110340 0.1031453 0.0904860 0.0851031 0.0282020 0.1112188 0.0000000 0.0936776 0.1011776 0.1121761 0.0573974 0.1242804 0.1165059 0.1103628 0.1181958 0.0322183 0.0942610 0.0852704 0.0399025 0.0547305 0.0667647 0.0744015 0.0843848 0.1075429 0.1085495 0.1593094 0.1013402 0.1164238 0.1103524 0.0859686 0.1260034 0.0847222 0.1054511 0.0869648 0.0826867 0.1241533 0.1136995 0.0568501 0.1298418 0.0500697 0.0571634 0.0804948 0.0208522 0.1039175 0.1284435 0.1204882 0.1242382 0.1263235 0.0886735 0.0999687 0.1502646 0.1433508 0.1296266 0.1152403 0.1309472 0.1187512 0.1576094 0.0859245 0.1641705 0.0682023 0.1272386 0.1133535 0.1355478 0.1003012 0.1133085 0.1586969 0.0862653 0.1051507 0.0843399 0.0225574 0.0500135 0.0490992 0.1208992 0.0496488 0.0370296 0.1009337 0.1197014 0.1144084 0.0873868 0.1293214 0.1046553 0.0905169 0.0934576 0.0803732 0.0919153 0.0998785 0.0877576 0.0631067 0.0809097 0.0936923 0.0344623 0.1019420 0.0858328 0.0282271 0.1010766 0.0633864 0.0840831 0.0985551 0.0984535 0.0865635 0.0939181 0.0411431 0.0930319 0.0550071 0.0873841 0.0772516 0.1075320 0.1005517 0.0885313 0.1205638 0.0828051 0.1246047 0.0872746 0.0890242 0.0955168 0.0862861 
S0419       0.0675219 0.0153963 0.1076358 0.0459793 0.0783429 0.0874379 0.1157530 0.0708287 0.0820126 0.0874924 0.1031206 0.0842930 0.0829655 0.0915958 0.0787721 0.0900702 0.0929724 0.0791816 0.0822337 0.0830290 0.0728159 0.0686706 0.1002929 0.0802683 0.0936776 0.0000000 0.0716453 0.0810520 0.0924853 0.1071603 0.0933498 0.0790791 0.0840448 0.0977958 0.0763664 0.0718304 0.1173766 0.0990795 0.1033747 0.0585160 0.0742592 0.0374473 0.0811794 0.1634082 0.0841145 0.0831126 0.0793243 0.0633208 0.0983735 0.0114055 0.0879393 0.0158799 0.0105539 0.1037156 0.0491308 0.1036806 0.0918081 0.0852356 0.0892372 0.0556358 0.0906886 0.0747530 0.1055615 0.1034132 0.1013210 0.1023866 0.0805860 0.0394089 0.1544805 0.1165665 0.0880786 0.0876640 0.1081922 0.0997035 0.1654484 0.0167815 0.1707930 0.0967337 0.1165339 0.0809466 0.0934210 0.0816518 0.0829937 0.1680656 0.0717957 0.0798450 0.0561961 0.0958318 0.0884834 0.0875579 0.0869102 0.0889388 0.0971787 0.0689068 0.0869605 0.0822534 0.0716064 0.0924843 0.0858000 0.0732929 0.0806928 0.0660674 0.0696973 0.0768047 0.0668418 0.1110354 0.0657950 0.0738182 0.1056059 0.0757904 0.0131913 0.0960240 0.0403487 0.1023143 0.0728970 0.0383506 0.0784165 0.0637388 0.0790787 0.1138278 0.0677759 0.1004811 0.0676449 0.0661134 0.0882131 0.0796172 0.1257821 0.0959300 0.0551598 0.1004094 0.0374358 0.0638789 0.0725790 0.0533264 
S0427       0.0758467 0.0727226 0.1292394 0.0812705 0.0804002 0.1129895 0.1326842 0.0823197 0.0854971 0.0961100 0.1186359 0.1054264 0.1082874 0.1070170 0.1109654 0.1053134 0.1101077 0.0887741 0.1079001 0.0619233 0.0748457 0.0717160 0.1125581 0.0869497 0.1011776 0.0716453 0.0000000 0.1069328 0.1112943 0.1183505 0.0984294 0.1037269 0.1087260 0.1183743 0.0836329 0.0748917 0.1311766 0.1160981 0.1159708 0.0615884 0.0742411 0.0880900 0.1089746 0.1797427 0.0880012 0.1109708 0.0925278 0.0673091 0.1134688 0.0674758 0.0879172 0.0736739 0.0685765 0.1090200 0.1003406 0.1193081 0.1215996 0.0984096 0.1072309 0.0702399 0.1021399 0.1032168 0.1211914 0.1154020 0.1171170 0.1179714 0.0735504 0.0893420 0.1665656 0.1383241 0.1190515 0.1070268 0.1229965 0.1104452 0.1766728 0.0747185 0.1833174 0.1160429 0.1195307 0.1030566 0.1236478 0.0902170 0.0975065 0.1821191 0.0717783 0.0870221 0.0714026 0.1066603 0.1005980 0.0996695 0.1120196 0.1065663 0.1146197 0.0954889 0.1141740 0.1076789 0.0760485 0.1188414 0.0981954 0.0834997 0.0806728 0.0649103 0.0876087 0.0921272 0.0676218 0.1285616 0.0732173 0.0864022 0.1216162 0.0797871 0.0695285 0.1118037 0.0903795 0.1114482 0.0697731 0.0880097 0.0918462 0.0829165 0.0788914 0.1240426 0.0748993 0.1150451 0.0706511 0.0692352 0.0996995 0.0972313 0.1442563 0.1037173 0.0734941 0.1222161 0.0720362 0.0832897 0.0372890 0.0725193 
S0430       0.0953563 0.0810939 0.1214938 0.0980687 0.0944163 0.0081938 0.1336587 0.0954992 0.0926043 0.1051461 0.1255193 0.0088349 0.0493562 0.1076048 0.0079323 0.1092434 0.1185018 0.0917156 0.0070576 0.1000460 0.0906613 0.0896573 0.1203208 0.1130940 0.1121761 0.0810520 0.1069328 0.0000000 0.1177361 0.1196720 0.1188389 0.0690202 0.0099447 0.1168900 0.1023686 0.0898594 0.1348642 0.1250570 0.1257018 0.0823848 0.0909987 0.1025319 0.0061642 0.1847773 0.1130303 0.0079201 0.0950525 0.0850840 0.1149257 0.0764797 0.1055082 0.0786424 0.0735288 0.1227355 0.1107123 0.1283539 0.0807166 0.1075506 0.1156917 0.0761654 0.1035836 0.0357764 0.1203248 0.1251553 0.1194408 0.1147435 0.0892124 0.1047235 0.1790263 0.1347064 0.0773193 0.0722141 0.1280229 0.1177750 0.1895382 0.0786513 0.1881289 0.1103961 0.1296534 0.1046499 0.0836790 0.1052183 0.1100080 0.1859854 0.0896227 0.0985688 0.0822802 0.1117351 0.1076539 0.1077973 0.0061748 0.1159389 0.1121464 0.0555724 0.0052859 0.0026252 0.0941197 0.0782136 0.1073102 0.1006921 0.0945086 0.0869926 0.1009190 0.1053444 0.0894683 0.1317431 0.0892031 0.1031025 0.1152611 0.0944422 0.0764935 0.1205158 0.1045953 0.1198281 0.0908104 0.1032947 0.1021674 0.0957841 0.0940045 0.1298287 0.0866313 0.1215678 0.0898778 0.0893458 0.1061735 0.0991722 0.1527502 0.1190122 0.0766269 0.1169808 0.0851673 0.0983120 0.1020092 0.0779181 
S0478       0.1025694 0.0906664 0.0696590 0.0926716 0.1086436 0.1292346 0.0763614 0.0917737 0.1078220 0.1153128 0.0697863 0.1198399 0.1140632 0.0559252 0.1219135 0.0546694 0.1271745 0.1006080 0.1162270 0.1090116 0.1036439 0.0959645 0.0649817 0.1194186 0.0573974 0.0924853 0.1112943 0.1177361 0.0000000 0.1282879 0.1332122 0.1205217 0.1249400 0.0645319 0.1065302 0.0971737 0.0750196 0.0631487 0.0761325 0.0841140 0.0974772 0.1086569 0.1151504 0.1600434 0.1155364 0.1219193 0.1158805 0.0934980 0.1241718 0.0868106 0.1189001 0.0879743 0.0827010 0.1259710 0.1181921 0.0711200 0.1328014 0.0603121 0.0698731 0.0890712 0.0531491 0.1093497 0.1312723 0.1214815 0.1295813 0.1282535 0.1016312 0.1099171 0.1540053 0.1486403 0.1351805 0.1242819 0.1312171 0.1183218 0.1650086 0.0911762 0.1665248 0.0720500 0.1346477 0.1116787 0.1384260 0.1136886 0.1134774 0.1622921 0.0993084 0.1140882 0.0883779 0.0578414 0.0602149 0.0593101 0.1228651 0.0607941 0.0665844 0.1112471 0.1252381 0.1210762 0.1028123 0.1357412 0.1101953 0.0984677 0.1079075 0.0944724 0.1051457 0.1062403 0.1001863 0.0723019 0.0907058 0.0970686 0.0672347 0.1108737 0.0847242 0.0599600 0.1098870 0.0738792 0.1015261 0.1084649 0.1050495 0.0923561 0.1048550 0.0758998 0.1018211 0.0663325 0.1015796 0.0952914 0.1139377 0.1056076 0.0972568 0.1233670 0.0870830 0.1177390 0.0882845 0.0971708 0.1045074 0.0894698 
