132
PAFTOL_019361 0.0000000 0.2097571 0.2268854 0.2495685 0.2551434 0.2384313 0.2654747 0.2489499 0.2604271 0.2374059 0.2537575 0.2679011 0.2459498 0.2620585 0.2586239 0.2568060 0.2507036 0.2640544 0.2541484 0.2584776 0.2144231 0.2249538 0.2634414 0.2301098 0.2461650 0.2357719 0.2442770 0.2478944 0.2250618 0.2827054 0.2758512 0.2636614 0.2521090 0.2212400 0.2211796 0.2310437 0.2541241 0.2427616 0.2171918 0.2333929 0.2472346 0.2614080 0.2264149 0.2328808 0.2466301 0.2217855 0.2287754 0.2547362 0.2276151 0.2312134 0.2323297 0.2297163 0.2825971 0.2609411 0.2401302 0.2411424 0.2420010 0.2683488 0.2559469 0.2701460 0.2330179 0.2522163 0.2364898 0.2583639 0.2559259 0.2253292 0.2264215 0.2196658 0.2083463 0.2539584 0.2550215 0.2336914 0.2535189 0.2152506 0.2368191 0.2034835 0.2432882 0.2191046 0.2295780 0.2459687 0.2760829 0.2660193 0.2139047 0.2377791 0.2287281 0.2318946 0.2475148 0.2486297 0.2420010 0.2516316 0.2420703 0.2362060 0.2639984 0.2541484 0.2588598 0.2191598 0.2350422 0.2804612 0.2493242 0.2294510 0.2274873 0.2202187 0.2672922 0.2773753 0.2448511 0.2500038 0.2366851 0.2550011 0.2202558 0.2233414 0.2275685 0.2460726 0.2177974 0.2357450 0.2674345 0.2395931 0.2234376 0.2599425 0.2405176 0.2723756 0.2451358 0.2438292 0.2653953 0.2266881 0.2460484 0.2419676 0.2285922 0.3029914 0.2438167 0.2300322 0.2587783 0.2219899 
S0055         0.2097571 0.0000000 0.0277679 0.0719090 0.0518211 0.0415960 0.0705455 0.0639293 0.0800834 0.0349173 0.0508361 0.0677676 0.0602898 0.0711347 0.0650250 0.0653214 0.0496805 0.0549461 0.0654885 0.0529466 0.0251367 0.0419064 0.0618701 0.0460658 0.0423337 0.0346856 0.0497798 0.0654699 0.0424685 0.0971649 0.0907128 0.0606030 0.0698373 0.0412052 0.0371526 0.0510714 0.0625142 0.0476770 0.0468144 0.0413618 0.0395596 0.0705351 0.1743296 0.0573048 0.0579409 0.0407136 0.0348785 0.0653803 0.0323391 0.0322522 0.0347003 0.0347453 0.0983663 0.0474609 0.0451298 0.0543836 0.0452060 0.0551070 0.0398968 0.0621320 0.0416235 0.0857208 0.0881911 0.0849286 0.0927343 0.0329038 0.0468014 0.1532799 0.0449878 0.0668378 0.0649051 0.0722248 0.0855410 0.1640807 0.0302389 0.1424913 0.0423132 0.0790836 0.0624016 0.0617732 0.0430487 0.0820461 0.1497458 0.0343526 0.0343900 0.0526833 0.0479296 0.0480141 0.0452060 0.0629174 0.0495887 0.0590538 0.0568354 0.0680772 0.0657630 0.0439162 0.0568709 0.0612655 0.0745497 0.0342625 0.0392321 0.0255356 0.0931921 0.0403757 0.0543846 0.0885342 0.0715180 0.0682298 0.0373221 0.0300166 0.0441154 0.0428338 0.0342101 0.0467794 0.0853042 0.0556632 0.0395769 0.0643632 0.0365327 0.0691676 0.0393050 0.0307343 0.0483649 0.0373668 0.0587504 0.0801833 0.0443919 0.0740076 0.0416076 0.0504162 0.0578195 0.0260311 
S0196sl       0.2268854 0.0277679 0.0000000 0.0704075 0.0340439 0.0572319 0.0918397 0.0544699 0.0742923 0.0530623 0.0644862 0.0709136 0.0765842 0.0744666 0.0606382 0.0816993 0.0481465 0.0564750 0.0845536 0.0666306 0.0415108 0.0481151 0.0601514 0.0600121 0.0389151 0.0079642 0.0663980 0.0818899 0.0436722 0.1068888 0.1081834 0.0722485 0.0706411 0.0569184 0.0454888 0.0444826 0.0582045 0.0543461 0.0423243 0.0496375 0.0164729 0.0896852 0.1692712 0.0660507 0.0776344 0.0393023 0.0409084 0.0724468 0.0039457 0.0405063 0.0059518 0.0059586 0.1124991 0.0232715 0.0443840 0.0704653 0.0444583 0.0512041 0.0389688 0.0602863 0.0536348 0.1111645 0.0967296 0.0972111 0.1008966 0.0401502 0.0247753 0.1524401 0.0503544 0.0816955 0.0759017 0.0805240 0.0937260 0.1594953 0.0039657 0.1389186 0.0388996 0.0912627 0.0715261 0.0764909 0.0618268 0.0847925 0.1528461 0.0496641 0.0497281 0.0532681 0.0436164 0.0472097 0.0444583 0.0792884 0.0482799 0.0576184 0.0630377 0.0845536 0.0822396 0.0522321 0.0702911 0.0699158 0.0688664 0.0495331 0.0475326 0.0497329 0.0839911 0.0590574 0.0579574 0.0823112 0.0737308 0.0609294 0.0509143 0.0059248 0.0224847 0.0421283 0.0471368 0.0272048 0.0851854 0.0562231 0.0504624 0.0628072 0.0471993 0.0620408 0.0501294 0.0469059 0.0573861 0.0412195 0.0577355 0.0825198 0.0455005 0.0796672 0.0224404 0.0511254 0.0672187 0.0298776 
S0278         0.2495685 0.0719090 0.0704075 0.0000000 0.1094724 0.1113801 0.1334909 0.0302398 0.1187775 0.1040435 0.1209100 0.0526021 0.1191428 0.1322329 0.0356024 0.1251597 0.0481186 0.0853410 0.1286857 0.1235178 0.0855222 0.1074982 0.0407912 0.1130821 0.0406955 0.0816126 0.1159038 0.1246230 0.0675063 0.1400803 0.1597465 0.1218100 0.0321405 0.1070746 0.1057623 0.0282751 0.0732296 0.0841528 0.0816896 0.1066846 0.0788724 0.1346403 0.2166849 0.1156783 0.1237767 0.0764555 0.1000965 0.1125587 0.0759632 0.0989577 0.0789115 0.0766020 0.1618413 0.0929696 0.0621175 0.1146839 0.0725118 0.0763247 0.0800380 0.0521555 0.1100073 0.1608690 0.1355375 0.1406597 0.1588465 0.0779655 0.0825045 0.1970814 0.0915459 0.1337574 0.1236218 0.1202715 0.1400326 0.2054014 0.0764557 0.1812247 0.0589146 0.1302970 0.1135319 0.1275112 0.1164543 0.1191162 0.1977733 0.1042470 0.0979593 0.0957475 0.0386716 0.0759402 0.0725118 0.1215639 0.0694912 0.0230767 0.1082866 0.1286857 0.1260554 0.1139928 0.1144331 0.0973715 0.1153863 0.1014688 0.1080435 0.0919286 0.1301439 0.1155698 0.0875093 0.1190912 0.1130816 0.0382611 0.1007195 0.0784703 0.0858321 0.0698270 0.1008592 0.0856655 0.1238046 0.1026323 0.1027185 0.0449590 0.1010084 0.0849957 0.0991130 0.0862382 0.0940111 0.0710022 0.0885294 0.1343099 0.0882190 0.1106118 0.0811816 0.0961305 0.1153729 0.0725570 
S0281         0.2551434 0.0518211 0.0340439 0.1094724 0.0000000 0.0889130 0.1215821 0.0762189 0.0892471 0.0823212 0.0921539 0.0994802 0.1021398 0.1024220 0.0946214 0.1021219 0.0793641 0.0829166 0.1067846 0.0942738 0.0711222 0.0790250 0.0938725 0.0821849 0.0691890 0.0387593 0.0962559 0.1023761 0.0718558 0.1097942 0.1107406 0.0946767 0.1026878 0.0906492 0.0733497 0.0759474 0.0896207 0.0782771 0.0570749 0.0802781 0.0459555 0.1162102 0.2103703 0.0992164 0.1035454 0.0675425 0.0709701 0.0811494 0.0386519 0.0702381 0.0410403 0.0365328 0.1074881 0.0539935 0.0700596 0.0889231 0.0729396 0.0807834 0.0690922 0.0736284 0.0791746 0.1182819 0.1059332 0.1040663 0.1022474 0.0610873 0.0582216 0.1987997 0.0820390 0.1009361 0.1012240 0.0809699 0.0942489 0.2067304 0.0388712 0.1836672 0.0722123 0.0980741 0.0948375 0.0954579 0.0915016 0.0983126 0.1994677 0.0752601 0.0804466 0.0882201 0.0744867 0.0761712 0.0729396 0.1050897 0.0772573 0.0904239 0.0924802 0.1052174 0.1083384 0.0832464 0.0829230 0.1068388 0.0836996 0.0800853 0.0780683 0.0571792 0.0973747 0.0801505 0.0827049 0.1005085 0.0940306 0.0888166 0.0742909 0.0340439 0.0554181 0.0704103 0.0774012 0.0612857 0.0987874 0.0838561 0.0761416 0.0905948 0.0775068 0.0939127 0.0703280 0.0743993 0.0906388 0.0715087 0.0880110 0.0868158 0.0706724 0.1052913 0.0549238 0.0781139 0.0920808 0.0587951 
S0282         0.2384313 0.0415960 0.0572319 0.1113801 0.0889130 0.0000000 0.1045768 0.0977382 0.1063249 0.0275919 0.0855432 0.1106961 0.0958065 0.0967443 0.0900764 0.0957897 0.0764972 0.0766498 0.0934218 0.0589251 0.0223862 0.0273804 0.0907290 0.0813855 0.0737004 0.0672288 0.0660634 0.0960232 0.0701578 0.1269204 0.1119008 0.0994779 0.1165607 0.0292385 0.0252214 0.0786046 0.0853081 0.0769863 0.0712892 0.0248580 0.0754569 0.1041178 0.1932965 0.0895353 0.0959136 0.0667604 0.0274715 0.0977286 0.0573903 0.0227245 0.0647955 0.0600350 0.1337929 0.0794430 0.0739367 0.0787852 0.0717441 0.0794315 0.0659240 0.1016569 0.0790925 0.1163175 0.1092296 0.1137395 0.1166302 0.0609167 0.0802413 0.1796245 0.0558078 0.0896431 0.0953692 0.0925011 0.1005479 0.1754325 0.0577265 0.1611393 0.0707051 0.0921604 0.0993175 0.0843223 0.0642147 0.1136695 0.1760297 0.0163001 0.0206128 0.0854427 0.0802049 0.0749103 0.0717441 0.0933122 0.0759769 0.0989241 0.0868906 0.0988054 0.0964290 0.0316818 0.0814472 0.0978734 0.1002634 0.0162595 0.0272511 0.0597340 0.1167743 0.0614221 0.0685937 0.1152092 0.1059728 0.0974399 0.0232713 0.0644652 0.0771688 0.0692580 0.0226252 0.0801774 0.1086184 0.0864387 0.0296822 0.0991386 0.0269469 0.0862979 0.0340518 0.0725835 0.0895046 0.0730744 0.0888878 0.1037454 0.0678077 0.1086750 0.0748191 0.0806593 0.0744124 0.0589228 
S0288         0.2654747 0.0705455 0.0918397 0.1334909 0.1215821 0.1045768 0.0000000 0.1305676 0.1300706 0.1031672 0.1193281 0.1388082 0.0180771 0.0700616 0.1359587 0.0133974 0.1009070 0.1062724 0.0157284 0.1138870 0.0904049 0.1017737 0.1280806 0.1020930 0.1037578 0.0925246 0.1069629 0.0157509 0.1002895 0.1599784 0.1498403 0.0739815 0.1464373 0.0882675 0.0976472 0.1163604 0.1120024 0.0908551 0.1260424 0.1003254 0.1020934 0.0157204 0.2322095 0.1132268 0.0309719 0.0942666 0.0959959 0.1206836 0.0980310 0.0948575 0.0954028 0.1015349 0.1497774 0.1136333 0.0941300 0.0809429 0.0906435 0.1043239 0.0835153 0.1536939 0.0461569 0.1477723 0.1420198 0.1334849 0.1405933 0.0897892 0.1034573 0.2078692 0.1126731 0.0763142 0.0622492 0.1208473 0.1385486 0.2199273 0.0948301 0.1982947 0.0938879 0.1321647 0.1126150 0.0704937 0.0877399 0.1310803 0.2116381 0.1003582 0.1005765 0.1170186 0.1138108 0.0911392 0.0906435 0.0134509 0.0907588 0.1275775 0.0668738 0.0133974 0.0134915 0.1104540 0.0814723 0.1317476 0.1260583 0.1000379 0.0982800 0.0829758 0.1306407 0.0876288 0.0882899 0.1339194 0.1289191 0.1331979 0.0907492 0.0889750 0.1027241 0.0877428 0.0848425 0.1108017 0.1354503 0.1155710 0.0989104 0.1316857 0.0970108 0.1197863 0.0918326 0.0843241 0.1081007 0.0809858 0.1088998 0.1424414 0.0826826 0.1114225 0.0977921 0.1017056 0.1108740 0.0840605 
S0289         0.2489499 0.0639293 0.0544699 0.0302398 0.0762189 0.0977382 0.1305676 0.0000000 0.0866174 0.0907595 0.0941327 0.0362683 0.1129597 0.1133044 0.0251867 0.1187659 0.0367212 0.0710981 0.1221440 0.1001891 0.0763415 0.0884450 0.0299076 0.0902906 0.0298426 0.0597181 0.0997547 0.1190831 0.0543180 0.1224106 0.1314876 0.1070972 0.0365500 0.0938602 0.0839365 0.0162323 0.0600159 0.0721395 0.0622608 0.0911677 0.0596438 0.1279008 0.2048201 0.0960995 0.1065301 0.0663536 0.0814471 0.0952887 0.0595476 0.0862180 0.0622135 0.0623015 0.1467736 0.0719781 0.0472478 0.1014255 0.0613352 0.0602394 0.0661224 0.0387621 0.0924238 0.1424551 0.1197762 0.1229219 0.1346752 0.0715352 0.0753794 0.1861435 0.0739029 0.1078656 0.1119126 0.1141300 0.1229618 0.1940463 0.0599091 0.1710528 0.0468149 0.1199084 0.0966939 0.1021236 0.0948536 0.0911678 0.1867507 0.0911991 0.0853793 0.0825688 0.0278681 0.0644497 0.0613352 0.1161119 0.0541604 0.0297625 0.0945871 0.1221440 0.1195948 0.0943359 0.0980569 0.0854914 0.0836258 0.0886072 0.0888698 0.0800190 0.1000972 0.0927338 0.0732010 0.0969240 0.0887234 0.0208639 0.0821819 0.0618871 0.0722780 0.0588228 0.0880862 0.0721423 0.0916121 0.0892552 0.0869048 0.0318273 0.0882105 0.0746501 0.0751380 0.0721731 0.0758149 0.0601043 0.0760650 0.1156721 0.0711055 0.1108727 0.0668024 0.0832650 0.1048170 0.0587885 
S0292         0.2604271 0.0800834 0.0742923 0.1187775 0.0892471 0.1063249 0.1300706 0.0866174 0.0000000 0.0994513 0.1200868 0.0975068 0.1149422 0.1136017 0.1055849 0.1177521 0.0892591 0.0961731 0.1240975 0.1213033 0.0915838 0.0955410 0.0990323 0.1173730 0.0752194 0.0798616 0.1114650 0.1152247 0.0860207 0.1358653 0.1391218 0.1174294 0.1135540 0.1055969 0.0928146 0.0849931 0.0886301 0.0951659 0.0772017 0.0938678 0.0862156 0.1239231 0.2118741 0.1259362 0.1165656 0.0745895 0.0957351 0.1058254 0.0796357 0.0948432 0.0824763 0.0799529 0.1238180 0.0960717 0.0722502 0.1185682 0.0835667 0.0744243 0.0820955 0.1130932 0.1010344 0.1209807 0.1092917 0.1135321 0.1147624 0.1091308 0.0962888 0.1880306 0.0920373 0.1217814 0.1231732 0.1055684 0.1139245 0.2081678 0.0801293 0.1846785 0.0818566 0.1016148 0.0984741 0.1159037 0.1133144 0.0422482 0.2007748 0.0969569 0.1030819 0.0972618 0.0842260 0.0870526 0.0835667 0.1180865 0.0738097 0.1085866 0.1107283 0.1182392 0.1215622 0.1034394 0.1077905 0.1025518 0.0081867 0.0966730 0.0978348 0.1049284 0.0275124 0.1068672 0.0846564 0.0233422 0.0144437 0.0917241 0.0912586 0.0794110 0.0929374 0.0809097 0.0996160 0.1000282 0.0350973 0.0823600 0.0926527 0.1016128 0.0943268 0.1040030 0.0920557 0.0989839 0.0951209 0.0698372 0.1021439 0.1069607 0.0780095 0.1093744 0.0819473 0.0765892 0.1124701 0.0766947 
S0293         0.2374059 0.0349173 0.0530623 0.1040435 0.0823212 0.0275919 0.1031672 0.0907595 0.0994513 0.0000000 0.0811655 0.1035776 0.0891012 0.0958382 0.0867912 0.0944578 0.0697976 0.0725796 0.0920683 0.0602021 0.0157063 0.0234535 0.0830711 0.0746150 0.0670294 0.0630249 0.0595396 0.0918881 0.0643675 0.1292376 0.0992051 0.0951573 0.1094027 0.0274605 0.0190160 0.0717442 0.0757027 0.0645308 0.0575445 0.0231470 0.0712023 0.1028434 0.2029644 0.0798670 0.0892029 0.0657878 0.0212422 0.0924911 0.0532107 0.0166098 0.0605929 0.0558340 0.1238766 0.0717884 0.0673728 0.0773480 0.0626235 0.0728145 0.0646765 0.0887396 0.0716198 0.1093390 0.0979871 0.1089215 0.1088853 0.0495177 0.0737188 0.1845054 0.0624908 0.0859189 0.0940386 0.0815179 0.0922837 0.1844340 0.0583456 0.1695910 0.0616942 0.0902338 0.0888210 0.0832870 0.0599067 0.1129610 0.1850990 0.0187501 0.0187650 0.0763973 0.0733969 0.0656911 0.0626235 0.0919596 0.0694385 0.0975762 0.0770878 0.0974909 0.0950946 0.0254756 0.0800245 0.0903497 0.0986829 0.0187024 0.0210704 0.0581849 0.1160984 0.0568845 0.0645358 0.1082878 0.0931819 0.0903183 0.0168432 0.0602828 0.0706971 0.0601569 0.0165373 0.0736640 0.1078477 0.0813941 0.0234450 0.0920815 0.0208314 0.0783951 0.0278084 0.0554454 0.0764526 0.0640565 0.0794563 0.1029113 0.0665932 0.1074171 0.0683713 0.0756996 0.0652429 0.0524156 
S0294         0.2537575 0.0508361 0.0644862 0.1209100 0.0921539 0.0855432 0.1193281 0.0941327 0.1200868 0.0811655 0.0000000 0.1044484 0.1083752 0.1060273 0.1018742 0.1140691 0.0839440 0.0960625 0.1173648 0.0823354 0.0673912 0.0793511 0.0958638 0.0928639 0.0810156 0.0699239 0.0820497 0.1143679 0.0816977 0.1265459 0.1121941 0.1030523 0.1260441 0.0769484 0.0739935 0.0918017 0.0971214 0.0825531 0.0686233 0.0823695 0.0814336 0.1172053 0.2064979 0.0928111 0.1057673 0.0830650 0.0701169 0.1034281 0.0697243 0.0743305 0.0724922 0.0725972 0.1214183 0.0809697 0.0797210 0.0974697 0.0823805 0.0936018 0.0811757 0.1153021 0.0909441 0.1281032 0.1242110 0.1230051 0.1187363 0.0584272 0.0918047 0.1905765 0.0930073 0.1168169 0.1100973 0.1063623 0.1209324 0.1946332 0.0701544 0.1826460 0.0735798 0.1155830 0.0974098 0.1109633 0.0651094 0.1237975 0.1988192 0.0714629 0.0660629 0.0875177 0.0879121 0.0858108 0.0823805 0.1114563 0.0734957 0.1106468 0.0962569 0.1173648 0.1148564 0.0812966 0.1043434 0.1066685 0.1194762 0.0766626 0.0684136 0.0776798 0.1371696 0.0686861 0.0950813 0.1301928 0.1185662 0.1026653 0.0625842 0.0721063 0.0884742 0.0797585 0.0739565 0.0917194 0.1244214 0.1036071 0.0726370 0.1041134 0.0687025 0.1036638 0.0667923 0.0723858 0.0952995 0.0812944 0.0982175 0.1134864 0.0859965 0.1157552 0.0883560 0.0973349 0.0908425 0.0707736 
S0299         0.2679011 0.0677676 0.0709136 0.0526021 0.0994802 0.1106961 0.1388082 0.0362683 0.0975068 0.1035776 0.1044484 0.0000000 0.1200349 0.1241984 0.0416321 0.1259496 0.0541069 0.0733279 0.1294176 0.1140358 0.0805684 0.1009111 0.0468422 0.0944558 0.0389985 0.0818084 0.1129810 0.1262923 0.0630075 0.1295898 0.1436825 0.1163308 0.0511182 0.1005306 0.1052487 0.0296192 0.0652685 0.0871236 0.0624659 0.1098313 0.0764529 0.1352668 0.2213631 0.1091125 0.1134476 0.0809542 0.0967576 0.0993243 0.0763170 0.0986507 0.0791837 0.0793014 0.1613310 0.0899873 0.0550462 0.1146182 0.0757304 0.0684816 0.0826730 0.0511010 0.0972078 0.1469474 0.1273487 0.1211273 0.1420021 0.0712016 0.0907560 0.2060092 0.0914557 0.1272765 0.1348757 0.1236640 0.1387488 0.2104364 0.0767977 0.1869340 0.0597191 0.1310292 0.0938629 0.1212473 0.1047560 0.0964965 0.2030486 0.1037838 0.1039973 0.0851883 0.0447796 0.0791068 0.0757304 0.1232621 0.0621032 0.0568486 0.1072090 0.1294176 0.1268342 0.1132310 0.1143734 0.0823672 0.0944375 0.1010886 0.1074629 0.0864609 0.1087337 0.1021503 0.0818073 0.1052272 0.0995841 0.0299684 0.0974835 0.0787535 0.0874017 0.0731069 0.1004984 0.0872346 0.0864332 0.0836358 0.0994414 0.0341638 0.1006428 0.0810352 0.0928842 0.0663102 0.0810786 0.0600328 0.0914344 0.1223556 0.0797142 0.1143115 0.0839352 0.0831302 0.1184786 0.0730156 
S0303         0.2459498 0.0602898 0.0765842 0.1191428 0.1021398 0.0958065 0.0180771 0.1129597 0.1149422 0.0891012 0.1083752 0.1200349 0.0000000 0.0474535 0.1174633 0.0080269 0.0840729 0.0917193 0.0100911 0.1132127 0.0743776 0.0880058 0.1106968 0.0934316 0.0894554 0.0850651 0.1039324 0.0101045 0.0869144 0.1407831 0.1388210 0.0606816 0.1265588 0.0814241 0.0845070 0.1006650 0.0905512 0.0865106 0.0979857 0.0925200 0.0853543 0.0142128 0.2116066 0.1092446 0.0146421 0.0813173 0.0829103 0.1063181 0.0819443 0.0820320 0.0796076 0.0849220 0.1364275 0.0950916 0.0756329 0.0674360 0.0810512 0.0899207 0.0720992 0.1261258 0.0258251 0.1308602 0.1254795 0.1213361 0.1253330 0.0699810 0.0867298 0.1865934 0.0943805 0.0578091 0.0487734 0.1054061 0.1196471 0.2007982 0.0824519 0.1783382 0.0781306 0.1171572 0.1052662 0.0528022 0.0791842 0.1191719 0.1942179 0.0868998 0.0870576 0.0951755 0.0951796 0.0844090 0.0810512 0.0080561 0.0780463 0.1141267 0.0475154 0.0100911 0.0080786 0.0956596 0.0650017 0.1133152 0.1117409 0.0866530 0.0849893 0.0742315 0.1156585 0.0843897 0.0733051 0.1222929 0.1140314 0.1149950 0.0808895 0.0740800 0.0861835 0.0784756 0.0733479 0.0929864 0.1197620 0.0936976 0.0883131 0.1196998 0.0839994 0.1001793 0.0766459 0.0734686 0.0898485 0.0724584 0.0965692 0.1290571 0.0686373 0.1057497 0.0817637 0.0819534 0.1104874 0.0696608 
S0308         0.2620585 0.0711347 0.0744666 0.1322329 0.1024220 0.0967443 0.0700616 0.1133044 0.1136017 0.0958382 0.1060273 0.1241984 0.0474535 0.0000000 0.1187178 0.0522973 0.0848932 0.0875037 0.0549098 0.1142004 0.0846420 0.0916035 0.1118619 0.1042705 0.0903358 0.0852746 0.1049822 0.0524102 0.0809579 0.1421291 0.1382485 0.0585091 0.1274771 0.0878060 0.0917044 0.0969778 0.0945851 0.0966117 0.0818771 0.0961689 0.0832247 0.0598129 0.2029070 0.1099978 0.0505025 0.0857728 0.0864304 0.1084674 0.0798268 0.0884690 0.0826776 0.0827991 0.1229917 0.0929404 0.0850066 0.0761085 0.0909125 0.0970600 0.0785464 0.1134325 0.0258894 0.1376782 0.1296934 0.1284381 0.1236359 0.0670394 0.0805998 0.1854484 0.0957413 0.0793070 0.0518027 0.1035851 0.1179136 0.1924174 0.0803237 0.1700202 0.0781065 0.1212502 0.1058571 0.0739669 0.0972667 0.1302187 0.1853085 0.0934468 0.0936254 0.0875879 0.0961283 0.0944819 0.0909125 0.0499578 0.0843469 0.1119231 0.0505874 0.0549098 0.0526490 0.0993731 0.0672629 0.1135791 0.1104347 0.0878663 0.0885240 0.0852962 0.1184982 0.1056384 0.0852140 0.1227208 0.1065841 0.1082431 0.0819878 0.0770682 0.0774330 0.0882389 0.0903223 0.0841072 0.1308793 0.0907850 0.0949802 0.1209753 0.0851708 0.1135917 0.0847725 0.0879805 0.0900203 0.0809201 0.1072433 0.1319368 0.0800842 0.1173090 0.0847030 0.0848384 0.1179302 0.0696594 
S0320         0.2586239 0.0650250 0.0606382 0.0356024 0.0946214 0.0900764 0.1359587 0.0251867 0.1055849 0.0867912 0.1018742 0.0416321 0.1174633 0.1187178 0.0000000 0.1233805 0.0373205 0.0658994 0.1268408 0.1106366 0.0720650 0.0903262 0.0280977 0.1043435 0.0303290 0.0712441 0.1076538 0.1237164 0.0498160 0.1228005 0.1502461 0.1089446 0.0441273 0.0899902 0.0885571 0.0187733 0.0634698 0.0761570 0.0634429 0.0931082 0.0660090 0.1326988 0.2244316 0.1100562 0.1108878 0.0639978 0.0774726 0.0956402 0.0658971 0.0822921 0.0686693 0.0687695 0.1525336 0.0789430 0.0502946 0.1093206 0.0650783 0.0635742 0.0644050 0.0395430 0.1008563 0.1428873 0.1241075 0.1233136 0.1350890 0.0778051 0.0822957 0.2049078 0.0805053 0.1218862 0.1163649 0.1096655 0.1276012 0.2132164 0.0663076 0.1890786 0.0498294 0.1224633 0.0983453 0.1158886 0.0989788 0.1007915 0.2056369 0.0815912 0.0758776 0.0898809 0.0257896 0.0682959 0.0650783 0.1206861 0.0573230 0.0398352 0.0962108 0.1268408 0.1242513 0.0963493 0.1090805 0.0843094 0.1023934 0.0847063 0.0878568 0.0813499 0.1089315 0.0968354 0.0767956 0.1135216 0.1076818 0.0280358 0.0751942 0.0683001 0.0790530 0.0625087 0.0841984 0.0789021 0.1104462 0.0907962 0.0772532 0.0370511 0.0786633 0.0757482 0.0824094 0.0802689 0.0791727 0.0611171 0.0775841 0.1207596 0.0694297 0.1017511 0.0700113 0.0846965 0.1033146 0.0572557 
S0322         0.2568060 0.0653214 0.0816993 0.1251597 0.1021219 0.0957897 0.0133974 0.1187659 0.1177521 0.0944578 0.1140691 0.1259496 0.0080269 0.0522973 0.1233805 0.0000000 0.0894012 0.0970998 0.0059889 0.1126816 0.0798333 0.0933012 0.1165115 0.0934147 0.0948430 0.0903052 0.1034480 0.0059971 0.0922717 0.1469048 0.1387979 0.0657440 0.1325754 0.0865790 0.0897163 0.1063024 0.0961486 0.0918441 0.1019284 0.0978283 0.0906157 0.0100424 0.2224980 0.1148538 0.0189445 0.0866034 0.0881614 0.1123076 0.0871285 0.0872246 0.0847826 0.0849068 0.1423581 0.1005425 0.0835278 0.0725153 0.0863150 0.0953253 0.0772074 0.1307542 0.0307252 0.1337139 0.1313298 0.1270915 0.1311760 0.0741237 0.0919447 0.1964055 0.0997874 0.0628025 0.0535259 0.1110513 0.1254328 0.2115576 0.0876708 0.1880040 0.0833442 0.1229507 0.1109127 0.0577347 0.0844717 0.1191515 0.2041598 0.0921292 0.0923021 0.1034724 0.1006502 0.0867416 0.0863150 0.0039845 0.0832590 0.1200050 0.0523598 0.0059889 0.0039953 0.1010183 0.0700606 0.1191332 0.1117211 0.0918664 0.0902327 0.0793336 0.1156385 0.0843743 0.0732915 0.1222720 0.1197685 0.1209083 0.0861546 0.0740666 0.0913631 0.0837141 0.0783915 0.0983084 0.1197413 0.1020629 0.0936230 0.1256100 0.0891820 0.1057910 0.0817705 0.0794559 0.0953846 0.0775891 0.1020958 0.1290352 0.0736501 0.1112917 0.0869367 0.0900481 0.1099685 0.0747502 
S0327         0.2507036 0.0496805 0.0481465 0.0481186 0.0793641 0.0764972 0.1009070 0.0367212 0.0892591 0.0697976 0.0839440 0.0541069 0.0840729 0.0848932 0.0373205 0.0894012 0.0000000 0.0699717 0.0924015 0.0897342 0.0578776 0.0733568 0.0324569 0.0800853 0.0271114 0.0579370 0.0836649 0.0896187 0.0538581 0.1192425 0.1168575 0.0852490 0.0567603 0.0681181 0.0715806 0.0300604 0.0535627 0.0651998 0.0532803 0.0759149 0.0564672 0.0977359 0.1937608 0.0916449 0.0841701 0.0598277 0.0665917 0.0937112 0.0530007 0.0659026 0.0555384 0.0556139 0.1332967 0.0624312 0.0519053 0.0851028 0.0548436 0.0566332 0.0492149 0.0477141 0.0723502 0.1295620 0.1083999 0.1167748 0.1222467 0.0611229 0.0681315 0.1833965 0.0643753 0.0936909 0.0943803 0.0961535 0.1100732 0.1833257 0.0533109 0.1685794 0.0416613 0.1084999 0.0778677 0.0882552 0.0812679 0.0911252 0.1839800 0.0706011 0.0652719 0.0748633 0.0229235 0.0577900 0.0548436 0.0869051 0.0557894 0.0523950 0.0702997 0.0924015 0.0900071 0.0788609 0.0822267 0.0700169 0.0863202 0.0704055 0.0686701 0.0605609 0.0939809 0.0818054 0.0615354 0.0967397 0.0913081 0.0399595 0.0617695 0.0552570 0.0651974 0.0524231 0.0677844 0.0680848 0.0915553 0.0782526 0.0664195 0.0493451 0.0678769 0.0729309 0.0659854 0.0675573 0.0686311 0.0537430 0.0688819 0.1065420 0.0561118 0.0877310 0.0599747 0.0726311 0.0847480 0.0494831 
S0335         0.2640544 0.0549461 0.0564750 0.0853410 0.0829166 0.0766498 0.1062724 0.0710981 0.0961731 0.0725796 0.0960625 0.0733279 0.0917193 0.0875037 0.0658994 0.0970998 0.0699717 0.0000000 0.1001553 0.0869324 0.0665050 0.0742620 0.0740758 0.0799187 0.0539169 0.0644271 0.0836420 0.0973389 0.0620781 0.1066446 0.1307900 0.0902441 0.0909492 0.0681003 0.0710138 0.0603983 0.0616480 0.0645091 0.0490087 0.0787023 0.0610308 0.1055270 0.1839418 0.0825492 0.0858639 0.0605211 0.0693268 0.0694265 0.0615415 0.0686062 0.0642044 0.0642949 0.1209479 0.0732384 0.0517547 0.0918410 0.0542736 0.0645233 0.0490950 0.0741683 0.0840461 0.1102643 0.0897051 0.0892184 0.1029194 0.0485824 0.0773326 0.1736839 0.0730291 0.1037957 0.0917028 0.0971239 0.1111764 0.1736170 0.0569749 0.1590830 0.0516620 0.1023126 0.0692350 0.0981698 0.0896769 0.0965730 0.1742151 0.0683348 0.0684425 0.0647036 0.0657799 0.0571823 0.0542736 0.0945955 0.0561801 0.0823433 0.0809990 0.1001553 0.0977537 0.0816820 0.0888844 0.0705262 0.0900201 0.0681457 0.0764750 0.0788508 0.1001837 0.0865519 0.0615195 0.1064697 0.0895868 0.0723236 0.0619222 0.0638695 0.0742314 0.0518798 0.0704846 0.0740932 0.0970313 0.0521441 0.0745278 0.0768736 0.0656269 0.0761078 0.0794989 0.0674331 0.0549519 0.0339886 0.0653533 0.1051966 0.0437429 0.1013186 0.0687672 0.0470535 0.0905146 0.0399643 
S0355         0.2541484 0.0654885 0.0845536 0.1286857 0.1067846 0.0934218 0.0157284 0.1221440 0.1240975 0.0920683 0.1173648 0.1294176 0.0100911 0.0549098 0.1268408 0.0059889 0.0924015 0.1001553 0.0000000 0.1102383 0.0773496 0.0909353 0.1139961 0.1020722 0.0978953 0.0932580 0.1010319 0.0080411 0.0929293 0.1479760 0.1423506 0.0685179 0.1361287 0.0842546 0.0873775 0.1095374 0.0993265 0.0948552 0.1060895 0.0954714 0.0935817 0.0121197 0.2198664 0.1181025 0.0211725 0.0842197 0.0911142 0.1157696 0.0900394 0.0848852 0.0876808 0.0931132 0.1458961 0.1036501 0.0864524 0.0753202 0.0892681 0.0983885 0.0800437 0.1356836 0.0283477 0.1342749 0.1347793 0.1304695 0.1346206 0.0784573 0.0948889 0.1937426 0.0973932 0.0629111 0.0560928 0.1143084 0.1288225 0.2089066 0.0906032 0.1853466 0.0862590 0.1263364 0.1084508 0.0578289 0.0874321 0.1282979 0.2014943 0.0897889 0.0899557 0.1041751 0.1037699 0.0897105 0.0892681 0.0060104 0.0861733 0.1164926 0.0549724 0.0080300 0.0060263 0.0986496 0.0728463 0.1166259 0.1208219 0.0895326 0.0878810 0.0770103 0.1246927 0.0843743 0.0813619 0.1315084 0.1172986 0.1243571 0.0837790 0.0820025 0.0942852 0.0866443 0.0760920 0.1013345 0.1289391 0.0996175 0.0966267 0.1264921 0.0920989 0.1065573 0.0846306 0.0797011 0.0929178 0.0804392 0.1052520 0.1384616 0.0764218 0.1144888 0.0898407 0.0876419 0.1131928 0.0752501 
S0376         0.2584776 0.0529466 0.0666306 0.1235178 0.0942738 0.0589251 0.1138870 0.1001891 0.1213033 0.0602021 0.0823354 0.1140358 0.1132127 0.1142004 0.1106366 0.1126816 0.0897342 0.0869324 0.1102383 0.0000000 0.0589032 0.0594499 0.1077852 0.0514457 0.0841309 0.0771836 0.0412191 0.1129724 0.0809122 0.1158397 0.1244155 0.1144444 0.1200866 0.0633892 0.0543771 0.0942495 0.0997906 0.0877043 0.0986337 0.0486126 0.0859263 0.1215095 0.2150301 0.0700039 0.1133389 0.0828908 0.0540632 0.0839455 0.0718646 0.0562756 0.0746335 0.0747414 0.1131071 0.0923307 0.0844543 0.0964939 0.0821710 0.0957453 0.0812289 0.1347039 0.0868537 0.1051890 0.1149661 0.1013933 0.1061974 0.0704511 0.0939169 0.1984127 0.0790829 0.1060640 0.1024787 0.0941331 0.1012336 0.1960621 0.0723060 0.1886740 0.0809663 0.1028842 0.1051599 0.1004260 0.0619181 0.1225016 0.2049488 0.0508024 0.0558842 0.0934142 0.0938425 0.0825818 0.0821710 0.1101002 0.0919068 0.1068666 0.1038967 0.1159283 0.1134508 0.0537719 0.0996989 0.1006729 0.1180408 0.0534770 0.0535752 0.0587897 0.1262916 0.0788317 0.0894099 0.1306892 0.1208900 0.1086693 0.0572515 0.0742380 0.0905832 0.0795624 0.0560031 0.0938286 0.1206314 0.0945259 0.0616339 0.1078669 0.0580172 0.1120264 0.0642233 0.0719814 0.0877220 0.0778504 0.0972047 0.1036211 0.0775391 0.1063810 0.0768800 0.0939435 0.0413170 0.0683542 
S0400         0.2144231 0.0251367 0.0415108 0.0855222 0.0711222 0.0223862 0.0904049 0.0763415 0.0915838 0.0157063 0.0673912 0.0805684 0.0743776 0.0846420 0.0720650 0.0798333 0.0578776 0.0665050 0.0773496 0.0589032 0.0000000 0.0179974 0.0714458 0.0630611 0.0552365 0.0517215 0.0531283 0.0772363 0.0525426 0.1191673 0.0885278 0.0867903 0.0886297 0.0199333 0.0133688 0.0569499 0.0478304 0.0559319 0.0418629 0.0177467 0.0573291 0.0883572 0.1833237 0.0713828 0.0710963 0.0538613 0.0156559 0.0853825 0.0416341 0.0109335 0.0467341 0.0442859 0.1204074 0.0578161 0.0555472 0.0686048 0.0506369 0.0610848 0.0500996 0.0731448 0.0559439 0.1030665 0.0975011 0.1020777 0.1053502 0.0363274 0.0573601 0.1643844 0.0421844 0.0801345 0.0857118 0.0769586 0.0884329 0.1643177 0.0468572 0.1491725 0.0498269 0.0800477 0.0784681 0.0745549 0.0481925 0.0931366 0.1648962 0.0131689 0.0131794 0.0646389 0.0587814 0.0536941 0.0506369 0.0772570 0.0551778 0.0795443 0.0685862 0.0800577 0.0803993 0.0201555 0.0685084 0.0797829 0.0853153 0.0131337 0.0155502 0.0490236 0.1054780 0.0453113 0.0471112 0.0974973 0.0850802 0.0755704 0.0134855 0.0464849 0.0543795 0.0480967 0.0108827 0.0573248 0.0904478 0.0706411 0.0179916 0.0805838 0.0153635 0.0643465 0.0178542 0.0442535 0.0682391 0.0497621 0.0647949 0.0912256 0.0574009 0.0966451 0.0568019 0.0647658 0.0615368 0.0402012 
S0405         0.2249538 0.0419064 0.0481151 0.1074982 0.0790250 0.0273804 0.1017737 0.0884450 0.0955410 0.0234535 0.0793511 0.1009111 0.0880058 0.0916035 0.0903262 0.0933012 0.0733568 0.0742620 0.0909353 0.0594499 0.0179974 0.0000000 0.0896193 0.0681808 0.0706062 0.0578879 0.0670341 0.0935275 0.0686296 0.1302104 0.0919337 0.0966461 0.1065833 0.0250636 0.0080915 0.0721835 0.0774319 0.0749213 0.0521072 0.0208056 0.0658820 0.0961820 0.1931639 0.0764293 0.0881055 0.0730837 0.0189005 0.0955075 0.0482491 0.0186749 0.0554938 0.0508078 0.1381663 0.0659032 0.0665397 0.0818761 0.0696823 0.0719128 0.0636953 0.0921309 0.0621009 0.1141825 0.1071165 0.1116425 0.1145317 0.0529568 0.0706037 0.1751732 0.0669869 0.0873058 0.0928906 0.0933109 0.1044416 0.1751061 0.0532703 0.1606595 0.0686653 0.0904621 0.0914092 0.0820089 0.0621478 0.1060028 0.1757082 0.0208196 0.0208384 0.0781044 0.0769695 0.0728336 0.0696823 0.0908290 0.0685853 0.0932697 0.0848315 0.0962956 0.0939244 0.0142307 0.0816823 0.1017291 0.0896353 0.0207674 0.0100872 0.0574771 0.1058390 0.0643245 0.0662531 0.1042194 0.0894009 0.0849470 0.0213324 0.0552131 0.0676410 0.0671948 0.0185932 0.0705537 0.1033894 0.0839573 0.0255572 0.0955526 0.0229006 0.0785475 0.0299254 0.0639902 0.0781360 0.0657656 0.0867955 0.1077088 0.0657759 0.1029822 0.0675406 0.0782170 0.0755036 0.0568637 
S0407sl       0.2634414 0.0618701 0.0601514 0.0407912 0.0938725 0.0907290 0.1280806 0.0299076 0.0990323 0.0830711 0.0958638 0.0468422 0.1106968 0.1118619 0.0280977 0.1165115 0.0324569 0.0740758 0.1139961 0.1077852 0.0714458 0.0896193 0.0000000 0.1034951 0.0300816 0.0706777 0.1011165 0.1168232 0.0549091 0.1301649 0.1340746 0.1023208 0.0494187 0.0839524 0.0878570 0.0233542 0.0629404 0.0755388 0.0625811 0.0923804 0.0631755 0.1256565 0.2078819 0.1091885 0.1042698 0.0617899 0.0879318 0.1027158 0.0653708 0.0816424 0.0681212 0.0682198 0.1488257 0.0758958 0.0558763 0.1028004 0.0645455 0.0630627 0.0667017 0.0435151 0.0877161 0.1444701 0.1279745 0.1307037 0.1427485 0.0758037 0.0816464 0.1960149 0.0745540 0.1121049 0.1159831 0.1111837 0.1301338 0.2041450 0.0657752 0.1805086 0.0504211 0.1220556 0.0864871 0.1062512 0.1043357 0.1061098 0.1966864 0.0866268 0.0808407 0.0867245 0.0280925 0.0677348 0.0645455 0.1138486 0.0598338 0.0450688 0.0898704 0.1198864 0.1173292 0.0955958 0.1025691 0.0754492 0.1015744 0.0840414 0.0846692 0.0758353 0.1154951 0.0992870 0.0761862 0.1126262 0.1011346 0.0329329 0.0802670 0.0677573 0.0784307 0.0619949 0.0835398 0.0782818 0.1095737 0.0845299 0.0876717 0.0399635 0.0889798 0.0777054 0.0870998 0.0763498 0.0711157 0.0606225 0.0795724 0.1197997 0.0740852 0.1085579 0.0727930 0.0785798 0.1057783 0.0595612 
S0412sl       0.2301098 0.0460658 0.0600121 0.1130821 0.0821849 0.0813855 0.1020930 0.0902906 0.1173730 0.0746150 0.0928639 0.0944558 0.0934316 0.1042705 0.1043435 0.0934147 0.0800853 0.0799187 0.1020722 0.0514457 0.0630611 0.0681808 0.1034951 0.0000000 0.0799945 0.0705391 0.0771883 0.0955633 0.0798393 0.1374560 0.1154239 0.1038742 0.1099303 0.0748714 0.0682694 0.0844167 0.0719823 0.0891764 0.0713080 0.0672798 0.0792318 0.1075692 0.2054209 0.0529463 0.0935395 0.0814519 0.0631956 0.0905249 0.0652310 0.0678874 0.0654637 0.0629789 0.1270722 0.0889656 0.0710992 0.0932338 0.0835240 0.0820125 0.0738039 0.0990170 0.0766137 0.1208704 0.1244294 0.1114204 0.1202991 0.0397780 0.0872421 0.1866892 0.0772077 0.1083977 0.0993818 0.1067664 0.1215624 0.1946180 0.0656346 0.1715499 0.0798928 0.1093967 0.0972254 0.1026170 0.0689197 0.1196869 0.1785730 0.0727302 0.0728518 0.0918703 0.0840348 0.0870169 0.0835240 0.0963788 0.0758405 0.0968401 0.0971449 0.1020722 0.0996173 0.0756810 0.0930169 0.0974445 0.1077782 0.0725229 0.0704348 0.0544625 0.1195302 0.0767267 0.0800339 0.1238991 0.1194361 0.0923207 0.0745303 0.0600781 0.0839391 0.0808621 0.0698152 0.0871639 0.1138451 0.0869396 0.0705215 0.1034719 0.0699131 0.1007773 0.0679761 0.0539908 0.0843566 0.0630015 0.0964083 0.0990338 0.0706454 0.1045687 0.0729819 0.0864064 0.0754735 0.0637354 
S0417         0.2461650 0.0423337 0.0389151 0.0406955 0.0691890 0.0737004 0.1037578 0.0298426 0.0752194 0.0670294 0.0810156 0.0389985 0.0894554 0.0903358 0.0303290 0.0948430 0.0271114 0.0539169 0.0978953 0.0841309 0.0552365 0.0706062 0.0300816 0.0799945 0.0000000 0.0484368 0.0807560 0.0950765 0.0416347 0.1073734 0.1252033 0.0816766 0.0442295 0.0756873 0.0688217 0.0188245 0.0430442 0.0522990 0.0423385 0.0731400 0.0490694 0.1032794 0.1900060 0.0829989 0.0836051 0.0470754 0.0638711 0.0846241 0.0436352 0.0632134 0.0460890 0.0461502 0.1274780 0.0547943 0.0347843 0.0851387 0.0423901 0.0414473 0.0466755 0.0436052 0.0751618 0.1231883 0.1023359 0.1049419 0.1160244 0.0567268 0.0583495 0.1720316 0.0589824 0.0937301 0.0944201 0.0907159 0.1044950 0.1796072 0.0438869 0.1575439 0.0344680 0.1024204 0.0716608 0.0882924 0.0783641 0.0794169 0.1725519 0.0678803 0.0679863 0.0615380 0.0186162 0.0451339 0.0423901 0.0923303 0.0387074 0.0449632 0.0703302 0.0978953 0.0954856 0.0760516 0.0822615 0.0640173 0.0724158 0.0654884 0.0709325 0.0627801 0.0827227 0.0763036 0.0533738 0.0801878 0.0772775 0.0328592 0.0643158 0.0458580 0.0555379 0.0400525 0.0650990 0.0554365 0.0797820 0.0646770 0.0637089 0.0324233 0.0651876 0.0543801 0.0632913 0.0554387 0.0573292 0.0366944 0.0556733 0.0979329 0.0513168 0.0873648 0.0504746 0.0593478 0.0794577 0.0399843 
S0419         0.2357719 0.0346856 0.0079642 0.0816126 0.0387593 0.0672288 0.0925246 0.0597181 0.0798616 0.0630249 0.0699239 0.0818084 0.0850651 0.0852746 0.0712441 0.0903052 0.0579370 0.0644271 0.0932580 0.0771836 0.0517215 0.0578879 0.0706777 0.0705391 0.0484368 0.0000000 0.0768969 0.0905218 0.0533477 0.1189024 0.1119763 0.0778178 0.0815092 0.0620110 0.0526887 0.0543584 0.0664387 0.0570283 0.0496069 0.0593227 0.0251655 0.0931504 0.1768714 0.0714334 0.0862335 0.0464774 0.0504247 0.0840084 0.0120558 0.0499222 0.0141443 0.0141618 0.1244072 0.0323235 0.0520044 0.0809607 0.0518181 0.0589680 0.0463252 0.0689865 0.0646211 0.1231682 0.1082733 0.1088157 0.1124528 0.0482742 0.0336339 0.1597554 0.0601752 0.0873633 0.0843047 0.0915987 0.1051564 0.1669450 0.0121189 0.1459837 0.0462340 0.1026645 0.0770401 0.0820689 0.0673767 0.0935122 0.1601988 0.0593517 0.0594361 0.0632775 0.0533078 0.0546882 0.0518181 0.0878529 0.0511007 0.0680728 0.0706716 0.0932580 0.0909058 0.0620314 0.0807702 0.0806595 0.0716198 0.0591925 0.0571887 0.0594354 0.0926322 0.0645291 0.0658361 0.0905776 0.0792555 0.0715845 0.0559445 0.0140799 0.0312184 0.0494394 0.0567098 0.0362202 0.0939530 0.0664094 0.0603034 0.0734215 0.0567855 0.0702242 0.0599116 0.0528528 0.0677785 0.0508070 0.0655401 0.0908242 0.0529738 0.0879050 0.0311612 0.0611089 0.0778669 0.0368160 
S0427         0.2442770 0.0497798 0.0663980 0.1159038 0.0962559 0.0660634 0.1069629 0.0997547 0.1114650 0.0595396 0.0820497 0.1129810 0.1039324 0.1049822 0.1076538 0.1034480 0.0836649 0.0836420 0.1010319 0.0412191 0.0531283 0.0670341 0.1011165 0.0771883 0.0807560 0.0768969 0.0000000 0.1037086 0.0892090 0.1169495 0.1162632 0.1050506 0.1219725 0.0659670 0.0618464 0.0914625 0.0932479 0.0847639 0.0723987 0.0558609 0.0771524 0.1120487 0.1778140 0.0744116 0.1040492 0.0797086 0.0618760 0.0849569 0.0716052 0.0563610 0.0743591 0.0744660 0.1082482 0.0832810 0.0811915 0.0897249 0.0792887 0.0953443 0.0780242 0.0925123 0.0863718 0.1023831 0.1112006 0.1044779 0.1037239 0.0570429 0.0882192 0.1575502 0.0786720 0.0935817 0.1029894 0.0965927 0.1047703 0.1675581 0.0720429 0.1531546 0.0833556 0.0968537 0.0932009 0.0881583 0.0639593 0.1132271 0.1681224 0.0558905 0.0610832 0.0765968 0.0837426 0.0796840 0.0792887 0.1009094 0.0858195 0.1093178 0.0946344 0.1065846 0.1041493 0.0690138 0.0958316 0.0996221 0.1114104 0.0557378 0.0639618 0.0608158 0.1226944 0.0733563 0.0948351 0.1235691 0.1078294 0.1052145 0.0497435 0.0739669 0.0849724 0.0767031 0.0534672 0.0881410 0.1137840 0.0936985 0.0617198 0.1012024 0.0583547 0.0997279 0.0561812 0.0741492 0.0946445 0.0798683 0.0941430 0.1031631 0.0640406 0.1045172 0.0871780 0.0877021 0.0539074 0.0623388 
S0430         0.2478944 0.0654699 0.0818899 0.1246230 0.1023761 0.0960232 0.0157509 0.1190831 0.1152247 0.0918881 0.1143679 0.1262923 0.0101045 0.0524102 0.1237164 0.0059971 0.0896187 0.0973389 0.0080411 0.1129724 0.0772363 0.0935275 0.1168232 0.0955633 0.0950765 0.0905218 0.1037086 0.0000000 0.0924974 0.1473169 0.1391787 0.0658939 0.1320145 0.0867830 0.0899302 0.1065778 0.0927339 0.0896859 0.1060895 0.0980665 0.0908338 0.0121357 0.2232074 0.1095045 0.0189797 0.0814963 0.0883740 0.1095307 0.0873350 0.0874316 0.0849830 0.0903773 0.1308567 0.1007940 0.0803995 0.0675767 0.0865224 0.0920308 0.0773869 0.1356836 0.0283076 0.1371171 0.1286194 0.1216327 0.1198193 0.0784573 0.0915798 0.1970194 0.0945947 0.0579264 0.0536405 0.1027336 0.1169416 0.2122278 0.0878800 0.1885847 0.0835424 0.1174457 0.1030489 0.0578626 0.0813038 0.1194638 0.2048044 0.0923505 0.0925239 0.1037335 0.1009030 0.0869509 0.0865224 0.0060089 0.0801421 0.1203296 0.0524729 0.0039943 0.0060353 0.1012667 0.0651364 0.1129018 0.1120133 0.0920858 0.0904503 0.0795180 0.1159390 0.0812107 0.0786680 0.1225953 0.1143093 0.1212373 0.0836616 0.0793538 0.0915798 0.0839141 0.0785716 0.0985484 0.1200569 0.0943102 0.0938506 0.1259515 0.0893935 0.1023169 0.0847379 0.0796730 0.0901758 0.0777704 0.1023550 0.1252940 0.0738176 0.1115752 0.0871423 0.0824917 0.1102510 0.0749231 
S0478         0.2250618 0.0424685 0.0436722 0.0675063 0.0718558 0.0701578 0.1002895 0.0543180 0.0860207 0.0643675 0.0816977 0.0630075 0.0869144 0.0809579 0.0498160 0.0922717 0.0538581 0.0620781 0.0929293 0.0809122 0.0525426 0.0686296 0.0549091 0.0798393 0.0416347 0.0533477 0.0892090 0.0924974 0.0000000 0.1100110 0.1265194 0.0850963 0.0653444 0.0729883 0.0634728 0.0415639 0.0560561 0.0497663 0.0456585 0.0677477 0.0591668 0.1006547 0.2017511 0.0828353 0.0755435 0.0520470 0.0611884 0.0810083 0.0484697 0.0628229 0.0509703 0.0510389 0.1305103 0.0652259 0.0470359 0.0832790 0.0448788 0.0539291 0.0595311 0.0681614 0.0693952 0.1228997 0.1021233 0.1071337 0.1100791 0.0613704 0.0634165 0.1836531 0.0668374 0.0946366 0.0888473 0.0967002 0.1106757 0.1835832 0.0487518 0.1690221 0.0368406 0.1084414 0.0807903 0.0891603 0.0788098 0.0943951 0.1842302 0.0652627 0.0653613 0.0727899 0.0496867 0.0476621 0.0448788 0.0844103 0.0509397 0.0601873 0.0701901 0.0952977 0.0928966 0.0705850 0.0765384 0.0741510 0.0831301 0.0650834 0.0655667 0.0678764 0.0960296 0.0730433 0.0461724 0.0943858 0.0853624 0.0549253 0.0669582 0.0507131 0.0605390 0.0425249 0.0625188 0.0604284 0.0976324 0.0761581 0.0663214 0.0600667 0.0626035 0.0573683 0.0658887 0.0587481 0.0631257 0.0488932 0.0481595 0.1018965 0.0641654 0.0991702 0.0553878 0.0705521 0.0789323 0.0474315 
