134
PAFTOL_019361 0.0000000 0.1596174 0.1492787 0.1856375 0.1745243 0.1730423 0.1706936 0.1670540 0.1453961 0.1831698 0.1533073 0.1757586 0.1607432 0.1629983 0.1660897 0.1772949 0.1863325 0.1482587 0.1807789 0.1733222 0.1497934 0.1759455 0.1690456 0.1750802 0.1647381 0.1645903 0.1461618 0.1582108 0.1737060 0.1798181 0.1549561 0.1700990 0.1505503 0.1717594 0.1772608 0.1549450 0.1741184 0.1776887 0.1559674 0.1362665 0.1613784 0.1811582 0.1464142 0.1760332 0.1490366 0.1682069 0.1831603 0.1802210 0.1682401 0.1724965 0.1521623 0.1839031 0.1519614 0.1456553 0.1562497 0.1433718 0.1698970 0.1680597 0.1333208 0.1612723 0.1495058 0.1610586 0.2212440 0.1842848 0.1681858 0.1687181 0.1586664 0.1732906 0.1428538 0.1483014 0.1580633 0.1826370 0.1714044 0.1801672 0.1393293 0.1484966 0.1450178 0.1623786 0.1726656 0.1522034 0.1546698 0.1600499 0.1466745 0.1426099 0.1667681 0.1522452 0.1457411 0.1713316 0.1333208 0.1484267 0.2241896 0.1455497 0.1729791 0.1729893 0.1764665 0.2151547 0.1725645 0.1591897 0.1344380 0.1525408 0.1701091 0.1715906 0.1492326 0.1636108 0.1533455 0.1655067 0.1553964 0.1530317 0.1707059 0.1639996 0.1456553 0.2036140 0.1728440 0.1371144 0.1662018 0.1757390 0.1712560 0.1330167 0.1561802 0.1750790 0.1486736 0.1587211 0.1548103 0.1579777 0.1557590 0.1487625 0.1293207 0.1486463 0.1527844 0.1572067 0.1414771 0.1357738 0.1559230 0.1481536 
S0055         0.1596174 0.0000000 0.0503700 0.0739536 0.0665422 0.0323474 0.0984000 0.0673567 0.0459461 0.0404050 0.0490296 0.0600977 0.0725052 0.0782320 0.0721639 0.1124971 0.0725649 0.0530373 0.0480326 0.0896040 0.0515567 0.0324126 0.0349750 0.0722182 0.0569546 0.0618205 0.0456594 0.0555442 0.0755042 0.0928432 0.0695016 0.0621851 0.0545114 0.0958674 0.0710539 0.0217844 0.0309492 0.0703461 0.0637295 0.0697640 0.0499692 0.0440861 0.0576647 0.0879830 0.1132539 0.0540429 0.0898014 0.0632570 0.0294092 0.0684208 0.0461820 0.0297530 0.0532644 0.0477211 0.0599475 0.0590065 0.0686932 0.0713706 0.0710967 0.0605132 0.0430458 0.0835257 0.0774295 0.0702442 0.0570877 0.0585658 0.0552456 0.0589496 0.1128665 0.0516719 0.0720665 0.0970358 0.0560253 0.0588214 0.1118553 0.0474346 0.1071369 0.0904394 0.0555177 0.0500903 0.0724367 0.0400344 0.0506054 0.1074147 0.0270682 0.0295156 0.0512021 0.0661382 0.0742324 0.0712889 0.0974674 0.0590053 0.0806158 0.0903759 0.0912433 0.0988712 0.0336283 0.0763857 0.0420782 0.0505874 0.0298294 0.0412626 0.0084438 0.0577261 0.0268044 0.0701494 0.0547004 0.0502620 0.0674473 0.0216618 0.0488478 0.0988525 0.0573693 0.0746295 0.0258456 0.0601643 0.0607887 0.0402681 0.0333860 0.0647444 0.0204437 0.0702897 0.0254839 0.0429763 0.0528281 0.0457370 0.0603481 0.0526652 0.0457465 0.0710335 0.0376818 0.0389409 0.0527956 0.0417776 
S0196sl       0.1492787 0.0503700 0.0000000 0.0787304 0.0267032 0.0582305 0.0793605 0.0706649 0.0368583 0.0634892 0.0781712 0.0663730 0.0715259 0.0781405 0.0725846 0.1026561 0.0728960 0.0516283 0.0467821 0.0812469 0.0527469 0.0597514 0.0637468 0.0781440 0.0677447 0.0634797 0.0052767 0.0699563 0.0836227 0.0842307 0.0695927 0.0664844 0.0685267 0.0944046 0.0728361 0.0523569 0.0690688 0.0781181 0.0629051 0.0664058 0.0624807 0.0746727 0.0253231 0.0795995 0.1143796 0.0639086 0.0845047 0.0618328 0.0606229 0.0721245 0.0104183 0.0594577 0.0092565 0.0069174 0.0532804 0.0290795 0.0677915 0.0761371 0.0634776 0.0553754 0.0396089 0.0840410 0.0753745 0.0744805 0.0634542 0.0630045 0.0841687 0.0253268 0.1116887 0.0476278 0.0810775 0.0929080 0.0561233 0.0575699 0.1094692 0.0045713 0.1080015 0.0796641 0.0614169 0.0475286 0.0799121 0.0714868 0.0496493 0.1066794 0.0552747 0.0525791 0.0433213 0.0678927 0.0664641 0.0650569 0.0900997 0.0583580 0.0820617 0.0875117 0.0812407 0.0915188 0.0610285 0.0811798 0.0425559 0.0425949 0.0615005 0.0741315 0.0441518 0.0566434 0.0538185 0.0733425 0.0534507 0.0423302 0.0721871 0.0547877 0.0080458 0.1061051 0.0239849 0.0667235 0.0554558 0.0289848 0.0565448 0.0326945 0.0636708 0.0699764 0.0506690 0.0661421 0.0549165 0.0595601 0.0477454 0.0475323 0.0588333 0.0502167 0.0422374 0.0772754 0.0276071 0.0301685 0.0643788 0.0370412 
S0278         0.1856375 0.0739536 0.0787304 0.0000000 0.0959007 0.0824747 0.0999596 0.0327348 0.0708900 0.0782477 0.1054248 0.0318236 0.1098148 0.0956231 0.0266802 0.1279467 0.0304329 0.0813457 0.0542304 0.1010583 0.0901299 0.0856445 0.0869847 0.0332093 0.0824358 0.0241357 0.0693706 0.0881237 0.0428802 0.1042310 0.0496615 0.0874173 0.1007665 0.1055026 0.0215628 0.0758357 0.0880506 0.0264375 0.0514442 0.0622117 0.0865249 0.0916358 0.0896154 0.0962014 0.1301207 0.0870652 0.1047178 0.0748320 0.0773141 0.1066927 0.0801925 0.0840108 0.0818749 0.0740932 0.0928382 0.0910202 0.0584877 0.0898768 0.0565493 0.0526582 0.0723367 0.0426283 0.0958254 0.1037350 0.0931702 0.0941164 0.0984890 0.0936102 0.1283448 0.0770789 0.1039258 0.1095134 0.0823000 0.0802952 0.1307581 0.0739651 0.1259180 0.0653144 0.0893571 0.0783336 0.1027637 0.0832564 0.0811318 0.1262490 0.0762013 0.0792353 0.0718682 0.0265430 0.0594718 0.0580867 0.1161447 0.0486325 0.0331614 0.1029249 0.0995044 0.1174837 0.0884818 0.0920751 0.0669259 0.0748175 0.0800632 0.0945121 0.0648197 0.0864181 0.0759936 0.0632478 0.0851738 0.0743272 0.0240294 0.0769075 0.0770290 0.0530331 0.0901591 0.0639138 0.0794070 0.0978544 0.0810651 0.0647136 0.0760905 0.0329650 0.0695100 0.0487768 0.0740530 0.0800164 0.0778330 0.0749247 0.0608357 0.0842564 0.0720381 0.0970576 0.0634461 0.0646961 0.0897987 0.0710571 
S0281         0.1745243 0.0665422 0.0267032 0.0959007 0.0000000 0.0814157 0.0909591 0.0933605 0.0538189 0.0799758 0.1014559 0.0871490 0.0857339 0.0935830 0.0939206 0.1242152 0.0927876 0.0667948 0.0613247 0.0985130 0.0797899 0.0801041 0.0829426 0.0950480 0.0880558 0.0825270 0.0236236 0.0882926 0.1101963 0.0985747 0.0923282 0.0823943 0.0878243 0.1097172 0.0927092 0.0737458 0.0865934 0.0914266 0.0837194 0.0888529 0.0800061 0.0948922 0.0455956 0.0967318 0.1350330 0.0827103 0.0973487 0.0839180 0.0812397 0.0868861 0.0292281 0.0783939 0.0292974 0.0267573 0.0607625 0.0496348 0.0874832 0.0913608 0.0856693 0.0770192 0.0565733 0.0997242 0.0892913 0.0825748 0.0776141 0.0786015 0.1062056 0.0372888 0.1330720 0.0683349 0.0983235 0.1125383 0.0627367 0.0655614 0.1281397 0.0241034 0.1266112 0.0913673 0.0750906 0.0623588 0.0971497 0.0846043 0.0603786 0.1252575 0.0751317 0.0755739 0.0606797 0.0872780 0.0889334 0.0859130 0.1046264 0.0783961 0.0978791 0.1025159 0.0954205 0.1016156 0.0844269 0.0983455 0.0572123 0.0570170 0.0804846 0.0917374 0.0671321 0.0704942 0.0716963 0.0910206 0.0684646 0.0549678 0.0869978 0.0777692 0.0253448 0.1279279 0.0358397 0.0858475 0.0753917 0.0410209 0.0675722 0.0519876 0.0875063 0.0913072 0.0732618 0.0889062 0.0779017 0.0752659 0.0626520 0.0638425 0.0805256 0.0592751 0.0593636 0.0891669 0.0438203 0.0492782 0.0868494 0.0525014 
S0282         0.1730423 0.0323474 0.0582305 0.0824747 0.0814157 0.0000000 0.1057052 0.0771359 0.0565935 0.0208675 0.0629672 0.0724177 0.0809858 0.0879728 0.0806146 0.1250101 0.0780004 0.0681212 0.0672892 0.0997561 0.0580371 0.0165475 0.0239082 0.0821100 0.0751232 0.0715316 0.0561387 0.0711580 0.0879864 0.1029256 0.0764094 0.0829189 0.0719942 0.1009470 0.0810019 0.0316679 0.0216371 0.0828237 0.0754802 0.0750730 0.0696480 0.0283108 0.0685292 0.0979734 0.1129691 0.0662176 0.0994481 0.0734370 0.0291421 0.0884105 0.0596976 0.0140590 0.0640662 0.0598199 0.0804886 0.0698835 0.0806787 0.0794800 0.0749296 0.0705410 0.0551538 0.0923436 0.0943612 0.0889492 0.0791108 0.0805553 0.0780841 0.0763661 0.1117194 0.0682823 0.0865658 0.1089974 0.0715860 0.0730174 0.1110914 0.0580648 0.1064067 0.1083371 0.0754497 0.0591491 0.0853929 0.0506700 0.0629238 0.1066814 0.0128745 0.0398368 0.0618363 0.0791336 0.0780792 0.0795564 0.1038857 0.0650257 0.0908181 0.0939807 0.1012981 0.1052617 0.0177049 0.0846133 0.0540566 0.0643636 0.0178750 0.0324854 0.0342272 0.0717460 0.0382605 0.0863495 0.0715403 0.0611384 0.0754366 0.0368458 0.0595152 0.1051114 0.0745799 0.0784946 0.0092864 0.0804819 0.0700941 0.0520196 0.0316691 0.0770714 0.0253518 0.0777093 0.0278236 0.0564646 0.0650179 0.0605408 0.0685661 0.0665233 0.0579329 0.0758539 0.0494201 0.0493094 0.0727439 0.0567191 
S0288         0.1706936 0.0984000 0.0793605 0.0999596 0.0909591 0.1057052 0.0000000 0.1076154 0.0809537 0.1077771 0.0962709 0.0958581 0.0000010 0.0345285 0.0978275 0.0312525 0.1000682 0.0917275 0.0983884 0.0089502 0.0966989 0.0989624 0.0987104 0.1099225 0.1148319 0.0915670 0.0809001 0.1021757 0.1260377 0.0074478 0.0934751 0.1023860 0.0929868 0.0529686 0.1019447 0.0987611 0.1155295 0.1040582 0.0739047 0.0954010 0.0965141 0.0965742 0.0810048 0.0074236 0.1360046 0.0964400 0.0120095 0.1076639 0.1026618 0.1157284 0.0793366 0.0992212 0.0815406 0.0753466 0.0999129 0.0897393 0.0820964 0.0452556 0.0876694 0.0816641 0.0770622 0.0909286 0.1082660 0.1157814 0.1086344 0.1042077 0.0988901 0.0962691 0.1337486 0.0931491 0.0566968 0.0678519 0.0983572 0.0965560 0.1396484 0.0733100 0.1330440 0.0940168 0.1055624 0.0930932 0.0550007 0.1210329 0.0781242 0.1312092 0.1010361 0.1003667 0.0789153 0.1037640 0.0875181 0.0899642 0.0258126 0.0744502 0.1002028 0.0504501 0.0059339 0.0208571 0.1030110 0.0508508 0.0780830 0.0816272 0.1021309 0.1026646 0.0779482 0.0977292 0.1035753 0.0963257 0.0851938 0.0810736 0.0995472 0.1019168 0.0752304 0.1514739 0.0934019 0.0919403 0.0971353 0.0981053 0.0964430 0.0751639 0.1041621 0.1029621 0.1020609 0.0933003 0.1022063 0.1006338 0.0813667 0.0854151 0.0913524 0.0787403 0.0830242 0.0819718 0.0637240 0.0714250 0.0965828 0.0809924 
S0289         0.1670540 0.0673567 0.0706649 0.0327348 0.0933605 0.0771359 0.1076154 0.0000000 0.0669852 0.0745966 0.1001080 0.0314987 0.0919318 0.0930090 0.0313389 0.1138284 0.0378662 0.0771839 0.0562500 0.0954061 0.0778161 0.0773017 0.0800680 0.0326923 0.0854142 0.0212961 0.0639198 0.0846336 0.0375258 0.0985084 0.0518055 0.0893679 0.0904790 0.1112053 0.0262995 0.0706849 0.0825306 0.0325077 0.0553402 0.0629712 0.0815849 0.0898321 0.0812096 0.0906621 0.1272016 0.0815255 0.1020399 0.0740627 0.0721300 0.0999782 0.0735266 0.0772750 0.0751530 0.0708196 0.0883603 0.0825830 0.0628514 0.0874783 0.0602852 0.0521492 0.0673817 0.0488492 0.0903617 0.1020326 0.0905763 0.0870505 0.0939772 0.0881101 0.1245163 0.0719961 0.0982049 0.1040097 0.0810183 0.0823805 0.1276839 0.0674793 0.1229129 0.0647807 0.0879196 0.0770973 0.0970487 0.0809441 0.0769181 0.1232322 0.0710198 0.0679394 0.0680479 0.0262398 0.0632225 0.0618348 0.1153362 0.0462338 0.0367070 0.1024129 0.0938845 0.1166703 0.0800730 0.0881513 0.0615819 0.0721895 0.0776645 0.0918953 0.0598789 0.0825805 0.0680713 0.0639368 0.0779806 0.0703171 0.0237049 0.0689251 0.0704574 0.0594180 0.0862380 0.0663549 0.0697842 0.0922834 0.0784105 0.0609761 0.0679864 0.0339869 0.0645288 0.0585728 0.0661457 0.0781018 0.0741943 0.0710302 0.0629259 0.0742107 0.0702313 0.1006304 0.0573279 0.0582347 0.0818364 0.0661187 
S0292         0.1453961 0.0459461 0.0368583 0.0708900 0.0538189 0.0565935 0.0809537 0.0669852 0.0000000 0.0615568 0.0822831 0.0589085 0.0706264 0.0702906 0.0663261 0.1043979 0.0695261 0.0392668 0.0233733 0.0777981 0.0593983 0.0567114 0.0607635 0.0699695 0.0746878 0.0544241 0.0352295 0.0676722 0.0816876 0.0807388 0.0602813 0.0506233 0.0684501 0.0808604 0.0647805 0.0505879 0.0643866 0.0675263 0.0596775 0.0635112 0.0620582 0.0698302 0.0504996 0.0761799 0.1061672 0.0607567 0.0810000 0.0576758 0.0574610 0.0629829 0.0381494 0.0552376 0.0395400 0.0330776 0.0394663 0.0547905 0.0644710 0.0652253 0.0620005 0.0522754 0.0366882 0.0703032 0.0607229 0.0581240 0.0477340 0.0501712 0.0859320 0.0521832 0.1009288 0.0432656 0.0746521 0.0876492 0.0381273 0.0394132 0.1060364 0.0341567 0.1014615 0.0838139 0.0444289 0.0351617 0.0734900 0.0666397 0.0229345 0.1017182 0.0508815 0.0560834 0.0299191 0.0586688 0.0649690 0.0635685 0.0844469 0.0515733 0.0774435 0.0747130 0.0792352 0.0858662 0.0593682 0.0682019 0.0253105 0.0092700 0.0569644 0.0740137 0.0426071 0.0303421 0.0507455 0.0672935 0.0263720 0.0128281 0.0645727 0.0531015 0.0354694 0.0996034 0.0506155 0.0695612 0.0510467 0.0560723 0.0265725 0.0212510 0.0587575 0.0679868 0.0462767 0.0629502 0.0477022 0.0606044 0.0327739 0.0326341 0.0588341 0.0326443 0.0367024 0.0738533 0.0288812 0.0212456 0.0649846 0.0340169 
S0293         0.1831698 0.0404050 0.0634892 0.0782477 0.0799758 0.0208675 0.1077771 0.0745966 0.0615568 0.0000000 0.0742964 0.0716915 0.0850676 0.0930555 0.0811872 0.1365427 0.0737716 0.0721689 0.0694782 0.1035873 0.0669974 0.0247883 0.0299966 0.0812049 0.0784259 0.0688851 0.0631329 0.0737645 0.0895279 0.1052873 0.0756640 0.0893992 0.0811105 0.1064869 0.0785058 0.0371051 0.0302732 0.0803920 0.0762285 0.0775220 0.0705959 0.0372833 0.0693722 0.1017215 0.1229121 0.0734273 0.1055092 0.0798604 0.0382397 0.0974411 0.0620340 0.0221345 0.0665915 0.0621665 0.0804822 0.0677312 0.0782131 0.0841140 0.0757578 0.0711405 0.0586161 0.0838383 0.0946274 0.0925348 0.0837867 0.0868537 0.0870023 0.0744809 0.1232600 0.0679174 0.0948510 0.1112612 0.0728977 0.0773999 0.1195357 0.0588121 0.1179708 0.1167263 0.0800336 0.0616846 0.0936428 0.0563733 0.0670425 0.1182911 0.0183439 0.0455289 0.0642046 0.0766134 0.0790071 0.0805301 0.1019835 0.0635644 0.0884866 0.0972415 0.1051945 0.1034273 0.0285945 0.0895243 0.0575205 0.0666429 0.0237060 0.0402051 0.0382803 0.0760917 0.0465356 0.0873191 0.0758148 0.0632822 0.0728738 0.0450408 0.0618373 0.1021359 0.0726523 0.0794399 0.0170654 0.0757006 0.0760728 0.0568047 0.0409194 0.0699013 0.0315694 0.0785314 0.0368206 0.0610306 0.0704694 0.0657526 0.0707659 0.0688545 0.0615171 0.0777915 0.0526785 0.0539671 0.0754643 0.0602605 
S0294         0.1533073 0.0490296 0.0781712 0.1054248 0.1014559 0.0629672 0.0962709 0.1001080 0.0822831 0.0742964 0.0000000 0.0964932 0.1371828 0.1094499 0.1082186 0.1519666 0.1039360 0.0883236 0.0636864 0.1227352 0.0808592 0.0674531 0.0701905 0.1120831 0.0538604 0.1005067 0.0790811 0.0869845 0.1206275 0.1228191 0.0995360 0.1077351 0.0957715 0.1182858 0.1060582 0.0510739 0.0725978 0.1077154 0.1019119 0.1060280 0.0869845 0.0795464 0.0927290 0.1207908 0.1458826 0.0897016 0.1247482 0.1011885 0.0650673 0.1144819 0.0795643 0.0627876 0.0844412 0.0799226 0.0982209 0.0941616 0.1037499 0.1057339 0.1008292 0.0931393 0.0761413 0.1198820 0.1242563 0.1216110 0.0983010 0.1018442 0.0598267 0.0981829 0.1390280 0.0872788 0.1123541 0.1336788 0.0909784 0.0990061 0.1422294 0.0779407 0.1372102 0.0960293 0.1014610 0.0885455 0.1111830 0.0776087 0.0882637 0.1375810 0.0585370 0.0584147 0.0865335 0.1071375 0.1039176 0.1077156 0.1514367 0.1008844 0.1184581 0.1188666 0.1243757 0.1526613 0.0686755 0.1114786 0.0749481 0.0829753 0.0618061 0.0575471 0.0501580 0.0885045 0.0639280 0.1029885 0.0891697 0.0824237 0.1049530 0.0577179 0.0795012 0.1388837 0.0961907 0.1081683 0.0615427 0.1008183 0.0923952 0.0758868 0.0653556 0.0982449 0.0535761 0.1011524 0.0605855 0.0751885 0.0880759 0.0789376 0.0907481 0.0932778 0.0824447 0.1025291 0.0687341 0.0729677 0.0855389 0.0766763 
S0299         0.1757586 0.0600977 0.0663730 0.0318236 0.0871490 0.0724177 0.0958581 0.0314987 0.0589085 0.0716915 0.0964932 0.0000000 0.0907332 0.0855296 0.0278947 0.1161135 0.0342742 0.0675174 0.0466456 0.0861172 0.0812124 0.0725720 0.0722641 0.0317043 0.0834278 0.0253432 0.0590280 0.0798794 0.0377649 0.0922688 0.0467693 0.0821680 0.0874023 0.0988745 0.0279932 0.0678023 0.0761319 0.0290411 0.0500474 0.0621686 0.0772368 0.0785070 0.0772370 0.0845442 0.1256711 0.0800122 0.0957291 0.0700311 0.0660393 0.1000604 0.0648838 0.0649505 0.0693768 0.0651000 0.0755849 0.0786095 0.0587856 0.0772777 0.0578261 0.0469236 0.0589851 0.0512801 0.0931344 0.0932418 0.0848547 0.0858193 0.0929296 0.0777560 0.1253832 0.0694199 0.0922162 0.0964636 0.0769758 0.0768725 0.1261473 0.0605219 0.1213824 0.0649423 0.0793785 0.0687743 0.0910526 0.0799049 0.0684461 0.1216977 0.0649242 0.0681185 0.0627443 0.0304200 0.0607560 0.0593688 0.1004778 0.0441075 0.0373260 0.0903799 0.0877105 0.1018535 0.0737853 0.0793116 0.0564442 0.0638727 0.0713821 0.0868350 0.0569849 0.0755192 0.0666863 0.0572276 0.0709947 0.0606752 0.0227282 0.0631909 0.0647682 0.0640047 0.0759611 0.0652856 0.0666280 0.0788322 0.0681984 0.0557412 0.0676464 0.0356531 0.0601899 0.0518370 0.0633032 0.0707809 0.0688091 0.0628350 0.0576964 0.0717424 0.0617770 0.0852793 0.0531419 0.0530227 0.0771133 0.0577301 
S0303         0.1607432 0.0725052 0.0715259 0.1098148 0.0857339 0.0809858 0.0000010 0.0919318 0.0706264 0.0850676 0.1371828 0.0907332 0.0000000 0.0385374 0.0917852 0.0024032 0.1096298 0.0807728 0.0000010 0.0072745 0.0873574 0.0846903 0.0749833 0.1113712 0.1067321 0.0882080 0.0790427 0.0905174 0.0868172 0.0072542 0.1057675 0.0813912 0.0881503 0.0653122 0.1027846 0.0707005 0.0921517 0.1043653 0.0974133 0.1057517 0.1090018 0.1018749 0.0954468 0.0048238 0.1006562 0.0785363 0.0000010 0.1122746 0.0711907 0.0808451 0.0683884 0.0753499 0.0806598 0.0783269 0.0832096 0.0879099 0.1086695 0.0413796 0.0983821 0.0893346 0.0710115 0.1284404 0.1069366 0.1019645 0.0810374 0.0833615 0.1489187 0.0946481 0.1050259 0.0781790 0.0474621 0.0776156 0.0746833 0.0739735 0.0974061 0.0745500 0.0977389 0.1075736 0.0828347 0.0590864 0.0476889 0.0826606 0.0804123 0.0979161 0.0782583 0.0813541 0.0738650 0.0984779 0.1058311 0.0948651 0.0024150 0.0795351 0.1255165 0.0741129 0.0072911 0.0048286 0.0849820 0.0499813 0.0690736 0.0813276 0.0839384 0.1397991 0.0548625 0.0907706 0.0716825 0.1074649 0.0811083 0.0806095 0.1087752 0.0803392 0.0746236 0.1278320 0.0909104 0.0994163 0.0781978 0.0943816 0.0816660 0.0615556 0.0742813 0.0926833 0.0676957 0.0856387 0.0744888 0.0811711 0.0740062 0.0742148 0.0879599 0.0705675 0.0706834 0.1047871 0.0594860 0.0586648 0.0910188 0.0621435 
S0308         0.1629983 0.0782320 0.0781405 0.0956231 0.0935830 0.0879728 0.0345285 0.0930090 0.0702906 0.0930555 0.1094499 0.0855296 0.0385374 0.0000000 0.0907545 0.0493238 0.0890058 0.0852223 0.0778195 0.0350835 0.0916914 0.0897706 0.0879739 0.0983757 0.0921006 0.0828968 0.0792901 0.0951793 0.1091190 0.0376403 0.0926308 0.0989954 0.0981645 0.0558710 0.0942238 0.0784171 0.0984996 0.0917247 0.0859763 0.0944192 0.0913953 0.1002240 0.0909456 0.0337471 0.1407326 0.0910682 0.0364788 0.1032985 0.0888568 0.1098436 0.0765935 0.0850253 0.0812577 0.0768526 0.0946960 0.0907414 0.0911664 0.0351076 0.0880832 0.0793867 0.0702314 0.0988765 0.1111081 0.1022332 0.0989798 0.1000268 0.1070433 0.0929853 0.1415908 0.0906223 0.0463840 0.0633603 0.0893102 0.0925628 0.1371871 0.0749369 0.1323050 0.0957184 0.0868833 0.0839323 0.0478801 0.0991414 0.0784889 0.1326541 0.0832067 0.0879892 0.0727759 0.0922582 0.0913488 0.0898399 0.0613550 0.0814621 0.0995817 0.0540721 0.0363469 0.0628371 0.0926136 0.0392464 0.0710470 0.0741750 0.0866672 0.1039837 0.0706247 0.0845789 0.0861595 0.0942891 0.0784698 0.0736927 0.0886528 0.0839659 0.0764560 0.1323747 0.0890506 0.0951165 0.0834950 0.0940323 0.0803714 0.0673284 0.0902237 0.0894746 0.0824646 0.0927318 0.0763721 0.0787725 0.0809523 0.0806678 0.0874782 0.0717350 0.0731007 0.0886571 0.0604902 0.0645136 0.0922310 0.0705366 
S0320         0.1660897 0.0721639 0.0725846 0.0266802 0.0939206 0.0806146 0.0978275 0.0313389 0.0663261 0.0811872 0.1082186 0.0278947 0.0917852 0.0907545 0.0000000 0.1141300 0.0341424 0.0795190 0.0602438 0.0925908 0.0898007 0.0822716 0.0865806 0.0328876 0.0898300 0.0201807 0.0660447 0.0893086 0.0373426 0.0956815 0.0523795 0.0920730 0.0950663 0.1058543 0.0214671 0.0754885 0.0876380 0.0289979 0.0526451 0.0662064 0.0866271 0.0920351 0.0847363 0.0878676 0.1299745 0.0835714 0.0991912 0.0829794 0.0769599 0.1058981 0.0754671 0.0806590 0.0771157 0.0727340 0.0863082 0.0861262 0.0614340 0.0851367 0.0590427 0.0481375 0.0677497 0.0342737 0.1051885 0.1048017 0.0962252 0.0971622 0.1038167 0.0887295 0.1330699 0.0785342 0.0975040 0.1050205 0.0849354 0.0848222 0.1338068 0.0693458 0.1289501 0.0644849 0.0904409 0.0765328 0.0963377 0.0859369 0.0730802 0.1292895 0.0758509 0.0819172 0.0702196 0.0264253 0.0619766 0.0605891 0.1062675 0.0485653 0.0290818 0.1003188 0.0910738 0.1076365 0.0835946 0.0842067 0.0638396 0.0716655 0.0793140 0.0963102 0.0615544 0.0800299 0.0727523 0.0547896 0.0803522 0.0696845 0.0188420 0.0766543 0.0723594 0.0491681 0.0868401 0.0679361 0.0761109 0.0929344 0.0779309 0.0575024 0.0786540 0.0341296 0.0662831 0.0514639 0.0708526 0.0781973 0.0764776 0.0732534 0.0588502 0.0794918 0.0706180 0.0967171 0.0603872 0.0574870 0.0899059 0.0664792 
S0322         0.1772949 0.1124971 0.1026561 0.1279467 0.1242152 0.1250101 0.0312525 0.1138284 0.1043979 0.1365427 0.1519666 0.1161135 0.0024032 0.0493238 0.1141300 0.0000000 0.1325891 0.1195472 0.1720575 0.0204906 0.0960404 0.1302114 0.1209275 0.1268011 0.1415359 0.1078781 0.1132072 0.1213151 0.0926449 0.0219844 0.1255819 0.1180815 0.1184325 0.0792802 0.1211310 0.1065805 0.1376892 0.1218475 0.1188562 0.1299444 0.1319852 0.1432153 0.1242774 0.0189398 0.1469502 0.1081710 0.0250893 0.1542950 0.1195373 0.0978821 0.1026382 0.1235841 0.1084712 0.1048125 0.1165687 0.1219640 0.1306399 0.0653348 0.1230560 0.1112987 0.1050302 0.1403614 0.1473462 0.1322349 0.1218702 0.1256380 0.1628068 0.1247188 0.1473018 0.1199569 0.0754833 0.0885224 0.1155245 0.1229106 0.1468091 0.1022820 0.1428640 0.1075736 0.1208312 0.1150799 0.0737815 0.1325024 0.1080742 0.1433389 0.1208933 0.1200103 0.1039631 0.1224946 0.1278354 0.1231963 0.0513758 0.1172590 0.1324244 0.0800380 0.0204905 0.0508758 0.1275042 0.0693029 0.1022152 0.1097051 0.1269345 0.1701295 0.1048308 0.1223579 0.1121416 0.1297080 0.1070127 0.1090962 0.1222508 0.1170608 0.0984673 0.1165046 0.1191056 0.1284562 0.1214547 0.1238174 0.1212654 0.0866171 0.1214737 0.1173599 0.1092709 0.1172013 0.1115646 0.1097060 0.1114318 0.1087603 0.1180464 0.1023612 0.1087577 0.1232993 0.0892073 0.0865873 0.1222933 0.1011925 
S0327         0.1863325 0.0725649 0.0728960 0.0304329 0.0927876 0.0780004 0.1000682 0.0378662 0.0695261 0.0737716 0.1039360 0.0342742 0.1096298 0.0890058 0.0341424 0.1325891 0.0000000 0.0809506 0.0544069 0.0995777 0.0845179 0.0811297 0.0854452 0.0381204 0.0900071 0.0240054 0.0611826 0.0838032 0.0462786 0.1005834 0.0498051 0.0910344 0.0897626 0.1030422 0.0290273 0.0685069 0.0819695 0.0354669 0.0486350 0.0590769 0.0776031 0.0888008 0.0836130 0.0947372 0.1255333 0.0884367 0.1030833 0.0748678 0.0758251 0.1075477 0.0743404 0.0795170 0.0759881 0.0716033 0.0913978 0.0850054 0.0532169 0.0840166 0.0548509 0.0457870 0.0709682 0.0477807 0.0966047 0.1021320 0.0951981 0.0961418 0.0988625 0.0826051 0.1267609 0.0804304 0.1008749 0.1054762 0.0837005 0.0787940 0.1260133 0.0682180 0.1212050 0.0812002 0.0878193 0.0798570 0.0997097 0.0818491 0.0797173 0.1215227 0.0718074 0.0748051 0.0734498 0.0290423 0.0577415 0.0549249 0.1158111 0.0424483 0.0437794 0.0974170 0.0980280 0.1171474 0.0839458 0.0861478 0.0670267 0.0748837 0.0785411 0.0946234 0.0604559 0.0841004 0.0776207 0.0590013 0.0837558 0.0729454 0.0264062 0.0725445 0.0712326 0.0636026 0.0807649 0.0607438 0.0749668 0.0867705 0.0811356 0.0661733 0.0776183 0.0369933 0.0681482 0.0534653 0.0697173 0.0712796 0.0735829 0.0765248 0.0577168 0.0828539 0.0738710 0.0907499 0.0635035 0.0633571 0.0839639 0.0696893 
S0335         0.1482587 0.0530373 0.0516283 0.0813457 0.0667948 0.0681212 0.0917275 0.0771839 0.0392668 0.0721689 0.0883236 0.0675174 0.0807728 0.0852223 0.0795190 0.1195472 0.0809506 0.0000000 0.0303388 0.0939233 0.0755998 0.0653441 0.0666384 0.0776423 0.0693004 0.0687531 0.0506205 0.0788807 0.0875161 0.0970173 0.0735005 0.0593516 0.0749391 0.0894974 0.0749985 0.0605087 0.0763002 0.0792637 0.0730830 0.0751351 0.0712858 0.0820992 0.0604323 0.0921929 0.1210051 0.0767354 0.0942900 0.0597377 0.0647837 0.0685978 0.0529732 0.0667332 0.0544571 0.0503895 0.0516603 0.0617492 0.0781761 0.0802432 0.0720458 0.0680250 0.0436019 0.0944245 0.0732148 0.0669718 0.0563402 0.0588113 0.0859898 0.0636316 0.1094763 0.0530073 0.0828677 0.1015866 0.0477749 0.0504363 0.1177583 0.0461093 0.1130702 0.0847452 0.0513195 0.0393439 0.0817003 0.0726374 0.0478541 0.1133609 0.0621858 0.0576137 0.0403647 0.0747352 0.0751149 0.0708179 0.0988205 0.0643254 0.0911850 0.0903487 0.0954304 0.1002090 0.0680484 0.0853502 0.0303210 0.0424246 0.0657263 0.0849030 0.0511044 0.0533731 0.0579292 0.0882292 0.0490773 0.0408064 0.0776381 0.0518960 0.0501397 0.1077714 0.0619690 0.0749828 0.0623920 0.0648012 0.0548137 0.0314068 0.0664699 0.0783509 0.0572136 0.0779505 0.0630930 0.0697730 0.0325913 0.0200159 0.0688201 0.0459333 0.0475313 0.0824310 0.0393614 0.0288907 0.0761046 0.0410131 
S0345         0.1807789 0.0480326 0.0467821 0.0542304 0.0613247 0.0672892 0.0983884 0.0562500 0.0233733 0.0694782 0.0636864 0.0466456 0.0000010 0.0778195 0.0602438 0.1720575 0.0544069 0.0303388 0.0000000 0.0877533 0.0603891 0.0643216 0.0639730 0.0542477 0.0722274 0.0488325 0.0365769 0.0725453 0.0973773 0.0942915 0.0568351 0.0685945 0.0802998 0.0805528 0.0485390 0.0615280 0.0676395 0.0572126 0.0523010 0.0573235 0.0633802 0.0613612 0.0492156 0.0877533 0.1224168 0.0663405 0.1038393 0.0623981 0.0724525 0.1056335 0.0414806 0.0555964 0.0443646 0.0388337 0.0465829 0.0576707 0.0553997 0.0707796 0.0575252 0.0523313 0.0410053 0.0497784 0.0627113 0.0623737 0.0655415 0.0651307 0.0668637 0.0583128 0.1110440 0.0432303 0.0777841 0.0942974 0.0463539 0.0518905 0.1289632 0.0387118 0.1190818 0.0000010 0.0564460 0.0458619 0.0781924 0.0722053 0.0261467 0.1194794 0.0581988 0.0576736 0.0280068 0.0541291 0.0573824 0.0634331 0.1285485 0.0533979 0.0601901 0.0655477 0.0906724 0.1266253 0.0637275 0.0715179 0.0044780 0.0259815 0.0619341 0.0626436 0.0518909 0.0361316 0.0611222 0.0653737 0.0334849 0.0258734 0.0487562 0.0579053 0.0413080 0.1009988 0.0582894 0.0631415 0.0530456 0.0607677 0.0387570 0.0305794 0.0756481 0.0547931 0.0577496 0.0717005 0.0578241 0.0722447 0.0089682 0.0229323 0.0629929 0.0354618 0.0436649 0.0594576 0.0332611 0.0281321 0.0665330 0.0463236 
S0355         0.1733222 0.0896040 0.0812469 0.1010583 0.0985130 0.0997561 0.0089502 0.0954061 0.0777981 0.1035873 0.1227352 0.0861172 0.0072745 0.0350835 0.0925908 0.0204906 0.0995777 0.0939233 0.0877533 0.0000000 0.1000078 0.0999784 0.0947921 0.1002640 0.1093248 0.0861674 0.0826693 0.1014290 0.1113335 0.0068734 0.0975592 0.0976889 0.0968873 0.0576808 0.0996366 0.0896803 0.1074781 0.0970422 0.0860749 0.0993759 0.1043082 0.1108660 0.0940764 0.0034121 0.1318501 0.0946488 0.0092311 0.1030466 0.0974069 0.1075931 0.0796813 0.0950687 0.0843980 0.0799524 0.0965675 0.0974629 0.0944738 0.0445630 0.0929438 0.0840253 0.0793567 0.1026686 0.0997946 0.1101970 0.1024445 0.1000004 0.1215116 0.0976852 0.1360037 0.0953486 0.0534874 0.0678033 0.0911532 0.0974870 0.1334989 0.0780021 0.1286565 0.1192131 0.0976904 0.0886810 0.0537496 0.1113842 0.0863529 0.1289942 0.0931558 0.0963389 0.0792045 0.0988175 0.0962636 0.0930918 0.0200814 0.0795511 0.1084332 0.0568890 0.0057158 0.0216523 0.0996536 0.0489199 0.0789942 0.0832393 0.0967749 0.1213653 0.0769923 0.0960879 0.0947779 0.0991769 0.0861397 0.0826928 0.0907764 0.0938603 0.0795377 0.1326282 0.0937870 0.0967796 0.0934863 0.0988525 0.0949372 0.0718146 0.0971467 0.0949138 0.0922059 0.0914119 0.0908925 0.0927067 0.0860413 0.0857339 0.0907992 0.0791731 0.0823065 0.0939859 0.0663011 0.0689628 0.0987902 0.0780748 
S0376         0.1497934 0.0515567 0.0527469 0.0901299 0.0797899 0.0580371 0.0966989 0.0778161 0.0593983 0.0669974 0.0808592 0.0812124 0.0873574 0.0916914 0.0898007 0.0960404 0.0845179 0.0755998 0.0603891 0.1000078 0.0000000 0.0659878 0.0638396 0.0941071 0.0561961 0.0800294 0.0529158 0.0139682 0.0739305 0.0998382 0.0847187 0.0742502 0.0762860 0.1063961 0.0862238 0.0446508 0.0626565 0.0979237 0.0835074 0.0720739 0.0578389 0.0709046 0.0683895 0.0978386 0.1205415 0.0697921 0.1021622 0.0827829 0.0500089 0.0736854 0.0583333 0.0640238 0.0601018 0.0545494 0.0753062 0.0683209 0.0879458 0.0804875 0.0698791 0.0744725 0.0599709 0.1079677 0.0962175 0.0947657 0.0737853 0.0713490 0.0765100 0.0723518 0.1134115 0.0640884 0.0854984 0.1013636 0.0715199 0.0709998 0.1094952 0.0543759 0.1097400 0.0745739 0.0833603 0.0639274 0.0857756 0.0664121 0.0622844 0.1101185 0.0543298 0.0542388 0.0594345 0.0859484 0.0722855 0.0737711 0.1210672 0.0734892 0.1064195 0.1012115 0.1001892 0.1197385 0.0657318 0.0831499 0.0644561 0.0637672 0.0597795 0.0806336 0.0480900 0.0780361 0.0506581 0.0981290 0.0694158 0.0634112 0.0917791 0.0535674 0.0526042 0.0984847 0.0701486 0.0702913 0.0582669 0.0758989 0.0740571 0.0501670 0.0447649 0.0757514 0.0467885 0.0778023 0.0539119 0.0504709 0.0674628 0.0673202 0.0679954 0.0731106 0.0635804 0.0934638 0.0451769 0.0483824 0.0140340 0.0563120 
S0400         0.1759455 0.0324126 0.0597514 0.0856445 0.0801041 0.0165475 0.0989624 0.0773017 0.0567114 0.0247883 0.0674531 0.0725720 0.0846903 0.0897706 0.0822716 0.1302114 0.0811297 0.0653441 0.0643216 0.0999784 0.0659878 0.0000000 0.0239544 0.0792290 0.0728587 0.0716845 0.0614942 0.0741930 0.0925919 0.1031557 0.0764753 0.0847008 0.0702038 0.1080419 0.0811785 0.0357547 0.0241660 0.0815334 0.0756448 0.0766947 0.0697962 0.0283671 0.0686753 0.0981910 0.1137656 0.0659960 0.1018174 0.0866010 0.0291993 0.0950120 0.0598231 0.0165707 0.0642018 0.0599458 0.0806631 0.0700326 0.0777546 0.0767473 0.0765475 0.0706929 0.0552684 0.0943887 0.0987906 0.0907423 0.0808516 0.0823050 0.0727310 0.0765315 0.1141394 0.0684275 0.0867547 0.1092449 0.0732737 0.0747142 0.1151013 0.0581862 0.1104147 0.0961548 0.0771520 0.0652060 0.0855796 0.0507106 0.0662756 0.1106990 0.0152929 0.0370554 0.0591171 0.0793051 0.0797177 0.0782396 0.1019506 0.0628845 0.0910196 0.0972302 0.1015242 0.1011498 0.0176700 0.0847968 0.0541693 0.0645004 0.0203632 0.0277611 0.0328342 0.0719002 0.0383370 0.0865375 0.0703349 0.0612671 0.0755981 0.0315863 0.0596399 0.1098945 0.0747405 0.0801429 0.0117272 0.0806563 0.0751023 0.0521265 0.0342825 0.0772369 0.0279103 0.0808814 0.0278780 0.0594855 0.0638238 0.0606671 0.0701394 0.0652508 0.0580537 0.0823570 0.0495216 0.0494104 0.0728996 0.0568376 
S0405         0.1690456 0.0349750 0.0637468 0.0869847 0.0829426 0.0239082 0.0987104 0.0800680 0.0607635 0.0299966 0.0701905 0.0722641 0.0749833 0.0879739 0.0865806 0.1209275 0.0854452 0.0666384 0.0639730 0.0947921 0.0638396 0.0239544 0.0000000 0.0805540 0.0711405 0.0758986 0.0645150 0.0726569 0.0921126 0.0979174 0.0838199 0.0874530 0.0779484 0.0995292 0.0854963 0.0395204 0.0253980 0.0842136 0.0768789 0.0794053 0.0726093 0.0335365 0.0683827 0.0930424 0.1169504 0.0707426 0.0935242 0.0775372 0.0304152 0.0945273 0.0595702 0.0214543 0.0668410 0.0625711 0.0834679 0.0697345 0.0852304 0.0778546 0.0792534 0.0749251 0.0593075 0.1019830 0.0943414 0.0937129 0.0836515 0.0835260 0.0778650 0.0792368 0.1126192 0.0682938 0.0788795 0.1071596 0.0758356 0.0774014 0.1151884 0.0607905 0.1104964 0.1196936 0.0799225 0.0636033 0.0777026 0.0604409 0.0704685 0.1107813 0.0201377 0.0464999 0.0660391 0.0835913 0.0810508 0.0780030 0.0969333 0.0713597 0.0954469 0.0937811 0.0963139 0.0983327 0.0201793 0.0829474 0.0553795 0.0671515 0.0228449 0.0386877 0.0381717 0.0760386 0.0407861 0.0892617 0.0713873 0.0638922 0.0814752 0.0420894 0.0622514 0.1136827 0.0774297 0.0828793 0.0189777 0.0803099 0.0778047 0.0561126 0.0342219 0.0814759 0.0304196 0.0852563 0.0329209 0.0607698 0.0634723 0.0618685 0.0728054 0.0722296 0.0621156 0.0805155 0.0493655 0.0533751 0.0714017 0.0609007 
S0407sl       0.1750802 0.0722182 0.0781440 0.0332093 0.0950480 0.0821100 0.1099225 0.0326923 0.0699695 0.0812049 0.1120831 0.0317043 0.1113712 0.0983757 0.0328876 0.1268011 0.0381204 0.0776423 0.0542477 0.1002640 0.0941071 0.0792290 0.0805540 0.0000000 0.0917401 0.0226197 0.0640855 0.0908380 0.0459980 0.1034084 0.0492472 0.0912457 0.0935620 0.1064486 0.0263949 0.0785105 0.0876531 0.0329359 0.0494420 0.0628602 0.0816950 0.0920486 0.0889357 0.0954508 0.1310293 0.0910922 0.1038878 0.0740903 0.0740841 0.1083668 0.0765957 0.0761172 0.0812614 0.0768542 0.0900955 0.0922486 0.0552303 0.0910812 0.0588649 0.0478978 0.0689719 0.0507563 0.0929530 0.1038549 0.0953595 0.0948904 0.1022133 0.0928900 0.1268249 0.0750483 0.1051420 0.1086408 0.0841878 0.0825527 0.1316681 0.0734201 0.1268457 0.0852696 0.0896429 0.0757790 0.1039848 0.0828904 0.0818891 0.1271778 0.0758696 0.0756120 0.0712532 0.0276042 0.0617874 0.0576491 0.1195567 0.0476927 0.0424834 0.1041430 0.0987236 0.1233453 0.0850993 0.0932867 0.0692989 0.0721805 0.0797082 0.0983122 0.0691437 0.0875381 0.0757614 0.0596426 0.0791087 0.0718452 0.0276652 0.0736963 0.0764581 0.0372875 0.0909767 0.0645473 0.0761296 0.0939370 0.0802482 0.0652665 0.0757599 0.0410166 0.0692141 0.0555589 0.0708724 0.0737849 0.0804862 0.0772300 0.0614980 0.0816929 0.0718398 0.0975982 0.0643777 0.0624909 0.0880058 0.0705357 
S0412sl       0.1647381 0.0569546 0.0677447 0.0824358 0.0880558 0.0751232 0.1148319 0.0854142 0.0746878 0.0784259 0.0538604 0.0834278 0.1067321 0.0921006 0.0898300 0.1415359 0.0900071 0.0693004 0.0722274 0.1093248 0.0561961 0.0728587 0.0711405 0.0917401 0.0000000 0.0819577 0.0626968 0.0656438 0.1156357 0.1114256 0.0783491 0.0970472 0.0547522 0.0947116 0.0916403 0.0525021 0.0790282 0.0915236 0.0803775 0.0842979 0.0603697 0.0821194 0.0750984 0.1070138 0.1432397 0.0523404 0.1119658 0.0732065 0.0721759 0.0989966 0.0658449 0.0707681 0.0715982 0.0657607 0.0864344 0.0811009 0.0848162 0.0832973 0.0807859 0.0801555 0.0669147 0.0884109 0.0983868 0.1022541 0.0859047 0.0866707 0.0567580 0.0835951 0.1303438 0.0690101 0.0908709 0.1048089 0.0849092 0.0872750 0.1384356 0.0638417 0.1362021 0.1146403 0.0925805 0.0728536 0.0891180 0.0746484 0.0737012 0.1344013 0.0711382 0.0526071 0.0724508 0.0896423 0.0806518 0.0824733 0.1254203 0.0829814 0.0975019 0.1035587 0.1091522 0.1245369 0.0761160 0.0838167 0.0635334 0.0752895 0.0643815 0.0720418 0.0423048 0.0862685 0.0653115 0.0990054 0.0768775 0.0728775 0.0910819 0.0574068 0.0656629 0.1231873 0.0834418 0.0885922 0.0673710 0.0872200 0.0828605 0.0616211 0.0684935 0.0840222 0.0557660 0.0936189 0.0626416 0.0638803 0.0746615 0.0707204 0.0745895 0.0798575 0.0725076 0.0854857 0.0578954 0.0616001 0.0622603 0.0615773 
S0417         0.1645903 0.0618205 0.0634797 0.0241357 0.0825270 0.0715316 0.0915670 0.0212961 0.0544241 0.0688851 0.1005067 0.0253432 0.0882080 0.0828968 0.0201807 0.1078781 0.0240054 0.0687531 0.0488325 0.0861674 0.0800294 0.0716845 0.0758986 0.0226197 0.0819577 0.0000000 0.0541580 0.0802328 0.0278052 0.0892006 0.0385542 0.0774643 0.0824919 0.0974275 0.0177526 0.0636384 0.0768154 0.0239699 0.0415581 0.0533871 0.0726889 0.0809543 0.0738096 0.0815383 0.1206210 0.0789018 0.0894932 0.0678449 0.0666171 0.0942395 0.0648800 0.0701256 0.0664541 0.0622114 0.0721021 0.0769554 0.0499883 0.0774819 0.0465070 0.0387489 0.0574676 0.0312725 0.0840988 0.0852458 0.0829825 0.0825777 0.0948703 0.0774770 0.1179417 0.0633089 0.0938735 0.0963479 0.0707067 0.0706121 0.1210742 0.0589927 0.1163560 0.0652277 0.0731943 0.0669816 0.0927094 0.0753389 0.0641258 0.1166558 0.0654941 0.0652736 0.0571064 0.0069474 0.0493080 0.0479681 0.1079379 0.0383824 0.0292168 0.0889599 0.0846762 0.1092950 0.0744390 0.0795230 0.0535658 0.0593914 0.0704086 0.0888188 0.0528772 0.0739612 0.0654000 0.0503452 0.0677393 0.0575690 0.0164742 0.0620343 0.0618953 0.0456983 0.0756889 0.0550029 0.0657140 0.0815832 0.0683129 0.0499784 0.0682404 0.0240524 0.0591249 0.0474874 0.0579394 0.0665038 0.0658273 0.0627518 0.0489743 0.0642433 0.0602431 0.0870663 0.0476535 0.0473156 0.0774536 0.0562170 
S0419         0.1461618 0.0456594 0.0052767 0.0693706 0.0236236 0.0561387 0.0809001 0.0639198 0.0352295 0.0631329 0.0790811 0.0590280 0.0790427 0.0792901 0.0660447 0.1132072 0.0611826 0.0506205 0.0365769 0.0826693 0.0529158 0.0614942 0.0645150 0.0640855 0.0626968 0.0541580 0.0000000 0.0696165 0.0786641 0.0845484 0.0628929 0.0642719 0.0650556 0.0958826 0.0646257 0.0498553 0.0670924 0.0653236 0.0585714 0.0578059 0.0591916 0.0743647 0.0205842 0.0792037 0.1082469 0.0630101 0.0865531 0.0562676 0.0593313 0.0763409 0.0066094 0.0545913 0.0052890 0.0039589 0.0523805 0.0248373 0.0622027 0.0738791 0.0576855 0.0516079 0.0337604 0.0749658 0.0738216 0.0736697 0.0658307 0.0635369 0.0885631 0.0219783 0.1087642 0.0397795 0.0725663 0.0908717 0.0524616 0.0557161 0.1047747 0.0026180 0.1030926 0.0644536 0.0601926 0.0426991 0.0746595 0.0664482 0.0434759 0.1015697 0.0546549 0.0516454 0.0426120 0.0591492 0.0610595 0.0594613 0.0968767 0.0507188 0.0749807 0.0866524 0.0810865 0.0985788 0.0611543 0.0796477 0.0400588 0.0386770 0.0635460 0.0768336 0.0463255 0.0546796 0.0547227 0.0672083 0.0494237 0.0384690 0.0639712 0.0510744 0.0065881 0.0878245 0.0204985 0.0629913 0.0498960 0.0246947 0.0529092 0.0304904 0.0660872 0.0576679 0.0494940 0.0605596 0.0542103 0.0542076 0.0461262 0.0458871 0.0508824 0.0489053 0.0383057 0.0727473 0.0261203 0.0290469 0.0612104 0.0369215 
S0427         0.1582108 0.0555442 0.0699563 0.0881237 0.0882926 0.0711580 0.1021757 0.0846336 0.0676722 0.0737645 0.0869845 0.0798794 0.0905174 0.0951793 0.0893086 0.1213151 0.0838032 0.0788807 0.0725453 0.1014290 0.0139682 0.0741930 0.0726569 0.0908380 0.0656438 0.0802328 0.0696165 0.0000000 0.0932273 0.1045722 0.0848818 0.0806494 0.0780033 0.1053837 0.0901615 0.0603946 0.0764106 0.0954765 0.0843339 0.0823258 0.0579410 0.0849951 0.0806756 0.0996582 0.1423116 0.0783915 0.1049178 0.0881073 0.0658949 0.0828138 0.0728434 0.0741668 0.0744828 0.0701116 0.0796743 0.0808519 0.0876607 0.0865155 0.0791219 0.0761252 0.0632628 0.0979183 0.0910871 0.0973211 0.0767499 0.0784373 0.0799619 0.0763734 0.1395535 0.0745307 0.0973732 0.1119413 0.0741685 0.0789573 0.1387190 0.0654076 0.1337758 0.0849919 0.0857878 0.0753521 0.0962082 0.0696313 0.0775537 0.1341328 0.0651529 0.0633406 0.0691308 0.0847219 0.0809178 0.0837927 0.1168873 0.0757666 0.1034075 0.1012733 0.1029578 0.1182091 0.0740513 0.0917682 0.0701083 0.0744051 0.0653260 0.0792104 0.0452761 0.0775640 0.0578094 0.0966452 0.0787076 0.0739197 0.0877207 0.0628553 0.0697489 0.1119740 0.0745860 0.0841292 0.0682089 0.0834473 0.0776748 0.0647209 0.0616394 0.0830818 0.0546157 0.0865830 0.0614345 0.0576295 0.0757350 0.0739219 0.0759169 0.0780487 0.0660896 0.0934339 0.0550712 0.0619138 0.0176940 0.0622045 
S0428sl       0.1737060 0.0755042 0.0836227 0.0428802 0.1101963 0.0879864 0.1260377 0.0375258 0.0816876 0.0895279 0.1206275 0.0377649 0.0868172 0.1091190 0.0373426 0.0926449 0.0462786 0.0875161 0.0973773 0.1113335 0.0739305 0.0925919 0.0921126 0.0459980 0.1156357 0.0278052 0.0786641 0.0932273 0.0000000 0.1129656 0.0595502 0.0992273 0.1002265 0.1153171 0.0326306 0.0750617 0.0971823 0.0424991 0.0525013 0.0642572 0.0999159 0.0945036 0.0955471 0.1049709 0.1192650 0.0984988 0.1132989 0.1002955 0.0796284 0.0875754 0.0875241 0.0884725 0.0893136 0.0835871 0.1018242 0.0954531 0.0675178 0.1035979 0.0606480 0.0556330 0.0799619 0.0525477 0.1327468 0.1134040 0.1018440 0.1079608 0.1234256 0.1027551 0.1187339 0.0900059 0.1130296 0.1128976 0.1017622 0.1008634 0.1155307 0.0813316 0.1138361 0.0497208 0.0995984 0.0913130 0.1111559 0.0893638 0.0894326 0.1142100 0.0841539 0.0799001 0.0851763 0.0309200 0.0645163 0.0607081 0.1489530 0.0626925 0.0480335 0.1041235 0.1093051 0.1506766 0.0883049 0.1042552 0.0730572 0.0865499 0.0943613 0.1245271 0.0690929 0.1028602 0.0761020 0.0715260 0.0879710 0.0843331 0.0356510 0.0696280 0.0815148 0.0406991 0.1002100 0.0608264 0.0845273 0.1061358 0.0996824 0.0677665 0.0835873 0.0392712 0.0720235 0.0563197 0.0739454 0.0814129 0.0857504 0.0794739 0.0623045 0.0954529 0.0835898 0.1073412 0.0717952 0.0659677 0.0941106 0.0762579 
