134
PAFTOL_019361 0.0000000 0.2232541 0.2091611 0.2477389 0.2060931 0.2375357 0.2367990 0.2526438 0.2070783 0.2492197 0.2477667 0.2643223 0.2469816 0.2565665 0.2473443 0.2496050 0.2385865 0.2223340 0.2482296 0.2494044 0.2504212 0.2338077 0.2423139 0.2680796 0.2722121 0.2525717 0.2143559 0.2377040 0.2225683 0.2493877 0.2437639 0.2369038 0.2275210 0.2738682 0.2544072 0.2435742 0.2353335 0.2577728 0.2153997 0.2446313 0.2255481 0.2316262 0.2242793 0.2471179 0.2689961 0.2318738 0.2506326 0.2181184 0.2329499 0.2462388 0.2104766 0.2311608 0.2151221 0.2116626 0.2594291 0.2252618 0.2174219 0.2451704 0.2208427 0.2205670 0.2109980 0.2362761 0.2379238 0.2421139 0.2455988 0.2297849 0.2645901 0.2346167 0.2921714 0.2253295 0.2476781 0.2692441 0.2478892 0.2439032 0.2595175 0.2127553 0.2697230 0.2140560 0.2527017 0.2341417 0.2598758 0.2332563 0.2381084 0.2737923 0.2337162 0.2488042 0.2078240 0.2469682 0.2426688 0.2343202 0.2479648 0.2383018 0.2501994 0.2435999 0.2543402 0.2471319 0.2311877 0.2466263 0.2209015 0.2130548 0.2305207 0.2121333 0.2168444 0.2306426 0.2263877 0.2238397 0.2114347 0.2170481 0.2611270 0.2448143 0.2124965 0.2633650 0.2333769 0.2432046 0.2294698 0.2336291 0.2261846 0.2037080 0.2308244 0.2646613 0.2390783 0.2326624 0.2281668 0.2150128 0.2260290 0.2249445 0.2461079 0.2405065 0.2146159 0.2741625 0.1982846 0.2022048 0.2267030 0.2090764 
S0055         0.2232541 0.0000000 0.0692091 0.1247190 0.0955693 0.0462421 0.0973137 0.1168485 0.0715793 0.0539414 0.0629074 0.1236532 0.1118479 0.1259112 0.1124693 0.1091712 0.0967713 0.0973997 0.0822128 0.1115170 0.0984346 0.0422807 0.0531250 0.1187184 0.1200815 0.1015166 0.0769424 0.0873616 0.1000950 0.1065181 0.0978687 0.0929259 0.0684181 0.1534041 0.1213284 0.0518498 0.0423632 0.1189946 0.0810844 0.0957325 0.0621990 0.0386839 0.0858232 0.1107225 0.1678179 0.0841877 0.1110301 0.0936252 0.0440469 0.1093709 0.0752864 0.0450774 0.0766079 0.0753194 0.1091920 0.0830753 0.0838474 0.1092732 0.0794324 0.0817623 0.0730865 0.0964049 0.0955953 0.0982540 0.0996005 0.0898142 0.0880125 0.0970077 0.1827745 0.0889066 0.1022435 0.1488016 0.0969084 0.1004707 0.1645939 0.0753768 0.1747452 0.0788400 0.1084914 0.0846210 0.1025374 0.0497327 0.1027844 0.1798784 0.0456993 0.0617701 0.0669316 0.1133285 0.0947418 0.0899977 0.1155278 0.0963675 0.1265884 0.1208505 0.1121935 0.1127014 0.0412482 0.1096323 0.0841304 0.0755185 0.0452155 0.0343346 0.0286228 0.0823393 0.0447391 0.0824910 0.0782021 0.0753699 0.1317252 0.0520721 0.0767889 0.1219300 0.0977761 0.0972078 0.0417573 0.0987846 0.0894221 0.0702935 0.0441911 0.1196292 0.0454081 0.1016645 0.0378888 0.0508775 0.0779940 0.0892503 0.0928386 0.0907601 0.0779945 0.1481952 0.0646596 0.0697370 0.0757372 0.0742567 
S0196sl       0.2091611 0.0692091 0.0000000 0.1186732 0.0402273 0.0749342 0.0790323 0.1081856 0.0669505 0.0905679 0.0883806 0.1089449 0.0899244 0.1150553 0.0952119 0.0788144 0.0841074 0.0952079 0.0661435 0.0850036 0.0831410 0.0717125 0.0755122 0.1033118 0.1249447 0.0876233 0.0178047 0.0986925 0.0671979 0.0804896 0.0788161 0.0845637 0.0877333 0.1324632 0.1033686 0.0779560 0.0678539 0.1249952 0.0629798 0.0762313 0.0753993 0.0676082 0.0293311 0.0798453 0.1531741 0.0798809 0.0815818 0.0831660 0.0749581 0.1038328 0.0177398 0.0641979 0.0187069 0.0157077 0.1039930 0.0282124 0.0643303 0.0723600 0.0650485 0.0667554 0.0583084 0.0811649 0.0939548 0.0916699 0.0962421 0.0758832 0.1133281 0.0513185 0.1681427 0.0768853 0.0834861 0.1347713 0.0972235 0.0916350 0.1476802 0.0157396 0.1647819 0.0771354 0.1008345 0.0877290 0.0866462 0.0877432 0.0977075 0.1606726 0.0702467 0.0937391 0.0581863 0.1006409 0.0771084 0.0708472 0.0895722 0.0767998 0.1197723 0.1047769 0.0828887 0.0841200 0.0654187 0.0808688 0.0770394 0.0660824 0.0685091 0.0576302 0.0738467 0.0763919 0.0754308 0.0728183 0.0723140 0.0763790 0.1155218 0.0858507 0.0177487 0.1258536 0.0523268 0.0850433 0.0673497 0.0513024 0.0850535 0.0704035 0.0752258 0.1095015 0.0813743 0.0757149 0.0643728 0.0617798 0.0721634 0.0895324 0.0760949 0.0815755 0.0654026 0.1352251 0.0399463 0.0656644 0.0800934 0.0646158 
S0278         0.2477389 0.1247190 0.1186732 0.0000000 0.1308207 0.1365101 0.1512296 0.0516150 0.1188036 0.1474679 0.1545621 0.0554416 0.1545402 0.1626318 0.0416015 0.1500211 0.0624153 0.1452459 0.1263976 0.1534051 0.1398648 0.1358604 0.1473179 0.0595269 0.1718788 0.0506512 0.1185660 0.1424900 0.0785591 0.1534424 0.0958903 0.1258368 0.1390346 0.1890155 0.0490746 0.1327501 0.1337519 0.0519762 0.0791369 0.1115623 0.1363459 0.1313841 0.1350755 0.1526613 0.2120975 0.1408900 0.1534371 0.1360884 0.1329831 0.1451721 0.1174555 0.1343721 0.1204462 0.1178758 0.1452217 0.1347432 0.0846653 0.1447053 0.0926257 0.0847198 0.1134037 0.1532700 0.1239992 0.1340387 0.1319124 0.1237692 0.1724447 0.1359943 0.2192689 0.1373311 0.1424656 0.1830084 0.1331382 0.1300192 0.2112517 0.1192993 0.2228181 0.0995558 0.1340990 0.1334156 0.1516296 0.1398226 0.1411840 0.2233180 0.1385891 0.1442418 0.1222839 0.0587043 0.1092842 0.1033080 0.1590171 0.0882812 0.0452665 0.1609125 0.1567145 0.1559889 0.1348295 0.1557267 0.1133946 0.1185933 0.1344996 0.1177949 0.1286912 0.1258947 0.1355796 0.0823775 0.1222667 0.1240441 0.0546478 0.1381699 0.1208394 0.0686540 0.1359439 0.1093661 0.1308315 0.1388925 0.1330589 0.1069437 0.1323002 0.0442072 0.1338303 0.0933187 0.1252911 0.1200475 0.1145239 0.1373724 0.1052115 0.1400507 0.1210017 0.1795056 0.1086802 0.1101686 0.1338137 0.1177976 
S0281         0.2060931 0.0955693 0.0402273 0.1308207 0.0000000 0.0962805 0.1052970 0.1208137 0.0793603 0.1058200 0.1187561 0.1246478 0.1111493 0.1282200 0.1054881 0.1113093 0.1018184 0.0996979 0.0978212 0.1139113 0.1180631 0.0951291 0.1027867 0.1237982 0.1335284 0.1035972 0.0418061 0.0994714 0.0757575 0.1113807 0.1028392 0.0954855 0.1033694 0.1541403 0.1247621 0.0995035 0.0925165 0.1301722 0.0869180 0.1116134 0.1005195 0.0930104 0.0521886 0.1129514 0.1631622 0.1055699 0.1144800 0.1073862 0.0920508 0.1209113 0.0409035 0.0951984 0.0438908 0.0417350 0.1208085 0.0528466 0.0882782 0.1164500 0.0929644 0.0873081 0.0799381 0.1024866 0.1041088 0.1099279 0.1060099 0.0968599 0.1387517 0.0530003 0.1702991 0.1021234 0.1103589 0.1462545 0.1012896 0.1059811 0.1592116 0.0417779 0.1712312 0.0901336 0.1132826 0.0936247 0.1154018 0.1061297 0.1131067 0.1633589 0.0966756 0.1094978 0.0831880 0.1115954 0.1094950 0.1035356 0.1086598 0.0961274 0.1245758 0.1318540 0.1156143 0.1143562 0.0900610 0.1138868 0.0973156 0.0795916 0.0993854 0.0812908 0.0917786 0.0938499 0.0975354 0.0905901 0.0811437 0.0838185 0.1404680 0.1033737 0.0416693 0.1285265 0.0530060 0.1117979 0.0901269 0.0554818 0.0941582 0.0790719 0.0948970 0.1248563 0.0991894 0.1095160 0.0909607 0.0850856 0.0944789 0.1041082 0.1119811 0.1010208 0.0821110 0.1475349 0.0592575 0.0766910 0.0982270 0.0773992 
S0282         0.2375357 0.0462421 0.0749342 0.1365101 0.0962805 0.0000000 0.1083113 0.1305795 0.0816773 0.0237214 0.0686475 0.1341746 0.1216864 0.1323237 0.1204622 0.1181424 0.1039937 0.1074721 0.1048917 0.1203430 0.1068534 0.0144551 0.0294602 0.1349286 0.1274052 0.1107234 0.0822296 0.0986886 0.1103461 0.1162897 0.1062109 0.1077960 0.0784678 0.1602852 0.1287716 0.0423521 0.0221704 0.1348324 0.0856037 0.1098516 0.0743354 0.0169869 0.0921859 0.1206489 0.1840726 0.0903856 0.1220371 0.1061289 0.0239203 0.1252027 0.0819983 0.0169322 0.0810483 0.0805799 0.1277872 0.0917165 0.0915641 0.1199485 0.0923972 0.0896354 0.0793693 0.1051740 0.1129917 0.1113973 0.1164685 0.1023704 0.0835068 0.1042452 0.2045409 0.0992625 0.1093973 0.1566416 0.1069212 0.1117020 0.1784097 0.0813688 0.1900301 0.0938150 0.1202458 0.0974213 0.1102100 0.0584558 0.1166002 0.1892168 0.0162958 0.0563600 0.0831002 0.1167497 0.1075810 0.1015935 0.1198390 0.0993381 0.1359642 0.1337048 0.1204025 0.1226913 0.0220547 0.1213277 0.1000298 0.0856005 0.0169850 0.0174761 0.0419677 0.0981111 0.0517479 0.0900008 0.0898468 0.0919382 0.1389461 0.0442465 0.0813373 0.1355523 0.1034223 0.1110297 0.0164482 0.1044548 0.1032296 0.0832042 0.0214017 0.1292281 0.0377111 0.1053804 0.0292016 0.0577792 0.0936865 0.1024935 0.1076153 0.0997382 0.0849552 0.1527159 0.0727804 0.0834199 0.0865073 0.0795443 
S0288         0.2367990 0.0973137 0.0790323 0.1512296 0.1052970 0.1083113 0.0000000 0.1435030 0.1005110 0.1171868 0.1280331 0.1469866 0.0104863 0.0636336 0.1320397 0.0097565 0.1125194 0.1253521 0.1208015 0.0076233 0.1230312 0.1037648 0.1099433 0.1395563 0.1641774 0.1210352 0.0845550 0.1358686 0.1131786 0.0027750 0.1058606 0.1273824 0.1196636 0.1069942 0.1447886 0.1026802 0.0997632 0.1410821 0.1036652 0.1130362 0.1141650 0.1007540 0.1023684 0.0090477 0.1591107 0.1215060 0.0076439 0.1115899 0.1025175 0.1363753 0.0872171 0.1038200 0.0861198 0.0836013 0.1431213 0.0992179 0.0998663 0.0670102 0.0991083 0.0949186 0.0991350 0.0290424 0.1273375 0.1383734 0.1363541 0.1219389 0.1424975 0.1139489 0.1781245 0.1049917 0.0654539 0.0913873 0.1305500 0.1262853 0.1519851 0.0864834 0.1602369 0.1091312 0.1401521 0.1157098 0.0679939 0.1136527 0.1256805 0.1678285 0.1048856 0.1145479 0.0917026 0.1219974 0.1097688 0.1049743 0.0097551 0.1069253 0.1449674 0.0794791 0.0055729 0.0062073 0.1009215 0.0748908 0.1101069 0.0981567 0.1026134 0.0899827 0.1004983 0.1131153 0.1079205 0.1025629 0.0963933 0.1012823 0.1524690 0.1078349 0.0863366 0.1375908 0.1137305 0.1117349 0.1026081 0.1148103 0.1069673 0.0989090 0.1008819 0.1475276 0.1058747 0.1219609 0.1019653 0.0940721 0.1098749 0.1214754 0.1080257 0.1231999 0.1048513 0.1593003 0.0937126 0.0973791 0.1172598 0.1032977 
S0289         0.2526438 0.1168485 0.1081856 0.0516150 0.1208137 0.1305795 0.1435030 0.0000000 0.1117616 0.1436046 0.1517830 0.0553460 0.1461061 0.1497534 0.0425684 0.1415352 0.0567823 0.1362090 0.1256051 0.1458715 0.1409570 0.1281608 0.1385601 0.0546889 0.1666937 0.0468263 0.1091186 0.1474281 0.0609912 0.1436268 0.0820392 0.1236568 0.1294684 0.1772347 0.0530004 0.1283730 0.1277894 0.0584709 0.0710373 0.1004589 0.1261555 0.1244994 0.1221484 0.1450510 0.1988375 0.1318547 0.1466745 0.1242589 0.1305221 0.1439072 0.1080697 0.1271840 0.1102714 0.1077067 0.1366013 0.1238091 0.0733019 0.1403715 0.0830413 0.0736495 0.1078364 0.1432910 0.1258462 0.1320452 0.1325602 0.1244924 0.1727146 0.1206323 0.2102694 0.1288719 0.1377248 0.1721593 0.1358572 0.1354389 0.1944274 0.1073690 0.2061761 0.0940200 0.1377418 0.1255829 0.1450812 0.1371773 0.1408600 0.2096610 0.1326482 0.1399920 0.1124696 0.0459416 0.0973502 0.0931471 0.1520958 0.0782179 0.0545425 0.1493215 0.1480550 0.1474090 0.1269135 0.1502211 0.1118242 0.1131146 0.1324300 0.1124827 0.1180060 0.1216443 0.1263620 0.0652586 0.1124941 0.1195835 0.0515863 0.1344200 0.1105944 0.0627366 0.1222843 0.0990714 0.1247449 0.1213940 0.1279870 0.1017025 0.1277698 0.0480792 0.1279017 0.0872376 0.1167644 0.1118304 0.1128557 0.1296444 0.0964645 0.1373167 0.1136625 0.1739902 0.1053231 0.1048139 0.1352993 0.1094814 
S0292         0.2070783 0.0715793 0.0669505 0.1188036 0.0793603 0.0816773 0.1005110 0.1117616 0.0000000 0.0863149 0.0945303 0.1163402 0.1082822 0.1180301 0.1079244 0.1029176 0.0966816 0.0834021 0.0707795 0.1034201 0.1029575 0.0787661 0.0903774 0.1237271 0.1299382 0.0985604 0.0677078 0.0915349 0.0932452 0.1010815 0.0971719 0.0716630 0.0826067 0.1398191 0.1203735 0.0784852 0.0796749 0.1225226 0.0776331 0.0950831 0.0756359 0.0748468 0.0742060 0.1045127 0.1621533 0.0879462 0.1065493 0.0863502 0.0799510 0.0874662 0.0660952 0.0805435 0.0681395 0.0654265 0.0875935 0.0730705 0.0817270 0.1016927 0.0822007 0.0810921 0.0553242 0.0946624 0.0762495 0.0822910 0.0793777 0.0671327 0.1171347 0.0866129 0.1789619 0.0841059 0.1019651 0.1423008 0.0756451 0.0785203 0.1618871 0.0654748 0.1710993 0.0837584 0.0844583 0.0684754 0.1047790 0.0826536 0.0445601 0.1754696 0.0810486 0.0936983 0.0569760 0.1059004 0.0951848 0.0894717 0.1079277 0.0902768 0.1211236 0.1182816 0.1066537 0.1071967 0.0776982 0.1037906 0.0639121 0.0190205 0.0790758 0.0643043 0.0713875 0.0341062 0.0783268 0.0780355 0.0195563 0.0176464 0.1227545 0.0811330 0.0661158 0.1278338 0.0873600 0.0984758 0.0783550 0.0883173 0.0339132 0.0447152 0.0800802 0.1117893 0.0803929 0.0987921 0.0759413 0.0666968 0.0589279 0.0742642 0.0973402 0.0718620 0.0595451 0.1387097 0.0562984 0.0407889 0.0819423 0.0559040 
S0293         0.2492197 0.0539414 0.0905679 0.1474679 0.1058200 0.0237214 0.1171868 0.1436046 0.0863149 0.0000000 0.0717108 0.1422164 0.1310043 0.1407579 0.1300880 0.1262951 0.1146662 0.1192520 0.1067053 0.1285596 0.1217314 0.0218718 0.0404962 0.1447246 0.1356880 0.1217319 0.0901023 0.1092776 0.1456881 0.1243809 0.1130865 0.1187531 0.0862922 0.1664544 0.1423875 0.0490486 0.0307061 0.1459925 0.0941941 0.1216202 0.0811958 0.0251976 0.1005400 0.1288955 0.1956167 0.0992508 0.1303669 0.1222406 0.0304502 0.1373921 0.0898418 0.0251153 0.0888350 0.0883711 0.1380484 0.1000122 0.1012504 0.1279189 0.1020334 0.0959866 0.0906008 0.1127959 0.1242335 0.1209920 0.1278973 0.1133169 0.0909170 0.1126948 0.2158647 0.1114800 0.1195894 0.1604830 0.1215194 0.1266671 0.1897890 0.0891962 0.2018827 0.0995665 0.1319306 0.1060904 0.1187984 0.0651926 0.1262223 0.2010543 0.0244378 0.0629636 0.0888159 0.1280011 0.1174930 0.1112140 0.1346703 0.1068076 0.1469805 0.1417415 0.1306570 0.1310342 0.0305409 0.1313608 0.1081044 0.0929174 0.0232224 0.0245867 0.0515639 0.1086213 0.0604112 0.0995698 0.0974125 0.0987356 0.1494695 0.0525065 0.0891606 0.1478306 0.1118384 0.1221415 0.0246737 0.1129286 0.1137346 0.0870347 0.0298472 0.1378926 0.0477154 0.1149143 0.0380128 0.0648033 0.1014907 0.1140962 0.1192919 0.1163132 0.0965240 0.1636716 0.0826525 0.0882526 0.0920290 0.0908078 
S0294         0.2477667 0.0629074 0.0883806 0.1545621 0.1187561 0.0686475 0.1280331 0.1517830 0.0945303 0.0717108 0.0000000 0.1573930 0.1381878 0.1456013 0.1414702 0.1426161 0.1276821 0.1224772 0.1088676 0.1413819 0.1202302 0.0659247 0.0717492 0.1594137 0.1403762 0.1298940 0.1017948 0.1134340 0.1161334 0.1393320 0.1301898 0.1219562 0.0921605 0.1690797 0.1589633 0.0707037 0.0608855 0.1568476 0.1092156 0.1279598 0.0914548 0.0613621 0.1086070 0.1425404 0.1955190 0.1047647 0.1430930 0.1170380 0.0619961 0.1430666 0.1023405 0.0674961 0.1029380 0.0992104 0.1390490 0.1072492 0.1123467 0.1325551 0.1083369 0.1128141 0.1014324 0.1259360 0.1292072 0.1339619 0.1307315 0.1187497 0.0717250 0.1177282 0.2070442 0.1151481 0.1230968 0.1718073 0.1302362 0.1324797 0.1914036 0.1017009 0.2020320 0.1026168 0.1418982 0.1171409 0.1268105 0.0842345 0.1294076 0.2045674 0.0651866 0.0789155 0.0971905 0.1434145 0.1262873 0.1207697 0.1375800 0.1255701 0.1570609 0.1455868 0.1444916 0.1429637 0.0634588 0.1365511 0.1125373 0.1020787 0.0654167 0.0549071 0.0649872 0.1158300 0.0739447 0.1119439 0.1050550 0.1043458 0.1664103 0.0702291 0.1015854 0.1544443 0.1176840 0.1272813 0.0654864 0.1187851 0.1164694 0.0949839 0.0628264 0.1502550 0.0640459 0.1230329 0.0602509 0.0799459 0.1091420 0.1203706 0.1319308 0.1249565 0.1057196 0.1668109 0.0940603 0.0955641 0.1036636 0.0972998 
S0299         0.2643223 0.1236532 0.1089449 0.0554416 0.1246478 0.1341746 0.1469866 0.0553460 0.1163402 0.1422164 0.1573930 0.0000000 0.1515284 0.1658815 0.0504208 0.1481664 0.0584299 0.1461556 0.1254795 0.1479620 0.1402718 0.1319116 0.1451804 0.0641394 0.1795438 0.0500345 0.1131960 0.1466068 0.0613966 0.1465971 0.0820746 0.1310674 0.1358022 0.1880318 0.0569349 0.1319186 0.1289585 0.0538084 0.0756248 0.1051778 0.1323939 0.1292295 0.1234208 0.1507853 0.2093862 0.1398168 0.1523910 0.1360798 0.1342961 0.1539699 0.1104567 0.1313016 0.1134609 0.1100907 0.1500832 0.1213215 0.0794850 0.1415805 0.0896193 0.0848803 0.1085463 0.1486481 0.1359345 0.1460279 0.1383284 0.1290390 0.1724812 0.1296147 0.2226324 0.1318855 0.1391590 0.1807089 0.1417806 0.1398724 0.2061919 0.1114502 0.2177507 0.0972242 0.1497330 0.1342128 0.1474280 0.1411334 0.1470881 0.2181919 0.1354895 0.1501304 0.1185842 0.0542269 0.1019549 0.0968893 0.1624637 0.0864566 0.0598873 0.1565875 0.1519256 0.1522079 0.1308925 0.1513276 0.1196395 0.1184483 0.1322369 0.1135142 0.1251517 0.1290664 0.1297662 0.0723758 0.1187129 0.1222527 0.0608372 0.1381808 0.1129609 0.0648208 0.1312793 0.1045270 0.1268491 0.1312173 0.1321433 0.1128775 0.1334470 0.0463307 0.1348244 0.0943312 0.1245257 0.1161483 0.1196317 0.1401901 0.1004914 0.1459139 0.1176542 0.1826785 0.1072518 0.1150264 0.1328044 0.1130569 
S0303         0.2469816 0.1118479 0.0899244 0.1545402 0.1111493 0.1216864 0.0104863 0.1461061 0.1082822 0.1310043 0.1381878 0.1515284 0.0000000 0.0698130 0.1376403 0.0139174 0.1155681 0.1329727 0.1310136 0.0125508 0.1318635 0.1184192 0.1209488 0.1433628 0.1809783 0.1252824 0.0951315 0.1457037 0.1097716 0.0120828 0.1165397 0.1363316 0.1336817 0.1117501 0.1451611 0.1146190 0.1107707 0.1481288 0.1085101 0.1202045 0.1272838 0.1145535 0.1111898 0.0132386 0.1813023 0.1364905 0.0132930 0.1299320 0.1172159 0.1449049 0.0967109 0.1153481 0.0965173 0.0940754 0.1525860 0.1081311 0.1095568 0.0689099 0.1044104 0.1068168 0.1059775 0.0375860 0.1355481 0.1470192 0.1426112 0.1309911 0.1542818 0.1233710 0.1997809 0.1241795 0.0690304 0.0956363 0.1445905 0.1401673 0.1745405 0.0960143 0.1838263 0.1076158 0.1546270 0.1305418 0.0722867 0.1284656 0.1362147 0.1873435 0.1174316 0.1310270 0.1010326 0.1299932 0.1132584 0.1077493 0.0185198 0.1135094 0.1503128 0.0838132 0.0134234 0.0146490 0.1118380 0.0789621 0.1212761 0.1079732 0.1152622 0.1032331 0.1139145 0.1217291 0.1186003 0.1102265 0.1013607 0.1099736 0.1515556 0.1233707 0.0967441 0.1515234 0.1240504 0.1148067 0.1139979 0.1251107 0.1154097 0.1073627 0.1136075 0.1519298 0.1213254 0.1301443 0.1186592 0.1065665 0.1207981 0.1280825 0.1146811 0.1321507 0.1122336 0.1674152 0.1034034 0.1058060 0.1284569 0.1110474 
S0308         0.2565665 0.1259112 0.1150553 0.1626318 0.1282200 0.1323237 0.0636336 0.1497534 0.1180301 0.1407579 0.1456013 0.1658815 0.0698130 0.0000000 0.1487743 0.0675541 0.1416059 0.1472624 0.1311524 0.0674392 0.1634978 0.1327319 0.1423292 0.1616045 0.1900372 0.1412034 0.1114846 0.1570664 0.1418601 0.0679058 0.1415650 0.1435859 0.1418049 0.1347929 0.1571170 0.1258478 0.1289211 0.1534111 0.1216223 0.1415498 0.1376517 0.1261393 0.1181595 0.0668071 0.1909912 0.1515730 0.0693235 0.1471332 0.1270554 0.1673958 0.1120828 0.1304656 0.1126749 0.1104274 0.1575275 0.1170030 0.1193927 0.0871445 0.1235979 0.1239534 0.1189135 0.0638621 0.1457670 0.1540879 0.1522997 0.1367202 0.1593352 0.1371373 0.2087899 0.1381014 0.0790893 0.1253341 0.1504344 0.1525030 0.1865776 0.1105567 0.1962287 0.1371438 0.1582696 0.1372696 0.0843690 0.1366769 0.1521080 0.2041375 0.1335229 0.1451381 0.1166433 0.1429644 0.1382304 0.1312057 0.0802508 0.1250693 0.1592593 0.0989004 0.0683622 0.0706505 0.1303199 0.0908350 0.1342582 0.1189247 0.1315184 0.1175189 0.1214375 0.1319340 0.1391733 0.1241103 0.1224397 0.1205770 0.1546949 0.1366726 0.1129512 0.1694372 0.1388270 0.1369369 0.1286182 0.1390983 0.1285656 0.1186799 0.1300452 0.1577875 0.1304227 0.1379850 0.1214357 0.1192836 0.1323430 0.1419301 0.1390469 0.1439941 0.1222519 0.1758961 0.1125262 0.1180916 0.1494973 0.1212453 
S0320         0.2473443 0.1124693 0.0952119 0.0416015 0.1054881 0.1204622 0.1320397 0.0425684 0.1079244 0.1300880 0.1414702 0.0504208 0.1376403 0.1487743 0.0000000 0.1333498 0.0521107 0.1307016 0.1118856 0.1381615 0.1260347 0.1189049 0.1315547 0.0521200 0.1592860 0.0356472 0.1029198 0.1281856 0.0614024 0.1326251 0.0760607 0.1180767 0.1235251 0.1721684 0.0471164 0.1217500 0.1192787 0.0577912 0.0594887 0.0937138 0.1174350 0.1141840 0.1179351 0.1360735 0.1928112 0.1243189 0.1368309 0.1281800 0.1173922 0.1350319 0.0999810 0.1130474 0.1014478 0.0996076 0.1321322 0.1174491 0.0670188 0.1294815 0.0747645 0.0672747 0.0908326 0.1368404 0.1202993 0.1232651 0.1254885 0.1150864 0.1565003 0.1208820 0.2080018 0.1239949 0.1290876 0.1737151 0.1291946 0.1269606 0.1907957 0.1010649 0.2017027 0.0859756 0.1331431 0.1243256 0.1379817 0.1256933 0.1368058 0.2012752 0.1218341 0.1304268 0.1063978 0.0499402 0.0931029 0.0875265 0.1474684 0.0733546 0.0461008 0.1387313 0.1394229 0.1372534 0.1200260 0.1436139 0.1044087 0.1116552 0.1193634 0.1007077 0.1133338 0.1178626 0.1215391 0.0629304 0.1127059 0.1155670 0.0468112 0.1232452 0.1027464 0.0638240 0.1208307 0.0950402 0.1129799 0.1228454 0.1279490 0.1030195 0.1180040 0.0470609 0.1174712 0.0742750 0.1077876 0.1036150 0.1027079 0.1260265 0.0895771 0.1320068 0.1002465 0.1716786 0.0944238 0.1003001 0.1202315 0.0937082 
S0322         0.2496050 0.1091712 0.0788144 0.1500211 0.1113093 0.1181424 0.0097565 0.1415352 0.1029176 0.1262951 0.1426161 0.1481664 0.0139174 0.0675541 0.1333498 0.0000000 0.1164017 0.1321503 0.1225319 0.0082916 0.1409831 0.1151869 0.1207985 0.1433768 0.1826525 0.1181725 0.0938123 0.1416711 0.1102163 0.0096692 0.1145890 0.1358843 0.1342766 0.1212918 0.1464817 0.1155702 0.1106629 0.1460540 0.1041284 0.1170495 0.1260901 0.1108087 0.1054468 0.0052864 0.1793779 0.1309311 0.0083257 0.1269037 0.1121346 0.1535257 0.0928577 0.1142039 0.0918608 0.0912734 0.1534309 0.1035164 0.1035527 0.0734142 0.0969084 0.1018961 0.1055089 0.0337903 0.1342787 0.1445034 0.1427116 0.1300925 0.1542983 0.1180610 0.1983687 0.1244036 0.0665834 0.1066777 0.1424027 0.1414690 0.1739229 0.0922264 0.1845870 0.1091126 0.1494072 0.1296045 0.0722352 0.1249519 0.1323349 0.1865124 0.1160106 0.1299159 0.1065500 0.1269619 0.1117245 0.1074513 0.0153513 0.1076581 0.1488686 0.0876756 0.0102338 0.0119630 0.1125554 0.0795972 0.1219498 0.1034598 0.1131819 0.0984394 0.1099182 0.1148862 0.1267622 0.1076401 0.1032240 0.1070134 0.1510579 0.1229832 0.0936764 0.1514232 0.1188638 0.1149475 0.1114793 0.1188064 0.1146876 0.1054728 0.1107881 0.1494393 0.1173863 0.1243618 0.1107540 0.1041525 0.1186640 0.1268168 0.1138040 0.1294177 0.1120836 0.1686766 0.0968428 0.1056419 0.1253710 0.1093130 
S0327         0.2385865 0.0967713 0.0841074 0.0624153 0.1018184 0.1039937 0.1125194 0.0567823 0.0966816 0.1146662 0.1276821 0.0584299 0.1155681 0.1416059 0.0521107 0.1164017 0.0000000 0.1240307 0.1141121 0.1186784 0.1183470 0.1034913 0.1147665 0.0580762 0.1629029 0.0360270 0.0867172 0.1199462 0.0375852 0.1165839 0.0579915 0.1167516 0.1130354 0.1613838 0.0627029 0.1044116 0.1030102 0.0636771 0.0492139 0.0726119 0.1087132 0.0993394 0.1004537 0.1188445 0.1729962 0.1162351 0.1202215 0.1186819 0.1048443 0.1332405 0.0880529 0.1020694 0.0893954 0.0846891 0.1284753 0.0993938 0.0521580 0.1136790 0.0578135 0.0531952 0.0888157 0.1161052 0.1190561 0.1216145 0.1213722 0.1110368 0.1430916 0.1059816 0.1972257 0.1150659 0.1095283 0.1479533 0.1216362 0.1192963 0.1665277 0.0858328 0.1774846 0.0687082 0.1312009 0.1117066 0.1177351 0.1196833 0.1229364 0.1828604 0.1032562 0.1225383 0.0988760 0.0424823 0.0714393 0.0668682 0.1297743 0.0564997 0.0623549 0.1200088 0.1213175 0.1200848 0.1017077 0.1221099 0.1053415 0.1006476 0.1020731 0.0902898 0.0998287 0.1104433 0.1110148 0.0501067 0.1017266 0.1045215 0.0672594 0.1092227 0.0873190 0.0621338 0.1075656 0.0728639 0.0994287 0.1086247 0.1134665 0.0951442 0.1042695 0.0512412 0.1061607 0.0633914 0.0998991 0.0901097 0.0995774 0.1214763 0.0678246 0.1255370 0.0944801 0.1578071 0.0842979 0.0945642 0.1083846 0.0897012 
S0335         0.2223340 0.0973997 0.0952079 0.1452459 0.0996979 0.1074721 0.1253521 0.1362090 0.0834021 0.1192520 0.1224772 0.1461556 0.1329727 0.1472624 0.1307016 0.1321503 0.1240307 0.0000000 0.0997392 0.1346738 0.1274690 0.1042488 0.1159519 0.1415424 0.1410735 0.1291108 0.0995712 0.1249780 0.1222119 0.1323259 0.1309239 0.0990534 0.1115289 0.1762421 0.1454664 0.1099706 0.1036517 0.1478432 0.1053292 0.1261010 0.1115868 0.0998648 0.1091322 0.1346562 0.1787482 0.1050569 0.1352893 0.1123364 0.1047550 0.1157510 0.1001694 0.1053025 0.1023413 0.0994593 0.1190905 0.1096441 0.1130684 0.1273320 0.1069295 0.1049941 0.0862383 0.1233646 0.1023398 0.1096046 0.1073747 0.0926028 0.1520048 0.1220828 0.1933287 0.1033234 0.1232263 0.1675291 0.0976877 0.1049397 0.1738540 0.0977557 0.1835565 0.1031025 0.1110181 0.0853115 0.1274587 0.1152088 0.1030462 0.1792570 0.1067333 0.1218522 0.0851047 0.1276419 0.1193449 0.1127233 0.1351949 0.1140916 0.1434799 0.1433306 0.1355423 0.1367818 0.1024329 0.1290417 0.0835060 0.0823241 0.1045631 0.0866346 0.0971388 0.0981961 0.1110520 0.1088789 0.0846681 0.0893609 0.1395202 0.1152784 0.1010041 0.1419982 0.1212231 0.1215854 0.1004078 0.1223347 0.0983777 0.0681168 0.1057899 0.1355932 0.1023687 0.1274988 0.0996516 0.0931055 0.0768858 0.0319451 0.1210439 0.0966488 0.0918839 0.1617927 0.0864976 0.0653319 0.1140391 0.0912874 
S0345         0.2482296 0.0822128 0.0661435 0.1263976 0.0978212 0.1048917 0.1208015 0.1256051 0.0707795 0.1067053 0.1088676 0.1254795 0.1310136 0.1311524 0.1118856 0.1225319 0.1141121 0.0997392 0.0000000 0.1241251 0.1216271 0.1003591 0.1156097 0.1403181 0.1290871 0.1109477 0.0886009 0.1232706 0.0977286 0.1184437 0.1105043 0.1100986 0.1159402 0.1584440 0.1292541 0.0996453 0.1048458 0.1350527 0.0965360 0.1093211 0.1027989 0.0986525 0.0957078 0.1275754 0.1766122 0.1117563 0.1229033 0.0998123 0.1046052 0.1129393 0.0903008 0.1074325 0.0901120 0.0889777 0.1051432 0.0921553 0.1024585 0.1227745 0.1019978 0.1035356 0.0805650 0.1192294 0.1044785 0.1082386 0.1157786 0.0938222 0.1286453 0.1130476 0.1856355 0.1010044 0.1238404 0.1445600 0.0991412 0.0964587 0.1663970 0.0906554 0.1783971 0.0926409 0.1148320 0.0801084 0.1241449 0.1090007 0.0995008 0.1858792 0.1036015 0.1070049 0.0760766 0.1144549 0.1057753 0.0991162 0.0988701 0.1174844 0.1371138 0.1293837 0.1253833 0.1316588 0.1034883 0.1268942 0.0459529 0.0771574 0.1010182 0.0848348 0.0809484 0.0893093 0.0951082 0.0970480 0.0777931 0.0782830 0.1444933 0.0860325 0.0921489 0.1217066 0.1126754 0.1068866 0.1052684 0.1114344 0.0901391 0.0591714 0.0966647 0.1223653 0.0948283 0.1218888 0.0946719 0.0922987 0.0323926 0.0869966 0.1074616 0.1061641 0.0853789 0.1681305 0.0776813 0.0579085 0.1033073 0.0818829 
S0355         0.2494044 0.1115170 0.0850036 0.1534051 0.1139113 0.1203430 0.0076233 0.1458715 0.1034201 0.1285596 0.1413819 0.1479620 0.0125508 0.0674392 0.1381615 0.0082916 0.1186784 0.1346738 0.1241251 0.0000000 0.1418904 0.1173865 0.1213665 0.1479770 0.1857141 0.1233948 0.0968304 0.1432615 0.1121466 0.0084348 0.1161039 0.1355316 0.1339998 0.1201486 0.1480826 0.1144143 0.1129245 0.1445627 0.1081366 0.1186046 0.1239359 0.1129960 0.1094728 0.0088892 0.1804425 0.1323635 0.0089213 0.1287495 0.1126810 0.1549455 0.0958655 0.1164003 0.0964584 0.0942712 0.1548155 0.1075172 0.1075030 0.0726648 0.0985283 0.1050594 0.1069936 0.0337563 0.1339306 0.1458868 0.1423373 0.1305936 0.1548256 0.1212462 0.1993647 0.1259365 0.0690000 0.1065645 0.1439936 0.1430575 0.1749862 0.0952347 0.1856668 0.1099702 0.1507948 0.1302571 0.0753231 0.1254283 0.1327980 0.1896885 0.1165550 0.1295788 0.1081007 0.1302437 0.1132626 0.1089773 0.0172311 0.1117052 0.1535491 0.0875891 0.0090032 0.0119513 0.1146594 0.0811327 0.1215447 0.1055656 0.1153854 0.0997262 0.1104772 0.1153730 0.1237959 0.1100107 0.1021418 0.1075101 0.1539006 0.1217784 0.0966895 0.1546503 0.1220525 0.1164919 0.1144900 0.1219941 0.1135430 0.1069577 0.1113372 0.1528096 0.1195859 0.1285244 0.1145822 0.1046550 0.1201950 0.1283613 0.1153516 0.1292308 0.1127609 0.1666019 0.0998733 0.1071290 0.1269145 0.1108123 
S0376         0.2504212 0.0984346 0.0831410 0.1398648 0.1180631 0.1068534 0.1230312 0.1409570 0.1029575 0.1217314 0.1202302 0.1402718 0.1318635 0.1634978 0.1260347 0.1409831 0.1183470 0.1274690 0.1216271 0.1418904 0.0000000 0.1055501 0.1117089 0.1386993 0.1303452 0.1206722 0.0987433 0.0624789 0.1071742 0.1371774 0.1324534 0.1208192 0.1050537 0.1827648 0.1260935 0.1066362 0.1001854 0.1440895 0.1079070 0.1223542 0.0999110 0.0990984 0.1102899 0.1418463 0.1888756 0.0996867 0.1432766 0.1285056 0.1057993 0.1218048 0.1002926 0.1047554 0.0999718 0.0963720 0.1410902 0.1105978 0.1124410 0.1319705 0.1023237 0.1066626 0.0942414 0.1373577 0.1210003 0.1265060 0.1318732 0.1160157 0.1412088 0.1169557 0.1992354 0.1142957 0.1237610 0.1853495 0.1263893 0.1208638 0.1851000 0.0976166 0.1967676 0.1094695 0.1372813 0.1246786 0.1336505 0.1094266 0.1373939 0.2011727 0.1034557 0.1186815 0.0988361 0.1345495 0.1201468 0.1135641 0.1427100 0.1177795 0.1429758 0.1576745 0.1453373 0.1427507 0.0989357 0.1372198 0.1151769 0.1049786 0.1031549 0.0923172 0.0984107 0.1191471 0.1001370 0.1113007 0.1078824 0.1101557 0.1507972 0.1128699 0.1003273 0.1493317 0.1158183 0.1215182 0.1018369 0.1209757 0.1144936 0.1008259 0.1024271 0.1306349 0.1114041 0.1250187 0.0964991 0.0975521 0.1125757 0.1282551 0.1187469 0.1173546 0.0913724 0.1535992 0.1004325 0.0974831 0.0529853 0.0963531 
S0400         0.2338077 0.0422807 0.0717125 0.1358604 0.0951291 0.0144551 0.1037648 0.1281608 0.0787661 0.0218718 0.0659247 0.1319116 0.1184192 0.1327319 0.1189049 0.1151869 0.1034913 0.1042488 0.1003591 0.1173865 0.1055501 0.0000000 0.0289100 0.1343328 0.1247037 0.1102284 0.0792199 0.0992200 0.1090501 0.1133088 0.1057437 0.1029904 0.0756996 0.1606671 0.1307798 0.0426004 0.0197070 0.1343290 0.0849778 0.1040696 0.0716844 0.0157990 0.0892751 0.1176850 0.1827812 0.0875605 0.1190575 0.1054470 0.0220430 0.1221372 0.0789972 0.0144864 0.0780596 0.0775853 0.1219081 0.0888207 0.0910808 0.1194276 0.0873526 0.0883562 0.0797649 0.1038855 0.1075864 0.1076170 0.1126561 0.1003831 0.0848313 0.1028796 0.2023601 0.0999273 0.1086279 0.1540012 0.1082094 0.1130276 0.1771078 0.0783678 0.1887348 0.0885901 0.1158192 0.0937036 0.1094819 0.0550639 0.1101570 0.1879193 0.0126298 0.0549672 0.0818476 0.1154031 0.1018206 0.0968929 0.1165801 0.0988529 0.1353096 0.1310801 0.1192563 0.1197134 0.0196040 0.1208126 0.0962906 0.0826648 0.0132993 0.0149791 0.0400653 0.0960756 0.0505347 0.0886954 0.0869006 0.0889661 0.1370169 0.0449410 0.0783376 0.1337729 0.1020576 0.1052197 0.0133427 0.1030864 0.1001921 0.0796254 0.0195344 0.1265916 0.0364964 0.1049025 0.0286392 0.0552749 0.0899831 0.1001356 0.1024785 0.1017312 0.0853805 0.1501488 0.0715466 0.0790741 0.0852602 0.0799415 
S0405         0.2423139 0.0531250 0.0755122 0.1473179 0.1027867 0.0294602 0.1099433 0.1385601 0.0903774 0.0404962 0.0717492 0.1451804 0.1209488 0.1423292 0.1315547 0.1207985 0.1147665 0.1159519 0.1156097 0.1213665 0.1117089 0.0289100 0.0000000 0.1418948 0.1358738 0.1198222 0.0896640 0.1063806 0.1043966 0.1189520 0.1162027 0.1140938 0.0878816 0.1745249 0.1394148 0.0506837 0.0210059 0.1452301 0.0937064 0.1136146 0.0821203 0.0254512 0.0999595 0.1224693 0.1876892 0.0994226 0.1247733 0.1150786 0.0307040 0.1319993 0.0894079 0.0308212 0.0884151 0.0879557 0.1327976 0.0994414 0.0998839 0.1258626 0.0939791 0.0964079 0.0881640 0.1134683 0.1178310 0.1184442 0.1229966 0.1120906 0.0913700 0.1091169 0.2132819 0.1096314 0.1171964 0.1614876 0.1202652 0.1253172 0.1851655 0.0887702 0.1949058 0.0979508 0.1323340 0.1083672 0.1167271 0.0672093 0.1245705 0.1960851 0.0295535 0.0627553 0.0889984 0.1229521 0.1101757 0.1049631 0.1157790 0.1046202 0.1487191 0.1401352 0.1230560 0.1254355 0.0196482 0.1271516 0.1065031 0.0911429 0.0310025 0.0182725 0.0486515 0.1074498 0.0572322 0.0950490 0.0952901 0.1008356 0.1486017 0.0523457 0.0894813 0.1457650 0.1093681 0.1145760 0.0303713 0.1095458 0.1076449 0.0894803 0.0294538 0.1379881 0.0456212 0.1133345 0.0368234 0.0652360 0.1032681 0.1108392 0.1165351 0.1118780 0.0939044 0.1556681 0.0831037 0.0890230 0.0912679 0.0901253 
S0407sl       0.2680796 0.1187184 0.1033118 0.0595269 0.1237982 0.1349286 0.1395563 0.0546889 0.1237271 0.1447246 0.1594137 0.0641394 0.1433628 0.1616045 0.0521200 0.1433768 0.0580762 0.1415424 0.1403181 0.1479770 0.1386993 0.1343328 0.1418948 0.0000000 0.1890813 0.0502531 0.1145135 0.1428925 0.0614672 0.1453208 0.0806615 0.1323942 0.1384588 0.1915671 0.0553973 0.1363872 0.1306569 0.0587747 0.0775717 0.1074489 0.1293209 0.1263742 0.1312213 0.1470448 0.2156070 0.1473314 0.1479839 0.1314399 0.1347947 0.1475723 0.1124532 0.1308070 0.1129680 0.1120533 0.1486824 0.1288051 0.0807924 0.1366022 0.0889095 0.0824138 0.1168202 0.1451623 0.1317705 0.1419810 0.1371418 0.1305644 0.1820040 0.1414125 0.2336870 0.1289344 0.1340743 0.1754925 0.1456064 0.1423469 0.2118114 0.1135251 0.2256512 0.0885257 0.1541622 0.1325856 0.1414419 0.1419808 0.1544072 0.2221301 0.1362471 0.1491268 0.1138271 0.0535363 0.1037053 0.0976680 0.1554579 0.0855136 0.0606339 0.1473979 0.1514026 0.1516582 0.1301347 0.1489447 0.1215066 0.1252292 0.1350663 0.1138723 0.1252048 0.1336277 0.1342459 0.0812436 0.1262923 0.1309159 0.0600973 0.1381907 0.1133865 0.0584973 0.1432338 0.1040205 0.1275340 0.1419964 0.1387096 0.1068714 0.1340889 0.0518770 0.1346834 0.0932344 0.1253355 0.1179300 0.1224686 0.1392390 0.0980280 0.1388966 0.1212916 0.1863297 0.1072771 0.1090848 0.1323823 0.1204428 
S0412sl       0.2722121 0.1200815 0.1249447 0.1718788 0.1335284 0.1274052 0.1641774 0.1666937 0.1299382 0.1356880 0.1403762 0.1795438 0.1809783 0.1900372 0.1592860 0.1826525 0.1629029 0.1410735 0.1290871 0.1857141 0.1303452 0.1247037 0.1358738 0.1890813 0.0000000 0.1650572 0.1378453 0.1450594 0.1393557 0.1809888 0.1696268 0.1523862 0.1202801 0.2150481 0.1740625 0.1369632 0.1249235 0.1832927 0.1436004 0.1609993 0.1126230 0.1189141 0.1459377 0.1856868 0.2184580 0.0835101 0.1855800 0.1607496 0.1225617 0.1735970 0.1425007 0.1214414 0.1420432 0.1394282 0.1762380 0.1476889 0.1508931 0.1841654 0.1356974 0.1474679 0.1240109 0.1672741 0.1527423 0.1536047 0.1629257 0.1490000 0.1509211 0.1528419 0.2259537 0.1532546 0.1772336 0.2204680 0.1541047 0.1519860 0.2165431 0.1417477 0.2267849 0.1425887 0.1701803 0.1430559 0.1844258 0.1265004 0.1577861 0.2311505 0.1279271 0.1361299 0.1295572 0.1852106 0.1590660 0.1501626 0.1711340 0.1533152 0.1750657 0.1800127 0.1875137 0.1848987 0.1204283 0.1851189 0.1469693 0.1304059 0.1278016 0.0972352 0.1204340 0.1460110 0.1295319 0.1439939 0.1358793 0.1352473 0.1798973 0.1303437 0.1415574 0.1919474 0.1507738 0.1590789 0.1241824 0.1508859 0.1500395 0.1326804 0.1249607 0.1657936 0.1255162 0.1652213 0.1165521 0.1135600 0.1402041 0.1482087 0.1618520 0.1470010 0.1268074 0.1989676 0.1339672 0.1243455 0.1267657 0.1288598 
S0417         0.2525717 0.1015166 0.0876233 0.0506512 0.1035972 0.1107234 0.1210352 0.0468263 0.0985604 0.1217319 0.1298940 0.0500345 0.1252824 0.1412034 0.0356472 0.1181725 0.0360270 0.1291108 0.1109477 0.1233948 0.1206722 0.1102284 0.1198222 0.0502531 0.1650572 0.0000000 0.0935207 0.1246276 0.0485685 0.1210809 0.0629206 0.1179214 0.1177378 0.1598808 0.0494663 0.1112551 0.1081226 0.0543706 0.0549922 0.0807179 0.1152654 0.1060097 0.1083629 0.1215337 0.1845780 0.1212883 0.1230237 0.1210302 0.1108136 0.1375645 0.0917778 0.1079750 0.0938543 0.0914749 0.1314489 0.1072018 0.0586416 0.1163082 0.0657519 0.0601434 0.0895639 0.1204505 0.1207578 0.1197633 0.1264106 0.1150970 0.1518413 0.1100222 0.1984289 0.1163587 0.1112089 0.1589909 0.1273449 0.1258029 0.1801488 0.0927089 0.1924465 0.0763081 0.1316582 0.1142186 0.1186088 0.1188569 0.1267426 0.1932380 0.1119052 0.1287555 0.0995419 0.0354434 0.0785776 0.0746366 0.1297350 0.0631510 0.0485364 0.1283091 0.1261233 0.1248354 0.1073629 0.1256507 0.1048435 0.1016933 0.1116172 0.0944600 0.1057985 0.1070686 0.1111038 0.0551888 0.1035059 0.1071268 0.0538349 0.1177779 0.0941765 0.0575848 0.1099801 0.0801866 0.1053276 0.1115703 0.1152433 0.0934773 0.1101571 0.0433450 0.1060497 0.0685180 0.1022971 0.0985358 0.1001744 0.1215241 0.0763893 0.1263627 0.0973447 0.1600850 0.0853006 0.0937178 0.1119647 0.0904047 
S0419         0.2143559 0.0769424 0.0178047 0.1185660 0.0418061 0.0822296 0.0845550 0.1091186 0.0677078 0.0901023 0.1017948 0.1131960 0.0951315 0.1114846 0.1029198 0.0938123 0.0867172 0.0995712 0.0886009 0.0968304 0.0987433 0.0792199 0.0896640 0.1145135 0.1378453 0.0935207 0.0000000 0.0938343 0.0666895 0.0928499 0.0909419 0.0884051 0.0856790 0.1405231 0.1142727 0.0832714 0.0803679 0.1175354 0.0711426 0.0930341 0.0859381 0.0753328 0.0294803 0.0961211 0.1561666 0.0910991 0.0964878 0.0951677 0.0799725 0.1048226 0.0071444 0.0786996 0.0089368 0.0059528 0.1053845 0.0274663 0.0729826 0.0924657 0.0748353 0.0734029 0.0656554 0.0871607 0.0917139 0.0961474 0.0966568 0.0822034 0.1278595 0.0429210 0.1656416 0.0844226 0.0885998 0.1291086 0.0947981 0.0918474 0.1539770 0.0065536 0.1660273 0.0747745 0.1012371 0.0866282 0.0935719 0.0892836 0.1008084 0.1662888 0.0824106 0.0993047 0.0610694 0.0979999 0.0905487 0.0856864 0.0996176 0.0818170 0.1200770 0.1121089 0.0965187 0.0971330 0.0784024 0.0956136 0.0822601 0.0686627 0.0820274 0.0649462 0.0770206 0.0812792 0.0855215 0.0787554 0.0727257 0.0736973 0.1249254 0.0875676 0.0065466 0.1209904 0.0435888 0.0912013 0.0752053 0.0443539 0.0839559 0.0668916 0.0808091 0.1097298 0.0853007 0.0909598 0.0762129 0.0695389 0.0744312 0.0917820 0.0916591 0.0890221 0.0677865 0.1401351 0.0463438 0.0655087 0.0813665 0.0657188 
S0427         0.2377040 0.0873616 0.0986925 0.1424900 0.0994714 0.0986886 0.1358686 0.1474281 0.0915349 0.1092776 0.1134340 0.1466068 0.1457037 0.1570664 0.1281856 0.1416711 0.1199462 0.1249780 0.1232706 0.1432615 0.0624789 0.0992200 0.1063806 0.1428925 0.1450594 0.1246276 0.0938343 0.0000000 0.1220762 0.1383840 0.1256409 0.1151631 0.0982393 0.1758220 0.1440599 0.1008444 0.0953837 0.1379058 0.1036802 0.1301534 0.0921513 0.0903611 0.1068004 0.1415632 0.1863157 0.1081432 0.1427104 0.1274050 0.0937112 0.1304757 0.0949445 0.0995001 0.0989850 0.0943998 0.1363833 0.1071195 0.1070493 0.1268544 0.1156404 0.1101295 0.0881307 0.1325036 0.1167903 0.1182257 0.1195868 0.1065009 0.1349226 0.1059198 0.1967349 0.1161861 0.1294992 0.1779622 0.1188157 0.1173834 0.1847991 0.0945508 0.1950640 0.1148164 0.1272249 0.1175422 0.1298341 0.0940061 0.1230117 0.1975967 0.1008340 0.1130245 0.0972841 0.1357640 0.1318004 0.1262320 0.1379668 0.1211197 0.1431094 0.1471350 0.1434889 0.1420145 0.0949165 0.1323972 0.1084657 0.0982082 0.1003495 0.0796320 0.0853097 0.1067438 0.0972548 0.1116561 0.1033619 0.1028471 0.1601525 0.1007664 0.0960496 0.1579308 0.1074990 0.1298593 0.0967678 0.1085547 0.1097812 0.0964770 0.0941219 0.1360820 0.0984673 0.1263482 0.0931735 0.0892971 0.1080239 0.1221909 0.1279176 0.1096820 0.0896794 0.1645490 0.0919532 0.0958478 0.0360776 0.0873021 
S0428sl       0.2225683 0.1000950 0.0671979 0.0785591 0.0757575 0.1103461 0.1131786 0.0609912 0.0932452 0.1456881 0.1161334 0.0613966 0.1097716 0.1418601 0.0614024 0.1102163 0.0375852 0.1222119 0.0977286 0.1121466 0.1071742 0.1090501 0.1043966 0.0614672 0.1393557 0.0485685 0.0666895 0.1220762 0.0000000 0.1083835 0.0483855 0.1008632 0.1238781 0.1567758 0.0673210 0.1000146 0.0951582 0.0717537 0.0462006 0.0640182 0.0826171 0.1015688 0.0849075 0.1098623 0.1379373 0.0868227 0.1125728 0.0956269 0.1040213 0.1102168 0.0701945 0.1003280 0.0738743 0.0640542 0.1196844 0.0824503 0.0464023 0.1097536 0.0540954 0.0481031 0.0796505 0.1170618 0.1115272 0.1252503 0.1071784 0.1015450 0.1361699 0.0911814 0.1652480 0.0922975 0.1138898 0.1451229 0.1245001 0.1195559 0.1338711 0.0704597 0.1487834 0.0622765 0.1303023 0.1035607 0.1088629 0.1193205 0.1270839 0.1362644 0.1046303 0.1179152 0.0885584 0.0524987 0.0659714 0.0604177 0.1092349 0.0557744 0.0761688 0.1414622 0.1131704 0.1081432 0.0937287 0.1078642 0.1017909 0.0858189 0.1091447 0.0874228 0.1062221 0.1013743 0.1001260 0.0468251 0.1012181 0.0908205 0.0843372 0.1079057 0.0682657 0.0506029 0.0927908 0.0720305 0.1000038 0.0931036 0.0889078 0.0967214 0.0999343 0.0722698 0.1004180 0.0557044 0.0912870 0.0805158 0.1090131 0.1154379 0.0586782 0.1142927 0.0914796 0.1523287 0.0735868 0.0867368 0.1127337 0.0774935 
