133
PAFTOL_019361 0.0000000 0.1908620 0.1695096 0.2180537 0.2086595 0.1920051 0.2250222 0.2013013 0.1888804 0.2073018 0.2036261 0.2179028 0.2164472 0.2175928 0.2075907 0.2175726 0.2170269 0.2026017 0.2075922 0.2196482 0.1646854 0.1977624 0.1968369 0.2125614 0.2144933 0.2035165 0.1800452 0.1982409 0.2137473 0.2084844 0.1935678 0.1889251 0.2032649 0.2029493 0.2021519 0.1988183 0.2154395 0.2238301 0.1498691 0.1957742 0.1925273 0.1980544 0.1897893 0.2187402 0.2388880 0.2079345 0.2179962 0.2190252 0.1906508 0.1935083 0.1821233 0.2033280 0.1834104 0.1885661 0.2062015 0.1915009 0.1774058 0.2249942 0.1873238 0.1560609 0.1926568 0.2081612 0.2003081 0.1994443 0.1970731 0.1962234 0.2210644 0.1945458 0.2151630 0.2026427 0.1792770 0.2208454 0.2034830 0.2201802 0.2079661 0.1846816 0.2354465 0.1791979 0.2025527 0.2148118 0.1895435 0.2100363 0.2102122 0.2408862 0.1932009 0.2051854 0.1916527 0.1978213 0.1928784 0.1980681 0.1899041 0.1926460 0.2068872 0.1964999 0.2174793 0.2127290 0.1930071 0.2202661 0.2077924 0.1887827 0.2010053 0.1924129 0.2062354 0.2112654 0.2057415 0.2017660 0.1895597 0.1898592 0.2190920 0.2081099 0.1854201 0.2192315 0.1934037 0.2016523 0.1963761 0.2065047 0.1693551 0.1966809 0.2088577 0.2023034 0.1668787 0.2044898 0.1984829 0.2156598 0.1865960 0.1947228 0.1876305 0.1914200 0.2166233 0.1834498 0.1984103 0.1961505 0.1927631 
S0055         0.1908620 0.0000000 0.0812549 0.1004910 0.1156631 0.0395547 0.1015262 0.0903080 0.0673781 0.0603928 0.0591533 0.0984617 0.0970927 0.0984881 0.0900510 0.0972733 0.0924145 0.0900268 0.0794125 0.0982310 0.0582706 0.0446892 0.0477250 0.0942766 0.0625989 0.0860262 0.0663901 0.0659791 0.0861585 0.0957234 0.0821783 0.0809841 0.0576393 0.0969735 0.0918733 0.0546182 0.0475570 0.1005613 0.0638788 0.0934242 0.0488729 0.0492804 0.0913287 0.0974081 0.1509576 0.0562988 0.1011795 0.0973021 0.0419883 0.0834106 0.0676570 0.0453803 0.0657907 0.0707953 0.0827305 0.0904659 0.0709108 0.1097797 0.0840943 0.0632616 0.0535327 0.0831418 0.0816767 0.0858495 0.0784680 0.0791389 0.0751239 0.0931352 0.1354133 0.0869456 0.1096242 0.1001384 0.0827442 0.0867860 0.1201150 0.0676920 0.1430736 0.0734777 0.0910133 0.0953148 0.0925097 0.0548376 0.0809977 0.1410660 0.0406874 0.0608505 0.0693337 0.0854400 0.0812564 0.0812922 0.0944903 0.0796027 0.0933865 0.0969285 0.1028725 0.0944433 0.0430603 0.1035746 0.0888721 0.0721665 0.0414782 0.0368045 0.0211317 0.0857508 0.0461108 0.0835405 0.0726103 0.0720365 0.1072047 0.0596476 0.0681093 0.0975305 0.0900906 0.0841409 0.0409841 0.0776683 0.0501681 0.0484431 0.0965141 0.0466120 0.0700166 0.0339981 0.0494915 0.0863234 0.0802694 0.0922843 0.0676216 0.0553431 0.1069087 0.0679126 0.0773916 0.0601948 0.0623091 
S0196sl       0.1695096 0.0812549 0.0000000 0.0971225 0.0836782 0.0823089 0.0837918 0.0891671 0.0704528 0.0876562 0.1045582 0.0987876 0.0859363 0.0925923 0.0936963 0.0919007 0.0957161 0.0861238 0.0763429 0.0892974 0.0908234 0.0843666 0.0901383 0.0936074 0.0958362 0.0874449 0.0165088 0.0913350 0.0798825 0.0848221 0.0706787 0.0805762 0.1017066 0.1075659 0.0857467 0.1087061 0.0926943 0.1087083 0.0763846 0.0923402 0.0798758 0.0869958 0.0487251 0.0891406 0.1586267 0.0865328 0.0913226 0.0752049 0.0942144 0.0869274 0.0188436 0.0924155 0.0181178 0.0212373 0.0933483 0.0485601 0.0737547 0.1200545 0.0870694 0.0693875 0.0585878 0.0806899 0.0806193 0.0892685 0.0777753 0.0759829 0.0943854 0.0591480 0.1363523 0.0965588 0.1227265 0.1131222 0.0828371 0.0925998 0.1287417 0.0157324 0.1570102 0.0664648 0.0975600 0.1018622 0.0966993 0.1020814 0.0839641 0.1568995 0.0844034 0.1021959 0.0724155 0.0844275 0.0900685 0.0873117 0.0877149 0.0858922 0.0980780 0.0980885 0.0904653 0.0893110 0.0853972 0.1135449 0.0848332 0.0773821 0.0902477 0.0781430 0.0843639 0.0944253 0.0949099 0.0900016 0.0811980 0.0761694 0.0957587 0.0990759 0.0187944 0.0987849 0.0554182 0.0895087 0.0851553 0.0750197 0.0614514 0.0943201 0.0979997 0.0922817 0.0764217 0.0901313 0.0790282 0.0830535 0.0824408 0.0967679 0.0733025 0.0594926 0.1165618 0.0481392 0.0834803 0.0870493 0.0681542 
S0278         0.2180537 0.1004910 0.0971225 0.0000000 0.1404636 0.1087528 0.1181298 0.0517053 0.0961444 0.1303976 0.1287171 0.0561294 0.1146275 0.1199203 0.0489427 0.1128498 0.0501516 0.1139518 0.1019446 0.1124681 0.1079963 0.1117931 0.1153356 0.0546694 0.1249280 0.0470890 0.0953114 0.1196288 0.0517197 0.1098373 0.0658378 0.1091161 0.1136869 0.1145867 0.0431406 0.1304309 0.1157405 0.0509291 0.0664557 0.0887683 0.1107142 0.1089823 0.1260106 0.1115972 0.1615136 0.1186573 0.1132538 0.1104832 0.1081618 0.1134168 0.0953976 0.1135184 0.0961175 0.0954114 0.1192015 0.1258512 0.0656453 0.1372793 0.0796781 0.0575401 0.0895614 0.1047453 0.1085890 0.1147142 0.1064214 0.1053395 0.1487209 0.1222500 0.1462510 0.1104833 0.1269031 0.1250172 0.1068034 0.1145738 0.1345860 0.0948314 0.1597530 0.0747049 0.1180961 0.1256452 0.1118900 0.1196842 0.1121974 0.1580940 0.1088267 0.1332211 0.0993611 0.0448148 0.0751560 0.0782116 0.1118311 0.0763763 0.0414834 0.1064457 0.1183048 0.1107472 0.1124963 0.1280084 0.1208425 0.1006349 0.1113667 0.1059979 0.1030724 0.1201686 0.1157586 0.0804600 0.0977815 0.1016951 0.0575183 0.1308210 0.0983202 0.0520489 0.1192936 0.0779705 0.1078727 0.1035566 0.0834119 0.1151587 0.0497765 0.1159054 0.0630037 0.1056273 0.1129771 0.1081519 0.1097852 0.0889886 0.0956579 0.0902475 0.1403636 0.0952005 0.1022708 0.1170361 0.0944278 
S0281         0.2086595 0.1156631 0.0836782 0.1404636 0.0000000 0.1250336 0.1251079 0.1263773 0.1084110 0.1523416 0.1463433 0.1398608 0.1219260 0.1303029 0.1295925 0.1215572 0.1307069 0.1143028 0.1026843 0.1206155 0.1202232 0.1333390 0.1307364 0.1318611 0.1320150 0.1311201 0.0642513 0.1300138 0.1290277 0.1173025 0.1178046 0.1173724 0.1307970 0.1309636 0.1320423 0.1436433 0.1390906 0.1379364 0.1024973 0.1358483 0.1253267 0.1291550 0.0666385 0.1210507 0.1914659 0.1306968 0.1255964 0.1353232 0.1279698 0.1195902 0.0680286 0.1339247 0.0674730 0.0681675 0.1246878 0.0628170 0.1175242 0.1485694 0.1312499 0.1051893 0.0968507 0.1153192 0.1186930 0.1231618 0.1113238 0.1148943 0.1596382 0.0950549 0.1712974 0.1265545 0.1348186 0.1390366 0.1191662 0.1253997 0.1555375 0.0680500 0.1929039 0.1126840 0.1319527 0.1315279 0.1131421 0.1396715 0.1167427 0.1900020 0.1279661 0.1490732 0.1114256 0.1252581 0.1285542 0.1293312 0.1186705 0.1264756 0.1297244 0.1264003 0.1284738 0.1225652 0.1280971 0.1374240 0.1165296 0.1051364 0.1286927 0.1206041 0.1179837 0.1259596 0.1309139 0.1326090 0.1163151 0.1104487 0.1365991 0.1489569 0.0690883 0.1360762 0.0919707 0.1304687 0.1261118 0.1211842 0.0913597 0.1333308 0.1332063 0.1286940 0.1092698 0.1277161 0.1290772 0.1094847 0.1140082 0.1394273 0.1091412 0.0944776 0.1432642 0.0959057 0.1162116 0.1274552 0.1107731 
S0282         0.1920051 0.0395547 0.0823089 0.1087528 0.1250336 0.0000000 0.1068917 0.0969500 0.0734948 0.0291985 0.0505589 0.1084273 0.1043857 0.1102068 0.1039640 0.1094616 0.1000853 0.0949482 0.0849004 0.1084409 0.0638786 0.0118194 0.0205371 0.1014917 0.0738694 0.0910812 0.0716777 0.0750594 0.0922004 0.1053000 0.0826693 0.0869859 0.0697545 0.1094017 0.1002247 0.0423775 0.0201752 0.1080503 0.0703222 0.0970686 0.0536317 0.0193251 0.0979566 0.1082563 0.1576634 0.0671768 0.1091719 0.0994717 0.0299797 0.0900555 0.0717396 0.0138680 0.0706018 0.0760261 0.0902282 0.0984738 0.0769459 0.1251894 0.0854094 0.0739179 0.0617871 0.0950562 0.0877455 0.0910929 0.0857454 0.0849521 0.0620339 0.1009357 0.1390419 0.0905938 0.1223415 0.1180001 0.0894272 0.0942131 0.1286673 0.0711944 0.1523281 0.0797533 0.1020749 0.1026401 0.0999992 0.0504725 0.0928342 0.1556491 0.0088215 0.0482890 0.0750860 0.0894199 0.0825629 0.0838223 0.1032655 0.0879021 0.1028839 0.1045029 0.1100010 0.1026789 0.0174080 0.1226493 0.0986970 0.0780844 0.0128739 0.0145511 0.0438159 0.0947857 0.0403091 0.0899604 0.0805130 0.0796940 0.1110808 0.0436233 0.0727733 0.1056886 0.0986151 0.0879186 0.0083767 0.0860980 0.0577990 0.0348208 0.1085893 0.0342620 0.0763680 0.0321032 0.0553202 0.0938588 0.0906817 0.0960174 0.0766042 0.0629736 0.1163607 0.0712303 0.0868848 0.0698479 0.0706970 
S0288         0.2250222 0.1015262 0.0837918 0.1181298 0.1251079 0.1068917 0.0000000 0.1094605 0.0934423 0.1098767 0.1256524 0.1213036 0.0182711 0.0661340 0.1183548 0.0301750 0.1111276 0.1107640 0.0972082 0.0286050 0.1205076 0.1147370 0.1141991 0.1134145 0.1249006 0.1052075 0.0850400 0.1274429 0.0940885 0.0160756 0.0986329 0.1080509 0.1245565 0.0735732 0.1104690 0.1278961 0.1106407 0.1300643 0.0923251 0.1253050 0.1111551 0.1105042 0.1130913 0.0274186 0.1782765 0.1199524 0.0203821 0.1051183 0.1126356 0.1093096 0.0870583 0.1158954 0.0864887 0.0882723 0.1138265 0.1131165 0.1028226 0.0834944 0.1184885 0.0892558 0.0856089 0.0436907 0.1041445 0.1141294 0.1046653 0.1021148 0.1293613 0.1113814 0.1630664 0.1113702 0.0866008 0.0862997 0.1060593 0.1127727 0.1483504 0.0863276 0.1751546 0.0912340 0.1165539 0.1176366 0.0712778 0.1217798 0.1063694 0.1731494 0.1109969 0.1365288 0.0898837 0.1072051 0.1120537 0.1161983 0.0219356 0.1101963 0.1181267 0.0712095 0.0175224 0.0166092 0.1111824 0.0809548 0.1143209 0.0983740 0.1116127 0.1065185 0.1068664 0.1098587 0.1223592 0.1083968 0.1039237 0.1002585 0.1239885 0.1305707 0.0887830 0.1094151 0.1077491 0.1168299 0.1098760 0.1074383 0.0782832 0.1166832 0.1198544 0.1170421 0.0952841 0.1053347 0.1139092 0.1060212 0.1088322 0.1240574 0.0959526 0.0876274 0.1318167 0.0893026 0.0958362 0.1204607 0.0924679 
S0289         0.2013013 0.0903080 0.0891671 0.0517053 0.1263773 0.0969500 0.1094605 0.0000000 0.0899127 0.1192330 0.1125645 0.0516553 0.1023736 0.1059580 0.0501742 0.1054239 0.0436956 0.0990950 0.0864145 0.1030967 0.0977681 0.0954148 0.1014082 0.0489023 0.1152449 0.0383828 0.0841009 0.1071158 0.0407322 0.1011510 0.0602890 0.0963125 0.1081619 0.1029954 0.0430906 0.1121526 0.1050373 0.0525406 0.0549665 0.0824580 0.0979488 0.0987490 0.1130107 0.1041692 0.1561848 0.1055478 0.1031175 0.1003346 0.0941700 0.1013115 0.0848069 0.1048461 0.0841800 0.0893495 0.1035174 0.1101901 0.0570240 0.1248514 0.0721515 0.0504917 0.0791041 0.0908695 0.0963312 0.1010677 0.0936571 0.0934971 0.1349747 0.1142291 0.1453488 0.0985186 0.1131250 0.1192119 0.0999652 0.1049979 0.1340264 0.0842391 0.1543991 0.0744589 0.1034627 0.1090650 0.1006042 0.1080825 0.1036862 0.1563893 0.0982978 0.1179976 0.0832268 0.0351029 0.0671809 0.0696012 0.0998251 0.0684940 0.0459225 0.1005555 0.1077465 0.0985280 0.0985617 0.1201146 0.1047941 0.0913126 0.0994760 0.0932426 0.0910684 0.1072426 0.1028510 0.0637331 0.0935877 0.0924699 0.0449162 0.1150678 0.0864904 0.0477926 0.1118817 0.0723381 0.0978932 0.0994245 0.0740957 0.0981874 0.0454980 0.0972192 0.0577398 0.0917617 0.1024154 0.0914843 0.0944779 0.0800273 0.0886500 0.0803793 0.1255167 0.0824089 0.0899602 0.1039738 0.0845978 
S0292         0.1888804 0.0673781 0.0704528 0.0961444 0.1084110 0.0734948 0.0934423 0.0899127 0.0000000 0.0918685 0.0981573 0.0991140 0.0859744 0.0925646 0.0926428 0.0871466 0.0866958 0.0622275 0.0506066 0.0859791 0.0776104 0.0798098 0.0791923 0.0890209 0.0901323 0.0770598 0.0563023 0.0841176 0.0815819 0.0855359 0.0755000 0.0665782 0.0850378 0.0899634 0.0832179 0.0918471 0.0825482 0.0964966 0.0693296 0.0876326 0.0755896 0.0779314 0.0793852 0.0865914 0.1516954 0.0867525 0.0880141 0.0819058 0.0792385 0.0708323 0.0575979 0.0807279 0.0569826 0.0606020 0.0775295 0.0772947 0.0741586 0.1107759 0.0810630 0.0639360 0.0446892 0.0739598 0.0679011 0.0744120 0.0648123 0.0659566 0.1062703 0.0808198 0.1371659 0.0770695 0.1108634 0.0987887 0.0669188 0.0730084 0.1265424 0.0582032 0.1475161 0.0736730 0.0836852 0.0752649 0.0906911 0.0907029 0.0403963 0.1494041 0.0729533 0.1026220 0.0516161 0.0796161 0.0789402 0.0802066 0.0838853 0.0845067 0.0939140 0.0871186 0.0926177 0.0855644 0.0774054 0.1036513 0.0610381 0.0119686 0.0757184 0.0728351 0.0750569 0.0480729 0.0825830 0.0837792 0.0155062 0.0139791 0.1002110 0.0964320 0.0603570 0.0888845 0.0796786 0.0818430 0.0730045 0.0345554 0.0392769 0.0851985 0.0944080 0.0806256 0.0697962 0.0698630 0.0770350 0.0571302 0.0559434 0.0877988 0.0563497 0.0458277 0.0980259 0.0566679 0.0547768 0.0780270 0.0542066 
S0293         0.2073018 0.0603928 0.0876562 0.1303976 0.1523416 0.0291985 0.1098767 0.1192330 0.0918685 0.0000000 0.0723483 0.1259927 0.1220067 0.1301119 0.1270270 0.1258292 0.1222831 0.1113460 0.1076898 0.1267213 0.0882957 0.0298026 0.0405446 0.1191391 0.0921818 0.1142217 0.0976361 0.0956383 0.1069666 0.1233475 0.1005518 0.1059478 0.0918474 0.1298702 0.1213798 0.0664403 0.0349707 0.1295263 0.0956525 0.1121527 0.0716875 0.0444619 0.1217309 0.1274252 0.1796204 0.0872072 0.1261779 0.1089415 0.0534113 0.1134455 0.0977361 0.0369595 0.0963808 0.0999224 0.1090348 0.1233910 0.0995893 0.1491585 0.1022359 0.0948523 0.0831506 0.1150284 0.1053698 0.1132375 0.1019434 0.1066120 0.0700608 0.1218132 0.1635298 0.1076689 0.1487413 0.1377029 0.1128445 0.1152517 0.1511939 0.0956871 0.1740577 0.0965575 0.1253528 0.1277489 0.1246856 0.0700846 0.1052436 0.1744743 0.0315594 0.0688364 0.0973095 0.1121509 0.1007670 0.1029091 0.1215310 0.1094958 0.1217348 0.1235607 0.1277188 0.1209855 0.0356968 0.1422255 0.1169118 0.0999097 0.0351745 0.0362408 0.0658264 0.1122039 0.0583553 0.1093071 0.0976535 0.0953145 0.1364221 0.0627546 0.0968504 0.1291237 0.1201636 0.1032886 0.0300287 0.1042196 0.0738915 0.0590837 0.1303132 0.0544794 0.0946993 0.0514995 0.0735806 0.1140448 0.1046988 0.1177890 0.0973155 0.0839123 0.1366274 0.0936914 0.1083451 0.0889573 0.0936582 
S0294         0.2036261 0.0591533 0.1045582 0.1287171 0.1463433 0.0505589 0.1256524 0.1125645 0.0981573 0.0723483 0.0000000 0.1274569 0.1216867 0.1190801 0.1238331 0.1253758 0.1207393 0.1199540 0.1117830 0.1236529 0.0889240 0.0524347 0.0601376 0.1233335 0.0988069 0.1161289 0.0938655 0.0947589 0.1160636 0.1210175 0.1103099 0.1107884 0.0948127 0.1248532 0.1194949 0.0661860 0.0582183 0.1294863 0.0865277 0.1221504 0.0746041 0.0613725 0.1197336 0.1241122 0.1722871 0.0887871 0.1244141 0.1226666 0.0548388 0.1105098 0.0958804 0.0566242 0.0945001 0.0984309 0.1192515 0.1195584 0.0959321 0.1397474 0.1110629 0.0915374 0.0854615 0.1081391 0.1109734 0.1147798 0.1087607 0.1083047 0.0543594 0.1158897 0.1537670 0.1122804 0.1368469 0.1343711 0.1113424 0.1166030 0.1433500 0.0953062 0.1623433 0.1180244 0.1193294 0.1216444 0.1137416 0.0743127 0.1150286 0.1636329 0.0517228 0.0762544 0.0979408 0.1097326 0.1049128 0.1068588 0.1178541 0.1053690 0.1218606 0.1196936 0.1262212 0.1181394 0.0558928 0.1349385 0.1233985 0.1031234 0.0531388 0.0494139 0.0664289 0.1191419 0.0655415 0.1109147 0.1056737 0.1053666 0.1331226 0.0723711 0.0950586 0.1239312 0.1135726 0.1121250 0.0538385 0.1107500 0.0814670 0.0586164 0.1256287 0.0590245 0.0945688 0.0577329 0.0752305 0.1162926 0.1134419 0.1204667 0.0992068 0.0855312 0.1357217 0.0937053 0.1128791 0.0872499 0.0928676 
S0299         0.2179028 0.0984617 0.0987876 0.0561294 0.1398608 0.1084273 0.1213036 0.0516553 0.0991140 0.1259927 0.1274569 0.0000000 0.1136418 0.1222295 0.0553516 0.1175158 0.0530680 0.1129350 0.0918210 0.1177046 0.1063265 0.1115202 0.1143977 0.0549296 0.1265734 0.0522055 0.0883795 0.1195147 0.0555697 0.1122184 0.0724739 0.1074471 0.1138264 0.1115870 0.0521999 0.1238177 0.1141726 0.0635846 0.0670618 0.0925904 0.1130217 0.1118905 0.1158899 0.1168072 0.1563806 0.1163279 0.1150770 0.1128245 0.1048382 0.1143753 0.0897202 0.1172223 0.0904307 0.0942848 0.1167943 0.1150415 0.0656486 0.1344272 0.0847944 0.0565845 0.0845774 0.1058484 0.1078217 0.1110134 0.1066848 0.1053227 0.1446690 0.1148781 0.1459285 0.1041226 0.1246828 0.1231471 0.1104636 0.1137144 0.1361249 0.0879191 0.1548022 0.0849895 0.1178483 0.1203852 0.1085644 0.1234510 0.1142333 0.1538509 0.1104762 0.1295954 0.0944909 0.0441909 0.0814484 0.0839419 0.1172943 0.0760476 0.0484588 0.1061799 0.1173495 0.1118096 0.1113511 0.1263602 0.1143327 0.0991007 0.1110611 0.1023066 0.1079155 0.1198069 0.1146386 0.0766195 0.1027695 0.1027356 0.0556157 0.1246776 0.0913988 0.0592430 0.1125571 0.0829494 0.1100705 0.1071822 0.0830987 0.1103201 0.0495318 0.1101107 0.0646369 0.0994968 0.1136277 0.1065348 0.1046818 0.0902714 0.0972050 0.0858623 0.1331370 0.0934799 0.1001022 0.1164660 0.0930845 
S0303         0.2164472 0.0970927 0.0859363 0.1146275 0.1219260 0.1043857 0.0182711 0.1023736 0.0859744 0.1220067 0.1216867 0.1136418 0.0000000 0.0530459 0.1101508 0.0212382 0.1027400 0.1041805 0.0917271 0.0186677 0.1124135 0.1099497 0.1094404 0.1062160 0.1198219 0.0977128 0.0798176 0.1187038 0.0972620 0.0099422 0.0910593 0.1015922 0.1154084 0.0639522 0.1014759 0.1239912 0.1176827 0.1197964 0.0819057 0.1147442 0.1062447 0.1064756 0.1072091 0.0186381 0.1712020 0.1131377 0.0104157 0.1073090 0.1102130 0.1055819 0.0817417 0.1110375 0.0811947 0.0849695 0.1056939 0.1063613 0.0936732 0.0760136 0.1095557 0.0779344 0.0791176 0.0339200 0.0973076 0.1074726 0.0978112 0.0951633 0.1413649 0.1050340 0.1555186 0.1048881 0.0739245 0.0756000 0.0977727 0.1053642 0.1425527 0.0810504 0.1659423 0.0964385 0.1097967 0.1080468 0.0564766 0.1168379 0.1001179 0.1672012 0.1063934 0.1317862 0.0812793 0.0983594 0.1030368 0.1069344 0.0103750 0.1013746 0.1109602 0.0634139 0.0122359 0.0104419 0.1099913 0.0717008 0.1080893 0.0905496 0.1076127 0.1040981 0.1022351 0.1033987 0.1167340 0.1015955 0.0937392 0.0923267 0.1176339 0.1293936 0.0827962 0.1023714 0.1020219 0.1081583 0.1046945 0.0990198 0.0732228 0.1104793 0.1117135 0.1116601 0.0854328 0.0992479 0.1081122 0.0996742 0.1002633 0.1157982 0.0904187 0.0809606 0.1188073 0.0813177 0.0919581 0.1127981 0.0868416 
S0308         0.2175928 0.0984881 0.0925923 0.1199203 0.1303029 0.1102068 0.0661340 0.1059580 0.0925646 0.1301119 0.1190801 0.1222295 0.0530459 0.0000000 0.1184706 0.0531969 0.1096482 0.1127967 0.0939706 0.0563546 0.1060899 0.1140422 0.1132620 0.1113356 0.1232506 0.1049306 0.0817851 0.1165263 0.1032130 0.0534480 0.1011689 0.1082781 0.1128491 0.0761430 0.1086919 0.1258249 0.1206220 0.1237209 0.0852928 0.1220706 0.1054682 0.1110445 0.1154677 0.0526479 0.1669355 0.1112251 0.0557984 0.1109896 0.1105936 0.1085898 0.0845123 0.1138092 0.0859056 0.0885281 0.1129771 0.1131687 0.0968702 0.0869661 0.1170684 0.0865704 0.0886291 0.0484041 0.1074652 0.1161406 0.1061048 0.1060928 0.1420521 0.1168716 0.1587461 0.1114772 0.0864946 0.0819310 0.1036464 0.1096544 0.1388231 0.0859173 0.1636956 0.0888802 0.1164802 0.1109094 0.0643688 0.1190914 0.1078521 0.1607775 0.1096167 0.1330929 0.0907777 0.1022971 0.1120216 0.1140806 0.0526128 0.1016539 0.1175374 0.0715070 0.0573947 0.0553442 0.1154134 0.0792767 0.1108321 0.0953091 0.1101735 0.1090079 0.1027985 0.1112356 0.1152683 0.1108521 0.1014869 0.0986317 0.1241107 0.1274937 0.0863308 0.1153788 0.1137728 0.1160587 0.1105811 0.1066414 0.0795718 0.1124305 0.1143225 0.1136955 0.0859262 0.1025263 0.1106008 0.1046885 0.1116853 0.1224300 0.0973956 0.0874016 0.1328385 0.0880146 0.1023445 0.1106056 0.0920817 
S0320         0.2075907 0.0900510 0.0936963 0.0489427 0.1295925 0.1039640 0.1183548 0.0501742 0.0926428 0.1270270 0.1238331 0.0553516 0.1101508 0.1184706 0.0000000 0.1129529 0.0509209 0.1111047 0.0987231 0.1119873 0.1110120 0.1082472 0.1104098 0.0532593 0.1253864 0.0483643 0.0865811 0.1151821 0.0525370 0.1061841 0.0714718 0.1081691 0.1107674 0.1085849 0.0497350 0.1205956 0.1137541 0.0560161 0.0680290 0.0879001 0.1087682 0.1085611 0.1173362 0.1091419 0.1630474 0.1160578 0.1109236 0.1097557 0.1050311 0.1105826 0.0872876 0.1125737 0.0879894 0.0897539 0.1127877 0.1144638 0.0675649 0.1344304 0.0799010 0.0599377 0.0841225 0.1023697 0.1074833 0.1117506 0.1042077 0.1035679 0.1417413 0.1163315 0.1413179 0.1063664 0.1251081 0.1164512 0.1083545 0.1115355 0.1374507 0.0860389 0.1591552 0.0916952 0.1167070 0.1244900 0.1068110 0.1158679 0.1092487 0.1612995 0.1059475 0.1256137 0.0952514 0.0437868 0.0778857 0.0809751 0.1084014 0.0770719 0.0529397 0.1008618 0.1115950 0.1064165 0.1095920 0.1275693 0.1156715 0.0985152 0.1045616 0.1017789 0.0987205 0.1129794 0.1087132 0.0795356 0.0993165 0.0996464 0.0472485 0.1232949 0.0901804 0.0522966 0.1139629 0.0807438 0.1048273 0.1017118 0.0847367 0.1104943 0.0561032 0.1069110 0.0643212 0.0962039 0.1101225 0.1054954 0.1068740 0.0886543 0.0948335 0.0840716 0.1344839 0.0918136 0.1003749 0.1111090 0.0915765 
S0322         0.2175726 0.0972733 0.0919007 0.1128498 0.1215572 0.1094616 0.0301750 0.1054239 0.0871466 0.1258292 0.1253758 0.1175158 0.0212382 0.0531969 0.1129529 0.0000000 0.1050871 0.1027135 0.0900611 0.0123772 0.1153152 0.1144032 0.1151988 0.1058796 0.1199295 0.1013301 0.0851126 0.1223656 0.1004481 0.0174642 0.0922016 0.1061701 0.1197567 0.0664746 0.1017454 0.1256530 0.1244426 0.1207846 0.0841936 0.1151242 0.1073173 0.1103469 0.1100562 0.0093294 0.1707189 0.1180611 0.0227081 0.1045299 0.1125463 0.1092188 0.0864212 0.1142184 0.0845890 0.0878136 0.1089039 0.1092607 0.0933950 0.0770348 0.1100594 0.0819322 0.0808774 0.0368188 0.1037327 0.1085253 0.1048657 0.1016763 0.1423043 0.1097815 0.1568351 0.1085754 0.0763674 0.0801350 0.0995496 0.1071207 0.1436947 0.0863963 0.1681436 0.1018889 0.1121697 0.1071534 0.0600578 0.1198532 0.1018558 0.1694029 0.1095526 0.1376448 0.0849008 0.1000676 0.1053891 0.1092767 0.0221043 0.1031024 0.1113740 0.0666073 0.0248632 0.0205913 0.1131593 0.0755382 0.1098277 0.0923500 0.1101446 0.1078410 0.1025639 0.1031783 0.1197101 0.1033522 0.0943884 0.0940711 0.1204870 0.1330570 0.0874674 0.1047275 0.1068057 0.1091680 0.1078770 0.1002835 0.0757710 0.1130397 0.1145245 0.1139570 0.0860689 0.1035757 0.1116973 0.1012421 0.1034309 0.1139282 0.0932422 0.0833895 0.1242161 0.0873958 0.0924932 0.1164378 0.0880585 
S0327         0.2170269 0.0924145 0.0957161 0.0501516 0.1307069 0.1000853 0.1111276 0.0436956 0.0866958 0.1222831 0.1207393 0.0530680 0.1027400 0.1096482 0.0509209 0.1050871 0.0000000 0.1021880 0.0924689 0.1046973 0.0979099 0.1030323 0.1058189 0.0423226 0.1160127 0.0338202 0.0823184 0.1104483 0.0366193 0.1008973 0.0585305 0.0983817 0.1109017 0.1067621 0.0433786 0.1163400 0.1105015 0.0531134 0.0558038 0.0783825 0.1019785 0.1033214 0.1104454 0.1038570 0.1544673 0.1112697 0.1028348 0.1048795 0.0994190 0.1045350 0.0823910 0.1079128 0.0830758 0.0856037 0.1063216 0.1089765 0.0524388 0.1294422 0.0701154 0.0470082 0.0762571 0.0914276 0.0992956 0.0989679 0.0958535 0.0978694 0.1385312 0.1130659 0.1419041 0.0985671 0.1203158 0.1132811 0.1007151 0.1056298 0.1327713 0.0818355 0.1534329 0.0701465 0.1045246 0.1133234 0.1052174 0.1141027 0.1044582 0.1536420 0.1007856 0.1252768 0.0881297 0.0327525 0.0659280 0.0682997 0.1004689 0.0623750 0.0465850 0.1027269 0.1072849 0.0977836 0.1049828 0.1250848 0.1073503 0.0879888 0.1006864 0.0946192 0.0989415 0.1121889 0.1060111 0.0687652 0.0901817 0.0903397 0.0542247 0.1227122 0.0852453 0.0421198 0.1107598 0.0692120 0.1003140 0.0955469 0.0724770 0.1048028 0.0518367 0.0995623 0.0554921 0.0950953 0.1004039 0.0997186 0.0987849 0.0743240 0.0873832 0.0774984 0.1301288 0.0826317 0.0899783 0.1041123 0.0844594 
S0335         0.2026017 0.0900268 0.0861238 0.1139518 0.1143028 0.0949482 0.1107640 0.0990950 0.0622275 0.1113460 0.1199540 0.1129350 0.1041805 0.1127967 0.1111047 0.1027135 0.1021880 0.0000000 0.0517379 0.1003478 0.0951252 0.0989637 0.1021808 0.1055317 0.1095746 0.0959243 0.0764085 0.1058399 0.0986947 0.1023257 0.0896460 0.0826618 0.1018018 0.1109729 0.1029720 0.1123920 0.1109360 0.1112850 0.0819881 0.1069107 0.0966408 0.0992012 0.0936502 0.1027793 0.1655569 0.1023790 0.1061919 0.0972372 0.0999950 0.0887341 0.0764755 0.1046169 0.0758215 0.0784425 0.0945287 0.0909863 0.0926584 0.1310173 0.1014264 0.0840359 0.0614681 0.0965674 0.0840792 0.0886567 0.0802366 0.0805127 0.1293253 0.1008814 0.1544946 0.0935724 0.1284601 0.1226896 0.0861059 0.0906283 0.1406066 0.0771160 0.1659528 0.0905328 0.0971950 0.0922262 0.1064105 0.1066343 0.0815018 0.1701848 0.0969147 0.1222382 0.0689826 0.0995236 0.1008401 0.0983526 0.1020520 0.0985443 0.1078664 0.1073436 0.1084384 0.1042696 0.1010516 0.1263109 0.0649859 0.0619553 0.0986641 0.0951142 0.0925855 0.0829302 0.1046390 0.1046777 0.0684962 0.0683813 0.1121587 0.1172887 0.0793112 0.1058206 0.0985210 0.1012547 0.0951581 0.0750899 0.0464795 0.1042403 0.1069975 0.1060159 0.0875745 0.0945490 0.0936505 0.0617261 0.0366835 0.1097912 0.0738162 0.0609430 0.1151985 0.0767607 0.0606033 0.0995020 0.0728825 
S0345         0.2075922 0.0794125 0.0763429 0.1019446 0.1026843 0.0849004 0.0972082 0.0864145 0.0506066 0.1076898 0.1117830 0.0918210 0.0917271 0.0939706 0.0987231 0.0900611 0.0924689 0.0517379 0.0000000 0.0886809 0.0831633 0.0932065 0.0920345 0.0917505 0.1010928 0.0843870 0.0677787 0.0930304 0.0900889 0.0923998 0.0827858 0.0739029 0.0964069 0.0933122 0.0886153 0.0971788 0.0924557 0.0974569 0.0724557 0.0965126 0.0907119 0.0840542 0.0888286 0.0910656 0.1564268 0.0945543 0.0941600 0.0844677 0.0901725 0.0783737 0.0659748 0.0931301 0.0677698 0.0687746 0.0795455 0.0877469 0.0797210 0.0996016 0.0906761 0.0610960 0.0527590 0.0834320 0.0756375 0.0811681 0.0766186 0.0730748 0.1205007 0.0866169 0.1366503 0.0876839 0.0957044 0.0989519 0.0813559 0.0847710 0.1356965 0.0668705 0.1581859 0.0767494 0.0876219 0.0764947 0.0944362 0.0953325 0.0600713 0.1586795 0.0875779 0.1025786 0.0582220 0.0887569 0.0877150 0.0894398 0.0911111 0.0848223 0.0950437 0.0820495 0.0910240 0.0931484 0.0930198 0.1022693 0.0270240 0.0510661 0.0881791 0.0951141 0.0866186 0.0676318 0.0931663 0.0868846 0.0585393 0.0551868 0.0949822 0.0978953 0.0709668 0.0955779 0.0859531 0.0924397 0.0842275 0.0577564 0.0332766 0.0923750 0.0908591 0.0959636 0.0762294 0.0831757 0.0893238 0.0226393 0.0407213 0.0991864 0.0715415 0.0551593 0.1127107 0.0709582 0.0463377 0.0847568 0.0653139 
S0355         0.2196482 0.0982310 0.0892974 0.1124681 0.1206155 0.1084409 0.0286050 0.1030967 0.0859791 0.1267213 0.1236529 0.1177046 0.0186677 0.0563546 0.1119873 0.0123772 0.1046973 0.1003478 0.0886809 0.0000000 0.1167826 0.1120950 0.1141742 0.1074215 0.1186715 0.0996918 0.0840954 0.1213324 0.1000609 0.0170149 0.0917091 0.1071338 0.1173829 0.0676823 0.1019756 0.1252786 0.1214726 0.1224438 0.0844335 0.1147237 0.1056497 0.1108039 0.1083825 0.0098599 0.1686140 0.1163844 0.0201308 0.1077491 0.1108739 0.1088301 0.0854030 0.1131910 0.0848582 0.0855790 0.1085097 0.1069132 0.0956032 0.0773606 0.1103837 0.0821176 0.0805001 0.0352905 0.1026914 0.1081684 0.1037381 0.1028461 0.1417873 0.1094201 0.1550779 0.1055826 0.0775412 0.0789446 0.1004048 0.1080125 0.1416146 0.0846973 0.1670933 0.1068518 0.1104899 0.1074184 0.0612351 0.1192574 0.1019389 0.1683509 0.1098040 0.1353296 0.0833025 0.1009342 0.1043407 0.1082267 0.0204948 0.1039757 0.1081281 0.0666330 0.0232882 0.0190872 0.1121352 0.0744710 0.1080049 0.0911177 0.1110437 0.1075484 0.1034396 0.1032413 0.1199891 0.1044825 0.0944026 0.0928977 0.1208806 0.1306846 0.0864512 0.1050833 0.1064930 0.1094287 0.1069036 0.0997651 0.0745742 0.1133016 0.1156883 0.1136142 0.0883036 0.1025547 0.1100550 0.0995253 0.1036246 0.1163920 0.0928365 0.0829747 0.1238769 0.0857469 0.0913879 0.1154087 0.0863999 
S0376         0.1646854 0.0582706 0.0908234 0.1079963 0.1202232 0.0638786 0.1205076 0.0977681 0.0776104 0.0882957 0.0889240 0.1063265 0.1124135 0.1060899 0.1110120 0.1153152 0.0979099 0.0951252 0.0831633 0.1167826 0.0000000 0.0706195 0.0737369 0.1045120 0.0823204 0.0936215 0.0724703 0.0435766 0.0985770 0.1117392 0.0862323 0.0947881 0.0847830 0.1149769 0.0925158 0.0849105 0.0804302 0.1160967 0.0788323 0.0967394 0.0677783 0.0745117 0.0950600 0.1163715 0.1609434 0.0763662 0.1138263 0.1116290 0.0707679 0.0940872 0.0718017 0.0747180 0.0726663 0.0773675 0.1037482 0.0930678 0.0780184 0.1319210 0.0895589 0.0676918 0.0692593 0.0999546 0.0939847 0.0995373 0.0953746 0.0916580 0.1057817 0.1035616 0.1435088 0.1013531 0.1346189 0.1286470 0.0999319 0.1049413 0.1389127 0.0742520 0.1593406 0.0909767 0.1032195 0.1084674 0.1125766 0.0829136 0.0937658 0.1588010 0.0661738 0.0870562 0.0840911 0.0923058 0.0903650 0.0880930 0.1126433 0.0917567 0.1046661 0.1137337 0.1176701 0.1114451 0.0729384 0.1240823 0.0984052 0.0795062 0.0707493 0.0647831 0.0736890 0.1098877 0.0761743 0.0941436 0.0842781 0.0816973 0.1100272 0.0896803 0.0761643 0.1101314 0.1005847 0.0906158 0.0678094 0.0878678 0.0620880 0.0749553 0.1036005 0.0747428 0.0778112 0.0677681 0.0639406 0.0949689 0.0962819 0.1015102 0.0825719 0.0700582 0.1261640 0.0760253 0.0940224 0.0374085 0.0797835 
S0400         0.1977624 0.0446892 0.0843666 0.1117931 0.1333390 0.0118194 0.1147370 0.0954148 0.0798098 0.0298026 0.0524347 0.1115202 0.1099497 0.1140422 0.1082472 0.1144032 0.1030323 0.0989637 0.0932065 0.1120950 0.0706195 0.0000000 0.0257970 0.1051150 0.0784096 0.0926620 0.0797083 0.0794431 0.0970475 0.1108473 0.0876949 0.0935756 0.0742077 0.1128926 0.1038050 0.0475378 0.0257927 0.1111492 0.0696845 0.1032072 0.0583413 0.0235999 0.1061803 0.1131856 0.1597725 0.0715451 0.1141242 0.1059941 0.0338030 0.0979002 0.0803889 0.0179784 0.0792310 0.0847851 0.0945131 0.1066976 0.0826833 0.1305042 0.0913742 0.0772629 0.0648811 0.0997884 0.0943634 0.0976929 0.0923131 0.0929488 0.0627866 0.1077822 0.1416355 0.0947014 0.1279759 0.1272635 0.0966875 0.1009916 0.1297663 0.0798371 0.1551144 0.0885562 0.1095660 0.1069008 0.1068799 0.0540168 0.0976044 0.1584717 0.0148611 0.0528752 0.0813659 0.0914789 0.0883767 0.0896587 0.1076961 0.0930492 0.1051924 0.1088139 0.1151074 0.1075496 0.0225997 0.1289910 0.1019890 0.0838577 0.0190207 0.0197606 0.0495282 0.0995710 0.0448255 0.0938787 0.0869346 0.0860850 0.1141003 0.0470186 0.0802332 0.1073949 0.1054734 0.0938482 0.0134336 0.0920624 0.0634514 0.0387109 0.1130036 0.0397607 0.0803406 0.0370324 0.0606378 0.0984835 0.0946389 0.1021516 0.0829309 0.0666658 0.1228195 0.0774677 0.0928189 0.0742724 0.0763256 
S0405         0.1968369 0.0477250 0.0901383 0.1153356 0.1307364 0.0205371 0.1141991 0.1014082 0.0791923 0.0405446 0.0601376 0.1143977 0.1094404 0.1132620 0.1104098 0.1151988 0.1058189 0.1021808 0.0920345 0.1141742 0.0737369 0.0257970 0.0000000 0.1098724 0.0811253 0.0991138 0.0755069 0.0840077 0.0994767 0.1116356 0.0924745 0.0943946 0.0736272 0.1100106 0.1072344 0.0499753 0.0277983 0.1167554 0.0780134 0.1007048 0.0626667 0.0312465 0.1035145 0.1132214 0.1629381 0.0740613 0.1136070 0.1077796 0.0360650 0.0992874 0.0773657 0.0279833 0.0756088 0.0811146 0.0989743 0.1027445 0.0827960 0.1279015 0.0903196 0.0773801 0.0667353 0.0992944 0.0945499 0.0970701 0.0937509 0.0930551 0.0708781 0.1045194 0.1415079 0.0934520 0.1255994 0.1252994 0.0981451 0.1031333 0.1319670 0.0750242 0.1567154 0.0828404 0.1091483 0.1105837 0.1079485 0.0558488 0.0971333 0.1586522 0.0205510 0.0576941 0.0801507 0.0949365 0.0867280 0.0867905 0.1091987 0.0953143 0.1093285 0.1069529 0.1144838 0.1076853 0.0210932 0.1255484 0.1062570 0.0838385 0.0222134 0.0182413 0.0508315 0.1003976 0.0443780 0.0967806 0.0850680 0.0854609 0.1174649 0.0535099 0.0772069 0.1125648 0.1034862 0.0909503 0.0206821 0.0940812 0.0640484 0.0405414 0.1159458 0.0426284 0.0824259 0.0404256 0.0614320 0.1012076 0.0972193 0.1036733 0.0836917 0.0679433 0.1223457 0.0769697 0.0934949 0.0762120 0.0776576 
S0407sl       0.2125614 0.0942766 0.0936074 0.0546694 0.1318611 0.1014917 0.1134145 0.0489023 0.0890209 0.1191391 0.1233335 0.0549296 0.1062160 0.1113356 0.0532593 0.1058796 0.0423226 0.1055317 0.0917505 0.1074215 0.1045120 0.1051150 0.1098724 0.0000000 0.1188923 0.0393070 0.0868661 0.1123691 0.0431008 0.1050678 0.0616368 0.0998757 0.1120705 0.1037509 0.0468223 0.1197919 0.1137722 0.0570160 0.0566265 0.0816759 0.1072787 0.1061847 0.1126019 0.1059145 0.1566113 0.1130226 0.1076613 0.1094231 0.1047086 0.1067938 0.0869435 0.1100298 0.0876409 0.0893983 0.1081795 0.1118063 0.0553981 0.1310101 0.0715082 0.0501070 0.0795193 0.0967011 0.1026295 0.1039353 0.0992444 0.0984643 0.1424055 0.1178385 0.1432096 0.1027455 0.1207701 0.1190870 0.1001650 0.1051704 0.1350022 0.0863838 0.1545034 0.0782799 0.1113147 0.1155475 0.1108797 0.1159188 0.1016112 0.1564757 0.1020374 0.1256021 0.0927392 0.0392912 0.0696024 0.0738031 0.1035385 0.0660123 0.0523997 0.1005691 0.1096494 0.1031826 0.1070770 0.1247986 0.1081928 0.0891426 0.1040260 0.0986081 0.1029370 0.1110544 0.1096269 0.0718228 0.0918944 0.0920641 0.0561717 0.1192635 0.0898236 0.0201964 0.1155454 0.0717527 0.1031267 0.0964941 0.0756394 0.1097286 0.0548851 0.1062942 0.0559850 0.0990526 0.1062793 0.1005132 0.0995932 0.0776129 0.0911958 0.0807757 0.1253237 0.0873549 0.0933907 0.1097091 0.0897601 
S0412sl       0.2144933 0.0625989 0.0958362 0.1249280 0.1320150 0.0738694 0.1249006 0.1152449 0.0901323 0.0921818 0.0988069 0.1265734 0.1198219 0.1232506 0.1253864 0.1199295 0.1160127 0.1095746 0.1010928 0.1186715 0.0823204 0.0784096 0.0811253 0.1188923 0.0000000 0.1116082 0.0894562 0.0899755 0.1061937 0.1175894 0.1065134 0.1055943 0.0726078 0.1217392 0.1144296 0.0904157 0.0787121 0.1270525 0.0961482 0.1238757 0.0706518 0.0807241 0.1129129 0.1199728 0.1780071 0.0627738 0.1212217 0.1209119 0.0785391 0.1126482 0.0894056 0.0805162 0.0882023 0.0909662 0.1149648 0.1136205 0.0991649 0.1433305 0.1125112 0.0924418 0.0797077 0.1101561 0.1048718 0.1024745 0.1001487 0.1045037 0.1160563 0.1158621 0.1620248 0.1073887 0.1446979 0.1320371 0.1099224 0.1123038 0.1439336 0.0896098 0.1728904 0.1116971 0.1174998 0.1120386 0.1180785 0.0912744 0.1041176 0.1718001 0.0745262 0.0996288 0.0939649 0.1091805 0.1097352 0.1097827 0.1164225 0.1131102 0.1226226 0.1209521 0.1273006 0.1162700 0.0746322 0.1368773 0.1147344 0.0931210 0.0743064 0.0682081 0.0664249 0.1125516 0.0805016 0.1095485 0.0962517 0.0967100 0.1332028 0.0947125 0.0906038 0.1192236 0.1128709 0.1117233 0.0720404 0.0984132 0.0700083 0.0837703 0.1239678 0.0813440 0.1006553 0.0696117 0.0724067 0.1094835 0.1033681 0.1221478 0.0886942 0.0797474 0.1374573 0.0866138 0.1041382 0.0827028 0.0912398 
S0417         0.2035165 0.0860262 0.0874449 0.0470890 0.1311201 0.0910812 0.1052075 0.0383828 0.0770598 0.1142217 0.1161289 0.0522055 0.0977128 0.1049306 0.0483643 0.1013301 0.0338202 0.0959243 0.0843870 0.0996918 0.0936215 0.0926620 0.0991138 0.0393070 0.1116082 0.0000000 0.0770287 0.1050375 0.0312738 0.0965647 0.0520176 0.0916764 0.1078379 0.1027565 0.0393092 0.1105085 0.0992965 0.0498630 0.0496845 0.0729729 0.0945324 0.0921500 0.1063402 0.1001141 0.1516662 0.1044614 0.0990920 0.1016227 0.0916078 0.0971329 0.0777007 0.0973737 0.0783709 0.0802595 0.0986496 0.1035820 0.0502827 0.1214004 0.0630392 0.0426297 0.0680805 0.0896729 0.0911321 0.0951912 0.0884850 0.0889439 0.1280326 0.1070096 0.1344983 0.0922921 0.1142144 0.1102678 0.0933604 0.0988016 0.1282433 0.0771508 0.1443082 0.0642997 0.1000206 0.1092437 0.0997232 0.1052471 0.0949761 0.1440206 0.0923746 0.1160732 0.0801972 0.0298936 0.0602534 0.0625770 0.0965860 0.0579013 0.0416663 0.0960477 0.1015603 0.0947240 0.0964228 0.1154895 0.0987902 0.0808364 0.0947132 0.0874932 0.0916691 0.1002485 0.0994385 0.0624131 0.0811078 0.0818702 0.0494311 0.1123112 0.0805213 0.0388845 0.1047009 0.0616219 0.0894443 0.0890302 0.0671937 0.0981126 0.0469154 0.0937709 0.0478378 0.0886651 0.0963037 0.0908470 0.0927610 0.0725692 0.0800552 0.0692865 0.1199748 0.0767193 0.0839273 0.1024121 0.0749243 
S0419         0.1800452 0.0663901 0.0165088 0.0953114 0.0642513 0.0716777 0.0850400 0.0841009 0.0563023 0.0976361 0.0938655 0.0883795 0.0798176 0.0817851 0.0865811 0.0851126 0.0823184 0.0764085 0.0677787 0.0840954 0.0724703 0.0797083 0.0755069 0.0868661 0.0894562 0.0770287 0.0000000 0.0848516 0.0781634 0.0786723 0.0699238 0.0679910 0.0871498 0.0899685 0.0826008 0.0942653 0.0848980 0.0997857 0.0619403 0.0853062 0.0738581 0.0766271 0.0371430 0.0833353 0.1456896 0.0853824 0.0843076 0.0780031 0.0792514 0.0733714 0.0068448 0.0806054 0.0063561 0.0098304 0.0768855 0.0338214 0.0680897 0.1059806 0.0793828 0.0602263 0.0458097 0.0711276 0.0692542 0.0767759 0.0660552 0.0655755 0.1057170 0.0460916 0.1269351 0.0758271 0.1018136 0.0949170 0.0737655 0.0794315 0.1164664 0.0068466 0.1433131 0.0597962 0.0840774 0.0865971 0.0803674 0.0894374 0.0740783 0.1415368 0.0752807 0.0988883 0.0574062 0.0755835 0.0767224 0.0761791 0.0800538 0.0784887 0.0918853 0.0830403 0.0875444 0.0824909 0.0766227 0.1014652 0.0758023 0.0607603 0.0762558 0.0703042 0.0747779 0.0831608 0.0831895 0.0814917 0.0655131 0.0623915 0.0939862 0.0940581 0.0083102 0.0894714 0.0442374 0.0783663 0.0747332 0.0677331 0.0483569 0.0838498 0.0897799 0.0799497 0.0667600 0.0761253 0.0731574 0.0726134 0.0729156 0.0888023 0.0599752 0.0446757 0.0992647 0.0402415 0.0703331 0.0732789 0.0542737 
S0427         0.1982409 0.0659791 0.0913350 0.1196288 0.1300138 0.0750594 0.1274429 0.1071158 0.0841176 0.0956383 0.0947589 0.1195147 0.1187038 0.1165263 0.1151821 0.1223656 0.1104483 0.1058399 0.0930304 0.1213324 0.0435766 0.0794431 0.0840077 0.1123691 0.0899755 0.1050375 0.0848516 0.0000000 0.1017893 0.1180545 0.0971825 0.0971946 0.0880408 0.1199899 0.1086268 0.0940041 0.0831571 0.1208288 0.0854850 0.1095259 0.0771386 0.0826608 0.1078208 0.1183912 0.1798555 0.0869800 0.1207690 0.1095757 0.0802027 0.1022127 0.0849273 0.0822611 0.0843783 0.0894184 0.1042098 0.1048538 0.0915631 0.1378750 0.1028589 0.0814661 0.0744475 0.1079554 0.0973722 0.1006912 0.0944872 0.0940489 0.1148039 0.1061479 0.1528965 0.1024966 0.1327762 0.1247377 0.1005229 0.1053530 0.1493817 0.0849787 0.1734626 0.0920056 0.1090050 0.1070697 0.1049324 0.0890202 0.1031327 0.1732231 0.0774952 0.0952223 0.0865006 0.1012408 0.1015568 0.1009633 0.1165585 0.1053264 0.1166356 0.1157130 0.1230952 0.1167543 0.0795911 0.1251354 0.1047626 0.0894111 0.0772064 0.0737626 0.0777413 0.1118148 0.0833931 0.1052655 0.0925987 0.0910980 0.1251733 0.0961000 0.0871994 0.1131524 0.1044548 0.1051793 0.0781629 0.0962967 0.0748422 0.0880289 0.1123459 0.0787469 0.0872910 0.0771252 0.0752407 0.1028404 0.0995458 0.1141174 0.0883721 0.0744851 0.1244463 0.0851820 0.1016016 0.0420949 0.0863268 
S0428sl       0.2137473 0.0861585 0.0798825 0.0517197 0.1290277 0.0922004 0.0940885 0.0407322 0.0815819 0.1069666 0.1160636 0.0555697 0.0972620 0.1032130 0.0525370 0.1004481 0.0366193 0.0986947 0.0900889 0.1000609 0.0985770 0.0970475 0.0994767 0.0431008 0.1061937 0.0312738 0.0781634 0.1017893 0.0000000 0.0970382 0.0507527 0.0921677 0.1074453 0.1017515 0.0456115 0.1064094 0.0987012 0.0565418 0.0518955 0.0697209 0.0918684 0.0937731 0.1097183 0.0998553 0.1549929 0.1029968 0.0984401 0.0969218 0.0907233 0.0996957 0.0775578 0.0993308 0.0789188 0.0826843 0.1045950 0.1042604 0.0514165 0.1223693 0.0650956 0.0481664 0.0718504 0.0862487 0.0921253 0.0990529 0.0907155 0.0905023 0.1223171 0.1059459 0.1378295 0.0990882 0.1163898 0.1062904 0.0987942 0.1038446 0.1295191 0.0759836 0.1471542 0.0639619 0.1009813 0.1095649 0.1032942 0.1046635 0.0959222 0.1467252 0.0922592 0.1117962 0.0857542 0.0288198 0.0604241 0.0631687 0.0965066 0.0592733 0.0479291 0.0962457 0.1003081 0.0931902 0.0955681 0.1177003 0.1058186 0.0831588 0.0935573 0.0878391 0.0879807 0.1041484 0.0963221 0.0565682 0.0870200 0.0867045 0.0522701 0.1093646 0.0786989 0.0379153 0.1023526 0.0634667 0.0910410 0.0898925 0.0703078 0.0929034 0.0535788 0.0953494 0.0524732 0.0850286 0.0978875 0.0931369 0.0944366 0.0728450 0.0855126 0.0733522 0.1236104 0.0777401 0.0856967 0.1027548 0.0774221 
