117
PAFTOL_019361 0.0000000 0.2470417 0.2553519 0.2822072 0.2756534 0.2473296 0.2652207 0.2386620 0.2749886 0.2739711 0.2853710 0.2817916 0.2585542 0.2564226 0.2417004 0.2583065 0.2431192 0.2434427 0.2784242 0.2563463 0.2577574 0.2538135 0.2458059 0.2404077 0.2518072 0.2652867 0.2767513 0.2758609 0.2445815 0.2442277 0.2760043 0.2557847 0.2384900 0.2351429 0.2463460 0.2719005 0.3239193 0.2672831 0.2625847 0.2538949 0.2539022 0.2556416 0.2467840 0.2556600 0.2564104 0.2828375 0.2708371 0.2643364 0.2364151 0.2483682 0.2351447 0.2692342 0.2461186 0.2664883 0.2785203 0.2660980 0.2807965 0.2753385 0.2983509 0.2746033 0.2560670 0.2658886 0.2964566 0.2472559 0.3136285 0.2210665 0.2689628 0.2655435 0.2469930 0.2545928 0.3120984 0.2398002 0.2539765 0.2343505 0.2739607 0.2337448 0.2358111 0.2680709 0.2718727 0.2602038 0.2432417 0.2568860 0.2497083 0.2429325 0.2326221 0.2581372 0.2469472 0.2528951 0.2504484 0.2566039 0.2538391 0.2824221 0.2454585 0.2567755 0.2573229 0.2764705 0.2392368 0.2455209 0.2570679 0.2734340 0.2458697 0.2519794 0.2631431 0.2450614 0.2649644 0.2438785 0.2403525 0.2482528 0.2464669 0.2490372 0.2564158 0.2326761 0.3968058 0.2381124 0.2440861 0.2469523 0.2329208 
S0055         0.2470417 0.0000000 0.0921695 0.1485352 0.1133103 0.0624840 0.1472058 0.0888098 0.0773562 0.1012294 0.1558528 0.1444317 0.1267012 0.1111946 0.1154468 0.0960293 0.0597759 0.0616566 0.1523679 0.0839392 0.1289791 0.0935944 0.0918600 0.1080344 0.1175411 0.1085985 0.1013669 0.1467281 0.0637275 0.0613931 0.1522387 0.1210921 0.1063474 0.0617775 0.0602929 0.1028710 0.2424101 0.0923617 0.1123087 0.0687301 0.1021347 0.0947327 0.0645174 0.0938342 0.0946376 0.1295355 0.1039617 0.1325030 0.1133705 0.1177025 0.0846596 0.1331805 0.0914449 0.1075821 0.1133694 0.1130822 0.1020229 0.1101263 0.1988940 0.1127935 0.1096546 0.1151852 0.2034721 0.0950722 0.2205382 0.1050630 0.1138532 0.1063304 0.0734165 0.1072669 0.2122291 0.0623212 0.0681176 0.0898665 0.1404742 0.1080244 0.1086162 0.1452584 0.1400212 0.0671703 0.0582190 0.1102933 0.0961591 0.0659328 0.0554041 0.0458011 0.1099041 0.0672119 0.1121510 0.1050166 0.0966443 0.1468266 0.0599751 0.0956003 0.1360433 0.1072946 0.1147626 0.0642716 0.0952358 0.1129142 0.0939602 0.0724471 0.1393081 0.0689997 0.1372859 0.0653221 0.0677580 0.1064316 0.0981969 0.1161300 0.1022108 0.0807787 0.2100741 0.0890910 0.0936854 0.0860382 0.0825463 
S0196sl       0.2553519 0.0921695 0.0000000 0.1360582 0.0579439 0.0930688 0.1357955 0.0870334 0.1081150 0.1192559 0.1508610 0.1263614 0.1183033 0.1028327 0.1045962 0.1137686 0.0888431 0.0905691 0.1359085 0.1035824 0.1134007 0.0148374 0.1149403 0.1029633 0.1093893 0.1064886 0.1178489 0.1277104 0.0934757 0.0912553 0.1347748 0.1097709 0.1018134 0.0822691 0.0908941 0.0536838 0.2552531 0.1113732 0.1066611 0.0978617 0.1013268 0.0153006 0.0943258 0.0135337 0.0148310 0.1252425 0.0540308 0.1145397 0.1033768 0.1112155 0.0810884 0.1181842 0.0906399 0.1080892 0.1071407 0.1120511 0.1299879 0.0549164 0.2102699 0.1187740 0.1022560 0.1090376 0.2219391 0.0143702 0.2298563 0.0909430 0.1094430 0.1018281 0.1042985 0.1001440 0.2249185 0.0911640 0.1032923 0.0932212 0.1232877 0.1008557 0.1002905 0.1304176 0.1271128 0.0857495 0.0868847 0.1058905 0.0926244 0.0950831 0.0860073 0.1129572 0.1006690 0.1005467 0.1068307 0.1035896 0.0957891 0.1380229 0.0927729 0.0157263 0.1276307 0.0534650 0.1047500 0.0936015 0.0462275 0.1125769 0.0871293 0.0967435 0.1334328 0.0970996 0.1282506 0.0939389 0.0897665 0.0977318 0.0947520 0.1019512 0.0948806 0.0773373 0.2010207 0.0715604 0.0844814 0.0991100 0.0809948 
S0278         0.2822072 0.1485352 0.1360582 0.0000000 0.1716932 0.1370106 0.0660304 0.1310002 0.1578897 0.1549750 0.0664502 0.0705635 0.0732251 0.1438268 0.1344237 0.1618910 0.1327488 0.1334643 0.0777188 0.1587694 0.0642696 0.1335952 0.1636438 0.0659897 0.0795209 0.1368912 0.1667895 0.0711030 0.1413791 0.1348632 0.0669104 0.0865413 0.0840806 0.1351295 0.1324281 0.1533815 0.2803107 0.1613299 0.1576267 0.1435188 0.1387843 0.1367706 0.1354883 0.1338424 0.1341578 0.1593780 0.1550467 0.0937740 0.0829864 0.0878796 0.1294485 0.0633282 0.1220173 0.1476933 0.1526170 0.1436219 0.1645075 0.1550767 0.2566640 0.1707529 0.1413460 0.1440207 0.2512473 0.1375568 0.2647378 0.0749078 0.1532499 0.1461772 0.1549222 0.1430750 0.2531989 0.1344917 0.1567032 0.1408560 0.0637621 0.0818043 0.0812437 0.1066641 0.0568219 0.1309342 0.1310878 0.1510436 0.1350557 0.1407641 0.1308303 0.1696338 0.1403965 0.1477483 0.0840292 0.1430256 0.1383575 0.0678300 0.1496404 0.1369343 0.0671267 0.1539809 0.0833838 0.1337257 0.1422037 0.1470378 0.1367554 0.1427309 0.0665729 0.1468132 0.0989789 0.1430164 0.1378858 0.1419286 0.1328699 0.0877823 0.1374595 0.1285944 0.2430160 0.1399694 0.1334858 0.1548347 0.1284909 
S0281         0.2756534 0.1133103 0.0579439 0.1716932 0.0000000 0.1238048 0.1715390 0.1118105 0.1402935 0.1467993 0.1797798 0.1639007 0.1506315 0.1242781 0.1265248 0.1361975 0.1145419 0.1192827 0.1661828 0.1347895 0.1497606 0.0568366 0.1327249 0.1278539 0.1441486 0.1280531 0.1404732 0.1655418 0.1190476 0.1182593 0.1649098 0.1418095 0.1370467 0.1081887 0.1180894 0.0717993 0.2820485 0.1341866 0.1305539 0.1240326 0.1214349 0.0564130 0.1221306 0.0550045 0.0548114 0.1461564 0.0709937 0.1443108 0.1378625 0.1337384 0.1047219 0.1479324 0.1124173 0.1330146 0.1341580 0.1314725 0.1559663 0.0733524 0.2378063 0.1402186 0.1234995 0.1317448 0.2435617 0.0557743 0.2593163 0.1206035 0.1317970 0.1152358 0.1250602 0.1252915 0.2500809 0.1179649 0.1238612 0.1215006 0.1539802 0.1365010 0.1358222 0.1654341 0.1553597 0.1089246 0.1160577 0.1251322 0.1154154 0.1190079 0.1159791 0.1354267 0.1217064 0.1239911 0.1397876 0.1243857 0.1162694 0.1655433 0.1190945 0.0567452 0.1650756 0.0718855 0.1393175 0.1208434 0.0651899 0.1334493 0.1132149 0.1249281 0.1676667 0.1195646 0.1591866 0.1157004 0.1187610 0.1192681 0.1133111 0.1406166 0.1178341 0.1034135 0.2328382 0.0955830 0.1092188 0.1169876 0.1044881 
S0282         0.2473296 0.0624840 0.0930688 0.1370106 0.1238048 0.0000000 0.1373452 0.0876045 0.0388067 0.1034188 0.1454513 0.1331271 0.1224934 0.0982036 0.1077147 0.0982446 0.0194429 0.0231156 0.1355753 0.0749856 0.1140199 0.0915151 0.0965825 0.1090807 0.1122378 0.1047377 0.0981807 0.1338857 0.0355019 0.0216950 0.1370523 0.1102099 0.1013567 0.0570995 0.0209386 0.1069929 0.2368029 0.0880565 0.1063181 0.0375726 0.0972547 0.0937754 0.0230130 0.0938774 0.0930702 0.1188126 0.1060001 0.1200463 0.1038968 0.1088896 0.0817402 0.1245230 0.0885103 0.1066732 0.1104703 0.1084865 0.1062118 0.1134542 0.2033387 0.1159776 0.0993932 0.1075394 0.2069394 0.0919090 0.2207624 0.0909261 0.1093455 0.0942457 0.0632500 0.1045497 0.2045922 0.0212063 0.0606544 0.0896762 0.1260750 0.0998185 0.1003799 0.1297721 0.1266065 0.0964449 0.0194447 0.1073555 0.0900888 0.0251990 0.0206033 0.0812988 0.1026054 0.0574425 0.1046484 0.0994065 0.0924322 0.1392424 0.0517002 0.0956260 0.1187216 0.1130072 0.1048229 0.0240183 0.0984915 0.1081555 0.0862165 0.0389744 0.1295055 0.0530526 0.1195929 0.0445602 0.0655587 0.0989383 0.0858343 0.1057289 0.0948018 0.0784632 0.2273237 0.0881784 0.0864464 0.0850608 0.0792729 
S0289         0.2652207 0.1472058 0.1357955 0.0660304 0.1715390 0.1373452 0.0000000 0.1323872 0.1666148 0.1509758 0.0652288 0.0546284 0.0749606 0.1475808 0.1448095 0.1629789 0.1326216 0.1334149 0.0725335 0.1578207 0.0663812 0.1314914 0.1681576 0.0644224 0.0771685 0.1260071 0.1729998 0.0653171 0.1355892 0.1377304 0.0689670 0.0855914 0.0797411 0.1331549 0.1337711 0.1506258 0.2734676 0.1599981 0.1541545 0.1417883 0.1314352 0.1341539 0.1342882 0.1317563 0.1313672 0.1498139 0.1506158 0.0937504 0.0791195 0.0854737 0.1267952 0.0535959 0.1179824 0.1368739 0.1450778 0.1420617 0.1605799 0.1540801 0.2420105 0.1692744 0.1331702 0.1365633 0.2432293 0.1317598 0.2578788 0.0727936 0.1384447 0.1507644 0.1522863 0.1373853 0.2407221 0.1323561 0.1538527 0.1369504 0.0604090 0.0772456 0.0778113 0.1054774 0.0622699 0.1271078 0.1310016 0.1491841 0.1363265 0.1371899 0.1319078 0.1607755 0.1391280 0.1468089 0.0819270 0.1454279 0.1380993 0.0503781 0.1474753 0.1343805 0.0603655 0.1542308 0.0836507 0.1289515 0.1442124 0.1535517 0.1401939 0.1425416 0.0601079 0.1415774 0.0984055 0.1433663 0.1392029 0.1374321 0.1391886 0.0823550 0.1305375 0.1274065 0.2490595 0.1369795 0.1360470 0.1466986 0.1278559 
S0292         0.2386620 0.0888098 0.0870334 0.1310002 0.1118105 0.0876045 0.1323872 0.0000000 0.1079817 0.1130202 0.1405717 0.1248167 0.1088171 0.0741278 0.0825149 0.1078006 0.0836442 0.0825180 0.1313174 0.1000707 0.1127473 0.0886772 0.1085481 0.1031762 0.1027187 0.0877876 0.1156571 0.1260573 0.0897887 0.0842358 0.1308254 0.1044301 0.0967443 0.0749050 0.0834497 0.1055216 0.2436427 0.1059174 0.0901598 0.0900814 0.0797827 0.0887123 0.0883076 0.0873168 0.0886411 0.1007294 0.1073145 0.1099795 0.0987173 0.1014884 0.0646070 0.1139780 0.0687754 0.0909108 0.0919618 0.0870536 0.1193935 0.1064106 0.2090705 0.1030618 0.0874040 0.0908112 0.2137558 0.0890457 0.2248926 0.0897299 0.0920793 0.0810617 0.0979870 0.0649619 0.2183511 0.0841577 0.0972120 0.0701961 0.1236948 0.0984647 0.0984937 0.1283493 0.1180941 0.1015150 0.0786280 0.0804383 0.0290650 0.0870472 0.0797553 0.0995708 0.0648438 0.0915773 0.1044186 0.0389424 0.0314858 0.1311608 0.0900982 0.0880240 0.1223386 0.1059708 0.1000366 0.0860064 0.0965860 0.0674859 0.0641554 0.0896935 0.1258417 0.0904487 0.1204721 0.0857177 0.0808883 0.0756964 0.0662264 0.0988607 0.0699354 0.0579938 0.2156879 0.0742649 0.0603328 0.0921448 0.0596210 
S0293         0.2749886 0.0773562 0.1081150 0.1578897 0.1402935 0.0388067 0.1666148 0.1079817 0.0000000 0.1221290 0.1727282 0.1549342 0.1437320 0.1205534 0.1256997 0.1168667 0.0371519 0.0394594 0.1596644 0.0900980 0.1355039 0.1110123 0.1119744 0.1162396 0.1324611 0.1271689 0.1203063 0.1564438 0.0514903 0.0377444 0.1626018 0.1280879 0.1177913 0.0726613 0.0380098 0.1219382 0.2607498 0.1033353 0.1285249 0.0554062 0.1206456 0.1137009 0.0428501 0.1127252 0.1129753 0.1500036 0.1233826 0.1393950 0.1194601 0.1276791 0.1006962 0.1468495 0.1138027 0.1255526 0.1308442 0.1355040 0.1314623 0.1345469 0.2249969 0.1355989 0.1266036 0.1356922 0.2253189 0.1122404 0.2419818 0.1223115 0.1332879 0.1189397 0.0767141 0.1239938 0.2258576 0.0376649 0.0753529 0.1076564 0.1498696 0.1172959 0.1173343 0.1530465 0.1525419 0.1073116 0.0356825 0.1293393 0.1109988 0.0407240 0.0366720 0.0986736 0.1239228 0.0678528 0.1240312 0.1233295 0.1101312 0.1617364 0.0648202 0.1152386 0.1451855 0.1313127 0.1201396 0.0399765 0.1164850 0.1307040 0.1108917 0.0569857 0.1561504 0.0714008 0.1431305 0.0595017 0.0834709 0.1226570 0.1066721 0.1200279 0.1204335 0.0981847 0.2384387 0.1085162 0.1091960 0.1060614 0.1002947 
S0294         0.2739711 0.1012294 0.1192559 0.1549750 0.1467993 0.1034188 0.1509758 0.1130202 0.1221290 0.0000000 0.1629992 0.1537813 0.1418441 0.1256985 0.1253548 0.1162420 0.0997160 0.1036525 0.1565130 0.1161261 0.1367479 0.1186629 0.1190197 0.1250333 0.1354780 0.1205472 0.1201667 0.1559577 0.1057043 0.1003291 0.1597894 0.1354804 0.1284676 0.1004747 0.1012427 0.1326542 0.2458798 0.1222527 0.1353282 0.1079765 0.1180359 0.1218933 0.1043476 0.1172276 0.1199397 0.1484782 0.1326902 0.1408025 0.1339593 0.1316536 0.1080419 0.1386570 0.1070555 0.1303505 0.1286446 0.1307246 0.0692247 0.1388794 0.2134335 0.1443765 0.1222188 0.1233485 0.2167546 0.1232669 0.2190364 0.1185914 0.1307550 0.1220697 0.1122393 0.1264369 0.2181723 0.1030048 0.1139490 0.1139118 0.1476622 0.1299365 0.1292764 0.1554993 0.1476330 0.1240429 0.0995162 0.1261717 0.1161812 0.1076472 0.0953396 0.1135217 0.1329346 0.1044575 0.1238772 0.1246765 0.1198624 0.1592503 0.1023844 0.1221015 0.1435825 0.1372089 0.1348454 0.1039967 0.1176346 0.1392901 0.1164692 0.1106512 0.1496393 0.1083967 0.1491089 0.1088580 0.0978680 0.1167488 0.1154166 0.1355365 0.1162388 0.1129814 0.2292490 0.1158262 0.1136046 0.1051222 0.1040134 
S0299         0.2853710 0.1558528 0.1508610 0.0664502 0.1797798 0.1454513 0.0652288 0.1405717 0.1727282 0.1629992 0.0000000 0.0751331 0.0894867 0.1565885 0.1515918 0.1670234 0.1409767 0.1407776 0.0815128 0.1638280 0.0833889 0.1467437 0.1704615 0.0667274 0.0930879 0.1408047 0.1851817 0.0797711 0.1482321 0.1462773 0.0804625 0.1007828 0.0954291 0.1469641 0.1438240 0.1644752 0.2836256 0.1651680 0.1719995 0.1521391 0.1416504 0.1488027 0.1417536 0.1450079 0.1453222 0.1617966 0.1661750 0.1098207 0.0955050 0.1017379 0.1403912 0.0679533 0.1258722 0.1464156 0.1539783 0.1505710 0.1741191 0.1674365 0.2557901 0.1780129 0.1417499 0.1445080 0.2482220 0.1470803 0.2701557 0.0763673 0.1536226 0.1526420 0.1651749 0.1470268 0.2514100 0.1448760 0.1588532 0.1470131 0.0752885 0.0942434 0.0936509 0.1242098 0.0755601 0.1360767 0.1402238 0.1592431 0.1437995 0.1488930 0.1420913 0.1690303 0.1507081 0.1586228 0.0998143 0.1531026 0.1466194 0.0739927 0.1558972 0.1476919 0.0755573 0.1662631 0.0988313 0.1384656 0.1568456 0.1561114 0.1467611 0.1538553 0.0678943 0.1526886 0.1138212 0.1508917 0.1465752 0.1456645 0.1463398 0.1000726 0.1426514 0.1398805 0.2415728 0.1502696 0.1426906 0.1555390 0.1362329 
S0320         0.2817916 0.1444317 0.1263614 0.0705635 0.1639007 0.1331271 0.0546284 0.1248167 0.1549342 0.1537813 0.0751331 0.0000000 0.0641390 0.1421332 0.1273994 0.1486927 0.1289008 0.1285405 0.0718381 0.1521765 0.0645349 0.1222945 0.1572572 0.0492172 0.0740527 0.1264790 0.1676888 0.0567504 0.1330724 0.1309796 0.0620322 0.0769312 0.0753770 0.1274126 0.1285247 0.1466269 0.2728308 0.1568076 0.1541401 0.1382729 0.1288208 0.1242024 0.1304110 0.1231021 0.1216804 0.1530051 0.1469500 0.0823687 0.0742475 0.0798688 0.1219696 0.0604785 0.1146362 0.1368053 0.1418799 0.1379812 0.1714382 0.1487009 0.2497935 0.1600838 0.1306776 0.1335950 0.2441545 0.1226708 0.2538148 0.0642465 0.1402944 0.1431621 0.1486978 0.1363648 0.2463056 0.1294421 0.1470815 0.1316362 0.0609005 0.0726492 0.0731184 0.0982089 0.0570265 0.1134226 0.1243595 0.1455426 0.1291583 0.1344157 0.1263904 0.1561379 0.1341385 0.1404698 0.0755070 0.1369330 0.1322263 0.0497967 0.1410898 0.1232395 0.0624732 0.1482105 0.0783310 0.1267195 0.1366813 0.1510507 0.1326632 0.1357473 0.0579154 0.1408255 0.0886079 0.1376496 0.1312359 0.1342775 0.1269781 0.0810632 0.1262540 0.1211133 0.2430560 0.1322524 0.1294454 0.1422630 0.1243201 
S0327         0.2585542 0.1267012 0.1183033 0.0732251 0.1506315 0.1224934 0.0749606 0.1088171 0.1437320 0.1418441 0.0894867 0.0641390 0.0000000 0.1275739 0.1292010 0.1381251 0.1164793 0.1164661 0.0710768 0.1337473 0.0505755 0.1169941 0.1424335 0.0527306 0.0591615 0.1234287 0.1461415 0.0657612 0.1224868 0.1204922 0.0734056 0.0620073 0.0634836 0.1138527 0.1155893 0.1285698 0.2869943 0.1380833 0.1361232 0.1261548 0.1198259 0.1189175 0.1179460 0.1172252 0.1150362 0.1447696 0.1344563 0.0685490 0.0606568 0.0664959 0.1080035 0.0691999 0.1070655 0.1261423 0.1330812 0.1290695 0.1596960 0.1353046 0.2538854 0.1464129 0.1305076 0.1302454 0.2497289 0.1192699 0.2612170 0.0569279 0.1317209 0.1286548 0.1389246 0.1208549 0.2521682 0.1177596 0.1342250 0.1151357 0.0571757 0.0589236 0.0588913 0.0797187 0.0647692 0.1266527 0.1149100 0.1317985 0.1151545 0.1217186 0.1156819 0.1455843 0.1281404 0.1304487 0.0635430 0.1228830 0.1175103 0.0755407 0.1276063 0.1185376 0.0637762 0.1367496 0.0651000 0.1140400 0.1256144 0.1380279 0.1122024 0.1220127 0.0675797 0.1219229 0.0745175 0.1228956 0.1196499 0.1186716 0.1143526 0.0664997 0.1174242 0.1057727 0.2674670 0.1171053 0.1108235 0.1234261 0.1043402 
S0335         0.2564226 0.1111946 0.1028327 0.1438268 0.1242781 0.0982036 0.1475808 0.0741278 0.1205534 0.1256985 0.1565885 0.1421332 0.1275739 0.0000000 0.0759489 0.1198417 0.0961789 0.0971639 0.1458285 0.1195743 0.1226944 0.1016603 0.1201761 0.1143610 0.1235899 0.0999749 0.1344930 0.1463740 0.1013666 0.0990298 0.1404936 0.1250586 0.1148750 0.0944300 0.0972671 0.1222725 0.2565617 0.1275522 0.1085706 0.1063178 0.0921069 0.1040204 0.1011289 0.1012122 0.1010883 0.1106872 0.1215805 0.1291096 0.1159573 0.1198126 0.0809761 0.1191092 0.0821418 0.1049644 0.0995244 0.1034768 0.1382626 0.1185325 0.2168241 0.1174211 0.0912288 0.0969531 0.2211154 0.1026146 0.2336217 0.1040983 0.1032305 0.0786127 0.1145055 0.0873490 0.2311611 0.1007200 0.1097865 0.0827649 0.1347032 0.1167957 0.1179695 0.1450593 0.1399940 0.0916614 0.0931136 0.0797316 0.0801790 0.1045973 0.0944489 0.1236351 0.0920111 0.1097619 0.1143436 0.0888976 0.0799628 0.1433017 0.1044164 0.1026026 0.1345406 0.1180881 0.1167673 0.0971764 0.1079479 0.0990838 0.0583245 0.1043677 0.1379275 0.1081992 0.1329671 0.1017363 0.1001392 0.0706758 0.0287644 0.1185430 0.0847513 0.0783111 0.2180551 0.0893228 0.0575623 0.0995855 0.0766639 
S0345         0.2417004 0.1154468 0.1045962 0.1344237 0.1265248 0.1077147 0.1448095 0.0825149 0.1256997 0.1253548 0.1515918 0.1273994 0.1292010 0.0759489 0.0000000 0.1143763 0.1080741 0.1088134 0.1476237 0.1104605 0.1225687 0.1047977 0.1124559 0.0984212 0.1193412 0.0901834 0.1294616 0.1458426 0.1107302 0.1099689 0.1408783 0.1249486 0.1093825 0.0998485 0.1075150 0.1181694 0.2458593 0.1251077 0.1140438 0.1094969 0.0898124 0.1064729 0.1097776 0.1036415 0.1017506 0.1187255 0.1185033 0.1337505 0.1120752 0.1191406 0.0845686 0.1304600 0.0767849 0.1076223 0.0983561 0.1022247 0.1325188 0.1167356 0.2032987 0.1178957 0.1000548 0.0997288 0.2055739 0.1039800 0.2217561 0.1195475 0.1115882 0.0775501 0.1070906 0.0934703 0.2123974 0.1090194 0.1129341 0.0894072 0.1347674 0.1079174 0.1101545 0.1414271 0.1208148 0.0780735 0.1021513 0.0565770 0.0856606 0.1121962 0.1048948 0.1227461 0.0923591 0.1100439 0.1202440 0.0930375 0.0948591 0.1363451 0.1060397 0.1031972 0.1366696 0.1161369 0.1147157 0.1044308 0.1078144 0.0997831 0.0674665 0.1089628 0.1362301 0.1142045 0.1410430 0.1081238 0.1030805 0.0477268 0.0672438 0.1119226 0.0857647 0.0815828 0.2043320 0.0903712 0.0658681 0.0933969 0.0838505 
S0376         0.2583065 0.0960293 0.1137686 0.1618910 0.1361975 0.0982446 0.1629789 0.1078006 0.1168667 0.1162420 0.1670234 0.1486927 0.1381251 0.1198417 0.1143763 0.0000000 0.0929228 0.0928523 0.1655521 0.1000553 0.1377283 0.1142633 0.0653049 0.1251415 0.1283014 0.1177939 0.1182860 0.1565929 0.0929629 0.0912778 0.1626062 0.1288425 0.1245487 0.0806708 0.0930709 0.1199143 0.2518496 0.1061819 0.1292347 0.0981661 0.1125143 0.1161178 0.0949195 0.1134241 0.1142140 0.1415074 0.1241145 0.1356410 0.1254450 0.1298925 0.1009972 0.1511740 0.1044989 0.1189699 0.1237472 0.1240633 0.1142540 0.1301695 0.2124219 0.1319180 0.1167734 0.1199666 0.2133127 0.1157801 0.2308712 0.1168638 0.1279344 0.1115161 0.1005710 0.1238284 0.2230720 0.0950428 0.1023239 0.1024108 0.1530713 0.1252138 0.1251505 0.1538209 0.1513593 0.0992252 0.0922205 0.1173129 0.1125469 0.0973835 0.0873961 0.1100679 0.1247223 0.0937954 0.1261960 0.1210639 0.1093356 0.1624124 0.0985252 0.1152032 0.1490788 0.1285286 0.1274820 0.0959641 0.1197586 0.1324915 0.1057440 0.1000933 0.1544876 0.0952178 0.1441888 0.0929466 0.0846175 0.1142660 0.1083025 0.1308688 0.1130153 0.1012656 0.2218547 0.1094839 0.1058453 0.0575377 0.0994102 
S0400         0.2431192 0.0597759 0.0888431 0.1327488 0.1145419 0.0194429 0.1326216 0.0836442 0.0371519 0.0997160 0.1409767 0.1289008 0.1164793 0.0961789 0.1080741 0.0929228 0.0000000 0.0177750 0.1326989 0.0730837 0.1078769 0.0880712 0.0941440 0.1026712 0.1062244 0.1022052 0.0923640 0.1300824 0.0307998 0.0168340 0.1321650 0.1056457 0.0943674 0.0524413 0.0113174 0.0982667 0.2330292 0.0834928 0.1035518 0.0333185 0.0963969 0.0887085 0.0168384 0.0882881 0.0880356 0.1180104 0.0973335 0.1149002 0.0979500 0.1040266 0.0810841 0.1192315 0.0867230 0.1030205 0.1089747 0.1044075 0.1034856 0.1084590 0.1988514 0.1155535 0.0977424 0.1043009 0.2026878 0.0874126 0.2167500 0.0900568 0.1073214 0.0931939 0.0610089 0.0996992 0.2048751 0.0163672 0.0579482 0.0845337 0.1185452 0.0944749 0.0945026 0.1264028 0.1234662 0.0927217 0.0150650 0.1035827 0.0881829 0.0207180 0.0157106 0.0774272 0.1006410 0.0538290 0.0985247 0.0969527 0.0889538 0.1354751 0.0468194 0.0900311 0.1159706 0.1069115 0.0993997 0.0177704 0.0920225 0.1048647 0.0855322 0.0351504 0.1259328 0.0485401 0.1157454 0.0407190 0.0614189 0.0970234 0.0844534 0.1019081 0.0934291 0.0762908 0.2242639 0.0851609 0.0830403 0.0789030 0.0745431 
S0405         0.2434427 0.0616566 0.0905691 0.1334643 0.1192827 0.0231156 0.1334149 0.0825180 0.0394594 0.1036525 0.1407776 0.1285405 0.1164661 0.0971639 0.1088134 0.0928523 0.0177750 0.0000000 0.1314078 0.0739804 0.1095434 0.0897208 0.0914325 0.1105256 0.1079068 0.1035087 0.0951841 0.1286922 0.0319194 0.0169231 0.1325336 0.1043771 0.0948449 0.0547565 0.0192584 0.1004452 0.2355000 0.0850019 0.1041691 0.0358762 0.0965677 0.0903660 0.0231281 0.0899434 0.0896836 0.1194896 0.0989525 0.1141189 0.0973617 0.1051945 0.0831741 0.1213525 0.0867646 0.1042443 0.1114989 0.1067098 0.1071224 0.1086655 0.2007176 0.1166559 0.1019968 0.1092393 0.2067232 0.0890537 0.2198565 0.0906029 0.1085737 0.0932691 0.0634096 0.0991012 0.2064822 0.0199753 0.0603254 0.0849393 0.1190583 0.0949510 0.0949790 0.1281142 0.1242358 0.0956841 0.0151423 0.1053294 0.0875799 0.0244085 0.0162310 0.0810379 0.0993754 0.0566291 0.0989467 0.0964638 0.0878406 0.1339061 0.0499891 0.0916972 0.1165738 0.1051379 0.0982588 0.0218773 0.0938142 0.1043916 0.0866310 0.0353851 0.1258660 0.0512279 0.1172973 0.0428621 0.0616840 0.0987365 0.0833860 0.1013301 0.0940517 0.0788501 0.2244651 0.0857480 0.0851588 0.0779814 0.0742991 
S0407sl       0.2784242 0.1523679 0.1359085 0.0777188 0.1661828 0.1355753 0.0725335 0.1313174 0.1596644 0.1565130 0.0815128 0.0718381 0.0710768 0.1458285 0.1476237 0.1655521 0.1326989 0.1314078 0.0000000 0.1591183 0.0669932 0.1319790 0.1648807 0.0601578 0.0754686 0.1403579 0.1759670 0.0709886 0.1383720 0.1342751 0.0806590 0.0819562 0.0774502 0.1355261 0.1314745 0.1541251 0.2933365 0.1660160 0.1603467 0.1399164 0.1386245 0.1348645 0.1342716 0.1342841 0.1332314 0.1586078 0.1529652 0.0907202 0.0762255 0.0857443 0.1229697 0.0701984 0.1247989 0.1496677 0.1576126 0.1525723 0.1808454 0.1572382 0.2671332 0.1667615 0.1481253 0.1495962 0.2646192 0.1357214 0.2779595 0.0680633 0.1549968 0.1466583 0.1546260 0.1436484 0.2698002 0.1339288 0.1518398 0.1375055 0.0646650 0.0733443 0.0726867 0.1051558 0.0708967 0.1354861 0.1302200 0.1584934 0.1361998 0.1394505 0.1283035 0.1657041 0.1421001 0.1445353 0.0773406 0.1473123 0.1406951 0.0762534 0.1453646 0.1351753 0.0427859 0.1567093 0.0774386 0.1304451 0.1414656 0.1568510 0.1322004 0.1388547 0.0677657 0.1434022 0.0958504 0.1416242 0.1405833 0.1438255 0.1361710 0.0808523 0.1390036 0.1199942 0.2727378 0.1310199 0.1308256 0.1448806 0.1221157 
S0412sl       0.2563463 0.0839392 0.1035824 0.1587694 0.1347895 0.0749856 0.1578207 0.1000707 0.0900980 0.1161261 0.1638280 0.1521765 0.1337473 0.1195743 0.1104605 0.1000553 0.0730837 0.0739804 0.1591183 0.0000000 0.1328689 0.1059697 0.0983997 0.1246048 0.1266547 0.1184299 0.0995923 0.1495602 0.0786363 0.0725884 0.1600521 0.1261153 0.1175474 0.0671295 0.0733147 0.1201589 0.2517733 0.0672775 0.1218370 0.0816125 0.1077073 0.1083353 0.0776234 0.1073681 0.1070411 0.1359413 0.1202393 0.1358178 0.1183108 0.1179764 0.0956722 0.1398629 0.1015830 0.1205255 0.1204042 0.1205777 0.1161394 0.1239743 0.2175037 0.1302613 0.1157710 0.1164983 0.2181781 0.1097298 0.2320709 0.1196029 0.1286362 0.1118651 0.0914304 0.1151519 0.2241862 0.0740096 0.0834380 0.0963118 0.1433343 0.1145505 0.1145858 0.1448025 0.1446250 0.0708121 0.0692963 0.1222841 0.1055227 0.0758083 0.0664584 0.0944623 0.1183453 0.0886028 0.1160989 0.1145681 0.1075266 0.1593126 0.0821022 0.1080288 0.1436440 0.1235185 0.1210063 0.0763604 0.1115330 0.1229794 0.1037116 0.0820538 0.1444882 0.0782541 0.1402110 0.0797366 0.0667518 0.1116389 0.1106152 0.1249885 0.1061571 0.0938152 0.2209497 0.1036126 0.1000142 0.0862347 0.0932611 
S0417         0.2577574 0.1289791 0.1134007 0.0642696 0.1497606 0.1140199 0.0663812 0.1127473 0.1355039 0.1367479 0.0833889 0.0645349 0.0505755 0.1226944 0.1225687 0.1377283 0.1078769 0.1095434 0.0669932 0.1328689 0.0000000 0.1116439 0.1403963 0.0547241 0.0613119 0.1268548 0.1487774 0.0632261 0.1173021 0.1103602 0.0654358 0.0641524 0.0639819 0.1121049 0.1073196 0.1305784 0.2738584 0.1392879 0.1318128 0.1183808 0.1212857 0.1123441 0.1105449 0.1106884 0.1093376 0.1474932 0.1303078 0.0715439 0.0619658 0.0661500 0.1071826 0.0611023 0.1127463 0.1347319 0.1383230 0.1340343 0.1569865 0.1355098 0.2408358 0.1425021 0.1349729 0.1344448 0.2419676 0.1131506 0.2534913 0.0489342 0.1417353 0.1247110 0.1354270 0.1249235 0.2429005 0.1091072 0.1284092 0.1169380 0.0493801 0.0599033 0.0593844 0.0861411 0.0648381 0.1175501 0.1063854 0.1332723 0.1171315 0.1126934 0.1074894 0.1470103 0.1237011 0.1208700 0.0582634 0.1265546 0.1185785 0.0722477 0.1251320 0.1131222 0.0542108 0.1356383 0.0643681 0.1062417 0.1201752 0.1408779 0.1128301 0.1193945 0.0654179 0.1249487 0.0754508 0.1151533 0.1138656 0.1232261 0.1130452 0.0653909 0.1212776 0.1041532 0.2436368 0.1148063 0.1104093 0.1277782 0.1046628 
S0419         0.2538135 0.0935944 0.0148374 0.1335952 0.0568366 0.0915151 0.1314914 0.0886772 0.1110123 0.1186629 0.1467437 0.1222945 0.1169941 0.1016603 0.1047977 0.1142633 0.0880712 0.0897208 0.1319790 0.1059697 0.1116439 0.0000000 0.1152118 0.0938737 0.1056639 0.1073121 0.1195659 0.1249239 0.0926206 0.0903816 0.1320143 0.1051613 0.0984556 0.0829620 0.0900294 0.0518034 0.2517382 0.1106256 0.1081939 0.0967566 0.1022772 0.0120802 0.0938513 0.0099788 0.0107956 0.1252693 0.0520877 0.1097237 0.0998907 0.1054295 0.0813532 0.1159200 0.0878570 0.1095642 0.1110920 0.1125103 0.1250699 0.0500652 0.2093733 0.1198754 0.1036398 0.1101948 0.2184650 0.0120498 0.2275139 0.0864671 0.1089483 0.0988536 0.1034225 0.1003232 0.2223492 0.0918854 0.1016327 0.0918783 0.1199517 0.0968623 0.0962718 0.1272143 0.1286663 0.0795908 0.0867181 0.1078947 0.0939933 0.0961895 0.0864395 0.1130053 0.1022141 0.1018266 0.1049652 0.1034578 0.0981209 0.1332792 0.0918860 0.0129122 0.1240186 0.0496361 0.1030133 0.0926240 0.0423008 0.1144347 0.0875328 0.0986127 0.1296975 0.0948251 0.1251566 0.0934941 0.0906040 0.0998375 0.0932301 0.1015615 0.0920888 0.0775589 0.2034533 0.0663610 0.0855218 0.0971971 0.0805521 
S0427         0.2458059 0.0918600 0.1149403 0.1636438 0.1327249 0.0965825 0.1681576 0.1085481 0.1119744 0.1190197 0.1704615 0.1572572 0.1424335 0.1201761 0.1124559 0.0653049 0.0941440 0.0914325 0.1648807 0.0983997 0.1403963 0.1152118 0.0000000 0.1303677 0.1374286 0.1149233 0.1199546 0.1601665 0.0957369 0.0925103 0.1651367 0.1348430 0.1256892 0.0823612 0.0932931 0.1207355 0.2496649 0.1001323 0.1314833 0.0988901 0.1038140 0.1164991 0.0970513 0.1138243 0.1157414 0.1345188 0.1230822 0.1387803 0.1257953 0.1297326 0.1022681 0.1463862 0.0970183 0.1178430 0.1201141 0.1195023 0.1189203 0.1329980 0.2081590 0.1410150 0.1142952 0.1174643 0.2115325 0.1178488 0.2267182 0.1126771 0.1292217 0.1193073 0.0944865 0.1265336 0.2161378 0.0951812 0.0957808 0.1103175 0.1538806 0.1263965 0.1274717 0.1522755 0.1579011 0.0936315 0.0918686 0.1236116 0.1105571 0.0985794 0.0876120 0.1109854 0.1252819 0.0902122 0.1292367 0.1202832 0.1097607 0.1678427 0.0889125 0.1167264 0.1566772 0.1313747 0.1298209 0.0987806 0.1167463 0.1306552 0.1083509 0.0969397 0.1549463 0.0923743 0.1458600 0.0908514 0.0877426 0.1111866 0.1103395 0.1322254 0.1076410 0.1027026 0.2009804 0.1076690 0.1101753 0.0541511 0.1032291 
S0428sl       0.2404077 0.1080344 0.1029633 0.0659897 0.1278539 0.1090807 0.0644224 0.1031762 0.1162396 0.1250333 0.0667274 0.0492172 0.0527306 0.1143610 0.0984212 0.1251415 0.1026712 0.1105256 0.0601578 0.1246048 0.0547241 0.0938737 0.1303677 0.0000000 0.0514322 0.1148374 0.1327829 0.0549511 0.1154249 0.1140029 0.0675000 0.0536930 0.0468210 0.1048111 0.1011569 0.1219572 0.2449985 0.1183099 0.1123591 0.1188307 0.1191227 0.1001376 0.1041817 0.0990564 0.1001724 0.1352383 0.1205045 0.0698046 0.0443361 0.0524736 0.0920889 0.0632490 0.1100122 0.1131129 0.1189812 0.1253308 0.1392742 0.1285135 0.1982518 0.1253111 0.1248405 0.1073325 0.2070978 0.1014962 0.2174241 0.0534947 0.1318689 0.1022380 0.1319733 0.1078687 0.2157980 0.1058483 0.1207262 0.1022308 0.0440745 0.0494254 0.0467869 0.0787904 0.0653569 0.1366347 0.1022534 0.1072501 0.1052403 0.1102596 0.1053914 0.1392776 0.1166007 0.1163045 0.0449617 0.1120013 0.1087045 0.0708480 0.1140090 0.0999295 0.0538533 0.1301034 0.0504797 0.1031934 0.1166243 0.1152695 0.1048116 0.1079993 0.0584706 0.1051311 0.0616091 0.1121458 0.1094198 0.1083241 0.1035618 0.0535221 0.1083397 0.0966729 0.2358114 0.1048177 0.1024495 0.1123035 0.0918113 
S0478         0.2518072 0.1175411 0.1093893 0.0795209 0.1441486 0.1122378 0.0771685 0.1027187 0.1324611 0.1354780 0.0930879 0.0740527 0.0591615 0.1235899 0.1193412 0.1283014 0.1062244 0.1079068 0.0754686 0.1266547 0.0613119 0.1056639 0.1374286 0.0514322 0.0000000 0.1213302 0.1447098 0.0708034 0.1115858 0.1079873 0.0774150 0.0535265 0.0509740 0.1056820 0.1062138 0.1301003 0.2683475 0.1345169 0.1267776 0.1137576 0.1205369 0.1080538 0.1083513 0.1064007 0.1061781 0.1437042 0.1295234 0.0614997 0.0489446 0.0583206 0.0997869 0.0678602 0.1030593 0.1268298 0.1295592 0.1259673 0.1451708 0.1312116 0.2283399 0.1357234 0.1248974 0.1258804 0.2277422 0.1071583 0.2418801 0.0459769 0.1254641 0.1204513 0.1313159 0.1179023 0.2356580 0.1086179 0.1273993 0.1093166 0.0661438 0.0469660 0.0464680 0.0737755 0.0749988 0.1006127 0.1036246 0.1259570 0.1076850 0.1139444 0.1051933 0.1365998 0.1165364 0.1225620 0.0557679 0.1162553 0.1093746 0.0809006 0.1229825 0.1088559 0.0690675 0.1313366 0.0538731 0.1069205 0.1191272 0.1305385 0.1100812 0.1155405 0.0760993 0.1148845 0.0671217 0.1142622 0.1079768 0.1240173 0.1098362 0.0525787 0.1169809 0.0995570 0.2330764 0.1095970 0.1056055 0.1190390 0.0961069 
S0552sl       0.2652867 0.1085985 0.1064886 0.1368912 0.1280531 0.1047377 0.1260071 0.0877876 0.1271689 0.1205472 0.1408047 0.1264790 0.1234287 0.0999749 0.0901834 0.1177939 0.1022052 0.1035087 0.1403579 0.1184299 0.1268548 0.1073121 0.1149233 0.1148374 0.1213302 0.0000000 0.1273365 0.1355547 0.1047056 0.1046408 0.1333174 0.1276136 0.1135199 0.0959224 0.1032629 0.1226050 0.2554527 0.1258885 0.1153008 0.1089596 0.0263643 0.1085757 0.1064633 0.1063681 0.1083852 0.0690919 0.1238484 0.1341638 0.1199090 0.1295341 0.0850036 0.1194366 0.0213878 0.0613636 0.0428143 0.0299953 0.1282146 0.1258463 0.2233612 0.1279228 0.0593755 0.0591002 0.2213777 0.1099287 0.2349123 0.1027911 0.0626779 0.1008763 0.1089234 0.0944540 0.2298254 0.1032755 0.1100222 0.0935851 0.1335039 0.1195930 0.1202025 0.1522632 0.1257747 0.1073186 0.0968201 0.1078512 0.0881975 0.1078997 0.0988569 0.1205524 0.0921476 0.1095046 0.1235344 0.0979488 0.0921927 0.1300364 0.1007010 0.1099238 0.1294992 0.1259767 0.1199654 0.1034294 0.1133965 0.0960900 0.0909221 0.1097087 0.1318890 0.1114622 0.1476543 0.1046778 0.1020816 0.0986421 0.0960337 0.1242539 0.0604752 0.0828787 0.2215411 0.0965859 0.0867626 0.1019688 0.0870206 
S0558         0.2767513 0.1013669 0.1178489 0.1667895 0.1404732 0.0981807 0.1729998 0.1156571 0.1203063 0.1201667 0.1851817 0.1676888 0.1461415 0.1344930 0.1294616 0.1182860 0.0923640 0.0951841 0.1759670 0.0995923 0.1487774 0.1195659 0.1199546 0.1327829 0.1447098 0.1273365 0.0000000 0.1626526 0.1007298 0.0929713 0.1725275 0.1532299 0.1360800 0.0870523 0.0946103 0.1301325 0.2629422 0.0984200 0.1359870 0.1063995 0.1242060 0.1209438 0.0988879 0.1171138 0.1174637 0.1497764 0.1340985 0.1565088 0.1413660 0.1459335 0.1162233 0.1571644 0.1129829 0.1205068 0.1255668 0.1327528 0.1267361 0.1419953 0.2202269 0.1461518 0.1239613 0.1231677 0.2243563 0.1212906 0.2413832 0.1243327 0.1336230 0.1261804 0.1145027 0.1321352 0.2247969 0.0973499 0.1075005 0.1254982 0.1607476 0.1389731 0.1396898 0.1677766 0.1588186 0.1260623 0.0914937 0.1387308 0.1193850 0.1016780 0.0864125 0.1073954 0.1340299 0.1030308 0.1385281 0.1278057 0.1242006 0.1686548 0.0986668 0.1197961 0.1561431 0.1393299 0.1363994 0.0978864 0.1168086 0.1344617 0.1223558 0.1035076 0.1625703 0.0997968 0.1567936 0.1047670 0.0851896 0.1295234 0.1276725 0.1437705 0.1178839 0.1084110 0.2566546 0.1216054 0.1185384 0.1049708 0.1083438 
S0624         0.2758609 0.1467281 0.1277104 0.0711030 0.1655418 0.1338857 0.0653171 0.1260573 0.1564438 0.1559577 0.0797711 0.0567504 0.0657612 0.1463740 0.1458426 0.1565929 0.1300824 0.1286922 0.0709886 0.1495602 0.0632261 0.1249239 0.1601665 0.0549511 0.0708034 0.1355547 0.1626526 0.0000000 0.1279379 0.1316991 0.0634115 0.0742134 0.0710738 0.1247877 0.1296850 0.1448621 0.2897854 0.1582343 0.1488432 0.1369446 0.1355093 0.1268714 0.1302645 0.1264327 0.1235448 0.1623917 0.1471047 0.0827304 0.0693890 0.0781598 0.1249995 0.0641619 0.1229858 0.1381611 0.1495276 0.1480151 0.1699708 0.1488842 0.2459415 0.1613892 0.1446799 0.1489397 0.2551822 0.1258640 0.2676579 0.0659157 0.1453600 0.1432123 0.1500879 0.1440082 0.2543957 0.1300333 0.1462967 0.1333194 0.0562060 0.0681395 0.0681429 0.0968585 0.0618321 0.1491676 0.1264087 0.1516290 0.1304393 0.1347887 0.1265928 0.1519129 0.1417287 0.1429554 0.0678194 0.1449161 0.1320872 0.0722898 0.1420883 0.1271061 0.0627414 0.1483878 0.0721739 0.1262623 0.1386845 0.1538918 0.1342608 0.1360097 0.0625335 0.1399432 0.0902424 0.1336306 0.1327047 0.1407270 0.1345930 0.0725335 0.1352932 0.1256178 0.2739631 0.1332844 0.1327907 0.1386831 0.1243681 
S0641         0.2445815 0.0637275 0.0934757 0.1413791 0.1190476 0.0355019 0.1355892 0.0897887 0.0514903 0.1057043 0.1482321 0.1330724 0.1224868 0.1013666 0.1107302 0.0929629 0.0307998 0.0319194 0.1383720 0.0786363 0.1173021 0.0926206 0.0957369 0.1154249 0.1115858 0.1047056 0.1007298 0.1279379 0.0000000 0.0308664 0.1383423 0.1068347 0.1022772 0.0597236 0.0319799 0.1046459 0.2355123 0.0893989 0.1093076 0.0389014 0.0969977 0.0916547 0.0355216 0.0928525 0.0925823 0.1204777 0.1047537 0.1210999 0.1048416 0.1099660 0.0826858 0.1268087 0.0876053 0.1025050 0.1067442 0.1090477 0.1072610 0.1135489 0.2025607 0.1186563 0.0956717 0.1033790 0.2010688 0.0930182 0.2181231 0.0904628 0.1076398 0.1013447 0.0627801 0.1038544 0.2055774 0.0321566 0.0597613 0.0883518 0.1266630 0.1012573 0.1018379 0.1326725 0.1267337 0.0893131 0.0298525 0.1085149 0.0916165 0.0358627 0.0311912 0.0815994 0.1013266 0.0574331 0.1047745 0.1016679 0.0951043 0.1417080 0.0546649 0.0946199 0.1246058 0.1119683 0.1057943 0.0342888 0.0961726 0.1087845 0.0914319 0.0397963 0.1331023 0.0519536 0.1236194 0.0474076 0.0658838 0.1052096 0.0908125 0.1054108 0.0998810 0.0820743 0.2218785 0.0933287 0.0915871 0.0831177 0.0834016 
S0643         0.2442277 0.0613931 0.0912553 0.1348632 0.1182593 0.0216950 0.1377304 0.0842358 0.0377444 0.1003291 0.1462773 0.1309796 0.1204922 0.0990298 0.1099689 0.0912778 0.0168340 0.0169231 0.1342751 0.0725884 0.1103602 0.0903816 0.0925103 0.1140029 0.1079873 0.1046408 0.0929713 0.1316991 0.0308664 0.0000000 0.1337032 0.1081968 0.0972884 0.0540453 0.0178617 0.1023162 0.2327601 0.0852347 0.1061239 0.0325294 0.0971653 0.0910258 0.0217066 0.0906050 0.0903448 0.1217298 0.1008156 0.1149957 0.0998084 0.1059352 0.0823070 0.1231142 0.0879504 0.1054648 0.1120539 0.1079137 0.1052828 0.1109340 0.2010062 0.1164008 0.1026932 0.1093483 0.2003249 0.0897152 0.2154673 0.0883978 0.1092084 0.0957669 0.0621251 0.1033240 0.2008658 0.0185838 0.0590576 0.0868189 0.1216790 0.0963084 0.0963368 0.1296186 0.1255894 0.0928045 0.0142232 0.1061227 0.0887894 0.0229791 0.0105129 0.0791385 0.1019458 0.0539466 0.1009891 0.0982445 0.0900798 0.1364310 0.0483319 0.0923520 0.1186040 0.1093776 0.1012727 0.0209156 0.0939225 0.1067497 0.0862572 0.0343158 0.1291589 0.0486372 0.1192522 0.0412695 0.0599996 0.0977983 0.0852263 0.1038015 0.0940537 0.0785126 0.2229818 0.0858797 0.0847936 0.0774238 0.0756168 
S0645sl       0.2760043 0.1522387 0.1347748 0.0669104 0.1649098 0.1370523 0.0689670 0.1308254 0.1626018 0.1597894 0.0804625 0.0620322 0.0734056 0.1404936 0.1408783 0.1626062 0.1321650 0.1325336 0.0806590 0.1600521 0.0654358 0.1320143 0.1651367 0.0675000 0.0774150 0.1333174 0.1725275 0.0634115 0.1383423 0.1337032 0.0000000 0.0788300 0.0810695 0.1348529 0.1312054 0.1562495 0.2753890 0.1594161 0.1544593 0.1416907 0.1341321 0.1319887 0.1339022 0.1322689 0.1307747 0.1533974 0.1518807 0.0854432 0.0794561 0.0847166 0.1282768 0.0694620 0.1199310 0.1466031 0.1499703 0.1403857 0.1723961 0.1582780 0.2578842 0.1665813 0.1389176 0.1428850 0.2477824 0.1317129 0.2633329 0.0745361 0.1480664 0.1443436 0.1574549 0.1416943 0.2487233 0.1335012 0.1548756 0.1389021 0.0625052 0.0787940 0.0792694 0.1035180 0.0655885 0.1534205 0.1281118 0.1526688 0.1315501 0.1397932 0.1289409 0.1663594 0.1384551 0.1489345 0.0826540 0.1474910 0.1378007 0.0688709 0.1501949 0.1329760 0.0693475 0.1578134 0.0813345 0.1313462 0.1438245 0.1483078 0.1358432 0.1408176 0.0717665 0.1435421 0.0942609 0.1426767 0.1371153 0.1417618 0.1323791 0.0862398 0.1319123 0.1290061 0.2503040 0.1387266 0.1337427 0.1467925 0.1324595 
S0656sl       0.2557847 0.1210921 0.1097709 0.0865413 0.1418095 0.1102099 0.0855914 0.1044301 0.1280879 0.1354804 0.1007828 0.0769312 0.0620073 0.1250586 0.1249486 0.1288425 0.1056457 0.1043771 0.0819562 0.1261153 0.0641524 0.1051613 0.1348430 0.0536930 0.0535265 0.1276136 0.1532299 0.0742134 0.1068347 0.1081968 0.0788300 0.0000000 0.0544147 0.1049286 0.1050510 0.1307066 0.2684809 0.1337511 0.1281660 0.1126713 0.1237621 0.1077758 0.1078005 0.1060973 0.1052783 0.1489977 0.1288582 0.0280928 0.0528820 0.0269020 0.1017867 0.0788059 0.1092444 0.1280179 0.1350997 0.1327356 0.1512356 0.1309002 0.2222650 0.1361658 0.1237861 0.1286655 0.2294189 0.1068726 0.2421152 0.0479856 0.1324185 0.1254639 0.1299794 0.1192961 0.2397835 0.1042986 0.1237782 0.1124403 0.0666686 0.0502211 0.0497307 0.0424799 0.0833215 0.1230731 0.1041184 0.1359224 0.1113348 0.1098523 0.1052337 0.1368482 0.1181403 0.1211720 0.0437188 0.1230734 0.1113386 0.0894185 0.1219934 0.1085838 0.0743744 0.1310281 0.0589224 0.1046080 0.1202179 0.1313903 0.1129284 0.1119703 0.0801595 0.1148317 0.0379623 0.1096509 0.1097682 0.1268656 0.1133352 0.0560967 0.1199715 0.0975612 0.2436273 0.1072708 0.1099499 0.1188863 0.0964662 
S0673         0.2384900 0.1063474 0.1018134 0.0840806 0.1370467 0.1013567 0.0797411 0.0967443 0.1177913 0.1284676 0.0954291 0.0753770 0.0634836 0.1148750 0.1093825 0.1245487 0.0943674 0.0948449 0.0774502 0.1175474 0.0639819 0.0984556 0.1256892 0.0468210 0.0509740 0.1135199 0.1360800 0.0710738 0.1022772 0.0972884 0.0810695 0.0544147 0.0000000 0.0993038 0.0953343 0.1206501 0.2571419 0.1302815 0.1223643 0.1022036 0.1108001 0.1007600 0.0974486 0.0986204 0.0989495 0.1348180 0.1184070 0.0633929 0.0172158 0.0572068 0.0930763 0.0725612 0.0987726 0.1191083 0.1259785 0.1219854 0.1356441 0.1229575 0.2156708 0.1252247 0.1203863 0.1235919 0.2230467 0.1004717 0.2314008 0.0428231 0.1263178 0.1111249 0.1177586 0.1119039 0.2284673 0.0966664 0.1116357 0.1015401 0.0679878 0.0193418 0.0197635 0.0766629 0.0758071 0.0928152 0.0913697 0.1213513 0.1020524 0.1006623 0.0931788 0.1248521 0.1165523 0.1114389 0.0545055 0.1127844 0.1013013 0.0837841 0.1043986 0.1021031 0.0720111 0.1225067 0.0211185 0.0949686 0.1090224 0.1287690 0.1006326 0.1029976 0.0784878 0.1064514 0.0710071 0.1027193 0.0997536 0.1098415 0.1050829 0.0309683 0.1116621 0.0885861 0.2305263 0.0977185 0.0967156 0.1063884 0.0875860 
