136
PAFTOL_019361 0.0000000 0.2441390 0.2094359 0.2323106 0.2496720 0.2480642 0.2417300 0.2279053 0.2299561 0.2731680 0.2498039 0.2384760 0.2817138 0.2869065 0.2375815 0.2646045 0.2183669 0.2392925 0.2644576 0.2738487 0.2471348 0.2488909 0.2475088 0.2305718 0.2980556 0.2245298 0.1985567 0.2656478 0.2414711 0.2718799 0.2195782 0.2470814 0.2710636 0.2812689 0.2724986 0.2308914 0.2400928 0.2648274 0.2256660 0.2138650 0.2240181 0.2429116 0.2763304 0.2224566 0.2713308 0.2468921 0.2461703 0.2729735 0.2467012 0.2582134 0.2547088 0.1978733 0.2554422 0.1997104 0.1959258 0.2692019 0.2380812 0.2221660 0.2697761 0.2122328 0.2107331 0.2151399 0.2426260 0.2763792 0.2619597 0.2664856 0.2531093 0.2567457 0.2666151 0.2515173 0.2495967 0.2265222 0.2981135 0.2461070 0.2690131 0.2829552 0.2371040 0.2134571 0.2282932 0.2189450 0.2602986 0.2358762 0.2650006 0.2528894 0.2504095 0.2423128 0.2484085 0.2652842 0.2426500 0.2278207 0.2075058 0.2156704 0.2821020 0.2114695 0.2292980 0.2787249 0.2776558 0.2920758 0.2446850 0.2699319 0.2499795 0.2232996 0.2480535 0.2533070 0.2431420 0.2581150 0.2610373 0.2205885 0.2255314 0.2379739 0.2300800 0.2573471 0.2031160 0.2220685 0.2487651 0.2210961 0.2620248 0.2602243 0.2546053 0.2378598 0.2466960 0.2385136 0.2456227 0.2216908 0.2453600 0.2390977 0.2451706 0.2321785 0.2146040 0.2504219 0.2102703 0.2458345 0.1993734 0.2308417 0.2674939 0.2073714 
S0055         0.2441390 0.0000000 0.0878398 0.0963399 0.0829458 0.0664747 0.1019799 0.0919192 0.0885382 0.0924442 0.0927456 0.0970222 0.1175997 0.1158018 0.0970391 0.1095998 0.0875776 0.0921992 0.1036802 0.1126807 0.0614538 0.0663017 0.0651753 0.0881008 0.0824637 0.0884539 0.0714065 0.0683713 0.0933758 0.1120984 0.0836044 0.0988213 0.0996518 0.1115158 0.1213747 0.0903381 0.0694332 0.0716098 0.0971514 0.0828222 0.0904321 0.0671430 0.0789672 0.0847432 0.1152854 0.1513459 0.0838050 0.1141149 0.1025014 0.0680050 0.1035212 0.0716743 0.0689627 0.0704269 0.0723155 0.1035672 0.0923826 0.0881430 0.1135067 0.0830384 0.0793092 0.0765188 0.0923542 0.1061454 0.1069250 0.1055372 0.1048866 0.1047786 0.0946412 0.0886780 0.1501888 0.0986024 0.1117992 0.1100871 0.1009569 0.0992486 0.1348281 0.0765356 0.1488142 0.0993399 0.1023681 0.0879953 0.1125420 0.0708711 0.0961021 0.1489594 0.0662389 0.0711826 0.0861709 0.0894624 0.0808602 0.0850271 0.1158138 0.0851008 0.0940660 0.1077261 0.1188309 0.1211216 0.0654929 0.1134852 0.0936036 0.0868343 0.0666937 0.0632979 0.0581522 0.0986209 0.0679711 0.0853813 0.0867873 0.0890225 0.0960248 0.0680065 0.0759489 0.0850946 0.0888244 0.0882953 0.0705284 0.0929312 0.0996275 0.0848054 0.0720003 0.1007844 0.0649895 0.0883760 0.0672566 0.0644440 0.0927965 0.0892167 0.0889349 0.0888956 0.0740872 0.1220288 0.0752259 0.0823495 0.0691938 0.0768082 
S0196sl       0.2094359 0.0878398 0.0000000 0.0853487 0.0427285 0.0822319 0.1013641 0.0827617 0.0800538 0.1007147 0.1062455 0.0881803 0.1107652 0.1100489 0.0825560 0.1031462 0.0756374 0.0852926 0.0796472 0.1052478 0.0840392 0.0815491 0.0804475 0.0754041 0.1153071 0.0796105 0.0160476 0.0992314 0.0769745 0.1049357 0.0734195 0.0877968 0.1191888 0.1100267 0.0979385 0.0822879 0.0935107 0.0894677 0.0839742 0.0669220 0.0736253 0.0791712 0.0882544 0.0346063 0.1047466 0.1436569 0.0987353 0.1071348 0.0919930 0.0835831 0.0932007 0.0154542 0.0844902 0.0137557 0.0157455 0.0967013 0.0430374 0.0721812 0.1137724 0.0683021 0.0705309 0.0592290 0.0717349 0.0959276 0.0991328 0.0955996 0.0919988 0.0967864 0.1000100 0.0482255 0.1412811 0.0858056 0.1117405 0.1132125 0.0936851 0.0932860 0.1238994 0.0129084 0.1363687 0.0657223 0.0972936 0.0810125 0.1144496 0.0910152 0.0847689 0.1412052 0.0818262 0.0934731 0.0735936 0.0810679 0.0658713 0.0713776 0.1075078 0.0678179 0.0823111 0.1080413 0.1089455 0.1120136 0.0814076 0.1126023 0.0880287 0.0737584 0.0826461 0.0772871 0.1196962 0.0868568 0.0891446 0.0735131 0.0741885 0.0804290 0.0864503 0.0885163 0.0163027 0.0795871 0.0472327 0.0747538 0.0857596 0.0541057 0.0835170 0.0726451 0.0861361 0.0920239 0.0824496 0.0764102 0.0851463 0.0798796 0.0851461 0.0835717 0.0755014 0.0797396 0.0599754 0.1110012 0.0464197 0.0718429 0.0950678 0.0639327 
S0278         0.2323106 0.0963399 0.0853487 0.0000000 0.0869895 0.0905918 0.1018113 0.0418075 0.0970532 0.1142151 0.1131867 0.0434359 0.1161224 0.1178143 0.0385576 0.1057792 0.0466876 0.0976154 0.1150121 0.1114507 0.0950015 0.0889677 0.0866002 0.0389423 0.1176714 0.0416673 0.0708066 0.1054075 0.0512431 0.1098014 0.0494016 0.0977348 0.1209865 0.1127752 0.1151149 0.0374946 0.0984796 0.0936772 0.0448597 0.0522225 0.0607071 0.0873874 0.1001325 0.0834648 0.1118206 0.1514533 0.1039257 0.1114807 0.1017423 0.0918080 0.1036221 0.0700463 0.0906858 0.0702931 0.0706873 0.1082117 0.0900272 0.0578566 0.1164873 0.0545339 0.0541984 0.0774092 0.0433523 0.1021372 0.1071369 0.1044606 0.1036104 0.1038920 0.1166991 0.0920430 0.1504193 0.0923837 0.1185194 0.1146039 0.1010427 0.0997777 0.1316538 0.0757423 0.1467480 0.0590476 0.1032855 0.0937896 0.1155250 0.0994597 0.1025828 0.1502013 0.0863451 0.1016145 0.0943776 0.0408863 0.0530981 0.0564156 0.1123906 0.0537775 0.0310906 0.1104095 0.1162566 0.1190114 0.0844026 0.1187434 0.1003194 0.0940271 0.0871780 0.0883698 0.1244555 0.1004350 0.0965982 0.0556213 0.0892432 0.0985798 0.0428698 0.0975929 0.0736995 0.0416854 0.0907774 0.0576817 0.0906468 0.0981679 0.1061945 0.0910305 0.0932639 0.0511769 0.0883119 0.0593108 0.0915285 0.0899156 0.1007201 0.0965796 0.0601880 0.0941606 0.0764755 0.1157806 0.0715981 0.0888457 0.1043395 0.0750058 
S0281         0.2496720 0.0829458 0.0427285 0.0869895 0.0000000 0.0803105 0.0915882 0.0853104 0.0756204 0.1108932 0.1064625 0.0916051 0.1088263 0.1052455 0.0851708 0.1014095 0.0780617 0.0774025 0.0909691 0.1035728 0.0823648 0.0801694 0.0789555 0.0816860 0.1056743 0.0840187 0.0333188 0.0899591 0.0900814 0.1022938 0.0777579 0.0806812 0.1142326 0.1028237 0.1138858 0.0826605 0.0897613 0.0865681 0.0898208 0.0701566 0.0799931 0.0780676 0.0909013 0.0421842 0.1057791 0.1428211 0.0987544 0.1049596 0.0933503 0.0832242 0.0865317 0.0316607 0.0817979 0.0331071 0.0330055 0.0848153 0.0499336 0.0761216 0.1103414 0.0737301 0.0710124 0.0615960 0.0863634 0.0957566 0.0881441 0.0846459 0.0838527 0.0843781 0.1155579 0.0471450 0.1417132 0.0880958 0.1077809 0.1116146 0.0793656 0.0776064 0.1258030 0.0371895 0.1418004 0.0873156 0.0873768 0.0776206 0.1056746 0.0865622 0.0828780 0.1426718 0.0808754 0.0889602 0.0725733 0.0848201 0.0716092 0.0768575 0.1059741 0.0731947 0.0869852 0.1025340 0.1096354 0.1104259 0.0785458 0.1093314 0.0785376 0.0725104 0.0826108 0.0770696 0.1092346 0.0869004 0.0828559 0.0806841 0.0743107 0.0771651 0.0897714 0.0870721 0.0356900 0.0817815 0.0465906 0.0791527 0.0842881 0.0494352 0.0827822 0.0708840 0.0836105 0.0897397 0.0813013 0.0804151 0.0843706 0.0792492 0.0791633 0.0763682 0.0782912 0.0710891 0.0602026 0.1109135 0.0540485 0.0690213 0.0863927 0.0649467 
S0282         0.2480642 0.0664747 0.0822319 0.0905918 0.0803105 0.0000000 0.0932836 0.0837528 0.0890687 0.0364627 0.0855022 0.0909811 0.1115149 0.1146088 0.0894557 0.1028062 0.0815181 0.0916286 0.1071575 0.1055531 0.0635852 0.0136914 0.0169016 0.0810668 0.0830322 0.0824646 0.0687791 0.0741469 0.0872237 0.1059038 0.0774287 0.0958929 0.0865635 0.1083919 0.1085403 0.0849041 0.0453096 0.0230151 0.0912739 0.0753508 0.0831295 0.0584169 0.0225098 0.0778085 0.1078036 0.1500098 0.0763498 0.1078855 0.0892089 0.0219690 0.1025598 0.0665602 0.0146268 0.0682654 0.0671389 0.0998897 0.0864931 0.0790779 0.1130521 0.0784099 0.0747685 0.0692334 0.0895145 0.0970877 0.1031280 0.1017644 0.1013028 0.1021727 0.0904181 0.0860264 0.1499179 0.0863767 0.1087798 0.1051359 0.0963670 0.0950972 0.1320151 0.0716656 0.1493324 0.0921428 0.1025923 0.0845426 0.1098752 0.0512078 0.0961629 0.1508560 0.0131854 0.0399008 0.0877804 0.0840696 0.0763403 0.0822365 0.1089680 0.0763020 0.0878184 0.1045460 0.1113296 0.1142361 0.0171044 0.1130670 0.0946368 0.0884162 0.0144961 0.0164815 0.0908561 0.0964825 0.0472881 0.0796150 0.0861202 0.0896724 0.0891077 0.0361192 0.0701907 0.0834747 0.0851518 0.0839277 0.0168833 0.0904536 0.0980771 0.0826196 0.0247407 0.0951585 0.0273696 0.0824686 0.0373842 0.0567141 0.0968484 0.0883245 0.0835195 0.0850864 0.0680790 0.1128981 0.0698058 0.0746291 0.0722218 0.0697807 
S0288         0.2417300 0.1019799 0.1013641 0.1018113 0.0915882 0.0932836 0.0000000 0.0957688 0.1033519 0.1255732 0.1206861 0.1027843 0.0165658 0.0596206 0.1015472 0.0142120 0.0914624 0.1079499 0.1274771 0.0120544 0.0947250 0.0967264 0.0932067 0.0923082 0.1106178 0.0943571 0.0860057 0.1065967 0.0965902 0.0093457 0.0899391 0.1045416 0.1239937 0.0658645 0.0156135 0.0948702 0.1008540 0.1020879 0.1025122 0.0838739 0.0932972 0.0958944 0.1110635 0.0962627 0.0141389 0.1464358 0.1146696 0.0117195 0.1132758 0.0945623 0.1109754 0.0836977 0.0950014 0.0824042 0.0820771 0.1059348 0.1066501 0.0895584 0.0705944 0.0892339 0.0877178 0.0856986 0.0953811 0.0276884 0.1123567 0.1131618 0.1082875 0.1096668 0.1197643 0.1016609 0.1521346 0.1069663 0.0694746 0.0691654 0.1020756 0.1027482 0.1289976 0.0878859 0.1437591 0.1047679 0.1132177 0.1017744 0.0710100 0.1006131 0.1127047 0.1451989 0.0935040 0.1031161 0.1016970 0.0955196 0.0890186 0.0919348 0.0124299 0.0873495 0.0981675 0.0608597 0.0141335 0.0155831 0.0934366 0.0696514 0.1030800 0.1068911 0.0957121 0.0954514 0.1291821 0.1111339 0.0948390 0.0918706 0.1011970 0.1095961 0.1033615 0.1042489 0.0876650 0.0952968 0.1008556 0.0932144 0.0978017 0.1015877 0.1129650 0.0984911 0.0987469 0.1091883 0.0943613 0.0903304 0.0981452 0.0956813 0.1026454 0.1054085 0.0936340 0.0923811 0.0857406 0.1317035 0.0818702 0.0935126 0.1068107 0.0873849 
S0289         0.2279053 0.0919192 0.0827617 0.0418075 0.0853104 0.0837528 0.0957688 0.0000000 0.0888880 0.1081088 0.1085898 0.0445452 0.1098737 0.1131602 0.0355603 0.0995784 0.0405600 0.0933325 0.1129307 0.1045756 0.0892280 0.0809345 0.0802367 0.0362805 0.1157913 0.0330220 0.0697519 0.1009838 0.0442166 0.1033181 0.0435199 0.0945575 0.1146286 0.1128748 0.1079457 0.0396690 0.0919315 0.0883043 0.0439105 0.0477104 0.0557839 0.0811281 0.0907805 0.0803971 0.1061117 0.1433294 0.0957227 0.1039501 0.0997872 0.0838259 0.0990357 0.0672098 0.0836388 0.0686420 0.0690397 0.1067996 0.0886653 0.0533353 0.1123662 0.0494281 0.0494571 0.0738982 0.0402263 0.0985623 0.1019616 0.1007771 0.0996361 0.0988952 0.1116488 0.0914531 0.1426982 0.0935466 0.1109880 0.1082319 0.1005660 0.0989809 0.1246545 0.0738143 0.1411892 0.0561751 0.1035236 0.0864344 0.1101193 0.0947076 0.1003880 0.1431509 0.0806643 0.0956139 0.0887655 0.0322549 0.0476754 0.0517461 0.1057816 0.0487093 0.0406888 0.1083261 0.1106448 0.1119344 0.0790469 0.1132171 0.0981685 0.0876922 0.0817919 0.0793234 0.1173887 0.0960033 0.0893703 0.0504747 0.0837588 0.0914354 0.0404414 0.0910137 0.0707915 0.0374153 0.0898052 0.0539222 0.0845303 0.0964676 0.1014682 0.0837289 0.0849049 0.0469336 0.0806561 0.0535892 0.0851276 0.0821040 0.0957738 0.0906679 0.0530532 0.0895401 0.0721460 0.1144019 0.0697911 0.0826203 0.0975001 0.0721283 
S0292         0.2299561 0.0885382 0.0800538 0.0970532 0.0756204 0.0890687 0.1033519 0.0888880 0.0000000 0.1143208 0.1151000 0.0976860 0.1228805 0.1204064 0.0950956 0.1129609 0.0873836 0.0728379 0.0784291 0.1169577 0.0868220 0.0870993 0.0849565 0.0864805 0.1110920 0.0913107 0.0707758 0.0961195 0.0935101 0.1157356 0.0853537 0.0734913 0.1212397 0.1178097 0.1162744 0.0895911 0.0925740 0.0927808 0.0956330 0.0772759 0.0898552 0.0873694 0.0983024 0.0805601 0.1177991 0.1467930 0.1033395 0.1180558 0.0984053 0.0869556 0.0764273 0.0685517 0.0908933 0.0690461 0.0697576 0.0802706 0.0885454 0.0849522 0.1165762 0.0839747 0.0808180 0.0595850 0.0931745 0.1060443 0.0811724 0.0812958 0.0760193 0.0764993 0.1221562 0.0888090 0.1461234 0.0945436 0.1203086 0.1185653 0.0772813 0.0778336 0.1306010 0.0742490 0.1471401 0.0924915 0.0830491 0.0672533 0.1166446 0.0954885 0.0536108 0.1478933 0.0877704 0.0996577 0.0617651 0.0910273 0.0818590 0.0866967 0.1186154 0.0790221 0.0947409 0.1156632 0.1211891 0.1246082 0.0865634 0.1157541 0.0704200 0.0225536 0.0876911 0.0853579 0.1154491 0.0535710 0.0893020 0.0856144 0.0281095 0.0270738 0.0976417 0.0956864 0.0739282 0.0873199 0.0872119 0.0885691 0.0928838 0.0922199 0.0523973 0.0642792 0.0933839 0.0984789 0.0879517 0.0862402 0.0871144 0.0880270 0.0701956 0.0703602 0.0881869 0.0668908 0.0593112 0.1177149 0.0713115 0.0592908 0.0970448 0.0629904 
S0293         0.2731680 0.0924442 0.1007147 0.1142151 0.1108932 0.0364627 0.1255732 0.1081088 0.1143208 0.0000000 0.1028470 0.1139358 0.1404355 0.1418652 0.1117311 0.1295420 0.1075584 0.1218969 0.1216943 0.1333807 0.0888101 0.0371630 0.0410624 0.1042524 0.1058441 0.1048789 0.0975631 0.0982294 0.1176061 0.1334211 0.1029661 0.1276070 0.1085021 0.1358250 0.1339459 0.1097702 0.0690621 0.0519277 0.1161754 0.1011805 0.1089756 0.0845023 0.0438609 0.1040496 0.1342337 0.1817160 0.1027390 0.1347246 0.1116246 0.0440848 0.1372061 0.0957036 0.0379991 0.0961321 0.0944418 0.1310681 0.1124917 0.1051613 0.1374957 0.1045288 0.1003908 0.0962948 0.1120374 0.1231265 0.1328983 0.1329464 0.1334219 0.1350494 0.1013099 0.1136899 0.1811163 0.1145624 0.1317555 0.1341932 0.1332013 0.1314498 0.1635397 0.1014035 0.1773601 0.1085029 0.1311066 0.1148900 0.1336614 0.0740351 0.1247249 0.1831989 0.0371539 0.0631195 0.1112343 0.1078062 0.1030034 0.1081722 0.1358357 0.1011798 0.1088830 0.1328235 0.1372830 0.1408199 0.0422556 0.1407130 0.1256262 0.1214202 0.0372305 0.0396128 0.1239031 0.1208049 0.0725036 0.1041398 0.1083456 0.1202623 0.1097531 0.0602232 0.0982314 0.1092358 0.1124074 0.1098579 0.0374150 0.1202378 0.1257143 0.1100562 0.0511301 0.1180990 0.0540302 0.1120169 0.0622877 0.0821502 0.1234167 0.1185740 0.1082999 0.1157181 0.0963204 0.1358497 0.1001034 0.1007645 0.0977482 0.0961816 
S0294         0.2498039 0.0927456 0.1062455 0.1131867 0.1064625 0.0855022 0.1206861 0.1085898 0.1151000 0.1028470 0.0000000 0.1125307 0.1382351 0.1338992 0.1133117 0.1276841 0.1062984 0.1111485 0.1285935 0.1329847 0.0914888 0.0860396 0.0805806 0.1064166 0.0960876 0.1052736 0.0932469 0.0986429 0.1143508 0.1316933 0.1000967 0.1222892 0.1014155 0.1333285 0.1292599 0.1059617 0.0891001 0.0862354 0.1128662 0.0971760 0.1067868 0.0729299 0.0913129 0.1009164 0.1347438 0.1660110 0.0884565 0.1326998 0.1149718 0.0870679 0.1269688 0.0904756 0.0868791 0.0908428 0.0921350 0.1217840 0.1099798 0.1032039 0.1404664 0.0997904 0.0967658 0.0947533 0.1124578 0.1259948 0.1303552 0.1253413 0.1262217 0.1244671 0.0467726 0.1093181 0.1657708 0.1084829 0.1410775 0.1358859 0.1228495 0.1224839 0.1491199 0.0959662 0.1652633 0.1169826 0.1277840 0.1082831 0.1392146 0.0928496 0.1194752 0.1666708 0.0843780 0.0933578 0.1114759 0.1093090 0.0976274 0.1046833 0.1348165 0.0971234 0.1098575 0.1335841 0.1375010 0.1440680 0.0819506 0.1403755 0.1122637 0.1118345 0.0843074 0.0817126 0.1200131 0.1223326 0.0871543 0.1027889 0.1087686 0.1126384 0.1148869 0.0903746 0.0950456 0.1062444 0.1073406 0.1052368 0.0893400 0.1136117 0.1237624 0.1054052 0.0879349 0.1200456 0.0829815 0.1066137 0.0888835 0.0695243 0.1108782 0.1084115 0.1066407 0.1074197 0.0931667 0.1367164 0.0931521 0.1029131 0.0989280 0.0962948 
S0299         0.2384760 0.0970222 0.0881803 0.0434359 0.0916051 0.0909811 0.1027843 0.0445452 0.0976860 0.1139358 0.1125307 0.0000000 0.1173122 0.1172687 0.0432071 0.1050838 0.0480011 0.1002846 0.1226199 0.1114827 0.0944582 0.0890585 0.0873417 0.0438855 0.1155306 0.0453020 0.0746695 0.1070586 0.0545912 0.1099289 0.0524313 0.0999449 0.1198941 0.1138637 0.1184299 0.0451374 0.0998238 0.0969289 0.0507518 0.0520748 0.0627904 0.0882306 0.1005299 0.0869463 0.1113222 0.1521802 0.1025234 0.1118436 0.1074443 0.0923433 0.1063539 0.0741862 0.0918582 0.0738509 0.0747772 0.1084623 0.0940830 0.0593314 0.1190590 0.0581101 0.0540825 0.0800637 0.0429637 0.1041198 0.1115326 0.1081116 0.1054009 0.1075911 0.1202252 0.0936806 0.1496626 0.0988846 0.1179154 0.1150829 0.1010138 0.1009449 0.1324775 0.0800574 0.1497498 0.0641261 0.1079693 0.0959846 0.1153304 0.0965185 0.1053853 0.1513370 0.0871548 0.0991517 0.0925159 0.0439033 0.0563248 0.0589020 0.1121187 0.0550837 0.0435912 0.1135656 0.1160921 0.1192121 0.0870487 0.1198296 0.1061903 0.0957351 0.0885827 0.0899653 0.1230286 0.0991207 0.0973530 0.0582741 0.0929364 0.1002813 0.0451871 0.0961398 0.0773249 0.0472952 0.0927386 0.0619104 0.0901035 0.0987694 0.1075537 0.0937312 0.0930905 0.0534700 0.0886368 0.0594929 0.0931506 0.0901384 0.1026308 0.0989183 0.0618246 0.0939940 0.0763857 0.1152142 0.0742787 0.0930750 0.1018181 0.0747179 
S0303         0.2817138 0.1175997 0.1107652 0.1161224 0.1088263 0.1115149 0.0165658 0.1098737 0.1228805 0.1404355 0.1382351 0.1173122 0.0000000 0.0675575 0.1135829 0.0151930 0.1021495 0.1243408 0.1431845 0.0135337 0.1133535 0.1113705 0.1104205 0.1078886 0.1363798 0.1077164 0.0936011 0.1255782 0.1144852 0.0108375 0.1000795 0.1268227 0.1411348 0.0800882 0.0154302 0.1095808 0.1199254 0.1164490 0.1166692 0.0988390 0.1077111 0.1114578 0.1279492 0.1045746 0.0148087 0.1732902 0.1278298 0.0132955 0.1239179 0.1130775 0.1318197 0.0921705 0.1121438 0.0918516 0.0915761 0.1273793 0.1142387 0.1025458 0.0827084 0.1013209 0.1017233 0.1013347 0.1101412 0.0362238 0.1333172 0.1295245 0.1318430 0.1316683 0.1385349 0.1155193 0.1748683 0.1205172 0.0789356 0.0773000 0.1283583 0.1292514 0.1554304 0.0959643 0.1691641 0.1177193 0.1310449 0.1207715 0.0788231 0.1195039 0.1299099 0.1707059 0.1115093 0.1224447 0.1185384 0.1066084 0.0995672 0.1042485 0.0141933 0.1001876 0.1123820 0.0765492 0.0170507 0.0139940 0.1092712 0.0806477 0.1260063 0.1253936 0.1125870 0.1079925 0.1433579 0.1291689 0.1161064 0.1037232 0.1193933 0.1268054 0.1188280 0.1206568 0.0969334 0.1088895 0.1144920 0.1075179 0.1150775 0.1186729 0.1305312 0.1202388 0.1158607 0.1192513 0.1134030 0.1039722 0.1130914 0.1118626 0.1233473 0.1236325 0.1067285 0.1153346 0.0979282 0.1448851 0.0909243 0.1156369 0.1225494 0.1022876 
S0308         0.2869065 0.1158018 0.1100489 0.1178143 0.1052455 0.1146088 0.0596206 0.1131602 0.1204064 0.1418652 0.1338992 0.1172687 0.0675575 0.0000000 0.1186855 0.0630159 0.1054768 0.1225265 0.1468559 0.0641843 0.1129483 0.1133282 0.1139249 0.1118173 0.1372314 0.1104801 0.0916229 0.1233073 0.1171328 0.0633563 0.1055880 0.1290302 0.1435972 0.0809011 0.0737562 0.1112573 0.1203082 0.1217283 0.1179433 0.1007857 0.1123881 0.1126194 0.1328681 0.1044271 0.0649711 0.1741080 0.1299039 0.0653860 0.1268688 0.1150143 0.1338759 0.0914730 0.1153444 0.0897997 0.0908850 0.1322492 0.1140454 0.1079284 0.0842593 0.1043176 0.1034959 0.1020384 0.1137589 0.0546660 0.1363114 0.1311969 0.1347113 0.1343209 0.1467896 0.1153605 0.1738530 0.1221995 0.0824851 0.0820131 0.1320391 0.1337999 0.1574943 0.0971307 0.1708119 0.1213250 0.1350686 0.1194358 0.0776805 0.1197627 0.1280681 0.1719907 0.1133300 0.1267979 0.1170279 0.1090114 0.1011947 0.1079711 0.0672761 0.1032248 0.1153735 0.0754041 0.0697586 0.0708505 0.1125084 0.0851241 0.1269723 0.1226274 0.1143957 0.1136376 0.1452858 0.1275903 0.1187226 0.1082572 0.1178911 0.1212762 0.1199134 0.1250433 0.0939609 0.1109916 0.1140026 0.1105929 0.1186095 0.1174415 0.1298658 0.1176799 0.1210689 0.1205060 0.1164056 0.1097376 0.1178607 0.1111840 0.1192636 0.1196337 0.1112829 0.1175716 0.0980331 0.1479808 0.0925441 0.1146707 0.1175870 0.1049126 
S0320         0.2375815 0.0970391 0.0825560 0.0385576 0.0851708 0.0894557 0.1015472 0.0355603 0.0950956 0.1117311 0.1133117 0.0432071 0.1135829 0.1186855 0.0000000 0.1027100 0.0411155 0.0979702 0.1118004 0.1088866 0.0928399 0.0874138 0.0855075 0.0381827 0.1156379 0.0383701 0.0698262 0.1034468 0.0499966 0.1079832 0.0477256 0.0960812 0.1165136 0.1125334 0.1127339 0.0364205 0.0978704 0.0949352 0.0421851 0.0505250 0.0604430 0.0853802 0.0980793 0.0802950 0.1093158 0.1441492 0.0999623 0.1092470 0.0982900 0.0906683 0.1016012 0.0685340 0.0892950 0.0684858 0.0694499 0.1062899 0.0875307 0.0567737 0.1175156 0.0534399 0.0530397 0.0743718 0.0387393 0.1022715 0.1050181 0.1025507 0.1012613 0.1025051 0.1174918 0.0924531 0.1438582 0.0935502 0.1153076 0.1100578 0.0997693 0.0966324 0.1267915 0.0735652 0.1426877 0.0612918 0.1027149 0.0915537 0.1141788 0.0982029 0.1035566 0.1437845 0.0859011 0.0993365 0.0898986 0.0373328 0.0514244 0.0547300 0.1090284 0.0523654 0.0365767 0.1107111 0.1142843 0.1153034 0.0848623 0.1173602 0.1002148 0.0925084 0.0870769 0.0856510 0.1204508 0.1007510 0.0964478 0.0524069 0.0885699 0.0951173 0.0320065 0.0950377 0.0718758 0.0397027 0.0907662 0.0577067 0.0901158 0.0969362 0.1054317 0.0866475 0.0921436 0.0471808 0.0864429 0.0587592 0.0883912 0.0865297 0.0986133 0.0927610 0.0585186 0.0915844 0.0728826 0.1175997 0.0710518 0.0854840 0.1006363 0.0743987 
S0322         0.2646045 0.1095998 0.1031462 0.1057792 0.1014095 0.1028062 0.0142120 0.0995784 0.1129609 0.1295420 0.1276841 0.1050838 0.0151930 0.0630159 0.1027100 0.0000000 0.0913124 0.1158092 0.1372197 0.0088437 0.1046430 0.1017020 0.1018508 0.0972691 0.1250384 0.0963856 0.0865012 0.1172362 0.1045248 0.0091026 0.0918216 0.1178270 0.1311325 0.0748039 0.0143845 0.0983005 0.1086249 0.1089285 0.1062147 0.0917690 0.0991128 0.1053543 0.1171170 0.0980658 0.0076062 0.1603707 0.1190850 0.0111005 0.1174948 0.1034474 0.1239250 0.0846995 0.1025414 0.0850525 0.0838270 0.1220522 0.1068744 0.0954897 0.0768211 0.0923351 0.0946674 0.0935570 0.0993041 0.0330575 0.1250150 0.1203327 0.1234970 0.1223400 0.1325441 0.1064106 0.1636563 0.1141996 0.0748049 0.0735124 0.1195247 0.1207636 0.1445032 0.0890840 0.1590640 0.1112749 0.1235818 0.1109680 0.0735817 0.1100317 0.1189972 0.1590788 0.1014938 0.1119433 0.1112884 0.0949099 0.0905427 0.0955579 0.0123726 0.0928309 0.1006432 0.0698724 0.0159417 0.0124627 0.1011045 0.0744616 0.1182142 0.1162083 0.1021807 0.0997759 0.1338741 0.1201786 0.1071943 0.0940338 0.1095151 0.1165690 0.1080028 0.1095652 0.0892003 0.1005606 0.1050120 0.0995015 0.1060977 0.1095270 0.1218122 0.1100741 0.1076193 0.1095531 0.1026372 0.0952861 0.1026795 0.1021977 0.1159786 0.1156118 0.0992611 0.1080325 0.0917519 0.1382118 0.0831590 0.1054323 0.1141610 0.0947800 
S0327         0.2183669 0.0875776 0.0756374 0.0466876 0.0780617 0.0815181 0.0914624 0.0405600 0.0873836 0.1075584 0.1062984 0.0480011 0.1021495 0.1054768 0.0411155 0.0913124 0.0000000 0.0896462 0.1072946 0.0973267 0.0842756 0.0799403 0.0784260 0.0363548 0.1120485 0.0329490 0.0618649 0.0965936 0.0414906 0.0960954 0.0363634 0.0929432 0.1145652 0.1051477 0.1060587 0.0414074 0.0902345 0.0882242 0.0451854 0.0394408 0.0499351 0.0786764 0.0913543 0.0722145 0.0994403 0.1367827 0.0953876 0.0979657 0.0900477 0.0831119 0.0980818 0.0602969 0.0823295 0.0613534 0.0606253 0.1003305 0.0799503 0.0450375 0.1064110 0.0436648 0.0428182 0.0668485 0.0371656 0.0930753 0.0997198 0.0976547 0.0980024 0.0974009 0.1116739 0.0841461 0.1365236 0.0849257 0.1046462 0.1054525 0.0968602 0.0956117 0.1200553 0.0663394 0.1353856 0.0505367 0.0996866 0.0848970 0.1036674 0.0899229 0.0956614 0.1365743 0.0784635 0.0932192 0.0833428 0.0335239 0.0416623 0.0449546 0.0993671 0.0418578 0.0422442 0.1011393 0.1019052 0.1047330 0.0783680 0.1068403 0.0949776 0.0862381 0.0801749 0.0795801 0.1122286 0.0951248 0.0872794 0.0430296 0.0840911 0.0896304 0.0451572 0.0908409 0.0638188 0.0383558 0.0832117 0.0475115 0.0820156 0.0889915 0.0994170 0.0783029 0.0838306 0.0496934 0.0778701 0.0471368 0.0824790 0.0785472 0.0924250 0.0873177 0.0480357 0.0863558 0.0659655 0.1136422 0.0615414 0.0753574 0.0946273 0.0668445 
S0335         0.2392925 0.0921992 0.0852926 0.0976154 0.0774025 0.0916286 0.1079499 0.0933325 0.0728379 0.1218969 0.1111485 0.1002846 0.1243408 0.1225265 0.0979702 0.1158092 0.0896462 0.0000000 0.0626978 0.1180852 0.0903771 0.0909845 0.0903320 0.0928544 0.1090407 0.0912561 0.0725840 0.0956242 0.0995773 0.1178542 0.0868190 0.0794005 0.1202550 0.1178885 0.1220001 0.0916236 0.0964880 0.0974086 0.0983011 0.0836694 0.0927862 0.0893556 0.1004141 0.0804217 0.1192845 0.1502812 0.1041136 0.1201737 0.1005609 0.0936268 0.0826936 0.0698323 0.0940788 0.0703966 0.0707464 0.0895093 0.0893410 0.0877153 0.1248913 0.0876816 0.0836395 0.0652084 0.0985995 0.1106668 0.0873670 0.0839258 0.0840613 0.0849644 0.1167489 0.0873535 0.1520040 0.0956378 0.1230666 0.1223787 0.0816678 0.0821212 0.1335474 0.0758564 0.1487412 0.0940660 0.0886314 0.0561969 0.1202600 0.0987318 0.0826315 0.1484960 0.0897736 0.1006022 0.0710227 0.0922747 0.0855935 0.0911732 0.1217832 0.0823566 0.0932650 0.1155610 0.1223573 0.1263795 0.0899043 0.1229440 0.0579998 0.0724425 0.0912941 0.0891599 0.1154526 0.0813601 0.0933846 0.0908770 0.0703788 0.0733320 0.0987397 0.0971134 0.0751954 0.0891608 0.0852016 0.0910892 0.0950152 0.0879291 0.0822510 0.0537694 0.0966879 0.1041459 0.0903419 0.0888193 0.0924169 0.0879847 0.0564139 0.0269357 0.0912539 0.0751779 0.0649387 0.1156209 0.0752332 0.0510230 0.0989140 0.0678014 
S0345         0.2644576 0.1036802 0.0796472 0.1150121 0.0909691 0.1071575 0.1274771 0.1129307 0.0784291 0.1216943 0.1285935 0.1226199 0.1431845 0.1468559 0.1118004 0.1372197 0.1072946 0.0626978 0.0000000 0.1390184 0.0965936 0.1095912 0.1068180 0.1085081 0.1263330 0.1087221 0.0804564 0.1181004 0.0968352 0.1386209 0.1020928 0.0900502 0.1348552 0.1377518 0.1387680 0.1077972 0.1100113 0.1105383 0.1173053 0.0951023 0.1042798 0.1068710 0.1089151 0.0908625 0.1381759 0.1587850 0.1210635 0.1406754 0.1115384 0.1060427 0.0889489 0.0781081 0.1096803 0.0775379 0.0812361 0.0969245 0.0996242 0.1013864 0.1409128 0.0974310 0.1005004 0.0752397 0.1106460 0.1253959 0.0985585 0.0925324 0.0940959 0.0937271 0.1243805 0.0902099 0.1554101 0.1120039 0.1352815 0.1417017 0.0906488 0.0886072 0.1493766 0.0795439 0.1580513 0.0997246 0.0976157 0.0623409 0.1423516 0.1141581 0.0874850 0.1622268 0.1063580 0.1201860 0.0766309 0.1092104 0.0972993 0.1009278 0.1411216 0.0950123 0.1124528 0.1326819 0.1407888 0.1449098 0.1057317 0.1365066 0.0406259 0.0849075 0.1061777 0.1027390 0.1147115 0.0894194 0.1133938 0.0961741 0.0726550 0.0822070 0.1114682 0.1153653 0.0866596 0.1075484 0.0896300 0.1029179 0.1136819 0.0901853 0.0890464 0.0644891 0.1119656 0.1267817 0.1081811 0.1022924 0.1054932 0.1037389 0.0325917 0.0597512 0.1042728 0.0780112 0.0747380 0.1313834 0.0908148 0.0601448 0.1093186 0.0786394 
S0355         0.2738487 0.1126807 0.1052478 0.1114507 0.1035728 0.1055531 0.0120544 0.1045756 0.1169577 0.1333807 0.1329847 0.1114827 0.0135337 0.0641843 0.1088866 0.0088437 0.0973267 0.1180852 0.1390184 0.0000000 0.1075854 0.1051408 0.1052909 0.1022667 0.1291475 0.1020935 0.0883290 0.1191319 0.1090992 0.0071401 0.0952182 0.1216151 0.1363028 0.0753770 0.0142166 0.1038948 0.1135222 0.1134024 0.1102276 0.0937113 0.1024574 0.1078681 0.1225446 0.0989878 0.0090933 0.1690971 0.1225727 0.0085868 0.1184437 0.1071641 0.1286114 0.0862654 0.1062756 0.0869097 0.0853775 0.1262469 0.1092443 0.0979804 0.0766252 0.0953375 0.0961168 0.0960296 0.1049378 0.0312411 0.1300728 0.1254210 0.1279485 0.1270711 0.1356804 0.1111813 0.1703049 0.1152310 0.0730835 0.0728564 0.1238412 0.1254599 0.1515598 0.0912136 0.1655968 0.1147900 0.1273547 0.1149302 0.0725873 0.1140285 0.1228760 0.1667190 0.1052315 0.1170073 0.1131192 0.1000488 0.0935627 0.0984165 0.0104240 0.0957218 0.1047591 0.0721280 0.0137561 0.0115417 0.1041770 0.0749317 0.1220682 0.1198208 0.1065758 0.1032297 0.1359795 0.1222532 0.1101187 0.0975658 0.1139374 0.1198699 0.1126598 0.1139244 0.0906168 0.1041159 0.1095187 0.1020498 0.1093969 0.1135738 0.1245206 0.1141637 0.1105673 0.1145993 0.1071237 0.0984609 0.1083768 0.1062829 0.1177937 0.1171258 0.1017566 0.1109215 0.0932259 0.1392547 0.0834959 0.1092945 0.1171100 0.0968873 
S0376         0.2471348 0.0614538 0.0840392 0.0950015 0.0823648 0.0635852 0.0947250 0.0892280 0.0868220 0.0888101 0.0914888 0.0944582 0.1133535 0.1129483 0.0928399 0.1046430 0.0842756 0.0903771 0.0965936 0.1075854 0.0000000 0.0628931 0.0620534 0.0843194 0.0845470 0.0866126 0.0703629 0.0436053 0.0893853 0.1076376 0.0814330 0.0907637 0.0933949 0.1098808 0.1120861 0.0901617 0.0703433 0.0662412 0.0964156 0.0772279 0.0855135 0.0640545 0.0668854 0.0816193 0.1085315 0.1406628 0.0837962 0.1103205 0.0976012 0.0644491 0.0983674 0.0699568 0.0647307 0.0705056 0.0708874 0.0957505 0.0898257 0.0793142 0.1116666 0.0806977 0.0746616 0.0738476 0.0898810 0.1019538 0.1018204 0.0977355 0.0969144 0.0988015 0.0922404 0.0846714 0.1419485 0.0950637 0.1087812 0.1115885 0.0932822 0.0924398 0.1251840 0.0725813 0.1394373 0.0881210 0.0951944 0.0848424 0.1093082 0.0708769 0.0922670 0.1403212 0.0628133 0.0721132 0.0804842 0.0883340 0.0782386 0.0824748 0.1107322 0.0771031 0.0915529 0.1065534 0.1135490 0.1162067 0.0633197 0.1117463 0.0867990 0.0858170 0.0644396 0.0595540 0.0834437 0.0949546 0.0648107 0.0795796 0.0837050 0.0873248 0.0922239 0.0686951 0.0727920 0.0835621 0.0834291 0.0844118 0.0671690 0.0881055 0.0966171 0.0788715 0.0693888 0.0969506 0.0655871 0.0838559 0.0666964 0.0640273 0.0879205 0.0844386 0.0844569 0.0819029 0.0727751 0.1122350 0.0728174 0.0746640 0.0389721 0.0737877 
S0400         0.2488909 0.0663017 0.0815491 0.0889677 0.0801694 0.0136914 0.0967264 0.0809345 0.0870993 0.0371630 0.0860396 0.0890585 0.1113705 0.1133282 0.0874138 0.1017020 0.0799403 0.0909845 0.1095912 0.1051408 0.0628931 0.0000000 0.0161990 0.0787662 0.0823263 0.0793335 0.0671693 0.0740597 0.0859990 0.1048649 0.0766989 0.0940849 0.0861895 0.1075655 0.1059674 0.0839130 0.0451241 0.0228258 0.0898408 0.0737267 0.0795808 0.0585083 0.0161830 0.0767711 0.1060341 0.1513414 0.0753304 0.1065208 0.0901072 0.0215010 0.1014365 0.0655384 0.0114173 0.0666547 0.0655352 0.0984911 0.0845454 0.0780285 0.1126776 0.0757961 0.0721061 0.0687417 0.0867861 0.0956446 0.1015841 0.1006673 0.1004283 0.1009454 0.0904449 0.0858241 0.1504944 0.0872692 0.1069590 0.1038031 0.0960482 0.0957897 0.1333790 0.0712225 0.1507259 0.0904748 0.1024934 0.0849950 0.1080358 0.0519071 0.0944230 0.1518322 0.0102237 0.0394122 0.0860613 0.0805021 0.0747075 0.0796111 0.1079134 0.0749741 0.0861183 0.1048105 0.1105318 0.1128580 0.0169036 0.1108676 0.0952911 0.0854794 0.0117670 0.0160056 0.0903083 0.0931660 0.0474454 0.0778108 0.0828134 0.0880001 0.0870257 0.0364883 0.0685786 0.0816138 0.0848668 0.0813267 0.0139139 0.0908499 0.0981294 0.0826531 0.0258554 0.0920433 0.0277067 0.0808409 0.0388296 0.0565984 0.0956326 0.0870200 0.0812740 0.0838187 0.0682319 0.1164689 0.0703148 0.0746116 0.0724953 0.0684784 
S0405         0.2475088 0.0651753 0.0804475 0.0866002 0.0789555 0.0169016 0.0932067 0.0802367 0.0849565 0.0410624 0.0805806 0.0873417 0.1104205 0.1139249 0.0855075 0.1018508 0.0784260 0.0903320 0.1068180 0.1052909 0.0620534 0.0161990 0.0000000 0.0782048 0.0806329 0.0795894 0.0669686 0.0715553 0.0832854 0.1043929 0.0748992 0.0938181 0.0851937 0.1077676 0.1048076 0.0820537 0.0441666 0.0163191 0.0885499 0.0725055 0.0802656 0.0560229 0.0244507 0.0756514 0.1069064 0.1491634 0.0739861 0.1069898 0.0893567 0.0199106 0.1010478 0.0653439 0.0176284 0.0664559 0.0653412 0.0986084 0.0845822 0.0771309 0.1120872 0.0747176 0.0720945 0.0676919 0.0855130 0.0968500 0.1022418 0.0992282 0.1000972 0.1005591 0.0844010 0.0851735 0.1484791 0.0844996 0.1067143 0.1054742 0.0956922 0.0937855 0.1301218 0.0707097 0.1480278 0.0864493 0.1003581 0.0844073 0.1080949 0.0491752 0.0943809 0.1491607 0.0161750 0.0390040 0.0845364 0.0814620 0.0735456 0.0787284 0.1073568 0.0734215 0.0848628 0.1062519 0.1107437 0.1123037 0.0103552 0.1121191 0.0927031 0.0843278 0.0175385 0.0105928 0.0898250 0.0935311 0.0442303 0.0785323 0.0822609 0.0845749 0.0855508 0.0342092 0.0683741 0.0809899 0.0843024 0.0804787 0.0199165 0.0901617 0.0975053 0.0810648 0.0234199 0.0895922 0.0263012 0.0802055 0.0370585 0.0540871 0.0946046 0.0864408 0.0803493 0.0837639 0.0662186 0.1129340 0.0697473 0.0731095 0.0712727 0.0676547 
S0407sl       0.2305718 0.0881008 0.0754041 0.0389423 0.0816860 0.0810668 0.0923082 0.0362805 0.0864805 0.1042524 0.1064166 0.0438855 0.1078886 0.1118173 0.0381827 0.0972691 0.0363548 0.0928544 0.1085081 0.1022667 0.0843194 0.0787662 0.0782048 0.0000000 0.1099624 0.0356173 0.0632583 0.0974507 0.0405494 0.1007472 0.0376433 0.0907853 0.1119195 0.1076170 0.1092422 0.0373892 0.0906175 0.0870451 0.0423733 0.0402223 0.0526555 0.0768030 0.0909122 0.0745722 0.1030898 0.1401510 0.0960635 0.1019844 0.0928259 0.0832044 0.0950989 0.0608323 0.0812002 0.0621802 0.0622872 0.0991928 0.0817165 0.0454947 0.1087256 0.0458391 0.0420972 0.0709364 0.0332567 0.0952313 0.0983920 0.0970128 0.0951153 0.0951600 0.1138698 0.0865581 0.1374028 0.0891543 0.1101033 0.1052039 0.0911211 0.0895169 0.1223098 0.0674684 0.1380199 0.0484572 0.0988202 0.0861607 0.1076252 0.0912602 0.0935362 0.1395981 0.0770538 0.0935581 0.0851282 0.0345944 0.0440995 0.0483282 0.1024376 0.0423454 0.0379323 0.1052101 0.1063703 0.1104901 0.0778633 0.1096811 0.0939770 0.0872561 0.0784503 0.0793737 0.1130784 0.0933949 0.0886437 0.0443080 0.0801600 0.0887529 0.0408581 0.0887259 0.0649310 0.0217646 0.0856178 0.0499782 0.0809059 0.0908634 0.0978908 0.0787813 0.0842835 0.0420677 0.0782461 0.0486973 0.0813692 0.0783061 0.0916827 0.0886002 0.0504918 0.0854306 0.0682801 0.1141447 0.0622943 0.0778641 0.0954967 0.0685494 
S0412sl       0.2980556 0.0824637 0.1153071 0.1176714 0.1056743 0.0830322 0.1106178 0.1157913 0.1110920 0.1058441 0.0960876 0.1155306 0.1363798 0.1372314 0.1156379 0.1250384 0.1120485 0.1090407 0.1263330 0.1291475 0.0845470 0.0823263 0.0806329 0.1099624 0.0000000 0.1115997 0.0995643 0.0878378 0.1160081 0.1288387 0.1088907 0.1156717 0.0943508 0.1341428 0.1288941 0.1124812 0.0868818 0.0899210 0.1252440 0.1020663 0.1138043 0.0748654 0.0880937 0.1104027 0.1320471 0.1741530 0.0732982 0.1309274 0.1175566 0.0813919 0.1184141 0.0971048 0.0838980 0.0955486 0.0963360 0.1271062 0.1173723 0.1094431 0.1366987 0.1055588 0.0957221 0.0925506 0.1195520 0.1203658 0.1234230 0.1195098 0.1197784 0.1194141 0.0998770 0.1177127 0.1759874 0.1171847 0.1478923 0.1196494 0.1137302 0.1161121 0.1705182 0.1015918 0.1752936 0.1244045 0.1230558 0.1064734 0.1382354 0.0836263 0.1171708 0.1768852 0.0827312 0.0876648 0.1139209 0.1153790 0.1028894 0.1064987 0.1280016 0.1042906 0.1127792 0.1297938 0.1355793 0.1384727 0.0819436 0.1354300 0.1106142 0.1073575 0.0822079 0.0820368 0.0833545 0.1229141 0.0798686 0.1087499 0.1112808 0.1129935 0.1201630 0.0831552 0.0996053 0.1056293 0.1164804 0.1115367 0.0872984 0.1190305 0.1232503 0.1022780 0.0858480 0.1266306 0.0796341 0.1080281 0.0847222 0.0687841 0.1106046 0.1090894 0.1126576 0.1057543 0.0941217 0.1345129 0.0966817 0.1008323 0.0922033 0.0974605 
S0417         0.2245298 0.0884539 0.0796105 0.0416673 0.0840187 0.0824646 0.0943571 0.0330220 0.0913107 0.1048789 0.1052736 0.0453020 0.1077164 0.1104801 0.0383701 0.0963856 0.0329490 0.0912561 0.1087221 0.1020935 0.0866126 0.0793335 0.0795894 0.0356173 0.1115997 0.0000000 0.0660452 0.0998655 0.0420850 0.1005896 0.0390779 0.0960403 0.1140883 0.1044776 0.1079923 0.0379579 0.0905379 0.0898339 0.0419333 0.0439074 0.0533807 0.0799709 0.0924475 0.0768923 0.1030068 0.1424531 0.0967214 0.1027418 0.0942170 0.0843048 0.1019001 0.0643905 0.0826225 0.0649601 0.0656237 0.1045027 0.0837984 0.0495015 0.1080246 0.0465293 0.0466219 0.0709686 0.0334617 0.0951372 0.1022854 0.1014591 0.1005103 0.1010739 0.1079398 0.0873142 0.1425542 0.0886321 0.1080693 0.1073831 0.0991291 0.0980929 0.1237200 0.0699789 0.1396747 0.0528644 0.1013310 0.0888600 0.1081294 0.0899443 0.0984545 0.1408924 0.0787467 0.0928907 0.0887933 0.0137514 0.0445064 0.0484959 0.1029464 0.0463192 0.0359936 0.1029433 0.1061746 0.1095387 0.0783421 0.1095382 0.0956366 0.0900947 0.0798562 0.0795309 0.1126951 0.0955630 0.0860418 0.0469007 0.0862323 0.0926227 0.0396835 0.0898024 0.0677218 0.0338286 0.0863707 0.0512479 0.0823119 0.0923148 0.1015922 0.0834569 0.0848181 0.0470022 0.0808180 0.0513698 0.0834275 0.0779061 0.0928440 0.0901621 0.0512292 0.0911838 0.0695110 0.1154783 0.0668725 0.0813901 0.0979312 0.0700761 
S0419         0.1985567 0.0714065 0.0160476 0.0708066 0.0333188 0.0687791 0.0860057 0.0697519 0.0707758 0.0975631 0.0932469 0.0746695 0.0936011 0.0916229 0.0698262 0.0865012 0.0618649 0.0725840 0.0804564 0.0883290 0.0703629 0.0671693 0.0669686 0.0632583 0.0995643 0.0660452 0.0000000 0.0832123 0.0676278 0.0871754 0.0591224 0.0753398 0.1031011 0.0919126 0.0931252 0.0678349 0.0786518 0.0749667 0.0716982 0.0540943 0.0631548 0.0658248 0.0794325 0.0251903 0.0897958 0.1278213 0.0858154 0.0896321 0.0782745 0.0707328 0.0805315 0.0066843 0.0695800 0.0076743 0.0074123 0.0809656 0.0338376 0.0595060 0.0944299 0.0572743 0.0561982 0.0495822 0.0676126 0.0797861 0.0851729 0.0809699 0.0795633 0.0818959 0.0972674 0.0375817 0.1268322 0.0738637 0.0939859 0.0945979 0.0770537 0.0762008 0.1110709 0.0116826 0.1255841 0.0649148 0.0835593 0.0665936 0.0937711 0.0784524 0.0771262 0.1269031 0.0669411 0.0798744 0.0654700 0.0661165 0.0552595 0.0595265 0.0898051 0.0547869 0.0699161 0.0924525 0.0927827 0.0938930 0.0674977 0.0951224 0.0745042 0.0654378 0.0679512 0.0654197 0.1003001 0.0783770 0.0747788 0.0615944 0.0668608 0.0709333 0.0734174 0.0772312 0.0098449 0.0652537 0.0370680 0.0624047 0.0717384 0.0416171 0.0764174 0.0625323 0.0726128 0.0761464 0.0694309 0.0615174 0.0714541 0.0658594 0.0712966 0.0698424 0.0621095 0.0651386 0.0496253 0.1032093 0.0374478 0.0593130 0.0811130 0.0518228 
S0427         0.2656478 0.0683713 0.0992314 0.1054075 0.0899591 0.0741469 0.1065967 0.1009838 0.0961195 0.0982294 0.0986429 0.1070586 0.1255782 0.1233073 0.1034468 0.1172362 0.0965936 0.0956242 0.1181004 0.1191319 0.0436053 0.0740597 0.0715553 0.0974507 0.0878378 0.0998655 0.0832123 0.0000000 0.1053318 0.1198280 0.0918776 0.0986625 0.1032335 0.1202852 0.1343256 0.1010087 0.0775609 0.0794188 0.1075849 0.0881419 0.0965280 0.0766802 0.0836034 0.0893247 0.1223753 0.1534934 0.0884015 0.1221837 0.1066751 0.0741959 0.1074583 0.0825144 0.0757719 0.0822005 0.0831814 0.1079608 0.0980694 0.0911229 0.1237795 0.0912405 0.0865159 0.0835905 0.1020876 0.1110373 0.1089213 0.1084918 0.1034980 0.1048036 0.1059661 0.0982995 0.1559137 0.1028834 0.1226318 0.1218528 0.1025538 0.1014741 0.1384095 0.0871161 0.1520582 0.1115580 0.1081131 0.0957502 0.1209730 0.0816177 0.1053842 0.1539260 0.0736370 0.0820758 0.0918466 0.1002625 0.0891347 0.0951559 0.1219187 0.0904160 0.1030395 0.1189193 0.1267954 0.1298139 0.0722516 0.1244930 0.0994416 0.0959957 0.0737927 0.0710356 0.0935826 0.1040748 0.0761864 0.0925123 0.0929243 0.0980848 0.1065316 0.0803723 0.0856785 0.0953794 0.0974105 0.0956464 0.0769139 0.1005413 0.1028652 0.0946120 0.0794545 0.1108901 0.0752217 0.0962115 0.0775758 0.0735929 0.1034485 0.0935887 0.0985407 0.0929935 0.0826490 0.1194049 0.0847522 0.0891143 0.0453341 0.0842335 
S0428sl       0.2414711 0.0933758 0.0769745 0.0512431 0.0900814 0.0872237 0.0965902 0.0442166 0.0935101 0.1176061 0.1143508 0.0545912 0.1144852 0.1171328 0.0499966 0.1045248 0.0414906 0.0995773 0.0968352 0.1090992 0.0893853 0.0859990 0.0832854 0.0405494 0.1160081 0.0420850 0.0676278 0.1053318 0.0000000 0.1072785 0.0407858 0.1015652 0.1248712 0.1159780 0.0928515 0.0458943 0.0996965 0.0920907 0.0515848 0.0433980 0.0554694 0.0843405 0.0903169 0.0823614 0.1097210 0.1444233 0.1033996 0.1090903 0.0928440 0.0889588 0.0973635 0.0661459 0.0873561 0.0670142 0.0682145 0.1122466 0.0891003 0.0487400 0.1196091 0.0491229 0.0483489 0.0750071 0.0425095 0.0972320 0.1005812 0.1060404 0.0972392 0.1071830 0.1057299 0.0944294 0.1384894 0.0954170 0.1146923 0.1109434 0.1069740 0.1046922 0.1248727 0.0665051 0.1437155 0.0416411 0.1069475 0.0963767 0.1189311 0.0999198 0.1025944 0.1437985 0.0839656 0.1013811 0.0879980 0.0408957 0.0470828 0.0504863 0.1094049 0.0452932 0.0464364 0.1109754 0.1134617 0.1136337 0.0829403 0.1202347 0.1059157 0.0950422 0.0855557 0.0830211 0.1240667 0.1031815 0.0941580 0.0485291 0.0897811 0.0952908 0.0534749 0.0969134 0.0706360 0.0437761 0.0936747 0.0549110 0.0888981 0.0989033 0.1071409 0.0880871 0.0905615 0.0526292 0.0859297 0.0515515 0.0889342 0.0855513 0.1026261 0.0979268 0.0550410 0.0918469 0.0711968 0.1224223 0.0708065 0.0870354 0.1031373 0.0728795 
