136
PAFTOL_019361 0.0000000 0.2125100 0.2262712 0.2495565 0.2308299 0.2109572 0.2525530 0.2269540 0.2258461 0.2275716 0.2417270 0.2413329 0.2513258 0.2583252 0.2114676 0.2348762 0.2229574 0.2319324 0.2210563 0.2574153 0.2146641 0.2080184 0.2184579 0.2405702 0.2354251 0.2255210 0.2102226 0.2386864 0.2442853 0.2540159 0.2308196 0.2306293 0.2253766 0.2563492 0.2578510 0.2393656 0.2204069 0.2256842 0.2394603 0.2183178 0.2168678 0.2144204 0.2149285 0.2369455 0.2485820 0.2375603 0.2315684 0.2521203 0.2927170 0.2151400 0.2428864 0.2079340 0.2044061 0.2190051 0.2085103 0.2345853 0.2272737 0.2245074 0.2592050 0.2181110 0.2064903 0.2258550 0.2391775 0.2218801 0.2400403 0.2181827 0.2345410 0.2385257 0.2822719 0.2207931 0.2395616 0.2549129 0.2392263 0.1995040 0.2201460 0.2232563 0.2353518 0.2119526 0.2365508 0.1826747 0.2272904 0.2226919 0.2111061 0.2285858 0.2249894 0.2387561 0.2113098 0.2206697 0.2424722 0.2224282 0.2122844 0.2151783 0.2418485 0.2218129 0.2454163 0.2636870 0.2515809 0.2549033 0.2039445 0.2520222 0.2206022 0.2141846 0.2095907 0.2059470 0.2213648 0.2298434 0.2148170 0.2204266 0.2197287 0.2271056 0.2101882 0.2127043 0.2104532 0.2230365 0.2216572 0.2245408 0.2073393 0.1887733 0.2328503 0.2256737 0.1983067 0.2474545 0.2183169 0.2316414 0.2140016 0.2220938 0.2243437 0.2292732 0.2299730 0.2156252 0.2212098 0.2318661 0.2177069 0.2214316 0.2285822 0.2182220 
S0055         0.2125100 0.0000000 0.0783026 0.1067577 0.0832135 0.0714439 0.1261024 0.1022420 0.0804245 0.0744334 0.0929965 0.1047545 0.1185789 0.1234629 0.0913234 0.1149212 0.0945489 0.0849808 0.0814077 0.1196465 0.0768790 0.0664800 0.0700257 0.1114333 0.0780193 0.0967383 0.0694270 0.0897008 0.0964467 0.1188455 0.0880660 0.0854089 0.0763251 0.1142333 0.1133404 0.1009808 0.0733744 0.0685586 0.1069754 0.0822978 0.0895214 0.0710496 0.0629440 0.0903696 0.1232173 0.1298222 0.0743820 0.1188360 0.1225189 0.0644677 0.0957377 0.0660893 0.0656763 0.0721222 0.0674374 0.0890179 0.0835604 0.0852708 0.1260872 0.0901173 0.0740230 0.0710595 0.0954161 0.0950271 0.0924778 0.0755096 0.0863407 0.0924243 0.1018788 0.0832893 0.1286522 0.1001076 0.1170998 0.1198861 0.0854372 0.0872884 0.1300961 0.0750914 0.1278928 0.0909397 0.0843496 0.0909238 0.1086012 0.0781227 0.0829750 0.1341719 0.0638782 0.0763635 0.0781424 0.0941314 0.0855873 0.0908897 0.1219330 0.0797184 0.1008605 0.1114265 0.1242059 0.1196957 0.0619435 0.1224901 0.0892533 0.0785966 0.0651792 0.0632731 0.0357521 0.0946544 0.0663298 0.0857171 0.0824527 0.0820254 0.0962700 0.0727247 0.0699015 0.0991911 0.0838462 0.0926155 0.0665306 0.0777465 0.0889034 0.0801796 0.0581901 0.1038216 0.0684133 0.0912689 0.0664301 0.0680500 0.0874679 0.0885924 0.0945881 0.0744235 0.0734551 0.0969119 0.0747004 0.0800128 0.0883795 0.0733580 
S0196sl       0.2262712 0.0783026 0.0000000 0.0953725 0.0382754 0.0773463 0.1199774 0.0888750 0.0685666 0.0835405 0.1057664 0.0985067 0.1134705 0.1246637 0.0879327 0.1066284 0.0852233 0.0839437 0.0833245 0.1118323 0.0808198 0.0733787 0.0764609 0.1011825 0.0952410 0.0863893 0.0165551 0.0859472 0.0927650 0.1088058 0.0812152 0.0775803 0.0947627 0.1206401 0.1014486 0.0941111 0.0833047 0.0768827 0.0939233 0.0761464 0.0839775 0.0848170 0.0714551 0.0436441 0.1142173 0.1270290 0.0892932 0.1124768 0.1199266 0.0758462 0.0875613 0.0120016 0.0713052 0.0152003 0.0130902 0.0835592 0.0352672 0.0794456 0.1282947 0.0835556 0.0672014 0.0614780 0.0887273 0.0878354 0.0856752 0.0665381 0.0764169 0.0848687 0.1182860 0.0389782 0.1274614 0.0997161 0.1149182 0.1098166 0.0716544 0.0732313 0.1248518 0.0244417 0.1266108 0.0911406 0.0751587 0.0835240 0.1091445 0.0906056 0.0791831 0.1322028 0.0739998 0.0894863 0.0654947 0.0813631 0.0753923 0.0814808 0.1063308 0.0755111 0.0940394 0.1116838 0.1173147 0.1087856 0.0732397 0.1191920 0.0815009 0.0623752 0.0754760 0.0689189 0.0787566 0.0837547 0.0725716 0.0785368 0.0698853 0.0697264 0.0818859 0.0815712 0.0156566 0.0901298 0.0390402 0.0838905 0.0740951 0.0314551 0.0860498 0.0754449 0.0670593 0.1015622 0.0770736 0.0853144 0.0755766 0.0741509 0.0839122 0.0847747 0.0841868 0.0606403 0.0626253 0.0905682 0.0413004 0.0716151 0.0894336 0.0612932 
S0278         0.2495565 0.1067577 0.0953725 0.0000000 0.1047367 0.1033136 0.1399945 0.0425163 0.0936637 0.1075059 0.1244947 0.0366374 0.1306862 0.1272136 0.0438944 0.1234668 0.0429226 0.1034712 0.1115644 0.1315322 0.1041404 0.0981843 0.0996873 0.0553569 0.1108054 0.0458293 0.0894568 0.1095983 0.0485570 0.1304275 0.0529616 0.1045650 0.1169154 0.1264114 0.1244942 0.0346313 0.1100368 0.0958865 0.0507087 0.0606744 0.0716363 0.1041325 0.0966274 0.1096144 0.1341217 0.1419044 0.1067651 0.1325254 0.1382725 0.0960037 0.1150317 0.0862687 0.0964779 0.0862905 0.0866470 0.1103257 0.1041065 0.0635126 0.1339232 0.0699529 0.0582409 0.0924432 0.0341150 0.1016720 0.1141393 0.0975844 0.1071932 0.1099542 0.1371877 0.1079290 0.1425818 0.1126394 0.1243418 0.1157984 0.1043831 0.1093096 0.1408015 0.0949201 0.1418168 0.0691231 0.1066546 0.1108831 0.1103576 0.1064245 0.1002235 0.1478559 0.0988841 0.1092968 0.0966139 0.0421048 0.0643643 0.0701630 0.1287132 0.0610128 0.0352743 0.1255605 0.1361347 0.1310626 0.0934990 0.1299975 0.1134871 0.0941360 0.1002122 0.0916295 0.1036226 0.1061045 0.0946528 0.0649010 0.0979014 0.0977342 0.0442842 0.1039238 0.0892111 0.0421925 0.1085753 0.0735068 0.0970704 0.0920650 0.0987096 0.0981977 0.0911475 0.0398473 0.0980259 0.0704060 0.0960229 0.0967395 0.1087043 0.1097275 0.0725465 0.0915110 0.0910474 0.1141375 0.0876157 0.0984632 0.1111485 0.0877444 
S0281         0.2308299 0.0832135 0.0382754 0.1047367 0.0000000 0.0917431 0.1324532 0.0962132 0.0760921 0.0984314 0.1129316 0.1068580 0.1244445 0.1298635 0.0905536 0.1230451 0.0893933 0.0894342 0.0916470 0.1237526 0.0934314 0.0872422 0.0880736 0.1083133 0.0990921 0.0924886 0.0353424 0.0978047 0.0981057 0.1236750 0.0888521 0.0869081 0.0975054 0.1188530 0.1261692 0.0974706 0.0922735 0.0887064 0.1002676 0.0832742 0.0901249 0.0911060 0.0853012 0.0533254 0.1290424 0.1367827 0.0920482 0.1231694 0.1241901 0.0867811 0.0958943 0.0319949 0.0855226 0.0381911 0.0323244 0.0902540 0.0487885 0.0841317 0.1276809 0.0919646 0.0781308 0.0707315 0.0946140 0.1004144 0.0953692 0.0784768 0.0890944 0.0950670 0.1254735 0.0436372 0.1349104 0.1028526 0.1194558 0.1154165 0.0871867 0.0909975 0.1358365 0.0405105 0.1363438 0.1007503 0.0862583 0.0953008 0.1095215 0.0932986 0.0828656 0.1426994 0.0829520 0.0980096 0.0807524 0.0917475 0.0866250 0.0910779 0.1235799 0.0817994 0.1010214 0.1136921 0.1282990 0.1241471 0.0835128 0.1202176 0.0951701 0.0740859 0.0848343 0.0843703 0.0818134 0.0916818 0.0844727 0.0879237 0.0795127 0.0776529 0.0918026 0.0912601 0.0340658 0.1007797 0.0440891 0.0917286 0.0855173 0.0376504 0.0888429 0.0834611 0.0806673 0.1040110 0.0895564 0.0924145 0.0873010 0.0790015 0.0928696 0.0879580 0.0943294 0.0771329 0.0701080 0.0971683 0.0544991 0.0803481 0.0978826 0.0696467 
S0282         0.2109572 0.0714439 0.0773463 0.1033136 0.0917431 0.0000000 0.1288375 0.1008707 0.0808617 0.0321420 0.0668034 0.1035562 0.1238583 0.1277635 0.0922343 0.1209510 0.0916395 0.0929523 0.0917075 0.1239483 0.0849457 0.0174126 0.0306249 0.1080076 0.0734702 0.0929531 0.0746031 0.0931689 0.0996158 0.1222286 0.0870319 0.0908881 0.0778561 0.1179440 0.1245062 0.1004740 0.0539421 0.0288733 0.1048860 0.0840334 0.0923247 0.0715138 0.0198304 0.0970347 0.1275554 0.1347227 0.0763729 0.1239504 0.1250063 0.0291874 0.1006103 0.0719453 0.0208630 0.0774112 0.0722529 0.0942801 0.0924399 0.0896156 0.1267906 0.0913193 0.0780205 0.0771970 0.0931769 0.1004421 0.0971175 0.0805309 0.0929774 0.1000461 0.0769465 0.0894512 0.1368543 0.0998845 0.1240592 0.1210496 0.0870044 0.0900991 0.1318293 0.0809438 0.1329142 0.0948844 0.0894113 0.0956900 0.1068075 0.0595249 0.0894078 0.1370702 0.0203279 0.0594111 0.0854559 0.0922197 0.0855917 0.0913619 0.1212025 0.0819436 0.1028320 0.1143234 0.1310431 0.1230178 0.0261514 0.1219817 0.0967542 0.0808896 0.0236771 0.0226699 0.0730419 0.0987605 0.0487870 0.0899393 0.0837259 0.0838436 0.0920313 0.0512601 0.0761943 0.0984905 0.0907534 0.0946549 0.0226388 0.0830839 0.0949016 0.0888291 0.0237812 0.1039898 0.0475498 0.0952631 0.0396908 0.0653273 0.0978646 0.0948890 0.0944584 0.0786040 0.0769522 0.0982985 0.0770294 0.0872680 0.0911743 0.0765252 
S0288         0.2525530 0.1261024 0.1199774 0.1399945 0.1324532 0.1288375 0.0000000 0.1281711 0.1283510 0.1345727 0.1498355 0.1370946 0.0165184 0.0866089 0.1203235 0.0233188 0.1213958 0.1428546 0.1439016 0.0189173 0.1387457 0.1223930 0.1260224 0.1428206 0.1465598 0.1276300 0.1152255 0.1417129 0.1158609 0.0151136 0.1247951 0.1383773 0.1395322 0.1042116 0.0236754 0.1359531 0.1326236 0.1260414 0.1357247 0.1175689 0.1237087 0.1323217 0.1225784 0.1357070 0.0238101 0.1716460 0.1345170 0.0161441 0.1668329 0.1225591 0.1489009 0.1125133 0.1247587 0.1186508 0.1137110 0.1402174 0.1272090 0.1199748 0.1018203 0.1263637 0.1120309 0.1209835 0.1258940 0.0465065 0.1441059 0.1258865 0.1383588 0.1396154 0.1609082 0.1330874 0.1731752 0.1386090 0.0958312 0.0936530 0.1382364 0.1411861 0.1714498 0.1209763 0.1717498 0.1192511 0.1393472 0.1432798 0.0883798 0.1381113 0.1354519 0.1732655 0.1217682 0.1381729 0.1285989 0.1279054 0.1202107 0.1226635 0.0194848 0.1164449 0.1374493 0.1092658 0.0204079 0.0179000 0.1194122 0.0975007 0.1451940 0.1287707 0.1234081 0.1181496 0.1246751 0.1427787 0.1243978 0.1209470 0.1313819 0.1301846 0.1230990 0.1315159 0.1145526 0.1389152 0.1335542 0.1274041 0.1249631 0.1209716 0.1337745 0.1360193 0.1114348 0.1377619 0.1266518 0.1260058 0.1221481 0.1276752 0.1407949 0.1398966 0.1277589 0.1246045 0.1190116 0.1454521 0.1141816 0.1338793 0.1434258 0.1182738 
S0289         0.2269540 0.1022420 0.0888750 0.0425163 0.0962132 0.1008707 0.1281711 0.0000000 0.0918178 0.1074083 0.1227263 0.0386659 0.1229727 0.1251736 0.0411883 0.1188573 0.0382300 0.1071783 0.1073571 0.1234968 0.1064838 0.0958169 0.0973578 0.0443386 0.1084589 0.0374205 0.0837670 0.1078086 0.0399438 0.1212252 0.0514732 0.1027429 0.1082183 0.1265588 0.1224024 0.0393603 0.1072056 0.0970796 0.0452522 0.0560919 0.0679860 0.0997125 0.0950612 0.1035258 0.1268292 0.1336254 0.1026103 0.1239612 0.1325769 0.0948945 0.1115809 0.0795986 0.0957171 0.0857523 0.0791692 0.1066675 0.0965006 0.0576198 0.1320353 0.0667015 0.0545813 0.0876147 0.0286795 0.0990995 0.1113131 0.0948134 0.1054936 0.1083546 0.1367860 0.0976506 0.1347124 0.1141000 0.1300929 0.1221991 0.1023124 0.1062856 0.1321597 0.0888201 0.1327348 0.0700021 0.1028740 0.1066447 0.1148492 0.1075710 0.0965748 0.1373160 0.0953446 0.1091525 0.0975993 0.0426554 0.0617039 0.0673658 0.1233774 0.0566160 0.0434509 0.1246245 0.1300123 0.1250692 0.0924336 0.1302226 0.1087362 0.0911361 0.0970130 0.0926929 0.0995690 0.1013523 0.0941846 0.0593258 0.0921170 0.0926370 0.0380009 0.1039494 0.0823939 0.0364819 0.0982115 0.0690210 0.0947331 0.0897557 0.0995140 0.0961696 0.0885150 0.0434866 0.0969582 0.0653773 0.0938569 0.0921735 0.1029562 0.1054554 0.0703994 0.0895919 0.0869744 0.1135031 0.0856129 0.0921027 0.1072917 0.0849923 
S0292         0.2258461 0.0804245 0.0685666 0.0936637 0.0760921 0.0808617 0.1283510 0.0918178 0.0000000 0.0892680 0.1036004 0.0925853 0.1176590 0.1222547 0.0836578 0.1155431 0.0842573 0.0778741 0.0593342 0.1182356 0.0828430 0.0758981 0.0790882 0.0985699 0.0906932 0.0848866 0.0629358 0.0902929 0.0925402 0.1178465 0.0800129 0.0799071 0.0944365 0.1156107 0.1133870 0.0878736 0.0817651 0.0787296 0.0910461 0.0790596 0.0860486 0.0824537 0.0738000 0.0808876 0.1209509 0.1276038 0.0856107 0.1181367 0.1141702 0.0768655 0.0897182 0.0593113 0.0759374 0.0624145 0.0598392 0.0805502 0.0760753 0.0830076 0.1228072 0.0846784 0.0730687 0.0637483 0.0877822 0.0909469 0.0876194 0.0728836 0.0805928 0.0860713 0.1120750 0.0794456 0.1244906 0.0983559 0.1149104 0.1146860 0.0754967 0.0792448 0.1247438 0.0673426 0.1262318 0.0948475 0.0812501 0.0718817 0.1012969 0.0855025 0.0535968 0.1319749 0.0765314 0.0900180 0.0732430 0.0862443 0.0787179 0.0857531 0.1207102 0.0788998 0.0906900 0.1091631 0.1235732 0.1183704 0.0754641 0.1188144 0.0649344 0.0169394 0.0776760 0.0743544 0.0794641 0.0568687 0.0761135 0.0814620 0.0234179 0.0154351 0.0858947 0.0843755 0.0630339 0.0892938 0.0792150 0.0853217 0.0766876 0.0691827 0.0564182 0.0536750 0.0679339 0.0929652 0.0777648 0.0903412 0.0733635 0.0736883 0.0624675 0.0796164 0.0874159 0.0703199 0.0626768 0.0940219 0.0637721 0.0540261 0.0929000 0.0619224 
S0293         0.2275716 0.0744334 0.0835405 0.1075059 0.0984314 0.0321420 0.1345727 0.1074083 0.0892680 0.0000000 0.0735844 0.1098644 0.1249477 0.1292665 0.0935809 0.1192551 0.1008574 0.0984048 0.0912718 0.1256510 0.0896138 0.0239451 0.0362632 0.1113797 0.0822759 0.1019087 0.0785035 0.0978538 0.1067364 0.1260896 0.0939291 0.0962622 0.0822906 0.1181439 0.1263224 0.1080420 0.0617209 0.0330772 0.1122014 0.0946504 0.0999466 0.0779430 0.0234151 0.1022283 0.1280154 0.1369203 0.0834388 0.1280566 0.1275026 0.0341498 0.1025826 0.0766885 0.0238551 0.0823227 0.0766704 0.1010768 0.0992842 0.0943867 0.1317359 0.0997390 0.0784110 0.0777941 0.0984327 0.1075529 0.1032154 0.0834912 0.0994209 0.1089460 0.0796893 0.0961508 0.1420105 0.1014550 0.1287501 0.1190808 0.0919903 0.0957751 0.1349567 0.0859549 0.1367829 0.0900627 0.0959509 0.0998673 0.1077516 0.0623297 0.0908496 0.1431264 0.0270355 0.0605253 0.0832268 0.1025047 0.0943643 0.0982938 0.1295465 0.0893964 0.1094214 0.1204931 0.1334618 0.1256879 0.0305198 0.1279788 0.1019461 0.0847081 0.0306945 0.0276642 0.0772208 0.1009269 0.0499113 0.0953753 0.0903047 0.0914718 0.0943574 0.0554779 0.0803931 0.1056744 0.0975586 0.0999642 0.0259565 0.0869838 0.1002101 0.0952971 0.0273285 0.1098353 0.0481993 0.0996338 0.0446171 0.0726980 0.1036887 0.0998216 0.1048460 0.0834321 0.0779930 0.1016107 0.0819200 0.0939800 0.1000976 0.0783477 
S0294         0.2417270 0.0929965 0.1057664 0.1244947 0.1129316 0.0668034 0.1498355 0.1227263 0.1036004 0.0735844 0.0000000 0.1283885 0.1437772 0.1480969 0.1117215 0.1422642 0.1151687 0.1159011 0.1101111 0.1452530 0.1019479 0.0616127 0.0648179 0.1405053 0.0930169 0.1158168 0.0951267 0.1091797 0.1285719 0.1440068 0.1094116 0.1134631 0.0990004 0.1426029 0.1431136 0.1208664 0.0702574 0.0646267 0.1283175 0.1078408 0.1150741 0.0917339 0.0573517 0.1195730 0.1477744 0.1551367 0.0912267 0.1438397 0.1439365 0.0634094 0.1248306 0.0934567 0.0608188 0.0987794 0.0939742 0.1160841 0.1147547 0.1116580 0.1514866 0.1127263 0.1001222 0.0956423 0.1197242 0.1194043 0.1217855 0.1062880 0.1179952 0.1234561 0.0573206 0.1098356 0.1576684 0.1219618 0.1432967 0.1420003 0.1071965 0.1117753 0.1538925 0.1025984 0.1554150 0.1119201 0.1123357 0.1126907 0.1278390 0.0717305 0.1114345 0.1608526 0.0601455 0.0704378 0.1090016 0.1182240 0.1083805 0.1163552 0.1461779 0.1047349 0.1229973 0.1340164 0.1528818 0.1441111 0.0611238 0.1436850 0.1179338 0.1031910 0.0618356 0.0580199 0.0887807 0.1179119 0.0643551 0.1108348 0.1088348 0.1081946 0.1154021 0.0653228 0.0951122 0.1237233 0.1112330 0.1166245 0.0610149 0.1010113 0.1150487 0.1107473 0.0573080 0.1219142 0.0624807 0.1176052 0.0553733 0.0827959 0.1197550 0.1202262 0.1166844 0.1011086 0.0958376 0.1236659 0.0973719 0.1081201 0.1076035 0.0960840 
S0299         0.2413329 0.1047545 0.0985067 0.0366374 0.1068580 0.1035562 0.1370946 0.0386659 0.0925853 0.1098644 0.1283885 0.0000000 0.1299164 0.1300153 0.0459595 0.1242988 0.0449534 0.1028108 0.1084286 0.1325557 0.1084364 0.0992490 0.0991139 0.0487847 0.1163349 0.0418784 0.0908744 0.1114666 0.0447430 0.1309825 0.0556597 0.1064655 0.1172153 0.1274993 0.1308693 0.0366178 0.1096039 0.0960119 0.0492238 0.0607815 0.0727558 0.1041991 0.0980751 0.1115624 0.1359139 0.1409632 0.1068059 0.1335417 0.1371142 0.0986881 0.1158813 0.0869372 0.0991014 0.0953789 0.0877473 0.1142323 0.1044068 0.0636096 0.1362984 0.0713989 0.0573390 0.0918231 0.0387723 0.1029911 0.1156836 0.0972071 0.1105711 0.1129360 0.1388980 0.1066615 0.1417144 0.1135479 0.1288085 0.1244731 0.1081335 0.1117594 0.1403067 0.0952241 0.1404549 0.0800060 0.1081564 0.1120573 0.1162983 0.1110590 0.1023878 0.1464663 0.0990283 0.1120977 0.1011666 0.0469393 0.0670415 0.0721394 0.1311155 0.0626189 0.0410851 0.1262490 0.1375090 0.1312832 0.0949930 0.1329657 0.1146837 0.0918943 0.0995654 0.0918755 0.1065814 0.1078362 0.0966235 0.0649287 0.0960899 0.0957360 0.0407499 0.1061145 0.0910105 0.0373124 0.1076909 0.0734730 0.0985279 0.0964792 0.0989912 0.1015071 0.0919458 0.0394440 0.0994948 0.0704217 0.0987685 0.0976490 0.1094817 0.1063989 0.0775033 0.0931409 0.0911723 0.1181764 0.0893732 0.0986087 0.1129467 0.0883218 
S0303         0.2513258 0.1185789 0.1134705 0.1306862 0.1244445 0.1238583 0.0165184 0.1229727 0.1176590 0.1249477 0.1437772 0.1299164 0.0000000 0.0793458 0.1156903 0.0169980 0.1181896 0.1286952 0.1264267 0.0141779 0.1276146 0.1170453 0.1166933 0.1387607 0.1326056 0.1203845 0.1073126 0.1337408 0.1187026 0.0100198 0.1168968 0.1276387 0.1302710 0.0915018 0.0152971 0.1293471 0.1246711 0.1160961 0.1274934 0.1101946 0.1158947 0.1212480 0.1158752 0.1229956 0.0177308 0.1622403 0.1272292 0.0112835 0.1486026 0.1165572 0.1354870 0.1039703 0.1187855 0.1093921 0.1058190 0.1297522 0.1204960 0.1117338 0.0928767 0.1179620 0.1040215 0.1107410 0.1140439 0.0384905 0.1324075 0.1167957 0.1260135 0.1239183 0.1494141 0.1246675 0.1645415 0.1304035 0.0905211 0.0874046 0.1284426 0.1316253 0.1607277 0.1122942 0.1618009 0.1095539 0.1263792 0.1342758 0.0824614 0.1292138 0.1219691 0.1650008 0.1173072 0.1314594 0.1168287 0.1210512 0.1122592 0.1187020 0.0148796 0.1087006 0.1298584 0.0952055 0.0155075 0.0126915 0.1128691 0.0867489 0.1333880 0.1195309 0.1195759 0.1076222 0.1166976 0.1324007 0.1166914 0.1131808 0.1199084 0.1206466 0.1175490 0.1245272 0.1066939 0.1304791 0.1261558 0.1189279 0.1193193 0.1137145 0.1229430 0.1242080 0.1070732 0.1309693 0.1193107 0.1166725 0.1152464 0.1170209 0.1290043 0.1285507 0.1205468 0.1155376 0.1067878 0.1365174 0.1054351 0.1205856 0.1354916 0.1083207 
S0308         0.2583252 0.1234629 0.1246637 0.1272136 0.1298635 0.1277635 0.0866089 0.1251736 0.1222547 0.1292665 0.1480969 0.1300153 0.0793458 0.0000000 0.1170505 0.0764794 0.1197669 0.1319174 0.1343967 0.0789809 0.1316046 0.1215147 0.1234413 0.1439984 0.1395957 0.1208369 0.1126221 0.1361899 0.1255146 0.0775737 0.1167440 0.1281889 0.1397666 0.0930025 0.0758806 0.1266960 0.1319145 0.1225142 0.1308827 0.1119642 0.1180042 0.1318931 0.1199663 0.1303652 0.0844148 0.1642970 0.1350192 0.0793536 0.1614683 0.1197003 0.1330805 0.1100704 0.1193935 0.1156930 0.1107035 0.1359131 0.1250972 0.1148380 0.0981577 0.1192257 0.1056473 0.1148902 0.1193229 0.0515658 0.1353860 0.1207359 0.1280214 0.1296379 0.1565085 0.1314487 0.1651195 0.1299768 0.0848523 0.0897795 0.1315655 0.1333959 0.1625610 0.1183600 0.1637050 0.1137718 0.1291846 0.1374025 0.0840861 0.1372190 0.1287166 0.1697862 0.1217532 0.1365520 0.1228397 0.1228176 0.1139640 0.1194112 0.0786023 0.1108784 0.1291493 0.1022459 0.0853365 0.0812016 0.1187883 0.0961647 0.1401164 0.1246295 0.1253938 0.1177123 0.1212600 0.1356022 0.1243838 0.1160811 0.1257971 0.1265537 0.1175770 0.1306112 0.1120006 0.1275773 0.1312120 0.1208904 0.1228547 0.1158972 0.1322072 0.1258432 0.1112944 0.1309641 0.1258775 0.1188488 0.1242431 0.1222169 0.1350909 0.1313251 0.1219644 0.1210101 0.1150787 0.1418004 0.1119705 0.1239203 0.1356737 0.1133580 
S0320         0.2114676 0.0913234 0.0879327 0.0438944 0.0905536 0.0922343 0.1203235 0.0411883 0.0836578 0.0935809 0.1117215 0.0459595 0.1156903 0.1170505 0.0000000 0.1066482 0.0407437 0.0962413 0.1010720 0.1152299 0.0942787 0.0880915 0.0896642 0.0561624 0.0992255 0.0379351 0.0810493 0.1003530 0.0352462 0.1128931 0.0495586 0.0948814 0.1041784 0.1256441 0.1013346 0.0465664 0.0968617 0.0860655 0.0439173 0.0520722 0.0637205 0.0962451 0.0868882 0.0999625 0.1192097 0.1239836 0.0965400 0.1166105 0.1249383 0.0876371 0.1006779 0.0772825 0.0879346 0.0809571 0.0767519 0.1006291 0.0966565 0.0540154 0.1229362 0.0631192 0.0489053 0.0834310 0.0275106 0.0907971 0.1001201 0.0854860 0.0930782 0.0959682 0.1202967 0.0940318 0.1253456 0.1032963 0.1117682 0.1190958 0.0930168 0.0989926 0.1235640 0.0844106 0.1224791 0.0697683 0.0954532 0.1008121 0.1135647 0.0950426 0.0893019 0.1296156 0.0881346 0.0985531 0.0857970 0.0373336 0.0588054 0.0611445 0.1125722 0.0507596 0.0465716 0.1160150 0.1202786 0.1139754 0.0848131 0.1231004 0.1012197 0.0874543 0.0904440 0.0836395 0.0909841 0.0981617 0.0868360 0.0555100 0.0896377 0.0880154 0.0284914 0.0924237 0.0803572 0.0433514 0.0932888 0.0665710 0.0864444 0.0942533 0.0923900 0.0931979 0.0835804 0.0466303 0.0893431 0.0603317 0.0868354 0.0871067 0.0993811 0.0999255 0.0656025 0.0839389 0.0827279 0.1068363 0.0792588 0.0909002 0.0997269 0.0809770 
S0322         0.2348762 0.1149212 0.1066284 0.1234668 0.1230451 0.1209510 0.0233188 0.1188573 0.1155431 0.1192551 0.1422642 0.1242988 0.0169980 0.0764794 0.1066482 0.0000000 0.1117204 0.1204733 0.1305880 0.0105571 0.1247247 0.1160036 0.1158947 0.1421890 0.1228197 0.1160555 0.1034502 0.1334183 0.1247143 0.0155641 0.1149042 0.1227270 0.1248374 0.0906452 0.0208472 0.1229632 0.1214227 0.1127112 0.1266544 0.1031036 0.1122817 0.1185620 0.1130200 0.1179279 0.0113111 0.1573237 0.1256971 0.0155613 0.1508704 0.1153081 0.1281590 0.0998498 0.1187479 0.1059041 0.1006702 0.1248782 0.1109046 0.1044434 0.0933950 0.1141684 0.1026923 0.1117985 0.1094373 0.0434697 0.1267849 0.1141393 0.1199044 0.1202237 0.1450241 0.1202261 0.1641527 0.1259910 0.0908881 0.0913102 0.1271900 0.1296785 0.1574863 0.1084430 0.1587449 0.1016655 0.1246608 0.1276102 0.0829638 0.1268049 0.1255274 0.1619085 0.1155911 0.1269763 0.1143998 0.1174100 0.1079052 0.1162144 0.0159703 0.1024444 0.1255676 0.0880157 0.0207062 0.0187354 0.1104304 0.0904744 0.1301145 0.1145568 0.1182685 0.1076749 0.1117984 0.1321162 0.1105510 0.1091146 0.1178649 0.1187380 0.1102923 0.1206208 0.1021668 0.1243248 0.1221084 0.1168538 0.1176625 0.1118098 0.1241079 0.1243132 0.1057787 0.1229514 0.1143995 0.1076210 0.1134223 0.1124377 0.1300044 0.1227769 0.1178599 0.1119770 0.1065425 0.1306653 0.1028869 0.1172988 0.1327619 0.1064729 
S0327         0.2229574 0.0945489 0.0852233 0.0429226 0.0893933 0.0916395 0.1213958 0.0382300 0.0842573 0.1008574 0.1151687 0.0449534 0.1181896 0.1197669 0.0407437 0.1117204 0.0000000 0.0976780 0.1033460 0.1175508 0.0940977 0.0870778 0.0885431 0.0463125 0.1039583 0.0284694 0.0763511 0.1013081 0.0308313 0.1168827 0.0440739 0.0950488 0.1038726 0.1184867 0.1173146 0.0400513 0.0962712 0.0889277 0.0387421 0.0494764 0.0590474 0.0918111 0.0850212 0.0959578 0.1216150 0.1278828 0.0954043 0.1183989 0.1243239 0.0854173 0.1062857 0.0729068 0.0863925 0.0789003 0.0723867 0.1002585 0.0901921 0.0530251 0.1234478 0.0585296 0.0489345 0.0815907 0.0264048 0.0914480 0.1039418 0.0832638 0.0968048 0.1018527 0.1272605 0.0921099 0.1290417 0.1042232 0.1156005 0.1135605 0.0944475 0.0968325 0.1281547 0.0833182 0.1282125 0.0712126 0.0948373 0.1007540 0.1054189 0.0991629 0.0895368 0.1340534 0.0873438 0.1002920 0.0912965 0.0316218 0.0546209 0.0578321 0.1154233 0.0502325 0.0438638 0.1164139 0.1248290 0.1173270 0.0828191 0.1199123 0.1037436 0.0843180 0.0893593 0.0848177 0.0938951 0.0963494 0.0866025 0.0540336 0.0864848 0.0859204 0.0412771 0.0943681 0.0753440 0.0334288 0.0926636 0.0623565 0.0863060 0.0827440 0.0940774 0.0871376 0.0792432 0.0431730 0.0874655 0.0604289 0.0850822 0.0833388 0.0985408 0.1002535 0.0655012 0.0835779 0.0805659 0.1062830 0.0772782 0.0862450 0.1003913 0.0774308 
S0335         0.2319324 0.0849808 0.0839437 0.1034712 0.0894342 0.0929523 0.1428546 0.1071783 0.0778741 0.0984048 0.1159011 0.1028108 0.1286952 0.1319174 0.0962413 0.1204733 0.0976780 0.0000000 0.0812347 0.1293265 0.0889608 0.0894438 0.0893131 0.1175667 0.1043078 0.1005911 0.0755416 0.0972443 0.1055588 0.1300646 0.0980051 0.0901303 0.1033809 0.1294037 0.1235238 0.1036124 0.0943332 0.0872353 0.1087779 0.0914475 0.0993824 0.0903146 0.0866817 0.0936027 0.1339078 0.1409904 0.0973319 0.1305964 0.1352617 0.0852944 0.1004161 0.0732000 0.0865504 0.0762863 0.0727815 0.0914473 0.0901997 0.0958722 0.1345134 0.0975716 0.0855370 0.0740912 0.1061949 0.1019387 0.0969904 0.0783272 0.0880062 0.0925582 0.1238682 0.0905704 0.1387133 0.1034777 0.1250589 0.1192058 0.0852902 0.0856501 0.1396938 0.0829086 0.1404577 0.1026389 0.0873403 0.0890763 0.1142462 0.0954755 0.0854244 0.1460738 0.0858229 0.1014252 0.0761448 0.0985615 0.0911727 0.0969074 0.1262705 0.0890108 0.1058490 0.1215603 0.1345133 0.1300332 0.0848475 0.1301506 0.0828634 0.0775550 0.0870702 0.0822653 0.0841321 0.0914986 0.0870224 0.0944650 0.0819694 0.0815393 0.0952450 0.0938467 0.0764163 0.1076893 0.0907802 0.1010400 0.0859475 0.0769752 0.0875806 0.0739837 0.0813952 0.1104987 0.0911450 0.1019015 0.0842102 0.0834258 0.0838094 0.0281724 0.1011140 0.0756533 0.0742602 0.1023492 0.0756590 0.0722653 0.0973277 0.0714487 
S0345         0.2210563 0.0814077 0.0833245 0.1115644 0.0916470 0.0917075 0.1439016 0.1073571 0.0593342 0.0912718 0.1101111 0.1084286 0.1264267 0.1343967 0.1010720 0.1305880 0.1033460 0.0812347 0.0000000 0.1293486 0.0896168 0.0889904 0.0880767 0.1127889 0.0887179 0.1103662 0.0774742 0.0941978 0.1062924 0.1287275 0.0922310 0.0928398 0.0973013 0.1259191 0.1128413 0.1065482 0.0943887 0.0810703 0.1160625 0.0966566 0.0989749 0.0892065 0.0823180 0.0904203 0.1329329 0.1313155 0.0928763 0.1304202 0.1175202 0.0866295 0.0950931 0.0731380 0.0875177 0.0763876 0.0709889 0.0951590 0.0823088 0.0954589 0.1342155 0.0993356 0.0874092 0.0736164 0.0967800 0.1037891 0.0988022 0.0826252 0.0890740 0.0849130 0.1083624 0.0918886 0.1309910 0.1077081 0.1285107 0.1338987 0.0919597 0.0941756 0.1283851 0.0822308 0.1316217 0.0972051 0.0909711 0.0710528 0.1165972 0.0956050 0.0652033 0.1364457 0.0861193 0.1025037 0.0771190 0.1006821 0.0925799 0.1008355 0.1269613 0.0957760 0.1087901 0.1182940 0.1403780 0.1305721 0.0812229 0.1372124 0.0325782 0.0544389 0.0877762 0.0736037 0.0793363 0.0674123 0.0853551 0.0974717 0.0638152 0.0614035 0.1000470 0.0930087 0.0759623 0.1119760 0.0925066 0.1027687 0.0846127 0.0865073 0.0676570 0.0429348 0.0825512 0.1090280 0.0907129 0.1033479 0.0834816 0.0838157 0.0219777 0.0867804 0.1065398 0.0810115 0.0758307 0.0998088 0.0782833 0.0391139 0.0963316 0.0780951 
S0355         0.2574153 0.1196465 0.1118323 0.1315322 0.1237526 0.1239483 0.0189173 0.1234968 0.1182356 0.1256510 0.1452530 0.1325557 0.0141779 0.0789809 0.1152299 0.0105571 0.1175508 0.1293265 0.1293486 0.0000000 0.1271575 0.1172155 0.1177864 0.1394084 0.1336059 0.1201202 0.1080887 0.1340546 0.1165058 0.0132598 0.1152615 0.1277017 0.1322143 0.0940281 0.0176991 0.1275087 0.1248102 0.1190783 0.1293021 0.1098344 0.1152803 0.1239925 0.1167861 0.1258495 0.0129494 0.1639548 0.1281948 0.0138863 0.1562299 0.1176193 0.1353311 0.1048376 0.1189761 0.1102740 0.1062246 0.1298296 0.1214817 0.1109150 0.0946763 0.1181127 0.1041621 0.1128022 0.1157544 0.0394853 0.1337192 0.1170346 0.1255780 0.1283179 0.1514403 0.1243395 0.1667102 0.1327229 0.0861595 0.0859658 0.1285792 0.1308361 0.1624515 0.1126078 0.1635771 0.1036776 0.1265609 0.1345822 0.0793084 0.1305142 0.1254797 0.1667556 0.1175146 0.1322394 0.1166577 0.1208868 0.1122014 0.1201343 0.0160659 0.1083363 0.1293905 0.0993874 0.0187419 0.0160864 0.1144501 0.0923915 0.1332739 0.1193037 0.1198002 0.1119645 0.1157217 0.1327464 0.1169170 0.1118196 0.1209181 0.1203494 0.1179111 0.1246558 0.1070801 0.1299944 0.1253745 0.1194593 0.1198593 0.1110780 0.1252348 0.1247006 0.1088844 0.1306022 0.1197356 0.1164948 0.1155104 0.1171824 0.1304487 0.1307727 0.1198862 0.1170081 0.1101601 0.1371390 0.1058780 0.1215466 0.1352248 0.1104086 
S0376         0.2146641 0.0768790 0.0808198 0.1041404 0.0934314 0.0849457 0.1387457 0.1064838 0.0828430 0.0896138 0.1019479 0.1084364 0.1276146 0.1316046 0.0942787 0.1247247 0.0940977 0.0889608 0.0896168 0.1271575 0.0000000 0.0808154 0.0827699 0.1213554 0.0947010 0.1023355 0.0774885 0.0412958 0.1056471 0.1262173 0.0906263 0.0924408 0.0926539 0.1221911 0.1319957 0.1051605 0.0865093 0.0797686 0.1107554 0.0910187 0.0974071 0.0835348 0.0780526 0.0887532 0.1282907 0.1337667 0.0892666 0.1255037 0.1236372 0.0824823 0.0972816 0.0756572 0.0797052 0.0793757 0.0756243 0.0929073 0.0867114 0.0948463 0.1329454 0.0961266 0.0867593 0.0775428 0.0984187 0.1099084 0.1011834 0.0840413 0.0929379 0.1007225 0.1102318 0.0950328 0.1364603 0.0998173 0.1334578 0.1296269 0.0929540 0.0983825 0.1319566 0.0844055 0.1341223 0.1061345 0.0917340 0.0944804 0.1166312 0.0883195 0.0872751 0.1396884 0.0769458 0.0874243 0.0820680 0.0975462 0.0914344 0.0999240 0.1286864 0.0898963 0.1050140 0.1203095 0.1328559 0.1270643 0.0782139 0.1325067 0.0928220 0.0776050 0.0807400 0.0715291 0.0772649 0.0926223 0.0764630 0.0948820 0.0861363 0.0867002 0.0962373 0.0809799 0.0775723 0.1096128 0.0965267 0.1008243 0.0809848 0.0865029 0.0917639 0.0867636 0.0734966 0.1027818 0.0772910 0.1006353 0.0752568 0.0746679 0.0948681 0.0888003 0.1016464 0.0787332 0.0755471 0.1008905 0.0786469 0.0858673 0.0396901 0.0745550 
S0400         0.2080184 0.0664800 0.0733787 0.0981843 0.0872422 0.0174126 0.1223930 0.0958169 0.0758981 0.0239451 0.0616127 0.0992490 0.1170453 0.1215147 0.0880915 0.1160036 0.0870778 0.0894438 0.0889904 0.1172155 0.0808154 0.0000000 0.0239557 0.1040502 0.0707328 0.0885107 0.0673976 0.0878654 0.0968111 0.1155789 0.0815071 0.0867577 0.0731157 0.1127747 0.1140553 0.0954259 0.0492132 0.0227131 0.0997745 0.0797338 0.0873132 0.0676549 0.0133738 0.0905385 0.1208038 0.1299603 0.0709117 0.1172697 0.1150894 0.0228856 0.0978410 0.0651860 0.0150113 0.0704111 0.0654002 0.0896686 0.0851831 0.0843421 0.1220610 0.0863597 0.0716251 0.0709876 0.0891213 0.0944569 0.0887438 0.0764336 0.0895536 0.0960830 0.0706792 0.0831222 0.1311729 0.0966686 0.1205798 0.1172231 0.0825362 0.0864055 0.1275805 0.0743921 0.1294780 0.0844540 0.0848226 0.0895178 0.1037833 0.0522248 0.0837673 0.1335227 0.0154890 0.0531671 0.0797056 0.0877027 0.0815262 0.0848948 0.1186287 0.0775296 0.0957938 0.1111781 0.1242084 0.1167529 0.0198578 0.1172822 0.0930786 0.0746637 0.0187608 0.0172471 0.0673220 0.0945354 0.0426856 0.0846324 0.0793693 0.0784697 0.0881156 0.0458490 0.0682241 0.0943284 0.0843948 0.0888525 0.0167912 0.0784478 0.0895414 0.0839188 0.0182364 0.0985707 0.0411999 0.0891143 0.0341796 0.0615328 0.0928895 0.0918170 0.0906008 0.0745533 0.0703381 0.0932752 0.0724275 0.0823801 0.0877664 0.0706835 
S0405         0.2184579 0.0700257 0.0764609 0.0996873 0.0880736 0.0306249 0.1260224 0.0973578 0.0790882 0.0362632 0.0648179 0.0991139 0.1166933 0.1234413 0.0896642 0.1158947 0.0885431 0.0893131 0.0880767 0.1177864 0.0827699 0.0239557 0.0000000 0.1018244 0.0765604 0.0904150 0.0713454 0.0882065 0.0972277 0.1166413 0.0838267 0.0866386 0.0775621 0.1129656 0.1181588 0.0981246 0.0512270 0.0184080 0.1021273 0.0823976 0.0906976 0.0726998 0.0215323 0.0924602 0.1209679 0.1328871 0.0727568 0.1173795 0.1173376 0.0252267 0.0972416 0.0683741 0.0222260 0.0737348 0.0685932 0.0891069 0.0882406 0.0861157 0.1235220 0.0886226 0.0741453 0.0719277 0.0871813 0.0954267 0.0931448 0.0766322 0.0898314 0.0958531 0.0766399 0.0857712 0.1319477 0.0965364 0.1183490 0.1172587 0.0827132 0.0858303 0.1293575 0.0776864 0.1319752 0.0861305 0.0858947 0.0926936 0.1023122 0.0534865 0.0871955 0.1364822 0.0229654 0.0572466 0.0795663 0.0899493 0.0841361 0.0886857 0.1187443 0.0792860 0.0988784 0.1109329 0.1244825 0.1174198 0.0173048 0.1174391 0.0930002 0.0779207 0.0253657 0.0162113 0.0694220 0.0959768 0.0452674 0.0849582 0.0823059 0.0820648 0.0904883 0.0501761 0.0725587 0.0931775 0.0863025 0.0922580 0.0239908 0.0790845 0.0890837 0.0857644 0.0203318 0.1004998 0.0437381 0.0905227 0.0373572 0.0610377 0.0928374 0.0917863 0.0924134 0.0766757 0.0716493 0.0937435 0.0745198 0.0838382 0.0903931 0.0723580 
S0407sl       0.2405702 0.1114333 0.1011825 0.0553569 0.1083133 0.1080076 0.1428206 0.0443386 0.0985699 0.1113797 0.1405053 0.0487847 0.1387607 0.1439984 0.0561624 0.1421890 0.0463125 0.1175667 0.1127889 0.1394084 0.1213554 0.1040502 0.1018244 0.0000000 0.1208343 0.0467815 0.0966399 0.1175218 0.0424311 0.1379897 0.0541561 0.1150683 0.1206544 0.1481914 0.1370606 0.0494764 0.1136593 0.1030734 0.0541662 0.0688947 0.0786489 0.1130953 0.1030151 0.1216730 0.1455068 0.1570087 0.1177687 0.1435807 0.1460006 0.1045327 0.1242359 0.0935647 0.1018037 0.0968869 0.0921377 0.1212933 0.1132486 0.0712581 0.1437760 0.0753678 0.0643170 0.0938299 0.0353435 0.1152475 0.1245885 0.1019506 0.1193363 0.1211066 0.1427326 0.1094473 0.1543645 0.1234200 0.1446285 0.1318497 0.1138065 0.1148072 0.1556925 0.1049447 0.1556446 0.0767176 0.1158999 0.1173741 0.1234393 0.1158001 0.1102181 0.1582833 0.1061059 0.1194264 0.1077368 0.0474374 0.0687531 0.0751649 0.1385629 0.0691450 0.0541298 0.1445532 0.1465622 0.1412860 0.0985851 0.1393513 0.1254611 0.0965036 0.1057367 0.0956686 0.1125843 0.1159435 0.1030024 0.0744841 0.1030586 0.1018206 0.0467844 0.1119185 0.0967135 0.0276667 0.1094908 0.0786893 0.1019977 0.0954157 0.1128112 0.1112781 0.0958807 0.0551492 0.1071064 0.0740900 0.1021559 0.1036812 0.1190386 0.1211546 0.0790898 0.1030346 0.0950790 0.1214262 0.0972848 0.1123893 0.1204771 0.0932793 
S0412sl       0.2354251 0.0780193 0.0952410 0.1108054 0.0990921 0.0734702 0.1465598 0.1084589 0.0906932 0.0822759 0.0930169 0.1163349 0.1326056 0.1395957 0.0992255 0.1228197 0.1039583 0.1043078 0.0887179 0.1336059 0.0947010 0.0707328 0.0765604 0.1208343 0.0000000 0.1017094 0.0857154 0.1057763 0.1067299 0.1315947 0.0918575 0.0975837 0.0741363 0.1294950 0.1194714 0.1122451 0.0803395 0.0723421 0.1192915 0.0949385 0.1034667 0.0715243 0.0714142 0.1107724 0.1366264 0.1351729 0.0642642 0.1352859 0.1301394 0.0757209 0.1026172 0.0829170 0.0696759 0.0887316 0.0834399 0.1026041 0.1053807 0.0970814 0.1376495 0.1007496 0.0816989 0.0844555 0.1008651 0.1020312 0.1066926 0.0884511 0.1008907 0.1042528 0.1088451 0.1002433 0.1368690 0.1116125 0.1185481 0.1131996 0.0984174 0.1000111 0.1333098 0.0899773 0.1344133 0.0979772 0.1011705 0.1010954 0.1048715 0.0787729 0.0935866 0.1400938 0.0702080 0.0851989 0.0918665 0.0984741 0.0945753 0.1031776 0.1306577 0.0938624 0.1125114 0.1247540 0.1395425 0.1321667 0.0710147 0.1351117 0.0950370 0.0841442 0.0728302 0.0668937 0.0761734 0.1036444 0.0729306 0.0990746 0.0905244 0.0907899 0.0967038 0.0788780 0.0849237 0.1113820 0.1016986 0.1040538 0.0712671 0.0896693 0.1017766 0.0956819 0.0677496 0.1148466 0.0782778 0.1036712 0.0740009 0.0684228 0.0986945 0.1102434 0.1051201 0.0857962 0.0870709 0.1179653 0.0878280 0.0948868 0.1025407 0.0863466 
S0417         0.2255210 0.0967383 0.0863893 0.0458293 0.0924886 0.0929531 0.1276300 0.0374205 0.0848866 0.1019087 0.1158168 0.0418784 0.1203845 0.1208369 0.0379351 0.1160555 0.0284694 0.1005911 0.1103662 0.1201202 0.1023355 0.0885107 0.0904150 0.0467815 0.1017094 0.0000000 0.0787009 0.1031754 0.0282167 0.1182302 0.0445220 0.0952495 0.1063647 0.1215757 0.1204395 0.0411961 0.0980778 0.0903849 0.0416239 0.0494652 0.0586834 0.0927713 0.0865597 0.0982010 0.1238073 0.1299919 0.0971040 0.1206605 0.1241324 0.0860708 0.1066632 0.0749115 0.0882611 0.0805200 0.0741026 0.1028165 0.0932808 0.0530073 0.1265635 0.0581281 0.0503744 0.0815655 0.0245514 0.0946573 0.1044695 0.0870393 0.0974158 0.1024771 0.1295977 0.0936385 0.1312504 0.1066183 0.1214581 0.1203229 0.0976085 0.1011786 0.1297471 0.0848751 0.1294743 0.0730675 0.0985084 0.1045048 0.1072840 0.0989424 0.0939388 0.1361138 0.0887724 0.1023700 0.0926847 0.0311708 0.0539231 0.0594865 0.1191848 0.0499258 0.0446377 0.1196054 0.1277812 0.1203419 0.0871145 0.1226891 0.1073817 0.0857225 0.0907662 0.0847043 0.0968587 0.0999878 0.0888035 0.0550523 0.0874395 0.0875862 0.0370673 0.0968497 0.0777075 0.0362276 0.0941899 0.0612009 0.0885439 0.0844298 0.0972802 0.0921035 0.0812088 0.0432384 0.0903586 0.0592551 0.0876041 0.0844666 0.1015271 0.1010518 0.0635817 0.0834623 0.0805817 0.1084600 0.0783679 0.0904435 0.1046310 0.0766888 
S0419         0.2102226 0.0694270 0.0165551 0.0894568 0.0353424 0.0746031 0.1152255 0.0837670 0.0629358 0.0785035 0.0951267 0.0908744 0.1073126 0.1126221 0.0810493 0.1034502 0.0763511 0.0755416 0.0774742 0.1080887 0.0774885 0.0673976 0.0713454 0.0966399 0.0857154 0.0787009 0.0000000 0.0850195 0.0779797 0.1060794 0.0736158 0.0719248 0.0847784 0.1109898 0.1016382 0.0857908 0.0749148 0.0691495 0.0880033 0.0681734 0.0774283 0.0741992 0.0679907 0.0378354 0.1111543 0.1178171 0.0784386 0.1068363 0.1068311 0.0687292 0.0768558 0.0076323 0.0670780 0.0135101 0.0098863 0.0742862 0.0328375 0.0716148 0.1183342 0.0772693 0.0635895 0.0535684 0.0792834 0.0844401 0.0782498 0.0634886 0.0707109 0.0766388 0.1021989 0.0354125 0.1176664 0.0906819 0.1103240 0.1081021 0.0697433 0.0738022 0.1155859 0.0148282 0.1173265 0.0908984 0.0690835 0.0796780 0.1024115 0.0805913 0.0677634 0.1228964 0.0677539 0.0816630 0.0625657 0.0787098 0.0721762 0.0779564 0.1082229 0.0675735 0.0869724 0.1030975 0.1120284 0.1063539 0.0687949 0.1101326 0.0799381 0.0605239 0.0687975 0.0638862 0.0721745 0.0762771 0.0692539 0.0726501 0.0645934 0.0651212 0.0815248 0.0767582 0.0107478 0.0882722 0.0358323 0.0777780 0.0711889 0.0333367 0.0724489 0.0673290 0.0619690 0.0885549 0.0714474 0.0776999 0.0692987 0.0653354 0.0792560 0.0760340 0.0811148 0.0594869 0.0539737 0.0818199 0.0386667 0.0654652 0.0836750 0.0535778 
S0427         0.2386864 0.0897008 0.0859472 0.1095983 0.0978047 0.0931689 0.1417129 0.1078086 0.0902929 0.0978538 0.1091797 0.1114666 0.1337408 0.1361899 0.1003530 0.1334183 0.1013081 0.0972443 0.0941978 0.1340546 0.0412958 0.0878654 0.0882065 0.1175218 0.1057763 0.1031754 0.0850195 0.0000000 0.1075759 0.1328332 0.0942966 0.0979290 0.1026597 0.1337087 0.1358803 0.1070968 0.0933791 0.0860583 0.1122251 0.0949806 0.1004009 0.0918025 0.0839494 0.1018077 0.1361398 0.1443012 0.0960459 0.1336828 0.1267270 0.0878001 0.1024096 0.0819410 0.0838126 0.0861561 0.0807397 0.1026928 0.0978846 0.0986417 0.1403710 0.0987871 0.0889073 0.0850973 0.0959443 0.1140867 0.1072094 0.0927431 0.0993299 0.1032319 0.1192707 0.1005770 0.1459606 0.1063458 0.1391194 0.1391708 0.0976714 0.1013897 0.1419837 0.0905831 0.1442877 0.1146373 0.0981870 0.1016869 0.1267593 0.0910367 0.0946387 0.1490239 0.0839828 0.0954208 0.0897333 0.0998459 0.0937856 0.1004768 0.1373958 0.0933635 0.1074400 0.1316753 0.1387915 0.1356907 0.0844508 0.1417861 0.1007380 0.0861032 0.0878428 0.0785249 0.0885297 0.0986431 0.0840233 0.0977330 0.0902832 0.0926114 0.1038386 0.0911213 0.0851417 0.1119686 0.1002455 0.1016880 0.0856647 0.0934507 0.0999854 0.0948737 0.0806876 0.1103512 0.0858000 0.1056571 0.0816013 0.0833217 0.1037157 0.0992119 0.1013568 0.0872141 0.0844544 0.1127482 0.0843781 0.0917070 0.0342123 0.0815153 
S0428sl       0.2442853 0.0964467 0.0927650 0.0485570 0.0981057 0.0996158 0.1158609 0.0399438 0.0925402 0.1067364 0.1285719 0.0447430 0.1187026 0.1255146 0.0352462 0.1247143 0.0308313 0.1055588 0.1062924 0.1165058 0.1056471 0.0968111 0.0972277 0.0424311 0.1067299 0.0282167 0.0779797 0.1075759 0.0000000 0.1172430 0.0393093 0.1013405 0.1022377 0.1191420 0.1277720 0.0373606 0.1097893 0.0965751 0.0434272 0.0480745 0.0613174 0.0921507 0.0899620 0.0999900 0.1221792 0.1373602 0.1001848 0.1203651 0.1286631 0.0929270 0.1151255 0.0773260 0.0954125 0.0844874 0.0756691 0.1060408 0.0951536 0.0498795 0.1220625 0.0619911 0.0495878 0.0805034 0.0208619 0.1067741 0.1082970 0.0893255 0.1051651 0.1070240 0.1196022 0.1033637 0.1299703 0.1109760 0.1272535 0.1083216 0.0972022 0.0993637 0.1386720 0.0892238 0.1359083 0.0604016 0.0930791 0.1070766 0.0998976 0.1104705 0.0901597 0.1412175 0.0951291 0.1125890 0.0907860 0.0314370 0.0587857 0.0633538 0.1291494 0.0472141 0.0453517 0.1202942 0.1246291 0.1214237 0.0893220 0.1154647 0.1106946 0.0913155 0.0935638 0.0892314 0.0950824 0.1008644 0.0996759 0.0523483 0.0887481 0.0962643 0.0394657 0.1044511 0.0812328 0.0398124 0.1052777 0.0640296 0.0930426 0.0921359 0.0934798 0.0955443 0.0842319 0.0440234 0.0976362 0.0570471 0.0900416 0.0835975 0.1093669 0.1045125 0.0669252 0.0836011 0.0836747 0.1150155 0.0799153 0.0970004 0.1102089 0.0740576 
