117
S0055      0.0000000 0.1208194 0.1190321 0.0692894 0.1116699 0.1073862 0.1244318 0.0726893 0.0616518 0.1299016 0.1665960 0.1237837 0.1738870 0.1291155 0.1098710 0.0761893 0.0614088 0.0572768 0.1201396 0.1245731 0.1093865 0.1104154 0.0960743 0.1358110 0.1067485 0.1017540 0.1293627 0.1523677 0.1286589 0.0727430 0.0695610 0.1369209 0.1225820 0.1289227 0.1231372 0.0644193 0.1128049 0.1604129 0.1065777 0.1315198 0.0559606 0.0915193 0.1055709 0.0663899 0.1024770 0.1029734 0.1176223 0.1098700 0.1460485 0.1191609 0.1008192 0.1550486 0.1210766 0.1222655 0.0942075 0.1053354 0.1017077 0.1254675 0.1723815 0.1505112 0.0803043 0.0808887 0.0931831 0.0969741 0.1306443 0.0948900 0.1443639 0.1545492 0.0864545 0.1090834 0.0644462 0.1007400 0.1169088 0.1068465 0.1169188 0.1532897 0.1096333 0.1198706 0.1313434 0.1351233 0.1394585 0.0672112 0.1437925 0.1397768 0.0903822 0.0749083 0.0620327 0.0273137 0.1252737 0.0573023 0.1096352 0.1198258 0.1334105 0.1001373 0.1088510 0.1369767 0.1254675 0.1270063 0.0587663 0.1049720 0.1305745 0.0705966 0.1338770 0.0904763 0.1255343 0.0803863 0.0968487 0.1144160 0.1115764 0.1263843 0.0815344 0.1069271 0.1476641 0.1016954 0.1086523 0.0716935 0.0959893 
S0196sl    0.1208194 0.0000000 0.0767538 0.0813145 0.0000010 0.1414049 0.1075425 0.1018859 0.0613054 0.1273670 0.1500549 0.1397041 0.1404404 0.1638691 0.1248373 0.0983355 0.0961266 0.0864118 0.1295806 0.0811356 0.1342643 0.0160820 0.1084405 0.1214644 0.0962666 0.1207581 0.1252845 0.1633503 0.1645799 0.1012718 0.1060844 0.1642582 0.0930708 0.1232490 0.1318330 0.0969369 0.0702089 0.1449618 0.0929986 0.1204616 0.0903226 0.1009586 0.0117205 0.1064162 0.0117005 0.0077626 0.1250946 0.0654946 0.1443382 0.1098601 0.0849756 0.1185549 0.1237264 0.1377109 0.1196144 0.1283687 0.1137004 0.0817605 0.0956090 0.1367990 0.1180491 0.1183679 0.0686243 0.0158189 0.1246309 0.1023332 0.1437776 0.1374804 0.1210462 0.1027775 0.1031182 0.1292653 0.1263443 0.1311490 0.1204664 0.1126731 0.0745408 0.1350309 0.1324102 0.1144491 0.1343370 0.1028068 0.1598996 0.1200636 0.0587777 0.1138749 0.0970918 0.1261329 0.1093138 0.1038166 0.0818026 0.0884644 0.1057650 0.1236352 0.0157915 0.1607613 0.0768342 0.1404068 0.0959444 0.1095461 0.1085054 0.0916835 0.1701128 0.1290992 0.1438390 0.1072714 0.0773221 0.1137553 0.1062379 0.1270563 0.0867234 0.1129645 0.1900410 0.0598453 0.1029262 0.1071748 0.1078588 
S0281      0.1190321 0.0767538 0.0000000 0.0895765 0.0426684 0.0960360 0.1150627 0.0990258 0.0745730 0.0978829 0.1363470 0.1437115 0.1368843 0.1048389 0.1180187 0.0803244 0.0922373 0.0800225 0.1137922 0.0850424 0.1037502 0.0594454 0.0980766 0.1096686 0.0869755 0.1065818 0.1341630 0.1229960 0.1029387 0.0995874 0.0955862 0.1205864 0.1237486 0.1077849 0.1029117 0.1004501 0.0566590 0.1289109 0.1033037 0.1025552 0.0860885 0.1020289 0.0591243 0.0975879 0.0564825 0.0567338 0.1160396 0.0592510 0.1169762 0.1147587 0.1020180 0.1463525 0.1297510 0.1658814 0.1021668 0.1171082 0.1395924 0.0512727 0.1641106 0.1233880 0.0968849 0.1011634 0.0934709 0.0593217 0.1467964 0.1037686 0.1281348 0.1267564 0.1108721 0.1100951 0.1015842 0.1240257 0.1087962 0.0899180 0.0936145 0.1382259 0.1058892 0.1089008 0.1044761 0.1091324 0.1130201 0.0988512 0.1250257 0.1390370 0.0912942 0.1131367 0.0932114 0.1101325 0.1335487 0.0801905 0.0784582 0.1180156 0.1316613 0.1107462 0.0618645 0.1562085 0.0512727 0.1121775 0.0892939 0.1187284 0.1161923 0.0969421 0.1125023 0.1072873 0.1361592 0.1082689 0.0710534 0.1226245 0.1101639 0.0869428 0.0858018 0.1107567 0.1419851 0.0775763 0.0978602 0.0794875 0.1002793 
S0282      0.0692894 0.0813145 0.0895765 0.0000000 0.0623620 0.0927056 0.0999585 0.0242121 0.0274859 0.0897927 0.1321946 0.1208776 0.1372920 0.1078237 0.1107099 0.0779089 0.0150418 0.0130954 0.0950731 0.0910382 0.0864506 0.0758468 0.0919118 0.1168893 0.0751439 0.0827447 0.0857583 0.1289020 0.1006019 0.0708067 0.0309930 0.1174973 0.0943753 0.1094398 0.0838035 0.0181033 0.0896886 0.1299861 0.0796735 0.1096879 0.0149749 0.0645946 0.0719685 0.0194175 0.0692281 0.0695411 0.0861716 0.0814303 0.1257827 0.0953702 0.0815158 0.1204451 0.1195516 0.1204827 0.0819187 0.0920916 0.0655617 0.0921186 0.1389998 0.1297154 0.0645897 0.0649610 0.0676639 0.0722139 0.0943166 0.0770442 0.1284342 0.1310849 0.0716214 0.0888098 0.0264135 0.0570070 0.0985943 0.0920439 0.0953730 0.1306847 0.0829135 0.0959563 0.1184956 0.1163210 0.1202675 0.0241814 0.1298408 0.1379142 0.0660552 0.0309847 0.0196684 0.0578989 0.1004842 0.0487641 0.0758690 0.0875328 0.1082284 0.0515653 0.0748279 0.1278686 0.0921186 0.1078748 0.0128381 0.0911662 0.1065665 0.0313936 0.1151334 0.0562345 0.1115162 0.0383216 0.0614197 0.1008121 0.1033060 0.1069060 0.0638558 0.0871542 0.1354831 0.0718390 0.0889246 0.0689645 0.0797256 
S0288      0.1116699 0.0000010 0.0426684 0.0623620 0.0000000 0.0628453 0.0703055 0.0570770 0.0397212 0.0552996 0.0291152 0.0000010 0.0364104 0.0561296 0.0642018 0.0653244 0.0629883 0.0654987 0.0556077 0.0945479 0.0561519 0.0499639 0.0735398 0.0000010 0.0560656 0.0361212 0.0849542 0.0568724 0.0629611 0.1020138 0.0716010 0.0494558 0.0552996 0.0813652 0.0695121 0.0698304 0.0490437 0.0233381 0.0807563 0.0056088 0.0558059 0.0490368 0.0496215 0.0558059 0.0429642 0.0500571 0.0733908 0.0490437 0.0296646 0.0564164 0.0362541 0.3607181 0.0000010 0.0000010 0.0555679 0.0561940 0.4123512 0.0358497 0.4123512 0.0623037 0.0431491 0.0374980 0.0000010 0.0429642 0.0000010 0.0557427 0.0500959 0.0232460 0.0849296 0.0558330 0.0767723 0.1120228 0.0492924 0.0566933 0.0777775 0.0000010 0.0774209 0.0711997 0.0711015 0.0056383 0.0000010 0.0774612 0.0495118 0.1105583 0.0700469 0.0909405 0.0709292 0.0717885 0.0933243 0.0519177 0.0508881 0.0625590 0.0853377 0.0941143 0.0496079 0.0549190 0.0358497 0.0641343 0.0560978 0.0628687 0.0623760 0.0799644 0.0555732 0.0774256 0.0649455 0.0928262 0.0773352 0.0834594 0.0636994 0.0632348 0.0425733 0.0423398 0.0728048 0.0557138 0.0421256 0.0365491 0.0424174 
S0289      0.1073862 0.1414049 0.0960360 0.0927056 0.0628453 0.0000000 0.1163483 0.0950848 0.0762673 0.0436298 0.1541978 0.0304391 0.1584573 0.0563269 0.1083939 0.1081825 0.0940771 0.0899876 0.0426572 0.0967097 0.0238353 0.0787833 0.1204022 0.1276259 0.0516800 0.0939124 0.1473912 0.1556474 0.0438333 0.1211519 0.0975127 0.0485098 0.0747909 0.0802351 0.1148956 0.1024570 0.0857313 0.1521672 0.1124039 0.1235532 0.0877757 0.0855568 0.0847098 0.0995463 0.0818062 0.0821902 0.0883559 0.0829726 0.1401589 0.0788023 0.0963637 0.0652874 0.1426179 0.1381630 0.0894519 0.1039201 0.1433132 0.0813884 0.1806088 0.1379680 0.0810008 0.0817675 0.0628364 0.0821261 0.0952514 0.0881837 0.1291655 0.1427852 0.1135525 0.1011626 0.1036563 0.1331388 0.0290933 0.0729109 0.0756409 0.1714770 0.0645766 0.0386846 0.1196584 0.1307212 0.1312257 0.1008620 0.1588322 0.1354014 0.0792828 0.1154849 0.0918107 0.0977761 0.1157069 0.0872474 0.0457091 0.1117124 0.1125293 0.1192863 0.0759384 0.0618521 0.0813884 0.0735768 0.0910627 0.1075038 0.1072711 0.0898368 0.0578632 0.1155985 0.0826208 0.0974976 0.1032175 0.1107304 0.1067463 0.0783795 0.0688080 0.0965700 0.1068949 0.0819930 0.0982271 0.1005887 0.0973535 
S0292      0.1244318 0.1075425 0.1150627 0.0999585 0.0703055 0.1163483 0.0000000 0.1131040 0.0787601 0.1145695 0.1525107 0.1400461 0.1578961 0.1187210 0.0928031 0.1153138 0.1024508 0.1021203 0.1305393 0.1098896 0.1151743 0.0962883 0.1314812 0.1236839 0.0984930 0.0912288 0.1438668 0.1564155 0.1169585 0.1201020 0.1216263 0.1324663 0.1232135 0.1287677 0.1331437 0.1057310 0.1013158 0.1397133 0.1109122 0.1265694 0.0992744 0.0895907 0.0917625 0.1114036 0.0887591 0.0827803 0.1070114 0.0984343 0.1416083 0.1240580 0.0870732 0.1571996 0.1392558 0.1260837 0.0873666 0.1011583 0.1535438 0.0910866 0.1349310 0.1546671 0.0874584 0.0919100 0.0785539 0.0856241 0.1437699 0.0909463 0.1147649 0.1265857 0.1183481 0.0383359 0.1129008 0.1406708 0.1192997 0.1124165 0.1184191 0.1569395 0.0883145 0.1233486 0.1393217 0.1262421 0.1304536 0.1052940 0.1612901 0.1164347 0.0180124 0.1246217 0.1069718 0.1133830 0.0685998 0.0923391 0.0958251 0.0316965 0.0219526 0.1267416 0.0949267 0.1714564 0.0910866 0.1268136 0.0995123 0.0385227 0.1042961 0.1110003 0.1331119 0.1257011 0.1353609 0.1221407 0.1080130 0.0856404 0.0851444 0.1140878 0.0741168 0.0995522 0.1161796 0.0983538 0.0800971 0.1046072 0.0839405 
S0293      0.0726893 0.1018859 0.0990258 0.0242121 0.0570770 0.0950848 0.1131040 0.0000000 0.0277038 0.0978763 0.1343259 0.1295216 0.1404056 0.1167351 0.1152099 0.0781262 0.0174041 0.0154711 0.1038366 0.1068106 0.0943556 0.0871879 0.0921797 0.1187436 0.0882496 0.0921179 0.0775151 0.1326401 0.1093306 0.0743030 0.0289606 0.1206392 0.1089631 0.1249561 0.0929441 0.0253425 0.1021879 0.1448586 0.0882231 0.1173765 0.0173253 0.0792840 0.0864549 0.0218451 0.0835668 0.0839560 0.0899736 0.0936108 0.1242835 0.1097534 0.0818765 0.1284380 0.1297951 0.1210741 0.0911801 0.1018927 0.0698891 0.1018001 0.1497404 0.1190506 0.0826356 0.0803847 0.0749851 0.0838914 0.1124870 0.0806310 0.1364212 0.1266352 0.0750725 0.0954806 0.0289813 0.0649177 0.1011465 0.1059637 0.1097862 0.1367891 0.0968158 0.1043385 0.1282275 0.1181573 0.1221873 0.0267175 0.1314818 0.1496399 0.0721808 0.0336265 0.0221316 0.0611673 0.1047385 0.0493414 0.0837130 0.0964222 0.1155600 0.0541447 0.0894893 0.1345057 0.1018001 0.1167961 0.0151632 0.0922260 0.1197321 0.0314675 0.1181479 0.0593847 0.1270325 0.0411114 0.0671303 0.1109292 0.1134792 0.1219460 0.0725502 0.0910145 0.1336438 0.0808251 0.0985764 0.0691497 0.0826789 
S0294      0.0616518 0.0613054 0.0745730 0.0274859 0.0397212 0.0762673 0.0787601 0.0277038 0.0000000 0.0797543 0.0833457 0.1051497 0.1075467 0.1063788 0.0877601 0.0504306 0.0248451 0.0198066 0.0845406 0.0636886 0.0821000 0.0565144 0.0475409 0.0783468 0.0689727 0.0522442 0.0679762 0.0964541 0.0897231 0.0475296 0.0273850 0.0998790 0.0838705 0.0930648 0.0620152 0.0344595 0.0685448 0.0987382 0.0567222 0.0811524 0.0170845 0.0475857 0.0531682 0.0299476 0.0529793 0.0532446 0.0612732 0.0626642 0.0886388 0.0785990 0.0580741 0.1066647 0.0817212 0.0724619 0.0579613 0.0614152 0.0426763 0.0708906 0.1065003 0.0829595 0.0534578 0.0509521 0.0447045 0.0501745 0.0900582 0.0497938 0.0998135 0.0908701 0.0411365 0.0590036 0.0302878 0.0482876 0.0923124 0.0744447 0.0768153 0.0939495 0.0606503 0.0929128 0.0863040 0.0781427 0.0783468 0.0303401 0.1019739 0.1096791 0.0424207 0.0382588 0.0196485 0.0451121 0.0803973 0.0332174 0.0622209 0.0751218 0.0819051 0.0421806 0.0590036 0.1143906 0.0708906 0.0945207 0.0222505 0.0647847 0.0931986 0.0146616 0.0987734 0.0335605 0.0854707 0.0275499 0.0470794 0.0711617 0.0838290 0.0911581 0.0471355 0.0637023 0.0817740 0.0586137 0.0739909 0.0471621 0.0613802 
S0299      0.1299016 0.1273670 0.0978829 0.0897927 0.0552996 0.0436298 0.1145695 0.0978763 0.0797543 0.0000000 0.1230934 0.0616907 0.1305845 0.0562925 0.1126998 0.1168460 0.0968372 0.0960219 0.0451462 0.0994790 0.0481988 0.0875687 0.1292453 0.1119993 0.0564697 0.1065285 0.1327437 0.1416543 0.0490806 0.1153813 0.1061700 0.0506728 0.0863011 0.0858732 0.1174523 0.1058275 0.0856258 0.1312538 0.1184003 0.1076170 0.0904893 0.1013758 0.0901877 0.1023232 0.0872445 0.0876562 0.1082694 0.0828729 0.1304446 0.0900061 0.1051254 0.0321227 0.1323467 0.1621987 0.1044666 0.1142851 0.1494759 0.0772540 0.1561724 0.1313433 0.0938579 0.0978000 0.0782867 0.0905110 0.0894782 0.0914816 0.1265889 0.1331601 0.1288287 0.1057289 0.1064785 0.1327637 0.0434073 0.0728587 0.0755846 0.1375156 0.0644961 0.0432511 0.1129971 0.1114531 0.1193265 0.1036765 0.1513171 0.1302679 0.0908933 0.1183556 0.0945751 0.1166544 0.1117476 0.0933042 0.0562545 0.1036072 0.1142483 0.1189634 0.0875484 0.0752542 0.0772540 0.0790532 0.0938036 0.1092322 0.1061753 0.0926158 0.0603134 0.1123629 0.0920018 0.0954573 0.1055387 0.1024660 0.1051243 0.0780553 0.0858497 0.1113779 0.1212251 0.0853940 0.0934072 0.1062045 0.0964143 
S0308      0.1665960 0.1500549 0.1363470 0.1321946 0.0291152 0.1541978 0.1525107 0.1343259 0.0833457 0.1230934 0.0000000 0.1809639 0.0768773 0.1544865 0.1415359 0.1517617 0.1355116 0.1289154 0.1558541 0.1328489 0.1398498 0.1310863 0.1585065 0.0640643 0.1280361 0.1258789 0.1568007 0.0918002 0.1425443 0.1388078 0.1336306 0.1508392 0.1532423 0.1691108 0.1593296 0.1467074 0.1395570 0.0774520 0.1542328 0.0630825 0.1283715 0.1245376 0.1197005 0.1413356 0.1225096 0.1231122 0.1438573 0.1302302 0.0837563 0.1501737 0.1336319 0.1751714 0.0632135 0.1802206 0.1374989 0.1513994 0.1864130 0.1225891 0.1683267 0.0945892 0.1308414 0.1355311 0.0858381 0.1262247 0.1912120 0.1283567 0.1423844 0.0751386 0.1490980 0.1339138 0.1432038 0.1726505 0.1426675 0.1345865 0.1344272 0.0900821 0.1192662 0.1480137 0.0879703 0.0637792 0.0699615 0.1432562 0.0989984 0.1572182 0.1215282 0.1559688 0.1287416 0.1568213 0.1452790 0.1284384 0.1336628 0.1353510 0.1499634 0.1713269 0.1229599 0.1830542 0.1225891 0.1566336 0.1321436 0.1264192 0.1412005 0.1262032 0.1486033 0.1559747 0.1396326 0.1473131 0.1489419 0.1213328 0.1330782 0.1444936 0.1213415 0.1466599 0.1819298 0.1285920 0.1237147 0.1350367 0.1448365 
S0320      0.1237837 0.1397041 0.1437115 0.1208776 0.0000010 0.0304391 0.1400461 0.1295216 0.1051497 0.0616907 0.1809639 0.0000000 0.1826797 0.0750967 0.1558346 0.1493610 0.1338309 0.1293044 0.0522753 0.1382409 0.0300225 0.1160393 0.1721111 0.1606332 0.0612300 0.1346004 0.2047938 0.1967899 0.0523946 0.1263563 0.1275288 0.0653427 0.0569456 0.1075099 0.1661815 0.1346399 0.1240038 0.1926369 0.1555266 0.1577170 0.1275191 0.1085224 0.1213674 0.1445385 0.1211371 0.1161037 0.0994742 0.1188395 0.1715330 0.0840127 0.1390359 0.0525886 0.1179692 0.1458795 0.1256440 0.1482691 0.1323086 0.1055704 0.1701507 0.1326693 0.1138394 0.1256382 0.0620902 0.1275337 0.1018594 0.1115764 0.1859795 0.1620721 0.1566004 0.1480906 0.1307223 0.1759401 0.0342656 0.0907822 0.0861987 0.1556461 0.0595377 0.0474636 0.1566224 0.1589214 0.1676528 0.1356513 0.2074110 0.1630241 0.0915189 0.1417095 0.1233331 0.1421600 0.1444208 0.1266117 0.0541906 0.1525731 0.1467633 0.1700603 0.1150501 0.0840778 0.1006959 0.1020860 0.1335645 0.1437547 0.1489125 0.1239510 0.0687528 0.1776579 0.0799973 0.1472414 0.1424675 0.1327891 0.1412818 0.0946189 0.1026966 0.1690912 0.1876797 0.1186807 0.1436696 0.1411872 0.1595550 
S0322      0.1738870 0.1404404 0.1368843 0.1372920 0.0364104 0.1584573 0.1578961 0.1404056 0.1075467 0.1305845 0.0768773 0.1826797 0.0000000 0.1691525 0.1562756 0.1599146 0.1421223 0.1341194 0.1303880 0.1454277 0.1423076 0.1221628 0.1684032 0.0392405 0.1398123 0.1373900 0.1700304 0.0903101 0.1738370 0.1597274 0.1505710 0.1577369 0.1236032 0.1708602 0.1586047 0.1505140 0.1339627 0.0382565 0.1460479 0.0275719 0.1337382 0.1350287 0.1164235 0.1451498 0.1162693 0.1169240 0.1528833 0.1304913 0.0880491 0.1288297 0.1392513 0.1651211 0.0651895 0.2004995 0.1519045 0.1512690 0.2207266 0.1130293 0.1793668 0.0920332 0.1467066 0.1437124 0.0915952 0.1204624 0.1749769 0.1472292 0.1425583 0.0808503 0.1487795 0.1306545 0.1511876 0.1788286 0.1483151 0.1612413 0.1646297 0.0402336 0.1088559 0.1596330 0.0956310 0.0390486 0.0419401 0.1551162 0.0953078 0.1906667 0.1082394 0.1622183 0.1477376 0.1616042 0.1378868 0.1305915 0.1241687 0.1311219 0.1557074 0.1659057 0.1238723 0.2028516 0.1130293 0.1717139 0.1381738 0.1295351 0.1394389 0.1568887 0.1764489 0.1701694 0.1305274 0.1665707 0.1559532 0.1617626 0.1424684 0.1656290 0.1327937 0.1502072 0.1846187 0.1129974 0.1313917 0.1441760 0.1519317 
S0327      0.1291155 0.1638691 0.1048389 0.1078237 0.0561296 0.0563269 0.1187210 0.1167351 0.1063788 0.0562925 0.1544865 0.0750967 0.1691525 0.0000000 0.1382355 0.1203335 0.1154620 0.1083889 0.0615121 0.1181388 0.0481531 0.1026640 0.1400375 0.1423676 0.0489711 0.1159981 0.1637996 0.1770656 0.0462129 0.1335172 0.1253454 0.0533136 0.0805809 0.0747433 0.1339527 0.1253967 0.0943759 0.1664520 0.1275984 0.1367284 0.1086760 0.1107824 0.1053614 0.1211630 0.1022735 0.1027681 0.1178886 0.0973163 0.1578386 0.0843440 0.1047509 0.0737510 0.1705651 0.1839352 0.1078195 0.1269037 0.1779666 0.0986193 0.2090008 0.1653352 0.1031445 0.1072743 0.0997185 0.1057504 0.1050989 0.1038221 0.1433180 0.1604978 0.1390559 0.1157968 0.1257093 0.1636375 0.0542534 0.0650060 0.0676781 0.2033925 0.0729391 0.0590998 0.1419005 0.1451017 0.1461573 0.1228023 0.1775447 0.1577787 0.0971114 0.1381578 0.1131867 0.1233414 0.1280530 0.1058001 0.0561171 0.1210714 0.1183819 0.1486968 0.1026405 0.0906079 0.0986193 0.0682416 0.1122403 0.1106120 0.1307402 0.1174062 0.0610174 0.1409276 0.1003493 0.1295788 0.1184701 0.1198434 0.1297178 0.0754693 0.0920080 0.1118563 0.1360552 0.1090866 0.1138142 0.1101393 0.1039650 
S0335      0.1098710 0.1248373 0.1180187 0.1107099 0.0642018 0.1083939 0.0928031 0.1152099 0.0877601 0.1126998 0.1415359 0.1558346 0.1562756 0.1382355 0.0000000 0.0991187 0.1079268 0.1009543 0.1244598 0.1252034 0.1172177 0.1012638 0.1272383 0.1149488 0.1001263 0.0995477 0.1316402 0.1560400 0.1236391 0.1160542 0.1236962 0.1284410 0.1263479 0.1172328 0.1415809 0.1136404 0.1075945 0.1427429 0.1277517 0.1152547 0.1013824 0.0979870 0.0908399 0.1134865 0.0936339 0.0940825 0.1188907 0.1046693 0.1288707 0.1195016 0.0895972 0.1459960 0.1436082 0.1411636 0.0957015 0.1101792 0.1688258 0.0938623 0.1390983 0.1487895 0.0860996 0.0870805 0.1023728 0.0908280 0.1631130 0.1022905 0.0731954 0.1354183 0.1347546 0.0792002 0.1150016 0.1414621 0.1109712 0.1041898 0.1177161 0.1532314 0.0949025 0.1251544 0.1272725 0.1138096 0.1255080 0.1149932 0.1439068 0.0588434 0.0728230 0.1209253 0.1090921 0.0970471 0.0889607 0.0925402 0.1055528 0.0823626 0.0952511 0.1274579 0.0998390 0.1559773 0.0938623 0.1202131 0.1048121 0.0905793 0.0629566 0.1070004 0.1320871 0.1331070 0.1208254 0.1202227 0.1133076 0.0477968 0.0239688 0.1211510 0.0760364 0.0896813 0.1363672 0.0915481 0.0403717 0.1036513 0.0966753 
S0376      0.0761893 0.0983355 0.0803244 0.0779089 0.0653244 0.1081825 0.1153138 0.0781262 0.0504306 0.1168460 0.1517617 0.1493610 0.1599146 0.1203335 0.0991187 0.0000000 0.0697951 0.0630147 0.1210904 0.0922480 0.1101934 0.0836035 0.0243684 0.1218856 0.0957361 0.0855567 0.0965513 0.1461804 0.1233799 0.0695767 0.0782226 0.1315323 0.1207563 0.1227121 0.1063636 0.0821021 0.0929940 0.1390696 0.0744077 0.1143019 0.0641390 0.0803504 0.0855039 0.0748958 0.0825719 0.0829629 0.1141623 0.0959642 0.1212614 0.1135413 0.0700946 0.1529047 0.1444311 0.1088451 0.0790676 0.0952792 0.1125009 0.0926447 0.1568319 0.1386004 0.0845595 0.0853690 0.0695035 0.0828978 0.1426482 0.0796407 0.1193917 0.1273495 0.0995352 0.0915443 0.0784464 0.1046935 0.1219486 0.1061842 0.1102188 0.1509608 0.0974869 0.1207735 0.1095775 0.1212691 0.1254360 0.0758379 0.1293205 0.1270782 0.0760586 0.0893467 0.0705143 0.0735107 0.1148253 0.0639716 0.0934622 0.1075925 0.1146738 0.0921710 0.0885835 0.1469558 0.0926447 0.1271438 0.0670625 0.1036271 0.1097825 0.0680669 0.1320266 0.0777021 0.1200153 0.0845777 0.0733131 0.1037979 0.1035924 0.1102527 0.0713705 0.0814892 0.1287517 0.1006415 0.0915573 0.0292139 0.0761772 
S0400      0.0614088 0.0961266 0.0922373 0.0150418 0.0629883 0.0940771 0.1024508 0.0174041 0.0248451 0.0968372 0.1355116 0.1338309 0.1421223 0.1154620 0.1079268 0.0697951 0.0000000 0.0064710 0.1026672 0.1026880 0.0933625 0.0841390 0.0834981 0.1200739 0.0816891 0.0794738 0.0775186 0.1352304 0.1081301 0.0627443 0.0240730 0.1193082 0.0983052 0.1172275 0.0919813 0.0157565 0.0952958 0.1395860 0.0849576 0.1127813 0.0084589 0.0670984 0.0800584 0.0127969 0.0772501 0.0776034 0.0828309 0.0869321 0.1290355 0.1025764 0.0730772 0.1324341 0.1238002 0.1043697 0.0786871 0.0886524 0.0651249 0.1007329 0.1433455 0.1205981 0.0702300 0.0680130 0.0749851 0.0775437 0.1065419 0.0738626 0.1284715 0.1343643 0.0662227 0.0888161 0.0195830 0.0568397 0.1000652 0.0989313 0.1026083 0.1350404 0.0898628 0.1032180 0.1246012 0.1194874 0.1234892 0.0173835 0.1298792 0.1413278 0.0659842 0.0240669 0.0129607 0.0500645 0.1004978 0.0413138 0.0827113 0.0931767 0.1082478 0.0514130 0.0829999 0.1423427 0.1007329 0.1155211 0.0063453 0.0911738 0.1124122 0.0243816 0.1168712 0.0486390 0.1121885 0.0263654 0.0612430 0.1038255 0.1063310 0.1144548 0.0608597 0.0785455 0.1321505 0.0745738 0.0918235 0.0611232 0.0737807 
S0405      0.0572768 0.0864118 0.0800225 0.0130954 0.0654987 0.0899876 0.1021203 0.0154711 0.0198066 0.0960219 0.1289154 0.1293044 0.1341194 0.1083889 0.1009543 0.0630147 0.0064710 0.0000000 0.1019120 0.0860787 0.0924926 0.0802912 0.0768777 0.1134303 0.0806317 0.0787781 0.0736646 0.1317987 0.0974081 0.0586978 0.0152523 0.1188769 0.0976113 0.1128818 0.0825235 0.0136955 0.0858694 0.1297349 0.0754128 0.1061788 0.0064425 0.0661358 0.0734808 0.0108302 0.0734029 0.0737430 0.0819591 0.0802622 0.1152520 0.0988449 0.0751655 0.1287919 0.1153681 0.1068177 0.0779810 0.0881452 0.0615535 0.0912125 0.1347570 0.1172116 0.0720585 0.0667939 0.0682863 0.0736849 0.1019681 0.0730526 0.1213847 0.1278251 0.0596791 0.0822121 0.0176838 0.0501934 0.0993022 0.0981572 0.0985807 0.1214393 0.0857323 0.1025084 0.1179069 0.1128701 0.1168395 0.0108829 0.1200763 0.1342326 0.0617349 0.0222282 0.0064910 0.0457761 0.0968203 0.0370811 0.0814226 0.0893840 0.1045874 0.0448083 0.0791878 0.1405700 0.0912125 0.1150249 0.0042947 0.0847026 0.1088444 0.0225241 0.1164039 0.0445731 0.1121954 0.0269321 0.0521531 0.1001610 0.0994484 0.1108449 0.0597862 0.0808095 0.1246618 0.0678085 0.0880712 0.0546300 0.0732547 
S0407sl    0.1201396 0.1295806 0.1137922 0.0950731 0.0556077 0.0426572 0.1305393 0.1038366 0.0845406 0.0451462 0.1558541 0.0522753 0.1303880 0.0615121 0.1244598 0.1210904 0.1026672 0.1019120 0.0000000 0.0988969 0.0348659 0.0858068 0.1382173 0.1271950 0.0595174 0.1024688 0.1589630 0.1573798 0.0483990 0.1242991 0.1191813 0.0445248 0.0758315 0.0964338 0.1151481 0.1089229 0.0999210 0.1485575 0.1155925 0.1235443 0.0958531 0.0935250 0.0925365 0.1085092 0.0894167 0.0898625 0.1185221 0.0969293 0.1377329 0.0827965 0.1050665 0.0554984 0.1504464 0.1549727 0.1042455 0.1072156 0.1423500 0.0917516 0.1829787 0.1580812 0.0983257 0.0990724 0.0783515 0.0928872 0.1001984 0.0963219 0.1404077 0.1453103 0.1372630 0.1103825 0.1130163 0.1506842 0.0322773 0.0822402 0.0851643 0.1721071 0.0652932 0.0373061 0.1262567 0.1233381 0.1354448 0.1068293 0.1605232 0.1437503 0.0871702 0.1257239 0.1002832 0.1102947 0.1301119 0.1055989 0.0591870 0.1041075 0.1287276 0.1401554 0.0958259 0.0346836 0.0858962 0.0889763 0.0994163 0.1207812 0.1163904 0.1080279 0.0545652 0.1208759 0.0875541 0.1158032 0.1122818 0.1093191 0.1129290 0.0880951 0.0847000 0.1116486 0.1408822 0.0874808 0.1001092 0.1097090 0.0959067 
S0412sl    0.1245731 0.0811356 0.0850424 0.0910382 0.0945479 0.0967097 0.1098896 0.1068106 0.0636886 0.0994790 0.1328489 0.1382409 0.1454277 0.1181388 0.1252034 0.0922480 0.1026880 0.0860787 0.0988969 0.0000000 0.1037500 0.0777783 0.0961287 0.1167293 0.0835169 0.1003749 0.1112994 0.1349305 0.1185954 0.1141219 0.1152402 0.1058485 0.0881978 0.1374384 0.1049372 0.1031370 0.0584773 0.1160586 0.0481142 0.1026565 0.0943680 0.0901823 0.0623132 0.1022955 0.0690334 0.0694435 0.1071095 0.0618674 0.1372774 0.0851558 0.0902905 0.1360988 0.1126788 0.1342787 0.1036787 0.1008249 0.1143552 0.0768150 0.1513833 0.1555080 0.0830139 0.0826648 0.0518251 0.0653292 0.1343370 0.0881816 0.1290676 0.1418843 0.1072608 0.0956792 0.1065583 0.0963911 0.0995916 0.1157305 0.1195330 0.1279726 0.0804283 0.1084255 0.1021235 0.1163613 0.1261172 0.1106905 0.1340585 0.1309613 0.0641898 0.1178313 0.1080336 0.1245744 0.1162304 0.0985079 0.0880613 0.0918359 0.1205288 0.0880087 0.0764038 0.1278384 0.0768150 0.1303833 0.0949376 0.1196126 0.1230940 0.1054710 0.1146008 0.1091972 0.1003939 0.1079062 0.0913265 0.1193257 0.1151557 0.1119016 0.0774281 0.0826981 0.1085124 0.0840824 0.1029722 0.0942153 0.0825355 
S0417      0.1093865 0.1342643 0.1037502 0.0864506 0.0561519 0.0238353 0.1151743 0.0943556 0.0821000 0.0481988 0.1398498 0.0300225 0.1423076 0.0481531 0.1172177 0.1101934 0.0933625 0.0924926 0.0348659 0.1037500 0.0000000 0.0814948 0.1223743 0.1144427 0.0436033 0.0880071 0.1397173 0.1508087 0.0410326 0.1160810 0.1025621 0.0454454 0.0605507 0.0764542 0.1075600 0.1016368 0.0934222 0.1376236 0.1115176 0.1102394 0.0871165 0.0797649 0.0840770 0.0987899 0.0811970 0.0815755 0.0912653 0.0906406 0.1290223 0.0644648 0.0956351 0.0643978 0.1354307 0.1307924 0.0892297 0.1036638 0.1360895 0.0834073 0.1724636 0.1373184 0.0777814 0.0785112 0.0620902 0.0843740 0.0943463 0.0937372 0.1254739 0.1253692 0.1282789 0.1003822 0.1028591 0.1416128 0.0288109 0.0640740 0.0667059 0.1523754 0.0559230 0.0358243 0.1186413 0.1170807 0.1178937 0.1000863 0.1500892 0.1382789 0.0759753 0.1145916 0.0911108 0.0973089 0.1147888 0.0897478 0.0507581 0.1079550 0.1114025 0.1275697 0.0753774 0.0457991 0.0834073 0.0699798 0.0903731 0.1038415 0.1033194 0.0948959 0.0497655 0.1106070 0.0709492 0.1063824 0.1052131 0.1001577 0.1094187 0.0665777 0.0767294 0.1016911 0.1153618 0.0818778 0.0944281 0.0998175 0.0880837 
S0419      0.1104154 0.0160820 0.0594454 0.0758468 0.0499639 0.0787833 0.0962883 0.0871879 0.0565144 0.0875687 0.1310863 0.1160393 0.1221628 0.1026640 0.1012638 0.0836035 0.0841390 0.0802912 0.0858068 0.0777783 0.0814948 0.0000000 0.0953046 0.0947426 0.0727795 0.0844199 0.1183053 0.1322922 0.1045850 0.1063546 0.0988206 0.1062772 0.0865347 0.0957222 0.1001621 0.0858645 0.0489235 0.1132212 0.0863882 0.0880192 0.0781384 0.0799244 0.0107156 0.0894279 0.0085321 0.0085663 0.1010527 0.0464651 0.1088188 0.0877554 0.0643694 0.1238177 0.1112204 0.1230335 0.0835604 0.0939922 0.1090115 0.0513415 0.1319526 0.1193559 0.0814804 0.0795197 0.0776628 0.0107471 0.1229645 0.0879044 0.1152042 0.1113713 0.1100856 0.0851134 0.0932835 0.1150864 0.0846609 0.0874445 0.0904687 0.1114862 0.0732255 0.0903413 0.1013267 0.0942879 0.0979378 0.0905803 0.1192803 0.1210529 0.0672304 0.1046627 0.0813389 0.1006858 0.1080445 0.0813144 0.0593079 0.0864130 0.0986327 0.1020775 0.0129315 0.1180112 0.0513415 0.1001365 0.0779755 0.0971816 0.1006033 0.0769740 0.1165431 0.1014243 0.1067434 0.0967630 0.0769349 0.1030320 0.0939931 0.0903911 0.0626487 0.0809902 0.1222053 0.0535106 0.0796708 0.0824691 0.0677157 
S0427      0.0960743 0.1084405 0.0980766 0.0919118 0.0735398 0.1204022 0.1314812 0.0921797 0.0475409 0.1292453 0.1585065 0.1721111 0.1684032 0.1400375 0.1272383 0.0243684 0.0834981 0.0768777 0.1382173 0.0961287 0.1223743 0.0953046 0.0000000 0.1318878 0.1075637 0.0886958 0.1022019 0.1638732 0.1362711 0.0837169 0.0836682 0.1380010 0.1369624 0.1394669 0.1156108 0.0969515 0.1081597 0.1495534 0.0861471 0.1240245 0.0749755 0.0836503 0.0971543 0.0887429 0.0941211 0.0945739 0.1130239 0.1112460 0.1350695 0.1258335 0.0757070 0.1741681 0.1544580 0.1085757 0.0877766 0.0985575 0.1271724 0.1138974 0.1830466 0.1423477 0.0899386 0.0878598 0.0842980 0.0945007 0.1596088 0.0826117 0.1393157 0.1310100 0.1146345 0.0977784 0.0925577 0.1139930 0.1346682 0.1217747 0.1260934 0.1611900 0.1037441 0.1333482 0.1257262 0.1312125 0.1355497 0.0898774 0.1397455 0.1572930 0.0906186 0.1038351 0.0843706 0.0906924 0.1272717 0.0745365 0.1030230 0.1232887 0.1303179 0.1011307 0.0970993 0.1628765 0.1138974 0.1438642 0.0806425 0.1155642 0.1241310 0.0752891 0.1382159 0.0921251 0.1325081 0.0958067 0.0872932 0.1315028 0.1252760 0.1261312 0.0798420 0.0957738 0.1351852 0.1159324 0.1125422 0.0315011 0.0846003 
S0430      0.1358110 0.1214644 0.1096686 0.1168893 0.0000010 0.1276259 0.1236839 0.1187436 0.0783468 0.1119993 0.0640643 0.1606332 0.0392405 0.1423676 0.1149488 0.1218856 0.1200739 0.1134303 0.1271950 0.1167293 0.1144427 0.0947426 0.1318878 0.0000000 0.1132203 0.1064182 0.1438937 0.0898223 0.1420892 0.1225406 0.1238161 0.1341105 0.1300929 0.1433583 0.1389201 0.1307589 0.1124560 0.0314651 0.1325205 0.0175271 0.1132630 0.1049055 0.0903186 0.1257557 0.0873691 0.0877822 0.1331786 0.1095271 0.0647217 0.1240906 0.1121073 0.1635250 0.0599562 0.1721359 0.1187579 0.1239834 0.1965626 0.0932181 0.1898125 0.0752163 0.1037399 0.1042671 0.0871066 0.0875366 0.1713288 0.1121876 0.1277390 0.0564891 0.1375086 0.1061957 0.1274085 0.1593727 0.1193410 0.1304190 0.1369317 0.0210661 0.0969946 0.1321983 0.0711727 0.0042041 0.0063523 0.1274447 0.0790011 0.1342215 0.0939598 0.1397761 0.1213825 0.1297194 0.1228639 0.1080096 0.1060941 0.1024988 0.1337090 0.1446585 0.0934233 0.1665273 0.0932181 0.1477617 0.1168453 0.1012578 0.1136020 0.1223358 0.1378422 0.1327790 0.1235235 0.1265757 0.1311330 0.1166152 0.1084455 0.1413168 0.0974730 0.1308655 0.1520519 0.0902386 0.0928543 0.1099062 0.1163298 
S0478      0.1067485 0.0962666 0.0869755 0.0751439 0.0560656 0.0516800 0.0984930 0.0882496 0.0689727 0.0564697 0.1280361 0.0612300 0.1398123 0.0489711 0.1001263 0.0957361 0.0816891 0.0806317 0.0595174 0.0835169 0.0436033 0.0727795 0.1075637 0.1132203 0.0000000 0.0786295 0.1324702 0.1549008 0.0574731 0.0928857 0.0905398 0.0591827 0.0523485 0.0659000 0.1063073 0.0951558 0.0700392 0.1252844 0.0956200 0.1057294 0.0757150 0.0737221 0.0753077 0.0869760 0.0725187 0.0728506 0.0949081 0.0674362 0.1312174 0.0535351 0.0834552 0.0603117 0.1230760 0.1133512 0.0778349 0.0879785 0.1205481 0.0743615 0.1401629 0.1421247 0.0751642 0.0758679 0.0774436 0.0755681 0.0649947 0.0764339 0.1062178 0.1267132 0.1130274 0.0872747 0.0876891 0.1206875 0.0489416 0.0540324 0.0565999 0.1498681 0.0447349 0.0520090 0.1220411 0.1158302 0.1166255 0.0880987 0.1425005 0.1126689 0.0694766 0.0989469 0.0825512 0.0947425 0.0985995 0.0755960 0.0405251 0.1007490 0.0891382 0.1136858 0.0727625 0.0881453 0.0743615 0.0649978 0.0788171 0.0968149 0.0962466 0.0830133 0.0717143 0.1008015 0.0704987 0.0941500 0.0929423 0.0782752 0.0929500 0.0616782 0.0627830 0.0836271 0.1180678 0.0730274 0.0787885 0.0858316 0.0816368 
S0552sl    0.1017540 0.1207581 0.1065818 0.0827447 0.0361212 0.0939124 0.0912288 0.0921179 0.0522442 0.1065285 0.1258789 0.1346004 0.1373900 0.1159981 0.0995477 0.0855567 0.0794738 0.0787781 0.1024688 0.1003749 0.0880071 0.0844199 0.0886958 0.1064182 0.0786295 0.0000000 0.1236326 0.1470811 0.1152884 0.1106618 0.0944748 0.1129847 0.1013387 0.1242596 0.1073761 0.0931319 0.0822526 0.1185090 0.0919381 0.1031777 0.0796233 0.0064607 0.0839477 0.0908044 0.0810731 0.0814504 0.0621216 0.0850829 0.1062184 0.1116448 0.0684878 0.1429412 0.1390318 0.0140737 0.0217474 0.0195446 0.1323419 0.0781431 0.1525216 0.1211011 0.0368177 0.0371310 0.0848498 0.0842437 0.1353810 0.0311488 0.1022726 0.1028649 0.1106416 0.0784799 0.0917854 0.1285161 0.0966389 0.0999077 0.1055321 0.1559556 0.0818817 0.1008848 0.1158504 0.1059007 0.1097300 0.0919612 0.1176036 0.1303117 0.0690625 0.1029711 0.0864634 0.0924720 0.1066313 0.0793978 0.0827391 0.0935666 0.0969031 0.1152303 0.0869643 0.1369703 0.0781431 0.1224341 0.0827184 0.1019064 0.0989367 0.0900468 0.1241929 0.0991879 0.1025375 0.0901473 0.0843930 0.1014194 0.0924284 0.1027458 0.0338036 0.0739247 0.1146021 0.0812564 0.0843335 0.0816298 0.0666259 
S0558      0.1293627 0.1252845 0.1341630 0.0857583 0.0849542 0.1473912 0.1438668 0.0775151 0.0679762 0.1327437 0.1568007 0.2047938 0.1700304 0.1637996 0.1316402 0.0965513 0.0775186 0.0736646 0.1589630 0.1112994 0.1397173 0.1183053 0.1022019 0.1438937 0.1324702 0.1236326 0.0000000 0.1813902 0.1519532 0.1292585 0.0861081 0.1534169 0.1502730 0.1691375 0.1437824 0.0903971 0.1322680 0.1647561 0.1121982 0.1359188 0.0717298 0.1159587 0.1172830 0.0826739 0.1140995 0.1146582 0.1349051 0.1355113 0.1555385 0.1501899 0.0993327 0.1722078 0.1636317 0.1443108 0.1130920 0.1381686 0.1078242 0.1408589 0.1689382 0.1525224 0.1137058 0.1114453 0.0752394 0.1145725 0.1541252 0.1109825 0.1408498 0.1474929 0.1142073 0.1263145 0.0918923 0.0997060 0.1463133 0.1490773 0.1539206 0.1582319 0.1271986 0.1499050 0.1638069 0.1431676 0.1520839 0.0771533 0.1675751 0.1625672 0.1046420 0.0974052 0.0783199 0.1070264 0.1414284 0.0825860 0.1150492 0.1305466 0.1397856 0.0875635 0.1145158 0.1729616 0.1408589 0.1665359 0.0747314 0.1348877 0.1330524 0.0753366 0.1618568 0.0900219 0.1495992 0.0731766 0.1115503 0.1394749 0.1296274 0.1608581 0.1079902 0.1158497 0.1508666 0.1145189 0.1172061 0.0916916 0.1054181 
S0616      0.1523677 0.1633503 0.1229960 0.1289020 0.0568724 0.1556474 0.1564155 0.1326401 0.0964541 0.1416543 0.0918002 0.1967899 0.0903101 0.1770656 0.1560400 0.1461804 0.1352304 0.1317987 0.1573798 0.1349305 0.1508087 0.1322922 0.1638732 0.0898223 0.1549008 0.1470811 0.1813902 0.0000000 0.1682539 0.1457672 0.1392243 0.1718997 0.1696062 0.1783302 0.1810558 0.1505939 0.1428985 0.1072232 0.1753554 0.0888135 0.1279879 0.1459243 0.1267875 0.1411403 0.1234555 0.1240792 0.1531959 0.1397516 0.0981310 0.1485300 0.1583724 0.2191697 0.0782125 0.2209924 0.1491665 0.1632230 0.1798665 0.1321204 0.1870146 0.0817286 0.1489431 0.1494080 0.1122172 0.1272798 0.1870092 0.1426873 0.1604597 0.0912163 0.1521029 0.1372955 0.1460933 0.1688610 0.1636397 0.1582305 0.1629443 0.1093847 0.1271815 0.1722078 0.0441846 0.0893902 0.0956960 0.1430871 0.1045016 0.1683254 0.1255666 0.1591085 0.1367407 0.1417821 0.1481910 0.1384809 0.1390907 0.1389282 0.1584518 0.1702989 0.1303552 0.1957447 0.1321204 0.1788227 0.1318136 0.1360727 0.1509612 0.1365735 0.1705468 0.1606828 0.1596559 0.1520913 0.1538333 0.1438734 0.1471377 0.1615463 0.1338936 0.1694384 0.1842591 0.1292392 0.1304866 0.1439613 0.1674380 
S0624      0.1286589 0.1645799 0.1029387 0.1006019 0.0629611 0.0438333 0.1169585 0.1093306 0.0897231 0.0490806 0.1425443 0.0523946 0.1738370 0.0462129 0.1236391 0.1233799 0.1081301 0.0974081 0.0483990 0.1185954 0.0410326 0.1045850 0.1362711 0.1420892 0.0574731 0.1152884 0.1519532 0.1682539 0.0000000 0.1248008 0.1107843 0.0406544 0.0847865 0.0775030 0.1303533 0.1176883 0.0994740 0.1690767 0.1230826 0.1388141 0.1014050 0.1063063 0.1073347 0.1138445 0.1041795 0.1046928 0.1130730 0.0965758 0.1527007 0.0885618 0.1067033 0.0661955 0.1623221 0.1842926 0.1069915 0.1234967 0.1520799 0.0915626 0.1710503 0.1551014 0.1014806 0.1026347 0.0862054 0.1077387 0.1198497 0.1056931 0.1390341 0.1607439 0.1439461 0.1057934 0.1245635 0.1641607 0.0465716 0.0674229 0.0701073 0.2004862 0.0711596 0.0463157 0.1342719 0.1464164 0.1504802 0.1082484 0.1661222 0.1455738 0.0924764 0.1307594 0.0916578 0.1157244 0.1176739 0.1069470 0.0535398 0.1126335 0.1208565 0.1489088 0.1045607 0.0696642 0.0915626 0.0646341 0.1049288 0.1120652 0.1226554 0.1116841 0.0476167 0.1371490 0.0935899 0.1227643 0.1207466 0.1087394 0.1154743 0.0731788 0.0909199 0.1202619 0.1426966 0.0995517 0.1059309 0.1184180 0.1120153 
S0641      0.0727430 0.1012718 0.0995874 0.0708067 0.1020138 0.1211519 0.1201020 0.0743030 0.0475296 0.1153813 0.1388078 0.1263563 0.1597274 0.1335172 0.1160542 0.0695767 0.0627443 0.0586978 0.1242991 0.1141219 0.1160810 0.1063546 0.0837169 0.1225406 0.0928857 0.1106618 0.1292585 0.1457672 0.1248008 0.0000000 0.0710907 0.1331637 0.1254407 0.1307491 0.1021325 0.0746313 0.1053963 0.1478504 0.0907335 0.1197210 0.0571648 0.1060797 0.1015381 0.0678354 0.0984293 0.0989114 0.1169269 0.0965401 0.1478777 0.1156457 0.0998587 0.1335255 0.1110759 0.1311678 0.1094819 0.1144533 0.1038955 0.1010758 0.1274331 0.1303771 0.0927870 0.0943703 0.1056677 0.0955500 0.1632174 0.1008939 0.1421172 0.1422767 0.0965145 0.1003990 0.0712966 0.0966421 0.1171400 0.1149009 0.1225312 0.1345817 0.1049219 0.1270805 0.1303620 0.1219304 0.1260389 0.0686922 0.1472957 0.1154901 0.0856005 0.0821447 0.0633954 0.0671467 0.1231314 0.0635304 0.1040700 0.1112291 0.1238394 0.0933745 0.1048283 0.1483631 0.1010758 0.1352025 0.0600395 0.1125202 0.1142525 0.0666629 0.1220297 0.0699596 0.1292512 0.0773429 0.0864850 0.1019765 0.1186640 0.1245916 0.0895065 0.1060514 0.1534611 0.1052356 0.0932883 0.0647612 0.1008918 
S0643      0.0695610 0.1060844 0.0955862 0.0309930 0.0716010 0.0975127 0.1216263 0.0289606 0.0273850 0.1061700 0.1336306 0.1275288 0.1505710 0.1253454 0.1236962 0.0782226 0.0240730 0.0152523 0.1191813 0.1152402 0.1025621 0.0988206 0.0836682 0.1238161 0.0905398 0.0944748 0.0861081 0.1392243 0.1107843 0.0710907 0.0000000 0.1293694 0.1022881 0.1230347 0.1069002 0.0300733 0.1104338 0.1469926 0.0997860 0.1223946 0.0194605 0.0844579 0.0916906 0.0285641 0.0914264 0.0918542 0.0892549 0.1017465 0.1229305 0.1031786 0.0930490 0.1418967 0.1230805 0.1099913 0.0935156 0.0984132 0.0732860 0.1160344 0.1527178 0.1214364 0.0822045 0.0768878 0.0826709 0.0917846 0.1166685 0.0940811 0.1388817 0.1320456 0.0719825 0.1035651 0.0358741 0.0677330 0.1095142 0.1082502 0.1054606 0.1342347 0.0963436 0.1067789 0.1346997 0.1232064 0.1272839 0.0241063 0.1310792 0.1452154 0.0800937 0.0405814 0.0196074 0.0634688 0.1097485 0.0514791 0.0831500 0.1083370 0.1178479 0.0645742 0.0917427 0.1510171 0.1160344 0.1191060 0.0217892 0.0944767 0.1219844 0.0337846 0.1204297 0.0591832 0.1263750 0.0384584 0.0747308 0.1044263 0.1218354 0.1179954 0.0748786 0.0989135 0.1317378 0.0886510 0.1067145 0.0640332 0.0939727 
S0645sl    0.1369209 0.1642582 0.1205864 0.1174973 0.0494558 0.0485098 0.1324663 0.1206392 0.0998790 0.0506728 0.1508392 0.0653427 0.1577369 0.0533136 0.1284410 0.1315323 0.1193082 0.1188769 0.0445248 0.1058485 0.0454454 0.1062772 0.1380010 0.1341105 0.0591827 0.1129847 0.1534169 0.1718997 0.0406544 0.1331637 0.1293694 0.0000000 0.0896079 0.0892645 0.1373204 0.1296020 0.1012975 0.1585618 0.1275810 0.1338992 0.1123895 0.1041872 0.1090082 0.1250890 0.1058681 0.1063858 0.1218452 0.0984138 0.1478990 0.0932993 0.1085020 0.0596643 0.1727854 0.1615505 0.1114951 0.1209864 0.1850827 0.0963649 0.1908772 0.1535524 0.1089601 0.1131960 0.0616291 0.1063047 0.1098129 0.1008762 0.1476368 0.1553816 0.1532171 0.1165778 0.1297471 0.1693783 0.0358210 0.0756699 0.0785693 0.2024702 0.0764938 0.0430135 0.1358216 0.1368051 0.1422251 0.1267999 0.1703744 0.1557130 0.1001460 0.1423986 0.1135336 0.1207674 0.1219109 0.1158725 0.0644558 0.1165901 0.1320716 0.1540541 0.1062528 0.0642077 0.0963649 0.0792413 0.1160274 0.1264993 0.1298750 0.1177802 0.0574852 0.1377392 0.0895987 0.1293335 0.1321735 0.1227896 0.1264354 0.0841050 0.1013607 0.1282199 0.1442476 0.1100836 0.1199512 0.1202020 0.1153101 
S0656sl    0.1225820 0.0930708 0.1237486 0.0943753 0.0552996 0.0747909 0.1232135 0.1089631 0.0838705 0.0863011 0.1532423 0.0569456 0.1236032 0.0805809 0.1263479 0.1207563 0.0983052 0.0976113 0.0758315 0.0881978 0.0605507 0.0865347 0.1369624 0.1300929 0.0523485 0.1013387 0.1502730 0.1696062 0.0847865 0.1254407 0.1022881 0.0896079 0.0000000 0.0856067 0.1357423 0.0859109 0.1050065 0.1398110 0.1213813 0.1255123 0.0951223 0.0931978 0.0778318 0.1042732 0.0862085 0.0866227 0.1032494 0.1020855 0.1525079 0.0344539 0.1009545 0.1109501 0.1588521 0.1475488 0.1002664 0.1055649 0.1511253 0.1060382 0.1988321 0.1574277 0.0915853 0.0924830 0.0694457 0.0895257 0.0799494 0.1051865 0.1487785 0.1551838 0.1361115 0.1046956 0.1116315 0.1455853 0.0718839 0.0748947 0.0750358 0.1840244 0.0253854 0.0727455 0.1431731 0.1328191 0.1337785 0.1087577 0.1731899 0.1443284 0.0894625 0.1238485 0.1027990 0.1166982 0.1194962 0.1018130 0.0605111 0.1124919 0.1131791 0.1376416 0.0865142 0.1072237 0.1029660 0.0813018 0.0985516 0.1082447 0.1255011 0.1033965 0.0999361 0.1263304 0.0493556 0.1057145 0.1185011 0.1024643 0.1245194 0.0775482 0.0780881 0.1011755 0.1582108 0.0957990 0.1086826 0.1128110 0.1020843 
