130
PAFTOL_019361 0.0000000 0.2994271 0.3005959 0.3111794 0.2933127 0.3071190 0.3225208 0.3184393 0.3010157 0.3352290 0.3345106 0.3368774 0.3186592 0.3550361 0.2794954 0.3433508 0.2797205 0.3276846 0.3372616 0.3058311 0.2959841 0.3093329 0.3375834 0.2990546 0.3069963 0.3283524 0.2974011 0.3463493 0.2760550 0.3309448 0.3585034 0.3598765 0.3027666 0.2987773 0.3057535 0.3023269 0.3032766 0.2845747 0.3139854 0.3146491 0.3220860 0.3395542 0.3304575 0.3471752 0.3479091 0.3142999 0.3047651 0.3372310 0.3067316 0.3062695 0.3053194 0.3063063 0.3314381 0.3120176 0.3166554 0.3586979 0.2791419 0.2773710 0.3592651 0.3237589 0.3112222 0.3530036 0.3336100 0.3184027 0.3359862 0.2705544 0.3357831 0.3260931 0.3729410 0.3146747 0.2777519 0.3338584 0.3018114 0.3375289 0.3306647 0.2820409 0.3642804 0.2990549 0.3444513 0.3425270 0.3068013 0.2927350 0.2868564 0.2889790 0.2739336 0.2813807 0.3509119 0.3052936 0.2734485 0.3466382 0.3435020 0.3386564 0.3118869 0.3669667 0.3426089 0.2920715 0.3134553 0.2993971 0.2887016 0.3632840 0.3024542 0.2828584 0.3279988 0.3087543 0.3496592 0.3140478 0.3119414 0.3143428 0.3356597 0.2846030 0.3057510 0.3470428 0.3627778 0.3155232 0.3347494 0.3157222 0.2972313 0.3087858 0.3020307 0.3107126 0.3363928 0.3326468 0.2985835 0.3112988 0.3352823 0.3480808 0.2966205 0.3141613 0.3357706 0.2927863 
S0055         0.2994271 0.0000000 0.0830040 0.1295507 0.1186476 0.0730039 0.1147041 0.1354859 0.0843537 0.0973719 0.0895192 0.1582909 0.1092104 0.1356734 0.1171874 0.1148502 0.1070436 0.1321202 0.1161385 0.0867258 0.0743177 0.0773188 0.0991236 0.1125359 0.0948275 0.1008712 0.1457772 0.1192986 0.0977765 0.1023161 0.1227538 0.1370430 0.1225460 0.0626725 0.0690546 0.1221578 0.1100368 0.1040912 0.0800304 0.0837576 0.1044673 0.1146166 0.1577111 0.0993417 0.1220064 0.0948360 0.0734044 0.1020440 0.0775614 0.0832737 0.0762545 0.0859431 0.1117179 0.1065068 0.1093501 0.1388442 0.1005660 0.0797563 0.1393899 0.1084867 0.0889776 0.0988729 0.0966436 0.0800901 0.1211414 0.1244857 0.0972574 0.1101259 0.1400693 0.1046789 0.0839700 0.1596464 0.0830690 0.1652315 0.1059336 0.0904902 0.1309846 0.0626726 0.1105629 0.1601443 0.0731090 0.0592816 0.0748811 0.1216580 0.1001521 0.1080537 0.1213278 0.1216557 0.1240054 0.1275686 0.1199702 0.1160218 0.0777412 0.1409497 0.1037618 0.0701649 0.0759476 0.0695246 0.0553887 0.1170566 0.0722850 0.0996277 0.0808961 0.0919463 0.1474351 0.0692334 0.0876914 0.1228558 0.1197791 0.1068298 0.0679414 0.1223182 0.1162322 0.0958692 0.0891163 0.1332013 0.0712602 0.1143101 0.0498238 0.0857081 0.1014131 0.1105163 0.1112390 0.0956114 0.1325453 0.1874167 0.0787666 0.0858293 0.1240380 0.0911440 
S0196sl       0.3005959 0.0830040 0.0000000 0.1318654 0.0828275 0.0994499 0.1164341 0.1310189 0.0949850 0.1215384 0.1171638 0.1617243 0.1120318 0.1354052 0.1167925 0.1157497 0.0975744 0.1435630 0.1123179 0.0851789 0.0981106 0.1061756 0.1130786 0.1032095 0.0361224 0.1138852 0.1330348 0.1157116 0.0918920 0.1129297 0.1368888 0.1523528 0.1190200 0.0933645 0.0977886 0.1200381 0.1034749 0.1080568 0.1029304 0.1109393 0.0521960 0.1123352 0.1637097 0.1211389 0.1171419 0.0891180 0.1014962 0.1095828 0.0280385 0.1056064 0.0280860 0.0307038 0.1182997 0.0554197 0.1059097 0.1475210 0.1058723 0.0843150 0.1548281 0.1058238 0.0967874 0.1156058 0.1121962 0.1040399 0.0682000 0.1302807 0.0993647 0.1120853 0.1452311 0.1189173 0.0993585 0.1592285 0.0268649 0.1701866 0.1234681 0.1004147 0.1467442 0.0935643 0.1254739 0.1663347 0.1012424 0.1004143 0.0739232 0.1118598 0.1038630 0.1126111 0.1179245 0.1246332 0.1273205 0.1386451 0.1236999 0.1140216 0.1049171 0.1516864 0.1196014 0.0836437 0.1000201 0.0983459 0.1069341 0.1355231 0.1070908 0.0999491 0.0987758 0.1048624 0.1511852 0.1059338 0.0347301 0.1212361 0.0667821 0.1107649 0.0980948 0.0709534 0.1393670 0.0946529 0.1106274 0.1280786 0.0932308 0.1245437 0.0855212 0.1076146 0.1190091 0.1301215 0.1141673 0.1037530 0.1479195 0.2026984 0.0549261 0.0872053 0.1173924 0.1000650 
S0278         0.3111794 0.1295507 0.1318654 0.0000000 0.1368516 0.1411564 0.1751587 0.0742685 0.1282032 0.1600076 0.1732202 0.0913162 0.1775297 0.1917027 0.0496100 0.1780193 0.0638005 0.1674312 0.1794232 0.1287462 0.1414271 0.1404029 0.1424452 0.0768605 0.1544803 0.1518474 0.1171664 0.1847869 0.0899214 0.1450938 0.1708532 0.2015966 0.0748625 0.1388485 0.1362986 0.0767532 0.0949383 0.1004290 0.1513484 0.1487827 0.1590677 0.1776325 0.1958633 0.1641669 0.1810428 0.1361456 0.1355583 0.1576555 0.1430857 0.1496657 0.1448292 0.1484867 0.1663866 0.1650083 0.1074039 0.1936367 0.0883357 0.0779682 0.1801038 0.1593562 0.1382804 0.1533828 0.1486869 0.1539206 0.1689456 0.1606788 0.1590302 0.1789986 0.1959210 0.1476751 0.1355132 0.1969479 0.1451467 0.1981602 0.1581195 0.1425343 0.1980020 0.1323071 0.1421416 0.1997248 0.1333809 0.1379347 0.1234549 0.0774932 0.0880829 0.0883888 0.1858056 0.1147208 0.0746809 0.1964873 0.1851428 0.1792300 0.1369053 0.1975078 0.1391677 0.1167594 0.1368470 0.1391289 0.1306508 0.1642736 0.1472508 0.0976785 0.1319120 0.1409319 0.0902511 0.1484283 0.1423674 0.0806205 0.1674483 0.0902052 0.1337942 0.1727594 0.1533639 0.1340897 0.1587395 0.0776128 0.1348303 0.1033479 0.1362237 0.1672879 0.1480160 0.1594983 0.0861523 0.1602857 0.1777255 0.2162950 0.1458130 0.1297079 0.1631344 0.1502565 
S0281         0.2933127 0.1186476 0.0828275 0.1368516 0.0000000 0.1154541 0.1482733 0.1469649 0.1197988 0.1423094 0.1465584 0.1702407 0.1435205 0.1712072 0.1324268 0.1500326 0.1184753 0.1503710 0.1514121 0.1086651 0.1208615 0.1213915 0.1252936 0.1253027 0.0825996 0.1227762 0.1361314 0.1571449 0.1226635 0.1237630 0.1623291 0.1753829 0.1295830 0.1227069 0.1132176 0.1289253 0.1209832 0.1234874 0.1220826 0.1279635 0.0842872 0.1548158 0.1741847 0.1263454 0.1548026 0.1153556 0.1159985 0.1238331 0.0748275 0.1308097 0.0763219 0.0780054 0.1162611 0.0893913 0.1361362 0.1626455 0.1166048 0.1029070 0.1586278 0.1423367 0.1097182 0.1284515 0.1175623 0.1341426 0.0892046 0.1470498 0.1409773 0.1451053 0.1814961 0.1116055 0.0964472 0.1761872 0.0778416 0.1799778 0.1388505 0.1280984 0.1645962 0.1165571 0.1326623 0.1747509 0.1223478 0.1145197 0.1052745 0.1356768 0.1167747 0.1222916 0.1541723 0.1443875 0.1331783 0.1664098 0.1597350 0.1496320 0.1213068 0.1668278 0.1391803 0.1144737 0.1239979 0.1137831 0.1288226 0.1608909 0.1290417 0.1290925 0.1171399 0.1394333 0.1564181 0.1116390 0.0826753 0.1371700 0.0878128 0.1241578 0.1146663 0.0965358 0.1578013 0.1354406 0.1224433 0.1391337 0.1118862 0.1442266 0.1204247 0.1409587 0.1282866 0.1355647 0.1317237 0.1222446 0.1535986 0.1648870 0.0985985 0.1196041 0.1432980 0.1111708 
S0282         0.3071190 0.0730039 0.0994499 0.1411564 0.1154541 0.0000000 0.1229170 0.1292541 0.0908192 0.0316466 0.1054448 0.1578830 0.1187248 0.1344941 0.1257063 0.1205764 0.1065946 0.1423867 0.1253129 0.0978900 0.0198372 0.0233159 0.1028749 0.1087215 0.1060718 0.0966778 0.1515761 0.1254191 0.0988829 0.1113826 0.1252366 0.1448852 0.1176294 0.0588997 0.0224536 0.1290918 0.1054057 0.1020613 0.0808055 0.0306138 0.1130845 0.1267477 0.1644612 0.1011533 0.1297178 0.1054938 0.0221143 0.1146938 0.0895579 0.0280981 0.0910898 0.0968285 0.1195093 0.1123156 0.1128496 0.1469522 0.1010913 0.0822398 0.1540574 0.1100979 0.0927057 0.1159353 0.1087943 0.0986426 0.1285038 0.1361018 0.1099338 0.1274294 0.1405340 0.1058881 0.1001520 0.1697328 0.0939492 0.1712946 0.1228551 0.0993176 0.1469744 0.0496095 0.1222338 0.1694831 0.0255290 0.0643350 0.0785541 0.1162059 0.1010773 0.1104580 0.1290723 0.1204499 0.1327605 0.1343999 0.1263001 0.1221660 0.0269066 0.1523371 0.1168221 0.0829276 0.0267410 0.0199336 0.0768843 0.1333804 0.0668047 0.1019986 0.0913967 0.1029128 0.1436494 0.0638801 0.0973631 0.1300379 0.1271286 0.1017946 0.0153460 0.1287867 0.1312780 0.1084736 0.0353219 0.1327203 0.0537476 0.1243922 0.0433029 0.0914170 0.1092285 0.1225984 0.1137079 0.0962775 0.1472554 0.1741021 0.0867431 0.0951441 0.1230095 0.1066481 
S0288         0.3225208 0.1147041 0.1164341 0.1751587 0.1482733 0.1229170 0.0000000 0.1711371 0.1301801 0.1539128 0.1469374 0.2040109 0.0144875 0.0677663 0.1452006 0.0180055 0.1233515 0.1824127 0.0130737 0.1208090 0.1263821 0.1216253 0.1561241 0.1377951 0.1236506 0.1364370 0.1781615 0.0130419 0.1129492 0.1463986 0.1651050 0.1046054 0.1557457 0.1320913 0.1226039 0.1548626 0.1253349 0.1373665 0.1303413 0.1424172 0.1337057 0.0142829 0.1830025 0.1498200 0.0167212 0.1212272 0.1302503 0.1404556 0.1091948 0.1347911 0.1109190 0.1129170 0.1473694 0.1381491 0.1457297 0.0867489 0.1297040 0.1148206 0.2045925 0.0344175 0.1256904 0.1510457 0.1454399 0.1425034 0.1556141 0.1507832 0.1350082 0.0718577 0.0836037 0.1404938 0.1273229 0.1829996 0.1077462 0.1923747 0.1585607 0.1282978 0.0794788 0.1149844 0.1679316 0.1860787 0.1260189 0.1325319 0.1114635 0.1478017 0.1291025 0.1403028 0.0155627 0.1452512 0.1543578 0.0836111 0.0170745 0.0106430 0.1268391 0.0869095 0.1520476 0.1238864 0.1296151 0.1239000 0.1294486 0.1853425 0.1323968 0.1273376 0.1345950 0.1372230 0.1852534 0.1438687 0.1199868 0.1537972 0.1557993 0.1352127 0.1231537 0.1590894 0.1960237 0.1365927 0.1397184 0.1822984 0.1262697 0.1503182 0.1207719 0.1315008 0.1428052 0.1663002 0.1457959 0.1384548 0.1803131 0.2454922 0.1045514 0.1252367 0.1542854 0.1231973 
S0289         0.3184393 0.1354859 0.1310189 0.0742685 0.1469649 0.1292541 0.1711371 0.0000000 0.1349797 0.1461074 0.1662850 0.0908688 0.1736090 0.1951899 0.0492021 0.1781195 0.0704852 0.1717716 0.1796401 0.1343333 0.1279469 0.1284384 0.1525662 0.0715873 0.1477671 0.1475271 0.1092661 0.1850728 0.0760948 0.1556489 0.1580481 0.2015359 0.0641824 0.1314761 0.1241736 0.0780176 0.0829098 0.0883641 0.1570080 0.1414354 0.1510082 0.1795657 0.1761125 0.1646057 0.1830055 0.1304897 0.1252207 0.1674140 0.1350825 0.1401685 0.1337466 0.1388126 0.1608962 0.1568993 0.0942077 0.2024929 0.0821331 0.0615859 0.1904734 0.1623422 0.1436175 0.1589409 0.1667354 0.1470390 0.1640916 0.1404489 0.1608176 0.1725212 0.1974561 0.1435653 0.1430849 0.1826267 0.1371262 0.1850386 0.1752972 0.1355622 0.2027720 0.1227535 0.1504129 0.1848758 0.1261787 0.1255690 0.1149767 0.0655009 0.0832115 0.0876527 0.1861190 0.1064667 0.0754852 0.1945278 0.1825410 0.1793735 0.1279296 0.2074437 0.1489122 0.1248098 0.1295510 0.1256385 0.1293408 0.1689433 0.1381000 0.0841540 0.1373588 0.1483709 0.0860994 0.1399835 0.1375612 0.0671802 0.1642761 0.0837195 0.1203891 0.1656575 0.1593910 0.1406429 0.1504248 0.0788191 0.1345911 0.0906667 0.1253269 0.1635233 0.1479710 0.1704319 0.0769248 0.1479053 0.1842018 0.2185595 0.1282547 0.1297896 0.1712144 0.1472840 
S0292         0.3010157 0.0843537 0.0949850 0.1282032 0.1197988 0.0908192 0.1301801 0.1349797 0.0000000 0.1122177 0.1168860 0.1624576 0.1257722 0.1533531 0.1202449 0.1276716 0.1074400 0.1398711 0.1259656 0.0754746 0.0951222 0.0968549 0.1194499 0.1096390 0.1098016 0.1002832 0.1546824 0.1290950 0.1101650 0.0995719 0.1359272 0.1615997 0.1185453 0.0913034 0.0884866 0.1207534 0.1083521 0.1102149 0.1060130 0.0940320 0.1087379 0.1288440 0.1580375 0.1249907 0.1303953 0.1087898 0.0955032 0.0994320 0.0958468 0.0945459 0.0973431 0.1004765 0.1024747 0.1125575 0.1185738 0.1634090 0.1104326 0.0888897 0.1417233 0.1223095 0.0887630 0.0967078 0.0985121 0.1035279 0.1349278 0.1273681 0.1137524 0.1343824 0.1596334 0.0967478 0.0777667 0.1621107 0.1002678 0.1639062 0.1149372 0.0983159 0.1601322 0.0898472 0.0684941 0.1637703 0.0951203 0.0885120 0.0751758 0.1176464 0.1118292 0.1166012 0.1328053 0.1297996 0.1234254 0.1535946 0.1346612 0.1272756 0.0971282 0.1650272 0.1185110 0.0207323 0.0981742 0.0901380 0.0834620 0.0767319 0.0992559 0.1118582 0.0329085 0.0365381 0.1500418 0.0955873 0.0991020 0.1378013 0.1334192 0.1096628 0.0828767 0.1321046 0.0825679 0.0989036 0.0987917 0.1271834 0.0938222 0.1288868 0.0812318 0.1171249 0.1161477 0.1162542 0.1218264 0.0943140 0.1312848 0.1985054 0.0887559 0.0886134 0.1266780 0.0943792 
S0293         0.3352290 0.0973719 0.1215384 0.1600076 0.1423094 0.0316466 0.1539128 0.1461074 0.1122177 0.0000000 0.1312575 0.1780529 0.1501293 0.1677671 0.1472781 0.1538891 0.1247460 0.1590583 0.1590872 0.1244902 0.0400770 0.0438135 0.1276107 0.1222801 0.1280120 0.1171174 0.1703210 0.1592327 0.1134298 0.1395676 0.1462256 0.1724674 0.1334688 0.0810039 0.0419351 0.1377703 0.1273704 0.1243031 0.1046438 0.0531023 0.1341078 0.1606253 0.1918725 0.1301960 0.1605789 0.1329422 0.0438714 0.1455998 0.1119549 0.0478139 0.1107331 0.1197524 0.1438959 0.1334110 0.1282496 0.1816461 0.1189529 0.1086263 0.1753721 0.1424984 0.1187960 0.1430663 0.1395303 0.1191553 0.1480816 0.1612127 0.1373926 0.1607643 0.1642090 0.1213100 0.1131682 0.1977727 0.1166767 0.2010751 0.1466897 0.1216884 0.1820005 0.0708761 0.1460602 0.1983422 0.0460411 0.0831023 0.0977520 0.1350327 0.1189351 0.1304051 0.1633378 0.1478726 0.1517415 0.1632558 0.1558348 0.1556443 0.0489903 0.1841219 0.1337532 0.1075664 0.0473798 0.0414645 0.1038548 0.1530940 0.0908496 0.1260204 0.1129680 0.1253523 0.1570768 0.0848698 0.1204364 0.1473506 0.1464484 0.1242636 0.0364711 0.1515857 0.1558240 0.1312275 0.0581104 0.1543180 0.0770730 0.1455726 0.0678523 0.1183896 0.1306470 0.1489560 0.1354846 0.1165371 0.1679422 0.2016959 0.1122133 0.1198830 0.1438955 0.1349957 
S0294         0.3345106 0.0895192 0.1171638 0.1732202 0.1465584 0.1054448 0.1469374 0.1662850 0.1168860 0.1312575 0.0000000 0.1963844 0.1470962 0.1685868 0.1538342 0.1553193 0.1482886 0.1673877 0.1550484 0.1083111 0.1113758 0.1117977 0.1252758 0.1486356 0.1325236 0.1170480 0.1770710 0.1600608 0.1293047 0.1410120 0.1587648 0.1846677 0.1537627 0.0928634 0.1027963 0.1722457 0.1374640 0.1439581 0.1184927 0.1163146 0.1305100 0.1549884 0.2021485 0.1291597 0.1597820 0.1307704 0.1118377 0.1496781 0.1160891 0.1156009 0.1132337 0.1210781 0.1605039 0.1343051 0.1435741 0.1823382 0.1449546 0.1043381 0.1753854 0.1417141 0.1163911 0.1529171 0.1415642 0.0657484 0.1587157 0.1568462 0.1391720 0.1586160 0.1735936 0.1396099 0.1145982 0.2045586 0.1223661 0.2105790 0.1582442 0.1302811 0.1842588 0.0898624 0.1420399 0.2068296 0.1056305 0.0896747 0.1082848 0.1622720 0.1443227 0.1491048 0.1609227 0.1389583 0.1597361 0.1717097 0.1546850 0.1548260 0.1059000 0.1864499 0.1338429 0.1026677 0.1103501 0.1047242 0.1154216 0.1617390 0.0990703 0.1271025 0.1146476 0.1256703 0.1773116 0.0854408 0.1261462 0.1727822 0.1604640 0.1437797 0.0971462 0.1631561 0.1484896 0.1351338 0.1267120 0.1707063 0.1081109 0.1426525 0.0906707 0.1268551 0.1364099 0.1490814 0.1516305 0.1388029 0.1753369 0.1933589 0.1147484 0.1264799 0.1436122 0.1285721 
S0299         0.3368774 0.1582909 0.1617243 0.0913162 0.1702407 0.1578830 0.2040109 0.0908688 0.1624576 0.1780529 0.1963844 0.0000000 0.1983503 0.2143854 0.0764254 0.1958687 0.0939577 0.2002329 0.2018273 0.1607178 0.1565396 0.1564677 0.1692644 0.1079674 0.1802194 0.1649282 0.1261902 0.2056783 0.1009390 0.1779752 0.1896125 0.2255983 0.0876110 0.1611052 0.1504650 0.0999712 0.1253226 0.1142214 0.1724978 0.1709994 0.1707622 0.1998035 0.2191699 0.1866785 0.2056633 0.1308195 0.1573139 0.1762985 0.1608801 0.1738222 0.1532377 0.1691391 0.1880541 0.1755048 0.1109326 0.2215846 0.1005281 0.0964625 0.2020593 0.1915495 0.1660799 0.1686665 0.1846588 0.1805720 0.1898734 0.1915216 0.1804847 0.1879184 0.2236038 0.1573713 0.1657538 0.2210388 0.1604314 0.2238087 0.1859761 0.1607322 0.2390701 0.1483349 0.1807784 0.2173534 0.1523018 0.1539295 0.1448937 0.1059588 0.1017086 0.1106083 0.2113047 0.1336051 0.0768877 0.2173844 0.2153009 0.2059251 0.1606191 0.2372394 0.1693381 0.1512715 0.1582449 0.1552034 0.1674976 0.1900862 0.1684249 0.1129567 0.1731210 0.1667781 0.1058058 0.1633467 0.1632196 0.0882497 0.1914240 0.1196657 0.1522026 0.1990216 0.1824227 0.1669651 0.1783561 0.0934232 0.1548859 0.1143850 0.1495711 0.1876743 0.1815756 0.1821340 0.1058015 0.1802845 0.1921118 0.2485647 0.1584502 0.1600866 0.1795468 0.1848085 
S0303         0.3186592 0.1092104 0.1120318 0.1775297 0.1435205 0.1187248 0.0144875 0.1736090 0.1257722 0.1501293 0.1470962 0.1983503 0.0000000 0.0673374 0.1478416 0.0141027 0.1261578 0.1774825 0.0093014 0.1218059 0.1236747 0.1190527 0.1515402 0.1402557 0.1178045 0.1337432 0.1668442 0.0105169 0.1175269 0.1403438 0.1655726 0.0998628 0.1601256 0.1295143 0.1168440 0.1574257 0.1275185 0.1346116 0.1244030 0.1376732 0.1277758 0.0104789 0.1866066 0.1503780 0.0117052 0.1256902 0.1226546 0.1327079 0.1022924 0.1334899 0.1039521 0.1074326 0.1414433 0.1301726 0.1425195 0.0839955 0.1292265 0.1077446 0.1959895 0.0338470 0.1200231 0.1431163 0.1375745 0.1376878 0.1507830 0.1504101 0.1376479 0.0661103 0.0797823 0.1322005 0.1207305 0.1825826 0.1041348 0.1920571 0.1557060 0.1258188 0.0783531 0.1141912 0.1640145 0.1840401 0.1251877 0.1265375 0.1063436 0.1504304 0.1318983 0.1396821 0.0141701 0.1472598 0.1584398 0.0778637 0.0131608 0.0081492 0.1245893 0.0825534 0.1489784 0.1170440 0.1266277 0.1180482 0.1234885 0.1773248 0.1286474 0.1264162 0.1316270 0.1400228 0.1764403 0.1410311 0.1126697 0.1508027 0.1490000 0.1363324 0.1189472 0.1507520 0.1841643 0.1314391 0.1317537 0.1846117 0.1236095 0.1469125 0.1182191 0.1305903 0.1382593 0.1576376 0.1431847 0.1338400 0.1725612 0.2188412 0.1023684 0.1193803 0.1508455 0.1189898 
S0308         0.3550361 0.1356734 0.1354052 0.1917027 0.1712072 0.1344941 0.0677663 0.1951899 0.1533531 0.1677671 0.1685868 0.2143854 0.0673374 0.0000000 0.1630837 0.0720646 0.1512009 0.2112387 0.0677718 0.1580580 0.1410218 0.1410713 0.1833130 0.1584766 0.1498939 0.1627706 0.1882821 0.0717753 0.1512697 0.1735318 0.1974156 0.1376054 0.1810894 0.1499089 0.1385041 0.1678728 0.1637708 0.1650639 0.1480171 0.1567060 0.1601195 0.0690509 0.2089607 0.1811354 0.0729738 0.1566158 0.1432220 0.1563567 0.1337129 0.1541278 0.1324282 0.1359462 0.1721519 0.1644022 0.1707894 0.1054736 0.1516041 0.1408975 0.2184201 0.0651595 0.1468900 0.1676345 0.1665629 0.1746343 0.1754486 0.1721859 0.1561966 0.1064050 0.1135312 0.1746838 0.1504377 0.2093020 0.1325765 0.2086955 0.1735026 0.1467471 0.1122477 0.1388709 0.1735512 0.2026786 0.1437753 0.1488669 0.1350270 0.1740210 0.1509358 0.1599567 0.0734430 0.1769500 0.1818785 0.1076441 0.0719939 0.0663636 0.1452099 0.1101522 0.1716480 0.1364646 0.1408252 0.1386648 0.1559780 0.1960669 0.1520603 0.1512571 0.1514226 0.1579356 0.2181579 0.1601225 0.1377107 0.1688748 0.1739037 0.1541893 0.1347602 0.1794386 0.1913539 0.1610172 0.1558974 0.1980163 0.1447213 0.1735199 0.1341060 0.1565129 0.1663669 0.1846668 0.1659160 0.1617044 0.1998774 0.2515807 0.1338135 0.1536130 0.1842222 0.1416080 
S0320         0.2794954 0.1171874 0.1167925 0.0496100 0.1324268 0.1257063 0.1452006 0.0492021 0.1202449 0.1472781 0.1538342 0.0764254 0.1478416 0.1630837 0.0000000 0.1536249 0.0533540 0.1710592 0.1517563 0.1142736 0.1259442 0.1248794 0.1427217 0.0556813 0.1383686 0.1366209 0.0962375 0.1584412 0.0722667 0.1322421 0.1514106 0.1770579 0.0487740 0.1233624 0.1163829 0.0645302 0.0764244 0.0814250 0.1404968 0.1345636 0.1444833 0.1516994 0.1804979 0.1622429 0.1565319 0.1179928 0.1235517 0.1441452 0.1257353 0.1370468 0.1274298 0.1309860 0.1519488 0.1519207 0.0882963 0.1684281 0.0724202 0.0590442 0.1728414 0.1341641 0.1300448 0.1409043 0.1457848 0.1287796 0.1557194 0.1435008 0.1399370 0.1525780 0.1700815 0.1406181 0.1284654 0.1789560 0.1262063 0.1809572 0.1498636 0.1279594 0.1767689 0.1197923 0.1310667 0.1807980 0.1241400 0.1241089 0.1066743 0.0539002 0.0735043 0.0778076 0.1593106 0.0962739 0.0641447 0.1714296 0.1618176 0.1531281 0.1218901 0.1731051 0.1324927 0.1100464 0.1274823 0.1235959 0.1320718 0.1464420 0.1321077 0.0800311 0.1255141 0.1346730 0.0780741 0.1373841 0.1296412 0.0573210 0.1542203 0.0741743 0.1154193 0.1579063 0.1427604 0.1271171 0.1441574 0.0697783 0.1223517 0.0804812 0.1178646 0.1435978 0.1361853 0.1512167 0.0742075 0.1438998 0.1721261 0.2055386 0.1208687 0.1168487 0.1613733 0.1363616 
S0322         0.3433508 0.1148502 0.1157497 0.1780193 0.1500326 0.1205764 0.0180055 0.1781195 0.1276716 0.1538891 0.1553193 0.1958687 0.0141027 0.0720646 0.1536249 0.0000000 0.1320473 0.1832358 0.0097739 0.1311014 0.1252644 0.1223426 0.1652448 0.1425060 0.1234447 0.1374491 0.1773591 0.0177273 0.1246798 0.1517204 0.1671714 0.1114000 0.1653562 0.1327562 0.1196433 0.1641052 0.1403178 0.1474597 0.1326933 0.1383345 0.1329355 0.0086722 0.1925893 0.1578536 0.0211129 0.1356970 0.1272714 0.1422237 0.1086003 0.1359710 0.1101907 0.1135255 0.1590948 0.1368022 0.1574771 0.0926096 0.1384108 0.1238977 0.1967671 0.0389314 0.1270394 0.1522393 0.1451830 0.1493416 0.1549767 0.1470812 0.1391235 0.0790879 0.0840992 0.1427521 0.1212574 0.1960506 0.1103411 0.2003448 0.1658096 0.1284284 0.0885941 0.1226683 0.1673127 0.1930472 0.1264221 0.1333601 0.1124920 0.1554791 0.1409706 0.1516372 0.0200882 0.1618447 0.1620780 0.0874315 0.0203971 0.0131986 0.1261090 0.0884347 0.1512450 0.1174629 0.1297310 0.1214608 0.1316258 0.1816950 0.1329914 0.1334867 0.1350172 0.1426377 0.1891815 0.1454352 0.1185410 0.1539786 0.1534976 0.1472493 0.1207889 0.1603589 0.1914848 0.1371711 0.1376447 0.1882356 0.1320219 0.1636742 0.1217942 0.1414646 0.1436136 0.1651980 0.1506051 0.1404001 0.1760854 0.2304929 0.1057342 0.1284572 0.1558285 0.1292239 
S0327         0.2797205 0.1070436 0.0975744 0.0638005 0.1184753 0.1065946 0.1233515 0.0704852 0.1074400 0.1247460 0.1482886 0.0939577 0.1261578 0.1512009 0.0533540 0.1320473 0.0000000 0.1564471 0.1287967 0.1126388 0.1053910 0.1057311 0.1356970 0.0525855 0.1150426 0.1223574 0.0914942 0.1336273 0.0607529 0.1265820 0.1400687 0.1586706 0.0664843 0.1104225 0.0987076 0.0589562 0.0578643 0.0760561 0.1240405 0.1203511 0.1208080 0.1302451 0.1675490 0.1413121 0.1317929 0.1050360 0.1044772 0.1308744 0.1007784 0.1168422 0.1023073 0.1055109 0.1432447 0.1244482 0.0691951 0.1592732 0.0610895 0.0490834 0.1689705 0.1175285 0.1168050 0.1384667 0.1301181 0.1173240 0.1370122 0.1335248 0.1261348 0.1347377 0.1461941 0.1317553 0.1149706 0.1646148 0.1038879 0.1785739 0.1388502 0.1185146 0.1591324 0.1070594 0.1252586 0.1750547 0.1079542 0.1055891 0.1001150 0.0561405 0.0583954 0.0623816 0.1342178 0.0806536 0.0757663 0.1453206 0.1362128 0.1286652 0.1085129 0.1641183 0.1219637 0.1008285 0.1110452 0.1016968 0.1089739 0.1455162 0.1137893 0.0734351 0.1119907 0.1228443 0.0886284 0.1203224 0.1074462 0.0602293 0.1355990 0.0678331 0.1025432 0.1390023 0.1446672 0.1065185 0.1257562 0.0782588 0.1075914 0.0782972 0.1007661 0.1280950 0.1225290 0.1423695 0.0743851 0.1282557 0.1639000 0.2002559 0.1034201 0.0986602 0.1400218 0.1168108 
S0335         0.3276846 0.1321202 0.1435630 0.1674312 0.1503710 0.1423867 0.1824127 0.1717716 0.1398711 0.1590583 0.1673877 0.2002329 0.1774825 0.2112387 0.1710592 0.1832358 0.1564471 0.0000000 0.1793511 0.1407049 0.1452862 0.1496350 0.1450037 0.1552649 0.1654213 0.1454999 0.1900086 0.1841650 0.1344461 0.1503676 0.1717394 0.2113816 0.1638211 0.1401277 0.1455843 0.1760763 0.1605522 0.1603902 0.1455740 0.1534137 0.1598596 0.1862039 0.2226116 0.1507229 0.1785109 0.1653723 0.1464416 0.1474719 0.1515963 0.1520772 0.1520005 0.1572522 0.1367991 0.1666960 0.1747690 0.2155776 0.1608745 0.1269820 0.1686598 0.1731114 0.1336737 0.1641201 0.1496129 0.1572702 0.1629720 0.1771756 0.1676911 0.1900141 0.2002936 0.1148094 0.0977183 0.2216939 0.1570621 0.2259037 0.1638897 0.1074397 0.2131477 0.1379742 0.1618157 0.2219368 0.1421688 0.1419141 0.1244204 0.1664930 0.1626233 0.1660059 0.1893810 0.1824369 0.1775513 0.2011032 0.1897598 0.1806160 0.1433151 0.2128631 0.1134803 0.1285599 0.1526319 0.1448926 0.1407004 0.1729084 0.1450550 0.1589174 0.1396230 0.1522891 0.1943383 0.1423703 0.1614899 0.1854042 0.1614831 0.1558479 0.1376273 0.1700755 0.1531602 0.1309680 0.1714477 0.1788610 0.1334330 0.1746640 0.1420720 0.1690335 0.1071170 0.0859822 0.1690938 0.1339257 0.1685844 0.2216290 0.1513555 0.1220888 0.1489805 0.1338833 
S0355         0.3372616 0.1161385 0.1123179 0.1794232 0.1514121 0.1253129 0.0130737 0.1796401 0.1259656 0.1590872 0.1550484 0.2018273 0.0093014 0.0677718 0.1517563 0.0097739 0.1287967 0.1793511 0.0000000 0.1308464 0.1300627 0.1271100 0.1666604 0.1422584 0.1247693 0.1402477 0.1771389 0.0154031 0.1275393 0.1498780 0.1702081 0.1100220 0.1650662 0.1340802 0.1244416 0.1638067 0.1399765 0.1472684 0.1358533 0.1418065 0.1342757 0.0075453 0.1902553 0.1593143 0.0153808 0.1335029 0.1321100 0.1405432 0.1098917 0.1394235 0.1114856 0.1148282 0.1572104 0.1381529 0.1571920 0.0865870 0.1398125 0.1205302 0.2032062 0.0351857 0.1253255 0.1504219 0.1433895 0.1506989 0.1563541 0.1465652 0.1435737 0.0742331 0.0823120 0.1424782 0.1209171 0.1918690 0.1145856 0.1987028 0.1621536 0.1328505 0.0853787 0.1239703 0.1653872 0.1949756 0.1312206 0.1329114 0.1123022 0.1584522 0.1392086 0.1498146 0.0165963 0.1615315 0.1617940 0.0875450 0.0168489 0.0109178 0.1295075 0.0852260 0.1526062 0.1123678 0.1345794 0.1262395 0.1332694 0.1831562 0.1343170 0.1332551 0.1332633 0.1408502 0.1925277 0.1467767 0.1198557 0.1521734 0.1548744 0.1453834 0.1255364 0.1650577 0.1894257 0.1401847 0.1426412 0.1896612 0.1302903 0.1616819 0.1215906 0.1443296 0.1449760 0.1681581 0.1503425 0.1386303 0.1788497 0.2297698 0.1070358 0.1297782 0.1587610 0.1259912 
S0376         0.3058311 0.0867258 0.0851789 0.1287462 0.1086651 0.0978900 0.1208090 0.1343333 0.0754746 0.1244902 0.1083111 0.1607178 0.1218059 0.1580580 0.1142736 0.1311014 0.1126388 0.1407049 0.1308464 0.0000000 0.0998490 0.0980409 0.1153590 0.1011054 0.1054606 0.0447476 0.1435617 0.1321786 0.1113116 0.0955151 0.1263669 0.1705771 0.1263399 0.0899909 0.0877592 0.1243554 0.1107316 0.1183046 0.1037339 0.1003427 0.0977145 0.1326282 0.1756695 0.1192738 0.1400964 0.0925332 0.0983249 0.1003789 0.0887211 0.1101659 0.0905352 0.0940201 0.1254343 0.1071213 0.1151127 0.1656942 0.1153291 0.0882019 0.1403479 0.1152607 0.0835765 0.1078838 0.1001255 0.1118445 0.1229846 0.1407441 0.1064715 0.1295847 0.1536238 0.1024739 0.0733833 0.1785118 0.0957058 0.1923331 0.1162723 0.0973731 0.1638323 0.0914439 0.1075675 0.1944986 0.0949999 0.0968929 0.0777285 0.1122970 0.1162834 0.1258380 0.1291709 0.1285678 0.1247320 0.1547220 0.1334673 0.1266129 0.1021765 0.1726586 0.1011625 0.0723111 0.1004884 0.0921145 0.0866001 0.1340814 0.1047147 0.1087801 0.0912513 0.1077271 0.1532648 0.0983249 0.0981975 0.1325510 0.1213183 0.1141432 0.0914813 0.1186238 0.1328377 0.0869784 0.1073326 0.1381493 0.0960796 0.1290461 0.0876310 0.1126902 0.1018565 0.1237566 0.1232339 0.0902573 0.1388970 0.2088833 0.0887111 0.0834088 0.0841094 0.0852475 
S0400         0.2959841 0.0743177 0.0981106 0.1414271 0.1208615 0.0198372 0.1263821 0.1279469 0.0951222 0.0400770 0.1113758 0.1565396 0.1236747 0.1410218 0.1259442 0.1252644 0.1053910 0.1452862 0.1300627 0.0998490 0.0000000 0.0232824 0.1046104 0.1075094 0.1091017 0.0983059 0.1501665 0.1301741 0.1002823 0.1178527 0.1201211 0.1452125 0.1193655 0.0589908 0.0224210 0.1293334 0.1057098 0.0994186 0.0836449 0.0305688 0.1161665 0.1315113 0.1649220 0.1074954 0.1345134 0.1020004 0.0255946 0.1199559 0.0910579 0.0305081 0.0939754 0.0997644 0.1261730 0.1154078 0.1101801 0.1506992 0.1012664 0.0866218 0.1560351 0.1117599 0.0956112 0.1213553 0.1151551 0.1002921 0.1323264 0.1312658 0.1056212 0.1308468 0.1418268 0.1125287 0.1005144 0.1635958 0.0968600 0.1735467 0.1226678 0.0980954 0.1504694 0.0533600 0.1269578 0.1701555 0.0254925 0.0669769 0.0786816 0.1164157 0.1012524 0.1106550 0.1338880 0.1254093 0.1360132 0.1331050 0.1311440 0.1268760 0.0268677 0.1529044 0.1195903 0.0890591 0.0267027 0.0199047 0.0768189 0.1347912 0.0694939 0.1021770 0.0957304 0.1060332 0.1424695 0.0678582 0.0975309 0.1270846 0.1309366 0.1047916 0.0175621 0.1356587 0.1361569 0.1101009 0.0352974 0.1360205 0.0578047 0.1276541 0.0469730 0.0888751 0.1156939 0.1210130 0.1139128 0.0978668 0.1491715 0.1778963 0.0895871 0.0995051 0.1219227 0.1111463 
S0405         0.3093329 0.0773188 0.1061756 0.1404029 0.1213915 0.0233159 0.1216253 0.1284384 0.0968549 0.0438135 0.1117977 0.1564677 0.1190527 0.1410713 0.1248794 0.1223426 0.1057311 0.1496350 0.1271100 0.0980409 0.0232824 0.0000000 0.1049305 0.1078597 0.1123742 0.1056626 0.1471686 0.1272184 0.0991569 0.1149961 0.1275151 0.1505111 0.1183210 0.0630165 0.0213418 0.1282930 0.0986295 0.1026095 0.0867114 0.0294959 0.1147880 0.1285523 0.1711744 0.1050145 0.1315393 0.0943657 0.0245296 0.1185048 0.0955777 0.0341568 0.0970696 0.1030039 0.1247580 0.1140238 0.1120032 0.1575817 0.1016288 0.0855136 0.1554921 0.1147069 0.0957232 0.1152006 0.1137873 0.1035052 0.1358506 0.1427106 0.1148549 0.1349065 0.1460991 0.1060161 0.0980502 0.1732237 0.0999857 0.1799662 0.1246785 0.1012674 0.1559781 0.0510649 0.1275307 0.1781031 0.0267247 0.0658593 0.0829650 0.1124636 0.1016146 0.1110584 0.1309005 0.1228954 0.1349873 0.1399317 0.1281338 0.1239431 0.0257989 0.1598445 0.1265369 0.0909073 0.0279454 0.0188354 0.0800090 0.1353081 0.0697302 0.1040286 0.0974770 0.1107295 0.1366954 0.0693939 0.1034959 0.1275432 0.1344498 0.1023389 0.0164959 0.1361712 0.1382317 0.1119692 0.0377858 0.1314964 0.0605404 0.1266096 0.0507978 0.0929692 0.1161203 0.1323434 0.1143300 0.1037537 0.1455543 0.1885833 0.0882844 0.1012724 0.1312457 0.1111824 
S0412sl       0.3375834 0.0991236 0.1130786 0.1424452 0.1252936 0.1028749 0.1561241 0.1525662 0.1194499 0.1276107 0.1252758 0.1692644 0.1515402 0.1833130 0.1427217 0.1652448 0.1356970 0.1450037 0.1666604 0.1153590 0.1046104 0.1049305 0.0000000 0.1363700 0.1281510 0.1263075 0.1548709 0.1685395 0.1312716 0.1294055 0.1344543 0.1816417 0.1399911 0.1037289 0.1007589 0.1451452 0.1349466 0.1360104 0.1098888 0.1111424 0.1312105 0.1648814 0.1955586 0.0795704 0.1608526 0.1284616 0.1064021 0.1265053 0.1178697 0.1150029 0.1195985 0.1229862 0.1295456 0.1387539 0.1423791 0.1745805 0.1370075 0.1073028 0.1610131 0.1509777 0.1091169 0.1215433 0.1227188 0.1238141 0.1410544 0.1585071 0.1364654 0.1581126 0.1837998 0.1300759 0.1005418 0.2046077 0.1258685 0.2038880 0.1349387 0.1312283 0.1794069 0.0815675 0.1439993 0.2000972 0.1062126 0.1045179 0.1117946 0.1375835 0.1348138 0.1391007 0.1711444 0.1545938 0.1485888 0.1691127 0.1701448 0.1647047 0.1087686 0.1841455 0.1354496 0.1152661 0.1092723 0.0993469 0.1043740 0.1545782 0.0966526 0.1281391 0.1212942 0.1360456 0.1573728 0.1019027 0.1216687 0.1461233 0.1396529 0.1326288 0.0961205 0.1496162 0.1527483 0.1275031 0.1196004 0.1555505 0.0953018 0.1464589 0.1014353 0.1246058 0.1284034 0.1412897 0.1342553 0.1252184 0.1515860 0.2050828 0.1192643 0.1163259 0.1334039 0.1294103 
S0417         0.2990546 0.1125359 0.1032095 0.0768605 0.1253027 0.1087215 0.1377951 0.0715873 0.1096390 0.1222801 0.1486356 0.1079674 0.1402557 0.1584766 0.0556813 0.1425060 0.0525855 0.1552649 0.1422584 0.1011054 0.1075094 0.1078597 0.1363700 0.0000000 0.1219089 0.1286343 0.0939298 0.1455356 0.0656155 0.1277375 0.1432961 0.1707201 0.0673242 0.1084477 0.1050999 0.0728801 0.0717427 0.0744256 0.1235845 0.1167915 0.1232071 0.1406098 0.1711040 0.1455372 0.1437209 0.1139592 0.1065948 0.1317938 0.1072783 0.1176591 0.1088462 0.1121333 0.1427819 0.1253246 0.0812934 0.1617647 0.0657264 0.0604910 0.1750977 0.1242971 0.1161202 0.1356530 0.1295938 0.1272036 0.1402721 0.1446724 0.1305931 0.1513047 0.1600884 0.1329333 0.1138583 0.1748323 0.1118982 0.1808452 0.1461322 0.1222718 0.1734267 0.1096489 0.1286869 0.1806887 0.1086556 0.1099008 0.0984748 0.0579505 0.0683086 0.0753398 0.1441287 0.0992172 0.0749112 0.1586627 0.1485495 0.1404615 0.1121346 0.1700447 0.1319211 0.1017567 0.1117720 0.1066267 0.1194153 0.1385905 0.1194400 0.0800168 0.1131423 0.1284584 0.0905865 0.1231210 0.1141367 0.0578321 0.1388377 0.0715703 0.1018157 0.1423051 0.1488346 0.1140228 0.1281201 0.0850147 0.1083781 0.0883171 0.1057173 0.1320085 0.1243865 0.1450808 0.0812103 0.1291471 0.1743501 0.2379941 0.1102721 0.1058290 0.1489960 0.1259761 
S0419         0.3069963 0.0948275 0.0361224 0.1544803 0.0825996 0.1060718 0.1236506 0.1477671 0.1098016 0.1280120 0.1325236 0.1802194 0.1178045 0.1498939 0.1383686 0.1234447 0.1150426 0.1654213 0.1247693 0.1054606 0.1091017 0.1123742 0.1281510 0.1219089 0.0000000 0.1198782 0.1551490 0.1279151 0.1128991 0.1252613 0.1561856 0.1686408 0.1358970 0.1047933 0.1064681 0.1347161 0.1254206 0.1253860 0.1115124 0.1198903 0.0505763 0.1262279 0.1670404 0.1289618 0.1292470 0.1180999 0.1081025 0.1212500 0.0176593 0.1177209 0.0176862 0.0211451 0.1295188 0.0545386 0.1295322 0.1655877 0.1183428 0.0992021 0.1630404 0.1227520 0.1087935 0.1312750 0.1283975 0.1245486 0.0742955 0.1314439 0.1177245 0.1387551 0.1531552 0.1294894 0.1059841 0.1762723 0.0199760 0.1767041 0.1404757 0.1118881 0.1658232 0.1022067 0.1352911 0.1698158 0.1134813 0.1072773 0.0850040 0.1365044 0.1178401 0.1212974 0.1269743 0.1444762 0.1405394 0.1523068 0.1341060 0.1230572 0.1130595 0.1662694 0.1298334 0.0982289 0.1152614 0.1053719 0.1154481 0.1535970 0.1092876 0.1204387 0.1103990 0.1130061 0.1737131 0.1187989 0.0258579 0.1351976 0.0746282 0.1201164 0.1048188 0.0814464 0.1590237 0.1115877 0.1197245 0.1541406 0.1065068 0.1441902 0.1001281 0.1181665 0.1270251 0.1470804 0.1277800 0.1104254 0.1527219 0.2076160 0.0602736 0.0993949 0.1361966 0.1048677 
S0427         0.3283524 0.1008712 0.1138852 0.1518474 0.1227762 0.0966778 0.1364370 0.1475271 0.1002832 0.1171174 0.1170480 0.1649282 0.1337432 0.1627706 0.1366209 0.1374491 0.1223574 0.1454999 0.1402477 0.0447476 0.0983059 0.1056626 0.1263075 0.1286343 0.1198782 0.0000000 0.1588952 0.1451174 0.1148087 0.1268485 0.1395689 0.1662299 0.1431939 0.1055594 0.0923497 0.1450127 0.1190757 0.1377803 0.1073674 0.1057931 0.1167543 0.1433695 0.1860289 0.1322124 0.1449830 0.1129756 0.1028150 0.1307986 0.1027282 0.1151571 0.1000595 0.1069843 0.1337474 0.1232749 0.1383905 0.1762284 0.1308826 0.0987086 0.1427503 0.1300899 0.1133755 0.1281413 0.1275998 0.1285977 0.1320990 0.1449137 0.1194509 0.1450855 0.1603579 0.1180701 0.1022273 0.1883759 0.1072247 0.1959215 0.1380370 0.1028683 0.1725114 0.0968275 0.1344615 0.1922835 0.1039443 0.1043683 0.0975566 0.1377563 0.1319029 0.1416580 0.1442248 0.1392951 0.1421593 0.1584300 0.1480371 0.1385917 0.1030634 0.1753125 0.1102151 0.0908004 0.1098491 0.0988383 0.1074086 0.1401018 0.1106949 0.1240847 0.1022735 0.1125247 0.1630577 0.1100500 0.1151434 0.1435405 0.1307119 0.1297742 0.0911070 0.1334473 0.1435414 0.1160344 0.1087072 0.1577637 0.1008028 0.1396783 0.0974409 0.1249920 0.1141963 0.1348823 0.1357952 0.1110914 0.1412858 0.1839049 0.1014597 0.1025540 0.0864453 0.0999388 
S0428sl       0.2974011 0.1457772 0.1330348 0.1171664 0.1361314 0.1515761 0.1781615 0.1092661 0.1546824 0.1703210 0.1770710 0.1261902 0.1668442 0.1882821 0.0962375 0.1773591 0.0914942 0.1900086 0.1771389 0.1435617 0.1501665 0.1471686 0.1548709 0.0939298 0.1551490 0.1588952 0.0000000 0.1798882 0.0929016 0.1614128 0.1609485 0.2210112 0.1118298 0.1393017 0.1396955 0.1011415 0.0890682 0.1162659 0.1434888 0.1779366 0.1538509 0.1771222 0.2047862 0.1636335 0.1861559 0.1145915 0.1503857 0.1553909 0.1376265 0.1672553 0.1302008 0.1405811 0.1777338 0.1502316 0.1081538 0.1985644 0.0996339 0.0859019 0.2340801 0.1731384 0.1475457 0.1411006 0.1611044 0.1668175 0.1655447 0.1840487 0.1681884 0.1431320 0.2064332 0.1544377 0.1531913 0.1984512 0.1277250 0.2030539 0.1742780 0.1358322 0.1937451 0.1416660 0.1880095 0.1998942 0.1544736 0.1360909 0.1382277 0.1077125 0.1010405 0.1110063 0.1841130 0.1223571 0.1133802 0.2128750 0.1898420 0.1779456 0.1446116 0.2044371 0.1580052 0.1540453 0.1657865 0.1378051 0.1621680 0.2233617 0.1583360 0.1066799 0.1697197 0.1782645 0.1272859 0.1563113 0.1410893 0.0813989 0.1565902 0.1041131 0.1446585 0.1596305 0.2150172 0.1579273 0.1589752 0.1259853 0.1465041 0.1135959 0.1455503 0.1493239 0.1799055 0.1979335 0.1066010 0.1469568 0.2269839 0.2779529 0.1301738 0.1348509 0.1726037 0.1687832 
S0430         0.3463493 0.1192986 0.1157116 0.1847869 0.1571449 0.1254191 0.0130419 0.1850728 0.1290950 0.1592327 0.1600608 0.2056783 0.0105169 0.0717753 0.1584412 0.0177273 0.1336273 0.1841650 0.0154031 0.1321786 0.1301741 0.1272184 0.1685395 0.1455356 0.1279151 0.1451174 0.1798882 0.0000000 0.1323061 0.1532009 0.1737134 0.1130355 0.1668932 0.1341966 0.1245485 0.1673741 0.1434366 0.1473914 0.1390798 0.1450889 0.1374938 0.0165192 0.1956887 0.1644420 0.0176515 0.1392631 0.1322240 0.1436978 0.1129021 0.1395464 0.1145105 0.1178839 0.1573547 0.1399256 0.1584276 0.0922300 0.1430639 0.1286379 0.2051512 0.0387838 0.1299519 0.1540909 0.1482856 0.1540724 0.1615015 0.1504254 0.1468213 0.0822378 0.0895706 0.1462375 0.1207454 0.1973537 0.1176350 0.2042518 0.1707084 0.1345910 0.0871647 0.1240752 0.1721715 0.2004831 0.1313330 0.1345590 0.1137284 0.1618450 0.1424440 0.1531464 0.0143184 0.1651283 0.1668851 0.0904193 0.0145357 0.0086952 0.1310582 0.0908546 0.1539219 0.1192246 0.1346957 0.1263473 0.1318708 0.1885589 0.1344338 0.1380635 0.1364520 0.1440878 0.1979609 0.1469073 0.1229590 0.1611198 0.1600107 0.1471253 0.1256430 0.1669633 0.1949422 0.1403101 0.1427677 0.1898468 0.1288459 0.1669901 0.1236471 0.1475665 0.1462605 0.1677335 0.1521065 0.1418573 0.1806729 0.2316212 0.1100157 0.1298903 0.1639408 0.1292084 
S0478         0.2760550 0.0977765 0.0918920 0.0899214 0.1226635 0.0988829 0.1129492 0.0760948 0.1101650 0.1134298 0.1293047 0.1009390 0.1175269 0.1512697 0.0722667 0.1246798 0.0607529 0.1344461 0.1275393 0.1113116 0.1002823 0.0991569 0.1312716 0.0656155 0.1128991 0.1148087 0.0929016 0.1323061 0.0000000 0.1277152 0.1257949 0.1496992 0.0746947 0.1041645 0.0978886 0.0751062 0.0567260 0.0745954 0.1165438 0.1124969 0.1141976 0.1274919 0.1494454 0.1212398 0.1305447 0.1049832 0.0952293 0.1319157 0.0970471 0.1148564 0.0943144 0.1032598 0.1401415 0.1194012 0.0692053 0.1498692 0.0507646 0.0448688 0.1634314 0.1077664 0.1120604 0.1416768 0.1312752 0.1182770 0.1343153 0.1172052 0.1089347 0.1292416 0.1459974 0.1276078 0.1205254 0.1516579 0.0987441 0.1621929 0.1419981 0.1078338 0.1496969 0.0992952 0.1377394 0.1620552 0.0987785 0.1084137 0.0848869 0.0693835 0.0493496 0.0584027 0.1330102 0.0796287 0.0790139 0.1466788 0.1355232 0.1258456 0.1021447 0.1547007 0.1216556 0.0999855 0.1018497 0.0980942 0.1101393 0.1481275 0.1043095 0.0588306 0.1137954 0.1225604 0.1054097 0.1076384 0.1037482 0.0807770 0.1328750 0.0664481 0.0961501 0.1356976 0.1494019 0.1023403 0.1175243 0.0929211 0.1016056 0.0692189 0.1001277 0.1173418 0.1098093 0.1296390 0.0704165 0.1216428 0.1594711 0.1919538 0.0982522 0.0945733 0.1400997 0.1216234 
S0552sl       0.3309448 0.1023161 0.1129297 0.1450938 0.1237630 0.1113826 0.1463986 0.1556489 0.0995719 0.1395676 0.1410120 0.1779752 0.1403438 0.1735318 0.1322421 0.1517204 0.1265820 0.1503676 0.1498780 0.0955151 0.1178527 0.1149961 0.1294055 0.1277375 0.1252613 0.1268485 0.1614128 0.1532009 0.1277152 0.0000000 0.1522798 0.1880159 0.1352766 0.1135525 0.1153364 0.1394449 0.1321998 0.1377782 0.1290307 0.1215016 0.1362113 0.1513983 0.1791051 0.1386987 0.1492144 0.1203710 0.1105356 0.0283153 0.1193054 0.1220425 0.1209122 0.1228822 0.0826452 0.1452864 0.1261791 0.1878895 0.1349493 0.1029194 0.1424428 0.1382875 0.0606756 0.0325843 0.0258457 0.1318878 0.1345287 0.1531424 0.1414308 0.1539148 0.1767163 0.0590977 0.0450454 0.1872583 0.1211427 0.1898297 0.0732606 0.1140033 0.1795786 0.1104969 0.1278627 0.1913716 0.1135973 0.1053803 0.0808450 0.1328334 0.1283126 0.1354539 0.1540221 0.1425476 0.1404409 0.1692193 0.1514209 0.1480507 0.1183811 0.1886737 0.1393376 0.0885062 0.1167704 0.1083325 0.1139698 0.1306814 0.1221962 0.1286175 0.1030679 0.1118960 0.1657165 0.1258447 0.1263569 0.1416361 0.1316191 0.1296786 0.1092090 0.1364376 0.1352787 0.1035995 0.1267559 0.1447782 0.1129842 0.1463375 0.1086990 0.1400185 0.1239052 0.1321809 0.1485737 0.0661776 0.1328626 0.2124841 0.1133506 0.1075346 0.1493774 0.1016498 
