118
S0055      0.0000000 0.1035477 0.1665720 0.0793730 0.1667730 0.1359837 0.1055324 0.0861380 0.1485138 0.1606890 0.1656705 0.1378233 0.1502527 0.1497974 0.1295738 0.1419108 0.1486873 0.0868403 0.0794182 0.0760361 0.1200805 0.1267495 0.0945469 0.0862563 0.0999748 0.1509803 0.1236047 0.1003333 0.1275330 0.1629695 0.1343003 0.0907275 0.0679224 0.1508995 0.1137047 0.1112297 0.1202298 0.0783299 0.1028731 0.1634825 0.1026922 0.1531293 0.0728088 0.1048510 0.0923607 0.0812011 0.0900430 0.0963347 0.0875264 0.1007368 0.1235964 0.1642643 0.1152183 0.1023552 0.1179792 0.1042523 0.1022807 0.1068591 0.1090677 0.1297175 0.1071372 0.1682685 0.1483415 0.1399659 0.0857279 0.0877556 0.0940713 0.0883010 0.1119866 0.1452472 0.0924595 0.1257704 0.0743507 0.1053992 0.1089005 0.1247559 0.1092123 0.1109729 0.1446416 0.1066850 0.1534893 0.1610624 0.1730223 0.1372889 0.0703418 0.1296071 0.1011407 0.0814811 0.0673634 0.0707333 0.1114644 0.0653775 0.1112633 0.1078940 0.1442896 0.0898450 0.0966942 0.1442505 0.1010287 0.1311540 0.0722249 0.1016134 0.1059551 0.0760558 0.1512679 0.0947256 0.1148662 0.1000170 0.1030671 0.1422415 0.1275529 0.1236925 0.0852750 0.0956283 0.0891458 0.1074703 0.0896763 0.0931180 
S0196sl    0.1035477 0.0000000 0.1242057 0.0788923 0.1288120 0.0943294 0.1046875 0.0983479 0.1768502 0.1402625 0.1286470 0.1186288 0.1121454 0.0931483 0.1322678 0.1342872 0.1172031 0.1262608 0.0840627 0.0947074 0.1413915 0.0839181 0.0145090 0.1430046 0.0875120 0.1162299 0.0943245 0.1151749 0.1297737 0.1353635 0.0995923 0.0873162 0.0863807 0.1048816 0.0859573 0.0864384 0.1293248 0.0876808 0.0592035 0.1276540 0.1139108 0.1200402 0.0747681 0.1132902 0.0166689 0.0894136 0.0105518 0.0145428 0.0956210 0.0567832 0.0855992 0.1266966 0.0937178 0.1135942 0.0767967 0.1155203 0.1140972 0.1222577 0.1215870 0.1737442 0.0733114 0.1576877 0.1230024 0.0982599 0.0910985 0.0915224 0.0166378 0.0966071 0.1089119 0.1132947 0.1401306 0.1238504 0.0903811 0.1344945 0.1174627 0.0873814 0.0790382 0.0783383 0.1174717 0.0844827 0.1163650 0.1293313 0.1426608 0.1173330 0.0891368 0.1110677 0.1015010 0.0956722 0.0895626 0.1327176 0.1095389 0.0945993 0.1105386 0.0989127 0.1037965 0.1168957 0.0190094 0.1251852 0.0761467 0.0985978 0.0874800 0.1108969 0.1003534 0.0845552 0.1071108 0.1091969 0.0909592 0.0992145 0.1211401 0.1259590 0.1155680 0.0966305 0.1077259 0.1186452 0.0557329 0.1058141 0.1259133 0.1037587 
S0278      0.1665720 0.1242057 0.0000000 0.1258502 0.1794643 0.0654317 0.1404223 0.1571788 0.2082300 0.0676530 0.1962136 0.0648997 0.1678841 0.0662377 0.1720076 0.2070072 0.1680993 0.1677717 0.1410520 0.1501797 0.1595007 0.0611739 0.1298292 0.1672552 0.0556950 0.1634927 0.0751162 0.1653606 0.1447361 0.1686280 0.0440742 0.1536057 0.1380748 0.0473941 0.0883793 0.0899856 0.1828421 0.1437482 0.1518186 0.1809083 0.1498515 0.1712785 0.1372097 0.1574722 0.1248906 0.1553223 0.1257526 0.1253343 0.1745425 0.1444254 0.0968774 0.1677872 0.0898640 0.1396194 0.1379218 0.1596113 0.1744173 0.1709270 0.1760553 0.2082902 0.1628878 0.1974293 0.1544861 0.1466024 0.1592616 0.1593212 0.1269254 0.1604553 0.1732513 0.1516041 0.1771249 0.1623818 0.1398814 0.2024164 0.1793538 0.0626575 0.0860431 0.0886181 0.1608345 0.1031151 0.0794408 0.1623654 0.1818057 0.1606883 0.1443317 0.1833755 0.1409978 0.1444306 0.1386141 0.2019386 0.1712483 0.1383865 0.1551003 0.1537192 0.0650282 0.1772794 0.1280960 0.0736861 0.1526625 0.1040435 0.1444120 0.1464401 0.1614969 0.1455106 0.0834407 0.1734549 0.1070273 0.1494060 0.1578469 0.1943607 0.1686417 0.0882346 0.1512107 0.1362995 0.1206542 0.1711784 0.1757873 0.1392521 
S0282      0.0793730 0.0788923 0.1258502 0.0000000 0.1402268 0.1067966 0.0936375 0.0297925 0.1231834 0.1385554 0.1522555 0.1094502 0.1167066 0.1158863 0.1228605 0.1536812 0.1198765 0.1017678 0.0204857 0.0299137 0.0979844 0.0987612 0.0758373 0.0974679 0.0870801 0.1213094 0.0842326 0.1088930 0.1038670 0.1373913 0.1056918 0.0528894 0.0208827 0.1208590 0.0807750 0.0884136 0.0977458 0.0179308 0.0985923 0.1354584 0.0756889 0.1287768 0.0222386 0.1114193 0.0755465 0.0234858 0.0715248 0.0757667 0.1028384 0.0929846 0.0941286 0.1318438 0.0807900 0.0997905 0.0971885 0.1171185 0.1150285 0.1260420 0.1240529 0.1219787 0.1032953 0.1314900 0.1274747 0.1048455 0.1035460 0.1056718 0.0772084 0.1058417 0.1081486 0.1225563 0.0776023 0.1062991 0.0204390 0.1001886 0.1077580 0.0913321 0.0865311 0.0891358 0.1160647 0.0878514 0.1104635 0.1325360 0.1409728 0.1095336 0.0250735 0.1225361 0.0870538 0.0234373 0.0191564 0.0953702 0.1084148 0.0474339 0.1069640 0.0997408 0.1150389 0.0799764 0.0800090 0.1510827 0.0954669 0.1033701 0.0178998 0.0972538 0.1021396 0.0221426 0.1086783 0.0617648 0.0956470 0.0570683 0.0782096 0.1336956 0.1167744 0.0957330 0.1027056 0.0951837 0.0818199 0.1097495 0.0898055 0.0833036 
S0288      0.1667730 0.1288120 0.1794643 0.1402268 0.0000000 0.1725308 0.1883701 0.1602991 0.2425225 0.1837178 0.1385194 0.1763343 0.0116986 0.1733410 0.2147288 0.2594365 0.0153025 0.1921487 0.1589867 0.1700862 0.2096311 0.1680091 0.1326788 0.2057407 0.1346926 0.0097500 0.1747142 0.2064267 0.1974138 0.1273709 0.1742906 0.1730366 0.1433020 0.1962301 0.1407456 0.1589136 0.1932913 0.1439993 0.1654543 0.0274705 0.1783702 0.0153069 0.1542268 0.1931173 0.1206883 0.1743483 0.1213728 0.1238126 0.1938260 0.1698663 0.1411989 0.1224482 0.1501484 0.1920196 0.0562015 0.2027539 0.2077833 0.2031361 0.2181490 0.2112939 0.1533199 0.2280804 0.0963773 0.1104924 0.1765718 0.1847514 0.1235174 0.1918352 0.2157889 0.0964081 0.1958151 0.2009229 0.1443492 0.2236511 0.1896552 0.1637867 0.1570342 0.1517702 0.0114327 0.1581236 0.1869218 0.1284521 0.0215631 0.0233003 0.1594859 0.2234886 0.1694323 0.1528062 0.1490775 0.1659628 0.1747715 0.1482893 0.2025122 0.2061349 0.1820775 0.1938698 0.1274205 0.2113757 0.1416135 0.1707648 0.1438571 0.1911978 0.1894468 0.1505892 0.1829964 0.1823134 0.1557042 0.1696256 0.1696073 0.2340331 0.2005226 0.1722446 0.1697434 0.1916150 0.1274397 0.1959663 0.2014349 0.1706564 
S0289      0.1359837 0.0943294 0.0654317 0.1067966 0.1725308 0.0000000 0.1112113 0.1324937 0.1745497 0.0595882 0.1631423 0.0508142 0.1496269 0.0606991 0.1389520 0.1712309 0.1502384 0.1548935 0.1260752 0.1232199 0.1635850 0.0470146 0.0989368 0.1458189 0.0513825 0.1480584 0.0663957 0.1501468 0.1546706 0.1470879 0.0387863 0.1280582 0.1079199 0.0489380 0.0880059 0.0683331 0.1636881 0.1216764 0.1261232 0.1539888 0.1394151 0.1578921 0.1163178 0.1431276 0.0984580 0.1280519 0.0983453 0.0987674 0.1478374 0.1197182 0.0860762 0.1597083 0.0777997 0.1257233 0.1246692 0.1472323 0.1661605 0.1517296 0.1595217 0.1928470 0.1379062 0.1842275 0.1424438 0.1245330 0.1356878 0.1361301 0.0982991 0.1491007 0.1512371 0.1350168 0.1543587 0.1277064 0.1190293 0.1580411 0.1554697 0.0352305 0.0632945 0.0682633 0.1457877 0.0910120 0.0577039 0.1516708 0.1703967 0.1504317 0.1203891 0.1443134 0.1113191 0.1230113 0.1153760 0.1725049 0.1387109 0.1121489 0.1197437 0.1239732 0.0483835 0.1490522 0.1033613 0.0700606 0.1290339 0.0766802 0.1212505 0.1139281 0.1303304 0.1264260 0.0497176 0.1485744 0.0912281 0.1298392 0.1413816 0.1630941 0.1324349 0.0764914 0.1298020 0.1225525 0.1047306 0.1343848 0.1502621 0.1208677 
S0292      0.1055324 0.1046875 0.1404223 0.0936375 0.1883701 0.1112113 0.0000000 0.1132030 0.1620330 0.1430607 0.1606523 0.1276587 0.1598754 0.1180666 0.1139125 0.1144847 0.1580511 0.1236255 0.1038768 0.1081992 0.1394093 0.1102809 0.1002736 0.1172883 0.0795647 0.1606674 0.0993379 0.1063783 0.1369328 0.1616923 0.1038576 0.1135970 0.0957738 0.1233871 0.1092626 0.0948608 0.1381446 0.1011970 0.1160784 0.1709442 0.1222389 0.1626555 0.0891803 0.1007695 0.0999624 0.1057170 0.0982638 0.1040991 0.0865346 0.1121322 0.1072588 0.1600859 0.1027785 0.0770684 0.1261459 0.1079517 0.1078032 0.1092947 0.1196128 0.1629249 0.1426408 0.1692380 0.1426144 0.1301435 0.0924844 0.0966078 0.0961360 0.0887193 0.1076492 0.1354157 0.1265143 0.0515298 0.0919328 0.1473419 0.1105992 0.0929451 0.0934727 0.0958181 0.1516811 0.0961211 0.1191688 0.1588083 0.1863669 0.1530003 0.0979060 0.1047803 0.0235000 0.0994359 0.0968452 0.1336488 0.0422165 0.0872674 0.0312839 0.0173498 0.1135001 0.1261196 0.1070313 0.1400886 0.1303991 0.1016864 0.0987365 0.0497585 0.0866859 0.1004833 0.1247383 0.1244470 0.1007709 0.1032016 0.1221667 0.1112483 0.1148140 0.1041201 0.0870110 0.0709813 0.0890228 0.1000889 0.1115880 0.0675256 
S0293      0.0861380 0.0983479 0.1571788 0.0297925 0.1602991 0.1324937 0.1132030 0.0000000 0.1323532 0.1688884 0.1871123 0.1357056 0.1483700 0.1481544 0.1384813 0.1536325 0.1540275 0.1077756 0.0298649 0.0436177 0.0956654 0.1323526 0.0940869 0.1056232 0.0971232 0.1566219 0.1194990 0.1230557 0.1178120 0.1769251 0.1294951 0.0657246 0.0320655 0.1512786 0.1113651 0.1202826 0.1102724 0.0255883 0.1108474 0.1721927 0.0867706 0.1564033 0.0335422 0.1216463 0.0936978 0.0331192 0.0915186 0.0939931 0.1182676 0.1047882 0.1268760 0.1701697 0.1198542 0.1188639 0.1257966 0.1299344 0.1296316 0.1397606 0.1375798 0.1362292 0.1114316 0.1566643 0.1573635 0.1352585 0.1066553 0.1089336 0.0954977 0.1173663 0.1203768 0.1545749 0.0883555 0.1186514 0.0332104 0.1136322 0.1216406 0.1196184 0.1181136 0.1231569 0.1497205 0.1113719 0.1460802 0.1682657 0.1734882 0.1420886 0.0382022 0.1406442 0.1056571 0.0398725 0.0318101 0.1047002 0.1324867 0.0540134 0.1194714 0.1200836 0.1443695 0.0952389 0.0985520 0.1717794 0.1030429 0.1258254 0.0271968 0.1028681 0.1177836 0.0350563 0.1415091 0.0731854 0.1240127 0.0683003 0.0826768 0.1521141 0.1321090 0.1293001 0.1097934 0.1115994 0.0948792 0.1239169 0.0977470 0.1070750 
S0294      0.1485138 0.1768502 0.2082300 0.1231834 0.2425225 0.1745497 0.1620330 0.1323532 0.0000000 0.2199925 0.2444813 0.1916031 0.2049795 0.1997371 0.1996955 0.2329447 0.2163333 0.1488226 0.1321093 0.1381065 0.1635857 0.1915603 0.1682855 0.1559755 0.1587424 0.2145698 0.1686572 0.1640574 0.1724423 0.2341246 0.1757949 0.1442503 0.1198108 0.1881181 0.1786909 0.1687671 0.1616644 0.1238590 0.1801221 0.2173932 0.1341773 0.2124457 0.1202760 0.1651791 0.1605061 0.1362451 0.1499488 0.1656135 0.1571882 0.1783219 0.1907066 0.2279017 0.1814485 0.1689612 0.1857717 0.1743553 0.1737373 0.1813544 0.1822377 0.1043029 0.1684070 0.2184948 0.2188847 0.2169258 0.1629094 0.1670441 0.1556454 0.1653183 0.1606589 0.2146966 0.1295896 0.1614754 0.1339419 0.1432224 0.1786558 0.1842650 0.1712437 0.1788296 0.2089574 0.1778024 0.1850405 0.2312657 0.2536345 0.1970873 0.1357218 0.1948992 0.1722428 0.1380968 0.1231226 0.1757016 0.1712135 0.1232081 0.1823644 0.1753273 0.1935708 0.1440542 0.1673033 0.1900525 0.1679918 0.1774133 0.1199023 0.1689129 0.1756686 0.1303292 0.1892254 0.1377513 0.1839605 0.1447951 0.1533943 0.2025849 0.1881190 0.1737969 0.1594874 0.1699162 0.1711027 0.1783878 0.1489196 0.1595915 
S0299      0.1606890 0.1402625 0.0676530 0.1385554 0.1837178 0.0595882 0.1430607 0.1688884 0.2199925 0.0000000 0.1940380 0.0605716 0.1640690 0.0858091 0.1723724 0.1952707 0.1618588 0.1592855 0.1616600 0.1588689 0.1836044 0.0579376 0.1298855 0.1563495 0.0679987 0.1597875 0.0842002 0.1708867 0.1693735 0.1736151 0.0561926 0.1598394 0.1407300 0.0680578 0.0999251 0.0970360 0.1924723 0.1575631 0.1732845 0.1720947 0.1690185 0.1700957 0.1506085 0.1657969 0.1337734 0.1690941 0.1323627 0.1342593 0.1734343 0.1706166 0.1003862 0.1780400 0.0996891 0.1401955 0.1449702 0.1675027 0.1869969 0.1701663 0.1792316 0.1933706 0.1658575 0.2096276 0.1547379 0.1493332 0.1631592 0.1670953 0.1358558 0.1630862 0.1774144 0.1518514 0.1708206 0.1627653 0.1482773 0.1822096 0.1840364 0.0631266 0.0883428 0.0888743 0.1597352 0.1112972 0.0761587 0.1699206 0.1858797 0.1595909 0.1576364 0.1868625 0.1436482 0.1529259 0.1445692 0.2006351 0.1642622 0.1302986 0.1585954 0.1514857 0.0729222 0.1789623 0.1371404 0.1021089 0.1554220 0.1045213 0.1556636 0.1489932 0.1669130 0.1546625 0.0749641 0.1836176 0.1152427 0.1532625 0.1796010 0.1987368 0.1650310 0.1093257 0.1624770 0.1330447 0.1299423 0.1715775 0.1765446 0.1450461 
S0308      0.1656705 0.1286470 0.1962136 0.1522555 0.1385194 0.1631423 0.1606523 0.1871123 0.2444813 0.1940380 0.0000000 0.1900461 0.1159836 0.1773398 0.2004631 0.3033912 0.1154999 0.2003183 0.1619752 0.1673172 0.2376817 0.1657303 0.1283644 0.2151333 0.1580533 0.1145261 0.1571880 0.1908497 0.1993107 0.1478254 0.1701134 0.1676291 0.1552504 0.1870516 0.1548711 0.1578249 0.1959749 0.1659816 0.1506485 0.1249560 0.1769644 0.1243977 0.1590046 0.1765745 0.1217570 0.1664949 0.1223703 0.1135048 0.1765033 0.1609628 0.1502105 0.1194546 0.1448076 0.1855730 0.0769199 0.1834034 0.2003299 0.1849988 0.2000323 0.2374739 0.1653282 0.2305963 0.1154271 0.1117508 0.1886239 0.1903901 0.1235675 0.1685197 0.2142307 0.1087271 0.2022201 0.1789514 0.1600468 0.2045547 0.1829411 0.1513894 0.1543712 0.1583438 0.1157341 0.1541722 0.1816233 0.1448787 0.1409980 0.1150984 0.1551339 0.2041205 0.1532221 0.1598604 0.1587160 0.1989822 0.1718880 0.1558355 0.1655977 0.1656587 0.1843527 0.1860462 0.1294182 0.2206710 0.1560982 0.1717121 0.1606236 0.1676998 0.1843096 0.1625842 0.1817148 0.1805245 0.1627329 0.1643293 0.1841109 0.2034252 0.1913743 0.1712885 0.1685787 0.1794076 0.1253837 0.1960434 0.1989237 0.1682894 
S0320      0.1378233 0.1186288 0.0648997 0.1094502 0.1763343 0.0508142 0.1276587 0.1357056 0.1916031 0.0605716 0.1900461 0.0000000 0.1593841 0.0724937 0.1421687 0.1807785 0.1544511 0.1513341 0.1270381 0.1315884 0.1658957 0.0522443 0.1120614 0.1518826 0.0615128 0.1571567 0.0798391 0.1624204 0.1481834 0.1628707 0.0464056 0.1431278 0.1160148 0.0507588 0.0922426 0.0886891 0.1863015 0.1214220 0.1508617 0.1647360 0.1405294 0.1626092 0.1196669 0.1565523 0.1111469 0.1368539 0.1144906 0.1143217 0.1624338 0.1395837 0.0967338 0.1703668 0.0984446 0.1258097 0.1308597 0.1697936 0.1786175 0.1653448 0.1716948 0.1800951 0.1507706 0.1796696 0.1451763 0.1537074 0.1596779 0.1613913 0.1160480 0.1531271 0.1672564 0.1421521 0.1673945 0.1500807 0.1215134 0.1784760 0.1668811 0.0499391 0.0794734 0.0797009 0.1548888 0.1057221 0.0693157 0.1596867 0.1765258 0.1547369 0.1281460 0.1604298 0.1261392 0.1286894 0.1168199 0.1666552 0.1522995 0.1185258 0.1482443 0.1388126 0.0515217 0.1623004 0.1171804 0.0739405 0.1421786 0.0938649 0.1271607 0.1317173 0.1346408 0.1273883 0.0718074 0.1563799 0.1033464 0.1316407 0.1574534 0.1853058 0.1557757 0.1022965 0.1462959 0.1176326 0.1165592 0.1477887 0.1616033 0.1199380 
S0322      0.1502527 0.1121454 0.1678841 0.1167066 0.0116986 0.1496269 0.1598754 0.1483700 0.2049795 0.1640690 0.1159836 0.1593841 0.0000000 0.1492937 0.1890408 0.2491655 0.0057836 0.1747432 0.1300432 0.1411799 0.1980539 0.1423452 0.1146384 0.1852913 0.1295396 0.0014685 0.1424593 0.1756131 0.1616845 0.1056799 0.1515843 0.1383544 0.1184524 0.1708134 0.1248712 0.1334448 0.1620335 0.1275769 0.1419723 0.0132668 0.1584410 0.0087532 0.1260431 0.1643598 0.1080322 0.1384592 0.1040819 0.1083690 0.1637587 0.1455178 0.1215484 0.1032374 0.1271389 0.1708813 0.0418784 0.1755677 0.1765530 0.1819621 0.1868642 0.2018230 0.1342849 0.1858570 0.0828108 0.0855938 0.1644501 0.1697104 0.1059480 0.1628452 0.1732087 0.0822217 0.1724037 0.1676809 0.1278536 0.1813347 0.1687777 0.1352973 0.1300431 0.1326273 0.0028834 0.1357398 0.1561017 0.1017167 0.0138917 0.0116996 0.1254281 0.1952512 0.1452462 0.1298094 0.1224002 0.1493393 0.1650161 0.1345494 0.1660273 0.1696794 0.1579289 0.1618392 0.1130316 0.2214098 0.1256940 0.1508719 0.1182756 0.1566249 0.1699440 0.1260499 0.1530649 0.1460534 0.1351597 0.1400789 0.1442251 0.2045530 0.1751600 0.1478619 0.1597085 0.1673376 0.1071157 0.1741910 0.1647101 0.1519288 
S0327      0.1497974 0.0931483 0.0662377 0.1158863 0.1733410 0.0606991 0.1180666 0.1481544 0.1997371 0.0858091 0.1773398 0.0724937 0.1492937 0.0000000 0.1447187 0.1580617 0.1542749 0.1635281 0.1311842 0.1326391 0.1799988 0.0582199 0.0975811 0.1649213 0.0394361 0.1499103 0.0616265 0.1569949 0.1625759 0.1546083 0.0527743 0.1376833 0.1198904 0.0544558 0.0788212 0.0686602 0.1692238 0.1312752 0.1269268 0.1650743 0.1555255 0.1597280 0.1211648 0.1545292 0.0996105 0.1374590 0.0998240 0.0999218 0.1531076 0.1175870 0.0729998 0.1569633 0.0709173 0.1319241 0.1194468 0.1629819 0.1692989 0.1733660 0.1709765 0.2053801 0.1403233 0.1919141 0.1440883 0.1337499 0.1518215 0.1523199 0.1013965 0.1470071 0.1431665 0.1366407 0.1656396 0.1385246 0.1241873 0.1944579 0.1509212 0.0510719 0.0654577 0.0686069 0.1456625 0.0856186 0.0739250 0.1570279 0.1772933 0.1499868 0.1255298 0.1564972 0.1181784 0.1281810 0.1205380 0.1764710 0.1381767 0.1221640 0.1286560 0.1309354 0.0664023 0.1678998 0.1067774 0.0648488 0.1315002 0.0822524 0.1282866 0.1311321 0.1355520 0.1294929 0.0726030 0.1560579 0.0876146 0.1300587 0.1568156 0.1713969 0.1380920 0.0723921 0.1354944 0.1287633 0.1118382 0.1439646 0.1641257 0.1249033 
S0335      0.1295738 0.1322678 0.1720076 0.1228605 0.2147288 0.1389520 0.1139125 0.1384813 0.1996955 0.1723724 0.2004631 0.1421687 0.1890408 0.1447187 0.0000000 0.0955023 0.1869412 0.1556936 0.1292166 0.1361862 0.1597205 0.1351053 0.1225767 0.1348200 0.1324355 0.1907384 0.1361254 0.1342479 0.1462610 0.2003400 0.1331600 0.1427227 0.1272203 0.1493045 0.1411203 0.1224302 0.1635123 0.1290022 0.1529463 0.1970587 0.1476237 0.1945440 0.1240196 0.1332786 0.1221012 0.1333416 0.1223382 0.1267064 0.1423873 0.1483321 0.1383377 0.1881849 0.1255474 0.1074676 0.1513446 0.1395997 0.1578399 0.1464622 0.1542544 0.2063135 0.1574094 0.1908260 0.1726180 0.1748835 0.1391299 0.1364449 0.1177846 0.1247510 0.1099048 0.1668794 0.1554343 0.1212540 0.1269594 0.1634396 0.1412219 0.1203716 0.1248001 0.1295623 0.1848209 0.1379722 0.1411083 0.1914742 0.2195003 0.1858367 0.1268125 0.0833256 0.1049053 0.1310437 0.1237639 0.1572733 0.1273431 0.1152358 0.1130525 0.1183643 0.1410806 0.1450135 0.1301418 0.1595776 0.1479573 0.1358169 0.1267213 0.1010589 0.0665572 0.1202674 0.1526341 0.1460686 0.1301923 0.1395710 0.1405495 0.0854965 0.0356523 0.1364110 0.1280354 0.1114392 0.1319654 0.0664309 0.1691050 0.1031693 
S0345      0.1419108 0.1342872 0.2070072 0.1536812 0.2594365 0.1712309 0.1144847 0.1536325 0.2329447 0.1952707 0.3033912 0.1807785 0.2491655 0.1580617 0.0955023 0.0000000 0.2510333 0.1699175 0.1473557 0.1631831 0.1813701 0.1611607 0.1281549 0.1831071 0.1336215 0.2516530 0.1908827 0.1763947 0.1478084 0.2607623 0.1590617 0.1490416 0.1731102 0.1557405 0.1543865 0.1391989 0.1661016 0.1353280 0.1283861 0.2585748 0.1387233 0.2588310 0.1432546 0.1701348 0.1281549 0.1550691 0.1281549 0.1340281 0.1380494 0.1039042 0.1601755 0.2320919 0.1661200 0.1243759 0.2016551 0.1938535 0.1786650 0.1746251 0.1776551 0.2179164 0.1239548 0.2518390 0.2185046 0.2653353 0.1345935 0.1426234 0.1408567 0.1481214 0.1369886 0.2193905 0.1507384 0.1283020 0.1397858 0.1516627 0.1767388 0.1438179 0.1532281 0.1532281 0.2605814 0.1515633 0.1657233 0.2461221 0.2806376 0.2588310 0.1687661 0.0246647 0.1046369 0.1457606 0.1622402 0.1495479 0.1166744 0.1091759 0.1339310 0.1091359 0.1738183 0.1612304 0.1352357 0.1910009 0.1239548 0.1446961 0.1650480 0.1384225 0.0727479 0.1492644 0.1891537 0.1548598 0.1388225 0.1327594 0.1452248 0.0336079 0.0988637 0.1526227 0.1301624 0.1370826 0.1700261 0.0778553 0.1651548 0.1122549 
S0355      0.1486873 0.1172031 0.1680993 0.1198765 0.0153025 0.1502384 0.1580511 0.1540275 0.2163333 0.1618588 0.1154999 0.1544511 0.0057836 0.1542749 0.1869412 0.2510333 0.0000000 0.1775255 0.1309213 0.1440077 0.1987756 0.1431004 0.1177819 0.1852276 0.1288641 0.0072734 0.1460450 0.1782329 0.1665287 0.1110552 0.1548116 0.1433240 0.1218570 0.1709894 0.1265018 0.1343612 0.1625046 0.1332294 0.1405985 0.0189402 0.1569776 0.0144254 0.1293629 0.1695109 0.1093736 0.1391705 0.1055140 0.1097081 0.1692698 0.1461432 0.1256224 0.1070040 0.1287386 0.1687649 0.0475782 0.1756439 0.1858799 0.1824489 0.1893111 0.2091942 0.1372717 0.1905051 0.0865817 0.0874219 0.1647565 0.1699084 0.1073240 0.1653740 0.1755750 0.0842346 0.1679482 0.1732398 0.1308761 0.1789447 0.1725385 0.1383207 0.1310291 0.1336063 0.0085550 0.1372359 0.1565867 0.1071332 0.0198276 0.0173533 0.1284794 0.1954975 0.1459373 0.1327991 0.1255207 0.1477839 0.1628628 0.1335529 0.1640599 0.1676063 0.1583702 0.1599903 0.1165581 0.2197994 0.1267163 0.1543434 0.1217314 0.1548885 0.1683511 0.1291071 0.1536041 0.1444638 0.1386989 0.1429811 0.1470587 0.2046148 0.1734120 0.1463160 0.1601122 0.1653229 0.1088084 0.1748062 0.1695325 0.1503080 
S0376      0.0868403 0.1262608 0.1677717 0.1017678 0.1921487 0.1548935 0.1236255 0.1077756 0.1488226 0.1592855 0.2003183 0.1513341 0.1747432 0.1635281 0.1556936 0.1699175 0.1775255 0.0000000 0.1021620 0.0966343 0.1377449 0.1369688 0.1133195 0.0521580 0.1130398 0.1809218 0.1335944 0.1179193 0.1478950 0.1940412 0.1526524 0.1012463 0.0877271 0.1636950 0.1290734 0.1312487 0.1238868 0.0994798 0.1306588 0.1972447 0.1227228 0.1825503 0.0910667 0.1229997 0.1139548 0.1022263 0.1139560 0.1184662 0.1121027 0.1296714 0.1266506 0.1888751 0.1371745 0.1145919 0.1539176 0.1299155 0.1320942 0.1353215 0.1286651 0.1427411 0.1199867 0.1776779 0.1824859 0.1657983 0.1127274 0.1152815 0.1158352 0.1110846 0.1220524 0.1812166 0.1148320 0.1366852 0.0965777 0.1187727 0.1233177 0.1421297 0.1246821 0.1294856 0.1754403 0.1211216 0.1625844 0.1744341 0.1987220 0.1693752 0.1018984 0.1472651 0.1134115 0.1044978 0.0889228 0.1026565 0.1241233 0.0832237 0.1339155 0.1262916 0.1562077 0.1045530 0.1196011 0.1651628 0.1180204 0.1450547 0.0970546 0.1179819 0.1271040 0.1006010 0.1627737 0.1034508 0.1281642 0.1025721 0.1208152 0.1532836 0.1637585 0.1455025 0.1120253 0.1031754 0.1144194 0.1341954 0.0666693 0.1095740 
S0400      0.0794182 0.0840627 0.1410520 0.0204857 0.1589867 0.1260752 0.1038768 0.0298649 0.1321093 0.1616600 0.1619752 0.1270381 0.1300432 0.1311842 0.1292166 0.1473557 0.1309213 0.1021620 0.0000000 0.0299335 0.1006463 0.1172998 0.0923715 0.1015404 0.0901809 0.1370032 0.1057531 0.1068534 0.1100432 0.1523479 0.1247356 0.0582717 0.0209183 0.1364448 0.0924219 0.1023673 0.0978908 0.0134224 0.0967721 0.1470475 0.0799183 0.1394160 0.0222761 0.1095380 0.0846262 0.0174933 0.0806625 0.0848762 0.0988467 0.0911829 0.1122306 0.1455177 0.1040544 0.1036231 0.1074239 0.1150358 0.1109135 0.1218602 0.1219249 0.1274965 0.1052864 0.1489725 0.1431149 0.1219444 0.1015571 0.1036688 0.0863115 0.1019531 0.1062967 0.1379225 0.0796082 0.1131825 0.0204591 0.1055556 0.1018283 0.1095572 0.1004085 0.1040847 0.1311873 0.0980048 0.1341436 0.1472932 0.1532925 0.1243381 0.0251151 0.1218574 0.0969935 0.0234603 0.0207152 0.0978280 0.1153958 0.0458028 0.1115605 0.1101969 0.1344420 0.0837684 0.0892868 0.1694127 0.0974190 0.1220430 0.0148028 0.1036553 0.1021232 0.0206453 0.1235574 0.0584113 0.1077729 0.0606264 0.0819881 0.1333963 0.1229675 0.1102117 0.1007338 0.0989495 0.0820653 0.1097314 0.0900044 0.0907276 
S0405      0.0760361 0.0947074 0.1501797 0.0299137 0.1700862 0.1232199 0.1081992 0.0436177 0.1381065 0.1588689 0.1673172 0.1315884 0.1411799 0.1326391 0.1361862 0.1631831 0.1440077 0.0966343 0.0299335 0.0000000 0.1121276 0.1126321 0.0944862 0.0960871 0.1044899 0.1461556 0.1059290 0.1085535 0.1204522 0.1583137 0.1260882 0.0584367 0.0162736 0.1370676 0.0990508 0.1005991 0.1060880 0.0292036 0.0950880 0.1607334 0.0915252 0.1483960 0.0270107 0.1139934 0.0903788 0.0346251 0.0864445 0.0906480 0.1012234 0.0895068 0.1106139 0.1498511 0.1024461 0.1079344 0.1136690 0.1215242 0.1133684 0.1243605 0.1195304 0.1289891 0.1036069 0.1516230 0.1453291 0.1212875 0.1032295 0.1079804 0.0920825 0.1062471 0.1107570 0.1400997 0.0797838 0.1178630 0.0300079 0.1084529 0.1100870 0.1070074 0.0986459 0.1002314 0.1400025 0.0963767 0.1354888 0.1479042 0.1655682 0.1329676 0.0204821 0.1271491 0.1011829 0.0331207 0.0145712 0.1000424 0.1210167 0.0474228 0.1180056 0.1146158 0.1357722 0.0876694 0.0951765 0.1721395 0.0957542 0.1163739 0.0227557 0.1118477 0.1026855 0.0268926 0.1290662 0.0566831 0.1061654 0.0642636 0.0874606 0.1358222 0.1297367 0.1083971 0.1010923 0.1031692 0.0853939 0.1121834 0.0866595 0.0948144 
S0412sl    0.1200805 0.1413915 0.1595007 0.0979844 0.2096311 0.1635850 0.1394093 0.0956654 0.1635857 0.1836044 0.2376817 0.1658957 0.1980539 0.1799988 0.1597205 0.1813701 0.1987756 0.1377449 0.1006463 0.1121276 0.0000000 0.1629610 0.1303844 0.1185070 0.1409494 0.1969036 0.1519811 0.1650883 0.1197208 0.2288165 0.1479683 0.1272402 0.1078816 0.1788672 0.1461940 0.1444343 0.1341257 0.1042812 0.1448828 0.2107727 0.0607362 0.2021222 0.1062995 0.1508355 0.1214733 0.1187190 0.1222661 0.1297972 0.1537324 0.1418039 0.1546279 0.2031721 0.1455775 0.1548821 0.1656130 0.1583220 0.1708736 0.1610553 0.1725629 0.1247352 0.1427978 0.1961992 0.2066647 0.1855154 0.1453802 0.1581702 0.1270272 0.1544069 0.1738876 0.2037997 0.1125899 0.1539933 0.1029041 0.1293274 0.1526860 0.1674648 0.1386461 0.1428418 0.1930236 0.1628567 0.1686848 0.2096016 0.2059348 0.1883161 0.1161796 0.1628177 0.1300574 0.1128744 0.0966142 0.1439777 0.1414878 0.0810817 0.1436422 0.1404920 0.1629710 0.1188926 0.1308831 0.1914074 0.1337162 0.1465870 0.1071055 0.1446780 0.1444379 0.1033064 0.1678925 0.1355654 0.1516874 0.1113375 0.1252217 0.1714537 0.1684888 0.1491031 0.1451163 0.1484896 0.1417515 0.1612141 0.1437252 0.1359638 
S0417      0.1267495 0.0839181 0.0611739 0.0987612 0.1680091 0.0470146 0.1102809 0.1323526 0.1915603 0.0579376 0.1657303 0.0522443 0.1423452 0.0582199 0.1351053 0.1611607 0.1431004 0.1369688 0.1172998 0.1126321 0.1629610 0.0000000 0.0995014 0.1503980 0.0510441 0.1378026 0.0566483 0.1477672 0.1385650 0.1521438 0.0465238 0.1220559 0.1023294 0.0533257 0.0753390 0.0618666 0.1554529 0.1105914 0.1320396 0.1559606 0.1359960 0.1528544 0.1059142 0.1433186 0.0972113 0.1233318 0.0969548 0.0975127 0.1423778 0.1253689 0.0677493 0.1510434 0.0710275 0.1184202 0.1151389 0.1525581 0.1599479 0.1524311 0.1545343 0.1863315 0.1318000 0.1746216 0.1330397 0.1204200 0.1369525 0.1373910 0.0989828 0.1372975 0.1459131 0.1258296 0.1500857 0.1217714 0.1045342 0.1669828 0.1465511 0.0316056 0.0569653 0.0596716 0.1390179 0.0799426 0.0634681 0.1522303 0.1698014 0.1388987 0.1119958 0.1421327 0.1015575 0.1083358 0.1031178 0.1570804 0.1265702 0.1063136 0.1227929 0.1210012 0.0444658 0.1467439 0.1042768 0.0706295 0.1231520 0.0751646 0.1124336 0.1209456 0.1325443 0.1136272 0.0531103 0.1418990 0.0822901 0.1095376 0.1477303 0.1625562 0.1300091 0.0700013 0.1310469 0.1153721 0.0995245 0.1409653 0.1452399 0.1135955 
S0419      0.0945469 0.0145090 0.1298292 0.0758373 0.1326788 0.0989368 0.1002736 0.0940869 0.1682855 0.1298855 0.1283644 0.1120614 0.1146384 0.0975811 0.1225767 0.1281549 0.1177819 0.1133195 0.0923715 0.0944862 0.1303844 0.0995014 0.0000000 0.1229810 0.0748147 0.1171185 0.0881711 0.1134703 0.1339191 0.1405073 0.0997744 0.0965986 0.0845786 0.1098678 0.0977628 0.0865279 0.1264646 0.0897078 0.0602570 0.1270411 0.1009782 0.1218284 0.0819521 0.1093924 0.0159228 0.0979107 0.0147142 0.0189412 0.1057212 0.0604223 0.0937142 0.1201478 0.0878205 0.1184862 0.0809852 0.1141769 0.1114108 0.1253587 0.1224728 0.1494117 0.0697500 0.1447854 0.1093254 0.1043289 0.1044070 0.1047210 0.0173857 0.0886234 0.1154319 0.1028477 0.1262124 0.1180066 0.0871917 0.1231194 0.1101521 0.0895125 0.0813964 0.0796498 0.1140411 0.0954690 0.1167389 0.1385743 0.1405085 0.1133562 0.0883747 0.1140299 0.0939825 0.0926870 0.0818058 0.1263216 0.1035718 0.0838147 0.1095107 0.1044282 0.1071750 0.1129621 0.0205969 0.1173543 0.0660698 0.1011799 0.0854540 0.1000315 0.0987731 0.0889367 0.1161340 0.1081804 0.0990534 0.1001278 0.1130276 0.1315611 0.1177402 0.0978778 0.0999506 0.1076025 0.0588988 0.1064545 0.1266268 0.0970979 
S0427      0.0862563 0.1430046 0.1672552 0.0974679 0.2057407 0.1458189 0.1172883 0.1056232 0.1559755 0.1563495 0.2151333 0.1518826 0.1852913 0.1649213 0.1348200 0.1831071 0.1852276 0.0521580 0.1015404 0.0960871 0.1185070 0.1503980 0.1229810 0.0000000 0.1193678 0.1887339 0.1311618 0.1125779 0.1404126 0.1969513 0.1489369 0.1144438 0.0914040 0.1593647 0.1418710 0.1396699 0.1286541 0.1028609 0.1347151 0.2041828 0.1228926 0.1901244 0.0926979 0.1172766 0.1184918 0.0995697 0.1125713 0.1228708 0.1098653 0.1322139 0.1413960 0.1999562 0.1432083 0.1027419 0.1646332 0.1159069 0.1178626 0.1207891 0.1226849 0.1335596 0.1368722 0.1743452 0.1902274 0.1719455 0.1001932 0.1004918 0.1163383 0.1025823 0.1128823 0.1865640 0.1012035 0.1338125 0.0980066 0.1264510 0.1243925 0.1441260 0.1332556 0.1412801 0.1785057 0.1276244 0.1498376 0.1925423 0.2016362 0.1725666 0.1012182 0.1436067 0.1118195 0.1056377 0.0925568 0.1149837 0.1188989 0.0774229 0.1270153 0.1156853 0.1457789 0.1178947 0.1231755 0.1753531 0.1324218 0.1600508 0.0945689 0.1160331 0.1243384 0.0980093 0.1608926 0.1168345 0.1376766 0.1138996 0.1164654 0.1514586 0.1469111 0.1463665 0.1059434 0.0941048 0.1234492 0.1240098 0.0567262 0.0983784 
S0428sl    0.0999748 0.0875120 0.0556950 0.0870801 0.1346926 0.0513825 0.0795647 0.0971232 0.1587424 0.0679987 0.1580533 0.0615128 0.1295396 0.0394361 0.1324355 0.1336215 0.1288641 0.1130398 0.0901809 0.1044899 0.1409494 0.0510441 0.0748147 0.1193678 0.0000000 0.1299083 0.0478494 0.1247474 0.1255573 0.1439046 0.0400902 0.1045598 0.0983326 0.0450411 0.0508208 0.0530943 0.1186259 0.0842587 0.1014023 0.1445509 0.1131086 0.1323652 0.0876147 0.1214655 0.0714927 0.1096039 0.0687943 0.0715023 0.1215563 0.0846948 0.0567151 0.1346787 0.0559203 0.0743474 0.0978716 0.1415779 0.1350540 0.1278939 0.1335946 0.1735431 0.0999228 0.1760829 0.1028676 0.1268635 0.1151269 0.1152764 0.0804189 0.1059419 0.1205845 0.1061851 0.1202859 0.1184121 0.0837284 0.1441643 0.1248261 0.0398204 0.0508976 0.0505324 0.1293006 0.0651493 0.0648382 0.1214172 0.1418813 0.1288641 0.1002308 0.1284127 0.0859020 0.0958277 0.0947148 0.1202921 0.1099240 0.0763364 0.1038799 0.0915496 0.0587749 0.1313651 0.0718137 0.0652156 0.0999228 0.0509803 0.0985017 0.1008879 0.1037006 0.0939153 0.0564686 0.1212822 0.0649812 0.0976916 0.1142364 0.1387064 0.1162963 0.0562889 0.0973840 0.0832306 0.0966600 0.1134361 0.1251732 0.0773926 
S0430      0.1509803 0.1162299 0.1634927 0.1213094 0.0097500 0.1480584 0.1606674 0.1566219 0.2145698 0.1597875 0.1145261 0.1571567 0.0014685 0.1499103 0.1907384 0.2516530 0.0072734 0.1809218 0.1370032 0.1461556 0.1969036 0.1378026 0.1171185 0.1887339 0.1299083 0.0000000 0.1454011 0.1766478 0.1670935 0.1122524 0.1527278 0.1410615 0.1233664 0.1716750 0.1254646 0.1362368 0.1674483 0.1351090 0.1426568 0.0148008 0.1568815 0.0058293 0.1308082 0.1653171 0.1085197 0.1433815 0.1045572 0.1088594 0.1667885 0.1483826 0.1221190 0.1017586 0.1277449 0.1717447 0.0437052 0.1739996 0.1790856 0.1834046 0.1854899 0.2046988 0.1349144 0.1993398 0.0813275 0.0860508 0.1652678 0.1705603 0.1064245 0.1682253 0.1758588 0.0807470 0.1731959 0.1710350 0.1326323 0.1797832 0.1724603 0.1381407 0.1328162 0.1352869 0.0014437 0.1364011 0.1568852 0.1082219 0.0107933 0.0102520 0.1301622 0.1987115 0.1459530 0.1346091 0.1271307 0.1500669 0.1649255 0.1354464 0.1668509 0.1705290 0.1587121 0.1603106 0.1158623 0.2142291 0.1283906 0.1538695 0.1232598 0.1573951 0.1713829 0.1308165 0.1488138 0.1511144 0.1379085 0.1451422 0.1493418 0.2089442 0.1790539 0.1462871 0.1604995 0.1681740 0.1099225 0.1756679 0.1701533 0.1526723 
S0478      0.1236047 0.0943245 0.0751162 0.0842326 0.1747142 0.0663957 0.0993379 0.1194990 0.1686572 0.0842002 0.1571880 0.0798391 0.1424593 0.0616265 0.1361254 0.1908827 0.1460450 0.1335944 0.1057531 0.1059290 0.1519811 0.0566483 0.0881711 0.1311618 0.0478494 0.1454011 0.0000000 0.1385485 0.1444188 0.1325304 0.0602491 0.1036781 0.0937669 0.0674118 0.0595343 0.0527961 0.1494749 0.0991104 0.1234336 0.1584853 0.1343693 0.1557969 0.0949774 0.1341958 0.0860108 0.1115643 0.0878450 0.0862695 0.1281632 0.1169955 0.0611206 0.1470168 0.0508572 0.1077575 0.1144371 0.1429980 0.1460303 0.1574743 0.1553662 0.1700219 0.1253363 0.1544694 0.1300659 0.1218168 0.1284197 0.1352798 0.0877273 0.1262807 0.1228613 0.1230481 0.1311613 0.1192662 0.0955647 0.1619789 0.1268209 0.0547563 0.0510694 0.0534492 0.1419743 0.0638926 0.0784121 0.1411742 0.1655939 0.1388837 0.0994812 0.1419808 0.0968305 0.0992561 0.0946424 0.1535571 0.1206073 0.0956825 0.1068779 0.1115375 0.0686183 0.1455459 0.0907795 0.0915158 0.1169384 0.0651479 0.0987884 0.1086920 0.1143654 0.1021851 0.0821518 0.1305818 0.0592628 0.0967261 0.1333994 0.1514351 0.1267992 0.0569677 0.1105295 0.1048684 0.0946801 0.1242825 0.1359365 0.0891486 
S0552sl    0.1003333 0.1151749 0.1653606 0.1088930 0.2064267 0.1501468 0.1063783 0.1230557 0.1640574 0.1708867 0.1908497 0.1624204 0.1756131 0.1569949 0.1342479 0.1763947 0.1782329 0.1179193 0.1068534 0.1085535 0.1650883 0.1477672 0.1134703 0.1125779 0.1247474 0.1766478 0.1385485 0.0000000 0.1479850 0.1793580 0.1430876 0.1152019 0.0960929 0.1618222 0.1438739 0.1349168 0.1301911 0.1003221 0.1292389 0.1903463 0.1366553 0.1831155 0.0960051 0.0162363 0.1116951 0.1087195 0.1048222 0.1160355 0.0517665 0.1267728 0.1503894 0.1728198 0.1443006 0.1004374 0.1433304 0.0208478 0.0544573 0.0288048 0.0222076 0.1552490 0.1364815 0.1892891 0.1642685 0.1534704 0.0485462 0.0483300 0.1056417 0.0607639 0.1274315 0.1609138 0.1190637 0.1257114 0.1053356 0.1423159 0.1098545 0.1474327 0.1360363 0.1433453 0.1715157 0.1279583 0.1641585 0.1733481 0.2095476 0.1656290 0.1007150 0.1323870 0.1017402 0.1091665 0.0994657 0.1247939 0.1082124 0.1019316 0.1035468 0.1140898 0.1649169 0.1197846 0.1191980 0.1651698 0.1235039 0.1513846 0.1019858 0.1139880 0.1211134 0.1053343 0.1721667 0.1197393 0.1474619 0.1233170 0.1184423 0.1247335 0.1358388 0.1447884 0.0465672 0.0938315 0.1041811 0.1258920 0.1173678 0.0893579 
S0558      0.1275330 0.1297737 0.1447361 0.1038670 0.1974138 0.1546706 0.1369328 0.1178120 0.1724423 0.1693735 0.1993107 0.1481834 0.1616845 0.1625759 0.1462610 0.1478084 0.1665287 0.1478950 0.1100432 0.1204522 0.1197208 0.1385650 0.1339191 0.1404126 0.1255573 0.1670935 0.1444188 0.1479850 0.0000000 0.1891967 0.1374101 0.1146818 0.1059214 0.1527085 0.1256273 0.1421025 0.1151509 0.1132320 0.1361382 0.1738324 0.1072577 0.1712564 0.1010399 0.1370856 0.1250949 0.1179019 0.1232962 0.1336740 0.1362512 0.1299409 0.1316250 0.1960811 0.1291411 0.1384747 0.1447906 0.1431064 0.1496180 0.1506597 0.1517543 0.1785370 0.1525105 0.1930720 0.1882933 0.1510017 0.1319578 0.1366307 0.1288747 0.1323587 0.1370615 0.1821854 0.1267041 0.1270000 0.1183925 0.1436212 0.1485448 0.1367901 0.1336183 0.1416896 0.1622593 0.1325032 0.1605520 0.1811822 0.1936006 0.1567576 0.1116434 0.1505856 0.1249934 0.1222888 0.1007440 0.1408000 0.1353014 0.0990635 0.1406835 0.1395833 0.1424396 0.1383878 0.1349818 0.1933887 0.1435043 0.1502372 0.1111526 0.1153824 0.1396754 0.1081821 0.1560130 0.1331740 0.1404554 0.1093387 0.1197485 0.1612530 0.1493247 0.1566601 0.1361588 0.1394584 0.1237227 0.1436993 0.1430785 0.1259853 
S0616      0.1629695 0.1353635 0.1686280 0.1373913 0.1273709 0.1470879 0.1616923 0.1769251 0.2341246 0.1736151 0.1478254 0.1628707 0.1056799 0.1546083 0.2003400 0.2607623 0.1110552 0.1940412 0.1523479 0.1583137 0.2288165 0.1521438 0.1405073 0.1969513 0.1439046 0.1122524 0.1325304 0.1793580 0.1891967 0.0000000 0.1566307 0.1617832 0.1376999 0.1614257 0.1490138 0.1479261 0.1865335 0.1467330 0.1565305 0.1222095 0.1928255 0.1198228 0.1372402 0.1750091 0.1356463 0.1576771 0.1340353 0.1360861 0.1643679 0.1527495 0.1420984 0.1089525 0.1467775 0.1846561 0.0890957 0.1824200 0.1918661 0.1915127 0.1907380 0.2214303 0.1837340 0.2153270 0.0978947 0.1128566 0.1755787 0.1835577 0.1375061 0.1669604 0.1897269 0.0915212 0.1930286 0.1884793 0.1468895 0.2152697 0.1956072 0.1463913 0.1413428 0.1387068 0.1072675 0.1425277 0.1606556 0.0468658 0.1313024 0.1046034 0.1420697 0.2069011 0.1615859 0.1467801 0.1425127 0.2013281 0.1717960 0.1611525 0.1701118 0.1714035 0.1624190 0.2029654 0.1437753 0.2193500 0.1740378 0.1693287 0.1441432 0.1570084 0.1796868 0.1493336 0.1674237 0.1780189 0.1569298 0.1664488 0.1622278 0.2074560 0.1927969 0.1572557 0.1673435 0.1762009 0.1371273 0.1924351 0.1818727 0.1583285 
S0624      0.1343003 0.0995923 0.0440742 0.1056918 0.1742906 0.0387863 0.1038576 0.1294951 0.1757949 0.0561926 0.1701134 0.0464056 0.1515843 0.0527743 0.1331600 0.1590617 0.1548116 0.1526524 0.1247356 0.1260882 0.1479683 0.0465238 0.0997744 0.1489369 0.0400902 0.1527278 0.0602491 0.1430876 0.1374101 0.1566307 0.0000000 0.1248188 0.1134651 0.0412840 0.0774416 0.0694177 0.1629396 0.1203539 0.1280279 0.1576407 0.1382963 0.1602868 0.1130577 0.1362753 0.0974765 0.1309178 0.0976137 0.0977788 0.1462052 0.1214995 0.0774161 0.1590282 0.0766375 0.1193592 0.1261641 0.1430399 0.1598228 0.1500741 0.1521941 0.1910747 0.1450813 0.1791999 0.1395281 0.1294403 0.1385892 0.1390379 0.0992536 0.1379773 0.1333824 0.1321911 0.1482458 0.1271714 0.1177818 0.1535726 0.1371771 0.0396256 0.0661813 0.0675290 0.1506354 0.0824288 0.0618867 0.1567224 0.1804274 0.1505093 0.1232495 0.1340200 0.1079654 0.1217181 0.1141666 0.1727322 0.1264723 0.1073454 0.1121502 0.1143660 0.0497065 0.1540046 0.1045691 0.0574145 0.1361458 0.0772045 0.1219937 0.1123509 0.1138646 0.1250792 0.0550612 0.1535176 0.0819195 0.1234809 0.1440680 0.1464733 0.1268480 0.0696028 0.1290970 0.1204039 0.0997187 0.1134782 0.1592015 0.1186048 
S0641      0.0907275 0.0873162 0.1536057 0.0528894 0.1730366 0.1280582 0.1135970 0.0657246 0.1442503 0.1598394 0.1676291 0.1431278 0.1383544 0.1376833 0.1427227 0.1490416 0.1433240 0.1012463 0.0582717 0.0584367 0.1272402 0.1220559 0.0965986 0.1144438 0.1045598 0.1410615 0.1036781 0.1152019 0.1146818 0.1617832 0.1248188 0.0000000 0.0489252 0.1387996 0.0980753 0.0996300 0.1125991 0.0547684 0.1068710 0.1535225 0.0968484 0.1528452 0.0501861 0.1186076 0.0924529 0.0616238 0.0887918 0.0927303 0.1109840 0.1031369 0.1056699 0.1686748 0.0995298 0.1249064 0.1192464 0.1235697 0.1183261 0.1378720 0.1265450 0.1308778 0.1056430 0.1665172 0.1562795 0.1284468 0.1031821 0.1095265 0.0941655 0.1089037 0.1170188 0.1508760 0.0806968 0.1232327 0.0530684 0.1015641 0.1115470 0.1096310 0.0957530 0.0971678 0.1393384 0.0996335 0.1470874 0.1566845 0.1622640 0.1323412 0.0563817 0.1234483 0.1012834 0.0563802 0.0433079 0.1016299 0.1196213 0.0596575 0.1234714 0.1161561 0.1323793 0.0831385 0.0973080 0.1653928 0.1016050 0.1109835 0.0511380 0.1035605 0.1062788 0.0533142 0.1369765 0.0541640 0.1071031 0.0499339 0.1034763 0.1387999 0.1361045 0.1094806 0.1050793 0.1197847 0.0992455 0.1100579 0.1003919 0.1064381 
S0643      0.0679224 0.0863807 0.1380748 0.0208827 0.1433020 0.1079199 0.0957738 0.0320655 0.1198108 0.1407300 0.1552504 0.1160148 0.1184524 0.1198904 0.1272203 0.1731102 0.1218570 0.0877271 0.0209183 0.0162736 0.1078816 0.1023294 0.0845786 0.0914040 0.0983326 0.1233664 0.0937669 0.0960929 0.1059214 0.1376999 0.1134651 0.0489252 0.0000000 0.1291825 0.0887961 0.0903970 0.0938766 0.0183123 0.0926518 0.1377380 0.0850807 0.1260599 0.0164331 0.0986788 0.0805514 0.0239830 0.0782277 0.0807915 0.0907192 0.0870267 0.0963088 0.1343796 0.0902710 0.0974708 0.0985976 0.1060579 0.1047315 0.1108840 0.1109749 0.1194625 0.1012375 0.1340772 0.1299755 0.1056383 0.0894461 0.0934134 0.0822524 0.0938654 0.1020852 0.1249382 0.0680851 0.1042325 0.0209681 0.0981858 0.0976314 0.0928382 0.0865601 0.0914873 0.1179802 0.0876852 0.1247590 0.1327529 0.1434690 0.1111931 0.0101952 0.1205602 0.0888751 0.0240462 0.0043655 0.0877194 0.1108477 0.0396142 0.1054327 0.1020358 0.1230703 0.0777762 0.0851942 0.1581137 0.0933304 0.1097863 0.0135870 0.0974625 0.0921545 0.0163612 0.1138274 0.0524578 0.0958679 0.0511594 0.0740884 0.1312426 0.1164464 0.0976849 0.0906006 0.0888201 0.0737536 0.1015484 0.0800075 0.0846705 
