119
PAFTOL_019361 0.0000000 0.1675846 0.1543423 0.2025025 0.1765006 0.2166418 0.2160755 0.2058781 0.2572079 0.2242494 0.2443432 0.2007223 0.2403482 0.2302944 0.2127009 0.1894269 0.1663645 0.1677166 0.2078885 0.2246021 0.1950346 0.2028494 0.2228537 0.1971333 0.1729779 0.2047471 0.2734198 0.2174957 0.1841363 0.1717527 0.2320494 0.1707420 0.2121793 0.2028777 0.1664611 0.2285730 0.1938420 0.1818826 0.1497719 0.2148668 0.1860579 0.1785979 0.2014195 0.1719355 0.2015326 0.1948379 0.1965023 0.2398425 0.1814219 0.2414538 0.2059923 0.1726525 0.1955187 0.2230833 0.1708382 0.1968857 0.1909254 0.1740652 0.2159364 0.1847402 0.2170185 0.2051867 0.1562276 0.1742211 0.1730881 0.1962283 0.2050701 0.2030163 0.2377157 0.2533852 0.1775811 0.1868084 0.1929603 0.1713755 0.1912480 0.1634604 0.2059923 0.2136114 0.8263577 0.1621181 0.2437720 0.2794737 0.1719355 0.2320022 0.2081862 0.2046373 0.1764231 0.1646634 0.1678102 0.2029714 0.1615188 0.2146537 0.1940918 0.2129451 0.2022809 0.2038716 0.2093019 0.2049877 0.2159364 0.1528145 0.2412880 0.1501650 0.2194542 0.1742165 0.2076654 0.1709638 0.1916922 0.1607840 0.1800973 0.1971398 0.2094595 0.2121958 0.1699846 0.2222607 0.3735328 0.1979347 0.2199371 0.2152078 0.1876853 
S0055         0.1675846 0.0000000 0.0586487 0.1003496 0.0668119 0.1175461 0.0862748 0.0910579 0.0462603 0.0962350 0.0966364 0.1277167 0.0922835 0.0832734 0.0871882 0.0768176 0.0504742 0.0513667 0.0957713 0.1011544 0.0822168 0.0834533 0.0894345 0.0755440 0.1050696 0.0792434 0.1013386 0.1023509 0.0658060 0.0566659 0.1108514 0.0777153 0.0782283 0.0591229 0.0488945 0.0793827 0.0735542 0.1158860 0.0871401 0.1091580 0.0568423 0.1049318 0.0797104 0.0534465 0.0834475 0.0729603 0.1193708 0.0887534 0.0711014 0.1131213 0.0653237 0.0784298 0.0877968 0.0813872 0.0854109 0.1161404 0.1005564 0.0759546 0.1022375 0.1472524 0.0776098 0.0897404 0.0942488 0.0972308 0.1388551 0.0758229 0.1322792 0.1033859 0.0923131 0.1120091 0.0599864 0.1034385 0.1367723 0.0504372 0.0785207 0.0949951 0.0653237 0.0687335 0.3492355 0.0808103 0.1183360 0.1307488 0.0538282 0.1001571 0.0992878 0.0880066 0.0561633 0.0451661 0.0492902 0.0926574 0.0474998 0.0663179 0.0911404 0.0889672 0.0826221 0.0624859 0.0864858 0.1007023 0.1022375 0.0429199 0.1229323 0.0949783 0.0823492 0.0593628 0.0917614 0.0413110 0.0831988 0.0414870 0.0595931 0.0967320 0.0778019 0.0875031 0.0951975 0.0836226 0.1862001 0.0681403 0.0791387 0.0800772 0.0787469 
S0196sl       0.1543423 0.0586487 0.0000000 0.0243350 0.0743922 0.7493101 0.0686413 0.0653528 0.0000010 0.0778581 0.0756474 0.1181851 0.0769752 0.0906559 0.0667822 0.0748359 0.0583373 0.0662699 0.0532707 0.1181077 0.0452646 0.0843753 0.0913239 0.0304859 0.0734475 0.1284838 0.1025293 0.0685491 0.0587024 0.0645256 0.0748055 0.0371327 0.0510615 0.0807477 0.0653885 0.0389696 0.0641969 0.1215108 0.1050609 0.0906559 0.0891550 0.0669372 0.0311720 0.0657404 0.0241926 0.0179962 0.0963347 0.0461371 0.0371327 0.0937607 0.0374194 0.0450332 0.0455085 0.0747499 0.0584195 0.0834917 0.0746888 0.0605468 0.0528150 0.1039650 0.0765444 0.0925268 0.1009204 0.0978067 0.1332377 0.0181434 0.1205788 0.0829749 0.0753148 0.0748036 0.0734095 0.0823851 0.1126416 0.0583373 0.1366855 0.0383449 0.0374194 0.0374194 3.1792352 0.0439464 0.0765689 0.1222726 0.0657404 0.0837377 0.1065414 0.0729789 0.0653885 0.0583373 0.0859367 0.0749071 0.0726252 0.0516460 0.0733704 0.0733751 0.0681381 0.0925014 0.0309752 0.0537102 0.0528150 0.0526441 0.0770935 0.0769856 0.0674441 0.0979935 0.0532706 0.0654837 0.0437078 0.0583940 0.0829870 0.0927646 0.0586676 0.0376230 0.0444008 0.0668706 0.1896019 0.0377131 0.0836046 0.0671208 0.0313392 
S0281         0.2025025 0.1003496 0.0243350 0.0000000 0.1048165 0.1477614 0.1035214 0.0751446 0.1239376 0.1221464 0.1087445 0.1554685 0.1062893 0.1047323 0.0798861 0.1137386 0.0793756 0.0904934 0.0826578 0.1426505 0.0913031 0.1158837 0.1115573 0.0784397 0.0855450 0.1173745 0.1129413 0.0983393 0.0948442 0.0928209 0.1222936 0.0742110 0.0904622 0.1140931 0.0847922 0.0421677 0.0771426 0.1284066 0.1200298 0.1336794 0.0953079 0.0793709 0.0276019 0.0827033 0.0304195 0.0222768 0.1075385 0.0505930 0.0767807 0.1310216 0.0711290 0.0887366 0.0867817 0.0924188 0.0813495 0.1040920 0.0892392 0.1068921 0.0362432 0.1315938 0.0854803 0.0998481 0.0952181 0.0915990 0.1398381 0.0303645 0.1377057 0.1073949 0.1070816 0.1108822 0.0931761 0.0817970 0.1380715 0.0825124 0.1151481 0.0695157 0.0711290 0.0676803 0.4106511 0.0898001 0.1265554 0.1361691 0.0833353 0.1067727 0.0987771 0.0871351 0.0854135 0.0768516 0.0922818 0.0859031 0.0760134 0.0688500 0.0780213 0.0780204 0.0962608 0.0931653 0.0330227 0.0902685 0.0362432 0.0748050 0.0514031 0.0763512 0.0785156 0.0992078 0.0977033 0.0748120 0.0768118 0.0755613 0.1031200 0.1037755 0.0746388 0.0778226 0.0776917 0.0814211 0.1642150 0.0566708 0.0788852 0.1160986 0.0690179 
S0282         0.1765006 0.0668119 0.0743922 0.1048165 0.0000000 0.0882958 0.1122259 0.0853521 0.0244770 0.1192572 0.0973352 0.1244257 0.1117408 0.0870604 0.0947953 0.0850239 0.0172849 0.0280133 0.1040366 0.1023361 0.0997627 0.0905772 0.0900826 0.0861741 0.1050506 0.0850086 0.1109578 0.1120702 0.0504917 0.0330599 0.1243190 0.1010415 0.0949822 0.0787241 0.0126353 0.0876025 0.0598053 0.1211992 0.1042492 0.1108311 0.0659794 0.0987535 0.0805955 0.0250167 0.0843781 0.0737678 0.1267735 0.0973137 0.0938615 0.1137542 0.0813142 0.1069523 0.0944662 0.0754050 0.0921815 0.1167256 0.1077335 0.0724538 0.0999024 0.1331302 0.0786255 0.0909048 0.1013453 0.0977192 0.1371041 0.0842357 0.1305124 0.1157188 0.1014784 0.1163795 0.0390289 0.1041516 0.1210757 0.0198295 0.0681522 0.0952334 0.0813142 0.0849838 0.2935443 0.1077026 0.1399046 0.1409272 0.0304364 0.1043074 0.0966988 0.0881573 0.0249751 0.0253602 0.0621944 0.0936830 0.0357718 0.0869913 0.0787935 0.0895726 0.1081569 0.0741207 0.0874473 0.1076760 0.0999024 0.0097801 0.1128589 0.0768310 0.0935967 0.0715611 0.1179052 0.0361080 0.1002544 0.0444065 0.0721998 0.1040111 0.0723994 0.1046708 0.0991778 0.0872424 0.1992150 0.0752727 0.0996913 0.1016203 0.0919381 
S0288         0.2166418 0.1175461 0.7493101 0.1477614 0.0882958 0.0000000 0.1183489 0.0905966 0.1000313 0.1487834 0.0447552 0.0690875 0.1157267 0.0397560 0.1188738 0.1340001 0.0758180 0.0882228 0.1044543 0.1428832 0.1090161 0.1401261 0.0348432 0.1186725 0.1250586 0.1036644 0.0819029 0.1418974 0.1049672 0.0810690 0.1601785 0.1158307 0.1426656 0.1293058 0.0738376 0.1056025 0.0000022 0.1392701 0.1219747 0.0122901 0.0961303 0.1119598 0.0951940 0.0758180 0.1098308 0.0956198 0.1349796 0.1107385 0.1141918 0.0814618 0.1167217 0.1041701 0.1407491 0.0267343 0.0916266 0.1301898 0.1103355 0.0907338 0.1078580 0.1329437 0.0777934 0.0524633 0.1110217 0.1131294 0.1476732 0.1036355 0.1396400 0.1000921 0.1179147 0.0772380 0.0874159 0.1034121 0.1434169 0.0810690 0.0968925 0.5186476 0.1167217 0.1240391 0.0680599 0.1213185 0.1528956 0.0926704 0.0874369 0.0495756 0.1046226 0.1009679 0.0758711 0.0772145 0.0828153 0.0859533 0.0701517 0.1067638 0.0744430 0.0916255 0.1231648 0.1071689 0.1081092 0.1243117 0.1078580 0.0661614 0.1030469 0.0815710 0.0874705 0.1076578 0.1405602 0.0591191 0.1086529 0.0906134 0.0922079 0.1182233 0.0808302 0.1306918 0.1403820 0.1055956 1.7037079 0.0911480 0.0864622 0.1373126 0.1028566 
S0289         0.2160755 0.0862748 0.0686413 0.1035214 0.1122259 0.1183489 0.0000000 0.0885249 0.1019863 0.0442117 0.1090331 0.1375820 0.0380750 0.1036330 0.0924246 0.0889767 0.0861134 0.0975592 0.0382029 0.1692471 0.0276331 0.1021708 0.0999924 0.0567884 0.1075939 0.1260070 0.1056181 0.0331741 0.0996786 0.0963814 0.0474173 0.0420109 0.0536337 0.1168562 0.0918052 0.0900907 0.0844570 0.1443354 0.1159323 0.1292421 0.1049944 0.1007869 0.0863169 0.0831651 0.0901583 0.0794100 0.1115774 0.0997866 0.0389814 0.1385923 0.0475890 0.0458780 0.0889717 0.0921253 0.0883526 0.1081987 0.1036222 0.0969337 0.1098019 0.1473523 0.0916793 0.0952330 0.0901109 0.0935338 0.1716741 0.0867157 0.1541644 0.1010245 0.1044853 0.1300736 0.0936140 0.0974502 0.1576794 0.0893103 0.1197458 0.0545747 0.0475890 0.0507315 0.3686323 0.0533331 0.0522621 0.1206429 0.0966977 0.1107498 0.1099939 0.0917923 0.0893479 0.0867929 0.0932124 0.0934044 0.0852996 0.0451327 0.0823244 0.0864053 0.0274899 0.1236699 0.0932376 0.0415010 0.1098019 0.0777374 0.1253177 0.0914294 0.0818914 0.1120346 0.0299814 0.0815363 0.0472546 0.0910657 0.0995061 0.1160584 0.0846648 0.0596378 0.0917839 0.0800814 0.2224773 0.0653062 0.0859704 0.0962251 0.0848332 
S0292         0.2058781 0.0910579 0.0653528 0.0751446 0.0853521 0.0905966 0.0885249 0.0000000 0.0665211 0.1093673 0.0900217 0.1120277 0.0880635 0.0864301 0.0530714 0.1110620 0.0681504 0.0785418 0.0737323 0.1323752 0.0800324 0.1169605 0.0893334 0.0677777 0.0877366 0.1158671 0.0976222 0.0979257 0.0906185 0.0747657 0.1128563 0.0726057 0.0743963 0.1074427 0.0699084 0.0825033 0.0642805 0.1196465 0.1006566 0.1128141 0.0820551 0.0782564 0.0654622 0.0712943 0.0689069 0.0591716 0.0919387 0.0856009 0.0662613 0.1072330 0.0617518 0.0773871 0.0542532 0.0691014 0.0787074 0.0978899 0.0775840 0.0862679 0.0637731 0.1278603 0.0604693 0.0858603 0.0688937 0.0746861 0.1422233 0.0687901 0.1285877 0.0875720 0.0593426 0.1029272 0.0811553 0.0332655 0.1331010 0.0711352 0.1081904 0.0848811 0.0617518 0.0650810 0.3097804 0.0786210 0.1202941 0.1257676 0.0718181 0.0889371 0.0584449 0.0220885 0.0771640 0.0656234 0.0877284 0.0329706 0.0649856 0.0746095 0.0247340 0.0222847 0.0847814 0.0971542 0.0717978 0.0840969 0.0637731 0.0605977 0.0812465 0.0321227 0.0614715 0.0902524 0.1002160 0.0670914 0.0720728 0.0704745 0.1004093 0.0655559 0.0433387 0.0713838 0.0755529 0.0503652 0.1884721 0.0608446 0.0581195 0.1100582 0.0465465 
S0293         0.2572079 0.0462603 0.0000010 0.1239376 0.0244770 0.1000313 0.1019863 0.0665211 0.0000000 0.1385603 0.0917403 0.1383202 0.0918058 0.0761951 0.0693500 0.0860789 0.0118857 0.0120457 0.1001350 0.1310411 0.0975685 0.1009848 0.0834287 0.0849497 0.1062807 0.0893815 0.1123564 0.1078859 0.0600683 0.0118967 0.1095843 0.1069311 0.0803371 0.0909349 0.0128047 0.0846294 0.0593864 0.1064131 0.1074035 0.1281070 0.0899160 0.0946177 0.0783615 0.0180019 0.0985998 0.0783615 0.0912910 0.1015704 0.0975685 0.1194566 0.0658059 0.1184525 0.0975244 0.0724250 0.0843555 0.1044628 0.1020190 0.1043585 0.1063990 0.1484490 0.0712835 0.0998490 0.0927573 0.1028145 0.1298110 0.0963617 0.1298110 0.1109558 0.0854909 0.1359409 0.0456332 0.0926187 0.1501457 0.0180019 0.0649355 0.6635998 0.0658059 0.0742038 0.0740660 0.1236677 0.1522031 0.1393995 0.0182889 0.0987571 0.0679317 0.0821266 0.0242334 0.0122914 0.0393912 0.0682620 0.0377655 0.0702405 0.0668890 0.0686114 0.1012035 0.0880603 0.0963617 0.0905819 0.1063990 0.0120375 0.1282839 0.0499244 0.0848033 0.0886295 0.1171624 0.0245962 0.1133923 0.0656278 0.0902796 0.1012443 0.0661644 0.1128307 0.0986495 0.0617582 0.0000010 0.0817533 0.0750323 0.0945006 0.0738525 
S0299         0.2242494 0.0962350 0.0778581 0.1221464 0.1192572 0.1487834 0.0442117 0.1093673 0.1385603 0.0000000 0.1314256 0.1584046 0.0358843 0.1256228 0.1104055 0.1010540 0.0990744 0.1074301 0.0582034 0.1786718 0.0470898 0.1139273 0.1214764 0.0760567 0.1337257 0.1341002 0.1360155 0.0448298 0.1126095 0.1096936 0.0594851 0.0659232 0.0787590 0.1206863 0.0985483 0.1114962 0.1068260 0.1591577 0.1164514 0.1525473 0.1049313 0.1195039 0.1074069 0.0960790 0.1115939 0.0999789 0.1342680 0.1217061 0.0626619 0.1669307 0.0598487 0.0706336 0.1003779 0.1102209 0.1059547 0.1345256 0.1293703 0.1156303 0.1327444 0.1708644 0.1019630 0.1133979 0.1087996 0.1155370 0.1877483 0.1076914 0.1693927 0.1231409 0.1129978 0.1502096 0.1069080 0.1123955 0.1691367 0.1023556 0.1311611 0.0623137 0.0598487 0.0632042 0.3874519 0.0651508 0.0565584 0.1449290 0.1100526 0.1367987 0.1254826 0.1128146 0.1023988 0.0957851 0.0997742 0.1065549 0.0981261 0.0665333 0.1028487 0.0992990 0.0302072 0.1275642 0.1148112 0.0620094 0.1327444 0.0906360 0.1448649 0.1134929 0.0922219 0.1262940 0.0331757 0.0975836 0.0713757 0.0975430 0.1095617 0.1249898 0.1019042 0.0723766 0.1066061 0.0908951 0.2336533 0.0722935 0.1069426 0.1049781 0.0956229 
S0303         0.2443432 0.0966364 0.0756474 0.1087445 0.0973352 0.0447552 0.1090331 0.0900217 0.0917403 0.1314256 0.0000000 0.0784300 0.1065059 0.0222212 0.1071628 0.1312243 0.0823150 0.0935296 0.0894415 0.1422956 0.0965550 0.1288872 0.0197328 0.0895018 0.1076794 0.1146660 0.0623520 0.1151222 0.0996224 0.0894156 0.1261471 0.0885317 0.1065608 0.1027406 0.0845193 0.0912901 0.0025939 0.1524365 0.1135143 0.0590529 0.0882874 0.1079816 0.0841749 0.0794007 0.0880267 0.0772404 0.1223924 0.0945161 0.0878093 0.0470851 0.0858706 0.0940512 0.1035637 0.0256888 0.0946544 0.1298369 0.1069923 0.0933939 0.0950537 0.1523104 0.0848316 0.0531162 0.1107873 0.1071741 0.1755928 0.0814414 0.1598468 0.0980208 0.1028618 0.0473605 0.0850555 0.0957165 0.1667282 0.0854653 0.1141885 0.1202550 0.0858706 0.0862289 0.2070265 0.0950392 0.1247046 0.0717539 0.0927111 0.0358604 0.1026838 0.0932449 0.0918276 0.0829574 0.0925628 0.0885008 0.0789286 0.0872201 0.0865699 0.0908434 0.1115391 0.1093403 0.0911283 0.1008086 0.0950537 0.0713149 0.1038460 0.0862040 0.0822060 0.1052301 0.1144976 0.0809945 0.0878456 0.0842264 0.0961635 0.1115260 0.0748790 0.0981899 0.1081760 0.0962067 0.2573708 0.0754543 0.0889954 0.1347851 0.0913243 
S0308         0.2007223 0.1277167 0.1181851 0.1554685 0.1244257 0.0690875 0.1375820 0.1120277 0.1383202 0.1584046 0.0784300 0.0000000 0.1230826 0.0687745 0.1416417 0.1590677 0.1076494 0.1272229 0.1192286 0.1746868 0.1201256 0.1673856 0.0686204 0.1301160 0.1173204 0.1324911 0.1142866 0.1327111 0.1259481 0.1081201 0.1547863 0.1080039 0.1347798 0.1445562 0.1106723 0.1395113 0.0456473 0.1727045 0.1463477 0.0804416 0.1229563 0.1205597 0.1236471 0.1181355 0.1321255 0.1195534 0.1246539 0.1358060 0.1070851 0.0934555 0.1189661 0.1013603 0.1261492 0.0488937 0.1173002 0.1402359 0.1169415 0.1162633 0.1402065 0.1628021 0.1179489 0.0800067 0.1057974 0.1206760 0.1806942 0.1247697 0.1804846 0.1280643 0.1246083 0.0861958 0.1229290 0.1201684 0.1797556 0.1110454 0.1654248 0.1400622 0.1189661 0.1233592 0.2740040 0.1149893 0.1583633 0.1117754 0.1260572 0.0631337 0.1403698 0.1154779 0.1110932 0.1118257 0.1121261 0.1025547 0.1106054 0.1279724 0.1121210 0.1236283 0.1365667 0.1560031 0.1355064 0.1249093 0.1402065 0.1064126 0.1410398 0.1166703 0.1218425 0.1314733 0.1396699 0.1058573 0.1138561 0.1200433 0.1181888 0.1475156 0.1157059 0.1241084 0.1318652 0.1154822 0.3288108 0.1206644 0.1256790 0.1560736 0.1205117 
S0320         0.2403482 0.0922835 0.0769752 0.1062893 0.1117408 0.1157267 0.0380750 0.0880635 0.0918058 0.0358843 0.1065059 0.1230826 0.0000000 0.1014971 0.0952494 0.1054012 0.0921092 0.1037450 0.0461503 0.1652635 0.0408487 0.1183217 0.0977332 0.0508224 0.1210239 0.1294948 0.1217957 0.0332095 0.1053817 0.1024940 0.0500352 0.0531919 0.0534331 0.1237754 0.0914190 0.0961656 0.0790413 0.1552432 0.1157856 0.1194184 0.1012171 0.1006573 0.0923323 0.0891518 0.0962407 0.0853316 0.1180827 0.1059301 0.0501334 0.1352918 0.0418458 0.0574122 0.0852614 0.0939995 0.0945758 0.1223596 0.1101516 0.0967779 0.1160505 0.1624118 0.0947674 0.1010346 0.0967669 0.0999402 0.1834324 0.0925554 0.1653475 0.1108231 0.0802935 0.1201621 0.0997303 0.0969255 0.1691168 0.0953313 0.1198474 0.0616907 0.0418458 0.0448987 0.3455534 0.0590015 0.0386698 0.1333015 0.1028285 0.1011596 0.1095283 0.0976725 0.0953712 0.0928375 0.0992078 0.0929065 0.0912373 0.0536735 0.0818980 0.0923141 0.0248091 0.1231370 0.0993349 0.0496178 0.1160505 0.0805538 0.1275006 0.0866737 0.0780947 0.1188207 0.0272837 0.0812115 0.0584902 0.0906974 0.1059506 0.1087417 0.0811606 0.0534998 0.0980610 0.0765656 0.2637544 0.0650566 0.0919563 0.1092826 0.0751955 
S0322         0.2302944 0.0832734 0.0906559 0.1047323 0.0870604 0.0397560 0.1036330 0.0864301 0.0761951 0.1256228 0.0222212 0.0687745 0.1014971 0.0000000 0.1066347 0.1230098 0.0726226 0.0833970 0.0817566 0.1304227 0.0946847 0.1245425 0.0071498 0.0890053 0.1001884 0.1006207 0.0591099 0.1061585 0.0860151 0.0761910 0.1292958 0.0943640 0.1059574 0.0988877 0.0745409 0.0875226 0.0000022 0.1365644 0.1128510 0.0385923 0.0846671 0.1004620 0.0805185 0.0758676 0.0842993 0.0736942 0.1147344 0.0907103 0.0873314 0.0502622 0.0853978 0.1000464 0.0964417 0.0282146 0.0878356 0.1218116 0.1030609 0.0961628 0.0912180 0.1439140 0.0777891 0.0462528 0.0999721 0.1065648 0.1545341 0.0841570 0.1437975 0.1038168 0.1055378 0.0476069 0.0814749 0.1048658 0.1502515 0.0756945 0.1020263 0.1159868 0.0853978 0.0857520 0.2010602 0.1009214 0.1190625 0.0654263 0.0826759 0.0388474 0.1053536 0.0896131 0.0818995 0.0731801 0.0852212 0.0786616 0.0693516 0.0867329 0.0830308 0.0872120 0.1061091 0.0988758 0.0873676 0.0894744 0.0912180 0.0647859 0.1035518 0.0792386 0.0850406 0.0949351 0.1090044 0.0714689 0.0967744 0.0746086 0.0923903 0.1142398 0.0714589 0.1040945 0.1108213 0.0895296 0.2797131 0.0752754 0.0855305 0.1249411 0.0876709 
S0335         0.2127009 0.0871882 0.0667822 0.0798861 0.0947953 0.1188738 0.0924246 0.0530714 0.0693500 0.1104055 0.1071628 0.1416417 0.0952494 0.1066347 0.0000000 0.1107470 0.0762301 0.0840006 0.0834126 0.1650821 0.0819227 0.1168004 0.1063017 0.0724510 0.1059785 0.1290744 0.0943819 0.1104150 0.0965161 0.0860942 0.1207352 0.0832989 0.0915479 0.1020851 0.0751708 0.0875299 0.0833765 0.1138416 0.1236707 0.1316991 0.0951634 0.0822078 0.0796656 0.0795288 0.0833979 0.0729233 0.1068972 0.0936689 0.0796878 0.1182722 0.0752139 0.0851052 0.0617337 0.0815798 0.0777017 0.1071128 0.0916891 0.0885085 0.0956979 0.1294106 0.0885807 0.0950516 0.0892155 0.0857147 0.1309167 0.0800280 0.1226992 0.0884126 0.0636017 0.1241140 0.0963642 0.0661545 0.1309367 0.0731656 0.1254417 0.0942312 0.0752139 0.0788026 0.3615120 0.0895890 0.1283763 0.1270248 0.0801343 0.1052444 0.0447071 0.0617504 0.0793788 0.0725776 0.0926907 0.0627432 0.0790553 0.0794630 0.0619404 0.0596505 0.0824148 0.1100816 0.0864325 0.0867135 0.0956979 0.0716289 0.1105790 0.0593200 0.0564847 0.1125765 0.0979099 0.0750096 0.0826698 0.0847793 0.0999933 0.0574059 0.0304467 0.0851455 0.0744809 0.0513873 0.1910908 0.0681091 0.0539127 0.1199983 0.0559154 
S0376         0.1894269 0.0768176 0.0748359 0.1137386 0.0850239 0.1340001 0.0889767 0.1110620 0.0860789 0.1010540 0.1312243 0.1590677 0.1054012 0.1230098 0.1107470 0.0000000 0.0664484 0.0672360 0.0945047 0.1122043 0.0836149 0.0181473 0.1226951 0.0830458 0.1144989 0.1139551 0.1216803 0.1061737 0.0832485 0.0798927 0.1205401 0.0793603 0.0800650 0.1117153 0.0664770 0.1039870 0.0908137 0.1419205 0.1117878 0.1315773 0.0860299 0.1107923 0.0914513 0.0634894 0.0955776 0.0840665 0.1213929 0.1146250 0.0790981 0.1524922 0.0729488 0.0919944 0.0926294 0.1007326 0.0869055 0.1231377 0.1099684 0.0770289 0.1203653 0.1639182 0.1043006 0.1093548 0.0892078 0.0888275 0.1597478 0.0954132 0.1522354 0.1172503 0.1184105 0.1393401 0.0707571 0.1165045 0.1491603 0.0696062 0.1123895 0.0930632 0.0729488 0.0766871 0.4561661 0.0960936 0.1341174 0.1541055 0.0767342 0.1257137 0.1131133 0.1146686 0.0696362 0.0634954 0.0772683 0.1168737 0.0629868 0.0814784 0.1042464 0.1089973 0.0866718 0.1042558 0.0953908 0.0955067 0.1203653 0.0546706 0.1436141 0.1047850 0.0990506 0.0900537 0.1016639 0.0594633 0.0921569 0.0755170 0.0873966 0.1196185 0.0861469 0.0903246 0.0901118 0.0943327 0.1837015 0.0790388 0.0985999 0.0466209 0.1003612 
S0400         0.1663645 0.0504742 0.0583373 0.0793756 0.0172849 0.0758180 0.0861134 0.0681504 0.0118857 0.0990744 0.0823150 0.1076494 0.0921092 0.0726226 0.0762301 0.0664484 0.0000000 0.0121336 0.0788142 0.0968338 0.0811566 0.0724345 0.0755221 0.0685073 0.0795693 0.0776806 0.0943237 0.0923533 0.0302616 0.0144910 0.1138916 0.0766487 0.0769058 0.0559787 0.0048667 0.0635894 0.0491309 0.1001246 0.0823263 0.0951015 0.0527401 0.0798458 0.0572380 0.0071298 0.0605999 0.0510595 0.1065527 0.0726050 0.0701417 0.0975386 0.0584891 0.0816220 0.0839081 0.0613891 0.0742192 0.0900921 0.0821760 0.0523089 0.0810732 0.1187941 0.0611796 0.0793294 0.0921410 0.0886890 0.1215763 0.0604941 0.1085820 0.1022692 0.0824877 0.1067600 0.0248667 0.0854517 0.1127260 0.0023548 0.0614135 0.0783039 0.0584891 0.0617529 0.2945706 0.0827984 0.1180945 0.1231351 0.0120433 0.0888938 0.0815073 0.0708587 0.0071186 0.0072231 0.0489755 0.0723787 0.0219955 0.0631611 0.0682170 0.0719438 0.0887672 0.0614223 0.0634766 0.0821294 0.0810732 0.0023996 0.1000767 0.0692698 0.0753193 0.0552064 0.0979792 0.0221946 0.0760771 0.0326463 0.0500233 0.0929539 0.0558209 0.0799160 0.0807055 0.0693284 0.1934288 0.0528661 0.0749888 0.0763434 0.0680749 
S0405         0.1677166 0.0513667 0.0662699 0.0904934 0.0280133 0.0882228 0.0975592 0.0785418 0.0120457 0.1074301 0.0935296 0.1272229 0.1037450 0.0833970 0.0840006 0.0672360 0.0121336 0.0000000 0.0898352 0.0981972 0.0921776 0.0768651 0.0863900 0.0789625 0.0907068 0.0818878 0.0994941 0.1074839 0.0443781 0.0172419 0.1155242 0.0873016 0.0844790 0.0621915 0.0150573 0.0740026 0.0628492 0.1126157 0.0895409 0.1068532 0.0594437 0.0910411 0.0673337 0.0146449 0.0708944 0.0608433 0.1185553 0.0833681 0.0804690 0.1096529 0.0683665 0.0927070 0.0920457 0.0747368 0.0848549 0.1017873 0.0933607 0.0524435 0.0924738 0.1321866 0.0679120 0.0867582 0.1000997 0.0928165 0.1234303 0.0707719 0.1215869 0.1109387 0.0904709 0.1156795 0.0359044 0.0967867 0.1259566 0.0146158 0.0684132 0.0866973 0.0683665 0.0718213 0.3350710 0.0903615 0.1233163 0.1400559 0.0147387 0.1004059 0.0893602 0.0813157 0.0196355 0.0098214 0.0553678 0.0797896 0.0275149 0.0732434 0.0786167 0.0727541 0.1002566 0.0684221 0.0738702 0.0933089 0.0924738 0.0098307 0.1125523 0.0731768 0.0829660 0.0619498 0.1097951 0.0277694 0.0866345 0.0385698 0.0566575 0.1013449 0.0626579 0.0907419 0.0841402 0.0799287 0.1742899 0.0625336 0.0826011 0.0873702 0.0753730 
S0407sl       0.2078885 0.0957713 0.0532707 0.0826578 0.1040366 0.1044543 0.0382029 0.0737323 0.1001350 0.0582034 0.0894415 0.1192286 0.0461503 0.0817566 0.0834126 0.0945047 0.0788142 0.0898352 0.0000000 0.1599009 0.0247767 0.1008183 0.0751978 0.0591480 0.0984431 0.1213757 0.0998168 0.0387248 0.0916023 0.0887664 0.0502105 0.0278486 0.0567237 0.1086736 0.0841742 0.0804247 0.0621890 0.1212180 0.1043378 0.1019340 0.0972368 0.0918982 0.0696336 0.0759265 0.0731936 0.0631554 0.1094109 0.0899355 0.0251253 0.1169514 0.0505953 0.0312052 0.0829992 0.0804926 0.0862636 0.0989740 0.0946698 0.0849276 0.0947326 0.1267814 0.0809394 0.0797563 0.0912705 0.0912676 0.1460799 0.0697791 0.1302931 0.0952274 0.0852550 0.1025491 0.0860416 0.0818072 0.1367828 0.0819269 0.1120797 0.0476792 0.0505953 0.0537896 0.3476955 0.0385723 0.0614831 0.1217505 0.0890547 0.0912945 0.1003281 0.0828482 0.0819608 0.0794235 0.0884518 0.0780847 0.0780835 0.0509422 0.0678724 0.0776123 0.0462909 0.1086653 0.0761530 0.0072123 0.0947326 0.0705724 0.1054975 0.0722032 0.0672168 0.1111356 0.0380296 0.0744622 0.0276544 0.0837366 0.0916121 0.1023351 0.0732454 0.0626550 0.0863218 0.0689725 0.2445437 0.0474488 0.0714755 0.0985433 0.0615927 
S0412sl       0.2246021 0.1011544 0.1181077 0.1426505 0.1023361 0.1428832 0.1692471 0.1323752 0.1310411 0.1786718 0.1422956 0.1746868 0.1652635 0.1304227 0.1650821 0.1122043 0.0968338 0.0981972 0.1599009 0.0000000 0.1542610 0.1121059 0.1337547 0.1418137 0.1393861 0.1014793 0.1548588 0.1734917 0.1161452 0.1043876 0.1896409 0.1401999 0.1287438 0.1144612 0.0904317 0.1367924 0.0974395 0.1916149 0.0806897 0.1505029 0.0923363 0.1505671 0.1188431 0.1003682 0.1312663 0.1185337 0.1514831 0.1404544 0.1353803 0.1461704 0.1199988 0.1471153 0.1604387 0.1174204 0.1371813 0.1719359 0.1414700 0.1073440 0.1364575 0.1988847 0.1326470 0.1194051 0.1247361 0.1246586 0.2014547 0.1310599 0.2124487 0.1515324 0.1623701 0.1370958 0.1016314 0.1311313 0.2034428 0.1001309 0.1000753 0.1490518 0.1199988 0.1244313 0.4358438 0.1474291 0.1897799 0.2024741 0.1044837 0.1309992 0.1551029 0.1282277 0.1067883 0.0985178 0.0832205 0.1420699 0.0871177 0.1315552 0.1397175 0.1370467 0.1610558 0.1036825 0.1274064 0.1652488 0.1364575 0.0823145 0.1515721 0.1248149 0.1432050 0.0784672 0.1721619 0.0943463 0.1354400 0.0816009 0.0986335 0.1589370 0.1326638 0.1323508 0.1496248 0.1445012 0.1725738 0.1142029 0.1431849 0.1325784 0.1418398 
S0417         0.1950346 0.0822168 0.0452646 0.0913031 0.0997627 0.1090161 0.0276331 0.0800324 0.0975685 0.0470898 0.0965550 0.1201256 0.0408487 0.0946847 0.0819227 0.0836149 0.0811566 0.0921776 0.0247767 0.1542610 0.0000000 0.0965923 0.0881373 0.0442994 0.1090918 0.1134111 0.1068690 0.0302481 0.0939067 0.0873663 0.0447300 0.0250922 0.0530973 0.1109303 0.0802245 0.0891334 0.0762752 0.1126084 0.1106616 0.1159511 0.0930883 0.0991271 0.0780903 0.0782840 0.0817362 0.0714947 0.1065018 0.0987224 0.0249091 0.1246993 0.0471184 0.0283444 0.0802523 0.0810605 0.0807946 0.1130669 0.1051621 0.0842799 0.0895053 0.1333922 0.0769837 0.0803140 0.0826115 0.0888166 0.1440124 0.0754450 0.1249069 0.0992416 0.0952233 0.1099388 0.0883826 0.0883977 0.1311756 0.0842588 0.1143260 0.0350759 0.0471184 0.0502256 0.3532215 0.0356772 0.0616606 0.1182017 0.0913817 0.0983529 0.0976310 0.0801047 0.0842935 0.0817810 0.0885829 0.0845695 0.0773570 0.0418671 0.0740751 0.0779063 0.0328610 0.1175378 0.0847107 0.0277451 0.0895053 0.0729709 0.1051159 0.0829909 0.0650008 0.1100743 0.0301106 0.0767845 0.0301171 0.0860308 0.0878830 0.1031918 0.0765679 0.0562063 0.0870123 0.0751149 0.2210507 0.0524524 0.0745715 0.0909509 0.0826533 
S0427         0.2028494 0.0834533 0.0843753 0.1158837 0.0905772 0.1401261 0.1021708 0.1169605 0.1009848 0.1139273 0.1288872 0.1673856 0.1183217 0.1245425 0.1168004 0.0181473 0.0724345 0.0768651 0.1008183 0.1121059 0.0965923 0.0000000 0.1284879 0.1000617 0.1239887 0.1161327 0.1276099 0.1080304 0.0821497 0.0855085 0.1336746 0.0922388 0.0980643 0.1036041 0.0712994 0.1101941 0.0935985 0.1473192 0.1104819 0.1445019 0.0894585 0.1203625 0.0873369 0.0695783 0.0983121 0.0871261 0.1354537 0.1205583 0.0919403 0.1614105 0.0897334 0.1012274 0.1101587 0.1070581 0.1031671 0.1325511 0.1194846 0.0762835 0.1223219 0.1687126 0.1105370 0.1194041 0.1021945 0.0986926 0.1602740 0.0981504 0.1573988 0.1266275 0.1242903 0.1366372 0.0731211 0.1164078 0.1544367 0.0754973 0.1194645 0.1029275 0.0897334 0.0901127 0.4175162 0.1088574 0.1469245 0.1669042 0.0824556 0.1313991 0.1190451 0.1204802 0.0755284 0.0731070 0.0872060 0.1189051 0.0656392 0.0946510 0.1103110 0.1112806 0.0995997 0.1072554 0.1014757 0.1127733 0.1223219 0.0610658 0.1447554 0.1117421 0.1016686 0.0996247 0.1146027 0.0662898 0.0983887 0.0791704 0.0935243 0.1255031 0.0957941 0.1074038 0.1037747 0.1048714 0.1991662 0.0855526 0.1048653 0.0562497 0.1064968 
S0430         0.2228537 0.0894345 0.0913239 0.1115573 0.0900826 0.0348432 0.0999924 0.0893334 0.0834287 0.1214764 0.0197328 0.0686204 0.0977332 0.0071498 0.1063017 0.1226951 0.0755221 0.0863900 0.0751978 0.1337547 0.0881373 0.1284879 0.0000000 0.0887990 0.0967039 0.1029022 0.0590037 0.1131334 0.0889994 0.0791241 0.1251073 0.0878442 0.1057080 0.1019246 0.0775183 0.0940723 0.0000022 0.1399693 0.1091802 0.0358242 0.0813977 0.0969650 0.0869346 0.0726526 0.0875901 0.0799755 0.1111909 0.0972992 0.0871327 0.0473551 0.0852011 0.0933015 0.1027362 0.0255082 0.0845387 0.1181096 0.0995650 0.0860526 0.0978545 0.1398354 0.0807839 0.0432849 0.0997364 0.0997295 0.1580507 0.0842135 0.1472198 0.1002925 0.1020444 0.0505691 0.0782325 0.1013980 0.1537457 0.0786070 0.1050742 0.1091426 0.0852011 0.0889608 0.1999997 0.0942962 0.1149781 0.0682513 0.0856428 0.0360591 0.1084082 0.0925298 0.0848377 0.0761027 0.0852818 0.0815843 0.0722280 0.0865303 0.0859113 0.0935282 0.1024700 0.1019137 0.0906762 0.0858128 0.0978545 0.0646371 0.1067060 0.0786776 0.0879546 0.0979372 0.1053485 0.0743227 0.0871685 0.0774793 0.0890058 0.1173816 0.0743113 0.0974196 0.1008505 0.0925347 0.2822414 0.0720890 0.0884969 0.1317656 0.0906162 
S0478         0.1971333 0.0755440 0.0304859 0.0784397 0.0861741 0.1186725 0.0567884 0.0677777 0.0849497 0.0760567 0.0895018 0.1301160 0.0508224 0.0890053 0.0724510 0.0830458 0.0685073 0.0789625 0.0591480 0.1418137 0.0442994 0.1000617 0.0887990 0.0000000 0.1020673 0.1028314 0.0968030 0.0596627 0.0844167 0.0812871 0.0686902 0.0492702 0.0443844 0.1009983 0.0672992 0.0763124 0.0691599 0.1243661 0.1140801 0.1202361 0.0802153 0.0787121 0.0658058 0.0656993 0.0692716 0.0594787 0.1025393 0.0856340 0.0434517 0.1101497 0.0332278 0.0532800 0.0637280 0.0773797 0.0741714 0.1061220 0.0913487 0.0847848 0.0869717 0.1303466 0.0674096 0.0950557 0.0853108 0.0813873 0.1475025 0.0691538 0.1335115 0.0987335 0.0759826 0.1123038 0.0723977 0.0745321 0.1379385 0.0715085 0.1084406 0.0556314 0.0332278 0.0361295 0.3407376 0.0493315 0.0793261 0.1112198 0.0782919 0.0977301 0.0846320 0.0767810 0.0775705 0.0690237 0.0880091 0.0719762 0.0650102 0.0363574 0.0678437 0.0715461 0.0535915 0.0970686 0.0690950 0.0630334 0.0869717 0.0609195 0.1062520 0.0762076 0.0656362 0.0933336 0.0620482 0.0674377 0.0544408 0.0705010 0.0940711 0.0962177 0.0586964 0.0530155 0.0770619 0.0592013 0.1747814 0.0438571 0.0712845 0.0965390 0.0616288 
S0552sl       0.1729779 0.1050696 0.0734475 0.0855450 0.1050506 0.1250586 0.1075939 0.0877366 0.1062807 0.1337257 0.1076794 0.1173204 0.1210239 0.1001884 0.1059785 0.1144989 0.0795693 0.0907068 0.0984431 0.1393861 0.1090918 0.1239887 0.0967039 0.1020673 0.0000000 0.1117688 0.1112023 0.1288397 0.0894075 0.0798945 0.1378669 0.0877108 0.1063819 0.1109807 0.0849992 0.0906153 0.0695547 0.1337513 0.1036934 0.1133102 0.0987693 0.0332033 0.0758176 0.0829026 0.0794630 0.0692129 0.0535653 0.0938139 0.0936967 0.0946900 0.0921138 0.0923266 0.0768711 0.0845305 0.0464158 0.0305230 0.0199198 0.0722783 0.0978063 0.1343989 0.1027244 0.0822015 0.0543346 0.0578408 0.1527579 0.0731509 0.1507810 0.0566495 0.1068227 0.1038750 0.0835370 0.0877531 0.1449090 0.0827110 0.1289928 0.0933568 0.0921138 0.0959843 0.4232070 0.1010246 0.1496759 0.1331733 0.0899125 0.0860921 0.1086538 0.0842990 0.0856160 0.0738591 0.0871505 0.0925464 0.0762011 0.1033720 0.0840181 0.0983626 0.1176414 0.1098361 0.0762361 0.1064852 0.0978063 0.0749948 0.1141234 0.0865327 0.0947011 0.0927096 0.1236469 0.0749953 0.0906112 0.0850454 0.0935450 0.1176343 0.0867119 0.0927540 0.0563599 0.0720626 0.2226563 0.0782111 0.0948897 0.1242158 0.0814327 
S0558         0.2047471 0.0792434 0.1284838 0.1173745 0.0850086 0.1036644 0.1260070 0.1158671 0.0893815 0.1341002 0.1146660 0.1324911 0.1294948 0.1006207 0.1290744 0.1139551 0.0776806 0.0818878 0.1213757 0.1014793 0.1134111 0.1161327 0.1029022 0.1028314 0.1117688 0.0000000 0.1209861 0.1206596 0.0898858 0.0877494 0.1393099 0.1080185 0.1134531 0.0781432 0.0672717 0.0973700 0.0840575 0.1600873 0.1012636 0.1297679 0.0721435 0.1225423 0.0936078 0.0840827 0.1017383 0.0933804 0.1309772 0.1006189 0.1006630 0.1285405 0.1053809 0.1102556 0.1194203 0.0980153 0.0959065 0.1455726 0.1111360 0.0934438 0.1137826 0.1856428 0.1050755 0.1048709 0.0951068 0.1085612 0.1687081 0.1045881 0.1785975 0.1160321 0.1297840 0.1169499 0.0848651 0.1152970 0.1605635 0.0807454 0.0779691 0.1703299 0.1053809 0.1094585 0.3582701 0.1081993 0.1433890 0.1264551 0.0909762 0.1082726 0.1319970 0.1120597 0.0807784 0.0782730 0.0908860 0.1213244 0.0714684 0.1021590 0.1159622 0.1201127 0.1257646 0.0709608 0.1049160 0.1270467 0.1137826 0.0696045 0.1354588 0.1122215 0.1069961 0.0777830 0.1218081 0.0645407 0.1071694 0.0587321 0.0716679 0.1255549 0.1080782 0.1100986 0.1231143 0.1144356 0.2393592 0.0813484 0.1102148 0.1163485 0.1159406 
S0616         0.2734198 0.1013386 0.1025293 0.1129413 0.1109578 0.0819029 0.1056181 0.0976222 0.1123564 0.1360155 0.0623520 0.1142866 0.1217957 0.0591099 0.0943819 0.1216803 0.0943237 0.0994941 0.0998168 0.1548588 0.1068690 0.1276099 0.0590037 0.0968030 0.1112023 0.1209861 0.0000000 0.1193646 0.1126405 0.1018801 0.1325839 0.1017137 0.1075413 0.1115335 0.0902352 0.1026055 0.0460301 0.1661714 0.1460563 0.1018746 0.1022016 0.1084189 0.1021629 0.0978636 0.0995546 0.0947549 0.1366371 0.1059362 0.0944690 0.0809517 0.0930607 0.1026772 0.1014754 0.0517822 0.0950178 0.1183857 0.1059017 0.1005655 0.1176716 0.1795539 0.0781506 0.0620868 0.1113223 0.1075222 0.1735079 0.1061533 0.1658658 0.1119295 0.0914242 0.0853592 0.0971513 0.1097626 0.1821254 0.0942510 0.1352716 0.1276010 0.0930607 0.0969910 0.2707729 0.1084335 0.1445329 0.0491063 0.1053489 0.0684738 0.1073857 0.1039026 0.1008813 0.0950875 0.1093017 0.0961942 0.0907285 0.0843235 0.0940511 0.1020599 0.1230952 0.1192426 0.1027569 0.1080045 0.1176716 0.0864870 0.1396201 0.0839791 0.0969679 0.1184298 0.1331597 0.0863644 0.1009154 0.0897198 0.1002598 0.1203441 0.0727636 0.1122569 0.1086032 0.0970777 0.2412673 0.0856927 0.0999112 0.1457161 0.0921342 
S0624         0.2174957 0.1023509 0.0685491 0.0983393 0.1120702 0.1418974 0.0331741 0.0979257 0.1078859 0.0448298 0.1151222 0.1327111 0.0332095 0.1061585 0.1104150 0.1061737 0.0923533 0.1074839 0.0387248 0.1734917 0.0302481 0.1080304 0.1131334 0.0596627 0.1288397 0.1206596 0.1193646 0.0000000 0.1056779 0.1061816 0.0424363 0.0420156 0.0564757 0.1233100 0.0916665 0.0962482 0.0908974 0.1447429 0.1302990 0.1432677 0.1114196 0.1148704 0.0889833 0.0926784 0.0963235 0.0853961 0.1325175 0.1060295 0.0362220 0.1530492 0.0503742 0.0426200 0.0954236 0.1019374 0.1082152 0.1295965 0.1245869 0.1068809 0.1076599 0.1559278 0.0984396 0.1052084 0.1022694 0.1057115 0.1667782 0.0961670 0.1546046 0.1253594 0.1077940 0.1292231 0.1000062 0.1031519 0.1581375 0.0955875 0.1306549 0.0545050 0.0503742 0.0505635 0.3611623 0.0533435 0.0536820 0.1311812 0.1065292 0.1242367 0.1200581 0.1077579 0.0956277 0.0964220 0.1041705 0.0990601 0.0947477 0.0507183 0.0916227 0.0988410 0.0358278 0.1340085 0.0994228 0.0420799 0.1076599 0.0872421 0.1284423 0.1021116 0.0924311 0.1295178 0.0222608 0.0908553 0.0472617 0.1005725 0.1091827 0.1264352 0.0907933 0.0655419 0.1118450 0.0862728 0.2482308 0.0682206 0.1019812 0.1100665 0.0909735 
S0641         0.1841363 0.0658060 0.0587024 0.0948442 0.0504917 0.1049672 0.0996786 0.0906185 0.0600683 0.1126095 0.0996224 0.1259481 0.1053817 0.0860151 0.0965161 0.0832485 0.0302616 0.0443781 0.0916023 0.1161452 0.0939067 0.0821497 0.0889994 0.0844167 0.0894075 0.0898858 0.1126405 0.1056779 0.0000000 0.0410630 0.1246785 0.0827831 0.0909558 0.0683695 0.0337238 0.0862209 0.0625808 0.1184864 0.0824365 0.1096895 0.0680012 0.0865384 0.0760728 0.0383145 0.0797316 0.0694452 0.1168365 0.0957647 0.0825263 0.1160040 0.0715095 0.0947382 0.1082544 0.0776373 0.0902988 0.1002942 0.0989359 0.0619690 0.1017889 0.1340963 0.0771492 0.0934741 0.0920782 0.0954683 0.1331747 0.0795977 0.1275358 0.1132386 0.1064338 0.1216705 0.0441448 0.1028990 0.1319298 0.0329055 0.0872330 0.0782089 0.0715095 0.0750146 0.3302520 0.0956912 0.1290374 0.1350474 0.0440246 0.1065638 0.1018297 0.0933996 0.0382492 0.0360490 0.0547444 0.0954987 0.0379417 0.0779628 0.0907003 0.0948908 0.1019278 0.0771340 0.0827296 0.1029274 0.1017889 0.0308698 0.1223118 0.1012836 0.0985324 0.0643260 0.1113615 0.0409782 0.0825596 0.0466157 0.0711154 0.1142825 0.0683375 0.0941139 0.0971300 0.0922193 0.1948418 0.0647063 0.0981125 0.0832980 0.0905103 
S0643         0.1717527 0.0566659 0.0645256 0.0928209 0.0330599 0.0810690 0.0963814 0.0747657 0.0118967 0.1096936 0.0894156 0.1081201 0.1024940 0.0761910 0.0860942 0.0798927 0.0144910 0.0172419 0.0887664 0.1043876 0.0873663 0.0855085 0.0791241 0.0812871 0.0798945 0.0877494 0.1018801 0.1061816 0.0410630 0.0000000 0.1250390 0.0895681 0.0836993 0.0681502 0.0200550 0.0763793 0.0588862 0.1113418 0.0894220 0.1055633 0.0647100 0.0865001 0.0697205 0.0170035 0.0732834 0.0632369 0.1070000 0.0732586 0.0827460 0.0984679 0.0706878 0.0949995 0.0911555 0.0711617 0.0871474 0.0969768 0.0892584 0.0617781 0.0948366 0.1306635 0.0674833 0.0798759 0.0925257 0.0959362 0.1256653 0.0731585 0.1201887 0.1027042 0.0896081 0.1077783 0.0409710 0.0926208 0.1244997 0.0169698 0.0705951 0.0868869 0.0706878 0.0741451 0.3048808 0.0959503 0.1294135 0.1386366 0.0171120 0.0897159 0.0885189 0.0775093 0.0219820 0.0097299 0.0612637 0.0730291 0.0324731 0.0758584 0.0809328 0.0849254 0.0990507 0.0737310 0.0762446 0.0921946 0.0948366 0.0122673 0.1148811 0.0794912 0.0884579 0.0671947 0.1084737 0.0327722 0.0888882 0.0436403 0.0619287 0.1003650 0.0679627 0.0867785 0.0939242 0.0760729 0.2190987 0.0648767 0.0880756 0.0897174 0.0746808 
S0645sl       0.2320494 0.1108514 0.0748055 0.1222936 0.1243190 0.1601785 0.0474173 0.1128563 0.1095843 0.0594851 0.1261471 0.1547863 0.0500352 0.1292958 0.1207352 0.1205401 0.1138916 0.1155242 0.0502105 0.1896409 0.0447300 0.1336746 0.1251073 0.0686902 0.1378669 0.1393099 0.1325839 0.0424363 0.1246785 0.1250390 0.0000000 0.0510935 0.0633411 0.1435300 0.1068382 0.1113610 0.1106370 0.1626797 0.1435510 0.1564457 0.1201311 0.1216238 0.1109248 0.1108092 0.1151635 0.1034201 0.1414411 0.1215545 0.0480171 0.1667644 0.0628799 0.0553065 0.1143871 0.1182814 0.1198648 0.1386985 0.1334538 0.1193388 0.1365544 0.1657205 0.1103552 0.1150451 0.1158310 0.1147969 0.1786737 0.1112235 0.1731891 0.1307636 0.1160024 0.1337171 0.1120083 0.1229208 0.1772208 0.1173066 0.1435411 0.0755348 0.0628799 0.0662823 0.4147337 0.0597464 0.0719638 0.1518199 0.1254516 0.1366722 0.1209209 0.1231032 0.1173568 0.1148271 0.1152458 0.1147860 0.1029293 0.0571227 0.0992064 0.1140132 0.0501911 0.1360017 0.1183987 0.0538642 0.1365544 0.1027781 0.1487866 0.1098053 0.0988892 0.1388477 0.0471983 0.0988688 0.0564551 0.1017923 0.1209733 0.1235139 0.1053157 0.0755349 0.1202073 0.1043070 0.2316552 0.0815947 0.1139191 0.1173250 0.1089275 
S0656sl       0.1707420 0.0777153 0.0371327 0.0742110 0.1010415 0.1158307 0.0420109 0.0726057 0.1069311 0.0659232 0.0885317 0.1080039 0.0531919 0.0943640 0.0832989 0.0793603 0.0766487 0.0873016 0.0278486 0.1401999 0.0250922 0.0922388 0.0878442 0.0492702 0.0877108 0.1080185 0.1017137 0.0420156 0.0827831 0.0895681 0.0510935 0.0000000 0.0441322 0.1024892 0.0817941 0.0751910 0.0721475 0.1087811 0.0859285 0.1155375 0.0854257 0.0875849 0.0618090 0.0738414 0.0651689 0.0556547 0.1048225 0.0843690 0.0095833 0.1157120 0.0384037 0.0123787 0.0755273 0.0734742 0.0789973 0.0944932 0.0808546 0.0771041 0.0821565 0.1129572 0.0758455 0.0811652 0.0778560 0.0776126 0.1418373 0.0592204 0.1243857 0.0976561 0.0839067 0.1014880 0.0806544 0.0805213 0.1253876 0.0796692 0.1236397 0.0557056 0.0384037 0.0413575 0.3600400 0.0196007 0.0754809 0.1093986 0.0865638 0.0903754 0.0987411 0.0756313 0.0797014 0.0772253 0.0739222 0.0768679 0.0672018 0.0413736 0.0668394 0.0764105 0.0503838 0.1088853 0.0680127 0.0309410 0.0821565 0.0691674 0.0971986 0.0749579 0.0670879 0.0918919 0.0473797 0.0696008 0.0144836 0.0785525 0.0771878 0.1042253 0.0721334 0.0471011 0.0790487 0.0706377 0.1859902 0.0461143 0.0672249 0.0861764 0.0663890 
S0673         0.2121793 0.0782283 0.0510615 0.0904622 0.0949822 0.1426656 0.0536337 0.0743963 0.0803371 0.0787590 0.1065608 0.1347798 0.0534331 0.1059574 0.0915479 0.0800650 0.0769058 0.0844790 0.0567237 0.1287438 0.0530973 0.0980643 0.1057080 0.0443844 0.1063819 0.1134531 0.1075413 0.0564757 0.0909558 0.0836993 0.0633411 0.0441322 0.0000000 0.1148249 0.0764460 0.0852490 0.0906072 0.1398587 0.1047187 0.1422257 0.0900720 0.0996662 0.0773919 0.0740868 0.0809963 0.0708668 0.1132678 0.0883493 0.0410684 0.1283547 0.0144856 0.0508479 0.0808830 0.0908071 0.0931867 0.1173007 0.0954500 0.1019625 0.1026939 0.1397678 0.0836295 0.1057737 0.0859513 0.0856745 0.1565039 0.0808633 0.1495123 0.1027703 0.0860636 0.1134470 0.0790100 0.0858021 0.1541514 0.0799396 0.1174423 0.0775925 0.0144856 0.0170551 0.3789797 0.0581819 0.0820362 0.1329474 0.0803186 0.1082679 0.0978563 0.0836095 0.0860660 0.0743928 0.0852421 0.0788069 0.0713513 0.0416176 0.0805338 0.0845031 0.0562028 0.1076578 0.0839412 0.0568144 0.1026939 0.0663740 0.1228589 0.0758000 0.0875813 0.1004010 0.0588598 0.0737853 0.0520792 0.0769182 0.1076203 0.1100843 0.0767323 0.0273228 0.0966110 0.0661038 0.1672918 0.0525555 0.0836908 0.0976029 0.0618316 
