113
S0055       0.0000000 0.0780656 0.0523118 0.0737392 0.0714333 0.0461603 0.0794098 0.0903025 0.0905774 0.0459036 0.0599176 0.0582625 0.0633791 0.0639775 0.0599176 0.0579123 0.0394189 0.0464270 0.0568742 0.0451616 0.0658354 0.0606573 0.0800223 0.0460703 0.1161732 0.0587865 0.0398785 0.0458226 0.0648177 0.0582155 0.0336484 0.0641562 0.0678665 0.1020536 0.0457328 0.0804186 0.0460104 0.0579625 0.0522561 0.0653464 0.0641562 0.0710338 0.0642079 0.0515884 0.0515137 0.0394744 0.0649396 0.0591794 0.0419166 0.0810470 0.0811552 0.0897666 0.0531917 0.1182994 0.0638272 0.0607583 0.0693243 0.0591370 0.0726909 0.1285123 0.0579625 0.1281002 0.1038093 0.0699090 0.0607583 0.0269726 0.0644787 0.1387611 0.0525682 0.0696716 0.0637276 0.0575944 0.0581745 0.0392190 0.0718764 0.0891459 0.0603250 0.0333075 0.0809950 0.0726020 0.0525682 0.0520634 0.0541069 0.0576656 0.0307419 0.0456281 0.0514863 0.0514863 0.0550510 0.0622836 0.0578080 0.0529508 0.0580404 0.0399454 0.0714364 0.0522949 0.0643365 0.0394189 0.0713026 0.0580975 0.0572266 0.0520692 0.0384918 0.0731456 0.0791726 0.0511480 0.0441528 0.0570230 0.2551963 0.0509577 0.0643365 0.0511480 0.0630997 
S0281       0.0780656 0.0000000 0.0857624 0.0525076 0.0272439 0.0660219 0.0593663 0.0737497 0.0743923 0.0331863 0.0583064 0.0516425 0.0448234 0.0445903 0.0583064 0.0626441 0.0585351 0.0664038 0.0767858 0.0389283 0.0705723 0.0586617 0.0859584 0.0658579 0.1126729 0.0587494 0.0720558 0.0655265 0.0640926 0.0764984 0.0650222 0.0209063 0.0659869 0.1008475 0.0653905 0.0714917 0.0657929 0.0155815 0.0724821 0.0212405 0.0209063 0.0517859 0.0209218 0.0371888 0.0694424 0.0447158 0.0517859 0.0581986 0.0230496 0.0805303 0.0871611 0.0919961 0.0160692 0.1168776 0.0782359 0.0591014 0.0478826 0.0717904 0.0785610 0.1269369 0.0155815 0.1265357 0.0957804 0.0509942 0.0591014 0.0567354 0.0328720 0.1370361 0.0729332 0.0904833 0.0450537 0.0756718 0.0764459 0.0585494 0.0523796 0.0866063 0.0586928 0.0652749 0.0397926 0.0399903 0.0729332 0.0721980 0.0819589 0.0390650 0.0513149 0.0634623 0.0271605 0.0271605 0.0489253 0.0696629 0.0212405 0.0160050 0.0762555 0.0662113 0.0266239 0.0331545 0.0329424 0.0585351 0.0519708 0.0718716 0.0500260 0.0798267 0.0570973 0.0660175 0.0592091 0.0567241 0.0519363 0.0388134 0.2292570 0.0323565 0.0329424 0.0689352 0.0565242 
S0282       0.0523118 0.0857624 0.0000000 0.0815309 0.0789366 0.0157079 0.0872499 0.0987985 0.0816459 0.0593442 0.0672727 0.0653739 0.0704925 0.0649951 0.0672727 0.0588352 0.0211504 0.0271970 0.0501681 0.0518091 0.0525155 0.0681118 0.0879409 0.0394988 0.1256801 0.0730259 0.0213772 0.0268578 0.0721271 0.0519612 0.0400478 0.0713816 0.0756032 0.0928973 0.0524823 0.0883846 0.0269656 0.0650349 0.0210588 0.0727373 0.0713816 0.0784851 0.0714401 0.0593760 0.0454188 0.0460132 0.0721768 0.0664154 0.0492825 0.0890728 0.0891946 0.1191738 0.0673649 0.1016240 0.0801551 0.0682388 0.0697024 0.0734182 0.0803532 0.1179832 0.0650349 0.1176262 0.1126159 0.0772168 0.0682388 0.0272424 0.0717422 0.1276645 0.0158452 0.0769510 0.0708923 0.0514130 0.0519243 0.0598589 0.0794361 0.0975356 0.0677368 0.0267693 0.0814192 0.0802486 0.0158452 0.0325301 0.0470782 0.0582732 0.0305150 0.0523642 0.0583412 0.0583412 0.0551226 0.0692457 0.0648553 0.0670450 0.0518091 0.0157397 0.0722093 0.0592799 0.0653665 0.0211504 0.0787915 0.0381161 0.0641848 0.0386606 0.0448442 0.0743562 0.0715310 0.0451019 0.0787683 0.0579162 0.2367307 0.0577312 0.0653665 0.0579517 0.0640895 
S0289       0.0737392 0.0525076 0.0815309 0.0000000 0.0534999 0.0614215 0.0392957 0.0843852 0.0758273 0.0106451 0.0675783 0.0331598 0.0395106 0.0462258 0.0675783 0.0648819 0.0538836 0.0617884 0.0725121 0.0340902 0.0804867 0.0680146 0.0799920 0.0459518 0.1166824 0.0274300 0.0675951 0.0609498 0.0332236 0.0585224 0.0604708 0.0396798 0.0754965 0.0968424 0.0608210 0.0746688 0.0612059 0.0337932 0.0540310 0.0403822 0.0396798 0.0596307 0.0335135 0.0608655 0.0517935 0.0399825 0.0596307 0.0734484 0.0292382 0.0585144 0.0711637 0.1253970 0.0349441 0.0901952 0.0552888 0.0685534 0.0634617 0.0806346 0.0877225 0.1142088 0.0337932 0.1138581 0.0823440 0.0586845 0.0685534 0.0521950 0.0468173 0.1240584 0.0684332 0.0788435 0.0397120 0.0578964 0.0584806 0.0471965 0.0336103 0.0823927 0.0680470 0.0607118 0.0545884 0.0457180 0.0684332 0.0607118 0.0626635 0.0402969 0.0534175 0.0395772 0.0403124 0.0403124 0.0169403 0.0653048 0.0337115 0.0347898 0.0583459 0.0615995 0.0462681 0.0341943 0.0397971 0.0538836 0.0465374 0.0741886 0.0517935 0.0754416 0.0397396 0.0545042 0.0518120 0.0457686 0.0598204 0.0459341 0.2113277 0.0390608 0.0397971 0.0646069 0.0643682 
S0292       0.0714333 0.0272439 0.0789366 0.0534999 0.0000000 0.0595005 0.0520196 0.0661615 0.0667321 0.0337817 0.0514209 0.0514209 0.0446414 0.0387052 0.0514209 0.0564892 0.0522383 0.0598457 0.0702853 0.0331009 0.0641484 0.0517258 0.0855190 0.0593627 0.1036321 0.0524317 0.0654824 0.0590563 0.0577765 0.0700191 0.0586069 0.0451873 0.0587390 0.0862129 0.0589356 0.0723044 0.0592978 0.0392876 0.0658606 0.0459883 0.0451873 0.0515629 0.0452229 0.0303485 0.0631284 0.0388157 0.0515629 0.0579384 0.0168437 0.0801204 0.0867085 0.0753393 0.0406219 0.1014449 0.0624739 0.0521043 0.0473148 0.0640455 0.0705531 0.1108278 0.0392876 0.1105004 0.0868122 0.0507791 0.0521043 0.0506510 0.0267986 0.1203162 0.0662663 0.0837227 0.0387488 0.0692702 0.0699708 0.0522494 0.0521505 0.0786931 0.0517556 0.0588334 0.0396779 0.0398282 0.0662663 0.0656066 0.0749748 0.0211189 0.0444924 0.0572136 0.0157115 0.0157115 0.0418154 0.0633312 0.0391912 0.0404425 0.0698021 0.0596656 0.0518644 0.0272919 0.0392851 0.0522383 0.0517457 0.0653148 0.0441172 0.0730305 0.0509685 0.0594977 0.0589389 0.0506373 0.0517115 0.0386617 0.2051329 0.0385666 0.0392851 0.0626740 0.0562800 
S0293       0.0461603 0.0660219 0.0157079 0.0614215 0.0595005 0.0000000 0.0671831 0.0773909 0.0615167 0.0406731 0.0606988 0.0590024 0.0518303 0.0523132 0.0606988 0.0586436 0.0051837 0.0106627 0.0328001 0.0338399 0.0523485 0.0614564 0.0810611 0.0221142 0.1177807 0.0536672 0.0159263 0.0105298 0.0530007 0.0589543 0.0340779 0.0524531 0.0687677 0.0728428 0.0342608 0.0680257 0.0105729 0.0463274 0.0051616 0.0534185 0.0524531 0.0591697 0.0524956 0.0387074 0.0521637 0.0340458 0.0591697 0.0599410 0.0364066 0.0755126 0.0822203 0.1018957 0.0479527 0.0874694 0.0729257 0.0615611 0.0566791 0.0668063 0.0736294 0.0963163 0.0463274 0.0960493 0.0908288 0.0582379 0.0615611 0.0216439 0.0527248 0.1053272 0.0051884 0.0705363 0.0521084 0.0583182 0.0589121 0.0410205 0.0598689 0.0903323 0.0611162 0.0104967 0.0685010 0.0604780 0.0051884 0.0159437 0.0348274 0.0399648 0.0119318 0.0462079 0.0400112 0.0400112 0.0359713 0.0509437 0.0462079 0.0477331 0.0587747 0.0000026 0.0530371 0.0468854 0.0526065 0.0051837 0.0593899 0.0213597 0.0457503 0.0216522 0.0389689 0.0609303 0.0526032 0.0397475 0.0593559 0.0455920 0.2693039 0.0515940 0.0526065 0.0517889 0.0638809 
S0299       0.0794098 0.0593663 0.0872499 0.0392957 0.0520196 0.0671831 0.0000000 0.0830492 0.0746581 0.0274289 0.0665692 0.0397403 0.0332757 0.0460083 0.0665692 0.0703940 0.0595534 0.0675769 0.0780865 0.0395989 0.0861387 0.0669919 0.0874516 0.0514458 0.1241786 0.0327840 0.0733092 0.0666716 0.0518739 0.0640276 0.0661503 0.0584300 0.0747821 0.0942095 0.0602471 0.0804082 0.0669461 0.0522631 0.0597176 0.0595115 0.0584300 0.0526842 0.0518395 0.0598717 0.0572544 0.0518944 0.0526842 0.0660820 0.0228452 0.0517225 0.0712461 0.1022885 0.0541002 0.1099565 0.0491474 0.0675139 0.0627881 0.0580764 0.0645059 0.1197621 0.0522631 0.1193923 0.0660858 0.0518663 0.0675139 0.0576929 0.0523729 0.1296410 0.0742166 0.0855757 0.0273538 0.0633461 0.0639827 0.0595685 0.0402975 0.0811185 0.0670235 0.0664115 0.0540352 0.0392896 0.0742166 0.0734567 0.0696661 0.0458045 0.0597346 0.0513701 0.0397552 0.0397552 0.0292158 0.0646998 0.0521258 0.0538507 0.0638328 0.0673794 0.0655998 0.0465746 0.0462629 0.0595534 0.0399863 0.0798853 0.0638760 0.0812294 0.0452046 0.0542348 0.0452375 0.0576819 0.0528407 0.0394803 0.1979048 0.0453867 0.0462629 0.0700869 0.0574761 
S0303       0.0903025 0.0737497 0.0987985 0.0843852 0.0661615 0.0773909 0.0830492 0.0000000 0.0463325 0.0612739 0.0270790 0.0739590 0.0660934 0.0735113 0.0270790 0.0878418 0.0690750 0.0778605 0.0816542 0.0534267 0.0974690 0.0213896 0.1060274 0.0624118 0.0969037 0.0754872 0.0759009 0.0767725 0.0727295 0.0883491 0.0761369 0.0662178 0.0333524 0.0656362 0.0766008 0.0158976 0.0770986 0.0598111 0.0843983 0.0674894 0.0662178 0.0741765 0.0662729 0.0451867 0.0806020 0.0606825 0.0741765 0.0826974 0.0501013 0.1003450 0.0913440 0.0949470 0.0549810 0.0948604 0.0880332 0.0521437 0.0349349 0.0903029 0.0977662 0.0803222 0.0598111 0.0880941 0.1006633 0.0729472 0.0521437 0.0667929 0.0592058 0.0970165 0.0849619 0.0941558 0.0664751 0.0873261 0.0882867 0.0611480 0.0607413 0.0724767 0.0272489 0.0764529 0.0599625 0.0758903 0.0849619 0.0840396 0.0951114 0.0524031 0.0704118 0.0741823 0.0461945 0.0461945 0.0646632 0.0869179 0.0596459 0.0616862 0.0880413 0.0700472 0.0674370 0.0533052 0.0671402 0.0690750 0.0669615 0.0908614 0.0733702 0.0924870 0.0667047 0.0678332 0.0827850 0.0667864 0.0744448 0.0594289 0.2712921 0.0657772 0.0671402 0.0657583 0.0787798 
S0308       0.0905774 0.0743923 0.0816459 0.0758273 0.0667321 0.0615167 0.0746581 0.0463325 0.0000000 0.0613394 0.0333803 0.0746048 0.0666638 0.0741492 0.0333803 0.0812395 0.0539682 0.0618844 0.0889544 0.0538937 0.0815730 0.0394974 0.0991156 0.0684703 0.0811184 0.0674105 0.0534082 0.0610437 0.0666631 0.0886103 0.0686369 0.0667904 0.0399988 0.0728385 0.0540749 0.0528573 0.0612994 0.0603314 0.0681027 0.0680828 0.0667904 0.0748259 0.0603314 0.0315188 0.0808313 0.0608476 0.0748259 0.0760827 0.0430401 0.0836499 0.0905606 0.1266708 0.0625401 0.0874625 0.0790724 0.0335710 0.0354587 0.0835799 0.0909685 0.0963104 0.0603314 0.0960433 0.0999432 0.0542123 0.0335710 0.0669749 0.0597158 0.0968081 0.0685366 0.1039557 0.0670521 0.0875801 0.0885483 0.0692922 0.0612760 0.0726751 0.0275095 0.0608051 0.0345219 0.0677505 0.0685366 0.0678306 0.0715271 0.0528530 0.0622090 0.0743902 0.0465934 0.0465934 0.0578643 0.0810979 0.0601632 0.0622369 0.0883001 0.0546830 0.0744289 0.0537702 0.0677274 0.0539682 0.0603068 0.0742963 0.0735738 0.0606566 0.0674396 0.0844175 0.0744354 0.0669685 0.0750997 0.0599425 0.3517203 0.0663424 0.0677274 0.0737414 0.0794506 
S0320       0.0459036 0.0331863 0.0593442 0.0106451 0.0337817 0.0406731 0.0274289 0.0612739 0.0613394 0.0000000 0.0465023 0.0274119 0.0214352 0.0333129 0.0465023 0.0451016 0.0340164 0.0409122 0.0515562 0.0161678 0.0586276 0.0467820 0.0723268 0.0336662 0.0992346 0.0160833 0.0465299 0.0403724 0.0274631 0.0388648 0.0400756 0.0215153 0.0538196 0.0732258 0.0402933 0.0529623 0.0405412 0.0160307 0.0340988 0.0218695 0.0215153 0.0395511 0.0160307 0.0382178 0.0327735 0.0274816 0.0395511 0.0521899 0.0172125 0.0457459 0.0650044 0.0842578 0.0165470 0.0879879 0.0492035 0.0471302 0.0421388 0.0587330 0.0652607 0.0969338 0.0160307 0.0966619 0.0668836 0.0389629 0.0471302 0.0330177 0.0277269 0.1060506 0.0470604 0.0643440 0.0215333 0.0384725 0.0388367 0.0340203 0.0277802 0.0599027 0.0468113 0.0340164 0.0345805 0.0334909 0.0470604 0.0466069 0.0484543 0.0218347 0.0314294 0.0272099 0.0218399 0.0218399 0.0172305 0.0450462 0.0159959 0.0164793 0.0387598 0.0407751 0.0274177 0.0162155 0.0215791 0.0340164 0.0275724 0.0526687 0.0387735 0.0534950 0.0215540 0.0406744 0.0393757 0.0330012 0.0396526 0.0272404 0.1781456 0.0212075 0.0215791 0.0445854 0.0444353 
S0322       0.0599176 0.0583064 0.0672727 0.0675783 0.0514209 0.0606988 0.0665692 0.0270790 0.0333803 0.0465023 0.0000000 0.0461462 0.0513680 0.0581399 0.0000010 0.0584247 0.0532596 0.0610576 0.0716819 0.0394914 0.0664333 0.0051297 0.0738581 0.0605537 0.0599094 0.0596391 0.0539193 0.0602367 0.0513753 0.0587332 0.0471592 0.0514571 0.0051858 0.0582396 0.0601109 0.0325633 0.0604875 0.0454523 0.0672000 0.0523854 0.0514571 0.0586363 0.0514980 0.0303796 0.0519669 0.0398200 0.0586363 0.0532390 0.0356168 0.0748146 0.0749140 0.0935317 0.0470161 0.0863237 0.0568680 0.0215824 0.0164760 0.0599362 0.0666166 0.0799557 0.0454523 0.0797565 0.0973301 0.0577202 0.0215824 0.0396102 0.0450233 0.0882392 0.0676229 0.0646665 0.0516412 0.0581014 0.0586914 0.0532714 0.0461246 0.0393186 0.0000026 0.0600043 0.0455749 0.0599225 0.0676229 0.0669351 0.0696824 0.0387769 0.0527293 0.0460303 0.0329693 0.0329693 0.0489572 0.0706990 0.0453375 0.0468051 0.0585549 0.0539561 0.0523650 0.0334575 0.0521309 0.0532596 0.0588526 0.0733213 0.0577258 0.0745448 0.0457404 0.0600324 0.0663835 0.0515947 0.0588187 0.0451837 0.2292449 0.0392443 0.0521309 0.0515947 0.0511474 
S0327       0.0582625 0.0516425 0.0653739 0.0331598 0.0514209 0.0590024 0.0397403 0.0739590 0.0746048 0.0274119 0.0461462 0.0000000 0.0268473 0.0507301 0.0461462 0.0568543 0.0518124 0.0593423 0.0697067 0.0328470 0.0645817 0.0464217 0.0655266 0.0588675 0.0983730 0.0393533 0.0524355 0.0585655 0.0320427 0.0444921 0.0458861 0.0508608 0.0533969 0.0928559 0.0584467 0.0716897 0.0588033 0.0449292 0.0519479 0.0517660 0.0508608 0.0452831 0.0509007 0.0512633 0.0383042 0.0387881 0.0452831 0.0334588 0.0291649 0.0527857 0.0664444 0.0925914 0.0464564 0.1083574 0.0492740 0.0467646 0.0545228 0.0522452 0.0456194 0.1179859 0.0449292 0.1176282 0.0730668 0.0325703 0.0467646 0.0385884 0.0450233 0.1276901 0.0657039 0.0702820 0.0269726 0.0440413 0.0444606 0.0518232 0.0213211 0.0594324 0.0464512 0.0583463 0.0464026 0.0337260 0.0657039 0.0650553 0.0676480 0.0387769 0.0511395 0.0327154 0.0329693 0.0329693 0.0167423 0.0628189 0.0448171 0.0462505 0.0443695 0.0591647 0.0576485 0.0334575 0.0272119 0.0518124 0.0331545 0.0712515 0.0561938 0.0724041 0.0269960 0.0590001 0.0396482 0.0502380 0.0454056 0.0327510 0.2334396 0.0270908 0.0272119 0.0502380 0.0384459 
S0335       0.0633791 0.0448234 0.0704925 0.0395106 0.0446414 0.0518303 0.0332757 0.0660934 0.0666638 0.0214352 0.0513680 0.0268473 0.0000000 0.0440584 0.0513680 0.0618579 0.0449773 0.0521257 0.0624073 0.0267598 0.0696481 0.0516726 0.0706530 0.0517229 0.1035274 0.0329611 0.0576216 0.0514538 0.0381510 0.0495378 0.0510768 0.0441662 0.0586788 0.0845066 0.0513527 0.0641215 0.0516613 0.0384077 0.0450900 0.0449292 0.0441662 0.0387059 0.0442003 0.0437022 0.0433415 0.0381707 0.0387059 0.0510391 0.0227774 0.0520022 0.0716210 0.0907340 0.0396818 0.0993813 0.0624062 0.0520505 0.0410496 0.0574162 0.0637784 0.1085126 0.0384077 0.1082017 0.0653232 0.0381434 0.0520505 0.0436593 0.0384884 0.1177521 0.0582826 0.0752576 0.0210996 0.0490406 0.0495030 0.0449850 0.0272006 0.0646422 0.0517027 0.0512674 0.0396365 0.0395044 0.0582826 0.0577231 0.0664302 0.0324846 0.0435930 0.0378008 0.0268546 0.0268546 0.0169728 0.0557945 0.0383169 0.0395112 0.0494008 0.0519660 0.0506642 0.0329950 0.0327851 0.0449773 0.0270017 0.0637507 0.0494247 0.0647493 0.0320915 0.0518299 0.0218416 0.0436441 0.0388022 0.0266828 0.1842311 0.0322062 0.0327851 0.0552322 0.0435009 
S0345       0.0639775 0.0445903 0.0649951 0.0462258 0.0387052 0.0523132 0.0460083 0.0735113 0.0741492 0.0333129 0.0581399 0.0507301 0.0440584 0.0000000 0.0581399 0.0374288 0.0453827 0.0526140 0.0629856 0.0269829 0.0440851 0.0584928 0.0702603 0.0522031 0.1122352 0.0455514 0.0581623 0.0519296 0.0508313 0.0627467 0.0515451 0.0445566 0.0657855 0.0853578 0.0518265 0.0647343 0.0521408 0.0387427 0.0584847 0.0453342 0.0445566 0.0508683 0.0445903 0.0509478 0.0561186 0.0385006 0.0382461 0.0637575 0.0110702 0.0789507 0.0854351 0.0993860 0.0400391 0.0846766 0.0632468 0.0589296 0.0475112 0.0704370 0.0770576 0.1096828 0.0387427 0.1093629 0.0938209 0.0501061 0.0589296 0.0440399 0.0447804 0.1190534 0.0588366 0.0759780 0.0442800 0.0620914 0.0627031 0.0453906 0.0514389 0.0863111 0.0585238 0.0517395 0.0526809 0.0392992 0.0588366 0.0453348 0.0533433 0.0385724 0.0371941 0.0503472 0.0212916 0.0212916 0.0417361 0.0562994 0.0386491 0.0398660 0.0625600 0.0524516 0.0511241 0.0391929 0.0324017 0.0453827 0.0510449 0.0643549 0.0377731 0.0653752 0.0443069 0.0161708 0.0581198 0.0321592 0.0510111 0.0263814 0.2517353 0.0438673 0.0324017 0.0557266 0.0429901 
S0355       0.0599176 0.0583064 0.0672727 0.0675783 0.0514209 0.0606988 0.0665692 0.0270790 0.0333803 0.0465023 0.0000010 0.0461462 0.0513680 0.0581399 0.0000000 0.0584247 0.0532596 0.0610576 0.0716819 0.0394914 0.0664333 0.0051297 0.0738581 0.0605537 0.0599094 0.0596391 0.0539193 0.0602367 0.0513753 0.0587332 0.0471592 0.0514571 0.0051858 0.0582396 0.0601109 0.0325633 0.0604875 0.0454523 0.0672000 0.0523854 0.0514571 0.0586363 0.0514980 0.0303796 0.0519669 0.0398200 0.0586363 0.0532390 0.0356168 0.0748146 0.0749140 0.0935317 0.0470161 0.0863237 0.0568680 0.0215824 0.0164760 0.0599362 0.0666166 0.0799557 0.0454523 0.0797565 0.0973301 0.0577202 0.0215824 0.0396102 0.0450233 0.0882392 0.0676229 0.0646665 0.0516412 0.0581014 0.0586914 0.0532714 0.0461246 0.0393186 0.0000026 0.0600043 0.0455749 0.0599225 0.0676229 0.0669351 0.0696824 0.0387769 0.0527293 0.0460303 0.0329693 0.0329693 0.0489572 0.0706990 0.0453375 0.0468051 0.0585549 0.0539561 0.0523650 0.0334575 0.0521309 0.0532596 0.0588526 0.0733213 0.0577258 0.0745448 0.0457404 0.0600324 0.0663835 0.0515947 0.0588187 0.0451837 0.2292449 0.0392443 0.0521309 0.0515947 0.0511474 
S0376       0.0579123 0.0626441 0.0588352 0.0648819 0.0564892 0.0586436 0.0703940 0.0878418 0.0812395 0.0451016 0.0584247 0.0568543 0.0618579 0.0374288 0.0584247 0.0000000 0.0515065 0.0589795 0.0692874 0.0382621 0.0267277 0.0591282 0.0779490 0.0518771 0.1128088 0.0573258 0.0521220 0.0582119 0.0632251 0.0568096 0.0456174 0.0625949 0.0661136 0.0857781 0.0580947 0.0783234 0.0521220 0.0565685 0.0649036 0.0637249 0.0625949 0.0692721 0.0506057 0.0510524 0.0502985 0.0385703 0.0557945 0.0577263 0.0284859 0.0717943 0.0718855 0.1163876 0.0585029 0.0850914 0.0695421 0.0592220 0.0674973 0.0643038 0.0708445 0.1102346 0.0565685 0.1099112 0.1009501 0.0682042 0.0592220 0.0383726 0.0629033 0.1196570 0.0652975 0.0698552 0.0621882 0.0562195 0.0567698 0.0515172 0.0636653 0.0867415 0.0588121 0.0579955 0.0788677 0.0508774 0.0652975 0.0646572 0.0542651 0.0562882 0.0438156 0.0445619 0.0380790 0.0380790 0.0545064 0.0624488 0.0564223 0.0582394 0.0505286 0.0588038 0.0696531 0.0510405 0.0496467 0.0515065 0.0695275 0.0582589 0.0435339 0.0719501 0.0502731 0.0573546 0.0702003 0.0383574 0.0694988 0.0430978 0.2261333 0.0497702 0.0496467 0.0266828 0.0487591 
S0400       0.0394189 0.0585351 0.0211504 0.0538836 0.0522383 0.0051837 0.0595534 0.0690750 0.0539682 0.0340164 0.0532596 0.0518124 0.0449773 0.0453827 0.0532596 0.0515065 0.0000000 0.0052126 0.0267143 0.0275369 0.0454143 0.0539137 0.0729339 0.0162029 0.1078008 0.0465346 0.0103825 0.0051486 0.0459645 0.0517710 0.0277231 0.0454979 0.0609027 0.0651165 0.0278681 0.0602734 0.0051695 0.0395579 0.0104251 0.0463102 0.0454979 0.0519565 0.0455340 0.0314008 0.0452566 0.0277005 0.0519565 0.0526219 0.0295761 0.0674602 0.0739633 0.0911112 0.0409106 0.0791626 0.0645390 0.0539941 0.0490680 0.0592222 0.0658052 0.0875550 0.0395579 0.0873263 0.0821192 0.0511608 0.0539941 0.0158652 0.0457316 0.0961356 0.0104800 0.0631112 0.0452090 0.0512269 0.0517344 0.0342995 0.0525531 0.0816753 0.0536185 0.0051329 0.0606783 0.0530771 0.0104800 0.0103927 0.0283235 0.0334416 0.0058173 0.0394602 0.0334796 0.0334796 0.0292313 0.0442328 0.0394602 0.0407286 0.0516201 0.0051934 0.0459873 0.0400267 0.0456304 0.0000010 0.0521422 0.0156639 0.0390829 0.0158717 0.0326319 0.0534642 0.0456393 0.0332636 0.0521078 0.0389533 0.2693039 0.0447779 0.0456304 0.0449421 0.0566984 
S0405       0.0464270 0.0664038 0.0271970 0.0617884 0.0598457 0.0106627 0.0675769 0.0778605 0.0618844 0.0409122 0.0610576 0.0593423 0.0521257 0.0526140 0.0610576 0.0589795 0.0052126 0.0000000 0.0329839 0.0340352 0.0526496 0.0618234 0.0646496 0.0222419 0.1184785 0.0539826 0.0160156 0.0105889 0.0533090 0.0592936 0.0342760 0.0527556 0.0691801 0.0732626 0.0344610 0.0684292 0.0106325 0.0465960 0.0160852 0.0537319 0.0527556 0.0595113 0.0527985 0.0389606 0.0524628 0.0342428 0.0595113 0.0452621 0.0295761 0.0592851 0.0655445 0.1026072 0.0482396 0.0879725 0.0733828 0.0619297 0.0570288 0.0515606 0.0578641 0.0968750 0.0465960 0.0966047 0.0805212 0.0585693 0.0619297 0.0217664 0.0530300 0.1059394 0.0161726 0.0709312 0.0524069 0.0586506 0.0592510 0.0412635 0.0602183 0.0908663 0.0614796 0.0105555 0.0689103 0.0608340 0.0161726 0.0160333 0.0350342 0.0401958 0.0120078 0.0464751 0.0402427 0.0402427 0.0361911 0.0512293 0.0464751 0.0480175 0.0591119 0.0106839 0.0533462 0.0471600 0.0529105 0.0052126 0.0597341 0.0214790 0.0460123 0.0217748 0.0391887 0.0612913 0.0529065 0.0399760 0.0597000 0.0458521 0.2693039 0.0518868 0.0529105 0.0520838 0.0642380 
S0412sl     0.0568742 0.0767858 0.0501681 0.0725121 0.0702853 0.0328001 0.0780865 0.0816542 0.0889544 0.0515562 0.0716819 0.0697067 0.0624073 0.0629856 0.0716819 0.0692874 0.0267143 0.0329839 0.0000000 0.0445098 0.0630241 0.0725483 0.0786755 0.0327495 0.1289859 0.0521693 0.0383001 0.0325709 0.0515380 0.0696512 0.0448240 0.0510196 0.0799244 0.0931785 0.0450622 0.0790578 0.0327013 0.0570773 0.0384867 0.0643074 0.0631578 0.0575250 0.0632079 0.0507740 0.0628077 0.0447755 0.0698995 0.0707846 0.0292682 0.0732772 0.0797706 0.0981430 0.0590464 0.1087224 0.0775431 0.0667654 0.0681485 0.0648969 0.0714994 0.1183822 0.0570773 0.1180222 0.0732929 0.0688127 0.0667654 0.0320667 0.0634713 0.1281153 0.0387032 0.0685830 0.0627438 0.0689109 0.0696031 0.0519884 0.0707139 0.1013854 0.0721628 0.0324616 0.0730451 0.0714142 0.0387032 0.0383558 0.0457829 0.0506644 0.0235544 0.0569283 0.0507218 0.0507218 0.0472585 0.0495959 0.0569283 0.0587779 0.0694369 0.0328757 0.0638577 0.0577434 0.0633336 0.0267143 0.0701597 0.0440190 0.0563653 0.0446592 0.0494121 0.0719394 0.0633062 0.0503941 0.0576990 0.0561685 0.2364086 0.0621265 0.0633336 0.0623586 0.0743132 
S0417       0.0451616 0.0389283 0.0518091 0.0340902 0.0331009 0.0338399 0.0395989 0.0534267 0.0538937 0.0161678 0.0394914 0.0328470 0.0267598 0.0269829 0.0394914 0.0382621 0.0275369 0.0340352 0.0445098 0.0000000 0.0512044 0.0397203 0.0642872 0.0337852 0.0895157 0.0276423 0.0395195 0.0335961 0.0329097 0.0443353 0.0333577 0.0270427 0.0463842 0.0585824 0.0335328 0.0456697 0.0216272 0.0214952 0.0397202 0.0274933 0.0270427 0.0329353 0.0270633 0.0241265 0.0381733 0.0213789 0.0329353 0.0450408 0.0112273 0.0589585 0.0651711 0.0823929 0.0221922 0.0723343 0.0493642 0.0400063 0.0350188 0.0512962 0.0575545 0.0804748 0.0214952 0.0802725 0.0727678 0.0324613 0.0400063 0.0267552 0.0271807 0.0888319 0.0399511 0.0506437 0.0268842 0.0438878 0.0443040 0.0275389 0.0213510 0.0657380 0.0397476 0.0334796 0.0402815 0.0336089 0.0399511 0.0395795 0.0473174 0.0214142 0.0243527 0.0326054 0.0159297 0.0159297 0.0231186 0.0325374 0.0214474 0.0221000 0.0319271 0.0339204 0.0330834 0.0217429 0.0271219 0.0275369 0.0330414 0.0393898 0.0323093 0.0461196 0.0269075 0.0338420 0.0395075 0.0211977 0.0330121 0.0211960 0.2113325 0.0266489 0.0271219 0.0322165 0.0377992 
S0427       0.0658354 0.0705723 0.0525155 0.0804867 0.0641484 0.0523485 0.0861387 0.0974690 0.0815730 0.0586276 0.0664333 0.0645817 0.0696481 0.0440851 0.0664333 0.0267277 0.0454143 0.0526496 0.0630241 0.0512044 0.0000000 0.0672520 0.0868115 0.0522383 0.1058661 0.0721199 0.0459502 0.0519645 0.0712420 0.0645295 0.0462620 0.0705154 0.0746287 0.1092081 0.0521339 0.0872438 0.0521759 0.0642505 0.0585226 0.0718359 0.0705154 0.0775179 0.0705723 0.0510524 0.0576841 0.0454782 0.0633296 0.0655987 0.0349128 0.0879164 0.0880349 0.1186251 0.0665232 0.1082924 0.0785841 0.0531372 0.0762280 0.0725010 0.0793380 0.1362401 0.0642505 0.1357933 0.1110914 0.0701597 0.0531372 0.0392212 0.0708676 0.1369143 0.0588748 0.0849620 0.0700377 0.0638368 0.0644846 0.0591298 0.0784438 0.0962357 0.0596730 0.0517742 0.0725936 0.0651778 0.0588748 0.0583037 0.0406306 0.0575827 0.0241529 0.0517456 0.0448775 0.0448775 0.0544383 0.0768646 0.0640766 0.0662114 0.0643309 0.0524871 0.0713208 0.0585649 0.0569059 0.0454143 0.0778162 0.0643947 0.0505028 0.0516553 0.0576491 0.0651580 0.0706635 0.0572699 0.0777924 0.0499762 0.2906615 0.0570547 0.0569059 0.0388615 0.0558488 
S0430       0.0606573 0.0586617 0.0681118 0.0680146 0.0517258 0.0614564 0.0669919 0.0213896 0.0394974 0.0467820 0.0051297 0.0464217 0.0516726 0.0584928 0.0051297 0.0591282 0.0539137 0.0618234 0.0725483 0.0397203 0.0672520 0.0000000 0.0747767 0.0613067 0.0668902 0.0600104 0.0545895 0.0609834 0.0579102 0.0594441 0.0477411 0.0517627 0.0105135 0.0650083 0.0608545 0.0267952 0.0612397 0.0457193 0.0680375 0.0527026 0.0517627 0.0589954 0.0518042 0.0307730 0.0525907 0.0402979 0.0589954 0.0538924 0.0358331 0.0757545 0.0758564 0.0943077 0.0473022 0.0939003 0.0572421 0.0273584 0.0222823 0.0606757 0.0674399 0.0874337 0.0457193 0.0872055 0.0985683 0.0580678 0.0273584 0.0400831 0.0452850 0.0960134 0.0684705 0.0650649 0.0519492 0.0587975 0.0594012 0.0539260 0.0463996 0.0455829 0.0051607 0.0607452 0.0458430 0.0602979 0.0684705 0.0677660 0.0705791 0.0389974 0.0534513 0.0465853 0.0331542 0.0331542 0.0492678 0.0711355 0.0456031 0.0470885 0.0592613 0.0546273 0.0526815 0.0336481 0.0524449 0.0539137 0.0592146 0.0742270 0.0584129 0.0754805 0.0460108 0.0604089 0.0668034 0.0522095 0.0591806 0.0454474 0.2334396 0.0394705 0.0524449 0.0522095 0.0514492 
S0552sl     0.0800223 0.0859584 0.0879409 0.0799920 0.0855190 0.0810611 0.0874516 0.1060274 0.0991156 0.0723268 0.0738581 0.0655266 0.0706530 0.0702603 0.0738581 0.0779490 0.0729339 0.0646496 0.0786755 0.0642872 0.0868115 0.0747767 0.0000000 0.0808253 0.1141111 0.0731969 0.0738696 0.0804368 0.0722946 0.0783759 0.0666423 0.0715461 0.0745276 0.1255784 0.0742408 0.0885909 0.0807640 0.0780381 0.0878485 0.0861721 0.0845376 0.0518886 0.0846072 0.0748160 0.0711272 0.0524410 0.0786652 0.0270786 0.0289076 0.0336963 0.0216222 0.1310472 0.0808721 0.1315450 0.0949632 0.0688184 0.0766188 0.0216261 0.0273064 0.1421200 0.0780381 0.1416528 0.0806119 0.0629148 0.0688184 0.0580970 0.0781902 0.1526739 0.0884146 0.0969222 0.0710546 0.0775101 0.0783222 0.0666994 0.0796201 0.1046898 0.0743682 0.0801122 0.0815117 0.0804358 0.0884146 0.0728568 0.0758260 0.0709912 0.0746661 0.0589408 0.0645706 0.0645706 0.0774178 0.0975090 0.0778131 0.0804790 0.0781211 0.0813128 0.0924768 0.0656200 0.0717481 0.0729339 0.0789728 0.0940832 0.0708848 0.0957104 0.0710741 0.0797610 0.0871747 0.0572375 0.0659314 0.0640956 0.3164327 0.0578646 0.0717481 0.0705959 0.0703324 
S0558       0.0460703 0.0658579 0.0394988 0.0459518 0.0593627 0.0221142 0.0514458 0.0624118 0.0684703 0.0336662 0.0605537 0.0588675 0.0517229 0.0522031 0.0605537 0.0518771 0.0162029 0.0222419 0.0327495 0.0337852 0.0522383 0.0613067 0.0808253 0.0000000 0.1173052 0.0391097 0.0276756 0.0219568 0.0528869 0.0588197 0.0340222 0.0523423 0.0685853 0.0890045 0.0342043 0.0539337 0.0220479 0.0462366 0.0278072 0.0533023 0.0523423 0.0590339 0.0458574 0.0386308 0.0520545 0.0339903 0.0590339 0.0598007 0.0292592 0.0588114 0.0517472 0.0828939 0.0412945 0.1047833 0.0555951 0.0614104 0.0565438 0.0666374 0.0734303 0.1054898 0.0462366 0.1141963 0.0905341 0.0581075 0.0614104 0.0216165 0.0526125 0.1244113 0.0279648 0.0703583 0.0519994 0.0581873 0.0587778 0.0342055 0.0597288 0.0900415 0.0609685 0.0218835 0.0683204 0.0452923 0.0279648 0.0277123 0.0285175 0.0398936 0.0119183 0.0461177 0.0399397 0.0399397 0.0289217 0.0508421 0.0461177 0.0476351 0.0586412 0.0221629 0.0529229 0.0467918 0.0524948 0.0162029 0.0592527 0.0334083 0.0456625 0.0338944 0.0389020 0.0533026 0.0383906 0.0396772 0.0592188 0.0455049 0.2328055 0.0514879 0.0524948 0.0391231 0.0637307 
S0616       0.1161732 0.1126729 0.1256801 0.1166824 0.1036321 0.1177807 0.1241786 0.0969037 0.0811184 0.0992346 0.0599094 0.0983730 0.1035274 0.1122352 0.0599094 0.1128088 0.1078008 0.1184785 0.1289859 0.0895157 0.1058661 0.0668902 0.1141111 0.1173052 0.0000000 0.1153776 0.1093416 0.1167966 0.1034969 0.1135034 0.0811852 0.1037512 0.0517869 0.1402621 0.0988181 0.1034831 0.1172814 0.0966689 0.1255480 0.1059175 0.1037512 0.1133355 0.1038421 0.0675005 0.0890566 0.0836373 0.1133355 0.1077366 0.0645099 0.1352433 0.1157811 0.1764636 0.1004495 0.1540263 0.1156454 0.0528644 0.0618187 0.1161655 0.1243061 0.1467984 0.0966689 0.1575854 0.1137535 0.1043609 0.0528644 0.0898008 0.0955865 0.1589405 0.1264368 0.1121810 0.0950911 0.0960052 0.0970939 0.1007998 0.1148433 0.0517633 0.0532837 0.1162609 0.0808390 0.1035274 0.1264368 0.1249616 0.1114657 0.0876607 0.1042373 0.0912444 0.0807466 0.0807466 0.1050192 0.1199210 0.0963582 0.0999165 0.1130673 0.1182246 0.0951636 0.0821498 0.1053189 0.1078008 0.0974198 0.1323923 0.1044074 0.1159517 0.0973101 0.1156321 0.1236658 0.1039999 0.1138560 0.0959782 0.3334403 0.0889446 0.1053189 0.0971306 0.1030032 
S0624       0.0587865 0.0587494 0.0730259 0.0274300 0.0524317 0.0536672 0.0327840 0.0754872 0.0674105 0.0160833 0.0596391 0.0393533 0.0329611 0.0455514 0.0596391 0.0573258 0.0465346 0.0539826 0.0521693 0.0276423 0.0721199 0.0600104 0.0731969 0.0391097 0.1153776 0.0000000 0.0596611 0.0532644 0.0277893 0.0453497 0.0528597 0.0337893 0.0675211 0.0876173 0.0531559 0.0664166 0.0534856 0.0397075 0.0466557 0.0464853 0.0456674 0.0400254 0.0393819 0.0523932 0.0447842 0.0394512 0.0454785 0.0653846 0.0055561 0.0393226 0.0580190 0.1124965 0.0408419 0.1031234 0.0550412 0.0545327 0.0556568 0.0594404 0.0660448 0.1126988 0.0397075 0.1123589 0.0677061 0.0513476 0.0545327 0.0451233 0.0459026 0.1223767 0.0603713 0.0779146 0.0331215 0.0448817 0.0453174 0.0465431 0.0398993 0.0737575 0.0600418 0.0530644 0.0411493 0.0389111 0.0603713 0.0597711 0.0616599 0.0395278 0.0452695 0.0390567 0.0336072 0.0336072 0.0169313 0.0577027 0.0396091 0.0406607 0.0452221 0.0538132 0.0524193 0.0401795 0.0458007 0.0465346 0.0395944 0.0660152 0.0510910 0.0607484 0.0331474 0.0536659 0.0447963 0.0451079 0.0338990 0.0390986 0.2074289 0.0449427 0.0458007 0.0571019 0.0568997 
S0641       0.0398785 0.0720558 0.0213772 0.0675951 0.0654824 0.0159263 0.0733092 0.0759009 0.0534082 0.0465299 0.0539193 0.0524355 0.0576216 0.0581623 0.0539193 0.0521220 0.0103825 0.0160156 0.0383001 0.0395195 0.0459502 0.0545895 0.0738696 0.0276756 0.1093416 0.0596611 0.0000000 0.0158169 0.0589267 0.0523931 0.0280378 0.0583213 0.0616836 0.0789305 0.0400153 0.0742347 0.0158809 0.0521632 0.0213549 0.0593994 0.0583213 0.0651169 0.0583685 0.0451949 0.0457889 0.0338368 0.0651169 0.0532644 0.0425150 0.0748253 0.0749246 0.0908633 0.0539943 0.0937182 0.0654127 0.0546729 0.0630187 0.0599581 0.0666340 0.1027333 0.0521632 0.1024422 0.0811943 0.0640895 0.0546729 0.0160343 0.0586193 0.1118818 0.0214708 0.0638712 0.0579348 0.0518356 0.0523555 0.0469272 0.0658882 0.0827644 0.0542871 0.0157667 0.0747597 0.0665557 0.0214708 0.0212856 0.0346092 0.0457150 0.0179266 0.0399207 0.0457678 0.0457678 0.0420058 0.0566319 0.0520264 0.0537456 0.0522382 0.0159590 0.0589755 0.0464825 0.0584889 0.0103825 0.0516201 0.0267279 0.0515065 0.0270975 0.0273840 0.0670534 0.0584729 0.0454666 0.0653301 0.0513256 0.3005246 0.0452985 0.0584889 0.0454666 0.0573706 
S0643       0.0458226 0.0655265 0.0268578 0.0609498 0.0590563 0.0105298 0.0666716 0.0767725 0.0610437 0.0403724 0.0602367 0.0585655 0.0514538 0.0519296 0.0602367 0.0582119 0.0051486 0.0105889 0.0325709 0.0335961 0.0519645 0.0609834 0.0804368 0.0219568 0.1167966 0.0532644 0.0158169 0.0000000 0.0526072 0.0585180 0.0338306 0.0520673 0.0682310 0.0722932 0.0340108 0.0675010 0.0105003 0.0459873 0.0158847 0.0530185 0.0520673 0.0512326 0.0521092 0.0383901 0.0517823 0.0337991 0.0587304 0.0594908 0.0361259 0.0749246 0.0815798 0.1009237 0.0409106 0.0867965 0.0723286 0.0610858 0.0562302 0.0663000 0.0730684 0.0955584 0.0459873 0.0952962 0.0901045 0.0578121 0.0610858 0.0214929 0.0523354 0.1044836 0.0159700 0.0700207 0.0517277 0.0578911 0.0517344 0.0407147 0.0594193 0.0739492 0.0606480 0.0104251 0.0679691 0.0600196 0.0159700 0.0158341 0.0345699 0.0396745 0.0118393 0.0332270 0.0397202 0.0397202 0.0356963 0.0505813 0.0458696 0.0407286 0.0583412 0.0105504 0.0526426 0.0465375 0.0522186 0.0051486 0.0589472 0.0212126 0.0454188 0.0215011 0.0386927 0.0604652 0.0522161 0.0394602 0.0589133 0.0452628 0.2693039 0.0512209 0.0522186 0.0514130 0.0634176 
S0645sl     0.0648177 0.0640926 0.0721271 0.0332236 0.0577765 0.0530007 0.0518739 0.0727295 0.0666631 0.0274631 0.0513753 0.0320427 0.0381510 0.0508313 0.0513753 0.0632251 0.0459645 0.0533090 0.0515380 0.0329097 0.0712420 0.0579102 0.0722946 0.0528869 0.1034969 0.0277893 0.0589267 0.0526072 0.0000000 0.0450709 0.0522123 0.0391108 0.0586828 0.0777572 0.0525013 0.0640808 0.0528235 0.0450181 0.0460826 0.0518717 0.0509616 0.0395382 0.0510018 0.0516801 0.0442554 0.0389783 0.0515171 0.0645908 0.0232205 0.0531781 0.0733075 0.1192237 0.0404656 0.0923117 0.0694342 0.0463627 0.0472736 0.0587113 0.0652344 0.1011656 0.0450181 0.1008842 0.0668557 0.0565871 0.0463627 0.0445858 0.0512190 0.1101570 0.0596196 0.0704305 0.0383378 0.0500838 0.0505674 0.0459727 0.0324619 0.0646428 0.0517099 0.0524120 0.0466405 0.0586981 0.0596196 0.0590337 0.0680122 0.0448092 0.0446532 0.0385920 0.0388960 0.0388960 0.0225287 0.0629472 0.0449057 0.0402881 0.0504595 0.0531430 0.0577671 0.0455458 0.0511071 0.0459645 0.0448859 0.0652054 0.0504851 0.0662536 0.0383634 0.0591243 0.0650130 0.0445714 0.0454966 0.0443261 0.2733283 0.0501534 0.0511071 0.0564272 0.0620769 
S0673       0.0582155 0.0764984 0.0519612 0.0585224 0.0700191 0.0589543 0.0640276 0.0883491 0.0886103 0.0388648 0.0587332 0.0444921 0.0495378 0.0627467 0.0587332 0.0568096 0.0517710 0.0592936 0.0696512 0.0443353 0.0645295 0.0594441 0.0783759 0.0588197 0.1135034 0.0453497 0.0523931 0.0585180 0.0450709 0.0000000 0.0458495 0.0629176 0.0664753 0.0998602 0.0583995 0.0787557 0.0587555 0.0568570 0.0519063 0.0640599 0.0629176 0.0621770 0.0629672 0.0581917 0.0157664 0.0387581 0.0621770 0.0580267 0.0414060 0.0652933 0.0794643 0.1182978 0.0516645 0.1156776 0.0774789 0.0595394 0.0607749 0.0646447 0.0712248 0.1255852 0.0568570 0.1251940 0.0862937 0.0685564 0.0595394 0.0385586 0.0632291 0.1355364 0.0595201 0.0771796 0.0497900 0.0104356 0.0105278 0.0517818 0.0571116 0.0597025 0.0591247 0.0582992 0.0584279 0.0711403 0.0595201 0.0650023 0.0675908 0.0565733 0.0443650 0.0326904 0.0505245 0.0505245 0.0414500 0.0750909 0.0567091 0.0514375 0.0105109 0.0591163 0.0700215 0.0513002 0.0630923 0.0517710 0.0566758 0.0711935 0.0561501 0.0594903 0.0382619 0.0716621 0.0775655 0.0380208 0.0698656 0.0559548 0.1775442 0.0500163 0.0630923 0.0501991 0.0619042 
S0689       0.0336484 0.0650222 0.0400478 0.0604708 0.0586069 0.0340779 0.0661503 0.0761369 0.0686369 0.0400756 0.0471592 0.0458861 0.0510768 0.0515451 0.0471592 0.0456174 0.0277231 0.0342760 0.0448240 0.0333577 0.0462620 0.0477411 0.0666423 0.0340222 0.0811852 0.0528597 0.0280378 0.0338306 0.0522123 0.0458495 0.0000000 0.0516805 0.0404854 0.0878603 0.0276405 0.0669659 0.0339710 0.0456490 0.0400047 0.0526167 0.0516805 0.0582864 0.0517218 0.0451458 0.0394478 0.0277634 0.0582864 0.0466047 0.0356066 0.0675027 0.0675902 0.0904581 0.0472260 0.1034423 0.0578929 0.0410446 0.0557778 0.0531107 0.0596213 0.1041319 0.0456490 0.1127296 0.0788201 0.0513336 0.0410446 0.0159434 0.0519447 0.1219080 0.0402390 0.0511614 0.0447834 0.0453701 0.0458165 0.0404127 0.0589644 0.0751439 0.0471592 0.0337124 0.0601418 0.0454922 0.0402390 0.0398618 0.0348408 0.0454335 0.0243616 0.0336847 0.0394333 0.0394333 0.0492793 0.0443740 0.0455332 0.0470131 0.0457186 0.0341589 0.0585987 0.0400359 0.0518297 0.0277231 0.0584996 0.0457631 0.0450893 0.0399146 0.0270860 0.0599940 0.0659675 0.0391770 0.0584659 0.0449358 0.2223133 0.0390354 0.0518297 0.0333670 0.0508592 
S0720       0.0641562 0.0209063 0.0713816 0.0396798 0.0451873 0.0524531 0.0584300 0.0662178 0.0667904 0.0215153 0.0514571 0.0508608 0.0441662 0.0445566 0.0514571 0.0625949 0.0454979 0.0527556 0.0510196 0.0270427 0.0705154 0.0517627 0.0715461 0.0523423 0.1037512 0.0337893 0.0583213 0.0520673 0.0391108 0.0629176 0.0516805 0.0000000 0.0587851 0.0856235 0.0519636 0.0578630 0.0522796 0.0050589 0.0586459 0.0103381 0.0101818 0.0391409 0.0101892 0.0437835 0.0562655 0.0385924 0.0509988 0.0639344 0.0171533 0.0661610 0.0725400 0.0992811 0.0052127 0.1007536 0.0702103 0.0464341 0.0410594 0.0581104 0.0645643 0.1100663 0.0050589 0.1097435 0.0805067 0.0502332 0.0464341 0.0441476 0.0268953 0.1194864 0.0589999 0.0761990 0.0443891 0.0622583 0.0628738 0.0455058 0.0515738 0.0787661 0.0517929 0.0518761 0.0398814 0.0520792 0.0589999 0.0584259 0.0672868 0.0328632 0.0441499 0.0504757 0.0328737 0.0328737 0.0418456 0.0564472 0.0103381 0.0051929 0.0627297 0.0525924 0.0155525 0.0271218 0.0324756 0.0454979 0.0511776 0.0645359 0.0499874 0.0655627 0.0444161 0.0524524 0.0582784 0.0441323 0.0392399 0.0382545 0.2070898 0.0319080 0.0324756 0.0558712 0.0556778 
S0724sl     0.0678665 0.0659869 0.0756032 0.0754965 0.0587390 0.0687677 0.0747821 0.0333524 0.0399988 0.0538196 0.0051858 0.0533969 0.0586788 0.0657855 0.0051858 0.0661136 0.0609027 0.0691801 0.0799244 0.0463842 0.0746287 0.0105135 0.0745276 0.0685853 0.0517869 0.0675211 0.0616836 0.0682310 0.0586828 0.0664753 0.0404854 0.0587851 0.0000000 0.0659008 0.0680833 0.0389953 0.0685182 0.0525671 0.0755207 0.0598822 0.0587851 0.0663652 0.0588330 0.0375234 0.0593836 0.0403300 0.0663652 0.0608768 0.0425158 0.0835201 0.0756026 0.1052450 0.0544297 0.0873169 0.0651228 0.0276889 0.0225548 0.0678800 0.0748425 0.0731177 0.0525671 0.0806666 0.0874962 0.0652945 0.0276889 0.0465265 0.0520520 0.0892781 0.0760108 0.0653660 0.0520622 0.0657381 0.0664271 0.0539944 0.0533662 0.0461722 0.0052175 0.0679574 0.0527042 0.0529073 0.0760108 0.0752113 0.0783848 0.0455187 0.0612461 0.0466323 0.0395007 0.0395007 0.0567349 0.0787985 0.0524279 0.0541765 0.0662634 0.0617289 0.0598472 0.0401061 0.0595811 0.0609027 0.0666208 0.0818173 0.0584933 0.0832330 0.0529063 0.0679861 0.0745588 0.0589422 0.0665890 0.0522431 0.2007116 0.0460901 0.0595811 0.0589422 0.0584166 
S0735       0.1020536 0.1008475 0.0928973 0.0968424 0.0862129 0.0728428 0.0942095 0.0656362 0.0728385 0.0732258 0.0582396 0.0928559 0.0845066 0.0853578 0.0582396 0.0857781 0.0651165 0.0732626 0.0931785 0.0585824 0.1092081 0.0650083 0.1255784 0.0890045 0.1402621 0.0876173 0.0789305 0.0722932 0.0777572 0.0998602 0.0878603 0.0856235 0.0659008 0.0000000 0.0883891 0.0713486 0.0659280 0.0790189 0.0794082 0.0873071 0.0856235 0.0931265 0.0856951 0.0763314 0.0920010 0.0592660 0.0931265 0.1015634 0.0628923 0.1200487 0.1273571 0.1125847 0.0750789 0.0212824 0.1196449 0.0875948 0.0611928 0.1008520 0.1082396 0.0158964 0.0790189 0.0158745 0.1203136 0.0915720 0.0875948 0.0781089 0.0860539 0.0216846 0.0799072 0.0924645 0.0708195 0.0987145 0.0997943 0.0807869 0.0725838 0.1110902 0.0586247 0.0720109 0.1048138 0.0952699 0.0799072 0.0790918 0.1073949 0.0785555 0.0685279 0.0856286 0.0719373 0.0719373 0.0701765 0.0853687 0.0787871 0.0747123 0.0924577 0.0659768 0.0872022 0.0799782 0.0858620 0.0651165 0.0935045 0.0595011 0.0716639 0.0869349 0.0850209 0.0882501 0.1022529 0.0652335 0.0934971 0.0776377 0.2411175 0.0841020 0.0858620 0.0781099 0.0973346 
