129
PAFTOL_019361 0.0000000 0.1720644 0.1869472 0.1999329 0.2305073 0.1694187 0.2404897 0.1885195 0.1549202 0.1752933 0.2472699 0.1920846 0.2131088 0.2027568 0.1442758 0.2165421 0.1712444 0.1682363 0.2124552 0.2243471 0.2249387 0.1533053 0.1619946 0.2549951 0.1433018 0.2149941 0.1905140 0.1999987 0.2248418 0.1811697 0.1805305 0.1900001 0.2150132 0.1597962 0.1573255 0.1878677 0.1741372 0.1787426 0.1690125 0.1446560 0.2004177 0.2250253 0.2428444 0.1636617 0.2204346 0.1843520 0.1768019 0.1769283 0.1929032 0.1556767 0.2441071 0.1987676 0.1960480 0.1956834 0.1937892 0.1896282 0.2005502 0.1836965 0.2139358 0.1846527 0.1911244 0.1785322 0.2174020 0.2148363 0.2229441 0.2136366 0.2014546 0.2199636 0.2011148 0.2029508 0.2410176 0.2063717 0.2195856 0.1866935 0.1983213 0.2082103 0.1861510 0.1768085 0.2352509 0.1693755 0.1668115 0.2128975 0.1774769 0.1827895 0.1923913 0.1995856 0.1624452 0.1996098 0.2147664 0.2184197 0.2183659 0.1529323 0.1798150 0.1883992 0.1488690 0.1472041 0.1438751 0.1679102 0.1804163 0.1601152 0.2204861 0.1531120 0.1710790 0.2007077 0.1462134 0.1960806 0.2472328 0.2134257 0.1680095 0.1600559 0.2287418 0.1765441 0.1701871 0.1671792 0.2008783 0.1764695 0.1940217 0.1637410 0.1718122 0.1949209 0.1682661 0.1750191 0.1721543 0.1805215 0.2413878 0.1715341 0.1674369 0.2014619 0.1896531 
S0055         0.1720644 0.0000000 0.0816158 0.0839287 0.1186987 0.0429357 0.1298375 0.0865877 0.0851585 0.0461249 0.1121729 0.0866361 0.0958499 0.1084366 0.0831302 0.1370150 0.0625586 0.1044214 0.1023701 0.1127728 0.0710306 0.0340575 0.0425340 0.1322861 0.0783713 0.0982215 0.0942339 0.0748504 0.1157613 0.0630037 0.0926306 0.0953159 0.1296436 0.0384839 0.0385020 0.0747309 0.0770306 0.0815358 0.0432004 0.0397909 0.0908198 0.1208121 0.1808904 0.0743401 0.1151957 0.0905771 0.0513743 0.0990894 0.0916269 0.0339905 0.1288995 0.0964514 0.0960771 0.1034083 0.0901229 0.1113131 0.1019788 0.0843303 0.1092943 0.1059321 0.0959340 0.0906519 0.0887000 0.1057652 0.1658481 0.1139438 0.1094267 0.1374120 0.0986320 0.1015335 0.1707336 0.1020582 0.1513706 0.0903919 0.1013196 0.1135481 0.0557851 0.0893747 0.1739650 0.0429894 0.0466317 0.1100845 0.0671878 0.0824448 0.0874792 0.1041863 0.0544050 0.1009560 0.1092688 0.1131029 0.1130775 0.0319166 0.0976491 0.1004041 0.0778602 0.0418424 0.0307630 0.0458370 0.1000066 0.0471629 0.1010598 0.0792465 0.1067664 0.0912028 0.0343993 0.0941430 0.0774834 0.1055666 0.0765036 0.0363971 0.1111736 0.0796756 0.0818144 0.0409393 0.0909210 0.0533956 0.0944182 0.0494244 0.0468887 0.1119114 0.0822469 0.0863273 0.0875427 0.0896273 0.1750517 0.0832494 0.0794962 0.0892768 0.0916121 
S0196sl       0.1869472 0.0816158 0.0000000 0.1066372 0.0636547 0.0899028 0.1410900 0.1049125 0.0815735 0.1065981 0.1326676 0.1106666 0.0996348 0.1043723 0.1001050 0.1147941 0.0785369 0.1072743 0.0930881 0.1238864 0.1310241 0.0808530 0.0703905 0.1444565 0.1053659 0.1152288 0.0088530 0.1260031 0.1211395 0.0756552 0.0905420 0.1294624 0.1095408 0.0815595 0.0818139 0.0930659 0.0874088 0.0959584 0.0812917 0.0807088 0.0387530 0.1266548 0.1411354 0.0884041 0.1147001 0.0960131 0.0951260 0.0901704 0.0044048 0.0809086 0.0399537 0.0088557 0.0936399 0.0449592 0.1020138 0.0880906 0.1165482 0.1014182 0.1109494 0.0854535 0.0997024 0.0905681 0.1207403 0.0644604 0.1523903 0.0999346 0.1069877 0.1196220 0.1057436 0.1039675 0.1352827 0.0134477 0.1239264 0.0821828 0.1045228 0.1084071 0.1066967 0.0837067 0.1461974 0.0904418 0.0862546 0.0975216 0.0865830 0.1002802 0.1034905 0.1009309 0.0870089 0.1290005 0.1006932 0.1195077 0.1181102 0.0729819 0.0876000 0.1022953 0.0681764 0.0765831 0.0718869 0.1007631 0.1044454 0.0896370 0.1126375 0.0700255 0.1056287 0.1137597 0.0643758 0.0111638 0.0840309 0.0700587 0.0899801 0.0786259 0.0686928 0.0780533 0.0894061 0.0880894 0.1171487 0.0839327 0.1107941 0.0906619 0.0833397 0.1090342 0.0964353 0.1047562 0.0870614 0.0812447 0.1424900 0.0452127 0.0840124 0.1287463 0.0953714 
S0278         0.1999329 0.0839287 0.1066372 0.0000000 0.1400434 0.0880146 0.1262779 0.0624728 0.0920171 0.0764509 0.1431249 0.0555491 0.0928097 0.1072620 0.0620836 0.0854538 0.0533582 0.1249046 0.1430874 0.1068575 0.0837547 0.0732532 0.0853497 0.1037906 0.0765753 0.0670837 0.1134414 0.0909630 0.1095659 0.0581825 0.1095840 0.1224199 0.1257373 0.0880488 0.0880801 0.0422924 0.0790147 0.0937031 0.0817957 0.0705952 0.1065326 0.1143922 0.1995894 0.0951821 0.1066291 0.0927172 0.0896833 0.1149256 0.1107152 0.0780499 0.1420243 0.1156942 0.1082804 0.1157666 0.0894243 0.1232159 0.1045080 0.0817751 0.1034230 0.1181823 0.1079982 0.1076260 0.1360880 0.1343086 0.1849864 0.1282882 0.1166506 0.1418913 0.1112872 0.1193941 0.1826743 0.1164599 0.1627767 0.0969897 0.1252459 0.1153084 0.0999969 0.0985876 0.1742295 0.0856896 0.0918948 0.1176721 0.0623590 0.0870464 0.0894352 0.0845069 0.0678356 0.0642738 0.1089715 0.1015608 0.1069445 0.0757596 0.1125367 0.1126924 0.0870472 0.0716457 0.0781498 0.1051898 0.1039586 0.0860853 0.0882472 0.0882564 0.1276483 0.0576808 0.0712030 0.1133327 0.0535656 0.1401776 0.0808961 0.0760754 0.1394434 0.0888328 0.1012049 0.0857077 0.0534014 0.0925518 0.1038317 0.0839160 0.0878521 0.1219680 0.1017494 0.0932086 0.0943792 0.1087296 0.1529931 0.1072283 0.0988002 0.1162022 0.1164369 
S0281         0.2305073 0.1186987 0.0636547 0.1400434 0.0000000 0.1213111 0.1506750 0.1231962 0.1148292 0.1113525 0.1723456 0.1283595 0.1271879 0.1283263 0.1372624 0.1236928 0.1016205 0.1591858 0.1172696 0.1322363 0.1194720 0.1094535 0.1048332 0.1685646 0.1544683 0.1470854 0.0725268 0.1271136 0.1325102 0.0912399 0.1118915 0.1549143 0.1357673 0.1120224 0.1078113 0.1210243 0.1184064 0.1186789 0.1114978 0.1125582 0.0564360 0.1355587 0.1989834 0.1198934 0.1266326 0.1522036 0.1256729 0.0968703 0.0700041 0.1067103 0.1051439 0.0747473 0.1231120 0.0788094 0.1333925 0.1253389 0.1208210 0.1346656 0.1239008 0.1262324 0.1229290 0.1145295 0.1697505 0.0877026 0.1803295 0.1443712 0.1257118 0.1294257 0.1410978 0.1332671 0.1834324 0.0801137 0.1640074 0.1165896 0.1511282 0.1299209 0.1264388 0.1325954 0.1876473 0.1155934 0.1117727 0.1368217 0.1114749 0.1135328 0.1191656 0.1212181 0.1115522 0.1463211 0.1240090 0.1134295 0.1270315 0.0991906 0.1120896 0.1454193 0.1064775 0.1167764 0.0999564 0.1285620 0.1277055 0.1235970 0.1440108 0.1129921 0.1250840 0.1306341 0.1035192 0.0776029 0.0845578 0.0905978 0.1155045 0.1103361 0.0980185 0.1189764 0.1272425 0.1165529 0.1327013 0.1090912 0.1475023 0.1188699 0.1124818 0.1528662 0.1305753 0.1116665 0.1193613 0.1199975 0.1957248 0.0958744 0.1299179 0.1409363 0.1443070 
S0282         0.1694187 0.0429357 0.0899028 0.0880146 0.1213111 0.0000000 0.1212567 0.0889349 0.0776913 0.0246798 0.1113465 0.0866028 0.0897096 0.1077932 0.0860630 0.1133528 0.0578354 0.0994935 0.0910625 0.1121167 0.0658395 0.0116308 0.0298462 0.1261909 0.0734763 0.0981818 0.0937073 0.0769838 0.1149994 0.0604467 0.0902301 0.0923233 0.1237056 0.0320331 0.0258793 0.0766015 0.0770025 0.0914302 0.0472814 0.0104062 0.0960172 0.1200851 0.1765148 0.0694166 0.1145236 0.0979152 0.0341663 0.0933580 0.0911182 0.0136356 0.1253883 0.0959115 0.0811039 0.1028118 0.0824984 0.1056682 0.0991152 0.0819463 0.1009296 0.1003889 0.0905448 0.0853646 0.0818663 0.1105344 0.1563895 0.1060543 0.0988264 0.1310793 0.0961580 0.0990369 0.1610696 0.1014778 0.1445821 0.0851217 0.0940944 0.1029264 0.0601579 0.0818734 0.1642187 0.0197940 0.0297516 0.1015972 0.0623878 0.0871367 0.0922265 0.0965068 0.0609158 0.0961064 0.1036355 0.1097309 0.1098717 0.0196007 0.0949104 0.0930893 0.0705481 0.0133951 0.0181274 0.0436393 0.0945967 0.0426618 0.1059932 0.0719895 0.1029281 0.0911671 0.0305236 0.0936175 0.0718148 0.1103255 0.0810774 0.0136919 0.1125356 0.0746327 0.0748673 0.0281474 0.0908856 0.0445691 0.0891311 0.0406255 0.0466543 0.1043492 0.0775463 0.0910073 0.0823392 0.0821020 0.1893516 0.0827880 0.0725773 0.0840827 0.0816543 
S0288         0.2404897 0.1298375 0.1410900 0.1262779 0.1506750 0.1212567 0.0000000 0.1165696 0.1327296 0.1215473 0.1864960 0.1235986 0.0306555 0.0756583 0.1438177 0.0376898 0.0940928 0.1445710 0.0786248 0.0258039 0.0935576 0.1096317 0.1074373 0.1543354 0.1647709 0.1283463 0.1291133 0.1403327 0.0279074 0.0953096 0.1252358 0.1476291 0.0960004 0.1188932 0.1156045 0.1098926 0.0952695 0.1247689 0.1163657 0.1383958 0.1351995 0.0242726 0.2024763 0.1340344 0.0298761 0.1478647 0.1336836 0.1248928 0.1236274 0.1069409 0.1423022 0.1288373 0.1229285 0.1314646 0.1215274 0.0727131 0.1062528 0.1081628 0.0641389 0.1332878 0.1306521 0.1199202 0.1979750 0.1064747 0.1903842 0.1359619 0.0806690 0.1095770 0.1415252 0.1317460 0.1985449 0.1297219 0.1681845 0.1298475 0.1386710 0.0845725 0.1311173 0.1238691 0.2174545 0.1120723 0.1144520 0.1281335 0.1071809 0.1202597 0.1229739 0.0146058 0.1084372 0.1375065 0.0851150 0.0275203 0.0237964 0.1020517 0.0670947 0.1276053 0.1244873 0.1429106 0.1053788 0.1338779 0.1263997 0.1209851 0.1284207 0.1177778 0.1804123 0.1292730 0.1466858 0.1263805 0.0768316 0.1120305 0.1029095 0.1079863 0.1086604 0.1184479 0.1189335 0.1187131 0.1243524 0.1170647 0.1325070 0.1182503 0.1230443 0.1312968 0.1192715 0.1240805 0.1187940 0.1235790 0.2562692 0.1252451 0.1214313 0.1568027 0.1324908 
S0289         0.1885195 0.0865877 0.1049125 0.0624728 0.1231962 0.0889349 0.1165696 0.0000000 0.0758798 0.0904150 0.1333755 0.0603115 0.0830350 0.0994752 0.0409008 0.1064291 0.0407175 0.0972530 0.0967908 0.1049407 0.0954022 0.0740004 0.0764294 0.0738310 0.0734354 0.0650762 0.0962582 0.0936073 0.1102360 0.0409911 0.0983911 0.1145604 0.1172060 0.0791292 0.0790898 0.0406288 0.0634096 0.0725607 0.0705236 0.0710126 0.1068746 0.1125831 0.1898166 0.0764776 0.1072523 0.0816332 0.0832236 0.0960259 0.0936489 0.0761375 0.1337638 0.0984708 0.0939698 0.1054617 0.0780034 0.1133654 0.0793852 0.0752013 0.1146231 0.1055414 0.0955904 0.0903336 0.1271023 0.1184342 0.1697632 0.1180373 0.1030045 0.1483877 0.1012869 0.1041321 0.1752899 0.0991090 0.1475626 0.0806818 0.0972103 0.1067668 0.0951778 0.0847106 0.1682075 0.0890627 0.0807239 0.0940990 0.0494879 0.0615252 0.0661104 0.0854853 0.0546722 0.0582451 0.1015974 0.1076476 0.1051457 0.0715017 0.1029490 0.0945796 0.0687209 0.0762882 0.0665269 0.0904824 0.0823105 0.0863677 0.0789032 0.0724394 0.1010384 0.0445535 0.0680779 0.1015102 0.0366803 0.1214600 0.0582381 0.0742171 0.1262212 0.0682441 0.0796084 0.0791423 0.0469801 0.0881706 0.0869269 0.0796424 0.0720201 0.1057122 0.0771590 0.0695429 0.0854707 0.0867736 0.1558475 0.0869903 0.0819494 0.1088538 0.0970536 
S0292         0.1549202 0.0851585 0.0815735 0.0920171 0.1148292 0.0776913 0.1327296 0.0758798 0.0000000 0.0803425 0.1297479 0.0877028 0.0890416 0.1052507 0.0674963 0.1011814 0.0541162 0.0515281 0.0726607 0.1147153 0.1124062 0.0698380 0.0655181 0.1163252 0.0791241 0.0966159 0.0768087 0.1047766 0.1181549 0.0612702 0.0629416 0.0978447 0.1320721 0.0749262 0.0680972 0.0660678 0.0686927 0.0777739 0.0610437 0.0562744 0.0807341 0.1233556 0.1657090 0.0747164 0.1176616 0.0540903 0.0867388 0.0572348 0.0743433 0.0674489 0.1050393 0.0789644 0.0608129 0.0804736 0.0811595 0.0977641 0.0850508 0.0806288 0.1050155 0.0631594 0.0656990 0.0537216 0.1245456 0.0997350 0.1649842 0.0900238 0.1011305 0.1203977 0.0704826 0.0687499 0.1683187 0.0842176 0.1468500 0.0582798 0.0699417 0.1024084 0.0917186 0.0319930 0.1534260 0.0776615 0.0673865 0.0576619 0.0675977 0.0734979 0.0784448 0.0849692 0.0594080 0.0974250 0.0979485 0.1102524 0.1129706 0.0651842 0.0822478 0.0657887 0.0077864 0.0577844 0.0555249 0.0841436 0.0364681 0.0797088 0.0963666 0.0197026 0.0270501 0.0850679 0.0535766 0.0745082 0.0777483 0.1025874 0.0657968 0.0703589 0.1102270 0.0257859 0.0362344 0.0756096 0.0800637 0.0793052 0.0981945 0.0707859 0.0627777 0.0735818 0.0366515 0.0751184 0.0558092 0.0540037 0.1505701 0.0636976 0.0383340 0.1101884 0.0607664 
S0293         0.1752933 0.0461249 0.1065981 0.0764509 0.1113525 0.0246798 0.1215473 0.0904150 0.0803425 0.0000000 0.1198039 0.0935025 0.0873195 0.1060446 0.1098032 0.1273995 0.0630392 0.0966044 0.0956974 0.1112905 0.0439748 0.0175951 0.0337851 0.1459719 0.0768667 0.1063943 0.1100125 0.0692626 0.1176755 0.0661941 0.1034333 0.0851075 0.1274191 0.0410701 0.0291694 0.0873874 0.0824299 0.0933192 0.0513452 0.0222268 0.1048933 0.1235407 0.1924098 0.0761909 0.1171887 0.1030153 0.0410288 0.0987471 0.1069632 0.0199048 0.1317476 0.1070092 0.0900619 0.1114353 0.0860872 0.1156637 0.1058501 0.0847118 0.1014861 0.1008591 0.1038477 0.0947144 0.0964353 0.1097924 0.1602526 0.1031575 0.1023124 0.1424557 0.0985395 0.0986217 0.1667746 0.1191726 0.1504498 0.0943741 0.0986892 0.1038413 0.0554512 0.0877287 0.1670567 0.0246823 0.0336626 0.1106125 0.0683805 0.0967694 0.1028966 0.1006856 0.0644330 0.0983368 0.1047743 0.1102311 0.1118417 0.0267273 0.1002832 0.0945023 0.0747334 0.0209770 0.0204148 0.0470984 0.0938125 0.0410520 0.1032762 0.0737073 0.1107156 0.1042052 0.0473263 0.1070535 0.0651724 0.1128067 0.0898601 0.0176760 0.1188170 0.0822632 0.0795644 0.0293894 0.0901519 0.0408868 0.0876458 0.0384387 0.0530082 0.1101843 0.0773963 0.1013427 0.0886620 0.0935090 0.2147293 0.0945445 0.0769730 0.0827399 0.0987550 
S0294         0.2472699 0.1121729 0.1326676 0.1431249 0.1723456 0.1113465 0.1864960 0.1333755 0.1297479 0.1198039 0.0000000 0.1492505 0.1372627 0.1576315 0.1562648 0.1767708 0.1193399 0.1426005 0.1464436 0.1666786 0.1284049 0.1033639 0.0963082 0.1910563 0.1436381 0.1725981 0.1315927 0.1235095 0.1642721 0.1170514 0.1496979 0.1697469 0.1804423 0.1063671 0.0967865 0.1239580 0.1278966 0.1401295 0.1124540 0.0878525 0.1418053 0.1638299 0.2202658 0.1359333 0.1693257 0.1537810 0.1137814 0.1513542 0.1286818 0.1007447 0.1606261 0.1285822 0.1452729 0.1447307 0.1420951 0.1507611 0.1538670 0.1474268 0.1529298 0.1644816 0.1446557 0.1470301 0.0783118 0.1397931 0.1930663 0.1768464 0.1586372 0.1871487 0.1480331 0.1424162 0.1956672 0.1403096 0.1783142 0.1322701 0.1428079 0.1545140 0.1038544 0.1201960 0.1857294 0.1066297 0.1106070 0.1544189 0.1375509 0.1465019 0.1469005 0.1399727 0.1261336 0.1499280 0.1491623 0.1526301 0.1585129 0.0983140 0.1432518 0.1558752 0.1329651 0.1008967 0.0890577 0.1055254 0.1462875 0.0964896 0.1811299 0.1311955 0.1502107 0.1527024 0.1002509 0.1314622 0.1189551 0.1362973 0.1416855 0.0992932 0.1415111 0.1180475 0.1229399 0.1047761 0.1404680 0.0988042 0.1464741 0.1116581 0.1161179 0.1672243 0.1287767 0.1478960 0.1322027 0.1460580 0.2306083 0.1339162 0.1204096 0.1207206 0.1508411 
S0299         0.1920846 0.0866361 0.1106666 0.0555491 0.1283595 0.0866028 0.1235986 0.0603115 0.0877028 0.0935025 0.1492505 0.0000000 0.0890586 0.1108968 0.0553096 0.1057435 0.0536200 0.1200957 0.1427014 0.1149333 0.0955061 0.0717491 0.0810551 0.0833976 0.0773627 0.0675940 0.1040594 0.1008298 0.1126782 0.0515765 0.1052043 0.1230834 0.1257942 0.0766304 0.0838475 0.0427589 0.0678679 0.0794175 0.0798871 0.0628544 0.1148326 0.1202552 0.1878263 0.0933550 0.1146831 0.0855314 0.0855689 0.1156643 0.1013847 0.0738826 0.1425316 0.1063003 0.0988987 0.1160991 0.0747733 0.1220146 0.0899499 0.0681188 0.1233652 0.1137437 0.1035884 0.1032320 0.1166169 0.1209894 0.1767024 0.1257395 0.1108099 0.1375975 0.1042247 0.1096890 0.1801360 0.1069991 0.1516290 0.0926568 0.1232236 0.1120034 0.0956217 0.0992146 0.1660302 0.0842597 0.0830516 0.1124194 0.0535361 0.0728727 0.0750523 0.0846369 0.0591347 0.0646901 0.1040504 0.1128809 0.1100258 0.0761409 0.1103489 0.1156926 0.0827574 0.0723674 0.0762404 0.1057526 0.0971422 0.0860288 0.0836172 0.0840152 0.1288037 0.0576861 0.0719158 0.1039589 0.0534569 0.1266830 0.0671737 0.0745811 0.1294166 0.0845641 0.0991948 0.0814826 0.0581009 0.0905466 0.0891884 0.0866984 0.0743199 0.1276686 0.0997298 0.0740354 0.0999520 0.0965403 0.1504889 0.1028506 0.1016358 0.1191282 0.1071006 
S0303         0.2131088 0.0958499 0.0996348 0.0928097 0.1271879 0.0897096 0.0306555 0.0830350 0.0890416 0.0873195 0.1372627 0.0890586 0.0000000 0.0644997 0.0942387 0.0279602 0.0671954 0.1054355 0.0673692 0.0149351 0.0877393 0.0763397 0.0766429 0.1383108 0.1220747 0.0980507 0.0895321 0.1222686 0.0332967 0.0645844 0.1000727 0.1349594 0.0903437 0.0849174 0.0766442 0.0796453 0.0653715 0.0869201 0.0870139 0.0923238 0.1051906 0.0341186 0.1907043 0.1179453 0.0278868 0.1275244 0.1046619 0.0910906 0.0832055 0.0761449 0.0972097 0.0862079 0.0969588 0.1044211 0.0931622 0.0654226 0.0845221 0.0809706 0.0527125 0.1059150 0.1068831 0.0900860 0.1491301 0.0939076 0.1759594 0.1074685 0.0687531 0.1033873 0.0961786 0.0874391 0.1876864 0.0865842 0.1693917 0.0964250 0.0998019 0.0736923 0.1012373 0.0897019 0.1976553 0.0825632 0.0850689 0.0794015 0.0794147 0.0876195 0.0908210 0.0288034 0.0776620 0.1090190 0.0751868 0.0246089 0.0279881 0.0702835 0.0637210 0.0935738 0.0798947 0.0978912 0.0667984 0.1002393 0.1060219 0.0892236 0.0843215 0.0795472 0.1161549 0.1083837 0.0973278 0.0833739 0.0708108 0.1008339 0.0709718 0.0797936 0.0973568 0.0861044 0.0742055 0.0832735 0.0994897 0.0820883 0.1099341 0.0860835 0.0918727 0.1002702 0.0860533 0.0893637 0.0862029 0.0860533 0.1758248 0.0900928 0.0771822 0.1211860 0.0997625 
S0308         0.2027568 0.1084366 0.1043723 0.1072620 0.1283263 0.1077932 0.0756583 0.0994752 0.1052507 0.1060446 0.1576315 0.1108968 0.0644997 0.0000000 0.1237759 0.0766928 0.0840526 0.1265890 0.0704559 0.0653422 0.0929752 0.0940925 0.0918407 0.1481707 0.1162179 0.1096322 0.0992450 0.1246027 0.0631029 0.0871420 0.1130492 0.1330595 0.0773228 0.0982431 0.0947503 0.0920781 0.0928816 0.1026276 0.1059850 0.1191837 0.0966867 0.0593233 0.1887935 0.1092896 0.0674570 0.1437714 0.1150151 0.1031601 0.0943087 0.0937976 0.1244960 0.0992833 0.1058284 0.0957444 0.1119678 0.0635062 0.0943758 0.1085135 0.0657448 0.1098515 0.1073177 0.1018159 0.1708143 0.0847215 0.1826274 0.1282382 0.0734553 0.0863719 0.1256097 0.1235040 0.1745993 0.0999469 0.1471303 0.0999709 0.1239276 0.0776930 0.1098227 0.1077171 0.1940956 0.1028681 0.0987161 0.1201384 0.0965710 0.0925056 0.0952646 0.0473761 0.0906493 0.1234731 0.0515434 0.0626089 0.0584246 0.0864927 0.0571020 0.1015036 0.0996707 0.1228343 0.0864123 0.1119388 0.1123237 0.0999552 0.1151768 0.0993359 0.1362213 0.1155728 0.1132428 0.1024248 0.0689806 0.0900418 0.0896599 0.0947145 0.0856400 0.0965187 0.1045163 0.1005609 0.1032749 0.0890243 0.0994498 0.1055102 0.1044733 0.1112430 0.1015592 0.1047834 0.1044335 0.1074668 0.1910958 0.0904953 0.1020275 0.1401402 0.1213493 
S0320         0.1442758 0.0831302 0.1001050 0.0620836 0.1372624 0.0860630 0.1438177 0.0409008 0.0674963 0.1098032 0.1562648 0.0553096 0.0942387 0.1237759 0.0000000 0.1108061 0.0407032 0.0997832 1.2448067 0.1277324 1.2762698 0.0738751 0.0740202 0.0369426 0.0766817 0.0483148 0.0934522 0.1076937 0.1273914 0.0372816 0.0747103 0.0951013 0.1221168 0.0748717 0.0828325 0.0407410 0.0522024 0.0594249 0.0625653 0.0746250 0.1018912 0.1273914 0.1470306 0.0658539 0.1316713 0.0847696 0.0780414 0.1043468 0.0895488 0.0776938 0.1543187 0.0935475 0.0870491 0.1071448 0.0599573 0.1116965 0.0585379 0.0637680 0.1404319 0.0876001 0.0790130 0.0828079 0.1411605 0.1571913 0.1530195 0.1314263 0.1018518 0.1375834 0.1046372 0.1155458 0.1506077 0.0940113 0.1135475 0.0751633 0.1081047 0.1085580 0.0978102 0.0744559 0.1473813 0.0864768 0.0893524 0.1119160 0.0333924 0.0447783 0.0452555 0.1153198 0.0518212 0.0631723 0.1110988 0.1436653 0.1273914 0.0739046 0.1024691 0.0958537 0.0675467 0.0754452 0.0704808 0.0950749 0.0704830 0.0860816 0.0732067 0.0591042 0.1254591 0.0476695 0.0673366 0.0980559 0.0000010 0.1671476 0.0553508 0.0780021 0.1496864 0.0589064 0.0823586 0.0873307 0.0440703 0.0981313 0.0788027 0.0917029 0.0586080 0.1052783 0.0838221 0.0517105 0.0945750 0.0753158 0.1632569 0.0919114 0.0823586 0.1241928 0.0661542 
S0322         0.2165421 0.1370150 0.1147941 0.0854538 0.1236928 0.1133528 0.0376898 0.1064291 0.1011814 0.1273995 0.1767708 0.1057435 0.0279602 0.0766928 0.1108061 0.0000000 0.0855804 0.1348312 0.0000010 0.0161472 0.0000010 0.1069684 0.1021295 0.0956081 0.1257955 0.1058933 0.1050801 0.1412238 0.0160759 0.0901456 0.0855048 0.1605869 0.0701088 0.1057410 0.1081743 0.0850887 0.0863814 0.1237962 0.1121172 0.1075834 0.1076029 0.0160759 0.1840251 0.1014193 0.0160698 0.1248203 0.1181488 0.1086345 0.1000765 0.1018640 0.1218116 0.1052177 0.0806920 0.1080124 0.0859132 0.0463486 0.0988123 0.1088933 0.0342075 0.0961937 0.0956242 0.0909690 0.1625093 0.1189486 0.1759014 0.1365818 0.0426138 0.0860197 0.1067812 0.1038020 0.1756564 0.1058823 0.1684938 0.0960528 0.1426181 0.0510107 0.1181054 0.1057625 0.1999917 0.0953812 0.1123538 0.0928684 0.1002281 0.1132245 0.1127340 0.0122890 0.1005211 0.1348769 0.0629874 0.0135743 0.0160759 0.0967504 0.0433088 0.1191277 0.1016346 0.1131900 0.0967504 0.1187151 0.0949512 0.1022052 0.1018361 0.0958839 0.2392413 0.1051536 0.1075112 0.1111023 0.0000010 0.1304839 0.1014193 0.1018640 0.1142730 0.0954615 0.1072060 0.1086471 0.0957467 0.1017904 0.1238927 0.1149445 0.1122084 0.1025207 0.1122462 0.1012484 0.1059146 0.0909820 0.1844507 0.0975022 0.1020903 0.1759157 0.1062097 
S0327         0.1712444 0.0625586 0.0785369 0.0533582 0.1016205 0.0578354 0.0940928 0.0407175 0.0541162 0.0630392 0.1193399 0.0536200 0.0671954 0.0840526 0.0407032 0.0855804 0.0000000 0.0815625 0.0662988 0.0857260 0.0697975 0.0443336 0.0529958 0.0815578 0.0613966 0.0578299 0.0738830 0.0855762 0.0858862 0.0237096 0.0658117 0.0840663 0.0991495 0.0575391 0.0554028 0.0320070 0.0403306 0.0515053 0.0427072 0.0591533 0.0772665 0.0900697 0.1521416 0.0619744 0.0855527 0.0692464 0.0686651 0.0699917 0.0714576 0.0463665 0.1021013 0.0760146 0.0661316 0.0798259 0.0449792 0.0868142 0.0573164 0.0468434 0.0837026 0.0753019 0.0660316 0.0612423 0.1157880 0.0988766 0.1430604 0.0893042 0.0829390 0.1248059 0.0781107 0.0760326 0.1461685 0.0811742 0.1186624 0.0588644 0.0840779 0.0843444 0.0686103 0.0603767 0.1438102 0.0579106 0.0592166 0.0724958 0.0297276 0.0474064 0.0519260 0.0630565 0.0279275 0.0646524 0.0807194 0.0819337 0.0811512 0.0442477 0.0789399 0.0771923 0.0474359 0.0567721 0.0455769 0.0681580 0.0628680 0.0598964 0.0589453 0.0511743 0.0806348 0.0491549 0.0564235 0.0738133 0.0364008 0.1042063 0.0402858 0.0510691 0.1012271 0.0471210 0.0581350 0.0580438 0.0493167 0.0617253 0.0602578 0.0578915 0.0466259 0.0852917 0.0606784 0.0512440 0.0585538 0.0649961 0.1453170 0.0678195 0.0625930 0.0952326 0.0719143 
S0335         0.1682363 0.1044214 0.1072743 0.1249046 0.1591858 0.0994935 0.1445710 0.0972530 0.0515281 0.0966044 0.1426005 0.1200957 0.1054355 0.1265890 0.0997832 0.1348312 0.0815625 0.0000000 0.0667454 0.1317838 0.1124296 0.0887072 0.0842754 0.1489589 0.1079639 0.1236152 0.1032210 0.1307173 0.1320506 0.0846223 0.0837155 0.1058847 0.1377807 0.0892556 0.0845590 0.0922472 0.0806093 0.0972139 0.0824968 0.0899860 0.1121376 0.1376829 0.1774623 0.1035022 0.1314862 0.0872837 0.1064406 0.0816225 0.0981568 0.0861891 0.1355133 0.1030088 0.0841241 0.1100047 0.0958020 0.1105344 0.0993927 0.0850967 0.1185616 0.0887985 0.0867491 0.0790041 0.1580162 0.1311397 0.1915737 0.1092458 0.1194234 0.1628199 0.0992397 0.0897788 0.1892497 0.1086920 0.1648319 0.0764538 0.0694302 0.1229958 0.1137354 0.0514626 0.1739312 0.0973203 0.0861057 0.0797678 0.0985780 0.0928640 0.0980744 0.1048609 0.0855232 0.1279606 0.1159863 0.1335347 0.1266955 0.0838309 0.1023152 0.0697925 0.0516748 0.0943522 0.0742645 0.1011594 0.0586021 0.1015101 0.1192669 0.0513557 0.0762636 0.1147955 0.0936634 0.1006943 0.0958544 0.1342634 0.0846450 0.0893845 0.1390429 0.0513818 0.0380339 0.0925982 0.1145091 0.1034570 0.1209179 0.0918250 0.0859404 0.0749488 0.0279717 0.0895864 0.0761142 0.0743783 0.1756310 0.0849408 0.0401253 0.1416010 0.0814730 
S0345         0.2124552 0.1023701 0.0930881 0.1430874 0.1172696 0.0910625 0.0786248 0.0967908 0.0726607 0.0956974 0.1464436 0.1427014 0.0673692 0.0704559 1.2448067 0.0000010 0.0662988 0.0667454 0.0000000 0.0724993 0.1021577 0.0779335 0.0782976 0.2271598 0.0000010 0.1192340 0.0912988 0.1154193 0.0846282 0.0672167 0.0922902 0.1021910 0.0926019 0.0890436 0.0720319 0.1029764 0.0788843 0.0921196 0.0744551 0.0000010 0.0980462 0.0890058 0.2204917 0.1203470 0.0725641 0.0000010 0.1143220 0.0572934 0.0849340 0.0775556 0.0913162 0.0907011 0.0745783 0.1058944 0.0852557 0.0869479 0.1040344 0.0899613 0.0798940 0.0897976 0.0917227 0.0728768 0.0000010 0.0836358 0.1915598 0.0916978 0.0917788 0.0000010 0.1039941 0.0725928 0.2056736 0.1036276 0.1970639 0.0791022 0.0504431 0.0913282 0.0961274 0.0505674 0.2041722 0.0906852 0.0830589 0.0561658 0.0963876 0.0932858 0.1045767 0.0457276 0.0748618 0.1343260 0.0930708 0.0737488 0.0730785 0.0719711 0.0752823 0.0143462 0.0448159 0.0000010 0.0591193 0.1065095 0.0668451 0.0903890 0.1138881 0.0444727 0.0602502 0.1300718 0.0000010 0.0787152 0.0906778 0.0908764 0.0619567 0.0845906 0.1088172 0.0727805 0.0398827 0.0841028 0.1376317 0.0775105 0.1025924 0.0887324 0.0891970 0.0296639 0.0498735 0.1037358 0.0563225 0.0551219 0.0000010 0.0845856 0.0451152 0.1162542 0.0731997 
S0355         0.2243471 0.1127728 0.1238864 0.1068575 0.1322363 0.1121167 0.0258039 0.1049407 0.1147153 0.1112905 0.1666786 0.1149333 0.0149351 0.0653422 0.1277324 0.0161472 0.0857260 0.1317838 0.0724993 0.0000000 0.0816690 0.1009143 0.0964123 0.1464363 0.1427713 0.1162088 0.1121692 0.1286882 0.0175429 0.0844638 0.1106787 0.1463309 0.0875982 0.1026592 0.0992882 0.0961829 0.0867765 0.1102773 0.0973831 0.1271452 0.1166442 0.0138408 0.1986854 0.1169265 0.0155026 0.1356118 0.1191896 0.1094218 0.1069393 0.0983118 0.1293707 0.1119343 0.1109868 0.1141434 0.1128359 0.0612710 0.0940518 0.1021371 0.0488474 0.1210923 0.1185400 0.1050826 0.1779489 0.0956011 0.1800139 0.1229325 0.0662625 0.0959199 0.1269190 0.1193209 0.1881340 0.1126793 0.1615223 0.1151789 0.1235798 0.0701654 0.1091904 0.1094970 0.2063440 0.1032914 0.0959719 0.1185736 0.0983746 0.1058644 0.1086888 0.0205820 0.0946658 0.1303125 0.0720918 0.0102369 0.0135750 0.0911340 0.0577709 0.1157477 0.1069219 0.1358542 0.0891556 0.1165024 0.1144843 0.0995247 0.1164889 0.1007257 0.1605573 0.1247775 0.1260016 0.1071129 0.0646062 0.1009790 0.0941711 0.0992528 0.0979907 0.1012817 0.1047264 0.1022010 0.1149103 0.0960122 0.1203266 0.1018098 0.1038877 0.1166149 0.1076123 0.1096807 0.1046087 0.1092485 0.2278557 0.1083050 0.1047893 0.1358210 0.1177159 
S0376         0.2249387 0.0710306 0.1310241 0.0837547 0.1194720 0.0658395 0.0935576 0.0954022 0.1124062 0.0439748 0.1284049 0.0955061 0.0877393 0.0929752 1.2762698 0.0000010 0.0697975 0.1124296 0.1021577 0.0816690 0.0000000 0.0490082 0.0703208 0.2481521 0.0000010 0.1234875 0.1076008 0.0287351 0.0938029 0.0600214 0.1289998 0.1017870 0.1018090 0.0592774 0.0539512 0.0942400 0.0822591 0.1068854 0.0727487 0.0000010 0.1327664 0.0985593 0.2168059 0.1238500 0.0873888 0.0000010 0.0655282 0.1112301 0.1128664 0.0487879 0.1196459 0.1188247 0.1103561 0.1284394 0.1067846 0.1157423 0.1187667 0.0878233 0.0959392 0.1210766 0.1168606 0.1154048 0.0000010 0.1072263 0.1659383 0.0899746 0.1023706 0.0000010 0.0914166 0.1008374 0.2022709 0.1325087 0.1758478 0.1143285 0.1007058 0.1018682 0.0654047 0.1065754 0.1626626 0.0600708 0.0697582 0.1073189 0.0712311 0.1023014 0.1193750 0.0813055 0.0728240 0.0999921 0.0900465 0.0773754 0.0823146 0.0539092 0.1038099 0.1010600 0.0999796 0.0000010 0.0357815 0.0854042 0.1140209 0.0710350 0.1060927 0.0933534 0.1227518 0.1328130 0.0000010 0.1062596 0.0773228 0.1074115 0.0820796 0.0495827 0.1307946 0.1070108 0.0945281 0.0545185 0.1085310 0.0592467 0.1013295 0.0590880 0.0762861 0.1274024 0.0941419 0.1184268 0.0898323 0.1054821 0.0000010 0.1073563 0.1003262 0.0599395 0.1267852 
S0400         0.1533053 0.0340575 0.0808530 0.0732532 0.1094535 0.0116308 0.1096317 0.0740004 0.0698380 0.0175951 0.1033639 0.0717491 0.0763397 0.0940925 0.0738751 0.1069684 0.0443336 0.0887072 0.0779335 0.1009143 0.0490082 0.0000000 0.0214575 0.1091392 0.0612344 0.0829335 0.0831945 0.0670045 0.1036745 0.0467610 0.0796858 0.0817458 0.1070668 0.0235507 0.0175647 0.0622429 0.0625617 0.0763799 0.0382720 0.0068563 0.0846770 0.1083869 0.1598085 0.0597496 0.1032569 0.0929894 0.0256098 0.0821161 0.0807044 0.0057304 0.1130632 0.0853504 0.0707913 0.0918379 0.0677014 0.0945719 0.0814016 0.0672655 0.0891861 0.0894918 0.0799571 0.0749787 0.0821806 0.0990732 0.1411197 0.0941701 0.0878889 0.1254836 0.0853227 0.0880735 0.1454727 0.0906742 0.1290894 0.0701879 0.0858202 0.0919401 0.0508068 0.0739545 0.1484881 0.0116436 0.0213914 0.0925171 0.0486857 0.0721800 0.0770259 0.0843573 0.0471177 0.0808971 0.0901715 0.0978733 0.0987165 0.0115327 0.0839915 0.0847285 0.0629040 0.0099331 0.0098704 0.0346058 0.0839635 0.0338467 0.0900522 0.0643906 0.0980236 0.0761687 0.0268246 0.0831160 0.0533043 0.0988935 0.0665696 0.0057540 0.1044581 0.0647295 0.0671368 0.0197065 0.0759382 0.0357399 0.0741609 0.0318500 0.0377736 0.0955679 0.0674835 0.0760346 0.0721180 0.0741568 0.1730442 0.0725053 0.0649057 0.0738764 0.0761165 
S0405         0.1619946 0.0425340 0.0703905 0.0853497 0.1048332 0.0298462 0.1074373 0.0764294 0.0655181 0.0337851 0.0963082 0.0810551 0.0766429 0.0918407 0.0740202 0.1021295 0.0529958 0.0842754 0.0782976 0.0964123 0.0703208 0.0214575 0.0000000 0.1140641 0.0651854 0.0947754 0.0788306 0.0739698 0.0991458 0.0533635 0.0799362 0.0890424 0.1097780 0.0256076 0.0156041 0.0668797 0.0672243 0.0766158 0.0425873 0.0138407 0.0848735 0.1037497 0.1711064 0.0621115 0.0987478 0.0850719 0.0359291 0.0773788 0.0763611 0.0194336 0.1134578 0.0809833 0.0756508 0.0873557 0.0794015 0.0900620 0.0843948 0.0788776 0.0868029 0.0897782 0.0802092 0.0752123 0.0823499 0.0969697 0.1545089 0.0971024 0.0856778 0.1169839 0.0807569 0.0834735 0.1534692 0.0862508 0.1427853 0.0726031 0.0814291 0.0897379 0.0530407 0.0672945 0.1622085 0.0298815 0.0315215 0.0903099 0.0618239 0.0724026 0.0772662 0.0740562 0.0559156 0.0951913 0.0880484 0.0930052 0.0942159 0.0174504 0.0818012 0.0779008 0.0586313 0.0201135 0.0139112 0.0410867 0.0795565 0.0359710 0.1025029 0.0579313 0.0911603 0.0832180 0.0234185 0.0787558 0.0707549 0.0992435 0.0667701 0.0216040 0.1023917 0.0604732 0.0628575 0.0258479 0.0829646 0.0378662 0.0859253 0.0381633 0.0441293 0.0910087 0.0631820 0.0762684 0.0723401 0.0743853 0.1734455 0.0703561 0.0606371 0.0809612 0.0763508 
S0407sl       0.2549951 0.1322861 0.1444565 0.1037906 0.1685646 0.1261909 0.1543354 0.0738310 0.1163252 0.1459719 0.1910563 0.0833976 0.1383108 0.1481707 0.0369426 0.0956081 0.0815578 0.1489589 0.2271598 0.1464363 0.2481521 0.1091392 0.1140641 0.0000000 0.0652534 0.0964781 0.1310694 0.1419202 0.1524540 0.0773580 0.1391400 0.1573312 0.1607708 0.1201299 0.1201715 0.0766148 0.1001161 0.1135727 0.1074541 0.0510295 0.1518130 0.1493834 0.2223102 0.1142134 0.1462706 0.0731704 0.1194036 0.1430103 0.1281186 0.1114395 0.1787093 0.1334447 0.1253666 0.1412527 0.1109282 0.1396711 0.1311650 0.1030492 0.1572684 0.1450938 0.1346679 0.1307176 0.1213463 0.1533682 0.2054477 0.1648091 0.1294664 0.1337355 0.1491815 0.1498039 0.2088242 0.1281186 0.1807622 0.1191198 0.1410598 0.1363745 0.1415640 0.1232835 0.2039771 0.1263958 0.1191431 0.1308955 0.0867510 0.1013502 0.1091832 0.1479299 0.0956094 0.0991549 0.1466812 0.1526118 0.1467441 0.1062555 0.1357993 0.1358174 0.1030339 0.0566475 0.1038568 0.1365103 0.1211750 0.1195399 0.1149157 0.1015730 0.1699271 0.0808455 0.0563006 0.1309379 0.0675015 0.1626749 0.0970498 0.1094883 0.1622746 0.1100240 0.1259377 0.1202627 0.0886098 0.1302411 0.1239398 0.1263550 0.1087155 0.1489110 0.1275935 0.1072393 0.1297536 0.1228542 0.1499362 0.1290313 0.1285830 0.1595469 0.1282231 
S0412sl       0.1433018 0.0783713 0.1053659 0.0765753 0.1544683 0.0734763 0.1647709 0.0734354 0.0791241 0.0768667 0.1436381 0.0773627 0.1220747 0.1162179 0.0766817 0.1257955 0.0613966 0.1079639 0.0000010 0.1427713 0.0000010 0.0612344 0.0651854 0.0652534 0.0000000 0.0861325 0.1026472 0.0776579 0.1328947 0.0655696 0.0949481 0.0890661 0.1324724 0.0778728 0.0701088 0.0614589 0.0742042 0.0650770 0.0654029 0.0686628 0.0776958 0.1328947 0.1622965 0.0455473 0.1373714 0.0989827 0.0732146 0.1089332 0.0984893 0.0650959 0.1683524 0.1027587 0.0915903 0.0986114 0.0827918 0.1171133 0.0822963 0.0869549 0.1308534 0.1006737 0.0951490 0.0954104 0.1350272 0.1424965 0.1848993 0.1505707 0.1158317 0.1380855 0.1104593 0.1159722 0.1663735 0.1032973 0.1349155 0.0821211 0.1183541 0.1274094 0.0843186 0.0773314 0.1637811 0.0738362 0.0729664 0.1338681 0.0686386 0.0660769 0.0668263 0.1205800 0.0572926 0.0900178 0.1117814 0.1382898 0.1328947 0.0574259 0.0982989 0.1015415 0.0791852 0.0697263 0.0617065 0.0824607 0.0782100 0.0728186 0.1025803 0.0740018 0.1586129 0.0767098 0.0615208 0.1076179 0.0000010 0.1418354 0.0774252 0.0653612 0.1346716 0.0737381 0.0949714 0.0745818 0.0647722 0.0776233 0.0765952 0.0789502 0.0612451 0.1111124 0.0918443 0.0694753 0.1033902 0.0917720 0.1585420 0.0876753 0.0867002 0.1067338 0.0903208 
S0417         0.2149941 0.0982215 0.1152288 0.0670837 0.1470854 0.0981818 0.1283463 0.0650762 0.0966159 0.1063943 0.1725981 0.0675940 0.0980507 0.1096322 0.0483148 0.1058933 0.0578299 0.1236152 0.1192340 0.1162088 0.1234875 0.0829335 0.0947754 0.0964781 0.0861325 0.0000000 0.1104326 0.1188449 0.1191023 0.0582445 0.1062096 0.1246743 0.1320132 0.0876082 0.0928502 0.0584307 0.0765803 0.0961922 0.0864163 0.0799521 0.1160701 0.1268168 0.1852447 0.0997276 0.1210848 0.0986559 0.1001547 0.1107959 0.1077373 0.0850834 0.1385029 0.1126686 0.1048905 0.1200493 0.0847752 0.1220289 0.1043514 0.0794438 0.1127447 0.1171388 0.1073329 0.1042634 0.1490968 0.1382457 0.1755485 0.1192305 0.1072137 0.1432287 0.1180858 0.1210436 0.1782895 0.1110638 0.1536155 0.0991047 0.1143203 0.1133774 0.1122929 0.0982661 0.1729217 0.0959530 0.0991277 0.1064092 0.0580707 0.0847701 0.0849147 0.0952973 0.0725454 0.0697176 0.1110848 0.1139083 0.1164362 0.0803737 0.1115202 0.1038712 0.0843589 0.0806855 0.0824508 0.1094520 0.1086253 0.0954512 0.0856653 0.0879734 0.1175197 0.0646487 0.0801760 0.1103266 0.0712183 0.1468875 0.0832890 0.0831787 0.1432959 0.0885456 0.1031774 0.0960345 0.0603170 0.0967440 0.1015061 0.0910610 0.0782484 0.1069692 0.1039114 0.0956835 0.0960925 0.0931814 0.1656777 0.1060430 0.1056167 0.1215123 0.0987452 
S0419         0.1905140 0.0942339 0.0088530 0.1134414 0.0725268 0.0937073 0.1291133 0.0962582 0.0768087 0.1100125 0.1315927 0.1040594 0.0895321 0.0992450 0.0934522 0.1050801 0.0738830 0.1032210 0.0912988 0.1121692 0.1076008 0.0831945 0.0788306 0.1310694 0.1026472 0.1104326 0.0000000 0.1118549 0.1123896 0.0714683 0.0914404 0.1202001 0.1106458 0.0860315 0.0815156 0.0865421 0.0843520 0.0967816 0.0792952 0.0795409 0.0389716 0.1148502 0.1464887 0.0872561 0.1069746 0.0893960 0.1005394 0.0922202 0.0038091 0.0807341 0.0339263 0.0076524 0.0944141 0.0474011 0.1019259 0.0919949 0.1047464 0.0990373 0.1080613 0.0968062 0.0971441 0.0891001 0.1180214 0.0575636 0.1409942 0.0977400 0.1003756 0.1111252 0.1024060 0.1003265 0.1406283 0.0116000 0.1252387 0.0840534 0.1010750 0.1016504 0.1032406 0.0879167 0.1443549 0.0915625 0.0853601 0.0925487 0.0904601 0.0924515 0.0976347 0.0948670 0.0847182 0.1165580 0.0959242 0.1125865 0.1072922 0.0738632 0.0867086 0.0966740 0.0651736 0.0801878 0.0710528 0.1005631 0.0983406 0.0933748 0.1055343 0.0688818 0.1025938 0.1061854 0.0642315 0.0096354 0.0783294 0.0646352 0.0837879 0.0838211 0.0631355 0.0738368 0.0855321 0.0869272 0.1065867 0.0857232 0.1145802 0.0867910 0.0782252 0.1053780 0.0914915 0.0963297 0.0860596 0.0810543 0.1473096 0.0452295 0.0832233 0.1145411 0.0906224 
S0427         0.1999987 0.0748504 0.1260031 0.0909630 0.1271136 0.0769838 0.1403327 0.0936073 0.1047766 0.0692626 0.1235095 0.1008298 0.1222686 0.1246027 0.1076937 0.1412238 0.0855762 0.1307173 0.1154193 0.1286882 0.0287351 0.0670045 0.0739698 0.1419202 0.0776579 0.1188449 0.1118549 0.0000000 0.1289473 0.0839755 0.1133927 0.1076405 0.1291192 0.0695728 0.0697804 0.0909364 0.0989877 0.1093957 0.0726008 0.0674253 0.1197835 0.1317407 0.1964799 0.0931905 0.1335807 0.1159115 0.0766671 0.1207089 0.1140744 0.0646524 0.1461076 0.1191170 0.1114247 0.1292897 0.1151076 0.1160286 0.1169714 0.1091985 0.1265927 0.1265735 0.1136705 0.1132733 0.1230135 0.1138322 0.1650824 0.1351635 0.1172907 0.1233050 0.1173017 0.1202330 0.1770443 0.1251372 0.1546056 0.1073008 0.1259149 0.1133787 0.0814539 0.1115753 0.1714199 0.0746872 0.0737107 0.1287909 0.0954767 0.1026696 0.1076970 0.1242792 0.0798324 0.1058999 0.1040927 0.1216060 0.1236390 0.0624185 0.1001332 0.1111911 0.0996355 0.0727083 0.0551962 0.0762998 0.1202590 0.0675254 0.1193209 0.0983662 0.1441412 0.1054732 0.0645412 0.1167290 0.0654502 0.1136143 0.1008295 0.0630052 0.1271296 0.1038728 0.1066189 0.0703311 0.1012083 0.0672657 0.1219773 0.0723884 0.0786312 0.1392021 0.1121585 0.1058467 0.1047929 0.1113266 0.2069864 0.1105832 0.1041812 0.0516392 0.1172356 
S0430         0.2248418 0.1157613 0.1211395 0.1095659 0.1325102 0.1149994 0.0279074 0.1102360 0.1181549 0.1176755 0.1642721 0.1126782 0.0332967 0.0631029 0.1273914 0.0160759 0.0858862 0.1320506 0.0846282 0.0175429 0.0938029 0.1036745 0.0991458 0.1524540 0.1328947 0.1191023 0.1123896 0.1289473 0.0000000 0.0894546 0.1084891 0.1430512 0.0829158 0.1004719 0.1020552 0.0914832 0.0869407 0.1053917 0.1050654 0.1222524 0.1169389 0.0158708 0.2086089 0.1222038 0.0214947 0.1318483 0.1221181 0.1125590 0.1071479 0.1010465 0.1296475 0.1121537 0.1112069 0.1143718 0.1130589 0.0636690 0.0942607 0.1023355 0.0513919 0.1213346 0.1187767 0.1084013 0.1720011 0.0957884 0.1895322 0.1235905 0.0687107 0.0871616 0.1271757 0.1195607 0.2004701 0.1129017 0.1671928 0.1154067 0.1266666 0.0702949 0.1119124 0.1097112 0.2128975 0.1060695 0.1035300 0.1188252 0.1035112 0.1060731 0.1089043 0.0086768 0.0948478 0.1333481 0.0674721 0.0081722 0.0038190 0.0938122 0.0601832 0.1159777 0.1102483 0.1310326 0.0918968 0.1191144 0.1179147 0.1072259 0.1193345 0.1039341 0.1701120 0.1225099 0.1213079 0.1097756 0.0770415 0.1011781 0.0943514 0.1020193 0.1006863 0.1045130 0.1049307 0.1050033 0.1153263 0.1035748 0.1205658 0.1045998 0.1116236 0.1168485 0.1078234 0.1098956 0.1048125 0.1094617 0.2159533 0.1110821 0.1049938 0.1415060 0.1206568 
S0478         0.1811697 0.0630037 0.0756552 0.0581825 0.0912399 0.0604467 0.0953096 0.0409911 0.0612702 0.0661941 0.1170514 0.0515765 0.0645844 0.0871420 0.0372816 0.0901456 0.0237096 0.0846223 0.0672167 0.0844638 0.0600214 0.0467610 0.0533635 0.0773580 0.0655696 0.0582445 0.0714683 0.0839755 0.0894546 0.0000000 0.0732221 0.0919635 0.0999879 0.0579419 0.0557899 0.0343537 0.0451122 0.0494632 0.0432458 0.0551685 0.0772398 0.0937906 0.1589864 0.0669144 0.0891009 0.0735283 0.0669429 0.0780155 0.0668185 0.0488127 0.1020846 0.0713253 0.0713532 0.0800212 0.0541629 0.0875357 0.0572138 0.0540421 0.0871850 0.0806910 0.0759006 0.0709392 0.1172252 0.0944563 0.1466554 0.0923150 0.0859822 0.1255470 0.0835871 0.0862752 0.1475526 0.0763968 0.1251712 0.0661607 0.0823279 0.0898009 0.0668889 0.0631204 0.1451708 0.0605264 0.0596286 0.0725213 0.0236522 0.0432102 0.0498675 0.0665064 0.0388336 0.0628556 0.0766490 0.0881325 0.0846234 0.0466695 0.0772264 0.0778702 0.0544250 0.0531479 0.0437211 0.0708742 0.0656567 0.0603188 0.0711651 0.0537754 0.0890274 0.0539165 0.0491256 0.0691434 0.0369080 0.0997561 0.0427339 0.0492549 0.0971488 0.0496823 0.0631117 0.0584538 0.0518377 0.0621583 0.0700678 0.0627367 0.0426804 0.0884519 0.0634387 0.0492120 0.0658058 0.0678083 0.1459423 0.0753066 0.0653657 0.0910786 0.0724338 
