133
PAFTOL_019361 0.0000000 0.1686064 0.1501572 0.1827726 0.1584400 0.1767378 0.1573854 0.1853835 0.1636758 0.1780326 0.1875049 0.1817770 0.1559405 0.1615474 0.1944779 0.1634862 0.1677127 0.1580235 0.1348217 0.1574291 0.1486619 0.1704025 0.1791903 0.1842136 0.1751684 0.1625944 0.1320611 0.1404276 0.1648212 0.1505140 0.1595820 0.2050490 0.1555854 0.1993237 0.1730221 0.1727508 0.1690456 0.1749746 0.1611226 0.1728645 0.1601255 0.1803919 0.1482369 0.1642334 0.1874537 0.1789525 0.1585066 0.1561321 0.1642712 0.1581287 0.1341068 0.1912723 0.1433889 0.1424023 0.1670841 0.1440182 0.1603616 0.1459942 0.1462938 0.1804577 0.1434315 0.1882724 0.1450702 0.1574762 0.1908708 0.1644185 0.1555451 0.2023267 0.1666812 0.1795008 0.1634310 0.1634696 0.1686357 0.1709990 0.1710812 0.1691086 0.1358147 0.1651586 0.1617909 0.1471483 0.1657517 0.1727523 0.1677157 0.1675943 0.1674345 0.1923524 0.1419627 0.1465821 0.1547153 0.1552301 0.1634801 0.1736087 0.1998437 0.1536078 0.1614573 0.1589136 0.1662132 0.1423424 0.1574262 0.1932393 0.1704140 0.1913436 0.1894087 0.1661479 0.1687807 0.1613184 0.1544013 0.1570798 0.2171782 0.1800305 0.1515484 0.1973030 0.1710235 0.1561852 0.1798246 0.1740101 0.1350141 0.1691316 0.1805552 0.1744301 0.1784254 0.1721735 0.1471688 0.1651503 0.1450932 0.1715270 0.1473261 0.1391788 0.1757155 0.1278611 0.1350276 0.1406742 0.1344275 
S0055         0.1686064 0.0000000 0.0813360 0.1087858 0.0870143 0.0563193 0.1002892 0.1169343 0.0927585 0.0586750 0.0737403 0.1114420 0.1014848 0.1071094 0.1237193 0.1042609 0.0926773 0.0959897 0.0878499 0.1025495 0.0615382 0.0483019 0.0552290 0.1330521 0.0779552 0.0939171 0.0706407 0.0666388 0.1264600 0.0817664 0.0934764 0.0964713 0.1005164 0.1486111 0.1028790 0.0602086 0.0506114 0.1095340 0.0897776 0.0888002 0.0667246 0.0414496 0.0864821 0.1041348 0.1430168 0.0764725 0.0917986 0.0807554 0.0475518 0.0903763 0.0683399 0.0572226 0.0750167 0.0739896 0.0958745 0.0813454 0.0905603 0.0916198 0.0787651 0.0876112 0.0749756 0.1078957 0.0841083 0.0936661 0.1242884 0.0982617 0.0901560 0.0901481 0.0993066 0.1441431 0.0908766 0.1095278 0.1154895 0.0931847 0.0954951 0.1367124 0.0715984 0.1378001 0.0977214 0.0855939 0.1024054 0.0552600 0.1043775 0.1295249 0.0475200 0.0726527 0.0751728 0.0817130 0.0780306 0.0813645 0.1038374 0.0888145 0.1144320 0.0927001 0.1057791 0.1015379 0.0504352 0.0966279 0.0949907 0.1014269 0.0477512 0.0419967 0.0414630 0.1096462 0.0513536 0.0928819 0.0901717 0.0916325 0.1133723 0.0594741 0.0802309 0.1127987 0.1007294 0.0843105 0.0543921 0.0988808 0.0769126 0.0513453 0.1072182 0.0612212 0.1043438 0.0477072 0.0569833 0.1035368 0.0922601 0.0921483 0.0921356 0.0783166 0.1048405 0.0746498 0.0769288 0.0610873 0.0669323 
S0196sl       0.1501572 0.0813360 0.0000000 0.0978307 0.0516114 0.0846386 0.0851340 0.0990445 0.0787499 0.0894994 0.0986999 0.0895446 0.0865536 0.0887347 0.1127360 0.0901252 0.0811813 0.0831356 0.0602913 0.0886600 0.0782835 0.0810878 0.0842643 0.1146359 0.0933026 0.0802734 0.0130456 0.0751344 0.1135855 0.0635872 0.0742741 0.1072845 0.0801846 0.1441697 0.0879647 0.0890510 0.0817770 0.0973361 0.0771062 0.0824425 0.0827078 0.0679425 0.0416886 0.0867945 0.1324747 0.0960844 0.0853483 0.0660016 0.0771360 0.0702721 0.0130210 0.0931293 0.0157063 0.0131969 0.0783885 0.0354815 0.0824352 0.0781526 0.0661389 0.0814319 0.0657161 0.0973095 0.0697777 0.0754442 0.0954456 0.0756303 0.0731757 0.1091672 0.0531580 0.1264025 0.0745920 0.1020679 0.0951167 0.0747997 0.0790740 0.1253990 0.0148008 0.1241234 0.0772572 0.0709661 0.0894620 0.0867350 0.0932731 0.1209044 0.0742289 0.0966732 0.0800564 0.0702769 0.0695700 0.0727920 0.0866969 0.0867541 0.1006529 0.0843947 0.0904550 0.0855233 0.0846092 0.0796220 0.0791419 0.0813245 0.0786072 0.0856957 0.0992666 0.0972944 0.0841709 0.0865199 0.0711909 0.0767824 0.1049891 0.0904833 0.0147734 0.0938867 0.0543055 0.0810991 0.0877752 0.0912562 0.0677387 0.0853129 0.0945917 0.0855320 0.0982566 0.0883756 0.0674552 0.0924469 0.0774545 0.0832948 0.0709217 0.0639275 0.0924346 0.0378425 0.0657164 0.0737653 0.0538341 
S0278         0.1827726 0.1087858 0.0978307 0.0000000 0.0995278 0.1149451 0.1168213 0.0613277 0.1043868 0.1168061 0.1215472 0.0623989 0.1166365 0.1167286 0.0724857 0.1244427 0.0465399 0.1100333 0.0915632 0.1188784 0.0998829 0.1076855 0.1120137 0.0761216 0.1171422 0.0493682 0.0877101 0.1045466 0.1468221 0.0766406 0.1087509 0.1298775 0.1116460 0.1886054 0.0386369 0.1126027 0.1131617 0.0571123 0.0639628 0.0935859 0.1023888 0.0862375 0.1017491 0.1195928 0.1608085 0.1201729 0.1169282 0.0905509 0.1082094 0.1067033 0.0864928 0.1205988 0.0900169 0.0914837 0.1039652 0.0946842 0.0592135 0.1114592 0.0802424 0.0664880 0.0901535 0.0581492 0.0989431 0.1135052 0.1419030 0.1160968 0.1075318 0.1347190 0.1085761 0.1601282 0.1059282 0.1356514 0.1264346 0.1081925 0.1084532 0.1502893 0.0886937 0.1538820 0.1155955 0.1088967 0.1140064 0.1123524 0.1136560 0.1479301 0.1035940 0.1201873 0.0991840 0.0390561 0.0816367 0.0850211 0.1190972 0.0598009 0.0376597 0.1146062 0.1201835 0.1166976 0.1126361 0.1209067 0.1085875 0.1048599 0.0994010 0.1045265 0.1443554 0.1183304 0.1082244 0.0634802 0.1018412 0.1007321 0.0587994 0.1103829 0.0933976 0.0594731 0.1100592 0.0890415 0.1182914 0.1119067 0.0947586 0.1135259 0.0477071 0.1152730 0.0751272 0.1122514 0.0983402 0.1163254 0.1083093 0.0933403 0.1093004 0.0936610 0.1257672 0.0813879 0.0926482 0.0942871 0.0818439 
S0281         0.1584400 0.0870143 0.0516114 0.0995278 0.0000000 0.0897602 0.0982674 0.1009185 0.0902324 0.0959324 0.1060980 0.0968991 0.0994735 0.0969314 0.1113515 0.0978538 0.0874107 0.0932552 0.0839118 0.1016569 0.0855072 0.0851180 0.0907077 0.1182614 0.1009975 0.0841018 0.0437254 0.0833681 0.1269668 0.0780604 0.0831259 0.1203981 0.0928521 0.1579370 0.0928880 0.0975001 0.0857333 0.1004042 0.0847087 0.0854184 0.0888371 0.0707808 0.0486210 0.1010278 0.1480892 0.0960969 0.0983912 0.0703571 0.0832351 0.0811723 0.0416545 0.0962817 0.0467723 0.0464438 0.0940517 0.0414715 0.0880999 0.0894320 0.0738180 0.0903677 0.0721512 0.1001524 0.0820540 0.0854092 0.1164674 0.0877808 0.0777617 0.1137111 0.0595209 0.1469559 0.0882702 0.1098387 0.1049697 0.0890365 0.0924197 0.1432146 0.0436793 0.1443975 0.0971491 0.0854087 0.1000185 0.0872653 0.1017297 0.1359134 0.0813466 0.1021842 0.0927181 0.0729461 0.0756252 0.0778296 0.1018407 0.0886625 0.1061154 0.0982807 0.1026142 0.0995262 0.0887196 0.0924681 0.0828292 0.0947264 0.0816315 0.0854235 0.1068058 0.1059159 0.0826025 0.0981057 0.0854180 0.0859293 0.1046977 0.0924902 0.0505998 0.0976555 0.0606459 0.0831391 0.0919421 0.0950685 0.0753748 0.0884823 0.0968660 0.0871185 0.1034255 0.0780268 0.0812467 0.0984384 0.0916520 0.0897852 0.0883069 0.0703518 0.1033592 0.0546108 0.0732727 0.0809260 0.0640495 
S0282         0.1767378 0.0563193 0.0846386 0.1149451 0.0897602 0.0000000 0.1029226 0.1196680 0.0941944 0.0314668 0.0779035 0.1156369 0.1053124 0.1100412 0.1268019 0.1025292 0.0952641 0.0974629 0.0768484 0.1053387 0.0657692 0.0202177 0.0359494 0.1310343 0.0826389 0.0976650 0.0750713 0.0647586 0.1296143 0.0814290 0.0956253 0.0943118 0.1053045 0.1400258 0.1044448 0.0484941 0.0324005 0.1133283 0.0942374 0.0870309 0.0731505 0.0237205 0.0902839 0.1069550 0.1493957 0.0780382 0.0999841 0.0825251 0.0295004 0.0925146 0.0759127 0.0331066 0.0836009 0.0814980 0.0989025 0.0840919 0.1009750 0.0972612 0.0733452 0.0998302 0.0783840 0.1116347 0.0940869 0.0968831 0.1266552 0.0993740 0.0922888 0.0875673 0.1007739 0.1491242 0.0977781 0.1239360 0.1159582 0.0963590 0.0965018 0.1465231 0.0780540 0.1476241 0.1022589 0.0925239 0.1123886 0.0407030 0.1070347 0.1418483 0.0230507 0.0572996 0.0861144 0.0863742 0.0762670 0.0774942 0.1076993 0.0983724 0.1206736 0.1078109 0.1085739 0.1053677 0.0295362 0.1097347 0.0974243 0.1061875 0.0259208 0.0304689 0.0807029 0.1121528 0.0366667 0.1031553 0.0957207 0.0954022 0.1158751 0.0445273 0.0889245 0.1116946 0.1010223 0.0835794 0.0285110 0.1048438 0.0834552 0.0330639 0.1098957 0.0427569 0.1096332 0.0347368 0.0631685 0.1025251 0.0957241 0.0902868 0.0911634 0.0816887 0.1106164 0.0769710 0.0813601 0.0633163 0.0733067 
S0288         0.1573854 0.1002892 0.0851340 0.1168213 0.0982674 0.1029226 0.0000000 0.1229018 0.1097703 0.1080713 0.1123299 0.1171728 0.0026144 0.0482498 0.1445315 0.0088923 0.1037129 0.1028468 0.1041065 0.0043625 0.0959831 0.0960053 0.1070426 0.1389594 0.1046749 0.0995045 0.0763974 0.0974601 0.0302242 0.0906014 0.0992025 0.1279821 0.0469339 0.0583149 0.1152081 0.1039081 0.1000723 0.1200813 0.0957360 0.1011552 0.0997110 0.0816521 0.0907467 0.0035129 0.1632026 0.1070174 0.0125047 0.0765619 0.0938671 0.0971795 0.0773953 0.1118347 0.0777337 0.0788427 0.0976948 0.0843271 0.0971870 0.0464791 0.0830317 0.0990080 0.0895024 0.1203667 0.0260275 0.1004568 0.1248236 0.1018278 0.0969358 0.1264272 0.0944705 0.1586759 0.0989995 0.0661601 0.0649931 0.1039725 0.1063934 0.1562090 0.0795831 0.1573434 0.1010659 0.0945203 0.0562469 0.0975460 0.1222491 0.1488197 0.0928597 0.1207363 0.0949824 0.0921400 0.0877109 0.0900605 0.0043714 0.0990619 0.1198253 0.0566936 0.0026572 0.0026158 0.1008668 0.0496423 0.1014138 0.1190950 0.0932980 0.0982705 0.1194703 0.1238075 0.0993710 0.1048300 0.1046557 0.1007265 0.1215145 0.1049360 0.0850453 0.1190892 0.0958870 0.0930159 0.1085943 0.1173680 0.0917573 0.1016086 0.1152195 0.1086903 0.1176892 0.1033278 0.0931454 0.1126627 0.0974997 0.1014333 0.0955425 0.0875976 0.1200410 0.0773123 0.0905662 0.0903603 0.0799584 
S0289         0.1853835 0.1169343 0.0990445 0.0613277 0.1009185 0.1196680 0.1229018 0.0000000 0.1091403 0.1240235 0.1411405 0.0591419 0.1238867 0.1232705 0.0724309 0.1283676 0.0493991 0.1195522 0.1029342 0.1261664 0.1014131 0.1112770 0.1200486 0.0846663 0.1301622 0.0435698 0.0911927 0.1037458 0.1552555 0.0860986 0.1194623 0.1409533 0.1155778 0.1977174 0.0522785 0.1161616 0.1176090 0.0654497 0.0709894 0.1070286 0.1059878 0.0776321 0.1100420 0.1269935 0.1621193 0.1275066 0.1253825 0.0843121 0.1140612 0.1162087 0.0899569 0.1209649 0.0956197 0.0971890 0.1201546 0.1018676 0.0665168 0.1174884 0.0895539 0.0700239 0.0982484 0.0624882 0.1058512 0.1208328 0.1436983 0.1234876 0.1158996 0.1457170 0.1100268 0.1637436 0.1110455 0.1522052 0.1331185 0.1143346 0.1169097 0.1565718 0.0921826 0.1576862 0.1229494 0.1111877 0.1245288 0.1173288 0.1246914 0.1516963 0.1068854 0.1274336 0.1077875 0.0439619 0.0925199 0.0936731 0.1264003 0.0598648 0.0648619 0.1163532 0.1263602 0.1239517 0.1126860 0.1286900 0.1181569 0.1132773 0.1084081 0.1001487 0.1581923 0.1306973 0.1187152 0.0717549 0.1088726 0.1055169 0.0574998 0.1152415 0.1034740 0.0646207 0.1115227 0.0947146 0.1208456 0.1191954 0.1018624 0.1182934 0.0571375 0.1139028 0.0860165 0.1115652 0.1041512 0.1226559 0.1204191 0.1003130 0.1129093 0.1007574 0.1356397 0.0837018 0.0984014 0.1002178 0.0907808 
S0292         0.1636758 0.0927585 0.0787499 0.1043868 0.0902324 0.0941944 0.1097703 0.1091403 0.0000000 0.1029893 0.1101392 0.1115885 0.1110071 0.1122968 0.1165526 0.1127831 0.0940686 0.0673102 0.0603482 0.1144193 0.0909150 0.0962362 0.1021017 0.1289621 0.1104486 0.0872309 0.0679251 0.0908417 0.1414491 0.0849419 0.0698977 0.1216851 0.1081309 0.1582875 0.0984752 0.1047552 0.0971384 0.1133232 0.0972824 0.0934027 0.0899475 0.0901222 0.0797949 0.1150777 0.1479908 0.1109907 0.1076306 0.0804348 0.0897873 0.0679741 0.0667719 0.1057044 0.0743901 0.0722767 0.0709131 0.0755598 0.0985317 0.0998202 0.0843818 0.0989566 0.0605181 0.1102966 0.0951453 0.0700904 0.0946880 0.0744055 0.0647300 0.1198247 0.0948809 0.1452561 0.0938051 0.1260700 0.1184831 0.0663785 0.0685368 0.1400347 0.0668229 0.1437889 0.0717206 0.0643579 0.1109772 0.0975893 0.0514660 0.1379653 0.0912821 0.1130665 0.0713133 0.0770244 0.0821847 0.0811673 0.1146321 0.0956684 0.1121600 0.1020742 0.1156531 0.1122140 0.0978172 0.1048254 0.0641973 0.0292042 0.0937459 0.0961481 0.1127462 0.0490934 0.0962516 0.1027596 0.0215048 0.0196405 0.1192615 0.1031334 0.0796930 0.1095703 0.0952488 0.0920948 0.1044994 0.0444162 0.0552635 0.0985141 0.1050558 0.1018087 0.1144202 0.1094479 0.0804718 0.0763199 0.0646714 0.0965453 0.0654997 0.0627397 0.0968434 0.0669699 0.0532754 0.0862222 0.0536038 
S0293         0.1780326 0.0586750 0.0894994 0.1168061 0.0959324 0.0314668 0.1080713 0.1240235 0.1029893 0.0000000 0.0850522 0.1172739 0.1080671 0.1117597 0.1382010 0.1077099 0.0948993 0.1038625 0.0825414 0.1080932 0.0702166 0.0276900 0.0380706 0.1368837 0.0874731 0.1039478 0.0818115 0.0693335 0.1311947 0.0863898 0.1066093 0.0994786 0.1081644 0.1579793 0.1084572 0.0497997 0.0334964 0.1186789 0.0944801 0.0942088 0.0778253 0.0252715 0.0930643 0.1108671 0.1638996 0.0860780 0.1014610 0.0833743 0.0315554 0.1022811 0.0806125 0.0352113 0.0884444 0.0864569 0.1075652 0.0868369 0.1061135 0.0978264 0.0815794 0.0984768 0.0832912 0.1173297 0.0977850 0.1079237 0.1336928 0.1116233 0.1020812 0.0919671 0.1015156 0.1631676 0.1007650 0.1247363 0.1188753 0.1049289 0.1040103 0.1554306 0.0827923 0.1590816 0.1099227 0.0978736 0.1130483 0.0427989 0.1170929 0.1531572 0.0278125 0.0575210 0.0912140 0.0912987 0.0842077 0.0887681 0.1104819 0.0992005 0.1250909 0.1116556 0.1114117 0.1081240 0.0324423 0.1046245 0.1071333 0.1188633 0.0297992 0.0307879 0.0798952 0.1179426 0.0416985 0.1060848 0.1044962 0.0984019 0.1244511 0.0466691 0.0938568 0.1102983 0.1040733 0.0928338 0.0324104 0.1090842 0.0895186 0.0333345 0.1142499 0.0468653 0.1126697 0.0389844 0.0696734 0.1125680 0.0988413 0.0986752 0.1017682 0.0856156 0.1173502 0.0804917 0.0873807 0.0678431 0.0760180 
S0294         0.1875049 0.0737403 0.0986999 0.1215472 0.1060980 0.0779035 0.1123299 0.1411405 0.1101392 0.0850522 0.0000000 0.1267887 0.1147989 0.1110447 0.1509746 0.1165680 0.1089301 0.1100275 0.1111250 0.1180774 0.0857270 0.0736984 0.0748190 0.1490017 0.1008369 0.1124073 0.0887199 0.0827930 0.1436711 0.0961916 0.1092429 0.1118832 0.1139114 0.1631936 0.1213905 0.0813589 0.0711985 0.1248594 0.1103566 0.1023729 0.0902145 0.0585801 0.1021958 0.1199443 0.1739273 0.1037049 0.1127118 0.0972764 0.0719751 0.1071724 0.0874986 0.0811295 0.0976147 0.0922034 0.1079703 0.0958238 0.1132182 0.1043623 0.0886007 0.1067114 0.0921957 0.1245194 0.1031078 0.1094674 0.1375307 0.1119866 0.1080203 0.0673668 0.1109140 0.1614627 0.1101081 0.1242239 0.1174389 0.1041776 0.1065589 0.1639855 0.0897042 0.1651085 0.1125366 0.1059898 0.1118939 0.0799929 0.1176982 0.1555263 0.0729867 0.0935929 0.1039343 0.0984388 0.0892652 0.0926058 0.1147245 0.1217732 0.1265653 0.1138794 0.1182284 0.1147310 0.0728868 0.1060676 0.1165645 0.1231822 0.0732522 0.0725073 0.0901565 0.1216768 0.0796419 0.1123658 0.1037097 0.1100383 0.1323072 0.0850945 0.0996385 0.1295548 0.1124121 0.0978996 0.0802020 0.1188817 0.0976903 0.0788539 0.1268935 0.0875762 0.1268064 0.0733950 0.0839037 0.1219771 0.1091949 0.1049316 0.1121849 0.0935417 0.1198897 0.0897846 0.0976222 0.0844376 0.0827542 
S0299         0.1817770 0.1114420 0.0895446 0.0623989 0.0968991 0.1156369 0.1171728 0.0591419 0.1115885 0.1172739 0.1267887 0.0000000 0.1173383 0.1150565 0.0810789 0.1237013 0.0488942 0.1153334 0.0988826 0.1212019 0.0971190 0.1085914 0.1151554 0.0790525 0.1245362 0.0545945 0.0909328 0.0999196 0.1464395 0.0876848 0.1081622 0.1328590 0.1077848 0.1993533 0.0442368 0.1117224 0.1109386 0.0624530 0.0637626 0.1010834 0.1076099 0.0812748 0.0962147 0.1207412 0.1759401 0.1282196 0.1189870 0.0854598 0.1116865 0.1044821 0.0895055 0.1167716 0.0885366 0.0925070 0.1131808 0.0899387 0.0673641 0.1077421 0.0856452 0.0712542 0.0911644 0.0540283 0.0994295 0.1111086 0.1416063 0.1180556 0.1055337 0.1348568 0.1046878 0.1580422 0.1140379 0.1504770 0.1219033 0.1117625 0.1120760 0.1615126 0.0920793 0.1628692 0.1165776 0.1072414 0.1172540 0.1140481 0.1255671 0.1572984 0.1050901 0.1217197 0.0915703 0.0401299 0.0858206 0.0896302 0.1198576 0.0567606 0.0630442 0.1087875 0.1199441 0.1186771 0.1103160 0.1158224 0.1124680 0.1179256 0.1015743 0.0879837 0.1603468 0.1225877 0.1150441 0.0696183 0.1081657 0.1071937 0.0646342 0.1104276 0.0984100 0.0588509 0.1063789 0.0896299 0.1103992 0.1183905 0.0973577 0.1141709 0.0497398 0.1164520 0.0864536 0.1253877 0.1002935 0.1226728 0.1174547 0.0922457 0.1065727 0.0952033 0.1252599 0.0871164 0.0948797 0.1024544 0.0848763 
S0303         0.1559405 0.1014848 0.0865536 0.1166365 0.0994735 0.1053124 0.0026144 0.1238867 0.1110071 0.1080671 0.1147989 0.1173383 0.0000000 0.0483460 0.1455762 0.0114425 0.1039311 0.1052699 0.1071452 0.0068776 0.0973969 0.0962168 0.1070570 0.1392355 0.1036654 0.0996362 0.0780490 0.0967542 0.0335552 0.0916991 0.1029197 0.1301829 0.0479567 0.0602437 0.1150531 0.1073241 0.1013545 0.1209369 0.0949536 0.1012759 0.1009731 0.0810525 0.0889649 0.0069686 0.1638932 0.1059607 0.0149575 0.0797755 0.0951666 0.0997523 0.0779145 0.1119191 0.0782492 0.0793448 0.0990726 0.0847329 0.0984166 0.0465636 0.0837508 0.1007037 0.0921781 0.1202631 0.0300948 0.1042150 0.1269901 0.1055976 0.0995057 0.1267126 0.0958704 0.1581447 0.0991072 0.0714434 0.0689309 0.1052552 0.1076423 0.1557533 0.0800650 0.1568693 0.1023960 0.0982924 0.0580832 0.1009900 0.1242346 0.1486495 0.0931269 0.1227316 0.0927404 0.0924040 0.0880694 0.0915161 0.0068983 0.0992965 0.1208767 0.0575604 0.0052443 0.0051553 0.1031275 0.0497566 0.1027303 0.1215411 0.0935586 0.0985447 0.1218454 0.1250120 0.1006072 0.1039791 0.1059501 0.1008522 0.1240823 0.1060804 0.0854329 0.1188768 0.0972705 0.0932344 0.1085806 0.1171878 0.0944107 0.1029429 0.1152608 0.1097557 0.1174857 0.1044319 0.0955425 0.1138232 0.0999426 0.1026220 0.0981221 0.0903010 0.1234933 0.0768706 0.0920408 0.0918676 0.0827402 
S0308         0.1615474 0.1071094 0.0887347 0.1167286 0.0969314 0.1100412 0.0482498 0.1232705 0.1122968 0.1117597 0.1110447 0.1150565 0.0483460 0.0000000 0.1455489 0.0500650 0.1054480 0.1098060 0.1011177 0.0521761 0.0998108 0.1018757 0.1085685 0.1387558 0.1139477 0.1021807 0.0801848 0.0947000 0.0756496 0.0912084 0.1018932 0.1302049 0.0500950 0.1100969 0.1141158 0.1122717 0.1037088 0.1186998 0.0927193 0.1069916 0.1012978 0.0861746 0.0912037 0.0538790 0.1632127 0.1127275 0.0537031 0.0868330 0.0945501 0.0974132 0.0800465 0.1156315 0.0846836 0.0834591 0.0947024 0.0846635 0.1019247 0.0506682 0.0907330 0.1037624 0.0912223 0.1202229 0.0406043 0.1031851 0.1245332 0.1045636 0.0971724 0.1307364 0.0906562 0.1600336 0.0990663 0.0715183 0.0640106 0.1021130 0.1033728 0.1551254 0.0811572 0.1562368 0.1056911 0.1003345 0.0602434 0.1027758 0.1212881 0.1480504 0.0965055 0.1252045 0.0959674 0.0895996 0.0935905 0.0970930 0.0522112 0.1023504 0.1259287 0.0558050 0.0520968 0.0522188 0.1031996 0.0537668 0.1052546 0.1194729 0.0990632 0.1057450 0.1219061 0.1251829 0.1085887 0.1097717 0.1061176 0.1041632 0.1350462 0.1061507 0.0875288 0.1153135 0.0920280 0.0999223 0.1098686 0.1174019 0.0934110 0.1065286 0.1192324 0.1134563 0.1199099 0.1135241 0.0937625 0.1164457 0.1057258 0.1083514 0.0981161 0.0893446 0.1220942 0.0789972 0.0857737 0.0962368 0.0817918 
S0320         0.1944779 0.1237193 0.1127360 0.0724857 0.1113515 0.1268019 0.1445315 0.0724309 0.1165526 0.1382010 0.1509746 0.0810789 0.1455762 0.1455489 0.0000000 0.1517049 0.0651927 0.1274955 0.0862255 0.1453918 0.1185747 0.1266858 0.1254652 0.0997324 0.1434393 0.0566728 0.1029389 0.1143028 0.1811947 0.0785124 0.1230585 0.1552590 0.1311948 0.1668568 0.0517126 0.1268777 0.1197706 0.0726447 0.0921695 0.1185425 0.1198737 0.0758464 0.1223490 0.1436612 0.1728485 0.1399119 0.1366398 0.0985785 0.1217783 0.1191403 0.1013946 0.1369521 0.1085505 0.1076592 0.1228168 0.1146351 0.0817190 0.1308533 0.1102598 0.0868604 0.1099404 0.0501256 0.1169446 0.1217555 0.1508720 0.1199462 0.1175258 0.1330429 0.1303223 0.1824407 0.1209923 0.1379722 0.1495343 0.1209928 0.1227340 0.1825771 0.1014555 0.1837689 0.1345030 0.1207895 0.1453241 0.1210564 0.1410499 0.1763080 0.1169521 0.1397114 0.1230774 0.0537432 0.1061255 0.1044273 0.1473390 0.0770068 0.0744315 0.1315227 0.1447782 0.1428053 0.1299964 0.1534537 0.1221116 0.0911444 0.1160116 0.1083292 0.1824284 0.1428572 0.1194893 0.0869252 0.1232055 0.1163936 0.0355622 0.1276099 0.1155451 0.0791726 0.1291837 0.1117636 0.1313955 0.1360012 0.1130364 0.1268295 0.0574980 0.1246189 0.0980728 0.1079484 0.1137546 0.1284759 0.1285629 0.1141630 0.1198770 0.1089050 0.1550536 0.1016088 0.1088717 0.1088260 0.0981993 
S0322         0.1634862 0.1042609 0.0901252 0.1244427 0.0978538 0.1025292 0.0088923 0.1283676 0.1127831 0.1077099 0.1165680 0.1237013 0.0114425 0.0500650 0.1517049 0.0000000 0.1069221 0.1068538 0.1023055 0.0114404 0.1000892 0.0967567 0.1066334 0.1431770 0.1031459 0.1057744 0.0803901 0.0994444 0.0339655 0.0906182 0.1023797 0.1299768 0.0537203 0.0618864 0.1216191 0.1093520 0.1019848 0.1253269 0.1005403 0.1029861 0.1038028 0.0833544 0.0913951 0.0133116 0.1653114 0.1042156 0.0151813 0.0803190 0.0956901 0.0991679 0.0812846 0.1116214 0.0827174 0.0828050 0.0984832 0.0849164 0.1045135 0.0521779 0.0851751 0.1054171 0.0936067 0.1271862 0.0314789 0.1014288 0.1255295 0.1050924 0.0977862 0.1276385 0.0964027 0.1619403 0.1008849 0.0745696 0.0711333 0.1047512 0.1071709 0.1582586 0.0834854 0.1593928 0.1018509 0.0987441 0.0620158 0.0980913 0.1275633 0.1508611 0.0924513 0.1225977 0.0981252 0.0962821 0.0884300 0.0919316 0.0141550 0.1056069 0.1276516 0.0605357 0.0116157 0.0114357 0.1016367 0.0558191 0.1032024 0.1224552 0.0928865 0.1006054 0.1245218 0.1235224 0.1000635 0.1124122 0.1076125 0.1036303 0.1268360 0.1056894 0.0889768 0.1255921 0.0978284 0.0947901 0.1069320 0.1192092 0.0958788 0.1023527 0.1186601 0.1093691 0.1229977 0.0999032 0.0928099 0.1131778 0.1002845 0.1032157 0.0975183 0.0917022 0.1218310 0.0822743 0.0934650 0.0956553 0.0850611 
S0327         0.1677127 0.0926773 0.0811813 0.0465399 0.0874107 0.0952641 0.1037129 0.0493991 0.0940686 0.0948993 0.1089301 0.0488942 0.1039311 0.1054480 0.0651927 0.1069221 0.0000000 0.0954030 0.0801091 0.1050101 0.0831487 0.0894733 0.0948711 0.0712366 0.1053289 0.0284142 0.0737087 0.0822136 0.1314211 0.0608321 0.0971535 0.1199225 0.1010471 0.1670364 0.0426519 0.0930704 0.0923910 0.0502495 0.0514672 0.0824792 0.0888854 0.0675327 0.0887603 0.1066333 0.1538857 0.1092686 0.1030165 0.0747776 0.0888329 0.0940365 0.0725538 0.0964631 0.0779279 0.0780646 0.0978836 0.0805342 0.0465633 0.0952389 0.0664047 0.0470867 0.0792835 0.0500450 0.0887556 0.0984225 0.1258061 0.1031174 0.0937920 0.1179677 0.0962471 0.1522449 0.0911423 0.1285377 0.1149042 0.0977027 0.0979348 0.1449270 0.0746703 0.1460235 0.0983000 0.0911900 0.1046712 0.0929838 0.1059182 0.1401636 0.0844464 0.1036571 0.0814990 0.0287199 0.0668363 0.0700718 0.1063041 0.0489664 0.0548525 0.1018604 0.1071512 0.1039856 0.0930656 0.1044229 0.0961228 0.0958953 0.0858154 0.0853128 0.1320109 0.1034915 0.0949136 0.0493402 0.0895049 0.0895478 0.0553365 0.0920186 0.0854156 0.0498308 0.0976543 0.0719842 0.0963699 0.0992937 0.0795776 0.0939031 0.0406423 0.0980257 0.0648294 0.0984819 0.0827379 0.1038129 0.0928237 0.0721333 0.0944531 0.0805580 0.1111515 0.0695761 0.0795235 0.0787050 0.0691004 
S0335         0.1580235 0.0959897 0.0831356 0.1100333 0.0932552 0.0974629 0.1028468 0.1195522 0.0673102 0.1038625 0.1100275 0.1153334 0.1052699 0.1098060 0.1274955 0.1068538 0.0954030 0.0000000 0.0460911 0.1074609 0.0909324 0.0960876 0.1018237 0.1404593 0.1112095 0.0942850 0.0734479 0.0921339 0.1295260 0.0958677 0.0701797 0.1258950 0.1078223 0.1441665 0.1030154 0.0998619 0.0969687 0.1176333 0.1003848 0.1010334 0.0900080 0.0981404 0.0853356 0.1080029 0.1542663 0.1107186 0.1031357 0.0795698 0.0897783 0.0682548 0.0722977 0.1074771 0.0798626 0.0777562 0.0721051 0.0823535 0.0975742 0.0953080 0.0846397 0.1027637 0.0589250 0.1144208 0.0964179 0.0713189 0.0914425 0.0735453 0.0670335 0.1208235 0.1034276 0.1514867 0.0961940 0.1234512 0.1112539 0.0677423 0.0698602 0.1427478 0.0723520 0.1464331 0.0681759 0.0487887 0.1080423 0.0974102 0.0810157 0.1395533 0.0897612 0.1172154 0.0622040 0.0882056 0.0803492 0.0858998 0.1054253 0.1037586 0.1155241 0.1023658 0.1073913 0.1053251 0.0976333 0.0972488 0.0439669 0.0854445 0.0913192 0.0973715 0.1179943 0.0834554 0.0972495 0.0994532 0.0631581 0.0666380 0.1273032 0.1052070 0.0851108 0.1188833 0.1048719 0.0932655 0.1006774 0.0767569 0.0423188 0.0972814 0.1074835 0.1028132 0.1139127 0.1052617 0.0815812 0.0519748 0.0292047 0.0988887 0.0658947 0.0580926 0.0990590 0.0715398 0.0413446 0.0897916 0.0511736 
S0345         0.1348217 0.0878499 0.0602913 0.0915632 0.0839118 0.0768484 0.1041065 0.1029342 0.0603482 0.0825414 0.1111250 0.0988826 0.1071452 0.1011177 0.0862255 0.1023055 0.0801091 0.0460911 0.0000000 0.1069148 0.0846060 0.0845603 0.0883664 0.1143845 0.1097329 0.0761712 0.0639906 0.0850051 0.1015088 0.0771118 0.0640299 0.1149887 0.0894512 0.1220678 0.0762477 0.0980074 0.0798041 0.0891466 0.0881532 0.0902828 0.0897536 0.0784492 0.0733609 0.1060713 0.1403793 0.1032969 0.0950444 0.0710673 0.0772963 0.0571007 0.0620366 0.0845212 0.0658358 0.0653633 0.0729090 0.0720368 0.0955727 0.0890660 0.0785410 0.0844243 0.0546280 0.0761830 0.0841037 0.0641949 0.0864186 0.0640362 0.0569402 0.1044863 0.0896446 0.1432598 0.0837559 0.1035813 0.0989373 0.0654188 0.0673759 0.1337609 0.0585824 0.1378614 0.0750830 0.0372244 0.1099603 0.0846281 0.0817772 0.1408267 0.0773486 0.1072066 0.0595113 0.0609442 0.0806121 0.0769341 0.1091622 0.0939934 0.0956202 0.0750419 0.1105491 0.1054647 0.0847402 0.0907428 0.0294281 0.0568198 0.0721177 0.0765119 0.1419484 0.0761547 0.0944904 0.0895800 0.0674175 0.0671982 0.0882117 0.0924454 0.0711042 0.0946498 0.0859469 0.0939585 0.0791179 0.0747580 0.0445704 0.0845004 0.0847125 0.0864815 0.1121956 0.1108296 0.0763492 0.0328596 0.0447898 0.1018023 0.0640439 0.0479500 0.1040050 0.0661147 0.0429683 0.0845703 0.0362666 
S0355         0.1574291 0.1025495 0.0886600 0.1188784 0.1016569 0.1053387 0.0043625 0.1261664 0.1144193 0.1080932 0.1180774 0.1212019 0.0068776 0.0521761 0.1453918 0.0114404 0.1050101 0.1074609 0.1069148 0.0000000 0.0984574 0.0962405 0.1070825 0.1418812 0.1047353 0.1018019 0.0801182 0.0999245 0.0315581 0.0931551 0.1051192 0.1301359 0.0528767 0.0622127 0.1172820 0.1073498 0.1013802 0.1231940 0.0985928 0.1045840 0.1020435 0.0844600 0.0931645 0.0087211 0.1676190 0.1070347 0.0149537 0.0837091 0.0951908 0.1019412 0.0799792 0.1119458 0.0803238 0.0814513 0.1012460 0.0868634 0.1005746 0.0494220 0.0871662 0.1019386 0.0943140 0.1225816 0.0300863 0.1064232 0.1303965 0.1078160 0.1016888 0.1292702 0.0980095 0.1630261 0.1024554 0.0700152 0.0709664 0.1074460 0.1097656 0.1605867 0.0821404 0.1617074 0.1023624 0.0993416 0.0600491 0.0998565 0.1276903 0.1534348 0.0931502 0.1227616 0.0987353 0.0945470 0.0901928 0.0936583 0.0095040 0.1033518 0.1231884 0.0595401 0.0070008 0.0068812 0.1031534 0.0509031 0.1038060 0.1250003 0.0935827 0.1000044 0.1203716 0.1249772 0.1004903 0.1082905 0.1092823 0.1041637 0.1255683 0.1061073 0.0875331 0.1231142 0.0994227 0.0964774 0.1086075 0.1182945 0.0965576 0.1029687 0.1164064 0.1097828 0.1197460 0.1003382 0.0944348 0.1160636 0.0999106 0.1048138 0.1002940 0.0923687 0.1246154 0.0809526 0.0941732 0.0929271 0.0858765 
S0376         0.1486619 0.0615382 0.0782835 0.0998829 0.0855072 0.0657692 0.0959831 0.1014131 0.0909150 0.0702166 0.0857270 0.0971190 0.0973969 0.0998108 0.1185747 0.1000892 0.0831487 0.0909324 0.0846060 0.0984574 0.0000000 0.0614788 0.0685563 0.1226120 0.0761344 0.0802748 0.0676586 0.0240390 0.1184347 0.0814709 0.0871287 0.0972856 0.0932695 0.1455915 0.0899603 0.0699260 0.0608177 0.0995460 0.0852176 0.0836656 0.0579805 0.0553757 0.0836045 0.0988076 0.1514965 0.0778986 0.0908442 0.0810602 0.0607617 0.0851258 0.0665266 0.0728656 0.0740049 0.0729148 0.0923618 0.0794049 0.0854718 0.0823852 0.0722880 0.0837039 0.0657810 0.0978622 0.0842841 0.0873062 0.1163240 0.0895045 0.0806875 0.0955029 0.0882585 0.1489095 0.0889723 0.1035093 0.0999279 0.0867223 0.0868645 0.1438446 0.0686132 0.1449407 0.0934782 0.0880160 0.0983119 0.0616415 0.1036799 0.1391950 0.0597212 0.0846946 0.0713362 0.0712133 0.0731769 0.0764790 0.0997297 0.0889821 0.1051867 0.0931604 0.1003986 0.0974481 0.0606740 0.0819334 0.0885956 0.1198389 0.0619550 0.0589562 0.0806641 0.1078394 0.0618341 0.0865008 0.0904695 0.0865235 0.1050680 0.0721547 0.0792097 0.1061468 0.0896127 0.0771912 0.0687837 0.0969788 0.0750845 0.0665481 0.0945477 0.0677814 0.0967316 0.0611472 0.0552568 0.0936313 0.0892808 0.0871859 0.0889576 0.0680013 0.1027020 0.0674438 0.0740621 0.0214412 0.0617896 
S0400         0.1704025 0.0483019 0.0810878 0.1076855 0.0851180 0.0202177 0.0960053 0.1112770 0.0962362 0.0276900 0.0736984 0.1085914 0.0962168 0.1018757 0.1266858 0.0967567 0.0894733 0.0960876 0.0845603 0.0962405 0.0614788 0.0000000 0.0283827 0.1263696 0.0801154 0.0908222 0.0715728 0.0604917 0.1207957 0.0817061 0.0935482 0.0928978 0.1016947 0.1418631 0.0995231 0.0444248 0.0266941 0.1061229 0.0877096 0.0856642 0.0666629 0.0194287 0.0845294 0.0987713 0.1491436 0.0778017 0.0919404 0.0783596 0.0238642 0.0904465 0.0704278 0.0265641 0.0779701 0.0737256 0.0945331 0.0783594 0.0972513 0.0924895 0.0719892 0.0916679 0.0730145 0.1055551 0.0893515 0.0947987 0.1219494 0.0983388 0.0902249 0.0793435 0.0927927 0.1487704 0.0931808 0.1137167 0.1108729 0.0909530 0.0910867 0.1449324 0.0725307 0.1460290 0.0978109 0.0880304 0.1074149 0.0376677 0.1057245 0.1402778 0.0184298 0.0510392 0.0798454 0.0806799 0.0749665 0.0782740 0.0985402 0.0955196 0.1131228 0.1028901 0.0992467 0.0962673 0.0238930 0.0977134 0.0960871 0.1099121 0.0194360 0.0259097 0.0676498 0.1086462 0.0336657 0.0972257 0.0934749 0.0897329 0.1130665 0.0394515 0.0832080 0.1044192 0.0941769 0.0812091 0.0238607 0.1001829 0.0790083 0.0292715 0.1023465 0.0378190 0.1035770 0.0239030 0.0608873 0.1024393 0.0911973 0.0889881 0.0932957 0.0763403 0.1026167 0.0704720 0.0769383 0.0609960 0.0669736 
S0405         0.1791903 0.0552290 0.0842643 0.1120137 0.0907077 0.0359494 0.1070426 0.1200486 0.1021017 0.0380706 0.0748190 0.1151554 0.1070570 0.1085685 0.1254652 0.1066334 0.0948711 0.1018237 0.0883664 0.1070825 0.0685563 0.0283827 0.0000000 0.1357259 0.0832876 0.0963375 0.0746751 0.0686797 0.1326681 0.0864444 0.1025234 0.0973827 0.1094626 0.1459128 0.1072790 0.0503287 0.0193965 0.1128530 0.0949942 0.0933646 0.0750564 0.0339451 0.0900744 0.1086764 0.1592589 0.0809554 0.1006941 0.0876746 0.0284552 0.0993695 0.0735171 0.0406154 0.0821770 0.0812291 0.1010779 0.0827595 0.1016391 0.0971223 0.0822548 0.1006768 0.0772520 0.1088557 0.0958287 0.1038129 0.1304914 0.1074486 0.1002262 0.0875221 0.0994829 0.1615859 0.1011715 0.1094509 0.1189139 0.1008859 0.1032463 0.1563557 0.0756371 0.1586639 0.1044499 0.0948101 0.1042452 0.0443896 0.1105487 0.1527936 0.0285185 0.0540265 0.0811952 0.0827224 0.0824540 0.0858375 0.1094459 0.1008234 0.1188331 0.1096117 0.1080528 0.1059259 0.0266267 0.1011677 0.0995011 0.1117216 0.0305083 0.0247654 0.0741881 0.1168647 0.0394781 0.1028192 0.0991568 0.0986281 0.1213697 0.0443113 0.0863999 0.1124377 0.1009088 0.0886261 0.0359790 0.1070144 0.0866205 0.0349119 0.1093289 0.0464669 0.1067516 0.0292819 0.0670460 0.1070603 0.0964808 0.0967595 0.0998223 0.0826658 0.1095579 0.0767953 0.0845117 0.0662589 0.0721645 
S0407sl       0.1842136 0.1330521 0.1146359 0.0761216 0.1182614 0.1310343 0.1389594 0.0846663 0.1289621 0.1368837 0.1490017 0.0790525 0.1392355 0.1387558 0.0997324 0.1431770 0.0712366 0.1404593 0.1143845 0.1418812 0.1226120 0.1263696 0.1357259 0.0000000 0.1434484 0.0737383 0.1064923 0.1239408 0.1693408 0.1095860 0.1264796 0.1533105 0.1301414 0.2193591 0.0628440 0.1310522 0.1341630 0.0808312 0.0789130 0.1190894 0.1293816 0.1027761 0.1157099 0.1409286 0.1881365 0.1455745 0.1429618 0.1082341 0.1283403 0.1267051 0.1091757 0.1388994 0.1133779 0.1154178 0.1314726 0.1096241 0.0810903 0.1254882 0.1030364 0.0893795 0.1147563 0.0676379 0.1196495 0.1351557 0.1591603 0.1383147 0.1290703 0.1530725 0.1280110 0.1879273 0.1214002 0.1627110 0.1418776 0.1327169 0.1303012 0.1762631 0.1118608 0.1809615 0.1375812 0.1293985 0.1365427 0.1320915 0.1499001 0.1734397 0.1242141 0.1383899 0.1055684 0.0589526 0.1032523 0.1046259 0.1433226 0.0843949 0.0779548 0.1293240 0.1420246 0.1406283 0.1294514 0.1319545 0.1319795 0.1405245 0.1205317 0.1187696 0.1727786 0.1396668 0.1341561 0.0911450 0.1290512 0.1281331 0.0829764 0.1270551 0.1226028 0.0447917 0.1298588 0.1135591 0.1375340 0.1383385 0.1165029 0.1361772 0.0646546 0.1329982 0.1032379 0.1524811 0.1192151 0.1455637 0.1388256 0.1162918 0.1247343 0.1152248 0.1495519 0.1042642 0.1151633 0.1214506 0.1017541 
S0412sl       0.1751684 0.0779552 0.0933026 0.1171422 0.1009975 0.0826389 0.1046749 0.1301622 0.1104486 0.0874731 0.1008369 0.1245362 0.1036654 0.1139477 0.1434393 0.1031459 0.1053289 0.1112095 0.1097329 0.1047353 0.0761344 0.0801154 0.0832876 0.1434484 0.0000000 0.1032868 0.0822140 0.0784323 0.1264273 0.0985429 0.1063215 0.0960334 0.1061734 0.1599745 0.1167623 0.0944545 0.0807937 0.1237942 0.0988083 0.1014418 0.0805983 0.0682255 0.1000778 0.1063569 0.1597781 0.0493076 0.0972059 0.0877621 0.0794422 0.1053884 0.0822455 0.0911050 0.0901529 0.0858187 0.1096215 0.0927046 0.1085804 0.1005065 0.0875269 0.1063629 0.0913183 0.1198492 0.0914207 0.1065522 0.1323785 0.1113266 0.1062473 0.1091355 0.1050272 0.1574794 0.1023530 0.1157965 0.1188626 0.1046758 0.1070700 0.1530271 0.0844231 0.1553974 0.1129591 0.1083946 0.1115443 0.0846754 0.1188482 0.1495421 0.0761507 0.1047449 0.0990285 0.0938647 0.0882065 0.0916590 0.1059735 0.0985630 0.1255167 0.1059862 0.1068723 0.1026034 0.0781970 0.0951242 0.1076629 0.1274737 0.0744105 0.0715399 0.0961155 0.1220119 0.0788903 0.1109675 0.1007438 0.1055003 0.1204055 0.0950213 0.0911242 0.1210072 0.1064871 0.0934763 0.0878257 0.1151567 0.0956809 0.0834557 0.1181861 0.0877227 0.1160893 0.0673636 0.0705272 0.1153089 0.1002022 0.1016712 0.1103753 0.0936926 0.1257823 0.0875672 0.0922922 0.0748906 0.0850409 
S0417         0.1625944 0.0939171 0.0802734 0.0493682 0.0841018 0.0976650 0.0995045 0.0435698 0.0872309 0.1039478 0.1124073 0.0545945 0.0996362 0.1021807 0.0566728 0.1057744 0.0284142 0.0942850 0.0761712 0.1018019 0.0802748 0.0908222 0.0963375 0.0737383 0.1032868 0.0000000 0.0706263 0.0794767 0.1281410 0.0638052 0.0895042 0.1234925 0.0977946 0.1530072 0.0387341 0.0965990 0.0959509 0.0532253 0.0558878 0.0824185 0.0815122 0.0710527 0.0843281 0.1022592 0.1519793 0.1095181 0.0997531 0.0734977 0.0923440 0.0864260 0.0675061 0.0999664 0.0748136 0.0749472 0.0946645 0.0761170 0.0464395 0.0922645 0.0675385 0.0541110 0.0752116 0.0460250 0.0856023 0.0907415 0.1166132 0.0931502 0.0862036 0.1156457 0.0930015 0.1522005 0.0899635 0.1207470 0.1125764 0.0911513 0.0913672 0.1445033 0.0715836 0.1468270 0.0939299 0.0882012 0.0972351 0.0954982 0.1012945 0.1409721 0.0879074 0.1074055 0.0814577 0.0240240 0.0678068 0.0688798 0.1019808 0.0453704 0.0535504 0.0964749 0.1005859 0.0996886 0.0966187 0.1032608 0.0939246 0.0973183 0.0893019 0.0883094 0.1309951 0.1012670 0.0964106 0.0532658 0.0882686 0.0849926 0.0505101 0.0956577 0.0801438 0.0570978 0.0942825 0.0729636 0.0956640 0.0948711 0.0774475 0.0974575 0.0437564 0.0971012 0.0627879 0.1010171 0.0828851 0.0979187 0.0937739 0.0751252 0.0912664 0.0754314 0.1103058 0.0665225 0.0751746 0.0757651 0.0690754 
S0419         0.1320611 0.0706407 0.0130456 0.0877101 0.0437254 0.0750713 0.0763974 0.0911927 0.0679251 0.0818115 0.0887199 0.0909328 0.0780490 0.0801848 0.1029389 0.0803901 0.0737087 0.0734479 0.0639906 0.0801182 0.0676586 0.0715728 0.0746751 0.1064923 0.0822140 0.0706263 0.0000000 0.0677541 0.1041839 0.0637433 0.0637374 0.0970370 0.0758918 0.1366620 0.0801953 0.0814054 0.0721741 0.0895578 0.0722012 0.0727400 0.0719376 0.0666997 0.0359189 0.0780678 0.1199230 0.0861979 0.0767847 0.0558104 0.0676868 0.0608382 0.0042754 0.0833064 0.0121424 0.0105208 0.0677483 0.0307064 0.0717054 0.0698059 0.0605445 0.0789449 0.0554526 0.0905451 0.0616014 0.0648606 0.0877162 0.0650169 0.0626763 0.1027998 0.0472197 0.1177740 0.0680068 0.0916685 0.0852842 0.0643112 0.0684573 0.1133316 0.0060036 0.1143809 0.0666572 0.0614185 0.0809260 0.0750421 0.0822345 0.1089462 0.0658450 0.0845759 0.0653432 0.0608292 0.0612665 0.0633551 0.0802633 0.0748523 0.0925397 0.0758388 0.0817233 0.0770361 0.0729711 0.0703837 0.0685160 0.0815229 0.0701129 0.0752227 0.0872891 0.0861773 0.0723347 0.0777723 0.0607326 0.0661242 0.0952760 0.0785046 0.0147934 0.0928132 0.0483323 0.0704368 0.0801682 0.0802559 0.0574226 0.0757010 0.0876751 0.0768927 0.0880939 0.0717048 0.0571853 0.0814055 0.0678115 0.0747339 0.0625139 0.0536774 0.0834690 0.0283942 0.0554528 0.0641865 0.0457970 
S0427         0.1404276 0.0666388 0.0751344 0.1045466 0.0833681 0.0647586 0.0974601 0.1037458 0.0908417 0.0693335 0.0827930 0.0999196 0.0967542 0.0947000 0.1143028 0.0994444 0.0822136 0.0921339 0.0850051 0.0999245 0.0240390 0.0604917 0.0686797 0.1239408 0.0784323 0.0794767 0.0677541 0.0000000 0.1174957 0.0852640 0.0851030 0.0998419 0.0926075 0.1352549 0.0944990 0.0719920 0.0598576 0.1007511 0.0892888 0.0827250 0.0631272 0.0540061 0.0796638 0.1014730 0.1542915 0.0832886 0.0943120 0.0800054 0.0597612 0.0831037 0.0666203 0.0728818 0.0741105 0.0730720 0.0937371 0.0764232 0.0899827 0.0837833 0.0723651 0.0923051 0.0712353 0.0955588 0.0866805 0.0852765 0.1130587 0.0896256 0.0797953 0.0967790 0.0916441 0.1489846 0.0912722 0.1142975 0.1024084 0.0847063 0.0849058 0.1427658 0.0687101 0.1450932 0.0925184 0.0849111 0.1019120 0.0635722 0.1040091 0.1391143 0.0587237 0.0859426 0.0743472 0.0735636 0.0732815 0.0765890 0.1001401 0.0931200 0.1063136 0.0947577 0.1008184 0.0989097 0.0586919 0.0862134 0.0910186 0.1201849 0.0609496 0.0577905 0.0872175 0.1066791 0.0628131 0.0910808 0.0903976 0.0854229 0.1036894 0.0743989 0.0793235 0.1093532 0.0930205 0.0794343 0.0677672 0.0983324 0.0762205 0.0655846 0.0947595 0.0707995 0.1026931 0.0611200 0.0552718 0.0972910 0.0904818 0.0873132 0.0890772 0.0735066 0.1026849 0.0667210 0.0751945 0.0232596 0.0661813 
S0430         0.1648212 0.1264600 0.1135855 0.1468221 0.1269668 0.1296143 0.0302242 0.1552555 0.1414491 0.1311947 0.1436711 0.1464395 0.0335552 0.0756496 0.1811947 0.0339655 0.1314211 0.1295260 0.1015088 0.0315581 0.1184347 0.1207957 0.1326681 0.1693408 0.1264273 0.1281410 0.1041839 0.1174957 0.0000000 0.1294797 0.1308265 0.1582124 0.0785478 0.0582650 0.1437191 0.1318490 0.1266192 0.1477737 0.1257188 0.1313921 0.1260960 0.1209524 0.1172020 0.0358840 0.1905045 0.1290331 0.0378604 0.1143938 0.1196540 0.1260663 0.1039932 0.1368407 0.1044665 0.1060344 0.1250788 0.1108741 0.1268297 0.0704785 0.1132087 0.1303574 0.1211390 0.1493291 0.0542634 0.1322984 0.1562808 0.1339228 0.1257068 0.1555441 0.1214313 0.1805285 0.1272798 0.1068124 0.0920006 0.1295183 0.1321695 0.1767731 0.1063833 0.1761251 0.1241914 0.1258971 0.0844150 0.1210756 0.1528721 0.1745446 0.1159960 0.1499926 0.0988731 0.1190965 0.1155076 0.1181691 0.0365419 0.1346318 0.1489122 0.0798386 0.0339604 0.0335737 0.1271565 0.0821941 0.1279267 0.1695853 0.1167413 0.1306649 0.1531503 0.1536059 0.1222475 0.1289079 0.1366624 0.1298807 0.1582521 0.1330922 0.1123286 0.1561327 0.1242675 0.1212338 0.1307379 0.1439909 0.1213002 0.1282172 0.1438333 0.1369526 0.1467789 0.1547065 0.1163289 0.1403727 0.1273619 0.1317000 0.1254037 0.1203268 0.1467091 0.1039452 0.1198218 0.1150447 0.1118857 
