131
PAFTOL_019361 0.0000000 0.2812422 0.2856375 0.2948246 0.3797897 0.2869746 0.3191717 0.3159104 0.2940824 0.3107747 0.2971665 0.2993811 0.3020752 0.2762216 0.3097926 0.2938259 0.2909256 0.3067804 0.3458886 0.2884070 0.3032415 0.2984198 0.3062349 0.3144310 0.2622146 0.2918234 0.3101502 0.3149905 0.3003394 0.3090774 0.2989153 0.4715720 0.3268308 0.2900531 0.2879247 0.2920890 0.3400028 0.3046786 0.2999881 0.2958880 0.3091079 0.3263835 0.3205547 0.3646368 0.3323055 0.3156352 0.3157857 0.3170789 0.2934335 0.2911439 0.3053288 0.2880080 0.3148082 0.3462594 0.3055371 0.3382666 0.2937890 0.2840051 0.3167144 0.2885138 0.3222849 0.2929915 0.3003057 0.2819464 0.2958135 0.3328781 0.3523288 0.3466506 0.3028213 0.3041653 0.3254502 0.3345927 0.3500240 0.2863073 0.3439866 0.3082619 0.3134294 0.2771894 0.3231887 0.3047222 0.2940590 0.3410826 0.3095375 0.2819232 0.2677554 0.2783760 0.2797729 0.2989996 0.3039567 0.2948546 0.2834363 0.3327703 0.3036437 0.3053237 0.2867590 0.3493188 0.2953241 0.2924212 0.2788122 0.3038636 0.2962662 0.2982865 0.3151587 0.2863114 0.3151352 0.3116447 0.2954191 0.2823582 0.3071946 0.3038963 0.3525708 0.3008655 0.2903095 0.2992474 0.2705493 0.2946325 0.2758248 0.2998107 0.3105055 0.2890395 0.3026926 0.2829355 0.2880346 0.3034810 0.2786617 0.3024915 0.3271934 0.3205548 0.2780826 0.2703784 0.3012439 
S0055         0.2812422 0.0000000 0.0885853 0.0722832 0.1425903 0.0471363 0.0762098 0.0777026 0.0633009 0.0389273 0.0795884 0.0895441 0.0905501 0.0836899 0.0949970 0.0758473 0.0887249 0.0718313 0.1110956 0.0368657 0.0298347 0.0469864 0.0966948 0.0695570 0.0510558 0.0825786 0.0573736 0.0865374 0.0763680 0.1004158 0.0679846 0.1897453 0.0798911 0.0744813 0.0495162 0.0507740 0.0962354 0.0745234 0.0795088 0.0402212 0.0444065 0.1048726 0.0840412 0.1639346 0.1002778 0.0899968 0.0912324 0.0366834 0.0706279 0.0881340 0.0445274 0.0833550 0.0761400 0.1158758 0.0637977 0.1014829 0.0730412 0.0712869 0.0840678 0.0750791 0.0806532 0.0738872 0.0835769 0.0708244 0.0795044 0.0904305 0.1293512 0.1978462 0.1017875 0.0761749 0.0713473 0.0766467 0.1933308 0.0852482 0.1795799 0.0609319 0.0824262 0.0575063 0.0839315 0.0387035 0.0828546 0.1642282 0.0444715 0.0443593 0.0745041 0.0578178 0.0572626 0.0741339 0.0838176 0.0784487 0.0754429 0.1061973 0.0747463 0.0751348 0.0414791 0.0951173 0.0645548 0.0720434 0.0395051 0.0441864 0.0178538 0.0763557 0.0540735 0.0567977 0.0945028 0.0750528 0.0849362 0.0396057 0.0943252 0.0896764 0.1227777 0.0759595 0.0393439 0.0811321 0.0552989 0.0440296 0.0773203 0.0293744 0.0721230 0.0347845 0.0392039 0.0564646 0.0898222 0.0758674 0.0677436 0.0743272 0.1188854 0.0929559 0.0717249 0.0391826 0.0714246 
S0196sl       0.2856375 0.0885853 0.0000000 0.0775313 0.0909190 0.1089874 0.0603967 0.0775513 0.0860075 0.0914006 0.0798185 0.0605785 0.0773566 0.0805384 0.0632060 0.0831493 0.1038284 0.1039506 0.0808189 0.1042072 0.0870629 0.1023938 0.0996359 0.1341578 0.0595516 0.0110210 0.1169138 0.0775247 0.0483026 0.1120170 0.0889613 0.2433150 0.0601336 0.0886878 0.0935020 0.1046160 0.0813241 0.0777014 0.0868093 0.1040791 0.1049371 0.0519216 0.0605156 0.1907621 0.1273473 0.0613571 0.0993483 0.1017987 0.0859026 0.0087893 0.1052426 0.0088512 0.1037799 0.0648082 0.0828860 0.0762327 0.0667500 0.0869909 0.1103488 0.0828026 0.0622515 0.0829017 0.0937683 0.0861521 0.0953811 0.1356562 0.0749798 0.2124066 0.0917589 0.0492104 0.0987589 0.0983521 0.2042169 0.0065637 0.2062409 0.0826460 0.0954516 0.0750147 0.0640229 0.1094443 0.0855611 0.1984019 0.1055559 0.0889727 0.0771560 0.0554525 0.0593622 0.0711234 0.0580326 0.0808527 0.0748952 0.0776469 0.0463387 0.0519517 0.0951952 0.0815719 0.0935931 0.0961014 0.0956875 0.0987524 0.0861285 0.0818838 0.1168505 0.0597102 0.0913397 0.0983871 0.0851983 0.0817414 0.0178819 0.0899382 0.0693810 0.0813509 0.0987058 0.0870632 0.0770924 0.0979949 0.0940505 0.0833871 0.0768461 0.0933952 0.0947676 0.0882484 0.1171761 0.0838167 0.0919051 0.0902572 0.1119577 0.0402693 0.0946648 0.0950798 0.0839648 
S0278         0.2948246 0.0722832 0.0775313 0.0000000 0.1297999 0.0944499 0.0823604 0.0347477 0.0579736 0.0890879 0.0474253 0.0872146 0.0983032 0.0379643 0.0960512 0.0529148 0.0855338 0.0769581 0.1123271 0.0717990 0.0815312 0.0911054 0.0512020 0.1146851 0.0192800 0.0773517 0.0922011 0.0501143 0.0707506 0.0772564 0.0606943 0.2136983 0.0797868 0.0367754 0.0821452 0.0924198 0.0614524 0.0532815 0.0699107 0.0741941 0.0906173 0.0874572 0.0845244 0.1885626 0.1196731 0.0820891 0.0944184 0.0870749 0.0633149 0.0771342 0.0844223 0.0777615 0.0796995 0.1011376 0.0553394 0.1103559 0.0505101 0.0481542 0.0903826 0.0483612 0.0893442 0.0746673 0.0731942 0.0607432 0.0667417 0.1239786 0.1126602 0.1980175 0.0861304 0.0780543 0.0695117 0.0754956 0.1831947 0.0743260 0.1873052 0.0581036 0.0724082 0.0846156 0.0885370 0.0831733 0.0801035 0.1765905 0.0911608 0.0806778 0.0635529 0.0238563 0.0432517 0.0512216 0.0869633 0.0593436 0.0275641 0.0976703 0.0749173 0.0722690 0.0841792 0.1000491 0.0758410 0.0757209 0.0816752 0.0838521 0.0842641 0.0822028 0.0872289 0.0244594 0.0746094 0.0688838 0.0394262 0.0734678 0.0860461 0.0483840 0.1063732 0.0560898 0.0845918 0.0773076 0.0634539 0.0834980 0.0371464 0.0610676 0.0478388 0.0768417 0.0724326 0.0674376 0.0912695 0.0615093 0.0708139 0.0746712 0.1163483 0.0670600 0.0803394 0.0771347 0.0717983 
S0281         0.3797897 0.1425903 0.0909190 0.1297999 0.0000000 0.1528645 0.1112127 0.1354729 0.1461129 0.1489680 0.1435380 0.1189178 0.1180754 0.1443972 0.1223550 0.1257394 0.1570755 0.1572286 0.1289961 0.1382542 0.1517972 0.1533377 0.1445920 0.1653671 0.1119496 0.0933245 0.1546970 0.1132161 0.1007372 0.1446092 0.1397433 0.3118094 0.0953121 0.1297019 0.1530132 0.1561594 0.1142076 0.1289287 0.1458977 0.1582586 0.1595727 0.0654463 0.1100173 0.2132708 0.1802698 0.1100716 0.1420405 0.1520976 0.1429666 0.0904470 0.1600584 0.0912119 0.1569518 0.0788570 0.1459246 0.1109589 0.1341417 0.1333942 0.1639221 0.1143355 0.1074036 0.1297764 0.1520254 0.1433409 0.1580933 0.1680041 0.0689850 0.2377026 0.1354313 0.0781287 0.1534641 0.1528086 0.2395755 0.0874861 0.2268103 0.1436103 0.1534326 0.1423686 0.1081911 0.1670569 0.1487234 0.2351948 0.1520253 0.1336648 0.1435904 0.1084702 0.1255237 0.1289773 0.1090708 0.1346358 0.1376852 0.1168451 0.0964093 0.0972820 0.1479266 0.1164793 0.1547449 0.1602264 0.1486682 0.1523863 0.1462417 0.1462698 0.1649586 0.0929190 0.1556568 0.1539386 0.1440203 0.1327922 0.1025518 0.1333638 0.0635101 0.1265291 0.1457606 0.1433271 0.1257753 0.1538476 0.1439962 0.1322053 0.1187828 0.1511815 0.1464489 0.1401060 0.1611946 0.1278537 0.1565567 0.1447862 0.1532552 0.0673167 0.1400227 0.1438776 0.1360200 
S0282         0.2869746 0.0471363 0.1089874 0.0944499 0.1528645 0.0000000 0.1046417 0.1002860 0.0819811 0.0175395 0.1026461 0.1202636 0.1077642 0.0972787 0.1231975 0.0971466 0.0946168 0.0789699 0.1360921 0.0530773 0.0188319 0.0252605 0.1210977 0.0863515 0.0700512 0.1024907 0.0806064 0.1110935 0.1063054 0.1204389 0.0813167 0.2249432 0.1090927 0.0996967 0.0476057 0.0307733 0.1167340 0.0972805 0.0991024 0.0565367 0.0227576 0.1197227 0.1114061 0.1923792 0.1180443 0.1176593 0.1157011 0.0547762 0.0841125 0.1084257 0.0204647 0.1093677 0.0929321 0.1348451 0.0883981 0.1229914 0.0919503 0.0981140 0.1014184 0.0935132 0.1103679 0.0968009 0.0973779 0.0843584 0.0936319 0.1078387 0.1338554 0.2090110 0.1113439 0.1085272 0.0813492 0.0839512 0.2170722 0.1053294 0.2022395 0.0854116 0.0967545 0.0711495 0.1047147 0.0550023 0.1021875 0.1918183 0.0203354 0.0400598 0.0789782 0.0769702 0.0780564 0.0913388 0.1106078 0.0942502 0.0912889 0.1280123 0.1014575 0.0976827 0.0202742 0.1100880 0.0695430 0.0851871 0.0156408 0.0227281 0.0579330 0.0963214 0.0713142 0.0671861 0.1096374 0.0917139 0.1078638 0.0352753 0.1210926 0.1105807 0.1271815 0.0912448 0.0134522 0.1014259 0.0623432 0.0685635 0.1029699 0.0476963 0.0973506 0.0480832 0.0528667 0.0723300 0.0958118 0.0981469 0.0835743 0.0884694 0.1555517 0.1146203 0.0795405 0.0633264 0.0850808 
S0288         0.3191717 0.0762098 0.0603967 0.0823604 0.1112127 0.1046417 0.0000000 0.0890159 0.0798282 0.1067900 0.0853881 0.0311279 0.0642727 0.0863958 0.0393925 0.0915440 0.1092813 0.0991367 0.0452099 0.0922131 0.0995593 0.1089304 0.1030447 0.1206618 0.0673340 0.0694497 0.0964383 0.1026027 0.0266277 0.1056727 0.0888038 0.1542280 0.0521692 0.0947912 0.0982104 0.1154056 0.1032521 0.0994953 0.0962868 0.0970083 0.1077708 0.0685310 0.0209841 0.1845997 0.1201411 0.0315540 0.1090133 0.1034885 0.0919793 0.0664384 0.1041630 0.0636739 0.1089888 0.0737855 0.1015633 0.0668867 0.0796711 0.0819716 0.1111714 0.0807556 0.0420892 0.0889306 0.0904538 0.0892938 0.0988142 0.1293589 0.0899721 0.2012344 0.1078785 0.0416703 0.1033639 0.1028832 0.1640567 0.0633641 0.1804227 0.0756264 0.1025512 0.0834423 0.0576573 0.1090888 0.0788520 0.1766484 0.1035292 0.0958763 0.0999665 0.0666842 0.0709135 0.0810257 0.0258570 0.0974737 0.0926833 0.0605323 0.0182452 0.0128095 0.1038646 0.0669196 0.0883032 0.1011544 0.0967523 0.1080608 0.0668221 0.0876803 0.1040329 0.0655335 0.0986564 0.0967693 0.0838377 0.0944496 0.0727407 0.0961576 0.0833532 0.0824625 0.0970383 0.0781433 0.0819272 0.1026312 0.0916395 0.0731408 0.0855052 0.1049454 0.0994900 0.0910310 0.1145983 0.0930850 0.0856714 0.1033183 0.0939929 0.0632922 0.0889627 0.0916097 0.0888141 
S0289         0.3159104 0.0777026 0.0775513 0.0347477 0.1354729 0.1002860 0.0890159 0.0000000 0.0631534 0.0954530 0.0397611 0.0898237 0.1169272 0.0431074 0.0986336 0.0607451 0.0940842 0.0823359 0.1149900 0.0771285 0.0881590 0.0968799 0.0540455 0.1137666 0.0242929 0.0717298 0.0888656 0.0610566 0.0703996 0.0858768 0.0767583 0.2096328 0.0883351 0.0448373 0.0876619 0.1018705 0.0645580 0.0555039 0.0810930 0.0829631 0.0963585 0.0961091 0.0872095 0.2065804 0.1195193 0.0905938 0.1065227 0.0867886 0.0794778 0.0771539 0.0966393 0.0777817 0.0851683 0.1070300 0.0609701 0.1256297 0.0558423 0.0510364 0.1027637 0.0548016 0.1032026 0.0858839 0.0901069 0.0715005 0.0774509 0.1304601 0.1149643 0.2237103 0.0961338 0.0995288 0.0831325 0.0864805 0.2112105 0.0743442 0.2121081 0.0635941 0.0832830 0.0878740 0.1046835 0.0860266 0.0803906 0.2020835 0.0969335 0.0862155 0.0769665 0.0263574 0.0485135 0.0566405 0.0895639 0.0564042 0.0379736 0.1114484 0.0775353 0.0746947 0.0897979 0.1120953 0.0872751 0.0841874 0.0872781 0.0868019 0.0780475 0.0876013 0.0838376 0.0295406 0.0887630 0.0802895 0.0422189 0.0789809 0.0860708 0.0511865 0.1086705 0.0699168 0.0902398 0.0864600 0.0715066 0.0832213 0.0473154 0.0722853 0.0526879 0.0791411 0.0746108 0.0728473 0.1008351 0.0724014 0.0761245 0.0829464 0.1290949 0.0724030 0.0888010 0.0743163 0.0800585 
S0292         0.2940824 0.0633009 0.0860075 0.0579736 0.1461129 0.0819811 0.0798282 0.0631534 0.0000000 0.0793351 0.0681189 0.0724825 0.0936297 0.0688223 0.0876886 0.0825240 0.0600516 0.0472345 0.1063520 0.0631646 0.0745289 0.0787897 0.0840870 0.0883106 0.0397002 0.0800294 0.0829424 0.0799644 0.0671656 0.0901655 0.0416110 0.2087350 0.0620591 0.0625845 0.0786878 0.0866180 0.0813586 0.0715255 0.0926020 0.0792468 0.0783734 0.0930558 0.0732728 0.2005671 0.1003223 0.0790074 0.0942074 0.0750297 0.0440590 0.0855677 0.0785986 0.0862739 0.0540618 0.1068266 0.0823306 0.0983760 0.0665121 0.0830936 0.0691663 0.0788249 0.0724386 0.0545023 0.0528479 0.0416420 0.0419770 0.1169734 0.1097644 0.2090301 0.0901438 0.0813221 0.0500619 0.0498617 0.1986890 0.0826925 0.1972022 0.0661112 0.0471123 0.0488651 0.0867767 0.0685370 0.0394014 0.1910694 0.0788461 0.0661548 0.0474071 0.0468082 0.0562016 0.0649624 0.0754665 0.0925531 0.0716829 0.0885943 0.0604911 0.0663784 0.0669176 0.0951055 0.0534672 0.0251828 0.0697848 0.0754652 0.0694875 0.0428289 0.0802170 0.0508968 0.0371648 0.0225724 0.0675328 0.0644052 0.0973215 0.0776851 0.1035057 0.0814543 0.0725865 0.0369726 0.0419694 0.0742076 0.0680866 0.0635144 0.0657147 0.0731429 0.0742723 0.0354387 0.0659456 0.0865650 0.0513386 0.0545429 0.1266708 0.0807780 0.0551537 0.0656113 0.0492988 
S0293         0.3107747 0.0389273 0.0914006 0.0890879 0.1489680 0.0175395 0.1067900 0.0954530 0.0793351 0.0000000 0.0922052 0.1096528 0.1012479 0.0996353 0.1192385 0.0855153 0.0832816 0.0759220 0.1273862 0.0451718 0.0159110 0.0202832 0.1223340 0.0734677 0.0637481 0.0915215 0.0720854 0.1057695 0.0935321 0.1000394 0.0818236 0.1295988 0.0880099 0.0886722 0.0420171 0.0254554 0.1054501 0.0893954 0.0914642 0.0474741 0.0175712 0.1140437 0.1043006 0.1813664 0.0980234 0.1106165 0.1033842 0.0528034 0.0849320 0.0979212 0.0149761 0.0950678 0.0916934 0.1233889 0.0769100 0.1064592 0.0837541 0.0804889 0.0936609 0.0880115 0.0995366 0.0952395 0.0975143 0.0852083 0.0881536 0.1090791 0.1228355 0.1917705 0.1080419 0.0977647 0.0891921 0.0887912 0.1777293 0.0945885 0.1809509 0.0796328 0.0928256 0.0629324 0.0934306 0.0530456 0.0877915 0.1689953 0.0147545 0.0391455 0.0762372 0.0766013 0.0685564 0.0828741 0.1032587 0.0897321 0.0889345 0.1113260 0.0921915 0.0964937 0.0174346 0.1028110 0.0654565 0.0861094 0.0174047 0.0201221 0.0447366 0.0942929 0.0650858 0.0684820 0.0984796 0.0864568 0.1075386 0.0338484 0.1047815 0.1145752 0.1155813 0.0759736 0.0098661 0.0868184 0.0577425 0.0650425 0.0984846 0.0419379 0.0896700 0.0453567 0.0445639 0.0680907 0.0907931 0.0869950 0.0782235 0.0862503 0.1272745 0.1075796 0.0701466 0.0504386 0.0858251 
S0299         0.2971665 0.0795884 0.0798185 0.0474253 0.1435380 0.1026461 0.0853881 0.0397611 0.0681189 0.0922052 0.0000000 0.0887371 0.1135656 0.0530302 0.1005639 0.0714652 0.0993142 0.0904539 0.1128121 0.0851851 0.0913714 0.0992318 0.0643666 0.1172814 0.0344166 0.0796337 0.0940245 0.0605341 0.0792418 0.0911946 0.0761792 0.2141572 0.0785368 0.0500009 0.0863062 0.1046183 0.0809916 0.0576858 0.0720592 0.0853291 0.0986996 0.0984866 0.0895411 0.2078600 0.1073129 0.0925634 0.0876126 0.0891068 0.0788780 0.0794115 0.0989861 0.0800574 0.0903101 0.1126901 0.0577968 0.1167710 0.0531506 0.0570600 0.1081739 0.0715134 0.0963767 0.0790448 0.0774709 0.0657302 0.0825671 0.1393290 0.1271437 0.2239277 0.0920605 0.0950629 0.0891557 0.0887910 0.2073383 0.0765977 0.2156368 0.0633323 0.0884556 0.0810660 0.1034193 0.0881464 0.0817259 0.2056213 0.0954710 0.0885223 0.0820571 0.0260052 0.0458532 0.0539052 0.0949367 0.0617929 0.0478371 0.1038274 0.0798793 0.0800569 0.0921208 0.1147952 0.0866272 0.0866956 0.0896067 0.0956331 0.0862003 0.0814192 0.1036077 0.0343831 0.0880871 0.0854337 0.0494650 0.0841216 0.0909125 0.0557944 0.1206799 0.0638109 0.0925721 0.0825765 0.0737825 0.0881345 0.0522317 0.0770361 0.0605104 0.0810407 0.0830777 0.0750555 0.0996830 0.0636543 0.0711309 0.0911181 0.1387487 0.0804153 0.0856054 0.0847347 0.0851842 
S0303         0.2993811 0.0895441 0.0605785 0.0872146 0.1189178 0.1202636 0.0311279 0.0898237 0.0724825 0.1096528 0.0887371 0.0000000 0.0695081 0.0814643 0.0251341 0.1047965 0.1108595 0.0962932 0.0451866 0.0984960 0.1027643 0.1133787 0.1002128 0.1208150 0.0630971 0.0628777 0.1016130 0.0964859 0.0178254 0.1183695 0.0926404 0.2406955 0.0460370 0.0954012 0.1041276 0.1222569 0.1003013 0.0895472 0.1051200 0.1113552 0.1159744 0.0711713 0.0188363 0.2006034 0.1244724 0.0226769 0.1126123 0.1029707 0.0955038 0.0602692 0.1163181 0.0607422 0.1077125 0.0815981 0.1064190 0.0690090 0.0902264 0.0874995 0.1168003 0.0877141 0.0416734 0.0777149 0.1001899 0.0842262 0.0995866 0.1355582 0.0966798 0.2232859 0.0992013 0.0468371 0.1026324 0.1022063 0.2134649 0.0576096 0.2109133 0.0859951 0.1027653 0.0908559 0.0528285 0.1076329 0.0832237 0.2048651 0.1166613 0.1050326 0.0958965 0.0641564 0.0792510 0.0889080 0.0274437 0.0955936 0.0966465 0.0581898 0.0136856 0.0210172 0.1030204 0.0669839 0.0886051 0.0910706 0.1063270 0.1095404 0.0805458 0.0828724 0.1091451 0.0725141 0.0927247 0.0903596 0.0853410 0.0976363 0.0711340 0.0907849 0.0906668 0.1002427 0.1094770 0.0877451 0.0798985 0.0991139 0.0949607 0.0787802 0.0805101 0.1040156 0.0985432 0.0863292 0.1182053 0.1049877 0.1013248 0.1028667 0.1198882 0.0611210 0.0946812 0.0983792 0.0898619 
S0308         0.3020752 0.0905501 0.0773566 0.0983032 0.1180754 0.1077642 0.0642727 0.1169272 0.0936297 0.1012479 0.1135656 0.0695081 0.0000000 0.1063412 0.0754038 0.1079308 0.1057132 0.1000441 0.0906422 0.0933960 0.0976055 0.1084687 0.1291743 0.1125400 0.0748171 0.0796926 0.1064367 0.1127375 0.0606590 0.1310998 0.0993827 0.2390194 0.0580152 0.1100358 0.1042965 0.1096203 0.1219946 0.1118088 0.1034265 0.1185560 0.1110772 0.0760365 0.0641919 0.2281794 0.1099867 0.0646145 0.1229272 0.1095265 0.1023055 0.0769614 0.1114083 0.0775855 0.1147982 0.0864352 0.1179792 0.0624238 0.0996650 0.0908369 0.1175847 0.1057451 0.0584309 0.1022989 0.1175007 0.1026158 0.1188543 0.1453878 0.0958899 0.2427016 0.1178338 0.0467565 0.1096513 0.1155552 0.2281106 0.0741615 0.2295571 0.0959970 0.1189629 0.0845723 0.0503953 0.1118755 0.1049160 0.2227549 0.1084876 0.1002275 0.1000183 0.0848727 0.0885003 0.0981117 0.0585604 0.1181877 0.1020540 0.0730592 0.0521131 0.0552067 0.1009460 0.0625734 0.0926570 0.1105009 0.0983263 0.1046663 0.0966982 0.0959545 0.1194675 0.0838852 0.1110750 0.1064162 0.1219871 0.0987159 0.0884014 0.1189229 0.0899327 0.1037546 0.1046099 0.0971185 0.0749745 0.1146345 0.1175639 0.0965461 0.1050715 0.1054545 0.1022137 0.0931104 0.1183490 0.1159768 0.1114653 0.1071335 0.1447684 0.0719998 0.0838201 0.1025426 0.0995260 
S0320         0.2762216 0.0836899 0.0805384 0.0379643 0.1443972 0.0972787 0.0863958 0.0431074 0.0688223 0.0996353 0.0530302 0.0814643 0.1063412 0.0000000 0.0963062 0.0724963 0.0946768 0.0803984 0.1054315 0.0835026 0.0924774 0.0939116 0.0541564 0.1179510 0.0271877 0.0803508 0.0929240 0.0643746 0.0669833 0.0824720 0.0744581 0.2180956 0.0900028 0.0533685 0.0877815 0.1023991 0.0760239 0.0643387 0.0781901 0.0896822 0.0934084 0.1003837 0.0786904 0.2207870 0.1205139 0.0823224 0.1029948 0.0963830 0.0771730 0.0801258 0.0936797 0.0775660 0.0886630 0.1114461 0.0609041 0.1175460 0.0583233 0.0509116 0.1025721 0.0616029 0.0956045 0.0835462 0.0811669 0.0692049 0.0808666 0.1460270 0.1220436 0.2140156 0.1028457 0.0848104 0.0866983 0.0863429 0.2153745 0.0772920 0.2178249 0.0636744 0.0867836 0.0908869 0.0964679 0.0893137 0.0861628 0.2059364 0.0939661 0.0833896 0.0714209 0.0213730 0.0510488 0.0596434 0.0748707 0.0656583 0.0406357 0.1044650 0.0692234 0.0666007 0.0869239 0.1084413 0.0763992 0.0903329 0.0844170 0.0903727 0.0961332 0.0881487 0.0935813 0.0377573 0.0889769 0.0863023 0.0421975 0.0761804 0.0917053 0.0428692 0.1156256 0.0671239 0.0873500 0.0870209 0.0658942 0.0926490 0.0480050 0.0756457 0.0556637 0.0767513 0.0842487 0.0675483 0.1014623 0.0695939 0.0855173 0.0868189 0.1230055 0.0760978 0.0828465 0.0773896 0.0835015 
S0322         0.3097926 0.0949970 0.0632060 0.0960512 0.1223550 0.1231975 0.0393925 0.0986336 0.0876886 0.1192385 0.1005639 0.0251341 0.0754038 0.0963062 0.0000000 0.1081966 0.1208789 0.0967094 0.0399754 0.0893371 0.1085962 0.1192037 0.1063662 0.1328920 0.0780610 0.0684996 0.0980014 0.1123294 0.0259013 0.1140545 0.0981331 0.2510919 0.0517079 0.1075205 0.1098514 0.1282800 0.1096406 0.0957862 0.1117028 0.1107266 0.1218012 0.0768193 0.0163715 0.1995918 0.1359737 0.0204482 0.1252195 0.1055612 0.1010229 0.0658447 0.1221620 0.0663683 0.1075451 0.0844288 0.1067126 0.0748606 0.0965129 0.0876456 0.1193878 0.0986016 0.0468646 0.0885040 0.1085251 0.0952567 0.1110233 0.1402408 0.0996527 0.2241790 0.1116340 0.0526843 0.1051179 0.1078248 0.2068123 0.0631328 0.2081555 0.0893968 0.1111179 0.0978575 0.0557788 0.1132918 0.0979947 0.2056676 0.1225174 0.1106793 0.1055016 0.0757169 0.0857973 0.0922509 0.0324022 0.1058417 0.1030861 0.0690746 0.0161845 0.0235640 0.1056135 0.0699461 0.0953156 0.1074420 0.1120358 0.1119863 0.0858833 0.0899039 0.1148808 0.0813491 0.1049468 0.1065793 0.0969892 0.1032767 0.0769252 0.0967592 0.0935864 0.1036980 0.1123301 0.0980599 0.0859573 0.1016751 0.1070186 0.0897141 0.0864885 0.1097383 0.0979983 0.0928156 0.1285051 0.1057017 0.1069048 0.1022938 0.1229912 0.0664752 0.1010696 0.1008549 0.0923208 
S0327         0.2938259 0.0758473 0.0831493 0.0529148 0.1257394 0.0971466 0.0915440 0.0607451 0.0825240 0.0855153 0.0714652 0.1047965 0.1079308 0.0724963 0.1081966 0.0000000 0.0963170 0.0896476 0.1216627 0.0743871 0.0922565 0.1007818 0.0731082 0.1094367 0.0480011 0.0772300 0.0949219 0.0642489 0.0904969 0.0632753 0.0803229 0.2284521 0.0849228 0.0500588 0.1006429 0.1063563 0.0638359 0.0642546 0.0727987 0.0774977 0.1002347 0.1017622 0.0996611 0.1865662 0.1333745 0.0965618 0.1158138 0.0852437 0.0827545 0.0827242 0.1005289 0.0834030 0.0914305 0.1159102 0.0613545 0.1071710 0.0611302 0.0482722 0.0993713 0.0638316 0.0973534 0.0896237 0.0992136 0.0858507 0.0862087 0.1122078 0.1207022 0.2022602 0.1146742 0.0813514 0.0989001 0.1015751 0.1870578 0.0798741 0.1912669 0.0616880 0.0948019 0.0962468 0.1023250 0.0869196 0.0907991 0.1850894 0.0938358 0.0898945 0.0738147 0.0499449 0.0508581 0.0647703 0.0957169 0.0419611 0.0612084 0.1048591 0.0836303 0.0810429 0.0935529 0.1076802 0.0872647 0.0989052 0.0842927 0.0971240 0.0872767 0.1035797 0.0902714 0.0373656 0.1091889 0.0908875 0.0788707 0.0825971 0.0917857 0.0700554 0.1143428 0.0666450 0.0940175 0.0839053 0.0682159 0.0816610 0.0657522 0.0757554 0.0453634 0.0890490 0.0759608 0.0837586 0.1003431 0.0671990 0.0879729 0.0893181 0.1204154 0.0750544 0.0798095 0.0712763 0.0769846 
S0335         0.2909256 0.0887249 0.1038284 0.0855338 0.1570755 0.0946168 0.1092813 0.0940842 0.0600516 0.0832816 0.0993142 0.1108595 0.1057132 0.0946768 0.1208789 0.0963170 0.0000000 0.0600149 0.1321466 0.0855822 0.0718052 0.0912650 0.1139935 0.1138637 0.0559117 0.0975142 0.1036030 0.0947864 0.1066403 0.1240011 0.0709815 0.2448531 0.0977556 0.0932035 0.0964483 0.0899512 0.1049911 0.0773492 0.1081559 0.1007076 0.0907752 0.1088081 0.1095082 0.2049469 0.1289036 0.1093679 0.1071301 0.1041806 0.0736524 0.1032996 0.0910395 0.1008278 0.0686309 0.1199247 0.0858591 0.1200420 0.0923533 0.0963186 0.0843697 0.0976204 0.0983132 0.0853121 0.0865330 0.0710403 0.0769439 0.1274538 0.1319121 0.2172772 0.0963077 0.1026490 0.0753517 0.0750436 0.2026909 0.1002843 0.2011799 0.0888561 0.0744807 0.0570382 0.0997032 0.0917978 0.0793133 0.1991011 0.0913205 0.0863012 0.0627447 0.0660069 0.0846355 0.0937793 0.1047255 0.0956833 0.0947735 0.1146406 0.0925962 0.0929307 0.0843233 0.1143452 0.0589942 0.0696104 0.0818148 0.0877480 0.0944114 0.0789953 0.1061650 0.0569999 0.0767559 0.0652118 0.0984258 0.0847015 0.1156337 0.1039291 0.1253217 0.1023330 0.0847374 0.0690098 0.0422754 0.1030465 0.0907652 0.0860684 0.0854072 0.0910367 0.0918872 0.0480428 0.0396322 0.0996957 0.0762052 0.0742724 0.1568756 0.0897757 0.0555573 0.0823354 0.0686226 
S0345         0.3067804 0.0718313 0.1039506 0.0769581 0.1572286 0.0789699 0.0991367 0.0823359 0.0472345 0.0759220 0.0904539 0.0962932 0.1000441 0.0803984 0.0967094 0.0896476 0.0600149 0.0000000 0.1131095 0.0661314 0.0785253 0.0823318 0.0958458 0.0988598 0.0476171 0.0976317 0.0806697 0.0920462 0.0934212 0.1075405 0.0628072 0.2269162 0.0860309 0.0874192 0.0878030 0.0903544 0.0835257 0.0742392 0.0932685 0.0702284 0.0818940 0.1019638 0.0913614 0.2024016 0.1107208 0.0916021 0.1040622 0.0839613 0.0654212 0.1034210 0.0821309 0.1043007 0.0629115 0.1158596 0.0829755 0.1104723 0.0835327 0.0898309 0.0784832 0.0857214 0.0898277 0.0767620 0.0778559 0.0628577 0.0685864 0.1281232 0.1259005 0.2109259 0.0908343 0.0883226 0.0613830 0.0666574 0.2006060 0.1004036 0.1991181 0.0830250 0.0714108 0.0401474 0.0934108 0.0744384 0.0676780 0.1881701 0.0758750 0.0722697 0.0574049 0.0633480 0.0673612 0.0792468 0.0930447 0.0991519 0.0888910 0.1057098 0.0751070 0.0782251 0.0702501 0.1047492 0.0379773 0.0590798 0.0669217 0.0759682 0.0801636 0.0761172 0.0859786 0.0623359 0.0686952 0.0524491 0.0896540 0.0677070 0.1157632 0.0892703 0.1193879 0.0839604 0.0760133 0.0639251 0.0399263 0.0830399 0.0824227 0.0774366 0.0825397 0.0766024 0.0720156 0.0158112 0.0632065 0.0932260 0.0679280 0.0605375 0.1456646 0.0898882 0.0555642 0.0741609 0.0604705 
S0355         0.3458886 0.1110956 0.0808189 0.1123271 0.1289961 0.1360921 0.0452099 0.1149900 0.1063520 0.1273862 0.1128121 0.0451866 0.0906422 0.1054315 0.0399754 0.1216627 0.1321466 0.1131095 0.0000000 0.1110210 0.1212594 0.1367752 0.1294084 0.1550332 0.0912374 0.0831764 0.1142562 0.1305922 0.0371929 0.1412709 0.1143976 0.2812326 0.0687810 0.1208984 0.1269804 0.1465820 0.1252168 0.1061513 0.1287902 0.1242094 0.1394110 0.0836977 0.0337793 0.2302013 0.1431220 0.0377172 0.1245837 0.1284241 0.1174091 0.0804036 0.1398286 0.0810638 0.1242907 0.0944148 0.1233374 0.0804360 0.1128708 0.0947212 0.1369714 0.1021855 0.0603593 0.1042054 0.1211756 0.1114071 0.1279819 0.1607555 0.1222322 0.2601431 0.1262279 0.0637717 0.1085624 0.1050385 0.2494125 0.0775582 0.2464621 0.1080915 0.1281060 0.1050785 0.0642458 0.1269839 0.1110601 0.2407112 0.1323266 0.1275909 0.1157993 0.0846660 0.1048521 0.1147111 0.0449547 0.1131781 0.1259054 0.0838781 0.0334705 0.0260634 0.1285017 0.0784533 0.1088489 0.1212338 0.1291513 0.1291267 0.1014975 0.1154719 0.1321202 0.0918898 0.1276753 0.1263410 0.1130409 0.1200612 0.0920312 0.1191440 0.1157946 0.1190857 0.1325087 0.1101063 0.0891681 0.1241676 0.1236794 0.1056443 0.1022148 0.1268647 0.1142369 0.1056683 0.1355780 0.1225018 0.1235620 0.1188890 0.1407773 0.0757284 0.1044494 0.1140193 0.1083251 
S0376         0.2884070 0.0368657 0.1042072 0.0717990 0.1382542 0.0530773 0.0922131 0.0771285 0.0631646 0.0451718 0.0851851 0.0984960 0.0933960 0.0835026 0.0893371 0.0743871 0.0855822 0.0661314 0.1110210 0.0000000 0.0360205 0.0452469 0.0991172 0.0736273 0.0536657 0.0978714 0.0391785 0.0866940 0.0864266 0.1002747 0.0678384 0.1863048 0.0797078 0.0768203 0.0528467 0.0542121 0.0990680 0.0772660 0.0849501 0.0454734 0.0476184 0.1048348 0.0836495 0.1745635 0.0979446 0.0841496 0.1012626 0.0471342 0.0704756 0.1036753 0.0477501 0.1045593 0.0762747 0.1189106 0.0717666 0.1044550 0.0754129 0.0674054 0.0774621 0.0854600 0.0864090 0.0794191 0.0863333 0.0734022 0.0793297 0.1004915 0.1159064 0.2028640 0.1059667 0.0908253 0.0802862 0.0828552 0.1907256 0.1006501 0.1913428 0.0696064 0.0768691 0.0696628 0.0900048 0.0543114 0.0856579 0.1757634 0.0503120 0.0475681 0.0714650 0.0604926 0.0652012 0.0765412 0.0865958 0.0812346 0.0724231 0.1060488 0.0747125 0.0749761 0.0397024 0.0982109 0.0677726 0.0750294 0.0451934 0.0398483 0.0446190 0.0797664 0.0625035 0.0537559 0.0913181 0.0720415 0.0873355 0.0427238 0.1160496 0.0894738 0.1095613 0.0812604 0.0424357 0.0755096 0.0499595 0.0547899 0.0826111 0.0445280 0.0691877 0.0453077 0.0368065 0.0590466 0.0892197 0.0783094 0.0785714 0.0713491 0.1390520 0.0890301 0.0685419 0.0339289 0.0652386 
S0400         0.3032415 0.0298347 0.0870629 0.0815312 0.1517972 0.0188319 0.0995593 0.0881590 0.0745289 0.0159110 0.0913714 0.1027643 0.0976055 0.0924774 0.1085962 0.0922565 0.0718052 0.0785253 0.1212594 0.0360205 0.0000000 0.0160118 0.1116696 0.0716834 0.0605938 0.0871863 0.0639625 0.1094363 0.0809230 0.0970469 0.0771681 0.0819591 0.0902444 0.0876474 0.0387712 0.0214387 0.1066034 0.0884022 0.0942347 0.0450566 0.0132035 0.1143448 0.0968815 0.1817913 0.0941189 0.1071390 0.0917839 0.0411955 0.0804218 0.0938820 0.0105000 0.0908793 0.0910175 0.1204710 0.0752318 0.1026708 0.0824420 0.0783707 0.0894735 0.0837251 0.0922328 0.0876543 0.0934931 0.0806962 0.0837910 0.1087230 0.1239692 0.1902082 0.1045290 0.0972683 0.0883677 0.0844334 0.1795613 0.0903978 0.1787348 0.0746879 0.0886251 0.0563562 0.0850226 0.0442726 0.0947027 0.1702259 0.0158214 0.0357648 0.0712911 0.0710298 0.0701678 0.0814772 0.0926466 0.0887220 0.0813826 0.1148473 0.0874495 0.0885350 0.0130951 0.0988443 0.0599018 0.0815929 0.0159499 0.0158767 0.0357282 0.0900993 0.0504373 0.0589264 0.0945857 0.0819480 0.1008245 0.0301903 0.0939318 0.1045874 0.1162621 0.0785831 0.0051845 0.0857114 0.0520019 0.0536362 0.0913362 0.0327800 0.0886889 0.0303906 0.0356312 0.0626976 0.0687913 0.0858610 0.0734293 0.0779522 0.1210570 0.1039097 0.0613233 0.0416644 0.0813191 
S0405         0.2984198 0.0469864 0.1023938 0.0911054 0.1533377 0.0252605 0.1089304 0.0968799 0.0787897 0.0202832 0.0992318 0.1133787 0.1084687 0.0939116 0.1192037 0.1007818 0.0912650 0.0823318 0.1367752 0.0452469 0.0160118 0.0000000 0.1174289 0.0761769 0.0667865 0.0960332 0.0689860 0.1076335 0.0952242 0.1212044 0.0781548 0.2117936 0.0981027 0.0963151 0.0448666 0.0257765 0.1173935 0.0939061 0.0958263 0.0595803 0.0250594 0.1171419 0.1045854 0.1986545 0.1113636 0.1107889 0.1062531 0.0494621 0.0809225 0.1018659 0.0251267 0.1027402 0.0926558 0.1322895 0.0851182 0.1204217 0.0886190 0.0903267 0.0979745 0.0988134 0.1036829 0.0904261 0.0978398 0.0811571 0.0903173 0.1150485 0.1313123 0.2109170 0.1045737 0.1092601 0.0876636 0.0873008 0.2151311 0.0988268 0.2114498 0.0877471 0.0877659 0.0712272 0.0984557 0.0494433 0.1028112 0.1935548 0.0228086 0.0374031 0.0758251 0.0737048 0.0781336 0.0879365 0.1039087 0.0906232 0.0879831 0.1209479 0.0947429 0.0981610 0.0133408 0.1075190 0.0664194 0.0882085 0.0227591 0.0157013 0.0550803 0.0928948 0.0683126 0.0639528 0.1030036 0.0883897 0.1044193 0.0326603 0.1142972 0.1070417 0.1246404 0.0948008 0.0203027 0.0922147 0.0593728 0.0629675 0.0995460 0.0449508 0.0876095 0.0453135 0.0447354 0.0691824 0.0924175 0.0947443 0.0804060 0.0851921 0.1515896 0.1078135 0.0763667 0.0604105 0.0790449 
S0407sl       0.3062349 0.0966948 0.0996359 0.0512020 0.1445920 0.1210977 0.1030447 0.0540455 0.0840870 0.1223340 0.0643666 0.1002128 0.1291743 0.0541564 0.1063662 0.0731082 0.1139935 0.0958458 0.1294084 0.0991172 0.1116696 0.1174289 0.0000000 0.1410958 0.0462827 0.0993947 0.1182249 0.0740648 0.0832230 0.0841771 0.0839980 0.2485820 0.1099849 0.0642806 0.1076672 0.1270537 0.0805867 0.0762081 0.0843593 0.0997601 0.1167781 0.1100735 0.0911604 0.1965482 0.1324839 0.1011903 0.1080148 0.1068951 0.0868052 0.0991212 0.1171256 0.0999693 0.1044538 0.1212824 0.0702163 0.1309628 0.0670946 0.0609738 0.1236508 0.0726824 0.1147129 0.0965309 0.0998340 0.0870264 0.0994530 0.1396663 0.1266642 0.2097831 0.1013867 0.1046840 0.1065173 0.1060727 0.1943281 0.0960996 0.1985973 0.0782406 0.0987509 0.1155773 0.1199993 0.1025693 0.1054398 0.1885366 0.1142161 0.1057635 0.0957933 0.0399477 0.0569436 0.0627189 0.0995572 0.0698941 0.0491540 0.1239646 0.0840283 0.0848716 0.1038146 0.1351060 0.1039869 0.1073248 0.1070719 0.1135205 0.1097888 0.1047123 0.1126388 0.0494420 0.1052857 0.1056333 0.0529009 0.0983313 0.1087756 0.0256745 0.1267260 0.0708451 0.1102414 0.1033844 0.0899642 0.1029573 0.0696997 0.0940196 0.0670611 0.1020765 0.0939001 0.0827029 0.1170745 0.0788056 0.0947107 0.1054004 0.1452133 0.0793211 0.1013336 0.1017356 0.0991155 
S0412sl       0.3144310 0.0695570 0.1341578 0.1146851 0.1653671 0.0863515 0.1206618 0.1137666 0.0883106 0.0734677 0.1172814 0.1208150 0.1125400 0.1179510 0.1328920 0.1094367 0.1138637 0.0988598 0.1550332 0.0736273 0.0716834 0.0761769 0.1410958 0.0000000 0.0885434 0.1269117 0.1016876 0.1104081 0.1124152 0.1396643 0.1074177 0.1941967 0.1095551 0.1047467 0.0919583 0.0816933 0.1279071 0.1211690 0.1306816 0.0819539 0.0828971 0.1356303 0.1179737 0.2232186 0.0697499 0.1122381 0.1379063 0.0794511 0.1105202 0.1334446 0.0831475 0.1308045 0.1170914 0.1475959 0.1219238 0.1357383 0.1256997 0.1115274 0.1275169 0.1368428 0.1145155 0.1249505 0.1233565 0.1108748 0.1213584 0.1454069 0.1419939 0.2407906 0.1234953 0.1180270 0.1055706 0.1116912 0.2528724 0.1300219 0.2404150 0.1141830 0.1245565 0.0911894 0.1238531 0.0754379 0.1109867 0.2174265 0.0830238 0.0856626 0.1013891 0.0898736 0.1067140 0.1217475 0.1150966 0.1107544 0.1186231 0.1373317 0.0984015 0.1084593 0.0763599 0.1314992 0.0907146 0.0984258 0.0798920 0.0824963 0.0781654 0.1036527 0.0942180 0.0989847 0.1213927 0.0986245 0.1324556 0.0801594 0.1474779 0.1249269 0.1348569 0.1310151 0.0701855 0.1089136 0.0794959 0.0883838 0.1176584 0.0669226 0.0952986 0.0863548 0.0671815 0.0848645 0.1147561 0.1344230 0.1036203 0.1152944 0.1781421 0.1287534 0.0922754 0.0853697 0.1085571 
S0417         0.2622146 0.0510558 0.0595516 0.0192800 0.1119496 0.0700512 0.0673340 0.0242929 0.0397002 0.0637481 0.0344166 0.0630971 0.0748171 0.0271877 0.0780610 0.0480011 0.0559117 0.0476171 0.0912374 0.0536657 0.0605938 0.0667865 0.0462827 0.0885434 0.0000000 0.0563938 0.0711516 0.0415525 0.0463000 0.0698060 0.0478639 0.1508381 0.0585840 0.0343477 0.0607000 0.0712982 0.0403007 0.0403400 0.0602155 0.0584012 0.0664148 0.0716909 0.0622375 0.1756510 0.0859921 0.0726396 0.0766554 0.0571351 0.0505470 0.0592266 0.0634083 0.0593439 0.0535335 0.0829731 0.0507966 0.0855988 0.0429960 0.0416803 0.0695084 0.0312696 0.0681488 0.0510220 0.0603696 0.0399909 0.0484003 0.1052726 0.0882001 0.1789805 0.0676683 0.0628574 0.0573707 0.0542536 0.1642442 0.0563938 0.1676960 0.0427260 0.0513916 0.0580045 0.0675213 0.0620104 0.0592692 0.1570220 0.0668464 0.0568219 0.0424213 0.0149195 0.0353666 0.0436312 0.0629170 0.0534845 0.0296371 0.0754220 0.0500412 0.0501863 0.0601522 0.0794018 0.0571617 0.0600832 0.0575748 0.0634141 0.0596733 0.0636378 0.0625629 0.0180237 0.0620249 0.0504891 0.0394022 0.0465675 0.0679643 0.0405666 0.0819304 0.0488630 0.0604584 0.0569776 0.0399444 0.0538448 0.0370515 0.0375431 0.0427472 0.0552542 0.0514100 0.0350998 0.0679022 0.0516436 0.0503145 0.0537799 0.1055857 0.0488430 0.0537738 0.0534116 0.0510270 
S0419         0.2918234 0.0825786 0.0110210 0.0773517 0.0933245 0.1024907 0.0694497 0.0717298 0.0800294 0.0915215 0.0796337 0.0628777 0.0796926 0.0803508 0.0684996 0.0772300 0.0975142 0.0976317 0.0831764 0.0978714 0.0871863 0.0960332 0.0993947 0.1269117 0.0563938 0.0000000 0.1103205 0.0862207 0.0451378 0.1054645 0.0887518 0.2537213 0.0597274 0.0826775 0.0932775 0.0981019 0.0753801 0.0718648 0.0866039 0.0975934 0.0985577 0.0542814 0.0629068 0.2002819 0.1270365 0.0636841 0.0991135 0.0954811 0.0857015 0.0065464 0.0988429 0.0065917 0.0974732 0.0671607 0.0769784 0.0786074 0.0665976 0.0800637 0.1037632 0.0755042 0.0645215 0.0827085 0.0935425 0.0859498 0.0892014 0.1283559 0.0773243 0.2118242 0.0980399 0.0515635 0.0925018 0.0921222 0.2036591 0.0043449 0.2056801 0.0767598 0.0892631 0.0688035 0.0664430 0.1030450 0.0796196 0.1978563 0.0991402 0.0829412 0.0713631 0.0553238 0.0592268 0.0709563 0.0603297 0.0809625 0.0747221 0.0799893 0.0486774 0.0543128 0.0890295 0.0839499 0.0873668 0.0898614 0.0894919 0.0924873 0.0801464 0.0816895 0.1102603 0.0567195 0.0911247 0.0921461 0.0850003 0.0757633 0.0155385 0.0897242 0.0717152 0.0811596 0.0924494 0.0810053 0.0713114 0.0917855 0.0879588 0.0774463 0.0710810 0.0872008 0.0886320 0.0821003 0.1105752 0.0836196 0.0858146 0.0841376 0.1054056 0.0425513 0.0885387 0.0889251 0.0808459 
S0427         0.3101502 0.0573736 0.1169138 0.0922011 0.1546970 0.0806064 0.0964383 0.0888656 0.0829424 0.0720854 0.0940245 0.1016130 0.1064367 0.0929240 0.0980014 0.0949219 0.1036030 0.0806697 0.1142562 0.0391785 0.0639625 0.0689860 0.1182249 0.1016876 0.0711516 0.1103205 0.0000000 0.1015099 0.0934076 0.1190208 0.0935681 0.2176329 0.0890572 0.0974233 0.0802494 0.0794297 0.1274889 0.0914784 0.0966653 0.0640819 0.0745594 0.1245644 0.0927494 0.1974261 0.1078242 0.0900051 0.1267425 0.0713089 0.0963897 0.1163174 0.0747705 0.1141134 0.1023316 0.1358596 0.0857850 0.1132456 0.0992803 0.0946541 0.0982378 0.1085370 0.0894092 0.0936129 0.0945111 0.0936521 0.1000252 0.1060765 0.1418789 0.2158355 0.1193639 0.0976275 0.1012235 0.1038953 0.2147420 0.1131842 0.2038309 0.0930438 0.0944722 0.0917980 0.0869212 0.0732620 0.1028350 0.1879783 0.0775295 0.0744931 0.0917924 0.0720485 0.0856283 0.0977146 0.0992307 0.0933316 0.1048269 0.1092656 0.0870649 0.0873787 0.0658122 0.1083691 0.0794953 0.0957677 0.0720001 0.0660800 0.0657959 0.1070043 0.0682676 0.0745095 0.1128562 0.0925316 0.1023323 0.0693915 0.1291421 0.1111093 0.1351306 0.0993995 0.0689003 0.0906976 0.0688821 0.0739031 0.0855505 0.0656623 0.0894938 0.0614506 0.0570917 0.0762404 0.1107799 0.1013995 0.0880006 0.0827700 0.1462218 0.1043406 0.0886252 0.0388249 0.0849732 
S0428sl       0.3149905 0.0865374 0.0775247 0.0501143 0.1132161 0.1110935 0.1026027 0.0610566 0.0799644 0.1057695 0.0605341 0.0964859 0.1127375 0.0643746 0.1123294 0.0642489 0.0947864 0.0920462 0.1305922 0.0866940 0.1094363 0.1076335 0.0740648 0.1104081 0.0415525 0.0862207 0.1015099 0.0000000 0.0902354 0.0651058 0.0773665 0.2167732 0.0956271 0.0581808 0.1038199 0.1071484 0.0709980 0.0700228 0.0887023 0.0879056 0.1065835 0.0908820 0.1009107 0.1957783 0.1245995 0.1012446 0.1088498 0.1090983 0.0801980 0.0833346 0.1134565 0.0807406 0.0918289 0.0991618 0.0671476 0.1221656 0.0730315 0.0580961 0.1037800 0.0660020 0.1082167 0.0834832 0.0905596 0.0774349 0.0865145 0.1225790 0.1111845 0.2050823 0.0991710 0.0883603 0.0878818 0.0875062 0.1830551 0.0803714 0.1934608 0.0755694 0.0870850 0.0843593 0.1095180 0.0983399 0.0854623 0.1907377 0.1104647 0.1019788 0.0831976 0.0409579 0.0622477 0.0741640 0.0997769 0.0688113 0.0587132 0.1108938 0.0868786 0.0873629 0.1030152 0.1243653 0.0846893 0.0932402 0.1000472 0.1068457 0.1058806 0.0975720 0.1055767 0.0422688 0.0852812 0.0924836 0.0742807 0.0943953 0.0893120 0.0647464 0.1046839 0.0797518 0.1035471 0.0903198 0.0774355 0.1018930 0.0691911 0.0812957 0.0557677 0.1013158 0.0961472 0.0845265 0.1115588 0.0825389 0.0918281 0.0864653 0.1216996 0.0699511 0.0927445 0.0917702 0.0833752 
S0430         0.3003394 0.0763680 0.0483026 0.0707506 0.1007372 0.1063054 0.0266277 0.0703996 0.0671656 0.0935321 0.0792418 0.0178254 0.0606590 0.0669833 0.0259013 0.0904969 0.1066403 0.0934212 0.0371929 0.0864266 0.0809230 0.0952242 0.0832230 0.1124152 0.0463000 0.0451378 0.0934076 0.0902354 0.0000000 0.0923890 0.0859313 0.2376844 0.0395522 0.0829395 0.0917708 0.1049379 0.0806408 0.0765972 0.0972851 0.0957782 0.0977433 0.0525136 0.0104285 0.1890061 0.1112167 0.0179628 0.1046985 0.0839461 0.0890989 0.0451974 0.1020652 0.0455870 0.0991909 0.0640128 0.0954698 0.0577758 0.0774238 0.0722959 0.1023064 0.0743762 0.0365730 0.0759487 0.0869741 0.0796367 0.0932992 0.1189288 0.0766129 0.1947462 0.1004400 0.0357947 0.0873301 0.0803078 0.2086677 0.0423336 0.2058381 0.0728789 0.0894655 0.0761602 0.0515610 0.0862151 0.0764184 0.1989262 0.0958533 0.0832162 0.0899684 0.0445271 0.0683191 0.0736253 0.0126215 0.0893662 0.0874853 0.0548262 0.0051029 0.0077868 0.0874821 0.0614076 0.0816437 0.0875974 0.0944004 0.0947176 0.0701249 0.0818409 0.0974940 0.0631669 0.0926539 0.0870756 0.0661520 0.0812781 0.0569239 0.0771752 0.0702463 0.0880670 0.0946708 0.0810626 0.0692200 0.0799493 0.0823802 0.0675198 0.0606621 0.0882615 0.0860771 0.0810512 0.1148225 0.0974340 0.0921930 0.0903664 0.0951843 0.0454396 0.0822460 0.0833469 0.0769574 
S0478         0.3090774 0.1004158 0.1120170 0.0772564 0.1446092 0.1204389 0.1056727 0.0858768 0.0901655 0.1000394 0.0911946 0.1183695 0.1310998 0.0824720 0.1140545 0.0632753 0.1240011 0.1075405 0.1412709 0.1002747 0.0970469 0.1212044 0.0841771 0.1396643 0.0698060 0.1054645 0.1190208 0.0651058 0.0923890 0.0000000 0.0962000 0.2449823 0.1092771 0.0712330 0.1242612 0.1235205 0.0732783 0.0892966 0.1088625 0.0930849 0.1171849 0.1203133 0.1055199 0.1720059 0.1449575 0.1195831 0.1246563 0.1049194 0.1048411 0.1114403 0.1175347 0.1124129 0.1048937 0.1249481 0.0887639 0.1406339 0.0952170 0.0769447 0.1176838 0.0879536 0.1131263 0.0965430 0.1090451 0.0964326 0.1030016 0.1427972 0.1304449 0.2010097 0.1250112 0.1024990 0.1128830 0.1156505 0.1918986 0.1083209 0.1901246 0.0865124 0.1050100 0.1110936 0.1355670 0.1063793 0.0944767 0.1943704 0.1168341 0.0999106 0.1018316 0.0623807 0.0839171 0.0912831 0.1038793 0.0709953 0.0832302 0.1293407 0.1018704 0.1022509 0.1011021 0.1303936 0.1085249 0.1104897 0.1006651 0.1172306 0.1170136 0.1106257 0.1204282 0.0585595 0.1136751 0.1059749 0.1025166 0.0957045 0.1177335 0.0750414 0.1238187 0.0926093 0.1170776 0.1036731 0.0924761 0.0948056 0.0824271 0.0981535 0.0745082 0.1119748 0.1039538 0.0981481 0.1314269 0.1082745 0.1104528 0.0998218 0.1236674 0.0944435 0.1079542 0.1028514 0.0965108 
