131
PAFTOL_019361 0.0000000 0.2459317 0.2147204 0.3469187 0.2274574 0.2369821 0.3121597 0.3407460 0.2380851 0.3082185 0.2509266 0.3493192 0.2594582 0.3011488 0.2921075 0.2462556 0.3071873 0.2639326 0.2450763 0.2579951 0.2580020 0.2328419 0.2425531 0.3424784 0.2473569 0.2694810 0.2095087 0.2556683 0.2507866 0.2627264 0.2423347 0.2792414 0.3389958 0.2683848 0.2466802 0.3127144 0.2699118 0.2671001 0.2497508 0.2826877 0.2339774 0.2465505 0.2374725 0.2529922 0.2474654 0.2526592 0.2405355 0.2461538 0.2179909 0.2488328 0.2171998 0.2215749 0.3117679 0.2182913 0.2515957 0.2940227 0.2700126 0.2471428 0.2333036 0.1691095 0.2663398 0.2728264 0.2655385 0.2962100 0.4238760 0.2421746 0.2229111 0.2315481 0.2701175 0.2534216 0.2752524 0.2745891 0.2368578 0.2135552 0.2390782 0.2669725 0.2617436 0.2858385 0.2370282 0.2577905 0.2431677 0.2383766 0.2547602 0.2454077 0.3188084 0.2622934 0.2587365 0.2483240 0.2863534 0.3471249 0.2988569 0.2601326 0.2468846 0.2467470 0.2869080 0.2610580 0.2581742 0.2371942 0.2252183 0.2251621 0.2533613 0.2433942 0.2219742 0.2584171 0.2594304 0.3283530 0.2553973 0.2101253 0.3057398 0.2457037 0.2721410 0.2428688 0.2217546 0.2343253 0.2511284 0.2359817 0.3110028 0.2291396 0.2925866 0.2586571 0.2355932 0.2600948 0.2533840 0.2785683 0.2556011 0.2433424 0.3097403 0.2547688 0.2475865 0.2517488 0.2567098 
S0055         0.2459317 0.0000000 0.1008297 0.1727608 0.1184116 0.0914401 0.1817716 0.1908389 0.1120161 0.1276784 0.0916040 0.1808605 0.1535924 0.1681367 0.1543310 0.1360912 0.1591810 0.1211730 0.1031608 0.1528604 0.0742441 0.0840905 0.0832039 0.1830245 0.1090939 0.1474719 0.0995339 0.0886523 0.1456574 0.1595976 0.0887334 0.1628512 0.1692616 0.0908736 0.0756005 0.1573258 0.1392107 0.1340053 0.0987933 0.0907891 0.1092914 0.1427260 0.2183232 0.0968973 0.1588019 0.1564443 0.0689293 0.1538603 0.1017139 0.0862652 0.0994341 0.1042868 0.2086670 0.1024496 0.1236292 0.1550545 0.1167002 0.1212104 0.0899644 0.0798620 0.1221779 0.1802299 0.1573846 0.1882256 0.1284972 0.1213390 0.2025281 0.1142302 0.1549401 0.1393804 0.1540228 0.1409621 0.2132894 0.0977773 0.2200254 0.1867567 0.1124311 0.1600625 0.0773801 0.1446860 0.2254201 0.0796644 0.0958997 0.1086877 0.1381854 0.1100568 0.1038993 0.1437309 0.1373344 0.1551308 0.1738709 0.1481367 0.1386662 0.0793101 0.1420652 0.0988321 0.1284983 0.0824601 0.0681619 0.0362250 0.1631323 0.0720981 0.1214449 0.1267697 0.1377590 0.1648149 0.0786722 0.0978377 0.1532706 0.1184769 0.1209774 0.0785924 0.1179817 0.1368055 0.0992003 0.0733488 0.1527406 0.0699192 0.1646517 0.0863826 0.0735327 0.1049392 0.1279865 0.1236651 0.1198476 0.1021877 0.1873094 0.1029217 0.0956950 0.0868617 0.1020487 
S0196sl       0.2147204 0.1008297 0.0000000 0.1279283 0.0502045 0.0921267 0.1304703 0.1322058 0.0969575 0.1395310 0.1024287 0.1372083 0.1111986 0.1072606 0.1053613 0.0919649 0.1141982 0.1001202 0.0942612 0.1089663 0.0875075 0.0815482 0.0842534 0.1422840 0.1026498 0.1058674 0.0059570 0.0867099 0.1064742 0.1212157 0.0967338 0.1058282 0.1194235 0.0920684 0.0842084 0.1065516 0.1023505 0.0932052 0.0744628 0.0893332 0.0236407 0.0946965 0.1586742 0.0885987 0.1151552 0.1325195 0.0800338 0.1250984 0.0075034 0.0823608 0.0074584 0.0105002 0.1569631 0.0216838 0.0904093 0.1036401 0.0822057 0.0794209 0.0633383 0.0689131 0.0760799 0.1470269 0.1269191 0.1483272 0.1651700 0.0505261 0.1525595 0.0681635 0.0996211 0.0990241 0.1166899 0.1120139 0.1569013 0.0059500 0.1569885 0.1451849 0.0904621 0.1010841 0.1003201 0.1210826 0.1601664 0.0781012 0.0983467 0.0811321 0.1105096 0.0784228 0.0703165 0.1018140 0.0954949 0.1261781 0.0873537 0.1043718 0.0996687 0.0814091 0.0958981 0.0849340 0.1117478 0.0794848 0.0764405 0.0920995 0.1261742 0.0853375 0.0712805 0.0997302 0.1107138 0.1209308 0.0923036 0.0059656 0.1041656 0.0507021 0.0858533 0.0764508 0.0486863 0.1045064 0.0823031 0.0779146 0.1088106 0.0913835 0.1248223 0.0878351 0.0663382 0.0884292 0.1052269 0.1001688 0.0846376 0.0718701 0.1257148 0.0627275 0.0916354 0.0880658 0.0744679 
S0278         0.3469187 0.1727608 0.1279283 0.0000000 0.1520107 0.1765805 0.2568024 0.0688327 0.1525820 0.2189442 0.1711524 0.0482329 0.2106164 0.2012564 0.0499280 0.1933824 0.0650929 0.1809413 0.1613508 0.2103088 0.1526564 0.1646065 0.1580101 0.0751951 0.1804016 0.0551066 0.1309583 0.1618125 0.2034693 0.1651063 0.1673843 0.2034077 0.0524450 0.1696362 0.1618562 0.0366511 0.1389906 0.1275028 0.1460847 0.1667749 0.1411031 0.1941483 0.2367635 0.1649065 0.2174405 0.1908371 0.1590994 0.1596415 0.1310949 0.1682705 0.1308160 0.1327688 0.2429574 0.1288942 0.1231573 0.1926798 0.1050215 0.1299842 0.1279571 0.0273171 0.1665800 0.2102688 0.1667311 0.1821193 0.2717573 0.1564220 0.2383663 0.1505724 0.1785571 0.2089685 0.1795931 0.1826225 0.2325548 0.1271335 0.2403965 0.2147385 0.1662465 0.1841267 0.1818722 0.1871395 0.2440168 0.1612441 0.1795693 0.1559881 0.0787069 0.1016173 0.0999317 0.1999090 0.1353475 0.0431994 0.2030392 0.2114621 0.1990554 0.1564773 0.1761730 0.1599467 0.1759658 0.1636479 0.1433434 0.1508859 0.1823048 0.1626947 0.1212914 0.1570860 0.1687435 0.0531734 0.1659552 0.1253408 0.0501059 0.1530429 0.1218275 0.1602970 0.1441545 0.1734052 0.1428624 0.1516138 0.0451003 0.1654891 0.1658619 0.1550572 0.1406283 0.1661655 0.1827451 0.1236571 0.1538362 0.1388039 0.1994158 0.1459174 0.1498607 0.1665650 0.1310313 
S0281         0.2274574 0.1184116 0.0502045 0.1520107 0.0000000 0.1180765 0.1724030 0.1659667 0.1118719 0.1615295 0.1250751 0.1610641 0.1467469 0.1543987 0.1351402 0.1260368 0.1345924 0.1307389 0.1047419 0.1469089 0.1055081 0.1071296 0.1127447 0.1642858 0.1271836 0.1307581 0.0502893 0.1027619 0.1388555 0.1374731 0.1040697 0.1423754 0.1440376 0.1148867 0.1107504 0.1407133 0.1240324 0.1204412 0.1025791 0.1145031 0.0633503 0.1305426 0.2031469 0.1128671 0.1540475 0.1405408 0.1033623 0.1327691 0.0533950 0.1092541 0.0502439 0.0545086 0.1810106 0.0537057 0.0987939 0.1410257 0.1058100 0.1052845 0.0847435 0.0724746 0.1100288 0.1596864 0.1323803 0.1521030 0.2041900 0.0750248 0.2040715 0.0872731 0.1381039 0.1322154 0.1306615 0.1280659 0.1913544 0.0488069 0.1957632 0.1688028 0.1268079 0.1411517 0.1295539 0.1386359 0.1989962 0.1001864 0.1257014 0.1057194 0.1369368 0.1024766 0.0945661 0.1337548 0.1171905 0.1448478 0.1327419 0.1377853 0.1325707 0.1080582 0.1349141 0.1056840 0.1272747 0.1017352 0.0990987 0.1114334 0.1481182 0.1128896 0.1089598 0.1232556 0.1216256 0.1496543 0.1187454 0.0504767 0.1405756 0.0737695 0.1192393 0.1041143 0.0733893 0.1296163 0.1031161 0.1013332 0.1291500 0.1207209 0.1477087 0.1207149 0.0873407 0.1187178 0.1226554 0.1156914 0.1056226 0.0941155 0.1604075 0.0777213 0.1044293 0.1035320 0.0985856 
S0282         0.2369821 0.0914401 0.0921267 0.1765805 0.1180765 0.0000000 0.1788827 0.1888837 0.1068673 0.0740754 0.0768106 0.1913917 0.1581730 0.1574511 0.1571236 0.1391378 0.1611014 0.1184272 0.1007131 0.1538583 0.0696795 0.0176035 0.0333125 0.1969752 0.0982243 0.1569153 0.0973464 0.0777127 0.1501189 0.1374091 0.0970303 0.1552653 0.1665362 0.0529497 0.0332978 0.1622724 0.1372729 0.1339235 0.0958980 0.0394699 0.1104974 0.1432361 0.2126956 0.0924240 0.1655686 0.1602616 0.0361404 0.1355236 0.0977920 0.0279231 0.0972487 0.1021191 0.1878462 0.1002482 0.1278319 0.1473786 0.1157528 0.1271076 0.0867990 0.0962613 0.1153743 0.1678840 0.1399381 0.1608905 0.1405505 0.1236865 0.2087856 0.1031099 0.1524291 0.1518264 0.1364269 0.1348486 0.1974089 0.0955863 0.2035989 0.1800136 0.1078934 0.1554879 0.0775887 0.1299515 0.2174024 0.0239698 0.0774783 0.0928277 0.1442578 0.1090905 0.1029116 0.1430781 0.1364664 0.1579468 0.1574598 0.1574714 0.1458719 0.0277855 0.1321765 0.0975295 0.1300663 0.0269685 0.0267567 0.0742400 0.1416346 0.0600183 0.1261201 0.1128092 0.1196947 0.1707537 0.0733133 0.0977180 0.1607015 0.1188581 0.1165236 0.0200766 0.1182164 0.1156306 0.0869502 0.0400884 0.1561032 0.0660155 0.1570914 0.0722642 0.0784065 0.1034293 0.1185755 0.1332098 0.0995272 0.0938756 0.1701774 0.0986523 0.0946782 0.0804947 0.1008125 
S0288         0.3121597 0.1817716 0.1304703 0.2568024 0.1724030 0.1788827 0.0000000 0.2568880 0.1848147 0.2352557 0.2095002 0.2572404 0.0302995 0.1067668 0.2134244 0.0197020 0.1908673 0.1926700 0.1640947 0.0303984 0.1679542 0.1759487 0.1687031 0.2568698 0.1742033 0.1922667 0.1362741 0.1599586 0.0228862 0.2144057 0.1548819 0.1403667 0.2260008 0.1868517 0.1740535 0.2315921 0.1714556 0.2110867 0.1532482 0.1960199 0.1336065 0.0212951 0.3031630 0.1591167 0.0378325 0.2288259 0.1616452 0.2043560 0.1367129 0.1789127 0.1276071 0.1334496 0.2649480 0.1352256 0.1596980 0.1267693 0.1723468 0.1527307 0.1281388 0.1327465 0.0844059 0.2298883 0.2117323 0.2266294 0.2467135 0.1863694 0.3062529 0.1921233 0.1237731 0.1358240 0.2222946 0.2081421 0.2956257 0.1334210 0.2942893 0.2672488 0.1638601 0.1329329 0.1976290 0.2024707 0.3053071 0.1720199 0.1915826 0.1655798 0.2008887 0.1725197 0.1732912 0.0178374 0.1888931 0.2199693 0.1275496 0.0232828 0.0177227 0.1708598 0.1188888 0.1518005 0.2035088 0.1724395 0.1530772 0.1807884 0.2145826 0.1756413 0.1615261 0.1854601 0.2081197 0.2269587 0.1823244 0.1276574 0.2154612 0.1791261 0.1979251 0.1694049 0.1728166 0.2063727 0.1548977 0.1670991 0.2175889 0.1888880 0.1841969 0.2091108 0.1227828 0.1592880 0.1940718 0.2170596 0.1841869 0.1439063 0.2108499 0.1467530 0.1662419 0.1703035 0.1449421 
S0289         0.3407460 0.1908389 0.1322058 0.0688327 0.1659667 0.1888837 0.2568880 0.0000000 0.1810401 0.2381504 0.1908685 0.0757276 0.2074223 0.2029208 0.0586487 0.1906548 0.0528337 0.1952071 0.1781515 0.2051159 0.1716783 0.1788669 0.1712899 0.0735142 0.1880288 0.0469556 0.1472838 0.1857812 0.1980032 0.1915062 0.1808772 0.2040796 0.0697699 0.1936788 0.1778370 0.0512529 0.1391614 0.1455339 0.1651782 0.1808725 0.1635891 0.1910889 0.2502710 0.1797024 0.2096345 0.2119966 0.1689331 0.1780920 0.1474387 0.1742678 0.1471207 0.1491537 0.2629638 0.1530069 0.1190377 0.1919996 0.1262205 0.1274972 0.1514185 0.0261596 0.1742644 0.2176994 0.1814194 0.1959113 0.2873656 0.1640877 0.2547084 0.1665589 0.1795635 0.2030021 0.1855117 0.1924551 0.2465242 0.1451851 0.2518808 0.2240337 0.1828547 0.1851156 0.1945020 0.2069750 0.2604269 0.1711961 0.1989528 0.1828649 0.0766428 0.1226568 0.1165943 0.1991825 0.1310269 0.0711279 0.2215239 0.2029983 0.1962640 0.1662935 0.1708822 0.1757471 0.2028960 0.1737672 0.1566975 0.1756785 0.2088338 0.1831039 0.1181383 0.1786627 0.1967594 0.0645771 0.1872467 0.1414588 0.0525107 0.1607424 0.1354254 0.1683557 0.1516046 0.1941458 0.1610191 0.1653497 0.0712490 0.1883802 0.1541616 0.1825087 0.1534391 0.1789477 0.2064401 0.1345373 0.1664101 0.1630001 0.2028695 0.1688513 0.1605710 0.1841802 0.1570523 
S0292         0.2380851 0.1120161 0.0969575 0.1525820 0.1118719 0.1068673 0.1848147 0.1810401 0.0000000 0.1449728 0.1220625 0.1639937 0.1575467 0.1537551 0.1451012 0.1386284 0.1450302 0.0912430 0.0994190 0.1577133 0.0986126 0.1067916 0.0954947 0.1784995 0.1093022 0.1426879 0.0908544 0.1004817 0.1495910 0.1072198 0.1196152 0.1453022 0.1528908 0.1126009 0.0973319 0.1474406 0.1367952 0.1343387 0.1041353 0.1054329 0.1070065 0.1432007 0.2365359 0.1052757 0.1648549 0.1583706 0.0904264 0.1009661 0.0944843 0.1015481 0.0907656 0.0909040 0.1740393 0.0952245 0.1178666 0.1478119 0.1136433 0.1240910 0.0778978 0.0885708 0.1167006 0.1426394 0.1090311 0.1342481 0.1941097 0.1319630 0.2126000 0.1028109 0.1433815 0.1531314 0.1177966 0.1233802 0.2273941 0.0891556 0.2269548 0.1569706 0.0871619 0.1464145 0.1223300 0.0636581 0.2372334 0.0949875 0.1129195 0.0819421 0.1405005 0.1103054 0.1025174 0.1490145 0.1313447 0.1487097 0.1587744 0.1551389 0.1437645 0.0898915 0.1362484 0.0777839 0.0316765 0.0964975 0.0880472 0.0971213 0.0837741 0.1012005 0.1241933 0.0365327 0.0366083 0.1637290 0.1083337 0.0911957 0.1418843 0.1271335 0.1273879 0.0956625 0.1233855 0.0523917 0.0743483 0.0915821 0.1390735 0.1048825 0.1608804 0.1046058 0.0879274 0.0884548 0.0955018 0.1326884 0.1019614 0.0866953 0.1695585 0.0819317 0.0771874 0.0988440 0.0861350 
S0293         0.3082185 0.1276784 0.1395310 0.2189442 0.1615295 0.0740754 0.2352557 0.2381504 0.1449728 0.0000000 0.1209415 0.2304193 0.2053962 0.2049839 0.1976660 0.1903464 0.2158001 0.1664368 0.1328853 0.2107679 0.1155170 0.0552884 0.0687452 0.2175751 0.1363909 0.1974894 0.1341092 0.1289871 0.2030767 0.1900860 0.1418282 0.2145576 0.2084262 0.0899835 0.0704798 0.2041938 0.1752664 0.1761976 0.1366932 0.0746652 0.1524476 0.1909947 0.2803137 0.1356748 0.2192402 0.1932485 0.0755324 0.1857408 0.1347787 0.0675251 0.1319321 0.1395976 0.2318193 0.1417082 0.1589489 0.2069852 0.1555335 0.1622129 0.1313529 0.1255178 0.1617830 0.2129173 0.1848795 0.2227242 0.1702997 0.1728297 0.2766966 0.1406267 0.2047483 0.1976506 0.1700690 0.1764517 0.2722146 0.1320163 0.2768293 0.2200439 0.1484462 0.2061011 0.1229481 0.1621107 0.2821928 0.0624436 0.1066981 0.1310884 0.1805962 0.1478444 0.1407919 0.1947862 0.1770143 0.1891959 0.1936753 0.2110810 0.1964834 0.0637038 0.1874655 0.1437035 0.1700890 0.0631498 0.0645419 0.1124337 0.1856664 0.1002833 0.1657335 0.1460642 0.1605785 0.2075515 0.1021148 0.1346577 0.1818446 0.1672681 0.1557775 0.0580528 0.1662578 0.1519628 0.1207940 0.0767792 0.1997095 0.1007122 0.1928436 0.1118254 0.1194330 0.1507579 0.1685311 0.1670424 0.1565725 0.1393875 0.2203864 0.1392162 0.1402524 0.1339992 0.1461955 
S0294         0.2509266 0.0916040 0.1024287 0.1711524 0.1250751 0.0768106 0.2095002 0.1908685 0.1220625 0.1209415 0.0000000 0.1835683 0.1670051 0.1627560 0.1591338 0.1492676 0.1565536 0.1216445 0.1051842 0.1582392 0.0780065 0.0715327 0.0584649 0.1875760 0.1055448 0.1586848 0.1069394 0.0804668 0.1586409 0.1459385 0.0753768 0.1691942 0.1577334 0.0740189 0.0614079 0.1567708 0.1459032 0.1352494 0.0934918 0.0659378 0.1260846 0.1479363 0.2337826 0.0982007 0.1724341 0.1566156 0.0596732 0.1405269 0.1074366 0.0626989 0.1104478 0.1120636 0.1925408 0.1135375 0.1322139 0.1571591 0.1154540 0.1235298 0.1016686 0.0806196 0.1207105 0.1633825 0.1383460 0.1752486 0.1092805 0.1259595 0.2139707 0.1096628 0.1550691 0.1626859 0.1545429 0.1528888 0.2304607 0.1087056 0.2225021 0.1760440 0.1109222 0.1656936 0.0842949 0.1398096 0.2458573 0.0580404 0.0816174 0.0952673 0.1491892 0.1087226 0.1004982 0.1555966 0.1477518 0.1581236 0.1872343 0.1556961 0.1459490 0.0609564 0.1476249 0.0932259 0.1358976 0.0589107 0.0514139 0.0832209 0.1465208 0.0701143 0.1235709 0.1245388 0.1389304 0.1673199 0.0711226 0.1109901 0.1576750 0.1245068 0.1255450 0.0583409 0.1288313 0.1235045 0.0863765 0.0609765 0.1528749 0.0681465 0.1502642 0.0666999 0.0778773 0.1078055 0.1226099 0.1300508 0.1201886 0.1125099 0.1786516 0.0980880 0.0908488 0.0854213 0.1089531 
S0299         0.3493192 0.1808605 0.1372083 0.0482329 0.1610641 0.1913917 0.2572404 0.0757276 0.1639937 0.2304193 0.1835683 0.0000000 0.2194252 0.2217931 0.0645492 0.1997385 0.0723740 0.1934277 0.1794468 0.2166448 0.1687625 0.1788137 0.1717271 0.0860451 0.2036014 0.0626384 0.1393805 0.1789122 0.2097809 0.1974922 0.1766830 0.2130790 0.0657027 0.1889144 0.1781312 0.0510089 0.1469160 0.1399660 0.1635673 0.1752674 0.1559911 0.2025284 0.2454124 0.1876737 0.2238088 0.2099664 0.1730353 0.1850586 0.1395260 0.1805787 0.1372497 0.1412142 0.2602392 0.1433651 0.1343033 0.2063332 0.1204433 0.1373106 0.1513668 0.0526584 0.1722595 0.2308645 0.1912659 0.2102648 0.2647360 0.1636800 0.2485692 0.1733660 0.1876200 0.2158640 0.1936447 0.1970578 0.2538395 0.1354934 0.2528980 0.2415249 0.1708737 0.1932301 0.1905724 0.1859982 0.2591740 0.1733193 0.1879854 0.1735524 0.0905737 0.1169311 0.1097489 0.2084505 0.1432789 0.0565443 0.2086012 0.2183032 0.2058115 0.1624881 0.1897204 0.1719650 0.1839003 0.1737140 0.1587679 0.1643336 0.1968175 0.1706899 0.1263971 0.1665145 0.1885098 0.0661345 0.1785586 0.1356406 0.0651083 0.1624558 0.1242605 0.1724031 0.1512324 0.1843170 0.1535789 0.1675009 0.0548156 0.1757850 0.1690053 0.1610769 0.1596458 0.1732498 0.1901429 0.1342304 0.1702635 0.1602536 0.2203077 0.1533311 0.1549260 0.1839708 0.1540543 
S0303         0.2594582 0.1535924 0.1111986 0.2106164 0.1467469 0.1581730 0.0302995 0.2074223 0.1575467 0.2053962 0.1670051 0.2194252 0.0000000 0.0983674 0.1794368 0.0149151 0.1591094 0.1646876 0.1280018 0.0185054 0.1410457 0.1413147 0.1380083 0.2044445 0.1485145 0.1692424 0.1132117 0.1355556 0.0109411 0.1801878 0.1386448 0.1177629 0.1945841 0.1530416 0.1440798 0.1829690 0.1527568 0.1636227 0.1316963 0.1577152 0.1173809 0.0136539 0.2433053 0.1389755 0.0184513 0.1743705 0.1334295 0.1687738 0.1172307 0.1458145 0.1108556 0.1165716 0.2224553 0.1212049 0.1401637 0.1102258 0.1446511 0.1319726 0.1068678 0.1030160 0.0702851 0.1898246 0.1722818 0.1967971 0.2686160 0.1522496 0.2295754 0.1529351 0.0918971 0.1007469 0.1714967 0.1686256 0.2331211 0.1113473 0.2224784 0.2160705 0.1530842 0.0995910 0.1625838 0.1636113 0.2342305 0.1413494 0.1609225 0.1389822 0.1726826 0.1447523 0.1445715 0.0165752 0.1552636 0.1989599 0.1356318 0.0203340 0.0111565 0.1389191 0.1038376 0.1341083 0.1703611 0.1393730 0.1254747 0.1461848 0.1624667 0.1486299 0.1419748 0.1529748 0.1731663 0.1965456 0.1585692 0.1075736 0.1637540 0.1492744 0.1587714 0.1395924 0.1416315 0.1570119 0.1311461 0.1348136 0.1916831 0.1507549 0.1581108 0.1613231 0.1159602 0.1387301 0.1578945 0.1668416 0.1535521 0.1179365 0.1862133 0.1233715 0.1378302 0.1449772 0.1217880 
S0308         0.3011488 0.1681367 0.1072606 0.2012564 0.1543987 0.1574511 0.1067668 0.2029208 0.1537551 0.2049839 0.1627560 0.2217931 0.0983674 0.0000000 0.1763072 0.0899088 0.1536297 0.1737677 0.1459414 0.0984859 0.1524219 0.1459075 0.1431941 0.1960456 0.1445249 0.1667184 0.1157190 0.1461744 0.0895385 0.1966250 0.1472383 0.1225498 0.1884262 0.1506028 0.1425090 0.1866020 0.1499401 0.1663154 0.1340516 0.1520755 0.1137164 0.0833667 0.2375818 0.1439601 0.1048718 0.1845234 0.1369851 0.1861150 0.1162669 0.1432271 0.1155963 0.1139316 0.2466164 0.1144452 0.1457168 0.1148670 0.1484515 0.1481148 0.1122857 0.1009900 0.0815654 0.2030441 0.1833937 0.2042561 0.2479616 0.1497844 0.2298352 0.1498164 0.1179460 0.0997850 0.1781801 0.1744878 0.2342328 0.1138057 0.2195676 0.2110550 0.1517447 0.1209499 0.1723287 0.1651667 0.2394217 0.1387651 0.1565214 0.1261609 0.1663510 0.1446988 0.1399625 0.0852289 0.1604120 0.1854807 0.1307105 0.0912905 0.0834034 0.1380893 0.1078862 0.1376078 0.1752960 0.1427354 0.1249809 0.1472916 0.1855011 0.1579315 0.1360312 0.1474720 0.1636798 0.2013491 0.1485581 0.1142972 0.1502695 0.1446473 0.1548420 0.1327818 0.1330961 0.1587462 0.1375451 0.1402721 0.1930022 0.1591655 0.1720240 0.1540082 0.1178097 0.1415941 0.1692753 0.1589460 0.1507091 0.1196151 0.1937307 0.1223905 0.1409127 0.1489208 0.1211517 
S0320         0.2921075 0.1543310 0.1053613 0.0499280 0.1351402 0.1571236 0.2134244 0.0586487 0.1451012 0.1976660 0.1591338 0.0645492 0.1794368 0.1763072 0.0000000 0.1598109 0.0523219 0.1715539 0.1598466 0.1751789 0.1371155 0.1472699 0.1363725 0.0685881 0.1614016 0.0499938 0.1164578 0.1478918 0.1708676 0.1748823 0.1446307 0.1691666 0.0543504 0.1552792 0.1420056 0.0452933 0.1069141 0.1143797 0.1301145 0.1538034 0.1326296 0.1625062 0.2023499 0.1507935 0.1834134 0.1724629 0.1432222 0.1664539 0.1165747 0.1479576 0.1163369 0.1181644 0.2152462 0.1213424 0.0940164 0.1630822 0.0954832 0.1032105 0.1197184 0.0297379 0.1398945 0.1973798 0.1691223 0.1811558 0.2547729 0.1423085 0.1985984 0.1391446 0.1482833 0.1771748 0.1611906 0.1646154 0.2010390 0.1145824 0.2034493 0.2022413 0.1579208 0.1534259 0.1685745 0.1702264 0.2047886 0.1395253 0.1681609 0.1447496 0.0708176 0.0922370 0.0897022 0.1687082 0.1065085 0.0526169 0.1720266 0.1755044 0.1647534 0.1388518 0.1474351 0.1532943 0.1654659 0.1436587 0.1279136 0.1389583 0.1723596 0.1466855 0.0954651 0.1519195 0.1630156 0.0377209 0.1499293 0.1111804 0.0485685 0.1410891 0.1118172 0.1397682 0.1288715 0.1571971 0.1357059 0.1383492 0.0464294 0.1474111 0.1388936 0.1479534 0.1274083 0.1601793 0.1755154 0.1098991 0.1502477 0.1323846 0.1977674 0.1379557 0.1444375 0.1466679 0.1248137 
S0322         0.2462556 0.1360912 0.0919649 0.1933824 0.1260368 0.1391378 0.0197020 0.1906548 0.1386284 0.1903464 0.1492676 0.1997385 0.0149151 0.0899088 0.1598109 0.0000000 0.1404612 0.1435087 0.1132804 0.0111539 0.1258725 0.1269555 0.1194531 0.1860446 0.1353106 0.1535091 0.0973630 0.1208337 0.0086051 0.1646757 0.1251852 0.1003752 0.1821615 0.1341053 0.1254118 0.1685150 0.1369023 0.1478701 0.1151915 0.1377651 0.1069210 0.0037141 0.2257849 0.1217590 0.0187379 0.1620199 0.1152658 0.1536151 0.1011973 0.1270973 0.0935707 0.0987837 0.2176229 0.1071135 0.1232283 0.0952922 0.1244372 0.1186751 0.0908366 0.0913676 0.0578696 0.1769487 0.1575674 0.1814242 0.2396123 0.1354893 0.2139567 0.1358028 0.0813412 0.0897651 0.1570815 0.1544289 0.2131283 0.0955735 0.2126044 0.2006979 0.1347067 0.0890113 0.1448688 0.1521819 0.2234659 0.1228601 0.1397297 0.1204076 0.1534785 0.1245249 0.1258102 0.0076421 0.1394132 0.1819214 0.1071197 0.0126967 0.0049854 0.1205762 0.0862322 0.1156561 0.1525140 0.1224079 0.1073295 0.1274206 0.1428204 0.1296773 0.1263284 0.1376895 0.1571307 0.1756004 0.1375022 0.0919614 0.1500830 0.1325238 0.1450321 0.1211565 0.1212572 0.1448680 0.1113950 0.1166472 0.1708333 0.1302136 0.1482369 0.1384902 0.1018460 0.1186407 0.1398550 0.1487862 0.1379599 0.1016761 0.1684794 0.1041202 0.1178893 0.1319971 0.1053639 
S0327         0.3071873 0.1591810 0.1141982 0.0650929 0.1345924 0.1611014 0.1908673 0.0528337 0.1450302 0.2158001 0.1565536 0.0723740 0.1591094 0.1536297 0.0523219 0.1404612 0.0000000 0.1678959 0.1508264 0.1590079 0.1432747 0.1518015 0.1448147 0.0686234 0.1585184 0.0299296 0.1123268 0.1569915 0.1512998 0.1560605 0.1411363 0.1661943 0.0618227 0.1582664 0.1495221 0.0442321 0.1147033 0.0989214 0.1245462 0.1621645 0.1219663 0.1406021 0.2103832 0.1425672 0.1590620 0.1948139 0.1411524 0.1572823 0.1146144 0.1520450 0.1143263 0.1189588 0.2328910 0.1136660 0.0996825 0.1593490 0.0934623 0.1048773 0.1270074 0.0196261 0.1310656 0.1872252 0.1635003 0.1841057 0.2977815 0.1401013 0.2045733 0.1426524 0.1419089 0.1483285 0.1619863 0.1583073 0.2104535 0.1121524 0.2020653 0.1944009 0.1496085 0.1458402 0.1564795 0.1681342 0.2169269 0.1486903 0.1601164 0.1508136 0.0352957 0.0935414 0.0873401 0.1520889 0.1090748 0.0728184 0.1845588 0.1553794 0.1459514 0.1409361 0.1403068 0.1472099 0.1531905 0.1488860 0.1354262 0.1390057 0.1684954 0.1364097 0.0923743 0.1486335 0.1655994 0.0633958 0.1529057 0.1077410 0.0415663 0.1382497 0.1035703 0.1447119 0.1259376 0.1565302 0.1355708 0.1381593 0.0606099 0.1447327 0.1366626 0.1567309 0.1229749 0.1469586 0.1824082 0.1058180 0.1436703 0.1324789 0.1793538 0.1408795 0.1440828 0.1513096 0.1332439 
S0335         0.2639326 0.1211730 0.1001202 0.1809413 0.1307389 0.1184272 0.1926700 0.1952071 0.0912430 0.1664368 0.1216445 0.1934277 0.1646876 0.1737677 0.1715539 0.1435087 0.1678959 0.0000000 0.0675465 0.1589090 0.1042884 0.1112248 0.1031936 0.2007115 0.1230145 0.1576776 0.1030814 0.1058854 0.1562677 0.1257284 0.1210055 0.1683760 0.1674882 0.1153006 0.1031066 0.1563924 0.1325388 0.1396087 0.1217752 0.1119474 0.1180419 0.1462968 0.2376374 0.1145173 0.1682039 0.1623704 0.0912744 0.1196679 0.1069019 0.1062159 0.1012168 0.1045389 0.1559072 0.1071273 0.1295859 0.1560476 0.1229513 0.1267059 0.0731474 0.1007182 0.1257860 0.1436779 0.1161188 0.1455332 0.2097781 0.1387992 0.2255604 0.1111537 0.1534357 0.1544716 0.1162153 0.1136811 0.2356208 0.1013021 0.2435883 0.1512242 0.0780347 0.1566182 0.1244088 0.1039605 0.2517625 0.1008781 0.1184340 0.0881039 0.1618700 0.1195262 0.1133137 0.1514236 0.1364311 0.1681610 0.1688244 0.1602518 0.1482680 0.1004182 0.1391700 0.0538913 0.1061194 0.0989934 0.0921073 0.0962247 0.1106898 0.1105372 0.1358516 0.0949698 0.1046305 0.1873999 0.1195444 0.1034725 0.1636407 0.1338746 0.1319771 0.0998444 0.1300255 0.1006459 0.0481531 0.0989041 0.1617133 0.1157159 0.1617323 0.1138047 0.0960963 0.0608603 0.0457446 0.1431721 0.0902204 0.0836090 0.1557227 0.0890277 0.0508421 0.1073883 0.0876665 
S0345         0.2450763 0.1031608 0.0942612 0.1613508 0.1047419 0.1007131 0.1640947 0.1781515 0.0994190 0.1328853 0.1051842 0.1794468 0.1280018 0.1459414 0.1598466 0.1132804 0.1508264 0.0675465 0.0000000 0.1282238 0.0813500 0.0853823 0.0902619 0.1769688 0.1028253 0.1406368 0.0852380 0.0862031 0.1242563 0.1033632 0.0995792 0.1449870 0.1572259 0.1023221 0.0887079 0.1403946 0.1350399 0.1367426 0.1018103 0.0985659 0.1012915 0.1175625 0.2208676 0.0923315 0.1337115 0.1460694 0.0769712 0.1020934 0.0889386 0.0881982 0.0833017 0.0900006 0.1472426 0.0910820 0.1252286 0.1181145 0.1093655 0.1230831 0.0648924 0.0682480 0.1037626 0.1167182 0.1048117 0.1339944 0.2198688 0.1151943 0.2025144 0.1002883 0.1211879 0.1317867 0.1010011 0.1016208 0.2131811 0.0835027 0.2150011 0.1319243 0.0761214 0.1257658 0.0932841 0.1185218 0.2258817 0.0865549 0.1039947 0.0736109 0.1381279 0.1094428 0.1028269 0.1123975 0.1359768 0.1514368 0.1418223 0.1227361 0.1160117 0.0861522 0.1122736 0.0411771 0.1204485 0.0863677 0.0744207 0.0897864 0.1240280 0.0930417 0.1137921 0.1028521 0.1147486 0.1671936 0.1010236 0.0855707 0.1532793 0.1099634 0.1289677 0.0854552 0.1098993 0.1112438 0.0483119 0.0813969 0.1497071 0.0955527 0.1610534 0.0986957 0.0815043 0.0413084 0.0680780 0.1293093 0.0829114 0.0818266 0.1444604 0.0777505 0.0539184 0.0892910 0.0797587 
S0355         0.2579951 0.1528604 0.1089663 0.2103088 0.1469089 0.1538583 0.0303984 0.2051159 0.1577133 0.2107679 0.1582392 0.2166448 0.0185054 0.0984859 0.1751789 0.0111539 0.1590079 0.1589090 0.1282238 0.0000000 0.1412033 0.1458096 0.1381625 0.1971995 0.1446184 0.1668696 0.1149562 0.1357072 0.0147031 0.1824029 0.1379919 0.1158857 0.1943161 0.1511304 0.1442391 0.1843808 0.1566534 0.1649646 0.1301652 0.1578921 0.1213211 0.0111518 0.2499561 0.1408582 0.0210116 0.1730414 0.1335792 0.1709461 0.1189990 0.1459751 0.1109511 0.1183287 0.2266018 0.1213448 0.1438614 0.1087882 0.1407934 0.1373801 0.1070089 0.0937452 0.0703722 0.1916513 0.1721553 0.1990627 0.2603614 0.1521737 0.2407861 0.1551193 0.0951116 0.1055462 0.1736097 0.1707334 0.2380815 0.1130819 0.2217732 0.2159100 0.1514979 0.1028519 0.1624691 0.1692604 0.2413473 0.1415059 0.1610941 0.1391379 0.1748210 0.1408918 0.1406750 0.0152973 0.1591082 0.1986782 0.1354669 0.0163917 0.0086313 0.1390731 0.1023523 0.1305914 0.1723688 0.1395295 0.1256188 0.1463446 0.1659573 0.1485257 0.1395312 0.1548944 0.1770316 0.1967447 0.1587388 0.1092872 0.1609334 0.1492008 0.1604134 0.1397476 0.1375804 0.1644186 0.1276780 0.1349640 0.1891059 0.1509170 0.1654667 0.1614938 0.1160937 0.1351937 0.1574853 0.1663619 0.1537221 0.1178553 0.1932743 0.1235117 0.1343213 0.1388288 0.1219287 
S0376         0.2580020 0.0742441 0.0875075 0.1526564 0.1055081 0.0696795 0.1679542 0.1716783 0.0986126 0.1155170 0.0780065 0.1687625 0.1410457 0.1524219 0.1371155 0.1258725 0.1432747 0.1042884 0.0813500 0.1412033 0.0000000 0.0690420 0.0654383 0.1660031 0.0883878 0.1352780 0.0840087 0.0453459 0.1369698 0.1136558 0.0806794 0.1395474 0.1475758 0.0845499 0.0698510 0.1425965 0.1223939 0.1229067 0.0848975 0.0784505 0.0951761 0.1303925 0.1914356 0.0902667 0.1482657 0.1402474 0.0605651 0.1180233 0.0876450 0.0633922 0.0839255 0.0886970 0.1814386 0.0891482 0.1135620 0.1370302 0.1027909 0.1198362 0.0887461 0.0640349 0.1052983 0.1388670 0.1164134 0.1474212 0.1497843 0.1030788 0.1921252 0.0980641 0.1274156 0.1221587 0.1153303 0.1157127 0.1793739 0.0823023 0.1761352 0.1407994 0.0961896 0.1340779 0.0764264 0.1314105 0.1872972 0.0635545 0.0888969 0.0929033 0.1241013 0.0962758 0.0906385 0.1310975 0.1307821 0.1403580 0.1465640 0.1418365 0.1303357 0.0631576 0.1248525 0.0822415 0.1231987 0.0645286 0.0547741 0.0681417 0.1393239 0.0692931 0.1027526 0.1055747 0.1196080 0.1556113 0.0829855 0.0843323 0.1404813 0.1002141 0.1148476 0.0620946 0.1014305 0.1187937 0.0790043 0.0648138 0.1409052 0.0802460 0.1489334 0.0788585 0.0711894 0.0903368 0.1059624 0.1186488 0.0904224 0.0996890 0.1530534 0.0839334 0.0867175 0.0441593 0.0977412 
S0400         0.2328419 0.0840905 0.0815482 0.1646065 0.1071296 0.0176035 0.1759487 0.1788669 0.1067916 0.0552884 0.0715327 0.1788137 0.1413147 0.1459075 0.1472699 0.1269555 0.1518015 0.1112248 0.0853823 0.1458096 0.0690420 0.0000000 0.0241444 0.1786322 0.0910493 0.1472972 0.0870095 0.0740927 0.1378221 0.1337532 0.0918740 0.1446051 0.1549600 0.0477707 0.0255632 0.1500908 0.1254244 0.1226328 0.0902403 0.0283995 0.0996664 0.1312651 0.2031682 0.0852680 0.1528957 0.1474592 0.0283410 0.1278115 0.0874087 0.0229691 0.0869229 0.0917182 0.1751263 0.0897479 0.1164508 0.1315526 0.1064274 0.1156645 0.0795006 0.0754580 0.1024730 0.1607084 0.1325899 0.1592000 0.1432804 0.1184279 0.2005569 0.0940237 0.1379697 0.1421132 0.1253812 0.1257448 0.1975785 0.0852906 0.2092255 0.1728808 0.1007091 0.1409830 0.0735746 0.1230699 0.2179208 0.0176475 0.0674419 0.0857761 0.1367401 0.0998486 0.0937134 0.1307781 0.1248358 0.1519222 0.1474561 0.1450225 0.1334446 0.0201679 0.1180757 0.0920020 0.1286555 0.0205308 0.0190744 0.0721023 0.1365501 0.0547222 0.1162053 0.1076496 0.1163721 0.1571391 0.0632222 0.0873441 0.1464289 0.1150414 0.1089854 0.0112375 0.1146249 0.1139119 0.0800152 0.0322670 0.1463355 0.0590422 0.1456642 0.0639777 0.0700116 0.0994904 0.1129291 0.1235630 0.0982022 0.0867922 0.1647454 0.0915946 0.0876967 0.0783961 0.0937076 
S0405         0.2425531 0.0832039 0.0842534 0.1580101 0.1127447 0.0333125 0.1687031 0.1712899 0.0954947 0.0687452 0.0584649 0.1717271 0.1380083 0.1431941 0.1363725 0.1194531 0.1448147 0.1031936 0.0902619 0.1381625 0.0654383 0.0241444 0.0000000 0.1820879 0.0807124 0.1453491 0.0907519 0.0720451 0.1303494 0.1306551 0.0779146 0.1340785 0.1493901 0.0458522 0.0213993 0.1499367 0.1225068 0.1203028 0.0768024 0.0308645 0.1035995 0.1237939 0.2083198 0.0762051 0.1451358 0.1486607 0.0253641 0.1250238 0.0911652 0.0240062 0.0906621 0.0954532 0.1746259 0.0935310 0.1116853 0.1248778 0.1053893 0.1123694 0.0788578 0.0804344 0.0988448 0.1588033 0.1293961 0.1544410 0.1398544 0.1186695 0.2016131 0.0947678 0.1262328 0.1379397 0.1246409 0.1299880 0.1942952 0.0890292 0.2102670 0.1708414 0.0891376 0.1310544 0.0743099 0.1192744 0.2144298 0.0187231 0.0668530 0.0755099 0.1346306 0.0988748 0.0911293 0.1265521 0.1249806 0.1432976 0.1436412 0.1371816 0.1259117 0.0186459 0.1098437 0.0858518 0.1195501 0.0215976 0.0099401 0.0697432 0.1311604 0.0527094 0.1130542 0.1026434 0.1113384 0.1510792 0.0597858 0.0910976 0.1445102 0.1138754 0.1147897 0.0188143 0.1149004 0.1071380 0.0744834 0.0292254 0.1419080 0.0543358 0.1444453 0.0633224 0.0633533 0.0950394 0.1078008 0.1153043 0.0956085 0.0860930 0.1556180 0.0889927 0.0835013 0.0732120 0.0910623 
S0407sl       0.3424784 0.1830245 0.1422840 0.0751951 0.1642858 0.1969752 0.2568698 0.0735142 0.1784995 0.2175751 0.1875760 0.0860451 0.2044445 0.1960456 0.0685881 0.1860446 0.0686234 0.2007115 0.1769688 0.1971995 0.1660031 0.1786322 0.1820879 0.0000000 0.1773908 0.0554325 0.1398988 0.1833515 0.2006626 0.1910495 0.1651404 0.1947284 0.0674182 0.1899414 0.1857178 0.0637753 0.1544330 0.1321437 0.1533853 0.1901296 0.1529153 0.1871691 0.2432576 0.1699224 0.2073482 0.1653975 0.1814573 0.1988336 0.1429269 0.1919764 0.1424743 0.1486257 0.2686123 0.1506060 0.1380622 0.2115217 0.1319129 0.1392891 0.1632536 0.0335415 0.1853658 0.2313075 0.2084577 0.2251311 0.3512861 0.1626394 0.2316300 0.1637924 0.1850622 0.1794358 0.2071555 0.2033160 0.2513781 0.1368868 0.2432537 0.2221510 0.1896070 0.1930256 0.1918096 0.2129319 0.2511720 0.1911415 0.2020056 0.1872511 0.0495249 0.1266250 0.1239902 0.1937791 0.1525524 0.0929717 0.2443519 0.2005511 0.1861237 0.1802335 0.2028171 0.1804790 0.1992355 0.1882677 0.1705567 0.1554285 0.2049595 0.1755211 0.1234157 0.1698392 0.2029567 0.0682086 0.1924855 0.1368868 0.0482928 0.1654249 0.1383458 0.1821516 0.1417330 0.1863699 0.1643527 0.1766003 0.0811662 0.1782327 0.1629187 0.1815501 0.1477113 0.1767813 0.2116752 0.1394657 0.1886435 0.1714716 0.2280017 0.1832981 0.1721866 0.1640668 0.1632925 
S0412sl       0.2473569 0.1090939 0.1026498 0.1804016 0.1271836 0.0982243 0.1742033 0.1880288 0.1093022 0.1363909 0.1055448 0.2036014 0.1485145 0.1445249 0.1614016 0.1353106 0.1585184 0.1230145 0.1028253 0.1446184 0.0883878 0.0910493 0.0807124 0.1773908 0.0000000 0.1494580 0.1095705 0.1004827 0.1443865 0.1387470 0.0835399 0.1475230 0.1686357 0.0922754 0.0856415 0.1688545 0.1436386 0.1363783 0.0766243 0.0952471 0.1235313 0.1378624 0.2144569 0.0542238 0.1557734 0.1450983 0.0759584 0.1351892 0.1102788 0.0855969 0.1094580 0.1144942 0.1883546 0.1144460 0.1255037 0.1387473 0.1232013 0.1198878 0.1026477 0.0834489 0.1141986 0.1676084 0.1378446 0.1577223 0.1818236 0.1328238 0.2076705 0.1122304 0.1407415 0.1420302 0.1491565 0.1493948 0.2009643 0.1077336 0.2061647 0.1670887 0.1188870 0.1384646 0.1045368 0.1381950 0.2126417 0.0804474 0.1079895 0.0953421 0.1399876 0.1164083 0.1063420 0.1432637 0.1434982 0.1693742 0.1438771 0.1498984 0.1362927 0.0832086 0.1296089 0.1067335 0.1242504 0.0801428 0.0705326 0.0959833 0.1492018 0.0964708 0.1113750 0.1082063 0.1294888 0.1789860 0.1002804 0.1040171 0.1597232 0.1279103 0.1292875 0.0840239 0.1248773 0.1251616 0.0895784 0.0772691 0.1673853 0.0899679 0.1534412 0.0952232 0.0550665 0.1057894 0.1246829 0.1353036 0.1130224 0.1059366 0.1726215 0.1044903 0.0941545 0.1035765 0.1102254 
S0417         0.2694810 0.1474719 0.1058674 0.0551066 0.1307581 0.1569153 0.1922667 0.0469556 0.1426879 0.1974894 0.1586848 0.0626384 0.1692424 0.1667184 0.0499938 0.1535091 0.0299296 0.1576776 0.1406368 0.1668696 0.1352780 0.1472972 0.1453491 0.0554325 0.1494580 0.0000000 0.1101569 0.1462744 0.1607405 0.1532851 0.1450647 0.1733906 0.0530039 0.1571741 0.1412672 0.0383714 0.0990056 0.1119265 0.1231522 0.1505654 0.1280203 0.1560603 0.2080999 0.1342970 0.1694479 0.1665327 0.1385964 0.1470647 0.1102690 0.1471883 0.1100412 0.1102443 0.2242916 0.1149902 0.0860297 0.1649129 0.0943864 0.0935322 0.1203876 0.0062943 0.1428550 0.1851762 0.1522213 0.1722703 0.2689390 0.1344801 0.2028420 0.1322734 0.1522353 0.1576959 0.1592213 0.1524434 0.2053734 0.1082831 0.2054126 0.1888177 0.1380619 0.1575246 0.1604818 0.1645031 0.2176180 0.1406210 0.1631921 0.1417549 0.0508603 0.0910808 0.0884917 0.1594971 0.0948977 0.0557499 0.1753281 0.1641188 0.1584408 0.1361803 0.1503090 0.1414096 0.1639802 0.1409077 0.1227528 0.1284732 0.1712881 0.1480843 0.0842387 0.1423831 0.1632115 0.0557676 0.1546369 0.1083513 0.0317341 0.1312592 0.1091872 0.1396312 0.1212411 0.1570504 0.1259561 0.1337214 0.0565757 0.1481500 0.1214950 0.1511979 0.1119220 0.1426878 0.1659891 0.1057691 0.1401824 0.1314999 0.1797451 0.1313973 0.1310210 0.1450357 0.1255792 
S0419         0.2095087 0.0995339 0.0059570 0.1309583 0.0502893 0.0973464 0.1362741 0.1472838 0.0908544 0.1341092 0.1069394 0.1393805 0.1132117 0.1157190 0.1164578 0.0973630 0.1123268 0.1030814 0.0852380 0.1149562 0.0840087 0.0870095 0.0907519 0.1398988 0.1095705 0.1101569 0.0000000 0.0849494 0.1077146 0.1167511 0.0979472 0.1177466 0.1259365 0.0975998 0.0873260 0.1184950 0.0979319 0.1050683 0.0826884 0.0917296 0.0271001 0.0996363 0.1866331 0.0931213 0.1196561 0.1212158 0.0822018 0.1179430 0.0073290 0.0874347 0.0073021 0.0110108 0.1645473 0.0213994 0.0831720 0.1103823 0.0830678 0.0840109 0.0571215 0.0642200 0.0759782 0.1484527 0.1165335 0.1403481 0.1751419 0.0531511 0.1795508 0.0677415 0.1101231 0.1097596 0.1117799 0.1102195 0.1799541 0.0060713 0.1800255 0.1508979 0.0938744 0.1130403 0.1105389 0.1171269 0.1850289 0.0807161 0.1091819 0.0779126 0.1164619 0.0799504 0.0742229 0.1039624 0.0921453 0.1259656 0.1013815 0.1098556 0.1034116 0.0849935 0.1005080 0.0797128 0.1113814 0.0835057 0.0782558 0.0935027 0.1295438 0.0930381 0.0800407 0.0998229 0.1132817 0.1279828 0.1011770 0.0073344 0.1119356 0.0532180 0.0954668 0.0811407 0.0502317 0.1056622 0.0790232 0.0787614 0.1115783 0.1046218 0.1218952 0.0966047 0.0677015 0.0856069 0.1058116 0.1020982 0.0826261 0.0659141 0.1329965 0.0557944 0.0849489 0.0905173 0.0668040 
S0427         0.2556683 0.0886523 0.0867099 0.1618125 0.1027619 0.0777127 0.1599586 0.1857812 0.1004817 0.1289871 0.0804668 0.1789122 0.1355556 0.1461744 0.1478918 0.1208337 0.1569915 0.1058854 0.0862031 0.1357072 0.0453459 0.0740927 0.0720451 0.1833515 0.1004827 0.1462744 0.0849494 0.0000000 0.1315899 0.1225948 0.0894051 0.1352499 0.1572242 0.0881767 0.0735475 0.1565915 0.1306704 0.1263618 0.0799487 0.0803764 0.1035821 0.1250784 0.2060466 0.0970607 0.1426176 0.1408621 0.0685357 0.1209644 0.0853368 0.0681440 0.0848654 0.0896156 0.1790100 0.0920378 0.1176534 0.1345806 0.1093140 0.1244720 0.0842497 0.0727825 0.1008158 0.1416929 0.1235440 0.1530734 0.1644879 0.1101055 0.2091059 0.1090378 0.1291588 0.1246001 0.1283899 0.1234965 0.2027118 0.0832493 0.1932434 0.1587154 0.0953108 0.1321407 0.0860895 0.1216172 0.2081506 0.0701331 0.0873524 0.0951788 0.1373376 0.1059530 0.1002965 0.1297233 0.1314250 0.1532048 0.1354647 0.1365404 0.1253414 0.0697676 0.1249230 0.0895522 0.1268495 0.0710849 0.0645012 0.0809221 0.1305869 0.0806846 0.1197268 0.0962841 0.1177936 0.1685625 0.0849077 0.0852744 0.1537648 0.1038487 0.1198887 0.0670940 0.1072221 0.1093484 0.0798042 0.0727803 0.1543158 0.0804029 0.1523842 0.0805275 0.0715010 0.0884537 0.1091290 0.1253021 0.0913706 0.0954715 0.1418219 0.0876200 0.0874618 0.0363787 0.0952508 
S0430         0.2507866 0.1456574 0.1064742 0.2034693 0.1388555 0.1501189 0.0228862 0.1980032 0.1495910 0.2030767 0.1586409 0.2097809 0.0109411 0.0895385 0.1708676 0.0086051 0.1512998 0.1562677 0.1242563 0.0147031 0.1369698 0.1378221 0.1303494 0.2006626 0.1443865 0.1607405 0.1077146 0.1315899 0.0000000 0.1774024 0.1343676 0.1123161 0.1897487 0.1415730 0.1362739 0.1761448 0.1418282 0.1553783 0.1242015 0.1492769 0.1137936 0.0073661 0.2387984 0.1329456 0.0146604 0.1678981 0.1259034 0.1635309 0.1116446 0.1379765 0.1038233 0.1110229 0.2270523 0.1139048 0.1323450 0.1012826 0.1368721 0.1259806 0.0998078 0.0937452 0.0642068 0.1889416 0.1696127 0.1938928 0.2573801 0.1483696 0.2273119 0.1489592 0.0881914 0.0949361 0.1688663 0.1660106 0.2245965 0.1058878 0.2186507 0.2129923 0.1451847 0.0956228 0.1579895 0.1626100 0.2323978 0.1336361 0.1527766 0.1312607 0.1638015 0.1369675 0.1367147 0.0100854 0.1470561 0.1896381 0.1273227 0.0138233 0.0061452 0.1312828 0.0946952 0.1265354 0.1638208 0.1316222 0.1180604 0.1383954 0.1611942 0.1405216 0.1338665 0.1467983 0.1684324 0.1893723 0.1504856 0.1021929 0.1579085 0.1454067 0.1505844 0.1319131 0.1338991 0.1560542 0.1236887 0.1272772 0.1827034 0.1409678 0.1531026 0.1532252 0.1088606 0.1310975 0.1495218 0.1584737 0.1492539 0.1105837 0.1813948 0.1161032 0.1302599 0.1408940 0.1144586 
S0552sl       0.2627264 0.1595976 0.1212157 0.1651063 0.1374731 0.1374091 0.2144057 0.1915062 0.1072198 0.1900860 0.1459385 0.1974922 0.1801878 0.1966250 0.1748823 0.1646757 0.1560605 0.1257284 0.1033632 0.1824029 0.1136558 0.1337532 0.1306551 0.1910495 0.1387470 0.1532851 0.1167511 0.1225948 0.1774024 0.0000000 0.1301324 0.1768747 0.1665380 0.1406390 0.1290588 0.1619970 0.1701579 0.1675685 0.1382259 0.1318067 0.1313273 0.1698680 0.2407807 0.1304443 0.1861914 0.1876251 0.1221827 0.0064331 0.1209719 0.1255696 0.1166251 0.1149123 0.0999622 0.1258036 0.1537322 0.1848947 0.1437047 0.1594575 0.1141570 0.1079798 0.1320275 0.0631322 0.0222272 0.0386873 0.2428219 0.1595377 0.2585726 0.1267458 0.1692223 0.1906983 0.0587898 0.0559492 0.2348262 0.1130147 0.2313403 0.0839332 0.1280656 0.1720552 0.1377359 0.1243682 0.2441998 0.1200620 0.1463305 0.1175389 0.1500545 0.1438100 0.1326898 0.1726613 0.1718400 0.1706035 0.1700557 0.1818643 0.1693729 0.1235458 0.1663089 0.1005871 0.1235145 0.1156699 0.1154420 0.1431909 0.1341454 0.1274643 0.1521710 0.1200810 0.1103030 0.1800603 0.1379183 0.1172191 0.1541831 0.1541225 0.1638464 0.1208625 0.1510880 0.1168493 0.1110484 0.1240660 0.1643637 0.1377069 0.1978605 0.1232054 0.1260477 0.1105308 0.1310000 0.1630770 0.0632587 0.1259017 0.1622812 0.1174055 0.1213186 0.1211450 0.1221659 
