121
PAFTOL_019361 0.0000000 0.2819385 0.2465705 0.2505156 0.2593748 0.3469770 0.3140504 0.2437757 0.2587481 0.2794784 0.3832319 0.2867317 0.3132380 0.3416587 0.3248457 0.2983628 0.2744253 0.2741761 0.2715230 0.2586396 0.2743334 0.2982691 0.2850731 0.3014560 0.2417551 0.2682201 0.2910305 0.2889398 0.2822027 0.3002575 0.2809287 0.3295860 0.2622337 0.2542301 0.3331387 0.2651343 0.2982263 0.2563041 0.2545128 0.2626292 0.3514180 0.2728504 0.2825350 0.2528358 0.2324687 0.2453286 0.2619449 0.2520167 0.2453153 0.2964148 0.2634311 0.2840831 0.2613656 0.2993151 0.2556126 0.2474137 0.2545004 0.2989507 0.3165136 0.3020160 0.3077573 0.2598050 0.3189832 0.2546036 0.2615160 0.2746557 0.3074539 0.2608545 0.2420258 0.2557849 0.2603876 0.3032524 0.2529051 0.2580115 0.2486593 0.3012789 0.2544215 0.2483168 0.2657423 0.3280278 0.2890038 0.2947165 0.3255215 0.2539419 0.3506726 0.2537451 0.2753086 0.2596131 0.2627673 0.2729071 0.2582268 0.2717367 0.2845497 0.2611534 0.2546491 0.2800152 0.2592120 0.3436864 0.2476295 0.2414319 0.3051891 0.2653550 0.3024198 0.2490656 0.2777116 0.3016297 0.2652221 0.2534713 0.3108426 0.2693856 0.2652690 0.2625088 0.2776117 0.2702644 0.2836909 0.2797514 0.2474428 0.2449717 0.2688772 0.2601316 0.2781317 
S0055         0.2819385 0.0000000 0.0924083 0.1026703 0.0617555 0.1990791 0.1331372 0.1006399 0.0668985 0.0944539 0.1781671 0.1581555 0.1506433 0.1569723 0.1768507 0.1219763 0.1125233 0.1405859 0.0927884 0.0615876 0.0726353 0.1233589 0.0951085 0.1371113 0.0863920 0.0951167 0.1505492 0.1198456 0.1658640 0.1231293 0.1311334 0.1330357 0.0724334 0.0688588 0.1559886 0.1079886 0.1360011 0.0784819 0.0607837 0.1020847 0.1985166 0.2136444 0.0951133 0.0596208 0.1437114 0.0891916 0.0683511 0.0971437 0.0885440 0.1413100 0.1115562 0.1227102 0.1352779 0.1333399 0.0854724 0.0866408 0.1186598 0.1632383 0.1553186 0.1644825 0.0953343 0.1050874 0.2506018 0.1298313 0.1292557 0.1247056 0.1450415 0.2133127 0.0835394 0.2077979 0.1214705 0.1504707 0.0952341 0.1293281 0.0757972 0.1497196 0.2049921 0.0615916 0.0974464 0.1547795 0.1375316 0.1361452 0.1472004 0.1158821 0.2141206 0.0607776 0.1339362 0.1045716 0.1108191 0.0731717 0.0626157 0.0417398 0.1361899 0.0746802 0.1081501 0.1334062 0.1227222 0.1619623 0.0648314 0.0822548 0.1413647 0.1146333 0.1422332 0.0673079 0.1220628 0.1458452 0.0949553 0.0674349 0.1361311 0.0721544 0.0653577 0.0707362 0.1055292 0.1039033 0.1327586 0.1226610 0.0813962 0.0838122 0.0929658 0.0891625 0.1067772 
S0196sl       0.2465705 0.0924083 0.0000000 0.0514633 0.0872489 0.1710994 0.1383058 0.0746571 0.0926354 0.1086536 0.1798242 0.1402692 0.1311108 0.1609068 0.1598495 0.1197235 0.0742712 0.1237724 0.0926850 0.0859432 0.0961157 0.1147431 0.0991230 0.1393728 0.0136323 0.0941260 0.1353687 0.1157534 0.1289054 0.1246730 0.1164747 0.1403059 0.0886519 0.0919760 0.1594692 0.1048988 0.1299584 0.0811362 0.0859850 0.0434135 0.1778242 0.2103615 0.0958964 0.0834646 0.1083191 0.0170489 0.0937128 0.0246621 0.0199267 0.1094319 0.0464713 0.1268695 0.1121952 0.1178701 0.0932321 0.0685853 0.0965365 0.1294469 0.1314324 0.1286508 0.0977831 0.0466230 0.2465283 0.1150531 0.1119797 0.1025392 0.1103873 0.2048245 0.0156391 0.1960346 0.1092744 0.1324814 0.0684786 0.1156134 0.0794878 0.1208939 0.1882325 0.0847783 0.0793081 0.1564194 0.1181509 0.1186638 0.1557183 0.1008471 0.1894046 0.0814718 0.1133869 0.0758233 0.0860967 0.0977498 0.0848536 0.0856130 0.1107829 0.0847447 0.1139267 0.1074198 0.0912792 0.1633294 0.0821807 0.0146239 0.1299400 0.0546656 0.1254678 0.0941253 0.0569079 0.1138005 0.0693218 0.0872229 0.1449674 0.0828567 0.0906447 0.0878808 0.0754034 0.0645220 0.1148714 0.0915237 0.0660862 0.0474465 0.0608018 0.0898371 0.0856141 
S0281         0.2505156 0.1026703 0.0514633 0.0000000 0.0937281 0.1856732 0.1651430 0.0956608 0.1089356 0.1253810 0.2004941 0.1456916 0.1391431 0.1935209 0.1697326 0.1344420 0.1005438 0.1282335 0.1069554 0.0926315 0.1032476 0.1538617 0.1174135 0.1539519 0.0436912 0.1126979 0.1450017 0.1364942 0.1474314 0.1410794 0.1190045 0.1692475 0.1012047 0.0972915 0.1781241 0.1224173 0.1387682 0.1003117 0.0936560 0.0613555 0.1905096 0.2026648 0.1265987 0.0921736 0.1045963 0.0482121 0.1065861 0.0540485 0.0493938 0.1308959 0.0661840 0.1387754 0.1258493 0.1339831 0.0955861 0.0880699 0.1059531 0.1571971 0.1543555 0.1432872 0.1166746 0.0579637 0.2351188 0.1238702 0.1236452 0.0974777 0.1382615 0.2050204 0.0438680 0.1933468 0.1343025 0.1481151 0.0924395 0.1270099 0.0979928 0.1403466 0.1890445 0.0934557 0.0983212 0.1699499 0.1315889 0.1310196 0.1773988 0.1073073 0.1972864 0.0905264 0.1253345 0.0892501 0.1062374 0.1081501 0.0956953 0.0981660 0.1316329 0.1037416 0.1196824 0.1232189 0.1128304 0.1837722 0.0906868 0.0427261 0.1525789 0.0673122 0.1403052 0.1048697 0.0726419 0.1299285 0.0947492 0.0980471 0.1614313 0.1023811 0.0996835 0.0953342 0.1006994 0.0946545 0.1326580 0.1059791 0.0776005 0.0616122 0.0851323 0.1034274 0.0970548 
S0282         0.2593748 0.0617555 0.0872489 0.0937281 0.0000000 0.1917964 0.1376093 0.0959655 0.0187925 0.0589844 0.1671915 0.1424029 0.1458073 0.1572369 0.1615406 0.1169656 0.1023521 0.1275538 0.0818310 0.0177136 0.0229226 0.1079011 0.0788614 0.1286448 0.0787058 0.0881105 0.1405532 0.1137333 0.1477047 0.1098365 0.1256871 0.1392249 0.0327759 0.0233289 0.1532322 0.1035385 0.1253021 0.0684791 0.0143121 0.0980001 0.1908022 0.2034411 0.0969428 0.0167053 0.1574070 0.0817000 0.0242583 0.0874009 0.0831406 0.1278745 0.1031826 0.1167099 0.1213479 0.1178924 0.0967060 0.0744451 0.1130633 0.1486242 0.1465083 0.1475014 0.0697184 0.0905951 0.2416449 0.1191484 0.1184323 0.1236572 0.1322557 0.2009822 0.0759398 0.1998779 0.1149537 0.1449265 0.0778689 0.1206516 0.0517152 0.1464228 0.1984391 0.0150929 0.0927916 0.1449705 0.1210081 0.1199654 0.1411153 0.1083633 0.1993784 0.0159508 0.1233025 0.0915414 0.1074676 0.0270511 0.0175864 0.0605666 0.1263604 0.0514736 0.0991889 0.1230043 0.1174054 0.1648348 0.0362998 0.0748014 0.1295550 0.0972149 0.1312541 0.0217126 0.1104480 0.1366719 0.0825640 0.0259895 0.1383120 0.0476541 0.0344832 0.0584547 0.0973052 0.0940693 0.1170789 0.1089159 0.0731156 0.0764658 0.0748012 0.0794191 0.0920747 
S0288         0.3469770 0.1990791 0.1710994 0.1856732 0.1917964 0.0000000 0.2364288 0.1772745 0.2091229 0.2089301 0.2895533 0.0856373 0.1524969 0.2695619 0.0917577 0.2196572 0.1816855 0.0712219 0.1951525 0.1989152 0.2124625 0.2248185 0.2101358 0.2303227 0.1694680 0.1976568 0.0749339 0.2174248 0.2427107 0.2137200 0.1354190 0.2277162 0.2055823 0.2011124 0.2658997 0.2037709 0.2288603 0.1773104 0.1942855 0.1893105 0.1234219 0.2692801 0.2116085 0.1907126 0.2475112 0.1674857 0.2054072 0.1795502 0.1734292 0.2153481 0.1997643 0.2206243 0.1271368 0.2258338 0.2098546 0.1712080 0.0991420 0.2427876 0.2423364 0.2436365 0.1946044 0.1866380 0.3072461 0.1364827 0.1342937 0.2223310 0.2289125 0.2742685 0.1691333 0.2531669 0.2093340 0.2413794 0.1710743 0.1302665 0.1778918 0.2326753 0.2479058 0.1904719 0.1656897 0.2561942 0.2292460 0.2236222 0.2592780 0.1180054 0.1170013 0.1958751 0.1315133 0.1761058 0.1909545 0.2075890 0.1927470 0.1805438 0.2212466 0.1838597 0.1952654 0.2125257 0.1919654 0.2751999 0.1950042 0.1630025 0.2356867 0.1942754 0.2464442 0.1985548 0.2108400 0.2229703 0.1678474 0.2052444 0.2572867 0.1941334 0.2005699 0.1843794 0.1792149 0.1728419 0.2172869 0.2051246 0.1585721 0.1677779 0.1675384 0.1994210 0.1861643 
S0289         0.3140504 0.1331372 0.1383058 0.1651430 0.1376093 0.2364288 0.0000000 0.1205622 0.1433764 0.1498063 0.0761886 0.1944956 0.1994606 0.0758636 0.2087385 0.0929316 0.1470683 0.1798262 0.1514429 0.1444505 0.1506855 0.0622266 0.1652242 0.0712950 0.1299029 0.1489808 0.1869136 0.0868543 0.1448172 0.1859942 0.1698741 0.0569321 0.1456220 0.1423093 0.0606049 0.0995216 0.1026005 0.1447689 0.1343370 0.1517049 0.2441448 0.2069965 0.1619671 0.1348065 0.1399598 0.1306869 0.1438811 0.1438751 0.1363468 0.1468267 0.1558164 0.1010522 0.1800091 0.1016284 0.1454883 0.1228231 0.1511921 0.1517702 0.1417187 0.1427027 0.1432418 0.1415516 0.2612629 0.1825717 0.1655457 0.1173134 0.1290725 0.2170879 0.1340705 0.2055083 0.0877155 0.1439559 0.1358145 0.1766313 0.1308903 0.1534232 0.1969296 0.1311021 0.1268222 0.0822599 0.1007852 0.1033362 0.0576721 0.1498606 0.2602424 0.1363165 0.1754007 0.1451905 0.1416727 0.1470188 0.1362997 0.1224679 0.1558363 0.1369304 0.0865201 0.1617389 0.1371910 0.0634827 0.1423117 0.1287110 0.0667756 0.1467175 0.1038081 0.1483526 0.1655240 0.1504621 0.1218222 0.1353676 0.0548878 0.1417539 0.1363583 0.1361026 0.1511056 0.1421847 0.1015581 0.1382684 0.1108019 0.1145310 0.1234113 0.1420736 0.1506305 
S0292         0.2437757 0.1006399 0.0746571 0.0956608 0.0959655 0.1772745 0.1205622 0.0000000 0.1007563 0.1176646 0.1707866 0.1344167 0.1434703 0.1499500 0.1515155 0.0993100 0.0839483 0.1180803 0.1043910 0.0918626 0.1077380 0.1038769 0.1010415 0.1153341 0.0713414 0.1126898 0.1293622 0.1063036 0.1104613 0.1219363 0.1151930 0.1313346 0.0983358 0.1003643 0.1387854 0.1002833 0.1069366 0.0977971 0.0948806 0.0891976 0.1720358 0.1993466 0.1007781 0.0923837 0.0965228 0.0714127 0.1035464 0.0821132 0.0767645 0.0889143 0.0923996 0.1106305 0.1202338 0.1047833 0.1076839 0.0705332 0.0988439 0.1038869 0.1049558 0.0986387 0.1232664 0.1009825 0.2387339 0.1232033 0.1233333 0.1020770 0.0963384 0.1987387 0.0735297 0.1954715 0.1101434 0.0981948 0.0755592 0.1215638 0.0948334 0.0558116 0.1870922 0.0903095 0.0757677 0.1370682 0.1058298 0.1071671 0.1346806 0.1019826 0.1941663 0.0936702 0.1197305 0.0824416 0.0123234 0.1072085 0.0937963 0.0906876 0.0469538 0.0958486 0.1077330 0.0205411 0.0216040 0.1467826 0.1006136 0.0693104 0.1192809 0.1099365 0.1182297 0.1010749 0.1127160 0.0459323 0.0747466 0.1035156 0.1195338 0.0995189 0.0984740 0.0923652 0.0873135 0.0760725 0.1014948 0.0773483 0.0615637 0.0642012 0.0648924 0.1052848 0.0857055 
S0293         0.2587481 0.0668985 0.0926354 0.1089356 0.0187925 0.2091229 0.1433764 0.1007563 0.0000000 0.0605828 0.1779360 0.1515796 0.1504168 0.1617672 0.1705554 0.1201354 0.1046609 0.1371877 0.0865800 0.0199568 0.0312415 0.1127904 0.0823815 0.1352129 0.0801909 0.0940104 0.1440751 0.1205708 0.1606927 0.1229150 0.1334963 0.1444233 0.0326867 0.0298316 0.1542011 0.1093986 0.1337895 0.0727634 0.0197773 0.1091510 0.1971089 0.2269530 0.1009536 0.0216593 0.1462539 0.0851461 0.0256946 0.0892518 0.0905321 0.1315183 0.1149728 0.1290128 0.1223976 0.1255105 0.0860329 0.0738929 0.1186714 0.1580625 0.1490651 0.1594801 0.0873928 0.0989880 0.2595536 0.1257330 0.1233891 0.1264746 0.1445567 0.2136795 0.0791986 0.2184513 0.1119865 0.1513760 0.0890487 0.1274122 0.0561128 0.1582889 0.2182233 0.0197282 0.1019619 0.1527715 0.1323411 0.1303004 0.1487410 0.1094165 0.2099919 0.0207693 0.1293493 0.1032144 0.1131362 0.0279663 0.0217435 0.0675703 0.1427396 0.0525847 0.1067908 0.1317868 0.1231903 0.1762798 0.0399216 0.0768372 0.1358211 0.1034045 0.1414807 0.0159858 0.1151848 0.1474928 0.0873823 0.0348331 0.1422805 0.0480525 0.0398981 0.0632552 0.1064712 0.1061972 0.1254791 0.1069677 0.0747841 0.0826134 0.0789791 0.0884810 0.0962957 
S0294         0.2794784 0.0944539 0.1086536 0.1253810 0.0589844 0.2089301 0.1498063 0.1176646 0.0605828 0.0000000 0.1748594 0.1573406 0.1701634 0.1831108 0.1803048 0.1345332 0.1200653 0.1453460 0.1138833 0.0571887 0.0688069 0.1311222 0.1173590 0.1565182 0.1057469 0.1118171 0.1546917 0.1335217 0.1694160 0.1486649 0.1405961 0.1545193 0.0715994 0.0608698 0.1769054 0.1235232 0.1509272 0.0929358 0.0571726 0.1236202 0.2120612 0.2132223 0.1254776 0.0597749 0.1550977 0.1060087 0.0658776 0.1148440 0.1087489 0.1450284 0.1295049 0.1354947 0.1460387 0.1443690 0.1104321 0.1025737 0.1304479 0.1692747 0.1554601 0.1705769 0.0661014 0.1149146 0.2531733 0.1435217 0.1350468 0.1426116 0.1448952 0.2126230 0.1049594 0.2177072 0.1283323 0.1634932 0.1009356 0.1430186 0.0750885 0.1726519 0.2130176 0.0570402 0.1175950 0.1645526 0.1464022 0.1507641 0.1621949 0.1259096 0.2176388 0.0580088 0.1427189 0.1237106 0.1286662 0.0714262 0.0608673 0.0817938 0.1577217 0.0770173 0.1142114 0.1460504 0.1334649 0.1785647 0.0691530 0.1001618 0.1571463 0.1230009 0.1601850 0.0654687 0.1439110 0.1630255 0.1074041 0.0638344 0.1545155 0.0745051 0.0665849 0.0890574 0.1218242 0.1123187 0.1496501 0.1269149 0.1009840 0.1071694 0.1042426 0.1080894 0.1138725 
S0299         0.3832319 0.1781671 0.1798242 0.2004941 0.1671915 0.2895533 0.0761886 0.1707866 0.1779360 0.1748594 0.0000000 0.2480709 0.2408513 0.0855268 0.2674387 0.1223978 0.1901540 0.2311573 0.1857589 0.1703709 0.1818051 0.0871445 0.2059248 0.1031901 0.1783150 0.1819967 0.2459683 0.1256525 0.1916869 0.2190909 0.2155843 0.0851967 0.1722849 0.1767798 0.0875942 0.1346035 0.1289928 0.1910787 0.1640804 0.1934124 0.3007585 0.2530797 0.1982169 0.1637085 0.1577880 0.1842209 0.1722535 0.1928256 0.1812600 0.1777321 0.2094531 0.1399402 0.2354121 0.1398377 0.1886690 0.1588673 0.1987228 0.1921675 0.1695192 0.1835743 0.1823812 0.1945255 0.3176491 0.2415588 0.2236226 0.1656940 0.1653977 0.2594530 0.1822034 0.2489497 0.1355423 0.1722493 0.1710784 0.2346470 0.1648226 0.1948590 0.2417522 0.1630838 0.1687768 0.1044188 0.1368046 0.1330162 0.0757853 0.1939315 0.3317673 0.1683602 0.2191750 0.1835578 0.1899432 0.1833044 0.1665233 0.1562747 0.1914082 0.1660780 0.1335077 0.2068342 0.1832652 0.0774746 0.1757520 0.1745893 0.0932709 0.1933082 0.1319003 0.1792300 0.2139488 0.1902945 0.1611026 0.1639791 0.0870401 0.1734975 0.1744477 0.1740035 0.1871994 0.1709332 0.1371727 0.1678268 0.1533850 0.1563788 0.1638889 0.1819863 0.1845816 
S0303         0.2867317 0.1581555 0.1402692 0.1456916 0.1424029 0.0856373 0.1944956 0.1344167 0.1515796 0.1573406 0.2480709 0.0000000 0.1092107 0.2308432 0.0697059 0.1574297 0.1461180 0.0464508 0.1544199 0.1550927 0.1588757 0.1714944 0.1680469 0.1769911 0.1325633 0.1675653 0.0496255 0.1649689 0.1939000 0.1748319 0.0930913 0.1811961 0.1587261 0.1504177 0.2132038 0.1496722 0.1757045 0.1463025 0.1434448 0.1593321 0.0776829 0.2288618 0.1730660 0.1458191 0.1992297 0.1346235 0.1579551 0.1469813 0.1394059 0.1670548 0.1597074 0.1668372 0.0918051 0.1753311 0.1670741 0.1342254 0.0668743 0.1974308 0.1938447 0.1983216 0.1514312 0.1512890 0.2618340 0.1072180 0.0963382 0.1738018 0.1758197 0.2312905 0.1360565 0.2297957 0.1578047 0.1953727 0.1312852 0.1041832 0.1348303 0.1796155 0.2194234 0.1429090 0.1315866 0.2050207 0.1783715 0.1734091 0.2106051 0.0804511 0.0940705 0.1447992 0.0976932 0.1365652 0.1451516 0.1625980 0.1463255 0.1402513 0.1664572 0.1444173 0.1445532 0.1721789 0.1443760 0.2245618 0.1534307 0.1312766 0.1770074 0.1590658 0.1929906 0.1327585 0.1702117 0.1799735 0.1273855 0.1519119 0.1985723 0.1534192 0.1455795 0.1386346 0.1378443 0.1358244 0.1751283 0.1625131 0.1202683 0.1381182 0.1151964 0.1546617 0.1475869 
S0308         0.3132380 0.1506433 0.1311108 0.1391431 0.1458073 0.1524969 0.1994606 0.1434703 0.1504168 0.1701634 0.2408513 0.1092107 0.0000000 0.2443219 0.1236029 0.1754765 0.1469152 0.0892340 0.1497556 0.1459745 0.1616209 0.1869732 0.1670275 0.1887722 0.1266534 0.1576369 0.1004631 0.1760770 0.2027223 0.1888021 0.0987612 0.2138571 0.1586960 0.1518079 0.2296643 0.1565520 0.1793033 0.1444939 0.1433326 0.1509703 0.1296022 0.2497645 0.1739153 0.1438266 0.2048591 0.1286734 0.1531691 0.1351125 0.1309121 0.1760441 0.1526106 0.1725014 0.0971450 0.1807415 0.1876315 0.1318998 0.0705106 0.1997228 0.2027372 0.2062109 0.1597262 0.1510634 0.2674091 0.1009163 0.0916366 0.1753017 0.1907832 0.2450433 0.1293671 0.2361354 0.1873273 0.1972412 0.1371973 0.1011077 0.1498261 0.1995042 0.2345742 0.1413295 0.1457988 0.2208455 0.1826522 0.1762127 0.2203667 0.0725883 0.1535193 0.1480703 0.1049546 0.1502119 0.1602900 0.1632866 0.1468869 0.1426625 0.1878577 0.1437109 0.1485130 0.1768145 0.1590458 0.2244355 0.1533812 0.1246844 0.1937088 0.1640903 0.1942841 0.1445665 0.1733997 0.1942588 0.1423467 0.1532418 0.2036327 0.1562763 0.1492741 0.1447868 0.1459165 0.1407224 0.1775899 0.1595799 0.1268339 0.1228438 0.1332144 0.1500278 0.1522620 
S0320         0.3416587 0.1569723 0.1609068 0.1935209 0.1572369 0.2695619 0.0758636 0.1499500 0.1617672 0.1831108 0.0855268 0.2308432 0.2443219 0.0000000 0.2533438 0.1212692 0.1725920 0.2154566 0.1800805 0.1638610 0.1696407 0.0824238 0.1859245 0.0874570 0.1561572 0.1775496 0.2307079 0.1063993 0.1702314 0.2021422 0.2024174 0.0913370 0.1528163 0.1545943 0.0876867 0.1318168 0.1265459 0.1696202 0.1563948 0.1704859 0.2838412 0.2380106 0.1791229 0.1555753 0.1791721 0.1617058 0.1609774 0.1686707 0.1620361 0.1650093 0.1837903 0.1395025 0.2156916 0.1289471 0.1947523 0.1435944 0.1820946 0.1719104 0.1522693 0.1643474 0.1768604 0.1821602 0.2983889 0.2160278 0.2081571 0.1499122 0.1492161 0.2456065 0.1615721 0.2302160 0.1280097 0.1555527 0.1657632 0.2091936 0.1559607 0.1780565 0.2228003 0.1522818 0.1536308 0.1107478 0.1291100 0.1234665 0.0910789 0.1783771 0.3113344 0.1573781 0.2073857 0.1708213 0.1567326 0.1703056 0.1583394 0.1514660 0.1684459 0.1545313 0.1230240 0.1941396 0.1620691 0.0687154 0.1620906 0.1547862 0.0881989 0.1826688 0.1294138 0.1696698 0.2050740 0.1660058 0.1503510 0.1545680 0.0873783 0.1601235 0.1574067 0.1685989 0.1698574 0.1616579 0.1355740 0.1487262 0.1355892 0.1408241 0.1572345 0.1646930 0.1785605 
S0322         0.3248457 0.1768507 0.1598495 0.1697326 0.1615406 0.0917577 0.2087385 0.1515155 0.1705554 0.1803048 0.2674387 0.0697059 0.1236029 0.2533438 0.0000000 0.1871039 0.1677013 0.0519680 0.1722460 0.1645864 0.1775681 0.1933204 0.1857005 0.2035986 0.1509784 0.1796253 0.0556052 0.1860645 0.2210115 0.2018994 0.1159275 0.2118125 0.1744248 0.1664744 0.2299130 0.1811221 0.2016110 0.1623070 0.1624009 0.1729612 0.0893878 0.2633601 0.1926552 0.1641109 0.1913990 0.1488012 0.1727428 0.1568014 0.1543894 0.1908342 0.1802355 0.1880420 0.1110699 0.2003620 0.1684675 0.1476114 0.0810145 0.2199883 0.2253142 0.2247996 0.1779346 0.1708723 0.2981786 0.1162649 0.1133881 0.1882624 0.2041163 0.2646630 0.1479815 0.2529429 0.1799457 0.2224175 0.1542865 0.1142254 0.1591982 0.2082456 0.2466543 0.1615570 0.1434412 0.2326990 0.1958571 0.1968819 0.2327660 0.0976321 0.0965557 0.1661309 0.1171123 0.1600791 0.1671715 0.1793889 0.1647875 0.1625540 0.1957901 0.1616682 0.1678657 0.1815925 0.1646696 0.2487874 0.1685186 0.1460969 0.2099138 0.1792502 0.2157949 0.1633039 0.1912761 0.2033510 0.1562227 0.1747290 0.2236785 0.1752588 0.1711955 0.1576593 0.1629646 0.1529786 0.1922754 0.1890386 0.1387499 0.1458834 0.1469506 0.1715928 0.1644652 
S0327         0.2983628 0.1219763 0.1197235 0.1344420 0.1169656 0.2196572 0.0929316 0.0993100 0.1201354 0.1345332 0.1223978 0.1574297 0.1754765 0.1212692 0.1871039 0.0000000 0.1272886 0.1526965 0.1318967 0.1179654 0.1332021 0.0688794 0.1389819 0.0647093 0.1113322 0.1371329 0.1665255 0.0587061 0.1505139 0.1614566 0.1528829 0.0949007 0.1249394 0.1220151 0.1105953 0.0643154 0.0877470 0.1269323 0.1180484 0.1302552 0.2081667 0.2267152 0.1461253 0.1154910 0.1332033 0.1136982 0.1304685 0.1274021 0.1152772 0.1357395 0.1383199 0.0745358 0.1532212 0.0975597 0.1495284 0.0980167 0.1303283 0.1524230 0.1468963 0.1528936 0.1322404 0.1291590 0.2695372 0.1521832 0.1436960 0.1150660 0.1368497 0.2267316 0.1164124 0.2314203 0.0649268 0.1446734 0.1128903 0.1489966 0.1219417 0.1446236 0.2224641 0.1140360 0.1073499 0.0878898 0.0950878 0.0945082 0.1055362 0.1251814 0.2299928 0.1150946 0.1492619 0.1193774 0.1149816 0.1276788 0.1176353 0.1154331 0.1357228 0.1228935 0.0664446 0.1435109 0.1213563 0.1081995 0.1279678 0.1103375 0.0749166 0.1392068 0.0887767 0.1219919 0.1380284 0.1399602 0.1117980 0.1262193 0.0929977 0.1295472 0.1239515 0.1226352 0.1264592 0.1220106 0.0963165 0.1164276 0.0925377 0.0977991 0.1031135 0.1304995 0.1229731 
S0335         0.2744253 0.1125233 0.0742712 0.1005438 0.1023521 0.1816855 0.1470683 0.0839483 0.1046609 0.1200653 0.1901540 0.1461180 0.1469152 0.1725920 0.1677013 0.1272886 0.0000000 0.1286221 0.1071944 0.1027784 0.1174530 0.1213067 0.1139986 0.1383741 0.0774680 0.1119422 0.1371563 0.1273919 0.1251428 0.1226148 0.1240444 0.1504637 0.1081375 0.1127731 0.1624612 0.1238125 0.1179509 0.1018626 0.1022748 0.0950067 0.1903092 0.2114401 0.1065481 0.1008035 0.1248543 0.0815610 0.1141055 0.0860714 0.0839911 0.1115495 0.0977763 0.1373534 0.1283007 0.1115719 0.1024380 0.0829778 0.1063475 0.1233090 0.1233032 0.1236762 0.1240443 0.0946251 0.2474364 0.1323722 0.1245118 0.1069269 0.1028137 0.2051548 0.0787381 0.1990155 0.1196289 0.1128357 0.0696538 0.1318519 0.1024736 0.1188789 0.1975254 0.1030987 0.0805916 0.1623922 0.1142161 0.1171313 0.1558189 0.1063617 0.1976046 0.1020821 0.1248988 0.0621422 0.0942999 0.1157777 0.1053413 0.0941424 0.1138821 0.1022595 0.1140362 0.1137284 0.0984864 0.1721262 0.1040883 0.0746120 0.1407251 0.1006348 0.1255413 0.1119921 0.1144106 0.1173534 0.0754858 0.1142630 0.1521853 0.1067194 0.1118684 0.0980552 0.0685100 0.0442246 0.1160291 0.0896144 0.0769991 0.0695771 0.0678108 0.1006389 0.0936488 
S0355         0.2741761 0.1405859 0.1237724 0.1282335 0.1275538 0.0712219 0.1798262 0.1180803 0.1371877 0.1453460 0.2311573 0.0464508 0.0892340 0.2154566 0.0519680 0.1526965 0.1286221 0.0000000 0.1366550 0.1301296 0.1414235 0.1627794 0.1463548 0.1623934 0.1138222 0.1400551 0.0303095 0.1530586 0.1748266 0.1579233 0.0822458 0.1814269 0.1416705 0.1347375 0.1945106 0.1413743 0.1561494 0.1256670 0.1295866 0.1319786 0.0675553 0.2228431 0.1543018 0.1291024 0.1761006 0.1147661 0.1401903 0.1245349 0.1175576 0.1542504 0.1396357 0.1531937 0.0772627 0.1569207 0.1460534 0.1114531 0.0506882 0.1752927 0.1736550 0.1795364 0.1568487 0.1302705 0.2486399 0.0872840 0.0845055 0.1530282 0.1638114 0.2242113 0.1174598 0.2093145 0.1634023 0.1810898 0.1187035 0.0862138 0.1238433 0.1641786 0.2049218 0.1267702 0.1129359 0.1973656 0.1615144 0.1546200 0.1922609 0.0672383 0.0769772 0.1320172 0.0837829 0.1173044 0.1289593 0.1444489 0.1319134 0.1254451 0.1583002 0.1253065 0.1332779 0.1470973 0.1268083 0.2093579 0.1328266 0.1093949 0.1693823 0.1363491 0.1725954 0.1352041 0.1474212 0.1619667 0.1208306 0.1418559 0.1828080 0.1383437 0.1356320 0.1171457 0.1200556 0.1171891 0.1505297 0.1463487 0.1016358 0.1107916 0.1122982 0.1388811 0.1286687 
S0376         0.2715230 0.0927884 0.0926850 0.1069554 0.0818310 0.1951525 0.1514429 0.1043910 0.0865800 0.1138833 0.1857589 0.1544199 0.1497556 0.1800805 0.1722460 0.1318967 0.1071944 0.1366550 0.0000000 0.0761323 0.0948873 0.1230374 0.1104389 0.1452171 0.0909599 0.0455826 0.1467354 0.1293952 0.1589191 0.1295911 0.1275336 0.1581910 0.0892024 0.0900506 0.1625975 0.1149515 0.1389994 0.0935047 0.0796838 0.1059276 0.2015946 0.2206175 0.1070727 0.0736424 0.1390319 0.0937195 0.0868864 0.0994167 0.0942436 0.1359407 0.1113700 0.1342675 0.1277640 0.1331186 0.0973877 0.0893799 0.1148446 0.1565120 0.1574845 0.1582155 0.1182966 0.1067225 0.2509510 0.1257418 0.1336601 0.1223973 0.1390343 0.2193344 0.0922563 0.1999893 0.1149659 0.1496593 0.0988002 0.1322350 0.0895178 0.1518348 0.1959083 0.0776592 0.0990280 0.1550822 0.1389491 0.1323125 0.1590774 0.1134195 0.2049044 0.0787397 0.1334832 0.0952024 0.1158122 0.0899213 0.0826697 0.0833412 0.1383123 0.0820689 0.1085404 0.1330291 0.1240469 0.1768660 0.0849228 0.0889745 0.1395053 0.1130252 0.1497016 0.0860425 0.1213481 0.1458223 0.1031974 0.0848874 0.1485991 0.0911188 0.0875166 0.0806543 0.1043594 0.1066766 0.1248405 0.1110736 0.0838970 0.0870801 0.0938612 0.0397694 0.1087094 
S0400         0.2586396 0.0615876 0.0859432 0.0926315 0.0177136 0.1989152 0.1444505 0.0918626 0.0199568 0.0571887 0.1703709 0.1550927 0.1459745 0.1638610 0.1645864 0.1179654 0.1027784 0.1301296 0.0761323 0.0000000 0.0297360 0.1083069 0.0813481 0.1371306 0.0747772 0.0847708 0.1353962 0.1197558 0.1536234 0.1145749 0.1239315 0.1396519 0.0346578 0.0209991 0.1588614 0.1068459 0.1336854 0.0704982 0.0142401 0.0925084 0.1943287 0.2091844 0.0914987 0.0176252 0.1693881 0.0802025 0.0256564 0.0849856 0.0803907 0.1244579 0.0971530 0.1241009 0.1196679 0.1286722 0.0968684 0.0735453 0.1120170 0.1532298 0.1470595 0.1495294 0.0751392 0.0940604 0.2446611 0.1150939 0.1183611 0.1352222 0.1339835 0.2081485 0.0730080 0.2067308 0.1132212 0.1477208 0.0780308 0.1166521 0.0527838 0.1458028 0.2038459 0.0159470 0.0906683 0.1485213 0.1301608 0.1291823 0.1481095 0.1089066 0.1955626 0.0151138 0.1240178 0.0925487 0.1013660 0.0294810 0.0185746 0.0600846 0.1234546 0.0536604 0.1040251 0.1223898 0.1136270 0.1726643 0.0365973 0.0725195 0.1352840 0.1010418 0.1388574 0.0230701 0.1092686 0.1393830 0.0866006 0.0274867 0.1437448 0.0466660 0.0374137 0.0549806 0.0918825 0.0953096 0.1249648 0.1113895 0.0732179 0.0778756 0.0761906 0.0787714 0.0911013 
S0405         0.2743334 0.0726353 0.0961157 0.1032476 0.0229226 0.2124625 0.1506855 0.1077380 0.0312415 0.0688069 0.1818051 0.1588757 0.1616209 0.1696407 0.1775681 0.1332021 0.1174530 0.1414235 0.0948873 0.0297360 0.0000000 0.1191393 0.0928526 0.1392501 0.0884332 0.0994534 0.1545812 0.1322982 0.1632690 0.1285124 0.1365040 0.1494351 0.0430792 0.0281102 0.1697841 0.1236705 0.1421028 0.0798130 0.0263765 0.1053094 0.2032658 0.2166084 0.1074877 0.0271161 0.1761853 0.0925069 0.0359741 0.0973505 0.0940672 0.1417307 0.1117537 0.1341929 0.1376679 0.1319022 0.1147492 0.0891166 0.1243569 0.1657302 0.1583028 0.1631966 0.0826072 0.1030342 0.2545528 0.1317372 0.1311634 0.1411026 0.1470340 0.2153344 0.0866937 0.2128410 0.1269691 0.1631202 0.0928352 0.1322049 0.0573935 0.1592948 0.2097140 0.0271737 0.1018385 0.1545505 0.1387313 0.1350872 0.1541526 0.1207222 0.2134471 0.0220328 0.1338205 0.1051703 0.1197897 0.0390526 0.0245990 0.0734790 0.1396783 0.0608910 0.1154373 0.1348676 0.1299965 0.1805816 0.0477663 0.0843247 0.1443325 0.1083974 0.1488149 0.0322802 0.1228760 0.1519141 0.0913566 0.0369343 0.1521815 0.0567015 0.0458338 0.0692382 0.1090605 0.1056617 0.1286829 0.1237573 0.0876470 0.0870051 0.0832984 0.0911871 0.1029532 
S0407sl       0.2982691 0.1233589 0.1147431 0.1538617 0.1079011 0.2248185 0.0622266 0.1038769 0.1127904 0.1311222 0.0871445 0.1714944 0.1869732 0.0824238 0.1933204 0.0688794 0.1213067 0.1627794 0.1230374 0.1083069 0.1191393 0.0000000 0.1299842 0.0489537 0.1163079 0.1214650 0.1791841 0.0641505 0.1282752 0.1577481 0.1570923 0.0733049 0.1155173 0.1074972 0.0659931 0.0769257 0.0829142 0.1218501 0.1095605 0.1271985 0.2180754 0.2278921 0.1317427 0.1049178 0.1372766 0.1145948 0.1205772 0.1237630 0.1181471 0.1311524 0.1414241 0.0825868 0.1676754 0.0810549 0.1472146 0.0899389 0.1335013 0.1304148 0.1270534 0.1283882 0.1393067 0.1295724 0.2808615 0.1673145 0.1587670 0.0897731 0.1193857 0.2364804 0.1192815 0.2147875 0.0642128 0.1274178 0.1149053 0.1633174 0.1180826 0.1478777 0.2104524 0.1030987 0.1027410 0.0783572 0.0851523 0.0810634 0.0737227 0.1305917 0.2580110 0.1076962 0.1682090 0.1233295 0.1143215 0.1195164 0.1090045 0.1132573 0.1301361 0.1149483 0.0722809 0.1485513 0.1211958 0.0800625 0.1087069 0.1137107 0.0220662 0.1393348 0.0913231 0.1225738 0.1547056 0.1381922 0.1034149 0.1104907 0.0597472 0.1183116 0.1120579 0.1153808 0.1232393 0.1182339 0.0769981 0.1066372 0.0858210 0.0985922 0.1039169 0.1144868 0.1200367 
S0412sl       0.2850731 0.0951085 0.0991230 0.1174135 0.0788614 0.2101358 0.1652242 0.1010415 0.0823815 0.1173590 0.2059248 0.1680469 0.1670275 0.1859245 0.1857005 0.1389819 0.1139986 0.1463548 0.1104389 0.0813481 0.0928526 0.1299842 0.0000000 0.1584196 0.0932042 0.1129672 0.1607857 0.1352745 0.1655983 0.1056825 0.1409426 0.1701836 0.0863724 0.0890983 0.1760306 0.1165030 0.1386011 0.0782568 0.0808824 0.1139945 0.2137083 0.2215949 0.0644406 0.0815034 0.1754996 0.0971093 0.0920553 0.1025682 0.0975109 0.1486133 0.1196180 0.1353592 0.1396125 0.1265882 0.0456532 0.0860659 0.1201446 0.1653783 0.1616965 0.1664696 0.1285193 0.1102201 0.2561899 0.1293957 0.1313380 0.1615126 0.1518642 0.2226242 0.0978309 0.2163383 0.1520312 0.1533641 0.0925304 0.1298835 0.0868642 0.1470655 0.2134715 0.0817035 0.1084005 0.1711656 0.1385027 0.1397977 0.1756180 0.1222038 0.2205471 0.0828257 0.1395777 0.1128028 0.1093105 0.0954338 0.0817065 0.0798696 0.1311738 0.0907223 0.1142961 0.1275219 0.1205886 0.1924631 0.0886359 0.0913563 0.1518244 0.1213400 0.1460560 0.0892030 0.1283144 0.1346866 0.1020670 0.0863484 0.1694211 0.0894028 0.0883542 0.0790053 0.1070946 0.1046724 0.1328278 0.1247688 0.0858837 0.0873937 0.0982807 0.1077375 0.1054905 
S0417         0.3014560 0.1371113 0.1393728 0.1539519 0.1286448 0.2303227 0.0712950 0.1153341 0.1352129 0.1565182 0.1031901 0.1769911 0.1887722 0.0874570 0.2035986 0.0647093 0.1383741 0.1623934 0.1452171 0.1371306 0.1392501 0.0489537 0.1584196 0.0000000 0.1262872 0.1415814 0.1741105 0.0571129 0.1428753 0.1689968 0.1670862 0.0714025 0.1382265 0.1394374 0.0829687 0.0753341 0.0900883 0.1391820 0.1300084 0.1398896 0.2236106 0.2159681 0.1605148 0.1270775 0.1455200 0.1261724 0.1391362 0.1428456 0.1317114 0.1444948 0.1464725 0.0839058 0.1627546 0.0923759 0.1724627 0.1102453 0.1354646 0.1467774 0.1346433 0.1440470 0.1555449 0.1400911 0.2745433 0.1671529 0.1592901 0.1113475 0.1266661 0.2244251 0.1303743 0.2101512 0.0787315 0.1321239 0.1320735 0.1638747 0.1333274 0.1451730 0.2014703 0.1233118 0.1134193 0.0699262 0.0905265 0.0914915 0.0772519 0.1357501 0.2378192 0.1307534 0.1575161 0.1317843 0.1267184 0.1410605 0.1274877 0.1216497 0.1397704 0.1357048 0.0785389 0.1529349 0.1243231 0.0815374 0.1392720 0.1254680 0.0589713 0.1455525 0.0899262 0.1381430 0.1528812 0.1448920 0.1176379 0.1358486 0.0703891 0.1407643 0.1382863 0.1325200 0.1376656 0.1341772 0.0957914 0.1268783 0.1014374 0.1085191 0.1160049 0.1353551 0.1419525 
S0419         0.2417551 0.0863920 0.0136323 0.0436912 0.0787058 0.1694680 0.1299029 0.0713414 0.0801909 0.1057469 0.1783150 0.1325633 0.1266534 0.1561572 0.1509784 0.1113322 0.0774680 0.1138222 0.0909599 0.0747772 0.0884332 0.1163079 0.0932042 0.1262872 0.0000000 0.0940929 0.1271451 0.1055809 0.1248679 0.1228840 0.1082645 0.1433010 0.0819274 0.0848574 0.1518990 0.0984108 0.1178781 0.0784368 0.0776511 0.0347624 0.1746269 0.2013060 0.0983515 0.0772972 0.0976478 0.0039810 0.0899772 0.0105300 0.0056126 0.1102159 0.0383314 0.1129953 0.1049153 0.1137776 0.0662026 0.0636593 0.0884215 0.1289342 0.1295928 0.1260566 0.1010553 0.0391671 0.2383111 0.1127977 0.1093275 0.0895154 0.1082654 0.1988968 0.0016175 0.1933855 0.1010380 0.1259574 0.0706672 0.1106489 0.0738113 0.1159063 0.1863411 0.0774892 0.0715107 0.1409400 0.1126560 0.1124357 0.1437516 0.0906743 0.1793890 0.0755918 0.1099025 0.0740350 0.0836252 0.0891341 0.0785463 0.0781173 0.1067313 0.0771527 0.0992274 0.1019248 0.0884871 0.1570288 0.0771160 0.0000022 0.1233585 0.0456034 0.1236511 0.0858612 0.0495208 0.1098243 0.0717420 0.0817419 0.1342184 0.0817003 0.0838216 0.0728573 0.0768587 0.0687293 0.1148452 0.0883168 0.0567388 0.0364811 0.0628010 0.0862657 0.0766686 
S0427         0.2682201 0.0951167 0.0941260 0.1126979 0.0881105 0.1976568 0.1489808 0.1126898 0.0940104 0.1118171 0.1819967 0.1675653 0.1576369 0.1775496 0.1796253 0.1371329 0.1119422 0.1400551 0.0455826 0.0847708 0.0994534 0.1214650 0.1129672 0.1415814 0.0940929 0.0000000 0.1516081 0.1261629 0.1641740 0.1330378 0.1348646 0.1596054 0.0946100 0.0966089 0.1647907 0.1121045 0.1395376 0.0921076 0.0860669 0.1107893 0.2043061 0.2203655 0.1091063 0.0788404 0.1338494 0.0957734 0.0923320 0.1003770 0.0963104 0.1379591 0.1142872 0.1347564 0.1406997 0.1349766 0.0909349 0.0964380 0.1175289 0.1605690 0.1620426 0.1622257 0.1125949 0.1086337 0.2572503 0.1386008 0.1379993 0.1373647 0.1474150 0.2189206 0.0942711 0.1995403 0.1204573 0.1575308 0.1029596 0.1402748 0.0889089 0.1589393 0.1951065 0.0829331 0.1106716 0.1671783 0.1388532 0.1351085 0.1606313 0.1178153 0.2177513 0.0840370 0.1405292 0.0998471 0.1243072 0.0946632 0.0860276 0.0864077 0.1442230 0.0831624 0.1084891 0.1450908 0.1301639 0.1732441 0.0841413 0.0898792 0.1386320 0.1139939 0.1485623 0.0927551 0.1204577 0.1532934 0.1083405 0.0910124 0.1504278 0.0902400 0.0929520 0.0842712 0.1062343 0.1100723 0.1280318 0.1196594 0.0912200 0.0913292 0.1013184 0.0458979 0.1112525 
S0430         0.2910305 0.1505492 0.1353687 0.1450017 0.1405532 0.0749339 0.1869136 0.1293622 0.1440751 0.1546917 0.2459683 0.0496255 0.1004631 0.2307079 0.0556052 0.1665255 0.1371563 0.0303095 0.1467354 0.1353962 0.1545812 0.1791841 0.1607857 0.1741105 0.1271451 0.1516081 0.0000000 0.1652091 0.1857602 0.1742825 0.0924808 0.1893320 0.1480841 0.1445077 0.2062871 0.1526626 0.1713609 0.1384823 0.1380169 0.1475607 0.0708379 0.2364416 0.1656844 0.1374782 0.1680538 0.1281738 0.1503817 0.1386697 0.1312064 0.1656698 0.1558293 0.1641338 0.0868893 0.1728317 0.1490468 0.1212175 0.0582139 0.1875113 0.1845365 0.1907161 0.1641516 0.1487614 0.2686703 0.0955528 0.0971544 0.1476726 0.1738376 0.2406546 0.1283541 0.2202587 0.1761574 0.1922880 0.1288238 0.0957948 0.1319918 0.1817485 0.2156371 0.1361828 0.1193746 0.2029859 0.1775933 0.1710217 0.2031387 0.0757426 0.0651841 0.1428072 0.0932047 0.1319168 0.1397380 0.1552590 0.1416414 0.1396508 0.1720507 0.1346201 0.1456093 0.1610838 0.1409607 0.2253469 0.1436832 0.1214137 0.1827857 0.1548932 0.1917636 0.1405605 0.1644980 0.1770144 0.1306111 0.1496061 0.1957019 0.1485437 0.1445775 0.1304085 0.1297461 0.1251334 0.1629439 0.1568967 0.1118292 0.1194796 0.1206508 0.1454695 0.1397077 
S0478         0.2889398 0.1198456 0.1157534 0.1364942 0.1137333 0.2174248 0.0868543 0.1063036 0.1205708 0.1335217 0.1256525 0.1649689 0.1760770 0.1063993 0.1860645 0.0587061 0.1273919 0.1530586 0.1293952 0.1197558 0.1322982 0.0641505 0.1352745 0.0571129 0.1055809 0.1261629 0.1652091 0.0000000 0.1475641 0.1519961 0.1544639 0.0985868 0.1162533 0.1247242 0.1031651 0.0674049 0.0911025 0.1181257 0.1148453 0.1244770 0.2195309 0.2062340 0.1398190 0.1101710 0.1328654 0.1080494 0.1249626 0.1193098 0.1096730 0.1346107 0.1276514 0.0724801 0.1480920 0.0932895 0.1372262 0.0939489 0.1295110 0.1476581 0.1464793 0.1463891 0.1259813 0.1159791 0.2541423 0.1518654 0.1460141 0.1156321 0.1316997 0.2063575 0.1094548 0.2121441 0.0678251 0.1456312 0.1179098 0.1485498 0.1189124 0.1415615 0.2035077 0.1108406 0.1086615 0.0920299 0.0897469 0.0906977 0.1033593 0.1336307 0.2335216 0.1181233 0.1488889 0.1145057 0.1177267 0.1255627 0.1171323 0.1055302 0.1278639 0.1185450 0.0598247 0.1404224 0.1186475 0.1078051 0.1193158 0.1035080 0.0723360 0.1271924 0.0913214 0.1221870 0.1356288 0.1356362 0.1124535 0.1236790 0.0863868 0.1220096 0.1229071 0.1181988 0.1209187 0.1183800 0.0929650 0.1184929 0.0855733 0.0958129 0.1063227 0.1230145 0.1162528 
S0552sl       0.2822027 0.1658640 0.1289054 0.1474314 0.1477047 0.2427107 0.1448172 0.1104613 0.1606927 0.1694160 0.1916869 0.1939000 0.2027223 0.1702314 0.2210115 0.1505139 0.1251428 0.1748266 0.1589191 0.1536234 0.1632690 0.1282752 0.1655983 0.1428753 0.1248679 0.1641740 0.1857602 0.1475641 0.0000000 0.1619053 0.1693446 0.1511483 0.1572554 0.1561939 0.1661088 0.1549939 0.1491482 0.1569730 0.1513600 0.1462464 0.2466745 0.2275473 0.1590694 0.1482808 0.0580807 0.1307042 0.1524588 0.1456561 0.1337036 0.0874246 0.1497676 0.1507387 0.1891501 0.1417411 0.1323652 0.1163789 0.1524518 0.0241464 0.0588984 0.0258640 0.1737303 0.1432804 0.2904994 0.1781742 0.1783113 0.0664501 0.0790132 0.2380280 0.1294751 0.2276602 0.1534947 0.0690266 0.1119729 0.1765852 0.1587438 0.1246343 0.2204565 0.1453180 0.1203216 0.1623168 0.1432704 0.1411460 0.1631975 0.1520145 0.2525324 0.1439358 0.1820440 0.1187847 0.1255689 0.1592780 0.1475453 0.1436136 0.1377617 0.1510566 0.1421714 0.1351776 0.1245601 0.1716459 0.1567560 0.1262941 0.1422707 0.1514558 0.1534549 0.1618467 0.1667018 0.1337634 0.1249539 0.1615537 0.1492023 0.1617362 0.1553209 0.1418564 0.1230917 0.1163034 0.1468558 0.0799163 0.1049017 0.1177710 0.1208186 0.1444053 0.1415602 
S0558         0.3002575 0.1231293 0.1246730 0.1410794 0.1098365 0.2137200 0.1859942 0.1219363 0.1229150 0.1486649 0.2190909 0.1748319 0.1888021 0.2021422 0.2018994 0.1614566 0.1226148 0.1579233 0.1295911 0.1145749 0.1285124 0.1577481 0.1056825 0.1689968 0.1228840 0.1330378 0.1742825 0.1519961 0.1619053 0.0000000 0.1476588 0.1818998 0.1219261 0.1191821 0.2078997 0.1445304 0.1519760 0.0986229 0.1124570 0.1386800 0.2292926 0.2535862 0.0982617 0.1129913 0.1546165 0.1286482 0.1178057 0.1373761 0.1304503 0.1544955 0.1459274 0.1626080 0.1606237 0.1507944 0.1073750 0.1181475 0.1412202 0.1596250 0.1569597 0.1608566 0.1267408 0.1409032 0.2888247 0.1521858 0.1571333 0.1301237 0.1422001 0.2480321 0.1256364 0.2420529 0.1619125 0.1546066 0.1153232 0.1555378 0.1109046 0.1530485 0.2359357 0.1132935 0.1281994 0.1905103 0.1500460 0.1456785 0.1964389 0.1393464 0.2458912 0.1124504 0.1543412 0.1186699 0.1321850 0.1232628 0.1146603 0.1002653 0.1403335 0.1040835 0.1369406 0.1456086 0.1424140 0.2011752 0.1154397 0.1206527 0.1724777 0.1471019 0.1689872 0.1231838 0.1539392 0.1437232 0.1223388 0.1230513 0.1888630 0.1095209 0.1092706 0.0936334 0.1228756 0.1114571 0.1445399 0.1336715 0.1116602 0.1145764 0.1220898 0.1283011 0.1314455 
S0616         0.2809287 0.1311334 0.1164747 0.1190045 0.1256871 0.1354190 0.1698741 0.1151930 0.1334963 0.1405961 0.2155843 0.0930913 0.0987612 0.2024174 0.1159275 0.1528829 0.1240444 0.0822458 0.1275336 0.1239315 0.1365040 0.1570923 0.1409426 0.1670862 0.1082645 0.1348646 0.0924808 0.1544639 0.1693446 0.1476588 0.0000000 0.1737479 0.1339596 0.1295375 0.1935966 0.1414966 0.1546832 0.1159568 0.1211281 0.1261205 0.1360481 0.2139943 0.1404481 0.1247870 0.2031402 0.1105749 0.1359250 0.1177668 0.1115508 0.1525302 0.1375387 0.1504343 0.0814785 0.1471207 0.1635540 0.1142542 0.0603789 0.1674420 0.1695669 0.1715689 0.1411286 0.1282940 0.2495108 0.0820670 0.0857038 0.1662917 0.1567094 0.2167484 0.1095645 0.1943865 0.1741134 0.1776722 0.1187677 0.0823429 0.1123449 0.1668847 0.1901529 0.1214239 0.1185670 0.1870346 0.1547945 0.1483728 0.1880720 0.0345336 0.1426989 0.1254708 0.0847921 0.1125615 0.1290411 0.1390953 0.1243802 0.1120696 0.1476544 0.1129262 0.1289939 0.1396618 0.1313553 0.1956492 0.1310267 0.1051399 0.1657120 0.1354722 0.1715359 0.1308559 0.1413463 0.1613860 0.1134136 0.1327263 0.1753590 0.1299948 0.1318744 0.1117420 0.1178394 0.1127264 0.1495013 0.1339445 0.1084321 0.1015716 0.1080265 0.1297746 0.1265248 
S0624         0.3295860 0.1330357 0.1403059 0.1692475 0.1392249 0.2277162 0.0569321 0.1313346 0.1444233 0.1545193 0.0851967 0.1811961 0.2138571 0.0913370 0.2118125 0.0949007 0.1504637 0.1814269 0.1581910 0.1396519 0.1494351 0.0733049 0.1701836 0.0714025 0.1433010 0.1596054 0.1893320 0.0985868 0.1511483 0.1818998 0.1737479 0.0000000 0.1464897 0.1360781 0.0687272 0.1163245 0.1057737 0.1578516 0.1355760 0.1582620 0.2335798 0.2272271 0.1614025 0.1361911 0.1596724 0.1434235 0.1433538 0.1519926 0.1441865 0.1506853 0.1695401 0.1182776 0.1871362 0.1085860 0.1885904 0.1291373 0.1569338 0.1534574 0.1329902 0.1503537 0.1537191 0.1545160 0.2694697 0.1900074 0.1770487 0.1197937 0.1406979 0.2332291 0.1449035 0.2179067 0.1069688 0.1423729 0.1408739 0.1834729 0.1409077 0.1662580 0.2092371 0.1331867 0.1319421 0.0871491 0.1064172 0.1111923 0.0590237 0.1535856 0.2540285 0.1378956 0.1871969 0.1424060 0.1488477 0.1430303 0.1362232 0.1294163 0.1593853 0.1394493 0.1048463 0.1711250 0.1505327 0.0809916 0.1449832 0.1366906 0.0808761 0.1647790 0.1095429 0.1537900 0.1808917 0.1630158 0.1267879 0.1350796 0.0690973 0.1416974 0.1451222 0.1454325 0.1492505 0.1435749 0.1089898 0.1392004 0.1218877 0.1298439 0.1313302 0.1547905 0.1588703 
