101
S0055      0.0000000 0.0531981 0.1114137 0.0680947 0.0641589 0.0828863 0.0696366 0.0421950 0.0701003 0.0638224 0.0490016 0.0484498 0.0576823 0.0539969 0.0545662 0.0285613 0.0540898 0.0465677 0.0610382 0.0668454 0.0410385 0.0951960 0.0602376 0.0614655 0.0493718 0.0388223 0.0682027 0.0340214 0.0643300 0.0686629 0.1714794 0.0342359 0.0691525 0.0753851 0.0703296 0.0473502 0.0684382 0.0414623 0.0605479 0.0559996 0.1029607 0.0747498 0.0698652 0.1139134 0.1634540 0.0284720 0.0795222 0.0885646 0.1628451 0.0473502 0.1619209 0.1271687 0.0411554 0.0825886 0.0935240 0.1663685 0.0609341 0.0713228 0.0418605 0.0633301 0.0486941 0.0618966 0.0224171 0.0639930 0.0674891 0.0610382 0.0675749 0.0892342 0.0832310 0.0609341 0.0539969 0.0056524 0.1131067 0.0623852 0.0175530 0.0696900 0.0867223 0.0558585 0.0420370 0.0610492 0.0486279 0.1243756 0.0562962 0.0544197 0.0773649 0.0627515 0.0489857 0.0550900 0.0391698 0.0348276 0.0402901 0.1145117 0.1397496 0.0621939 0.1012478 0.0226884 0.0421655 0.0343499 0.0801651 0.0475061 0.0488109 
S0196sl    0.0531981 0.0000000 0.1072441 0.1039415 0.0709139 0.0916993 0.1066154 0.0724077 0.0804207 0.0820403 0.0736116 0.0857071 0.0939162 0.0859265 0.0933458 0.0474781 0.0181950 0.0843414 0.0324641 0.0675336 0.0781514 0.0930818 0.0934078 0.0956822 0.0567490 0.0470277 0.1133730 0.0847713 0.0924104 0.0541628 0.1993638 0.0602031 0.0402480 0.1131088 0.0947287 0.0119331 0.0861342 0.0706456 0.0686467 0.0824167 0.1142848 0.0916075 0.1072193 0.0940279 0.1869120 0.0455860 0.0879965 0.1175116 0.1889974 0.0119331 0.1844619 0.1292141 0.0464852 0.1107611 0.1039496 0.1886841 0.0859265 0.1094303 0.0898436 0.0812545 0.0730425 0.0478109 0.0539564 0.0822747 0.0619905 0.0324641 0.1029132 0.0901887 0.0753283 0.0859265 0.0859265 0.0415832 0.1265168 0.0866416 0.0412938 0.0770652 0.0963906 0.0723922 0.0804757 0.0181982 0.0706537 0.1047616 0.0829766 0.0867976 0.0762942 0.0693188 0.0639807 0.0880206 0.0695349 0.0702115 0.0763832 0.1282585 0.1441284 0.0795324 0.0857893 0.0385280 0.0805718 0.0376201 0.0807658 0.0864077 0.0695775 
S0281      0.1114137 0.1072441 0.0000000 0.1445271 0.1193729 0.1052353 0.1480060 0.1404479 0.1759529 0.1284731 0.1400394 0.1470377 0.1471733 0.1249682 0.1415482 0.1093768 0.0860052 0.0957782 0.1232332 0.1274985 0.0794689 0.1576142 0.1142924 0.1357746 0.1236669 0.1394887 0.1198367 0.1220602 0.1344131 0.1504456 0.2590102 0.1115409 0.1347575 0.1343954 0.1127276 0.0781456 0.1473475 0.1333768 0.1382485 0.1332902 0.1301064 0.1197528 0.1486846 0.1119060 0.2277280 0.0955971 0.1281762 0.1586877 0.2136112 0.0781456 0.2257773 0.1471895 0.1131122 0.1214615 0.0689429 0.2324883 0.1344531 0.1505028 0.1177893 0.1603083 0.1230387 0.1252470 0.1130698 0.1526669 0.1128953 0.1232332 0.1430113 0.0695933 0.1056549 0.1344531 0.1249682 0.0843924 0.1211259 0.1283587 0.0578742 0.0774874 0.1011259 0.1214657 0.1098986 0.0863075 0.1005796 0.1227802 0.1211195 0.1263364 0.0950039 0.0761803 0.1309314 0.1370426 0.0856667 0.0788013 0.1130698 0.0921878 0.0984228 0.1482314 0.1188469 0.0943992 0.1233278 0.0920767 0.0945910 0.1243757 0.1016308 
S0282      0.0680947 0.1039415 0.1445271 0.0000000 0.0937690 0.1283382 0.0226777 0.0843690 0.1207585 0.0788014 0.1034841 0.0928390 0.0129233 0.0107787 0.1089928 0.0768166 0.0998959 0.0607788 0.0917810 0.1005480 0.0542441 0.1063294 0.0344416 0.0165464 0.0773034 0.0865261 0.1096473 0.0742618 0.0172288 0.1006501 0.1732587 0.0757126 0.1014226 0.0281782 0.0286673 0.0917810 0.1021659 0.0773198 0.0984787 0.0928897 0.1223730 0.1100854 0.0345733 0.1367159 0.1676239 0.0616342 0.1178634 0.1489688 0.1740874 0.0917810 0.1647955 0.1533587 0.0764857 0.0756791 0.1191719 0.1693993 0.0164118 0.0862092 0.0863227 0.1118612 0.0843601 0.0931662 0.0690025 0.0935512 0.1074529 0.0917810 0.0220751 0.1183840 0.1288405 0.0164118 0.0107787 0.0495707 0.1422466 0.0632469 0.0442161 0.1135236 0.1237345 0.0925953 0.0699404 0.0917987 0.0856725 0.1486115 0.0934590 0.0166130 0.0866733 0.1044194 0.0766237 0.0222786 0.0794208 0.0614597 0.0670407 0.1575208 0.1861080 0.0928245 0.1244860 0.0699626 0.0846388 0.0833134 0.1265821 0.0755209 0.0801945 
S0289      0.0641589 0.0709139 0.1193729 0.0937690 0.0000000 0.1141749 0.0959826 0.0281527 0.0812213 0.0345582 0.0496558 0.0968092 0.0767530 0.0777393 0.1063002 0.0288791 0.0713240 0.0620792 0.0715705 0.0929700 0.0614471 0.1010455 0.0845192 0.0863829 0.0223158 0.0403570 0.0940642 0.0772264 0.0907647 0.0644874 0.1830840 0.0692228 0.0805438 0.0855627 0.0635312 0.0638055 0.0874266 0.0558932 0.0637005 0.0741593 0.1119983 0.1174770 0.0875547 0.1195951 0.1685597 0.0424355 0.1119398 0.1412974 0.1741125 0.0638055 0.1575796 0.1259181 0.0432116 0.0875709 0.0904473 0.1618374 0.0855959 0.1070577 0.0811195 0.0481936 0.0658517 0.0726448 0.0489678 0.0285958 0.0633448 0.0715705 0.0929451 0.0932159 0.1146262 0.0855959 0.0777393 0.0452619 0.1268091 0.0542873 0.0174903 0.1001918 0.1195899 0.0289023 0.0810464 0.0630654 0.0279678 0.1307447 0.0746061 0.0784405 0.0795762 0.0925769 0.0107529 0.0794552 0.0383248 0.0705151 0.0696733 0.1198792 0.1616123 0.0630844 0.1020096 0.0564974 0.0705011 0.0696161 0.1128698 0.0785882 0.0880980 
S0292      0.0828863 0.0916993 0.1052353 0.1283382 0.1141749 0.0000000 0.1130925 0.1163784 0.1384386 0.1110778 0.1078079 0.1215927 0.1277321 0.1103225 0.1109093 0.0814555 0.0887592 0.0923706 0.1247635 0.1043232 0.0760230 0.1662177 0.1166719 0.1202140 0.1009667 0.1039911 0.1274339 0.0997574 0.1266703 0.1348029 0.2158748 0.0829205 0.1359125 0.1372869 0.1190932 0.0811631 0.1398560 0.0852484 0.1236041 0.1146143 0.1084589 0.0972459 0.1308510 0.1323434 0.1876685 0.0838141 0.0818132 0.1066235 0.1959208 0.0811631 0.1859490 0.1250137 0.1000500 0.1236133 0.0604806 0.1912282 0.1190932 0.1435278 0.0905934 0.1100277 0.1126199 0.1267257 0.0840268 0.1177161 0.1324293 0.1247635 0.1270827 0.0691322 0.0220363 0.1190932 0.1103225 0.0582741 0.0619485 0.1121834 0.0491959 0.0336311 0.0283646 0.1161073 0.1048595 0.0890561 0.0970779 0.1351832 0.1232894 0.1114418 0.0614837 0.0341705 0.1077837 0.1203092 0.0840374 0.0690434 0.0761050 0.0834671 0.0851072 0.1370496 0.1378116 0.0679327 0.0929857 0.0663805 0.0612193 0.1015536 0.0892312 
S0293      0.0696366 0.1066154 0.1480060 0.0226777 0.0959826 0.1130925 0.0000000 0.0863262 0.1236412 0.0806746 0.1059527 0.0950002 0.0063878 0.0110037 0.1115403 0.0785942 0.1022101 0.0621406 0.0939040 0.1028899 0.0554618 0.1087632 0.0351942 0.0110960 0.0791071 0.0887487 0.1122099 0.0759238 0.0176112 0.1029951 0.1773725 0.0774424 0.1038017 0.0287861 0.0292972 0.0939040 0.1045768 0.0638306 0.1007371 0.0950554 0.1070373 0.0954902 0.0353327 0.1399136 0.1716506 0.0630386 0.1021978 0.1321639 0.1782082 0.0939040 0.1687474 0.1368880 0.0782510 0.0774082 0.1042708 0.1735298 0.0167582 0.0882498 0.0883687 0.1145346 0.0863122 0.0953490 0.0705853 0.0957582 0.1099303 0.0939040 0.0225436 0.1026731 0.1135613 0.0167582 0.0110037 0.0436698 0.1262657 0.0647221 0.0381536 0.0984570 0.1081911 0.0947521 0.0715643 0.0939225 0.0876824 0.1521119 0.0956523 0.0169683 0.0726857 0.0896713 0.0783944 0.0227560 0.0809491 0.0628519 0.0543852 0.1504024 0.1685216 0.0949993 0.1275168 0.0715882 0.0866113 0.0852234 0.1106778 0.0772365 0.0821254 
S0299      0.0421950 0.0724077 0.1404479 0.0843690 0.0281527 0.1163784 0.0863262 0.0000000 0.0878627 0.0280040 0.0421666 0.0870674 0.0754146 0.0691119 0.0960079 0.0224679 0.0726951 0.0683853 0.0701151 0.0947790 0.0537187 0.1061036 0.0756737 0.0772915 0.0162902 0.0395054 0.0846602 0.0544870 0.0810814 0.0782788 0.1690167 0.0610826 0.0788606 0.0921982 0.0872579 0.0650143 0.0891547 0.0482115 0.0624282 0.0653019 0.1327739 0.1197947 0.0782620 0.1408010 0.1554739 0.0416258 0.1141928 0.1248567 0.1604751 0.0650143 0.1450463 0.1472932 0.0423719 0.0789657 0.1086365 0.1488559 0.0766027 0.0885624 0.0637851 0.0409571 0.0574367 0.0711461 0.0416118 0.0280805 0.0768907 0.0701151 0.0836651 0.0950341 0.1168420 0.0766027 0.0691119 0.0309390 0.1293195 0.0532583 0.0235597 0.1021423 0.1219802 0.0347954 0.0643665 0.0642502 0.0284262 0.1530837 0.0656744 0.0697036 0.0810137 0.0943695 0.0161906 0.0705884 0.0448340 0.0621938 0.0614791 0.1301668 0.1647691 0.0550917 0.1218288 0.0575518 0.0552467 0.0709224 0.1151564 0.0698661 0.0898515 
S0308      0.0701003 0.0804207 0.1759529 0.1207585 0.0812213 0.1384386 0.1236412 0.0878627 0.0000000 0.0973119 0.0832969 0.1236382 0.0934142 0.1029465 0.1125884 0.0649716 0.0875033 0.0930762 0.0702801 0.0906005 0.0950711 0.0988216 0.1101242 0.1126895 0.0804840 0.0559393 0.1135631 0.1012808 0.1187577 0.0705546 0.2426952 0.0686168 0.0790815 0.1201439 0.1164732 0.0794387 0.1008560 0.0880958 0.0625514 0.0999728 0.1494236 0.1145181 0.0954545 0.1590825 0.1901464 0.0544025 0.1224687 0.1534155 0.2204555 0.0794387 0.2210270 0.1660116 0.0554075 0.1329238 0.1530401 0.2275726 0.1116299 0.1271837 0.1070243 0.0782087 0.0906346 0.0713192 0.0710658 0.0859681 0.0770949 0.0702801 0.1195850 0.1400179 0.1301800 0.1116299 0.1029465 0.0682423 0.1688517 0.0931560 0.0442086 0.1231742 0.1453498 0.0997692 0.0981026 0.0878164 0.0988465 0.1722619 0.1006418 0.1039803 0.1113673 0.1146539 0.0716430 0.0857030 0.0894029 0.0872700 0.0930003 0.1707349 0.1721981 0.0797972 0.1092609 0.0642264 0.0976299 0.0705131 0.1235055 0.0952282 0.0857897 
S0320      0.0638224 0.0820403 0.1284731 0.0788014 0.0345582 0.1110778 0.0806746 0.0280040 0.0973119 0.0000000 0.0493874 0.0963479 0.0687793 0.0634906 0.0867230 0.0287230 0.0814658 0.0628274 0.0784910 0.1044154 0.0611353 0.1158668 0.0841127 0.0716607 0.0221970 0.0473218 0.0827018 0.0768451 0.0752291 0.0870759 0.1641383 0.0619800 0.0877423 0.0866961 0.0815512 0.0734341 0.1166755 0.0555979 0.0704326 0.0637459 0.1363715 0.1305884 0.0871232 0.1356002 0.1505396 0.0487233 0.1171881 0.1482075 0.1735707 0.0734341 0.1400007 0.1422442 0.0496264 0.0871726 0.1103987 0.1437564 0.0710088 0.1065597 0.0801721 0.0479397 0.0560875 0.0796778 0.0487064 0.0274893 0.0855010 0.0784910 0.0781427 0.0851036 0.1197932 0.0710088 0.0634906 0.0450037 0.1188890 0.0606109 0.0238792 0.1046876 0.1155453 0.0415536 0.0806337 0.0725727 0.0354540 0.1479715 0.0640999 0.0640336 0.0756312 0.0958285 0.0220549 0.0790545 0.0455518 0.0635579 0.0693218 0.1060709 0.1520320 0.0538476 0.1034239 0.0656311 0.0544789 0.0794249 0.1171792 0.0781963 0.0912534 
S0327      0.0490016 0.0736116 0.1400394 0.1034841 0.0496558 0.1078079 0.1059527 0.0421666 0.0832969 0.0493874 0.0000000 0.0975748 0.0982907 0.0867230 0.0877043 0.0165955 0.0724478 0.0774291 0.0803502 0.0865958 0.0618692 0.1185438 0.0936921 0.0958129 0.0358132 0.0401036 0.0770588 0.0777898 0.1008117 0.0891591 0.1968373 0.0632389 0.0898556 0.1119807 0.1071944 0.0647918 0.0888578 0.0345738 0.0721737 0.0578076 0.1266228 0.1109549 0.0972026 0.1403897 0.1882597 0.0568028 0.1053065 0.1343779 0.1875163 0.0647918 0.1865282 0.1280268 0.0578999 0.1073829 0.1201225 0.1918524 0.0949248 0.1177410 0.0713015 0.0356012 0.0502219 0.0815909 0.0351150 0.0495240 0.0875172 0.0803502 0.1025334 0.0955626 0.1082459 0.0949248 0.0867230 0.0379904 0.1232899 0.0784700 0.0237747 0.0938051 0.1129706 0.0420494 0.0816693 0.0720400 0.0486067 0.1526475 0.0581257 0.0875430 0.0858462 0.0862328 0.0355534 0.0886890 0.0379643 0.0644303 0.0701708 0.1209773 0.1714824 0.0571142 0.1268003 0.0503229 0.0710126 0.0634473 0.1061903 0.0638743 0.0815785 
S0376      0.0484498 0.0857071 0.1470377 0.0928390 0.0968092 0.1215927 0.0950002 0.0870674 0.1236382 0.0963479 0.0975748 0.0000000 0.0563999 0.0770636 0.1031958 0.0711018 0.0941638 0.0485419 0.0936514 0.1018745 0.0558642 0.1130721 0.0765030 0.0783497 0.0797985 0.0694383 0.0959158 0.0618102 0.0898434 0.1027291 0.1894034 0.0774089 0.1035330 0.1008865 0.0960555 0.0860662 0.1159649 0.0873629 0.1015734 0.0988230 0.1260120 0.1115576 0.0954404 0.1179775 0.1630605 0.0635915 0.1217012 0.1522425 0.1624544 0.0860662 0.1615326 0.1413685 0.0789284 0.0922983 0.1134639 0.1567272 0.0766354 0.0887602 0.0973846 0.1155064 0.0896623 0.0950912 0.0633330 0.0965823 0.0835847 0.0936514 0.0778422 0.1315948 0.1220856 0.0766354 0.0770636 0.0376089 0.1352929 0.0794217 0.0518502 0.0943152 0.1135917 0.0868391 0.0569676 0.1025349 0.0944849 0.1289075 0.0994721 0.0777482 0.0958111 0.0985887 0.0790732 0.0787410 0.0642173 0.0553977 0.0547715 0.1435560 0.1908053 0.1130980 0.1311411 0.0642199 0.0707257 0.0776538 0.1205773 0.0495639 0.0970775 
S0400      0.0576823 0.0939162 0.1471733 0.0129233 0.0767530 0.1277321 0.0063878 0.0754146 0.0934142 0.0687793 0.0982907 0.0563999 0.0000000 0.0000010 0.0933976 0.0674843 0.0942740 0.0494222 0.0744538 0.0862375 0.0419309 0.0807175 0.0268839 0.0064154 0.0672782 0.0758874 0.0872038 0.0648949 0.0067230 0.0750916 0.1511824 0.0653029 0.0848663 0.0063525 0.0201269 0.0848310 0.0683122 0.0769916 0.0916879 0.0767809 0.0989949 0.0970420 0.0269951 0.1248342 0.1442924 0.0497455 0.0931488 0.1276637 0.1668823 0.0848310 0.1421178 0.1092215 0.0664688 0.0573182 0.1168633 0.1454859 0.0000010 0.0781305 0.0782707 0.1068619 0.0762128 0.0658001 0.0585762 0.0757354 0.0816841 0.0744538 0.0128404 0.1271180 0.1283292 0.0000010 0.0000010 0.0360792 0.1443861 0.0512514 0.0293085 0.0982840 0.1096494 0.0753978 0.0510886 0.0942958 0.0776051 0.1382407 0.0866690 0.0064430 0.0773548 0.0993497 0.0581350 0.0129760 0.0767020 0.0500617 0.0566640 0.1753216 0.1940143 0.0850158 0.0878497 0.0595259 0.0675103 0.0750916 0.1255914 0.0661824 0.0709757 
S0405      0.0539969 0.0859265 0.1249682 0.0107787 0.0777393 0.1103225 0.0110037 0.0691119 0.1029465 0.0634906 0.0867230 0.0770636 0.0000010 0.0000000 0.0922551 0.0619877 0.0838092 0.0471601 0.0761675 0.0843423 0.0409065 0.0900756 0.0222824 0.0053567 0.0623385 0.0695926 0.0928603 0.0600167 0.0055690 0.0844284 0.1519429 0.0611259 0.0850537 0.0164131 0.0166818 0.0761675 0.0856607 0.0623704 0.0826350 0.0770901 0.1043809 0.0932045 0.0223548 0.1182432 0.1464431 0.0477744 0.0995946 0.1286785 0.1527598 0.0761675 0.1438843 0.1333698 0.0617156 0.0610949 0.1017461 0.1478089 0.0053135 0.0705558 0.0706486 0.0945807 0.0691361 0.0772830 0.0546911 0.0775488 0.0910132 0.0761675 0.0107216 0.1000504 0.1107749 0.0053135 0.0000010 0.0360088 0.1230722 0.0489863 0.0305494 0.0960334 0.1054742 0.0768294 0.0554107 0.0761818 0.0701726 0.1292191 0.0775333 0.0053763 0.0709768 0.0874897 0.0618272 0.0108156 0.0626737 0.0476691 0.0532058 0.1464345 0.1640961 0.0769702 0.1060781 0.0554237 0.0693024 0.0682848 0.1078427 0.0610081 0.0646111 
S0412sl    0.0545662 0.0933458 0.1415482 0.1089928 0.1063002 0.1109093 0.1115403 0.0960079 0.1125884 0.0867230 0.0877043 0.1031958 0.0933976 0.0922551 0.0000000 0.0626552 0.0924042 0.0828993 0.1005933 0.0992535 0.0623708 0.1396433 0.0832825 0.1013593 0.0885221 0.0767664 0.0864392 0.0683090 0.1065837 0.1098306 0.1903336 0.0354892 0.1106938 0.1003960 0.1128368 0.0844651 0.1191369 0.0781177 0.0996844 0.0790924 0.1238645 0.0921030 0.1121353 0.1628492 0.1817024 0.0624298 0.1162447 0.1384585 0.1591223 0.0844651 0.1799803 0.1307324 0.0774584 0.0776089 0.0965207 0.1851915 0.1004355 0.0882972 0.0771615 0.1047857 0.0794941 0.1021395 0.0552748 0.0939355 0.1078653 0.1005933 0.1079932 0.1174987 0.1269009 0.1004355 0.0922551 0.0371427 0.1216810 0.0864956 0.0374314 0.1117567 0.1238520 0.0863778 0.0715608 0.1006131 0.1036787 0.1607485 0.0886712 0.0931264 0.1032427 0.1036806 0.0876821 0.0943181 0.0719722 0.0555452 0.0611375 0.1307334 0.1447428 0.0947952 0.1217289 0.0560227 0.0701449 0.0556616 0.1072130 0.0847398 0.0727972 
S0417      0.0285613 0.0474781 0.1093768 0.0768166 0.0288791 0.0814555 0.0785942 0.0224679 0.0649716 0.0287230 0.0165955 0.0711018 0.0674843 0.0619877 0.0626552 0.0000000 0.0489462 0.0540731 0.0559575 0.0619111 0.0403878 0.0906576 0.0684520 0.0698950 0.0166934 0.0185775 0.0604562 0.0542975 0.0732714 0.0636297 0.1589916 0.0412178 0.0640932 0.0844582 0.0794191 0.0421530 0.0785844 0.0282683 0.0555022 0.0358288 0.1138689 0.0837204 0.0707248 0.1095421 0.1511992 0.0352563 0.0780920 0.1036278 0.1506513 0.0421530 0.1497708 0.1157510 0.0358754 0.0811676 0.0918486 0.1538169 0.0692755 0.0884702 0.0482538 0.0285526 0.0292107 0.0567608 0.0164121 0.0288032 0.0625161 0.0559575 0.0761957 0.0697464 0.0817894 0.0692755 0.0619877 0.0176517 0.1110083 0.0547089 0.0055462 0.0684866 0.0851621 0.0224068 0.0567925 0.0486660 0.0283267 0.1201043 0.0359997 0.0625014 0.0760094 0.0616791 0.0165887 0.0632913 0.0241562 0.0419497 0.0475203 0.0924336 0.1371663 0.0418094 0.0965482 0.0292680 0.0479980 0.0413556 0.0787124 0.0552020 0.0567699 
S0419      0.0540898 0.0181950 0.0860052 0.0998959 0.0713240 0.0887592 0.1022101 0.0726951 0.0875033 0.0814658 0.0724478 0.0941638 0.0942740 0.0838092 0.0924042 0.0489462 0.0000000 0.0749146 0.0490596 0.0737436 0.0693079 0.0831465 0.0905395 0.0925193 0.0583800 0.0547042 0.0915595 0.0752509 0.0894604 0.0700932 0.2089443 0.0681849 0.0568990 0.1080667 0.0916883 0.0052878 0.0755240 0.0773987 0.0617521 0.0803025 0.1182315 0.0957791 0.1027129 0.0754172 0.2001418 0.0411915 0.1020735 0.1301008 0.1879951 0.0052878 0.1983377 0.1334566 0.0419203 0.1161706 0.0917998 0.2040631 0.0916883 0.1134284 0.0869473 0.0886458 0.0719462 0.0497547 0.0547852 0.0816780 0.0555114 0.0490596 0.0990151 0.0954934 0.0891211 0.0916883 0.0838092 0.0368194 0.1109621 0.0856811 0.0365900 0.0756034 0.0928319 0.0724954 0.0788708 0.0163428 0.0626882 0.0842099 0.0807875 0.0845697 0.0759618 0.0686412 0.0649895 0.0856440 0.0616065 0.0617785 0.0679191 0.1209100 0.1462452 0.0869012 0.1093312 0.0407582 0.0789515 0.0398841 0.0863355 0.0765436 0.0688728 
S0427      0.0465677 0.0843414 0.0957782 0.0607788 0.0620792 0.0923706 0.0621406 0.0683853 0.0930762 0.0628274 0.0774291 0.0485419 0.0494222 0.0471601 0.0828993 0.0540731 0.0749146 0.0000000 0.0824174 0.0742200 0.0404723 0.1022624 0.0593578 0.0478918 0.0617023 0.0683614 0.0762340 0.0461014 0.0568099 0.0907796 0.1682675 0.0599811 0.0914502 0.0678378 0.0486325 0.0676355 0.0981682 0.0685752 0.0817176 0.0783856 0.0842605 0.0824503 0.0688450 0.0777593 0.1431580 0.0473368 0.0956458 0.1234334 0.1400308 0.0676355 0.1417944 0.1280786 0.0610957 0.0812877 0.0692277 0.1456033 0.0538677 0.0775416 0.0770090 0.0858616 0.0702759 0.0836189 0.0471457 0.0766846 0.0741578 0.0824174 0.0603337 0.0987389 0.0770466 0.0538677 0.0471601 0.0361028 0.0872040 0.0614380 0.0234774 0.0787079 0.0959083 0.0541161 0.0481079 0.0824328 0.0479234 0.0868799 0.0788450 0.0475148 0.0625516 0.0707913 0.0612047 0.0609726 0.0462710 0.0343155 0.0397456 0.1251148 0.1513126 0.0916252 0.0932866 0.0477555 0.0610207 0.0467038 0.0807114 0.0223965 0.0622473 
S0430      0.0610382 0.0324641 0.1232332 0.0917810 0.0715705 0.1247635 0.0939040 0.0701151 0.0702801 0.0784910 0.0803502 0.0936514 0.0744538 0.0761675 0.1005933 0.0559575 0.0490596 0.0824174 0.0000000 0.0909891 0.0690871 0.0597829 0.0827947 0.0845799 0.0632479 0.0393564 0.0996548 0.0827947 0.0812293 0.0162012 0.2094586 0.0598080 0.0053508 0.0997553 0.0872367 0.0422401 0.0849902 0.0776585 0.0530973 0.0884341 0.1312522 0.1149209 0.0943317 0.0905134 0.1834853 0.0338048 0.1141255 0.1441346 0.1998410 0.0422401 0.1903508 0.1472411 0.0343712 0.0878093 0.1291602 0.1956876 0.0687417 0.0776284 0.0866747 0.0854042 0.0797841 0.0108640 0.0618375 0.0786910 0.0411500 0.0000010 0.0909958 0.1255535 0.1078653 0.0687417 0.0761675 0.0435151 0.1521756 0.0658863 0.0439860 0.1103136 0.1091913 0.0804035 0.0548277 0.0492437 0.0796909 0.0999955 0.0889851 0.0745936 0.0917523 0.1023546 0.0627213 0.0778109 0.0696297 0.0690460 0.0752509 0.1640028 0.1664660 0.0837871 0.1014951 0.0553382 0.0711963 0.0681849 0.1153627 0.0842346 0.0861806 
S0552sl    0.0668454 0.0675336 0.1274985 0.1005480 0.0929700 0.1043232 0.1028899 0.0947790 0.0906005 0.1044154 0.0865958 0.1018745 0.0862375 0.0843423 0.0992535 0.0619111 0.0737436 0.0742200 0.0909891 0.0000000 0.0763301 0.1047835 0.0837226 0.0931190 0.0873909 0.0617452 0.1076414 0.0745504 0.0978331 0.0997658 0.2094690 0.0814625 0.1005247 0.1087776 0.0991807 0.0665831 0.0602040 0.0912808 0.0821992 0.0876801 0.0911721 0.0161420 0.0917005 0.1217279 0.1811942 0.0675449 0.0616992 0.0850823 0.1690168 0.0665831 0.1794860 0.1140053 0.0688216 0.1089332 0.1072734 0.1846473 0.0922780 0.1217633 0.1014081 0.0740931 0.0791212 0.0923510 0.0677185 0.1046615 0.0980036 0.0909891 0.0996548 0.0924156 0.0963951 0.0922780 0.0843423 0.0578535 0.1183872 0.0787176 0.0424119 0.0907566 0.1091824 0.0874986 0.0862832 0.0811393 0.0834457 0.1325399 0.0882209 0.0851132 0.0989413 0.0834498 0.0865740 0.0862001 0.0942999 0.0692277 0.0747806 0.1391548 0.1656668 0.1013558 0.0758058 0.0390331 0.1011490 0.0582982 0.0735315 0.0758215 0.0390501 
S0558      0.0410385 0.0781514 0.0794689 0.0542441 0.0614471 0.0760230 0.0554618 0.0537187 0.0950711 0.0611353 0.0618692 0.0558642 0.0419309 0.0409065 0.0623708 0.0403878 0.0693079 0.0404723 0.0690871 0.0763301 0.0000000 0.0968566 0.0281498 0.0478861 0.0473677 0.0621352 0.0705498 0.0406267 0.0500526 0.0771255 0.1554920 0.0410217 0.0776917 0.0474604 0.0559784 0.0620258 0.0848850 0.0558914 0.0761612 0.0725647 0.0937554 0.0695511 0.0488000 0.1091231 0.1313350 0.0417239 0.0868227 0.1134973 0.1126818 0.0620258 0.1300918 0.1089559 0.0554473 0.0338819 0.0549067 0.1335052 0.0474771 0.0494851 0.0482160 0.0767531 0.0644787 0.0700902 0.0415510 0.0612936 0.0836571 0.0690871 0.0538577 0.0659841 0.0763421 0.0474771 0.0409065 0.0114401 0.0863802 0.0490656 0.0174383 0.0629225 0.0714945 0.0535763 0.0230106 0.0695556 0.0601520 0.1196608 0.0729897 0.0481170 0.0546756 0.0560902 0.0470149 0.0417048 0.0460926 0.0224036 0.0342933 0.0895027 0.1133456 0.0859616 0.1114981 0.0420914 0.0408965 0.0545978 0.0729801 0.0412798 0.0713334 
S0616      0.0951960 0.0930818 0.1576142 0.1063294 0.1010455 0.1662177 0.1087632 0.1061036 0.0988216 0.1158668 0.1185438 0.1130721 0.0807175 0.0900756 0.1396433 0.0906576 0.0831465 0.1022624 0.0597829 0.1047835 0.0968566 0.0000000 0.0967965 0.0989077 0.0988408 0.0836452 0.1057365 0.1191646 0.0961300 0.0805511 0.2521405 0.0931966 0.0677001 0.0979881 0.1091904 0.0755560 0.0740041 0.1144399 0.0858555 0.1117818 0.1565216 0.1294580 0.1014024 0.1195969 0.2228554 0.0644376 0.1384729 0.1706604 0.2168077 0.0755560 0.2303045 0.1731373 0.0655958 0.1034499 0.1718364 0.2261775 0.0980257 0.1453567 0.0938536 0.1150165 0.1024396 0.0606074 0.0964976 0.1161168 0.0334604 0.0597829 0.0909784 0.1690998 0.1474548 0.0980257 0.0900756 0.0789658 0.1766359 0.0893091 0.0641777 0.1289761 0.1402463 0.1186257 0.1160380 0.0834334 0.1175844 0.1301842 0.1125229 0.0994764 0.1295320 0.1421191 0.0979161 0.0920410 0.1020127 0.1045568 0.1108261 0.1740872 0.2132371 0.1206325 0.1045783 0.0896656 0.1254775 0.0875525 0.1565747 0.1045212 0.1001935 
S0641      0.0602376 0.0934078 0.1142924 0.0344416 0.0845192 0.1166719 0.0351942 0.0756737 0.1101242 0.0841127 0.0936921 0.0765030 0.0268839 0.0222824 0.0832825 0.0684520 0.0905395 0.0593578 0.0827947 0.0837226 0.0281498 0.0967965 0.0000000 0.0285156 0.0688542 0.0768470 0.0921657 0.0596042 0.0297362 0.0912071 0.1775191 0.0535630 0.0918840 0.0282682 0.0415451 0.0827947 0.0925399 0.0688805 0.0892797 0.0948519 0.1016895 0.0768380 0.0352357 0.1328957 0.1625766 0.0539788 0.1144963 0.1445111 0.1319748 0.0827947 0.1598643 0.1384223 0.0681575 0.0470555 0.0924083 0.1642142 0.0282776 0.0554809 0.0848299 0.1016567 0.0861254 0.0840087 0.0610161 0.0843188 0.0977977 0.0827947 0.0342245 0.0902607 0.1171365 0.0282776 0.0222824 0.0362500 0.1296296 0.0486380 0.0366018 0.1024196 0.1129331 0.0835127 0.0414646 0.0828103 0.0908411 0.1443510 0.0954460 0.0286383 0.0844299 0.0946311 0.0682793 0.0226884 0.0776425 0.0403147 0.0528433 0.1346909 0.1517628 0.0836857 0.1113710 0.0618375 0.0758946 0.0747616 0.1154631 0.0605822 0.0788209 
S0643      0.0614655 0.0956822 0.1357746 0.0165464 0.0863829 0.1202140 0.0110960 0.0772915 0.1126895 0.0716607 0.0958129 0.0783497 0.0064154 0.0053567 0.1013593 0.0698950 0.0925193 0.0478918 0.0845799 0.0931190 0.0478861 0.0989077 0.0285156 0.0000000 0.0703185 0.0786665 0.1019981 0.0676033 0.0114110 0.0932153 0.1638184 0.0688995 0.0939225 0.0223995 0.0227804 0.0845799 0.0946074 0.0703437 0.0912066 0.0856083 0.1142335 0.1023952 0.0286174 0.1203006 0.1582326 0.0550753 0.1095743 0.1399059 0.1646474 0.0845799 0.1555092 0.1444496 0.0695894 0.0688668 0.1112781 0.1598237 0.0108731 0.0789551 0.0790584 0.1039918 0.0772992 0.0858462 0.0622770 0.0861757 0.0999517 0.0845799 0.0164548 0.1100684 0.1206978 0.0108731 0.0053567 0.0430684 0.1336617 0.0565060 0.0376184 0.1055697 0.1154777 0.0853278 0.0631154 0.0845961 0.0784896 0.1315039 0.0861211 0.0110055 0.0794046 0.0966757 0.0697160 0.0166033 0.0632987 0.0549344 0.0605315 0.1582283 0.1764074 0.0855140 0.1161642 0.0631342 0.0775247 0.0763381 0.1181203 0.0619842 0.0729358 
S0645sl    0.0493718 0.0567490 0.1236669 0.0773034 0.0223158 0.1009667 0.0791071 0.0162902 0.0804840 0.0221970 0.0358132 0.0797985 0.0672782 0.0623385 0.0885221 0.0166934 0.0583800 0.0617023 0.0632479 0.0873909 0.0473677 0.0988408 0.0688542 0.0703185 0.0000000 0.0325997 0.0775936 0.0619708 0.0737453 0.0712204 0.1605088 0.0545383 0.0717468 0.0850199 0.0799463 0.0510367 0.0985446 0.0418092 0.0557326 0.0582804 0.1246859 0.1120639 0.0711626 0.1239200 0.1473041 0.0353673 0.1063636 0.1358641 0.1520570 0.0510367 0.1370247 0.1391939 0.0359912 0.0723852 0.0935113 0.1406298 0.0696905 0.0890991 0.0719137 0.0347908 0.0506129 0.0641727 0.0353539 0.0222584 0.0699570 0.0632479 0.0766725 0.0800245 0.1013871 0.0696905 0.0623385 0.0310451 0.1130925 0.0469557 0.0175004 0.0869842 0.1058359 0.0287351 0.0649114 0.0504164 0.0348786 0.1355605 0.0586047 0.0628596 0.0674073 0.0794828 0.0106944 0.0636599 0.0380820 0.0555286 0.0548973 0.1137975 0.1474383 0.0485588 0.1139475 0.0507156 0.0554871 0.0569797 0.0990109 0.0630308 0.0823331 
S0656sl    0.0388223 0.0470277 0.1394887 0.0865261 0.0403570 0.1039911 0.0887487 0.0395054 0.0559393 0.0473218 0.0401036 0.0694383 0.0758874 0.0695926 0.0767664 0.0185775 0.0547042 0.0683614 0.0393564 0.0617452 0.0621352 0.0836452 0.0768470 0.0786665 0.0325997 0.0000000 0.0756812 0.0686942 0.0829619 0.0470578 0.1754146 0.0455683 0.0474228 0.0952406 0.0813918 0.0470371 0.0803168 0.0386379 0.0461131 0.0476151 0.1086342 0.0859957 0.0891747 0.1238292 0.1638537 0.0250238 0.0820800 0.1117713 0.1656460 0.0470371 0.1616158 0.1137526 0.0254842 0.0932760 0.1174523 0.1652405 0.0695926 0.0909757 0.0727078 0.0469606 0.0398347 0.0399497 0.0119389 0.0474668 0.0536988 0.0393564 0.0690311 0.0814164 0.1044633 0.0695926 0.0695926 0.0346386 0.1420102 0.0453974 0.0127165 0.0885742 0.1095274 0.0394977 0.0639278 0.0547153 0.0470389 0.1362555 0.0478841 0.0702524 0.0876270 0.0803007 0.0323452 0.0712394 0.0427815 0.0546006 0.0607803 0.1183753 0.1605992 0.0460906 0.0799836 0.0325667 0.0639593 0.0460415 0.1019914 0.0699916 0.0636512 
S0673      0.0682027 0.1133730 0.1198367 0.1096473 0.0940642 0.1274339 0.1122099 0.0846602 0.1135631 0.0827018 0.0770588 0.0959158 0.0872038 0.0928603 0.0864392 0.0604562 0.0915595 0.0762340 0.0996548 0.1076414 0.0705498 0.1057365 0.0921657 0.1019981 0.0775936 0.0756812 0.0000000 0.0765826 0.1072643 0.1087776 0.2450711 0.0759349 0.1096225 0.1010277 0.1135151 0.0837085 0.1259128 0.0752648 0.0844506 0.0403943 0.1608314 0.1173570 0.1128109 0.1443695 0.2147155 0.0619010 0.1423604 0.1619804 0.2138288 0.0837085 0.2128236 0.1669043 0.0767724 0.0951247 0.1319801 0.2190823 0.1010675 0.1156061 0.1111210 0.1006908 0.0339153 0.1011712 0.0533749 0.0938462 0.0906138 0.0996548 0.1086405 0.0944006 0.1279318 0.1010675 0.0928603 0.0504014 0.1555463 0.0772385 0.0428207 0.1127185 0.1336735 0.0844422 0.0803311 0.0996742 0.0918670 0.1565235 0.0405832 0.0937404 0.1132486 0.1045882 0.0769108 0.0949415 0.0690820 0.0628727 0.0691110 0.1194413 0.1691677 0.0520829 0.1431641 0.0700714 0.0952002 0.0761723 0.1267099 0.0779202 0.0951241 
S0689      0.0340214 0.0847713 0.1220602 0.0742618 0.0772264 0.0997574 0.0759238 0.0544870 0.1012808 0.0768451 0.0777898 0.0618102 0.0648949 0.0600167 0.0683090 0.0542975 0.0752509 0.0461014 0.0827947 0.0745504 0.0406267 0.1191646 0.0596042 0.0676033 0.0619708 0.0686942 0.0765826 0.0000000 0.0707476 0.0912071 0.1660755 0.0602335 0.0918840 0.0815994 0.0766875 0.0679315 0.0909170 0.0688805 0.0673751 0.0787549 0.1168246 0.0828286 0.0761943 0.1242918 0.1412368 0.0475262 0.0951820 0.1048798 0.1407365 0.0679315 0.1398984 0.1359342 0.0613579 0.0670226 0.0620189 0.1436236 0.0670242 0.0558606 0.0695495 0.0855108 0.0705969 0.0840087 0.0473336 0.0770383 0.0896152 0.0827947 0.0736868 0.0984933 0.1001691 0.0670242 0.0600167 0.0298309 0.0785764 0.0478425 0.0297306 0.0859540 0.1045097 0.0685064 0.0354365 0.0828103 0.0610169 0.1353563 0.0792193 0.0604941 0.0617621 0.0785554 0.0614679 0.0612336 0.0693856 0.0403147 0.0163524 0.1346909 0.1415236 0.0920612 0.1358937 0.0411657 0.0544746 0.0604246 0.0735058 0.0470201 0.0696374 
S0690      0.0643300 0.0924104 0.1344131 0.0172288 0.0907647 0.1266703 0.0176112 0.0810814 0.1187577 0.0752291 0.1008117 0.0898434 0.0067230 0.0055690 0.1065837 0.0732714 0.0894604 0.0568099 0.0812293 0.0978331 0.0500526 0.0961300 0.0297362 0.0114110 0.0737453 0.0829619 0.1072643 0.0707476 0.0000000 0.0979378 0.1604725 0.0721774 0.0820003 0.0233385 0.0237529 0.0812293 0.0994757 0.0737675 0.0869504 0.0898909 0.1204298 0.1077088 0.0298476 0.1267811 0.1547109 0.0576308 0.1156684 0.1367532 0.1613291 0.0812293 0.1519382 0.1527183 0.0729392 0.0721429 0.1171454 0.1562893 0.0113139 0.0829197 0.0830328 0.1095068 0.0810804 0.0824986 0.0652210 0.0905413 0.0971919 0.0812293 0.0171283 0.1162069 0.1271917 0.0113139 0.0055690 0.0450718 0.1411314 0.0591990 0.0394037 0.1112221 0.1218250 0.0895893 0.0661424 0.0812456 0.0823930 0.1388024 0.0904614 0.0114563 0.0833986 0.1017647 0.0730773 0.0172902 0.0755214 0.0574702 0.0633018 0.1676212 0.1869652 0.0898096 0.1225958 0.0661632 0.0813453 0.0800292 0.1247588 0.0640285 0.0766254 
S0724sl    0.0686629 0.0541628 0.1504456 0.1006501 0.0644874 0.1348029 0.1029951 0.0782788 0.0705546 0.0870759 0.0891591 0.1027291 0.0750916 0.0844284 0.1098306 0.0636297 0.0700932 0.0907796 0.0162012 0.0997658 0.0771255 0.0805511 0.0912071 0.0932153 0.0712204 0.0470578 0.1087776 0.0912071 0.0979378 0.0000000 0.2229392 0.0672460 0.0221952 0.0923370 0.0961999 0.0627101 0.0777638 0.0861047 0.0603009 0.0975445 0.1418928 0.1245200 0.1035079 0.1140194 0.1959408 0.0402841 0.1242237 0.1554040 0.2130040 0.0627101 0.2029747 0.1387111 0.0409799 0.0962133 0.1395534 0.2087401 0.0767232 0.0860963 0.0955803 0.0941513 0.0885177 0.0281683 0.0695856 0.0797388 0.0609852 0.0162012 0.0997553 0.1361454 0.1173092 0.0767232 0.0844284 0.0509143 0.1635775 0.0734644 0.0442987 0.1200201 0.1187583 0.0892192 0.0623197 0.0703461 0.0884177 0.1245169 0.0981752 0.0826440 0.1005998 0.1117892 0.0559483 0.0862900 0.0785432 0.0770781 0.0833833 0.1758840 0.1780514 0.0923225 0.1108395 0.0629157 0.0795499 0.0760892 0.1255710 0.0928203 0.0950234 
S0735      0.1714794 0.1993638 0.2590102 0.1732587 0.1830840 0.2158748 0.1773725 0.1690167 0.2426952 0.1641383 0.1968373 0.1894034 0.1511824 0.1519429 0.1903336 0.1589916 0.2089443 0.1682675 0.2094586 0.2094690 0.1554920 0.2521405 0.1775191 0.1638184 0.1605088 0.1754146 0.2450711 0.1660755 0.1604725 0.2229392 0.0000000 0.1832270 0.2252084 0.1834200 0.1621905 0.1973395 0.2490765 0.1771768 0.2059977 0.2302123 0.2567205 0.2347411 0.1869020 0.2661155 0.0530549 0.1633555 0.2307544 0.2744674 0.0525034 0.1973395 0.0220806 0.2175653 0.1671469 0.1740497 0.2033256 0.0225608 0.1621905 0.2005010 0.1646298 0.2085186 0.2159802 0.2130746 0.1742300 0.1644275 0.2193788 0.2094586 0.1713410 0.2315158 0.2163714 0.1621905 0.1519429 0.1470712 0.2350127 0.1738329 0.1196599 0.1981151 0.2248943 0.1801223 0.1977811 0.1865357 0.1715144 0.2847442 0.2321236 0.1537164 0.1622021 0.2093075 0.1586524 0.1736920 0.1757832 0.1705741 0.1559552 0.2990147 0.2936941 0.2138581 0.2609012 0.1771366 0.1710505 0.1943167 0.2173085 0.1908000 0.2051332 
S0742      0.0342359 0.0602031 0.1115409 0.0757126 0.0692228 0.0829205 0.0774424 0.0610826 0.0686168 0.0619800 0.0632389 0.0774089 0.0653029 0.0611259 0.0354892 0.0412178 0.0681849 0.0599811 0.0598080 0.0814625 0.0410217 0.0931966 0.0535630 0.0688995 0.0545383 0.0455683 0.0759349 0.0602335 0.0721774 0.0672460 0.1832270 0.0000000 0.0677150 0.0682723 0.0782418 0.0610349 0.0993711 0.0482828 0.0653879 0.0635129 0.1030562 0.0747668 0.0777304 0.1315340 0.1594823 0.0336067 0.0959195 0.1158816 0.1534017 0.0610349 0.1660067 0.1273659 0.0462228 0.0596263 0.0935874 0.1704971 0.0682973 0.0713345 0.0700547 0.0683439 0.0558922 0.0606320 0.0346499 0.0615762 0.0661188 0.0598080 0.0751122 0.0813461 0.0991390 0.0682973 0.0611259 0.0238343 0.1219189 0.0673457 0.0237705 0.0850636 0.0867672 0.0705025 0.0488050 0.0684256 0.0777405 0.1428608 0.0638638 0.0616229 0.0757109 0.0777457 0.0541132 0.0623918 0.0459855 0.0348100 0.0533821 0.1054133 0.1183496 0.0603726 0.0831296 0.0350864 0.0561372 0.0348728 0.0967136 0.0612343 0.0496259 
S0748      0.0691525 0.0402480 0.1347575 0.1014226 0.0805438 0.1359125 0.1038017 0.0788606 0.0790815 0.0877423 0.0898556 0.1035330 0.0848663 0.0850537 0.1106938 0.0640932 0.0568990 0.0914502 0.0053508 0.1005247 0.0776917 0.0677001 0.0918840 0.0939225 0.0717468 0.0474228 0.1096225 0.0918840 0.0820003 0.0221952 0.2252084 0.0677150 0.0000000 0.1097300 0.0969529 0.0497547 0.0944235 0.0867540 0.0457455 0.0983182 0.1431196 0.1255132 0.1043256 0.0999920 0.1978245 0.0405526 0.1252671 0.1317623 0.2151375 0.0497547 0.2049426 0.1596479 0.0412578 0.0969188 0.1407353 0.2108239 0.0772830 0.0867474 0.0963249 0.0948737 0.0892045 0.0167497 0.0700883 0.0879620 0.0484165 0.0053508 0.1005126 0.1373249 0.1182400 0.0772830 0.0850537 0.0512877 0.1650578 0.0739773 0.0518637 0.1209948 0.1197106 0.0899167 0.0627646 0.0571130 0.0891033 0.1100347 0.0989610 0.0832421 0.1013699 0.1126835 0.0711189 0.0869432 0.0791817 0.0776436 0.0839927 0.1775241 0.1796672 0.0930160 0.1117192 0.0633693 0.0801535 0.0766400 0.1266350 0.0752316 0.0957592 
S0756      0.0753851 0.1131088 0.1343954 0.0281782 0.0855627 0.1372869 0.0287861 0.0921982 0.1201439 0.0866961 0.1119807 0.1008865 0.0063525 0.0164131 0.1003960 0.0844582 0.1080667 0.0678378 0.0997553 0.1087776 0.0474604 0.0979881 0.0282682 0.0223995 0.0850199 0.0952406 0.1010277 0.0815994 0.0233385 0.0923370 0.1834200 0.0682723 0.1097300 0.0000000 0.0349399 0.0997553 0.0937040 0.0850235 0.1065359 0.1009526 0.1131067 0.1014166 0.0409609 0.1458331 0.1777536 0.0688269 0.1270175 0.1588515 0.1629424 0.0997553 0.1748389 0.1239234 0.0841002 0.0682399 0.1102066 0.1797289 0.0222147 0.0782068 0.0943658 0.1205727 0.0921694 0.1012740 0.0764046 0.0939440 0.0990151 0.0997553 0.0280084 0.1089501 0.1378040 0.0222147 0.0164131 0.0495571 0.1516374 0.0706466 0.0372699 0.1223166 0.1328405 0.1006428 0.0625333 0.0997748 0.0936178 0.1580798 0.1015864 0.0224921 0.0947136 0.1129946 0.0690733 0.0282729 0.0880826 0.0544404 0.0741917 0.1565766 0.1745689 0.1009260 0.1149977 0.0774826 0.0925106 0.0910264 0.1359024 0.0829940 0.0882197 
S0763      0.0703296 0.0947287 0.1127276 0.0286673 0.0635312 0.1190932 0.0292972 0.0872579 0.1164732 0.0815512 0.1071944 0.0960555 0.0201269 0.0166818 0.1128368 0.0794191 0.0916883 0.0486325 0.0872367 0.0991807 0.0559784 0.1091904 0.0415451 0.0227804 0.0799463 0.0813918 0.1135151 0.0766875 0.0237529 0.0961999 0.1621905 0.0782418 0.0969529 0.0349399 0.0000000 0.0838252 0.1007562 0.0799590 0.0940703 0.0961136 0.1030509 0.1085568 0.0417201 0.1095425 0.1566507 0.0567027 0.1161203 0.1466880 0.1630141 0.0838252 0.1539649 0.1510691 0.0717224 0.0850081 0.0934928 0.1582009 0.0225892 0.0892275 0.0893494 0.1159052 0.0872414 0.0885830 0.0712993 0.0968387 0.0865771 0.0872367 0.0284910 0.1089962 0.1195708 0.0225892 0.0166818 0.0512012 0.1323800 0.0649159 0.0372767 0.1045767 0.1143723 0.0794863 0.0723001 0.0838411 0.0627951 0.1201133 0.0967254 0.0228764 0.0786814 0.0957728 0.0792159 0.0287652 0.0650292 0.0634613 0.0692021 0.1566459 0.1746463 0.0960617 0.1047062 0.0625739 0.0875513 0.0756653 0.1169690 0.0780289 0.0791039 
S0770      0.0473502 0.0119331 0.0781456 0.0917810 0.0638055 0.0811631 0.0939040 0.0650143 0.0794387 0.0734341 0.0647918 0.0860662 0.0848310 0.0761675 0.0844651 0.0421530 0.0052878 0.0676355 0.0422401 0.0665831 0.0620258 0.0755560 0.0827947 0.0845799 0.0510367 0.0470371 0.0837085 0.0679315 0.0812293 0.0627101 0.1973395 0.0610349 0.0497547 0.0997553 0.0838252 0.0000000 0.0681651 0.0698362 0.0547144 0.0724227 0.1095191 0.0880517 0.0943317 0.0680659 0.1887419 0.0347657 0.0937513 0.1209119 0.1879951 0.0000010 0.1870051 0.1244720 0.0353658 0.1076472 0.0839280 0.1923524 0.0838252 0.1046282 0.0789863 0.0804949 0.0643525 0.0428281 0.0479488 0.0736302 0.0485585 0.0422401 0.0909958 0.0872629 0.0814954 0.0838252 0.0761675 0.0301899 0.1023836 0.0778292 0.0300027 0.0682257 0.0848493 0.0648342 0.0711441 0.0107353 0.0555348 0.0765170 0.0728460 0.0768370 0.0685494 0.0614384 0.0575409 0.0778109 0.0616065 0.0547354 0.0608071 0.1119916 0.1367646 0.0789426 0.1008709 0.0344077 0.0711963 0.0336831 0.0784119 0.0690844 0.0616477 
S0771      0.0684382 0.0861342 0.1473475 0.1021659 0.0874266 0.1398560 0.1045768 0.0891547 0.1008560 0.1166755 0.0888578 0.1159649 0.0683122 0.0856607 0.1191369 0.0785844 0.0755240 0.0981682 0.0849902 0.0602040 0.0848850 0.0740041 0.0925399 0.0946074 0.0985446 0.0803168 0.1259128 0.0909170 0.0994757 0.0777638 0.2490765 0.0993711 0.0944235 0.0937040 0.1007562 0.0681651 0.0000000 0.1104279 0.0924661 0.1147860 0.0857006 0.0813501 0.0931483 0.1110652 0.2394125 0.0691731 0.0865823 0.0958572 0.2253978 0.0681651 0.2374108 0.0839472 0.0705159 0.1188472 0.1446736 0.2445547 0.0937409 0.1324824 0.0873193 0.0940719 0.1051613 0.0862731 0.0845843 0.1084428 0.0825104 0.0849902 0.1012423 0.1508135 0.1309228 0.0937409 0.0856607 0.0590743 0.1385295 0.0964670 0.0434032 0.1053529 0.1155755 0.0986358 0.0951407 0.0831260 0.0779678 0.1212086 0.1155684 0.0951627 0.1083471 0.1170653 0.0809307 0.0875774 0.1158822 0.0925284 0.0989259 0.1809918 0.2102765 0.1217162 0.0760025 0.0683806 0.1044591 0.0737682 0.1173762 0.0843046 0.0684070 
S0827      0.0414623 0.0706456 0.1333768 0.0773198 0.0558932 0.0852484 0.0638306 0.0482115 0.0880958 0.0555979 0.0345738 0.0873629 0.0769916 0.0623704 0.0781177 0.0282683 0.0773987 0.0685752 0.0776585 0.0912808 0.0558914 0.1144399 0.0688805 0.0703437 0.0418092 0.0386379 0.0752648 0.0688805 0.0737675 0.0861047 0.1771768 0.0482828 0.0867540 0.0850235 0.0799590 0.0698362 0.1104279 0.0000000 0.0763049 0.0629610 0.1147144 0.0842755 0.0640235 0.1443178 0.1802782 0.0417624 0.0818814 0.1089117 0.1682432 0.0698362 0.1772980 0.1215133 0.0555221 0.0924153 0.0963077 0.1823377 0.0697162 0.0890946 0.0720332 0.0551942 0.0554237 0.0788166 0.0283288 0.0557478 0.0845676 0.0776585 0.0766896 0.0578204 0.0856108 0.0697162 0.0623704 0.0306881 0.1166502 0.0617725 0.0114605 0.0716628 0.0893051 0.0552982 0.0721900 0.0553583 0.0621256 0.1564359 0.0633049 0.0628914 0.0720175 0.0645054 0.0415002 0.0636915 0.0249712 0.0560023 0.0477907 0.0969542 0.1348613 0.0615853 0.1221409 0.0425378 0.0648068 0.0551765 0.0825627 0.0700676 0.0721287 
S0888      0.0605479 0.0686467 0.1382485 0.0984787 0.0637005 0.1236041 0.1007371 0.0624282 0.0625514 0.0704326 0.0721737 0.1015734 0.0916879 0.0826350 0.0996844 0.0555022 0.0617521 0.0817176 0.0530973 0.0821992 0.0761612 0.0858555 0.0892797 0.0912066 0.0557326 0.0461131 0.0844506 0.0673751 0.0869504 0.0603009 0.2059977 0.0653879 0.0457455 0.1065359 0.0940703 0.0547144 0.0924661 0.0763049 0.0000000 0.0876265 0.1390381 0.1052125 0.1012214 0.1242826 0.1901732 0.0276269 0.1039258 0.0950326 0.1964956 0.0547144 0.1785341 0.1551479 0.0280767 0.1032793 0.1101832 0.1834663 0.0903961 0.1117563 0.0942912 0.0694143 0.0790735 0.0538188 0.0613344 0.0706156 0.0592998 0.0530973 0.0976238 0.1138190 0.1240832 0.0903961 0.0826350 0.0508281 0.1313270 0.0676701 0.0436318 0.1092889 0.1295266 0.0796820 0.0860645 0.0614131 0.0789820 0.1353820 0.0881665 0.0833726 0.0976309 0.1014140 0.0552869 0.0844203 0.0768801 0.0684701 0.0746212 0.1623688 0.1728382 0.0622534 0.1157103 0.0478726 0.0861732 0.0676237 0.1142482 0.0664310 0.0773474 
