131
PAFTOL_019361 0.0000000 0.1857728 0.2299501 0.2331735 0.1859146 0.1941718 0.2449674 0.2187149 0.2097776 0.2575629 0.1951800 0.2209857 0.2223420 0.2488805 0.2366026 0.2341328 0.2080431 0.2120638 0.2349156 0.2267439 0.2090171 0.1927367 0.1952110 0.2257128 0.2216499 0.2181466 0.2032083 0.2148735 0.2356070 0.2206010 0.2199707 0.2126038 0.2053198 0.2441052 0.2176893 0.2029105 0.1932960 0.2114758 0.2168561 0.1977231 0.2072590 0.2306938 0.2050559 0.2151891 0.2439446 0.2096827 0.2226899 0.1982031 0.2032250 0.2009959 0.1899406 0.2059753 0.1970341 0.2488233 0.2040430 0.2274850 0.2368955 0.1859173 0.2178292 0.2305535 0.2266302 0.2787677 0.2032407 0.2111761 0.2206233 0.2157442 0.2080725 0.2028024 0.2334636 0.2214554 0.2259798 0.2283629 0.2194570 0.2031257 0.2188170 0.3018566 0.2029113 0.2199418 0.2009234 0.2188330 0.2239753 0.1923158 0.2092017 0.1912303 0.2114258 0.1919520 0.1928714 0.2131733 0.2254413 0.2376946 0.2234034 0.2201856 0.2177244 0.1992213 0.2249579 0.1957510 0.1920963 0.1888704 0.1841987 0.1784875 0.1951424 0.1853375 0.2147643 0.2039911 0.2126536 0.2654524 0.1948717 0.1978394 0.2221226 0.2124966 0.1985115 0.1901935 0.2062944 0.1975842 0.2116055 0.2072882 0.2043860 0.1946417 0.2212404 0.1938990 0.1821821 0.2144803 0.2167757 0.2056518 0.2121818 0.2112649 0.2666995 0.1978834 0.2048858 0.2189292 0.2060763 
S0055         0.1857728 0.0000000 0.0636781 0.1072206 0.0551255 0.0273187 0.1119274 0.0958845 0.0750416 0.0642258 0.0443487 0.0995327 0.0983182 0.1052395 0.1011236 0.1058072 0.0751644 0.0723646 0.0877590 0.0931865 0.0702851 0.0261898 0.0342018 0.1024745 0.0621821 0.0762504 0.0627521 0.0655116 0.0803774 0.0934264 0.0851668 0.0824904 0.0563500 0.0918284 0.0917392 0.0331441 0.0296549 0.0974723 0.0750632 0.0695870 0.0528385 0.0400790 0.0705224 0.0901416 0.1287033 0.0672113 0.0921783 0.0622269 0.0315127 0.0602427 0.0250973 0.0668805 0.0629813 0.0877409 0.0694542 0.0878565 0.0825568 0.0667891 0.0721402 0.0902816 0.0795360 0.1250285 0.0779823 0.0792115 0.0652734 0.0666546 0.1206388 0.0777938 0.0752648 0.0861538 0.0800655 0.0828191 0.1155961 0.0614521 0.1197057 0.1494559 0.0628820 0.0793581 0.0595348 0.0959991 0.1203190 0.0229341 0.0398741 0.0532075 0.0700971 0.0647468 0.0680743 0.0932462 0.0809973 0.1198776 0.0788067 0.0976531 0.0919867 0.0386570 0.0787699 0.0762768 0.0728108 0.0261196 0.0331635 0.0210115 0.0779380 0.0395141 0.0797681 0.0682533 0.0822480 0.1095191 0.0351463 0.0643016 0.0897445 0.0664572 0.0669166 0.0250690 0.0604243 0.0639929 0.0672336 0.0363477 0.0891893 0.0294654 0.0826736 0.0294055 0.0420129 0.0806444 0.0679644 0.0759469 0.0640314 0.0557321 0.1156355 0.0626021 0.0595861 0.0568218 0.0554380 
S0196sl       0.2299501 0.0636781 0.0000000 0.0979473 0.0445442 0.0615696 0.0795106 0.0887886 0.0667337 0.0466952 0.0812918 0.1055914 0.0746551 0.1088813 0.0885803 0.0907515 0.0720002 0.0719293 0.0746557 0.0858472 0.0774957 0.0611851 0.0654478 0.1011934 0.0728091 0.0783075 0.0134382 0.0778490 0.0703306 0.0810792 0.0860386 0.0841174 0.0809596 0.0885613 0.0935407 0.0675820 0.0655851 0.0974304 0.0762032 0.0673484 0.0674121 0.0555512 0.0541079 0.0807179 0.1317978 0.0954236 0.0813461 0.0662927 0.0589427 0.0100101 0.0591469 0.0117786 0.0100652 0.1133821 0.0542966 0.0907969 0.0896801 0.0590470 0.0642013 0.0761165 0.0818242 0.1214095 0.0842030 0.0687508 0.1022098 0.0407416 0.1133556 0.0790035 0.0846639 0.0942536 0.0875406 0.0850223 0.1115613 0.0100101 0.1216865 0.1099119 0.0428657 0.0806265 0.0728164 0.0910442 0.1178254 0.0530205 0.0715776 0.0524921 0.0724553 0.0596066 0.0734452 0.0766207 0.0769627 0.1286625 0.0733818 0.0858999 0.0764844 0.0739794 0.0951651 0.0653657 0.0719582 0.0568629 0.0629411 0.0716670 0.0768664 0.0527104 0.0836452 0.0622622 0.0705022 0.0933352 0.0694785 0.0169234 0.0893291 0.0445037 0.0633004 0.0570736 0.0388548 0.0666691 0.0551391 0.0670745 0.0842989 0.0735660 0.0636922 0.0629347 0.0591489 0.0680808 0.0695097 0.0692963 0.0654423 0.0593942 0.1125107 0.0257163 0.0569588 0.0655060 0.0585859 
S0278         0.2331735 0.1072206 0.0979473 0.0000000 0.0886082 0.1067522 0.1412050 0.0622107 0.1075099 0.1515646 0.1328775 0.0522612 0.1253290 0.1296897 0.0703320 0.1350357 0.0643840 0.1146693 0.1219154 0.1230833 0.1032024 0.1060782 0.1179223 0.0709801 0.1150402 0.0627785 0.1023896 0.1044585 0.0685432 0.1164760 0.0753232 0.1209034 0.1072349 0.1323157 0.0525784 0.1175369 0.1145093 0.0537454 0.0793059 0.0765849 0.1079576 0.1342787 0.1044808 0.1214111 0.1635548 0.1156141 0.1185771 0.0963153 0.1121485 0.0981865 0.1023686 0.1040773 0.1014307 0.1395919 0.1033791 0.0839267 0.1179965 0.0737645 0.0879583 0.1169483 0.1110338 0.1558295 0.1126071 0.1156059 0.1326254 0.0985655 0.1469786 0.1058058 0.1137920 0.1164722 0.1206485 0.1273880 0.1554596 0.1008729 0.1588132 0.1757090 0.1046644 0.1127107 0.1131844 0.1240168 0.1580153 0.1065003 0.1203200 0.1017364 0.0591999 0.0742318 0.0763915 0.1115979 0.0820057 0.0568657 0.1136602 0.1230330 0.1186570 0.1188542 0.1161420 0.1102158 0.1067062 0.1048838 0.1056320 0.1001767 0.1165426 0.0982159 0.0960566 0.1036074 0.1152539 0.0697548 0.1152237 0.1071724 0.0699003 0.0982453 0.0794652 0.1064090 0.0925815 0.1033696 0.0977516 0.1119900 0.0601819 0.1131549 0.0895029 0.1030558 0.1006280 0.1115515 0.1097333 0.0783650 0.1067392 0.0999965 0.1279396 0.0941063 0.1003448 0.1064114 0.0988819 
S0281         0.1859146 0.0551255 0.0445442 0.0886082 0.0000000 0.0570267 0.1001702 0.0829684 0.0710989 0.0922472 0.0673095 0.0882508 0.0857888 0.0971029 0.0967743 0.0952823 0.0637551 0.0719100 0.0811128 0.0865507 0.0568662 0.0593331 0.0611423 0.0916466 0.0649544 0.0646355 0.0390095 0.0647617 0.0726076 0.0774016 0.0720342 0.0760566 0.0724850 0.0808030 0.0859708 0.0612437 0.0573316 0.0832314 0.0661583 0.0568186 0.0681102 0.0694968 0.0459831 0.0822321 0.1226753 0.0798105 0.0812915 0.0626269 0.0592366 0.0367447 0.0545648 0.0426297 0.0391429 0.0925585 0.0460817 0.0704268 0.0698786 0.0542338 0.0656969 0.0786596 0.0719554 0.1214122 0.0729774 0.0688952 0.0806494 0.0446195 0.1043884 0.0705383 0.0702685 0.0774531 0.0762081 0.0788853 0.1079962 0.0378511 0.1134528 0.1468464 0.0644225 0.0703872 0.0689466 0.0860868 0.1154087 0.0545386 0.0696659 0.0522792 0.0649689 0.0545580 0.0589971 0.0809134 0.0677372 0.1016936 0.0708381 0.0852286 0.0784552 0.0672338 0.0699010 0.0651132 0.0726573 0.0555928 0.0536447 0.0541363 0.0738384 0.0519832 0.0765566 0.0645231 0.0718203 0.1036287 0.0644182 0.0391977 0.0762089 0.0444968 0.0580861 0.0544958 0.0389827 0.0618200 0.0583976 0.0682011 0.0769495 0.0629047 0.0679751 0.0579683 0.0557451 0.0740307 0.0678061 0.0601700 0.0570488 0.0560206 0.1029333 0.0433358 0.0569374 0.0647777 0.0519165 
S0282         0.1941718 0.0273187 0.0615696 0.1067522 0.0570267 0.0000000 0.1132367 0.0909098 0.0691048 0.0474498 0.0429751 0.0988688 0.0964282 0.1051547 0.0975744 0.1116236 0.0757738 0.0747553 0.0894304 0.0944432 0.0651821 0.0141445 0.0217054 0.1016569 0.0589250 0.0781557 0.0649259 0.0659072 0.0760293 0.0915950 0.0832474 0.0830283 0.0594559 0.0926695 0.0954192 0.0293295 0.0174108 0.0952548 0.0731025 0.0649727 0.0522937 0.0269289 0.0723603 0.0927673 0.1294756 0.0679024 0.0917081 0.0654806 0.0214930 0.0624099 0.0100371 0.0678336 0.0651623 0.0887991 0.0713002 0.0870500 0.0836499 0.0622603 0.0716814 0.0885304 0.0788020 0.1175500 0.0786759 0.0772204 0.0584298 0.0649922 0.1243924 0.0826982 0.0755672 0.0861501 0.0751966 0.0778746 0.1177897 0.0636210 0.1204961 0.1506471 0.0674001 0.0803064 0.0527386 0.0938415 0.1225368 0.0121176 0.0282807 0.0552828 0.0694869 0.0602379 0.0635331 0.0913725 0.0802630 0.1173388 0.0782707 0.0931539 0.0901466 0.0260023 0.0795887 0.0788045 0.0746461 0.0131212 0.0196196 0.0275252 0.0786171 0.0344896 0.0774830 0.0677122 0.0774206 0.1116114 0.0248974 0.0664889 0.0903020 0.0648007 0.0626094 0.0090106 0.0588273 0.0649704 0.0612375 0.0248487 0.0844189 0.0323927 0.0806222 0.0183283 0.0464004 0.0816930 0.0743438 0.0712016 0.0635036 0.0588930 0.1229210 0.0623151 0.0576230 0.0549394 0.0562939 
S0288         0.2449674 0.1119274 0.0795106 0.1412050 0.1001702 0.1132367 0.0000000 0.1263183 0.1101146 0.1745921 0.1272104 0.1295438 0.0246582 0.0848867 0.1475110 0.0308735 0.1070170 0.1190840 0.1013944 0.0222659 0.1102608 0.1145523 0.1124755 0.1349523 0.1289220 0.1113848 0.1001712 0.1113732 0.0965862 0.0211706 0.1199262 0.1140600 0.1225211 0.0952082 0.1297270 0.1235856 0.1105320 0.1203792 0.1055413 0.1045283 0.1167919 0.1125381 0.1067219 0.0180059 0.1664094 0.1193003 0.0222949 0.0876082 0.1170364 0.0972715 0.1130386 0.1051377 0.0978155 0.1314680 0.1067365 0.1133286 0.0981405 0.0975697 0.1037994 0.0591053 0.1151180 0.1532048 0.1104643 0.1091641 0.1152132 0.1043778 0.1617997 0.1226605 0.0582943 0.0946973 0.1188244 0.1191267 0.1542157 0.0986413 0.1563952 0.1857077 0.0986369 0.0849322 0.1175292 0.1335500 0.1506444 0.1129602 0.1177804 0.1037732 0.1073237 0.1008435 0.1061099 0.0206306 0.1048733 0.1571732 0.0926633 0.0256191 0.0181269 0.1145205 0.0895548 0.1231405 0.1135208 0.1098566 0.1116250 0.1081714 0.1157150 0.0991986 0.1211525 0.1019785 0.1164330 0.1479594 0.1176516 0.1021378 0.1192149 0.1028024 0.1025056 0.1128615 0.0974779 0.1049619 0.1074896 0.1235977 0.1243004 0.1168504 0.1139134 0.1151041 0.1045629 0.1185039 0.1154589 0.1122893 0.0965855 0.0999752 0.1658847 0.0953678 0.1040586 0.1147230 0.0848393 
S0289         0.2187149 0.0958845 0.0887886 0.0622107 0.0829684 0.0909098 0.1263183 0.0000000 0.0917081 0.1250022 0.1169417 0.0552996 0.1061924 0.1137188 0.0611080 0.1193341 0.0489406 0.1033632 0.1073078 0.1068661 0.0856484 0.0948166 0.0999493 0.0539608 0.0993011 0.0473100 0.0853819 0.0821401 0.0544159 0.1006910 0.0540440 0.1023106 0.0952119 0.1170740 0.0437039 0.1038302 0.0982513 0.0487259 0.0671368 0.0643623 0.0936941 0.1181313 0.0950853 0.1065523 0.1518139 0.0995471 0.1026030 0.0864444 0.0988669 0.0801840 0.0921573 0.0869218 0.0844215 0.1233522 0.0953306 0.0789896 0.1052883 0.0581093 0.0670930 0.0967237 0.0986669 0.1392499 0.0963361 0.0987112 0.1181605 0.0875914 0.1386910 0.1035695 0.1181515 0.1169891 0.1040009 0.1069993 0.1377698 0.0814527 0.1400168 0.1655091 0.0874715 0.1082144 0.1011842 0.1064813 0.1421058 0.0907092 0.1046232 0.0826824 0.0360526 0.0584614 0.0630010 0.1013988 0.0749939 0.0780086 0.1003269 0.1068233 0.1011498 0.1037040 0.1091314 0.0977929 0.0949973 0.0918134 0.0952464 0.0851509 0.0961636 0.0808676 0.0774135 0.0933114 0.0986377 0.0619889 0.1016913 0.0858012 0.0537534 0.0873172 0.0670409 0.0933292 0.0819346 0.0875062 0.0908335 0.1000389 0.0471686 0.1024802 0.0794414 0.0901988 0.0865600 0.0969073 0.0972836 0.0647686 0.0895743 0.0807290 0.1383235 0.0843103 0.0907421 0.0904032 0.0734390 
S0292         0.2097776 0.0750416 0.0667337 0.1075099 0.0710989 0.0691048 0.1101146 0.0917081 0.0000000 0.1173343 0.0998523 0.1019974 0.1004751 0.1112033 0.1072290 0.1090578 0.0769371 0.0728902 0.0613752 0.0940043 0.0740572 0.0718129 0.0734762 0.0969175 0.0934039 0.0797074 0.0684960 0.0808579 0.0835437 0.0968871 0.0801909 0.0765477 0.0837104 0.1000562 0.0976175 0.0829497 0.0802361 0.0894108 0.0768476 0.0700872 0.0821336 0.0873165 0.0726910 0.0950139 0.1472588 0.0943401 0.0956663 0.0646777 0.0796552 0.0671865 0.0692140 0.0711685 0.0699898 0.0952894 0.0726858 0.0895960 0.0895708 0.0661146 0.0751164 0.0941885 0.0746640 0.1006548 0.0722222 0.0723699 0.0943209 0.0741793 0.1368967 0.0821561 0.0816518 0.0936659 0.0744335 0.0771227 0.1342434 0.0684099 0.1387103 0.1462923 0.0561356 0.0874521 0.0870692 0.0575738 0.1378673 0.0707085 0.0840855 0.0604276 0.0721578 0.0665266 0.0686761 0.0956948 0.0802082 0.1194485 0.0838066 0.0971607 0.0955036 0.0871662 0.0911117 0.0703832 0.0236334 0.0717978 0.0722480 0.0691876 0.0450378 0.0701749 0.0771387 0.0192777 0.0301061 0.1057856 0.0826899 0.0688256 0.0901500 0.0739548 0.0667134 0.0703958 0.0703282 0.0332107 0.0565714 0.0863953 0.0905839 0.0848251 0.0811628 0.0753613 0.0743343 0.0694183 0.0709614 0.0739434 0.0578754 0.0641157 0.1190541 0.0634704 0.0539205 0.0800482 0.0587962 
S0293         0.2575629 0.0642258 0.0466952 0.1515646 0.0922472 0.0474498 0.1745921 0.1250022 0.1173343 0.0000000 0.0915134 0.1423593 0.1499978 0.1533878 0.1182305 0.1189415 0.0994680 0.1011592 0.1563343 0.1460155 0.0627069 0.0472227 0.0565114 0.1764638 0.0746828 0.1014197 0.0915190 0.1025669 0.0536088 0.1390860 0.1132209 0.1344954 0.0979197 0.1312740 0.1338702 0.0613977 0.0509802 0.1286763 0.1029904 0.0968609 0.0818680 0.0416411 0.1028708 0.1400688 0.1750117 0.1024234 0.1442147 0.1152560 0.0557421 0.0876838 0.0440842 0.0982461 0.0939228 0.1419198 0.1013396 0.1138365 0.1115964 0.0924819 0.0947184 0.1327228 0.1232862 0.1832945 0.1298517 0.1139811 0.0790207 0.1029729 0.1786550 0.1206590 0.0699521 0.1343277 0.1135740 0.1203514 0.1645851 0.0895327 0.1731924 0.2085765 0.1115557 0.1163587 0.0805285 0.1476090 0.1737806 0.0456769 0.0687377 0.0957801 0.0935267 0.0890037 0.0904952 0.1442824 0.1137195 0.1519905 0.1117139 0.1418797 0.1379894 0.0579447 0.1120468 0.1086050 0.1266318 0.0472913 0.0512332 0.0572739 0.1275504 0.0644182 0.1166354 0.1145080 0.1282313 0.1568809 0.0627556 0.0938517 0.1194417 0.1025026 0.0911209 0.0439625 0.0892212 0.1078272 0.1004865 0.0561103 0.1230031 0.0641409 0.1058629 0.0574738 0.0759223 0.1204212 0.1060572 0.0969503 0.1106501 0.1039154 0.1719541 0.1008035 0.0950593 0.0895200 0.0914120 
S0294         0.1951800 0.0443487 0.0812918 0.1328775 0.0673095 0.0429751 0.1272104 0.1169417 0.0998523 0.0915134 0.0000000 0.1212611 0.1141323 0.1228868 0.1212447 0.1312014 0.0949173 0.0953311 0.1060170 0.1147953 0.0713487 0.0452129 0.0491124 0.1206571 0.0802495 0.0943473 0.0832750 0.0792457 0.0992116 0.1089156 0.1058891 0.1002745 0.0789050 0.1059284 0.1174489 0.0573374 0.0432008 0.1187138 0.0922202 0.0859254 0.0753272 0.0558953 0.0820594 0.1103535 0.1440310 0.0861786 0.1076339 0.0852771 0.0463056 0.0805978 0.0395088 0.0877790 0.0835882 0.1029017 0.0822472 0.1057919 0.0978705 0.0829538 0.0920171 0.1084009 0.0998284 0.1454378 0.0985805 0.0984217 0.0556011 0.0781538 0.1402441 0.0954197 0.0879928 0.1012467 0.0987903 0.1030386 0.1273621 0.0818738 0.1328783 0.1682316 0.0862429 0.0941806 0.0730624 0.1194269 0.1350626 0.0406117 0.0514645 0.0696525 0.0923072 0.0809441 0.0843244 0.1074549 0.0985863 0.1427207 0.0928045 0.1119953 0.1046180 0.0538442 0.0918020 0.0916532 0.1003112 0.0416553 0.0445978 0.0484806 0.1012367 0.0569565 0.1041355 0.0937565 0.1060671 0.1352345 0.0500497 0.0850188 0.1134919 0.0779150 0.0821711 0.0405800 0.0728304 0.0863107 0.0840154 0.0548474 0.1084728 0.0545199 0.1017524 0.0450937 0.0662252 0.1028672 0.0956473 0.0925576 0.0846953 0.0772362 0.1348710 0.0729023 0.0826791 0.0726826 0.0782386 
S0299         0.2209857 0.0995327 0.1055914 0.0522612 0.0882508 0.0988688 0.1295438 0.0552996 0.1019974 0.1423593 0.1212611 0.0000000 0.1162436 0.1260139 0.0601909 0.1242308 0.0545027 0.1065694 0.1221550 0.1112329 0.0893285 0.1014621 0.1096666 0.0507215 0.1022132 0.0529910 0.0979055 0.0922835 0.0654021 0.1076984 0.0647524 0.1052692 0.0972713 0.1203838 0.0484447 0.1107302 0.1063997 0.0435051 0.0745653 0.0679286 0.0986915 0.1194665 0.1026355 0.1138416 0.1524360 0.1034913 0.1097042 0.0931949 0.1028087 0.0924433 0.0959697 0.0979902 0.0953759 0.1221086 0.1012854 0.0842351 0.1075862 0.0639716 0.0758953 0.1052447 0.1045015 0.1437080 0.0977667 0.1046738 0.1305143 0.0939499 0.1260693 0.0976919 0.1141694 0.1136980 0.1082146 0.1146416 0.1415930 0.0964163 0.1488650 0.1706873 0.0947626 0.1054854 0.1051823 0.1057358 0.1480437 0.1000099 0.1115424 0.0916484 0.0410519 0.0631440 0.0665253 0.1071622 0.0801153 0.0625285 0.1063485 0.1123803 0.1084918 0.1073041 0.1086217 0.1054549 0.1011869 0.1011285 0.0973416 0.0896142 0.1041577 0.0905961 0.0867413 0.0980972 0.1076951 0.0654063 0.1085201 0.0984205 0.0590469 0.0950277 0.0706860 0.0971574 0.0881505 0.0906598 0.0982623 0.1044471 0.0469360 0.1078790 0.0873125 0.0966814 0.0929398 0.0975608 0.1063799 0.0708452 0.0975459 0.0852955 0.1252060 0.0870875 0.0950015 0.0937879 0.0856663 
S0303         0.2223420 0.0983182 0.0746551 0.1253290 0.0857888 0.0964282 0.0246582 0.1061924 0.1004751 0.1499978 0.1141323 0.1162436 0.0000000 0.0740422 0.1231088 0.0206874 0.0938320 0.1034121 0.1061302 0.0163079 0.0888310 0.0989892 0.1002166 0.1062332 0.1058546 0.1004399 0.0886109 0.0923673 0.0945948 0.0141974 0.1055463 0.1053977 0.1039059 0.0861284 0.1179679 0.1058603 0.0970670 0.1060744 0.0937376 0.0913497 0.0974645 0.1149020 0.0930906 0.0143472 0.1503929 0.1064316 0.0131758 0.0898323 0.1017143 0.0858904 0.0962714 0.0932136 0.0863478 0.1202889 0.0931052 0.1010270 0.0875335 0.0848114 0.0878060 0.0499404 0.1063021 0.1391310 0.0949684 0.0977648 0.1148867 0.0918791 0.1442734 0.1033265 0.0588872 0.0896753 0.1051868 0.1067770 0.1387236 0.0871834 0.1392986 0.1701405 0.0907422 0.0741154 0.1122401 0.1240838 0.1338725 0.0962115 0.1030850 0.0906579 0.0911955 0.0879506 0.0928157 0.0113639 0.0941036 0.1401095 0.0798545 0.0152649 0.0101970 0.1010816 0.0809289 0.1104555 0.1023192 0.0946797 0.0981066 0.0917402 0.1072968 0.0874855 0.1113823 0.0915566 0.1024513 0.1358527 0.1018889 0.0904062 0.1034584 0.0889915 0.0874550 0.0961311 0.0838610 0.0970060 0.0951071 0.1074462 0.1097183 0.0999795 0.1015186 0.0983004 0.0859933 0.1054663 0.1028441 0.0959190 0.0887392 0.0855221 0.1440445 0.0853675 0.0932430 0.0967259 0.0755047 
S0308         0.2488805 0.1052395 0.1088813 0.1296897 0.0971029 0.1051547 0.0848867 0.1137188 0.1112033 0.1533878 0.1228868 0.1260139 0.0740422 0.0000000 0.1378746 0.0815814 0.1038193 0.1167246 0.1231268 0.0699655 0.1070454 0.1077669 0.1091304 0.1228251 0.1196740 0.1063705 0.1014770 0.1095944 0.1224368 0.0684600 0.1164744 0.1226891 0.1057633 0.1027355 0.1257790 0.1135221 0.1057677 0.1150304 0.1125717 0.1016513 0.1120970 0.1311050 0.1116053 0.0706539 0.1753215 0.1185496 0.0711831 0.1002583 0.1100195 0.0986342 0.1049793 0.1049696 0.1005241 0.1388956 0.1132610 0.1125093 0.1013475 0.0944511 0.1039489 0.0661353 0.1218727 0.1583936 0.1153772 0.1152928 0.1271999 0.1021105 0.1557990 0.1175348 0.0793091 0.0979968 0.1220207 0.1237454 0.1496479 0.0999762 0.1561458 0.1865438 0.1065027 0.0875665 0.1104961 0.1361886 0.1553375 0.1049110 0.1123302 0.1037766 0.1024861 0.1004019 0.0973673 0.0677027 0.1099222 0.1460782 0.0881214 0.0712089 0.0657416 0.1156197 0.0965196 0.1196775 0.1104796 0.1033243 0.1060298 0.1010906 0.1187682 0.0932654 0.1170555 0.1018801 0.1160934 0.1490360 0.1052283 0.1034105 0.1128873 0.0991032 0.0978405 0.1048224 0.0978876 0.1034756 0.1097867 0.1160187 0.1167913 0.1114410 0.1091020 0.1070023 0.1005208 0.1145033 0.1150083 0.1105433 0.1003485 0.1024506 0.1577880 0.0959017 0.1050419 0.1082124 0.0878498 
S0320         0.2366026 0.1011236 0.0885803 0.0703320 0.0967743 0.0975744 0.1475110 0.0611080 0.1072290 0.1182305 0.1212447 0.0601909 0.1231088 0.1378746 0.0000000 0.1238708 0.0671299 0.1134576 0.1387075 0.1255052 0.0832690 0.0988109 0.1008911 0.0813022 0.0973869 0.0627065 0.1031483 0.0957372 0.0515362 0.1187315 0.0712060 0.1184521 0.1047605 0.1367308 0.0615141 0.1048260 0.1051679 0.0574016 0.0854848 0.0797941 0.0976032 0.1021736 0.1152008 0.1253427 0.1632926 0.1106168 0.1208933 0.1043605 0.1027077 0.0974878 0.0960605 0.1048740 0.1020522 0.1397651 0.1109891 0.1013375 0.1251288 0.0781981 0.0851936 0.1194042 0.1129676 0.1681041 0.1084397 0.0982588 0.1110899 0.1061336 0.1527485 0.1048790 0.1083760 0.1282093 0.1149635 0.1216687 0.1506117 0.1015987 0.1579579 0.1824735 0.1097424 0.1223168 0.1100720 0.1275520 0.1571473 0.0945571 0.1103417 0.1010198 0.0491614 0.0787094 0.0782882 0.1197723 0.0969106 0.0777846 0.1173016 0.1254530 0.1177703 0.1065580 0.1266012 0.1182830 0.1123986 0.0956901 0.0978946 0.0943431 0.1123260 0.0942134 0.0981577 0.1060835 0.1145896 0.0726281 0.1058322 0.1051513 0.0768814 0.1057776 0.0814285 0.0972657 0.0957459 0.0998198 0.1091802 0.1040855 0.0637347 0.1081379 0.0932764 0.0981105 0.0976037 0.1188741 0.1147702 0.0802672 0.1056047 0.0956359 0.1515762 0.0974310 0.1043014 0.1031951 0.0949380 
S0322         0.2341328 0.1058072 0.0907515 0.1350357 0.0952823 0.1116236 0.0308735 0.1193341 0.1090578 0.1189415 0.1312014 0.1242308 0.0206874 0.0815814 0.1238708 0.0000000 0.1022544 0.1125193 0.1038894 0.0105989 0.0969331 0.1129184 0.1123947 0.1127806 0.1105945 0.1096180 0.1011752 0.1039587 0.1072566 0.0172290 0.1155232 0.1179397 0.1182239 0.0828637 0.1270975 0.1173311 0.1079394 0.1180511 0.1060798 0.1030664 0.1066998 0.1230325 0.1074362 0.0129013 0.1464799 0.1193971 0.0183617 0.1023497 0.1141586 0.0982058 0.1114248 0.1048644 0.0986499 0.1283369 0.1075722 0.1110787 0.0905276 0.0959637 0.0989767 0.0529299 0.1158651 0.1476267 0.1111728 0.1023783 0.1269974 0.1047757 0.1455261 0.1142315 0.0623051 0.0897214 0.1152110 0.1169545 0.1343334 0.0996077 0.1365558 0.1796910 0.0965353 0.0775324 0.1228361 0.1312213 0.1308801 0.1098884 0.1173987 0.1016997 0.1008380 0.0994444 0.1046790 0.0142517 0.1082921 0.1437995 0.0789701 0.0217228 0.0129981 0.1152738 0.0861991 0.1192723 0.1095847 0.1096401 0.1104939 0.1036066 0.1136669 0.0974301 0.1202659 0.0994522 0.1096332 0.1458860 0.1112915 0.1031944 0.1112026 0.1016037 0.1038079 0.1112470 0.0960845 0.1010039 0.1026372 0.1203801 0.1233257 0.1124955 0.1093952 0.1135390 0.0986086 0.1136600 0.1118116 0.1066258 0.0986128 0.0965372 0.1513353 0.0935177 0.1005921 0.1090455 0.0841765 
S0327         0.2080431 0.0751644 0.0720002 0.0643840 0.0637551 0.0757738 0.1070170 0.0489406 0.0769371 0.0994680 0.0949173 0.0545027 0.0938320 0.1038193 0.0671299 0.1022544 0.0000000 0.0792463 0.0893633 0.0914998 0.0794469 0.0756389 0.0796711 0.0429473 0.0830566 0.0258832 0.0700562 0.0714895 0.0346707 0.0903665 0.0421283 0.0923623 0.0736718 0.1027925 0.0501285 0.0827107 0.0800144 0.0479268 0.0548239 0.0429459 0.0719970 0.0917429 0.0793145 0.0925901 0.1348580 0.0848236 0.0904305 0.0671061 0.0781923 0.0650643 0.0731195 0.0714978 0.0690785 0.1123864 0.0795164 0.0588557 0.0883426 0.0393952 0.0482716 0.0864350 0.0823087 0.1345334 0.0879975 0.0891703 0.0892516 0.0754971 0.1152787 0.0788325 0.0925439 0.0954263 0.0929113 0.0958075 0.1182783 0.0687246 0.1236154 0.1513922 0.0731628 0.0861553 0.0859223 0.1003186 0.1227393 0.0743204 0.0865307 0.0603987 0.0238641 0.0396239 0.0428281 0.0887435 0.0574759 0.0746946 0.0850711 0.0945215 0.0888892 0.0882361 0.0881031 0.0812305 0.0827677 0.0729194 0.0759723 0.0675734 0.0910111 0.0689755 0.0597303 0.0745547 0.0864718 0.0649885 0.0821317 0.0701503 0.0398473 0.0752679 0.0453976 0.0742598 0.0688509 0.0783050 0.0788842 0.0822609 0.0515264 0.0804073 0.0565138 0.0739164 0.0681587 0.0790578 0.0787488 0.0466241 0.0735732 0.0672244 0.1197001 0.0637944 0.0746649 0.0733950 0.0615825 
S0335         0.2120638 0.0723646 0.0719293 0.1146693 0.0719100 0.0747553 0.1190840 0.1033632 0.0728902 0.1011592 0.0953311 0.1065694 0.1034121 0.1167246 0.1134576 0.1125193 0.0792463 0.0000000 0.0647718 0.1068996 0.0819972 0.0772032 0.0793513 0.1016118 0.0865605 0.0881405 0.0699447 0.0889352 0.0867450 0.1025073 0.0890213 0.0820598 0.0908286 0.1018000 0.1080396 0.0820351 0.0789943 0.0945707 0.0851751 0.0757181 0.0816806 0.0890339 0.0829290 0.1052019 0.1417920 0.0925028 0.0999223 0.0833417 0.0835264 0.0686255 0.0695965 0.0754512 0.0714529 0.0924608 0.0818609 0.0956190 0.0853987 0.0728583 0.0784134 0.0954813 0.0814099 0.1078876 0.0777653 0.0694765 0.1029350 0.0766226 0.1292562 0.0824389 0.0936629 0.0945485 0.0755970 0.0754372 0.1211374 0.0674158 0.1362876 0.1321759 0.0594319 0.0878723 0.0878898 0.0823934 0.1354359 0.0720424 0.0789222 0.0603718 0.0804730 0.0733214 0.0705195 0.1013969 0.0886368 0.1233255 0.0878052 0.1009396 0.0998127 0.0828639 0.0845965 0.0587870 0.0784712 0.0706489 0.0696990 0.0649523 0.0779733 0.0701422 0.0927963 0.0674603 0.0815641 0.1226016 0.0772113 0.0728119 0.0950024 0.0763898 0.0733339 0.0719836 0.0727510 0.0647555 0.0524988 0.0799077 0.0993256 0.0861768 0.0846873 0.0732104 0.0714406 0.0514761 0.0268612 0.0793182 0.0702358 0.0628430 0.1205410 0.0664276 0.0510697 0.0770716 0.0651245 
S0345         0.2349156 0.0877590 0.0746557 0.1219154 0.0811128 0.0894304 0.1013944 0.1073078 0.0613752 0.1563343 0.1060170 0.1221550 0.1061302 0.1231268 0.1387075 0.1038894 0.0893633 0.0647718 0.0000000 0.1036578 0.0997904 0.0907908 0.0858453 0.0833228 0.1098225 0.0949037 0.0807040 0.1078702 0.1036895 0.1015956 0.0937970 0.0881975 0.0942571 0.1073709 0.1172558 0.0974322 0.0896444 0.1065034 0.0855905 0.0758068 0.0988042 0.0960650 0.0912772 0.0990744 0.1670525 0.1059341 0.0999913 0.0742325 0.0887934 0.0771073 0.0852481 0.0828178 0.0789874 0.1070089 0.0932249 0.1040728 0.1096627 0.0742389 0.0871091 0.0970560 0.0787085 0.1229714 0.0872292 0.0841563 0.1279835 0.0815144 0.1569459 0.0909319 0.1095050 0.1039832 0.0856341 0.0856810 0.1503917 0.0788166 0.1668699 0.1520505 0.0559387 0.0990955 0.1035221 0.0914012 0.1634970 0.0834772 0.0918927 0.0633920 0.0880572 0.0727020 0.0779741 0.0949164 0.0920824 0.1450761 0.0982227 0.0980611 0.0978770 0.1005806 0.1053957 0.0301733 0.0666779 0.0816246 0.0868531 0.0871909 0.0807629 0.0887619 0.1022560 0.0609556 0.0679517 0.1208010 0.0819486 0.0808295 0.0933523 0.0813245 0.0785268 0.0871511 0.0797599 0.0657594 0.0669537 0.0920673 0.1017948 0.0888118 0.0935628 0.0867451 0.0926111 0.0316492 0.0591422 0.0838390 0.0708920 0.0706705 0.1360729 0.0738150 0.0614657 0.0928745 0.0720078 
S0355         0.2267439 0.0931865 0.0858472 0.1230833 0.0865507 0.0944432 0.0222659 0.1068661 0.0940043 0.1460155 0.1147953 0.1112329 0.0163079 0.0699655 0.1255052 0.0105989 0.0914998 0.1068996 0.1036578 0.0000000 0.0930448 0.0983589 0.1009393 0.1047025 0.1110617 0.0953838 0.0919375 0.0957382 0.0920973 0.0100268 0.1035217 0.1075494 0.1072731 0.0816748 0.1125084 0.1037528 0.0977996 0.1027060 0.0905354 0.0882105 0.0981043 0.1172320 0.0951215 0.0060066 0.1448727 0.1070226 0.0110601 0.0878075 0.1050962 0.0892086 0.0956245 0.0952389 0.0896831 0.1153017 0.0951360 0.0977171 0.0833055 0.0817526 0.0887789 0.0438912 0.1056793 0.1367306 0.0986997 0.1015127 0.1097807 0.0952328 0.1392055 0.1056470 0.0552699 0.0799312 0.1063936 0.1079886 0.1318750 0.0905033 0.1340178 0.1703702 0.0875789 0.0711527 0.1101000 0.1198820 0.1286585 0.0969416 0.1012698 0.0914085 0.0889024 0.0848355 0.0896537 0.0082096 0.0924375 0.1340524 0.0765423 0.0141502 0.0070672 0.1017972 0.0766191 0.1083869 0.0971171 0.0954146 0.0988335 0.0897935 0.1024420 0.0882442 0.1065047 0.0892795 0.1013279 0.1313148 0.0998466 0.0937525 0.0968530 0.0923320 0.0887936 0.0968610 0.0884874 0.0906982 0.0918773 0.1081321 0.1076177 0.1006057 0.0995113 0.0990179 0.0893158 0.1019882 0.1017573 0.0953161 0.0868958 0.0862940 0.1436838 0.0849154 0.0900537 0.1001138 0.0737629 
S0376         0.2090171 0.0702851 0.0774957 0.1032024 0.0568662 0.0651821 0.1102608 0.0856484 0.0740572 0.0627069 0.0713487 0.0893285 0.0888310 0.1070454 0.0832690 0.0969331 0.0794469 0.0819972 0.0997904 0.0930448 0.0000000 0.0715076 0.0635680 0.0845171 0.0671881 0.0839481 0.0710611 0.0340743 0.0785309 0.0821588 0.0864302 0.0738476 0.0586410 0.1052609 0.0925532 0.0738050 0.0659248 0.0780453 0.0777263 0.0835631 0.0629360 0.0780103 0.0788439 0.0871503 0.1336328 0.0764317 0.0841154 0.0799023 0.0733882 0.0690463 0.0632563 0.0735603 0.0650200 0.0934837 0.0791550 0.0866430 0.0896451 0.0768249 0.0742106 0.0832371 0.0814780 0.1101542 0.0762539 0.0612823 0.0750503 0.0710768 0.1248296 0.0798599 0.0787651 0.0975041 0.0670195 0.0667269 0.1138150 0.0710377 0.1071199 0.1578648 0.0709617 0.0753092 0.0732275 0.0983706 0.1120431 0.0592231 0.0751589 0.0611287 0.0778261 0.0756109 0.0831396 0.0783052 0.0799820 0.1104565 0.0993501 0.0903128 0.0819185 0.0759871 0.0880630 0.0854763 0.0702885 0.0609521 0.0660757 0.0627238 0.0799279 0.0510701 0.0758933 0.0675156 0.0864317 0.1193116 0.0774505 0.0694997 0.0982565 0.0689629 0.0854827 0.0631415 0.0669044 0.0669735 0.0654939 0.0736213 0.0836489 0.0776383 0.0787070 0.0691330 0.0529547 0.1060831 0.0850882 0.0765392 0.0609860 0.0638103 0.1149454 0.0672822 0.0653491 0.0431078 0.0671986 
S0400         0.1927367 0.0261898 0.0611851 0.1060782 0.0593331 0.0141445 0.1145523 0.0948166 0.0718129 0.0472227 0.0452129 0.1014621 0.0989892 0.1077669 0.0988109 0.1129184 0.0756389 0.0772032 0.0907908 0.0983589 0.0715076 0.0000000 0.0238215 0.1068084 0.0613125 0.0780161 0.0660462 0.0682705 0.0716236 0.0941153 0.0830948 0.0868217 0.0617756 0.0961992 0.0966280 0.0302826 0.0194990 0.0964617 0.0768254 0.0673376 0.0583458 0.0293542 0.0747617 0.0939729 0.1306958 0.0690632 0.0942322 0.0652001 0.0235864 0.0635260 0.0120691 0.0702065 0.0662866 0.0940158 0.0737025 0.0895668 0.0874678 0.0646029 0.0741338 0.0910267 0.0799658 0.1246012 0.0824698 0.0809927 0.0625125 0.0673622 0.1211340 0.0852245 0.0751836 0.0896153 0.0789203 0.0816266 0.1190350 0.0647384 0.1216962 0.1512353 0.0700786 0.0827529 0.0575807 0.0968378 0.1237434 0.0141658 0.0326485 0.0576068 0.0693650 0.0625862 0.0658836 0.0939526 0.0824052 0.1185974 0.0807940 0.0983233 0.0926907 0.0281390 0.0820496 0.0799603 0.0761460 0.0151707 0.0217295 0.0297029 0.0801460 0.0412794 0.0841705 0.0691547 0.0760492 0.1128642 0.0270266 0.0676165 0.0901331 0.0671630 0.0661954 0.0120564 0.0611655 0.0663895 0.0675398 0.0248143 0.0882785 0.0345517 0.0814408 0.0204059 0.0451830 0.0868445 0.0755305 0.0735965 0.0658573 0.0612346 0.1207836 0.0634296 0.0638581 0.0572477 0.0610437 
S0405         0.1952110 0.0342018 0.0654478 0.1179223 0.0611423 0.0217054 0.1124755 0.0999493 0.0734762 0.0565114 0.0491124 0.1096666 0.1002166 0.1091304 0.1008911 0.1123947 0.0796711 0.0793513 0.0858453 0.1009393 0.0635680 0.0238215 0.0000000 0.1070705 0.0672567 0.0840307 0.0704731 0.0652630 0.0804126 0.0939331 0.0876541 0.0860197 0.0607125 0.0942684 0.1032170 0.0361169 0.0153027 0.1016469 0.0801871 0.0730388 0.0613526 0.0358638 0.0752399 0.0965007 0.1295751 0.0709789 0.0953833 0.0704339 0.0248653 0.0678945 0.0195471 0.0747516 0.0707337 0.1004849 0.0740104 0.0930400 0.0924011 0.0702143 0.0762538 0.0921262 0.0843380 0.1223206 0.0801797 0.0818193 0.0645853 0.0651752 0.1264832 0.0888620 0.0779043 0.0840568 0.0797160 0.0824553 0.1179146 0.0691320 0.1191603 0.1508131 0.0720372 0.0836626 0.0579011 0.1028549 0.1211901 0.0174238 0.0340608 0.0566343 0.0738981 0.0681856 0.0678438 0.0937225 0.0889380 0.1218761 0.0842076 0.0995336 0.0938321 0.0238109 0.0868529 0.0843905 0.0790230 0.0163462 0.0195960 0.0344013 0.0811910 0.0427914 0.0847290 0.0705337 0.0861980 0.1117003 0.0305881 0.0692963 0.0939235 0.0625679 0.0681466 0.0195248 0.0577829 0.0705228 0.0707362 0.0305066 0.0932724 0.0415878 0.0853772 0.0281867 0.0514730 0.0839044 0.0776206 0.0769346 0.0665531 0.0589421 0.1224900 0.0677900 0.0669888 0.0590246 0.0614089 
S0407sl       0.2257128 0.1024745 0.1011934 0.0709801 0.0916466 0.1016569 0.1349523 0.0539608 0.0969175 0.1764638 0.1206571 0.0507215 0.1062332 0.1228251 0.0813022 0.1127806 0.0429473 0.1016118 0.0833228 0.1047025 0.0845171 0.1068084 0.1070705 0.0000000 0.1087883 0.0390880 0.0912492 0.0858669 0.0434249 0.1072957 0.0587531 0.1048998 0.0878955 0.1157662 0.0487738 0.1100776 0.1094354 0.0545537 0.0748465 0.0640387 0.0969192 0.1482110 0.0984594 0.1086732 0.1349911 0.0989698 0.1002633 0.0743368 0.1039462 0.0892079 0.0998379 0.1003885 0.0934121 0.1223624 0.0985127 0.0771008 0.1010293 0.0580752 0.0758309 0.1094657 0.0997944 0.1268362 0.0991624 0.1026813 0.1156100 0.0885219 0.1270704 0.0960307 0.1066001 0.1030924 0.1089991 0.1139028 0.1323649 0.0954375 0.1200826 0.1842341 0.0990301 0.0979808 0.0974585 0.1097859 0.1251698 0.1067405 0.1191150 0.0797542 0.0355185 0.0566295 0.0639918 0.1025335 0.0770516 0.0707390 0.0919169 0.1113958 0.1047846 0.1194887 0.1029960 0.1050971 0.0892975 0.1039165 0.0933642 0.0795611 0.1026476 0.0879451 0.0811026 0.0928250 0.0993095 0.0670220 0.1099950 0.0939791 0.0230003 0.0860547 0.0722667 0.1021246 0.0857741 0.0970554 0.1022065 0.1113697 0.0527206 0.1089881 0.0869169 0.0998866 0.0858298 0.0987499 0.1010484 0.0686338 0.0820887 0.0863372 0.1238483 0.0913122 0.0933662 0.0924297 0.0836098 
S0412sl       0.2216499 0.0621821 0.0728091 0.1150402 0.0649544 0.0589250 0.1289220 0.0993011 0.0934039 0.0746828 0.0802495 0.1022132 0.1058546 0.1196740 0.0973869 0.1105945 0.0830566 0.0865605 0.1098225 0.1110617 0.0671881 0.0613125 0.0672567 0.1087883 0.0000000 0.0821327 0.0772316 0.0710191 0.0789913 0.1050831 0.0934783 0.0973522 0.0588621 0.1105472 0.0988254 0.0635685 0.0644660 0.1028525 0.0836109 0.0738592 0.0590469 0.0757145 0.0825046 0.1093270 0.1544068 0.0662960 0.1051872 0.0859661 0.0601361 0.0745485 0.0539629 0.0802351 0.0759736 0.1153843 0.0814110 0.0942740 0.0918591 0.0709510 0.0777734 0.1031292 0.1006992 0.1347442 0.0979806 0.0854919 0.0931980 0.0799336 0.1436215 0.0778656 0.0825981 0.1038735 0.0974924 0.0990864 0.1323795 0.0758314 0.1419954 0.1492074 0.0832845 0.0914681 0.0688929 0.1128353 0.1411361 0.0590186 0.0720686 0.0686236 0.0748085 0.0714114 0.0761894 0.1051722 0.0871356 0.1252535 0.0935106 0.1050212 0.1011581 0.0748949 0.0893851 0.0997017 0.0913478 0.0588906 0.0620499 0.0536887 0.0945729 0.0559961 0.0805639 0.0877617 0.0941805 0.1204888 0.0654677 0.0776257 0.1008333 0.0783951 0.0739797 0.0562970 0.0733747 0.0886584 0.0835587 0.0708253 0.0928480 0.0652841 0.0844456 0.0562489 0.0539299 0.1001898 0.0891384 0.0791124 0.0803357 0.0766831 0.1328775 0.0732382 0.0766139 0.0655008 0.0709891 
S0417         0.2181466 0.0762504 0.0783075 0.0627785 0.0646355 0.0781557 0.1113848 0.0473100 0.0797074 0.1014197 0.0943473 0.0529910 0.1004399 0.1063705 0.0627065 0.1096180 0.0258832 0.0881405 0.0949037 0.0953838 0.0839481 0.0780161 0.0840307 0.0390880 0.0821327 0.0000000 0.0684302 0.0691335 0.0379192 0.0955354 0.0430639 0.0939302 0.0791640 0.1068095 0.0465498 0.0851315 0.0837181 0.0490189 0.0571256 0.0461383 0.0747294 0.0979772 0.0751010 0.0965251 0.1329184 0.0859019 0.0943173 0.0713744 0.0792681 0.0634861 0.0754880 0.0698539 0.0674559 0.1150405 0.0752906 0.0648334 0.0908713 0.0425645 0.0529089 0.0928914 0.0787020 0.1385128 0.0895555 0.0903710 0.1037728 0.0750447 0.1177371 0.0865259 0.1024581 0.0979826 0.0954760 0.0983906 0.1193829 0.0671131 0.1218939 0.1622157 0.0742992 0.0873498 0.0858007 0.1055870 0.1238329 0.0766909 0.0889622 0.0692558 0.0237381 0.0428120 0.0460116 0.0942854 0.0598013 0.0730700 0.0901528 0.0984441 0.0941408 0.0906839 0.0906239 0.0828229 0.0803750 0.0777776 0.0783600 0.0699432 0.0895188 0.0688605 0.0635370 0.0760518 0.0863203 0.0621269 0.0845338 0.0700197 0.0396079 0.0748184 0.0497630 0.0766284 0.0684458 0.0781708 0.0813617 0.0846682 0.0526434 0.0814785 0.0588441 0.0737324 0.0680446 0.0832170 0.0863466 0.0498447 0.0772603 0.0682964 0.1267350 0.0622289 0.0771112 0.0757721 0.0678414 
S0419         0.2032083 0.0627521 0.0134382 0.1023896 0.0390095 0.0649259 0.1001712 0.0853819 0.0684960 0.0915190 0.0832750 0.0979055 0.0886109 0.1014770 0.1031483 0.1011752 0.0700562 0.0699447 0.0807040 0.0919375 0.0710611 0.0660462 0.0704731 0.0912492 0.0772316 0.0684302 0.0000000 0.0735972 0.0730221 0.0851723 0.0789135 0.0800755 0.0742739 0.0873383 0.0910623 0.0693109 0.0689572 0.0886791 0.0724596 0.0628663 0.0661699 0.0787239 0.0504959 0.0850021 0.1340124 0.0811171 0.0865953 0.0628782 0.0681662 0.0039468 0.0623729 0.0090068 0.0059631 0.0981406 0.0506175 0.0806813 0.0754113 0.0590079 0.0646274 0.0810478 0.0747190 0.1190867 0.0757730 0.0716586 0.1083334 0.0438567 0.1211084 0.0763663 0.0764488 0.0873142 0.0739193 0.0765856 0.1218964 0.0049406 0.1245509 0.1449027 0.0572900 0.0721298 0.0670182 0.0877065 0.1236892 0.0623411 0.0792936 0.0549679 0.0663465 0.0593645 0.0638895 0.0876923 0.0740994 0.1161072 0.0732818 0.0905942 0.0824868 0.0755493 0.0754353 0.0714218 0.0675711 0.0634110 0.0638714 0.0571774 0.0778757 0.0535418 0.0806096 0.0619886 0.0692301 0.1114243 0.0737689 0.0100130 0.0776328 0.0425933 0.0641715 0.0622914 0.0381853 0.0631979 0.0611667 0.0736458 0.0832663 0.0696907 0.0694508 0.0658626 0.0537837 0.0717360 0.0659108 0.0689893 0.0634272 0.0600132 0.1196088 0.0353880 0.0572870 0.0702450 0.0546323 
S0427         0.2148735 0.0655116 0.0778490 0.1044585 0.0647617 0.0659072 0.1113732 0.0821401 0.0808579 0.1025669 0.0792457 0.0922835 0.0923673 0.1095944 0.0957372 0.1039587 0.0714895 0.0889352 0.1078702 0.0957382 0.0340743 0.0682705 0.0652630 0.0858669 0.0710191 0.0691335 0.0735972 0.0000000 0.0709044 0.0914946 0.0885906 0.0877193 0.0682469 0.0983507 0.0903950 0.0636549 0.0650644 0.0875326 0.0751313 0.0684009 0.0635184 0.0859520 0.0765549 0.0939904 0.1399768 0.0796952 0.0902832 0.0844318 0.0670411 0.0710170 0.0621625 0.0778924 0.0738682 0.1001566 0.0779924 0.0877238 0.0851248 0.0644772 0.0751303 0.0844561 0.0912417 0.1242643 0.0820225 0.0843980 0.1062783 0.0778031 0.1288673 0.0893381 0.0787395 0.0961319 0.0823568 0.0851202 0.1235089 0.0722532 0.1265051 0.1606548 0.0790041 0.0751986 0.0741946 0.1028091 0.1284840 0.0582557 0.0761295 0.0614722 0.0640380 0.0672977 0.0719258 0.0901504 0.0809740 0.1139905 0.0866651 0.0941437 0.0887432 0.0752737 0.0752381 0.0871810 0.0784971 0.0569627 0.0650248 0.0595119 0.0847711 0.0556904 0.0768941 0.0740479 0.0842009 0.1069249 0.0710872 0.0740136 0.0857916 0.0750773 0.0698003 0.0608851 0.0726805 0.0739875 0.0726455 0.0720788 0.0860547 0.0720015 0.0800646 0.0643836 0.0560203 0.0928148 0.0884021 0.0747345 0.0752623 0.0667483 0.1195234 0.0697469 0.0725974 0.0335564 0.0675124 
S0428sl       0.2356070 0.0803774 0.0703306 0.0685432 0.0726076 0.0760293 0.0965862 0.0544159 0.0835437 0.0536088 0.0992116 0.0654021 0.0945948 0.1224368 0.0515362 0.1072566 0.0346707 0.0867450 0.1036895 0.0920973 0.0785309 0.0716236 0.0804126 0.0434249 0.0789913 0.0379192 0.0730221 0.0709044 0.0000000 0.0967987 0.0571968 0.1019471 0.0872377 0.1160735 0.0538955 0.0777382 0.0801551 0.0547047 0.0623886 0.0545470 0.0756187 0.0715577 0.0793205 0.0939589 0.1542164 0.0899278 0.0971117 0.0815884 0.0814403 0.0689777 0.0735749 0.0670761 0.0673546 0.1217945 0.0795942 0.0771325 0.1058177 0.0543892 0.0517393 0.0843716 0.0946981 0.1478590 0.0977077 0.0796580 0.1097125 0.0702323 0.1275595 0.0902628 0.0994964 0.1227466 0.1089195 0.1063109 0.1396417 0.0689777 0.1528535 0.1312555 0.0711285 0.1006561 0.0931520 0.1028682 0.1516040 0.0693988 0.0793244 0.0729846 0.0294771 0.0530602 0.0563554 0.0911915 0.0648418 0.0829390 0.1016040 0.1016053 0.0926238 0.0903350 0.1106794 0.0775638 0.0786279 0.0732045 0.0812523 0.0835224 0.0873635 0.0787327 0.0746400 0.0814358 0.0891537 0.0520529 0.0813244 0.0733748 0.0479790 0.0740879 0.0529057 0.0734477 0.0663419 0.0787695 0.0797426 0.0795326 0.0527751 0.0916066 0.0552223 0.0727852 0.0774711 0.0846666 0.0818788 0.0581733 0.0777646 0.0762885 0.1243598 0.0610445 0.0795226 0.0708969 0.0772787 
S0430         0.2206010 0.0934264 0.0810792 0.1164760 0.0774016 0.0915950 0.0211706 0.1006910 0.0968871 0.1390860 0.1089156 0.1076984 0.0141974 0.0684600 0.1187315 0.0172290 0.0903665 0.1025073 0.1015956 0.0100268 0.0821588 0.0941153 0.0939331 0.1072957 0.1050831 0.0955354 0.0851723 0.0914946 0.0967987 0.0000000 0.0991721 0.1018562 0.0985233 0.0763226 0.1094376 0.0994607 0.0921939 0.0966166 0.0876582 0.0853841 0.0979004 0.1108409 0.0882611 0.0080643 0.1430318 0.1013644 0.0090041 0.0876808 0.0994250 0.0825013 0.0914490 0.0896742 0.0829347 0.1090191 0.0882758 0.0921318 0.0779862 0.0789841 0.0858921 0.0426719 0.1000378 0.1379049 0.0931041 0.0958740 0.1103211 0.0883627 0.1373913 0.0971615 0.0533468 0.0798025 0.1006749 0.1022344 0.1301541 0.0837731 0.1322578 0.1684186 0.0847412 0.0660613 0.1084702 0.1154120 0.1269215 0.0913938 0.0983624 0.0859716 0.0860607 0.0820235 0.0868102 0.0061168 0.0895248 0.1307177 0.0726346 0.0120676 0.0050223 0.0961358 0.0714167 0.1039185 0.0971369 0.0898994 0.0932288 0.0869684 0.1026792 0.0841286 0.1048543 0.0881410 0.1015458 0.1279666 0.0969537 0.0856369 0.0997728 0.0855329 0.0859446 0.0900279 0.0817535 0.0895570 0.0876729 0.1022146 0.1013892 0.0977224 0.0965245 0.0934707 0.0851970 0.1003630 0.0992184 0.0924099 0.0803304 0.0809226 0.1433177 0.0783158 0.0858935 0.0956245 0.0686369 
