135
PAFTOL_019361 0.0000000 0.2984366 0.2971988 0.2984575 0.2863705 0.2905737 0.3224336 0.3035194 0.2880039 0.3026592 0.3517336 0.2821079 0.3247368 0.3511760 0.3114525 0.3352847 0.2883048 0.2590360 0.2561577 0.3143499 0.2731232 0.2957666 0.2714408 0.3186411 0.3558704 0.2885866 0.2858430 0.2793500 0.2894312 0.3224508 0.2477847 0.3273634 0.3653345 0.3305592 0.3363539 0.2942594 0.3114931 0.2784523 0.3173799 0.2718458 0.2654097 0.3155601 0.2675665 0.2604955 0.3148355 0.3289017 0.3060078 0.3174847 0.3531274 0.2879100 0.3051622 0.2732686 0.2907865 0.2847505 0.2740182 0.3585052 0.2528413 0.2481868 0.3154880 0.2521178 0.2812379 0.2901202 0.2921119 0.3080454 0.3155484 0.3156739 0.3020434 0.3401158 0.3335877 0.2981853 0.3370948 0.3277518 0.3273898 0.3705282 0.3238743 0.3272416 0.3239577 0.2783577 0.3207024 0.2836887 0.3498783 0.2863561 0.3522258 0.2921301 0.3270713 0.3354562 0.2849325 0.2907975 0.2973541 0.3056366 0.2531516 0.2812163 0.3300972 0.2723798 0.3061298 0.3341866 0.0000010 0.3308890 0.2877943 0.3160464 0.2961939 0.3102423 0.2903155 0.2491990 0.2988954 0.3233089 0.2733467 0.2558345 0.3026517 0.2889864 0.3193394 0.2735562 0.2843112 0.2897124 0.2946020 0.2769199 0.2846538 0.2832242 0.2555118 0.3026111 0.3040045 0.2885766 0.2822409 0.2787183 0.3051633 0.2968880 0.2692695 0.2581067 0.2841972 0.2953537 0.4756209 0.2658078 0.2641885 0.2887624 0.2857042 
S0055         0.2984366 0.0000000 0.0768096 0.1208664 0.0892879 0.0588996 0.1317155 0.1225333 0.0927898 0.0701459 0.0983970 0.1241234 0.1282603 0.1381543 0.1165133 0.1240941 0.1016820 0.0995620 0.1224222 0.1296494 0.0787609 0.0556707 0.0609368 0.1203698 0.0863333 0.1106753 0.0747961 0.0842239 0.1127382 0.1375130 0.0862305 0.1054399 0.0930935 0.1164690 0.1298297 0.1156245 0.0663590 0.0596935 0.1152617 0.0875249 0.0930295 0.0588807 0.0653076 0.0815654 0.1326789 0.1618636 0.0676668 0.1290296 0.1323376 0.0606997 0.1122048 0.0733404 0.0617234 0.0733582 0.0703577 0.1201514 0.0821487 0.0936553 0.1105067 0.0893850 0.0927560 0.0709107 0.1285536 0.1084271 0.1109898 0.1060328 0.1020361 0.1061684 0.0992751 0.0933396 0.1746148 0.1014400 0.1186595 0.1618868 0.1158828 0.1129289 0.1571854 0.0718715 0.1460598 0.0948009 0.1179358 0.1003563 0.1115208 0.0759072 0.1144174 0.1583567 0.0607612 0.0670081 0.0986901 0.1144232 0.0879162 0.0943341 0.1287806 0.0955406 0.1269016 0.1138111 0.1172780 0.1258578 0.0611845 0.1215141 0.1101174 0.1045580 0.0594860 0.0499252 0.0355469 0.1231960 0.0653758 0.0976651 0.1011644 0.0970625 0.1201875 0.0578046 0.0756278 0.1143092 0.0944009 0.0939065 0.0596039 0.1008464 0.0875058 0.0678920 0.1133979 0.0579631 0.1057671 0.0556331 0.0544008 0.1060506 0.1014134 0.0979033 0.0947343 0.0720502 0.1956224 0.0750409 0.0909236 0.0806996 0.0745821 
S0196sl       0.2971988 0.0768096 0.0000000 0.1079968 0.0544267 0.0753855 0.1175650 0.1137937 0.0842306 0.0853889 0.1174387 0.1112758 0.1133275 0.1209977 0.1129694 0.1124195 0.1045666 0.0810733 0.1066267 0.1158584 0.0901075 0.0731785 0.0746974 0.1134228 0.1027905 0.1095109 0.0194932 0.0940672 0.1073510 0.1250779 0.0834271 0.0926161 0.1084571 0.1035228 0.1172358 0.1084955 0.0854671 0.0677332 0.1112561 0.0846671 0.0956753 0.0755119 0.0782686 0.0470145 0.1166213 0.1541013 0.0892465 0.1169658 0.1181653 0.0736185 0.0957646 0.0172818 0.0764917 0.0159527 0.0137127 0.1000192 0.0496814 0.0918437 0.0991658 0.0918545 0.0931497 0.0563325 0.1179640 0.0977335 0.0940807 0.0911868 0.0890601 0.0927206 0.1291349 0.0597297 0.1637864 0.0878458 0.1108133 0.1476080 0.0970813 0.0923767 0.1427585 0.0168370 0.1338546 0.0992582 0.1029272 0.0899449 0.1040740 0.0862952 0.1073428 0.1472657 0.0763954 0.0789697 0.0810597 0.1108118 0.0913329 0.0956938 0.1148937 0.0940907 0.1149304 0.0998728 0.1055048 0.1121927 0.0788799 0.1144271 0.0920061 0.0935280 0.0750291 0.0668822 0.0742223 0.1104873 0.0786187 0.0946372 0.0893465 0.0858074 0.1127341 0.0705540 0.0199352 0.1020146 0.0586647 0.0955329 0.0761174 0.0931317 0.0744353 0.0830625 0.1117677 0.0722980 0.1022126 0.0712684 0.0713083 0.0908996 0.0825561 0.0970125 0.0764218 0.0576222 0.1842497 0.0418462 0.0739240 0.0870162 0.0620638 
S0278         0.2984575 0.1208664 0.1079968 0.0000000 0.1206062 0.1170196 0.1472680 0.0638549 0.1217439 0.1274175 0.1551911 0.0610251 0.1448415 0.1584540 0.0587470 0.1464766 0.0708134 0.1223372 0.1564255 0.1462290 0.1300602 0.1160494 0.1165668 0.0735246 0.1374788 0.0690631 0.1062272 0.1352774 0.0571379 0.1526928 0.0735302 0.1270884 0.1439027 0.1445167 0.1483389 0.0603615 0.1302064 0.1143783 0.0586163 0.0768399 0.0930469 0.1134815 0.1271896 0.1088232 0.1501719 0.1675925 0.1275218 0.1491742 0.1485608 0.1163174 0.1313352 0.1024490 0.1192020 0.1042784 0.1033813 0.1398053 0.1132684 0.0865138 0.1367535 0.0880478 0.0879031 0.1066465 0.0690119 0.1275088 0.1308969 0.1276074 0.1258156 0.1319217 0.1718062 0.1198376 0.1792659 0.1304490 0.1477791 0.1826624 0.1403266 0.1320484 0.1576809 0.1035840 0.1430442 0.0867425 0.1367726 0.1295010 0.1425923 0.1192563 0.1461325 0.1587598 0.1165577 0.1174215 0.1297028 0.0649806 0.0869233 0.0913079 0.1430576 0.0825848 0.0495667 0.1384402 0.1376036 0.1410513 0.1186579 0.1430637 0.1396898 0.1304844 0.1134598 0.1041761 0.1163927 0.1433789 0.1182626 0.0881487 0.1271328 0.1238619 0.0569181 0.1092057 0.1087811 0.0618899 0.1213172 0.0889746 0.1126293 0.1250671 0.1147189 0.1222390 0.0620148 0.1097914 0.1034177 0.1056703 0.1147372 0.1369173 0.1221504 0.0917836 0.1192618 0.1063195 0.1945665 0.1039097 0.1169624 0.1259038 0.1104361 
S0281         0.2863705 0.0892879 0.0544267 0.1206062 0.0000000 0.0856610 0.1210381 0.1074372 0.0887516 0.1003684 0.1215536 0.1139330 0.1181041 0.1304842 0.1164056 0.1220441 0.1051670 0.0847762 0.1123089 0.1245580 0.0995157 0.0835439 0.0879423 0.1197983 0.1037679 0.1119273 0.0494787 0.0997766 0.1141030 0.1277830 0.0930401 0.0989581 0.1172574 0.1170117 0.1224231 0.1131048 0.0897064 0.0849917 0.1203657 0.0943019 0.0981314 0.0831559 0.0943177 0.0511998 0.1202071 0.1606556 0.0915025 0.1221662 0.1282156 0.0821823 0.1045674 0.0467635 0.0876757 0.0477211 0.0430991 0.1005471 0.0523529 0.1015915 0.1100289 0.0934418 0.0981800 0.0716379 0.1268527 0.1068224 0.1019410 0.0999943 0.0988378 0.1001934 0.1328226 0.0666384 0.1669343 0.1024056 0.1220876 0.1510693 0.1078246 0.1028864 0.1557319 0.0458255 0.1457439 0.1026184 0.1114652 0.0931076 0.1112005 0.0933878 0.1084562 0.1554777 0.0865458 0.0887652 0.0878593 0.1121156 0.0933757 0.0990248 0.1245347 0.0983810 0.1286008 0.1103995 0.1101811 0.1173076 0.0874615 0.1229183 0.0974014 0.0979547 0.0853677 0.0757020 0.0849462 0.1080548 0.0880743 0.0994096 0.0986201 0.0943267 0.1171273 0.0813524 0.0490207 0.1162138 0.0666830 0.0967169 0.0869058 0.0956555 0.0820445 0.0928951 0.1146540 0.0832998 0.1100467 0.0821623 0.0803934 0.0945707 0.0858569 0.0995733 0.0849005 0.0727859 0.1997561 0.0532551 0.0824636 0.0945202 0.0776550 
S0282         0.2905737 0.0588996 0.0753855 0.1170196 0.0856610 0.0000000 0.1267321 0.1142537 0.0951787 0.0248970 0.0998715 0.1115932 0.1229746 0.1358585 0.1117495 0.1218991 0.1018939 0.0977757 0.1220235 0.1244940 0.0688825 0.0162182 0.0287286 0.1164650 0.0801323 0.1063261 0.0740889 0.0801622 0.1100471 0.1281281 0.0875004 0.1034743 0.0884004 0.1175076 0.1244428 0.1125833 0.0468930 0.0266981 0.1117450 0.0875473 0.0985308 0.0563859 0.0251156 0.0823857 0.1273118 0.1567103 0.0679904 0.1230242 0.1364723 0.0305532 0.1068433 0.0698489 0.0203386 0.0699296 0.0687229 0.1136883 0.0848774 0.0962576 0.1057251 0.0918863 0.0979121 0.0706950 0.1220396 0.1051407 0.1067829 0.1029558 0.1020674 0.1045085 0.0981384 0.0957469 0.1663269 0.0986983 0.1240184 0.1565157 0.1130298 0.1065138 0.1517782 0.0707762 0.1356597 0.0976838 0.1169392 0.1000366 0.1118985 0.0614021 0.1111258 0.1473504 0.0219766 0.0599629 0.0911005 0.1085947 0.0903822 0.0974057 0.1270589 0.0946215 0.1211846 0.1099041 0.1122330 0.1203722 0.0307526 0.1191572 0.1063185 0.1054042 0.0211679 0.0236672 0.0553662 0.1205222 0.0517075 0.0953140 0.1045893 0.0995633 0.1095213 0.0526831 0.0731289 0.1064237 0.0943390 0.0966865 0.0203636 0.1043600 0.0877532 0.0392498 0.1105966 0.0478806 0.1107221 0.0473449 0.0514350 0.1049963 0.0986706 0.0979588 0.0885770 0.0704121 0.1890403 0.0701720 0.0892448 0.0767226 0.0743318 
S0288         0.3224336 0.1317155 0.1175650 0.1472680 0.1210381 0.1267321 0.0000000 0.1522471 0.1256197 0.1413084 0.1592589 0.1489161 0.0122836 0.0930735 0.1480434 0.0135114 0.1426819 0.1183542 0.1425271 0.0170834 0.1350973 0.1229010 0.1225970 0.1604101 0.1417770 0.1414876 0.1106987 0.1427189 0.1409894 0.0148719 0.1279664 0.1339330 0.1514929 0.0892211 0.0120227 0.1495377 0.1330314 0.1235997 0.1508889 0.1217954 0.1384447 0.1212060 0.1323874 0.1225863 0.0107142 0.1806578 0.1375424 0.0106865 0.1508863 0.1229665 0.1396388 0.1100413 0.1273745 0.1123034 0.1104877 0.1391951 0.1247297 0.1335059 0.0850928 0.1384039 0.1346769 0.1110623 0.1479548 0.0425068 0.1346567 0.1287612 0.1330182 0.1332870 0.1733149 0.1132117 0.1884417 0.1351205 0.0896911 0.1219737 0.1430448 0.1365049 0.1733838 0.1116740 0.1609272 0.1261465 0.1390759 0.1254302 0.0905849 0.1330856 0.1489011 0.1734500 0.1228890 0.1287675 0.1289790 0.1525562 0.1370974 0.1423339 0.0166362 0.1261093 0.1628525 0.0817263 0.0077637 0.0062559 0.1279325 0.0935416 0.1276289 0.1356032 0.1227819 0.1132824 0.1240710 0.1518947 0.1270409 0.1318427 0.1316369 0.1290447 0.1549664 0.1219295 0.1160790 0.1412148 0.1127195 0.1377943 0.1234422 0.1309287 0.1126189 0.1333572 0.1499904 0.1248416 0.1396737 0.1212179 0.1174885 0.1261082 0.1195398 0.1375339 0.1218341 0.1112902 0.2012590 0.1149397 0.1116920 0.1305241 0.1110230 
S0289         0.3035194 0.1225333 0.1137937 0.0638549 0.1074372 0.1142537 0.1522471 0.0000000 0.1246696 0.1297524 0.1476314 0.0637897 0.1500755 0.1625573 0.0516857 0.1465426 0.0719996 0.1232275 0.1555684 0.1536812 0.1274113 0.1142296 0.1170796 0.0719471 0.1355329 0.0555970 0.1081353 0.1289851 0.0609802 0.1558599 0.0754052 0.1335446 0.1408766 0.1410904 0.1500621 0.0556086 0.1294519 0.1150740 0.0586766 0.0747089 0.0899716 0.1134244 0.1311730 0.1127725 0.1519740 0.1670963 0.1226106 0.1538912 0.1488403 0.1100284 0.1387896 0.1046581 0.1187679 0.1052907 0.1044540 0.1399250 0.1162973 0.0829824 0.1400703 0.0852015 0.0819100 0.1123736 0.0670874 0.1280344 0.1382446 0.1301871 0.1355884 0.1353226 0.1596500 0.1225252 0.1783520 0.1363446 0.1552609 0.1814281 0.1424695 0.1388931 0.1653199 0.1062851 0.1422799 0.0855580 0.1459232 0.1260809 0.1464755 0.1213572 0.1444241 0.1555799 0.1165330 0.1183396 0.1242305 0.0574680 0.0836941 0.0881503 0.1519136 0.0766588 0.0660583 0.1405136 0.1360307 0.1446977 0.1166299 0.1515082 0.1406171 0.1283167 0.1130341 0.1040193 0.1120230 0.1447432 0.1164834 0.0873199 0.1314710 0.1267299 0.0614117 0.1128606 0.1073793 0.0645621 0.1241118 0.0856051 0.1144620 0.1284458 0.1153774 0.1262306 0.0627198 0.1105476 0.0973777 0.1069940 0.1093912 0.1356809 0.1244147 0.0893042 0.1192615 0.1121618 0.1899033 0.1044042 0.1178620 0.1242077 0.1163221 
S0292         0.2880039 0.0927898 0.0842306 0.1217439 0.0887516 0.0951787 0.1256197 0.1246696 0.0000000 0.1067164 0.1345748 0.1196358 0.1245873 0.1331488 0.1238366 0.1234315 0.1100793 0.0774531 0.1082603 0.1289717 0.1010304 0.0909980 0.0919424 0.1255068 0.1172281 0.1221358 0.0781755 0.1089252 0.1190002 0.1311419 0.0985812 0.0958373 0.1190133 0.1217977 0.1242622 0.1194073 0.1049434 0.0915330 0.1198659 0.0967466 0.1068925 0.0878216 0.1029560 0.0824498 0.1273513 0.1623191 0.1011134 0.1267978 0.1196497 0.0875464 0.0962700 0.0786774 0.0936841 0.0782269 0.0761263 0.1001562 0.0824644 0.1027914 0.1168663 0.1027821 0.1037712 0.0714579 0.1348118 0.1098176 0.0981316 0.0914920 0.0905298 0.0924585 0.1390982 0.0936633 0.1711698 0.0969357 0.1313484 0.1594884 0.1001496 0.0942832 0.1611967 0.0786856 0.1454717 0.1123976 0.1027908 0.0873171 0.1208929 0.0961154 0.0663682 0.1560594 0.0929828 0.0990866 0.0829132 0.1205956 0.1017026 0.1063469 0.1297955 0.0978872 0.1270901 0.1127610 0.1104236 0.1200202 0.0964956 0.1291676 0.0903137 0.0251564 0.0914005 0.0808068 0.0879925 0.0711487 0.0935330 0.1068559 0.0230100 0.0201578 0.1278737 0.0897491 0.0801403 0.1171342 0.0931845 0.1050845 0.0939264 0.0545066 0.0666146 0.0974845 0.1207215 0.0910290 0.1147037 0.0880853 0.0857501 0.0872254 0.0755111 0.1102445 0.0780391 0.0735969 0.1979896 0.0746086 0.0673964 0.1005862 0.0775229 
S0293         0.3026592 0.0701459 0.0853889 0.1274175 0.1003684 0.0248970 0.1413084 0.1297524 0.1067164 0.0000000 0.1119003 0.1214249 0.1386829 0.1505872 0.1220370 0.1386737 0.1128998 0.1079762 0.1326650 0.1415003 0.0838592 0.0248746 0.0384782 0.1252701 0.0889246 0.1167013 0.0866305 0.0970109 0.1197697 0.1406594 0.0992856 0.1154745 0.1033978 0.1280580 0.1406619 0.1222631 0.0571568 0.0366682 0.1235736 0.0943009 0.1110189 0.0704746 0.0310130 0.0947695 0.1427824 0.1648800 0.0815088 0.1384395 0.1487098 0.0405823 0.1146375 0.0830252 0.0284339 0.0820491 0.0807774 0.1270639 0.0968608 0.1050104 0.1171916 0.0999391 0.1076817 0.0814218 0.1289271 0.1155237 0.1201584 0.1148542 0.1128096 0.1171898 0.1093446 0.1075194 0.1748248 0.1106157 0.1351478 0.1630076 0.1281348 0.1203800 0.1599266 0.0830344 0.1366313 0.0992490 0.1304643 0.1141054 0.1237460 0.0759547 0.1218319 0.1492737 0.0306309 0.0708294 0.0999981 0.1212629 0.1016181 0.1057619 0.1422720 0.1091932 0.1308042 0.1245956 0.1243112 0.1376901 0.0405693 0.1307900 0.1183522 0.1168296 0.0306825 0.0321996 0.0698512 0.1314540 0.0672777 0.1060953 0.1164008 0.1099089 0.1152875 0.0625175 0.0839344 0.1054122 0.1060082 0.1096304 0.0293643 0.1140278 0.0978567 0.0494012 0.1231795 0.0558235 0.1186001 0.0561808 0.0635528 0.1154771 0.1095387 0.1092338 0.1014120 0.0831094 0.1989509 0.0824360 0.1015379 0.0889759 0.0854093 
S0294         0.3517336 0.0983970 0.1174387 0.1551911 0.1215536 0.0998715 0.1592589 0.1476314 0.1345748 0.1119003 0.0000000 0.1543320 0.1562702 0.1611482 0.1432575 0.1568564 0.1369912 0.1339879 0.1634709 0.1601037 0.1169645 0.0990274 0.0977075 0.1506292 0.1172927 0.1432507 0.1110600 0.1250492 0.1459028 0.1644524 0.1242563 0.1455204 0.1311455 0.1538187 0.1603124 0.1459435 0.1087944 0.0949084 0.1517195 0.1176536 0.1318229 0.0934547 0.1077871 0.1192078 0.1607577 0.1909854 0.1073722 0.1581158 0.1720296 0.0985901 0.1513034 0.1084394 0.1007698 0.1099672 0.1065821 0.1552904 0.1233025 0.1269919 0.1374253 0.1236382 0.1256457 0.1123426 0.1702487 0.1370726 0.1505471 0.1466102 0.1452176 0.1464006 0.0746646 0.1306054 0.2005021 0.1388101 0.1592224 0.1844966 0.1554607 0.1511482 0.1811396 0.1062791 0.1677148 0.1360730 0.1574265 0.1379473 0.1492547 0.1111035 0.1490903 0.1833494 0.1002357 0.1026177 0.1332805 0.1500019 0.1218693 0.1268271 0.1596957 0.1286162 0.1558395 0.1475613 0.1459356 0.1555643 0.0970613 0.1519351 0.1472129 0.1425500 0.0974295 0.0846781 0.0975427 0.1617849 0.0986279 0.1300153 0.1421612 0.1383651 0.1490558 0.0960669 0.1096087 0.1442611 0.1290757 0.1265182 0.1010426 0.1414763 0.1254936 0.1096347 0.1392113 0.0979011 0.1423690 0.0944021 0.0868807 0.1467218 0.1335134 0.1310143 0.1331273 0.1128969 0.2113478 0.1124245 0.1278049 0.1134154 0.1146607 
S0299         0.2821079 0.1241234 0.1112758 0.0610251 0.1139330 0.1115932 0.1489161 0.0637897 0.1196358 0.1214249 0.1543320 0.0000000 0.1475009 0.1599470 0.0716759 0.1504608 0.0711541 0.1189194 0.1579654 0.1490827 0.1171513 0.1106479 0.1167497 0.0833522 0.1269612 0.0673299 0.1014178 0.1269615 0.0691565 0.1451511 0.0790566 0.1352834 0.1417877 0.1478649 0.1487978 0.0610318 0.1281814 0.1152481 0.0706191 0.0839944 0.0960548 0.1151409 0.1294663 0.1079089 0.1529318 0.1574813 0.1258643 0.1524026 0.1461744 0.1127344 0.1369831 0.1008377 0.1141327 0.1054670 0.1018976 0.1412651 0.1106991 0.0925952 0.1350227 0.0920795 0.0954972 0.1047188 0.0713511 0.1337297 0.1403958 0.1302749 0.1322007 0.1332711 0.1658186 0.1230682 0.1646318 0.1345186 0.1473563 0.1564527 0.1400685 0.1308713 0.1485968 0.1014956 0.1462077 0.0909379 0.1392249 0.1255459 0.1386695 0.1171570 0.1338742 0.1642900 0.1132773 0.1149324 0.1210755 0.0657647 0.0939941 0.0983204 0.1486488 0.0900340 0.0698189 0.1386704 0.1376799 0.1429830 0.1158165 0.1443728 0.1301300 0.1248862 0.1112350 0.1049485 0.1168030 0.1326800 0.1126788 0.0881753 0.1233092 0.1189061 0.0658362 0.1101723 0.1066535 0.0678538 0.1233233 0.0965694 0.1078907 0.1238913 0.1133409 0.1234228 0.0637672 0.1059180 0.1059532 0.1090728 0.1095094 0.1298288 0.1214650 0.0976284 0.1170484 0.1045618 0.1826760 0.1017993 0.1123792 0.1241614 0.1077767 
S0303         0.3247368 0.1282603 0.1133275 0.1448415 0.1181041 0.1229746 0.0122836 0.1500755 0.1245873 0.1386829 0.1562702 0.1475009 0.0000000 0.0926815 0.1464368 0.0130510 0.1407239 0.1189075 0.1465085 0.0160381 0.1332221 0.1182820 0.1179392 0.1590578 0.1448664 0.1450680 0.1065238 0.1386538 0.1431874 0.0157487 0.1248757 0.1298470 0.1463654 0.0862658 0.0091833 0.1468790 0.1308571 0.1200338 0.1476439 0.1188338 0.1344785 0.1144327 0.1339103 0.1185340 0.0095656 0.1785917 0.1310703 0.0095384 0.1524370 0.1190115 0.1348260 0.1057784 0.1241217 0.1074267 0.1056983 0.1377876 0.1210676 0.1311567 0.0819904 0.1344418 0.1317517 0.1073759 0.1529570 0.0400715 0.1300873 0.1276890 0.1288950 0.1287114 0.1664745 0.1112402 0.1881744 0.1294456 0.0852037 0.1231013 0.1389144 0.1320087 0.1720278 0.1074024 0.1574378 0.1277837 0.1351829 0.1246163 0.0872044 0.1298486 0.1474568 0.1688618 0.1198488 0.1250205 0.1281011 0.1508666 0.1332071 0.1393690 0.0156328 0.1231106 0.1594871 0.0776473 0.0081122 0.0073222 0.1242471 0.0927358 0.1296805 0.1359221 0.1192069 0.1081501 0.1214703 0.1478023 0.1217719 0.1312433 0.1309231 0.1284191 0.1524286 0.1173529 0.1110355 0.1440748 0.1107656 0.1341808 0.1210273 0.1270802 0.1137322 0.1306306 0.1472392 0.1196417 0.1402989 0.1179600 0.1123505 0.1259285 0.1200537 0.1317494 0.1156074 0.1086326 0.2137076 0.1128204 0.1113752 0.1271594 0.1088766 
S0308         0.3511760 0.1381543 0.1209977 0.1584540 0.1304842 0.1358585 0.0930735 0.1625573 0.1331488 0.1505872 0.1611482 0.1599470 0.0926815 0.0000000 0.1592103 0.0940589 0.1500835 0.1297684 0.1594593 0.0958101 0.1390949 0.1305156 0.1323216 0.1700577 0.1499215 0.1603170 0.1165227 0.1513841 0.1598176 0.0998560 0.1382201 0.1299344 0.1636002 0.1004685 0.0936624 0.1630719 0.1442703 0.1313085 0.1609840 0.1304790 0.1453066 0.1226362 0.1472231 0.1307890 0.0923570 0.1947438 0.1392465 0.0930068 0.1711513 0.1344094 0.1352929 0.1141999 0.1394843 0.1162189 0.1144838 0.1464951 0.1350662 0.1417751 0.0956094 0.1415228 0.1404803 0.1150606 0.1720839 0.0873737 0.1342735 0.1329872 0.1305669 0.1346134 0.1763546 0.1254479 0.2051911 0.1462761 0.0976198 0.1320383 0.1429409 0.1353443 0.1914953 0.1145446 0.1795107 0.1426059 0.1431668 0.1370969 0.0957336 0.1385099 0.1556076 0.1912372 0.1357038 0.1359868 0.1348575 0.1629279 0.1407841 0.1466296 0.0982781 0.1358284 0.1667722 0.0884404 0.0816553 0.0878474 0.1354456 0.1024140 0.1424017 0.1401929 0.1331425 0.1200956 0.1276219 0.1544255 0.1296230 0.1401606 0.1378419 0.1350766 0.1719272 0.1313053 0.1184302 0.1610382 0.1226151 0.1427997 0.1359999 0.1384808 0.1276419 0.1441076 0.1574498 0.1342209 0.1523181 0.1306508 0.1185201 0.1393352 0.1272826 0.1452619 0.1251731 0.1156672 0.2119852 0.1168271 0.1296869 0.1357725 0.1177064 
S0320         0.3114525 0.1165133 0.1129694 0.0587470 0.1164056 0.1117495 0.1480434 0.0516857 0.1238366 0.1220370 0.1432575 0.0716759 0.1464368 0.1592103 0.0000000 0.1433259 0.0681396 0.1205816 0.1462732 0.1490141 0.1179301 0.1102269 0.1113500 0.0625069 0.1325665 0.0551918 0.1068516 0.1273864 0.0517683 0.1519987 0.0688584 0.1259160 0.1426424 0.1442308 0.1456522 0.0500923 0.1240858 0.1114735 0.0539037 0.0741173 0.0897143 0.1092545 0.1188821 0.1131958 0.1470105 0.1661965 0.1235726 0.1483356 0.1445241 0.1088024 0.1341095 0.1063900 0.1132121 0.1050277 0.1041939 0.1414822 0.1171352 0.0792153 0.1386716 0.0787087 0.0781384 0.1068061 0.0724700 0.1249177 0.1359041 0.1294438 0.1314988 0.1310595 0.1573910 0.1244170 0.1733222 0.1334721 0.1522976 0.1827224 0.1390064 0.1359200 0.1615063 0.1038934 0.1442815 0.0739759 0.1435761 0.1292386 0.1450178 0.1208505 0.1454558 0.1550110 0.1114852 0.1182344 0.1224077 0.0524053 0.0807829 0.0851706 0.1454050 0.0812037 0.0619389 0.1398536 0.1369796 0.1420501 0.1125876 0.1484053 0.1329216 0.1303516 0.1102624 0.0988568 0.1113496 0.1408710 0.1143050 0.0839430 0.1335117 0.1250141 0.0606034 0.1122444 0.1081263 0.0580865 0.1244259 0.0846073 0.1094040 0.1267440 0.1138484 0.1213014 0.0628242 0.1069610 0.0970226 0.1049498 0.1089740 0.1306478 0.1203685 0.0887292 0.1208605 0.1081883 0.1911430 0.1078029 0.1147757 0.1210957 0.1117848 
S0322         0.3352847 0.1240941 0.1124195 0.1464766 0.1220441 0.1218991 0.0135114 0.1465426 0.1234315 0.1386737 0.1568564 0.1504608 0.0130510 0.0940589 0.1433259 0.0000000 0.1368930 0.1223208 0.1502819 0.0065054 0.1298441 0.1186295 0.1206005 0.1592535 0.1382325 0.1441546 0.1096776 0.1379719 0.1394034 0.0188315 0.1244535 0.1298593 0.1446635 0.0868196 0.0100975 0.1448052 0.1305450 0.1229172 0.1452597 0.1166725 0.1322147 0.1155061 0.1364980 0.1205687 0.0095982 0.1770630 0.1312940 0.0096077 0.1595031 0.1236468 0.1338332 0.1079095 0.1250596 0.1089371 0.1088485 0.1396735 0.1228237 0.1301301 0.0824277 0.1338791 0.1296074 0.1079801 0.1550960 0.0466998 0.1305609 0.1268500 0.1266702 0.1266510 0.1665139 0.1141302 0.1845450 0.1324729 0.0908748 0.1289717 0.1390170 0.1319125 0.1678882 0.1107341 0.1551037 0.1321979 0.1344943 0.1255641 0.0924806 0.1273537 0.1479579 0.1706079 0.1202711 0.1227329 0.1300770 0.1499916 0.1324673 0.1386408 0.0109637 0.1215214 0.1565338 0.0789522 0.0101874 0.0085260 0.1270226 0.0926787 0.1336983 0.1390609 0.1190707 0.1103039 0.1230435 0.1480274 0.1224072 0.1281697 0.1297786 0.1275566 0.1514911 0.1155917 0.1147487 0.1418690 0.1119007 0.1338190 0.1202383 0.1268519 0.1140546 0.1333159 0.1456846 0.1170134 0.1389586 0.1155758 0.1146521 0.1283678 0.1222591 0.1304657 0.1169409 0.1083895 0.2237669 0.1148844 0.1125940 0.1271852 0.1121995 
S0327         0.2883048 0.1016820 0.1045666 0.0708134 0.1051670 0.1018939 0.1426819 0.0719996 0.1100793 0.1128998 0.1369912 0.0711541 0.1407239 0.1500835 0.0681396 0.1368930 0.0000000 0.1103434 0.1396775 0.1414901 0.1103814 0.0991016 0.1010055 0.0743212 0.1211365 0.0610259 0.0993531 0.1176542 0.0585310 0.1469749 0.0561058 0.1176323 0.1282556 0.1336126 0.1430790 0.0660915 0.1133681 0.0986812 0.0681865 0.0553966 0.0732794 0.0967815 0.1130503 0.0993164 0.1418143 0.1605319 0.1077108 0.1432679 0.1405974 0.0992968 0.1235000 0.0972836 0.1023680 0.0967756 0.0940581 0.1277106 0.1028326 0.0609834 0.1315464 0.0648114 0.0612511 0.0931451 0.0673970 0.1218230 0.1223025 0.1180600 0.1173933 0.1210313 0.1548770 0.1106690 0.1664303 0.1180001 0.1422249 0.1764917 0.1324776 0.1241515 0.1565371 0.0958096 0.1355396 0.0698266 0.1273084 0.1115145 0.1304616 0.1097807 0.1282861 0.1478063 0.1006733 0.1031358 0.1112901 0.0639240 0.0640160 0.0705941 0.1422517 0.0636338 0.0699953 0.1279282 0.1233626 0.1349246 0.1011040 0.1361698 0.1224717 0.1187494 0.0989477 0.0863018 0.0971511 0.1290658 0.1009036 0.0701936 0.1192950 0.1103099 0.0640930 0.0966558 0.0988470 0.0653720 0.1101682 0.0676821 0.0974643 0.1171836 0.1053768 0.1065311 0.0673346 0.0977145 0.0786383 0.0949307 0.0960851 0.1191741 0.1113001 0.0716031 0.1040455 0.0928639 0.1898149 0.0909140 0.1058060 0.1133288 0.0944832 
S0335         0.2590360 0.0995620 0.0810733 0.1223372 0.0847762 0.0977757 0.1183542 0.1232275 0.0774531 0.1079762 0.1339879 0.1189194 0.1189075 0.1297684 0.1205816 0.1223208 0.1103434 0.0000000 0.0530681 0.1241214 0.0992864 0.0945035 0.0930066 0.1290497 0.1238015 0.1214024 0.0762924 0.1083812 0.1189684 0.1265568 0.0966901 0.0912139 0.1301431 0.1128409 0.1181924 0.1220451 0.1080484 0.0946820 0.1257438 0.0966450 0.1032506 0.0938393 0.1038208 0.0829507 0.1220249 0.1572302 0.1068226 0.1211555 0.1264117 0.0909013 0.0940918 0.0743423 0.0977267 0.0749192 0.0704010 0.0956735 0.0854915 0.1028720 0.1063604 0.1009799 0.1047775 0.0727821 0.1264872 0.1034796 0.0956016 0.0927301 0.0906310 0.0909132 0.1438043 0.0901564 0.1657491 0.0967684 0.1162547 0.1545779 0.0967246 0.0928029 0.1563178 0.0738717 0.1419616 0.1055014 0.1007723 0.0631461 0.1085536 0.1076964 0.0972809 0.1521566 0.0944806 0.0992805 0.0882746 0.1214089 0.0998619 0.1055368 0.1243787 0.0996830 0.1293480 0.1071176 0.1106828 0.1151005 0.0986081 0.1194255 0.0451090 0.0856752 0.0939284 0.0855726 0.0907613 0.1009962 0.0962929 0.1002040 0.0825814 0.0797016 0.1264482 0.0938801 0.0772137 0.1161279 0.0877349 0.1037785 0.0963208 0.0822430 0.0507034 0.1041191 0.1235422 0.0936440 0.1128414 0.0925917 0.0881709 0.0430585 0.0215425 0.1065062 0.0769431 0.0749169 0.1926719 0.0751167 0.0519835 0.1043446 0.0783782 
S0345         0.2561577 0.1224222 0.1066267 0.1564255 0.1123089 0.1220235 0.1425271 0.1555684 0.1082603 0.1326650 0.1634709 0.1579654 0.1465085 0.1594593 0.1462732 0.1502819 0.1396775 0.0530681 0.0000000 0.1528262 0.1267521 0.1203341 0.1195434 0.1551313 0.1438297 0.1426223 0.1037636 0.1371240 0.1312694 0.1537420 0.1228870 0.1217616 0.1579759 0.1405233 0.1433328 0.1466720 0.1306181 0.1194683 0.1538406 0.1205584 0.1326700 0.1216013 0.1195100 0.1118035 0.1469651 0.1914817 0.1328726 0.1466813 0.1327012 0.1154551 0.1256918 0.0996682 0.1240216 0.0991324 0.0962017 0.1265295 0.1114926 0.1251725 0.1372251 0.1297164 0.1274914 0.1001449 0.1531689 0.1302860 0.1266123 0.1227312 0.1187237 0.1213769 0.1748488 0.1182593 0.1981264 0.1289350 0.1404068 0.1887978 0.1256851 0.1194859 0.1886416 0.1008358 0.1713026 0.1132927 0.1324537 0.0877603 0.1369155 0.1289782 0.1245291 0.1836959 0.1204003 0.1263104 0.1096160 0.1513959 0.1282743 0.1354201 0.1523634 0.1257673 0.1573520 0.1385848 0.1412200 0.1400972 0.1215732 0.1392980 0.0433234 0.1176957 0.1203377 0.1097221 0.1194494 0.1236087 0.1217440 0.1249394 0.1120741 0.1117888 0.1583469 0.1199216 0.1036745 0.1342130 0.1134989 0.1321850 0.1231442 0.1052488 0.0717707 0.1276917 0.1480521 0.1196145 0.1357350 0.1187599 0.1122299 0.0450662 0.0567732 0.1340046 0.1026618 0.1015169 0.2200333 0.1012269 0.0732585 0.1303678 0.1055938 
S0355         0.3143499 0.1296494 0.1158584 0.1462290 0.1245580 0.1244940 0.0170834 0.1536812 0.1289717 0.1415003 0.1601037 0.1490827 0.0160381 0.0958101 0.1490141 0.0065054 0.1414901 0.1241214 0.1528262 0.0000000 0.1317208 0.1217379 0.1219643 0.1638846 0.1448333 0.1500343 0.1111074 0.1404261 0.1446631 0.0220293 0.1263202 0.1328221 0.1458865 0.0871899 0.0140246 0.1493330 0.1335611 0.1243577 0.1504014 0.1199561 0.1353313 0.1185529 0.1389063 0.1237728 0.0121793 0.1794920 0.1345557 0.0126167 0.1638103 0.1255594 0.1374101 0.1104435 0.1270693 0.1121695 0.1108220 0.1406546 0.1260124 0.1333245 0.0860271 0.1382844 0.1333814 0.1123131 0.1532015 0.0503863 0.1335015 0.1303810 0.1291026 0.1290639 0.1738118 0.1167944 0.1848493 0.1372662 0.0942115 0.1337699 0.1394388 0.1336613 0.1694715 0.1127067 0.1566763 0.1363971 0.1362368 0.1272393 0.0944406 0.1334576 0.1503619 0.1732080 0.1229466 0.1264157 0.1288566 0.1558116 0.1368466 0.1430366 0.0104179 0.1258062 0.1616640 0.0811237 0.0129770 0.0111801 0.1283882 0.0958366 0.1354694 0.1415000 0.1216798 0.1124548 0.1268155 0.1519758 0.1249369 0.1313930 0.1340800 0.1312891 0.1566861 0.1187178 0.1167110 0.1459148 0.1157594 0.1376217 0.1228463 0.1305499 0.1164519 0.1365257 0.1526802 0.1200579 0.1452564 0.1198189 0.1177288 0.1300019 0.1241641 0.1342649 0.1205230 0.1114489 0.2185125 0.1173359 0.1149890 0.1271693 0.1140536 
S0376         0.2731232 0.0787609 0.0901075 0.1300602 0.0995157 0.0688825 0.1350973 0.1274113 0.1010304 0.0838592 0.1169645 0.1171513 0.1332221 0.1390949 0.1179301 0.1298441 0.1103814 0.0992864 0.1267521 0.1317208 0.0000000 0.0698411 0.0708308 0.1230647 0.1097124 0.1214479 0.0820245 0.0500111 0.1187834 0.1369113 0.1015614 0.1097386 0.1086298 0.1254262 0.1362434 0.1177042 0.0830987 0.0685082 0.1237799 0.0994544 0.1067917 0.0741976 0.0788685 0.0948334 0.1324837 0.1634296 0.0913724 0.1331108 0.1346730 0.0752466 0.1108600 0.0804715 0.0746635 0.0810433 0.0791684 0.1171386 0.0992128 0.1065320 0.1183829 0.1002682 0.1054244 0.0755764 0.1404753 0.1114992 0.1125013 0.1048416 0.1085549 0.1093673 0.1170448 0.1033532 0.1760598 0.1111893 0.1393339 0.1571504 0.1197880 0.1119751 0.1615081 0.0809788 0.1433460 0.1146982 0.1181911 0.1043690 0.1213648 0.0833233 0.1163636 0.1526718 0.0710880 0.0820815 0.1035296 0.1249641 0.1019326 0.1089247 0.1335164 0.1079689 0.1285805 0.1142440 0.1236864 0.1272678 0.0746976 0.1251784 0.1124332 0.1109017 0.0716457 0.0643911 0.0774243 0.1221093 0.0804099 0.1062143 0.1110577 0.1047538 0.1200340 0.0767919 0.0831388 0.1202431 0.1050303 0.1070266 0.0717841 0.1091527 0.0939745 0.0817519 0.1251022 0.0752773 0.1134222 0.0718027 0.0720171 0.1090230 0.0976883 0.1093927 0.1005266 0.0747668 0.1726703 0.0813874 0.0955882 0.0497663 0.0806920 
S0400         0.2957666 0.0556707 0.0731785 0.1160494 0.0835439 0.0162182 0.1229010 0.1142296 0.0909980 0.0248746 0.0990274 0.1106479 0.1182820 0.1305156 0.1102269 0.1186295 0.0991016 0.0945035 0.1203341 0.1217379 0.0698411 0.0000000 0.0249198 0.1150900 0.0772195 0.1017822 0.0692470 0.0786462 0.1070176 0.1237473 0.0823641 0.1006002 0.0839930 0.1126407 0.1202025 0.1090080 0.0437204 0.0236966 0.1108877 0.0838028 0.0947410 0.0539611 0.0218891 0.0768966 0.1229896 0.1539211 0.0645712 0.1189022 0.1321229 0.0279042 0.1044106 0.0668910 0.0157948 0.0674448 0.0648765 0.1123085 0.0793785 0.0925330 0.1017967 0.0866829 0.0940554 0.0662663 0.1211029 0.0993591 0.1048808 0.0981700 0.0992154 0.1003746 0.0955137 0.0900597 0.1622085 0.0969052 0.1191938 0.1475144 0.1122379 0.1057919 0.1495889 0.0668969 0.1335457 0.0920901 0.1150078 0.0968565 0.1063363 0.0607525 0.1103760 0.1444454 0.0186199 0.0562135 0.0888696 0.1076016 0.0861999 0.0926619 0.1237493 0.0933468 0.1190829 0.1050104 0.1049912 0.1168572 0.0273114 0.1139505 0.1039660 0.1026698 0.0174181 0.0185954 0.0529580 0.1176512 0.0502809 0.0925618 0.0988055 0.0948340 0.1091501 0.0481012 0.0696949 0.1043723 0.0886785 0.0935359 0.0166384 0.0990162 0.0850733 0.0356631 0.1087115 0.0451261 0.1073244 0.0441689 0.0499504 0.1011588 0.0963271 0.0936910 0.0873589 0.0674455 0.1927705 0.0672071 0.0870458 0.0755895 0.0699218 
S0405         0.2714408 0.0609368 0.0746974 0.1165668 0.0879423 0.0287286 0.1225970 0.1170796 0.0919424 0.0384782 0.0977075 0.1167497 0.1179392 0.1323216 0.1113500 0.1206005 0.1010055 0.0930066 0.1195434 0.1219643 0.0708308 0.0249198 0.0000000 0.1171502 0.0784907 0.1055651 0.0714239 0.0804944 0.1113190 0.1238081 0.0866356 0.1002673 0.0878651 0.1139389 0.1198636 0.1116460 0.0461034 0.0208902 0.1135299 0.0857069 0.0981786 0.0565293 0.0331079 0.0811905 0.1221163 0.1595231 0.0676140 0.1185133 0.1288279 0.0293443 0.1051261 0.0690455 0.0291426 0.0696878 0.0666259 0.1103457 0.0836883 0.0940014 0.1072082 0.0910711 0.0970134 0.0690674 0.1248271 0.0981217 0.1040524 0.0992860 0.0988764 0.1007365 0.0953121 0.0940890 0.1686755 0.0974369 0.1206517 0.1512440 0.1094144 0.1054238 0.1526031 0.0691326 0.1380569 0.0953754 0.1105691 0.0933989 0.1097251 0.0653873 0.1115186 0.1457237 0.0266312 0.0582754 0.0873070 0.1088306 0.0896200 0.0961628 0.1245948 0.0948265 0.1191258 0.1049260 0.1066372 0.1170485 0.0232681 0.1185184 0.1016043 0.1036692 0.0258462 0.0174202 0.0596686 0.1194319 0.0550842 0.0945415 0.1003207 0.0946994 0.1090322 0.0518610 0.0719588 0.1059932 0.0926801 0.0953849 0.0266951 0.1026169 0.0847339 0.0392931 0.1112748 0.0475290 0.1072245 0.0474892 0.0538496 0.1018874 0.0979844 0.0960072 0.0865587 0.0692504 0.1876514 0.0679329 0.0856515 0.0764942 0.0713004 
S0407sl       0.3186411 0.1203698 0.1134228 0.0735246 0.1197983 0.1164650 0.1604101 0.0719471 0.1255068 0.1252701 0.1506292 0.0833522 0.1590578 0.1700577 0.0625069 0.1592535 0.0743212 0.1290497 0.1551313 0.1638846 0.1230647 0.1150900 0.1171502 0.0000000 0.1354173 0.0676594 0.1103050 0.1324130 0.0684049 0.1660893 0.0744656 0.1367414 0.1508688 0.1503574 0.1591493 0.0676450 0.1242654 0.1152919 0.0668872 0.0768374 0.0932068 0.1122799 0.1195769 0.1165409 0.1608034 0.1778393 0.1239038 0.1597278 0.1532475 0.1127379 0.1430782 0.1093082 0.1190603 0.1083131 0.1064324 0.1475094 0.1199461 0.0859493 0.1453208 0.0846289 0.0854593 0.1085137 0.0851571 0.1386726 0.1435823 0.1349741 0.1401715 0.1429842 0.1648311 0.1229720 0.1908715 0.1373751 0.1567937 0.1857084 0.1523299 0.1439828 0.1739083 0.1076444 0.1592485 0.0780798 0.1497899 0.1307166 0.1508639 0.1235957 0.1449046 0.1763649 0.1162179 0.1243007 0.1251648 0.0635044 0.0868907 0.0882432 0.1612000 0.0868174 0.0770796 0.1424307 0.1441356 0.1534630 0.1184003 0.1553223 0.1418079 0.1297950 0.1132910 0.1029663 0.1156307 0.1463037 0.1158527 0.0892924 0.1336276 0.1268726 0.0676602 0.1172184 0.1092673 0.0436272 0.1233230 0.0898106 0.1141316 0.1310698 0.1241788 0.1222754 0.0746976 0.1152690 0.1012084 0.1124095 0.1129643 0.1402197 0.1278071 0.0955184 0.1256666 0.1088240 0.1942514 0.1064809 0.1240965 0.1257170 0.1131186 
S0412sl       0.3558704 0.0863333 0.1027905 0.1374788 0.1037679 0.0801323 0.1417770 0.1355329 0.1172281 0.0889246 0.1172927 0.1269612 0.1448664 0.1499215 0.1325665 0.1382325 0.1211365 0.1238015 0.1438297 0.1448333 0.1097124 0.0772195 0.0784907 0.1354173 0.0000000 0.1283348 0.0952046 0.1097769 0.1310964 0.1448394 0.1061394 0.1332867 0.0801210 0.1371215 0.1460206 0.1314144 0.0857866 0.0805897 0.1335488 0.1088972 0.1182868 0.0792869 0.0887617 0.0972593 0.1475844 0.1817854 0.0524604 0.1446335 0.1630638 0.0786570 0.1370839 0.0929605 0.0795863 0.0943779 0.0909782 0.1399429 0.0991242 0.1178224 0.1312832 0.1132749 0.1204746 0.0976598 0.1312925 0.1267354 0.1379123 0.1273391 0.1311621 0.1339081 0.1215868 0.1159371 0.1920431 0.1242276 0.1511313 0.1640076 0.1403347 0.1357392 0.1756070 0.0911960 0.1606622 0.1261930 0.1397256 0.1247416 0.1347401 0.0947000 0.1308120 0.1711549 0.0795163 0.0840777 0.1210315 0.1305302 0.1124526 0.1184060 0.1487472 0.1116784 0.1434961 0.1336780 0.1302015 0.1421805 0.0829759 0.1381350 0.1333785 0.1280150 0.0787409 0.0615104 0.0725752 0.1348877 0.0832233 0.1148905 0.1240806 0.1220101 0.1240332 0.0789885 0.0972150 0.1311537 0.1135871 0.1173477 0.0791998 0.1263858 0.1176828 0.0930788 0.1320289 0.0716433 0.1272160 0.0762258 0.0727008 0.1248323 0.1276231 0.1148901 0.1140369 0.0950747 0.1972408 0.0917886 0.1175214 0.1041917 0.1013775 
S0417         0.2885866 0.1106753 0.1095109 0.0690631 0.1119273 0.1063261 0.1414876 0.0555970 0.1221358 0.1167013 0.1432507 0.0673299 0.1450680 0.1603170 0.0551918 0.1441546 0.0610259 0.1214024 0.1426223 0.1500343 0.1214479 0.1017822 0.1055651 0.0676594 0.1283348 0.0000000 0.1027419 0.1269234 0.0473181 0.1514702 0.0634170 0.1266915 0.1372744 0.1379223 0.1477254 0.0545638 0.1202394 0.1031699 0.0578872 0.0672941 0.0831492 0.1039084 0.1147785 0.1088237 0.1482323 0.1704642 0.1164891 0.1484674 0.1468660 0.1053964 0.1318670 0.1010523 0.1083615 0.1002492 0.0994273 0.1400247 0.1145201 0.0717857 0.1363311 0.0768167 0.0778838 0.1010136 0.0630006 0.1233295 0.1309230 0.1220096 0.1238325 0.1278437 0.1553041 0.1191972 0.1808678 0.1283764 0.1523410 0.1783925 0.1404234 0.1339485 0.1682074 0.0996071 0.1497119 0.0748518 0.1384486 0.1219597 0.1413320 0.1122426 0.1466132 0.1583388 0.1061055 0.1139591 0.1178469 0.0400750 0.0763717 0.0813384 0.1488962 0.0760087 0.0679200 0.1330373 0.1321834 0.1406230 0.1055284 0.1375434 0.1334319 0.1270445 0.1043732 0.0934547 0.1067930 0.1442649 0.1063207 0.0772757 0.1291640 0.1225680 0.0611929 0.1079080 0.1043729 0.0590538 0.1197327 0.0773629 0.1024573 0.1268258 0.1130762 0.1153811 0.0632454 0.1051465 0.0909460 0.1023449 0.1009119 0.1306993 0.1206597 0.0845081 0.1128631 0.1023367 0.1880990 0.0982710 0.1156646 0.1229515 0.1040368 
S0419         0.2858430 0.0747961 0.0194932 0.1062272 0.0494787 0.0740889 0.1106987 0.1081353 0.0781755 0.0866305 0.1110600 0.1014178 0.1065238 0.1165227 0.1068516 0.1096776 0.0993531 0.0762924 0.1037636 0.1111074 0.0820245 0.0692470 0.0714239 0.1103050 0.0952046 0.1027419 0.0000000 0.0893943 0.1005101 0.1161289 0.0789277 0.0897092 0.1043561 0.1026167 0.1089593 0.1037988 0.0813590 0.0711073 0.1100348 0.0849459 0.0918319 0.0684252 0.0818440 0.0440356 0.1085291 0.1465283 0.0825808 0.1102039 0.1188267 0.0688088 0.0929959 0.0105488 0.0745353 0.0141864 0.0113455 0.0968783 0.0473388 0.0918739 0.0959227 0.0874764 0.0925458 0.0561954 0.1179508 0.0932193 0.0924550 0.0878956 0.0874659 0.0902337 0.1170049 0.0528793 0.1562242 0.0843098 0.1032205 0.1457215 0.0959090 0.0901344 0.1400141 0.0137672 0.1297240 0.0967086 0.0986480 0.0837509 0.0966074 0.0829991 0.1018944 0.1431350 0.0735807 0.0797553 0.0763260 0.1060332 0.0865019 0.0909777 0.1115024 0.0901594 0.1138609 0.0942624 0.0974734 0.1052674 0.0749002 0.1077163 0.0876024 0.0879506 0.0723203 0.0628626 0.0696498 0.1038847 0.0745397 0.0885285 0.0851825 0.0809758 0.1073371 0.0721510 0.0161834 0.1041518 0.0542538 0.0902675 0.0733068 0.0871653 0.0703344 0.0815313 0.1061943 0.0707279 0.1015653 0.0711270 0.0655942 0.0860839 0.0777207 0.0915120 0.0740031 0.0559838 0.1908197 0.0376775 0.0702860 0.0802637 0.0600286 
S0427         0.2793500 0.0842239 0.0940672 0.1352774 0.0997766 0.0801622 0.1427189 0.1289851 0.1089252 0.0970109 0.1250492 0.1269615 0.1386538 0.1513841 0.1273864 0.1379719 0.1176542 0.1083812 0.1371240 0.1404261 0.0500111 0.0786462 0.0804944 0.1324130 0.1097769 0.1269234 0.0893943 0.0000000 0.1285063 0.1461011 0.1068602 0.1162982 0.1159381 0.1325756 0.1418572 0.1264543 0.0946721 0.0810545 0.1269573 0.1041079 0.1104208 0.0824990 0.0914604 0.1016764 0.1403438 0.1659235 0.0943936 0.1436952 0.1481693 0.0813746 0.1178373 0.0869136 0.0846644 0.0884580 0.0856831 0.1252630 0.1032216 0.1124796 0.1250331 0.1059598 0.1140960 0.0865936 0.1415872 0.1197772 0.1191555 0.1161823 0.1133955 0.1152916 0.1226829 0.1102736 0.1794203 0.1159568 0.1440611 0.1713108 0.1229886 0.1195078 0.1599671 0.0864316 0.1457009 0.1191892 0.1283087 0.1149186 0.1315715 0.0895740 0.1283529 0.1554232 0.0817495 0.0879897 0.1120131 0.1290285 0.1043353 0.1121632 0.1388704 0.1076788 0.1379874 0.1261396 0.1331499 0.1341973 0.0831271 0.1361306 0.1184009 0.1175526 0.0799274 0.0748420 0.0801719 0.1304623 0.0810492 0.1132452 0.1176641 0.1120417 0.1256952 0.0798168 0.0913010 0.1271276 0.1103525 0.1128955 0.0814510 0.1162730 0.1044309 0.0863822 0.1279985 0.0808276 0.1194551 0.0786550 0.0813901 0.1152353 0.1087370 0.1140728 0.1042446 0.0862948 0.1905378 0.0887026 0.1043439 0.0505604 0.0923674 
S0428sl       0.2894312 0.1127382 0.1073510 0.0571379 0.1141030 0.1100471 0.1409894 0.0609802 0.1190002 0.1197697 0.1459028 0.0691565 0.1431874 0.1598176 0.0517683 0.1394034 0.0585310 0.1189684 0.1312694 0.1446631 0.1187834 0.1070176 0.1113190 0.0684049 0.1310964 0.0473181 0.1005101 0.1285063 0.0000000 0.1535550 0.0563582 0.1262239 0.1392219 0.1385279 0.1450060 0.0527948 0.1241592 0.1093906 0.0558174 0.0694602 0.0838455 0.1036617 0.1120406 0.1051052 0.1462095 0.1617508 0.1144430 0.1481537 0.1472664 0.1069193 0.1288796 0.0989243 0.1117309 0.0974657 0.0977835 0.1388304 0.1080897 0.0732109 0.1377942 0.0741612 0.0734907 0.1017863 0.0613373 0.1265159 0.1287426 0.1242670 0.1245073 0.1267802 0.1537717 0.1174062 0.1748735 0.1296667 0.1522007 0.1847567 0.1355245 0.1317716 0.1631180 0.0989944 0.1454328 0.0701876 0.1387010 0.1252447 0.1415146 0.1127417 0.1432161 0.1550051 0.1093869 0.1143188 0.1198342 0.0405326 0.0759210 0.0787564 0.1421310 0.0757647 0.0629445 0.1292142 0.1299320 0.1370313 0.1121380 0.1353983 0.1313594 0.1278416 0.1069909 0.0964103 0.1063545 0.1441784 0.1100473 0.0756034 0.1277375 0.1204388 0.0589799 0.1070441 0.1016718 0.0604704 0.1190204 0.0778742 0.1067140 0.1248230 0.1138355 0.1165533 0.0600851 0.1056308 0.0950167 0.1038392 0.1044336 0.1267826 0.1173236 0.0837349 0.1158623 0.1026092 0.1985800 0.0971779 0.1158121 0.1225180 0.1055194 
