131
PAFTOL_019361 0.0000000 0.2009646 0.1810229 0.1920823 0.0000010 0.1780705 0.2166525 0.2075808 0.1892537 0.0000010 0.2549720 0.1984428 0.2104234 0.1885263 0.0000010 0.2389867 0.1901283 0.2114662 0.0000010 0.2213742 0.2058330 0.1704041 0.1953396 0.2202370 0.2283196 0.1840157 0.2340416 0.2375128 0.1719286 0.1898380 0.2519086 0.2155962 0.2037420 0.2392426 0.2097042 0.1716044 0.2138043 0.1839361 0.1896120 0.1890559 0.1704041 0.1957109 0.2291193 0.1728595 0.2205771 0.2426336 0.0000010 0.1859834 0.2059989 0.1780491 0.1903425 0.2252546 0.1773599 0.2127970 0.1996297 0.2360844 0.1977066 0.1988355 0.1771360 0.1844540 0.1979805 0.1689933 0.1972039 0.2049775 0.1824598 0.0000021 0.2286860 0.1702684 0.2070163 0.2136357 0.2088212 0.1679633 0.1770548 0.0000010 0.1973155 0.1852969 0.1683607 0.1831117 0.2057914 0.2235665 0.1992045 0.1826418 0.1704041 0.1928070 0.1740714 0.1900235 0.1979544 0.1829862 0.0000010 0.1941384 0.2201370 0.2067638 0.2287613 0.2217979 0.1865904 0.2102244 0.1977703 0.1818042 0.1704041 0.1689145 0.1891750 0.2048493 0.2042703 0.1713598 0.1899340 0.1872927 0.2120762 0.2003382 0.1973155 0.2216862 0.0000010 0.1955105 0.1627121 0.1981437 0.1827617 0.1919387 0.2374881 0.1915411 0.1940133 0.2424473 0.2069242 0.1983022 0.2185052 0.1687687 0.2026388 0.1627119 0.1762300 0.1898227 0.1892631 0.2444850 0.1630204 
S0055         0.2009646 0.0000000 0.1011846 0.1123250 0.0834465 0.0806811 0.1286930 0.1121704 0.0959323 0.0893571 0.1081140 0.1176632 0.1320708 0.1529196 0.1120547 0.1415477 0.1171438 0.1299227 0.0625631 0.1214010 0.0798709 0.0756694 0.0881503 0.1096820 0.0861582 0.1068297 0.0840734 0.1360817 0.0881805 0.1111966 0.1030656 0.1458864 0.1007813 0.1146443 0.0979797 0.0769162 0.1099912 0.1172971 0.1198496 0.0708287 0.0839823 0.0838746 0.1434992 0.1650360 0.0915595 0.1440481 0.1182331 0.0845427 0.0966394 0.0771242 0.1051494 0.1048306 0.1108068 0.1008345 0.1019222 0.1564983 0.1121432 0.1182748 0.1146990 0.0819037 0.1273927 0.1203180 0.1080420 0.0873359 0.1123142 0.1114722 0.1191430 0.1527599 0.1348684 0.1304726 0.1348579 0.0919368 0.1130521 0.1252220 0.1013026 0.1558318 0.0922342 0.1142404 0.1454458 0.0887320 0.1045821 0.1511315 0.0756743 0.0840795 0.0998018 0.0966853 0.1070713 0.1063101 0.1212928 0.1131800 0.1129956 0.1289140 0.1374303 0.1401000 0.0880972 0.1495160 0.1133682 0.1010281 0.0756224 0.0706744 0.0463608 0.1208838 0.0807772 0.1253997 0.0948295 0.1011697 0.1166338 0.0837691 0.1015791 0.1058393 0.1259211 0.1198143 0.0715172 0.1028145 0.0968314 0.0943195 0.1221403 0.0714442 0.1139013 0.0807795 0.0853808 0.1239707 0.1219834 0.1114401 0.1077320 0.0813400 0.1491650 0.0970081 0.1092747 0.0838626 0.0850421 
S0196sl       0.1810229 0.1011846 0.0000000 0.1262189 0.0513614 0.1016091 0.1411126 0.1187350 0.0773008 0.1202046 0.1205882 0.1345739 0.1397965 0.1404581 0.1374216 0.1442623 0.1113985 0.1094842 0.0677505 0.1365171 0.1040536 0.0948967 0.1083391 0.1117624 0.0919854 0.1012761 0.0980827 0.1447589 0.0969107 0.1095168 0.1169115 0.1420485 0.1103505 0.1341079 0.1163859 0.0939943 0.1096420 0.1265833 0.1253318 0.0934161 0.0986308 0.0352959 0.1464483 0.1539664 0.1197360 0.1523043 0.1220360 0.1054896 0.0231056 0.1003222 0.0270848 0.0269883 0.1042814 0.0568534 0.1098494 0.1581772 0.1236022 0.1306628 0.1232635 0.1034574 0.1289648 0.0879871 0.0893579 0.0941557 0.1012874 0.1183091 0.0534983 0.1369508 0.1300323 0.1103050 0.0963278 0.0807650 0.1101562 0.1448243 0.0217454 0.1428596 0.0956990 0.0970726 0.1386941 0.1133116 0.0919607 0.1463852 0.0965536 0.0997839 0.0854400 0.1027266 0.1186838 0.1176797 0.1202899 0.1197959 0.1252301 0.1061938 0.1436166 0.1538650 0.1034322 0.1423114 0.0948600 0.0794629 0.0980997 0.0932043 0.0842006 0.0994902 0.0987070 0.1207038 0.0820429 0.0902028 0.1319041 0.0993423 0.0257669 0.1202165 0.0664255 0.1259510 0.0970332 0.0810151 0.0888220 0.1040991 0.1271979 0.0968673 0.1222251 0.1003501 0.1010093 0.1067848 0.1124407 0.1124976 0.0906619 0.0882114 0.1298873 0.0520689 0.0965290 0.1078733 0.0845383 
S0278         0.1920823 0.1123250 0.1262189 0.0000000 0.1134159 0.1081695 0.1413046 0.0675696 0.0981799 0.1194828 0.1372722 0.0620236 0.1433469 0.1563155 0.0711936 0.1551618 0.0674779 0.1302319 0.0839226 0.1378738 0.1237227 0.1075015 0.1178306 0.0640596 0.1035121 0.0583899 0.1237081 0.1506099 0.0582964 0.1266756 0.1231126 0.1612297 0.1274398 0.0572083 0.1275373 0.1089684 0.0591469 0.0931406 0.0944815 0.1202872 0.1161669 0.0961792 0.1592039 0.1694364 0.1150478 0.1616006 0.1321790 0.1112347 0.1178163 0.1107583 0.1245997 0.1229298 0.1208410 0.1156054 0.0767257 0.1548450 0.0872719 0.0962267 0.1136519 0.0416003 0.1283460 0.1231850 0.1143583 0.1110109 0.1131478 0.1484075 0.1270330 0.1562705 0.1499287 0.1067281 0.0874224 0.1007912 0.1212069 0.1317563 0.1217480 0.1574627 0.1069940 0.1122165 0.1447189 0.1115643 0.1163357 0.1547887 0.1038659 0.1081050 0.1188026 0.0588249 0.0837888 0.0819152 0.1477328 0.0870910 0.0650897 0.1308077 0.1533910 0.1560957 0.1125385 0.1529293 0.1176212 0.1026554 0.1062546 0.0974101 0.1059124 0.1213894 0.1068770 0.0814265 0.0977876 0.1022183 0.0648494 0.1053960 0.1195766 0.0583548 0.1486241 0.0971678 0.1060770 0.1061018 0.1105444 0.1185673 0.0682738 0.0980804 0.0930911 0.1110110 0.1201677 0.1252275 0.1230762 0.0867460 0.1162165 0.0960399 0.1464609 0.1148938 0.1197871 0.1259377 0.0912166 
S0281         0.0000010 0.0834465 0.0513614 0.1134159 0.0000000 0.0921435 0.1066372 0.1020517 0.0728274 0.0965329 0.1052017 0.1050848 0.1024657 0.1352823 0.0960880 0.1088400 0.1099820 0.1018435 0.0394157 0.1000761 0.0950520 0.0920380 0.0973409 0.0910533 0.0901298 0.0952540 0.0979358 0.1064237 0.0794149 0.0890098 0.1146125 0.1233315 0.0645793 0.1074632 0.1072465 0.0954677 0.0867824 0.0917047 0.1037769 0.0882211 0.1059244 0.0175925 0.1141740 0.1262024 0.1073235 0.1144719 0.1008827 0.0944514 0.0338248 0.0958967 0.0365667 0.0324588 0.0886937 0.0342132 0.0736479 0.1305368 0.0938277 0.0921962 0.1141854 0.0646597 0.1059769 0.0864186 0.0804000 0.0659525 0.0824174 0.0880416 0.0491194 0.1288035 0.1373545 0.0815412 0.5237109 0.0679016 0.0882803 0.0813579 0.0351822 0.1147316 0.0769287 0.0857585 0.1168407 0.0918004 0.0711113 0.1144660 0.0923502 0.0967249 0.0729766 0.0834705 0.0922386 0.0899901 0.0849448 0.0867861 0.0939100 0.0968767 0.1050309 0.1179293 0.1007107 0.1221257 0.0900413 0.0724070 0.0953996 0.0768598 0.0820928 0.0900890 0.0842672 0.1125354 0.0682582 0.0713677 0.1079296 0.0976524 0.0366390 0.0924445 0.0520444 0.1057897 0.0911549 0.0657353 0.0824310 0.1023385 0.0940311 0.0797954 0.0880964 0.0827126 0.0939195 0.1007091 0.1063197 0.1014013 0.0762990 0.0773279 0.1396712 0.0339082 0.0963525 0.0887039 0.0712161 
S0282         0.1780705 0.0806811 0.1016091 0.1081695 0.0921435 0.0000000 0.1345366 0.1057196 0.0923102 0.0221872 0.0986722 0.1169105 0.1411057 0.1454336 0.1089096 0.1438654 0.1051156 0.1314475 0.0751011 0.1248205 0.0895108 0.0143950 0.0255549 0.1044010 0.0784603 0.0965585 0.0884149 0.1409473 0.0817718 0.1078128 0.1011630 0.1458300 0.1071023 0.1108945 0.0409335 0.0189049 0.0986729 0.1188278 0.1141375 0.0722855 0.0186607 0.0869970 0.1392662 0.1620145 0.0887275 0.1515554 0.1211327 0.0254839 0.0994872 0.0154650 0.1031682 0.1016516 0.1071945 0.1061831 0.0979531 0.1503417 0.1090291 0.1098166 0.1082519 0.0858998 0.1274266 0.1080829 0.1086309 0.0909972 0.1078221 0.1233889 0.1183163 0.1539687 0.1400986 0.1197065 0.1147814 0.0916869 0.1104240 0.1166183 0.0969745 0.1545764 0.0926296 0.1135587 0.1451145 0.0670943 0.1051537 0.1538693 0.0134514 0.0593996 0.1020151 0.0948908 0.1065934 0.1020652 0.1364186 0.1065986 0.1140430 0.1354225 0.1371586 0.1475751 0.0254965 0.1460249 0.1039407 0.1006433 0.0153963 0.0137080 0.0772995 0.1195636 0.0585422 0.1174106 0.0898445 0.0948105 0.1051081 0.0577511 0.0972679 0.0978964 0.1315173 0.1179028 0.0155251 0.1012206 0.1029789 0.0315597 0.1165924 0.0399247 0.1122609 0.0560899 0.0756321 0.1280231 0.1310070 0.1120200 0.1073619 0.0810469 0.1344319 0.0989085 0.1168237 0.0861291 0.0810076 
S0288         0.2166525 0.1286930 0.1411126 0.1413046 0.1066372 0.1345366 0.0000000 0.1305398 0.1191434 0.1436385 0.1554363 0.1350620 0.0300030 0.1083981 0.1292765 0.0173138 0.1414593 0.1374529 0.0678908 0.0126488 0.1327393 0.1353625 0.1384995 0.1263943 0.1342269 0.1234080 0.1433532 0.0146508 0.1098445 0.1294710 0.1581424 0.0872107 0.0266247 0.1311248 0.1470691 0.1380117 0.1224275 0.1386281 0.1298404 0.1243671 0.1371337 0.1160363 0.0293119 0.1822985 0.1540103 0.0247173 0.1194111 0.1418093 0.1393301 0.1390465 0.1341066 0.1405427 0.1223405 0.1413943 0.1267152 0.1076046 0.1232023 0.1602861 0.1382332 0.1032826 0.0525125 0.1423295 0.1112283 0.1036119 0.1327249 0.1553570 0.1376151 0.1722364 0.1555443 0.0881471 0.0903433 0.1009951 0.1212072 0.1073756 0.1374508 0.1734024 0.1040388 0.1262972 0.1073673 0.1350668 0.1254447 0.1689136 0.1341381 0.1357746 0.1239212 0.1183178 0.1200108 0.1175711 0.0307225 0.1379298 0.1321936 0.0714633 0.0146188 0.0158983 0.1415474 0.1148147 0.1303571 0.1209926 0.1338616 0.1248228 0.1211328 0.1323157 0.1299508 0.1647347 0.1082258 0.1181790 0.1315982 0.1431626 0.1309686 0.1236280 0.1514131 0.1319969 0.1330579 0.1195471 0.1256598 0.1532643 0.1165847 0.1245835 0.1377835 0.1418927 0.1267710 0.1380630 0.1441068 0.1163802 0.1171398 0.0983973 0.1577173 0.1274674 0.1322396 0.1336796 0.0953154 
S0289         0.2075808 0.1121704 0.1187350 0.0675696 0.1020517 0.1057196 0.1305398 0.0000000 0.1005504 0.1121136 0.1400126 0.0630684 0.1361538 0.1421479 0.0712918 0.1488183 0.0633842 0.1371586 0.0827997 0.1325820 0.1112087 0.1062587 0.1137911 0.0643261 0.1077656 0.0564190 0.1169759 0.1458105 0.0620765 0.1210515 0.1319930 0.1453840 0.1204361 0.0637323 0.1189582 0.1046444 0.0539535 0.0923453 0.1046917 0.1151809 0.1110809 0.0860775 0.1498111 0.1560389 0.1139311 0.1483323 0.1141827 0.1134402 0.1083538 0.1082079 0.1160863 0.1157326 0.1148734 0.1049338 0.0712705 0.1469824 0.0973626 0.0923560 0.1092491 0.0483983 0.1225455 0.1213445 0.1127396 0.1118690 0.1103299 0.1413626 0.1135935 0.1452906 0.1461103 0.1215810 0.0973445 0.0957676 0.1204799 0.1369528 0.1085326 0.1508805 0.0995267 0.1107271 0.1427129 0.1127240 0.1140066 0.1409005 0.1053220 0.1075642 0.1170359 0.0547264 0.0949942 0.0918599 0.1497808 0.0874097 0.0633189 0.1344269 0.1485317 0.1525321 0.1096457 0.1491759 0.1197918 0.1018110 0.1076957 0.0953820 0.1023766 0.1139176 0.1144455 0.0870075 0.0991997 0.1045541 0.0571293 0.1086805 0.1100070 0.0621377 0.1299753 0.1011638 0.1048420 0.0973315 0.1133851 0.1188596 0.0642782 0.0990761 0.0869986 0.1131094 0.1208621 0.1315546 0.1334309 0.0932562 0.1057169 0.0923945 0.1443375 0.1120028 0.1251113 0.1216811 0.0900105 
S0292         0.1892537 0.0959323 0.0773008 0.0981799 0.0728274 0.0923102 0.1191434 0.1005504 0.0000000 0.1031822 0.1214609 0.1104596 0.1225272 0.1189211 0.1140178 0.1330709 0.0956113 0.0830908 0.0683102 0.1146187 0.1047070 0.0882477 0.0953813 0.0943082 0.1021503 0.0918787 0.1161147 0.1279606 0.0797975 0.0649764 0.1215432 0.1337851 0.1002263 0.1082096 0.1046731 0.0877608 0.0924225 0.1010241 0.0979308 0.0994982 0.0958285 0.0629783 0.1321362 0.1565113 0.1126833 0.1395036 0.1104555 0.0927585 0.0775979 0.0935660 0.0799174 0.0796826 0.0649747 0.0826928 0.0906967 0.1260953 0.0895678 0.1028056 0.0959470 0.0772265 0.1107404 0.0721954 0.0623121 0.0561218 0.0679701 0.1385211 0.0904138 0.1387800 0.1185077 0.0785134 0.0561705 0.0477862 0.0646906 0.1147854 0.0763519 0.1470735 0.0606371 0.0661650 0.1157972 0.0993803 0.0503220 0.1458846 0.0884739 0.0954385 0.0592465 0.0877554 0.0872482 0.0842363 0.1221399 0.0961794 0.0989666 0.1107342 0.1255287 0.1318183 0.0929156 0.1152427 0.0808944 0.0245514 0.0919349 0.0750904 0.0865270 0.0635923 0.0948033 0.1140805 0.0232558 0.0234297 0.1021998 0.0905280 0.0743073 0.0918044 0.1048465 0.0977817 0.0890932 0.0398907 0.0592231 0.1014946 0.1078693 0.0825976 0.1018304 0.0973844 0.1016722 0.0883474 0.0749284 0.0877535 0.0537150 0.0700918 0.1304468 0.0762224 0.0693714 0.1087038 0.0667117 
S0293         0.0000010 0.0893571 0.1202046 0.1194828 0.0965329 0.0221872 0.1436385 0.1121136 0.1031822 0.0000000 0.1064463 0.1232446 0.1421625 0.1570306 0.1093996 0.1424897 0.1131201 0.1464569 0.0820850 0.1333934 0.1115337 0.0208125 0.0286039 0.1060746 0.0873296 0.1055332 0.1021170 0.1444740 0.0905595 0.1216575 0.1083740 0.1574820 0.0963133 0.1170819 0.0471876 0.0268442 0.1050772 0.1351182 0.1250548 0.0934450 0.0303338 0.1051627 0.1480065 0.1639354 0.1047875 0.1495366 0.1290350 0.0311631 0.1110140 0.0183844 0.1207439 0.1094484 0.1175678 0.1265718 0.1022377 0.1587201 0.1166748 0.1214712 0.1309911 0.0943691 0.1353237 0.1287840 0.1213826 0.0934647 0.1171136 0.1212499 0.1326289 0.1732746 0.1597084 0.1132855 0.0000010 0.1005067 0.1237444 0.1198516 0.1095215 0.1628937 0.1055948 0.1281180 0.1530857 0.0723221 0.1169186 0.1616546 0.0221251 0.0667798 0.1219594 0.0983136 0.1135115 0.1109102 0.1404803 0.1163185 0.1170915 0.1444343 0.1464717 0.1564642 0.0324214 0.1619913 0.1186854 0.1109865 0.0246327 0.0225201 0.0917274 0.1356457 0.0681223 0.1368909 0.0953699 0.1046916 0.1067917 0.0660976 0.1114556 0.1055563 0.1378830 0.1247940 0.0184789 0.1067455 0.1188991 0.0418525 0.1194256 0.0471960 0.1203987 0.0566227 0.0861410 0.1435583 0.1383790 0.1239665 0.1248813 0.0953501 0.1575404 0.1158124 0.1355995 0.0965962 0.0877537 
S0294         0.2549720 0.1081140 0.1205882 0.1372722 0.1052017 0.0986722 0.1554363 0.1400126 0.1214609 0.1064463 0.0000000 0.1520200 0.1637652 0.1633603 0.1266483 0.1659152 0.1301290 0.1568374 0.0626114 0.1445256 0.1085227 0.0983285 0.1106823 0.1329927 0.1006921 0.1189962 0.1153897 0.1653287 0.1107750 0.1312057 0.1237668 0.1765378 0.1277719 0.1416055 0.1138632 0.1007699 0.1297525 0.1502817 0.1368643 0.0977114 0.1080488 0.1122684 0.1656861 0.1930143 0.1154492 0.1746566 0.1258826 0.1058012 0.1332653 0.1028493 0.1372504 0.1342384 0.1358926 0.1299895 0.1238421 0.1787706 0.1301540 0.1475489 0.1473977 0.1247977 0.1522813 0.1369992 0.1266520 0.1255420 0.1371182 0.0617457 0.1418708 0.1812697 0.1619874 0.1387619 0.1816455 0.1169378 0.1387292 0.1360192 0.1330940 0.1846326 0.1105349 0.1429432 0.1611402 0.1125510 0.1334614 0.1813502 0.1012217 0.1152157 0.1249137 0.1168770 0.1263208 0.1214192 0.1544336 0.1359566 0.1476429 0.1644521 0.1640689 0.1723126 0.1107415 0.1713205 0.1344902 0.1243217 0.1023941 0.0899168 0.0988861 0.1397884 0.1065657 0.1563838 0.1160433 0.1274225 0.1416640 0.1142191 0.1309304 0.1332180 0.1371979 0.1436854 0.0981989 0.1247681 0.1283623 0.1132196 0.1479779 0.0930182 0.1361662 0.0975361 0.1069385 0.1496296 0.1523292 0.1323003 0.1325390 0.1114690 0.1690381 0.1299808 0.1414886 0.1076759 0.1089961 
S0299         0.1984428 0.1176632 0.1345739 0.0620236 0.1050848 0.1169105 0.1350620 0.0630684 0.1104596 0.1232446 0.1520200 0.0000000 0.1336652 0.1534545 0.0634526 0.1470591 0.0819974 0.1356436 0.0753210 0.1225409 0.1156347 0.1131183 0.1174997 0.0716619 0.1123703 0.0675935 0.1315246 0.1440949 0.0683756 0.1266901 0.1392362 0.1603655 0.1199488 0.0629521 0.1320987 0.1140095 0.0595857 0.0803907 0.1043972 0.1246189 0.1222940 0.0998190 0.1450717 0.1599164 0.1289039 0.1494089 0.1295440 0.1223429 0.1211300 0.1185991 0.1181159 0.1259104 0.1217032 0.1183581 0.0801561 0.1589063 0.0952069 0.1030504 0.1269959 0.0497256 0.1287797 0.1298947 0.1314997 0.1131226 0.1252545 0.1310562 0.1227146 0.1468608 0.1378452 0.1109023 0.0960104 0.1088317 0.1283701 0.0944742 0.1197149 0.1493553 0.0999353 0.1219859 0.1500247 0.1310511 0.1316143 0.1447902 0.1100138 0.1308009 0.1235312 0.0690794 0.0923729 0.0901006 0.1251149 0.0916262 0.0612352 0.1150975 0.1453320 0.1474686 0.1189843 0.1646057 0.1381478 0.1183431 0.1097922 0.0988398 0.1065688 0.1290314 0.1301078 0.0892166 0.1103296 0.1140739 0.0613413 0.1310396 0.1165623 0.0615998 0.1468910 0.1100564 0.1125325 0.1210269 0.1249905 0.1286401 0.0625177 0.1083266 0.0914645 0.1320782 0.1300800 0.1421541 0.1299169 0.1013034 0.1108389 0.1012867 0.1383763 0.1206839 0.1315311 0.1342126 0.1047297 
S0303         0.2104234 0.1320708 0.1397965 0.1433469 0.1024657 0.1411057 0.0300030 0.1361538 0.1225272 0.1421625 0.1637652 0.1336652 0.0000000 0.1093239 0.1351864 0.0327350 0.1326945 0.1440235 0.0737083 0.0252214 0.1377062 0.1402230 0.1472423 0.1276454 0.1355523 0.1246690 0.1499623 0.0253823 0.1105991 0.1348970 0.1603930 0.0898904 0.0237442 0.1393999 0.1444044 0.1394048 0.1182909 0.1447943 0.1316706 0.1299624 0.1473855 0.1142571 0.0256896 0.1883202 0.1590461 0.0335034 0.1235924 0.1454473 0.1384233 0.1447134 0.1394078 0.1406502 0.1249000 0.1394315 0.1262725 0.1089515 0.1236013 0.1555951 0.1408282 0.1012131 0.0545827 0.1394266 0.1198787 0.1112070 0.1334121 0.1534477 0.1491339 0.1817641 0.1598886 0.1001209 0.1151130 0.1088606 0.1307431 0.1383650 0.1356919 0.1752013 0.1173552 0.1327072 0.1030638 0.1333184 0.1328193 0.1744056 0.1392698 0.1392896 0.1280242 0.1139339 0.1226221 0.1203432 0.0264720 0.1367189 0.1380932 0.0807145 0.0324601 0.0314593 0.1483692 0.1046284 0.1334559 0.1253768 0.1417723 0.1322490 0.1265037 0.1345336 0.1343505 0.1602254 0.1149665 0.1230754 0.1287490 0.1396546 0.1347791 0.1267732 0.1535884 0.1330490 0.1373323 0.1216695 0.1280974 0.1560389 0.1266025 0.1287778 0.1326688 0.1437350 0.1382273 0.1366195 0.1465455 0.1243928 0.1265856 0.1086589 0.1665231 0.1254016 0.1401743 0.1412224 0.1025468 
S0308         0.1885263 0.1529196 0.1404581 0.1563155 0.1352823 0.1454336 0.1083981 0.1421479 0.1189211 0.1570306 0.1633603 0.1534545 0.1093239 0.0000000 0.1605437 0.1145007 0.1491433 0.1602623 0.1145985 0.1082146 0.1476094 0.1418498 0.1488502 0.1429436 0.1551028 0.1385458 0.1643165 0.1092140 0.1316185 0.1421128 0.1718789 0.1214228 0.0835230 0.1566122 0.1520665 0.1408492 0.1367942 0.1560504 0.1506887 0.1436964 0.1489354 0.1197665 0.1179604 0.2086517 0.1667337 0.1192157 0.1606955 0.1486877 0.1491260 0.1453940 0.1501338 0.1514283 0.1300911 0.1444915 0.1390055 0.1016736 0.1376855 0.1600368 0.1395266 0.1243750 0.1065538 0.1299016 0.1205768 0.1051872 0.1346478 0.1837577 0.1509069 0.1960311 0.1730336 0.0749164 0.0584062 0.1211545 0.1413792 0.1584132 0.1462635 0.1934787 0.1175148 0.1375471 0.0829844 0.1489685 0.1187610 0.1894453 0.1408803 0.1488293 0.1351310 0.1382349 0.1380182 0.1367647 0.1315009 0.1466329 0.1582395 0.0960891 0.1117483 0.1129696 0.1489654 0.0963156 0.1473849 0.1205092 0.1422002 0.1309591 0.1459220 0.1333064 0.1379856 0.1611748 0.1160037 0.1179678 0.1488322 0.1506771 0.1451614 0.1432820 0.1752184 0.1463143 0.1377514 0.1183003 0.1269650 0.1604391 0.1476419 0.1380054 0.1493795 0.1535828 0.1521086 0.1485175 0.1531094 0.1354554 0.1298285 0.1163425 0.1796866 0.1416550 0.1366040 0.1582967 0.1125273 
S0320         0.0000010 0.1120547 0.1374216 0.0711936 0.0960880 0.1089096 0.1292765 0.0712918 0.1140178 0.1093996 0.1266483 0.0634526 0.1351864 0.1605437 0.0000000 0.1480660 0.0831955 0.1420149 0.1030195 0.1352792 0.1251160 0.1097222 0.1155973 0.0599831 0.0975497 0.0596441 0.1099408 0.1427878 0.0609330 0.1344312 0.1108102 0.1552051 0.1137945 0.0639277 0.1271214 0.1095443 0.0694380 0.1156228 0.1156443 0.1087285 0.1207346 0.1048734 0.1458253 0.1675332 0.1194793 0.1495429 0.1232801 0.1138324 0.1146169 0.1105453 0.1296223 0.1211822 0.1251012 0.1261347 0.0858310 0.1694910 0.1060450 0.1044302 0.1223545 0.0555895 0.1370075 0.1409561 0.1231246 0.1151980 0.1205495 0.1421931 0.1292048 0.1477500 0.1622509 0.1502655 0.5237109 0.1041001 0.1319767 0.1440511 0.1212266 0.1575089 0.1056998 0.1221742 0.1566197 0.1140002 0.1185615 0.1499166 0.1051612 0.1173503 0.1202163 0.0559631 0.1014950 0.1005359 0.1459182 0.0972047 0.0683381 0.1508914 0.1480652 0.1530031 0.1156746 0.1666558 0.1184275 0.1091583 0.1081565 0.0968103 0.1059719 0.1272688 0.1096590 0.0959933 0.1091631 0.1155570 0.0620364 0.1156122 0.1201147 0.0611173 0.1295173 0.1158857 0.1045058 0.1142882 0.1170992 0.1235062 0.0769056 0.0975174 0.1033130 0.1034238 0.1171304 0.1335863 0.1333901 0.1040846 0.1211128 0.0982862 0.1537956 0.1222635 0.1337054 0.1085381 0.0936474 
S0322         0.2389867 0.1415477 0.1442623 0.1551618 0.1088400 0.1438654 0.0173138 0.1488183 0.1330709 0.1424897 0.1659152 0.1470591 0.0327350 0.1145007 0.1480660 0.0000000 0.1434989 0.1509144 0.0611148 0.0274426 0.1445638 0.1429556 0.1460885 0.1370599 0.1401450 0.1356150 0.1545889 0.0214633 0.1185144 0.1513655 0.1607112 0.1017053 0.0327240 0.1463443 0.1497073 0.1430819 0.1325087 0.1542489 0.1442108 0.1328725 0.1488806 0.1277758 0.0378766 0.1928274 0.1693918 0.0315750 0.1357764 0.1495420 0.1416651 0.1475167 0.1439844 0.1426172 0.1394021 0.1490199 0.1358926 0.1115186 0.1358136 0.1702987 0.1581323 0.1048347 0.0649578 0.1544931 0.1290241 0.1089820 0.1495658 0.1471590 0.1526451 0.1933301 0.1707841 0.0964438 0.1207344 0.1190769 0.1415261 0.1386716 0.1414590 0.1856209 0.1277650 0.1384926 0.1019184 0.1428283 0.1424170 0.1859613 0.1419957 0.1448874 0.1362078 0.1257974 0.1322611 0.1336362 0.0329748 0.1450375 0.1534725 0.0894164 0.0244315 0.0275095 0.1481642 0.1133283 0.1324861 0.1348713 0.1432594 0.1388036 0.1389810 0.1470703 0.1385382 0.1716168 0.1214529 0.1308417 0.1422881 0.1437768 0.1392774 0.1361877 0.1566138 0.1441748 0.1387221 0.1271176 0.1337493 0.1590108 0.1363090 0.1352580 0.1452497 0.1439189 0.1437264 0.1434145 0.1534866 0.1339545 0.1386261 0.1190273 0.1737185 0.1360653 0.1461196 0.1456724 0.1127156 
S0327         0.1901283 0.1171438 0.1113985 0.0674779 0.1099820 0.1051156 0.1414593 0.0633842 0.0956113 0.1131201 0.1301290 0.0819974 0.1326945 0.1491433 0.0831955 0.1434989 0.0000000 0.1284981 0.0820671 0.1313905 0.1228786 0.1059075 0.1120634 0.0678861 0.0943998 0.0532170 0.1240225 0.1405909 0.0539505 0.1155008 0.1303854 0.1528148 0.1082433 0.0773249 0.1167877 0.1043894 0.0562750 0.0819362 0.0943708 0.1260484 0.1119618 0.0918513 0.1455596 0.1578821 0.1135818 0.1485636 0.1259555 0.1129703 0.1087100 0.1075769 0.1163927 0.1160404 0.1112741 0.1121871 0.0688031 0.1554909 0.0860955 0.0918087 0.1086144 0.0516329 0.1283674 0.1158629 0.1109984 0.1068444 0.1073834 0.1616527 0.1191433 0.1429777 0.1360602 0.1168605 0.0958962 0.0951219 0.1137278 0.1198650 0.1112931 0.1491030 0.0953194 0.1156477 0.1429411 0.1151730 0.1125547 0.1467646 0.1037927 0.1070362 0.1076607 0.0481539 0.0837912 0.0808247 0.1462225 0.0801195 0.0699041 0.1343279 0.1432644 0.1471980 0.1108442 0.1471006 0.1244737 0.0968128 0.1061539 0.0924723 0.1008505 0.1107800 0.1141570 0.0849330 0.0942819 0.0982515 0.0732889 0.1074484 0.1103695 0.0690937 0.1344170 0.0930162 0.1032666 0.0956106 0.1042951 0.1208860 0.0768342 0.0952159 0.0843731 0.1118397 0.1178123 0.1241869 0.1255355 0.0867594 0.1070238 0.0920297 0.1522210 0.1089873 0.1132652 0.1250634 0.0884558 
S0335         0.2114662 0.1299227 0.1094842 0.1302319 0.1018435 0.1314475 0.1374529 0.1371586 0.0830908 0.1464569 0.1568374 0.1356436 0.1440235 0.1602623 0.1420149 0.1509144 0.1284981 0.0000000 0.0266025 0.1298586 0.1386422 0.1243378 0.1388504 0.1250088 0.1377740 0.1257326 0.1453287 0.1485049 0.1091194 0.1004374 0.1536024 0.1590100 0.1024572 0.1381085 0.1513963 0.1287960 0.1267804 0.1258911 0.1257948 0.1198464 0.1359697 0.0970876 0.1567653 0.1855971 0.1513541 0.1552332 0.1389495 0.1371902 0.1095179 0.1328337 0.1108381 0.1116901 0.0964226 0.1176707 0.1219390 0.1633805 0.1209221 0.1403725 0.1350054 0.0887103 0.1370177 0.1032986 0.0877888 0.0794806 0.0962823 0.1586601 0.1181953 0.1727570 0.1561910 0.1016958 0.0836228 0.0788722 0.0997541 0.1240233 0.1081355 0.1643957 0.0925788 0.0823060 0.1563107 0.1352381 0.0876795 0.1717936 0.1271609 0.1429110 0.0906333 0.1227670 0.1185047 0.1137719 0.1349096 0.1283031 0.1308904 0.1248078 0.1485693 0.1552119 0.1373512 0.1675230 0.0855709 0.0829814 0.1296086 0.1175695 0.1275303 0.0948366 0.1355821 0.1582790 0.0784308 0.0834610 0.1350867 0.1406936 0.1060218 0.1247968 0.1311157 0.1311460 0.1293943 0.0810370 0.0702231 0.1452186 0.1366040 0.1245285 0.1302225 0.1358029 0.1283533 0.0613116 0.0446757 0.1254372 0.0882702 0.0977932 0.1562241 0.1064570 0.0795032 0.1438554 0.0954008 
S0345         0.0000010 0.0625631 0.0677505 0.0839226 0.0394157 0.0751011 0.0678908 0.0827997 0.0683102 0.0820850 0.0626114 0.0753210 0.0737083 0.1145985 0.1030195 0.0611148 0.0820671 0.0266025 0.0000000 0.0731578 0.0679926 0.0684371 0.0807269 0.0693735 0.0745359 0.0826325 0.0685607 0.0670984 0.0752376 0.0676245 0.0742315 0.0997385 0.0731528 0.0761697 0.1014147 0.0684371 0.0813198 0.0759354 0.1230809 0.0387501 0.0823107 0.0398786 0.0670984 0.1140437 0.0955016 0.0731528 0.0854661 0.0741563 0.0616186 0.0751593 0.0616186 0.0679380 0.0620277 0.0549874 0.0690104 0.1079624 0.1019562 1.2443711 1.9944892 0.0625134 0.0667964 0.0735803 0.0795922 0.0620245 0.0616490 0.0623177 0.0796904 0.1089917 0.0488647 0.1130533 0.0000010 0.0673368 0.0739749 0.1123897 0.0804503 0.1084975 0.0676245 0.0679882 0.1006430 0.0675498 0.0619485 0.1089402 0.0812487 0.0495690 0.0560335 0.0694667 0.1032949 0.1013423 0.0614596 0.0967615 0.0876569 0.0493976 0.0731578 0.0737134 0.0805641 0.1084331 0.0380827 0.0682989 0.0810778 0.0684371 0.0753027 0.0612697 0.0676180 0.0000010 0.0494912 0.0734577 0.0890556 0.0501505 0.0680769 0.0693735 0.0856530 0.0954029 0.0744621 0.0611400 0.0556568 0.0745901 0.0884798 0.0500741 0.0949337 0.0555404 0.0496921 0.0268533 0.0436289 0.1020121 0.0562470 0.0554042 0.0997259 0.0560294 0.0553737 0.0801542 0.0434183 
S0355         0.2213742 0.1214010 0.1365171 0.1378738 0.1000761 0.1248205 0.0126488 0.1325820 0.1146187 0.1333934 0.1445256 0.1225409 0.0252214 0.1082146 0.1352792 0.0274426 0.1313905 0.1298586 0.0731578 0.0000000 0.1290938 0.1282391 0.1364012 0.1249917 0.1273562 0.1219851 0.1381866 0.0169400 0.1074378 0.1245151 0.1513667 0.0837322 0.0242577 0.1296952 0.1402771 0.1270575 0.1206344 0.1371610 0.1274955 0.1190169 0.1325039 0.1095136 0.0200919 0.1832679 0.1514866 0.0230931 0.1246962 0.1333551 0.1310994 0.1298703 0.1334534 0.1333965 0.1157593 0.1345070 0.1182206 0.1031172 0.1165231 0.1448403 0.1330757 0.0997825 0.0510049 0.1317867 0.1081637 0.0986910 0.1230258 0.1413674 0.1420728 0.1747646 0.1506069 0.0959327 0.0954105 0.1014860 0.1215472 0.1366750 0.1309049 0.1666081 0.1089033 0.1209626 0.0984763 0.1266891 0.1213566 0.1688502 0.1272478 0.1314096 0.1178207 0.1109020 0.1168034 0.1146279 0.0173000 0.1297845 0.1383152 0.0788089 0.0210217 0.0210291 0.1346929 0.1023422 0.1190286 0.1161848 0.1297859 0.1233802 0.1155899 0.1185983 0.1267369 0.1513969 0.1004356 0.1136203 0.1262269 0.1300375 0.1286805 0.1254074 0.1528384 0.1288647 0.1250787 0.1123990 0.1134975 0.1441487 0.1252009 0.1179536 0.1286750 0.1303868 0.1277860 0.1236046 0.1350281 0.1214635 0.1121339 0.1013636 0.1595929 0.1203724 0.1255974 0.1293996 0.0951352 
S0376         0.2058330 0.0798709 0.1040536 0.1237227 0.0950520 0.0895108 0.1327393 0.1112087 0.1047070 0.1115337 0.1085227 0.1156347 0.1377062 0.1476094 0.1251160 0.1445638 0.1228786 0.1386422 0.0679926 0.1290938 0.0000000 0.0901231 0.0908039 0.1177831 0.0886166 0.1094242 0.0519643 0.1446736 0.0890224 0.1137450 0.1201146 0.1476591 0.0895821 0.1262802 0.0965046 0.0862547 0.1130851 0.1145911 0.1256727 0.0767674 0.0954825 0.0835705 0.1513268 0.1612542 0.0989971 0.1545087 0.1346513 0.0936327 0.1015573 0.0905333 0.1054506 0.1051162 0.1166420 0.1007418 0.1057353 0.1561511 0.1174663 0.1243891 0.1181152 0.0743053 0.1297109 0.1208736 0.1080547 0.0914591 0.1151777 0.1141494 0.1119848 0.1440953 0.1504911 0.1211895 0.1152100 0.0937962 0.1199954 0.1128023 0.1001962 0.1473796 0.0990605 0.1119112 0.1390274 0.0944092 0.1081863 0.1477507 0.0879172 0.0994888 0.1057220 0.1087440 0.1122911 0.1127210 0.1281251 0.1149783 0.1242152 0.1241920 0.1431671 0.1489347 0.0932737 0.1527039 0.1232953 0.1059155 0.0902976 0.0787952 0.0715990 0.1230815 0.0782773 0.1217704 0.1044712 0.1087443 0.1219003 0.0995720 0.1016989 0.1149595 0.1206857 0.1270916 0.0884618 0.1051699 0.1071886 0.1013931 0.1232185 0.0806590 0.1154712 0.0923165 0.0858387 0.1290966 0.1301405 0.1208093 0.1092395 0.0890625 0.1419120 0.1006877 0.1189351 0.0609395 0.0978779 
S0400         0.1704041 0.0756694 0.0948967 0.1075015 0.0920380 0.0143950 0.1353625 0.1062587 0.0882477 0.0208125 0.0983285 0.1131183 0.1402230 0.1418498 0.1097222 0.1429556 0.1059075 0.1243378 0.0684371 0.1282391 0.0901231 0.0000000 0.0244101 0.1049463 0.0756671 0.0947853 0.0890039 0.1400667 0.0824280 0.1059197 0.0935182 0.1435930 0.0996493 0.1114097 0.0385527 0.0177909 0.0993739 0.1152716 0.1094677 0.0690387 0.0185522 0.0842419 0.1412955 0.1609104 0.0893389 0.1480072 0.1234313 0.0243434 0.0968196 0.0134346 0.1004702 0.1001692 0.1052979 0.1046235 0.0949683 0.1493358 0.1044478 0.1091714 0.1123493 0.0816226 0.1266432 0.1089084 0.1067361 0.0867612 0.1059285 0.1174425 0.1154301 0.1529248 0.1352876 0.1126649 0.1081483 0.0898889 0.1109006 0.1212943 0.0943294 0.1548581 0.0920343 0.1119103 0.1415687 0.0656913 0.1009308 0.1528040 0.0124102 0.0602639 0.0954439 0.0931203 0.1020507 0.0988242 0.1395351 0.1071671 0.1121483 0.1298885 0.1376242 0.1466475 0.0243555 0.1467859 0.1035047 0.0964260 0.0143419 0.0156662 0.0747112 0.1150743 0.0592788 0.1166985 0.0869741 0.0944730 0.1057953 0.0598754 0.0946124 0.0999382 0.1294990 0.1159285 0.0135034 0.0970185 0.1011302 0.0315024 0.1146320 0.0408510 0.1103295 0.0548455 0.0763298 0.1222199 0.1239248 0.1101134 0.1054609 0.0830974 0.1352050 0.0974082 0.1136348 0.0867292 0.0796101 
S0405         0.1953396 0.0881503 0.1083391 0.1178306 0.0973409 0.0255549 0.1384995 0.1137911 0.0953813 0.0286039 0.1106823 0.1174997 0.1472423 0.1488502 0.1155973 0.1460885 0.1120634 0.1388504 0.0807269 0.1364012 0.0908039 0.0244101 0.0000000 0.1135713 0.0864971 0.1044499 0.0969145 0.1470750 0.0929395 0.1172542 0.1066489 0.1575602 0.1073735 0.1215911 0.0433083 0.0209866 0.1066780 0.1256663 0.1223681 0.0784431 0.0300139 0.0941970 0.1467234 0.1682715 0.0963437 0.1552085 0.1296138 0.0317790 0.1089843 0.0265882 0.1127704 0.1124263 0.1151483 0.1133893 0.1034136 0.1539104 0.1171434 0.1134378 0.1228844 0.0905169 0.1397717 0.1177237 0.1151384 0.0976874 0.1147063 0.1272523 0.1253879 0.1614514 0.1407866 0.1300512 0.1286511 0.0983999 0.1211057 0.1275251 0.1052082 0.1648349 0.1005868 0.1192730 0.1513044 0.0709566 0.1095510 0.1641466 0.0234625 0.0663961 0.1088033 0.1027849 0.1146589 0.1112182 0.1501852 0.1147827 0.1186140 0.1463175 0.1459184 0.1551706 0.0265088 0.1541422 0.1171010 0.1036742 0.0254584 0.0198781 0.0824985 0.1266115 0.0655273 0.1228217 0.0952140 0.1017957 0.1187289 0.0660688 0.1067196 0.1110579 0.1390291 0.1236927 0.0257075 0.1028778 0.1110669 0.0380418 0.1225460 0.0476815 0.1164378 0.0631596 0.0839781 0.1366918 0.1371443 0.1214637 0.1167443 0.0923282 0.1501299 0.1082848 0.1252459 0.0934849 0.0898981 
S0407sl       0.2202370 0.1096820 0.1117624 0.0640596 0.0910533 0.1044010 0.1263943 0.0643261 0.0943082 0.1060746 0.1329927 0.0716619 0.1276454 0.1429436 0.0599831 0.1370599 0.0678861 0.1250088 0.0693735 0.1249917 0.1177831 0.1049463 0.1135713 0.0000000 0.0994078 0.0509090 0.1218347 0.1316713 0.0554072 0.1135412 0.1224728 0.1457336 0.1189227 0.0643776 0.1175468 0.1048105 0.0538103 0.0906837 0.0962386 0.1101511 0.1096040 0.0872740 0.1377579 0.1591481 0.1160578 0.1404649 0.1151874 0.1122911 0.1073401 0.1054107 0.1150708 0.1147196 0.1115306 0.1090106 0.0711946 0.1489678 0.0878553 0.0938066 0.1043971 0.0572293 0.1144721 0.1126916 0.1087744 0.1050738 0.1042108 0.1477696 0.1200114 0.1472741 0.1437372 0.1229893 0.1343410 0.0954791 0.1130749 0.1196036 0.1111319 0.1518550 0.0939199 0.0981109 0.1397622 0.1138729 0.1115526 0.1481409 0.1013667 0.1098852 0.1081464 0.0434128 0.0867025 0.0836785 0.1258949 0.0810494 0.0641431 0.1285965 0.1343030 0.1317775 0.1098764 0.1436563 0.1106711 0.0954941 0.1037192 0.0903472 0.1033715 0.1121988 0.1090143 0.0895252 0.0944293 0.0997105 0.0638614 0.1086265 0.1090048 0.0244741 0.1272964 0.0986818 0.1009758 0.0996273 0.1045541 0.1157989 0.0683628 0.0942470 0.0894550 0.1093953 0.1158764 0.1194982 0.1248676 0.0873760 0.0991880 0.0848764 0.1411710 0.1047028 0.1135521 0.1240781 0.0825115 
S0412sl       0.2283196 0.0861582 0.0919854 0.1035121 0.0901298 0.0784603 0.1342269 0.1077656 0.1021503 0.0873296 0.1006921 0.1123703 0.1355523 0.1551028 0.0975497 0.1401450 0.0943998 0.1377740 0.0745359 0.1273562 0.0886166 0.0756671 0.0864971 0.0994078 0.0000000 0.0942622 0.0872158 0.1372245 0.0812009 0.1104168 0.0933126 0.1548436 0.0957030 0.1113411 0.0872226 0.0796999 0.0899701 0.1137296 0.1207074 0.0828496 0.0810602 0.0877065 0.1415926 0.1573518 0.0661276 0.1470770 0.1165244 0.0838801 0.1026309 0.0796067 0.1065703 0.1036530 0.1200109 0.1060787 0.0968874 0.1579139 0.1152331 0.1157446 0.1231010 0.0858524 0.1306088 0.1205828 0.1165996 0.0975664 0.1130576 0.1185310 0.1175343 0.1407343 0.1396249 0.1258100 0.1422126 0.0957175 0.1196919 0.1165470 0.1012530 0.1537706 0.0914774 0.1189481 0.1497100 0.0808878 0.1090869 0.1531757 0.0758691 0.0821351 0.1007752 0.0848152 0.1086729 0.1116184 0.1359343 0.1086378 0.1074641 0.1275813 0.1373183 0.1400255 0.0863666 0.1504690 0.1206667 0.0968235 0.0782361 0.0665870 0.0762252 0.1227650 0.0775159 0.1155043 0.0994685 0.1052841 0.1106873 0.0805771 0.1027918 0.0941815 0.1262798 0.1276891 0.0763960 0.1003566 0.1103339 0.0952953 0.1107570 0.0650802 0.1131177 0.0798522 0.0872838 0.1350652 0.1306137 0.1133411 0.1091959 0.0907128 0.1510148 0.1087988 0.1211781 0.0860852 0.0918942 
S0417         0.1840157 0.1068297 0.1012761 0.0583899 0.0952540 0.0965585 0.1234080 0.0564190 0.0918787 0.1055332 0.1189962 0.0675935 0.1246690 0.1385458 0.0596441 0.1356150 0.0532170 0.1257326 0.0826325 0.1219851 0.1094242 0.0947853 0.1044499 0.0509090 0.0942622 0.0000000 0.1124107 0.1327811 0.0497926 0.1079633 0.1211078 0.1442850 0.1117932 0.0668003 0.1103026 0.0956898 0.0452253 0.0849521 0.0884707 0.1052678 0.1004819 0.0855619 0.1341918 0.1480010 0.1058763 0.1406372 0.1100760 0.1006345 0.1030597 0.0966675 0.1106737 0.1103387 0.1050841 0.1058567 0.0699686 0.1505162 0.0825531 0.0772460 0.0976550 0.0410556 0.1180074 0.1108231 0.1033363 0.0994548 0.1000144 0.1362603 0.1106891 0.1346231 0.1269181 0.1175444 0.1019626 0.0888697 0.1057419 0.1217663 0.1067960 0.1408140 0.0902773 0.1056345 0.1354802 0.1059136 0.1098902 0.1381590 0.0938460 0.1023184 0.1056201 0.0296898 0.0802655 0.0773470 0.1255700 0.0729726 0.0654556 0.1234441 0.1354149 0.1392940 0.0994918 0.1433265 0.1104672 0.0940513 0.0938089 0.0839798 0.0995658 0.1093530 0.1051650 0.0793067 0.0928852 0.0981402 0.0602468 0.0997667 0.1046866 0.0520083 0.1249652 0.0919927 0.0908103 0.0983516 0.1041045 0.1080576 0.0663933 0.0855129 0.0783609 0.0990662 0.1065819 0.1168516 0.1188456 0.0820987 0.0943842 0.0796931 0.1368284 0.1066272 0.1130580 0.1119101 0.0796306 
S0427         0.2340416 0.0840734 0.0980827 0.1237081 0.0979358 0.0884149 0.1433532 0.1169759 0.1161147 0.1021170 0.1153897 0.1315246 0.1499623 0.1643165 0.1099408 0.1545889 0.1240225 0.1453287 0.0685607 0.1381866 0.0519643 0.0890039 0.0969145 0.1218347 0.0872158 0.1124107 0.0000000 0.1514617 0.0891871 0.1239138 0.1062956 0.1576961 0.0965346 0.1237849 0.0999818 0.0908648 0.1146730 0.1332502 0.1317702 0.0813197 0.0932294 0.0958547 0.1538367 0.1632391 0.0975726 0.1595622 0.1233429 0.0923645 0.1039330 0.0893898 0.1076359 0.1046816 0.1254431 0.1173908 0.1087087 0.1712719 0.1252619 0.1281276 0.1308010 0.1021227 0.1382304 0.1318707 0.1194398 0.1128006 0.1264342 0.1210927 0.1232152 0.1538902 0.1470497 0.1372475 0.1355159 0.1073359 0.1313424 0.1352548 0.1038034 0.1541068 0.1036567 0.1220666 0.1554153 0.0917922 0.1171315 0.1510317 0.0880709 0.0967337 0.1127681 0.1084927 0.1177556 0.1192205 0.1461851 0.1188362 0.1305218 0.1419236 0.1502147 0.1529513 0.0968544 0.1650567 0.1292252 0.1151843 0.0880101 0.0769416 0.0744777 0.1252703 0.0809545 0.1280819 0.1110940 0.1162345 0.1218785 0.0967504 0.1040701 0.1203594 0.1226270 0.1330961 0.0875099 0.1168440 0.1112667 0.1022355 0.1254302 0.0824583 0.1180777 0.0946002 0.0883697 0.1402967 0.1449248 0.1219985 0.1231913 0.0987481 0.1419622 0.1074337 0.1253310 0.0558652 0.0999067 
S0430         0.2375128 0.1360817 0.1447589 0.1506099 0.1064237 0.1409473 0.0146508 0.1458105 0.1279606 0.1444740 0.1653287 0.1440949 0.0253823 0.1092140 0.1427878 0.0214633 0.1405909 0.1485049 0.0670984 0.0169400 0.1446736 0.1400667 0.1470750 0.1316713 0.1372245 0.1327811 0.1514617 0.0000000 0.1184315 0.1433186 0.1548719 0.0961104 0.0203900 0.1435110 0.1513179 0.1405710 0.1272315 0.1475461 0.1386304 0.1317132 0.1458472 0.1168834 0.0203673 0.1947538 0.1633345 0.0153064 0.1308115 0.1465326 0.1411395 0.1445506 0.1408572 0.1421036 0.1304493 0.1434646 0.1330929 0.1142756 0.1291282 0.1631375 0.1443818 0.1048846 0.0534688 0.1464078 0.1215765 0.1110397 0.1403188 0.1476757 0.1506234 0.1895591 0.1596364 0.0992149 0.1200351 0.1116234 0.1362892 0.1377330 0.1383712 0.1818334 0.1216365 0.1370706 0.1034233 0.1373131 0.1371335 0.1822379 0.1391143 0.1391669 0.1294168 0.1218835 0.1294337 0.1270685 0.0184911 0.1421219 0.1477518 0.0860348 0.0123944 0.0095083 0.1451759 0.1098772 0.1351753 0.1296701 0.1416137 0.1334187 0.1304873 0.1414944 0.1371615 0.1696663 0.1179087 0.1258882 0.1355310 0.1395303 0.1362167 0.1308024 0.1581037 0.1386367 0.1371788 0.1258693 0.1323885 0.1558605 0.1334418 0.1328109 0.1409765 0.1435732 0.1396842 0.1410293 0.1510522 0.1311552 0.1321244 0.1099892 0.1683878 0.1280399 0.1446141 0.1414100 0.1038566 
S0478         0.1719286 0.0881805 0.0969107 0.0582964 0.0794149 0.0817718 0.1098445 0.0620765 0.0797975 0.0905595 0.1107750 0.0683756 0.1105991 0.1316185 0.0609330 0.1185144 0.0539505 0.1091194 0.0752376 0.1074378 0.0890224 0.0824280 0.0929395 0.0554072 0.0812009 0.0497926 0.0891871 0.1184315 0.0000000 0.0955198 0.1064033 0.1268566 0.1088566 0.0623964 0.0967669 0.0841914 0.0572530 0.0689080 0.0696608 0.0905661 0.0888381 0.0705504 0.1258176 0.1358660 0.0925316 0.1285498 0.1013465 0.0866229 0.0886857 0.0817466 0.0934416 0.0931626 0.0978799 0.0901967 0.0507716 0.1314466 0.0627565 0.0677251 0.0865042 0.0394369 0.1029493 0.0985124 0.0914985 0.0875957 0.0880220 0.1192118 0.0945796 0.1261941 0.1243434 0.1109648 0.0966492 0.0792298 0.0965088 0.1139856 0.0885389 0.1283852 0.0688874 0.0886591 0.1221798 0.0913065 0.0915388 0.1246153 0.0814872 0.0871755 0.0884664 0.0458020 0.0584825 0.0569914 0.1170557 0.0636164 0.0653533 0.1071816 0.1209838 0.1235517 0.0868661 0.1296211 0.0946530 0.0797424 0.0837411 0.0705409 0.0795820 0.0910006 0.0891140 0.0707583 0.0775156 0.0813873 0.0567513 0.0907959 0.0876496 0.0554019 0.1054534 0.0719123 0.0808904 0.0825489 0.0824255 0.0940088 0.0606970 0.0736045 0.0655378 0.0846339 0.0916604 0.1026677 0.1063296 0.0614666 0.0850367 0.0683094 0.1214079 0.0860834 0.0932558 0.0924578 0.0671506 
S0552sl       0.1898380 0.1111966 0.1095168 0.1266756 0.0890098 0.1078128 0.1294710 0.1210515 0.0649764 0.1216575 0.1312057 0.1266901 0.1348970 0.1421128 0.1344312 0.1513655 0.1155008 0.1004374 0.0676245 0.1245151 0.1137450 0.1059197 0.1172542 0.1135412 0.1104168 0.1079633 0.1239138 0.1433186 0.0955198 0.0000000 0.1305647 0.1438067 0.1111201 0.1256282 0.1213744 0.1034554 0.1101665 0.1081976 0.1173314 0.0939830 0.1144183 0.0842390 0.1499102 0.1651511 0.1249631 0.1552825 0.1146934 0.1117139 0.1054469 0.1115254 0.1065664 0.1076036 0.0574267 0.1010324 0.0969980 0.1535136 0.1085593 0.1163526 0.1053665 0.0807774 0.1252743 0.0577418 0.0569312 0.0124395 0.0472773 0.1162367 0.1129967 0.1451953 0.1341239 0.0901413 0.0727771 0.0457925 0.0560111 0.1153832 0.1040850 0.1552513 0.0519173 0.0791571 0.1414426 0.1153223 0.0785836 0.1572179 0.1074120 0.1165704 0.0754631 0.1060976 0.1036917 0.1052539 0.1353398 0.1004533 0.1286321 0.1214941 0.1447161 0.1447317 0.1131672 0.1393514 0.0916621 0.0623606 0.1097627 0.0940869 0.1077336 0.0835780 0.1129978 0.1408912 0.0660050 0.0652599 0.1223224 0.1155612 0.1019845 0.1120806 0.1296977 0.1197001 0.1033368 0.0709639 0.0728812 0.1210903 0.1223892 0.0991616 0.1060621 0.1085292 0.1102450 0.1009820 0.0965691 0.1153129 0.0640498 0.0748093 0.1380139 0.1026999 0.0811396 0.1153617 0.0783960 
