132
PAFTOL_019361 0.0000000 0.1672799 0.2259469 0.1604952 0.1662415 0.1432113 0.1552190 0.1642249 0.1486676 0.2239557 0.1701676 0.1826335 0.1614273 0.1774484 0.1681936 0.1662352 0.1620106 0.1721370 0.1749825 0.1661976 0.1678300 0.1515134 0.1457068 0.1966617 0.1843509 0.1595082 0.1548742 0.1632823 0.1599979 0.1647791 0.1516046 0.1830521 0.1870171 0.1814619 0.1589719 0.1436402 0.1659971 0.1663838 0.1503407 0.1338584 0.1344794 0.1625846 0.1664978 0.1796278 0.1546375 0.1698969 0.1448020 0.1954284 0.1553712 0.1562469 0.1556112 0.1586502 0.1462629 0.1530989 0.2358998 0.1888639 0.1533053 0.1458441 0.1306489 0.1738227 0.1319433 0.1516528 0.1523732 0.1482970 0.1857742 0.1611280 0.2010706 0.1543605 0.1768227 0.1567152 0.1646406 0.1580429 0.1745465 0.1764801 0.1694821 0.1667516 0.1663720 0.1690815 0.1738914 0.1381758 0.1437562 0.1778341 0.1434827 0.1563895 0.1282838 0.1612770 0.1455404 0.1439571 0.1609142 0.1550905 0.1731618 0.1818529 0.1591546 0.2102087 0.1469168 0.1650122 0.1564917 0.1500270 0.1410080 0.1370120 0.1309071 0.1509378 0.1273558 0.1772636 0.1612141 0.1485650 0.1610957 0.1448987 0.1588822 0.1653629 0.1589440 0.1478864 0.1362333 0.1586157 0.1508536 0.1367980 0.1454102 0.1960009 0.1619942 0.1546309 0.1433840 0.1349789 0.1555951 0.1487913 0.1558586 0.1559983 0.1304985 0.1838426 0.1331507 0.1562383 0.1597060 0.1259237 
S0055         0.1672799 0.0000000 3.5774918 0.0878695 0.0759398 0.0650113 0.1062694 0.0892560 0.0700544 0.1930873 0.0767605 0.0740507 0.1269948 0.1134661 0.0729211 0.1025096 0.0947536 0.0847433 0.0476841 0.1062776 0.0594874 0.0943869 0.0677648 0.1155257 0.1057438 0.0819477 0.0709225 0.0678527 0.1045962 0.0851821 0.0768172 0.0744549 0.1264670 0.0985913 0.0750557 0.0625358 0.1066918 0.0468646 0.0766551 0.0514853 0.0560247 0.0797079 0.1027921 0.1221346 0.0842361 0.1092659 0.0707478 0.0563840 0.0683371 0.0659475 0.0684458 0.0714791 0.0744687 0.0713370 0.0590021 0.1263157 0.0751542 0.0706727 0.0619036 0.0953952 0.0736303 0.0765761 0.0738415 0.0795213 0.1105641 0.0774493 0.1340473 0.0696326 0.0736678 0.0899900 0.0816055 0.0720034 0.1220480 0.0514863 0.1164512 3.5874755 0.0863062 0.0762297 0.1015189 0.0625344 0.0652540 0.1193522 0.0622184 0.0771582 0.0536666 0.0818929 0.0744770 0.0737108 0.1304480 0.0703613 0.0763225 0.1020261 0.1311888 0.0752324 0.0652725 0.1027847 0.0794672 0.0701772 0.0622184 0.0571472 0.0385151 0.0622690 0.0521853 0.1145094 0.0675515 0.0674367 0.0815412 0.0778241 0.0772324 0.1289464 0.0748531 0.0798857 0.0651794 0.0803749 0.0773222 0.0646026 0.0649771 0.1087142 0.0729876 0.0884010 0.0563721 0.0602220 0.0760147 0.0640683 0.0761904 0.0777999 0.0568182 0.0918877 0.0566485 0.0819001 0.0644615 0.0598627 
S0196sl       0.2259469 3.5774918 0.0000000 0.0959219 0.0817003 0.0672000 0.1151087 0.1078973 0.0828823 0.0609739 0.1402332 0.1825892 0.1079293 0.1284552 0.1293381 0.0908946 0.0943903 0.1240428 1.0389939 0.1072009 0.0827785 0.0605398 0.0667669 0.1205404 0.0956843 0.1120493 0.0216445 0.1125864 0.1072009 0.0954464 0.0940438 0.1551286 0.0988077 0.1034089 0.0675331 0.0742713 0.0807209 0.0000010 0.0955157 0.0968385 0.0000010 0.0404995 0.1059512 0.1724347 0.1131885 0.0834420 0.0678629 1.4737300 0.0160797 0.0824503 0.0160797 0.0160797 0.0957985 0.0343990 5.1311048 0.0967042 0.0882905 0.1184280 0.0890015 0.1305610 0.0426659 0.0789291 0.1023103 0.0807176 0.1020654 0.0795629 0.1941830 0.1032921 7.0703757 0.1067608 0.1030127 0.1050819 0.1394149 0.8757113 0.1445034 0.0771474 0.0727977 0.0819300 0.1351124 0.0734636 0.0815002 0.1630872 0.0671139 0.0850906 0.0830962 0.1096792 0.0815942 0.0811502 0.1131039 0.1086202 0.1269855 0.6946612 0.0977628 0.8493137 0.0758693 0.0919155 0.0885071 0.0923429 0.0738785 0.0681803 0.0830462 0.0711184 0.0739554 0.1014887 0.1062580 0.0751065 0.1024293 0.0850906 0.0160797 0.1177231 0.0795629 0.0734677 0.0605398 0.0795629 0.0670860 0.0674789 0.0678629 0.1284235 0.0804010 0.0945494 0.0746146 0.0826498 0.0899639 0.1049631 0.1101332 0.0823237 0.0818824 0.1557321 0.0654185 0.0884414 0.0912935 0.1143845 
S0278         0.1604952 0.0878695 0.0959219 0.0000000 0.0782358 0.0763615 0.0984229 0.0386569 0.0749469 0.1084220 0.0953278 0.0430578 0.0729272 0.1008931 0.0344645 0.0880188 0.0554184 0.0975535 0.0639125 0.0949236 0.0792845 0.0603418 0.0720636 0.0338513 0.1017539 0.0270949 0.0765310 0.0904400 0.0957076 0.0595179 0.0803540 0.1014329 0.1114203 0.0385370 0.0794284 0.0683776 0.0361826 0.0466533 0.0521266 0.0598522 0.0564579 0.0762641 0.0881364 0.1262672 0.0908706 0.0905876 0.0788785 0.1034211 0.0767453 0.0795263 0.0768374 0.0791113 0.0837558 0.0766455 0.1042264 0.1135313 0.0590268 0.0442518 0.0641501 0.0974335 0.0714603 0.0828589 0.0826419 0.0785339 0.0930536 0.0875534 0.1317329 0.0854537 0.1254290 0.0645822 0.0913674 0.0801299 0.1163070 0.0996264 0.1096066 0.0627912 0.0852773 0.0754314 0.1001062 0.0721108 0.0692539 0.1116516 0.0701774 0.0791598 0.0664904 0.0217225 0.0527292 0.0561591 0.1217559 0.0440932 0.0363659 0.1246328 0.0693114 0.1035694 0.0706911 0.0983608 0.0813703 0.0732222 0.0722203 0.0644592 0.0651341 0.0668067 0.0605810 0.0620008 0.0798376 0.0726257 0.0340238 0.0794431 0.0833880 0.0348625 0.0856414 0.0521669 0.0703682 0.0897346 0.0820338 0.0707301 0.0745189 0.0538663 0.0735042 0.0536413 0.0658454 0.0597452 0.0797765 0.0769880 0.0682053 0.0938948 0.0623056 0.0996601 0.0591435 0.0861090 0.0857399 0.0754866 
S0281         0.1662415 0.0759398 0.0817003 0.0782358 0.0000000 0.0633958 0.0614640 0.0817003 0.0546668 0.1071961 0.0799215 0.0949903 0.0727793 0.0733682 0.0740497 0.0574420 0.0967650 0.0836014 0.0910042 0.0619457 0.0704000 0.0581011 0.0632921 0.0906826 0.0866992 0.0738975 0.0446250 0.0724433 0.0658527 0.0851329 0.0698650 0.1062779 0.0734653 0.0837315 0.0638027 0.0594633 0.0948597 0.0791252 0.0794655 0.0572533 0.0619311 0.0465561 0.0617675 0.1177207 0.0759075 0.0618425 0.0658824 0.0992742 0.0407488 0.0664431 0.0447417 0.0428782 0.0700015 0.0467884 0.1677658 0.0848693 0.0778215 0.0746785 0.0617808 0.0655871 0.0535083 0.0610824 0.0743909 0.0634778 0.0936344 0.0440604 0.1240457 0.0701327 0.0819611 0.0651777 0.0748723 0.0679021 0.1054624 0.0604235 0.0959651 0.0642970 0.0677393 0.0637911 0.0746528 0.0678916 0.0613366 0.1004586 0.0571200 0.0731520 0.0532633 0.0850166 0.0710321 0.0750043 0.0588600 0.0830219 0.0828179 0.1000335 0.0757411 0.1207236 0.0618026 0.0713204 0.0705165 0.0639294 0.0550793 0.0534663 0.0583667 0.0534461 0.0599996 0.0927061 0.0662619 0.0548390 0.0804161 0.0712116 0.0469024 0.0891535 0.0422134 0.0727123 0.0593535 0.0460443 0.0681214 0.0591269 0.0614866 0.0992730 0.0766904 0.0922151 0.0634026 0.0663535 0.0631826 0.0654414 0.0838522 0.0783335 0.0575725 0.0982229 0.0380264 0.0745946 0.0705029 0.0736265 
S0282         0.1432113 0.0650113 0.0672000 0.0763615 0.0633958 0.0000000 0.0852418 0.0717822 0.0598381 0.0481345 0.0458297 0.0974414 0.0784050 0.0851946 0.0707028 0.0845829 0.0722762 0.0723560 0.0898155 0.0893803 0.0439835 0.0046188 0.0147087 0.0880134 0.0599618 0.0728499 0.0580946 0.0537790 0.0888377 0.0761759 0.0658927 0.0782024 0.1034311 0.0758183 0.0202547 0.0113928 0.0729198 0.0665783 0.0556510 0.0327562 0.0092820 0.0581212 0.0846966 0.1271734 0.0623033 0.0892356 0.0147737 0.1077057 0.0542663 0.0148805 0.0543261 0.0564252 0.0642972 0.0521608 0.1463871 0.0964061 0.0666072 0.0706007 0.0437536 0.0864668 0.0525471 0.0595863 0.0641355 0.0552844 0.0432425 0.0772825 0.1350911 0.0531304 0.1151765 0.0732559 0.0717847 0.0651766 0.1144371 0.0876126 0.1119709 0.0360155 0.0685047 0.0617900 0.0927897 0.0381140 0.0557979 0.1193060 0.0080815 0.0462103 0.0439744 0.0743867 0.0601891 0.0596598 0.0823243 0.0721387 0.0785917 0.1272269 0.0809470 0.1301804 0.0114546 0.0917848 0.0617347 0.0623345 0.0097236 0.0098395 0.0312111 0.0503875 0.0291989 0.0747330 0.0598651 0.0576798 0.0743237 0.0444489 0.0604311 0.0888839 0.0753871 0.0617209 0.0064572 0.0752505 0.0616804 0.0496737 0.0114055 0.0984293 0.0514946 0.0764673 0.0324049 0.0403612 0.0559667 0.0536257 0.0655855 0.0641531 0.0420774 0.0765412 0.0400930 0.0616838 0.0458653 0.0482749 
S0288         0.1552190 0.1062694 0.1151087 0.0984229 0.0614640 0.0852418 0.0000000 0.0901877 0.0764503 0.1339971 0.1052386 0.1148289 0.0046521 0.0422276 0.0909686 0.0167153 0.1130129 0.1011040 0.1060784 0.0149652 0.0894297 0.0790336 0.0853932 0.1228415 0.1102100 0.0875152 0.0655232 0.0942711 0.0098562 0.1032014 0.0912950 0.1157230 0.0349835 0.1016284 0.0911047 0.0837010 0.0942357 0.1270319 0.0920037 0.0768579 0.0805412 0.0716568 0.0202074 0.1323671 0.0880557 0.0202271 0.0860712 0.1300431 0.0657081 0.0912259 0.0678369 0.0680188 0.0849812 0.0678011 0.1668879 0.0444917 0.1088441 0.0997248 0.0810485 0.0270394 0.0750385 0.0800239 0.0962564 0.0828401 0.1026889 0.0706907 0.1489773 0.0854861 0.0474053 0.0433751 0.0923731 0.0832957 0.1218624 0.0832611 0.1168553 0.0963972 0.0868663 0.0855379 0.0401845 0.0769243 0.0790857 0.1221227 0.0811650 0.0891965 0.0748277 0.0919103 0.1032723 0.0975872 0.0192281 0.1012419 0.1009005 0.0450459 0.0142141 0.0539925 0.0862475 0.0368352 0.0870739 0.0790418 0.0833290 0.0774415 0.0800930 0.0723949 0.0707860 0.1051639 0.0858914 0.0698497 0.0829296 0.0822983 0.0701493 0.0865085 0.0688188 0.0977438 0.0811074 0.0727786 0.0791261 0.0806658 0.0858009 0.1035802 0.0942586 0.1153045 0.0805849 0.0883871 0.0898716 0.0827889 0.1057134 0.0948923 0.0751169 0.1090604 0.0564543 0.0967843 0.0826886 0.0866447 
S0289         0.1642249 0.0892560 0.1078973 0.0386569 0.0817003 0.0717822 0.0901877 0.0000000 0.0739489 0.1220339 0.1048633 0.0495981 0.0810045 0.1054050 0.0350575 0.0828862 0.0650645 0.0968076 0.0916254 0.0917685 0.0855746 0.0715089 0.0760058 0.0373630 0.0924622 0.0310395 0.0755688 0.0971842 0.0925347 0.0652466 0.0825681 0.1041430 0.1082762 0.0485294 0.0792602 0.0722160 0.0424025 0.0542321 0.0597286 0.0612303 0.0630900 0.0842353 0.0829979 0.1270197 0.0912155 0.0875353 0.0786993 0.1022462 0.0757832 0.0793601 0.0758751 0.0781735 0.0838048 0.0802592 0.1257891 0.1052211 0.0689469 0.0530417 0.0649293 0.0942834 0.0755474 0.0828873 0.0755866 0.0739523 0.1067188 0.0911571 0.1368590 0.0867830 0.1219469 0.0756313 0.0957839 0.0890860 0.1210044 0.0976740 0.1096545 0.0431399 0.0895124 0.0830397 0.1017197 0.0761703 0.0702688 0.1189114 0.0698108 0.0788579 0.0654038 0.0310374 0.0621161 0.0638746 0.1038299 0.0551541 0.0566655 0.1142912 0.0841005 0.1328853 0.0746227 0.0908727 0.0760642 0.0674047 0.0718975 0.0613721 0.0624146 0.0658719 0.0640537 0.0679574 0.0714424 0.0716054 0.0383416 0.0791461 0.0824992 0.0492059 0.0892089 0.0660342 0.0698615 0.0933905 0.0840243 0.0696871 0.0742449 0.0524442 0.0846553 0.0672870 0.0673774 0.0650724 0.0736136 0.0760133 0.0759376 0.0856383 0.0611762 0.0934992 0.0561816 0.0830645 0.0898877 0.0722334 
S0292         0.1486676 0.0700544 0.0828823 0.0749469 0.0546668 0.0598381 0.0764503 0.0739489 0.0000000 0.1149857 0.0864346 0.0958302 0.0794052 0.0895626 0.0707805 0.0718720 0.0837114 0.0382627 0.0525025 0.0764628 0.0581752 0.0630157 0.0618384 0.0802990 0.0759861 0.0748231 0.0609145 0.0685555 0.0760028 0.0775080 0.0445394 0.0815106 0.0943910 0.0750044 0.0672280 0.0561299 0.0771284 0.0600775 0.0687769 0.0443710 0.0928159 0.0650035 0.0719671 0.1153857 0.0715619 0.0763392 0.0621555 0.0761966 0.0570109 0.0626549 0.0570753 0.0592236 0.0445326 0.0588419 0.1447931 0.0964346 0.0760812 0.0584379 0.0440360 0.0779118 0.0372965 0.0386708 0.0486235 0.0404176 0.1021809 0.0642726 0.1324565 0.0574570 0.0940485 0.0801709 0.0513456 0.0427210 0.1073750 0.0794203 0.1027218 0.0356955 0.0463954 0.0326345 0.0839963 0.0520905 0.0237628 0.1098878 0.0539384 0.0605372 0.0237241 0.0702851 0.0693544 0.0687234 0.0755638 0.0665441 0.0771839 0.1022061 0.0756572 0.1130323 0.0583152 0.0850659 0.0346146 0.0081871 0.0558888 0.0504773 0.0471338 0.0221789 0.0485699 0.0910304 0.0202679 0.0081450 0.0742982 0.0587273 0.0633159 0.0845404 0.0624240 0.0708782 0.0540432 0.0663158 0.0294224 0.0200906 0.0580339 0.0843839 0.0663889 0.0790945 0.0460116 0.0466592 0.0327355 0.0253211 0.0814098 0.0509866 0.0367239 0.0878459 0.0423908 0.0308950 0.0642147 0.0485963 
S0293         0.2239557 0.1930873 0.0609739 0.1084220 0.1071961 0.0481345 0.1339971 0.1220339 0.1149857 0.0000000 0.1054157 0.1490746 0.0934908 0.1371710 0.1161928 0.1292030 0.1181580 0.1254788 0.1297736 0.1381593 0.0888431 0.0169055 0.0559934 0.1534455 0.1121312 0.1131596 0.0997740 0.0979500 0.1291296 0.1287579 0.1100773 0.1371328 0.1483154 0.1347696 0.0630462 0.0534503 0.1123397 2.6465453 0.1022325 0.0796648 0.0093868 0.0987357 0.1294563 0.1998624 0.1042535 0.1333981 0.0564066 0.2197765 0.0904546 0.0536680 0.0970851 0.0929592 0.1117113 0.0896974 0.3070396 0.1409724 0.1160179 0.1213382 0.0980205 0.1325160 0.0839839 0.1073327 0.1073622 0.0967466 0.0645687 0.1257196 0.2144727 0.0949766 0.2329219 0.0913783 0.1208016 0.1165280 0.1853709 0.1857615 0.1696356 0.0299441 0.1074378 0.1116723 0.1468598 0.0817252 0.1039399 0.1818586 0.0481100 0.0860907 0.0924275 0.1151225 0.1058866 0.1023513 0.1362566 0.1206333 0.1312273 0.2358958 0.0961196 0.1661936 0.0538940 0.1413052 0.1071216 0.1163966 0.0507044 0.0484647 0.0812042 0.0971735 0.0831100 0.1052274 0.1076710 0.1109655 0.1148501 0.0865189 0.0940859 0.1004520 0.1222476 0.0981087 0.0456696 0.1257903 0.1106165 0.0982642 0.0509462 0.1492312 0.1046845 0.1319111 0.0791642 0.0837523 0.1090866 0.1045761 0.1133851 0.1123354 0.0861683 0.1285364 0.0800827 0.1147286 0.0923773 0.1030436 
S0294         0.1701676 0.0767605 0.1402332 0.0953278 0.0799215 0.0458297 0.1052386 0.1048633 0.0864346 0.1054157 0.0000000 0.1061357 0.1025980 0.1096506 0.0850904 0.1043950 0.1089876 0.1003048 0.1072240 0.1096055 0.0772320 0.0487363 0.0476766 0.1133766 0.0972247 0.0895250 0.0842508 0.0840633 0.1043451 0.1040415 0.0861772 0.1047812 0.1152104 0.0997435 0.0503467 0.0477762 0.1011033 0.0604480 0.0882843 0.0645847 0.0398687 0.0800351 0.1045412 0.1533100 0.0869504 0.1094247 0.0479713 0.1147774 0.0801283 0.0521954 0.0802268 0.0825616 0.0785043 0.0735768 0.1476573 0.1171887 0.0919922 0.0892748 0.0726724 0.1061937 0.0723225 0.0794124 0.0910212 0.0811775 0.0508373 0.0963841 0.1591372 0.0708570 0.1098134 0.1036879 0.0924348 0.0833433 0.1342753 0.0941058 0.1316219 0.1046009 0.0892584 0.0841534 0.0989713 0.0583511 0.0771198 0.1394807 0.0439182 0.0822935 0.0627833 0.0933703 0.0890567 0.0839447 0.0995256 0.0951520 0.0880390 0.1289738 0.1018807 0.1316952 0.0480639 0.1096805 0.0823508 0.0893730 0.0420626 0.0425585 0.0632134 0.0698531 0.0607154 0.0906345 0.0886090 0.0820479 0.0888193 0.0804230 0.0869457 0.1147660 0.0944085 0.0883556 0.0459125 0.0942301 0.0862647 0.0751063 0.0478377 0.1170243 0.0833672 0.0954700 0.0639030 0.0691533 0.0865888 0.0794812 0.0908540 0.0936884 0.0667864 0.0926764 0.0643677 0.0927041 0.0836602 0.0760232 
S0299         0.1826335 0.0740507 0.1825892 0.0430578 0.0949903 0.0974414 0.1148289 0.0495981 0.0958302 0.1490746 0.1061357 0.0000000 0.1072953 0.1094607 0.0393255 0.1005694 0.0830307 0.1064443 0.0708818 0.1107013 0.0979075 0.0989848 0.0972798 0.0518475 0.1266155 0.0412814 0.0977431 0.1176673 0.1085848 0.0832950 0.0946636 0.1151285 0.1239542 0.0557701 0.0979973 0.0933248 0.0491227 0.0471171 0.0710259 0.0837152 0.0794271 0.1018639 0.0961754 0.1458779 0.1064080 0.1055804 0.0928346 0.0927091 0.0980342 0.1011894 0.0981639 0.1006915 0.0961845 0.0978859 0.1102129 0.1260050 0.0788643 0.0679207 0.0882595 0.1136065 0.0875192 0.0952252 0.0972208 0.0924802 0.1336863 0.1050052 0.1570482 0.1026908 0.1029882 0.0944839 0.1021135 0.0949880 0.1343321 0.1012268 0.1273391 0.1040084 0.1046018 0.1010461 0.1116476 0.0953419 0.0897371 0.1346637 0.0906748 0.1006781 0.0865354 0.0410308 0.0738811 0.0730731 0.1292604 0.0653304 0.0514349 0.1100227 0.0962256 0.1073453 0.0959956 0.1027825 0.1028499 0.0940492 0.0929074 0.0867720 0.0739622 0.0823495 0.0825211 0.0793222 0.0991216 0.0932241 0.0353063 0.1010628 0.1053959 0.0566564 0.1029799 0.0753229 0.0909363 0.1073716 0.1017363 0.0911978 0.0925390 0.0575887 0.1043583 0.0806794 0.0858556 0.0880290 0.1012523 0.0935518 0.0730777 0.1072104 0.0796009 0.1159512 0.0720064 0.1081427 0.1095159 0.0965690 
S0303         0.1614273 0.1269948 0.1079293 0.0729272 0.0727793 0.0784050 0.0046521 0.0810045 0.0794052 0.0934908 0.1025980 0.1072953 0.0000000 0.0486895 0.0805901 0.0219213 0.0925957 0.1043992 0.1005011 0.0168498 0.0748548 0.0724248 0.0752957 0.1067134 0.1112580 0.0673137 0.0669749 0.0747748 0.0070271 0.0887280 0.0853204 0.1017158 0.0352106 0.0964446 0.0830218 0.0754700 0.0764541 0.0000010 0.0696998 0.0757196 0.0805412 0.0751164 0.0270822 0.1508149 0.0858409 0.0244620 0.0791283 0.1484134 0.0670333 0.0893263 0.0702962 0.0670333 0.0899477 0.0697927 0.2023435 0.0436685 0.0899540 0.0928521 0.0759297 0.0292902 0.0652690 0.0760770 0.0954375 0.0756161 0.0923749 0.0813060 0.1578225 0.0848947 0.0529060 0.0436646 0.0912713 0.0860776 0.1310008 0.1084907 0.1273844 0.0885457 0.0825701 0.0858688 0.0431242 0.0633653 0.0753938 0.1302085 0.0753616 0.0797739 0.0730325 0.0732283 0.0829560 0.0769045 0.0219348 0.0850294 0.0914760 0.0682270 0.0143020 0.0449837 0.0792739 0.0354307 0.0846808 0.0800764 0.0783609 0.0789449 0.0744771 0.0733194 0.0671982 0.0865117 0.0856415 0.0730490 0.0730631 0.0732339 0.0704589 0.0871412 0.0813060 0.0763093 0.0726237 0.0874103 0.0761809 0.0789171 0.0787833 0.0892498 0.0954792 0.1018995 0.0723121 0.0799280 0.0925296 0.0913512 0.0881282 0.0966148 0.0669479 0.0920348 0.0602172 0.0951749 0.0691935 0.0897638 
S0308         0.1774484 0.1134661 0.1284552 0.1008931 0.0733682 0.0851946 0.0422276 0.1054050 0.0895626 0.1371710 0.1096506 0.1094607 0.0486895 0.0000000 0.1000768 0.0383282 0.1038765 0.1014311 0.1079444 0.0440767 0.0962276 0.0853062 0.0962975 0.1137148 0.1187490 0.0861408 0.0766066 0.1079820 0.0420004 0.1104214 0.1004072 0.1289837 0.0521334 0.1026053 0.0948532 0.0923848 0.1040518 0.1157823 0.0960466 0.0877946 0.0750555 0.0832070 0.0384221 0.1541492 0.1091806 0.0421730 0.0941770 0.1375876 0.0768269 0.1001459 0.0790456 0.0792581 0.0916906 0.0766207 0.1769541 0.0561006 0.1152698 0.0964134 0.0877846 0.0327659 0.0860860 0.0888247 0.1055323 0.0939510 0.1074918 0.0822310 0.1583561 0.1034352 0.0648567 0.0547357 0.0991973 0.0897578 0.1333096 0.0936647 0.1323375 0.0871264 0.0980650 0.0989305 0.0497568 0.0814446 0.0879763 0.1463247 0.0854225 0.1018912 0.0837663 0.1033902 0.1046159 0.1016983 0.0457295 0.1001576 0.0989097 0.0679204 0.0371873 0.0881711 0.0928081 0.0466121 0.0887419 0.0879315 0.0876078 0.0861475 0.0868404 0.0788674 0.0752350 0.1070164 0.0971834 0.0826818 0.0853966 0.0999573 0.0836535 0.0941365 0.0803078 0.1041489 0.0875231 0.0844097 0.0946000 0.0852056 0.0895065 0.1188778 0.1057790 0.1094860 0.0894519 0.0925611 0.0945627 0.0918362 0.1008062 0.1032238 0.0861471 0.1122780 0.0690668 0.0970955 0.0981370 0.0960325 
S0320         0.1681936 0.0729211 0.1293381 0.0344645 0.0740497 0.0707028 0.0909686 0.0350575 0.0707805 0.1161928 0.0850904 0.0393255 0.0805901 0.1000768 0.0000000 0.0870736 0.0641737 0.0930917 0.0684063 0.0940508 0.0798267 0.0669242 0.0705912 0.0432541 0.1001260 0.0254764 0.0707570 0.0910732 0.0925476 0.0619485 0.0805711 0.1000363 0.1060622 0.0366905 0.0762762 0.0687631 0.0363613 0.0343715 0.0587357 0.0627067 0.0508359 0.0766011 0.0871913 0.1304595 0.0873481 0.0917788 0.0690628 0.0908393 0.0709552 0.0737731 0.0710392 0.0732839 0.0732864 0.0728592 0.1018356 0.1059558 0.0633573 0.0522461 0.0640879 0.0921693 0.0672635 0.0814232 0.0785953 0.0747611 0.1008222 0.0864849 0.1394570 0.0811712 0.0987590 0.0878298 0.0802375 0.0733930 0.1229907 0.0790696 0.1116269 0.0706924 0.0885120 0.0796441 0.0994257 0.0729403 0.0690369 0.1185533 0.0645656 0.0730553 0.0624157 0.0235621 0.0588351 0.0583143 0.1205438 0.0562344 0.0402312 0.0975828 0.0831974 0.0921100 0.0692003 0.0909049 0.0790304 0.0736448 0.0665934 0.0608901 0.0594617 0.0547715 0.0590340 0.0624944 0.0754696 0.0730413 0.0235183 0.0733152 0.0775204 0.0377491 0.0845525 0.0627772 0.0647413 0.0886868 0.0804103 0.0666030 0.0688577 0.0423223 0.0812475 0.0683756 0.0643521 0.0667034 0.0755203 0.0727916 0.0685344 0.0896458 0.0582829 0.0932044 0.0560277 0.0837220 0.0863334 0.0712761 
S0322         0.1662352 0.1025096 0.0908946 0.0880188 0.0574420 0.0845829 0.0167153 0.0828862 0.0718720 0.1292030 0.1043950 0.1005694 0.0219213 0.0383282 0.0870736 0.0000000 0.1078021 0.0961044 0.1077397 0.0081473 0.0867172 0.0791961 0.0868974 0.1051232 0.0982968 0.0865203 0.0656066 0.0936936 0.0132377 0.0981749 0.0771568 0.1096113 0.0275372 0.0938250 0.0903870 0.0830510 0.0908030 0.1157435 0.0827379 0.0742844 0.0933341 0.0671827 0.0032117 0.1284379 0.0828694 0.0032145 0.0897431 0.1145678 0.0657920 0.0905061 0.0679236 0.0681058 0.0732066 0.0656127 0.1763599 0.0421389 0.1009929 0.0947097 0.0763770 0.0269166 0.0677251 0.0708133 0.0839806 0.0731920 0.1105291 0.0690989 0.1447310 0.0849979 0.0554266 0.0408041 0.0808783 0.0719186 0.1209075 0.0924625 0.1159460 0.0725457 0.0750448 0.0829715 0.0399933 0.0723122 0.0744402 0.1260992 0.0805386 0.0887007 0.0723478 0.0859775 0.0935141 0.0880815 0.0191087 0.0962317 0.0959112 0.0586140 0.0168301 0.0593151 0.0855730 0.0344315 0.0802594 0.0743979 0.0826846 0.0769461 0.0752723 0.0649491 0.0662598 0.1022689 0.0811249 0.0653959 0.0772701 0.0867811 0.0723414 0.0821647 0.0672195 0.0904318 0.0804821 0.0711898 0.0765686 0.0760254 0.0851335 0.1023862 0.0915698 0.1100568 0.0759464 0.0803179 0.0850578 0.0824541 0.0960555 0.0824976 0.0726235 0.1065159 0.0565254 0.0918517 0.0800604 0.0841722 
S0327         0.1620106 0.0947536 0.0943903 0.0554184 0.0967650 0.0722762 0.1130129 0.0650645 0.0837114 0.1181580 0.1089876 0.0830307 0.0925957 0.1038765 0.0641737 0.1078021 0.0000000 0.1027353 0.0864262 0.1152345 0.0729754 0.0691846 0.0803736 0.0652106 0.1022143 0.0538734 0.0831096 0.0818196 0.1101174 0.0479036 0.0871650 0.1043374 0.1210012 0.0794767 0.0815441 0.0765362 0.0635897 0.0402037 0.0536488 0.0659636 0.0745143 0.0787972 0.1079522 0.1440385 0.1026347 0.1128314 0.0830665 0.1144310 0.0790486 0.0837514 0.0791446 0.0814411 0.0885952 0.0809062 0.1177158 0.1229682 0.0582825 0.0460266 0.0746166 0.1073287 0.0760289 0.0871945 0.0851595 0.0852108 0.1063028 0.0985938 0.1519565 0.0943967 0.1337221 0.0701950 0.0961516 0.0892540 0.1299853 0.1065820 0.1299795 0.0616643 0.0944142 0.0885298 0.1040387 0.0785342 0.0798993 0.1377248 0.0742511 0.0764720 0.0688487 0.0496665 0.0499219 0.0516251 0.1241158 0.0495179 0.0537288 0.1330419 0.0876612 0.1276663 0.0790443 0.1107192 0.0880283 0.0844060 0.0763152 0.0705600 0.0671432 0.0781819 0.0707620 0.0596973 0.0843650 0.0813010 0.0613264 0.0792684 0.0857558 0.0853842 0.0966533 0.0536227 0.0744535 0.1008403 0.0841757 0.0711885 0.0786506 0.0751237 0.0825827 0.0591615 0.0698579 0.0707235 0.0838611 0.0836734 0.0696730 0.0912800 0.0686589 0.1083131 0.0610915 0.0775460 0.0836410 0.0821894 
S0335         0.1721370 0.0847433 0.1240428 0.0975535 0.0836014 0.0723560 0.1011040 0.0968076 0.0382627 0.1254788 0.1003048 0.1064443 0.1043992 0.1014311 0.0930917 0.0961044 0.1027353 0.0000000 0.0672343 0.1011109 0.0706902 0.0750099 0.0744381 0.1076822 0.0836700 0.0930086 0.0755065 0.0767327 0.1004905 0.0908364 0.0645410 0.0908400 0.1080920 0.0954613 0.0829749 0.0704201 0.0935279 0.0742855 0.0793159 0.0646203 0.0744112 0.0778432 0.0918370 0.1338666 0.0848288 0.1009464 0.0748316 0.0912765 0.0714664 0.0734823 0.0715518 0.0738165 0.0604532 0.0733305 0.1576599 0.1109533 0.0919814 0.0777567 0.0579387 0.0929677 0.0551124 0.0582044 0.0648328 0.0580439 0.1156773 0.0904215 0.1444294 0.0617432 0.0996814 0.0970704 0.0657304 0.0570601 0.1136104 0.0854922 0.1182859 0.0563901 0.0730559 0.0417096 0.0997907 0.0683491 0.0420623 0.1258354 0.0622252 0.0820867 0.0365363 0.0924232 0.0848478 0.0773386 0.1108127 0.0864623 0.0955899 0.1118884 0.0975853 0.1265377 0.0688301 0.0986620 0.0477955 0.0404344 0.0642316 0.0627224 0.0593738 0.0407021 0.0667702 0.1075963 0.0438957 0.0363132 0.0923397 0.0802202 0.0780901 0.0987240 0.0884873 0.0795625 0.0684264 0.0883240 0.0482801 0.0344017 0.0705169 0.0980529 0.0794459 0.1019944 0.0618623 0.0672239 0.0421438 0.0217332 0.0920369 0.0674500 0.0521485 0.0926342 0.0624712 0.0476369 0.0768794 0.0583738 
S0345         0.1749825 0.0476841 1.0389939 0.0639125 0.0910042 0.0898155 0.1060784 0.0916254 0.0525025 0.1297736 0.1072240 0.0708818 0.1005011 0.1079444 0.0684063 0.1077397 0.0864262 0.0672343 0.0000000 0.1024363 0.0736181 0.0901024 0.0954835 0.5470861 0.1914714 0.0841752 0.0694674 0.0733822 0.0943553 0.0912226 0.0538039 0.0902380 0.1188741 0.0964118 0.1029690 0.0901024 0.0955049 0.0000010 0.0802448 0.0689619 0.0819533 0.0790263 0.1082786 0.1407908 0.1089648 0.1134900 0.1072746 0.0387881 0.0643989 0.1030132 0.0699842 0.0643989 0.0543851 0.0688056 0.0587417 0.1269651 0.0918630 0.0588233 0.0617588 0.0942390 0.0482289 0.0638788 0.0440319 0.0583986 0.1057945 0.0842814 0.1474326 0.0832172 0.0802272 0.0738634 0.0621946 0.0630376 0.1350975 0.0649595 0.1232857 0.7042883 0.0792455 0.0532090 0.1066530 0.0734338 0.0385217 0.1287444 0.0953899 0.0791189 0.0386142 0.0688513 0.0799964 0.0806897 0.6513537 0.0536978 0.0739276 0.1296013 0.0943553 0.0721963 0.0962230 0.1090053 0.0376841 0.0479583 0.0953899 0.0955630 0.0706312 0.0390370 0.0812631 0.1019453 0.0428570 0.0477778 0.0733423 0.0794973 0.0702639 0.0899676 0.0842814 0.0855398 0.0905408 0.0949050 0.0592524 0.0332776 0.0955630 0.1039137 0.1010522 0.0797448 0.0738564 0.0814439 0.0483130 0.0473745 0.0839699 0.0594471 0.0533945 0.0834907 0.0587491 0.0472669 0.0683555 0.0739675 
S0355         0.1661976 0.1062776 0.1072009 0.0949236 0.0619457 0.0893803 0.0149652 0.0917685 0.0764628 0.1381593 0.1096055 0.1107013 0.0168498 0.0440767 0.0940508 0.0081473 0.1152345 0.1011109 0.1024363 0.0000000 0.0915460 0.0828228 0.0917375 0.1173562 0.1074589 0.0934394 0.0700992 0.0986527 0.0115232 0.1053758 0.0866152 0.1094729 0.0330932 0.1009556 0.0907759 0.0878514 0.0978133 0.1238315 0.0896277 0.0789329 0.0944679 0.0716699 0.0114898 0.1308299 0.0876782 0.0115005 0.0946638 0.1261423 0.0702993 0.0954749 0.0724697 0.0726645 0.0825510 0.0678145 0.1844307 0.0501895 0.1084389 0.1019073 0.0831387 0.0323362 0.0747943 0.0800362 0.0937228 0.0825384 0.1069432 0.0736063 0.1472050 0.0898207 0.0582007 0.0409600 0.0855358 0.0765162 0.1204665 0.0960628 0.1155271 0.0885457 0.0844264 0.0877654 0.0457483 0.0769366 0.0790977 0.1256352 0.0852821 0.0936568 0.0769735 0.0928497 0.1007640 0.0951472 0.0162360 0.1034165 0.1030670 0.0614316 0.0167819 0.0593323 0.0904363 0.0421664 0.0849790 0.0787230 0.0874624 0.0816699 0.0799971 0.0693872 0.0707995 0.1096671 0.0859033 0.0698638 0.0839503 0.0866790 0.0769727 0.0888274 0.0717079 0.0975564 0.0852240 0.0757320 0.0812617 0.0806779 0.0899661 0.1096584 0.0964970 0.1175338 0.0805970 0.0850453 0.0898819 0.0872141 0.1032291 0.0922617 0.0745854 0.1117600 0.0608028 0.0967934 0.0847749 0.0861843 
S0376         0.1678300 0.0594874 0.0827785 0.0792845 0.0704000 0.0439835 0.0894297 0.0855746 0.0581752 0.0888431 0.0772320 0.0979075 0.0748548 0.0962276 0.0798267 0.0867172 0.0729754 0.0706902 0.0736181 0.0915460 0.0000000 0.0401461 0.0496605 0.0896634 0.0632054 0.0778325 0.0586308 0.0254225 0.0907846 0.0726863 0.0622260 0.0718175 0.1001675 0.0853234 0.0569300 0.0459201 0.0822460 0.0603464 0.0598686 0.0405167 0.0565218 0.0647311 0.0825507 0.1154179 0.0608069 0.0891765 0.0499067 0.0893623 0.0585907 0.0502986 0.0587835 0.0609346 0.0627092 0.0605900 0.1442616 0.1030841 0.0692808 0.0648337 0.0499889 0.0884042 0.0508960 0.0520908 0.0643812 0.0538720 0.0758386 0.0732658 0.1415475 0.0576023 0.1146930 0.0665272 0.0721442 0.0655079 0.1132173 0.0767788 0.1051440 0.0436745 0.0602259 0.0542435 0.0903638 0.0456922 0.0541371 0.1123661 0.0420816 0.0604601 0.0423196 0.0747079 0.0627481 0.0641842 0.0936666 0.0686461 0.0752929 0.1233881 0.0715188 0.1243271 0.0461956 0.0871777 0.0642695 0.0606605 0.0439544 0.0405516 0.0352044 0.0426908 0.0404692 0.0860531 0.0601765 0.0560213 0.0793038 0.0586532 0.0648852 0.0901225 0.0712181 0.0642835 0.0440631 0.0753814 0.0620936 0.0500031 0.0459786 0.1019936 0.0559460 0.0854933 0.0419509 0.0465469 0.0622465 0.0558360 0.0766295 0.0650752 0.0444309 0.0752683 0.0442530 0.0641826 0.0217245 0.0565907 
S0400         0.1515134 0.0943869 0.0605398 0.0603418 0.0581011 0.0046188 0.0790336 0.0715089 0.0630157 0.0169055 0.0487363 0.0989848 0.0724248 0.0853062 0.0669242 0.0791961 0.0691846 0.0750099 0.0901024 0.0828228 0.0401461 0.0000000 0.0069534 0.0898747 0.0684599 0.0641172 0.0491238 0.0455396 0.0785286 0.0722418 0.0629068 0.0760798 0.0885218 0.0805889 0.0119427 0.0046255 0.0636370 0.0000010 0.0458758 0.0346824 0.0046061 0.0486371 0.0793475 0.1380272 0.0572362 0.0822916 0.0093731 0.1305028 0.0435880 0.0118777 0.0465231 0.0435880 0.0635058 0.0404802 0.2052890 0.0926435 0.0574445 0.0695046 0.0453794 0.0816180 0.0410671 0.0599678 0.0632321 0.0510264 0.0432190 0.0690922 0.1522626 0.0479733 0.1296338 0.0702620 0.0684932 0.0666374 0.1301141 0.0937714 0.1153525 0.0297317 0.0634260 0.0600856 0.0911956 0.0317318 0.0536827 0.1223080 0.0022995 0.0377072 0.0430520 0.0663352 0.0487596 0.0488895 0.0734280 0.0625987 0.0780554 0.1493040 0.0749602 0.1247465 0.0046603 0.0928797 0.0565347 0.0637761 0.0046165 0.0046443 0.0300048 0.0437260 0.0322558 0.0602948 0.0627953 0.0597205 0.0661898 0.0378051 0.0466287 0.0826681 0.0690922 0.0485371 0.0000021 0.0691307 0.0626278 0.0484164 0.0046365 0.0932033 0.0512997 0.0720776 0.0267266 0.0324969 0.0546843 0.0540124 0.0593597 0.0637215 0.0347768 0.0748828 0.0321869 0.0657860 0.0403172 0.0545314 
S0405         0.1457068 0.0677648 0.0667669 0.0720636 0.0632921 0.0147087 0.0853932 0.0760058 0.0618384 0.0559934 0.0476766 0.0972798 0.0752957 0.0962975 0.0705912 0.0868974 0.0803736 0.0744381 0.0954835 0.0917375 0.0496605 0.0069534 0.0000000 0.0877816 0.0671290 0.0727346 0.0580046 0.0557395 0.0911793 0.0760563 0.0656955 0.0761373 0.1058971 0.0799987 0.0202251 0.0097343 0.0770313 0.0666631 0.0616086 0.0345837 0.0092820 0.0580311 0.0870146 0.1153323 0.0643304 0.0915888 0.0164631 0.1046744 0.0541823 0.0165825 0.0542420 0.0563375 0.0641966 0.0520805 0.1464495 0.0988202 0.0686672 0.0704894 0.0513570 0.0886613 0.0486732 0.0594075 0.0639415 0.0572394 0.0404839 0.0749724 0.1301698 0.0550646 0.1188412 0.0760534 0.0715696 0.0649770 0.1074981 0.0847670 0.1005976 0.0359693 0.0682975 0.0637998 0.0950149 0.0436605 0.0577731 0.1077267 0.0097259 0.0501206 0.0421290 0.0742696 0.0622023 0.0616524 0.0861332 0.0720256 0.0784674 0.1245899 0.0807177 0.1301804 0.0097869 0.0940309 0.0679667 0.0643636 0.0113770 0.0098395 0.0367546 0.0523460 0.0310089 0.0787421 0.0638496 0.0596618 0.0742068 0.0483487 0.0563916 0.0886261 0.0730867 0.0597844 0.0114028 0.0688609 0.0636867 0.0535994 0.0130728 0.0982679 0.0438807 0.0804765 0.0342114 0.0422428 0.0619580 0.0555801 0.0739060 0.0683414 0.0402410 0.0786476 0.0400328 0.0697780 0.0535574 0.0560962 
S0407sl       0.1966617 0.1155257 0.1205404 0.0338513 0.0906826 0.0880134 0.1228415 0.0373630 0.0802990 0.1534455 0.1133766 0.0518475 0.1067134 0.1137148 0.0432541 0.1051232 0.0652106 0.1076822 0.5470861 0.1173562 0.0896634 0.0898747 0.0877816 0.0000000 0.0922821 0.0249016 0.1019727 0.1106167 0.1185278 0.0518861 0.1010988 0.1188897 0.1288437 0.0338317 0.0887242 0.0850537 0.0307815 0.0344354 0.0670732 0.0704118 0.0000010 0.1019452 0.0976328 0.1454692 0.1016188 0.1133946 0.0848712 0.1407597 0.1061354 0.0888877 0.1021444 0.1104991 0.1031279 0.1028910 0.1989405 0.1307946 0.0751004 0.0657466 0.0839244 0.1254283 0.0906575 0.0799170 0.1016735 0.0910219 0.1376122 0.1063203 0.1498746 0.0983471 0.1928055 0.0920536 0.1104532 0.1018041 0.1146759 0.1565058 0.1236625 0.0558991 0.0904853 0.0945368 0.1292750 0.0960084 0.0814174 0.1356516 0.0809529 0.0968323 0.0804447 0.0247214 0.0715372 0.0700662 0.1196511 0.0697445 0.0339970 0.1382131 0.0835211 0.8262232 0.0892088 0.1063799 0.0984296 0.0842960 0.0844447 0.0712949 0.0786341 0.0822371 0.0704099 0.0632852 0.0962698 0.0798891 0.0394505 0.0971054 0.1135079 0.0218842 0.1030917 0.0704859 0.0810640 0.1027081 0.0959748 0.0730453 0.0848712 0.0493770 0.0987324 0.0757926 0.0842229 0.0842229 0.0948530 0.0948695 0.0891234 0.1131591 0.0809195 0.1294661 0.0758035 0.0905899 0.1119469 0.0928190 
S0412sl       0.1843509 0.1057438 0.0956843 0.1017539 0.0866992 0.0599618 0.1102100 0.0924622 0.0759861 0.1121312 0.0972247 0.1266155 0.1112580 0.1187490 0.1001260 0.0982968 0.1022143 0.0836700 0.1914714 0.1074589 0.0632054 0.0684599 0.0671290 0.0922821 0.0000000 0.0996157 0.0801484 0.0833332 0.1098408 0.0886482 0.0757463 0.0908363 0.1229899 0.0979278 0.0768210 0.0624863 0.1029105 0.0658200 0.0778514 0.0554939 0.1208576 0.0814626 0.0929718 0.1502994 0.0537210 0.1041155 0.0675417 0.1326372 0.0753723 0.0654211 0.0754794 0.0753900 0.0790316 0.0812573 0.2084219 0.1132018 0.0839163 0.0892577 0.0580210 0.1095162 0.0643691 0.0704916 0.0761596 0.0652572 0.1177115 0.1002358 0.1642680 0.0775043 0.1381089 0.1184458 0.0935185 0.0854178 0.1345511 0.1128409 0.1374618 0.0240087 0.0838466 0.0781800 0.1147812 0.0625259 0.0684684 0.1473324 0.0553742 0.0806500 0.0555809 0.1018722 0.0759867 0.0828500 0.0984720 0.0991831 0.0917037 0.1500708 0.1028632 0.2017163 0.0578185 0.0995079 0.0733647 0.0792807 0.0576910 0.0535725 0.0333777 0.0541864 0.0530509 0.1111182 0.0734468 0.0732113 0.0991578 0.0756972 0.0802894 0.1190630 0.0978948 0.0805288 0.0553440 0.1002838 0.0808872 0.0656471 0.0625853 0.1270908 0.0723505 0.1128713 0.0595233 0.0580215 0.0706387 0.0680719 0.0955210 0.0793635 0.0583249 0.0994293 0.0625248 0.0859621 0.0753173 0.0640061 
S0417         0.1595082 0.0819477 0.1120493 0.0270949 0.0738975 0.0728499 0.0875152 0.0310395 0.0748231 0.1131596 0.0895250 0.0412814 0.0673137 0.0861408 0.0254764 0.0865203 0.0538734 0.0930086 0.0841752 0.0934394 0.0778325 0.0641172 0.0727346 0.0249016 0.0996157 0.0000000 0.0682691 0.0867344 0.0898311 0.0540128 0.0831396 0.1024314 0.1053329 0.0364188 0.0758728 0.0690156 0.0289567 0.0344041 0.0526840 0.0604030 0.0570963 0.0807885 0.0866364 0.1276904 0.0917453 0.0911861 0.0712125 0.1000767 0.0684586 0.0759656 0.0685384 0.0707499 0.0822429 0.0770307 0.1110592 0.1074404 0.0595494 0.0442049 0.0640480 0.0872299 0.0694880 0.0791462 0.0811450 0.0770246 0.0977118 0.0831998 0.1354602 0.0811573 0.1120456 0.0744982 0.0898911 0.0829713 0.1170181 0.0787498 0.1081487 0.0488177 0.0834692 0.0837989 0.0963973 0.0728886 0.0711957 0.1149610 0.0626518 0.0776425 0.0584099 0.0199760 0.0550819 0.0545964 0.1106706 0.0500981 0.0402640 0.1142777 0.0702521 0.1035038 0.0693042 0.0924382 0.0770662 0.0689984 0.0625669 0.0629894 0.0636330 0.0669802 0.0610298 0.0584872 0.0797031 0.0725069 0.0234325 0.0779218 0.0749299 0.0322228 0.0812999 0.0566500 0.0668578 0.0853549 0.0826559 0.0706147 0.0710000 0.0383676 0.0811840 0.0578115 0.0643118 0.0643563 0.0754647 0.0727402 0.0627714 0.0923897 0.0582497 0.0952455 0.0496013 0.0859619 0.0843099 0.0712264 
S0419         0.1548742 0.0709225 0.0216445 0.0765310 0.0446250 0.0580946 0.0655232 0.0755688 0.0609145 0.0997740 0.0842508 0.0977431 0.0669749 0.0766066 0.0707570 0.0656066 0.0831096 0.0755065 0.0694674 0.0700992 0.0586308 0.0491238 0.0580046 0.1019727 0.0801484 0.0682691 0.0000000 0.0709030 0.0696792 0.0742285 0.0621762 0.0907920 0.0833901 0.0836204 0.0632297 0.0562134 0.0834384 0.0875177 0.0702530 0.0505278 0.0510156 0.0307130 0.0699019 0.1112978 0.0690924 0.0699860 0.0604001 0.0860011 0.0032116 0.0608861 0.0064615 0.0048464 0.0607555 0.0218350 0.1468818 0.0848289 0.0778228 0.0666173 0.0521496 0.0673601 0.0468378 0.0577850 0.0602763 0.0582368 0.0832180 0.0462816 0.1293465 0.0621030 0.0887549 0.0618589 0.0698158 0.0631936 0.1112150 0.0203252 0.1068350 0.0625429 0.0644162 0.0602456 0.0771838 0.0540628 0.0528681 0.1141876 0.0522027 0.0631164 0.0447377 0.0764399 0.0710874 0.0681726 0.0718589 0.0702506 0.0746346 0.1029795 0.0695204 0.1081917 0.0565609 0.0721771 0.0671297 0.0572120 0.0541507 0.0448341 0.0490374 0.0495166 0.0447955 0.0854390 0.0629545 0.0527388 0.0680519 0.0612872 0.0081232 0.0824558 0.0444899 0.0703083 0.0542882 0.0482118 0.0630317 0.0525683 0.0562878 0.0956330 0.0616880 0.0807836 0.0500119 0.0569573 0.0610348 0.0585134 0.0807491 0.0632824 0.0446328 0.0812226 0.0288834 0.0689694 0.0585526 0.0569838 
S0427         0.1632823 0.0678527 0.1125864 0.0904400 0.0724433 0.0537790 0.0942711 0.0971842 0.0685555 0.0979500 0.0840633 0.1176673 0.0747748 0.1079820 0.0910732 0.0936936 0.0818196 0.0767327 0.0733822 0.0986527 0.0254225 0.0455396 0.0557395 0.1106167 0.0833332 0.0867344 0.0709030 0.0000000 0.0980490 0.0741938 0.0748193 0.0806227 0.1074346 0.0968970 0.0673998 0.0557878 0.0892473 0.0820321 0.0641407 0.0482693 0.0453340 0.0730743 0.0938212 0.1330461 0.0799763 0.0984925 0.0599400 0.1048181 0.0669257 0.0563946 0.0670038 0.0692210 0.0754132 0.0688223 0.1546876 0.1104540 0.0731875 0.0713892 0.0582012 0.0912299 0.0571441 0.0642442 0.0709460 0.0660602 0.0757564 0.0820141 0.1448180 0.0598452 0.1154002 0.0635767 0.0766267 0.0699796 0.1209817 0.0851398 0.1174989 0.0642167 0.0686594 0.0623654 0.0908387 0.0555063 0.0643684 0.1249887 0.0518103 0.0689211 0.0444644 0.0856635 0.0665894 0.0685453 0.1101187 0.0772278 0.0883723 0.1245204 0.0772927 0.1070682 0.0561308 0.0942040 0.0748540 0.0711993 0.0499066 0.0503092 0.0448485 0.0545323 0.0502000 0.0919274 0.0706183 0.0662987 0.0947905 0.0691243 0.0692922 0.1029772 0.0800959 0.0646107 0.0538784 0.0841866 0.0725867 0.0600491 0.0558618 0.1094222 0.0622144 0.0924904 0.0516453 0.0565615 0.0727648 0.0660757 0.0744633 0.0779340 0.0461972 0.0840840 0.0541172 0.0725884 0.0307760 0.0671355 
S0430         0.1599979 0.1045962 0.1072009 0.0957076 0.0658527 0.0888377 0.0098562 0.0925347 0.0760028 0.1291296 0.1043451 0.1085848 0.0070271 0.0420004 0.0925476 0.0132377 0.1101174 0.1004905 0.0943553 0.0115232 0.0907846 0.0785286 0.0911793 0.1185278 0.1098408 0.0898311 0.0696792 0.0980490 0.0000000 0.0959973 0.0885755 0.1117528 0.0311565 0.1039853 0.0947570 0.0873160 0.0963298 0.1341874 0.0893469 0.0784549 0.0855697 0.0712423 0.0166691 0.1339777 0.0894282 0.0166850 0.0896985 0.1256416 0.0697218 0.0948836 0.0720332 0.0722260 0.0823311 0.0674098 0.1726192 0.0442498 0.1059304 0.0991161 0.0805691 0.0268466 0.0745961 0.0774492 0.0954611 0.0823177 0.1020020 0.0774163 0.1505613 0.0892734 0.0497289 0.0404784 0.0896716 0.0806520 0.1234886 0.0952661 0.1184892 0.0885457 0.0842012 0.0872310 0.0399692 0.0764712 0.0786186 0.1287188 0.0847646 0.0930754 0.0765068 0.0892607 0.1004396 0.0948446 0.0134015 0.0955309 0.1002895 0.0526575 0.0070005 0.0404918 0.0898809 0.0384869 0.0844654 0.0785753 0.0869310 0.0811711 0.0768881 0.0739978 0.0703713 0.1023240 0.0853786 0.0694469 0.0824399 0.0861448 0.0763344 0.0829595 0.0753504 0.0972452 0.0847064 0.0795539 0.0786586 0.0801916 0.0894171 0.1082046 0.0959070 0.1123846 0.0801112 0.0899660 0.0893342 0.0866857 0.0998952 0.0965560 0.0768027 0.1137835 0.0604467 0.0961996 0.0842627 0.0883008 
