134
PAFTOL_019361 0.0000000 0.1752505 0.1755517 0.1983311 0.1952137 0.2051606 0.1893488 0.1831377 0.1940269 0.2210714 0.2456207 0.2238930 0.1875302 0.1916690 0.1988562 0.1899939 0.1924202 0.1870988 0.2352868 0.1965667 0.1821880 0.2475161 0.1996197 0.1550466 0.2262795 0.2151092 0.1870432 0.1925695 0.2444310 0.1821340 0.1791496 0.1795335 0.2019749 0.2015434 0.1714086 0.1830494 0.2166161 0.2060493 0.2010248 0.1727565 0.1897243 0.1954622 0.2496719 0.1767818 0.1928875 0.1950863 0.1991843 0.1804162 0.2272138 0.2124639 0.2146761 0.1858480 0.2100727 0.1876370 0.1776327 0.1861847 0.1780111 0.1751151 0.2150954 0.1910710 0.1844714 0.1942408 0.1828682 0.1978610 0.1815664 0.1758946 0.1954176 0.3173533 0.1946254 0.1912359 0.1885588 0.2085508 0.1876821 0.2084559 0.1936177 0.1915425 0.1835831 0.1858202 0.1548907 0.1901638 0.1913197 0.2013444 0.2101145 0.2027776 0.1860514 0.2694698 0.2069367 0.2148843 0.1896217 0.1847279 0.1909991 0.1724134 0.1765410 0.1927154 0.2044696 0.1955889 0.2384117 0.2119924 0.1847373 0.2018892 0.2031575 0.2092982 0.1975810 0.1800704 0.1951695 0.1964130 0.1818748 0.1941934 0.1782578 0.1840082 0.1999902 0.1832696 0.2001713 0.1917537 0.1985640 0.2130427 0.1966020 0.1884209 0.2062062 0.1851548 0.1987092 0.1969646 0.2002946 0.1921502 0.2038396 0.2018483 0.1906942 0.1910649 0.1941503 0.2335916 0.1743593 0.1878854 0.1861747 0.1906952 
S0055         0.1752505 0.0000000 0.0622549 0.0821909 0.0731116 0.0547366 0.0779527 0.0819158 0.0547440 0.0567713 0.0697624 0.0941927 0.0832096 0.0848572 0.0827183 0.0843077 0.0795049 0.0607619 0.0852300 0.0841758 0.0548423 0.0505936 0.0498933 0.0840882 0.0704037 0.0771136 0.0602808 0.0616924 0.0838855 0.0872528 0.0713069 0.0749053 0.0659776 0.0845948 0.0882950 0.0850613 0.0583268 0.0436755 0.0906445 0.0747979 0.0734760 0.0581087 0.0738212 0.0658111 0.0806374 0.1106014 0.0604409 0.0805771 0.0781216 0.0546823 0.0869134 0.0608742 0.0528554 0.0634767 0.0578576 0.0781378 0.0697712 0.0752103 0.0935977 0.0689933 0.0783209 0.0602947 0.0772279 0.0758185 0.0723322 0.0742918 0.0786025 0.1080131 0.0709471 0.1157789 0.0934505 0.0832069 0.0870980 0.0744857 0.0724061 0.1196325 0.0595257 0.1134866 0.0752845 0.0739950 0.0721427 0.0940937 0.0597186 0.0615386 0.1118374 0.0548739 0.0541293 0.0786905 0.0728709 0.0703488 0.0660484 0.0794980 0.0727649 0.0809075 0.0924978 0.0821517 0.0909144 0.0451637 0.0768991 0.0651788 0.0579198 0.0494825 0.0486126 0.0201532 0.0718657 0.0527909 0.0755386 0.0604131 0.0465970 0.0818506 0.0463976 0.0641100 0.0909297 0.0694882 0.0759738 0.0504798 0.0599442 0.0571761 0.0535035 0.0778908 0.0476346 0.0861396 0.0410651 0.0528602 0.0746743 0.0735490 0.0726349 0.0707361 0.0651066 0.0888288 0.0566891 0.0530718 0.0562016 0.0647988 
S0196sl       0.1755517 0.0622549 0.0000000 0.0773428 0.0562204 0.0789461 0.0684431 0.0728446 0.0422182 0.0835566 0.0906310 0.0915708 0.0733448 0.0663562 0.0665321 0.0704354 0.0664099 0.0678083 0.0802839 0.0757748 0.0666763 0.0817245 0.0774220 0.0691968 0.0844653 0.0694552 0.0107334 0.0757199 0.0727718 0.0780399 0.0600896 0.0718464 0.0770007 0.0732506 0.0689866 0.0679553 0.0849451 0.0663416 0.0783343 0.0643564 0.0742998 0.0652258 0.0727782 0.0316463 0.0720166 0.0926832 0.0736617 0.0689418 0.0581082 0.0769113 0.0737994 0.0122666 0.0818467 0.0146489 0.0115470 0.0769605 0.0427351 0.0648120 0.0855581 0.0664770 0.0667767 0.0486262 0.0573659 0.0795293 0.0665052 0.0737528 0.0837566 0.1011566 0.0384190 0.0925204 0.0935429 0.0822349 0.0698628 0.0749428 0.0761623 0.0985003 0.0091601 0.0950442 0.0796406 0.0651165 0.0701235 0.0837461 0.0840218 0.0470232 0.0937214 0.0720741 0.0715608 0.0642499 0.0599647 0.0712905 0.0637453 0.0687708 0.0639152 0.0693271 0.0792140 0.0682509 0.0674007 0.0701343 0.0736619 0.0662970 0.0430739 0.0754930 0.0706845 0.0584046 0.0576191 0.0796722 0.0615529 0.0533197 0.0357162 0.0692855 0.0625043 0.0154064 0.0680687 0.0392223 0.0702295 0.0801087 0.0509394 0.0614384 0.0760728 0.0742137 0.0684588 0.0731395 0.0615594 0.0624924 0.0766742 0.0705978 0.0712236 0.0716042 0.0539899 0.0917520 0.0250494 0.0575115 0.0674756 0.0547361 
S0278         0.1983311 0.0821909 0.0773428 0.0000000 0.0933766 0.0955869 0.1012561 0.0408413 0.0744040 0.0921258 0.1164959 0.0582430 0.1041316 0.1008413 0.0471854 0.1049998 0.0509127 0.0850659 0.1050294 0.1095420 0.0856447 0.0911041 0.0902971 0.0713774 0.1056661 0.0486214 0.0735379 0.0912025 0.0626726 0.1102121 0.0593241 0.0920969 0.0996948 0.1078563 0.1097448 0.0497864 0.1018735 0.0831866 0.0520023 0.0599957 0.0794747 0.0889456 0.1129133 0.0750459 0.1005204 0.1222981 0.0929617 0.1014160 0.1035048 0.0966978 0.1034302 0.0768014 0.0943277 0.0754131 0.0710316 0.0964766 0.0778416 0.0572097 0.1195555 0.0716420 0.0617921 0.0794649 0.0930169 0.0964001 0.0893509 0.0885468 0.0999911 0.1475606 0.0904000 0.1276393 0.1123074 0.1098843 0.1058040 0.0908186 0.0939913 0.1295182 0.0753785 0.1195120 0.0868160 0.0942317 0.0900861 0.1180919 0.1009811 0.0795976 0.1196658 0.0984173 0.0966551 0.0938451 0.0405627 0.0744478 0.0701980 0.1013254 0.0578769 0.0368254 0.1087208 0.1038159 0.1073536 0.0892441 0.1050222 0.0864076 0.0761934 0.0896865 0.0916880 0.0849546 0.0853784 0.0956643 0.0659135 0.0852536 0.0688832 0.0469188 0.0895133 0.0787884 0.0659946 0.0895694 0.0786141 0.0902279 0.0766918 0.0792361 0.0925290 0.0488044 0.0963088 0.0664315 0.0896847 0.0847543 0.0997736 0.0944991 0.0766853 0.0888655 0.0823976 0.1172836 0.0720209 0.0768621 0.0845587 0.0819676 
S0281         0.1952137 0.0731116 0.0562204 0.0933766 0.0000000 0.0876978 0.0802497 0.0898539 0.0607108 0.0893177 0.1143367 0.1008060 0.0869361 0.0834342 0.0888439 0.0879418 0.0853992 0.0731397 0.0855867 0.0883663 0.0812392 0.0862605 0.0838354 0.0937070 0.1010736 0.0853153 0.0485571 0.0823563 0.0871566 0.0966581 0.0784379 0.0822069 0.0917010 0.0883817 0.0976987 0.0880333 0.0927027 0.0751026 0.0976110 0.0815929 0.0888156 0.0747420 0.1101424 0.0449487 0.0855372 0.1209117 0.0866342 0.0840854 0.0966899 0.0798815 0.0924362 0.0505777 0.0869200 0.0505285 0.0487236 0.0795947 0.0504433 0.0798604 0.0973966 0.0828340 0.0845866 0.0656682 0.0749546 0.0847262 0.0706238 0.0745301 0.0794294 0.1443578 0.0567982 0.1252095 0.1050229 0.0913549 0.0879798 0.0753273 0.0709533 0.1211623 0.0491599 0.1246069 0.0833712 0.0777793 0.0806938 0.0986062 0.1008095 0.0665614 0.1226880 0.0943106 0.0955130 0.0771313 0.0834142 0.0835305 0.0819682 0.0841230 0.0799263 0.0869991 0.0965368 0.0864555 0.0977160 0.0829471 0.0832095 0.0755243 0.0634369 0.0824582 0.0771457 0.0704474 0.0697417 0.0881699 0.0896180 0.0607249 0.0546088 0.0861434 0.0869278 0.0534242 0.0990196 0.0567999 0.0894313 0.0841528 0.0633166 0.0682070 0.0866817 0.0861694 0.0856652 0.0940617 0.0798436 0.0753141 0.0865286 0.0850713 0.0853391 0.0696269 0.0679723 0.1134079 0.0461881 0.0636278 0.0828498 0.0707321 
S0282         0.2051606 0.0547366 0.0789461 0.0955869 0.0876978 0.0000000 0.0989363 0.0996426 0.0709734 0.0261126 0.0778886 0.1135628 0.1008987 0.1003410 0.0986096 0.1003459 0.0974859 0.0762589 0.1010704 0.1042278 0.0697745 0.0176451 0.0273374 0.1096645 0.0910475 0.0941757 0.0730444 0.0735814 0.1048489 0.1011923 0.0859018 0.0940069 0.0824931 0.1000637 0.1003004 0.1061123 0.0434412 0.0191075 0.1040459 0.0957542 0.0943540 0.0743575 0.0384094 0.0766889 0.0982036 0.1303411 0.0789002 0.0964075 0.0954325 0.0324542 0.1046010 0.0750129 0.0212367 0.0756388 0.0706910 0.0955260 0.0809142 0.0960100 0.1121533 0.0890824 0.0985094 0.0763753 0.0930659 0.0961594 0.0887899 0.0928207 0.0996372 0.1063470 0.0866068 0.1374693 0.1061787 0.0952736 0.0959761 0.0896403 0.0886336 0.1364951 0.0729230 0.1324762 0.0890271 0.0923793 0.0903230 0.1116408 0.0458878 0.0763305 0.1308798 0.0207539 0.0482076 0.0904008 0.0907134 0.0920480 0.0884108 0.0971422 0.0944527 0.0977417 0.1098524 0.1019618 0.1132455 0.0247109 0.0998014 0.0812166 0.0747640 0.0231834 0.0258591 0.0570913 0.0852722 0.0383419 0.0973734 0.0797106 0.0667252 0.1026414 0.0413885 0.0757123 0.1143695 0.0851178 0.0964353 0.0161091 0.0782209 0.0775265 0.0323190 0.0954933 0.0431774 0.1038475 0.0364278 0.0709643 0.0904594 0.0843764 0.0942882 0.0878932 0.0814449 0.1171177 0.0735428 0.0712895 0.0671734 0.0810021 
S0288         0.1893488 0.0779527 0.0684431 0.1012561 0.0802497 0.0989363 0.0000000 0.0993617 0.0719080 0.0978941 0.1237763 0.1065429 0.0164222 0.0522764 0.0956937 0.0181231 0.0911426 0.0834416 0.1006915 0.0156472 0.0813641 0.0980537 0.0895632 0.0987117 0.1028282 0.0907999 0.0666711 0.0871892 0.0957755 0.0193422 0.0896081 0.0962557 0.0972500 0.0571168 0.0236579 0.0966109 0.1043708 0.0862231 0.1028205 0.0832610 0.0939197 0.0863129 0.1192149 0.0734955 0.0156986 0.1297682 0.0941479 0.0170210 0.0910546 0.0935626 0.1118256 0.0665844 0.0949871 0.0672557 0.0623335 0.0976749 0.0772940 0.0823063 0.0631466 0.0884717 0.0920641 0.0700400 0.0273962 0.0997607 0.0905768 0.0917963 0.0933856 0.1569898 0.0802229 0.1262726 0.1094872 0.0682399 0.0653924 0.0945925 0.0910230 0.1336449 0.0658088 0.1330658 0.0824600 0.0943271 0.0862181 0.0629733 0.1026939 0.0764598 0.1318603 0.1038577 0.1016598 0.0830208 0.0891262 0.0902872 0.0853390 0.0161218 0.0840367 0.0881883 0.0675375 0.0137458 0.0189882 0.0918488 0.0540239 0.0845528 0.0738886 0.0945093 0.0859005 0.0828418 0.0828159 0.0990667 0.0818465 0.0748618 0.0603179 0.0915837 0.0928027 0.0673819 0.1032700 0.0808150 0.0960552 0.0954408 0.0731314 0.0764931 0.1006954 0.0929479 0.0939035 0.1034264 0.0868676 0.0838910 0.0904809 0.0925796 0.0935635 0.0885058 0.0740293 0.1146443 0.0641506 0.0724175 0.0891643 0.0798944 
S0289         0.1831377 0.0819158 0.0728446 0.0408413 0.0898539 0.0996426 0.0993617 0.0000000 0.0761032 0.0952123 0.1203702 0.0549621 0.0997746 0.0998245 0.0392027 0.0999720 0.0425186 0.0883498 0.1014168 0.1045607 0.0848510 0.0990319 0.0938013 0.0678050 0.1065056 0.0414570 0.0750944 0.0930794 0.0550636 0.1086347 0.0561799 0.0911178 0.0992200 0.1097386 0.1065565 0.0388470 0.1032543 0.0871946 0.0397850 0.0500025 0.0735197 0.0877467 0.1171311 0.0780074 0.0974626 0.1249722 0.0890431 0.0977117 0.1003304 0.0965660 0.1022015 0.0763339 0.0992442 0.0769795 0.0720277 0.0954884 0.0837109 0.0523293 0.1177588 0.0664743 0.0536322 0.0806389 0.0919957 0.0947252 0.0868517 0.0854058 0.0964400 0.1488051 0.0911487 0.1215739 0.1137616 0.1097330 0.1057185 0.0898269 0.0915121 0.1315992 0.0749624 0.1229875 0.0721739 0.0915421 0.0881836 0.1171409 0.1032109 0.0785368 0.1231659 0.1104260 0.0999872 0.0972682 0.0357312 0.0692414 0.0657049 0.0966930 0.0472247 0.0406899 0.1097021 0.1029626 0.1070119 0.0940680 0.1003531 0.0854627 0.0785813 0.0966733 0.0938026 0.0832011 0.0852691 0.0969871 0.0562899 0.0839917 0.0678059 0.0379588 0.0929480 0.0776657 0.0573405 0.0903094 0.0746882 0.0964675 0.0755618 0.0829007 0.0975891 0.0396872 0.0968853 0.0606312 0.0901967 0.0809104 0.0971315 0.0984496 0.0734699 0.0870068 0.0840905 0.1195422 0.0735687 0.0792173 0.0836151 0.0851724 
S0292         0.1940269 0.0547440 0.0422182 0.0744040 0.0607108 0.0709734 0.0719080 0.0761032 0.0000000 0.0710345 0.0889135 0.0855437 0.0722738 0.0685828 0.0761549 0.0728001 0.0677802 0.0472033 0.0681787 0.0796965 0.0584156 0.0676087 0.0656822 0.0670126 0.0807919 0.0653157 0.0417375 0.0679068 0.0767165 0.0736900 0.0610197 0.0652135 0.0741904 0.0743368 0.0667126 0.0778400 0.0730612 0.0582829 0.0805457 0.0672357 0.0735342 0.0624204 0.0840002 0.0499941 0.0719166 0.1095289 0.0667322 0.0692148 0.0680063 0.0651387 0.0698568 0.0441648 0.0689911 0.0447407 0.0394547 0.0659855 0.0556558 0.0636096 0.0834495 0.0650590 0.0693120 0.0361618 0.0633334 0.0666334 0.0592588 0.0633815 0.0714426 0.1196557 0.0514502 0.1166169 0.0917474 0.0732806 0.0722318 0.0599782 0.0613109 0.1182452 0.0422775 0.1131653 0.0763689 0.0646063 0.0579557 0.0822078 0.0773707 0.0300914 0.1115324 0.0667443 0.0695083 0.0449029 0.0599256 0.0692049 0.0649457 0.0692056 0.0638703 0.0671046 0.0840691 0.0720045 0.0746387 0.0596489 0.0693775 0.0540065 0.0150153 0.0636815 0.0640844 0.0518780 0.0349360 0.0699324 0.0694358 0.0153410 0.0055219 0.0726144 0.0608040 0.0460055 0.0752035 0.0520729 0.0732377 0.0651887 0.0278736 0.0463144 0.0668347 0.0707016 0.0641951 0.0774001 0.0564933 0.0596988 0.0640028 0.0558072 0.0726155 0.0564075 0.0398988 0.0959810 0.0403766 0.0430274 0.0629735 0.0397576 
S0293         0.2210714 0.0567713 0.0835566 0.0921258 0.0893177 0.0261126 0.0978941 0.0952123 0.0710345 0.0000000 0.0788912 0.0964963 0.1003996 0.0986091 0.0934465 0.0972662 0.0909601 0.0731490 0.1011579 0.1027321 0.0703472 0.0186836 0.0280026 0.1058485 0.0846115 0.0875232 0.0738591 0.0739602 0.0911462 0.1053755 0.0830386 0.0875269 0.0772879 0.0968649 0.1124962 0.1023740 0.0429473 0.0194932 0.0994408 0.0927130 0.0898149 0.0711548 0.0449162 0.0790086 0.0947419 0.1306379 0.0738245 0.0999198 0.0952784 0.0370128 0.0973215 0.0754640 0.0261257 0.0786317 0.0721240 0.0894756 0.0830364 0.0904697 0.1078715 0.0836432 0.0893417 0.0760654 0.0940818 0.0910731 0.0849471 0.0845091 0.0956429 0.1190695 0.0881393 0.1313401 0.1130280 0.0962031 0.1020669 0.0858314 0.0829065 0.1412074 0.0730948 0.1357321 0.0968237 0.0896589 0.0875721 0.1081299 0.0450702 0.0737720 0.1335146 0.0262810 0.0461895 0.0895192 0.0862133 0.0853196 0.0812504 0.0979035 0.0872287 0.0948929 0.1073046 0.0988700 0.1155695 0.0281276 0.0909704 0.0771421 0.0749661 0.0267874 0.0288556 0.0533716 0.0824500 0.0421856 0.0899355 0.0792310 0.0649385 0.0940591 0.0409737 0.0779310 0.1124529 0.0879529 0.0911322 0.0214288 0.0752550 0.0735581 0.0363431 0.0901208 0.0460209 0.0965919 0.0361033 0.0693820 0.0892391 0.0854925 0.0885641 0.0823973 0.0818213 0.1131153 0.0713952 0.0665001 0.0695807 0.0768824 
S0294         0.2456207 0.0697624 0.0906310 0.1164959 0.1143367 0.0778886 0.1237763 0.1203702 0.0889135 0.0788912 0.0000000 0.1301403 0.1219707 0.1179833 0.1187194 0.1214286 0.1157315 0.0970447 0.1306434 0.1294984 0.0923500 0.0733089 0.0673620 0.1160621 0.1037340 0.1141507 0.0947772 0.0965645 0.1181958 0.1210636 0.1089480 0.1027095 0.0950469 0.1221895 0.1164243 0.1215050 0.0800557 0.0656590 0.1242912 0.1105677 0.1157590 0.0924995 0.0972325 0.0965908 0.1184531 0.1429967 0.0949280 0.1182826 0.1195647 0.0824254 0.1180734 0.0968537 0.0724369 0.0981694 0.0914775 0.1079661 0.1030205 0.1043540 0.1253887 0.1073888 0.1112537 0.0968633 0.1093968 0.1037169 0.0988271 0.1029904 0.1145812 0.0708321 0.1067767 0.1480867 0.1156861 0.1091640 0.1123928 0.1041866 0.1003389 0.1474705 0.0946120 0.1426760 0.1135817 0.1057262 0.1092188 0.1216530 0.0802829 0.0881342 0.1411775 0.0758557 0.0813715 0.1096520 0.1075170 0.1100086 0.1060791 0.1070101 0.1043160 0.1165977 0.1264929 0.1193607 0.1225970 0.0689270 0.1019263 0.1041983 0.0888578 0.0711783 0.0734716 0.0700932 0.1023606 0.0729160 0.1085392 0.0997613 0.0811883 0.1194507 0.0735072 0.0996711 0.1309989 0.1065828 0.1154532 0.0719674 0.0895196 0.0933238 0.0770963 0.1148626 0.0718479 0.1177712 0.0680988 0.0901442 0.1141170 0.1091448 0.1120922 0.1017791 0.1013776 0.1242221 0.0901831 0.0887693 0.0910870 0.0994756 
S0299         0.2238930 0.0941927 0.0915708 0.0582430 0.1008060 0.1135628 0.1065429 0.0549621 0.0855437 0.0964963 0.1301403 0.0000000 0.1155281 0.1093939 0.0616647 0.1139592 0.0610885 0.0896603 0.1176199 0.1181698 0.0957495 0.1003369 0.1051397 0.0817358 0.1196761 0.0571814 0.0863727 0.1045750 0.0653767 0.1176889 0.0692977 0.1001683 0.1170878 0.1140556 0.1256473 0.0601722 0.1129672 0.0970537 0.0606628 0.0705169 0.0910857 0.1003287 0.1377673 0.0930624 0.1105146 0.1426494 0.1092911 0.1159209 0.1176226 0.1111794 0.1037035 0.0878718 0.1091701 0.0887207 0.0845993 0.1028047 0.0948937 0.0696269 0.1223277 0.0841852 0.0742717 0.0894302 0.1055240 0.1010090 0.0945040 0.0912919 0.1020693 0.1705746 0.1057736 0.1406642 0.1295680 0.1121833 0.1200939 0.0947615 0.0998142 0.1539594 0.0863580 0.1446302 0.0839244 0.0993942 0.0988534 0.1197232 0.1125948 0.0863824 0.1437436 0.1099008 0.1112288 0.1088653 0.0554198 0.0873707 0.0818168 0.1110646 0.0683480 0.0578192 0.1183802 0.1131200 0.1254505 0.1035404 0.1086150 0.0907214 0.0871729 0.1043536 0.1079630 0.0911941 0.0945903 0.1096849 0.0695655 0.0926539 0.0771057 0.0549301 0.1011335 0.0888084 0.0724769 0.1047571 0.0915393 0.1062155 0.0841049 0.0883578 0.1042253 0.0559555 0.1101743 0.0827382 0.0992303 0.0983753 0.1093263 0.1018655 0.0899791 0.0972312 0.0944473 0.1264650 0.0831192 0.0826129 0.0979644 0.0907834 
S0303         0.1875302 0.0832096 0.0733448 0.1041316 0.0869361 0.1008987 0.0164222 0.0997746 0.0722738 0.1003996 0.1219707 0.1155281 0.0000000 0.0501014 0.1012731 0.0082851 0.0943058 0.0860553 0.1030180 0.0116413 0.0856349 0.0986474 0.0918132 0.1103862 0.1013545 0.0899302 0.0701897 0.0925485 0.1054717 0.0233312 0.0921682 0.0979431 0.1028483 0.0602460 0.0044983 0.1029661 0.0990075 0.0872740 0.1027602 0.0908340 0.0959882 0.0914135 0.1167350 0.0757559 0.0111532 0.1278786 0.0962416 0.0033053 0.0931839 0.0992378 0.1114963 0.0688408 0.0994421 0.0734147 0.0663336 0.0997154 0.0778316 0.0892065 0.0629059 0.0912083 0.0958486 0.0760631 0.0291199 0.1042757 0.0929319 0.0948408 0.1022199 0.1569165 0.0852791 0.1270503 0.1185350 0.0660074 0.0622218 0.0980197 0.0919641 0.1310628 0.0694067 0.1315507 0.0920063 0.0959679 0.0901582 0.0625867 0.1020706 0.0784074 0.1298125 0.0991575 0.1030560 0.0870847 0.0923263 0.0935442 0.0884102 0.0072787 0.0922321 0.0940055 0.0702095 0.0186769 0.0228813 0.0936344 0.0542443 0.0839765 0.0733946 0.0961150 0.0949112 0.0844413 0.0861092 0.0995477 0.0876042 0.0805896 0.0612777 0.0996673 0.0944727 0.0687936 0.1097208 0.0858061 0.0979202 0.0953045 0.0767776 0.0783000 0.1015980 0.0967596 0.0948162 0.1040282 0.0904197 0.0876386 0.0946144 0.0964343 0.0965261 0.0919202 0.0790972 0.1141071 0.0685440 0.0754353 0.0912894 0.0822839 
S0308         0.1916690 0.0848572 0.0663562 0.1008413 0.0834342 0.1003410 0.0522764 0.0998245 0.0685828 0.0986091 0.1179833 0.1093939 0.0501014 0.0000000 0.0943612 0.0488345 0.0981823 0.0794021 0.1062984 0.0587072 0.0873088 0.0960415 0.0893606 0.0991146 0.1054320 0.0900937 0.0646573 0.0969418 0.1019064 0.0592988 0.0910752 0.0954593 0.0988614 0.0568454 0.0557147 0.1003679 0.1046894 0.0861371 0.1052170 0.0845016 0.0925853 0.0902270 0.1176814 0.0721642 0.0485219 0.1229478 0.0965766 0.0492041 0.0967921 0.0970984 0.1032878 0.0652879 0.0996169 0.0678378 0.0608602 0.0943496 0.0768712 0.0871971 0.0537607 0.0843464 0.0900777 0.0690925 0.0425835 0.1000438 0.0855764 0.0900370 0.1007314 0.1542306 0.0780700 0.1236178 0.1181970 0.0580388 0.0590052 0.0933530 0.0909094 0.1260711 0.0632442 0.1280368 0.1015342 0.0925152 0.0891996 0.0554095 0.1022030 0.0753248 0.1245633 0.0971945 0.0976372 0.0843949 0.0861526 0.0886851 0.0822574 0.0464350 0.0859562 0.0921020 0.0628297 0.0512242 0.0557400 0.0918246 0.0442243 0.0851140 0.0697472 0.0941232 0.0895563 0.0867495 0.0809580 0.0977356 0.0784659 0.0793774 0.0603918 0.0961794 0.0903916 0.0665837 0.1046273 0.0792771 0.0930717 0.0956586 0.0736961 0.0767442 0.1017570 0.0991637 0.0959370 0.0982252 0.0914705 0.0866439 0.0938401 0.0917450 0.0916494 0.0901140 0.0711863 0.1166096 0.0637128 0.0745588 0.0934812 0.0764356 
S0320         0.1988562 0.0827183 0.0665321 0.0471854 0.0888439 0.0986096 0.0956937 0.0392027 0.0761549 0.0934465 0.1187194 0.0616647 0.1012731 0.0943612 0.0000000 0.1007484 0.0481419 0.0864764 0.1031283 0.1032941 0.0876409 0.0958422 0.0916074 0.0641981 0.1045879 0.0528004 0.0726750 0.0951769 0.0636566 0.1060476 0.0603380 0.0920299 0.0994067 0.1063391 0.1073564 0.0495456 0.1019500 0.0865977 0.0503759 0.0539286 0.0765338 0.0873620 0.1154253 0.0789434 0.0984668 0.1192201 0.0876549 0.0999019 0.0943264 0.0999213 0.1068036 0.0739646 0.0985880 0.0732397 0.0689666 0.0956303 0.0831463 0.0568781 0.1122806 0.0707139 0.0563326 0.0814013 0.0879665 0.0978491 0.0891626 0.0892468 0.1000904 0.1446401 0.0871822 0.1207547 0.1064998 0.1036058 0.0970635 0.0915261 0.0933222 0.1259037 0.0718920 0.1188553 0.0775259 0.0946924 0.0848599 0.1101592 0.1011323 0.0779332 0.1174130 0.1067615 0.0986819 0.0966873 0.0449911 0.0734864 0.0679880 0.0925113 0.0536885 0.0471699 0.1070414 0.0995464 0.1024512 0.0920305 0.0945647 0.0879047 0.0773771 0.0953146 0.0909132 0.0847105 0.0865765 0.0964073 0.0571474 0.0865694 0.0699556 0.0398048 0.0930495 0.0752535 0.0650593 0.0863547 0.0763166 0.0944229 0.0779398 0.0797041 0.0961589 0.0508664 0.0942012 0.0660623 0.0888522 0.0810255 0.1003588 0.1002650 0.0771064 0.0907647 0.0864105 0.1128783 0.0711509 0.0766539 0.0884436 0.0860739 
S0322         0.1899939 0.0843077 0.0704354 0.1049998 0.0879418 0.1003459 0.0181231 0.0999720 0.0728001 0.0972662 0.1214286 0.1139592 0.0082851 0.0488345 0.1007484 0.0000000 0.0974377 0.0864778 0.1067218 0.0133238 0.0873673 0.0989134 0.0920598 0.1098132 0.1042535 0.0911208 0.0679417 0.0941757 0.1028983 0.0232945 0.0919662 0.0990590 0.1051470 0.0589586 0.0098300 0.1045443 0.1023201 0.0868843 0.1029376 0.0889341 0.0969134 0.0945580 0.1205023 0.0742595 0.0121568 0.1271913 0.0958177 0.0088060 0.0927832 0.0983692 0.1133050 0.0699804 0.0974865 0.0725730 0.0655771 0.1012772 0.0770106 0.0881596 0.0614777 0.0907463 0.0960951 0.0751905 0.0276260 0.1051657 0.0932298 0.0966049 0.1037152 0.1552760 0.0836029 0.1270955 0.1205832 0.0658534 0.0650822 0.0983283 0.0945288 0.1303396 0.0671749 0.1308197 0.0993380 0.0968197 0.0911618 0.0625774 0.1006100 0.0774488 0.1290983 0.1039335 0.1033235 0.0827792 0.0925042 0.0930523 0.0879885 0.0078577 0.0926602 0.0936028 0.0693765 0.0172953 0.0218983 0.0931712 0.0505183 0.0829942 0.0730918 0.0956729 0.0925567 0.0855630 0.0864603 0.0997818 0.0864164 0.0800714 0.0618688 0.0984789 0.0948296 0.0700183 0.1108550 0.0841251 0.0974457 0.0949471 0.0765387 0.0795278 0.1010957 0.0977674 0.0957852 0.1049964 0.0914384 0.0880519 0.0942388 0.0946125 0.0967019 0.0929132 0.0781835 0.1149429 0.0671324 0.0766140 0.0916006 0.0813327 
S0327         0.1924202 0.0795049 0.0664099 0.0509127 0.0853992 0.0974859 0.0911426 0.0425186 0.0677802 0.0909601 0.1157315 0.0610885 0.0943058 0.0981823 0.0481419 0.0974377 0.0000000 0.0807322 0.0977827 0.0963209 0.0797348 0.0933337 0.0900151 0.0660853 0.1048985 0.0487085 0.0670538 0.0893981 0.0595756 0.1030015 0.0574642 0.0863412 0.0955433 0.1040161 0.1041827 0.0433079 0.0993659 0.0841836 0.0386622 0.0531464 0.0702638 0.0843360 0.1132158 0.0725327 0.0938465 0.1206082 0.0888864 0.0938508 0.0946664 0.0940832 0.0984626 0.0696117 0.0954418 0.0702007 0.0666013 0.0870938 0.0778920 0.0529140 0.1114284 0.0659781 0.0581671 0.0730553 0.0867692 0.0883478 0.0807378 0.0787571 0.0874474 0.1455148 0.0839218 0.1178944 0.1057881 0.1042134 0.1046164 0.0841411 0.0863655 0.1243531 0.0675753 0.1202465 0.0730296 0.0881682 0.0861178 0.1100278 0.0979387 0.0758867 0.1195636 0.1000293 0.0953816 0.0876044 0.0413023 0.0687476 0.0637556 0.0940608 0.0497140 0.0458831 0.1085128 0.0969200 0.1039761 0.0903357 0.0984650 0.0785777 0.0723851 0.0914096 0.0898838 0.0781323 0.0808721 0.0947923 0.0557065 0.0770285 0.0603408 0.0412305 0.0897912 0.0709108 0.0640752 0.0831096 0.0728656 0.0926840 0.0717543 0.0753732 0.0951753 0.0409861 0.0931488 0.0637971 0.0859243 0.0801675 0.0948974 0.0907922 0.0723161 0.0822222 0.0793301 0.1094881 0.0688324 0.0697769 0.0805904 0.0790432 
S0335         0.1870988 0.0607619 0.0678083 0.0850659 0.0731397 0.0762589 0.0834416 0.0883498 0.0472033 0.0731490 0.0970447 0.0896603 0.0860553 0.0794021 0.0864764 0.0864778 0.0807322 0.0000000 0.0628149 0.0912270 0.0696603 0.0708146 0.0725671 0.0897460 0.0918926 0.0778703 0.0556243 0.0733772 0.0853518 0.0870045 0.0731840 0.0685098 0.0784907 0.0888884 0.0867267 0.0852850 0.0794247 0.0621175 0.0902595 0.0792670 0.0825389 0.0724570 0.0957219 0.0609413 0.0834929 0.1136926 0.0775068 0.0820133 0.0832681 0.0761167 0.0810356 0.0574595 0.0742613 0.0587206 0.0552003 0.0694469 0.0667632 0.0742740 0.0946230 0.0745509 0.0813429 0.0549566 0.0761209 0.0715947 0.0659994 0.0654754 0.0759183 0.1371880 0.0691706 0.1195534 0.0940704 0.0863697 0.0877302 0.0673700 0.0668350 0.1212032 0.0548983 0.1159198 0.0840547 0.0687438 0.0507922 0.0935202 0.0857317 0.0555479 0.1118888 0.0759620 0.0777489 0.0671567 0.0740840 0.0772896 0.0744627 0.0850242 0.0752236 0.0820306 0.0960366 0.0851212 0.0961428 0.0703104 0.0844890 0.0428602 0.0515061 0.0690274 0.0723044 0.0632704 0.0609460 0.0777188 0.0796260 0.0574497 0.0425220 0.0842069 0.0691649 0.0593630 0.0936204 0.0698237 0.0822195 0.0697609 0.0539567 0.0369396 0.0754647 0.0800824 0.0709186 0.0882341 0.0664769 0.0684732 0.0532397 0.0330620 0.0802221 0.0631063 0.0595829 0.1013162 0.0515570 0.0350233 0.0729870 0.0574540 
S0345         0.2352868 0.0852300 0.0802839 0.1050294 0.0855867 0.1010704 0.1006915 0.1014168 0.0681787 0.1011579 0.1306434 0.1176199 0.1030180 0.1062984 0.1031283 0.1067218 0.0977827 0.0628149 0.0000000 0.1078653 0.0926910 0.0998007 0.1000201 0.0995507 0.1170763 0.0976989 0.0769135 0.0948035 0.1053328 0.1106145 0.0921616 0.0860856 0.1064997 0.1113580 0.1012890 0.0946387 0.1053368 0.0879784 0.1098382 0.0954853 0.1040690 0.0875221 0.0982124 0.0831176 0.1032277 0.1314411 0.1035861 0.0991700 0.0933246 0.0951955 0.0877731 0.0785795 0.0991437 0.0793519 0.0737559 0.0935523 0.0885369 0.0927730 0.1139924 0.0967237 0.1021633 0.0784081 0.0927361 0.0902168 0.0836384 0.0870052 0.0895330 0.1207259 0.0882361 0.1354912 0.1165886 0.1056133 0.1159312 0.0863331 0.0876358 0.1380687 0.0767355 0.1358548 0.0989998 0.0897051 0.0622465 0.1143288 0.1077174 0.0748473 0.1354059 0.1011912 0.1071635 0.0871742 0.0983442 0.0959379 0.0948925 0.1004984 0.0881760 0.1000345 0.1153663 0.1048902 0.1013287 0.0963156 0.0977541 0.0372738 0.0704203 0.0943655 0.0919399 0.0881697 0.0832816 0.0986814 0.0991585 0.0737573 0.0634545 0.1046814 0.0975599 0.0802459 0.1050824 0.0873530 0.1037332 0.0959930 0.0710302 0.0520277 0.1009623 0.1017176 0.0990105 0.1091724 0.0889321 0.0900322 0.0168203 0.0647820 0.1015322 0.0851499 0.0793970 0.1322464 0.0757661 0.0484963 0.0935394 0.0835567 
S0355         0.1965667 0.0841758 0.0757748 0.1095420 0.0883663 0.1042278 0.0156472 0.1045607 0.0796965 0.1027321 0.1294984 0.1181698 0.0116413 0.0587072 0.1032941 0.0133238 0.0963209 0.0912270 0.1078653 0.0000000 0.0897430 0.1033758 0.0968366 0.1128720 0.1056816 0.0971578 0.0727605 0.0957492 0.1103162 0.0276198 0.0958304 0.1030058 0.1081294 0.0657072 0.0157708 0.1034121 0.1080592 0.0916605 0.1071696 0.0932036 0.1015617 0.0924140 0.1272735 0.0797552 0.0121951 0.1351341 0.0995068 0.0128334 0.0976451 0.0976393 0.1172309 0.0734614 0.1010997 0.0747652 0.0685361 0.1052255 0.0820465 0.0930983 0.0707819 0.0968874 0.1004412 0.0792679 0.0345185 0.1107052 0.0972215 0.0978284 0.1019934 0.1554424 0.0862290 0.1314363 0.1173203 0.0751185 0.0734740 0.1014087 0.0963023 0.1398006 0.0718973 0.1384045 0.0963155 0.1035868 0.0971364 0.0718912 0.1087630 0.0848929 0.1372359 0.1069895 0.1092850 0.0933174 0.0982361 0.0994874 0.0938441 0.0118618 0.0948388 0.0991492 0.0722843 0.0223148 0.0289722 0.0979816 0.0619525 0.0906826 0.0816370 0.1007707 0.0935788 0.0869374 0.0912558 0.1052153 0.0919543 0.0815389 0.0674701 0.1015403 0.0998647 0.0734601 0.1123537 0.0868026 0.1052265 0.0991454 0.0809031 0.0848461 0.1083482 0.0975311 0.0992015 0.1109955 0.0939153 0.0922776 0.0989817 0.1026257 0.1018875 0.0961964 0.0802569 0.1223233 0.0709648 0.0793021 0.0942786 0.0861346 
S0376         0.1821880 0.0548423 0.0666763 0.0856447 0.0812392 0.0697745 0.0813641 0.0848510 0.0584156 0.0703472 0.0923500 0.0957495 0.0856349 0.0873088 0.0876409 0.0873673 0.0797348 0.0696603 0.0926910 0.0897430 0.0000000 0.0681460 0.0626652 0.0922407 0.0822978 0.0799218 0.0629681 0.0294702 0.0900205 0.0928410 0.0765139 0.0776030 0.0742424 0.0939901 0.0939355 0.0879974 0.0727266 0.0560127 0.0906508 0.0803749 0.0832584 0.0603110 0.0860501 0.0696579 0.0851502 0.1213279 0.0685298 0.0843433 0.0845863 0.0672871 0.0905012 0.0649147 0.0665054 0.0667828 0.0626079 0.0791551 0.0749001 0.0781864 0.1003285 0.0773550 0.0826243 0.0636418 0.0809735 0.0790857 0.0729298 0.0762803 0.0835723 0.1287996 0.0769072 0.1232132 0.0987207 0.0969886 0.0893096 0.0777070 0.0778154 0.1255929 0.0622720 0.1211921 0.0962997 0.0780163 0.0781712 0.1012700 0.0739805 0.0643954 0.1210435 0.0718684 0.0723192 0.0811866 0.0758277 0.0801982 0.0752875 0.0832774 0.0751035 0.0861166 0.1002715 0.0867684 0.0936460 0.0611916 0.0875224 0.0708543 0.0621194 0.0625741 0.0614599 0.0577241 0.0777731 0.0633756 0.0805979 0.0663296 0.0536383 0.0840433 0.0650520 0.0668303 0.0949884 0.0767860 0.0837336 0.0640405 0.0654382 0.0677980 0.0675106 0.0833004 0.0681819 0.0895069 0.0605126 0.0563638 0.0826234 0.0799864 0.0845824 0.0712965 0.0690222 0.1023880 0.0620911 0.0635758 0.0252077 0.0687742 
S0400         0.2475161 0.0505936 0.0817245 0.0911041 0.0862605 0.0176451 0.0980537 0.0990319 0.0676087 0.0186836 0.0733089 0.1003369 0.0986474 0.0960415 0.0958422 0.0989134 0.0933337 0.0708146 0.0998007 0.1033758 0.0681460 0.0000000 0.0227101 0.1095605 0.0829028 0.0891191 0.0703831 0.0700104 0.0935109 0.1002005 0.0839406 0.0897808 0.0787330 0.0998546 0.1035169 0.1047745 0.0371783 0.0132587 0.1025316 0.0935000 0.0955210 0.0689560 0.0366119 0.0797856 0.0939275 0.1336356 0.0753807 0.0957205 0.0989654 0.0285949 0.0999683 0.0725827 0.0163723 0.0741330 0.0685220 0.0908227 0.0836968 0.0923426 0.1090400 0.0877068 0.0926245 0.0747506 0.0939062 0.0914609 0.0848879 0.0892231 0.0961709 0.1123278 0.0848817 0.1354555 0.1079353 0.0899755 0.0955740 0.0849621 0.0845080 0.1423319 0.0711187 0.1361043 0.0921962 0.0887015 0.0881757 0.1083932 0.0385652 0.0717946 0.1339304 0.0145230 0.0417147 0.0891225 0.0870763 0.0909324 0.0860792 0.0975255 0.0896803 0.0956370 0.1106879 0.0997365 0.1158133 0.0202447 0.0966227 0.0777609 0.0723311 0.0170108 0.0222092 0.0496059 0.0811024 0.0323581 0.0922550 0.0776981 0.0623796 0.0988696 0.0345218 0.0741972 0.1112983 0.0847059 0.0951608 0.0125437 0.0716568 0.0721517 0.0287719 0.0900988 0.0375566 0.0966043 0.0298992 0.0679761 0.0887884 0.0821878 0.0917964 0.0846210 0.0803931 0.1124014 0.0693452 0.0652790 0.0644204 0.0777863 
S0405         0.1996197 0.0498933 0.0774220 0.0902971 0.0838354 0.0273374 0.0895632 0.0938013 0.0656822 0.0280026 0.0673620 0.1051397 0.0918132 0.0893606 0.0916074 0.0920598 0.0900151 0.0725671 0.1000201 0.0968366 0.0626652 0.0227101 0.0000000 0.0969017 0.0766828 0.0858234 0.0701600 0.0678032 0.0997274 0.0903532 0.0795830 0.0868805 0.0714125 0.0933048 0.0972298 0.0963440 0.0404599 0.0114602 0.1014378 0.0872189 0.0868860 0.0626976 0.0416362 0.0738629 0.0891296 0.1224684 0.0678438 0.0910703 0.0945598 0.0320567 0.1004188 0.0714791 0.0255156 0.0720887 0.0676839 0.0871708 0.0800359 0.0869808 0.1050794 0.0820744 0.0895353 0.0705951 0.0871404 0.0883442 0.0812443 0.0849763 0.0976641 0.0990244 0.0837944 0.1281949 0.0938243 0.0886576 0.0887599 0.0834497 0.0807367 0.1301018 0.0686981 0.1246047 0.0900968 0.0842772 0.0809879 0.1038508 0.0392352 0.0692527 0.1229485 0.0246037 0.0453442 0.0890955 0.0844127 0.0843800 0.0799387 0.0904424 0.0853728 0.0891378 0.1027883 0.0921340 0.1033899 0.0207317 0.0915698 0.0766039 0.0696356 0.0238646 0.0189846 0.0524247 0.0792047 0.0351036 0.0889711 0.0749871 0.0594407 0.0914633 0.0375800 0.0714671 0.1034320 0.0836442 0.0887917 0.0225767 0.0690036 0.0709741 0.0321128 0.0891961 0.0389169 0.0948498 0.0332689 0.0612315 0.0855121 0.0793766 0.0843058 0.0803228 0.0763862 0.1105400 0.0678387 0.0640263 0.0653355 0.0767680 
S0407sl       0.1550466 0.0840882 0.0691968 0.0713774 0.0937070 0.1096645 0.0987117 0.0678050 0.0670126 0.1058485 0.1160621 0.0817358 0.1103862 0.0991146 0.0641981 0.1098132 0.0660853 0.0897460 0.0995507 0.1128720 0.0922407 0.1095605 0.0969017 0.0000000 0.1066956 0.0484685 0.0711804 0.1001390 0.0651505 0.1067909 0.0557456 0.0990373 0.0985017 0.1036113 0.1095785 0.0695473 0.1095906 0.0891035 0.0740043 0.0705385 0.0862116 0.0874963 0.1009882 0.0748703 0.1034380 0.1214786 0.0969846 0.1050890 0.0890903 0.1053249 0.0982131 0.0718730 0.1022161 0.0720127 0.0685198 0.1007348 0.0777636 0.0736791 0.1192765 0.0739134 0.0720549 0.0774572 0.0952904 0.1011316 0.0911511 0.0988050 0.1114810 0.1328085 0.0890098 0.1179435 0.1136550 0.1099080 0.1063263 0.1026470 0.1012405 0.1322055 0.0691586 0.1265328 0.0882954 0.0894120 0.0903707 0.1149609 0.1087277 0.0766319 0.1239431 0.1011982 0.0944749 0.0971266 0.0504708 0.0769051 0.0721351 0.1059377 0.0709494 0.0642924 0.1099476 0.0996005 0.0970508 0.0938858 0.1044616 0.0900617 0.0717341 0.0978924 0.0985820 0.0848311 0.0836712 0.1031796 0.0666347 0.0774177 0.0619997 0.0630791 0.0873256 0.0745719 0.0156872 0.0910409 0.0796107 0.1053773 0.0763608 0.0809941 0.1014455 0.0591791 0.0946582 0.0807037 0.0898050 0.0876291 0.0986917 0.0888379 0.0807970 0.0986242 0.0824368 0.1237049 0.0727154 0.0756220 0.0901741 0.0841240 
S0412sl       0.2262795 0.0704037 0.0844653 0.1056661 0.1010736 0.0910475 0.1028282 0.1065056 0.0807919 0.0846115 0.1037340 0.1196761 0.1013545 0.1054320 0.1045879 0.1042535 0.1048985 0.0918926 0.1170763 0.1056816 0.0822978 0.0829028 0.0766828 0.1066956 0.0000000 0.0966116 0.0857689 0.0869139 0.1045347 0.1117540 0.0929598 0.0978973 0.0710470 0.1066624 0.1046136 0.1079831 0.0891867 0.0754693 0.1130624 0.0975429 0.1006980 0.0703009 0.0999710 0.0847913 0.1010748 0.1361303 0.0515229 0.1001892 0.1021246 0.0906599 0.1114741 0.0878410 0.0881970 0.0899354 0.0846991 0.1003407 0.0912144 0.0979900 0.1129431 0.0926758 0.1020713 0.0844630 0.0969142 0.1041737 0.0965193 0.0960438 0.1069749 0.1282848 0.1017266 0.1383082 0.1109222 0.1080449 0.1036331 0.0986887 0.0951779 0.1451904 0.0863851 0.1370362 0.0979200 0.1001928 0.0999982 0.1086501 0.0893550 0.0910534 0.1344630 0.0809531 0.0886841 0.0990710 0.0962388 0.0966791 0.0945419 0.0922356 0.0961306 0.1068254 0.1113001 0.1039362 0.1105699 0.0816588 0.0969332 0.0964929 0.0799368 0.0819040 0.0819974 0.0701797 0.0902763 0.0826008 0.0973165 0.0872368 0.0727997 0.1073404 0.0775669 0.0878190 0.1146674 0.1024394 0.1027538 0.0847736 0.0893529 0.0847680 0.0902001 0.1020090 0.0801783 0.1066350 0.0727829 0.0681573 0.1062658 0.1054150 0.1002813 0.0940970 0.0881381 0.1242222 0.0826683 0.0825424 0.0824076 0.0908049 
S0417         0.2151092 0.0771136 0.0694552 0.0486214 0.0853153 0.0941757 0.0907999 0.0414570 0.0653157 0.0875232 0.1141507 0.0571814 0.0899302 0.0900937 0.0528004 0.0911208 0.0487085 0.0778703 0.0976989 0.0971578 0.0799218 0.0891191 0.0858234 0.0484685 0.0966116 0.0000000 0.0673858 0.0878616 0.0488120 0.0880552 0.0458994 0.0880566 0.0903185 0.0935369 0.0831295 0.0545068 0.0969400 0.0809696 0.0561269 0.0574775 0.0677699 0.0810607 0.1099333 0.0704159 0.0879404 0.1209677 0.0828378 0.0894231 0.0947560 0.0913420 0.0979375 0.0694308 0.0920312 0.0700778 0.0669920 0.0874573 0.0731328 0.0539339 0.1027016 0.0590498 0.0595006 0.0707916 0.0808485 0.0895320 0.0805257 0.0851932 0.0937982 0.1498971 0.0805980 0.1211722 0.0909704 0.0966168 0.0863954 0.0829797 0.0860229 0.1271547 0.0679938 0.1190330 0.0431906 0.0872110 0.0815051 0.0985726 0.0930201 0.0689303 0.1189126 0.0791193 0.0926581 0.0873594 0.0351922 0.0603664 0.0581963 0.0894463 0.0553317 0.0496872 0.0968797 0.0950065 0.0954261 0.0874356 0.0880800 0.0762521 0.0665810 0.0862413 0.0883949 0.0767640 0.0747823 0.0907355 0.0568073 0.0744177 0.0574041 0.0487686 0.0844502 0.0707343 0.0475201 0.0797588 0.0668052 0.0890443 0.0686761 0.0745977 0.0918266 0.0431735 0.0888036 0.0640510 0.0841442 0.0765418 0.0898803 0.0885349 0.0661705 0.0804103 0.0751200 0.1109128 0.0637726 0.0700810 0.0801100 0.0762735 
S0419         0.1870432 0.0602808 0.0107334 0.0735379 0.0485571 0.0730444 0.0666711 0.0750944 0.0417375 0.0738591 0.0947772 0.0863727 0.0701897 0.0646573 0.0726750 0.0679417 0.0670538 0.0556243 0.0769135 0.0727605 0.0629681 0.0703831 0.0701600 0.0711804 0.0857689 0.0673858 0.0000000 0.0720102 0.0735084 0.0728392 0.0637533 0.0671186 0.0783771 0.0717080 0.0716211 0.0727615 0.0774248 0.0630037 0.0802689 0.0652904 0.0719445 0.0639304 0.0907471 0.0334855 0.0691382 0.1010158 0.0720073 0.0664321 0.0736017 0.0724737 0.0773531 0.0065174 0.0745178 0.0081615 0.0065564 0.0679716 0.0407969 0.0618222 0.0831702 0.0657541 0.0690405 0.0449750 0.0569707 0.0712849 0.0599733 0.0653114 0.0712927 0.1261593 0.0346474 0.1023665 0.0932232 0.0787981 0.0715385 0.0639093 0.0646492 0.1037665 0.0048636 0.1029031 0.0729468 0.0673005 0.0619345 0.0827965 0.0822348 0.0469070 0.1014671 0.0727705 0.0738384 0.0584399 0.0625784 0.0685134 0.0642474 0.0638649 0.0651189 0.0717759 0.0798581 0.0672753 0.0738915 0.0677081 0.0702147 0.0598841 0.0433889 0.0686117 0.0660581 0.0572583 0.0532370 0.0756282 0.0679347 0.0497229 0.0352618 0.0718362 0.0659039 0.0092698 0.0776047 0.0352408 0.0713013 0.0713446 0.0478516 0.0521214 0.0729878 0.0725988 0.0664422 0.0754979 0.0613812 0.0605738 0.0699543 0.0657354 0.0699931 0.0604200 0.0487870 0.0942579 0.0205748 0.0481765 0.0655554 0.0492266 
S0427         0.1925695 0.0616924 0.0757199 0.0912025 0.0823563 0.0735814 0.0871892 0.0930794 0.0679068 0.0739602 0.0965645 0.1045750 0.0925485 0.0969418 0.0951769 0.0941757 0.0893981 0.0733772 0.0948035 0.0957492 0.0294702 0.0700104 0.0678032 0.1001390 0.0869139 0.0878616 0.0720102 0.0000000 0.0997882 0.0970680 0.0852580 0.0835683 0.0806234 0.0953838 0.0989017 0.0971271 0.0786023 0.0609216 0.0996857 0.0843262 0.0892251 0.0633027 0.0874190 0.0769432 0.0913360 0.1248101 0.0742822 0.0911844 0.0898303 0.0705221 0.0926133 0.0739529 0.0694959 0.0752117 0.0709672 0.0858563 0.0803095 0.0834185 0.1088759 0.0831816 0.0871530 0.0725930 0.0876783 0.0857919 0.0793609 0.0830394 0.0902302 0.1321317 0.0834986 0.1303961 0.1048872 0.1024660 0.0940339 0.0836378 0.0824978 0.1289998 0.0705799 0.1254174 0.0953933 0.0841424 0.0833245 0.1083740 0.0791945 0.0720213 0.1245522 0.0710067 0.0754912 0.0879921 0.0824521 0.0860865 0.0811201 0.0890264 0.0810753 0.0929621 0.1052745 0.0907555 0.1027746 0.0667989 0.0942788 0.0786828 0.0697291 0.0648959 0.0646676 0.0625803 0.0852143 0.0690904 0.0854056 0.0733159 0.0624623 0.0943791 0.0675365 0.0752661 0.1005944 0.0826855 0.0903884 0.0664531 0.0731325 0.0727542 0.0741176 0.0923274 0.0719396 0.0943358 0.0654931 0.0605527 0.0912192 0.0851660 0.0904329 0.0757795 0.0781466 0.1067274 0.0677961 0.0692007 0.0312647 0.0746176 
S0428sl       0.2444310 0.0838855 0.0727718 0.0626726 0.0871566 0.1048489 0.0957755 0.0550636 0.0767165 0.0911462 0.1181958 0.0653767 0.1054717 0.1019064 0.0636566 0.1028983 0.0595756 0.0853518 0.1053328 0.1103162 0.0900205 0.0935109 0.0997274 0.0651505 0.1045347 0.0488120 0.0735084 0.0997882 0.0000000 0.1036450 0.0498283 0.0977379 0.1050164 0.1066903 0.1144128 0.0621556 0.1065241 0.0909226 0.0674112 0.0702349 0.0809133 0.0912968 0.1199072 0.0777913 0.1001912 0.1237558 0.0952704 0.1050611 0.1023896 0.1033447 0.1086277 0.0766848 0.1057457 0.0800283 0.0725639 0.0994405 0.0835174 0.0673617 0.1133512 0.0706110 0.0709252 0.0791944 0.0926000 0.0951926 0.0922615 0.0935533 0.1024758 0.1591718 0.0907792 0.1193437 0.1140421 0.1038068 0.1040958 0.0899405 0.0918165 0.1328178 0.0742707 0.1246243 0.0692199 0.0983277 0.0883933 0.1106914 0.1043193 0.0809970 0.1212998 0.1027174 0.1047188 0.0961096 0.0507712 0.0722032 0.0666177 0.0944552 0.0619069 0.0637430 0.1084349 0.1011987 0.1082619 0.0969907 0.0907796 0.0850860 0.0800236 0.0997324 0.1027501 0.0849639 0.0814086 0.1007809 0.0659632 0.0838804 0.0694400 0.0628299 0.0950296 0.0767979 0.0639006 0.0905962 0.0772237 0.0997307 0.0743743 0.0837338 0.0948112 0.0554290 0.0984724 0.0796658 0.0915596 0.0895641 0.0968057 0.0974496 0.0765187 0.0912154 0.0834307 0.1163726 0.0694297 0.0760558 0.0900823 0.0822712 
