74
S0055      0.0000000 0.1012413 0.0562896 0.1061809 0.0636621 0.0797335 0.1106334 0.1117329 0.0906658 0.0457915 0.0458513 0.0625512 0.0634582 0.0684267 0.0556278 0.0874983 0.0691952 0.0685668 0.0858460 0.0728031 0.1251336 0.0928085 0.1626672 0.0755769 0.0267597 0.0458513 0.0928772 0.1017769 0.0893675 0.0986673 0.0998212 0.0783311 0.1200720 0.1063164 0.0562123 0.1129695 0.0403233 0.0452955 0.0737731 0.0842595 0.0510681 0.0990689 0.0932575 0.0634366 0.0403233 0.0681114 0.0456626 0.0878022 0.0670718 0.0806778 0.0533923 0.0512196 0.0868127 0.1004418 0.0927476 0.0567971 0.0978136 0.0987770 0.0318462 0.0924008 0.0348723 0.0677295 0.0405639 0.0619425 0.1133213 0.0874357 0.0944248 0.0801946 0.0925761 0.0902224 0.1045283 0.1047246 0.0677446 0.1132754 
S0278      0.1012413 0.0000000 0.1199928 0.1409033 0.0468216 0.0953311 0.1562241 0.1388676 0.1371931 0.1018352 0.1081144 0.1240676 0.0526038 0.1355338 0.0386233 0.0896277 0.1304011 0.1358679 0.0519181 0.1136201 0.1421413 0.1190099 0.1891558 0.1319565 0.0511018 0.1081144 0.1205396 0.1315854 0.1241983 0.0889182 0.1139562 0.0923970 0.1293618 0.1222848 0.1073431 0.1219457 0.1012150 0.1066626 0.0875421 0.1372246 0.1140600 0.1229598 0.1151163 0.0768619 0.1012150 0.1203479 0.1204491 0.0918082 0.1073226 0.0967597 0.0805826 0.1144677 0.1139788 0.1021473 0.1188661 0.1212601 0.1083364 0.1141319 0.0622420 0.0684050 0.0944003 0.0811117 0.0894549 0.1019380 0.1233295 0.1211468 0.1211066 0.0950383 0.1075729 0.1202798 0.1201564 0.1315121 0.1341432 0.1297623 
S0282      0.0562896 0.1199928 0.0000000 0.1124610 0.0808149 0.0793772 0.0794017 0.1176981 0.0905190 0.0195191 0.0195434 0.0805789 0.0805514 0.0570365 0.0615128 0.1055519 0.0689882 0.0510310 0.0917063 0.0795898 0.1186148 0.0926180 0.1698644 0.0812441 0.0157500 0.0195434 0.0868243 0.1144934 0.1075874 0.1044893 0.0936294 0.0966239 0.1394277 0.1247601 0.0615239 0.1319826 0.0145077 0.0504941 0.0792977 0.0903707 0.0244897 0.1114159 0.0990698 0.0689521 0.0145077 0.0401704 0.0619322 0.0876322 0.0724650 0.0863431 0.0588580 0.0509951 0.0808411 0.1063746 0.1108226 0.0296982 0.0975238 0.1046016 0.0154247 0.1103958 0.0399859 0.0621169 0.0296475 0.0797823 0.1193763 0.1054628 0.1128648 0.0858218 0.0983423 0.1022473 0.0983546 0.1119010 0.0619982 0.1193366 
S0288      0.1061809 0.1409033 0.1124610 0.0000000 0.1086636 0.0862843 0.1584476 0.0050990 0.0052688 0.1000291 0.1001802 0.0856278 0.1021687 0.1065985 0.0884609 0.1223792 0.0867603 0.1286720 0.1282201 0.0994268 0.1140356 0.0221486 0.1759859 0.0877062 0.0600737 0.1001802 0.1003094 0.0898247 0.1090392 0.1075827 0.1079376 0.0922058 0.1456122 0.1226794 0.0991322 0.1374236 0.0931334 0.0987860 0.1003886 0.0650309 0.0995575 0.0807706 0.0934072 0.0749634 0.0931334 0.1276955 0.1242968 0.1106351 0.1119653 0.0818885 0.0641415 0.1002266 0.0937112 0.0884633 0.1581415 0.1136865 0.1210221 0.1009804 0.0795701 0.1289596 0.0861798 0.0933018 0.0937934 0.0946042 0.1232643 0.1001501 0.1507290 0.0885540 0.1008535 0.1109423 0.1090406 0.1039826 0.0852391 0.1001965 
S0289      0.0636621 0.0468216 0.0808149 0.1086636 0.0000000 0.0759182 0.1256537 0.1090870 0.0931213 0.0696376 0.0697333 0.0894631 0.0149608 0.0883161 0.0214713 0.0822587 0.0892503 0.0945398 0.0352081 0.0758942 0.1073059 0.0955733 0.1498808 0.0902386 0.0215323 0.0697333 0.0876638 0.1111931 0.1027990 0.0816201 0.0816010 0.0730624 0.1021793 0.1010296 0.0807131 0.0953342 0.0636492 0.0688455 0.0466160 0.0937404 0.0752752 0.1081367 0.0823876 0.0472194 0.0636492 0.0810474 0.0928328 0.0720764 0.0923806 0.0768336 0.0552025 0.0697583 0.0816141 0.0704223 0.0690893 0.0815979 0.0881777 0.0817179 0.0266932 0.0299375 0.0576412 0.0409693 0.0640541 0.0645549 0.0956219 0.0943348 0.0880669 0.0638936 0.0640710 0.0792576 0.0814931 0.0980528 0.0933703 0.1079425 
S0292      0.0797335 0.0953311 0.0793772 0.0862843 0.0759182 0.0000000 0.1376339 0.1069198 0.0918143 0.0683990 0.0567008 0.0940504 0.0693661 0.0988320 0.0558381 0.0807532 0.0938305 0.0928156 0.0920510 0.0798769 0.1052705 0.0871997 0.1854604 0.0948609 0.0324180 0.0684913 0.0860587 0.1084851 0.0635948 0.0573711 0.0927923 0.0597984 0.1270388 0.0731541 0.0852217 0.1197783 0.0625251 0.0734020 0.0625145 0.0921151 0.0739351 0.1055716 0.0507665 0.0245148 0.0625251 0.0921810 0.1094141 0.0356576 0.0968136 0.0510546 0.0099160 0.0687232 0.0801324 0.0815398 0.1236404 0.0801323 0.0613942 0.0558845 0.0432749 0.0987508 0.0622611 0.0623274 0.0629157 0.0687063 0.0680498 0.0672038 0.1259579 0.0625587 0.0620160 0.0839127 0.0857919 0.0670944 0.0978430 0.0921322 
S0294      0.1106334 0.1562241 0.0794017 0.1584476 0.1256537 0.1376339 0.0000000 0.1614593 0.1465745 0.0797364 0.0798452 0.1328446 0.1252150 0.1315330 0.1286392 0.1691334 0.1197726 0.0912525 0.1655059 0.1379895 0.1597686 0.1509852 0.2002612 0.1340784 0.0743052 0.0798452 0.1337469 0.1661772 0.1726507 0.1672903 0.1556432 0.1610822 0.1904959 0.1912865 0.0921528 0.1819760 0.0736909 0.1036285 0.1224706 0.1388789 0.0737993 0.1614160 0.1541965 0.1264636 0.0736909 0.0911427 0.1104967 0.1351383 0.1040164 0.1265967 0.1161344 0.1047721 0.1403497 0.1705801 0.1746007 0.0860066 0.1451264 0.1674321 0.0787687 0.1382070 0.0917325 0.1175867 0.0799744 0.1383392 0.1710169 0.1689121 0.1569197 0.1454328 0.1535988 0.1393834 0.1602126 0.1627833 0.1051463 0.1646507 
S0303      0.1117329 0.1388676 0.1176981 0.0050990 0.1090870 0.1069198 0.1614593 0.0000000 0.0049742 0.1058924 0.1060439 0.0920586 0.1085744 0.1246197 0.0958827 0.1279037 0.0991812 0.1332009 0.1334408 0.1119605 0.1198632 0.0210589 0.1941123 0.1002709 0.0690554 0.1060439 0.1136904 0.0968125 0.1302028 0.1137008 0.1212525 0.1078248 0.1570112 0.1437644 0.0989467 0.1490464 0.0992940 0.1046444 0.1067725 0.0667992 0.1054193 0.0879426 0.1141870 0.0958852 0.0992940 0.1322456 0.1289118 0.1103137 0.1110439 0.0830813 0.0860906 0.1122687 0.1072348 0.1092495 0.1689507 0.1189165 0.1201488 0.1219248 0.0809037 0.1341749 0.0926246 0.0999455 0.0999628 0.1074795 0.1444530 0.1209434 0.1629970 0.1016772 0.1072485 0.1260014 0.1219599 0.1166520 0.0975594 0.1071303 
S0355      0.0906658 0.1371931 0.0905190 0.0052688 0.0931213 0.0918143 0.1465745 0.0049742 0.0000000 0.0787359 0.0788496 0.0713570 0.0932777 0.0976595 0.0795451 0.1127279 0.0775904 0.1052738 0.1184273 0.0908443 0.0984737 0.0161308 0.1635735 0.0848064 0.0521688 0.0788496 0.0860486 0.0746131 0.1148002 0.0985737 0.0995889 0.0917437 0.1418769 0.1284715 0.0901021 0.1339392 0.0723593 0.0777559 0.0917010 0.0445023 0.0783800 0.0664449 0.0990025 0.0805314 0.0723593 0.1045063 0.1080324 0.1078192 0.1024089 0.0798901 0.0702578 0.0849440 0.0797274 0.0938497 0.1401870 0.0914473 0.1179907 0.1066497 0.0640449 0.1190864 0.0718051 0.0849198 0.0723705 0.0860680 0.1290881 0.0993431 0.1410333 0.0802014 0.0921071 0.1103413 0.0938062 0.1038458 0.0833831 0.0982521 
S0400      0.0457915 0.1018352 0.0195191 0.1000291 0.0696376 0.0683990 0.0797364 0.1058924 0.0787359 0.0000000 0.0097135 0.0694394 0.0694119 0.0573864 0.0556166 0.0879999 0.0692764 0.0405877 0.0747920 0.0799258 0.1067137 0.0867858 0.1635687 0.0700047 0.0000020 0.0097135 0.0755325 0.1024490 0.0957039 0.0871219 0.0940440 0.0847444 0.1270971 0.1127881 0.0509769 0.1198361 0.0048067 0.0401634 0.0683394 0.0786025 0.0146074 0.0997061 0.0875550 0.0580065 0.0048067 0.0299514 0.0621831 0.0762369 0.0617633 0.0751117 0.0478671 0.0405575 0.0696564 0.0946260 0.0991816 0.0196810 0.0861949 0.0930647 0.0051092 0.0988050 0.0298166 0.0623693 0.0146816 0.0687513 0.0939605 0.0938277 0.1009960 0.0746650 0.0869179 0.0903489 0.0869276 0.1052939 0.0623793 0.1073420 
S0405      0.0458513 0.1081144 0.0195434 0.1001802 0.0697333 0.0567008 0.0798452 0.1060439 0.0788496 0.0097135 0.0000000 0.0695346 0.0695070 0.0574632 0.0619058 0.0810920 0.0693712 0.0406404 0.0805737 0.0800351 0.0934268 0.0869136 0.1638314 0.0701014 0.0052231 0.0097255 0.0633982 0.1025987 0.0826192 0.0802967 0.0812151 0.0718450 0.1272855 0.0993231 0.0510435 0.1200116 0.0048126 0.0402151 0.0684315 0.0787158 0.0146255 0.0998479 0.0749960 0.0464973 0.0048126 0.0299897 0.0622658 0.0639802 0.0618448 0.0630476 0.0364657 0.0406101 0.0577242 0.0817041 0.0993219 0.0197058 0.0738549 0.0803918 0.0051158 0.0989443 0.0298545 0.0624524 0.0196740 0.0688446 0.0940072 0.0810381 0.1011415 0.0626845 0.0744642 0.0904800 0.0744712 0.0975229 0.0624625 0.0939476 
S0412sl    0.0625512 0.1240676 0.0805789 0.0856278 0.0894631 0.0940504 0.1328446 0.0920586 0.0713570 0.0694394 0.0695346 0.0000000 0.0891596 0.0940387 0.0823181 0.1076529 0.0353624 0.0942471 0.1131075 0.0740219 0.1124432 0.0865289 0.1697323 0.0412653 0.0445834 0.0695346 0.1063993 0.0954434 0.0965586 0.1142252 0.1137235 0.1063957 0.1352337 0.1355840 0.0632369 0.1277512 0.0634723 0.0574014 0.0877198 0.0598296 0.0691407 0.0926684 0.0946290 0.0770266 0.0634723 0.0935940 0.0913237 0.0966878 0.0745025 0.0884526 0.0667228 0.0752994 0.1000964 0.1019410 0.1337509 0.0813569 0.1127024 0.1143477 0.0559677 0.1137062 0.0574850 0.0812789 0.0638750 0.0751471 0.1164136 0.1134428 0.1279796 0.0946194 0.0880883 0.1122302 0.1203779 0.1237816 0.0799030 0.1181288 
S0417      0.0634582 0.0526038 0.0805514 0.1021687 0.0149608 0.0693661 0.1252150 0.1085744 0.0932777 0.0694119 0.0695070 0.0891596 0.0000000 0.0940122 0.0158444 0.0755290 0.0889481 0.0942205 0.0406767 0.0750689 0.0999747 0.0886125 0.1480100 0.0836283 0.0159846 0.0695070 0.0808573 0.1035355 0.0954616 0.0749517 0.0749378 0.0663155 0.0948934 0.0938453 0.0804501 0.0882462 0.0634454 0.0686254 0.0407976 0.0932880 0.0750305 0.1007343 0.0756471 0.0413165 0.0634454 0.0807824 0.0925254 0.0654423 0.0920759 0.0701859 0.0488684 0.0752716 0.0749492 0.0639605 0.0739234 0.0813292 0.0813233 0.0691331 0.0211398 0.0353057 0.0574590 0.0353003 0.0638478 0.0638580 0.0885062 0.0873368 0.0752118 0.0632100 0.0691478 0.0788514 0.0806044 0.0831636 0.0930594 0.1005478 
S0427      0.0684267 0.1355338 0.0570365 0.1065985 0.0883161 0.0988320 0.1315330 0.1246197 0.0976595 0.0573864 0.0574632 0.0940387 0.0940122 0.0000000 0.0811933 0.1202487 0.0819529 0.0810534 0.1115043 0.0928619 0.1471094 0.0998170 0.1644727 0.0826548 0.0442815 0.0574632 0.1129479 0.1363393 0.1226338 0.1190021 0.1204369 0.1114047 0.1420016 0.1403315 0.0738354 0.1343913 0.0516699 0.0623073 0.0925043 0.0906810 0.0628367 0.1325598 0.1134368 0.0819108 0.0516699 0.0806273 0.0914784 0.1007757 0.0852033 0.1000554 0.0783033 0.0521635 0.1065477 0.1212169 0.1130458 0.0688485 0.1176216 0.1064415 0.0493819 0.1251220 0.0513868 0.0860571 0.0575594 0.0752882 0.1348359 0.1201328 0.1280180 0.0874906 0.1125754 0.0970739 0.1125918 0.0996013 0.0458701 0.1348152 
S0478      0.0556278 0.0386233 0.0615128 0.0884609 0.0214713 0.0558381 0.1286392 0.0958827 0.0795451 0.0556166 0.0619058 0.0823181 0.0158444 0.0811933 0.0000000 0.0561578 0.0821099 0.0876969 0.0320040 0.0677386 0.0867880 0.0744508 0.1290930 0.0830646 0.0110343 0.0619058 0.0613305 0.0904984 0.0824951 0.0557086 0.0612266 0.0579860 0.0883522 0.0748602 0.0734062 0.0814208 0.0556166 0.0551305 0.0376603 0.0795522 0.0677061 0.0747110 0.0562901 0.0325465 0.0556166 0.0801541 0.0797155 0.0574277 0.0855903 0.0502587 0.0395992 0.0618220 0.0612354 0.0498641 0.0605275 0.0618167 0.0742012 0.0558228 0.0165849 0.0434738 0.0436166 0.0318999 0.0501029 0.0500315 0.0567488 0.0682869 0.0616232 0.0438471 0.0615614 0.0585094 0.0670647 0.0669935 0.0803162 0.0943083 
S0552sl    0.0874983 0.0896277 0.1055519 0.1223792 0.0822587 0.0807532 0.1691334 0.1279037 0.1127279 0.0879999 0.0810920 0.1076529 0.0755290 0.1202487 0.0561578 0.0000000 0.1074004 0.1205326 0.0748000 0.0986739 0.1048354 0.1008046 0.1762782 0.1086145 0.0504846 0.0881621 0.0856995 0.1229143 0.0761799 0.0299188 0.0924047 0.0536697 0.1262118 0.1000719 0.1054335 0.1190022 0.0874775 0.0928013 0.0860130 0.1058849 0.0934832 0.1195374 0.0934543 0.0632821 0.0874775 0.1134750 0.1182936 0.0889649 0.1177066 0.0809508 0.0662245 0.1001387 0.0797960 0.0811924 0.1182039 0.1066270 0.0919138 0.0809643 0.0615044 0.1054394 0.0810011 0.0737974 0.0760964 0.1001138 0.1008875 0.0864106 0.1064924 0.0679221 0.0684338 0.1258260 0.0923818 0.0835776 0.1190252 0.0864693 
S0558      0.0691952 0.1304011 0.0689882 0.0867603 0.0892503 0.0938305 0.1197726 0.0991812 0.0775904 0.0692764 0.0693712 0.0353624 0.0889481 0.0819529 0.0821099 0.1074004 0.0000000 0.0940265 0.1128450 0.0809216 0.1121833 0.0876505 0.1621370 0.0408648 0.0444699 0.0693712 0.1061522 0.1019417 0.1108233 0.1139577 0.1010639 0.0990039 0.1349175 0.1352666 0.0630888 0.1274531 0.0633234 0.0626955 0.0875147 0.0657279 0.0689801 0.0929544 0.0944065 0.0768428 0.0633234 0.0933762 0.0740332 0.0964565 0.0743298 0.0882442 0.0730899 0.0751232 0.0998634 0.1016995 0.1334410 0.0811668 0.0988750 0.1140799 0.0558272 0.1134411 0.0573504 0.0695794 0.0637243 0.0880712 0.1161359 0.1071004 0.1276805 0.0943971 0.0878815 0.0977678 0.1200976 0.1065128 0.0867007 0.1260122 
S0641      0.0685668 0.1358679 0.0510310 0.1286720 0.0945398 0.0928156 0.0912525 0.1332009 0.1052738 0.0405877 0.0406404 0.0942471 0.0942205 0.0810534 0.0876969 0.1205326 0.0940265 0.0000000 0.1181136 0.1050654 0.1191408 0.1144295 0.1775289 0.0950609 0.0383246 0.0406404 0.1008483 0.1155543 0.1229288 0.1192799 0.1207217 0.1116717 0.1331244 0.1406763 0.0627941 0.1257737 0.0351824 0.0624322 0.0796091 0.1117087 0.0458318 0.1124230 0.1137003 0.0820878 0.0351824 0.0626990 0.0976961 0.1080434 0.0739769 0.1002799 0.0717996 0.0567628 0.0945768 0.1215057 0.1259227 0.0514873 0.1182367 0.1127846 0.0374965 0.1254155 0.0514875 0.0862409 0.0407092 0.0802380 0.1351664 0.1204159 0.1283274 0.0996480 0.1128346 0.1174689 0.1128511 0.1295721 0.0802373 0.1351461 
S0645sl    0.0858460 0.0519181 0.0917063 0.1282201 0.0352081 0.0920510 0.1655059 0.1334408 0.1184273 0.0747920 0.0805737 0.1131075 0.0406767 0.1115043 0.0320040 0.0748000 0.1128450 0.1181136 0.0000000 0.0979401 0.1240276 0.1140316 0.1682046 0.1141196 0.0213028 0.0749277 0.1039420 0.1156002 0.1197173 0.0742330 0.0977768 0.0898094 0.1190013 0.1053795 0.1033973 0.1119693 0.0743605 0.0910474 0.0620864 0.1117521 0.0861430 0.1124624 0.0987217 0.0628916 0.0743605 0.1050569 0.0920274 0.0826021 0.1154002 0.0931706 0.0716726 0.0982040 0.0977939 0.0865618 0.1025755 0.0926038 0.0926044 0.0979186 0.0318649 0.0559576 0.0794945 0.0562756 0.0746756 0.0864037 0.1062368 0.1107987 0.1044139 0.0855232 0.0917734 0.1029480 0.1036209 0.1036228 0.1166647 0.1247900 
S0689      0.0728031 0.1136201 0.0795898 0.0994268 0.0758942 0.0798769 0.1379895 0.1119605 0.0908443 0.0799258 0.0800351 0.0740219 0.0750689 0.0928619 0.0677386 0.0986739 0.0809216 0.1050654 0.0979401 0.0000000 0.1175358 0.0801074 0.1611166 0.0757555 0.0497720 0.0800351 0.0977804 0.0880436 0.1142868 0.0988588 0.0927861 0.0908060 0.1253336 0.1189569 0.0909861 0.1181916 0.0738680 0.0790225 0.0739025 0.0905424 0.0855671 0.0978876 0.0934363 0.0635457 0.0738680 0.1043407 0.1034128 0.0761923 0.1026842 0.0691912 0.0478965 0.0743700 0.0917171 0.0933524 0.1174045 0.0919785 0.0919787 0.0989689 0.0548185 0.1047481 0.0677731 0.0568467 0.0743379 0.0405566 0.1135558 0.1045127 0.1181179 0.0689318 0.0927520 0.0786269 0.0869753 0.0910147 0.1037845 0.0996407 
S0720      0.1251336 0.1421413 0.1186148 0.1140356 0.1073059 0.1052705 0.1597686 0.1198632 0.0984737 0.1067137 0.0934268 0.1124432 0.0999747 0.1471094 0.0867880 0.1048354 0.1121833 0.1191408 0.1240276 0.1175358 0.0000000 0.1152999 0.1624715 0.1070067 0.0685031 0.1068675 0.0570069 0.1235285 0.1213462 0.0990809 0.0623784 0.0910161 0.1111086 0.1054839 0.1243836 0.1100433 0.1000560 0.1177366 0.0850789 0.1121902 0.1062334 0.1058231 0.0856197 0.0750440 0.1000560 0.1333025 0.1426516 0.1145328 0.1370570 0.0996658 0.0846722 0.1257478 0.0406982 0.0517634 0.1300167 0.1198539 0.1241671 0.0862611 0.0741017 0.1246872 0.0933270 0.0918130 0.1070392 0.1131177 0.1059278 0.0856173 0.1243971 0.0866161 0.0858292 0.1334311 0.0688675 0.0902078 0.1386342 0.1106617 
S0724sl    0.0928085 0.1190099 0.0926180 0.0221486 0.0955733 0.0871997 0.1509852 0.0210589 0.0161308 0.0867858 0.0869136 0.0865289 0.0886125 0.0998170 0.0744508 0.1008046 0.0876505 0.1144295 0.1140316 0.0801074 0.1152999 0.0000000 0.1761582 0.0885067 0.0607271 0.0869136 0.0939996 0.0702508 0.1102596 0.0940004 0.0949815 0.0859415 0.1376257 0.1240690 0.0926660 0.1296345 0.0801421 0.0857229 0.0870955 0.0585435 0.0864929 0.0743880 0.1092645 0.0757605 0.0801421 0.1135726 0.1190088 0.0902441 0.0927782 0.0758973 0.0648575 0.0932656 0.0874715 0.0891574 0.1429585 0.0999996 0.1075791 0.1020880 0.0661492 0.1150335 0.0734596 0.0679429 0.0806973 0.0814138 0.1311801 0.1012394 0.1346802 0.0749244 0.0952798 0.1123966 0.0945776 0.0998728 0.0854253 0.1018359 
S0735      0.1626672 0.1891558 0.1698644 0.1759859 0.1498808 0.1854604 0.2002612 0.1941123 0.1635735 0.1635687 0.1638314 0.1697323 0.1480100 0.1644727 0.1290930 0.1762782 0.1621370 0.1775289 0.1682046 0.1611166 0.1624715 0.1761582 0.0000000 0.1701671 0.1147027 0.1638314 0.1603973 0.1750756 0.2139111 0.1927724 0.1533200 0.1789628 0.0709214 0.1938848 0.1699262 0.0647007 0.1554758 0.1619100 0.1429841 0.1476231 0.1488626 0.1866986 0.1672169 0.1479774 0.1554758 0.1797680 0.1674492 0.1912924 0.1844615 0.1642124 0.1557179 0.1569891 0.1603973 0.1546546 0.1701347 0.1792966 0.2021679 0.1608502 0.1277756 0.1701480 0.1542562 0.1308284 0.1638817 0.1562583 0.1785512 0.1598881 0.1713396 0.1620679 0.1606235 0.1910579 0.1849834 0.1628132 0.1789704 0.1742656 
S0742      0.0755769 0.1319565 0.0812441 0.0877062 0.0902386 0.0948609 0.1340784 0.1002709 0.0848064 0.0700047 0.0701014 0.0412653 0.0836283 0.0826548 0.0830646 0.1086145 0.0408648 0.0950609 0.1141196 0.0757555 0.1070067 0.0885067 0.1701671 0.0000000 0.0449523 0.0701014 0.1073374 0.1173599 0.1107709 0.1152590 0.1147482 0.1009523 0.1365137 0.1368704 0.0696036 0.1289386 0.0639807 0.0635413 0.0884644 0.0731351 0.0697014 0.1075155 0.0954507 0.0776759 0.0639807 0.0943956 0.0920859 0.0968785 0.0811119 0.0770777 0.0739016 0.0759196 0.1009682 0.1028481 0.1219765 0.0820366 0.1137082 0.1027633 0.0564387 0.1147299 0.0579373 0.0819569 0.0643900 0.0890337 0.1160815 0.1144615 0.1161944 0.0954405 0.0951539 0.0928401 0.1152230 0.1076250 0.0757309 0.1209839 
S0756      0.0267597 0.0511018 0.0157500 0.0600737 0.0215323 0.0324180 0.0743052 0.0690554 0.0521688 0.0000020 0.0052231 0.0445834 0.0159846 0.0442815 0.0110343 0.0504846 0.0444699 0.0383246 0.0213028 0.0497720 0.0685031 0.0607271 0.1147027 0.0449523 0.0000000 0.0052231 0.0501911 0.0705022 0.0573747 0.0500743 0.0562287 0.0462676 0.0823495 0.0684256 0.0321756 0.0755050 0.0000020 0.0265662 0.0267226 0.0525022 0.0052016 0.0623747 0.0382979 0.0159574 0.0000020 0.0212453 0.0377080 0.0335539 0.0433453 0.0442718 0.0164788 0.0269293 0.0442930 0.0506523 0.0614936 0.0158900 0.0441754 0.0497661 0.0000021 0.0381124 0.0157670 0.0211274 0.0051918 0.0384028 0.0505043 0.0560451 0.0626261 0.0382971 0.0439434 0.0580633 0.0558909 0.0599030 0.0380487 0.0689473 
S0763      0.0458513 0.1081144 0.0195434 0.1001802 0.0697333 0.0684913 0.0798452 0.1060439 0.0788496 0.0097135 0.0097255 0.0695346 0.0695070 0.0574632 0.0619058 0.0881621 0.0693712 0.0406404 0.0749277 0.0800351 0.1068675 0.0869136 0.1638314 0.0701014 0.0052231 0.0000000 0.0756373 0.1025987 0.0958423 0.0872811 0.0941776 0.0848674 0.1272855 0.1129514 0.0510435 0.1200116 0.0048126 0.0402151 0.0684315 0.0787158 0.0146255 0.0998479 0.0876781 0.0580849 0.0048126 0.0299897 0.0622658 0.0763434 0.0618448 0.0752151 0.0479324 0.0406101 0.0697522 0.0947613 0.0993219 0.0197058 0.0863142 0.0931955 0.0051158 0.0989443 0.0298545 0.0624524 0.0196740 0.0688446 0.1075492 0.0939607 0.1011415 0.0747673 0.0870392 0.0904800 0.0870489 0.0975229 0.0624625 0.1074980 
S0770      0.0928772 0.1205396 0.0868243 0.1003094 0.0876638 0.0860587 0.1337469 0.1136904 0.0860486 0.0755325 0.0633982 0.1063993 0.0808573 0.1129479 0.0613305 0.0856995 0.1061522 0.1008483 0.1039420 0.0977804 0.0570069 0.0939996 0.1603973 0.1073374 0.0501911 0.0756373 0.0000000 0.1026033 0.1008567 0.0801483 0.0350299 0.0653997 0.1131145 0.0991529 0.0985479 0.1120116 0.0694416 0.0861942 0.0795929 0.0922693 0.0812329 0.0926317 0.0926058 0.0572731 0.0694416 0.1001426 0.1111336 0.0882558 0.1105878 0.0813077 0.0657066 0.0933080 0.0145771 0.0352205 0.1099638 0.0757699 0.1104184 0.0802433 0.0552758 0.1108693 0.0633221 0.0734388 0.0757628 0.0932849 0.0936292 0.0683461 0.0914614 0.0683471 0.0743232 0.1176160 0.0514669 0.0901286 0.1118048 0.0867018 
S0888      0.1017769 0.1315854 0.1144934 0.0898247 0.1111931 0.1084851 0.1661772 0.0968125 0.0746131 0.1024490 0.1025987 0.0954434 0.1035355 0.1363393 0.0904984 0.1229143 0.1019417 0.1155543 0.1156002 0.0880436 0.1235285 0.0702508 0.1750756 0.1173599 0.0705022 0.1025987 0.1026033 0.0000000 0.1251420 0.1167728 0.1162474 0.1014858 0.1302441 0.1253181 0.1205361 0.1227549 0.0957466 0.1072326 0.1018055 0.0687951 0.1085518 0.0305896 0.1240488 0.0908218 0.0957466 0.1227060 0.1280130 0.1052041 0.1268867 0.0970451 0.0685543 0.1151019 0.0962055 0.1041764 0.1641015 0.1157023 0.1016820 0.1168994 0.0756527 0.1296097 0.0948852 0.0949898 0.0889518 0.0837601 0.1467596 0.1097048 0.1580950 0.0966446 0.1101561 0.1135737 0.1167723 0.1261278 0.1203627 0.1229336 
S0959      0.0893675 0.1241983 0.1075874 0.1090392 0.1027990 0.0635948 0.1726507 0.1302028 0.1148002 0.0957039 0.0826192 0.0965586 0.0954616 0.1226338 0.0824951 0.0761799 0.1108233 0.1229288 0.1197173 0.1142868 0.1213462 0.1102596 0.2139111 0.1107709 0.0573747 0.0958423 0.1008567 0.1251420 0.0000000 0.0638623 0.1081060 0.0430679 0.1585584 0.0761404 0.1011291 0.1504977 0.0891424 0.0945640 0.0818353 0.1080054 0.1017188 0.1216448 0.0697614 0.0523594 0.0891424 0.1152023 0.1337929 0.0776093 0.1135197 0.0819447 0.0488635 0.1020750 0.0945828 0.0963249 0.1407478 0.0950772 0.0930507 0.0693560 0.0691499 0.1271503 0.0825255 0.0873393 0.0897464 0.1020492 0.0812932 0.0815002 0.1435115 0.0578497 0.0693833 0.1140269 0.1005366 0.0836051 0.1132288 0.0995727 
S0960      0.0986673 0.0889182 0.1044893 0.1075827 0.0816201 0.0573711 0.1672903 0.1137008 0.0985737 0.0871219 0.0802967 0.1142252 0.0749517 0.1190021 0.0557086 0.0299188 0.1139577 0.1192799 0.0742330 0.0988588 0.0990809 0.0940004 0.1927724 0.1152590 0.0500743 0.0872811 0.0801483 0.1167728 0.0638623 0.0000000 0.0867565 0.0368330 0.1333469 0.0810217 0.1043725 0.1259733 0.0866099 0.0918819 0.0624889 0.0997459 0.0987936 0.1135691 0.0747855 0.0461505 0.0866099 0.1123088 0.1298495 0.0702189 0.1165110 0.0629486 0.0482386 0.0991282 0.0742943 0.0755876 0.1297617 0.1055418 0.0735898 0.0629595 0.0610067 0.1046152 0.0802071 0.0677364 0.0753459 0.0871989 0.0816632 0.0747854 0.1322091 0.0563712 0.0511925 0.1050410 0.0798995 0.0685539 0.1178023 0.0805121 
S1083      0.0998212 0.1139562 0.0936294 0.1079376 0.0816010 0.0927923 0.1556432 0.1212525 0.0995889 0.0940440 0.0812151 0.1137235 0.0749378 0.1204369 0.0612266 0.0924047 0.1010639 0.1207217 0.0977768 0.0927861 0.0623784 0.0949815 0.1533200 0.1147482 0.0562287 0.0941776 0.0350299 0.1162474 0.1081060 0.0867565 0.0000000 0.0719201 0.1066795 0.0929797 0.1055952 0.1056451 0.0876113 0.0929425 0.0746199 0.0996017 0.0999503 0.1054774 0.0865438 0.0633771 0.0876113 0.1198590 0.1187543 0.1015128 0.1178874 0.0939307 0.0722570 0.1002932 0.0298309 0.0195967 0.1037277 0.1067923 0.1177060 0.0743731 0.0612992 0.1045743 0.0695981 0.0684919 0.0881941 0.1002682 0.0996630 0.0626559 0.0854841 0.0746724 0.0808016 0.1108897 0.0685418 0.0829877 0.1192100 0.0935085 
S1129sl    0.0783311 0.0923970 0.0966239 0.0922058 0.0730624 0.0597984 0.1610822 0.1078248 0.0917437 0.0847444 0.0718450 0.1063957 0.0663155 0.1114047 0.0579860 0.0536697 0.0990039 0.1116717 0.0898094 0.0908060 0.0910161 0.0859415 0.1789628 0.1009523 0.0462676 0.0848674 0.0653997 0.1014858 0.0430679 0.0368330 0.0719201 0.0000000 0.1193905 0.0601422 0.0965068 0.1119715 0.0782703 0.0837294 0.0537017 0.0981227 0.0844653 0.0986355 0.0661631 0.0369919 0.0782703 0.1045466 0.1159686 0.0674141 0.1089865 0.0541073 0.0443061 0.0910633 0.0595288 0.0605793 0.1153363 0.0841888 0.0647820 0.0541172 0.0515803 0.0905807 0.0717586 0.0533630 0.0787998 0.0788164 0.0790751 0.0544689 0.1102725 0.0475376 0.0422042 0.0819504 0.0598411 0.0580967 0.1102318 0.0657998 
S1148      0.1200720 0.1293618 0.1394277 0.1456122 0.1021793 0.1270388 0.1904959 0.1570112 0.1418769 0.1270971 0.1272855 0.1352337 0.0948934 0.1420016 0.0883522 0.1262118 0.1349175 0.1331244 0.1190013 0.1253336 0.1111086 0.1376257 0.0709214 0.1365137 0.0823495 0.1272855 0.1131145 0.1302441 0.1585584 0.1333469 0.1066795 0.1193905 0.0000000 0.1341601 0.1392965 0.0048262 0.1200378 0.1195649 0.0919460 0.1419100 0.1333655 0.1477388 0.1073073 0.0948663 0.1200378 0.1413116 0.1532195 0.1374513 0.1524385 0.1287208 0.1059958 0.1275178 0.1066997 0.0950629 0.1531374 0.1409445 0.1543648 0.1064077 0.0873844 0.1263815 0.1069937 0.0989011 0.1208832 0.1142037 0.1215173 0.1181654 0.1410637 0.1196273 0.1266662 0.1497182 0.1335162 0.1215613 0.1405473 0.1456807 
S1201sl    0.1063164 0.1222848 0.1247601 0.1226794 0.1010296 0.0731541 0.1912865 0.1437644 0.1284715 0.1127881 0.0993231 0.1355840 0.0938453 0.1403315 0.0748602 0.1000719 0.1352666 0.1406763 0.1053795 0.1189569 0.1054839 0.1240690 0.1938848 0.1368704 0.0684256 0.1129514 0.0991529 0.1253181 0.0761404 0.0810217 0.0929797 0.0601422 0.1341601 0.0000000 0.1246337 0.1267470 0.1060437 0.0992921 0.0861749 0.1284982 0.1188628 0.1218126 0.0456198 0.0455495 0.1060437 0.1264027 0.1383522 0.0940631 0.1373268 0.0809970 0.0531550 0.1192867 0.0929957 0.0817056 0.1426564 0.1260725 0.1040533 0.0348786 0.0801630 0.1183188 0.0992199 0.0859005 0.1067684 0.1067986 0.0570054 0.0456230 0.1453809 0.0633896 0.0684727 0.1122395 0.0988428 0.0479392 0.1389095 0.0995106 
S1211      0.0562123 0.1073431 0.0615239 0.0991322 0.0807131 0.0852217 0.0921528 0.0989467 0.0901021 0.0509769 0.0510435 0.0632369 0.0804501 0.0738354 0.0734062 0.1054335 0.0630888 0.0627941 0.1033973 0.0909861 0.1243836 0.0926660 0.1699262 0.0696036 0.0321756 0.0510435 0.0985479 0.1205361 0.1011291 0.1043725 0.1055952 0.0965068 0.1392965 0.1246337 0.0000000 0.1318536 0.0454486 0.0504234 0.0791988 0.0781251 0.0455126 0.1047983 0.0926974 0.0688606 0.0454486 0.0734960 0.0782214 0.0758112 0.0297751 0.0688873 0.0650502 0.0564505 0.0924311 0.1062549 0.1107027 0.0620824 0.0855352 0.1044856 0.0428385 0.0980381 0.0399282 0.0730818 0.0457205 0.0796824 0.1002618 0.1053445 0.1127419 0.0857172 0.0807320 0.1021276 0.1102661 0.1038100 0.0619149 0.1007119 
S1223      0.1129695 0.1219457 0.1319826 0.1374236 0.0953342 0.1197783 0.1819760 0.1490464 0.1339392 0.1198361 0.1200116 0.1277512 0.0882462 0.1343913 0.0814208 0.1190022 0.1274531 0.1257737 0.1119693 0.1181916 0.1100433 0.1296345 0.0647007 0.1289386 0.0755050 0.1200116 0.1120116 0.1227549 0.1504977 0.1259733 0.1056451 0.1119715 0.0048262 0.1267470 0.1318536 0.0000000 0.1129386 0.1124990 0.0855351 0.1339686 0.1260051 0.1400509 0.1004359 0.0882202 0.1129386 0.1337424 0.1454999 0.1298138 0.1447643 0.1213381 0.0988520 0.1202311 0.1056647 0.0941419 0.1454150 0.1333941 0.1465629 0.0996047 0.0805462 0.1191654 0.1059537 0.0923114 0.1137219 0.1071745 0.1143069 0.1111928 0.1335043 0.1125495 0.1194247 0.1415851 0.1321879 0.1131586 0.1330201 0.1381149 
S1227      0.0403233 0.1012150 0.0145077 0.0931334 0.0636492 0.0625251 0.0736909 0.0992940 0.0723593 0.0048067 0.0048126 0.0634723 0.0634454 0.0516699 0.0556166 0.0874775 0.0633234 0.0351824 0.0743605 0.0738680 0.1000560 0.0801421 0.1554758 0.0639807 0.0000020 0.0048126 0.0694416 0.0957466 0.0891424 0.0866099 0.0876113 0.0782703 0.1200378 0.1060437 0.0454486 0.1129386 0.0000000 0.0348185 0.0624754 0.0722346 0.0096508 0.0932077 0.0812553 0.0522227 0.0000010 0.0247296 0.0564584 0.0700844 0.0560807 0.0690558 0.0421317 0.0351556 0.0636646 0.0881463 0.0927250 0.0146264 0.0800056 0.0867107 0.0000022 0.0923785 0.0246201 0.0566273 0.0146037 0.0628466 0.1006857 0.0874150 0.0944012 0.0686516 0.0806714 0.0838211 0.0806797 0.0975229 0.0566326 0.1006297 
S1235sl    0.0452955 0.1066626 0.0504941 0.0987860 0.0688455 0.0734020 0.1036285 0.1046444 0.0777559 0.0401634 0.0402151 0.0574014 0.0686254 0.0623073 0.0551305 0.0928013 0.0626955 0.0624322 0.0910474 0.0790225 0.1177366 0.0857229 0.1619100 0.0635413 0.0265662 0.0402151 0.0861942 0.1072326 0.0945640 0.0918819 0.0929425 0.0837294 0.1195649 0.0992921 0.0504234 0.1124990 0.0348185 0.0000000 0.0675765 0.0775088 0.0453513 0.1043858 0.0865395 0.0573555 0.0348185 0.0620224 0.0613722 0.0811599 0.0610870 0.0742559 0.0533397 0.0349654 0.0802563 0.0935106 0.0980250 0.0509410 0.0968215 0.0919861 0.0316189 0.0976583 0.0194433 0.0616802 0.0350228 0.0568404 0.1061109 0.0927318 0.0997974 0.0738197 0.0859172 0.0892683 0.0976411 0.0967235 0.0616895 0.1060591 
S1250sl    0.0737731 0.0875421 0.0792977 0.1003886 0.0466160 0.0625145 0.1224706 0.1067725 0.0917010 0.0683394 0.0684315 0.0877198 0.0407976 0.0925043 0.0376603 0.0860130 0.0875147 0.0796091 0.0620864 0.0739025 0.0850789 0.0870955 0.1429841 0.0884644 0.0267226 0.0684315 0.0795929 0.1018055 0.0818353 0.0624889 0.0746199 0.0537017 0.0919460 0.0861749 0.0791988 0.0855351 0.0624754 0.0675765 0.0000000 0.0917112 0.0738658 0.0990959 0.0685598 0.0353163 0.0624754 0.0920732 0.1030099 0.0585370 0.0906286 0.0632317 0.0423868 0.0740991 0.0737860 0.0750611 0.1029232 0.0800506 0.0740783 0.0680253 0.0318026 0.0681129 0.0565916 0.0347870 0.0628651 0.0628748 0.0809448 0.0799033 0.1047746 0.0622469 0.0623182 0.0783226 0.0793475 0.0748147 0.0915796 0.0926153 
S1260      0.0842595 0.1372246 0.0903707 0.0650309 0.0937404 0.0921151 0.1388789 0.0667992 0.0445023 0.0786025 0.0787158 0.0598296 0.0932880 0.0906810 0.0795522 0.1058849 0.0657279 0.1117087 0.1117521 0.0905424 0.1121902 0.0585435 0.1476231 0.0731351 0.0525022 0.0787158 0.0922693 0.0687951 0.1080054 0.0997459 0.0996017 0.0981227 0.1419100 0.1284982 0.0781251 0.1339686 0.0722346 0.0775088 0.0917112 0.0000000 0.0783468 0.0609150 0.1063121 0.0805384 0.0722346 0.0980014 0.1024979 0.0876491 0.0902074 0.0862331 0.0640296 0.0911112 0.0858713 0.0938604 0.1402195 0.0912963 0.1114690 0.1066654 0.0581627 0.1124495 0.0718095 0.0849279 0.0788507 0.0857762 0.1222415 0.0993557 0.1339100 0.0864189 0.0803955 0.1111171 0.1129032 0.1025744 0.0838670 0.0990765 
S1278      0.0510681 0.1140600 0.0244897 0.0995575 0.0752752 0.0739351 0.0737993 0.1054193 0.0783800 0.0146074 0.0146255 0.0691407 0.0750305 0.0628367 0.0677061 0.0934832 0.0689801 0.0458318 0.0861430 0.0855671 0.1062334 0.0864929 0.1488626 0.0697014 0.0052016 0.0146255 0.0812329 0.1085518 0.1017188 0.0987936 0.0999503 0.0844653 0.1333655 0.1188628 0.0455126 0.1260051 0.0096508 0.0453513 0.0738658 0.0783468 0.0000000 0.0933505 0.0871700 0.0635175 0.0096508 0.0350748 0.0619236 0.0819902 0.0561605 0.0748787 0.0533923 0.0457986 0.0752977 0.1005724 0.1050775 0.0246947 0.0801248 0.0989035 0.0102596 0.0925186 0.0349153 0.0567087 0.0246537 0.0743144 0.1008421 0.0997164 0.1070087 0.0802964 0.0869146 0.0839512 0.0927054 0.1123643 0.0567140 0.1073205 
S1315      0.0990689 0.1229598 0.1114159 0.0807706 0.1081367 0.1055716 0.1614160 0.0879426 0.0664449 0.0997061 0.0998479 0.0926684 0.1007343 0.1325598 0.0747110 0.1195374 0.0929544 0.1124230 0.1124624 0.0978876 0.1058231 0.0743880 0.1866986 0.1075155 0.0623747 0.0998479 0.0926317 0.0305896 0.1216448 0.1135691 0.1054774 0.0986355 0.1477388 0.1218126 0.1047983 0.1400509 0.0932077 0.1043858 0.0990959 0.0609150 0.0933505 0.0000000 0.1139002 0.0883910 0.0932077 0.1257231 0.1178926 0.1148845 0.1169932 0.0882475 0.0726326 0.1119903 0.0865796 0.0939796 0.1506822 0.1125592 0.0987545 0.1136908 0.0735769 0.1194184 0.0923901 0.0924896 0.0866209 0.0933832 0.1289741 0.1067285 0.1449378 0.0940555 0.1011078 0.1174408 0.1059371 0.1220026 0.1046543 0.1133967 
S1332      0.0932575 0.1151163 0.0990698 0.0934072 0.0823876 0.0507665 0.1541965 0.1141870 0.0990025 0.0875550 0.0749960 0.0946290 0.0756471 0.1134368 0.0562901 0.0934543 0.0944065 0.1137003 0.0987217 0.0934363 0.0856197 0.1092645 0.1672169 0.0954507 0.0382979 0.0876781 0.0926058 0.1240488 0.0697614 0.0747855 0.0865438 0.0661631 0.1073073 0.0456198 0.0926974 0.1004359 0.0812553 0.0865395 0.0685598 0.1063121 0.0871700 0.1139002 0.0000000 0.0297556 0.0812553 0.1003333 0.1100919 0.0698059 0.1046442 0.0517659 0.0309555 0.0936921 0.0865580 0.0754112 0.1309992 0.1000649 0.0738422 0.0295836 0.0556827 0.0992249 0.0749100 0.0683505 0.0817876 0.0818049 0.0248868 0.0401262 0.1334930 0.0464607 0.0562703 0.0858246 0.0923171 0.0414236 0.1057903 0.0857932 
S1366      0.0634366 0.0768619 0.0689521 0.0749634 0.0472194 0.0245148 0.1264636 0.0958852 0.0805314 0.0580065 0.0464973 0.0770266 0.0413165 0.0819108 0.0325465 0.0632821 0.0768428 0.0820878 0.0628916 0.0635457 0.0750440 0.0757605 0.1479774 0.0776759 0.0159574 0.0580849 0.0572731 0.0908218 0.0523594 0.0461505 0.0633771 0.0369919 0.0948663 0.0455495 0.0688606 0.0882202 0.0522227 0.0573555 0.0353163 0.0805384 0.0635175 0.0883910 0.0297556 0.0000000 0.0522227 0.0815247 0.0924983 0.0414166 0.0802380 0.0355345 0.0049787 0.0637162 0.0517190 0.0525869 0.0924128 0.0696033 0.0566325 0.0295389 0.0267180 0.0690087 0.0464380 0.0352176 0.0525477 0.0525543 0.0405488 0.0400648 0.0940788 0.0407305 0.0350393 0.0667257 0.0570947 0.0413491 0.0810790 0.0629125 
S1369      0.0403233 0.1012150 0.0145077 0.0931334 0.0636492 0.0625251 0.0736909 0.0992940 0.0723593 0.0048067 0.0048126 0.0634723 0.0634454 0.0516699 0.0556166 0.0874775 0.0633234 0.0351824 0.0743605 0.0738680 0.1000560 0.0801421 0.1554758 0.0639807 0.0000020 0.0048126 0.0694416 0.0957466 0.0891424 0.0866099 0.0876113 0.0782703 0.1200378 0.1060437 0.0454486 0.1129386 0.0000010 0.0348185 0.0624754 0.0722346 0.0096508 0.0932077 0.0812553 0.0522227 0.0000000 0.0247296 0.0564584 0.0700844 0.0560807 0.0690558 0.0421317 0.0351556 0.0636646 0.0881463 0.0927250 0.0146264 0.0800056 0.0867107 0.0000022 0.0923785 0.0246201 0.0566273 0.0146037 0.0628466 0.1006857 0.0874150 0.0944012 0.0686516 0.0806714 0.0838211 0.0806797 0.0975229 0.0566326 0.1006297 
S1370      0.0681114 0.1203479 0.0401704 0.1276955 0.0810474 0.0921810 0.0911427 0.1322456 0.1045063 0.0299514 0.0299897 0.0935940 0.0807824 0.0806273 0.0801541 0.1134750 0.0933762 0.0626990 0.1050569 0.1043407 0.1333025 0.1135726 0.1797680 0.0943956 0.0212453 0.0299897 0.1001426 0.1227060 0.1152023 0.1123088 0.1198590 0.1045466 0.1413116 0.1264027 0.0734960 0.1337424 0.0247296 0.0620224 0.0920732 0.0980014 0.0350748 0.1257231 0.1003333 0.0815247 0.0247296 0.0000000 0.0739938 0.1010929 0.0848125 0.0936480 0.0713005 0.0626570 0.0939186 0.1206318 0.1125080 0.0405209 0.1050847 0.1059369 0.0263297 0.1107138 0.0511525 0.0856583 0.0404462 0.0926548 0.1209519 0.1068194 0.1273987 0.0926665 0.1059829 0.1166105 0.1120578 0.1210843 0.0856953 0.1277464 
S1375      0.0456626 0.1204491 0.0619322 0.1242968 0.0928328 0.1094141 0.1104967 0.1289118 0.1080324 0.0621831 0.0622658 0.0913237 0.0925254 0.0914784 0.0797155 0.1182936 0.0740332 0.0976961 0.0920274 0.1034128 0.1426516 0.1190088 0.1674492 0.0920859 0.0377080 0.0622658 0.1111336 0.1280130 0.1337929 0.1298495 0.1187543 0.1159686 0.1532195 0.1383522 0.0782214 0.1454999 0.0564584 0.0613722 0.1030099 0.1024979 0.0619236 0.1178926 0.1100919 0.0924983 0.0564584 0.0739938 0.0000000 0.1060735 0.0895070 0.1038822 0.0891617 0.0676797 0.1173254 0.1322587 0.1112284 0.0736390 0.1098843 0.1299768 0.0486911 0.1165650 0.0506216 0.0849128 0.0677939 0.0916321 0.1389849 0.1181829 0.1259079 0.1100729 0.1154846 0.1220702 0.1359812 0.1423488 0.0904350 0.1373140 
S1376      0.0878022 0.0918082 0.0876322 0.1106351 0.0720764 0.0356576 0.1351383 0.1103137 0.1078192 0.0762369 0.0639802 0.0966878 0.0654423 0.1007757 0.0574277 0.0889649 0.0964565 0.1080434 0.0826021 0.0761923 0.1145328 0.0902441 0.1912924 0.0968785 0.0335539 0.0763434 0.0882558 0.1052041 0.0776093 0.0702189 0.1015128 0.0674141 0.1374513 0.0940631 0.0758112 0.1298138 0.0700844 0.0811599 0.0585370 0.0876491 0.0819902 0.1148845 0.0698059 0.0414166 0.0700844 0.1010929 0.1060735 0.0000000 0.0875107 0.0469146 0.0262016 0.0882103 0.0882558 0.0898624 0.1336507 0.0885011 0.0305651 0.0752183 0.0445995 0.0953826 0.0695894 0.0583590 0.0763667 0.0648054 0.0820835 0.0875398 0.1362459 0.0699330 0.0636457 0.0997213 0.0941305 0.0843307 0.1066933 0.0886518 
S1381      0.0670718 0.1073226 0.0724650 0.1119653 0.0923806 0.0968136 0.1040164 0.1110439 0.1024089 0.0617633 0.0618448 0.0745025 0.0920759 0.0852033 0.0855903 0.1177066 0.0743298 0.0739769 0.1154002 0.1026842 0.1370570 0.0927782 0.1844615 0.0811119 0.0433453 0.0618448 0.1105878 0.1268867 0.1135197 0.1165110 0.1178874 0.1089865 0.1524385 0.1373268 0.0297751 0.1447643 0.0560807 0.0610870 0.0906286 0.0902074 0.0561605 0.1169932 0.1046442 0.0802380 0.0560807 0.0848125 0.0895070 0.0875107 0.0000000 0.0802795 0.0766632 0.0673609 0.1043319 0.1186340 0.1229837 0.0731350 0.0971789 0.1166312 0.0540935 0.0980208 0.0503876 0.0843278 0.0564221 0.0911916 0.1125350 0.1175974 0.1186343 0.0917712 0.0924043 0.1083274 0.1224993 0.1181562 0.0729381 0.1130522 
S1422      0.0806778 0.0967597 0.0863431 0.0818885 0.0768336 0.0510546 0.1265967 0.0830813 0.0798901 0.0751117 0.0630476 0.0884526 0.0701859 0.1000554 0.0502587 0.0809508 0.0882442 0.1002799 0.0931706 0.0691912 0.0996658 0.0758973 0.1642124 0.0770777 0.0442718 0.0752151 0.0813077 0.0970451 0.0819447 0.0629486 0.0939307 0.0541073 0.1287208 0.0809970 0.0688873 0.1213381 0.0690558 0.0742559 0.0632317 0.0862331 0.0748787 0.0882475 0.0517659 0.0355345 0.0690558 0.0936480 0.1038822 0.0469146 0.0802795 0.0000000 0.0257685 0.0810437 0.0810864 0.0825294 0.1252299 0.0813903 0.0453967 0.0629447 0.0496711 0.0937557 0.0629722 0.0630400 0.0694974 0.0695096 0.0642008 0.0747644 0.1276110 0.0569111 0.0455691 0.0793303 0.0810876 0.0691637 0.0928857 0.0630186 
S1449      0.0533923 0.0805826 0.0588580 0.0641415 0.0552025 0.0099160 0.1161344 0.0860906 0.0702578 0.0478671 0.0364657 0.0667228 0.0488684 0.0783033 0.0395992 0.0662245 0.0730899 0.0717996 0.0716726 0.0478965 0.0846722 0.0648575 0.1557179 0.0739016 0.0164788 0.0479324 0.0657066 0.0685543 0.0488635 0.0482386 0.0722570 0.0443061 0.1059958 0.0531550 0.0650502 0.0988520 0.0421317 0.0533397 0.0423868 0.0640296 0.0533923 0.0726326 0.0309555 0.0049787 0.0421317 0.0713005 0.0891617 0.0262016 0.0766632 0.0257685 0.0000000 0.0540719 0.0598111 0.0608705 0.1031075 0.0594145 0.0416900 0.0361496 0.0218744 0.0782274 0.0422142 0.0422612 0.0423946 0.0369635 0.0479170 0.0473161 0.1050717 0.0424187 0.0420392 0.0626656 0.0654940 0.0500572 0.0774845 0.0717099 
S1460      0.0512196 0.1144677 0.0509951 0.1002266 0.0697583 0.0687232 0.1047721 0.1122687 0.0849440 0.0405575 0.0406101 0.0752994 0.0752716 0.0521635 0.0618220 0.1001387 0.0751232 0.0567628 0.0982040 0.0743700 0.1257478 0.0932656 0.1569891 0.0759196 0.0269293 0.0406101 0.0933080 0.1151019 0.1020750 0.0991282 0.1002932 0.0910633 0.1275178 0.1192867 0.0564505 0.1202311 0.0351556 0.0349654 0.0740991 0.0911112 0.0457986 0.1119903 0.0936921 0.0637162 0.0351556 0.0626570 0.0676797 0.0882103 0.0673609 0.0810437 0.0540719 0.0000000 0.0872111 0.1009200 0.0933865 0.0514508 0.1041233 0.0933687 0.0319415 0.1050331 0.0247217 0.0680242 0.0353639 0.0460329 0.1138726 0.1000574 0.1073839 0.0691167 0.0867864 0.0844300 0.0930152 0.0904858 0.0625803 0.1138271 
S1462      0.0868127 0.1139788 0.0808411 0.0937112 0.0816141 0.0801324 0.1403497 0.1072348 0.0797274 0.0696564 0.0577242 0.1000964 0.0749492 0.1065477 0.0612354 0.0797960 0.0998634 0.0945768 0.0977939 0.0917171 0.0406982 0.0874715 0.1603973 0.1009682 0.0442930 0.0697522 0.0145771 0.0962055 0.0945828 0.0742943 0.0298309 0.0595288 0.1066997 0.0929957 0.0924311 0.1056647 0.0636646 0.0802563 0.0737860 0.0858713 0.0752977 0.0865796 0.0865580 0.0517190 0.0636646 0.0939186 0.1173254 0.0882558 0.1043319 0.0810864 0.0598111 0.0872111 0.0000000 0.0299916 0.1037465 0.0816250 0.1041717 0.0743842 0.0436641 0.1045935 0.0576534 0.0677370 0.0698687 0.0871896 0.0996810 0.0626644 0.0854979 0.0626662 0.0685457 0.1109122 0.0460128 0.0830034 0.1054689 0.0807178 
