43
S0289      0.0000000 0.0716385 0.0824065 0.2120200 0.0466867 0.0482437 0.1394568 0.1629103 0.1515972 0.0938566 0.1154078 0.1428352 0.1529108 0.1690996 0.1385800 0.1344355 0.1421303 0.1782205 0.1417595 0.1659190 0.1269569 0.1207664 0.1480862 0.1031903 0.1172563 0.1298717 0.1772973 0.0995229 0.1451214 0.0437589 0.1347369 0.0880986 0.1165721 0.1528727 0.1326913 0.1526135 0.1233257 0.1291017 0.1504950 0.1620729 0.1470051 0.1532921 0.1402052 
S0299      0.0716385 0.0000000 0.0721494 0.1826605 0.0459072 0.0480099 0.1204690 0.1372151 0.1265121 0.0580055 0.0878681 0.1038248 0.1212482 0.1366843 0.1110127 0.0948191 0.1226657 0.1354312 0.1169769 0.1396422 0.0921153 0.1084088 0.1163937 0.0738829 0.0786534 0.1058646 0.1449878 0.0729702 0.1205027 0.0342669 0.1105545 0.0728631 0.0936713 0.1275145 0.1089966 0.1056673 0.0943429 0.1157380 0.1255826 0.1418169 0.1167376 0.1383936 0.1157028 
S0320      0.0824065 0.0721494 0.0000000 0.1848327 0.0569446 0.0579757 0.1346864 0.1334358 0.1237856 0.0891461 0.1163118 0.1034969 0.1483457 0.1523012 0.1397090 0.1355364 0.1312855 0.1617721 0.1253611 0.1489258 0.1052251 0.1051465 0.1251062 0.0869318 0.1123608 0.1138043 0.1604470 0.1002849 0.1277161 0.0629145 0.1186302 0.1054531 0.0947462 0.1422775 0.1272700 0.1347803 0.1183835 0.1293853 0.1455015 0.1515441 0.1407515 0.1542720 0.1352067 
S0558      0.2120200 0.1826605 0.1848327 0.0000000 0.1760406 0.1709945 0.1058612 0.1497497 0.1405069 0.1595520 0.1442907 0.1322511 0.1819374 0.1922743 0.1632881 0.1855070 0.1410305 0.2104178 0.1423335 0.1528008 0.1147927 0.1290740 0.1622081 0.1976128 0.1625807 0.1369330 0.1888076 0.1477163 0.1325150 0.1716943 0.1469308 0.1913431 0.1320961 0.1521299 0.1664346 0.1748487 0.1946572 0.1729599 0.1634887 0.1904063 0.1640585 0.1093974 0.1529927 
S0624      0.0466867 0.0459072 0.0569446 0.1760406 0.0000000 0.0178500 0.1053559 0.1167809 0.1052483 0.0613378 0.0771507 0.0796485 0.1110648 0.1265715 0.1119281 0.0948630 0.0950989 0.1323614 0.0953729 0.1182283 0.0866029 0.0794220 0.1000824 0.0674751 0.0835086 0.0842255 0.1360333 0.0617801 0.1053773 0.0271679 0.0890657 0.0667871 0.0619683 0.1068774 0.0936943 0.1060800 0.1002901 0.1057885 0.1160692 0.1273782 0.1067401 0.1241887 0.1057574 
S0645sl    0.0482437 0.0480099 0.0579757 0.1709945 0.0178500 0.0000000 0.1044779 0.1207164 0.0996369 0.0627202 0.0777501 0.0911888 0.1098223 0.1250597 0.1106842 0.0945436 0.1063311 0.1353126 0.1008370 0.1228160 0.0764242 0.0858932 0.1051208 0.0686500 0.0837866 0.0797709 0.1334268 0.0631495 0.1044969 0.0301536 0.0947227 0.0583708 0.0784740 0.1054594 0.0934404 0.1109553 0.0996806 0.1048831 0.1146144 0.1253013 0.1005812 0.1277562 0.1048541 
S0689      0.1394568 0.1204690 0.1346864 0.1058612 0.1053559 0.1044779 0.0000000 0.0932358 0.0986408 0.1046863 0.0935453 0.0803645 0.1118252 0.1273578 0.1115047 0.1232333 0.0895617 0.1508855 0.0998156 0.1000569 0.0705153 0.0752594 0.1117096 0.1270384 0.1009983 0.0845013 0.1367737 0.1005830 0.0779991 0.1104717 0.0897619 0.1326743 0.0835894 0.0895152 0.1170936 0.1255173 0.1287183 0.1060146 0.1048355 0.1279219 0.1224192 0.0824004 0.0951088 
S0756      0.1629103 0.1372151 0.1334358 0.1497497 0.1167809 0.1207164 0.0932358 0.0000000 0.0720727 0.1209624 0.1037319 0.0784936 0.1221231 0.1370498 0.1278009 0.1219067 0.0626310 0.1308277 0.0728846 0.0723120 0.0648626 0.0532898 0.1406276 0.1520727 0.1296344 0.0538279 0.1526035 0.1102138 0.0209932 0.1270058 0.0681937 0.1442864 0.0777071 0.1142952 0.0888712 0.1172659 0.1592912 0.1217235 0.1262509 0.1445661 0.1211738 0.1035604 0.1270900 
S0763      0.1515972 0.1265121 0.1237856 0.1405069 0.1052483 0.0996369 0.0986408 0.0720727 0.0000000 0.1000311 0.1158876 0.0668833 0.1474681 0.1557524 0.1528379 0.1291619 0.0578164 0.1497478 0.0256368 0.0436075 0.0599315 0.0637200 0.1363847 0.1400971 0.1242712 0.0126776 0.1484191 0.1011138 0.0624661 0.1163998 0.0579355 0.1150768 0.0729448 0.1104218 0.1163153 0.1433336 0.1302512 0.1176969 0.1390303 0.1643094 0.1175999 0.0996946 0.1288521 
S0827      0.0938566 0.0580055 0.0891461 0.1595520 0.0613378 0.0627202 0.1046863 0.1209624 0.1000311 0.0000000 0.0932879 0.1167380 0.1274941 0.1430933 0.1168844 0.1004430 0.1065473 0.1345722 0.0796278 0.1069985 0.0868979 0.0858398 0.1046495 0.0628039 0.0588201 0.0800770 0.1329524 0.0790680 0.1047055 0.0583780 0.0949107 0.0482281 0.0836861 0.1104765 0.1156047 0.0955793 0.0688058 0.0992762 0.1089159 0.1185213 0.1119158 0.1280326 0.0992501 
S0959      0.1154078 0.0878681 0.1163118 0.1442907 0.0771507 0.0777501 0.0935453 0.1037319 0.1158876 0.0932879 0.0000000 0.0798108 0.0459538 0.0647938 0.0392825 0.0580207 0.1001429 0.0966371 0.1173192 0.1163049 0.0707413 0.0924333 0.0604431 0.1022253 0.0834311 0.0960066 0.0988591 0.0391387 0.0881568 0.0832247 0.0949861 0.1146424 0.0886889 0.1052044 0.0628902 0.0841121 0.1096209 0.0674828 0.0571269 0.0873397 0.0583612 0.0927692 0.0482331 
S1052sl    0.1428352 0.1038248 0.1034969 0.1322511 0.0796485 0.0911888 0.0803645 0.0784936 0.0668833 0.1167380 0.0798108 0.0000000 0.0599233 0.1216982 0.1052301 0.0951598 0.0435248 0.1179819 0.0545844 0.0936492 0.0439834 0.0564019 0.0887676 0.1709755 0.1399127 0.0676036 0.0813937 0.0668921 0.0666915 0.1179819 0.0675870 0.1179819 0.0672817 0.1072815 0.0911217 0.1041419 0.1658027 0.1075120 0.0929019 0.1065979 0.1168325 0.0427436 0.0805417 
S1128      0.1529108 0.1212482 0.1483457 0.1819374 0.1110648 0.1098223 0.1118252 0.1221231 0.1474681 0.1274941 0.0459538 0.0599233 0.0000000 0.0000027 0.0618063 0.0605398 0.1241612 0.1024826 0.1494850 0.1480525 0.0975181 0.0925127 0.0857763 0.1347659 0.1161531 0.1256176 0.0814335 0.0661483 0.1103370 0.1161934 0.1178292 0.1459736 0.1167661 0.1366238 0.0721337 0.1120738 0.1527197 0.0769556 0.0868373 0.0711327 0.0934516 0.1054682 0.0770136 
S1129sl    0.1690996 0.1366843 0.1523012 0.1922743 0.1265715 0.1250597 0.1273578 0.1370498 0.1557524 0.1430933 0.0647938 0.1216982 0.0000027 0.0000000 0.0814190 0.0796705 0.1391864 0.1349560 0.1578583 0.1563618 0.1189613 0.1084568 0.1075172 0.1455197 0.1382004 0.1341818 0.1087889 0.0804752 0.1308054 0.1316315 0.1392085 0.1678133 0.1315286 0.1459335 0.1026020 0.1276581 0.1762560 0.0917211 0.0961651 0.0957803 0.1139808 0.1269831 0.0863567 
S1189      0.1385800 0.1110127 0.1397090 0.1632881 0.1119281 0.1106842 0.1115047 0.1278009 0.1528379 0.1168844 0.0392825 0.1052301 0.0618063 0.0814190 0.0000000 0.0691795 0.1358108 0.1307079 0.1548629 0.1534242 0.0989096 0.1041080 0.0930130 0.1345519 0.1171324 0.1316821 0.1338786 0.0684637 0.1111844 0.1061760 0.1302295 0.1267076 0.1161481 0.1350679 0.0944111 0.1073796 0.1457203 0.0993193 0.0815896 0.1153215 0.0836750 0.1228641 0.0723793 
S1201sl    0.1344355 0.0948191 0.1355364 0.1855070 0.0948630 0.0945436 0.1232333 0.1219067 0.1291619 0.1004430 0.0580207 0.0951598 0.0605398 0.0796705 0.0691795 0.0000000 0.1128096 0.1126480 0.1308146 0.1296423 0.0824154 0.1052259 0.0875261 0.1219917 0.1002382 0.1024513 0.1165081 0.0538406 0.1055052 0.0900582 0.1074540 0.1117685 0.1007522 0.1247906 0.0689357 0.1017244 0.1277200 0.0785188 0.0981664 0.0991690 0.0843353 0.1284638 0.0886380 
S1235sl    0.1421303 0.1226657 0.1312855 0.1410305 0.0950989 0.1063311 0.0895617 0.0626310 0.0578164 0.1065473 0.1001429 0.0435248 0.1241612 0.1391864 0.1358108 0.1128096 0.0000000 0.1221801 0.0584546 0.0580053 0.0455397 0.0483691 0.1308951 0.1359814 0.1147823 0.0444395 0.1373371 0.0959176 0.0584065 0.1124644 0.0440341 0.1221470 0.0585510 0.1177225 0.0901907 0.1140643 0.1440714 0.1072166 0.1225877 0.1470095 0.1124820 0.0944438 0.1125446 
S1332      0.1782205 0.1354312 0.1617721 0.2104178 0.1323614 0.1353126 0.1508855 0.1308277 0.1497478 0.1345722 0.0966371 0.1179819 0.1024826 0.1349560 0.1307079 0.1126480 0.1221801 0.0000000 0.1572672 0.1558308 0.1251588 0.1079565 0.1203879 0.1684264 0.1247272 0.1336941 0.1426264 0.1131135 0.1249811 0.1417671 0.1259634 0.1355652 0.1308952 0.1689528 0.0491023 0.1215328 0.1473725 0.1189901 0.1238614 0.1522243 0.1296578 0.1466051 0.1090213 
S1369      0.1417595 0.1169769 0.1253611 0.1423335 0.0953729 0.1008370 0.0998156 0.0728846 0.0256368 0.0796278 0.1173192 0.0545844 0.1494850 0.1578583 0.1548629 0.1308146 0.0584546 0.1572672 0.0000000 0.0395454 0.0553299 0.0642442 0.1250343 0.1289919 0.1145070 0.0215497 0.1372707 0.1023515 0.0631596 0.1068624 0.0585765 0.1056527 0.0737773 0.1057780 0.1177551 0.1452392 0.1319355 0.1249694 0.1408143 0.1530194 0.1246548 0.1120835 0.1304963 
S1370      0.1659190 0.1396422 0.1489258 0.1528008 0.1182283 0.1228160 0.1000569 0.0723120 0.0436075 0.1069985 0.1163049 0.0936492 0.1480525 0.1563618 0.1534242 0.1296423 0.0580053 0.1558308 0.0395454 0.0000000 0.0601344 0.0640513 0.1433337 0.1489210 0.1319707 0.0305017 0.1553361 0.1014757 0.0626710 0.1292438 0.0581251 0.1390394 0.0731900 0.1167922 0.1167349 0.1438861 0.1500903 0.1179500 0.1395481 0.1592498 0.1235504 0.1110758 0.1293301 
S1375      0.1269569 0.0921153 0.1052251 0.1147927 0.0866029 0.0764242 0.0705153 0.0648626 0.0599315 0.0868979 0.0707413 0.0439834 0.0975181 0.1189613 0.0989096 0.0824154 0.0455397 0.1251588 0.0553299 0.0601344 0.0000000 0.0550436 0.0925438 0.1019535 0.0891615 0.0460702 0.1000407 0.0663965 0.0501635 0.0925958 0.0408736 0.0917353 0.0457517 0.0977663 0.0866886 0.1056007 0.1229755 0.0718983 0.0868203 0.1149585 0.0770010 0.0795872 0.0718310 
S1381      0.1207664 0.1084088 0.1051465 0.1290740 0.0794220 0.0858932 0.0752594 0.0532898 0.0637200 0.0858398 0.0924333 0.0564019 0.0925127 0.1084568 0.1041080 0.1052259 0.0483691 0.1079565 0.0642442 0.0640513 0.0550436 0.0000000 0.1053501 0.1200567 0.1063567 0.0487159 0.1244306 0.0871589 0.0532124 0.0920531 0.0428956 0.1083756 0.0427148 0.0917724 0.0811453 0.1048689 0.1310536 0.0933978 0.1155828 0.1037427 0.1104775 0.0796313 0.1048290 
S1449      0.1480862 0.1163937 0.1251062 0.1622081 0.1000824 0.1051208 0.1117096 0.1406276 0.1363847 0.1046495 0.0604431 0.0887676 0.0857763 0.1075172 0.0930130 0.0875261 0.1308951 0.1203879 0.1250343 0.1433337 0.0925438 0.1053501 0.0000000 0.1154762 0.0996862 0.1259304 0.0559852 0.0665974 0.1228156 0.1170400 0.1186976 0.1288623 0.1064166 0.1237901 0.0884295 0.1009059 0.1352246 0.0827536 0.0813615 0.1091108 0.0943106 0.1218709 0.0716329 
S1451      0.1031903 0.0738829 0.0869318 0.1976128 0.0674751 0.0686500 0.1270384 0.1520727 0.1400971 0.0628039 0.1022253 0.1709755 0.1347659 0.1455197 0.1345519 0.1219917 0.1359814 0.1684264 0.1289919 0.1489210 0.1019535 0.1200567 0.1154762 0.0000000 0.0914907 0.1170881 0.1403776 0.0977130 0.1333108 0.0744155 0.1164125 0.0847419 0.1035378 0.1283590 0.1270554 0.1217353 0.1090351 0.1206691 0.1313789 0.1247485 0.1173770 0.1621472 0.1206278 
S1539      0.1172563 0.0786534 0.1123608 0.1625807 0.0835086 0.0837866 0.1009983 0.1296344 0.1242712 0.0588201 0.0834311 0.1399127 0.1161531 0.1382004 0.1171324 0.1002382 0.1147823 0.1247272 0.1145070 0.1319707 0.0891615 0.1063567 0.0996862 0.0914907 0.0000000 0.1031750 0.1301467 0.0901606 0.1127281 0.0894299 0.1026124 0.0889050 0.0959917 0.1247137 0.1061966 0.1020175 0.0489717 0.0950656 0.0988254 0.1085200 0.1242457 0.1188049 0.0892303 
S_670      0.1298717 0.1058646 0.1138043 0.1369330 0.0842255 0.0797709 0.0845013 0.0538279 0.0126776 0.0800770 0.0960066 0.0676036 0.1256176 0.1341818 0.1316821 0.1024513 0.0444395 0.1336941 0.0215497 0.0305017 0.0460702 0.0487159 0.1259304 0.1170881 0.1031750 0.0000000 0.1441588 0.0761652 0.0444284 0.0959124 0.0396936 0.1054287 0.0541287 0.0901965 0.0963916 0.1213816 0.1201393 0.1030316 0.1240867 0.1420886 0.1027715 0.0954990 0.1139236 
SRR8528336 0.1772973 0.1449878 0.1604470 0.1888076 0.1360333 0.1334268 0.1367737 0.1526035 0.1484191 0.1329524 0.0988591 0.0813937 0.0814335 0.1087889 0.1338786 0.1165081 0.1373371 0.1426264 0.1372707 0.1553361 0.1000407 0.1244306 0.0559852 0.1403776 0.1301467 0.1441588 0.0000000 0.0944983 0.1404073 0.1400121 0.1254735 0.1577981 0.1182543 0.1601894 0.1063484 0.1361725 0.1717169 0.0951688 0.1157124 0.1327037 0.1232161 0.1419649 0.0954215 
SRR8528341 0.0995229 0.0729702 0.1002849 0.1477163 0.0617801 0.0631495 0.1005830 0.1102138 0.1011138 0.0790680 0.0391387 0.0668921 0.0661483 0.0804752 0.0684637 0.0538406 0.0959176 0.1131135 0.1023515 0.1014757 0.0663965 0.0871589 0.0665974 0.0977130 0.0901606 0.0761652 0.0944983 0.0000000 0.0942843 0.0683884 0.0907472 0.1105039 0.0793749 0.1127045 0.0632136 0.0902230 0.1117185 0.0633209 0.0773486 0.1043968 0.0542502 0.1165824 0.0681058 
SRR8528343 0.1451214 0.1205027 0.1277161 0.1325150 0.1053773 0.1044969 0.0779991 0.0209932 0.0624661 0.1047055 0.0881568 0.0666915 0.1103370 0.1308054 0.1111844 0.1055052 0.0584065 0.1249811 0.0631596 0.0626710 0.0501635 0.0532124 0.1228156 0.1333108 0.1127281 0.0444284 0.1404073 0.0942843 0.0000000 0.1104959 0.0585282 0.1271988 0.0679015 0.0983968 0.0885100 0.1008969 0.1413785 0.1053508 0.1204280 0.1274334 0.1048839 0.0872779 0.1105739 
SRR8528347 0.0437589 0.0342669 0.0629145 0.1716943 0.0271679 0.0301536 0.1104717 0.1270058 0.1163998 0.0583780 0.0832247 0.1179819 0.1161934 0.1316315 0.1061760 0.0900582 0.1124644 0.1417671 0.1068624 0.1292438 0.0925958 0.0920531 0.1170400 0.0744155 0.0894299 0.0959124 0.1400121 0.0683884 0.1104959 0.0000000 0.1005946 0.0635341 0.0840118 0.1173118 0.0992036 0.1064327 0.0950069 0.0994261 0.1207570 0.1316273 0.1118651 0.1277098 0.1108757 
SRR8528350 0.1347369 0.1105545 0.1186302 0.1469308 0.0890657 0.0947227 0.0897619 0.0681937 0.0579355 0.0949107 0.0949861 0.0675870 0.1178292 0.1392085 0.1302295 0.1074540 0.0440341 0.1259634 0.0585765 0.0581251 0.0408736 0.0428956 0.1186976 0.1164125 0.1026124 0.0396936 0.1254735 0.0907472 0.0585282 0.1005946 0.0000000 0.1100987 0.0486237 0.1002609 0.0953649 0.1192056 0.1308960 0.1019158 0.1228789 0.1339776 0.1014578 0.1000392 0.1020927 
SRR8528354 0.0880986 0.0728631 0.1054531 0.1913431 0.0667871 0.0583708 0.1326743 0.1442864 0.1150768 0.0482281 0.1146424 0.1179819 0.1459736 0.1678133 0.1267076 0.1117685 0.1221470 0.1355652 0.1056527 0.1390394 0.0917353 0.1083756 0.1288623 0.0847419 0.0889050 0.1054287 0.1577981 0.1105039 0.1271988 0.0635341 0.1100987 0.0000000 0.1103808 0.1517636 0.1164493 0.1175618 0.0997281 0.1210664 0.1309481 0.1422464 0.1403658 0.1590651 0.1158139 
SRR8528357 0.1165721 0.0936713 0.0947462 0.1320961 0.0619683 0.0784740 0.0835894 0.0777071 0.0729448 0.0836861 0.0886889 0.0672817 0.1167661 0.1315286 0.1161481 0.1007522 0.0585510 0.1308952 0.0737773 0.0731900 0.0457517 0.0427148 0.1064166 0.1035378 0.0959917 0.0541287 0.1182543 0.0793749 0.0679015 0.0840118 0.0486237 0.1103808 0.0000000 0.0991464 0.0949676 0.1121695 0.1182019 0.0953549 0.1158568 0.1266808 0.0942104 0.0933156 0.1059828 
SRR8528359 0.1528727 0.1275145 0.1422775 0.1521299 0.1068774 0.1054594 0.0895152 0.1142952 0.1104218 0.1104765 0.1052044 0.1072815 0.1366238 0.1459335 0.1350679 0.1247906 0.1177225 0.1689528 0.1057780 0.1167922 0.0977663 0.0917724 0.1237901 0.1283590 0.1247137 0.0901965 0.1601894 0.1127045 0.0983968 0.1173118 0.1002609 0.1517636 0.0991464 0.0000000 0.1298307 0.1374153 0.1542320 0.1362910 0.1338997 0.1157234 0.1294784 0.1164661 0.1237336 
SRR8528361 0.1326913 0.1089966 0.1272700 0.1664346 0.0936943 0.0934404 0.1170936 0.0888712 0.1163153 0.1156047 0.0628902 0.0911217 0.0721337 0.1026020 0.0944111 0.0689357 0.0901907 0.0491023 0.1177551 0.1167349 0.0866886 0.0811453 0.0884295 0.1270554 0.1061966 0.0963916 0.1063484 0.0632136 0.0885100 0.0992036 0.0953649 0.1164493 0.0949676 0.1298307 0.0000000 0.0906505 0.1339830 0.0788543 0.0986337 0.0995898 0.0896040 0.1170983 0.0890974 
SRR8528365 0.1526135 0.1056673 0.1347803 0.1748487 0.1060800 0.1109553 0.1255173 0.1172659 0.1433336 0.0955793 0.0841121 0.1041419 0.1120738 0.1276581 0.1073796 0.1017244 0.1140643 0.1215328 0.1452392 0.1438861 0.1056007 0.1048689 0.1009059 0.1217353 0.1020175 0.1213816 0.1361725 0.0902230 0.1008969 0.1064327 0.1192056 0.1175618 0.1121695 0.1374153 0.0906505 0.0000000 0.1357023 0.1015174 0.1113987 0.1279497 0.1131490 0.1164555 0.1014897 
SRR8528370 0.1233257 0.0943429 0.1183835 0.1946572 0.1002901 0.0996806 0.1287183 0.1592912 0.1302512 0.0688058 0.1096209 0.1658027 0.1527197 0.1762560 0.1457203 0.1277200 0.1440714 0.1473725 0.1319355 0.1500903 0.1229755 0.1310536 0.1352246 0.1090351 0.0489717 0.1201393 0.1717169 0.1117185 0.1413785 0.0950069 0.1308960 0.0997281 0.1182019 0.1542320 0.1339830 0.1357023 0.0000000 0.1166402 0.1258299 0.1422355 0.1476971 0.1417878 0.1093773 
SRR8528372 0.1291017 0.1157380 0.1293853 0.1729599 0.1057885 0.1048831 0.1060146 0.1217235 0.1176969 0.0992762 0.0674828 0.1075120 0.0769556 0.0917211 0.0993193 0.0785188 0.1072166 0.1189901 0.1249694 0.1179500 0.0718983 0.0933978 0.0827536 0.1206691 0.0950656 0.1030316 0.0951688 0.0633209 0.1053508 0.0994261 0.1019158 0.1210664 0.0953549 0.1362910 0.0788543 0.1015174 0.1166402 0.0000000 0.0676529 0.0940488 0.0944975 0.1174927 0.0585037 
SRR8528379 0.1504950 0.1255826 0.1455015 0.1634887 0.1160692 0.1146144 0.1048355 0.1262509 0.1390303 0.1089159 0.0571269 0.0929019 0.0868373 0.0961651 0.0815896 0.0981664 0.1225877 0.1238614 0.1408143 0.1395481 0.0868203 0.1155828 0.0813615 0.1313789 0.0988254 0.1240867 0.1157124 0.0773486 0.1204280 0.1207570 0.1228789 0.1309481 0.1158568 0.1338997 0.0986337 0.1113987 0.1258299 0.0676529 0.0000000 0.0977273 0.1093171 0.1045814 0.0254551 
SRR8528384 0.1620729 0.1418169 0.1515441 0.1904063 0.1273782 0.1253013 0.1279219 0.1445661 0.1643094 0.1185213 0.0873397 0.1065979 0.0711327 0.0957803 0.1153215 0.0991690 0.1470095 0.1522243 0.1530194 0.1592498 0.1149585 0.1037427 0.1091108 0.1247485 0.1085200 0.1420886 0.1327037 0.1043968 0.1274334 0.1316273 0.1339776 0.1422464 0.1266808 0.1157234 0.0995898 0.1279497 0.1422355 0.0940488 0.0977273 0.0000000 0.1391195 0.1163728 0.0882372 
SRR8528389 0.1470051 0.1167376 0.1407515 0.1640585 0.1067401 0.1005812 0.1224192 0.1211738 0.1175999 0.1119158 0.0583612 0.1168325 0.0934516 0.1139808 0.0836750 0.0843353 0.1124820 0.1296578 0.1246548 0.1235504 0.0770010 0.1104775 0.0943106 0.1173770 0.1242457 0.1027715 0.1232161 0.0542502 0.1048839 0.1118651 0.1014578 0.1403658 0.0942104 0.1294784 0.0896040 0.1131490 0.1476971 0.0944975 0.1093171 0.1391195 0.0000000 0.1412088 0.0996114 
SRR8528391 0.1532921 0.1383936 0.1542720 0.1093974 0.1241887 0.1277562 0.0824004 0.1035604 0.0996946 0.1280326 0.0927692 0.0427436 0.1054682 0.1269831 0.1228641 0.1284638 0.0944438 0.1466051 0.1120835 0.1110758 0.0795872 0.0796313 0.1218709 0.1621472 0.1188049 0.0954990 0.1419649 0.1165824 0.0872779 0.1277098 0.1000392 0.1590651 0.0933156 0.1164661 0.1170983 0.1164555 0.1417878 0.1174927 0.1045814 0.1163728 0.1412088 0.0000000 0.0997585 
SRR8528400 0.1402052 0.1157028 0.1352067 0.1529927 0.1057574 0.1048541 0.0951088 0.1270900 0.1288521 0.0992501 0.0482331 0.0805417 0.0770136 0.0863567 0.0723793 0.0886380 0.1125446 0.1090213 0.1304963 0.1293301 0.0718310 0.1048290 0.0716329 0.1206278 0.0892303 0.1139236 0.0954215 0.0681058 0.1105739 0.1108757 0.1020927 0.1158139 0.1059828 0.1237336 0.0890974 0.1014897 0.1093773 0.0585037 0.0254551 0.0882372 0.0996114 0.0997585 0.0000000 
