102
PAFTOL_019361 0.0000000 0.1884821 0.1792432 0.2846206 0.1873122 0.3399201 0.2507015 0.1989522 0.1768112 0.2800688 0.3152369 0.2334660 0.2196022 0.2098197 0.2067635 0.1771264 0.2167507 0.1854674 0.1713631 0.2820869 0.1956884 0.2900609 0.1752995 0.2267647 0.3536615 0.1718716 0.2114529 0.2759589 0.1994743 0.2351382 0.1838990 0.2751645 0.1922504 0.1747938 0.1973302 0.1787366 0.2813730 0.1813260 0.2127659 0.2347243 0.2593861 0.2963866 0.2782328 0.2788189 0.1869824 0.2528230 0.2763535 0.2447395 0.2865989 0.2826230 0.2754146 0.2651196 0.1915499 0.2928502 0.2845173 0.2141252 8.9999986 0.1766384 0.2592241 0.2846154 0.1806457 0.2094152 0.2489036 0.3687765 0.2285938 0.2386528 0.2368543 0.1819442 0.2229410 0.2732956 0.2505282 0.1895709 0.1763247 0.1984571 0.2122376 0.1804310 0.2361670 0.2335864 0.2187224 0.1908011 0.2712986 0.3052562 0.1914005 0.2965357 0.2210997 0.2055978 0.1698780 0.3061716 0.1840999 0.3954723 0.1833817 0.1687481 0.2252106 0.2195845 0.3627222 0.2260389 0.2364267 0.3619068 0.1915221 0.2070265 0.1746444 0.2103394 
S0055         0.1884821 0.0000000 0.0403021 0.1050599 0.0320836 0.1840901 0.0875959 0.0413230 0.0508746 0.1464860 0.1696424 0.1075718 0.0926239 0.0693647 0.0252171 0.0194547 0.0778332 0.0401724 0.0500572 0.1187018 0.0783218 0.1272679 0.0441573 0.0715443 0.1727995 0.0405469 0.0789592 0.1578653 0.0639353 0.1080714 0.0277978 0.1172204 0.0444633 0.0235521 0.0485621 0.0501125 0.1050213 0.0787846 0.1339745 0.0771300 0.1120594 0.1095320 0.1096076 0.1221866 0.0363490 0.1620850 0.1366784 0.1125553 0.1649557 0.1114902 0.0976331 0.1721688 0.0443840 0.1705001 0.1349632 0.0942580 8.9999983 0.0539451 0.1029787 0.1641586 0.0322327 0.0632606 0.0783401 0.2232970 0.1045388 0.1143123 0.1141422 0.0233469 0.0983016 0.1352814 0.1116778 0.0410545 0.0193954 0.0193939 0.1054582 0.0483433 0.1141427 0.0924700 0.0625207 0.0442910 0.1649433 0.2031033 0.0277150 0.1984641 0.0579143 0.0684147 0.0194831 0.2251550 0.0406809 0.2126335 0.0320930 0.0360202 0.0976113 0.1073004 0.2146435 0.0807420 0.0777529 0.2088032 0.0534436 0.0780820 0.0451120 0.0683184 
S0196sl       0.1792432 0.0403021 0.0000000 0.0660322 0.0410889 0.1617039 0.0639958 0.0559033 0.0608665 0.1348835 0.1424295 0.0973702 0.0844585 0.0705083 0.0389176 0.0197361 0.0784287 0.0000028 0.0508471 0.1156932 0.0701425 0.1189786 0.0578448 0.0777091 0.1676721 0.0498543 0.0335107 0.1201763 0.0788062 0.0978083 0.0408646 0.1018328 0.0038580 0.0321641 0.0077306 0.0079724 0.0967148 0.0376494 0.1146218 0.0504305 0.1074604 0.1057016 0.1115195 0.1175616 0.0542895 0.0949421 0.1007451 0.0878568 0.1499054 0.1077776 0.0994092 0.1340330 0.0038525 0.1322011 0.1425574 0.0803905 8.9999983 0.0592823 0.0690809 0.1261349 0.0327185 0.0645142 0.0512511 0.1878237 0.1012087 0.1038963 0.1037341 0.0236852 0.0842806 0.1197924 0.0776927 0.0504672 0.0196750 0.0530608 0.0877834 0.0402217 0.0793824 0.0639939 0.0680700 0.0038464 0.0960576 0.1684311 0.0365014 0.1307157 0.0588208 0.0602774 0.0320686 0.1901748 0.0368531 0.1804723 0.0410959 0.0494348 0.0986922 0.0992018 0.1820961 0.0821216 0.0508592 0.2056378 0.0282238 0.0606106 0.0502129 0.0418538 
S0281         0.2846206 0.1050599 0.0660322 0.0000000 0.1177432 0.2063540 0.1085945 0.1384565 0.1318275 0.1641921 0.1857806 0.1362596 0.1238512 0.1462679 0.1134623 0.0903547 0.1501532 0.0657950 0.1083643 0.1736419 0.1506384 0.1654839 0.1337976 0.1534374 0.1705075 0.1143734 0.0993590 0.2005396 0.1590435 0.1312792 0.1122697 0.1389421 0.0706606 0.1059217 0.0751409 0.0777312 0.1497208 0.1094991 0.1940025 0.1143878 0.1647361 0.1795845 0.1666244 0.1757226 0.1233834 0.1399952 0.1751473 0.1831670 0.2139609 0.1621149 0.1464507 0.2159618 0.0705078 0.1867454 0.2116255 0.1383624 4.2753935 0.1195027 0.1216349 0.2078867 0.1077374 0.1207716 0.1133088 0.2235483 0.1485156 0.1440466 0.1438492 0.0947852 0.1507851 0.1810408 0.1315308 0.1298424 0.0900153 0.1166550 0.1415845 0.0887866 0.1137298 0.1154304 0.1191506 0.0665412 0.1324150 0.1892560 0.1115005 0.1755948 0.1069784 0.1080595 0.1008539 0.2228557 0.0939301 0.1975723 0.0913090 0.1118531 0.1539845 0.1353830 0.2047829 0.1358358 0.1153289 0.2249195 0.0914960 0.1087273 0.1192228 0.1044990 
S0282         0.1873122 0.0320836 0.0410889 0.1177432 0.0000000 0.1956436 0.1092721 0.0373464 0.0379790 0.1560635 0.1677931 0.1206771 0.0996383 0.0805567 0.0208578 0.0198191 0.0843591 0.0409536 0.0601523 0.1161292 0.0753133 0.1355335 0.0493412 0.0780787 0.2029194 0.0452142 0.0806456 0.1565517 0.0811859 0.1212719 0.0325285 0.1216111 0.0403195 0.0239978 0.0452861 0.0511277 0.1078367 0.0757672 0.1371819 0.0741443 0.1094166 0.1125844 0.1069855 0.1196969 0.0370596 0.1624596 0.1293879 0.1097287 0.1749122 0.1145095 0.1060844 0.1712238 0.0410484 0.1694911 0.1572922 0.0914263 8.9999983 0.0649550 0.1154293 0.1629947 0.0328595 0.0648036 0.0658982 0.2364396 0.1075901 0.1229279 0.1276626 0.0237846 0.1057441 0.1440252 0.1242818 0.0418699 0.0197575 0.0446903 0.1177099 0.0580190 0.1270896 0.1091807 0.0683717 0.0451547 0.1654249 0.2154023 0.0282447 0.2000312 0.0681210 0.0841552 0.0239285 0.2381534 0.0502321 0.2255261 0.0412733 0.0496482 0.1102488 0.1047014 0.2408807 0.0976501 0.0747574 0.2384266 0.0634465 0.0846393 0.0593881 0.0604633 
S0289         0.3399201 0.1840901 0.1617039 0.2063540 0.1956436 0.0000000 0.2027892 0.2046277 0.1586909 0.2718559 0.2569848 0.2195343 0.1585703 0.1865954 0.1491409 0.1549486 0.2131194 0.1677662 0.1822427 0.1923782 0.1932033 0.2689107 0.2060516 0.2426890 0.0447319 0.1792867 0.1684781 0.2860171 0.2463746 0.2270644 0.1784410 0.1848155 0.1743055 0.1806769 0.1675536 0.1780282 0.1704367 0.1549117 0.2949201 0.1833174 0.1951739 0.2019737 0.1785564 0.1940753 0.1837564 0.2199322 0.2722222 0.2162489 0.3140745 0.1775573 0.1624244 0.2784303 0.1737044 0.2881591 0.2341572 0.1888391 8.9999983 0.2064309 0.2208988 0.2945809 0.1697396 0.1890938 0.2193359 0.0552987 0.2560879 0.2295563 0.2293385 0.1548240 0.2267940 0.2167599 0.2310696 0.1669284 0.1608532 0.1900852 0.2045823 0.1701467 0.2431834 0.2119728 0.1884719 0.1730487 0.2435320 0.0909029 0.1875372 0.2706959 0.1810858 0.1548715 0.1797488 0.0718214 0.1997039 0.1021298 0.1815585 0.1718888 0.1913920 0.1761187 0.1038621 0.1839922 0.1847208 0.2677049 0.1644943 0.1558834 0.1976968 0.1843094 
S0292         0.2507015 0.0875959 0.0639958 0.1085945 0.1092721 0.2027892 0.0000000 0.1289654 0.0980776 0.1727423 0.1938903 0.1403687 0.1071675 0.1148491 0.0942478 0.0830172 0.1285367 0.0691005 0.1010010 0.1129147 0.1130151 0.1492568 0.1282223 0.1586979 0.1780895 0.0987106 0.0891449 0.1680503 0.1034681 0.1290164 0.1085991 0.1208591 0.0739193 0.0979694 0.0689965 0.0809925 0.1051320 0.1095513 0.1764230 0.0668536 0.0986256 0.1139939 0.1199506 0.1139245 0.0987409 0.1739168 0.1457280 0.1328294 0.1709995 0.1000038 0.0914029 0.1827557 0.0737598 0.1812686 0.1319183 0.1145661 8.9999983 0.0842088 0.0273454 0.1746439 0.0938639 0.0998127 0.0782254 0.2095584 0.1396101 0.1479817 0.1477893 0.0778972 0.1367729 0.1214358 0.0232613 0.0971764 0.0827166 0.1020143 0.0666509 0.0780575 0.0317569 0.0076405 0.0819313 0.0735727 0.1677249 0.1955350 0.0979742 0.2067994 0.0487149 0.0828266 0.0975940 0.2456070 0.0899291 0.1931948 0.0838674 0.0875346 0.1194520 0.1221939 0.2134733 0.0848967 0.0673951 0.2187164 0.0629691 0.0929219 0.0897370 0.0490988 
S0293         0.1989522 0.0413230 0.0559033 0.1384565 0.0373464 0.2046277 0.1289654 0.0000000 0.0624971 0.1772782 0.1930516 0.1331258 0.1035512 0.0914350 0.0349604 0.0331625 0.0922656 0.0557087 0.0765729 0.1424687 0.0828588 0.1574629 0.0541222 0.0892490 0.2125202 0.0511374 0.0986889 0.1938393 0.0970120 0.1338137 0.0414984 0.1400369 0.0548006 0.0376608 0.0602862 0.0669511 0.1279561 0.0934415 0.1340767 0.1013910 0.1357608 0.1390178 0.1378212 0.1522324 0.0560875 0.1849316 0.1634400 0.1262912 0.1954640 0.1341972 0.1237780 0.2035235 0.0558193 0.2079428 0.1723289 0.1208967 8.9999985 0.0788628 0.1357849 0.2009117 0.0429397 0.0846169 0.1030152 0.2474882 0.1316973 0.1406614 0.1404701 0.0373016 0.1129548 0.1619799 0.1448491 0.0525409 0.0330529 0.0594833 0.1376979 0.0737067 0.1482453 0.1288103 0.0880704 0.0601223 0.1884075 0.2385752 0.0422228 0.2269133 0.0847002 0.1021065 0.0325555 0.2358767 0.0657263 0.2361774 0.0561542 0.0502107 0.1310484 0.1192649 0.2523825 0.1171367 0.1022195 0.2635354 0.0796761 0.1027261 0.0693016 0.0847794 
S0294         0.1768112 0.0508746 0.0608665 0.1318275 0.0379790 0.1586909 0.0980776 0.0624971 0.0000000 0.1463637 0.1441314 0.1184397 0.0938404 0.0903298 0.0400680 0.0377120 0.0741489 0.0604112 0.0615861 0.1140493 0.0746224 0.1204807 0.0599265 0.0910837 0.1594797 0.0605408 0.0754402 0.1599517 0.0831625 0.1133947 0.0516227 0.1030012 0.0604112 0.0423033 0.0649173 0.0666223 0.1059149 0.0702221 0.1411824 0.0826670 0.1019905 0.1048996 0.1050857 0.1170725 0.0249824 0.1719449 0.1442258 0.0948294 0.1645960 0.1067143 0.1029415 0.1748950 0.0604112 0.1732105 0.1365826 0.0755895 8.9999983 0.0813733 0.1046462 0.1657004 0.0427112 0.0812464 0.0699545 0.2027512 0.1155242 0.1206232 0.1253078 0.0418933 0.1156927 0.1145185 0.1078891 0.0458123 0.0375860 0.0549473 0.0913750 0.0788949 0.1043712 0.0988106 0.0743363 0.0651179 0.1684538 0.1841919 0.0469554 0.2014463 0.0776968 0.0687377 0.0421676 0.2187260 0.0610183 0.1879103 0.0559322 0.0555577 0.0929808 0.0988490 0.2150959 0.0845295 0.0833358 0.1924636 0.0728745 0.0691192 0.0808928 0.0693342 
S0303         0.2800688 0.1464860 0.1348835 0.1641921 0.1560635 0.2718559 0.1727423 0.1772782 0.1463637 0.0000000 0.1135684 0.0350041 0.1593579 0.1619189 0.1536522 0.1468900 0.1799727 0.1428997 0.1660173 0.1835821 0.1682130 0.1119540 0.1611681 0.1054312 0.2810252 0.1438881 0.1651997 0.2782801 0.1679642 0.0443715 0.1535820 0.2091469 0.1419256 0.1501668 0.1411322 0.1608073 0.1595298 0.1551926 0.1461350 0.1467760 0.1839371 0.1721293 0.1720357 0.1892309 0.1412006 0.1762903 0.2368013 0.1007401 0.1682971 0.1404539 0.1248905 0.2810797 0.1355236 0.2614990 0.2289227 0.1518830 0.4396174 0.1227211 0.1693445 0.2800944 0.1567558 0.1451029 0.1512784 0.2923497 0.0985057 0.0351357 0.0400280 0.1518576 0.1002990 0.2247068 0.1807874 0.1523383 0.1462283 0.1667235 0.1799900 0.1539153 0.2128302 0.1692534 0.1431342 0.1444823 0.1801467 0.2484248 0.1487462 0.2295232 0.1382236 0.1514251 0.1399476 0.3227896 0.1456482 0.2756562 0.1386858 0.1398698 0.1846591 0.1644045 0.2875111 0.1556795 0.1546380 0.2494685 0.1332858 0.1524721 0.1377235 0.1480046 
S0308         0.3152369 0.1696424 0.1424295 0.1857806 0.1677931 0.2569848 0.1938903 0.1930516 0.1441314 0.1135684 0.0000000 0.0673096 0.1631015 0.1750862 0.1497217 0.1527275 0.1847633 0.1418119 0.1544974 0.1893928 0.1734457 0.0966058 0.1701688 0.2266710 0.2660626 0.1538839 0.1515474 0.3113366 0.1893823 0.0772613 0.1609000 0.1514384 0.1408903 0.1560015 0.1401418 0.1587695 0.1817797 0.1494844 0.1416824 0.1739520 0.1896906 0.1947336 0.1767890 0.2016373 0.1587591 0.1646175 0.2607224 0.0827587 0.1035873 0.1638087 0.1550859 0.3271239 0.1348010 0.2947581 0.2397250 0.1581421 7.8394983 0.1702900 0.1844685 0.3113758 0.1623730 0.1902948 0.1774918 0.2649770 0.0704319 0.0730894 0.0729613 0.1575007 0.0975406 0.1876089 0.1958268 0.1615250 0.1520619 0.1735886 0.1841054 0.1712057 0.2205912 0.1786910 0.1931781 0.1433104 0.1703064 0.2412477 0.1661960 0.2080743 0.1668402 0.1478959 0.1474434 0.2886830 0.1441192 0.2749089 0.1559478 0.1771307 0.1632286 0.1803834 0.3015269 0.1732354 0.1585032 0.2734844 0.1436712 0.1488561 0.1887078 0.1641107 
S0322         0.2334660 0.1075718 0.0973702 0.1362596 0.1206771 0.2195343 0.1403687 0.1331258 0.1184397 0.0350041 0.0673096 0.0000000 0.1183471 0.1200655 0.1111184 0.1078403 0.1359178 0.1039224 0.1227426 0.1541713 0.1255776 0.0616347 0.1197629 0.1627083 0.2263530 0.1102037 0.1234137 0.2292082 0.1310379 0.0077849 0.1135711 0.1628065 0.1032594 0.1100210 0.1027878 0.1182947 0.1349703 0.1155414 0.0899451 0.1131161 0.1543724 0.1454123 0.1507344 0.1654727 0.1136159 0.1531226 0.1872298 0.0532991 0.1052650 0.1188205 0.1046337 0.2331931 0.0978556 0.2148219 0.2027121 0.1252620 8.9999983 0.1017023 0.1435126 0.2291255 0.1156851 0.1106250 0.1255513 0.2485015 0.0491304 0.0039078 0.0038997 0.1123708 0.0521627 0.1787234 0.1526829 0.1230740 0.1074171 0.1247684 0.1473548 0.1241270 0.1627054 0.1369665 0.1092290 0.1050597 0.1658490 0.1983993 0.1090233 0.2104483 0.1108411 0.1119468 0.1020726 0.2617582 0.1057542 0.2341480 0.1011003 0.1073569 0.1500063 0.1342720 0.2532557 0.1145850 0.1140381 0.2337069 0.0963248 0.1126327 0.1157332 0.1137401 
S0335         0.2196022 0.0926239 0.0844585 0.1238512 0.0996383 0.1585703 0.1071675 0.1035512 0.0938404 0.1593579 0.1631015 0.1183471 0.0000000 0.0829749 0.0931592 0.0880097 0.0880640 0.0841472 0.0746685 0.1078669 0.0839148 0.1396708 0.1123219 0.1648603 0.1631612 0.0888191 0.0737732 0.2002994 0.1228626 0.1189210 0.1038908 0.1160736 0.0836296 0.0830678 0.0832878 0.0909963 0.0946058 0.0829210 0.1315629 0.0731830 0.1178116 0.1089359 0.1099721 0.1112056 0.0998695 0.1664494 0.1677922 0.1288131 0.1430889 0.1160480 0.1076566 0.2028206 0.0786740 0.2145828 0.1591900 0.0636577 8.9999983 0.0885822 0.1194435 0.2074717 0.0851499 0.0852625 0.1041603 0.1892515 0.1089554 0.1253970 0.1252177 0.0923300 0.1150492 0.0744021 0.1236018 0.0866742 0.0876880 0.1071675 0.1116416 0.0925287 0.1263904 0.1085386 0.0842248 0.0887368 0.1683999 0.1756424 0.0889036 0.2224982 0.0904446 0.0532541 0.0929980 0.1847852 0.0951006 0.1656661 0.0945852 0.0932968 0.0894135 0.0363182 0.1836365 0.0850168 0.0737860 0.2191865 0.0821211 0.0535323 0.0837323 0.0933880 
S0376         0.2098197 0.0693647 0.0705083 0.1462679 0.0805567 0.1865954 0.1148491 0.0914350 0.0903298 0.1619189 0.1750862 0.1200655 0.0829749 0.0000000 0.0688072 0.0695303 0.0789640 0.0702536 0.0513510 0.1316479 0.0842913 0.1423120 0.0836020 0.1298623 0.2084619 0.0701774 0.0899061 0.2015978 0.0984471 0.1206582 0.0642424 0.1084414 0.0698190 0.0746218 0.0695474 0.0766991 0.1170594 0.0888922 0.1476620 0.0829892 0.1245995 0.1222364 0.1217836 0.1351152 0.0904801 0.1722262 0.1627509 0.1129022 0.1824925 0.1190924 0.1050560 0.2167483 0.0650020 0.2159867 0.1544848 0.0893209 8.9999983 0.0794402 0.1211963 0.2088250 0.0696381 0.0905608 0.0947799 0.1970376 0.1178168 0.1272463 0.1270636 0.0738338 0.1092329 0.1244662 0.1197729 0.0835097 0.0692825 0.0882561 0.1182145 0.0786680 0.1225056 0.0997685 0.0894531 0.0747988 0.1753564 0.1934934 0.0797239 0.2203983 0.0821731 0.0729305 0.0645312 0.2106295 0.0760250 0.2026540 0.0756149 0.0647174 0.1023328 0.0912005 0.2169417 0.0970185 0.0836651 0.2014187 0.0778819 0.0733361 0.0372513 0.0841750 
S0400         0.2067635 0.0252171 0.0389176 0.1134623 0.0208578 0.1491409 0.0942478 0.0349604 0.0400680 0.1536522 0.1497217 0.1111184 0.0931592 0.0688072 0.0000000 0.0166648 0.0792033 0.0387829 0.0529452 0.1142883 0.0695464 0.1147888 0.0385615 0.0777353 0.1660364 0.0386862 0.0804519 0.1669649 0.0797345 0.1170488 0.0253172 0.1194908 0.0381532 0.0210255 0.0343456 0.0494066 0.1002477 0.0753123 0.1336429 0.0780429 0.1074531 0.0982575 0.1050135 0.1179552 0.0390489 0.1629702 0.1376701 0.1080971 0.1616788 0.0963637 0.0876720 0.1824229 0.0388800 0.1808504 0.1498158 0.1023711 8.9999983 0.0678546 0.1057856 0.1738898 0.0257253 0.0687771 0.0734733 0.1873043 0.1008353 0.1184292 0.1182439 0.0123777 0.0996718 0.1327351 0.1096254 0.0397009 0.0166106 0.0338639 0.1058278 0.0566984 0.1177794 0.0941911 0.0672283 0.0386327 0.1660666 0.1738516 0.0254621 0.2020113 0.0626199 0.0841516 0.0209623 0.1904226 0.0438136 0.1829030 0.0391023 0.0479005 0.0984499 0.1099331 0.1980233 0.0872978 0.0787135 0.2349017 0.0577607 0.0846616 0.0581049 0.0734291 
S0405         0.1771264 0.0194547 0.0197361 0.0903547 0.0198191 0.1549486 0.0830172 0.0331625 0.0377120 0.1468900 0.1527275 0.1078403 0.0880097 0.0695303 0.0166648 0.0000000 0.0733431 0.0196750 0.0457746 0.1029839 0.0645525 0.1222978 0.0358786 0.0527477 0.1675383 0.0364087 0.0558883 0.1360857 0.0692328 0.1083427 0.0197158 0.1095831 0.0237546 0.0116381 0.0277569 0.0286361 0.0903375 0.0557728 0.1236800 0.0635644 0.1015728 0.1045239 0.0993831 0.1115169 0.0322348 0.1315386 0.1159285 0.1068460 0.1594418 0.1066059 0.0983220 0.1504917 0.0237167 0.1483605 0.1421125 0.0895676 8.9999983 0.0540698 0.0885088 0.1421799 0.0199180 0.0591183 0.0645784 0.1998652 0.1052907 0.1146018 0.1144311 0.0038106 0.0933053 0.1241631 0.0972189 0.0284256 0.0000028 0.0315334 0.0912613 0.0442154 0.0993591 0.0829863 0.0626651 0.0236727 0.1338037 0.1801746 0.0156523 0.1679378 0.0449969 0.0639901 0.0116067 0.2020542 0.0365317 0.2014506 0.0280183 0.0361016 0.0976608 0.1026095 0.2033389 0.0857879 0.0640899 0.2180536 0.0406619 0.0643406 0.0452156 0.0548819 
S0412sl       0.2167507 0.0778332 0.0784287 0.1501532 0.0843591 0.2131194 0.1285367 0.0922656 0.0741489 0.1799727 0.1847633 0.1359178 0.0880640 0.0789640 0.0792033 0.0733431 0.0000000 0.0781473 0.0800621 0.1386729 0.0778631 0.1454754 0.0832083 0.1333529 0.2030908 0.0551455 0.0934179 0.1676913 0.0863467 0.1366173 0.0885438 0.1309965 0.0776743 0.0737221 0.0773683 0.0904007 0.1143263 0.0828437 0.1338809 0.0961825 0.1323674 0.1250499 0.1343913 0.1424485 0.0793391 0.1832460 0.1512660 0.1315131 0.1932630 0.1366822 0.1285681 0.1882961 0.0728691 0.1807432 0.1822294 0.0888255 8.9999983 0.0886304 0.1350917 0.1803280 0.0893848 0.1152459 0.1083221 0.2410147 0.1286639 0.1434284 0.1432380 0.0776004 0.1315507 0.1412977 0.1438260 0.0814354 0.0730834 0.0731465 0.1317549 0.0770983 0.1364656 0.1234782 0.1138550 0.0733045 0.1800199 0.1990283 0.0835055 0.2435305 0.0952330 0.0872761 0.0781431 0.2336381 0.0798806 0.2178266 0.0739579 0.0684732 0.0976535 0.1076686 0.2226671 0.1047408 0.0969394 0.2169260 0.0809069 0.0877734 0.0796974 0.0975582 
S0419         0.1854674 0.0401724 0.0000028 0.0657950 0.0409536 0.1677662 0.0691005 0.0557087 0.0604112 0.1428997 0.1418119 0.1039224 0.0841472 0.0702536 0.0387829 0.0196750 0.0781473 0.0000000 0.0506730 0.1152212 0.0698912 0.1185005 0.0576506 0.0774162 0.1739475 0.0496874 0.0333993 0.1196669 0.0842177 0.1044061 0.0407310 0.1106421 0.0038465 0.0320617 0.0077075 0.0079478 0.0963429 0.0420593 0.1198324 0.0502598 0.1136031 0.1110697 0.1110830 0.1238802 0.0541063 0.1008280 0.1003418 0.0940751 0.1556660 0.1130144 0.1046631 0.1340975 0.0038410 0.1316288 0.1495144 0.0800941 8.9999983 0.0590775 0.0743246 0.1249977 0.0326121 0.0642874 0.0510747 0.1941396 0.1012571 0.1106759 0.1105062 0.0236117 0.0892672 0.1262784 0.0830221 0.0502956 0.0196144 0.0528858 0.0874629 0.0400925 0.0848457 0.0690921 0.0678319 0.0038347 0.1024868 0.1745702 0.0363835 0.1367049 0.0586196 0.0600662 0.0319669 0.1964086 0.0411658 0.1956595 0.0409606 0.0492704 0.0983038 0.0988280 0.1974825 0.0818117 0.0506854 0.2120607 0.0281344 0.0603969 0.0500426 0.0417135 
S0427         0.1713631 0.0500572 0.0508471 0.1083643 0.0601523 0.1822427 0.1010010 0.0765729 0.0615861 0.1660173 0.1544974 0.1227426 0.0746685 0.0513510 0.0529452 0.0457746 0.0800621 0.0506730 0.0000000 0.1159100 0.0813026 0.1313260 0.0680209 0.0999455 0.1958579 0.0416245 0.0756507 0.1640002 0.0658121 0.1233664 0.0554706 0.1109960 0.0552625 0.0504172 0.0595839 0.0563829 0.1020906 0.0851334 0.1532742 0.0800217 0.1091885 0.1065583 0.1067586 0.1194873 0.0600540 0.1386219 0.1417065 0.1224085 0.1571247 0.1086308 0.1001932 0.1788380 0.0551539 0.1772506 0.1194000 0.0759282 8.9999983 0.0697478 0.1070843 0.1706054 0.0512950 0.0804602 0.0919131 0.1815627 0.1080463 0.1301406 0.1299522 0.0499245 0.1200352 0.1039779 0.1161115 0.0703492 0.0456210 0.0540755 0.0834115 0.0588919 0.1187772 0.1009297 0.0794780 0.0550264 0.1321092 0.1891236 0.0551103 0.1552124 0.0691876 0.0601322 0.0460072 0.1839243 0.0420943 0.1929372 0.0461212 0.0412666 0.0829616 0.0996763 0.2124579 0.0880672 0.0806888 0.2274824 0.0648956 0.0604632 0.0325374 0.0708596 
S0552sl       0.2820869 0.1187018 0.1156932 0.1736419 0.1161292 0.1923782 0.1129147 0.1424687 0.1140493 0.1835821 0.1893928 0.1541713 0.1078669 0.1316479 0.1142883 0.1029839 0.1386729 0.1152212 0.1159100 0.0000000 0.1154211 0.1553774 0.1528226 0.1871056 0.2163772 0.1073427 0.1240535 0.2256789 0.1262581 0.1550199 0.1314381 0.0361920 0.1144806 0.1197253 0.1139320 0.1303725 0.0631729 0.1281897 0.1840111 0.0908731 0.0279037 0.0798384 0.0154935 0.0238160 0.1132698 0.2300782 0.1840926 0.1187762 0.1849586 0.0634956 0.0554840 0.2410784 0.1088760 0.2408756 0.1155211 0.1267632 8.9999983 0.1045083 0.1193674 0.2269645 0.1153411 0.1091083 0.1137923 0.2171473 0.1641277 0.1571639 0.1620494 0.1132285 0.1617358 0.1466403 0.1233963 0.1186358 0.1082064 0.1346205 0.0885675 0.1081259 0.1424933 0.1128105 0.0958071 0.1201858 0.2548338 0.2176661 0.1256331 0.2823264 0.0907940 0.1243663 0.1192125 0.2601037 0.1220934 0.2143560 0.1067445 0.1237087 0.1218688 0.1078039 0.2361106 0.0933549 0.0916284 0.2172420 0.1175228 0.1133760 0.1218831 0.0968551 
S0558         0.1956884 0.0783218 0.0701425 0.1506384 0.0753133 0.1932033 0.1130151 0.0828588 0.0746224 0.1682130 0.1734457 0.1255776 0.0839148 0.0842913 0.0695464 0.0645525 0.0778631 0.0698912 0.0813026 0.1154211 0.0000000 0.1391264 0.0933650 0.1356498 0.2212583 0.0651504 0.0959259 0.1482031 0.1080826 0.1262073 0.0795034 0.1232738 0.0694617 0.0648808 0.0691937 0.0819178 0.1025697 0.0948215 0.1087778 0.0818235 0.1095883 0.0967395 0.1120055 0.1192148 0.0747671 0.1902583 0.1165626 0.1271130 0.1639443 0.1138846 0.1058309 0.1513214 0.0646805 0.1607673 0.1450518 0.1000816 8.9999983 0.0795726 0.1191984 0.1544518 0.0608297 0.0889211 0.0837485 0.2399270 0.1166871 0.1328782 0.1326924 0.0688124 0.1000424 0.1477751 0.1279614 0.0783219 0.0643261 0.0924987 0.1213814 0.0876803 0.1204686 0.1129145 0.0868009 0.0744031 0.1938182 0.2002050 0.0745321 0.2343931 0.0863735 0.0878209 0.0692885 0.2199698 0.0803932 0.2157717 0.0704515 0.0788750 0.1246673 0.1083361 0.2178389 0.0906771 0.0824802 0.2142570 0.0722151 0.0883240 0.0802086 0.0829717 
S0616         0.2900609 0.1272679 0.1189786 0.1654839 0.1355335 0.2689107 0.1492568 0.1574629 0.1204807 0.1119540 0.0966058 0.0616347 0.1396708 0.1423120 0.1147888 0.1222978 0.1454754 0.1185005 0.1313260 0.1553774 0.1391264 0.0000000 0.1380794 0.2015854 0.2762263 0.1316432 0.1544132 0.2459585 0.1616744 0.0713246 0.1245233 0.1818185 0.1177550 0.1247615 0.1171961 0.1334952 0.1710268 0.1523422 0.1224758 0.1213815 0.1688055 0.1713719 0.1647235 0.1802761 0.1346509 0.2026684 0.2091578 0.0816369 0.1143133 0.1262749 0.1236750 0.2687371 0.1122189 0.2447354 0.2266405 0.1415370 8.9999983 0.1380725 0.1449783 0.2532913 0.1187254 0.1376879 0.1338482 0.2844271 0.0618222 0.0672038 0.0670850 0.1268075 0.0771958 0.1862107 0.1623604 0.1376581 0.1218118 0.1312598 0.1433397 0.1388909 0.1726228 0.1466357 0.1293116 0.1197515 0.2146976 0.2603997 0.1236588 0.2616668 0.1251511 0.1247555 0.1173898 0.2858400 0.1190794 0.2722539 0.1301042 0.1402029 0.1671066 0.1511243 0.3068941 0.1385227 0.1223442 0.2431679 0.1104976 0.1141708 0.1428385 0.1220378 
S0641         0.1752995 0.0441573 0.0578448 0.1337976 0.0493412 0.2060516 0.1282223 0.0541222 0.0599265 0.1611681 0.1701688 0.1197629 0.1123219 0.0836020 0.0385615 0.0358786 0.0832083 0.0576506 0.0680209 0.1528226 0.0933650 0.1380794 0.0000000 0.0862894 0.2136844 0.0582088 0.0990960 0.1722989 0.0691177 0.1310394 0.0402583 0.1416741 0.0621671 0.0316907 0.0663771 0.0685323 0.1255788 0.0988589 0.1415238 0.1064857 0.1453692 0.1261774 0.1420359 0.1437145 0.0626926 0.1699256 0.1557046 0.1341417 0.1874738 0.1231366 0.1197224 0.1868637 0.0620448 0.1854785 0.1407031 0.1142914 8.9999983 0.0668545 0.1243649 0.1788785 0.0495504 0.0726670 0.1081184 0.2405682 0.1077073 0.1268809 0.1266998 0.0398624 0.1103166 0.1576827 0.1435114 0.0588986 0.0357646 0.0438498 0.1253429 0.0749937 0.1361434 0.1231677 0.0761164 0.0531712 0.1805621 0.2134310 0.0446438 0.2099792 0.0763756 0.0966507 0.0315980 0.2422196 0.0492653 0.2082185 0.0580930 0.0573363 0.1236294 0.1388610 0.2520857 0.1116296 0.1073171 0.2409989 0.0671229 0.0972070 0.0582366 0.0921261 
S0643         0.2267647 0.0715443 0.0777091 0.1534374 0.0780787 0.2426890 0.1586979 0.0892490 0.0910837 0.1054312 0.2266710 0.1627083 0.1648603 0.1298623 0.0777353 0.0527477 0.1333529 0.0774162 0.0999455 0.1871056 0.1356498 0.2015854 0.0862894 0.0000000 0.2522882 0.0822783 0.1187731 0.2242988 0.1234451 0.1636656 0.0672838 0.2307470 0.0825635 0.0672851 0.0872208 0.0903355 0.1620336 0.1184420 0.1899155 0.1274671 0.1841228 0.1826768 0.1793762 0.1964751 0.0827018 0.1831135 0.1968774 0.1872987 0.2536955 0.1827251 0.1670447 0.2400770 0.0823694 0.2398443 0.2229257 0.1544124 0.4396174 0.1092616 0.1666865 0.2321480 0.0783812 0.1161128 0.1265650 0.2890569 0.1767637 0.1713763 0.1711632 0.0571312 0.1539074 0.2153013 0.1684107 0.0893419 0.0525600 0.0911021 0.1620008 0.1070424 0.1804714 0.1584158 0.1194995 0.0821425 0.1782653 0.2650052 0.0724501 0.2215543 0.1092662 0.1344295 0.0571144 0.2822520 0.0988122 0.2919755 0.0821820 0.0762714 0.1750740 0.1758530 0.2712521 0.1567051 0.1345410 0.2862203 0.1036589 0.1353177 0.0986082 0.1231322 
S0656sl       0.3536615 0.1727995 0.1676721 0.1705075 0.2029194 0.0447319 0.1780895 0.2125202 0.1594797 0.2810252 0.2660626 0.2263530 0.1631612 0.2084619 0.1660364 0.1675383 0.2030908 0.1739475 0.1958579 0.2163772 0.2212583 0.2762263 0.2136844 0.2522882 0.0000000 0.1864488 0.1552394 0.2423232 0.2448788 0.2272852 0.1928181 0.1969150 0.1807410 0.1873537 0.1737235 0.1846945 0.1673828 0.1417763 0.3115569 0.2098328 0.2065126 0.2039553 0.2075310 0.2177985 0.1854320 0.2305320 0.2299312 0.2075864 0.3302837 0.1789633 0.1633150 0.2226433 0.1800889 0.2441547 0.2608699 0.1904483 8.9999983 0.2087430 0.2151237 0.2503499 0.1832884 0.2080353 0.2178829 0.0742399 0.2577425 0.2367551 0.2365327 0.1605233 0.2339091 0.2220531 0.2188035 0.1647208 0.1667632 0.1667811 0.2046183 0.1710802 0.2245716 0.1935308 0.2143358 0.1730500 0.2392912 0.0791543 0.1944670 0.2763803 0.1746619 0.1437891 0.1863529 0.1152245 0.1879672 0.0847281 0.1683428 0.1851245 0.1696539 0.1966192 0.0862422 0.1744648 0.2114170 0.2801239 0.1767328 0.1563116 0.2122421 0.1984214 
S0689         0.1718716 0.0405469 0.0498543 0.1143734 0.0452142 0.1792867 0.0987106 0.0511374 0.0605408 0.1438881 0.1538839 0.1102037 0.0888191 0.0701774 0.0386862 0.0364087 0.0551455 0.0496874 0.0416245 0.1073427 0.0651504 0.1316432 0.0582088 0.0822783 0.1864488 0.0000000 0.0848264 0.1403716 0.0557539 0.1107312 0.0497930 0.1012554 0.0495006 0.0408271 0.0537846 0.0603120 0.1051462 0.0794903 0.1332364 0.0730504 0.1009925 0.1048457 0.0988283 0.1108739 0.0498034 0.1658477 0.1142611 0.1130236 0.1557449 0.1116215 0.1033627 0.1547026 0.0495006 0.1526685 0.1538858 0.0799479 7.8394983 0.0592460 0.1045956 0.1464800 0.0502856 0.0787258 0.0846384 0.2184563 0.1142535 0.1171584 0.1169824 0.0404461 0.1122567 0.1241959 0.1134039 0.0597689 0.0362913 0.0447730 0.1021296 0.0490568 0.1057641 0.0986458 0.0777868 0.0452394 0.1697082 0.1982897 0.0453029 0.2030722 0.0677717 0.0738382 0.0407013 0.2139545 0.0415598 0.1953383 0.0366695 0.0238520 0.0876765 0.0929294 0.2096979 0.0808440 0.0739433 0.2372830 0.0635755 0.0742520 0.0501902 0.0693703 
S0720         0.2114529 0.0789592 0.0335107 0.0993590 0.0806456 0.1684781 0.0891449 0.0986889 0.0754402 0.1651997 0.1515474 0.1234137 0.0737732 0.0899061 0.0804519 0.0558883 0.0934179 0.0333993 0.0756507 0.1240535 0.0959259 0.1544132 0.0990960 0.1187731 0.1552394 0.0848264 0.0000000 0.1576720 0.1130973 0.1240213 0.0801602 0.1139927 0.0378159 0.0700997 0.0420735 0.0385924 0.1102526 0.0238514 0.1412678 0.0790555 0.1280110 0.1257390 0.1251470 0.1384283 0.0794696 0.0970484 0.1357548 0.1118990 0.1738594 0.1273040 0.1190714 0.1724999 0.0377477 0.1707757 0.1535043 0.0845061 8.9999983 0.0956628 0.0948552 0.1641970 0.0713232 0.0862437 0.0803256 0.2004883 0.1133531 0.1305795 0.1303971 0.0601577 0.1097956 0.1259350 0.1037133 0.0640750 0.0556939 0.0932589 0.1118984 0.0787996 0.1060395 0.0891019 0.0897385 0.0376680 0.1074344 0.1586036 0.0751442 0.1479751 0.0776861 0.0696094 0.0698511 0.2176536 0.0810643 0.1598244 0.0686231 0.0841198 0.1005605 0.0888469 0.1661903 0.0747052 0.0797086 0.2362340 0.0546772 0.0700012 0.0802092 0.0699979 
S0735         0.2759589 0.1578653 0.1201763 0.2005396 0.1565517 0.2860171 0.1680503 0.1938393 0.1599517 0.2782801 0.3113366 0.2292082 0.2002994 0.2015978 0.1669649 0.1360857 0.1676913 0.1196669 0.1640002 0.2256789 0.1482031 0.2459585 0.1722989 0.2242988 0.2423232 0.1403716 0.1576720 0.0000000 0.1947994 0.2146084 0.1671504 0.2371184 0.1255897 0.1483562 0.1305844 0.1355469 0.2057177 0.1690098 0.2627088 0.1506287 0.1936843 0.1948211 0.2160570 0.2074415 0.1657473 0.2464282 0.0284647 0.2269353 0.3025231 0.2275829 0.2112975 0.0242513 0.1252220 0.0077851 0.2630974 0.1956366 8.9999983 0.1716213 0.1759114 0.0119300 0.1569021 0.1739924 0.1890811 0.3216440 0.2501369 0.2342978 0.2398280 0.1408825 0.2236911 0.2435103 0.2073662 0.1824340 0.1355011 0.1636018 0.1763555 0.1509537 0.1886677 0.1798428 0.1692134 0.1138241 0.2655827 0.2738199 0.1491735 0.2708010 0.1543328 0.1784156 0.1534842 0.3311980 0.1573917 0.3094891 0.1436256 0.1453496 0.1995607 0.2130508 0.3246203 0.1734894 0.1592806 0.3108488 0.1416417 0.1866593 0.1690420 0.1470885 
S0742         0.1994743 0.0639353 0.0788062 0.1590435 0.0811859 0.2463746 0.1034681 0.0970120 0.0831625 0.1679642 0.1893823 0.1310379 0.1228626 0.0984471 0.0797345 0.0692328 0.0863467 0.0842177 0.0658121 0.1262581 0.1080826 0.1616744 0.0691177 0.1234451 0.2448788 0.0557539 0.1130973 0.1947994 0.0000000 0.1317311 0.0795840 0.1348914 0.0892579 0.0742953 0.0937684 0.0970000 0.1310437 0.1243772 0.1678004 0.1063770 0.1277411 0.1264701 0.1387629 0.1381117 0.0713935 0.1907890 0.1702440 0.1375891 0.1766232 0.1211120 0.1072317 0.2099281 0.0890496 0.2090116 0.1361238 0.1213369 8.9999983 0.0703654 0.1094378 0.2019273 0.0852210 0.0973294 0.1265615 0.2836866 0.1266425 0.1318205 0.1385559 0.0735151 0.1335776 0.1318150 0.1182129 0.0959478 0.0689874 0.0685387 0.1094554 0.0830609 0.1106386 0.0986376 0.0961268 0.0792265 0.1853370 0.2411834 0.0793680 0.2034624 0.0832703 0.1062061 0.0693449 0.2844311 0.0656779 0.2445461 0.0698101 0.0597962 0.1243800 0.1352377 0.2738830 0.1006651 0.1072417 0.2527664 0.0998254 0.1068494 0.0707148 0.0921831 
S0748         0.2351382 0.1080714 0.0978083 0.1312792 0.1212719 0.2270644 0.1290164 0.1338137 0.1133947 0.0443715 0.0772613 0.0077849 0.1189210 0.1206582 0.1170488 0.1083427 0.1366173 0.1044061 0.1233664 0.1550199 0.1262073 0.0713246 0.1310394 0.1636656 0.2272852 0.1107312 0.1240213 0.2146084 0.1317311 0.0000000 0.1141115 0.1628065 0.1037364 0.1105463 0.1032594 0.1188882 0.1356631 0.1160854 0.0903293 0.1023637 0.1425205 0.1336185 0.1515398 0.1600194 0.1141590 0.1540777 0.1739562 0.0590991 0.0944781 0.1300670 0.1100431 0.2190040 0.0982978 0.2005441 0.1893999 0.1258895 8.9999983 0.1021642 0.1428488 0.2145124 0.1162483 0.1219065 0.1261801 0.2565089 0.0539334 0.0118688 0.0118459 0.1128991 0.0568785 0.1798071 0.1535121 0.1236725 0.1079149 0.1253857 0.1481213 0.1247393 0.1505523 0.1376816 0.1087739 0.1055540 0.1669516 0.2057735 0.1095388 0.1960508 0.1216560 0.1124725 0.1025359 0.2700992 0.1062567 0.2421133 0.1015556 0.0967970 0.1508279 0.1349523 0.2686737 0.1204103 0.1032084 0.2285397 0.1068870 0.1131659 0.1162992 0.1029298 
S0756         0.1838990 0.0277978 0.0408646 0.1122697 0.0325285 0.1784410 0.1085991 0.0414984 0.0516227 0.1535820 0.1609000 0.1135711 0.1038908 0.0642424 0.0253172 0.0197158 0.0885438 0.0407310 0.0554706 0.1314381 0.0795034 0.1245233 0.0402583 0.0672838 0.1928181 0.0497930 0.0801602 0.1671504 0.0795840 0.1141115 0.0000000 0.1177417 0.0450860 0.0238713 0.0492429 0.0508375 0.1169401 0.0799797 0.1190246 0.0877343 0.1244347 0.1113394 0.1216385 0.1348843 0.0454662 0.1524795 0.1450915 0.1067306 0.1678699 0.1189600 0.1049952 0.1816997 0.0450042 0.1802054 0.1554428 0.1057399 8.9999983 0.0587936 0.1147052 0.1736628 0.0326813 0.0639658 0.0891127 0.2050308 0.1064712 0.1204812 0.1203059 0.0236604 0.0828613 0.1486586 0.1235077 0.0416365 0.0196549 0.0444489 0.1169873 0.0576977 0.1262810 0.1085101 0.0674913 0.0449083 0.1624012 0.1973079 0.0280942 0.1966637 0.0677326 0.0883317 0.0077417 0.2071378 0.0499524 0.1943587 0.0410473 0.0405085 0.1147464 0.1071592 0.2211888 0.1020107 0.0884406 0.2290902 0.0630881 0.0888404 0.0498143 0.0786951 
S0758         0.2751645 0.1172204 0.1018328 0.1389421 0.1216111 0.1848155 0.1208591 0.1400369 0.1030012 0.2091469 0.1514384 0.1628065 0.1160736 0.1084414 0.1194908 0.1095831 0.1309965 0.1106421 0.1109960 0.0361920 0.1232738 0.1818185 0.1416741 0.2307470 0.1969150 0.1012554 0.1139927 0.2371184 0.1348914 0.1628065 0.1177417 0.0000000 0.1096220 0.1268018 0.1088832 0.1310201 0.0988287 0.1120280 0.1980737 0.1066015 0.0352582 0.1029248 0.0234401 0.0352009 0.1107075 0.2005899 0.1894678 0.1457757 0.1775489 0.1008263 0.0875700 0.2489666 0.1017066 0.2593466 0.1077356 0.1021970 8.9999983 0.1132026 0.1229133 0.2288514 0.1212216 0.0967747 0.1244701 0.1897147 0.1701177 0.1674947 0.1628065 0.1245540 0.1619512 0.1442047 0.1289084 0.1222317 0.1172204 0.1172204 0.1118147 0.1178348 0.1365180 0.1215090 0.0949020 0.1099280 0.1987120 0.1663695 0.1355241 0.2299472 0.1070944 0.1148771 0.1099280 0.2457794 0.1031970 0.1508350 0.0991423 0.1163654 0.1344846 0.1070699 0.1748570 0.1139171 0.1059384 0.2216245 0.1228688 0.1158978 0.1284405 0.1174139 
S0760         0.1922504 0.0444633 0.0038580 0.0706606 0.0403195 0.1743055 0.0739193 0.0548006 0.0604112 0.1419256 0.1408903 0.1032594 0.0836296 0.0698190 0.0381532 0.0237546 0.0776743 0.0038465 0.0552625 0.1144806 0.0694617 0.1177550 0.0621671 0.0825635 0.1807410 0.0495006 0.0378159 0.1255897 0.0892579 0.1037364 0.0450860 0.1096220 0.0000000 0.0362948 0.0076636 0.0119942 0.0957384 0.0418044 0.1190674 0.0499580 0.1128818 0.1103492 0.1103919 0.1230976 0.0586417 0.1069804 0.0996907 0.0933234 0.1546453 0.1123018 0.1039902 0.1400834 0.0038193 0.1377251 0.1557076 0.0795979 8.9999983 0.0637115 0.0792541 0.1316066 0.0369168 0.0690361 0.0507638 0.2010564 0.1005940 0.1099627 0.1097944 0.0277150 0.0886897 0.1254656 0.0879914 0.0548270 0.0236806 0.0573090 0.0924766 0.0443749 0.0899332 0.0739039 0.0725546 0.0077155 0.1087622 0.1812178 0.0406801 0.1430646 0.0632129 0.0596998 0.0361855 0.2032427 0.0455684 0.2026656 0.0453398 0.0537188 0.0976739 0.0982231 0.2045807 0.0812948 0.0503789 0.2106958 0.0323513 0.0600265 0.0545682 0.0461843 
S0763         0.1747938 0.0235521 0.0321641 0.1059217 0.0239978 0.1806769 0.0979694 0.0376608 0.0423033 0.1501668 0.1560015 0.1100210 0.0830678 0.0746218 0.0210255 0.0116381 0.0737221 0.0320617 0.0504172 0.1197253 0.0648808 0.1247615 0.0316907 0.0672851 0.1873537 0.0408271 0.0700997 0.1483562 0.0742953 0.1105463 0.0238713 0.1268018 0.0362948 0.0000000 0.0403828 0.0416766 0.0950507 0.0699477 0.1207640 0.0777102 0.1130048 0.0990948 0.1105093 0.1117572 0.0365983 0.1372221 0.1329607 0.1095843 0.1629017 0.1124232 0.1041036 0.1628478 0.0362323 0.1609604 0.1362420 0.0845379 8.9999983 0.0495957 0.1038101 0.1546243 0.0241152 0.0639615 0.0789387 0.2202832 0.0998260 0.1169537 0.1167783 0.0155208 0.0952013 0.1364864 0.1125794 0.0327786 0.0116030 0.0357930 0.1062928 0.0486774 0.1150856 0.0979076 0.0674928 0.0361594 0.1395889 0.1963856 0.0197402 0.1879407 0.0583286 0.0782364 0.0156117 0.2157748 0.0409626 0.2094617 0.0323105 0.0404827 0.1034282 0.1081612 0.2242833 0.0912379 0.0783428 0.2328121 0.0494591 0.0786779 0.0497934 0.0688276 
S0765         0.1973302 0.0485621 0.0077306 0.0751409 0.0452861 0.1675536 0.0689965 0.0602862 0.0649173 0.1411322 0.1401418 0.1027878 0.0832878 0.0695474 0.0343456 0.0277569 0.0773683 0.0077075 0.0595839 0.1139320 0.0691937 0.1171961 0.0663771 0.0872208 0.1737235 0.0537846 0.0420735 0.1305844 0.0937684 0.1032594 0.0492429 0.1088832 0.0076636 0.0403828 0.0000000 0.0160201 0.0953204 0.0416620 0.1184913 0.0497844 0.1123505 0.1098234 0.1098873 0.1224997 0.0628897 0.1123342 0.0992338 0.0928098 0.1537775 0.1117780 0.1035103 0.1450058 0.0038092 0.1427598 0.1606664 0.0792754 8.9999983 0.0680198 0.0837370 0.1366251 0.0410702 0.0734194 0.0505844 0.1939008 0.1001272 0.1094429 0.1092760 0.0235724 0.0883011 0.1248396 0.0829029 0.0590916 0.0276700 0.0614594 0.0969421 0.0484661 0.0944822 0.0689883 0.0768913 0.0115937 0.1142082 0.1862966 0.0448058 0.1482693 0.0674879 0.0594802 0.0402598 0.1961713 0.0497681 0.2078129 0.0495184 0.0579153 0.0972352 0.0978007 0.2097758 0.0809568 0.0502016 0.2093144 0.0364440 0.0598042 0.0588334 0.0504467 
S0770         0.1787366 0.0501125 0.0079724 0.0777312 0.0511277 0.1780282 0.0809925 0.0669511 0.0666223 0.1608073 0.1587695 0.1182947 0.0909963 0.0766991 0.0494066 0.0286361 0.0904007 0.0079478 0.0563829 0.1303725 0.0819178 0.1334952 0.0685323 0.0903355 0.1846945 0.0603120 0.0385924 0.1355469 0.0970000 0.1188882 0.0508375 0.1310201 0.0119942 0.0416766 0.0160201 0.0000000 0.1100530 0.0475127 0.1208171 0.0610447 0.1284689 0.1107805 0.1254909 0.1392712 0.0649547 0.1095177 0.1147674 0.1115729 0.1736956 0.1277322 0.1191982 0.1504287 0.0119759 0.1482251 0.1667271 0.0868614 8.9999983 0.0702806 0.0866152 0.1418402 0.0424071 0.0758957 0.0620519 0.2053330 0.1158755 0.1255901 0.1254045 0.0327222 0.1030171 0.1349350 0.0888382 0.0610444 0.0285438 0.0634309 0.0933530 0.0500105 0.0855735 0.0809646 0.0794531 0.0119549 0.1113832 0.1850908 0.0462500 0.1462673 0.0697129 0.0661039 0.0415452 0.2074915 0.0513960 0.2070178 0.0511302 0.0597987 0.1059295 0.1061161 0.2090125 0.0825326 0.0615673 0.2337206 0.0376165 0.0664790 0.0556614 0.0521218 
S0771         0.2813730 0.1050213 0.0967148 0.1497208 0.1078367 0.1704367 0.1051320 0.1279561 0.1059149 0.1595298 0.1817797 0.1349703 0.0946058 0.1170594 0.1002477 0.0903375 0.1143263 0.0963429 0.1020906 0.0631729 0.1025697 0.1710268 0.1255788 0.1620336 0.1673828 0.1051462 0.1102526 0.2057177 0.1310437 0.1356631 0.1169401 0.0988287 0.0957384 0.0950507 0.0953204 0.1100530 0.0000000 0.1089470 0.1750348 0.0929582 0.0578732 0.0490364 0.0567696 0.0573121 0.1052348 0.1805991 0.1728993 0.0972395 0.1965782 0.0523819 0.0446794 0.2081522 0.0905270 0.2071976 0.0804975 0.1014392 8.9999983 0.0794252 0.1112619 0.2001504 0.0916374 0.1168375 0.1005346 0.1816824 0.1455489 0.1291195 0.1422711 0.0947615 0.1468999 0.1566697 0.1099983 0.0950507 0.0899987 0.1100076 0.0958100 0.0949714 0.1335696 0.1050506 0.1034777 0.1010881 0.1946980 0.1820608 0.1114528 0.2310607 0.0838732 0.1051332 0.1054572 0.2344999 0.1079124 0.1847241 0.0937761 0.1097838 0.1192316 0.1327011 0.1863973 0.0862751 0.0937045 0.1881139 0.0939619 0.1057654 0.1077087 0.0897472 
S0795         0.1813260 0.0787846 0.0376494 0.1094991 0.0757672 0.1549117 0.1095513 0.0934415 0.0702221 0.1551926 0.1494844 0.1155414 0.0829210 0.0888922 0.0753123 0.0557728 0.0828437 0.0420593 0.0851334 0.1281897 0.0948215 0.1523422 0.0988589 0.1184420 0.1417763 0.0794903 0.0238514 0.1690098 0.1243772 0.1160854 0.0799797 0.1120280 0.0418044 0.0699477 0.0416620 0.0475127 0.1089470 0.0000000 0.1486208 0.0781977 0.1205990 0.1241425 0.1236237 0.1366616 0.0792930 0.1026911 0.1339501 0.1038130 0.1877678 0.1257266 0.1175971 0.1633209 0.0373824 0.1822616 0.1643278 0.0835703 8.9999983 0.0954334 0.1157444 0.1756224 0.0807593 0.1068846 0.0794406 0.1975356 0.1177584 0.1223821 0.1222084 0.0600324 0.1165309 0.1363607 0.1246398 0.0639412 0.0555792 0.0930429 0.1216058 0.0686980 0.1274704 0.1094587 0.1102256 0.0463722 0.1059609 0.1721009 0.0749781 0.1458882 0.0971471 0.0688723 0.0697004 0.2143053 0.0801640 0.1734936 0.0684777 0.0839291 0.0895222 0.0982497 0.1801011 0.0886793 0.0788371 0.2257229 0.0635301 0.0692551 0.0897009 0.0793045 
