94
S0055       0.0000000 0.0689041 0.1463074 0.0745042 0.0455949 0.0819678 0.0920281 0.0424764 0.0799084 0.0957225 0.0734122 0.0513502 0.0385387 0.0645101 0.0854919 0.0571445 0.0819678 0.1913051 0.0697907 0.0783601 0.0583796 0.0853839 0.1018084 0.0510900 0.0418615 0.0778746 0.1215171 0.0646563 0.0546718 0.0437211 0.0436614 0.1035665 0.0931765 0.0614279 0.0731121 0.0704323 0.0752151 0.0492009 0.0662944 0.1195799 0.0876466 0.0649381 0.0744813 0.1232538 0.1095193 0.0939438 0.1042074 0.0548082 0.0548054 0.0460210 0.0637320 0.0913193 0.0808405 0.1070567 0.0721174 0.0900870 0.1129058 0.0930050 0.0842254 0.0385264 0.1261901 0.0793254 0.0456226 0.0379113 0.0132239 0.0324382 0.0518493 0.0542060 0.0462068 0.0677054 0.0453150 0.1252563 0.1214632 0.0968871 0.0421759 0.1291197 0.0553746 0.0692987 0.0342286 0.0860692 0.0659996 0.0793262 0.0419815 0.0520595 0.0836038 0.0843350 0.0710073 0.0649484 0.0561233 0.1014747 0.0522952 0.0555011 0.0783532 0.0435572 
S0196sl     0.0689041 0.0000000 9.0000000 0.0649701 0.0418197 0.0975518 0.0885958 0.0301814 0.0617180 0.0000010 0.0000010 0.0198895 0.0198895 0.0665942 0.0814627 0.0723813 0.0975518 9.0000000 0.0301814 0.0792988 0.0694546 0.0560029 0.0662054 0.0547517 0.0198895 0.0287604 0.1117248 0.0942334 0.0418197 0.0000010 0.0000010 0.1147876 0.0968876 0.0202196 0.0975518 0.0301814 0.0418432 0.0201821 0.0000010 0.0903520 0.1119512 0.0687835 0.0856865 0.1161650 0.1117248 0.0646015 0.1096149 0.0669871 0.0420944 0.0304232 0.0658901 0.0424390 0.0814627 0.0699525 0.0900914 9.0000000 0.1017551 0.0960661 0.1107452 0.0198895 0.1430554 0.0575947 0.0413614 0.0198895 0.0099622 0.0328001 0.0834079 0.0513852 0.0301814 0.0520392 0.0000024 0.0000010 0.0665974 0.0721622 0.0308009 0.0903520 0.0301814 0.0672175 0.0198895 0.0548539 0.0308860 0.0559903 0.0410325 0.0419699 0.0432074 0.0681010 0.0000010 0.0301814 0.0314351 0.1131847 0.0187699 0.0672175 0.0709620 0.0202196 
S0278       0.1463074 9.0000000 0.0000000 0.0943580 0.1512580 0.1844348 0.0762121 0.1508226 0.0612332 0.0520122 0.0899605 9.0000000 0.1368651 0.1358748 0.1147310 0.1380240 0.1844348 0.0608686 0.1498341 0.1558961 0.1449407 0.0684550 0.0989025 0.1419249 0.1305974 0.1366195 0.2009919 0.1723341 0.1643455 0.1297462 0.1384218 0.2017732 0.0882836 0.1813740 0.1693548 0.1879584 0.1582109 1.9082301 0.1044385 0.1639478 0.1921275 0.1299815 0.1322237 0.2009919 0.1565944 0.1665682 0.1711962 0.1692929 0.1449971 0.1443992 0.1569024 0.2002418 0.1147310 0.1174587 0.1716202 0.0332358 0.0840413 0.1845430 0.1873799 0.1366185 0.1805614 0.2035657 0.1343580 0.1183144 0.1277217 0.1718562 0.1722216 0.1410850 0.1524876 0.1677937 0.1458991 0.0518880 0.1863136 0.1247041 0.1353198 0.2090678 0.1548819 0.1433211 0.1257689 0.0899332 0.1775933 0.0966139 0.1537749 0.1447174 0.1421272 0.1810876 0.0657916 0.1750575 0.1615017 0.1775223 0.1362206 0.1333456 0.1385111 0.1407572 
S0281       0.0745042 0.0649701 0.0943580 0.0000000 0.0685651 0.0724645 0.0620485 0.0750288 0.0628156 0.0307938 0.0539523 0.0972991 0.0655457 0.0749308 0.0827236 0.0831842 0.0724645 0.1038855 0.0968812 0.0749268 0.0756967 0.0673535 0.0757073 0.0906648 0.0671897 0.0414190 0.1422416 0.0799524 0.0796364 0.0415745 0.0464219 0.0983143 0.0719214 0.1029603 0.0815910 0.0913645 0.0916976 0.1023380 0.0597066 0.0558183 0.1051330 0.0928380 0.0754331 0.1444532 0.1359304 0.1022968 0.1023901 0.0660361 0.0704636 0.0692331 0.0909564 0.0919496 0.0774735 0.0844855 0.0613665 0.0442744 0.1002049 0.0887764 0.0667893 0.0655042 0.1053229 0.1239819 0.0738576 0.0555314 0.0383475 0.0716911 0.0656626 0.0685977 0.0606086 0.0892825 0.0478386 0.0561540 0.0516811 0.0729100 0.0647973 0.0651530 0.0652161 0.0755938 0.0598995 0.0608810 0.0675367 0.0572258 0.0683394 0.0911898 0.0917903 0.0919156 0.0232966 0.0909665 0.0958173 0.1489267 0.0687400 0.0700605 0.0949510 0.0799793 
S0282       0.0455949 0.0418197 0.1512580 0.0685651 0.0000000 0.1142928 0.0888779 0.0542507 0.0781278 0.1017570 0.0816911 0.0187707 0.0199576 0.0636486 0.0782217 0.0654122 0.1142928 0.1901530 0.0821321 0.0882073 0.0430480 0.0821033 0.0943609 0.0465908 0.0176874 0.0681495 0.1359140 0.0817468 0.0270286 0.0429088 0.0428511 0.1425074 0.0909742 0.0640201 0.1044892 0.0878926 0.0878440 0.0485186 0.0653412 0.1255738 0.1209893 0.0735361 0.0739468 0.1378529 0.1236490 0.0967386 0.1082259 0.0688797 0.0634192 0.0197250 0.0595807 0.0706597 0.0782217 0.0977190 0.1009443 0.0952234 0.1072474 0.1168184 0.1150117 0.0199550 0.1516340 0.1038876 0.0195686 0.0196388 0.0315381 0.0560332 0.0608132 0.0673365 0.0627167 0.0588648 0.0444430 0.1470136 0.1156842 0.0941193 0.0096733 0.1411115 0.0678891 0.0639685 0.0162572 0.0790046 0.0712290 0.0766583 0.0346918 0.0391183 0.0925632 0.0923043 0.0766341 0.0770602 0.0679190 0.0840065 0.0549796 0.0506552 0.0752645 0.0463122 
S0288       0.0819678 0.0975518 0.1844348 0.0724645 0.1142928 0.0000000 0.1213568 0.0965371 0.0892745 0.1391044 0.1399935 0.0764820 0.0956223 0.1113444 0.1190387 0.0881175 0.0000010 0.2006297 0.1139069 0.1272641 0.1064455 0.0929769 0.1210669 0.1047021 0.0995633 0.0836185 0.1703212 0.1127619 0.1050239 0.0939396 0.0938224 0.0519252 0.1158998 0.1175342 0.0268876 0.1205996 0.1206087 0.0864147 0.1318617 0.1478513 0.0464991 0.1269944 0.1224219 0.1728410 0.1504214 0.1374528 0.1080784 0.0986970 0.0913203 0.0999919 0.1205021 0.1105930 0.1080371 0.1409890 0.0034275 0.1307242 0.1163880 0.0515854 0.0068612 0.0955408 0.0689026 0.1076075 0.1038148 0.0850437 0.0657309 0.0892263 0.1012098 0.1182628 0.0823274 0.1411470 0.0977543 0.1275324 0.1292567 0.1139547 0.0953163 0.1357658 0.1029190 0.1177140 0.0894866 0.0854147 0.1078427 0.0914578 0.1130481 0.1056070 0.1023812 0.1070122 0.1246575 0.1143540 0.1175894 0.1478774 0.1092435 0.1115413 0.1155920 0.0951058 
S0289       0.0920281 0.0885958 0.0762121 0.0620485 0.0888779 0.1213568 0.0000000 0.0790604 0.0319329 0.0274311 0.0549779 0.0871514 0.0807552 0.0850873 0.0576247 0.0748748 0.1213568 0.1010887 0.0965403 0.1214448 0.0917937 0.0440051 0.0517238 0.0817753 0.0781940 0.0953201 0.1461041 0.1042160 0.1010379 0.0673491 0.0721119 0.1426070 0.0521418 0.0934946 0.1135317 0.1076967 0.1002455 0.0928737 0.0728428 0.1269136 0.1310735 0.0812145 0.0942209 0.1482449 0.1333048 0.1103025 0.0974067 0.1099163 0.0795616 0.0897984 0.1019588 0.1068275 0.0488644 0.0439124 0.1206834 0.0400953 0.0674054 0.1313267 0.1369161 0.0806950 0.1349874 0.1279284 0.0889340 0.0705148 0.0685405 0.0851989 0.1178864 0.0881364 0.0748407 0.0915555 0.0750808 0.0954770 0.1154635 0.0367087 0.0791615 0.1477671 0.0739413 0.0785356 0.0748941 0.0601789 0.1061047 0.0399633 0.0905464 0.0738214 0.0917284 0.1081283 0.0270338 0.0950943 0.0978578 0.1167556 0.0701563 0.0733287 0.0745622 0.0730066 
S0292       0.0424764 0.0301814 0.1508226 0.0750288 0.0542507 0.0965371 0.0790604 0.0000000 0.0738198 0.1046264 0.0741244 0.0296234 0.0469838 0.0677707 0.0659482 0.0564213 0.0965371 0.1939947 0.0312831 0.0775847 0.0733892 0.0726900 0.0908001 0.0580014 0.0464150 0.0732437 0.1297708 0.0754283 0.0556534 0.0316599 0.0316158 0.1227122 0.0714998 0.0469104 0.0872090 0.0359646 0.0354789 0.0174723 0.0821513 0.1141015 0.1027016 0.0600296 0.0667148 0.1316115 0.1176975 0.0512022 0.0640038 0.0789714 0.0276307 0.0547708 0.0828947 0.0525684 0.0659482 0.0858445 0.0879569 0.0872504 0.1083549 0.1029385 0.1012924 0.0469648 0.1436316 0.0711266 0.0542839 0.0385997 0.0317193 0.0193911 0.0813487 0.0271030 0.0129556 0.0815352 0.0288202 0.1124762 0.1099103 0.0904279 0.0507550 0.1343165 0.0236614 0.0349021 0.0423678 0.0671193 0.0705099 0.0587241 0.0630179 0.0542995 0.0736342 0.0608758 0.0787774 0.0274231 0.0466601 0.1027367 0.0382908 0.0308774 0.0753032 0.0380628 
S0320       0.0799084 0.0617180 0.0612332 0.0628156 0.0781278 0.0892745 0.0319329 0.0738198 0.0000000 0.0655651 0.1011784 0.0461616 0.0610712 0.0752816 0.0440927 0.0814123 0.0892745 0.1172382 0.0717884 0.0961462 0.0858402 0.0100338 0.0650295 0.0680994 0.0572523 0.0807327 0.1394487 0.0837360 0.0795525 0.0670012 0.0669119 0.1296668 0.0514416 0.0781770 0.0986111 0.0982586 0.0753924 0.0678923 0.0884285 0.1214918 0.1152290 0.0676565 0.0740337 0.1414861 0.1140624 0.1072562 0.0996548 0.0977174 0.0701161 0.0651296 0.0812836 0.0905700 0.0440927 0.0815758 0.0914938 0.0534198 0.0487590 0.1160581 0.1055506 0.0610374 0.1343969 0.1086428 0.0645258 0.0518463 0.0576114 0.0730799 0.1099212 0.0830188 0.0743448 0.0760103 0.0696354 0.0407134 0.1158052 0.0673084 0.0598551 0.1472254 0.0750906 0.0833682 0.0558980 0.0243525 0.0898973 0.0356018 0.0746823 0.0687291 0.0861458 0.1027916 0.0712124 0.0852897 0.0686304 0.0950627 0.0612245 0.0780033 0.0810738 0.0590977 
S0327       0.0957225 0.0000010 0.0520122 0.0307938 0.1017570 0.1391044 0.0274311 0.1046264 0.0655651 0.0000000 0.0842840 0.0000010 0.1044729 0.1053020 0.0380242 0.0786492 0.1391044 0.0453949 0.1455267 0.1119954 0.1136064 0.0581447 0.0508103 0.1187147 0.1138818 0.1120902 0.1788499 0.1409251 0.1221076 0.0816769 0.0894665 0.1436004 0.0593011 0.1701446 0.1260610 0.1510383 0.1543935 0.1406979 0.0804877 0.0965474 0.1462883 0.1064313 0.0896073 0.1788499 0.1451190 0.1424394 0.1113522 0.0967106 0.0965728 0.1117306 0.1319196 0.1689107 0.0262800 0.0518566 0.1276916 0.0422129 0.0438278 0.1373184 0.1414966 0.1043183 0.1251476 0.1206079 0.1024520 0.0872275 0.0884891 0.0960031 0.1080856 0.0959255 0.0975757 0.1069425 0.0941946 0.1400051 0.1144278 0.0382162 0.1031989 0.1492954 0.0957874 0.0818063 0.0943679 0.0796233 0.1403635 0.0738735 0.1124407 0.0945254 0.0783462 0.1255880 0.0213116 0.1422201 0.1675419 0.1359859 0.1127896 0.0735235 0.0875056 0.1283018 
S0376       0.0734122 0.0000010 0.0899605 0.0539523 0.0816911 0.1399935 0.0549779 0.0741244 0.1011784 0.0842840 0.0000000 0.0000010 0.0843493 0.0844524 0.0662083 0.0320788 0.1399935 0.0992314 0.1029590 0.1356445 0.0825101 0.0904920 0.0908471 0.0809483 0.0759620 0.0904661 0.1176425 0.1238003 0.0736446 0.0474403 0.0553869 0.1318373 0.0729900 0.1107469 0.1281909 0.1123466 0.1029590 0.8297954 0.0670232 0.1236850 0.0953562 0.0724392 0.0842626 0.1176425 0.0964815 0.1030981 0.0719209 0.0721121 0.0817200 0.0926516 0.0813376 0.1065743 0.0662083 0.0758959 0.1265103 0.0397090 0.0889370 0.1387200 0.1428476 0.0842264 0.1412108 0.1363063 0.0823737 0.0652838 0.0735174 0.0768676 0.0762612 0.0650025 0.0923476 0.0821745 0.0681983 0.1510681 0.1480407 0.0726251 0.0830849 0.1423187 0.0734281 0.0722770 0.0733465 0.0981638 0.1300322 0.0926810 0.0732558 0.0934876 0.1215144 0.0876774 0.0659525 0.1019614 0.1085792 0.1117461 0.0818609 0.0661128 0.0473822 0.0910030 
S0400       0.0513502 0.0198895 9.0000000 0.0972991 0.0187707 0.0764820 0.0871514 0.0296234 0.0461616 0.0000010 0.0000010 0.0000000 0.0000010 0.0654952 0.0801689 0.0711478 0.0764820 9.0000000 0.0296234 0.0780427 0.0414098 0.0550176 0.0651189 0.0422750 0.0000010 0.0412589 0.1135816 0.0928067 0.0187707 0.0198895 0.0198895 0.0914050 0.0954092 0.0198220 0.0764820 0.0296234 0.0410904 0.0197843 0.0000010 0.1268655 0.0892201 0.0409236 0.0545418 0.1181307 0.1135816 0.0635506 0.1080333 0.0399092 0.0188644 0.0091124 0.0529728 0.0416722 0.0801689 0.0687677 0.0653435 9.0000000 0.0680967 0.0643647 0.0824622 0.0000010 0.1166105 0.0411772 0.0185794 0.0000010 0.0099622 0.0321510 0.0531421 0.0524911 0.0296234 0.0511623 0.0202976 0.0000010 0.0815776 0.0709189 0.0092172 0.1268655 0.0296234 0.0661035 0.0000010 0.0539018 0.0303055 0.0550046 0.0403064 0.0412170 0.0424159 0.0669655 0.0000010 0.0296234 0.0308358 0.1115407 0.0302365 0.0661035 0.0697589 0.0198220 
S0405       0.0385387 0.0198895 0.1368651 0.0655457 0.0199576 0.0956223 0.0807552 0.0469838 0.0610712 0.1044729 0.0843493 0.0000010 0.0000000 0.0695256 0.0703638 0.0577074 0.0956223 0.1819051 0.0689377 0.0885314 0.0358452 0.0649521 0.0768150 0.0471660 0.0106020 0.0599724 0.1265382 0.0878968 0.0202514 0.0357471 0.0356975 0.1264026 0.0733888 0.0478729 0.0863594 0.0743684 0.0743032 0.0277494 0.0670990 0.1167759 0.1017347 0.0657539 0.0661156 0.1283423 0.1086839 0.0988283 0.0997904 0.0523040 0.0511762 0.0131380 0.0436726 0.0717500 0.0703638 0.0879059 0.0870482 0.0818650 0.0886388 0.0977506 0.1002643 0.0065076 0.1353020 0.1061686 0.0130348 0.0064043 0.0206927 0.0474124 0.0531457 0.0598114 0.0552927 0.0431326 0.0370238 0.1110184 0.1125119 0.0858542 0.0097894 0.1248685 0.0603034 0.0653519 0.0031802 0.0625044 0.0542105 0.0599338 0.0274851 0.0474076 0.0945825 0.0841693 0.0786346 0.0692916 0.0516145 0.0952682 0.0476098 0.0517408 0.0673115 0.0313574 
S0412sl     0.0645101 0.0665942 0.1358748 0.0749308 0.0636486 0.1113444 0.0850873 0.0677707 0.0752816 0.1053020 0.0844524 0.0654952 0.0695256 0.0000000 0.0903210 0.0611675 0.1113444 0.1930462 0.0852810 0.0656987 0.0961959 0.0790800 0.0961240 0.0624076 0.0711716 0.0827007 0.1503002 0.0489842 0.0897733 0.0603386 0.0602541 0.1229828 0.0968128 0.0732410 0.0935669 0.0901141 0.0915580 0.0623879 0.0945687 0.1277923 0.0986126 0.0948436 0.0970348 0.1526578 0.1365398 0.1044851 0.0896817 0.0659104 0.0896987 0.0786185 0.0950226 0.0815449 0.0903210 0.1087052 0.1084997 0.1100558 0.0904172 0.1055567 0.1245908 0.0637971 0.1568951 0.1018044 0.0778382 0.0682892 0.0386595 0.0550668 0.0727896 0.0668049 0.0774082 0.0888460 0.0577430 0.1437841 0.1224229 0.0859415 0.0602552 0.1573928 0.0739794 0.0770221 0.0637971 0.0813364 0.0886850 0.0870697 0.0595426 0.0486054 0.0931031 0.0996599 0.0988768 0.0893974 0.0585688 0.1023269 0.0690580 0.0716342 0.0812389 0.0536663 
S0417       0.0854919 0.0814627 0.1147310 0.0827236 0.0782217 0.1190387 0.0576247 0.0659482 0.0440927 0.0380242 0.0662083 0.0801689 0.0703638 0.0903210 0.0000000 0.0652282 0.1190387 0.1258942 0.0871074 0.1049847 0.0962781 0.0308608 0.0545794 0.0730857 0.0726402 0.0905266 0.1489190 0.1041064 0.0803692 0.0621591 0.0620760 0.1373390 0.0516580 0.0936203 0.1088190 0.0974585 0.0974235 0.0859793 0.0450283 0.1018858 0.1260770 0.0834851 0.0850905 0.1510832 0.1291662 0.1078366 0.0983060 0.1144620 0.0751323 0.0790158 0.0994264 0.0922258 0.0064114 0.0467916 0.1242522 0.0678894 0.0596414 0.1209711 0.1405622 0.0703187 0.1408226 0.1242021 0.0782706 0.0606976 0.0583814 0.0738984 0.1074049 0.0806458 0.0751956 0.0892588 0.0645619 0.1071677 0.0906579 0.0391894 0.0745177 0.1479375 0.0610910 0.0752605 0.0648883 0.0505576 0.0929518 0.0475913 0.0840555 0.0738947 0.0984471 0.1121536 0.0318309 0.0857838 0.0936356 0.0965921 0.0702216 0.0700609 0.0750614 0.0730774 
S0427       0.0571445 0.0723813 0.1380240 0.0831842 0.0654122 0.0881175 0.0748748 0.0564213 0.0814123 0.0786492 0.0320788 0.0711478 0.0577074 0.0611675 0.0652282 0.0000000 0.0881175 0.1675841 0.0803466 0.0955204 0.0606798 0.0690138 0.0871035 0.0599974 0.0678324 0.0764296 0.1305164 0.0927587 0.0760932 0.0497383 0.0443802 0.0990932 0.0767904 0.0606294 0.0729436 0.0798118 0.0861479 0.0617039 0.0329969 0.0990254 0.0768734 0.0815802 0.0879051 0.1323727 0.1183944 0.0987651 0.0778562 0.0760779 0.0651596 0.0660715 0.0792677 0.0877568 0.0652282 0.0860240 0.0905388 0.0802126 0.0645906 0.0770810 0.1043650 0.0576771 0.1091691 0.1021955 0.0654535 0.0485379 0.0456377 0.0476717 0.0686078 0.0664951 0.0652188 0.0839276 0.0516323 0.1161302 0.0877223 0.0610858 0.0574936 0.1131951 0.0600003 0.0591771 0.0525886 0.0723870 0.0723625 0.0794247 0.0609579 0.0561707 0.0886668 0.0731086 0.0641803 0.0751918 0.0606052 0.1064994 0.0667014 0.0514323 0.0276233 0.0518339 
S0430       0.0819678 0.0975518 0.1844348 0.0724645 0.1142928 0.0000010 0.1213568 0.0965371 0.0892745 0.1391044 0.1399935 0.0764820 0.0956223 0.1113444 0.1190387 0.0881175 0.0000000 0.2006297 0.1139069 0.1272641 0.1064455 0.0929769 0.1210669 0.1047021 0.0995633 0.0836185 0.1703212 0.1127619 0.1050239 0.0939396 0.0938224 0.0519252 0.1158998 0.1175342 0.0268876 0.1205996 0.1206087 0.0864147 0.1318617 0.1478513 0.0464991 0.1269944 0.1224219 0.1728410 0.1504214 0.1374528 0.1080784 0.0986970 0.0913203 0.0999919 0.1205021 0.1105930 0.1080371 0.1409890 0.0034275 0.1307242 0.1163880 0.0515854 0.0068612 0.0955408 0.0689026 0.1076075 0.1038148 0.0850437 0.0657309 0.0892263 0.1012098 0.1182628 0.0823274 0.1411470 0.0977543 0.1275324 0.1292567 0.1139547 0.0953163 0.1357658 0.1029190 0.1177140 0.0894866 0.0854147 0.1078427 0.0914578 0.1130481 0.1056070 0.1023812 0.1070122 0.1246575 0.1143540 0.1175894 0.1478774 0.1092435 0.1115413 0.1155920 0.0951058 
S0478       0.1913051 9.0000000 0.0608686 0.1038855 0.1901530 0.2006297 0.1010887 0.1939947 0.1172382 0.0453949 0.0992314 9.0000000 0.1819051 0.1930462 0.1258942 0.1675841 0.2006297 0.0000000 0.2133685 0.1926311 0.1816976 0.1079599 0.1359766 0.2128402 0.2055526 0.1817134 0.3125374 0.2346438 0.1948689 0.1539318 0.1635039 0.2667535 0.1354171 0.2641357 0.2056019 0.2397482 0.2236445 4.9868106 0.1126035 0.2214584 0.2320213 0.2075533 0.1854471 0.3125374 0.2541112 0.2218644 0.2004569 0.2105261 0.1713177 0.1906211 0.2043979 0.2451395 0.1089909 0.1544450 0.1868700 0.0612819 0.1080749 0.2444525 0.2038748 0.1814730 0.2409431 0.2344153 0.1784694 0.1596617 0.1618213 0.2160341 0.2144811 0.1822194 0.1855753 0.2085477 0.1729037 0.1100984 0.2486587 0.1347074 0.1798443 0.2494923 0.1824108 0.1851822 0.1683048 0.1164610 0.2298506 0.1441893 0.1917140 0.2084769 0.1742545 0.2231863 0.0586993 0.2441484 0.2385997 0.2704866 0.2151016 0.1731685 0.1923650 0.2109916 
S0552sl     0.0697907 0.0301814 0.1498341 0.0968812 0.0821321 0.1139069 0.0965403 0.0312831 0.0717884 0.1455267 0.1029590 0.0296234 0.0689377 0.0852810 0.0871074 0.0803466 0.1139069 0.2133685 0.0000000 0.0975914 0.1034688 0.0746356 0.1034245 0.0729480 0.0656990 0.0889156 0.1436885 0.1013663 0.0685280 0.0569509 0.0568746 0.1221038 0.0782260 0.0561991 0.1038521 0.0204712 0.0097720 0.0174723 0.1263591 0.1402665 0.1207711 0.0437742 0.0440323 0.1457749 0.1235196 0.0391128 0.0881109 0.1051447 0.0428531 0.0774589 0.0993569 0.0660827 0.0871074 0.0991606 0.1057864 0.0969429 0.1166072 0.1210219 0.1206492 0.0688949 0.1429593 0.0980652 0.0767367 0.0594447 0.0522740 0.0373038 0.1012457 0.0557271 0.0389828 0.1031809 0.0448138 0.1105817 0.1359115 0.1145684 0.0730305 0.1467175 0.0475156 0.0650238 0.0635673 0.0693206 0.0809492 0.0740861 0.0865944 0.0738187 0.0869563 0.0962522 0.1141709 0.0240618 0.0518353 0.1118696 0.0603062 0.0601439 0.0968599 0.0466620 
S0558       0.0783601 0.0792988 0.1558961 0.0749268 0.0882073 0.1272641 0.1214448 0.0775847 0.0961462 0.1119954 0.1356445 0.0780427 0.0885314 0.0656987 0.1049847 0.0955204 0.1272641 0.1926311 0.0975914 0.0000000 0.1142220 0.0943248 0.1184424 0.1044856 0.0875630 0.0814919 0.1984667 0.0785401 0.1093064 0.0747097 0.0746127 0.1194095 0.0825448 0.1111410 0.1091697 0.0917054 0.1038161 0.0583146 0.1453863 0.1385569 0.1264630 0.1033319 0.1033113 0.2016043 0.1679917 0.1233433 0.0943787 0.0650528 0.0934442 0.0865400 0.1220681 0.1109649 0.1049847 0.1332734 0.1181787 0.1010787 0.1186144 0.1152901 0.1304637 0.0833690 0.1490289 0.1005806 0.0967925 0.0780227 0.0481683 0.0721257 0.0902490 0.0865586 0.0871554 0.1088939 0.0715708 0.1735836 0.1270970 0.1235155 0.0836575 0.1390753 0.0733999 0.0883900 0.0824718 0.1118856 0.1078210 0.1043088 0.0781921 0.0905251 0.1039710 0.0930658 0.1136395 0.0980138 0.1041399 0.1356026 0.0998464 0.0828921 0.1216496 0.0887085 
S0641       0.0583796 0.0694546 0.1449407 0.0756967 0.0430480 0.1064455 0.0917937 0.0733892 0.0858402 0.1136064 0.0825101 0.0414098 0.0358452 0.0961959 0.0962781 0.0606798 0.1064455 0.1816976 0.1034688 0.1142220 0.0000000 0.0899946 0.0872682 0.0792190 0.0432033 0.0746352 0.1592467 0.1194917 0.0437583 0.0711326 0.0649184 0.1177544 0.0820806 0.0700230 0.1002233 0.1027080 0.1099098 0.0594305 0.0812457 0.1227303 0.1044992 0.0832656 0.0781707 0.1616300 0.1394606 0.1184711 0.0940435 0.0549814 0.0826620 0.0434589 0.0470352 0.0981860 0.0913919 0.1010589 0.0934179 0.1067891 0.0925606 0.1005338 0.1072525 0.0358344 0.1165287 0.0989097 0.0430749 0.0352460 0.0397600 0.0732563 0.0510679 0.0886103 0.0725799 0.0510095 0.0739404 0.1677574 0.1076534 0.0972366 0.0395516 0.1255615 0.0934669 0.0677166 0.0315023 0.0864853 0.0615360 0.0656317 0.0427089 0.0796722 0.0925203 0.0778224 0.0964837 0.1039040 0.0640840 0.1245027 0.0709376 0.0597486 0.0814628 0.0607749 
S0645sl     0.0853839 0.0560029 0.0684550 0.0673535 0.0821033 0.0929769 0.0440051 0.0726900 0.0100338 0.0581447 0.0904920 0.0550176 0.0649521 0.0790800 0.0308608 0.0690138 0.0929769 0.1079599 0.0746356 0.0943248 0.0899946 0.0000000 0.0678603 0.0753988 0.0614059 0.0844525 0.1281036 0.0873221 0.0836012 0.0659678 0.0658809 0.1404879 0.0459907 0.0769719 0.1023178 0.1009284 0.0842310 0.0620892 0.0800285 0.1253654 0.1190094 0.0765860 0.0833225 0.1299003 0.1042622 0.1098245 0.0949124 0.1075474 0.0679277 0.0733776 0.0931334 0.0932569 0.0308608 0.0668949 0.0958192 0.0452610 0.0390586 0.1192578 0.1100632 0.0649141 0.1382373 0.1135775 0.0726956 0.0556147 0.0532247 0.0727130 0.1156651 0.0875028 0.0731993 0.0832804 0.0685193 0.0506937 0.1131022 0.0603817 0.0690045 0.1511562 0.0677904 0.0820616 0.0596936 0.0237570 0.0926730 0.0346581 0.0782582 0.0676959 0.0888859 0.1010597 0.0636795 0.0880115 0.0683511 0.0923386 0.0641026 0.0768014 0.0687217 0.0582376 
S0673       0.1018084 0.0662054 0.0989025 0.0757073 0.0943609 0.1210669 0.0517238 0.0908001 0.0650295 0.0508103 0.0908471 0.0651189 0.0768150 0.0961240 0.0545794 0.0871035 0.1210669 0.1359766 0.1034245 0.1184424 0.0872682 0.0678603 0.0000000 0.0849853 0.0748869 0.0866115 0.1829948 0.1262228 0.0960916 0.0731584 0.0778667 0.1304139 0.0548649 0.1000548 0.1039052 0.1012212 0.1141304 0.0715259 0.0858491 0.0993459 0.1203065 0.0938715 0.0896450 0.1857757 0.1621612 0.1077986 0.1107224 0.1086861 0.0925873 0.0854371 0.0968567 0.1086852 0.0462764 0.0287172 0.1203933 0.0819175 0.0828587 0.1205498 0.1361067 0.0720231 0.1285960 0.1380011 0.0846448 0.0671009 0.0694374 0.0863152 0.1064572 0.1000548 0.0956812 0.0910440 0.0760590 0.1067195 0.0792243 0.0278111 0.0809479 0.1249414 0.0832054 0.0901978 0.0712751 0.0616631 0.0861940 0.0428148 0.0900778 0.0898947 0.0973032 0.1169495 0.0381669 0.1080730 0.1044298 0.1207012 0.0822571 0.0848011 0.0979221 0.0794153 
S0689       0.0510900 0.0547517 0.1419249 0.0906648 0.0465908 0.1047021 0.0817753 0.0580014 0.0680994 0.1187147 0.0809483 0.0422750 0.0471660 0.0624076 0.0730857 0.0599974 0.1047021 0.2128402 0.0729480 0.1044856 0.0792190 0.0753988 0.0849853 0.0000000 0.0508084 0.0786174 0.1224012 0.0791199 0.0641450 0.0514691 0.0514007 0.1317960 0.0888101 0.0539953 0.0951698 0.0850924 0.0783804 0.0608005 0.0798723 0.1274246 0.1066130 0.0702350 0.0869424 0.1241062 0.1106900 0.0970388 0.0948661 0.0952404 0.0681889 0.0549721 0.0692836 0.0684073 0.0730857 0.0898865 0.1029084 0.0935977 0.1074032 0.1126199 0.1173165 0.0471467 0.1600295 0.1104526 0.0544826 0.0463874 0.0437884 0.0598593 0.0828709 0.0664823 0.0665548 0.0821749 0.0489845 0.1352084 0.1219342 0.0885278 0.0509464 0.1432077 0.0671888 0.0756492 0.0425348 0.0786893 0.0821490 0.0664915 0.0674237 0.0379121 0.0982698 0.0971298 0.0914897 0.0681046 0.0576848 0.0812700 0.0468358 0.0618357 0.0687111 0.0375042 
S0690       0.0418615 0.0198895 0.1305974 0.0671897 0.0176874 0.0995633 0.0781940 0.0464150 0.0572523 0.1138818 0.0759620 0.0000010 0.0106020 0.0711716 0.0726402 0.0678324 0.0995633 0.2055526 0.0656990 0.0875630 0.0432033 0.0614059 0.0748869 0.0508084 0.0000000 0.0608301 0.1239133 0.0858701 0.0217757 0.0390792 0.0390209 0.1270667 0.0703973 0.0473430 0.0951185 0.0672161 0.0713911 0.0195944 0.0776227 0.1126344 0.1062997 0.0605565 0.0680489 0.1257942 0.1050600 0.0870129 0.0975136 0.0510934 0.0509031 0.0104666 0.0519123 0.0730742 0.0726402 0.0820369 0.0904295 0.0738952 0.0926991 0.1027198 0.1050471 0.0068958 0.1373785 0.1059113 0.0103797 0.0104194 0.0225631 0.0407000 0.0577058 0.0601707 0.0553170 0.0512269 0.0406084 0.1253728 0.1080078 0.0897167 0.0069287 0.1162135 0.0518402 0.0661438 0.0068958 0.0639755 0.0541535 0.0561087 0.0337562 0.0510904 0.0934155 0.0705112 0.0835458 0.0660699 0.0513544 0.0861260 0.0472916 0.0555828 0.0677228 0.0297340 
S0720       0.0778746 0.0287604 0.1366195 0.0414190 0.0681495 0.0836185 0.0953201 0.0732437 0.0807327 0.1120902 0.0904661 0.0412589 0.0599724 0.0827007 0.0905266 0.0764296 0.0836185 0.1817134 0.0889156 0.0814919 0.0746352 0.0844525 0.0866115 0.0786174 0.0608301 0.0000000 0.1731598 0.0952413 0.0683663 0.0552820 0.0552093 0.1031007 0.0880892 0.0937148 0.0882809 0.0882994 0.0949514 0.0606813 0.1064137 0.0993624 0.0837315 0.0843415 0.0801896 0.1757531 0.1551668 0.1141734 0.0941433 0.0675428 0.0836775 0.0623708 0.0887735 0.0894393 0.0905266 0.0974091 0.0736197 0.0965394 0.1110532 0.1043195 0.0795254 0.0599403 0.1143602 0.1120508 0.0675916 0.0509082 0.0435047 0.0729657 0.0735948 0.0679529 0.0731063 0.0969730 0.0573252 0.1273761 0.0949926 0.1008065 0.0639446 0.0970253 0.0769307 0.0838357 0.0548964 0.0772430 0.0826501 0.0694597 0.0673948 0.0835375 0.0836376 0.0868445 0.0951597 0.0893256 0.0873628 0.1323681 0.0642733 0.0784490 0.0723614 0.0730781 
S0735       0.1215171 0.1117248 0.2009919 0.1422416 0.1359140 0.1703212 0.1461041 0.1297708 0.1394487 0.1788499 0.1176425 0.1135816 0.1265382 0.1503002 0.1489190 0.1305164 0.1703212 0.3125374 0.1436885 0.1984667 0.1592467 0.1281036 0.1829948 0.1224012 0.1239133 0.1731598 0.0000000 0.1562465 0.1517350 0.1194115 0.1108478 0.1869782 0.1725789 0.1171797 0.1699260 0.1774340 0.1664656 0.1399537 0.1277879 0.2361370 0.1867837 0.1456595 0.1809588 0.0000020 0.0000023 0.1798857 0.1864210 0.1527677 0.1328762 0.1374262 0.1638122 0.1657771 0.1489190 0.1592938 0.1857788 0.1231615 0.1752682 0.1689201 0.1943954 0.1263863 0.2322924 0.1946475 0.1360035 0.1242969 0.0997785 0.1476328 0.1673830 0.1339062 0.1236605 0.1718809 0.1186277 0.1188167 0.2321068 0.1474195 0.1317323 0.2478189 0.1393089 0.1453363 0.1188750 0.1600039 0.1426424 0.1410101 0.1493751 0.1246204 0.1852443 0.1701567 0.1604968 0.1408655 0.1221062 0.1682869 0.1232389 0.1417484 0.1357958 0.1057380 
S0742       0.0646563 0.0942334 0.1723341 0.0799524 0.0817468 0.1127619 0.1042160 0.0754283 0.0837360 0.1409251 0.1238003 0.0928067 0.0878968 0.0489842 0.1041064 0.0927587 0.1127619 0.2346438 0.1013663 0.0785401 0.1194917 0.0873221 0.1262228 0.0791199 0.0858701 0.0952413 0.1562465 0.0000000 0.1084619 0.0785953 0.0784950 0.1488632 0.1043517 0.0905435 0.1125756 0.1155327 0.1076276 0.0705656 0.1154135 0.1487877 0.0981302 0.1080792 0.1227175 0.1585558 0.1431448 0.1180668 0.1221729 0.0840447 0.0873148 0.0859342 0.1210837 0.0945286 0.1041064 0.1422054 0.1101944 0.1135158 0.1418408 0.1197797 0.1219449 0.0878266 0.1828326 0.1403748 0.0960853 0.0864219 0.0482251 0.0648855 0.0961552 0.0943970 0.0846881 0.1191226 0.0770406 0.1631909 0.1299050 0.1218319 0.0830697 0.1685832 0.0713711 0.0945729 0.0819005 0.0947727 0.1014369 0.0949565 0.0776585 0.0667694 0.1301220 0.1166960 0.1105702 0.0958389 0.0844418 0.1347323 0.0820043 0.0890620 0.1099520 0.0706624 
S0756       0.0546718 0.0418197 0.1643455 0.0796364 0.0270286 0.1050239 0.1010379 0.0556534 0.0795525 0.1221076 0.0736446 0.0187707 0.0202514 0.0897733 0.0803692 0.0760932 0.1050239 0.1948689 0.0685280 0.1093064 0.0437583 0.0836012 0.0960916 0.0641450 0.0217757 0.0683663 0.1517350 0.1084619 0.0000000 0.0520114 0.0519416 0.1371233 0.0834232 0.0651419 0.1064373 0.0739285 0.0738631 0.0603631 0.0821468 0.1400804 0.1114405 0.0740229 0.0691166 0.1539746 0.1324445 0.0880697 0.0894294 0.0605742 0.0600539 0.0272709 0.0606138 0.0721340 0.0803692 0.0971897 0.0914710 0.0809014 0.1092905 0.1190611 0.1049526 0.0202486 0.1461922 0.1052097 0.0270452 0.0199232 0.0358528 0.0627258 0.0565227 0.0691247 0.0643659 0.0598749 0.0539450 0.1387244 0.1297028 0.1066979 0.0236971 0.1403708 0.0697059 0.0656787 0.0164892 0.0803966 0.0725353 0.0780317 0.0428658 0.0644927 0.0937243 0.0744200 0.0940314 0.0791546 0.0691170 0.1092025 0.0648179 0.0519663 0.0762085 0.0470725 
S0760       0.0437211 0.0000010 0.1297462 0.0415745 0.0429088 0.0939396 0.0673491 0.0316599 0.0670012 0.0816769 0.0474403 0.0198895 0.0357471 0.0603386 0.0621591 0.0497383 0.0939396 0.1539318 0.0569509 0.0747097 0.0711326 0.0659678 0.0731584 0.0514691 0.0390792 0.0552820 0.1194115 0.0785953 0.0520114 0.0000000 0.0065100 0.1202011 0.0784914 0.0568426 0.0845450 0.0620985 0.0620244 0.0282444 0.0681291 0.0728804 0.1001162 0.0720165 0.0733979 0.1210935 0.1076303 0.0799451 0.0907831 0.0761903 0.0443932 0.0433158 0.0742387 0.0680857 0.0621591 0.0769586 0.0851285 0.0810218 0.0961154 0.1003549 0.0985025 0.0357365 0.1350663 0.0936994 0.0429354 0.0277688 0.0207158 0.0377396 0.0785289 0.0430399 0.0394478 0.0689978 0.0067319 0.1003027 0.0745098 0.0721492 0.0394325 0.0892495 0.0439946 0.0573124 0.0314284 0.0548040 0.0637523 0.0608735 0.0512772 0.0477401 0.0805862 0.0811767 0.0582724 0.0523883 0.0607153 0.0958143 0.0349518 0.0525688 0.0683884 0.0394472 
S0770       0.0436614 0.0000010 0.1384218 0.0464219 0.0428511 0.0938224 0.0721119 0.0316158 0.0669119 0.0894665 0.0553869 0.0198895 0.0356975 0.0602541 0.0620760 0.0443802 0.0938224 0.1635039 0.0568746 0.0746127 0.0649184 0.0658809 0.0778667 0.0514007 0.0390209 0.0552093 0.1108478 0.0784950 0.0519416 0.0065100 0.0000000 0.1117849 0.0833473 0.0513039 0.0844376 0.0620166 0.0619415 0.0282444 0.0587689 0.0841409 0.0927112 0.0719210 0.0732996 0.1123697 0.0995414 0.0798424 0.0906677 0.0697104 0.0486501 0.0432571 0.0679890 0.0679946 0.0620760 0.0828340 0.0850137 0.0903269 0.1014064 0.0929398 0.0983698 0.0356869 0.1320604 0.0935778 0.0428777 0.0277299 0.0206859 0.0430228 0.0718152 0.0429818 0.0393938 0.0630096 0.0067218 0.1008548 0.0860869 0.0770253 0.0393785 0.1017638 0.0439344 0.0474177 0.0313848 0.0547326 0.0577564 0.0607931 0.0460605 0.0476758 0.0855785 0.0745169 0.0652019 0.0523178 0.0550372 0.0956936 0.0349041 0.0524979 0.0621801 0.0393932 
S0888       0.1035665 0.1147876 0.2017732 0.0983143 0.1425074 0.0519252 0.1426070 0.1227122 0.1296668 0.1436004 0.1318373 0.0914050 0.1264026 0.1229828 0.1373390 0.0990932 0.0519252 0.2667535 0.1221038 0.1194095 0.1177544 0.1404879 0.1304139 0.1317960 0.1270667 0.1031007 0.1869782 0.1488632 0.1371233 0.1202011 0.1117849 0.0000000 0.1240614 0.1376116 0.0515986 0.1196689 0.1337496 0.0886115 0.1469967 0.1317750 0.0545533 0.1200834 0.1084195 0.1898776 0.1719408 0.1573428 0.1209697 0.0965458 0.1141458 0.1312900 0.1350758 0.1311181 0.1307809 0.1532108 0.0467586 0.1447655 0.1474425 0.0350026 0.0616259 0.1190654 0.0276087 0.1143669 0.1354769 0.1140245 0.0905019 0.1079266 0.0983635 0.1296008 0.1112767 0.1393235 0.1174793 0.1593726 0.1157906 0.1325098 0.1260273 0.1127123 0.1189972 0.1179668 0.1190654 0.1302061 0.1120704 0.1115117 0.1295035 0.1222813 0.1215107 0.1173190 0.1149494 0.1349531 0.1343149 0.1814037 0.1376651 0.1197996 0.1281683 0.1257078 
S0899       0.0931765 0.0968876 0.0882836 0.0719214 0.0909742 0.1158998 0.0521418 0.0714998 0.0514416 0.0593011 0.0729900 0.0954092 0.0733888 0.0968128 0.0516580 0.0767904 0.1158998 0.1354171 0.0782260 0.0825448 0.0820806 0.0459907 0.0548649 0.0888101 0.0703973 0.0880892 0.1725789 0.1043517 0.0834232 0.0784914 0.0833473 0.1240614 0.0000000 0.0947137 0.0990628 0.0883162 0.0878546 0.0723831 0.0967067 0.1061591 0.1151547 0.0741203 0.0805793 0.1751459 0.1524983 0.0967694 0.0709744 0.0935592 0.0728485 0.0820285 0.0938476 0.0889244 0.0516580 0.0577439 0.1207349 0.0389102 0.0632466 0.1047176 0.1365235 0.0733402 0.1121241 0.1215168 0.0812605 0.0637032 0.0653077 0.0655859 0.1118683 0.0860573 0.0806426 0.0823652 0.0867667 0.1039524 0.0947930 0.0567560 0.0775334 0.1298072 0.0726952 0.0621982 0.0678838 0.0578109 0.1006107 0.0385007 0.0870789 0.0847861 0.0830531 0.0877101 0.0457817 0.0825283 0.0947303 0.0965027 0.0772290 0.0575475 0.0825820 0.0745731 
S0906       0.0614279 0.0202196 0.1813740 0.1029603 0.0640201 0.1175342 0.0934946 0.0469104 0.0781770 0.1701446 0.1107469 0.0198220 0.0478729 0.0732410 0.0936203 0.0606294 0.1175342 0.2641357 0.0561991 0.1111410 0.0700230 0.0769719 0.1000548 0.0539953 0.0473430 0.0937148 0.1171797 0.0905435 0.0651419 0.0568426 0.0513039 0.1376116 0.0947137 0.0000000 0.1074513 0.0672832 0.0612052 0.0281540 0.1042967 0.1599968 0.1118771 0.0810604 0.0928340 0.1188017 0.1001462 0.0845163 0.0968339 0.0853639 0.0693638 0.0558045 0.0779954 0.0783470 0.0936203 0.1040689 0.1166014 0.1128010 0.1203052 0.1121186 0.1321922 0.0478528 0.1662916 0.1136377 0.0553002 0.0470721 0.0446448 0.0286180 0.0868462 0.0638666 0.0552002 0.0726930 0.0544636 0.1233958 0.1477052 0.1108761 0.0517127 0.1699921 0.0692202 0.0583278 0.0431584 0.0755457 0.0721282 0.0717004 0.0548325 0.0503279 0.1046803 0.0739393 0.1363903 0.0483564 0.0165763 0.1074899 0.0601867 0.0586721 0.0694096 0.0131213 
S0952       0.0731121 0.0975518 0.1693548 0.0815910 0.1044892 0.0268876 0.1135317 0.0872090 0.0986111 0.1260610 0.1281909 0.0764820 0.0863594 0.0935669 0.1088190 0.0729436 0.0268876 0.2056019 0.1038521 0.1091697 0.1002233 0.1023178 0.1039052 0.0951698 0.0951185 0.0882809 0.1699260 0.1125756 0.1064373 0.0845450 0.0844376 0.0515986 0.0990628 0.1074513 0.0000000 0.0976859 0.1102670 0.0729068 0.1152155 0.1488648 0.0382525 0.1034049 0.0991141 0.1724315 0.1501003 0.1242167 0.1024120 0.0932017 0.0911938 0.0906219 0.1101516 0.1005721 0.0982090 0.1219933 0.0336500 0.1290662 0.1089320 0.0348959 0.0374800 0.0862927 0.0684957 0.1126455 0.0943796 0.0761957 0.0571994 0.0788671 0.0955622 0.1010790 0.0920492 0.1301754 0.0879237 0.1552482 0.1301749 0.0968934 0.0860743 0.1454179 0.0932936 0.1006505 0.0805110 0.0943202 0.0977907 0.0921377 0.1030858 0.0960098 0.1073159 0.1110451 0.1002284 0.1042855 0.1074890 0.1451796 0.0993090 0.0949724 0.1096624 0.0858890 
S0959       0.0704323 0.0301814 0.1879584 0.0913645 0.0878926 0.1205996 0.1076967 0.0359646 0.0982586 0.1510383 0.1123466 0.0296234 0.0743684 0.0901141 0.0974585 0.0798118 0.1205996 0.2397482 0.0204712 0.0917054 0.1027080 0.1009284 0.1012212 0.0850924 0.0672161 0.0882994 0.1774340 0.1155327 0.0739285 0.0620985 0.0620166 0.1196689 0.0883162 0.0672832 0.0976859 0.0000000 0.0243790 0.0174723 0.1377051 0.1477828 0.1140270 0.0480121 0.0431659 0.1801721 0.1546520 0.0237108 0.0886691 0.1043558 0.0480461 0.0831035 0.1057252 0.0724521 0.0974585 0.0999679 0.1127036 0.1158687 0.1305321 0.1142726 0.1281337 0.0743182 0.1401468 0.1016831 0.0823190 0.0645595 0.0572885 0.0478057 0.1004920 0.0561026 0.0440062 0.1139130 0.0448952 0.1344646 0.1367217 0.1181189 0.0785582 0.1544457 0.0529712 0.0654556 0.0687884 0.0877037 0.0814809 0.0905699 0.0924891 0.0901835 0.0905356 0.0902789 0.1221162 0.0326844 0.0713669 0.1381195 0.0716639 0.0605453 0.1037508 0.0568460 
S0960       0.0752151 0.0418432 0.1582109 0.0916976 0.0878440 0.1206087 0.1002455 0.0354789 0.0753924 0.1543935 0.1029590 0.0410904 0.0743032 0.0915580 0.0974235 0.0861479 0.1206087 0.2236445 0.0097720 0.1038161 0.1099098 0.0842310 0.1141304 0.0783804 0.0713911 0.0949514 0.1664656 0.1076276 0.0738631 0.0620244 0.0619415 0.1337496 0.0878546 0.0612052 0.1102670 0.0243790 0.0000000 0.0271346 0.1275123 0.1478511 0.1277480 0.0520924 0.0524093 0.1689782 0.1445984 0.0435489 0.0940573 0.1117261 0.0473932 0.0830484 0.1057051 0.0714390 0.0974235 0.1059405 0.1126965 0.1044721 0.1280477 0.1280027 0.1281606 0.0742530 0.1553562 0.1045163 0.0822633 0.0644872 0.0572114 0.0424630 0.1077609 0.0606897 0.0434091 0.1139087 0.0495966 0.1222376 0.1434557 0.1261484 0.0735068 0.1545292 0.0522428 0.0702835 0.0687191 0.0786196 0.0868057 0.0835950 0.0924472 0.0832635 0.0930391 0.1025717 0.1220810 0.0280736 0.0567160 0.1186121 0.0654222 0.0652330 0.1032284 0.0512952 
S0964       0.0492009 0.0201821 1.9082301 0.1023380 0.0485186 0.0864147 0.0928737 0.0174723 0.0678923 0.1406979 0.8297954 0.0197843 0.0277494 0.0623879 0.0859793 0.0617039 0.0864147 4.9868106 0.0174723 0.0583146 0.0594305 0.0620892 0.0715259 0.0608005 0.0195944 0.0606813 0.1399537 0.0705656 0.0603631 0.0282444 0.0282444 0.0886115 0.0723831 0.0281540 0.0729068 0.0174723 0.0271346 0.0000000 0.1406979 0.0968577 0.0990838 0.0490909 0.0625529 0.1434658 0.1399537 0.0464748 0.0971726 0.0596384 0.0272748 0.0377036 0.0606830 0.0623535 0.0859793 0.0847859 0.0754542 2.2069771 0.0864871 0.0605224 0.0922030 0.0277494 0.1126624 0.0511217 0.0480289 0.0277494 0.0190269 0.0187749 0.0739012 0.0706533 0.0174723 0.0580270 0.0287916 0.0000010 0.0596328 0.0774764 0.0381355 0.1138178 0.0174723 0.0481816 0.0277494 0.0609052 0.0266808 0.0620815 0.0476770 0.0486564 0.0385398 0.0605864 0.1406979 0.0174723 0.0388469 0.1201481 0.0381516 0.0481816 0.0904711 0.0281540 
S1052sl     0.0662944 0.0000010 0.1044385 0.0597066 0.0653412 0.1318617 0.0728428 0.0821513 0.0884285 0.0804877 0.0670232 0.0000010 0.0670990 0.0945687 0.0450283 0.0329969 0.1318617 0.1126035 0.1263591 0.1453863 0.0812457 0.0800285 0.0858491 0.0798723 0.0776227 0.1064137 0.1277879 0.1154135 0.0821468 0.0681291 0.0587689 0.1469967 0.0967067 0.1042967 0.1152155 0.1377051 0.1275123 0.1406979 0.0000000 0.0835223 0.1143872 0.1015904 0.1021812 0.1277879 0.1095688 0.1292334 0.1072125 0.1001354 0.0888470 0.0735896 0.0805479 0.1405570 0.0450283 0.0685083 0.1207251 0.0706591 0.0966399 0.1238070 0.1341510 0.0670350 0.1219828 0.1926533 0.0657961 0.0524340 0.0741073 0.0879560 0.0783470 0.0903450 0.0977644 0.0884334 0.0714727 0.1350905 0.1006651 0.0580437 0.0596210 0.1444707 0.0740320 0.0811397 0.0587963 0.0862621 0.1026144 0.0816409 0.0652077 0.0895698 0.1541755 0.1232033 0.0574015 0.0974638 0.1025709 0.1034832 0.0895888 0.0680040 0.0591694 0.0881075 
S1083       0.1195799 0.0903520 0.1639478 0.0558183 0.1255738 0.1478513 0.1269136 0.1141015 0.1214918 0.0965474 0.1236850 0.1268655 0.1167759 0.1277923 0.1018858 0.0990254 0.1478513 0.2214584 0.1402665 0.1385569 0.1227303 0.1253654 0.0993459 0.1274246 0.1126344 0.0993624 0.2361370 0.1487877 0.1400804 0.0728804 0.0841409 0.1317750 0.1061591 0.1599968 0.1488648 0.1477828 0.1478511 0.0968577 0.0835223 0.0000000 0.1694381 0.1126598 0.1147277 0.2399984 0.2201572 0.1600501 0.1422449 0.1402236 0.1277654 0.1269074 0.1348453 0.1665972 0.1069347 0.1153988 0.1393987 0.1167331 0.1263476 0.1247402 0.1569309 0.1109758 0.1344120 0.1926178 0.1256531 0.1048528 0.0897378 0.0869874 0.1515332 0.1253852 0.1139292 0.1383315 0.0814709 0.1623884 0.0065433 0.0937135 0.1164179 0.0245027 0.1060880 0.1276731 0.1097534 0.1049536 0.1098303 0.0975203 0.1252947 0.1345920 0.1475249 0.1733338 0.0714916 0.1336136 0.1513673 0.1723761 0.1043862 0.1211199 0.1362266 0.1331086 
S1120       0.0876466 0.1119512 0.1921275 0.1051330 0.1209893 0.0464991 0.1310735 0.1027016 0.1152290 0.1462883 0.0953562 0.0892201 0.1017347 0.0986126 0.1260770 0.0768734 0.0464991 0.2320213 0.1207711 0.1264630 0.1044992 0.1190094 0.1203065 0.1066130 0.1062997 0.0837315 0.1867837 0.0981302 0.1114405 0.1001162 0.0927112 0.0545533 0.1151547 0.1118771 0.0382525 0.1140270 0.1277480 0.0990838 0.1143872 0.1694381 0.0000000 0.1202393 0.1157377 0.1896258 0.1658103 0.1424846 0.1028950 0.0868082 0.1069183 0.1062273 0.0935810 0.1098480 0.1146776 0.1400063 0.0416311 0.1394982 0.1210724 0.0459482 0.0558076 0.1016415 0.0713601 0.1178072 0.1101395 0.0907559 0.0710034 0.0967501 0.0889783 0.1175018 0.1078935 0.1124857 0.0984814 0.1401450 0.1494300 0.1214275 0.1014122 0.1564072 0.1093591 0.1091500 0.0953356 0.1100674 0.1022121 0.1080584 0.1074620 0.1120617 0.1123549 0.1041487 0.1180830 0.1212314 0.1119223 0.1507127 0.1159705 0.1108096 0.1026618 0.1011812 
