136
PAFTOL_019361 0.0000000 0.2067409 0.2092141 0.2504735 0.2364373 0.2063134 0.2327809 0.2113177 0.2107193 0.2096023 0.2225558 0.2415722 0.2345740 0.2328509 0.2202649 0.2405181 0.2140999 0.2195402 0.2676068 0.2358145 0.1990813 0.2121973 0.2060899 0.2331032 0.2006740 0.2063404 0.2052550 0.2061764 0.2095682 0.2292173 0.2177261 0.2133399 0.2249973 0.2270207 0.2391581 0.2114188 0.2201609 0.2072961 0.2383430 0.2115492 0.2659853 0.1841949 0.2260473 0.2154966 0.2331489 0.2286459 0.2106287 0.2393961 0.2188684 0.2024101 0.2125274 0.2058044 0.2028219 0.2039173 0.2034368 0.2206503 0.2145543 0.2259805 0.2455673 0.2454233 0.2039336 0.1861955 0.2285592 0.2134725 0.2137884 0.2249656 0.2135820 0.2136167 0.2543100 0.2336853 0.2232195 0.2266552 0.2402906 0.2578050 0.2184661 0.2290293 0.2398685 0.2018298 0.2239858 0.2586567 0.2247117 0.1997474 0.2421091 0.2112223 0.2181310 0.2169347 0.1943804 0.2223092 0.2082465 0.2092846 0.2385718 0.2514623 0.2404490 0.2217778 0.2540026 0.2216526 0.2366164 0.2342413 0.2086491 0.2394819 0.2182852 0.1975200 0.2004854 0.1971451 0.2066319 0.2115179 0.2138245 0.2147677 0.2123963 0.2032659 0.2290467 0.2111825 0.2082021 0.2208382 0.2407537 0.2603134 0.1991135 0.2293394 0.2112834 0.2086853 0.2044896 0.2361044 0.2039990 0.2285985 0.2023476 0.1973353 0.2214038 0.2144625 0.2734175 0.2085541 0.1921831 0.2432331 0.1824854 0.2090776 0.1934339 0.1929725 
S0055         0.2067409 0.0000000 0.0726209 0.1088947 0.1039552 0.0481505 0.1140498 0.0845641 0.0781182 0.0554182 0.0677126 0.1146213 0.1082406 0.1107600 0.0914401 0.1128772 0.0926710 0.0860473 0.0994731 0.1100556 0.0579098 0.0452677 0.0474161 0.0988159 0.0633260 0.0829527 0.0731241 0.0590157 0.0775790 0.1064888 0.0957138 0.0765242 0.0790071 0.1141275 0.1089380 0.0872229 0.0596044 0.0447077 0.1049804 0.0808757 0.1219072 0.0545118 0.0586480 0.0898905 0.1077318 0.1492715 0.0752490 0.1152898 0.0834462 0.0460740 0.0790110 0.0760992 0.0452646 0.0743029 0.0728361 0.0840030 0.0882157 0.0985111 0.1258349 0.1017701 0.0793922 0.0607236 0.0911395 0.0835886 0.0776131 0.0842903 0.0761229 0.0795402 0.0858359 0.1054027 0.1484617 0.0924526 0.1188346 0.1211589 0.0772808 0.0861420 0.1541420 0.0716784 0.1468648 0.0939430 0.0833051 0.0743629 0.1208697 0.0533912 0.0887142 0.1404314 0.0428717 0.0614100 0.0762138 0.0830209 0.0973519 0.1032616 0.1172826 0.1026154 0.1248152 0.1002887 0.1113967 0.1098963 0.0471928 0.1192440 0.0791670 0.0749156 0.0457421 0.0435549 0.0361399 0.0837734 0.0515764 0.0995332 0.0789284 0.0779137 0.0967126 0.0561533 0.0774612 0.0931578 0.1106610 0.1112050 0.0468978 0.1043818 0.0830554 0.0759070 0.0474148 0.1120470 0.0457909 0.0996472 0.0433217 0.0536348 0.0807967 0.0859247 0.1215107 0.0774532 0.0668776 0.1171523 0.0560723 0.0738593 0.0523171 0.0634304 
S0196sl       0.2092141 0.0726209 0.0000000 0.1111288 0.0615295 0.0753262 0.1046694 0.0828585 0.0731925 0.0759035 0.0911375 0.1041545 0.0983256 0.0965117 0.0940131 0.1034490 0.0876027 0.0843804 0.1022431 0.0961838 0.0718255 0.0744889 0.0718306 0.0994131 0.0838209 0.0826439 0.0175292 0.0753035 0.0819283 0.0988167 0.0903729 0.0748301 0.0946136 0.1041366 0.0967045 0.0795651 0.0835529 0.0721020 0.1063026 0.0791314 0.1249537 0.0688642 0.0882620 0.0439987 0.0954984 0.1467331 0.0908242 0.1046986 0.0782314 0.0727837 0.0730575 0.0183152 0.0722972 0.0166491 0.0171279 0.0783127 0.0430358 0.0963739 0.1168474 0.1019017 0.0743048 0.0515757 0.0982481 0.0743327 0.0755596 0.0796795 0.0719484 0.0717694 0.1074230 0.0650420 0.1451092 0.0927348 0.1077297 0.1147709 0.0728506 0.0768183 0.1525817 0.0162330 0.1463341 0.0847297 0.0829259 0.0748027 0.1104851 0.0810616 0.0859116 0.1310355 0.0668502 0.0852368 0.0678588 0.0805856 0.0977734 0.1063493 0.1086735 0.0960320 0.1201475 0.0945428 0.1013905 0.1006810 0.0731721 0.1066785 0.0782481 0.0674148 0.0741463 0.0672229 0.0766974 0.0809636 0.0785273 0.0969518 0.0733195 0.0718989 0.0959773 0.0825643 0.0195797 0.0936118 0.0659854 0.1130319 0.0732064 0.0635806 0.0850765 0.0750855 0.0769997 0.1027609 0.0735446 0.0960254 0.0700406 0.0671171 0.0825853 0.0883391 0.1231435 0.0729330 0.0570119 0.1121641 0.0266412 0.0717326 0.0655460 0.0560116 
S0278         0.2504735 0.1088947 0.1111288 0.0000000 0.1449068 0.1189882 0.1505346 0.0537704 0.1183388 0.1217925 0.1319849 0.0603499 0.1472977 0.1437200 0.0624413 0.1503329 0.0728723 0.1254256 0.1402194 0.1459182 0.1055201 0.1162224 0.1183478 0.0669604 0.1172695 0.0599903 0.1136426 0.1124345 0.0611614 0.1441692 0.0869738 0.1147189 0.1396614 0.1475650 0.1479205 0.0463110 0.1285081 0.1137555 0.0690760 0.0808919 0.1471723 0.1113320 0.1416682 0.1266907 0.1474315 0.1772206 0.1227200 0.1541375 0.1225601 0.1164868 0.1136503 0.1132832 0.1141960 0.1122447 0.1112156 0.1220724 0.1175406 0.0978337 0.1657400 0.1246835 0.0742830 0.0985022 0.0604496 0.1206386 0.1158292 0.1195275 0.1131600 0.1130318 0.1467355 0.1420043 0.1688998 0.1324181 0.1552294 0.1565208 0.1175876 0.1240088 0.1787092 0.1117920 0.1708079 0.1141546 0.1243393 0.1141848 0.1618744 0.1255190 0.1264048 0.1622575 0.1163695 0.1294368 0.1058916 0.0542785 0.1225205 0.1292458 0.1560991 0.0932911 0.0657782 0.1406711 0.1486378 0.1447537 0.1187282 0.1612715 0.1107954 0.1087063 0.1136906 0.1110858 0.1189967 0.1187065 0.1213143 0.1061269 0.1165929 0.1173614 0.0660934 0.1234483 0.1153405 0.0672445 0.1494007 0.1394832 0.1185863 0.1423324 0.1228419 0.1176787 0.1190007 0.0660585 0.1136682 0.0963793 0.1128066 0.1070526 0.1188409 0.1271129 0.1382711 0.1154069 0.1035056 0.1497333 0.0937431 0.1148257 0.0971776 0.1010214 
S0281         0.2364373 0.1039552 0.0615295 0.1449068 0.0000000 0.1041733 0.1161240 0.1131283 0.1036489 0.1030309 0.1187217 0.1415512 0.1104989 0.1126568 0.1250776 0.1164282 0.1126281 0.1086405 0.1243444 0.1080123 0.0967399 0.1040938 0.1018300 0.1342219 0.1091526 0.1116007 0.0561557 0.0985025 0.1138338 0.1099385 0.1088274 0.0959250 0.1154802 0.1237481 0.1136702 0.1114034 0.1096218 0.1030766 0.1367325 0.1080252 0.1468189 0.0948332 0.1204707 0.0588570 0.1054047 0.1773442 0.1220754 0.1173422 0.1038219 0.1029778 0.0920728 0.0567823 0.0993062 0.0572243 0.0540721 0.1016803 0.0588697 0.1185261 0.1284934 0.1245309 0.1063963 0.0809973 0.1241589 0.0932534 0.0951534 0.1015909 0.0926289 0.0923832 0.1372729 0.0723466 0.1692846 0.1172339 0.1262869 0.1223046 0.0908639 0.0950215 0.1832539 0.0556030 0.1751334 0.1164355 0.1045215 0.0925844 0.1306536 0.1075014 0.1148415 0.1625364 0.0951684 0.1129179 0.0944624 0.1123012 0.1220406 0.1282267 0.1218664 0.1195775 0.1508021 0.1142652 0.1133777 0.1138779 0.1056198 0.1184892 0.1018287 0.0953616 0.1000036 0.0973015 0.1049245 0.1068156 0.1028904 0.1158773 0.1020096 0.1023688 0.1301915 0.1102200 0.0598343 0.1255590 0.0752559 0.1377671 0.0978120 0.0692729 0.1111972 0.0998589 0.1023556 0.1318660 0.1031156 0.1257006 0.0995560 0.0949767 0.1074072 0.1115442 0.1455953 0.0920776 0.0886655 0.1448719 0.0552353 0.0954158 0.0928448 0.0863384 
S0282         0.2063134 0.0481505 0.0753262 0.1189882 0.1041733 0.0000000 0.1148634 0.0859747 0.0754160 0.0211323 0.0594878 0.1149849 0.1110325 0.1067773 0.0961879 0.1121317 0.0911638 0.0861510 0.1056804 0.1088437 0.0626034 0.0147489 0.0203461 0.0995712 0.0690352 0.0850417 0.0743291 0.0636656 0.0842926 0.1067625 0.0933458 0.0755972 0.0798383 0.1101639 0.1061182 0.0895866 0.0424241 0.0215631 0.1084782 0.0817622 0.1227675 0.0545539 0.0251463 0.0900567 0.1085287 0.1493495 0.0766041 0.1159080 0.0842665 0.0249158 0.0765944 0.0773062 0.0123631 0.0755071 0.0740082 0.0830096 0.0903036 0.0970365 0.1238314 0.1008904 0.0790587 0.0593963 0.0972493 0.0831169 0.0766262 0.0832136 0.0742464 0.0758798 0.0776449 0.1041815 0.1462758 0.0904322 0.1162250 0.1136783 0.0766952 0.0827609 0.1557744 0.0719938 0.1457559 0.0942275 0.0805702 0.0739048 0.1183370 0.0436937 0.0927806 0.1361541 0.0125217 0.0482751 0.0795830 0.0851519 0.0981003 0.1028674 0.1175726 0.1013142 0.1273357 0.1007407 0.1132083 0.1122269 0.0210257 0.1196766 0.0819391 0.0726370 0.0159037 0.0210404 0.0545396 0.0843271 0.0420429 0.0944445 0.0774798 0.0770310 0.1025801 0.0406648 0.0786704 0.0969911 0.1093770 0.1123898 0.0159050 0.1040923 0.0854068 0.0740334 0.0272730 0.1107531 0.0312100 0.1003759 0.0295814 0.0566427 0.0851403 0.0893792 0.1161743 0.0760201 0.0663918 0.1163776 0.0533494 0.0738775 0.0576085 0.0625440 
S0288         0.2327809 0.1140498 0.1046694 0.1505346 0.1161240 0.1148634 0.0000000 0.1192879 0.1126904 0.1179040 0.1311306 0.1479016 0.0208645 0.0845780 0.1315893 0.0158251 0.1228443 0.1194752 0.1416549 0.0252395 0.1101465 0.1175201 0.1152479 0.1419247 0.1123664 0.1236968 0.0990202 0.1128156 0.1253127 0.0128069 0.1252882 0.1112066 0.1249189 0.0870240 0.0199268 0.1203979 0.1182046 0.1145079 0.1482395 0.1185322 0.1598778 0.1025557 0.1308119 0.1093052 0.0205232 0.1834458 0.1263983 0.0181296 0.1211560 0.1144130 0.1099463 0.0982097 0.1139757 0.0976641 0.0976540 0.1115055 0.1025851 0.1354350 0.0954216 0.1380772 0.1138203 0.0950658 0.1375976 0.0480347 0.1098804 0.1161377 0.1037624 0.1073284 0.1454109 0.1159340 0.1818770 0.1271606 0.0874434 0.0967792 0.1078803 0.1134479 0.1869930 0.0972957 0.1837668 0.1486240 0.1199991 0.1071142 0.0846857 0.1223341 0.1194958 0.1683094 0.1073136 0.1220391 0.1022521 0.1217624 0.1361905 0.1394833 0.0200673 0.1366612 0.1579383 0.0757956 0.0108504 0.0093488 0.1138021 0.0885357 0.1108362 0.1055511 0.1125583 0.1080129 0.1145086 0.1180560 0.1171335 0.1337095 0.1089035 0.1118723 0.1393255 0.1200002 0.1006262 0.1353688 0.1231253 0.1504389 0.1112772 0.1180906 0.1227668 0.1053391 0.1162071 0.1471173 0.1137063 0.1280906 0.1073173 0.0999001 0.1207056 0.1179660 0.1579910 0.1074468 0.0970180 0.1498967 0.0823285 0.1049256 0.1020056 0.0965997 
S0289         0.2113177 0.0845641 0.0828585 0.0537704 0.1131283 0.0859747 0.1192879 0.0000000 0.0837113 0.0899978 0.1013468 0.0524939 0.1152631 0.1104977 0.0364777 0.1178267 0.0514670 0.0991077 0.1074937 0.1125281 0.0752995 0.0861334 0.0832187 0.0482434 0.0910569 0.0378072 0.0824041 0.0815987 0.0384949 0.1110133 0.0624222 0.0852662 0.1073092 0.1128140 0.1109213 0.0319971 0.0957360 0.0804621 0.0474526 0.0546352 0.1181288 0.0825230 0.1032843 0.0990991 0.1142984 0.1480718 0.0964354 0.1186713 0.0919146 0.0836642 0.0833644 0.0821511 0.0806026 0.0807462 0.0797121 0.0913913 0.0945172 0.0719262 0.1307858 0.0949411 0.0517273 0.0643015 0.0476269 0.0918824 0.0853704 0.0893119 0.0834081 0.0851087 0.1168468 0.1042591 0.1454042 0.1001268 0.1265900 0.1317943 0.0880948 0.0932638 0.1500229 0.0807458 0.1436714 0.0896588 0.0924952 0.0867834 0.1320080 0.0927519 0.0952785 0.1350831 0.0817109 0.0999380 0.0809996 0.0411402 0.0931598 0.0990358 0.1212829 0.0752256 0.0663924 0.1072374 0.1166130 0.1143867 0.0852160 0.1293401 0.0821483 0.0771368 0.0807502 0.0800330 0.0891591 0.0842013 0.0874933 0.0772672 0.0836988 0.0832201 0.0418242 0.0935874 0.0844638 0.0450220 0.1094134 0.1077286 0.0858710 0.1035261 0.0920997 0.0877661 0.0859048 0.0480920 0.0823300 0.0705856 0.0812703 0.0782836 0.0927265 0.0955989 0.1106729 0.0849371 0.0692974 0.1223488 0.0632221 0.0861292 0.0697799 0.0666900 
S0292         0.2107193 0.0781182 0.0731925 0.1183388 0.1036489 0.0754160 0.1126904 0.0837113 0.0000000 0.0791973 0.0908867 0.1145850 0.1067842 0.1076721 0.0959353 0.1088396 0.0903120 0.0784464 0.0860332 0.1066735 0.0734992 0.0761130 0.0772955 0.1058287 0.0826389 0.0869272 0.0687700 0.0737875 0.0824995 0.1035632 0.0978533 0.0716042 0.0937222 0.1124705 0.1077580 0.0862485 0.0841880 0.0763932 0.1090930 0.0807930 0.1225650 0.0722743 0.0890646 0.0820590 0.1062337 0.1518033 0.0886825 0.1115426 0.0758771 0.0763265 0.0699535 0.0707569 0.0735076 0.0671569 0.0675384 0.0780455 0.0823937 0.0971772 0.1242625 0.0995729 0.0802099 0.0543589 0.0938718 0.0827167 0.0717511 0.0780563 0.0667348 0.0705652 0.1149061 0.0981594 0.1504246 0.0887701 0.1156737 0.1140850 0.0716782 0.0784937 0.1594958 0.0641462 0.1491506 0.0922231 0.0793033 0.0627463 0.1166940 0.0833855 0.0352115 0.1388524 0.0713305 0.0876834 0.0626096 0.0850172 0.0978710 0.1039769 0.1175114 0.0978581 0.1287980 0.1000384 0.1084009 0.1053988 0.0760786 0.1206994 0.0689901 0.0096950 0.0740225 0.0701482 0.0807165 0.0256969 0.0801142 0.0965065 0.0214551 0.0118038 0.0968614 0.0833569 0.0698189 0.0973876 0.1046990 0.1134617 0.0748009 0.0980846 0.0293085 0.0646122 0.0774698 0.1087884 0.0774737 0.1001783 0.0728110 0.0709729 0.0759105 0.0777222 0.1203719 0.0723943 0.0581853 0.1063641 0.0479715 0.0623018 0.0645774 0.0570171 
S0293         0.2096023 0.0554182 0.0759035 0.1217925 0.1030309 0.0211323 0.1179040 0.0899978 0.0791973 0.0000000 0.0676681 0.1196669 0.1153399 0.1107351 0.1026699 0.1153450 0.0944517 0.0917057 0.1102120 0.1135838 0.0642165 0.0235477 0.0287396 0.1014075 0.0725779 0.0887324 0.0744517 0.0675791 0.0857636 0.1110255 0.0957326 0.0799517 0.0822149 0.1137488 0.1114488 0.0931200 0.0480848 0.0281847 0.1132115 0.0835645 0.1274382 0.0609165 0.0325799 0.0921330 0.1133093 0.1493494 0.0822113 0.1198450 0.0863994 0.0311149 0.0805017 0.0784056 0.0184143 0.0770183 0.0754819 0.0856477 0.0888559 0.1009966 0.1262699 0.1053711 0.0819009 0.0635111 0.1005116 0.0889458 0.0805422 0.0872759 0.0776764 0.0798266 0.0821997 0.1068312 0.1496055 0.0946650 0.1195116 0.1166054 0.0815337 0.0887536 0.1558554 0.0734099 0.1445762 0.0975792 0.0861328 0.0783822 0.1210001 0.0485908 0.0961233 0.1323021 0.0174787 0.0538647 0.0797377 0.0882633 0.1024825 0.1090326 0.1236521 0.1037964 0.1324227 0.1018951 0.1171144 0.1156276 0.0278623 0.1242724 0.0872217 0.0763855 0.0237391 0.0279067 0.0620911 0.0888650 0.0472327 0.0973077 0.0822266 0.0804279 0.1053675 0.0471499 0.0793640 0.1002381 0.1116841 0.1172325 0.0217508 0.1062499 0.0889000 0.0789898 0.0335471 0.1126292 0.0393770 0.1006169 0.0363853 0.0619619 0.0905536 0.0945091 0.1239458 0.0817455 0.0702579 0.1218394 0.0569277 0.0797826 0.0591318 0.0667876 
S0294         0.2225558 0.0677126 0.0911375 0.1319849 0.1187217 0.0594878 0.1311306 0.1013468 0.0908867 0.0676681 0.0000000 0.1331259 0.1267806 0.1285523 0.1086428 0.1292780 0.1092878 0.1026005 0.1216625 0.1265736 0.0771772 0.0586120 0.0578670 0.1145092 0.0814602 0.0981903 0.0880705 0.0788458 0.1020842 0.1219104 0.1099215 0.0904811 0.0966214 0.1291608 0.1227693 0.1014628 0.0710199 0.0578433 0.1280091 0.0961047 0.1400872 0.0735705 0.0723182 0.1048093 0.1231346 0.1643852 0.0868834 0.1285302 0.0984815 0.0598586 0.0892570 0.0887104 0.0581421 0.0891684 0.0867751 0.0983340 0.1043506 0.1154684 0.1357919 0.1162795 0.0966456 0.0743795 0.1130767 0.0983537 0.0886551 0.0996898 0.0873444 0.0893889 0.0669395 0.1230402 0.1646022 0.1093582 0.1290976 0.1354016 0.0934642 0.0999003 0.1730470 0.0859920 0.1638946 0.1149670 0.0975904 0.0901879 0.1317143 0.0649755 0.1075233 0.1538465 0.0571060 0.0763880 0.0934611 0.0971092 0.1122484 0.1195005 0.1337447 0.1161846 0.1447406 0.1178445 0.1291846 0.1270412 0.0589092 0.1295268 0.0985075 0.0874267 0.0596739 0.0531435 0.0738229 0.0980652 0.0632164 0.1122004 0.0951061 0.0901657 0.1172804 0.0705180 0.0924582 0.1082016 0.1295827 0.1292174 0.0587288 0.1224640 0.1008988 0.0929894 0.0600506 0.1250702 0.0569519 0.1099509 0.0586688 0.0712994 0.1016544 0.1023978 0.1339440 0.0930269 0.0794335 0.1260263 0.0682031 0.0903706 0.0662128 0.0752208 
S0299         0.2415722 0.1146213 0.1041545 0.0603499 0.1415512 0.1149849 0.1479016 0.0524939 0.1145850 0.1196669 0.1331259 0.0000000 0.1434025 0.1379481 0.0624696 0.1469338 0.0749874 0.1279988 0.1381457 0.1436357 0.1058377 0.1135929 0.1134241 0.0712931 0.1226560 0.0623018 0.1131549 0.1134010 0.0634701 0.1418624 0.0829094 0.1141375 0.1391399 0.1406082 0.1437682 0.0459510 0.1208490 0.1094019 0.0696091 0.0840582 0.1453496 0.1095042 0.1363295 0.1226748 0.1429768 0.1789758 0.1279293 0.1513262 0.1184039 0.1134843 0.1102571 0.1123251 0.1097511 0.1122942 0.1112799 0.1216563 0.1181875 0.1011922 0.1621783 0.1228186 0.0752481 0.0947708 0.0643542 0.1212316 0.1132176 0.1186697 0.1101732 0.1104532 0.1502940 0.1368114 0.1729072 0.1282479 0.1612589 0.1598838 0.1172555 0.1228823 0.1800113 0.1113007 0.1733702 0.1084833 0.1203287 0.1129576 0.1638840 0.1205395 0.1219180 0.1671237 0.1123560 0.1272064 0.1060931 0.0608300 0.1201487 0.1268524 0.1522402 0.0920939 0.0726868 0.1353837 0.1457821 0.1435255 0.1152804 0.1579878 0.1137025 0.1058514 0.1111909 0.1095050 0.1175209 0.1129962 0.1152117 0.1043945 0.1138415 0.1134486 0.0650564 0.1206825 0.1158194 0.0683646 0.1446836 0.1369025 0.1152236 0.1349386 0.1199223 0.1150095 0.1155087 0.0644746 0.1128106 0.0960017 0.1088492 0.1045733 0.1204016 0.1256073 0.1339613 0.1100012 0.1003405 0.1431027 0.0917151 0.1132664 0.0981053 0.0984774 
S0303         0.2345740 0.1082406 0.0983256 0.1472977 0.1104989 0.1110325 0.0208645 0.1152631 0.1067842 0.1153399 0.1267806 0.1434025 0.0000000 0.0784755 0.1270479 0.0178108 0.1163266 0.1180008 0.1376680 0.0117762 0.1046931 0.1130274 0.1118021 0.1393370 0.1121630 0.1183575 0.0939632 0.1076064 0.1183385 0.0137097 0.1173469 0.1040222 0.1238450 0.0838679 0.0227033 0.1165585 0.1131559 0.1090744 0.1421228 0.1113782 0.1510357 0.1001007 0.1288824 0.1015496 0.0087910 0.1828631 0.1236356 0.0193189 0.1153649 0.1100227 0.1012544 0.0936435 0.1101622 0.0935787 0.0926352 0.1060922 0.0989231 0.1283591 0.0863222 0.1301084 0.1083774 0.0887947 0.1306085 0.0390922 0.1007817 0.1087388 0.0963400 0.1013023 0.1424346 0.1140575 0.1786974 0.1232396 0.0826123 0.0905924 0.1015212 0.1070384 0.1875151 0.0932160 0.1836949 0.1371035 0.1128811 0.1024747 0.0809840 0.1177322 0.1142075 0.1676349 0.1035806 0.1162677 0.0980050 0.1160036 0.1277357 0.1309861 0.0212632 0.1274835 0.1555215 0.0691551 0.0159256 0.0164219 0.1104191 0.0819952 0.1069859 0.0998708 0.1081844 0.1037297 0.1086426 0.1130895 0.1125337 0.1274252 0.1041040 0.1043985 0.1337787 0.1137502 0.0969263 0.1284722 0.1185777 0.1437414 0.1065136 0.1151621 0.1160108 0.1044711 0.1108057 0.1438012 0.1083930 0.1225815 0.1040039 0.0973112 0.1155170 0.1190885 0.1497472 0.1013971 0.0920797 0.1468815 0.0779352 0.1024237 0.0965231 0.0907377 
S0308         0.2328509 0.1107600 0.0965117 0.1437200 0.1126568 0.1067773 0.0845780 0.1104977 0.1076721 0.1107351 0.1285523 0.1379481 0.0784755 0.0000000 0.1257573 0.0796828 0.1187050 0.1181915 0.1311689 0.0755593 0.1034980 0.1140458 0.1089678 0.1331935 0.1184636 0.1130315 0.0951787 0.1073153 0.1130763 0.0794004 0.1145295 0.1033368 0.1273355 0.0808099 0.0829670 0.1146649 0.1140401 0.1083710 0.1360083 0.1133241 0.1513204 0.1023390 0.1313061 0.1060599 0.0762167 0.1808057 0.1273340 0.0868216 0.1143496 0.1109656 0.1001044 0.0968073 0.1070652 0.0958402 0.0942199 0.1068423 0.1019051 0.1239144 0.0947176 0.1281664 0.1098410 0.0922134 0.1219538 0.0587916 0.1016997 0.1105487 0.0985858 0.1013347 0.1376781 0.1089539 0.1734673 0.1225440 0.0869106 0.0889971 0.1010200 0.1093280 0.1870145 0.0939441 0.1787986 0.1259160 0.1123561 0.1071197 0.0870396 0.1137119 0.1166670 0.1641556 0.1049901 0.1165276 0.1014381 0.1118453 0.1257322 0.1285087 0.0886611 0.1282583 0.1438444 0.0755640 0.0801407 0.0818752 0.1083407 0.0864848 0.1085997 0.1022759 0.1075921 0.1041092 0.1096747 0.1138211 0.1133631 0.1214721 0.1095112 0.1053430 0.1279563 0.1123480 0.0973557 0.1240751 0.1158162 0.1427250 0.1088847 0.1092286 0.1157636 0.1076158 0.1133066 0.1282459 0.1075505 0.1261386 0.1051349 0.1021216 0.1138716 0.1204694 0.1496911 0.1031829 0.0956484 0.1528519 0.0763898 0.1045302 0.0953847 0.0933319 
S0320         0.2202649 0.0914401 0.0940131 0.0624413 0.1250776 0.0961879 0.1315893 0.0364777 0.0959353 0.1026699 0.1086428 0.0624696 0.1270479 0.1257573 0.0000000 0.1304630 0.0584853 0.1100594 0.1214621 0.1257594 0.0831965 0.0966913 0.0950417 0.0528277 0.1030764 0.0463607 0.0922351 0.0917597 0.0448046 0.1233571 0.0734706 0.0961009 0.1140527 0.1258627 0.1256200 0.0400980 0.1071800 0.0938926 0.0606733 0.0682797 0.1274767 0.0907219 0.1147298 0.1064430 0.1276385 0.1629738 0.1081702 0.1341872 0.1037619 0.0957051 0.0948266 0.0928683 0.0920308 0.0928720 0.0913629 0.1028539 0.1025853 0.0828478 0.1457569 0.1057857 0.0600266 0.0755071 0.0504883 0.1018302 0.0961076 0.1020135 0.0932085 0.0944143 0.1310685 0.1144258 0.1580323 0.1124141 0.1386918 0.1370240 0.0997223 0.1054894 0.1661728 0.0919220 0.1574644 0.0993304 0.1064346 0.0970589 0.1424040 0.1051581 0.1100975 0.1486770 0.0944476 0.1097909 0.0918929 0.0457768 0.1050699 0.1111413 0.1360429 0.0794172 0.0727618 0.1211794 0.1289462 0.1268871 0.0973295 0.1429772 0.0939476 0.0910087 0.0929377 0.0916652 0.0979506 0.0971574 0.1001611 0.0927810 0.0974400 0.0980028 0.0429131 0.1050608 0.0962366 0.0495055 0.1213584 0.1199666 0.0981113 0.1158666 0.1033668 0.0983951 0.0965725 0.0561256 0.0950012 0.0800409 0.0919956 0.0889056 0.1023853 0.1071918 0.1219892 0.0974167 0.0820587 0.1327144 0.0728472 0.0956696 0.0777327 0.0793911 
S0322         0.2405181 0.1128772 0.1034490 0.1503329 0.1164282 0.1121317 0.0158251 0.1178267 0.1088396 0.1153450 0.1292780 0.1469338 0.0178108 0.0796828 0.1304630 0.0000000 0.1234959 0.1184075 0.1384456 0.0220846 0.1083473 0.1142069 0.1129851 0.1401499 0.1147520 0.1201209 0.0991287 0.1123537 0.1224758 0.0125976 0.1195615 0.1086748 0.1257990 0.0856343 0.0168155 0.1182141 0.1153656 0.1107409 0.1478846 0.1132246 0.1557064 0.0993984 0.1278686 0.1081926 0.0178645 0.1849467 0.1276054 0.0163152 0.1204140 0.1112232 0.1068170 0.0987888 0.1103386 0.0987188 0.0977843 0.1093593 0.1031592 0.1312899 0.0910100 0.1344761 0.1138972 0.0928026 0.1359869 0.0416475 0.1073480 0.1129913 0.1018796 0.1059568 0.1376492 0.1172782 0.1818614 0.1225629 0.0855856 0.0915895 0.1063320 0.1124325 0.1896706 0.0983567 0.1852690 0.1430051 0.1157254 0.1061046 0.0829798 0.1201200 0.1160055 0.1690123 0.1037036 0.1195843 0.0997542 0.1176799 0.1320846 0.1353583 0.0174568 0.1362517 0.1567985 0.0729209 0.0121496 0.0118799 0.1110898 0.0867841 0.1073519 0.1024149 0.1088258 0.1058737 0.1143425 0.1157890 0.1178650 0.1310116 0.1058826 0.1075709 0.1355899 0.1160165 0.1016406 0.1318187 0.1221188 0.1488963 0.1061518 0.1194078 0.1176994 0.1047775 0.1124372 0.1490022 0.1115583 0.1260517 0.1050218 0.1004917 0.1159124 0.1179379 0.1532031 0.1060838 0.0956592 0.1510031 0.0814136 0.1051158 0.0986634 0.0947726 
S0327         0.2140999 0.0926710 0.0876027 0.0728723 0.1126281 0.0911638 0.1228443 0.0514670 0.0903120 0.0944517 0.1092878 0.0749874 0.1163266 0.1187050 0.0584853 0.1234959 0.0000000 0.1051419 0.1121381 0.1162854 0.0844928 0.0919681 0.0886361 0.0577576 0.0995339 0.0481177 0.0845674 0.0914568 0.0493534 0.1146823 0.0612687 0.0922406 0.1102678 0.1217059 0.1182549 0.0479870 0.1002261 0.0887157 0.0657124 0.0638535 0.1180010 0.0874605 0.1112503 0.0970272 0.1149782 0.1497840 0.1042384 0.1250162 0.0953231 0.0889416 0.0913691 0.0851291 0.0885480 0.0842462 0.0841173 0.0941375 0.0920326 0.0796701 0.1357763 0.0966974 0.0574283 0.0726366 0.0533253 0.0968376 0.0924330 0.0940084 0.0893831 0.0915126 0.1246018 0.1065493 0.1483691 0.1082881 0.1262673 0.1254435 0.0910160 0.0971859 0.1508105 0.0833461 0.1420875 0.0842142 0.0979933 0.0894806 0.1315461 0.1020326 0.0983338 0.1331237 0.0874643 0.1067417 0.0854342 0.0484764 0.0947075 0.1016068 0.1283571 0.0803212 0.0844222 0.1119944 0.1204659 0.1181822 0.0914770 0.1319253 0.0884930 0.0832607 0.0887356 0.0844880 0.0961854 0.0929068 0.0936444 0.0791837 0.0912476 0.0898384 0.0636683 0.0997077 0.0885239 0.0571542 0.1134843 0.1123172 0.0916595 0.1061037 0.0971402 0.0929738 0.0921016 0.0721814 0.0900254 0.0809963 0.0876318 0.0885932 0.0956876 0.1023614 0.1184661 0.0902448 0.0768827 0.1310480 0.0685592 0.0918987 0.0777251 0.0732761 
S0335         0.2195402 0.0860473 0.0843804 0.1254256 0.1086405 0.0861510 0.1194752 0.0991077 0.0784464 0.0917057 0.1026005 0.1279988 0.1180008 0.1181915 0.1100594 0.1184075 0.1051419 0.0000000 0.0732005 0.1148323 0.0829463 0.0874117 0.0877304 0.1131907 0.0954469 0.0977010 0.0775844 0.0827328 0.0982190 0.1138621 0.1058571 0.0817969 0.1036068 0.1216378 0.1137833 0.1006766 0.0973400 0.0861476 0.1229475 0.0909943 0.1318200 0.0789781 0.1006889 0.0932823 0.1164809 0.1566110 0.1027729 0.1198681 0.0929810 0.0857205 0.0819770 0.0814568 0.0845518 0.0800806 0.0761138 0.0831561 0.0932406 0.1049102 0.1354376 0.1106984 0.0871466 0.0582216 0.1093324 0.0923526 0.0823627 0.0863713 0.0781497 0.0784094 0.1250422 0.1116073 0.1514389 0.0964310 0.1289715 0.1244511 0.0805750 0.0856221 0.1571844 0.0783104 0.1522137 0.1042330 0.0879180 0.0562887 0.1298417 0.0953209 0.0907237 0.1405140 0.0823928 0.1011398 0.0735873 0.0966738 0.1090732 0.1134217 0.1274922 0.1073571 0.1314293 0.1087017 0.1165538 0.1145771 0.0878144 0.1303656 0.0572461 0.0734976 0.0863310 0.0833712 0.0930237 0.0794395 0.0919360 0.1038147 0.0807485 0.0773979 0.1157213 0.0943943 0.0828373 0.1077330 0.1168757 0.1243845 0.0864478 0.1079921 0.0852074 0.0514420 0.0883292 0.1220150 0.0854000 0.1083167 0.0843919 0.0822005 0.0627057 0.0342761 0.1264934 0.0767208 0.0625936 0.1279996 0.0605584 0.0487274 0.0771510 0.0625611 
S0345         0.2676068 0.0994731 0.1022431 0.1402194 0.1243444 0.1056804 0.1416549 0.1074937 0.0860332 0.1102120 0.1216625 0.1381457 0.1376680 0.1311689 0.1214621 0.1384456 0.1121381 0.0732005 0.0000000 0.1325403 0.0977929 0.1014740 0.1077403 0.1320551 0.1157972 0.1098003 0.0939808 0.1012084 0.1037999 0.1353953 0.1148262 0.0962975 0.1243397 0.1367789 0.1318130 0.1071449 0.1156807 0.1044472 0.1342492 0.1076127 0.1488374 0.0937614 0.1138818 0.1080580 0.1372124 0.1808305 0.1245707 0.1404169 0.1113570 0.1028235 0.0959811 0.0963534 0.1015530 0.0943383 0.0907549 0.1038324 0.1010188 0.1169633 0.1582107 0.1244775 0.0943410 0.0715419 0.1207356 0.1040893 0.0963268 0.1032780 0.0922679 0.0959147 0.1431500 0.1224618 0.1759962 0.1167666 0.1420784 0.1535786 0.0867823 0.0932685 0.1870431 0.0910897 0.1817684 0.1208282 0.1003419 0.0667718 0.1427872 0.1107201 0.0984639 0.1654156 0.1010660 0.1158174 0.0812510 0.1100212 0.1243528 0.1284376 0.1509309 0.1261669 0.1502337 0.1254027 0.1373130 0.1330666 0.1054963 0.1546179 0.0372570 0.0806629 0.1035601 0.1016919 0.1037338 0.0936368 0.1066051 0.1225714 0.0903778 0.0858872 0.1206013 0.1092824 0.0977671 0.1266709 0.1267508 0.1378206 0.1049137 0.1194187 0.1002676 0.0621700 0.1053827 0.1346608 0.1046317 0.1287395 0.0990271 0.0982158 0.0444388 0.0696121 0.1346346 0.0922147 0.0765229 0.1514643 0.0726096 0.0601569 0.0934896 0.0740168 
S0355         0.2358145 0.1100556 0.0961838 0.1459182 0.1080123 0.1088437 0.0252395 0.1125281 0.1066735 0.1135838 0.1265736 0.1436357 0.0117762 0.0755593 0.1257594 0.0220846 0.1162854 0.1148323 0.1325403 0.0000000 0.1044527 0.1112861 0.1106310 0.1365558 0.1098530 0.1166243 0.0925107 0.1059038 0.1163301 0.0194714 0.1172199 0.1033522 0.1230973 0.0828170 0.0250070 0.1153489 0.1131318 0.1078685 0.1407746 0.1116189 0.1518980 0.1008696 0.1258598 0.0993728 0.0118075 0.1812633 0.1249698 0.0239851 0.1151215 0.1093411 0.1006953 0.0921978 0.1089598 0.0921331 0.0911867 0.1050236 0.0963208 0.1276565 0.0876126 0.1310319 0.1086204 0.0873376 0.1280038 0.0399258 0.1015724 0.1081825 0.0966800 0.1006475 0.1384221 0.1130353 0.1778098 0.1210111 0.0824813 0.0895681 0.0989575 0.1053610 0.1852984 0.0918051 0.1826864 0.1399415 0.1134009 0.1014919 0.0808566 0.1171891 0.1141323 0.1660786 0.1034477 0.1161626 0.0965167 0.1157407 0.1286576 0.1324905 0.0259385 0.1287173 0.1552237 0.0704906 0.0201432 0.0206933 0.1097412 0.0832866 0.1054841 0.1008075 0.1060283 0.1031018 0.1099071 0.1139636 0.1128876 0.1259990 0.1049701 0.1048290 0.1333842 0.1141584 0.0949990 0.1294578 0.1180566 0.1453085 0.1058658 0.1141361 0.1163921 0.1029819 0.1113019 0.1430206 0.1086956 0.1232441 0.1054856 0.0976521 0.1145148 0.1170557 0.1483551 0.1012389 0.0901473 0.1468336 0.0759650 0.1004771 0.0948091 0.0892705 
S0376         0.1990813 0.0579098 0.0718255 0.1055201 0.0967399 0.0626034 0.1101465 0.0752995 0.0734992 0.0642165 0.0771772 0.1058377 0.1046931 0.1034980 0.0831965 0.1083473 0.0844928 0.0829463 0.0977929 0.1044527 0.0000000 0.0596171 0.0601528 0.0943172 0.0643050 0.0809766 0.0679036 0.0255300 0.0764372 0.1020696 0.0874637 0.0728983 0.0785437 0.1067118 0.1072398 0.0797955 0.0703313 0.0575698 0.1013353 0.0801004 0.1199812 0.0491334 0.0735484 0.0822468 0.1031969 0.1380482 0.0736983 0.1119945 0.0803638 0.0591416 0.0748429 0.0698893 0.0599890 0.0659282 0.0670904 0.0824858 0.0812119 0.0937977 0.1220638 0.1013217 0.0761798 0.0544430 0.0881405 0.0781690 0.0753086 0.0861412 0.0716121 0.0745020 0.0953554 0.0996697 0.1374099 0.0873370 0.1125965 0.1109617 0.0757691 0.0822902 0.1417791 0.0663853 0.1353197 0.1005636 0.0869587 0.0695545 0.1157416 0.0627418 0.0856136 0.1252925 0.0550658 0.0709485 0.0687859 0.0787671 0.0980600 0.1040056 0.1142224 0.1008305 0.1166757 0.0925859 0.1078767 0.1044160 0.0603042 0.1147671 0.0739183 0.0664556 0.0589160 0.0540630 0.0640782 0.0781873 0.0613552 0.0964668 0.0723941 0.0718949 0.0880146 0.0675084 0.0694851 0.0877022 0.1040841 0.1130331 0.0584271 0.0980625 0.0806096 0.0731222 0.0601765 0.0954772 0.0574647 0.0938708 0.0542114 0.0509478 0.0811517 0.0838109 0.1211142 0.0747024 0.0592180 0.1130939 0.0488735 0.0701456 0.0179028 0.0570925 
S0400         0.2121973 0.0452677 0.0744889 0.1162224 0.1040938 0.0147489 0.1175201 0.0861334 0.0761130 0.0235477 0.0586120 0.1135929 0.1130274 0.1140458 0.0966913 0.1142069 0.0919681 0.0874117 0.1014740 0.1112861 0.0596171 0.0000000 0.0214851 0.1002947 0.0684762 0.0827214 0.0749982 0.0630006 0.0834034 0.1091447 0.0947526 0.0801123 0.0768493 0.1151530 0.1105284 0.0892882 0.0414528 0.0211155 0.1062732 0.0826150 0.1275678 0.0566419 0.0255509 0.0897990 0.1104623 0.1512509 0.0762967 0.1191345 0.0876157 0.0234199 0.0816585 0.0771599 0.0139828 0.0757603 0.0746663 0.0870316 0.0896155 0.0990803 0.1284359 0.1065964 0.0788455 0.0599769 0.0949790 0.0868975 0.0811733 0.0900399 0.0791793 0.0804778 0.0749317 0.1071476 0.1474529 0.0927633 0.1188039 0.1191663 0.0789574 0.0867330 0.1574548 0.0721181 0.1477813 0.0931692 0.0862870 0.0758787 0.1216059 0.0431760 0.0902699 0.1376910 0.0122104 0.0466717 0.0790509 0.0848692 0.1026417 0.1093666 0.1218640 0.1020608 0.1273857 0.1033856 0.1142561 0.1146106 0.0202084 0.1230079 0.0809120 0.0732491 0.0164817 0.0197989 0.0531572 0.0858446 0.0381152 0.0963249 0.0791994 0.0777240 0.1022127 0.0400650 0.0790407 0.0979228 0.1125840 0.1161508 0.0160923 0.1080312 0.0850028 0.0761669 0.0246300 0.1112797 0.0299276 0.1026501 0.0266232 0.0543888 0.0861870 0.0895883 0.1223254 0.0801390 0.0681351 0.1155168 0.0549974 0.0750123 0.0552578 0.0645570 
S0405         0.2060899 0.0474161 0.0718306 0.1183478 0.1018300 0.0203461 0.1152479 0.0832187 0.0772955 0.0287396 0.0578670 0.1134241 0.1118021 0.1089678 0.0950417 0.1129851 0.0886361 0.0877304 0.1077403 0.1106310 0.0601528 0.0214851 0.0000000 0.1009387 0.0674301 0.0834100 0.0725874 0.0620770 0.0830069 0.1061579 0.0950346 0.0771851 0.0785807 0.1122824 0.1067542 0.0887214 0.0421349 0.0189076 0.1072395 0.0813833 0.1212859 0.0541839 0.0323177 0.0893447 0.1072466 0.1512112 0.0735462 0.1165965 0.0839867 0.0249891 0.0786385 0.0746871 0.0203568 0.0711495 0.0722657 0.0860187 0.0887781 0.0938124 0.1219367 0.1016055 0.0759590 0.0603299 0.0953915 0.0836622 0.0777394 0.0848433 0.0757974 0.0774099 0.0720131 0.1039373 0.1474886 0.0913349 0.1133476 0.1159289 0.0787831 0.0862893 0.1564835 0.0694037 0.1469988 0.0891685 0.0827105 0.0756775 0.1144253 0.0433780 0.0924744 0.1367546 0.0186623 0.0480049 0.0788349 0.0844748 0.0983068 0.1046827 0.1184530 0.0995507 0.1256837 0.1013988 0.1135750 0.1110617 0.0184422 0.1174103 0.0848425 0.0731058 0.0225134 0.0176085 0.0542446 0.0849034 0.0376810 0.0923986 0.0798544 0.0779602 0.1008362 0.0419976 0.0751722 0.0956848 0.1085123 0.1122536 0.0225008 0.1038482 0.0868530 0.0772643 0.0269792 0.1089651 0.0305111 0.0986384 0.0277330 0.0562265 0.0879310 0.0908336 0.1190082 0.0775639 0.0673517 0.1156091 0.0533862 0.0771011 0.0554861 0.0630325 
S0407sl       0.2331032 0.0988159 0.0994131 0.0669604 0.1342219 0.0995712 0.1419247 0.0482434 0.1058287 0.1014075 0.1145092 0.0712931 0.1393370 0.1331935 0.0528277 0.1401499 0.0577576 0.1131907 0.1320551 0.1365558 0.0943172 0.1002947 0.1009387 0.0000000 0.1110572 0.0478281 0.0985846 0.1007337 0.0466648 0.1314313 0.0740601 0.0975374 0.1164635 0.1365101 0.1303058 0.0464297 0.1080228 0.0953030 0.0691914 0.0680618 0.1307573 0.0949247 0.1218692 0.1195524 0.1367695 0.1684376 0.1175852 0.1430432 0.1125831 0.0970243 0.0976375 0.0997724 0.0983387 0.0980633 0.0985135 0.0993463 0.1145182 0.0929273 0.1612481 0.1082051 0.0682362 0.0824990 0.0550743 0.1081641 0.1011079 0.1067255 0.0963504 0.0961404 0.1331870 0.1308342 0.1659381 0.1161729 0.1468150 0.1503015 0.0994287 0.1074214 0.1725897 0.0988188 0.1650659 0.0990558 0.1080952 0.1013635 0.1539804 0.1069002 0.1212107 0.1539613 0.0958383 0.1173446 0.0924406 0.0493521 0.1039669 0.1129495 0.1458572 0.0854493 0.0830560 0.1299791 0.1356766 0.1354728 0.1021543 0.1584690 0.0988981 0.0998770 0.0990743 0.0974900 0.1054158 0.1041937 0.1021570 0.0983545 0.1076377 0.1062399 0.0575600 0.1120786 0.1022542 0.0288655 0.1367464 0.1190143 0.1001785 0.1300611 0.1097016 0.1008847 0.1006045 0.0691805 0.0975291 0.0914508 0.0939558 0.0974175 0.1055571 0.1121343 0.1253295 0.1033791 0.0888631 0.1437293 0.0805720 0.1012288 0.0883847 0.0843064 
S0412sl       0.2006740 0.0633260 0.0838209 0.1172695 0.1091526 0.0690352 0.1123664 0.0910569 0.0826389 0.0725779 0.0814602 0.1226560 0.1121630 0.1184636 0.1030764 0.1147520 0.0995339 0.0954469 0.1157972 0.1098530 0.0643050 0.0684762 0.0674301 0.1110572 0.0000000 0.0908291 0.0752607 0.0656218 0.0913002 0.1094625 0.1020055 0.0895095 0.0782780 0.1097428 0.1096816 0.0896655 0.0779976 0.0674871 0.1147623 0.0899445 0.1309179 0.0589306 0.0819942 0.0903575 0.1111006 0.1515152 0.0564465 0.1172467 0.0909355 0.0690182 0.0901451 0.0769361 0.0662754 0.0755387 0.0749280 0.0948318 0.0883663 0.1005359 0.1267871 0.1105867 0.0852053 0.0615565 0.0981021 0.0898733 0.0896051 0.0952112 0.0860316 0.0893253 0.1046822 0.1103341 0.1544063 0.0984721 0.1207633 0.1247614 0.0899021 0.0959639 0.1573901 0.0741711 0.1462882 0.1069951 0.0951953 0.0825692 0.1210852 0.0728345 0.0903803 0.1395237 0.0634226 0.0822901 0.0795994 0.0887364 0.1096605 0.1133869 0.1212500 0.1096475 0.1363241 0.1040238 0.1124041 0.1087363 0.0680170 0.1199991 0.0852864 0.0767150 0.0656436 0.0559533 0.0666610 0.0861899 0.0680560 0.1052703 0.0803395 0.0810343 0.1094983 0.0783715 0.0775005 0.1084870 0.1149249 0.1230740 0.0684091 0.1081157 0.0914811 0.0826704 0.0729545 0.1115951 0.0659491 0.1005661 0.0637494 0.0613021 0.0941851 0.0965897 0.1339609 0.0880884 0.0647250 0.1193361 0.0610457 0.0799039 0.0555069 0.0666212 
S0417         0.2063404 0.0829527 0.0826439 0.0599903 0.1116007 0.0850417 0.1236968 0.0378072 0.0869272 0.0887324 0.0981903 0.0623018 0.1183575 0.1130315 0.0463607 0.1201209 0.0481177 0.0977010 0.1098003 0.1166243 0.0809766 0.0827214 0.0834100 0.0478281 0.0908291 0.0000000 0.0814516 0.0855727 0.0333493 0.1167135 0.0622778 0.0811800 0.1028194 0.1180420 0.1172995 0.0382821 0.0942809 0.0811932 0.0549717 0.0539366 0.1128783 0.0808962 0.1004469 0.0967150 0.1183424 0.1547771 0.0953088 0.1253224 0.0928146 0.0851723 0.0809004 0.0811784 0.0812596 0.0816323 0.0805906 0.0906200 0.0903407 0.0718092 0.1334337 0.0931985 0.0496970 0.0685336 0.0394155 0.0925522 0.0837071 0.0887460 0.0802990 0.0828582 0.1160341 0.1065846 0.1483307 0.1027497 0.1264699 0.1257947 0.0859105 0.0912231 0.1561657 0.0811778 0.1470420 0.0875634 0.0869661 0.0857278 0.1305407 0.0947423 0.0971242 0.1382411 0.0810312 0.0991783 0.0818193 0.0307783 0.0911023 0.0972935 0.1281774 0.0732365 0.0721138 0.1077311 0.1195295 0.1185202 0.0868163 0.1297727 0.0849265 0.0809577 0.0817817 0.0803574 0.0889069 0.0890156 0.0884597 0.0750242 0.0864400 0.0869017 0.0490927 0.0946160 0.0848874 0.0444678 0.1133341 0.1057970 0.0840836 0.1069654 0.0921146 0.0875210 0.0849878 0.0611677 0.0811254 0.0721102 0.0816096 0.0800076 0.0927173 0.0959857 0.1082419 0.0832240 0.0721335 0.1260819 0.0642820 0.0853488 0.0728238 0.0708218 
S0419         0.2052550 0.0731241 0.0175292 0.1136426 0.0561557 0.0743291 0.0990202 0.0824041 0.0687700 0.0744517 0.0880705 0.1131549 0.0939632 0.0951787 0.0922351 0.0991287 0.0845674 0.0775844 0.0939808 0.0925107 0.0679036 0.0749982 0.0725874 0.0985846 0.0752607 0.0814516 0.0000000 0.0727719 0.0816436 0.0944134 0.0878346 0.0683698 0.0876746 0.1027131 0.0955410 0.0835974 0.0832135 0.0721314 0.1077212 0.0804076 0.1179595 0.0642190 0.0879473 0.0395170 0.0924728 0.1448144 0.0873806 0.0996705 0.0747707 0.0716924 0.0685591 0.0097771 0.0706741 0.0090526 0.0068848 0.0745981 0.0406848 0.0936512 0.1138709 0.0961318 0.0759703 0.0468004 0.0941521 0.0721794 0.0689735 0.0739961 0.0635372 0.0654969 0.1064754 0.0590927 0.1411106 0.0855353 0.1042878 0.1053092 0.0692810 0.0755622 0.1489291 0.0083213 0.1418655 0.0855640 0.0786354 0.0659712 0.1064815 0.0798942 0.0824339 0.1303986 0.0657776 0.0856564 0.0636227 0.0783242 0.0934705 0.1007610 0.1058434 0.0945456 0.1206298 0.0922487 0.0966893 0.0955435 0.0755069 0.1056474 0.0712140 0.0631122 0.0715955 0.0670395 0.0747711 0.0747211 0.0771472 0.0916643 0.0690279 0.0680656 0.0979804 0.0822754 0.0123891 0.0944901 0.0630439 0.1091723 0.0729024 0.0586800 0.0775754 0.0690063 0.0754480 0.1058256 0.0717898 0.0949167 0.0700404 0.0614463 0.0756932 0.0796374 0.1162992 0.0670321 0.0523573 0.1168568 0.0223906 0.0650925 0.0609228 0.0515298 
S0427         0.2061764 0.0590157 0.0753035 0.1124345 0.0985025 0.0636656 0.1128156 0.0815987 0.0737875 0.0675791 0.0788458 0.1134010 0.1076064 0.1073153 0.0917597 0.1123537 0.0914568 0.0827328 0.1012084 0.1059038 0.0255300 0.0630006 0.0620770 0.1007337 0.0656218 0.0855727 0.0727719 0.0000000 0.0818083 0.1054469 0.0952655 0.0769684 0.0761576 0.1083835 0.1101148 0.0848722 0.0736065 0.0586799 0.1077416 0.0830613 0.1206713 0.0530180 0.0736616 0.0855925 0.1080804 0.1469566 0.0749768 0.1149158 0.0811562 0.0605970 0.0757307 0.0737951 0.0619087 0.0707575 0.0719520 0.0861265 0.0850705 0.0964645 0.1192455 0.0989489 0.0806853 0.0561363 0.0935875 0.0818311 0.0780235 0.0888277 0.0751788 0.0771537 0.0991146 0.1025001 0.1439056 0.0904061 0.1118458 0.1157600 0.0761053 0.0831790 0.1490831 0.0712216 0.1409589 0.0944437 0.0887142 0.0739237 0.1130054 0.0643341 0.0864108 0.1342361 0.0573835 0.0724689 0.0732254 0.0823869 0.0966736 0.1020810 0.1182329 0.1004629 0.1233747 0.0975944 0.1107811 0.1082831 0.0609385 0.1140384 0.0753588 0.0686966 0.0613182 0.0555420 0.0648772 0.0785440 0.0628544 0.0998996 0.0736880 0.0703515 0.0935660 0.0685938 0.0743598 0.0949812 0.1070978 0.1115255 0.0608011 0.1001800 0.0841403 0.0748373 0.0621806 0.1019157 0.0612207 0.0986227 0.0565045 0.0517427 0.0848917 0.0857314 0.1196151 0.0787507 0.0622210 0.1125423 0.0518023 0.0714006 0.0194514 0.0600797 
S0428sl       0.2095682 0.0775790 0.0819283 0.0611614 0.1138338 0.0842926 0.1253127 0.0384949 0.0824995 0.0857636 0.1020842 0.0634701 0.1183385 0.1130763 0.0448046 0.1224758 0.0493534 0.0982190 0.1037999 0.1163301 0.0764372 0.0834034 0.0830069 0.0466648 0.0913002 0.0333493 0.0816436 0.0818083 0.0000000 0.1166553 0.0581828 0.0831966 0.1024702 0.1141211 0.1213576 0.0397131 0.0904359 0.0812392 0.0544731 0.0591699 0.1173244 0.0778752 0.1001956 0.0966520 0.1198744 0.1501639 0.0980399 0.1258019 0.0952575 0.0833160 0.0807035 0.0819738 0.0798634 0.0814000 0.0812925 0.0913639 0.0925587 0.0720117 0.1306678 0.0909535 0.0539284 0.0650805 0.0362693 0.0913296 0.0839307 0.0857692 0.0811643 0.0835398 0.1186970 0.1104976 0.1484775 0.1005722 0.1252520 0.1284419 0.0861831 0.0908123 0.1530294 0.0803698 0.1443880 0.0840455 0.0892280 0.0844531 0.1299192 0.0914842 0.0934484 0.1343747 0.0794948 0.0932260 0.0770669 0.0338803 0.0910827 0.0961285 0.1290885 0.0724806 0.0706534 0.1054911 0.1209482 0.1176098 0.0832043 0.1258210 0.0815423 0.0775007 0.0817450 0.0797209 0.0849739 0.0842597 0.0853421 0.0737383 0.0799488 0.0817312 0.0485628 0.0897509 0.0830830 0.0432959 0.1151270 0.1068906 0.0829393 0.1097256 0.0896505 0.0865268 0.0829789 0.0592674 0.0815494 0.0699424 0.0801636 0.0801554 0.0896455 0.0923504 0.1095649 0.0809712 0.0697067 0.1289928 0.0620947 0.0830315 0.0700099 0.0656711 
