123
PAFTOL_019361 0.0000000 0.1726529 0.1085402 0.1227053 0.1414032 0.1660639 0.1379550 0.1483758 0.1710133 0.1705263 0.1752301 0.1290683 0.1533851 0.1531558 0.1323715 0.2362233 0.1475430 0.1631766 0.1541563 0.1989732 0.1771479 0.1709657 0.1596809 0.1900871 0.1463505 0.1289843 0.1660993 1.9029715 0.1321447 0.1881203 0.1339111 0.1234826 0.1485187 0.1537215 0.1489634 0.1715249 0.1668484 0.1540032 0.1504228 0.1484378 0.1687507 0.1612110 0.1438696 0.1593781 0.1669257 0.1391036 0.1593781 0.1351546 0.1951002 0.1582872 0.1449838 0.1526941 0.1338170 0.1186443 0.1385488 0.1619750 0.1562425 0.1814947 0.1623591 0.1692036 0.1696855 0.1593079 0.1429819 0.1450493 0.1852534 0.1732742 0.1501679 0.1283520 0.1559186 0.1873940 0.1835471 0.1509736 0.1801814 0.2097133 0.1629410 0.1713144 0.1702814 0.1647937 0.1381810 0.1628586 0.1458708 0.1596216 1.9029715 0.1093770 0.1941501 0.1597315 0.1543548 0.2119075 0.1584795 0.1518232 0.1663072 1.2148790 0.1890575 0.2021390 0.1705624 0.1707572 0.1704024 0.1613005 0.1708427 0.1289843 0.1424794 0.1695296 0.1671643 0.1499582 0.1689212 0.1687409 0.1634304 0.1605515 0.1571671 0.1904858 0.1665016 0.1889817 0.1219116 0.1596341 0.1638320 0.1477542 0.2181173 0.1362410 0.1836722 0.1385102 0.1803900 0.1737086 0.1281795 
S0055         0.1726529 0.0000000 0.0732481 0.0975538 0.0702694 0.0225825 0.0728101 0.0848824 0.1024221 0.0345042 0.0597189 0.0874696 0.0834143 0.0842131 0.0886153 0.1501054 0.1065051 0.0950660 0.0787876 0.0791945 0.0303812 0.0263890 0.1077636 0.0684845 0.0898278 0.0824746 0.0548151 0.1762344 0.0776237 0.0731604 0.0812671 0.0828498 0.0302798 0.0225944 0.1132002 0.0922311 0.0556359 0.0266469 0.0869288 0.0741911 0.1272785 0.0510336 0.0776237 0.0185890 0.1075918 0.0915275 0.0185890 0.0877102 0.1174620 0.0974483 0.0833317 0.0922029 0.0823133 0.0602440 0.0683389 0.1030781 0.0981090 0.1196632 0.0317588 0.1028317 0.1495434 0.0943034 0.0594339 0.0578231 0.1234332 0.0879488 0.1313154 0.0921173 0.1312268 0.1145418 0.1016725 0.0513139 0.0465255 0.1253880 0.1376462 0.0264343 0.0428298 0.1064246 0.0884472 0.1026004 0.0744730 0.0890638 0.1762344 0.0801381 0.1118741 0.0834317 0.0148278 0.1381524 0.0920450 0.0975922 0.0225916 0.0000010 0.0465680 0.1236501 0.0223837 0.0977710 0.1069296 0.1028518 0.0429600 0.0824746 0.0936777 0.1029974 0.0973412 0.0149104 0.0932696 0.0952381 0.0862464 0.0343596 0.0949807 0.0430327 0.1015710 0.0473104 0.0696991 0.0835618 0.1102007 0.0816720 0.1172637 0.0808543 0.1148557 0.0851980 0.1109449 0.0597207 0.0826469 
S0196sl       0.1085402 0.0732481 0.0000000 0.0560803 0.0254598 0.0631311 0.0355903 0.0761006 0.0456897 0.0851680 0.0635730 0.0560803 0.0367592 0.0265905 0.0661749 0.0457327 0.0555808 0.0528853 0.0364849 0.0637123 0.0645242 0.0731271 0.0767273 0.1185736 0.0780609 0.0000010 0.0635436 0.4315931 0.0355903 0.1155734 0.0355903 0.0593567 0.0834248 0.0631311 0.0663072 0.0437881 0.0628328 0.0631311 0.0082954 0.0367592 0.0935272 0.0531727 0.0454825 0.0631311 0.1059124 0.0168077 0.0631311 0.0000010 0.0941425 0.0082954 0.0353546 0.0458206 0.0350524 0.0257716 0.0084834 0.0949525 0.1059124 0.1189042 0.0641003 0.0441276 0.1200120 0.0442954 0.0259686 0.0269450 0.1178328 0.0956150 0.0965159 0.0083360 0.0950671 0.0935348 0.0655345 0.0263491 0.0534149 0.0934810 0.0950671 0.0737708 0.0627234 0.0638305 0.0560803 0.0443720 0.0263821 0.0370655 0.4315931 0.0381457 0.0558503 0.0367592 0.0631311 0.0853339 0.0548365 0.0446059 0.0730930 0.0000010 0.0727593 0.1098716 0.0631311 0.0446059 0.0346823 0.0769457 0.0738056 0.0000010 0.0663072 0.0441276 0.0545570 0.0631311 0.0168147 0.0624395 0.0447614 0.0537645 0.0791301 0.1069642 0.0434439 0.0938666 0.0637893 0.0660192 0.0543226 0.0532523 0.1049198 0.0441134 0.0855333 0.0000021 0.0851016 0.0754369 0.0257716 
S0278         0.1227053 0.0975538 0.0560803 0.0000000 0.0703549 0.0925074 0.0927128 0.0468052 0.1000006 0.1028484 0.0962713 0.0147419 0.0902782 0.0705361 0.0222903 0.1539683 0.0503694 0.0813997 0.0854926 0.0998055 0.0976495 0.0968702 0.0422688 0.1124858 0.0225910 0.0649966 0.0925084 0.2822523 0.0979041 0.1216593 0.0925923 0.0076084 0.0966915 0.0925607 0.0383652 0.0784466 0.1183821 0.0979003 0.0743170 0.0807241 0.1198938 0.0881920 0.0979041 0.0872018 0.1088394 0.0737545 0.0872018 0.0699441 0.1304163 0.0844996 0.0654238 0.0896292 0.0518878 0.0433868 0.0736885 0.1042866 0.1087723 0.1210384 0.0881976 0.0986150 0.1359124 0.0805844 0.0739199 0.0872098 0.1248313 0.1123969 0.1181875 0.0742279 0.1234624 0.1262682 0.0970849 0.0696832 0.1165628 0.1560432 0.1298041 0.0970541 0.1075252 0.0921954 0.0262996 0.0746972 0.0567373 0.1008547 0.2822523 0.0157817 0.1197359 0.0902985 0.0828060 0.1361277 0.0731790 0.0945499 0.0881282 0.0000010 0.1119038 0.1364160 0.0966496 0.0999047 0.1092334 0.0341972 0.0972577 0.0649966 0.0382748 0.0987713 0.0744093 0.0787261 0.0891054 0.1240731 0.0728076 0.0878195 0.0427880 0.1180800 0.0651075 0.1235042 0.0834633 0.0790785 0.0914221 0.0683734 0.1403508 0.0507422 0.1104762 0.0671213 0.0966204 0.0932882 0.0476549 
S0281         0.1414032 0.0702694 0.0254598 0.0703549 0.0000000 0.0609834 0.0646385 0.0708677 0.0660114 0.0704498 0.0647482 0.0708434 0.0706225 0.0613510 0.0705742 0.1300431 0.0607645 0.0596499 0.0660785 0.0582286 0.0656812 0.0651543 0.0702322 0.0885556 0.0667490 0.0185137 0.0524184 0.1762344 0.0693689 0.0878303 0.0726224 0.0597483 0.0650337 0.0610179 0.0800619 0.0695527 0.0655434 0.0658331 0.0263481 0.0615851 0.0939162 0.0655005 0.0693689 0.0562072 0.1001768 0.0261459 0.0562072 0.0225012 0.0987017 0.0305109 0.0440250 0.0793005 0.0434541 0.0191435 0.0470859 0.0903659 0.0906690 0.1121615 0.0496685 0.0432025 0.1307211 0.0770928 0.0515866 0.0496441 0.1159999 0.0805429 0.1132288 0.0186401 0.1184442 0.1116889 0.0647387 0.0477288 0.0790174 0.1129335 0.1246952 0.0652751 0.0695144 0.0647747 0.0524952 0.0572460 0.0481768 0.0760440 0.1762344 0.0565894 0.0985568 0.0703611 0.0520399 0.1242696 0.0607349 0.0524437 0.0565372 0.0000010 0.0880998 0.0947221 0.0607215 0.0616690 0.0604720 0.0849671 0.0750891 0.0185137 0.0571510 0.0388144 0.0655398 0.0523463 0.0306662 0.0838749 0.0556617 0.0481260 0.0760705 0.0845736 0.0510345 0.0895424 0.0618323 0.0568003 0.0646482 0.0472685 0.1088296 0.0427005 0.0913794 0.0151703 0.0784424 0.0574241 0.0476073 
S0282         0.1660639 0.0225825 0.0631311 0.0925074 0.0609834 0.0000000 0.0636554 0.0751368 0.0977326 0.0264131 0.0509241 0.0874359 0.0738418 0.0745458 0.0836766 0.1385702 0.0963530 0.0942716 0.0693368 0.0612685 0.0224268 0.0185552 0.0974814 0.0594526 0.0895996 0.0730121 0.0462343 0.1762344 0.0683027 0.0725566 0.0714545 0.0776151 0.0262352 0.0148280 0.1027387 0.0821595 0.0511371 0.0187339 0.0824531 0.0648758 0.1318004 0.0424959 0.0683027 0.0109804 0.1028388 0.0818373 0.0109804 0.0780530 0.1126050 0.0928172 0.0737682 0.0824319 0.0685896 0.0513614 0.0551923 0.0983589 0.0934477 0.1094137 0.0234978 0.0931370 0.1380233 0.0892280 0.0506785 0.0487332 0.1184856 0.0834211 0.1204703 0.0823603 0.1256905 0.1096520 0.0916454 0.0427191 0.0423179 0.1319539 0.1319743 0.0185866 0.0344871 0.0962681 0.0787013 0.0830741 0.0604815 0.0792479 0.1762344 0.0748286 0.1015289 0.0738561 0.0072993 0.1270137 0.0822922 0.0879464 0.0148251 0.0000010 0.0381899 0.1186975 0.0185153 0.0931283 0.1022084 0.1032433 0.0345913 0.0730121 0.0837478 0.0932822 0.0781443 0.0073393 0.0837849 0.1011075 0.0767570 0.0263038 0.0849031 0.0346507 0.0915554 0.0387958 0.0649135 0.0739676 0.1000089 0.0720393 0.1124086 0.0715845 0.1089298 0.0753906 0.1006969 0.0509264 0.0731650 
S0288         0.1379550 0.0728101 0.0355903 0.0927128 0.0646385 0.0636554 0.0000000 0.0888504 0.0828404 0.0685818 0.0769953 0.0888181 0.0474269 0.0562278 0.0930033 0.1075461 0.0874554 0.0855561 0.0432162 0.0796298 0.0639498 0.0719595 0.0976967 0.0773462 0.0943927 0.0511537 0.0678433 0.4883415 0.0036153 0.1089343 0.0037658 0.0778509 0.0633338 0.0678864 0.1029645 0.0782665 0.0824861 0.0726944 0.0639772 0.0390737 0.1325919 0.0637777 0.0036153 0.0547472 0.1271077 0.0509964 0.0547472 0.0557922 0.1209876 0.0736412 0.0739360 0.0431680 0.0636375 0.0473814 0.0224327 0.1224794 0.1172948 0.1331044 0.0762762 0.0689946 0.1433996 0.0991475 0.0342876 0.0317250 0.1335640 0.0972955 0.1255821 0.0599138 0.1308724 0.1452884 0.0821546 0.0305450 0.0812748 0.1404599 0.1372574 0.0635630 0.0635067 0.0964792 0.0788798 0.0881789 0.0566163 0.0522284 0.4883415 0.0750107 0.0692440 0.0474342 0.0589593 0.0832813 0.0824762 0.0781915 0.0594277 0.0000010 0.0857570 0.1170053 0.0633083 0.0869174 0.0916082 0.1029901 0.0730903 0.0511537 0.0839363 0.0690918 0.0742397 0.0592993 0.0688096 0.1010100 0.0682781 0.0635091 0.0900842 0.0823070 0.0827381 0.0871288 0.0920531 0.0731456 0.0960261 0.0768662 0.1272234 0.0632582 0.1287288 0.0570109 0.0917522 0.0730461 0.0733304 
S0289         0.1483758 0.0848824 0.0761006 0.0468052 0.0708677 0.0751368 0.0888504 0.0000000 0.0995217 0.0850847 0.0833578 0.0471186 0.0957367 0.0800499 0.0471210 0.1606089 0.0589946 0.0819797 0.0908713 0.1072037 0.0800783 0.0750139 0.0596655 0.0886570 0.0472288 0.0742365 0.0841538 0.2822523 0.0940210 0.0976465 0.0885527 0.0402120 0.0837260 0.0751801 0.0555934 0.0880395 0.1096666 0.0704001 0.0838367 0.0860116 0.1359994 0.0752892 0.0940210 0.0700778 0.1084772 0.0832039 0.0700778 0.0793674 0.1299550 0.0943870 0.0702387 0.0950502 0.0607835 0.0478079 0.0742180 0.1039422 0.0989458 0.1206176 0.0796563 0.0993416 0.1526451 0.0907554 0.0653104 0.0831942 0.1243970 0.0932886 0.1340306 0.0837428 0.1395410 0.1258236 0.0977929 0.0615352 0.1031684 0.1444791 0.1462219 0.0795818 0.0839568 0.0928657 0.0427709 0.0842830 0.0658513 0.1018083 0.2822523 0.0371899 0.1257026 0.0957590 0.0657690 0.1424131 0.0649874 0.0947452 0.0752020 0.0000010 0.0939648 0.1307944 0.0792496 0.0948035 0.1040268 0.0595623 0.0842215 0.0742365 0.0471623 0.0995013 0.0839540 0.0661635 0.0897613 0.1186726 0.0733261 0.0749649 0.0430884 0.0998326 0.0743718 0.1050486 0.0742788 0.0611503 0.0920825 0.0775882 0.1297522 0.0594369 0.1207263 0.0766914 0.0973220 0.0848664 0.0607659 
S0292         0.1710133 0.1024221 0.0456897 0.1000006 0.0660114 0.0977326 0.0828404 0.0995217 0.0000000 0.0987996 0.0981195 0.1007083 0.0883772 0.0992417 0.1050790 0.1560696 0.0898306 0.0744497 0.0836885 0.1009365 0.0844288 0.0971013 0.1197486 0.1133446 0.1066944 0.0565338 0.0885110 0.1911817 0.0878585 0.1123087 0.0825294 0.0845752 0.0927014 0.0977894 0.1106623 0.0895615 0.1046097 0.1032422 0.0560248 0.0790199 0.1196708 0.0981216 0.0878585 0.0832432 0.0731801 0.0651721 0.0832432 0.0613544 0.0551994 0.0655143 0.0750119 0.0884664 0.0612568 0.0530049 0.0697807 0.0777113 0.0644881 0.0837015 0.0690336 0.0942470 0.1306507 0.0614772 0.0738511 0.0722765 0.0696501 0.0559147 0.1179719 0.0655924 0.1232312 0.0884126 0.0843737 0.0699250 0.1125034 0.0635166 0.1295515 0.0930508 0.0917193 0.0990922 0.0902889 0.0905907 0.0665636 0.0896127 0.1911817 0.0867909 0.1128601 0.0883968 0.0878607 0.1292696 0.0737310 0.0074003 0.0885967 0.0000010 0.1224367 0.0431908 0.0926611 0.0110124 0.0147802 0.1091979 0.0978075 0.0565338 0.1051685 0.0943958 0.0842633 0.0883927 0.0805522 0.0344140 0.0698805 0.0838361 0.1066613 0.1139756 0.0707937 0.1149259 0.0897828 0.0697768 0.0746069 0.0833462 0.0732029 0.0649474 0.0883832 0.0535519 0.0939258 0.0943219 0.0750284 
S0293         0.1705263 0.0345042 0.0851680 0.1028484 0.0704498 0.0264131 0.0685818 0.0850847 0.0987996 0.0000000 0.0514805 0.0975932 0.0739005 0.0795418 0.0835904 0.1446564 0.0973931 0.0952730 0.0742107 0.0677206 0.0185810 0.0302355 0.1079876 0.0640919 0.0951010 0.0738059 0.0549630 0.3294572 0.0639169 0.0862649 0.0717586 0.0879561 0.0302949 0.0185149 0.1134294 0.0924384 0.0556581 0.0224567 0.0833487 0.0696714 0.1433084 0.0550943 0.0733372 0.0147913 0.1179371 0.0827215 0.0147913 0.0789043 0.1182333 0.0938314 0.0835291 0.0833276 0.0825078 0.0562124 0.0599659 0.1133440 0.1082401 0.1304452 0.0316375 0.1035476 0.1544272 0.0799756 0.0425078 0.0402463 0.1242431 0.0885453 0.1360060 0.0734560 0.1414568 0.1251907 0.0881346 0.0431902 0.0466497 0.1263852 0.1480708 0.0225354 0.0387218 0.0870822 0.0886519 0.1028192 0.0701417 0.0743911 0.3294572 0.0747521 0.1026277 0.0788035 0.0185827 0.1171190 0.0922522 0.0788413 0.0187242 1.2148790 0.0505762 0.1244613 0.0224482 0.0984275 0.1033182 0.1139895 0.0388394 0.0738059 0.0836614 0.1037154 0.0883525 0.0186862 0.0939346 0.0960142 0.0775832 0.0344627 0.0905752 0.0389058 0.0925455 0.0431275 0.0736919 0.0837601 0.1010802 0.0907864 0.1180339 0.0723507 0.1243832 0.0762325 0.0914519 0.0598792 0.0828422 
S0294         0.1752301 0.0597189 0.0635730 0.0962713 0.0647482 0.0509241 0.0769953 0.0833578 0.0981195 0.0514805 0.0000000 0.0969325 0.0830377 0.0735936 0.0874543 0.1493629 0.0910020 0.0799950 0.0784332 0.0793535 0.0470766 0.0549313 0.1012550 0.0822198 0.0934256 0.0680912 0.0679238 0.1762344 0.0818540 0.0904510 0.0856993 0.0863441 0.0550366 0.0509519 0.1065258 0.0770719 0.0691444 0.0554853 0.0773466 0.0738610 0.1425304 0.0726877 0.0818540 0.0383826 0.1272598 0.0767704 0.0383826 0.0730151 0.1275762 0.0830366 0.0685362 0.0876043 0.0587354 0.0509788 0.0590602 0.1226268 0.1174363 0.1344912 0.0321003 0.0969218 0.1532112 0.0941757 0.0593768 0.0577662 0.1233197 0.0974147 0.1454220 0.0772572 0.1459868 0.1347381 0.0957361 0.0512690 0.0726458 0.1425086 0.1526625 0.0467900 0.0643260 0.0909158 0.0824624 0.0868313 0.0600792 0.0886549 0.1762344 0.0739834 0.1070390 0.0830549 0.0424376 0.1219289 0.0816520 0.0928118 0.0427701 0.0000010 0.0675361 0.1339494 0.0466044 0.1023469 0.1072472 0.1070450 0.0645239 0.0680912 0.0875279 0.0970736 0.0774468 0.0426796 0.0875675 0.1218368 0.0630836 0.0551879 0.0842247 0.0646286 0.0771484 0.0603535 0.0872598 0.0733906 0.0853637 0.0846748 0.1273759 0.0667673 0.1234569 0.0702863 0.0859682 0.0731344 0.0768810 
S0299         0.1290683 0.0874696 0.0560803 0.0147419 0.0708434 0.0874359 0.0888181 0.0471186 0.1007083 0.0975932 0.0969325 0.0000000 0.0863097 0.0710268 0.0224364 0.1498433 0.0507040 0.0819512 0.0815294 0.1056271 0.0924852 0.0917497 0.0425495 0.1070878 0.0227409 0.0654423 0.0874353 0.2822523 0.0939862 0.1225082 0.0885192 0.0194410 0.0915811 0.0874860 0.0386208 0.0789851 0.1128622 0.0927182 0.0748297 0.0767745 0.1099990 0.0831682 0.0939862 0.0822374 0.1193352 0.0742590 0.0822374 0.0704270 0.1313464 0.0850897 0.0702149 0.0856808 0.0522421 0.0436822 0.0698481 0.1146966 0.1095367 0.1319946 0.0881976 0.0896064 0.1318488 0.0904364 0.0700666 0.0831633 0.1357944 0.1131809 0.1142154 0.0747399 0.1092905 0.1373607 0.0977566 0.0658242 0.1013758 0.1513127 0.1153847 0.0919225 0.1022059 0.0928318 0.0264733 0.0752153 0.0571289 0.0968393 0.2822523 0.0158922 0.1157184 0.0863286 0.0778966 0.1320604 0.0736774 0.0952158 0.0875183 0.0000010 0.1065366 0.1373945 0.0822374 0.1006107 0.1100044 0.0344239 0.0921159 0.0654423 0.0385283 0.0897459 0.0749239 0.0738505 0.0802243 0.1084466 0.0733013 0.0828169 0.0430757 0.1125807 0.0655549 0.1179067 0.0840416 0.0796265 0.0920491 0.0688365 0.1413540 0.0510817 0.1317072 0.0675949 0.0972860 0.0881675 0.0479799 
S0303         0.1533851 0.0834143 0.0367592 0.0902782 0.0706225 0.0738418 0.0474269 0.0957367 0.0883772 0.0739005 0.0830377 0.0863097 0.0000000 0.0483287 0.0853885 0.0562722 0.0984897 0.0828025 0.0073774 0.0749285 0.0739454 0.0780682 0.0953309 0.0775243 0.0919450 0.0606569 0.0738375 0.3075142 0.0474269 0.1162797 0.0540658 0.0797267 0.0732230 0.0690901 0.1103060 0.0889324 0.0932991 0.0739892 0.0787330 0.0073053 0.1251453 0.0696572 0.0518880 0.0642931 0.1408472 0.0693481 0.0642931 0.0655359 0.1234260 0.0890642 0.0757882 0.0354429 0.0748379 0.0522638 0.0391611 0.1360456 0.1306035 0.1414069 0.0881943 0.0931262 0.1309504 0.1053715 0.0387551 0.0278273 0.1523802 0.1140259 0.1182183 0.0650366 0.1234977 0.1541432 0.0929124 0.0392298 0.0918979 0.1405715 0.1298442 0.0734933 0.0734243 0.1024929 0.0853885 0.0950002 0.0660765 0.0036692 0.3075142 0.0715765 0.0560576 0.0000010 0.0646375 0.0703258 0.0789636 0.0882378 0.0692247 0.0000010 0.0923487 0.1226585 0.0731925 0.0927681 0.1079069 0.0963184 0.0786288 0.0606569 0.0804898 0.0932713 0.0788021 0.0606428 0.0837722 0.1122959 0.0740677 0.0693597 0.0957552 0.0930838 0.0890336 0.0981272 0.0985904 0.0749631 0.0933594 0.0876099 0.1456126 0.0684761 0.1319545 0.0670092 0.0930891 0.0792704 0.0750318 
S0308         0.1531558 0.0842131 0.0265905 0.0705361 0.0613510 0.0745458 0.0562278 0.0800499 0.0992417 0.0795418 0.0735936 0.0710268 0.0483287 0.0000000 0.0707564 0.1096410 0.0885492 0.0866058 0.0440370 0.0872651 0.0746516 0.0788102 0.0752766 0.0830948 0.0620925 0.0517617 0.0745415 0.2822523 0.0608457 0.1121274 0.0636806 0.0597719 0.0782775 0.0745884 0.0799577 0.0836772 0.0941955 0.0796403 0.0693687 0.0398146 0.1303513 0.0746959 0.0608457 0.0649020 0.1365190 0.0602504 0.0649020 0.0564641 0.1245959 0.0793440 0.0707059 0.0617252 0.0698179 0.0435367 0.0390159 0.1317194 0.1262995 0.1500032 0.0773263 0.0833725 0.1467645 0.1066227 0.0472595 0.0497651 0.1480007 0.1098051 0.1284765 0.0606358 0.1338997 0.1556199 0.0831703 0.0392764 0.0973124 0.1499039 0.1404567 0.0741913 0.0784932 0.0976944 0.0659318 0.0895873 0.0615986 0.0574886 0.2822523 0.0519298 0.0702481 0.0483362 0.0652524 0.1049249 0.0747879 0.0938238 0.0698850 0.0000010 0.0932285 0.1354735 0.0738862 0.0932051 0.1084307 0.0751390 0.0787382 0.0517617 0.0708180 0.0834977 0.0795935 0.0612236 0.0742366 0.1231967 0.0691052 0.0743760 0.0658745 0.0939755 0.0837677 0.0885052 0.0947972 0.0656131 0.0926429 0.0780597 0.1412740 0.0640137 0.1376934 0.0577122 0.0929014 0.0800331 0.0656769 
S0320         0.1323715 0.0886153 0.0661749 0.0222903 0.0705742 0.0836766 0.0930033 0.0471210 0.1050790 0.0835904 0.0874543 0.0224364 0.0853885 0.0707564 0.0000000 0.1439107 0.0505181 0.0816484 0.0857651 0.1000764 0.0887130 0.0880014 0.0423930 0.1033056 0.0226564 0.0651962 0.0927979 0.4706787 0.0878913 0.1123900 0.0927934 0.0193666 0.0878385 0.0738623 0.0467162 0.0743071 0.1187614 0.0788626 0.0745476 0.0809803 0.1252372 0.0793962 0.0982129 0.0785005 0.1237624 0.0739817 0.0785005 0.0701608 0.1358842 0.0847660 0.0747068 0.0996645 0.0562499 0.0435175 0.0739155 0.1191127 0.1139193 0.1365487 0.0789070 0.0989267 0.1414783 0.0843922 0.0646042 0.0771220 0.1403321 0.1127529 0.1234429 0.0648864 0.1288001 0.1419435 0.0973892 0.0698988 0.1073841 0.1494609 0.1352601 0.0881681 0.0984270 0.0735578 0.0263756 0.0749303 0.0526738 0.0905264 0.4706787 0.0077628 0.1201222 0.0905870 0.0741526 0.1248600 0.0734030 0.0890633 0.0837540 1.2148790 0.1027702 0.1419758 0.0878007 0.1049736 0.1144007 0.0342969 0.0883560 0.0651962 0.0301188 0.0990851 0.0702673 0.0700876 0.0893870 0.1180761 0.0730295 0.0790568 0.0348321 0.1087859 0.0696439 0.1141005 0.0787402 0.0793254 0.0962486 0.0685811 0.1459378 0.0508931 0.1362623 0.0673336 0.0867410 0.0935824 0.0564266 
S0322         0.2362233 0.1501054 0.0457327 0.1539683 0.1300431 0.1385702 0.1075461 0.1606089 0.1560696 0.1446564 0.1493629 0.1498433 0.0562722 0.1096410 0.1439107 0.0000000 0.1553593 0.1439060 0.0652875 0.0801193 0.1388305 0.1432778 0.1415734 0.1424484 0.1495619 0.1233816 0.1385911 0.2822523 0.1129840 0.1879831 0.0966893 0.1446009 0.1374560 0.1281493 0.1772857 0.1518466 0.1620285 0.1448668 0.1445449 0.0646003 0.1947709 0.1283538 0.1129840 0.1269787 0.2184481 0.1333838 0.1269787 0.1294452 0.1974791 0.1521358 0.1365272 0.0942940 0.1405173 0.1139639 0.0980558 0.1989002 0.2066203 0.2283039 0.0967034 0.1615328 0.2017091 0.1844548 0.1022811 0.0920735 0.2322593 0.1867007 0.1858012 0.1342709 0.1921288 0.2200016 0.1612720 0.0982846 0.1594340 0.2230981 0.1999522 0.1379847 0.1378183 0.1790491 0.1411511 0.1648566 0.1257866 0.0655766 0.2822523 0.1428374 0.1177849 0.0562818 0.1276055 0.1305564 0.1449597 0.1622097 0.1332141 0.0000010 0.1602303 0.2043086 0.1373920 0.1609219 0.1789696 0.1616036 0.1394264 0.1233816 0.1364614 0.1618366 0.1347434 0.1233170 0.1507651 0.1904969 0.1389861 0.1333615 0.1606740 0.1615485 0.1572562 0.1623262 0.1691785 0.1407274 0.1516465 0.1546247 0.2240088 0.1268754 0.1959875 0.1275963 0.1678835 0.1455474 0.1408093 
S0327         0.1475430 0.1065051 0.0555808 0.0503694 0.0607645 0.0963530 0.0874554 0.0589946 0.0898306 0.0973931 0.0910020 0.0507040 0.0984897 0.0885492 0.0505181 0.1553593 0.0000000 0.0633262 0.0936751 0.0988484 0.0922979 0.1007083 0.0539599 0.1021948 0.0424308 0.0517908 0.0872606 0.2822523 0.0925382 0.1154784 0.0969973 0.0398545 0.0913974 0.0964082 0.0423837 0.0734511 0.1031065 0.1017741 0.0607340 0.0888612 0.1287883 0.0920457 0.0925382 0.0820759 0.1075460 0.0602699 0.0820759 0.0564884 0.1293424 0.0657410 0.0695184 0.1032655 0.0514718 0.0349866 0.0687835 0.1068099 0.1078846 0.1299742 0.0778839 0.0793136 0.1449943 0.0902941 0.0689945 0.0818342 0.1238066 0.0974626 0.1269556 0.0606548 0.1323086 0.1285475 0.0738691 0.0648134 0.1109089 0.1444591 0.1387735 0.0917374 0.1019947 0.0689993 0.0299086 0.0697192 0.0520672 0.1045236 0.2822523 0.0366673 0.1236841 0.0985125 0.0866277 0.1190969 0.0769659 0.0845608 0.0873425 0.0000010 0.1157725 0.1252586 0.0913583 0.0940187 0.0988769 0.0636002 0.1023158 0.0517908 0.0418928 0.0794316 0.0694532 0.0871450 0.0794102 0.1133426 0.0679677 0.0782665 0.0471418 0.1123430 0.0645847 0.1176549 0.0783533 0.0829296 0.0770423 0.0636083 0.1391968 0.0382809 0.1242065 0.0489361 0.0913295 0.0879898 0.0598470 
S0335         0.1631766 0.0950660 0.0528853 0.0813997 0.0596499 0.0942716 0.0855561 0.0819797 0.0744497 0.0952730 0.0799950 0.0819512 0.0828025 0.0866058 0.0816484 0.1439060 0.0633262 0.0000000 0.0871560 0.0905645 0.0814142 0.0985407 0.0902580 0.1045421 0.0780477 0.0506558 0.0853677 0.2822523 0.0905234 0.1134042 0.0947990 0.0668909 0.0894258 0.0943247 0.0911478 0.0508916 0.1008461 0.0995647 0.0594018 0.0824975 0.1215771 0.0900496 0.0905234 0.0803039 0.1261869 0.0589561 0.0803039 0.0552450 0.1264986 0.0600542 0.0593001 0.0873571 0.0503490 0.0304267 0.0672906 0.1168458 0.1164535 0.1388652 0.0744449 0.0867482 0.1310398 0.0882482 0.0635245 0.0707469 0.1325825 0.1058736 0.1295161 0.0593252 0.1348264 0.1392005 0.0589530 0.0640054 0.1085156 0.1313689 0.1412466 0.0897526 0.0997785 0.0540027 0.0636270 0.0598288 0.0388323 0.0884024 0.2822523 0.0684017 0.1100702 0.0828195 0.0847596 0.1326110 0.0544292 0.0738170 0.0854468 0.0000010 0.1132740 0.1128288 0.0893883 0.0829154 0.0875861 0.0870032 0.1000871 0.0506558 0.0770020 0.0868785 0.0594651 0.0852564 0.0776629 0.1014991 0.0375702 0.0808585 0.0828212 0.1098953 0.0592368 0.1150851 0.0865560 0.0506359 0.0261145 0.0501710 0.1361417 0.0416980 0.1021250 0.0436903 0.0584696 0.0909431 0.0458690 
S0355         0.1541563 0.0787876 0.0364849 0.0854926 0.0660785 0.0693368 0.0432162 0.0908713 0.0836885 0.0742107 0.0784332 0.0815294 0.0073774 0.0440370 0.0857651 0.0652875 0.0936751 0.0871560 0.0000000 0.0746502 0.0694314 0.0735344 0.0904853 0.0780665 0.0870659 0.0562797 0.0693315 0.2822523 0.0476135 0.1113540 0.0497852 0.0748511 0.0687529 0.0693760 0.1003950 0.0842176 0.0885480 0.0743004 0.0741593 0.0073528 0.1097565 0.0607918 0.0476135 0.0599206 0.1355690 0.0648878 0.0599206 0.0610809 0.1183577 0.0843381 0.0711681 0.0394544 0.0702713 0.0479529 0.0350318 0.1307974 0.1254139 0.1361073 0.0876845 0.0883923 0.1153301 0.1058584 0.0389024 0.0320944 0.1469720 0.1090333 0.1032404 0.0653046 0.1083157 0.1486746 0.0832581 0.0350921 0.0872224 0.1475324 0.1143586 0.0690061 0.0645505 0.1029529 0.0806571 0.0901713 0.0615770 0.0150373 0.2822523 0.0665539 0.0478436 0.0073780 0.0602440 0.0795783 0.0743775 0.0886228 0.0647695 0.0000010 0.0876503 0.1176285 0.0687245 0.0880505 0.1030129 0.0960509 0.0695760 0.0562797 0.0808406 0.0885279 0.0742215 0.0562670 0.0791257 0.1128087 0.0695494 0.0649003 0.0908872 0.0782990 0.0843096 0.0933267 0.0941239 0.0703899 0.0978540 0.0829634 0.1402930 0.0640696 0.1267134 0.0624450 0.0934992 0.0746661 0.0704564 
S0376         0.1989732 0.0791945 0.0637123 0.0998055 0.0582286 0.0612685 0.0796298 0.1072037 0.1009365 0.0677206 0.0793535 0.1056271 0.0749285 0.0872651 0.1000764 0.0801193 0.0988484 0.0905645 0.0746502 0.0000000 0.0618008 0.0725176 0.1059106 0.0850120 0.0957623 0.0686582 0.0294798 0.7402150 0.0796298 0.1162619 0.0856048 0.0862525 0.0669247 0.0557449 0.1202176 0.0791931 0.0800981 0.0673601 0.0752345 0.0749285 0.1672926 0.0611518 0.0860414 0.0557449 0.1405704 0.0801145 0.0557449 0.0686582 0.1321875 0.0759529 0.0756712 0.0935007 0.0800827 0.0510081 0.0565906 0.1331779 0.1273803 0.1582341 0.0670258 0.1001889 0.1766770 0.0950164 0.0563431 0.0533842 0.1561114 0.1067200 0.1588301 0.0744331 0.1663972 0.1470062 0.1061309 0.0572483 0.0786617 0.1523570 0.1747886 0.0672395 0.0737043 0.0920045 0.0872528 0.0801148 0.0624856 0.0759420 0.7402150 0.0819404 0.1123236 0.0753078 0.0557449 0.1251612 0.0985430 0.0810413 0.0615516 0.0000010 0.1022489 0.1283125 0.0612685 0.0936706 0.1068434 0.1207067 0.0739990 0.0686582 0.0873489 0.1001889 0.0796142 0.0561612 0.0811792 0.1106202 0.0795587 0.0562425 0.1142689 0.0853089 0.0925317 0.0737915 0.0930765 0.0933096 0.0916094 0.0847960 0.1245040 0.0672976 0.1006436 0.0597123 0.1104242 0.0351421 0.0739301 
S0400         0.1771479 0.0303812 0.0645242 0.0976495 0.0656812 0.0224268 0.0639498 0.0800783 0.0844288 0.0185810 0.0470766 0.0924852 0.0739454 0.0746516 0.0887130 0.1388305 0.0922979 0.0814142 0.0694314 0.0618008 0.0000000 0.0262080 0.1027071 0.0595274 0.0947860 0.0690584 0.0505635 0.1762344 0.0686211 0.0813956 0.0718027 0.0781613 0.0262595 0.0224385 0.1080578 0.0874221 0.0511977 0.0264625 0.0784489 0.0649618 0.1375341 0.0506833 0.0686211 0.0109888 0.1125148 0.0778583 0.0109888 0.0740579 0.1127974 0.0887339 0.0786166 0.0784239 0.0776523 0.0517041 0.0554460 0.1079699 0.1029440 0.1247751 0.0154367 0.0983157 0.1484747 0.0851047 0.0468475 0.0447416 0.1186938 0.0835452 0.1303969 0.0783579 0.1357559 0.1195989 0.0786173 0.0388924 0.0423640 0.1223565 0.1422398 0.0186023 0.0345223 0.0922112 0.0836452 0.0976201 0.0653906 0.0793636 0.1762344 0.0800429 0.0974367 0.0739597 0.0147261 0.1228026 0.0782912 0.0748801 0.0148371 0.0000010 0.0462499 0.1092074 0.0185309 0.0841102 0.0888493 0.1085902 0.0346267 0.0690584 0.0887874 0.0984720 0.0833640 0.0148075 0.0888286 0.0920716 0.0642114 0.0303470 0.0854543 0.0346862 0.0875190 0.0388372 0.0737366 0.0699660 0.0868932 0.0858618 0.1126005 0.0677002 0.1188222 0.0713136 0.0875150 0.0553677 0.0779717 
S0405         0.1709657 0.0263890 0.0731271 0.0968702 0.0651543 0.0185552 0.0719595 0.0750139 0.0971013 0.0302355 0.0549313 0.0917497 0.0780682 0.0788102 0.0880014 0.1432778 0.1007083 0.0985407 0.0735344 0.0725176 0.0262080 0.0000000 0.0926350 0.0635192 0.0940165 0.0771948 0.0501707 0.1762344 0.0767102 0.0678324 0.0802680 0.0772744 0.0300325 0.0185649 0.1071912 0.0957650 0.0551611 0.0225175 0.0867155 0.0690391 0.1309070 0.0464336 0.0767102 0.0146645 0.1026569 0.0860716 0.0146645 0.0822935 0.1124006 0.0971926 0.0779911 0.0818620 0.0770398 0.0554050 0.0633816 0.0981865 0.0932864 0.1145024 0.0486929 0.1021023 0.1370838 0.0890748 0.0546690 0.0528855 0.1182660 0.0832824 0.1196565 0.0866208 0.1248419 0.1094517 0.0959722 0.0466814 0.0462395 0.1317033 0.1310787 0.0223402 0.0344409 0.1006255 0.0829767 0.0968414 0.0735837 0.0835507 0.1762344 0.0793608 0.1059385 0.0780837 0.0109667 0.1316197 0.0865512 0.0875756 0.0185622 0.0000010 0.0340257 0.1184773 0.0222544 0.0929683 0.1020288 0.1077161 0.0345448 0.0771948 0.0880758 0.1022653 0.0917137 0.0110270 0.0926181 0.1009319 0.0809313 0.0301103 0.0892877 0.0385612 0.0958778 0.0427437 0.0690871 0.0782027 0.1043614 0.0851909 0.1122046 0.0756903 0.1087321 0.0797099 0.1050700 0.0549334 0.0773554 
S0407sl       0.1596809 0.1077636 0.0767273 0.0422688 0.0702322 0.0974814 0.0976967 0.0596655 0.1197486 0.1079876 0.1012550 0.0425495 0.0953309 0.0752766 0.0423930 0.1415734 0.0539599 0.0902580 0.0904853 0.1059106 0.1027071 0.0926350 0.0000000 0.1177511 0.0344269 0.0784133 0.0974842 0.2822523 0.1029745 0.1369166 0.1080310 0.0356694 0.1016975 0.0880014 0.0547476 0.0922930 0.1135369 0.1029755 0.0880826 0.0856461 0.1405187 0.0881316 0.1029745 0.0920785 0.1388145 0.0874214 0.0920785 0.0835962 0.1514339 0.0936790 0.0792312 0.1044988 0.0691912 0.0518340 0.0783977 0.1274276 0.1287181 0.1521652 0.1187632 0.1037171 0.1572698 0.1204733 0.0786498 0.0923281 0.1559273 0.1176462 0.1384830 0.0879861 0.1440363 0.1504684 0.1021146 0.0698273 0.1218452 0.1780200 0.1507849 0.1020805 0.1127204 0.1064845 0.0298992 0.0885557 0.0700221 0.1060846 0.2822523 0.0366896 0.1251764 0.0953530 0.0876353 0.1310533 0.0778524 0.1140023 0.0975814 0.0000010 0.1075694 0.1577387 0.1016530 0.1196151 0.1292543 0.0551908 0.1022937 0.0784133 0.0262298 0.1038843 0.0882110 0.0835282 0.0940912 0.1446845 0.0774567 0.0927329 0.0553299 0.1234359 0.0830036 0.1240083 0.0975544 0.0839002 0.1005520 0.0817337 0.1506555 0.0634516 0.1414577 0.0761053 0.1016236 0.0983099 0.0694012 
S0412sl       0.1900871 0.0684845 0.1185736 0.1124858 0.0885556 0.0594526 0.0773462 0.0886570 0.1133446 0.0640919 0.0822198 0.1070878 0.0775243 0.0830948 0.1033056 0.1424484 0.1021948 0.1045421 0.0780665 0.0850120 0.0595274 0.0635192 0.1177511 0.0000000 0.1036064 0.0827567 0.0676676 0.4265494 0.0822314 0.0913032 0.0861136 0.1027573 0.0591508 0.0594854 0.1184648 0.0967157 0.0825758 0.0599364 0.0925299 0.0685441 0.1435436 0.0428254 0.0822314 0.0466058 0.1390062 0.0918378 0.0466058 0.0880108 0.1393524 0.1033259 0.0927336 0.0831032 0.0916122 0.0648241 0.0685738 0.1342590 0.1288871 0.1523921 0.0970834 0.0986097 0.1500456 0.1046166 0.0593993 0.0624845 0.1400115 0.1081789 0.1317529 0.0924314 0.1371723 0.1474386 0.1118584 0.0559444 0.0769209 0.1216499 0.1437350 0.0552344 0.0685587 0.1021118 0.0980048 0.1124570 0.0747330 0.0829730 0.4265494 0.0849302 0.1061372 0.0775396 0.0507472 0.1231799 0.1015924 0.1077399 0.0511484 0.0000010 0.0683750 0.1296296 0.0550137 0.1176103 0.1226868 0.1079220 0.0687695 0.0827567 0.1033926 0.0987671 0.0976729 0.0510388 0.0936911 0.1113513 0.0865383 0.0677699 0.0941659 0.0735623 0.1019148 0.0603509 0.0976599 0.0872919 0.1200889 0.0999736 0.1391503 0.0811268 0.1295579 0.0807380 0.1015266 0.0728546 0.0919714 
S0417         0.1463505 0.0898278 0.0780609 0.0225910 0.0667490 0.0895996 0.0943927 0.0472288 0.1066944 0.0951010 0.0934256 0.0227409 0.0919450 0.0620925 0.0226564 0.1495619 0.0424308 0.0780477 0.0870659 0.0957623 0.0947860 0.0940165 0.0344269 0.1036064 0.0000000 0.0661446 0.0804055 0.4183198 0.0996919 0.1190604 0.1046398 0.0196392 0.0984376 0.0896520 0.0473692 0.0798470 0.1157171 0.0950314 0.0756445 0.0822020 0.1271975 0.0897872 0.0996919 0.0842567 0.1207640 0.0750632 0.0842567 0.0711909 0.1329510 0.0810652 0.0758086 0.1011853 0.0570602 0.0441375 0.0749962 0.1097113 0.1108400 0.1336132 0.1003193 0.1004249 0.1437279 0.0915006 0.0703412 0.0888491 0.1374509 0.1096909 0.1253483 0.0755531 0.1308026 0.1321123 0.0988458 0.0665350 0.1187077 0.1591111 0.1373881 0.0941977 0.1095026 0.0938594 0.0186966 0.0760395 0.0577409 0.1027448 0.4183198 0.0201997 0.1219935 0.0919660 0.0798100 0.1387379 0.0744690 0.1010590 0.0896877 0.0000010 0.1091965 0.1442291 0.0937987 0.1065848 0.1161635 0.0265194 0.0990235 0.0661446 0.0304794 0.1005885 0.0757417 0.0756728 0.0907324 0.1314375 0.0740842 0.0894023 0.0349077 0.1154196 0.0706621 0.1208954 0.0804515 0.0705895 0.0926575 0.0695686 0.1430923 0.0516089 0.1327053 0.0589854 0.0983643 0.0810918 0.0572413 
S0419         0.1289843 0.0824746 0.0000010 0.0649966 0.0185137 0.0730121 0.0511537 0.0742365 0.0565338 0.0738059 0.0680912 0.0654423 0.0606569 0.0517617 0.0651962 0.1233816 0.0517908 0.0506558 0.0562797 0.0686582 0.0690584 0.0771948 0.0784133 0.0827567 0.0661446 0.0000000 0.0643717 0.2822523 0.0556336 0.0910399 0.0581747 0.0499778 0.0683872 0.0730531 0.0744366 0.0557907 0.0689191 0.0779939 0.0146814 0.0519622 0.0971253 0.0688708 0.0556336 0.0596101 0.1033667 0.0072272 0.0596101 0.0036285 0.0926236 0.0225132 0.0475357 0.0650062 0.0387979 0.0150806 0.0344087 0.0988677 0.0939342 0.1153020 0.0582909 0.0426378 0.1237266 0.0714255 0.0467626 0.0446570 0.1093778 0.0838592 0.1067880 0.0072707 0.1118524 0.1204503 0.0595894 0.0429629 0.0822962 0.1065136 0.1178952 0.0686376 0.0728417 0.0512640 0.0520376 0.0521879 0.0351925 0.0657828 0.2822523 0.0467077 0.0833872 0.0606677 0.0639118 0.1078887 0.0641186 0.0475305 0.0599556 0.0000010 0.0913146 0.0887078 0.0641041 0.0605188 0.0554168 0.0792048 0.0784195 0.0000010 0.0652527 0.0383133 0.0518658 0.0642854 0.0302745 0.0781958 0.0507612 0.0600246 0.0620313 0.0878461 0.0382546 0.0927891 0.0652640 0.0602289 0.0598622 0.0425607 0.1024805 0.0302682 0.1038748 0.0036994 0.0729462 0.0695567 0.0428585 
S0427         0.1660993 0.0548151 0.0635436 0.0925084 0.0524184 0.0462343 0.0678433 0.0841538 0.0885110 0.0549630 0.0679238 0.0874353 0.0738375 0.0745415 0.0927979 0.1385911 0.0872606 0.0853677 0.0693315 0.0294798 0.0505635 0.0501707 0.0974842 0.0676676 0.0804055 0.0643717 0.0000000 0.4465834 0.0725478 0.0901427 0.0759080 0.0824210 0.0584691 0.0462591 0.1027434 0.0914518 0.0596988 0.0506694 0.0736086 0.0648696 0.1219909 0.0588754 0.0725478 0.0418655 0.1028436 0.0730543 0.0418655 0.0692720 0.1027160 0.0836957 0.0650405 0.0824298 0.0642304 0.0430990 0.0593138 0.0933216 0.0934490 0.1147247 0.0489332 0.0884795 0.1380440 0.0751022 0.0506708 0.0531064 0.1184970 0.0834193 0.1204824 0.0735208 0.1257050 0.1198533 0.0919885 0.0427110 0.0760297 0.1319714 0.1319919 0.0502591 0.0677602 0.0962704 0.0786981 0.0833856 0.0693715 0.0792448 0.4465834 0.0796617 0.1015332 0.0738517 0.0379481 0.1270289 0.0822901 0.0789166 0.0462618 0.0000010 0.0715244 0.1086185 0.0500616 0.0839824 0.0929367 0.1032483 0.0679664 0.0643717 0.0837460 0.0886154 0.0874010 0.0381616 0.0792060 0.1011116 0.0767534 0.0423066 0.0941567 0.0680748 0.0915561 0.0638223 0.0649073 0.0739632 0.0909102 0.0723012 0.1220801 0.0631093 0.0990285 0.0619773 0.1007008 0.0187418 0.0685303 
S0428sl       1.9029715 0.1762344 0.4315931 0.2822523 0.1762344 0.1762344 0.4883415 0.2822523 0.1911817 0.3294572 0.1762344 0.2822523 0.3075142 0.2822523 0.4706787 0.2822523 0.2822523 0.2822523 0.2822523 0.7402150 0.1762344 0.1762344 0.2822523 0.4265494 0.4183198 0.2822523 0.4465834 0.0000000 0.7950965 0.1762344 0.8565653 0.1737218 0.1762344 0.3294572 0.2822523 0.4002825 0.1762344 0.3294572 0.4002825 0.2822523 0.2822523 0.2822523 0.4883415 0.1762344 0.1762344 0.2822523 0.1762344 0.2822523 0.1762344 0.4002825 0.2822523 0.2822523 0.2822523 0.2822523 0.2822523 0.1762344 0.1762344 0.1762344 0.2617467 0.2822523 0.2822523 0.3294572 0.4706787 0.3294572 0.1762344 0.1762344 0.2822523 0.4706787 0.2822523 0.1762344 0.2822523 0.2822523 0.1762344 0.3294572 0.2822523 0.1762344 0.1762344 0.4180311 0.2822523 0.2822523 0.2822523 0.4706787 0.0000010 0.4706787 0.2822523 0.2822523 0.1762344 1.1247354 0.2822523 0.3294572 0.1762344 0.0000010 0.2822523 0.3000137 0.1762344 0.1762344 0.1762344 0.2822523 0.1762344 0.2822523 0.4706787 0.2822523 0.2822523 0.1762344 0.2822523 0.3294572 0.2822523 0.1762344 0.2822523 0.1762344 0.2822523 0.3000137 0.1911817 0.4706787 0.1762344 0.2822523 0.1762344 0.2822523 0.5065613 0.3229079 0.4706787 0.4465834 0.2822523 
S0430         0.1321447 0.0776237 0.0355903 0.0979041 0.0693689 0.0683027 0.0036153 0.0940210 0.0878585 0.0639169 0.0818540 0.0939862 0.0474269 0.0608457 0.0878913 0.1129840 0.0925382 0.0905234 0.0476135 0.0796298 0.0686211 0.0767102 0.1029745 0.0822314 0.0996919 0.0556336 0.0725478 0.7950965 0.0000000 0.1142593 0.0037658 0.0830332 0.0679576 0.0632694 0.1083389 0.0832063 0.0874812 0.0679805 0.0686516 0.0434048 0.1384252 0.0684357 0.0073005 0.0592361 0.1328337 0.0554619 0.0592361 0.0603701 0.1265820 0.0785124 0.0788237 0.0475583 0.0682878 0.0518426 0.0264263 0.1281506 0.1228788 0.1389470 0.0762762 0.0737780 0.1494127 0.0938715 0.0301851 0.0274827 0.1394302 0.1025498 0.1312337 0.0553732 0.1366216 0.1513729 0.0871255 0.0347017 0.0861867 0.1346938 0.1431432 0.0682051 0.0681432 0.0913640 0.0838648 0.0933079 0.0612721 0.0477387 0.7950965 0.0698587 0.0740501 0.0518964 0.0635109 0.0783318 0.0874692 0.0733405 0.0640197 1.2148790 0.0907383 0.1225670 0.0679299 0.0919730 0.0967342 0.1083729 0.0779207 0.0556336 0.0789470 0.0738844 0.0791480 0.0638800 0.0735846 0.0958384 0.0730112 0.0681474 0.0953315 0.0872863 0.0877475 0.0921959 0.0920531 0.0779825 0.1012123 0.0817146 0.1329627 0.0678760 0.1345317 0.0617029 0.0867135 0.0778743 0.0781758 
S0558         0.1881203 0.0731604 0.1155734 0.1216593 0.0878303 0.0725566 0.1089343 0.0976465 0.1123087 0.0862649 0.0904510 0.1225082 0.1162797 0.1121274 0.1123900 0.1879831 0.1154784 0.1134042 0.1113540 0.1162619 0.0813956 0.0678324 0.1369166 0.0913032 0.1190604 0.0910399 0.0901427 0.1762344 0.1142593 0.0000000 0.1198012 0.1070388 0.0765764 0.0725971 0.1223774 0.1055786 0.1007882 0.0637491 0.1009455 0.1063829 0.1482835 0.0862480 0.1142593 0.0676822 0.1181569 0.1002002 0.0676822 0.0963945 0.1282788 0.1119396 0.1109690 0.1255498 0.1003817 0.0774836 0.0996515 0.1233040 0.1084455 0.1306872 0.0857523 0.1113670 0.1688437 0.1037944 0.0900414 0.0945381 0.1239487 0.1073412 0.1498632 0.1008443 0.1575377 0.1360056 0.1259292 0.0815573 0.0951781 0.1431978 0.1644741 0.0768561 0.0914672 0.1106892 0.1069799 0.1115888 0.0925140 0.1179053 0.1762344 0.0892153 0.1467050 0.1163090 0.0635133 0.1533711 0.1200391 0.0975365 0.0681678 0.0000010 0.0998192 0.1346902 0.0676822 0.1080639 0.1121157 0.1333579 0.0917514 0.0910399 0.1221464 0.1167824 0.1161060 0.0638825 0.1167810 0.1225062 0.1085293 0.0858896 0.1140450 0.0963922 0.1104272 0.0968214 0.0821768 0.1112863 0.1292521 0.0902012 0.1231687 0.0985892 0.1342231 0.0940491 0.1242987 0.0958347 0.1007613 
S0620         0.1339111 0.0812671 0.0355903 0.0925923 0.0726224 0.0714545 0.0037658 0.0885527 0.0825294 0.0717586 0.0856993 0.0885192 0.0540658 0.0636806 0.0927934 0.0966893 0.0969973 0.0947990 0.0497852 0.0856048 0.0718027 0.0802680 0.1080310 0.0861136 0.1046398 0.0581747 0.0759080 0.8565653 0.0037658 0.1198012 0.0000000 0.0871981 0.0710794 0.0710020 0.1033197 0.0774180 0.0916634 0.0760688 0.0674056 0.0453734 0.1402004 0.0716005 0.0076073 0.0619255 0.1343381 0.0579876 0.0619255 0.0631616 0.1225453 0.0776715 0.0730011 0.0409342 0.0669802 0.0542221 0.0235119 0.1294403 0.1239225 0.1407473 0.0762762 0.0772458 0.1517216 0.0991220 0.0357907 0.0331748 0.1357986 0.1025233 0.1326500 0.0626640 0.1382939 0.1537931 0.0912724 0.0362417 0.0902454 0.1369439 0.1451367 0.0713496 0.0712812 0.1011227 0.0878968 0.0978402 0.0592495 0.0546396 0.8565653 0.0736883 0.0775463 0.0542768 0.0664089 0.0770240 0.0916489 0.0725864 0.0669649 0.0000010 0.0950351 0.1183689 0.0710490 0.0868004 0.0917146 0.1137494 0.0815890 0.0581747 0.0879747 0.0773634 0.0777520 0.0668120 0.0720405 0.0961474 0.0764108 0.0712869 0.1000545 0.0914466 0.0824228 0.0913107 0.1015312 0.0816585 0.1012767 0.0855457 0.1291163 0.0709904 0.1295191 0.0646215 0.0961404 0.0815389 0.0723535 
S0624         0.1234826 0.0828498 0.0593567 0.0076084 0.0597483 0.0776151 0.0778509 0.0402120 0.0845752 0.0879561 0.0863441 0.0194410 0.0797267 0.0597719 0.0193666 0.1446009 0.0398545 0.0668909 0.0748511 0.0862525 0.0781613 0.0772744 0.0356694 0.1027573 0.0196392 0.0499778 0.0824210 0.1737218 0.0830332 0.1070388 0.0871981 0.0000000 0.0819045 0.0776613 0.0359407 0.0681156 0.1087204 0.0829618 0.0638697 0.0700160 0.1202039 0.0779894 0.0830332 0.0723553 0.1033342 0.0588258 0.0723553 0.0548664 0.1251480 0.0741332 0.0591303 0.0890045 0.0453809 0.0324758 0.0587584 0.0986461 0.0982485 0.1157873 0.0950273 0.0885535 0.1369008 0.0796928 0.0634906 0.0713777 0.1197293 0.0972132 0.1184242 0.0592188 0.1239170 0.1211628 0.0776805 0.0591433 0.1019125 0.1411456 0.1299873 0.0822217 0.0873642 0.0767741 0.0154421 0.0595974 0.0413192 0.0900580 0.1737218 0.0163439 0.1097496 0.0797441 0.0678948 0.1264288 0.0584765 0.0840646 0.0773874 0.0000010 0.0971664 0.1145167 0.0818683 0.0844709 0.0939253 0.0317217 0.0772647 0.0499778 0.0275477 0.0886961 0.0542858 0.0678948 0.0788341 0.1088988 0.0581657 0.0728874 0.0277454 0.1032924 0.0589287 0.1087295 0.0731654 0.0642037 0.0764132 0.0579962 0.1302799 0.0401586 0.1049412 0.0559164 0.0773485 0.0831420 0.0452015 
