135
PAFTOL_019361 0.0000000 0.2144590 0.2150238 0.2657723 0.2484135 0.2222455 0.2498118 0.2693857 0.2460365 0.2192506 0.2383069 0.2468505 0.2600106 0.2857660 0.2690481 0.2712728 0.2716335 0.2352535 0.2173360 0.2579145 0.2203886 0.2170002 0.2211507 0.2937063 0.2058378 0.2602902 0.2104401 0.2279740 0.2605883 0.2549319 0.2455459 0.2337269 0.2235204 0.2510804 0.2637259 0.2582585 0.2168117 0.2210201 0.2767216 0.2360425 0.2698628 0.2093869 0.2109722 0.2217650 0.2600784 0.2712035 0.2251781 0.2699467 0.2837287 0.2215971 0.2354894 0.2131464 0.2167000 0.2113598 0.2097127 0.2477760 0.2103494 0.2487379 0.2513083 0.2422542 0.2376115 0.2055782 0.2694683 0.2608886 0.2206948 0.2384057 0.2317987 0.2331958 0.1905112 0.2314691 0.2403363 0.2208073 0.2308982 0.2572852 0.2594402 0.2722948 0.2734320 0.2127070 0.2692970 0.2389734 0.2668095 0.2327261 0.2545187 0.2184952 0.2712322 0.2629728 0.2142281 0.2295822 0.2147137 0.2689647 0.2479540 0.2563336 0.2578349 0.2512727 0.2749223 0.2532142 0.2558387 0.2509624 0.2222068 0.2478618 0.2264282 0.2409334 0.2212147 0.2101919 0.2187015 0.2676937 0.2059018 0.2514387 0.2460118 0.2355066 0.3048781 0.1937419 0.2164386 0.2811973 0.2235160 0.2545250 0.2142025 0.2267347 0.2425003 0.2302373 0.2193330 0.2812916 0.2136649 0.2364132 0.2136158 0.2137777 0.2441499 0.2314634 0.2665665 0.2154225 0.2086321 0.2163750 0.2238907 0.2162710 0.2171617 
S0055         0.2144590 0.0000000 0.0717232 0.1355291 0.1056832 0.0463522 0.1167335 0.1293750 0.1044105 0.0467466 0.0660112 0.1530221 0.1229187 0.1337563 0.1328370 0.1301798 0.1291182 0.0917801 0.0862676 0.1222372 0.0607271 0.0426853 0.0423049 0.1474630 0.0473526 0.1220088 0.0697862 0.0654681 0.1173120 0.1158921 0.1036344 0.0980050 0.0620834 0.1170302 0.1329529 0.1198554 0.0461498 0.0435303 0.1421244 0.1048069 0.1147477 0.0486448 0.0413151 0.0808036 0.1220457 0.1843105 0.0632059 0.1349674 0.1555289 0.0411583 0.0990271 0.0708861 0.0462246 0.0674284 0.0674389 0.1150796 0.0752455 0.1051227 0.1117455 0.0915955 0.1031223 0.0761878 0.1267471 0.1075047 0.0923811 0.1185383 0.0988455 0.0960509 0.0425304 0.0844943 0.1532141 0.0862203 0.0966663 0.1120959 0.1254906 0.1327189 0.1858274 0.0691758 0.1866499 0.0975942 0.1290396 0.0925362 0.1115225 0.0476194 0.1275597 0.1768431 0.0388828 0.0524138 0.0795263 0.1259088 0.0946533 0.0996653 0.1214418 0.1200002 0.1389991 0.1085451 0.1229758 0.1169275 0.0429692 0.1061831 0.0934487 0.1079955 0.0429662 0.0388433 0.0271852 0.1186572 0.0363944 0.1153995 0.1132621 0.0991669 0.1535968 0.0376082 0.0733804 0.1356612 0.0801827 0.0958972 0.0409669 0.0850238 0.1111080 0.0944606 0.0421611 0.1316294 0.0406277 0.1051351 0.0387510 0.0477344 0.0935182 0.0951441 0.1080755 0.0782798 0.0749251 0.0718753 0.0893589 0.0555896 0.0779069 
S0196sl       0.2150238 0.0717232 0.0000000 0.1239139 0.0696831 0.0763754 0.1023177 0.1220221 0.0867495 0.0763899 0.0908669 0.1252769 0.1126740 0.1229522 0.1227094 0.1123807 0.1161066 0.0735027 0.0708977 0.1088562 0.0708583 0.0708225 0.0723161 0.1418053 0.0646259 0.1067806 0.0116686 0.0785128 0.1118193 0.1024104 0.0927110 0.0809386 0.0879961 0.1063490 0.1160189 0.1110104 0.0749310 0.0707224 0.1273506 0.0998441 0.1004992 0.0722126 0.0663084 0.0393914 0.1086193 0.1767669 0.0856501 0.1177502 0.1366268 0.0787800 0.0864265 0.0120983 0.0762063 0.0100516 0.0117003 0.1031303 0.0340043 0.0999908 0.0987137 0.0786585 0.0941803 0.0575020 0.1249391 0.0949814 0.0775660 0.0998982 0.0836503 0.0856159 0.0622016 0.0460558 0.1462730 0.0752954 0.0855248 0.1031024 0.1153294 0.1187990 0.1745347 0.0112426 0.1775267 0.0854229 0.1200592 0.0741669 0.1006400 0.0808176 0.1072230 0.1760516 0.0700424 0.0799704 0.0678141 0.1132334 0.0831079 0.0880747 0.1072412 0.1077666 0.1317684 0.0935425 0.1085697 0.1016271 0.0726735 0.0924995 0.0754389 0.0859204 0.0773053 0.0667162 0.0786942 0.1005020 0.0690568 0.1008940 0.0988561 0.0847170 0.1492977 0.0612775 0.0154007 0.1297216 0.0443992 0.0869331 0.0721689 0.0480161 0.0959125 0.0751188 0.0780779 0.1231187 0.0679839 0.0995711 0.0679251 0.0668052 0.0812557 0.0773087 0.1009968 0.0658615 0.0581750 0.0305721 0.0713870 0.0693863 0.0589650 
S0278         0.2657723 0.1355291 0.1239139 0.0000000 0.1323926 0.1355356 0.1519035 0.0488508 0.1461135 0.1342638 0.1458908 0.0548898 0.1591847 0.1721421 0.0525303 0.1640572 0.0591857 0.1363014 0.1399273 0.1542412 0.1312295 0.1305535 0.1381975 0.0615032 0.1314399 0.0482741 0.1167580 0.1341281 0.0604806 0.1522418 0.0686448 0.1421152 0.1420311 0.1666195 0.1654368 0.0360558 0.1369893 0.1336478 0.0497594 0.0738401 0.1157193 0.1346127 0.1286354 0.1246473 0.1577754 0.1876242 0.1394260 0.1655085 0.1594350 0.1387313 0.1364601 0.1179672 0.1361108 0.1164695 0.1149029 0.1525814 0.1228092 0.0756842 0.1596695 0.0972232 0.0544733 0.1227159 0.0504454 0.1547818 0.1260469 0.1451231 0.1295453 0.1393877 0.1092690 0.1260000 0.1770517 0.1177912 0.1409818 0.1523134 0.1418750 0.1452406 0.1834425 0.1182367 0.1892654 0.0919893 0.1556972 0.1350586 0.1618063 0.1399211 0.1503676 0.1838706 0.1285007 0.1428930 0.1205545 0.0502450 0.0978046 0.0980088 0.1552648 0.0664563 0.0430569 0.1589490 0.1591357 0.1490108 0.1356404 0.1526889 0.1337977 0.1383496 0.1333223 0.1282584 0.1439956 0.1550103 0.1308420 0.0772642 0.1538872 0.1397903 0.0511564 0.1292938 0.1214765 0.0535056 0.1200244 0.1044268 0.1300741 0.1291498 0.1409061 0.1368210 0.1399984 0.0469388 0.1319781 0.0739335 0.1292982 0.1326663 0.1438062 0.1349052 0.1139489 0.1308350 0.1189988 0.1143359 0.1361272 0.1266232 0.1273471 
S0281         0.2484135 0.1056832 0.0696831 0.1323926 0.0000000 0.1118291 0.1314237 0.1340014 0.1217703 0.1100944 0.1262808 0.1353388 0.1403528 0.1474376 0.1334915 0.1417820 0.1281540 0.1074898 0.1136724 0.1354118 0.1076350 0.1062186 0.1090885 0.1519189 0.1023631 0.1228142 0.0664891 0.1144091 0.1259965 0.1293829 0.1119199 0.1094336 0.1235498 0.1357913 0.1443909 0.1215090 0.1094808 0.1065710 0.1322743 0.1222386 0.1205068 0.1104954 0.1022817 0.0630644 0.1355936 0.2041370 0.1209985 0.1485675 0.1556855 0.1087831 0.1118287 0.0660214 0.1080443 0.0647102 0.0647080 0.1261728 0.0608299 0.1232322 0.1304480 0.0982395 0.1087232 0.0975084 0.1248473 0.1203450 0.1044766 0.1259916 0.1107932 0.1154142 0.0877764 0.0637992 0.1790362 0.1081903 0.1165769 0.1227760 0.1356019 0.1441302 0.2039631 0.0653841 0.2033225 0.1036680 0.1388177 0.1063429 0.1329253 0.1126155 0.1381816 0.1999006 0.1029909 0.1109013 0.1041887 0.1272656 0.0998845 0.1043537 0.1321577 0.1220557 0.1340307 0.1233225 0.1350610 0.1286342 0.1075199 0.1256707 0.1126245 0.1194089 0.1087551 0.1021666 0.1152466 0.1366603 0.1011000 0.1152996 0.1334024 0.1142182 0.1515258 0.0938945 0.0690891 0.1376524 0.0636688 0.1049065 0.1032142 0.0674649 0.1280303 0.1042264 0.1107369 0.1329636 0.1036140 0.1145274 0.1047512 0.1054696 0.1196956 0.1087540 0.1169471 0.1014627 0.0967991 0.0616096 0.1046714 0.1024488 0.0972164 
S0282         0.2222455 0.0463522 0.0763754 0.1355356 0.1118291 0.0000000 0.1169488 0.1297257 0.1056137 0.0207276 0.0539040 0.1450492 0.1245344 0.1390451 0.1361801 0.1273199 0.1232119 0.0963217 0.0876241 0.1235208 0.0642152 0.0124010 0.0226101 0.1546546 0.0502698 0.1212407 0.0733980 0.0702675 0.1271856 0.1170338 0.1109991 0.0953249 0.0653047 0.1238326 0.1318498 0.1211390 0.0433545 0.0203759 0.1396956 0.1106464 0.1209071 0.0505760 0.0145537 0.0840584 0.1241451 0.1847820 0.0661525 0.1344791 0.1586030 0.0361417 0.1016251 0.0755485 0.0194568 0.0725163 0.0730492 0.1173761 0.0781991 0.1101179 0.1107114 0.0977396 0.1055899 0.0777769 0.1316933 0.1094497 0.0918660 0.1218792 0.1001709 0.0989247 0.0368553 0.0867128 0.1550722 0.0881378 0.0941498 0.1154926 0.1218510 0.1261932 0.1823733 0.0742723 0.1857394 0.1007822 0.1325566 0.0969351 0.1121246 0.0486592 0.1325033 0.1761623 0.0140485 0.0497633 0.0857641 0.1318211 0.1004315 0.1052650 0.1199638 0.1194135 0.1377391 0.1134034 0.1210241 0.1145205 0.0207260 0.1073910 0.0968772 0.1069879 0.0169418 0.0192032 0.0530687 0.1213336 0.0382389 0.1163697 0.1155824 0.1019658 0.1563568 0.0401303 0.0770650 0.1421319 0.0807467 0.1020642 0.0141227 0.0876367 0.1156247 0.0961263 0.0374413 0.1303550 0.0403929 0.1030913 0.0384032 0.0492752 0.1024762 0.0941283 0.1138318 0.0828947 0.0763320 0.0781402 0.0934521 0.0606794 0.0794951 
S0288         0.2498118 0.1167335 0.1023177 0.1519035 0.1314237 0.1169488 0.0000000 0.1451692 0.1288098 0.1121413 0.1394013 0.1560849 0.0230705 0.0770208 0.1457440 0.0238982 0.1408348 0.1258501 0.1240771 0.0204513 0.1086915 0.1160493 0.1182627 0.1662936 0.1009850 0.1399280 0.1026140 0.1185329 0.1344658 0.0096396 0.1191718 0.1226505 0.1248584 0.0768755 0.0269919 0.1303687 0.1192744 0.1134372 0.1469255 0.1281698 0.1426355 0.1143499 0.1066876 0.1114679 0.0235855 0.1921954 0.1231377 0.0267941 0.1715558 0.1209888 0.1260451 0.1028695 0.1184711 0.1006446 0.0986486 0.1422467 0.1024936 0.1278467 0.0704365 0.1190205 0.1184785 0.1110559 0.1463726 0.0543779 0.1109478 0.1320600 0.1165200 0.1281883 0.0886756 0.1077605 0.1688609 0.1142406 0.0591471 0.0723317 0.1422943 0.1462161 0.2011414 0.1018940 0.1982082 0.1255556 0.1464238 0.1217482 0.0670536 0.1183249 0.1469204 0.1968795 0.1115703 0.1228682 0.1138021 0.1458719 0.1243003 0.1287137 0.0154524 0.1274461 0.1514112 0.0727028 0.0149856 0.0059791 0.1145686 0.0649040 0.1260755 0.1255263 0.1179880 0.1077579 0.1208763 0.1407929 0.1119216 0.1264869 0.1399673 0.1255465 0.1720632 0.1061908 0.1055477 0.1494030 0.1035600 0.1278174 0.1096000 0.1071221 0.1419874 0.1204389 0.1190372 0.1413572 0.1123085 0.1145962 0.1122795 0.1128249 0.1281301 0.1270296 0.1367150 0.1049673 0.1063945 0.1043649 0.1179965 0.1062138 0.1108205 
S0289         0.2693857 0.1293750 0.1220221 0.0488508 0.1340014 0.1297257 0.1451692 0.0000000 0.1513582 0.1304402 0.1456552 0.0507874 0.1581940 0.1720831 0.0505043 0.1597321 0.0661125 0.1379669 0.1382977 0.1503270 0.1267456 0.1261375 0.1323861 0.0660395 0.1324111 0.0563392 0.1179322 0.1320491 0.0659433 0.1468878 0.0644614 0.1411296 0.1403685 0.1610527 0.1615301 0.0401230 0.1320876 0.1285855 0.0574040 0.0696213 0.1069576 0.1322779 0.1261154 0.1251732 0.1528539 0.1898034 0.1400499 0.1643147 0.1569326 0.1328362 0.1355333 0.1179958 0.1347634 0.1170149 0.1143291 0.1557347 0.1241257 0.0719180 0.1589558 0.0908717 0.0540801 0.1210297 0.0461215 0.1505726 0.1255685 0.1450433 0.1306599 0.1367934 0.1035502 0.1256920 0.1714581 0.1206973 0.1384330 0.1532804 0.1395616 0.1422694 0.1845982 0.1182675 0.1856216 0.0887771 0.1582341 0.1371288 0.1533286 0.1373709 0.1564727 0.1850878 0.1247105 0.1374577 0.1248209 0.0563178 0.0915708 0.0940718 0.1506890 0.0676573 0.0547219 0.1463703 0.1532868 0.1436464 0.1294746 0.1500118 0.1345766 0.1442093 0.1279201 0.1243860 0.1342458 0.1586590 0.1245010 0.0759295 0.1599579 0.1446376 0.0568004 0.1240291 0.1215472 0.0554015 0.1190624 0.0976386 0.1243879 0.1260499 0.1498196 0.1354747 0.1314435 0.0512759 0.1261139 0.0646186 0.1240529 0.1301146 0.1384746 0.1371096 0.1038644 0.1289001 0.1179130 0.1206228 0.1327455 0.1261018 0.1284797 
S0292         0.2460365 0.1044105 0.0867495 0.1461135 0.1217703 0.1056137 0.1288098 0.1513582 0.0000000 0.1065769 0.1251872 0.1592292 0.1409589 0.1488988 0.1494466 0.1409943 0.1348723 0.0804583 0.0836643 0.1332271 0.1002974 0.1019716 0.1039625 0.1676126 0.1007239 0.1344079 0.0833300 0.1075686 0.1374611 0.1258450 0.1264432 0.0867232 0.1213876 0.1372305 0.1449461 0.1371978 0.1114641 0.1050424 0.1528154 0.1269318 0.1324466 0.1025935 0.0934296 0.0940703 0.1358841 0.2095851 0.1179461 0.1452416 0.1521116 0.1091199 0.0905032 0.0850061 0.1070534 0.0830546 0.0809694 0.1098786 0.0883579 0.1224271 0.1216478 0.1076780 0.1236245 0.0731512 0.1428914 0.1191308 0.0786699 0.1120919 0.0881618 0.0888212 0.0942772 0.1017064 0.1819413 0.1067840 0.1074694 0.1265742 0.1209478 0.1189304 0.2136028 0.0836852 0.2096068 0.1144978 0.1236108 0.0823486 0.1309017 0.1132775 0.0715054 0.2045967 0.0993431 0.1081365 0.0608580 0.1427817 0.1146260 0.1215185 0.1287944 0.1326947 0.1550529 0.1282746 0.1344435 0.1264723 0.1047733 0.1178202 0.0816699 0.0161268 0.1064741 0.0981180 0.1111395 0.0658471 0.1000845 0.1286588 0.0363301 0.0187514 0.1737005 0.0838721 0.0885521 0.1532661 0.0996788 0.1170555 0.0988462 0.1054497 0.0534144 0.0778860 0.1115759 0.1449108 0.1006142 0.1211838 0.1007793 0.0966516 0.0890834 0.0836226 0.1266693 0.0741329 0.0717470 0.0861865 0.0775643 0.0967589 0.0782540 
S0293         0.2192506 0.0467466 0.0763899 0.1342638 0.1100944 0.0207276 0.1121413 0.1304402 0.1065769 0.0000000 0.0508776 0.1382434 0.1182576 0.1331385 0.1322676 0.1238884 0.1236908 0.0965830 0.0915517 0.1175208 0.0613078 0.0161346 0.0225828 0.1475415 0.0527686 0.1207361 0.0728421 0.0696579 0.1253618 0.1133813 0.1109612 0.0991177 0.0658692 0.1201625 0.1268657 0.1200481 0.0415868 0.0216250 0.1371629 0.1106086 0.1208353 0.0520443 0.0195914 0.0862839 0.1192695 0.1824854 0.0652232 0.1294410 0.1582885 0.0338993 0.1030277 0.0749881 0.0219229 0.0719613 0.0715033 0.1191077 0.0798734 0.1108127 0.1094116 0.0998301 0.1054897 0.0786913 0.1291340 0.1081132 0.0923853 0.1211694 0.0994171 0.1000008 0.0373598 0.0871146 0.1560434 0.0830593 0.0924742 0.1121075 0.1198798 0.1265587 0.1842213 0.0737155 0.1896205 0.1004866 0.1331208 0.0984414 0.1114245 0.0495332 0.1333519 0.1797150 0.0148552 0.0468678 0.0864918 0.1282538 0.1007869 0.1052406 0.1151066 0.1198564 0.1353504 0.1102670 0.1167721 0.1114217 0.0215110 0.1066299 0.0975138 0.1068750 0.0181741 0.0209078 0.0534829 0.1233162 0.0382005 0.1148054 0.1182445 0.1024107 0.1499395 0.0396658 0.0765018 0.1363811 0.0811677 0.1020402 0.0145118 0.0881519 0.1148633 0.0971729 0.0351917 0.1285745 0.0389891 0.1007995 0.0369893 0.0501972 0.1048848 0.0951228 0.1158877 0.0848321 0.0779230 0.0775627 0.0952396 0.0567962 0.0819946 
S0294         0.2383069 0.0660112 0.0908669 0.1458908 0.1262808 0.0539040 0.1394013 0.1456552 0.1251872 0.0508776 0.0000000 0.1653602 0.1442221 0.1542163 0.1466576 0.1481553 0.1355356 0.1119179 0.1099682 0.1465696 0.0818955 0.0486101 0.0486928 0.1664417 0.0723228 0.1383808 0.0880537 0.0881171 0.1431572 0.1413529 0.1221854 0.1174851 0.0830311 0.1416927 0.1541035 0.1308854 0.0616994 0.0495307 0.1516198 0.1244021 0.1365888 0.0729240 0.0510495 0.0944843 0.1448095 0.1955367 0.0874503 0.1580756 0.1684610 0.0529487 0.1239670 0.0898575 0.0517082 0.0872330 0.0877113 0.1354349 0.0893862 0.1278081 0.1272770 0.1158449 0.1215655 0.0971831 0.1448304 0.1295839 0.1142410 0.1388085 0.1191816 0.1202910 0.0436505 0.1061705 0.1663125 0.1056616 0.1107757 0.1230208 0.1374852 0.1454414 0.1951755 0.0884186 0.1979762 0.1187786 0.1547805 0.1124785 0.1292411 0.0687791 0.1517112 0.1909147 0.0456185 0.0653495 0.1033749 0.1442955 0.1210094 0.1245539 0.1426122 0.1343631 0.1515081 0.1345454 0.1468483 0.1390118 0.0522427 0.1218399 0.1107013 0.1265485 0.0508317 0.0480097 0.0707534 0.1451606 0.0586056 0.1253901 0.1331016 0.1200204 0.1662705 0.0622971 0.0902264 0.1524403 0.0998133 0.1228962 0.0454600 0.1088575 0.1341938 0.1114502 0.0524617 0.1422889 0.0584321 0.1145575 0.0589446 0.0703425 0.1183627 0.1124396 0.1299903 0.1009258 0.0997664 0.0957840 0.1079370 0.0745990 0.1038053 
S0299         0.2468505 0.1530221 0.1252769 0.0548898 0.1353388 0.1450492 0.1560849 0.0507874 0.1592292 0.1382434 0.1653602 0.0000000 0.1628100 0.1913971 0.0566613 0.1751930 0.0791755 0.1493303 0.1469932 0.1559399 0.1415012 0.1403476 0.1522748 0.0666285 0.1466450 0.0686346 0.1244671 0.1500489 0.0692124 0.1580326 0.0773197 0.1504059 0.1532154 0.1712144 0.1601745 0.0489427 0.1432230 0.1423758 0.0598175 0.0815543 0.1115644 0.1505053 0.1383168 0.1313301 0.1716418 0.1787500 0.1628204 0.1781022 0.1507139 0.1496264 0.1485301 0.1274827 0.1497044 0.1227630 0.1224155 0.1576886 0.1323381 0.0846380 0.1616226 0.0989305 0.0590207 0.1362952 0.0514316 0.1736344 0.1282055 0.1665410 0.1400649 0.1469186 0.1157855 0.1320843 0.1588070 0.1383458 0.1571189 0.1481421 0.1409165 0.1534759 0.1688651 0.1267045 0.1847482 0.0935315 0.1631461 0.1490584 0.1757687 0.1584260 0.1492589 0.1722994 0.1366353 0.1427475 0.1322981 0.0695134 0.0865256 0.0962864 0.1636349 0.0698322 0.0559069 0.1760089 0.1638184 0.1545393 0.1517232 0.1547443 0.1462915 0.1422937 0.1417219 0.1435234 0.1511852 0.1576098 0.1374310 0.0834431 0.1526101 0.1432783 0.0561034 0.1260082 0.1301605 0.0672303 0.1182132 0.1052623 0.1404018 0.1338774 0.1483556 0.1509642 0.1490399 0.0598792 0.1385080 0.0817100 0.1390698 0.1503896 0.1562917 0.1512650 0.1140608 0.1311742 0.1332097 0.1225108 0.1403962 0.1289520 0.1391814 
S0303         0.2600106 0.1229187 0.1126740 0.1591847 0.1403528 0.1245344 0.0230705 0.1581940 0.1409589 0.1182576 0.1442221 0.1628100 0.0000000 0.0819467 0.1505213 0.0252701 0.1449542 0.1312476 0.1301403 0.0217172 0.1174655 0.1223066 0.1246791 0.1720410 0.1121816 0.1505904 0.1108433 0.1278194 0.1435181 0.0208218 0.1289855 0.1305665 0.1341536 0.0856052 0.0169880 0.1398849 0.1256888 0.1207070 0.1591251 0.1376805 0.1510557 0.1217716 0.1164556 0.1199291 0.0223355 0.2015251 0.1314951 0.0146753 0.1828936 0.1246008 0.1329837 0.1125067 0.1243681 0.1101307 0.1080770 0.1429517 0.1127365 0.1368733 0.0791472 0.1246136 0.1225358 0.1177845 0.1558976 0.0591668 0.1194546 0.1424239 0.1247369 0.1372335 0.0925496 0.1168626 0.1766705 0.1264051 0.0623025 0.0814484 0.1512497 0.1529838 0.2108186 0.1114852 0.2062090 0.1294622 0.1509174 0.1278897 0.0731324 0.1258636 0.1510295 0.2061054 0.1164915 0.1266403 0.1187281 0.1502254 0.1282037 0.1322119 0.0244596 0.1331376 0.1567323 0.0811429 0.0266248 0.0208992 0.1208557 0.0713478 0.1301413 0.1350509 0.1238908 0.1123856 0.1272253 0.1459881 0.1159803 0.1335715 0.1474690 0.1358017 0.1802402 0.1126639 0.1154123 0.1613333 0.1123578 0.1312381 0.1168973 0.1177436 0.1469510 0.1280983 0.1244806 0.1468578 0.1205056 0.1243616 0.1165091 0.1193875 0.1348472 0.1324551 0.1420956 0.1141675 0.1146247 0.1113321 0.1280155 0.1128077 0.1190656 
S0308         0.2857660 0.1337563 0.1229522 0.1721421 0.1474376 0.1390451 0.0770208 0.1720831 0.1488988 0.1331385 0.1542163 0.1913971 0.0819467 0.0000000 0.1655830 0.0824165 0.1666221 0.1446010 0.1404743 0.0759879 0.1265896 0.1336423 0.1364803 0.1999349 0.1217240 0.1626948 0.1224388 0.1326915 0.1648993 0.0771026 0.1455766 0.1365218 0.1353988 0.0965650 0.0874600 0.1580729 0.1393316 0.1338988 0.1712443 0.1593542 0.1626681 0.1362777 0.1264949 0.1261579 0.0778142 0.2184316 0.1440539 0.0850485 0.1892415 0.1379359 0.1384311 0.1221073 0.1381495 0.1198752 0.1176795 0.1660384 0.1198429 0.1621072 0.0884164 0.1413355 0.1418522 0.1191572 0.1675352 0.0730989 0.1317773 0.1548520 0.1383828 0.1452791 0.1120419 0.1231702 0.1902937 0.1305408 0.0744226 0.0889783 0.1644960 0.1645037 0.2225047 0.1210595 0.2167650 0.1481289 0.1678244 0.1374132 0.0846058 0.1359015 0.1740244 0.2167082 0.1301558 0.1469023 0.1311152 0.1642123 0.1453640 0.1515961 0.0748365 0.1589771 0.1776962 0.0891575 0.0814643 0.0751664 0.1332136 0.0800826 0.1441468 0.1455687 0.1380790 0.1241391 0.1332281 0.1595521 0.1252924 0.1538475 0.1590402 0.1415138 0.1953161 0.1268237 0.1249830 0.1837381 0.1208014 0.1460448 0.1270592 0.1237593 0.1582485 0.1430162 0.1386922 0.1718215 0.1314401 0.1458430 0.1312071 0.1326931 0.1523994 0.1454406 0.1547804 0.1268145 0.1195300 0.1237643 0.1413116 0.1202848 0.1238489 
S0320         0.2690481 0.1328370 0.1227094 0.0525303 0.1334915 0.1361801 0.1457440 0.0505043 0.1494466 0.1322676 0.1466576 0.0566613 0.1505213 0.1655830 0.0000000 0.1557221 0.0728406 0.1341587 0.1439975 0.1472948 0.1272991 0.1311634 0.1368949 0.0723020 0.1329032 0.0602392 0.1185740 0.1344279 0.0705716 0.1483191 0.0709855 0.1397631 0.1446111 0.1669865 0.1551835 0.0461722 0.1401008 0.1336794 0.0571108 0.0765131 0.1213629 0.1372829 0.1297727 0.1262986 0.1497522 0.1911023 0.1411187 0.1589612 0.1567540 0.1388050 0.1377375 0.1186382 0.1380228 0.1176555 0.1167020 0.1531141 0.1230564 0.0819522 0.1564010 0.0998786 0.0585142 0.1272343 0.0579334 0.1457227 0.1287335 0.1457905 0.1359344 0.1396303 0.1075078 0.1245842 0.1780288 0.1215840 0.1371295 0.1496229 0.1417857 0.1433971 0.1865657 0.1189090 0.1932438 0.0932283 0.1542319 0.1403009 0.1612471 0.1367688 0.1539767 0.1870288 0.1297048 0.1397026 0.1270991 0.0622987 0.1025194 0.1056737 0.1507271 0.0720805 0.0632485 0.1532810 0.1545885 0.1443297 0.1374859 0.1446350 0.1372519 0.1415851 0.1349173 0.1282597 0.1377285 0.1558311 0.1310679 0.0840654 0.1555878 0.1463598 0.0527391 0.1291373 0.1239338 0.0646275 0.1183083 0.1073457 0.1288647 0.1257982 0.1460800 0.1358380 0.1400509 0.0497977 0.1319573 0.0730038 0.1320803 0.1321789 0.1426115 0.1333680 0.1192164 0.1282180 0.1237012 0.1175787 0.1340451 0.1227925 0.1318671 
S0322         0.2712728 0.1301798 0.1123807 0.1640572 0.1417820 0.1273199 0.0238982 0.1597321 0.1409943 0.1238884 0.1481553 0.1751930 0.0252701 0.0824165 0.1557221 0.0000000 0.1499516 0.1366695 0.1339276 0.0300628 0.1204904 0.1258876 0.1267160 0.1803545 0.1142161 0.1509536 0.1103372 0.1353128 0.1422199 0.0239510 0.1280820 0.1297955 0.1380028 0.0918813 0.0309930 0.1418016 0.1317182 0.1240414 0.1619255 0.1408744 0.1509461 0.1252548 0.1141169 0.1219464 0.0244726 0.2049670 0.1363432 0.0293606 0.1852192 0.1312593 0.1351892 0.1129081 0.1309710 0.1082894 0.1080717 0.1424787 0.1132888 0.1371970 0.0805500 0.1268854 0.1252215 0.1229449 0.1580715 0.0627514 0.1217688 0.1428931 0.1268409 0.1376053 0.0992494 0.1163291 0.1801311 0.1270837 0.0682354 0.0844392 0.1528633 0.1545065 0.2127518 0.1102662 0.2090624 0.1338374 0.1524461 0.1298605 0.0764376 0.1312799 0.1580237 0.2064714 0.1215077 0.1328808 0.1241579 0.1570158 0.1327556 0.1381810 0.0265739 0.1335948 0.1631766 0.0856041 0.0234250 0.0209543 0.1246198 0.0739985 0.1365182 0.1363443 0.1287243 0.1158490 0.1335257 0.1534444 0.1218693 0.1375013 0.1516086 0.1377916 0.1803327 0.1146148 0.1129372 0.1667885 0.1126499 0.1365180 0.1213018 0.1156691 0.1521763 0.1296372 0.1304592 0.1533693 0.1248137 0.1262436 0.1233894 0.1253252 0.1411413 0.1367074 0.1464202 0.1165879 0.1187278 0.1128728 0.1263443 0.1195518 0.1230795 
S0327         0.2716335 0.1291182 0.1161066 0.0591857 0.1281540 0.1232119 0.1408348 0.0661125 0.1348723 0.1236908 0.1355356 0.0791755 0.1449542 0.1666221 0.0728406 0.1499516 0.0000000 0.1324050 0.1364921 0.1422551 0.1260051 0.1217210 0.1269384 0.0818301 0.1214650 0.0538118 0.1103720 0.1347332 0.0628185 0.1402351 0.0639205 0.1339646 0.1382692 0.1541796 0.1517655 0.0527085 0.1303853 0.1221841 0.0654155 0.0660080 0.1112696 0.1268034 0.1149845 0.1151350 0.1466914 0.1867192 0.1344797 0.1541905 0.1571095 0.1274074 0.1305491 0.1109897 0.1278540 0.1094654 0.1074125 0.1482836 0.1126159 0.0677363 0.1475472 0.0937377 0.0536000 0.1169587 0.0583294 0.1399937 0.1197164 0.1396524 0.1247194 0.1345600 0.1044124 0.1165260 0.1747168 0.1229241 0.1325514 0.1462564 0.1423442 0.1456161 0.1882209 0.1112684 0.1873837 0.0892310 0.1515315 0.1338348 0.1536852 0.1349952 0.1448258 0.1884480 0.1186977 0.1313929 0.1216450 0.0554088 0.0946706 0.0960442 0.1418914 0.0614099 0.0670090 0.1429103 0.1445255 0.1359154 0.1246777 0.1411892 0.1321866 0.1310399 0.1233566 0.1179435 0.1343948 0.1484837 0.1242377 0.0717743 0.1424725 0.1291697 0.0855402 0.1163954 0.1172080 0.0687758 0.1123505 0.1017878 0.1196369 0.1193045 0.1377915 0.1316926 0.1324796 0.0650720 0.1189037 0.0650563 0.1217663 0.1202808 0.1401462 0.1312081 0.1100940 0.1241497 0.1127309 0.1125788 0.1324495 0.1204316 0.1251674 
S0335         0.2352535 0.0917801 0.0735027 0.1363014 0.1074898 0.0963217 0.1258501 0.1379669 0.0804583 0.0965830 0.1119179 0.1493303 0.1312476 0.1446010 0.1341587 0.1366695 0.1324050 0.0000000 0.0383616 0.1309907 0.0896432 0.0944050 0.0975572 0.1487293 0.0822397 0.1274394 0.0709189 0.0985259 0.1303833 0.1267811 0.1151032 0.0867859 0.1095244 0.1260025 0.1343867 0.1246328 0.1013330 0.0947368 0.1415935 0.1188842 0.1212564 0.0900460 0.0888882 0.0833455 0.1286414 0.1969350 0.1087215 0.1382901 0.1465964 0.1003582 0.0888996 0.0725364 0.0976482 0.0695488 0.0696568 0.1052565 0.0771039 0.1186902 0.1147958 0.0941306 0.1129823 0.0518663 0.1376765 0.1137909 0.0785093 0.1079857 0.0840540 0.0880064 0.0812483 0.0912727 0.1703779 0.0935303 0.0987197 0.1199018 0.1158809 0.1214955 0.1993721 0.0702847 0.1979179 0.1003259 0.1183687 0.0573137 0.1178189 0.1001975 0.0992372 0.1936634 0.0896726 0.1007400 0.0565179 0.1359872 0.0989246 0.1040642 0.1269195 0.1216330 0.1437304 0.1185200 0.1295752 0.1254162 0.0948292 0.1078992 0.0373229 0.0787820 0.0967029 0.0856745 0.1003349 0.0940861 0.0885123 0.1196837 0.0870807 0.0747495 0.1627598 0.0779305 0.0755000 0.1411919 0.0875439 0.1040342 0.0907886 0.0933807 0.0856529 0.0427390 0.1020256 0.1366182 0.0901239 0.1151725 0.0879009 0.0876478 0.0456920 0.0163530 0.1159493 0.0686771 0.0501528 0.0733261 0.0402147 0.0874548 0.0555366 
S0345         0.2173360 0.0862676 0.0708977 0.1399273 0.1136724 0.0876241 0.1240771 0.1382977 0.0836643 0.0915517 0.1099682 0.1469932 0.1301403 0.1404743 0.1439975 0.1339276 0.1364921 0.0383616 0.0000000 0.1242945 0.0879816 0.0861691 0.0922507 0.1539228 0.0833775 0.1321377 0.0701880 0.0952812 0.1289905 0.1241709 0.1185880 0.0872760 0.1013062 0.1278963 0.1313677 0.1262059 0.0942087 0.0865858 0.1530655 0.1168926 0.1299016 0.0841804 0.0872472 0.0817374 0.1248901 0.1983744 0.1003792 0.1371248 0.1447830 0.0950563 0.0861002 0.0714130 0.0881813 0.0697265 0.0692922 0.1050811 0.0782553 0.1207002 0.1131260 0.0993276 0.1107391 0.0535246 0.1446099 0.1136025 0.0779500 0.1062940 0.0864799 0.0893231 0.0733664 0.0915252 0.1702952 0.0905304 0.1024578 0.1200546 0.1109872 0.1225306 0.1970892 0.0706096 0.1949063 0.1099863 0.1224004 0.0580705 0.1198579 0.0934394 0.1018908 0.1896649 0.0804255 0.0960071 0.0543684 0.1341237 0.1013089 0.1128400 0.1257514 0.1220472 0.1434174 0.1195702 0.1297284 0.1229224 0.0909328 0.1082192 0.0245447 0.0760631 0.0877304 0.0784171 0.0902781 0.0938791 0.0788803 0.1189763 0.0873064 0.0744251 0.1619259 0.0760073 0.0771633 0.1509048 0.0883473 0.1106146 0.0833527 0.0912983 0.0863279 0.0421450 0.0922944 0.1400352 0.0853372 0.1151527 0.0812059 0.0842176 0.0251218 0.0414756 0.1190079 0.0670319 0.0514689 0.0765372 0.0390789 0.0864771 0.0590146 
S0355         0.2579145 0.1222372 0.1088562 0.1542412 0.1354118 0.1235208 0.0204513 0.1503270 0.1332271 0.1175208 0.1465696 0.1559399 0.0217172 0.0759879 0.1472948 0.0300628 0.1422551 0.1309907 0.1242945 0.0000000 0.1134388 0.1214811 0.1231526 0.1721026 0.1057816 0.1447101 0.1072504 0.1240701 0.1373568 0.0205084 0.1266261 0.1285217 0.1292813 0.0832306 0.0301833 0.1363253 0.1282337 0.1199491 0.1516851 0.1345950 0.1455548 0.1192454 0.1116848 0.1163000 0.0231706 0.1995021 0.1298557 0.0276977 0.1731161 0.1258997 0.1296863 0.1080256 0.1250653 0.1052646 0.1026912 0.1440446 0.1072089 0.1312591 0.0713609 0.1201255 0.1238274 0.1135422 0.1488093 0.0582944 0.1158229 0.1401494 0.1201137 0.1326639 0.0956753 0.1077632 0.1744235 0.1180520 0.0609239 0.0754153 0.1489039 0.1528627 0.2066430 0.1065141 0.2034035 0.1269157 0.1512661 0.1261014 0.0699441 0.1239790 0.1542078 0.2007801 0.1163297 0.1287288 0.1179193 0.1493387 0.1249616 0.1297883 0.0205271 0.1326246 0.1575903 0.0752657 0.0230242 0.0163027 0.1199403 0.0658948 0.1300536 0.1317716 0.1234304 0.1125475 0.1266004 0.1460169 0.1162153 0.1290897 0.1439362 0.1292087 0.1734834 0.1101061 0.1102291 0.1539097 0.1029999 0.1277996 0.1155947 0.1083793 0.1469012 0.1266394 0.1250556 0.1439755 0.1188254 0.1180565 0.1170889 0.1173121 0.1339693 0.1321871 0.1384378 0.1102436 0.1082901 0.1090270 0.1242066 0.1115638 0.1133251 
S0376         0.2203886 0.0607271 0.0708583 0.1312295 0.1076350 0.0642152 0.1086915 0.1267456 0.1002974 0.0613078 0.0818955 0.1415012 0.1174655 0.1265896 0.1272991 0.1204904 0.1260051 0.0896432 0.0879816 0.1134388 0.0000000 0.0614023 0.0621894 0.1468399 0.0566323 0.1228212 0.0677764 0.0335181 0.1188148 0.1072219 0.1011281 0.0957453 0.0715291 0.1143677 0.1249694 0.1234398 0.0628669 0.0594652 0.1326986 0.1070330 0.1166374 0.0591329 0.0619365 0.0804532 0.1147644 0.1864601 0.0714952 0.1263041 0.1585443 0.0654837 0.0986843 0.0693821 0.0644970 0.0669031 0.0659265 0.1082438 0.0728730 0.1115521 0.1045626 0.0938379 0.0988926 0.0750545 0.1294126 0.1040165 0.0878607 0.1122678 0.0945727 0.0964356 0.0473308 0.0815620 0.1538035 0.0791557 0.0860250 0.1109447 0.1205711 0.1217873 0.1848421 0.0681475 0.1863820 0.0951520 0.1243480 0.0863319 0.1047094 0.0686872 0.1247705 0.1803478 0.0582746 0.0655102 0.0786521 0.1287588 0.0951512 0.0991356 0.1113190 0.1182927 0.1323059 0.1025430 0.1162802 0.1091179 0.0631732 0.1005178 0.0890870 0.1014520 0.0641785 0.0559519 0.0649742 0.1235738 0.0589736 0.1133418 0.1095911 0.0978840 0.1494562 0.0549041 0.0723598 0.1352263 0.0801260 0.0944907 0.0565148 0.0832027 0.1104009 0.0909226 0.0683319 0.1279997 0.0566455 0.1015682 0.0555417 0.0532250 0.0983643 0.0896375 0.1080454 0.0726461 0.0727688 0.0723552 0.0865335 0.0306127 0.0760982 
S0400         0.2170002 0.0426853 0.0708225 0.1305535 0.1062186 0.0124010 0.1160493 0.1261375 0.1019716 0.0161346 0.0486101 0.1403476 0.1223066 0.1336423 0.1311634 0.1258876 0.1217210 0.0944050 0.0861691 0.1214811 0.0614023 0.0000000 0.0196393 0.1502844 0.0482601 0.1182438 0.0679475 0.0689098 0.1227611 0.1161333 0.1079228 0.0903315 0.0620084 0.1212462 0.1303885 0.1179440 0.0397562 0.0174410 0.1358229 0.1103691 0.1194686 0.0483105 0.0114091 0.0806336 0.1221199 0.1833036 0.0628630 0.1330250 0.1564862 0.0316940 0.0965355 0.0700608 0.0165416 0.0670690 0.0675928 0.1134575 0.0747972 0.1085725 0.1078236 0.0968557 0.1047190 0.0743961 0.1273808 0.1080352 0.0875897 0.1173321 0.0945651 0.0946016 0.0350440 0.0809271 0.1535825 0.0848539 0.0916143 0.1111570 0.1183689 0.1226752 0.1822775 0.0688186 0.1856521 0.0987418 0.1278475 0.0955065 0.1107097 0.0449685 0.1287129 0.1766346 0.0103726 0.0455844 0.0831200 0.1285569 0.0990000 0.1038577 0.1190637 0.1185407 0.1345303 0.1108493 0.1218711 0.1140616 0.0182136 0.1044853 0.0951432 0.1032950 0.0148764 0.0154380 0.0493136 0.1170503 0.0333079 0.1126502 0.1124408 0.0982912 0.1499779 0.0361552 0.0715584 0.1369750 0.0755431 0.1006442 0.0104270 0.0824842 0.1113108 0.0925639 0.0325422 0.1265688 0.0367754 0.1021151 0.0352821 0.0461190 0.0989230 0.0922168 0.1129718 0.0799447 0.0741316 0.0725749 0.0906140 0.0578725 0.0781319 
S0405         0.2211507 0.0423049 0.0723161 0.1381975 0.1090885 0.0226101 0.1182627 0.1323861 0.1039625 0.0225828 0.0486928 0.1522748 0.1246791 0.1364803 0.1368949 0.1267160 0.1269384 0.0975572 0.0922507 0.1231526 0.0621894 0.0196393 0.0000000 0.1562504 0.0490113 0.1266605 0.0698130 0.0691280 0.1285054 0.1170543 0.1121189 0.0987210 0.0642576 0.1236861 0.1307768 0.1243148 0.0403522 0.0149794 0.1416076 0.1099235 0.1204051 0.0489643 0.0202226 0.0811094 0.1233060 0.1836634 0.0661480 0.1352965 0.1565095 0.0331667 0.1021193 0.0719490 0.0233991 0.0684258 0.0684466 0.1155661 0.0757506 0.1100370 0.1074557 0.0976916 0.1072971 0.0762503 0.1332789 0.1073673 0.0940062 0.1199852 0.1005839 0.1006616 0.0381086 0.0866134 0.1532132 0.0864997 0.0930051 0.1146366 0.1213366 0.1286937 0.1840164 0.0701859 0.1862489 0.0979088 0.1311699 0.0986668 0.1105911 0.0479543 0.1318928 0.1764450 0.0162155 0.0451726 0.0855366 0.1319838 0.0997436 0.1058440 0.1213032 0.1205401 0.1422618 0.1120959 0.1240473 0.1169504 0.0170166 0.1027728 0.0977515 0.1053197 0.0204120 0.0150944 0.0509430 0.1211652 0.0356770 0.1157342 0.1151749 0.0985424 0.1579111 0.0350297 0.0729525 0.1453819 0.0811449 0.1007659 0.0179993 0.0881416 0.1129541 0.0956890 0.0344609 0.1336768 0.0368645 0.1029727 0.0363217 0.0456755 0.1023033 0.0964112 0.1108090 0.0834101 0.0775250 0.0755217 0.0921138 0.0585470 0.0799254 
S0407sl       0.2937063 0.1474630 0.1418053 0.0615032 0.1519189 0.1546546 0.1662936 0.0660395 0.1676126 0.1475415 0.1664417 0.0666285 0.1720410 0.1999349 0.0723020 0.1803545 0.0818301 0.1487293 0.1539228 0.1721026 0.1468399 0.1502844 0.1562504 0.0000000 0.1465063 0.0713231 0.1354793 0.1568919 0.0750530 0.1671850 0.0780607 0.1572378 0.1636384 0.1791396 0.1772880 0.0556008 0.1546995 0.1534296 0.0715004 0.0834147 0.1267547 0.1573602 0.1430828 0.1457255 0.1751156 0.2018995 0.1636930 0.1801880 0.1734258 0.1565139 0.1539576 0.1368972 0.1521399 0.1357924 0.1330092 0.1775982 0.1433227 0.0927575 0.1669314 0.1087365 0.0680067 0.1424647 0.0607110 0.1698673 0.1463425 0.1641223 0.1476908 0.1543133 0.1255941 0.1377905 0.1902269 0.1327657 0.1517710 0.1589601 0.1668907 0.1717551 0.2022051 0.1358388 0.2033101 0.1062732 0.1725621 0.1594637 0.1763854 0.1566308 0.1726499 0.2016039 0.1431199 0.1578826 0.1415433 0.0664423 0.1070243 0.1091401 0.1714877 0.0872959 0.0674873 0.1673147 0.1730076 0.1637981 0.1549901 0.1607628 0.1485619 0.1599057 0.1485086 0.1461206 0.1591709 0.1750250 0.1487805 0.0972788 0.1772115 0.1588700 0.0721042 0.1406854 0.1423273 0.0369787 0.1324735 0.1107761 0.1457751 0.1426114 0.1573004 0.1575737 0.1545972 0.0682682 0.1470455 0.0850477 0.1480920 0.1506415 0.1597331 0.1536118 0.1238410 0.1487697 0.1363601 0.1335128 0.1551932 0.1454593 0.1478996 
S0412sl       0.2058378 0.0473526 0.0646259 0.1314399 0.1023631 0.0502698 0.1009850 0.1324111 0.1007239 0.0527686 0.0723228 0.1466450 0.1121816 0.1217240 0.1329032 0.1142161 0.1214650 0.0822397 0.0833775 0.1057816 0.0566323 0.0482601 0.0490113 0.1465063 0.0000000 0.1169275 0.0643425 0.0606976 0.1228931 0.1046261 0.1047434 0.0918369 0.0530681 0.1069534 0.1173512 0.1166620 0.0501042 0.0466250 0.1354797 0.1041036 0.1108127 0.0494177 0.0482301 0.0751036 0.1075182 0.1723555 0.0454437 0.1189830 0.1469058 0.0525027 0.0949428 0.0644130 0.0523374 0.0622742 0.0623222 0.1106418 0.0668092 0.1096640 0.0994750 0.0866531 0.0962806 0.0656607 0.1339760 0.0969815 0.0843666 0.1055546 0.0923268 0.0918267 0.0343816 0.0792185 0.1446504 0.0776957 0.0814610 0.1137162 0.1207185 0.1305170 0.1706239 0.0636720 0.1736891 0.0899940 0.1211869 0.0878922 0.0953645 0.0518928 0.1266866 0.1701719 0.0465698 0.0544721 0.0713100 0.1301139 0.0897789 0.0948519 0.1086281 0.1151788 0.1344118 0.0959995 0.1099715 0.1006300 0.0496189 0.0948286 0.0836664 0.1010178 0.0517280 0.0414446 0.0520115 0.1187271 0.0411298 0.1074766 0.1132306 0.0991043 0.1510195 0.0429150 0.0676839 0.1384947 0.0767665 0.0912477 0.0452970 0.0795050 0.1046569 0.0852877 0.0524364 0.1248745 0.0425073 0.1010290 0.0418016 0.0454759 0.0887158 0.0882868 0.1063241 0.0689802 0.0642033 0.0674890 0.0817795 0.0533734 0.0680488 
S0417         0.2602902 0.1220088 0.1067806 0.0482741 0.1228142 0.1212407 0.1399280 0.0563392 0.1344079 0.1207361 0.1383808 0.0686346 0.1505904 0.1626948 0.0602392 0.1509536 0.0538118 0.1274394 0.1321377 0.1447101 0.1228212 0.1182438 0.1266605 0.0713231 0.1169275 0.0000000 0.1028719 0.1304855 0.0524820 0.1401959 0.0550760 0.1307713 0.1330435 0.1518415 0.1552428 0.0429278 0.1255078 0.1223955 0.0584375 0.0653753 0.1025876 0.1242987 0.1150840 0.1084128 0.1460559 0.1805854 0.1306455 0.1563900 0.1475932 0.1268126 0.1262675 0.1034823 0.1242988 0.1014260 0.0994080 0.1499049 0.1054894 0.0668117 0.1468464 0.0855102 0.0510237 0.1119822 0.0504272 0.1423515 0.1150543 0.1333699 0.1217808 0.1299799 0.1007641 0.1118074 0.1671822 0.1115680 0.1283639 0.1453658 0.1443821 0.1434378 0.1796319 0.1032166 0.1821198 0.0807143 0.1492301 0.1289562 0.1510272 0.1297527 0.1471705 0.1792288 0.1163311 0.1285242 0.1122735 0.0497027 0.0853554 0.0868610 0.1431170 0.0650376 0.0558689 0.1422114 0.1445390 0.1359037 0.1218514 0.1376001 0.1246604 0.1323880 0.1221510 0.1166849 0.1298429 0.1437128 0.1167252 0.0706553 0.1420668 0.1301226 0.0723908 0.1157983 0.1084606 0.0596365 0.1052876 0.0918478 0.1172527 0.1126465 0.1311171 0.1263912 0.1289565 0.0602641 0.1196907 0.0654404 0.1186847 0.1191387 0.1362250 0.1265993 0.0982529 0.1164767 0.1094721 0.1042398 0.1239603 0.1177130 0.1178259 
S0419         0.2104401 0.0697862 0.0116686 0.1167580 0.0664891 0.0733980 0.1026140 0.1179322 0.0833300 0.0728421 0.0880537 0.1244671 0.1108433 0.1224388 0.1185740 0.1103372 0.1103720 0.0709189 0.0701880 0.1072504 0.0677764 0.0679475 0.0698130 0.1354793 0.0643425 0.1028719 0.0000000 0.0738402 0.1061126 0.1010877 0.0869689 0.0767751 0.0856714 0.1040995 0.1143380 0.1052782 0.0743971 0.0698794 0.1223424 0.0961894 0.0986245 0.0681824 0.0643403 0.0365636 0.1094167 0.1700545 0.0840361 0.1173826 0.1338470 0.0759802 0.0814055 0.0066937 0.0726619 0.0039249 0.0063036 0.0985116 0.0317345 0.0940128 0.0944300 0.0770973 0.0893658 0.0537925 0.1194130 0.0915241 0.0728017 0.0953728 0.0781949 0.0806042 0.0614272 0.0417038 0.1404450 0.0700762 0.0826298 0.1016353 0.1114509 0.1148203 0.1714448 0.0050915 0.1759388 0.0827129 0.1133760 0.0680243 0.0962921 0.0791666 0.1048425 0.1728587 0.0671968 0.0768498 0.0633310 0.1085950 0.0814988 0.0874223 0.1069249 0.1010413 0.1255361 0.0913524 0.1077526 0.1013806 0.0711900 0.0888251 0.0719699 0.0826471 0.0737344 0.0643204 0.0771049 0.0981931 0.0670821 0.0965557 0.0945919 0.0814384 0.1429188 0.0587128 0.0090915 0.1220120 0.0409911 0.0858067 0.0686863 0.0436539 0.0914408 0.0699518 0.0763201 0.1172437 0.0661043 0.0949949 0.0660243 0.0634183 0.0786767 0.0730252 0.0975306 0.0628942 0.0539636 0.0279641 0.0678270 0.0644274 0.0551900 
S0427         0.2279740 0.0654681 0.0785128 0.1341281 0.1144091 0.0702675 0.1185329 0.1320491 0.1075686 0.0696579 0.0881171 0.1500489 0.1278194 0.1326915 0.1344279 0.1353128 0.1347332 0.0985259 0.0952812 0.1240701 0.0335181 0.0689098 0.0691280 0.1568919 0.0606976 0.1304855 0.0738402 0.0000000 0.1281403 0.1169874 0.1089342 0.1077993 0.0787832 0.1211037 0.1367945 0.1283691 0.0701888 0.0661747 0.1423430 0.1123626 0.1210037 0.0668858 0.0660033 0.0890544 0.1252401 0.1898748 0.0784045 0.1405360 0.1601835 0.0723571 0.1055993 0.0744653 0.0705543 0.0729560 0.0729798 0.1226267 0.0822965 0.1169965 0.1159294 0.0972521 0.1079026 0.0796786 0.1394789 0.1078223 0.0962362 0.1219744 0.1046793 0.1043949 0.0533955 0.0901518 0.1610792 0.0831842 0.0974692 0.1214370 0.1328086 0.1329768 0.1905184 0.0732126 0.1950160 0.1029040 0.1323131 0.0948516 0.1164891 0.0770000 0.1349921 0.1861353 0.0655549 0.0730306 0.0877147 0.1377006 0.1013922 0.1051439 0.1222488 0.1248418 0.1399488 0.1156610 0.1263804 0.1190083 0.0685839 0.1113500 0.0991538 0.1064934 0.0726404 0.0632208 0.0714273 0.1293727 0.0663814 0.1216660 0.1185941 0.1024160 0.1545947 0.0575664 0.0785106 0.1443766 0.0876403 0.1011348 0.0659390 0.0929206 0.1186894 0.0993718 0.0730511 0.1330137 0.0649133 0.1093621 0.0627521 0.0586577 0.1050626 0.0995523 0.1134322 0.0834855 0.0773666 0.0821844 0.0966893 0.0329629 0.0829690 
S0428sl       0.2605883 0.1173120 0.1118193 0.0604806 0.1259965 0.1271856 0.1344658 0.0659433 0.1374611 0.1253618 0.1431572 0.0692124 0.1435181 0.1648993 0.0705716 0.1422199 0.0628185 0.1303833 0.1289905 0.1373568 0.1188148 0.1227611 0.1285054 0.0750530 0.1228931 0.0524820 0.1061126 0.1281403 0.0000000 0.1375241 0.0563691 0.1322792 0.1348419 0.1513711 0.1466614 0.0464468 0.1286104 0.1265803 0.0626483 0.0579850 0.1028029 0.1230711 0.1213619 0.1164675 0.1386752 0.1822820 0.1275361 0.1485577 0.1545709 0.1274089 0.1273586 0.1066137 0.1297457 0.1044856 0.1035834 0.1475071 0.1113032 0.0630690 0.1353642 0.0864913 0.0496993 0.1135495 0.0630870 0.1356358 0.1167837 0.1373791 0.1193435 0.1307258 0.1066669 0.1130662 0.1720331 0.1119190 0.1198914 0.1435562 0.1443786 0.1478980 0.1863850 0.1075796 0.1839881 0.0880343 0.1512874 0.1314074 0.1441978 0.1308280 0.1470612 0.1847040 0.1212896 0.1269747 0.1172573 0.0520283 0.0884852 0.0901652 0.1354615 0.0574820 0.0634953 0.1395123 0.1380935 0.1327141 0.1267493 0.1302428 0.1274389 0.1310888 0.1259045 0.1183829 0.1278794 0.1486369 0.1201469 0.0739719 0.1457974 0.1304459 0.0806139 0.1126632 0.1135222 0.0622795 0.1074866 0.0943282 0.1206006 0.1132887 0.1403873 0.1265564 0.1271407 0.0684904 0.1217587 0.0615906 0.1177846 0.1222389 0.1335720 0.1312906 0.0990184 0.1185246 0.1104289 0.1047623 0.1240931 0.1148364 0.1181092 
