84
S0055       0.0000000 0.0934732 0.0499467 0.1002573 0.1222699 0.1514561 0.0563676 0.1227370 0.0952690 0.0720563 0.0500440 0.0758754 0.0831554 0.0942403 0.0930016 0.0885871 0.0653895 0.0934871 0.0429096 0.0379599 0.1006679 0.0941770 0.1414480 0.0819085 0.0822567 0.0756331 0.0450570 0.0987146 0.1088728 0.1234750 0.1119076 0.1177554 0.0721983 0.1090925 0.1123150 0.1116778 0.0922251 0.0867763 0.1233102 0.0833201 0.1135705 0.0663598 0.0451662 0.0644521 0.0946036 0.0844120 0.1171741 0.0979648 0.1115017 0.0654414 0.0880353 0.0548273 0.0605038 0.0610450 0.1382389 0.0535261 0.1200908 0.1139757 0.1238617 0.0648800 0.0872108 0.1296326 0.0876810 0.1020376 0.0451662 0.1061202 0.1119694 0.0654189 0.0873100 0.1105975 0.0813219 0.1150222 0.0701016 0.0610189 0.0946772 0.1114944 0.0958918 0.0925788 0.1117804 0.1097641 0.0990152 0.0659327 0.0721314 0.0885923 
S0278       0.0934732 0.0000000 0.0756538 0.0981566 0.0312533 0.1178961 0.0788313 0.0821297 0.0877712 0.0990111 0.0758109 0.0877425 0.0944570 0.1113774 0.0829554 0.0999721 0.0924940 0.0265494 0.0528016 0.0700988 0.0874426 0.0883038 0.1819040 0.0981734 0.0817014 0.0982483 0.0757614 0.1099015 0.0919009 0.0485291 0.0616161 0.0953781 0.1011532 0.0988744 0.0988156 0.0811318 0.0759355 0.0707089 0.1068369 0.0786053 0.0870334 0.0927947 0.0705437 0.0860331 0.0314632 0.0368174 0.0411021 0.0129802 0.0820498 0.0925800 0.0707061 0.0809005 0.0873205 0.1135558 0.1061904 0.0581485 0.0890008 0.0888259 0.0510826 0.0919038 0.0866637 0.0369430 0.0923973 0.0569417 0.0705437 0.0929511 0.0980102 0.0658507 0.0985097 0.0409652 0.1097506 0.0264670 0.0922326 0.0705704 0.0767941 0.1047720 0.0417070 0.0986338 0.0717621 0.1065295 0.0765489 0.0605191 0.1047692 0.0510486 
S0282       0.0499467 0.0756538 0.0000000 0.0829614 0.0905305 0.1216286 0.0093649 0.1030838 0.0557607 0.0450509 0.0084015 0.0305803 0.0707566 0.0650169 0.0752869 0.0558486 0.0494652 0.0756587 0.0088674 0.0044685 0.0706517 0.0814881 0.1103049 0.0648786 0.0751686 0.0395706 0.0083966 0.0909982 0.0850530 0.0604086 0.0779013 0.1037354 0.0631921 0.0854994 0.0760061 0.0917390 0.0746833 0.0695490 0.1035487 0.0454871 0.1071537 0.0598617 0.0041722 0.0300254 0.0817316 0.0615966 0.0857556 0.0800503 0.0924553 0.0215464 0.0499413 0.0126547 0.0171649 0.0873041 0.1157759 0.0325613 0.0986468 0.0875500 0.0916311 0.0346884 0.0590544 0.0945201 0.0691426 0.0832430 0.0041722 0.0911624 0.0861062 0.0304396 0.0495599 0.0917290 0.0352505 0.0842918 0.0302605 0.0307584 0.0604549 0.0815711 0.0775291 0.0699480 0.0872223 0.0974821 0.0695554 0.0306552 0.0404542 0.0549640 
S0288       0.1002573 0.0981566 0.0829614 0.0000000 0.1319077 0.1259311 0.0833695 0.1087206 0.1155085 0.0920920 0.0758848 0.1147535 0.1249124 0.1158699 0.1066449 0.0927738 0.0979059 0.1148144 0.0658850 0.0753067 0.1166949 0.0172581 0.1422614 0.1215840 0.0172166 0.1063396 0.0901674 0.1296586 0.1130694 0.0735771 0.0843945 0.1236117 0.0894976 0.1047055 0.1284991 0.1148076 0.1131877 0.1055582 0.1128542 0.0868050 0.1206029 0.1152523 0.0829614 0.0966958 0.1082447 0.0806991 0.1165570 0.1137547 0.1255918 0.1138242 0.0994075 0.0832319 0.1064943 0.1361043 0.1529185 0.0796469 0.1169325 0.1089323 0.1310716 0.1048208 0.0850482 0.1206068 0.1008528 0.0879084 0.0829614 0.1354267 0.1294292 0.0834303 0.1148220 0.1240539 0.1305406 0.1136945 0.0978783 0.0840053 0.1087460 0.1424202 0.0726033 0.1050270 0.1005098 0.1306951 0.1074649 0.0836026 0.0833475 0.0858357 
S0289       0.1222699 0.0312533 0.0905305 0.1319077 0.0000000 0.1227681 0.0903139 0.1155244 0.1031978 0.1037458 0.0907225 0.1085727 0.1121520 0.1275886 0.1111488 0.1178875 0.1209378 0.0502719 0.0524510 0.0921501 0.0816034 0.1168406 0.2045585 0.1270647 0.1094200 0.1138771 0.0906632 0.1222705 0.1314389 0.0600852 0.0902238 0.1248761 0.1108796 0.1279845 0.1035395 0.1157854 0.0923587 0.0858616 0.1371296 0.0994778 0.1263650 0.1213581 0.0853049 0.1011406 0.0355278 0.0618633 0.0544230 0.0353458 0.1210958 0.1080429 0.0752625 0.0959134 0.1026776 0.1379028 0.1223569 0.0799080 0.1104041 0.0935662 0.0541918 0.1072391 0.0912889 0.0240375 0.0914342 0.0834788 0.0853049 0.0976392 0.1135967 0.0805784 0.1141817 0.0449639 0.1256926 0.0493447 0.1076228 0.0751192 0.0814215 0.1206861 0.0569442 0.1162780 0.0989973 0.1227338 0.0700890 0.0750607 0.1206860 0.0654662 
S0292       0.1514561 0.1178961 0.1216286 0.1259311 0.1227681 0.0000000 0.1257270 0.1505403 0.1227463 0.1114351 0.1100700 0.1483118 0.1802942 0.1426680 0.1248206 0.1510280 0.1436729 0.1173289 0.0861496 0.1009923 0.1197357 0.1375083 0.2141467 0.1573323 0.1374024 0.1361136 0.1218270 0.1495228 0.1826548 0.0947155 0.1115376 0.1375555 0.1290850 0.1370157 0.1190582 0.1539405 0.1243512 0.1299501 0.1577623 0.1208473 0.1983195 0.1565391 0.1159066 0.1275438 0.1121734 0.0965413 0.1063180 0.1224561 0.1585253 0.1412985 0.1036778 0.1220388 0.1354377 0.1542984 0.0781431 0.0994233 0.0451489 0.0264920 0.1469170 0.1211716 0.1302612 0.1283239 0.1250735 0.1208298 0.1159066 0.1186402 0.0699648 0.1108869 0.1362071 0.1429664 0.1548197 0.1154752 0.1225843 0.1291026 0.1106751 0.1491983 0.1084967 0.1427307 0.1273382 0.1456389 0.1177381 0.0925423 0.1354316 0.1063256 
S0293       0.0563676 0.0788313 0.0093649 0.0833695 0.0903139 0.1257270 0.0000000 0.1051401 0.0625498 0.0561433 0.0141553 0.0343485 0.0802399 0.0792293 0.0795316 0.0744878 0.0611106 0.0916397 0.0150414 0.0101171 0.0799079 0.0866240 0.1265699 0.0734042 0.0793906 0.0443680 0.0141459 0.0971256 0.1023233 0.0497581 0.0794532 0.1120245 0.0654713 0.0910932 0.0922410 0.0986588 0.0788136 0.0670014 0.1047157 0.0406374 0.1281787 0.0566487 0.0093649 0.0386341 0.0804934 0.0641284 0.0914061 0.0786497 0.0991214 0.0291311 0.0509339 0.0189609 0.0241623 0.0934940 0.1258944 0.0311399 0.0997765 0.0873083 0.1034352 0.0439956 0.0667293 0.0868924 0.0782703 0.0819903 0.0093649 0.1037314 0.1037757 0.0291203 0.0503004 0.0916493 0.0447972 0.0896464 0.0338401 0.0396988 0.0627897 0.0806755 0.0822120 0.0667294 0.0931748 0.0979297 0.0724156 0.0293505 0.0509116 0.0565853 
S0308       0.1227370 0.0821297 0.1030838 0.1087206 0.1155244 0.1505403 0.1051401 0.0000000 0.1300546 0.1286686 0.1033114 0.1046214 0.1361101 0.1422240 0.1115695 0.1225530 0.1101681 0.0980267 0.0859506 0.0932254 0.1179691 0.0936229 0.1539971 0.1331268 0.0868801 0.1162824 0.1032423 0.1352946 0.0903939 0.1375611 0.0982648 0.1112632 0.1102503 0.1170088 0.1365037 0.0917670 0.0857154 0.0978700 0.1223443 0.0895188 0.1016544 0.1102494 0.0976384 0.1141404 0.0817228 0.0849296 0.0822706 0.0918025 0.1105629 0.1215257 0.1104364 0.1087107 0.1159402 0.1437108 0.1522920 0.0808522 0.1388946 0.1261343 0.1284742 0.1205845 0.0926946 0.1196025 0.1156566 0.0965899 0.0976384 0.1355679 0.1172551 0.0927749 0.1279986 0.1040975 0.1400275 0.0912405 0.1210276 0.0976673 0.1116713 0.1286840 0.0964920 0.1167186 0.0889596 0.1491788 0.1045532 0.0869720 0.1348803 0.0879573 
S0335       0.0952690 0.0877712 0.0557607 0.1155085 0.1031978 0.1227463 0.0625498 0.1300546 0.0000000 0.0562777 0.0558724 0.0770724 0.1022499 0.0826887 0.0873326 0.1073755 0.0942512 0.0877820 0.0230200 0.0548338 0.0943622 0.1122507 0.2040555 0.0947272 0.1048971 0.0717116 0.0558362 0.1037516 0.1287236 0.0383995 0.0968068 0.1172981 0.0788516 0.1102013 0.1114011 0.0987174 0.0983793 0.0928205 0.1170727 0.0734440 0.1418081 0.0878982 0.0508379 0.0657639 0.0942512 0.0670988 0.0982792 0.0922471 0.1051182 0.0664540 0.0216414 0.0607938 0.0614339 0.1400699 0.1095033 0.0281198 0.0995490 0.0883483 0.0870199 0.0712971 0.0931967 0.1111478 0.1046154 0.0890334 0.0508379 0.1164625 0.0868788 0.0560112 0.0720049 0.0989709 0.0882260 0.0965450 0.0715508 0.0716210 0.0408242 0.0833196 0.0779022 0.1171811 0.1129368 0.1035275 0.0985450 0.0508160 0.0614281 0.0774512 
S0376       0.0720563 0.0990111 0.0450509 0.0920920 0.1037458 0.1114351 0.0561433 0.1286686 0.0562777 0.0000000 0.0356141 0.0705725 0.1060853 0.0310709 0.0985072 0.0950658 0.0602617 0.0990270 0.0277932 0.0434036 0.0829164 0.0997611 0.1703526 0.0991427 0.0876378 0.0703487 0.0451092 0.1095167 0.1215886 0.0838786 0.0776661 0.1236656 0.0792432 0.1220961 0.1104828 0.1041165 0.0988983 0.1041642 0.1292722 0.0726814 0.1281437 0.0818887 0.0403306 0.0593845 0.1057922 0.0899487 0.1097711 0.1035039 0.1111351 0.0602880 0.0603990 0.0498654 0.0554081 0.1132882 0.1042269 0.0481557 0.0995928 0.0777751 0.1037426 0.0646926 0.0922394 0.1287214 0.0810930 0.0952544 0.0403306 0.1044044 0.0869133 0.0554496 0.0706318 0.1163598 0.0708077 0.1077992 0.0649177 0.0658347 0.0714113 0.1055724 0.1015906 0.1159488 0.0879709 0.1107237 0.0975321 0.0503093 0.0356285 0.0554201 
S0400       0.0500440 0.0758109 0.0084015 0.0758848 0.0907225 0.1100700 0.0141553 0.1033114 0.0558724 0.0356141 0.0000000 0.0306365 0.0709025 0.0550576 0.0754425 0.0659282 0.0495606 0.0758158 0.0088836 0.0044766 0.0707971 0.0816604 0.1299864 0.0650093 0.0753236 0.0396445 0.0084109 0.0911922 0.0852310 0.0604086 0.0721672 0.0984920 0.0633656 0.0856792 0.0865397 0.0919472 0.0748362 0.0696899 0.1037794 0.0455755 0.1073893 0.0599810 0.0041792 0.0300798 0.0819051 0.0617232 0.0859367 0.0802165 0.0926557 0.0215851 0.0500386 0.0126765 0.0171954 0.0874930 0.1043632 0.0326251 0.0876620 0.0768505 0.0918280 0.0347515 0.0591705 0.1023518 0.0692818 0.0834232 0.0041792 0.0913572 0.0756007 0.0304952 0.0496556 0.0919263 0.0353161 0.0844665 0.0303164 0.0308152 0.0605767 0.0817438 0.0776944 0.0802108 0.0765724 0.0866461 0.0696962 0.0307117 0.0500188 0.0452548 
S0405       0.0758754 0.0877425 0.0305803 0.1147535 0.1085727 0.1483118 0.0343485 0.1046214 0.0770724 0.0705725 0.0306365 0.0000000 0.0879173 0.0817186 0.1033223 0.0881645 0.0751097 0.0930423 0.0324006 0.0230342 0.0985103 0.1049763 0.1509126 0.0815250 0.0979139 0.0642183 0.0306177 0.1202813 0.1026345 0.0975277 0.1092522 0.1285231 0.0775418 0.1142525 0.1154919 0.1168131 0.0968378 0.0969157 0.1227084 0.0562742 0.1148074 0.0813880 0.0260750 0.0536459 0.0940144 0.0892463 0.0983604 0.0975030 0.1222796 0.0169664 0.0705402 0.0351614 0.0126726 0.1113265 0.1358312 0.0530983 0.1292299 0.1165824 0.1099416 0.0587742 0.0800589 0.1130161 0.0963376 0.1068578 0.0260750 0.1093635 0.1036232 0.0544243 0.0752672 0.1100653 0.0597590 0.0966223 0.0540902 0.0550113 0.0870768 0.1104815 0.1065553 0.1083130 0.1166901 0.1162119 0.0863793 0.0548346 0.0758472 0.0813710 
S0412sl     0.0831554 0.0944570 0.0707566 0.1249124 0.1121520 0.1802942 0.0802399 0.1361101 0.1022499 0.1060853 0.0709025 0.0879173 0.0000000 0.1188743 0.0932142 0.0665170 0.0928821 0.0944711 0.0431132 0.0649289 0.1136818 0.1238644 0.1849467 0.0455961 0.1161865 0.0878246 0.0708563 0.1114381 0.1333537 0.0965154 0.1398195 0.1184208 0.0712148 0.1026005 0.1318091 0.1250570 0.0986375 0.0988961 0.1310210 0.0942330 0.1405935 0.0769737 0.0656838 0.0759692 0.1069697 0.1020906 0.1175402 0.0989916 0.1309811 0.0874940 0.0838849 0.0759595 0.0822685 0.1071745 0.1666420 0.0537173 0.1302759 0.1460684 0.1252324 0.0816816 0.0994078 0.1233124 0.1110702 0.1203814 0.0656838 0.1252201 0.1433762 0.0816984 0.1002003 0.1052000 0.0992071 0.1050834 0.0819736 0.0720087 0.0841112 0.1322868 0.1027308 0.1049451 0.1045483 0.1389390 0.1005906 0.0823671 0.1008022 0.0993213 
S0427       0.0942403 0.1113774 0.0650169 0.1158699 0.1275886 0.1426680 0.0792293 0.1422240 0.0826887 0.0310709 0.0550576 0.0817186 0.1188743 0.0000000 0.1278737 0.1136244 0.0920236 0.0989950 0.0526781 0.0647589 0.1115607 0.1181416 0.2075308 0.1003659 0.1052247 0.0804887 0.0651063 0.1324331 0.1412089 0.0942642 0.0954538 0.1351417 0.1020273 0.1414870 0.1161273 0.1091457 0.1341796 0.1281200 0.1549201 0.0831760 0.1426010 0.1044427 0.0600484 0.0800662 0.1185420 0.0962199 0.1169735 0.1105010 0.1300841 0.0813309 0.0867007 0.0701064 0.0762089 0.1326849 0.1027702 0.0694431 0.1293804 0.1116982 0.1219002 0.0857848 0.1099202 0.1563332 0.0981454 0.1016113 0.0600484 0.1114821 0.1152756 0.0762646 0.0976783 0.1294061 0.0979544 0.1148274 0.0860885 0.0820690 0.0987734 0.1225044 0.1081200 0.1406809 0.0986888 0.1235759 0.0984265 0.0707563 0.0599532 0.0712161 
S0552sl     0.0930016 0.0829554 0.0752869 0.1066449 0.1111488 0.1248206 0.0795316 0.1115695 0.0873326 0.0985072 0.0754425 0.1033223 0.0932142 0.1278737 0.0000000 0.0994525 0.0815399 0.0815820 0.0425622 0.0643907 0.0842894 0.1109335 0.1640628 0.1018760 0.1036881 0.0925618 0.0753935 0.0603223 0.0981725 0.0818993 0.0860548 0.0515679 0.0366801 0.0407431 0.1127391 0.0867956 0.0410589 0.0362492 0.0514954 0.0823442 0.1157017 0.0977028 0.0702036 0.0755329 0.1002965 0.0898446 0.0950195 0.0874582 0.0829934 0.0921168 0.0603970 0.0805054 0.0868859 0.0946188 0.1311509 0.0425257 0.0946432 0.1012713 0.1053875 0.0863568 0.0822399 0.1124273 0.0933334 0.1134538 0.0702036 0.1178574 0.1105914 0.0704432 0.0820650 0.0833415 0.1038846 0.1041655 0.0866642 0.0661661 0.0662152 0.1245635 0.0903916 0.0716805 0.0885895 0.1171062 0.0871845 0.0710018 0.1042316 0.0887538 
S0558       0.0885871 0.0999721 0.0558486 0.0927738 0.1178875 0.1510280 0.0744878 0.1225530 0.1073755 0.0950658 0.0659282 0.0881645 0.0665170 0.1136244 0.0994525 0.0000000 0.0718564 0.0999887 0.0431437 0.0597000 0.0840748 0.0947677 0.1236519 0.0811686 0.0879260 0.0824376 0.0658853 0.1110655 0.1045340 0.1093771 0.1323219 0.1178175 0.0721853 0.0980647 0.1022248 0.1060985 0.0986101 0.0930386 0.1159407 0.0896272 0.1169686 0.0999286 0.0607656 0.0757597 0.1126764 0.0908286 0.1058950 0.1045015 0.1184714 0.0823172 0.0888399 0.0709452 0.0771337 0.1185012 0.1598797 0.0647129 0.1457138 0.1391771 0.1311586 0.0814552 0.0828384 0.1302071 0.0940256 0.1027003 0.0607656 0.1132213 0.1366406 0.0651731 0.0999186 0.1120087 0.0767208 0.1052933 0.0764308 0.0613913 0.0945489 0.1313784 0.0913879 0.0936034 0.1112781 0.1384399 0.0893390 0.0767764 0.0953829 0.0934343 
S0641       0.0653895 0.0924940 0.0494652 0.0979059 0.1209378 0.1436729 0.0611106 0.1101681 0.0942512 0.0602617 0.0495606 0.0751097 0.0928821 0.0920236 0.0815399 0.0718564 0.0000000 0.0925058 0.0374745 0.0377778 0.0875746 0.0879815 0.1546646 0.0914926 0.0814090 0.0748726 0.0495295 0.0866301 0.0969745 0.0815441 0.1028717 0.1108811 0.0648131 0.0971705 0.1041189 0.0921202 0.0808731 0.0756018 0.1052829 0.0824517 0.1027982 0.0758156 0.0447332 0.0638216 0.0990472 0.0835201 0.1047634 0.0969423 0.1034877 0.0647913 0.0871177 0.0542953 0.0599056 0.0939895 0.1237233 0.0478900 0.1130380 0.1070747 0.1224944 0.0691660 0.0863111 0.1022286 0.0856586 0.0887199 0.0447332 0.1090742 0.1052202 0.0647693 0.0864089 0.1094099 0.0603808 0.1137934 0.0595804 0.0604107 0.0936723 0.1169505 0.0948607 0.0863933 0.0875037 0.1290367 0.0979692 0.0652726 0.0756823 0.0761662 
S0645sl     0.0934871 0.0265494 0.0756587 0.1148144 0.0502719 0.1173289 0.0916397 0.0980267 0.0877820 0.0990270 0.0758158 0.0930423 0.0944711 0.0989950 0.0815820 0.0999887 0.0925058 0.0000000 0.0528007 0.0701021 0.0929237 0.0991155 0.1906184 0.0981892 0.0922281 0.0982643 0.0757663 0.1099248 0.1025908 0.0486369 0.0733175 0.1301145 0.1020997 0.1210563 0.1041248 0.0964373 0.0967938 0.0913348 0.1298502 0.0947206 0.1090385 0.0928078 0.0705469 0.0860421 0.0408406 0.0413880 0.0605266 0.0308595 0.1033927 0.0925919 0.0809205 0.0809073 0.0873299 0.1191595 0.1102404 0.0632787 0.0999157 0.0997120 0.0609631 0.0919155 0.0917921 0.0507535 0.0975964 0.0616338 0.0705469 0.0981863 0.0980249 0.0760010 0.1041425 0.0603228 0.1097736 0.0449504 0.0922444 0.0655405 0.0872536 0.1159256 0.0513620 0.1096015 0.0821390 0.1178950 0.0818781 0.0705171 0.1047886 0.0609192 
S0689       0.0429096 0.0528016 0.0088674 0.0658850 0.0524510 0.0861496 0.0150414 0.0859506 0.0230200 0.0277932 0.0088836 0.0324006 0.0431132 0.0526781 0.0425622 0.0431437 0.0374745 0.0528007 0.0000000 0.0047423 0.0381134 0.0639709 0.1190086 0.0528555 0.0578416 0.0322983 0.0088780 0.0577695 0.0732216 0.0403775 0.0584176 0.0695426 0.0254871 0.0574973 0.0585095 0.0670211 0.0424911 0.0423833 0.0694311 0.0331090 0.0963926 0.0478504 0.0044100 0.0224809 0.0585824 0.0382137 0.0628822 0.0573640 0.0690446 0.0228129 0.0089107 0.0133828 0.0181702 0.0817615 0.0859580 0.0141323 0.0693383 0.0534734 0.0577962 0.0272845 0.0373677 0.0756046 0.0474225 0.0595313 0.0044100 0.0581100 0.0576375 0.0180532 0.0374644 0.0530857 0.0373658 0.0617991 0.0225230 0.0089386 0.0135184 0.0529483 0.0438314 0.0581810 0.0693510 0.0742587 0.0423735 0.0180727 0.0375073 0.0374065 
S0690       0.0379599 0.0700988 0.0044685 0.0753067 0.0921501 0.1009923 0.0101171 0.0932254 0.0548338 0.0434036 0.0044766 0.0230342 0.0649289 0.0647589 0.0643907 0.0597000 0.0377778 0.0701021 0.0047423 0.0000000 0.0708019 0.0644303 0.1197008 0.0429004 0.0639248 0.0375910 0.0044738 0.0807374 0.0800516 0.0578765 0.0848110 0.0938424 0.0564597 0.0750431 0.0821344 0.0867494 0.0638485 0.0585204 0.0936706 0.0431678 0.1033270 0.0535549 0.0000010 0.0274607 0.0764397 0.0551982 0.0814334 0.0747771 0.0877452 0.0136218 0.0486265 0.0089926 0.0090408 0.0767130 0.1074313 0.0195715 0.0893530 0.0832529 0.0933540 0.0324087 0.0529258 0.0961259 0.0639478 0.0779403 0.0000010 0.0872759 0.0762308 0.0278647 0.0482291 0.0870128 0.0329703 0.0854299 0.0276898 0.0281769 0.0598671 0.0764807 0.0719396 0.0693917 0.0766306 0.0996664 0.0696244 0.0231593 0.0486058 0.0539942 
S0720       0.1006679 0.0874426 0.0706517 0.1166949 0.0816034 0.1197357 0.0799079 0.1179691 0.0943622 0.0829164 0.0707971 0.0985103 0.1136818 0.1115607 0.0842894 0.0840748 0.0875746 0.0929237 0.0381134 0.0708019 0.0000000 0.1133808 0.1466623 0.1225477 0.1059262 0.0877786 0.0707510 0.1013672 0.0989346 0.0724387 0.0971236 0.1092018 0.0726432 0.0784078 0.0504097 0.0934986 0.0668193 0.0718071 0.1145868 0.0838341 0.1166124 0.1124638 0.0655871 0.0809397 0.0938921 0.0739375 0.0872502 0.0919034 0.0876448 0.0873605 0.0714963 0.0758460 0.0821437 0.1254527 0.1118143 0.0700040 0.1188882 0.0958031 0.1097751 0.0867264 0.0454723 0.1102044 0.0451540 0.0845214 0.0655871 0.0550049 0.1048267 0.0599643 0.0865835 0.0933487 0.0977035 0.0857357 0.0870362 0.0556967 0.0776717 0.1114641 0.0743783 0.1002379 0.1001911 0.1313415 0.0506001 0.0713003 0.0880529 0.0711885 
S0724sl     0.0941770 0.0883038 0.0814881 0.0172581 0.1168406 0.1375083 0.0866240 0.0936229 0.1122507 0.0997611 0.0816604 0.1049763 0.1238644 0.1181416 0.1109335 0.0947677 0.0879815 0.0991155 0.0639709 0.0644303 0.1133808 0.0000000 0.1316100 0.1099226 0.0085063 0.0989818 0.0816066 0.1345049 0.0923958 0.0869746 0.1121112 0.1296515 0.0792152 0.1091539 0.1261841 0.0926288 0.1099801 0.1042569 0.1163187 0.0784557 0.1096237 0.0990625 0.0762788 0.0917705 0.0883088 0.0686115 0.0884874 0.0928065 0.1069643 0.0988300 0.0935908 0.0816005 0.0934712 0.1325706 0.1459055 0.0695581 0.1322736 0.1259740 0.1177572 0.0977753 0.0881997 0.1219441 0.1000195 0.0797718 0.0762788 0.1253144 0.1354128 0.0766809 0.1114679 0.1052671 0.1052088 0.0869282 0.0874444 0.0821675 0.1003820 0.1245543 0.0796924 0.1160531 0.0884639 0.1288564 0.1114813 0.0651409 0.0986327 0.0834309 
S0735       0.1414480 0.1819040 0.1103049 0.1422614 0.2045585 0.2141467 0.1265699 0.1539971 0.2040555 0.1703526 0.1299864 0.1509126 0.1849467 0.2075308 0.1640628 0.1236519 0.1546646 0.1906184 0.1190086 0.1197008 0.1466623 0.1316100 0.0000000 0.1480642 0.1316100 0.1221694 0.1197008 0.1889175 0.1335052 0.2971972 0.2115024 0.1663788 0.1759676 0.1514539 0.1683181 0.1519560 0.1414334 0.1637751 0.2030299 0.1385777 0.1678581 0.1625711 0.1197008 0.1389145 0.2073191 0.1569328 0.1821220 0.1897771 0.1232422 0.1397186 0.2012696 0.1292321 0.1299864 0.2017154 0.2097751 0.1269944 0.2491398 0.2251872 0.1704258 0.1292439 0.1292321 0.2930271 0.1640578 0.1809869 0.1197008 0.1657422 0.2196201 0.1391563 0.1202182 0.2065562 0.0991140 0.1781380 0.1412534 0.1312707 0.1916213 0.2006923 0.1925482 0.1544889 0.1801714 0.1783773 0.1643550 0.1408563 0.1783456 0.1790349 
S0742       0.0819085 0.0981734 0.0648786 0.1215840 0.1270647 0.1573323 0.0734042 0.1331268 0.0947272 0.0991427 0.0650093 0.0815250 0.0455961 0.1003659 0.1018760 0.0811686 0.0914926 0.0981892 0.0528555 0.0429004 0.1225477 0.1099226 0.1480642 0.0000000 0.1027651 0.0812621 0.0649675 0.1201698 0.1304885 0.1200085 0.1364214 0.1340188 0.0627849 0.1126286 0.1288958 0.1222112 0.1072860 0.1075653 0.1397990 0.0756773 0.1375295 0.0758371 0.0599242 0.0698109 0.1106118 0.1003128 0.1279113 0.1026335 0.1281067 0.0811396 0.0875467 0.0699528 0.0760342 0.1055061 0.1503397 0.0477419 0.1351837 0.1368429 0.1287154 0.0753387 0.0961463 0.1448751 0.1087113 0.1122742 0.0599242 0.1224779 0.1401909 0.0750905 0.0932180 0.1211746 0.0925193 0.1197441 0.0756037 0.0754686 0.0997556 0.1237531 0.1121603 0.1192211 0.1149928 0.1358311 0.1093871 0.0756875 0.0939717 0.0988639 
S0748       0.0822567 0.0817014 0.0751686 0.0172166 0.1094200 0.1374024 0.0793906 0.0868801 0.1048971 0.0876378 0.0753236 0.0979139 0.1161865 0.1052247 0.1036881 0.0879260 0.0814090 0.0922281 0.0578416 0.0639248 0.1059262 0.0085063 0.1316100 0.1027651 0.0000000 0.0921046 0.0752747 0.1265807 0.0857699 0.0727513 0.1040509 0.1218094 0.0792152 0.1020602 0.1183076 0.0856259 0.1028148 0.0972526 0.1089459 0.0720572 0.1024878 0.0921798 0.0700938 0.0852005 0.0817034 0.0624093 0.0818670 0.0861430 0.0997258 0.0919679 0.0868579 0.0752714 0.0867457 0.1188939 0.1373841 0.0632575 0.1242092 0.1181130 0.1102627 0.0910068 0.0816043 0.1114117 0.0878532 0.0732345 0.0700938 0.1120062 0.1274193 0.0704553 0.1041732 0.0981750 0.0981284 0.0804568 0.0809209 0.0757800 0.0933875 0.1168150 0.0731631 0.1086967 0.0818456 0.1210805 0.1041851 0.0650852 0.0984565 0.0769221 
S0756       0.0756331 0.0982483 0.0395706 0.1063396 0.1138771 0.1361136 0.0443680 0.1162824 0.0717116 0.0703487 0.0396445 0.0642183 0.0878246 0.0804887 0.0925618 0.0824376 0.0748726 0.0982643 0.0322983 0.0375910 0.0877786 0.0989818 0.1221694 0.0812621 0.0921046 0.0000000 0.0396201 0.1022261 0.1027799 0.0716855 0.1027346 0.1155237 0.0859821 0.0980436 0.1043784 0.1110949 0.0969379 0.0914677 0.1282412 0.0505061 0.1203610 0.0810123 0.0349911 0.0259973 0.1049649 0.0840022 0.1036181 0.1027110 0.0942589 0.0542749 0.0706709 0.0442355 0.0495398 0.1109531 0.1279947 0.0479400 0.1176545 0.1113090 0.1153179 0.0306652 0.0751779 0.1359904 0.0858527 0.1011869 0.0349911 0.1093505 0.1093947 0.0495766 0.0359314 0.1154485 0.0499276 0.1017803 0.0307689 0.0546610 0.0820934 0.0922790 0.0954177 0.1027070 0.0932892 0.1104033 0.0756824 0.0499471 0.0756050 0.0760828 
S0763       0.0450570 0.0757614 0.0083966 0.0901674 0.0906632 0.1218270 0.0141459 0.1032423 0.0558362 0.0451092 0.0084109 0.0306177 0.0708563 0.0651063 0.0753935 0.0658853 0.0495295 0.0757663 0.0088780 0.0044738 0.0707510 0.0816066 0.1197008 0.0649675 0.0752747 0.0396201 0.0000000 0.0911324 0.0851757 0.0715184 0.0837209 0.1038962 0.0633100 0.0856233 0.0864826 0.0918830 0.0747880 0.0696452 0.1037097 0.0455465 0.1073182 0.0599427 0.0041768 0.0300616 0.0818509 0.0616826 0.0858805 0.0801645 0.0925940 0.0215720 0.0500069 0.0126690 0.0171850 0.0818035 0.1042926 0.0326038 0.0987984 0.0876806 0.0917673 0.0347305 0.0591331 0.1022568 0.0692376 0.0833670 0.0041768 0.0912971 0.0862321 0.0304766 0.0496244 0.0918655 0.0352943 0.0844121 0.0302980 0.0307962 0.0605376 0.0816899 0.0776425 0.0801588 0.0873527 0.0918756 0.0696515 0.0306928 0.0499872 0.0550374 
S0771       0.0987146 0.1099015 0.0909982 0.1296586 0.1222705 0.1495228 0.0971256 0.1352946 0.1037516 0.1095167 0.0911922 0.1202813 0.1114381 0.1324331 0.0603223 0.1110655 0.0866301 0.1099248 0.0577695 0.0807374 0.1013672 0.1345049 0.1889175 0.1201698 0.1265807 0.1022261 0.0911324 0.0000000 0.1207890 0.1056610 0.1228180 0.0762192 0.0639626 0.0813823 0.1246766 0.1224346 0.0757423 0.0654929 0.0875148 0.1040583 0.1270645 0.1102633 0.0857422 0.1016712 0.1112519 0.1008617 0.1174093 0.1088337 0.1099513 0.1086232 0.0859338 0.0964135 0.1032252 0.1310863 0.1351101 0.0580841 0.1242027 0.1181055 0.1163879 0.1078103 0.0985291 0.1033500 0.1045168 0.1250857 0.0857422 0.1298604 0.1160427 0.0965438 0.1092279 0.1109331 0.1263889 0.1265210 0.1081981 0.0817884 0.0923786 0.1529529 0.0944647 0.0983002 0.1048555 0.1339596 0.0873182 0.0857065 0.1101269 0.1049641 
S0888       0.1088728 0.0919009 0.0850530 0.1130694 0.1314389 0.1826548 0.1023233 0.0903939 0.1287236 0.1215886 0.0852310 0.1026345 0.1333537 0.1412089 0.0981725 0.1045340 0.0969745 0.1025908 0.0732216 0.0800516 0.0989346 0.0923958 0.1335052 0.1304885 0.0857699 0.1027799 0.0851757 0.1207890 0.0000000 0.1052967 0.1158168 0.1234789 0.1325777 0.1033978 0.1218431 0.0911734 0.0800018 0.0853459 0.1158121 0.0980557 0.0309353 0.1205970 0.0798972 0.1009471 0.1025850 0.0826983 0.0920892 0.0858527 0.0863305 0.1022554 0.1204667 0.0903573 0.0969580 0.1539829 0.1826123 0.0964578 0.1619520 0.1486847 0.1098723 0.1070297 0.0748164 0.1314801 0.1074662 0.0956134 0.0798972 0.1324288 0.1280945 0.0958605 0.1196894 0.1086913 0.1085858 0.0904891 0.0951437 0.0791397 0.1159632 0.1450708 0.1066607 0.1252410 0.1155843 0.1662418 0.1025765 0.0966516 0.1335047 0.0977380 
S0894       0.1234750 0.0485291 0.0604086 0.0735771 0.0600852 0.0947155 0.0497581 0.1375611 0.0383995 0.0838786 0.0604086 0.0975277 0.0965154 0.0942642 0.0818993 0.1093771 0.0815441 0.0486369 0.0403775 0.0578765 0.0724387 0.0869746 0.2971972 0.1200085 0.0727513 0.0716855 0.0715184 0.1056610 0.1052967 0.0000000 0.0608531 0.1503919 0.0871999 0.0936899 0.0848793 0.0894796 0.1075977 0.0823769 0.1353211 0.0402043 0.1316808 0.0711771 0.0604086 0.0605511 0.0388837 0.0000010 0.0713583 0.0485291 0.1093023 0.0962641 0.0390250 0.0716194 0.0847445 0.1258432 0.0912549 0.0296046 0.0488667 0.0495804 0.0930787 0.0836082 0.0854922 0.0385785 0.0838692 0.0278797 0.0604086 0.1214094 0.1047123 0.0608531 0.0988028 0.0591439 0.0971099 0.0811716 0.0605511 0.0718324 0.0615102 0.0980885 0.0000010 0.0823120 0.0720107 0.1342449 0.0841813 0.0610377 0.0724780 0.0395541 
S0906       0.1119076 0.0616161 0.0779013 0.0843945 0.0902238 0.1115376 0.0794532 0.0982648 0.0968068 0.0776661 0.0721672 0.1092522 0.1398195 0.0954538 0.0860548 0.1323219 0.1028717 0.0733175 0.0584176 0.0848110 0.0971236 0.1121112 0.2115024 0.1364214 0.1040509 0.1027346 0.0837209 0.1228180 0.1158168 0.0608531 0.0000000 0.1264407 0.1251280 0.1243763 0.1038218 0.0975193 0.0971728 0.0910866 0.1251115 0.0872011 0.1360301 0.1109894 0.0779013 0.0951534 0.0804188 0.0763299 0.0735006 0.0673826 0.1111068 0.1026094 0.0840579 0.0894434 0.0967382 0.1423339 0.1100662 0.0765995 0.0990630 0.0867064 0.0965754 0.1017737 0.0959264 0.0798236 0.0893353 0.0813775 0.0779013 0.1154304 0.0846824 0.0727211 0.0958091 0.0861283 0.1219238 0.0721253 0.1021749 0.0779315 0.0911196 0.1245200 0.0888051 0.1034796 0.0679776 0.0985696 0.0831903 0.0667654 0.0839472 0.0344549 
S0959       0.1177554 0.0953781 0.1037354 0.1236117 0.1248761 0.1375555 0.1120245 0.1112632 0.1172981 0.1236656 0.0984920 0.1285231 0.1184208 0.1351417 0.0515679 0.1178175 0.1108811 0.1301145 0.0695426 0.0938424 0.1092018 0.1296515 0.1663788 0.1340188 0.1218094 0.1155237 0.1038962 0.0762192 0.1234789 0.1503919 0.1264407 0.0000000 0.0571921 0.0613401 0.1260996 0.1003962 0.0610064 0.0617654 0.0560742 0.1063359 0.1238864 0.1299024 0.0982502 0.1148732 0.1126916 0.1152028 0.1146443 0.1116277 0.1129504 0.1223265 0.0877439 0.1035396 0.1166983 0.1319022 0.1249732 0.0757526 0.1200791 0.1139650 0.1312062 0.1087650 0.1064248 0.1496624 0.1184331 0.1408789 0.0982502 0.1252313 0.1233873 0.0986022 0.1171000 0.1075883 0.1409809 0.1239840 0.1218208 0.0943054 0.0890967 0.1565328 0.1096805 0.0831771 0.1078569 0.1293753 0.1058437 0.0994419 0.1357971 0.1135069 
S0960       0.0721983 0.1011532 0.0631921 0.0894976 0.1108796 0.1290850 0.0654713 0.1102503 0.0788516 0.0792432 0.0633656 0.0775418 0.0712148 0.1020273 0.0366801 0.0721853 0.0648131 0.1020997 0.0254871 0.0564597 0.0726432 0.0792152 0.1759676 0.0627849 0.0792152 0.0859821 0.0633100 0.0639626 0.1325777 0.0871999 0.1251280 0.0571921 0.0000000 0.0564251 0.0870972 0.0895025 0.0565369 0.0502955 0.0649961 0.0784798 0.1589143 0.0858703 0.0564597 0.0701292 0.1039472 0.0944662 0.1184590 0.1016666 0.0951131 0.0701140 0.0571210 0.0631020 0.0633656 0.1039730 0.1110718 0.0455828 0.0957296 0.1038524 0.1105411 0.0633826 0.0634843 0.1378472 0.0713710 0.1185920 0.0564597 0.0864503 0.1024536 0.0564597 0.0705684 0.1037795 0.0786587 0.1165963 0.0642346 0.0437056 0.0581035 0.1104819 0.0952479 0.0647467 0.0956301 0.1107337 0.0705822 0.0641989 0.0858383 0.0870873 
S0964       0.1090925 0.0988744 0.0854994 0.1047055 0.1279845 0.1370157 0.0910932 0.1170088 0.1102013 0.1220961 0.0856792 0.1142525 0.1026005 0.1414870 0.0407431 0.0980647 0.0971705 0.1210563 0.0574973 0.0750431 0.0784078 0.1091539 0.1514539 0.1126286 0.1020602 0.0980436 0.0856233 0.0813823 0.1033978 0.0936899 0.1243763 0.0613401 0.0564251 0.0000000 0.1063268 0.0804072 0.0452503 0.0404536 0.0612496 0.0877369 0.1211086 0.1138256 0.0803184 0.0805793 0.1168777 0.0894254 0.1003374 0.1033605 0.0881484 0.1027917 0.0814634 0.0803371 0.0974691 0.1110001 0.1304262 0.0578898 0.1054414 0.1122902 0.1353158 0.0863345 0.0765213 0.1363913 0.0874029 0.1129068 0.0803184 0.1113868 0.1154050 0.0805948 0.1046631 0.0993596 0.1148672 0.1094615 0.0972082 0.0813844 0.0814378 0.1359855 0.0899669 0.0871425 0.0928224 0.1206281 0.0876546 0.0812447 0.1161658 0.0982172 
S1083       0.1123150 0.0988156 0.0760061 0.1284991 0.1035395 0.1190582 0.0922410 0.1365037 0.1114011 0.1104828 0.0865397 0.1154919 0.1318091 0.1161273 0.1127391 0.1022248 0.1041189 0.1041248 0.0585095 0.0821344 0.0504097 0.1261841 0.1683181 0.1288958 0.1183076 0.1043784 0.0864826 0.1246766 0.1218431 0.0848793 0.1038218 0.1260996 0.0870972 0.1063268 0.0000000 0.1044874 0.1045236 0.0988600 0.1455371 0.1008786 0.1405705 0.1303919 0.0811134 0.0970040 0.0933940 0.0852625 0.0986033 0.0980595 0.1045570 0.1038768 0.0877022 0.0917521 0.0984872 0.1379151 0.1000713 0.0869030 0.1182205 0.1063948 0.1271938 0.0912426 0.0505057 0.1214318 0.0309637 0.0961244 0.0811134 0.0214903 0.1039226 0.0867503 0.1088574 0.0982563 0.1215781 0.0968570 0.1034717 0.0708933 0.0943170 0.1296356 0.0857828 0.0942644 0.1121328 0.1423268 0.0609490 0.0874664 0.0937839 0.0820318 
S1120       0.1116778 0.0811318 0.0917390 0.1148076 0.1157854 0.1539405 0.0986588 0.0917670 0.0987174 0.1041165 0.0919472 0.1168131 0.1250570 0.1091457 0.0867956 0.1060985 0.0921202 0.0964373 0.0670211 0.0867494 0.0934986 0.0926288 0.1519560 0.1222112 0.0856259 0.1110949 0.0918830 0.1224346 0.0911734 0.0894796 0.0975193 0.1003962 0.0895025 0.0804072 0.1044874 0.0000000 0.0683425 0.0685170 0.0989422 0.0887566 0.1090983 0.0987013 0.0861498 0.0974971 0.0804608 0.0715243 0.0810238 0.0802221 0.0638203 0.1105301 0.0863543 0.0861498 0.1047763 0.1404865 0.1241580 0.0732798 0.1333228 0.1267097 0.1112333 0.1096483 0.0925599 0.1276369 0.0863501 0.0886146 0.0861498 0.1170320 0.1365924 0.0750620 0.1097906 0.0867476 0.1163628 0.0852656 0.1100679 0.0804015 0.0932190 0.1190691 0.0831195 0.1172886 0.0989615 0.1106482 0.1048419 0.0752028 0.1171551 0.0809554 
S1128       0.0922251 0.0759355 0.0746833 0.1131877 0.0923587 0.1243512 0.0788136 0.0857154 0.0983793 0.0988983 0.0748362 0.0968378 0.0986375 0.1341796 0.0410589 0.0986101 0.0808731 0.0967938 0.0424911 0.0638485 0.0668193 0.1099801 0.1414334 0.1072860 0.1028148 0.0969379 0.0747880 0.0757423 0.0800018 0.1075977 0.0971728 0.0610064 0.0565369 0.0452503 0.1045236 0.0683425 0.0000000 0.0216363 0.0618959 0.0879303 0.0963665 0.0976126 0.0696439 0.0849173 0.0925999 0.0890802 0.0874903 0.0803456 0.0809754 0.0913551 0.0706205 0.0749156 0.0861706 0.1180455 0.1299781 0.0529953 0.1062101 0.0838134 0.1097243 0.0906972 0.0649620 0.1092016 0.0859821 0.1006928 0.0696439 0.1094976 0.0982132 0.0698796 0.0971924 0.0762727 0.1082649 0.0964477 0.0910176 0.0598050 0.0713681 0.1291890 0.0896174 0.0763385 0.0930300 0.1215481 0.0862254 0.0704287 0.1157731 0.0815016 
S1129sl     0.0867763 0.0707089 0.0695490 0.1055582 0.0858616 0.1299501 0.0670014 0.0978700 0.0928205 0.1041642 0.0696899 0.0969157 0.0988961 0.1281200 0.0362492 0.0930386 0.0756018 0.0913348 0.0423833 0.0585204 0.0718071 0.1042569 0.1637751 0.1075653 0.0972526 0.0914677 0.0696452 0.0654929 0.0853459 0.0823769 0.0910866 0.0617654 0.0502955 0.0404536 0.0988600 0.0685170 0.0216363 0.0000000 0.0567393 0.0824757 0.1019690 0.0978659 0.0645673 0.0796670 0.0757782 0.0835450 0.0820632 0.0643493 0.0756972 0.0859618 0.0654672 0.0697641 0.0808323 0.1121217 0.1238956 0.0478385 0.1004364 0.0947066 0.0920386 0.0853489 0.0701177 0.0852982 0.0806586 0.1065877 0.0645673 0.1038043 0.1039402 0.0647844 0.0917065 0.0602410 0.1026460 0.0910113 0.0856494 0.0548362 0.0714170 0.1231553 0.0840438 0.0710799 0.0875304 0.1156760 0.0698551 0.0652881 0.1099750 0.0761867 
S1189       0.1233102 0.1068369 0.1035487 0.1128542 0.1371296 0.1577623 0.1047157 0.1223443 0.1170727 0.1292722 0.1037794 0.1227084 0.1310210 0.1549201 0.0514954 0.1159407 0.1052829 0.1298502 0.0694311 0.0936706 0.1145868 0.1163187 0.2030299 0.1397990 0.1089459 0.1282412 0.1037097 0.0875148 0.1158121 0.1353211 0.1251115 0.0560742 0.0649961 0.0612496 0.1455371 0.0989422 0.0618959 0.0567393 0.0000000 0.1061393 0.1282117 0.1357193 0.0980772 0.1146585 0.1182371 0.1206307 0.1070692 0.1114174 0.1182710 0.1220880 0.0875965 0.0925864 0.1164753 0.1444043 0.1530424 0.0756262 0.1337088 0.1273298 0.1309366 0.1211389 0.1116710 0.1210894 0.1237720 0.1465123 0.0980772 0.1445156 0.1368554 0.0984287 0.1168753 0.1073858 0.1350097 0.1162755 0.1161239 0.0941405 0.0941961 0.1646134 0.1214174 0.0763862 0.1323964 0.1216538 0.1110631 0.0992649 0.1355165 0.1190927 
S1201sl     0.0833201 0.0786053 0.0454871 0.0868050 0.0994778 0.1208473 0.0406374 0.0895188 0.0734440 0.0726814 0.0455755 0.0562742 0.0942330 0.0831760 0.0823442 0.0896272 0.0824517 0.0947206 0.0331090 0.0431678 0.0838341 0.0784557 0.1385777 0.0756773 0.0720572 0.0505061 0.0455465 0.1040583 0.0980557 0.0402043 0.0872011 0.1063359 0.0784798 0.0877369 0.1008786 0.0887566 0.0879303 0.0824757 0.1061393 0.0000000 0.1155419 0.0718227 0.0407205 0.0502511 0.0838962 0.0694928 0.0775619 0.0884399 0.0959508 0.0608826 0.0567787 0.0503496 0.0559539 0.1132316 0.1131645 0.0332461 0.1013257 0.0965685 0.1119442 0.0554534 0.0659927 0.0976973 0.0822429 0.0923049 0.0407205 0.1059217 0.1059641 0.0314703 0.0669264 0.1008548 0.0603410 0.0762191 0.0556475 0.0607315 0.0679099 0.0837268 0.0807229 0.0936615 0.0778441 0.1011744 0.0824782 0.0364680 0.0781272 0.0620782 
S1210       0.1135705 0.0870334 0.1071537 0.1206029 0.1263650 0.1983195 0.1281787 0.1016544 0.1418081 0.1281437 0.1073893 0.1148074 0.1405935 0.1426010 0.1157017 0.1169686 0.1027982 0.1090385 0.0963926 0.1033270 0.1166124 0.1096237 0.1678581 0.1375295 0.1024878 0.1203610 0.1073182 0.1270645 0.0309353 0.1316808 0.1360301 0.1238864 0.1589143 0.1211086 0.1405705 0.1090983 0.0963665 0.1019690 0.1282117 0.1155419 0.0000000 0.1391147 0.1017302 0.1181625 0.1090325 0.1127207 0.0983345 0.0919080 0.1031626 0.1255698 0.1389341 0.1127626 0.1200130 0.1403468 0.1912669 0.1145500 0.1829721 0.1689923 0.1165749 0.1246039 0.0909609 0.1167699 0.1251299 0.1135529 0.1017302 0.1396101 0.1471649 0.1129140 0.1380173 0.1153069 0.1323957 0.0965978 0.1250561 0.1017587 0.1344112 0.1647596 0.1187674 0.1437832 0.1339523 0.1657998 0.1090189 0.1138806 0.1466489 0.1151785 
S1211       0.0663598 0.0927947 0.0598617 0.1152523 0.1213581 0.1565391 0.0566487 0.1102494 0.0878982 0.0818887 0.0599810 0.0813880 0.0769737 0.1044427 0.0977028 0.0999286 0.0758156 0.0928078 0.0478504 0.0535549 0.1124638 0.0990625 0.1625711 0.0758371 0.0921798 0.0810123 0.0599427 0.1102633 0.1205970 0.0711771 0.1109894 0.1299024 0.0858703 0.1138256 0.1303919 0.0987013 0.0976126 0.0978659 0.1357193 0.0718227 0.1391147 0.0000000 0.0549618 0.0695947 0.0993776 0.0837915 0.1162991 0.0972577 0.1176117 0.0707773 0.0810239 0.0648751 0.0657706 0.0875430 0.1500789 0.0276524 0.1177153 0.1189102 0.1229265 0.0751065 0.0983682 0.1195789 0.1099041 0.1012706 0.0549618 0.1355973 0.1168187 0.0708773 0.0929341 0.1097806 0.0812248 0.1141783 0.0753701 0.0714360 0.0939812 0.1235405 0.0951781 0.1093987 0.1040882 0.1234828 0.1105942 0.0654698 0.0768955 0.0879474 
S1227       0.0451662 0.0705437 0.0041722 0.0829614 0.0853049 0.1159066 0.0093649 0.0976384 0.0508379 0.0403306 0.0041792 0.0260750 0.0656838 0.0600484 0.0702036 0.0607656 0.0447332 0.0705469 0.0044100 0.0000010 0.0655871 0.0762788 0.1197008 0.0599242 0.0700938 0.0349911 0.0041768 0.0857422 0.0798972 0.0604086 0.0779013 0.0982502 0.0564597 0.0803184 0.0811134 0.0861498 0.0696439 0.0645673 0.0980772 0.0407205 0.1017302 0.0549618 0.0000000 0.0256051 0.0765035 0.0565461 0.0805543 0.0749395 0.0871104 0.0171477 0.0451607 0.0083933 0.0128068 0.0820046 0.1101214 0.0277569 0.0931911 0.0822279 0.0863365 0.0301963 0.0542237 0.0945201 0.0641902 0.0779119 0.0000010 0.0858959 0.0808802 0.0259557 0.0448176 0.0864278 0.0306840 0.0791881 0.0258038 0.0262268 0.0555059 0.0763544 0.0722818 0.0749336 0.0819249 0.0921000 0.0645730 0.0261379 0.0451424 0.0501136 
S1235sl     0.0644521 0.0860331 0.0300254 0.0966958 0.1011406 0.1275438 0.0386341 0.1141404 0.0657639 0.0593845 0.0300798 0.0536459 0.0759692 0.0800662 0.0755329 0.0757597 0.0638216 0.0860421 0.0224809 0.0274607 0.0809397 0.0917705 0.1389145 0.0698109 0.0852005 0.0259973 0.0300616 0.1016712 0.1009471 0.0605511 0.0951534 0.1148732 0.0701292 0.0805793 0.0970040 0.0974971 0.0849173 0.0796670 0.1146585 0.0502511 0.1181625 0.0695947 0.0256051 0.0000000 0.0923521 0.0771638 0.0963185 0.0904289 0.0925537 0.0440938 0.0596538 0.0345188 0.0395187 0.0980737 0.1272579 0.0373350 0.1043879 0.0983622 0.1023833 0.0127020 0.0688667 0.1172214 0.0792009 0.0937638 0.0256051 0.1018571 0.0967204 0.0395481 0.0355143 0.1024948 0.0398231 0.0946533 0.0214404 0.0443987 0.0705092 0.0816586 0.0881911 0.0904238 0.0927798 0.0975850 0.0796747 0.0398337 0.0644248 0.0648190 
S1239       0.0946036 0.0314632 0.0817316 0.1082447 0.0355278 0.1121734 0.0804934 0.0817228 0.0942512 0.1057922 0.0819051 0.0940144 0.1069697 0.1185420 0.1002965 0.1126764 0.0990472 0.0408406 0.0585824 0.0764397 0.0938921 0.0883088 0.2073191 0.1106118 0.0817034 0.1049649 0.0818509 0.1112519 0.1025850 0.0388837 0.0804188 0.1126916 0.1039472 0.1168777 0.0933940 0.0804608 0.0925999 0.0757782 0.1182371 0.0838962 0.1090325 0.0993776 0.0765035 0.0923521 0.0000000 0.0420956 0.0405097 0.0263268 0.0991759 0.0991435 0.0766795 0.0871077 0.0937640 0.1269968 0.1005984 0.0640765 0.0836153 0.0834537 0.0551744 0.0866262 0.0930423 0.0179248 0.0931930 0.0627268 0.0765035 0.0876099 0.0926331 0.0717331 0.1052489 0.0357206 0.1167724 0.0449475 0.0987602 0.0765313 0.0829820 0.1117077 0.0522563 0.0932219 0.0778442 0.1136189 0.0714007 0.0662527 0.1117060 0.0566054 
S1245       0.0844120 0.0368174 0.0615966 0.0806991 0.0618633 0.0965413 0.0641284 0.0849296 0.0670988 0.0899487 0.0617232 0.0892463 0.1020906 0.0962199 0.0898446 0.0908286 0.0835201 0.0413880 0.0382137 0.0551982 0.0739375 0.0686115 0.1569328 0.1003128 0.0624093 0.0840022 0.0616826 0.1008617 0.0826983 0.0000010 0.0763299 0.1152028 0.0944662 0.0894254 0.0852625 0.0715243 0.0890802 0.0835450 0.1206307 0.0694928 0.1127207 0.0837915 0.0565461 0.0771638 0.0420956 0.0000000 0.0523067 0.0412584 0.0847505 0.0781470 0.0618168 0.0667677 0.0729322 0.1159515 0.0779282 0.0488911 0.0740078 0.0735042 0.0839378 0.0829830 0.0732665 0.0525317 0.0789594 0.0270131 0.0565461 0.0902848 0.0834342 0.0569335 0.0961164 0.0622210 0.0950537 0.0463183 0.0715789 0.0615954 0.0677998 0.0900477 0.0177458 0.0892658 0.0689223 0.1013820 0.0735275 0.0516442 0.0899481 0.0473453 
