136
PAFTOL_019361 0.0000000 0.1872619 0.1673900 0.1997568 0.1809396 0.1891968 0.1992178 0.1858535 0.1815528 0.2082985 0.2180713 0.1940883 0.2088931 0.2130091 0.1868941 0.2086261 0.1893381 0.1936766 0.1924714 0.2037095 0.1779425 0.1838422 0.1823773 0.1908029 0.1959743 0.1806528 0.1741941 0.1820023 0.1857508 0.2028669 0.1802103 0.1860341 0.1997328 0.2133459 0.2005608 0.1883693 0.1971614 0.1856265 0.1938364 0.1718374 0.1947465 0.1779747 0.1830179 0.1840720 0.2020501 0.1925590 0.2069724 0.2072497 0.1892617 0.1876977 0.1837577 0.1733901 0.1864600 0.1729080 0.1789842 0.2008318 0.1849876 0.1781140 0.2245875 0.1910616 0.1643786 0.1766270 0.1824051 0.1876343 0.1873717 0.1870934 0.1828168 0.1830403 0.2237256 0.1957273 0.1908339 0.2022345 0.2111340 0.2358572 0.1892255 0.1911484 0.1927630 0.1723102 0.1956895 0.1636428 0.1960704 0.1904489 0.2199612 0.1957356 0.2032479 0.1951981 0.1822163 0.2064656 0.1871389 0.1808613 0.1904005 0.1903454 0.2088629 0.1810671 0.1990944 0.2080723 0.2091160 0.2007241 0.1871836 0.2289734 0.1927021 0.1759167 0.1840434 0.1726950 0.1914341 0.2020088 0.1870410 0.1848894 0.1842316 0.1861539 0.1884254 0.1988202 0.1731531 0.1890670 0.1917456 0.1964456 0.1812885 0.1958473 0.1945187 0.1823839 0.1942609 0.1890915 0.1891103 0.1841916 0.1852462 0.1813218 0.1840759 0.1970831 0.1914717 0.1837411 0.1761797 0.2048936 0.1733686 0.1746123 0.1876810 0.1740764 
S0055         0.1872619 0.0000000 0.0828994 0.1059495 0.0918676 0.0370061 0.1110987 0.0948022 0.0813885 0.0473277 0.0722901 0.1080989 0.1142889 0.1155403 0.0988763 0.1177167 0.0966291 0.0921815 0.0981646 0.1133554 0.0753308 0.0347533 0.0360353 0.0988604 0.0720040 0.0871830 0.0769581 0.0771441 0.0933173 0.1115614 0.0834017 0.0939030 0.0732205 0.1206671 0.1101242 0.0977845 0.0498200 0.0357596 0.1023307 0.0750622 0.0911240 0.0581459 0.0400781 0.0933824 0.1114542 0.1302919 0.0750331 0.1142734 0.0891963 0.0369105 0.0932955 0.0777083 0.0370170 0.0770002 0.0776292 0.1009649 0.0968709 0.0784612 0.1148261 0.0887357 0.0780263 0.0719359 0.0936249 0.0911678 0.0927120 0.0909300 0.0895905 0.0920098 0.0824107 0.0967859 0.1322847 0.1042810 0.1095240 0.1364369 0.0950733 0.0987038 0.1310182 0.0759337 0.1339333 0.0871756 0.0929790 0.0904829 0.1131149 0.0498782 0.0971630 0.1322859 0.0331531 0.0531067 0.0806134 0.0916233 0.0882513 0.0889084 0.1143668 0.0829605 0.1079994 0.1047219 0.1153921 0.1102616 0.0376837 0.1192475 0.0939007 0.0770138 0.0361816 0.0343967 0.0329402 0.0983361 0.0426135 0.0897382 0.0828353 0.0820946 0.1053610 0.0487567 0.0769190 0.0980379 0.0949479 0.0932858 0.0293137 0.0957063 0.0902176 0.0817385 0.0406508 0.1021314 0.0427870 0.0874529 0.0342342 0.0563772 0.0878492 0.0953084 0.0924914 0.0792409 0.0721820 0.1150992 0.0814306 0.0788643 0.0770224 0.0694326 
S0196sl       0.1673900 0.0828994 0.0000000 0.0989884 0.0423751 0.0800836 0.0956506 0.0857140 0.0779001 0.0820886 0.1109874 0.1002472 0.0971799 0.0989720 0.0920694 0.0974420 0.0851620 0.0883341 0.0832121 0.0963209 0.0757031 0.0787874 0.0816660 0.0961083 0.0951781 0.0794420 0.0199106 0.0865263 0.0856685 0.0954794 0.0771065 0.0939360 0.1029927 0.1054000 0.0942023 0.0877803 0.0938140 0.0773516 0.0971619 0.0713601 0.0855422 0.0781839 0.0901088 0.0420075 0.0936359 0.1299139 0.0978438 0.0962881 0.0864207 0.0790661 0.0936144 0.0185860 0.0804930 0.0209255 0.0192089 0.0979198 0.0456315 0.0748683 0.1005652 0.0830677 0.0790173 0.0734979 0.0850788 0.0748118 0.0914994 0.0907026 0.0866916 0.0902917 0.1263559 0.0447184 0.1279219 0.0973834 0.0924906 0.1160720 0.0960087 0.0995476 0.1317884 0.0195735 0.1345790 0.0802518 0.0900777 0.0809669 0.0966715 0.0907224 0.0966812 0.1333855 0.0792673 0.0960203 0.0804349 0.0831689 0.0842050 0.0834974 0.0966326 0.0803228 0.0991531 0.0897263 0.1001053 0.0943466 0.0826599 0.1057456 0.0855085 0.0748626 0.0827472 0.0780746 0.0852436 0.0906557 0.0834861 0.0816185 0.0810742 0.0788477 0.0955886 0.0917098 0.0198947 0.0917466 0.0436627 0.0893300 0.0746447 0.0432550 0.0862281 0.0753016 0.0820141 0.0921615 0.0821604 0.0817977 0.0770829 0.0800402 0.0872470 0.0910499 0.0862649 0.0778126 0.0718183 0.1061965 0.0484564 0.0765865 0.0819944 0.0693894 
S0278         0.1997568 0.1059495 0.0989884 0.0000000 0.1070959 0.1086211 0.1260994 0.0467121 0.0966203 0.1138196 0.1357530 0.0486259 0.1255159 0.1288923 0.0502054 0.1260322 0.0770979 0.1062900 0.1157705 0.1265905 0.1007476 0.1034334 0.1048427 0.0496545 0.1156096 0.0370795 0.0896726 0.1094511 0.0769574 0.1227620 0.0700911 0.1049869 0.1187239 0.1325802 0.1212081 0.0374107 0.1155607 0.1026493 0.0474157 0.0653436 0.0834750 0.0997125 0.1075496 0.1053276 0.1219251 0.1458833 0.1187720 0.1242153 0.1069754 0.1034719 0.1038230 0.0910707 0.1067842 0.0906493 0.0916426 0.1102790 0.1107856 0.0689808 0.1274408 0.0787173 0.0692528 0.0905600 0.0448112 0.1074533 0.1017182 0.1049411 0.0996561 0.1011431 0.1466357 0.1116527 0.1497143 0.1166831 0.1249603 0.1486133 0.1022415 0.1052362 0.1466596 0.0899719 0.1475194 0.0700056 0.1056411 0.1053855 0.1285110 0.1135994 0.1102454 0.1479076 0.1016709 0.1163893 0.0960125 0.0460007 0.0799246 0.0792309 0.1248663 0.0713926 0.0401052 0.1215422 0.1257120 0.1206174 0.1062669 0.1358326 0.1086761 0.0931250 0.1058006 0.1012827 0.1068483 0.1049034 0.1076118 0.0736370 0.0955600 0.0951445 0.0487051 0.1131864 0.0905533 0.0462817 0.1104948 0.0837253 0.0974418 0.1098097 0.1044639 0.0944937 0.1062486 0.0470033 0.1072978 0.0760205 0.1023001 0.0997933 0.1076502 0.1109709 0.0817733 0.0926950 0.0877140 0.1267109 0.0924528 0.0937898 0.1073410 0.0877897 
S0281         0.1809396 0.0918676 0.0423751 0.1070959 0.0000000 0.0890604 0.1048995 0.0921182 0.0838509 0.1001320 0.1156369 0.1080702 0.1057612 0.1039066 0.0970029 0.1069605 0.0976529 0.0994775 0.1052958 0.1031061 0.0884229 0.0857482 0.0876832 0.0997342 0.1002672 0.0864595 0.0349009 0.0924236 0.0931435 0.1022640 0.0880525 0.0931406 0.1141241 0.1116077 0.1006924 0.0951750 0.1004421 0.0846242 0.0998117 0.0781901 0.0926591 0.0892744 0.0950780 0.0417550 0.1030393 0.1378889 0.1020297 0.1042721 0.0956077 0.0881001 0.0944975 0.0334643 0.0903641 0.0343136 0.0357804 0.1043184 0.0467738 0.0821790 0.1078727 0.0909073 0.0826843 0.0807612 0.0980844 0.0850459 0.0939505 0.0950486 0.0904257 0.0923596 0.1225624 0.0534419 0.1342815 0.1085428 0.0992328 0.1234132 0.0993546 0.1034583 0.1382658 0.0337067 0.1408599 0.0841526 0.0967877 0.0967222 0.1019859 0.0974245 0.0988704 0.1388130 0.0861261 0.1032775 0.0862570 0.0865241 0.0907938 0.0904853 0.1029684 0.0862555 0.1059948 0.0986728 0.1069767 0.1009954 0.0884629 0.1119898 0.0999618 0.0797945 0.0887490 0.0839972 0.0915469 0.0961224 0.0899156 0.0892379 0.0848513 0.0851081 0.1034143 0.0980799 0.0351667 0.0968792 0.0522928 0.0962597 0.0816059 0.0521725 0.0931169 0.0829708 0.0909263 0.1033342 0.0915027 0.0904119 0.0866448 0.0845630 0.0981068 0.0999268 0.0943354 0.0849112 0.0796250 0.1190910 0.0543317 0.0822913 0.0921464 0.0781945 
S0282         0.1891968 0.0370061 0.0800836 0.1086211 0.0890604 0.0000000 0.1106905 0.0957494 0.0823413 0.0314164 0.0713296 0.1104971 0.1128761 0.1159304 0.0980786 0.1140418 0.0973123 0.0966159 0.0983925 0.1118954 0.0735122 0.0196402 0.0231034 0.1008333 0.0707414 0.0902983 0.0742120 0.0791118 0.0957968 0.1104687 0.0858434 0.0949655 0.0719451 0.1221700 0.1086512 0.0991888 0.0389719 0.0214160 0.1015576 0.0781699 0.0961788 0.0561766 0.0286045 0.0921847 0.1081774 0.1296200 0.0733686 0.1124278 0.0902349 0.0248424 0.0939202 0.0749513 0.0201599 0.0739268 0.0742191 0.1035948 0.0956668 0.0798036 0.1140099 0.0937817 0.0815943 0.0714774 0.0918552 0.0908432 0.0919885 0.0930045 0.0900948 0.0920150 0.0842861 0.0945842 0.1320364 0.1038240 0.1090427 0.1337828 0.0946225 0.0986013 0.1303440 0.0731946 0.1336356 0.0868191 0.0964816 0.0892829 0.1129343 0.0482278 0.0953341 0.1327385 0.0184504 0.0496381 0.0829638 0.0919733 0.0932835 0.0926463 0.1121660 0.0854035 0.1105820 0.1023181 0.1139354 0.1091425 0.0247309 0.1218871 0.0969113 0.0786266 0.0215775 0.0220540 0.0413261 0.0969051 0.0431438 0.0921300 0.0848818 0.0834570 0.1084482 0.0447484 0.0741724 0.0992823 0.0931881 0.0980247 0.0121824 0.0946208 0.0909771 0.0816812 0.0285334 0.1032176 0.0403376 0.0902340 0.0289908 0.0548000 0.0929474 0.0994179 0.0953991 0.0802357 0.0727003 0.1156548 0.0806975 0.0798930 0.0729740 0.0693087 
S0288         0.1992178 0.1110987 0.0956506 0.1260994 0.1048995 0.1106905 0.0000000 0.1174196 0.1069288 0.1210043 0.1408642 0.1293076 0.0192451 0.0584260 0.1220417 0.0193104 0.1179265 0.1252185 0.1249832 0.0184363 0.1107556 0.1086096 0.1088747 0.1222233 0.1220371 0.1062761 0.0896601 0.1185993 0.1145564 0.0132047 0.1040727 0.1171369 0.1283812 0.0847463 0.0199391 0.1214210 0.1258593 0.1089507 0.1232028 0.0983689 0.1124684 0.1121672 0.1151305 0.1101954 0.0194001 0.1580789 0.1286232 0.0187659 0.1198426 0.1118140 0.1157398 0.0920207 0.1112715 0.0908950 0.0925321 0.1212767 0.1152537 0.0993409 0.0770371 0.1098204 0.1022397 0.0999500 0.1132087 0.0555308 0.1145937 0.1137545 0.1119290 0.1156774 0.1569419 0.1119615 0.1587724 0.1297686 0.0780254 0.1054723 0.1173018 0.1218373 0.1603261 0.0893462 0.1587502 0.1068710 0.1139145 0.1189732 0.0789905 0.1202925 0.1225593 0.1600729 0.1094915 0.1299679 0.1092738 0.1131198 0.1104238 0.1083358 0.0175675 0.1093090 0.1302864 0.0745402 0.0187117 0.0149803 0.1124222 0.0833173 0.1264310 0.1018206 0.1117359 0.1090932 0.1168541 0.1221824 0.1139576 0.1083614 0.1083838 0.1083151 0.1254062 0.1228071 0.0914840 0.1229194 0.1115172 0.1149064 0.1031933 0.1095950 0.1163658 0.1126856 0.1131894 0.1206677 0.1144406 0.1065006 0.1088926 0.1091703 0.1163547 0.1255207 0.1137558 0.1054746 0.0995240 0.1352568 0.0953216 0.1111513 0.1182003 0.0975902 
S0289         0.1858535 0.0948022 0.0857140 0.0467121 0.0921182 0.0957494 0.1174196 0.0000000 0.0845371 0.1041122 0.1214489 0.0472442 0.1149306 0.1177768 0.0373674 0.1158514 0.0629308 0.0954414 0.1063061 0.1171799 0.0886605 0.0926511 0.0937311 0.0453245 0.1054004 0.0310932 0.0781142 0.0967438 0.0622213 0.1133149 0.0581354 0.0948559 0.1146891 0.1190961 0.1135960 0.0386223 0.1051816 0.0909148 0.0414773 0.0536797 0.0719278 0.0900504 0.0987452 0.0946454 0.1118061 0.1374385 0.1099691 0.1133913 0.0983986 0.0935023 0.0930228 0.0781355 0.0943721 0.0790884 0.0790168 0.0981024 0.0999107 0.0572183 0.1204518 0.0689328 0.0602497 0.0779301 0.0382103 0.0950918 0.0912449 0.0921972 0.0903420 0.0922327 0.1318516 0.1015187 0.1417263 0.1058601 0.1153582 0.1364581 0.0944629 0.0976621 0.1397157 0.0774125 0.1409881 0.0589790 0.0935047 0.0937064 0.1174437 0.1010888 0.0994908 0.1409583 0.0913045 0.1078549 0.0833135 0.0380195 0.0694714 0.0683407 0.1140404 0.0608552 0.0485848 0.1108274 0.1166603 0.1120435 0.0955100 0.1279066 0.0969749 0.0814985 0.0953947 0.0898151 0.0953551 0.0944097 0.0946065 0.0638181 0.0850057 0.0841356 0.0428548 0.1054807 0.0783942 0.0426046 0.0996563 0.0731649 0.0864429 0.0997109 0.0942404 0.0830944 0.0944104 0.0432211 0.0942394 0.0656046 0.0926850 0.0912683 0.0953512 0.0975905 0.0714823 0.0822528 0.0779147 0.1178039 0.0825371 0.0803799 0.0967614 0.0773907 
S0292         0.1815528 0.0813885 0.0779001 0.0966203 0.0838509 0.0823413 0.1069288 0.0845371 0.0000000 0.0947057 0.1092873 0.0921351 0.1052485 0.1079425 0.0853307 0.1049429 0.0825088 0.0607032 0.0695505 0.1013919 0.0784353 0.0767743 0.0796635 0.0886972 0.0902211 0.0735677 0.0691570 0.0838519 0.0771432 0.1010890 0.0725634 0.0763919 0.1016776 0.1119480 0.1025073 0.0831668 0.0912108 0.0763931 0.0887637 0.0676800 0.0789601 0.0796570 0.0873537 0.0837846 0.0998582 0.1263165 0.0947976 0.1029932 0.0678914 0.0801729 0.0751836 0.0689209 0.0819067 0.0675225 0.0704506 0.0794072 0.0876017 0.0700122 0.1066351 0.0753124 0.0729670 0.0473013 0.0801514 0.0817283 0.0746188 0.0707936 0.0716744 0.0728750 0.1150235 0.0901909 0.1284664 0.0819495 0.1011571 0.1272643 0.0757490 0.0791250 0.1266829 0.0684755 0.1295789 0.0675741 0.0734663 0.0595702 0.1021995 0.0899391 0.0407213 0.1290465 0.0768235 0.0941776 0.0511424 0.0801123 0.0755212 0.0741813 0.1012433 0.0748432 0.0924863 0.1005931 0.1045921 0.0986620 0.0814863 0.1137816 0.0610835 0.0102887 0.0807424 0.0738497 0.0846747 0.0384190 0.0834849 0.0811635 0.0155498 0.0113818 0.0898478 0.0908355 0.0694398 0.0872613 0.0879699 0.0793888 0.0730555 0.0891059 0.0319018 0.0469590 0.0789096 0.0877874 0.0829358 0.0769324 0.0766826 0.0754523 0.0556933 0.0639648 0.0809710 0.0610168 0.0472541 0.0960598 0.0727018 0.0461369 0.0849730 0.0456882 
S0293         0.2082985 0.0473277 0.0820886 0.1138196 0.1001320 0.0314164 0.1210043 0.1041122 0.0947057 0.0000000 0.0815403 0.1158638 0.1215393 0.1240721 0.1068005 0.1225119 0.1070544 0.1059134 0.1093929 0.1222189 0.0770290 0.0293721 0.0337083 0.1046298 0.0794044 0.0966943 0.0838949 0.0865091 0.1015180 0.1198157 0.0947583 0.1068941 0.0834441 0.1279718 0.1190454 0.1051445 0.0482790 0.0321728 0.1098131 0.0867277 0.1049436 0.0680533 0.0387752 0.1019753 0.1199704 0.1432055 0.0829144 0.1219693 0.0954936 0.0343790 0.1061760 0.0840073 0.0290363 0.0832457 0.0828228 0.1118173 0.1044422 0.0899713 0.1198347 0.1009038 0.0910632 0.0830401 0.0997825 0.0971559 0.1036554 0.1009005 0.1027597 0.1039362 0.0948546 0.1035305 0.1462996 0.1143740 0.1148229 0.1330802 0.1052943 0.1100418 0.1431707 0.0824561 0.1467455 0.0953377 0.1025996 0.1034600 0.1180500 0.0580206 0.1091332 0.1457830 0.0289552 0.0555658 0.0924972 0.0995725 0.1007236 0.1012651 0.1213510 0.0962532 0.1181575 0.1091243 0.1240109 0.1197763 0.0350936 0.1295202 0.1087998 0.0906550 0.0329412 0.0332082 0.0499748 0.1074417 0.0526108 0.0983484 0.0970153 0.0948271 0.1157830 0.0503898 0.0834967 0.1044411 0.1024403 0.1068955 0.0220346 0.1035727 0.1030074 0.0933540 0.0379223 0.1103936 0.0495726 0.0973426 0.0371914 0.0626224 0.1053670 0.1100195 0.1044535 0.0891604 0.0825213 0.1231506 0.0911470 0.0909739 0.0811162 0.0804254 
S0294         0.2180713 0.0722901 0.1109874 0.1357530 0.1156369 0.0713296 0.1408642 0.1214489 0.1092873 0.0815403 0.0000000 0.1345617 0.1416396 0.1413961 0.1253793 0.1404616 0.1228686 0.1230872 0.1330062 0.1390608 0.0958604 0.0676678 0.0652430 0.1256848 0.0975500 0.1157111 0.1050657 0.1000972 0.1179008 0.1391335 0.1094261 0.1169104 0.1036955 0.1434425 0.1387646 0.1241243 0.0807945 0.0655794 0.1258250 0.1028701 0.1204130 0.0842599 0.0748916 0.1176224 0.1379004 0.1581939 0.0994883 0.1404559 0.1146509 0.0667855 0.1185289 0.1059199 0.0710512 0.1047847 0.1054456 0.1240522 0.1202930 0.1064995 0.1361582 0.1174589 0.1103800 0.1008971 0.1153444 0.1179308 0.1199850 0.1174389 0.1167846 0.1183538 0.0695939 0.1230599 0.1586580 0.1296690 0.1284015 0.1614610 0.1196848 0.1231161 0.1589753 0.1035970 0.1624742 0.1151358 0.1177621 0.1166589 0.1334591 0.0769453 0.1231510 0.1604460 0.0657494 0.0861923 0.1067358 0.1181185 0.1187382 0.1174872 0.1389722 0.1134166 0.1323581 0.1300280 0.1415035 0.1356423 0.0695802 0.1443679 0.1224400 0.1067982 0.0685367 0.0667922 0.0754719 0.1246752 0.0699602 0.1142510 0.1105046 0.1103728 0.1330069 0.0809777 0.1049162 0.1270476 0.1207218 0.1237618 0.0616997 0.1211377 0.1185926 0.1081259 0.0717174 0.1272842 0.0706576 0.1163487 0.0656400 0.0832527 0.1198540 0.1255965 0.1212865 0.1051646 0.1021660 0.1407181 0.1100693 0.1064079 0.1012303 0.0985456 
S0299         0.1940883 0.1080989 0.1002472 0.0486259 0.1080702 0.1104971 0.1293076 0.0472442 0.0921351 0.1158638 0.1345617 0.0000000 0.1269728 0.1331015 0.0464132 0.1285832 0.0752746 0.1029713 0.1129963 0.1277530 0.1021551 0.1057582 0.1063524 0.0471150 0.1155636 0.0372294 0.0928881 0.1082333 0.0736562 0.1256685 0.0684780 0.1021508 0.1251421 0.1338542 0.1247641 0.0427986 0.1164592 0.1039747 0.0481372 0.0639363 0.0764140 0.1018546 0.1133812 0.1046741 0.1240884 0.1470292 0.1189515 0.1248179 0.1039656 0.1051685 0.1007387 0.0932384 0.1083022 0.0932499 0.0955121 0.1049635 0.1104536 0.0669324 0.1308376 0.0745102 0.0691979 0.0882202 0.0425780 0.1097805 0.0997565 0.0990474 0.0958958 0.0995867 0.1447870 0.1154879 0.1507987 0.1134222 0.1278406 0.1516930 0.1006669 0.1039959 0.1474015 0.0924769 0.1490652 0.0697893 0.1018865 0.1025432 0.1303526 0.1124409 0.1076029 0.1479467 0.1029296 0.1199140 0.0965770 0.0455154 0.0750391 0.0743363 0.1259078 0.0700561 0.0529144 0.1240977 0.1289891 0.1239381 0.1086146 0.1391067 0.1027997 0.0908997 0.1078815 0.1017416 0.1069145 0.1043364 0.1088430 0.0707783 0.0926472 0.0921815 0.0495597 0.1167599 0.0923901 0.0465206 0.1139572 0.0795452 0.0993512 0.1128633 0.1031827 0.0914175 0.1062627 0.0374732 0.1060809 0.0755064 0.1028116 0.1004953 0.1050168 0.1097917 0.0787701 0.0892869 0.0881132 0.1227089 0.0944203 0.0897540 0.1126498 0.0857717 
S0303         0.2088931 0.1142889 0.0971799 0.1255159 0.1057612 0.1128761 0.0192451 0.1149306 0.1052485 0.1215393 0.1416396 0.1269728 0.0000000 0.0588689 0.1200097 0.0164636 0.1147774 0.1246679 0.1313126 0.0153454 0.1089834 0.1098567 0.1110583 0.1218330 0.1234552 0.1058099 0.0917172 0.1176429 0.1145388 0.0134095 0.1020919 0.1162988 0.1307074 0.0841716 0.0143598 0.1190729 0.1261526 0.1101862 0.1208220 0.0971520 0.1116634 0.1113845 0.1205075 0.1111773 0.0154066 0.1604068 0.1271705 0.0094951 0.1198352 0.1136567 0.1160894 0.0932404 0.1125727 0.0921355 0.0937353 0.1261388 0.1149791 0.0992060 0.0769102 0.1116805 0.1028340 0.0996754 0.1105805 0.0544679 0.1129990 0.1150667 0.1133901 0.1153009 0.1558332 0.1133481 0.1582315 0.1272278 0.0768089 0.0972769 0.1202071 0.1254754 0.1620973 0.0916841 0.1618920 0.1084265 0.1158781 0.1187794 0.0774027 0.1206711 0.1217579 0.1628461 0.1109623 0.1311957 0.1084928 0.1096951 0.1122283 0.1105216 0.0086487 0.1077688 0.1289077 0.0735002 0.0167449 0.0122968 0.1141031 0.0826734 0.1247136 0.1002999 0.1123975 0.1088765 0.1181653 0.1190051 0.1144577 0.1075806 0.1064770 0.1071941 0.1261659 0.1242816 0.0927160 0.1224780 0.1132898 0.1166209 0.1033108 0.1110598 0.1159122 0.1122839 0.1146497 0.1194224 0.1135163 0.1053132 0.1117048 0.1089981 0.1143428 0.1246955 0.1147268 0.1062911 0.1001345 0.1346632 0.0946553 0.1095030 0.1176820 0.0965616 
S0308         0.2130091 0.1155403 0.0989720 0.1288923 0.1039066 0.1159304 0.0584260 0.1177768 0.1079425 0.1240721 0.1413961 0.1331015 0.0588689 0.0000000 0.1216782 0.0598221 0.1195719 0.1251156 0.1289831 0.0579280 0.1142096 0.1113565 0.1105001 0.1232501 0.1243539 0.1091593 0.0926730 0.1180564 0.1217885 0.0550154 0.1070229 0.1181658 0.1299312 0.0859870 0.0580169 0.1216585 0.1286585 0.1120319 0.1248808 0.1024820 0.1114183 0.1122491 0.1203717 0.1097613 0.0591042 0.1585098 0.1275312 0.0585447 0.1193318 0.1122712 0.1183296 0.0938351 0.1133643 0.0923981 0.0946687 0.1235175 0.1140328 0.1067473 0.0809237 0.1099946 0.1061295 0.1026952 0.1148052 0.0606656 0.1173035 0.1138358 0.1127624 0.1150766 0.1516390 0.1130472 0.1587930 0.1266568 0.0785082 0.1055600 0.1183179 0.1226255 0.1592706 0.0925441 0.1593791 0.1096395 0.1177128 0.1207477 0.0811101 0.1208617 0.1220777 0.1619774 0.1124055 0.1310199 0.1103969 0.1142938 0.1109046 0.1096728 0.0562623 0.1104677 0.1307584 0.0761976 0.0595108 0.0554420 0.1136161 0.0877190 0.1258200 0.1025276 0.1142027 0.1105186 0.1193693 0.1195712 0.1159378 0.1120467 0.1079573 0.1087525 0.1265805 0.1279716 0.0940017 0.1239527 0.1122482 0.1159371 0.1048971 0.1107791 0.1195544 0.1129558 0.1153843 0.1241275 0.1174622 0.1104116 0.1136444 0.1125484 0.1189881 0.1242268 0.1132551 0.1032074 0.1017796 0.1372398 0.1004036 0.1119079 0.1189185 0.0988750 
S0320         0.1868941 0.0988763 0.0920694 0.0502054 0.0970029 0.0980786 0.1220417 0.0373674 0.0853307 0.1068005 0.1253793 0.0464132 0.1200097 0.1216782 0.0000000 0.1197903 0.0682977 0.0957533 0.1071142 0.1199619 0.0930231 0.0950710 0.0950508 0.0448283 0.1064977 0.0312308 0.0835795 0.0978594 0.0648171 0.1165624 0.0634756 0.0973614 0.1117465 0.1249048 0.1178571 0.0399418 0.1071992 0.0928513 0.0442916 0.0573807 0.0730892 0.0921639 0.1030762 0.0978290 0.1157405 0.1418702 0.1088743 0.1188169 0.0984402 0.0934145 0.0963305 0.0836746 0.0966428 0.0840262 0.0859044 0.0995136 0.1028764 0.0606356 0.1209402 0.0694302 0.0626884 0.0822220 0.0380842 0.0981319 0.0941743 0.0934917 0.0900321 0.0926484 0.1327666 0.1058923 0.1461770 0.1080930 0.1191366 0.1397370 0.0972817 0.1005783 0.1437725 0.0829393 0.1442611 0.0575610 0.0966262 0.0982132 0.1206399 0.1023924 0.1018501 0.1433143 0.0923461 0.1099434 0.0886966 0.0406090 0.0702950 0.0688984 0.1175468 0.0649847 0.0496214 0.1122103 0.1205621 0.1147997 0.0978370 0.1295253 0.0981805 0.0836125 0.0971344 0.0908559 0.0984077 0.0956223 0.0998497 0.0652931 0.0846924 0.0835580 0.0408707 0.1071436 0.0835971 0.0418139 0.1047417 0.0746431 0.0879362 0.1047971 0.0914698 0.0868004 0.0973493 0.0424050 0.0964280 0.0698109 0.0929362 0.0918630 0.0961587 0.1016879 0.0737360 0.0846675 0.0814596 0.1197504 0.0864510 0.0841044 0.0998813 0.0794776 
S0322         0.2086261 0.1177167 0.0974420 0.1260322 0.1069605 0.1140418 0.0193104 0.1158514 0.1049429 0.1225119 0.1404616 0.1285832 0.0164636 0.0598221 0.1197903 0.0000000 0.1151191 0.1245340 0.1308693 0.0151773 0.1104475 0.1117203 0.1129290 0.1203742 0.1241119 0.1072850 0.0922256 0.1168903 0.1151687 0.0127138 0.1056487 0.1170718 0.1307164 0.0834925 0.0197742 0.1185355 0.1279817 0.1120022 0.1224811 0.0975953 0.1123261 0.1137837 0.1223750 0.1115307 0.0094459 0.1559568 0.1285286 0.0157608 0.1196040 0.1132914 0.1164972 0.0937328 0.1148866 0.0923024 0.0931824 0.1236762 0.1161365 0.0989206 0.0746385 0.1108986 0.1033171 0.1008602 0.1107049 0.0550810 0.1138115 0.1124996 0.1120443 0.1157304 0.1558903 0.1103083 0.1564320 0.1292989 0.0757914 0.1046917 0.1167665 0.1219135 0.1581046 0.0925372 0.1570026 0.1057687 0.1140433 0.1181701 0.0774467 0.1207046 0.1228704 0.1579115 0.1113722 0.1314788 0.1080409 0.1115115 0.1114401 0.1091370 0.0146204 0.1075757 0.1300090 0.0749847 0.0160077 0.0121651 0.1160103 0.0815598 0.1244603 0.1007691 0.1131589 0.1120099 0.1201779 0.1201624 0.1165055 0.1045968 0.1062749 0.1069618 0.1261633 0.1245792 0.0928638 0.1225338 0.1102434 0.1161274 0.1056484 0.1080641 0.1149820 0.1120983 0.1158001 0.1188852 0.1165456 0.1070302 0.1128271 0.1109209 0.1163294 0.1243400 0.1139279 0.1041929 0.1003765 0.1311566 0.0955144 0.1097091 0.1183983 0.0978134 
S0327         0.1893381 0.0966291 0.0851620 0.0770979 0.0976529 0.0973123 0.1179265 0.0629308 0.0825088 0.1070544 0.1228686 0.0752746 0.1147774 0.1195719 0.0682977 0.1151191 0.0000000 0.0919485 0.1005514 0.1162551 0.0922858 0.0940700 0.0961008 0.0673616 0.1065984 0.0539832 0.0761437 0.0952510 0.0532521 0.1141034 0.0491868 0.0927081 0.1113234 0.1246596 0.1125685 0.0665081 0.1063186 0.0922837 0.0679756 0.0501605 0.0667671 0.0917826 0.1017038 0.0918942 0.1125553 0.1370242 0.1087977 0.1155779 0.0895369 0.0930613 0.0927787 0.0758286 0.0942560 0.0768214 0.0777744 0.0964253 0.0964315 0.0537449 0.1164966 0.0632069 0.0573003 0.0711300 0.0590636 0.0950052 0.0888367 0.0910649 0.0859128 0.0890979 0.1290250 0.0997278 0.1382467 0.1009950 0.1127314 0.1349254 0.0930088 0.0959154 0.1389085 0.0751139 0.1386601 0.0624077 0.0921116 0.0891653 0.1148412 0.1008334 0.1000044 0.1409843 0.0916966 0.1089706 0.0828078 0.0596115 0.0637448 0.0626453 0.1148339 0.0579335 0.0761393 0.1122528 0.1179558 0.1113078 0.0978538 0.1247961 0.0935693 0.0800691 0.0951109 0.0905464 0.0982980 0.0979061 0.0959508 0.0592976 0.0837247 0.0835304 0.0713464 0.1041347 0.0754390 0.0663613 0.0982197 0.0661407 0.0868550 0.0979146 0.0917208 0.0806304 0.0968010 0.0677191 0.0952300 0.0611090 0.0921078 0.0900352 0.0923749 0.0935483 0.0686975 0.0769319 0.0713765 0.1141807 0.0802634 0.0799524 0.0987643 0.0698883 
S0335         0.1936766 0.0921815 0.0883341 0.1062900 0.0994775 0.0966159 0.1252185 0.0954414 0.0607032 0.1059134 0.1230872 0.1029713 0.1246679 0.1251156 0.0957533 0.1245340 0.0919485 0.0000000 0.0490516 0.1209502 0.0942047 0.0911995 0.0920698 0.0980866 0.1037353 0.0849735 0.0801408 0.0964666 0.0920812 0.1212560 0.0825981 0.0855827 0.1117052 0.1272168 0.1173092 0.0962674 0.1064721 0.0883804 0.0993678 0.0764285 0.0930666 0.0890433 0.1021653 0.0958413 0.1193043 0.1417652 0.1052623 0.1213165 0.0814435 0.0911771 0.0855915 0.0785074 0.0943986 0.0787119 0.0814689 0.0881931 0.0969186 0.0801695 0.1205730 0.0894166 0.0817828 0.0591479 0.0893633 0.1023268 0.0859009 0.0829809 0.0812983 0.0831207 0.1198791 0.1008738 0.1471845 0.0928954 0.1182334 0.1410249 0.0858193 0.0872202 0.1429109 0.0797625 0.1448738 0.0840868 0.0854003 0.0675814 0.1184014 0.0978784 0.0736125 0.1451566 0.0898607 0.1090558 0.0647810 0.0891344 0.0899430 0.0893374 0.1200363 0.0858739 0.1042326 0.1170428 0.1256689 0.1199111 0.0934939 0.1273809 0.0431040 0.0588892 0.0942878 0.0878853 0.0969475 0.0742436 0.0943607 0.0878547 0.0599797 0.0614484 0.1011357 0.1037037 0.0804245 0.0976479 0.1000724 0.0943306 0.0868001 0.1015035 0.0683846 0.0452172 0.0916780 0.0998114 0.0949554 0.0863192 0.0893523 0.0890999 0.0406254 0.0279255 0.0943103 0.0715906 0.0600898 0.1048801 0.0867361 0.0452636 0.0969838 0.0590322 
S0345         0.1924714 0.0981646 0.0832121 0.1157705 0.1052958 0.0983925 0.1249832 0.1063061 0.0695505 0.1093929 0.1330062 0.1129963 0.1313126 0.1289831 0.1071142 0.1308693 0.1005514 0.0490516 0.0000000 0.1291358 0.1028771 0.0936036 0.0943053 0.1085508 0.1096322 0.0935863 0.0853378 0.1045288 0.1007905 0.1244686 0.0922020 0.0900403 0.1189304 0.1301775 0.1245301 0.1056400 0.1111516 0.0921032 0.1074072 0.0828928 0.0994306 0.0976706 0.1008527 0.1005555 0.1226427 0.1456810 0.1145900 0.1296528 0.0927916 0.0983587 0.0893507 0.0850609 0.0989691 0.0848102 0.0871437 0.0974391 0.1033800 0.0877561 0.1256100 0.0964431 0.0858145 0.0643303 0.1001176 0.1075140 0.0884233 0.0898915 0.0855576 0.0875852 0.1239398 0.1019022 0.1536231 0.1019938 0.1242973 0.1412382 0.0965957 0.0984612 0.1469246 0.0848739 0.1493957 0.0919093 0.0926624 0.0780120 0.1239136 0.1050244 0.0859616 0.1478289 0.0959792 0.1123157 0.0727586 0.0976960 0.0966815 0.0956520 0.1259551 0.0891577 0.1116978 0.1188989 0.1323018 0.1269894 0.0958099 0.1321365 0.0414844 0.0681973 0.0993104 0.0897421 0.1061713 0.0831275 0.1031547 0.0934412 0.0669119 0.0700222 0.1111982 0.1112695 0.0852061 0.1056748 0.1022689 0.0996009 0.0910681 0.1034229 0.0765688 0.0545945 0.0968641 0.1057183 0.1011431 0.0928907 0.0958236 0.0959241 0.0386407 0.0516845 0.1014975 0.0777539 0.0649673 0.1195825 0.0899788 0.0522156 0.1048632 0.0646270 
S0355         0.2037095 0.1133554 0.0963209 0.1265905 0.1031061 0.1118954 0.0184363 0.1171799 0.1013919 0.1222189 0.1390608 0.1277530 0.0153454 0.0579280 0.1199619 0.0151773 0.1162551 0.1209502 0.1291358 0.0000000 0.1084133 0.1088489 0.1089536 0.1205421 0.1207619 0.1058835 0.0889119 0.1147984 0.1146113 0.0118904 0.1029320 0.1152642 0.1296182 0.0814572 0.0188780 0.1197874 0.1258980 0.1080289 0.1237726 0.0982696 0.1090989 0.1108697 0.1201325 0.1082072 0.0149620 0.1553079 0.1263029 0.0138140 0.1155342 0.1115019 0.1154312 0.0904060 0.1120002 0.0885616 0.0908983 0.1219439 0.1118191 0.0992482 0.0739686 0.1085043 0.1031656 0.0989004 0.1120737 0.0518841 0.1120083 0.1115438 0.1109097 0.1135642 0.1559835 0.1101242 0.1534159 0.1261772 0.0741186 0.1018871 0.1156733 0.1208203 0.1574550 0.0892227 0.1563542 0.1043406 0.1126090 0.1172072 0.0757880 0.1185099 0.1206735 0.1572598 0.1095900 0.1299735 0.1070703 0.1102266 0.1090479 0.1067351 0.0135185 0.1084097 0.1309801 0.0716330 0.0154549 0.0110581 0.1120174 0.0799988 0.1223862 0.0972566 0.1117355 0.1077031 0.1187218 0.1183111 0.1139912 0.1053398 0.1027179 0.1041123 0.1239546 0.1238316 0.0902376 0.1215891 0.1100592 0.1137120 0.1023868 0.1086071 0.1120710 0.1106283 0.1131529 0.1204042 0.1143599 0.1044210 0.1099610 0.1076839 0.1132048 0.1227560 0.1118906 0.1035933 0.0980162 0.1322086 0.0928572 0.1078875 0.1163282 0.0954654 
S0376         0.1779425 0.0753308 0.0757031 0.1007476 0.0884229 0.0735122 0.1107556 0.0886605 0.0784353 0.0770290 0.0958604 0.1021551 0.1089834 0.1142096 0.0930231 0.1104475 0.0922858 0.0942047 0.1028771 0.1084133 0.0000000 0.0689189 0.0697509 0.0916810 0.0842898 0.0826744 0.0720869 0.0309413 0.0878148 0.1076142 0.0787711 0.0889423 0.0939204 0.1124462 0.1055302 0.0929832 0.0844477 0.0678085 0.0945921 0.0718093 0.0877672 0.0703768 0.0781289 0.0872913 0.1075167 0.1274683 0.0831458 0.1073838 0.0899471 0.0725552 0.0900043 0.0718154 0.0724648 0.0718454 0.0745016 0.0965198 0.0896690 0.0762366 0.1096866 0.0856504 0.0758942 0.0706581 0.0853347 0.0858357 0.0849168 0.0890186 0.0823799 0.0848262 0.1068401 0.0923155 0.1284118 0.1039768 0.1046666 0.1239704 0.0922096 0.0947298 0.1270017 0.0710724 0.1303980 0.0834989 0.0897473 0.0826516 0.1054213 0.0781293 0.0979983 0.1290881 0.0687009 0.0839260 0.0805160 0.0871360 0.0854501 0.0846162 0.1082555 0.0787335 0.1007907 0.1000510 0.1105028 0.1064913 0.0739320 0.1146138 0.0954846 0.0760359 0.0715779 0.0665783 0.0793558 0.0960358 0.0746628 0.0851205 0.0797604 0.0795854 0.1013874 0.0806415 0.0717833 0.0895440 0.0914163 0.0903772 0.0658253 0.0923210 0.0889699 0.0774358 0.0718716 0.0965899 0.0716832 0.0862844 0.0698544 0.0700751 0.0924320 0.0952318 0.0904722 0.0746216 0.0739259 0.1117879 0.0810848 0.0776025 0.0260191 0.0704957 
S0400         0.1838422 0.0347533 0.0787874 0.1034334 0.0857482 0.0196402 0.1086096 0.0926511 0.0767743 0.0293721 0.0676678 0.1057582 0.1098567 0.1113565 0.0950710 0.1117203 0.0940700 0.0911995 0.0936036 0.1088489 0.0689189 0.0000000 0.0194728 0.0949722 0.0663528 0.0849573 0.0716896 0.0737106 0.0905023 0.1066033 0.0809176 0.0923387 0.0691377 0.1174831 0.1052150 0.0944496 0.0337368 0.0180641 0.0978248 0.0742730 0.0886701 0.0538309 0.0190826 0.0892155 0.1069886 0.1263019 0.0673723 0.1093747 0.0834061 0.0223352 0.0912985 0.0727487 0.0188115 0.0710770 0.0726753 0.0990286 0.0923277 0.0765753 0.1113252 0.0849460 0.0772829 0.0679895 0.0905220 0.0858542 0.0907096 0.0889417 0.0892237 0.0903228 0.0803978 0.0915849 0.1281045 0.0993839 0.1035315 0.1310702 0.0905260 0.0945576 0.1270219 0.0710024 0.1302961 0.0798831 0.0921092 0.0839822 0.1077609 0.0461895 0.0906300 0.1293911 0.0148813 0.0448472 0.0780432 0.0866559 0.0851395 0.0845221 0.1091207 0.0814252 0.1053610 0.0978770 0.1108834 0.1064624 0.0213802 0.1184258 0.0914404 0.0727754 0.0176875 0.0184249 0.0380993 0.0921568 0.0408289 0.0878218 0.0783048 0.0778721 0.1028888 0.0391399 0.0719765 0.0927606 0.0905270 0.0908093 0.0108389 0.0909405 0.0856062 0.0764562 0.0240100 0.0980812 0.0365664 0.0855120 0.0241758 0.0496563 0.0892734 0.0946676 0.0886751 0.0766972 0.0685646 0.1124013 0.0755348 0.0740073 0.0712529 0.0652077 
S0405         0.1823773 0.0360353 0.0816660 0.1048427 0.0876832 0.0231034 0.1088747 0.0937311 0.0796635 0.0337083 0.0652430 0.1063524 0.1110583 0.1105001 0.0950508 0.1129290 0.0961008 0.0920698 0.0943053 0.1089536 0.0697509 0.0194728 0.0000000 0.0963283 0.0671204 0.0862702 0.0738381 0.0751144 0.0921875 0.1089862 0.0828417 0.0919479 0.0725776 0.1154770 0.1061297 0.0950579 0.0356036 0.0161435 0.0974325 0.0751491 0.0898809 0.0548778 0.0290821 0.0884978 0.1081800 0.1262086 0.0696751 0.1105777 0.0839655 0.0235304 0.0912538 0.0735897 0.0228287 0.0738701 0.0731525 0.1008682 0.0916127 0.0774617 0.1101778 0.0868243 0.0784953 0.0684449 0.0934395 0.0876171 0.0914315 0.0903367 0.0902143 0.0907215 0.0792329 0.0931305 0.1279328 0.0997769 0.1031419 0.1314565 0.0914336 0.0950433 0.1269301 0.0724891 0.1294677 0.0858454 0.0917158 0.0866668 0.1073634 0.0472055 0.0926235 0.1293029 0.0179814 0.0477395 0.0785221 0.0882653 0.0870162 0.0860571 0.1103202 0.0820327 0.1060021 0.0994483 0.1120883 0.1080171 0.0180383 0.1175508 0.0913562 0.0752957 0.0214059 0.0159161 0.0385142 0.0933698 0.0409203 0.0900820 0.0804905 0.0794457 0.1031884 0.0425571 0.0734688 0.0941062 0.0920721 0.0920308 0.0144797 0.0935050 0.0882900 0.0779969 0.0260847 0.0998167 0.0375730 0.0868402 0.0254053 0.0525412 0.0866421 0.0949026 0.0891553 0.0782770 0.0693497 0.1106494 0.0773385 0.0762070 0.0723217 0.0669606 
S0407sl       0.1908029 0.0988604 0.0961083 0.0496545 0.0997342 0.1008333 0.1222233 0.0453245 0.0886972 0.1046298 0.1256848 0.0471150 0.1218330 0.1232501 0.0448283 0.1203742 0.0673616 0.0980866 0.1085508 0.1205421 0.0916810 0.0949722 0.0963283 0.0000000 0.1045543 0.0347623 0.0837722 0.0972219 0.0683538 0.1182356 0.0604921 0.0944169 0.1140583 0.1272634 0.1180856 0.0429741 0.1079862 0.0938663 0.0452779 0.0567792 0.0714452 0.0931981 0.1030106 0.0974675 0.1166120 0.1378412 0.1057446 0.1197402 0.0959766 0.0961372 0.0939807 0.0841310 0.0979253 0.0851509 0.0837326 0.1021518 0.1020708 0.0600643 0.1212888 0.0681228 0.0644225 0.0824245 0.0380832 0.1006834 0.0918373 0.0943957 0.0890549 0.0910992 0.1336605 0.1055984 0.1412243 0.1095524 0.1166475 0.1419973 0.0952926 0.0981899 0.1397434 0.0820446 0.1398958 0.0597798 0.0976302 0.0986636 0.1198619 0.1049005 0.1028406 0.1389044 0.0939888 0.1094481 0.0869350 0.0387451 0.0689906 0.0675837 0.1188486 0.0626873 0.0508957 0.1155082 0.1215123 0.1161462 0.0995425 0.1291781 0.1007979 0.0858656 0.0973336 0.0918060 0.1014431 0.0999870 0.0997963 0.0660824 0.0874819 0.0869034 0.0473475 0.1056381 0.0839769 0.0119170 0.1041814 0.0713846 0.0898834 0.1038643 0.0973375 0.0851912 0.1003206 0.0486134 0.0981119 0.0689274 0.0956211 0.0915200 0.0977138 0.1032533 0.0726841 0.0824349 0.0816568 0.1145543 0.0876420 0.0835494 0.0994205 0.0803989 
S0412sl       0.1959743 0.0720040 0.0951781 0.1156096 0.1002672 0.0707414 0.1220371 0.1054004 0.0902211 0.0794044 0.0975500 0.1155636 0.1234552 0.1243539 0.1064977 0.1241119 0.1065984 0.1037353 0.1096322 0.1207619 0.0842898 0.0663528 0.0671204 0.1045543 0.0000000 0.0964817 0.0857887 0.0861498 0.1009477 0.1204391 0.0918967 0.1011439 0.0727028 0.1278008 0.1167286 0.1074953 0.0806530 0.0667906 0.1085592 0.0848272 0.1006380 0.0569237 0.0755270 0.1013830 0.1193171 0.1422333 0.0516873 0.1220817 0.1003868 0.0705090 0.1019600 0.0869171 0.0681167 0.0858535 0.0878201 0.1083360 0.1046662 0.0895806 0.1205692 0.0964476 0.0838241 0.0786928 0.1010489 0.1003318 0.0998628 0.1001479 0.0971882 0.0976112 0.1110638 0.1059297 0.1428556 0.1106660 0.1125565 0.1374941 0.1040246 0.1079042 0.1429832 0.0857493 0.1463720 0.0966471 0.1040686 0.0986464 0.1168314 0.0787554 0.1038697 0.1450076 0.0657291 0.0859751 0.0869973 0.1002715 0.0969771 0.0967640 0.1214178 0.0917325 0.1152716 0.1085346 0.1243795 0.1182416 0.0694896 0.1252121 0.1065925 0.0837303 0.0688324 0.0651289 0.0759813 0.1059491 0.0735773 0.0995817 0.0911470 0.0907229 0.1144293 0.0791766 0.0864159 0.1063896 0.1059484 0.1014943 0.0607230 0.1056226 0.0984725 0.0913662 0.0708962 0.1090528 0.0719426 0.0960690 0.0665654 0.0541254 0.0963193 0.1063583 0.1023133 0.0843647 0.0806817 0.1231716 0.0911790 0.0892904 0.0860842 0.0778488 
S0417         0.1806528 0.0871830 0.0794420 0.0370795 0.0864595 0.0902983 0.1062761 0.0310932 0.0735677 0.0966943 0.1157111 0.0372294 0.1058099 0.1091593 0.0312308 0.1072850 0.0539832 0.0849735 0.0935863 0.1058835 0.0826744 0.0849573 0.0862702 0.0347623 0.0964817 0.0000000 0.0712075 0.0875890 0.0551221 0.1044907 0.0496297 0.0827103 0.1048451 0.1153547 0.1028804 0.0312212 0.0974784 0.0838365 0.0331408 0.0421383 0.0600604 0.0807090 0.0923280 0.0840918 0.1025846 0.1267926 0.0994815 0.1046982 0.0833240 0.0843307 0.0823756 0.0702522 0.0881631 0.0705828 0.0717778 0.0895902 0.0884021 0.0453386 0.1068075 0.0569079 0.0518785 0.0676298 0.0291630 0.0862093 0.0799219 0.0824451 0.0758629 0.0790943 0.1220739 0.0920002 0.1292170 0.0946059 0.1031372 0.1278291 0.0826095 0.0857846 0.1289888 0.0695449 0.1283873 0.0453693 0.0839987 0.0823301 0.1056336 0.0923182 0.0896710 0.1287390 0.0833288 0.0982778 0.0738280 0.0272309 0.0577641 0.0566380 0.1046883 0.0507506 0.0409995 0.1039392 0.1076670 0.1024557 0.0880088 0.1139981 0.0875876 0.0712312 0.0880047 0.0817445 0.0859617 0.0857078 0.0885989 0.0529545 0.0733360 0.0725178 0.0378321 0.0952706 0.0705126 0.0326912 0.0901553 0.0607284 0.0791964 0.0898864 0.0818278 0.0730527 0.0864375 0.0353960 0.0858498 0.0538667 0.0849412 0.0811297 0.0845928 0.0868515 0.0601272 0.0718159 0.0669081 0.1078604 0.0735677 0.0714099 0.0901043 0.0667484 
S0419         0.1741941 0.0769581 0.0199106 0.0896726 0.0349009 0.0742120 0.0896601 0.0781142 0.0691570 0.0838949 0.1050657 0.0928881 0.0917172 0.0926730 0.0835795 0.0922256 0.0761437 0.0801408 0.0853378 0.0889119 0.0720869 0.0716896 0.0738381 0.0837722 0.0857887 0.0712075 0.0000000 0.0791117 0.0748980 0.0877452 0.0692851 0.0804794 0.0948953 0.0970082 0.0867539 0.0795690 0.0860205 0.0703073 0.0873044 0.0627309 0.0766996 0.0717871 0.0792049 0.0322549 0.0880486 0.1215034 0.0870808 0.0899892 0.0823963 0.0742888 0.0808048 0.0072043 0.0744890 0.0096304 0.0093563 0.0888888 0.0373498 0.0659867 0.0939814 0.0741077 0.0685981 0.0616969 0.0788871 0.0707103 0.0797762 0.0813098 0.0763938 0.0782934 0.1119941 0.0377564 0.1203671 0.0924539 0.0863399 0.1099807 0.0845865 0.0884521 0.1218471 0.0069246 0.1239659 0.0695647 0.0837131 0.0766445 0.0876958 0.0855472 0.0839697 0.1233568 0.0711387 0.0893654 0.0697979 0.0728711 0.0736592 0.0739309 0.0891095 0.0711616 0.0899827 0.0835007 0.0925829 0.0868645 0.0739651 0.0990372 0.0797857 0.0652552 0.0749525 0.0692583 0.0782428 0.0827629 0.0767700 0.0708797 0.0693579 0.0689129 0.0880363 0.0841497 0.0082702 0.0816952 0.0369529 0.0794374 0.0667778 0.0365588 0.0800754 0.0651190 0.0765714 0.0862071 0.0768088 0.0743978 0.0706836 0.0678417 0.0779014 0.0832270 0.0783617 0.0681567 0.0602767 0.1006520 0.0386099 0.0665422 0.0765825 0.0589993 
S0427         0.1820023 0.0771441 0.0865263 0.1094511 0.0924236 0.0791118 0.1185993 0.0967438 0.0838519 0.0865091 0.1000972 0.1082333 0.1176429 0.1180564 0.0978594 0.1168903 0.0952510 0.0964666 0.1045288 0.1147984 0.0309413 0.0737106 0.0751144 0.0972219 0.0861498 0.0875890 0.0791117 0.0000000 0.0907882 0.1147567 0.0832177 0.0919186 0.0952903 0.1222929 0.1110211 0.0979380 0.0872621 0.0725863 0.1018302 0.0745020 0.0926701 0.0730791 0.0832002 0.0951266 0.1128433 0.1341440 0.0867562 0.1154937 0.0904745 0.0751398 0.0933851 0.0788661 0.0770249 0.0791465 0.0807544 0.1000884 0.0975968 0.0798383 0.1192699 0.0916306 0.0814560 0.0744232 0.0918497 0.0938272 0.0886934 0.0895184 0.0866766 0.0879628 0.1105337 0.0994326 0.1342796 0.1053685 0.1127173 0.1368987 0.0935196 0.0960794 0.1341410 0.0784078 0.1370918 0.0887602 0.0927290 0.0863773 0.1162077 0.0841151 0.1020186 0.1365926 0.0730435 0.0890271 0.0845462 0.0915758 0.0918272 0.0898452 0.1160961 0.0843793 0.1066436 0.1067869 0.1178945 0.1134204 0.0785290 0.1242800 0.0962900 0.0807621 0.0762439 0.0724363 0.0815044 0.1000776 0.0768586 0.0874303 0.0840399 0.0846037 0.1040574 0.0833993 0.0794005 0.0961412 0.0978462 0.0943976 0.0709900 0.0979752 0.0931828 0.0797291 0.0788152 0.1016136 0.0769297 0.0888626 0.0734817 0.0724185 0.0935924 0.0961762 0.0939566 0.0795515 0.0759964 0.1126843 0.0840971 0.0791267 0.0297262 0.0732223 
S0428sl       0.1857508 0.0933173 0.0856685 0.0769574 0.0931435 0.0957968 0.1145564 0.0622213 0.0771432 0.1015180 0.1179008 0.0736562 0.1145388 0.1217885 0.0648171 0.1151687 0.0532521 0.0920812 0.1007905 0.1146113 0.0878148 0.0905023 0.0921875 0.0683538 0.1009477 0.0551221 0.0748980 0.0907882 0.0000000 0.1117298 0.0501317 0.0906715 0.1114536 0.1224183 0.1154112 0.0651331 0.1043608 0.0878411 0.0693057 0.0453057 0.0657949 0.0873322 0.0974689 0.0913256 0.1098440 0.1352901 0.1046713 0.1154459 0.0897658 0.0889015 0.0907656 0.0738448 0.0923490 0.0742516 0.0766292 0.0955520 0.0950861 0.0490055 0.1191532 0.0624381 0.0532963 0.0713856 0.0606976 0.0946524 0.0858162 0.0908304 0.0871336 0.0875984 0.1292121 0.0982407 0.1375611 0.1040650 0.1113931 0.1375247 0.0917630 0.0944562 0.1360861 0.0738285 0.1370078 0.0579357 0.0896299 0.0904473 0.1159805 0.1010205 0.0958660 0.1373642 0.0880027 0.1043982 0.0805820 0.0608431 0.0626688 0.0621904 0.1140684 0.0543904 0.0733863 0.1123017 0.1159786 0.1096235 0.0956164 0.1293700 0.0923102 0.0753845 0.0915681 0.0863095 0.0945048 0.0954478 0.0941837 0.0578316 0.0764765 0.0778769 0.0727871 0.1007002 0.0751916 0.0659114 0.0961688 0.0661759 0.0850146 0.0967048 0.0875310 0.0787180 0.0919255 0.0707323 0.0908476 0.0586949 0.0857231 0.0855259 0.0891730 0.0959687 0.0651007 0.0727898 0.0709630 0.1119725 0.0776183 0.0780816 0.0936034 0.0684284 
