136
PAFTOL_019361 0.0000000 0.1937829 0.1985762 0.2175585 0.2009031 0.2080263 0.2188152 0.1956615 0.2019961 0.2300346 0.2314207 0.2175975 0.2009504 0.2122873 0.2182756 0.2146102 0.1976450 0.2065432 0.2272555 0.2053170 0.2157539 0.1970249 0.1952310 0.1973178 0.1945485 0.2030129 0.1890266 0.1986345 0.1949506 0.1984840 0.1977119 0.1939293 0.2093710 0.2146915 0.2054907 0.2038596 0.2036444 0.2008817 0.2132899 0.2088132 0.1976267 0.1982578 0.2083879 0.2010205 0.2033589 0.1862804 0.1996650 0.2100785 0.2064866 0.2013871 0.1970733 0.1889079 0.2030335 0.1858661 0.1902277 0.2111087 0.2039077 0.2041430 0.2135127 0.1929032 0.2129207 0.1879900 0.1974847 0.2026370 0.2021531 0.2022350 0.1914083 0.2000145 0.2195630 0.1957372 0.1923336 0.1658124 0.2158117 0.2174985 0.2022121 0.2117890 0.1889452 0.1997098 0.1907451 0.2196226 0.2034985 0.2141662 0.2134622 0.2050439 0.2101049 0.1847626 0.2025997 0.2042357 0.1889527 0.2001907 0.1898911 0.1958016 0.2015729 0.2159539 0.2076610 0.2126635 0.2082038 0.2072598 0.1963826 0.2181774 0.2054875 0.1993679 0.2040072 0.1905470 0.1906326 0.2108053 0.1908982 0.2098503 0.2049365 0.2085166 0.2156712 0.2022990 0.1902860 0.1923230 0.1949420 0.1959841 0.2004384 0.2002073 0.2069291 0.2050313 0.2005410 0.2157353 0.1980966 0.2075883 0.1977306 0.1971886 0.2095311 0.2059782 0.2027775 0.2005570 0.1889343 0.2125115 0.1941181 0.2004516 0.1939446 0.1934352 
S0055         0.1937829 0.0000000 0.0697441 0.0821963 0.0642612 0.0418851 0.0984483 0.0670324 0.0662748 0.0669619 0.0691073 0.0804805 0.0824240 0.0939126 0.0847087 0.0888390 0.0716019 0.0669832 0.0978444 0.0830094 0.0715542 0.0332776 0.0384442 0.0736487 0.0489279 0.0690227 0.0574931 0.0613863 0.0631436 0.0799490 0.0626910 0.0670208 0.0583405 0.0899353 0.0866045 0.0758696 0.0416766 0.0407542 0.0762012 0.0764230 0.0660292 0.0394218 0.0354006 0.0614342 0.0857498 0.0992971 0.0455530 0.0850684 0.0769439 0.0390613 0.0680190 0.0551584 0.0375549 0.0560706 0.0549342 0.0690659 0.0634333 0.0731679 0.0819302 0.0613226 0.0763089 0.0526902 0.0752751 0.0782575 0.0759514 0.0694530 0.0667098 0.0720202 0.0636604 0.0692445 0.1040514 0.0427632 0.0920452 0.0927600 0.0693972 0.0729214 0.1035517 0.0630099 0.1031110 0.0987290 0.0695775 0.0781900 0.0884117 0.0463505 0.0652322 0.0993478 0.0389525 0.0444682 0.0565321 0.0701703 0.0586538 0.0604662 0.0794895 0.0737993 0.0709929 0.0854832 0.0809482 0.0832200 0.0346527 0.0872091 0.0723309 0.0650857 0.0410406 0.0330876 0.0216094 0.0741241 0.0404299 0.0748147 0.0641590 0.0714663 0.0754930 0.0467305 0.0590476 0.0633497 0.0687364 0.0641470 0.0386319 0.0711348 0.0694768 0.0629797 0.0424962 0.0808689 0.0381505 0.0752808 0.0333420 0.0390369 0.0786417 0.0662498 0.0686481 0.0644824 0.0524461 0.0839870 0.0571039 0.0602882 0.0612134 0.0573624 
S0196sl       0.1985762 0.0697441 0.0000000 0.1029749 0.0464644 0.0759705 0.0900396 0.0783614 0.0623587 0.1167060 0.1080812 0.0888894 0.0851356 0.0903884 0.0759574 0.0897367 0.0648181 0.0623685 0.0986494 0.0799407 0.1005944 0.0650041 0.0686156 0.0765372 0.0672622 0.0665234 0.0225135 0.0802001 0.0722722 0.0785668 0.0685201 0.0655682 0.0930004 0.0889808 0.0844315 0.0762617 0.0782865 0.0803376 0.0684426 0.0819345 0.0646028 0.0752044 0.0612591 0.0439227 0.0777985 0.1169803 0.0868667 0.0809081 0.0847367 0.0749403 0.0675550 0.0194452 0.0694012 0.0178881 0.0225339 0.0697735 0.0471386 0.0770023 0.0796829 0.0596388 0.0794226 0.0441239 0.0733350 0.0770567 0.0729580 0.0656796 0.0639710 0.0674835 0.1069319 0.0394823 0.1104520 0.0444681 0.0945456 0.0986882 0.0721003 0.0757689 0.1139182 0.0269435 0.1189708 0.1095916 0.0648209 0.0774664 0.0926725 0.0756557 0.0645624 0.1165056 0.0714410 0.0771308 0.0516321 0.0659766 0.0588605 0.0586818 0.0740801 0.0811694 0.0739920 0.0887367 0.0800403 0.0811370 0.0695861 0.0902875 0.0703744 0.0610244 0.0717050 0.0656528 0.0579546 0.0700953 0.0660074 0.0727889 0.0576912 0.0667379 0.0837304 0.0794674 0.0210323 0.0836720 0.0378208 0.0631910 0.0723430 0.0387738 0.0647317 0.0580234 0.0689707 0.0866441 0.0755842 0.0766664 0.0670549 0.0797766 0.0707639 0.0608251 0.0683970 0.0587149 0.0472094 0.0834303 0.0447962 0.0579255 0.0693962 0.0509107 
S0278         0.2175585 0.0821963 0.1029749 0.0000000 0.0872385 0.0885537 0.1077946 0.0442987 0.0909339 0.1100368 0.1140351 0.0549923 0.0964860 0.1060060 0.0508045 0.0980019 0.0496209 0.0910849 0.1169907 0.0953459 0.1007045 0.0784784 0.0806644 0.0495678 0.0919663 0.0437718 0.0725597 0.0862751 0.0505508 0.0921795 0.0668614 0.0870347 0.1007630 0.1065655 0.0938175 0.0450627 0.0891901 0.0739739 0.0529968 0.0735121 0.0573156 0.0797515 0.0847397 0.0809160 0.0966371 0.1185888 0.0882619 0.0963212 0.0975033 0.0853438 0.0882711 0.0733148 0.0840366 0.0730679 0.0758976 0.0926500 0.0834990 0.0737274 0.1012318 0.0541649 0.0719756 0.0722655 0.0548501 0.0931443 0.0945463 0.0850499 0.0867665 0.0923342 0.1047255 0.0848943 0.1266514 0.0642003 0.1005836 0.1045336 0.0875555 0.0902189 0.1242940 0.0834228 0.1238562 0.0778334 0.0893627 0.0905243 0.0991482 0.0890412 0.0915478 0.1218489 0.0823549 0.0906628 0.0803654 0.0472758 0.0525506 0.0554393 0.0933732 0.0702971 0.0388985 0.0990610 0.0946541 0.0973452 0.0773619 0.1037248 0.0892008 0.0868948 0.0827761 0.0726843 0.0789926 0.0976453 0.0840165 0.0780586 0.0879274 0.0942439 0.0442490 0.0915053 0.0759252 0.0341979 0.0860071 0.0557748 0.0837231 0.0880468 0.0944846 0.0822637 0.0850066 0.0487532 0.0832529 0.0747786 0.0765064 0.0849226 0.0947842 0.0851724 0.0577528 0.0837756 0.0736249 0.1053408 0.0722105 0.0804629 0.0854335 0.0795511 
S0281         0.2009031 0.0642612 0.0464644 0.0872385 0.0000000 0.0759546 0.1019602 0.0715449 0.0624617 0.1070049 0.0970677 0.0831429 0.0844500 0.0981681 0.0805806 0.0903549 0.0727107 0.0638897 0.0930863 0.0832724 0.0859028 0.0634539 0.0671305 0.0736158 0.0658326 0.0676920 0.0319137 0.0735275 0.0749808 0.0802640 0.0644007 0.0604320 0.0826893 0.0958331 0.0889968 0.0687930 0.0722379 0.0737085 0.0745962 0.0771127 0.0637886 0.0639863 0.0661914 0.0299988 0.0843773 0.1033487 0.0717730 0.0871002 0.0874481 0.0708475 0.0610340 0.0301109 0.0698693 0.0300794 0.0324542 0.0636116 0.0308891 0.0782443 0.0830131 0.0631217 0.0802574 0.0480305 0.0752159 0.0807104 0.0772898 0.0635166 0.0601162 0.0605188 0.0937316 0.0460757 0.1134389 0.0475480 0.0965696 0.0969424 0.0647503 0.0692156 0.1077955 0.0320569 0.1112366 0.0915300 0.0648801 0.0701663 0.0952127 0.0699389 0.0673424 0.1052411 0.0708868 0.0717752 0.0475173 0.0663704 0.0609744 0.0638339 0.0803223 0.0770957 0.0708857 0.0901096 0.0829476 0.0846832 0.0639289 0.0912578 0.0680304 0.0617905 0.0727734 0.0624283 0.0566905 0.0685506 0.0640100 0.0787939 0.0591768 0.0655316 0.0772635 0.0733592 0.0324639 0.0697811 0.0461201 0.0675945 0.0704099 0.0473119 0.0672922 0.0571376 0.0707441 0.0796940 0.0674193 0.0796812 0.0630682 0.0666803 0.0742673 0.0620504 0.0706032 0.0594678 0.0492935 0.0796543 0.0398062 0.0561340 0.0745753 0.0536698 
S0282         0.2080263 0.0418851 0.0759705 0.0885537 0.0759546 0.0000000 0.1001840 0.0721136 0.0728259 0.0460913 0.0663966 0.0881878 0.0867695 0.0970453 0.0876082 0.0893952 0.0751495 0.0749045 0.1070600 0.0851879 0.0789910 0.0158332 0.0224930 0.0735651 0.0546235 0.0716297 0.0645579 0.0645021 0.0691773 0.0810290 0.0685891 0.0690646 0.0621865 0.0927181 0.0887789 0.0805542 0.0366900 0.0259314 0.0776759 0.0836281 0.0690304 0.0437091 0.0152484 0.0707634 0.0890480 0.1042716 0.0497873 0.0856190 0.0812887 0.0279625 0.0738262 0.0616690 0.0207208 0.0621065 0.0625491 0.0726135 0.0727385 0.0805966 0.0863336 0.0653452 0.0811313 0.0597889 0.0777815 0.0814735 0.0775646 0.0741189 0.0718463 0.0771909 0.0643148 0.0769860 0.1108322 0.0469382 0.0940562 0.1007563 0.0713047 0.0791569 0.1097167 0.0703607 0.1091071 0.0913900 0.0738543 0.0838453 0.0909843 0.0501311 0.0755915 0.1060526 0.0207100 0.0440332 0.0652426 0.0742427 0.0631543 0.0654852 0.0821823 0.0782050 0.0741290 0.0883035 0.0815665 0.0843137 0.0215920 0.0920645 0.0786209 0.0720771 0.0217014 0.0200047 0.0430988 0.0796367 0.0436683 0.0793199 0.0728453 0.0796744 0.0814073 0.0439475 0.0652319 0.0642373 0.0769911 0.0666344 0.0160930 0.0794861 0.0750771 0.0654167 0.0317937 0.0844690 0.0312853 0.0821453 0.0284541 0.0442224 0.0833542 0.0714169 0.0695836 0.0669700 0.0589837 0.0946977 0.0636738 0.0648483 0.0658963 0.0655676 
S0288         0.2188152 0.0984483 0.0900396 0.1077946 0.1019602 0.1001840 0.0000000 0.0997107 0.0996648 0.1400463 0.1329159 0.1077607 0.0314338 0.0637582 0.1044834 0.0254822 0.0948457 0.1061360 0.1277948 0.0237785 0.1177640 0.0937440 0.0931641 0.1072419 0.1016376 0.0918112 0.0865583 0.1042819 0.0942840 0.0151220 0.0905544 0.1037031 0.1199290 0.0629494 0.0261189 0.0938737 0.1039870 0.1020816 0.0983305 0.0997835 0.0951711 0.1002163 0.0897457 0.0950502 0.0271694 0.1287774 0.1036366 0.0251406 0.1132319 0.1008053 0.1068247 0.0849732 0.0999120 0.0849561 0.0854401 0.1074514 0.1003516 0.1025867 0.0731078 0.0909818 0.0993943 0.0843023 0.0912742 0.0311219 0.1105920 0.1001550 0.1007836 0.0986409 0.1242198 0.1044405 0.1298362 0.0795761 0.0750696 0.0688035 0.1058582 0.1087279 0.1328483 0.0859260 0.1314985 0.1134672 0.1063076 0.1111046 0.0732167 0.1047453 0.1069820 0.1308462 0.0986682 0.1089538 0.0834267 0.0962117 0.0903109 0.0937642 0.0231878 0.1043036 0.0969356 0.0647857 0.0239269 0.0271774 0.0913131 0.0748453 0.1009068 0.0950856 0.1016026 0.0880859 0.0943765 0.1064374 0.0989070 0.1033370 0.1007386 0.1044230 0.1045158 0.1066003 0.0897082 0.0951598 0.1020610 0.0939902 0.0960264 0.1033980 0.1053742 0.0948789 0.1026494 0.1088110 0.0971253 0.1009291 0.0932722 0.1039003 0.1121953 0.1008121 0.0976224 0.1013615 0.0871856 0.1201990 0.0889746 0.0947315 0.1026210 0.0917862 
S0289         0.1956615 0.0670324 0.0783614 0.0442987 0.0715449 0.0721136 0.0997107 0.0000000 0.0739972 0.0958594 0.0982496 0.0420145 0.0793632 0.0929649 0.0406110 0.0866524 0.0390437 0.0745428 0.0969992 0.0810032 0.0807903 0.0636281 0.0626414 0.0354702 0.0745834 0.0275449 0.0605938 0.0705107 0.0446415 0.0774742 0.0507624 0.0701199 0.0874781 0.0932439 0.0838354 0.0335364 0.0736089 0.0654671 0.0432263 0.0570059 0.0466072 0.0641593 0.0640867 0.0650786 0.0820200 0.1065844 0.0685822 0.0819663 0.0827487 0.0690664 0.0733075 0.0582791 0.0673406 0.0586861 0.0607350 0.0749683 0.0684464 0.0551088 0.0823764 0.0425612 0.0584969 0.0584835 0.0368080 0.0763177 0.0804268 0.0693144 0.0693012 0.0753751 0.0829207 0.0666353 0.1115218 0.0504087 0.0917461 0.0898553 0.0726531 0.0760740 0.1115624 0.0670151 0.1111250 0.0695378 0.0707340 0.0771419 0.0876124 0.0732050 0.0746624 0.1097244 0.0672923 0.0750785 0.0599087 0.0325758 0.0405627 0.0438251 0.0775388 0.0558499 0.0305587 0.0855770 0.0796318 0.0822810 0.0610570 0.0852468 0.0738420 0.0700516 0.0659721 0.0595404 0.0607614 0.0808846 0.0693913 0.0622458 0.0718299 0.0771219 0.0284499 0.0762697 0.0597540 0.0297208 0.0692107 0.0447209 0.0673761 0.0715562 0.0794848 0.0661427 0.0692514 0.0355182 0.0679914 0.0616430 0.0622286 0.0683076 0.0790915 0.0705762 0.0446280 0.0658970 0.0592119 0.0897447 0.0597340 0.0644683 0.0719143 0.0642489 
S0292         0.2019961 0.0662748 0.0623587 0.0909339 0.0624617 0.0728259 0.0996648 0.0739972 0.0000000 0.0994757 0.0956085 0.0838273 0.0835168 0.0940350 0.0844344 0.0894731 0.0755303 0.0493573 0.0724467 0.0841203 0.0821201 0.0627756 0.0633049 0.0739995 0.0711167 0.0700601 0.0521364 0.0669914 0.0736936 0.0794851 0.0612578 0.0549461 0.0872907 0.0872773 0.0814997 0.0738722 0.0678931 0.0718189 0.0779076 0.0739265 0.0650519 0.0650407 0.0664955 0.0591021 0.0845401 0.1054239 0.0740310 0.0845481 0.0817285 0.0691280 0.0574894 0.0513130 0.0685465 0.0492632 0.0517627 0.0579340 0.0584321 0.0722641 0.0817054 0.0613487 0.0734307 0.0392375 0.0714832 0.0787550 0.0591941 0.0537802 0.0540136 0.0567684 0.0899092 0.0620156 0.1087362 0.0414760 0.0929133 0.0935862 0.0583742 0.0615016 0.1080235 0.0520675 0.1090984 0.0852348 0.0569684 0.0601117 0.0905397 0.0719784 0.0243036 0.1078916 0.0690295 0.0724938 0.0386149 0.0673795 0.0587171 0.0626626 0.0800766 0.0712863 0.0733032 0.0863082 0.0805189 0.0821712 0.0627431 0.0886426 0.0521618 0.0076537 0.0697661 0.0597688 0.0614500 0.0229766 0.0656136 0.0775152 0.0207997 0.0101589 0.0748814 0.0751872 0.0527648 0.0664356 0.0615189 0.0642008 0.0696534 0.0643490 0.0200799 0.0440111 0.0688886 0.0771223 0.0651838 0.0744553 0.0623959 0.0691543 0.0559747 0.0485193 0.0676386 0.0514276 0.0395346 0.0746207 0.0497877 0.0415202 0.0700436 0.0436004 
S0293         0.2300346 0.0669619 0.1167060 0.1100368 0.1070049 0.0460913 0.1400463 0.0958594 0.0994757 0.0000000 0.0927672 0.1064689 0.1180323 0.1297558 0.1006000 0.1235342 0.0920939 0.1041049 0.1343107 0.1204940 0.0947494 0.0400397 0.0460532 0.0858155 0.0815223 0.0842286 0.0910507 0.0952876 0.0653648 0.1148034 0.0904325 0.0931610 0.0850771 0.1224695 0.1221172 0.1038217 0.0612811 0.0549666 0.0994401 0.1024280 0.0890139 0.0742388 0.0565687 0.0974016 0.1207394 0.1380808 0.0749297 0.1200022 0.1093513 0.0495828 0.0970800 0.0898097 0.0439736 0.0867101 0.0848287 0.1040384 0.0986562 0.0950057 0.1166873 0.0863748 0.1020756 0.0842002 0.0989623 0.1138325 0.1146801 0.0961144 0.0947910 0.1075931 0.0942096 0.1008847 0.1453234 0.0680404 0.1272698 0.1279693 0.0987462 0.1124091 0.1456938 0.0999193 0.1447460 0.1110225 0.0991764 0.1117010 0.1266439 0.0763393 0.0979969 0.1428515 0.0480104 0.0664292 0.0907539 0.0931752 0.0866131 0.0878767 0.1134048 0.0978072 0.0910976 0.1167497 0.1153921 0.1173685 0.0474265 0.1270047 0.1081718 0.0958433 0.0496711 0.0478039 0.0690595 0.1024505 0.0629316 0.0910448 0.0960521 0.1032815 0.1006791 0.0632340 0.0921445 0.0788391 0.0977058 0.0880389 0.0460692 0.1021564 0.0956500 0.0938286 0.0560089 0.1019055 0.0586412 0.0995395 0.0530745 0.0659573 0.1094496 0.0988988 0.0923073 0.0947956 0.0851610 0.1203281 0.0865135 0.0921310 0.0891900 0.0892110 
S0294         0.2314207 0.0691073 0.1080812 0.1140351 0.0970677 0.0663966 0.1329159 0.0982496 0.0956085 0.0927672 0.0000000 0.1098328 0.1118943 0.1268577 0.1108605 0.1195882 0.0964485 0.0961117 0.1203324 0.1122546 0.1076364 0.0540591 0.0580514 0.0991357 0.0737455 0.0947557 0.0889040 0.0899615 0.0991827 0.1083495 0.0915604 0.0936284 0.0915320 0.1251290 0.1172902 0.1017674 0.0680163 0.0631578 0.1023860 0.1071738 0.0973272 0.0711601 0.0603682 0.0890910 0.1156850 0.1262951 0.0748082 0.1137475 0.1099045 0.0621788 0.0969990 0.0873959 0.0611322 0.0846674 0.0883951 0.0954390 0.0920983 0.1064077 0.1159067 0.0940620 0.1042957 0.0819997 0.1001051 0.1093711 0.1087025 0.0963215 0.0912201 0.0976276 0.0544066 0.1001712 0.1333872 0.0719622 0.1209737 0.1227478 0.0952036 0.1021418 0.1310024 0.0931983 0.1311723 0.1220441 0.0966047 0.1100601 0.1193034 0.0769422 0.1014884 0.1290125 0.0581023 0.0629087 0.0804413 0.0999902 0.0910047 0.0940567 0.1089257 0.1040053 0.0970187 0.1173870 0.1114135 0.1123525 0.0554007 0.1174409 0.0971631 0.0937985 0.0593879 0.0550766 0.0681351 0.1054803 0.0661408 0.1077823 0.0981004 0.1007088 0.1079502 0.0629551 0.0891414 0.0948054 0.0996207 0.0947856 0.0616322 0.1035220 0.0968366 0.0894671 0.0602416 0.1095181 0.0602582 0.1050106 0.0561569 0.0687996 0.1021828 0.0947327 0.0966352 0.0919807 0.0810812 0.1145743 0.0851466 0.0882898 0.0920912 0.0871517 
S0299         0.2175975 0.0804805 0.0888894 0.0549923 0.0831429 0.0881878 0.1077607 0.0420145 0.0838273 0.1064689 0.1098328 0.0000000 0.0938702 0.1042000 0.0483932 0.1019092 0.0530471 0.0857038 0.1094787 0.0943604 0.0954537 0.0795593 0.0790407 0.0505211 0.0854856 0.0446042 0.0718704 0.0875599 0.0526938 0.0922660 0.0652305 0.0843522 0.1019689 0.1040314 0.0905312 0.0426261 0.0874758 0.0817220 0.0554226 0.0683393 0.0590540 0.0826959 0.0816331 0.0777943 0.0940133 0.1172716 0.0864224 0.0953449 0.0934430 0.0843729 0.0866687 0.0704619 0.0829496 0.0709231 0.0731268 0.0871322 0.0819099 0.0672380 0.1003010 0.0560125 0.0703135 0.0702345 0.0496412 0.0922306 0.0928503 0.0834330 0.0833193 0.0893138 0.1014377 0.0810314 0.1241574 0.0576743 0.1076548 0.1031417 0.0832205 0.0846605 0.1231339 0.0786776 0.1250710 0.0685506 0.0861275 0.0900282 0.1064401 0.0894467 0.0827035 0.1218665 0.0828876 0.0886130 0.0710752 0.0466903 0.0557162 0.0570906 0.0928875 0.0691976 0.0461230 0.1001155 0.0926471 0.0968748 0.0757017 0.1036780 0.0849516 0.0813340 0.0815835 0.0737161 0.0725571 0.0922244 0.0813666 0.0711206 0.0803541 0.0882189 0.0460777 0.0887994 0.0709123 0.0458298 0.0843538 0.0580692 0.0861475 0.0847512 0.0885540 0.0780327 0.0851561 0.0421201 0.0815549 0.0725228 0.0764626 0.0853356 0.0893201 0.0820452 0.0553805 0.0787192 0.0693649 0.0951396 0.0698729 0.0750648 0.0869650 0.0734424 
S0303         0.2009504 0.0824240 0.0851356 0.0964860 0.0844500 0.0867695 0.0314338 0.0793632 0.0835168 0.1180323 0.1118943 0.0938702 0.0000000 0.0566159 0.0939359 0.0218328 0.0811413 0.0879652 0.1088412 0.0169661 0.1026299 0.0770791 0.0771829 0.0881752 0.0875079 0.0749935 0.0697154 0.0858042 0.0880275 0.0151434 0.0764100 0.0845863 0.0981827 0.0518828 0.0319552 0.0851814 0.0872490 0.0878991 0.0829723 0.0841201 0.0768294 0.0834073 0.0839695 0.0771083 0.0198276 0.1098007 0.0856064 0.0196443 0.0984146 0.0834278 0.0884909 0.0693709 0.0837943 0.0682454 0.0692164 0.0942481 0.0813528 0.0838702 0.0568384 0.0723860 0.0849514 0.0674345 0.0818747 0.0173881 0.0992402 0.0841444 0.0825503 0.0866555 0.1057185 0.0848278 0.1176609 0.0606265 0.0613865 0.0552166 0.0881643 0.0918179 0.1141568 0.0767250 0.1141868 0.1013169 0.0896082 0.0950173 0.0595083 0.0892074 0.0879616 0.1108906 0.0794196 0.0913394 0.0742527 0.0802068 0.0712800 0.0748841 0.0111845 0.0841187 0.0783132 0.0493965 0.0162298 0.0179140 0.0760286 0.0596355 0.0866276 0.0788380 0.0819793 0.0713476 0.0799309 0.0901271 0.0827945 0.0884278 0.0828613 0.0856919 0.0869081 0.0899561 0.0714710 0.0791909 0.0843051 0.0770365 0.0802161 0.0851169 0.0886323 0.0796471 0.0863737 0.0904983 0.0778762 0.0824062 0.0789272 0.0859047 0.0957226 0.0838198 0.0790034 0.0851936 0.0717668 0.1035601 0.0698649 0.0783912 0.0877043 0.0777990 
S0308         0.2122873 0.0939126 0.0903884 0.1060060 0.0981681 0.0970453 0.0637582 0.0929649 0.0940350 0.1297558 0.1268577 0.1042000 0.0566159 0.0000000 0.1066044 0.0601677 0.0919223 0.1020438 0.1285360 0.0547380 0.1124608 0.0873747 0.0885079 0.0980534 0.1026676 0.0880779 0.0776945 0.0981340 0.1045999 0.0516176 0.0862305 0.0944929 0.1116113 0.0614520 0.0634580 0.0971746 0.1012841 0.0941630 0.0950536 0.0983017 0.0915417 0.0901540 0.0906273 0.0887194 0.0573129 0.1253131 0.1000773 0.0545793 0.1082034 0.0973073 0.0995659 0.0762286 0.0941197 0.0772738 0.0761408 0.1018990 0.0952214 0.0977893 0.0685087 0.0883427 0.0946869 0.0801843 0.0998717 0.0515583 0.1072922 0.0925630 0.0941696 0.1005494 0.1220092 0.0918714 0.1279307 0.0744710 0.0710684 0.0659675 0.0957233 0.0995833 0.1291664 0.0850941 0.1287243 0.1111437 0.0960301 0.1064950 0.0686225 0.1013443 0.1018350 0.1285368 0.0896884 0.1050008 0.0865217 0.0911550 0.0863656 0.0895740 0.0506288 0.0952792 0.0907297 0.0628386 0.0516791 0.0533405 0.0867829 0.0703891 0.0990006 0.0891601 0.0939783 0.0815150 0.0927939 0.0968388 0.0925799 0.0963424 0.0937689 0.0967839 0.0990675 0.1042634 0.0800072 0.0920412 0.0897099 0.0890478 0.0890227 0.0934303 0.0960913 0.0913367 0.0975599 0.1024378 0.0917607 0.0963851 0.0881184 0.0975289 0.1049036 0.0978904 0.0919648 0.0920555 0.0825784 0.1156176 0.0766926 0.0888801 0.1001576 0.0904233 
S0320         0.2182756 0.0847087 0.0759574 0.0508045 0.0805806 0.0876082 0.1044834 0.0406110 0.0844344 0.1006000 0.1108605 0.0483932 0.0939359 0.1066044 0.0000000 0.0988346 0.0463308 0.0844445 0.1118455 0.0953191 0.0923894 0.0774452 0.0768552 0.0409450 0.0922689 0.0406779 0.0712303 0.0870522 0.0493030 0.0913200 0.0658637 0.0829159 0.1001513 0.1070650 0.0851474 0.0397677 0.0900709 0.0761988 0.0524493 0.0694301 0.0599349 0.0793082 0.0804667 0.0774363 0.0940287 0.1129917 0.0921959 0.0947441 0.0943102 0.0835830 0.0859773 0.0697443 0.0804263 0.0685705 0.0708534 0.0865797 0.0807513 0.0708793 0.0973719 0.0538038 0.0729848 0.0677110 0.0420092 0.0909266 0.0870213 0.0843786 0.0825958 0.0876107 0.0969784 0.0819742 0.1200742 0.0606745 0.1053179 0.1051846 0.0852135 0.0882145 0.1169900 0.0759815 0.1196367 0.0672110 0.0861364 0.0887483 0.1042091 0.0904193 0.0845164 0.1162844 0.0821538 0.0903075 0.0708725 0.0406417 0.0554139 0.0563639 0.0907647 0.0690830 0.0371150 0.0983922 0.0912174 0.0960555 0.0756966 0.1046359 0.0866481 0.0800764 0.0807851 0.0702024 0.0743560 0.0913535 0.0814744 0.0709006 0.0808120 0.0854585 0.0421944 0.0911842 0.0708865 0.0363730 0.0836450 0.0573490 0.0836457 0.0858829 0.0878421 0.0767674 0.0823809 0.0444018 0.0829587 0.0730271 0.0768465 0.0821066 0.0924984 0.0806076 0.0604503 0.0777019 0.0673585 0.0997839 0.0707888 0.0754616 0.0852160 0.0696118 
S0322         0.2146102 0.0888390 0.0897367 0.0980019 0.0903549 0.0893952 0.0254822 0.0866524 0.0894731 0.1235342 0.1195882 0.1019092 0.0218328 0.0601677 0.0988346 0.0000000 0.0873484 0.0947255 0.1180830 0.0152733 0.1075461 0.0822943 0.0839828 0.0936079 0.0941761 0.0810292 0.0744574 0.0913048 0.0883620 0.0148041 0.0808747 0.0919816 0.1082971 0.0564355 0.0175444 0.0901125 0.0914949 0.0878044 0.0894189 0.0931335 0.0814816 0.0851859 0.0918618 0.0839662 0.0164266 0.1161358 0.0932618 0.0142906 0.1031633 0.0894112 0.0943507 0.0723826 0.0879815 0.0729670 0.0728886 0.0983667 0.0883250 0.0932767 0.0615064 0.0769640 0.0914343 0.0740315 0.0875744 0.0216140 0.1019356 0.0880829 0.0894451 0.0947283 0.1142371 0.0911694 0.1229672 0.0685444 0.0618464 0.0603930 0.0945485 0.0978266 0.1198903 0.0813216 0.1206566 0.0949067 0.0949221 0.1010769 0.0621756 0.0924574 0.0945888 0.1187020 0.0862037 0.0969263 0.0791320 0.0852987 0.0763242 0.0788409 0.0129815 0.0933861 0.0845979 0.0544498 0.0122064 0.0139081 0.0806085 0.0626629 0.0922754 0.0846930 0.0894892 0.0775253 0.0861097 0.0951382 0.0887088 0.0938102 0.0904454 0.0922545 0.0903220 0.0971656 0.0767877 0.0822573 0.0900836 0.0822279 0.0855148 0.0914843 0.0930685 0.0836823 0.0899880 0.0982597 0.0865707 0.0923109 0.0830888 0.0929609 0.1044176 0.0904812 0.0847901 0.0903768 0.0773690 0.1083166 0.0769161 0.0842609 0.0916724 0.0822130 
S0327         0.1976450 0.0716019 0.0648181 0.0496209 0.0727107 0.0751495 0.0948457 0.0390437 0.0755303 0.0920939 0.0964485 0.0530471 0.0811413 0.0919223 0.0463308 0.0873484 0.0000000 0.0738290 0.0999045 0.0805013 0.0838110 0.0640215 0.0666191 0.0413523 0.0783692 0.0338312 0.0574627 0.0747158 0.0379747 0.0775742 0.0504696 0.0721272 0.0874003 0.0908703 0.0738888 0.0401446 0.0762181 0.0622088 0.0358966 0.0539197 0.0463637 0.0672296 0.0689664 0.0675694 0.0815750 0.1005243 0.0752398 0.0808715 0.0824861 0.0704958 0.0732421 0.0570227 0.0698339 0.0560440 0.0580900 0.0778025 0.0683086 0.0560633 0.0807861 0.0438212 0.0533989 0.0578321 0.0350386 0.0785189 0.0763377 0.0712551 0.0728212 0.0765380 0.0914782 0.0669391 0.1088474 0.0508268 0.0863151 0.0931133 0.0746721 0.0769768 0.1054484 0.0640775 0.1072977 0.0537196 0.0753447 0.0784378 0.0861430 0.0773303 0.0749175 0.1030247 0.0687473 0.0797529 0.0619007 0.0329500 0.0417990 0.0450915 0.0775567 0.0537388 0.0388566 0.0846295 0.0790563 0.0817209 0.0634663 0.0853950 0.0751908 0.0714998 0.0701484 0.0593789 0.0652967 0.0808757 0.0713620 0.0580805 0.0728181 0.0771217 0.0430941 0.0810488 0.0581224 0.0412841 0.0685018 0.0455859 0.0693168 0.0697544 0.0782285 0.0676682 0.0717156 0.0446054 0.0710888 0.0544508 0.0646594 0.0707932 0.0805185 0.0709861 0.0484071 0.0693883 0.0595442 0.0889952 0.0570095 0.0658555 0.0766635 0.0651200 
S0335         0.2065432 0.0669832 0.0623685 0.0910849 0.0638897 0.0749045 0.1061360 0.0745428 0.0493573 0.1041049 0.0961117 0.0857038 0.0879652 0.1020438 0.0844445 0.0947255 0.0738290 0.0000000 0.0609358 0.0892177 0.0824243 0.0626679 0.0646368 0.0749133 0.0769947 0.0717320 0.0519916 0.0700773 0.0714989 0.0850356 0.0662607 0.0603381 0.0845604 0.0896379 0.0881977 0.0738869 0.0729960 0.0712356 0.0775118 0.0794485 0.0649020 0.0621931 0.0628803 0.0544211 0.0909767 0.1079239 0.0724733 0.0890964 0.0851772 0.0715941 0.0614020 0.0492095 0.0673972 0.0486502 0.0506352 0.0570644 0.0558686 0.0798345 0.0874079 0.0612539 0.0793162 0.0401026 0.0744281 0.0843885 0.0685813 0.0576509 0.0579452 0.0599008 0.0901868 0.0615262 0.1133780 0.0446295 0.0950282 0.1014950 0.0607868 0.0639939 0.1122690 0.0515363 0.1141100 0.0941133 0.0582876 0.0544458 0.0926360 0.0738887 0.0500896 0.1114658 0.0689099 0.0744846 0.0375582 0.0688775 0.0586069 0.0625176 0.0856390 0.0774349 0.0743485 0.0890620 0.0856083 0.0849902 0.0625398 0.0955920 0.0388452 0.0456450 0.0713310 0.0590209 0.0623411 0.0537983 0.0672726 0.0805542 0.0488091 0.0513189 0.0775011 0.0779231 0.0511406 0.0689898 0.0615455 0.0640534 0.0695312 0.0617295 0.0503157 0.0272699 0.0697126 0.0817601 0.0660884 0.0808719 0.0627048 0.0654334 0.0438539 0.0181079 0.0664610 0.0543104 0.0404181 0.0788167 0.0492368 0.0258462 0.0730467 0.0469289 
S0345         0.2272555 0.0978444 0.0986494 0.1169907 0.0930863 0.1070600 0.1277948 0.0969992 0.0724467 0.1343107 0.1203324 0.1094787 0.1088412 0.1285360 0.1118455 0.1180830 0.0999045 0.0609358 0.0000000 0.1127108 0.1103149 0.0930021 0.0972935 0.0985091 0.0953052 0.0978840 0.0831766 0.1003428 0.1299813 0.1071929 0.0947509 0.0869593 0.1187078 0.1188424 0.1094411 0.1047721 0.1033000 0.1078123 0.1068172 0.1060770 0.0919574 0.0920638 0.1045830 0.0864149 0.1119101 0.1349058 0.1025035 0.1119050 0.1073655 0.1007164 0.0887945 0.0817263 0.0972781 0.0786327 0.0828088 0.0883670 0.0873645 0.1011289 0.1123884 0.0875975 0.1037549 0.0638646 0.1015309 0.1064352 0.1000346 0.0872476 0.0835636 0.0895017 0.1163136 0.0923149 0.1384906 0.0656979 0.1238431 0.1213539 0.0854217 0.0882833 0.1370595 0.0879163 0.1373549 0.1247411 0.0857012 0.0809812 0.1193779 0.1043425 0.0773209 0.1349024 0.1011001 0.1059934 0.0679968 0.0940251 0.0839395 0.0883398 0.1079502 0.1033792 0.0994681 0.1148744 0.1107591 0.1124414 0.0947404 0.1197359 0.0406358 0.0728822 0.1041169 0.0920322 0.0920540 0.0822446 0.0967898 0.1095979 0.0752679 0.0781229 0.1054561 0.1094635 0.0834188 0.1021083 0.0910808 0.0932832 0.0968237 0.0940088 0.0777890 0.0500064 0.1014282 0.1028710 0.0931417 0.1077411 0.0950389 0.0943217 0.0388085 0.0588263 0.0949191 0.0833895 0.0635798 0.0999366 0.0768735 0.0477216 0.1001447 0.0724065 
S0355         0.2053170 0.0830094 0.0799407 0.0953459 0.0832724 0.0851879 0.0237785 0.0810032 0.0841203 0.1204940 0.1122546 0.0943604 0.0169661 0.0547380 0.0953191 0.0152733 0.0805013 0.0892177 0.1127108 0.0000000 0.1001980 0.0777406 0.0788458 0.0868949 0.0880162 0.0750605 0.0686495 0.0847016 0.0878168 0.0093606 0.0743054 0.0862000 0.0994743 0.0500171 0.0245831 0.0837350 0.0860378 0.0872363 0.0808474 0.0837198 0.0763608 0.0823687 0.0811331 0.0755044 0.0060173 0.1096820 0.0866897 0.0123881 0.0974439 0.0845809 0.0895540 0.0677633 0.0843607 0.0682248 0.0671215 0.0922912 0.0802448 0.0850983 0.0564265 0.0719448 0.0833951 0.0696240 0.0829487 0.0168275 0.0977845 0.0836406 0.0841869 0.0887656 0.1047927 0.0846668 0.1157343 0.0624241 0.0641992 0.0547837 0.0892220 0.0923655 0.1140119 0.0757316 0.1140666 0.1048048 0.0883764 0.0972006 0.0626348 0.0864385 0.0902025 0.1101961 0.0821557 0.0919516 0.0752161 0.0791684 0.0708460 0.0738957 0.0106434 0.0859636 0.0777726 0.0475787 0.0107513 0.0128715 0.0760992 0.0596759 0.0873846 0.0794593 0.0847277 0.0719619 0.0798330 0.0896261 0.0817404 0.0862896 0.0840295 0.0868255 0.0852872 0.0910328 0.0719458 0.0794487 0.0836110 0.0765495 0.0813547 0.0855679 0.0887147 0.0797284 0.0851738 0.0912239 0.0807682 0.0814703 0.0784261 0.0875436 0.0975355 0.0840461 0.0790488 0.0851126 0.0729299 0.1041498 0.0709276 0.0791452 0.0883541 0.0776258 
S0376         0.2157539 0.0715542 0.1005944 0.1007045 0.0859028 0.0789910 0.1177640 0.0807903 0.0821201 0.0947494 0.1076364 0.0954537 0.1026299 0.1124608 0.0923894 0.1075461 0.0838110 0.0824243 0.1103149 0.1001980 0.0000000 0.0690664 0.0719270 0.0799210 0.0783045 0.0809052 0.0690249 0.0442271 0.0874405 0.0979425 0.0800859 0.0853192 0.0912325 0.1045558 0.1148403 0.0866994 0.0789796 0.0866508 0.0886435 0.0915586 0.0799330 0.0712180 0.0644059 0.0760898 0.1009847 0.1147027 0.0803652 0.1035082 0.0937708 0.0732724 0.0883675 0.0675705 0.0770857 0.0652292 0.0674986 0.0844849 0.0787287 0.0897126 0.0963998 0.0729694 0.0912932 0.0650659 0.0929077 0.0967166 0.1027679 0.0850454 0.0832094 0.0900857 0.0929146 0.0810174 0.1240860 0.0595747 0.1067306 0.1148796 0.0881040 0.0905184 0.1215751 0.0753258 0.1243639 0.1021790 0.0876352 0.0913764 0.1086235 0.0822654 0.0833320 0.1194257 0.0759181 0.0841670 0.0678559 0.0811095 0.0717056 0.0742887 0.0992474 0.0903413 0.0833033 0.1053507 0.1011094 0.1034491 0.0701408 0.1036185 0.0860913 0.0790416 0.0780485 0.0661906 0.0676425 0.0880880 0.0713468 0.0897395 0.0761716 0.0862792 0.0859310 0.0848562 0.0692161 0.0718093 0.0804156 0.0741065 0.0738955 0.0826159 0.0797807 0.0754378 0.0774991 0.0913387 0.0755926 0.0931321 0.0696265 0.0781560 0.0944316 0.0767871 0.0803618 0.0799684 0.0660109 0.0958106 0.0712375 0.0728116 0.0421165 0.0715790 
S0400         0.1970249 0.0332776 0.0650041 0.0784784 0.0634539 0.0158332 0.0937440 0.0636281 0.0627756 0.0400397 0.0540591 0.0795593 0.0770791 0.0873747 0.0774452 0.0822943 0.0640215 0.0626679 0.0930021 0.0777406 0.0690664 0.0000000 0.0136037 0.0645847 0.0461428 0.0625452 0.0532378 0.0560933 0.0609855 0.0736998 0.0580751 0.0605488 0.0529842 0.0834959 0.0797465 0.0716587 0.0277225 0.0179126 0.0674772 0.0735645 0.0586055 0.0344764 0.0104364 0.0591586 0.0808126 0.0942303 0.0423877 0.0787001 0.0711887 0.0194022 0.0646767 0.0519122 0.0101407 0.0508505 0.0522721 0.0645263 0.0605843 0.0708779 0.0767303 0.0549611 0.0703620 0.0480810 0.0672927 0.0725703 0.0723888 0.0645046 0.0627630 0.0678096 0.0542924 0.0683758 0.0994798 0.0390207 0.0852237 0.0893599 0.0627696 0.0687974 0.1000701 0.0594467 0.0985121 0.0811564 0.0652078 0.0732776 0.0844698 0.0417840 0.0660243 0.0959120 0.0101363 0.0321402 0.0541607 0.0652004 0.0528519 0.0551512 0.0737698 0.0678677 0.0629956 0.0786583 0.0741389 0.0768681 0.0127333 0.0812912 0.0667964 0.0609939 0.0110446 0.0111216 0.0338223 0.0710216 0.0345694 0.0706281 0.0607640 0.0683952 0.0705998 0.0328742 0.0543569 0.0561165 0.0668424 0.0567495 0.0116217 0.0697430 0.0644014 0.0550311 0.0198971 0.0741000 0.0229853 0.0723919 0.0193586 0.0350476 0.0745376 0.0592956 0.0596390 0.0590036 0.0483478 0.0831752 0.0523567 0.0539899 0.0569686 0.0551522 
S0405         0.1952310 0.0384442 0.0686156 0.0806644 0.0671305 0.0224930 0.0931641 0.0626414 0.0633049 0.0460532 0.0580514 0.0790407 0.0771829 0.0885079 0.0768552 0.0839828 0.0666191 0.0646368 0.0972935 0.0788458 0.0719270 0.0136037 0.0000000 0.0665112 0.0466401 0.0625748 0.0542502 0.0561212 0.0631037 0.0747885 0.0601152 0.0595666 0.0544253 0.0828813 0.0798025 0.0711382 0.0318810 0.0157768 0.0695748 0.0751983 0.0606487 0.0392288 0.0182293 0.0596889 0.0814760 0.0953848 0.0442872 0.0787396 0.0760394 0.0256775 0.0677781 0.0534208 0.0184553 0.0518562 0.0542703 0.0676198 0.0611173 0.0714172 0.0805539 0.0569967 0.0719409 0.0510474 0.0665031 0.0747055 0.0729298 0.0655648 0.0617720 0.0678480 0.0571781 0.0684115 0.1006404 0.0415661 0.0865157 0.0906119 0.0653906 0.0714352 0.1012457 0.0622423 0.1008070 0.0776627 0.0672812 0.0733083 0.0850794 0.0446762 0.0670646 0.0970779 0.0184469 0.0358136 0.0536643 0.0657532 0.0548721 0.0571776 0.0748596 0.0694599 0.0655884 0.0802969 0.0752419 0.0779732 0.0118600 0.0857233 0.0678625 0.0615225 0.0189719 0.0115403 0.0361719 0.0715645 0.0373949 0.0727451 0.0623049 0.0684304 0.0731747 0.0366329 0.0553767 0.0559170 0.0679040 0.0592894 0.0173909 0.0697792 0.0654566 0.0575565 0.0257411 0.0741295 0.0275121 0.0739758 0.0233746 0.0383175 0.0766851 0.0601971 0.0601735 0.0590312 0.0508158 0.0864803 0.0538655 0.0565063 0.0589993 0.0571722 
S0407sl       0.1973178 0.0736487 0.0765372 0.0495678 0.0736158 0.0735651 0.1072419 0.0354702 0.0739995 0.0858155 0.0991357 0.0505211 0.0881752 0.0980534 0.0409450 0.0936079 0.0413523 0.0749133 0.0985091 0.0868949 0.0799210 0.0645847 0.0665112 0.0000000 0.0777729 0.0292788 0.0635796 0.0705445 0.0400236 0.0829481 0.0547309 0.0768854 0.0825724 0.0928747 0.0823006 0.0391237 0.0712732 0.0724775 0.0497332 0.0641240 0.0528651 0.0643910 0.0533665 0.0646077 0.0853909 0.0973646 0.0714151 0.0889128 0.0830576 0.0722660 0.0776574 0.0644617 0.0694002 0.0617057 0.0623062 0.0803717 0.0661357 0.0632517 0.0807720 0.0491563 0.0673367 0.0613604 0.0434655 0.0821414 0.0858430 0.0725020 0.0736511 0.0826124 0.0929797 0.0734311 0.1018140 0.0531718 0.0876326 0.0904598 0.0798325 0.0842907 0.1035701 0.0635188 0.1003869 0.0745112 0.0755425 0.0764050 0.0856118 0.0748681 0.0764750 0.1016220 0.0673735 0.0758980 0.0666356 0.0380815 0.0486463 0.0504378 0.0851826 0.0608068 0.0356857 0.0841660 0.0836546 0.0864925 0.0631774 0.0854711 0.0747039 0.0695518 0.0705320 0.0635195 0.0667822 0.0795466 0.0699693 0.0646994 0.0717823 0.0780394 0.0354652 0.0749832 0.0630805 0.0228696 0.0727077 0.0509249 0.0686657 0.0764913 0.0728184 0.0709582 0.0718679 0.0431761 0.0739019 0.0668497 0.0660451 0.0726560 0.0806528 0.0702106 0.0528290 0.0712587 0.0623044 0.0902357 0.0635372 0.0666245 0.0690755 0.0688875 
S0412sl       0.1945485 0.0489279 0.0672622 0.0919663 0.0658326 0.0546235 0.1016376 0.0745834 0.0711167 0.0815223 0.0737455 0.0854856 0.0875079 0.1026676 0.0922689 0.0941761 0.0783692 0.0769947 0.0953052 0.0880162 0.0783045 0.0461428 0.0466401 0.0777729 0.0000000 0.0756379 0.0612452 0.0679794 0.0781470 0.0848273 0.0708319 0.0712049 0.0581627 0.0997310 0.0841060 0.0832704 0.0563669 0.0499818 0.0828038 0.0840007 0.0758934 0.0476558 0.0512483 0.0665395 0.0898731 0.1046848 0.0504904 0.0901641 0.0836831 0.0514759 0.0729284 0.0597464 0.0492792 0.0601554 0.0623387 0.0730135 0.0702549 0.0821607 0.0884359 0.0713996 0.0802483 0.0572352 0.0773367 0.0847885 0.0800978 0.0727544 0.0709413 0.0766715 0.0728491 0.0753765 0.1134130 0.0516069 0.1002781 0.0977959 0.0700101 0.0734817 0.1092368 0.0670752 0.1093818 0.0838656 0.0747277 0.0865561 0.0972657 0.0557385 0.0767305 0.1050708 0.0523422 0.0550796 0.0631705 0.0762919 0.0684711 0.0721015 0.0849018 0.0819820 0.0801646 0.0932773 0.0869728 0.0887662 0.0475903 0.0950054 0.0765568 0.0703378 0.0520512 0.0443937 0.0449573 0.0811526 0.0508783 0.0822214 0.0704727 0.0743774 0.0833578 0.0540132 0.0613198 0.0739638 0.0758892 0.0749566 0.0490950 0.0757617 0.0756472 0.0694004 0.0520451 0.0871762 0.0477788 0.0830119 0.0431093 0.0502848 0.0814699 0.0717099 0.0770405 0.0657489 0.0580896 0.0869816 0.0602236 0.0664851 0.0656397 0.0631796 
S0417         0.2030129 0.0690227 0.0665234 0.0437718 0.0676920 0.0716297 0.0918112 0.0275449 0.0700601 0.0842286 0.0947557 0.0446042 0.0749935 0.0880779 0.0406779 0.0810292 0.0338312 0.0717320 0.0978840 0.0750605 0.0809052 0.0625452 0.0625748 0.0292788 0.0756379 0.0000000 0.0549815 0.0704287 0.0348748 0.0716206 0.0447891 0.0669751 0.0851935 0.0892973 0.0720877 0.0341315 0.0735934 0.0585707 0.0371116 0.0514377 0.0431666 0.0645979 0.0677214 0.0603159 0.0759595 0.1001154 0.0716082 0.0760162 0.0783159 0.0679530 0.0696065 0.0536726 0.0662423 0.0525964 0.0540411 0.0721852 0.0631566 0.0526218 0.0803427 0.0405692 0.0545142 0.0558321 0.0329942 0.0735937 0.0708856 0.0641594 0.0666676 0.0720408 0.0863199 0.0644053 0.1077921 0.0504005 0.0842882 0.0870962 0.0694893 0.0722213 0.1049917 0.0619304 0.1045544 0.0554147 0.0675657 0.0724686 0.0836686 0.0763619 0.0707306 0.1031601 0.0661948 0.0749712 0.0581988 0.0317716 0.0390653 0.0423088 0.0716657 0.0483099 0.0291394 0.0806370 0.0724945 0.0751386 0.0599839 0.0826776 0.0705180 0.0662117 0.0654973 0.0574556 0.0601772 0.0758028 0.0704301 0.0556920 0.0674114 0.0726377 0.0318198 0.0756301 0.0541411 0.0245732 0.0659379 0.0408213 0.0662636 0.0676862 0.0733504 0.0635280 0.0681309 0.0375293 0.0675034 0.0530922 0.0606525 0.0677260 0.0767316 0.0678163 0.0421616 0.0638040 0.0560726 0.0856835 0.0530471 0.0618708 0.0718485 0.0610357 
S0419         0.1890266 0.0574931 0.0225135 0.0725597 0.0319137 0.0645579 0.0865583 0.0605938 0.0521364 0.0910507 0.0889040 0.0718704 0.0697154 0.0776945 0.0712303 0.0744574 0.0574627 0.0519916 0.0831766 0.0686495 0.0690249 0.0532378 0.0542502 0.0635796 0.0612452 0.0549815 0.0000000 0.0608969 0.0560909 0.0668228 0.0536538 0.0524719 0.0757794 0.0782194 0.0737916 0.0610283 0.0636564 0.0609859 0.0583541 0.0670845 0.0530018 0.0562073 0.0575791 0.0267551 0.0678059 0.0925723 0.0626766 0.0694615 0.0730630 0.0602596 0.0525213 0.0062908 0.0598142 0.0062817 0.0096868 0.0551954 0.0294580 0.0656926 0.0660994 0.0494110 0.0672188 0.0333085 0.0649530 0.0668567 0.0626534 0.0508547 0.0501295 0.0552076 0.0825824 0.0261324 0.0982372 0.0362200 0.0751919 0.0830658 0.0553716 0.0595096 0.0960781 0.0115528 0.0984028 0.0747133 0.0535106 0.0584597 0.0737364 0.0630641 0.0558245 0.0937044 0.0572836 0.0631225 0.0393885 0.0556505 0.0468812 0.0501859 0.0653292 0.0662521 0.0573656 0.0734651 0.0659878 0.0686897 0.0527154 0.0710889 0.0569458 0.0509894 0.0605795 0.0497457 0.0491693 0.0585896 0.0558769 0.0669644 0.0472208 0.0560764 0.0633923 0.0667586 0.0092626 0.0550070 0.0270456 0.0531286 0.0582200 0.0285261 0.0556152 0.0467168 0.0574971 0.0676860 0.0570067 0.0677035 0.0523592 0.0598760 0.0633376 0.0502571 0.0559800 0.0479866 0.0349897 0.0699462 0.0266578 0.0456536 0.0587784 0.0408398 
S0427         0.1986345 0.0613863 0.0802001 0.0862751 0.0735275 0.0645021 0.1042819 0.0705107 0.0669914 0.0952876 0.0899615 0.0875599 0.0858042 0.0981340 0.0870522 0.0913048 0.0747158 0.0700773 0.1003428 0.0847016 0.0442271 0.0560933 0.0561212 0.0705445 0.0679794 0.0704287 0.0608969 0.0000000 0.0707827 0.0816181 0.0653533 0.0730849 0.0794578 0.0903086 0.0880642 0.0768485 0.0644316 0.0645746 0.0795216 0.0817544 0.0673098 0.0585052 0.0559230 0.0648308 0.0818481 0.1032199 0.0670764 0.0873296 0.0823582 0.0639405 0.0768327 0.0600724 0.0597232 0.0589794 0.0615357 0.0768973 0.0682222 0.0811924 0.0864184 0.0635909 0.0825351 0.0572382 0.0717738 0.0810263 0.0866069 0.0708898 0.0717419 0.0780893 0.0812635 0.0716143 0.1123004 0.0505024 0.0923058 0.0965267 0.0773272 0.0814405 0.1069102 0.0643992 0.1094185 0.0807783 0.0735623 0.0784518 0.0917404 0.0689261 0.0734772 0.1062041 0.0601976 0.0697346 0.0545638 0.0728777 0.0609523 0.0637321 0.0833528 0.0790508 0.0725638 0.0890704 0.0839042 0.0871201 0.0555534 0.0895275 0.0721019 0.0647304 0.0610012 0.0514966 0.0587346 0.0753565 0.0612929 0.0819280 0.0707397 0.0706065 0.0783001 0.0703437 0.0615653 0.0604800 0.0737229 0.0669724 0.0607149 0.0740589 0.0719371 0.0645215 0.0605381 0.0808403 0.0608442 0.0845049 0.0527136 0.0626197 0.0815835 0.0676971 0.0694027 0.0689939 0.0570717 0.0880919 0.0611147 0.0623276 0.0312894 0.0620854 
S0428sl       0.1949506 0.0631436 0.0722722 0.0505508 0.0749808 0.0691773 0.0942840 0.0446415 0.0736936 0.0653648 0.0991827 0.0526938 0.0880275 0.1045999 0.0493030 0.0883620 0.0379747 0.0714989 0.1299813 0.0878168 0.0874405 0.0609855 0.0631037 0.0400236 0.0781470 0.0348748 0.0560909 0.0707827 0.0000000 0.0873678 0.0479290 0.0745652 0.0804443 0.0982967 0.0792268 0.0445916 0.0707659 0.0612429 0.0447648 0.0613592 0.0547123 0.0631495 0.0554122 0.0668551 0.0855845 0.0862647 0.0747466 0.0916789 0.0787024 0.0678403 0.0748425 0.0561751 0.0656543 0.0551586 0.0561914 0.0805596 0.0651275 0.0623441 0.0792392 0.0461188 0.0568765 0.0630235 0.0391085 0.0839478 0.0773774 0.0746553 0.0760896 0.0795798 0.0837853 0.0688091 0.0969255 0.0512885 0.0788499 0.0885598 0.0798282 0.0862421 0.0996099 0.0599824 0.0970935 0.0312624 0.0715236 0.0825521 0.0841376 0.0712595 0.0796224 0.0973345 0.0656603 0.0764009 0.0648934 0.0330608 0.0462706 0.0482810 0.0849677 0.0621111 0.0447876 0.0873194 0.0882766 0.0905407 0.0573769 0.0890404 0.0822544 0.0637280 0.0646943 0.0557550 0.0532257 0.0846732 0.0651488 0.0558929 0.0704110 0.0749888 0.0414246 0.0735442 0.0572809 0.0351338 0.0698578 0.0507411 0.0620289 0.0702065 0.0783726 0.0717042 0.0693125 0.0506773 0.0646077 0.0616492 0.0620514 0.0678418 0.0863153 0.0622055 0.0538003 0.0690855 0.0582053 0.0945576 0.0618663 0.0690659 0.0675294 0.0621501 
