115
PAFTOL_019361 0.0000000 0.2158971 0.0000010 0.1897360 0.1933103 0.1706785 0.2549716 0.2115390 0.0000010 0.1508919 0.1975305 0.2083653 0.2416100 0.1771613 0.2143787 0.1683394 0.1911235 0.1706785 0.1714238 0.1959855 0.2154162 0.1973152 0.1962872 0.2060261 0.2184475 0.1926359 0.2421762 0.1488879 0.1714238 0.2060891 0.1674396 0.1706785 0.1656209 0.1480903 0.3030470 0.1784258 0.2043602 0.1767373 0.1937051 0.1871971 0.1709406 0.1871971 0.1968675 0.2217880 0.1739986 0.1891545 0.1933699 0.1837095 0.0000010 0.2001756 0.1785847 0.1892302 0.2000731 0.1678592 0.2041491 0.3298130 0.4714954 0.1864683 0.1556352 0.1808683 0.2843745 0.1982911 0.3189559 0.2012522 0.1786367 0.1764675 0.1743152 0.2494167 0.2881802 0.1782899 0.1830068 0.1500234 0.2082804 0.1891545 0.1823282 0.1858154 0.2030136 0.1893404 0.2192750 0.1895358 0.2042973 0.1714238 0.1487135 0.2070638 0.2244059 0.0000010 0.0000010 0.0000010 0.2200644 0.1695907 0.0000010 0.1979633 0.2185832 0.1359634 0.2128599 0.2628732 0.1734452 0.2391540 0.1890025 0.1870036 0.2182857 0.1678856 0.2138818 0.1801506 0.1949863 0.2057362 0.1782849 0.1682053 0.1864737 0.2225932 0.2097915 0.1791290 0.2110840 0.1964251 0.1859777 
S0055         0.2158971 0.0000000 0.0391531 0.1157629 0.0870766 0.0547255 0.1216400 0.0793412 0.0577958 0.0804759 0.1475245 0.1887611 0.1380345 0.0879579 0.0823393 0.0810533 0.0616544 0.0515060 0.0583326 0.0445932 0.0986303 0.0530898 0.0681000 0.0903841 0.0699670 0.0931302 0.0719251 0.0579975 0.0480071 0.0988960 0.0579045 0.0698523 0.0659087 0.0813444 0.1799197 0.0614278 0.0860037 0.0555800 0.0984950 0.0516194 0.0656556 0.0516194 0.0788899 0.1007594 0.1089640 0.0773604 0.0866653 0.0721034 0.0933316 0.0908179 0.0799580 0.0871031 0.1005682 0.1099652 0.0934935 0.1976728 0.1669201 0.1060123 0.0743514 0.0817382 0.1719770 0.0533937 0.1892437 0.0873264 0.0650484 0.0884043 0.0825006 0.0811188 0.1949694 0.0585544 0.0614087 0.0763290 0.0934345 0.0733902 0.0701516 0.0968243 0.0853252 0.1531982 0.0969621 0.1062156 0.0814294 0.0548618 0.0879020 0.0987347 0.0826020 0.0516052 0.0452557 0.0163781 0.1034646 0.0648264 0.0845302 0.0715626 0.0781619 0.0524257 0.1049364 0.1003929 0.0590244 0.0932583 0.0695618 0.0781498 0.1018665 0.0696022 0.0773650 0.0685824 0.0475053 0.0949075 0.0869925 0.0953761 0.0914471 0.0871748 0.1524408 0.0445303 0.0764570 0.0718186 0.0717082 
S0196sl       0.0000010 0.0391531 0.0000000 0.0955397 0.0503256 0.0329241 0.1017434 0.0568485 0.0455193 0.0789458 0.1071960 0.3064215 0.1760466 0.1135129 0.0644344 0.0651743 0.0715576 0.0272555 0.0455405 0.0595325 0.0940107 0.0107643 0.0852246 0.1067840 0.0000010 0.0666508 0.0579354 0.0512640 0.0272555 0.0794786 0.0789885 0.0573831 0.0160204 0.1140000 0.1600443 0.0646873 0.0970176 0.0400975 0.0588600 0.0051689 0.0519110 0.0051689 0.0718248 0.0892755 0.0954586 0.0525007 0.0823999 0.0447928 0.0937956 0.0520244 0.0721115 0.0522000 0.0606326 0.0885880 0.0629915 0.1501693 0.0958556 0.0000010 0.0538152 0.0617766 0.1357332 0.0000023 0.3575927 0.0717908 0.0578869 0.0994187 0.0918571 0.0677863 0.1720030 0.0453586 0.0510150 0.0577518 0.0849076 0.0458133 0.0455834 0.1238873 0.0740630 1.2272423 0.0808916 0.1356191 0.0000010 0.0393037 0.0815124 0.0779846 0.0624390 0.0457462 0.0334281 0.0341946 0.0959046 0.0716988 0.0650621 0.0634249 0.0561414 0.0462643 0.0684768 0.0792112 0.0394866 0.0621068 0.0653403 0.0771015 0.0821470 0.0450867 0.0667975 0.0643932 0.0330923 0.0782404 0.0705745 0.0937117 0.0790877 0.0506846 0.1437967 0.0326957 0.0646511 0.0709327 0.0629085 
S0278         0.1897360 0.1157629 0.0955397 0.0000000 0.1286681 0.1069798 0.0476478 0.1221796 0.1454487 0.1135716 0.0507652 0.2504771 0.1958788 0.1448509 0.0545364 0.1254406 0.0988099 0.1032637 0.1072917 0.1095631 0.0704759 0.0923793 0.1182493 0.1462636 0.0477142 0.1174688 0.1295519 0.1027434 0.0948782 0.0379457 0.1116311 0.1220231 0.0921329 0.1325743 0.2259028 0.0995923 0.1407838 0.1006416 0.1146846 0.0868896 0.1154908 0.0868896 0.1113804 0.0965188 0.1187241 0.0835324 0.0849020 0.1191079 0.1663866 0.1201241 0.1121384 0.1027019 0.1174247 0.1631045 0.1222696 0.2084808 0.1962069 0.0796394 0.1019685 0.1138850 0.2114274 0.0858593 0.2257450 0.1116171 0.1075873 0.1109291 0.1360344 0.1199457 0.2221678 0.1024565 0.1214520 0.1365359 0.0414673 0.0795121 0.0726025 0.1488151 0.0761843 0.0889594 0.1180935 0.1649424 0.1108302 0.1031221 0.0901570 0.1369818 0.1098118 0.1268406 0.1282382 0.1316501 0.1457443 0.1237188 0.0944533 0.1258385 0.1090930 0.1080932 0.1447258 0.0911496 0.1089807 0.1188599 0.1197396 0.1068872 0.0512214 0.1124208 0.0837342 0.1155644 0.0832616 0.1275539 0.1184891 0.0869415 0.1374809 0.1369068 0.1650258 0.0861077 0.1239178 0.1102251 0.1139658 
S0281         0.1933103 0.0870766 0.0503256 0.1286681 0.0000000 0.0823189 0.1326560 0.0893031 0.0843789 0.0922406 0.1737090 0.1783671 0.1214795 0.0885689 0.1061407 0.0979869 0.0761951 0.0788797 0.0906995 0.0959995 0.1028706 0.0584501 0.1060017 0.0990696 0.0766511 0.0890477 0.0961313 0.0787564 0.0790880 0.1062383 0.0837259 0.0859509 0.0648745 0.0895856 0.1889985 0.0982913 0.0898810 0.0762974 0.1019422 0.0508332 0.0907308 0.0508332 0.0867813 0.0834948 0.1121730 0.0869257 0.0864401 0.0782570 0.1007497 0.0942101 0.0900179 0.0937455 0.1040932 0.1291479 0.0753510 0.2016355 0.2045344 0.0647275 0.0885907 0.1036306 0.1852693 0.0525534 0.1915373 0.0934168 0.0645661 0.1034975 0.0910532 0.1020210 0.2044133 0.0899094 0.0957982 0.1045754 0.1173856 0.0828670 0.0799022 0.0899475 0.0923253 0.1463337 0.1043399 0.1071118 0.0984459 0.0868002 0.0799582 0.0998608 0.0964820 0.0914625 0.0771360 0.0714828 0.1113179 0.0886128 0.1062408 0.0883184 0.0988306 0.0726731 0.0783334 0.1165506 0.0840824 0.1114458 0.0824930 0.0932182 0.1125130 0.0862692 0.1027355 0.0911782 0.0781935 0.0925801 0.1004285 0.1027973 0.1017781 0.0934795 0.1469457 0.0604267 0.0791692 0.1058633 0.0850485 
S0282         0.1706785 0.0547255 0.0329241 0.1069798 0.0823189 0.0000000 0.1223106 0.0754607 0.0215457 0.0487502 0.1378276 0.2043380 0.1503240 0.0953700 0.0827555 0.0765775 0.0550204 0.0027200 0.0230679 0.0624250 0.0906693 0.0549773 0.0687847 0.1019195 0.0690708 0.0920365 0.0830530 0.0259404 0.0141041 0.0862532 0.0541981 0.0092383 0.0547906 0.0926614 0.1783697 0.0576529 0.0973086 0.0323825 0.0940269 0.0475065 0.0199322 0.0475065 0.0783701 0.0920346 0.0919075 0.0625720 0.0819764 0.0675441 0.0932466 0.0864846 0.0785425 0.0904875 0.0959832 0.0918622 0.0882000 0.1968098 0.1863555 0.0896499 0.0628236 0.0732645 0.1706350 0.0491028 0.1917843 0.0901678 0.0714136 0.0838334 0.0674216 0.0950024 0.1834817 0.0168691 0.0439529 0.0723122 0.0894773 0.0621785 0.0625647 0.1014551 0.0698009 0.1361102 0.1037710 0.1143469 0.0976676 0.0200462 0.0707237 0.0902010 0.0824162 0.0216524 0.0105643 0.0336314 0.1116343 0.0617652 0.0837010 0.0777847 0.0779866 0.0292868 0.0920017 0.0998442 0.0083518 0.0897606 0.0724091 0.0580467 0.0925400 0.0418348 0.0764681 0.0348495 0.0405798 0.0829347 0.0824565 0.0832655 0.0790511 0.0821799 0.1247674 0.0470528 0.0792983 0.0647752 0.0746572 
S0289         0.2549716 0.1216400 0.1017434 0.0476478 0.1326560 0.1223106 0.0000000 0.1379327 0.1437161 0.1252041 0.0699874 0.2630125 0.2064939 0.1542932 0.0599222 0.1313570 0.1060376 0.1184895 0.1146934 0.1155188 0.0637941 0.0996019 0.1257605 0.1556032 0.0546285 0.1559273 0.1537176 0.1129239 0.1097103 0.0379122 0.1114338 0.1353297 0.0993269 0.1461020 0.2655108 0.1311510 0.1499138 0.1159458 0.1520903 0.0939026 0.1271260 0.0939026 0.1351267 0.1197157 0.1353761 0.0907140 0.0968091 0.1269420 0.1680485 0.1481789 0.1396867 0.1306295 0.1470885 0.1858156 0.1256892 0.2400061 0.2058105 0.1101626 0.1159286 0.1329092 0.2501271 0.0930540 0.2276556 0.1521027 0.1149579 0.1232292 0.1478502 0.1353943 0.2617353 0.1268820 0.1297343 0.1529425 0.0409172 0.0865926 0.0759542 0.1602549 0.0987427 0.1183397 0.1267679 0.1748363 0.1436511 0.1183096 0.1198698 0.1428548 0.1134460 0.1527583 0.1346887 0.1382507 0.1539077 0.1259122 0.0863566 0.1416728 0.1242689 0.1239641 0.1526533 0.1058543 0.1246157 0.1345704 0.1256022 0.1221979 0.0445500 0.1316802 0.1068835 0.1312523 0.0976223 0.1295210 0.1294787 0.0907402 0.1684802 0.1450951 0.1607603 0.0932457 0.1220052 0.1255782 0.1294038 
S0292         0.2115390 0.0793412 0.0568485 0.1221796 0.0893031 0.0754607 0.1379327 0.0000000 0.1077140 0.0996105 0.1737252 0.2140156 0.1638947 0.1074361 0.0786808 0.0727125 0.0720190 0.0720659 0.0829003 0.0793044 0.1206537 0.0451377 0.0939478 0.1079129 0.0414528 0.0911465 0.1111436 0.0824298 0.0716338 0.1051686 0.0720639 0.0774438 0.0610385 0.1042606 0.2070695 0.0754835 0.1087441 0.0662911 0.0972332 0.0471940 0.0800891 0.0471940 0.0851182 0.0627230 0.1229857 0.0756855 0.0894678 0.0718008 0.1337306 0.0789342 0.0815877 0.0860020 0.0950516 0.1407899 0.0851830 0.2042483 0.2100541 0.0719356 0.0735909 0.0882250 0.1940743 0.0421450 0.2361414 0.0933225 0.0543708 0.1107054 0.0847766 0.0471179 0.2062147 0.0764336 0.0974717 0.0575049 0.1084853 0.0718180 0.0653035 0.1089485 0.0880921 0.1275289 0.1237735 0.1210368 0.0873824 0.0791165 0.1029501 0.0827880 0.0140070 0.1009551 0.0928460 0.0935887 0.0541231 0.0990848 0.1308463 0.0285482 0.0110877 0.0835716 0.0962515 0.1024459 0.0803542 0.0447034 0.0753001 0.0969560 0.1083092 0.0918878 0.0872126 0.0939272 0.0674355 0.0721434 0.0717353 0.0871411 0.0828366 0.0868131 0.1515617 0.0536956 0.0756618 0.0827035 0.0714079 
S0293         0.0000010 0.0577958 0.0455193 0.1454487 0.0843789 0.0215457 0.1437161 0.1077140 0.0000000 0.0654803 0.1575587 0.3257292 0.1636249 0.1305603 0.1076630 0.1162693 0.0725866 0.0160534 0.0335065 0.0800863 0.1024647 0.0600331 0.0864808 0.1235610 0.0000010 0.0880928 0.0769910 0.0391113 0.0160534 0.1182562 0.0785861 0.0417360 0.0654685 0.1311371 0.1989883 0.0710696 0.1128645 0.0280951 0.0936587 0.0516386 0.0160124 0.0516386 0.1008039 0.0892755 0.1293232 0.1045166 0.1202021 0.0763108 0.1100335 0.0858670 0.1012157 0.0940401 0.0966770 0.0750191 0.1219358 0.2200276 0.1211359 0.0000010 0.0889278 0.0986112 0.1833723 0.0483198 0.2799610 0.1107978 0.0911756 0.1350116 0.0712834 0.1195959 0.2378818 0.0333755 0.0509654 0.0925090 0.1160046 0.0959808 0.0954082 0.1430741 0.1104656 1.4808675 0.1130506 0.1364323 0.0000010 0.0275475 0.0983547 0.1242251 0.1139314 0.0336541 0.0218710 0.0465206 0.1543668 0.0716157 0.0924744 0.1130403 0.1062856 0.0401087 0.1128440 0.1183748 0.0276754 0.1067974 0.1099437 0.0715898 0.1225117 0.0331804 0.1022615 0.0516707 0.0387367 0.1246108 0.1217327 0.1351152 0.1163967 0.0826957 0.1537150 0.0627739 0.1087640 0.0780215 0.0898853 
S0294         0.1508919 0.0804759 0.0789458 0.1135716 0.0922406 0.0487502 0.1252041 0.0996105 0.0654803 0.0000000 0.1615933 0.2168623 0.1541252 0.1146335 0.0885507 0.0882094 0.0564823 0.0455462 0.0488990 0.0711513 0.1040622 0.0707488 0.0771956 0.1164574 0.0564775 0.0948967 0.0736060 0.0328940 0.0388340 0.1006141 0.0693198 0.0474375 0.0705030 0.1061914 0.2024098 0.0651763 0.1108860 0.0429652 0.0927033 0.0659206 0.0595254 0.0659206 0.0927391 0.1034550 0.1152821 0.0861047 0.1035117 0.0915268 0.1524496 0.0927439 0.1003509 0.0964517 0.1022527 0.0727550 0.0952816 0.2267011 0.2114250 0.0672032 0.0721631 0.0871174 0.1990028 0.0682673 0.1832702 0.1094517 0.0804921 0.1025777 0.0729236 0.1203584 0.2170484 0.0489637 0.0656349 0.1037161 0.1079823 0.0819409 0.0715136 0.1075065 0.0945808 0.1150256 0.1196471 0.1297297 0.0831816 0.0455137 0.0759298 0.1043991 0.1071589 0.0658075 0.0524233 0.0807302 0.1224240 0.0737132 0.1239961 0.0979590 0.1020684 0.0498206 0.1024247 0.1101234 0.0529269 0.1075931 0.0886566 0.0594901 0.1111923 0.0528674 0.1008227 0.0488835 0.0577555 0.0966947 0.0956173 0.1013404 0.1040071 0.1078133 0.1352258 0.0647942 0.0924784 0.0663321 0.0945357 
S0299         0.1975305 0.1475245 0.1071960 0.0507652 0.1737090 0.1378276 0.0699874 0.1737252 0.1575587 0.1615933 0.0000000 0.4117087 0.2837780 0.1979550 0.0905724 0.1893362 0.1670090 0.1303396 0.1574138 0.1608272 0.0902583 0.1114093 0.1765863 0.1903264 0.1975305 0.1729665 0.1235224 0.1483829 0.1303396 0.0629621 0.1877824 0.1406068 0.1324194 0.1988899 0.2720219 0.1504294 0.1762460 0.1357890 0.1685939 0.0998190 0.1555047 0.0998190 0.1715895 0.2033140 0.1570007 0.1115331 0.1343919 0.1541855 0.1903375 0.1650856 0.1927737 0.1589729 0.1566867 0.2137548 0.1545645 0.2013825 0.1593351 0.5421387 0.1792825 0.1822195 0.2592081 0.0981073 0.4554458 0.1758019 0.1794077 0.1571356 0.2111586 0.1698846 0.2932566 0.1408381 0.1517894 0.1856442 0.0500512 0.1028193 0.1088173 0.2124474 0.1248688 1.6063396 0.1257619 0.2250134 0.5421387 0.1481765 0.1472261 0.2069185 0.1616879 0.1583140 0.1402012 0.1438748 0.2202723 0.1732486 0.1131774 0.1929581 0.1713121 0.1486811 0.1812501 0.1172851 0.1409110 0.1723937 0.1897712 0.1639409 0.0638526 0.1363695 0.1339802 0.1658900 0.1385418 0.1984026 0.1948347 0.1414515 0.1806884 0.1620587 0.1714543 0.1364662 0.1877418 0.1656685 0.1450752 
S0303         0.2083653 0.1887611 0.3064215 0.2504771 0.1783671 0.2043380 0.2630125 0.2140156 0.3257292 0.2168623 0.4117087 0.0000000 0.1712098 0.0870290 0.2214729 0.2339359 0.2001869 0.1996674 0.2048885 0.2187679 0.2080599 0.1813152 0.2226180 0.0793949 0.0993925 0.2382078 0.2484339 0.2091332 0.1931684 0.2279896 0.2111286 0.1265434 0.2056665 0.0810026 0.3608567 0.2155334 0.0707431 0.1984166 0.2306179 0.1869402 0.2098062 0.1869402 0.2241973 0.1519388 0.2017988 0.1890797 0.2080501 0.2020020 0.2497563 0.2400346 0.2074261 0.2336040 0.2481944 0.2860830 0.2224995 0.3609464 0.3017411 0.0974877 0.2159042 0.2579120 0.3439996 0.1677071 0.2612464 0.2359776 0.1999365 0.2059055 0.2038471 0.2403664 0.3568441 0.2041840 0.2156189 0.2367470 0.2222089 0.1870401 0.1830488 0.0256879 0.2194932 0.2038828 0.1609201 0.0905800 0.0247591 0.2045018 0.1397994 0.2329755 0.2185773 0.3193196 0.3095643 0.2774090 0.2666431 0.1986571 0.3497950 0.2207756 0.2254838 0.2091839 0.2114378 0.2205163 0.2083972 0.2561209 0.2149437 0.2182341 0.2356528 0.2036593 0.2063585 0.2066715 0.1955731 0.2323938 0.2296698 0.1983533 0.2301955 0.2248719 0.2785330 0.1744146 0.2152067 0.2364908 0.1953603 
S0308         0.2416100 0.1380345 0.1760466 0.1958788 0.1214795 0.1503240 0.2064939 0.1638947 0.1636249 0.1541252 0.2837780 0.1712098 0.0000000 0.0892068 0.1615357 0.1887160 0.1209425 0.1463078 0.1552743 0.1622466 0.1494973 0.1301973 0.1567328 0.0917393 0.0916651 0.1849939 0.1861709 0.1462717 0.1411456 0.1761661 0.1351342 0.1637567 0.1598375 0.0789406 0.3026827 0.1650871 0.0867605 0.1236600 0.1896791 0.1405041 0.1561269 0.1405041 0.1547829 0.1405706 0.1540514 0.1635901 0.1534866 0.1493005 0.1499389 0.1848336 0.1665433 0.1878002 0.1990411 0.2027230 0.1616125 0.3043662 0.2405643 0.1092190 0.1748730 0.1885739 0.2978754 0.1320391 0.2716015 0.1752888 0.1550118 0.1711883 0.1484950 0.1779784 0.3161137 0.1502906 0.1640621 0.1707340 0.1888992 0.1582824 0.1505740 0.0901252 0.1510319 0.1934952 0.1201344 0.0887954 0.0724403 0.1505254 0.1266938 0.1832404 0.1726115 0.1681500 0.1610056 0.1640857 0.2127626 0.1531840 0.1992787 0.1702690 0.1743756 0.1538815 0.1599028 0.1831050 0.1495112 0.1857493 0.1640898 0.1503466 0.1910730 0.1355839 0.1525114 0.1472205 0.1357065 0.1828470 0.1812701 0.1724332 0.1856797 0.1599147 0.2323296 0.1187136 0.1602870 0.1643088 0.1428225 
S0322         0.1771613 0.0879579 0.1135129 0.1448509 0.0885689 0.0953700 0.1542932 0.1074361 0.1305603 0.1146335 0.1979550 0.0870290 0.0892068 0.0000000 0.1142307 0.1251260 0.0965337 0.0917575 0.1043623 0.1097385 0.1069853 0.0843154 0.1130608 0.0172601 0.0778995 0.1233127 0.1328486 0.1002190 0.0919956 0.1222808 0.1036741 0.1002535 0.0958784 0.0085030 0.2229820 0.1047945 0.0141524 0.0932788 0.1262476 0.0832145 0.0959177 0.0832145 0.1105585 0.1098496 0.0993904 0.0956827 0.1051462 0.0987089 0.0914040 0.1257065 0.1154096 0.1250101 0.1373539 0.1523467 0.1044051 0.2259006 0.1770565 0.0753814 0.1193546 0.1275200 0.2095009 0.0820939 0.2150846 0.1315825 0.0998625 0.0999656 0.1052123 0.1281945 0.2295485 0.0987431 0.1071297 0.1270545 0.1257036 0.0914370 0.0920257 0.0125058 0.1068398 0.1720588 0.0662004 0.0295107 0.0122038 0.1002086 0.0755923 0.1245887 0.1231747 0.1213627 0.1147081 0.1088821 0.1435000 0.1055505 0.1338453 0.1137156 0.1174316 0.0937492 0.1044012 0.1287737 0.1005362 0.1395630 0.1114943 0.1159745 0.1350755 0.1003709 0.1109728 0.1009536 0.0979765 0.1243713 0.1311943 0.1108597 0.1208418 0.1114569 0.1646542 0.0823896 0.1115238 0.1244425 0.1055639 
S0327         0.2143787 0.0823393 0.0644344 0.0545364 0.1061407 0.0827555 0.0599222 0.0786808 0.1076630 0.0885507 0.0905724 0.2214729 0.1615357 0.1142307 0.0000000 0.0916359 0.0821253 0.0792955 0.0829986 0.0730901 0.0670223 0.0554066 0.0969732 0.1159645 0.0291840 0.0958816 0.1102465 0.0722053 0.0717146 0.0538274 0.0869360 0.0947072 0.0654004 0.1067511 0.2282846 0.0871704 0.1111388 0.0766310 0.0978297 0.0543689 0.0904983 0.0543689 0.0932930 0.0826177 0.0988432 0.0611923 0.0733095 0.0900811 0.1369212 0.0833398 0.0902439 0.0865097 0.0883407 0.1364640 0.0977367 0.2149915 0.1876496 0.0581417 0.0738398 0.0888529 0.2139362 0.0526539 0.2505001 0.1013841 0.0656341 0.1020497 0.0937197 0.0841311 0.2245938 0.0867008 0.0895528 0.0982324 0.0503850 0.0575784 0.0447916 0.1296431 0.0617545 0.1043962 0.1021334 0.1329025 0.0876813 0.0792089 0.0861765 0.0946816 0.0751544 0.1081896 0.0927787 0.0950754 0.1034113 0.0931658 0.0767872 0.0856002 0.0675342 0.0808633 0.1168830 0.0749359 0.0842421 0.0787631 0.0941662 0.0903231 0.0650421 0.0920016 0.0723195 0.1013041 0.0610927 0.0866080 0.0866443 0.0610706 0.0996388 0.1060656 0.1362520 0.0604644 0.0979826 0.0858759 0.0856173 
S0335         0.1683394 0.0810533 0.0651743 0.1254406 0.0979869 0.0765775 0.1313570 0.0727125 0.1162693 0.0882094 0.1893362 0.2339359 0.1887160 0.1251260 0.0916359 0.0000000 0.0806711 0.0731322 0.0841347 0.0895013 0.1110907 0.0630159 0.1035509 0.1232226 0.0485622 0.1047930 0.1065220 0.0758487 0.0726869 0.1079317 0.0737051 0.0917640 0.0659612 0.1129991 0.2228924 0.0952186 0.1181428 0.0778191 0.1066483 0.0581790 0.0886626 0.0581790 0.1024934 0.0767845 0.1166991 0.0774487 0.0953010 0.0909047 0.1481236 0.0987767 0.0987152 0.0949549 0.1089245 0.1406455 0.1016819 0.2129488 0.2103994 0.0805766 0.0770885 0.0962006 0.2122554 0.0601958 0.2199859 0.1065045 0.0687439 0.1021643 0.1064925 0.0923201 0.2288423 0.0775772 0.0914431 0.0695507 0.1113276 0.0734764 0.0666489 0.1294405 0.0900470 0.1336281 0.1303535 0.1358455 0.0738432 0.0802899 0.1011090 0.0504081 0.0796755 0.1101331 0.1009243 0.0959783 0.0934422 0.0872202 0.1175715 0.0584065 0.0752714 0.0775459 0.1174600 0.1170769 0.0815641 0.0830640 0.0320499 0.1058856 0.1096913 0.1007155 0.0855434 0.0841494 0.0720375 0.0352042 0.0289188 0.1040811 0.0955570 0.1070536 0.1496672 0.0578999 0.0443279 0.0916833 0.0903811 
S0376         0.1911235 0.0616544 0.0715576 0.0988099 0.0761951 0.0550204 0.1060376 0.0720190 0.0725866 0.0564823 0.1670090 0.2001869 0.1209425 0.0965337 0.0821253 0.0806711 0.0000000 0.0517859 0.0586457 0.0624452 0.0751235 0.0559897 0.0383790 0.0985833 0.0355495 0.0879484 0.0772981 0.0484497 0.0482686 0.0758536 0.0516621 0.0664927 0.0589169 0.0858425 0.2222574 0.0650213 0.0940232 0.0392652 0.0788448 0.0514044 0.0660055 0.0514044 0.0756421 0.0555910 0.1126455 0.0724305 0.0717643 0.0789294 0.1104051 0.0754696 0.0824823 0.0713392 0.0804404 0.0930723 0.0793930 0.2391046 0.1742230 0.0654237 0.0702368 0.0847606 0.2138264 0.0531634 0.2084133 0.0786897 0.0680380 0.0844826 0.0691096 0.0910002 0.2383365 0.0588698 0.0655442 0.0792079 0.0947307 0.0685984 0.0621033 0.1020088 0.0735600 0.1210592 0.1005764 0.1149082 0.0807112 0.0551578 0.0923075 0.0765061 0.0820219 0.0655806 0.0591801 0.0593463 0.1031206 0.0666880 0.1075869 0.0777942 0.0811502 0.0596043 0.0831585 0.0947605 0.0593447 0.0930418 0.0691091 0.0510350 0.0854012 0.0598690 0.0805632 0.0554529 0.0478530 0.0759193 0.0795697 0.0828707 0.0985092 0.0942926 0.1092967 0.0474753 0.0726567 0.0446613 0.0715307 
S0400         0.1706785 0.0515060 0.0272555 0.1032637 0.0788797 0.0027200 0.1184895 0.0720659 0.0160534 0.0455462 0.1303396 0.1996674 0.1463078 0.0917575 0.0792955 0.0731322 0.0517859 0.0000000 0.0201159 0.0590958 0.0871251 0.0517420 0.0654311 0.0982842 0.0690708 0.0884327 0.0795772 0.0229799 0.0112454 0.0827651 0.0510115 0.0092383 0.0515667 0.0890320 0.1740098 0.0544305 0.0937367 0.0293379 0.0904677 0.0443859 0.0170270 0.0443859 0.0749716 0.0920346 0.0883077 0.0625720 0.0784150 0.0642521 0.0864417 0.0829875 0.0751391 0.0869493 0.0923440 0.0881414 0.0847572 0.1923814 0.1813934 0.0896499 0.0594703 0.0698295 0.1663103 0.0458711 0.1917843 0.0866405 0.0680703 0.0801850 0.0641358 0.0915205 0.1790668 0.0140107 0.0408840 0.0689291 0.0859774 0.0588623 0.0592276 0.1014551 0.0732824 0.1361102 0.1000582 0.1105865 0.0976676 0.0171244 0.0671016 0.0866747 0.0789692 0.0161332 0.0052483 0.0278414 0.1079769 0.0584728 0.0771914 0.0744160 0.0746102 0.0262679 0.0885217 0.0961760 0.0055490 0.0862531 0.0690225 0.0548038 0.0889092 0.0387131 0.0730214 0.0318376 0.0375552 0.0794693 0.0790129 0.0797808 0.0756233 0.0787444 0.1207550 0.0439633 0.0758613 0.0614782 0.0713017 
S0405         0.1714238 0.0583326 0.0455405 0.1072917 0.0906995 0.0230679 0.1146934 0.0829003 0.0335065 0.0488990 0.1574138 0.2048885 0.1552743 0.1043623 0.0829986 0.0841347 0.0586457 0.0201159 0.0000000 0.0586396 0.0909342 0.0590409 0.0689901 0.1062287 0.0615417 0.0923095 0.0870899 0.0260196 0.0083118 0.0948097 0.0577640 0.0292965 0.0622722 0.0969239 0.1974510 0.0540236 0.1015228 0.0356744 0.0943006 0.0546440 0.0325778 0.0546440 0.0865984 0.0836515 0.1008226 0.0739027 0.0861100 0.0753637 0.1099994 0.0867383 0.0867841 0.0907525 0.0962671 0.0970533 0.0966692 0.2166245 0.1947139 0.0731409 0.0668157 0.0815125 0.1893784 0.0528661 0.2064529 0.0988753 0.0752441 0.0927584 0.0711666 0.1027441 0.2029303 0.0261637 0.0476686 0.0797073 0.0981074 0.0699832 0.0665362 0.1054595 0.0850869 0.1190296 0.1085813 0.1188568 0.0886518 0.0140606 0.0793962 0.0943307 0.0900114 0.0336744 0.0218869 0.0465423 0.1157592 0.0654902 0.0994973 0.0851796 0.0853993 0.0359325 0.1006146 0.1001382 0.0264946 0.0936475 0.0762942 0.0582206 0.0968045 0.0452639 0.0804426 0.0447664 0.0438944 0.0905730 0.0900431 0.0917752 0.0909981 0.0905502 0.1252289 0.0504735 0.0832725 0.0683473 0.0752419 
S0412sl       0.1959855 0.0445932 0.0595325 0.1095631 0.0959995 0.0624250 0.1155188 0.0793044 0.0800863 0.0711513 0.1608272 0.2187679 0.1622466 0.1097385 0.0730901 0.0895013 0.0624452 0.0590958 0.0586396 0.0000000 0.1074332 0.0606359 0.0799349 0.1027627 0.0557461 0.0978859 0.0949976 0.0590872 0.0519958 0.0967851 0.0549021 0.0747875 0.0671767 0.0980011 0.2164631 0.0483427 0.1067039 0.0598334 0.0998413 0.0592239 0.0699227 0.0592239 0.0799940 0.0849930 0.0976315 0.0822264 0.0840864 0.0806551 0.1118435 0.0875315 0.0875772 0.0882742 0.0971762 0.1117101 0.0841599 0.2209336 0.1778702 0.0743380 0.0751736 0.0904895 0.2155385 0.0613154 0.2406875 0.0951332 0.0624162 0.0886044 0.0827330 0.1036830 0.2132057 0.0661193 0.0693490 0.0786057 0.0951212 0.0781316 0.0641123 0.1157508 0.0793959 0.1223367 0.1068562 0.1193427 0.1059447 0.0590449 0.0808680 0.1001927 0.0860981 0.0728324 0.0662510 0.0473844 0.1127503 0.0769133 0.0952194 0.0782092 0.0815850 0.0567687 0.1028648 0.1017493 0.0670036 0.0945083 0.0846687 0.0722809 0.0992255 0.0779207 0.0813806 0.0801047 0.0514427 0.0962994 0.0882494 0.0932297 0.0960191 0.0964092 0.1227453 0.0515210 0.0884391 0.0727523 0.0797232 
S0417         0.2154162 0.0986303 0.0940107 0.0704759 0.1028706 0.0906693 0.0637941 0.1206537 0.1024647 0.1040622 0.0902583 0.2080599 0.1494973 0.1069853 0.0670223 0.1110907 0.0751235 0.0871251 0.0909342 0.1074332 0.0000000 0.0879120 0.0973729 0.1051394 0.0539773 0.1190962 0.1277470 0.0866857 0.0792852 0.0408435 0.0875064 0.1033998 0.0949083 0.0997285 0.2550979 0.1098385 0.1004882 0.0916800 0.1119975 0.0826042 0.0949473 0.0826042 0.1020857 0.0944674 0.1136235 0.0687713 0.0765343 0.1052626 0.1233937 0.1049084 0.1064137 0.0962070 0.1032463 0.1682237 0.1208695 0.2247464 0.1902145 0.0779166 0.1078336 0.1244101 0.2397423 0.0814759 0.2498922 0.1019217 0.1015492 0.1111850 0.1087311 0.1034822 0.2457172 0.0947506 0.1096695 0.1098758 0.0638023 0.0650020 0.0616629 0.1133576 0.0825579 0.1251608 0.0944924 0.1216659 0.0946486 0.0870218 0.0941556 0.1139516 0.1092075 0.1103899 0.0946416 0.1034153 0.1438910 0.1020226 0.0644341 0.1192625 0.1077630 0.0953696 0.1346784 0.0829801 0.0960411 0.1173746 0.0909897 0.1015945 0.0680887 0.1025484 0.0831098 0.1020733 0.0716036 0.1093157 0.1170589 0.0756320 0.1241045 0.1220628 0.1404142 0.0741092 0.0909943 0.0933806 0.1040849 
S0419         0.1973152 0.0530898 0.0107643 0.0923793 0.0584501 0.0549773 0.0996019 0.0451377 0.0600331 0.0707488 0.1114093 0.1813152 0.1301973 0.0843154 0.0554066 0.0630159 0.0559897 0.0517420 0.0590409 0.0606359 0.0879120 0.0000000 0.0733326 0.0839526 0.0480423 0.0638963 0.0862570 0.0586978 0.0485738 0.0760983 0.0596779 0.0662004 0.0231958 0.0783921 0.1606326 0.0660474 0.0796541 0.0530373 0.0732756 0.0055707 0.0659658 0.0055707 0.0684848 0.0759230 0.0841768 0.0552207 0.0724652 0.0584600 0.0960625 0.0592569 0.0584297 0.0626162 0.0708466 0.0940024 0.0481256 0.1643688 0.1447801 0.0721213 0.0566787 0.0706318 0.1528957 0.0085756 0.1656193 0.0656119 0.0390162 0.0613195 0.0694391 0.0571628 0.1656186 0.0552190 0.0585878 0.0659309 0.0792957 0.0516532 0.0454559 0.0896887 0.0671723 0.1125354 0.0843348 0.0996152 0.0729739 0.0555222 0.0637388 0.0730940 0.0482650 0.0603402 0.0469627 0.0480917 0.0748357 0.0706422 0.0812913 0.0483013 0.0477861 0.0562921 0.0580914 0.0778497 0.0593014 0.0579716 0.0556557 0.0763780 0.0753501 0.0671507 0.0706354 0.0661552 0.0452938 0.0695433 0.0656572 0.0692871 0.0659474 0.0728645 0.1213938 0.0352824 0.0590727 0.0732503 0.0620245 
S0427         0.1962872 0.0681000 0.0852246 0.1182493 0.1060017 0.0687847 0.1257605 0.0939478 0.0864808 0.0771956 0.1765863 0.2226180 0.1567328 0.1130608 0.0969732 0.1035509 0.0383790 0.0654311 0.0689901 0.0799349 0.0973729 0.0733326 0.0000000 0.1148451 0.0682835 0.1025235 0.1031209 0.0650963 0.0582140 0.1054008 0.0786239 0.0820530 0.0756997 0.1054361 0.2181701 0.0755052 0.1099391 0.0591775 0.0967713 0.0684828 0.0804146 0.0684828 0.0894083 0.0982703 0.1380583 0.0912140 0.1020648 0.0963438 0.1262228 0.0974512 0.0895961 0.0969836 0.1022659 0.1223266 0.1013945 0.2328207 0.2131129 0.0880695 0.0804433 0.0956189 0.2098988 0.0705499 0.1848296 0.0967333 0.0895741 0.1048340 0.0925052 0.1174858 0.2239512 0.0725395 0.0864339 0.0982582 0.1180511 0.0870605 0.0795032 0.1244259 0.0999148 0.1346413 0.1172524 0.1321029 0.0973278 0.0585840 0.1135058 0.1026087 0.1007692 0.0796156 0.0724622 0.0658244 0.1178053 0.0793574 0.1229759 0.0882811 0.0996526 0.0808838 0.1054347 0.1143053 0.0735070 0.1049989 0.0909944 0.0713275 0.1120625 0.0878678 0.1034687 0.0794563 0.0673739 0.1015693 0.1054901 0.0971239 0.1013058 0.1124863 0.1223130 0.0673784 0.0935828 0.0538611 0.0917988 
S0430         0.2060261 0.0903841 0.1067840 0.1462636 0.0990696 0.1019195 0.1556032 0.1079129 0.1235610 0.1164574 0.1903264 0.0793949 0.0917393 0.0172601 0.1159645 0.1232226 0.0985833 0.0982842 0.1062287 0.1027627 0.1051394 0.0839526 0.1148451 0.0000000 0.0823345 0.1209802 0.1345486 0.1056303 0.0939789 0.1290468 0.1064996 0.1119721 0.1024651 0.0086116 0.2375347 0.1144590 0.0055533 0.0924324 0.1278960 0.0895941 0.1102047 0.0895941 0.1131908 0.1136840 0.0992252 0.1022603 0.0995126 0.1091479 0.0717280 0.1273579 0.1267734 0.1266601 0.1389002 0.1649526 0.1147142 0.2202308 0.1730876 0.0890110 0.1219036 0.1389138 0.2189112 0.0848257 0.2418854 0.1385045 0.0983928 0.0991335 0.1020336 0.1304916 0.2223914 0.1019488 0.1102119 0.1204129 0.1324738 0.0979441 0.0946067 0.0000022 0.1096476 0.1823185 0.0698008 0.0084156 0.0058646 0.0977430 0.0792480 0.1226993 0.1158801 0.1145382 0.1079182 0.1020615 0.1491991 0.1075353 0.1350816 0.1144631 0.1181006 0.1035676 0.1152990 0.1303761 0.1076239 0.1410318 0.1098363 0.1213237 0.1329828 0.0988176 0.1092932 0.1029724 0.0965613 0.1224899 0.1292147 0.1136848 0.1198328 0.1261723 0.1735268 0.0812297 0.1098632 0.1259056 0.1045479 
S0478         0.2184475 0.0699670 0.0000010 0.0477142 0.0766511 0.0690708 0.0546285 0.0414528 0.0000010 0.0564775 0.1975305 0.0993925 0.0916651 0.0778995 0.0291840 0.0485622 0.0355495 0.0690708 0.0615417 0.0557461 0.0539773 0.0480423 0.0682835 0.0823345 0.0000000 0.0756828 0.1102136 0.0547456 0.0615417 0.0350764 0.0291290 0.0690708 0.0481854 0.0572238 0.2015990 0.0548458 0.0831396 0.0487283 0.0886329 0.0475806 0.0692186 0.0475806 0.0606207 0.0705781 0.0749084 0.0415175 0.0427344 0.0690851 0.0000010 0.0818292 0.0538833 0.0745724 0.0754821 0.1238311 0.0677072 0.2331679 0.2592252 0.0782691 0.0551189 0.0740306 0.2045697 0.0542247 0.2136819 0.0675469 0.0288327 0.0629030 0.0546379 0.0409686 0.1998908 0.0690681 0.0692978 0.0617074 0.0353852 0.0415175 0.0233587 0.0805536 0.0486901 0.0485496 0.0974885 0.0845718 0.0938073 0.0615417 0.0569784 0.0546827 0.0293629 0.0000010 0.0000010 0.0000010 0.0599601 0.0626301 0.0000010 0.0410224 0.0228892 0.0622565 0.0830348 0.0623929 0.0700086 0.0485356 0.0410133 0.0487283 0.0485178 0.0790493 0.0418485 0.0616374 0.0351933 0.0479547 0.0417148 0.0290366 0.0681564 0.1007339 0.1085147 0.0228855 0.0478849 0.0689079 0.0486262 
S0552sl       0.1926359 0.0931302 0.0666508 0.1174688 0.0890477 0.0920365 0.1559273 0.0911465 0.0880928 0.0948967 0.1729665 0.2382078 0.1849939 0.1233127 0.0958816 0.1047930 0.0879484 0.0884327 0.0923095 0.0978859 0.1190962 0.0638963 0.1025235 0.1209802 0.0756828 0.0000000 0.0920116 0.0884160 0.0804482 0.1250723 0.0917815 0.1001338 0.0744011 0.1201902 0.2127056 0.0850022 0.1198247 0.0861788 0.0319151 0.0592588 0.1008150 0.0592588 0.0757515 0.0820482 0.1192985 0.0966102 0.0956861 0.0963831 0.1583078 0.0260167 0.0623090 0.0289634 0.0321618 0.1407867 0.1082877 0.2368304 0.2130834 0.0719831 0.0460420 0.0594210 0.2043245 0.0577769 0.2254497 0.0737446 0.0695840 0.1197947 0.0826594 0.1040680 0.2253717 0.0961953 0.1061509 0.1033154 0.1298790 0.0923084 0.0850548 0.1347491 0.0992419 0.1663259 0.1278726 0.1383982 0.0880531 0.0842594 0.1014968 0.1164414 0.0945108 0.0957356 0.0880357 0.0829204 0.1046176 0.1041026 0.1371258 0.0786658 0.0897559 0.0878675 0.1205480 0.1226198 0.0975254 0.0945433 0.0967016 0.1080589 0.1229530 0.0894999 0.1138926 0.1038712 0.0797189 0.1081341 0.1033063 0.1037269 0.0837835 0.1131053 0.1619167 0.0723057 0.1006332 0.1032397 0.0958499 
S0558         0.2421762 0.0719251 0.0579354 0.1295519 0.0961313 0.0830530 0.1537176 0.1111436 0.0769910 0.0736060 0.1235224 0.2484339 0.1861709 0.1328486 0.1102465 0.1065220 0.0772981 0.0795772 0.0870899 0.0949976 0.1277470 0.0862570 0.1031209 0.1345486 0.1102136 0.0920116 0.0000000 0.0726352 0.0755997 0.1289480 0.0832757 0.0993520 0.0926934 0.1174883 0.2038359 0.0834257 0.1292717 0.0739595 0.0941668 0.0804934 0.0953551 0.0804934 0.0843893 0.1260715 0.1389458 0.1132951 0.1079549 0.1068979 0.1216304 0.1026837 0.1043478 0.0978495 0.1035699 0.1408810 0.1190061 0.2334791 0.2286290 0.1329554 0.0870183 0.0981885 0.1836792 0.0834396 0.2586045 0.1020122 0.0914109 0.1260975 0.0938399 0.1092857 0.2194221 0.0874440 0.0860034 0.1079683 0.1188518 0.1086835 0.1014306 0.1375517 0.1146301 0.1908967 0.1269493 0.1483492 0.1223513 0.0832306 0.1033899 0.1157984 0.1146517 0.0704830 0.0637318 0.0587050 0.1416890 0.0796209 0.1065927 0.1018516 0.1093917 0.0691128 0.1315217 0.1272673 0.0881934 0.1146536 0.1036104 0.0948999 0.1232031 0.0844931 0.1173820 0.0872902 0.0683008 0.1155255 0.1142277 0.1251760 0.1035846 0.1240358 0.1566736 0.0755053 0.1000909 0.0914414 0.1029741 
S0641         0.1488879 0.0579975 0.0512640 0.1027434 0.0787564 0.0259404 0.1129239 0.0824298 0.0391113 0.0328940 0.1483829 0.2091332 0.1462717 0.1002190 0.0722053 0.0758487 0.0484497 0.0229799 0.0260196 0.0590872 0.0866857 0.0586978 0.0650963 0.1056303 0.0547456 0.0884160 0.0726352 0.0000000 0.0169693 0.0904904 0.0542270 0.0327482 0.0619123 0.0928568 0.1871212 0.0574951 0.1009532 0.0230753 0.0900133 0.0543312 0.0355247 0.0543312 0.0758768 0.0679877 0.1002408 0.0698610 0.0851760 0.0749358 0.1165512 0.0829728 0.0830199 0.0865104 0.0918722 0.0841391 0.0857801 0.2154941 0.1935377 0.0573745 0.0592379 0.0734656 0.1791568 0.0561891 0.1964583 0.0949441 0.0716360 0.0922026 0.0641263 0.1021797 0.2018340 0.0290587 0.0378112 0.0792522 0.0975530 0.0660221 0.0594417 0.1055434 0.0731069 0.1198649 0.1089620 0.1181891 0.0808309 0.0229699 0.0789049 0.0851041 0.0895033 0.0393059 0.0273697 0.0523851 0.1077161 0.0584645 0.1058086 0.0847030 0.0849208 0.0200989 0.0928827 0.0956866 0.0294254 0.0931203 0.0717302 0.0414402 0.0871296 0.0384390 0.0799791 0.0382865 0.0436475 0.0780621 0.0816764 0.0874756 0.0904798 0.0900368 0.1223714 0.0501890 0.0785478 0.0579078 0.0780740 
S0643         0.1714238 0.0480071 0.0272555 0.0948782 0.0790880 0.0141041 0.1097103 0.0716338 0.0160534 0.0388340 0.1303396 0.1931684 0.1411456 0.0919956 0.0717146 0.0726869 0.0482686 0.0112454 0.0083118 0.0519958 0.0792852 0.0485738 0.0582140 0.0939789 0.0615417 0.0804482 0.0755997 0.0169693 0.0000000 0.0829823 0.0475526 0.0224571 0.0517137 0.0848059 0.1809637 0.0475975 0.0895404 0.0261635 0.0825589 0.0445132 0.0231665 0.0445132 0.0751711 0.0836515 0.0885402 0.0627482 0.0743479 0.0644272 0.0864417 0.0752896 0.0753388 0.0791224 0.0842409 0.0845116 0.0849745 0.1996525 0.1765342 0.0731409 0.0559272 0.0700225 0.1731189 0.0460061 0.2064529 0.0868658 0.0643230 0.0804081 0.0604794 0.0909548 0.1861668 0.0170607 0.0378733 0.0685177 0.0862001 0.0590285 0.0557023 0.0966605 0.0734827 0.1190296 0.1003139 0.1060358 0.0886518 0.0055038 0.0672998 0.0825849 0.0784875 0.0161332 0.0052483 0.0278414 0.1033380 0.0548481 0.0771914 0.0739729 0.0741648 0.0263479 0.0887467 0.0879690 0.0172719 0.0819907 0.0652196 0.0479221 0.0846828 0.0354010 0.0691235 0.0350175 0.0343520 0.0789818 0.0785313 0.0799934 0.0793269 0.0789522 0.1210549 0.0406522 0.0719546 0.0576799 0.0675176 
S0645sl       0.2060891 0.0988960 0.0794786 0.0379457 0.1062383 0.0862532 0.0379122 0.1051686 0.1182562 0.1006141 0.0629621 0.2279896 0.1761661 0.1222808 0.0538274 0.1079317 0.0758536 0.0827651 0.0948097 0.0967851 0.0408435 0.0760983 0.1054008 0.1290468 0.0350764 0.1250723 0.1289480 0.0904904 0.0829823 0.0000000 0.0838675 0.0938242 0.0723599 0.1196953 0.2380911 0.1026277 0.1239227 0.0844437 0.1141577 0.0677497 0.0904381 0.0677497 0.0976903 0.0819253 0.1090120 0.0579567 0.0737380 0.0975356 0.1570757 0.1104913 0.1093613 0.0946883 0.1088798 0.1540651 0.1006096 0.2242817 0.1885037 0.0791634 0.0927917 0.1042308 0.2286258 0.0662811 0.2310412 0.1052248 0.0911728 0.1016304 0.1216602 0.1030736 0.2343856 0.0939791 0.1085580 0.1186027 0.0315496 0.0543802 0.0514922 0.1308603 0.0650664 0.0899421 0.0973646 0.1468043 0.1098556 0.0908380 0.0891904 0.1110494 0.0934800 0.1266217 0.1099689 0.1127970 0.1318938 0.1064476 0.0653111 0.1086830 0.0928863 0.0917013 0.1212957 0.0794007 0.0914672 0.1059492 0.1026987 0.0944575 0.0322059 0.0990459 0.0764201 0.0987265 0.0682916 0.1101416 0.1064071 0.0611427 0.1271133 0.1139231 0.1398332 0.0711229 0.1066452 0.0977160 0.1049273 
S0689         0.1674396 0.0579045 0.0789885 0.1116311 0.0837259 0.0541981 0.1114338 0.0720639 0.0785861 0.0693198 0.1877824 0.2111286 0.1351342 0.1036741 0.0869360 0.0737051 0.0516621 0.0510115 0.0577640 0.0549021 0.0875064 0.0596779 0.0786239 0.1064996 0.0291290 0.0917815 0.0832757 0.0542270 0.0475526 0.0838675 0.0000000 0.0688446 0.0657828 0.0928713 0.1936930 0.0640453 0.1017738 0.0452002 0.0937699 0.0580201 0.0616460 0.0580201 0.0752273 0.0551896 0.0954334 0.0843086 0.0792140 0.0721129 0.1358298 0.0824686 0.0788100 0.0829840 0.0917430 0.1094546 0.0969420 0.2181329 0.1890673 0.0577888 0.0700428 0.0845449 0.1851645 0.0600269 0.2127006 0.0904771 0.0574904 0.0953461 0.0647438 0.0843281 0.2094989 0.0548861 0.0612728 0.0684108 0.0982955 0.0802442 0.0735104 0.1145810 0.0851616 0.1111857 0.1132748 0.1232728 0.0725939 0.0543321 0.0787147 0.0879705 0.0718874 0.0719560 0.0715315 0.0795394 0.0995924 0.0690780 0.1163169 0.0710806 0.0743980 0.0487841 0.1009030 0.1077232 0.0548768 0.0892727 0.0731109 0.0677901 0.0939353 0.0623103 0.0804819 0.0645919 0.0347813 0.0807226 0.0797894 0.0917313 0.0828553 0.0871927 0.1260835 0.0350915 0.0697956 0.0713561 0.0719260 
S0690         0.1706785 0.0698523 0.0573831 0.1220231 0.0859509 0.0092383 0.1353297 0.0774438 0.0417360 0.0474375 0.1406068 0.1265434 0.1637567 0.1002535 0.0947072 0.0917640 0.0664927 0.0092383 0.0292965 0.0747875 0.1033998 0.0662004 0.0820530 0.1119721 0.0690708 0.1001338 0.0993520 0.0327482 0.0224571 0.0938242 0.0688446 0.0000000 0.0657826 0.1014850 0.1824390 0.0617533 0.1114575 0.0436294 0.1076915 0.0575182 0.0258203 0.0575182 0.0804660 0.0882578 0.1000911 0.0706377 0.0887683 0.0767733 0.1323569 0.1029478 0.0802303 0.1081230 0.1087805 0.1055528 0.0876247 0.2124736 0.2129347 0.0896499 0.0751285 0.0871709 0.1801274 0.0623098 0.1843361 0.0977685 0.0769934 0.0905942 0.0564620 0.1086247 0.1866933 0.0255672 0.0533732 0.0741822 0.0934870 0.0706377 0.0711351 0.1106260 0.0879768 0.1361102 0.1138151 0.1215137 0.0976676 0.0293700 0.0681440 0.0987509 0.0852954 0.0422783 0.0273081 0.0500237 0.1096316 0.0705466 0.1282963 0.0760257 0.0805196 0.0365630 0.0925436 0.1054821 0.0093229 0.1028193 0.0828216 0.0581708 0.1012500 0.0472305 0.0870153 0.0429338 0.0529203 0.0909250 0.0943958 0.0821400 0.0853700 0.0937577 0.1300444 0.0605198 0.0907972 0.0696283 0.0770809 
S0720         0.1656209 0.0659087 0.0160204 0.0921329 0.0648745 0.0547906 0.0993269 0.0610385 0.0654685 0.0705030 0.1324194 0.2056665 0.1598375 0.0958784 0.0654004 0.0659612 0.0589169 0.0515667 0.0622722 0.0671767 0.0949083 0.0231958 0.0756997 0.1024651 0.0481854 0.0744011 0.0926934 0.0619123 0.0517137 0.0723599 0.0657828 0.0657826 0.0000000 0.0968345 0.1726957 0.0693285 0.0978212 0.0559842 0.0721796 0.0169346 0.0657369 0.0169346 0.0720131 0.0761871 0.0836852 0.0550326 0.0666022 0.0541684 0.1180893 0.0693611 0.0685726 0.0658768 0.0781797 0.0936432 0.0506083 0.1919189 0.1584202 0.0731341 0.0591889 0.0659748 0.1691156 0.0174726 0.1804127 0.0712692 0.0482471 0.0647959 0.0797539 0.0799256 0.1818411 0.0617354 0.0682797 0.0722965 0.0755308 0.0514785 0.0485769 0.1104387 0.0626729 0.1215176 0.0877082 0.1190221 0.0808651 0.0587233 0.0633566 0.0795499 0.0642580 0.0657968 0.0523843 0.0536294 0.0885221 0.0736275 0.0716571 0.0576646 0.0636030 0.0592366 0.0605054 0.0836939 0.0590964 0.0746532 0.0652206 0.0797110 0.0704754 0.0737530 0.0659558 0.0690953 0.0479867 0.0759569 0.0685713 0.0690462 0.0681520 0.0681363 0.1162047 0.0381077 0.0687082 0.0756183 0.0606819 
S0724sl       0.1480903 0.0813444 0.1140000 0.1325743 0.0895856 0.0926614 0.1461020 0.1042606 0.1311371 0.1061914 0.1988899 0.0810026 0.0789406 0.0085030 0.1067511 0.1129991 0.0858425 0.0890320 0.0969239 0.0980011 0.0997285 0.0783921 0.1054361 0.0086116 0.0572238 0.1201902 0.1174883 0.0928568 0.0848059 0.1196953 0.0928713 0.1014850 0.0968345 0.0000000 0.2172243 0.1050840 0.0056488 0.0825972 0.1183698 0.0841470 0.1008650 0.0841470 0.1041706 0.0873840 0.0893157 0.0929661 0.0941859 0.0998847 0.0783710 0.1217681 0.1174859 0.1210988 0.1332617 0.1494063 0.1056391 0.2149752 0.1669685 0.0604361 0.1122552 0.1291831 0.2028750 0.0794241 0.2013822 0.1210760 0.0927644 0.0893028 0.0941633 0.1135092 0.2183017 0.0926984 0.1010424 0.1119947 0.1231441 0.0887176 0.0853678 0.0062515 0.1041797 0.1555918 0.0600727 0.0206144 0.0061472 0.0928525 0.0683145 0.1094350 0.1119661 0.1218882 0.1152043 0.1093581 0.1438162 0.0982797 0.1344240 0.1143264 0.1142815 0.0909802 0.1056352 0.1211267 0.0982013 0.1277063 0.1006878 0.1083692 0.1233897 0.0939639 0.1038317 0.0937815 0.0839282 0.1130778 0.1198568 0.1082109 0.1183781 0.1167559 0.1569660 0.0722937 0.0969966 0.1166930 0.0986985 
