113
PAFTOL_019361 0.0000000 0.1474676 0.1354614 0.1518880 0.1503897 0.1518125 0.1653315 0.1470546 0.1401161 0.1758893 0.2106671 0.1437778 0.1893894 0.1614842 0.1961006 0.1435945 0.1733924 0.1502286 0.1826709 0.1478098 0.1188354 0.1347666 0.1421638 0.1416325 0.1999920 0.1429160 0.1759309 0.1646091 0.1494114 0.0741981 0.1563618 0.1230201 0.1586873 0.1313587 0.1893894 0.1655471 0.1684245 0.2120240 0.1326754 0.1554639 0.1227435 0.1292090 0.1551218 0.1409289 0.1233749 0.2044397 0.1571588 0.1359315 0.1686097 0.1429889 0.1430407 0.1550407 0.1526817 0.1806124 0.1410929 0.1664335 0.1709523 0.2277511 0.1299580 0.1299742 0.1583361 0.1403881 0.1551346 0.1759512 0.1305002 0.1637963 0.1432725 0.1358269 0.1489684 0.1563112 0.1534966 0.2113526 0.1177410 0.1485819 0.1962362 0.1837010 0.1619886 0.1904310 0.1470200 0.1440371 0.1192877 0.1477230 0.1730912 0.1242988 0.1383416 0.1627685 0.1639043 0.1362267 0.1244668 0.1232982 0.1430368 0.1410929 0.1626775 0.1389166 0.1410929 0.1137766 0.1460049 0.1289942 0.1368602 0.1234154 0.1301320 0.1352932 0.1229082 0.1577478 0.1599978 0.1625159 0.1172912 0.1478545 0.1608003 0.1220089 0.1528824 0.1361584 0.1366458 
S0055         0.1474676 0.0000000 0.0722418 0.0912225 0.0556971 0.0609492 0.0904107 0.0245525 0.0599308 0.0982732 0.1150828 0.0606110 0.1198403 0.1045188 0.1254900 0.0557940 0.0520281 0.0556448 0.0650325 0.0652504 0.0408097 0.0676856 0.0708503 0.0406497 0.1240074 0.0652150 0.0809580 0.0632209 0.0699800 0.0133605 0.0755125 0.0454316 0.0663049 0.0609927 0.1198403 0.0960371 0.0652004 0.1382364 0.0515645 0.0505744 0.0552403 0.0603828 0.0758130 0.0650136 0.0553307 0.1321249 0.0758571 0.0604421 0.1026700 0.0661026 0.0759096 0.0710734 0.0738248 0.0814114 0.0701059 0.1123012 0.0852160 0.1447160 0.0555262 0.0555280 0.0903007 0.0908635 0.0759255 0.0989740 0.0648303 0.0811446 0.0505372 0.0547437 0.0599938 0.0755023 0.0722601 0.1368227 0.0427580 0.0675448 0.1197426 0.1147716 0.0706867 0.1092260 0.0703895 0.0507671 0.0282912 0.0085991 0.0886293 0.0360264 0.0861252 0.0920233 0.0897361 0.0548864 0.0502053 0.0503514 0.0603352 0.0701059 0.0753581 0.0510352 0.0701059 0.0538231 0.0755227 0.0451836 0.0599336 0.0455430 0.0550423 0.0595175 0.0453900 0.0719554 0.0919617 0.0705046 0.0550455 0.0753678 0.0912671 0.0552015 0.0650701 0.0609750 0.0607230 
S0196sl       0.1354614 0.0722418 0.0000000 0.0547184 0.0614951 0.0613830 0.0660860 0.0489652 0.0784636 0.0929105 0.0989269 0.0487914 0.0853516 0.1002726 0.0915837 0.0492883 0.0577481 0.0614256 0.0519390 0.0606209 0.0432703 0.0611264 0.0491749 0.0602220 0.0859609 0.0488168 0.0988793 0.0618084 0.0662106 0.0144350 0.0665710 0.0431761 0.0610988 0.0267971 0.0853516 0.0850563 0.0732119 0.0922624 0.0684539 0.0669987 0.0155674 0.0264885 0.0669343 0.0317824 0.0487647 0.1056110 0.0669289 0.0433746 0.0787399 0.0494556 0.0492546 0.0465405 0.0461578 0.0698972 0.0373543 0.0977427 0.0799441 0.1267013 0.0433695 0.0487492 0.0786348 0.0789387 0.0549289 0.0999888 0.0606382 0.0610906 0.0552215 0.0543345 0.0602414 0.0665617 0.0603658 0.0920862 0.0387983 0.0668641 0.0983072 0.0796034 0.0611268 0.0857611 0.0844362 0.0555245 0.0222516 0.0605057 0.0561168 0.0377669 0.0609457 0.0611902 0.0655218 0.0545032 0.0372757 0.0210049 0.0545198 0.0373543 0.0725362 0.0558754 0.0318500 0.0337490 0.0724510 0.0544121 0.0487491 0.0549380 0.0484687 0.0484607 0.0490198 0.0677307 0.0856182 0.0666120 0.0318629 0.0605572 0.0725607 0.0209594 0.0602075 0.0553329 0.0436089 
S0281         0.1518880 0.0912225 0.0547184 0.0000000 0.0769263 0.0881040 0.0858652 0.0789903 0.0967349 0.1344229 0.1198765 0.0875865 0.1139062 0.1156938 0.1194771 0.0770462 0.0815425 0.0768516 0.0994435 0.0924243 0.0710384 0.0960433 0.0656233 0.0861014 0.1307485 0.0872137 0.1034538 0.0936767 0.0973735 0.0557684 0.0925628 0.0708452 0.0901402 0.0460961 0.1139062 0.1134701 0.0976601 0.1319891 0.0835499 0.0816380 0.0407189 0.0456415 0.0866919 0.0501983 0.0815443 0.1388511 0.0929965 0.0657924 0.1078343 0.0659481 0.0706206 0.0649716 0.0669253 0.0914791 0.0551101 0.1247180 0.0871069 0.1577522 0.0707485 0.0654303 0.0967243 0.1135252 0.0706344 0.1038536 0.0810535 0.0984057 0.0713527 0.0757710 0.0866479 0.0925468 0.0895527 0.1304160 0.0531067 0.0958312 0.1206233 0.1088834 0.0928112 0.1155226 0.1019615 0.0716906 0.0487695 0.0808971 0.0944291 0.0608286 0.0877236 0.0927729 0.0852240 0.0659091 0.0658633 0.0407657 0.0871716 0.0551101 0.0979368 0.0720791 0.0551101 0.0646396 0.0851721 0.0704361 0.0865524 0.0710309 0.0810886 0.0755174 0.0707760 0.0827628 0.1086448 0.0978721 0.0505643 0.0809527 0.0921520 0.0406899 0.0805439 0.0826104 0.0661016 
S0282         0.1503897 0.0556971 0.0614951 0.0769263 0.0000000 0.0562674 0.0917634 0.0161000 0.0607752 0.0881925 0.1284671 0.0559557 0.1159831 0.1061813 0.1216781 0.0565839 0.0250700 0.0130704 0.0463986 0.0605993 0.0510760 0.0688814 0.0718846 0.0606319 0.1200647 0.0557369 0.0358169 0.0147180 0.0653300 0.0133605 0.0664597 0.0460534 0.0142266 0.0568408 0.1159831 0.0966364 0.0713638 0.1344991 0.0372803 0.0130185 0.0511086 0.0562659 0.0769279 0.0609467 0.0561064 0.1283458 0.0667656 0.0613019 0.1097681 0.0670631 0.0770280 0.0659360 0.0680574 0.0646566 0.0660675 0.1140619 0.0860524 0.1532353 0.0662645 0.0662675 0.0863225 0.1030385 0.0770447 0.1005315 0.0552119 0.0823541 0.0043008 0.0459879 0.0553865 0.0664518 0.0629989 0.1329624 0.0433692 0.0627308 0.1158917 0.1108586 0.0220214 0.1052724 0.0663659 0.0043190 0.0000027 0.0460084 0.0841838 0.0314873 0.0719878 0.0819766 0.0910670 0.0455590 0.0412919 0.0511696 0.0557008 0.0660675 0.0715670 0.0043412 0.0660675 0.0598859 0.0766297 0.0267741 0.0553314 0.0269812 0.0558102 0.0506353 0.0460106 0.0730238 0.0933661 0.0665520 0.0461156 0.0764692 0.0875135 0.0510719 0.0659993 0.0618503 0.0615911 
S0289         0.1518125 0.0609492 0.0613830 0.0881040 0.0562674 0.0000000 0.0925696 0.0332947 0.0713380 0.0613953 0.1177729 0.0177948 0.1168814 0.1055536 0.1226250 0.0466814 0.0516343 0.0562140 0.0592052 0.0222365 0.0413781 0.0427280 0.0725152 0.0611507 0.1210274 0.0268116 0.0767402 0.0635765 0.0267172 0.0000010 0.0613421 0.0464438 0.0670524 0.0624091 0.1168814 0.1093785 0.0617341 0.1355665 0.0528036 0.0608932 0.0564948 0.0617705 0.0776037 0.0665105 0.0511314 0.1221994 0.0616230 0.0618325 0.1106093 0.0676519 0.0777058 0.0656928 0.0677740 0.0474565 0.0717348 0.1150862 0.0778141 0.1466618 0.0668392 0.0668423 0.0869597 0.1039565 0.0674064 0.1182910 0.0611495 0.0770598 0.0510482 0.0317020 0.0176251 0.0613355 0.0578005 0.1340477 0.0435095 0.0229790 0.1056728 0.1117172 0.0714233 0.0994721 0.0823584 0.0512841 0.0237182 0.0511200 0.0844838 0.0368184 0.0717690 0.0942652 0.0918612 0.0177063 0.0318152 0.0565635 0.0177180 0.0717348 0.0563222 0.0515571 0.0717348 0.0496402 0.0877300 0.0510131 0.0266298 0.0514325 0.0460322 0.0457720 0.0464004 0.0784907 0.1050641 0.0613591 0.0513723 0.0771371 0.0827383 0.0564543 0.0767432 0.0518047 0.0621268 
S0292         0.1653315 0.0904107 0.0660860 0.0858652 0.0917634 0.0925696 0.0000000 0.0588003 0.0855525 0.1330268 0.1024853 0.0920270 0.0911071 0.0867749 0.0858491 0.0815214 0.0983278 0.0916742 0.0845099 0.0864056 0.0704281 0.1006054 0.0551099 0.0752248 0.0941489 0.0916379 0.1136770 0.1047379 0.0912849 0.0131807 0.0969570 0.0652583 0.1065430 0.0608470 0.0911071 0.1239357 0.0967691 0.1080335 0.0933387 0.0964609 0.0599762 0.0651713 0.0550217 0.0698077 0.0859363 0.0970820 0.0974083 0.0452269 0.0854638 0.0553748 0.0599600 0.0584731 0.0595649 0.0908234 0.0650264 0.1297054 0.0840146 0.1194945 0.0499301 0.0499314 0.1067721 0.1184702 0.0599699 0.0815079 0.0803449 0.0556507 0.0860115 0.0852179 0.0910447 0.0969394 0.0940556 0.1058750 0.0629308 0.0885746 0.0910598 0.0862571 0.1079283 0.0810792 0.0793227 0.0864211 0.0586154 0.0801915 0.0564739 0.0603187 0.1027148 0.0554261 0.0130411 0.0854473 0.0752628 0.0600478 0.0915939 0.0650264 0.1023206 0.0868883 0.0650264 0.0234055 0.0595659 0.0798111 0.0909439 0.0804895 0.0854563 0.0849308 0.0701704 0.0558496 0.0853476 0.0917248 0.0401803 0.0595468 0.0699117 0.0599343 0.0496572 0.0870963 0.0454310 
S0293         0.1470546 0.0245525 0.0489652 0.0789903 0.0161000 0.0332947 0.0588003 0.0000000 0.0422211 0.0804581 0.1004134 0.0330869 0.0885751 0.1117092 0.0983516 0.0423911 0.0243577 0.0243471 0.0412684 0.0508357 0.0423274 0.0635482 0.0513903 0.0329785 0.0723160 0.0328199 0.0415823 0.0256695 0.0594237 0.0134161 0.0604759 0.0420751 0.0256352 0.0517492 0.0885751 0.1185653 0.0701047 0.1091867 0.0349108 0.0161000 0.0413698 0.0603641 0.0511428 0.0598315 0.0420703 0.1086820 0.0509688 0.0419676 0.0598264 0.0517914 0.0599725 0.0513903 0.0509897 0.0538736 0.0785078 0.1088726 0.0599527 0.1546042 0.0243873 0.0245840 0.0883912 0.1085870 0.0421225 0.0611140 0.0499901 0.0505077 0.0161000 0.0332947 0.0330642 0.0509688 0.0440067 0.0935911 0.0173000 0.0258708 0.0773314 0.0796163 0.0241966 0.0790171 0.0508157 0.0161000 0.0000021 0.0245525 0.0621271 0.0162388 0.0712831 0.0507999 0.0588003 0.0330518 0.0334315 0.0416830 0.0328199 0.0785078 0.0604759 0.0161000 0.0785078 0.0336403 0.0503165 0.0327938 0.0330079 0.0332652 0.0509688 0.0592604 0.0330350 0.0611126 0.0993571 0.0604401 0.0243873 0.0596710 0.0600368 0.0508230 0.0415851 0.0521002 0.0333054 
S0294         0.1401161 0.0599308 0.0784636 0.0967349 0.0607752 0.0713380 0.0855525 0.0422211 0.0000000 0.1152816 0.1270162 0.0709342 0.1147113 0.0873977 0.1203305 0.0608786 0.0632124 0.0607178 0.0651290 0.0697404 0.0553483 0.0723357 0.0660419 0.0648471 0.1186977 0.0755946 0.0918075 0.0690536 0.0804374 0.0421647 0.0808163 0.0503268 0.0719712 0.0611509 0.1147113 0.1124419 0.0755796 0.1329624 0.0511652 0.0653798 0.0602711 0.0555720 0.0709866 0.0701578 0.0702462 0.1269000 0.0811862 0.0557193 0.1085837 0.0612999 0.0660305 0.0712898 0.0739390 0.0564397 0.0753195 0.0965167 0.0952693 0.1514214 0.0605851 0.0605875 0.0957501 0.1071029 0.0609789 0.1047255 0.0600245 0.0762757 0.0555260 0.0647556 0.0701994 0.0808045 0.0776470 0.1314033 0.0579269 0.0783361 0.1146233 0.1096488 0.0759522 0.1041352 0.0656121 0.0557811 0.0332481 0.0502777 0.0835957 0.0408122 0.0915768 0.0870716 0.0849162 0.0649264 0.0551549 0.0603435 0.0706073 0.0753195 0.0859951 0.0560767 0.0753195 0.0540103 0.0707140 0.0451946 0.0701264 0.0504517 0.0698674 0.0645462 0.0502802 0.0619418 0.0756080 0.0757502 0.0503940 0.0705694 0.0863578 0.0602288 0.0603452 0.0554642 0.0559779 
S0299         0.1758893 0.0982732 0.0929105 0.1344229 0.0881925 0.0613953 0.1330268 0.0804581 0.1152816 0.0000000 0.1621611 0.0610519 0.1527225 0.1546589 0.1588745 0.0884666 0.0819511 0.0882259 0.1227935 0.0657266 0.0822339 0.0850482 0.1173486 0.1040482 0.1605170 0.0608123 0.1050295 0.0806212 0.0704932 0.0271431 0.1043960 0.0767298 0.1028681 0.1063499 0.1527225 0.1399850 0.1051495 0.1585458 0.0961749 0.0929729 0.0992204 0.1052154 0.1228394 0.1101863 0.0929663 0.1599876 0.1048928 0.1053225 0.1458040 0.1064438 0.1230412 0.1246800 0.1351329 0.0559413 0.1159909 0.1461438 0.1342680 0.1960454 0.1052671 0.1107465 0.1158474 0.1341718 0.1117908 0.1627581 0.1042026 0.1219344 0.0823886 0.0764585 0.0604256 0.1043751 0.1015697 0.1576685 0.0807558 0.0680562 0.1366167 0.1473517 0.1045713 0.1352689 0.1150826 0.0827869 0.0490795 0.0876340 0.1313510 0.0774709 0.1104761 0.1356640 0.1319376 0.0607278 0.0767465 0.0993533 0.0557836 0.1159909 0.0988655 0.0832418 0.1159909 0.0820326 0.1154128 0.0927412 0.0603644 0.0935720 0.0871930 0.0866252 0.0879255 0.1115094 0.1472313 0.1044167 0.0934385 0.1220702 0.1286468 0.0991516 0.1089308 0.0887600 0.1003910 
S0308         0.2106671 0.1150828 0.0989269 0.1198765 0.1284671 0.1177729 0.1024853 0.1004134 0.1270162 0.1621611 0.0000000 0.1170362 0.0507941 0.1263601 0.0556843 0.1231117 0.1332037 0.1156793 0.1455525 0.1106748 0.1103257 0.1334790 0.0704251 0.1096486 0.0798334 0.1166784 0.1450952 0.1404281 0.1272713 0.0412485 0.1401123 0.1044807 0.1410349 0.0881783 0.0507941 0.1428151 0.1152933 0.0661443 0.1131913 0.1333863 0.0868521 0.0925548 0.0928197 0.0973932 0.1333686 0.0990204 0.1408027 0.0767771 0.0554501 0.0707754 0.0754530 0.0701457 0.0863242 0.1329043 0.1029476 0.1625050 0.1326556 0.1152741 0.0869849 0.0813785 0.1204103 0.1370948 0.0754687 0.1466581 0.1098739 0.0930208 0.1219117 0.1095401 0.0990803 0.1400730 0.1379271 0.0629939 0.0968859 0.1268242 0.0823042 0.0461444 0.1463442 0.0774139 0.1195217 0.1225332 0.0874877 0.1040940 0.1180295 0.0989881 0.1346588 0.1155842 0.1084324 0.1095699 0.1155322 0.0869639 0.1164578 0.1029476 0.1341340 0.1232304 0.1029476 0.0756350 0.1085673 0.1203099 0.1155718 0.1158049 0.1325258 0.1259915 0.1098772 0.1054136 0.1197437 0.1269748 0.0759503 0.0819667 0.0982262 0.0867930 0.0971063 0.1294906 0.0769575 
S0320         0.1437778 0.0606110 0.0487914 0.0875865 0.0559557 0.0177948 0.0920270 0.0330869 0.0709342 0.0610519 0.1170362 0.0000000 0.1161565 0.1177162 0.1218577 0.0318725 0.0574423 0.0559029 0.0404991 0.0221219 0.0411552 0.0275521 0.0720975 0.0608101 0.1074778 0.0086575 0.0763006 0.0459346 0.0265789 0.0275160 0.0609994 0.0461908 0.0552324 0.0620531 0.1161565 0.0977768 0.0514083 0.1346950 0.0525057 0.0605555 0.0459640 0.0614227 0.0771543 0.0661352 0.0508516 0.1285347 0.0612771 0.0614832 0.1099332 0.0672634 0.0772550 0.0720282 0.0609383 0.0389697 0.0713263 0.1033168 0.0690643 0.1534506 0.0664603 0.0664633 0.0760497 0.0924982 0.0670198 0.1175470 0.0608089 0.0766167 0.0507690 0.0361762 0.0175352 0.0609928 0.0469784 0.1198677 0.0282706 0.0134635 0.1050280 0.1110266 0.0554572 0.1054335 0.0818806 0.0510017 0.0186909 0.0508402 0.0839793 0.0366203 0.0663110 0.0883659 0.0913272 0.0176155 0.0363052 0.0562479 0.0086648 0.0713263 0.0560090 0.0512724 0.0713263 0.0493495 0.0872164 0.0507342 0.0264923 0.0511489 0.0505880 0.0455262 0.0461477 0.0780306 0.1044267 0.0610163 0.0510893 0.0766931 0.0822559 0.0561397 0.0763038 0.0367405 0.0617749 
S0322         0.1893894 0.1198403 0.0853516 0.1139062 0.1159831 0.1168814 0.0911071 0.0885751 0.1147113 0.1527225 0.0507941 0.1161565 0.0000000 0.1153983 0.0042913 0.1107583 0.1190865 0.1158656 0.1291657 0.1098557 0.0984758 0.1324143 0.0707895 0.1086311 0.0632480 0.1158043 0.1515772 0.1259885 0.1263079 0.0412485 0.1330434 0.0928307 0.1271025 0.0770054 0.0000010 0.1371823 0.1270979 0.0130852 0.1123341 0.1208397 0.0758697 0.0813655 0.0764127 0.0861261 0.1208263 0.0760560 0.1336905 0.0660242 0.0219483 0.0711434 0.0758458 0.0705629 0.0869124 0.1111190 0.0915106 0.1566490 0.1212959 0.1098974 0.0759845 0.0705790 0.1149413 0.1315083 0.0758617 0.1279864 0.0980877 0.0931634 0.1096953 0.1087391 0.1037311 0.1330084 0.1307425 0.0089299 0.0849156 0.1140250 0.0713643 0.0000028 0.1333048 0.0558023 0.0967844 0.1102428 0.0816375 0.1088428 0.1057600 0.0875031 0.1218763 0.1036201 0.0968311 0.1087685 0.1035791 0.0759644 0.1155869 0.0915106 0.1389069 0.1108608 0.0915106 0.0700062 0.0969497 0.1082943 0.1147156 0.1038104 0.1144344 0.1138128 0.0980873 0.0936513 0.1024335 0.1148108 0.0653317 0.0710739 0.0975228 0.0758169 0.0858770 0.1168990 0.0661766 
S0335         0.1614842 0.1045188 0.1002726 0.1156938 0.1061813 0.1055536 0.0867749 0.1117092 0.0873977 0.1546589 0.1263601 0.1177162 0.1153983 0.0000000 0.1210605 0.1063249 0.1078350 0.1060732 0.1232981 0.1155308 0.0940634 0.1202210 0.0664097 0.1100520 0.1266562 0.1171928 0.1283681 0.1077345 0.1280113 0.0733473 0.1286869 0.0937898 0.1233473 0.0785115 0.1153983 0.1327530 0.1227258 0.1208286 0.0954379 0.1110809 0.0825881 0.0882911 0.0877829 0.0931695 0.1164596 0.1408206 0.1293182 0.0665834 0.1092224 0.0616193 0.0825602 0.0653683 0.0810451 0.1431008 0.0987397 0.1311573 0.1436039 0.1539460 0.0716061 0.0716099 0.1148607 0.1270710 0.0825793 0.1063269 0.1046934 0.0887380 0.0999822 0.1098822 0.1163772 0.1286540 0.1262777 0.1189617 0.0864277 0.1214819 0.1221486 0.1103018 0.1234134 0.1170866 0.0608103 0.1004825 0.0711853 0.0936823 0.0901457 0.0830848 0.1294278 0.0883416 0.0924897 0.1101929 0.0991944 0.0826945 0.1113445 0.0987397 0.1345675 0.1010499 0.0987397 0.0600161 0.0609168 0.0770942 0.1162353 0.0940534 0.1157458 0.1037372 0.0936916 0.0373051 0.0361190 0.1229818 0.0609721 0.0768048 0.0983953 0.0825301 0.0507552 0.0942388 0.0669004 
S0355         0.1961006 0.1254900 0.0915837 0.1194771 0.1216781 0.1226250 0.0858491 0.0983516 0.1203305 0.1588745 0.0556843 0.1218577 0.0042913 0.1210605 0.0000000 0.1164119 0.1255032 0.1215543 0.1365507 0.1154602 0.1039436 0.1384889 0.0758852 0.1141608 0.0684684 0.1214864 0.1454890 0.1325217 0.1320604 0.0412485 0.1389069 0.0982269 0.1334065 0.0822353 0.0042913 0.1430300 0.1328986 0.0175272 0.1180718 0.1265462 0.0810158 0.0865885 0.0712516 0.0913692 0.1265310 0.0812146 0.1395848 0.0710955 0.0264592 0.0762678 0.0809893 0.0764251 0.0937314 0.1207261 0.0968142 0.1627679 0.1304860 0.1155051 0.0811382 0.0756573 0.1205780 0.1372972 0.0810074 0.1338302 0.1035281 0.0985809 0.1152914 0.1142753 0.1092406 0.1388685 0.1367173 0.0134580 0.0903788 0.1198677 0.0765051 0.0043095 0.1391880 0.0607499 0.1021431 0.1158702 0.0872088 0.1143852 0.1113933 0.0928414 0.1276352 0.1091222 0.0914905 0.1143059 0.1090764 0.0811172 0.1212579 0.0968142 0.1448329 0.1165219 0.0968142 0.0754007 0.1023176 0.1138045 0.1203349 0.1093258 0.1200367 0.1193785 0.1035292 0.0990959 0.1078658 0.1204326 0.0703428 0.0761937 0.1029276 0.0809599 0.0911033 0.1226397 0.0712604 
S0376         0.1435945 0.0557940 0.0492883 0.0770462 0.0565839 0.0466814 0.0815214 0.0423911 0.0608786 0.0884666 0.1231117 0.0318725 0.1107583 0.1063249 0.1164119 0.0000000 0.0529126 0.0565299 0.0409389 0.0510504 0.0222572 0.0426800 0.0618605 0.0509589 0.1082027 0.0363922 0.0877626 0.0527537 0.0509446 0.0276181 0.0560060 0.0365984 0.0615779 0.0519864 0.1107583 0.0871037 0.0514315 0.1290926 0.0575622 0.0612357 0.0413303 0.0514608 0.0668382 0.0561317 0.0459871 0.1230012 0.0562600 0.0515127 0.1046146 0.0570769 0.0669209 0.0664769 0.0616440 0.0563319 0.0612080 0.0925224 0.0786178 0.1476645 0.0564070 0.0564089 0.0710917 0.0819255 0.0669336 0.1117546 0.0559747 0.0606196 0.0513326 0.0408905 0.0459570 0.0560006 0.0471445 0.1206941 0.0232979 0.0475317 0.1106767 0.1056482 0.0562766 0.1001026 0.0715259 0.0515699 0.0237113 0.0460924 0.0623607 0.0272054 0.0559373 0.0720861 0.0809106 0.0362768 0.0316051 0.0464154 0.0412031 0.0612080 0.0609704 0.0518465 0.0612080 0.0441445 0.0767508 0.0458816 0.0459123 0.0462525 0.0457507 0.0407640 0.0365649 0.0675872 0.0820601 0.0511305 0.0461999 0.0664413 0.0877648 0.0463279 0.0661090 0.0318083 0.0517532 
S0400         0.1733924 0.0520281 0.0577481 0.0815425 0.0250700 0.0516343 0.0983278 0.0243577 0.0632124 0.0819511 0.1332037 0.0574423 0.1190865 0.1078350 0.1255032 0.0529126 0.0000000 0.0301979 0.0652506 0.0626372 0.0522810 0.0720939 0.0758316 0.0630442 0.1238118 0.0571913 0.0571352 0.0313587 0.0679307 0.0132089 0.0753620 0.0466226 0.0312102 0.0644971 0.1190865 0.1105256 0.0752125 0.1326794 0.0479493 0.0300570 0.0578486 0.0637598 0.0815417 0.0690566 0.0635034 0.1330565 0.0757542 0.0638315 0.1120785 0.0703850 0.0816638 0.0712955 0.0740857 0.0733370 0.0749177 0.1168738 0.0777516 0.1613101 0.0638150 0.0694407 0.0921391 0.1045028 0.0816848 0.1022297 0.0571600 0.0813803 0.0198387 0.0465610 0.0567890 0.0753504 0.0716360 0.1309066 0.0435782 0.0651126 0.1182214 0.1133307 0.0354865 0.1070463 0.0695801 0.0199363 0.0103751 0.0465714 0.0898616 0.0303992 0.0817406 0.0752892 0.0974834 0.0407363 0.0412686 0.0579273 0.0571497 0.0749177 0.0812027 0.0200507 0.0749177 0.0620408 0.0811866 0.0354999 0.0459847 0.0358145 0.0631203 0.0571945 0.0465739 0.0771930 0.1002887 0.0754056 0.0521069 0.0809935 0.0871574 0.0578024 0.0691249 0.0587895 0.0641713 
S0405         0.1502286 0.0556448 0.0614256 0.0768516 0.0130704 0.0562140 0.0916742 0.0243471 0.0607178 0.0882259 0.1156793 0.0559029 0.1158656 0.1060732 0.1215543 0.0565299 0.0301979 0.0000000 0.0593681 0.0605422 0.0510279 0.0688128 0.0718150 0.0605747 0.1199386 0.0556845 0.0404294 0.0196970 0.0652685 0.0133605 0.0663959 0.0460104 0.0190368 0.0567863 0.1158656 0.0965424 0.0712952 0.1343598 0.0372451 0.0174147 0.0510605 0.0562125 0.0768533 0.0608890 0.0560533 0.1282133 0.0667012 0.0612434 0.1096580 0.0669981 0.0769531 0.0658627 0.0679723 0.0646850 0.0660045 0.1139483 0.0860897 0.1530734 0.0662012 0.0662042 0.0862390 0.1029368 0.0769697 0.1004297 0.0551606 0.0712323 0.0086317 0.0459451 0.0505162 0.0663881 0.0629372 0.1328207 0.0433268 0.0626696 0.1157745 0.1107463 0.0265135 0.1051663 0.0663023 0.0086684 0.0000027 0.0459656 0.0840996 0.0314588 0.0769529 0.0871037 0.0909788 0.0455170 0.0412535 0.0511214 0.0556485 0.0660045 0.0714980 0.0087120 0.0660045 0.0543113 0.0765556 0.0267499 0.0552798 0.0269567 0.0557577 0.0505882 0.0459677 0.0729520 0.0932735 0.0656836 0.0460726 0.0763954 0.0874277 0.0510239 0.0659364 0.0617908 0.0615321 
S0412sl       0.1826709 0.0650325 0.0519390 0.0994435 0.0463986 0.0592052 0.0845099 0.0412684 0.0651290 0.1227935 0.1455525 0.0404991 0.1291657 0.1232981 0.1365507 0.0409389 0.0652506 0.0593681 0.0000000 0.0719431 0.0529321 0.0485071 0.0730114 0.0587947 0.1118039 0.0462308 0.0923578 0.0421722 0.0780333 0.0411712 0.0790155 0.0465669 0.0484810 0.0662865 0.1291657 0.1050178 0.0464759 0.1448921 0.0607367 0.0652948 0.0462793 0.0658851 0.0659608 0.0718537 0.0592234 0.1377236 0.0794798 0.0596147 0.1210522 0.0668925 0.0725811 0.0665251 0.0541039 0.0474748 0.0784900 0.1120789 0.0765832 0.1782684 0.0658852 0.0658889 0.0913363 0.0983194 0.0729460 0.1017729 0.0647037 0.0792425 0.0528009 0.0464977 0.0651136 0.0790010 0.0548319 0.1196026 0.0240013 0.0483818 0.1280845 0.1226018 0.0525639 0.1153835 0.0789054 0.0528009 0.0115499 0.0587587 0.0887306 0.0283879 0.0730327 0.0864316 0.0837136 0.0588864 0.0405541 0.0592954 0.0524299 0.0784900 0.0856393 0.0534670 0.0784900 0.0636136 0.0921965 0.0459471 0.0650289 0.0464130 0.0651382 0.0584506 0.0465122 0.0873471 0.1072848 0.0727007 0.0466028 0.0788197 0.0925363 0.0591515 0.0783147 0.0473078 0.0599707 
S0417         0.1478098 0.0652504 0.0606209 0.0924243 0.0605993 0.0222365 0.0864056 0.0508357 0.0697404 0.0657266 0.1106748 0.0221219 0.1098557 0.1155308 0.1154602 0.0510504 0.0626372 0.0605422 0.0719431 0.0000000 0.0457124 0.0370306 0.0768799 0.0654649 0.1136826 0.0311059 0.0810436 0.0684174 0.0219619 0.0271118 0.0607120 0.0507928 0.0717428 0.0668058 0.1098557 0.1136243 0.0660890 0.1280195 0.0516203 0.0651908 0.0608434 0.0661277 0.0715558 0.0708367 0.0506147 0.1219854 0.0609872 0.0661935 0.1037697 0.0720464 0.0820572 0.0775411 0.0811595 0.0643286 0.0760562 0.1193202 0.0949350 0.1464191 0.0711830 0.0711866 0.0912297 0.1082194 0.0717872 0.1226248 0.0654646 0.0610600 0.0553671 0.0406829 0.0130227 0.0607056 0.0571947 0.1263187 0.0430398 0.0274178 0.0989127 0.1047863 0.0757284 0.0992890 0.0866694 0.0556198 0.0282932 0.0554438 0.0783115 0.0411837 0.0710220 0.0879580 0.0857558 0.0220113 0.0408281 0.0609173 0.0220258 0.0760562 0.0557466 0.0559146 0.0760562 0.0440002 0.0920306 0.0504390 0.0308947 0.0557815 0.0503528 0.0500600 0.0507452 0.0828802 0.1025532 0.0607288 0.0557155 0.0814590 0.0817520 0.0608004 0.0810450 0.0506656 0.0665066 
S0427         0.1188354 0.0408097 0.0432703 0.0710384 0.0510760 0.0413781 0.0704281 0.0423274 0.0553483 0.0822339 0.1103257 0.0411552 0.0984758 0.0940634 0.1039436 0.0222572 0.0522810 0.0510279 0.0529321 0.0457124 0.0000000 0.0473822 0.0512482 0.0361458 0.1018591 0.0456873 0.0815893 0.0579815 0.0456207 0.0000010 0.0505662 0.0315475 0.0612382 0.0416490 0.0984758 0.0757840 0.0558240 0.1160908 0.0519501 0.0556660 0.0363306 0.0412356 0.0558909 0.0458135 0.0407725 0.1102405 0.0507916 0.0412765 0.0819701 0.0464015 0.0561566 0.0540529 0.0546609 0.0648367 0.0507213 0.0915104 0.0698692 0.1153762 0.0460368 0.0460378 0.0703302 0.0707620 0.0561656 0.0993424 0.0456900 0.0557126 0.0459599 0.0358125 0.0407461 0.0505619 0.0469035 0.1140873 0.0279877 0.0472860 0.0984160 0.0934830 0.0660090 0.0881216 0.0657328 0.0461693 0.0187763 0.0408641 0.0510986 0.0223365 0.0554089 0.0716510 0.0699132 0.0359046 0.0266936 0.0316096 0.0409709 0.0507213 0.0554304 0.0464136 0.0507213 0.0335959 0.0657491 0.0406801 0.0407074 0.0410030 0.0405667 0.0357038 0.0315192 0.0567056 0.0708762 0.0457840 0.0362095 0.0557651 0.0763500 0.0363044 0.0554934 0.0365482 0.0414655 
S0428sl       0.1347666 0.0676856 0.0611264 0.0960433 0.0688814 0.0427280 0.1006054 0.0635482 0.0723357 0.0850482 0.1334790 0.0275521 0.1324143 0.1202210 0.1384889 0.0426800 0.0720939 0.0688128 0.0485071 0.0370306 0.0473822 0.0000000 0.0798469 0.0679165 0.1267906 0.0322594 0.0907099 0.0638745 0.0421608 0.0621307 0.0681363 0.0526690 0.0732733 0.0640908 0.1324143 0.1124076 0.0633608 0.1523432 0.0481304 0.0737182 0.0524000 0.0686324 0.0795218 0.0735196 0.0575047 0.1457104 0.0684575 0.0687030 0.1256981 0.0748249 0.0745286 0.0810101 0.0703120 0.0745557 0.0789574 0.1182948 0.1004133 0.1533075 0.0738917 0.0738959 0.0949580 0.1068212 0.0852613 0.1276987 0.0732978 0.0845058 0.0632674 0.0421505 0.0420547 0.0681278 0.0575915 0.1399787 0.0393123 0.0424895 0.1322837 0.1270233 0.0735113 0.1210636 0.0900241 0.0635744 0.0293944 0.0574916 0.0924282 0.0426881 0.0737175 0.0846734 0.0942803 0.0422637 0.0423062 0.0632034 0.0322988 0.0789574 0.0629221 0.0639281 0.0736629 0.0618023 0.0956150 0.0522867 0.0420134 0.0578563 0.0571934 0.0370887 0.0526178 0.0742151 0.1065873 0.0681548 0.0577846 0.0845941 0.0905813 0.0630774 0.0841466 0.0322345 0.0690406 
S0552sl       0.1421638 0.0708503 0.0491749 0.0656233 0.0718846 0.0725152 0.0551099 0.0513903 0.0660419 0.1173486 0.0704251 0.0720975 0.0707895 0.0664097 0.0758852 0.0618605 0.0758316 0.0718150 0.0730114 0.0768799 0.0512482 0.0798469 0.0000000 0.0658838 0.0844906 0.0717933 0.1041230 0.0819659 0.0817646 0.0000010 0.0718611 0.0511136 0.0845312 0.0319333 0.0707895 0.1033270 0.0716168 0.0869603 0.0731316 0.0765883 0.0314896 0.0363028 0.0459636 0.0408358 0.0713862 0.0929450 0.0721943 0.0269293 0.0654353 0.0086668 0.0220264 0.0049472 0.0111698 0.0746220 0.0456613 0.0981604 0.0694302 0.1142629 0.0315371 0.0267987 0.0816129 0.0979886 0.0220279 0.0824519 0.0609780 0.0562639 0.0663846 0.0657894 0.0713379 0.0718517 0.0684797 0.0842838 0.0430333 0.0796743 0.0817136 0.0660252 0.0876314 0.0717367 0.0602117 0.0666977 0.0387652 0.0608645 0.0571064 0.0414404 0.0877766 0.0560337 0.0602461 0.0659657 0.0560231 0.0315252 0.0717596 0.0456613 0.0770416 0.0619726 0.0456613 0.0285452 0.0505275 0.0605800 0.0712624 0.0610836 0.0709950 0.0655732 0.0510655 0.0466546 0.0658786 0.0667876 0.0221568 0.0362244 0.0606440 0.0314669 0.0407237 0.0672218 0.0270499 
S0558         0.1416325 0.0406497 0.0602220 0.0861014 0.0606319 0.0611507 0.0752248 0.0329785 0.0648471 0.1040482 0.1096486 0.0608101 0.1086311 0.1100520 0.1141608 0.0509589 0.0630442 0.0605747 0.0587947 0.0654649 0.0361458 0.0679165 0.0658838 0.0000000 0.1123683 0.0654292 0.0915761 0.0688668 0.0702106 0.0131807 0.0705356 0.0407424 0.0717832 0.0560946 0.1086311 0.0806331 0.0654146 0.1265367 0.0565254 0.0652251 0.0504543 0.0555341 0.0708153 0.0601516 0.0602287 0.1205903 0.0708564 0.0555895 0.0918794 0.0611540 0.0709035 0.0710904 0.0672814 0.0642060 0.0651957 0.1070171 0.0769140 0.1328342 0.0604428 0.0604451 0.0852340 0.0755854 0.0709174 0.1044493 0.0599840 0.0760892 0.0553972 0.0549196 0.0601889 0.0705267 0.0671940 0.1248172 0.0477434 0.0677747 0.1085547 0.1036231 0.0757671 0.0923938 0.0754446 0.0556501 0.0282982 0.0407037 0.0833831 0.0314120 0.0810436 0.0868526 0.0746739 0.0550631 0.0403471 0.0456082 0.0605325 0.0651957 0.0756081 0.0559452 0.0651957 0.0538777 0.0705441 0.0499359 0.0601283 0.0503364 0.0599115 0.0547459 0.0407054 0.0771319 0.0972804 0.0655651 0.0502789 0.0704002 0.0915770 0.0504186 0.0602040 0.0560793 0.0503678 
S0616         0.1999920 0.1240074 0.0859609 0.1307485 0.1200647 0.1210274 0.0941489 0.0723160 0.1186977 0.1605170 0.0798334 0.1074778 0.0632480 0.1266562 0.0684684 0.1082027 0.1238118 0.1199386 0.1118039 0.1136826 0.1018591 0.1267906 0.0844906 0.1123683 0.0000000 0.1076844 0.1571029 0.1199274 0.1307536 0.0291678 0.1377872 0.0959958 0.1274412 0.0913360 0.0632480 0.1158427 0.1256412 0.0797629 0.1163334 0.1250808 0.0840483 0.0899270 0.0843274 0.1008576 0.1250655 0.0683156 0.1251681 0.0733186 0.0578026 0.0849396 0.0898815 0.0864290 0.0983898 0.1230392 0.1066344 0.1345042 0.1088919 0.0847862 0.0784994 0.0785042 0.0994602 0.1103284 0.0899046 0.1383765 0.0894998 0.0963507 0.1135108 0.1181817 0.1073039 0.1245215 0.1310718 0.0744045 0.0885012 0.1261455 0.0322450 0.0583374 0.1252486 0.0477051 0.1112628 0.1140976 0.0840432 0.1125950 0.1094790 0.0904698 0.1265779 0.1015749 0.1000972 0.1125149 0.1071392 0.0900342 0.1132080 0.1066344 0.1359074 0.1147587 0.1010587 0.0724502 0.1002235 0.1120073 0.1187022 0.1130682 0.1128833 0.1120639 0.0948817 0.0968716 0.1126944 0.1318796 0.0674566 0.0838619 0.1008372 0.0898504 0.0887308 0.1144634 0.0683590 
S0624         0.1429160 0.0652150 0.0488168 0.0872137 0.0557369 0.0268116 0.0916379 0.0328199 0.0755946 0.0608123 0.1166784 0.0086575 0.1158043 0.1171928 0.1214864 0.0363922 0.0571913 0.0556845 0.0462308 0.0311059 0.0456873 0.0322594 0.0717933 0.0654292 0.1076844 0.0000000 0.0759993 0.0459664 0.0355903 0.0271485 0.0656330 0.0507649 0.0552710 0.0617933 0.1158043 0.1025791 0.0560332 0.1342746 0.0572262 0.0603197 0.0457772 0.0611672 0.0768282 0.0658606 0.0554258 0.1281376 0.0659312 0.0612281 0.1096039 0.0669793 0.0769280 0.0716790 0.0604512 0.0389697 0.0710286 0.1081441 0.0685491 0.1529605 0.0661831 0.0661861 0.0808419 0.0972828 0.0667385 0.1170256 0.0655164 0.0813329 0.0505728 0.0406607 0.0264159 0.0656254 0.0518660 0.1201016 0.0329501 0.0226397 0.1047134 0.1106905 0.0552422 0.1051163 0.0814252 0.0508029 0.0233790 0.0554136 0.0836171 0.0411609 0.0709831 0.0879864 0.0909434 0.0265383 0.0408057 0.0560151 0.0174034 0.0710286 0.0606234 0.0510714 0.0710286 0.0491356 0.0868463 0.0552983 0.0354739 0.0557509 0.0551363 0.0500328 0.0507183 0.0776971 0.1039741 0.0656505 0.0508797 0.0763708 0.0820183 0.0559090 0.0759848 0.0412946 0.0615166 
S0641         0.1759309 0.0809580 0.0988793 0.1034538 0.0358169 0.0767402 0.1136770 0.0415823 0.0918075 0.1050295 0.1450952 0.0763006 0.1515772 0.1283681 0.1454890 0.0877626 0.0571352 0.0404294 0.0923578 0.0810436 0.0815893 0.0907099 0.1041230 0.0915761 0.1571029 0.0759993 0.0000000 0.0404245 0.0858904 0.0133605 0.0875964 0.0761344 0.0441257 0.0776897 0.1515772 0.1230617 0.0925051 0.1717557 0.0571887 0.0402591 0.0816427 0.0872696 0.0876262 0.0816767 0.0870014 0.1650323 0.0880074 0.0926538 0.1447259 0.0991324 0.1095910 0.1028568 0.1027322 0.1018613 0.0975891 0.1415142 0.1231542 0.1920151 0.0916047 0.0916116 0.1123704 0.1299996 0.0977208 0.1355038 0.0855375 0.1153174 0.0310350 0.0658300 0.0755014 0.0875821 0.0844848 0.1712503 0.0635638 0.0839658 0.1514028 0.1462492 0.0499722 0.1402567 0.0980690 0.0311715 0.0331929 0.0707972 0.1179928 0.0603589 0.1042300 0.1147545 0.1127861 0.0651890 0.0710921 0.0817467 0.0759459 0.0975891 0.0822718 0.0313311 0.0975891 0.0930437 0.0876120 0.0552629 0.0754213 0.0557150 0.0865089 0.0808365 0.0760591 0.1058427 0.1272456 0.1035723 0.0762371 0.1087563 0.1095068 0.0815859 0.0869698 0.0934961 0.0931068 
S0643         0.1646091 0.0632209 0.0618084 0.0936767 0.0147180 0.0635765 0.1047379 0.0256695 0.0690536 0.0806212 0.1404281 0.0459346 0.1259885 0.1077345 0.1325217 0.0527537 0.0313587 0.0196970 0.0421722 0.0684174 0.0579815 0.0638745 0.0819659 0.0688668 0.1199274 0.0459664 0.0404245 0.0000000 0.0737622 0.0456232 0.0814516 0.0522192 0.0147184 0.0647029 0.1259885 0.0976430 0.0754352 0.1250682 0.0478413 0.0196080 0.0464956 0.0639600 0.0877516 0.0692789 0.0693760 0.1402615 0.0818789 0.0697400 0.1188142 0.0705317 0.0878876 0.0747729 0.0634932 0.0560989 0.0751672 0.1173006 0.0905484 0.1691279 0.0754198 0.0754246 0.0924358 0.1048622 0.0879120 0.1152534 0.0625930 0.0875784 0.0097077 0.0576020 0.0624511 0.0814379 0.0694848 0.1124643 0.0434400 0.0631808 0.1258625 0.1201626 0.0145900 0.1137649 0.0633186 0.0097543 0.0000027 0.0521607 0.0897146 0.0355887 0.0878328 0.0812468 0.1038265 0.0569834 0.0522237 0.0581026 0.0458996 0.0751672 0.0873854 0.0098096 0.0694260 0.0682850 0.0690177 0.0354194 0.0623796 0.0357329 0.0689506 0.0573615 0.0521639 0.0706592 0.1005446 0.0814981 0.0577841 0.0871569 0.0934119 0.0579769 0.0629312 0.0529442 0.0701149 
S0645sl       0.1494114 0.0699800 0.0662106 0.0973735 0.0653300 0.0267172 0.0912849 0.0594237 0.0804374 0.0704932 0.1272713 0.0265789 0.1263079 0.1280113 0.1320604 0.0509446 0.0679307 0.0652685 0.0780333 0.0219619 0.0456207 0.0421608 0.0817646 0.0702106 0.1307536 0.0355903 0.0858904 0.0737622 0.0000000 0.0268023 0.0654506 0.0554736 0.0769483 0.0665619 0.1263079 0.1186497 0.0708843 0.1451010 0.0620970 0.0699159 0.0655941 0.0709259 0.0868473 0.0756341 0.0552770 0.1388550 0.0657470 0.0660459 0.1199754 0.0769286 0.0766361 0.0831714 0.0875106 0.0724815 0.0808866 0.1243737 0.0945468 0.1520711 0.0760026 0.0760069 0.0961138 0.1132219 0.0766525 0.1222723 0.0702113 0.0760082 0.0600456 0.0452549 0.0263242 0.0654431 0.0620266 0.1438629 0.0478789 0.0320270 0.1150822 0.1211760 0.0703398 0.1155291 0.0915659 0.0603210 0.0330510 0.0601281 0.0781229 0.0458129 0.0758294 0.0929306 0.0905968 0.0264458 0.0454163 0.0656742 0.0264634 0.0808866 0.0604574 0.0606394 0.0808866 0.0489490 0.0969546 0.0600029 0.0353486 0.0604964 0.0549893 0.0546683 0.0554215 0.0878369 0.1090727 0.0654680 0.0604236 0.0812652 0.0868538 0.0655482 0.0858897 0.0609283 0.0663575 
S0656sl       0.0741981 0.0133605 0.0144350 0.0557684 0.0133605 0.0000010 0.0131807 0.0134161 0.0421647 0.0271431 0.0412485 0.0275160 0.0412485 0.0733473 0.0412485 0.0276181 0.0132089 0.0133605 0.0411712 0.0271118 0.0000010 0.0621307 0.0000010 0.0131807 0.0291678 0.0271485 0.0133605 0.0456232 0.0268023 0.0000000 0.0268480 0.0000010 0.0145907 0.0135979 0.0412485 0.0555444 0.0271085 0.0565010 0.0272726 0.0133605 0.0271798 0.0412787 0.0406142 0.0268023 0.0000010 0.0546927 0.0268480 0.0274379 0.0132151 0.0132151 0.0132089 0.0000010 0.0133902 0.0449964 0.0407068 0.0557638 0.0575262 0.0405873 0.0000010 0.0000010 0.0267869 0.0411632 0.0000010 0.0133698 0.0268175 0.0132151 0.0133605 0.0133605 0.0132151 0.0268480 0.0293276 0.0619992 0.0138446 0.0146033 0.0409982 0.0412485 0.0566893 0.0404995 0.0412375 0.0133605 0.0000023 0.0133605 0.0000027 0.0000010 0.0419153 0.0569740 0.0000010 0.0132089 0.0000010 0.0132301 0.0271485 0.0407068 0.0268480 0.0133605 0.0549788 0.0000010 0.0270373 0.0267869 0.0000010 0.0274181 0.0000010 0.0407026 0.0000010 0.0412375 0.0720023 0.0412962 0.0000010 0.0274379 0.0419540 0.0271204 0.0270373 0.0427830 0.0133698 
S0673         0.1563618 0.0755125 0.0665710 0.0925628 0.0664597 0.0613421 0.0969570 0.0604759 0.0808163 0.1043960 0.1401123 0.0609994 0.1330434 0.1286869 0.1389069 0.0560060 0.0753620 0.0663959 0.0790155 0.0607120 0.0505662 0.0681363 0.0718611 0.0705356 0.1377872 0.0656330 0.0875964 0.0814516 0.0654506 0.0268480 0.0000000 0.0557245 0.0727378 0.0513135 0.1330434 0.1192499 0.0656238 0.1522682 0.0676069 0.0711279 0.0658971 0.0662872 0.0872667 0.0554114 0.0454536 0.1458747 0.0087716 0.0713288 0.1211026 0.0772964 0.0873857 0.0841424 0.0886680 0.0737137 0.0812697 0.1140011 0.1047645 0.1630357 0.0763611 0.0763654 0.1021377 0.1137900 0.0874070 0.1228084 0.0757664 0.0814809 0.0610687 0.0502925 0.0603743 0.0087350 0.0044524 0.1512178 0.0428920 0.0679936 0.1329159 0.1278404 0.0819698 0.1220828 0.0920091 0.0613539 0.0385541 0.0654983 0.0890087 0.0410458 0.0654473 0.0987282 0.0962179 0.0504240 0.0408895 0.0659780 0.0607200 0.0812697 0.0131625 0.0566697 0.0812697 0.0539722 0.0869293 0.0554114 0.0603132 0.0558657 0.0452228 0.0501345 0.0556718 0.0882662 0.1150076 0.0315274 0.0557995 0.0867440 0.1089684 0.0658508 0.0760560 0.0612087 0.0716682 
S0689         0.1230201 0.0454316 0.0431761 0.0708452 0.0460534 0.0464438 0.0652583 0.0420751 0.0503268 0.0767298 0.1044807 0.0461908 0.0928307 0.0937898 0.0982269 0.0365984 0.0466226 0.0460104 0.0465669 0.0507928 0.0315475 0.0526690 0.0511136 0.0407424 0.0959958 0.0507649 0.0761344 0.0522192 0.0554736 0.0000010 0.0557245 0.0000000 0.0556302 0.0415415 0.0928307 0.0859151 0.0507515 0.1101612 0.0468381 0.0506116 0.0362390 0.0411303 0.0559439 0.0456957 0.0457561 0.1044057 0.0559760 0.0411709 0.0870556 0.0464449 0.0560086 0.0538879 0.0544734 0.0560043 0.0505897 0.0912522 0.0864842 0.1204188 0.0459182 0.0459191 0.0701408 0.0808122 0.0560164 0.0990510 0.0455738 0.0610404 0.0410306 0.0406863 0.0457262 0.0557191 0.0521274 0.1080129 0.0329963 0.0525606 0.0927804 0.0878812 0.0607827 0.0825909 0.0605321 0.0412160 0.0139686 0.0360366 0.0677678 0.0177312 0.0659084 0.0714543 0.0647863 0.0407919 0.0314473 0.0362806 0.0459819 0.0505897 0.0606642 0.0414319 0.0505897 0.0335323 0.0655728 0.0358760 0.0456819 0.0361572 0.0455226 0.0405609 0.0176966 0.0618679 0.0816271 0.0508724 0.0361186 0.0556186 0.0761397 0.0362130 0.0553483 0.0415319 0.0413590 
S0690         0.1586873 0.0663049 0.0610988 0.0901402 0.0142266 0.0670524 0.1065430 0.0256352 0.0719712 0.1028681 0.1410349 0.0552324 0.1271025 0.1233473 0.1334065 0.0615779 0.0312102 0.0190368 0.0484810 0.0717428 0.0612382 0.0732733 0.0845312 0.0717832 0.1274412 0.0552710 0.0441257 0.0147184 0.0769483 0.0145907 0.0727378 0.0556302 0.0000000 0.0622000 0.1271025 0.0996617 0.0725132 0.1404906 0.0461084 0.0189538 0.0555875 0.0670575 0.0901281 0.0666274 0.0559299 0.1280345 0.0788224 0.0726655 0.1201693 0.0792155 0.0902648 0.0743613 0.0702754 0.0828659 0.0779145 0.1186926 0.0995526 0.1614511 0.0781668 0.0781718 0.0946361 0.0948976 0.0902896 0.1106926 0.0656663 0.0899576 0.0093867 0.0555426 0.0658957 0.0784137 0.0724426 0.1341466 0.0417856 0.0721159 0.1269795 0.1214861 0.0141562 0.1153081 0.0783091 0.0094303 0.0099747 0.0555694 0.0986067 0.0343209 0.0731007 0.0837899 0.1056477 0.0549683 0.0503629 0.0613623 0.0605723 0.0779145 0.0841193 0.0094817 0.0723481 0.0655287 0.0897496 0.0341980 0.0658222 0.0344897 0.0556082 0.0553192 0.0555729 0.0860142 0.1086369 0.0840644 0.0557118 0.0895389 0.0840026 0.0612338 0.0778265 0.0673613 0.0730434 
S0720         0.1313587 0.0609927 0.0267971 0.0460961 0.0568408 0.0624091 0.0608470 0.0517492 0.0611509 0.1063499 0.0881783 0.0620531 0.0770054 0.0785115 0.0822353 0.0519864 0.0644971 0.0567863 0.0662865 0.0668058 0.0416490 0.0640908 0.0319333 0.0560946 0.0913360 0.0617933 0.0776897 0.0647029 0.0665619 0.0135979 0.0513135 0.0415415 0.0622000 0.0000000 0.0770054 0.0875186 0.0560944 0.0936616 0.0629437 0.0615143 0.0132800 0.0178583 0.0515302 0.0043488 0.0614481 0.0998553 0.0621361 0.0320052 0.0714817 0.0320847 0.0319258 0.0316507 0.0418084 0.0654804 0.0269558 0.0983318 0.0790624 0.1158929 0.0367188 0.0318459 0.0715158 0.0875708 0.0366587 0.0890871 0.0512517 0.0621524 0.0515623 0.0560148 0.0614067 0.0618444 0.0582888 0.0911084 0.0384295 0.0692148 0.0878744 0.0721421 0.0721682 0.0780582 0.0610766 0.0518021 0.0239310 0.0511578 0.0579266 0.0272027 0.0774858 0.0618924 0.0604063 0.0561642 0.0463770 0.0132946 0.0617648 0.0269558 0.0669451 0.0520809 0.0269558 0.0338008 0.0464176 0.0460686 0.0613433 0.0513383 0.0611173 0.0558339 0.0415030 0.0473286 0.0668413 0.0669099 0.0270780 0.0463270 0.0665853 0.0132703 0.0365721 0.0572227 0.0321519 
