134
PAFTOL_019361 0.0000000 0.2140133 0.2052991 0.2352105 0.2466709 0.2025111 0.2357488 0.2107739 0.2307503 0.2316042 0.2050295 0.2549453 0.2339070 0.2503286 0.2410006 0.2579398 0.2117194 0.2245831 0.2060597 0.2088939 0.2014644 0.2132254 0.2136101 0.2194761 0.2056237 0.2141792 0.2218270 0.1919810 0.2363503 0.2106856 0.2047937 0.2773016 0.2376867 0.2193006 0.2097912 0.2065994 0.2155902 0.2075262 0.3940099 0.2186048 0.2033181 0.2308400 0.2433942 0.2239086 0.2299624 0.2491019 0.2267277 0.2054028 0.2106536 0.2180773 0.2082077 0.2093209 0.2138946 0.2216035 0.2432505 0.2379940 0.2594835 0.3399476 0.2007530 0.2185745 0.2158916 0.2352231 0.2138379 0.2314264 0.2227255 0.2244605 0.2702541 0.2538748 0.2413296 0.2402086 0.2659761 0.2618240 0.2076309 0.2114181 0.2373997 0.2163202 0.2382906 0.2554886 0.2216214 0.2209773 0.2726812 0.2240107 0.2471853 0.2389789 0.2036454 0.2078680 0.2098882 0.2049079 0.3281340 0.3467990 0.2548012 0.2162314 0.2398763 0.2292576 0.2466754 0.2412640 0.2021518 0.2310694 0.2300063 0.2052765 0.2062149 0.2032766 0.2206497 0.2338689 0.2420845 0.2095455 0.2170269 0.2217009 0.2283811 0.2125171 0.2175584 0.2189002 0.2560972 0.3705420 0.2045906 0.2629197 0.2387854 0.2021230 0.2168473 0.2285819 0.2081422 0.2442024 0.2013653 0.2047028 0.2089561 0.2152819 0.3156487 0.2026141 0.2123097 0.2866478 0.1976443 0.2039993 0.2241032 0.2036713 
S0055         0.2140133 0.0000000 0.0811006 0.0967931 0.0984331 0.0416496 0.1197069 0.0763642 0.0974788 0.0599792 0.0708082 0.0998137 0.1115259 0.1235259 0.0886817 0.1326956 0.0881045 0.1083654 0.0985136 0.0762158 0.0398718 0.0508905 0.0785321 0.0634348 0.0700634 0.0798700 0.0704350 0.0813291 0.1212870 0.0857489 0.0884679 0.0896999 0.1284743 0.0770225 0.0541747 0.0439329 0.0918741 0.0757353 0.2202273 0.0605652 0.0428933 0.0920418 0.1245026 0.1149582 0.0705222 0.1257619 0.0943141 0.0452107 0.1030188 0.0815992 0.0428083 0.0759988 0.0780825 0.0933638 0.0935488 0.0959102 0.1185423 0.1747152 0.0614585 0.0787203 0.0821071 0.1041043 0.0945753 0.1038048 0.1066638 0.1047536 0.1037501 0.1340957 0.1412882 0.1114268 0.1163390 0.1445531 0.0937541 0.0977204 0.1301648 0.0812408 0.1276385 0.1053365 0.0938169 0.0862836 0.1145437 0.0528482 0.1206233 0.1295414 0.0439915 0.0583218 0.0836773 0.0732499 0.1652753 0.1725064 0.1254186 0.0823149 0.0911456 0.0994316 0.1261675 0.1202592 0.0437565 0.1167445 0.1001494 0.0899192 0.0461869 0.0451002 0.0346280 0.1015604 0.0653038 0.0855002 0.0857831 0.0996804 0.0963597 0.0646214 0.0838859 0.0824470 0.1329182 0.2021113 0.0440646 0.1378500 0.0956523 0.0849578 0.0522424 0.0837721 0.0471227 0.1004522 0.0493543 0.0649363 0.0885982 0.1036244 0.1609337 0.0815056 0.0759612 0.1471816 0.0781345 0.0814225 0.0751276 0.0822382 
S0196sl       0.2052991 0.0811006 0.0000000 0.0900786 0.0519008 0.0754063 0.1017099 0.0769490 0.0877435 0.0968289 0.0961983 0.1049681 0.1007141 0.1047868 0.0933870 0.1103620 0.0812762 0.0862746 0.0916674 0.0801258 0.0717338 0.0782761 0.0837159 0.0950952 0.0675186 0.0166799 0.0786128 0.0749030 0.1018276 0.0881556 0.0717995 0.1099874 0.1049365 0.0719506 0.0814683 0.0782899 0.0890618 0.0772091 0.2001868 0.0838078 0.0738887 0.0333844 0.1075629 0.1048024 0.0834473 0.1062265 0.0853779 0.0770646 0.0849389 0.0156791 0.0767903 0.0113570 0.0135851 0.0758398 0.0335737 0.0980184 0.1149293 0.1576067 0.0608220 0.0654195 0.0814186 0.0876080 0.0770385 0.0875081 0.0889156 0.0921812 0.1297356 0.0677044 0.1271957 0.1135699 0.1103901 0.1172508 0.0879203 0.0920255 0.1205447 0.0198589 0.1254363 0.1198103 0.0758881 0.0783033 0.1137188 0.0870397 0.1024194 0.1275740 0.0807361 0.0790813 0.0690101 0.0658035 0.1507952 0.1599365 0.1075705 0.0907519 0.0844729 0.0862206 0.1096923 0.1043588 0.0726435 0.1169030 0.0968249 0.0762311 0.0768711 0.0718429 0.0798012 0.0899893 0.0863384 0.0720588 0.0799062 0.0847497 0.0856444 0.0847104 0.0156495 0.0890713 0.0665534 0.1878745 0.0770134 0.0720074 0.0898994 0.0648100 0.0811462 0.0902571 0.0814481 0.1030375 0.0749878 0.0832298 0.0828527 0.0874161 0.1466540 0.0666480 0.0625791 0.1302922 0.0403875 0.0665014 0.0770340 0.0664427 
S0278         0.2352105 0.0967931 0.0900786 0.0000000 0.1085790 0.0846091 0.1163029 0.0367897 0.0887342 0.1027590 0.0992601 0.0552389 0.1055086 0.1281768 0.0466636 0.1307895 0.0566860 0.1029332 0.1034722 0.0907134 0.0816378 0.0875508 0.0423834 0.0975324 0.0410687 0.0884222 0.0908788 0.0516617 0.1190669 0.0626788 0.0904985 0.1264264 0.1355158 0.0387384 0.0877641 0.0874333 0.0421697 0.0619399 0.1965346 0.1047380 0.0784099 0.0948604 0.1180971 0.1105226 0.0987631 0.1104216 0.1048572 0.0862684 0.0990084 0.0876843 0.0834065 0.0819714 0.0843924 0.0861419 0.0992363 0.0779380 0.1330330 0.1540435 0.0513699 0.0810137 0.0476626 0.1063878 0.0978953 0.0914134 0.1019817 0.0967695 0.1365440 0.1406619 0.1529215 0.1385752 0.1202418 0.1458159 0.1008624 0.1023245 0.1390363 0.0881590 0.1236694 0.1071333 0.0865787 0.0966423 0.1180077 0.1043879 0.1209657 0.1270651 0.0873658 0.1016291 0.0896969 0.0452546 0.1488340 0.1623563 0.1206756 0.0756523 0.0378942 0.1034148 0.1187133 0.1170454 0.0844664 0.1267325 0.1121671 0.0851182 0.0896528 0.0849173 0.0971418 0.1058405 0.1032080 0.0624947 0.0875545 0.0921177 0.0481882 0.1072524 0.0899877 0.0490510 0.1394735 0.1816726 0.0849141 0.1424931 0.1028382 0.0892111 0.0915187 0.0489866 0.0885726 0.0875339 0.0951116 0.1062856 0.1003522 0.1003959 0.1460431 0.0785439 0.0758513 0.1325965 0.0728645 0.0884566 0.0879678 0.0807610 
S0281         0.2466709 0.0984331 0.0519008 0.1085790 0.0000000 0.1015998 0.1167464 0.0984823 0.1127136 0.1215662 0.1191767 0.1169907 0.1131634 0.1308455 0.1117734 0.1273892 0.1017464 0.1141227 0.1098003 0.1007627 0.1001113 0.1034540 0.1028963 0.1093227 0.0916227 0.0545702 0.1009864 0.0993827 0.1189634 0.1080542 0.1034723 0.1153800 0.1292726 0.0967090 0.0962940 0.1033215 0.1124579 0.0958459 0.2282119 0.1048835 0.0957441 0.0436708 0.1171927 0.1274667 0.1074528 0.1173805 0.1217247 0.1019164 0.1029658 0.0559272 0.1030751 0.0509147 0.0516295 0.0966145 0.0473351 0.1116035 0.1299165 0.1830267 0.0832780 0.0930689 0.1010999 0.1065542 0.1031581 0.1022704 0.1087287 0.1090719 0.1457148 0.0684750 0.1483407 0.1513433 0.1181518 0.1172533 0.1063776 0.1074404 0.1468725 0.0591680 0.1492176 0.1358375 0.0903013 0.1095631 0.1208225 0.1090057 0.1222518 0.1527965 0.1072256 0.1010495 0.1004274 0.0896704 0.1697301 0.1811926 0.1168182 0.1032857 0.1069161 0.0985119 0.1206767 0.1172969 0.1031539 0.1275421 0.1220108 0.1059474 0.1027159 0.0989629 0.1046493 0.1179666 0.1095515 0.0906423 0.1080903 0.1174404 0.1096661 0.1037514 0.0570260 0.1033141 0.0673681 0.2091735 0.1004219 0.0738100 0.1130810 0.0979986 0.1052211 0.0999527 0.1076258 0.1118181 0.1024373 0.1083914 0.1104194 0.1114435 0.1682472 0.0958341 0.0875544 0.1533295 0.0778125 0.0999799 0.1010093 0.0926970 
S0282         0.2025111 0.0416496 0.0754063 0.0846091 0.1015998 0.0000000 0.1195672 0.0661622 0.0872945 0.0263776 0.0599146 0.0888250 0.1146076 0.1258399 0.0886078 0.1358871 0.0801480 0.1022938 0.0842985 0.0648962 0.0058266 0.0177318 0.0721760 0.0624023 0.0646897 0.0794621 0.0618336 0.0627320 0.1195045 0.0748866 0.0830010 0.0919105 0.1167526 0.0711401 0.0280408 0.0116685 0.0860165 0.0746764 0.2166980 0.0497824 0.0094241 0.0864693 0.1256489 0.0977292 0.0674785 0.1214606 0.0901550 0.0096796 0.0911387 0.0786893 0.0067431 0.0731750 0.0767659 0.0887760 0.0907396 0.0944705 0.1225810 0.1674338 0.0614844 0.0797998 0.0704962 0.1039166 0.0887938 0.0958711 0.1036040 0.0990801 0.0941316 0.1310282 0.1317306 0.1076315 0.1197874 0.1374700 0.0946464 0.0986057 0.1227477 0.0783459 0.1153099 0.1070460 0.0920617 0.0806871 0.1161548 0.0553178 0.1052250 0.1184829 0.0116620 0.0559970 0.0841859 0.0618368 0.1598715 0.1669814 0.1239719 0.0828451 0.0828986 0.0994546 0.1231343 0.1217393 0.0126510 0.1204123 0.0999186 0.0773972 0.0136339 0.0116722 0.0436668 0.0948695 0.0616123 0.0742649 0.0764906 0.0869295 0.0877577 0.0636256 0.0757233 0.0772459 0.1298558 0.1960444 0.0097138 0.1342156 0.0879768 0.0741096 0.0198209 0.0821252 0.0400213 0.1003705 0.0468555 0.0625044 0.0843833 0.0979293 0.1496517 0.0727785 0.0771473 0.1328703 0.0703737 0.0745766 0.0650519 0.0833927 
S0288         0.2357488 0.1197069 0.1017099 0.1163029 0.1167464 0.1195672 0.0000000 0.1057063 0.1210454 0.1399083 0.1143930 0.1349877 0.0267591 0.0653469 0.1157816 0.0178699 0.1241738 0.1157060 0.0998426 0.1140956 0.1168552 0.1227788 0.1080414 0.1321825 0.1045717 0.1006712 0.1083715 0.1083570 0.0159684 0.1155702 0.1114289 0.1591559 0.0793073 0.1144119 0.1279164 0.1228421 0.1226636 0.1087262 0.2346539 0.1284846 0.1172879 0.1129613 0.0159758 0.1448079 0.1274522 0.0267247 0.1302570 0.1184315 0.1142968 0.1037324 0.1182430 0.0990794 0.1005813 0.1130073 0.1163616 0.1300986 0.0777885 0.1891089 0.0957124 0.0990004 0.1120468 0.0512233 0.1150681 0.1168419 0.1293958 0.1210675 0.1518155 0.1253504 0.1763557 0.1597045 0.0793276 0.0778726 0.1231241 0.1248388 0.1604015 0.1032677 0.1643450 0.1639876 0.1108606 0.1210699 0.0799893 0.1202042 0.1305737 0.1650927 0.1253956 0.1223550 0.1241038 0.1064164 0.1825313 0.1959166 0.0243443 0.1162079 0.1163530 0.0662861 0.0158988 0.0161127 0.1193823 0.0808334 0.1163492 0.1143532 0.1252076 0.1173053 0.1216116 0.1138499 0.1181726 0.1134555 0.1137471 0.1207142 0.1159997 0.1242269 0.1061274 0.1049403 0.1241728 0.2173430 0.1185883 0.1296817 0.1163526 0.1164188 0.1274007 0.1214012 0.1143655 0.1325861 0.1157832 0.1299642 0.1100341 0.1116457 0.1719418 0.1020954 0.0938094 0.1589153 0.1005598 0.1157219 0.1097766 0.0981504 
S0289         0.2107739 0.0763642 0.0769490 0.0367897 0.0984823 0.0661622 0.1057063 0.0000000 0.0826644 0.0850978 0.0851290 0.0575322 0.0963688 0.1143402 0.0404227 0.1139743 0.0455791 0.0967338 0.0926025 0.0766655 0.0645089 0.0676455 0.0293765 0.0795392 0.0240717 0.0733213 0.0767347 0.0369443 0.1054753 0.0430083 0.0761638 0.1096088 0.1212079 0.0264281 0.0724036 0.0663566 0.0379435 0.0472259 0.1816564 0.0848599 0.0606182 0.0817219 0.1044869 0.1027996 0.0853148 0.1041282 0.0940867 0.0676675 0.0935426 0.0725437 0.0650086 0.0671549 0.0718537 0.0799392 0.0845910 0.0652425 0.1158959 0.1425920 0.0380261 0.0698789 0.0347947 0.0878069 0.0820728 0.0808629 0.0923856 0.0861228 0.1240467 0.1197520 0.1421745 0.1172136 0.1044382 0.1415606 0.0871990 0.0885954 0.1279771 0.0731083 0.1201247 0.0833305 0.0774428 0.0823048 0.1062750 0.0885978 0.1129713 0.1219557 0.0710718 0.0872866 0.0781077 0.0301257 0.1344337 0.1379557 0.1098785 0.0579544 0.0351331 0.0924433 0.1107395 0.1062489 0.0660734 0.1137252 0.1039591 0.0766486 0.0709597 0.0664008 0.0729061 0.0953347 0.0886365 0.0527845 0.0767062 0.0810495 0.0462525 0.0903996 0.0720685 0.0330724 0.1170336 0.1660144 0.0676164 0.1262273 0.0921500 0.0789695 0.0764011 0.0379886 0.0722481 0.0716708 0.0835479 0.0889503 0.0921050 0.0908740 0.1296701 0.0675513 0.0673174 0.1270057 0.0643479 0.0754461 0.0741107 0.0770851 
S0292         0.2307503 0.0974788 0.0877435 0.0887342 0.1127136 0.0872945 0.1210454 0.0826644 0.0000000 0.1056426 0.1169387 0.1131371 0.1174014 0.1179213 0.1022555 0.1297364 0.0957498 0.0927866 0.0840750 0.0982023 0.0857630 0.0993359 0.0874988 0.0980417 0.0788637 0.0847957 0.0973381 0.0905252 0.1198420 0.0905992 0.0824992 0.1182129 0.1222221 0.0861584 0.0971189 0.0913349 0.0976310 0.0895223 0.2249048 0.1012621 0.0813433 0.1013290 0.1212185 0.1329933 0.0993399 0.1195572 0.1143314 0.0874601 0.0823337 0.0852677 0.0873438 0.0809658 0.0819743 0.0837655 0.1013278 0.1086103 0.1255369 0.1771637 0.0744256 0.0811036 0.0926535 0.1026379 0.0886447 0.0827297 0.0951776 0.0971303 0.1572720 0.1330373 0.1599784 0.1336865 0.1092403 0.1399055 0.0902943 0.0926972 0.1508034 0.0848930 0.1496803 0.1422332 0.0788360 0.0812547 0.1110693 0.1062310 0.0731923 0.1516383 0.0925256 0.1018735 0.0848906 0.0806034 0.1722397 0.1830304 0.1253750 0.1044872 0.0962030 0.1064279 0.1233777 0.1203587 0.0909038 0.1177214 0.0959207 0.0167101 0.0923837 0.0864180 0.0972876 0.0600966 0.1087826 0.0907729 0.0280503 0.0311852 0.1014158 0.1032904 0.0875663 0.0933212 0.1318668 0.2072906 0.0902316 0.1367586 0.0627707 0.0694682 0.0940775 0.0952080 0.0987947 0.1153825 0.0988316 0.1129238 0.0815999 0.0899816 0.1642559 0.0764708 0.0770909 0.1380295 0.0667653 0.0758514 0.0985637 0.0833368 
S0293         0.2316042 0.0599792 0.0968289 0.1027590 0.1215662 0.0263776 0.1399083 0.0850978 0.1056426 0.0000000 0.0871911 0.1133253 0.1362643 0.1470341 0.1101212 0.1496723 0.0989131 0.1270299 0.1130895 0.0817928 0.0231472 0.0377756 0.0919807 0.0804562 0.0849203 0.0937773 0.0783747 0.0890881 0.1398394 0.0977782 0.1051769 0.1135374 0.1400964 0.0900609 0.0472277 0.0308718 0.1088119 0.0940763 0.2417317 0.0679879 0.0289458 0.1018448 0.1455447 0.1192862 0.0852908 0.1420204 0.0984951 0.0298403 0.1159668 0.0970744 0.0275112 0.0908608 0.0919534 0.1071853 0.1053337 0.1164848 0.1417797 0.1897836 0.0812572 0.1027958 0.0941182 0.1254736 0.1143196 0.1194437 0.1283149 0.1202022 0.1209982 0.1506189 0.1512544 0.1269672 0.1389496 0.1537963 0.1156613 0.1215784 0.1425608 0.0966242 0.1300482 0.1425450 0.1122988 0.0983993 0.1363839 0.0780611 0.1265511 0.1335711 0.0308515 0.0759954 0.1066551 0.0841357 0.1824419 0.1922467 0.1468938 0.1073489 0.1021802 0.1191917 0.1468330 0.1453511 0.0307834 0.1430151 0.1195976 0.0986877 0.0308497 0.0319887 0.0608874 0.1153915 0.0852277 0.0927389 0.0961396 0.1078986 0.1062317 0.0816480 0.0950691 0.1005169 0.1493612 0.2214129 0.0287115 0.1550512 0.1107937 0.0964105 0.0390504 0.1060578 0.0592131 0.1217551 0.0668082 0.0819250 0.1083546 0.1176580 0.1723091 0.0948707 0.0984334 0.1580439 0.0852067 0.0956598 0.0875999 0.1040506 
S0294         0.2050295 0.0708082 0.0961983 0.0992601 0.1191767 0.0599146 0.1143930 0.0851290 0.1169387 0.0871911 0.0000000 0.1105175 0.1063639 0.1210635 0.1104991 0.1286568 0.0980086 0.1170872 0.1039574 0.0893251 0.0631284 0.0662062 0.0803821 0.0865664 0.0811941 0.1001683 0.0766841 0.0837903 0.1198161 0.0931812 0.1019925 0.1197031 0.1214287 0.0888840 0.0670114 0.0673986 0.1032674 0.0858307 0.2289423 0.0821021 0.0603230 0.1057022 0.1204786 0.1178124 0.0946126 0.1157060 0.1135864 0.0634604 0.1154655 0.1045904 0.0660469 0.0985282 0.0983912 0.1083022 0.1088211 0.1074441 0.1227846 0.1888628 0.0790809 0.1029173 0.0930761 0.1091490 0.1068160 0.1082143 0.1124302 0.1188952 0.0714396 0.1446986 0.1484768 0.1280429 0.1205272 0.1400813 0.1101351 0.1116335 0.1405350 0.1041282 0.1341483 0.1311022 0.1033860 0.1083006 0.1168938 0.0688495 0.1307510 0.1333407 0.0696634 0.0664311 0.1005026 0.0779360 0.1805219 0.1914418 0.1181920 0.0930243 0.1028701 0.1035782 0.1179479 0.1162708 0.0646886 0.1132527 0.1113947 0.1077814 0.0720021 0.0649907 0.0819196 0.1136415 0.0755756 0.0862252 0.1055057 0.1192809 0.1000514 0.0719089 0.1042515 0.0874093 0.1435088 0.2167878 0.0674596 0.1520428 0.1105851 0.0989816 0.0748754 0.0994059 0.0566523 0.1078945 0.0588163 0.0851732 0.1061270 0.1116286 0.1620895 0.0924924 0.0947763 0.1491761 0.0912987 0.0982548 0.0763520 0.0976280 
S0299         0.2549453 0.0998137 0.1049681 0.0552389 0.1169907 0.0888250 0.1349877 0.0575322 0.1131371 0.1133253 0.1105175 0.0000000 0.1233884 0.1388328 0.0633729 0.1469256 0.0740042 0.1244178 0.1278174 0.1001094 0.0885806 0.0931128 0.0610572 0.1117738 0.0586076 0.1020051 0.1005430 0.0724019 0.1347313 0.0815111 0.1053122 0.1353814 0.1590051 0.0561195 0.0916427 0.0942618 0.0643718 0.0801101 0.2100687 0.1163977 0.0871431 0.1119263 0.1415730 0.1227789 0.1134490 0.1368430 0.1120907 0.0918078 0.1215095 0.1028182 0.0888752 0.0967545 0.1005141 0.1098743 0.1164223 0.0997288 0.1499950 0.1764000 0.0678398 0.0958122 0.0664143 0.1184726 0.1131800 0.1071622 0.1225743 0.1168173 0.1546391 0.1501332 0.1620067 0.1469574 0.1360083 0.1508025 0.1224140 0.1254806 0.1393044 0.1032033 0.1344507 0.1226299 0.1038619 0.1173604 0.1377598 0.1090160 0.1379641 0.1377963 0.0953766 0.1060582 0.1062420 0.0594566 0.1684614 0.1740378 0.1424899 0.0973378 0.0590465 0.1344114 0.1416487 0.1386510 0.0928067 0.1473100 0.1302942 0.1022118 0.0952307 0.0931068 0.1042450 0.1230815 0.1073945 0.0871436 0.1045733 0.1108886 0.0663296 0.1090195 0.1008214 0.0638024 0.1472206 0.2017492 0.0917317 0.1572676 0.1136071 0.1095069 0.0971590 0.0610641 0.0954989 0.1102873 0.1051842 0.1153270 0.1189308 0.1230293 0.1664822 0.0973332 0.0956327 0.1307636 0.0986191 0.1087996 0.0961350 0.0997348 
S0303         0.2339070 0.1115259 0.1007141 0.1055086 0.1131634 0.1146076 0.0267591 0.0963688 0.1174014 0.1362643 0.1063639 0.1233884 0.0000000 0.0591370 0.1092156 0.0388399 0.1095510 0.1127671 0.0989363 0.1067424 0.1118616 0.1176376 0.0986818 0.1217570 0.0926131 0.0929171 0.0999084 0.0982316 0.0192231 0.1079949 0.1049189 0.1495705 0.0738599 0.1051182 0.1152916 0.1164829 0.1113306 0.0981318 0.2338697 0.1205423 0.1119018 0.1107523 0.0299900 0.1361242 0.1177204 0.0202067 0.1206163 0.1134703 0.1150727 0.0958039 0.1132902 0.0912745 0.0937726 0.1064473 0.1129324 0.1210105 0.0765913 0.1887755 0.0853214 0.0918791 0.1044123 0.0497331 0.1113324 0.1089398 0.1241275 0.1116599 0.1478670 0.1250657 0.1734293 0.1523401 0.0779280 0.0812322 0.1110924 0.1126218 0.1482929 0.0965847 0.1505522 0.1381040 0.1030115 0.1211477 0.0747092 0.1082783 0.1228112 0.1512365 0.1203901 0.1140267 0.1203060 0.0984555 0.1858967 0.1954708 0.0211772 0.1051799 0.1066576 0.0610909 0.0202021 0.0161720 0.1172941 0.0768057 0.1135162 0.1090774 0.1189166 0.1150462 0.1118098 0.1097284 0.1082124 0.1021315 0.1114317 0.1184925 0.1139447 0.1158415 0.0981721 0.0980849 0.1238792 0.2169908 0.1150774 0.1308806 0.1112172 0.1082743 0.1191008 0.1118010 0.1004385 0.1160881 0.1047790 0.1182193 0.1029253 0.1075660 0.1765667 0.0926648 0.0895984 0.1555824 0.0978980 0.1075551 0.1039238 0.0912139 
S0308         0.2503286 0.1235259 0.1047868 0.1281768 0.1308455 0.1258399 0.0653469 0.1143402 0.1179213 0.1470341 0.1210635 0.1388328 0.0591370 0.0000000 0.1256028 0.0764511 0.1322216 0.1356151 0.0989192 0.1225239 0.1216834 0.1295513 0.1166021 0.1338814 0.1167821 0.1062641 0.1107534 0.1182119 0.0624290 0.1276947 0.1089765 0.1519533 0.0679389 0.1183535 0.1243711 0.1291955 0.1307189 0.1139778 0.2524526 0.1292523 0.1223073 0.1211882 0.0719037 0.1599533 0.1384181 0.0628451 0.1156952 0.1209840 0.1152160 0.1051311 0.1244946 0.1034652 0.0989568 0.1137338 0.1185927 0.1312480 0.0776369 0.2124277 0.0956502 0.1104665 0.1146004 0.0662922 0.1198556 0.1195948 0.1280416 0.1216502 0.1765459 0.1295962 0.1839154 0.1693581 0.0792655 0.0904239 0.1167761 0.1176890 0.1649676 0.1089544 0.1708190 0.1641077 0.1108572 0.1331245 0.0744821 0.1193378 0.1344980 0.1734942 0.1317820 0.1256027 0.1297781 0.1220859 0.2046552 0.2152951 0.0715289 0.1185860 0.1239825 0.0652289 0.0674152 0.0617028 0.1223922 0.0739385 0.1166709 0.1100213 0.1315854 0.1250159 0.1149189 0.1134835 0.1237586 0.1187497 0.1117051 0.1171745 0.1311048 0.1242244 0.1091979 0.1162820 0.1284150 0.2392616 0.1276450 0.1384287 0.1210156 0.1269191 0.1307785 0.1325375 0.1211515 0.1290714 0.1207339 0.1311606 0.1086664 0.1224125 0.1947493 0.1056896 0.1108814 0.1714054 0.1074313 0.1291551 0.1114688 0.1104993 
S0320         0.2410006 0.0886817 0.0933870 0.0466636 0.1117734 0.0886078 0.1157816 0.0404227 0.1022555 0.1101212 0.1104991 0.0633729 0.1092156 0.1256028 0.0000000 0.1298563 0.0536928 0.1124803 0.1065130 0.0842256 0.0856341 0.0889964 0.0437919 0.1042387 0.0369281 0.0901064 0.0856282 0.0469000 0.1202557 0.0643307 0.0985307 0.1334601 0.1436012 0.0402565 0.0930176 0.0875477 0.0481177 0.0639042 0.1983181 0.1021457 0.0841222 0.1026343 0.1218709 0.1246344 0.1047586 0.1192585 0.1018634 0.0915517 0.1094194 0.0893705 0.0873926 0.0836015 0.0874808 0.0954000 0.1042113 0.0826296 0.1285433 0.1574429 0.0494374 0.0789518 0.0420195 0.1004989 0.0997350 0.0994410 0.1130108 0.1057018 0.1414718 0.1308859 0.1531881 0.1360286 0.1130037 0.1491032 0.1119829 0.1134949 0.1465626 0.0885819 0.1371271 0.1049335 0.0996617 0.0978486 0.1134132 0.1057925 0.1329358 0.1405223 0.0938575 0.1032265 0.0961362 0.0422100 0.1505202 0.1547817 0.1186408 0.0753365 0.0426633 0.1094207 0.1240561 0.1194516 0.0884577 0.1251832 0.1150588 0.0972467 0.0937139 0.0902896 0.0918655 0.1159666 0.1048202 0.0684447 0.0907251 0.0991346 0.0484855 0.1061593 0.0916885 0.0457988 0.1297043 0.1855710 0.0850608 0.1312474 0.1113395 0.0985867 0.0969774 0.0458249 0.0912011 0.0858981 0.0976915 0.1037074 0.1100494 0.1102191 0.1471795 0.0851698 0.0788087 0.1364816 0.0793976 0.0962860 0.0869650 0.0889478 
S0322         0.2579398 0.1326956 0.1103620 0.1307895 0.1273892 0.1358871 0.0178699 0.1139743 0.1297364 0.1496723 0.1286568 0.1469256 0.0388399 0.0764511 0.1298563 0.0000000 0.1386400 0.1241012 0.1140452 0.1321071 0.1332392 0.1377687 0.1220102 0.1395490 0.1170640 0.1116523 0.1218222 0.1227477 0.0329158 0.1316624 0.1226891 0.1702591 0.0879058 0.1279696 0.1412413 0.1363472 0.1327997 0.1214080 0.2455972 0.1387516 0.1298418 0.1309710 0.0159489 0.1571536 0.1348607 0.0398518 0.1435848 0.1347362 0.1251227 0.1147084 0.1345165 0.1098782 0.1102208 0.1242183 0.1313589 0.1434578 0.0908679 0.1975548 0.1067969 0.1125641 0.1262893 0.0629240 0.1293018 0.1282385 0.1411136 0.1355376 0.1639182 0.1403888 0.1911816 0.1757546 0.0870542 0.0951985 0.1365848 0.1382165 0.1654220 0.1141925 0.1755809 0.1747880 0.1201279 0.1341124 0.0876755 0.1333622 0.1393768 0.1763811 0.1419746 0.1354041 0.1357049 0.1174610 0.1946339 0.2007707 0.0362041 0.1291682 0.1304706 0.0759610 0.0349647 0.0331708 0.1327104 0.0953061 0.1287561 0.1226794 0.1417655 0.1306976 0.1317291 0.1251440 0.1298797 0.1270429 0.1235586 0.1291214 0.1304353 0.1314287 0.1171437 0.1165094 0.1391932 0.2262123 0.1349157 0.1463763 0.1278017 0.1276607 0.1413572 0.1359119 0.1257837 0.1440790 0.1286638 0.1417287 0.1253935 0.1187558 0.1848974 0.1161390 0.1044633 0.1781512 0.1099914 0.1269927 0.1262068 0.1117342 
S0327         0.2117194 0.0881045 0.0812762 0.0566860 0.1017464 0.0801480 0.1241738 0.0455791 0.0957498 0.0989131 0.0980086 0.0740042 0.1095510 0.1322216 0.0536928 0.1386400 0.0000000 0.1064404 0.0982743 0.0870342 0.0785881 0.0841732 0.0433421 0.0948909 0.0332513 0.0763655 0.0886845 0.0293335 0.1229016 0.0469576 0.0879030 0.1254153 0.1347067 0.0481371 0.0856127 0.0852932 0.0535025 0.0501489 0.1759126 0.0979787 0.0766451 0.0847785 0.1261773 0.1183873 0.0935862 0.1158905 0.1059242 0.0817577 0.1063376 0.0780553 0.0814695 0.0725904 0.0760651 0.0941827 0.0862887 0.0702210 0.1392343 0.1452303 0.0419887 0.0775066 0.0478101 0.1058887 0.0915257 0.0925898 0.1017743 0.0997140 0.1310285 0.1317903 0.1408908 0.1164042 0.1258613 0.1552570 0.0984225 0.0998607 0.1396754 0.0785832 0.1300350 0.0879810 0.0877869 0.0866381 0.1261828 0.0963081 0.1229880 0.1333083 0.0840099 0.0952562 0.0899457 0.0384140 0.1384955 0.1451225 0.1229697 0.0620802 0.0574369 0.1041896 0.1238051 0.1220778 0.0823893 0.1293072 0.1079685 0.0895111 0.0815056 0.0829004 0.0856246 0.1089314 0.0993863 0.0522165 0.0844508 0.0925605 0.0549930 0.1060607 0.0790298 0.0476868 0.1306216 0.1673959 0.0791821 0.1384773 0.1030451 0.0822519 0.0907906 0.0510032 0.0848739 0.0687869 0.0927013 0.0993285 0.0970662 0.0983862 0.1338379 0.0776362 0.0773687 0.1277792 0.0730786 0.0814853 0.0816708 0.0822592 
S0335         0.2245831 0.1083654 0.0862746 0.1029332 0.1141227 0.1022938 0.1157060 0.0967338 0.0927866 0.1270299 0.1170872 0.1244178 0.1127671 0.1356151 0.1124803 0.1241012 0.1064404 0.0000000 0.0751999 0.1165309 0.1022387 0.1078282 0.0961721 0.0996093 0.0881332 0.0862045 0.1069537 0.1055419 0.1130443 0.1123846 0.0945201 0.1353769 0.1338775 0.0999861 0.1106322 0.1039058 0.1028077 0.1035218 0.2364068 0.1155590 0.1013000 0.1032922 0.1196932 0.1295539 0.1053192 0.1138962 0.1244029 0.1011596 0.1052888 0.0866220 0.1024110 0.0811340 0.0848176 0.0940921 0.1046857 0.1178357 0.1469728 0.1945049 0.0845778 0.0868681 0.1115739 0.1069999 0.1020533 0.1009754 0.1102005 0.1078349 0.1475474 0.1180148 0.1496583 0.1540375 0.1297662 0.1356335 0.1026155 0.1055143 0.1465670 0.0874886 0.1513160 0.1412410 0.0918339 0.0743805 0.1272585 0.1124777 0.1090170 0.1548379 0.1073732 0.1048062 0.0916843 0.0879530 0.1857983 0.1974024 0.1181742 0.1134714 0.1037796 0.1098072 0.1148484 0.1131767 0.1048179 0.1375232 0.0818994 0.0816481 0.1090157 0.1014184 0.1066498 0.0992259 0.1160740 0.1020656 0.0800650 0.0901434 0.1135061 0.1062012 0.0877475 0.1055789 0.1168668 0.2247489 0.1037326 0.1182206 0.0950896 0.0558911 0.1122842 0.1084273 0.1130119 0.1190296 0.1071865 0.1169492 0.0642337 0.0453494 0.1723702 0.0824871 0.0791220 0.1406559 0.0779838 0.0573961 0.1133281 0.0868277 
S0345         0.2060597 0.0985136 0.0916674 0.1034722 0.1098003 0.0842985 0.0998426 0.0926025 0.0840750 0.1130895 0.1039574 0.1278174 0.0989363 0.0989192 0.1065130 0.1140452 0.0982743 0.0751999 0.0000000 0.0937305 0.0830062 0.0981071 0.0888875 0.0945216 0.0856824 0.0965455 0.0846213 0.0925147 0.1044384 0.0976971 0.0753813 0.1207889 0.1010241 0.0979239 0.0938281 0.0888575 0.1005274 0.0909928 0.2483707 0.1071493 0.0890904 0.1098330 0.1123085 0.1265390 0.1066839 0.1050342 0.1266271 0.0857308 0.0811258 0.0956695 0.0889079 0.0903284 0.0927822 0.0881257 0.1088730 0.1109944 0.1256737 0.1978478 0.0744719 0.0917397 0.1008347 0.0935310 0.0860635 0.0842234 0.0885452 0.0827651 0.1590228 0.1237756 0.1586681 0.1573732 0.1229290 0.1180880 0.0881319 0.0888032 0.1474476 0.0917964 0.1468944 0.1425077 0.0805241 0.0585516 0.1162922 0.0896140 0.1065698 0.1495384 0.0903476 0.0941325 0.0911621 0.0838985 0.1929653 0.2070502 0.1099686 0.0991794 0.1084603 0.0877486 0.1071482 0.1073185 0.0883930 0.1190157 0.0363062 0.0729472 0.0887605 0.0801056 0.0907284 0.0898233 0.1017497 0.0955503 0.0772995 0.0856799 0.1042111 0.0956205 0.0951750 0.0957080 0.1223985 0.2408634 0.0873304 0.1226374 0.0867296 0.0572119 0.0954370 0.1038450 0.0984102 0.0985843 0.0966214 0.1154148 0.0351844 0.0536792 0.1627379 0.0739323 0.0883819 0.1322174 0.0690006 0.0602638 0.0910012 0.0880424 
S0376         0.2088939 0.0762158 0.0801258 0.0907134 0.1007627 0.0648962 0.1140956 0.0766655 0.0982023 0.0817928 0.0893251 0.1001094 0.1067424 0.1225239 0.0842256 0.1321071 0.0870342 0.1165309 0.0937305 0.0000000 0.0607707 0.0761276 0.0816644 0.0983404 0.0712323 0.0862808 0.0368816 0.0717033 0.1181141 0.0862905 0.0971382 0.1266468 0.1182392 0.0730005 0.0689725 0.0698347 0.0936950 0.0825830 0.2167480 0.0872757 0.0576312 0.0928555 0.1241809 0.1183853 0.0968440 0.1124524 0.1028072 0.0688177 0.1058202 0.0842103 0.0637471 0.0785542 0.0823376 0.0879744 0.0957445 0.1016547 0.1143370 0.1707506 0.0652877 0.0901859 0.0779216 0.0964643 0.0971857 0.0995739 0.1049132 0.1118826 0.1203357 0.1170859 0.1546675 0.1292766 0.1154694 0.1327535 0.1014271 0.1054548 0.1406279 0.0838401 0.1454856 0.1231484 0.0878962 0.0954321 0.1145179 0.0803618 0.1141192 0.1461436 0.0674040 0.0776071 0.0977695 0.0696299 0.1664715 0.1754802 0.1165618 0.0920387 0.0850376 0.0936144 0.1160733 0.1143783 0.0670956 0.1120872 0.1083078 0.0906693 0.0672971 0.0626721 0.0774837 0.1007705 0.0864164 0.0760435 0.0892496 0.0976296 0.0856685 0.0844715 0.0865070 0.0856327 0.1159269 0.2033413 0.0651459 0.1192400 0.0960654 0.0935150 0.0752144 0.0905208 0.0721101 0.1046740 0.0734041 0.0835542 0.0920919 0.1013553 0.1542385 0.0894590 0.0836844 0.1327940 0.0815866 0.0941075 0.0434108 0.0899667 
S0400         0.2014644 0.0398718 0.0717338 0.0816378 0.1001113 0.0058266 0.1168552 0.0645089 0.0857630 0.0231472 0.0631284 0.0885806 0.1118616 0.1216834 0.0856341 0.1332392 0.0785881 0.1022387 0.0830062 0.0607707 0.0000000 0.0158753 0.0705578 0.0619528 0.0630345 0.0778877 0.0588526 0.0602966 0.1182327 0.0731811 0.0827223 0.0915860 0.1126069 0.0680109 0.0273934 0.0097922 0.0857955 0.0730719 0.2161026 0.0505365 0.0062647 0.0848866 0.1229551 0.0975099 0.0673224 0.1187494 0.0873508 0.0088226 0.0900559 0.0771036 0.0068162 0.0715667 0.0751579 0.0857970 0.0891793 0.0929757 0.1183977 0.1649596 0.0597714 0.0795166 0.0667296 0.1011812 0.0898842 0.0970637 0.1021697 0.0976071 0.0960815 0.1297643 0.1306585 0.1062089 0.1170475 0.1332159 0.0931323 0.0971183 0.1201277 0.0767639 0.1144657 0.1109571 0.0905493 0.0804138 0.1134167 0.0573727 0.1051389 0.1176751 0.0097872 0.0568405 0.0839478 0.0601764 0.1587999 0.1659651 0.1229394 0.0837089 0.0799029 0.0952815 0.1204489 0.1190221 0.0107808 0.1176305 0.0983064 0.0770692 0.0117683 0.0107988 0.0407803 0.0933883 0.0638076 0.0748880 0.0761776 0.0866949 0.0835339 0.0631875 0.0741284 0.0735960 0.1285813 0.1952626 0.0078263 0.1336998 0.0864406 0.0737734 0.0179685 0.0818656 0.0382563 0.0989064 0.0451179 0.0596672 0.0841439 0.0965486 0.1469277 0.0711528 0.0768387 0.1331497 0.0688168 0.0742432 0.0633905 0.0831456 
S0405         0.2132254 0.0508905 0.0782761 0.0875508 0.1034540 0.0177318 0.1227788 0.0676455 0.0993359 0.0377756 0.0662062 0.0931128 0.1176376 0.1295513 0.0889964 0.1377687 0.0841732 0.1078282 0.0981071 0.0761276 0.0158753 0.0000000 0.0734890 0.0711790 0.0661767 0.0798300 0.0693356 0.0657885 0.1256129 0.0798833 0.0897023 0.0933575 0.1259076 0.0753519 0.0368237 0.0177779 0.0877081 0.0786563 0.2283864 0.0596149 0.0191841 0.0855558 0.1304032 0.1064600 0.0756206 0.1261556 0.0934255 0.0198430 0.0999104 0.0814488 0.0187677 0.0758619 0.0783001 0.0943689 0.0911778 0.0973959 0.1320009 0.1798990 0.0641224 0.0891033 0.0735349 0.1126147 0.0982339 0.1055626 0.1107230 0.1047469 0.0973868 0.1301514 0.1442069 0.1165898 0.1246984 0.1410442 0.1013268 0.1053518 0.1307154 0.0810919 0.1261937 0.1156517 0.1002703 0.0911768 0.1224254 0.0665780 0.1141679 0.1294928 0.0218426 0.0682631 0.0894152 0.0620980 0.1718529 0.1758352 0.1303816 0.0894128 0.0804276 0.1082015 0.1278200 0.1264505 0.0187799 0.1314326 0.1079875 0.0904175 0.0238786 0.0208706 0.0529305 0.1046369 0.0732047 0.0814304 0.0893614 0.0988921 0.0907519 0.0748439 0.0784384 0.0800830 0.1289761 0.2093595 0.0198475 0.1381436 0.0976113 0.0828053 0.0270868 0.0863478 0.0468348 0.1047674 0.0561871 0.0664070 0.0895271 0.1005296 0.1598626 0.0767206 0.0837890 0.1394917 0.0804765 0.0833274 0.0691262 0.0914385 
S0407sl       0.2136101 0.0785321 0.0837159 0.0423834 0.1028963 0.0721760 0.1080414 0.0293765 0.0874988 0.0919807 0.0803821 0.0610572 0.0986818 0.1166021 0.0437919 0.1220102 0.0433421 0.0961721 0.0888875 0.0816644 0.0705578 0.0734890 0.0000000 0.0885436 0.0293337 0.0794136 0.0794766 0.0356785 0.1078261 0.0496501 0.0811616 0.1184484 0.1247770 0.0355472 0.0772470 0.0748698 0.0480812 0.0505128 0.1844482 0.0927087 0.0683077 0.0882302 0.1095814 0.1066170 0.0905263 0.1038736 0.0994366 0.0723206 0.0978026 0.0800436 0.0710069 0.0744935 0.0778089 0.0862668 0.0882460 0.0686968 0.1240411 0.1500712 0.0425762 0.0719896 0.0371565 0.0917755 0.0833373 0.0817921 0.0936480 0.0902365 0.1245344 0.1300970 0.1432130 0.1178325 0.1102439 0.1419477 0.0941329 0.0955645 0.1333665 0.0805639 0.1252363 0.1002305 0.0811801 0.0808584 0.1134665 0.0895334 0.1181739 0.1284806 0.0771723 0.0869034 0.0829732 0.0333333 0.1444698 0.1512578 0.1080961 0.0613449 0.0474962 0.0950230 0.1102948 0.1085954 0.0720555 0.1208378 0.1076119 0.0814339 0.0770516 0.0737208 0.0813471 0.1002938 0.0915266 0.0542677 0.0798587 0.0858506 0.0450036 0.0897488 0.0823170 0.0174583 0.1289217 0.1771877 0.0712009 0.1367978 0.0971066 0.0785327 0.0811522 0.0390988 0.0771353 0.0727754 0.0911828 0.0899430 0.0917778 0.0958113 0.1350690 0.0674130 0.0696442 0.1245961 0.0642178 0.0777570 0.0778295 0.0782093 
S0412sl       0.2194761 0.0634348 0.0950952 0.0975324 0.1093227 0.0624023 0.1321825 0.0795392 0.0980417 0.0804562 0.0865664 0.1117738 0.1217570 0.1338814 0.1042387 0.1395490 0.0948909 0.0996093 0.0945216 0.0983404 0.0619528 0.0711790 0.0885436 0.0000000 0.0815292 0.0917510 0.0936616 0.0876703 0.1336781 0.0901918 0.0935143 0.0959366 0.1264604 0.0887257 0.0732740 0.0638134 0.1042423 0.0892864 0.2311550 0.0704957 0.0615639 0.1003381 0.1309527 0.1205334 0.0447845 0.1285352 0.1074740 0.0636765 0.1093976 0.0947372 0.0648740 0.0915993 0.0928134 0.0983339 0.1032805 0.1034064 0.1313869 0.1882435 0.0692401 0.0864341 0.0969759 0.1121410 0.1060983 0.1070307 0.1143852 0.1165040 0.1328150 0.1486657 0.1591754 0.1281889 0.1219132 0.1391871 0.0976713 0.0991296 0.1455483 0.0956662 0.1351911 0.1316237 0.1028214 0.0911226 0.1210472 0.0748451 0.1126900 0.1371484 0.0670003 0.0883408 0.0907065 0.0800964 0.1815029 0.1924927 0.1329735 0.0985761 0.1037872 0.1090655 0.1341380 0.1311161 0.0623089 0.1225635 0.0982456 0.0879149 0.0708131 0.0603136 0.0656558 0.1062444 0.0775807 0.0869820 0.0892653 0.0991051 0.1035385 0.0884115 0.0957790 0.0956615 0.1459492 0.2181634 0.0662795 0.1509921 0.1017053 0.0884625 0.0699394 0.0948240 0.0733109 0.1140043 0.0778681 0.0884656 0.0887605 0.0939674 0.1769146 0.0868885 0.0811686 0.1508852 0.0804866 0.0877027 0.0895174 0.0797647 
S0417         0.2056237 0.0700634 0.0675186 0.0410687 0.0916227 0.0646897 0.1045717 0.0240717 0.0788637 0.0849203 0.0811941 0.0586076 0.0926131 0.1167821 0.0369281 0.1170640 0.0332513 0.0881332 0.0856824 0.0712323 0.0630345 0.0661767 0.0293337 0.0815292 0.0000000 0.0668937 0.0715814 0.0234507 0.1045850 0.0395119 0.0735336 0.1032343 0.1252304 0.0275211 0.0687994 0.0672707 0.0389302 0.0448023 0.1807936 0.0792732 0.0588550 0.0763545 0.1061003 0.0997762 0.0810494 0.1044263 0.0909587 0.0661778 0.0875721 0.0661016 0.0647161 0.0608709 0.0641318 0.0760153 0.0777777 0.0600586 0.1160745 0.1432776 0.0343716 0.0623327 0.0287174 0.0906254 0.0756865 0.0770775 0.0871972 0.0836693 0.1140342 0.1162798 0.1318092 0.1121178 0.1076649 0.1411068 0.0836566 0.0860905 0.1229817 0.0667011 0.1227181 0.0832769 0.0724100 0.0708510 0.1081094 0.0781347 0.1026493 0.1259451 0.0695608 0.0809507 0.0727333 0.0216833 0.1350610 0.1401349 0.1100061 0.0542220 0.0372108 0.0967600 0.1082833 0.1037915 0.0657658 0.1138977 0.0971628 0.0717472 0.0694511 0.0661700 0.0676376 0.0906544 0.0794989 0.0478053 0.0671439 0.0775819 0.0382178 0.0849105 0.0683110 0.0308073 0.1151268 0.1668303 0.0637165 0.1226594 0.0825214 0.0711638 0.0748426 0.0334695 0.0670972 0.0653913 0.0769201 0.0821437 0.0864393 0.0881952 0.1302522 0.0637956 0.0610355 0.1221466 0.0593551 0.0703906 0.0662275 0.0658852 
S0419         0.2141792 0.0798700 0.0166799 0.0884222 0.0545702 0.0794621 0.1006712 0.0733213 0.0847957 0.0937773 0.1001683 0.1020051 0.0929171 0.1062641 0.0901064 0.1116523 0.0763655 0.0862045 0.0965455 0.0862808 0.0778877 0.0798300 0.0794136 0.0917510 0.0668937 0.0000000 0.0851116 0.0737425 0.0983787 0.0849545 0.0735047 0.1069489 0.1116549 0.0699896 0.0902000 0.0822304 0.0858544 0.0783732 0.1972866 0.0824191 0.0753046 0.0325459 0.1008908 0.1072559 0.0797420 0.1005490 0.0880334 0.0810636 0.0888413 0.0087397 0.0782748 0.0047994 0.0058351 0.0797612 0.0326190 0.0967506 0.1237059 0.1609726 0.0641816 0.0601566 0.0827303 0.0880346 0.0794982 0.0870451 0.0921006 0.0953470 0.1212441 0.0670239 0.1355086 0.1117875 0.1125077 0.1137805 0.0888170 0.0927011 0.1146290 0.0126233 0.1193629 0.1177751 0.0797821 0.0743329 0.1142438 0.0916719 0.0958814 0.1209718 0.0845611 0.0830231 0.0697894 0.0665052 0.1523916 0.1625585 0.1018005 0.0899211 0.0842966 0.0911700 0.1014965 0.0984866 0.0793427 0.1191034 0.0962580 0.0763477 0.0820388 0.0760692 0.0821761 0.0855626 0.0937587 0.0704099 0.0760635 0.0857699 0.0866752 0.0845727 0.0097119 0.0830685 0.0659401 0.1873652 0.0810107 0.0722281 0.0825803 0.0643684 0.0849680 0.0858997 0.0840734 0.1001528 0.0778162 0.0817247 0.0827782 0.0922394 0.1461949 0.0672699 0.0588842 0.1330275 0.0467662 0.0659607 0.0823415 0.0672208 
S0427         0.2218270 0.0704350 0.0786128 0.0908788 0.1009864 0.0618336 0.1083715 0.0767347 0.0973381 0.0783747 0.0766841 0.1005430 0.0999084 0.1107534 0.0856282 0.1218222 0.0886845 0.1069537 0.0846213 0.0368816 0.0588526 0.0693356 0.0794766 0.0936616 0.0715814 0.0851116 0.0000000 0.0743819 0.1123970 0.0878071 0.0891806 0.1170611 0.1074815 0.0787664 0.0728992 0.0643225 0.0949630 0.0802439 0.2083296 0.0800619 0.0542519 0.0940324 0.1187428 0.1193805 0.0934217 0.1040892 0.0908608 0.0631259 0.1000262 0.0830401 0.0630926 0.0774019 0.0798789 0.0903528 0.0970947 0.0977378 0.1053035 0.1618159 0.0667849 0.0866794 0.0864139 0.0954477 0.0957438 0.0969119 0.0978940 0.1044376 0.1119402 0.1213943 0.1446035 0.1170594 0.1027816 0.1284352 0.0955776 0.0995314 0.1399836 0.0826748 0.1381869 0.1154478 0.0875111 0.0879904 0.0994025 0.0658150 0.1172839 0.1388117 0.0643330 0.0666231 0.0941266 0.0674930 0.1563045 0.1633364 0.1080663 0.0908590 0.0850391 0.0905123 0.1090077 0.1087661 0.0616303 0.0991029 0.1001858 0.0911025 0.0642298 0.0607243 0.0728974 0.1006658 0.0737386 0.0695334 0.0883815 0.1009013 0.0874695 0.0730212 0.0853352 0.0858056 0.1202297 0.1920519 0.0644972 0.1235937 0.0977361 0.0887213 0.0730591 0.0884730 0.0652094 0.1007395 0.0613882 0.0763730 0.0895375 0.0969602 0.1475418 0.0870975 0.0776830 0.1273808 0.0742480 0.0892852 0.0379688 0.0853578 
S0428sl       0.1919810 0.0813291 0.0749030 0.0516617 0.0993827 0.0627320 0.1083570 0.0369443 0.0905252 0.0890881 0.0837903 0.0724019 0.0982316 0.1182119 0.0469000 0.1227477 0.0293335 0.1055419 0.0925147 0.0717033 0.0602966 0.0657885 0.0356785 0.0876703 0.0234507 0.0737425 0.0743819 0.0000000 0.1084423 0.0359125 0.0752359 0.1150823 0.1149697 0.0378093 0.0727732 0.0683332 0.0506900 0.0432628 0.1919631 0.0846190 0.0656258 0.0814132 0.1160744 0.1101663 0.0841504 0.1074143 0.0996127 0.0643301 0.0907694 0.0728716 0.0641349 0.0668274 0.0703565 0.0820991 0.0833309 0.0645011 0.1197488 0.1483727 0.0367700 0.0708473 0.0394577 0.0965350 0.0823007 0.0790864 0.0948747 0.0866691 0.1220637 0.1229452 0.1377540 0.1238978 0.1092586 0.1399668 0.0877470 0.0891432 0.1345648 0.0720749 0.1282163 0.0863773 0.0792996 0.0836886 0.1113060 0.0857764 0.1158643 0.1284910 0.0695521 0.0834144 0.0802006 0.0268504 0.1444093 0.1523689 0.1119697 0.0548651 0.0499755 0.0881200 0.1124348 0.1126037 0.0625759 0.1149619 0.1036838 0.0812252 0.0681562 0.0657382 0.0743381 0.0977341 0.0847203 0.0492179 0.0839921 0.0888654 0.0471004 0.0940525 0.0739949 0.0412117 0.1216381 0.1789749 0.0630015 0.1252635 0.0901061 0.0815222 0.0741632 0.0428968 0.0738029 0.0662934 0.0818460 0.0853169 0.0916401 0.0936599 0.1371670 0.0654054 0.0692615 0.1242104 0.0635523 0.0806566 0.0688447 0.0746295 
S0430         0.2363503 0.1212870 0.1018276 0.1190669 0.1189634 0.1195045 0.0159684 0.1054753 0.1198420 0.1398394 0.1198161 0.1347313 0.0192231 0.0624290 0.1202557 0.0329158 0.1229016 0.1130443 0.1044384 0.1181141 0.1182327 0.1256129 0.1078261 0.1336781 0.1045850 0.0983787 0.1123970 0.1084423 0.0000000 0.1169318 0.1114332 0.1556723 0.0799906 0.1157030 0.1320418 0.1242283 0.1296432 0.1100671 0.2352419 0.1319107 0.1202256 0.1150763 0.0299006 0.1466786 0.1295934 0.0223074 0.1305115 0.1198015 0.1157375 0.1010465 0.1196105 0.0966954 0.0994644 0.1127320 0.1185183 0.1273632 0.0814715 0.1886415 0.0972216 0.0988298 0.1130564 0.0485520 0.1150728 0.1155022 0.1308702 0.1224446 0.1577255 0.1285422 0.1800951 0.1592933 0.0828703 0.0847473 0.1236736 0.1252539 0.1640607 0.1020990 0.1663294 0.1578880 0.1105892 0.1251797 0.0820896 0.1230561 0.1303977 0.1700428 0.1267865 0.1265576 0.1242625 0.1077392 0.1859305 0.1971140 0.0254230 0.1175776 0.1147193 0.0670299 0.0058324 0.0019434 0.1207510 0.0846169 0.1206611 0.1115650 0.1265967 0.1186748 0.1229951 0.1153446 0.1237281 0.1163208 0.1138269 0.1194070 0.1216611 0.1253166 0.1037091 0.1047900 0.1273589 0.2185753 0.1199607 0.1329145 0.1196624 0.1165657 0.1288026 0.1227822 0.1165600 0.1285531 0.1199337 0.1313719 0.1114405 0.1156507 0.1769563 0.1003989 0.0951424 0.1557222 0.1006863 0.1158675 0.1137551 0.1008048 
