132
PAFTOL_019361 0.0000000 0.0000010 0.0000010 0.0000010 0.0000010 0.0000010 0.0000010 0.0000010 0.0000010 0.0000010 0.0000010 0.0000010 0.0000010 0.0000010 0.0000010 0.0000010 0.0000010 0.0000010 0.0000010 0.0000010 0.0000010 0.0000010 0.0000010 0.0000010 0.0000010 0.0000010 0.0000010 0.0000010 0.0000010 0.0000010 0.0000010 0.0000010 0.0000010 0.0000010 0.0000010 0.0000010 0.0000010 0.0000010 0.0000010 0.0000010 0.0000010 0.0000010 0.0000010 0.0000010 0.0000010 0.0000010 0.0000010 0.0000010 0.0000010 0.0000010 0.0000010 0.0000010 0.0000010 0.0000010 0.0000010 0.0000010 0.0000010 0.0000010 0.0000010 0.0000010 0.0000010 0.0000010 0.0000010 0.0000010 0.0000010 0.0000010 0.0000010 0.0000010 0.0000010 0.0000010 0.0000010 0.0000010 0.0000010 0.0000010 0.0000010 0.0000010 0.0000010 0.0000010 0.0000010 0.0000010 0.0000010 0.0000010 0.0000010 0.0000010 0.0000010 0.0000010 0.0000010 0.0000010 0.0000010 0.0000010 0.0000010 0.0000010 0.0000010 0.0000010 0.0000010 0.0000010 0.0000010 0.0000010 0.0000010 0.0000010 0.0000010 0.0000010 0.0000010 0.0000010 0.0000010 0.0000010 9.0000000 0.0000010 0.0000010 0.0000010 0.0000010 0.0000010 0.0000010 0.0000010 0.0000010 0.0000010 0.0000010 0.0000010 0.0000010 0.0000010 0.0000010 0.0000010 0.0000010 0.0000010 0.0000010 0.0000010 0.0000010 0.0000010 0.0000010 0.0000010 0.0000010 0.0000010 
S0055         0.0000010 0.0000000 0.1125831 0.1123480 0.1144053 0.0608124 0.1245462 0.1226756 0.1352702 0.0585804 0.1022955 0.1250014 0.1100104 0.1810851 0.1331736 0.1215719 0.1093754 0.1156445 0.1302622 0.0991190 0.0578543 0.0713195 0.1118485 0.0738001 0.0922201 0.1044249 0.1009733 0.0966901 0.1076979 0.1178054 0.1316990 0.0929286 0.1209836 0.0000010 0.0512581 0.0778754 0.1267112 0.1259092 0.1419435 0.0687557 0.0573383 0.1355927 0.1005478 0.2910947 0.0710383 0.1262066 0.1418511 0.0639096 0.1253361 0.1136614 0.0605353 0.1126963 0.1046852 0.1370844 0.1186769 0.0961694 0.1201671 0.1248420 0.1265604 0.1093673 0.1131430 0.1053032 0.1528640 0.1350942 0.1319867 0.1481392 0.1285445 0.1213985 0.2675907 0.1472385 0.1365714 0.1269822 0.1451673 0.1409047 0.2196970 0.1044249 0.2427369 0.1297852 0.1635104 0.1270809 0.1242632 0.1389721 0.0605353 0.0636559 0.1031990 0.1051623 0.0907380 0.0963915 0.1100808 0.1049908 0.1340229 0.0927038 0.1111970 0.1125459 0.0712042 0.1245526 0.1419429 0.1239706 0.0698985 0.0643542 0.0337889 0.1411510 0.0860212 0.0964990 0.1201169 0.1097396 0.1377073 0.0583440 0.1046544 0.1024001 0.1251924 0.0770663 0.0604567 0.1406097 0.1156118 0.1144335 0.0772325 0.1171489 0.0547614 0.1130063 0.0572236 0.0825209 0.1428377 0.1212863 0.1071760 0.1283854 0.1042806 0.1739424 0.1197661 0.1231447 0.1065160 0.1030203 
S0196sl       0.0000010 0.1125831 0.0000000 0.0694734 0.0331415 0.0670079 0.1376735 0.0868245 0.0759811 0.0792742 0.1326800 0.0905767 0.1289015 0.1469246 0.0862246 0.1264790 0.0761110 0.0733946 0.0770589 0.0836934 0.0782355 0.0907243 0.1086154 0.0976130 0.0719030 0.0051028 0.0947955 0.0868924 0.1117805 0.0753059 0.1136134 0.1134248 0.1246803 0.0000010 0.1059918 0.0884509 0.0988912 0.0910292 0.0939648 0.0915130 0.0775159 0.0479845 0.1082516 0.2796319 0.0792718 0.1286472 0.1147492 0.0831164 0.1010876 0.0104244 0.0673100 0.0103463 0.0051127 0.0941620 0.0301590 0.0781899 0.1414659 0.0791055 0.0794688 0.0719423 0.0862694 0.1023693 0.1266539 0.0936164 0.1062484 0.1053278 0.1297091 0.0447266 0.2913783 0.1083191 0.1392388 0.1119406 0.0896537 0.0946691 0.2260428 0.0051028 0.2434149 0.0893752 0.1225329 0.1266102 0.1366397 0.0731655 0.0740484 0.1175985 0.0705760 0.0788298 0.0626023 0.0711429 0.1098149 0.0761605 0.0876609 0.1073061 0.1112563 0.1128959 0.0783351 0.1388419 0.1087883 0.0720910 0.0775300 0.0848502 0.0740292 0.0732637 0.0823587 0.0665861 0.0753840 0.0555384 0.0947540 0.1330187 0.0077636 0.0856608 0.0477228 0.0478798 0.0739440 0.0642256 0.0808513 0.0743682 0.0878880 0.0988594 0.1020676 0.0913177 0.0971334 0.0985556 0.0879023 0.0729889 0.0819319 0.1004865 0.0782057 0.1028943 0.0544719 0.0789847 0.0992197 0.0623788 
S0278         0.0000010 0.1123480 0.0694734 0.0000000 0.0815528 0.0870738 0.1431031 0.0483372 0.0562396 0.0883040 0.1414764 0.0509148 0.1187731 0.1998914 0.0542109 0.1351477 0.0515545 0.0738991 0.0795754 0.1007539 0.0912163 0.1048564 0.0609363 0.1143566 0.0268328 0.0624340 0.1019854 0.0476843 0.1199477 0.0666497 0.0921823 0.1351486 0.1535181 0.0000010 0.0955113 0.1021395 0.0388781 0.0834266 0.0826023 0.0930069 0.0865664 0.0796079 0.1209955 0.2375473 0.1005604 0.1446261 0.0843902 0.0972122 0.0814433 0.0665408 0.0794185 0.0695262 0.0625786 0.0830595 0.0694008 0.0687272 0.1556183 0.0565032 0.0660042 0.0623957 0.0477658 0.1136603 0.1013700 0.0706198 0.0901168 0.0925856 0.1705201 0.0838889 0.2369082 0.1042393 0.1633000 0.1410267 0.0858609 0.0823144 0.2161644 0.0624340 0.2311738 0.0632867 0.0930813 0.1524280 0.1425766 0.0634523 0.0866240 0.1114011 0.0573289 0.0435936 0.0500090 0.0621388 0.1236274 0.0696390 0.0387136 0.1217967 0.1156281 0.1214142 0.0989417 0.1672270 0.1052104 0.0563998 0.0863874 0.0982438 0.0604422 0.0602742 0.0992051 0.0612358 0.0596022 0.0432432 0.0540425 0.1353807 0.0625418 0.0359386 0.0873784 0.0347580 0.0833615 0.0997145 0.0504942 0.0725160 0.1025666 0.0446673 0.1044223 0.0813408 0.1106781 0.1167052 0.1008936 0.0708710 0.0686860 0.0737248 0.0685973 0.0992853 0.0657590 0.0889090 0.1159913 0.0562063 
S0281         0.0000010 0.1144053 0.0331415 0.0815528 0.0000000 0.0817266 0.1379176 0.1007128 0.0889741 0.0877291 0.1366777 0.0918129 0.1295197 0.1492798 0.1118959 0.1271937 0.0932225 0.0985063 0.0975215 0.1155127 0.0865417 0.1074624 0.1262982 0.1184219 0.0957942 0.0272254 0.1136813 0.0977193 0.1124218 0.1121640 0.1076077 0.1120948 0.1347041 0.0000010 0.1067695 0.1047187 0.1164759 0.1129245 0.1043260 0.1127654 0.0857282 0.0428903 0.1044589 0.2475634 0.0879698 0.1293625 0.1330171 0.0942558 0.1030801 0.0334209 0.0821207 0.0331583 0.0272826 0.0921115 0.0307836 0.0951650 0.1469334 0.0849368 0.1037478 0.0847338 0.1085054 0.1069341 0.1167566 0.1126199 0.1091061 0.1082290 0.1579203 0.0422698 0.2895720 0.1300259 0.1351973 0.1130769 0.1132661 0.1151860 0.2074016 0.0272254 0.2100247 0.1002603 0.1197150 0.1279318 0.1496693 0.0895281 0.0892889 0.1189249 0.0908314 0.0879252 0.0714632 0.0872635 0.1097603 0.0998144 0.1053663 0.1155166 0.1158083 0.1087963 0.1015569 0.1429164 0.1282708 0.0847427 0.0936749 0.1008447 0.0814715 0.0899896 0.1046919 0.0842265 0.0920224 0.0706608 0.0998852 0.1258815 0.0304004 0.1026156 0.0452791 0.0482798 0.0891508 0.0618075 0.0941769 0.0898276 0.0995565 0.1124381 0.1152171 0.1165859 0.1093687 0.1146466 0.1093275 0.0937120 0.0770223 0.1133402 0.0913038 0.1071168 0.0659310 0.0979048 0.1167161 0.0745855 
S0282         0.0000010 0.0608124 0.0670079 0.0870738 0.0817266 0.0000000 0.1253152 0.0987046 0.0988748 0.0078542 0.0930643 0.1024389 0.1102818 0.1586399 0.0979859 0.1189358 0.0874817 0.1052128 0.1196923 0.0668789 0.0077716 0.0160990 0.0878148 0.0544781 0.0830013 0.0602877 0.0961311 0.0830579 0.1050560 0.0949048 0.1308631 0.0835200 0.1026993 0.0000010 0.0363653 0.0185198 0.1102161 0.0987568 0.1076517 0.0556261 0.0077080 0.1075272 0.1014727 0.2930980 0.0450481 0.1171866 0.1152234 0.0361389 0.1215731 0.0641910 0.0051079 0.0670559 0.0604220 0.1232885 0.0894692 0.0726461 0.1168248 0.0814109 0.0871398 0.0948147 0.0985750 0.0961392 0.1271983 0.1180491 0.1350266 0.1261569 0.0950859 0.0915416 0.2573489 0.1147952 0.1164464 0.1051964 0.1176597 0.1235029 0.2270038 0.0602877 0.2399325 0.1130814 0.1523285 0.1113717 0.1062031 0.0987832 0.0051079 0.0548094 0.0939472 0.0828962 0.0639556 0.0867076 0.1125586 0.0736276 0.1075126 0.0765670 0.0996475 0.1058650 0.0130998 0.1215426 0.1432624 0.0945225 0.0135678 0.0130399 0.0306705 0.1076154 0.0534063 0.0743049 0.0909913 0.0838190 0.1206369 0.0727759 0.0603866 0.0914008 0.0949748 0.0519755 0.0051036 0.1111810 0.1000358 0.0971216 0.0362535 0.0951444 0.0582118 0.0963984 0.0570452 0.0613056 0.1243037 0.0992212 0.0835187 0.1214489 0.1014134 0.1213569 0.0920911 0.1023979 0.1004863 0.0951291 
S0288         0.0000010 0.1245462 0.1376735 0.1431031 0.1379176 0.1253152 0.0000000 0.1739034 0.1410278 0.1175307 0.1670704 0.1476982 0.0038850 0.1135187 0.1763483 0.0276041 0.1541658 0.1590559 0.1437108 0.1580363 0.1208877 0.1269377 0.1570144 0.1489637 0.1390713 0.1259319 0.1647364 0.1046870 0.0131682 0.1526313 0.1649147 0.1538404 0.1036617 0.0000010 0.1176133 0.1169661 0.1537214 0.1854696 0.2105915 0.1398529 0.1094065 0.1647274 0.0173255 0.2854832 0.1416976 0.0240803 0.1976602 0.1272844 0.1665464 0.1325695 0.1193812 0.1323553 0.1263659 0.1512535 0.1543409 0.1766155 0.0968458 0.1728066 0.1838210 0.1255700 0.1602483 0.0556744 0.1911598 0.1607422 0.1752695 0.1745033 0.2062919 0.1394834 0.2633088 0.1738881 0.0826507 0.1016993 0.1665230 0.1606193 0.2675001 0.1259319 0.2638634 0.1671493 0.1894335 0.0871472 0.1169148 0.1594941 0.1243996 0.1557767 0.1518937 0.1656857 0.1597161 0.1693739 0.0150749 0.1782773 0.1538403 0.0708012 0.0166097 0.0136344 0.1316755 0.0977177 0.1951427 0.1467587 0.1323754 0.1255460 0.0955020 0.1652112 0.1146641 0.1763253 0.1521427 0.1458071 0.1513939 0.1703567 0.1263422 0.1236904 0.1445993 0.1212238 0.1199533 0.1586072 0.1543675 0.1551128 0.1411423 0.1458975 0.1173519 0.1921550 0.1180343 0.1603901 0.1578373 0.1594854 0.1541024 0.1616664 0.1310027 0.1681562 0.1461695 0.1746749 0.1623750 0.1217183 
S0289         0.0000010 0.1226756 0.0868245 0.0483372 0.1007128 0.0987046 0.1739034 0.0000000 0.0727842 0.0959924 0.1686824 0.0420870 0.1763525 0.2094677 0.0414524 0.1634143 0.0357919 0.0922090 0.1061754 0.1164353 0.1030643 0.1175277 0.0573456 0.1312080 0.0299642 0.0793333 0.1391013 0.0485111 0.1460725 0.0815663 0.1031581 0.1494280 0.1744977 0.0000010 0.1137330 0.1104983 0.0359847 0.0906882 0.0984893 0.1108140 0.0990272 0.1058912 0.1467924 0.2641969 0.1255113 0.1741928 0.1098168 0.1230438 0.0958505 0.0838563 0.0981712 0.0868995 0.0795234 0.1067098 0.0986314 0.0756194 0.1772931 0.0635322 0.0695153 0.0987856 0.0390278 0.1331610 0.1153013 0.0928916 0.1132630 0.1078083 0.2057842 0.1210692 0.2674893 0.1119708 0.1898908 0.1547100 0.1014900 0.0977642 0.2316968 0.0793333 0.2428418 0.0848452 0.1181036 0.1834725 0.1820240 0.0841895 0.0981712 0.1381336 0.0717017 0.0278811 0.0568500 0.0761924 0.1471031 0.0766440 0.0484322 0.1518424 0.1496175 0.1488048 0.1111679 0.1932306 0.1326441 0.0765313 0.0983055 0.1103448 0.0826463 0.0700059 0.1291226 0.0602653 0.0763077 0.0624251 0.0508299 0.1651621 0.0837545 0.0524183 0.1249728 0.0515123 0.0980096 0.1310045 0.0677949 0.0820554 0.1292918 0.0455539 0.1227617 0.0919042 0.1241804 0.1255006 0.1245162 0.0881594 0.0790091 0.0840554 0.1014933 0.1348013 0.0694172 0.0990093 0.1273513 0.0765109 
S0292         0.0000010 0.1352702 0.0759811 0.0562396 0.0889741 0.0988748 0.1410278 0.0727842 0.0000000 0.1108463 0.1554901 0.0889452 0.1251699 0.1904119 0.0902034 0.1296956 0.0843184 0.0673867 0.0730822 0.1067254 0.1123245 0.1189814 0.0881425 0.1207180 0.0587683 0.0688219 0.1199841 0.0475162 0.1145084 0.0780964 0.0859387 0.1433362 0.1420651 0.0000010 0.1126908 0.1083389 0.0730344 0.0826750 0.1025117 0.0972421 0.1112041 0.0920353 0.1106706 0.2580930 0.1114575 0.1318914 0.1028163 0.1042396 0.0748891 0.0730548 0.1071805 0.0760414 0.0689821 0.0804146 0.0807819 0.0794979 0.1527046 0.0770996 0.0788727 0.0559003 0.0799102 0.1211502 0.0977956 0.0645703 0.0840348 0.0863219 0.1793483 0.1042115 0.2485068 0.0808797 0.1546626 0.1277603 0.0715720 0.0761012 0.2397275 0.0688219 0.2513452 0.0639351 0.0927643 0.1441306 0.1633231 0.0362000 0.1071805 0.1247294 0.0536072 0.0645347 0.0670931 0.0797007 0.1279363 0.0725710 0.0728918 0.1245522 0.1201168 0.1200535 0.1125395 0.1531937 0.0915582 0.0158957 0.1082046 0.1116976 0.0748305 0.0303331 0.1145539 0.0720205 0.0186151 0.0157692 0.0871089 0.1606073 0.0729801 0.0715654 0.1079327 0.0586270 0.1037199 0.1174443 0.0393595 0.0586914 0.1155079 0.0917098 0.1301659 0.0948744 0.1272499 0.1041324 0.0887841 0.0674692 0.0825073 0.0711353 0.0620187 0.1064286 0.0601715 0.0704758 0.1169850 0.0561312 
S0293         0.0000010 0.0585804 0.0792742 0.0883040 0.0877291 0.0078542 0.1175307 0.0959924 0.1108463 0.0000000 0.0949327 0.1077445 0.1016371 0.1688627 0.0993190 0.1167184 0.0882336 0.1114167 0.1258293 0.0759954 0.0052339 0.0192028 0.0884906 0.0659894 0.0841651 0.0720541 0.1107109 0.0866305 0.1031781 0.0960531 0.1380639 0.0897530 0.1096758 0.0000010 0.0339359 0.0215623 0.1118070 0.1051630 0.1187642 0.0639971 0.0051906 0.1147997 0.0994935 0.3008553 0.0559084 0.1218550 0.1130800 0.0464630 0.1278476 0.0763514 0.0078259 0.0793385 0.0722217 0.1302215 0.0958880 0.0816269 0.1225261 0.0910523 0.0969440 0.1096426 0.1033793 0.0941927 0.1343088 0.1247714 0.1421594 0.1331431 0.1073768 0.1018779 0.2597304 0.1218165 0.1199333 0.1124243 0.1346681 0.1304612 0.2324073 0.0720541 0.2457690 0.1195849 0.1557959 0.1188358 0.1083896 0.1139234 0.0078259 0.0525193 0.0959123 0.0841052 0.0726786 0.0960535 0.1082890 0.0827853 0.1037545 0.0783524 0.0891486 0.1039234 0.0160651 0.1306038 0.1463965 0.1092325 0.0166501 0.0159893 0.0281901 0.1161554 0.0575182 0.0795463 0.1023540 0.0977834 0.1185647 0.0705816 0.0721849 0.0827812 0.1054963 0.0602687 0.0078191 0.1228262 0.1050271 0.1028129 0.0466307 0.1002711 0.0625874 0.1068758 0.0613041 0.0733180 0.1311348 0.1050934 0.0855685 0.1239937 0.1165784 0.1316548 0.1062594 0.1122067 0.1124127 0.1099792 
S0294         0.0000010 0.1022955 0.1326800 0.1414764 0.1366777 0.0930643 0.1670704 0.1686824 0.1554901 0.0949327 0.0000000 0.1780247 0.1160193 0.2171057 0.1718415 0.1573365 0.1541480 0.1436704 0.1468275 0.1057637 0.0936230 0.1051181 0.1558391 0.1061493 0.1389695 0.1236913 0.1311607 0.1309006 0.1405028 0.1257821 0.1740994 0.1151836 0.1557318 0.0000010 0.1081744 0.1052122 0.1694932 0.1677189 0.1711928 0.1270050 0.0927320 0.1570554 0.1276633 0.2815866 0.1156329 0.1630218 0.1630149 0.0758977 0.1569968 0.1340147 0.0925793 0.1328316 0.1240202 0.1612845 0.1294703 0.1324293 0.1584056 0.1498480 0.1675454 0.1377178 0.1693538 0.1339980 0.1637644 0.1701326 0.1515548 0.1770647 0.0955909 0.1453278 0.2931644 0.1754231 0.1631626 0.1256901 0.1699174 0.1651791 0.2482363 0.1236913 0.2596001 0.1638432 0.1525007 0.1635201 0.1308611 0.1630695 0.0925793 0.1145592 0.1390124 0.1363666 0.1172225 0.1378707 0.1429628 0.1381102 0.1816231 0.1224738 0.1485446 0.1475850 0.1050529 0.1337029 0.1539422 0.1602795 0.0922993 0.1001814 0.0782466 0.1667517 0.0976053 0.1539803 0.1645770 0.1460443 0.1751271 0.1215441 0.1240000 0.1442963 0.1493168 0.0974929 0.0855738 0.1544490 0.1589846 0.1242643 0.0889020 0.1652432 0.1115604 0.1292636 0.0983834 0.1096313 0.1473056 0.1263595 0.1391517 0.1563876 0.1421856 0.1664182 0.1457102 0.1315995 0.1223837 0.1390078 
S0299         0.0000010 0.1250014 0.0905767 0.0509148 0.0918129 0.1024389 0.1476982 0.0420870 0.0889452 0.1077445 0.1780247 0.0000000 0.1494449 0.1912404 0.0478681 0.1480267 0.0510454 0.1018400 0.1208958 0.1212897 0.1106925 0.1172307 0.0566698 0.1399264 0.0447504 0.0829646 0.1332133 0.0580709 0.1321284 0.0955524 0.1132643 0.1304132 0.1563709 0.0000010 0.1106879 0.1141689 0.0513351 0.0997620 0.1011054 0.1172515 0.1065510 0.1125294 0.1368903 0.2690210 0.1254234 0.1519823 0.1208974 0.1271424 0.0991429 0.0875928 0.0979527 0.0870609 0.0831653 0.1067896 0.1014173 0.0863473 0.1729150 0.0812572 0.0801158 0.1016522 0.0481110 0.1325931 0.1185584 0.1029208 0.1156252 0.1102278 0.2074919 0.1070075 0.2913137 0.1287263 0.1776268 0.1624395 0.1155479 0.1156493 0.2367014 0.0829646 0.2477749 0.0989526 0.1260493 0.1789712 0.1666548 0.1035412 0.1056317 0.1403063 0.0903269 0.0564806 0.0741629 0.0944437 0.1375519 0.0875578 0.0485829 0.1394407 0.1238064 0.1254646 0.1108995 0.1882472 0.1397395 0.0967825 0.1107279 0.1100815 0.0859940 0.1005763 0.1287814 0.0676162 0.1034631 0.0843618 0.0565931 0.1671301 0.0874807 0.0400442 0.1107221 0.0612169 0.1054522 0.1279664 0.0807776 0.1004631 0.1335021 0.0481486 0.1250866 0.1034824 0.1323229 0.1339752 0.1401667 0.0986810 0.0898475 0.0979496 0.1043302 0.1268666 0.0799987 0.1108495 0.1363565 0.0836112 
S0303         0.0000010 0.1100104 0.1289015 0.1187731 0.1295197 0.1102818 0.0038850 0.1763525 0.1251699 0.1016371 0.1160193 0.1494449 0.0000000 0.1059729 0.1650017 0.0111612 0.1432979 0.1353501 0.1199455 0.1469093 0.1054653 0.1114812 0.1331495 0.1296305 0.1257195 0.1160270 0.1504175 0.1188001 0.0110944 0.1412778 0.1430326 0.1318647 0.0856509 0.0000010 0.1077483 0.1010635 0.1410286 0.1845129 0.2040600 0.1217955 0.0985485 0.1442702 0.0000023 0.2593319 0.1282442 0.0112430 0.1646477 0.1121540 0.1221408 0.1232517 0.1094152 0.1230149 0.1164717 0.1308623 0.1281862 0.1467367 0.0765925 0.1546289 0.1881977 0.1135195 0.1545104 0.0596866 0.1622124 0.1368029 0.1511811 0.1504585 0.1733717 0.1315466 0.2439410 0.1543905 0.0805452 0.0923653 0.1429434 0.1367974 0.2357175 0.1160270 0.2406508 0.1362785 0.1732159 0.0792229 0.1036674 0.1371078 0.1094152 0.1249271 0.1567784 0.1541745 0.1485900 0.1481441 0.0042468 0.1626868 0.1322939 0.0507949 0.0190709 0.0038061 0.1170228 0.0853832 0.1576996 0.1314378 0.1171752 0.1105259 0.0872291 0.1463851 0.1096617 0.1609377 0.1372676 0.1304047 0.1465974 0.1258147 0.1164345 0.1389925 0.1372385 0.1074614 0.1045767 0.1292211 0.1382196 0.1314230 0.1196686 0.1282224 0.1021105 0.1705375 0.0923605 0.1450620 0.1344587 0.1429965 0.1292159 0.1309074 0.1126580 0.1617659 0.1412175 0.1469544 0.1459645 0.1169840 
S0308         0.0000010 0.1810851 0.1469246 0.1998914 0.1492798 0.1586399 0.1135187 0.2094677 0.1904119 0.1688627 0.2171057 0.1912404 0.1059729 0.0000000 0.1835039 0.1119592 0.1809640 0.1824995 0.1713820 0.1649386 0.1600970 0.1648829 0.1969735 0.1619835 0.1935974 0.1408615 0.1787417 0.1138872 0.0999661 0.2100508 0.2107044 0.1541210 0.1016930 0.0000010 0.1662218 0.1677676 0.1959549 0.2140514 0.2366220 0.1934517 0.1643280 0.1788345 0.0995711 0.3507273 0.1529001 0.1166468 0.2608428 0.1561853 0.1972112 0.1521059 0.1596346 0.1507324 0.1412544 0.2079893 0.1643582 0.2085761 0.1082802 0.2120869 0.2105709 0.1745729 0.1978211 0.1089610 0.2149923 0.1996109 0.2186710 0.2132689 0.2651051 0.1631096 0.3779608 0.2488774 0.1199623 0.1050040 0.2064521 0.2155872 0.3204201 0.1408615 0.3612574 0.1981813 0.2516200 0.1034065 0.1756075 0.2018259 0.1689036 0.2021107 0.1933303 0.1747014 0.1863310 0.2074176 0.1074856 0.2030088 0.2015890 0.0979988 0.0918515 0.0913370 0.1760878 0.1211638 0.2063080 0.1942503 0.1787009 0.1696591 0.1306919 0.1936640 0.1615946 0.1870539 0.1989273 0.1783424 0.2040662 0.2035675 0.1412491 0.1994283 0.1675120 0.1360304 0.1602089 0.1629533 0.2084862 0.1852034 0.1623290 0.2022468 0.1741397 0.2175213 0.1752302 0.1755827 0.1755611 0.2052393 0.1803454 0.2053038 0.1625166 0.2166614 0.1884814 0.1969122 0.1731669 0.1734397 
S0320         0.0000010 0.1331736 0.0862246 0.0542109 0.1118959 0.0979859 0.1763483 0.0414524 0.0902034 0.0993190 0.1718415 0.0478681 0.1650017 0.1835039 0.0000000 0.1593892 0.0380915 0.0998601 0.1140412 0.1028484 0.1060684 0.1206026 0.0607925 0.1388656 0.0355331 0.0788037 0.1292635 0.0704884 0.1422708 0.0815711 0.1110203 0.1494705 0.1467615 0.0000010 0.1208794 0.1174634 0.0442754 0.0980894 0.0975588 0.1321560 0.1020176 0.1088697 0.1428671 0.2671521 0.1244830 0.1636356 0.1120170 0.1179403 0.1065863 0.0832796 0.1011423 0.0827853 0.0789904 0.1180411 0.1016121 0.0751255 0.1485319 0.0700119 0.0727362 0.1065089 0.0388466 0.1251668 0.1306694 0.1036811 0.1242652 0.1108324 0.1881738 0.1164683 0.2896340 0.1191202 0.1765192 0.1450053 0.1167733 0.1168761 0.2346021 0.0788037 0.2457572 0.0867377 0.1220947 0.1594495 0.1811491 0.0984640 0.1011423 0.1496270 0.0776651 0.0427997 0.0632289 0.0827653 0.1344635 0.0761345 0.0451894 0.1250240 0.1359954 0.1448242 0.1141930 0.1718841 0.1325142 0.0904109 0.1013718 0.1133455 0.0894936 0.0837131 0.1244098 0.0636981 0.0938781 0.0757067 0.0468755 0.1830975 0.0789531 0.0440544 0.1203172 0.0613555 0.1009748 0.1261987 0.0736607 0.0921626 0.1239670 0.0328434 0.1332594 0.0912507 0.1357408 0.1506191 0.1329129 0.0911388 0.0718788 0.1019907 0.1054142 0.1206310 0.0758945 0.1019974 0.1221075 0.0919346 
S0322         0.0000010 0.1215719 0.1264790 0.1351477 0.1271937 0.1189358 0.0276041 0.1634143 0.1296956 0.1167184 0.1573365 0.1480267 0.0111612 0.1119592 0.1593892 0.0000000 0.1383787 0.1281431 0.1171617 0.1346468 0.1154563 0.1144355 0.1372182 0.1328275 0.1235133 0.1176037 0.1541194 0.1307462 0.0158184 0.1567545 0.1412264 0.1349852 0.0760110 0.0000010 0.1020835 0.1159953 0.1385378 0.1797555 0.1723357 0.1342972 0.1064498 0.1524423 0.0052771 0.2904943 0.1277294 0.0131353 0.1835945 0.1061222 0.1357102 0.1277541 0.1182551 0.1266206 0.1179157 0.1342667 0.1355644 0.1569700 0.0904312 0.1497731 0.1761269 0.1133349 0.1469571 0.0458873 0.1445559 0.1321698 0.1414858 0.1421022 0.1668170 0.1375516 0.2934851 0.1723349 0.0940960 0.0742697 0.1522867 0.1478843 0.2620476 0.1176037 0.2766555 0.1253988 0.1585775 0.0819684 0.1457452 0.1437604 0.1182551 0.1267555 0.1408852 0.1237712 0.1318093 0.1488309 0.0117240 0.1597438 0.1474881 0.0630373 0.0235999 0.0107982 0.1238554 0.0837531 0.1571424 0.1332188 0.1244832 0.1229067 0.0773674 0.1487012 0.1214054 0.1512858 0.1418621 0.1245211 0.1372259 0.1335230 0.1178909 0.1392317 0.1415747 0.0990409 0.1147523 0.1505371 0.1393669 0.1311583 0.1223897 0.1295899 0.1116573 0.1754752 0.1212245 0.1465345 0.1183817 0.1468153 0.1255701 0.1380826 0.1121168 0.1717300 0.1282970 0.1452468 0.1430784 0.1117863 
S0327         0.0000010 0.1093754 0.0761110 0.0515545 0.0932225 0.0874817 0.1541658 0.0357919 0.0843184 0.0882336 0.1541480 0.0510454 0.1432979 0.1809640 0.0380915 0.1383787 0.0000000 0.0846842 0.0983730 0.0986120 0.0916427 0.1053461 0.0571773 0.1215271 0.0329108 0.0689309 0.1152207 0.0589591 0.1226695 0.0731218 0.0987185 0.1447311 0.1494475 0.0000010 0.0977746 0.1026093 0.0385968 0.0894756 0.0900888 0.1149806 0.0877837 0.0981334 0.1226474 0.2697381 0.1172064 0.1481836 0.1014496 0.1104478 0.0912603 0.0731771 0.0870278 0.0761717 0.0690918 0.0979161 0.0874374 0.0676387 0.1450701 0.0625226 0.0717387 0.0903159 0.0482978 0.1150835 0.1061909 0.0883158 0.0970528 0.1029320 0.1814440 0.1077705 0.2729620 0.1079361 0.1473874 0.1321536 0.0971614 0.0934959 0.2235717 0.0689309 0.2422582 0.0724351 0.1232071 0.1461962 0.1751159 0.0850200 0.0870278 0.1210829 0.0797365 0.0369470 0.0527098 0.0716243 0.1260295 0.0685201 0.0487738 0.1278334 0.1198923 0.1242910 0.0994009 0.1527769 0.1240117 0.0802182 0.0911313 0.0986967 0.0753420 0.0770807 0.1197060 0.0560752 0.0836292 0.0698915 0.0472558 0.1462406 0.0690544 0.0487160 0.1115185 0.0478000 0.0868926 0.1254889 0.0793813 0.0750149 0.1162694 0.0420263 0.1102609 0.0831012 0.1149491 0.1187907 0.1111011 0.0807897 0.0709048 0.0861772 0.0894477 0.1311939 0.0694091 0.0877745 0.1218255 0.0764914 
S0335         0.0000010 0.1156445 0.0733946 0.0738991 0.0985063 0.1052128 0.1590559 0.0922090 0.0673867 0.1114167 0.1436704 0.1018400 0.1353501 0.1824995 0.0998601 0.1281431 0.0846842 0.0000000 0.0186700 0.0932237 0.1097629 0.1139869 0.0958653 0.1316905 0.0690377 0.0735315 0.1071155 0.0877751 0.1156046 0.0788320 0.0745710 0.1300484 0.1466867 0.0000010 0.1114125 0.1138868 0.1047628 0.0926942 0.0905326 0.0901536 0.1086587 0.0951851 0.1113339 0.2597501 0.1135406 0.1405377 0.1168470 0.0989028 0.0707985 0.0817106 0.1046214 0.0810167 0.0737075 0.0633999 0.0807520 0.0731205 0.1415390 0.0890440 0.0894504 0.0519569 0.0868760 0.1139427 0.0862989 0.0564190 0.0617633 0.0621603 0.1652706 0.1080712 0.2713346 0.1055400 0.1633039 0.1157781 0.0525417 0.0494382 0.2194640 0.0735315 0.2367323 0.0567888 0.0732475 0.1433544 0.1743602 0.0594356 0.1046214 0.1254032 0.0733219 0.0652364 0.0755450 0.0886476 0.1130176 0.0709914 0.0993660 0.1237314 0.1296086 0.1155388 0.1182088 0.1532172 0.0429281 0.0635628 0.1091802 0.1172972 0.0729150 0.0680396 0.1206842 0.0730130 0.0668590 0.0534302 0.1153267 0.1319896 0.0778713 0.0851104 0.1118318 0.0631246 0.1044408 0.1300148 0.0564223 0.0391535 0.1101084 0.1074166 0.1031237 0.0905036 0.1162595 0.0980402 0.0304702 0.0160690 0.0915138 0.0633495 0.0550298 0.1450098 0.0766236 0.0488926 0.1176096 0.0567134 
S0345         0.0000010 0.1302622 0.0770589 0.0795754 0.0975215 0.1196923 0.1437108 0.1061754 0.0730822 0.1258293 0.1468275 0.1208958 0.1199455 0.1713820 0.1140412 0.1171617 0.0983730 0.0186700 0.0000000 0.0880082 0.1244218 0.1287762 0.1115218 0.1347866 0.0819828 0.0728478 0.1023202 0.0821831 0.1056270 0.0812412 0.0771577 0.1357371 0.1354979 0.0000010 0.1170293 0.1282206 0.1104861 0.0996389 0.0966228 0.1061420 0.1231654 0.0942691 0.1012615 0.2359539 0.1166046 0.1291981 0.1093351 0.1047093 0.0768235 0.0809307 0.1189981 0.0802495 0.0730203 0.0737785 0.0799910 0.0862575 0.1303140 0.0947467 0.0993920 0.0574351 0.1050237 0.1041259 0.0888423 0.0556578 0.0755303 0.0804643 0.1570341 0.1069948 0.2471400 0.1040830 0.1415638 0.1057747 0.0670919 0.0637917 0.2111736 0.0728478 0.2338841 0.0594275 0.0651196 0.1244253 0.1638016 0.0733424 0.1189981 0.1360162 0.0791703 0.0751527 0.0813163 0.0939698 0.1033640 0.0805550 0.1050138 0.1133763 0.1180037 0.1106220 0.1331790 0.1273907 0.0365855 0.0692201 0.1242303 0.1321171 0.0750039 0.0775270 0.1152511 0.0870194 0.0725094 0.0590566 0.1184895 0.1428925 0.0771352 0.1028203 0.1107139 0.0655910 0.1154511 0.1286654 0.0702297 0.0419109 0.1160402 0.1218246 0.1093621 0.1005442 0.1024861 0.1003414 0.0188553 0.0335298 0.0901556 0.0729973 0.0540972 0.1431046 0.0759129 0.0517096 0.1124613 0.0593484 
S0376         0.0000010 0.0991190 0.0836934 0.1007539 0.1155127 0.0668789 0.1580363 0.1164353 0.1067254 0.0759954 0.1057637 0.1212897 0.1469093 0.1649386 0.1028484 0.1346468 0.0986120 0.0932237 0.0880082 0.0000000 0.0792195 0.0872473 0.1010083 0.0987219 0.0858728 0.0756942 0.0393167 0.1293339 0.1215819 0.0916584 0.1189463 0.1102025 0.1295510 0.0000010 0.0965501 0.0904043 0.1189845 0.1117385 0.0903997 0.0962042 0.0784189 0.1063441 0.1128016 0.2384181 0.0786544 0.1351187 0.1212872 0.0725166 0.1115062 0.0800488 0.0746049 0.0837699 0.0758879 0.1185193 0.0933560 0.0791971 0.1304209 0.0678302 0.1039383 0.0833117 0.1116979 0.1072381 0.1288771 0.1096369 0.1116776 0.1128729 0.1084332 0.1246084 0.2492944 0.1258590 0.1307795 0.1024825 0.1013596 0.1072940 0.1978449 0.0756942 0.2154793 0.1043831 0.1162247 0.1225403 0.1380890 0.1100718 0.0746049 0.1263731 0.0927687 0.1008498 0.0725646 0.0898654 0.1169548 0.0878281 0.1125520 0.1009719 0.1332608 0.1280093 0.0871381 0.1269747 0.1143670 0.1003228 0.0692364 0.0865091 0.0798964 0.1012201 0.0930456 0.0863336 0.0999843 0.0898883 0.1303834 0.1179164 0.0758476 0.1041929 0.1288656 0.0718331 0.0674138 0.1463544 0.0911920 0.0880405 0.0733121 0.1141782 0.0920895 0.1053067 0.1062550 0.0976378 0.0945017 0.0975048 0.0896957 0.1179913 0.0791538 0.1255396 0.0800287 0.0964096 0.0492857 0.0930538 
S0400         0.0000010 0.0578543 0.0782355 0.0912163 0.0865417 0.0077716 0.1208877 0.1030643 0.1123245 0.0052339 0.0936230 0.1106925 0.1054653 0.1600970 0.1060684 0.1154563 0.0916427 0.1097629 0.1244218 0.0792195 0.0000000 0.0189884 0.0970141 0.0651459 0.0870576 0.0711298 0.1091245 0.1120857 0.1017304 0.0993337 0.1358790 0.0885040 0.1081217 0.0000010 0.0335387 0.0213944 0.1147647 0.1127317 0.1153171 0.0631681 0.0051366 0.1131417 0.0980619 0.2986262 0.0552136 0.1200406 0.1199998 0.0458977 0.1263928 0.0753512 0.0077439 0.0782977 0.0712933 0.1281898 0.0945551 0.0845435 0.1230003 0.0940439 0.0998996 0.1080389 0.1067218 0.0929096 0.1321856 0.1228505 0.1399587 0.1310683 0.1013573 0.1004628 0.2502823 0.1236496 0.1227543 0.1107928 0.1325422 0.1284193 0.2241561 0.0711298 0.2369380 0.1177738 0.1531876 0.1171049 0.0969670 0.1122406 0.0077439 0.0518750 0.0945329 0.0871145 0.0756442 0.0993530 0.1087475 0.0857443 0.1159997 0.0772980 0.0960702 0.1024076 0.0158905 0.1311005 0.1440627 0.1076469 0.0164628 0.0158164 0.0278627 0.1216519 0.0568201 0.0871092 0.1039473 0.0963950 0.1252857 0.0696559 0.0712567 0.0918585 0.1040223 0.0632773 0.0077372 0.1210256 0.1066200 0.1013711 0.0390247 0.1032218 0.0617969 0.1098894 0.0605463 0.0723610 0.1291245 0.1035847 0.0885010 0.1262604 0.1148658 0.1321583 0.1047638 0.1105853 0.1138502 0.1083702 
S0405         0.0000010 0.0713195 0.0907243 0.1048564 0.1074624 0.0160990 0.1269377 0.1175277 0.1189814 0.0192028 0.1051181 0.1172307 0.1114812 0.1648829 0.1206026 0.1144355 0.1053461 0.1139869 0.1287762 0.0872473 0.0189884 0.0000000 0.1041109 0.0721522 0.1003787 0.0831562 0.1237254 0.0988511 0.1060829 0.1140114 0.1450871 0.1101398 0.1161976 0.0000010 0.0459527 0.0246600 0.1214692 0.1285323 0.1377619 0.0786886 0.0188269 0.1364752 0.1062972 0.2908783 0.0664319 0.1248472 0.1360172 0.0490270 0.1310183 0.0877603 0.0160381 0.0908045 0.0833558 0.1372215 0.1163602 0.0978424 0.1361727 0.1082254 0.1142329 0.1163781 0.1213874 0.1093473 0.1324654 0.1317274 0.1489869 0.1353158 0.1282282 0.1182599 0.2688366 0.1398281 0.1243182 0.1230475 0.1417088 0.1374799 0.2261277 0.0831562 0.2387937 0.1264751 0.1677952 0.1294708 0.1254818 0.1273970 0.0160381 0.0696860 0.1128023 0.0959184 0.0886962 0.1135404 0.1183992 0.0993116 0.1228096 0.0921967 0.1006988 0.1069409 0.0189924 0.1337279 0.1531478 0.1223999 0.0256224 0.0189007 0.0438994 0.1374839 0.0678064 0.1015085 0.1185024 0.1104985 0.1408975 0.0893689 0.0833186 0.1103020 0.1220382 0.0721121 0.0160229 0.1405033 0.1259277 0.1154297 0.0568528 0.1177195 0.0612644 0.1138884 0.0718420 0.0846394 0.1335524 0.1138147 0.1101271 0.1351348 0.1232841 0.1535267 0.1189695 0.1253465 0.1289050 0.1232655 
S0407sl       0.0000010 0.1118485 0.1086154 0.0609363 0.1262982 0.0878148 0.1570144 0.0573456 0.0881425 0.0884906 0.1558391 0.0566698 0.1331495 0.1969735 0.0607925 0.1372182 0.0571773 0.0958653 0.1115218 0.1010083 0.0970141 0.1041109 0.0000000 0.1431307 0.0419305 0.0992287 0.1054693 0.0742769 0.1201105 0.0911095 0.1190545 0.1592345 0.1627654 0.0000010 0.1160073 0.0959809 0.0697812 0.1040693 0.0914701 0.1166299 0.0924075 0.1170588 0.1204193 0.2133229 0.1310105 0.1307139 0.1209555 0.1182165 0.1041392 0.1044390 0.0914762 0.1042680 0.0995152 0.1285319 0.1084838 0.0774586 0.1431657 0.0610330 0.0910402 0.0858674 0.0492674 0.1339009 0.1230167 0.1048576 0.1261047 0.1101157 0.1909014 0.1300897 0.1966340 0.0994506 0.1708544 0.1738403 0.0985585 0.0986630 0.1869895 0.0992287 0.1815668 0.1010480 0.1373625 0.1610554 0.1750957 0.1014797 0.0914762 0.1300841 0.0945411 0.0670326 0.0611130 0.0762971 0.1296955 0.0786804 0.0494065 0.1376506 0.1318172 0.1218333 0.0972004 0.1641560 0.1326344 0.1017255 0.0852456 0.0922256 0.0927215 0.0779833 0.1391871 0.0660732 0.1013511 0.0795473 0.0769423 0.1292993 0.0994766 0.0326276 0.1346692 0.0548309 0.0913062 0.1469667 0.0712505 0.1019560 0.1198320 0.0537673 0.1146369 0.0925121 0.1188600 0.1332475 0.1290206 0.0969367 0.0716804 0.1029154 0.0897373 0.1370392 0.0869266 0.1140483 0.1221437 0.0831141 
S0412sl       0.0000010 0.0738001 0.0976130 0.1143566 0.1184219 0.0544781 0.1489637 0.1312080 0.1207180 0.0659894 0.1061493 0.1399264 0.1296305 0.1619835 0.1388656 0.1328275 0.1215271 0.1316905 0.1347866 0.0987219 0.0651459 0.0721522 0.1431307 0.0000000 0.1130173 0.0898707 0.1225054 0.1261162 0.1180110 0.1165670 0.1449245 0.0912901 0.1013264 0.0000010 0.0760133 0.0788000 0.1353496 0.1228537 0.1396417 0.0714733 0.0645522 0.1229887 0.1146888 0.3090369 0.0353654 0.1349248 0.1394254 0.0640450 0.1270912 0.0898707 0.0612121 0.0977030 0.0900888 0.1482498 0.1117739 0.1104566 0.1288862 0.1146039 0.1289058 0.1141821 0.1398235 0.1045415 0.1433291 0.1369434 0.1592361 0.1481037 0.1016893 0.1109799 0.2775797 0.1419281 0.1306823 0.1071338 0.1309808 0.1372730 0.2355237 0.0898707 0.2544993 0.1220787 0.1668177 0.1337813 0.1206177 0.1197306 0.0580210 0.0898012 0.1320936 0.1080507 0.0895412 0.0982150 0.1276712 0.1121323 0.1555446 0.0802238 0.1229627 0.1235367 0.0720361 0.1180883 0.1657736 0.1145590 0.0666885 0.0650886 0.0459998 0.1193636 0.0765559 0.1156686 0.1108226 0.1004830 0.1429680 0.1152954 0.0900529 0.1381756 0.1147258 0.0702723 0.0611314 0.1201322 0.1213678 0.1106615 0.0774016 0.1271992 0.0794341 0.1154094 0.0706977 0.0715325 0.1349398 0.1362369 0.1040790 0.1355577 0.1135415 0.1626695 0.1110818 0.1195285 0.1252569 0.1059672 
S0417         0.0000010 0.0922201 0.0719030 0.0268328 0.0957942 0.0830013 0.1390713 0.0299642 0.0587683 0.0841651 0.1389695 0.0447504 0.1257195 0.1935974 0.0355331 0.1235133 0.0329108 0.0690377 0.0819828 0.0858728 0.0870576 0.1003787 0.0419305 0.1130173 0.0000000 0.0648915 0.0992408 0.0472709 0.1088679 0.0527494 0.0871205 0.1300395 0.1492075 0.0000010 0.0917464 0.0977946 0.0330866 0.0752888 0.0748592 0.0928304 0.0832920 0.0852664 0.1084489 0.2426038 0.1039550 0.1326800 0.0819091 0.0973613 0.0760628 0.0690032 0.0825805 0.0719580 0.0650403 0.0931010 0.0785203 0.0549412 0.1418971 0.0562883 0.0587636 0.0716699 0.0239732 0.1019594 0.1022508 0.0731248 0.0924577 0.0870360 0.1702395 0.0986764 0.2519816 0.0880248 0.1584900 0.1367084 0.0883048 0.0847790 0.2120641 0.0648915 0.2225805 0.0658090 0.0927460 0.1480553 0.1444124 0.0659704 0.0825805 0.1063206 0.0505853 0.0279230 0.0498217 0.0619027 0.1111645 0.0556318 0.0357553 0.1142879 0.1133886 0.1140244 0.0946334 0.1615260 0.1056172 0.0589314 0.0822179 0.0939792 0.0605751 0.0660630 0.1034938 0.0494624 0.0621157 0.0458093 0.0417123 0.1295678 0.0650038 0.0280720 0.1022947 0.0442593 0.0824560 0.1114480 0.0466025 0.0643535 0.1027329 0.0327510 0.0922953 0.0765558 0.1067817 0.1120186 0.0982102 0.0660934 0.0581007 0.0721081 0.0710387 0.1128552 0.0490506 0.0797940 0.1013120 0.0587341 
S0419         0.0000010 0.1044249 0.0051028 0.0624340 0.0272254 0.0602877 0.1259319 0.0793333 0.0688219 0.0720541 0.1236913 0.0829646 0.1160270 0.1408615 0.0788037 0.1176037 0.0689309 0.0735315 0.0728478 0.0756942 0.0711298 0.0831562 0.0992287 0.0898707 0.0648915 0.0000000 0.0870609 0.0721139 0.1034634 0.0710482 0.1051130 0.1049421 0.1161547 0.0000010 0.0979432 0.0810884 0.0909812 0.0863671 0.0862942 0.0917031 0.0704839 0.0417284 0.0997552 0.2696438 0.0720499 0.1198106 0.1061583 0.0757509 0.0930144 0.0051426 0.0605516 0.0051044 0.0000025 0.0862141 0.0243293 0.0710757 0.1319645 0.0718811 0.0752614 0.0649331 0.0864411 0.0943996 0.1177514 0.0857082 0.0982007 0.0971081 0.1297091 0.0385770 0.2811764 0.1000902 0.1294911 0.1036028 0.0898414 0.0948755 0.2176795 0.0000010 0.2303821 0.0816301 0.1137245 0.1179233 0.1308557 0.0660329 0.0671114 0.1125110 0.0634247 0.0713291 0.0557787 0.0642369 0.1006085 0.0720127 0.0800912 0.0991279 0.1021948 0.1042268 0.0780917 0.1329369 0.1037803 0.0650758 0.0702099 0.0775980 0.0698696 0.0661257 0.0781229 0.0663731 0.0682952 0.0489483 0.0870007 0.1274437 0.0025537 0.0758764 0.0415065 0.0412564 0.0670208 0.0575195 0.0734520 0.0673864 0.0802979 0.0909638 0.0941595 0.0868043 0.0925526 0.0939023 0.0834503 0.0658775 0.0746962 0.0924770 0.0710900 0.1031299 0.0480331 0.0718031 0.0912919 0.0621936 
S0427         0.0000010 0.1009733 0.0947955 0.1019854 0.1136813 0.0961311 0.1647364 0.1391013 0.1199841 0.1107109 0.1311607 0.1332133 0.1504175 0.1787417 0.1292635 0.1541194 0.1152207 0.1071155 0.1023202 0.0393167 0.1091245 0.1237254 0.1054693 0.1225054 0.0992408 0.0870609 0.0000000 0.1093644 0.1382096 0.1130152 0.1158430 0.1212759 0.1403774 0.0000010 0.1209749 0.1249514 0.1415019 0.1305859 0.1075755 0.1178526 0.1080638 0.1109761 0.1314051 0.2981112 0.0930036 0.1454655 0.1472136 0.0936283 0.1189568 0.0956946 0.0966208 0.0948822 0.0872730 0.1349483 0.0921382 0.1013786 0.1428462 0.1062401 0.1231404 0.1017290 0.1165773 0.1247239 0.1349686 0.1119826 0.1267371 0.1243842 0.1590398 0.1173042 0.3202037 0.1408699 0.1591211 0.1249075 0.1206411 0.1265229 0.2425273 0.0870609 0.2655179 0.1167910 0.1411430 0.1299599 0.1523218 0.1128023 0.1041664 0.1320011 0.1116877 0.1039425 0.0967521 0.1074248 0.1364599 0.1101580 0.1177003 0.1190592 0.1411900 0.1404367 0.1172682 0.1326353 0.1149662 0.1151716 0.1010838 0.1090634 0.0950044 0.1210658 0.1139644 0.0986847 0.1188992 0.0960075 0.1564324 0.1231223 0.0872361 0.1018199 0.1211669 0.0882381 0.0969169 0.1443995 0.0971590 0.0983415 0.0959784 0.1305686 0.1115203 0.1357059 0.1292615 0.0949543 0.1160116 0.1091556 0.1252225 0.1249863 0.0936802 0.1688521 0.0980251 0.1063155 0.0485539 0.0981165 
S0428sl       0.0000010 0.0966901 0.0868924 0.0476843 0.0977193 0.0830579 0.1046870 0.0485111 0.0475162 0.0866305 0.1309006 0.0580709 0.1188001 0.1138872 0.0704884 0.1307462 0.0589591 0.0877751 0.0821831 0.1293339 0.1120857 0.0988511 0.0742769 0.1261162 0.0472709 0.0721139 0.1093644 0.0000000 0.1156492 0.0377944 0.0710266 0.1443061 0.1091646 0.0000010 0.0972352 0.0973207 0.0604142 0.0367158 0.1627253 0.0862566 0.0952926 0.0964263 0.1039445 0.2307775 0.0952926 0.1159260 0.1334901 0.1009425 0.0710266 0.0721139 0.0830579 0.0855342 0.0721139 0.0993455 0.0841247 0.0572248 0.0906715 0.0715235 0.0367158 0.0585906 0.0496689 0.1112018 0.0730139 0.0963137 0.0867069 0.0867069 0.0000010 0.0855342 0.2229716 0.0918420 0.1451832 0.1308975 0.0872953 0.0883111 0.1673608 0.0721139 0.2194842 0.1288481 0.1261751 0.1254069 0.0758806 0.0846056 0.0952926 0.1108039 0.0707984 0.0483653 0.0827341 0.0941673 0.0999985 0.0367158 0.0577444 0.0845399 0.1299913 0.1198406 0.1272244 0.1276300 0.1251872 0.0682032 0.1106392 0.0830579 0.0714688 0.0592293 0.0606404 0.0690525 0.0788815 0.0475162 0.0811622 0.1151973 0.0721139 0.0578217 0.0855342 0.0730559 0.0830579 0.0855342 0.0867069 0.0811445 0.1009425 0.0485111 0.0827680 0.0482705 0.0600701 0.0831740 0.0845459 0.0840639 0.0824486 0.0823778 0.0583921 0.0888541 0.0585906 0.0940306 0.1131787 0.0600044 
S0430         0.0000010 0.1076979 0.1117805 0.1199477 0.1124218 0.1050560 0.0131682 0.1460725 0.1145084 0.1031781 0.1405028 0.1321284 0.0110944 0.0999661 0.1422708 0.0158184 0.1226695 0.1156046 0.1056270 0.1215819 0.1017304 0.1060829 0.1201105 0.1180110 0.1088679 0.1034634 0.1382096 0.1156492 0.0000000 0.1396378 0.1282451 0.1198523 0.0726105 0.0000010 0.0912855 0.1025488 0.1228222 0.1606028 0.1545689 0.1193170 0.0933105 0.1362484 0.0079518 0.2542569 0.1133030 0.0187236 0.1648825 0.0930100 0.1235021 0.1128746 0.1044876 0.1118949 0.1037268 0.1216963 0.1202896 0.1402460 0.0792604 0.1332593 0.1665690 0.1014514 0.1313331 0.0333066 0.1368872 0.1194827 0.1288079 0.1325354 0.1568433 0.1223962 0.2572905 0.1548952 0.0824066 0.0717039 0.1387900 0.1345393 0.2359323 0.1034634 0.2415690 0.1187455 0.1448155 0.0716045 0.1371858 0.1277324 0.1044876 0.1221193 0.1245311 0.1098657 0.1163465 0.1334167 0.0000026 0.1426026 0.1280565 0.0566378 0.0055911 0.0000025 0.1096310 0.0731239 0.1435198 0.1147267 0.1097763 0.1088402 0.0657102 0.1323450 0.1075342 0.1342969 0.1228913 0.1097398 0.1256306 0.1386429 0.1036947 0.1188980 0.1262273 0.0853533 0.1011359 0.1450594 0.1236610 0.1161922 0.1079868 0.1275544 0.0985135 0.1573145 0.1074049 0.1309646 0.1110844 0.1303815 0.1106538 0.1254517 0.1004042 0.1536941 0.1133713 0.1294283 0.1379212 0.0977377 
