76
S0055       0.0000000 0.0490622 0.0954643 0.0773239 0.0675457 0.0768738 0.0823633 0.0823637 0.0682765 0.0694709 0.0524289 0.0484478 0.0648148 0.0453387 0.0619810 0.0785626 0.0412744 0.0814118 0.0570298 0.0446816 0.1337399 0.0636278 0.0596957 0.0528753 0.0635464 0.0644066 0.0646125 0.0858423 0.0722488 0.0972764 0.0837841 0.1205445 0.1538661 0.1044949 0.0718384 0.0645616 0.1144020 0.0480372 0.0533241 0.0815770 0.0613272 0.0819825 0.0703685 0.0408436 0.0775223 0.1142883 0.0478504 0.0481259 0.0233695 0.0375524 0.0507559 0.0993420 0.0464505 0.0521658 0.0930431 0.0649579 0.0408876 0.0935462 0.0524769 0.0598626 0.0524481 0.0960393 0.0676091 0.0770314 0.0525593 0.0587530 0.0611068 0.0693082 0.0829221 0.1118650 0.0722455 0.1087959 0.0411535 0.0594188 0.0449108 0.0552637 
S0282       0.0490622 0.0000000 0.1068099 0.1073851 0.0988517 0.1202428 0.1066731 0.1228762 0.0843209 0.0810840 0.0375314 0.0337878 0.0755717 0.0569781 0.0652084 0.0825738 0.0372996 0.0971249 0.0732184 0.0096772 0.1736336 0.0409984 0.0715609 0.0628577 0.0915769 0.0927563 0.0781615 0.0807605 0.0675320 0.1072162 0.0831130 0.1506967 0.1850627 0.0949665 0.0883722 0.0935518 0.1429262 0.0197284 0.0596085 0.0966481 0.0856137 0.0887046 0.0957795 0.0300582 0.1160387 0.1266624 0.0196545 0.0335688 0.0673672 0.0373765 0.0879114 0.1071669 0.0382992 0.0637861 0.1024266 0.0725791 0.0063990 0.0986861 0.0842696 0.0723080 0.0304223 0.1131369 0.0447068 0.1068873 0.0484374 0.0668753 0.0837381 0.0917005 0.1002269 0.1238701 0.0978922 0.1215345 0.0561972 0.0717661 0.0638257 0.0712650 
S0289       0.0954643 0.1068099 0.0000000 0.0982231 0.1271378 0.1533722 0.0441894 0.1482965 0.0747058 0.1173587 0.1216096 0.1209542 0.0403031 0.0940597 0.0822446 0.1367797 0.1081753 0.0403065 0.1121943 0.1162560 0.1974414 0.1244034 0.0926124 0.0837959 0.1048988 0.0844996 0.0993889 0.1102321 0.1010523 0.1569503 0.1142494 0.1725539 0.2063740 0.1300668 0.1206921 0.1039225 0.1701224 0.1155475 0.1223557 0.0593214 0.0776657 0.0401373 0.1170791 0.1110472 0.1216114 0.1599586 0.1150539 0.1200638 0.1202744 0.0990367 0.0925419 0.0715358 0.1121242 0.0843749 0.1513441 0.0967839 0.1113237 0.1473666 0.0944280 0.1033967 0.1017063 0.0445176 0.1085345 0.0901462 0.1264129 0.1330415 0.0981065 0.1333294 0.1125525 0.1427306 0.1134681 0.1459613 0.0844449 0.1112929 0.0812720 0.0974551 
S0292       0.0773239 0.1073851 0.0982231 0.0000000 0.0928979 0.1132084 0.0933731 0.1104185 0.0897371 0.1085623 0.0899258 0.1018030 0.0677424 0.0772612 0.0825151 0.1069723 0.0935142 0.0842416 0.0945158 0.0973862 0.1855187 0.1151485 0.0665792 0.0768608 0.0740720 0.0805224 0.0745938 0.1061012 0.0970243 0.1214479 0.1061163 0.1597491 0.1867277 0.1198521 0.0989771 0.0555326 0.1643840 0.1008724 0.1069451 0.0941037 0.0774331 0.0900979 0.0938289 0.0925450 0.0788094 0.1246548 0.1004519 0.1010758 0.0970617 0.0770343 0.0200585 0.1124499 0.0929001 0.0590084 0.1164297 0.0975858 0.0968156 0.1126213 0.0520783 0.0679243 0.0840020 0.1021333 0.1111992 0.0944720 0.0931713 0.1006427 0.0796891 0.1057762 0.1224386 0.1315936 0.0860978 0.1587581 0.0676492 0.0844818 0.0843241 0.0758546 
S0303       0.0675457 0.0988517 0.1271378 0.0928979 0.0000000 0.0705909 0.1270204 0.0000010 0.1013171 0.0858300 0.0891960 0.0931976 0.0918485 0.0669187 0.1047420 0.1116203 0.0890083 0.1152998 0.0986171 0.0883254 0.1777896 0.1168489 0.0781924 0.0668748 0.0607575 0.1167807 0.0960934 0.1161871 0.1160041 0.1138223 0.1318294 0.1411035 0.1808734 0.1375621 0.1089635 0.0896951 0.1379729 0.0922996 0.0965552 0.1279057 0.1038336 0.1129852 0.0630513 0.0882551 0.0753241 0.1213700 0.0918847 0.0879768 0.0885358 0.0792543 0.0735353 0.1510744 0.0882730 0.0696384 0.1133146 0.1167565 0.0877664 0.1189032 0.0753728 0.0880463 0.0829056 0.1387196 0.1073064 0.1182521 0.0985941 0.0966350 0.0822231 0.1051252 0.1464046 0.1613800 0.1082323 0.1055133 0.0739380 0.0873274 0.0877675 0.0918396 
S0308       0.0768738 0.1202428 0.1533722 0.1132084 0.0705909 0.0000000 0.1524737 0.0805264 0.1078604 0.1164266 0.0982547 0.1186868 0.1266376 0.0929288 0.1265767 0.1428085 0.1103174 0.1460879 0.1070486 0.1140182 0.2007361 0.1328327 0.1072091 0.0914839 0.0815143 0.1240814 0.1048278 0.1470943 0.1369622 0.1208665 0.1485940 0.1801837 0.2155447 0.1633524 0.1337595 0.1180073 0.1771414 0.1089141 0.1289305 0.1486410 0.1202474 0.1377257 0.0650137 0.1048060 0.0963095 0.1643523 0.1084577 0.1178273 0.1004775 0.0926817 0.0953636 0.1588443 0.1189547 0.0988398 0.1158693 0.1327255 0.1091918 0.1210263 0.1095268 0.1083020 0.1044945 0.1516032 0.1376587 0.1242877 0.1103657 0.1047942 0.1065998 0.1366960 0.1605685 0.1774081 0.1225716 0.1584015 0.0959433 0.1131180 0.0961254 0.1123266 
S0320       0.0823633 0.1066731 0.0441894 0.0933731 0.1270204 0.1524737 0.0000000 0.1628445 0.0702600 0.1224738 0.1113604 0.1027220 0.0369109 0.0944492 0.0809720 0.1290985 0.0989536 0.0402741 0.1028876 0.1110659 0.1669618 0.1190950 0.0961768 0.0934600 0.1043810 0.0559789 0.0991797 0.1093332 0.1002431 0.1654316 0.1095004 0.1604577 0.1828620 0.1289634 0.1154233 0.0989201 0.1417176 0.1103979 0.1127042 0.0557772 0.0568955 0.0441072 0.1164597 0.1018477 0.1209588 0.1587769 0.1099306 0.1106233 0.1108180 0.0900716 0.0876618 0.0637842 0.1024987 0.0879260 0.1597414 0.0838206 0.1062408 0.1557651 0.0896256 0.1025525 0.1014824 0.0409318 0.1169525 0.0685915 0.1167043 0.1275920 0.0920388 0.1191372 0.0987377 0.1415102 0.1082772 0.1489128 0.0798872 0.1103792 0.0770618 0.0926532 
S0322       0.0823637 0.1228762 0.1482965 0.1104185 0.0000010 0.0805264 0.1628445 0.0000000 0.1006043 0.1196942 0.0979837 0.1221046 0.1149833 0.0805021 0.1069978 0.1279615 0.1097077 0.1478620 0.1115398 0.1103206 0.1945315 0.1340526 0.1197943 0.0845936 0.0795225 0.1561701 0.1055033 0.1419584 0.1336759 0.1249713 0.1710340 0.1608175 0.2253412 0.1724226 0.1373555 0.1112779 0.1512012 0.0968620 0.1165610 0.1431340 0.1402331 0.1441777 0.0765156 0.1033672 0.0930313 0.1629158 0.0963378 0.1029178 0.1032135 0.1043075 0.0951974 0.1563182 0.1015388 0.1079028 0.1243168 0.1427926 0.1094242 0.1381441 0.1107256 0.1108978 0.1035988 0.1733776 0.1284007 0.1665052 0.1297999 0.1024391 0.1034200 0.1344918 0.1719536 0.2069402 0.1373069 0.1119790 0.0897303 0.1037656 0.1159540 0.1206024 
S0327       0.0682765 0.0843209 0.0747058 0.0897371 0.1013171 0.1078604 0.0702600 0.1006043 0.0000000 0.0911341 0.0812241 0.0897892 0.0490514 0.0810177 0.0673176 0.1247841 0.0903076 0.0615498 0.0807100 0.0888645 0.1803176 0.0947151 0.0745839 0.0716431 0.0702430 0.0707670 0.0820764 0.0884387 0.0831631 0.1207272 0.0964955 0.1481275 0.1660616 0.1034677 0.0853370 0.0772624 0.1615465 0.0889180 0.0947440 0.0706009 0.0673748 0.0577936 0.0948183 0.0844449 0.0856105 0.1133586 0.0885154 0.0936423 0.0847704 0.0758267 0.0694597 0.0952546 0.0950266 0.0660296 0.1251261 0.0752367 0.0839757 0.1309966 0.0808365 0.0713256 0.0752822 0.0852141 0.1039374 0.0895949 0.1045989 0.0977503 0.0776357 0.0919352 0.1105791 0.0972298 0.1051175 0.1067337 0.0618502 0.0794397 0.0752017 0.0839101 
S0376       0.0694709 0.0810840 0.1173587 0.1085623 0.0858300 0.1164266 0.1224738 0.1196942 0.0911341 0.0000000 0.0723268 0.0759186 0.0941958 0.0376397 0.0830988 0.0922692 0.0762008 0.1123317 0.0871861 0.0758795 0.1855461 0.0883496 0.0843452 0.0675676 0.0923952 0.1035233 0.0689726 0.1042722 0.0940475 0.1127853 0.1022777 0.1565902 0.2081436 0.1241418 0.0990895 0.0856340 0.1589953 0.0714373 0.1027398 0.1168259 0.0871296 0.1128313 0.1016189 0.0714311 0.1127163 0.1243400 0.0711507 0.0753958 0.0928882 0.0565124 0.0760892 0.1423600 0.0747778 0.0762746 0.1078850 0.1078357 0.0716222 0.1129334 0.0768917 0.0691075 0.0725049 0.1234762 0.0845975 0.1132621 0.0724952 0.0842778 0.0709053 0.0871613 0.1246229 0.1608369 0.0987766 0.1326112 0.0606210 0.0685847 0.0599943 0.0719125 
S0400       0.0524289 0.0375314 0.1216096 0.0899258 0.0891960 0.0982547 0.1113604 0.0979837 0.0812241 0.0723268 0.0000000 0.0300427 0.0847558 0.0489203 0.0858916 0.0738225 0.0443910 0.1022668 0.0611414 0.0334753 0.1545738 0.0371301 0.0750114 0.0676711 0.0709700 0.0933427 0.0558604 0.1025359 0.0882109 0.1010060 0.0963046 0.1334204 0.1716993 0.1133926 0.0727800 0.0764709 0.1255959 0.0229598 0.0640928 0.1066214 0.0857878 0.1027121 0.0831391 0.0333110 0.0889873 0.0916577 0.0228741 0.0298502 0.0707292 0.0301763 0.0659102 0.1312400 0.0419854 0.0672159 0.0963740 0.0889575 0.0298736 0.0927104 0.0677473 0.0639638 0.0372753 0.1223406 0.0480236 0.1031068 0.0409371 0.0590349 0.0574677 0.0781912 0.1091748 0.1436437 0.0764849 0.1182832 0.0520935 0.0634877 0.0591179 0.0555030 
S0405       0.0484478 0.0337878 0.1209542 0.1018030 0.0931976 0.1186868 0.1027220 0.1221046 0.0897892 0.0759186 0.0300427 0.0000000 0.0762380 0.0524023 0.0816183 0.0861748 0.0405781 0.0932632 0.0722873 0.0298377 0.1612545 0.0404967 0.0746336 0.0620670 0.0823867 0.0889273 0.0686472 0.1019944 0.0877562 0.1145466 0.0958627 0.1389494 0.1726253 0.1172894 0.0886072 0.0841429 0.1316083 0.0262348 0.0636915 0.0975098 0.0776097 0.0936627 0.0908587 0.0226783 0.1058339 0.1126311 0.0261369 0.0193558 0.0627089 0.0299212 0.0826528 0.1213987 0.0382302 0.0668793 0.1097004 0.0807908 0.0263010 0.1059725 0.0752322 0.0714006 0.0335574 0.1133652 0.0441580 0.0985340 0.0443386 0.0660524 0.0693958 0.0865455 0.1004322 0.1523575 0.0883376 0.1267562 0.0518351 0.0708707 0.0594059 0.0627347 
S0417       0.0648148 0.0755717 0.0403031 0.0677424 0.0918485 0.1266376 0.0369109 0.1149833 0.0490514 0.0941958 0.0847558 0.0762380 0.0000000 0.0645398 0.0606048 0.1013467 0.0765223 0.0262605 0.0891936 0.0840488 0.1436780 0.0916449 0.0593120 0.0574842 0.0821420 0.0445307 0.0741502 0.0748745 0.0706612 0.1295573 0.0780252 0.1210784 0.1519284 0.0923077 0.0841496 0.0767426 0.1195146 0.0835660 0.0892401 0.0368528 0.0379210 0.0332619 0.0886799 0.0756075 0.0970844 0.1238420 0.0832253 0.0757168 0.0797205 0.0644731 0.0581904 0.0445516 0.0751100 0.0518438 0.1244599 0.0634061 0.0796727 0.1206525 0.0719920 0.0722939 0.0753284 0.0446992 0.0931907 0.0565399 0.0890770 0.0996028 0.0793018 0.1003695 0.0772565 0.1124514 0.0894316 0.1262676 0.0518818 0.0796807 0.0561803 0.0712468 
S0427       0.0453387 0.0569781 0.0940597 0.0772612 0.0669187 0.0929288 0.0944492 0.0805021 0.0810177 0.0376397 0.0489203 0.0524023 0.0645398 0.0000000 0.0579580 0.0708031 0.0525985 0.0852123 0.0575318 0.0523842 0.1305166 0.0640207 0.0519611 0.0478443 0.0631920 0.0809610 0.0511696 0.0685577 0.0642844 0.0842290 0.0707651 0.1135965 0.1570206 0.0859596 0.0687328 0.0605963 0.1074771 0.0483416 0.0771413 0.0893850 0.0697534 0.0855729 0.0659584 0.0483309 0.0811119 0.1055887 0.0481534 0.0482956 0.0596346 0.0341375 0.0504456 0.1127439 0.0505183 0.0446088 0.0798435 0.0720768 0.0484669 0.0762495 0.0486940 0.0488552 0.0490386 0.0951841 0.0643522 0.0903262 0.0490447 0.0593661 0.0533136 0.0616221 0.0960417 0.1250332 0.0685327 0.1032709 0.0338965 0.0484927 0.0372351 0.0444296 
S0552sl     0.0619810 0.0652084 0.0822446 0.0825151 0.1047420 0.1265767 0.0809720 0.1069978 0.0673176 0.0830988 0.0858916 0.0816183 0.0606048 0.0579580 0.0000000 0.0974026 0.0737498 0.0683222 0.0701332 0.0692158 0.1604676 0.0860094 0.0641648 0.0692324 0.0808099 0.0603222 0.0850013 0.0272325 0.0064507 0.1038938 0.0356306 0.1429972 0.1774011 0.0422927 0.0857544 0.0824800 0.1399296 0.0688195 0.1001657 0.0686574 0.0620744 0.0733771 0.0917902 0.0728383 0.1004849 0.1312266 0.0685395 0.0810423 0.0770767 0.0615742 0.0672806 0.1050879 0.0760464 0.0564843 0.0991124 0.0731632 0.0649771 0.0953529 0.0694503 0.0616147 0.0694292 0.0912562 0.0905703 0.0779083 0.0815934 0.0806425 0.0801888 0.0884931 0.1012181 0.0606773 0.0910841 0.1146453 0.0415826 0.0690092 0.0649194 0.0685210 
S0558       0.0785626 0.0825738 0.1367797 0.1069723 0.1116203 0.1428085 0.1290985 0.1279615 0.1247841 0.0922692 0.0738225 0.0861748 0.1013467 0.0708031 0.0974026 0.0000000 0.0949733 0.1203280 0.0924429 0.0772395 0.1735783 0.0948004 0.0907021 0.1048018 0.1115482 0.1229668 0.0928202 0.1205955 0.1095341 0.1391438 0.1243693 0.1623760 0.2038458 0.1413197 0.1105048 0.1100141 0.1477069 0.0771845 0.0908711 0.1344698 0.1107551 0.1208823 0.1222780 0.0896911 0.1337659 0.1494278 0.0768651 0.0855599 0.0984050 0.0738866 0.0911562 0.1472398 0.0615519 0.0907021 0.1337363 0.1187128 0.0728884 0.1297727 0.0913469 0.0915445 0.0825457 0.1364819 0.0907072 0.1339687 0.0743834 0.0892493 0.0998990 0.1063552 0.1268539 0.1704952 0.0997534 0.1624537 0.0782292 0.0908352 0.0740554 0.0901820 
S0641       0.0412744 0.0372996 0.1081753 0.0935142 0.0890083 0.1103174 0.0989536 0.1097077 0.0903076 0.0762008 0.0443910 0.0405781 0.0765223 0.0525985 0.0737498 0.0949733 0.0000000 0.0936093 0.0687051 0.0369463 0.1618272 0.0552378 0.0749071 0.0717466 0.0826808 0.0892579 0.0824531 0.0938475 0.0799469 0.1062171 0.0922785 0.1438480 0.1830952 0.1128556 0.0972939 0.0721713 0.1320900 0.0332196 0.0482940 0.0937938 0.0779035 0.0984168 0.0872063 0.0367682 0.0977572 0.1217040 0.0330949 0.0403151 0.0667665 0.0300320 0.0744638 0.1128575 0.0380149 0.0671256 0.1100930 0.0893406 0.0333041 0.1063542 0.0636051 0.0716594 0.0408050 0.1079456 0.0555233 0.0989011 0.0480145 0.0662931 0.0785584 0.0953582 0.1096478 0.1296178 0.0886575 0.1180698 0.0520284 0.0711261 0.0521035 0.0706327 
S0645sl     0.0814118 0.0971249 0.0403065 0.0842416 0.1152998 0.1460879 0.0402741 0.1478620 0.0615498 0.1123317 0.1022668 0.0932632 0.0262605 0.0852123 0.0683222 0.1203280 0.0936093 0.0000000 0.0974744 0.1013992 0.1631962 0.1092566 0.0831824 0.0773028 0.0990586 0.0597906 0.0882921 0.0868119 0.0783903 0.1386324 0.0955007 0.1350394 0.1664613 0.1049013 0.1015184 0.0938777 0.1380268 0.1007991 0.1070485 0.0595739 0.0530986 0.0368080 0.1107542 0.0924794 0.1151701 0.1384913 0.1003794 0.1010024 0.1052830 0.0809584 0.0789211 0.0634932 0.0927086 0.0752245 0.1334079 0.0837424 0.0967461 0.1295735 0.0887580 0.0891091 0.0876528 0.0371154 0.1111154 0.0725959 0.1068077 0.1088817 0.0880368 0.1190813 0.0945462 0.1210037 0.1072250 0.1309102 0.0674623 0.0967363 0.0721253 0.0878085 
S0689       0.0570298 0.0732184 0.1121943 0.0945158 0.0986171 0.1070486 0.1028876 0.1115398 0.0807100 0.0871861 0.0611414 0.0722873 0.0891936 0.0575318 0.0701332 0.0924429 0.0687051 0.0974744 0.0000000 0.0681866 0.1585113 0.0724187 0.0844273 0.0892773 0.0875322 0.0905964 0.0836387 0.0856245 0.0807784 0.1116548 0.1030491 0.1451453 0.1677696 0.0998019 0.0938717 0.0945782 0.1334877 0.0600777 0.0725152 0.1073844 0.0908292 0.0978947 0.0963861 0.0678390 0.1030092 0.1359501 0.0598380 0.0717888 0.0800552 0.0454407 0.0794970 0.1364694 0.0668646 0.0763334 0.1067978 0.0947317 0.0640190 0.1030392 0.0811545 0.0811218 0.0565514 0.1135525 0.0767292 0.0996006 0.0768583 0.0598302 0.0843659 0.0918209 0.1136422 0.1207291 0.0946014 0.1297372 0.0606430 0.0805068 0.0645619 0.0799391 
S0690       0.0446816 0.0096772 0.1162560 0.0973862 0.0883254 0.1140182 0.1110659 0.1103206 0.0888645 0.0758795 0.0334753 0.0298377 0.0840488 0.0523842 0.0692158 0.0772395 0.0369463 0.1013992 0.0681866 0.0000000 0.1658153 0.0368710 0.0744012 0.0665156 0.0862021 0.0969837 0.0724153 0.0848923 0.0714751 0.1013097 0.0873722 0.1434147 0.1824997 0.0992989 0.0925473 0.0840939 0.1359576 0.0161365 0.0590404 0.1057143 0.0898175 0.0976781 0.0950708 0.0262211 0.1099096 0.1173092 0.0160772 0.0296479 0.0625981 0.0333397 0.0783733 0.1166250 0.0379276 0.0666716 0.0966626 0.0847501 0.0031413 0.0929891 0.0751942 0.0673605 0.0265325 0.1176597 0.0404862 0.1112870 0.0441240 0.0621475 0.0780584 0.0861122 0.1046382 0.1284152 0.0922639 0.1261171 0.0516758 0.0668621 0.0630759 0.0664017 
S0735       0.1337399 0.1736336 0.1974414 0.1855187 0.1777896 0.2007361 0.1669618 0.1945315 0.1803176 0.1855461 0.1545738 0.1612545 0.1436780 0.1305166 0.1604676 0.1735783 0.1618272 0.1631962 0.1585113 0.1658153 0.0000000 0.1769099 0.1498191 0.1635447 0.1741713 0.1486603 0.1673240 0.1861681 0.1725291 0.1913980 0.1745667 0.0269051 0.0487881 0.1839725 0.1777346 0.1574301 0.0296559 0.1696184 0.1764706 0.1803322 0.1648734 0.1646215 0.1888639 0.1550420 0.1715610 0.2008258 0.1688490 0.1600163 0.1504187 0.1418062 0.1511364 0.1867831 0.1643134 0.1402875 0.1852904 0.1795433 0.1600785 0.1812084 0.1561770 0.1611937 0.1623780 0.1706819 0.1885536 0.1703529 0.1776413 0.1688969 0.1559784 0.1759779 0.1883837 0.2261416 0.1663105 0.1993323 0.1267639 0.1652946 0.1344564 0.1543186 
S0756       0.0636278 0.0409984 0.1244034 0.1151485 0.1168489 0.1328327 0.1190950 0.1340526 0.0947151 0.0883496 0.0371301 0.0404967 0.0916449 0.0640207 0.0860094 0.0948004 0.0552378 0.1092566 0.0724187 0.0368710 0.1769099 0.0000000 0.0907585 0.0818915 0.0947752 0.1104709 0.0822179 0.1108609 0.0961906 0.1236620 0.1052058 0.1540413 0.1992946 0.1220167 0.1056369 0.1009207 0.1462301 0.0331524 0.0795379 0.1136258 0.0942544 0.1097312 0.1131182 0.0437776 0.1192991 0.1267570 0.0330275 0.0332128 0.0822514 0.0441204 0.0950697 0.1384031 0.0532665 0.0826906 0.1186771 0.0978357 0.0332357 0.1149115 0.0915008 0.0755461 0.0336096 0.1258990 0.0515251 0.1207838 0.0591971 0.0661670 0.0784707 0.0992162 0.1187611 0.1480059 0.1009469 0.1313100 0.0670515 0.0788535 0.0749583 0.0783074 
S0760       0.0596957 0.0715609 0.0926124 0.0665792 0.0781924 0.1072091 0.0961768 0.1197943 0.0745839 0.0843452 0.0750114 0.0746336 0.0593120 0.0519611 0.0641648 0.0907021 0.0749071 0.0831824 0.0844273 0.0744012 0.1498191 0.0907585 0.0000000 0.0039824 0.0730589 0.0828996 0.0680801 0.0753982 0.0664831 0.0964050 0.0776201 0.1323586 0.1648837 0.0929632 0.0838104 0.0665531 0.1306459 0.0739864 0.1009448 0.0872522 0.0808245 0.0885545 0.0760697 0.0663341 0.0912943 0.1221109 0.0736932 0.0664298 0.0665118 0.0555666 0.0487805 0.1109517 0.0694667 0.0062890 0.0918576 0.0753870 0.0702332 0.0882274 0.0630701 0.0584856 0.0630484 0.1008031 0.0912068 0.0932410 0.0791511 0.0855185 0.0649366 0.0856832 0.1071236 0.1219235 0.0835602 0.1210628 0.0401302 0.0664920 0.0552345 0.0585276 
S0765       0.0528753 0.0628577 0.0837959 0.0768608 0.0668748 0.0914839 0.0934600 0.0845936 0.0716431 0.0675676 0.0676711 0.0620670 0.0574842 0.0478443 0.0692324 0.1048018 0.0717466 0.0773028 0.0892773 0.0665156 0.1635447 0.0818915 0.0039824 0.0000000 0.0654165 0.0879472 0.0612423 0.0838381 0.0720969 0.0888865 0.0862016 0.1338887 0.1766333 0.1011940 0.0626994 0.0668222 0.1323228 0.0665047 0.0931932 0.0820734 0.0787856 0.0783312 0.0630577 0.0665643 0.0824546 0.1016491 0.0661729 0.0618232 0.0566853 0.0566878 0.0396749 0.1178265 0.0726800 0.0039824 0.0836588 0.0784104 0.0613956 0.0842238 0.0623929 0.0514481 0.0720149 0.0935780 0.0666912 0.0949439 0.0829654 0.0755091 0.0571089 0.0787789 0.1144962 0.1326493 0.0834623 0.1132255 0.0427973 0.0613283 0.0611451 0.0519734 
S0888       0.0635464 0.0915769 0.1048988 0.0740720 0.0607575 0.0815143 0.1043810 0.0795225 0.0702430 0.0923952 0.0709700 0.0823867 0.0821420 0.0631920 0.0808099 0.1115482 0.0826808 0.0990586 0.0875322 0.0862021 0.1741713 0.0947752 0.0730589 0.0654165 0.0000000 0.0996263 0.0678978 0.1081647 0.0991843 0.1049700 0.1127110 0.1563380 0.1834695 0.1234567 0.0797643 0.0782814 0.1631424 0.0738533 0.0913430 0.1093072 0.0835935 0.0954723 0.0641545 0.0778602 0.0163501 0.1129014 0.0735610 0.0818244 0.0780531 0.0706753 0.0727735 0.1227386 0.0897821 0.0654813 0.1045533 0.0961379 0.0818738 0.1008746 0.0706132 0.0623116 0.0779619 0.1093130 0.0954559 0.0959319 0.0870196 0.0933773 0.0647927 0.0898221 0.1207424 0.1215844 0.0791783 0.1391902 0.0701210 0.0740541 0.0780052 0.0659119 
S0899       0.0644066 0.0927563 0.0844996 0.0805224 0.1167807 0.1240814 0.0559789 0.1561701 0.0707670 0.1035233 0.0933427 0.0889273 0.0445307 0.0809610 0.0603222 0.1229668 0.0892579 0.0597906 0.0905964 0.0969837 0.1486603 0.1104709 0.0828996 0.0879472 0.0996263 0.0000000 0.0880985 0.0962360 0.0787979 0.1395780 0.0859641 0.1364953 0.1598250 0.1150795 0.0913407 0.0935537 0.1284617 0.0964136 0.0938842 0.0602807 0.0197912 0.0640236 0.0976073 0.0838654 0.1113998 0.1265771 0.0960141 0.0966068 0.1008387 0.0687709 0.0705389 0.0804201 0.0790165 0.0749660 0.1343055 0.0706026 0.0923996 0.1348777 0.0884524 0.0755336 0.0885590 0.0686336 0.1065578 0.0195823 0.0937902 0.0869965 0.0823129 0.0889361 0.0898858 0.1268244 0.0967415 0.1389125 0.0672287 0.0829048 0.0640964 0.0782439 
S0906       0.0646125 0.0781615 0.0993889 0.0745938 0.0960934 0.1048278 0.0991797 0.1055033 0.0820764 0.0689726 0.0558604 0.0686472 0.0741502 0.0511696 0.0850013 0.0928202 0.0824531 0.0882921 0.0836387 0.0724153 0.1673240 0.0822179 0.0680801 0.0612423 0.0678978 0.0880985 0.0000000 0.1035241 0.0872951 0.0978480 0.0965785 0.1356630 0.1673853 0.1046103 0.0435750 0.0693573 0.1378526 0.0679866 0.0972201 0.0840671 0.0746451 0.0793751 0.0903140 0.0594132 0.0881076 0.0760907 0.0676803 0.0725175 0.0862646 0.0548666 0.0625408 0.1100186 0.0735779 0.0594245 0.0930411 0.0987841 0.0677056 0.0888625 0.0513905 0.0425809 0.0688549 0.1055823 0.0687969 0.0989973 0.0828279 0.0854035 0.0331989 0.0570154 0.1224705 0.1331153 0.0266605 0.1254738 0.0551940 0.0422282 0.0720835 0.0147964 
S0959       0.0858423 0.0807605 0.1102321 0.1061012 0.1161871 0.1470943 0.1093332 0.1419584 0.0884387 0.1042722 0.1025359 0.1019944 0.0748745 0.0685577 0.0272325 0.1205955 0.0938475 0.0868119 0.0856245 0.0848923 0.1861681 0.1108609 0.0753982 0.0838381 0.1081647 0.0962360 0.1035241 0.0000000 0.0230771 0.1058226 0.0352284 0.1617366 0.1843450 0.0196300 0.1019817 0.1030353 0.1594944 0.0843986 0.1210485 0.1055174 0.0935897 0.1015371 0.1064702 0.0927115 0.1294820 0.1431815 0.0840507 0.0969377 0.0879281 0.0811539 0.0785602 0.1107249 0.1017387 0.0675624 0.1011067 0.0874981 0.0804606 0.0974133 0.0893141 0.0852748 0.0803554 0.1157957 0.1114092 0.1151834 0.1024819 0.0965245 0.0884666 0.1060543 0.1264215 0.0671053 0.1120095 0.1108543 0.0561823 0.0846286 0.0844705 0.0840316 
S0960       0.0722488 0.0675320 0.1010523 0.0970243 0.1160041 0.1369622 0.1002431 0.1336759 0.0831631 0.0940475 0.0882109 0.0877562 0.0706612 0.0642844 0.0064507 0.1095341 0.0799469 0.0783903 0.0807784 0.0714751 0.1725291 0.0961906 0.0664831 0.0720969 0.0991843 0.0787979 0.0872951 0.0230771 0.0000000 0.1013078 0.0310143 0.1489137 0.1828777 0.0375087 0.0877571 0.0886548 0.1469133 0.0710737 0.1155269 0.0830981 0.0766604 0.0925760 0.1022207 0.0789953 0.1197483 0.1380263 0.0707892 0.0871455 0.0872513 0.0678588 0.0739224 0.1111246 0.0870135 0.0589216 0.0966668 0.0918969 0.0672956 0.0929980 0.0756714 0.0718132 0.0756569 0.1064013 0.0966682 0.0973298 0.0881721 0.0826842 0.0831072 0.0951494 0.1166738 0.0627219 0.0971971 0.1206374 0.0442439 0.0712769 0.0711305 0.0707834 
S1083       0.0972764 0.1072162 0.1569503 0.1214479 0.1138223 0.1208665 0.1654316 0.1249713 0.1207272 0.1127853 0.1010060 0.1145466 0.1295573 0.0842290 0.1038938 0.1391438 0.1062171 0.1386324 0.1116548 0.1013097 0.1913980 0.1236620 0.0964050 0.0888865 0.1049700 0.1395780 0.0978480 0.1058226 0.1013078 0.0000000 0.1156060 0.1728616 0.2060795 0.1212437 0.1209095 0.1067245 0.1852429 0.0964072 0.1546219 0.1447272 0.1273851 0.1501507 0.1239490 0.1093349 0.1253217 0.1376934 0.0960072 0.1137186 0.1228796 0.0973084 0.0922837 0.1570775 0.1239421 0.0881233 0.0094930 0.1414266 0.0966557 0.0127751 0.1059064 0.0726118 0.1022012 0.1635077 0.1242608 0.1302114 0.1150809 0.1131498 0.0875387 0.1004784 0.1530119 0.1332533 0.1205110 0.1409625 0.0841643 0.0762497 0.0997579 0.0919169 
S1129sl     0.0837841 0.0831130 0.1142494 0.1061163 0.1318294 0.1485940 0.1095004 0.1710340 0.0964955 0.1022777 0.0963046 0.0958627 0.0780252 0.0707651 0.0356306 0.1243693 0.0922785 0.0955007 0.1030491 0.0873722 0.1745667 0.1052058 0.0776201 0.0862016 0.1127110 0.0859641 0.0965785 0.0352284 0.0310143 0.1156060 0.0000000 0.1500971 0.1803601 0.0510973 0.0954671 0.1016593 0.1480100 0.0868497 0.1306646 0.0998589 0.0832123 0.1014289 0.1158975 0.0869066 0.1345608 0.1311905 0.0864826 0.0955195 0.0999914 0.0751438 0.0857754 0.1156381 0.1002921 0.0695440 0.1105568 0.0952942 0.0827942 0.1016420 0.0876549 0.0828707 0.0876474 0.1154819 0.1147520 0.1000281 0.1010982 0.0950209 0.0755905 0.0928708 0.1264259 0.0701012 0.1054763 0.1246975 0.0499593 0.0822312 0.0780787 0.0775373 
S1148       0.1205445 0.1506967 0.1725539 0.1597491 0.1411035 0.1801837 0.1604577 0.1608175 0.1481275 0.1565902 0.1334204 0.1389494 0.1210784 0.1135965 0.1429972 0.1623760 0.1438480 0.1350394 0.1451453 0.1434147 0.0269051 0.1540413 0.1323586 0.1338887 0.1563380 0.1364953 0.1356630 0.1617366 0.1489137 0.1728616 0.1500971 0.0000000 0.0375080 0.1476507 0.1495092 0.1492762 0.0199085 0.1471991 0.1577696 0.1561958 0.1425095 0.1411318 0.1749330 0.1330934 0.1514117 0.1655374 0.1465354 0.1378914 0.1328770 0.1243760 0.1282046 0.1726705 0.1455996 0.1230790 0.1669810 0.1719284 0.1379544 0.1679652 0.1333121 0.1342064 0.1441771 0.1626599 0.1601037 0.1573451 0.1592166 0.1358684 0.1306445 0.1529480 0.1806772 0.2056715 0.1339217 0.1637648 0.1051359 0.1331551 0.1174940 0.1228779 
S1180       0.1538661 0.1850627 0.2063740 0.1867277 0.1808734 0.2155447 0.1828620 0.2253412 0.1660616 0.2081436 0.1716993 0.1726253 0.1519284 0.1570206 0.1774011 0.2038458 0.1830952 0.1664613 0.1677696 0.1824997 0.0487881 0.1992946 0.1648837 0.1766333 0.1834695 0.1598250 0.1673853 0.1843450 0.1828777 0.2060795 0.1803601 0.0375080 0.0000000 0.1699442 0.1834859 0.1832891 0.0598635 0.1863682 0.1860793 0.1968971 0.1751494 0.1731295 0.1981764 0.1712510 0.1783803 0.2131918 0.1855070 0.1764200 0.1609821 0.1621394 0.1667863 0.1955767 0.1865039 0.1550316 0.1996683 0.1853849 0.1764813 0.1954831 0.1715678 0.1721519 0.1671026 0.1869676 0.2062249 0.1807446 0.1996717 0.1848868 0.1676888 0.1954492 0.1992969 0.2239448 0.1774054 0.1915995 0.1410859 0.1763129 0.1445191 0.1650052 
S1189       0.1044949 0.0949665 0.1300668 0.1198521 0.1375621 0.1633524 0.1289634 0.1724226 0.1034677 0.1241418 0.1133926 0.1172894 0.0923077 0.0859596 0.0422927 0.1413197 0.1128556 0.1049013 0.0998019 0.0992989 0.1839725 0.1220167 0.0929632 0.1011940 0.1234567 0.1150795 0.1046103 0.0196300 0.0375087 0.1212437 0.0510973 0.1476507 0.1699442 0.0000000 0.0997743 0.1226401 0.1571011 0.0987022 0.1417884 0.1250088 0.1125391 0.1208636 0.1201052 0.1074380 0.1441806 0.1460340 0.0982842 0.1118781 0.1160795 0.0994131 0.1018653 0.1412594 0.1213670 0.0846939 0.1162368 0.1057798 0.0945915 0.1124357 0.1079900 0.0911593 0.0944700 0.1361216 0.1272449 0.1353576 0.1219986 0.1109924 0.0949455 0.1069270 0.1475570 0.0800382 0.1134972 0.1367515 0.0727097 0.0904575 0.1027633 0.0898101 
S1201sl     0.0718384 0.0883722 0.1206921 0.0989771 0.1089635 0.1337595 0.1154233 0.1373555 0.0853370 0.0990895 0.0727800 0.0886072 0.0841496 0.0687328 0.0857544 0.1105048 0.0972939 0.1015184 0.0938717 0.0925473 0.1777346 0.1056369 0.0838104 0.0626994 0.0797643 0.0913407 0.0435750 0.1019817 0.0877571 0.1209095 0.0954671 0.1495092 0.1834859 0.0997743 0.0000000 0.0895139 0.1565570 0.0797163 0.1123736 0.1058379 0.0801565 0.1019570 0.0993349 0.0796206 0.1032995 0.1007896 0.0793929 0.0879857 0.0966121 0.0725002 0.0792645 0.1192600 0.0877830 0.0757920 0.1159200 0.1096166 0.0880381 0.1121297 0.0764025 0.0560484 0.0891582 0.1265363 0.1017662 0.1008776 0.0934425 0.1083823 0.0490392 0.0701956 0.1425229 0.1471397 0.0681939 0.1338607 0.0679719 0.0556339 0.0797706 0.0478856 
S1214sl     0.0645616 0.0935518 0.1039225 0.0555326 0.0896951 0.1180073 0.0989201 0.1112779 0.0772624 0.0856340 0.0764709 0.0841429 0.0767426 0.0605963 0.0824800 0.1100141 0.0721713 0.0938777 0.0945782 0.0840939 0.1574301 0.1009207 0.0665531 0.0668222 0.0782814 0.0935537 0.0693573 0.1030353 0.0886548 0.1067245 0.1016593 0.1492762 0.1832891 0.1226401 0.0895139 0.0000000 0.1472680 0.0833939 0.0983784 0.0897117 0.0821180 0.0903102 0.0952798 0.0795079 0.0882308 0.1052703 0.0830550 0.0835577 0.0836538 0.0643369 0.0379693 0.1081766 0.0832752 0.0589860 0.1106060 0.0944876 0.0836085 0.1068559 0.0265085 0.0633325 0.0846604 0.1079118 0.1014202 0.1033442 0.0719404 0.0994014 0.0612860 0.0831085 0.1243566 0.1377842 0.0768299 0.1280194 0.0599321 0.0715973 0.0714492 0.0594731 
S1223       0.1144020 0.1429262 0.1701224 0.1643840 0.1379729 0.1771414 0.1417176 0.1512012 0.1615465 0.1589953 0.1255959 0.1316083 0.1195146 0.1074771 0.1399296 0.1477069 0.1320900 0.1380268 0.1334877 0.1359576 0.0296559 0.1462301 0.1306459 0.1323228 0.1631424 0.1284617 0.1378526 0.1594944 0.1469133 0.1852429 0.1480100 0.0199085 0.0598635 0.1571011 0.1565570 0.1472680 0.0000000 0.1396668 0.1647793 0.1540539 0.1394271 0.1436046 0.1608554 0.1259763 0.1604842 0.1784025 0.1390513 0.1306287 0.1354675 0.1178934 0.1312453 0.1702414 0.1427397 0.1215092 0.1792523 0.1681237 0.1306904 0.1752077 0.1315739 0.1414240 0.1371928 0.1548445 0.1570346 0.1490264 0.1517533 0.1390760 0.1344842 0.1498660 0.1766087 0.2081186 0.1411839 0.1665565 0.1038327 0.1403331 0.1112959 0.1300519 
S1227       0.0480372 0.0197284 0.1155475 0.1008724 0.0922996 0.1089141 0.1103979 0.0968620 0.0889180 0.0714373 0.0229598 0.0262348 0.0835660 0.0483416 0.0688195 0.0771845 0.0332196 0.1007991 0.0600777 0.0161365 0.1696184 0.0331524 0.0739864 0.0665047 0.0738533 0.0964136 0.0679866 0.0843986 0.0710737 0.0964072 0.0868497 0.1471991 0.1863682 0.0987022 0.0797163 0.0833939 0.1396668 0.0000000 0.0594088 0.1050860 0.0850662 0.1012320 0.0860850 0.0294538 0.0964161 0.1074830 0.0063043 0.0260690 0.0659587 0.0296786 0.0818962 0.1202550 0.0379058 0.0663045 0.0918553 0.0842581 0.0128038 0.0882203 0.0745747 0.0630919 0.0263740 0.1169361 0.0367041 0.1061793 0.0402805 0.0580405 0.0648486 0.0813999 0.1040014 0.1322829 0.0875467 0.1207011 0.0513983 0.0626290 0.0588990 0.0622006 
S1235sl     0.0533241 0.0596085 0.1223557 0.1069451 0.0965552 0.1289305 0.1127042 0.1165610 0.0947440 0.1027398 0.0640928 0.0636915 0.0892401 0.0771413 0.1001657 0.0908711 0.0482940 0.1070485 0.0725152 0.0590404 0.1764706 0.0795379 0.1009448 0.0931932 0.0913430 0.0938842 0.0972201 0.1210485 0.1155269 0.1546219 0.1306646 0.1577696 0.1860793 0.1417884 0.1123736 0.0983784 0.1647793 0.0594088 0.0000000 0.1130528 0.0908771 0.1023858 0.1092706 0.0670740 0.1070704 0.1414786 0.0591739 0.0632604 0.0709814 0.0523529 0.0972307 0.1273452 0.0200914 0.0925457 0.1490956 0.0901515 0.0550813 0.1451586 0.0888880 0.1062028 0.0635259 0.1283050 0.0756793 0.1028867 0.0680728 0.0996620 0.1029467 0.1241538 0.1240246 0.1544894 0.1074339 0.1588596 0.0762770 0.1053971 0.0764074 0.0962139 
S1239       0.0815770 0.0966481 0.0593214 0.0941037 0.1279057 0.1486410 0.0557772 0.1431340 0.0706009 0.1168259 0.1066214 0.0975098 0.0368528 0.0893850 0.0686574 0.1344698 0.0937938 0.0595739 0.1073844 0.1057143 0.1803322 0.1136258 0.0872522 0.0820734 0.1093072 0.0602807 0.0840671 0.1055174 0.0830981 0.1447272 0.0998589 0.1561958 0.1968971 0.1250088 0.1058379 0.0897117 0.1540539 0.1050860 0.1130528 0.0000000 0.0578332 0.0479810 0.1168899 0.0966882 0.1262820 0.1368900 0.1046463 0.1052980 0.1054844 0.0850881 0.0786126 0.0725242 0.0971038 0.0792164 0.1393723 0.0890700 0.1009988 0.1354867 0.0807268 0.0933077 0.1017824 0.0728377 0.1155582 0.0778376 0.1112089 0.1219820 0.0877708 0.1237076 0.1092529 0.1375281 0.0903012 0.1513872 0.0713813 0.1009834 0.0842068 0.0837717 
S1250sl     0.0613272 0.0856137 0.0776657 0.0774331 0.1038336 0.1202474 0.0568955 0.1402331 0.0673748 0.0871296 0.0857878 0.0776097 0.0379210 0.0697534 0.0620744 0.1107551 0.0779035 0.0530986 0.0908292 0.0898175 0.1648734 0.0942544 0.0808245 0.0787856 0.0835935 0.0197912 0.0746451 0.0935897 0.0766604 0.1273851 0.0832123 0.1425095 0.1751494 0.1125391 0.0801565 0.0821180 0.1394271 0.0850662 0.0908771 0.0578332 0.0000000 0.0610192 0.0907102 0.0768218 0.0988658 0.1202766 0.0847140 0.0852365 0.0936727 0.0656228 0.0678955 0.0688136 0.0765097 0.0727703 0.1222409 0.0678133 0.0852887 0.1227558 0.0771921 0.0645839 0.0812132 0.0656687 0.0948986 0.0266762 0.0823328 0.0839619 0.0655458 0.0815899 0.0829648 0.1243963 0.0853594 0.1266413 0.0649138 0.0719068 0.0569477 0.0673953 
S1251       0.0819825 0.0887046 0.0401373 0.0900979 0.1129852 0.1377257 0.0441072 0.1441777 0.0577936 0.1128313 0.1027121 0.0936627 0.0332619 0.0855729 0.0733771 0.1208823 0.0984168 0.0368080 0.0978947 0.0976781 0.1646215 0.1097312 0.0885545 0.0783312 0.0954723 0.0640236 0.0793751 0.1015371 0.0925760 0.1501507 0.1014289 0.1411318 0.1731295 0.1208636 0.1019570 0.0903102 0.1436046 0.1012320 0.1023858 0.0479810 0.0610192 0.0000000 0.1126989 0.0888098 0.1158459 0.1224225 0.1008082 0.1014368 0.0974701 0.0812995 0.0842903 0.0555841 0.0837186 0.0803893 0.1446962 0.0851687 0.0930578 0.1407782 0.0812599 0.0894881 0.0885361 0.0486200 0.1116047 0.0722701 0.1072756 0.1180575 0.0748600 0.1196225 0.1092268 0.1377603 0.0948992 0.1363721 0.0724302 0.0971484 0.0804559 0.0800438 
S1260       0.0703685 0.0957795 0.1170791 0.0938289 0.0630513 0.0650137 0.1164597 0.0765156 0.0948183 0.1016189 0.0831391 0.0908587 0.0886799 0.0659584 0.0917902 0.1222780 0.0872063 0.1107542 0.0963861 0.0950708 0.1888639 0.1131182 0.0760697 0.0630577 0.0641545 0.0976073 0.0903140 0.1064702 0.1022207 0.1239490 0.1158975 0.1749330 0.1981764 0.1201052 0.0993349 0.0952798 0.1608554 0.0860850 0.1092706 0.1168899 0.0907102 0.1126989 0.0000000 0.0819874 0.0824234 0.1423606 0.0857243 0.0904318 0.0860388 0.0783496 0.0840148 0.1362156 0.0990111 0.0681586 0.1188068 0.0979070 0.0904189 0.1149233 0.0865747 0.0894670 0.0858125 0.1269313 0.1136839 0.1036449 0.0872430 0.0984448 0.0855020 0.1116412 0.1338501 0.1436738 0.0949694 0.1304093 0.0687698 0.0936797 0.0737634 0.0847304 
S1278       0.0408436 0.0300582 0.1110472 0.0925450 0.0882551 0.1048060 0.1018477 0.1033672 0.0844449 0.0714311 0.0333110 0.0226783 0.0756075 0.0483309 0.0728383 0.0896911 0.0367682 0.0924794 0.0678390 0.0262211 0.1550420 0.0437776 0.0663341 0.0665643 0.0778602 0.0838654 0.0594132 0.0927115 0.0789953 0.1093349 0.0869066 0.1330934 0.1712510 0.1074380 0.0796206 0.0795079 0.1259763 0.0294538 0.0670740 0.0966882 0.0768218 0.0888098 0.0819874 0.0000000 0.1007809 0.1073698 0.0293443 0.0225365 0.0622834 0.0262935 0.0737519 0.1112913 0.0416145 0.0587874 0.1045943 0.0843046 0.0227535 0.1009087 0.0707899 0.0630146 0.0264053 0.1123803 0.0440051 0.0975286 0.0476429 0.0544475 0.0647567 0.0774440 0.1082894 0.1323888 0.0793853 0.1164132 0.0404337 0.0625511 0.0552511 0.0546932 
S1315       0.0775223 0.1160387 0.1216114 0.0788094 0.0753241 0.0963095 0.1209588 0.0930313 0.0856105 0.1127163 0.0889873 0.1058339 0.0970844 0.0811119 0.1004849 0.1337659 0.0977572 0.1151701 0.1030092 0.1099096 0.1715610 0.1192991 0.0912943 0.0824546 0.0163501 0.1113998 0.0881076 0.1294820 0.1197483 0.1253217 0.1345608 0.1514117 0.1783803 0.1441806 0.1032995 0.0882308 0.1604842 0.0964161 0.1070704 0.1262820 0.0988658 0.1158459 0.0824234 0.1007809 0.0000000 0.1350769 0.0960161 0.1050765 0.0926277 0.0849506 0.0865356 0.1405990 0.1103096 0.0831823 0.1248048 0.1166930 0.1051334 0.1209820 0.0802452 0.0838800 0.1009413 0.1263136 0.1201509 0.1075518 0.1067184 0.1088745 0.0888026 0.1146403 0.1232612 0.1386351 0.1025251 0.1634436 0.0883532 0.0966548 0.0879881 0.0877284 
S1332       0.1142883 0.1266624 0.1599586 0.1246548 0.1213700 0.1643523 0.1587769 0.1629158 0.1133586 0.1243400 0.0916577 0.1126311 0.1238420 0.1055887 0.1312266 0.1494278 0.1217040 0.1384913 0.1359501 0.1173092 0.2008258 0.1267570 0.1221109 0.1016491 0.1129014 0.1265771 0.0760907 0.1431815 0.1380263 0.1376934 0.1311905 0.1655374 0.2131918 0.1460340 0.1007896 0.1052703 0.1784025 0.1074830 0.1414786 0.1368900 0.1202766 0.1224225 0.1423606 0.1073698 0.1350769 0.0000000 0.1070242 0.1165450 0.1318027 0.0990806 0.0953136 0.1570356 0.1112137 0.1131098 0.1323645 0.1537399 0.1166049 0.1378796 0.0954144 0.0730202 0.1181901 0.1673870 0.1366980 0.1307995 0.1125769 0.1356558 0.0323730 0.0871044 0.1873347 0.1810761 0.1047405 0.1425560 0.0998364 0.0724675 0.1224970 0.0811750 
S1369       0.0478504 0.0196545 0.1150539 0.1004519 0.0918847 0.1084577 0.1099306 0.0963378 0.0885154 0.0711507 0.0228741 0.0261369 0.0832253 0.0481534 0.0685395 0.0768651 0.0330949 0.1003794 0.0598380 0.0160772 0.1688490 0.0330275 0.0736932 0.0661729 0.0735610 0.0960141 0.0676803 0.0840507 0.0707892 0.0960072 0.0864826 0.1465354 0.1855070 0.0982842 0.0793929 0.0830550 0.1390513 0.0063043 0.0591739 0.1046463 0.0847140 0.1008082 0.0857243 0.0293443 0.0960161 0.1070242 0.0000000 0.0259729 0.0657007 0.0295674 0.0815540 0.1197392 0.0377577 0.0660438 0.0914769 0.0839122 0.0127571 0.0878567 0.0742768 0.0628436 0.0262751 0.1164304 0.0365651 0.1057312 0.0401272 0.0578166 0.0645699 0.0810628 0.1035553 0.1317121 0.0871895 0.1201795 0.0511993 0.0623833 0.0586686 0.0619575 
S1370       0.0481259 0.0335688 0.1200638 0.1010758 0.0879768 0.1178273 0.1106233 0.1029178 0.0936423 0.0753958 0.0298502 0.0193558 0.0757168 0.0482956 0.0810423 0.0855599 0.0403151 0.1010024 0.0717888 0.0296479 0.1600163 0.0332128 0.0664298 0.0618232 0.0818244 0.0966068 0.0725175 0.0969377 0.0871455 0.1137186 0.0955195 0.1378914 0.1764200 0.1118781 0.0879857 0.0835577 0.1306287 0.0260690 0.0632604 0.1052980 0.0852365 0.1014368 0.0904318 0.0225365 0.1050765 0.1165450 0.0259729 0.0000000 0.0585668 0.0297304 0.0779206 0.1295597 0.0379755 0.0588734 0.1089141 0.0842047 0.0261346 0.1052120 0.0747184 0.0709147 0.0264221 0.1215080 0.0438707 0.1063953 0.0440492 0.0656136 0.0691445 0.0859285 0.1084414 0.1512096 0.0877200 0.1167720 0.0514932 0.0703917 0.0590093 0.0623169 
S1375       0.0233695 0.0673672 0.1202744 0.0970617 0.0885358 0.1004775 0.1108180 0.1032135 0.0847704 0.0928882 0.0707292 0.0627089 0.0797205 0.0596346 0.0770767 0.0984050 0.0667665 0.1052830 0.0800552 0.0625981 0.1504187 0.0822514 0.0665118 0.0566853 0.0780531 0.1008387 0.0862646 0.0879281 0.0872513 0.1228796 0.0999914 0.1328770 0.1609821 0.1160795 0.0966121 0.0836538 0.1354675 0.0659587 0.0709814 0.1054844 0.0936727 0.0974701 0.0860388 0.0622834 0.0926277 0.1318027 0.0657007 0.0585668 0.0000000 0.0552764 0.0655799 0.1195402 0.0651096 0.0589469 0.1179374 0.0801597 0.0586070 0.1141986 0.0709743 0.0829159 0.0707615 0.1260922 0.0863889 0.1152571 0.0708912 0.0850692 0.0778283 0.0948442 0.1128995 0.1369671 0.0920141 0.1203876 0.0589900 0.0823025 0.0705909 0.0739151 
S1381       0.0375524 0.0373765 0.0990367 0.0770343 0.0792543 0.0926817 0.0900716 0.1043075 0.0758267 0.0565124 0.0301763 0.0299212 0.0644731 0.0341375 0.0615742 0.0738866 0.0300320 0.0809584 0.0454407 0.0333397 0.1418062 0.0441204 0.0555666 0.0566878 0.0706753 0.0687709 0.0548666 0.0811539 0.0678588 0.0973084 0.0751438 0.1243760 0.1621394 0.0994131 0.0725002 0.0643369 0.1178934 0.0296786 0.0523529 0.0850881 0.0656228 0.0812995 0.0783496 0.0262935 0.0849506 0.0990806 0.0295674 0.0297304 0.0552764 0.0000000 0.0583734 0.1081602 0.0274224 0.0481584 0.0927051 0.0685889 0.0297536 0.0890359 0.0560023 0.0556679 0.0300853 0.1002321 0.0443512 0.0777437 0.0336563 0.0475669 0.0567521 0.0696325 0.0876225 0.1291213 0.0721451 0.1132734 0.0337738 0.0552583 0.0373375 0.0442780 
S1449       0.0507559 0.0879114 0.0925419 0.0200585 0.0735353 0.0953636 0.0876618 0.0951974 0.0694597 0.0760892 0.0659102 0.0826528 0.0581904 0.0504456 0.0672806 0.0911562 0.0744638 0.0789211 0.0794970 0.0783733 0.1511364 0.0950697 0.0487805 0.0396749 0.0727735 0.0705389 0.0625408 0.0785602 0.0739224 0.0922837 0.0857754 0.1282046 0.1667863 0.1018653 0.0792645 0.0379693 0.1312453 0.0818962 0.0972307 0.0786126 0.0678955 0.0842903 0.0840148 0.0737519 0.0865356 0.0953136 0.0815540 0.0779206 0.0655799 0.0583734 0.0000000 0.1025793 0.0773894 0.0414101 0.0876099 0.0831336 0.0779098 0.0924053 0.0345272 0.0460686 0.0784983 0.0971132 0.0960102 0.0889820 0.0701471 0.0776395 0.0592981 0.0771057 0.1131522 0.1223106 0.0753437 0.1177574 0.0458235 0.0579831 0.0613927 0.0575685 
