136
PAFTOL_019361 0.0000000 0.3261626 0.3060687 0.3462888 0.3284637 0.3200283 0.3226308 0.3329470 0.3397713 0.3458828 0.3769242 0.3646260 0.3259837 0.3645591 0.3789507 0.3320724 0.3296030 0.3529334 0.3349335 0.3318528 0.3244089 0.3124911 0.3166321 0.3431326 0.3257678 0.3357669 0.3253677 0.4063067 0.3679601 0.3306660 0.3154330 0.3794350 0.3389102 0.3502459 0.3472735 0.3497094 0.3446797 0.3131335 0.3445329 0.3055701 0.3706858 0.3387433 0.3260419 0.3289509 0.3237757 0.3506620 0.3603978 0.3408609 0.3247888 0.3234776 0.3847593 0.3158810 0.3141296 0.3115863 0.3158339 0.3820469 0.3157691 0.3408778 0.3434893 0.3676453 0.3443181 0.3441959 0.3195825 0.3456443 0.3765719 0.3717766 0.3904026 0.3765796 0.3598880 0.3524720 0.3358492 0.3275471 0.3631469 0.3778926 0.3865939 0.3990361 0.3462805 0.3188902 0.3517045 0.3833037 0.3259754 0.3391629 0.3599111 0.3312395 0.3427629 0.3584398 0.3131803 0.3212081 0.3406378 0.3390805 0.3396907 0.3948428 0.3581871 0.3373797 0.3473984 0.3155802 0.3227820 0.3358257 0.3132682 0.3386797 0.3706946 0.3560526 0.3224410 0.3166933 0.3305952 0.3502194 0.3359632 0.3237401 0.3427727 0.3674230 0.3445256 0.3209667 0.3158810 0.3384879 0.3524720 0.3410079 0.3201527 0.3650258 0.3694139 0.3300325 0.3160980 0.3537754 0.3312127 0.3235973 0.3126126 0.3107650 0.3435469 0.3325115 0.3600119 0.3233364 0.3447870 0.3539693 0.3193835 0.3442911 0.3683766 0.3206065 
S0055         0.3261626 0.0000000 0.0988868 0.1250190 0.1236131 0.0838240 0.1332301 0.1199975 0.1148052 0.0925003 0.1220492 0.1354163 0.1317183 0.1364968 0.1322301 0.1377341 0.1126656 0.1317767 0.1351392 0.1356290 0.0996711 0.0831307 0.0810170 0.1288450 0.1085873 0.1053143 0.0908926 0.1343861 0.1092572 0.1368586 0.1168669 0.1263188 0.1036236 0.1498612 0.1242745 0.1238878 0.0898538 0.0912320 0.1244825 0.1043427 0.1283516 0.0852087 0.0972913 0.1000015 0.1344427 0.1489249 0.1077490 0.1390374 0.1060052 0.0815129 0.1394897 0.0890712 0.0851254 0.0871676 0.0864193 0.1434512 0.1073560 0.0998445 0.1409921 0.1183595 0.0968586 0.0962181 0.1044917 0.1154501 0.1338495 0.1156672 0.1248511 0.1311362 0.1312154 0.1238756 0.1381558 0.1098618 0.1582791 0.1457640 0.1186144 0.1175964 0.1458917 0.0870195 0.1450736 0.1043266 0.0989561 0.1115285 0.1451733 0.1039563 0.1304864 0.1492234 0.0785762 0.0997136 0.1128403 0.1135511 0.1170214 0.1255855 0.1365788 0.1037993 0.1336256 0.1303419 0.1308534 0.1391577 0.0832365 0.1396425 0.1480358 0.1228956 0.0895381 0.0818600 0.0538145 0.1488474 0.0853270 0.1009728 0.1198586 0.1262487 0.1248731 0.0923331 0.0877566 0.1167013 0.1238756 0.1294661 0.0799779 0.1275205 0.1285899 0.1215122 0.0825144 0.1266632 0.0896926 0.1080500 0.0798703 0.0867742 0.1346496 0.1293461 0.1216493 0.0954254 0.0963013 0.1462098 0.0892619 0.1262488 0.0980062 0.0935622 
S0196sl       0.3060687 0.0988868 0.0000000 0.1109572 0.0638668 0.0838120 0.1218858 0.1085585 0.0895944 0.0855700 0.1314921 0.1194612 0.1173516 0.1212824 0.1174045 0.1266992 0.1005017 0.1208062 0.1050374 0.1187465 0.1042692 0.0804409 0.0786367 0.1238228 0.1163822 0.0962356 0.0257460 0.1425793 0.1012752 0.1190160 0.1133844 0.1255256 0.1091628 0.1312051 0.0932671 0.1133256 0.0944804 0.0917770 0.1155129 0.0919230 0.1221276 0.0756738 0.0820589 0.0509946 0.1256756 0.1434446 0.1168427 0.1205047 0.0914697 0.0788692 0.1384884 0.0234563 0.0828550 0.0227530 0.0249637 0.1341074 0.0578054 0.0985318 0.1164446 0.1097374 0.0920401 0.0769105 0.1079498 0.1112038 0.1340636 0.1025199 0.1254384 0.1262499 0.1417853 0.0641350 0.1389706 0.1042012 0.1244886 0.0948031 0.1251718 0.1171136 0.1390865 0.0249791 0.1353491 0.0764950 0.0872246 0.0789707 0.0945160 0.1143204 0.1072629 0.1402373 0.0772445 0.1016897 0.1002909 0.1007085 0.1106318 0.1087665 0.1200412 0.1001513 0.1239878 0.1071711 0.1118538 0.1289052 0.0812535 0.1191786 0.1424583 0.0947456 0.0900253 0.0812176 0.0856145 0.1270501 0.0896418 0.0857279 0.0938332 0.0979830 0.1146010 0.0935169 0.0234777 0.1115938 0.0641350 0.1220979 0.0814371 0.0691915 0.0981379 0.1128650 0.0821230 0.1207528 0.0936051 0.1068278 0.0814191 0.0819315 0.1242368 0.1225434 0.1241568 0.0862491 0.0777671 0.1602799 0.0394073 0.1147479 0.1049710 0.0662174 
S0278         0.3462888 0.1250190 0.1109572 0.0000000 0.1429667 0.1037434 0.1409163 0.0353982 0.1268664 0.1108802 0.1494478 0.0526698 0.1412861 0.1486146 0.0437178 0.1476162 0.0542150 0.1411832 0.1569979 0.1437873 0.1368143 0.1024177 0.1017173 0.0544922 0.1358141 0.0443554 0.1052304 0.1592114 0.0432844 0.1450131 0.0680227 0.1296517 0.1302022 0.1556507 0.1292444 0.0262806 0.1176471 0.1099242 0.0396580 0.0695200 0.0946960 0.1039306 0.1211232 0.1206271 0.1460534 0.1576454 0.1374620 0.1488130 0.1301553 0.1021328 0.1463287 0.1025607 0.1028668 0.1020787 0.1034448 0.1487397 0.1276737 0.0649964 0.1515929 0.0802392 0.0631470 0.1099558 0.0443061 0.1321045 0.1374615 0.1193031 0.1329278 0.1357332 0.1550931 0.1355706 0.1568146 0.1242871 0.1617402 0.1540683 0.1221001 0.1250682 0.1553156 0.1027959 0.1517241 0.0717667 0.1024599 0.1200116 0.1528618 0.1392130 0.1507477 0.1587729 0.0991934 0.1246692 0.1294693 0.0286055 0.0837122 0.0895569 0.1486267 0.0653334 0.0317018 0.1309557 0.1381462 0.1504854 0.1062966 0.1461213 0.1616112 0.1335163 0.1083532 0.1024403 0.1051857 0.1651409 0.1176410 0.0646176 0.1281987 0.1396279 0.0446158 0.1167734 0.1011686 0.0392505 0.1355706 0.0923471 0.1021235 0.1409554 0.1442447 0.1344453 0.1059638 0.0508119 0.1110518 0.0712678 0.1026618 0.1062383 0.1433578 0.1452276 0.0884997 0.1003552 0.1115580 0.1635589 0.1056357 0.1367614 0.1381746 0.1102058 
S0281         0.3284637 0.1236131 0.0638668 0.1429667 0.0000000 0.1076944 0.1473489 0.1325825 0.1150249 0.1133562 0.1427993 0.1415117 0.1414974 0.1416964 0.1470155 0.1493309 0.1320747 0.1494589 0.1618963 0.1483415 0.1252864 0.1039886 0.1017673 0.1438625 0.1311382 0.1232464 0.0582546 0.1510783 0.1207608 0.1459563 0.1274554 0.1455460 0.1276502 0.1546183 0.1403085 0.1333619 0.1157379 0.1093984 0.1374005 0.1108235 0.1437098 0.0905478 0.1143458 0.0729636 0.1487658 0.1592794 0.1372388 0.1467335 0.1282041 0.1020678 0.1550909 0.0560706 0.1061067 0.0568401 0.0574186 0.1561237 0.0787892 0.1208621 0.1383102 0.1336241 0.1139923 0.1010412 0.1207538 0.1300660 0.1546108 0.1231272 0.1483196 0.1518027 0.1536361 0.0792836 0.1579243 0.1267421 0.1558451 0.1495278 0.1471782 0.1402604 0.1605415 0.0568239 0.1575443 0.1194724 0.1123428 0.1281166 0.1424614 0.1311388 0.1344914 0.1633571 0.1030490 0.1172102 0.1212024 0.1290756 0.1326125 0.1370123 0.1476944 0.1208485 0.1507032 0.1282720 0.1407675 0.1548692 0.1056325 0.1412929 0.1536824 0.1211406 0.1123523 0.1010048 0.1086337 0.1490822 0.1042546 0.1079170 0.1168816 0.1281686 0.1392509 0.1127499 0.0574152 0.1330874 0.0792836 0.1459974 0.1043918 0.0852956 0.1244049 0.1362696 0.1046133 0.1480093 0.1120709 0.1270312 0.1031926 0.0975011 0.1483146 0.1471111 0.1413855 0.1135937 0.1018698 0.1611466 0.0714688 0.1388263 0.1321684 0.0984386 
S0282         0.3200283 0.0838240 0.0838120 0.1037434 0.1076944 0.0000000 0.1120268 0.0965561 0.1004996 0.0244498 0.1002104 0.1106017 0.1170329 0.1250724 0.1069737 0.1194342 0.0939457 0.1249613 0.1293068 0.1178473 0.0910153 0.0132632 0.0168024 0.1134325 0.0865926 0.0850830 0.0756979 0.1224017 0.0926305 0.1196748 0.0975994 0.1188418 0.0903220 0.1364251 0.1066693 0.1022545 0.0612057 0.0266711 0.1082439 0.0874311 0.1145540 0.0652106 0.0202199 0.0902664 0.1180638 0.1308149 0.0927849 0.1192942 0.0943429 0.0281546 0.1308966 0.0733354 0.0144409 0.0714679 0.0741179 0.1401526 0.0939677 0.0871119 0.1219662 0.1045973 0.0820606 0.0803735 0.0965828 0.0961784 0.1234979 0.1037210 0.1189594 0.1195823 0.1099523 0.1070265 0.1215708 0.0934871 0.1344630 0.1313708 0.1186254 0.1126352 0.1328098 0.0721322 0.1311456 0.0766495 0.0871787 0.0996382 0.1254755 0.0767381 0.1181191 0.1342713 0.0139046 0.0644647 0.1031590 0.0926568 0.1029389 0.1094954 0.1214878 0.0903126 0.1084743 0.1056436 0.1113912 0.1234663 0.0192310 0.1147747 0.1379432 0.1076154 0.0209818 0.0180120 0.0622909 0.1344981 0.0593715 0.0815669 0.1028689 0.1061338 0.1049258 0.0590486 0.0720543 0.0992064 0.1070265 0.1128985 0.0138942 0.1134260 0.1082945 0.1147883 0.0375977 0.1079125 0.0389264 0.0930276 0.0400600 0.0642830 0.1265448 0.1257497 0.1160398 0.0855754 0.0818305 0.1382421 0.0754942 0.1194042 0.0909209 0.0779673 
S0288         0.3226308 0.1332301 0.1218858 0.1409163 0.1473489 0.1120268 0.0000000 0.1405578 0.1338589 0.1164586 0.1507605 0.1453365 0.0150102 0.0926821 0.1483928 0.0243979 0.1384335 0.1506307 0.1311049 0.0195568 0.1247786 0.1122626 0.1088912 0.1640570 0.1217999 0.1326035 0.1107902 0.1660775 0.1402108 0.0169068 0.1441307 0.1428491 0.1394508 0.1023985 0.0086640 0.1305722 0.1204063 0.1176916 0.1439180 0.1350284 0.1598271 0.1111084 0.1213574 0.1172275 0.0198178 0.1645365 0.1445179 0.0188986 0.1488766 0.1111663 0.1643926 0.1088889 0.1146174 0.1083278 0.1106518 0.1599561 0.1190547 0.1265702 0.1006456 0.1453401 0.1272279 0.1188831 0.1390619 0.0522244 0.1529712 0.1364382 0.1543233 0.1542215 0.1622493 0.1313057 0.1563551 0.1428531 0.1047676 0.1001280 0.1498387 0.1552454 0.1685332 0.1050039 0.1637514 0.1169135 0.1161149 0.1221306 0.1026326 0.1288551 0.1535815 0.1589775 0.1076809 0.1301416 0.1345479 0.1305184 0.1437297 0.1591835 0.0186607 0.1358584 0.1488842 0.0801432 0.0137529 0.0217001 0.1141278 0.0984108 0.1679546 0.1391066 0.1165973 0.1140011 0.1132628 0.1620825 0.1160790 0.1241537 0.1333976 0.1381067 0.1416385 0.1251726 0.1073734 0.1418443 0.1313057 0.1548768 0.1126944 0.1397276 0.1408644 0.1489611 0.1165979 0.1507160 0.1168901 0.1357960 0.1066826 0.1133384 0.1484849 0.1503329 0.1503033 0.1176376 0.1206927 0.1782258 0.1165100 0.1507779 0.1308583 0.1202239 
S0289         0.3329470 0.1199975 0.1085585 0.0353982 0.1325825 0.0965561 0.1405578 0.0000000 0.1203160 0.1039598 0.1375176 0.0454933 0.1429257 0.1416744 0.0424278 0.1455239 0.0521049 0.1331998 0.1565696 0.1431664 0.1242429 0.0938295 0.0952517 0.0501781 0.1274021 0.0437076 0.0990601 0.1475489 0.0440793 0.1443848 0.0626979 0.1194042 0.1199282 0.1503978 0.1335042 0.0326658 0.1129260 0.1016987 0.0383972 0.0584756 0.0871586 0.0940445 0.1111922 0.1125190 0.1446339 0.1514829 0.1299383 0.1489564 0.1191476 0.0942774 0.1369673 0.0964532 0.0957246 0.0959644 0.0973164 0.1389946 0.1209625 0.0594983 0.1432733 0.0735460 0.0561205 0.0983782 0.0396211 0.1280724 0.1283680 0.1081750 0.1244361 0.1264407 0.1495027 0.1294297 0.1487854 0.1209691 0.1572878 0.1474867 0.1139617 0.1127822 0.1514111 0.0966726 0.1480854 0.0740336 0.0930257 0.1114343 0.1427681 0.1299153 0.1414991 0.1531311 0.0913507 0.1147557 0.1173921 0.0261299 0.0743864 0.0810866 0.1490193 0.0598160 0.0393619 0.1248325 0.1377752 0.1501554 0.0984049 0.1392077 0.1537181 0.1268299 0.1019330 0.0947221 0.0988295 0.1601681 0.1065221 0.0563883 0.1246996 0.1341803 0.0362386 0.1085148 0.0950774 0.0343197 0.1294297 0.0848896 0.0956272 0.1331794 0.1369836 0.1230597 0.0995509 0.0481993 0.1020694 0.0621985 0.0917807 0.0968495 0.1377628 0.1349244 0.0772223 0.0920688 0.0999292 0.1545995 0.0965574 0.1275975 0.1276012 0.0993379 
S0292         0.3397713 0.1148052 0.0895944 0.1268664 0.1150249 0.1004996 0.1338589 0.1203160 0.0000000 0.1058649 0.1275905 0.1280137 0.1379626 0.1374731 0.1315121 0.1448011 0.1169142 0.1177814 0.1146311 0.1408275 0.1233885 0.1003957 0.0983163 0.1366260 0.1252236 0.1070502 0.0780854 0.1560690 0.1246511 0.1404101 0.1251955 0.1177469 0.1167677 0.1538427 0.1261470 0.1197937 0.1076817 0.1094960 0.1263446 0.1121490 0.1393559 0.0886046 0.1124870 0.0947058 0.1407791 0.1440316 0.1294253 0.1424663 0.1238336 0.0935796 0.1255356 0.0757478 0.1010410 0.0758959 0.0772373 0.1313902 0.1005070 0.1138755 0.1389003 0.1247316 0.1007560 0.0836369 0.1226202 0.1276052 0.1190565 0.1023444 0.1195769 0.1194492 0.1491458 0.1117674 0.1362726 0.1185613 0.1480360 0.1461043 0.1217231 0.1147144 0.1422406 0.0758874 0.1399034 0.1091825 0.0910680 0.0791074 0.1237144 0.1268208 0.0444583 0.1444159 0.0981120 0.1155269 0.1063995 0.1147375 0.1269409 0.1334301 0.1432119 0.1128552 0.1320504 0.1295182 0.1310643 0.1464121 0.1012460 0.1367624 0.1294767 0.0110637 0.1066818 0.0991816 0.0956462 0.0587833 0.1053431 0.1038938 0.0192033 0.0146907 0.1313805 0.1077182 0.0771649 0.1185667 0.1117674 0.1391796 0.0978398 0.1168513 0.0327804 0.1058400 0.0980900 0.1339172 0.1088408 0.1181294 0.0968652 0.0924802 0.1229713 0.1191310 0.1400150 0.0889806 0.0844820 0.1688044 0.0772612 0.1081140 0.1253278 0.0783114 
S0293         0.3458828 0.0925003 0.0855700 0.1108802 0.1133562 0.0244498 0.1164586 0.1039598 0.1058649 0.0000000 0.1039468 0.1134460 0.1180410 0.1296427 0.1110360 0.1242717 0.0964714 0.1269559 0.1249746 0.1172768 0.0970025 0.0232414 0.0194965 0.1202019 0.0853119 0.0947437 0.0788407 0.1233932 0.1004400 0.1200304 0.1054969 0.1236128 0.0971541 0.1404522 0.1065038 0.1071874 0.0656404 0.0299941 0.1110208 0.0924673 0.1190546 0.0692072 0.0282822 0.0926335 0.1215400 0.1372281 0.0939672 0.1211748 0.0969708 0.0289128 0.1361741 0.0757051 0.0219622 0.0758726 0.0779426 0.1436393 0.0980430 0.0920350 0.1247643 0.1086700 0.0856079 0.0832396 0.1085736 0.1022455 0.1253194 0.1083074 0.1219651 0.1236554 0.1113231 0.1089100 0.1269840 0.0990985 0.1319530 0.1319695 0.1228319 0.1163136 0.1420971 0.0765296 0.1394560 0.0865086 0.0919461 0.0946804 0.1234649 0.0828501 0.1276581 0.1421038 0.0214635 0.0698381 0.1071343 0.0991227 0.1067801 0.1131533 0.1219349 0.0941317 0.1144882 0.1091199 0.1137867 0.1272352 0.0245962 0.1170202 0.1432880 0.1125417 0.0277283 0.0232960 0.0695801 0.1435997 0.0651836 0.0828089 0.1092001 0.1109562 0.1113328 0.0613454 0.0757632 0.1025995 0.1089100 0.1140355 0.0189209 0.1172881 0.1108471 0.1176852 0.0394326 0.1130903 0.0441313 0.0970163 0.0432750 0.0709503 0.1295640 0.1269091 0.1184953 0.0915200 0.0847794 0.1382091 0.0779817 0.1225942 0.0926513 0.0799058 
S0294         0.3769242 0.1220492 0.1314921 0.1494478 0.1427993 0.1002104 0.1507605 0.1375176 0.1275905 0.1039468 0.0000000 0.1532637 0.1622100 0.1654789 0.1568835 0.1633568 0.1341055 0.1554819 0.1570083 0.1589794 0.1435359 0.0987714 0.0966486 0.1596267 0.1220603 0.1281424 0.1140965 0.1632253 0.1486918 0.1636447 0.1404756 0.1484557 0.1147558 0.1831855 0.1343398 0.1389783 0.1092160 0.1055831 0.1498546 0.1244664 0.1473172 0.0950864 0.1187936 0.1234993 0.1596399 0.1634365 0.1225737 0.1652262 0.1322278 0.0983527 0.1586772 0.1108161 0.0977603 0.1110438 0.1124573 0.1676806 0.1318917 0.1250960 0.1635367 0.1381308 0.1179253 0.1124639 0.1524329 0.1522591 0.1553915 0.1370650 0.1519983 0.1522228 0.0886822 0.1423981 0.1552784 0.1318547 0.1894548 0.1619709 0.1500012 0.1437530 0.1621812 0.1102671 0.1605511 0.1204267 0.1161066 0.1210722 0.1571550 0.1291002 0.1490546 0.1639913 0.0948769 0.1147247 0.1354532 0.1367646 0.1360677 0.1468569 0.1722055 0.1210954 0.1503006 0.1442246 0.1543093 0.1658880 0.0966365 0.1624539 0.1695442 0.1328900 0.1027352 0.0988632 0.1018298 0.1646418 0.1107683 0.1167436 0.1330227 0.1402761 0.1475011 0.1110581 0.1123573 0.1436611 0.1423981 0.1479198 0.0946282 0.1477738 0.1428373 0.1487403 0.1028806 0.1564665 0.1092248 0.1244148 0.1016026 0.1068615 0.1553757 0.1590179 0.1457752 0.1183553 0.1133027 0.1748634 0.1132423 0.1517369 0.1282065 0.1115299 
S0299         0.3646260 0.1354163 0.1194612 0.0526698 0.1415117 0.1106017 0.1453365 0.0454933 0.1280137 0.1134460 0.1532637 0.0000000 0.1469073 0.1490631 0.0591846 0.1526291 0.0666996 0.1479393 0.1640754 0.1493683 0.1397574 0.1049254 0.1042248 0.0660120 0.1382174 0.0551757 0.1094748 0.1643051 0.0518900 0.1522866 0.0751850 0.1350630 0.1335137 0.1683337 0.1374036 0.0479924 0.1261714 0.1174116 0.0504488 0.0754099 0.0955974 0.1080520 0.1210842 0.1246885 0.1526398 0.1554216 0.1341124 0.1545526 0.1258144 0.1068435 0.1501243 0.1067709 0.1068399 0.1062952 0.1076664 0.1478624 0.1322765 0.0705630 0.1601670 0.0782618 0.0690832 0.1107994 0.0551932 0.1363067 0.1448506 0.1185786 0.1393456 0.1429320 0.1649563 0.1432019 0.1599180 0.1270644 0.1681744 0.1606711 0.1317430 0.1305436 0.1568919 0.1070163 0.1503888 0.0839810 0.1049665 0.1259507 0.1542952 0.1459732 0.1535044 0.1577474 0.1024203 0.1285465 0.1328636 0.0397912 0.0832751 0.0881870 0.1542910 0.0697344 0.0528883 0.1405043 0.1440236 0.1582520 0.1103002 0.1489630 0.1681590 0.1311868 0.1115562 0.1058427 0.1120895 0.1703876 0.1203929 0.0690824 0.1316970 0.1391718 0.0583175 0.1213803 0.1046618 0.0513043 0.1432019 0.0955161 0.1067426 0.1455681 0.1478612 0.1404055 0.1132127 0.0583615 0.1177902 0.0743552 0.1071725 0.1070648 0.1472255 0.1510749 0.0912000 0.1029545 0.1123965 0.1655480 0.1114356 0.1435243 0.1365091 0.1110345 
S0303         0.3259837 0.1317183 0.1173516 0.1412861 0.1414974 0.1170329 0.0150102 0.1429257 0.1379626 0.1180410 0.1622100 0.1469073 0.0000000 0.0951239 0.1454081 0.0228641 0.1353410 0.1420445 0.1469384 0.0201415 0.1364256 0.1170299 0.1107692 0.1613080 0.1297428 0.1291328 0.1079214 0.1702978 0.1374989 0.0157769 0.1451541 0.1498114 0.1414008 0.1125730 0.0093718 0.1345708 0.1219733 0.1215223 0.1443249 0.1248152 0.1552942 0.1142863 0.1236223 0.1164362 0.0185472 0.1647990 0.1473378 0.0145382 0.1460826 0.1096540 0.1664471 0.1060976 0.1168741 0.1039457 0.1070631 0.1625766 0.1172449 0.1261882 0.0991881 0.1416283 0.1274423 0.1251809 0.1350148 0.0537393 0.1624895 0.1381088 0.1598919 0.1569661 0.1720115 0.1345373 0.1584864 0.1456017 0.1107176 0.1076539 0.1543902 0.1559506 0.1717702 0.1040515 0.1658382 0.1150268 0.1185375 0.1270998 0.1064929 0.1349049 0.1517008 0.1687321 0.1095680 0.1363266 0.1365668 0.1306799 0.1411228 0.1516367 0.0158986 0.1297464 0.1472721 0.0839476 0.0148586 0.0222986 0.1172171 0.0993928 0.1717546 0.1418749 0.1194920 0.1139425 0.1183884 0.1681299 0.1162555 0.1214418 0.1400206 0.1386066 0.1416257 0.1289499 0.1039000 0.1438201 0.1345373 0.1513329 0.1135866 0.1388790 0.1418673 0.1420262 0.1139886 0.1532066 0.1207517 0.1322467 0.1111037 0.1142666 0.1520315 0.1462299 0.1460652 0.1192062 0.1269087 0.1866606 0.1147582 0.1457062 0.1344353 0.1188831 
S0308         0.3645591 0.1364968 0.1212824 0.1486146 0.1416964 0.1250724 0.0926821 0.1416744 0.1374731 0.1296427 0.1654789 0.1490631 0.0951239 0.0000000 0.1499883 0.0958713 0.1425939 0.1562637 0.1549001 0.0911951 0.1411925 0.1233910 0.1190016 0.1602478 0.1427800 0.1322666 0.1209874 0.1755370 0.1385149 0.0960353 0.1412804 0.1552981 0.1484712 0.1159494 0.0864253 0.1394118 0.1300345 0.1320895 0.1493943 0.1311513 0.1581914 0.1211263 0.1314640 0.1254698 0.0939934 0.1807510 0.1456056 0.0961539 0.1404312 0.1192987 0.1733468 0.1166347 0.1240101 0.1169229 0.1175671 0.1684867 0.1300612 0.1344507 0.0959890 0.1414411 0.1261707 0.1203221 0.1335446 0.0759520 0.1698619 0.1433751 0.1627827 0.1673874 0.1790652 0.1431585 0.1707268 0.1380634 0.1104188 0.1200039 0.1573127 0.1547919 0.1842630 0.1153851 0.1771144 0.1243783 0.1215111 0.1318854 0.1058037 0.1493745 0.1589069 0.1793837 0.1179624 0.1368906 0.1434888 0.1336490 0.1444615 0.1511350 0.0936870 0.1352012 0.1569621 0.0936383 0.0872150 0.1025095 0.1237963 0.0975380 0.1737124 0.1452230 0.1298820 0.1220169 0.1170584 0.1720568 0.1316436 0.1264844 0.1437301 0.1469137 0.1477335 0.1335218 0.1167252 0.1503868 0.1431585 0.1539421 0.1193361 0.1470715 0.1536604 0.1489450 0.1228732 0.1548989 0.1240259 0.1378629 0.1171396 0.1250591 0.1580242 0.1555541 0.1526170 0.1252011 0.1212195 0.1828149 0.1182401 0.1533416 0.1454713 0.1170446 
S0320         0.3789507 0.1322301 0.1174045 0.0437178 0.1470155 0.1069737 0.1483928 0.0424278 0.1315121 0.1110360 0.1568835 0.0591846 0.1454081 0.1499883 0.0000000 0.1547733 0.0608989 0.1498890 0.1493392 0.1495573 0.1400033 0.1065534 0.1057058 0.0610578 0.1324845 0.0491626 0.1121969 0.1525812 0.0471262 0.1525706 0.0724259 0.1346410 0.1280230 0.1634271 0.1263995 0.0395009 0.1231103 0.1130727 0.0421386 0.0725698 0.1045443 0.1093512 0.1199674 0.1192226 0.1537888 0.1587737 0.1358420 0.1546841 0.1259359 0.1030503 0.1570040 0.1102003 0.1070150 0.1089553 0.1111499 0.1498542 0.1281848 0.0700725 0.1540325 0.0873942 0.0670479 0.1074585 0.0474794 0.1360455 0.1449732 0.1189508 0.1390747 0.1420125 0.1651274 0.1403318 0.1577417 0.1286088 0.1703988 0.1515169 0.1262478 0.1263725 0.1630586 0.1096238 0.1593999 0.0658521 0.1055508 0.1159354 0.1468761 0.1465134 0.1535592 0.1624181 0.1014850 0.1288954 0.1278545 0.0317889 0.0886412 0.0966386 0.1541126 0.0699226 0.0494465 0.1344236 0.1465854 0.1593285 0.1106395 0.1482358 0.1712773 0.1374543 0.1102753 0.1067747 0.1078973 0.1709690 0.1228646 0.0727137 0.1387135 0.1362165 0.0441625 0.1182894 0.1087271 0.0413459 0.1403318 0.1014618 0.1054038 0.1470068 0.1418409 0.1402209 0.1138471 0.0531400 0.1162883 0.0762346 0.1081887 0.1098369 0.1522615 0.1499018 0.0959444 0.1007697 0.1075570 0.1566536 0.1089289 0.1426758 0.1336344 0.1108784 
S0322         0.3320724 0.1377341 0.1266992 0.1476162 0.1493309 0.1194342 0.0243979 0.1455239 0.1448011 0.1242717 0.1633568 0.1526291 0.0228641 0.0958713 0.1547733 0.0000000 0.1425998 0.1519211 0.1561427 0.0223129 0.1392459 0.1216630 0.1171132 0.1647582 0.1399172 0.1349793 0.1188969 0.1739640 0.1414566 0.0193227 0.1472696 0.1489954 0.1443854 0.1126996 0.0220306 0.1403668 0.1271862 0.1245658 0.1487891 0.1345170 0.1590712 0.1183034 0.1315919 0.1259261 0.0183983 0.1655892 0.1505996 0.0199657 0.1491232 0.1183443 0.1726335 0.1162978 0.1222810 0.1128494 0.1187491 0.1698125 0.1267439 0.1325253 0.1012737 0.1478856 0.1311029 0.1257633 0.1369802 0.0563643 0.1640624 0.1438305 0.1631755 0.1604985 0.1703400 0.1418103 0.1589630 0.1509239 0.1091823 0.1164863 0.1573092 0.1572608 0.1717082 0.1135917 0.1677420 0.1317127 0.1260629 0.1363494 0.1147994 0.1457139 0.1590178 0.1698035 0.1153549 0.1395948 0.1432055 0.1364011 0.1461468 0.1573909 0.0208451 0.1364400 0.1539140 0.0853857 0.0166617 0.0269984 0.1218967 0.0999828 0.1734746 0.1475319 0.1239535 0.1203095 0.1226669 0.1737068 0.1255503 0.1287951 0.1427085 0.1491979 0.1493278 0.1332003 0.1149191 0.1478842 0.1418103 0.1562045 0.1198950 0.1470859 0.1482748 0.1539481 0.1242282 0.1527425 0.1260974 0.1379638 0.1181330 0.1189416 0.1585203 0.1578294 0.1526284 0.1243440 0.1274255 0.1849001 0.1208788 0.1567321 0.1407232 0.1238334 
S0327         0.3296030 0.1126656 0.1005017 0.0542150 0.1320747 0.0939457 0.1384335 0.0521049 0.1169142 0.0964714 0.1341055 0.0666996 0.1353410 0.1425939 0.0608989 0.1425998 0.0000000 0.1317653 0.1362502 0.1410350 0.1199739 0.0918466 0.0919928 0.0646595 0.1206598 0.0384943 0.1007853 0.1500160 0.0464709 0.1422398 0.0601245 0.1201778 0.1163523 0.1562072 0.1306302 0.0521218 0.1079966 0.1011537 0.0552525 0.0573101 0.0866028 0.0933403 0.1053056 0.1104081 0.1393108 0.1446186 0.1200826 0.1429226 0.1082730 0.0910366 0.1321066 0.0981727 0.0923042 0.0962447 0.0990380 0.1336089 0.1156053 0.0579063 0.1420565 0.0716188 0.0531265 0.0986506 0.0488851 0.1193193 0.1265106 0.1063079 0.1216549 0.1236075 0.1449120 0.1298613 0.1409937 0.1136323 0.1591251 0.1489834 0.1118873 0.1098794 0.1444907 0.0962162 0.1420020 0.0595453 0.0896634 0.1051154 0.1443630 0.1221407 0.1420682 0.1453281 0.0881130 0.1065344 0.1193671 0.0451046 0.0725045 0.0797033 0.1398314 0.0603041 0.0550606 0.1265141 0.1341971 0.1470600 0.0972668 0.1386109 0.1500592 0.1249716 0.0978441 0.0928561 0.0924505 0.1597240 0.1017453 0.0567820 0.1180470 0.1230394 0.0613249 0.0997077 0.0967986 0.0490720 0.1298613 0.0836240 0.0907809 0.1336085 0.1323924 0.1207692 0.0945778 0.0613724 0.1040422 0.0606030 0.0928763 0.0956807 0.1349230 0.1334815 0.0782089 0.0917208 0.1001964 0.1521402 0.0967515 0.1229471 0.1236412 0.0944628 
S0335         0.3529334 0.1317767 0.1208062 0.1411832 0.1494589 0.1249613 0.1506307 0.1331998 0.1177814 0.1269559 0.1554819 0.1479393 0.1420445 0.1562637 0.1498890 0.1519211 0.1317653 0.0000000 0.0732115 0.1546813 0.1372505 0.1218729 0.1196629 0.1528523 0.1436001 0.1291628 0.1116404 0.1612985 0.1313863 0.1516888 0.1396006 0.1350684 0.1406916 0.1751209 0.1299347 0.1368707 0.1310511 0.1254048 0.1439442 0.1302497 0.1485776 0.1160350 0.1303806 0.1223420 0.1513200 0.1734197 0.1546570 0.1529282 0.1436402 0.1200487 0.1441490 0.1069006 0.1240184 0.1070083 0.1092881 0.1421154 0.1269453 0.1245881 0.1518047 0.1371110 0.1237299 0.1117972 0.1410149 0.1421005 0.1349880 0.1196510 0.1355857 0.1407118 0.1634907 0.1416796 0.1633246 0.1433868 0.1677613 0.1574721 0.1342255 0.1289379 0.1737573 0.1100866 0.1680830 0.1307222 0.1086970 0.0562733 0.1453234 0.1359664 0.1384642 0.1752608 0.1203092 0.1400400 0.1022994 0.1304801 0.1365150 0.1455384 0.1643380 0.1262778 0.1503624 0.1417781 0.1415092 0.1606001 0.1242095 0.1498121 0.0742300 0.1233999 0.1314492 0.1221353 0.1180755 0.1478473 0.1215141 0.1161058 0.1205463 0.1252723 0.1377281 0.1359423 0.1084266 0.1329274 0.1416796 0.1515522 0.1215905 0.1471777 0.1284924 0.0459651 0.1243488 0.1516819 0.1309591 0.1303131 0.1189715 0.1190523 0.0630933 0.0332895 0.1505119 0.1039257 0.1142038 0.1944226 0.1122935 0.0434744 0.1390846 0.1135980 
S0345         0.3349335 0.1351392 0.1050374 0.1569979 0.1618963 0.1293068 0.1311049 0.1565696 0.1146311 0.1249746 0.1570083 0.1640754 0.1469384 0.1549001 0.1493392 0.1561427 0.1362502 0.0732115 0.0000000 0.1441250 0.1516197 0.1311324 0.1189622 0.1453357 0.1672541 0.1353917 0.1132476 0.1787208 0.1327688 0.1445808 0.1293127 0.1419432 0.1393094 0.1725830 0.1413912 0.1487248 0.1286893 0.1385895 0.1525610 0.1469454 0.1770809 0.1336353 0.1351255 0.1213151 0.1391233 0.1795512 0.1611265 0.1448213 0.1373414 0.1258981 0.1666722 0.1070689 0.1323267 0.1116302 0.1114901 0.1390239 0.1262240 0.1483990 0.1380071 0.1541359 0.1437605 0.1172783 0.1420010 0.1280835 0.1499445 0.1205938 0.1448028 0.1477050 0.1714962 0.1465378 0.1582991 0.1444917 0.1645005 0.1722231 0.1482164 0.1473273 0.1810172 0.1113918 0.1726795 0.1263019 0.1092950 0.0615044 0.1661855 0.1413383 0.1210747 0.1824510 0.1277940 0.1511930 0.1172147 0.1386604 0.1536069 0.1622006 0.1406499 0.1476060 0.1629692 0.1327253 0.1348365 0.1477822 0.1291734 0.1375444 0.0499431 0.1192680 0.1371217 0.1263359 0.1255588 0.1397043 0.1266685 0.1372456 0.1138259 0.1123067 0.1528398 0.1418780 0.1113621 0.1440512 0.1465378 0.1673972 0.1270363 0.1601681 0.1199610 0.0639041 0.1410884 0.1603855 0.1381290 0.1520756 0.1264274 0.1190556 0.0240749 0.0654296 0.1700612 0.0927024 0.1177043 0.2101281 0.1158787 0.0615718 0.1616283 0.1113656 
S0355         0.3318528 0.1356290 0.1187465 0.1437873 0.1483415 0.1178473 0.0195568 0.1431664 0.1408275 0.1172768 0.1589794 0.1493683 0.0201415 0.0911951 0.1495573 0.0223129 0.1410350 0.1546813 0.1441250 0.0000000 0.1360377 0.1193135 0.1125755 0.1627854 0.1351522 0.1350196 0.1148050 0.1703878 0.1407617 0.0162231 0.1471503 0.1491485 0.1409536 0.1123457 0.0141799 0.1371818 0.1250036 0.1213020 0.1471806 0.1328193 0.1580436 0.1171728 0.1208201 0.1223869 0.0207055 0.1711261 0.1491667 0.0180053 0.1418016 0.1153280 0.1689872 0.1137505 0.1199239 0.1110994 0.1131657 0.1665608 0.1253597 0.1318787 0.0963777 0.1436020 0.1286918 0.1227519 0.1385543 0.0572521 0.1632375 0.1413820 0.1577079 0.1577985 0.1649461 0.1381200 0.1616697 0.1476367 0.1059629 0.1070203 0.1554685 0.1584684 0.1742700 0.1103155 0.1691884 0.1281312 0.1206868 0.1320768 0.1058661 0.1390392 0.1556544 0.1712502 0.1130957 0.1386451 0.1423322 0.1318341 0.1437362 0.1530070 0.0199323 0.1349587 0.1517829 0.0830721 0.0135563 0.0243048 0.1165300 0.0996160 0.1714446 0.1437689 0.1232361 0.1172345 0.1191769 0.1686316 0.1200841 0.1243703 0.1395071 0.1440578 0.1445221 0.1292631 0.1108954 0.1453448 0.1381200 0.1536509 0.1167983 0.1433082 0.1438535 0.1489321 0.1213094 0.1523598 0.1221733 0.1371930 0.1130071 0.1176457 0.1544023 0.1578919 0.1517248 0.1238756 0.1243852 0.1780433 0.1182256 0.1549237 0.1368325 0.1217443 
S0376         0.3244089 0.0996711 0.1042692 0.1368143 0.1252864 0.0910153 0.1247786 0.1242429 0.1233885 0.0970025 0.1435359 0.1397574 0.1364256 0.1411925 0.1400033 0.1392459 0.1199739 0.1372505 0.1516197 0.1360377 0.0000000 0.0878421 0.0862298 0.1375571 0.1112748 0.1169240 0.0958549 0.0707712 0.1093276 0.1328861 0.1291489 0.1295758 0.1149338 0.1487640 0.1242970 0.1307705 0.1017756 0.0993637 0.1281321 0.1180941 0.1344553 0.0854453 0.0979488 0.1013880 0.1355324 0.1461984 0.1187164 0.1377335 0.1176246 0.0906908 0.1483256 0.0938429 0.0924462 0.0949031 0.0956068 0.1551618 0.1101017 0.1095723 0.1262295 0.1260626 0.1050242 0.1041037 0.1100738 0.1215807 0.1392309 0.1197942 0.1343555 0.1387000 0.1451006 0.1165805 0.1441574 0.1143398 0.1440057 0.1351252 0.1283274 0.1297130 0.1421768 0.0956883 0.1432609 0.1185341 0.1008864 0.1258502 0.1326036 0.0892611 0.1417927 0.1460969 0.0867910 0.1097241 0.1173609 0.1218669 0.1298438 0.1269142 0.1302051 0.1199497 0.1428852 0.1326340 0.1240834 0.1445568 0.0879241 0.1254746 0.1525205 0.1319013 0.0975181 0.0844347 0.0862757 0.1584470 0.0795018 0.1081381 0.1257458 0.1361523 0.1269518 0.1045964 0.0939621 0.1218443 0.1165805 0.1380234 0.0858448 0.1213480 0.1379971 0.1282542 0.0873307 0.1339135 0.0909290 0.1233086 0.0807331 0.0912668 0.1378103 0.1434958 0.1339665 0.1001052 0.1057460 0.1539881 0.0941930 0.1246271 0.0482185 0.0977972 
S0400         0.3124911 0.0831307 0.0804409 0.1024177 0.1039886 0.0132632 0.1122626 0.0938295 0.1003957 0.0232414 0.0987714 0.1049254 0.1170299 0.1233910 0.1065534 0.1216630 0.0918466 0.1218729 0.1311324 0.1193135 0.0878421 0.0000000 0.0126981 0.1103633 0.0837995 0.0845220 0.0723052 0.1163492 0.0889068 0.1196716 0.0944938 0.1174311 0.0868722 0.1319904 0.1105704 0.0980220 0.0592460 0.0235723 0.1054881 0.0810574 0.1108654 0.0611140 0.0170931 0.0867257 0.1188358 0.1338341 0.0884552 0.1192911 0.0953821 0.0251523 0.1266279 0.0699719 0.0080209 0.0687899 0.0707448 0.1378360 0.0918530 0.0809399 0.1196170 0.0994110 0.0778118 0.0797152 0.0936913 0.0980236 0.1212523 0.1029889 0.1175474 0.1181706 0.1100130 0.1033928 0.1253644 0.0913851 0.1297535 0.1277279 0.1153507 0.1097259 0.1358310 0.0701245 0.1319136 0.0830247 0.0856341 0.0995918 0.1232975 0.0746723 0.1210231 0.1366023 0.0109775 0.0638255 0.1002717 0.0892327 0.0979384 0.1033860 0.1223382 0.0867967 0.1057371 0.1034245 0.1122203 0.1234622 0.0174414 0.1124626 0.1371386 0.1075956 0.0180179 0.0150655 0.0590375 0.1351430 0.0574153 0.0795105 0.1021170 0.1085794 0.1021272 0.0584159 0.0686961 0.0961816 0.1033928 0.1092263 0.0133118 0.1097341 0.1092059 0.1125404 0.0344674 0.1044027 0.0383037 0.0880427 0.0382007 0.0615460 0.1250029 0.1227353 0.1111101 0.0835227 0.0811701 0.1384006 0.0727607 0.1171341 0.0874282 0.0759565 
S0405         0.3166321 0.0810170 0.0786367 0.1017173 0.1017673 0.0168024 0.1088912 0.0952517 0.0983163 0.0194965 0.0966486 0.1042248 0.1107692 0.1190016 0.1057058 0.1171132 0.0919928 0.1196629 0.1189622 0.1125755 0.0862298 0.0126981 0.0000000 0.1111833 0.0809590 0.0845240 0.0716166 0.1174237 0.0879227 0.1136814 0.0921774 0.1166448 0.0853326 0.1284479 0.1007733 0.0964307 0.0565936 0.0210883 0.1040327 0.0835518 0.1117271 0.0605303 0.0210601 0.0866102 0.1142771 0.1330830 0.0864470 0.1132891 0.0908066 0.0215534 0.1257780 0.0692894 0.0150482 0.0681076 0.0693689 0.1370238 0.0925263 0.0825451 0.1180382 0.1017306 0.0793123 0.0776367 0.0926677 0.0913246 0.1197003 0.1014266 0.1167603 0.1189168 0.1032129 0.1011906 0.1230076 0.0899710 0.1273729 0.1270605 0.1153301 0.1113667 0.1343102 0.0694404 0.1319040 0.0809541 0.0826946 0.0954256 0.1188983 0.0719422 0.1172877 0.1334856 0.0127486 0.0611900 0.0966693 0.0898014 0.1001738 0.1057782 0.1143415 0.0876013 0.1059130 0.1019292 0.1069339 0.1188636 0.0150783 0.1101102 0.1340358 0.1054196 0.0204177 0.0121201 0.0590384 0.1344010 0.0547750 0.0774214 0.0982976 0.1046919 0.1006996 0.0551539 0.0673488 0.0961632 0.1011906 0.1086076 0.0121471 0.1074954 0.1052939 0.1088372 0.0319488 0.1042285 0.0345683 0.0895904 0.0344091 0.0603061 0.1204400 0.1197350 0.1120418 0.0814358 0.0790837 0.1346692 0.0727586 0.1141700 0.0846098 0.0759256 
S0407sl       0.3431326 0.1288450 0.1238228 0.0544922 0.1438625 0.1134325 0.1640570 0.0501781 0.1366260 0.1202019 0.1596267 0.0660120 0.1613080 0.1602478 0.0610578 0.1647582 0.0646595 0.1528523 0.1453357 0.1627854 0.1375571 0.1103633 0.1111833 0.0000000 0.1408240 0.0467173 0.1114136 0.1624546 0.0438588 0.1632037 0.0488065 0.1347024 0.1347896 0.1746856 0.1569384 0.0499925 0.1269264 0.1196277 0.0564585 0.0786840 0.1041239 0.1112190 0.1374667 0.1242890 0.1648509 0.1632460 0.1441315 0.1676794 0.1189011 0.1139553 0.1372570 0.1068851 0.1108552 0.1079383 0.1085568 0.1668054 0.1345019 0.0791533 0.1551665 0.0893758 0.0728757 0.1136590 0.0414750 0.1274964 0.1439694 0.1266969 0.1390742 0.1422704 0.1668257 0.1431343 0.1632196 0.1424404 0.1720001 0.1645588 0.1343059 0.1337531 0.1640641 0.1087251 0.1603198 0.0655136 0.1127890 0.1292199 0.1594880 0.1494270 0.1582269 0.1650836 0.1067610 0.1311012 0.1339646 0.0398488 0.0896926 0.0956550 0.1496612 0.0726726 0.0596507 0.1394574 0.1542050 0.1687686 0.1153703 0.1507835 0.1650030 0.1430463 0.1185650 0.1114236 0.1166171 0.1753836 0.1196280 0.0778709 0.1359137 0.1519546 0.0586042 0.1234245 0.1052484 0.0241198 0.1431343 0.1031758 0.1108960 0.1464588 0.1554983 0.1434952 0.1188713 0.0662734 0.1193767 0.0778871 0.1094779 0.1153901 0.1577640 0.1563666 0.0957673 0.1097580 0.1146197 0.1671704 0.1093355 0.1462089 0.1372945 0.1165107 
S0412sl       0.3257678 0.1085873 0.1163822 0.1358141 0.1311382 0.0865926 0.1217999 0.1274021 0.1252236 0.0853119 0.1220603 0.1382174 0.1297428 0.1427800 0.1324845 0.1399172 0.1206598 0.1436001 0.1672541 0.1351522 0.1112748 0.0837995 0.0809590 0.1408240 0.0000000 0.1120706 0.1017320 0.1411866 0.1218075 0.1363594 0.1235304 0.1387307 0.1065459 0.1610859 0.1121326 0.1260679 0.0875403 0.0914792 0.1358075 0.1128535 0.1362619 0.0840795 0.0909461 0.1109989 0.1362916 0.1626363 0.0843926 0.1401519 0.1234359 0.0807999 0.1401130 0.0997618 0.0844079 0.1000303 0.1013951 0.1552854 0.1208321 0.1101422 0.1379456 0.1285838 0.1049943 0.1088036 0.1203751 0.1197474 0.1423726 0.1222514 0.1372033 0.1399852 0.1364205 0.1251559 0.1546395 0.1243836 0.1573162 0.1666516 0.1342060 0.1335505 0.1624576 0.1007462 0.1588724 0.1038090 0.1071559 0.1303966 0.1513388 0.1004977 0.1407036 0.1608384 0.0785102 0.0963477 0.1270429 0.1191215 0.1285498 0.1351923 0.1406940 0.1118484 0.1365703 0.1364735 0.1294375 0.1477531 0.0832406 0.1429583 0.1663380 0.1318401 0.0882025 0.0824929 0.0890131 0.1533092 0.0874094 0.1075467 0.1329765 0.1326337 0.1318080 0.0876530 0.0991645 0.1208608 0.1251559 0.1449973 0.0827251 0.1304394 0.1361441 0.1361309 0.0848428 0.1357048 0.0830173 0.1165593 0.0716652 0.0893438 0.1488300 0.1466468 0.1341931 0.1084322 0.1103968 0.1650002 0.0985488 0.1403664 0.1071350 0.1031585 
S0417         0.3357669 0.1053143 0.0962356 0.0443554 0.1232464 0.0850830 0.1326035 0.0437076 0.1070502 0.0947437 0.1281424 0.0551757 0.1291328 0.1322666 0.0491626 0.1349793 0.0384943 0.1291628 0.1353917 0.1350196 0.1169240 0.0845220 0.0845240 0.0467173 0.1120706 0.0000000 0.0915322 0.1452280 0.0300037 0.1361979 0.0538648 0.1126740 0.1132113 0.1454527 0.1242295 0.0416188 0.0997729 0.0903836 0.0435259 0.0530030 0.0805754 0.0849357 0.0983858 0.1037598 0.1339549 0.1402758 0.1077317 0.1368502 0.0993189 0.0849682 0.1271520 0.0890231 0.0857051 0.0885030 0.0905594 0.1324304 0.1098877 0.0515253 0.1369633 0.0655582 0.0471775 0.0858139 0.0342548 0.1126633 0.1202886 0.0991778 0.1172807 0.1185189 0.1410960 0.1207357 0.1341219 0.1076549 0.1496793 0.1430024 0.1088251 0.1044601 0.1432186 0.0884917 0.1392529 0.0501254 0.0838758 0.1036225 0.1368556 0.1243496 0.1329668 0.1416473 0.0806672 0.1048133 0.1111775 0.0329848 0.0673642 0.0742140 0.1344129 0.0517614 0.0490793 0.1165251 0.1286299 0.1401079 0.0874814 0.1333938 0.1431524 0.1158966 0.0910420 0.0839877 0.0876112 0.1460475 0.0999634 0.0535652 0.1095710 0.1163426 0.0520189 0.0972364 0.0883592 0.0357940 0.1207357 0.0777639 0.0833891 0.1243843 0.1218655 0.1173703 0.0906010 0.0521880 0.0953604 0.0573874 0.0823815 0.0858169 0.1282434 0.1300610 0.0747778 0.0805758 0.0866041 0.1488681 0.0898975 0.1157558 0.1209982 0.0839258 
S0419         0.3253677 0.0908926 0.0257460 0.1052304 0.0582546 0.0756979 0.1107902 0.0990601 0.0780854 0.0788407 0.1140965 0.1094748 0.1079214 0.1209874 0.1121969 0.1188969 0.1007853 0.1116404 0.1132476 0.1148050 0.0958549 0.0723052 0.0716166 0.1114136 0.1017320 0.0915322 0.0000000 0.1291956 0.0914288 0.1141779 0.1005850 0.1073328 0.0970800 0.1256294 0.1002870 0.1031984 0.0858033 0.0777327 0.1049372 0.0870560 0.1183934 0.0643529 0.0812007 0.0433297 0.1162852 0.1295730 0.1045813 0.1169592 0.0996662 0.0713508 0.1164648 0.0097571 0.0742708 0.0091962 0.0103503 0.1215555 0.0494644 0.0860319 0.1133068 0.1062630 0.0849063 0.0675302 0.0971471 0.1002817 0.1145929 0.0941210 0.1106161 0.1104851 0.1224172 0.0518802 0.1276104 0.0969306 0.1287107 0.1153598 0.1112628 0.1084205 0.1332583 0.0097765 0.1272487 0.0870639 0.0818805 0.0852139 0.1108821 0.1019468 0.0982100 0.1333249 0.0713009 0.0934276 0.0912250 0.0950231 0.1059889 0.1142423 0.1158392 0.0894333 0.1155684 0.1032010 0.1080999 0.1224300 0.0737819 0.1112512 0.1295201 0.0865965 0.0814091 0.0703907 0.0763921 0.1162971 0.0801200 0.0828474 0.0818426 0.0887400 0.1069424 0.0882277 0.0097636 0.0996141 0.0518802 0.1167323 0.0725682 0.0553646 0.0898540 0.1019777 0.0758977 0.1121843 0.0836213 0.0958716 0.0731612 0.0681079 0.1170603 0.1111969 0.1161111 0.0762641 0.0682777 0.1405239 0.0320569 0.1035531 0.0991399 0.0636693 
S0427         0.4063067 0.1343861 0.1425793 0.1592114 0.1510783 0.1224017 0.1660775 0.1475489 0.1560690 0.1233932 0.1632253 0.1643051 0.1702978 0.1755370 0.1525812 0.1739640 0.1500160 0.1612985 0.1787208 0.1703878 0.0707712 0.1163492 0.1174237 0.1624546 0.1411866 0.1452280 0.1291956 0.0000000 0.1472963 0.1684073 0.1603657 0.1595353 0.1410746 0.1719056 0.1660255 0.1498290 0.1275350 0.1271444 0.1552698 0.1498002 0.1672789 0.1194029 0.1288351 0.1327271 0.1732904 0.1871564 0.1471797 0.1733741 0.1563871 0.1169637 0.1702860 0.1254468 0.1186933 0.1273236 0.1287521 0.1808692 0.1394197 0.1387741 0.1588826 0.1596262 0.1375452 0.1258335 0.1508723 0.1509998 0.1683500 0.1455358 0.1619240 0.1617818 0.1674012 0.1449587 0.1799577 0.1428118 0.1780233 0.1653948 0.1490745 0.1492724 0.1819129 0.1271880 0.1791602 0.1626874 0.1265025 0.1536498 0.1690946 0.1223761 0.1661276 0.1836115 0.1149450 0.1379575 0.1388277 0.1464985 0.1592592 0.1688276 0.1649974 0.1491525 0.1613855 0.1547473 0.1612910 0.1778212 0.1175784 0.1537923 0.1786932 0.1592596 0.1244581 0.1141942 0.1152791 0.1858310 0.1133826 0.1386603 0.1574769 0.1682533 0.1453819 0.1323208 0.1248039 0.1504474 0.1449587 0.1707214 0.1155101 0.1481867 0.1590199 0.1608357 0.1199215 0.1583375 0.1201624 0.1452653 0.1111226 0.1245038 0.1638592 0.1669674 0.1667848 0.1295823 0.1275146 0.1787856 0.1282529 0.1593426 0.0773897 0.1271667 
S0428sl       0.3679601 0.1092572 0.1012752 0.0432844 0.1207608 0.0926305 0.1402108 0.0440793 0.1246511 0.1004400 0.1486918 0.0518900 0.1374989 0.1385149 0.0471262 0.1414566 0.0464709 0.1313863 0.1327688 0.1407617 0.1093276 0.0889068 0.0879227 0.0438588 0.1218075 0.0300037 0.0914288 0.1472963 0.0000000 0.1397229 0.0427500 0.1260356 0.1155817 0.1463338 0.1265497 0.0435146 0.1034258 0.0907202 0.0439934 0.0576972 0.0854509 0.0901692 0.1040508 0.1039153 0.1345933 0.1403687 0.1215408 0.1402551 0.1171120 0.0903961 0.1299365 0.0870870 0.0885832 0.0861885 0.0881961 0.1469298 0.1157902 0.0579985 0.1484923 0.0747713 0.0534478 0.0993784 0.0388416 0.1183435 0.1290764 0.1109047 0.1208111 0.1272313 0.1473477 0.1221220 0.1467969 0.1233594 0.1559916 0.1362744 0.1231944 0.1207838 0.1401217 0.0892122 0.1357561 0.0577632 0.0983911 0.1125031 0.1444335 0.1262106 0.1507456 0.1426484 0.0845365 0.1073173 0.1162660 0.0335635 0.0746398 0.0844115 0.1357334 0.0595576 0.0464943 0.1179384 0.1256947 0.1430818 0.0928176 0.1435786 0.1450787 0.1312974 0.0969398 0.0898795 0.0951131 0.1682210 0.1015610 0.0545863 0.1248812 0.1377682 0.0537080 0.1033970 0.0851542 0.0420615 0.1221220 0.0872798 0.0911911 0.1258448 0.1437465 0.1224000 0.0941347 0.0557878 0.0945369 0.0647290 0.0898719 0.0938408 0.1395347 0.1356431 0.0746025 0.0942089 0.1025197 0.1535726 0.0922132 0.1268541 0.1152536 0.1030020 
