122
PAFTOL_019361 0.0000000 0.1559941 0.1262145 0.1531385 0.1382701 0.1377206 0.1819153 0.1595846 0.1280056 0.1278287 0.1530307 0.1086207 0.1912337 0.1656364 0.1386465 0.1768220 0.1630937 0.1402609 0.1518762 0.1262363 0.1255225 0.1084536 0.1194024 0.1377657 0.1311493 0.1270225 0.1766412 0.1197145 0.1499618 0.1372625 0.1720740 0.1264609 0.1452420 0.1198062 0.1325343 0.1214568 0.1378360 0.1130729 0.1134266 0.1518498 0.1702944 0.1481671 0.1440653 0.1588125 0.1510927 0.1252892 0.1262363 0.1311006 0.1252892 0.1756031 0.1723930 0.1323268 0.1771223 0.1375890 0.1703101 0.1636111 0.1662835 0.1506575 0.1424635 0.1318666 0.1311493 0.1124204 0.1923524 0.1689406 0.1609716 0.1617697 0.1227268 0.1132747 0.1497107 0.1543437 0.1262629 0.1941885 0.1313884 0.1299756 0.1435791 0.1319515 0.1395483 0.1363060 0.1496351 0.1322899 0.1323760 0.1265473 0.1535400 0.1900565 0.1248494 0.1615082 0.1262363 0.1661484 0.1577864 0.1269570 0.1141135 0.1111633 0.1278521 0.1169303 0.1378745 0.1401433 0.1467541 0.1519893 0.1329469 0.1195436 0.1311493 0.1323612 0.1313884 0.1317530 0.1246022 0.1263122 0.1326493 0.1327066 0.1417004 0.1266108 0.1587558 0.1196635 0.1483234 0.1702655 0.1261554 0.1545546 0.1426706 0.1490260 0.1311006 0.1196193 0.1125553 0.1312911 
S0055         0.1559941 0.0000000 0.0754983 0.1199632 0.0749415 0.0600819 0.1067147 0.1357994 0.0930947 0.0646993 0.1036918 0.1221922 0.1182671 0.1274089 0.1058729 0.1202206 0.1088085 0.0561278 0.0863502 0.0534056 0.0648982 0.1108201 0.0650993 0.0953410 0.0683154 0.0722056 0.1169305 0.0839110 0.1023030 0.0828039 0.1177667 0.1155457 0.0758703 0.0668066 0.1189755 0.1007702 0.0947759 0.0694498 0.0574134 0.0859332 0.1180317 0.1261758 0.0714653 0.1210635 0.0666884 0.0662505 0.0513205 0.0682963 0.0640639 0.1082925 0.1005821 0.1102454 0.1386681 0.0763224 0.0914751 0.1250254 0.0965865 0.1039486 0.0943459 0.0956638 0.0880010 0.1075844 0.0971825 0.1306152 0.0712237 0.1385697 0.1253273 0.0706665 0.1356194 0.1084218 0.1244482 0.1265350 0.0734494 0.1041452 0.1272491 0.0553183 0.0597875 0.1083568 0.1190862 0.0953340 0.0976880 0.0979178 0.1226845 0.1314465 0.1043857 0.4385486 0.0595810 0.1242494 0.1219781 0.1073218 0.0623003 0.0519726 0.0356065 0.1230396 0.0552756 0.0934733 0.0998660 0.1275261 0.0512538 0.0685429 0.0882189 0.1100854 0.0598892 0.0952520 0.0952320 0.0989913 0.0559552 0.1247156 0.0602993 0.1100053 0.0510669 0.0619014 0.1105224 0.1222541 0.0999558 0.0997164 0.0920859 0.1058996 0.0725620 0.0996538 0.0720857 0.0757678 
S0196sl       0.1262145 0.0754983 0.0000000 0.0827789 0.0684827 0.0812208 0.0793910 0.0872675 0.0498902 0.0719962 0.1097146 0.0774703 0.0916045 0.1040482 0.0751396 0.0935257 0.0690724 0.0467658 0.0991531 0.0717394 0.0841281 0.0714783 0.0632748 0.0630319 0.0130900 0.0844332 0.0900785 0.0640380 0.0650022 0.1034017 0.0958399 0.0702397 0.0910057 0.0742055 0.0729152 0.0696926 0.0583623 0.0725154 0.0390312 0.0417237 0.0913934 0.1128959 0.0763741 0.0881893 0.0767162 0.0150157 0.0739921 0.0169053 0.0131041 0.0839605 0.0494074 0.0673286 0.1104917 0.0412390 0.0707917 0.0826346 0.0666861 0.0638653 0.0579918 0.0899550 0.0419350 0.1004008 0.0882859 0.1033173 0.0674201 0.1052040 0.1129988 0.0111684 0.1118499 0.0702249 0.0813474 0.0972739 0.0814277 0.0781619 0.1125807 0.0736952 0.0830511 0.0677210 0.0775766 0.0608227 0.0608375 0.0644351 0.0732237 0.1090240 0.0719924 0.3860761 0.0782066 0.0912800 0.0949971 0.0605605 0.0739877 0.0680374 0.0715531 0.0834277 0.0692099 0.0633349 0.0629008 0.0874503 0.0784286 0.0169612 0.0420349 0.0632304 0.0782722 0.0548300 0.0607166 0.0680539 0.0742174 0.0847963 0.0723757 0.0716118 0.0691867 0.0584064 0.0862176 0.1077447 0.0607314 0.0583927 0.0559906 0.0656321 0.0327304 0.0637397 0.0792529 0.0473185 
S0278         0.1531385 0.1199632 0.0827789 0.0000000 0.1127319 0.1092536 0.1107702 0.0568879 0.0888954 0.1174660 0.1406629 0.0599024 0.1113392 0.1282544 0.0437863 0.1081480 0.0711054 0.0625766 0.1167505 0.1011036 0.1117489 0.0784904 0.1081406 0.0526060 0.0751944 0.1025497 0.1048606 0.0756308 0.1060213 0.1322275 0.0950906 0.0487912 0.1281922 0.1172284 0.0531926 0.0791179 0.0618650 0.1098183 0.0746198 0.0880149 0.1059357 0.1396363 0.1115462 0.1059804 0.1144482 0.0730426 0.1036000 0.0751729 0.0707494 0.1243526 0.1068482 0.0837795 0.1108832 0.0743741 0.1105830 0.1237333 0.1050376 0.1104118 0.0896799 0.1049653 0.1122362 0.1249702 0.0958780 0.1166836 0.0792550 0.1467182 0.1440141 0.0776747 0.1583933 0.1045997 0.1058682 0.1078300 0.1098562 0.1026411 0.1517230 0.1031545 0.1060866 0.1145090 0.0457427 0.0620905 0.0621059 0.0765108 0.0394903 0.1204213 0.0968135 0.4536244 0.1007971 0.1020387 0.1298049 0.1009599 0.1142283 0.0947845 0.1146471 0.1195458 0.1007350 0.0892615 0.0934018 0.0439242 0.1055945 0.0754549 0.1125332 0.0663326 0.1138543 0.1175510 0.0909819 0.1001961 0.1044798 0.0576509 0.1046768 0.0788558 0.1080072 0.0986750 0.1101336 0.1323802 0.0598655 0.1057838 0.0851976 0.1044596 0.0919062 0.1034656 0.1130146 0.0762038 
S0281         0.1382701 0.0749415 0.0684827 0.1127319 0.0000000 0.0923922 0.0936521 0.1368476 0.0803554 0.0928312 0.1223487 0.1178688 0.1084346 0.1141910 0.1084193 0.1005354 0.1069545 0.0573608 0.1132927 0.0824449 0.0955056 0.1015719 0.0881220 0.0978086 0.0569226 0.0954250 0.1019904 0.0751764 0.0952758 0.1103703 0.1083273 0.1138180 0.1068347 0.0902055 0.1067205 0.1061239 0.0924298 0.0878333 0.0488226 0.0770004 0.1032372 0.1374330 0.0947404 0.1030153 0.0828527 0.0548400 0.0801578 0.0569062 0.0526600 0.1165939 0.0913772 0.1083985 0.1153698 0.0712856 0.0819620 0.1148726 0.0941300 0.0964250 0.0893683 0.0778684 0.0765096 0.1129200 0.0823439 0.1181485 0.0627879 0.1374546 0.1448573 0.0592452 0.1494537 0.0931663 0.1072192 0.1039499 0.0871808 0.0985256 0.1464413 0.0821150 0.0848005 0.1031333 0.1118861 0.1001936 0.1002208 0.1033435 0.1158736 0.1200315 0.0910385 0.4443094 0.0844585 0.1040582 0.1281680 0.0920178 0.0897340 0.0763363 0.0729546 0.1123318 0.0797670 0.0853508 0.0847374 0.1283643 0.0847037 0.0571124 0.0765096 0.1030330 0.0896519 0.0766473 0.0824010 0.0967047 0.0806604 0.1196273 0.0950839 0.1131436 0.0820632 0.0918926 0.1139794 0.1457157 0.1028095 0.0949284 0.0848874 0.0988150 0.0633679 0.0973676 0.0944355 0.0684110 
S0282         0.1377206 0.0600819 0.0812208 0.1092536 0.0923922 0.0000000 0.1190934 0.1276200 0.0971828 0.0189531 0.0896182 0.1139745 0.1358690 0.1486099 0.1027573 0.1351434 0.1081516 0.0514071 0.0849310 0.0112300 0.0250503 0.1217183 0.0638628 0.1017831 0.0738043 0.0710287 0.1319013 0.0738794 0.1015099 0.0864996 0.1351600 0.1050181 0.0456112 0.0269338 0.1024390 0.1049702 0.1012046 0.0612256 0.0251863 0.0894228 0.1328922 0.1156148 0.0703364 0.1285071 0.0227846 0.0716947 0.0131365 0.0737835 0.0694484 0.1252294 0.1019072 0.1121598 0.1459655 0.0821539 0.1096521 0.1194807 0.0957383 0.1081047 0.0956839 0.0585179 0.0917404 0.1042867 0.0820368 0.1460841 0.0617557 0.1380414 0.1165464 0.0762304 0.1245825 0.1027468 0.1216520 0.1311936 0.0558443 0.1060726 0.1190691 0.0130888 0.0328805 0.1079202 0.1185544 0.0993306 0.0993573 0.0946356 0.1144373 0.1327873 0.1220296 0.4365425 0.0207781 0.1367161 0.1193325 0.1092876 0.0209334 0.0171854 0.0513285 0.1253375 0.0367893 0.1000061 0.1016796 0.1193781 0.0412393 0.0740557 0.0889849 0.1119942 0.0208776 0.0991253 0.1018084 0.1007794 0.0210023 0.1129696 0.0416165 0.1069442 0.0410749 0.0563388 0.1100275 0.1270146 0.0991775 0.1037076 0.0983331 0.1074519 0.0781531 0.1014055 0.0708277 0.0815447 
S0288         0.1819153 0.1067147 0.0793910 0.1107702 0.0936521 0.1190934 0.0000000 0.1335485 0.0807028 0.1197148 0.1452489 0.1215813 0.0305131 0.0608948 0.1100430 0.0262021 0.0971706 0.0613608 0.1445809 0.1048561 0.1174215 0.1049154 0.1043394 0.0955235 0.0668898 0.1225876 0.0244577 0.1002389 0.0822222 0.1307612 0.0603521 0.1153622 0.1328555 0.1248614 0.1122679 0.0881864 0.0871113 0.1178722 0.0673119 0.0913044 0.0241818 0.1375842 0.1052332 0.0252433 0.1104648 0.0646728 0.1053137 0.0668697 0.0623296 0.1139304 0.1019944 0.0955338 0.0712081 0.0779522 0.0357779 0.0977020 0.0917642 0.0877027 0.0787499 0.1016282 0.0982583 0.1242058 0.0667136 0.0718058 0.0865151 0.1113748 0.1507622 0.0694087 0.1564219 0.0872368 0.1085603 0.0690387 0.1082823 0.0974464 0.1552893 0.1099776 0.1130124 0.0908527 0.1098623 0.1001688 0.1001971 0.0846562 0.1139929 0.0804582 0.0125604 0.3521344 0.1100387 0.0656903 0.0891850 0.0903082 0.1216820 0.1095037 0.1001031 0.1035425 0.1022251 0.0731095 0.0803550 0.1132163 0.0996473 0.0671289 0.0959434 0.1083329 0.1159387 0.1036155 0.0828716 0.0903226 0.1140828 0.1214341 0.1036577 0.0953162 0.1124668 0.1130955 0.0897568 0.1185351 0.0894999 0.0823366 0.0924934 0.0960810 0.0787067 0.0829235 0.1235841 0.0773691 
S0289         0.1595846 0.1357994 0.0872675 0.0568879 0.1368476 0.1276200 0.1335485 0.0000000 0.0811292 0.1274973 0.1521108 0.0660057 0.1340884 0.1340514 0.0350952 0.1305824 0.0804930 0.0679658 0.1177881 0.1190434 0.1274044 0.0700516 0.1239445 0.0546072 0.0870173 0.1229485 0.1300875 0.0645407 0.1150393 0.1485784 0.1331827 0.0521872 0.1472544 0.1298640 0.0684515 0.0783873 0.0683594 0.1230774 0.0798389 0.1058165 0.1282901 0.1814841 0.1300161 0.1348671 0.1383921 0.0848267 0.1216410 0.0869925 0.0824621 0.1328016 0.1095403 0.0876366 0.1505973 0.0858517 0.1238133 0.1313353 0.1195425 0.1264255 0.1045378 0.1269979 0.1220259 0.1456318 0.1249121 0.1336893 0.0960087 0.1583462 0.1651121 0.0821033 0.1796416 0.1283914 0.1104406 0.1372141 0.1334531 0.1049498 0.1692150 0.1211060 0.1294540 0.1035161 0.0503649 0.0686108 0.0686281 0.0708332 0.0453641 0.1456511 0.1168193 0.4564494 0.1263503 0.1338526 0.1321666 0.0929134 0.1241562 0.1149074 0.1255808 0.1158391 0.1210980 0.0866724 0.0932156 0.0329440 0.1236337 0.0873261 0.1223496 0.0728794 0.1264129 0.1327189 0.0883152 0.1003620 0.1277534 0.0735907 0.1202464 0.0780769 0.1108665 0.1086411 0.1229317 0.1322272 0.0734972 0.1213458 0.1016000 0.1253650 0.1067800 0.0982487 0.1145908 0.0953409 
S0292         0.1280056 0.0930947 0.0498902 0.0888954 0.0803554 0.0971828 0.0807028 0.0811292 0.0000000 0.0923573 0.1191834 0.0762815 0.0876071 0.0925802 0.0712710 0.0848535 0.0634388 0.0424182 0.1079887 0.0871040 0.1026912 0.0752273 0.0851615 0.0636042 0.0476329 0.0999159 0.0813317 0.0597800 0.0704027 0.1172711 0.0926127 0.0781723 0.1099455 0.0944559 0.0904391 0.0684810 0.0654069 0.0927206 0.0348605 0.0711996 0.0827233 0.1385138 0.0946778 0.0816407 0.1019501 0.0456052 0.0894803 0.0476192 0.0435019 0.0897887 0.0828495 0.0705722 0.1040112 0.0460737 0.0693851 0.0863759 0.0697021 0.0738163 0.0679050 0.0859014 0.0755934 0.1101279 0.0827778 0.1050300 0.0584028 0.1124276 0.1314029 0.0412734 0.1419914 0.0833050 0.0632223 0.0981570 0.0949342 0.0516810 0.1331849 0.0891079 0.1013221 0.0479974 0.0788245 0.0655026 0.0679755 0.0560767 0.0767050 0.1027073 0.0780880 0.3669188 0.0914041 0.0852413 0.0690345 0.0131006 0.0894750 0.0856203 0.0894307 0.0500391 0.0866367 0.0190218 0.0150458 0.0835559 0.0964145 0.0477879 0.0732020 0.0749880 0.0939454 0.0821139 0.0414428 0.0542738 0.0946504 0.0878060 0.0902096 0.0704272 0.0865765 0.0798138 0.0606451 0.0786795 0.0682920 0.0729022 0.0609847 0.0784912 0.0651418 0.0500519 0.0898209 0.0457656 
S0293         0.1278287 0.0646993 0.0719962 0.1174660 0.0928312 0.0189531 0.1197148 0.1274973 0.0923573 0.0000000 0.1027040 0.1138696 0.1418892 0.1492603 0.1107214 0.1411242 0.1160929 0.0519188 0.0930361 0.0151083 0.0291720 0.1215868 0.0594259 0.1096584 0.0741351 0.0782619 0.1379074 0.0697259 0.1069140 0.0916276 0.1358440 0.1049251 0.0500482 0.0209920 0.1087222 0.1022847 0.1090293 0.0704245 0.0168151 0.0922846 0.1388505 0.1247682 0.0750685 0.1346435 0.0230250 0.0720156 0.0170423 0.0741142 0.0697579 0.1310655 0.1049894 0.1094254 0.1522315 0.0845786 0.1050063 0.1225288 0.1010003 0.1136939 0.1009438 0.0713789 0.0921725 0.1153983 0.0944566 0.1495000 0.0730594 0.1440775 0.1250736 0.0672820 0.1327069 0.1055941 0.1222536 0.1342742 0.0585670 0.1115300 0.1326990 0.0169798 0.0330164 0.1003507 0.1269045 0.1071552 0.1071845 0.0919813 0.1143315 0.1334585 0.1253869 0.4139840 0.0247785 0.1231385 0.1215578 0.1043417 0.0170413 0.0191784 0.0491987 0.1201916 0.0369422 0.1053461 0.1045645 0.1277993 0.0392907 0.0743890 0.0893996 0.1150332 0.0208776 0.0995984 0.1046218 0.1012804 0.0209951 0.1247429 0.0438762 0.1042546 0.0454089 0.0607837 0.1157334 0.1329551 0.1069897 0.1091323 0.1012665 0.1054255 0.0785053 0.1016336 0.0731199 0.0865781 
S0294         0.1530307 0.1036918 0.1097146 0.1406629 0.1223487 0.0896182 0.1452489 0.1521108 0.1191834 0.1027040 0.0000000 0.1429438 0.1509146 0.1703233 0.1225570 0.1500780 0.1220048 0.0634932 0.1192409 0.0872437 0.0931881 0.1265223 0.1008586 0.1078575 0.0990481 0.1065744 0.1520325 0.1030247 0.1287945 0.1240667 0.1446501 0.1356523 0.1101564 0.0952387 0.1437237 0.1213696 0.1208152 0.0826088 0.0632702 0.1272649 0.1477387 0.1667811 0.0930335 0.1515415 0.0992451 0.0992170 0.0896230 0.0989959 0.0967697 0.1435128 0.1342439 0.1288423 0.1652194 0.1056580 0.1338807 0.1433152 0.1205346 0.1311848 0.1205235 0.0486616 0.1291575 0.1396833 0.1004508 0.1587774 0.0786099 0.1776966 0.1584933 0.1041482 0.1708718 0.1284712 0.1449403 0.1456103 0.1044970 0.1386187 0.1636622 0.0845495 0.0943646 0.1380357 0.1303816 0.1129540 0.1129854 0.1216579 0.1407733 0.1628276 0.1278264 0.5221897 0.0940129 0.1545906 0.1582519 0.1295790 0.0948438 0.0837296 0.0905044 0.1406989 0.0892097 0.1171795 0.1238909 0.1432483 0.0824673 0.0914783 0.1295573 0.1297698 0.0921700 0.1427254 0.1289706 0.1218237 0.0951724 0.1444869 0.0880471 0.1285470 0.0798332 0.0773367 0.1515649 0.1553028 0.1157629 0.1292438 0.1150666 0.1362325 0.1110332 0.1171436 0.1061204 0.1127110 
S0299         0.1086207 0.1221922 0.0774703 0.0599024 0.1178688 0.1139745 0.1215813 0.0660057 0.0762815 0.1138696 0.1429438 0.0000000 0.1278726 0.1368291 0.0550160 0.1272410 0.0777880 0.0518213 0.1188166 0.1057455 0.1200044 0.0616188 0.1028489 0.0642615 0.0772519 0.1124552 0.1238900 0.0302171 0.1007340 0.1470467 0.1208761 0.0458157 0.1328558 0.1136421 0.0523742 0.0662633 0.0688101 0.1066413 0.0439425 0.1029660 0.1246896 0.1635299 0.1189873 0.1256279 0.1157185 0.0751013 0.1082589 0.0772299 0.0728034 0.1184845 0.1199191 0.0732270 0.1346904 0.0811549 0.1175714 0.1242116 0.0925680 0.1125981 0.0925514 0.1049035 0.1092737 0.1341320 0.0996317 0.1300872 0.0583199 0.1435356 0.1628502 0.0724934 0.1743303 0.1046182 0.1085387 0.1337303 0.1142982 0.1070964 0.1640902 0.1077917 0.1157794 0.1033310 0.0547203 0.0714395 0.0714577 0.0658309 0.0502655 0.1445368 0.1163893 0.4345161 0.1128211 0.1224606 0.1319168 0.0855958 0.1107010 0.0995195 0.1057039 0.1031949 0.1077436 0.0888894 0.0834821 0.0643438 0.1128752 0.0775204 0.1095606 0.0733917 0.1129193 0.1196822 0.0929621 0.1103943 0.1080331 0.0501483 0.1092640 0.0685116 0.1076666 0.0956664 0.1201166 0.1317860 0.0667979 0.1004761 0.0975528 0.1042120 0.0893407 0.1082784 0.1146765 0.0852389 
S0303         0.1912337 0.1182671 0.0916045 0.1113392 0.1084346 0.1358690 0.0305131 0.1340884 0.0876071 0.1418892 0.1509146 0.1278726 0.0000000 0.0707721 0.1167095 0.0130225 0.1040559 0.0724971 0.1561823 0.1246976 0.1343480 0.1161584 0.1269797 0.1025940 0.0792710 0.1325290 0.0131911 0.1070119 0.1046153 0.1425298 0.0657011 0.1193195 0.1367447 0.1415988 0.1192795 0.0951979 0.0916516 0.1268519 0.0781956 0.1084671 0.0111598 0.1575895 0.1176721 0.0096610 0.1299281 0.0816930 0.1222024 0.0838318 0.0793663 0.1332677 0.1085143 0.1022635 0.0644223 0.0903364 0.0579051 0.1087670 0.1061599 0.1050449 0.0953929 0.1100812 0.1131810 0.1452811 0.0571288 0.0769920 0.0877583 0.1317113 0.1646243 0.0863885 0.1796267 0.1048889 0.1177009 0.0715849 0.1200753 0.1143398 0.1722152 0.1267319 0.1271992 0.1079454 0.1160304 0.1013711 0.1042104 0.0946501 0.1231291 0.0923619 0.0058575 0.4287096 0.1268000 0.0680864 0.1093068 0.1051631 0.1384150 0.1239526 0.1207422 0.1155000 0.1066506 0.0934192 0.0975748 0.1249579 0.1140274 0.0841492 0.1109316 0.1120085 0.1327046 0.1210085 0.0951482 0.1032863 0.1284286 0.1303848 0.1182100 0.1020398 0.1214876 0.1195257 0.1130818 0.1252553 0.1017801 0.0948363 0.1069772 0.1189689 0.0954817 0.0981198 0.1383459 0.0896819 
S0308         0.1656364 0.1274089 0.1040482 0.1282544 0.1141910 0.1486099 0.0608948 0.1340514 0.0925802 0.1492603 0.1703233 0.1368291 0.0707721 0.0000000 0.1167171 0.0682039 0.1097665 0.0621017 0.1557179 0.1369367 0.1457315 0.1129151 0.1438658 0.1025965 0.0912463 0.1357422 0.0646255 0.0907896 0.1119664 0.1461499 0.0806019 0.1305970 0.1660507 0.1531042 0.1251360 0.0981100 0.0916504 0.1319720 0.0681365 0.1114900 0.0661292 0.1573145 0.1331124 0.0644576 0.1367772 0.0890536 0.1343544 0.0912205 0.0866760 0.1353732 0.1134341 0.1028109 0.1021525 0.0981623 0.0698443 0.1136151 0.1157222 0.1164000 0.1009374 0.1097084 0.1118771 0.1578796 0.0773499 0.0850096 0.0724240 0.1565442 0.1745285 0.0938490 0.1899808 0.1118762 0.1168036 0.0908717 0.1320491 0.1038967 0.1851629 0.1416481 0.1393800 0.1181289 0.1219765 0.1041849 0.1042131 0.0852486 0.1293898 0.1089788 0.0559053 0.4050775 0.1442223 0.0982512 0.1169384 0.1046011 0.1539636 0.1415345 0.1250400 0.1223306 0.1256095 0.0830678 0.0945956 0.1249691 0.1287023 0.0885385 0.1121660 0.1094596 0.1453331 0.1171134 0.0843822 0.1029264 0.1395825 0.1356727 0.1378826 0.0976853 0.1334639 0.1253194 0.1157378 0.1272044 0.1016796 0.1099991 0.1176882 0.1154028 0.1062673 0.0954541 0.1404395 0.0943213 
S0320         0.1386465 0.1058729 0.0751396 0.0437863 0.1084193 0.1027573 0.1100430 0.0350952 0.0712710 0.1107214 0.1225570 0.0550160 0.1167095 0.1167171 0.0000000 0.1134481 0.0659357 0.0521011 0.0940453 0.0948560 0.1002617 0.0700220 0.1000268 0.0372402 0.0677992 0.0933982 0.1127377 0.0547131 0.1000626 0.1198273 0.1035844 0.0459867 0.1158931 0.1079960 0.0502225 0.0761188 0.0547754 0.0905094 0.0690272 0.0905870 0.1112192 0.1454025 0.0996800 0.1114966 0.1078080 0.0656878 0.0972866 0.0677798 0.0634536 0.1164323 0.1036932 0.0782784 0.1294675 0.0668860 0.1019425 0.1233381 0.0937422 0.1018248 0.0848332 0.0903690 0.0951122 0.1150695 0.1003967 0.1063259 0.0784978 0.1425180 0.1336424 0.0702013 0.1443072 0.1039090 0.0919789 0.1125039 0.1028241 0.0913942 0.1354467 0.0968754 0.0997081 0.0977707 0.0372738 0.0549707 0.0549841 0.0710564 0.0414627 0.1172971 0.0965441 0.4477395 0.0969262 0.1122791 0.1047142 0.0780692 0.1076036 0.0884155 0.0928924 0.1049425 0.0944140 0.0715543 0.0756031 0.0229857 0.0944342 0.0680300 0.0953551 0.0569739 0.1072582 0.1050351 0.0755333 0.0888227 0.1030110 0.0485086 0.0932992 0.0734712 0.0825868 0.0853353 0.0983666 0.1233224 0.0619207 0.0926654 0.0821157 0.0985999 0.0864411 0.0894642 0.0932188 0.0709199 
S0322         0.1768220 0.1202206 0.0935257 0.1081480 0.1005354 0.1351434 0.0262021 0.1305824 0.0848535 0.1411242 0.1500780 0.1272410 0.0130225 0.0682039 0.1134481 0.0000000 0.0987909 0.0669372 0.1526263 0.1240413 0.1309262 0.1097267 0.1262998 0.0995370 0.0811806 0.1292601 0.0074539 0.1010338 0.1016870 0.1417581 0.0632039 0.1187359 0.1466149 0.1408368 0.1238059 0.0948162 0.0912238 0.1288548 0.0777349 0.1054665 0.0018303 0.1452937 0.1145993 0.0115712 0.1292409 0.0790343 0.1215602 0.0811577 0.0767316 0.1300325 0.1105106 0.1018517 0.0663582 0.0828571 0.0554426 0.1107678 0.1032407 0.1021021 0.0926089 0.1093044 0.1151288 0.1387313 0.0522015 0.0789015 0.0822735 0.1310486 0.1579679 0.0836823 0.1697589 0.1019535 0.1196386 0.0690578 0.1194443 0.1113202 0.1627144 0.1260661 0.1316764 0.1049633 0.1127933 0.0960870 0.0988646 0.0917650 0.1198490 0.0895632 0.0137445 0.4266856 0.1261335 0.0655605 0.1112743 0.1022161 0.1376744 0.1207170 0.1175667 0.1124410 0.1060999 0.0881289 0.0947112 0.1215884 0.1159241 0.0814625 0.1128844 0.1065270 0.1320000 0.1204332 0.0923097 0.1052824 0.1277451 0.1297394 0.1226895 0.1016300 0.1259223 0.1214965 0.1099840 0.1325514 0.1012999 0.0967728 0.0966573 0.1132473 0.0926954 0.0951717 0.1350067 0.0822653 
S0327         0.1630937 0.1088085 0.0690724 0.0711054 0.1069545 0.1081516 0.0971706 0.0804930 0.0634388 0.1160929 0.1220048 0.0777880 0.1040559 0.1097665 0.0659357 0.0987909 0.0000000 0.0669917 0.1126535 0.1002641 0.1088976 0.0821953 0.1037421 0.0538240 0.0598760 0.1045030 0.1002324 0.0783975 0.0930523 0.1295815 0.1059663 0.0705217 0.1212374 0.1158654 0.0773696 0.0542294 0.0604308 0.0934734 0.0674943 0.0865482 0.0966374 0.1359167 0.1031872 0.0986197 0.1131784 0.0599661 0.1026824 0.0620008 0.0578068 0.1153587 0.0938622 0.0562503 0.1178149 0.0654170 0.0923432 0.1103211 0.0946273 0.0946437 0.0853063 0.1092747 0.0940714 0.1162785 0.1085822 0.1086273 0.0767476 0.1201376 0.1325836 0.0643282 0.1458337 0.1015193 0.0888109 0.1147953 0.1036661 0.0853293 0.1289793 0.1022535 0.1074948 0.0914377 0.0589966 0.0538569 0.0538697 0.0513647 0.0689012 0.1221144 0.0848098 0.4330358 0.1023064 0.1145752 0.1102323 0.0745366 0.1129675 0.0944604 0.1033618 0.1032456 0.0927442 0.0592830 0.0632459 0.0733138 0.1001658 0.0622231 0.0943089 0.0653298 0.1101757 0.1038731 0.0698681 0.0848965 0.1084162 0.0800294 0.1012265 0.0561394 0.0926802 0.0808969 0.0990455 0.1109962 0.0584768 0.0905588 0.0785143 0.0893278 0.0800117 0.0801288 0.1017929 0.0627384 
S0345         0.1402609 0.0561278 0.0467658 0.0625766 0.0573608 0.0514071 0.0613608 0.0679658 0.0424182 0.0519188 0.0634932 0.0518213 0.0724971 0.0621017 0.0521011 0.0669372 0.0669917 0.0000000 0.0570397 0.0465041 0.0565200 0.0461751 0.0369687 0.0415811 0.0365151 0.0418940 0.0637444 0.0676104 0.0564314 0.0612807 0.0572086 0.0621614 0.0629612 0.0514622 0.0513974 0.0420394 0.0564068 0.0319229 0.0462523 0.0567364 0.0617776 0.1165242 0.0468363 0.0622751 0.0614958 0.0365151 0.0465041 0.0413237 0.0365151 0.0722271 0.0733077 0.0464689 0.0721594 0.0467041 0.0617373 0.0671116 0.0460116 0.0566432 0.0609375 0.0726624 0.0461915 0.0663773 0.0875488 0.0721725 0.0661388 0.0720599 0.0948795 0.0365151 0.1022297 0.0608680 0.0510472 0.0935207 0.0517467 0.0415857 0.0911967 0.0514071 0.0620063 0.0569585 0.0513786 0.0515909 0.0516197 0.0416186 0.0628487 0.0722594 0.0364015 0.0611850 0.0465041 0.0839794 0.0222555 0.0420877 0.0465041 0.0427695 0.0370026 0.0517431 0.0464516 0.0422456 0.0473727 0.0471614 0.0568888 0.0413263 0.0461915 0.0568166 0.0564783 0.0513483 0.0422314 0.0465312 0.0515260 0.0618326 0.0625395 0.0514850 0.0624235 0.0412651 0.0370964 0.0673117 0.0464786 0.0559093 0.0414897 0.0561169 0.0413237 0.0510590 0.0571352 0.0411473 
S0376         0.1518762 0.0863502 0.0991531 0.1167505 0.1132927 0.0849310 0.1445809 0.1177881 0.1079887 0.0930361 0.1192409 0.1188166 0.1561823 0.1557179 0.0940453 0.1526263 0.1126535 0.0570397 0.0000000 0.0779626 0.0881287 0.1187355 0.0899673 0.1029311 0.0911943 0.0503619 0.1494261 0.0797490 0.1252470 0.1067855 0.1378075 0.1120410 0.0954957 0.0928559 0.1197555 0.1113536 0.1096150 0.0851789 0.0629120 0.1075349 0.1502838 0.1571299 0.0974541 0.1493528 0.0897322 0.0890034 0.0780481 0.0911685 0.0866279 0.1371467 0.1126152 0.1161920 0.1635504 0.0948443 0.1312521 0.1448633 0.1162686 0.1282747 0.1113459 0.0845110 0.1127356 0.1318256 0.0932967 0.1611943 0.0624576 0.1591552 0.1506191 0.0937945 0.1652603 0.1303375 0.1357191 0.1509257 0.0996977 0.1114530 0.1555349 0.0799650 0.0872551 0.1320443 0.1181718 0.1127003 0.1127316 0.1058805 0.1193557 0.1418956 0.1423388 0.4322907 0.0800059 0.1543859 0.1325297 0.1204738 0.0901269 0.0720892 0.0802525 0.1275105 0.0845848 0.1110239 0.1125929 0.1065181 0.0871550 0.0891035 0.1156255 0.1207699 0.0898462 0.1232805 0.1151480 0.1174292 0.0856693 0.1168242 0.0804144 0.1106959 0.0797504 0.0801711 0.1300523 0.1537385 0.1108450 0.1175450 0.1115812 0.1273084 0.0957467 0.1156651 0.0551506 0.0947557 
S0400         0.1262363 0.0534056 0.0717394 0.1011036 0.0824449 0.0112300 0.1048561 0.1190434 0.0871040 0.0151083 0.0872437 0.1057455 0.1246976 0.1369367 0.0948560 0.1240413 0.1002641 0.0465041 0.0779626 0.0000000 0.0170807 0.1120815 0.0500772 0.0939691 0.0645810 0.0638818 0.1207436 0.0640278 0.0913612 0.0717709 0.1240599 0.0970767 0.0371012 0.0189480 0.0946285 0.0970352 0.0934407 0.0565315 0.0166387 0.0819622 0.1218245 0.1121619 0.0610840 0.1171041 0.0189189 0.0625089 0.0055467 0.0645628 0.0603232 0.1143594 0.0939855 0.1040848 0.1343804 0.0725503 0.1020568 0.1057107 0.0858328 0.0976365 0.0834821 0.0529043 0.0818690 0.1009940 0.0722472 0.1372502 0.0524507 0.1268472 0.1131869 0.0669244 0.1211149 0.0894496 0.1109562 0.1202947 0.0494933 0.0958381 0.1157441 0.0055269 0.0247653 0.0974758 0.1102564 0.0915691 0.0915932 0.0867904 0.1061695 0.1278299 0.1106825 0.4258892 0.0130268 0.1254622 0.1084825 0.0989000 0.0131221 0.0094043 0.0424326 0.1144556 0.0286074 0.0921825 0.0915160 0.1110103 0.0328761 0.0647966 0.0844453 0.1039343 0.0130879 0.0890439 0.0916328 0.0902699 0.0131650 0.1081376 0.0331714 0.0989989 0.0327467 0.0496435 0.0993514 0.1159616 0.0914290 0.0935264 0.0883429 0.0970617 0.0688357 0.0933014 0.0615002 0.0720209 
S0405         0.1255225 0.0648982 0.0841281 0.1117489 0.0955056 0.0250503 0.1174215 0.1274044 0.1026912 0.0291720 0.0931881 0.1200044 0.1343480 0.1457315 0.1002617 0.1309262 0.1088976 0.0565200 0.0881287 0.0170807 0.0000000 0.1155653 0.0616382 0.1041884 0.0765931 0.0761449 0.1303500 0.0798472 0.1070704 0.0795629 0.1336432 0.1057964 0.0480432 0.0271098 0.1115572 0.1107568 0.1019790 0.0683515 0.0298472 0.0925856 0.1286680 0.1284632 0.0708021 0.1241683 0.0290736 0.0744614 0.0190290 0.0765715 0.0721850 0.1288168 0.1049021 0.1180694 0.1465926 0.0851056 0.1135008 0.1255024 0.0988548 0.1114692 0.0987989 0.0529904 0.0893673 0.1069509 0.0779417 0.1418917 0.0672529 0.1418061 0.1192072 0.0790573 0.1272918 0.1060239 0.1275799 0.1296730 0.0609002 0.1116939 0.1216907 0.0189586 0.0351346 0.1136657 0.1210758 0.1024510 0.1024789 0.0999540 0.1118837 0.1376218 0.1171700 0.4446171 0.0228698 0.1351910 0.1198884 0.1150051 0.0270211 0.0172388 0.0539031 0.1282905 0.0390822 0.1027269 0.1072482 0.1167580 0.0413720 0.0768570 0.0920196 0.1152876 0.0269479 0.0967108 0.1047745 0.1008924 0.0231192 0.1193968 0.0440092 0.1102303 0.0392803 0.0610874 0.1156468 0.1331623 0.0991626 0.1069546 0.0983183 0.1107869 0.0809932 0.1065721 0.0712478 0.0844670 
S0407sl       0.1084536 0.1108201 0.0714783 0.0784904 0.1015719 0.1217183 0.1049154 0.0700516 0.0752273 0.1215868 0.1265223 0.0616188 0.1161584 0.1129151 0.0700220 0.1097267 0.0821953 0.0461751 0.1187355 0.1120815 0.1155653 0.0000000 0.1007553 0.0566503 0.0687033 0.0954944 0.1086376 0.0254259 0.1027155 0.1374913 0.1101901 0.0588385 0.1346908 0.1149592 0.0699054 0.0721569 0.0515520 0.1003184 0.0388139 0.0926265 0.1097301 0.1731012 0.1033029 0.1130974 0.1278417 0.0635589 0.1092555 0.0686807 0.0636908 0.1077470 0.1051119 0.0665750 0.1141859 0.0647663 0.0991560 0.1236260 0.1047258 0.1070840 0.0961292 0.0966891 0.0973064 0.1351078 0.0828170 0.1071366 0.0622760 0.1212255 0.1611331 0.0633849 0.1713440 0.0939636 0.1123036 0.1150498 0.1091620 0.0958376 0.1630336 0.1115394 0.1208325 0.1063614 0.0676461 0.0569018 0.0569179 0.0688434 0.0725642 0.1283807 0.0995057 0.3654718 0.1087339 0.1074991 0.1192400 0.0885737 0.1149225 0.1077816 0.1036680 0.0937421 0.1057524 0.0752995 0.0889012 0.0758879 0.1059788 0.0658444 0.1005649 0.0672930 0.1174795 0.1036824 0.0779835 0.0955725 0.1187199 0.0670529 0.1133201 0.0691799 0.1028741 0.0912059 0.0993407 0.1304664 0.0541870 0.0939166 0.0749120 0.0971257 0.0849616 0.0928503 0.0916421 0.0746136 
S0412sl       0.1194024 0.0650993 0.0632748 0.1081406 0.0881220 0.0638628 0.1043394 0.1239445 0.0851615 0.0594259 0.1008586 0.1028489 0.1269797 0.1438658 0.1000268 0.1262998 0.1037421 0.0369687 0.0899673 0.0500772 0.0616382 0.1007553 0.0000000 0.0966846 0.0652715 0.0851516 0.1256634 0.0644969 0.0971491 0.0702083 0.1228458 0.1000635 0.0755321 0.0571320 0.1128511 0.0926251 0.0944626 0.0685051 0.0392979 0.0827003 0.1237684 0.1252771 0.0507362 0.1220774 0.0683994 0.0631766 0.0569283 0.0652529 0.0609654 0.1095743 0.1031836 0.1022158 0.1484530 0.0779277 0.1087101 0.1119463 0.0962397 0.1037711 0.0915204 0.0971305 0.0928435 0.0996019 0.0994381 0.1398756 0.0581709 0.1337379 0.1175396 0.0585674 0.1252083 0.1001215 0.1146063 0.1354934 0.0708148 0.1040501 0.1170683 0.0567028 0.0657066 0.0954875 0.1131590 0.0949297 0.0949551 0.0919116 0.0978386 0.1275233 0.1071169 0.3812451 0.0610811 0.1219709 0.1156528 0.0969611 0.0547575 0.0486360 0.0563632 0.1125079 0.0523543 0.0955041 0.0996497 0.1165516 0.0565687 0.0654918 0.0955556 0.1072835 0.0567596 0.1052604 0.0997767 0.1096050 0.0594336 0.1058662 0.0574574 0.1019926 0.0545063 0.0611601 0.1012530 0.1275929 0.0972523 0.0920359 0.0909847 0.1007245 0.0695745 0.1049321 0.0824868 0.0773494 
S0417         0.1377657 0.0953410 0.0630319 0.0526060 0.0978086 0.1017831 0.0955235 0.0546072 0.0636042 0.1096584 0.1078575 0.0642615 0.1025940 0.1025965 0.0372402 0.0995370 0.0538240 0.0415811 0.1029311 0.0939691 0.1041884 0.0566503 0.0966846 0.0000000 0.0539307 0.0902084 0.0986636 0.0495123 0.0867967 0.1137130 0.0870193 0.0572675 0.1197882 0.1094432 0.0570898 0.0590053 0.0350410 0.0825239 0.0584036 0.0800375 0.0973670 0.1339427 0.0896212 0.0995279 0.1067797 0.0540112 0.0916351 0.0560458 0.0518656 0.1023931 0.0923607 0.0523798 0.1121439 0.0549683 0.0907482 0.1063464 0.0855075 0.0859436 0.0791427 0.0773021 0.0871409 0.1067517 0.0886247 0.1023408 0.0676214 0.1249324 0.1311374 0.0583451 0.1417738 0.0951460 0.0837184 0.1035796 0.1021334 0.0877842 0.1329938 0.0959714 0.1011646 0.0845852 0.0352252 0.0308894 0.0308964 0.0538312 0.0484172 0.1055483 0.0828657 0.4350091 0.1007859 0.1031235 0.1030337 0.0747311 0.1065791 0.0878094 0.0895512 0.0914895 0.0864803 0.0638515 0.0678324 0.0438020 0.0935546 0.0562465 0.0873599 0.0414727 0.1038182 0.0920455 0.0677716 0.0803180 0.1020322 0.0619895 0.0948380 0.0565726 0.0911497 0.0770694 0.0967834 0.1137661 0.0460274 0.0798056 0.0697272 0.0877591 0.0739280 0.0808861 0.0947992 0.0632985 
S0419         0.1311493 0.0683154 0.0130900 0.0751944 0.0569226 0.0738043 0.0668898 0.0870173 0.0476329 0.0741351 0.0990481 0.0772519 0.0792710 0.0912463 0.0677992 0.0811806 0.0598760 0.0365151 0.0911943 0.0645810 0.0765931 0.0687033 0.0652715 0.0539307 0.0000000 0.0768634 0.0776940 0.0587342 0.0537457 0.0953848 0.0834262 0.0700431 0.0833193 0.0762127 0.0656224 0.0672931 0.0515312 0.0630741 0.0387465 0.0311592 0.0790914 0.1009980 0.0692189 0.0755048 0.0738646 0.0055246 0.0667803 0.0073719 0.0036737 0.0719583 0.0383116 0.0649514 0.0973177 0.0329199 0.0592530 0.0705446 0.0554595 0.0524737 0.0470460 0.0707578 0.0313140 0.0894482 0.0767131 0.0906237 0.0475249 0.0925103 0.1068901 0.0092586 0.1116872 0.0586794 0.0717376 0.0849198 0.0739875 0.0665129 0.1042154 0.0665168 0.0756295 0.0653035 0.0679357 0.0517840 0.0517963 0.0620284 0.0730167 0.0960511 0.0669601 0.3955936 0.0709223 0.0913255 0.0824335 0.0582200 0.0759895 0.0588730 0.0642075 0.0808865 0.0621379 0.0520482 0.0516996 0.0797568 0.0711199 0.0073957 0.0313873 0.0562338 0.0713232 0.0437773 0.0495868 0.0562130 0.0694828 0.0771925 0.0651445 0.0692073 0.0621172 0.0517011 0.0738526 0.0946860 0.0538243 0.0473638 0.0471430 0.0542576 0.0226603 0.0543617 0.0744194 0.0367283 
S0427         0.1270225 0.0722056 0.0844332 0.1025497 0.0954250 0.0710287 0.1225876 0.1229485 0.0999159 0.0782619 0.1065744 0.1124552 0.1325290 0.1357422 0.0933982 0.1292601 0.1045030 0.0418940 0.0503619 0.0638818 0.0761449 0.0954944 0.0851516 0.0902084 0.0768634 0.0000000 0.1259351 0.0545489 0.1118463 0.0918647 0.1181064 0.0958949 0.0877184 0.0781136 0.1068659 0.1062014 0.0872434 0.0684546 0.0392333 0.0973208 0.1267089 0.1281945 0.0844164 0.1251370 0.0711125 0.0747231 0.0639515 0.0768416 0.0724371 0.1264650 0.1050955 0.1084790 0.1496646 0.0854184 0.1171814 0.1336089 0.1032867 0.1087166 0.0986591 0.0659847 0.0949001 0.1114446 0.0678529 0.1381500 0.0389611 0.1391809 0.1300994 0.0793388 0.1440257 0.1053627 0.1221680 0.1313724 0.0900451 0.1059041 0.1351834 0.0614190 0.0751658 0.1233767 0.1066067 0.0900692 0.0900930 0.0955318 0.1133437 0.1329991 0.1152540 0.4272120 0.0703592 0.1343634 0.1268970 0.1121315 0.0709543 0.0625047 0.0610108 0.1200602 0.0748214 0.0948352 0.1044447 0.1090944 0.0704164 0.0748067 0.0976222 0.0974414 0.0753029 0.1049662 0.1021793 0.1010256 0.0666752 0.1098823 0.0711967 0.1056392 0.0635236 0.0615941 0.1105979 0.1364294 0.0929956 0.1068023 0.0922085 0.0997956 0.0762425 0.0993056 0.0396588 0.0847747 
S0430         0.1766412 0.1169305 0.0900785 0.1048606 0.1019904 0.1319013 0.0244577 0.1300875 0.0813317 0.1379074 0.1520325 0.1238900 0.0131911 0.0646255 0.1127377 0.0074539 0.1002324 0.0637444 0.1494261 0.1207436 0.1303500 0.1086376 0.1256634 0.0986636 0.0776940 0.1259351 0.0000000 0.0931881 0.0982525 0.1413176 0.0574327 0.1179540 0.1434341 0.1376238 0.1204531 0.0913327 0.0877618 0.1255347 0.0698476 0.1020149 0.0055887 0.1525786 0.1112271 0.0116031 0.1259748 0.0755296 0.1182457 0.0776717 0.0732178 0.1267551 0.1070175 0.0984142 0.0649538 0.0840260 0.0540002 0.1023001 0.0998440 0.0959473 0.0891880 0.0994113 0.1117459 0.1410188 0.0537509 0.0777157 0.0744789 0.1304163 0.1605600 0.0801999 0.1725750 0.0985152 0.1112135 0.0700330 0.1161068 0.1079499 0.1653401 0.1227944 0.1284303 0.1015238 0.1120781 0.0974816 0.1003084 0.0882039 0.1192142 0.0884720 0.0157849 0.4260289 0.1177507 0.0664952 0.1078359 0.0987685 0.1344497 0.1199474 0.1141348 0.1090462 0.1051916 0.0845886 0.0912298 0.1209801 0.1151136 0.0779656 0.1094805 0.1080995 0.1287473 0.1170779 0.0860782 0.1017615 0.1244456 0.1264079 0.1193554 0.0981980 0.1197669 0.1181847 0.1062328 0.1260466 0.0978775 0.0933140 0.0977755 0.1098349 0.0892721 0.0915962 0.1317103 0.0834172 
S0478         0.1197145 0.0839110 0.0640380 0.0756308 0.0751764 0.0738794 0.1002389 0.0645407 0.0597800 0.0697259 0.1030247 0.0302171 0.1070119 0.0907896 0.0547131 0.1010338 0.0783975 0.0676104 0.0797490 0.0640278 0.0798472 0.0254259 0.0644969 0.0495123 0.0587342 0.0545489 0.0931881 0.0000000 0.0640187 0.0904557 0.0909969 0.0389898 0.0862157 0.0636655 0.0489868 0.0493443 0.0542111 0.0441372 0.0584651 0.0747838 0.0956310 0.1318664 0.0690449 0.0881780 0.0847600 0.0538846 0.0640278 0.0587135 0.0538846 0.0949794 0.0911490 0.0535622 0.0956797 0.0598458 0.0902360 0.0745447 0.0882932 0.0742525 0.0683786 0.1106616 0.0685640 0.0897711 0.1057926 0.1054580 0.0734924 0.0793669 0.1054115 0.0488421 0.1184715 0.0683027 0.0740573 0.1065406 0.0588381 0.0689258 0.1140237 0.0689310 0.0746543 0.0742247 0.0591398 0.0544119 0.0544413 0.0488684 0.0696410 0.1064123 0.0679206 0.0889335 0.0640278 0.0911498 0.0798138 0.0593289 0.0587772 0.0507374 0.0597821 0.0739531 0.0639566 0.0648749 0.0701365 0.0650176 0.0750007 0.0587175 0.0685640 0.0594895 0.0686854 0.0688493 0.0591424 0.0640641 0.0692816 0.0490283 0.0757883 0.0488712 0.0802300 0.0490956 0.0656438 0.0902005 0.0542111 0.0783589 0.0746136 0.0636717 0.0587135 0.0538681 0.0697805 0.0587010 
S0552sl       0.1499618 0.1023030 0.0650022 0.1060213 0.0952758 0.1015099 0.0822222 0.1150393 0.0704027 0.1069140 0.1287945 0.1007340 0.1046153 0.1119664 0.1000626 0.1016870 0.0930523 0.0564314 0.1252470 0.0913612 0.1070704 0.1027155 0.0971491 0.0867967 0.0537457 0.1118463 0.0982525 0.0640187 0.0000000 0.1330587 0.1089404 0.0970195 0.1193500 0.1090381 0.1075068 0.0968689 0.0840888 0.0994922 0.0528166 0.0772142 0.0995162 0.1305613 0.0982604 0.1016980 0.1039463 0.0517078 0.0937492 0.0537305 0.0495812 0.0746635 0.0914415 0.0967219 0.1168299 0.0588213 0.0904119 0.0313404 0.0539002 0.0379057 0.0307670 0.0829824 0.0827624 0.1193962 0.0923103 0.1217477 0.0342130 0.0844631 0.1356475 0.0560057 0.1435379 0.0482586 0.0928185 0.1152879 0.1017471 0.0860977 0.1321587 0.0933589 0.1056033 0.0840438 0.1002643 0.0868558 0.0868785 0.0864833 0.1061106 0.1304927 0.0977978 0.4171571 0.1004130 0.1074127 0.0925119 0.0794866 0.1038694 0.0925407 0.0963109 0.0960739 0.0955720 0.0725256 0.0746833 0.1071335 0.1004005 0.0539218 0.0829707 0.0919158 0.1011145 0.0923742 0.0749191 0.0722277 0.1016517 0.1105237 0.0966135 0.1013094 0.0979451 0.0936758 0.0832277 0.1102839 0.0746360 0.0543429 0.0740936 0.0726503 0.0714593 0.0704077 0.1041502 0.0652991 
S0558         0.1372625 0.0828039 0.1034017 0.1322275 0.1103703 0.0864996 0.1307612 0.1485784 0.1172711 0.0916276 0.1240667 0.1470467 0.1425298 0.1461499 0.1198273 0.1417581 0.1295815 0.0612807 0.1067855 0.0717709 0.0795629 0.1374913 0.0702083 0.1137130 0.0953848 0.0918647 0.1413176 0.0904557 0.1330587 0.0000000 0.1339879 0.1258857 0.0917555 0.0914528 0.1344444 0.1213700 0.1114487 0.0827495 0.0678941 0.1127512 0.1394736 0.1442597 0.0823827 0.1381227 0.0912790 0.0931946 0.0745791 0.0906411 0.0908091 0.1397978 0.1300711 0.1340985 0.1592691 0.0994027 0.1188494 0.1442553 0.1205180 0.1326465 0.1164638 0.1023806 0.1163092 0.1157273 0.0933308 0.1475051 0.0673490 0.1535473 0.1425554 0.0980037 0.1506951 0.1254951 0.1455849 0.1404344 0.1011311 0.1213107 0.1415456 0.0787886 0.0836885 0.1338165 0.1339829 0.1169894 0.1170219 0.1155949 0.1358269 0.1405900 0.1228415 0.4788290 0.0833842 0.1437994 0.1324312 0.1247908 0.0887736 0.0730061 0.0698343 0.1361470 0.0833049 0.1177201 0.1194231 0.1374180 0.0719518 0.0957239 0.1191958 0.1250479 0.0838431 0.1191515 0.1220518 0.1296368 0.0843863 0.1442165 0.0798003 0.1285488 0.0741682 0.0836478 0.1339820 0.1541552 0.1202359 0.1198825 0.1157928 0.1264122 0.0952230 0.1251666 0.0967166 0.1012650 
S0616         0.1720740 0.1177667 0.0958399 0.0950906 0.1083273 0.1351600 0.0603521 0.1331827 0.0926127 0.1358440 0.1446501 0.1208761 0.0657011 0.0806019 0.1035844 0.0632039 0.1059663 0.0572086 0.1378075 0.1240599 0.1336432 0.1101901 0.1228458 0.0870193 0.0834262 0.1181064 0.0574327 0.0909969 0.1089404 0.1339879 0.0000000 0.1185340 0.1439819 0.1408521 0.1184947 0.0999472 0.0865011 0.1237152 0.0733389 0.1021463 0.0611576 0.1705945 0.1096573 0.0639089 0.1292103 0.0812749 0.1156454 0.0834026 0.0789614 0.1247642 0.1048074 0.1047725 0.0710502 0.0874670 0.0623451 0.1157231 0.1104542 0.1059641 0.0975569 0.0975358 0.1151916 0.1352964 0.0678776 0.0630656 0.0778953 0.1494073 0.1537954 0.0859437 0.1727205 0.1073798 0.1245727 0.0693900 0.1194636 0.1136721 0.1655785 0.1210099 0.1214965 0.1206129 0.1102796 0.0988147 0.0988410 0.0967218 0.1062766 0.0614468 0.0553549 0.4167339 0.1210743 0.0613522 0.1085831 0.1046373 0.1324551 0.1233110 0.1023251 0.1223722 0.1110051 0.0905004 0.0946285 0.1139302 0.1113628 0.0837167 0.1154916 0.1064999 0.1320172 0.1154483 0.0970007 0.1053684 0.1329159 0.1207719 0.1175161 0.1069109 0.1184156 0.1165125 0.1098191 0.1288827 0.0940487 0.1015658 0.0990698 0.1107696 0.0908200 0.1010046 0.1270773 0.0868395 
S0624         0.1264609 0.1155457 0.0702397 0.0487912 0.1138180 0.1050181 0.1153622 0.0521872 0.0781723 0.1049251 0.1356523 0.0458157 0.1193195 0.1305970 0.0459867 0.1187359 0.0705217 0.0621614 0.1120410 0.0970767 0.1057964 0.0588385 0.1000635 0.0572675 0.0700431 0.0958949 0.1179540 0.0389898 0.0970195 0.1258857 0.1185340 0.0000000 0.1207982 0.1022592 0.0482703 0.0661230 0.0617157 0.0952359 0.0534666 0.0953116 0.1164916 0.1495529 0.1067380 0.1115129 0.1100890 0.0679242 0.0995161 0.0700231 0.0656769 0.1241634 0.1113806 0.0705245 0.1243588 0.0737298 0.1090720 0.1199454 0.0992293 0.1043524 0.0848924 0.1111800 0.1061771 0.1265290 0.1000308 0.1240975 0.0782038 0.1452763 0.1454975 0.0654019 0.1564515 0.1036544 0.1024609 0.1150554 0.0952347 0.0943814 0.1470751 0.0990954 0.1019462 0.1027594 0.0502516 0.0642577 0.0642738 0.0633094 0.0460795 0.1303170 0.1021392 0.4095460 0.1039777 0.1015479 0.1233428 0.0898042 0.1018918 0.0883041 0.1051063 0.1100058 0.0942709 0.0859944 0.0900925 0.0530027 0.0994050 0.0702825 0.1064547 0.0712950 0.1040672 0.1164701 0.0877116 0.1020043 0.1025306 0.0549696 0.0979840 0.0658683 0.0941710 0.0873092 0.1090864 0.1293633 0.0597207 0.0999230 0.0898077 0.1010901 0.0858749 0.0999054 0.1056518 0.0777790 
