135
PAFTOL_019361 0.0000000 0.2568462 0.2280078 0.2811336 0.2801617 0.2803867 0.3379375 0.2761034 0.2812402 0.2824630 0.2731400 0.2674552 0.3313295 0.3009905 0.2791135 0.3303514 0.2544888 0.2676556 0.2740836 0.3131717 0.2651415 0.2868611 0.2861670 0.2793787 0.2770606 0.2683130 0.2588475 0.2758476 0.2549882 0.3245200 0.2615085 0.3136169 0.2858610 0.2875159 0.3263732 0.2468311 0.2786137 0.2975701 0.2971910 0.2654572 0.2551016 0.2361740 0.2791699 0.2629070 0.3332610 0.2888708 0.2668249 0.3263126 0.3049263 0.2860691 0.3185457 0.2619928 0.2809499 0.2550042 0.2590038 0.3020909 0.2656655 0.2563258 0.2346460 0.2711024 0.2515422 0.2732028 0.2717013 0.3186113 0.2995716 0.3114944 0.3171062 0.3034070 0.2840474 0.2844782 0.2628996 0.2568237 0.2657686 0.3050787 0.3044912 0.2898120 0.2563359 0.3041590 0.2479803 0.3203592 0.2935226 0.2706619 0.2774942 0.3093779 0.3007522 0.2759651 0.2870620 0.2556615 0.2732074 0.2566940 0.2475601 0.3260037 0.2511461 0.2930224 0.2613734 0.3393320 0.3289319 0.2863869 0.2377411 0.2736072 0.2716310 0.2902360 0.2701901 0.2860884 0.3031792 0.2765517 0.2545881 0.2949560 0.2842973 0.2911298 0.2736787 0.2564135 0.2607622 0.2825600 0.2651164 0.2671728 0.2834696 0.2959554 0.2690827 0.2848851 0.2743547 0.2822564 0.2616315 0.2720983 0.2806761 0.2717077 0.2736877 0.2578855 0.2973866 0.2623173 0.2994623 0.2615598 0.2740841 0.2769845 0.2782862 
S0055         0.2568462 0.0000000 0.0817512 0.1267267 0.1058033 0.0584494 0.1528606 0.1300915 0.1140716 0.0688521 0.0639194 0.1325812 0.1305292 0.1395362 0.1289988 0.1262488 0.1175810 0.0907708 0.0957163 0.1493350 0.0850722 0.0566496 0.0631322 0.1288132 0.0688931 0.1183777 0.0789484 0.0698170 0.1056943 0.1283768 0.1176496 0.1342704 0.0841318 0.1132717 0.1270583 0.1129963 0.0644532 0.0707774 0.1398461 0.1051273 0.1016252 0.0784845 0.0553113 0.0924045 0.1404293 0.1921675 0.0623360 0.1602037 0.1268236 0.0598020 0.1513216 0.0789644 0.0575831 0.0751637 0.0780313 0.1364054 0.0921331 0.1125878 0.0902369 0.1023643 0.0968706 0.0753414 0.1067303 0.1447634 0.1502410 0.1360765 0.1483115 0.0861465 0.0918251 0.1899771 0.1047809 0.1026900 0.1090837 0.1437363 0.1430984 0.2042850 0.0764766 0.2023750 0.1003799 0.1595716 0.1116193 0.1085170 0.0649872 0.1302011 0.1971545 0.0601923 0.0565395 0.0794835 0.1180838 0.1025884 0.1045286 0.1377337 0.1049860 0.1315206 0.1043400 0.1431492 0.1412489 0.0601085 0.0871300 0.0885482 0.1038463 0.0616612 0.0534000 0.0401690 0.1371597 0.0514097 0.1126601 0.1115754 0.1189157 0.1430605 0.0505453 0.0784056 0.1266461 0.0894558 0.1086004 0.0565653 0.0850573 0.1213157 0.0893150 0.0617110 0.1365761 0.0603857 0.1060116 0.0492477 0.0968882 0.0862842 0.0948337 0.1087428 0.1192666 0.0790431 0.1251480 0.0796158 0.0886154 0.0796379 0.0808538 
S0196sl       0.2280078 0.0817512 0.0000000 0.1160268 0.0597664 0.0718947 0.1419822 0.1145637 0.0956833 0.0755861 0.0762755 0.1228588 0.1270475 0.1215118 0.1143331 0.1232335 0.1009154 0.0796071 0.1022962 0.1322111 0.0841866 0.0714559 0.0761148 0.1173551 0.0957087 0.1063873 0.0132125 0.0882933 0.0860788 0.1249788 0.1046532 0.1162214 0.1084940 0.1066873 0.1204476 0.1127456 0.0805047 0.0737563 0.1271891 0.0961338 0.0879487 0.0599978 0.0706712 0.0356915 0.1282020 0.1755907 0.0795921 0.1410859 0.1150651 0.0722755 0.1189701 0.0110913 0.0742173 0.0090024 0.0111044 0.1159426 0.0383846 0.0957904 0.0763567 0.0824455 0.0841058 0.0618663 0.0910188 0.1279517 0.1215662 0.1229195 0.1283567 0.0957725 0.0442497 0.1839857 0.0894285 0.0878344 0.0902912 0.1218159 0.1215477 0.1926745 0.0089903 0.1865065 0.0830092 0.1332035 0.0853338 0.0918918 0.0978467 0.1194570 0.1844963 0.0772733 0.0816181 0.0588341 0.1081822 0.0865898 0.0772389 0.1351319 0.0956935 0.1234225 0.0876553 0.1396593 0.1313394 0.0714124 0.0726514 0.0994219 0.0888549 0.0813934 0.0672604 0.0931235 0.1212707 0.0812778 0.0920111 0.0957405 0.1020974 0.1254071 0.0752104 0.0132055 0.1163832 0.0428900 0.0864335 0.0708062 0.0407073 0.1052919 0.0681762 0.0741674 0.1221513 0.0735393 0.0977976 0.0664611 0.0814991 0.0958002 0.0834694 0.0909918 0.0872701 0.0630512 0.0959256 0.0404792 0.0690458 0.0948491 0.0865653 
S0278         0.2811336 0.1267267 0.1160268 0.0000000 0.1423362 0.1240510 0.1927826 0.0479594 0.1437747 0.1397409 0.1292544 0.0516845 0.1699018 0.1722839 0.0500733 0.1675367 0.0481001 0.1307026 0.1619467 0.1758338 0.1343166 0.1251494 0.1276483 0.0613273 0.1582997 0.0518575 0.1152325 0.1315607 0.0654127 0.1724107 0.0792158 0.1682395 0.1441746 0.1504240 0.1663710 0.0466379 0.1394650 0.1385390 0.0609274 0.0789979 0.0821105 0.1040812 0.1199816 0.1283534 0.1754434 0.2200773 0.1198139 0.1865598 0.1567112 0.1236630 0.1810588 0.1161042 0.1256359 0.1097384 0.1115489 0.1665669 0.1272741 0.0834742 0.1202080 0.0798242 0.0711522 0.1177416 0.1415410 0.1731985 0.1704167 0.1671287 0.1728609 0.1616797 0.1369143 0.2160234 0.1309085 0.1367748 0.1481548 0.1571291 0.1610211 0.2375178 0.1104713 0.2389627 0.0783964 0.1840786 0.1517886 0.1465584 0.1416669 0.1649088 0.2339452 0.1241931 0.1383600 0.1025043 0.0470493 0.0822487 0.0865854 0.1758905 0.0746156 0.0505791 0.1327781 0.1813993 0.1756965 0.1263550 0.1165029 0.1487559 0.1392648 0.1283826 0.1174794 0.1452247 0.1716175 0.1247430 0.0834384 0.1420060 0.1569327 0.0632986 0.1253497 0.1135603 0.0539022 0.1344905 0.0841803 0.1232058 0.1299986 0.1559236 0.1275708 0.1273371 0.0575590 0.1257734 0.0802426 0.1214318 0.1360374 0.1471634 0.1380106 0.0900457 0.1512845 0.1178542 0.1547521 0.1179648 0.1258528 0.1385013 0.1369925 
S0281         0.2801617 0.1058033 0.0597664 0.1423362 0.0000000 0.1115763 0.1629161 0.1463374 0.1119397 0.1208474 0.1143436 0.1467060 0.1515648 0.1464782 0.1493925 0.1445575 0.1320334 0.1022657 0.1204400 0.1547249 0.1153326 0.1115543 0.1165785 0.1500990 0.1244272 0.1457689 0.0621967 0.1200813 0.1387023 0.1466148 0.1413627 0.1360464 0.1314761 0.1274299 0.1456179 0.1385360 0.1133027 0.1235496 0.1538924 0.1293246 0.1293505 0.0965988 0.1068852 0.0636781 0.1549281 0.2161688 0.1134522 0.1625262 0.1489417 0.1117715 0.1394746 0.0630838 0.1129868 0.0585740 0.0623244 0.1410547 0.0629014 0.1310491 0.1045881 0.1216398 0.1207218 0.0961295 0.1181359 0.1445874 0.1445615 0.1424421 0.1504441 0.1351100 0.0716727 0.2238472 0.1249616 0.1207883 0.1181974 0.1390643 0.1425962 0.2315269 0.0589360 0.2303187 0.1160426 0.1513120 0.1227444 0.1269232 0.1230437 0.1305856 0.2263163 0.1119785 0.1141025 0.1010996 0.1417879 0.1267077 0.1233199 0.1541471 0.1280637 0.1476361 0.1138072 0.1613070 0.1530376 0.1110673 0.1019944 0.1262663 0.1071234 0.1186857 0.1064145 0.1256053 0.1336013 0.1119090 0.1280315 0.1139435 0.1214021 0.1536651 0.1091807 0.0624986 0.1458888 0.0699990 0.1275808 0.1091776 0.0697919 0.1272640 0.1043558 0.1155315 0.1577533 0.1114959 0.1315302 0.1026680 0.1156138 0.1236264 0.1070697 0.1319400 0.1172760 0.0973185 0.1205303 0.0778101 0.1050658 0.1236469 0.1206154 
S0282         0.2803867 0.0584494 0.0718947 0.1240510 0.1115763 0.0000000 0.1505515 0.1237088 0.1146738 0.0209021 0.0402627 0.1284548 0.1398027 0.1420428 0.1217770 0.1345551 0.1106473 0.0966249 0.1233927 0.1494330 0.0807098 0.0139095 0.0295808 0.1296528 0.0853532 0.1168630 0.0786607 0.0769339 0.1080638 0.1355175 0.1105712 0.1380169 0.0949234 0.1194003 0.1343764 0.1166960 0.0618132 0.0331446 0.1393788 0.1015561 0.1060073 0.0809556 0.0150304 0.0915149 0.1422838 0.2067370 0.0731962 0.1555751 0.1282884 0.0244900 0.1438200 0.0761386 0.0176118 0.0738527 0.0753359 0.1361453 0.0913138 0.1065206 0.0952192 0.1007545 0.0919038 0.0792557 0.1098220 0.1488645 0.1528597 0.1392024 0.1505824 0.0558681 0.0934490 0.1977609 0.1034893 0.1048074 0.1075820 0.1387367 0.1429110 0.2158521 0.0732412 0.2123070 0.0863193 0.1638738 0.1139749 0.1083026 0.0644497 0.1381399 0.2118278 0.0198654 0.0584229 0.0760191 0.1152133 0.1038779 0.1039638 0.1429311 0.0998262 0.1322015 0.1029657 0.1528544 0.1461342 0.0263272 0.0904045 0.1063532 0.1089289 0.0225402 0.0237966 0.0748899 0.1427598 0.0473797 0.1046570 0.1123507 0.1234680 0.1425188 0.0496747 0.0781115 0.1223041 0.0910652 0.1057590 0.0179854 0.0879127 0.1253000 0.0904218 0.0283204 0.1314351 0.0544160 0.1031201 0.0420129 0.0936915 0.1056060 0.1009961 0.1050229 0.1205473 0.0817324 0.1273756 0.0816035 0.0898743 0.0888772 0.0876664 
S0288         0.3379375 0.1528606 0.1419822 0.1927826 0.1629161 0.1505515 0.0000000 0.1912227 0.1788472 0.1698258 0.1533566 0.1936837 0.0285134 0.0988880 0.1951519 0.0222452 0.1737811 0.1588277 0.1943067 0.0249429 0.1809755 0.1539675 0.1536471 0.2053129 0.1880976 0.1863080 0.1427326 0.1659572 0.1875719 0.0186693 0.1853201 0.2009325 0.1850847 0.1093133 0.0263087 0.1859633 0.1650752 0.1693567 0.1977780 0.1699001 0.1744383 0.1436302 0.1489521 0.1529844 0.0269966 0.2809826 0.1533441 0.0249689 0.2144382 0.1571106 0.2347844 0.1453474 0.1500293 0.1406399 0.1364149 0.2041476 0.1499390 0.1802212 0.0806082 0.1697021 0.1528221 0.1550146 0.0674632 0.2085468 0.2263647 0.2027346 0.2210723 0.1877087 0.1627765 0.2796428 0.1693088 0.0911963 0.0966959 0.2073058 0.2097478 0.2985441 0.1398245 0.2909996 0.1944226 0.2399585 0.1905907 0.0946498 0.1675410 0.2026107 0.2898675 0.1519471 0.1677725 0.1384231 0.1816295 0.1737495 0.1685390 0.0267001 0.1739964 0.2089393 0.0861914 0.0253312 0.0202997 0.1507296 0.0785296 0.1856090 0.1743525 0.1579521 0.1466257 0.1793084 0.2083437 0.1540348 0.1770684 0.1754225 0.1904862 0.2067352 0.1574718 0.1462033 0.1964688 0.1595201 0.1726315 0.1521504 0.1537843 0.1972041 0.1591064 0.1548666 0.2040602 0.1612526 0.1706288 0.1533594 0.1650623 0.1711035 0.1700225 0.1755389 0.1862708 0.1591346 0.1825662 0.1513278 0.1578451 0.1771785 0.1767933 
S0289         0.2761034 0.1300915 0.1145637 0.0479594 0.1463374 0.1237088 0.1912227 0.0000000 0.1455355 0.1361265 0.1275622 0.0543680 0.1662885 0.1683974 0.0437481 0.1654538 0.0427096 0.1358800 0.1651060 0.1726548 0.1321935 0.1258240 0.1251669 0.0601932 0.1533954 0.0467286 0.1163875 0.1288559 0.0675632 0.1672301 0.0814586 0.1676732 0.1447358 0.1589643 0.1619126 0.0474920 0.1363515 0.1388975 0.0599903 0.0793768 0.0843572 0.1077372 0.1198060 0.1293303 0.1712741 0.2178350 0.1177586 0.1864288 0.1598397 0.1221894 0.1791230 0.1177621 0.1246630 0.1129194 0.1152241 0.1717788 0.1291626 0.0830360 0.1170322 0.0806436 0.0716845 0.1220123 0.1421501 0.1756451 0.1732146 0.1664967 0.1743153 0.1609181 0.1383445 0.2102767 0.1321199 0.1319336 0.1466549 0.1613271 0.1617699 0.2323139 0.1131490 0.2372978 0.0757950 0.1876248 0.1495577 0.1403209 0.1401753 0.1615217 0.2343556 0.1247308 0.1372409 0.1066432 0.0461447 0.0845251 0.0890816 0.1749661 0.0742459 0.0571665 0.1341851 0.1794912 0.1733127 0.1275292 0.1140988 0.1517418 0.1432965 0.1258584 0.1176678 0.1476693 0.1737753 0.1252825 0.0830046 0.1440998 0.1544700 0.0600261 0.1267109 0.1183179 0.0487835 0.1364741 0.0853670 0.1205232 0.1302968 0.1551646 0.1265154 0.1277471 0.0544070 0.1266246 0.0803982 0.1212717 0.1357179 0.1485999 0.1409392 0.0896588 0.1469774 0.1211561 0.1529396 0.1181675 0.1245678 0.1302953 0.1391385 
S0292         0.2812402 0.1140716 0.0956833 0.1437747 0.1119397 0.1146738 0.1788472 0.1455355 0.0000000 0.1270622 0.1291137 0.1498910 0.1613609 0.1629239 0.1461952 0.1608320 0.1356473 0.0780436 0.0963834 0.1646236 0.1291405 0.1133356 0.1206817 0.1538370 0.1328851 0.1454284 0.0994790 0.1245024 0.1333160 0.1610817 0.1363810 0.1232041 0.1307233 0.1412482 0.1595012 0.1355441 0.1263012 0.1247180 0.1588117 0.1282205 0.1241091 0.0776092 0.1135525 0.1052801 0.1669774 0.2221932 0.1144167 0.1676010 0.1665617 0.1168139 0.1286388 0.0988631 0.1162164 0.0952370 0.0995935 0.1238966 0.1066427 0.1330121 0.1134950 0.1218935 0.1214379 0.0968038 0.1308702 0.1298420 0.1319750 0.1248275 0.1327999 0.1518971 0.1096179 0.2308969 0.1370830 0.1290676 0.1326480 0.1239694 0.1217064 0.2417695 0.0951593 0.2377459 0.1242962 0.1390262 0.0992045 0.1340620 0.1319059 0.0550757 0.2358016 0.1177523 0.1226389 0.0821770 0.1408658 0.1230761 0.1238241 0.1640716 0.1289862 0.1535292 0.1200800 0.1753113 0.1666439 0.1162935 0.1128723 0.0883456 0.0171674 0.1221884 0.1124798 0.1324799 0.0493996 0.1182086 0.1373376 0.0424157 0.0301350 0.1596029 0.1163432 0.0983725 0.1501872 0.1083530 0.1286807 0.1144081 0.1123313 0.0446712 0.0769211 0.1201635 0.1576569 0.1132259 0.1290125 0.1070468 0.0875288 0.0892802 0.0849346 0.1319077 0.1079984 0.0981689 0.1403908 0.0979075 0.0737699 0.1354676 0.1163825 
S0293         0.2824630 0.0688521 0.0755861 0.1397409 0.1208474 0.0209021 0.1698258 0.1361265 0.1270622 0.0000000 0.0445726 0.1410412 0.1537863 0.1520858 0.1347469 0.1532531 0.1226921 0.1049866 0.1385885 0.1639632 0.0936720 0.0167775 0.0341093 0.1517810 0.0967474 0.1284669 0.0868627 0.0861284 0.1113498 0.1475392 0.1196959 0.1499242 0.1098209 0.1315275 0.1521542 0.1304388 0.0701044 0.0385457 0.1519831 0.1131291 0.1141436 0.0922169 0.0235147 0.0982423 0.1578896 0.2045673 0.0834754 0.1685497 0.1416016 0.0301031 0.1419272 0.0839585 0.0260409 0.0824671 0.0841438 0.1507700 0.1012584 0.1115361 0.1026587 0.1115461 0.1013298 0.0928501 0.1201909 0.1647827 0.1674934 0.1508698 0.1651072 0.0670386 0.1002874 0.2045503 0.1131555 0.1121290 0.1193783 0.1522532 0.1582560 0.2177913 0.0827725 0.2196349 0.0914556 0.1763289 0.1259049 0.1171881 0.0721296 0.1479082 0.2146064 0.0268731 0.0648605 0.0879881 0.1296018 0.1134968 0.1060228 0.1567915 0.1084273 0.1415509 0.1153933 0.1665105 0.1608544 0.0290966 0.0962018 0.1158308 0.1206053 0.0304032 0.0288155 0.0861782 0.1539296 0.0537575 0.1151922 0.1258087 0.1359062 0.1534235 0.0563271 0.0877745 0.1379028 0.0979832 0.1151273 0.0256180 0.0961946 0.1378161 0.0998408 0.0344091 0.1414894 0.0603612 0.1117187 0.0467785 0.1085858 0.1223482 0.1103037 0.1169448 0.1299306 0.0935942 0.1377579 0.0923452 0.0998169 0.1002322 0.0994936 
S0294         0.2731400 0.0639194 0.0762755 0.1292544 0.1143436 0.0402627 0.1533566 0.1275622 0.1291137 0.0445726 0.0000000 0.1399346 0.1437790 0.1410645 0.1280421 0.1402532 0.1197560 0.1069869 0.1246303 0.1542090 0.0890873 0.0380577 0.0431981 0.1423590 0.0892086 0.1198034 0.0851089 0.0870740 0.1105255 0.1389223 0.1210398 0.1532763 0.1003474 0.1209939 0.1407692 0.1429759 0.0682034 0.0500219 0.1444509 0.1172617 0.1094049 0.0838677 0.0385154 0.0920376 0.1449560 0.1792331 0.0804678 0.1585514 0.1321340 0.0381984 0.1543930 0.0844945 0.0385030 0.0808092 0.0814777 0.1518913 0.0938641 0.1142917 0.0871583 0.1098763 0.1010084 0.0885904 0.1111748 0.1661380 0.1672427 0.1556606 0.1682500 0.0398762 0.0947673 0.1815753 0.1061643 0.1035449 0.1067355 0.1561139 0.1579461 0.1948284 0.0810844 0.1966984 0.1036073 0.1793961 0.1244461 0.1077592 0.0678359 0.1581469 0.1903913 0.0402903 0.0655307 0.0897853 0.1209812 0.1101462 0.1074348 0.1472426 0.1123016 0.1351361 0.1036670 0.1520825 0.1507380 0.0393986 0.0836442 0.1127002 0.1253094 0.0421057 0.0379769 0.0762787 0.1574464 0.0562392 0.1163268 0.1278538 0.1323524 0.1489912 0.0599927 0.0849906 0.1335160 0.0921029 0.1105947 0.0397688 0.0887291 0.1376225 0.1048416 0.0421748 0.1357486 0.0649498 0.1109764 0.0560844 0.1030561 0.1110686 0.1072884 0.1089278 0.1360096 0.0877609 0.1194187 0.0874329 0.1027924 0.0946492 0.1064695 
S0299         0.2674552 0.1325812 0.1228588 0.0516845 0.1467060 0.1284548 0.1936837 0.0543680 0.1498910 0.1410412 0.1399346 0.0000000 0.1691917 0.1724374 0.0486101 0.1655450 0.0452829 0.1371295 0.1683128 0.1748298 0.1290610 0.1290557 0.1304358 0.0640176 0.1542918 0.0487723 0.1226427 0.1265611 0.0619403 0.1678922 0.0820762 0.1704438 0.1496485 0.1588867 0.1639925 0.0440320 0.1401708 0.1409219 0.0640313 0.0800956 0.0840564 0.1126044 0.1228927 0.1357463 0.1728226 0.2272224 0.1224125 0.1839087 0.1637991 0.1259307 0.1905478 0.1225003 0.1273580 0.1184098 0.1185866 0.1696717 0.1348901 0.0810640 0.1226853 0.0801321 0.0744521 0.1245424 0.1428187 0.1804481 0.1761683 0.1715768 0.1760271 0.1662636 0.1462651 0.2268011 0.1333495 0.1387369 0.1463169 0.1668061 0.1706450 0.2439339 0.1181186 0.2526377 0.0786658 0.1899141 0.1552103 0.1481028 0.1419421 0.1747939 0.2492676 0.1249530 0.1418891 0.1064046 0.0468113 0.0801838 0.0858057 0.1740126 0.0733961 0.0545255 0.1343905 0.1861463 0.1744851 0.1293176 0.1190990 0.1551193 0.1441029 0.1272708 0.1190185 0.1467638 0.1819106 0.1242790 0.0820244 0.1556179 0.1626954 0.0620005 0.1289610 0.1235403 0.0541999 0.1437144 0.0844099 0.1269751 0.1397924 0.1613208 0.1283962 0.1285684 0.0532348 0.1292452 0.0828312 0.1242021 0.1381635 0.1542339 0.1441651 0.0860522 0.1527747 0.1241256 0.1552768 0.1239417 0.1287894 0.1333831 0.1424267 
S0303         0.3313295 0.1305292 0.1270475 0.1699018 0.1515648 0.1398027 0.0285134 0.1662885 0.1613609 0.1537863 0.1437790 0.1691917 0.0000000 0.0910920 0.1716347 0.0177279 0.1542895 0.1482632 0.1782081 0.0207925 0.1538386 0.1399235 0.1426533 0.1697344 0.1590370 0.1648456 0.1306025 0.1400350 0.1640130 0.0194276 0.1687637 0.1839462 0.1604102 0.0946897 0.0221490 0.1545541 0.1431364 0.1515942 0.1775746 0.1532139 0.1568666 0.1297559 0.1375098 0.1402456 0.0203752 0.2518668 0.1345773 0.0208672 0.1913494 0.1419740 0.2047232 0.1306851 0.1396575 0.1255451 0.1266683 0.1829975 0.1377127 0.1643427 0.0707148 0.1504800 0.1367674 0.1366344 0.0584484 0.1960733 0.2047755 0.1886458 0.2030754 0.1731704 0.1490365 0.2551646 0.1533331 0.0822911 0.0838040 0.1863282 0.1889535 0.2691892 0.1259292 0.2640667 0.1632637 0.2189765 0.1745161 0.0854979 0.1501195 0.1823357 0.2637565 0.1425723 0.1430575 0.1275364 0.1591264 0.1555573 0.1517496 0.0252455 0.1525097 0.1815934 0.0767338 0.0269978 0.0229831 0.1396490 0.0701380 0.1616810 0.1583210 0.1459393 0.1330959 0.1540986 0.1846778 0.1361210 0.1600599 0.1582688 0.1711755 0.1839495 0.1365610 0.1326127 0.1685566 0.1451956 0.1561394 0.1392054 0.1386732 0.1774708 0.1424293 0.1409999 0.1845014 0.1388911 0.1544649 0.1280767 0.1450190 0.1571438 0.1554026 0.1585644 0.1679080 0.1377794 0.1733826 0.1296622 0.1428443 0.1533895 0.1533529 
S0308         0.3009905 0.1395362 0.1215118 0.1722839 0.1464782 0.1420428 0.0988880 0.1683974 0.1629239 0.1520858 0.1410645 0.1724374 0.0910920 0.0000000 0.1704526 0.0848129 0.1536555 0.1533502 0.1705052 0.0974711 0.1570632 0.1417617 0.1411787 0.1776488 0.1650058 0.1674489 0.1239911 0.1447945 0.1589281 0.0919292 0.1679835 0.1790013 0.1678781 0.0934879 0.0864320 0.1427937 0.1498043 0.1530237 0.1764093 0.1493993 0.1593734 0.1218631 0.1375112 0.1310904 0.0956855 0.2501840 0.1431568 0.0983684 0.1836075 0.1406245 0.1931909 0.1236549 0.1389143 0.1178357 0.1235064 0.1831785 0.1314927 0.1557869 0.0619652 0.1551242 0.1378436 0.1350434 0.0637921 0.1904592 0.1944596 0.1821991 0.1916302 0.1766170 0.1406108 0.2436360 0.1525108 0.0746013 0.0801580 0.1889370 0.1877837 0.2624863 0.1187539 0.2557527 0.1633048 0.2131588 0.1661164 0.0774270 0.1485391 0.1824745 0.2531216 0.1401597 0.1494800 0.1250276 0.1624325 0.1593693 0.1521511 0.0932520 0.1493483 0.1764239 0.0729090 0.1014400 0.0960681 0.1412909 0.0576526 0.1640134 0.1554564 0.1444347 0.1335693 0.1621070 0.1857309 0.1407114 0.1563463 0.1582038 0.1611533 0.1823927 0.1411771 0.1250920 0.1730159 0.1374249 0.1585673 0.1396091 0.1399626 0.1706526 0.1357597 0.1418170 0.1750899 0.1436629 0.1510725 0.1357298 0.1419552 0.1601511 0.1556002 0.1616403 0.1603586 0.1344368 0.1666793 0.1278904 0.1389637 0.1499812 0.1616020 
S0320         0.2791135 0.1289988 0.1143331 0.0500733 0.1493925 0.1217770 0.1951519 0.0437481 0.1461952 0.1347469 0.1280421 0.0486101 0.1716347 0.1704526 0.0000000 0.1698350 0.0412997 0.1330802 0.1678216 0.1771899 0.1309063 0.1218511 0.1217248 0.0598821 0.1544867 0.0445295 0.1152206 0.1302812 0.0539488 0.1722001 0.0783159 0.1702225 0.1483225 0.1474980 0.1683946 0.0511529 0.1317434 0.1356080 0.0538425 0.0763078 0.0818176 0.1053988 0.1169353 0.1304957 0.1752195 0.2163833 0.1229949 0.1883324 0.1544099 0.1210756 0.1795029 0.1171273 0.1217949 0.1122597 0.1123196 0.1722937 0.1275973 0.0748824 0.1155289 0.0761839 0.0666213 0.1209594 0.1429546 0.1744848 0.1758609 0.1712650 0.1761738 0.1565912 0.1392524 0.2133778 0.1314264 0.1331246 0.1409797 0.1660962 0.1648214 0.2307113 0.1120224 0.2375171 0.0714693 0.1914409 0.1492465 0.1421798 0.1394580 0.1689139 0.2338746 0.1216010 0.1310649 0.1048850 0.0425054 0.0795405 0.0843891 0.1758134 0.0693671 0.0528355 0.1275029 0.1849084 0.1765598 0.1251101 0.1155700 0.1502836 0.1474021 0.1247955 0.1142505 0.1463005 0.1781314 0.1201073 0.0834475 0.1476149 0.1580794 0.0499314 0.1194825 0.1166419 0.0473634 0.1368189 0.0837166 0.1198930 0.1322817 0.1570550 0.1234957 0.1245373 0.0523155 0.1188443 0.0744225 0.1178705 0.1328770 0.1502876 0.1383973 0.0866867 0.1495108 0.1206026 0.1575466 0.1197547 0.1237918 0.1300605 0.1378754 
S0322         0.3303514 0.1262488 0.1232335 0.1675367 0.1445575 0.1345551 0.0222452 0.1654538 0.1608320 0.1532531 0.1402532 0.1655450 0.0177279 0.0848129 0.1698350 0.0000000 0.1517858 0.1439629 0.1707050 0.0132660 0.1560402 0.1365961 0.1378498 0.1754105 0.1603543 0.1632775 0.1229773 0.1378302 0.1652631 0.0177796 0.1674528 0.1781933 0.1582272 0.0893552 0.0135589 0.1564182 0.1445753 0.1495192 0.1778245 0.1531599 0.1569914 0.1241652 0.1333485 0.1346188 0.0172876 0.2515773 0.1333842 0.0168411 0.1920629 0.1372996 0.2103266 0.1245996 0.1351017 0.1197782 0.1197309 0.1775758 0.1312693 0.1628773 0.0647267 0.1501839 0.1315318 0.1303603 0.0542920 0.1907353 0.1995875 0.1830955 0.1946934 0.1699812 0.1439635 0.2495068 0.1487982 0.0772597 0.0813840 0.1832099 0.1854594 0.2666603 0.1189950 0.2600019 0.1639339 0.2171968 0.1721424 0.0797502 0.1434032 0.1785412 0.2625237 0.1375237 0.1454770 0.1243399 0.1574765 0.1557785 0.1529167 0.0203315 0.1492969 0.1772852 0.0725104 0.0237268 0.0195903 0.1375582 0.0665311 0.1548669 0.1575437 0.1420361 0.1319994 0.1498899 0.1816299 0.1309903 0.1573446 0.1520776 0.1705616 0.1816343 0.1402420 0.1257883 0.1700726 0.1399202 0.1546693 0.1358779 0.1335720 0.1747468 0.1374869 0.1377387 0.1759708 0.1422417 0.1527147 0.1310856 0.1392848 0.1468643 0.1488282 0.1559564 0.1640264 0.1306182 0.1696376 0.1257743 0.1386367 0.1507261 0.1544793 
S0327         0.2544888 0.1175810 0.1009154 0.0481001 0.1320334 0.1106473 0.1737811 0.0427096 0.1356473 0.1226921 0.1197560 0.0452829 0.1542895 0.1536555 0.0412997 0.1517858 0.0000000 0.1190535 0.1534054 0.1604221 0.1202469 0.1121638 0.1144326 0.0532334 0.1376444 0.0363415 0.1032710 0.1198359 0.0483310 0.1532745 0.0655735 0.1608396 0.1385560 0.1361732 0.1528422 0.0398084 0.1232705 0.1263293 0.0576951 0.0638481 0.0682819 0.0964238 0.1086431 0.1188146 0.1585044 0.2103187 0.1052967 0.1706242 0.1384077 0.1128850 0.1698092 0.1041277 0.1109146 0.0994648 0.0992574 0.1598650 0.1176734 0.0647103 0.1044292 0.0651071 0.0565322 0.1033067 0.1228049 0.1626154 0.1646996 0.1579757 0.1632008 0.1459638 0.1226003 0.2038219 0.1125482 0.1192144 0.1274659 0.1543813 0.1555606 0.2244587 0.0992599 0.2326178 0.0592832 0.1806841 0.1364482 0.1278610 0.1273533 0.1576832 0.2276968 0.1106494 0.1236597 0.0882624 0.0319628 0.0679525 0.0738007 0.1615691 0.0592948 0.0528147 0.1136373 0.1660671 0.1580433 0.1138093 0.1031782 0.1438502 0.1320550 0.1153002 0.1049327 0.1344269 0.1652869 0.1093626 0.0661160 0.1362686 0.1487246 0.0578923 0.1106083 0.1031511 0.0422005 0.1202398 0.0709166 0.1101073 0.1176102 0.1439019 0.1134396 0.1139488 0.0460516 0.1132601 0.0655328 0.1078679 0.1217823 0.1406560 0.1303906 0.0718469 0.1366162 0.1012921 0.1418027 0.0999775 0.1127079 0.1280597 0.1231485 
S0335         0.2676556 0.0907708 0.0796071 0.1307026 0.1022657 0.0966249 0.1588277 0.1358800 0.0780436 0.1049866 0.1069869 0.1371295 0.1482632 0.1533502 0.1330802 0.1439629 0.1190535 0.0000000 0.0739498 0.1536175 0.1070742 0.0979449 0.0962763 0.1364179 0.1230454 0.1246660 0.0855152 0.1070276 0.1069617 0.1439649 0.1204228 0.1180660 0.1111041 0.1317251 0.1442245 0.1170402 0.1081467 0.1044081 0.1414656 0.1104548 0.1113243 0.0569758 0.0960608 0.0938986 0.1484668 0.2150833 0.0963088 0.1609080 0.1437242 0.0986893 0.1296021 0.0831539 0.1007211 0.0816845 0.0847240 0.1218407 0.0964624 0.1109120 0.1026868 0.1065192 0.1027566 0.0789241 0.1206348 0.1208701 0.1330624 0.1189875 0.1312076 0.1317393 0.0982080 0.2200860 0.1159358 0.1155649 0.1183569 0.1196525 0.1198572 0.2329322 0.0821039 0.2238621 0.1057245 0.1368353 0.0747334 0.1252230 0.1148458 0.0964584 0.2271795 0.1021659 0.1043656 0.0673133 0.1194413 0.1127173 0.1113777 0.1486241 0.1110772 0.1399261 0.1153271 0.1602323 0.1537857 0.0942807 0.0987005 0.0727187 0.0783876 0.1069029 0.0865170 0.1109490 0.0990243 0.0906903 0.1127783 0.0773957 0.0832660 0.1412033 0.0991604 0.0860244 0.1353142 0.0968074 0.1141655 0.0994804 0.0948933 0.0888003 0.0593412 0.1008096 0.1386842 0.0988422 0.1145041 0.0952050 0.0720937 0.0659035 0.0308796 0.1152768 0.1075414 0.0820307 0.1164340 0.0828542 0.0585551 0.1154808 0.1052389 
S0345         0.2740836 0.0957163 0.1022962 0.1619467 0.1204400 0.1233927 0.1943067 0.1651060 0.0963834 0.1385885 0.1246303 0.1683128 0.1782081 0.1705052 0.1678216 0.1707050 0.1534054 0.0739498 0.0000000 0.1901171 0.1175278 0.1230166 0.1306992 0.1705123 0.1180124 0.1635825 0.1052163 0.1240080 0.1405528 0.1742762 0.1542478 0.1453547 0.1162461 0.1497383 0.1661567 0.1584894 0.1313338 0.1393292 0.1782381 0.1377876 0.1383564 0.0842182 0.1274669 0.1193348 0.1837362 0.2256443 0.1129991 0.1936220 0.1778481 0.1298641 0.1609568 0.1037383 0.1283293 0.1026084 0.1051989 0.1507085 0.1167368 0.1479897 0.1196886 0.1327739 0.1366839 0.0982579 0.1392795 0.1468841 0.1590928 0.1439117 0.1610903 0.1508693 0.1225184 0.2299230 0.1435493 0.1311916 0.1380052 0.1461662 0.1466521 0.2416025 0.1029603 0.2404384 0.1416801 0.1712338 0.0966897 0.1393156 0.1291442 0.1201772 0.2322192 0.1270195 0.1283064 0.0928427 0.1543158 0.1402428 0.1364966 0.1780721 0.1446765 0.1758939 0.1385433 0.1889453 0.1835062 0.1270250 0.1090331 0.0445874 0.0910184 0.1299318 0.1182995 0.1187857 0.1162727 0.1084043 0.1416938 0.1004850 0.1039328 0.1762771 0.1229944 0.1086265 0.1772279 0.1220181 0.1455450 0.1266670 0.1241201 0.1093491 0.0764784 0.1328802 0.1738952 0.1230541 0.1458135 0.1170663 0.0972117 0.0360985 0.0739322 0.1453150 0.1327932 0.1007669 0.1457020 0.1069243 0.0783142 0.1286576 0.1226134 
S0355         0.3131717 0.1493350 0.1322111 0.1758338 0.1547249 0.1494330 0.0249429 0.1726548 0.1646236 0.1639632 0.1542090 0.1748298 0.0207925 0.0974711 0.1771899 0.0132660 0.1604221 0.1536175 0.1901171 0.0000000 0.1709924 0.1489010 0.1488516 0.1820024 0.1779099 0.1712794 0.1338120 0.1592977 0.1707146 0.0198285 0.1746753 0.1876989 0.1774858 0.1083400 0.0220339 0.1609586 0.1591151 0.1621391 0.1848396 0.1604822 0.1644096 0.1297679 0.1479481 0.1427407 0.0187096 0.2638748 0.1489387 0.0197692 0.1988592 0.1520613 0.2229463 0.1355682 0.1492643 0.1303785 0.1287732 0.1909378 0.1400732 0.1686584 0.0748535 0.1569490 0.1457371 0.1405282 0.0633271 0.1981137 0.2118600 0.1928603 0.2051980 0.1833885 0.1510448 0.2635888 0.1603245 0.0865668 0.0922081 0.1915287 0.1961890 0.2796767 0.1297340 0.2742558 0.1770092 0.2246825 0.1793166 0.0906648 0.1653788 0.1884606 0.2736523 0.1515105 0.1591381 0.1292312 0.1616939 0.1619687 0.1594952 0.0228829 0.1606671 0.1865233 0.0849026 0.0230659 0.0175646 0.1497958 0.0738177 0.1754140 0.1605200 0.1558828 0.1449037 0.1705138 0.1927315 0.1493980 0.1671902 0.1639946 0.1758399 0.1902354 0.1528983 0.1366503 0.1768680 0.1487835 0.1599733 0.1493798 0.1454339 0.1842398 0.1462225 0.1506544 0.1880413 0.1556109 0.1598016 0.1460067 0.1509001 0.1684254 0.1608499 0.1654614 0.1750243 0.1416562 0.1741632 0.1381240 0.1454440 0.1683809 0.1661658 
S0376         0.2651415 0.0850722 0.0841866 0.1343166 0.1153326 0.0807098 0.1809755 0.1321935 0.1291405 0.0936720 0.0890873 0.1290610 0.1538386 0.1570632 0.1309063 0.1560402 0.1202469 0.1070742 0.1175278 0.1709924 0.0000000 0.0792299 0.0876678 0.1423312 0.0882138 0.1277736 0.0909024 0.0424623 0.1158241 0.1553709 0.1277672 0.1458406 0.1093541 0.1328402 0.1455467 0.1207542 0.0970652 0.0917555 0.1461723 0.1213281 0.1126202 0.0879151 0.0775860 0.1027893 0.1629631 0.1862364 0.0844389 0.1784266 0.1443430 0.0866394 0.1573333 0.0902684 0.0817912 0.0873105 0.0868745 0.1437431 0.1094952 0.1211932 0.1053432 0.1080892 0.1135911 0.0929665 0.1274657 0.1517034 0.1519496 0.1492899 0.1529033 0.1191053 0.1074290 0.1936801 0.1124453 0.1156547 0.1188118 0.1405043 0.1429075 0.1946287 0.0864279 0.1960935 0.1061471 0.1632579 0.1171422 0.1259799 0.0922837 0.1506763 0.1945418 0.0863929 0.0967312 0.0893240 0.1286797 0.1134776 0.1124883 0.1587021 0.1192064 0.1423090 0.1194887 0.1728005 0.1660386 0.0840440 0.1010105 0.1163259 0.1207085 0.0889450 0.0805189 0.0939135 0.1465169 0.0843597 0.1168005 0.1279988 0.1244262 0.1497574 0.0871295 0.0908585 0.1298265 0.1071843 0.1128610 0.0816097 0.1034848 0.1355174 0.1055294 0.0888319 0.1438028 0.0887576 0.1140534 0.0824916 0.1072446 0.1094728 0.1121515 0.1154927 0.1246115 0.0933836 0.1330935 0.0940544 0.1078748 0.0507193 0.1042925 
S0400         0.2868611 0.0566496 0.0714559 0.1251494 0.1115543 0.0139095 0.1539675 0.1258240 0.1133356 0.0167775 0.0380577 0.1290557 0.1399235 0.1417617 0.1218511 0.1365961 0.1121638 0.0979449 0.1230166 0.1489010 0.0792299 0.0000000 0.0268961 0.1321206 0.0819451 0.1169332 0.0797312 0.0745667 0.1058346 0.1370980 0.1090975 0.1358275 0.0983150 0.1239099 0.1376550 0.1144799 0.0605696 0.0315984 0.1383476 0.1017761 0.1065527 0.0818200 0.0157691 0.0910443 0.1424061 0.2049665 0.0721768 0.1548647 0.1293150 0.0226033 0.1401542 0.0771938 0.0172517 0.0748981 0.0772881 0.1377991 0.0927141 0.1050977 0.0947836 0.0998313 0.0909794 0.0787345 0.1099957 0.1492586 0.1501343 0.1395416 0.1509164 0.0573059 0.0934159 0.1985327 0.1030694 0.1028327 0.1112179 0.1400792 0.1453350 0.2147167 0.0747254 0.2140813 0.0882935 0.1615809 0.1128504 0.1074937 0.0648788 0.1333302 0.2106208 0.0187572 0.0588600 0.0750235 0.1147921 0.1060089 0.1046761 0.1437448 0.0988612 0.1299505 0.1070519 0.1536327 0.1462587 0.0236819 0.0885903 0.1077196 0.1070977 0.0214213 0.0227015 0.0719987 0.1391206 0.0461425 0.1037810 0.1095393 0.1215423 0.1447716 0.0496850 0.0791783 0.1208453 0.0910329 0.1084615 0.0168840 0.0881725 0.1213284 0.0878347 0.0267979 0.1317845 0.0536307 0.1026996 0.0408233 0.0911422 0.1074999 0.1028134 0.1067129 0.1188730 0.0803001 0.1276787 0.0829924 0.0872814 0.0858522 0.0907982 
S0405         0.2861670 0.0631322 0.0761148 0.1276483 0.1165785 0.0295808 0.1536471 0.1251669 0.1206817 0.0341093 0.0431981 0.1304358 0.1426533 0.1411787 0.1217248 0.1378498 0.1144326 0.0962763 0.1306992 0.1488516 0.0876678 0.0268961 0.0000000 0.1320880 0.0921804 0.1169851 0.0833654 0.0809724 0.1095181 0.1386110 0.1132619 0.1400999 0.1009688 0.1197845 0.1378564 0.1152474 0.0695114 0.0285950 0.1420856 0.1063729 0.1065689 0.0862899 0.0242080 0.0927337 0.1451442 0.2059325 0.0758145 0.1567949 0.1348994 0.0258474 0.1446571 0.0809522 0.0265056 0.0780083 0.0813427 0.1468257 0.0945757 0.1091030 0.0946843 0.1002899 0.0962341 0.0833728 0.1129889 0.1514610 0.1564206 0.1418977 0.1541449 0.0582404 0.0986501 0.1989354 0.1078433 0.1024314 0.1095291 0.1460508 0.1477141 0.2126230 0.0787293 0.2169001 0.0930570 0.1692819 0.1108367 0.1075954 0.0670098 0.1445433 0.2153302 0.0288138 0.0639582 0.0813817 0.1152508 0.1069977 0.1067562 0.1427405 0.1037019 0.1322030 0.1059513 0.1529634 0.1468488 0.0207786 0.0879805 0.1104038 0.1125160 0.0316085 0.0186481 0.0790175 0.1455471 0.0518555 0.1087064 0.1198164 0.1277040 0.1456969 0.0584638 0.0832633 0.1268363 0.0962290 0.1099513 0.0268807 0.0914477 0.1310682 0.0964629 0.0328231 0.1330014 0.0577149 0.1070064 0.0492495 0.1011820 0.1129747 0.1041116 0.1074651 0.1244574 0.0877851 0.1265823 0.0851968 0.0972179 0.0894608 0.0970488 
S0407sl       0.2793787 0.1288132 0.1173551 0.0613273 0.1500990 0.1296528 0.2053129 0.0601932 0.1538370 0.1517810 0.1423590 0.0640176 0.1697344 0.1776488 0.0598821 0.1754105 0.0532334 0.1364179 0.1705123 0.1820024 0.1423312 0.1321206 0.1320880 0.0000000 0.1453735 0.0539154 0.1192266 0.1407808 0.0675792 0.1747105 0.0925341 0.1683936 0.1554264 0.1610818 0.1742965 0.0552205 0.1427116 0.1446465 0.0729362 0.0857698 0.0942754 0.1114668 0.1258433 0.1308615 0.1765311 0.2255748 0.1250498 0.1962165 0.1543631 0.1286718 0.1705373 0.1193928 0.1321512 0.1139723 0.1147310 0.1705498 0.1289266 0.0865799 0.1234798 0.0902094 0.0766455 0.1232795 0.1458088 0.1800992 0.1778718 0.1669699 0.1764957 0.1675730 0.1411238 0.2235938 0.1406386 0.1445873 0.1510980 0.1642935 0.1637079 0.2461029 0.1137029 0.2534018 0.0792436 0.1979848 0.1498352 0.1524171 0.1491018 0.1735936 0.2475530 0.1329009 0.1363299 0.1088537 0.0501670 0.0897847 0.1017540 0.1872252 0.0798135 0.0644745 0.1358110 0.1873484 0.1800889 0.1323028 0.1226692 0.1599326 0.1469901 0.1350484 0.1216066 0.1441787 0.1801116 0.1290074 0.0851934 0.1498363 0.1667349 0.0685466 0.1246246 0.1179040 0.0251650 0.1382936 0.0944406 0.1273606 0.1320255 0.1625068 0.1275470 0.1325452 0.0669569 0.1304786 0.0814550 0.1255021 0.1345443 0.1568979 0.1476209 0.0973901 0.1502900 0.1224309 0.1654802 0.1212468 0.1285261 0.1417068 0.1436488 
S0412sl       0.2770606 0.0688931 0.0957087 0.1582997 0.1244272 0.0853532 0.1880976 0.1533954 0.1328851 0.0967474 0.0892086 0.1542918 0.1590370 0.1650058 0.1544867 0.1603543 0.1376444 0.1230454 0.1180124 0.1779099 0.0882138 0.0819451 0.0921804 0.1453735 0.0000000 0.1439210 0.1027711 0.0957337 0.1263307 0.1563194 0.1426549 0.1446943 0.1025857 0.1354519 0.1563258 0.1393776 0.0987879 0.1039607 0.1598848 0.1330129 0.1229526 0.0980011 0.0819154 0.1142806 0.1713413 0.2012308 0.0589538 0.1907075 0.1475913 0.0925445 0.1427945 0.0985765 0.0872895 0.0974126 0.0947504 0.1650037 0.1168421 0.1376374 0.1075708 0.1251838 0.1213446 0.0996007 0.1263312 0.1590562 0.1698982 0.1496725 0.1654504 0.1106785 0.1107579 0.2012964 0.1230821 0.1185170 0.1332513 0.1623537 0.1608745 0.2039898 0.0983695 0.2113626 0.1179429 0.1865088 0.1260471 0.1256613 0.0950067 0.1527310 0.2058073 0.0912039 0.0935015 0.0968953 0.1368199 0.1249312 0.1288075 0.1688445 0.1332567 0.1532153 0.1175494 0.1706594 0.1672579 0.0891705 0.1021528 0.1178408 0.1312559 0.0906745 0.0810154 0.0869316 0.1564453 0.0840409 0.1365999 0.1352990 0.1379808 0.1684120 0.0845632 0.1011792 0.1451786 0.1079330 0.1282463 0.0869609 0.1116279 0.1435580 0.1090302 0.0897734 0.1617168 0.0916838 0.1372966 0.0794158 0.1155160 0.1085565 0.1164240 0.1311891 0.1330687 0.0980877 0.1532676 0.1046598 0.1102398 0.1017936 0.0899941 
S0417         0.2683130 0.1183777 0.1063873 0.0518575 0.1457689 0.1168630 0.1863080 0.0467286 0.1454284 0.1284669 0.1198034 0.0487723 0.1648456 0.1674489 0.0445295 0.1632775 0.0363415 0.1246660 0.1635825 0.1712794 0.1277736 0.1169332 0.1169851 0.0539154 0.1439210 0.0000000 0.1078721 0.1264109 0.0532072 0.1641318 0.0652146 0.1654740 0.1399397 0.1473692 0.1626092 0.0413470 0.1299595 0.1318535 0.0622352 0.0673394 0.0718227 0.0960004 0.1111100 0.1260821 0.1673460 0.2180825 0.1119110 0.1800585 0.1445916 0.1146180 0.1775667 0.1071857 0.1158016 0.1044713 0.1071619 0.1652825 0.1261368 0.0680985 0.1086341 0.0695051 0.0589660 0.1120073 0.1348872 0.1736530 0.1759647 0.1659313 0.1720429 0.1503465 0.1319855 0.2050802 0.1200541 0.1267764 0.1410672 0.1640304 0.1643636 0.2313962 0.1042532 0.2379489 0.0635126 0.1869172 0.1441655 0.1357035 0.1339585 0.1623590 0.2331514 0.1174350 0.1259768 0.0957700 0.0323378 0.0700489 0.0765664 0.1717710 0.0633719 0.0540917 0.1254399 0.1767323 0.1693774 0.1189403 0.1075848 0.1502279 0.1403420 0.1174951 0.1096284 0.1399989 0.1747614 0.1162481 0.0708893 0.1438465 0.1577289 0.0586675 0.1176831 0.1075553 0.0445469 0.1295871 0.0763326 0.1150128 0.1228675 0.1558878 0.1136820 0.1175865 0.0510465 0.1165963 0.0684056 0.1100662 0.1229650 0.1420917 0.1324532 0.0757748 0.1444584 0.1121119 0.1503076 0.1126979 0.1139997 0.1299679 0.1320176 
S0419         0.2588475 0.0789484 0.0132125 0.1152325 0.0621967 0.0786607 0.1427326 0.1163875 0.0994790 0.0868627 0.0851089 0.1226427 0.1306025 0.1239911 0.1152206 0.1229773 0.1032710 0.0855152 0.1052163 0.1338120 0.0909024 0.0797312 0.0833654 0.1192266 0.1027711 0.1078721 0.0000000 0.0982298 0.0924682 0.1282437 0.1069572 0.1201029 0.1092812 0.1094532 0.1263428 0.1152174 0.0866519 0.0891459 0.1297806 0.0979653 0.0969442 0.0621890 0.0775493 0.0394343 0.1307360 0.1882146 0.0852851 0.1435512 0.1239013 0.0797404 0.1247464 0.0121183 0.0801096 0.0081235 0.0128609 0.1171623 0.0405613 0.1005529 0.0791232 0.0908281 0.0884518 0.0670806 0.0954179 0.1295867 0.1280200 0.1256964 0.1309727 0.1072448 0.0442262 0.1989218 0.0966673 0.0940668 0.0973221 0.1250761 0.1231924 0.2065014 0.0088376 0.2036166 0.0854077 0.1396510 0.0979371 0.0987227 0.0988634 0.1209510 0.2025540 0.0818479 0.0836286 0.0668209 0.1079723 0.0932457 0.0906980 0.1350482 0.0981180 0.1223231 0.0928718 0.1415711 0.1333321 0.0776191 0.0765676 0.1006046 0.0958497 0.0854797 0.0748641 0.0977998 0.1266054 0.0833453 0.0953140 0.0962393 0.1081646 0.1275303 0.0785517 0.0124698 0.1182088 0.0426690 0.0969375 0.0781188 0.0432350 0.1106887 0.0705862 0.0782400 0.1269679 0.0789905 0.0980633 0.0718719 0.0849709 0.1016494 0.0905094 0.0991127 0.0926419 0.0700005 0.1010955 0.0440161 0.0727015 0.0985503 0.0974085 
S0427         0.2758476 0.0698170 0.0882933 0.1315607 0.1200813 0.0769339 0.1659572 0.1288559 0.1245024 0.0861284 0.0870740 0.1265611 0.1400350 0.1447945 0.1302812 0.1378302 0.1198359 0.1070276 0.1240080 0.1592977 0.0424623 0.0745667 0.0809724 0.1407808 0.0957337 0.1264109 0.0982298 0.0000000 0.1121746 0.1424747 0.1268910 0.1381786 0.1081349 0.1250884 0.1381833 0.1240088 0.0908190 0.0872919 0.1440954 0.1136843 0.1177981 0.0883375 0.0731188 0.1057096 0.1518853 0.2058255 0.0796247 0.1677747 0.1404261 0.0779978 0.1444646 0.0967697 0.0765364 0.0935810 0.0953415 0.1425988 0.1075218 0.1136445 0.1021462 0.1124966 0.1017869 0.0982578 0.1144637 0.1474122 0.1499444 0.1410092 0.1512282 0.1097711 0.1095186 0.2074853 0.1131277 0.1154506 0.1167174 0.1455492 0.1408200 0.2147147 0.0928838 0.2185895 0.1064437 0.1646926 0.1185872 0.1219556 0.0836829 0.1488624 0.2179745 0.0791837 0.0879216 0.0868089 0.1265430 0.1181294 0.1214095 0.1462367 0.1093772 0.1349119 0.1129557 0.1624213 0.1530976 0.0771793 0.1002005 0.1089725 0.1168255 0.0803350 0.0729288 0.0854996 0.1462685 0.0798650 0.1181049 0.1238810 0.1306578 0.1494208 0.0783746 0.0976280 0.1376059 0.1070482 0.1217610 0.0776359 0.1072933 0.1334701 0.1003011 0.0798461 0.1345484 0.0809058 0.1097738 0.0735484 0.1061092 0.1100159 0.1031177 0.1152480 0.1237002 0.0965080 0.1401287 0.0964649 0.1018779 0.0478594 0.0999613 
S0428sl       0.2549882 0.1056943 0.0860788 0.0654127 0.1387023 0.1080638 0.1875719 0.0675632 0.1333160 0.1113498 0.1105255 0.0619403 0.1640130 0.1589281 0.0539488 0.1652631 0.0483310 0.1069617 0.1405528 0.1707146 0.1158241 0.1058346 0.1095181 0.0675792 0.1263307 0.0532072 0.0924682 0.1121746 0.0000000 0.1653221 0.0679459 0.1642657 0.1279982 0.1307662 0.1598092 0.0539273 0.1094457 0.1261816 0.0757398 0.0604067 0.0672018 0.0827715 0.1072368 0.1172301 0.1640390 0.1947346 0.1019362 0.1810665 0.1412021 0.1065276 0.1732175 0.0945146 0.1123433 0.0880189 0.0894216 0.1598180 0.1182637 0.0620713 0.0908621 0.0660376 0.0600727 0.0982188 0.1223371 0.1629779 0.1653364 0.1605290 0.1655239 0.1329975 0.1209299 0.1990906 0.1067814 0.1116901 0.1237964 0.1564967 0.1543302 0.2037587 0.0878694 0.2190334 0.0624877 0.1814800 0.1312733 0.1258803 0.1324765 0.1478980 0.2090863 0.1086387 0.1114890 0.0860957 0.0485424 0.0639798 0.0651369 0.1710638 0.0588833 0.0690845 0.1117255 0.1757260 0.1708588 0.1098358 0.0902188 0.1309306 0.1256109 0.1137353 0.0999215 0.1216361 0.1567712 0.1052836 0.0656806 0.1311538 0.1420242 0.0720655 0.1026413 0.0905425 0.0651115 0.1195304 0.0700925 0.1053020 0.1164121 0.1417536 0.1021515 0.1105092 0.0655384 0.1061188 0.0623102 0.1014537 0.1134368 0.1277751 0.1171275 0.0728407 0.1252693 0.0999457 0.1361383 0.0931121 0.1065495 0.1195181 0.1196427 
