130
PAFTOL_019361 0.0000000 0.1388794 0.1998609 0.1589353 0.1892186 0.1317530 0.1803724 0.1631564 0.1409714 0.1249763 0.1794683 0.1556836 0.1561412 0.1481710 0.1649536 0.1629931 0.1587656 0.1736101 0.0000010 0.1553219 0.1396873 0.1317530 0.1488638 0.1560170 0.1255681 0.1663606 0.1604725 0.1685160 0.1337571 0.1749201 0.1257529 0.1536483 0.1713933 0.1540193 0.1466980 0.1633001 0.1335507 0.1539452 0.1484536 0.1595127 0.1681223 0.1400095 0.1482178 0.1553219 0.1463516 0.1482693 0.1553219 0.1648647 0.1572390 0.1544770 0.1477348 0.1697396 0.1620981 0.1488832 0.1637832 0.1463519 0.1595127 0.1495341 0.1463348 0.1404362 0.1658583 0.1647236 0.1692546 0.1624887 0.1456872 0.1639758 0.1397981 0.1562733 0.1620183 0.1669888 0.1485169 0.1700523 0.1060545 0.1629537 0.1450039 0.1466099 0.1394494 0.1541171 0.1403629 0.1549471 0.1457488 0.1317530 0.1552218 0.1390376 0.1495341 0.1595127 0.1692007 0.1561412 0.1330687 0.1645054 0.1390376 0.1480805 0.1714161 0.1328645 0.1389714 0.1247076 0.1360202 0.1317530 0.1487978 0.1461943 0.1315919 0.1483634 0.1625510 0.1390376 0.1246253 0.1650640 0.1498854 0.1620981 0.1560170 0.1718042 0.1595127 0.1318077 0.1521943 0.1247076 0.1558862 0.1724499 0.1494205 0.1499988 0.0000026 0.1484760 0.1477679 0.1481792 0.1610975 0.1725675 0.1390376 0.1382443 0.1809063 0.1332210 0.1894212 0.1376771 
S0055         0.1388794 0.0000000 0.0744262 0.0719158 0.0744798 0.0560094 0.0628944 0.0752774 0.0575453 0.0742100 0.0864277 0.0865289 0.0540773 0.0454539 0.0770947 0.0689861 0.0717950 0.0523023 0.0706420 0.0511896 0.0468186 0.0449364 0.0590231 0.0510767 0.0381946 0.0702565 0.0670943 0.0465021 0.0360033 0.0538818 0.0711125 0.0711891 0.0807195 0.0716514 0.0777420 0.0525499 0.0546375 0.0812717 0.0711819 0.0800923 0.0668940 0.0356608 0.0657659 0.0489775 0.0995214 0.0687290 0.0589163 0.0396867 0.0717528 0.0713363 0.0602376 0.0649613 0.0737407 0.0768654 0.0635719 0.0628385 0.0778155 0.0686977 0.0529394 0.0416381 0.0715136 0.0775790 0.0706939 0.0656294 0.0914632 0.0736768 0.1042898 0.0894129 0.0295953 0.0516419 0.0819895 0.0931908 0.0908689 0.0653432 0.1045008 0.0724428 0.0536700 0.0609881 0.0531182 0.0593420 0.1112171 0.0486163 0.0449844 0.0550592 0.0757483 0.0779823 0.0825205 0.0594512 0.0780074 0.0826267 0.0591479 0.0505992 0.0825499 0.0487646 0.0570135 0.0477116 0.0549170 0.0505489 0.0527029 0.0348342 0.0692693 0.0376291 0.0738757 0.0536863 0.0534743 0.0824028 0.0311883 0.0690800 0.0875600 0.0715086 0.0843922 0.0488431 0.0615187 0.0493099 0.0323677 0.0802444 0.0470729 0.0819151 0.0000010 0.0623916 0.0610776 0.0492772 0.0825175 0.0773012 0.0491988 0.0796096 0.0690288 0.0494468 0.0671560 0.0460009 
S0196sl       0.1998609 0.0744262 0.0000000 0.0828966 0.0424046 0.0696975 0.0770602 0.0722951 0.0484230 0.0875522 0.1016963 0.0800159 0.0667670 0.0570477 0.0651207 0.0819275 0.0662157 0.0534118 0.0503346 0.0657857 0.0414016 0.0611322 0.0687482 0.0458629 0.0382708 0.0644025 0.0071503 0.0651538 0.0319652 0.0691351 0.0612821 0.0567862 0.0813408 0.0867474 0.0683222 0.0813779 0.0658405 0.0792525 0.0547947 0.0821493 0.0617914 0.0353059 0.0363220 0.0612947 0.0978299 0.0701683 0.0747058 0.0745179 0.0575710 0.0145030 0.0722761 0.0089327 0.0164265 0.0625784 0.0381708 0.0836784 0.0794410 0.0582488 0.0440540 0.0547468 0.0589964 0.0680593 0.0564605 0.0550145 0.0685212 0.0339368 0.1054503 0.0715495 0.0477550 0.0707940 0.0725693 0.0752181 0.0902664 0.0145611 0.1034709 0.0587000 0.0530612 0.0841810 0.0781821 0.0549139 0.1131354 0.0611748 0.0811408 0.0464084 0.0661762 0.0796276 0.0821008 0.0754750 0.0684467 0.0931693 0.0772792 0.0720915 0.0975499 0.0632754 0.0774122 0.0506120 0.0456860 0.0634277 0.0591354 0.0695014 0.0591083 0.0631927 0.0617905 0.0444405 0.0462895 0.0782453 0.0671354 0.0126120 0.0774737 0.0397977 0.0889637 0.0614986 0.0637699 0.0482466 0.0697771 0.0842463 0.0771730 0.0725344 0.0000010 0.0613557 0.0589753 0.0523025 0.0778808 0.0589008 0.0400340 0.0653179 0.0399780 0.0483923 0.0864401 0.0402818 
S0278         0.1589353 0.0719158 0.0828966 0.0000000 0.0859907 0.0754543 0.0799078 0.0434057 0.0641140 0.1030107 0.1107145 0.0418025 0.0709744 0.0701183 0.0387838 0.0799492 0.0455838 0.0582437 0.0466643 0.0678140 0.0444583 0.0674859 0.0786252 0.0337844 0.0514881 0.0378214 0.0745100 0.0590467 0.0245903 0.0728749 0.0534940 0.0742012 0.1020036 0.0923908 0.0418342 0.0849614 0.0741586 0.0454540 0.0535432 0.0636745 0.0828942 0.0519854 0.0747934 0.0657222 0.1103030 0.0806085 0.0760284 0.0830811 0.0703040 0.0789328 0.0801504 0.0763071 0.0768756 0.0799770 0.0765333 0.0912304 0.0614049 0.0507814 0.0572686 0.0659012 0.0745458 0.0745720 0.0694005 0.0763190 0.1152589 0.0815330 0.1179010 0.0929997 0.0464433 0.0766908 0.0768992 0.0874018 0.0986526 0.0768476 0.1102065 0.0743434 0.0578105 0.0939642 0.0778609 0.0619122 0.1170812 0.0675295 0.0805655 0.0558294 0.0381654 0.0615343 0.0657967 0.0741803 0.0619455 0.0382315 0.0851351 0.0737206 0.1034874 0.0697433 0.0874411 0.0500286 0.0593645 0.0696373 0.0722146 0.0800555 0.0760527 0.0721909 0.0500463 0.0576814 0.0574515 0.0420226 0.0654550 0.0765675 0.0605525 0.0833901 0.0695898 0.0678595 0.0695944 0.0516855 0.0785547 0.0472364 0.0747844 0.0593777 0.0000010 0.0800512 0.0576921 0.0592370 0.0618838 0.0804286 0.0515552 0.1002082 0.0680839 0.0518298 0.0886801 0.0559810 
S0281         0.1892186 0.0744798 0.0424046 0.0859907 0.0000000 0.0719108 0.0848339 0.0721431 0.0601598 0.0863525 0.1087061 0.0791206 0.0734792 0.0720675 0.0737492 0.0849750 0.0745599 0.0602091 0.0624037 0.0722375 0.0551526 0.0600518 0.0733580 0.0426692 0.0508881 0.0755357 0.0384437 0.0682140 0.0392200 0.0775506 0.0741368 0.0559120 0.0958049 0.0966852 0.0785805 0.0956651 0.0726117 0.0867417 0.0679691 0.0898751 0.0921256 0.0451622 0.0423823 0.0678783 0.1118803 0.0852533 0.0805883 0.0783979 0.0606472 0.0422947 0.0765712 0.0401633 0.0367015 0.0696040 0.0440809 0.0867933 0.0872955 0.0695544 0.0556257 0.0678302 0.0680041 0.0768350 0.0655121 0.0602394 0.0910847 0.0362380 0.1171230 0.0825640 0.0516029 0.0811560 0.0761341 0.0829287 0.1006234 0.0406116 0.1148597 0.0674991 0.0623293 0.0895648 0.0881814 0.0559432 0.1193836 0.0639982 0.0910191 0.0580480 0.0743530 0.0874868 0.0922303 0.0765198 0.0785775 0.0922084 0.0892958 0.0763238 0.1016405 0.0701612 0.0809972 0.0537766 0.0557346 0.0660960 0.0706608 0.0828277 0.0659806 0.0804089 0.0769859 0.0601803 0.0599380 0.0837859 0.0780319 0.0440139 0.0771621 0.0379533 0.0935489 0.0643121 0.0644074 0.0596483 0.0716683 0.0892588 0.0916191 0.0806140 0.0000010 0.0828898 0.0615421 0.0572990 0.0897629 0.0673082 0.0537198 0.0803145 0.0597325 0.0598175 0.0921341 0.0483121 
S0282         0.1317530 0.0560094 0.0696975 0.0754543 0.0719108 0.0000000 0.0666179 0.0789000 0.0616032 0.0308140 0.0885539 0.0860264 0.0578748 0.0548508 0.0764854 0.0686631 0.0833933 0.0616901 0.0867583 0.0569392 0.0462725 0.0097460 0.0252942 0.0594705 0.0239947 0.0785234 0.0628923 0.0444752 0.0418515 0.0597072 0.0771631 0.0684797 0.0745541 0.0839953 0.0813122 0.0620099 0.0182210 0.0914691 0.0731879 0.0844757 0.0624305 0.0132560 0.0673766 0.0566243 0.0942326 0.0668855 0.0647921 0.0564243 0.0713774 0.0670606 0.0232890 0.0646376 0.0632047 0.0705086 0.0690847 0.0687360 0.0819816 0.0748086 0.0545856 0.0509185 0.0727042 0.0756192 0.0723544 0.0688877 0.0796613 0.0797510 0.1010117 0.0870458 0.0295953 0.0612300 0.0857002 0.0905812 0.0877086 0.0670178 0.0969447 0.0725049 0.0634107 0.0750910 0.0551878 0.0711874 0.1055775 0.0097514 0.0617948 0.0572026 0.0793144 0.0821581 0.0867640 0.0610890 0.0842555 0.0929671 0.0710033 0.0623537 0.0867343 0.0164411 0.0632008 0.0571638 0.0546440 0.0114187 0.0165440 0.0556267 0.0753795 0.0504119 0.0800270 0.0572570 0.0551304 0.0865000 0.0477492 0.0648503 0.0959786 0.0857149 0.0907143 0.0097947 0.0714653 0.0568854 0.0524277 0.0897969 0.0564299 0.0861230 0.0000010 0.0561614 0.0609741 0.0586855 0.0867606 0.0709197 0.0508463 0.0982641 0.0667336 0.0570440 0.0708206 0.0533027 
S0288         0.1803724 0.0628944 0.0770602 0.0799078 0.0848339 0.0666179 0.0000000 0.0769352 0.0597567 0.0919346 0.1050853 0.0840959 0.0117163 0.0379776 0.0787877 0.0216376 0.0834808 0.0578957 0.0575977 0.0114831 0.0610678 0.0588937 0.0739500 0.0600121 0.0573062 0.0656185 0.0671264 0.0610548 0.0516496 0.0133143 0.0772448 0.0748088 0.0968807 0.0634016 0.0769457 0.0835608 0.0652846 0.0915645 0.0773217 0.0862726 0.0776054 0.0578259 0.0713778 0.0100852 0.1054105 0.0859482 0.0115065 0.0716511 0.0716195 0.0757636 0.0711017 0.0732116 0.0779748 0.0770108 0.0730871 0.0567960 0.0837688 0.0769405 0.0588033 0.0306862 0.0791397 0.0823873 0.0748364 0.0737549 0.1032457 0.0842813 0.1126479 0.0982565 0.0691611 0.0513995 0.0841822 0.0954707 0.0989147 0.0737211 0.1104586 0.0707585 0.0655177 0.0571497 0.0806058 0.0688817 0.1172272 0.0589308 0.0712010 0.0630313 0.0793985 0.0839489 0.0885659 0.0115420 0.0843447 0.0939677 0.0609157 0.0066653 0.0290839 0.0629561 0.0552003 0.0592145 0.0606374 0.0609595 0.0633926 0.0646451 0.0775967 0.0631427 0.0801119 0.0612279 0.0609849 0.0823996 0.0586986 0.0734574 0.0977095 0.0861133 0.0925136 0.0592130 0.0668497 0.0589254 0.0673007 0.0879512 0.0736190 0.0897774 0.0000010 0.0773244 0.0631398 0.0607337 0.0844422 0.0789095 0.0531241 0.1007386 0.0731695 0.0590904 0.0845441 0.0613805 
S0289         0.1631564 0.0752774 0.0722951 0.0434057 0.0721431 0.0789000 0.0769352 0.0000000 0.0590725 0.1017186 0.1162484 0.0304140 0.0681146 0.0707898 0.0308180 0.0745395 0.0393537 0.0553952 0.0573383 0.0669757 0.0490903 0.0670137 0.0867074 0.0363339 0.0567999 0.0298013 0.0691185 0.0650611 0.0242637 0.0679876 0.0451413 0.0727593 0.1010266 0.0864377 0.0339619 0.0883750 0.0776335 0.0467775 0.0451809 0.0567273 0.0883427 0.0542740 0.0733279 0.0606872 0.1146517 0.0860877 0.0731167 0.0950175 0.0709734 0.0733904 0.0836252 0.0708784 0.0694410 0.0825599 0.0750360 0.0914682 0.0583739 0.0480150 0.0581278 0.0666371 0.0730898 0.0751757 0.0681711 0.0728619 0.1077069 0.0818241 0.1222765 0.0871326 0.0456409 0.0772607 0.0816001 0.0927174 0.1009326 0.0713681 0.1176246 0.0728952 0.0566980 0.0921083 0.0812781 0.0607111 0.1245259 0.0709721 0.0818306 0.0567157 0.0304239 0.0584939 0.0626385 0.0712943 0.0531888 0.0476200 0.0877312 0.0707869 0.0993810 0.0731981 0.0899154 0.0585614 0.0582603 0.0730872 0.0756919 0.0898044 0.0765538 0.0775745 0.0417631 0.0547179 0.0545056 0.0325323 0.0711594 0.0751423 0.0498142 0.0920182 0.0663453 0.0713177 0.0628883 0.0563642 0.0923891 0.0428011 0.0802153 0.0530448 0.0000010 0.0854424 0.0643495 0.0562538 0.0607064 0.0788512 0.0543738 0.0920815 0.0687211 0.0565200 0.0989618 0.0568673 
S0292         0.1409714 0.0575453 0.0484230 0.0641140 0.0601598 0.0616032 0.0597567 0.0590725 0.0000000 0.0788224 0.0920800 0.0676791 0.0486488 0.0477693 0.0585718 0.0696906 0.0575256 0.0386570 0.0539702 0.0535958 0.0444379 0.0577007 0.0688039 0.0481648 0.0419638 0.0559100 0.0439789 0.0570761 0.0273362 0.0545742 0.0532149 0.0535071 0.0839247 0.0760092 0.0594010 0.0818509 0.0641410 0.0690958 0.0532634 0.0655531 0.0741521 0.0393866 0.0481832 0.0493234 0.0844676 0.0759903 0.0537190 0.0699008 0.0498490 0.0460010 0.0678197 0.0457055 0.0479095 0.0629075 0.0498897 0.0693692 0.0634013 0.0543655 0.0271866 0.0401778 0.0575638 0.0619157 0.0473330 0.0497592 0.0908544 0.0516814 0.0927273 0.0714718 0.0354859 0.0579195 0.0677547 0.0763757 0.0754352 0.0460091 0.0891920 0.0613688 0.0384457 0.0677694 0.0746408 0.0365360 0.0956640 0.0577374 0.0734563 0.0346173 0.0574952 0.0635341 0.0678301 0.0581184 0.0616151 0.0770877 0.0676422 0.0551935 0.0838189 0.0617970 0.0677722 0.0326095 0.0226159 0.0597828 0.0620984 0.0671421 0.0346405 0.0614433 0.0556788 0.0185384 0.0167549 0.0680275 0.0608940 0.0458520 0.0669608 0.0572977 0.0696767 0.0580169 0.0384899 0.0325992 0.0656092 0.0714376 0.0699203 0.0672570 0.0000010 0.0654922 0.0398200 0.0306112 0.0638966 0.0573242 0.0236880 0.0777453 0.0475228 0.0326863 0.0801858 0.0292769 
S0293         0.1249763 0.0742100 0.0875522 0.1030107 0.0863525 0.0308140 0.0919346 0.1017186 0.0788224 0.0000000 0.1127677 0.1030565 0.0840709 0.0797823 0.0938661 0.0914769 0.1049230 0.0877363 0.1532320 0.0824291 0.0498106 0.0288091 0.0458945 0.0717743 0.0214740 0.1024956 0.0801504 0.0676577 0.0391318 0.0813044 0.1001198 0.0818110 0.0987696 0.1049645 0.1076300 0.0810844 0.0391605 0.1174779 0.0978022 0.1061515 0.0895482 0.0106223 0.0880045 0.0790835 0.1180340 0.0823836 0.0871651 0.0748673 0.0850884 0.0852195 0.0432295 0.0821778 0.0779696 0.0991180 0.0899743 0.0941654 0.1054883 0.0952317 0.0773145 0.0749048 0.0945980 0.1033547 0.0962129 0.0820737 0.0644419 0.1006461 0.1260457 0.1072161 0.0579121 0.0824463 0.1101930 0.1163410 0.1106532 0.0798760 0.1186181 0.0990848 0.0882406 0.1025210 0.0735106 0.0949532 0.1292640 0.0268243 0.0812053 0.0779887 0.1026698 0.1057553 0.1114721 0.0849771 0.1036854 0.1219124 0.0919514 0.0820153 0.0875274 0.0370127 0.0873754 0.0752532 0.0707064 0.0308845 0.0330981 0.0642254 0.0980797 0.0696935 0.0956986 0.0780408 0.0753913 0.1054995 0.0664569 0.0825225 0.0980958 0.1052382 0.1104275 0.0289770 0.0982357 0.0823390 0.0699644 0.1126196 0.0818234 0.1087532 0.0000010 0.0839257 0.0848659 0.0821677 0.1114656 0.0869242 0.0750462 0.1159069 0.0897264 0.0826134 0.0974294 0.0710326 
S0294         0.1794683 0.0864277 0.1016963 0.1107145 0.1087061 0.0885539 0.1050853 0.1162484 0.0920800 0.1127677 0.0000000 0.1155060 0.0887036 0.0875853 0.0980233 0.1099579 0.1081499 0.0928434 0.1132260 0.0961552 0.0738558 0.0824508 0.0944569 0.0841569 0.0851745 0.0989656 0.0935874 0.0743228 0.0794901 0.0998675 0.1006975 0.1092685 0.0845898 0.1132704 0.1015366 0.0903947 0.0872604 0.1123634 0.1008049 0.1103918 0.0871963 0.0827478 0.0949164 0.0885428 0.1307124 0.0947745 0.1005889 0.0844531 0.1014918 0.0960785 0.0996361 0.0912566 0.1029948 0.1198891 0.0966451 0.1093968 0.1076267 0.0985040 0.0953271 0.0766231 0.1135470 0.1150889 0.1003202 0.0927767 0.0532705 0.1028268 0.1315492 0.1199764 0.0512096 0.0970767 0.1171804 0.1203264 0.1217254 0.0981291 0.1362039 0.1089445 0.0919789 0.1034794 0.0793437 0.1052046 0.1386213 0.0825055 0.0818894 0.0897894 0.1037915 0.1078645 0.1128736 0.1059455 0.1107779 0.1279889 0.1011990 0.0964054 0.1301731 0.0846979 0.1078677 0.0910151 0.0907127 0.0826757 0.0812578 0.0779312 0.1075895 0.0718703 0.0950518 0.0946565 0.0942608 0.1132307 0.0713092 0.0999614 0.1232137 0.1090408 0.1169897 0.0829092 0.1071455 0.0888378 0.0800406 0.1196585 0.0803883 0.1169444 0.0000010 0.0823403 0.1017479 0.0969285 0.1105684 0.1096631 0.0911908 0.1119771 0.1004781 0.0850364 0.0997024 0.0880654 
S0299         0.1556836 0.0865289 0.0800159 0.0418025 0.0791206 0.0860264 0.0840959 0.0304140 0.0676791 0.1030565 0.1155060 0.0000000 0.0751360 0.0736823 0.0274840 0.0815977 0.0416370 0.0619591 0.0620941 0.0738558 0.0442369 0.0778410 0.0941839 0.0311477 0.0542379 0.0338511 0.0719919 0.0677354 0.0188722 0.0709217 0.0493991 0.0716278 0.1111469 0.0939787 0.0379493 0.1002214 0.0806037 0.0470074 0.0494437 0.0609240 0.0916084 0.0455698 0.0762872 0.0654685 0.1095015 0.0934968 0.0760649 0.1005234 0.0677750 0.0763531 0.0909352 0.0737763 0.0763600 0.0815167 0.0780161 0.0990565 0.0667975 0.0485048 0.0626599 0.0694458 0.0760363 0.0781637 0.0729537 0.0696729 0.1092283 0.0891955 0.1217082 0.0897042 0.0570373 0.0781486 0.0763664 0.0873662 0.1001312 0.0702156 0.1192838 0.0779250 0.0651658 0.0954299 0.0844554 0.0693310 0.1262960 0.0778925 0.0892032 0.0612546 0.0343366 0.0669373 0.0712501 0.0742158 0.0576721 0.0554875 0.0909636 0.0758776 0.1073181 0.0801994 0.0931917 0.0631352 0.0649526 0.0800758 0.0828052 0.0887287 0.0791532 0.0806215 0.0404039 0.0631107 0.0628593 0.0363093 0.0760046 0.0781288 0.0504034 0.0953360 0.0750488 0.0782784 0.0774485 0.0608679 0.0957268 0.0430085 0.0875790 0.0574572 9.0000000 0.0886245 0.0709853 0.0646437 0.0610269 0.0818943 0.0588260 0.0996316 0.0735535 0.0610390 0.1024315 0.0614204 
S0303         0.1561412 0.0540773 0.0667670 0.0709744 0.0734792 0.0578748 0.0117163 0.0681146 0.0486488 0.0840709 0.0887036 0.0751360 0.0000000 0.0311450 0.0695064 0.0203311 0.0745834 0.0529432 0.0472203 0.0066106 0.0402884 0.0521005 0.0670219 0.0465587 0.0431749 0.0586961 0.0559655 0.0515793 0.0374686 0.0084020 0.0618298 0.0635939 0.0804661 0.0563385 0.0681231 0.0700726 0.0584270 0.0805861 0.0659955 0.0746557 0.0640620 0.0435660 0.0583282 0.0068100 0.0911929 0.0743942 0.0066241 0.0625065 0.0623618 0.0643588 0.0642501 0.0619266 0.0643543 0.0614373 0.0600534 0.0497244 0.0722484 0.0653978 0.0477392 0.0221137 0.0678119 0.0730636 0.0635757 0.0642223 0.0732007 0.0748960 0.0979345 0.0866008 0.0519912 0.0406977 0.0726017 0.0836071 0.0845787 0.0623433 0.0960456 0.0638733 0.0543271 0.0461062 0.0646381 0.0598718 0.1024852 0.0521334 0.0638535 0.0516927 0.0705196 0.0724033 0.0767185 0.0100680 0.0728085 0.0824551 0.0519454 0.0067831 0.0334238 0.0561381 0.0481040 0.0480978 0.0534329 0.0541492 0.0565290 0.0575569 0.0659467 0.0541531 0.0686397 0.0543436 0.0541258 0.0734103 0.0513212 0.0621331 0.0882324 0.0767346 0.0807940 0.0523858 0.0559373 0.0421483 0.0582418 0.0790020 0.0622712 0.0782292 0.0000010 0.0617835 0.0538349 0.0517068 0.0728262 0.0698864 0.0421698 0.0847307 0.0599407 0.0441194 0.0728024 0.0503005 
S0308         0.1481710 0.0454539 0.0570477 0.0701183 0.0720675 0.0548508 0.0379776 0.0707898 0.0477693 0.0797823 0.0875853 0.0736823 0.0311450 0.0000000 0.0600630 0.0416551 0.0672693 0.0462624 0.0498385 0.0253339 0.0418113 0.0473558 0.0617454 0.0482726 0.0387348 0.0599491 0.0496213 0.0469879 0.0333166 0.0311187 0.0570551 0.0589592 0.0694303 0.0455575 0.0652684 0.0649996 0.0534552 0.0750873 0.0590083 0.0670680 0.0572277 0.0361677 0.0536317 0.0243192 0.0881552 0.0756386 0.0324461 0.0554711 0.0594155 0.0536218 0.0591126 0.0513553 0.0536286 0.0644880 0.0553316 0.0433284 0.0647831 0.0582944 0.0397008 0.0166081 0.0630680 0.0697606 0.0547870 0.0535402 0.0809215 0.0615773 0.0925630 0.0750048 0.0351010 0.0290706 0.0673154 0.0779638 0.0795172 0.0516994 0.0929148 0.0549493 0.0458089 0.0398503 0.0619483 0.0494176 0.0994082 0.0473849 0.0609223 0.0455951 0.0633382 0.0649183 0.0691986 0.0327266 0.0655103 0.0854113 0.0378269 0.0314559 0.0598188 0.0512600 0.0380609 0.0418334 0.0370693 0.0493340 0.0516090 0.0485910 0.0572038 0.0493828 0.0572349 0.0363352 0.0398404 0.0740812 0.0407282 0.0515216 0.0848016 0.0673268 0.0729825 0.0476087 0.0553295 0.0397808 0.0495339 0.0709906 0.0554766 0.0732356 0.0000010 0.0570283 0.0492372 0.0433863 0.0652860 0.0629328 0.0360952 0.0814433 0.0531287 0.0398882 0.0694676 0.0419567 
S0320         0.1649536 0.0770947 0.0651207 0.0387838 0.0737492 0.0764854 0.0787877 0.0308180 0.0585718 0.0938661 0.0980233 0.0274840 0.0695064 0.0600630 0.0000000 0.0763213 0.0366678 0.0508785 0.0520737 0.0685698 0.0425723 0.0703659 0.0819039 0.0266041 0.0432515 0.0268460 0.0606081 0.0622709 0.0194884 0.0696313 0.0425364 0.0624150 0.0962341 0.0843642 0.0311861 0.0858382 0.0771891 0.0422101 0.0425744 0.0536425 0.0797538 0.0406027 0.0669546 0.0580846 0.0991318 0.0795738 0.0748748 0.0884776 0.0627698 0.0628171 0.0771254 0.0623943 0.0648452 0.0803779 0.0686990 0.0895125 0.0553105 0.0415387 0.0538475 0.0602786 0.0667325 0.0710612 0.0640092 0.0646787 0.0773841 0.0796777 0.1083716 0.0785315 0.0460348 0.0669342 0.0690695 0.0842055 0.0876085 0.0628175 0.1041851 0.0706143 0.0562615 0.0901516 0.0725586 0.0623355 0.1110052 0.0704122 0.0794875 0.0523034 0.0275893 0.0554250 0.0595760 0.0730089 0.0507012 0.0468279 0.0814628 0.0725225 0.1018780 0.0726761 0.0836595 0.0541433 0.0576882 0.0685546 0.0752122 0.0810016 0.0684748 0.0690191 0.0350600 0.0542358 0.0540194 0.0331313 0.0639949 0.0666303 0.0471943 0.0857777 0.0633097 0.0707619 0.0665238 0.0501465 0.0838174 0.0361745 0.0757678 0.0543975 0.0000010 0.0769257 0.0620507 0.0558105 0.0538109 0.0725582 0.0500397 0.0837172 0.0623552 0.0521962 0.0923686 0.0524142 
S0322         0.1629931 0.0689861 0.0819275 0.0799492 0.0849750 0.0686631 0.0216376 0.0745395 0.0696906 0.0914769 0.1099579 0.0815977 0.0203311 0.0416551 0.0763213 0.0000000 0.0836151 0.0597596 0.0621635 0.0148407 0.0583194 0.0608949 0.0760769 0.0539751 0.0509984 0.0658347 0.0693633 0.0651267 0.0453931 0.0184653 0.0752930 0.0709141 0.0906672 0.0614969 0.0750013 0.0858709 0.0673406 0.0917129 0.0753676 0.0837496 0.0756438 0.0514545 0.0694959 0.0117438 0.1077261 0.0862315 0.0199629 0.0779695 0.0657374 0.0760553 0.0731889 0.0755055 0.0781025 0.0750672 0.0712075 0.0607350 0.0812832 0.0749493 0.0627116 0.0378945 0.0751975 0.0806179 0.0705409 0.0698223 0.0978325 0.0866982 0.1128465 0.0939420 0.0573223 0.0552472 0.0801589 0.0913291 0.1012352 0.0760346 0.1128174 0.0690280 0.0695470 0.0649771 0.0808723 0.0729108 0.1195863 0.0609334 0.0794870 0.0670040 0.0774360 0.0814567 0.0860137 0.0166072 0.0823457 0.0940180 0.0609461 0.0169254 0.0398437 0.0649872 0.0552796 0.0631528 0.0646780 0.0629771 0.0654396 0.0709276 0.0817505 0.0673045 0.0781307 0.0651913 0.0649305 0.0804052 0.0626624 0.0777656 0.0955653 0.0885400 0.0899267 0.0592902 0.0708549 0.0628425 0.0735126 0.0854213 0.0738576 0.0877760 0.0000010 0.0753704 0.0690722 0.0646616 0.0819317 0.0749790 0.0569783 0.1048055 0.0692701 0.0591760 0.0930691 0.0634132 
S0327         0.1587656 0.0717950 0.0662157 0.0455838 0.0745599 0.0833933 0.0834808 0.0393537 0.0575256 0.1049230 0.1081499 0.0416370 0.0745834 0.0672693 0.0366678 0.0836151 0.0000000 0.0538936 0.0533105 0.0713628 0.0494477 0.0753031 0.0871406 0.0311506 0.0605910 0.0318533 0.0616862 0.0696057 0.0188741 0.0720183 0.0399099 0.0614394 0.1017430 0.0850618 0.0288485 0.0865976 0.0777985 0.0341377 0.0399447 0.0612633 0.0781472 0.0547349 0.0638512 0.0632991 0.1045304 0.0887616 0.0796020 0.0892561 0.0595643 0.0658856 0.0882234 0.0595777 0.0658927 0.0771101 0.0655688 0.0879818 0.0590332 0.0389400 0.0509529 0.0631348 0.0617156 0.0676741 0.0628251 0.0594928 0.1034147 0.0762705 0.1118169 0.0831824 0.0519517 0.0697325 0.0720266 0.0892173 0.0930670 0.0617697 0.1096211 0.0714795 0.0532837 0.0885993 0.0798612 0.0553620 0.1164538 0.0753523 0.0760223 0.0533015 0.0288544 0.0591558 0.0633550 0.0733569 0.0459812 0.0479987 0.0821932 0.0753141 0.1050272 0.0715593 0.0822299 0.0475973 0.0526257 0.0775059 0.0780742 0.0775873 0.0731019 0.0761677 0.0381703 0.0513126 0.0511123 0.0418497 0.0653373 0.0676435 0.0461645 0.0781744 0.0651638 0.0757218 0.0652211 0.0491930 0.0846454 0.0452131 0.0784399 0.0477157 2.6786266 0.0798482 0.0589340 0.0454058 0.0575500 0.0714208 0.0472368 0.0802828 0.0652700 0.0493282 0.0889695 0.0421952 
S0335         0.1736101 0.0523023 0.0534118 0.0582437 0.0602091 0.0616901 0.0578957 0.0553952 0.0386570 0.0877363 0.0928434 0.0619591 0.0529432 0.0462624 0.0508785 0.0597596 0.0538936 0.0000000 0.0317809 0.0521083 0.0417475 0.0539471 0.0667348 0.0509091 0.0476371 0.0480245 0.0501505 0.0554580 0.0389026 0.0548223 0.0477762 0.0481792 0.0804877 0.0684735 0.0499689 0.0743126 0.0603094 0.0596052 0.0461771 0.0603947 0.0666557 0.0450897 0.0503209 0.0455741 0.0941629 0.0723729 0.0599853 0.0624747 0.0524155 0.0541988 0.0640069 0.0519028 0.0542057 0.0594806 0.0520370 0.0657357 0.0581357 0.0451748 0.0402210 0.0384792 0.0521935 0.0606438 0.0478007 0.0465615 0.0744131 0.0579955 0.0964873 0.0738845 0.0516498 0.0503779 0.0559756 0.0686219 0.0849677 0.0503110 0.0991055 0.0540191 0.0426388 0.0703770 0.0652191 0.0461735 0.1058097 0.0539812 0.0660206 0.0443301 0.0499778 0.0582583 0.0605532 0.0562526 0.0543887 0.0707528 0.0580878 0.0534174 0.0774596 0.0580029 0.0601524 0.0328821 0.0376782 0.0560062 0.0584079 0.0635899 0.0540646 0.0560619 0.0523724 0.0349027 0.0347685 0.0560793 0.0532445 0.0539915 0.0718839 0.0578675 0.0641497 0.0542420 0.0522070 0.0384687 0.0582546 0.0656859 0.0601598 0.0639793 0.0000010 0.0620757 0.0439838 0.0185330 0.0585910 0.0557931 0.0365659 0.0761630 0.0480982 0.0385736 0.0623502 0.0388034 
S0345         0.0000010 0.0706420 0.0503346 0.0466643 0.0624037 0.0867583 0.0575977 0.0573383 0.0539702 0.1532320 0.1132260 0.0620941 0.0472203 0.0498385 0.0520737 0.0621635 0.0533105 0.0317809 0.0000000 0.0499737 0.0625276 0.0745238 0.0847851 0.0393817 0.0632214 0.0461298 0.0425234 0.0652971 0.0380400 0.0501506 0.0495204 0.0575193 0.0915999 0.0826871 0.0458614 0.0781743 0.0785634 0.0575690 0.0418411 0.0740607 0.0705354 0.0702443 0.0425272 0.0513939 0.0909953 0.0751673 0.0617502 0.0833352 0.0502574 0.0501685 0.0915525 0.0462674 0.0506546 0.0459090 0.0424043 0.0698067 0.0693998 0.0517976 0.0345905 0.0536943 0.0577824 0.0497891 0.0381385 0.0540552 0.1101094 0.0502777 0.0814373 0.0867222 0.0582801 0.0575555 0.0581052 0.0663558 0.0876845 0.0463029 0.0962855 0.0538075 0.0310638 0.0700924 0.0833301 0.0383209 0.0959845 0.0787005 0.0906988 0.0312630 0.0419498 0.0696940 0.0696940 0.0621232 0.0661137 0.0768752 0.0699958 0.0639757 0.1118977 0.0745045 0.0704593 0.0203469 0.0356827 0.0745238 0.0752849 0.0881614 0.0571494 0.0783632 0.0460040 0.0347137 0.0381939 0.0547666 0.0673973 0.0424971 0.0841247 0.0541037 0.0822659 0.0745238 0.0381649 0.0272924 0.0786466 0.0579186 0.0740826 0.0571070 0.0000010 0.0781591 0.0236668 0.0306850 0.0739675 0.0575353 0.0309926 0.0775441 0.0421293 0.0202925 0.0834645 0.0346178 
S0355         0.1553219 0.0511896 0.0657857 0.0678140 0.0722375 0.0569392 0.0114831 0.0669757 0.0535958 0.0824291 0.0961552 0.0738558 0.0066106 0.0253339 0.0685698 0.0148407 0.0713628 0.0521083 0.0499737 0.0000000 0.0500607 0.0493843 0.0639296 0.0482475 0.0450082 0.0577092 0.0552285 0.0470041 0.0394321 0.0065839 0.0629234 0.0606512 0.0816655 0.0495869 0.0650592 0.0711128 0.0555507 0.0792584 0.0629830 0.0734392 0.0632087 0.0454070 0.0572523 0.0016564 0.0898815 0.0733821 0.0064937 0.0595352 0.0574402 0.0634969 0.0612514 0.0611055 0.0635039 0.0627380 0.0589478 0.0489927 0.0710795 0.0623395 0.0453084 0.0217926 0.0647678 0.0698543 0.0606729 0.0594730 0.0923894 0.0717024 0.0964855 0.0853410 0.0517715 0.0381341 0.0694667 0.0802104 0.0833472 0.0615221 0.0946509 0.0588084 0.0515932 0.0473899 0.0680901 0.0549422 0.1011467 0.0494148 0.0669502 0.0493046 0.0673881 0.0712295 0.0756262 0.0065468 0.0695970 0.0813048 0.0473035 0.0049782 0.0309429 0.0533264 0.0436658 0.0475163 0.0508312 0.0513830 0.0536911 0.0525885 0.0632048 0.0552068 0.0655443 0.0516087 0.0514057 0.0701807 0.0506392 0.0613066 0.0845067 0.0735100 0.0794695 0.0496493 0.0529987 0.0454006 0.0553775 0.0776551 0.0614460 0.0749448 0.0000010 0.0629859 0.0531807 0.0490595 0.0716386 0.0665791 0.0398331 0.0877082 0.0590115 0.0455247 0.0738061 0.0476579 
S0376         0.1396873 0.0468186 0.0414016 0.0444583 0.0551526 0.0462725 0.0610678 0.0490903 0.0444379 0.0498106 0.0738558 0.0442369 0.0402884 0.0418113 0.0425723 0.0583194 0.0494477 0.0417475 0.0625276 0.0500607 0.0000000 0.0335848 0.0445547 0.0310479 0.0328936 0.0416095 0.0359984 0.0244519 0.0301828 0.0558832 0.0465850 0.0574315 0.0601421 0.0631808 0.0467412 0.0521121 0.0362475 0.0626071 0.0465844 0.0576024 0.0576613 0.0301583 0.0393195 0.0504345 0.0895176 0.0606618 0.0555908 0.0466736 0.0473320 0.0359135 0.0491760 0.0383621 0.0412023 0.0393397 0.0416886 0.0577135 0.0574357 0.0483010 0.0414052 0.0392247 0.0634159 0.0641194 0.0467254 0.0496868 0.0645469 0.0493467 0.0859795 0.0653108 0.0202690 0.0448474 0.0638495 0.0694740 0.0762768 0.0410492 0.0895932 0.0580061 0.0416506 0.0499096 0.0367935 0.0415700 0.0897865 0.0361202 0.0493918 0.0339071 0.0415140 0.0576024 0.0605353 0.0558238 0.0494648 0.0612977 0.0468509 0.0539827 0.0609347 0.0362421 0.0527314 0.0340948 0.0296649 0.0335848 0.0417290 0.0454526 0.0517625 0.0388280 0.0472716 0.0362778 0.0386862 0.0554763 0.0344398 0.0333571 0.0506250 0.0546151 0.0600956 0.0362528 0.0500526 0.0363127 0.0465332 0.0575901 0.0391802 0.0521834 0.0000010 0.0438644 0.0468888 0.0338322 0.0577653 0.0575972 0.0388584 0.0714539 0.0520689 0.0339183 0.0414187 0.0367821 
S0400         0.1317530 0.0449364 0.0611322 0.0674859 0.0600518 0.0097460 0.0588937 0.0670137 0.0577007 0.0288091 0.0824508 0.0778410 0.0521005 0.0473558 0.0703659 0.0608949 0.0753031 0.0539471 0.0745238 0.0493843 0.0335848 0.0000000 0.0183904 0.0452025 0.0158321 0.0702066 0.0552125 0.0388680 0.0331249 0.0520018 0.0691941 0.0607337 0.0686266 0.0758427 0.0732607 0.0544467 0.0114967 0.0832557 0.0692613 0.0742506 0.0548133 0.0052474 0.0595585 0.0488732 0.0900248 0.0591280 0.0570854 0.0489425 0.0634854 0.0592810 0.0164947 0.0569510 0.0554860 0.0666388 0.0612652 0.0609600 0.0718584 0.0687295 0.0471288 0.0435131 0.0648568 0.0676302 0.0645469 0.0610923 0.0694310 0.0716834 0.0966440 0.0789312 0.0245282 0.0574074 0.0775481 0.0822840 0.0834816 0.0592437 0.0926882 0.0646799 0.0556630 0.0671649 0.0476434 0.0633189 0.1012405 0.0032234 0.0542596 0.0496094 0.0712959 0.0720117 0.0764670 0.0534260 0.0760735 0.0846048 0.0631566 0.0545230 0.0784756 0.0097816 0.0554836 0.0495776 0.0507536 0.0048530 0.0098424 0.0480206 0.0713568 0.0430844 0.0719299 0.0515315 0.0513290 0.0782653 0.0403183 0.0571364 0.0915184 0.0775613 0.0803569 0.0032376 0.0635620 0.0493375 0.0450454 0.0815775 0.0489467 0.0779270 0.0000010 0.0487176 0.0533257 0.0511205 0.0805315 0.0630821 0.0434517 0.0857952 0.0589949 0.0494738 0.0629959 0.0476436 
S0405         0.1488638 0.0590231 0.0687482 0.0786252 0.0733580 0.0252942 0.0739500 0.0867074 0.0688039 0.0458945 0.0944569 0.0941839 0.0670219 0.0617454 0.0819039 0.0760769 0.0871406 0.0667348 0.0847851 0.0639296 0.0445547 0.0183904 0.0000000 0.0516368 0.0271848 0.0844968 0.0641157 0.0469217 0.0425054 0.0668933 0.0807586 0.0738689 0.0800425 0.0920804 0.0870686 0.0609194 0.0201621 0.0975283 0.0766808 0.0856941 0.0675417 0.0189814 0.0687058 0.0637973 0.0954744 0.0721456 0.0720737 0.0633355 0.0748848 0.0643475 0.0325507 0.0658939 0.0663918 0.0780506 0.0664580 0.0782598 0.0831549 0.0805215 0.0595144 0.0576565 0.0742094 0.0813206 0.0717720 0.0723040 0.0808287 0.0813568 0.1046021 0.0908706 0.0353164 0.0724943 0.0893258 0.0943537 0.0888779 0.0683331 0.0982335 0.0780270 0.0663294 0.0849163 0.0601769 0.0746806 0.1069950 0.0184009 0.0688545 0.0622731 0.0850119 0.0833366 0.0880216 0.0682600 0.0880822 0.0965465 0.0785370 0.0697107 0.0906215 0.0183421 0.0725446 0.0622293 0.0636168 0.0201502 0.0184584 0.0604978 0.0826316 0.0570684 0.0857939 0.0642949 0.0640339 0.0947167 0.0544541 0.0661152 0.1022173 0.0874494 0.0920320 0.0184840 0.0790618 0.0619191 0.0591720 0.0981607 0.0633427 0.0920966 0.0000010 0.0591220 0.0661544 0.0637642 0.0927956 0.0764211 0.0556631 0.1024207 0.0720847 0.0620962 0.0678330 0.0582340 
S0407sl       0.1560170 0.0510767 0.0458629 0.0337844 0.0426692 0.0594705 0.0600121 0.0363339 0.0481648 0.0717743 0.0841569 0.0311477 0.0465587 0.0482726 0.0266041 0.0539751 0.0311506 0.0509091 0.0393817 0.0482475 0.0310479 0.0452025 0.0516368 0.0000000 0.0510262 0.0284609 0.0478797 0.0381446 0.0244030 0.0544586 0.0256581 0.0479652 0.0757272 0.0693074 0.0284040 0.0693209 0.0453610 0.0447406 0.0256336 0.0393446 0.0664732 0.0512025 0.0455338 0.0482475 0.0919333 0.0601498 0.0511018 0.0570748 0.0397404 0.0477540 0.0539244 0.0504831 0.0509395 0.0455237 0.0480993 0.0657689 0.0392257 0.0265704 0.0418645 0.0454322 0.0630711 0.0545298 0.0446494 0.0450946 0.1029681 0.0536342 0.0878238 0.0623642 0.0475014 0.0514497 0.0665307 0.0726572 0.0774884 0.0477308 0.0920180 0.0572292 0.0421311 0.0572148 0.0488913 0.0337819 0.0922343 0.0452025 0.0573630 0.0365877 0.0230591 0.0393446 0.0422819 0.0543964 0.0312452 0.0516089 0.0627383 0.0524014 0.0569555 0.0453532 0.0601573 0.0367954 0.0379715 0.0452025 0.0484931 0.0406843 0.0529769 0.0483091 0.0287432 0.0392573 0.0418617 0.0427281 0.0493377 0.0476598 0.0025867 0.0593882 0.0419615 0.0482557 0.0422758 0.0391096 0.0568840 0.0450623 0.0517466 0.0282726 0.0000010 0.0509899 0.0420438 0.0337325 0.0394604 0.0596771 0.0364144 0.0654926 0.0537460 0.0365345 0.0628755 0.0341650 
S0412sl       0.1255681 0.0381946 0.0382708 0.0514881 0.0508881 0.0239947 0.0573062 0.0567999 0.0419638 0.0214740 0.0851745 0.0542379 0.0431749 0.0387348 0.0432515 0.0509984 0.0605910 0.0476371 0.0632214 0.0450082 0.0328936 0.0158321 0.0271848 0.0510262 0.0000000 0.0481297 0.0356073 0.0368647 0.0389471 0.0486441 0.0509005 0.0477870 0.0633044 0.0568503 0.0541040 0.0501779 0.0187147 0.0726518 0.0508471 0.0575878 0.0574115 0.0187072 0.0421973 0.0450082 0.0935250 0.0480016 0.0479928 0.0353614 0.0425549 0.0355115 0.0240833 0.0383036 0.0384379 0.0510661 0.0449000 0.0473786 0.0575878 0.0510491 0.0386766 0.0358381 0.0574807 0.0515957 0.0504259 0.0452511 0.0902176 0.0476573 0.0853853 0.0659570 0.0262134 0.0419188 0.0609650 0.0673388 0.0783610 0.0356362 0.0936155 0.0538751 0.0451783 0.0537812 0.0299297 0.0476503 0.0938462 0.0158321 0.0412671 0.0245382 0.0480014 0.0577806 0.0611688 0.0516988 0.0543329 0.0746189 0.0443796 0.0461687 0.0541127 0.0186170 0.0417079 0.0360249 0.0252055 0.0158321 0.0214182 0.0335356 0.0474583 0.0268569 0.0581642 0.0356526 0.0356356 0.0644612 0.0302106 0.0297970 0.0510262 0.0505907 0.0575878 0.0186238 0.0514832 0.0415771 0.0324265 0.0668377 0.0328443 0.0543024 0.0000010 0.0534635 0.0507090 0.0358504 0.0641889 0.0479211 0.0329493 0.0694475 0.0507513 0.0388420 0.0632862 0.0419221 
S0417         0.1663606 0.0702565 0.0644025 0.0378214 0.0755357 0.0785234 0.0656185 0.0298013 0.0559100 0.1024956 0.0989656 0.0338511 0.0586961 0.0599491 0.0268460 0.0658347 0.0318533 0.0480245 0.0461298 0.0577092 0.0416095 0.0702066 0.0844968 0.0284609 0.0481297 0.0000000 0.0578680 0.0620345 0.0161212 0.0584281 0.0300886 0.0616015 0.0926553 0.0797994 0.0263350 0.0836936 0.0771989 0.0375807 0.0358854 0.0558071 0.0798290 0.0455582 0.0622246 0.0511861 0.0995129 0.0749548 0.0659375 0.0768108 0.0577781 0.0599129 0.0810706 0.0596864 0.0645599 0.0719595 0.0640031 0.0853465 0.0575375 0.0347662 0.0472099 0.0577342 0.0615311 0.0599594 0.0571589 0.0596985 0.0974712 0.0727915 0.1015103 0.0803798 0.0463244 0.0622393 0.0750500 0.0886343 0.0875123 0.0581103 0.1046931 0.0617689 0.0515342 0.0859671 0.0675554 0.0534923 0.1116840 0.0702539 0.0707471 0.0456828 0.0227135 0.0576615 0.0620054 0.0640577 0.0439704 0.0440605 0.0769095 0.0610332 0.0836181 0.0725731 0.0793901 0.0456564 0.0507775 0.0702066 0.0751720 0.0696807 0.0697262 0.0643369 0.0304752 0.0473875 0.0471970 0.0264909 0.0596719 0.0639696 0.0441429 0.0746740 0.0658972 0.0706108 0.0616302 0.0452829 0.0792591 0.0393760 0.0711129 0.0456100 0.0000010 0.0769287 0.0573797 0.0491819 0.0559896 0.0702139 0.0452983 0.0766513 0.0618498 0.0434986 0.0903487 0.0477539 
S0419         0.1604725 0.0670943 0.0071503 0.0745100 0.0384437 0.0628923 0.0671264 0.0691185 0.0439789 0.0801504 0.0935874 0.0719919 0.0559655 0.0496213 0.0606081 0.0693633 0.0616862 0.0501505 0.0425234 0.0552285 0.0359984 0.0552125 0.0641157 0.0478797 0.0356073 0.0578680 0.0000000 0.0552606 0.0330752 0.0580283 0.0572788 0.0491678 0.0773071 0.0780016 0.0593767 0.0793511 0.0615339 0.0734119 0.0534783 0.0759675 0.0637091 0.0330481 0.0310997 0.0509897 0.0897348 0.0675480 0.0630731 0.0652042 0.0539051 0.0098535 0.0673216 0.0048618 0.0115664 0.0625997 0.0327791 0.0753322 0.0735681 0.0565857 0.0417129 0.0494859 0.0531265 0.0634710 0.0529626 0.0516229 0.0636098 0.0272265 0.0963231 0.0684995 0.0511871 0.0637833 0.0673541 0.0739155 0.0809271 0.0098891 0.0944946 0.0568777 0.0498264 0.0757378 0.0703201 0.0535169 0.1030539 0.0552473 0.0750776 0.0419923 0.0616527 0.0737248 0.0781879 0.0636514 0.0658479 0.0858807 0.0695916 0.0606583 0.0849752 0.0592398 0.0697007 0.0457669 0.0412315 0.0572576 0.0596495 0.0689068 0.0552753 0.0630737 0.0598175 0.0383603 0.0418951 0.0723834 0.0605791 0.0081654 0.0759371 0.0324832 0.0820727 0.0555120 0.0575369 0.0436639 0.0610201 0.0757899 0.0695034 0.0715554 0.0000010 0.0592616 0.0532803 0.0473181 0.0721258 0.0571666 0.0380737 0.0648192 0.0382101 0.0437832 0.0843313 0.0382877 
S0427         0.1685160 0.0465021 0.0651538 0.0590467 0.0682140 0.0444752 0.0610548 0.0650611 0.0570761 0.0676577 0.0743228 0.0677354 0.0515793 0.0469879 0.0622709 0.0651267 0.0696057 0.0554580 0.0652971 0.0470041 0.0244519 0.0388680 0.0469217 0.0381446 0.0368647 0.0620345 0.0552606 0.0000000 0.0344960 0.0517750 0.0629387 0.0692792 0.0686358 0.0782870 0.0634440 0.0521606 0.0448773 0.0732563 0.0608285 0.0782075 0.0587093 0.0342220 0.0655571 0.0485451 0.0911267 0.0603680 0.0548724 0.0446868 0.0697725 0.0614536 0.0522869 0.0550962 0.0634527 0.0691062 0.0673175 0.0669718 0.0799257 0.0601991 0.0506068 0.0449283 0.0736779 0.0765356 0.0590130 0.0615290 0.0613254 0.0738799 0.0974939 0.0792440 0.0416408 0.0613095 0.0763084 0.0832810 0.0843718 0.0573902 0.0960818 0.0712255 0.0511735 0.0674929 0.0414166 0.0591320 0.1028243 0.0388919 0.0462761 0.0490993 0.0634524 0.0801016 0.0847847 0.0553827 0.0675865 0.0658850 0.0671966 0.0503553 0.0836102 0.0427353 0.0633199 0.0507921 0.0527992 0.0408219 0.0392774 0.0517123 0.0653161 0.0368903 0.0593853 0.0553440 0.0552430 0.0681100 0.0338773 0.0592172 0.0765621 0.0778600 0.0888161 0.0353777 0.0613553 0.0489465 0.0407406 0.0777121 0.0446619 0.0755486 0.0000010 0.0485061 0.0606220 0.0543603 0.0764025 0.0610917 0.0467864 0.0868066 0.0671442 0.0490855 0.0408319 0.0492959 
S0428sl       0.1337571 0.0360033 0.0319652 0.0245903 0.0392200 0.0418515 0.0516496 0.0242637 0.0273362 0.0391318 0.0794901 0.0188722 0.0374686 0.0333166 0.0194884 0.0453931 0.0188741 0.0389026 0.0380400 0.0394321 0.0301828 0.0331249 0.0425054 0.0244030 0.0389471 0.0161212 0.0330752 0.0344960 0.0000000 0.0458205 0.0189145 0.0389674 0.0576692 0.0512809 0.0160882 0.0546278 0.0332450 0.0359794 0.0188957 0.0391785 0.0548267 0.0361732 0.0305351 0.0394321 0.0777255 0.0420432 0.0424020 0.0421788 0.0303862 0.0329857 0.0479257 0.0357927 0.0330529 0.0421956 0.0332320 0.0478579 0.0391785 0.0189675 0.0243008 0.0304284 0.0483716 0.0363479 0.0355897 0.0359600 0.0915687 0.0389189 0.0727349 0.0481475 0.0321278 0.0303948 0.0579475 0.0642848 0.0626953 0.0300912 0.0777998 0.0423481 0.0303433 0.0482992 0.0424718 0.0243638 0.0779901 0.0331249 0.0423976 0.0216474 0.0106383 0.0393058 0.0424520 0.0457649 0.0190600 0.0395790 0.0448260 0.0404508 0.0484841 0.0332393 0.0421283 0.0216644 0.0166631 0.0331249 0.0362599 0.0311032 0.0355759 0.0333009 0.0163406 0.0214458 0.0214359 0.0305502 0.0369208 0.0329183 0.0244030 0.0418072 0.0391785 0.0361943 0.0362320 0.0270901 0.0390983 0.0330729 0.0396209 0.0246610 0.0000010 0.0449603 0.0357833 0.0215619 0.0394295 0.0390749 0.0243082 0.0509643 0.0419384 0.0244017 0.0608224 0.0245038 
S0430         0.1749201 0.0538818 0.0691351 0.0728749 0.0775506 0.0597072 0.0133143 0.0679876 0.0545742 0.0813044 0.0998675 0.0709217 0.0084020 0.0311187 0.0696313 0.0184653 0.0720183 0.0548223 0.0501506 0.0065839 0.0558832 0.0520018 0.0668933 0.0544586 0.0486441 0.0584281 0.0580283 0.0517750 0.0458205 0.0000000 0.0637165 0.0617577 0.0894780 0.0562559 0.0679959 0.0742540 0.0562379 0.0824980 0.0680916 0.0768755 0.0703515 0.0519430 0.0622016 0.0067596 0.0958253 0.0765841 0.0082641 0.0624372 0.0583644 0.0664987 0.0641281 0.0640348 0.0686678 0.0677841 0.0639268 0.0536211 0.0744405 0.0675320 0.0498665 0.0274505 0.0659602 0.0709948 0.0676652 0.0584669 0.1114084 0.0748944 0.1005912 0.0887970 0.0641538 0.0443831 0.0748414 0.0817002 0.0892089 0.0623518 0.1007727 0.0636198 0.0563894 0.0539435 0.0689991 0.0597927 0.1049965 0.0520346 0.0699928 0.0501908 0.0703876 0.0746008 0.0791253 0.0066232 0.0749501 0.0867976 0.0519296 0.0084468 0.0331221 0.0560317 0.0481730 0.0502295 0.0535516 0.0540466 0.0564218 0.0553807 0.0683358 0.0579954 0.0663917 0.0542877 0.0540704 0.0732716 0.0533900 0.0642494 0.0856358 0.0767332 0.0830576 0.0522860 0.0577901 0.0499701 0.0581772 0.0788545 0.0643882 0.0804083 2.6709235 0.0657930 0.0560238 0.0517885 0.0750387 0.0657872 0.0442431 0.0912273 0.0639980 0.0501097 0.0791129 0.0523273 
