132
PAFTOL_019361 0.0000000 0.2510697 0.2564491 0.3138075 0.2495463 0.2396351 0.2767012 0.3015077 0.2667375 0.2399552 0.3216422 0.3353846 0.3104744 0.2734879 0.3420171 0.2754573 0.2983389 0.2561685 0.2600375 0.2658503 0.2640936 0.2358627 0.2399755 0.2648945 0.2905213 0.2264423 0.2869564 0.3617460 0.2672981 0.2843177 0.2920826 0.2853413 0.2817943 0.2409740 0.3155962 0.2561683 0.2491739 0.3396303 0.2672215 0.2691249 0.2506179 0.2506945 0.2404078 0.2689694 0.2733210 0.2754298 0.2687089 0.2348318 0.2905646 0.2229602 0.2431821 0.2285496 0.2265796 0.2902446 0.2367677 0.2674038 0.2780940 0.2658580 0.2640002 0.2307801 0.3140022 0.2482708 0.2855194 0.2717843 0.2809003 0.2752935 0.3564210 0.2616702 0.2348500 0.2890602 0.2827264 0.2805978 0.2883691 0.2607450 0.2265630 0.2757031 0.2694234 0.2761514 0.2498695 0.2719605 0.2812089 0.2566684 0.2719297 0.2384723 0.2724499 0.2231473 0.2849357 0.2696647 0.2731335 0.2684860 0.2725050 0.3235446 0.2612700 0.2583218 0.2695692 0.2429284 0.2756954 0.2506618 0.2795733 0.2482781 0.2152229 0.2759051 0.2658014 0.2424467 0.2635167 0.2936386 0.2733438 0.3028234 0.2607620 0.2282830 0.3177725 0.2617881 0.2680983 0.2229383 0.2645249 0.2368184 0.2519793 0.3095067 0.2520173 0.2831955 0.2424552 0.2523077 0.2445364 0.2548742 0.2667623 0.2406615 0.2364768 0.3223071 0.2366289 0.2288836 0.2783782 0.2288508 
S0055         0.2510697 0.0000000 0.1179127 0.1840128 0.1246440 0.0796397 0.1599006 0.1585929 0.1419916 0.0756690 0.1440207 0.1757134 0.1887070 0.1545574 0.1631848 0.1493583 0.1733796 0.1133344 0.1191529 0.1537114 0.0905899 0.0767484 0.0793869 0.0998691 0.1592959 0.1060272 0.0922242 0.1964584 0.1447190 0.1591151 0.1474581 0.1224502 0.1465090 0.1568665 0.1802328 0.0824758 0.0842264 0.1902506 0.1503993 0.1447861 0.0930232 0.0903713 0.1093801 0.1543647 0.2090833 0.1054332 0.1586499 0.0773699 0.1481791 0.1037464 0.0817140 0.1080151 0.1082892 0.1581480 0.1118450 0.1477789 0.1517957 0.1459266 0.1499414 0.1076739 0.1750604 0.1390722 0.1384529 0.1338870 0.1399402 0.1372679 0.1827545 0.1172715 0.2008104 0.1595298 0.1508797 0.1391285 0.1525721 0.2009518 0.1046163 0.2093272 0.1436727 0.1403717 0.1117764 0.1498682 0.0858903 0.1294037 0.2003241 0.0787733 0.0845899 0.1190294 0.1503230 0.1434925 0.1424881 0.1497645 0.1612352 0.1876898 0.1362048 0.1442298 0.1528512 0.0831331 0.1554696 0.1272090 0.1774056 0.0849560 0.0756451 0.0608637 0.1308527 0.0699772 0.1454131 0.1428398 0.1484258 0.1577595 0.0743030 0.1090347 0.1706304 0.1193142 0.1501133 0.0737887 0.1466866 0.1050186 0.0870842 0.1705200 0.0778052 0.1681277 0.0641899 0.0924287 0.1131623 0.1219601 0.1466567 0.1181098 0.1123763 0.1814291 0.0962402 0.0998105 0.1056742 0.1036581 
S0196sl       0.2564491 0.1179127 0.0000000 0.1739864 0.0793717 0.1007217 0.1419761 0.1491471 0.0966341 0.0988307 0.1797103 0.1742102 0.1581209 0.1316163 0.1599525 0.1253570 0.1503150 0.0887748 0.0905590 0.1284217 0.1190285 0.0989681 0.1027279 0.1231766 0.1399910 0.0235322 0.1242914 0.1618337 0.1149890 0.1297249 0.1156005 0.1517107 0.1171306 0.1303754 0.1681557 0.1076630 0.1025948 0.1749003 0.1256868 0.1275399 0.1021485 0.1073000 0.0508485 0.1292411 0.2134576 0.1421538 0.1312103 0.1002271 0.1161309 0.0205209 0.1019129 0.0247150 0.0278119 0.1294223 0.0568101 0.1200771 0.1253715 0.1219392 0.1284041 0.0730115 0.1598121 0.1108356 0.1078332 0.1099228 0.1088483 0.1127607 0.1967807 0.0738466 0.1866271 0.1303192 0.1227543 0.1066216 0.1272752 0.1951788 0.0241100 0.2114576 0.1193261 0.1135379 0.0898045 0.1236768 0.1324258 0.1001963 0.2012481 0.0971615 0.1335268 0.0860281 0.1383347 0.1191151 0.1115722 0.1250384 0.1345792 0.1806101 0.1111944 0.1219311 0.1268327 0.1051153 0.1270981 0.0946834 0.1375919 0.1008716 0.0957019 0.1318384 0.1119547 0.1109746 0.1178364 0.1111397 0.1104016 0.1636344 0.1179977 0.0288459 0.1471399 0.0744430 0.1252767 0.0939902 0.1025032 0.0744462 0.1011141 0.1615724 0.1086804 0.1457574 0.1013565 0.1011603 0.0885778 0.0947070 0.1219326 0.0881570 0.0730876 0.1679539 0.0579579 0.0715286 0.1276564 0.0662397 
S0278         0.3138075 0.1840128 0.1739864 0.0000000 0.1737224 0.1699869 0.2044385 0.0708124 0.1834365 0.1723656 0.2376758 0.0868680 0.2274959 0.1919024 0.0771750 0.1954499 0.0709602 0.1632135 0.1700259 0.1958804 0.1741586 0.1663819 0.1658605 0.1735283 0.0761563 0.1572230 0.1878724 0.1521899 0.1858314 0.1198723 0.1757067 0.1867308 0.1835076 0.2177036 0.0714236 0.1816022 0.1742967 0.0786159 0.1250756 0.1185770 0.1617955 0.1814532 0.1614082 0.1918201 0.2718598 0.1871868 0.1978955 0.1625189 0.1663344 0.1538447 0.1715763 0.1571925 0.1573308 0.1814348 0.1570648 0.1225293 0.1851946 0.1151992 0.1265414 0.1510426 0.0981985 0.1795026 0.1717317 0.1682472 0.1669777 0.1705017 0.2412068 0.1747272 0.2748680 0.1923000 0.1929159 0.1841998 0.2009590 0.2600755 0.1556986 0.2624238 0.1170387 0.1748154 0.1687649 0.1753173 0.1998237 0.1572512 0.2612248 0.1676957 0.1871680 0.1655966 0.0609174 0.1103803 0.1113986 0.1925554 0.1300973 0.0820427 0.1754736 0.1866237 0.1964666 0.1769913 0.1863113 0.1685014 0.2319988 0.1748915 0.1757191 0.1933095 0.1751204 0.1788920 0.1095615 0.1802883 0.1938673 0.0645645 0.1790264 0.1573605 0.0856072 0.1770594 0.1174768 0.1664883 0.1865519 0.1474765 0.1767972 0.0683968 0.1731673 0.1379316 0.1570269 0.1658961 0.1552424 0.1662997 0.1229131 0.1649007 0.1504814 0.1896808 0.1532542 0.1505376 0.1920288 0.1457500 
S0281         0.2495463 0.1246440 0.0793717 0.1737224 0.0000000 0.1156488 0.1565427 0.1510701 0.1191593 0.1149983 0.1848493 0.1769416 0.1763189 0.1464147 0.1577486 0.1431669 0.1533827 0.1080527 0.1019913 0.1443877 0.1361855 0.1107327 0.1164015 0.1234794 0.1481610 0.0712185 0.1425369 0.1949155 0.1336585 0.1399575 0.1335212 0.1594413 0.1385116 0.1467053 0.1690756 0.1210050 0.1214549 0.1706913 0.1355929 0.1418821 0.1145561 0.1285838 0.0692283 0.1445194 0.2155598 0.1481742 0.1479543 0.1134103 0.1315028 0.0685581 0.1192721 0.0711945 0.0745765 0.1345298 0.0696239 0.1367861 0.1417238 0.1386495 0.1408338 0.0951074 0.1595858 0.1328288 0.1244305 0.1297132 0.1272084 0.1281414 0.1956283 0.0772055 0.2043756 0.1466838 0.1353036 0.1349999 0.1478908 0.2017968 0.0717011 0.2080082 0.1289829 0.1357641 0.1111975 0.1333855 0.1325876 0.1152437 0.1995623 0.1125308 0.1330459 0.1001487 0.1377829 0.1361621 0.1349100 0.1327557 0.1500322 0.1823719 0.1298200 0.1367233 0.1423726 0.1217443 0.1410849 0.1116278 0.1584792 0.1163347 0.1126715 0.1306882 0.1193836 0.1153183 0.1398708 0.1297561 0.1358537 0.1556182 0.1196898 0.0746531 0.1603960 0.0783648 0.1434167 0.1104474 0.1279570 0.0909014 0.1201285 0.1554585 0.1135753 0.1569500 0.1149874 0.1076764 0.1032551 0.1105345 0.1424238 0.1029198 0.0980494 0.1589078 0.0699424 0.0889530 0.1407909 0.0896143 
S0282         0.2396351 0.0796397 0.1007217 0.1699869 0.1156488 0.0000000 0.1479371 0.1448193 0.1216951 0.0220187 0.1547826 0.1694342 0.1701387 0.1359216 0.1622181 0.1440703 0.1579642 0.1033267 0.1021470 0.1411139 0.0934887 0.0139365 0.0240025 0.0905217 0.1474003 0.0894033 0.0993010 0.1812648 0.1345335 0.1428803 0.1263449 0.1212326 0.1295952 0.1548915 0.1613203 0.0635307 0.0308347 0.1732669 0.1306691 0.1342206 0.0736806 0.0293932 0.0941023 0.1424598 0.1918357 0.1120187 0.1436998 0.0239013 0.1248405 0.0836112 0.0204019 0.0863242 0.0907117 0.1342910 0.0999252 0.1252914 0.1435998 0.1323091 0.1288994 0.0876824 0.1686880 0.1227370 0.1216725 0.1150503 0.1218904 0.1194024 0.1857040 0.1160495 0.1835000 0.1430174 0.1351631 0.1298694 0.1384358 0.1802159 0.0874240 0.1888079 0.1275030 0.1209714 0.1024614 0.1335617 0.0915618 0.1114938 0.1841002 0.0179469 0.0837042 0.0987349 0.1365846 0.1299999 0.1314397 0.1321088 0.1390289 0.1766138 0.1243507 0.1307009 0.1399216 0.0281279 0.1480617 0.1110146 0.1652281 0.0224795 0.0254563 0.0933292 0.1201837 0.0639247 0.1250043 0.1288896 0.1292826 0.1544667 0.0665857 0.0871801 0.1628157 0.1180624 0.1330357 0.0150145 0.1271328 0.0891883 0.0322871 0.1511929 0.0556402 0.1477262 0.0626129 0.0747231 0.1030825 0.1081397 0.1312887 0.0932940 0.0933208 0.1651919 0.0836525 0.0860264 0.1060689 0.0813955 
S0288         0.2767012 0.1599006 0.1419761 0.2044385 0.1565427 0.1479371 0.0000000 0.1838953 0.1636958 0.1543016 0.2314563 0.2121218 0.0457548 0.0915149 0.2072917 0.0270805 0.1911833 0.1436440 0.1266370 0.0286152 0.1602192 0.1477246 0.1492097 0.1760288 0.1777693 0.1292307 0.1724337 0.1949827 0.0201553 0.1726934 0.1751213 0.1970546 0.1038884 0.0200367 0.2021804 0.1618354 0.1592132 0.2133744 0.1626661 0.1735189 0.1473407 0.1594488 0.1322906 0.0275210 0.2559099 0.1869364 0.0324645 0.1477271 0.1761996 0.1263602 0.1518910 0.1289795 0.1273790 0.1842130 0.1384796 0.1657733 0.1104268 0.1631395 0.1668410 0.1291344 0.1816605 0.0504338 0.1667359 0.1593666 0.1737669 0.1696926 0.2381982 0.1606952 0.2322971 0.1224154 0.1090336 0.1632450 0.1770278 0.2441659 0.1302824 0.2552547 0.1734786 0.1670704 0.1428496 0.1102221 0.1823006 0.1548168 0.2498572 0.1499480 0.1872867 0.1351009 0.1697369 0.1608643 0.1624514 0.0286091 0.1790518 0.2052278 0.1005660 0.0230727 0.0234915 0.1585068 0.1125732 0.1499313 0.1929672 0.1536249 0.1556443 0.1721671 0.1653826 0.1596219 0.1683203 0.1708194 0.1768246 0.1759600 0.1674179 0.1300921 0.1868666 0.1605976 0.1688172 0.1442401 0.1623374 0.1260482 0.1584930 0.1962615 0.1616899 0.1836867 0.1537482 0.1556199 0.1414295 0.1517134 0.1683929 0.1394387 0.1318365 0.2124658 0.1293324 0.1265348 0.1695426 0.1294897 
S0289         0.3015077 0.1585929 0.1491471 0.0708124 0.1510701 0.1448193 0.1838953 0.0000000 0.1557158 0.1498536 0.2226967 0.0800139 0.2060458 0.1637115 0.0653821 0.1709784 0.0727235 0.1476146 0.1451697 0.1818416 0.1609816 0.1433652 0.1425083 0.1601790 0.0664930 0.1417495 0.1674614 0.1327760 0.1604525 0.0994685 0.1589945 0.1643411 0.1700743 0.1827798 0.0648896 0.1535621 0.1536439 0.0818508 0.1077501 0.1048723 0.1360702 0.1506332 0.1371689 0.1779373 0.2476809 0.1694322 0.1838441 0.1437487 0.1490794 0.1339000 0.1504496 0.1416348 0.1386925 0.1619942 0.1421832 0.1049233 0.1805088 0.1062001 0.1053713 0.1237559 0.0835867 0.1600084 0.1502985 0.1481113 0.1517683 0.1545687 0.2264331 0.1647521 0.2386365 0.1922283 0.1813404 0.1592897 0.1726247 0.2346971 0.1392931 0.2459878 0.1051768 0.1583117 0.1539106 0.1765578 0.1856026 0.1423440 0.2413892 0.1459262 0.1604372 0.1466068 0.0623355 0.1008471 0.1044646 0.1741487 0.1082391 0.0743422 0.1558803 0.1714292 0.1780863 0.1559570 0.1863720 0.1520792 0.2001508 0.1513638 0.1544533 0.1682177 0.1583146 0.1568326 0.1030768 0.1547216 0.1616858 0.0558122 0.1548650 0.1430755 0.0695243 0.1673080 0.1045228 0.1418735 0.1623025 0.1298069 0.1561861 0.0638989 0.1523786 0.1228306 0.1447960 0.1430751 0.1412903 0.1548890 0.1021242 0.1415446 0.1252497 0.1761828 0.1340821 0.1291055 0.1737483 0.1222424 
S0292         0.2667375 0.1419916 0.0966341 0.1834365 0.1191593 0.1216951 0.1636958 0.1557158 0.0000000 0.1281296 0.2103546 0.1796520 0.1813400 0.1526459 0.1576761 0.1536912 0.1629855 0.0929282 0.0864326 0.1515010 0.1472563 0.1197733 0.1246227 0.1349283 0.1466268 0.0963310 0.1448348 0.1860627 0.1448306 0.1457532 0.1107718 0.1544366 0.1454116 0.1720560 0.1730354 0.1351531 0.1299861 0.1813687 0.1377529 0.1428102 0.1244673 0.1370900 0.1023074 0.1529481 0.2313735 0.1478029 0.1570842 0.1199074 0.1131994 0.0911044 0.1268154 0.0956713 0.0965253 0.1171565 0.1052455 0.1334313 0.1478376 0.1397862 0.1401171 0.0765791 0.1729359 0.1359288 0.1128188 0.1097665 0.1128466 0.1108607 0.2288654 0.1284581 0.2176982 0.1589990 0.1456881 0.1188601 0.1334898 0.2237598 0.0949598 0.2356672 0.1205723 0.1120553 0.0924810 0.1512630 0.1606273 0.0671443 0.2224907 0.1233547 0.1477292 0.0895180 0.1412579 0.1374570 0.1332619 0.1505463 0.1468141 0.1902767 0.1365258 0.1471129 0.1525609 0.1303021 0.1499380 0.0969060 0.0645357 0.1293134 0.1243791 0.1403578 0.0693803 0.1353269 0.1396217 0.0474392 0.0361591 0.1656503 0.1375853 0.0989352 0.1673453 0.1308586 0.1401204 0.1209699 0.0765174 0.0763994 0.1324489 0.1556311 0.1319218 0.1523486 0.1304357 0.1098773 0.0862854 0.0935177 0.1397854 0.0962306 0.0761552 0.1913864 0.0984809 0.0703912 0.1463830 0.0805267 
S0293         0.2399552 0.0756690 0.0988307 0.1723656 0.1149983 0.0220187 0.1543016 0.1498536 0.1281296 0.0000000 0.1580913 0.1704857 0.1754368 0.1396909 0.1667578 0.1484024 0.1608179 0.1059803 0.1115645 0.1456778 0.0914475 0.0185195 0.0262557 0.0939429 0.1529503 0.0891760 0.1000676 0.1819881 0.1386285 0.1474677 0.1339517 0.1203143 0.1335731 0.1576089 0.1700385 0.0657046 0.0332007 0.1768506 0.1358789 0.1370022 0.0747877 0.0283081 0.0961587 0.1470481 0.1898685 0.1151167 0.1490481 0.0271530 0.1358333 0.0845520 0.0225850 0.0860879 0.0886252 0.1429541 0.0978881 0.1294344 0.1415561 0.1334900 0.1334809 0.0925726 0.1755388 0.1271717 0.1304545 0.1236541 0.1295544 0.1289181 0.1751164 0.1143820 0.1796223 0.1469417 0.1390396 0.1353203 0.1440482 0.1807423 0.0865800 0.1883716 0.1310322 0.1268793 0.1037394 0.1355662 0.0905164 0.1167804 0.1837345 0.0190849 0.0882513 0.1000934 0.1394977 0.1311558 0.1311109 0.1359773 0.1444776 0.1829023 0.1258991 0.1358039 0.1452413 0.0309656 0.1466286 0.1138431 0.1681031 0.0241592 0.0255767 0.0963272 0.1234135 0.0689079 0.1271197 0.1369534 0.1356750 0.1524958 0.0702851 0.0857141 0.1682364 0.1163933 0.1372243 0.0155782 0.1352772 0.0936545 0.0346673 0.1558069 0.0614340 0.1529777 0.0665432 0.0781414 0.1061064 0.1081736 0.1306678 0.0974804 0.0983194 0.1701771 0.0842672 0.0898077 0.1045234 0.0874666 
S0294         0.3216422 0.1440207 0.1797103 0.2376758 0.1848493 0.1547826 0.2314563 0.2226967 0.2103546 0.1580913 0.0000000 0.2370820 0.2524715 0.2200935 0.2154242 0.2148868 0.2417846 0.1828656 0.1657026 0.2232030 0.1424406 0.1507558 0.1535574 0.1625496 0.2276566 0.1692397 0.1521173 0.2748404 0.2098197 0.2327729 0.2043565 0.1792369 0.2049928 0.2198337 0.2352522 0.1619250 0.1584647 0.2472955 0.2159539 0.2081721 0.1642677 0.1684272 0.1749905 0.2220269 0.2768810 0.1674541 0.2257121 0.1467494 0.2035625 0.1709970 0.1580823 0.1719445 0.1754546 0.2041359 0.1781934 0.2123059 0.2082260 0.2163887 0.2086100 0.1752023 0.2253751 0.2002108 0.1964280 0.1848552 0.2056313 0.2005488 0.1531471 0.1931175 0.2749178 0.2225078 0.2130556 0.1848479 0.1906772 0.2662156 0.1737038 0.2740230 0.2080768 0.1963701 0.1882149 0.2147868 0.1468234 0.1963493 0.2633232 0.1534549 0.1598750 0.1933587 0.2082852 0.2137816 0.2093417 0.2150295 0.2271590 0.2446561 0.1921860 0.2153454 0.2206733 0.1557961 0.2132866 0.1903663 0.2449425 0.1531038 0.1453314 0.1478034 0.1928725 0.1451098 0.2133019 0.2121262 0.2164235 0.2114867 0.1433381 0.1769864 0.2426868 0.1925094 0.2142268 0.1473004 0.2055517 0.1739606 0.1640350 0.2317750 0.1546935 0.2443428 0.1408445 0.1590419 0.1779965 0.1839576 0.2156907 0.1785098 0.1795635 0.2273035 0.1672104 0.1638648 0.1492741 0.1750571 
S0299         0.3353846 0.1757134 0.1742102 0.0868680 0.1769416 0.1694342 0.2121218 0.0800139 0.1796520 0.1704857 0.2370820 0.0000000 0.2382121 0.1995111 0.0781314 0.2031932 0.0857598 0.1602496 0.1604104 0.2092352 0.1779454 0.1664682 0.1649216 0.1737787 0.0872610 0.1627453 0.1910679 0.1561847 0.1931048 0.1329914 0.1817162 0.1875752 0.1975665 0.2155009 0.0871735 0.1767957 0.1772088 0.0906842 0.1340037 0.1303230 0.1628581 0.1796693 0.1725382 0.2072134 0.2775805 0.1867732 0.2143369 0.1674809 0.1777972 0.1640767 0.1718035 0.1670448 0.1695797 0.1840498 0.1717774 0.1267404 0.1907987 0.1259813 0.1328761 0.1475341 0.0936477 0.1931179 0.1718635 0.1726766 0.1727330 0.1793664 0.2429253 0.1739886 0.2696725 0.2087366 0.2068834 0.1901383 0.2039837 0.2650040 0.1676905 0.2779163 0.1290737 0.1776498 0.1763799 0.1944340 0.1995447 0.1668981 0.2707840 0.1704284 0.1763965 0.1717118 0.0777925 0.1214949 0.1229233 0.2020504 0.1402476 0.0863504 0.1835339 0.1995280 0.2033549 0.1817292 0.1940612 0.1709988 0.2256023 0.1735313 0.1763111 0.1795454 0.1724735 0.1831474 0.1242116 0.1806780 0.1892508 0.0806933 0.1693897 0.1701309 0.0848092 0.1796150 0.1284448 0.1638581 0.1930727 0.1493282 0.1797608 0.0775483 0.1760455 0.1506909 0.1627340 0.1575599 0.1555159 0.1702407 0.1273458 0.1701386 0.1438810 0.1917914 0.1601588 0.1501559 0.1871512 0.1453916 
S0303         0.3104744 0.1887070 0.1581209 0.2274959 0.1763189 0.1701387 0.0457548 0.2060458 0.1813400 0.1754368 0.2524715 0.2382121 0.0000000 0.1059500 0.2354020 0.0469306 0.2140179 0.1698275 0.1350508 0.0407751 0.1858197 0.1698405 0.1736293 0.1922370 0.1958109 0.1461172 0.1943670 0.1987035 0.0430911 0.1900403 0.1878405 0.2181467 0.1202770 0.0321362 0.2217296 0.1814084 0.1770327 0.2414897 0.1866323 0.1926666 0.1704954 0.1928858 0.1466083 0.0385789 0.2832531 0.2129789 0.0391471 0.1668990 0.1918233 0.1433452 0.1733017 0.1483575 0.1457834 0.1992830 0.1539913 0.1890600 0.1216513 0.1835638 0.1891481 0.1466210 0.1899248 0.0570459 0.1872895 0.1740935 0.1844853 0.1853146 0.2318548 0.1791309 0.2664609 0.1346415 0.1231799 0.1786941 0.1958540 0.2704410 0.1474181 0.2813659 0.1869415 0.1807307 0.1630226 0.1230759 0.2008469 0.1743239 0.2718585 0.1707295 0.2106767 0.1540498 0.1928085 0.1815905 0.1857841 0.0454146 0.2022531 0.2220217 0.1191002 0.0420472 0.0407808 0.1798187 0.1213013 0.1727587 0.2255429 0.1746296 0.1779820 0.1996844 0.1861687 0.1825095 0.1829199 0.1891508 0.1951885 0.2106859 0.1879262 0.1465228 0.1886439 0.1800312 0.1871543 0.1652361 0.1825839 0.1479072 0.1807523 0.2198733 0.1828247 0.2117560 0.1764586 0.1769160 0.1630860 0.1748664 0.1872876 0.1611870 0.1502822 0.2256131 0.1478579 0.1476366 0.1905386 0.1455347 
S0308         0.2734879 0.1545574 0.1316163 0.1919024 0.1464147 0.1359216 0.0915149 0.1637115 0.1526459 0.1396909 0.2200935 0.1995111 0.1059500 0.0000000 0.1779859 0.0754933 0.1764422 0.1409384 0.1227355 0.0729419 0.1606511 0.1314885 0.1367148 0.1562228 0.1667000 0.1246525 0.1652313 0.2068640 0.0683116 0.1589734 0.1510545 0.1818737 0.0960039 0.0887889 0.1867494 0.1547679 0.1475168 0.1961747 0.1527295 0.1590409 0.1327882 0.1466765 0.1300307 0.0724485 0.2414546 0.1761740 0.0774663 0.1348253 0.1619895 0.1205050 0.1386818 0.1250750 0.1245010 0.1606537 0.1364323 0.1507180 0.1003317 0.1526082 0.1531083 0.1159369 0.1786502 0.0667884 0.1492358 0.1389699 0.1528961 0.1488805 0.2508513 0.1477214 0.2188756 0.1104998 0.1013566 0.1484955 0.1650357 0.2346294 0.1211933 0.2356185 0.1515392 0.1431080 0.1374052 0.0994853 0.1637939 0.1414227 0.2325510 0.1344228 0.1682705 0.1286948 0.1536443 0.1498488 0.1572386 0.0735768 0.1676592 0.2052627 0.0901698 0.0738535 0.0757145 0.1452255 0.0978723 0.1421172 0.2009071 0.1403450 0.1398951 0.1631090 0.1449004 0.1465737 0.1547160 0.1475814 0.1587289 0.1707912 0.1500777 0.1248158 0.1812565 0.1489585 0.1570916 0.1289659 0.1554480 0.1190835 0.1453035 0.1770896 0.1449551 0.1817853 0.1484367 0.1439570 0.1344453 0.1387734 0.1516611 0.1323931 0.1185905 0.2001484 0.1164436 0.1213054 0.1647096 0.1169134 
S0320         0.3420171 0.1631848 0.1599525 0.0771750 0.1577486 0.1622181 0.2072917 0.0653821 0.1576761 0.1667578 0.2154242 0.0781314 0.2354020 0.1779859 0.0000000 0.1843054 0.0792540 0.1510834 0.1502636 0.1980704 0.1667253 0.1589220 0.1576954 0.1612775 0.0766550 0.1511325 0.1701844 0.1523042 0.1767706 0.1163190 0.1629910 0.1747918 0.1866059 0.2095971 0.0819506 0.1716496 0.1658267 0.0846548 0.1178047 0.1139797 0.1515966 0.1696705 0.1526895 0.1952716 0.2727729 0.1754755 0.1995200 0.1595569 0.1596014 0.1471618 0.1651985 0.1510078 0.1508438 0.1681714 0.1543067 0.1144640 0.1827646 0.1143608 0.1190113 0.1411548 0.0928736 0.1803266 0.1552499 0.1522588 0.1556862 0.1616853 0.2344506 0.1646343 0.2680639 0.2002350 0.2040231 0.1685045 0.1797040 0.2583740 0.1509769 0.2723703 0.1164636 0.1626787 0.1577038 0.1857585 0.1847404 0.1491246 0.2652001 0.1630499 0.1693201 0.1571839 0.0639860 0.1058627 0.1085980 0.1912403 0.1244095 0.0879001 0.1821344 0.1854446 0.1915162 0.1717643 0.1927555 0.1503982 0.1971007 0.1667401 0.1574693 0.1658748 0.1643598 0.1678618 0.1115047 0.1608305 0.1660635 0.0640532 0.1679201 0.1519797 0.0699047 0.1696836 0.1169904 0.1590906 0.1692528 0.1370159 0.1707336 0.0761880 0.1674448 0.1320996 0.1504848 0.1494207 0.1354677 0.1536009 0.1182063 0.1513616 0.1384384 0.1937947 0.1477825 0.1355972 0.1793229 0.1352129 
S0322         0.2754573 0.1493583 0.1253570 0.1954499 0.1431669 0.1440703 0.0270805 0.1709784 0.1536912 0.1484024 0.2148868 0.2031932 0.0469306 0.0754933 0.1843054 0.0000000 0.1772692 0.1357843 0.1288249 0.0112410 0.1488802 0.1421748 0.1459002 0.1634432 0.1617994 0.1134106 0.1610367 0.2253480 0.0118195 0.1602418 0.1681342 0.1757220 0.0901214 0.0200629 0.1934237 0.1502111 0.1549177 0.1987546 0.1584241 0.1663752 0.1410884 0.1581386 0.1171171 0.0095327 0.2298076 0.1838808 0.0170636 0.1402817 0.1661788 0.1118280 0.1483714 0.1146910 0.1108743 0.1768330 0.1261597 0.1618840 0.0979588 0.1553831 0.1640167 0.1230027 0.1841189 0.0475805 0.1624415 0.1515506 0.1611060 0.1609924 0.2344976 0.1458443 0.2073418 0.1105100 0.0949360 0.1570699 0.1633791 0.2260898 0.1145099 0.2277853 0.1643324 0.1550613 0.1352411 0.0937131 0.1597998 0.1480953 0.2251843 0.1423335 0.1763651 0.1265579 0.1601707 0.1531069 0.1568023 0.0176966 0.1767060 0.2056323 0.0853351 0.0185499 0.0172230 0.1496019 0.0982877 0.1377082 0.2000931 0.1500509 0.1479626 0.1616619 0.1542037 0.1481806 0.1634535 0.1525940 0.1690808 0.1595395 0.1543089 0.1135419 0.1726092 0.1470944 0.1619132 0.1365915 0.1514819 0.1161999 0.1528104 0.1821998 0.1514486 0.1782342 0.1400882 0.1445314 0.1243452 0.1396408 0.1613150 0.1343332 0.1238254 0.1927918 0.1176458 0.1166686 0.1607977 0.1185833 
S0327         0.2983389 0.1733796 0.1503150 0.0709602 0.1533827 0.1579642 0.1911833 0.0727235 0.1629855 0.1608179 0.2417846 0.0857598 0.2140179 0.1764422 0.0792540 0.1772692 0.0000000 0.1531185 0.1509132 0.1825379 0.1804810 0.1520110 0.1526073 0.1683786 0.0652653 0.1416582 0.1923487 0.1227788 0.1677297 0.0999245 0.1638297 0.1802565 0.1721225 0.1967107 0.0750233 0.1712833 0.1584852 0.0817208 0.1049721 0.1041025 0.1558833 0.1632818 0.1451356 0.1801337 0.2584620 0.1877405 0.1863316 0.1513306 0.1576352 0.1384896 0.1583952 0.1432677 0.1417862 0.1724638 0.1405507 0.1042929 0.1803493 0.1015696 0.1043243 0.1361967 0.0853108 0.1681095 0.1551460 0.1605681 0.1527832 0.1623872 0.2219130 0.1671940 0.2556744 0.1876136 0.1856480 0.1731986 0.1966059 0.2493846 0.1410186 0.2588433 0.0925770 0.1665921 0.1573612 0.1734841 0.1865673 0.1467618 0.2548727 0.1524718 0.1697641 0.1451602 0.0565571 0.0962874 0.1009441 0.1797486 0.1114315 0.0851805 0.1622445 0.1786274 0.1821588 0.1608476 0.1845174 0.1513656 0.1950944 0.1600661 0.1603211 0.1739693 0.1590861 0.1682398 0.0970362 0.1567104 0.1652558 0.0752847 0.1621133 0.1426197 0.0774831 0.1701597 0.1009829 0.1520047 0.1697489 0.1307596 0.1635983 0.0694436 0.1689101 0.1183935 0.1527405 0.1517406 0.1385052 0.1555570 0.1019696 0.1523133 0.1362753 0.2004004 0.1427426 0.1314218 0.1925747 0.1293184 
S0335         0.2561685 0.1133344 0.0887748 0.1632135 0.1080527 0.1033267 0.1436440 0.1476146 0.0929282 0.1059803 0.1828656 0.1602496 0.1698275 0.1409384 0.1510834 0.1357843 0.1531185 0.0000000 0.0519987 0.1372577 0.1197374 0.0957858 0.1052931 0.1181173 0.1389760 0.0833805 0.1272939 0.1842533 0.1291363 0.1426859 0.1141335 0.1397927 0.1284500 0.1504403 0.1656048 0.1152243 0.1122456 0.1726790 0.1317586 0.1352647 0.1019554 0.1155304 0.0918213 0.1343577 0.2104298 0.1311531 0.1396471 0.1015489 0.1166489 0.0800277 0.1055638 0.0826500 0.0859295 0.1167391 0.0939027 0.1308776 0.1295134 0.1309728 0.1389062 0.0729160 0.1716368 0.1233520 0.1093314 0.1073981 0.1064873 0.1112231 0.2098753 0.1071278 0.1933351 0.1327941 0.1296024 0.1139999 0.1286710 0.1992707 0.0832192 0.2098796 0.1224477 0.1069125 0.0752612 0.1249944 0.1317045 0.0869525 0.1985085 0.0997689 0.1256441 0.0770223 0.1294479 0.1286500 0.1292029 0.1345921 0.1393317 0.1732914 0.1208072 0.1315231 0.1359738 0.1063865 0.1321476 0.0626272 0.1242299 0.1049226 0.1094278 0.1194207 0.0926636 0.1156942 0.1301150 0.1008803 0.1027946 0.1483630 0.1133665 0.0858815 0.1624141 0.1098929 0.1364195 0.0985911 0.0955815 0.0532972 0.1107275 0.1508323 0.1142752 0.1495865 0.1043491 0.1003922 0.0508744 0.0424712 0.1327849 0.0895128 0.0760798 0.1675569 0.0812682 0.0477338 0.1292645 0.0737021 
S0345         0.2600375 0.1191529 0.0905590 0.1700259 0.1019913 0.1021470 0.1266370 0.1451697 0.0864326 0.1115645 0.1657026 0.1604104 0.1350508 0.1227355 0.1502636 0.1288249 0.1509132 0.0519987 0.0000000 0.1310183 0.1108008 0.1005796 0.1080071 0.1220437 0.1402177 0.0863222 0.1198459 0.1599997 0.1207067 0.1312458 0.1052044 0.1509175 0.1214436 0.1258136 0.1608655 0.1095211 0.1188850 0.1696658 0.1204162 0.1246583 0.1071569 0.1107190 0.0901147 0.1288453 0.2209213 0.1289431 0.1292366 0.1005128 0.1136269 0.0845206 0.1102544 0.0874899 0.0902709 0.1205431 0.0882679 0.1164380 0.1287061 0.1182914 0.1204545 0.0773394 0.1357664 0.1013390 0.1070377 0.1035543 0.1067841 0.1004455 0.1886143 0.1084754 0.1906894 0.1259940 0.1213603 0.0954599 0.1128461 0.1976388 0.0882013 0.2138477 0.1205140 0.1068014 0.0834044 0.1239660 0.1369676 0.0830110 0.2014667 0.1042780 0.1149972 0.0780730 0.1269139 0.1148996 0.1165675 0.1259863 0.1313272 0.1726582 0.1158430 0.1206487 0.1278535 0.1149159 0.1324795 0.0456611 0.0999939 0.1054584 0.0972590 0.1311906 0.0858141 0.1093486 0.1274665 0.0878642 0.0949098 0.1443820 0.1094866 0.0933281 0.1451499 0.1124000 0.1211477 0.1013412 0.0965377 0.0522980 0.1017606 0.1518732 0.1084551 0.1441094 0.1032353 0.1026639 0.0282055 0.0574250 0.1186685 0.0821602 0.0775226 0.1676826 0.0827085 0.0506986 0.1239071 0.0711662 
S0355         0.2658503 0.1537114 0.1284217 0.1958804 0.1443877 0.1411139 0.0286152 0.1818416 0.1515010 0.1456778 0.2232030 0.2092352 0.0407751 0.0729419 0.1980704 0.0112410 0.1825379 0.1372577 0.1310183 0.0000000 0.1520229 0.1387639 0.1434649 0.1649466 0.1715709 0.1159309 0.1661649 0.2095040 0.0071928 0.1592283 0.1611278 0.1818490 0.0889221 0.0160622 0.1942516 0.1525722 0.1509947 0.2031154 0.1587353 0.1640485 0.1378096 0.1490403 0.1204693 0.0123156 0.2405449 0.1775243 0.0162417 0.1367760 0.1631585 0.1132754 0.1421823 0.1163205 0.1149314 0.1697143 0.1278872 0.1593752 0.0962131 0.1568205 0.1618983 0.1188850 0.1967955 0.0449325 0.1558460 0.1466212 0.1594661 0.1563800 0.2262526 0.1436821 0.2211028 0.1054770 0.0918835 0.1517918 0.1640688 0.2318654 0.1168763 0.2447793 0.1640344 0.1523549 0.1305174 0.0921831 0.1676332 0.1423670 0.2339118 0.1415074 0.1763874 0.1251037 0.1656091 0.1546693 0.1580812 0.0158090 0.1726222 0.2088096 0.0880686 0.0170091 0.0154009 0.1470609 0.0972551 0.1411178 0.1874626 0.1446775 0.1444232 0.1618051 0.1558860 0.1511020 0.1645836 0.1552160 0.1647133 0.1722681 0.1570464 0.1154208 0.1905939 0.1448581 0.1604081 0.1351112 0.1522839 0.1172797 0.1467800 0.1888999 0.1508060 0.1795677 0.1443418 0.1456289 0.1284955 0.1395508 0.1618289 0.1301938 0.1183347 0.1990236 0.1173566 0.1183122 0.1625826 0.1171794 
S0376         0.2640936 0.0905899 0.1190285 0.1741586 0.1361855 0.0934887 0.1602192 0.1609816 0.1472563 0.0914475 0.1424406 0.1779454 0.1858197 0.1606511 0.1667253 0.1488802 0.1804810 0.1197374 0.1108008 0.1520229 0.0000000 0.0883962 0.0878736 0.1013986 0.1644322 0.1109218 0.0640662 0.2047175 0.1405484 0.1687195 0.1420206 0.1224237 0.1419526 0.1577371 0.1805320 0.0987527 0.0968028 0.1860362 0.1616020 0.1597959 0.0997857 0.1054984 0.1167883 0.1505624 0.2120328 0.1288808 0.1510298 0.0891324 0.1453583 0.1105733 0.0926278 0.1129778 0.1163610 0.1563932 0.1144643 0.1609202 0.1504315 0.1598080 0.1630834 0.1127463 0.1673185 0.1386835 0.1367332 0.1312273 0.1424871 0.1378949 0.1839427 0.1226845 0.1982724 0.1574755 0.1558063 0.1372790 0.1546388 0.2036076 0.1130066 0.2095300 0.1421749 0.1385852 0.1145769 0.1464751 0.1116008 0.1340778 0.2008398 0.0913574 0.1074343 0.1252554 0.1490274 0.1603497 0.1585035 0.1461150 0.1701522 0.1766142 0.1346174 0.1459071 0.1502417 0.0949204 0.1534797 0.1331256 0.1898852 0.0941731 0.0883506 0.1102612 0.1402793 0.0966502 0.1525613 0.1547262 0.1627097 0.1619354 0.0950401 0.1146578 0.1821316 0.1236592 0.1624924 0.0871943 0.1532041 0.1060544 0.0969139 0.1693955 0.0962155 0.1808621 0.0815749 0.0921506 0.1169219 0.1163961 0.1601369 0.1103382 0.1130382 0.1782162 0.0975544 0.0997749 0.0584080 0.1070702 
S0400         0.2358627 0.0767484 0.0989681 0.1663819 0.1107327 0.0139365 0.1477246 0.1433652 0.1197733 0.0185195 0.1507558 0.1664682 0.1698405 0.1314885 0.1589220 0.1421748 0.1520110 0.0957858 0.1005796 0.1387639 0.0883962 0.0000000 0.0204916 0.0844933 0.1442718 0.0864295 0.0972532 0.1766067 0.1326651 0.1411542 0.1229275 0.1157728 0.1267035 0.1522069 0.1602401 0.0606503 0.0272435 0.1682367 0.1289588 0.1302524 0.0701754 0.0232813 0.0903797 0.1386941 0.1886610 0.1091605 0.1420420 0.0209065 0.1250825 0.0818566 0.0149284 0.0833688 0.0871166 0.1329015 0.0939943 0.1249661 0.1377071 0.1275178 0.1271682 0.0859240 0.1630159 0.1199726 0.1198756 0.1146585 0.1192977 0.1175565 0.1806983 0.1085714 0.1805039 0.1391882 0.1337013 0.1257086 0.1362380 0.1802929 0.0838608 0.1878741 0.1174251 0.1161755 0.0968569 0.1297767 0.0863233 0.1084665 0.1839608 0.0134847 0.0815671 0.0969114 0.1288024 0.1252411 0.1264671 0.1298895 0.1379983 0.1726261 0.1198836 0.1299821 0.1375516 0.0245750 0.1435865 0.1031328 0.1586578 0.0189827 0.0206555 0.0887888 0.1177986 0.0604342 0.1181955 0.1275613 0.1292963 0.1504003 0.0640158 0.0842308 0.1587799 0.1105093 0.1281210 0.0110733 0.1214734 0.0837469 0.0292106 0.1453009 0.0541288 0.1455060 0.0586842 0.0723829 0.0976025 0.1005360 0.1264994 0.0897272 0.0915384 0.1561234 0.0796830 0.0806342 0.1043758 0.0802493 
S0405         0.2399755 0.0793869 0.1027279 0.1658605 0.1164015 0.0240025 0.1492097 0.1425083 0.1246227 0.0262557 0.1535574 0.1649216 0.1736293 0.1367148 0.1576954 0.1459002 0.1526073 0.1052931 0.1080071 0.1434649 0.0878736 0.0204916 0.0000000 0.0866381 0.1461230 0.0900772 0.0968099 0.1845524 0.1362504 0.1453338 0.1226539 0.1185409 0.1317307 0.1544479 0.1607296 0.0636952 0.0226467 0.1701306 0.1354764 0.1352945 0.0746172 0.0333974 0.0944030 0.1448238 0.1932893 0.1147108 0.1467983 0.0230102 0.1286343 0.0860374 0.0240640 0.0869730 0.0926563 0.1387869 0.0994099 0.1311746 0.1418546 0.1318405 0.1336532 0.0925273 0.1648837 0.1238627 0.1215460 0.1193288 0.1234407 0.1208085 0.1775154 0.1142263 0.1843836 0.1447984 0.1403185 0.1304789 0.1407568 0.1865286 0.0880812 0.1917872 0.1297488 0.1223625 0.1035954 0.1364242 0.0925665 0.1131004 0.1878297 0.0226005 0.0851312 0.1025680 0.1329887 0.1295212 0.1310878 0.1352580 0.1436406 0.1726952 0.1268804 0.1330354 0.1414458 0.0210604 0.1449148 0.1109678 0.1641285 0.0277349 0.0179175 0.0937889 0.1216087 0.0654054 0.1251884 0.1324301 0.1337087 0.1499599 0.0691538 0.0884465 0.1607289 0.1162342 0.1337777 0.0191261 0.1297006 0.0909757 0.0324903 0.1482381 0.0559881 0.1524661 0.0628511 0.0755905 0.1031928 0.1073780 0.1300053 0.0972807 0.0982708 0.1591267 0.0832391 0.0865578 0.1040335 0.0861483 
S0412sl       0.2648945 0.0998691 0.1231766 0.1735283 0.1234794 0.0905217 0.1760288 0.1601790 0.1349283 0.0939429 0.1625496 0.1737787 0.1922370 0.1562228 0.1612775 0.1634432 0.1683786 0.1181173 0.1220437 0.1649466 0.1013986 0.0844933 0.0866381 0.0000000 0.1593167 0.1128348 0.1165724 0.1817084 0.1565301 0.1651492 0.1297278 0.1056295 0.1357549 0.1653930 0.1692698 0.1011683 0.0926747 0.1735259 0.1652707 0.1540184 0.0989341 0.1047199 0.1149446 0.1596360 0.2150568 0.0868282 0.1673427 0.0839455 0.1413639 0.1080673 0.0913771 0.1127926 0.1174235 0.1403395 0.1174004 0.1608029 0.1527350 0.1528219 0.1589205 0.1123809 0.1697776 0.1429107 0.1263757 0.1177941 0.1253559 0.1320781 0.1721037 0.1185057 0.2129551 0.1565618 0.1523398 0.1313600 0.1459232 0.2079303 0.1112686 0.2112122 0.1445734 0.1228538 0.1167923 0.1480181 0.1109417 0.1265872 0.1996877 0.0925165 0.0982681 0.1207832 0.1451474 0.1523040 0.1589350 0.1523197 0.1743282 0.1813171 0.1305334 0.1520912 0.1592016 0.0936826 0.1460231 0.1287848 0.1692321 0.0937399 0.0820929 0.1109321 0.1245252 0.0971628 0.1437979 0.1451280 0.1490332 0.1510433 0.0882392 0.1121965 0.1777289 0.1207693 0.1568944 0.0831286 0.1406421 0.1086302 0.0949835 0.1609069 0.0963620 0.1827480 0.0849610 0.0834834 0.1191284 0.1183210 0.1446438 0.1196296 0.1164419 0.1654831 0.1009135 0.1042495 0.1058734 0.1091028 
S0417         0.2905213 0.1592959 0.1399910 0.0761563 0.1481610 0.1474003 0.1777693 0.0664930 0.1466268 0.1529503 0.2276566 0.0872610 0.1958109 0.1667000 0.0766550 0.1617994 0.0652653 0.1389760 0.1402177 0.1715709 0.1644322 0.1442718 0.1461230 0.1593167 0.0000000 0.1308550 0.1730314 0.1105296 0.1536183 0.0859429 0.1535888 0.1685757 0.1640268 0.1702700 0.0694712 0.1623697 0.1530848 0.0776604 0.0911722 0.0959894 0.1397523 0.1503384 0.1286701 0.1684325 0.2506430 0.1774927 0.1723932 0.1445493 0.1464566 0.1270353 0.1513166 0.1330165 0.1285562 0.1574516 0.1301499 0.0907259 0.1714717 0.0913560 0.0927859 0.1186712 0.0700037 0.1567452 0.1421842 0.1437971 0.1409416 0.1504086 0.2317153 0.1540172 0.2451884 0.1821506 0.1664402 0.1577220 0.1805338 0.2390023 0.1300972 0.2495569 0.0861411 0.1487293 0.1444211 0.1715346 0.1840802 0.1326540 0.2458899 0.1468435 0.1632835 0.1373437 0.0449960 0.0868197 0.0908438 0.1652293 0.0982018 0.0762025 0.1536615 0.1637908 0.1700995 0.1507755 0.1755654 0.1398361 0.1856243 0.1529644 0.1520772 0.1675360 0.1484325 0.1590077 0.0867823 0.1411301 0.1545842 0.0706475 0.1543813 0.1324252 0.0654237 0.1568399 0.0940738 0.1420211 0.1524920 0.1221530 0.1602965 0.0640498 0.1533308 0.1050452 0.1428782 0.1387929 0.1304468 0.1435698 0.0947393 0.1313827 0.1210409 0.1808406 0.1223954 0.1192218 0.1682388 0.1186277 
S0419         0.2264423 0.1060272 0.0235322 0.1572230 0.0712185 0.0894033 0.1292307 0.1417495 0.0963310 0.0891760 0.1692397 0.1627453 0.1461172 0.1246525 0.1511325 0.1134106 0.1416582 0.0833805 0.0863222 0.1159309 0.1109218 0.0864295 0.0900772 0.1128348 0.1308550 0.0000000 0.1154450 0.1677048 0.1026791 0.1222371 0.1060283 0.1398827 0.1107385 0.1179738 0.1541567 0.1002598 0.0962440 0.1658809 0.1179000 0.1181415 0.0934378 0.0947006 0.0490297 0.1179601 0.1975813 0.1349390 0.1181755 0.0873442 0.1137840 0.0065986 0.0902804 0.0099657 0.0139017 0.1183353 0.0548265 0.1159592 0.1154496 0.1140644 0.1213786 0.0670507 0.1575141 0.1000876 0.1002531 0.1032138 0.1016366 0.1011010 0.1906016 0.0701486 0.1730198 0.1206067 0.1122152 0.1044645 0.1187653 0.1819548 0.0094864 0.1941629 0.1156656 0.1036219 0.0823319 0.1109856 0.1225210 0.0921716 0.1878525 0.0877789 0.1198910 0.0776653 0.1280436 0.1118657 0.1084477 0.1124100 0.1303824 0.1660995 0.1016760 0.1107315 0.1165263 0.0934299 0.1192395 0.0871654 0.1368632 0.0895304 0.0890800 0.1242236 0.1059450 0.1003719 0.1165083 0.1086124 0.1080416 0.1518304 0.1031322 0.0138244 0.1532932 0.0712515 0.1153926 0.0825846 0.1036584 0.0667463 0.0913451 0.1479780 0.0973791 0.1364167 0.0940485 0.0920875 0.0824224 0.0869847 0.1160319 0.0765200 0.0698849 0.1475293 0.0510772 0.0649067 0.1184335 0.0626821 
S0427         0.2869564 0.0922242 0.1242914 0.1878724 0.1425369 0.0993010 0.1724337 0.1674614 0.1448348 0.1000676 0.1521173 0.1910679 0.1943670 0.1652313 0.1701844 0.1610367 0.1923487 0.1272939 0.1198459 0.1661649 0.0640662 0.0972532 0.0968099 0.1165724 0.1730314 0.1154450 0.0000000 0.2069364 0.1563141 0.1694093 0.1463732 0.1343264 0.1503821 0.1629542 0.1940581 0.0998256 0.1061646 0.1948820 0.1635773 0.1605425 0.1052130 0.1111962 0.1254685 0.1628696 0.2258727 0.1322499 0.1665359 0.0981442 0.1425951 0.1130489 0.1027437 0.1187973 0.1183316 0.1573779 0.1259522 0.1619328 0.1594239 0.1644701 0.1631676 0.1133844 0.1837517 0.1429242 0.1414387 0.1354217 0.1472442 0.1403401 0.1985561 0.1365592 0.2080747 0.1708373 0.1634760 0.1422392 0.1554222 0.2116060 0.1165859 0.2228066 0.1546081 0.1475950 0.1228976 0.1623525 0.1145085 0.1334657 0.2151051 0.1009658 0.1166682 0.1253056 0.1631048 0.1640715 0.1626417 0.1583615 0.1779701 0.1941108 0.1434987 0.1530203 0.1644247 0.1045796 0.1652744 0.1310269 0.1937868 0.1049190 0.0908647 0.1147646 0.1478572 0.1021848 0.1547061 0.1558226 0.1568241 0.1803108 0.1010784 0.1175075 0.1875644 0.1381616 0.1573593 0.0938120 0.1560434 0.1099057 0.1040194 0.1796415 0.1047564 0.1862473 0.0968586 0.1046440 0.1234091 0.1219529 0.1530649 0.1169517 0.1156467 0.1935148 0.1091184 0.1040201 0.0623758 0.1076920 
S0428sl       0.3617460 0.1964584 0.1618337 0.1521899 0.1949155 0.1812648 0.1949827 0.1327760 0.1860627 0.1819881 0.2748404 0.1561847 0.1987035 0.2068640 0.1523042 0.2253480 0.1227788 0.1842533 0.1599997 0.2095040 0.2047175 0.1766067 0.1845524 0.1817084 0.1105296 0.1677048 0.2069364 0.0000000 0.2093280 0.1310453 0.2098991 0.2179996 0.2091979 0.1819848 0.1607325 0.1952180 0.1902414 0.1570044 0.1221129 0.1375834 0.1734517 0.2176378 0.1621991 0.2088492 0.3093829 0.2227082 0.2133988 0.1726101 0.1626728 0.1658437 0.1827855 0.1696508 0.1739248 0.2164362 0.1722395 0.1195711 0.2217940 0.1282549 0.1235107 0.1629501 0.0943611 0.1796384 0.1889752 0.1785700 0.1845413 0.1941171 0.2444890 0.1875751 0.2931029 0.2215198 0.2189611 0.1903388 0.2169634 0.2924108 0.1685043 0.3090682 0.1027100 0.1872210 0.1824952 0.2176489 0.2255682 0.1703023 0.3039862 0.1823042 0.1977895 0.1707213 0.1091075 0.1199047 0.1268116 0.2082001 0.1342356 0.1422200 0.2054979 0.1980267 0.2007805 0.1908984 0.2347908 0.1816727 0.2046787 0.1832428 0.1601577 0.2100996 0.1803570 0.1940629 0.1225288 0.1851039 0.1993055 0.1439739 0.1870283 0.1697321 0.0899795 0.1950826 0.1286777 0.1750415 0.1823440 0.1607437 0.1845083 0.1459471 0.1793606 0.1440600 0.1845350 0.1767709 0.1751007 0.1904992 0.1309488 0.1649016 0.1565755 0.2326587 0.1600413 0.1624296 0.2025404 0.1560640 
S0430         0.2672981 0.1447190 0.1149890 0.1858314 0.1336585 0.1345335 0.0201553 0.1604525 0.1448306 0.1386285 0.2098197 0.1931048 0.0430911 0.0683116 0.1767706 0.0118195 0.1677297 0.1291363 0.1207067 0.0071928 0.1405484 0.1326651 0.1362504 0.1565301 0.1536183 0.1026791 0.1563141 0.2093280 0.0000000 0.1512244 0.1541475 0.1695114 0.0831058 0.0179567 0.1820275 0.1430246 0.1449035 0.1910375 0.1523532 0.1570497 0.1325286 0.1479418 0.1083861 0.0088727 0.2218756 0.1777850 0.0151575 0.1324829 0.1547130 0.1011540 0.1386445 0.1038727 0.1020130 0.1648544 0.1163947 0.1520496 0.0893149 0.1468332 0.1567198 0.1119781 0.1652956 0.0406123 0.1498008 0.1395616 0.1494210 0.1483886 0.2309942 0.1362887 0.2009787 0.1018825 0.0878484 0.1436255 0.1524246 0.2203020 0.1052495 0.2233211 0.1531697 0.1420645 0.1245104 0.0857977 0.1542289 0.1364534 0.2185083 0.1336578 0.1691739 0.1181063 0.1512254 0.1453593 0.1485784 0.0123384 0.1664535 0.1950138 0.0798925 0.0107651 0.0095408 0.1406383 0.0904903 0.1270044 0.1929436 0.1402714 0.1372379 0.1559062 0.1456470 0.1428938 0.1579253 0.1438193 0.1572777 0.1587121 0.1469204 0.1043246 0.1619994 0.1374767 0.1518994 0.1281018 0.1409852 0.1054311 0.1420999 0.1723881 0.1442142 0.1686902 0.1367124 0.1395396 0.1186675 0.1311238 0.1522123 0.1219785 0.1143266 0.1822765 0.1098793 0.1066908 0.1540834 0.1092365 
