132
S0055      0.0000000 0.0904312 0.1100172 0.0931525 0.0662711 0.1105983 0.1056424 0.0872276 0.0918867 0.1001668 0.1152437 0.1167772 0.1379471 0.1176654 0.0955802 0.1103181 0.1052145 0.0939726 0.1157501 0.0967100 0.0671242 0.0767500 0.1058319 0.0973672 0.1084152 0.0829633 0.0966786 0.1037482 0.1047708 0.1068461 0.1007575 0.0911818 0.1400915 0.1199184 0.0666543 0.0746515 0.1164588 0.1031116 0.1004197 0.0773164 0.0769887 0.0885499 0.1309431 0.1480237 0.0840116 0.1267210 0.1059265 0.0660424 0.1046456 0.0864132 0.0627458 0.0842464 0.1099582 0.0865186 0.1063793 0.1573373 0.0970325 0.1146017 0.0863365 0.1134810 0.1043295 0.1042009 0.0954941 0.0965493 0.0939222 0.0935127 0.0957097 0.1560373 0.1295917 0.1594098 0.1381350 0.1025650 0.0976872 0.1607620 0.0800281 0.1624677 0.0922261 0.1015142 0.0956624 0.1493797 0.0552166 0.1003348 0.1460079 0.0650593 0.0682718 0.1011726 0.1007032 0.0989830 0.0993296 0.1048318 0.1045396 0.1140122 0.1474652 0.1200379 0.1112584 0.0668676 0.1403861 0.1056139 0.0884008 0.0703298 0.0674977 0.0493641 0.1025721 0.0498786 0.1039890 0.0989051 0.0813203 0.1128270 0.0609906 0.0917566 0.1037040 0.1005958 0.1085890 0.0629207 0.1031338 0.1088593 0.0679887 0.1195935 0.0695734 0.1183659 0.0563149 0.0659838 0.1001305 0.1111026 0.1129345 0.0846105 0.0776515 0.1206552 0.0846133 0.1080149 0.0798963 0.0788052 
S0196sl    0.0904312 0.0000000 0.0865667 0.0529742 0.0665214 0.0955034 0.0891770 0.0721355 0.0887581 0.1064349 0.0948886 0.1006398 0.1129588 0.0950384 0.0780782 0.0940836 0.0889703 0.0756817 0.1052010 0.0917161 0.0704680 0.0834327 0.0825283 0.1084957 0.0966786 0.0048996 0.1026127 0.0796812 0.1003054 0.0933434 0.0769652 0.1109670 0.1238602 0.1004181 0.0894097 0.0713358 0.0875890 0.0934826 0.0766376 0.0850487 0.0751630 0.0492684 0.1126757 0.1410927 0.1029952 0.1088142 0.1069465 0.0679018 0.0777420 0.0048979 0.0635821 0.0049118 0.0909979 0.0482643 0.0973012 0.1571640 0.0782427 0.1027988 0.0787387 0.0889026 0.0837690 0.0783533 0.0826652 0.0736309 0.0614236 0.1048312 0.0509619 0.1600213 0.1173492 0.1473055 0.1196073 0.0853021 0.0876590 0.1541643 0.0061700 0.1540342 0.0812106 0.0856717 0.0841206 0.1308193 0.0936063 0.0752900 0.1304824 0.0694314 0.0884908 0.0871121 0.0825771 0.0794005 0.0781742 0.0991111 0.0975238 0.0978823 0.1210673 0.1078726 0.0979324 0.0748947 0.1333956 0.0958057 0.0794991 0.0735081 0.0692315 0.0946345 0.0839841 0.0753622 0.0978531 0.0913196 0.0675763 0.0969562 0.0880873 0.0137116 0.0856368 0.0551291 0.0883198 0.0635422 0.0871934 0.0828748 0.0734894 0.0985107 0.0812479 0.1045586 0.0829222 0.0732556 0.0867198 0.0944189 0.0903575 0.0632635 0.0690324 0.1171663 0.0437732 0.0844486 0.0913040 0.0737442 
S0278      0.1100172 0.0865667 0.0000000 0.0952818 0.0852950 0.1119393 0.0337101 0.0832525 0.0962881 0.1228335 0.0388131 0.1200606 0.1278597 0.0431575 0.0808755 0.0445350 0.0999172 0.1008366 0.1127368 0.1083275 0.0861398 0.0965757 0.0373542 0.1170213 0.0338642 0.0846241 0.1073239 0.0446149 0.1072714 0.0487304 0.0978839 0.1225148 0.1418564 0.0440268 0.1092177 0.0802768 0.0336682 0.0412283 0.0519371 0.0907213 0.0945897 0.0975045 0.1290038 0.1491371 0.1186808 0.1234152 0.1196843 0.0874578 0.1016338 0.0881487 0.0814692 0.0872030 0.1059311 0.0991291 0.0535648 0.1511147 0.0488159 0.0563606 0.0978462 0.0303200 0.0972342 0.0999632 0.1022970 0.0934690 0.0934784 0.0884880 0.1063475 0.1557545 0.1263718 0.1504879 0.1338459 0.1121754 0.1131529 0.1686551 0.0851890 0.1725204 0.0567417 0.1133607 0.0974786 0.1382254 0.1033771 0.1001412 0.1539896 0.0825791 0.1054127 0.1030449 0.0316922 0.0517687 0.0498036 0.1090452 0.0489407 0.0368223 0.1272785 0.1150560 0.1097482 0.0862109 0.1354969 0.1031977 0.0891121 0.0931104 0.0879507 0.1145284 0.0963404 0.0970516 0.0626630 0.0937155 0.0783137 0.0388112 0.1039596 0.0959724 0.0381502 0.1114504 0.0572147 0.0828461 0.1040248 0.0961002 0.0826667 0.0420454 0.0899222 0.0667243 0.1010020 0.0812734 0.1009085 0.1107690 0.0630474 0.0885792 0.0851653 0.1198704 0.0864916 0.0975925 0.0983607 0.0878829 
S0281      0.0931525 0.0529742 0.0952818 0.0000000 0.0708181 0.1061228 0.0959099 0.0747911 0.1017884 0.1042193 0.1065931 0.1154509 0.1238799 0.1041532 0.0963699 0.1000173 0.0936581 0.0899321 0.1118501 0.0986834 0.0739065 0.0837726 0.1021744 0.1044154 0.1035249 0.0448479 0.0964460 0.1032200 0.1029053 0.1033830 0.0835177 0.1109961 0.1320497 0.1061371 0.0966504 0.0759505 0.0982637 0.0978463 0.0908424 0.0854800 0.0934002 0.0516941 0.1301660 0.1412305 0.0999296 0.1260496 0.1185043 0.0729162 0.0851297 0.0447841 0.0693928 0.0448859 0.0962293 0.0529218 0.1019837 0.1472921 0.0863334 0.1130453 0.0846364 0.1062659 0.0949709 0.0857564 0.0911642 0.0773114 0.0734496 0.1092381 0.0496707 0.1548986 0.1201329 0.1436947 0.1428162 0.0948696 0.0948297 0.1544636 0.0450112 0.1545804 0.0882324 0.0985483 0.0911730 0.1298101 0.0913825 0.0924784 0.1369092 0.0671891 0.0970579 0.0967958 0.0921665 0.0894410 0.0874362 0.1060913 0.1004613 0.1041820 0.1364132 0.1138962 0.1100564 0.0724131 0.1201743 0.1003319 0.0793371 0.0726479 0.0729949 0.0975326 0.0934734 0.0832449 0.1036128 0.0873007 0.0713401 0.1065856 0.0955741 0.0546874 0.0939622 0.0552404 0.0953889 0.0718130 0.0916591 0.0887387 0.0738685 0.1084838 0.0788266 0.1170843 0.0880887 0.0725962 0.0870358 0.0992564 0.1019969 0.0747893 0.0772455 0.1160738 0.0581568 0.0917389 0.0851862 0.0798856 
S0282      0.0662711 0.0665214 0.0852950 0.0708181 0.0000000 0.0978343 0.0815733 0.0686576 0.0303901 0.0520903 0.0918144 0.1029084 0.1196074 0.0945017 0.0831199 0.0858514 0.0882943 0.0791558 0.1013492 0.0819689 0.0161851 0.0272584 0.0891031 0.0782519 0.0874692 0.0593437 0.0821831 0.0853922 0.0944534 0.0908479 0.0825571 0.0787296 0.1278012 0.0981525 0.0754930 0.0255666 0.0906684 0.0806114 0.0789421 0.0613290 0.0215198 0.0698887 0.1131998 0.1275566 0.0781613 0.1091859 0.0968737 0.0230384 0.0886900 0.0626012 0.0152092 0.0605214 0.0902601 0.0701010 0.0839521 0.1469567 0.0734677 0.0941860 0.0668940 0.0861362 0.0910920 0.0847684 0.0843302 0.0808667 0.0748497 0.0475558 0.0825076 0.1433693 0.1068486 0.1468938 0.1255629 0.0807737 0.0783556 0.1451961 0.0586402 0.1508585 0.0683458 0.0867132 0.0823583 0.1338294 0.0661373 0.0834029 0.1321033 0.0171786 0.0759438 0.0756759 0.0802577 0.0754019 0.0756570 0.0956599 0.0834644 0.0878296 0.1268547 0.1036113 0.0972936 0.0183546 0.1271866 0.0936435 0.0719277 0.0243859 0.0194822 0.0746087 0.0833179 0.0604843 0.0889506 0.0807524 0.0641849 0.0942760 0.0721237 0.0674829 0.0808074 0.0861156 0.0855986 0.0142778 0.0804069 0.0904327 0.0259399 0.0958656 0.0372062 0.0985626 0.0638854 0.0454593 0.0819751 0.0949496 0.0918913 0.0662148 0.0563661 0.1042912 0.0663759 0.0895666 0.0660002 0.0597251 
S0288      0.1105983 0.0955034 0.1119393 0.1061228 0.0978343 0.0000000 0.1190249 0.0949874 0.1168833 0.1379003 0.1289273 0.0227081 0.0678698 0.1405033 0.0391515 0.1282433 0.1161218 0.1206802 0.0128156 0.1253226 0.1026844 0.1118030 0.1265454 0.1301874 0.1256702 0.0917765 0.1262351 0.1156357 0.0043789 0.1149388 0.1148194 0.1396666 0.0927149 0.1255726 0.1217834 0.1058287 0.1274887 0.1110868 0.1143057 0.1112173 0.1147135 0.1063588 0.0283517 0.1545131 0.1314221 0.0271952 0.1355913 0.0984695 0.1153667 0.0970178 0.0986603 0.0946892 0.1297577 0.1071879 0.1197919 0.1085343 0.1090580 0.1279997 0.1071686 0.1200302 0.0318382 0.1159966 0.1145457 0.1086801 0.1046153 0.1338569 0.1108838 0.1615504 0.1375742 0.1006139 0.1111426 0.1226822 0.1226194 0.1612675 0.0885681 0.1733919 0.1007111 0.1185936 0.1104826 0.1044432 0.1140885 0.1109870 0.1556021 0.0937593 0.1222980 0.1185008 0.1167257 0.1100451 0.1104838 0.0057830 0.1124363 0.1202555 0.0928984 0.0084917 0.0000030 0.1041704 0.1038376 0.1151624 0.0977900 0.1014948 0.0968769 0.1243703 0.1083691 0.1044952 0.1188088 0.1056096 0.0949214 0.1262799 0.1254166 0.0991595 0.1162672 0.1138318 0.1180659 0.1015974 0.1074095 0.1196235 0.0961274 0.1226378 0.1019596 0.1283854 0.1084184 0.0946732 0.1188001 0.1213671 0.1245842 0.0963783 0.0981047 0.1384407 0.1100424 0.1173930 0.1083547 0.1022349 
S0289      0.1056424 0.0891770 0.0337101 0.0959099 0.0815733 0.1190249 0.0000000 0.0760881 0.0972518 0.1182959 0.0362170 0.1270635 0.1345586 0.0365693 0.0844198 0.0404475 0.1034117 0.0955497 0.1192379 0.1090020 0.0824113 0.0903963 0.0392289 0.1160244 0.0364969 0.0809023 0.1067942 0.0344177 0.1146011 0.0469115 0.0938650 0.1166618 0.1404452 0.0431012 0.1037333 0.0802522 0.0362966 0.0390776 0.0457271 0.0867645 0.0908377 0.0934201 0.1366538 0.1412266 0.1092158 0.1335857 0.1173249 0.0802938 0.0929706 0.0843446 0.0765769 0.0834122 0.1076496 0.0948838 0.0471193 0.1615802 0.0456972 0.0521880 0.0880596 0.0327429 0.1048988 0.0984792 0.0994045 0.0885447 0.0883038 0.0973507 0.1057939 0.1507193 0.1189562 0.1555800 0.1461383 0.1090976 0.1076449 0.1605035 0.0814323 0.1654896 0.0553771 0.1067432 0.0960719 0.1422498 0.1005058 0.0936330 0.1445840 0.0778012 0.0999948 0.0910511 0.0291380 0.0476579 0.0457302 0.1185200 0.0425748 0.0400617 0.1303234 0.1253539 0.1176280 0.0777870 0.1396811 0.1015886 0.0806661 0.0858191 0.0830302 0.1127784 0.0887067 0.0908083 0.0549538 0.0875984 0.0702398 0.0402790 0.0949374 0.0919583 0.0375855 0.1108153 0.0508597 0.0803124 0.0940448 0.0970586 0.0834904 0.0415077 0.0875136 0.0601744 0.0957634 0.0765685 0.0966913 0.1129341 0.0543340 0.0813569 0.0770262 0.1165572 0.0851880 0.0985370 0.0965839 0.0759452 
S0292      0.0872276 0.0721355 0.0832525 0.0747911 0.0686576 0.0949874 0.0760881 0.0000000 0.0886922 0.1039388 0.0829208 0.1000297 0.1167497 0.0922844 0.0800027 0.0837936 0.0596755 0.0558953 0.1011587 0.0974375 0.0716960 0.0826859 0.0807354 0.1028970 0.0844498 0.0634404 0.0951543 0.0671927 0.0914885 0.0807905 0.0720822 0.0998898 0.1193218 0.0878721 0.0885832 0.0763256 0.0851667 0.0761515 0.0757469 0.0808777 0.0854555 0.0730828 0.1142646 0.1315910 0.0936034 0.1102441 0.1045629 0.0674270 0.0780655 0.0667169 0.0672653 0.0657892 0.0913307 0.0710003 0.0804412 0.1433867 0.0725036 0.0862461 0.0736787 0.0797510 0.0851755 0.0753507 0.0773405 0.0671225 0.0668038 0.1002561 0.0868982 0.1447075 0.1111374 0.1332830 0.1271692 0.0864124 0.0841151 0.1435246 0.0638445 0.1435847 0.0620033 0.0865848 0.0541612 0.1180704 0.0903640 0.0478014 0.1265439 0.0651029 0.0912241 0.0768994 0.0737248 0.0733573 0.0712989 0.0955863 0.0756162 0.0871245 0.1153784 0.1058642 0.0983513 0.0715688 0.1198872 0.0655282 0.0142591 0.0704413 0.0697035 0.0950596 0.0476629 0.0764506 0.0847997 0.0240589 0.0142524 0.0887389 0.0898732 0.0727460 0.0798335 0.0916548 0.0823814 0.0674540 0.0511392 0.0670703 0.0683858 0.0874283 0.0664841 0.0954681 0.0823402 0.0639104 0.0600127 0.0700964 0.0863431 0.0616381 0.0608509 0.1055671 0.0673623 0.0640182 0.0829205 0.0664346 
S0293      0.0918867 0.0887581 0.0962881 0.1017884 0.0303901 0.1168833 0.0972518 0.0886922 0.0000000 0.0636821 0.1029648 0.1165854 0.1411746 0.1066368 0.0878417 0.0994513 0.1205440 0.1093301 0.1218014 0.0976074 0.0345128 0.0462666 0.1008382 0.0969266 0.0985438 0.0879778 0.1024083 0.0952964 0.1144577 0.1081921 0.1042075 0.1003632 0.1420480 0.1162088 0.0999786 0.0360950 0.1084884 0.0974494 0.0918029 0.0813067 0.0311986 0.0999510 0.1308229 0.1452530 0.1000456 0.1248286 0.1236832 0.0343884 0.1063793 0.0879414 0.0276860 0.0880817 0.1059420 0.0942116 0.1046487 0.1716265 0.0888535 0.1118512 0.0861824 0.0906241 0.1043796 0.1057717 0.1132715 0.1016630 0.0934038 0.0539263 0.1057659 0.1692309 0.1267733 0.1758967 0.1470461 0.1029556 0.1024244 0.1705123 0.0824684 0.1754017 0.0924183 0.1159848 0.1067706 0.1603632 0.0980938 0.0983127 0.1513872 0.0359601 0.1037452 0.1047842 0.0965511 0.0885288 0.0872415 0.1182688 0.1030910 0.1009287 0.1476317 0.1240999 0.1166280 0.0350600 0.1610368 0.1175686 0.0949068 0.0423220 0.0310219 0.0993709 0.0999546 0.0881063 0.1049767 0.1061019 0.0881682 0.1138223 0.1001717 0.0935407 0.1017719 0.1091307 0.1013092 0.0263098 0.1006730 0.1118661 0.0414125 0.1137799 0.0486460 0.1135214 0.0946452 0.0678636 0.1099373 0.1284191 0.1100596 0.0838100 0.0711084 0.1245840 0.0886553 0.1170302 0.0835148 0.0792024 
S0294      0.1001668 0.1064349 0.1228335 0.1042193 0.0520903 0.1379003 0.1182959 0.1039388 0.0636821 0.0000000 0.1293504 0.1433295 0.1556370 0.1349165 0.1191327 0.1261159 0.1229048 0.1191240 0.1409931 0.1076962 0.0529627 0.0609347 0.1244781 0.1105011 0.1223265 0.0945324 0.1111724 0.1226217 0.1353550 0.1271388 0.1141103 0.1088812 0.1664818 0.1304293 0.1110861 0.0616846 0.1229114 0.1116408 0.1152870 0.0962286 0.0644367 0.1054469 0.1511713 0.1512806 0.1122774 0.1466958 0.1467193 0.0572976 0.1159608 0.0980703 0.0497856 0.0958651 0.1262596 0.1081724 0.1185931 0.1854230 0.1067524 0.1282002 0.1006084 0.1207897 0.1245164 0.1177024 0.1209440 0.1111606 0.1071675 0.0528800 0.1139011 0.1675766 0.1402407 0.1902779 0.1633617 0.1187820 0.1147519 0.1737533 0.0928558 0.1752686 0.1104254 0.1197059 0.1176420 0.1781378 0.0997788 0.1103870 0.1604299 0.0498939 0.1127586 0.1124203 0.1167952 0.1087061 0.1079752 0.1392102 0.1154101 0.1203483 0.1610121 0.1383406 0.1342482 0.0502647 0.1706059 0.1288903 0.1074544 0.0536929 0.0506268 0.1057896 0.1138547 0.0889385 0.1228368 0.1155501 0.0978996 0.1304882 0.1078139 0.1023881 0.1207800 0.1178178 0.1211736 0.0509549 0.1157009 0.1263787 0.0592779 0.1339524 0.0738057 0.1295972 0.0962931 0.0796025 0.1147884 0.1342019 0.1269887 0.1024079 0.0893813 0.1380018 0.1038561 0.1243726 0.0902599 0.0930878 
S0299      0.1152437 0.0948886 0.0388131 0.1065931 0.0918144 0.1289273 0.0362170 0.0829208 0.1029648 0.1293504 0.0000000 0.1328959 0.1420977 0.0456976 0.0899270 0.0447336 0.1093079 0.1060243 0.1243759 0.1125631 0.0903446 0.1020998 0.0430255 0.1236031 0.0425799 0.0910522 0.1079040 0.0515983 0.1247408 0.0521516 0.1017979 0.1251872 0.1522269 0.0461910 0.1094248 0.0866257 0.0413066 0.0476766 0.0573470 0.0947205 0.0985987 0.1040562 0.1378380 0.1458719 0.1188588 0.1347610 0.1246254 0.0904967 0.1042913 0.0945640 0.0879798 0.0936372 0.1136612 0.1043977 0.0546086 0.1597108 0.0574813 0.0608427 0.0961314 0.0338382 0.1096527 0.1064596 0.1085520 0.0963491 0.0974564 0.0983898 0.1128787 0.1497557 0.1261089 0.1571914 0.1485616 0.1173008 0.1169921 0.1599147 0.0916536 0.1729104 0.0569081 0.1171296 0.1030274 0.1437569 0.1099862 0.1004043 0.1502420 0.0879281 0.1119967 0.1044868 0.0331277 0.0550493 0.0552292 0.1247588 0.0467054 0.0430755 0.1393226 0.1277805 0.1212447 0.0916114 0.1424621 0.1059937 0.0897977 0.0976435 0.0923022 0.1185376 0.0956009 0.0987929 0.0648232 0.0954571 0.0791604 0.0464234 0.1057184 0.0974866 0.0420344 0.1179705 0.0615507 0.0882320 0.0996009 0.1028685 0.0914356 0.0423229 0.0967240 0.0679635 0.1063066 0.0844005 0.1010686 0.1174105 0.0640598 0.0890838 0.0849626 0.1200474 0.0932048 0.1043794 0.0986201 0.0886330 
S0303      0.1167772 0.1006398 0.1200606 0.1154509 0.1029084 0.0227081 0.1270635 0.1000297 0.1165854 0.1433295 0.1328959 0.0000000 0.0727421 0.1431797 0.0259134 0.1368677 0.1186932 0.1248910 0.0292612 0.1295122 0.1077762 0.1156166 0.1316526 0.1383954 0.1338548 0.0993514 0.1317357 0.1228676 0.0234547 0.1256810 0.1214214 0.1460265 0.1003691 0.1352642 0.1299080 0.1052171 0.1328390 0.1178272 0.1208928 0.1177224 0.1166633 0.1115219 0.0106219 0.1479074 0.1347753 0.0084690 0.1475682 0.1009082 0.1219287 0.1046605 0.1037188 0.1023231 0.1351021 0.1096668 0.1251958 0.1136882 0.1142438 0.1363596 0.1136468 0.1259700 0.0363350 0.1239782 0.1252451 0.1151810 0.1124812 0.1296549 0.1214108 0.1597356 0.1387410 0.1062055 0.1188513 0.1279022 0.1264029 0.1550945 0.0960460 0.1730933 0.1005368 0.1321293 0.1156831 0.1087145 0.1274815 0.1161549 0.1538138 0.0987960 0.1330947 0.1268200 0.1247619 0.1152242 0.1156849 0.0235384 0.1219572 0.1284674 0.1020114 0.0270549 0.0195029 0.1079613 0.1073961 0.1173132 0.1028628 0.1066447 0.1006567 0.1324275 0.1135190 0.1096231 0.1241169 0.1107362 0.0999604 0.1344286 0.1362912 0.1081746 0.1236477 0.1244232 0.1233010 0.1040561 0.1152559 0.1235508 0.1011705 0.1307696 0.1080555 0.1371137 0.1189495 0.1035312 0.1213291 0.1213023 0.1299080 0.1040610 0.1031512 0.1438859 0.1152198 0.1185986 0.1163520 0.1086879 
S0308      0.1379471 0.1129588 0.1278597 0.1238799 0.1196074 0.0678698 0.1345586 0.1167497 0.1411746 0.1556370 0.1420977 0.0727421 0.0000000 0.1521579 0.0801485 0.1397726 0.1268020 0.1255983 0.0676291 0.1523111 0.1203811 0.1262303 0.1381246 0.1560609 0.1401326 0.1087444 0.1534475 0.1324187 0.0651288 0.1383860 0.1200791 0.1573148 0.1189360 0.1421725 0.1442330 0.1243832 0.1434923 0.1332468 0.1283922 0.1400579 0.1378338 0.1186767 0.0774497 0.1797460 0.1423102 0.0738661 0.1506742 0.1227191 0.1282633 0.1123901 0.1178520 0.1114706 0.1386497 0.1191041 0.1357112 0.1439064 0.1275478 0.1484541 0.1249833 0.1380143 0.0540358 0.1300406 0.1308406 0.1197356 0.1158045 0.1447342 0.1365713 0.1938108 0.1626858 0.1298188 0.1235118 0.1393644 0.1388646 0.1953976 0.1082572 0.1979484 0.1143640 0.1464025 0.1242576 0.1202077 0.1445892 0.1217173 0.1772230 0.1205745 0.1426161 0.1341472 0.1318571 0.1295012 0.1299701 0.0661171 0.1366284 0.1385096 0.1153224 0.0696743 0.0613202 0.1192850 0.1221194 0.1268864 0.1205154 0.1298118 0.1178266 0.1454589 0.1216087 0.1332327 0.1393987 0.1302969 0.1129640 0.1463171 0.1434974 0.1205989 0.1347945 0.1419255 0.1384123 0.1206154 0.1230824 0.1277940 0.1216104 0.1402065 0.1248770 0.1470054 0.1349191 0.1153128 0.1292465 0.1324910 0.1418778 0.1093312 0.1178917 0.1479957 0.1183637 0.1269867 0.1279687 0.1247636 
S0320      0.1176654 0.0950384 0.0431575 0.1041532 0.0945017 0.1405033 0.0365693 0.0922844 0.1066368 0.1349165 0.0456976 0.1431797 0.1521579 0.0000000 0.0959552 0.0561757 0.1168926 0.1093773 0.1328386 0.1160941 0.0954006 0.1043664 0.0444047 0.1265195 0.0484838 0.0938165 0.1137382 0.0481092 0.1358169 0.0603496 0.1059327 0.1274525 0.1671622 0.0550302 0.1197950 0.0920870 0.0516883 0.0491231 0.0518679 0.0980459 0.1020847 0.1105024 0.1476174 0.1534696 0.1220752 0.1467040 0.1264225 0.0892267 0.1060816 0.0964247 0.0890048 0.0966952 0.1225294 0.1112229 0.0620066 0.1803190 0.0531164 0.0651608 0.1028649 0.0412717 0.1158284 0.1098019 0.1118153 0.0998456 0.1011077 0.1078602 0.1218950 0.1644145 0.1330977 0.1745168 0.1613281 0.1227178 0.1223216 0.1758921 0.0945032 0.1802168 0.0632667 0.1240401 0.1124666 0.1591871 0.1160549 0.0997487 0.1545275 0.0901849 0.1169943 0.1110460 0.0434232 0.0540660 0.0530990 0.1400283 0.0586902 0.0563791 0.1491196 0.1420900 0.1346355 0.0903395 0.1632322 0.1160094 0.0987579 0.0957071 0.0935193 0.1273355 0.1039212 0.1048860 0.0707420 0.1066876 0.0855650 0.0517098 0.1126710 0.1009946 0.0468906 0.1260177 0.0588186 0.0890167 0.1093213 0.1108233 0.0915303 0.0551860 0.1011665 0.0783855 0.1091663 0.0875332 0.1076638 0.1246885 0.0614588 0.0967285 0.0918711 0.1255740 0.1013357 0.1112241 0.1075650 0.0893643 
S0322      0.0955802 0.0780782 0.0808755 0.0963699 0.0831199 0.0391515 0.0844198 0.0800027 0.0878417 0.1191327 0.0899270 0.0259134 0.0801485 0.0959552 0.0000000 0.0940252 0.0972900 0.0978420 0.0461678 0.0981118 0.0827964 0.0917479 0.0984153 0.1200674 0.0905717 0.0768625 0.1068320 0.1051476 0.0373772 0.0842731 0.1039427 0.1176009 0.0954919 0.0928957 0.1072209 0.0742062 0.0882997 0.0750335 0.0801429 0.0948956 0.0901628 0.0954700 0.0329975 0.1314877 0.1091609 0.0306106 0.1145847 0.0760262 0.1003781 0.0821319 0.0787778 0.0797476 0.1121149 0.0936679 0.0868613 0.1105081 0.0764168 0.0948735 0.0921366 0.0647084 0.0452287 0.1051542 0.1078186 0.0964582 0.0934942 0.0918332 0.1027877 0.1419742 0.1140263 0.1054182 0.1114127 0.1064373 0.1049500 0.1420240 0.0721299 0.1571226 0.0941475 0.1121309 0.0968790 0.1080292 0.1007433 0.0960800 0.1391705 0.0790327 0.1063687 0.0959058 0.0820843 0.0760996 0.0723369 0.0378739 0.0799299 0.0918564 0.0872978 0.0437938 0.0357738 0.0826897 0.1009805 0.0972966 0.0840103 0.0866931 0.0779045 0.1097063 0.0921136 0.0885228 0.0841897 0.0904700 0.0799456 0.0913652 0.1096415 0.0841716 0.0760890 0.1057854 0.0825557 0.0790407 0.0966114 0.0978419 0.0736332 0.0942991 0.0896756 0.0951838 0.0965402 0.0773810 0.0970689 0.1051446 0.0885885 0.0841280 0.0789542 0.1250285 0.0911911 0.0955203 0.0895516 0.0831682 
S0327      0.1103181 0.0940836 0.0445350 0.1000173 0.0858514 0.1282433 0.0404475 0.0837936 0.0994513 0.1261159 0.0447336 0.1368677 0.1397726 0.0561757 0.0940252 0.0000000 0.1104384 0.1057198 0.1248484 0.1137477 0.0868939 0.0990787 0.0502453 0.1201940 0.0450876 0.0889092 0.1130037 0.0422316 0.1222706 0.0516852 0.1017336 0.1193531 0.1480192 0.0557043 0.1102961 0.0839856 0.0460390 0.0425216 0.0537816 0.0927750 0.0904984 0.1025098 0.1418881 0.1603293 0.1150276 0.1399421 0.1190548 0.0858332 0.1056203 0.0913909 0.0832250 0.0903913 0.1098415 0.1053521 0.0520560 0.1666868 0.0560294 0.0562508 0.0989209 0.0381633 0.1107370 0.1065048 0.1073318 0.0983410 0.0971540 0.1010998 0.1156482 0.1649840 0.1214412 0.1598536 0.1509312 0.1138496 0.1147838 0.1757911 0.0895256 0.1881276 0.0535195 0.1113396 0.0999768 0.1454025 0.1072026 0.1026423 0.1635709 0.0831738 0.1106825 0.0976279 0.0404175 0.0557568 0.0548252 0.1269384 0.0472077 0.0514566 0.1434051 0.1299263 0.1230671 0.0869414 0.1442786 0.1112729 0.0910009 0.0919934 0.0888443 0.1191522 0.0999482 0.1018460 0.0602609 0.0973633 0.0799628 0.0559182 0.1028690 0.1020026 0.0485856 0.1197813 0.0614974 0.0834749 0.1043429 0.1039036 0.0892102 0.0504899 0.0898928 0.0611837 0.1047198 0.0818717 0.1008036 0.1221295 0.0663734 0.0892182 0.0871519 0.1172658 0.0923220 0.1067456 0.0895376 0.0886175 
S0335      0.1052145 0.0889703 0.0999172 0.0936581 0.0882943 0.1161218 0.1034117 0.0596755 0.1205440 0.1229048 0.1093079 0.1186932 0.1268020 0.1168926 0.0972900 0.1104384 0.0000000 0.0590521 0.1193530 0.1090833 0.0925409 0.1017550 0.1109343 0.1185108 0.1063722 0.0792618 0.1090025 0.1011795 0.1158926 0.1059954 0.0953725 0.1117040 0.1332794 0.1109913 0.1066486 0.0940552 0.1068118 0.0931470 0.0923976 0.0951158 0.1147357 0.0906176 0.1300411 0.1416471 0.1106471 0.1245915 0.1155216 0.0892694 0.0969277 0.0826710 0.0867531 0.0795143 0.1081600 0.0886056 0.0985843 0.1581895 0.0913543 0.1082354 0.0898352 0.1119264 0.1008929 0.0976318 0.0923023 0.0878490 0.0864463 0.1195730 0.1038842 0.1560147 0.1306695 0.1544463 0.1374308 0.1035164 0.1056550 0.1580155 0.0797769 0.1565438 0.0964498 0.1042781 0.0576703 0.1393218 0.1073260 0.0760825 0.1421660 0.0881160 0.1083619 0.0938334 0.0949798 0.0933068 0.0936319 0.1201519 0.0971051 0.1103143 0.1328145 0.1249606 0.1172630 0.0938393 0.1367744 0.0534461 0.0618506 0.0940538 0.0898682 0.1137496 0.0771350 0.0941231 0.1103894 0.0727911 0.0574359 0.1081840 0.1067548 0.0901994 0.0998863 0.1088526 0.0992674 0.0881444 0.0772569 0.0487571 0.0845311 0.1094051 0.0917476 0.1169530 0.1024322 0.0810072 0.0579544 0.0271139 0.1046799 0.0773203 0.0741557 0.1280918 0.0808522 0.0468963 0.1008291 0.0812854 
S0345      0.0939726 0.0756817 0.1008366 0.0899321 0.0791558 0.1206802 0.0955497 0.0558953 0.1093301 0.1191240 0.1060243 0.1248910 0.1255983 0.1093773 0.0978420 0.1057198 0.0590521 0.0000000 0.1292562 0.1035551 0.0799579 0.0908686 0.0951012 0.1065311 0.1048132 0.0724757 0.0977666 0.0938370 0.1153108 0.0965488 0.0939157 0.1018884 0.1363612 0.1100018 0.1081718 0.0797676 0.1089953 0.0986673 0.0859816 0.0815303 0.0934790 0.0891551 0.1378274 0.1501490 0.1015501 0.1311101 0.1102204 0.0787767 0.0928126 0.0767116 0.0743051 0.0741558 0.1006494 0.0873625 0.1015809 0.1610193 0.0832549 0.1028212 0.0842002 0.1021907 0.1000598 0.0937501 0.0890804 0.0901587 0.0842127 0.1115193 0.0968009 0.1590045 0.1187357 0.1372676 0.1363725 0.0917776 0.0930466 0.1515682 0.0730695 0.1649074 0.0855433 0.0988547 0.0603203 0.1418387 0.1044691 0.0709277 0.1378049 0.0804157 0.1102079 0.0980813 0.0954297 0.0845115 0.0863205 0.1175091 0.0989256 0.1060352 0.1299860 0.1277924 0.1182729 0.0827048 0.1502892 0.0617005 0.0587613 0.0828139 0.0789459 0.1059174 0.0708656 0.0877608 0.1042096 0.0695987 0.0571252 0.1033129 0.1089799 0.0831767 0.0927880 0.0982962 0.0916301 0.0773454 0.0651794 0.0613622 0.0759280 0.1028283 0.0790297 0.1209395 0.0919240 0.0756844 0.0270656 0.0649510 0.0996459 0.0686518 0.0746219 0.1208770 0.0818670 0.0577258 0.0901812 0.0803424 
S0355      0.1157501 0.1052010 0.1127368 0.1118501 0.1013492 0.0128156 0.1192379 0.1011587 0.1218014 0.1409931 0.1243759 0.0292612 0.0676291 0.1328386 0.0461678 0.1248484 0.1193530 0.1292562 0.0000000 0.1310147 0.1070235 0.1168699 0.1244350 0.1354552 0.1264411 0.0979641 0.1309575 0.1150877 0.0132311 0.1195675 0.1108170 0.1456984 0.1025192 0.1254179 0.1261236 0.1106272 0.1243269 0.1107722 0.1112865 0.1164467 0.1192954 0.1129977 0.0334164 0.1548198 0.1325579 0.0311809 0.1418243 0.1057561 0.1136679 0.1028405 0.1020757 0.1006903 0.1268276 0.1139905 0.1164224 0.1202547 0.1090300 0.1276935 0.1061667 0.1189165 0.0375619 0.1157490 0.1153908 0.1063394 0.1038174 0.1271191 0.1159769 0.1654432 0.1383608 0.1111593 0.1156305 0.1218092 0.1202814 0.1629252 0.0950190 0.1777410 0.1036793 0.1244075 0.1116502 0.1095855 0.1239717 0.1135379 0.1540996 0.0948447 0.1240755 0.1243808 0.1145270 0.1085885 0.1089850 0.0127696 0.1134017 0.1244452 0.1020504 0.0158859 0.0099121 0.1072147 0.1072790 0.1254998 0.1036442 0.1073413 0.1018879 0.1274931 0.1121908 0.1111904 0.1179031 0.1147423 0.0985590 0.1308348 0.1265088 0.1061928 0.1194792 0.1198762 0.1197868 0.1048033 0.1152540 0.1191695 0.1021237 0.1211518 0.1052322 0.1261138 0.1179041 0.0994890 0.1159249 0.1229620 0.1220025 0.0974210 0.1002554 0.1366649 0.1101407 0.1195806 0.1137304 0.1029690 
S0376      0.0967100 0.0917161 0.1083275 0.0986834 0.0819689 0.1253226 0.1090020 0.0974375 0.0976074 0.1076962 0.1125631 0.1295122 0.1523111 0.1160941 0.0981118 0.1137477 0.1090833 0.1035551 0.1310147 0.0000000 0.0803072 0.0941638 0.1112947 0.1112724 0.1138018 0.0919449 0.0415149 0.1152193 0.1233328 0.1097854 0.1177486 0.1126532 0.1435481 0.1131477 0.1014056 0.0831523 0.1127358 0.1034197 0.1050595 0.0959365 0.0908284 0.1048563 0.1442250 0.1474579 0.1047043 0.1435991 0.1141171 0.0803942 0.1140608 0.0931974 0.0736710 0.0944678 0.1224772 0.1027962 0.1120034 0.1657870 0.0992791 0.1202849 0.0931142 0.1081166 0.1168034 0.1189060 0.1194821 0.1056756 0.1069837 0.1103651 0.1076597 0.1627650 0.1433022 0.1659778 0.1571899 0.1126220 0.1122314 0.1671723 0.0913984 0.1718874 0.1047729 0.1234215 0.1037134 0.1511932 0.0915737 0.1074253 0.1472295 0.0829500 0.1058805 0.1022346 0.1026747 0.0999907 0.1003484 0.1239139 0.1050139 0.1125969 0.1489148 0.1375785 0.1322052 0.0837243 0.1447141 0.1133879 0.1009717 0.0863926 0.0807190 0.1074462 0.1073258 0.0854694 0.1140622 0.1084126 0.0913913 0.1166469 0.1004155 0.1035589 0.0966596 0.1167158 0.1097697 0.0783991 0.1098740 0.1186778 0.0816041 0.1152046 0.0903055 0.1176194 0.0951682 0.0790639 0.1045433 0.1150311 0.1114718 0.1008270 0.0829696 0.1318646 0.0971714 0.1113276 0.0756914 0.0877249 
S0400      0.0671242 0.0704680 0.0861398 0.0739065 0.0161851 0.1026844 0.0824113 0.0716960 0.0345128 0.0529627 0.0903446 0.1077762 0.1203811 0.0954006 0.0827964 0.0868939 0.0925409 0.0799579 0.1070235 0.0803072 0.0000000 0.0251964 0.0887955 0.0814363 0.0857856 0.0623320 0.0842211 0.0836660 0.0964461 0.0939697 0.0856491 0.0795652 0.1272995 0.0977906 0.0785554 0.0254709 0.0914905 0.0814865 0.0797810 0.0643645 0.0200629 0.0751414 0.1187687 0.1307811 0.0825097 0.1147105 0.0934207 0.0219848 0.0892883 0.0655993 0.0141987 0.0635180 0.0933607 0.0742652 0.0836423 0.1465118 0.0732236 0.0938365 0.0699013 0.0839795 0.0941851 0.0878629 0.0874093 0.0839348 0.0779305 0.0456784 0.0833407 0.1491924 0.1063920 0.1465074 0.1292108 0.0884310 0.0859734 0.1474436 0.0605844 0.1531639 0.0664591 0.0898017 0.0854668 0.1332983 0.0669890 0.0864869 0.1343813 0.0171216 0.0789840 0.0800079 0.0799501 0.0762436 0.0742843 0.1025170 0.0831582 0.0898266 0.1247832 0.1091167 0.1027959 0.0173143 0.1294753 0.0968484 0.0749734 0.0243030 0.0184282 0.0765116 0.0863986 0.0592135 0.0874895 0.0838164 0.0672091 0.0950928 0.0751776 0.0705164 0.0802397 0.0869442 0.0864251 0.0132699 0.0812450 0.0923911 0.0248732 0.0966829 0.0401261 0.0958043 0.0657703 0.0484022 0.0840079 0.1004634 0.0927118 0.0692373 0.0593580 0.1050932 0.0694059 0.0915309 0.0646971 0.0605890 
S0405      0.0767500 0.0834327 0.0965757 0.0837726 0.0272584 0.1118030 0.0903963 0.0826859 0.0462666 0.0609347 0.1020998 0.1156166 0.1262303 0.1043664 0.0917479 0.0990787 0.1017550 0.0908686 0.1168699 0.0941638 0.0251964 0.0000000 0.1016567 0.0943626 0.0952698 0.0729172 0.0940889 0.1012829 0.1087620 0.0994110 0.0959689 0.0908222 0.1400269 0.1097915 0.0872269 0.0279059 0.1020699 0.0880335 0.0899572 0.0728139 0.0346380 0.0862618 0.1260835 0.1384280 0.0926324 0.1206590 0.1092252 0.0312188 0.0999327 0.0762953 0.0241181 0.0741588 0.1050944 0.0853898 0.0926287 0.1515770 0.0855274 0.1030393 0.0807308 0.0948920 0.1009095 0.0968376 0.0928982 0.0918923 0.0880389 0.0590344 0.0947756 0.1530425 0.1138638 0.1546633 0.1379538 0.1001010 0.0975421 0.1560372 0.0711806 0.1554444 0.0854963 0.0953443 0.0969515 0.1415918 0.0777300 0.0942412 0.1364874 0.0272083 0.0901471 0.0915073 0.0913361 0.0886061 0.0866192 0.1108301 0.0920839 0.1016008 0.1422274 0.1186959 0.1097105 0.0193784 0.1394628 0.1049071 0.0860635 0.0347743 0.0225392 0.0889214 0.0953275 0.0719064 0.1003729 0.0951830 0.0780375 0.1045080 0.0850836 0.0814566 0.0931127 0.0985206 0.0967293 0.0242285 0.0913069 0.1041109 0.0341740 0.1071802 0.0477962 0.1049699 0.0776649 0.0563413 0.0927517 0.1097818 0.1017970 0.0801067 0.0698877 0.1169622 0.0803071 0.1032601 0.0752640 0.0711861 
S0407sl    0.1058319 0.0825283 0.0373542 0.1021744 0.0891031 0.1265454 0.0392289 0.0807354 0.1008382 0.1244781 0.0430255 0.1316526 0.1381246 0.0444047 0.0984153 0.0502453 0.1109343 0.0951012 0.1244350 0.1112947 0.0887955 0.1016567 0.0000000 0.1205423 0.0408306 0.0853781 0.1087206 0.0450286 0.1246397 0.0566017 0.0881577 0.1259333 0.1498893 0.0491841 0.1062575 0.0833530 0.0443950 0.0493674 0.0484538 0.0943793 0.0960097 0.0965421 0.1395837 0.1423668 0.1198673 0.1354863 0.1213532 0.0890386 0.0975090 0.0868523 0.0873670 0.0871087 0.1067774 0.0986453 0.0584271 0.1706281 0.0498492 0.0620121 0.0926764 0.0315027 0.1010273 0.0970571 0.0994952 0.0905708 0.0874194 0.1053267 0.1010065 0.1574207 0.1289508 0.1647017 0.1309971 0.1103363 0.1127798 0.1679534 0.0860770 0.1698886 0.0550254 0.1099776 0.1033180 0.1512921 0.1057608 0.0986057 0.1430663 0.0829292 0.1083432 0.1027917 0.0365624 0.0509288 0.0498307 0.1256565 0.0549073 0.0480620 0.1323760 0.1300394 0.1201848 0.0918771 0.1507240 0.1040045 0.0851535 0.0871928 0.0907791 0.1147415 0.0909116 0.0964431 0.0642110 0.0938917 0.0734830 0.0417537 0.1033108 0.0935681 0.0283986 0.1054611 0.0548959 0.0831319 0.1048572 0.1058686 0.0902105 0.0457155 0.0964249 0.0723212 0.0967584 0.0813570 0.1023512 0.1163039 0.0605790 0.0874756 0.0846707 0.1149298 0.0893252 0.1061288 0.1035743 0.0879711 
S0412sl    0.0973672 0.1084957 0.1170213 0.1044154 0.0782519 0.1301874 0.1160244 0.1028970 0.0969266 0.1105011 0.1236031 0.1383954 0.1560609 0.1265195 0.1200674 0.1201940 0.1185108 0.1065311 0.1354552 0.1112724 0.0814363 0.0943626 0.1205423 0.0000000 0.1214301 0.0992813 0.1086980 0.1152627 0.1302855 0.1183950 0.1174508 0.0765063 0.1610999 0.1166542 0.1053155 0.0846018 0.1274266 0.1124364 0.1126490 0.0837148 0.0875074 0.0964837 0.1511794 0.1541295 0.0771477 0.1465663 0.1331247 0.0813461 0.1210848 0.1029751 0.0767033 0.0996183 0.1291981 0.1018614 0.1209813 0.1755359 0.1066378 0.1323263 0.0969533 0.1167294 0.1228586 0.1224162 0.1163125 0.1152462 0.1115853 0.0967297 0.1186175 0.1749801 0.1401089 0.1780034 0.1619519 0.1274697 0.1207784 0.1830401 0.0973070 0.1796631 0.1163506 0.1257279 0.1170933 0.1565523 0.0960177 0.1118105 0.1642890 0.0779115 0.1032503 0.1088735 0.1108011 0.1086499 0.1088997 0.1336719 0.1178099 0.1120490 0.1590314 0.1368729 0.1300596 0.0824009 0.1536220 0.1214781 0.1052941 0.0764886 0.0794409 0.1080437 0.1168935 0.0847732 0.1189840 0.1116255 0.0978007 0.1250580 0.0990678 0.1088234 0.1144231 0.1201151 0.1174707 0.0781343 0.1151347 0.1270593 0.0825439 0.1229025 0.0877423 0.1256188 0.0959085 0.0717251 0.1179492 0.1242319 0.1207361 0.1023865 0.0889615 0.1346133 0.1000618 0.1221896 0.1008613 0.0890030 
S0417      0.1084152 0.0966786 0.0338642 0.1035249 0.0874692 0.1256702 0.0364969 0.0844498 0.0985438 0.1223265 0.0425799 0.1338548 0.1401326 0.0484838 0.0905717 0.0450876 0.1063722 0.1048132 0.1264411 0.1138018 0.0857856 0.0952698 0.0408306 0.1214301 0.0000000 0.0892244 0.1108207 0.0450205 0.1209445 0.0512417 0.0964820 0.1230847 0.1489399 0.0475257 0.1099961 0.0846357 0.0426751 0.0415354 0.0545221 0.0943094 0.0955265 0.0998665 0.1399651 0.1468565 0.1181337 0.1368515 0.1176093 0.0861637 0.0980882 0.0927404 0.0836709 0.0918078 0.1130738 0.1025622 0.0496017 0.1637433 0.0524869 0.0559258 0.0952034 0.0297326 0.1054763 0.0987700 0.1058648 0.0925183 0.0932881 0.0984832 0.1147639 0.1533025 0.1309145 0.1599021 0.1453451 0.1170448 0.1167469 0.1655581 0.0898164 0.1707391 0.0582534 0.1156680 0.0989509 0.1464390 0.1043768 0.0998003 0.1528986 0.0836217 0.1088196 0.0987427 0.0354763 0.0543467 0.0524013 0.1238955 0.0439743 0.0445746 0.1423443 0.1260622 0.1207594 0.0849220 0.1453307 0.1030903 0.0902533 0.0932191 0.0844009 0.1116083 0.0961861 0.0979636 0.0618441 0.0959430 0.0771719 0.0416271 0.1049326 0.1005737 0.0397778 0.1199035 0.0576230 0.0850403 0.1050125 0.1034518 0.0870960 0.0469641 0.0960574 0.0639547 0.1006990 0.0801589 0.1019441 0.1160208 0.0633983 0.0897659 0.0840222 0.1158622 0.0913619 0.1049740 0.1003622 0.0854057 
S0419      0.0829633 0.0048996 0.0846241 0.0448479 0.0593437 0.0917765 0.0809023 0.0634404 0.0879778 0.0945324 0.0910522 0.0993514 0.1087444 0.0938165 0.0768625 0.0889092 0.0792618 0.0724757 0.0979641 0.0919449 0.0623320 0.0729172 0.0853781 0.0992813 0.0892244 0.0000000 0.0943293 0.0788776 0.0909058 0.0889494 0.0702066 0.1002353 0.1126408 0.0961696 0.0785852 0.0678701 0.0831385 0.0847003 0.0749575 0.0777676 0.0781348 0.0454321 0.1097480 0.1288228 0.0915023 0.1069780 0.1022767 0.0602970 0.0763745 0.0065445 0.0559148 0.0056160 0.0858051 0.0455696 0.0867027 0.1329639 0.0728596 0.0981202 0.0707740 0.0886564 0.0822029 0.0723431 0.0745016 0.0688116 0.0585188 0.0997752 0.0476937 0.1430340 0.1028250 0.1266571 0.1169811 0.0766866 0.0776282 0.1378613 0.0056307 0.1377848 0.0741369 0.0779300 0.0733895 0.1114637 0.0781970 0.0712940 0.1224294 0.0591877 0.0800838 0.0765857 0.0773758 0.0758650 0.0739149 0.0905968 0.0850473 0.0942554 0.1117332 0.1014891 0.0940527 0.0631689 0.1119392 0.0843939 0.0677930 0.0632482 0.0614500 0.0860349 0.0755651 0.0647646 0.0872481 0.0765453 0.0611959 0.0900939 0.0787396 0.0142434 0.0826989 0.0519804 0.0815191 0.0603110 0.0770443 0.0758341 0.0644370 0.0939044 0.0702722 0.0993640 0.0725625 0.0621889 0.0775538 0.0857010 0.0843297 0.0579910 0.0602459 0.1023560 0.0401655 0.0749561 0.0798383 0.0604300 
S0427      0.0966786 0.1026127 0.1073239 0.0964460 0.0821831 0.1262351 0.1067942 0.0951543 0.1024083 0.1111724 0.1079040 0.1317357 0.1534475 0.1137382 0.1068320 0.1130037 0.1090025 0.0977666 0.1309575 0.0415149 0.0842211 0.0940889 0.1087206 0.1086980 0.1108207 0.0943293 0.0000000 0.1163752 0.1218568 0.1065263 0.1101582 0.1133817 0.1429784 0.1071840 0.0986652 0.0863800 0.1116846 0.1009217 0.1022511 0.0899185 0.1041906 0.1024601 0.1493846 0.1492212 0.1056339 0.1461557 0.1157944 0.0842790 0.1054786 0.0967426 0.0773029 0.0981371 0.1183357 0.0990718 0.1107063 0.1614251 0.0990887 0.1184213 0.0886139 0.1120934 0.1197434 0.1112171 0.1145964 0.0986060 0.1009243 0.1145813 0.1028243 0.1631949 0.1404007 0.1650496 0.1574275 0.1124095 0.1133538 0.1606052 0.0949703 0.1671544 0.1040898 0.1197176 0.1039429 0.1506892 0.0950780 0.1047073 0.1436941 0.0854338 0.1033145 0.0985874 0.0993826 0.0975195 0.0978632 0.1264534 0.0999774 0.1102896 0.1479091 0.1387652 0.1336005 0.0850451 0.1474100 0.1005657 0.0986387 0.0888271 0.0855623 0.1061520 0.1061050 0.0854036 0.1143224 0.1033683 0.0891988 0.1167570 0.0979903 0.1070841 0.1012331 0.1141170 0.1094564 0.0809116 0.1063901 0.1172369 0.0852448 0.1117855 0.0903763 0.1169109 0.0940403 0.0805355 0.1058157 0.1187670 0.1162779 0.0984362 0.0786404 0.1274068 0.0971669 0.1125833 0.0703315 0.0845553 
S0428sl    0.1037482 0.0796812 0.0446149 0.1032200 0.0853922 0.1156357 0.0344177 0.0671927 0.0952964 0.1226217 0.0515983 0.1228676 0.1324187 0.0481092 0.1051476 0.0422316 0.1011795 0.0938370 0.1150877 0.1152193 0.0836660 0.1012829 0.0450286 0.1152627 0.0450205 0.0788776 0.1163752 0.0000000 0.1169785 0.0515267 0.0918068 0.1222275 0.1424776 0.0497420 0.1022190 0.0764565 0.0503405 0.0419584 0.0529483 0.0897532 0.0795337 0.0929032 0.1290055 0.1475805 0.1077488 0.1298726 0.1016891 0.0853847 0.0954757 0.0831784 0.0823390 0.0819985 0.1061498 0.0964408 0.0492428 0.1658584 0.0516523 0.0529126 0.0851727 0.0427398 0.0969291 0.0992131 0.0984117 0.0884061 0.0867326 0.1002532 0.1081391 0.1527745 0.1243082 0.1613720 0.1347473 0.1040331 0.1050272 0.1641792 0.0809495 0.1660320 0.0508381 0.1096735 0.0875349 0.1442206 0.1017718 0.0919762 0.1391956 0.0764887 0.1015765 0.0858258 0.0423132 0.0526668 0.0502311 0.1185149 0.0463777 0.0473136 0.1298354 0.1209388 0.1127997 0.0868544 0.1435997 0.1020509 0.0756296 0.0809591 0.0886768 0.1079181 0.0844307 0.0941763 0.0592189 0.0741962 0.0642785 0.0543238 0.0907215 0.0925474 0.0475597 0.1114967 0.0594915 0.0855289 0.0998715 0.0966222 0.0895405 0.0478244 0.0889484 0.0600307 0.0944599 0.0750408 0.0944599 0.1114091 0.0612712 0.0835555 0.0770148 0.1099309 0.0868946 0.0953273 0.1029266 0.0759340 
S0430      0.1047708 0.1003054 0.1072714 0.1029053 0.0944534 0.0043789 0.1146011 0.0914885 0.1144577 0.1353550 0.1247408 0.0234547 0.0651288 0.1358169 0.0373772 0.1222706 0.1158926 0.1153108 0.0132311 0.1233328 0.0964461 0.1087620 0.1246397 0.1302855 0.1209445 0.0909058 0.1218568 0.1169785 0.0000000 0.1086699 0.1104657 0.1359310 0.0960774 0.1212348 0.1218229 0.1001426 0.1232532 0.1106122 0.1125422 0.1092626 0.1105430 0.1030429 0.0304522 0.1510940 0.1200752 0.0280958 0.1213767 0.0951260 0.1066191 0.0963016 0.0953153 0.0939022 0.1227487 0.1039077 0.1168822 0.1096505 0.1030511 0.1251703 0.1040230 0.1150512 0.0317376 0.1116770 0.1128198 0.1028500 0.1013619 0.1297032 0.1105809 0.1583282 0.1338305 0.1046811 0.1050047 0.1171696 0.1184245 0.1580420 0.0875969 0.1720353 0.1021700 0.1185324 0.1086955 0.1072733 0.1138868 0.1076894 0.1522196 0.0902819 0.1221523 0.1169377 0.1122358 0.1040615 0.1044856 0.0069514 0.1091884 0.1141727 0.0958856 0.0076726 0.0033028 0.1009193 0.1035110 0.1133597 0.0944235 0.0981750 0.0934168 0.1187801 0.1051768 0.1039992 0.1144959 0.1023697 0.0914230 0.1291340 0.1240522 0.0985021 0.1145891 0.1136204 0.1150127 0.0969660 0.1040342 0.1152764 0.0940254 0.1182691 0.0986767 0.1193912 0.1066790 0.0924815 0.1158174 0.1198696 0.1216696 0.0887637 0.0947217 0.1375715 0.1028424 0.1143749 0.1053984 0.0989512 
S0478      0.1068461 0.0933434 0.0487304 0.1033830 0.0908479 0.1149388 0.0469115 0.0807905 0.1081921 0.1271388 0.0521516 0.1256810 0.1383860 0.0603496 0.0842731 0.0516852 0.1059954 0.0965488 0.1195675 0.1097854 0.0939697 0.0994110 0.0566017 0.1183950 0.0512417 0.0889494 0.1065263 0.0515267 0.1086699 0.0000000 0.0986457 0.1217721 0.1443525 0.0606907 0.1111231 0.0909467 0.0533875 0.0446710 0.0532064 0.0952075 0.1017759 0.0984504 0.1395993 0.1506636 0.1216490 0.1376556 0.1188513 0.0915959 0.1002019 0.0913139 0.0868004 0.0915244 0.1139083 0.1011295 0.0526644 0.1667181 0.0533044 0.0589127 0.0962957 0.0499781 0.1099184 0.1032991 0.1056234 0.0933073 0.0918275 0.1098230 0.1107891 0.1536177 0.1216204 0.1550480 0.1526674 0.1193181 0.1190637 0.1596716 0.0906655 0.1688199 0.0533932 0.1166176 0.1006321 0.1401363 0.1066416 0.0946968 0.1477098 0.0869648 0.1050688 0.0986538 0.0448281 0.0509533 0.0511201 0.1108166 0.0470339 0.0576701 0.1419930 0.1268859 0.1165425 0.0929595 0.1424440 0.1063587 0.0853781 0.0943371 0.0935333 0.1179040 0.0923161 0.0978901 0.0594644 0.0924344 0.0747499 0.0607842 0.1023194 0.0990832 0.0542104 0.1146241 0.0584354 0.0918446 0.0960072 0.1019414 0.0938844 0.0598999 0.0969269 0.0624475 0.1029788 0.0834068 0.0978428 0.1128710 0.0620386 0.0881209 0.0851030 0.1166086 0.0968745 0.1057131 0.0980279 0.0874294 
