121
PAFTOL_019361 0.0000000 0.1879754 0.4994909 0.2083590 0.2041114 0.2729111 0.2865997 0.2018691 0.2007992 0.2711034 0.2769224 0.2756253 0.2799979 0.2285786 0.2238556 0.2194651 0.2308859 0.2283946 0.2103245 0.1906591 0.2015886 0.2599168 0.2803895 0.2525330 0.2368566 0.2285786 0.2114547 0.2421810 0.3117397 0.2722777 0.2000242 0.2024119 0.2783636 0.1976963 0.2886789 0.2137949 0.2253224 0.2285786 0.2638373 0.2404450 0.2421942 0.1894443 0.2129485 0.2372829 0.2212249 0.2446201 0.2109493 0.2315983 0.1958726 0.2940622 0.2899326 0.2351349 0.2296382 0.2316751 0.1829665 0.2180155 0.2176610 0.3253160 0.2367212 0.2286909 0.2595550 0.2621192 0.3054598 0.2177187 0.2422764 0.2403069 0.2310244 0.2273706 0.2139750 0.2558577 0.2684157 0.2095817 0.2178898 0.2032953 0.2224449 0.2021574 0.2336583 0.2980134 0.3000215 0.2358517 0.2301046 0.2720058 0.2887471 0.2118313 0.2301619 0.1896385 0.2762691 0.1962022 0.2018691 0.2110348 0.2135835 0.2054514 0.2288922 0.1850435 0.2159053 0.2140240 0.3170119 0.2019702 0.2447124 0.2443583 0.3051011 0.2013425 0.2357689 0.2233834 0.2284483 0.2098706 0.2893653 0.2072747 0.2459786 0.2270406 0.2194189 0.2153826 0.2069054 0.2885545 0.2014972 0.2069981 0.2586451 0.2285049 0.2081563 0.2276550 0.1973951 
S0055         0.1879754 0.0000000 0.8386072 0.0578247 0.0399797 0.0975473 0.1542640 0.0396194 0.0232601 0.0622489 0.1463631 0.1240211 0.1667287 0.0787996 0.0954835 0.0482448 0.0689637 0.0787581 0.0441949 0.0314579 0.0233483 0.0802559 0.1463655 0.0893048 0.0705097 0.0787996 0.0856015 0.0944267 0.1358305 0.1707096 0.0649387 0.0274053 0.1758191 0.0952622 0.1537298 0.0407284 0.0446178 0.0787996 0.1906147 0.0799273 0.0881725 0.0481758 0.0689360 0.0795024 0.0483366 0.0843156 0.0899162 0.0798008 0.0880984 0.1133916 0.1423317 0.0881831 0.0791088 0.0816056 0.0798550 0.0762242 0.0760002 0.1323964 0.0793472 0.1733399 0.1262347 0.1029537 0.1371500 0.0991952 0.1209966 0.2038306 0.0841008 0.1978613 0.1032551 0.0749801 0.0982711 0.0697652 0.0661841 0.0316097 0.1027035 0.0521865 0.1415890 0.1480464 0.1488814 0.0836063 0.1334790 0.1613023 0.1120607 0.0706920 0.0747031 0.0233283 0.1034211 0.0483086 0.0396194 0.0401613 0.0313963 0.0280237 0.0791436 0.0484880 0.0483195 0.0564272 0.2091142 0.0787485 0.0843289 0.0751328 0.1587484 0.0313681 0.0790946 0.0701027 0.0616994 0.0399315 0.1617924 0.0610343 0.1704416 0.0746552 0.0440864 0.0842442 0.0481588 0.1539341 0.0615384 0.1017220 0.0991612 0.0743563 0.0483895 0.0567492 0.0661693 
S0196sl       0.4994909 0.8386072 0.0000000 0.8386072 0.8386072 0.0000010 0.8386072 0.8386072 0.8386072 0.8386072 0.8386072 0.8386072 0.8386072 0.8386072 0.8386072 0.8386072 0.8386072 0.8386072 0.8386072 0.8386072 0.8386072 0.8386072 0.9022389 0.8386072 0.8386072 0.8386072 0.8386072 0.8386072 0.8386072 0.8386072 0.9022389 0.8386072 0.8386072 0.8386072 0.8386072 0.8386072 9.0000000 0.8386072 0.8386072 0.8386072 0.8386072 0.8386072 0.8386072 0.8386072 0.8386072 0.8386072 0.8386072 0.8386072 0.8386072 0.8386072 0.8386072 0.8386072 0.8386072 0.8386072 0.0000027 0.8386072 0.8386072 0.8386072 0.8386072 0.8386072 0.9022389 0.0000010 0.8386072 0.8386072 0.8386072 0.8386072 0.8386072 0.8386072 0.8386072 0.8386072 0.0000010 0.8386072 0.8386072 0.8386072 0.9022389 0.8386072 0.8386072 0.8386072 0.8386072 0.8386072 0.8386072 0.8386072 0.8386072 0.8386072 0.8386072 0.8386072 0.8386072 0.8386072 0.8386072 0.8386072 0.8386072 0.8386072 0.8386072 0.8386072 0.8386072 0.8386072 0.8386072 0.9022389 0.8386072 0.8386072 0.8386072 0.8386072 0.8386072 0.8386072 0.8386072 0.8386072 0.8386072 0.9022389 0.8386072 0.9022389 0.8386072 0.8386072 0.8386072 0.8386072 0.8386072 0.8386072 0.8386072 0.8386072 0.8386072 0.8386072 0.8386072 
S0281         0.2083590 0.0578247 0.8386072 0.0000000 0.0762444 0.0996552 0.1714193 0.0492616 0.0536744 0.0968794 0.1490803 0.1167939 0.1924279 0.0756798 0.1160670 0.0667744 0.0644059 0.0756396 0.0495482 0.0668360 0.0578429 0.0875240 0.1780204 0.0321904 0.0634635 0.0756798 0.0881055 0.0923327 0.1334737 0.1884136 0.0668038 0.0624632 0.1878843 0.1103139 0.1530696 0.0551906 0.0770252 0.0756798 0.1991488 0.0777998 0.0805655 0.0807825 0.0811798 0.0237731 0.0765027 0.0278423 0.0925469 0.0321655 0.1027382 0.1307682 0.1413781 0.0904049 0.0806280 0.0840011 0.0821476 0.0784313 0.0876926 0.1794688 0.0197182 0.1808326 0.1109188 0.1258105 0.1341089 0.0782311 0.0993140 0.2129342 0.0278677 0.2066513 0.0965245 0.0629129 0.1208168 0.0808794 0.0681540 0.0671775 0.0904462 0.0536176 0.1464061 0.1472385 0.1480913 0.0805284 0.1425254 0.1784461 0.1093499 0.0716129 0.0761149 0.0577909 0.1104952 0.0364109 0.0492616 0.0768855 0.0666971 0.0636422 0.0907873 0.0674011 0.0582376 0.0764733 0.2299334 0.0856670 0.0279380 0.0237743 0.1527606 0.0577909 0.0278156 0.0766995 0.0717326 0.0716308 0.1673387 0.0496845 0.1646830 0.0677943 0.0718653 0.0586995 0.0578024 0.1532786 0.0632639 0.1047860 0.0819217 0.0319669 0.0537268 0.0583776 0.0678960 
S0282         0.2041114 0.0399797 0.8386072 0.0762444 0.0000000 0.0886332 0.1659623 0.0438903 0.0233655 0.0897224 0.1606407 0.1182726 0.1815811 0.0738704 0.1084043 0.0744389 0.0743895 0.0738322 0.0527890 0.0234694 0.0234237 0.0804184 0.1606500 0.0941027 0.0796712 0.0738704 0.0905349 0.1041766 0.1193974 0.1771144 0.0788597 0.0274944 0.1994626 0.1089620 0.1666576 0.0451075 0.0363088 0.0738704 0.2057402 0.0800884 0.0830863 0.0483369 0.0794510 0.0841670 0.0400663 0.0887261 0.0948828 0.0937201 0.1014951 0.1222603 0.1548258 0.0838145 0.0741576 0.0865260 0.0846570 0.0810384 0.0901188 0.1587110 0.0795059 0.1879064 0.1376629 0.1176003 0.1254091 0.0995070 0.1263072 0.2197133 0.0888146 0.2134993 0.1083402 0.0887153 0.1127890 0.0788186 0.0663248 0.0235820 0.0981970 0.0608576 0.1473815 0.1607612 0.1616877 0.0785890 0.1452201 0.1728930 0.0963219 0.0658338 0.0787188 0.0154709 0.1075405 0.0567702 0.0438903 0.0278030 0.0314983 0.0405848 0.0846738 0.0569832 0.0525440 0.0701393 0.2073893 0.0879890 0.0890020 0.0841046 0.1718153 0.0234029 0.0792523 0.0747720 0.0794368 0.0316699 0.1734298 0.0788375 0.1711885 0.0883768 0.0569827 0.0890328 0.0654662 0.1668832 0.0660579 0.1067047 0.1133802 0.0835199 0.0657878 0.0655538 0.0749931 
S0288         0.2729111 0.0975473 0.0000010 0.0996552 0.0886332 0.0000000 0.2567662 0.0667711 0.0636532 0.1145524 0.2820611 0.1163974 0.2897858 0.0189126 0.1858121 0.0975963 0.1160469 0.0188989 0.0830170 0.0819391 0.0669308 0.1237243 0.2525571 0.1057464 0.0973103 0.0189126 0.1258047 0.1325679 0.0988303 0.2293884 0.0967094 0.0740953 0.2188041 0.2187600 0.2275474 0.0934764 0.0740953 0.0189126 0.2376332 0.1239835 0.0321272 0.1130618 0.1253754 0.0974658 0.1127571 0.0974661 0.1164434 0.0969499 0.1989951 0.0919259 0.2150836 0.1208995 0.0190415 0.1186562 0.0995963 0.1177756 0.1174673 0.1946012 0.1049315 0.2285775 0.1660436 0.0832078 0.1358326 0.0992569 0.1169752 0.2165568 0.0974658 0.2263967 0.1234601 0.0972400 0.0757835 0.0895478 0.0831719 0.0820979 0.1132893 0.0817546 0.1897391 0.2150836 0.2150836 0.0255268 0.2085097 0.2557153 0.0845437 0.0193543 0.0255916 0.0740953 0.0762977 0.0897073 0.0667711 0.0984956 0.0742413 0.0842614 0.1050832 0.0967244 0.0669017 0.0974280 0.3519589 0.1046424 0.1057546 0.1049319 0.2249754 0.0813421 0.0967547 0.1050658 0.1140284 0.0893423 0.2741082 0.0740775 0.2437013 0.0819779 0.1133961 0.1303290 0.0974357 0.2382190 0.0905864 0.1379644 0.1201634 0.1044043 0.0982549 0.0974994 0.1068408 
S0289         0.2865997 0.1542640 0.8386072 0.1714193 0.1659623 0.2567662 0.0000000 0.1603015 0.1342561 0.1756907 0.0672268 0.2178421 0.0611493 0.1887001 0.0462490 0.1772220 0.1898478 0.1885597 0.1567662 0.1660140 0.1598475 0.2078241 0.0670778 0.2328076 0.1933935 0.1887001 0.2072035 0.2215828 0.2380690 0.0670725 0.1757389 0.1717366 0.0864717 0.0745825 0.1716052 0.1634046 0.1816627 0.1887001 0.3172661 0.1807096 0.1898087 0.1613482 0.2101704 0.2178421 0.1794281 0.2186801 0.2049334 0.2183009 0.0679440 0.2479773 0.1593648 0.2168510 0.1895629 0.2094928 0.2040232 0.2008414 0.2126145 0.2863435 0.2114265 0.3087543 0.2655717 0.2349533 0.2693186 0.2169439 0.2550082 0.3439130 0.2243492 0.3512570 0.2296399 0.2030254 0.2286823 0.2021947 0.1933811 0.1597090 0.2182606 0.1552688 0.0735835 0.1655056 0.1664858 0.1954621 0.1124945 0.0534238 0.2175690 0.1793638 0.1838930 0.1541450 0.2367950 0.1620425 0.1603015 0.1727407 0.1598475 0.1576002 0.1948127 0.1839046 0.1733645 0.1908841 0.1145308 0.1984669 0.2251389 0.2188319 0.1769222 0.1654156 0.2164457 0.1553132 0.1778224 0.1729578 0.0816913 0.1827261 0.1416912 0.1787256 0.1732925 0.1919063 0.1707853 0.1587143 0.1615560 0.2284325 0.2060940 0.1974001 0.1606450 0.1732363 0.1624492 
S0292         0.2018691 0.0396194 0.8386072 0.0492616 0.0438903 0.0667711 0.1603015 0.0000000 0.0279503 0.0706514 0.1476714 0.1133808 0.1751046 0.0607672 0.1024626 0.0479678 0.0527634 0.0607368 0.0274873 0.0393812 0.0311772 0.0663329 0.1543309 0.0705772 0.0439245 0.0607672 0.0668434 0.0754092 0.1147773 0.1489041 0.0606961 0.0434987 0.1704433 0.0961374 0.1434371 0.0362649 0.0528092 0.0607672 0.1845607 0.0660657 0.0697067 0.0562851 0.0637911 0.0612962 0.0564755 0.0658638 0.0710491 0.0658215 0.0888974 0.1125023 0.1322607 0.0697125 0.0610012 0.0628823 0.0615644 0.0578822 0.0665500 0.1472134 0.0611791 0.1687565 0.1118192 0.1031183 0.1257505 0.0704977 0.0949707 0.1915176 0.0657000 0.1970377 0.0839896 0.0526628 0.0984276 0.0517552 0.0356941 0.0312136 0.0927317 0.0353119 0.1312447 0.1378613 0.1386327 0.0653239 0.1173273 0.1617877 0.0965669 0.0570818 0.0654302 0.0311505 0.0933689 0.0314748 0.0000010 0.0396492 0.0393041 0.0360857 0.0442235 0.0481391 0.0076521 0.0233366 0.1911883 0.0694302 0.0658730 0.0658000 0.1483992 0.0392686 0.0609894 0.0274029 0.0526936 0.0479884 0.1512279 0.0521348 0.1536801 0.0653903 0.0521784 0.0567523 0.0395603 0.1436270 0.0440881 0.0827701 0.0844749 0.0564961 0.0397478 0.0396110 0.0484757 
S0293         0.2007992 0.0232601 0.8386072 0.0536744 0.0233655 0.0636532 0.1342561 0.0279503 0.0000000 0.0646427 0.1556386 0.1038733 0.1766270 0.0579610 0.1032912 0.0529326 0.0586942 0.0579266 0.0232476 0.0138014 0.0091291 0.0700482 0.1556454 0.0695756 0.0533823 0.0579610 0.0541053 0.0922601 0.0987651 0.1625830 0.0581250 0.0184927 0.1756426 0.0961021 0.1229573 0.0286040 0.0286325 0.0579610 0.1618776 0.0591844 0.0634136 0.0279968 0.0396222 0.0585116 0.0186554 0.0636861 0.0590536 0.0642335 0.0888641 0.1084640 0.1163650 0.0689794 0.0582278 0.0493857 0.0429842 0.0437245 0.0538266 0.1086906 0.0586797 0.1348931 0.0894341 0.0913752 0.1236469 0.0642133 0.0870899 0.1907441 0.0637589 0.1907441 0.0686986 0.0636461 0.0858851 0.0580549 0.0588423 0.0138794 0.0689348 0.0376815 0.1363742 0.1227388 0.1235395 0.0633801 0.1272352 0.1591118 0.0770649 0.0580221 0.0579610 0.0045393 0.0858797 0.0329488 0.0279503 0.0235825 0.0137558 0.0187668 0.0799982 0.0429650 0.0329218 0.0477353 0.1932461 0.0631144 0.0639551 0.0639433 0.1288151 0.0091291 0.0584616 0.0531828 0.0585482 0.0185810 0.1472145 0.0580393 0.1357435 0.0634004 0.0280828 0.0590295 0.0477922 0.1293113 0.0331693 0.0901149 0.0745478 0.0582076 0.0379030 0.0281146 0.0585851 
S0294         0.2711034 0.0622489 0.8386072 0.0968794 0.0897224 0.1145524 0.1756907 0.0706514 0.0646427 0.0000000 0.1949011 0.1744293 0.2011141 0.1085508 0.1317955 0.0710950 0.1044837 0.1038378 0.0625982 0.0797626 0.0617291 0.1156186 0.1799656 0.1252971 0.0905781 0.1085508 0.1161947 0.1259154 0.1605806 0.2113392 0.0941741 0.0752159 0.2167891 0.1327933 0.1854134 0.0678628 0.0954568 0.1085508 0.2091592 0.0957639 0.1091083 0.0894186 0.1017122 0.1143887 0.0848184 0.1197216 0.1112450 0.1148390 0.1246640 0.1360689 0.1844812 0.1182132 0.1042603 0.1175630 0.1101576 0.1113822 0.1062664 0.1120495 0.1141547 0.1964851 0.1401464 0.1411180 0.1785942 0.1312497 0.1446015 0.2228189 0.1194006 0.2165026 0.1354452 0.1047547 0.1359984 0.1034570 0.0999816 0.0801724 0.1449908 0.0752710 0.1849415 0.1908557 0.1854808 0.1138254 0.1714767 0.2183082 0.1348967 0.0952861 0.1042843 0.0705208 0.1303138 0.0713000 0.0706514 0.0901572 0.0530283 0.0543580 0.1197907 0.0851954 0.0712107 0.0895304 0.2522199 0.1132384 0.1197451 0.1097113 0.1969218 0.0795192 0.1085597 0.0898185 0.0904732 0.0848337 0.2066797 0.0940004 0.2107934 0.0849220 0.0758261 0.1098966 0.0800236 0.1974461 0.0855461 0.1230228 0.1261780 0.0990776 0.0714242 0.0758088 0.0948187 
S0299         0.2769224 0.1463631 0.8386072 0.1490803 0.1606407 0.2820611 0.0672268 0.1476714 0.1556386 0.1949011 0.0000000 0.2086861 0.0797914 0.1809547 0.0633584 0.1745650 0.1867137 0.1807929 0.1480457 0.1480245 0.1540109 0.2132974 0.0854057 0.2024191 0.1860879 0.1809547 0.1961265 0.2379273 0.2074074 0.0676532 0.1680686 0.1685259 0.0683024 0.0619335 0.1620440 0.1284082 0.1806909 0.1809547 0.3523608 0.1941918 0.1892359 0.1460002 0.1867464 0.1852741 0.1704867 0.1851358 0.2181846 0.1946925 0.0555786 0.2372205 0.1542041 0.2164701 0.1891095 0.1915511 0.1771380 0.1884330 0.2027480 0.2348750 0.1790088 0.3104173 0.2494898 0.2200863 0.2697415 0.2255579 0.2660563 0.3561949 0.1928252 0.3662919 0.1926793 0.1699203 0.2126061 0.1914317 0.2024905 0.1538477 0.2138771 0.1684861 0.0520336 0.1617218 0.1629051 0.1822618 0.0666898 0.0507640 0.2060013 0.1811816 0.1821752 0.1470739 0.2313431 0.1487787 0.1476714 0.1697388 0.1608413 0.1499753 0.1988172 0.1704094 0.1554082 0.1691608 0.0858940 0.1905617 0.1936210 0.1865147 0.1687901 0.1540109 0.1776315 0.1621831 0.1837529 0.1695865 0.0508126 0.1700769 0.0853603 0.1848032 0.1761370 0.1920929 0.1671366 0.1604989 0.1618201 0.2386354 0.1860391 0.1852741 0.1536215 0.1621178 0.1698210 
S0308         0.2756253 0.1240211 0.8386072 0.1167939 0.1182726 0.1163974 0.2178421 0.1133808 0.1038733 0.1744293 0.2086861 0.0000000 0.2308077 0.0798448 0.1650702 0.1343775 0.1411200 0.0798022 0.1195427 0.1075692 0.1132751 0.1585700 0.2237728 0.1563782 0.1460480 0.0798448 0.1463087 0.1751412 0.1378099 0.2358151 0.1444054 0.1088110 0.2417899 0.1607220 0.2111269 0.1270657 0.1155057 0.0798448 0.2412834 0.1578597 0.0794171 0.1339232 0.1395085 0.1446456 0.1183998 0.1401534 0.1700836 0.1502675 0.1520685 0.1237131 0.1979772 0.1717985 0.0801622 0.1422526 0.1573710 0.1356258 0.1404291 0.2268016 0.1394062 0.2216897 0.1739182 0.0996232 0.1162847 0.1700215 0.2025753 0.2432173 0.1499467 0.2493028 0.1798006 0.1546444 0.0949064 0.1443190 0.1259520 0.1141250 0.1465366 0.1282544 0.1906819 0.2045852 0.2058290 0.0847245 0.1957918 0.2184454 0.1137539 0.0761480 0.0848680 0.1035110 0.0993335 0.1242329 0.1133808 0.1251179 0.1231206 0.1256209 0.1626952 0.1137634 0.1242670 0.1446377 0.2515572 0.1549734 0.1503952 0.1452106 0.2166703 0.1131575 0.1438418 0.1437120 0.1357438 0.1243250 0.2042526 0.1241842 0.2109242 0.1302571 0.1394704 0.1499532 0.1240008 0.2114252 0.1252309 0.1658728 0.1535938 0.1381966 0.1246650 0.1340791 0.1359862 
S0320         0.2799979 0.1667287 0.8386072 0.1924279 0.1815811 0.2897858 0.0611493 0.1751046 0.1766270 0.2011141 0.0797914 0.2308077 0.0000000 0.2098593 0.0693782 0.1889935 0.2061912 0.2096590 0.1686709 0.1614308 0.1747448 0.2370409 0.0787029 0.2507429 0.2162627 0.2098593 0.2184561 0.2428092 0.2380994 0.0615322 0.1967983 0.1898414 0.0614221 0.0876668 0.1669780 0.1559779 0.2029998 0.2098593 0.3416713 0.2015593 0.2106646 0.1824173 0.2093202 0.2316874 0.1920961 0.2315146 0.1975842 0.2423295 0.0807369 0.2454502 0.1749554 0.2474340 0.2110497 0.2214533 0.1912413 0.2104741 0.2251836 0.2476806 0.2251607 0.2918484 0.2826298 0.2432518 0.2955563 0.2227518 0.2706802 0.3546991 0.2398884 0.3645106 0.2220971 0.2132575 0.2355182 0.2286754 0.2070730 0.1745556 0.2465054 0.1821598 0.0460508 0.1688638 0.1841676 0.2185296 0.0908182 0.0668481 0.2374414 0.2101250 0.2113034 0.1675499 0.2395505 0.1672945 0.1751046 0.1912370 0.1818097 0.1630096 0.2288370 0.1916804 0.1833398 0.1976876 0.1178753 0.2205284 0.2409405 0.2333153 0.1901344 0.1747448 0.2314165 0.1904027 0.1890473 0.1910610 0.0670343 0.2061441 0.1104564 0.1997006 0.1977817 0.2051578 0.1882399 0.1740603 0.1755177 0.2615973 0.2326379 0.2223786 0.1742924 0.1832702 0.1913318 
S0322         0.2285786 0.0787996 0.8386072 0.0756798 0.0738704 0.0189126 0.1887001 0.0607672 0.0579610 0.1085508 0.1809547 0.0798448 0.2098593 0.0000000 0.1272492 0.0789369 0.0850610 0.0075804 0.0657471 0.0695494 0.0607101 0.1086830 0.1880836 0.1024319 0.0933789 0.0075836 0.1047642 0.1186679 0.0846429 0.1881202 0.0878721 0.0739545 0.1992554 0.1289692 0.1663961 0.0759839 0.0795895 0.0000010 0.2005654 0.1035886 0.0153435 0.0877565 0.0938905 0.0923856 0.0880729 0.0973112 0.1091706 0.0972504 0.1211260 0.0793077 0.1599213 0.1117446 0.0153506 0.1007536 0.0893082 0.0949985 0.0995175 0.1815506 0.0922048 0.1825660 0.1375670 0.0660245 0.0907993 0.1091329 0.1365913 0.2022459 0.0970624 0.2079633 0.1132140 0.0971630 0.0616554 0.0923640 0.0798245 0.0698973 0.1076262 0.0738984 0.1580286 0.1659105 0.1668690 0.0114600 0.1564220 0.1896126 0.0673324 0.0076894 0.0114774 0.0606567 0.0571683 0.0699972 0.0607672 0.0794484 0.0650891 0.0711326 0.1128658 0.0836986 0.0656554 0.0834990 0.2283812 0.0971591 0.0973277 0.0972166 0.1770389 0.0693421 0.0919097 0.0928243 0.0843059 0.0789761 0.1843832 0.0787785 0.1826184 0.0930008 0.0834409 0.0981261 0.0698759 0.1720901 0.0793932 0.1258126 0.1079997 0.0916760 0.0702208 0.0787785 0.0888706 
S0327         0.2238556 0.0954835 0.8386072 0.1160670 0.1084043 0.1858121 0.0462490 0.1024626 0.1032912 0.1317955 0.0633584 0.1650702 0.0693782 0.1272492 0.0000000 0.1149405 0.1445348 0.1271484 0.0965488 0.1089796 0.1022588 0.1404398 0.0698828 0.1520920 0.1230685 0.1272492 0.1460183 0.1683997 0.1819008 0.0465429 0.1151115 0.1090389 0.0691733 0.0567508 0.1099770 0.0915286 0.1253498 0.1272492 0.2588861 0.1246693 0.1345899 0.1088979 0.1352208 0.1367198 0.1166813 0.1367198 0.1441644 0.1449943 0.0504112 0.1850549 0.1029897 0.1652253 0.1345039 0.1479617 0.1360290 0.1389724 0.1523629 0.1819929 0.1372045 0.2223688 0.1809709 0.1626269 0.1986055 0.1439752 0.1844421 0.2703460 0.1436661 0.2794300 0.1641227 0.1441728 0.1557399 0.1494473 0.1316682 0.1097448 0.1497963 0.1153746 0.0531890 0.1097650 0.1105412 0.1345039 0.0563203 0.0628257 0.1607096 0.1274058 0.1280780 0.0959323 0.1792399 0.1095208 0.1024626 0.1242178 0.1085370 0.0910351 0.1494986 0.1229723 0.1094088 0.1222042 0.0898161 0.1354979 0.1442255 0.1441797 0.1097712 0.1022588 0.1297316 0.1092589 0.1149535 0.1096062 0.0411418 0.1228311 0.0688601 0.1169680 0.1222429 0.1499494 0.1145009 0.1089675 0.1091730 0.1859409 0.1304988 0.1367198 0.1020145 0.1093753 0.1291962 
S0335         0.2194651 0.0482448 0.8386072 0.0667744 0.0744389 0.0975963 0.1772220 0.0479678 0.0529326 0.0710950 0.1745650 0.1343775 0.1889935 0.0789369 0.1149405 0.0000000 0.0686713 0.0788953 0.0485028 0.0650512 0.0478553 0.0942948 0.1745825 0.0886415 0.0751136 0.0789369 0.0857542 0.0945964 0.1360855 0.1766820 0.0787224 0.0607124 0.1818272 0.1025439 0.1775537 0.0536417 0.0797562 0.0789369 0.2000249 0.0845989 0.0883277 0.0830473 0.0742568 0.0789226 0.0833438 0.0836954 0.0855176 0.0840894 0.0951894 0.1232691 0.1654789 0.0883384 0.0792471 0.0864040 0.0799959 0.0763599 0.0761351 0.1482173 0.0787695 0.1706329 0.1223097 0.1136528 0.1477327 0.0947521 0.1163486 0.1894168 0.0834838 0.2071323 0.1034407 0.0744362 0.1088404 0.0876036 0.0751406 0.0653747 0.1173163 0.0522749 0.1524925 0.1715394 0.1725352 0.0837529 0.1282276 0.1838359 0.1172619 0.0752771 0.0748334 0.0562651 0.1036073 0.0396894 0.0479678 0.0747883 0.0563144 0.0490277 0.0984374 0.0745869 0.0568814 0.0743978 0.2034304 0.0878330 0.0837085 0.0745866 0.1827726 0.0648587 0.0785207 0.0790665 0.0315501 0.0743464 0.1729651 0.0697985 0.1765238 0.0746736 0.0698572 0.0747100 0.0153413 0.1777951 0.0616448 0.0972932 0.1088216 0.0651434 0.0232818 0.0611687 0.0662845 
S0345         0.2308859 0.0689637 0.8386072 0.0644059 0.0743895 0.1160469 0.1898478 0.0527634 0.0586942 0.1044837 0.1867137 0.1411200 0.2061912 0.0850610 0.1445348 0.0686713 0.0000000 0.0905757 0.0584541 0.0687770 0.0633397 0.1164173 0.1842014 0.0807537 0.0800243 0.0906347 0.0995405 0.1214075 0.1358334 0.2071237 0.0965591 0.0740695 0.2041617 0.1175112 0.1542886 0.0650034 0.0868240 0.0850610 0.2029819 0.1042664 0.0966493 0.0847511 0.0844484 0.0693089 0.0747684 0.0746124 0.1048331 0.0811060 0.1097674 0.1397797 0.1615199 0.1029123 0.0910656 0.1004577 0.0863163 0.0879035 0.0989843 0.1386127 0.0695114 0.1755054 0.1266360 0.1272265 0.1631610 0.0981236 0.1242817 0.2260243 0.0746994 0.2188949 0.1149262 0.0798700 0.1213267 0.0846987 0.0913241 0.0582727 0.1256783 0.0636148 0.1698370 0.1686433 0.1698010 0.0965957 0.1486730 0.2170782 0.1187234 0.0907331 0.0856762 0.0581302 0.1213158 0.0279970 0.0527634 0.0693594 0.0685364 0.0646291 0.1082764 0.0747848 0.0581246 0.0737616 0.2271659 0.1073643 0.0749339 0.0749190 0.1753169 0.0633397 0.0692486 0.0797156 0.0746195 0.0744480 0.1966591 0.0854907 0.1717988 0.1023547 0.0796062 0.0481368 0.0633248 0.1760167 0.0643644 0.1197548 0.0978372 0.0637179 0.0531144 0.0689949 0.0863259 
S0355         0.2283946 0.0787581 0.8386072 0.0756396 0.0738322 0.0188989 0.1885597 0.0607368 0.0579266 0.1038378 0.1807929 0.0798022 0.2096590 0.0075804 0.1271484 0.0788953 0.0905757 0.0000000 0.0570799 0.0695138 0.0606798 0.1086202 0.1879125 0.1023743 0.0842116 0.0075804 0.1047037 0.1185975 0.0845970 0.1879807 0.0878247 0.0739162 0.1991044 0.1288605 0.1662813 0.0759433 0.0795471 0.0075804 0.2004123 0.1035296 0.0153368 0.0877092 0.0887986 0.0923353 0.0880253 0.0972574 0.1091072 0.0971967 0.1210265 0.0792656 0.1598132 0.1116804 0.0153438 0.1006956 0.0801561 0.0949451 0.0901273 0.1760820 0.0921547 0.1824324 0.1477230 0.0659906 0.0907485 0.1090694 0.1365050 0.2020900 0.0970089 0.2078011 0.1036561 0.0971094 0.0616241 0.0923137 0.0797819 0.0698614 0.1075647 0.0738602 0.1579202 0.1657965 0.1667535 0.0114550 0.1563092 0.1894744 0.0672971 0.0076861 0.0114724 0.0606265 0.0571397 0.0699611 0.0607368 0.0794062 0.0650562 0.0710953 0.1128002 0.0836538 0.0656219 0.0834544 0.2219650 0.0971055 0.0972739 0.0971629 0.1769141 0.0693068 0.0918599 0.0927735 0.0842604 0.0789345 0.1842500 0.0787370 0.1824809 0.0929498 0.0833964 0.0980714 0.0698400 0.1719697 0.0793510 0.1161927 0.1079377 0.0916265 0.0701845 0.0699340 0.0888221 
S0376         0.2103245 0.0441949 0.8386072 0.0495482 0.0527890 0.0830170 0.1567662 0.0274873 0.0232476 0.0625982 0.1480457 0.1195427 0.1686709 0.0657471 0.0965488 0.0485028 0.0584541 0.0570799 0.0000000 0.0439245 0.0355605 0.0715113 0.1480488 0.0713288 0.0319294 0.0657471 0.0675605 0.0807764 0.1112056 0.1674501 0.0527623 0.0481185 0.1782938 0.0963892 0.1504616 0.0366404 0.0576900 0.0657471 0.1885752 0.0579866 0.0660670 0.0526237 0.0543164 0.0619388 0.0485523 0.0665593 0.0718109 0.0665162 0.0891283 0.1186020 0.1390079 0.0748828 0.0660036 0.0635579 0.0535200 0.0584968 0.0584135 0.1438380 0.0618192 0.1764894 0.1036560 0.1090376 0.1322917 0.0808393 0.1064058 0.2018500 0.0663920 0.2133846 0.0758343 0.0618514 0.1042539 0.0655391 0.0532801 0.0441394 0.0937335 0.0315977 0.1381658 0.1447491 0.1455730 0.0704080 0.1290913 0.1693118 0.0928749 0.0576793 0.0705243 0.0355297 0.0990712 0.0277244 0.0274873 0.0530327 0.0438373 0.0406664 0.0756076 0.0528923 0.0359127 0.0527613 0.1859113 0.0701573 0.0665687 0.0664942 0.1501629 0.0396640 0.0616254 0.0486728 0.0575621 0.0484809 0.1585305 0.0526711 0.1612939 0.0573930 0.0484943 0.0621334 0.0441278 0.1506636 0.0403540 0.0791904 0.0808330 0.0485704 0.0360153 0.0076499 0.0532672 
S0400         0.1906591 0.0314579 0.8386072 0.0668360 0.0234694 0.0819391 0.1660140 0.0393812 0.0138014 0.0797626 0.1480245 0.1075692 0.1614308 0.0695494 0.1089796 0.0650512 0.0687770 0.0695138 0.0439245 0.0000000 0.0153642 0.0707121 0.1615310 0.0840574 0.0700647 0.0695494 0.0804741 0.0938101 0.1197311 0.1714905 0.0693649 0.0193208 0.1823042 0.1095754 0.1650752 0.0404759 0.0277712 0.0695494 0.2036811 0.0704265 0.0735112 0.0396150 0.0687716 0.0744506 0.0315249 0.0791709 0.0847421 0.0837218 0.1020594 0.1175105 0.1533780 0.0785747 0.0698192 0.0765029 0.0660690 0.0712467 0.0801129 0.1525417 0.0699225 0.1860550 0.1264712 0.1128757 0.1261258 0.0938883 0.1200769 0.2174734 0.0789716 0.2113347 0.0887402 0.0788846 0.1080982 0.0693296 0.0657675 0.0154665 0.0881015 0.0518676 0.1367972 0.1592458 0.1601548 0.0742197 0.1452706 0.1620179 0.0965911 0.0615263 0.0743418 0.0076118 0.1029059 0.0480125 0.0393812 0.0235739 0.0232407 0.0319252 0.0884712 0.0439505 0.0480233 0.0651264 0.2226029 0.0782520 0.0791340 0.0746556 0.1701797 0.0153508 0.0697035 0.0696628 0.0701040 0.0234417 0.1734814 0.0693451 0.1712423 0.0785915 0.0522334 0.0791631 0.0563253 0.1652966 0.0568246 0.1010662 0.1031821 0.0738890 0.0565970 0.0563991 0.0657529 
S0405         0.2015886 0.0233483 0.8386072 0.0578429 0.0234237 0.0669308 0.1598475 0.0311772 0.0091291 0.0617291 0.1540109 0.1132751 0.1747448 0.0607101 0.1022588 0.0478553 0.0633397 0.0606798 0.0355605 0.0153642 0.0000000 0.0617154 0.1540168 0.0748222 0.0611551 0.0607101 0.0712064 0.0843361 0.1095903 0.1707476 0.0520274 0.0114737 0.1758571 0.1024436 0.1537655 0.0320356 0.0277163 0.0607101 0.1857599 0.0614684 0.0696413 0.0395369 0.0588896 0.0654633 0.0314630 0.0700670 0.0754250 0.0701722 0.0950981 0.0980826 0.1423662 0.0695449 0.0609437 0.0672496 0.0658367 0.0621768 0.0708926 0.1365555 0.0610327 0.1685464 0.1164265 0.0935825 0.1157557 0.0844058 0.1051674 0.1989011 0.0698925 0.1929527 0.0884184 0.0655112 0.0889740 0.0605218 0.0569282 0.0154367 0.0790586 0.0434280 0.1362341 0.1480816 0.1489168 0.0652625 0.1335154 0.1613390 0.0868081 0.0527498 0.0653686 0.0075974 0.0840420 0.0395894 0.0311772 0.0235277 0.0076037 0.0156584 0.0791667 0.0480935 0.0395981 0.0563785 0.2091538 0.0605869 0.0700335 0.0569341 0.1587844 0.0153214 0.0608439 0.0608088 0.0611887 0.0233961 0.1618292 0.0520121 0.1591057 0.0608454 0.0437314 0.0700610 0.0477697 0.1539699 0.0481878 0.0916324 0.0935308 0.0649755 0.0479975 0.0478314 0.0569149 
S0412sl       0.2599168 0.0802559 0.8386072 0.0875240 0.0804184 0.1237243 0.2078241 0.0663329 0.0700482 0.1156186 0.2132974 0.1585700 0.2370409 0.1086830 0.1404398 0.0942948 0.1164173 0.1086202 0.0715113 0.0707121 0.0617154 0.0000000 0.2133483 0.0953914 0.0952777 0.1086830 0.1109227 0.0757680 0.1656781 0.2136841 0.0989473 0.0663464 0.2254304 0.1408275 0.1802107 0.0682754 0.0859539 0.1086830 0.2085979 0.0400536 0.1140239 0.0986397 0.1015680 0.0952824 0.0796116 0.1003861 0.1213625 0.0901378 0.1324833 0.1623800 0.1679115 0.1090830 0.1091263 0.1127368 0.1102015 0.1066422 0.1162587 0.1957680 0.0904229 0.1962804 0.1346095 0.1573468 0.1678016 0.1213196 0.1501423 0.2167000 0.1001212 0.2225756 0.1254830 0.1000064 0.1520797 0.1083050 0.0768667 0.0710718 0.1247828 0.0747444 0.1811923 0.1740846 0.1751111 0.1139641 0.1661512 0.2083499 0.1294245 0.1050571 0.1141641 0.0616602 0.1410336 0.0758736 0.0663329 0.0808045 0.0705662 0.0723003 0.1091885 0.0946618 0.0758922 0.0897645 0.2483654 0.1086013 0.0902107 0.0955579 0.1743102 0.0704979 0.0901257 0.0900704 0.1000689 0.0713256 0.2030615 0.0896401 0.1931668 0.0996097 0.0941963 0.1148709 0.0847860 0.1689826 0.0902768 0.1333892 0.1163264 0.0945273 0.0852184 0.0849044 0.0906725 
S0417         0.2803895 0.1463655 0.9022389 0.1780204 0.1606500 0.2525571 0.0670778 0.1543309 0.1556454 0.1799656 0.0854057 0.2237728 0.0787029 0.1880836 0.0698828 0.1745825 0.1842014 0.1879125 0.1480488 0.1615310 0.1540168 0.2133483 0.0000000 0.2267723 0.1937101 0.1880836 0.1956297 0.2039715 0.2223795 0.0674212 0.1615338 0.1685397 0.0784769 0.0624662 0.1318293 0.1223053 0.1807123 0.1880836 0.3473059 0.1865145 0.1965030 0.1611028 0.1862621 0.2086228 0.1705019 0.2084668 0.2101612 0.2186789 0.0560500 0.2342407 0.1391056 0.2238489 0.1891374 0.1882187 0.1768101 0.1879565 0.2022378 0.2315687 0.1923653 0.2963972 0.2338783 0.2129582 0.2698697 0.2174567 0.2653765 0.3606591 0.2165220 0.3706848 0.2066163 0.1910724 0.2055373 0.1914618 0.2025307 0.1538535 0.1933822 0.1684999 0.0457782 0.1463103 0.1473567 0.1963709 0.0662409 0.0666974 0.2213338 0.1883202 0.1893597 0.1470766 0.2284269 0.1468600 0.1543309 0.1697534 0.1608507 0.1499794 0.2060954 0.1846688 0.1621861 0.1738181 0.0922684 0.1838220 0.2174464 0.2000032 0.1531224 0.1540168 0.2083841 0.1690294 0.1837770 0.1696010 0.0615141 0.1700917 0.0847707 0.1707028 0.1619260 0.1833049 0.1671495 0.1384258 0.1546866 0.2462223 0.2002979 0.1852994 0.1536272 0.1621280 0.1770157 
S0419         0.2525330 0.0893048 0.8386072 0.0321904 0.0941027 0.1057464 0.2328076 0.0705772 0.0695756 0.1252971 0.2024191 0.1563782 0.2507429 0.1024319 0.1520920 0.0886415 0.0807537 0.1023743 0.0713288 0.0840574 0.0748222 0.0953914 0.2267723 0.0000000 0.0902483 0.1024319 0.1067431 0.1051201 0.1618383 0.2320539 0.0893199 0.0796061 0.2440435 0.1481493 0.1929628 0.0726627 0.0947374 0.1024319 0.2227143 0.0857013 0.1123723 0.1079504 0.1014113 0.0076374 0.0941293 0.0115360 0.1112354 0.0317948 0.1396500 0.1655015 0.1802798 0.1078097 0.1077018 0.1026628 0.1003762 0.0967710 0.1062349 0.1835771 0.0194518 0.2036510 0.1231616 0.1449243 0.1655230 0.1013394 0.1236240 0.2369409 0.0115092 0.2304509 0.1151588 0.0804251 0.1398148 0.1033454 0.0904954 0.0844892 0.1037726 0.0745747 0.1985683 0.1866487 0.1877669 0.1075679 0.1802917 0.2327709 0.1373404 0.0988296 0.1030293 0.0747549 0.1441775 0.0618189 0.0705772 0.0945589 0.0838823 0.0806724 0.1247767 0.0898097 0.0802234 0.0988490 0.2785548 0.0895102 0.0076138 0.0235288 0.1868977 0.0704420 0.0275806 0.1038756 0.0942431 0.0847959 0.2208281 0.0667689 0.2017729 0.0799961 0.1034630 0.0852200 0.0793337 0.1932325 0.0900678 0.1330824 0.1099120 0.0439343 0.0797320 0.0801719 0.0998550 
S0427         0.2368566 0.0705097 0.8386072 0.0634635 0.0796712 0.0973103 0.1933935 0.0439245 0.0533823 0.0905781 0.1860879 0.1460480 0.2162627 0.0933789 0.1230685 0.0751136 0.0800243 0.0842116 0.0319294 0.0700647 0.0611551 0.0952777 0.1937101 0.0902483 0.0000000 0.0933789 0.1008223 0.0945574 0.1427837 0.2046758 0.0661304 0.0700950 0.2161546 0.1245542 0.1796669 0.0675458 0.0851441 0.0933789 0.1771110 0.0856003 0.0938480 0.0794084 0.0844389 0.0803283 0.0796930 0.0851983 0.1052466 0.0851436 0.1166593 0.1499990 0.1674135 0.1031691 0.0937524 0.0967810 0.0854026 0.0910564 0.0909250 0.1780309 0.0801698 0.1840514 0.1192094 0.1398978 0.1600286 0.0901384 0.1163263 0.1899473 0.0849789 0.2013070 0.0996493 0.0940951 0.1348268 0.0833499 0.0708364 0.0612264 0.1134841 0.0570592 0.1603548 0.1735636 0.1745828 0.0882620 0.1661172 0.2059003 0.1178204 0.0851217 0.0985833 0.0611009 0.1292007 0.0531359 0.0439245 0.0705615 0.0699215 0.0672002 0.0940625 0.0707912 0.0527642 0.0701936 0.2257605 0.0840719 0.0852119 0.0851142 0.1849556 0.0698544 0.0708620 0.0660259 0.0849498 0.0744862 0.1944719 0.0612901 0.1991573 0.0755376 0.0751038 0.0800925 0.0703960 0.1799141 0.0666652 0.1076713 0.1051531 0.0662786 0.0619609 0.0442941 0.0804156 
S0430         0.2285786 0.0787996 0.8386072 0.0756798 0.0738704 0.0189126 0.1887001 0.0607672 0.0579610 0.1085508 0.1809547 0.0798448 0.2098593 0.0075836 0.1272492 0.0789369 0.0906347 0.0075804 0.0657471 0.0695494 0.0607101 0.1086830 0.1880836 0.1024319 0.0933789 0.0000000 0.1047642 0.1186679 0.0846429 0.1881202 0.0878721 0.0739545 0.1992554 0.1289692 0.1663961 0.0759839 0.0795895 0.0075836 0.2005654 0.1035886 0.0153435 0.0877565 0.0938905 0.0923856 0.0880729 0.0973112 0.1091706 0.0972504 0.1211260 0.0793077 0.1599213 0.1117446 0.0153506 0.1007536 0.0893082 0.0949985 0.0995175 0.1815506 0.0922048 0.1825660 0.1375670 0.0660245 0.0907993 0.1091329 0.1365913 0.2022459 0.0970624 0.2079633 0.1132140 0.0971630 0.0616554 0.0923640 0.0798245 0.0698973 0.1076262 0.0738984 0.1580286 0.1659105 0.1668690 0.0114600 0.1564220 0.1896126 0.0673324 0.0076894 0.0114774 0.0606567 0.0571683 0.0699972 0.0607672 0.0794484 0.0650891 0.0711326 0.1128658 0.0836986 0.0656554 0.0834990 0.2283812 0.0971591 0.0973277 0.0972166 0.1770389 0.0693421 0.0919097 0.0928243 0.0843059 0.0789761 0.1843832 0.0787785 0.1826184 0.0930008 0.0834409 0.0981261 0.0698759 0.1720901 0.0793932 0.1258126 0.1079997 0.0916760 0.0702208 0.0787785 0.0888706 
S0552sl       0.2114547 0.0856015 0.8386072 0.0881055 0.0905349 0.1258047 0.2072035 0.0668434 0.0541053 0.1161947 0.1961265 0.1463087 0.2184561 0.1047642 0.1460183 0.0857542 0.0995405 0.1047037 0.0675605 0.0804741 0.0712064 0.1109227 0.1956297 0.1067431 0.1008223 0.1047642 0.0000000 0.1272411 0.1621218 0.2066737 0.0999035 0.0850821 0.2181406 0.1429578 0.2074016 0.0735310 0.0963338 0.1047642 0.1878590 0.0958252 0.1149628 0.0995705 0.0258947 0.0962070 0.0705007 0.1013693 0.0446396 0.0910624 0.1344591 0.1622844 0.1942237 0.0904475 0.1051938 0.0236897 0.0403318 0.0155276 0.0234266 0.2111959 0.0960109 0.1761025 0.1441292 0.1534127 0.1731576 0.0531273 0.0765439 0.2071845 0.0963902 0.2129071 0.0528269 0.0912003 0.1481352 0.1044828 0.0961607 0.0808897 0.1159825 0.0624921 0.1673931 0.2008444 0.2020743 0.1100369 0.1567787 0.2018704 0.1421903 0.1010955 0.1102307 0.0711428 0.1422224 0.0674614 0.0668434 0.0909765 0.0803051 0.0823861 0.1211364 0.0854265 0.0764883 0.0951691 0.2277542 0.1049391 0.1013867 0.1012669 0.2011224 0.0623015 0.1004267 0.0900903 0.0914032 0.0811862 0.1827578 0.0903549 0.1839465 0.1053548 0.0951598 0.0956452 0.0763318 0.1933999 0.0399983 0.1091173 0.1273793 0.0813573 0.0767211 0.0719665 0.0768563 
S0558         0.2421810 0.0944267 0.8386072 0.0923327 0.1041766 0.1325679 0.2215828 0.0754092 0.0922601 0.1259154 0.2379273 0.1751412 0.2428092 0.1186679 0.1683997 0.0945964 0.1214075 0.1185975 0.0807764 0.0938101 0.0843361 0.0757680 0.2039715 0.1051201 0.0945574 0.1186679 0.1272411 0.0000000 0.1832128 0.2270589 0.1087205 0.0937942 0.2300496 0.1326773 0.1844208 0.0870706 0.1102295 0.1186679 0.2263739 0.0754585 0.1241550 0.1133212 0.1236439 0.1049990 0.1137557 0.1102304 0.1318356 0.1054103 0.1245523 0.1681311 0.1851202 0.1036772 0.1191561 0.1231426 0.1203418 0.1168273 0.1266158 0.1944317 0.1047851 0.2073816 0.1502073 0.1576377 0.1905987 0.1264233 0.1556213 0.2281606 0.1099365 0.2340925 0.1357339 0.1196120 0.1523585 0.1086596 0.1003493 0.0942987 0.1300792 0.0749717 0.1857456 0.1915259 0.1926720 0.1240895 0.1601633 0.2341197 0.1512704 0.1150702 0.1243098 0.0842594 0.1400090 0.0754148 0.0754092 0.1046887 0.0936119 0.0913200 0.1141863 0.1043927 0.0852261 0.0899089 0.2629371 0.1185749 0.0998595 0.1101197 0.2033029 0.0935179 0.1044351 0.1092232 0.1099702 0.1040405 0.2220965 0.0943398 0.2051112 0.1093656 0.1087848 0.1141509 0.0850518 0.1924925 0.0999508 0.1177505 0.1366724 0.0853551 0.0947516 0.0943985 0.0808042 
S0616         0.3117397 0.1358305 0.8386072 0.1334737 0.1193974 0.0988303 0.2380690 0.1147773 0.0987651 0.1605806 0.2074074 0.1378099 0.2380994 0.0846429 0.1819008 0.1360855 0.1358334 0.0845970 0.1112056 0.1197311 0.1095903 0.1656781 0.2223795 0.1618383 0.1427837 0.0846429 0.1621218 0.1832128 0.0000000 0.2500105 0.1357646 0.1247305 0.2556545 0.1780060 0.2244302 0.1174046 0.1267683 0.0846429 0.2698467 0.1542588 0.0850669 0.1296692 0.1361214 0.1499489 0.1310373 0.1504428 0.1723832 0.1627241 0.1688850 0.1523993 0.2167158 0.1627539 0.0849812 0.1579441 0.1476161 0.1507961 0.1558328 0.2525343 0.1510061 0.2552094 0.2050542 0.1317561 0.1513595 0.1833800 0.2173040 0.2857294 0.1553055 0.2922862 0.1642571 0.1452779 0.1266817 0.1617941 0.1481058 0.1093668 0.1751439 0.1199738 0.2094533 0.2235932 0.2249784 0.0895955 0.2115645 0.2379118 0.0324998 0.0767312 0.0897483 0.1094876 0.1263039 0.1159029 0.1147773 0.1202433 0.1146692 0.1167208 0.1760103 0.1418830 0.1209349 0.1414433 0.2914588 0.1566544 0.1506335 0.1570207 0.2360766 0.1193419 0.1504737 0.1418529 0.1428800 0.1308183 0.2382288 0.1408824 0.2399362 0.1353679 0.1349640 0.1481957 0.1255554 0.2307221 0.1268177 0.1900718 0.1707588 0.1399457 0.1163075 0.1257436 0.1480893 
S0624         0.2722777 0.1707096 0.8386072 0.1884136 0.1771144 0.2293884 0.0670725 0.1489041 0.1625830 0.2113392 0.0676532 0.2358151 0.0615322 0.1881202 0.0465429 0.1766820 0.2071237 0.1879807 0.1674501 0.1714905 0.1707476 0.2136841 0.0674212 0.2320539 0.2046758 0.1881202 0.2066737 0.2270589 0.2500105 0.0000000 0.1864660 0.1886748 0.0577180 0.0751064 0.1559894 0.1629039 0.1992162 0.1881202 0.3640786 0.1980368 0.2008562 0.1895731 0.2094351 0.2171470 0.2085798 0.2179798 0.2042865 0.2114822 0.0684161 0.2534604 0.1444031 0.2284065 0.1889780 0.2088163 0.1915850 0.2002031 0.2119356 0.2961167 0.2166303 0.3307979 0.2712179 0.2342026 0.2581954 0.2162545 0.2541703 0.3593645 0.2236305 0.3668190 0.2166362 0.2023892 0.2279533 0.1956532 0.1810786 0.1762779 0.2210965 0.1770647 0.0411233 0.1502125 0.1510717 0.1948564 0.0839131 0.0525873 0.2359574 0.1845997 0.1952456 0.1705742 0.2422609 0.1727769 0.1489041 0.1897956 0.1823569 0.1686718 0.1896825 0.1891713 0.1616016 0.1787679 0.0941579 0.1998527 0.2244152 0.2240916 0.1610833 0.1821357 0.2157591 0.1721245 0.1772789 0.1963583 0.0621910 0.1821676 0.1226830 0.1896496 0.1961533 0.2030835 0.1702695 0.1438368 0.1722569 0.2401052 0.2027594 0.2026326 0.1712797 0.1841081 0.1846595 
S0641         0.2000242 0.0649387 0.9022389 0.0668038 0.0788597 0.0967094 0.1757389 0.0606961 0.0581250 0.0941741 0.1680686 0.1444054 0.1967983 0.0878721 0.1151115 0.0787224 0.0965591 0.0878247 0.0527623 0.0693649 0.0520274 0.0989473 0.1615338 0.0893199 0.0661304 0.0878721 0.0999035 0.1087205 0.1357646 0.1864660 0.0000000 0.0649917 0.1994997 0.1160835 0.1630813 0.0580645 0.0796300 0.0878721 0.1758613 0.0801871 0.0883071 0.0876478 0.0940050 0.0795164 0.0700603 0.0843301 0.1042865 0.0844592 0.1084539 0.1432451 0.1515566 0.1020862 0.0882190 0.0958966 0.0892320 0.0902375 0.0994398 0.1812355 0.0749071 0.1866567 0.1376422 0.1185399 0.1581664 0.0946878 0.1162711 0.2000118 0.0841152 0.2056527 0.1081515 0.0887430 0.1136887 0.0967800 0.0842197 0.0697109 0.0570866 0.0651327 0.1638054 0.1573380 0.1582248 0.0927921 0.1508640 0.1879752 0.1169863 0.0797176 0.0929485 0.0604989 0.1228888 0.0612384 0.0606961 0.0792311 0.0605521 0.0619966 0.1070703 0.0694520 0.0699298 0.0878889 0.2138154 0.0233912 0.0842910 0.0707097 0.1575294 0.0605822 0.0657889 0.0836578 0.0933157 0.0699549 0.1845835 0.0313828 0.1828263 0.0315852 0.0788669 0.0890763 0.0785757 0.1632974 0.0749040 0.1256445 0.1137396 0.0700855 0.0701363 0.0612146 0.0887590 
S0643         0.2024119 0.0274053 0.8386072 0.0624632 0.0274944 0.0740953 0.1717366 0.0434987 0.0184927 0.0752159 0.1685259 0.1088110 0.1898414 0.0739545 0.1090389 0.0607124 0.0740695 0.0739162 0.0481185 0.0193208 0.0114737 0.0663464 0.1685397 0.0796061 0.0700950 0.0739545 0.0850821 0.0937942 0.1247305 0.1886748 0.0649917 0.0000000 0.1938970 0.1096387 0.1598327 0.0447129 0.0318718 0.0739545 0.1924145 0.0660790 0.0831816 0.0437587 0.0688002 0.0700980 0.0356130 0.0747722 0.0893704 0.0748853 0.1021171 0.1126224 0.1482454 0.0736664 0.0742423 0.0811088 0.0793792 0.0757674 0.0802265 0.1471730 0.0656073 0.1749471 0.1217301 0.1080200 0.1212289 0.0893400 0.1104648 0.2057935 0.0745845 0.1997547 0.1026257 0.0789821 0.1032838 0.0737188 0.0614676 0.0194125 0.0792207 0.0560908 0.1529197 0.1540565 0.1549332 0.0786789 0.1510434 0.1786039 0.0864904 0.0659091 0.0788089 0.0114640 0.0981560 0.0522317 0.0434987 0.0276173 0.0192836 0.0278105 0.0930887 0.0524256 0.0522436 0.0694903 0.2291014 0.0737987 0.0747368 0.0614746 0.1649103 0.0192666 0.0654026 0.0740751 0.0745469 0.0274618 0.1791630 0.0564406 0.1583793 0.0654033 0.0564879 0.0836896 0.0606020 0.1600467 0.0611421 0.1057334 0.0985742 0.0695712 0.0608957 0.0606819 0.0701618 
