136
PAFTOL_019361 0.0000000 0.1570942 0.1326032 0.1396524 0.1507477 0.1416322 0.1514691 0.1450277 0.1407619 0.1464077 0.1768145 0.1478069 0.1593708 0.1607788 0.1439867 0.1538534 0.1399578 0.1494750 0.1505820 0.1504024 0.1548844 0.1435990 0.1458386 0.1421272 0.1445876 0.1349307 0.1340148 0.1472968 0.1583702 0.1487851 0.1405065 0.1506858 0.1590029 0.1638067 0.1589768 0.1432292 0.1485085 0.1490145 0.1443663 0.1411307 0.1536833 0.1459676 0.1462490 0.1420400 0.1555537 0.1507516 0.1561559 0.1563230 0.1613069 0.1477959 0.1455461 0.1364626 0.1455018 0.1289025 0.1379787 0.1447622 0.1430436 0.1429795 0.1570831 0.1428334 0.1393119 0.1453586 0.1286286 0.1454027 0.1483816 0.1426604 0.1496912 0.1505272 0.1723718 0.1520690 0.1471619 0.1369127 0.2059557 0.1656350 0.1491247 0.1507351 0.1476680 0.1317632 0.1562043 0.1293460 0.1545832 0.1407738 0.1603910 0.1555999 0.1477606 0.1524795 0.1425237 0.1568937 0.1460113 0.1369047 0.1423255 0.1420699 0.1546330 0.1376718 0.1498933 0.1560505 0.1523151 0.1512100 0.1460614 0.1571312 0.1527339 0.1439012 0.1383973 0.1404530 0.1363646 0.1458243 0.1410769 0.1412322 0.1395303 0.1427338 0.1469607 0.1524138 0.1368720 0.1412429 0.1482436 0.1470709 0.1475779 0.1485065 0.1436440 0.1381627 0.1516680 0.1474566 0.1438293 0.1466820 0.1404608 0.1401644 0.1464487 0.1473125 0.1525205 0.1393626 0.1471950 0.1603193 0.1329390 0.1401648 0.1447928 0.1419262 
S0055         0.1570942 0.0000000 0.0564018 0.0620044 0.0624405 0.0372359 0.0766355 0.0673809 0.0545559 0.0375023 0.0665326 0.0721615 0.0774755 0.0859292 0.0698507 0.0766942 0.0545368 0.0648429 0.0740897 0.0747694 0.0563404 0.0344326 0.0360580 0.0682807 0.0465991 0.0625646 0.0517881 0.0460802 0.0624277 0.0747585 0.0634905 0.0618950 0.0564514 0.0850799 0.0860839 0.0681052 0.0391785 0.0398057 0.0712599 0.0665777 0.0749679 0.0456794 0.0353473 0.0593564 0.0765901 0.0840184 0.0597192 0.0804408 0.0683252 0.0410613 0.0651559 0.0528674 0.0377795 0.0486702 0.0542780 0.0639640 0.0623844 0.0720729 0.0758771 0.0666837 0.0644984 0.0546676 0.0560482 0.0701413 0.0644388 0.0671172 0.0667433 0.0636680 0.0615406 0.0680177 0.0851528 0.0792570 0.1048687 0.0904390 0.0652907 0.0634403 0.0861592 0.0406002 0.0913184 0.0583900 0.0703067 0.0716579 0.0799456 0.0474099 0.0704539 0.0912526 0.0360272 0.0503152 0.0651072 0.0627168 0.0660135 0.0674081 0.0651978 0.0625133 0.0662620 0.0788202 0.0779043 0.0778335 0.0366313 0.0746629 0.0692283 0.0586662 0.0344669 0.0394716 0.0195118 0.0634540 0.0451186 0.0697227 0.0554662 0.0592116 0.0674503 0.0463978 0.0552037 0.0553351 0.0651466 0.0698815 0.0398513 0.0726023 0.0591941 0.0537855 0.0431024 0.0729745 0.0359764 0.0727198 0.0399893 0.0422370 0.0656942 0.0645730 0.0723662 0.0546005 0.0540750 0.0758766 0.0531246 0.0550184 0.0497924 0.0532847 
S0196sl       0.1326032 0.0564018 0.0000000 0.0331376 0.0211021 0.0500616 0.0458320 0.0417046 0.0373721 0.0521624 0.0793161 0.0367313 0.0458954 0.0611414 0.0402528 0.0458294 0.0304405 0.0462144 0.0554442 0.0457460 0.0456326 0.0470733 0.0492385 0.0371094 0.0543748 0.0351870 0.0056393 0.0404740 0.0301101 0.0443006 0.0373422 0.0457986 0.0578013 0.0552001 0.0468223 0.0414766 0.0499845 0.0510938 0.0414659 0.0336802 0.0537722 0.0470380 0.0485806 0.0167402 0.0472358 0.0741196 0.0573475 0.0480713 0.0480967 0.0532200 0.0464209 0.0075396 0.0479377 0.0064335 0.0082073 0.0434831 0.0207388 0.0374259 0.0470982 0.0446238 0.0352968 0.0300608 0.0275648 0.0361316 0.0481444 0.0462948 0.0479442 0.0487351 0.0737775 0.0254789 0.0698618 0.0551744 0.0707823 0.0580083 0.0427334 0.0418919 0.0743813 0.0057977 0.0752390 0.0283964 0.0477333 0.0514131 0.0489245 0.0532492 0.0521520 0.0759850 0.0455369 0.0602492 0.0427145 0.0372831 0.0422985 0.0439067 0.0401917 0.0324864 0.0392088 0.0540914 0.0465462 0.0478837 0.0478390 0.0463495 0.0506657 0.0373466 0.0433674 0.0480181 0.0464492 0.0446922 0.0509438 0.0447668 0.0339554 0.0387287 0.0409285 0.0541661 0.0101027 0.0322206 0.0241932 0.0439366 0.0501425 0.0247687 0.0430265 0.0346566 0.0547679 0.0409976 0.0470152 0.0387667 0.0447149 0.0448487 0.0475345 0.0439756 0.0499463 0.0332396 0.0321445 0.0585172 0.0227821 0.0396971 0.0427437 0.0299511 
S0278         0.1396524 0.0620044 0.0331376 0.0000000 0.0544778 0.0566349 0.0552805 0.0232868 0.0499990 0.0609554 0.0876394 0.0213438 0.0639050 0.0755586 0.0217388 0.0608172 0.0168672 0.0618210 0.0634951 0.0590030 0.0664869 0.0525872 0.0565660 0.0225017 0.0632984 0.0176401 0.0404112 0.0530178 0.0332995 0.0589944 0.0302366 0.0590013 0.0670254 0.0736100 0.0609520 0.0187963 0.0604715 0.0600467 0.0231388 0.0361472 0.0484409 0.0584896 0.0569335 0.0443179 0.0619259 0.0875504 0.0730849 0.0644034 0.0582184 0.0597669 0.0521281 0.0409271 0.0555719 0.0363336 0.0410762 0.0600164 0.0482744 0.0412016 0.0647991 0.0415909 0.0363874 0.0473085 0.0167239 0.0556124 0.0597960 0.0600665 0.0626428 0.0607717 0.0891059 0.0557452 0.0842827 0.0718687 0.0966062 0.0722797 0.0594612 0.0587098 0.0872445 0.0361427 0.0905464 0.0397434 0.0653301 0.0656860 0.0707610 0.0657180 0.0659732 0.0912876 0.0536452 0.0713704 0.0542693 0.0183783 0.0409252 0.0416019 0.0590687 0.0334942 0.0146910 0.0730570 0.0626115 0.0613163 0.0554461 0.0636128 0.0619263 0.0518240 0.0514233 0.0573280 0.0524246 0.0583092 0.0603647 0.0379165 0.0485840 0.0517580 0.0227650 0.0678522 0.0426146 0.0186172 0.0553001 0.0448894 0.0547154 0.0607432 0.0487929 0.0473783 0.0643481 0.0242613 0.0542220 0.0449448 0.0530639 0.0519698 0.0598128 0.0586996 0.0490127 0.0489715 0.0467297 0.0722670 0.0417317 0.0508677 0.0560888 0.0442251 
S0281         0.1507477 0.0624405 0.0211021 0.0544778 0.0000000 0.0586519 0.0577143 0.0620636 0.0512784 0.0617696 0.0804044 0.0619971 0.0636018 0.0778343 0.0597158 0.0599196 0.0553014 0.0637328 0.0703366 0.0580876 0.0634074 0.0550417 0.0585221 0.0585935 0.0680655 0.0560835 0.0251320 0.0540446 0.0636378 0.0574952 0.0546815 0.0594479 0.0638272 0.0750488 0.0669088 0.0572835 0.0588875 0.0579089 0.0610989 0.0524534 0.0664411 0.0598286 0.0557740 0.0273220 0.0610401 0.0878492 0.0730748 0.0635242 0.0649484 0.0599124 0.0579309 0.0246008 0.0593884 0.0215326 0.0257671 0.0563139 0.0284002 0.0586769 0.0684433 0.0589563 0.0521557 0.0477404 0.0514384 0.0539693 0.0602498 0.0574486 0.0630923 0.0588971 0.0765973 0.0397783 0.0857275 0.0728243 0.1022669 0.0769025 0.0599644 0.0586013 0.0900725 0.0236729 0.0946830 0.0515864 0.0635042 0.0690446 0.0704849 0.0648285 0.0682769 0.0946336 0.0549694 0.0708762 0.0538084 0.0554552 0.0564265 0.0577661 0.0586294 0.0490899 0.0576950 0.0754197 0.0611482 0.0621796 0.0573820 0.0653689 0.0669031 0.0547262 0.0526459 0.0558332 0.0514476 0.0612915 0.0616193 0.0588352 0.0485682 0.0569707 0.0614735 0.0661366 0.0267192 0.0541278 0.0393912 0.0607619 0.0592066 0.0471471 0.0548417 0.0491999 0.0604162 0.0627017 0.0543993 0.0566733 0.0598732 0.0539610 0.0636348 0.0614443 0.0632164 0.0463500 0.0472058 0.0718176 0.0406486 0.0526088 0.0576290 0.0476545 
S0282         0.1416322 0.0372359 0.0500616 0.0566349 0.0586519 0.0000000 0.0666493 0.0610940 0.0517462 0.0161558 0.0542944 0.0641081 0.0682421 0.0757584 0.0642471 0.0669866 0.0537838 0.0630464 0.0683103 0.0651254 0.0516503 0.0120495 0.0164920 0.0590729 0.0381901 0.0541492 0.0470865 0.0421506 0.0655097 0.0643965 0.0562761 0.0603148 0.0455393 0.0798534 0.0761958 0.0622985 0.0230691 0.0174621 0.0630723 0.0575895 0.0674687 0.0379408 0.0141866 0.0540740 0.0681146 0.0791362 0.0487438 0.0706591 0.0678690 0.0242907 0.0630759 0.0476088 0.0140620 0.0428962 0.0484108 0.0628109 0.0570428 0.0633595 0.0717255 0.0612103 0.0572699 0.0542324 0.0486839 0.0610613 0.0640074 0.0639396 0.0639564 0.0631317 0.0534962 0.0642458 0.0790555 0.0731126 0.1105167 0.0830053 0.0648514 0.0629016 0.0800167 0.0399436 0.0851073 0.0580831 0.0683650 0.0613003 0.0763109 0.0450140 0.0667766 0.0864408 0.0135009 0.0338118 0.0609463 0.0541563 0.0588086 0.0607129 0.0659894 0.0553815 0.0604835 0.0761997 0.0688245 0.0686734 0.0145168 0.0699271 0.0632202 0.0545859 0.0140339 0.0175898 0.0280449 0.0592855 0.0399466 0.0569809 0.0502772 0.0534213 0.0612593 0.0296289 0.0504427 0.0523915 0.0626026 0.0643004 0.0154235 0.0699260 0.0540048 0.0491730 0.0252409 0.0642311 0.0190298 0.0626776 0.0226666 0.0323104 0.0599052 0.0604977 0.0674718 0.0517830 0.0530528 0.0740392 0.0461465 0.0519352 0.0446005 0.0511197 
S0288         0.1514691 0.0766355 0.0458320 0.0552805 0.0577143 0.0666493 0.0000000 0.0589178 0.0603935 0.0681215 0.0970132 0.0612554 0.0089804 0.0501068 0.0591137 0.0062387 0.0536657 0.0710346 0.0753560 0.0046653 0.0668660 0.0632589 0.0697725 0.0605475 0.0741256 0.0528150 0.0470272 0.0598049 0.0668151 0.0057219 0.0564970 0.0678973 0.0735691 0.0490526 0.0131869 0.0613941 0.0671120 0.0686636 0.0625901 0.0583737 0.0660607 0.0667817 0.0652068 0.0516009 0.0078253 0.0925703 0.0728996 0.0078354 0.0647807 0.0676166 0.0674622 0.0469941 0.0653889 0.0439786 0.0497068 0.0666828 0.0552915 0.0615714 0.0507073 0.0593037 0.0587261 0.0574210 0.0481486 0.0250656 0.0693975 0.0664998 0.0685995 0.0686264 0.0922701 0.0591797 0.0893572 0.0755335 0.0887545 0.0599463 0.0665597 0.0664307 0.0928200 0.0435693 0.0948645 0.0521358 0.0711347 0.0704572 0.0547686 0.0740830 0.0724221 0.0963532 0.0677375 0.0795363 0.0606227 0.0551601 0.0566153 0.0574431 0.0085364 0.0573633 0.0598067 0.0474334 0.0088777 0.0072983 0.0652752 0.0463752 0.0722952 0.0604046 0.0652251 0.0681228 0.0650714 0.0689364 0.0699544 0.0616054 0.0586846 0.0591607 0.0589606 0.0762867 0.0501042 0.0563785 0.0580837 0.0593856 0.0669525 0.0591719 0.0581577 0.0561633 0.0707844 0.0592556 0.0658158 0.0636804 0.0650776 0.0632716 0.0686363 0.0661195 0.0651675 0.0536311 0.0567094 0.0754289 0.0505575 0.0606245 0.0625265 0.0546323 
S0289         0.1450277 0.0673809 0.0417046 0.0232868 0.0620636 0.0610940 0.0589178 0.0000000 0.0557082 0.0642687 0.0898760 0.0270898 0.0685505 0.0783499 0.0222189 0.0640873 0.0174222 0.0683498 0.0663798 0.0635454 0.0676037 0.0564413 0.0604523 0.0264229 0.0650510 0.0191271 0.0458606 0.0542227 0.0324190 0.0635361 0.0355004 0.0594980 0.0672251 0.0758172 0.0666354 0.0250296 0.0626526 0.0621228 0.0309348 0.0393591 0.0525550 0.0626025 0.0612974 0.0509262 0.0653323 0.0859488 0.0763309 0.0678369 0.0609185 0.0642894 0.0522189 0.0463807 0.0588667 0.0423002 0.0465287 0.0641425 0.0538464 0.0438709 0.0714736 0.0443202 0.0384954 0.0512266 0.0171957 0.0601612 0.0608601 0.0634952 0.0631410 0.0612686 0.0894049 0.0623782 0.0832778 0.0747803 0.1011318 0.0751817 0.0629826 0.0622143 0.0856392 0.0391703 0.0895392 0.0406295 0.0713850 0.0716872 0.0773741 0.0683822 0.0700919 0.0908416 0.0580607 0.0765985 0.0599927 0.0209029 0.0437253 0.0449623 0.0627846 0.0367108 0.0298384 0.0746607 0.0672036 0.0658850 0.0570376 0.0696722 0.0660022 0.0545306 0.0558224 0.0606391 0.0557578 0.0617628 0.0625392 0.0417390 0.0525105 0.0562640 0.0252931 0.0718027 0.0480765 0.0197953 0.0606778 0.0489050 0.0596127 0.0679774 0.0517363 0.0518148 0.0665199 0.0305443 0.0586491 0.0476578 0.0570066 0.0534987 0.0661524 0.0638798 0.0518845 0.0522710 0.0500391 0.0798952 0.0484643 0.0559112 0.0566121 0.0476062 
S0292         0.1407619 0.0545559 0.0373721 0.0499990 0.0512784 0.0517462 0.0603935 0.0557082 0.0000000 0.0534228 0.0858164 0.0573795 0.0642824 0.0711414 0.0538010 0.0617619 0.0489156 0.0357607 0.0459441 0.0599474 0.0619166 0.0488405 0.0532980 0.0543746 0.0549344 0.0504718 0.0374918 0.0482282 0.0585716 0.0605101 0.0492038 0.0498993 0.0627726 0.0704447 0.0694667 0.0545059 0.0537758 0.0554726 0.0588281 0.0486724 0.0611013 0.0557730 0.0534627 0.0475622 0.0617116 0.0763074 0.0696067 0.0659131 0.0579027 0.0558740 0.0473418 0.0385306 0.0506272 0.0361488 0.0403441 0.0503243 0.0481461 0.0529806 0.0643209 0.0544977 0.0506188 0.0401739 0.0461744 0.0541987 0.0517479 0.0498376 0.0527510 0.0516057 0.0823454 0.0550034 0.0762206 0.0606445 0.0964240 0.0740539 0.0492533 0.0485563 0.0776823 0.0322313 0.0821658 0.0511946 0.0567605 0.0402343 0.0648872 0.0646914 0.0320843 0.0834784 0.0498515 0.0628538 0.0436915 0.0499241 0.0526517 0.0539463 0.0586756 0.0465210 0.0556123 0.0711907 0.0624165 0.0628566 0.0510841 0.0625770 0.0363412 0.0135368 0.0493261 0.0541483 0.0473821 0.0246591 0.0581977 0.0547199 0.0086713 0.0140255 0.0568877 0.0588659 0.0401944 0.0499632 0.0527886 0.0557360 0.0559310 0.0598822 0.0200681 0.0206258 0.0586314 0.0586750 0.0481555 0.0555538 0.0512733 0.0510925 0.0335137 0.0320221 0.0598026 0.0391718 0.0423378 0.0680831 0.0382484 0.0231834 0.0501425 0.0378199 
S0293         0.1464077 0.0375023 0.0521624 0.0609554 0.0617696 0.0161558 0.0681215 0.0642687 0.0534228 0.0000000 0.0617316 0.0641808 0.0706272 0.0748044 0.0710587 0.0670484 0.0581906 0.0599330 0.0661402 0.0662050 0.0566396 0.0161644 0.0209034 0.0627031 0.0438511 0.0580657 0.0486604 0.0467541 0.0626193 0.0647345 0.0606025 0.0637283 0.0487407 0.0817098 0.0709187 0.0687051 0.0288332 0.0234525 0.0666617 0.0607780 0.0726749 0.0455994 0.0176243 0.0549447 0.0690277 0.0833570 0.0579702 0.0726940 0.0715867 0.0290504 0.0619923 0.0486773 0.0185738 0.0428354 0.0495585 0.0659743 0.0584626 0.0671711 0.0717436 0.0666591 0.0631824 0.0570648 0.0503241 0.0607739 0.0666107 0.0659454 0.0664419 0.0649282 0.0564740 0.0664921 0.0846075 0.0773476 0.0744177 0.0838057 0.0647884 0.0624903 0.0843898 0.0455149 0.0911777 0.0613343 0.0716927 0.0599299 0.0722812 0.0529949 0.0685154 0.0935973 0.0161107 0.0413412 0.0631880 0.0602921 0.0657848 0.0652504 0.0681327 0.0601166 0.0648842 0.0810667 0.0706266 0.0704450 0.0203279 0.0702698 0.0649916 0.0547331 0.0179835 0.0246961 0.0360320 0.0596378 0.0488580 0.0616069 0.0509082 0.0539567 0.0672535 0.0368132 0.0513766 0.0566488 0.0685158 0.0695381 0.0200640 0.0725221 0.0547089 0.0483262 0.0301692 0.0702061 0.0240006 0.0663096 0.0290615 0.0401102 0.0596806 0.0569854 0.0695967 0.0535502 0.0542013 0.0797471 0.0474428 0.0509625 0.0495741 0.0533330 
S0294         0.1768145 0.0665326 0.0793161 0.0876394 0.0804044 0.0542944 0.0970132 0.0898760 0.0858164 0.0617316 0.0000000 0.0941805 0.1011893 0.1031919 0.0960601 0.0994678 0.0871247 0.0958903 0.1014414 0.0973709 0.0822628 0.0491185 0.0535038 0.0900775 0.0689027 0.0860437 0.0737469 0.0744581 0.0925950 0.0981802 0.0835141 0.0918769 0.0834345 0.1100267 0.1032135 0.0936886 0.0558036 0.0544484 0.0901197 0.0885008 0.0972218 0.0686568 0.0501320 0.0821037 0.1000653 0.1035486 0.0816692 0.1028600 0.1010691 0.0579823 0.0966007 0.0768430 0.0538446 0.0698348 0.0771232 0.0925360 0.0842200 0.0942362 0.1041458 0.0882578 0.0870294 0.0843847 0.0790508 0.0881092 0.0928547 0.0918536 0.0946830 0.0906820 0.0453063 0.0915409 0.1064697 0.1005742 0.1382816 0.1119644 0.0955863 0.0939749 0.1045795 0.0701453 0.1093201 0.0884514 0.1000579 0.0996263 0.1027104 0.0758710 0.0971174 0.1100346 0.0512673 0.0633776 0.0888360 0.0859607 0.0880522 0.0896168 0.0976918 0.0842982 0.0922749 0.1030801 0.0996328 0.1008541 0.0507875 0.1021663 0.0964599 0.0889842 0.0491388 0.0542390 0.0564046 0.0898776 0.0719400 0.0937228 0.0843317 0.0870680 0.0946314 0.0605329 0.0799911 0.0875633 0.0885152 0.0922746 0.0542044 0.0984720 0.0863743 0.0793485 0.0595812 0.0964965 0.0552630 0.0923792 0.0577797 0.0616928 0.0910656 0.0937953 0.0944149 0.0809072 0.0826496 0.0978029 0.0740968 0.0843581 0.0749538 0.0822540 
S0299         0.1478069 0.0721615 0.0367313 0.0213438 0.0619971 0.0641081 0.0612554 0.0270898 0.0573795 0.0641808 0.0941805 0.0000000 0.0705409 0.0824402 0.0266242 0.0678744 0.0199312 0.0707565 0.0704350 0.0648434 0.0729686 0.0593833 0.0628543 0.0242717 0.0681568 0.0213314 0.0462675 0.0609644 0.0372797 0.0659909 0.0375009 0.0627981 0.0730118 0.0785578 0.0716889 0.0241121 0.0680552 0.0647923 0.0274428 0.0429788 0.0557362 0.0679149 0.0638924 0.0502793 0.0690085 0.0893132 0.0817844 0.0715708 0.0620272 0.0671554 0.0534969 0.0467922 0.0618309 0.0438786 0.0464057 0.0632589 0.0537764 0.0465058 0.0743430 0.0491198 0.0427268 0.0527458 0.0202005 0.0625375 0.0630239 0.0637544 0.0665017 0.0645959 0.0944848 0.0603477 0.0853923 0.0742197 0.1021952 0.0747717 0.0639588 0.0631818 0.0890101 0.0414586 0.0917256 0.0443233 0.0704776 0.0703303 0.0757066 0.0740972 0.0726950 0.0924552 0.0609542 0.0817807 0.0589201 0.0231868 0.0473129 0.0480169 0.0649652 0.0397518 0.0273454 0.0766621 0.0691340 0.0672152 0.0617090 0.0712930 0.0691179 0.0585783 0.0593135 0.0636760 0.0594078 0.0646832 0.0685787 0.0425516 0.0547500 0.0578265 0.0265643 0.0769268 0.0479675 0.0186893 0.0593197 0.0520201 0.0611072 0.0653602 0.0551385 0.0523084 0.0720577 0.0202308 0.0621953 0.0497690 0.0622884 0.0576006 0.0674839 0.0669181 0.0550819 0.0509179 0.0509964 0.0804906 0.0489533 0.0557753 0.0634293 0.0502183 
S0303         0.1593708 0.0774755 0.0458954 0.0639050 0.0636018 0.0682421 0.0089804 0.0685505 0.0642824 0.0706272 0.1011893 0.0705409 0.0000000 0.0582970 0.0688394 0.0106567 0.0628885 0.0767513 0.0799179 0.0081909 0.0733921 0.0644727 0.0710438 0.0674588 0.0804127 0.0608577 0.0516696 0.0631093 0.0696657 0.0101643 0.0635845 0.0751627 0.0803171 0.0580656 0.0131787 0.0704550 0.0703553 0.0719359 0.0695434 0.0666197 0.0764850 0.0701932 0.0652641 0.0571765 0.0111552 0.1048427 0.0826739 0.0131449 0.0672823 0.0697278 0.0711012 0.0510870 0.0695983 0.0467905 0.0530327 0.0731367 0.0583498 0.0708815 0.0563104 0.0693833 0.0651529 0.0627819 0.0565924 0.0293999 0.0778601 0.0725471 0.0789798 0.0751951 0.1010526 0.0668233 0.1014645 0.0859804 0.0952680 0.0643252 0.0725731 0.0712086 0.1052011 0.0472099 0.1078414 0.0604208 0.0788221 0.0795783 0.0565871 0.0771305 0.0787576 0.1092743 0.0679656 0.0807018 0.0675340 0.0626475 0.0667556 0.0675765 0.0123506 0.0649616 0.0682959 0.0600407 0.0126371 0.0121419 0.0663210 0.0527706 0.0785821 0.0672327 0.0656444 0.0702469 0.0652857 0.0734900 0.0724533 0.0691349 0.0628117 0.0666034 0.0686085 0.0777223 0.0550771 0.0632685 0.0658026 0.0706409 0.0697473 0.0736285 0.0614560 0.0614815 0.0726017 0.0700146 0.0679979 0.0704193 0.0731480 0.0627053 0.0756412 0.0714968 0.0737385 0.0591704 0.0627254 0.0862729 0.0533855 0.0650370 0.0655426 0.0589467 
S0308         0.1607788 0.0859292 0.0611414 0.0755586 0.0778343 0.0757584 0.0501068 0.0783499 0.0711414 0.0748044 0.1031919 0.0824402 0.0582970 0.0000000 0.0831542 0.0530677 0.0702557 0.0853581 0.0776220 0.0512754 0.0821849 0.0737790 0.0786058 0.0753321 0.0753031 0.0706472 0.0633616 0.0742214 0.0696914 0.0536211 0.0751497 0.0807866 0.0833096 0.0716989 0.0522679 0.0810886 0.0790998 0.0802159 0.0795172 0.0750931 0.0844030 0.0818603 0.0757313 0.0685579 0.0535902 0.1010677 0.0869455 0.0547512 0.0686180 0.0791055 0.0746691 0.0616104 0.0757987 0.0529643 0.0648257 0.0837280 0.0703672 0.0790490 0.0643727 0.0766590 0.0729549 0.0704401 0.0670243 0.0488405 0.0814877 0.0824053 0.0833283 0.0794676 0.0998013 0.0802375 0.1002475 0.0865928 0.0990808 0.0745030 0.0817524 0.0814905 0.1012605 0.0534675 0.1074860 0.0670220 0.0868638 0.0794181 0.0682889 0.0859356 0.0860268 0.1063070 0.0760454 0.0885447 0.0790762 0.0742722 0.0758310 0.0772960 0.0517973 0.0722553 0.0786591 0.0694164 0.0548069 0.0553664 0.0718626 0.0620274 0.0836660 0.0730036 0.0730793 0.0796366 0.0702378 0.0825113 0.0799981 0.0804596 0.0709925 0.0735021 0.0836632 0.0849366 0.0651513 0.0701533 0.0798244 0.0804661 0.0773195 0.0836345 0.0674453 0.0680846 0.0826676 0.0819194 0.0723554 0.0769581 0.0807267 0.0756408 0.0818225 0.0793681 0.0842824 0.0704201 0.0697961 0.0872564 0.0626688 0.0709604 0.0743642 0.0677155 
S0320         0.1439867 0.0698507 0.0402528 0.0217388 0.0597158 0.0642471 0.0591137 0.0222189 0.0538010 0.0710587 0.0960601 0.0266242 0.0688394 0.0831542 0.0000000 0.0662353 0.0215517 0.0681755 0.0684937 0.0637998 0.0713458 0.0601059 0.0624415 0.0258658 0.0676981 0.0196828 0.0448407 0.0570704 0.0388029 0.0643735 0.0356401 0.0636211 0.0718035 0.0808010 0.0691857 0.0240309 0.0675711 0.0679260 0.0294302 0.0410548 0.0525657 0.0667180 0.0639415 0.0487993 0.0667711 0.0899334 0.0774483 0.0692979 0.0634983 0.0674993 0.0552584 0.0453607 0.0619981 0.0393274 0.0455272 0.0634653 0.0522640 0.0445180 0.0720779 0.0461372 0.0418800 0.0529285 0.0172440 0.0603067 0.0650272 0.0641008 0.0678875 0.0642589 0.0960762 0.0606167 0.0878966 0.0773558 0.1051942 0.0797801 0.0640779 0.0633052 0.0883652 0.0425114 0.0929539 0.0463162 0.0714092 0.0703612 0.0772067 0.0722198 0.0694613 0.0943156 0.0617406 0.0750085 0.0595344 0.0204146 0.0443585 0.0456019 0.0672905 0.0383903 0.0277335 0.0801938 0.0674748 0.0661498 0.0630271 0.0702748 0.0670149 0.0567673 0.0577496 0.0649689 0.0582682 0.0604463 0.0669008 0.0418278 0.0529991 0.0572630 0.0238093 0.0714612 0.0470766 0.0223591 0.0595446 0.0489456 0.0610105 0.0654878 0.0516629 0.0517282 0.0715538 0.0311303 0.0617661 0.0499927 0.0605944 0.0566208 0.0661259 0.0651292 0.0536721 0.0534459 0.0511896 0.0785891 0.0485885 0.0558166 0.0613312 0.0504161 
S0322         0.1538534 0.0766942 0.0458294 0.0608172 0.0599196 0.0669866 0.0062387 0.0640873 0.0617619 0.0670484 0.0994678 0.0678744 0.0106567 0.0530677 0.0662353 0.0000000 0.0593907 0.0722150 0.0771242 0.0052209 0.0726031 0.0632662 0.0697572 0.0635165 0.0744771 0.0561441 0.0466442 0.0607432 0.0650714 0.0052277 0.0598815 0.0693137 0.0758605 0.0522937 0.0138677 0.0653471 0.0678884 0.0706037 0.0663496 0.0623377 0.0713379 0.0701391 0.0656504 0.0536724 0.0076373 0.0990186 0.0776108 0.0090964 0.0633320 0.0666762 0.0654946 0.0449963 0.0683246 0.0438452 0.0479533 0.0705157 0.0559358 0.0664653 0.0511311 0.0650184 0.0614640 0.0585318 0.0546800 0.0249081 0.0719198 0.0692901 0.0730548 0.0693800 0.0935410 0.0613644 0.0973897 0.0807157 0.0910048 0.0606092 0.0705418 0.0691658 0.1006118 0.0409524 0.1044636 0.0629223 0.0760434 0.0749595 0.0547849 0.0763341 0.0759809 0.1045917 0.0667178 0.0805539 0.0655061 0.0589877 0.0624626 0.0632525 0.0065967 0.0607097 0.0650799 0.0553641 0.0095712 0.0081192 0.0662668 0.0476864 0.0752088 0.0635177 0.0644245 0.0701322 0.0634237 0.0702211 0.0711800 0.0647532 0.0608730 0.0629032 0.0660246 0.0763807 0.0488742 0.0582549 0.0603578 0.0668322 0.0682528 0.0679824 0.0575496 0.0573037 0.0706765 0.0650683 0.0649965 0.0671913 0.0723903 0.0632954 0.0711558 0.0671001 0.0704581 0.0561825 0.0584801 0.0802733 0.0516150 0.0607786 0.0625529 0.0559464 
S0327         0.1399578 0.0545368 0.0304405 0.0168672 0.0553014 0.0537838 0.0536657 0.0174222 0.0489156 0.0581906 0.0871247 0.0199312 0.0628885 0.0702557 0.0215517 0.0593907 0.0000000 0.0584363 0.0579296 0.0579547 0.0618962 0.0498675 0.0530647 0.0218193 0.0601584 0.0128385 0.0379210 0.0510177 0.0307616 0.0572368 0.0295173 0.0532311 0.0592000 0.0726765 0.0553998 0.0200053 0.0588625 0.0575577 0.0238087 0.0331241 0.0479709 0.0566861 0.0543354 0.0448603 0.0599158 0.0824289 0.0717778 0.0641397 0.0580073 0.0591375 0.0419735 0.0391282 0.0538899 0.0350263 0.0386726 0.0550077 0.0474827 0.0395321 0.0613957 0.0412809 0.0339286 0.0423928 0.0105152 0.0535156 0.0533533 0.0549819 0.0551903 0.0538546 0.0866122 0.0550036 0.0808702 0.0713228 0.0570792 0.0704907 0.0556113 0.0528057 0.0834581 0.0353810 0.0849806 0.0348225 0.0630576 0.0613833 0.0638560 0.0587010 0.0657801 0.0880454 0.0523916 0.0712785 0.0538271 0.0141976 0.0405962 0.0400661 0.0587162 0.0319430 0.0235755 0.0739462 0.0620826 0.0606029 0.0524551 0.0593313 0.0592288 0.0501798 0.0492003 0.0546395 0.0525300 0.0576473 0.0560206 0.0370252 0.0471925 0.0507177 0.0192086 0.0664916 0.0410479 0.0170190 0.0562528 0.0444426 0.0513938 0.0585792 0.0450548 0.0425886 0.0577354 0.0256969 0.0510485 0.0412387 0.0538159 0.0504488 0.0555237 0.0549674 0.0472336 0.0431800 0.0397974 0.0770221 0.0427135 0.0471953 0.0543382 0.0390102 
S0335         0.1494750 0.0648429 0.0462144 0.0618210 0.0637328 0.0630464 0.0710346 0.0683498 0.0357607 0.0599330 0.0958903 0.0707565 0.0767513 0.0853581 0.0681755 0.0722150 0.0584363 0.0000000 0.0488146 0.0703243 0.0748336 0.0605887 0.0646278 0.0666260 0.0663365 0.0628456 0.0487140 0.0610638 0.0692301 0.0709047 0.0596383 0.0599041 0.0715455 0.0817924 0.0830283 0.0677466 0.0645197 0.0660148 0.0714821 0.0615529 0.0753149 0.0660584 0.0631803 0.0574360 0.0727693 0.0930368 0.0817129 0.0759306 0.0704766 0.0661801 0.0533976 0.0497817 0.0618881 0.0490449 0.0511076 0.0609272 0.0591761 0.0674450 0.0726758 0.0670397 0.0618976 0.0498233 0.0595750 0.0638832 0.0630228 0.0579279 0.0641609 0.0617235 0.0843340 0.0671197 0.0930195 0.0758021 0.1060414 0.0835014 0.0592691 0.0579657 0.0939573 0.0417322 0.0986071 0.0548314 0.0639160 0.0487376 0.0763576 0.0747136 0.0513577 0.0978646 0.0604742 0.0744877 0.0563310 0.0618427 0.0650864 0.0652899 0.0678629 0.0580825 0.0696501 0.0832581 0.0727314 0.0727377 0.0611945 0.0716192 0.0406826 0.0394965 0.0593160 0.0643847 0.0553401 0.0445512 0.0698671 0.0686692 0.0336869 0.0394704 0.0695606 0.0704591 0.0520830 0.0586937 0.0648247 0.0683494 0.0645506 0.0728504 0.0411337 0.0337461 0.0689141 0.0708388 0.0609791 0.0699220 0.0648730 0.0609706 0.0367560 0.0159913 0.0719735 0.0492428 0.0520884 0.0778305 0.0489508 0.0359007 0.0648494 0.0468505 
S0345         0.1505820 0.0740897 0.0554442 0.0634951 0.0703366 0.0683103 0.0753560 0.0663798 0.0459441 0.0661402 0.1014414 0.0704350 0.0799179 0.0776220 0.0684937 0.0771242 0.0579296 0.0488146 0.0000000 0.0763814 0.0815516 0.0666907 0.0682550 0.0651105 0.0753411 0.0604504 0.0579450 0.0670640 0.0722660 0.0764587 0.0689115 0.0676254 0.0775473 0.0901738 0.0871171 0.0680292 0.0689422 0.0709237 0.0723885 0.0679237 0.0805333 0.0715064 0.0696243 0.0665977 0.0788187 0.0925408 0.0839742 0.0779434 0.0791218 0.0685791 0.0664804 0.0601009 0.0626634 0.0557054 0.0589679 0.0688474 0.0681614 0.0699669 0.0794888 0.0718553 0.0704532 0.0628252 0.0603049 0.0728353 0.0692012 0.0673103 0.0698524 0.0698402 0.0878048 0.0720664 0.0911087 0.0745067 0.1168421 0.0904413 0.0681713 0.0672996 0.0936295 0.0520052 0.0955466 0.0655283 0.0765235 0.0535356 0.0836669 0.0837600 0.0572269 0.0971324 0.0650116 0.0780651 0.0635088 0.0626283 0.0687230 0.0696546 0.0758603 0.0658890 0.0718815 0.0903018 0.0764250 0.0794734 0.0652116 0.0762680 0.0318229 0.0474018 0.0673671 0.0691931 0.0640840 0.0504558 0.0756969 0.0688799 0.0424208 0.0466164 0.0681398 0.0733604 0.0609671 0.0589224 0.0720542 0.0713379 0.0680247 0.0712807 0.0437677 0.0360342 0.0756832 0.0706949 0.0688676 0.0752319 0.0658881 0.0676205 0.0269642 0.0465961 0.0758633 0.0618934 0.0649756 0.0869134 0.0574920 0.0373966 0.0753328 0.0562043 
S0355         0.1504024 0.0747694 0.0457460 0.0590030 0.0580876 0.0651254 0.0046653 0.0635454 0.0599474 0.0662050 0.0973709 0.0648434 0.0081909 0.0512754 0.0637998 0.0052209 0.0579547 0.0703243 0.0763814 0.0000000 0.0706996 0.0614333 0.0678833 0.0621666 0.0749451 0.0554774 0.0460316 0.0594934 0.0668046 0.0047427 0.0587593 0.0687633 0.0751169 0.0516388 0.0118265 0.0647661 0.0671799 0.0674865 0.0645086 0.0605196 0.0700398 0.0682536 0.0642511 0.0519104 0.0061827 0.0981926 0.0786716 0.0076322 0.0609984 0.0659666 0.0640444 0.0454669 0.0664512 0.0425803 0.0473343 0.0686332 0.0541598 0.0645906 0.0499359 0.0631747 0.0590663 0.0567146 0.0527301 0.0233260 0.0713655 0.0674153 0.0724999 0.0688290 0.0944029 0.0595475 0.0968096 0.0787702 0.0871650 0.0576262 0.0686587 0.0672958 0.0985215 0.0414951 0.1023508 0.0619117 0.0729206 0.0718685 0.0518668 0.0731984 0.0728877 0.1024760 0.0648651 0.0773805 0.0636618 0.0571714 0.0606406 0.0614201 0.0065858 0.0577528 0.0632189 0.0535917 0.0081059 0.0057031 0.0644133 0.0465090 0.0721028 0.0616918 0.0625845 0.0670851 0.0609792 0.0683477 0.0681052 0.0628874 0.0590566 0.0610821 0.0641789 0.0732427 0.0482546 0.0581299 0.0585430 0.0649760 0.0668495 0.0661197 0.0561974 0.0555127 0.0687892 0.0632231 0.0631533 0.0653384 0.0699027 0.0614615 0.0692825 0.0652500 0.0674190 0.0532833 0.0566647 0.0771187 0.0487582 0.0589653 0.0618738 0.0541533 
S0376         0.1548844 0.0563404 0.0456326 0.0664869 0.0634074 0.0516503 0.0668660 0.0676037 0.0619166 0.0566396 0.0822628 0.0729686 0.0733921 0.0821849 0.0713458 0.0726031 0.0618962 0.0748336 0.0815516 0.0706996 0.0000000 0.0480671 0.0514446 0.0690875 0.0564174 0.0637265 0.0547480 0.0248806 0.0693346 0.0706893 0.0680247 0.0652013 0.0591548 0.0840601 0.0765879 0.0717610 0.0536913 0.0553281 0.0732150 0.0680610 0.0777941 0.0487367 0.0533014 0.0625126 0.0730731 0.0851884 0.0647900 0.0755771 0.0727111 0.0521792 0.0650901 0.0541566 0.0534667 0.0518966 0.0560630 0.0670525 0.0650269 0.0748540 0.0763920 0.0708055 0.0678762 0.0609626 0.0618493 0.0649036 0.0677914 0.0678069 0.0694368 0.0675986 0.0823367 0.0681478 0.0811316 0.0811345 0.1112833 0.0913254 0.0676851 0.0650658 0.0873520 0.0463733 0.0900300 0.0641402 0.0764003 0.0756748 0.0792551 0.0629200 0.0780832 0.0925900 0.0514227 0.0654456 0.0656743 0.0651889 0.0688039 0.0702258 0.0693822 0.0663935 0.0714427 0.0816201 0.0732969 0.0743142 0.0504009 0.0739675 0.0792385 0.0641602 0.0480295 0.0516804 0.0462698 0.0667833 0.0576083 0.0735101 0.0591606 0.0629671 0.0709970 0.0601854 0.0581721 0.0588380 0.0646085 0.0715191 0.0527157 0.0725858 0.0621670 0.0585572 0.0543992 0.0747854 0.0491160 0.0700536 0.0533165 0.0468654 0.0745169 0.0727370 0.0758958 0.0583404 0.0597254 0.0802215 0.0521643 0.0627306 0.0285952 0.0601636 
S0400         0.1435990 0.0344326 0.0470733 0.0525872 0.0550417 0.0120495 0.0632589 0.0564413 0.0488405 0.0161644 0.0491185 0.0593833 0.0644727 0.0737790 0.0601059 0.0632662 0.0498675 0.0605887 0.0666907 0.0614333 0.0480671 0.0000000 0.0130074 0.0558602 0.0353335 0.0501431 0.0431421 0.0376823 0.0612268 0.0614243 0.0516465 0.0578733 0.0456076 0.0748521 0.0719460 0.0581541 0.0194926 0.0148821 0.0589843 0.0540466 0.0638101 0.0356860 0.0072690 0.0494696 0.0643828 0.0747072 0.0486131 0.0674578 0.0662421 0.0206700 0.0623601 0.0436602 0.0120778 0.0392425 0.0444335 0.0597971 0.0535229 0.0596905 0.0668121 0.0570768 0.0537263 0.0501286 0.0449889 0.0568825 0.0615289 0.0603477 0.0632313 0.0606706 0.0483414 0.0599595 0.0765527 0.0693998 0.1073856 0.0777184 0.0617970 0.0598745 0.0749608 0.0361694 0.0805814 0.0547137 0.0670210 0.0625371 0.0719279 0.0438962 0.0631287 0.0818938 0.0100569 0.0290194 0.0573914 0.0501087 0.0563960 0.0571438 0.0610961 0.0518589 0.0570338 0.0706797 0.0650779 0.0637668 0.0110540 0.0650398 0.0619019 0.0522132 0.0100843 0.0145679 0.0253693 0.0557452 0.0399230 0.0533995 0.0479311 0.0510593 0.0565026 0.0259234 0.0453642 0.0495790 0.0577646 0.0618550 0.0143144 0.0655383 0.0521189 0.0463024 0.0216195 0.0600960 0.0165029 0.0603582 0.0180777 0.0306743 0.0580386 0.0580693 0.0638132 0.0483295 0.0495444 0.0691344 0.0427575 0.0490419 0.0400705 0.0470740 
S0405         0.1458386 0.0360580 0.0492385 0.0565660 0.0585221 0.0164920 0.0697725 0.0604523 0.0532980 0.0209034 0.0535038 0.0628543 0.0710438 0.0786058 0.0624415 0.0697572 0.0530647 0.0646278 0.0682550 0.0678833 0.0514446 0.0130074 0.0000000 0.0596267 0.0386776 0.0540836 0.0458088 0.0409589 0.0637909 0.0678734 0.0555896 0.0613127 0.0489181 0.0784413 0.0769198 0.0628642 0.0230212 0.0163974 0.0630012 0.0591557 0.0685147 0.0405474 0.0141577 0.0528393 0.0696871 0.0795444 0.0502754 0.0740308 0.0708619 0.0237259 0.0649953 0.0469570 0.0165310 0.0422248 0.0471185 0.0632313 0.0557907 0.0649612 0.0721498 0.0622412 0.0588534 0.0529709 0.0492522 0.0620766 0.0650085 0.0637850 0.0679116 0.0641286 0.0518675 0.0635246 0.0802124 0.0735644 0.1081034 0.0834074 0.0641101 0.0621381 0.0792200 0.0404968 0.0855096 0.0588150 0.0693371 0.0660199 0.0731271 0.0466313 0.0683334 0.0868418 0.0134776 0.0337398 0.0602416 0.0547119 0.0615415 0.0623150 0.0678796 0.0569459 0.0593563 0.0716646 0.0716063 0.0714490 0.0115350 0.0703532 0.0647830 0.0550229 0.0120461 0.0160471 0.0274703 0.0585658 0.0426213 0.0562972 0.0507160 0.0549757 0.0617664 0.0306075 0.0497799 0.0537514 0.0624223 0.0647566 0.0181083 0.0691798 0.0571493 0.0490396 0.0256819 0.0629850 0.0189966 0.0655525 0.0226194 0.0328305 0.0608755 0.0620696 0.0690941 0.0516593 0.0523813 0.0720731 0.0465915 0.0507085 0.0433887 0.0504199 
S0407sl       0.1421272 0.0682807 0.0371094 0.0225017 0.0585935 0.0590729 0.0605475 0.0264229 0.0543746 0.0627031 0.0900775 0.0242717 0.0674588 0.0753321 0.0258658 0.0635165 0.0218193 0.0666260 0.0651105 0.0621666 0.0690875 0.0558602 0.0596267 0.0000000 0.0638452 0.0213625 0.0414212 0.0582823 0.0331554 0.0621569 0.0328654 0.0591387 0.0682999 0.0721439 0.0654857 0.0263446 0.0639068 0.0628139 0.0320019 0.0368741 0.0536122 0.0585691 0.0603719 0.0468586 0.0654095 0.0837222 0.0722935 0.0673621 0.0623167 0.0649952 0.0551103 0.0437216 0.0559681 0.0377518 0.0445297 0.0577527 0.0493818 0.0424022 0.0672390 0.0459275 0.0399992 0.0494733 0.0170801 0.0572743 0.0605762 0.0607770 0.0604313 0.0629336 0.0894997 0.0586381 0.0820066 0.0682580 0.1056740 0.0706893 0.0596545 0.0595113 0.0833047 0.0397955 0.0867917 0.0352892 0.0666624 0.0680447 0.0749748 0.0707775 0.0672651 0.0875868 0.0582877 0.0754453 0.0577528 0.0213255 0.0440314 0.0447332 0.0640019 0.0358435 0.0307304 0.0670218 0.0629183 0.0640068 0.0577469 0.0667259 0.0642052 0.0550036 0.0558630 0.0610944 0.0581592 0.0614875 0.0657008 0.0382458 0.0514767 0.0543353 0.0264112 0.0703527 0.0456013 0.0087781 0.0581716 0.0490538 0.0580907 0.0574123 0.0515676 0.0488171 0.0681262 0.0298445 0.0587858 0.0464663 0.0544935 0.0551805 0.0607102 0.0632054 0.0516819 0.0488453 0.0481867 0.0746710 0.0452906 0.0538416 0.0596818 0.0468187 
S0412sl       0.1445876 0.0465991 0.0543748 0.0632984 0.0680655 0.0381901 0.0741256 0.0650510 0.0549344 0.0438511 0.0689027 0.0681568 0.0804127 0.0753031 0.0676981 0.0744771 0.0601584 0.0663365 0.0753411 0.0749451 0.0564174 0.0353335 0.0386776 0.0638452 0.0000000 0.0588385 0.0523734 0.0458117 0.0665892 0.0736006 0.0604919 0.0684114 0.0524360 0.0872042 0.0757086 0.0675257 0.0414217 0.0416346 0.0684420 0.0636230 0.0729765 0.0459361 0.0379350 0.0604766 0.0775103 0.0819326 0.0515784 0.0796239 0.0731623 0.0423466 0.0634436 0.0529577 0.0400354 0.0507974 0.0549928 0.0698410 0.0625047 0.0695518 0.0738043 0.0644067 0.0632568 0.0549162 0.0550705 0.0661273 0.0698228 0.0693186 0.0709865 0.0689993 0.0693348 0.0726027 0.0890476 0.0779821 0.0984012 0.0904423 0.0682253 0.0667266 0.0821976 0.0464051 0.0881916 0.0597348 0.0738148 0.0662927 0.0793093 0.0531236 0.0676131 0.0904429 0.0363771 0.0514333 0.0687347 0.0607666 0.0643103 0.0657693 0.0727749 0.0618284 0.0655414 0.0825464 0.0777200 0.0787973 0.0381607 0.0724916 0.0696282 0.0572030 0.0363992 0.0417622 0.0366133 0.0629406 0.0471598 0.0651783 0.0544868 0.0566597 0.0689717 0.0461087 0.0565945 0.0590300 0.0715575 0.0669243 0.0418121 0.0788345 0.0583942 0.0550947 0.0456912 0.0683209 0.0358122 0.0686580 0.0422973 0.0416915 0.0693934 0.0654783 0.0697742 0.0573104 0.0518171 0.0741762 0.0507606 0.0576213 0.0460202 0.0552500 
S0417         0.1349307 0.0625646 0.0351870 0.0176401 0.0560835 0.0541492 0.0528150 0.0191271 0.0504718 0.0580657 0.0860437 0.0213314 0.0608577 0.0706472 0.0196828 0.0561441 0.0128385 0.0628456 0.0604504 0.0554774 0.0637265 0.0501431 0.0540836 0.0213625 0.0588385 0.0000000 0.0397329 0.0517819 0.0271177 0.0554693 0.0291146 0.0565833 0.0615302 0.0708833 0.0578388 0.0198177 0.0568275 0.0568268 0.0241495 0.0317336 0.0456708 0.0571985 0.0512659 0.0447764 0.0578091 0.0798008 0.0723763 0.0596525 0.0574538 0.0583863 0.0456484 0.0402463 0.0525326 0.0338417 0.0403734 0.0587479 0.0476096 0.0366205 0.0641619 0.0393490 0.0314097 0.0448882 0.0084778 0.0519881 0.0568042 0.0581165 0.0601896 0.0560712 0.0807070 0.0575251 0.0758184 0.0668917 0.0985072 0.0732272 0.0576070 0.0568660 0.0794772 0.0348596 0.0833109 0.0333777 0.0652731 0.0655575 0.0694395 0.0625628 0.0641368 0.0845960 0.0517437 0.0710793 0.0541758 0.0112356 0.0376286 0.0382811 0.0569830 0.0296683 0.0240049 0.0691824 0.0590384 0.0577646 0.0529731 0.0618371 0.0618063 0.0521557 0.0495388 0.0542488 0.0511555 0.0575296 0.0578256 0.0339513 0.0484275 0.0527008 0.0196511 0.0663524 0.0413694 0.0167399 0.0552951 0.0426818 0.0539748 0.0624480 0.0492969 0.0460711 0.0617779 0.0237321 0.0522959 0.0397354 0.0541003 0.0489507 0.0602628 0.0591510 0.0455604 0.0460109 0.0437308 0.0723289 0.0417137 0.0500796 0.0547140 0.0424702 
S0419         0.1340148 0.0517881 0.0056393 0.0404112 0.0251320 0.0470865 0.0470272 0.0458606 0.0374918 0.0486604 0.0737469 0.0462675 0.0516696 0.0633616 0.0448407 0.0466442 0.0379210 0.0487140 0.0579450 0.0460316 0.0547480 0.0431421 0.0458088 0.0414212 0.0523734 0.0397329 0.0000000 0.0426336 0.0458537 0.0454743 0.0390622 0.0466532 0.0574436 0.0614096 0.0514982 0.0435030 0.0485543 0.0489397 0.0467329 0.0395787 0.0516906 0.0482438 0.0447165 0.0175831 0.0477082 0.0760137 0.0606288 0.0494646 0.0506067 0.0500218 0.0455904 0.0057010 0.0472049 0.0047079 0.0062015 0.0436650 0.0196068 0.0430484 0.0561437 0.0436420 0.0403427 0.0347675 0.0350548 0.0382380 0.0479290 0.0459781 0.0501143 0.0477976 0.0686193 0.0273824 0.0745271 0.0594445 0.0909269 0.0599895 0.0465868 0.0453404 0.0768715 0.0043674 0.0818474 0.0371137 0.0517098 0.0534530 0.0598935 0.0558169 0.0527916 0.0831535 0.0430730 0.0604491 0.0425785 0.0396352 0.0423893 0.0436114 0.0435732 0.0364254 0.0457684 0.0609636 0.0488793 0.0487870 0.0453527 0.0544426 0.0521536 0.0385941 0.0414389 0.0483357 0.0412245 0.0447160 0.0516741 0.0436915 0.0355058 0.0391008 0.0464447 0.0564882 0.0085976 0.0371082 0.0264322 0.0464156 0.0483065 0.0332934 0.0412593 0.0344768 0.0510954 0.0481446 0.0441880 0.0451323 0.0499230 0.0414843 0.0474933 0.0457702 0.0498232 0.0343811 0.0352835 0.0594331 0.0269259 0.0377153 0.0461096 0.0330035 
S0427         0.1472968 0.0460802 0.0404740 0.0530178 0.0540446 0.0421506 0.0598049 0.0542227 0.0482282 0.0467541 0.0744581 0.0609644 0.0631093 0.0742214 0.0570704 0.0607432 0.0510177 0.0610638 0.0670640 0.0594934 0.0248806 0.0376823 0.0409589 0.0582823 0.0458117 0.0517819 0.0426336 0.0000000 0.0610631 0.0589226 0.0540519 0.0540323 0.0501213 0.0741366 0.0658900 0.0593055 0.0430767 0.0449246 0.0606422 0.0534348 0.0632681 0.0416747 0.0430701 0.0506159 0.0618506 0.0800539 0.0515003 0.0642954 0.0653213 0.0415196 0.0546321 0.0431517 0.0411579 0.0392341 0.0438827 0.0541945 0.0518749 0.0596516 0.0660075 0.0583398 0.0525379 0.0465391 0.0474013 0.0532459 0.0559213 0.0579619 0.0587457 0.0557662 0.0701115 0.0535027 0.0760552 0.0736145 0.1024661 0.0810059 0.0548672 0.0530167 0.0821741 0.0349242 0.0860224 0.0538198 0.0637691 0.0641543 0.0675324 0.0513935 0.0654819 0.0873513 0.0392751 0.0542653 0.0557388 0.0529631 0.0564522 0.0577793 0.0574933 0.0518256 0.0587763 0.0700345 0.0613962 0.0623996 0.0393587 0.0630687 0.0646775 0.0522463 0.0376783 0.0400318 0.0367625 0.0564471 0.0473971 0.0602479 0.0479613 0.0504563 0.0587544 0.0503428 0.0459444 0.0521545 0.0507657 0.0607498 0.0459397 0.0589415 0.0501233 0.0461930 0.0443233 0.0635212 0.0370804 0.0575954 0.0421407 0.0371414 0.0603576 0.0585434 0.0631826 0.0459599 0.0459641 0.0689657 0.0416867 0.0495679 0.0185958 0.0469941 
S0428sl       0.1583702 0.0624277 0.0301101 0.0332995 0.0636378 0.0655097 0.0668151 0.0324190 0.0585716 0.0626193 0.0925950 0.0372797 0.0696657 0.0696914 0.0388029 0.0650714 0.0307616 0.0692301 0.0722660 0.0668046 0.0693346 0.0612268 0.0637909 0.0331554 0.0665892 0.0271177 0.0458537 0.0610631 0.0000000 0.0642493 0.0421495 0.0560235 0.0674359 0.0843283 0.0699886 0.0363980 0.0644885 0.0525874 0.0426126 0.0459938 0.0574344 0.0621884 0.0653878 0.0533015 0.0684957 0.0823511 0.0772948 0.0685160 0.0691003 0.0638321 0.0549508 0.0474004 0.0630784 0.0434896 0.0469608 0.0603841 0.0542886 0.0499286 0.0696333 0.0485863 0.0485963 0.0533843 0.0277367 0.0619420 0.0543396 0.0602006 0.0549984 0.0560227 0.0706413 0.0611678 0.0779722 0.0700912 0.0718564 0.0795532 0.0584869 0.0558140 0.0853887 0.0441619 0.0863913 0.0454162 0.0677481 0.0682407 0.0735366 0.0719510 0.0707727 0.0884682 0.0628385 0.0786258 0.0639625 0.0316816 0.0477519 0.0479012 0.0675439 0.0453455 0.0417130 0.0785929 0.0660409 0.0676212 0.0629391 0.0659429 0.0650746 0.0602493 0.0638513 0.0674742 0.0637113 0.0656871 0.0651385 0.0460102 0.0544419 0.0601244 0.0340899 0.0697552 0.0483137 0.0175173 0.0593917 0.0494640 0.0673551 0.0577395 0.0597705 0.0528782 0.0690300 0.0373852 0.0628080 0.0543040 0.0593981 0.0543009 0.0638444 0.0655212 0.0548346 0.0500383 0.0490758 0.0785137 0.0462846 0.0571908 0.0637356 0.0480273 
