48
S0055       0.0000000 0.1250387 0.1388971 0.1887621 0.1429334 0.1504118 0.2176616 0.3831874 0.2300757 0.1306921 0.3599373 0.1423279 0.3297905 0.2080668 0.1206215 0.1324401 0.2899717 0.2656254 0.2723650 0.3568707 0.3660408 0.2386538 0.1105227 0.3212765 0.1307426 0.0580118 0.1416852 0.2876015 0.0878381 0.0641200 0.0612890 0.1091469 0.3449962 0.0696854 0.1416852 0.2661508 0.3669121 0.3298074 0.1040679 0.4078514 0.0975062 0.1398853 0.2390578 0.2862480 0.2444444 0.2349522 0.1920348 0.2574834 
S0282       0.1250387 0.0000000 0.0000024 0.0822883 0.0000023 0.0075175 0.2058380 0.2098503 0.2056596 0.0614330 0.2065812 0.0036858 0.2113973 0.1341133 0.0352612 0.0075748 0.1397153 0.1885186 0.1483992 0.2315016 0.2451017 0.1085250 0.0893246 0.1724340 0.0036770 0.1107428 0.0036770 0.2550973 0.0000024 0.0166617 0.0914039 0.0681800 0.1834032 0.1000192 0.0036770 0.1949904 0.1819900 0.1654010 0.0412425 0.2064894 0.0439089 0.0579476 0.0977053 0.2476127 0.1429329 0.1605989 0.1804263 0.1856951 
S0293       0.1388971 0.0000024 0.0000000 0.0774664 0.0000010 0.0097311 0.2433721 0.1955208 0.2597948 0.0709454 0.2114334 0.0000010 0.2190536 0.1356812 0.0464067 0.0048852 0.1498926 0.2428548 0.1475324 0.2464237 0.2367433 0.1139282 0.0918727 0.1911078 0.0000010 0.1203775 0.0047600 0.2649693 0.0000021 0.0215936 0.0796007 0.0649278 0.1865594 0.1221376 0.0047600 0.2354136 0.2160418 0.1700727 0.0536792 0.2217798 0.0407074 0.0585840 0.1049106 0.2509161 0.1315193 0.1509417 0.2847759 0.1942552 
S0294       0.1887621 0.0822883 0.0774664 0.0000000 0.0876148 0.0892900 0.2347934 0.3037572 0.3188169 0.1318686 0.2849883 0.0872876 0.2682203 0.1896449 0.0832359 0.1011027 0.2345082 0.3184889 0.2049988 0.2910215 0.3065454 0.1839682 0.1539867 0.2690353 0.0869715 0.1808512 0.0869715 0.3630174 0.0724747 0.0722680 0.1416730 0.1219850 0.2813585 0.1594771 0.0869715 0.3275624 0.2930407 0.2666655 0.0920175 0.2915271 0.0997000 0.1153993 0.1740290 0.3373761 0.2171305 0.2408663 0.2912061 0.2775599 
S0400       0.1429334 0.0000023 0.0000010 0.0876148 0.0000000 0.0108633 0.2341903 0.2204489 0.2252591 0.0735675 0.2170945 0.0071068 0.2415246 0.1450935 0.0376698 0.0149524 0.1610787 0.2249130 0.1695959 0.2628016 0.2772615 0.1286186 0.0953753 0.1850013 0.0070903 0.1273026 0.0070903 0.2756953 0.0036969 0.0200847 0.0974662 0.0694087 0.1941543 0.1165678 0.0070903 0.2319480 0.2031469 0.1687179 0.0435309 0.2247014 0.0501753 0.0642501 0.1031107 0.2674992 0.1635059 0.1725939 0.2188742 0.1976968 
S0405       0.1504118 0.0075175 0.0097311 0.0892900 0.0108633 0.0000000 0.2349868 0.2356711 0.2182170 0.0789745 0.2320302 0.0108275 0.2520793 0.1527160 0.0421025 0.0189968 0.1751879 0.2346115 0.1775888 0.2740424 0.2889848 0.1414256 0.1064403 0.1929801 0.0108015 0.1341610 0.0108015 0.2870728 0.0075141 0.0245207 0.1037272 0.0792712 0.2024624 0.1231802 0.0108015 0.2418686 0.2117478 0.1763879 0.0482916 0.2402565 0.0549163 0.0694171 0.1141494 0.2783093 0.1771373 0.1805782 0.2122609 0.2062702 
S0412sl     0.2176616 0.2058380 0.2433721 0.2347934 0.2341903 0.2349868 0.0000000 0.5089584 0.3399254 0.2338471 0.4735455 0.2329964 0.4498288 0.1773675 0.2291370 0.2309937 0.4018028 0.4166332 0.2878653 0.4863051 0.4983123 0.3141368 0.2468483 0.3894116 0.2176346 0.1712602 0.2316856 0.3298023 0.1501395 0.1429482 0.2194470 0.2122724 0.3890274 0.1412793 0.2316856 0.4118361 0.4498920 0.3603011 0.2262640 0.5345300 0.2200768 0.1903304 0.2708421 0.3899546 0.3119459 0.2862460 0.2737447 0.3290119 
S0417       0.3831874 0.2098503 0.1955208 0.3037572 0.2204489 0.2356711 0.5089584 0.0000000 0.3313669 0.2605404 0.0285101 0.2255062 0.2097661 0.2683111 0.2071350 0.2393655 0.1773892 0.2542178 0.1905999 0.2086605 0.2318591 0.1428709 0.2634045 0.1303803 0.2243979 0.3670629 0.2204065 0.2847486 0.2113375 0.2371680 0.3015089 0.2626122 0.1300812 0.3708793 0.2243979 0.2380474 0.1261710 0.1470255 0.2246476 0.0216522 0.2756414 0.2914202 0.1473301 0.2241016 0.1600247 0.1927471 0.3124145 0.1604277 
S0427       0.2300757 0.2056596 0.2597948 0.3188169 0.2252591 0.2182170 0.3399254 0.3313669 0.0000000 0.2300722 0.3573897 0.2241247 0.3941065 0.2153815 0.2274498 0.2250776 0.2644758 0.3540706 0.2181337 0.4063618 0.4269966 0.2335429 0.2459444 0.2530403 0.2228774 0.2097889 0.2228774 0.1995872 0.1902139 0.2192699 0.2187692 0.2268596 0.3093754 0.2143940 0.2228774 0.3458643 0.2837695 0.2594196 0.2306744 0.3715685 0.2318067 0.2439827 0.2258757 0.2255902 0.2403313 0.2626590 0.1007810 0.2534745 
S0641       0.1306921 0.0614330 0.0709454 0.1318686 0.0735675 0.0789745 0.2338471 0.2605404 0.2300722 0.0000000 0.2565501 0.0732972 0.2609206 0.1467938 0.0601186 0.0860951 0.2189293 0.2245851 0.1951117 0.2829223 0.2900208 0.1758426 0.0912458 0.2268411 0.0641773 0.1011056 0.0730455 0.2287455 0.0490241 0.0564134 0.0632340 0.0707110 0.2412609 0.0959119 0.0730455 0.2314247 0.2453340 0.2401324 0.0489676 0.2655168 0.0747645 0.0806012 0.1511626 0.2382223 0.2069324 0.1999597 0.2082789 0.2206236 
S0645sl     0.3599373 0.2065812 0.2114334 0.2849883 0.2170945 0.2320302 0.4735455 0.0285101 0.3573897 0.2565501 0.0000000 0.2220784 0.2244557 0.2627218 0.2040268 0.2468599 0.1631533 0.2435326 0.1648352 0.2236385 0.2476818 0.1299020 0.2642913 0.1285932 0.2210025 0.3449599 0.2170667 0.2714140 0.1961170 0.2076448 0.2815432 0.2570048 0.1403301 0.3361212 0.2210025 0.2325241 0.1348926 0.1392915 0.2336589 0.0248944 0.2584471 0.2732861 0.1350009 0.2055835 0.1412490 0.1898318 0.3113282 0.1581045 
S0690       0.1423279 0.0036858 0.0000010 0.0872876 0.0071068 0.0108275 0.2329964 0.2255062 0.2241247 0.0732972 0.2220784 0.0000000 0.2403153 0.1444711 0.0375415 0.0149016 0.1661765 0.2238517 0.1556181 0.2614444 0.2757980 0.1334911 0.0998370 0.1842314 0.0070674 0.1267898 0.0070674 0.2742798 0.0036845 0.0200114 0.0970797 0.0735865 0.1933271 0.1161031 0.0070674 0.2308410 0.2022647 0.1680221 0.0433751 0.2298394 0.0500007 0.0640177 0.1075045 0.2661786 0.1684146 0.1718591 0.2178330 0.1968336 
S0735       0.3297905 0.2113973 0.2190536 0.2682203 0.2415246 0.2520793 0.4498288 0.2097661 0.3941065 0.2609206 0.2244557 0.2403153 0.0000000 0.2924698 0.2541311 0.2699396 0.1905717 0.2884599 0.2372026 0.0106972 0.0144149 0.1716239 0.2776599 0.2380352 0.2389912 0.3090579 0.2251362 0.3494186 0.2202326 0.2389326 0.2766383 0.2621612 0.2665515 0.3203574 0.2389912 0.3341331 0.2398065 0.2462496 0.2251544 0.2238607 0.2423949 0.3101291 0.2052579 0.2933615 0.2394178 0.2600070 0.4134603 0.2424936 
S0742       0.2080668 0.1341133 0.1356812 0.1896449 0.1450935 0.1527160 0.1773675 0.2683111 0.2153815 0.1467938 0.2627218 0.1444711 0.2924698 0.0000000 0.1333522 0.1320503 0.2126503 0.2269003 0.1883578 0.3165180 0.3328738 0.1834021 0.1991120 0.2371861 0.1438079 0.1805716 0.1438079 0.2723195 0.1038846 0.1109206 0.1870950 0.1699487 0.2339674 0.1724362 0.1438079 0.2033938 0.2659904 0.2615921 0.1360837 0.2764264 0.1612969 0.1932892 0.1354384 0.2875509 0.2002862 0.1636192 0.1907396 0.2113357 
S0756       0.1206215 0.0352612 0.0464067 0.0832359 0.0376698 0.0421025 0.2291370 0.2071350 0.2274498 0.0601186 0.2040268 0.0375415 0.2541311 0.1333522 0.0000000 0.0474557 0.1683445 0.2106510 0.1481252 0.2610581 0.2906751 0.1295011 0.0853768 0.1864733 0.0374358 0.1176797 0.0374358 0.2494530 0.0190487 0.0239368 0.0831443 0.0651229 0.1957362 0.1070822 0.0374358 0.2174093 0.2048364 0.1757630 0.0270257 0.2110996 0.0547059 0.0691215 0.0940555 0.2315316 0.1589939 0.1625290 0.1945574 0.1873674 
S0763       0.1324401 0.0075748 0.0048852 0.1011027 0.0149524 0.0189968 0.2309937 0.2393655 0.2250776 0.0860951 0.2468599 0.0149016 0.2699396 0.1320503 0.0474557 0.0000000 0.1879639 0.2337464 0.1899615 0.2934724 0.3095022 0.1522761 0.1000357 0.1912069 0.0148639 0.1270922 0.0148639 0.2652851 0.0116493 0.0251419 0.0972724 0.0737013 0.1910258 0.1243354 0.0148639 0.2162977 0.2102388 0.1882175 0.0541462 0.2558901 0.0608307 0.0760854 0.1113098 0.2576131 0.1765630 0.1664020 0.2164213 0.1911123 
S0959       0.2899717 0.1397153 0.1498926 0.2345082 0.1610787 0.1751879 0.4018028 0.1773892 0.2644758 0.2189293 0.1631533 0.1661765 0.1905717 0.2126503 0.1683445 0.1879639 0.0000000 0.2007637 0.0776632 0.2086646 0.2207837 0.0145679 0.2485743 0.1356736 0.1653701 0.2996685 0.1593749 0.2194669 0.1556891 0.1705665 0.2243340 0.2232631 0.1518189 0.2849110 0.1653701 0.2008376 0.1511936 0.1279740 0.1919345 0.1656297 0.2139183 0.2277906 0.1119671 0.2122885 0.0689139 0.1356745 0.2321793 0.1467348 
S1083       0.2656254 0.1885186 0.2428548 0.3184889 0.2249130 0.2346115 0.4166332 0.2542178 0.3540706 0.2245851 0.2435326 0.2238517 0.2884599 0.2269003 0.2106510 0.2337464 0.2007637 0.0000000 0.2040829 0.2889375 0.3192795 0.1693022 0.2243879 0.1850416 0.2097649 0.2793464 0.2097649 0.3174454 0.1912569 0.1994693 0.2472179 0.2237676 0.2167263 0.2488056 0.2226843 0.0299585 0.1802671 0.2239158 0.2093989 0.2491844 0.2500989 0.2317486 0.1763805 0.2554832 0.2102521 0.1930775 0.2752915 0.2013356 
S1129sl     0.2723650 0.1483992 0.1475324 0.2049988 0.1695959 0.1775888 0.2878653 0.1905999 0.2181337 0.1951117 0.1648352 0.1556181 0.2372026 0.1883578 0.1481252 0.1899615 0.0776632 0.2040829 0.0000000 0.2431945 0.2699409 0.0509800 0.2417351 0.1198081 0.1680791 0.2614562 0.1622978 0.2128972 0.1406385 0.1493591 0.2325373 0.2048493 0.1555576 0.2131792 0.1680791 0.1815801 0.1445980 0.1173415 0.1917196 0.1788475 0.1787161 0.2129121 0.1346061 0.1998095 0.0456106 0.1186290 0.1980885 0.1512135 
S1148       0.3568707 0.2315016 0.2464237 0.2910215 0.2628016 0.2740424 0.4863051 0.2086605 0.4063618 0.2829223 0.2236385 0.2614444 0.0106972 0.3165180 0.2610581 0.2934724 0.2086646 0.2889375 0.2431945 0.0000000 0.0184524 0.1888324 0.3006939 0.2374970 0.2599687 0.3339651 0.2454640 0.3597074 0.2408659 0.2618652 0.3005055 0.2843272 0.2595036 0.3464241 0.2599687 0.3355796 0.2325920 0.2317727 0.2460433 0.2230167 0.2641623 0.3357252 0.2105149 0.2860410 0.2457008 0.2667746 0.4259038 0.2487996 
S1180       0.3660408 0.2451017 0.2367433 0.3065454 0.2772615 0.2889848 0.4983123 0.2318591 0.4269966 0.2900208 0.2476818 0.2757980 0.0144149 0.3328738 0.2906751 0.3095022 0.2207837 0.3192795 0.2699409 0.0184524 0.0000000 0.2002699 0.3082567 0.2619332 0.2665447 0.3423197 0.2592373 0.3688758 0.2548531 0.2655574 0.3083452 0.2914905 0.2929253 0.3552153 0.2742187 0.3697543 0.2638798 0.2713714 0.2602297 0.2474494 0.2710282 0.3443204 0.2363490 0.3225127 0.2736056 0.2732093 0.4463813 0.2593430 
S1189       0.2386538 0.1085250 0.1139282 0.1839682 0.1286186 0.1414256 0.3141368 0.1428709 0.2335429 0.1758426 0.1299020 0.1334911 0.1716239 0.1834021 0.1295011 0.1522761 0.0145679 0.1693022 0.0509800 0.1888324 0.2002699 0.0000000 0.1752361 0.1140810 0.1328922 0.2340890 0.1273236 0.1733504 0.1219237 0.1332384 0.1759291 0.1660943 0.1307651 0.2165459 0.1328922 0.1633766 0.1289134 0.0959264 0.1460635 0.1428709 0.1572474 0.1740794 0.1000454 0.1737222 0.0472849 0.0915600 0.1985290 0.1086910 
S1211       0.1105227 0.0893246 0.0918727 0.1539867 0.0953753 0.1064403 0.2468483 0.2634045 0.2459444 0.0912458 0.2642913 0.0998370 0.2776599 0.1991120 0.0853768 0.1000357 0.2485743 0.2243879 0.2417351 0.3006939 0.3082567 0.1752361 0.0000000 0.2542732 0.0897429 0.1176525 0.0994483 0.2400004 0.0672982 0.0625333 0.0623064 0.0220377 0.2787152 0.1201299 0.0994483 0.2072072 0.2778677 0.2524772 0.0551854 0.2851004 0.0919994 0.0827076 0.1873382 0.2482584 0.2491170 0.2070776 0.2647409 0.2306730 
S1214sl     0.3212765 0.1724340 0.1911078 0.2690353 0.1850013 0.1929801 0.3894116 0.1303803 0.2530403 0.2268411 0.1285932 0.1842314 0.2380352 0.2371861 0.1864733 0.1912069 0.1356736 0.1850416 0.1198081 0.2374970 0.2619332 0.1140810 0.2542732 0.0000000 0.1833893 0.2918197 0.1777094 0.1805364 0.1555764 0.1699497 0.2783389 0.2392018 0.0463626 0.2736637 0.1833893 0.1710816 0.0215101 0.0723130 0.1974083 0.1288904 0.2134173 0.2259673 0.1277728 0.1503860 0.1291232 0.1298726 0.2223943 0.0985436 
S1227       0.1307426 0.0036770 0.0000010 0.0869715 0.0070903 0.0108015 0.2176346 0.2243979 0.2228774 0.0641773 0.2210025 0.0070674 0.2389912 0.1438079 0.0374358 0.0148639 0.1653701 0.2097649 0.1680791 0.2599687 0.2665447 0.1328922 0.0897429 0.1833893 0.0000000 0.1159752 0.0070511 0.2581958 0.0036750 0.0158521 0.0868724 0.0644541 0.1924184 0.1055546 0.0070511 0.2165004 0.2012940 0.1672663 0.0432437 0.2286919 0.0416958 0.0551781 0.1070863 0.2647469 0.1676262 0.1598091 0.2166874 0.1841430 
S1235sl     0.0580118 0.1107428 0.1203775 0.1808512 0.1273026 0.1341610 0.1712602 0.3670629 0.2097889 0.1011056 0.3449599 0.1267898 0.3090579 0.1805716 0.1176797 0.1270922 0.2996685 0.2793464 0.2614562 0.3339651 0.3423197 0.2340890 0.1176525 0.2918197 0.1159752 0.0000000 0.1262558 0.2567872 0.0738123 0.0581055 0.0774289 0.0940267 0.3028783 0.0188283 0.1262558 0.2746544 0.3217411 0.3137793 0.0961834 0.3902405 0.0732485 0.0917769 0.2119366 0.2632585 0.2552811 0.2480704 0.1984495 0.2584742 
S1278       0.1416852 0.0036770 0.0047600 0.0869715 0.0070903 0.0108015 0.2316856 0.2204065 0.2228774 0.0730455 0.2170667 0.0070674 0.2251362 0.1438079 0.0374358 0.0148639 0.1593749 0.2097649 0.1622978 0.2454640 0.2592373 0.1273236 0.0994483 0.1777094 0.0070511 0.1262558 0.0000000 0.2652945 0.0036750 0.0158521 0.0966981 0.0733335 0.1865658 0.1156272 0.0070511 0.2229018 0.1952912 0.1617060 0.0432437 0.2246399 0.0498497 0.0638072 0.1070863 0.2576220 0.1618406 0.1653055 0.2166874 0.1898748 
S1332       0.2876015 0.2550973 0.2649693 0.3630174 0.2756953 0.2870728 0.3298023 0.2847486 0.1995872 0.2287455 0.2714140 0.2742798 0.3494186 0.2723195 0.2494530 0.2652851 0.2194669 0.3174454 0.2128972 0.3597074 0.3688758 0.1733504 0.2400004 0.1805364 0.2581958 0.2567872 0.2652945 0.0000000 0.2086924 0.2054931 0.2177790 0.2307622 0.2067279 0.2571331 0.2727499 0.2658138 0.1986422 0.1710082 0.2568692 0.3090112 0.2825031 0.2870244 0.2268970 0.0620094 0.2353116 0.1764249 0.2021453 0.1683262 
S1369       0.0878381 0.0000024 0.0000021 0.0724747 0.0036969 0.0075141 0.1501395 0.2113375 0.1902139 0.0490241 0.1961170 0.0036845 0.2202326 0.1038846 0.0190487 0.0116493 0.1556891 0.1912569 0.1406385 0.2408659 0.2548531 0.1219237 0.0672982 0.1555764 0.0036750 0.0738123 0.0036750 0.2086924 0.0000000 0.0078951 0.0703516 0.0483342 0.1771995 0.0590267 0.0036750 0.2001497 0.1840428 0.1449688 0.0239284 0.2041839 0.0310529 0.0397995 0.0865145 0.2150881 0.1459262 0.1406927 0.1536839 0.1572886 
S1370       0.0641200 0.0166617 0.0215936 0.0722680 0.0200847 0.0245207 0.1429482 0.2371680 0.2192699 0.0564134 0.2076448 0.0200114 0.2389326 0.1109206 0.0239368 0.0251419 0.1705665 0.1994693 0.1493591 0.2618652 0.2655574 0.1332384 0.0625333 0.1699497 0.0158521 0.0581055 0.0158521 0.2054931 0.0078951 0.0000000 0.0593479 0.0467819 0.1871443 0.0477419 0.0199556 0.2066537 0.2008550 0.1671124 0.0340441 0.2293216 0.0283323 0.0330778 0.1023376 0.2099343 0.1550114 0.1353580 0.1801564 0.1599639 
S1375       0.0612890 0.0914039 0.0796007 0.1416730 0.0974662 0.1037272 0.2194470 0.3015089 0.2187692 0.0632340 0.2815432 0.0970797 0.2766383 0.1870950 0.0831443 0.0972724 0.2243340 0.2472179 0.2325373 0.3005055 0.3083452 0.1759291 0.0623064 0.2783389 0.0868724 0.0774289 0.0966981 0.2177790 0.0703516 0.0593479 0.0000000 0.0528234 0.2855304 0.0790107 0.0966981 0.2479092 0.3040943 0.2720232 0.0660836 0.3212391 0.0790659 0.0705401 0.1767768 0.2189476 0.2389765 0.2106442 0.2386489 0.2451971 
S1381       0.1091469 0.0681800 0.0649278 0.1219850 0.0694087 0.0792712 0.2122724 0.2626122 0.2268596 0.0707110 0.2570048 0.0735865 0.2621612 0.1699487 0.0651229 0.0737013 0.2232631 0.2237676 0.2048493 0.2843272 0.2914905 0.1660943 0.0220377 0.2392018 0.0644541 0.0940267 0.0733335 0.2307622 0.0483342 0.0467819 0.0528234 0.0000000 0.2455242 0.0959091 0.0733335 0.2066975 0.2614949 0.2397976 0.0452990 0.2801376 0.0659456 0.0618320 0.1513350 0.2336410 0.2044216 0.1800801 0.2372342 0.2018971 
S1449       0.3449962 0.1834032 0.1865594 0.2813585 0.1941543 0.2024624 0.3890274 0.1300812 0.3093754 0.2412609 0.1403301 0.1933271 0.2665515 0.2339674 0.1957362 0.1910258 0.1518189 0.2167263 0.1555576 0.2595036 0.2929253 0.1307651 0.2787152 0.0463626 0.1924184 0.3028783 0.1865658 0.2067279 0.1771995 0.1871443 0.2855304 0.2455242 0.0000000 0.3132960 0.1924184 0.1911197 0.0466891 0.0876474 0.2201782 0.1489452 0.2533566 0.2548390 0.1594284 0.1748115 0.1540157 0.1277831 0.2587743 0.1184818 
S1460       0.0696854 0.1000192 0.1221376 0.1594771 0.1165678 0.1231802 0.1412793 0.3708793 0.2143940 0.0959119 0.3361212 0.1161031 0.3203574 0.1724362 0.1070822 0.1243354 0.2849110 0.2488056 0.2131792 0.3464241 0.3552153 0.2165459 0.1201299 0.2736637 0.1055546 0.0188283 0.1156272 0.2571331 0.0590267 0.0477419 0.0790107 0.0959091 0.3132960 0.0000000 0.1156272 0.2629804 0.3092230 0.2923043 0.0903080 0.3688875 0.0636451 0.0763441 0.2051825 0.2636093 0.2279521 0.2407114 0.1799508 0.2575884 
S_670       0.1416852 0.0036770 0.0047600 0.0869715 0.0070903 0.0108015 0.2316856 0.2243979 0.2228774 0.0730455 0.2210025 0.0070674 0.2389912 0.1438079 0.0374358 0.0148639 0.1653701 0.2226843 0.1680791 0.2599687 0.2742187 0.1328922 0.0994483 0.1833893 0.0070511 0.1262558 0.0070511 0.2727499 0.0036750 0.0199556 0.0966981 0.0733335 0.1924184 0.1156272 0.0000000 0.2296247 0.2012940 0.1672663 0.0432437 0.2286919 0.0498497 0.0638072 0.1070863 0.2647469 0.1676262 0.1710594 0.2166874 0.1958848 
SRR11470320 0.2661508 0.1949904 0.2354136 0.3275624 0.2319480 0.2418686 0.4118361 0.2380474 0.3458643 0.2314247 0.2325241 0.2308410 0.3341331 0.2033938 0.2174093 0.2162977 0.2008376 0.0299585 0.1815801 0.3355796 0.3697543 0.1633766 0.2072072 0.1710816 0.2165004 0.2746544 0.2229018 0.2658138 0.2001497 0.2066537 0.2479092 0.2066975 0.1911197 0.2629804 0.2296247 0.0000000 0.1724055 0.1955955 0.2162984 0.2495932 0.2649077 0.2461587 0.1894720 0.2251734 0.1875403 0.1668335 0.2627689 0.1866617 
SRR8528336  0.3669121 0.1819900 0.2160418 0.2930407 0.2031469 0.2117478 0.4498920 0.1261710 0.2837695 0.2453340 0.1348926 0.2022647 0.2398065 0.2659904 0.2048364 0.2102388 0.1511936 0.1802671 0.1445980 0.2325920 0.2638798 0.1289134 0.2778677 0.0215101 0.2012940 0.3217411 0.1952912 0.1986422 0.1840428 0.2008550 0.3040943 0.2614949 0.0466891 0.3092230 0.2012940 0.1724055 0.0000000 0.0834834 0.2240183 0.1313690 0.2456697 0.2469522 0.1532179 0.1666326 0.1550734 0.1414571 0.2554084 0.1091890 
SRR8528341  0.3298074 0.1654010 0.1700727 0.2666655 0.1687179 0.1763879 0.3603011 0.1470255 0.2594196 0.2401324 0.1392915 0.1680221 0.2462496 0.2615921 0.1757630 0.1882175 0.1279740 0.2239158 0.1173415 0.2317727 0.2713714 0.0959264 0.2524772 0.0723130 0.1672663 0.3137793 0.1617060 0.1710082 0.1449688 0.1671124 0.2720232 0.2397976 0.0876474 0.2923043 0.1672663 0.1955955 0.0834834 0.0000000 0.1978754 0.1539283 0.2244857 0.2313427 0.1590103 0.1508400 0.1224818 0.1264671 0.2347201 0.1170722 
SRR8528343  0.1040679 0.0412425 0.0536792 0.0920175 0.0435309 0.0482916 0.2262640 0.2246476 0.2306744 0.0489676 0.2336589 0.0433751 0.2251544 0.1360837 0.0270257 0.0541462 0.1919345 0.2093989 0.1917196 0.2460433 0.2602297 0.1460635 0.0551854 0.1974083 0.0432437 0.0961834 0.0432437 0.2568692 0.0239284 0.0340441 0.0660836 0.0452990 0.2201782 0.0903080 0.0432437 0.2162984 0.2240183 0.1978754 0.0000000 0.2420164 0.0479851 0.0580007 0.1279730 0.2310082 0.1912698 0.1627800 0.1961794 0.1907354 
SRR8528347  0.4078514 0.2064894 0.2217798 0.2915271 0.2247014 0.2402565 0.5345300 0.0216522 0.3715685 0.2655168 0.0248944 0.2298394 0.2238607 0.2764264 0.2110996 0.2558901 0.1656297 0.2491844 0.1788475 0.2230167 0.2474494 0.1428709 0.2851004 0.1288904 0.2286919 0.3902405 0.2246399 0.3090112 0.2041839 0.2293216 0.3212391 0.2801376 0.1489452 0.3688875 0.2286919 0.2495932 0.1313690 0.1539283 0.2420164 0.0000000 0.2809367 0.2971336 0.1431297 0.2448192 0.1556751 0.2005670 0.3437313 0.1674652 
SRR8528350  0.0975062 0.0439089 0.0407074 0.0997000 0.0501753 0.0549163 0.2200768 0.2756414 0.2318067 0.0747645 0.2584471 0.0500007 0.2423949 0.1612969 0.0547059 0.0608307 0.2139183 0.2500989 0.1787161 0.2641623 0.2710282 0.1572474 0.0919994 0.2134173 0.0416958 0.0732485 0.0498497 0.2825031 0.0310529 0.0283323 0.0790659 0.0659456 0.2533566 0.0636451 0.0498497 0.2649077 0.2456697 0.2244857 0.0479851 0.2809367 0.0000000 0.0588107 0.1327876 0.3031673 0.1902401 0.1960256 0.2315812 0.2237825 
SRR8528357  0.1398853 0.0579476 0.0585840 0.1153993 0.0642501 0.0694171 0.1903304 0.2914202 0.2439827 0.0806012 0.2732861 0.0640177 0.3101291 0.1932892 0.0691215 0.0760854 0.2277906 0.2317486 0.2129121 0.3357252 0.3443204 0.1740794 0.0827076 0.2259673 0.0551781 0.0917769 0.0638072 0.2870244 0.0397995 0.0330778 0.0705401 0.0618320 0.2548390 0.0763441 0.0638072 0.2461587 0.2469522 0.2313427 0.0580007 0.2971336 0.0588107 0.0000000 0.1524203 0.2781101 0.2125063 0.1898499 0.2159247 0.2180368 
SRR8528359  0.2390578 0.0977053 0.1049106 0.1740290 0.1031107 0.1141494 0.2708421 0.1473301 0.2258757 0.1511626 0.1350009 0.1075045 0.2052579 0.1354384 0.0940555 0.1113098 0.1119671 0.1763805 0.1346061 0.2105149 0.2363490 0.1000454 0.1873382 0.1277728 0.1070863 0.2119366 0.1070863 0.2268970 0.0865145 0.1023376 0.1767768 0.1513350 0.1594284 0.2051825 0.1070863 0.1894720 0.1532179 0.1590103 0.1279730 0.1431297 0.1327876 0.1524203 0.0000000 0.2130574 0.1277986 0.1406711 0.2167468 0.1392605 
SRR8528361  0.2862480 0.2476127 0.2509161 0.3373761 0.2674992 0.2783093 0.3899546 0.2241016 0.2255902 0.2382223 0.2055835 0.2661786 0.2933615 0.2875509 0.2315316 0.2576131 0.2122885 0.2554832 0.1998095 0.2860410 0.3225127 0.1737222 0.2482584 0.1503860 0.2647469 0.2632585 0.2576220 0.0620094 0.2150881 0.2099343 0.2189476 0.2336410 0.1748115 0.2636093 0.2647469 0.2251734 0.1666326 0.1508400 0.2310082 0.2448192 0.3031673 0.2781101 0.2130574 0.0000000 0.2209785 0.1705334 0.2102700 0.1395910 
SRR8528372  0.2444444 0.1429329 0.1315193 0.2171305 0.1635059 0.1771373 0.3119459 0.1600247 0.2403313 0.2069324 0.1412490 0.1684146 0.2394178 0.2002862 0.1589939 0.1765630 0.0689139 0.2102521 0.0456106 0.2457008 0.2736056 0.0472849 0.2491170 0.1291232 0.1676262 0.2552811 0.1618406 0.2353116 0.1459262 0.1550114 0.2389765 0.2044216 0.1540157 0.2279521 0.1676262 0.1875403 0.1550734 0.1224818 0.1912698 0.1556751 0.1902401 0.2125063 0.1277986 0.2209785 0.0000000 0.1156343 0.1886058 0.1420988 
SRR8528379  0.2349522 0.1605989 0.1509417 0.2408663 0.1725939 0.1805782 0.2862460 0.1927471 0.2626590 0.1999597 0.1898318 0.1718591 0.2600070 0.1636192 0.1625290 0.1664020 0.1356745 0.1930775 0.1186290 0.2667746 0.2732093 0.0915600 0.2070776 0.1298726 0.1598091 0.2480704 0.1653055 0.1764249 0.1406927 0.1353580 0.2106442 0.1800801 0.1277831 0.2407114 0.1710594 0.1668335 0.1414571 0.1264671 0.1627800 0.2005670 0.1960256 0.1898499 0.1406711 0.1705334 0.1156343 0.0000000 0.2129417 0.0332547 
SRR8528391  0.1920348 0.1804263 0.2847759 0.2912061 0.2188742 0.2122609 0.2737447 0.3124145 0.1007810 0.2082789 0.3113282 0.2178330 0.4134603 0.1907396 0.1945574 0.2164213 0.2321793 0.2752915 0.1980885 0.4259038 0.4463813 0.1985290 0.2647409 0.2223943 0.2166874 0.1984495 0.2166874 0.2021453 0.1536839 0.1801564 0.2386489 0.2372342 0.2587743 0.1799508 0.2166874 0.2627689 0.2554084 0.2347201 0.1961794 0.3437313 0.2315812 0.2159247 0.2167468 0.2102700 0.1886058 0.2129417 0.0000000 0.2167355 
SRR8528400  0.2574834 0.1856951 0.1942552 0.2775599 0.1976968 0.2062702 0.3290119 0.1604277 0.2534745 0.2206236 0.1581045 0.1968336 0.2424936 0.2113357 0.1873674 0.1911123 0.1467348 0.2013356 0.1512135 0.2487996 0.2593430 0.1086910 0.2306730 0.0985436 0.1841430 0.2584742 0.1898748 0.1683262 0.1572886 0.1599639 0.2451971 0.2018971 0.1184818 0.2575884 0.1958848 0.1866617 0.1091890 0.1170722 0.1907354 0.1674652 0.2237825 0.2180368 0.1392605 0.1395910 0.1420988 0.0332547 0.2167355 0.0000000 
