116
PAFTOL_019361 0.0000000 0.2158085 0.3012144 0.2661907 0.2292061 0.2841285 0.2736271 0.2437028 0.1975861 0.2466988 0.2388987 0.3635651 0.2966144 0.2740216 0.1932683 0.2963957 0.2117652 0.2213057 0.2354858 0.2570508 0.2246288 0.2200036 0.2679324 0.2255735 0.2603688 0.2337777 0.2273411 0.1981204 0.2815422 0.2605625 0.2369316 0.1962123 0.1975491 0.2582149 0.2283587 0.2571568 0.3635651 0.1965944 0.2459632 0.2212947 0.2348314 0.2286221 0.2672476 0.2472490 0.2934252 0.2453226 0.2712426 0.2387171 0.2727000 0.2900743 0.2804176 0.2780636 0.2663975 0.3301611 0.2065609 9.0000000 0.3010645 0.3393645 0.2709389 0.2740974 0.2237774 0.5422958 0.2896685 0.2634774 0.2475842 0.1982573 0.2572178 0.2029169 0.2355208 0.2476533 0.2343181 0.2465505 0.2292886 0.2102972 0.2445603 0.2721006 0.3019285 0.3171752 0.2927680 0.2140078 0.2777029 0.2689085 0.2432513 0.2145918 0.2193135 0.2303519 0.2130188 0.2085419 0.2455460 0.2296201 0.2596320 0.2719010 0.2294146 0.2394314 0.3212007 0.2391281 0.2401961 0.2819532 0.2520735 0.2646526 0.2367560 0.2782961 0.2315810 0.2536764 0.2244276 0.2210851 0.3047238 0.2327031 0.2584996 0.2491425 0.2339326 0.3043516 0.2571033 0.2543696 0.2764829 0.2354867 
S0055         0.2158085 0.0000000 0.1681411 0.1278661 0.0793212 0.1608400 0.1384806 0.1035968 0.0707213 0.1140637 0.1342171 0.1753786 0.1503064 0.1509927 0.1015461 0.0862130 0.0691312 0.0691049 0.1007821 0.0697454 0.1171688 0.1290348 0.1106349 0.1046314 0.1107763 0.1134639 0.0788757 0.0715726 0.1382452 0.1453156 0.1118124 0.0614395 0.0811062 0.1015849 0.1627498 0.0878804 0.1753786 0.0688362 0.0897265 0.0691095 0.1023387 0.1083127 0.1299094 0.0901021 0.1490272 0.1176267 0.1267887 0.1012087 0.1280877 0.1229633 0.1350911 0.1163126 0.1412957 0.1157053 0.1855452 0.2034842 0.1357916 0.1549206 0.1379319 0.1246319 0.1631498 0.1147438 0.1220244 0.0970381 0.1008003 0.0399656 0.1242834 0.1732674 0.0790693 0.0747723 0.0984272 0.1224722 0.1063088 0.1133274 0.1331786 0.1320141 0.1401386 0.1469617 0.1546122 0.0641423 0.1434515 0.0684157 0.1166090 0.0585753 0.0686691 0.0488578 0.0836342 0.0549294 0.1324730 0.1106788 0.1167635 0.1399890 0.0807500 0.1025988 0.1100585 0.1126235 0.0858104 0.1097575 0.0880003 0.0972031 0.0958708 0.1456159 0.0687965 0.1246295 0.0741690 0.0912850 0.0847221 0.0927485 0.1316053 0.1212460 0.1091435 0.1560478 0.1066461 0.0911838 0.0649782 0.0858016 
S0278         0.3012144 0.1681411 0.0000000 0.1480050 0.1300433 0.1377826 0.0825784 0.1664861 0.1216768 0.1650575 0.0867562 0.1264214 0.1699710 0.1065620 0.1070801 0.1661811 0.1308357 0.1238917 0.1571865 0.1793331 0.1054124 0.0947021 0.1312613 0.1615168 0.1338658 0.0613899 0.1232516 0.1227142 0.0812802 0.1210189 0.1064488 0.1425814 0.1408123 0.1241755 0.2088188 0.1663669 0.1264214 0.1180346 0.0996555 0.1238935 0.1324979 0.1310185 0.1325435 0.1114336 0.1164594 0.1124751 0.0910705 0.0953653 0.1028358 0.1200066 0.1441652 0.1186794 0.1810535 0.1826649 0.2246008 0.0000010 0.1276268 0.1539032 0.1293122 0.1364490 0.2080973 0.0000010 0.1493187 0.1462012 0.0863158 0.1291206 0.1758150 0.1886293 0.1351205 0.1587540 0.1185505 0.0879250 0.1007374 0.1269224 0.1273320 0.0761339 0.1517208 0.1059236 0.1440047 0.1298700 0.1300380 0.2002442 0.1522380 0.1161804 0.1229726 0.1474344 0.1450347 0.1373941 0.1012179 0.1732519 0.1589770 0.0775020 0.1383665 0.1457162 0.1827889 0.1072527 0.1383076 0.1496765 0.1584591 0.1237123 0.1359711 0.0617405 0.1173767 0.0896764 0.1297668 0.1198151 0.1717226 0.1599642 0.1113436 0.1379123 0.1255067 0.1791939 0.1120032 0.1169930 0.1712938 0.0942236 
S0281         0.2661907 0.1278661 0.1480050 0.0000000 0.1042032 0.1327057 0.1127438 0.0856827 0.0831418 0.1474158 0.1090895 0.1316985 0.1232963 0.1258290 0.1113853 0.1038306 0.0990036 0.0924925 0.0889534 0.1036750 0.1049357 0.1055499 0.0933855 0.0915855 0.0907110 0.0927418 0.0920347 0.0838177 0.1005064 0.1410542 0.1094667 0.1106948 0.1025817 0.0635575 0.2043825 0.0802047 0.1316985 0.0982760 0.0423931 0.0862138 0.0700227 0.0758415 0.0872120 0.0630285 0.0988641 0.1157016 0.1007955 0.0631631 0.0869198 0.0880654 0.1244418 0.0815143 0.1316413 0.0971739 0.1701398 0.2251825 0.1163027 0.1057903 0.0827522 0.0822896 0.2025472 0.1358711 0.0974924 0.0805512 0.0802182 0.0914049 0.1135360 0.1736724 0.1156286 0.1182420 0.0862089 0.1090305 0.1035680 0.1254021 0.1408795 0.1186933 0.1272339 0.1049479 0.1318670 0.0982731 0.0995886 0.1246696 0.0906948 0.0913503 0.0918270 0.1030832 0.0913775 0.0977837 0.1246489 0.1162113 0.0841521 0.1210592 0.1037717 0.0757555 0.0915118 0.1103200 0.1050629 0.0690467 0.1004310 0.0855591 0.1117363 0.1240626 0.0920238 0.1053114 0.0925038 0.1108499 0.1192322 0.1230592 0.1245287 0.0694668 0.0748154 0.1187785 0.0796117 0.0794665 0.1088454 0.0690548 
S0282         0.2292061 0.0793212 0.1300433 0.1042032 0.0000000 0.1305465 0.0978638 0.1033673 0.0086038 0.0854330 0.0897158 0.1365672 0.1369793 0.1159880 0.0842395 0.1133326 0.0214980 0.0169924 0.1069331 0.1064028 0.0851573 0.0961824 0.1105185 0.0996450 0.0827341 0.0805289 0.0256859 0.0175553 0.0976946 0.1104999 0.0845349 0.0668407 0.0311559 0.0851014 0.1829482 0.0875474 0.1365672 0.0302744 0.0541665 0.0169945 0.0707965 0.0762808 0.1234435 0.0741795 0.1048643 0.0899514 0.0871440 0.0745156 0.0813685 0.1170516 0.1290292 0.1045349 0.1138618 0.0980176 0.2062679 0.1696706 0.1031157 0.1277900 0.1252661 0.1361897 0.1985769 0.1147438 0.1277171 0.0811766 0.0711026 0.0587535 0.1361837 0.1799330 0.0347116 0.0703696 0.0973847 0.0842388 0.0793570 0.0917340 0.1103830 0.1032213 0.1212739 0.1107559 0.1366251 0.0213674 0.0996737 0.1268096 0.1045184 0.0214138 0.0169006 0.0789279 0.0950758 0.0546247 0.0956154 0.1053152 0.0935457 0.0988716 0.0599616 0.0815949 0.0925987 0.0851187 0.0307381 0.1147341 0.1043548 0.0859306 0.0637714 0.1041063 0.0350566 0.0860323 0.0352241 0.0649346 0.1144998 0.1115498 0.1026174 0.1094123 0.0861180 0.1174479 0.0798252 0.0801491 0.1069635 0.0698736 
S0288         0.2841285 0.1608400 0.1377826 0.1327057 0.1305465 0.0000000 0.1358816 0.1645861 0.0966817 0.1771878 0.1609727 0.0398313 0.1206751 0.1153677 0.0736297 0.2038159 0.1117359 0.1185092 0.1391468 0.1939307 0.0981313 0.0877022 0.1312573 0.1692911 0.1189050 0.1249652 0.1296896 0.1042158 0.1356445 0.1072479 0.1235515 0.1486106 0.1011805 0.1279307 0.2343455 0.1698688 0.0398313 0.1291180 0.0925911 0.1185114 0.0870957 0.0880395 0.1400439 0.1152543 0.0908902 0.1298134 0.1279849 0.1158527 0.0670920 0.1383380 0.1575016 0.1248368 0.1450237 0.1958717 0.2709319 9.0000000 0.1107079 0.1234836 0.1422106 0.1627476 0.2526266 0.4879256 0.1569637 0.1301177 0.0727878 0.1296951 0.1943168 0.2227495 0.1175748 0.1569010 0.1227007 0.1479182 0.1176523 0.0938182 0.1132709 0.1292955 0.1125141 0.0213093 0.0041178 0.1244444 0.0965003 0.1895206 0.1570052 0.1170129 0.1176356 0.1610269 0.1490684 0.1380164 0.1319291 0.1216808 0.1572509 0.1320046 0.1433901 0.0984187 0.1891922 0.1245066 0.1267229 0.1689531 0.1620066 0.1274553 0.1556473 0.1435591 0.1178976 0.1191516 0.1303474 0.1323389 0.1632972 0.1101743 0.1285197 0.1368884 0.1357089 0.1896599 0.1045151 0.1207638 0.2054305 0.1108903 
S0289         0.2736271 0.1384806 0.0825784 0.1127438 0.0978638 0.1358816 0.0000000 0.1503539 0.0840242 0.1477076 0.0549388 0.1298380 0.1609027 0.0647713 0.0743926 0.1509887 0.0929764 0.0869310 0.1336101 0.1574705 0.0705270 0.0708476 0.1054641 0.1253344 0.1191058 0.0411005 0.0865296 0.0846745 0.0450494 0.0892400 0.0660264 0.1080934 0.0947454 0.1034833 0.1919533 0.1301035 0.1298380 0.0923376 0.0704455 0.0869352 0.0996238 0.1057203 0.1064157 0.0917342 0.1088506 0.0713263 0.0568424 0.0765609 0.1013356 0.0826114 0.1295657 0.0937900 0.1606809 0.1526690 0.2213159 0.0000010 0.1132738 0.1267913 0.0901270 0.1005533 0.1979651 0.0000010 0.1224055 0.1055245 0.0671760 0.1026958 0.1661930 0.1724316 0.1085477 0.1292432 0.1111129 0.0599195 0.0609269 0.0834555 0.0891504 0.0399330 0.1371209 0.1044913 0.1420160 0.0923308 0.1220001 0.1759479 0.1382006 0.0859264 0.0863462 0.1314532 0.1424981 0.1099917 0.0756404 0.1573413 0.1437106 0.0354647 0.1225391 0.1115232 0.1517921 0.0664784 0.1050731 0.1213395 0.1557826 0.1158759 0.1164112 0.0606582 0.0760026 0.0559753 0.0869453 0.0881773 0.1459923 0.1641001 0.0654734 0.1061586 0.0934267 0.1665230 0.0870385 0.1093946 0.1536203 0.0819665 
S0292         0.2437028 0.1035968 0.1664861 0.0856827 0.1033673 0.1645861 0.1503539 0.0000000 0.0824780 0.1279227 0.1457743 0.1633842 0.1390173 0.1699880 0.1312494 0.1200444 0.0982095 0.0917607 0.0982378 0.1262343 0.1413847 0.1421537 0.1142315 0.1162049 0.0898564 0.1218988 0.0913105 0.0831425 0.1500815 0.1746575 0.1329998 0.0750192 0.1017291 0.1015439 0.1984865 0.0915155 0.1633842 0.0861596 0.0782285 0.0855411 0.1091755 0.1156488 0.1023358 0.0894749 0.1221655 0.1395549 0.1374917 0.0955294 0.1155015 0.1150214 0.1396622 0.1080152 0.1451299 0.1258814 0.1938269 0.2251825 0.1281470 0.1626711 0.1038320 0.1037347 0.1967348 0.1358711 0.1142285 0.0663130 0.0982786 0.0916174 0.0500854 0.1985349 0.1146932 0.1182697 0.0894026 0.1385568 0.1268469 0.1502897 0.1744273 0.1566644 0.1460629 0.1346390 0.1713776 0.0974903 0.1088836 0.0798424 0.0130781 0.0906372 0.0799921 0.1142708 0.0188945 0.0857843 0.1579801 0.0368280 0.0218424 0.1390620 0.1114442 0.1155098 0.1199299 0.1340679 0.1111132 0.1316886 0.0409306 0.0566374 0.1042906 0.1649481 0.0857200 0.1357057 0.0860897 0.0857435 0.0751232 0.0984727 0.1482125 0.0890892 0.1014144 0.1349105 0.1129962 0.0512667 0.1261088 0.0794774 
S0293         0.1975861 0.0707213 0.1216768 0.0831418 0.0086038 0.0966817 0.0840242 0.0824780 0.0000000 0.0824418 0.0815088 0.1221808 0.1286223 0.0889709 0.0509575 0.0995454 0.0042586 0.0086116 0.0948751 0.0982526 0.0603360 0.0656662 0.1021110 0.0794536 0.0683254 0.0669501 0.0129486 0.0086612 0.0838750 0.0832419 0.0711164 0.0581751 0.0043180 0.0716136 0.1682561 0.0736714 0.1221808 0.0173685 0.0409949 0.0086128 0.0460024 0.0510979 0.1025766 0.0608500 0.0846638 0.0764784 0.0733565 0.0713551 0.0676671 0.1028684 0.1266860 0.0961040 0.1008690 0.0896340 0.1745764 0.0000010 0.0886056 0.1124789 0.1040789 0.1149376 0.1833653 0.0000010 0.1069976 0.0671830 0.0564359 0.0504431 0.1149073 0.1650359 0.0263986 0.0568110 0.0890376 0.0708687 0.0659665 0.0659665 0.0831604 0.0893804 0.1126398 0.0966817 0.1024132 0.0129961 0.0795200 0.1182477 0.0843861 0.0130247 0.0085651 0.0758352 0.0859538 0.0461949 0.0963327 0.0786353 0.0844844 0.0848937 0.0514957 0.0561130 0.0841743 0.0716075 0.0222672 0.1064776 0.0959382 0.0723143 0.0505741 0.0957095 0.0220938 0.0720380 0.0222018 0.0514801 0.1058591 0.0899391 0.0888452 0.0892757 0.0831149 0.0910587 0.0663693 0.0666464 0.0932978 0.0564255 
S0294         0.2466988 0.1140637 0.1650575 0.1474158 0.0854330 0.1771878 0.1477076 0.1279227 0.0824418 0.0000000 0.1312885 0.1551178 0.2061442 0.1752323 0.1371158 0.1517379 0.0912355 0.0853276 0.1217931 0.1435951 0.1442901 0.1572666 0.1601631 0.1166413 0.1426298 0.1206332 0.0746419 0.0830664 0.1474534 0.1687530 0.0956377 0.0889007 0.0935606 0.1141401 0.2104038 0.0810038 0.1551178 0.0699135 0.1016660 0.0785725 0.1336276 0.1402674 0.1834828 0.1021034 0.1485636 0.0958781 0.1355737 0.1137044 0.1148964 0.1682304 0.1717918 0.1600547 0.0882310 0.1342938 0.2208064 0.0000010 0.1323596 0.1764973 0.1693995 0.1768211 0.2125160 0.0000010 0.1605201 0.1399787 0.1128784 0.1022173 0.1785955 0.2075469 0.0744595 0.1168956 0.1459217 0.1429641 0.0903131 0.1144508 0.1626647 0.1409692 0.1580586 0.1421943 0.1838951 0.0801426 0.1549202 0.1339946 0.1427706 0.0803308 0.0847654 0.1190504 0.1350317 0.0954579 0.1425622 0.1565321 0.1220947 0.1370325 0.1104550 0.1339915 0.1283883 0.0963137 0.1030561 0.1468846 0.1549883 0.1268422 0.1014210 0.1484300 0.0968161 0.1339002 0.0812126 0.0862716 0.1330996 0.1495966 0.1144588 0.1662782 0.1135507 0.1603554 0.1133881 0.1201801 0.1364307 0.1088300 
S0299         0.2388987 0.1342171 0.0867562 0.1090895 0.0897158 0.1609727 0.0549388 0.1457743 0.0815088 0.1312885 0.0000000 0.1546511 0.1555835 0.0864458 0.0835648 0.1056674 0.1011390 0.0950894 0.1417741 0.1227632 0.0787316 0.0790871 0.0911946 0.1334801 0.1093617 0.0348995 0.0946523 0.0931211 0.0540355 0.0918942 0.0743350 0.1164045 0.1093556 0.1115242 0.1775990 0.1381239 0.1546511 0.1004493 0.0786433 0.0950932 0.1078268 0.1139068 0.1031481 0.0998049 0.1172352 0.0796188 0.0597197 0.0848052 0.1096493 0.0919504 0.1023963 0.0909819 0.1692247 0.1511227 0.1788760 0.0000010 0.1218884 0.1459281 0.0997232 0.1101258 0.1840204 0.0000010 0.1071831 0.1136950 0.0824603 0.1106817 0.1675075 0.1661367 0.1165052 0.1372213 0.1077171 0.0630694 0.0692653 0.0918167 0.0918037 0.0641460 0.1252407 0.1276961 0.1673949 0.1004482 0.1303411 0.1635663 0.1341653 0.0939996 0.0944546 0.1274580 0.1251308 0.1180209 0.0733259 0.1526703 0.1395059 0.0610310 0.1187675 0.1196624 0.1502606 0.0748397 0.1132004 0.1369921 0.1512015 0.1238801 0.1244125 0.0597505 0.0842055 0.0592557 0.0897785 0.0964385 0.1700004 0.1459346 0.0918390 0.1029056 0.1016330 0.1531802 0.0740455 0.1174055 0.1245889 0.0838399 
S0303         0.3635651 0.1753786 0.1264214 0.1316985 0.1365672 0.0398313 0.1298380 0.1633842 0.1221808 0.1551178 0.1546511 0.0000000 0.1318978 0.1501452 0.1332420 0.1969362 0.1313672 0.1243909 0.1679300 0.2006355 0.1431137 0.1438981 0.1373268 0.1721789 0.1180364 0.1190109 0.1237469 0.1232267 0.1296108 0.1550804 0.1176687 0.1550649 0.1413991 0.1220687 0.2268262 0.1482156 0.0000010 0.1303662 0.0871871 0.1243926 0.1183298 0.1196563 0.1390212 0.1095816 0.0902011 0.1179968 0.1218832 0.1101433 0.0619137 0.1321861 0.1487005 0.1308196 0.1767380 0.2026630 0.2690675 0.0000010 0.0981145 0.1173507 0.1411602 0.1615640 0.2446417 0.0000010 0.1558512 0.1313871 0.0611001 0.1356666 0.1929607 0.2152907 0.1234000 0.1505579 0.1168669 0.1417594 0.1118361 0.1388331 0.1620120 0.1233492 0.1067316 0.0169460 0.0445274 0.1303945 0.0957719 0.1878135 0.1558921 0.1228059 0.1234653 0.1673583 0.1558027 0.1441621 0.1473389 0.1701074 0.1561350 0.1259218 0.1372354 0.1309315 0.1959115 0.1185712 0.1327890 0.1754305 0.1684080 0.1216237 0.1493660 0.1252520 0.1120808 0.1203056 0.1243721 0.1262489 0.1618555 0.1570890 0.1226092 0.1359062 0.1296809 0.1895482 0.0989295 0.1150426 0.1984842 0.1051995 
S0308         0.2966144 0.1503064 0.1699710 0.1232963 0.1369793 0.1206751 0.1609027 0.1390173 0.1286223 0.2061442 0.1555835 0.1318978 0.0000000 0.1777915 0.1209359 0.2191251 0.1316543 0.1307013 0.1596081 0.1812107 0.1317059 0.1398599 0.1102524 0.1697694 0.1238836 0.1321379 0.1421019 0.1211568 0.1569542 0.1580984 0.1310021 0.1340524 0.1491961 0.1165787 0.2240142 0.1424480 0.1318978 0.1429125 0.0927855 0.1307024 0.1076866 0.1140434 0.1231277 0.1042329 0.1195122 0.1374314 0.1353582 0.0980667 0.0887662 0.1232588 0.1303316 0.1042900 0.2011705 0.1829963 0.2507006 0.4249587 0.1305948 0.1723772 0.1186259 0.1374704 0.2514411 0.1147438 0.1626830 0.1179355 0.0837086 0.1181920 0.1668702 0.2212062 0.1425138 0.1702375 0.0874348 0.1554924 0.1249622 0.1351480 0.1447597 0.1672102 0.1225252 0.1061582 0.1267206 0.1247509 0.1203972 0.1602107 0.1329128 0.1172896 0.1297140 0.1489204 0.1250617 0.1383736 0.1498255 0.1288459 0.1330984 0.1637717 0.1433463 0.1079759 0.1764324 0.1320364 0.1518722 0.1565928 0.1327031 0.1144430 0.1904025 0.1694273 0.1300120 0.1275184 0.1428284 0.1306052 0.1416570 0.1312366 0.1532012 0.1282292 0.1221715 0.2113825 0.1222608 0.1080679 0.1888323 0.1111463 
S0320         0.2740216 0.1509927 0.1065620 0.1258290 0.1159880 0.1153677 0.0647713 0.1699880 0.0889709 0.1752323 0.0864458 0.1501452 0.1777915 0.0000000 0.0506711 0.1631319 0.1037170 0.1045031 0.1328147 0.1592135 0.0495658 0.0497757 0.1307319 0.1494912 0.1395979 0.0563153 0.1152594 0.0961114 0.0755622 0.0610817 0.0934307 0.1205445 0.0820378 0.1336581 0.2154908 0.1632035 0.1501452 0.1147764 0.0978753 0.1045064 0.0923136 0.0981762 0.1391514 0.1207955 0.1357141 0.0991823 0.0724536 0.1047448 0.1323620 0.1176731 0.1436153 0.1049835 0.1596061 0.1665127 0.2217158 6.8403311 0.1468861 0.1543945 0.1215818 0.1265985 0.2131495 0.2771584 0.1561207 0.1232657 0.0974110 0.1209329 0.1942216 0.1782945 0.1271245 0.1620529 0.1424482 0.0757126 0.0879547 0.0661065 0.0610273 0.0646972 0.1638135 0.1350649 0.1211361 0.1101704 0.1500911 0.1880340 0.1658047 0.1032398 0.1037666 0.1451569 0.1583588 0.1288466 0.0695459 0.1352061 0.1662134 0.0658347 0.1546130 0.1037797 0.1666292 0.0941116 0.1238168 0.1408853 0.1776071 0.1412082 0.1468546 0.0715045 0.1039859 0.0661035 0.1158287 0.1176041 0.1738615 0.1415124 0.0873021 0.1322077 0.1231898 0.1820096 0.1043700 0.1341554 0.1722971 0.1164507 
S0327         0.1932683 0.1015461 0.1070801 0.1113853 0.0842395 0.0736297 0.0743926 0.1312494 0.0509575 0.1371158 0.0835648 0.1332420 0.1209359 0.0506711 0.0000000 0.1537471 0.0664862 0.0726545 0.0989903 0.1338603 0.0286563 0.0238434 0.0965784 0.1078847 0.1001214 0.0449092 0.0779450 0.0573947 0.0679558 0.0341700 0.0675180 0.0806704 0.0557172 0.1028080 0.1975003 0.1100644 0.1332420 0.0776271 0.0723690 0.0726595 0.0606213 0.0663753 0.0980336 0.0899592 0.0960040 0.0733662 0.0513395 0.0837171 0.0935550 0.1034051 0.1173393 0.0847743 0.1147117 0.1307165 0.1979758 9.0000000 0.1053676 0.1227757 0.1001866 0.1126097 0.2125570 0.5805171 0.1171154 0.0971308 0.0677438 0.0722086 0.1623373 0.1830722 0.0839357 0.1173140 0.0972421 0.0608020 0.0619010 0.0396112 0.0290715 0.0678902 0.1097161 0.1050180 0.0736297 0.0665723 0.1100079 0.1360397 0.1182965 0.0661950 0.0721371 0.1079190 0.1207510 0.0850967 0.0416908 0.0899321 0.1250177 0.0560906 0.1102330 0.0719911 0.1308264 0.0680277 0.0784764 0.1118306 0.1226758 0.1017189 0.1093372 0.0613894 0.0722880 0.0394461 0.0783519 0.0725274 0.1359103 0.0894383 0.0868629 0.0989920 0.0973006 0.1430397 0.0907256 0.0950286 0.1412541 0.0845744 
S0376         0.2963957 0.0862130 0.1661811 0.1038306 0.1133326 0.2038159 0.1509887 0.1200444 0.0995454 0.1517379 0.1056674 0.1969362 0.2191251 0.1631319 0.1537471 0.0000000 0.1200163 0.1134932 0.0920681 0.0348319 0.1540074 0.1671135 0.1092760 0.1378972 0.1350178 0.1186677 0.1129383 0.1120345 0.1323446 0.1782707 0.1618051 0.1245045 0.1292033 0.1267156 0.1766296 0.1247861 0.1969362 0.1079394 0.1136634 0.1079727 0.1470944 0.1540316 0.1202543 0.1255578 0.1747015 0.1684618 0.1442919 0.1144401 0.1470819 0.1157755 0.1272390 0.1090223 0.1570584 0.1115090 0.1625862 0.0000010 0.1398010 0.1478129 0.1298545 0.1055361 0.1679222 0.0000010 0.1073416 0.1230972 0.1255295 0.0967978 0.1356086 0.1631164 0.1242090 0.1206166 0.1251615 0.1341849 0.1556112 0.1852846 0.1852015 0.1508164 0.1653369 0.1668622 0.1970188 0.1191660 0.1689409 0.1185680 0.1363310 0.1121216 0.1126928 0.1024014 0.1019320 0.0974906 0.1652748 0.1551684 0.1297793 0.1530987 0.1198103 0.1604479 0.1108308 0.1630901 0.1329507 0.1279166 0.1111178 0.1092034 0.1316422 0.1456795 0.1019005 0.1431533 0.1009445 0.1274409 0.1388881 0.1431446 0.1787374 0.1275701 0.1204141 0.1454997 0.1141193 0.1028998 0.0400109 0.1098260 
S0400         0.2117652 0.0691312 0.1308357 0.0990036 0.0214980 0.1117359 0.0929764 0.0982095 0.0042586 0.0912355 0.1011390 0.1313672 0.1316543 0.1037170 0.0664862 0.1200163 0.0000000 0.0127365 0.0892743 0.1015781 0.0742167 0.0796276 0.1055078 0.0824699 0.0832146 0.0757845 0.0213948 0.0086698 0.0928147 0.0983632 0.0798341 0.0620527 0.0218385 0.0803754 0.1774831 0.0826788 0.1313672 0.0213677 0.0496423 0.0127382 0.0601587 0.0654286 0.1183178 0.0695412 0.0998789 0.0852156 0.0823080 0.0800866 0.0765796 0.1119843 0.1298111 0.0995626 0.0948616 0.1044273 0.2006573 2.1474550 0.0979779 0.1222897 0.1200640 0.1309885 0.2002024 0.3261238 0.1226344 0.0707290 0.0660129 0.0542220 0.1309759 0.1744046 0.0303602 0.0656625 0.0979475 0.0795558 0.0746804 0.0804373 0.0982634 0.0983174 0.1220261 0.1057473 0.1175465 0.0170837 0.0946932 0.1215593 0.0995496 0.0171210 0.0126680 0.0793651 0.0897899 0.0500606 0.0906271 0.0933178 0.0996724 0.0939326 0.0602938 0.0705683 0.0988978 0.0803839 0.0263352 0.1097755 0.0993918 0.0811574 0.0592100 0.1047180 0.0306609 0.0755066 0.0308078 0.0602803 0.1093163 0.1048587 0.0977391 0.1044482 0.0919786 0.1193782 0.0751258 0.0754330 0.1134650 0.0652069 
S0405         0.2213057 0.0691049 0.1238917 0.0924925 0.0169924 0.1185092 0.0869310 0.0917607 0.0086116 0.0853276 0.0950894 0.1243909 0.1307013 0.1045031 0.0726545 0.1134932 0.0127365 0.0000000 0.0954518 0.0954959 0.0747235 0.0854473 0.0991402 0.0884777 0.0772786 0.0701371 0.0169123 0.0086648 0.0867806 0.0991024 0.0741860 0.0565327 0.0219662 0.0746895 0.1694710 0.0767934 0.1243909 0.0213566 0.0445745 0.0083912 0.0605595 0.0658726 0.1116265 0.0640963 0.0936199 0.0794562 0.0764656 0.0744254 0.0708688 0.1054557 0.1229168 0.0933246 0.1015260 0.0981514 0.1920814 0.1696706 0.0915555 0.1150524 0.1132491 0.1240181 0.1746469 0.1147438 0.1159374 0.0707020 0.0600950 0.0490893 0.1239977 0.1663440 0.0257109 0.0601894 0.0918351 0.0739322 0.0691286 0.0810035 0.0990009 0.0921798 0.1150996 0.0993773 0.1244444 0.0126600 0.0885110 0.1146594 0.0933145 0.0126873 0.0083458 0.0737608 0.0833054 0.0449445 0.0969291 0.0940133 0.0934259 0.0878114 0.0549497 0.0710545 0.0927231 0.0746884 0.0216783 0.1034145 0.0931690 0.0754054 0.0539819 0.0984067 0.0259612 0.0754789 0.0260846 0.0549351 0.1026771 0.1056643 0.0916414 0.0981536 0.0860108 0.0997734 0.0695393 0.0698221 0.1071113 0.0597848 
S0412sl       0.2354858 0.1007821 0.1571865 0.0889534 0.1069331 0.1391468 0.1336101 0.0982378 0.0948751 0.1217931 0.1417741 0.1679300 0.1596081 0.1328147 0.0989903 0.0920681 0.0892743 0.0954518 0.0000000 0.0852189 0.1049438 0.1111956 0.0956435 0.0616557 0.1077971 0.1067813 0.1006209 0.0960996 0.1211752 0.1319284 0.1157778 0.0684181 0.0906973 0.0834697 0.1848812 0.0668271 0.1679300 0.0950408 0.0765404 0.0832551 0.0821641 0.0878960 0.1072495 0.0827581 0.1390358 0.1218353 0.1209219 0.0770319 0.1200175 0.0961307 0.1254458 0.0951550 0.1020343 0.0964804 0.1578290 0.0000010 0.1265140 0.1387117 0.0905422 0.0852408 0.1846682 0.0000010 0.1192659 0.0668245 0.0980806 0.0839792 0.1085513 0.1660952 0.1062604 0.1218199 0.0889982 0.1292435 0.1100549 0.1100549 0.1383539 0.1269059 0.1361444 0.1391468 0.1454301 0.1011189 0.1401086 0.1168934 0.1065939 0.0942961 0.0947783 0.0842884 0.0914912 0.0836210 0.1270710 0.1004910 0.0831650 0.1351300 0.1209615 0.0934106 0.0908640 0.1093291 0.1146400 0.0959282 0.0954738 0.0667255 0.1304765 0.1342595 0.0894594 0.1252129 0.0954606 0.0717695 0.0916552 0.0950335 0.1244567 0.0938312 0.0610051 0.1259347 0.0940437 0.0611804 0.0790754 0.0724116 
S0427         0.2570508 0.0697454 0.1793331 0.1036750 0.1064028 0.1939307 0.1574705 0.1262343 0.0982526 0.1435951 0.1227632 0.2006355 0.1812107 0.1592135 0.1338603 0.0348319 0.1015781 0.0954959 0.0852189 0.0000000 0.1419329 0.1546737 0.1039245 0.1295620 0.1269274 0.1185769 0.0948133 0.0990175 0.1385564 0.1722082 0.1412047 0.0946959 0.1155903 0.1078340 0.1810784 0.1054605 0.2006355 0.1008820 0.1064381 0.0902474 0.1268560 0.1333401 0.1262894 0.1068957 0.1732807 0.1474697 0.1441546 0.1071454 0.1510851 0.1218006 0.1216914 0.1036816 0.1344413 0.1052627 0.1627632 0.1696706 0.1387957 0.1466621 0.1361911 0.1057205 0.1807694 0.1147438 0.1131272 0.1096549 0.1234810 0.0694810 0.1480149 0.1632948 0.1060424 0.1131025 0.1065672 0.1340692 0.1353348 0.1506690 0.1593046 0.1506663 0.1502525 0.1707372 0.1873346 0.0902190 0.1675906 0.0957228 0.1332370 0.0839933 0.0948553 0.0695481 0.1006115 0.0802089 0.1526442 0.1342906 0.1159843 0.1529419 0.1123697 0.1394078 0.0996787 0.1422805 0.1137050 0.1047765 0.1040582 0.0965761 0.1357610 0.1582539 0.0950451 0.1430190 0.0941806 0.1196591 0.1145566 0.1228464 0.1506402 0.1197870 0.1129246 0.1444272 0.1126796 0.0906012 0.0595236 0.1026041 
S0428sl       0.2246288 0.1171688 0.1054124 0.1049357 0.0851573 0.0981313 0.0705270 0.1413847 0.0603360 0.1442901 0.0787316 0.1431137 0.1317059 0.0495658 0.0286563 0.1540074 0.0742167 0.0747235 0.1049438 0.1419329 0.0000000 0.0345178 0.1034563 0.1148416 0.1114144 0.0498151 0.0846690 0.0663912 0.0704054 0.0495926 0.0747319 0.0944106 0.0597021 0.1012113 0.1993089 0.1220516 0.1431137 0.0843522 0.0689603 0.0747280 0.0541711 0.0691665 0.0995059 0.0897557 0.1013780 0.0800474 0.0606281 0.0795556 0.0990458 0.0929407 0.1097246 0.0920262 0.1270683 0.1445199 0.2099271 6.8403311 0.1105617 0.1408099 0.1066516 0.1172629 0.2141824 0.2771584 0.1208361 0.0967858 0.0772359 0.0898541 0.1697967 0.1874893 0.0954099 0.1262870 0.1086142 0.0635622 0.0696330 0.0494253 0.0400741 0.0704454 0.1338059 0.1167635 0.1036714 0.0798806 0.1140561 0.1585520 0.1290257 0.0738975 0.0742434 0.1172874 0.1261373 0.0966491 0.0570640 0.0914816 0.1352615 0.0716986 0.1197678 0.0742599 0.1446250 0.0752413 0.0918664 0.1203948 0.1399099 0.1132840 0.1130465 0.0819412 0.0743837 0.0543593 0.0850674 0.0862433 0.1453519 0.1079878 0.0923494 0.0989283 0.0913727 0.1561715 0.0851540 0.1069753 0.1552179 0.0854617 
S0478         0.2200036 0.1290348 0.0947021 0.1055499 0.0961824 0.0877022 0.0708476 0.1421537 0.0656662 0.1572666 0.0790871 0.1438981 0.1398599 0.0497757 0.0238434 0.1671135 0.0796276 0.0854473 0.1111956 0.1546737 0.0345178 0.0000000 0.0983651 0.1269913 0.1069249 0.0500276 0.0956157 0.0719092 0.0758451 0.0498034 0.0750712 0.1061522 0.0699975 0.1016984 0.2147355 0.1396752 0.1438981 0.0952449 0.0692661 0.0854515 0.0642105 0.0694741 0.1055930 0.0901740 0.1018929 0.0804159 0.0608977 0.0752596 0.0995349 0.0989342 0.1217889 0.0870223 0.1342767 0.1452909 0.2258609 9.0000000 0.1172226 0.1458241 0.1021234 0.1127786 0.2305457 0.4879256 0.1214547 0.1033750 0.0776692 0.1009386 0.1641599 0.2026577 0.1066802 0.1387507 0.1091543 0.0638385 0.0699452 0.0496340 0.0497619 0.0707654 0.1471483 0.1173637 0.0931515 0.0907501 0.1146556 0.1726099 0.1236957 0.0844771 0.0848826 0.1291695 0.1204608 0.1080777 0.0522340 0.0972813 0.1298905 0.0720306 0.1319609 0.0745941 0.1453970 0.0755864 0.1032365 0.1210079 0.1345566 0.1138474 0.1249296 0.0823277 0.0850489 0.0545923 0.0960706 0.0974413 0.1316647 0.1085207 0.0927940 0.1107049 0.1026965 0.1570488 0.0855501 0.1074975 0.1631893 0.0858607 
S0552sl       0.2679324 0.1106349 0.1312613 0.0933855 0.1105185 0.1312573 0.1054641 0.1142315 0.1021110 0.1601631 0.0911946 0.1373268 0.1102524 0.1307319 0.0965784 0.1092760 0.1055078 0.0991402 0.0956435 0.1039245 0.1034563 0.0983651 0.0000000 0.1109386 0.0927383 0.0871021 0.1098299 0.1029404 0.0982637 0.1239775 0.1098549 0.1130789 0.1202476 0.0973527 0.1575321 0.1214789 0.1373268 0.1161081 0.0649451 0.0936708 0.0826035 0.0883856 0.0394924 0.0858507 0.1127037 0.1158350 0.0992290 0.0746718 0.0937688 0.0261534 0.0496630 0.0169789 0.1909170 0.1297928 0.1742560 0.1696706 0.1051608 0.1547847 0.0449698 0.0500287 0.1690491 0.1147438 0.0644586 0.0929606 0.0714177 0.0986739 0.1092454 0.1455018 0.1215800 0.1498127 0.0700341 0.1080208 0.1041945 0.1183107 0.1238397 0.1053399 0.1076172 0.1113055 0.1373854 0.1047559 0.1135254 0.1112475 0.1100272 0.0979511 0.0984471 0.1220219 0.0697328 0.0996614 0.1235161 0.1158776 0.1095284 0.1193067 0.1426037 0.0939490 0.1290163 0.1106758 0.1182017 0.1168976 0.1032981 0.0851067 0.1423787 0.1308264 0.0986529 0.0981686 0.1046988 0.1039794 0.0950179 0.0917593 0.1302131 0.0593491 0.0916804 0.1589617 0.0809833 0.0793871 0.1103892 0.0814857 
S0558         0.2255735 0.1046314 0.1615168 0.0915855 0.0996450 0.1692911 0.1253344 0.1162049 0.0794536 0.1166413 0.1334801 0.1721789 0.1697694 0.1494912 0.1078847 0.1378972 0.0824699 0.0884777 0.0616557 0.1295620 0.1148416 0.1269913 0.1109386 0.0000000 0.1126144 0.0994202 0.0880604 0.0862257 0.1251118 0.1498563 0.1083184 0.0829863 0.0957354 0.0922220 0.1891848 0.0549119 0.1721789 0.0771941 0.0805036 0.0884820 0.1033590 0.1094252 0.1236793 0.0914361 0.1454219 0.1141962 0.1080103 0.0810184 0.1242773 0.1001142 0.1413864 0.1103751 0.1366271 0.1177572 0.1912013 0.2244054 0.1382285 0.1433660 0.1057962 0.1185230 0.1814164 0.1365208 0.1422528 0.0866502 0.0959193 0.0935801 0.1313092 0.1772666 0.1105566 0.1063645 0.0977623 0.1213160 0.1027503 0.1205461 0.1496782 0.1188495 0.1491489 0.1433855 0.1694106 0.0939919 0.1465563 0.1215142 0.1229912 0.0874333 0.0878701 0.0936790 0.1142358 0.1063721 0.1375712 0.1279076 0.1231599 0.1247812 0.1000397 0.1036253 0.1119802 0.1091150 0.1070401 0.1055964 0.0982073 0.0865179 0.1117597 0.1225776 0.0880493 0.1112360 0.0830457 0.0706583 0.1151164 0.1091757 0.1282965 0.1039857 0.0695860 0.1369751 0.1086181 0.0806776 0.1306966 0.0817758 
S0616         0.2603688 0.1107763 0.1338658 0.0907110 0.0827341 0.1189050 0.1191058 0.0898564 0.0683254 0.1426298 0.1093617 0.1180364 0.1238836 0.1395979 0.1001214 0.1350178 0.0832146 0.0772786 0.1077971 0.1269274 0.1114144 0.1069249 0.0927383 0.1126144 0.0000000 0.0832380 0.0769259 0.0688405 0.1052576 0.1194723 0.1041223 0.1029226 0.0860498 0.1033290 0.1799447 0.1115118 0.1180364 0.0826484 0.0703302 0.0772832 0.0994707 0.1055603 0.0817679 0.0915922 0.0824953 0.1100197 0.0936747 0.0920365 0.0768222 0.0879315 0.0875403 0.0870654 0.1511717 0.1347781 0.2045826 0.2251825 0.0853902 0.1134072 0.0828843 0.0999100 0.2031779 0.1358711 0.0756031 0.0865823 0.0597190 0.0876098 0.0859926 0.1768446 0.0878250 0.1001585 0.0763671 0.1021845 0.0985287 0.1190598 0.1193395 0.1076372 0.0608059 0.0934998 0.1248545 0.0826360 0.0830531 0.1249054 0.0808101 0.0763919 0.0767630 0.1158536 0.0755291 0.0945716 0.1102041 0.0995314 0.0808984 0.1204167 0.0828726 0.1113583 0.1288438 0.1048932 0.0951447 0.1344895 0.0922270 0.0814179 0.1176239 0.0946341 0.0664827 0.0876314 0.0772981 0.0831867 0.1143382 0.0942214 0.1241208 0.0745246 0.1040008 0.1379341 0.0813592 0.0756673 0.1425437 0.0766007 
S0624         0.2337777 0.1134639 0.0613899 0.0927418 0.0805289 0.1249652 0.0411005 0.1218988 0.0669501 0.1206332 0.0348995 0.1190109 0.1321379 0.0563153 0.0449092 0.1186677 0.0757845 0.0701371 0.1067813 0.1185769 0.0498151 0.0500276 0.0871021 0.0994202 0.0832380 0.0000000 0.0698310 0.0674435 0.0357120 0.0555891 0.0450631 0.0833722 0.0830644 0.0858581 0.1596419 0.1040910 0.1190109 0.0752894 0.0545939 0.0701417 0.0819129 0.0876336 0.0878355 0.0748108 0.0840052 0.0499646 0.0264468 0.0602424 0.0773867 0.0769377 0.0934571 0.0761215 0.1295380 0.1395914 0.1746756 0.0000010 0.0873153 0.1087898 0.0781100 0.0951405 0.1724319 0.0000010 0.0982947 0.0874837 0.0498935 0.0800168 0.1431844 0.1482723 0.0860333 0.1043096 0.0868108 0.0352442 0.0403096 0.0608798 0.0555410 0.0261786 0.0976255 0.0942193 0.1310067 0.0752745 0.0960007 0.1458270 0.1107440 0.0693643 0.0696876 0.1070285 0.1137194 0.0865775 0.0479939 0.1292480 0.1167014 0.0467281 0.0981626 0.0931390 0.1396948 0.0453529 0.0871495 0.1098473 0.1280278 0.0914624 0.0918811 0.0364904 0.0598043 0.0262409 0.0701588 0.0654455 0.1393925 0.1354866 0.0609103 0.0820246 0.0703773 0.1239689 0.0599857 0.0855610 0.1272568 0.0595486 
S0641         0.2273411 0.0788757 0.1232516 0.0920347 0.0256859 0.1296896 0.0865296 0.0913105 0.0129486 0.0746419 0.0946523 0.1237469 0.1421019 0.1152594 0.0779450 0.1129383 0.0213948 0.0169123 0.1006209 0.0948133 0.0846690 0.0956157 0.1098299 0.0880604 0.0769259 0.0698310 0.0000000 0.0130291 0.0863806 0.1098102 0.0738630 0.0613307 0.0218637 0.0743623 0.1684977 0.0764458 0.1237469 0.0126239 0.0443968 0.0169144 0.0703977 0.0758442 0.1110661 0.0638253 0.0931747 0.0791047 0.0761219 0.0741006 0.0705561 0.1049369 0.1340829 0.1038928 0.0890326 0.0976845 0.1909225 0.0000010 0.0911081 0.1082669 0.1126710 0.1233756 0.1902511 0.0000010 0.1153565 0.0703908 0.0598186 0.0584406 0.1233540 0.1653802 0.0345400 0.0501138 0.0914077 0.0736116 0.0688318 0.0911934 0.1096950 0.0917488 0.1145031 0.0988985 0.1357200 0.0212654 0.0880936 0.1200194 0.0928726 0.0213113 0.0168214 0.0835592 0.0944611 0.0447642 0.0965300 0.1046627 0.0929828 0.0874003 0.0450685 0.0811221 0.0922875 0.0743606 0.0305852 0.1029176 0.1037148 0.0750714 0.0442993 0.0979366 0.0258640 0.0751437 0.0171267 0.0547058 0.1137592 0.1165575 0.0912158 0.0976847 0.0856183 0.1120630 0.0692389 0.0695193 0.1065988 0.0595318 
S0643         0.1981204 0.0715726 0.1227142 0.0838177 0.0175553 0.1042158 0.0846745 0.0831425 0.0086612 0.0830664 0.0931211 0.1232267 0.1211568 0.0961114 0.0573947 0.1120345 0.0086698 0.0086648 0.0960996 0.0990175 0.0663912 0.0719092 0.1029404 0.0862257 0.0688405 0.0674435 0.0130291 0.0000000 0.0845230 0.0901929 0.0716370 0.0586057 0.0088065 0.0721421 0.1698256 0.0742331 0.1232267 0.0175553 0.0412742 0.0086660 0.0514838 0.0569515 0.1034149 0.0612850 0.0853255 0.0770469 0.0739118 0.0671380 0.0681711 0.1037105 0.1277698 0.0968741 0.1022613 0.1018672 0.1762131 0.0000010 0.0893312 0.1134897 0.1049433 0.1159022 0.1926203 0.0000027 0.1078686 0.0680044 0.0568773 0.0507930 0.1158730 0.1665908 0.0265688 0.0572206 0.0897304 0.0713856 0.0664443 0.0722484 0.0901012 0.0900786 0.1136076 0.0974593 0.1101357 0.0130772 0.0801368 0.1192708 0.0846839 0.0131062 0.0086177 0.0763922 0.0866791 0.0465160 0.0975985 0.0854922 0.0851425 0.0855584 0.0518608 0.0621170 0.0962178 0.0721368 0.0224113 0.1073370 0.0967052 0.0728538 0.0509256 0.0964727 0.0176748 0.0729234 0.0223450 0.0518452 0.1067527 0.0971894 0.0895349 0.0899727 0.0837506 0.0984990 0.0668524 0.0671345 0.1054719 0.0568291 
S0645sl       0.2815422 0.1382452 0.0812802 0.1005064 0.0976946 0.1356445 0.0450494 0.1500815 0.0838750 0.1474534 0.0540355 0.1296108 0.1569542 0.0755622 0.0679558 0.1323446 0.0928147 0.0867806 0.1211752 0.1385564 0.0704054 0.0758451 0.0982637 0.1251118 0.1052576 0.0357120 0.0863806 0.0845230 0.0000000 0.0821376 0.0710030 0.1078998 0.1008841 0.0923637 0.1841462 0.1180257 0.1296108 0.0921780 0.0602345 0.0867848 0.0884192 0.0943199 0.0991201 0.0809809 0.1086538 0.0763628 0.0554317 0.0748838 0.1011556 0.0939574 0.1230251 0.0869554 0.1464671 0.1486753 0.2127581 0.0000010 0.1130625 0.0999442 0.1005222 0.1110155 0.1898473 0.0000010 0.1221927 0.1053391 0.0726652 0.1025198 0.1724607 0.1649291 0.1083617 0.1290179 0.1109181 0.0540128 0.0658557 0.0887020 0.0820585 0.0492963 0.1271880 0.1043098 0.1417692 0.0921712 0.1217787 0.1756378 0.1379565 0.0857794 0.0861975 0.1312305 0.1422296 0.1098011 0.0687745 0.1570663 0.1434582 0.0607661 0.1223256 0.0999757 0.1478051 0.0714931 0.0986650 0.1229787 0.1555125 0.1156750 0.1162087 0.0492052 0.0711742 0.0500908 0.0867949 0.0880226 0.1617330 0.1638147 0.0756056 0.1059707 0.0932639 0.1338113 0.0709260 0.1092057 0.1380190 0.0755377 
S0656sl       0.2605625 0.1453156 0.1210189 0.1410542 0.1104999 0.1072479 0.0892400 0.1746575 0.0832419 0.1687530 0.0918942 0.1550804 0.1580984 0.0610817 0.0341700 0.1782707 0.0983632 0.0991024 0.1319284 0.1722082 0.0495926 0.0498034 0.1239775 0.1498563 0.1194723 0.0555891 0.1098102 0.0901929 0.0821376 0.0000000 0.0881124 0.1217107 0.0827165 0.1280485 0.2216378 0.1572533 0.1550804 0.1093546 0.0925782 0.0991060 0.0810212 0.0866664 0.1251241 0.1153168 0.1085202 0.0938063 0.0453774 0.1049143 0.1083193 0.1317895 0.1438374 0.1183994 0.1502036 0.1762154 0.2121999 9.0000000 0.1181807 0.1335587 0.1363010 0.1477205 0.2337694 0.3186139 0.1501158 0.1234837 0.0795503 0.1154484 0.2054241 0.2053820 0.1097263 0.1561480 0.1366760 0.0696661 0.0826809 0.0607920 0.0259082 0.0824577 0.1208379 0.1270398 0.1130797 0.1047270 0.1216457 0.1932702 0.1597647 0.0979119 0.0984085 0.1515253 0.1488925 0.1232350 0.0517987 0.1295296 0.1666736 0.0851665 0.1487919 0.0921026 0.1763379 0.0887502 0.1181985 0.1558513 0.1715399 0.1415127 0.1375934 0.0777924 0.0986137 0.0305238 0.1103531 0.1069641 0.1786029 0.1357878 0.1072030 0.1324945 0.1234326 0.1757802 0.0918129 0.1344226 0.1814660 0.1109366 
S0673         0.2369316 0.1118124 0.1064488 0.1094667 0.0845349 0.1235515 0.0660264 0.1329998 0.0711164 0.0956377 0.0743350 0.1176687 0.1310021 0.0934307 0.0675180 0.1618051 0.0798341 0.0741860 0.1157778 0.1412047 0.0747319 0.0750712 0.1098549 0.1083184 0.1041223 0.0450631 0.0738630 0.0716370 0.0710030 0.0881124 0.0000000 0.0709999 0.0871750 0.0794583 0.1705629 0.0908627 0.1176687 0.0793151 0.0586667 0.0741905 0.0859794 0.0916896 0.1110954 0.0687491 0.0894085 0.0125322 0.0560202 0.0745618 0.0873957 0.1050315 0.1402859 0.1038998 0.1072326 0.1374929 0.1933660 0.0000010 0.0979730 0.1267905 0.1000518 0.1242987 0.1927435 0.0000010 0.1329338 0.0915324 0.0601319 0.0789010 0.1607911 0.1674261 0.0738630 0.1139123 0.0861029 0.0641056 0.0041227 0.0214806 0.0772829 0.0607161 0.1087118 0.0931898 0.1295201 0.0691642 0.1065406 0.1445586 0.1271562 0.0634734 0.0737131 0.1054920 0.1314668 0.0959267 0.0692182 0.1401088 0.1273308 0.0723502 0.1076686 0.0971697 0.1316631 0.0083405 0.0911795 0.1197817 0.1387798 0.1014522 0.1181062 0.0826991 0.0638781 0.0552798 0.0742060 0.0639857 0.1318179 0.1339567 0.0214987 0.0907047 0.0790725 0.1388147 0.0742666 0.0954059 0.1373559 0.0745323 
S0689         0.1962123 0.0614395 0.1425814 0.1106948 0.0668407 0.1486106 0.1080934 0.0750192 0.0581751 0.0889007 0.1164045 0.1550649 0.1340524 0.1205445 0.0806704 0.1245045 0.0620527 0.0565327 0.0684181 0.0946959 0.0944106 0.1061522 0.1130789 0.0829863 0.1029226 0.0833722 0.0613307 0.0586057 0.1078998 0.1217107 0.0709999 0.0000000 0.0739836 0.0881870 0.1605771 0.0612472 0.1550649 0.0514375 0.0764776 0.0565374 0.0952308 0.1013206 0.1203949 0.0768012 0.1288386 0.0763512 0.0967023 0.0878571 0.1084213 0.1198052 0.1382296 0.1069320 0.0938443 0.0955911 0.1615205 0.1696706 0.1005271 0.1391442 0.1139224 0.1150953 0.1741501 0.2658314 0.1390680 0.0665399 0.0860730 0.0462654 0.1194624 0.1495282 0.0666263 0.0786510 0.0891530 0.0990254 0.0658598 0.0778662 0.1095958 0.1137705 0.1262707 0.1271025 0.1486106 0.0515222 0.1224538 0.0858437 0.0783512 0.0460454 0.0561740 0.0715266 0.0727243 0.0570516 0.1009431 0.0843639 0.0895283 0.1092690 0.0732090 0.1006746 0.0900343 0.0714892 0.0732257 0.1009871 0.0776937 0.0718480 0.0833130 0.1139559 0.0562772 0.0954331 0.0564417 0.0220025 0.0801095 0.0953116 0.0832394 0.1062081 0.0713423 0.1254574 0.0935461 0.0662145 0.1061116 0.0723529 
S0690         0.1975491 0.0811062 0.1408123 0.1025817 0.0311559 0.1011805 0.0947454 0.1017291 0.0043180 0.0935606 0.1093556 0.1413991 0.1491961 0.0820378 0.0557172 0.1292033 0.0218385 0.0219662 0.0906973 0.1155903 0.0597021 0.0699975 0.1202476 0.0957354 0.0860498 0.0830644 0.0218637 0.0088065 0.1008841 0.0827165 0.0871750 0.0739836 0.0000000 0.0877749 0.1898653 0.0903875 0.1413991 0.0217990 0.0557719 0.0219688 0.0557558 0.0610006 0.1225263 0.0764546 0.1033338 0.0927895 0.0899497 0.0874475 0.0839559 0.1142133 0.1460589 0.1139379 0.0904830 0.1130429 0.2084631 8.2439896 0.1066732 0.1317467 0.1173166 0.1284671 0.2141880 0.3448617 0.1269578 0.0776492 0.0731202 0.0655817 0.1357093 0.1868121 0.0404150 0.0672837 0.1062060 0.0868592 0.0818167 0.0655661 0.0826362 0.1001987 0.1318375 0.1144891 0.1069027 0.0265230 0.0979663 0.1377445 0.1029817 0.0265824 0.0218423 0.0920424 0.1046781 0.0562784 0.0858388 0.0777627 0.1031146 0.0957397 0.0617610 0.0661308 0.1072831 0.0877984 0.0363715 0.1185935 0.1137298 0.0886591 0.0606212 0.1133615 0.0360574 0.0825809 0.0315063 0.0669268 0.1247506 0.0889268 0.1003394 0.1080443 0.0999446 0.1227734 0.0823123 0.0826562 0.1223047 0.0720263 
S0720         0.2582149 0.1015849 0.1241755 0.0635575 0.0851014 0.1279307 0.1034833 0.1015439 0.0716136 0.1141401 0.1115242 0.1220687 0.1165787 0.1336581 0.1028080 0.1267156 0.0803754 0.0746895 0.0834697 0.1078340 0.1012113 0.1016984 0.0973527 0.0922220 0.1033290 0.0858581 0.0743623 0.0721421 0.0923637 0.1280485 0.0794583 0.0881870 0.0877749 0.0000000 0.1770978 0.0552482 0.1220687 0.0696542 0.0257164 0.0746940 0.0497777 0.0548354 0.0984022 0.0083756 0.0987243 0.0794239 0.0926241 0.0441893 0.0809600 0.0979904 0.1206411 0.0916538 0.1158944 0.0857610 0.1723002 0.0000010 0.1083860 0.1040381 0.0884611 0.0989784 0.1925700 0.0000010 0.1138201 0.0701122 0.0702349 0.0643414 0.1337983 0.1740190 0.0848260 0.0980071 0.0595907 0.1003487 0.0743308 0.0972458 0.1162474 0.1089006 0.1129237 0.0975861 0.1338770 0.0696370 0.0994105 0.1124974 0.1027421 0.0639059 0.0742106 0.0956827 0.1050657 0.0807295 0.1037341 0.1147421 0.1028682 0.1108980 0.0973852 0.0598016 0.0805474 0.0748671 0.0917935 0.0700722 0.1025830 0.0640987 0.1188700 0.1220082 0.0743506 0.0914486 0.0747095 0.0803430 0.0841047 0.1037325 0.0972653 0.0963998 0.0642183 0.0938170 0.0488802 0.0588036 0.1199940 0.0397621 
