56
S0055       0.0000000 0.0199772 0.0933622 0.0652443 0.1098159 0.0199734 0.0717644 0.0778309 0.0363329 0.0532411 0.0416578 0.0363300 0.0098767 0.1583168 0.0772450 0.0098748 0.0309313 0.0654116 0.0534126 0.0526628 0.0420621 0.0471561 0.1726752 0.0639878 0.0417946 0.0424302 0.0359776 0.0645901 0.1299539 0.0148988 0.0202578 0.0100026 0.0252538 0.0423824 0.0467217 0.0834262 0.0098767 0.0588988 0.0482826 0.0723928 0.0357747 0.0897499 0.0049309 0.0527667 0.0200925 0.0307748 0.1461609 0.0970933 0.0897848 0.0584942 0.0253442 0.0726738 0.0471390 0.0925084 0.0418238 0.0254742 
S0282       0.0199772 0.0000000 0.1071288 0.0848232 0.1212606 0.0187541 0.0792603 0.1022147 0.0497555 0.0608440 0.0443865 0.0497416 0.0139907 0.1891405 0.0967903 0.0187508 0.0289861 0.0734882 0.0729395 0.0602141 0.0500998 0.0602341 0.2106204 0.0710861 0.0604103 0.0505215 0.0443595 0.0717787 0.1407025 0.0139932 0.0289092 0.0340008 0.0337459 0.0504671 0.0494693 0.1032173 0.0139907 0.0778684 0.0561831 0.0793769 0.0335436 0.1078832 0.0287500 0.0766374 0.0238531 0.0391364 0.1497678 0.1029839 0.1095914 0.0604340 0.0444336 0.0974943 0.0549099 0.0987074 0.0604391 0.0446081 
S0308       0.0933622 0.1071288 0.0000000 0.0344745 0.1463921 0.1002729 0.1347072 0.1792123 0.1068376 0.0994888 0.1285498 0.0866286 0.0880667 0.2565718 0.0293917 0.1064718 0.1220846 0.1339277 0.0347313 0.1045010 0.0994386 0.1107098 0.2732399 0.1169843 0.0987752 0.1004117 0.1273213 0.1608782 0.1537266 0.1002908 0.1216418 0.1137394 0.1127152 0.1002908 0.1184534 0.1812490 0.0880667 0.1146658 0.1072900 0.1279878 0.1265647 0.1859403 0.1063575 0.1323555 0.1002507 0.0802677 0.1958989 0.1418647 0.1892795 0.1173541 0.1208992 0.1331950 0.0804924 0.1446668 0.0808574 0.1019289 
S0322       0.0652443 0.0848232 0.0344745 0.0000000 0.1335583 0.0959853 0.1223338 0.1639904 0.0846067 0.0895196 0.1094835 0.0773973 0.0786139 0.2283279 0.0233684 0.0843308 0.1104190 0.1152968 0.0235183 0.1001727 0.0894810 0.1002027 0.2438759 0.1120813 0.0775741 0.0903071 0.1154449 0.1342156 0.1534052 0.0901413 0.1036585 0.0908552 0.1018535 0.0902037 0.1016217 0.1657556 0.0786139 0.0917643 0.0967338 0.1161081 0.1148009 0.1703290 0.0842422 0.1204005 0.0901063 0.0714354 0.1866009 0.1291230 0.1732380 0.1063670 0.1094904 0.1087580 0.0716698 0.1377198 0.0609707 0.0916021 
S0335       0.1098159 0.1212606 0.1463921 0.1335583 0.0000000 0.1205586 0.1462064 0.1679790 0.1268827 0.1056622 0.1371076 0.1186365 0.1144158 0.2518497 0.1339123 0.1205386 0.1362623 0.1353258 0.1080811 0.1183934 0.0939339 0.1184272 0.2597910 0.1185116 0.0933415 0.0947956 0.1220455 0.1382870 0.0879595 0.1144350 0.1357735 0.1278250 0.1266997 0.0946881 0.1474146 0.1521041 0.1144158 0.1353976 0.0952827 0.0547129 0.1318609 0.1670881 0.1204154 0.1245671 0.1143916 0.1059670 0.1010045 0.0335281 0.1593806 0.1188321 0.1159705 0.1704388 0.1124089 0.0663318 0.1188282 0.1092111 
S0400       0.0199734 0.0187541 0.1002729 0.0959853 0.1205586 0.0000000 0.0788152 0.1016336 0.0494902 0.0605149 0.0441519 0.0494764 0.0139209 0.1741976 0.0962393 0.0092319 0.0288356 0.0730774 0.0725348 0.0598911 0.0498313 0.0493863 0.1950781 0.0707013 0.0600851 0.0502485 0.0441252 0.0881361 0.1272121 0.0139234 0.0287593 0.0338232 0.0335711 0.0501947 0.0492072 0.1026249 0.0139209 0.0774388 0.0558765 0.0789305 0.0333710 0.1072689 0.0286018 0.0762206 0.0237304 0.0389317 0.1358072 0.1023945 0.1089583 0.0601085 0.0441985 0.0969358 0.0546165 0.0981356 0.0601136 0.0443710 
S0412sl     0.0717644 0.0792603 0.1347072 0.1223338 0.1462064 0.0788152 0.0000000 0.1506346 0.0666364 0.0783020 0.0929998 0.0609968 0.0674874 0.1881530 0.1226623 0.0788012 0.0924223 0.0919934 0.0971546 0.0774657 0.0670278 0.0774905 0.2095022 0.0774781 0.0821052 0.0721335 0.0974481 0.1343938 0.1665501 0.0731494 0.0921199 0.0852223 0.0785761 0.0663683 0.0965324 0.1367751 0.0674874 0.1228111 0.0781506 0.0968834 0.0840636 0.1501116 0.0787180 0.1143695 0.0731204 0.0499734 0.1554478 0.1271922 0.1595181 0.0719280 0.0975655 0.1235666 0.0774700 0.1166047 0.0833539 0.0919466 
S0417       0.0778309 0.1022147 0.1792123 0.1639904 0.1679790 0.1016336 0.1506346 0.0000000 0.1139735 0.0950463 0.1237198 0.1139277 0.0957298 0.2059174 0.1644338 0.1016163 0.1101848 0.1288187 0.1362904 0.1136903 0.0834386 0.1137236 0.2133277 0.1137070 0.1140590 0.1036840 0.1089111 0.0603724 0.1819676 0.0957462 0.1159020 0.0964283 0.0956144 0.1035619 0.1147484 0.1249961 0.0957298 0.1435228 0.1104460 0.1222434 0.1206285 0.0441054 0.0897239 0.0772077 0.0840441 0.1012490 0.1828929 0.1480488 0.1318560 0.1201608 0.0970019 0.1724868 0.1076863 0.1441546 0.1264102 0.0906029 
S0427       0.0363329 0.0497555 0.1068376 0.0846067 0.1268827 0.0494902 0.0666364 0.1139735 0.0000000 0.0715959 0.0728143 0.0495863 0.0442958 0.1518172 0.0965401 0.0391573 0.0496733 0.0847424 0.0841015 0.0708467 0.0606341 0.0708694 0.1716622 0.0819307 0.0548265 0.0556293 0.0598301 0.0998994 0.1464572 0.0443037 0.0501271 0.0446218 0.0547095 0.0502102 0.0658689 0.1151030 0.0442958 0.0901593 0.0613533 0.0779210 0.0604324 0.1075129 0.0391160 0.0817869 0.0442861 0.0390177 0.1398929 0.1085035 0.1216272 0.0656314 0.0662605 0.0906088 0.0654452 0.0966288 0.0496993 0.0609178 
S0552sl     0.0532411 0.0608440 0.0994888 0.0895196 0.1056622 0.0605149 0.0783020 0.0950463 0.0715959 0.0000000 0.0848171 0.0596510 0.0551628 0.1797494 0.0897551 0.0605042 0.0729375 0.0396530 0.0665343 0.0284775 0.0046170 0.0284876 0.1866987 0.0384035 0.0597159 0.0499395 0.0778334 0.0875674 0.1239668 0.0551726 0.0727147 0.0664176 0.0658878 0.0498864 0.0833151 0.1161316 0.0551628 0.0909322 0.0555282 0.0660339 0.0774410 0.1005926 0.0550915 0.0757420 0.0551508 0.0488945 0.1259470 0.0883719 0.1227257 0.0596956 0.0667985 0.1082069 0.0439084 0.0841010 0.0597008 0.0610123 
S0641       0.0416578 0.0443865 0.1285498 0.1094835 0.1371076 0.0441519 0.0929998 0.1237198 0.0728143 0.0848171 0.0000000 0.0727904 0.0390299 0.2173092 0.1097771 0.0441440 0.0497617 0.0982653 0.0850291 0.0838957 0.0732789 0.0839223 0.2173465 0.0955599 0.0841716 0.0739412 0.0724208 0.1088036 0.1645942 0.0390369 0.0555383 0.0611146 0.0606291 0.0738573 0.0778758 0.1246300 0.0390299 0.1032827 0.0801436 0.1053597 0.0602383 0.1297113 0.0552266 0.0958724 0.0499734 0.0613115 0.1675203 0.1178840 0.1314698 0.0899307 0.0670027 0.1314013 0.0782237 0.1266533 0.0899329 0.0672753 
S0689       0.0363300 0.0497416 0.0866286 0.0773973 0.1186365 0.0494764 0.0609968 0.1139277 0.0495863 0.0596510 0.0727904 0.0000000 0.0340716 0.1710415 0.0775993 0.0494676 0.0612951 0.0719898 0.0551929 0.0590461 0.0491328 0.0590654 0.1914663 0.0696861 0.0592349 0.0495374 0.0661423 0.0998624 0.1251582 0.0442918 0.0611145 0.0551242 0.0546938 0.0494852 0.0660191 0.1150561 0.0340716 0.1019799 0.0550753 0.0777436 0.0658201 0.1196694 0.0494159 0.0764231 0.0442742 0.0092977 0.1463599 0.1008006 0.1215761 0.0592575 0.0662398 0.0838804 0.0538522 0.0965927 0.0488641 0.0556568 
S0690       0.0098767 0.0139907 0.0880667 0.0786139 0.1144158 0.0139209 0.0674874 0.0957298 0.0442958 0.0551628 0.0390299 0.0340716 0.0000000 0.1810423 0.0788222 0.0139183 0.0238989 0.0674634 0.0560242 0.0545977 0.0445999 0.0546160 0.2021476 0.0652889 0.0547750 0.0449691 0.0390064 0.0824890 0.1334985 0.0092335 0.0238374 0.0288340 0.0286204 0.0449213 0.0389438 0.0966575 0.0000010 0.0718639 0.0505079 0.0732436 0.0284515 0.1013193 0.0237067 0.0599848 0.0188825 0.0239419 0.1422899 0.0964460 0.1029073 0.0547957 0.0390730 0.0793919 0.0493779 0.0921380 0.0443532 0.0291030 
S0735       0.1583168 0.1891405 0.2565718 0.2283279 0.2518497 0.1741976 0.1881530 0.2059174 0.1518172 0.1797494 0.2173092 0.1710415 0.1810423 0.0000000 0.2367217 0.1672695 0.2002899 0.1815274 0.2193070 0.1841749 0.1659334 0.1707501 0.0236396 0.1705673 0.1916574 0.1882506 0.2051158 0.1972343 0.2803899 0.1810690 0.1814779 0.1682507 0.1949098 0.1809526 0.2191785 0.2034266 0.1810423 0.2441663 0.1894690 0.2139354 0.1966941 0.1908389 0.1601990 0.1882024 0.1810036 0.1567248 0.2886509 0.2444314 0.2155934 0.1714337 0.1978145 0.2116524 0.1912385 0.2339914 0.1780878 0.2056486 
S0748       0.0772450 0.0967903 0.0293917 0.0233684 0.1339123 0.0962393 0.1226623 0.1644338 0.0965401 0.0897551 0.1097771 0.0775993 0.0788222 0.2367217 0.0000000 0.0962227 0.1107173 0.1156049 0.0235320 0.1004335 0.0897162 0.0888828 0.2525021 0.1123730 0.0891441 0.0905466 0.1035046 0.1474931 0.1538117 0.0903800 0.1103400 0.1030043 0.1021228 0.0904427 0.0957339 0.1662079 0.0788222 0.1038609 0.0969917 0.1164202 0.1029396 0.1707877 0.0961224 0.1207190 0.0903448 0.0716209 0.1871068 0.1294704 0.1737107 0.1066444 0.1097837 0.1213537 0.0718565 0.1380953 0.0721224 0.0918483 
S0756       0.0098748 0.0187508 0.1064718 0.0843308 0.1205386 0.0092319 0.0788012 0.1016163 0.0391573 0.0605042 0.0441440 0.0494676 0.0139183 0.1672695 0.0962227 0.0000000 0.0288299 0.0730644 0.0725220 0.0598806 0.0498224 0.0493776 0.1879060 0.0706891 0.0495215 0.0502394 0.0441174 0.0881210 0.1398522 0.0139209 0.0237770 0.0238971 0.0335651 0.0501856 0.0491985 0.1026074 0.0139183 0.0718164 0.0558664 0.0789165 0.0333651 0.1072509 0.0188633 0.0762075 0.0237258 0.0389248 0.1488432 0.1023770 0.1089398 0.0600979 0.0441906 0.0907762 0.0546068 0.0981184 0.0495451 0.0443631 
S0763       0.0309313 0.0289861 0.1220846 0.1104190 0.1362623 0.0288356 0.0924223 0.1101848 0.0496733 0.0729375 0.0497617 0.0612951 0.0238989 0.2002899 0.1107173 0.0288299 0.0000000 0.0864040 0.0857370 0.0721602 0.0617478 0.0721837 0.2225586 0.0834786 0.0613637 0.0622894 0.0495802 0.0960083 0.1566378 0.0239033 0.0343247 0.0448594 0.0445119 0.0622201 0.0554213 0.1174790 0.0238989 0.0907599 0.0682459 0.0852098 0.0442359 0.1160167 0.0393206 0.0666128 0.0342502 0.0502115 0.1566059 0.1171923 0.1241674 0.0724280 0.0557535 0.1050573 0.0666480 0.1048818 0.0724324 0.0559775 
S0771       0.0654116 0.0734882 0.1339277 0.1152968 0.1353258 0.0730774 0.0919934 0.1288187 0.0847424 0.0396530 0.0982653 0.0719898 0.0674634 0.1815274 0.1156049 0.0730644 0.0864040 0.0000000 0.0906107 0.0443398 0.0346929 0.0443552 0.1814169 0.0548391 0.0776457 0.0564636 0.0914271 0.1217036 0.1401091 0.0674755 0.0861251 0.0793686 0.0787096 0.0674755 0.0971550 0.1236637 0.0674634 0.1117092 0.0735757 0.0919185 0.0852124 0.1347917 0.0673736 0.1082932 0.0674486 0.0606512 0.1470858 0.1163828 0.1304342 0.0777912 0.0856505 0.1235789 0.0718467 0.1121749 0.0833343 0.0860125 
S0888       0.0534126 0.0729395 0.0347313 0.0235183 0.1080811 0.0725348 0.0971546 0.1362904 0.0841015 0.0665343 0.0850291 0.0551929 0.0560242 0.2193070 0.0235320 0.0725220 0.0857370 0.0906107 0.0000000 0.0768751 0.0665141 0.0768995 0.2345422 0.0881841 0.0661024 0.0670970 0.0907228 0.1208199 0.1268375 0.0669784 0.0854627 0.0787698 0.0781209 0.0670227 0.0846979 0.1377102 0.0560242 0.0925456 0.0730746 0.0912349 0.0902446 0.1423692 0.0724456 0.0956782 0.0669519 0.0496323 0.1574881 0.1035236 0.1447408 0.0827127 0.0850543 0.1039862 0.0604523 0.1113062 0.0606299 0.0738745 
S0959       0.0526628 0.0602141 0.1045010 0.1001727 0.1183934 0.0598911 0.0774657 0.1136903 0.0708467 0.0284775 0.0838957 0.0590461 0.0545977 0.1841749 0.1004335 0.0598806 0.0721602 0.0443398 0.0768751 0.0000000 0.0237303 0.0282128 0.1910980 0.0185996 0.0591097 0.0494303 0.0770069 0.0996553 0.1373033 0.0546073 0.0719424 0.0657242 0.0652049 0.0493783 0.0824277 0.1148145 0.0545977 0.1017643 0.0549551 0.0775773 0.0766231 0.1194222 0.0545279 0.0873773 0.0545859 0.0484074 0.1460629 0.1005900 0.1213220 0.0697270 0.0660973 0.1070074 0.0537380 0.0963867 0.0697315 0.0663631 
S0960       0.0420621 0.0500998 0.0994386 0.0894810 0.0939339 0.0498313 0.0670278 0.0834386 0.0606341 0.0046170 0.0732789 0.0491328 0.0445999 0.1659334 0.0897162 0.0498224 0.0617478 0.0346929 0.0665141 0.0237303 0.0000000 0.0237389 0.1727145 0.0336028 0.0491860 0.0394803 0.0666289 0.0763421 0.1117755 0.0446079 0.0615646 0.0555238 0.0550878 0.0394389 0.0720114 0.1037105 0.0445999 0.0908916 0.0448893 0.0552084 0.0663017 0.0888857 0.0445426 0.0648734 0.0445900 0.0386698 0.1135281 0.0770317 0.1101177 0.0491694 0.0558395 0.0961596 0.0439001 0.0726827 0.0596856 0.0502368 
S1129sl     0.0471561 0.0602341 0.1107098 0.1002027 0.1184272 0.0493863 0.0774905 0.1137236 0.0708694 0.0284876 0.0839223 0.0590654 0.0546160 0.1707501 0.0888828 0.0493776 0.0721837 0.0443552 0.0768995 0.0282128 0.0237389 0.0000000 0.1775271 0.0380415 0.0591290 0.0494471 0.0660217 0.0996850 0.1373409 0.0546256 0.0719658 0.0657457 0.0652261 0.0493951 0.0713547 0.1148483 0.0546160 0.1017951 0.0549746 0.0776021 0.0657007 0.1194565 0.0545462 0.0874040 0.0546042 0.0484236 0.1461027 0.1006201 0.1213572 0.0697491 0.0661190 0.1070391 0.0537558 0.0964164 0.0697536 0.0663849 
S1180       0.1726752 0.2106204 0.2732399 0.2438759 0.2597910 0.1950781 0.2095022 0.2133277 0.1716622 0.1866987 0.2173465 0.1914663 0.2021476 0.0236396 0.2525021 0.1879060 0.2225586 0.1814169 0.2345422 0.1910980 0.1727145 0.1775271 0.0000000 0.1773358 0.1986765 0.1812121 0.2273265 0.2044975 0.2722055 0.2021760 0.2026308 0.1890374 0.2164666 0.1879605 0.2417954 0.2034363 0.2021476 0.2520419 0.1966267 0.2214534 0.2184933 0.1980598 0.1805611 0.1952994 0.2021040 0.1765514 0.2969456 0.2522977 0.2155991 0.1919014 0.2050987 0.2339832 0.1982454 0.2418756 0.1987691 0.2130438 
S1189       0.0639878 0.0710861 0.1169843 0.1120813 0.1185116 0.0707013 0.0774781 0.1137070 0.0819307 0.0384035 0.0955599 0.0696861 0.0652889 0.1705673 0.1123730 0.0706891 0.0834786 0.0548391 0.0881841 0.0185996 0.0336028 0.0380415 0.1773358 0.0000000 0.0697616 0.0600192 0.0883355 0.0996701 0.1374443 0.0653003 0.0832197 0.0767449 0.0761294 0.0599551 0.0938507 0.1148314 0.0652889 0.1138953 0.0603036 0.0776501 0.0878840 0.1194394 0.0652049 0.0988205 0.0652750 0.0587552 0.1462168 0.1063129 0.1213396 0.0591419 0.0771839 0.1191579 0.0642456 0.0964815 0.0806189 0.0774968 
S1201sl     0.0417946 0.0604103 0.0987752 0.0775741 0.0933415 0.0600851 0.0821052 0.1140590 0.0548265 0.0597159 0.0841716 0.0592349 0.0547750 0.1916574 0.0891441 0.0495215 0.0613637 0.0776457 0.0661024 0.0591097 0.0491860 0.0591290 0.1986765 0.0697616 0.0000000 0.0386061 0.0772572 0.0999747 0.1110591 0.0547847 0.0608993 0.0551849 0.0654154 0.0385666 0.0826942 0.1151900 0.0547750 0.0775249 0.0438828 0.0655592 0.0703054 0.1134678 0.0494697 0.0765085 0.0547632 0.0485622 0.1188980 0.0765539 0.1092929 0.0699490 0.0663135 0.1011584 0.0539101 0.0776210 0.0593267 0.0665809 
S1214sl     0.0424302 0.0505215 0.1004117 0.0903071 0.0947956 0.0502485 0.0721335 0.1036840 0.0556293 0.0499395 0.0739412 0.0495374 0.0449691 0.1882506 0.0905466 0.0502394 0.0622894 0.0564636 0.0670970 0.0494303 0.0394803 0.0494471 0.1812121 0.0600192 0.0386061 0.0000000 0.0609451 0.0717737 0.1008637 0.0397794 0.0621025 0.0559978 0.0496350 0.0092459 0.0607932 0.1047169 0.0449691 0.0845028 0.0140197 0.0612320 0.0604895 0.1031393 0.0501860 0.0776690 0.0392853 0.0389789 0.1208544 0.0777160 0.1112013 0.0548985 0.0563191 0.0912029 0.0442574 0.0733329 0.0601886 0.0565471 
S1235sl     0.0359776 0.0443595 0.1273213 0.1154449 0.1220455 0.0441252 0.0974481 0.1089111 0.0598301 0.0778334 0.0724208 0.0661423 0.0390064 0.2051158 0.1035046 0.0441174 0.0495802 0.0914271 0.0907228 0.0770069 0.0666289 0.0660217 0.2273265 0.0883355 0.0772572 0.0609451 0.0000000 0.1011123 0.1616865 0.0340358 0.0501506 0.0496540 0.0285865 0.0608789 0.0338354 0.1143833 0.0390064 0.0957056 0.0667533 0.0844899 0.0496184 0.1271739 0.0440712 0.0826724 0.0188602 0.0550204 0.1551633 0.1222328 0.1208649 0.0719175 0.0498976 0.1044699 0.0714917 0.1039622 0.0772941 0.0500952 
S1239       0.0645901 0.0717787 0.1608782 0.1342156 0.1382870 0.0881361 0.1343938 0.0603724 0.0998994 0.0875674 0.1088036 0.0998624 0.0824890 0.1972343 0.1474931 0.0881210 0.0960083 0.1217036 0.1208199 0.0996553 0.0763421 0.0996850 0.2044975 0.0996701 0.0999747 0.0717737 0.1011123 0.0000000 0.1581308 0.0713995 0.1015250 0.0830696 0.0883155 0.0716948 0.1065866 0.1098895 0.0824890 0.1277123 0.0777536 0.0956462 0.1061930 0.0655718 0.0767635 0.0649384 0.0770849 0.0878206 0.1676342 0.1196982 0.1163926 0.1000216 0.0835506 0.1356454 0.0939132 0.1156197 0.1117733 0.0774952 
S1332       0.1299539 0.1407025 0.1537266 0.1534052 0.0879595 0.1272121 0.1665501 0.1819676 0.1464572 0.1239668 0.1645942 0.1251582 0.1334985 0.2803899 0.1538117 0.1398522 0.1566378 0.1401091 0.1268375 0.1373033 0.1117755 0.1373409 0.2722055 0.1374443 0.1110591 0.1008637 0.1616865 0.1581308 0.0000000 0.1335202 0.1560518 0.1475743 0.1462429 0.1127082 0.1679761 0.1955783 0.1334985 0.1627431 0.1073982 0.0950687 0.1514451 0.1884227 0.1397110 0.1566621 0.1334704 0.1243230 0.0715980 0.0712760 0.2035287 0.1253671 0.1353480 0.1922430 0.1310990 0.1085339 0.1378044 0.1282277 
S1369       0.0148988 0.0139932 0.1002908 0.0901413 0.1144350 0.0139234 0.0731494 0.0957462 0.0443037 0.0551726 0.0390369 0.0442918 0.0092335 0.1810690 0.0903800 0.0139209 0.0239033 0.0674755 0.0669784 0.0546073 0.0446079 0.0546256 0.2021760 0.0653003 0.0547847 0.0397794 0.0340358 0.0713995 0.1335202 0.0000000 0.0238417 0.0288392 0.0237861 0.0397377 0.0389676 0.0966742 0.0092335 0.0718765 0.0452355 0.0732566 0.0284565 0.1013365 0.0237110 0.0707597 0.0141240 0.0338860 0.1423130 0.0964627 0.1029250 0.0443558 0.0390800 0.0794060 0.0493867 0.0921543 0.0548107 0.0392315 
S1370       0.0202578 0.0289092 0.1216418 0.1036585 0.1357735 0.0287593 0.0921199 0.1159020 0.0501271 0.0727147 0.0555383 0.0611145 0.0238374 0.1814779 0.1103400 0.0237770 0.0343247 0.0861251 0.0854627 0.0719424 0.0615646 0.0719658 0.2026308 0.0832197 0.0608993 0.0621025 0.0501506 0.1015250 0.1560518 0.0238417 0.0000000 0.0394456 0.0443882 0.0620337 0.0500862 0.1170715 0.0238374 0.0833245 0.0680371 0.0862716 0.0441137 0.1217541 0.0340408 0.0776419 0.0341575 0.0500685 0.1587531 0.1167873 0.1171500 0.0722086 0.0449532 0.0852633 0.0664494 0.1062420 0.0665150 0.0558145 
S1375       0.0100026 0.0340008 0.1137394 0.0908552 0.1278250 0.0338232 0.0852223 0.0964283 0.0446218 0.0664176 0.0611146 0.0551242 0.0288340 0.1682507 0.1030043 0.0238971 0.0448594 0.0793686 0.0787698 0.0657242 0.0555238 0.0657457 0.1890374 0.0767449 0.0551849 0.0559978 0.0496540 0.0830696 0.1475743 0.0288392 0.0394456 0.0000000 0.0388441 0.0559369 0.0548198 0.0956679 0.0288340 0.0779932 0.0617654 0.0853477 0.0494233 0.0946391 0.0141621 0.0767868 0.0288276 0.0443510 0.1568859 0.1092916 0.1018437 0.0659648 0.0497344 0.0974728 0.0603513 0.1050586 0.0552113 0.0499315 
S1381       0.0252538 0.0337459 0.1127152 0.1018535 0.1266997 0.0335711 0.0785761 0.0956144 0.0547095 0.0658878 0.0606291 0.0546938 0.0286204 0.1949098 0.1021228 0.0335651 0.0445119 0.0787096 0.0781209 0.0652049 0.0550878 0.0652261 0.2164666 0.0761294 0.0654154 0.0496350 0.0285865 0.0883155 0.1462429 0.0237861 0.0443882 0.0388441 0.0000000 0.0495826 0.0384617 0.1085985 0.0286204 0.0830288 0.0551852 0.0846327 0.0490443 0.1132220 0.0335301 0.0817071 0.0092335 0.0440127 0.1554345 0.1083486 0.1150129 0.0602290 0.0338853 0.0853592 0.0598777 0.1041418 0.0654464 0.0340163 
S1449       0.0423824 0.0504671 0.1002908 0.0902037 0.0946881 0.0501947 0.0663683 0.1035619 0.0502102 0.0498864 0.0738573 0.0494852 0.0449213 0.1809526 0.0904427 0.0501856 0.0622201 0.0674755 0.0670227 0.0493783 0.0394389 0.0493951 0.1879605 0.0599551 0.0385666 0.0092459 0.0608789 0.0716948 0.1127082 0.0397377 0.0620337 0.0559369 0.0495826 0.0000000 0.0607274 0.1045923 0.0449213 0.0844067 0.0140059 0.0611652 0.0604243 0.1030185 0.0501323 0.0775827 0.0392444 0.0389387 0.1084791 0.0776295 0.1110679 0.0443833 0.0562575 0.0910975 0.0442112 0.0732504 0.0601241 0.0564856 
S1460       0.0467217 0.0494693 0.1184534 0.1016217 0.1474146 0.0492072 0.0965324 0.1147484 0.0658689 0.0833151 0.0778758 0.0660191 0.0389438 0.2191785 0.0957339 0.0491985 0.0554213 0.0971550 0.0846979 0.0824277 0.0720114 0.0713547 0.2417954 0.0938507 0.0826942 0.0607932 0.0338354 0.1065866 0.1679761 0.0389676 0.0500862 0.0548198 0.0384617 0.0607274 0.0000000 0.1285355 0.0389438 0.0885183 0.0665828 0.0973094 0.0547812 0.1269410 0.0491472 0.0825721 0.0285489 0.0549234 0.1708997 0.1282121 0.1352995 0.0771769 0.0550878 0.0850057 0.0768691 0.1177233 0.0771429 0.0500084 
S1539       0.0834262 0.1032173 0.1812490 0.1657556 0.1521041 0.1026249 0.1367751 0.1249961 0.1151030 0.1161316 0.1246300 0.1150561 0.0966575 0.2034266 0.1662079 0.1026074 0.1174790 0.1236637 0.1377102 0.1148145 0.1037105 0.1148483 0.2034363 0.1148314 0.1151900 0.1047169 0.1143833 0.1098895 0.1955783 0.0966742 0.1170715 0.0956679 0.1085985 0.1045923 0.1285355 0.0000000 0.0966575 0.1516546 0.1115610 0.1130137 0.1218381 0.1100764 0.1025005 0.1026405 0.0966367 0.1022321 0.2068577 0.1390910 0.0285932 0.1276862 0.1102094 0.1437799 0.1087445 0.1349987 0.1073431 0.1106860 
S_670       0.0098767 0.0139907 0.0880667 0.0786139 0.1144158 0.0139209 0.0674874 0.0957298 0.0442958 0.0551628 0.0390299 0.0340716 0.0000010 0.1810423 0.0788222 0.0139183 0.0238989 0.0674634 0.0560242 0.0545977 0.0445999 0.0546160 0.2021476 0.0652889 0.0547750 0.0449691 0.0390064 0.0824890 0.1334985 0.0092335 0.0238374 0.0288340 0.0286204 0.0449213 0.0389438 0.0966575 0.0000000 0.0718639 0.0505079 0.0732436 0.0284515 0.1013193 0.0237067 0.0599848 0.0188825 0.0239419 0.1422899 0.0964460 0.1029073 0.0547957 0.0390730 0.0793919 0.0493779 0.0921380 0.0443532 0.0291030 
SRR11470320 0.0588988 0.0778684 0.1146658 0.0917643 0.1353976 0.0774388 0.1228111 0.1435228 0.0901593 0.0909322 0.1032827 0.1019799 0.0718639 0.2441663 0.1038609 0.0718164 0.0907599 0.1117092 0.0925456 0.1017643 0.0908916 0.1017951 0.2520419 0.1138953 0.0775249 0.0845028 0.0957056 0.1277123 0.1627431 0.0718765 0.0833245 0.0779932 0.0830288 0.0844067 0.0885183 0.1516546 0.0718639 0.0000000 0.0908257 0.0919579 0.0771991 0.1495422 0.0717413 0.1200912 0.0718484 0.0896238 0.1726714 0.1040249 0.1589217 0.1142083 0.0786007 0.1198144 0.0616040 0.1182392 0.0960764 0.0789261 
SRR8528336  0.0482826 0.0561831 0.1072900 0.0967338 0.0952827 0.0558765 0.0781506 0.1104460 0.0613533 0.0555282 0.0801436 0.0550753 0.0505079 0.1894690 0.0969917 0.0558664 0.0682459 0.0735757 0.0730746 0.0549551 0.0448893 0.0549746 0.1966267 0.0603036 0.0438828 0.0140197 0.0667533 0.0777536 0.1073982 0.0452355 0.0680371 0.0617654 0.0551852 0.0140059 0.0665828 0.1115610 0.0505079 0.0908257 0.0000000 0.0615276 0.0662465 0.1098615 0.0558070 0.0837779 0.0446658 0.0443116 0.1150663 0.0769423 0.1181834 0.0551569 0.0621231 0.0976991 0.0496981 0.0737007 0.0659115 0.0623779 
SRR8528341  0.0723928 0.0793769 0.1279878 0.1161081 0.0547129 0.0789305 0.0968834 0.1222434 0.0779210 0.0660339 0.1053597 0.0777436 0.0732436 0.2139354 0.1164202 0.0789165 0.0852098 0.0919185 0.0912349 0.0775773 0.0552084 0.0776021 0.2214534 0.0776501 0.0655592 0.0612320 0.0844899 0.0956462 0.0950687 0.0732566 0.0862716 0.0853477 0.0846327 0.0611652 0.0973094 0.1130137 0.0732436 0.0919579 0.0615276 0.0000000 0.0841857 0.1218336 0.0788331 0.0890032 0.0732275 0.0662272 0.0893793 0.0441900 0.1197355 0.0778646 0.0742013 0.1175906 0.0720208 0.0189510 0.0778684 0.0681519 
SRR8528343  0.0357747 0.0335436 0.1265647 0.1148009 0.1318609 0.0333710 0.0840636 0.1206285 0.0604324 0.0774410 0.0602383 0.0658201 0.0284515 0.1966941 0.1029396 0.0333651 0.0442359 0.0852124 0.0902446 0.0766231 0.0663017 0.0657007 0.2184933 0.0878840 0.0703054 0.0604895 0.0496184 0.1061930 0.1514451 0.0284565 0.0441137 0.0494233 0.0490443 0.0604243 0.0547812 0.1218381 0.0284515 0.0771991 0.0662465 0.0841857 0.0000000 0.1202293 0.0438707 0.0936342 0.0388225 0.0547600 0.1542839 0.1134873 0.1284889 0.0769036 0.0602940 0.1100699 0.0711397 0.1033586 0.0769075 0.0605338 
SRR8528347  0.0897499 0.1078832 0.1859403 0.1703290 0.1670881 0.1072689 0.1501116 0.0441054 0.1075129 0.1005926 0.1297113 0.1196694 0.1013193 0.1908389 0.1707877 0.1072509 0.1160167 0.1347917 0.1423692 0.1194222 0.0888857 0.1194565 0.1980598 0.1194394 0.1134678 0.1031393 0.1271739 0.0655718 0.1884227 0.1013365 0.1217541 0.0946391 0.1132220 0.1030185 0.1269410 0.1100764 0.1013193 0.1495422 0.1098615 0.1218336 0.1202293 0.0000000 0.0952575 0.0825710 0.1012979 0.1068581 0.1681860 0.1472643 0.1292152 0.1259559 0.1148887 0.1650172 0.1133730 0.1433783 0.1322538 0.1081983 
SRR8528350  0.0049309 0.0287500 0.1063575 0.0842422 0.1204154 0.0286018 0.0787180 0.0897239 0.0391160 0.0550915 0.0552266 0.0494159 0.0237067 0.1601990 0.0961224 0.0188633 0.0393206 0.0673736 0.0724456 0.0545279 0.0445426 0.0545462 0.1805611 0.0652049 0.0494697 0.0501860 0.0440712 0.0767635 0.1397110 0.0237110 0.0340408 0.0141621 0.0335301 0.0501323 0.0491472 0.1025005 0.0237067 0.0717413 0.0558070 0.0788331 0.0438707 0.0952575 0.0000000 0.0706560 0.0237013 0.0388840 0.1486916 0.1022707 0.1088267 0.0600354 0.0441443 0.0906808 0.0545500 0.0980145 0.0494932 0.0443163 
SRR8528354  0.0527667 0.0766374 0.1323555 0.1204005 0.1245671 0.0762206 0.1143695 0.0772077 0.0817869 0.0757420 0.0958724 0.0764231 0.0599848 0.1882024 0.1207190 0.0762075 0.0666128 0.1082932 0.0956782 0.0873773 0.0648734 0.0874040 0.1952994 0.0988205 0.0765085 0.0776690 0.0826724 0.0649384 0.1566621 0.0707597 0.0776419 0.0767868 0.0817071 0.0775827 0.0825721 0.1026405 0.0599848 0.1200912 0.0837779 0.0890032 0.0936342 0.0825710 0.0706560 0.0000000 0.0707324 0.0651264 0.1592822 0.1186352 0.1089761 0.0990858 0.0828457 0.1153288 0.0818104 0.1084384 0.0876989 0.0658789 
SRR8528357  0.0200925 0.0238531 0.1002507 0.0901063 0.1143916 0.0237304 0.0731204 0.0840441 0.0442861 0.0551508 0.0499734 0.0442742 0.0188825 0.1810036 0.0903448 0.0237258 0.0342502 0.0674486 0.0669519 0.0545859 0.0445900 0.0546042 0.2021040 0.0652750 0.0547632 0.0392853 0.0188602 0.0770849 0.1334704 0.0141240 0.0341575 0.0288276 0.0092335 0.0392444 0.0285489 0.0966367 0.0188825 0.0718484 0.0446658 0.0732275 0.0388225 0.1012979 0.0237013 0.0707324 0.0000000 0.0338724 0.1422594 0.0964253 0.1028852 0.0496563 0.0289652 0.0853743 0.0493672 0.0921178 0.0547892 0.0290772 
SRR8528359  0.0307748 0.0391364 0.0802677 0.0714354 0.1059670 0.0389317 0.0499734 0.1012490 0.0390177 0.0488945 0.0613115 0.0092977 0.0239419 0.1567248 0.0716209 0.0389248 0.0502115 0.0606512 0.0496323 0.0484074 0.0386698 0.0484236 0.1765514 0.0587552 0.0485622 0.0389789 0.0550204 0.0878206 0.1243230 0.0338860 0.0500685 0.0443510 0.0440127 0.0389387 0.0549234 0.1022321 0.0239419 0.0896238 0.0443116 0.0662272 0.0547600 0.1068581 0.0388840 0.0651264 0.0338724 0.0000000 0.1326399 0.0886287 0.1085334 0.0485796 0.0551070 0.0721275 0.0433491 0.0843496 0.0384616 0.0447742 
SRR8528361  0.1461609 0.1497678 0.1958989 0.1866009 0.1010045 0.1358072 0.1554478 0.1828929 0.1398929 0.1259470 0.1675203 0.1463599 0.1422899 0.2886509 0.1871068 0.1488432 0.1566059 0.1470858 0.1574881 0.1460629 0.1135281 0.1461027 0.2969456 0.1462168 0.1188980 0.1208544 0.1551633 0.1676342 0.0715980 0.1423130 0.1587531 0.1568859 0.1554345 0.1084791 0.1708997 0.2068577 0.1422899 0.1726714 0.1150663 0.0893793 0.1542839 0.1681860 0.1486916 0.1592822 0.1422594 0.1326399 0.0000000 0.0836575 0.2151076 0.1149806 0.1443068 0.1957295 0.1396681 0.1026273 0.1466019 0.1369141 
SRR8528365  0.0970933 0.1029839 0.1418647 0.1291230 0.0335281 0.1023945 0.1271922 0.1480488 0.1085035 0.0883719 0.1178840 0.1008006 0.0964460 0.2444314 0.1294704 0.1023770 0.1171923 0.1163828 0.1035236 0.1005900 0.0770317 0.1006201 0.2522977 0.1063129 0.0765539 0.0777160 0.1222328 0.1196982 0.0712760 0.0964627 0.1167873 0.1092916 0.1083486 0.0776295 0.1282121 0.1390910 0.0964460 0.1040249 0.0769423 0.0441900 0.1134873 0.1472643 0.1022707 0.1186352 0.0964253 0.0886287 0.0836575 0.0000000 0.1461956 0.1066019 0.0977366 0.1501997 0.0832552 0.0553901 0.1009632 0.0912850 
SRR8528370  0.0897848 0.1095914 0.1892795 0.1732380 0.1593806 0.1089583 0.1595181 0.1318560 0.1216272 0.1227257 0.1314698 0.1215761 0.1029073 0.2155934 0.1737107 0.1089398 0.1241674 0.1304342 0.1447408 0.1213220 0.1101177 0.1213572 0.2155991 0.1213396 0.1092929 0.1112013 0.1208649 0.1163926 0.2035287 0.1029250 0.1171500 0.1018437 0.1150129 0.1110679 0.1352995 0.0285932 0.1029073 0.1589217 0.1181834 0.1197355 0.1284889 0.1292152 0.1088267 0.1089761 0.1028852 0.1085334 0.2151076 0.1461956 0.0000000 0.1343913 0.1167326 0.1644087 0.1151686 0.1421663 0.1074121 0.1172421 
SRR8528372  0.0584942 0.0604340 0.1173541 0.1063670 0.1188321 0.0601085 0.0719280 0.1201608 0.0656314 0.0596956 0.0899307 0.0592575 0.0547957 0.1714337 0.1066444 0.0600979 0.0724280 0.0777912 0.0827127 0.0697270 0.0491694 0.0697491 0.1919014 0.0591419 0.0699490 0.0548985 0.0719175 0.1000216 0.1253671 0.0443558 0.0722086 0.0659648 0.0602290 0.0443833 0.0771769 0.1276862 0.0547957 0.1142083 0.0551569 0.0778646 0.0769036 0.1259559 0.0600354 0.0990858 0.0496563 0.0485796 0.1149806 0.1066019 0.1343913 0.0000000 0.0773959 0.0955844 0.0644182 0.0967499 0.0699816 0.0777110 
SRR8528379  0.0253442 0.0444336 0.1208992 0.1094904 0.1159705 0.0441985 0.0975655 0.0970019 0.0662605 0.0667985 0.0670027 0.0662398 0.0390730 0.1978145 0.1097837 0.0441906 0.0557535 0.0856505 0.0850543 0.0660973 0.0558395 0.0661190 0.2050987 0.0771839 0.0663135 0.0563191 0.0498976 0.0835506 0.1353480 0.0390800 0.0449532 0.0497344 0.0338853 0.0562575 0.0550878 0.1102094 0.0390730 0.0786007 0.0621231 0.0742013 0.0602940 0.1148887 0.0441443 0.0828457 0.0289652 0.0551070 0.1443068 0.0977366 0.1167326 0.0773959 0.0000000 0.1042527 0.0606927 0.0933863 0.0773997 0.0191004 
SRR8528381  0.0726738 0.0974943 0.1331950 0.1087580 0.1704388 0.0969358 0.1235666 0.1724868 0.0906088 0.1082069 0.1314013 0.0838804 0.0793919 0.2116524 0.1213537 0.0907762 0.1050573 0.1235789 0.1039862 0.1070074 0.0961596 0.1070391 0.2339832 0.1191579 0.1011584 0.0912029 0.1044699 0.1356454 0.1922430 0.0794060 0.0852633 0.0974728 0.0853592 0.0910975 0.0850057 0.1437799 0.0793919 0.1198144 0.0976991 0.1175906 0.1100699 0.1650172 0.0906808 0.1153288 0.0853743 0.0721275 0.1957295 0.1501997 0.1644087 0.0955844 0.1042527 0.0000000 0.1011108 0.1309972 0.0723245 0.0792883 
SRR8528384  0.0471390 0.0549099 0.0804924 0.0716698 0.1124089 0.0546165 0.0774700 0.1076863 0.0654452 0.0439084 0.0782237 0.0538522 0.0493779 0.1912385 0.0718565 0.0546068 0.0666480 0.0718467 0.0604523 0.0537380 0.0439001 0.0537558 0.1982454 0.0642456 0.0539101 0.0442574 0.0714917 0.0939132 0.1310990 0.0493867 0.0664494 0.0603513 0.0598777 0.0442112 0.0768691 0.1087445 0.0493779 0.0616040 0.0496981 0.0720208 0.0711397 0.1133730 0.0545500 0.0818104 0.0493672 0.0433491 0.1396681 0.0832552 0.1151686 0.0644182 0.0606927 0.1011108 0.0000000 0.0834269 0.0538973 0.0609358 
SRR8528389  0.0925084 0.0987074 0.1446668 0.1377198 0.0663318 0.0981356 0.1166047 0.1441546 0.0966288 0.0841010 0.1266533 0.0965927 0.0921380 0.2339914 0.1380953 0.0981184 0.1048818 0.1121749 0.1113062 0.0963867 0.0726827 0.0964164 0.2418756 0.0964815 0.0776210 0.0733329 0.1039622 0.1156197 0.1085339 0.0921543 0.1062420 0.1050586 0.1041418 0.0732504 0.1177233 0.1349987 0.0921380 0.1182392 0.0737007 0.0189510 0.1033586 0.1433783 0.0980145 0.1084384 0.0921178 0.0843496 0.1026273 0.0553901 0.1421663 0.0967499 0.0933863 0.1309972 0.0834269 0.0000000 0.0967509 0.0869044 
SRR8528391  0.0418238 0.0604391 0.0808574 0.0609707 0.1188282 0.0601136 0.0833539 0.1264102 0.0496993 0.0597008 0.0899329 0.0488641 0.0443532 0.1780878 0.0721224 0.0495451 0.0724324 0.0833343 0.0606299 0.0697315 0.0596856 0.0697536 0.1987691 0.0806189 0.0593267 0.0601886 0.0772941 0.1117733 0.1378044 0.0548107 0.0665150 0.0552113 0.0654464 0.0601241 0.0771429 0.1073431 0.0443532 0.0960764 0.0659115 0.0778684 0.0769075 0.1322538 0.0494932 0.0876989 0.0547892 0.0384616 0.1466019 0.1009632 0.1074121 0.0699816 0.0773997 0.0723245 0.0538973 0.0967509 0.0000000 0.0609963 
SRR8528400  0.0254742 0.0446081 0.1019289 0.0916021 0.1092111 0.0443710 0.0919466 0.0906029 0.0609178 0.0610123 0.0672753 0.0556568 0.0291030 0.2056486 0.0918483 0.0443631 0.0559775 0.0860125 0.0738745 0.0663631 0.0502368 0.0663849 0.2130438 0.0774968 0.0665809 0.0565471 0.0500952 0.0774952 0.1282277 0.0392315 0.0558145 0.0499315 0.0340163 0.0564856 0.0500084 0.1106860 0.0291030 0.0789261 0.0623779 0.0681519 0.0605338 0.1081983 0.0443163 0.0658789 0.0290772 0.0447742 0.1369141 0.0912850 0.1172421 0.0777110 0.0191004 0.0792883 0.0609358 0.0869044 0.0609963 0.0000000 
