127
PAFTOL_019361 0.0000000 0.2961221 0.3019883 0.3045158 0.3097432 0.3010464 0.3315151 0.2633742 0.0000010 0.3340960 0.3114632 0.2909534 0.3478902 0.3376446 0.3468092 0.2735567 0.2954982 0.2975321 0.3097433 0.3147692 0.3050180 0.2906983 0.3086579 0.2782680 0.3823149 0.2766856 0.3443300 0.2865901 0.2686408 0.3393702 0.2904084 0.3315191 0.3447305 0.3190546 0.3093835 0.2664108 0.2951003 0.2923905 0.3068239 0.3569945 0.3003473 0.2782777 0.3378876 0.2698659 0.2786793 0.3118095 0.2720529 0.2786934 0.3211405 0.3079518 0.3844223 0.3053825 0.3064609 0.3270980 0.3054757 0.2404827 0.2935188 0.2742091 0.2789726 0.2744206 0.2765662 0.2724253 0.3103496 0.4247266 0.2655570 0.2782357 0.2838823 0.2918956 0.2903857 0.3822073 0.2691790 0.3729202 0.3509340 0.3000089 0.2969009 0.2733031 0.3241145 0.3076645 0.3570560 0.3085646 0.3280226 0.2874982 0.3304526 0.3019467 0.3008413 0.2893010 0.3543273 0.3094801 0.3107923 0.3026077 0.2715202 0.3229010 0.3075042 0.3480095 0.3033815 0.3222224 0.2943586 0.2929562 0.2876623 0.3036168 0.3413666 0.2853003 0.2845722 0.3243239 0.3478902 0.2720040 0.3160905 0.2949032 0.3135396 0.2772348 0.3000211 0.3115759 0.3521555 0.3055513 0.2958166 0.0000010 0.2868133 0.2997944 0.2970017 0.3155706 0.2893619 0.2988634 0.3503277 0.2969738 0.2955598 0.2999641 0.2923640 
S0055         0.2961221 0.0000000 0.0952746 0.0905528 0.0681785 0.1353482 0.1076287 0.1027186 0.0873655 0.1057084 0.1365558 0.1375852 0.1361348 0.1388647 0.1232028 0.0956744 0.1484101 0.0951807 0.0695773 0.0725089 0.1215006 0.0905748 0.1061951 0.0809415 0.0977232 0.1350042 0.1180034 0.0991429 0.0679160 0.1291650 0.0748646 0.0786459 0.1374394 0.1131988 0.1143773 0.0604775 0.0749894 0.0858403 0.1355143 0.2162737 0.0735047 0.1348233 0.0785466 0.1240625 0.0809202 0.0713625 0.0826870 0.0766732 0.1018657 0.0781902 0.1228803 0.1397090 0.1128136 0.1220131 0.0952298 0.1232567 0.1156465 0.0975103 0.1162767 0.1003974 0.1170834 0.0818516 0.1043782 0.2318674 0.1019814 0.1350594 0.1387905 0.1004835 0.1031147 0.2153819 0.0864689 0.2103037 0.1338288 0.1049984 0.0939012 0.1291378 0.0801053 0.1017156 0.2062673 0.0714758 0.0737129 0.0920424 0.1212783 0.1090471 0.1263306 0.1426979 0.1287535 0.1268907 0.1122140 0.1641493 0.1356216 0.0720713 0.1455357 0.1176287 0.1056259 0.0707855 0.0687504 0.0285715 0.1059449 0.0670165 0.1243431 0.0971083 0.1128414 0.1189436 0.0835017 0.0800097 0.1038602 0.1214396 0.0699733 0.1064407 0.0961001 0.0785933 0.1278111 0.0715096 0.1233421 0.0662916 0.0684530 0.1059092 0.1043964 0.1153690 0.0958055 0.0955029 0.1337116 0.0845730 0.0991096 0.0849477 0.0841711 
S0196sl       0.3019883 0.0952746 0.0000000 0.0839916 0.0876855 0.1167416 0.1231946 0.0963688 0.0679048 0.1363823 0.1203245 0.1124720 0.1363323 0.1145129 0.1049920 0.0780481 0.1180730 0.0972273 0.0929448 0.0976738 0.1035694 0.1149611 0.0893424 0.0153095 0.1091163 0.1071504 0.1136646 0.1014543 0.0760790 0.1092373 0.0833293 0.1042353 0.1248946 0.0990617 0.0875048 0.0988797 0.0957187 0.0583749 0.1136974 0.2049748 0.0901810 0.1122940 0.1059877 0.0971931 0.0153197 0.0870908 0.0106503 0.0153914 0.1122750 0.0511423 0.1032219 0.1194031 0.0977177 0.1035508 0.0747222 0.0734895 0.1007514 0.0996581 0.1086497 0.1015697 0.1085133 0.1012828 0.0729718 0.2172211 0.0940384 0.1081961 0.1164125 0.0923355 0.0968932 0.1940116 0.0169033 0.2062808 0.1226967 0.0981113 0.0745698 0.1035714 0.0890544 0.0998483 0.1980731 0.0875053 0.0897624 0.0834030 0.1034950 0.0958799 0.0955979 0.1194433 0.1109695 0.1103845 0.0970907 0.1095605 0.1097819 0.1060379 0.1203114 0.0925172 0.1057997 0.0825408 0.0888731 0.0867403 0.1016309 0.0776266 0.1039563 0.0943231 0.1055999 0.1051711 0.0901480 0.0184327 0.0717161 0.1041549 0.0745414 0.0883502 0.0856117 0.1007568 0.1273616 0.0939142 0.1005849 0.0520093 0.0872000 0.0760616 0.0839686 0.1149567 0.1061069 0.0807196 0.1262712 0.0479443 0.0896217 0.0873615 0.0783551 
S0281         0.3045158 0.0905528 0.0839916 0.0000000 0.0941631 0.1316520 0.0968480 0.1028936 0.1268066 0.1387169 0.1261919 0.1359409 0.1304198 0.1336778 0.1238587 0.0940200 0.1336051 0.1178331 0.0946517 0.0997116 0.1179393 0.1273819 0.1048593 0.0693799 0.1201211 0.1257782 0.1176624 0.1009154 0.1006297 0.1251886 0.0970397 0.1005823 0.1255096 0.1120858 0.1120836 0.0881343 0.1043651 0.0582127 0.1237753 0.2086479 0.1076022 0.1272126 0.1004291 0.1184221 0.0710783 0.0983830 0.0702523 0.0668829 0.1009953 0.0543797 0.1261342 0.1259062 0.1037912 0.1239209 0.0919148 0.1348930 0.1095632 0.1010846 0.1154056 0.0983441 0.1150243 0.1124280 0.0790570 0.2279497 0.1013844 0.1231934 0.1321931 0.0966578 0.1022051 0.2112978 0.0751265 0.1990513 0.1417041 0.1048419 0.0919456 0.1168271 0.0981454 0.1042101 0.1951830 0.0939848 0.0991969 0.0870801 0.1142819 0.1012049 0.1193559 0.1331022 0.1237116 0.1258148 0.1127096 0.1578275 0.1260009 0.0972551 0.1295888 0.1162859 0.1028894 0.0914865 0.0922221 0.0898197 0.1074451 0.0873504 0.1253448 0.0973008 0.1084967 0.1220940 0.1042150 0.0684687 0.0793504 0.1175962 0.0971559 0.1075105 0.1000746 0.1089420 0.1256295 0.0987090 0.1252648 0.0914755 0.0969422 0.1057909 0.1006492 0.1153052 0.1018281 0.0912693 0.1259432 0.0605008 0.1001170 0.0992324 0.0835736 
S0282         0.3097432 0.0681785 0.0876855 0.0941631 0.0000000 0.1370746 0.1094872 0.1075997 0.0528159 0.1099668 0.1329896 0.1440398 0.1389965 0.1244870 0.1214620 0.1005881 0.1487394 0.1030249 0.0156824 0.0274020 0.1199851 0.0923501 0.1068200 0.0844575 0.1005798 0.1354528 0.1216629 0.1009922 0.0651819 0.1288546 0.0694364 0.0312866 0.1371726 0.1116848 0.1112393 0.0587572 0.0215410 0.0830223 0.1368745 0.2082287 0.0743985 0.1384448 0.0344539 0.1258805 0.0853196 0.0203070 0.0862137 0.0801659 0.1106319 0.0771042 0.1289300 0.1355500 0.1098410 0.1238376 0.0950230 0.1128875 0.1165756 0.0992449 0.1201316 0.1022657 0.1140389 0.0831186 0.1016264 0.2287149 0.1008301 0.1288777 0.1484790 0.1030438 0.1049002 0.2046090 0.0901700 0.2042937 0.1455403 0.1114896 0.0940676 0.1247745 0.0633360 0.1006426 0.2029442 0.0234100 0.0434993 0.0964161 0.1189856 0.1053462 0.1231348 0.1421606 0.1266528 0.1313203 0.1185564 0.1658119 0.1357767 0.0280016 0.1406859 0.1145518 0.1035906 0.0226359 0.0244724 0.0637083 0.1091321 0.0496472 0.1260435 0.0991571 0.1120635 0.1255487 0.0484715 0.0843953 0.1020196 0.1147432 0.0250801 0.1073752 0.0982947 0.0375741 0.1278441 0.0368792 0.1240403 0.0349142 0.0649334 0.1058920 0.1052003 0.1202680 0.0984570 0.0944722 0.1397851 0.0873756 0.0983603 0.0863770 0.0858600 
S0288         0.3010464 0.1353482 0.1167416 0.1316520 0.1370746 0.0000000 0.1401727 0.1356713 0.1812812 0.1812435 0.1803857 0.0278394 0.0801896 0.1833081 0.1643198 0.1300007 0.0324603 0.1452072 0.1320519 0.1391829 0.1530330 0.1440884 0.1472765 0.1099718 0.1446148 0.0121182 0.1505430 0.1320456 0.1426243 0.1640362 0.1407913 0.1423617 0.1799589 0.1414709 0.1421714 0.1291170 0.1381105 0.1153000 0.0221234 0.2390521 0.1335862 0.0148900 0.1403387 0.1478183 0.1106979 0.1332872 0.1138600 0.1103710 0.1412307 0.1025305 0.1535295 0.0958198 0.1504590 0.1556389 0.1283398 0.1742104 0.0386751 0.1293428 0.1417092 0.1314914 0.1463309 0.1510936 0.1193457 0.2539011 0.1194140 0.0801316 0.1013357 0.1331711 0.1369330 0.2322418 0.1188410 0.2321678 0.1300401 0.1427746 0.1145147 0.0811661 0.1366979 0.1351032 0.2262895 0.1334495 0.1414684 0.1185129 0.1573263 0.1433220 0.1658976 0.0170938 0.1559618 0.1720358 0.0875607 0.0447690 0.0080540 0.1427384 0.0967241 0.1462433 0.1372729 0.1316747 0.1350016 0.1233936 0.1415597 0.1230171 0.1555755 0.1358517 0.1413659 0.1652609 0.1446380 0.1117515 0.1184885 0.1515304 0.1416416 0.1386855 0.1260332 0.1444461 0.1745315 0.1383017 0.1565126 0.1321764 0.1242932 0.1334049 0.1413008 0.1563795 0.1333936 0.1268072 0.1745923 0.1130230 0.1261612 0.1296165 0.1196790 
S0289         0.3315151 0.1076287 0.1231946 0.0968480 0.1094872 0.1401727 0.0000000 0.1096492 0.1473760 0.1463230 0.0543867 0.1535406 0.1380890 0.0706815 0.0499729 0.1081491 0.1596242 0.1339437 0.1127876 0.1183580 0.0390543 0.1311144 0.0342435 0.1028765 0.1404142 0.1428074 0.0761267 0.1199914 0.1109864 0.0544825 0.1247073 0.1224256 0.0611589 0.0717909 0.0733123 0.1039292 0.1152068 0.0861295 0.1417810 0.2260051 0.1114185 0.1429613 0.1220030 0.1423534 0.1027393 0.1156389 0.1041248 0.1004678 0.1226477 0.0740089 0.0828783 0.1394714 0.0708921 0.0828155 0.1154925 0.0657313 0.1196884 0.1149292 0.1258973 0.1154807 0.1270855 0.1258340 0.1240337 0.2463742 0.1022310 0.1353734 0.1623386 0.1074749 0.1134551 0.2340056 0.1083078 0.2139341 0.1396772 0.1140496 0.0985534 0.1300970 0.1283606 0.1155504 0.2089698 0.1103567 0.1208263 0.0872873 0.0373315 0.0711734 0.0884230 0.1431806 0.0852548 0.0546280 0.1314847 0.1921775 0.1416021 0.1150075 0.1394090 0.1267416 0.1121881 0.1120616 0.1058913 0.0988626 0.1194964 0.1100451 0.0806467 0.1064071 0.1240519 0.0506944 0.1243729 0.1001172 0.1240594 0.0846355 0.1202128 0.1159876 0.1080712 0.1248135 0.0578814 0.1133530 0.0876596 0.0000010 0.1156062 0.1325733 0.1204453 0.0843191 0.1014672 0.1078008 0.1427407 0.0951854 0.1081211 0.1236925 0.1050652 
S0292         0.2633742 0.1027186 0.0963688 0.1028936 0.1075997 0.1356713 0.1096492 0.0000000 0.1441536 0.1471727 0.1365792 0.1433891 0.1395468 0.1326126 0.1243590 0.0823504 0.1431911 0.1277158 0.1080809 0.1101707 0.1230528 0.1298231 0.1086965 0.0895909 0.1341006 0.1336165 0.1203702 0.0931913 0.1020322 0.1276764 0.1084032 0.1187192 0.1410911 0.1137684 0.1182422 0.0923840 0.1109155 0.0894076 0.1327296 0.2254180 0.1147603 0.1343479 0.1178997 0.1091918 0.0913450 0.1128130 0.0895803 0.0872449 0.1025752 0.0854441 0.1225203 0.1440236 0.1223267 0.1187613 0.0866354 0.1410061 0.1123855 0.0933661 0.1028508 0.0909399 0.0992490 0.1393835 0.1075763 0.2340153 0.1109432 0.1339335 0.1394791 0.0973392 0.0935140 0.2178058 0.0965631 0.2161026 0.1535578 0.0944066 0.0926847 0.1314152 0.1164766 0.0514649 0.2136742 0.1093059 0.1197095 0.0816917 0.1170001 0.1147400 0.1357754 0.1408140 0.1283645 0.1344913 0.1190682 0.1698622 0.1298569 0.1152394 0.1448156 0.1049429 0.0312424 0.1086305 0.1055049 0.0954807 0.0542282 0.1057253 0.1241577 0.0355148 0.0384690 0.1323868 0.1218749 0.0894761 0.1089364 0.1239580 0.1116972 0.0465392 0.0867678 0.1208460 0.1315860 0.1092992 0.1229340 0.0883984 0.0966517 0.0973577 0.0933024 0.1207077 0.0931883 0.0840383 0.1507641 0.0827800 0.0931526 0.1150230 0.0873047 
S0293         0.0000010 0.0873655 0.0679048 0.1268066 0.0528159 0.1812812 0.1473760 0.1441536 0.0000000 0.1237358 0.1356057 0.1237724 0.1623154 0.0997566 0.1074563 0.1372908 0.1602154 0.0934711 0.0494617 0.0529178 0.1213403 0.1101763 0.1136128 0.1111977 0.1131639 0.1621270 0.1368164 0.1180656 0.0875495 0.1244968 0.0885975 0.0576492 0.1229091 0.1206932 0.1273880 0.0800848 0.0283479 0.1142885 0.1598722 0.2204580 0.0841377 0.1600908 0.0712703 0.1437215 0.1147916 0.0509214 0.1130631 0.1076233 0.1372629 0.1093199 0.1308923 0.1676863 0.1234297 0.1283460 0.1077410 0.1041102 0.1443751 0.1199493 0.1458699 0.1230003 0.1356970 0.1184341 0.1350008 0.2098093 0.1227016 0.1242556 0.1497614 0.1373600 0.1312495 0.1965528 0.0989924 0.2091781 0.0675256 0.1340444 0.1242999 0.1662288 0.0947175 0.1220450 0.2075223 0.0579480 0.0831643 0.1375769 0.1249712 0.1215530 0.1113758 0.1761018 0.1324898 0.1321519 0.1343923 0.1560091 0.1590264 0.0592351 0.1717445 0.1346253 0.1262930 0.0595413 0.0576562 0.0805757 0.1506122 0.0811183 0.0978818 0.1307166 0.1414956 0.1151101 0.0733799 0.1145728 0.1375004 0.1256572 0.0563106 0.1416287 0.1212209 0.0729034 0.1230900 0.0677449 0.1267779 0.0322328 0.0724548 0.1304383 0.1388462 0.1195837 0.1272205 0.1178619 0.1544372 0.1182674 0.1199412 0.0881882 0.1002339 
S0294         0.3340960 0.1057084 0.1363823 0.1387169 0.1099668 0.1812435 0.1463230 0.1471727 0.1237358 0.0000000 0.1761444 0.1913221 0.1743077 0.1716879 0.1570927 0.1404836 0.1998937 0.1377951 0.1066084 0.1090979 0.1610107 0.1331075 0.1455262 0.1266846 0.1448450 0.1800716 0.1631226 0.1458684 0.1018279 0.1673138 0.1011470 0.1193272 0.1731495 0.1574376 0.1565916 0.1020938 0.1149441 0.1217385 0.1850892 0.2542061 0.1147991 0.1813075 0.1167208 0.1712891 0.1285565 0.1116761 0.1264231 0.1220428 0.1543571 0.1179974 0.1697725 0.1762289 0.1562978 0.1658718 0.1379478 0.1664780 0.1619530 0.1480661 0.1569541 0.1442364 0.1615298 0.0638427 0.1419287 0.2711364 0.1408502 0.1679700 0.1880965 0.1406941 0.1506025 0.2516109 0.1284720 0.2515795 0.1899122 0.1478143 0.1471237 0.1671490 0.1136799 0.1416720 0.2449062 0.1116651 0.1126085 0.1359403 0.1638984 0.1534806 0.1715580 0.1847158 0.1714136 0.1605645 0.1542640 0.2150011 0.1812305 0.1137720 0.1812017 0.1556010 0.1450688 0.1119486 0.1031241 0.0938497 0.1485901 0.1052025 0.1644871 0.1473354 0.1571127 0.1627412 0.1192534 0.1275538 0.1435145 0.1607027 0.1063449 0.1442186 0.1446649 0.1147661 0.1561469 0.1157514 0.1646163 0.0794011 0.1066949 0.1494110 0.1447668 0.1627189 0.1425472 0.1408301 0.1811186 0.1309441 0.1478649 0.1278101 0.1349988 
S0299         0.3114632 0.1365558 0.1203245 0.1261919 0.1329896 0.1803857 0.0543867 0.1365792 0.1356057 0.1761444 0.0000000 0.1839677 0.1761301 0.0767345 0.0855009 0.1314465 0.1840149 0.1568354 0.1323362 0.1366296 0.0686314 0.1563151 0.0673349 0.1246979 0.1567692 0.1785625 0.1012745 0.1406872 0.1415955 0.0790944 0.1415445 0.1440937 0.0700223 0.0948831 0.1006147 0.1320536 0.1442496 0.1195717 0.1732972 0.2360242 0.1439432 0.1755076 0.1451685 0.1592580 0.1266155 0.1378326 0.1266595 0.1229139 0.1485124 0.1176416 0.1065160 0.1714959 0.1001029 0.1037107 0.1337653 0.0878987 0.1532450 0.1378934 0.1475793 0.1370175 0.1439774 0.1612832 0.1513251 0.2379543 0.1369519 0.1646165 0.1899622 0.1382235 0.1440362 0.2305723 0.1299479 0.2240487 0.1789029 0.1346567 0.1336698 0.1675905 0.1500785 0.1332795 0.2104421 0.1314563 0.1405338 0.1209597 0.0652270 0.0984061 0.1110858 0.1789082 0.1097938 0.0649807 0.1610820 0.2122779 0.1731942 0.1346043 0.1771302 0.1383127 0.1332011 0.1307747 0.1331687 0.1319120 0.1466908 0.1339846 0.1070456 0.1300438 0.1409500 0.0723263 0.1426151 0.1246110 0.1530122 0.1076526 0.1394596 0.1426745 0.1344356 0.1501905 0.0677163 0.1318401 0.1104778 0.0913188 0.1356253 0.1395268 0.1358880 0.1055977 0.1339550 0.1365017 0.1677131 0.1130650 0.1347130 0.1482109 0.1284403 
S0303         0.2909534 0.1375852 0.1124720 0.1359409 0.1440398 0.0278394 0.1535406 0.1433891 0.1237724 0.1913221 0.1839677 0.0000000 0.0869746 0.1704794 0.1594714 0.1327283 0.0208746 0.1430998 0.1389146 0.1443254 0.1581012 0.1522437 0.1523360 0.1212705 0.1539597 0.0268706 0.1572186 0.1435510 0.1506543 0.1715680 0.1477272 0.1555969 0.1796894 0.1474228 0.1544921 0.1291247 0.1429594 0.1256010 0.0191591 0.2454990 0.1422100 0.0295676 0.1484491 0.1417320 0.1220994 0.1414539 0.1233018 0.1207790 0.1509484 0.1138020 0.1572291 0.1006879 0.1593261 0.1608556 0.1283245 0.1525435 0.0466958 0.1437832 0.1596969 0.1428687 0.1576152 0.1634135 0.1400939 0.2613158 0.1238743 0.0808043 0.0988281 0.1458238 0.1489761 0.2423824 0.1244743 0.2396603 0.1070382 0.1555232 0.1246159 0.0861058 0.1487634 0.1430403 0.2338894 0.1391560 0.1543867 0.1224774 0.1568311 0.1553109 0.1618448 0.0303909 0.1623771 0.1691032 0.0902841 0.0199709 0.0234362 0.1476775 0.1026137 0.1430322 0.1454446 0.1362565 0.1388785 0.1338685 0.1481740 0.1356701 0.1626923 0.1418331 0.1535013 0.1625939 0.1518104 0.1209788 0.1383466 0.1556449 0.1455830 0.1428157 0.1312552 0.1563770 0.1725708 0.1423134 0.1595217 0.1243314 0.1261708 0.1381716 0.1426919 0.1643831 0.1405964 0.1335819 0.1855606 0.1209527 0.1293807 0.1419662 0.1217460 
S0308         0.3478902 0.1361348 0.1363323 0.1304198 0.1389965 0.0801896 0.1380890 0.1395468 0.1623154 0.1743077 0.1761301 0.0869746 0.0000000 0.1762887 0.1553713 0.1231503 0.0936851 0.1421369 0.1373619 0.1420546 0.1575533 0.1471209 0.1418718 0.1183894 0.1447828 0.0816089 0.1443196 0.1303677 0.1388725 0.1612671 0.1447297 0.1490885 0.1703828 0.1421106 0.1455356 0.1321949 0.1446350 0.1126435 0.0823752 0.2472519 0.1345977 0.0841096 0.1509565 0.1436868 0.1212169 0.1394592 0.1222120 0.1179247 0.1359651 0.1037319 0.1522952 0.1054143 0.1509230 0.1494705 0.1338516 0.1590694 0.0607392 0.1267025 0.1469454 0.1297230 0.1473748 0.1508339 0.1237348 0.2616797 0.1233721 0.0957257 0.1016813 0.1315228 0.1391294 0.2378708 0.1270492 0.2361805 0.1292939 0.1444635 0.1142359 0.0913675 0.1518188 0.1425162 0.2322504 0.1365265 0.1497843 0.1179128 0.1548569 0.1441581 0.1623784 0.0879611 0.1500609 0.1619226 0.0923381 0.1155642 0.0799436 0.1420516 0.1069444 0.1430523 0.1432744 0.1339326 0.1320444 0.1311695 0.1466289 0.1320202 0.1557905 0.1375048 0.1491365 0.1636476 0.1509622 0.1200268 0.1240933 0.1477649 0.1433407 0.1411938 0.1310964 0.1539998 0.1603047 0.1387783 0.1537993 0.1506711 0.1388037 0.1362680 0.1370596 0.1545759 0.1255186 0.1309948 0.1593676 0.1116125 0.1331863 0.1357744 0.1257097 
S0320         0.3376446 0.1388647 0.1145129 0.1336778 0.1244870 0.1833081 0.0706815 0.1326126 0.0997566 0.1716879 0.0767345 0.1704794 0.1762887 0.0000000 0.0753444 0.1254326 0.1793931 0.1413041 0.1250366 0.1231639 0.0728884 0.1549940 0.0545982 0.1161136 0.1434917 0.1745564 0.1159492 0.1403351 0.1232341 0.0749808 0.1380597 0.1379744 0.0815452 0.0954492 0.1062734 0.1391338 0.1310958 0.1190424 0.1731315 0.2467438 0.1321638 0.1708546 0.1386040 0.1393909 0.1160465 0.1254574 0.1135987 0.1155600 0.1530616 0.1216021 0.1152776 0.1670060 0.1000396 0.1045635 0.1267043 0.0649529 0.1547266 0.1428451 0.1521798 0.1382362 0.1466199 0.1630741 0.1463665 0.2513430 0.1392186 0.1440526 0.1676329 0.1356326 0.1415360 0.2298977 0.1116491 0.2362033 0.1397490 0.1265416 0.1311393 0.1517451 0.1420497 0.1329882 0.2252046 0.1230791 0.1335111 0.1248425 0.0644694 0.0988170 0.0952413 0.1826044 0.1133165 0.0710248 0.1515315 0.1712764 0.1719223 0.1310460 0.1617315 0.1485358 0.1260784 0.1248631 0.1204203 0.1298211 0.1410982 0.1315627 0.1079355 0.1217099 0.1325554 0.0739614 0.1388009 0.1147458 0.1467890 0.1093231 0.1245696 0.1349355 0.1271748 0.1440429 0.0821351 0.1299986 0.1057347 0.0752965 0.1277645 0.1384401 0.1229213 0.1075621 0.1429921 0.1352525 0.1713852 0.1247764 0.1330539 0.1370552 0.1255717 
S0327         0.3468092 0.1232028 0.1049920 0.1238587 0.1214620 0.1643198 0.0499729 0.1243590 0.1074563 0.1570927 0.0855009 0.1594714 0.1553713 0.0753444 0.0000000 0.1241184 0.1623821 0.1378869 0.1219842 0.1224156 0.0619516 0.1424171 0.0478031 0.1122140 0.1476567 0.1627237 0.0928991 0.1299034 0.1236488 0.0697967 0.1315977 0.1284915 0.0800172 0.0774491 0.0876084 0.1196330 0.1149914 0.1079284 0.1607390 0.2386970 0.1273934 0.1609001 0.1331293 0.1270688 0.1140696 0.1231248 0.1141090 0.1116889 0.1361395 0.0983044 0.0892158 0.1601925 0.0832052 0.0886016 0.1088877 0.0689811 0.1412594 0.1249202 0.1342177 0.1263397 0.1375396 0.1408571 0.1398649 0.2491555 0.1279155 0.1417815 0.1567241 0.1235100 0.1291495 0.2329813 0.1087339 0.2284410 0.1495327 0.1240727 0.1189601 0.1506681 0.1384153 0.1292159 0.2230669 0.1204028 0.1345800 0.1000198 0.0613185 0.0833525 0.0872102 0.1663256 0.0973137 0.0715857 0.1389856 0.1976832 0.1587611 0.1235792 0.1610497 0.1358973 0.1242673 0.1197173 0.1178166 0.1187801 0.1312451 0.1187701 0.0865972 0.1240854 0.1341109 0.0727184 0.1376432 0.1130829 0.1414569 0.0955991 0.1209832 0.1304445 0.1257718 0.1314798 0.0669983 0.1237150 0.0876631 0.0768713 0.1150811 0.1370651 0.1304355 0.0953579 0.1152822 0.1165319 0.1686093 0.1068604 0.1240914 0.1322605 0.1099653 
S0335         0.2735567 0.0956744 0.0780481 0.0940200 0.1005881 0.1300007 0.1081491 0.0823504 0.1372908 0.1404836 0.1314465 0.1327283 0.1231503 0.1254326 0.1241184 0.0000000 0.1361177 0.1194605 0.1022533 0.1043237 0.1252155 0.1235923 0.1075286 0.0821351 0.1168899 0.1270791 0.1218422 0.0941327 0.1007568 0.1229670 0.1073796 0.1144788 0.1337601 0.1072014 0.1164651 0.0923200 0.1056165 0.0889800 0.1270688 0.2076276 0.1110401 0.1283318 0.1115899 0.1092765 0.0839567 0.1033460 0.0839818 0.0805159 0.0972794 0.0853879 0.1254865 0.1332202 0.1198914 0.1174285 0.0956877 0.1300451 0.1060665 0.0923982 0.0964987 0.0928440 0.1054704 0.1057655 0.0999063 0.2119086 0.1017483 0.1154669 0.1288756 0.0926504 0.0940401 0.2089445 0.0851590 0.2012996 0.1614237 0.0955013 0.0721826 0.1174429 0.1104361 0.0840145 0.1971316 0.1053071 0.1141497 0.0723232 0.1138622 0.1131428 0.1316773 0.1344267 0.1218971 0.1281127 0.1077156 0.1576210 0.1218277 0.1087276 0.1361905 0.0832484 0.0822707 0.1017075 0.0996118 0.0915102 0.0860846 0.0957797 0.1187059 0.0782631 0.0924609 0.1242476 0.1189349 0.0839149 0.1012859 0.1255932 0.1018846 0.0831264 0.0709118 0.1154199 0.1251513 0.1015951 0.1190738 0.0974443 0.0947684 0.0749420 0.0278900 0.1272939 0.0870552 0.0928990 0.1415013 0.0752571 0.0738244 0.1076956 0.0875349 
S0355         0.2954982 0.1484101 0.1180730 0.1336051 0.1487394 0.0324603 0.1596242 0.1431911 0.1602154 0.1998937 0.1840149 0.0208746 0.0936851 0.1793931 0.1623821 0.1361177 0.0000000 0.1513048 0.1441362 0.1499557 0.1671064 0.1527437 0.1583999 0.1221277 0.1541229 0.0319591 0.1596725 0.1409563 0.1569633 0.1758499 0.1542616 0.1568631 0.1815817 0.1495061 0.1569842 0.1392316 0.1434840 0.1232057 0.0187343 0.2472051 0.1475452 0.0341702 0.1549623 0.1527937 0.1238292 0.1492795 0.1269376 0.1225274 0.1487508 0.1133586 0.1546084 0.1042549 0.1625429 0.1614997 0.1307130 0.1655821 0.0517615 0.1395226 0.1584109 0.1414156 0.1567867 0.1734011 0.1372281 0.2660679 0.1342851 0.0893515 0.1069992 0.1432672 0.1450204 0.2420124 0.1233358 0.2426531 0.1326645 0.1558202 0.1305791 0.0929741 0.1560073 0.1447461 0.2376044 0.1452305 0.1588683 0.1271439 0.1657407 0.1569112 0.1701426 0.0351788 0.1655637 0.1761508 0.0980952 0.0612208 0.0280848 0.1529467 0.1107916 0.1521067 0.1444406 0.1426055 0.1460175 0.1435342 0.1505676 0.1360955 0.1552050 0.1446349 0.1525879 0.1744588 0.1569689 0.1218628 0.1356541 0.1600797 0.1512160 0.1469773 0.1383399 0.1620498 0.1754196 0.1488718 0.1646723 0.1243890 0.1374731 0.1438676 0.1467443 0.1650123 0.1412494 0.1350373 0.1852915 0.1187228 0.1375234 0.1419728 0.1292937 
S0376         0.2975321 0.0951807 0.0972273 0.1178331 0.1030249 0.1452072 0.1339437 0.1277158 0.0934711 0.1377951 0.1568354 0.1430998 0.1421369 0.1413041 0.1378869 0.1194605 0.1513048 0.0000000 0.0986967 0.1057607 0.1361155 0.1131026 0.1242561 0.1046606 0.0706089 0.1375862 0.1294481 0.1227263 0.0959584 0.1464228 0.1055964 0.1156874 0.1436227 0.1205613 0.1224245 0.0932058 0.0944812 0.1053017 0.1401162 0.2229650 0.0907967 0.1404630 0.1165546 0.1308846 0.1055627 0.1055772 0.1065466 0.1000720 0.1257084 0.1016546 0.1368207 0.1406654 0.1220245 0.1337948 0.1026416 0.1337957 0.1189815 0.1170702 0.1319325 0.1150438 0.1323789 0.1205767 0.1202807 0.2467773 0.1029575 0.1278551 0.1354943 0.1226926 0.1234349 0.2229471 0.1039085 0.2294709 0.1524171 0.1292891 0.1223465 0.1325095 0.1154037 0.1253177 0.2208418 0.1057778 0.1153955 0.1108150 0.1361090 0.1212020 0.1294999 0.1442363 0.1421082 0.1464389 0.1341973 0.1776033 0.1339898 0.1090800 0.1435768 0.1342373 0.1226617 0.1041332 0.0963867 0.0910616 0.1269852 0.0947049 0.1224299 0.1228367 0.1332181 0.1402571 0.1145816 0.1055301 0.1207602 0.1314910 0.1081575 0.1267746 0.1272551 0.1146091 0.1421932 0.1099321 0.1359728 0.0567840 0.0954820 0.1237596 0.1237180 0.1348304 0.1186266 0.1107958 0.1517742 0.1024321 0.1221626 0.0561399 0.1052417 
S0400         0.3097433 0.0695773 0.0929448 0.0946517 0.0156824 0.1320519 0.1127876 0.1080809 0.0494617 0.1066084 0.1323362 0.1389146 0.1373619 0.1250366 0.1219842 0.1022533 0.1441362 0.0986967 0.0000000 0.0257125 0.1203902 0.0930579 0.1072656 0.0858127 0.1002358 0.1319345 0.1201730 0.1023967 0.0676309 0.1273130 0.0683024 0.0295966 0.1365939 0.1102754 0.1118343 0.0558493 0.0166647 0.0854060 0.1314134 0.2128065 0.0740743 0.1348288 0.0335299 0.1273750 0.0875359 0.0186753 0.0875655 0.0805974 0.1129398 0.0798055 0.1283215 0.1332439 0.1084322 0.1242526 0.0955972 0.1106445 0.1150837 0.1016589 0.1224401 0.1036613 0.1165358 0.0785243 0.1039157 0.2310393 0.1034985 0.1295119 0.1468406 0.1056193 0.1063015 0.2091726 0.0916574 0.2088944 0.1404669 0.1128594 0.1002416 0.1242008 0.0622406 0.0993272 0.2041621 0.0225498 0.0433234 0.0977911 0.1203311 0.1039642 0.1215254 0.1385578 0.1249294 0.1330029 0.1142429 0.1608563 0.1315564 0.0271183 0.1390788 0.1180480 0.1050150 0.0218307 0.0243758 0.0634314 0.1127218 0.0469249 0.1220923 0.1005564 0.1116317 0.1268811 0.0475750 0.0866321 0.1033988 0.1151603 0.0242066 0.1078559 0.1006162 0.0382204 0.1282923 0.0358882 0.1225301 0.0282535 0.0647225 0.1084197 0.1074798 0.1198656 0.1028759 0.0976573 0.1421112 0.0896539 0.1006830 0.0833639 0.0871311 
S0405         0.3147692 0.0725089 0.0976738 0.0997116 0.0274020 0.1391829 0.1183580 0.1101707 0.0529178 0.1090979 0.1366296 0.1443254 0.1420546 0.1231639 0.1224156 0.1043237 0.1499557 0.1057607 0.0257125 0.0000000 0.1246711 0.0954193 0.1093919 0.0917554 0.1082272 0.1384491 0.1275356 0.1066223 0.0748153 0.1285917 0.0703288 0.0297592 0.1347435 0.1166243 0.1180570 0.0622679 0.0332877 0.0913011 0.1380151 0.2064569 0.0787957 0.1395313 0.0401275 0.1319269 0.0935061 0.0304815 0.0935377 0.0874069 0.1173066 0.0843520 0.1333065 0.1451856 0.1125569 0.1297193 0.1042686 0.1164295 0.1234420 0.1058827 0.1238103 0.1078807 0.1200955 0.0858085 0.1090968 0.2254391 0.1039629 0.1343630 0.1539559 0.1032091 0.1057602 0.2039959 0.0970217 0.2051920 0.1487016 0.1142050 0.1015419 0.1315587 0.0643443 0.1051026 0.2024159 0.0280995 0.0493256 0.1037340 0.1205571 0.1080482 0.1240619 0.1452088 0.1314837 0.1343015 0.1205616 0.1669597 0.1379413 0.0256741 0.1500346 0.1205572 0.1062701 0.0289876 0.0221343 0.0663299 0.1112210 0.0513953 0.1294997 0.1045782 0.1147783 0.1273529 0.0520149 0.0925850 0.1085907 0.1194748 0.0298507 0.1109919 0.1065859 0.0408851 0.1276223 0.0408908 0.1270523 0.0284917 0.0692825 0.1127578 0.1090390 0.1231976 0.1032260 0.1036421 0.1469193 0.0954560 0.1036871 0.0899990 0.0948378 
S0407sl       0.3050180 0.1215006 0.1035694 0.1179393 0.1199851 0.1530330 0.0390543 0.1230528 0.1213403 0.1610107 0.0686314 0.1581012 0.1575533 0.0728884 0.0619516 0.1252155 0.1671064 0.1361155 0.1203902 0.1246711 0.0000000 0.1422590 0.0456073 0.1089543 0.1457108 0.1553424 0.0899410 0.1290133 0.1209668 0.0620671 0.1247252 0.1307729 0.0721039 0.0827267 0.0838624 0.1198349 0.1190138 0.1015555 0.1556709 0.2344952 0.1264794 0.1545906 0.1342693 0.1455899 0.1098385 0.1236573 0.1098969 0.1084269 0.1343481 0.0966381 0.0941261 0.1543829 0.0850244 0.0929566 0.1137423 0.0700325 0.1364827 0.1262215 0.1345186 0.1242816 0.1341171 0.1353014 0.1348969 0.2431426 0.1325338 0.1447750 0.1654455 0.1229097 0.1314514 0.2289600 0.1142265 0.2238407 0.1454910 0.1264303 0.1176948 0.1453660 0.1385833 0.1254061 0.2158578 0.1178104 0.1324821 0.1064929 0.0529783 0.0851993 0.0983849 0.1590307 0.1009144 0.0591225 0.1373641 0.1895455 0.1516933 0.1269564 0.1596343 0.1328771 0.1277281 0.1180966 0.1191751 0.1160290 0.1355310 0.1212057 0.0931630 0.1215871 0.1325356 0.0631412 0.1324787 0.1077744 0.1364379 0.0934175 0.1230411 0.1328898 0.1240237 0.1364212 0.0652025 0.1199400 0.0947625 0.0731950 0.1193910 0.1323991 0.1336770 0.0951862 0.1250895 0.1161303 0.1554252 0.1075433 0.1235174 0.1331750 0.1097107 
S0412sl       0.2906983 0.0905748 0.1149611 0.1273819 0.0923501 0.1440884 0.1311144 0.1298231 0.1101763 0.1331075 0.1563151 0.1522437 0.1471209 0.1549940 0.1424171 0.1235923 0.1527437 0.1131026 0.0930579 0.0954193 0.1422590 0.0000000 0.1305294 0.1119583 0.1156289 0.1471917 0.1375400 0.1285565 0.0834500 0.1531771 0.1081464 0.1010309 0.1648431 0.1304071 0.1365400 0.0838352 0.0947410 0.1110680 0.1410584 0.2211173 0.0589192 0.1482032 0.1021131 0.1416875 0.1118189 0.0933008 0.1139234 0.1071834 0.1358290 0.0976970 0.1411871 0.1538236 0.1384170 0.1404009 0.1149072 0.1591799 0.1260920 0.1246071 0.1421098 0.1269477 0.1376457 0.1054365 0.1294032 0.2415893 0.1043127 0.1523119 0.1612628 0.1315386 0.1309494 0.2203002 0.1112758 0.2265513 0.1422249 0.1355311 0.1179445 0.1495937 0.1021016 0.1270936 0.2182362 0.0971341 0.1006765 0.1183642 0.1400665 0.1323728 0.1492341 0.1497778 0.1465380 0.1501825 0.1281139 0.1817432 0.1419596 0.0967222 0.1587472 0.1482010 0.1285738 0.0926027 0.0875866 0.0860200 0.1351412 0.0839585 0.1411537 0.1245365 0.1407379 0.1532841 0.0980359 0.1108836 0.1326375 0.1417844 0.0954733 0.1318637 0.1278170 0.1001745 0.1512992 0.0915788 0.1424558 0.0855596 0.0880539 0.1374376 0.1293650 0.1380496 0.1209616 0.1151623 0.1603180 0.1162219 0.1267178 0.0989975 0.1123848 
S0417         0.3086579 0.1061951 0.0893424 0.1048593 0.1068200 0.1472765 0.0342435 0.1086965 0.1136128 0.1455262 0.0673349 0.1523360 0.1418718 0.0545982 0.0478031 0.1075286 0.1583999 0.1242561 0.1072656 0.1093919 0.0456073 0.1305294 0.0000000 0.0923187 0.1294494 0.1481739 0.0766603 0.1127075 0.1049234 0.0547146 0.1124401 0.1163331 0.0601616 0.0681739 0.0754372 0.1041632 0.1088954 0.0908053 0.1462629 0.2221623 0.1102572 0.1451311 0.1179521 0.1287977 0.0940812 0.1092374 0.0932074 0.0917556 0.1208791 0.0854801 0.0787248 0.1455203 0.0712015 0.0762881 0.1017096 0.0641108 0.1274663 0.1111161 0.1186728 0.1104500 0.1196471 0.1284528 0.1183545 0.2300421 0.1098819 0.1339521 0.1552662 0.1087016 0.1171980 0.2173835 0.0967012 0.2127330 0.1331446 0.1080527 0.1030143 0.1358190 0.1245672 0.1123947 0.2075476 0.1057151 0.1189557 0.0928254 0.0442262 0.0713003 0.0830187 0.1502708 0.0826946 0.0509923 0.1282063 0.1812295 0.1432650 0.1125104 0.1483524 0.1170930 0.1104584 0.1050298 0.1039349 0.0979661 0.1169614 0.1057182 0.0805523 0.1053962 0.1152906 0.0567137 0.1228916 0.0931536 0.1197842 0.0811183 0.1106318 0.1172925 0.1089038 0.1209819 0.0510698 0.1068574 0.0795901 0.0738400 0.1005729 0.1155835 0.1160395 0.0810053 0.1088302 0.1010487 0.1419275 0.0929985 0.1110248 0.1198742 0.0932895 
S0419         0.2782680 0.0809415 0.0153095 0.0693799 0.0844575 0.1099718 0.1028765 0.0895909 0.1111977 0.1266846 0.1246979 0.1212705 0.1183894 0.1161136 0.1122140 0.0821351 0.1221277 0.1046606 0.0858127 0.0917554 0.1089543 0.1119583 0.0923187 0.0000000 0.1079467 0.1069579 0.1045951 0.0911600 0.0816757 0.1135705 0.0912708 0.0998801 0.1198455 0.1010938 0.0993530 0.0766003 0.0900322 0.0544141 0.1110351 0.1967583 0.0876033 0.1112070 0.0977943 0.1080734 0.0073352 0.0877086 0.0073377 0.0058793 0.0950741 0.0483279 0.1077897 0.1116138 0.1016105 0.1098264 0.0808034 0.1050029 0.0904246 0.0876213 0.0978104 0.0890234 0.0978559 0.1008335 0.0644546 0.2049216 0.0926900 0.0975954 0.1246485 0.0861275 0.0879763 0.1910647 0.0107386 0.1906178 0.1186368 0.0919556 0.0789742 0.1041201 0.0968154 0.0928622 0.1879865 0.0888556 0.0959685 0.0744993 0.1071344 0.0953962 0.1126858 0.1148336 0.1111357 0.1211724 0.0944486 0.1417656 0.1065014 0.0964820 0.1180449 0.0959967 0.0930478 0.0864070 0.0879965 0.0776773 0.0977638 0.0843930 0.1032452 0.0848179 0.0975310 0.1105232 0.0962223 0.0095702 0.0638452 0.1056729 0.0907969 0.0948953 0.0857691 0.0989114 0.1184162 0.0900735 0.1126584 0.0520124 0.0805548 0.0858364 0.0873389 0.1090622 0.0856924 0.0810311 0.1306641 0.0489746 0.0849273 0.0912682 0.0736252 
S0427         0.3823149 0.0977232 0.1091163 0.1201211 0.1005798 0.1446148 0.1404142 0.1341006 0.1131639 0.1448450 0.1567692 0.1539597 0.1447828 0.1434917 0.1476567 0.1168899 0.1541229 0.0706089 0.1002358 0.1082272 0.1457108 0.1156289 0.1294494 0.1079467 0.0000000 0.1424038 0.1422806 0.1209913 0.0995864 0.1505883 0.1033024 0.1129838 0.1588402 0.1245703 0.1268314 0.0919857 0.1067777 0.1085583 0.1449768 0.2237838 0.1026656 0.1454278 0.1129105 0.1432809 0.1097683 0.1030622 0.1098058 0.1043524 0.1289402 0.1024976 0.1392772 0.1507705 0.1367111 0.1395923 0.1166883 0.1350305 0.1222069 0.1204649 0.1344980 0.1214610 0.1365632 0.1077759 0.1211860 0.2392054 0.1135131 0.1386294 0.1636335 0.1216772 0.1304663 0.2242220 0.1122284 0.2205859 0.1482796 0.1243462 0.1240571 0.1398652 0.1185360 0.1296460 0.2161768 0.1061235 0.1135707 0.1113672 0.1407743 0.1309976 0.1510747 0.1499785 0.1436841 0.1558682 0.1329765 0.1747021 0.1388634 0.1093580 0.1533234 0.1303015 0.1255586 0.1054577 0.0995761 0.0935600 0.1331880 0.0955314 0.1331176 0.1240807 0.1386811 0.1438039 0.1117330 0.1088018 0.1226426 0.1408001 0.1065893 0.1310303 0.1255073 0.1146866 0.1469451 0.1083351 0.1367759 0.0658140 0.0951622 0.1275271 0.1249319 0.1446858 0.1131610 0.1115217 0.1506615 0.1076864 0.1255121 0.0620027 0.1046602 
S0430         0.2766856 0.1350042 0.1071504 0.1257782 0.1354528 0.0121182 0.1428074 0.1336165 0.1621270 0.1800716 0.1785625 0.0268706 0.0816089 0.1745564 0.1627237 0.1270791 0.0319591 0.1375862 0.1319345 0.1384491 0.1553424 0.1471917 0.1481739 0.1069579 0.1424038 0.0000000 0.1514281 0.1292312 0.1384583 0.1620539 0.1378539 0.1444456 0.1760494 0.1405769 0.1426247 0.1269534 0.1403967 0.1109746 0.0217102 0.2366664 0.1344174 0.0158684 0.1404443 0.1445521 0.1086248 0.1349931 0.1116039 0.1073875 0.1388035 0.0987423 0.1497876 0.0953614 0.1479813 0.1545051 0.1248531 0.1688313 0.0390995 0.1277108 0.1450121 0.1286477 0.1431005 0.1512634 0.1216874 0.2501032 0.1218532 0.0832953 0.0990353 0.1314483 0.1341881 0.2305144 0.1169712 0.2321722 0.1370518 0.1430325 0.1131886 0.0826570 0.1394404 0.1330087 0.2261931 0.1310776 0.1453624 0.1159309 0.1573515 0.1424811 0.1639351 0.0186600 0.1551553 0.1688432 0.0838964 0.0448158 0.0118529 0.1404584 0.0988602 0.1397932 0.1360789 0.1285061 0.1316752 0.1281364 0.1388491 0.1239425 0.1535311 0.1327990 0.1419117 0.1625644 0.1454993 0.1085819 0.1201264 0.1478493 0.1387618 0.1332424 0.1287987 0.1463190 0.1702743 0.1376765 0.1553171 0.1199458 0.1238048 0.1289034 0.1386604 0.1526706 0.1305380 0.1245196 0.1719946 0.1099879 0.1279894 0.1265647 0.1158210 
S0478         0.3443300 0.1180034 0.1136646 0.1176624 0.1216629 0.1505430 0.0761267 0.1203702 0.1368164 0.1631226 0.1012745 0.1572186 0.1443196 0.1159492 0.0928991 0.1218422 0.1596725 0.1294481 0.1201730 0.1275356 0.0899410 0.1375400 0.0766603 0.1045951 0.1422806 0.1514281 0.0000000 0.1276872 0.1241248 0.0961144 0.1232738 0.1284258 0.1020156 0.0768339 0.0805649 0.1141558 0.1232574 0.1002872 0.1474887 0.2245936 0.1242604 0.1504177 0.1362246 0.1421779 0.1073036 0.1238823 0.1073401 0.1040595 0.1260253 0.0953812 0.0793668 0.1474709 0.0792908 0.0794547 0.1051475 0.1043455 0.1278290 0.1250799 0.1337862 0.1231932 0.1329130 0.1372154 0.1267282 0.2376933 0.1219137 0.1485385 0.1633999 0.1183561 0.1242262 0.2213304 0.1125272 0.2156696 0.1420242 0.1257989 0.1208896 0.1451293 0.1317442 0.1237140 0.2101880 0.1195419 0.1359749 0.1026856 0.0890081 0.0776688 0.0939479 0.1558505 0.0839956 0.0934443 0.1418393 0.1855344 0.1475920 0.1248187 0.1567206 0.1280492 0.1214592 0.1198250 0.1155101 0.1134968 0.1268195 0.1198149 0.0913317 0.1201039 0.1301004 0.1039545 0.1362025 0.1035944 0.1282155 0.0894423 0.1227628 0.1171271 0.1195794 0.1350128 0.0995810 0.1257242 0.0867056 0.1000459 0.1126712 0.1275398 0.1321213 0.0908349 0.1200949 0.1072412 0.1650175 0.1041223 0.1198224 0.1278449 0.1070306 
S0552sl       0.2865901 0.0991429 0.1014543 0.1009154 0.1009922 0.1320456 0.1199914 0.0931913 0.1180656 0.1458684 0.1406872 0.1435510 0.1303677 0.1403351 0.1299034 0.0941327 0.1409563 0.1227263 0.1023967 0.1066223 0.1290133 0.1285565 0.1127075 0.0911600 0.1209913 0.1292312 0.1276872 0.0000000 0.1048001 0.1229922 0.0995890 0.1113718 0.1372823 0.1133101 0.1201519 0.0952444 0.1085294 0.0915200 0.1314285 0.2191871 0.1110377 0.1308533 0.1121696 0.0449011 0.0902419 0.1023720 0.0929461 0.0905951 0.0609971 0.0864705 0.1269076 0.1279388 0.1165233 0.1270546 0.0866797 0.1328800 0.1094169 0.0249906 0.0559595 0.0296080 0.0403372 0.1189562 0.1022840 0.2368127 0.1162645 0.1333835 0.1417411 0.0537190 0.0551672 0.2170195 0.0945260 0.2119761 0.1715608 0.0523973 0.0932446 0.1216270 0.1152957 0.0913136 0.2054982 0.1008506 0.1148258 0.0891747 0.1261599 0.1110256 0.1327012 0.1385000 0.1246671 0.1311508 0.1104352 0.1671955 0.1276687 0.1068516 0.1307975 0.1087942 0.0966604 0.1010903 0.0972354 0.0958475 0.0989280 0.0961088 0.1260733 0.0875093 0.1020836 0.1305467 0.1196811 0.0919917 0.1036045 0.1235987 0.1040802 0.0987266 0.0895417 0.1110424 0.1340475 0.1046931 0.1252181 0.0665238 0.1022222 0.1057700 0.1020866 0.1205058 0.0638290 0.0859861 0.1430398 0.0882621 0.0899404 0.1051417 0.0819750 
S0558         0.2686408 0.0679160 0.0760790 0.1006297 0.0651819 0.1426243 0.1109864 0.1020322 0.0875495 0.1018279 0.1415955 0.1506543 0.1388725 0.1232341 0.1236488 0.1007568 0.1569633 0.0959584 0.0676309 0.0748153 0.1209668 0.0834500 0.1049234 0.0816757 0.0995864 0.1384583 0.1241248 0.1048001 0.0000000 0.1309534 0.0669769 0.0800838 0.1390968 0.1117723 0.1100791 0.0576057 0.0751036 0.0886490 0.1448836 0.2068688 0.0679838 0.1433670 0.0799828 0.1271357 0.0833922 0.0685632 0.0834204 0.0791374 0.1075199 0.0844254 0.1276106 0.1419765 0.1088906 0.1184291 0.0949150 0.1309501 0.1221777 0.1049995 0.1176787 0.1033163 0.1180489 0.0845204 0.1064131 0.2288284 0.1055546 0.1300874 0.1521948 0.1070458 0.1088269 0.2010526 0.0872279 0.2045365 0.1449914 0.1106655 0.0995857 0.1325368 0.0806647 0.1051782 0.2006984 0.0703524 0.0769821 0.0954645 0.1161355 0.1053106 0.1208946 0.1491739 0.1272585 0.1322735 0.1150383 0.1762742 0.1420051 0.0769169 0.1467977 0.1201772 0.1074126 0.0696636 0.0702124 0.0629420 0.1133303 0.0701553 0.1196414 0.1016401 0.1164796 0.1264512 0.0825117 0.0816158 0.1077631 0.1165790 0.0715918 0.1071505 0.1027169 0.0825172 0.1306609 0.0747919 0.1216019 0.0553585 0.0656974 0.1140646 0.1090753 0.1160926 0.0978181 0.0942774 0.1397059 0.0890925 0.1037236 0.0868657 0.0875827 
S0624         0.3393702 0.1291650 0.1092373 0.1251886 0.1288546 0.1640362 0.0544825 0.1276764 0.1244968 0.1673138 0.0790944 0.1715680 0.1612671 0.0749808 0.0697967 0.1229670 0.1758499 0.1464228 0.1273130 0.1285917 0.0620671 0.1531771 0.0547146 0.1135705 0.1505883 0.1620539 0.0961144 0.1229922 0.1309534 0.0000000 0.1337786 0.1339431 0.0751572 0.0888103 0.0956593 0.1237229 0.1308685 0.1084406 0.1631574 0.2304075 0.1327992 0.1588865 0.1382889 0.1445892 0.1154083 0.1325632 0.1133383 0.1130550 0.1343772 0.1031842 0.0994194 0.1592236 0.0932199 0.0991229 0.1213084 0.0740296 0.1436711 0.1194701 0.1335228 0.1228195 0.1355913 0.1358907 0.1383036 0.2375385 0.1346035 0.1476973 0.1803984 0.1197900 0.1283939 0.2287035 0.1189053 0.2175100 0.1608318 0.1244218 0.1181846 0.1503340 0.1477904 0.1282746 0.2128343 0.1276640 0.1415769 0.1110839 0.0594938 0.0897269 0.1076200 0.1663336 0.1052258 0.0640691 0.1457173 0.1971614 0.1591523 0.1317616 0.1634533 0.1384548 0.1313325 0.1269920 0.1217980 0.1206459 0.1345469 0.1291842 0.1011272 0.1242287 0.1373279 0.0762396 0.1396133 0.1165480 0.1398704 0.1035951 0.1311819 0.1334282 0.1246532 0.1427219 0.0640342 0.1269009 0.1000241 0.0672160 0.1252961 0.1347324 0.1312371 0.1025250 0.1248663 0.1206340 0.1597705 0.1130931 0.1239546 0.1434268 0.1143760 
S0641         0.2904084 0.0748646 0.0833293 0.0970397 0.0694364 0.1407913 0.1247073 0.1084032 0.0885975 0.1011470 0.1415445 0.1477272 0.1447297 0.1380597 0.1315977 0.1073796 0.1542616 0.1055964 0.0683024 0.0703288 0.1247252 0.1081464 0.1124401 0.0912708 0.1033024 0.1378539 0.1232738 0.0995890 0.0669769 0.1337786 0.0000000 0.0771521 0.1400131 0.1156637 0.1116893 0.0656240 0.0704277 0.0929731 0.1422926 0.2032174 0.0857196 0.1398754 0.0797749 0.1253510 0.0919785 0.0683977 0.0893348 0.0887001 0.1089888 0.0839777 0.1265139 0.1501853 0.1082929 0.1256675 0.0986602 0.1297621 0.1258472 0.1006706 0.1177955 0.0990377 0.1155361 0.0823640 0.1034922 0.2165837 0.1073177 0.1425541 0.1537812 0.1027942 0.1100883 0.1977784 0.0962251 0.1971908 0.1623090 0.1138417 0.1051410 0.1354495 0.0770048 0.1068173 0.1936157 0.0701822 0.0741792 0.0999067 0.1240636 0.1038999 0.1212982 0.1475117 0.1303617 0.1334908 0.1175061 0.1712460 0.1394354 0.0758673 0.1540345 0.1270635 0.1073359 0.0694947 0.0674632 0.0662509 0.1110167 0.0681777 0.1270241 0.1045885 0.1147571 0.1323722 0.0814232 0.0920960 0.1048126 0.1220365 0.0705421 0.1098704 0.1072702 0.0797920 0.1294545 0.0746991 0.1245394 0.0345998 0.0724907 0.1170333 0.1135696 0.1180152 0.1032260 0.0979740 0.1395946 0.0931638 0.1074945 0.0886411 0.0937786 
