50
S0055      0.0000000 0.0881902 0.1753386 0.0379025 0.0584673 0.0669383 0.0573237 0.0467005 0.1014441 0.1134432 0.0459481 0.0575891 0.1052500 0.0782111 0.0887999 0.0930002 0.0778910 0.0588798 0.0271770 0.0461331 0.0921385 0.0937658 0.0368643 0.0911918 0.0269489 0.0368643 0.0821253 0.0799937 0.0563529 0.0691687 0.0884376 0.0571047 0.0795825 0.0675016 0.0382150 0.1156560 0.0273247 0.1240714 0.0269489 0.0782060 0.0797158 0.0775784 0.1013887 0.0710467 0.0612049 0.1128049 0.1127915 0.0919495 0.0678147 0.0844579 
S0281      0.0881902 0.0000000 0.1428368 0.0466634 0.0670996 0.0562673 0.0658036 0.0773460 0.1212233 0.1626625 0.0760448 0.0458315 0.0794602 0.0974293 0.0653187 0.1410714 0.0759087 0.0782313 0.0562514 0.0468094 0.1120485 0.1141511 0.0667845 0.1110438 0.0557648 0.0667845 0.1021812 0.0996497 0.0664672 0.0565329 0.0650598 0.0673792 0.0991366 0.0865348 0.0692915 0.1358984 0.0554895 0.1440846 0.0557648 0.0798409 0.1110438 0.0550642 0.0986815 0.0801622 0.0782588 0.1089571 0.0763196 0.1118268 0.0762078 0.1150350 
S0308      0.1753386 0.1428368 0.0000000 0.1204856 0.1624519 0.1888409 0.1424986 0.1613321 0.2014511 0.2560308 0.1581890 0.1324984 0.1469099 0.1708978 0.1572415 0.2302498 0.1440765 0.1486289 0.1338603 0.1197588 0.1908051 0.1433173 0.1477832 0.1750627 0.1324984 0.1477832 0.1798011 0.1754060 0.1736153 0.1481257 0.1831912 0.1767048 0.1743277 0.1573115 0.1120772 0.2018458 0.1447119 0.1989408 0.1324984 0.1634407 0.1750627 0.1176754 0.1834959 0.1534449 0.1659696 0.1854851 0.1560275 0.1904634 0.1447119 0.1730634 
S0405      0.0379025 0.0466634 0.1204856 0.0000000 0.0185354 0.0373133 0.0182025 0.0182182 0.0572191 0.1050585 0.0275986 0.0182785 0.0711570 0.0472315 0.0571926 0.0842167 0.0470385 0.0284673 0.0089877 0.0187015 0.0593736 0.0602432 0.0089877 0.0586510 0.0089877 0.0089877 0.0495858 0.0482570 0.0376201 0.0281845 0.0569589 0.0278298 0.0480199 0.0372726 0.0191246 0.0812855 0.0089520 0.0898018 0.0089877 0.0495341 0.0586510 0.0468539 0.0684943 0.0391508 0.0392162 0.0792243 0.0682476 0.0592535 0.0276809 0.0482866 
S0412sl    0.0584673 0.0670996 0.1624519 0.0185354 0.0000000 0.0689390 0.0373839 0.0480548 0.0906074 0.1297858 0.0472565 0.0375492 0.0940350 0.0679237 0.0783442 0.1083196 0.0676443 0.0487115 0.0279333 0.0383917 0.0813157 0.0826801 0.0379142 0.0804276 0.0276929 0.0379142 0.0713329 0.0694549 0.0580007 0.0482906 0.0780232 0.0588010 0.0691019 0.0574240 0.0393440 0.1043939 0.0275704 0.1128647 0.0276929 0.0712539 0.0804276 0.0673746 0.0905495 0.0604122 0.0604439 0.1017864 0.0788769 0.0811483 0.0473834 0.0834798 
S0558      0.0669383 0.0562673 0.1888409 0.0373133 0.0689390 0.0000000 0.0675688 0.0566215 0.1126898 0.1442251 0.0556962 0.0678870 0.0927355 0.0675300 0.0773213 0.1223424 0.0884946 0.0693733 0.0366171 0.0559200 0.1033495 0.1052659 0.0465635 0.1023531 0.0363077 0.0465635 0.0932957 0.0909071 0.0463514 0.0798809 0.0564361 0.0469508 0.0904336 0.0779176 0.0482810 0.1273517 0.0569429 0.1357323 0.0363077 0.0888541 0.1023531 0.0881380 0.0900035 0.0820538 0.0693564 0.1004141 0.1242700 0.1031389 0.0782910 0.1061474 
S0641      0.0573237 0.0658036 0.1424986 0.0182025 0.0373839 0.0675688 0.0000000 0.0471347 0.0887540 0.1132396 0.0463676 0.0368534 0.0920470 0.0665968 0.0767912 0.0928236 0.0663282 0.0477694 0.0274240 0.0376657 0.0796484 0.0809470 0.0372042 0.0787875 0.0271926 0.0372042 0.0698723 0.0680655 0.0469395 0.0473617 0.0764824 0.0576435 0.0677269 0.0563238 0.0385793 0.1021857 0.0270748 0.0883385 0.0271926 0.0697964 0.0787875 0.0660681 0.0669132 0.0591923 0.0592259 0.0996786 0.0666771 0.0582971 0.0464903 0.0817220 
S0643      0.0467005 0.0773460 0.1613321 0.0182182 0.0480548 0.0566215 0.0471347 0.0000000 0.0459361 0.1289434 0.0362885 0.0473476 0.0934502 0.0467928 0.0778857 0.1076196 0.0672549 0.0484297 0.0087236 0.0364343 0.0682985 0.0821689 0.0086354 0.0799436 0.0177384 0.0086354 0.0709009 0.0690433 0.0463514 0.0584711 0.0775682 0.0266991 0.0686944 0.0570961 0.0282785 0.0805180 0.0370765 0.0889728 0.0177384 0.0675236 0.0799436 0.0669874 0.0900035 0.0493454 0.0600818 0.0784905 0.1011254 0.0806583 0.0573521 0.0829612 
S0645sl    0.1014441 0.1212233 0.2014511 0.0572191 0.0906074 0.1126898 0.0887540 0.0459361 0.0000000 0.1150393 0.0884946 0.0891842 0.1280554 0.0560707 0.0874273 0.0942914 0.0767112 0.0796677 0.0566756 0.0781845 0.0570849 0.0808809 0.0560557 0.0897415 0.0672841 0.0560557 0.0698170 0.0680121 0.1005633 0.1020443 0.0662016 0.0771474 0.0676738 0.0664980 0.0710780 0.0479785 0.0775761 0.0771004 0.0672841 0.0795876 0.0897415 0.0984127 0.0997680 0.0486207 0.0699323 0.0881004 0.1480141 0.0904823 0.0999472 0.0930565 
S0735      0.1134432 0.1626625 0.2560308 0.1050585 0.1297858 0.1442251 0.1132396 0.1289434 0.1150393 0.0000000 0.1265453 0.1275734 0.1720685 0.0813497 0.1016430 0.0374858 0.0902473 0.1173751 0.1039850 0.1152786 0.1295834 0.1195665 0.1165622 0.0924546 0.1029891 0.1165622 0.0835339 0.0813354 0.1403828 0.1326827 0.1012229 0.1427262 0.0809101 0.0794372 0.0964500 0.1300942 0.1142905 0.1144994 0.1029891 0.1295562 0.1044810 0.1133340 0.1141077 0.0722557 0.1071236 0.1268706 0.1665114 0.1052864 0.1142905 0.1084254 
S0756      0.0459481 0.0760448 0.1581890 0.0275986 0.0472565 0.0556962 0.0463676 0.0362885 0.0884946 0.1265453 0.0000000 0.0465727 0.0917710 0.0664007 0.0765678 0.1056165 0.0661336 0.0476222 0.0176148 0.0358643 0.0794105 0.0807006 0.0268650 0.0785529 0.0174716 0.0268650 0.0696590 0.0678606 0.0456100 0.0574827 0.0762606 0.0461898 0.0675236 0.0561564 0.0278235 0.1018845 0.0364862 0.1101820 0.0174716 0.0663943 0.0785529 0.0658749 0.0884376 0.0590080 0.0590431 0.0993900 0.0993449 0.0792506 0.0564030 0.0814726 
S0760      0.0575891 0.0458315 0.1324984 0.0182785 0.0375492 0.0678870 0.0368534 0.0473476 0.0891842 0.1275734 0.0465727 0.0000000 0.0925079 0.0669057 0.0771525 0.1064868 0.0666347 0.0479876 0.0275410 0.0183634 0.0800362 0.0813498 0.0373678 0.0791690 0.0273071 0.0373678 0.0702124 0.0683884 0.0571375 0.0087676 0.0768408 0.0579122 0.0680463 0.0565796 0.0387558 0.1026955 0.0271882 0.1110438 0.0273071 0.0701356 0.0791690 0.0460155 0.0891269 0.0594754 0.0595093 0.1001662 0.0669871 0.0798739 0.0466965 0.0821304 
S0888      0.1052500 0.0794602 0.1469099 0.0711570 0.0940350 0.0927355 0.0920470 0.0934502 0.1280554 0.1720685 0.0917710 0.0925079 0.0000000 0.1028557 0.0689203 0.1493947 0.0583151 0.0364939 0.0704452 0.0811054 0.1184439 0.0702906 0.0819672 0.0931088 0.0697946 0.0819672 0.1081039 0.1053225 0.1043059 0.1058913 0.0902523 0.1059409 0.0812817 0.0689505 0.0723427 0.1436447 0.0804516 0.1521592 0.0697946 0.0946178 0.0931088 0.0580802 0.1280054 0.0848524 0.0962474 0.1150513 0.1284949 0.0880629 0.1036415 0.1217620 
S0959      0.0782111 0.0974293 0.1708978 0.0472315 0.0679237 0.0675300 0.0665968 0.0467928 0.0560707 0.0813497 0.0664007 0.0669057 0.1028557 0.0000000 0.0458424 0.0835077 0.0362087 0.0576772 0.0467841 0.0565686 0.0563728 0.0690876 0.0571226 0.0469545 0.0463804 0.0571226 0.0381137 0.0371070 0.0775697 0.0695441 0.0653745 0.0786712 0.0369320 0.0269034 0.0592677 0.0678117 0.0561538 0.0557974 0.0463804 0.0678315 0.0469545 0.0557187 0.0769638 0.0185506 0.0481959 0.0461817 0.0995240 0.0474601 0.0771293 0.0487276 
S1129sl    0.0887999 0.0653187 0.1572415 0.0571926 0.0783442 0.0773213 0.0767912 0.0778857 0.0874273 0.1016430 0.0765678 0.0771525 0.0689203 0.0458424 0.0000000 0.1042487 0.0267822 0.0678675 0.0566494 0.0665927 0.0784514 0.0797037 0.0672549 0.0568658 0.0561564 0.0672549 0.0480602 0.0272504 0.0880573 0.0801748 0.0548968 0.0893366 0.0465828 0.0361896 0.0697952 0.1006151 0.0660941 0.0870227 0.0561564 0.0573240 0.0568658 0.0457975 0.0873707 0.0281874 0.0583424 0.0559098 0.0883335 0.0574403 0.0875432 0.0589917 
S1148      0.0930002 0.1410714 0.2302498 0.0842167 0.1083196 0.1223424 0.0928236 0.1076196 0.0942914 0.0374858 0.1056165 0.1064868 0.1493947 0.0835077 0.1042487 0.0000000 0.0925801 0.0963143 0.0833503 0.0944872 0.1082771 0.0979933 0.0955332 0.1072231 0.0825531 0.0955332 0.0858030 0.0835051 0.1044332 0.1208088 0.0811343 0.1208933 0.0830583 0.0815134 0.0875444 0.1087084 0.0936902 0.1002554 0.0825531 0.1081351 0.1072231 0.1162137 0.1179459 0.0742501 0.0859619 0.1300942 0.1706497 0.1080488 0.1181315 0.1113375 
S1201sl    0.0778910 0.0759087 0.1440765 0.0470385 0.0676443 0.0884946 0.0663282 0.0672549 0.0767112 0.0902473 0.0661336 0.0666347 0.0583151 0.0362087 0.0267822 0.0925801 0.0000000 0.0371918 0.0465941 0.0563398 0.0677823 0.0687990 0.0568892 0.0272181 0.0461936 0.0568892 0.0379549 0.0369559 0.0772549 0.0692533 0.0651153 0.0783482 0.0367823 0.0086751 0.0590175 0.0894131 0.0559283 0.0763506 0.0461936 0.0471395 0.0272181 0.0175612 0.0766535 0.0185389 0.0479952 0.0663322 0.0774913 0.0472652 0.0768181 0.0485226 
S1211      0.0588798 0.0782313 0.1486289 0.0284673 0.0487115 0.0693733 0.0477694 0.0484297 0.0796677 0.1173751 0.0476222 0.0479876 0.0364939 0.0576772 0.0678675 0.0963143 0.0371918 0.0000000 0.0281925 0.0378701 0.0704473 0.0715559 0.0382385 0.0482523 0.0279483 0.0382385 0.0605633 0.0589543 0.0584084 0.0592310 0.0675896 0.0592168 0.0586595 0.0276421 0.0396881 0.0929015 0.0375986 0.1013621 0.0279483 0.0702124 0.0482523 0.0370472 0.0796083 0.0498689 0.0499241 0.0905704 0.1021650 0.0457342 0.0580876 0.0722925 
S1227      0.0271770 0.0562514 0.1338603 0.0089877 0.0279333 0.0366171 0.0274240 0.0087236 0.0566756 0.1039850 0.0176148 0.0275410 0.0704452 0.0467841 0.0566494 0.0833503 0.0465941 0.0281925 0.0000000 0.0176849 0.0587902 0.0596415 0.0000021 0.0580798 0.0000021 0.0000021 0.0490935 0.0477897 0.0269879 0.0377591 0.0564200 0.0177529 0.0475571 0.0369212 0.0091398 0.0804783 0.0179822 0.0889251 0.0000021 0.0467768 0.0580798 0.0464129 0.0678318 0.0387635 0.0388285 0.0784539 0.0783753 0.0586724 0.0370728 0.0602931 
S1235sl    0.0461331 0.0468094 0.1197588 0.0187015 0.0383917 0.0559200 0.0376657 0.0364343 0.0781845 0.1152786 0.0358643 0.0183634 0.0811054 0.0565686 0.0665927 0.0944872 0.0563398 0.0378701 0.0176849 0.0000000 0.0690896 0.0701532 0.0269718 0.0682988 0.0175395 0.0269718 0.0593558 0.0577998 0.0457922 0.0283033 0.0663240 0.0463767 0.0575155 0.0465067 0.0279388 0.0911873 0.0277955 0.0995594 0.0175395 0.0465383 0.0682988 0.0363144 0.0781258 0.0488504 0.0489055 0.0889229 0.0683932 0.0689505 0.0477106 0.0708712 
S1251      0.0921385 0.1120485 0.1908051 0.0593736 0.0813157 0.1033495 0.0796484 0.0682985 0.0570849 0.1295834 0.0794105 0.0800362 0.1184439 0.0563728 0.0784514 0.1082771 0.0677823 0.0704473 0.0587902 0.0690896 0.0000000 0.0827754 0.0698010 0.0805299 0.0582618 0.0698010 0.0714680 0.0695918 0.0913408 0.0926917 0.0569102 0.0927165 0.0692390 0.0575799 0.0725281 0.0478971 0.0685535 0.0769712 0.0582618 0.0703354 0.0805299 0.0893810 0.0578146 0.0481164 0.0606027 0.0885979 0.1384705 0.0591944 0.0907870 0.0835727 
S1260      0.0937658 0.1141511 0.1433173 0.0602432 0.0826801 0.1052659 0.0809470 0.0821689 0.0808809 0.1195665 0.0807006 0.0813498 0.0702906 0.0690876 0.0797037 0.0979933 0.0687990 0.0715559 0.0596415 0.0701532 0.0827754 0.0000000 0.0708909 0.0818641 0.0590948 0.0708909 0.0489859 0.0476861 0.0929339 0.0943412 0.0685331 0.0943693 0.0276121 0.0583901 0.0496269 0.0944399 0.0695972 0.1030711 0.0590948 0.0825541 0.0818641 0.0908932 0.0921723 0.0386774 0.0615133 0.1036323 0.1413857 0.0826029 0.0923559 0.0850212 
S1278      0.0368643 0.0667845 0.1477832 0.0089877 0.0379142 0.0465635 0.0372042 0.0086354 0.0560557 0.1165622 0.0268650 0.0373678 0.0819672 0.0571226 0.0672549 0.0955332 0.0568892 0.0382385 0.0000021 0.0269718 0.0698010 0.0708909 0.0000000 0.0689973 0.0087547 0.0000010 0.0599656 0.0583800 0.0365977 0.0480548 0.0669810 0.0175693 0.0580899 0.0469538 0.0185979 0.0921577 0.0274379 0.1006086 0.0087547 0.0571155 0.0689973 0.0566658 0.0789276 0.0493454 0.0494002 0.0898476 0.0897850 0.0696590 0.0471561 0.0716206 
S1332      0.0911918 0.1110438 0.1750627 0.0586510 0.0804276 0.1023531 0.0787875 0.0799436 0.0897415 0.0924546 0.0785529 0.0791690 0.0931088 0.0469545 0.0568658 0.1072231 0.0272181 0.0482523 0.0580798 0.0682988 0.0805299 0.0818641 0.0689973 0.0000000 0.0575606 0.0689973 0.0492838 0.0479689 0.0904062 0.0823485 0.0772947 0.0917607 0.0477343 0.0179688 0.0598051 0.1033741 0.0677725 0.0893172 0.0575606 0.0803089 0.0179252 0.0465800 0.0784176 0.0389052 0.0598578 0.0787877 0.1135230 0.0589075 0.0677725 0.0605422 
S1369      0.0269489 0.0557648 0.1324984 0.0089877 0.0276929 0.0363077 0.0271926 0.0177384 0.0672841 0.1029891 0.0174716 0.0273071 0.0697946 0.0463804 0.0561564 0.0825531 0.0461936 0.0279483 0.0000021 0.0175395 0.0582618 0.0590948 0.0087547 0.0575606 0.0000000 0.0087547 0.0486511 0.0473681 0.0267632 0.0374297 0.0559307 0.0270830 0.0471395 0.0366058 0.0090623 0.0797363 0.0178325 0.0881155 0.0000010 0.0463732 0.0575606 0.0460155 0.0672256 0.0384171 0.0384814 0.0777458 0.0776672 0.0581461 0.0367549 0.0597367 
S1370      0.0368643 0.0667845 0.1477832 0.0089877 0.0379142 0.0465635 0.0372042 0.0086354 0.0560557 0.1165622 0.0268650 0.0373678 0.0819672 0.0571226 0.0672549 0.0955332 0.0568892 0.0382385 0.0000021 0.0269718 0.0698010 0.0708909 0.0000010 0.0689973 0.0087547 0.0000000 0.0599656 0.0583800 0.0365977 0.0480548 0.0669810 0.0175693 0.0580899 0.0469538 0.0185979 0.0921577 0.0274379 0.1006086 0.0087547 0.0571155 0.0689973 0.0566658 0.0789276 0.0493454 0.0494002 0.0898476 0.0897850 0.0696590 0.0471561 0.0716206 
S1422      0.0821253 0.1021812 0.1798011 0.0495858 0.0713329 0.0932957 0.0698723 0.0709009 0.0698170 0.0835339 0.0696590 0.0702124 0.1081039 0.0381137 0.0480602 0.0858030 0.0379549 0.0605633 0.0490935 0.0593558 0.0714680 0.0489859 0.0599656 0.0492838 0.0486511 0.0599656 0.0000000 0.0184480 0.0814180 0.0730983 0.0580110 0.0826347 0.0183619 0.0282021 0.0505202 0.0827721 0.0588989 0.0694700 0.0486511 0.0712307 0.0492838 0.0584221 0.0807559 0.0093499 0.0506408 0.0698760 0.1044779 0.0498304 0.0809315 0.0512266 
S1449      0.0799937 0.0996497 0.1754060 0.0482570 0.0694549 0.0909071 0.0680655 0.0690433 0.0680121 0.0813354 0.0678606 0.0683884 0.1053225 0.0371070 0.0272504 0.0835051 0.0369559 0.0589543 0.0477897 0.0577998 0.0695918 0.0476861 0.0583800 0.0479689 0.0473681 0.0583800 0.0184480 0.0000000 0.0793207 0.0711431 0.0565209 0.0804777 0.0178736 0.0274511 0.0491441 0.0806234 0.0573657 0.0676796 0.0473681 0.0693580 0.0479689 0.0569111 0.0786878 0.0090918 0.0492613 0.0680688 0.1018428 0.0484927 0.0788584 0.0498178 
S1460      0.0563529 0.0664672 0.1736153 0.0376201 0.0580007 0.0463514 0.0469395 0.0463514 0.1005633 0.1403828 0.0456100 0.0571375 0.1043059 0.0775697 0.0880573 0.1044332 0.0772549 0.0584084 0.0269879 0.0457922 0.0913408 0.0929339 0.0365977 0.0904062 0.0267632 0.0365977 0.0814180 0.0793207 0.0000000 0.0685996 0.0666620 0.0368887 0.0789167 0.0669623 0.0379273 0.1146163 0.0466100 0.0999995 0.0267632 0.0775646 0.0904062 0.0769475 0.0785370 0.0704465 0.0583490 0.1118109 0.1117949 0.0802857 0.0672706 0.0937683 
S1462      0.0691687 0.0565329 0.1481257 0.0281845 0.0482906 0.0798809 0.0473617 0.0584711 0.1020443 0.1326827 0.0574827 0.0087676 0.1058913 0.0695441 0.0801748 0.1208088 0.0692533 0.0592310 0.0377591 0.0283033 0.0926917 0.0943412 0.0480548 0.0823485 0.0374297 0.0480548 0.0730983 0.0711431 0.0685996 0.0000000 0.0889516 0.0695761 0.0707743 0.0588167 0.0498862 0.1163523 0.0372551 0.1153724 0.0374297 0.0825304 0.0823485 0.0478199 0.1019888 0.0619425 0.0714760 0.1040979 0.0696356 0.0830895 0.0576276 0.0855215 
S1539      0.0884376 0.0650598 0.1831912 0.0569589 0.0780232 0.0564361 0.0764824 0.0775682 0.0662016 0.1012229 0.0762606 0.0768408 0.0902523 0.0653745 0.0548968 0.0811343 0.0651153 0.0675896 0.0564200 0.0663240 0.0569102 0.0685331 0.0669810 0.0772947 0.0559307 0.0669810 0.0580110 0.0565209 0.0666620 0.0889516 0.0000000 0.0675781 0.0562492 0.0553012 0.0589896 0.0571094 0.0658294 0.0866740 0.0559307 0.0779126 0.0772947 0.0858846 0.0458464 0.0477573 0.0468016 0.0759394 0.1330640 0.0779762 0.0871911 0.0801255 
S_670      0.0571047 0.0673792 0.1767048 0.0278298 0.0588010 0.0469508 0.0576435 0.0266991 0.0771474 0.1427262 0.0461898 0.0579122 0.1059409 0.0786712 0.0893366 0.1208933 0.0783482 0.0592168 0.0177529 0.0463767 0.0927165 0.0943693 0.0175693 0.0917607 0.0270830 0.0175693 0.0826347 0.0804777 0.0368887 0.0695761 0.0675781 0.0000000 0.0800612 0.0678870 0.0384212 0.1164236 0.0472167 0.1248953 0.0270830 0.0786662 0.0917607 0.0780317 0.0796712 0.0714772 0.0591592 0.1135361 0.1135246 0.0925250 0.0682051 0.0952224 
SRR8528336 0.0795825 0.0991366 0.1743277 0.0480199 0.0691019 0.0904336 0.0677269 0.0686944 0.0676738 0.0809101 0.0675236 0.0680463 0.0812817 0.0369320 0.0465828 0.0830583 0.0367823 0.0586595 0.0475571 0.0575155 0.0692390 0.0276121 0.0580899 0.0477343 0.0471395 0.0580899 0.0183619 0.0178736 0.0789167 0.0707743 0.0562492 0.0800612 0.0000000 0.0273236 0.0488979 0.0802080 0.0570856 0.0673453 0.0471395 0.0690060 0.0477343 0.0566367 0.0782910 0.0090500 0.0490153 0.0677299 0.1013072 0.0482539 0.0784603 0.0495651 
SRR8528341 0.0675016 0.0865348 0.1573115 0.0372726 0.0574240 0.0779176 0.0563238 0.0570961 0.0664980 0.0794372 0.0561564 0.0565796 0.0689505 0.0269034 0.0361896 0.0815134 0.0086751 0.0276421 0.0369212 0.0465067 0.0575799 0.0583901 0.0469538 0.0179688 0.0366058 0.0469538 0.0282021 0.0274511 0.0669623 0.0588167 0.0553012 0.0678870 0.0273236 0.0000000 0.0486992 0.0787684 0.0461745 0.0661789 0.0366058 0.0573507 0.0179688 0.0266968 0.0664402 0.0185389 0.0380418 0.0563291 0.0883680 0.0374711 0.0665943 0.0384558 
SRR8528343 0.0382150 0.0692915 0.1120772 0.0191246 0.0393440 0.0482810 0.0385793 0.0282785 0.0710780 0.0964500 0.0278235 0.0387558 0.0723427 0.0592677 0.0697952 0.0875444 0.0590175 0.0396881 0.0091398 0.0279388 0.0725281 0.0496269 0.0185979 0.0598051 0.0090623 0.0185979 0.0505202 0.0491441 0.0379273 0.0498862 0.0589896 0.0384212 0.0488979 0.0486992 0.0000000 0.0843757 0.0284384 0.0931692 0.0090623 0.0592604 0.0716758 0.0587764 0.0704479 0.0398835 0.0513290 0.0933547 0.0932951 0.0723752 0.0384424 0.0744939 
SRR8528347 0.1156560 0.1358984 0.2018458 0.0812855 0.1043939 0.1273517 0.1021857 0.0805180 0.0479785 0.1300942 0.1018845 0.1026955 0.1436447 0.0678117 0.1006151 0.1087084 0.0894131 0.0929015 0.0804783 0.0911873 0.0478971 0.0944399 0.0921577 0.1033741 0.0797363 0.0921577 0.0827721 0.0806234 0.1146163 0.1163523 0.0571094 0.1164236 0.0802080 0.0787684 0.0843757 0.0000000 0.0904471 0.0772475 0.0797363 0.0928789 0.1033741 0.1120905 0.0902686 0.0606131 0.0829195 0.0882721 0.1640822 0.1041643 0.1138743 0.1072144 
SRR8528350 0.0273247 0.0554895 0.1447119 0.0089520 0.0275704 0.0569429 0.0270748 0.0370765 0.0775761 0.1142905 0.0364862 0.0271882 0.0804516 0.0561538 0.0660941 0.0936902 0.0559283 0.0375986 0.0179822 0.0277955 0.0685535 0.0695972 0.0274379 0.0677725 0.0178325 0.0274379 0.0588989 0.0573657 0.0466100 0.0372551 0.0658294 0.0472167 0.0570856 0.0461745 0.0284384 0.0904471 0.0000000 0.0987560 0.0178325 0.0588371 0.0571463 0.0557116 0.0775178 0.0484827 0.0390686 0.0882175 0.0772398 0.0684165 0.0365870 0.0605821 
SRR8528354 0.1240714 0.1440846 0.1989408 0.0898018 0.1128647 0.1357323 0.0883385 0.0889728 0.0771004 0.1144994 0.1101820 0.1110438 0.1521592 0.0557974 0.0870227 0.1002554 0.0763506 0.1013621 0.0889251 0.0995594 0.0769712 0.1030711 0.1006086 0.0893172 0.0881155 0.1006086 0.0694700 0.0676796 0.0999995 0.1153724 0.0866740 0.1248953 0.0673453 0.0661789 0.0931692 0.0772475 0.0987560 0.0000000 0.0881155 0.1126801 0.0893172 0.0979634 0.1101820 0.0483680 0.0915455 0.0661789 0.1473450 0.0474740 0.1221657 0.0926067 
SRR8528357 0.0269489 0.0557648 0.1324984 0.0089877 0.0276929 0.0363077 0.0271926 0.0177384 0.0672841 0.1029891 0.0174716 0.0273071 0.0697946 0.0463804 0.0561564 0.0825531 0.0461936 0.0279483 0.0000021 0.0175395 0.0582618 0.0590948 0.0087547 0.0575606 0.0000010 0.0087547 0.0486511 0.0473681 0.0267632 0.0374297 0.0559307 0.0270830 0.0471395 0.0366058 0.0090623 0.0797363 0.0178325 0.0881155 0.0000000 0.0463732 0.0575606 0.0460155 0.0672256 0.0384171 0.0384814 0.0777458 0.0776672 0.0581461 0.0367549 0.0597367 
SRR8528359 0.0782060 0.0798409 0.1634407 0.0495341 0.0712539 0.0888541 0.0697964 0.0675236 0.0795876 0.1295562 0.0663943 0.0701356 0.0946178 0.0678315 0.0573240 0.1081351 0.0471395 0.0702124 0.0467768 0.0465383 0.0703354 0.0825541 0.0571155 0.0803089 0.0463732 0.0571155 0.0712307 0.0693580 0.0775646 0.0825304 0.0779126 0.0786662 0.0690060 0.0573507 0.0592604 0.0928789 0.0588371 0.1126801 0.0463732 0.0000000 0.0803089 0.0677724 0.0904115 0.0497646 0.0603618 0.1016252 0.1043532 0.0810280 0.0808408 0.0833515 
SRR8528361 0.0797158 0.1110438 0.1750627 0.0586510 0.0804276 0.1023531 0.0787875 0.0799436 0.0897415 0.1044810 0.0785529 0.0791690 0.0931088 0.0469545 0.0568658 0.1072231 0.0272181 0.0482523 0.0580798 0.0682988 0.0805299 0.0818641 0.0689973 0.0179252 0.0575606 0.0689973 0.0492838 0.0479689 0.0904062 0.0823485 0.0772947 0.0917607 0.0477343 0.0179688 0.0716758 0.1033741 0.0571463 0.0893172 0.0575606 0.0803089 0.0000000 0.0465800 0.0896839 0.0389052 0.0477969 0.0787877 0.1135230 0.0589075 0.0787232 0.0483202 
SRR8528365 0.0775784 0.0550642 0.1176754 0.0468539 0.0673746 0.0881380 0.0660681 0.0669874 0.0984127 0.1133340 0.0658749 0.0460155 0.0580802 0.0557187 0.0457975 0.1162137 0.0175612 0.0370472 0.0464129 0.0363144 0.0893810 0.0908932 0.0566658 0.0465800 0.0460155 0.0566658 0.0584221 0.0569111 0.0769475 0.0478199 0.0858846 0.0780317 0.0566367 0.0266968 0.0587764 0.1120905 0.0557116 0.0979634 0.0460155 0.0677724 0.0465800 0.0000000 0.0983582 0.0380956 0.0689505 0.0875125 0.0561637 0.0678675 0.0765144 0.0697271 
SRR8528370 0.1013887 0.0986815 0.1834959 0.0684943 0.0905495 0.0900035 0.0669132 0.0900035 0.0997680 0.1141077 0.0884376 0.0891269 0.1280054 0.0769638 0.0873707 0.1179459 0.0766535 0.0796083 0.0678318 0.0781258 0.0578146 0.0921723 0.0789276 0.0784176 0.0672256 0.0789276 0.0807559 0.0786878 0.0785370 0.1019888 0.0458464 0.0796712 0.0782910 0.0664402 0.0704479 0.0902686 0.0775178 0.1101820 0.0672256 0.0904115 0.0896839 0.0983582 0.0000000 0.0698706 0.0578811 0.1109276 0.1229510 0.0792506 0.0775178 0.0929980 
SRR8528372 0.0710467 0.0801622 0.1534449 0.0391508 0.0604122 0.0820538 0.0591923 0.0493454 0.0486207 0.0722557 0.0590080 0.0594754 0.0848524 0.0185506 0.0281874 0.0742501 0.0185389 0.0498689 0.0387635 0.0488504 0.0481164 0.0386774 0.0493454 0.0389052 0.0384171 0.0493454 0.0093499 0.0090918 0.0704465 0.0619425 0.0477573 0.0714772 0.0090500 0.0185389 0.0398835 0.0606131 0.0484827 0.0483680 0.0384171 0.0497646 0.0389052 0.0380956 0.0698706 0.0000000 0.0399968 0.0486632 0.0819319 0.0393657 0.0700364 0.0404549 
SRR8528379 0.0612049 0.0782588 0.1659696 0.0392162 0.0604439 0.0693564 0.0592259 0.0600818 0.0699323 0.1071236 0.0590431 0.0595093 0.0962474 0.0481959 0.0583424 0.0859619 0.0479952 0.0499241 0.0388285 0.0489055 0.0606027 0.0615133 0.0494002 0.0598578 0.0384814 0.0494002 0.0506408 0.0492613 0.0583490 0.0714760 0.0468016 0.0591592 0.0490153 0.0380418 0.0513290 0.0829195 0.0390686 0.0915455 0.0384814 0.0603618 0.0477969 0.0689505 0.0578811 0.0399968 0.0000000 0.0807903 0.1162909 0.0604780 0.0700369 0.0392168 
SRR8528381 0.1128049 0.1089571 0.1854851 0.0792243 0.1017864 0.1004141 0.0996786 0.0784905 0.0881004 0.1268706 0.0993900 0.1001662 0.1150513 0.0461817 0.0559098 0.1300942 0.0663322 0.0905704 0.0784539 0.0889229 0.0885979 0.1036323 0.0898476 0.0787877 0.0777458 0.0898476 0.0698760 0.0680688 0.1118109 0.1040979 0.0759394 0.1135361 0.0677299 0.0563291 0.0933547 0.0882721 0.0882175 0.0661789 0.0777458 0.1016252 0.0787877 0.0875125 0.1109276 0.0486632 0.0807903 0.0000000 0.1356625 0.0794876 0.0882175 0.0817208 
SRR8528384 0.1127915 0.0763196 0.1560275 0.0682476 0.0788769 0.1242700 0.0666771 0.1011254 0.1480141 0.1665114 0.0993449 0.0669871 0.1284949 0.0995240 0.0883335 0.1706497 0.0774913 0.1021650 0.0783753 0.0683932 0.1384705 0.1413857 0.0897850 0.1135230 0.0776672 0.0897850 0.1044779 0.1018428 0.1117949 0.0696356 0.1330640 0.1135246 0.1013072 0.0883680 0.0932951 0.1640822 0.0772398 0.1473450 0.0776672 0.1043532 0.1135230 0.0561637 0.1229510 0.0819319 0.1162909 0.1356625 0.0000000 0.1143245 0.0995235 0.1176788 
SRR8528389 0.0919495 0.1118268 0.1904634 0.0592535 0.0811483 0.1031389 0.0582971 0.0806583 0.0904823 0.1052864 0.0792506 0.0798739 0.0880629 0.0474601 0.0574403 0.1080488 0.0472652 0.0457342 0.0586724 0.0689505 0.0591944 0.0826029 0.0696590 0.0589075 0.0581461 0.0696590 0.0498304 0.0484927 0.0802857 0.0830895 0.0779762 0.0925250 0.0482539 0.0374711 0.0723752 0.1041643 0.0684165 0.0474740 0.0581461 0.0810280 0.0589075 0.0678675 0.0792506 0.0393657 0.0604780 0.0794876 0.1143245 0.0000000 0.0906034 0.0611734 
SRR8528391 0.0678147 0.0762078 0.1447119 0.0276809 0.0473834 0.0782910 0.0464903 0.0573521 0.0999472 0.1142905 0.0564030 0.0466965 0.1036415 0.0771293 0.0875432 0.1181315 0.0768181 0.0580876 0.0370728 0.0477106 0.0907870 0.0923559 0.0471561 0.0677725 0.0367549 0.0471561 0.0809315 0.0788584 0.0672706 0.0576276 0.0871911 0.0682051 0.0784603 0.0665943 0.0384424 0.1138743 0.0365870 0.1221657 0.0367549 0.0808408 0.0787232 0.0765144 0.0775178 0.0700364 0.0700369 0.0882175 0.0995235 0.0906034 0.0000000 0.0931823 
SRR8528400 0.0844579 0.1150350 0.1730634 0.0482866 0.0834798 0.1061474 0.0817220 0.0829612 0.0930565 0.1084254 0.0814726 0.0821304 0.1217620 0.0487276 0.0589917 0.1113375 0.0485226 0.0722925 0.0602931 0.0708712 0.0835727 0.0850212 0.0716206 0.0605422 0.0597367 0.0716206 0.0512266 0.0498178 0.0937683 0.0855215 0.0801255 0.0952224 0.0495651 0.0384558 0.0744939 0.1072144 0.0605821 0.0926067 0.0597367 0.0833515 0.0483202 0.0697271 0.0929980 0.0404549 0.0392168 0.0817208 0.1176788 0.0611734 0.0931823 0.0000000 
