51
S0289      0.0000000 0.1511242 0.0905007 0.1169838 0.1488741 0.0552918 0.1597503 0.1753654 0.1195545 0.2604237 0.1376029 0.0914667 0.1020939 0.1334507 0.1028939 0.1572086 0.1267472 0.1356393 0.1236330 0.1328297 0.1235002 0.1195174 0.1161611 0.1191945 0.1358338 0.1086296 0.1411022 0.0667412 0.0973837 0.1354516 0.0852367 0.0965840 0.1336746 0.1037947 0.0803443 0.1023987 0.0511664 0.1390684 0.0904565 0.1187976 0.0975528 0.0666752 0.0975336 0.0973952 0.0808119 0.0761117 0.1960554 0.0923985 0.0755520 0.1591627 0.0766826 
S0308      0.1511242 0.0000000 0.1257253 0.1009463 0.1475654 0.1341578 0.1598602 0.1792100 0.1175359 0.2842664 0.1368080 0.1323602 0.1285523 0.1701314 0.1479141 0.1452906 0.1935186 0.1241349 0.1340458 0.0750063 0.1123751 0.0933532 0.1154929 0.1367615 0.1175682 0.1410031 0.1295045 0.1283834 0.1473117 0.1346821 0.1114708 0.1775765 0.1387344 0.1572309 0.1250291 0.1335013 0.1587917 0.1445531 0.1386928 0.1400184 0.0912017 0.1104031 0.1501528 0.1635937 0.1235529 0.0948292 0.2500888 0.1177125 0.1301865 0.1592912 0.1059137 
S0335      0.0905007 0.1257253 0.0000000 0.0786436 0.0954847 0.0797409 0.1029545 0.1283748 0.0746219 0.2403919 0.0899769 0.0981719 0.0890072 0.1129765 0.0852942 0.1080516 0.1119272 0.0888250 0.0835062 0.1162105 0.0785206 0.0983585 0.0664326 0.0899615 0.0889646 0.0950434 0.0937216 0.0601482 0.0845014 0.0841616 0.0825435 0.1275265 0.0860349 0.0738688 0.0242522 0.0783297 0.0804867 0.0978112 0.0974239 0.0847849 0.0555444 0.0456740 0.0375776 0.1144194 0.0605772 0.0545727 0.1967133 0.0797660 0.0326702 0.1129176 0.0641190 
S0400      0.1169838 0.1009463 0.0786436 0.0000000 0.0745557 0.0950092 0.0919864 0.1121445 0.0558337 0.1937259 0.0247853 0.1001783 0.0860906 0.1206935 0.0916195 0.0500991 0.1416790 0.0245039 0.0455434 0.0963347 0.0160681 0.0940911 0.0250684 0.0290224 0.0552647 0.0871200 0.0329203 0.0801635 0.0964141 0.0457519 0.0841522 0.1231450 0.0250657 0.1057067 0.0782526 0.0284243 0.1066934 0.0369031 0.0993950 0.0463169 0.0464579 0.0647570 0.1048236 0.1048444 0.0756410 0.0598693 0.1988315 0.0808294 0.0829357 0.0809992 0.0697061 
S0412sl    0.1488741 0.1475654 0.0954847 0.0745557 0.0000000 0.1307063 0.1027310 0.0962731 0.0607771 0.2590182 0.0858246 0.1293615 0.1020538 0.1526768 0.1316796 0.0983685 0.1614181 0.0801061 0.0885809 0.1414384 0.0744397 0.1267671 0.0621959 0.0852609 0.0693264 0.1291629 0.0799866 0.1068025 0.1119154 0.0892835 0.1014711 0.1612793 0.0768219 0.1281575 0.0949819 0.0694350 0.1441998 0.0789144 0.1282487 0.0696602 0.0559264 0.1006975 0.1183743 0.1403101 0.1020777 0.0807018 0.1924340 0.1143587 0.0999226 0.0761904 0.1014744 
S0417      0.0552918 0.1341578 0.0797409 0.0950092 0.1307063 0.0000000 0.1459537 0.1627410 0.1075805 0.2332457 0.1249078 0.0850994 0.0855881 0.1148624 0.0964279 0.1390847 0.1191417 0.1231722 0.1219947 0.1187430 0.1115223 0.1156129 0.0934733 0.1198286 0.1233534 0.1016540 0.1284971 0.0610119 0.0807205 0.1336307 0.0752578 0.1067445 0.1209611 0.0969190 0.0699285 0.1112114 0.0460117 0.1327298 0.0844612 0.1125396 0.0863563 0.0517953 0.0863336 0.0956959 0.0653940 0.0608632 0.2092565 0.0814956 0.0652740 0.1568924 0.0708935 
S0427      0.1597503 0.1598602 0.1029545 0.0919864 0.1027310 0.1459537 0.0000000 0.1217852 0.0924498 0.2399737 0.1043979 0.1306083 0.1100645 0.1557301 0.1341793 0.1234991 0.1659378 0.1029759 0.1020240 0.1634762 0.0918295 0.1478167 0.0841313 0.1043739 0.0804278 0.1266484 0.1081967 0.1055020 0.1239304 0.1132259 0.1250573 0.1657041 0.1003341 0.1392639 0.1074332 0.0915865 0.1597673 0.1124644 0.1373102 0.0966945 0.0771349 0.1031174 0.1318294 0.1439582 0.1163137 0.0925842 0.2357106 0.1230220 0.1125878 0.0609259 0.1039338 
S0558      0.1753654 0.1792100 0.1283748 0.1121445 0.0962731 0.1627410 0.1217852 0.0000000 0.0795434 0.2655228 0.1181220 0.1473424 0.1345901 0.1702425 0.1482734 0.1219911 0.1956110 0.1236358 0.1169514 0.1556941 0.1119417 0.1575510 0.0988306 0.1192558 0.0960127 0.1450926 0.1233667 0.1300594 0.1429924 0.1179324 0.1351316 0.1987716 0.1084718 0.1646417 0.1276478 0.1062611 0.1770356 0.1167200 0.1588188 0.0965178 0.0651313 0.1233877 0.1539982 0.1748904 0.1251551 0.1022309 0.2135658 0.1445359 0.1329277 0.1302006 0.1243793 
S0689      0.1195545 0.1175359 0.0746219 0.0558337 0.0607771 0.1075805 0.0924498 0.0795434 0.0000000 0.2126516 0.0663042 0.0960768 0.0808028 0.1094702 0.1019112 0.0838376 0.1436849 0.0608955 0.0694019 0.1128313 0.0557529 0.1101131 0.0481906 0.0709747 0.0509416 0.0904966 0.0653966 0.0812169 0.1076169 0.0699391 0.0705942 0.1319381 0.0576050 0.1120012 0.0742510 0.0510151 0.1090194 0.0694970 0.0953275 0.0511756 0.0201662 0.0700919 0.1007423 0.1127257 0.0813054 0.0515279 0.1818202 0.0819010 0.0789390 0.0763654 0.0706051 
S0735      0.2604237 0.2842664 0.2403919 0.1937259 0.2590182 0.2332457 0.2399737 0.2655228 0.2126516 0.0000000 0.2261216 0.2347918 0.2355177 0.2557025 0.2228369 0.2420413 0.2763315 0.2223053 0.2263216 0.2932059 0.2064698 0.2584834 0.1968672 0.2091115 0.2070420 0.2453491 0.2282614 0.2283540 0.2533138 0.2418917 0.2256331 0.2715201 0.2072430 0.2582249 0.2188349 0.2053453 0.2605404 0.2067900 0.2344467 0.2132054 0.1990887 0.1844980 0.2550312 0.2617286 0.2026419 0.1959337 0.2959207 0.1974566 0.2253030 0.2527311 0.2112634 
S0756      0.1376029 0.1368080 0.0899769 0.0247853 0.0858246 0.1249078 0.1043979 0.1181220 0.0663042 0.2261216 0.0000000 0.1127002 0.0867121 0.1464067 0.1146662 0.0600959 0.1625649 0.0335725 0.0553255 0.1319430 0.0247537 0.1285983 0.0297376 0.0290853 0.0606385 0.1099814 0.0422882 0.0972058 0.1196910 0.0458507 0.0958180 0.1431455 0.0295386 0.1293995 0.0895106 0.0375440 0.1266293 0.0463488 0.1117728 0.0562987 0.0564747 0.0853039 0.1174896 0.1232961 0.0973192 0.0754239 0.2303520 0.0980591 0.0943777 0.0927853 0.0859472 
S0795      0.0914667 0.1323602 0.0981719 0.1001783 0.1293615 0.0850994 0.1306083 0.1473424 0.0960768 0.2347918 0.1127002 0.0000000 0.0513561 0.1379314 0.1180042 0.1371512 0.1463322 0.1000591 0.1101520 0.1275858 0.0901313 0.1531268 0.0867133 0.1177884 0.0959290 0.1239197 0.1163567 0.0857141 0.1227218 0.1317877 0.0463875 0.0856418 0.0974374 0.1101621 0.0880574 0.0799539 0.0808336 0.1205416 0.0596807 0.1174107 0.0852443 0.0744497 0.0939908 0.0695393 0.0956741 0.0649351 0.2316822 0.0753527 0.0833014 0.1126978 0.0749964 
S1083      0.1020939 0.1285523 0.0890072 0.0860906 0.1020538 0.0855881 0.1100645 0.1345901 0.0808028 0.2355177 0.0867121 0.0513561 0.0000000 0.1197716 0.1137269 0.1224045 0.1435907 0.0968014 0.0959275 0.1345004 0.0762277 0.1311525 0.0776867 0.1031421 0.0857246 0.1025991 0.1019185 0.0764596 0.1129584 0.1171418 0.0466448 0.1022846 0.0876038 0.1014905 0.0790363 0.0857272 0.0813005 0.1061397 0.0600121 0.1013280 0.0659340 0.0655003 0.0958802 0.0850775 0.0863056 0.0561120 0.1977327 0.0662856 0.0743269 0.1146767 0.0659783 
S1128      0.1334507 0.1701314 0.1129765 0.1206935 0.1526768 0.1148624 0.1557301 0.1702425 0.1094702 0.2557025 0.1464067 0.1379314 0.1197716 0.0000000 0.0507395 0.1426252 0.1239042 0.1442449 0.1427603 0.1526590 0.1315686 0.1605727 0.1241694 0.1463508 0.1444517 0.1062735 0.1380896 0.0912173 0.1029881 0.1553574 0.1194512 0.1298175 0.1364232 0.1193778 0.1020796 0.1311673 0.1334537 0.1542628 0.1304027 0.1455684 0.0982669 0.0811607 0.1265118 0.1298473 0.0814574 0.0808968 0.1951202 0.1096771 0.1071858 0.1740348 0.0916784 
S1129sl    0.1028939 0.1479141 0.0852942 0.0916195 0.1316796 0.0964279 0.1341793 0.1482734 0.1019112 0.2228369 0.1146662 0.1180042 0.1137269 0.0507395 0.0000000 0.1338515 0.1069291 0.1130874 0.1120234 0.1430277 0.1016827 0.1288125 0.0994430 0.1146358 0.1242466 0.0949242 0.1183655 0.0746826 0.0855727 0.1129616 0.1008797 0.1058816 0.1051750 0.0963605 0.0752711 0.1014062 0.1136562 0.1226185 0.1063470 0.1083574 0.0810395 0.0651745 0.0972565 0.1058950 0.0561909 0.0649774 0.1799787 0.0916756 0.0896969 0.1581433 0.0654483 
S1211      0.1572086 0.1452906 0.1080516 0.0500991 0.0983685 0.1390847 0.1234991 0.1219911 0.0838376 0.2420413 0.0600959 0.1371512 0.1224045 0.1426252 0.1338515 0.0000000 0.1803665 0.0504703 0.0724519 0.1399513 0.0500297 0.1369510 0.0562014 0.0600919 0.0927418 0.1328377 0.0328834 0.1093787 0.1266864 0.0727813 0.1243022 0.1622088 0.0608144 0.1413421 0.1074829 0.0632042 0.1520336 0.0723315 0.1299667 0.0830999 0.0739684 0.1033575 0.1363102 0.1417507 0.1047477 0.0932775 0.1918511 0.1223451 0.1124091 0.1159349 0.1041391 
S1214sl    0.1267472 0.1935186 0.1119272 0.1416790 0.1614181 0.1191417 0.1659378 0.1956110 0.1436849 0.2763315 0.1625649 0.1463322 0.1435907 0.1239042 0.1069291 0.1803665 0.0000000 0.1581032 0.1587262 0.1734403 0.1528169 0.1656348 0.1324759 0.1624950 0.1555685 0.0838176 0.1717461 0.0606513 0.0852653 0.1490566 0.1298099 0.1340987 0.1566510 0.0611542 0.1011631 0.1412631 0.1267474 0.1704268 0.1408908 0.1562598 0.1202154 0.0804802 0.1076173 0.1341315 0.0946647 0.0855222 0.2215872 0.1086499 0.1062105 0.1680333 0.1011823 
S1227      0.1356393 0.1241349 0.0888250 0.0245039 0.0801061 0.1231722 0.1029759 0.1236358 0.0608955 0.2223053 0.0335725 0.1000591 0.0968014 0.1442449 0.1130874 0.0504703 0.1581032 0.0000000 0.0546679 0.1231088 0.0244732 0.1268260 0.0122389 0.0379076 0.0647992 0.1084702 0.0331568 0.0959206 0.1129108 0.0549191 0.0945710 0.1338620 0.0163096 0.1208232 0.0883716 0.0371107 0.1248442 0.0370683 0.1102777 0.0556165 0.0557880 0.0842159 0.1094491 0.1045464 0.0960305 0.0744780 0.2139194 0.0967498 0.0931694 0.0915569 0.0848433 
S1235sl    0.1236330 0.1340458 0.0835062 0.0455434 0.0885809 0.1219947 0.1020240 0.1169514 0.0694019 0.2263216 0.0553255 0.1101520 0.0959275 0.1427603 0.1120234 0.0724519 0.1587262 0.0546679 0.0000000 0.1292812 0.0369095 0.1260786 0.0380836 0.0553228 0.0686854 0.1288173 0.0546082 0.0950638 0.1169201 0.0327827 0.0937395 0.1505976 0.0513749 0.1214765 0.0876163 0.0410016 0.1343002 0.0496790 0.1193614 0.0595299 0.0507581 0.0834972 0.1148247 0.1308205 0.0951714 0.0738573 0.2170723 0.1011209 0.0828888 0.1054650 0.0841119 
S1260      0.1328297 0.0750063 0.1162105 0.0963347 0.1414384 0.1187430 0.1634762 0.1556941 0.1128313 0.2932059 0.1319430 0.1275858 0.1345004 0.1526590 0.1430277 0.1399513 0.1734403 0.1231088 0.1292812 0.0000000 0.1180853 0.0780253 0.0937571 0.1187508 0.1287657 0.1361861 0.1189499 0.1236421 0.1478898 0.1192161 0.1009804 0.1518206 0.1265620 0.1340673 0.1204168 0.1287580 0.1539118 0.1335551 0.1384767 0.1352252 0.0866088 0.1057942 0.1378846 0.1388579 0.1188037 0.0902868 0.2437851 0.1179392 0.1152882 0.1560375 0.1114642 
S1278      0.1235002 0.1123751 0.0785206 0.0160681 0.0744397 0.1115223 0.0918295 0.1119417 0.0557529 0.2064698 0.0247537 0.0901313 0.0762277 0.1315686 0.1016827 0.0500297 0.1528169 0.0244732 0.0369095 0.1180853 0.0000000 0.1152170 0.0250362 0.0289849 0.0463048 0.0971502 0.0328776 0.0851857 0.1065280 0.0456896 0.0745393 0.1287758 0.0250335 0.1159030 0.0781309 0.0283884 0.1130048 0.0368549 0.0992261 0.0462529 0.0463935 0.0740108 0.1046416 0.1101418 0.0852789 0.0645611 0.2111958 0.0859013 0.0828047 0.0808676 0.0745496 
S1315      0.1195174 0.0933532 0.0983585 0.0940911 0.1267671 0.1156129 0.1478167 0.1575510 0.1101131 0.2584834 0.1285983 0.1531268 0.1311525 0.1605727 0.1288125 0.1369510 0.1656348 0.1268260 0.1260786 0.0780253 0.1152170 0.0000000 0.0973594 0.1056699 0.1255900 0.1273672 0.1321061 0.1153888 0.1274409 0.1060728 0.1244802 0.1732526 0.1303555 0.1377229 0.0978486 0.1255837 0.1501485 0.1302535 0.1517714 0.1164926 0.0846176 0.1033113 0.1260298 0.1656453 0.1006048 0.0882262 0.1932705 0.1272203 0.1125619 0.1585113 0.1088140 
S1369      0.1161611 0.1154929 0.0664326 0.0250684 0.0621959 0.0934733 0.0841313 0.0988306 0.0481906 0.1968672 0.0297376 0.0867133 0.0776867 0.1241694 0.0994430 0.0562014 0.1324759 0.0122389 0.0380836 0.0937571 0.0250362 0.0973594 0.0000000 0.0340585 0.0568613 0.0946474 0.0383314 0.0775629 0.0885104 0.0382640 0.0813430 0.1199516 0.0166613 0.0973229 0.0706419 0.0336078 0.1108265 0.0335692 0.0968374 0.0523411 0.0387587 0.0664231 0.0911391 0.0912345 0.0776476 0.0568987 0.2127538 0.0728080 0.0659412 0.0834764 0.0669138 
S1370      0.1191945 0.1367615 0.0899615 0.0290224 0.0852609 0.1198286 0.1043739 0.1192558 0.0709747 0.2091115 0.0290853 0.1177884 0.1031421 0.1463508 0.1146358 0.0600919 0.1624950 0.0379076 0.0553228 0.1187508 0.0289849 0.1056699 0.0340585 0.0000000 0.0702243 0.1046113 0.0466813 0.0971863 0.1196574 0.0458500 0.1007169 0.1485607 0.0388118 0.1293592 0.0894955 0.0418639 0.1268004 0.0460780 0.1168092 0.0563875 0.0564716 0.0852906 0.1174581 0.1284532 0.0872488 0.0754148 0.2173000 0.0967803 0.0943602 0.0977706 0.0859335 
S1375      0.1358338 0.1175682 0.0889646 0.0552647 0.0693264 0.1233534 0.0804278 0.0960127 0.0509416 0.2070420 0.0606385 0.0959290 0.0857246 0.1444517 0.1242466 0.0927418 0.1555685 0.0647992 0.0686854 0.1287657 0.0463048 0.1255900 0.0568613 0.0702243 0.0000000 0.1177841 0.0739588 0.0960716 0.1182143 0.0785113 0.0753765 0.1412862 0.0616094 0.1277874 0.0885100 0.0594086 0.1250292 0.0780179 0.1056419 0.0595959 0.0462886 0.0843515 0.1010764 0.1217849 0.0961819 0.0652685 0.1911790 0.0969031 0.0933131 0.0607304 0.0849796 
S1376      0.1086296 0.1410031 0.0950434 0.0871200 0.1291629 0.1016540 0.1266484 0.1450926 0.0904966 0.2453491 0.1099814 0.1239197 0.1025991 0.1062735 0.0949242 0.1328377 0.0838176 0.1084702 0.1288173 0.1361861 0.0971502 0.1273672 0.0946474 0.1046113 0.1177841 0.0000000 0.1137376 0.0463557 0.0605295 0.1294299 0.1064818 0.1296984 0.1114816 0.0753040 0.0848262 0.0972228 0.0982994 0.1076265 0.1228684 0.1027715 0.0753200 0.0651708 0.1124744 0.1178424 0.0694908 0.0744842 0.1693601 0.0967333 0.0896603 0.1393369 0.0848405 
S1381      0.1411022 0.1295045 0.0937216 0.0329203 0.0799866 0.1284971 0.1081967 0.1233667 0.0653966 0.2282614 0.0422882 0.1163567 0.1019185 0.1380896 0.1183655 0.0328834 0.1717461 0.0331568 0.0546082 0.1189499 0.0328776 0.1321061 0.0383314 0.0466813 0.0739588 0.1137376 0.0000000 0.1009854 0.1181763 0.0548586 0.0995555 0.1402118 0.0427816 0.1329208 0.0932394 0.0370790 0.1302461 0.0457615 0.1096864 0.0555539 0.0557250 0.0890899 0.1210879 0.1209206 0.1011030 0.0792618 0.1998306 0.1018650 0.0980701 0.0958363 0.0897565 
S1422      0.0667412 0.1283834 0.0601482 0.0801635 0.1068025 0.0610119 0.1055020 0.1300594 0.0812169 0.2283540 0.0972058 0.0857141 0.0764596 0.0912173 0.0746826 0.1093787 0.0606513 0.0959206 0.0950638 0.1236421 0.0851857 0.1153888 0.0775629 0.0971863 0.0960716 0.0463557 0.1009854 0.0000000 0.0285513 0.1058645 0.0702287 0.0908956 0.0931968 0.0330965 0.0508824 0.0753750 0.0667299 0.1051691 0.0850657 0.0967356 0.0614288 0.0330426 0.0660259 0.0803485 0.0458005 0.0330426 0.1712079 0.0566479 0.0464430 0.1157447 0.0420524 
S1449      0.0973837 0.1473117 0.0845014 0.0964141 0.1119154 0.0807205 0.1239304 0.1429924 0.1076169 0.2533138 0.1196910 0.1227218 0.1129584 0.1029881 0.0855727 0.1266864 0.0852653 0.1129108 0.1169201 0.1478898 0.1065280 0.1274409 0.0885104 0.1196574 0.1182143 0.0605295 0.1181763 0.0285513 0.0000000 0.1284328 0.1054901 0.1234287 0.1157180 0.0556310 0.0745933 0.0961619 0.0973755 0.1275685 0.1216930 0.1190687 0.0863940 0.0555290 0.1012498 0.1118306 0.0597821 0.0646111 0.1862012 0.0910994 0.0793070 0.1398890 0.0746050 
S1460      0.1354516 0.1346821 0.0841616 0.0457519 0.0892835 0.1336307 0.1132259 0.1179324 0.0699391 0.2418917 0.0458507 0.1317877 0.1171418 0.1553574 0.1129616 0.0727813 0.1490566 0.0549191 0.0327827 0.1192161 0.0456896 0.1060728 0.0382640 0.0458500 0.0785113 0.1294299 0.0548586 0.1058645 0.1284328 0.0000000 0.0944886 0.1631016 0.0562428 0.1224941 0.0883017 0.0499655 0.1463875 0.0499050 0.1306737 0.0599813 0.0511406 0.0937901 0.1157692 0.1319151 0.1059896 0.0651231 0.2191275 0.1121905 0.0930908 0.1063320 0.0847785 
S1462      0.0852367 0.1114708 0.0825435 0.0841522 0.1014711 0.0752578 0.1250573 0.1351316 0.0705942 0.2256331 0.0958180 0.0463875 0.0466448 0.1194512 0.1008797 0.1243022 0.1298099 0.0945710 0.0937395 0.1009804 0.0745393 0.1244802 0.0813430 0.1007169 0.0753765 0.1064818 0.0995555 0.0702287 0.1054901 0.0944886 0.0000000 0.0960873 0.0918603 0.0997912 0.0728984 0.0838072 0.0756019 0.1036808 0.0549142 0.0905015 0.0606166 0.0597137 0.0890664 0.0699482 0.0797673 0.0331822 0.2111876 0.0604080 0.0683265 0.1140014 0.0511144 
S1539      0.0965840 0.1775765 0.1275265 0.1231450 0.1612793 0.1067445 0.1657041 0.1987716 0.1319381 0.2715201 0.1431455 0.0856418 0.1022846 0.1298175 0.1058816 0.1622088 0.1340987 0.1338620 0.1505976 0.1518206 0.1287758 0.1732526 0.1199516 0.1485607 0.1412862 0.1296984 0.1402118 0.0908956 0.1234287 0.1631016 0.0960873 0.0000000 0.1197574 0.1171472 0.1115430 0.1178504 0.0967739 0.1348366 0.0655371 0.1359731 0.1196360 0.0854041 0.1232425 0.0288207 0.1111246 0.0851252 0.2199305 0.0864778 0.1064230 0.1389274 0.0857657 
S_670      0.1336746 0.1387344 0.0860349 0.0250657 0.0768219 0.1209611 0.1003341 0.1084718 0.0576050 0.2072430 0.0295386 0.0974374 0.0876038 0.1364232 0.1051750 0.0608144 0.1566510 0.0163096 0.0513749 0.1265620 0.0250335 0.1303555 0.0166613 0.0388118 0.0616094 0.1114816 0.0427816 0.0931968 0.1157180 0.0562428 0.0918603 0.1197574 0.0000000 0.1186063 0.0809251 0.0335640 0.1106357 0.0425421 0.1029596 0.0522820 0.0524467 0.0813358 0.1012278 0.1126790 0.0933052 0.0714356 0.2269068 0.0940179 0.0857847 0.0887298 0.0819528 
SRR8528336 0.1037947 0.1572309 0.0738688 0.1057067 0.1281575 0.0969190 0.1392639 0.1646417 0.1120012 0.2582249 0.1293995 0.1101621 0.1014905 0.1193778 0.0963605 0.1413421 0.0611542 0.1208232 0.1214765 0.1340673 0.1159030 0.1377229 0.0973229 0.1293592 0.1277874 0.0753040 0.1329208 0.0330965 0.0556310 0.1224941 0.0997912 0.1171472 0.1186063 0.0000000 0.0741527 0.1054267 0.1037879 0.1371235 0.1157145 0.1341779 0.0907135 0.0507103 0.0797950 0.0992518 0.0743445 0.0596605 0.1899762 0.0855814 0.0743187 0.1382103 0.0694583 
SRR8528341 0.0803443 0.1250291 0.0242522 0.0782526 0.0949819 0.0699285 0.1074332 0.1276478 0.0742510 0.2188349 0.0895106 0.0880574 0.0790363 0.1020796 0.0752711 0.1074829 0.1011631 0.0883716 0.0876163 0.1204168 0.0781309 0.0978486 0.0706419 0.0894955 0.0885100 0.0848262 0.0932394 0.0508824 0.0745933 0.0883017 0.0728984 0.1115430 0.0809251 0.0741527 0.0000000 0.0779421 0.0757261 0.0877424 0.0780275 0.0843515 0.0552808 0.0368997 0.0375086 0.1038331 0.0557004 0.0455912 0.1835714 0.0699521 0.0200394 0.1173871 0.0548532 
SRR8528343 0.1023987 0.1335013 0.0783297 0.0284243 0.0694350 0.1112114 0.0915865 0.1062611 0.0510151 0.2053453 0.0375440 0.0799539 0.0857272 0.1311673 0.1014062 0.0632042 0.1412631 0.0371107 0.0410016 0.1287580 0.0283884 0.1255837 0.0336078 0.0418639 0.0594086 0.0972228 0.0370790 0.0753750 0.0961619 0.0499655 0.0838072 0.1178504 0.0335640 0.1054267 0.0779421 0.0000000 0.1023916 0.0410512 0.0989638 0.0416891 0.0418148 0.0738331 0.1043603 0.0998351 0.0850619 0.0644113 0.2037482 0.0856807 0.0826017 0.0756698 0.0743690 
SRR8528347 0.0511664 0.1587917 0.0804867 0.1066934 0.1441998 0.0460117 0.1597673 0.1770356 0.1090194 0.2605404 0.1266293 0.0808336 0.0813005 0.1334537 0.1136562 0.1520336 0.1267474 0.1248442 0.1343002 0.1539118 0.1130048 0.1501485 0.1108265 0.1268004 0.1250292 0.0982994 0.1302461 0.0667299 0.0973755 0.1463875 0.0756019 0.0967739 0.1106357 0.1037879 0.0757261 0.1023916 0.0000000 0.1294829 0.0756277 0.1140487 0.0975447 0.0666639 0.0871602 0.0967827 0.0760420 0.0761008 0.2201354 0.0871682 0.0709602 0.1591792 0.0867326 
SRR8528350 0.1390684 0.1445531 0.0978112 0.0369031 0.0789144 0.1327298 0.1124644 0.1167200 0.0694970 0.2067900 0.0463488 0.1205416 0.1061397 0.1542628 0.1226185 0.0723315 0.1704268 0.0370683 0.0496790 0.1335551 0.0368549 0.1302535 0.0335692 0.0460780 0.0780179 0.1076265 0.0457615 0.1051691 0.1275685 0.0499050 0.1036808 0.1348366 0.0425421 0.1371235 0.0877424 0.0410512 0.1294829 0.0000000 0.1094416 0.0506685 0.0597908 0.0836168 0.1252531 0.1202252 0.1052924 0.0833509 0.2366860 0.1060852 0.0925000 0.1056298 0.0938844 
SRR8528354 0.0904565 0.1386928 0.0974239 0.0993950 0.1282487 0.0844612 0.1373102 0.1588188 0.0953275 0.2344467 0.1117728 0.0596807 0.0600121 0.1304027 0.1063470 0.1299667 0.1408908 0.1102777 0.1193614 0.1384767 0.0992261 0.1517714 0.0968374 0.1168092 0.1056419 0.1228684 0.1096864 0.0850657 0.1216930 0.1306737 0.0549142 0.0655371 0.1029596 0.1157145 0.0780275 0.0989638 0.0756277 0.1094416 0.0000000 0.1108285 0.0846041 0.0739142 0.1044809 0.0549440 0.0949312 0.0644812 0.2081241 0.0654398 0.0733851 0.1235463 0.0649434 
SRR8528357 0.1187976 0.1400184 0.0847849 0.0463169 0.0696602 0.1125396 0.0966945 0.0965178 0.0511756 0.2132054 0.0562987 0.1174107 0.1013280 0.1455684 0.1083574 0.0830999 0.1562598 0.0556165 0.0595299 0.1352252 0.0462529 0.1164926 0.0523411 0.0563875 0.0595959 0.1027715 0.0555539 0.0967356 0.1190687 0.0599813 0.0905015 0.1359731 0.0522820 0.1341779 0.0843515 0.0416891 0.1140487 0.0506685 0.1108285 0.0000000 0.0464980 0.0898307 0.1118231 0.1222177 0.0920521 0.0704214 0.1860964 0.1027638 0.0891571 0.0856030 0.0852687 
SRR8528359 0.0975528 0.0912017 0.0555444 0.0464579 0.0559264 0.0863563 0.0771349 0.0651313 0.0201662 0.1990887 0.0564747 0.0852443 0.0659340 0.0982669 0.0810395 0.0739684 0.1202154 0.0557880 0.0507581 0.0866088 0.0463935 0.0846176 0.0387587 0.0564716 0.0462886 0.0753200 0.0557250 0.0614288 0.0863940 0.0511406 0.0606166 0.1196360 0.0524467 0.0907135 0.0552808 0.0418148 0.0975447 0.0597908 0.0846041 0.0464980 0.0000000 0.0511652 0.0801515 0.1012809 0.0614905 0.0334439 0.1635635 0.0667969 0.0597754 0.0711998 0.0515279 
SRR8528361 0.0666752 0.1104031 0.0456740 0.0647570 0.1006975 0.0517953 0.1031174 0.1233877 0.0700919 0.1844980 0.0853039 0.0744497 0.0655003 0.0811607 0.0651745 0.1033575 0.0804802 0.0842159 0.0834972 0.1057942 0.0740108 0.1033113 0.0664231 0.0852906 0.0843515 0.0651708 0.0890899 0.0330426 0.0555290 0.0937901 0.0597137 0.0854041 0.0813358 0.0507103 0.0368997 0.0738331 0.0666639 0.0836168 0.0739142 0.0898307 0.0511652 0.0000000 0.0509900 0.0786871 0.0375522 0.0241281 0.1694443 0.0465865 0.0326639 0.1130971 0.0327361 
SRR8528365 0.0975336 0.1501528 0.0375776 0.1048236 0.1183743 0.0863336 0.1318294 0.1539982 0.1007423 0.2550312 0.1174896 0.0939908 0.0958802 0.1265118 0.0972565 0.1363102 0.1076173 0.1094491 0.1148247 0.1378846 0.1046416 0.1260298 0.0911391 0.1174581 0.1010764 0.1124744 0.1210879 0.0660259 0.1012498 0.1157692 0.0890664 0.1232425 0.1012278 0.0797950 0.0375086 0.1043603 0.0871602 0.1252531 0.1044809 0.1118231 0.0801515 0.0509900 0.0000000 0.1102089 0.0760438 0.0601682 0.2152094 0.0863597 0.0418481 0.1423692 0.0700636 
SRR8528370 0.0973952 0.1635937 0.1144194 0.1048444 0.1403101 0.0956959 0.1439582 0.1748904 0.1127257 0.2617286 0.1232961 0.0695393 0.0850775 0.1298473 0.1058950 0.1417507 0.1341315 0.1045464 0.1308205 0.1388579 0.1101418 0.1656453 0.0912345 0.1284532 0.1217849 0.1178424 0.1209206 0.0803485 0.1118306 0.1319151 0.0699482 0.0288207 0.1126790 0.0992518 0.1038331 0.0998351 0.0967827 0.1202252 0.0549440 0.1222177 0.1012809 0.0786871 0.1102089 0.0000000 0.1000275 0.0599953 0.2017344 0.0701854 0.0988959 0.1191131 0.0604239 
SRR8528372 0.0808119 0.1235529 0.0605772 0.0756410 0.1020777 0.0653940 0.1163137 0.1251551 0.0813054 0.2026419 0.0973192 0.0956741 0.0863056 0.0814574 0.0561909 0.1047477 0.0946647 0.0960305 0.0951714 0.1188037 0.0852789 0.1006048 0.0776476 0.0872488 0.0961819 0.0694908 0.1011030 0.0458005 0.0597821 0.1059896 0.0797673 0.1111246 0.0933052 0.0743445 0.0557004 0.0850619 0.0760420 0.1052924 0.0949312 0.0920521 0.0614905 0.0375522 0.0760438 0.1000275 0.0000000 0.0416855 0.1546510 0.0659999 0.0602331 0.1267135 0.0509369 
SRR8528379 0.0761117 0.0948292 0.0545727 0.0598693 0.0807018 0.0608632 0.0925842 0.1022309 0.0515279 0.1959337 0.0754239 0.0649351 0.0561120 0.0808968 0.0649774 0.0932775 0.0855222 0.0744780 0.0738573 0.0902868 0.0645611 0.0882262 0.0568987 0.0754148 0.0652685 0.0744842 0.0792618 0.0330426 0.0646111 0.0651231 0.0331822 0.0851252 0.0714356 0.0596605 0.0455912 0.0644113 0.0761008 0.0833509 0.0644812 0.0704214 0.0334439 0.0241281 0.0601682 0.0599953 0.0416855 0.0000000 0.1574730 0.0376899 0.0412746 0.0922557 0.0160590 
SRR8528381 0.1960554 0.2500888 0.1967133 0.1988315 0.1924340 0.2092565 0.2357106 0.2135658 0.1818202 0.2959207 0.2303520 0.2316822 0.1977327 0.1951202 0.1799787 0.1918511 0.2215872 0.2139194 0.2170723 0.2437851 0.2111958 0.1932705 0.2127538 0.2173000 0.1911790 0.1693601 0.1998306 0.1712079 0.1862012 0.2191275 0.2111876 0.2199305 0.2269068 0.1899762 0.1835714 0.2037482 0.2201354 0.2366860 0.2081241 0.1860964 0.1635635 0.1694443 0.2152094 0.2017344 0.1546510 0.1574730 0.0000000 0.1918010 0.1894732 0.2235623 0.1701771 
SRR8528384 0.0923985 0.1177125 0.0797660 0.0808294 0.1143587 0.0814956 0.1230220 0.1445359 0.0819010 0.1974566 0.0980591 0.0753527 0.0662856 0.1096771 0.0916756 0.1223451 0.1086499 0.0967498 0.1011209 0.1179392 0.0859013 0.1272203 0.0728080 0.0967803 0.0969031 0.0967333 0.1018650 0.0566479 0.0910994 0.1121905 0.0604080 0.0864778 0.0940179 0.0855814 0.0699521 0.0856807 0.0871682 0.1060852 0.0654398 0.1027638 0.0667969 0.0465865 0.0863597 0.0701854 0.0659999 0.0376899 0.1918010 0.0000000 0.0652969 0.1277457 0.0425647 
SRR8528389 0.0755520 0.1301865 0.0326702 0.0829357 0.0999226 0.0652740 0.1125878 0.1329277 0.0789390 0.2253030 0.0943777 0.0833014 0.0743269 0.1071858 0.0896969 0.1124091 0.1062105 0.0931694 0.0828888 0.1152882 0.0828047 0.1125619 0.0659412 0.0943602 0.0933131 0.0896603 0.0980701 0.0464430 0.0793070 0.0930908 0.0683265 0.1064230 0.0857847 0.0743187 0.0200394 0.0826017 0.0709602 0.0925000 0.0733851 0.0891571 0.0597754 0.0326639 0.0418481 0.0988959 0.0602331 0.0412746 0.1894732 0.0652969 0.0000000 0.1226043 0.0504215 
SRR8528391 0.1591627 0.1592912 0.1129176 0.0809992 0.0761904 0.1568924 0.0609259 0.1302006 0.0763654 0.2527311 0.0927853 0.1126978 0.1146767 0.1740348 0.1581433 0.1159349 0.1680333 0.0915569 0.1054650 0.1560375 0.0808676 0.1585113 0.0834764 0.0977706 0.0607304 0.1393369 0.0958363 0.1157447 0.1398890 0.1063320 0.1140014 0.1389274 0.0887298 0.1382103 0.1173871 0.0756698 0.1591792 0.1056298 0.1235463 0.0856030 0.0711998 0.1130971 0.1423692 0.1191131 0.1267135 0.0922557 0.2235623 0.1277457 0.1226043 0.0000000 0.1139993 
SRR8528400 0.0766826 0.1059137 0.0641190 0.0697061 0.1014744 0.0708935 0.1039338 0.1243793 0.0706051 0.2112634 0.0859472 0.0749964 0.0659783 0.0916784 0.0654483 0.1041391 0.1011823 0.0848433 0.0841119 0.1114642 0.0745496 0.1088140 0.0669138 0.0859335 0.0849796 0.0848405 0.0897565 0.0420524 0.0746050 0.0847785 0.0511144 0.0857657 0.0819528 0.0694583 0.0548532 0.0743690 0.0867326 0.0938844 0.0649434 0.0852687 0.0515279 0.0327361 0.0700636 0.0604239 0.0509369 0.0160590 0.1701771 0.0425647 0.0504215 0.1139993 0.0000000 
