130
PAFTOL_019361 0.0000000 0.1825687 0.1907746 0.2211456 0.2004477 0.2029071 0.1536980 0.2066722 0.2251472 0.1862173 0.2111727 0.2117481 0.2102495 0.2112383 0.2042614 0.2036533 0.2162584 0.2322253 0.1809278 0.1912481 0.2137051 0.2056700 0.2038608 0.1933484 0.1820332 0.1928122 0.2775653 0.2185186 0.2226412 0.2090705 0.2157885 0.2142651 0.2134480 0.1839199 0.1967472 0.2114692 0.1871471 0.2156250 0.2271941 0.1955756 0.2204142 0.1925277 0.2405123 0.1811265 0.2158736 0.1863426 0.1969055 0.1996593 0.1881286 0.1903126 0.1865565 0.2009242 0.2254221 0.1934169 0.2201006 0.1905582 0.2116217 0.2055897 0.1969247 0.2160669 0.2099666 0.2346617 0.2031111 0.2059172 0.2185113 0.1780884 0.2359415 0.1988169 0.1810628 0.2118650 0.2415961 0.2499276 0.2409481 0.1826137 0.2318932 0.2708369 0.2446339 0.1910540 0.1944780 0.1969364 0.2156424 0.2325977 0.1865309 0.2276717 0.1959059 0.2258828 0.2109650 0.2100095 0.2182660 0.2020719 0.2943960 0.2103562 0.2108840 0.2098787 0.1954353 0.1950867 0.2132162 0.1861089 0.2115566 0.1862928 0.1781074 0.2211431 0.1572998 0.2125522 0.1958945 0.2054656 0.2136270 0.2172209 0.2012053 0.2320909 0.1995456 0.2114849 0.1846174 0.1996155 0.2033091 0.2071418 0.2159930 0.1887515 0.1975937 0.1917943 0.1911722 0.2104968 0.2071197 0.2362264 0.2123289 0.2167072 0.1824333 0.2013957 0.1876003 0.1961474 
S0055         0.1825687 0.0000000 0.0731697 0.0817997 0.0351822 0.0717850 0.0405484 0.0382516 0.0685798 0.0787523 0.0902317 0.0778758 0.0753166 0.1006614 0.0718864 0.0643309 0.0775647 0.1054292 0.0587244 0.0350235 0.0416523 0.0760973 0.0354214 0.0697548 0.0639901 0.0555380 0.1201911 0.0975670 0.0880357 0.0752373 0.0579774 0.0927886 0.0865736 0.0294269 0.0323755 0.0826430 0.0587447 0.0745129 0.0587692 0.0321679 0.0609169 0.0749506 0.1455581 0.0360529 0.1015596 0.0752316 0.0237681 0.0661726 0.0670558 0.0349687 0.0665678 0.0703045 0.0968383 0.0620506 0.0822926 0.0949612 0.0682668 0.0663106 0.0535948 0.0841604 0.0719617 0.0747262 0.0645967 0.0676876 0.0533403 0.0785831 0.1467460 0.0899102 0.0716933 0.0869875 0.0905970 0.0872288 0.1457947 0.0635083 0.1381835 0.1393877 0.0805901 0.0666366 0.0835149 0.0398215 0.0512364 0.1385622 0.0270790 0.0440522 0.0696004 0.0823733 0.0680885 0.0678138 0.1007077 0.0754732 0.1646005 0.0861377 0.0928588 0.1346154 0.0322230 0.0981501 0.0740903 0.0616262 0.0471356 0.0417108 0.0253471 0.0670865 0.0135394 0.0896582 0.0570707 0.0666234 0.0777524 0.0444950 0.0636199 0.0790646 0.0680502 0.0715844 0.0274133 0.0665772 0.0613354 0.0465449 0.0681373 0.0301635 0.0826398 0.0351275 0.0450481 0.0739113 0.0701379 0.0713908 0.0666065 0.0695903 0.0534137 0.0612560 0.0475447 0.0624905 
S0196sl       0.1907746 0.0731697 0.0000000 0.0970070 0.1048102 0.0723506 0.0113368 0.1050480 0.1139345 0.0977591 0.1159974 0.0761488 0.0732593 0.1234280 0.0681942 0.0722562 0.0913761 0.1340346 0.1146935 0.0938618 0.1176624 0.0639414 0.0947844 0.0606950 0.0075478 0.1033924 0.0935268 0.1282123 0.1119657 0.0913364 0.1024925 0.0555378 0.0787730 0.0902429 0.0997146 0.0837618 0.0544475 0.0873578 0.1080715 0.0994267 0.0571560 0.0817456 0.1775664 0.0808184 0.1179819 0.0826568 0.0853428 0.0773285 0.0153073 0.0988327 0.0037410 0.0075256 0.0808222 0.0540172 0.0789892 0.0863809 0.0823726 0.0855094 0.0623014 0.0741971 0.0819895 0.0758494 0.0801752 0.0663196 0.1050500 0.0796587 0.2110925 0.0787465 0.0667291 0.0788588 0.0933549 0.0934424 0.1667666 0.0037410 0.1779378 0.1254343 0.0910427 0.0851374 0.0830371 0.0915041 0.0616999 0.1779378 0.0911803 0.0956250 0.0645587 0.0834906 0.0820591 0.0769975 0.1058560 0.0738845 0.1522392 0.0531919 0.1097067 0.1298930 0.1040493 0.0905645 0.0717045 0.0540698 0.1394387 0.1107317 0.0784536 0.0617838 0.0593267 0.0827249 0.0566262 0.0570966 0.0885769 0.1015082 0.0113416 0.0591189 0.1085278 0.0930134 0.0920569 0.0674215 0.0724084 0.0959019 0.0778953 0.0986983 0.0791810 0.1053164 0.0911770 0.0861976 0.0812200 0.0996540 0.0762656 0.0762010 0.0476714 0.0667493 0.0955135 0.0612651 
S0278         0.2211456 0.0817997 0.0970070 0.0000000 0.0964038 0.0435218 0.0555808 0.0905113 0.1102974 0.0494821 0.1104218 0.0873994 0.0464735 0.1118395 0.0462483 0.1039551 0.1043105 0.1259300 0.0759319 0.0893764 0.1052646 0.0529048 0.0686371 0.0415231 0.0820222 0.0858607 0.0753972 0.1220043 0.0736052 0.1159885 0.0928689 0.0918551 0.0524645 0.0966385 0.0931852 0.0553887 0.0379345 0.0677735 0.0721628 0.0927316 0.1013928 0.0883670 0.1585331 0.0683223 0.1197156 0.0828270 0.0863219 0.0994251 0.0855539 0.0958024 0.0845241 0.0950281 0.1290366 0.0901201 0.0525272 0.0870639 0.0623135 0.0410255 0.0790272 0.0870136 0.0967831 0.1046283 0.0932975 0.0998341 0.0935654 0.1060483 0.1636941 0.0958173 0.0866966 0.1002100 0.1122973 0.1166774 0.1587904 0.0813976 0.1550072 0.1249072 0.1158519 0.1030832 0.0974599 0.0850219 0.0854548 0.1554341 0.0879296 0.1158062 0.0627701 0.0520162 0.0621583 0.0619175 0.1177742 0.0408143 0.1250149 0.1045334 0.1097617 0.1296488 0.0926715 0.0898538 0.1042809 0.0685460 0.1207135 0.0824508 0.0931532 0.0794912 0.0701430 0.0784932 0.0848830 0.0885386 0.0521827 0.1021336 0.0913454 0.0519483 0.0960998 0.0712819 0.0848360 0.0812687 0.1076074 0.1040713 0.0532011 0.0828706 0.0496579 0.0963122 0.0882018 0.1000514 0.1071971 0.0845559 0.0962919 0.0867956 0.0917502 0.1075093 0.0812163 0.0951921 
S0282         0.2004477 0.0351822 0.1048102 0.0964038 0.0000000 0.0928126 0.0608425 0.0129675 0.0433073 0.0900592 0.1084152 0.1019484 0.0934335 0.1201153 0.0861592 0.0945768 0.1060782 0.1239958 0.0641514 0.0102366 0.0158112 0.0979042 0.0593697 0.0853442 0.0909022 0.0759971 0.1406828 0.1158990 0.1093976 0.0991438 0.0688559 0.1148328 0.1082980 0.0290176 0.0128930 0.1010116 0.0796917 0.0925804 0.0730721 0.0076577 0.0940506 0.0932960 0.1664186 0.0495601 0.1234663 0.0961643 0.0207975 0.0871573 0.0940469 0.0102214 0.0933591 0.1040301 0.1148090 0.1025100 0.1006023 0.1097276 0.0891396 0.0810809 0.0799927 0.1060130 0.0957952 0.0955913 0.0879406 0.0910829 0.0295375 0.1111147 0.1756958 0.0939439 0.0840789 0.1015372 0.1127249 0.1088673 0.1666906 0.0902083 0.1666567 0.1521727 0.0983649 0.0938035 0.0874132 0.0536341 0.0805698 0.1671204 0.0051814 0.0463498 0.0870786 0.0939703 0.0889068 0.0885513 0.1190285 0.0936281 0.1961780 0.1037854 0.1145677 0.1567055 0.0128363 0.1129297 0.0979946 0.0854481 0.0285075 0.0419045 0.0395083 0.0876076 0.0300733 0.1042442 0.0802405 0.0901519 0.0923701 0.0468098 0.0847904 0.1090288 0.1016377 0.0896553 0.0052154 0.0940753 0.0980626 0.0374745 0.0927525 0.0383577 0.0940251 0.0320575 0.0558082 0.1021160 0.0939316 0.1071797 0.0838861 0.0904404 0.0824161 0.0979682 0.0582790 0.0828813 
S0289         0.2029071 0.0717850 0.0723506 0.0435218 0.0928126 0.0000000 0.0343788 0.0928458 0.1214811 0.0377674 0.0995499 0.0881814 0.0237744 0.1076538 0.0291096 0.0827145 0.1009213 0.1145427 0.0738928 0.0923960 0.1015204 0.0293456 0.0583862 0.0186403 0.0562675 0.0785127 0.0412914 0.1107620 0.0582441 0.0902555 0.0817848 0.0705516 0.0293517 0.0834241 0.0896180 0.0410904 0.0210852 0.0555419 0.0654665 0.0891854 0.0776439 0.0782434 0.1527029 0.0555875 0.1153966 0.0828160 0.0764163 0.0714939 0.0587424 0.0922349 0.0588016 0.0684406 0.0995904 0.0701560 0.0349576 0.0740191 0.0466576 0.0299819 0.0630086 0.0837618 0.0825729 0.0735811 0.0760188 0.0694935 0.1079455 0.0917032 0.1614701 0.0696190 0.0798503 0.0939775 0.0892838 0.0859705 0.1529466 0.0558584 0.1529202 0.1076351 0.0901493 0.0884772 0.0872276 0.0715204 0.0688197 0.1533358 0.0843668 0.1082028 0.0528749 0.0350227 0.0465444 0.0463683 0.1066908 0.0293040 0.0876884 0.0830869 0.0989769 0.1384501 0.0891283 0.0738235 0.0894781 0.0441214 0.1284213 0.0816228 0.0757656 0.0660807 0.0572343 0.0471003 0.0560911 0.0593868 0.0407710 0.1015574 0.0621160 0.0216394 0.0821223 0.0529248 0.0780760 0.0713502 0.0861389 0.1003768 0.0328345 0.0771416 0.0355299 0.0927254 0.0716749 0.0900748 0.0857987 0.0747385 0.0693279 0.0687977 0.0715581 0.0860467 0.0740848 0.0747848 
S0292         0.1536980 0.0405484 0.0113368 0.0555808 0.0608425 0.0343788 0.0000000 0.0673601 0.1169883 0.0454009 0.0679121 0.0551718 0.0456519 0.0736771 0.0452467 0.0446904 0.0625201 0.0801994 1.2274945 0.0724660 0.0815368 0.0515101 0.0368077 0.0505919 0.0290780 0.0499981 0.1226204 0.0735631 0.0611872 0.0448548 0.0795064 0.0696121 0.0457108 0.0447686 0.0672147 0.0502220 0.0347021 0.0613743 0.0390685 0.0666686 0.0497278 0.0418326 0.1449613 0.0447330 0.0805245 0.0448816 0.0501027 0.0249493 0.0337637 0.0664965 0.0387694 0.0550833 0.0604783 0.0449402 0.0510446 0.0498778 0.0448385 0.0349565 0.0390196 0.0624883 0.0342739 0.0345290 0.0392487 0.0340945 0.0862447 0.0493382 0.1376848 0.0446068 0.0524997 0.0628181 0.0472736 0.0470658 0.1589824 0.0337637 0.1449613 3.0671817 0.0505317 0.0496589 0.0410246 0.0553860 0.0238475 0.1456671 0.0629981 0.0854799 0.0288806 0.0562195 0.0448385 0.0500555 0.0738545 0.0397868 4.7028935 0.0743282 0.0791228 4.1620362 0.0555113 0.0552760 0.0616375 0.0092510 8.1034376 5.2971856 0.0577147 0.0293679 0.0445992 0.0736668 0.0189248 0.0289549 0.0454183 0.0792711 0.0498566 0.0577464 0.0484567 0.0447146 0.0584273 0.0200909 0.0501318 0.0788199 0.0518847 0.0450546 0.0518168 0.0604866 0.0503289 0.0620703 0.0556556 0.0618716 0.0187731 0.0387804 0.0445880 0.0618710 0.0341689 0.0336910 
S0293         0.2066722 0.0382516 0.1050480 0.0905113 0.0129675 0.0928458 0.0673601 0.0000000 0.0464591 0.0907929 0.1165086 0.1061086 0.0975122 0.1285676 0.0900970 0.0985964 0.1035030 0.1325759 0.0565407 0.0129090 0.0186154 0.1020955 0.0630021 0.0890489 0.0948487 0.0797557 0.1331699 0.1242063 0.1137031 0.1032882 0.0724715 0.1148973 0.1126628 0.0319495 0.0155743 0.1052377 0.0835313 0.0966105 0.0768009 0.0103001 0.0980402 0.1011669 0.1718938 0.0528281 0.1319976 0.0935545 0.0236099 0.0946189 0.0940808 0.0128897 0.0973129 0.1081823 0.1191646 0.1028337 0.1048104 0.1140425 0.0928659 0.0816280 0.0837165 0.1033645 0.0998867 0.0994073 0.0918542 0.0950424 0.0325274 0.1156388 0.1813788 0.0980505 0.0951315 0.1131079 0.1127843 0.1089219 0.1721789 0.0941158 0.1721414 0.1516967 0.1024676 0.0977835 0.0993033 0.0570260 0.0843274 0.1726275 0.0078414 0.0495553 0.0910684 0.0980750 0.0928659 0.0924909 0.1273944 0.0977175 0.1786114 0.1109847 0.1190094 0.1651307 0.0155407 0.1172929 0.0954229 0.0893499 0.0283868 0.0417276 0.0427537 0.0914979 0.0331235 0.1085274 0.0839799 0.0940557 0.0963891 0.0500508 0.0921507 0.1141860 0.1061923 0.0936526 0.0078934 0.0914283 0.1021436 0.0405322 0.0967966 0.0414969 0.0948026 0.0350562 0.0591862 0.1062850 0.0979229 0.1114884 0.0877018 0.0902375 0.0861492 0.1020477 0.0678782 0.0866398 
S0294         0.2251472 0.0685798 0.1139345 0.1102974 0.0433073 0.1214811 0.1169883 0.0464591 0.0000000 0.0974386 0.1348807 0.1166709 0.1141698 0.1475093 0.1064402 0.1193227 0.1394137 0.1517281 0.0561392 0.0431148 0.0499848 0.1222808 0.0727205 0.1132095 0.1189611 0.0963602 0.1391741 0.1429087 0.1319596 0.1358119 0.0759353 0.1422856 0.1299233 0.0580576 0.0461819 0.1222107 0.0997005 0.1208372 0.1003258 0.0403140 0.1222772 0.1193495 0.1741768 0.0743405 0.1473506 0.1326299 0.0461884 0.1194837 0.1222841 0.0430472 0.1213593 0.1256114 0.1447088 0.1208843 0.1144131 0.1319717 0.1174568 0.1014357 0.1001967 0.1174150 0.1284683 0.1244176 0.1158962 0.1192322 0.0405172 0.1335354 0.1836254 0.1113766 0.1095863 0.1275489 0.1393351 0.1306535 0.1744637 0.1180129 0.1744253 0.1493516 0.1272190 0.1183336 0.1284366 0.0858374 0.1077077 0.1749143 0.0353500 0.0711227 0.1156180 0.1069915 0.1171382 0.1166575 0.1461646 0.1144117 0.1648371 0.1373130 0.1373122 0.1372051 0.0459596 0.1353227 0.1229897 0.1098083 0.0459010 0.0473119 0.0648376 0.1046932 0.0601018 0.1156307 0.1037682 0.1107854 0.1128390 0.0749217 0.1458834 0.1241503 0.1295835 0.1210122 0.0384908 0.1121854 0.1230555 0.0643726 0.1133388 0.0723396 0.1148852 0.0648314 0.0811710 0.1274930 0.1185318 0.1444356 0.1079951 0.1114135 0.1059293 0.1229589 0.0901644 0.1031883 
S0299         0.1862173 0.0787523 0.0977591 0.0494821 0.0900592 0.0377674 0.0454009 0.0907929 0.0974386 0.0000000 0.0941974 0.0857324 0.0348095 0.1022552 0.0436996 0.0943180 0.1103877 0.1091401 0.0621730 0.0896522 0.0987126 0.0440569 0.0623845 0.0389083 0.0758961 0.0797484 0.0610144 0.1059904 0.0744784 0.1129391 0.0730918 0.0862234 0.0377298 0.0803626 0.0868606 0.0470346 0.0294742 0.0625933 0.0729323 0.0864414 0.0950919 0.0763441 0.1543732 0.0561418 0.1055045 0.1009428 0.0736773 0.0968215 0.0796734 0.0894957 0.0784211 0.0887763 0.1145227 0.0875942 0.0437457 0.0816795 0.0595834 0.0354784 0.0728011 0.0778172 0.1045181 0.0981080 0.1042865 0.0934422 0.0939674 0.1064938 0.1600088 0.0869536 0.0844309 0.0913982 0.1051119 0.1016260 0.1546224 0.0753211 0.1513896 0.1328711 0.1018015 0.1002272 0.0921986 0.0726333 0.0859418 0.1518052 0.0779364 0.1023881 0.0661755 0.0434881 0.0594348 0.0592039 0.1091022 0.0379200 0.1140978 0.0918312 0.1011928 0.1331920 0.0863860 0.0943340 0.0984057 0.0594420 0.1051187 0.0680087 0.0732003 0.0757534 0.0579718 0.0660489 0.0754666 0.0790226 0.0524605 0.0957583 0.0804686 0.0451083 0.1016097 0.0689915 0.0716548 0.0781805 0.0978997 0.0975982 0.0409640 0.0743778 0.0409222 0.0901168 0.0727919 0.0990639 0.0975169 0.0849387 0.0829242 0.0797447 0.0858445 0.0978026 0.0683715 0.0816588 
S0303         0.2111727 0.0902317 0.1159974 0.1104218 0.1084152 0.0995499 0.0679121 0.1165086 0.1348807 0.0941974 0.0000000 0.0636991 0.0937701 0.0155109 0.0964102 0.1052942 0.1056578 0.0102475 0.1095304 0.1115646 0.1179531 0.1014630 0.0801311 0.0962880 0.0903824 0.0917421 0.1530393 0.0237261 0.1108464 0.1005104 0.0937196 0.0816733 0.1011742 0.0947933 0.1087397 0.1047547 0.0911359 0.0822716 0.0861584 0.1013220 0.0894602 0.0052699 0.1792014 0.0860994 0.0210099 0.1057733 0.0947043 0.0750182 0.0936091 0.1113619 0.0929065 0.1005192 0.1262574 0.0921835 0.1085642 0.0623089 0.0833795 0.0919935 0.0903972 0.0720049 0.0928732 0.0981917 0.0929878 0.0929454 0.1131623 0.1146897 0.1767104 0.1219358 0.0505722 0.0616584 0.1245608 0.1123706 0.1795054 0.0896745 0.1713471 0.1520384 0.0943048 0.1077738 0.0622667 0.1012411 0.0794786 0.1718377 0.0995069 0.1214285 0.0779337 0.1086619 0.0868077 0.0864566 0.0182071 0.0972700 0.1997077 0.0770978 0.0181963 0.0281275 0.1081153 0.0746051 0.0947867 0.0799680 0.1651574 0.1328578 0.0939139 0.0938695 0.0785053 0.0989040 0.0892617 0.0930053 0.1041419 0.1055337 0.0929284 0.1096794 0.1216208 0.0857368 0.1008702 0.0813761 0.1024055 0.1128295 0.0900158 0.0984735 0.1099037 0.1118554 0.1079791 0.0945560 0.1085772 0.0958719 0.0935718 0.1007939 0.0972855 0.1054872 0.0935058 0.0926831 
S0308         0.2117481 0.0778758 0.0761488 0.0873994 0.1019484 0.0881814 0.0551718 0.1061086 0.1166709 0.0857324 0.0636991 0.0000000 0.0922200 0.0737470 0.0957033 0.0794673 0.0922179 0.0739601 0.1075886 0.1014968 0.1073974 0.0897375 0.0832107 0.0849325 0.0747595 0.0797523 0.1260490 0.0703453 0.1012563 0.1114536 0.1071044 0.0738580 0.0891224 0.0887588 0.0987402 0.0903860 0.0863959 0.0816866 0.0923065 0.0916954 0.0839055 0.0403051 0.1681147 0.0880667 0.0778061 0.0753382 0.0853606 0.0880836 0.0778135 0.1013192 0.0772540 0.0810744 0.1135856 0.0763051 0.0966594 0.0525429 0.0894430 0.0947247 0.0720380 0.0413355 0.0996961 0.1035931 0.0927286 0.0959433 0.1059769 0.0980143 0.1736699 0.0998189 0.0431906 0.0444558 0.1262332 0.1150292 0.1683924 0.0742013 0.1605043 0.1599084 0.1113230 0.0950794 0.0541138 0.0886193 0.0713653 0.1609521 0.0935556 0.1146496 0.0637035 0.1034809 0.0892084 0.0823795 0.0702341 0.0963989 0.1684039 0.0759262 0.0633773 0.0751302 0.0981964 0.0674797 0.0902675 0.0717970 0.1513609 0.1202822 0.0886465 0.0781482 0.0731336 0.0905474 0.0807909 0.0780332 0.0959920 0.1115199 0.0786426 0.0954626 0.0995388 0.0816979 0.0906021 0.0816882 0.0862008 0.1029896 0.0851752 0.0889189 0.0996973 0.1058979 0.1021571 0.0890342 0.0828413 0.1061091 0.0920168 0.0888824 0.0717451 0.0861085 0.0948598 0.0812447 
S0320         0.2102495 0.0753166 0.0732593 0.0464735 0.0934335 0.0237744 0.0456519 0.0975122 0.1141698 0.0348095 0.0937701 0.0922200 0.0000000 0.1017974 0.0265455 0.0873844 0.1027110 0.1086602 0.0753721 0.0930117 0.1022174 0.0325988 0.0523403 0.0188458 0.0633562 0.0830275 0.0464285 0.1049117 0.0649388 0.0876364 0.0831744 0.0822420 0.0238623 0.0836674 0.0902169 0.0295891 0.0130248 0.0594258 0.0696390 0.0897790 0.0792333 0.0724145 0.1593358 0.0594743 0.1050370 0.0867384 0.0769182 0.0755652 0.0726447 0.0928485 0.0659129 0.0759085 0.0894881 0.0781785 0.0265780 0.0783518 0.0471502 0.0158012 0.0663312 0.0845546 0.0799705 0.0742683 0.0798201 0.0668839 0.0933056 0.1000260 0.1650946 0.0835115 0.0808582 0.0948897 0.0827523 0.0832341 0.1595958 0.0628837 0.1595655 0.0936659 0.0770059 0.0932549 0.0886495 0.0758306 0.0662340 0.1600089 0.0849353 0.1055439 0.0567140 0.0266273 0.0502066 0.0500134 0.1008782 0.0155805 0.0794466 0.0953198 0.0932357 0.1143488 0.0897205 0.0844903 0.0910295 0.0477651 0.1118984 0.0748204 0.0838547 0.0697422 0.0610562 0.0536674 0.0600224 0.0634116 0.0348850 0.0988841 0.0809370 0.0282965 0.0864690 0.0567701 0.0749791 0.0758255 0.0909012 0.1010582 0.0211953 0.0776530 0.0265780 0.0931520 0.0759951 0.0916445 0.0905407 0.0714418 0.0599773 0.0759815 0.0758658 0.0908061 0.0714907 0.0751055 
S0322         0.2112383 0.1006614 0.1234280 0.1118395 0.1201153 0.1076538 0.0736771 0.1285676 0.1475093 0.1022552 0.0155109 0.0737470 0.1017974 0.0000000 0.1076069 0.1169518 0.1173578 0.0209922 0.1276858 0.1162338 0.1301626 0.1097522 0.0912704 0.1035656 0.0983151 0.0961090 0.1619750 0.0292767 0.1193044 0.1118951 0.1048861 0.0925134 0.1094263 0.1061097 0.1205001 0.1131060 0.0991549 0.0929308 0.1047409 0.1128037 0.1033572 0.0079449 0.1898417 0.0969277 0.0156664 0.1071618 0.1059973 0.0857710 0.1016134 0.1157098 0.1008387 0.1087096 0.1385366 0.1031439 0.1137973 0.0659104 0.0873074 0.1032938 0.1014787 0.0795920 0.0902569 0.1096326 0.0972922 0.1040165 0.1179184 0.1229036 0.1830004 0.1309215 0.0542189 0.0718167 0.1372511 0.1245700 0.1901701 0.0975307 0.1818005 0.1542331 0.1055692 0.1180360 0.0660353 0.1127132 0.0901001 0.1823296 0.1111060 0.1337351 0.0856054 0.1171512 0.0907889 0.0904188 0.0236332 0.0985344 0.2138933 0.0876251 0.0236185 0.0341587 0.1197906 0.0783901 0.1061038 0.0906755 0.1859683 0.1433368 0.1054769 0.1050569 0.0893978 0.1071940 0.1001817 0.1040745 0.1156665 0.1172119 0.0991279 0.1197442 0.1343446 0.0965301 0.1126575 0.0922864 0.1172780 0.1175592 0.0979150 0.1099392 0.1185136 0.1236650 0.1196387 0.1058388 0.1203271 0.1069931 0.1047311 0.1122218 0.1084098 0.1171779 0.0978415 0.1037216 
S0327         0.2042614 0.0718864 0.0681942 0.0462483 0.0861592 0.0291096 0.0452467 0.0900970 0.1064402 0.0436996 0.0964102 0.0957033 0.0265455 0.1076069 0.0000000 0.0796530 0.0943166 0.1113123 0.0476444 0.0786101 0.0946313 0.0324399 0.0487700 0.0214885 0.0630367 0.0719816 0.0464756 0.1107173 0.0646175 0.0902980 0.0819922 0.0784604 0.0321780 0.0832356 0.0829936 0.0413428 0.0184173 0.0526852 0.0625288 0.0825988 0.0746675 0.0745923 0.1543452 0.0467571 0.1153548 0.0764420 0.0765237 0.0748870 0.0722773 0.0856225 0.0655827 0.0755237 0.0996391 0.0735208 0.0322155 0.0842841 0.0438436 0.0240948 0.0630919 0.0880483 0.0826100 0.0736128 0.0824528 0.0695225 0.0933454 0.0843592 0.1632306 0.0764351 0.0841865 0.0984907 0.0930907 0.0932729 0.1545944 0.0625688 0.1545668 0.0790096 0.0901917 0.0854147 0.0882974 0.0685613 0.0658588 0.1549916 0.0777248 0.1083743 0.0531533 0.0379041 0.0437374 0.0435718 0.1066436 0.0265948 0.1172209 0.0913947 0.0989260 0.1208754 0.0825455 0.0904580 0.0829914 0.0471178 0.0968081 0.0680371 0.0792241 0.0693123 0.0573810 0.0594190 0.0591974 0.0625340 0.0347179 0.1017154 0.0801799 0.0315361 0.0745986 0.0559946 0.0714999 0.0747246 0.0830586 0.1005308 0.0386059 0.0772512 0.0323769 0.0928632 0.0624165 0.0869608 0.0827275 0.0717637 0.0693567 0.0726429 0.0754814 0.0829675 0.0711340 0.0718104 
S0335         0.2036533 0.0643309 0.0722562 0.1039551 0.0945768 0.0827145 0.0446904 0.0985964 0.1193227 0.0943180 0.1052942 0.0794673 0.0873844 0.1169518 0.0796530 0.0000000 0.0500465 0.1091454 0.0994037 0.0941582 0.1032327 0.0876669 0.0726663 0.0752727 0.0592410 0.0750925 0.1362726 0.1151705 0.0997317 0.0761711 0.0924015 0.0858336 0.0909747 0.0849749 0.0914161 0.0848012 0.0705070 0.0785520 0.0825089 0.0878138 0.0646779 0.0796069 0.1623207 0.0752158 0.1178204 0.0894697 0.0783321 0.0575917 0.0560422 0.0939958 0.0617705 0.0715033 0.0718405 0.0602246 0.0910911 0.0888017 0.0760130 0.0822462 0.0411881 0.0816653 0.0729695 0.0692999 0.0688116 0.0624661 0.1060183 0.0725703 0.1594567 0.1020956 0.0775215 0.0882355 0.0891435 0.0789393 0.1625850 0.0588083 0.1548393 0.1440283 0.0790662 0.0318969 0.0815651 0.0783099 0.0558762 0.1552653 0.0825801 0.1030547 0.0705648 0.0984879 0.0758171 0.0692466 0.1158886 0.0875669 0.1745477 0.0903173 0.1009851 0.1479224 0.0909216 0.0954482 0.0378405 0.0473597 0.1420459 0.1136121 0.0746199 0.0591735 0.0571512 0.0899272 0.0374375 0.0407422 0.0775145 0.1041320 0.0674926 0.1017657 0.0625578 0.0723469 0.0870369 0.0580548 0.0237320 0.0984439 0.0910256 0.0829817 0.0990134 0.0944887 0.0857931 0.0409837 0.0126848 0.0977089 0.0562744 0.0500677 0.0557719 0.0236949 0.0850675 0.0436243 
S0345         0.2162584 0.0775647 0.0913761 0.1043105 0.1060782 0.1009213 0.0625201 0.1035030 0.1394137 0.1103877 0.1056578 0.0922179 0.1027110 0.1173578 0.0943166 0.0500465 0.0000000 0.1131000 0.1084242 0.1056065 0.1152478 0.1064618 0.0945886 0.1005550 0.0822896 0.0967812 0.1485787 0.1205638 0.1116255 0.0841021 0.1010791 0.0710150 0.1104711 0.0961627 0.1028332 0.1052102 0.0916506 0.0854997 0.1049495 0.0990551 0.0921700 0.0828118 0.1855229 0.0927977 0.1254767 0.0947868 0.0960727 0.0751005 0.0788056 0.1054196 0.0847992 0.0953474 0.1035035 0.0873718 0.1136790 0.0918979 0.0869550 0.0974429 0.0629007 0.0743976 0.0837907 0.0870505 0.0860756 0.0793567 0.1109962 0.1010284 0.1826263 0.1143059 0.0878017 0.0945070 0.0937729 0.0939197 0.1858367 0.0816608 0.1776629 0.1603235 0.0910965 0.0555235 0.0878841 0.0936130 0.0654562 0.1781701 0.0937865 0.1224140 0.0959107 0.1179604 0.0867258 0.0863754 0.1162881 0.1063485 0.2013150 0.0899242 0.1048112 0.1427869 0.1022594 0.0985787 0.0443024 0.0634138 0.1415391 0.1291498 0.0925143 0.0726855 0.0737729 0.1086560 0.0525211 0.0621929 0.0980423 0.1237139 0.0872333 0.1207006 0.0795952 0.0816817 0.0950781 0.0653562 0.0531118 0.1173347 0.1069654 0.0860748 0.1151023 0.0992611 0.0995140 0.0289048 0.0528908 0.1030724 0.0728053 0.0724217 0.0816196 0.0530416 0.0962645 0.0652738 
S0355         0.2322253 0.1054292 0.1340346 0.1259300 0.1239958 0.1145427 0.0801994 0.1325759 0.1517281 0.1091401 0.0102475 0.0739601 0.1086602 0.0209922 0.1113123 0.1091454 0.1131000 0.0000000 0.1267780 0.1272454 0.1342225 0.1167875 0.0949530 0.1116539 0.1051199 0.1019675 0.1741340 0.0319382 0.1264240 0.1156654 0.1085797 0.0887030 0.1128360 0.1098545 0.1244018 0.1165469 0.1060297 0.0964518 0.0929832 0.1166068 0.0994208 0.0134355 0.1984702 0.1005056 0.0266621 0.1131045 0.1097338 0.0893244 0.1084568 0.1195240 0.1076246 0.1156658 0.1338776 0.1032897 0.1172637 0.0755051 0.0977686 0.1070323 0.1051432 0.0827321 0.1076053 0.1134216 0.1077255 0.1076781 0.1291131 0.1230724 0.1915685 0.1384228 0.0641430 0.0682194 0.1414806 0.1286226 0.1988167 0.1042739 0.1903004 0.1704875 0.1092968 0.1197802 0.0760857 0.1116045 0.0936081 0.1908603 0.1149483 0.1378309 0.0847416 0.1243109 0.1013563 0.1009389 0.0293031 0.1123202 0.2113387 0.0912892 0.0265482 0.0403915 0.1236629 0.0882858 0.1064108 0.0942135 0.1848010 0.1511805 0.1018890 0.1087577 0.0859689 0.1142475 0.1037914 0.1077351 0.1115223 0.1210834 0.1063530 0.1282549 0.1260609 0.1000968 0.1165645 0.0958917 0.1062421 0.1286939 0.1046937 0.1137361 0.1257683 0.1275850 0.1235056 0.1017513 0.1124598 0.1106726 0.1084228 0.1160070 0.1087700 0.1093491 0.1083430 0.1073723 
S0376         0.1809278 0.0587244 0.1146935 0.0759319 0.0641514 0.0738928 1.2274945 0.0565407 0.0561392 0.0621730 0.1095304 0.1075886 0.0753721 0.1276858 0.0476444 0.0994037 0.1084242 0.1267780 0.0000000 0.0495485 0.0562495 0.0683102 0.0492226 0.0578826 0.1072686 0.0360288 0.0637751 0.1184310 0.1043599 0.1186102 0.0416261 0.0870133 0.0897425 0.0788724 0.0498215 0.1041074 0.0696765 0.0618520 0.0622435 0.0498215 0.1115320 0.1020542 0.1342724 0.0170186 0.1355746 0.0934257 0.0715531 0.1179802 0.1071706 0.0563392 0.1067855 0.1067855 0.1344596 0.1082493 0.0831171 0.1230086 0.0761834 0.0786254 0.0934309 0.0871021 0.1008561 0.1174146 0.1084640 0.1161635 0.0634296 0.1161395 0.1454481 0.0940049 0.0914940 0.0937784 0.1184875 0.1270366 0.1184281 0.1067855 0.1187495 0.0610318 0.1174500 0.1152702 0.1324116 0.0356482 0.0990335 0.1187495 0.0435683 0.0939735 0.0710292 0.0767532 0.0757584 0.0684607 0.1247435 0.0840720 0.0907131 0.1008394 0.1003783 0.1003637 0.0634135 0.1298184 0.0922963 0.0699807 0.0429438 0.0119163 0.0519078 0.0976504 0.0181405 0.0849178 0.0833062 0.0904939 0.0820257 0.0875904 1.2274945 0.0679708 0.1243471 0.0835285 0.0500548 0.0997612 0.1088599 0.0859975 0.0998205 0.0735201 0.0691974 0.0717689 0.0478273 0.1005554 0.0919697 0.1213262 0.1266695 0.1088207 0.1065452 0.0917777 0.0413457 0.1067367 
S0400         0.1912481 0.0350235 0.0938618 0.0893764 0.0102366 0.0923960 0.0724660 0.0129090 0.0431148 0.0896522 0.1115646 0.1014968 0.0930117 0.1162338 0.0786101 0.0941582 0.1056065 0.1272454 0.0495485 0.0000000 0.0157390 0.0974593 0.0557040 0.0883672 0.0905004 0.0693773 0.1273548 0.1190894 0.1089126 0.0987008 0.0685465 0.1143032 0.1078089 0.0288886 0.0128352 0.1005552 0.0793305 0.0921658 0.0727403 0.0076233 0.0936364 0.0925946 0.1656796 0.0493388 0.1195595 0.0855220 0.0207049 0.0901434 0.0936325 0.0101757 0.0929503 0.1035744 0.1143061 0.0987754 0.1001488 0.1024976 0.0887398 0.0807087 0.0796416 0.1055284 0.0888001 0.0951641 0.0811693 0.0906793 0.0239005 0.1035581 0.1749146 0.0935179 0.0839054 0.1082187 0.1122124 0.1083727 0.1659494 0.0898122 0.1659160 0.1336309 0.0979281 0.0933909 0.0916612 0.0533908 0.0802140 0.1663760 0.0051575 0.0461435 0.0866826 0.0935444 0.0885089 0.0881563 0.1222243 0.0866133 0.1754240 0.1104299 0.1140556 0.1459547 0.0127786 0.1056532 0.0975611 0.0850652 0.0165485 0.0289237 0.0393241 0.0872199 0.0299349 0.1037738 0.0798872 0.0897563 0.0919571 0.0465997 0.0974235 0.1084514 0.0974514 0.0892517 0.0051914 0.0936476 0.0976289 0.0317719 0.0923360 0.0381838 0.0935988 0.0319131 0.0555585 0.1016630 0.0935175 0.1066994 0.0835157 0.0900421 0.0820576 0.0975348 0.0581605 0.0825191 
S0405         0.2137051 0.0416523 0.1176624 0.1052646 0.0158112 0.1015204 0.0815368 0.0186154 0.0499848 0.0987126 0.1179531 0.1073974 0.1022174 0.1301626 0.0946313 0.1032327 0.1152478 0.1342225 0.0562495 0.0157390 0.0000000 0.1069352 0.0668537 0.0975895 0.0993970 0.0807396 0.1567911 0.1257441 0.1186775 0.1080736 0.0766039 0.1247324 0.1177075 0.0351688 0.0130372 0.1101186 0.0879424 0.1012578 0.0777538 0.0104249 0.1026408 0.1024576 0.1739999 0.0565075 0.1336307 0.1050053 0.0266542 0.0993044 0.1026399 0.0157149 0.1018710 0.1129768 0.1241965 0.1115515 0.1096703 0.1154311 0.0976889 0.0895009 0.0879927 0.1117728 0.1046090 0.1043817 0.0963619 0.0996064 0.0358129 0.1165385 0.1836051 0.1027890 0.0925776 0.1181883 0.1223903 0.1183619 0.1742912 0.0986176 0.1742523 0.1415841 0.1072036 0.1023729 0.1041546 0.0608605 0.0886441 0.1747490 0.0106263 0.0531529 0.0922021 0.1028110 0.0974272 0.0970291 0.1289649 0.1024354 0.1841107 0.1203901 0.1204703 0.1543288 0.0184218 0.1187172 0.1067847 0.0938414 0.0222546 0.0350201 0.0463729 0.0959776 0.0364798 0.1098711 0.0882749 0.0985530 0.1010232 0.0536903 0.1081153 0.1201737 0.1114648 0.0982594 0.0106985 0.1029489 0.1068536 0.0439284 0.1014609 0.0449890 0.1028722 0.0383631 0.0630116 0.1110991 0.1025261 0.1164670 0.0920905 0.0988844 0.0904392 0.1067562 0.0718426 0.0909600 
S0407sl       0.2056700 0.0760973 0.0639414 0.0529048 0.0979042 0.0293456 0.0515101 0.1020955 0.1222808 0.0440569 0.1014630 0.0897375 0.0325988 0.1097522 0.0324399 0.0876669 0.1064618 0.1167875 0.0683102 0.0974593 0.1069352 0.0000000 0.0627414 0.0246265 0.0607388 0.0832942 0.0464117 0.1129196 0.0651455 0.1023363 0.0900079 0.0791091 0.0324634 0.0879657 0.0946379 0.0479703 0.0242310 0.0596174 0.0698647 0.0941698 0.0823518 0.0797563 0.1513408 0.0596662 0.1176719 0.0873112 0.0810752 0.0864298 0.0700350 0.0972857 0.0633172 0.0732972 0.1119816 0.0813740 0.0384670 0.0817060 0.0504957 0.0361762 0.0704998 0.0853681 0.0942007 0.0849231 0.0940045 0.0805270 0.1135198 0.0966865 0.1602075 0.0804353 0.0814239 0.0992987 0.1097345 0.1061829 0.1515855 0.0602845 0.1515594 0.0941323 0.1022146 0.0935523 0.0889067 0.0760740 0.0733220 0.1519766 0.0893178 0.1137892 0.0536152 0.0443390 0.0503702 0.0501759 0.1057374 0.0326607 0.1094362 0.0921433 0.1008658 0.1235121 0.0941082 0.0878890 0.0946343 0.0539223 0.1212688 0.0752856 0.0872625 0.0769149 0.0646719 0.0473819 0.0663931 0.0698621 0.0471716 0.1069725 0.0876896 0.0089651 0.0908932 0.0630692 0.0828773 0.0793195 0.0911944 0.1057057 0.0451741 0.0779548 0.0445965 0.1012967 0.0762395 0.0952705 0.0908321 0.0765174 0.0803279 0.0803735 0.0726291 0.0910990 0.0786796 0.0794311 
S0412sl       0.2038608 0.0354214 0.0947844 0.0686371 0.0593697 0.0583862 0.0368077 0.0630021 0.0727205 0.0623845 0.0801311 0.0832107 0.0523403 0.0912704 0.0487700 0.0726663 0.0945886 0.0949530 0.0492226 0.0557040 0.0668537 0.0627414 0.0000000 0.0537267 0.0727410 0.0464445 0.0937110 0.0876525 0.0718283 0.0769028 0.0368083 0.0861424 0.0621725 0.0530863 0.0562420 0.0666236 0.0497272 0.0686496 0.0431307 0.0528173 0.0654851 0.0678800 0.1297234 0.0218693 0.0949780 0.0839373 0.0467259 0.0676769 0.0722708 0.0589875 0.0753790 0.0793820 0.1001469 0.0669946 0.0657381 0.0845033 0.0555434 0.0470202 0.0658870 0.0713402 0.0693609 0.0801958 0.0658876 0.0658537 0.0697433 0.0962460 0.1307125 0.0797257 0.0730061 0.0964952 0.0890477 0.0863048 0.1299349 0.0721691 0.1260404 0.1015874 0.0871745 0.0819845 0.0849097 0.0370036 0.0491819 0.1263880 0.0505420 0.0697972 0.0533248 0.0658059 0.0588116 0.0585740 0.0943047 0.0524466 0.1503615 0.0884134 0.0831197 0.1309148 0.0590483 0.0946752 0.0726199 0.0523147 0.1001941 0.0560849 0.0518006 0.0723024 0.0316443 0.0666297 0.0618482 0.0717877 0.0650877 0.0671368 0.0607357 0.0670996 0.0893389 0.0657084 0.0510076 0.0714272 0.0729058 0.0695935 0.0593367 0.0541339 0.0662467 0.0630433 0.0426015 0.0835214 0.0724537 0.0747828 0.0687850 0.0687830 0.0682998 0.0728165 0.0455543 0.0683485 
S0417         0.1933484 0.0697548 0.0606950 0.0415231 0.0853442 0.0186403 0.0505919 0.0890489 0.1132095 0.0389083 0.0962880 0.0849325 0.0188458 0.1035656 0.0214885 0.0752727 0.1005550 0.1116539 0.0578826 0.0883672 0.0975895 0.0246265 0.0537267 0.0000000 0.0579117 0.0775717 0.0388689 0.1077803 0.0601576 0.0858845 0.0849478 0.0736167 0.0244819 0.0818554 0.0855119 0.0304103 0.0160779 0.0512921 0.0679308 0.0850912 0.0742282 0.0671971 0.1486720 0.0545134 0.1125152 0.0855998 0.0746882 0.0700138 0.0637537 0.0882097 0.0605123 0.0704745 0.0886244 0.0757645 0.0301620 0.0705204 0.0451621 0.0277666 0.0584908 0.0835242 0.0788862 0.0689708 0.0779838 0.0648801 0.0962268 0.0834495 0.1575612 0.0749609 0.0759325 0.0874088 0.0808661 0.0809203 0.1489139 0.0574777 0.1488888 0.0778746 0.0857808 0.0840906 0.0805112 0.0742263 0.0676222 0.1493005 0.0831847 0.1070114 0.0513204 0.0302195 0.0450494 0.0389985 0.1036126 0.0244414 0.0933896 0.0791878 0.0995159 0.1068951 0.0850351 0.0767039 0.0851308 0.0425391 0.0957693 0.0716243 0.0737579 0.0711849 0.0623083 0.0482619 0.0545955 0.0518145 0.0387705 0.1002391 0.0860792 0.0290966 0.0770787 0.0425854 0.0736753 0.0633315 0.0853730 0.0990502 0.0307913 0.0754098 0.0244733 0.0912731 0.0711079 0.0894110 0.0784037 0.0712261 0.0647230 0.0646635 0.0673209 0.0852786 0.0736015 0.0673830 
S0419         0.1820332 0.0639901 0.0075478 0.0820222 0.0909022 0.0562675 0.0290780 0.0948487 0.1189611 0.0758961 0.0903824 0.0747595 0.0633562 0.0983151 0.0630367 0.0592410 0.0822896 0.1051199 0.1072686 0.0905004 0.0993970 0.0607388 0.0727410 0.0579117 0.0000000 0.0828185 0.0875746 0.0946354 0.0750942 0.0785783 0.0894874 0.0713455 0.0669830 0.0748953 0.0877686 0.0730551 0.0477527 0.0687971 0.0790235 0.0873542 0.0526963 0.0691259 0.1530122 0.0717602 0.0990127 0.0756203 0.0748427 0.0602276 0.0103124 0.0903456 0.0050899 0.0129496 0.0812075 0.0508531 0.0699101 0.0715465 0.0594947 0.0679323 0.0557422 0.0703417 0.0722950 0.0626430 0.0712158 0.0588514 0.1056948 0.0700692 0.1659705 0.0733741 0.0628642 0.0801212 0.0882773 0.0814080 0.1532569 0.0025384 0.1532303 0.1181171 0.0784872 0.0647907 0.0707073 0.0820084 0.0524032 0.1536475 0.0826013 0.0959514 0.0510751 0.0763875 0.0593453 0.0591154 0.0873268 0.0634834 0.1444684 0.0659907 0.0833313 0.1223175 0.0872986 0.0775676 0.0626053 0.0532354 0.1319767 0.1035477 0.0676881 0.0556313 0.0539571 0.0661818 0.0461719 0.0492935 0.0667786 0.0895488 0.0142958 0.0645404 0.0728656 0.0691708 0.0800515 0.0572711 0.0624015 0.0914993 0.0666797 0.0765140 0.0738800 0.0872280 0.0821833 0.0721531 0.0682537 0.0767385 0.0587167 0.0649422 0.0434926 0.0623237 0.0848095 0.0581102 
S0427         0.1928122 0.0555380 0.1033924 0.0858607 0.0759971 0.0785127 0.0499981 0.0797557 0.0963602 0.0797484 0.0917421 0.0797523 0.0830275 0.0961090 0.0719816 0.0750925 0.0967812 0.1019675 0.0360288 0.0693773 0.0807396 0.0832942 0.0464445 0.0775717 0.0828185 0.0000000 0.1211790 0.0905722 0.0988801 0.0967785 0.0659014 0.1044980 0.0862189 0.0701442 0.0728943 0.0949157 0.0734638 0.0721020 0.0529914 0.0663150 0.0803319 0.0767265 0.1436637 0.0437106 0.1037397 0.0791407 0.0636783 0.0812764 0.0859716 0.0755257 0.0853373 0.0959447 0.1085572 0.0834330 0.0863275 0.0865307 0.0759648 0.0779265 0.0797437 0.0820724 0.0791673 0.0863914 0.0757177 0.0820479 0.0770039 0.0986698 0.1448207 0.0866990 0.0678907 0.0983582 0.1186207 0.1036641 0.1438934 0.0821825 0.1363961 0.1225472 0.0966653 0.0888551 0.0789029 0.0494183 0.0725535 0.1367644 0.0676280 0.0943302 0.0501211 0.0900694 0.0757693 0.0754691 0.1020561 0.0767390 0.1598091 0.1098547 0.0943165 0.1408009 0.0725099 0.0928639 0.0854708 0.0627959 0.1068766 0.0691656 0.0661274 0.0827056 0.0421404 0.0909906 0.0690319 0.0788199 0.0823255 0.0953257 0.0616894 0.0962616 0.0958548 0.0762150 0.0682448 0.0723167 0.0822710 0.0835321 0.0948081 0.0679958 0.0905315 0.0795222 0.0495292 0.0861259 0.0749104 0.0994497 0.0820561 0.0897847 0.0786151 0.0821810 0.0469506 0.0820627 
S0428sl       0.2775653 0.1201911 0.0935268 0.0753972 0.1406828 0.0412914 0.1226204 0.1331699 0.1391741 0.0610144 0.1530393 0.1260490 0.0464285 0.1619750 0.0464756 0.1362726 0.1485787 0.1741340 0.0637751 0.1273548 0.1567911 0.0464117 0.0937110 0.0388689 0.0875746 0.1211790 0.0000000 0.1672766 0.0958687 0.1362829 0.1254201 0.0793356 0.0607101 0.1353408 0.1340627 0.0671937 0.0424899 0.0922004 0.1206652 0.1342005 0.1027631 0.1146686 0.2002987 0.0908254 0.1689042 0.1233340 0.1176126 0.1142623 0.0920881 0.1332841 0.0873069 0.0924965 0.1231320 0.0947968 0.0515597 0.1241839 0.0860130 0.0573018 0.1007175 0.0957871 0.1170633 0.1166271 0.1219813 0.1053096 0.1328059 0.1434921 0.2309840 0.0941716 0.1117311 0.1185569 0.1248864 0.1194780 0.1880886 0.0873069 0.2007456 0.0829339 0.1357815 0.1456354 0.1289716 0.1037123 0.1045137 0.2007456 0.1249661 0.1414566 0.0874724 0.0610560 0.0865453 0.0811542 0.1658739 0.0468161 0.0918645 0.0940732 0.1454647 0.1143077 0.1395902 0.1175769 0.1237752 0.0830771 0.1126057 0.0799109 0.1101717 0.1046236 0.0908064 0.0760297 0.1039428 0.1048595 0.0707637 0.1489351 0.1585100 0.0417827 0.1322387 0.1036286 0.1139256 0.1130616 0.1365857 0.1424850 0.0615186 0.1252164 0.0568746 0.1361856 0.1021183 0.1247212 0.1357495 0.1086566 0.1177028 0.1047101 0.1028695 0.1285474 0.1072756 0.1045907 
S0430         0.2185186 0.0975670 0.1282123 0.1220043 0.1158990 0.1107620 0.0735631 0.1242063 0.1429087 0.1059904 0.0237261 0.0703453 0.1049117 0.0292767 0.1107173 0.1151705 0.1205638 0.0319382 0.1184310 0.1190894 0.1257441 0.1129196 0.0876525 0.1077803 0.0946354 0.0905722 0.1672766 0.0000000 0.1154252 0.1150384 0.1086255 0.0926263 0.1166043 0.1020557 0.1162609 0.1122892 0.1022826 0.0959568 0.0962049 0.1086785 0.0885697 0.0106790 0.1758494 0.1005512 0.0351598 0.1124894 0.1019521 0.0888598 0.0979076 0.1188706 0.0971649 0.1049325 0.1364213 0.0918866 0.1162018 0.0722078 0.0972598 0.1064532 0.1045849 0.0826763 0.1070353 0.1128026 0.1071547 0.1071078 0.1208117 0.1109760 0.1733447 0.1264730 0.0574711 0.0679466 0.1406398 0.1278813 0.1761473 0.0938851 0.1680225 0.1790902 0.1087081 0.1225991 0.0693162 0.0999540 0.0931286 0.1685028 0.1109854 0.1256942 0.0843114 0.1129490 0.1008241 0.1004112 0.0209500 0.1085272 0.2017313 0.0952050 0.0156009 0.0343261 0.1155836 0.0848602 0.1023214 0.0937268 0.1753096 0.1337005 0.1053593 0.1081760 0.0855248 0.1033670 0.1032479 0.1071646 0.1078923 0.1095661 0.0869040 0.1235326 0.1256591 0.0995776 0.1011710 0.0919344 0.1154879 0.1130410 0.1087553 0.1058246 0.1217512 0.1194028 0.1154376 0.1089811 0.1184944 0.1100848 0.1078441 0.1153758 0.0978309 0.1153890 0.0936872 0.1068051 
S0478         0.2226412 0.0880357 0.1119657 0.0736052 0.1093976 0.0582441 0.0611872 0.1137031 0.1319596 0.0744784 0.1108464 0.1012563 0.0649388 0.1193044 0.0646175 0.0997317 0.1116255 0.1264240 0.1043599 0.1089126 0.1186775 0.0651455 0.0718283 0.0601576 0.0750942 0.0988801 0.0958687 0.1154252 0.0000000 0.1115308 0.0959986 0.1057110 0.0713048 0.0959462 0.1061426 0.0757531 0.0530221 0.0524104 0.0850450 0.1056154 0.0912260 0.0887076 0.1634251 0.0808710 0.1273701 0.0882207 0.0924628 0.0849112 0.0781637 0.1087192 0.0775989 0.0878389 0.1101604 0.0864652 0.0713919 0.0935845 0.0436185 0.0599357 0.0716147 0.1013826 0.0998395 0.1038227 0.1031645 0.0990754 0.1215193 0.1087295 0.1687906 0.0920048 0.0830262 0.1079014 0.1188518 0.1151843 0.1636881 0.0745308 0.1560219 0.1168454 0.1114000 0.1056055 0.0941073 0.0913715 0.0915034 0.1564462 0.1009522 0.1150386 0.0716441 0.0749530 0.0435133 0.0433495 0.1182300 0.0650668 0.1547419 0.1079375 0.1033745 0.1484322 0.1014592 0.1037926 0.1000384 0.0716749 0.1429887 0.0965096 0.0959668 0.0952610 0.0732291 0.0594806 0.0842507 0.0878763 0.0677536 0.1152711 0.0737311 0.0740048 0.0958241 0.0556994 0.0949246 0.0882428 0.1033235 0.1173222 0.0658091 0.1009937 0.0713800 0.1092908 0.0915614 0.1004332 0.1029284 0.0561953 0.0922109 0.0922540 0.0813952 0.1032265 0.1007429 0.0911718 
S0552sl       0.2090705 0.0752373 0.0913364 0.1159885 0.0991438 0.0902555 0.0448548 0.1032882 0.1358119 0.1129391 0.1005104 0.1114536 0.0876364 0.1118951 0.0902980 0.0761711 0.0841021 0.1156654 0.1186102 0.0987008 0.1080736 0.1023363 0.0769028 0.0858845 0.0785783 0.0967785 0.1362829 0.1150384 0.1115308 0.0000000 0.1040545 0.0966614 0.1023735 0.0927834 0.0959246 0.1019984 0.0839729 0.0969910 0.0863340 0.0922255 0.0759907 0.0893391 0.1818539 0.0860345 0.1197819 0.1019482 0.0893431 0.0159069 0.0751468 0.0985274 0.0810878 0.0886082 0.0463954 0.0778949 0.1054088 0.0999816 0.0831501 0.0853801 0.0660891 0.0930227 0.0156157 0.0441416 0.0208423 0.0154874 0.1177814 0.0996091 0.1665317 0.1104718 0.0960032 0.1138270 0.0458363 0.0453403 0.1829525 0.0779830 0.1740171 0.1415575 0.0438604 0.0819124 0.0997068 0.0872952 0.0531370 0.1745132 0.0906957 0.1259761 0.0873855 0.1066398 0.0866276 0.0862776 0.1108883 0.0906831 0.2114549 0.0938270 0.1030272 0.1832613 0.0953952 0.1068717 0.0720778 0.0604221 0.1519554 0.1386677 0.0818880 0.0721728 0.0739489 0.1054986 0.0559644 0.0592584 0.0981451 0.1190962 0.0677436 0.1106847 0.0920146 0.0873662 0.0915496 0.0580131 0.0766650 0.1104544 0.0912918 0.0877402 0.1064697 0.1025594 0.0971286 0.0773321 0.0792244 0.1091996 0.0321630 0.0757188 0.0849580 0.0765766 0.0932769 0.0684538 
