131
PAFTOL_019361 0.0000000 0.2760544 0.2849233 0.3274378 0.3006435 0.2793464 0.3294114 0.3108941 0.2720819 0.3061221 0.2983756 0.3361026 0.3063490 0.3421372 0.3328255 0.3674770 0.3128581 0.2726329 0.3084284 0.3450106 0.2589265 0.3024237 0.2961015 0.3033726 0.3023262 0.2746527 0.2903946 0.3612906 0.2936691 0.2861965 0.3035312 0.3553593 0.3021864 0.3057824 0.3055503 0.3001781 0.3311541 0.2936229 0.2944749 0.2832664 0.3499478 0.3444701 0.2955793 0.3770982 0.2767924 0.2972306 0.2750722 0.2785297 0.2935257 0.2839075 0.2836585 0.2912710 0.2885070 0.3267970 0.3377279 0.3254918 0.3031152 0.2535226 0.3865764 0.3309750 0.2873794 0.2994545 0.2807354 0.2841279 0.2933965 0.3271253 0.3357433 0.2905713 0.3679364 0.3333952 0.2837459 0.2647071 0.3476018 0.2770922 0.3267261 0.2948033 0.2854645 0.2717136 0.3428801 0.2853560 0.2825380 0.3375659 0.2896131 0.2880184 0.2613750 0.3121360 0.3309397 0.3294217 0.3578539 0.3219238 0.3326564 0.3163167 0.3541039 0.3755390 0.2968985 0.3231106 0.3059220 0.2711675 0.2866503 0.2651682 0.2911207 0.2786198 0.2761496 0.3168604 0.3009501 0.2568069 0.3466446 0.2840736 0.2862281 0.3210730 0.3177485 0.2858267 0.3254907 0.2741298 0.2761450 0.2947774 0.3370613 0.2849458 0.3178533 0.2958343 0.2794675 0.2757582 0.2733027 0.3832936 0.2621702 0.2542897 0.5178759 0.2759824 0.2753236 0.2865809 0.2509095 
S0055         0.2760544 0.0000000 0.0528690 0.1181444 0.0915111 0.0559063 0.1386937 0.1034138 0.0880454 0.0632774 0.1024806 0.1360794 0.1028580 0.1470479 0.1178917 0.1553638 0.0922348 0.0880178 0.0873469 0.1385489 0.0712487 0.0663571 0.0610696 0.0672200 0.0892268 0.0635804 0.0753880 0.1413829 0.0980853 0.1141029 0.0744625 0.1535616 0.0684703 0.0666108 0.1101020 0.1033195 0.1153627 0.0688044 0.0598902 0.0724190 0.1514387 0.2528368 0.0682892 0.1725503 0.0810305 0.0623117 0.1092609 0.0635145 0.0661066 0.0693784 0.0670810 0.1182497 0.0802784 0.1136048 0.1425273 0.1059000 0.0945599 0.0656434 0.1346709 0.1212927 0.1112581 0.1000894 0.1047637 0.1143067 0.0848395 0.1067857 0.2278329 0.0857661 0.1568769 0.1436458 0.1088035 0.0991495 0.2425879 0.0629772 0.2243732 0.0843600 0.1102861 0.0871876 0.1458277 0.0708587 0.1081913 0.2378635 0.0571100 0.0694682 0.0678160 0.0970092 0.1030317 0.1030720 0.1375595 0.1042804 0.1187913 0.1266751 0.1365182 0.1547382 0.0647279 0.1395611 0.0981621 0.0908807 0.0579038 0.0492122 0.0336291 0.0932059 0.0602496 0.1121113 0.1003537 0.0949184 0.1333519 0.0584522 0.0741606 0.1042431 0.1085063 0.0553842 0.0985617 0.0942530 0.0733410 0.0588979 0.1189852 0.0532737 0.1210049 0.0622550 0.0681951 0.0874589 0.0826542 0.1417698 0.0771691 0.0633344 0.3016167 0.0613311 0.0767831 0.0844396 0.0649701 
S0196sl       0.2849233 0.0528690 0.0000000 0.1026722 0.0624227 0.0514359 0.1233102 0.0976375 0.0565316 0.0611192 0.1021976 0.1111744 0.1208658 0.1176098 0.0947154 0.1335828 0.0759267 0.0727801 0.0876381 0.1317882 0.0682223 0.0637145 0.0588889 0.0787186 0.0738120 0.0069341 0.0624702 0.1282985 0.0812866 0.0986468 0.0910814 0.1207619 0.0665856 0.0597965 0.0931140 0.0888005 0.1039793 0.0598891 0.0570413 0.0402760 0.1229921 0.1781469 0.0721634 0.1591593 0.0726016 0.0629418 0.0921528 0.0069038 0.0615216 0.0126159 0.0083353 0.0995363 0.0497352 0.0996366 0.1399443 0.0903561 0.0819070 0.0507051 0.0910673 0.0994189 0.0947161 0.0788295 0.0961688 0.0935378 0.0894551 0.0735122 0.1673634 0.0787601 0.1592802 0.1043995 0.0959857 0.0836423 0.1696375 0.0070007 0.1632319 0.0747088 0.0864239 0.0698853 0.1398086 0.0737063 0.0905269 0.1660923 0.0546763 0.0612085 0.0508009 0.0816771 0.0884103 0.0900645 0.1233274 0.0888236 0.1003646 0.1057731 0.1237517 0.1293924 0.0648176 0.1387539 0.0902927 0.0613701 0.0494114 0.0427937 0.0661883 0.0800538 0.0545909 0.0972014 0.0722349 0.0647966 0.1145983 0.0582611 0.0184019 0.0717680 0.0904861 0.0486063 0.0738676 0.0819266 0.0643009 0.0610784 0.0922022 0.0573768 0.1093306 0.0546055 0.0577139 0.0782807 0.0628183 0.1115966 0.0617270 0.0477481 0.2850260 0.0432340 0.0641042 0.0756029 0.0484141 
S0278         0.3274378 0.1181444 0.1026722 0.0000000 0.1164723 0.1227220 0.1785791 0.0337715 0.1156402 0.1167726 0.1456765 0.0582277 0.1329932 0.1747086 0.0574446 0.1730537 0.0606262 0.1288871 0.1528298 0.1696270 0.1093459 0.1274948 0.1285206 0.1258156 0.0397472 0.1083539 0.1254347 0.1757563 0.0620469 0.1428280 0.1321256 0.2024344 0.1311959 0.1366326 0.0426464 0.0824345 0.1276490 0.1153633 0.1291041 0.1038718 0.1823031 0.2499777 0.1314797 0.2063757 0.1107748 0.1258167 0.1359031 0.1082333 0.1304389 0.1125769 0.1124673 0.1431851 0.1056636 0.0944412 0.1883990 0.1177249 0.0741275 0.0989629 0.0671757 0.1567746 0.1400294 0.1333174 0.1361599 0.1428909 0.1493841 0.1433756 0.2218927 0.1272747 0.2021324 0.1702000 0.1440411 0.1298868 0.2386813 0.1082808 0.2174797 0.1039963 0.1374177 0.1212696 0.1948110 0.1305862 0.1309118 0.2221779 0.1229702 0.1220221 0.1100516 0.0417297 0.1150659 0.1198496 0.1637761 0.1008180 0.0531944 0.1626430 0.1713979 0.1933127 0.1294445 0.1735200 0.1281917 0.1144266 0.1251358 0.1133851 0.1285630 0.1276363 0.1084756 0.0895695 0.1311929 0.1184540 0.0622258 0.1107994 0.1157091 0.1405786 0.1261657 0.1229958 0.1337241 0.1196573 0.1214403 0.1177364 0.0426875 0.1239530 0.1069498 0.1250638 0.1179581 0.1197439 0.1243651 0.1575746 0.1087757 0.1000803 0.3073784 0.1039198 0.1246375 0.1217429 0.0980038 
S0281         0.3006435 0.0915111 0.0624227 0.1164723 0.0000000 0.0950153 0.1332769 0.1051836 0.1014319 0.1046423 0.1298349 0.1231189 0.1347082 0.1241573 0.1219145 0.1525012 0.0944701 0.1008531 0.1134835 0.1430951 0.0859101 0.1075083 0.1002673 0.1066288 0.0909326 0.0705686 0.1023689 0.1456042 0.1026727 0.1315721 0.1100374 0.1603420 0.0996577 0.1091800 0.1107953 0.1076232 0.1351446 0.0972789 0.0935749 0.0592175 0.1427717 0.2393634 0.1182725 0.1759981 0.0992795 0.0996553 0.1281883 0.0704927 0.1040709 0.0766971 0.0742708 0.1315082 0.0644906 0.1186234 0.1401968 0.1192060 0.0976837 0.0852365 0.1422324 0.1134079 0.1244346 0.1155134 0.1184261 0.1233308 0.1187408 0.0718861 0.2098845 0.1136755 0.1448145 0.1014465 0.1247606 0.1097023 0.2359340 0.0712406 0.2188788 0.1095854 0.1249383 0.1027167 0.1415819 0.0980759 0.1226447 0.2241482 0.0946499 0.0986013 0.0941631 0.0991417 0.1247109 0.1241282 0.1325143 0.1150434 0.1164200 0.1309781 0.1326438 0.1526007 0.0975240 0.1353848 0.1219967 0.1043903 0.0967735 0.0853207 0.0960112 0.1105424 0.0853782 0.1154785 0.1120857 0.1086065 0.1288352 0.0914108 0.0791693 0.0670334 0.1270440 0.0946632 0.0614676 0.0953859 0.0924825 0.0907898 0.1224008 0.0878141 0.1273723 0.0895733 0.0933550 0.1047835 0.0958622 0.1523379 0.0913431 0.0788131 0.2826336 0.0669919 0.0965979 0.1023987 0.0883688 
S0282         0.2793464 0.0559063 0.0514359 0.1227220 0.0950153 0.0000000 0.1396839 0.1092242 0.0860758 0.0174940 0.0859122 0.1383523 0.1149289 0.1450020 0.1225855 0.1695031 0.0934850 0.0884399 0.0912976 0.1512432 0.0586256 0.0166686 0.0167688 0.0648552 0.0946737 0.0671418 0.0658569 0.1459560 0.1023620 0.1159995 0.0747446 0.1581837 0.0289885 0.0205852 0.1106988 0.1075942 0.1241755 0.0519047 0.0120622 0.0752770 0.1548653 0.2455269 0.0622347 0.1906452 0.0729802 0.0213156 0.1088736 0.0670717 0.0137766 0.0730254 0.0706957 0.1154009 0.0841234 0.1193841 0.1515157 0.1141504 0.1010634 0.0591337 0.1318483 0.1300369 0.1062564 0.1018437 0.1063254 0.1102115 0.0586230 0.1118257 0.2165675 0.0788263 0.1694582 0.1439782 0.1110069 0.1020350 0.2368783 0.0654486 0.2197713 0.0873141 0.1092014 0.0844332 0.1578323 0.0591104 0.1146817 0.2292686 0.0109377 0.0503468 0.0693059 0.1028036 0.1143778 0.1140317 0.1414846 0.1192321 0.1236805 0.1223311 0.1410451 0.1596437 0.0184772 0.1430431 0.0902307 0.0851660 0.0156377 0.0111809 0.0583734 0.0874326 0.0460054 0.1194391 0.0983498 0.0905571 0.1340324 0.0379567 0.0790875 0.1092532 0.1224185 0.0082427 0.1089220 0.0860886 0.0761243 0.0193668 0.1208114 0.0271843 0.1229179 0.0446974 0.0480262 0.0889233 0.0807091 0.1542939 0.0747910 0.0579467 0.3072586 0.0627117 0.0785112 0.0746202 0.0573415 
S0288         0.3294114 0.1386937 0.1233102 0.1785791 0.1332769 0.1396839 0.0000000 0.1443067 0.1512566 0.1294114 0.1519580 0.1823067 0.0439848 0.0724491 0.1753542 0.0595796 0.1574004 0.1555247 0.1579462 0.0346769 0.1236214 0.1517204 0.1492063 0.1686015 0.1605296 0.1450052 0.1487819 0.0052652 0.1710740 0.1866461 0.1676702 0.1387550 0.1382924 0.1534528 0.1763671 0.1807651 0.1878713 0.1652636 0.1440151 0.1425299 0.0309618 0.2729847 0.1788709 0.0610006 0.1591161 0.1510616 0.1838501 0.1467882 0.1445358 0.1505310 0.1491225 0.1814232 0.1517155 0.1926197 0.1232562 0.1830591 0.1655046 0.1314389 0.1746167 0.0634887 0.1774819 0.1801116 0.1743729 0.1910604 0.1408804 0.1289780 0.2571677 0.1884668 0.1459641 0.1007676 0.1740746 0.1661792 0.2727336 0.1483990 0.2428492 0.1496066 0.1828803 0.1594205 0.1380692 0.1554346 0.1833533 0.2522966 0.1429205 0.1497879 0.1492664 0.1631587 0.1846758 0.1812166 0.0285115 0.1876644 0.1739926 0.1131407 0.0106951 0.0107071 0.1436489 0.1248934 0.1583692 0.1549767 0.1505681 0.1278965 0.1369924 0.1622004 0.1469331 0.1911497 0.1727965 0.1518974 0.1775138 0.1318976 0.1599441 0.1273720 0.1897868 0.1446060 0.1324789 0.1527196 0.1459294 0.1489769 0.1811817 0.1391464 0.1965840 0.1393645 0.1690371 0.1644487 0.1515452 0.2262566 0.1471201 0.1387722 0.2929701 0.1379205 0.1500822 0.1455994 0.1369637 
S0289         0.3108941 0.1034138 0.0976375 0.0337715 0.1051836 0.1092242 0.1443067 0.0000000 0.1037355 0.1206780 0.1363171 0.0503601 0.1334779 0.1618486 0.0403981 0.1667946 0.0437609 0.1183253 0.1471510 0.1516757 0.1046870 0.1203635 0.1160449 0.1157644 0.0300348 0.0995904 0.1216882 0.1499255 0.0553212 0.1372669 0.1251629 0.1847953 0.1198430 0.1225789 0.0340466 0.0685076 0.1214707 0.1099823 0.1197626 0.1004498 0.1575543 0.2347190 0.1192264 0.1864562 0.1015536 0.1161865 0.1336070 0.0994802 0.1167803 0.1037456 0.1036443 0.1335505 0.0999541 0.0790097 0.1683319 0.1102989 0.0605951 0.0898601 0.0684748 0.1350376 0.1363028 0.1239234 0.1315053 0.1375261 0.1477587 0.1374888 0.2091628 0.1190446 0.1804696 0.1697815 0.1387972 0.1230120 0.2268170 0.0992437 0.2123418 0.1006778 0.1297449 0.1121730 0.1741596 0.1143786 0.1220112 0.2192842 0.1107412 0.1150032 0.0967995 0.0361476 0.1087142 0.1150349 0.1455889 0.0861886 0.0479922 0.1626224 0.1454093 0.1662477 0.1145028 0.1586531 0.1221857 0.1041084 0.1128975 0.1011565 0.1159485 0.1173889 0.0956065 0.0812864 0.1161532 0.1047605 0.0497974 0.1039375 0.1106311 0.1346854 0.1227336 0.1119425 0.1241077 0.1132601 0.1080319 0.1107762 0.0372140 0.1080345 0.0898852 0.1158516 0.1047218 0.1110185 0.1136413 0.1426659 0.0971007 0.0921689 0.2796579 0.0913235 0.1083724 0.1110845 0.0878889 
S0292         0.2720819 0.0880454 0.0565316 0.1156402 0.1014319 0.0860758 0.1512566 0.1037355 0.0000000 0.0841364 0.1272404 0.1275680 0.1370291 0.1499591 0.1187284 0.1607385 0.0965322 0.0631310 0.0615650 0.1625771 0.0814496 0.1003653 0.0971033 0.1070727 0.0877619 0.0732755 0.1051586 0.1593027 0.0965773 0.0845191 0.1155940 0.1709667 0.0960303 0.1019433 0.1117885 0.1026944 0.1124310 0.0951076 0.0853897 0.0852471 0.1684931 0.2481821 0.0960203 0.2007684 0.0881092 0.0929959 0.0863354 0.0717933 0.0974912 0.0778559 0.0754866 0.0804605 0.0942508 0.1162741 0.1507398 0.1079866 0.0952812 0.0712746 0.1289893 0.1298094 0.0759163 0.0720931 0.0840274 0.0862483 0.1077147 0.1265861 0.2290588 0.1082729 0.1658822 0.1643231 0.0788557 0.0711788 0.2475434 0.0726142 0.2197980 0.0900090 0.0746550 0.0603209 0.1510536 0.1075789 0.0757872 0.2277951 0.0910442 0.0973542 0.0627859 0.1033413 0.1042070 0.1126934 0.1433563 0.1129122 0.1192056 0.1372340 0.1527104 0.1736970 0.0982972 0.1561753 0.0697632 0.0167757 0.0931227 0.0853693 0.0908871 0.0516975 0.0882463 0.1185318 0.0577899 0.0176994 0.1248101 0.0878892 0.0840292 0.1238947 0.1140585 0.0882220 0.1300111 0.0515837 0.0519847 0.0904027 0.1189794 0.0886944 0.1224289 0.0952946 0.0851829 0.0590966 0.0557535 0.1401759 0.0469874 0.0701307 0.3313530 0.0714174 0.0542112 0.1009383 0.0657172 
S0293         0.3061221 0.0632774 0.0611192 0.1167726 0.1046423 0.0174940 0.1294114 0.1206780 0.0841364 0.0000000 0.0976444 0.1338289 0.1178437 0.1452659 0.1237441 0.1488124 0.1034502 0.0945023 0.1104899 0.1456430 0.0695096 0.0287828 0.0271239 0.0838167 0.0914158 0.0632251 0.0705489 0.1400308 0.1075674 0.1167886 0.0888133 0.1665308 0.0388373 0.0248029 0.1113184 0.1184251 0.1214251 0.0526680 0.0250932 0.0756592 0.1453398 0.2060472 0.0707252 0.1889003 0.0666587 0.0322618 0.1056088 0.0628466 0.0248482 0.0718901 0.0652820 0.1190321 0.0912168 0.1268055 0.1537850 0.1024543 0.0993842 0.0628884 0.1076953 0.1204422 0.1109612 0.1045757 0.1187093 0.1170422 0.0672866 0.1123229 0.1907307 0.0818084 0.1753445 0.1026827 0.1049559 0.1014171 0.1960654 0.0615814 0.1915374 0.0870977 0.1027506 0.0841539 0.1495447 0.0648680 0.1214689 0.1945014 0.0192863 0.0480580 0.0740966 0.1082729 0.1056451 0.1054307 0.1365797 0.1110678 0.1182415 0.1345645 0.1419956 0.1409258 0.0285738 0.1523401 0.1102890 0.0836582 0.0211839 0.0199071 0.0701516 0.0924722 0.0526047 0.1256242 0.0958949 0.0864416 0.1477963 0.0423654 0.0738569 0.1099212 0.1078849 0.0176846 0.1124407 0.0942094 0.0810383 0.0302731 0.1077837 0.0341281 0.1352160 0.0401175 0.0567754 0.1017217 0.0836357 0.1310404 0.0778054 0.0630737 0.2849957 0.0716356 0.0827250 0.0764515 0.0623148 
S0294         0.2983756 0.1024806 0.1021976 0.1456765 0.1298349 0.0859122 0.1519580 0.1363171 0.1272404 0.0976444 0.0000000 0.1528804 0.1424560 0.1746449 0.1375470 0.1781456 0.1378164 0.1266812 0.1434027 0.1688170 0.1065145 0.0961223 0.0929188 0.1150238 0.1244074 0.1047428 0.1008635 0.1627616 0.1403836 0.1483288 0.1168263 0.1870515 0.1000408 0.0944819 0.1395436 0.1453284 0.1615367 0.1026002 0.0908360 0.1110916 0.1740160 0.2434342 0.1007071 0.2128547 0.1107042 0.0928691 0.1439059 0.1046297 0.0933184 0.1113234 0.1050170 0.1423163 0.1118672 0.1434426 0.1811799 0.1505895 0.1353710 0.1012533 0.1588573 0.1473523 0.1414736 0.1399098 0.1408940 0.1511870 0.0597407 0.1301558 0.2081638 0.1259465 0.2070563 0.1530068 0.1375910 0.1342368 0.2243035 0.1058700 0.2094203 0.1468264 0.1370777 0.1205096 0.1863843 0.0914057 0.1462489 0.2159435 0.0886169 0.0944963 0.1097117 0.1364349 0.1564370 0.1517634 0.1570512 0.1495970 0.1548191 0.1504207 0.1584044 0.1771391 0.0968262 0.1673092 0.1324687 0.1220743 0.0908486 0.0784687 0.0994493 0.1296858 0.0904210 0.1510950 0.1354862 0.1304686 0.1503560 0.0830017 0.1167890 0.1274757 0.1569021 0.0858113 0.1308006 0.1254705 0.1253721 0.0879916 0.1472535 0.0864006 0.1608370 0.0897315 0.1006207 0.1235869 0.1236071 0.1832018 0.1082788 0.1035135 0.3149677 0.1023353 0.1230818 0.1095618 0.0956915 
S0299         0.3361026 0.1360794 0.1111744 0.0582277 0.1231189 0.1383523 0.1823067 0.0503601 0.1275680 0.1338289 0.1528804 0.0000000 0.1323287 0.1806353 0.0587583 0.1902666 0.0717783 0.1368413 0.1665547 0.1811183 0.1161659 0.1462478 0.1457428 0.1442597 0.0566858 0.1197506 0.1437666 0.1874337 0.0779730 0.1565128 0.1492614 0.2204521 0.1447650 0.1531261 0.0573936 0.0927885 0.1331187 0.1307499 0.1433286 0.1117256 0.1885946 0.2246228 0.1451561 0.2232971 0.1251388 0.1414379 0.1505452 0.1196155 0.1395395 0.1241580 0.1240349 0.1511455 0.1106165 0.1054498 0.1954198 0.1256260 0.0884508 0.1100893 0.0747408 0.1630973 0.1531836 0.1387583 0.1522006 0.1589218 0.1591300 0.1489164 0.2125994 0.1436791 0.2125190 0.1531072 0.1546809 0.1389228 0.2152392 0.1197868 0.1973770 0.1063869 0.1448273 0.1283206 0.2044278 0.1415339 0.1466051 0.2054094 0.1386390 0.1388611 0.1270758 0.0527543 0.1283440 0.1359664 0.1744642 0.1064282 0.0728844 0.1958475 0.1770933 0.2033197 0.1454100 0.1923599 0.1489381 0.1304638 0.1394873 0.1268939 0.1431100 0.1354883 0.1199845 0.1068323 0.1441040 0.1260701 0.0518605 0.1279593 0.1273569 0.1446704 0.1369754 0.1401993 0.1388944 0.1356719 0.1275021 0.1384011 0.0650057 0.1299998 0.1167543 0.1399264 0.1347175 0.1333143 0.1333125 0.1549539 0.1221867 0.1138180 0.2730873 0.1149499 0.1281193 0.1410205 0.1140413 
S0303         0.3063490 0.1028580 0.1208658 0.1329932 0.1347082 0.1149289 0.0439848 0.1334779 0.1370291 0.1178437 0.1424560 0.1323287 0.0000000 0.1008782 0.1499321 0.0350477 0.1180304 0.1385518 0.1570923 0.0307418 0.1278476 0.1155055 0.1212623 0.1283976 0.1142229 0.1204133 0.1546370 0.0443386 0.1253153 0.1427350 0.1465699 0.1283442 0.1354291 0.1269830 0.1448268 0.1516249 0.1486115 0.1190876 0.1141592 0.1152940 0.0305850 0.1667883 0.1464235 0.0484662 0.1314868 0.1259383 0.1465713 0.1251828 0.1205768 0.1252480 0.1145535 0.1306016 0.1152648 0.1631132 0.1414058 0.1253170 0.1325068 0.1194028 0.1197744 0.0575166 0.1415881 0.1351172 0.1409091 0.1450230 0.1548963 0.1425102 0.1751134 0.1553488 0.1680114 0.1075487 0.1407812 0.1365357 0.1225176 0.1221450 0.1376923 0.1274581 0.1528491 0.1586824 0.1334569 0.1378396 0.1590691 0.1412028 0.1078808 0.1425876 0.1244436 0.1373194 0.1242852 0.1242852 0.0394698 0.1521717 0.1320937 0.1154180 0.0490816 0.0488814 0.1313016 0.1584045 0.1487486 0.1600362 0.1130535 0.1212754 0.1170325 0.1183374 0.1394140 0.1261249 0.1462996 0.1481948 0.1570662 0.1206168 0.1306716 0.1425551 0.1363971 0.1152101 0.1356585 0.1546106 0.1386597 0.1301046 0.1435550 0.1357136 0.1823960 0.1584068 0.1357824 0.1391672 0.1221790 0.1406633 0.1406999 0.1312066 0.1745852 0.1296232 0.1430170 0.1196945 0.1141562 
S0308         0.3421372 0.1470479 0.1176098 0.1747086 0.1241573 0.1450020 0.0724491 0.1618486 0.1499591 0.1452659 0.1746449 0.1806353 0.1008782 0.0000000 0.1817376 0.0861105 0.1594116 0.1511609 0.1631357 0.0699966 0.1184545 0.1543202 0.1540210 0.1704276 0.1546540 0.1346656 0.1602294 0.0775881 0.1721314 0.1889129 0.1704968 0.1330422 0.1489625 0.1612963 0.1790186 0.1711870 0.1776153 0.1599595 0.1410328 0.1370761 0.0791642 0.3028064 0.1714270 0.0990347 0.1649641 0.1584443 0.1820484 0.1359306 0.1487450 0.1434640 0.1405780 0.1899826 0.1442815 0.1896400 0.1251241 0.1734758 0.1686786 0.1301083 0.1883534 0.0733872 0.1797194 0.1730645 0.1759773 0.1849500 0.1528328 0.1340425 0.2812218 0.1769473 0.1401803 0.1023741 0.1700434 0.1609586 0.2941272 0.1376478 0.2702160 0.1507786 0.1741294 0.1630483 0.1310396 0.1669935 0.1772343 0.2912122 0.1460865 0.1577876 0.1527294 0.1628221 0.1788519 0.1795742 0.0733324 0.1868732 0.1689469 0.0990962 0.0724383 0.0855973 0.1494857 0.1273659 0.1651359 0.1534455 0.1482970 0.1292200 0.1532059 0.1584378 0.1575201 0.1806769 0.1655071 0.1493007 0.1822760 0.1437069 0.1443446 0.1312972 0.1786634 0.1455813 0.1431986 0.1591391 0.1490143 0.1538768 0.1780615 0.1404155 0.1905406 0.1418334 0.1554267 0.1555073 0.1521156 0.2092054 0.1448096 0.1305320 0.3302651 0.1311082 0.1526106 0.1553799 0.1357173 
S0320         0.3328255 0.1178917 0.0947154 0.0574446 0.1219145 0.1225855 0.1753542 0.0403981 0.1187284 0.1237441 0.1375470 0.0587583 0.1499321 0.1817376 0.0000000 0.1784730 0.0566958 0.1208828 0.1516547 0.1824539 0.1089886 0.1316075 0.1310935 0.1262326 0.0486892 0.1077252 0.1230164 0.1795874 0.0688894 0.1384680 0.1386702 0.2007877 0.1357828 0.1382755 0.0430098 0.0818666 0.1228843 0.1241476 0.1321567 0.1001511 0.1855210 0.2280540 0.1259898 0.2287486 0.1163453 0.1301954 0.1380108 0.1076031 0.1323404 0.1120498 0.1093539 0.1357513 0.1022623 0.0923279 0.1833993 0.1142711 0.0684189 0.0943255 0.0849809 0.1577988 0.1391291 0.1274988 0.1326135 0.1373920 0.1356452 0.1439079 0.2096584 0.1236645 0.2053694 0.1520457 0.1413647 0.1236737 0.2190535 0.1089426 0.2046576 0.1057175 0.1326525 0.1141070 0.2025383 0.1237689 0.1283669 0.2096547 0.1241886 0.1232864 0.1108290 0.0474978 0.1168846 0.1258253 0.1684799 0.0924692 0.0617197 0.1678295 0.1752301 0.1979310 0.1281515 0.1714838 0.1345542 0.1188088 0.1264144 0.1127792 0.1270095 0.1244965 0.1053641 0.1015034 0.1276759 0.1254254 0.0472596 0.1156587 0.1192053 0.1410297 0.1229081 0.1213435 0.1312567 0.1163117 0.1198761 0.1272864 0.0563382 0.1158233 0.1093017 0.1214047 0.1230223 0.1166439 0.1202919 0.1496883 0.1039893 0.1018223 0.2690623 0.0981578 0.1217953 0.1264713 0.0959240 
S0322         0.3674770 0.1553638 0.1335828 0.1730537 0.1525012 0.1695031 0.0595796 0.1667946 0.1607385 0.1488124 0.1781456 0.1902666 0.0350477 0.0861105 0.1784730 0.0000000 0.1738109 0.1643713 0.1751443 0.0352018 0.1376767 0.1727236 0.1715584 0.1801694 0.1614998 0.1573587 0.1690075 0.0591854 0.1785463 0.2022079 0.1845993 0.1796388 0.1763889 0.1717799 0.1838450 0.1791926 0.1842027 0.1819777 0.1704610 0.1573379 0.0480322 0.2554736 0.1931042 0.0738311 0.1792666 0.1755458 0.1891857 0.1596671 0.1745276 0.1678352 0.1570391 0.1923696 0.1688355 0.1971489 0.1569001 0.1832765 0.1762625 0.1457492 0.1651229 0.0779149 0.1960019 0.1809557 0.1836738 0.1977572 0.1712361 0.1677320 0.2478658 0.1914402 0.1628371 0.1239442 0.1835577 0.1780460 0.2572552 0.1622279 0.2420650 0.1649169 0.1895281 0.1722857 0.1539373 0.1841326 0.1762963 0.2420242 0.1690461 0.1767725 0.1616372 0.1675560 0.1882157 0.1917002 0.0410984 0.1949839 0.1825876 0.1311885 0.0544081 0.0565014 0.1709801 0.1435814 0.1708785 0.1608306 0.1682520 0.1430428 0.1749215 0.1607353 0.1739138 0.1923132 0.1677441 0.1620681 0.1943470 0.1601386 0.1733000 0.1637223 0.1878785 0.1677662 0.1555426 0.1760518 0.1648865 0.1732094 0.1743792 0.1690333 0.2120728 0.1618249 0.1820553 0.1681742 0.1616337 0.2183164 0.1584650 0.1533109 0.2684411 0.1593868 0.1761504 0.1580835 0.1471725 
S0327         0.3128581 0.0922348 0.0759267 0.0606262 0.0944701 0.0934850 0.1574004 0.0437609 0.0965322 0.1034502 0.1378164 0.0717783 0.1180304 0.1594116 0.0566958 0.1738109 0.0000000 0.1031354 0.1225066 0.1672125 0.0893871 0.1026942 0.0958440 0.1054830 0.0368815 0.0876159 0.1114626 0.1642691 0.0465700 0.1220305 0.1155637 0.1806688 0.1091671 0.1046854 0.0530253 0.0581237 0.1013134 0.0928570 0.0975921 0.0856684 0.1790453 0.2349482 0.1132301 0.2048302 0.0946929 0.1034096 0.1162970 0.0875222 0.0994027 0.0915301 0.0914436 0.1243990 0.0875027 0.0702881 0.1695641 0.0898002 0.0548652 0.0774493 0.0803468 0.1395175 0.1206983 0.1112738 0.1155317 0.1180096 0.1259021 0.1316746 0.2090763 0.1095494 0.1821943 0.1451896 0.1266372 0.1096219 0.2272377 0.0871934 0.2098561 0.0864864 0.1122867 0.0926309 0.1759107 0.1089374 0.1120469 0.2166195 0.0936677 0.1048279 0.0891675 0.0401412 0.0933458 0.0991377 0.1579730 0.0730337 0.0619292 0.1433451 0.1599726 0.1811774 0.1021548 0.1630386 0.1131168 0.1004476 0.0957558 0.0843436 0.1017067 0.1056932 0.0847331 0.0685515 0.1092418 0.1013250 0.0755377 0.0953074 0.0952567 0.1289599 0.1035831 0.0944968 0.1210865 0.1005695 0.0950331 0.0970638 0.0587055 0.0940512 0.0787728 0.1001272 0.0969262 0.0985641 0.1000335 0.1221490 0.0861909 0.0759255 0.3009813 0.0763315 0.0979066 0.1052395 0.0730392 
S0335         0.2726329 0.0880178 0.0727801 0.1288871 0.1008531 0.0884399 0.1555247 0.1183253 0.0631310 0.0945023 0.1266812 0.1368413 0.1385518 0.1511609 0.1208828 0.1643713 0.1031354 0.0000000 0.0562811 0.1662847 0.0813355 0.1014949 0.0982276 0.1032993 0.0954030 0.0767994 0.1025035 0.1693954 0.1015298 0.0673944 0.1125203 0.1632873 0.0986104 0.1042229 0.1181200 0.1063628 0.1174905 0.0911172 0.0907133 0.0835080 0.1678890 0.2422502 0.0990934 0.2011399 0.0828829 0.0989401 0.0753905 0.0753080 0.0982169 0.0813615 0.0789993 0.0789324 0.0890864 0.1236727 0.1441059 0.1123412 0.0988023 0.0611654 0.1538871 0.1355762 0.0688907 0.0628180 0.0636048 0.0689716 0.1166702 0.1256745 0.2223994 0.1002441 0.1693890 0.1544749 0.0747653 0.0660939 0.2392061 0.0750299 0.2176172 0.1020526 0.0652544 0.0527968 0.1545134 0.1044767 0.0843904 0.2215625 0.0868549 0.0960078 0.0632688 0.1094224 0.1106049 0.1195965 0.1570767 0.1112724 0.1299988 0.1270693 0.1602269 0.1789304 0.0978536 0.1521802 0.0606871 0.0626340 0.0903645 0.0801609 0.0849325 0.0602624 0.0843985 0.1175079 0.0619046 0.0664184 0.1355638 0.0854917 0.0837296 0.1230298 0.1208832 0.0931379 0.1277292 0.0603644 0.0393000 0.0915471 0.1271617 0.0875267 0.1202327 0.0915590 0.0901183 0.0450281 0.0233122 0.1488055 0.0432393 0.0610578 0.3143298 0.0703467 0.0394585 0.1002585 0.0581648 
S0345         0.3084284 0.0873469 0.0876381 0.1528298 0.1134835 0.0912976 0.1579462 0.1471510 0.0615650 0.1104899 0.1434027 0.1665547 0.1570923 0.1631357 0.1516547 0.1751443 0.1225066 0.0562811 0.0000000 0.1751714 0.1052547 0.1072639 0.1039738 0.1193786 0.1172455 0.0899346 0.1022179 0.1766697 0.1240155 0.0918182 0.1272310 0.1761462 0.1053219 0.1011082 0.1375485 0.1136932 0.1379751 0.0888572 0.0938573 0.1061797 0.1770018 0.2350627 0.1046565 0.2064823 0.0954699 0.1039152 0.0856284 0.0878190 0.1028225 0.0946352 0.0897859 0.0938754 0.1174798 0.1420071 0.1552781 0.1284286 0.1221435 0.0709949 0.1604139 0.1431746 0.0881288 0.0732709 0.0878538 0.0870881 0.1455141 0.1306353 0.2140618 0.1026763 0.1911152 0.1525132 0.0918462 0.0816837 0.2258864 0.0890348 0.2188330 0.1194481 0.0751373 0.0689241 0.1593028 0.1137900 0.0999542 0.2268564 0.0995222 0.1026125 0.0677350 0.1311854 0.1224966 0.1275151 0.1711004 0.1248651 0.1531329 0.1486617 0.1701149 0.1774741 0.1092729 0.1587669 0.0612950 0.0628640 0.0955851 0.0836541 0.0889063 0.0764512 0.0980921 0.1437510 0.0729220 0.0733846 0.1536359 0.0947959 0.0979259 0.1289046 0.1374728 0.0954956 0.1373990 0.0757092 0.0619263 0.1003919 0.1374954 0.0980463 0.1432876 0.1015596 0.0977548 0.0337694 0.0508442 0.1564946 0.0573620 0.0746088 0.2974533 0.0871247 0.0633347 0.1101433 0.0692971 
S0355         0.3450106 0.1385489 0.1317882 0.1696270 0.1430951 0.1512432 0.0346769 0.1516757 0.1625771 0.1456430 0.1688170 0.1811183 0.0307418 0.0699966 0.1824539 0.0352018 0.1672125 0.1662847 0.1751714 0.0000000 0.1304484 0.1608487 0.1604122 0.1614937 0.1559336 0.1496176 0.1596673 0.0398861 0.1674823 0.1971279 0.1773071 0.1526004 0.1504595 0.1648765 0.1787804 0.1723541 0.1807181 0.1771287 0.1511739 0.1480608 0.0313565 0.2835989 0.1798866 0.0540451 0.1698001 0.1571169 0.1824266 0.1514391 0.1579670 0.1593006 0.1534818 0.1846239 0.1588087 0.1841811 0.1315429 0.1739414 0.1641287 0.1392649 0.1803459 0.0618784 0.1921564 0.1824053 0.1818324 0.1991686 0.1476984 0.1352153 0.2670825 0.1861992 0.1579370 0.1223498 0.1829141 0.1737608 0.2810644 0.1533858 0.2537099 0.1528714 0.1917357 0.1653973 0.1418795 0.1629243 0.1793213 0.2648094 0.1523281 0.1565417 0.1602744 0.1620567 0.1781921 0.1752127 0.0337313 0.1874959 0.1718662 0.1182242 0.0340276 0.0455600 0.1538089 0.1292970 0.1692404 0.1636061 0.1548959 0.1337539 0.1525428 0.1689580 0.1618670 0.1777614 0.1789768 0.1608043 0.1927590 0.1408881 0.1622206 0.1324665 0.1780203 0.1499380 0.1336662 0.1755407 0.1523572 0.1539465 0.1748493 0.1480586 0.1980350 0.1561905 0.1762651 0.1674631 0.1630117 0.2146380 0.1537622 0.1415543 0.2966870 0.1456169 0.1629228 0.1576691 0.1465286 
S0376         0.2589265 0.0712487 0.0682223 0.1093459 0.0859101 0.0586256 0.1236214 0.1046870 0.0814496 0.0695096 0.1065145 0.1161659 0.1278476 0.1184545 0.1089886 0.1376767 0.0893871 0.0813355 0.1052547 0.1304484 0.0000000 0.0733348 0.0687983 0.0814207 0.0888620 0.0627075 0.0545039 0.1306566 0.0886822 0.1131729 0.0805950 0.1403933 0.0747323 0.0648760 0.1021065 0.0976172 0.1136450 0.0642117 0.0693111 0.0621144 0.1206907 0.1863547 0.0848348 0.1640629 0.0652209 0.0692749 0.1020632 0.0640027 0.0680264 0.0705936 0.0657847 0.1117565 0.0678701 0.1109776 0.1365801 0.0990696 0.0940976 0.0548327 0.1112695 0.1105745 0.1077033 0.0991514 0.1094876 0.1125511 0.0886734 0.1021582 0.1740577 0.0822671 0.1459531 0.1477997 0.1096283 0.1037029 0.1710409 0.0634658 0.1643838 0.0982670 0.0998977 0.0860598 0.1331289 0.0789642 0.1130017 0.1647389 0.0601192 0.0755049 0.0800483 0.1001019 0.1007037 0.1005551 0.1169646 0.1068771 0.1087768 0.1158577 0.1226421 0.1335894 0.0695547 0.1286633 0.1010031 0.0826019 0.0583236 0.0478843 0.0728068 0.0920319 0.0673486 0.1108754 0.0914850 0.0843366 0.1150616 0.0680260 0.0733625 0.0967331 0.1007860 0.0560574 0.1023910 0.0966455 0.0801988 0.0644469 0.0997271 0.0596110 0.1197422 0.0629598 0.0708954 0.0933008 0.0820116 0.1169117 0.0798307 0.0566979 0.2586235 0.0709557 0.0836532 0.0435305 0.0544441 
S0400         0.3024237 0.0663571 0.0637145 0.1274948 0.1075083 0.0166686 0.1517204 0.1203635 0.1003653 0.0287828 0.0961223 0.1462478 0.1155055 0.1543202 0.1316075 0.1727236 0.1026942 0.1014949 0.1072639 0.1608487 0.0733348 0.0000000 0.0256613 0.0736094 0.1026743 0.0780386 0.0755730 0.1561900 0.1113345 0.1259911 0.0860317 0.1644835 0.0405919 0.0296367 0.1204614 0.1146586 0.1343412 0.0610312 0.0205577 0.0866595 0.1674373 0.2606510 0.0719583 0.1991430 0.0867619 0.0313051 0.1174894 0.0779563 0.0234224 0.0830449 0.0805888 0.1254098 0.0957661 0.1275218 0.1556974 0.1239764 0.1116727 0.0708790 0.1438603 0.1402363 0.1216553 0.1117397 0.1160907 0.1227280 0.0722385 0.1220977 0.2242610 0.0892029 0.1733865 0.1393589 0.1239227 0.1135203 0.2436060 0.0752121 0.2279173 0.1010989 0.1203736 0.0986754 0.1593458 0.0694863 0.1248620 0.2315794 0.0205217 0.0595759 0.0814931 0.1123186 0.1268698 0.1236257 0.1500800 0.1278056 0.1338002 0.1317039 0.1532960 0.1724946 0.0283700 0.1448908 0.1038995 0.0966846 0.0234744 0.0190268 0.0701442 0.0967384 0.0571590 0.1322151 0.1097738 0.1025114 0.1431841 0.0455253 0.0881194 0.1220523 0.1325999 0.0158909 0.1190741 0.0977675 0.0909583 0.0292619 0.1309284 0.0374274 0.1302991 0.0557380 0.0570725 0.1020646 0.0935203 0.1669569 0.0898667 0.0718774 0.3063899 0.0734516 0.0934703 0.0871356 0.0690894 
S0405         0.2961015 0.0610696 0.0588889 0.1285206 0.1002673 0.0167688 0.1492063 0.1160449 0.0971033 0.0271239 0.0929188 0.1457428 0.1212623 0.1540210 0.1310935 0.1715584 0.0958440 0.0982276 0.1039738 0.1604122 0.0687983 0.0256613 0.0000000 0.0703566 0.1010280 0.0726211 0.0747490 0.1536329 0.1075293 0.1267632 0.0792996 0.1648487 0.0376432 0.0197364 0.1161806 0.1130335 0.1313904 0.0581290 0.0195598 0.0810699 0.1656917 0.2569900 0.0699218 0.1951640 0.0799254 0.0264656 0.1181563 0.0725446 0.0236132 0.0786799 0.0762833 0.1230178 0.0901240 0.1219584 0.1580476 0.1184118 0.1062718 0.0688712 0.1331735 0.1339870 0.1197628 0.1119854 0.1167969 0.1195414 0.0657168 0.1213465 0.2215761 0.0871237 0.1810394 0.1401824 0.1216025 0.1108934 0.2436590 0.0720736 0.2278003 0.0902710 0.1196981 0.0941098 0.1665801 0.0665917 0.1199955 0.2376580 0.0187177 0.0586431 0.0771432 0.1067851 0.1226149 0.1196051 0.1497124 0.1223813 0.1296038 0.1314465 0.1515045 0.1677999 0.0166800 0.1478497 0.1043044 0.0960538 0.0206660 0.0131892 0.0635835 0.0956297 0.0508861 0.1279427 0.1102768 0.1004902 0.1427338 0.0458455 0.0849283 0.1186850 0.1282854 0.0179013 0.1170444 0.0945538 0.0865493 0.0244490 0.1292916 0.0335126 0.1273989 0.0516427 0.0518751 0.0999787 0.0914463 0.1595772 0.0853246 0.0676249 0.3163817 0.0680756 0.0890393 0.0803601 0.0670722 
S0412sl       0.3033726 0.0672200 0.0787186 0.1258156 0.1066288 0.0648552 0.1686015 0.1157644 0.1070727 0.0838167 0.1150238 0.1442597 0.1283976 0.1704276 0.1262326 0.1801694 0.1054830 0.1032993 0.1193786 0.1614937 0.0814207 0.0736094 0.0703566 0.0000000 0.0959380 0.0810996 0.0851634 0.1735080 0.1094465 0.1163267 0.0744894 0.1726755 0.0770219 0.0746133 0.1131458 0.1149420 0.1369758 0.0757341 0.0763521 0.0817148 0.1712404 0.2262930 0.0626671 0.2063672 0.0872026 0.0714458 0.1145567 0.0810135 0.0743662 0.0849570 0.0813467 0.1279227 0.0869600 0.1220069 0.1681566 0.1300706 0.1040827 0.0759875 0.1379226 0.1374662 0.1128104 0.1147929 0.1107612 0.1135433 0.0921049 0.1259852 0.2050689 0.0898191 0.1877788 0.1484737 0.1296312 0.1167941 0.2178511 0.0819632 0.2007031 0.0971230 0.1208228 0.0971435 0.1690508 0.0680596 0.1253830 0.2091240 0.0660637 0.0680732 0.0836253 0.1037788 0.1313604 0.1295622 0.1609090 0.1209492 0.1262869 0.1433551 0.1648498 0.1886923 0.0740663 0.1569824 0.1128098 0.1062068 0.0645893 0.0555592 0.0711272 0.1135585 0.0585702 0.1200880 0.1194219 0.1091574 0.1327079 0.0593149 0.0901296 0.1232840 0.1281426 0.0630992 0.1189513 0.1093257 0.0841298 0.0679229 0.1294362 0.0642049 0.1295365 0.0744498 0.0713889 0.1040603 0.0948959 0.1591137 0.0954438 0.0736191 0.2969574 0.0850158 0.0917010 0.0899940 0.0777181 
S0417         0.3023262 0.0892268 0.0738120 0.0397472 0.0909326 0.0946737 0.1605296 0.0300348 0.0877619 0.0914158 0.1244074 0.0566858 0.1142229 0.1546540 0.0486892 0.1614998 0.0368815 0.0954030 0.1172455 0.1559336 0.0888620 0.1026743 0.1010280 0.0959380 0.0000000 0.0827808 0.1092163 0.1603710 0.0401229 0.1120609 0.1097242 0.1764847 0.1061087 0.1071464 0.0378219 0.0627155 0.0941346 0.0877953 0.1004662 0.0802596 0.1681552 0.2300525 0.1046391 0.1939686 0.0809362 0.0976918 0.1078112 0.0826923 0.1018754 0.0866305 0.0841113 0.1166784 0.0797467 0.0719199 0.1603203 0.0851850 0.0527954 0.0693487 0.0554893 0.1336791 0.1124881 0.1043191 0.1044568 0.1136731 0.1129347 0.1230851 0.1978633 0.1036594 0.1674836 0.1421831 0.1222770 0.1025727 0.2223735 0.0836568 0.2035321 0.0717122 0.1090896 0.0896035 0.1569516 0.0969677 0.1010188 0.2100107 0.0948589 0.0941786 0.0806309 0.0256125 0.0851374 0.0920355 0.1490120 0.0710390 0.0484730 0.1395040 0.1510496 0.1769993 0.1021902 0.1570920 0.1076093 0.0904989 0.0957368 0.0879692 0.0960279 0.0992068 0.0817172 0.0652805 0.1014467 0.0926392 0.0569977 0.0848372 0.0903073 0.1204298 0.0950601 0.0970975 0.1171059 0.0954537 0.0887568 0.0950397 0.0431745 0.0936692 0.0832926 0.0948081 0.0928755 0.0921149 0.0923247 0.1167616 0.0801145 0.0701460 0.2978978 0.0773127 0.0915570 0.1038910 0.0683436 
S0419         0.2746527 0.0635804 0.0069341 0.1083539 0.0705686 0.0671418 0.1450052 0.0995904 0.0732755 0.0632251 0.1047428 0.1197506 0.1204133 0.1346656 0.1077252 0.1573587 0.0876159 0.0767994 0.0899346 0.1496176 0.0627075 0.0780386 0.0726211 0.0810996 0.0827808 0.0000000 0.0762093 0.1483112 0.0899144 0.1082513 0.0902374 0.1345371 0.0771123 0.0782839 0.1034022 0.0999571 0.1079775 0.0654136 0.0698694 0.0419818 0.1523783 0.2215263 0.0841289 0.1865575 0.0765537 0.0737345 0.1051958 0.0026923 0.0777377 0.0072606 0.0054258 0.1096040 0.0491502 0.1034237 0.1346182 0.1012034 0.0887037 0.0566537 0.1178639 0.1169087 0.1043108 0.0936935 0.1000793 0.1047587 0.0872168 0.0755745 0.1972918 0.0792514 0.1509671 0.1244437 0.1103519 0.0998387 0.2109847 0.0027195 0.1943744 0.0781959 0.1001495 0.0770364 0.1449000 0.0797774 0.0954956 0.1972483 0.0695089 0.0740501 0.0566328 0.0883702 0.0999787 0.0995526 0.1338839 0.0993069 0.1031488 0.1068104 0.1420791 0.1606995 0.0726002 0.1373018 0.0898247 0.0749581 0.0702728 0.0627784 0.0684664 0.0826081 0.0613371 0.1031619 0.0806957 0.0813209 0.1203269 0.0652285 0.0119278 0.0732677 0.1060937 0.0653382 0.0834966 0.0816446 0.0711316 0.0713178 0.1076701 0.0653444 0.1136066 0.0682627 0.0658555 0.0783325 0.0724624 0.1268729 0.0693825 0.0544204 0.3048764 0.0449353 0.0723023 0.0838167 0.0546298 
S0427         0.2903946 0.0753880 0.0624702 0.1254347 0.1023689 0.0658569 0.1487819 0.1216882 0.1051586 0.0705489 0.1008635 0.1437666 0.1546370 0.1602294 0.1230164 0.1690075 0.1114626 0.1025035 0.1022179 0.1596673 0.0545039 0.0755730 0.0747490 0.0851634 0.1092163 0.0762093 0.0000000 0.1521596 0.1072011 0.1229139 0.0895492 0.1590213 0.0831654 0.0757795 0.1237091 0.1191586 0.1357152 0.0785396 0.0772858 0.0833112 0.1548471 0.2355235 0.0723415 0.1924223 0.0863333 0.0735021 0.1118192 0.0758902 0.0763890 0.0819997 0.0796161 0.1248709 0.0827898 0.1260141 0.1607076 0.1308311 0.1106033 0.0761928 0.1436589 0.1410265 0.1149056 0.1068949 0.1134373 0.1183563 0.0889640 0.1102416 0.2154754 0.0958883 0.1635815 0.1497091 0.1248582 0.1087219 0.2253914 0.0767570 0.2074133 0.1116560 0.1194167 0.0977782 0.1685357 0.0749976 0.1200985 0.2121478 0.0693536 0.0702157 0.0800839 0.1120856 0.1294709 0.1251651 0.1512452 0.1202191 0.1302234 0.1248140 0.1410788 0.1626284 0.0749891 0.1540000 0.1044205 0.0979906 0.0713495 0.0627793 0.0720969 0.1039984 0.0609757 0.1297147 0.1119053 0.1085108 0.1312925 0.0603887 0.0870654 0.1076839 0.1310857 0.0665834 0.1108339 0.1037077 0.0948504 0.0700094 0.1287961 0.0641357 0.1331431 0.0678441 0.0745342 0.1014336 0.0993787 0.1587927 0.0956376 0.0749206 0.3094521 0.0794347 0.0985877 0.0500316 0.0764924 
S0430         0.3612906 0.1413829 0.1282985 0.1757563 0.1456042 0.1459560 0.0052652 0.1499255 0.1593027 0.1400308 0.1627616 0.1874337 0.0443386 0.0775881 0.1795874 0.0591854 0.1642691 0.1693954 0.1766697 0.0398861 0.1306566 0.1561900 0.1536329 0.1735080 0.1603710 0.1483112 0.1521596 0.0000000 0.1748020 0.1950651 0.1682781 0.1525291 0.1437118 0.1580418 0.1768562 0.1769969 0.1854923 0.1722102 0.1484434 0.1481693 0.0344525 0.2960670 0.1795801 0.0570437 0.1657300 0.1594938 0.1871044 0.1501269 0.1506495 0.1579704 0.1521619 0.1864024 0.1617823 0.1889255 0.1344895 0.1805381 0.1672587 0.1408202 0.1754750 0.0673689 0.1884430 0.1818849 0.1801698 0.1969516 0.1488883 0.1382523 0.2810867 0.1934246 0.1683927 0.1157593 0.1822687 0.1684064 0.2904998 0.1520565 0.2697472 0.1518010 0.1936751 0.1699852 0.1481769 0.1639977 0.1794639 0.2831784 0.1484730 0.1526625 0.1582834 0.1643368 0.1813584 0.1799075 0.0304500 0.1939667 0.1678635 0.1229721 0.0110935 0.0129264 0.1471879 0.1340411 0.1717704 0.1618592 0.1506827 0.1310936 0.1515182 0.1678421 0.1544592 0.1859683 0.1776273 0.1591349 0.1837097 0.1371127 0.1629843 0.1382017 0.1858599 0.1474711 0.1427460 0.1663785 0.1559897 0.1562882 0.1766525 0.1429274 0.2015117 0.1446737 0.1672459 0.1715774 0.1612852 0.2182611 0.1504968 0.1445283 0.3061081 0.1452085 0.1625136 0.1570532 0.1453821 
S0478         0.2936691 0.0980853 0.0812866 0.0620469 0.1026727 0.1023620 0.1710740 0.0553212 0.0965773 0.1075674 0.1403836 0.0779730 0.1253153 0.1721314 0.0688894 0.1785463 0.0465700 0.1015298 0.1240155 0.1674823 0.0886822 0.1113345 0.1075293 0.1094465 0.0401229 0.0899144 0.1072011 0.1748020 0.0000000 0.1163614 0.1134518 0.1808914 0.1155110 0.1164076 0.0654284 0.0614108 0.1017328 0.0965702 0.1046591 0.0923801 0.1859363 0.2289820 0.1146206 0.1989774 0.0919774 0.1082899 0.1132959 0.0909577 0.1083990 0.0938121 0.0949202 0.1212169 0.0892739 0.0774059 0.1578372 0.0937659 0.0627379 0.0823013 0.0933088 0.1501035 0.1099679 0.1108033 0.1114292 0.1153566 0.1221986 0.1376898 0.2068233 0.1121678 0.1666477 0.1457612 0.1260935 0.1091355 0.2191908 0.0920284 0.2035064 0.0840068 0.1180359 0.0901302 0.1638383 0.1124762 0.1079173 0.2082995 0.1037523 0.1054850 0.0830808 0.0466795 0.0949873 0.0969081 0.1723516 0.0707236 0.0710447 0.1501139 0.1684357 0.1860450 0.1124455 0.1614885 0.1110841 0.0991100 0.1058624 0.0943442 0.1047981 0.1066395 0.0903955 0.0700374 0.1096047 0.1052447 0.0842159 0.0959102 0.0999349 0.1349500 0.1064994 0.1048640 0.1316991 0.1039854 0.0974900 0.1067341 0.0654984 0.1036412 0.0828051 0.1036849 0.0994874 0.0942365 0.0956900 0.1274495 0.0849295 0.0818572 0.3017065 0.0827133 0.1003914 0.1034815 0.0789528 
S0552sl       0.2861965 0.1141029 0.0986468 0.1428280 0.1315721 0.1159995 0.1866461 0.1372669 0.0845191 0.1167886 0.1483288 0.1565128 0.1427350 0.1889129 0.1384680 0.2022079 0.1220305 0.0673944 0.0918182 0.1971279 0.1131729 0.1259911 0.1267632 0.1163267 0.1120609 0.1082513 0.1229139 0.1950651 0.1163614 0.0000000 0.1343853 0.1995962 0.1304517 0.1321745 0.1348840 0.1235542 0.1346437 0.1189095 0.1240521 0.1141468 0.2020117 0.2444020 0.1149196 0.2284934 0.1063352 0.1261010 0.0256903 0.1064621 0.1211660 0.1132947 0.1081390 0.0548275 0.1183166 0.1399867 0.1831381 0.1292299 0.1194812 0.0911678 0.1509078 0.1619713 0.0245532 0.0473924 0.0168234 0.0326720 0.1385694 0.1578390 0.2306253 0.1218105 0.2071537 0.1675566 0.0685339 0.0549477 0.2365594 0.1077467 0.2140416 0.1090157 0.0539714 0.0728038 0.1866412 0.1238617 0.0830519 0.2226631 0.1214364 0.1182238 0.0920117 0.1287323 0.1318541 0.1411913 0.1850284 0.1307084 0.1497814 0.1569007 0.1846590 0.2086216 0.1292836 0.1828263 0.0915882 0.0800055 0.1235943 0.1070572 0.1148070 0.0775357 0.1047945 0.1312695 0.0824644 0.0904960 0.1482512 0.1099456 0.1143134 0.1516069 0.1362033 0.1172988 0.1525274 0.0760384 0.0724192 0.1179249 0.1425558 0.1147387 0.1468986 0.1192859 0.1144971 0.0786324 0.0630656 0.1615885 0.0545848 0.0883027 0.3179709 0.1027466 0.0679726 0.1243301 0.0841815 
