123
PAFTOL_019361 0.0000000 0.2966755 0.2834079 0.3384125 0.2882966 0.4047402 0.4368530 0.2372058 0.3036067 0.3189576 0.5296720 0.4135522 0.3784637 0.4114081 0.4190592 0.2694159 0.2806929 0.4196485 0.2683898 0.2976307 0.2963942 0.2797813 0.4145234 0.2810345 0.2779302 0.4204856 0.4021518 0.2667291 0.2885173 0.3780418 0.4027014 0.4558399 0.2976299 0.2930054 0.4814530 0.4144405 0.2708619 0.3053072 0.2761327 0.3865830 0.3228979 0.2634592 0.4148254 0.2878695 0.2692686 0.2748262 0.2929177 0.2839031 0.2748827 0.2806345 0.2782620 0.3872126 0.4667843 0.2689020 0.4625880 0.3754462 0.2672702 0.2613092 0.2591716 0.2580449 0.3248339 0.3503184 0.3140037 0.2548592 0.3673876 0.3520668 0.2615731 0.2490704 0.2996437 0.2851177 0.2964056 0.2676007 0.2761894 0.3407555 0.2813626 0.2442873 0.2945241 0.2924741 0.3053620 0.2739167 0.4230618 0.4740051 0.4078726 0.3448959 0.4341789 0.4268434 0.3038124 0.3983332 0.3027516 0.2407135 0.2966385 0.2676683 0.2788525 0.2685191 0.2928282 0.2497934 0.2484299 0.4848172 0.2905624 0.2906609 0.3673541 0.3373677 0.4812394 0.2784739 0.3481259 0.2375945 0.2576387 0.2967945 0.4463240 0.2741326 0.5469799 0.2824657 0.2444635 0.2885960 0.2973950 0.4866385 0.2658858 0.2698724 0.3349488 0.2785152 0.2720971 0.2677493 0.2759871 
S0055         0.2966755 0.0000000 0.0859429 0.1452442 0.0461320 0.1706673 0.2705135 0.0877283 0.0577077 0.0604231 0.2900799 0.1863226 0.1781932 0.2640628 0.1700252 0.1060632 0.0983593 0.1749322 0.0615915 0.0468712 0.0508660 0.0514083 0.2376012 0.0788194 0.0629585 0.2714653 0.1674542 0.0844953 0.0688482 0.1663925 0.1690532 0.2786822 0.0504838 0.0503764 0.2962636 0.2422292 0.0645728 0.0458642 0.0865154 0.1589681 0.1911701 0.0585555 0.1712107 0.0516453 0.0839102 0.0761787 0.0510150 0.0766248 0.0763504 0.0862658 0.0934327 0.1908492 0.2673288 0.0886415 0.2644162 0.1319141 0.0905059 0.0831640 0.0964566 0.0973029 0.1048682 0.1307255 0.1635037 0.0887282 0.1641925 0.1282393 0.1031373 0.0988607 0.1762508 0.0837557 0.1798333 0.1047353 0.0834481 0.1370034 0.0595859 0.0993333 0.1715734 0.0468501 0.0675374 0.0796005 0.2579650 0.3033798 0.1636186 0.1459834 0.1789436 0.1747706 0.0526715 0.1808535 0.1042891 0.0854489 0.0490265 0.0394072 0.0259600 0.1066635 0.0532830 0.0923046 0.0923747 0.2817387 0.0615872 0.0867806 0.2347286 0.1230528 0.2697652 0.0413890 0.1429767 0.0986288 0.0810981 0.0565951 0.2757286 0.0503039 0.3008199 0.0518517 0.0551551 0.0885053 0.1071222 0.2685875 0.0782062 0.0875184 0.1600402 0.0863194 0.0907199 0.0544218 0.0846690 
S0196sl       0.2834079 0.0859429 0.0000000 0.1131764 0.0824420 0.1638003 0.2701207 0.0801813 0.0861451 0.1108239 0.2917122 0.1946804 0.1859103 0.2539363 0.1754233 0.0926761 0.1044987 0.1789191 0.0929606 0.0834225 0.0883017 0.0900445 0.2404400 0.0149175 0.0939000 0.2185658 0.1705580 0.0873784 0.0994067 0.1731970 0.1779986 0.2761498 0.0920092 0.0822049 0.2878084 0.2663246 0.0873386 0.0818861 0.0481685 0.1655855 0.1815049 0.0971889 0.1776165 0.0862620 0.0805616 0.0137554 0.0849972 0.0149192 0.0137847 0.0943928 0.0544846 0.1938011 0.2829812 0.0779778 0.2482007 0.1430505 0.0874116 0.0892968 0.0845621 0.0798838 0.1233249 0.1151694 0.1605283 0.0901802 0.1676201 0.1417812 0.1104536 0.1004244 0.1765070 0.0181018 0.1784136 0.1109163 0.0852256 0.1479711 0.0960897 0.0968591 0.1666025 0.0804759 0.1011010 0.0733505 0.2500645 0.2835788 0.1709230 0.1489842 0.1888190 0.1805285 0.0858296 0.1933338 0.1079673 0.0740281 0.0817089 0.0739934 0.0829926 0.1152031 0.0893054 0.0910732 0.0851143 0.2543132 0.0951533 0.0226932 0.2819078 0.1101630 0.2551347 0.0716426 0.1229364 0.0895011 0.0793797 0.0923548 0.2840546 0.0829506 0.3080139 0.0926823 0.0765955 0.0936889 0.0962514 0.2554817 0.0833926 0.0807551 0.1563241 0.0620639 0.0906864 0.0860452 0.0750728 
S0281         0.3384125 0.1452442 0.1131764 0.0000000 0.1382214 0.1571478 0.2095045 0.1253467 0.1364718 0.1666938 0.3139604 0.1759735 0.1570967 0.2334992 0.1641860 0.1414596 0.1296711 0.1752375 0.1500370 0.1369374 0.1401486 0.1451792 0.2016077 0.1073942 0.1378003 0.1942823 0.1574257 0.1451281 0.1540656 0.1836937 0.1670986 0.2414180 0.1412259 0.1372326 0.2562769 0.1625049 0.1485472 0.1359375 0.1006935 0.1612734 0.2150360 0.1497148 0.1648058 0.1394591 0.1416846 0.1124003 0.1429889 0.1103799 0.1039730 0.1405277 0.1109119 0.1929397 0.2189859 0.1363646 0.2279414 0.1331011 0.1411683 0.1293633 0.1480843 0.1448390 0.1453134 0.1211202 0.2103751 0.1529136 0.1608806 0.1404190 0.1361105 0.1335388 0.2045863 0.1126242 0.2111110 0.1440336 0.1417252 0.1491356 0.1399248 0.1388641 0.2163194 0.1368399 0.1440591 0.1445256 0.2034987 0.2028120 0.1644218 0.1650660 0.1756869 0.1679888 0.1481611 0.1726772 0.1413806 0.1247422 0.1394537 0.1237307 0.1447838 0.1458883 0.1284686 0.1405778 0.1267049 0.2424085 0.1478502 0.1158478 0.2131004 0.1088139 0.1970078 0.1273977 0.1309137 0.1308319 0.1308074 0.1458417 0.2518009 0.1343372 0.2050936 0.1390032 0.1387836 0.1314819 0.1303595 0.2071356 0.1378268 0.1382377 0.1736208 0.1157460 0.1418263 0.1357592 0.1319751 
S0282         0.2882966 0.0461320 0.0824420 0.1382214 0.0000000 0.1698829 0.2680713 0.0867060 0.0294464 0.0652581 0.2987173 0.1914037 0.1702505 0.2365171 0.1745813 0.1118796 0.1053370 0.1779533 0.0698926 0.0152289 0.0239684 0.0681144 0.2358903 0.0695995 0.0662711 0.2344312 0.1674911 0.0942161 0.0852662 0.1665243 0.1720172 0.2493962 0.0339254 0.0215957 0.2960307 0.2152780 0.0681896 0.0163005 0.0859406 0.1641184 0.1926091 0.0758910 0.1727720 0.0425963 0.0910003 0.0691437 0.0197533 0.0720716 0.0692957 0.0949100 0.0913886 0.1810510 0.2811879 0.0932813 0.2516222 0.1405813 0.0951223 0.0877851 0.0987651 0.1006991 0.1112451 0.1221752 0.1691905 0.0898575 0.1601576 0.1359141 0.1042519 0.0967890 0.1845917 0.0766148 0.1817015 0.1097021 0.0858269 0.1413446 0.0625917 0.0987692 0.1764431 0.0173683 0.0467968 0.0808396 0.2553157 0.2756047 0.1684714 0.1442332 0.1815925 0.1832944 0.0259347 0.1817620 0.1131019 0.0861361 0.0194332 0.0187608 0.0468236 0.1088259 0.0550188 0.0925009 0.0925711 0.2701765 0.0433445 0.0820288 0.2122286 0.1155677 0.2594366 0.0111475 0.1302051 0.0973158 0.0821913 0.0428150 0.2674769 0.0392375 0.3015325 0.0403200 0.0595575 0.0960773 0.1124175 0.2636928 0.0837692 0.0921456 0.1646230 0.0867140 0.0944379 0.0592215 0.0892333 
S0288         0.4047402 0.1706673 0.1638003 0.1571478 0.1698829 0.0000000 0.2787996 0.1883101 0.1652980 0.2041570 0.2476862 0.0103083 0.0937721 0.3075797 0.0053582 0.1925448 0.1810011 0.0096552 0.1756581 0.1661922 0.1637749 0.1759677 0.2623911 0.1656684 0.1596456 0.2721872 0.0065103 0.1829508 0.2007345 0.1064576 0.0053949 0.3189523 0.1764626 0.1687562 0.3328317 0.2817031 0.1884727 0.1643780 0.1595136 0.0055700 0.2986638 0.1959846 0.0085696 0.1688444 0.1778061 0.1651230 0.1726739 0.1662312 0.1652529 0.1756079 0.1702615 0.1075668 0.2723477 0.2013632 0.3427189 0.0676561 0.1813346 0.1656777 0.1861777 0.1799090 0.1797511 0.1313483 0.2567250 0.1965768 0.0943997 0.0890349 0.1781407 0.1823973 0.2568075 0.1749587 0.2540921 0.1881084 0.1923011 0.0847637 0.1605861 0.2052056 0.2646752 0.1629110 0.1655588 0.1934439 0.3040047 0.2884206 0.0044712 0.1057088 0.0107983 0.0064121 0.1629146 0.0969269 0.1868300 0.1786385 0.1641059 0.1537482 0.1799652 0.2067395 0.1558731 0.1971748 0.1924087 0.2732501 0.1784865 0.1766626 0.3090142 0.1277771 0.2590891 0.1590892 0.1299011 0.1938360 0.1860392 0.1662743 0.3089563 0.1608068 0.2650515 0.1663724 0.1753650 0.1785289 0.1877828 0.2705369 0.1934459 0.2057431 0.2554436 0.1804158 0.2005007 0.1651446 0.1994223 
S0289         0.4368530 0.2705135 0.2701207 0.2095045 0.2680713 0.2787996 0.0000000 0.2562600 0.2758528 0.2677716 0.1317304 0.3000728 0.2600683 0.0388474 0.2893719 0.2718644 0.2722690 0.3043917 0.2522248 0.2690042 0.2684391 0.2675513 0.0564217 0.2563043 0.2391324 0.0559509 0.2811015 0.2631648 0.2678937 0.3008638 0.2947068 0.0358291 0.2713023 0.2656253 0.0722370 0.0810369 0.2750199 0.2719182 0.2400394 0.2758250 0.3267019 0.2727136 0.2906278 0.2649949 0.2574915 0.2463670 0.2539705 0.2538966 0.2501706 0.2646332 0.2531034 0.3072240 0.1292423 0.2600093 0.0584900 0.2784091 0.2547715 0.2575261 0.2657222 0.2660216 0.2670698 0.2594357 0.3208373 0.2357890 0.2766850 0.2303502 0.2391377 0.2381826 0.2884992 0.2583535 0.2940178 0.2628262 0.2671705 0.2538543 0.2761506 0.2540710 0.2932079 0.2599723 0.2598219 0.2691871 0.0564894 0.0827785 0.2751317 0.2852549 0.3038549 0.3001315 0.2775902 0.2853619 0.2849609 0.2537172 0.2583640 0.2388220 0.2537050 0.2851413 0.2632310 0.2752032 0.2583508 0.0691356 0.2626980 0.2754436 0.0667899 0.2509679 0.1020143 0.2570007 0.2600592 0.2696166 0.2603873 0.2741710 0.0624377 0.2460446 0.1186490 0.2640664 0.2577548 0.2646763 0.2805385 0.1011018 0.2621745 0.2602904 0.2298981 0.2635041 0.2691727 0.2416031 0.2607441 
S0292         0.2372058 0.0877283 0.0801813 0.1253467 0.0867060 0.1883101 0.2562600 0.0000000 0.0967377 0.1107075 0.3537690 0.2126679 0.1967712 0.2812768 0.1958360 0.0748472 0.0964332 0.2010249 0.0990458 0.0844323 0.0891430 0.0905164 0.2367024 0.0767823 0.0971367 0.2573835 0.1907153 0.0816285 0.1003792 0.1961198 0.1938451 0.2700678 0.0929483 0.0845501 0.3026458 0.2252252 0.0864119 0.0846312 0.0880428 0.1863011 0.1759570 0.0983356 0.1927288 0.0886997 0.0772352 0.0761870 0.0900786 0.0767220 0.0739356 0.0788656 0.0922624 0.2012037 0.3024308 0.0732053 0.2613637 0.1638018 0.0764320 0.0805851 0.0805188 0.0791442 0.1444492 0.1547938 0.1739434 0.0838022 0.1782940 0.1522617 0.0904181 0.0916044 0.1763056 0.0813154 0.1742516 0.1036254 0.0812489 0.1596937 0.1004976 0.0363867 0.1715847 0.0827647 0.0986068 0.0640495 0.2425598 0.2902102 0.1937040 0.1853632 0.2032911 0.2044926 0.0923761 0.2085376 0.1031648 0.0079200 0.0850685 0.0782476 0.0897963 0.0445362 0.0903805 0.0159230 0.0128490 0.2852852 0.0908945 0.0831517 0.2447129 0.1450073 0.2704020 0.0799294 0.1607800 0.0340400 0.0682759 0.0918448 0.2724025 0.0838892 0.3079152 0.0836884 0.0767374 0.0905267 0.0895576 0.2692094 0.0768258 0.0746121 0.1484866 0.0709986 0.0749442 0.0912473 0.0696484 
S0293         0.3036067 0.0577077 0.0861451 0.1364718 0.0294464 0.1652980 0.2758528 0.0967377 0.0000000 0.0777361 0.2946891 0.1756697 0.1679912 0.2667360 0.1623596 0.1213472 0.1145167 0.1611223 0.0807237 0.0267529 0.0332297 0.0750573 0.2494456 0.0779189 0.0824517 0.2393369 0.1608089 0.0993715 0.0960978 0.1558744 0.1560491 0.2743013 0.0471781 0.0292047 0.3033522 0.2305340 0.0786993 0.0254768 0.0858981 0.1524120 0.1909004 0.0874178 0.1559350 0.0575249 0.1007294 0.0759098 0.0346593 0.0778583 0.0759239 0.1068167 0.0919688 0.1788020 0.2791098 0.1062278 0.2656079 0.1385827 0.1037964 0.1016404 0.1024848 0.1085121 0.1186520 0.1202675 0.1698247 0.1026739 0.1502911 0.1224518 0.1196079 0.1096917 0.1816976 0.0831071 0.1809480 0.1251335 0.0928849 0.1258481 0.0797080 0.1121959 0.1800598 0.0292876 0.0593831 0.0830462 0.2677385 0.2850561 0.1588477 0.1377366 0.1672960 0.1654762 0.0380042 0.1804654 0.1129042 0.0947779 0.0304138 0.0284906 0.0640332 0.1189266 0.0659394 0.1002806 0.1019070 0.2776422 0.0542421 0.0861439 0.2366393 0.1150575 0.2613851 0.0244819 0.1281722 0.1103298 0.0859820 0.0506942 0.2937613 0.0535274 0.3017111 0.0506497 0.0671350 0.1113107 0.1209123 0.2696913 0.0919845 0.1049432 0.1903638 0.0890733 0.0966987 0.0710846 0.1034138 
S0294         0.3189576 0.0604231 0.1108239 0.1666938 0.0652581 0.2041570 0.2677716 0.1107075 0.0777361 0.0000000 0.3280245 0.2209413 0.1992451 0.2604487 0.2081447 0.1217068 0.1233403 0.2115710 0.0817808 0.0632769 0.0639414 0.0701663 0.2387205 0.0988720 0.0792320 0.2684164 0.2022178 0.1148723 0.0906184 0.1981046 0.1934500 0.2774590 0.0710327 0.0670359 0.3028033 0.2687638 0.0797089 0.0646339 0.1165530 0.1932748 0.2097837 0.0764775 0.2009517 0.0681774 0.1099133 0.0972902 0.0679712 0.1006487 0.0961638 0.1178599 0.1212995 0.2201521 0.2567461 0.1048628 0.2713430 0.1637942 0.1184795 0.1087342 0.1212695 0.1245047 0.0976426 0.1584799 0.1858024 0.1041595 0.1977453 0.1510322 0.1361337 0.1335266 0.1946786 0.1054308 0.1964929 0.1323851 0.0997801 0.1767296 0.0787191 0.1249464 0.1892640 0.0584356 0.0895398 0.0954387 0.2579386 0.3035495 0.1970825 0.1737236 0.2124723 0.2114901 0.0695240 0.2135214 0.1254271 0.1083160 0.0619432 0.0555213 0.0570266 0.1324817 0.0645389 0.1135413 0.1155500 0.2858857 0.0843342 0.1075647 0.2500833 0.1532805 0.2709687 0.0563596 0.1674137 0.1197069 0.1054377 0.0718281 0.2753303 0.0692663 0.2802790 0.0745558 0.0734411 0.1123990 0.1202130 0.2707646 0.1052863 0.1051284 0.1695290 0.1041032 0.1113380 0.0690958 0.1048264 
S0299         0.5296720 0.2900799 0.2917122 0.3139604 0.2987173 0.2476862 0.1317304 0.3537690 0.2946891 0.3280245 0.0000000 0.3001529 0.3180471 0.0000010 0.2642524 0.3723182 0.3491581 0.2690376 0.3144602 0.3067963 0.3112580 0.3059031 0.0992923 0.2606417 0.3024695 0.0000010 0.2597199 0.3417012 0.3640428 0.3055133 0.2641846 0.0000010 0.2903902 0.2639773 0.0883776 0.0000010 0.3501163 0.2828079 0.2714548 0.2515016 0.5340912 0.3422705 0.2435329 0.2949282 0.3200756 0.2499174 0.2942236 0.2528816 0.2604983 0.3249892 0.2818265 0.2894635 0.3000098 0.3701832 0.0000010 0.2660321 0.2914487 0.2929177 0.3020081 0.3116079 0.4033057 0.2980448 0.5606460 0.3152149 0.2910922 0.2919493 0.2929977 0.2695447 0.4766941 0.2737472 0.4735862 0.3347522 0.3122781 0.2758970 0.3187726 0.3266201 0.4868037 0.3088108 0.3141600 0.3277018 0.1524919 0.1722922 0.2402271 0.3621422 0.2581371 0.2565762 0.2817844 0.2665153 0.3301906 0.3571146 0.3088108 0.2729928 0.4335446 0.3128085 0.3087332 0.3743663 0.3481130 0.0751500 0.3340854 0.2697440 0.0000010 0.2980448 0.1932881 0.2614823 0.3226586 0.3457878 0.2719600 0.2966862 0.1149365 0.2947741 0.1869918 0.3059031 0.3277685 0.3212918 0.2867921 0.1858237 0.3098539 0.3594160 0.4798933 0.3397259 0.3203027 0.2997882 0.3435120 
S0303         0.4135522 0.1863226 0.1946804 0.1759735 0.1914037 0.0103083 0.3000728 0.2126679 0.1756697 0.2209413 0.3001529 0.0000000 0.1072686 0.3221349 0.0088008 0.2130220 0.1901158 0.0108660 0.1813989 0.1838368 0.1810263 0.1910774 0.2877927 0.1867048 0.1661043 0.3005929 0.0100331 0.2075407 0.2114988 0.1129787 0.0076888 0.3368168 0.2021399 0.1879786 0.3663363 0.3038124 0.1984288 0.1838942 0.1821647 0.0033989 0.3245195 0.2065490 0.0119876 0.1813645 0.2054176 0.1826975 0.1903890 0.1855979 0.1844656 0.1963834 0.1876410 0.1303724 0.2876062 0.2235143 0.3668369 0.0771342 0.2064984 0.1888224 0.2106210 0.2036329 0.1943542 0.1497527 0.2854163 0.2033819 0.1094289 0.1048605 0.1983418 0.2045264 0.2828498 0.1972020 0.2729413 0.2066407 0.2073301 0.0966834 0.1821982 0.2367103 0.2858826 0.1799167 0.1926844 0.2171779 0.3170673 0.3066031 0.0068338 0.1243797 0.0154649 0.0109214 0.1787205 0.1137118 0.2034275 0.2014741 0.1795604 0.1724811 0.1865351 0.2370684 0.1735543 0.2252006 0.2158228 0.3038123 0.2028047 0.1961827 0.3122093 0.1515771 0.2842113 0.1787232 0.1501256 0.2228647 0.1964598 0.1821351 0.3392035 0.1813444 0.2946575 0.1879633 0.1911507 0.1937738 0.2064719 0.3030941 0.2201610 0.2279413 0.2791665 0.1983471 0.2120291 0.1800833 0.2182373 
S0308         0.3784637 0.1781932 0.1859103 0.1570967 0.1702505 0.0937721 0.2600683 0.1967712 0.1679912 0.1992451 0.3180471 0.1072686 0.0000000 0.2745833 0.1042956 0.2062300 0.1810179 0.1037744 0.1799415 0.1672407 0.1702610 0.1742850 0.2341248 0.1684435 0.1622855 0.2512219 0.0934449 0.2053879 0.2012931 0.1228237 0.0912587 0.2787000 0.1855038 0.1697318 0.3017672 0.2317449 0.2040828 0.1685732 0.1744050 0.0961020 0.2882752 0.1923884 0.1006132 0.1685264 0.1959386 0.1674230 0.1765768 0.1686605 0.1643386 0.1890323 0.1810584 0.1180888 0.2611589 0.2088844 0.3175566 0.0872791 0.1853057 0.1839273 0.2026834 0.1970692 0.1889098 0.1531933 0.2571825 0.1818151 0.0976646 0.0974233 0.1843474 0.1743162 0.2535728 0.1759261 0.2607035 0.2135099 0.1915193 0.0817064 0.1732332 0.2085911 0.2706373 0.1623927 0.1787924 0.1953025 0.2785085 0.2692917 0.0959890 0.1180496 0.1060176 0.1062869 0.1697186 0.1063537 0.2017459 0.1934550 0.1667984 0.1531228 0.1928653 0.2199647 0.1641495 0.2110196 0.2027735 0.2812101 0.1786674 0.1779956 0.2657314 0.1429729 0.2569834 0.1636364 0.1545528 0.2073178 0.1886811 0.1674242 0.3118032 0.1621791 0.2657999 0.1710833 0.1903276 0.1841590 0.2009137 0.2655648 0.2030560 0.2059181 0.2724439 0.1823164 0.2032588 0.1707985 0.1993537 
S0320         0.4114081 0.2640628 0.2539363 0.2334992 0.2365171 0.3075797 0.0388474 0.2812768 0.2667360 0.2604487 0.0000010 0.3221349 0.2745833 0.0000000 0.2886299 0.2866481 0.2500541 0.3301389 0.2598038 0.2580311 0.2509707 0.2558668 0.0392709 0.2271139 0.2110031 0.0560509 0.3098249 0.2669102 0.2272082 0.2926728 0.3094433 0.0503282 0.2542953 0.2519078 0.0459556 0.1103844 0.2411093 0.2460397 0.2207476 0.2888480 0.3198825 0.2774742 0.3001705 0.2528522 0.2707537 0.2222154 0.2120707 0.2311872 0.2209276 0.2515721 0.2355174 0.3579752 0.0631841 0.2707437 0.0362451 0.2945485 0.2611477 0.2517471 0.2800031 0.2769120 0.2350092 0.2206989 0.2597191 0.1806591 0.2871370 0.1697121 0.1962979 0.1942580 0.2275779 0.2396499 0.2352526 0.2756646 0.2543574 0.2590997 0.2325192 0.2699639 0.2297429 0.2430462 0.2647632 0.2823650 0.0599787 0.0828185 0.2752501 0.2662829 0.3070345 0.3105321 0.2621602 0.3674092 0.2688934 0.2611051 0.2382475 0.2176042 0.2444429 0.3560664 0.2357546 0.2901474 0.2718172 0.0417892 0.2433740 0.2544297 0.0963934 0.2372654 0.0840880 0.2349289 0.2232329 0.3062304 0.2727635 0.2911800 0.0503471 0.2425282 0.1109780 0.2467421 0.2419328 0.2520104 0.3324336 0.0837271 0.2666541 0.2833402 0.1906220 0.2485440 0.2748885 0.2393084 0.2642511 
S0322         0.4190592 0.1700252 0.1754233 0.1641860 0.1745813 0.0053582 0.2893719 0.1958360 0.1623596 0.2081447 0.2642524 0.0088008 0.1042956 0.2886299 0.0000000 0.1990161 0.1819092 0.0113959 0.1750601 0.1694599 0.1669044 0.1790132 0.2710285 0.1725062 0.1589942 0.2820179 0.0095166 0.1907271 0.2018027 0.1148673 0.0073221 0.3308973 0.1828591 0.1733541 0.3475674 0.2729051 0.1933402 0.1673263 0.1661455 0.0043008 0.3072354 0.1958749 0.0103723 0.1715207 0.1924734 0.1688403 0.1701596 0.1714444 0.1704639 0.1807916 0.1751341 0.1234074 0.2712636 0.2087929 0.3363469 0.0728043 0.1919776 0.1734669 0.1977354 0.1910084 0.1786000 0.1417213 0.2645042 0.1951215 0.1066036 0.0982621 0.1857335 0.1902602 0.2646885 0.1821724 0.2614340 0.1940167 0.1939700 0.0896423 0.1685865 0.2122137 0.2745646 0.1662637 0.1714626 0.1976582 0.3005768 0.2957290 0.0032243 0.1179157 0.0125196 0.0072073 0.1659678 0.1077366 0.1856768 0.1854240 0.1659554 0.1605868 0.1770666 0.2186336 0.1609959 0.2056500 0.2005893 0.2885567 0.1846916 0.1811889 0.2967973 0.1396081 0.2659362 0.1631188 0.1401693 0.2010601 0.1846088 0.1690368 0.3239694 0.1652001 0.2710990 0.1711709 0.1817595 0.1825589 0.1922695 0.2814405 0.2027764 0.2128515 0.2630019 0.1871196 0.2010440 0.1664427 0.2066112 
S0335         0.2694159 0.1060632 0.0926761 0.1414596 0.1118796 0.1925448 0.2718644 0.0748472 0.1213472 0.1217068 0.3723182 0.2130220 0.2062300 0.2866481 0.1990161 0.0000000 0.0681743 0.2023288 0.1163805 0.1092214 0.1106711 0.1189385 0.2440821 0.0879230 0.1137496 0.2643899 0.1957541 0.0919743 0.1234621 0.2098995 0.1966411 0.2832165 0.1139240 0.1089443 0.3142924 0.2758751 0.1120516 0.1094923 0.1001919 0.1894430 0.2019756 0.1162300 0.1999169 0.1006467 0.0859909 0.0890514 0.1132370 0.0908718 0.0866414 0.0852115 0.1043782 0.2148884 0.3039238 0.0906630 0.2820580 0.1691283 0.0929802 0.0870335 0.0973443 0.0930957 0.1569982 0.1752017 0.1997332 0.0908417 0.1900360 0.1653601 0.1056461 0.1030000 0.2060564 0.0875301 0.2042703 0.1166594 0.0686098 0.1759220 0.1206456 0.0808576 0.1996879 0.1052553 0.1240499 0.0828070 0.2445521 0.3009067 0.1944590 0.1880885 0.2101754 0.2039884 0.1140276 0.2083262 0.0806116 0.0712064 0.1076695 0.0982376 0.1062277 0.0998396 0.1081926 0.0793260 0.0794044 0.3086205 0.1171700 0.0987526 0.3040031 0.1649386 0.2738071 0.1046532 0.1781733 0.0791796 0.0609086 0.1152298 0.2947937 0.1063090 0.3125634 0.1080721 0.0962546 0.0644504 0.0488169 0.2785391 0.0882559 0.0908925 0.1637934 0.0930349 0.0661378 0.1043378 0.0836552 
S0345         0.2806929 0.0983593 0.1044987 0.1296711 0.1053370 0.1810011 0.2722690 0.0964332 0.1145167 0.1233403 0.3491581 0.1901158 0.1810179 0.2500541 0.1819092 0.0681743 0.0000000 0.1852863 0.1028668 0.1027785 0.1045768 0.1156324 0.2425019 0.0944816 0.1039598 0.2649048 0.1794109 0.1037039 0.1202436 0.1844333 0.1793273 0.2835407 0.1073880 0.1050931 0.3107851 0.2304715 0.1105311 0.1016167 0.0959462 0.1672340 0.1918857 0.1188669 0.1840556 0.0906532 0.0989622 0.0930480 0.1099635 0.0949423 0.0918920 0.0885994 0.1001281 0.1813173 0.2557479 0.0983215 0.2536750 0.1539197 0.1005026 0.0868588 0.1125620 0.1062718 0.1351097 0.1555975 0.1876952 0.0938876 0.1697372 0.1441279 0.1073877 0.1082034 0.1924619 0.0931217 0.1884705 0.1195155 0.0628384 0.1512791 0.1099686 0.1040597 0.1807813 0.1001504 0.1062230 0.0859371 0.2630947 0.2842653 0.1713484 0.1645350 0.1911423 0.1851824 0.1108021 0.1846423 0.0483843 0.0926974 0.1025519 0.0945587 0.0986601 0.1102222 0.0979153 0.1010649 0.0993807 0.2845448 0.1055220 0.1043519 0.2533399 0.1442190 0.2625447 0.0982254 0.1614613 0.0942503 0.0675288 0.1004708 0.2875738 0.0944912 0.2844638 0.0985470 0.0955400 0.0344585 0.0698923 0.2614905 0.0936565 0.0971829 0.1800936 0.0938170 0.0704731 0.0952658 0.0924325 
S0355         0.4196485 0.1749322 0.1789191 0.1752375 0.1779533 0.0096552 0.3043917 0.2010249 0.1611223 0.2115710 0.2690376 0.0108660 0.1037744 0.3301389 0.0113959 0.2023288 0.1852863 0.0000000 0.1784351 0.1728441 0.1685569 0.1808552 0.2858972 0.1767275 0.1624792 0.3123035 0.0104321 0.1941562 0.2082742 0.1111481 0.0082565 0.3442077 0.1861599 0.1749264 0.3555931 0.2867101 0.1952594 0.1726669 0.1734343 0.0053144 0.3170941 0.2000057 0.0112447 0.1751100 0.1941444 0.1730658 0.1736436 0.1756819 0.1746863 0.1874916 0.1809687 0.1134033 0.2808898 0.2139662 0.3674915 0.0744135 0.1936501 0.1786841 0.2012176 0.1926961 0.1916410 0.1431735 0.2753348 0.1978152 0.1033704 0.0950865 0.1910801 0.1920007 0.2778506 0.1863602 0.2744905 0.1992865 0.1956101 0.0880917 0.1720149 0.2191803 0.2866621 0.1696746 0.1743527 0.2013849 0.3199740 0.3125779 0.0064136 0.1142143 0.0155967 0.0102655 0.1678301 0.1061037 0.1920105 0.1906857 0.1693631 0.1606336 0.1830975 0.2237787 0.1630878 0.2125867 0.2039475 0.2962964 0.1833124 0.1853934 0.3108024 0.1410686 0.2829928 0.1665856 0.1431410 0.2067028 0.1863557 0.1717511 0.3368624 0.1655047 0.2829173 0.1700141 0.1852551 0.1866916 0.1982990 0.3005787 0.2080414 0.2142976 0.2692443 0.1859653 0.2021660 0.1698308 0.2055881 
S0376         0.2683898 0.0615915 0.0929606 0.1500370 0.0698926 0.1756581 0.2522248 0.0990458 0.0807237 0.0817808 0.3144602 0.1813989 0.1799415 0.2598038 0.1750601 0.1163805 0.1028668 0.1784351 0.0000000 0.0691749 0.0708505 0.0634123 0.2281624 0.0881429 0.0406437 0.2583305 0.1708545 0.0904157 0.0773875 0.1634282 0.1756262 0.2384171 0.0719329 0.0712796 0.2754616 0.2225649 0.0714152 0.0694207 0.0966043 0.1634082 0.2056262 0.0768622 0.1746224 0.0679642 0.0867605 0.0816165 0.0716603 0.0872810 0.0856164 0.0956661 0.1011980 0.1788208 0.2539022 0.0936398 0.2600224 0.1399122 0.0966357 0.0975321 0.0940900 0.0953840 0.1076273 0.1396377 0.1801697 0.0825557 0.1539848 0.1268389 0.1067914 0.1080485 0.1876980 0.0918339 0.1852943 0.1088067 0.0883182 0.1387688 0.0754405 0.1094478 0.1811100 0.0667507 0.0811605 0.0985282 0.2380288 0.2879656 0.1626121 0.1457972 0.1824868 0.1799342 0.0705917 0.1801213 0.1057439 0.0925748 0.0641790 0.0600495 0.0542668 0.1163382 0.0659534 0.1041125 0.1037098 0.2740938 0.0719600 0.0951708 0.2421713 0.1362675 0.2677887 0.0610703 0.1521789 0.1018708 0.0817573 0.0720306 0.2569969 0.0579907 0.2812165 0.0641163 0.0665230 0.0961812 0.1099042 0.2645506 0.0883389 0.0950343 0.1627914 0.0999864 0.0913921 0.0355462 0.0974561 
S0400         0.2976307 0.0468712 0.0834225 0.1369374 0.0152289 0.1661922 0.2690042 0.0844323 0.0267529 0.0632769 0.3067963 0.1838368 0.1672407 0.2580311 0.1694599 0.1092214 0.1027785 0.1728441 0.0691749 0.0000000 0.0215974 0.0660851 0.2365683 0.0731273 0.0656551 0.2493031 0.1639406 0.0952549 0.0841895 0.1688320 0.1669228 0.2633704 0.0346587 0.0192869 0.3058562 0.2305449 0.0673739 0.0130302 0.0856260 0.1579979 0.1841234 0.0750857 0.1677651 0.0410427 0.0920340 0.0713936 0.0185124 0.0743437 0.0715522 0.0957304 0.0938939 0.1839665 0.2850410 0.0927377 0.2635025 0.1392674 0.0961570 0.0888117 0.1010950 0.1017349 0.1072823 0.1243618 0.1655507 0.0875665 0.1647934 0.1351031 0.1065056 0.0978377 0.1790499 0.0788887 0.1762467 0.1130224 0.0835971 0.1410547 0.0593559 0.0989608 0.1710963 0.0120161 0.0474580 0.0831073 0.2595364 0.2753495 0.1632911 0.1479753 0.1763695 0.1759173 0.0257469 0.1831736 0.1123022 0.0826555 0.0140343 0.0153897 0.0489661 0.1075021 0.0530507 0.0889524 0.0890190 0.2792215 0.0417859 0.0843284 0.2259041 0.1196825 0.2592233 0.0100273 0.1352072 0.0975213 0.0800126 0.0389853 0.2750607 0.0366252 0.3048411 0.0388263 0.0603857 0.0954225 0.1075146 0.2634456 0.0860958 0.0916092 0.1654365 0.0861884 0.0920552 0.0572747 0.0887172 
S0405         0.2963942 0.0508660 0.0883017 0.1401486 0.0239684 0.1637749 0.2684391 0.0891430 0.0332297 0.0639414 0.3112580 0.1810263 0.1702610 0.2509707 0.1669044 0.1106711 0.1045768 0.1685569 0.0708505 0.0215974 0.0000000 0.0730152 0.2431107 0.0784727 0.0701131 0.2529057 0.1609536 0.0998093 0.0855105 0.1610566 0.1625893 0.2685495 0.0370486 0.0204981 0.3070730 0.2135642 0.0741295 0.0205036 0.0929088 0.1555445 0.1949217 0.0807995 0.1648699 0.0446504 0.0951292 0.0770215 0.0262919 0.0800708 0.0771973 0.1019592 0.1000417 0.1777037 0.2805039 0.1001631 0.2565721 0.1356226 0.0993071 0.0906976 0.1058220 0.1063835 0.1130346 0.1320370 0.1762407 0.0936638 0.1588386 0.1332419 0.1149429 0.1075074 0.1852155 0.0846872 0.1857973 0.1131368 0.0890761 0.1380124 0.0645228 0.0994093 0.1803432 0.0215892 0.0511146 0.0889523 0.2611547 0.2840447 0.1609467 0.1400100 0.1741320 0.1715834 0.0248116 0.1787016 0.1156841 0.0873649 0.0236709 0.0186734 0.0488781 0.1112886 0.0571320 0.0937258 0.0937979 0.2808490 0.0415707 0.0862245 0.2182014 0.1272002 0.2493685 0.0196177 0.1397052 0.0966530 0.0842792 0.0437075 0.2780699 0.0401690 0.2971559 0.0424034 0.0618324 0.0971494 0.1150281 0.2631520 0.0901583 0.0990179 0.1681271 0.0921321 0.0937883 0.0625427 0.0960325 
S0412sl       0.2797813 0.0514083 0.0900445 0.1451792 0.0681144 0.1759677 0.2675513 0.0905164 0.0750573 0.0701663 0.3059031 0.1910774 0.1742850 0.2558668 0.1790132 0.1189385 0.1156324 0.1808552 0.0634123 0.0660851 0.0730152 0.0000000 0.2283678 0.0866407 0.0630254 0.2596615 0.1682680 0.0834455 0.0752130 0.1787744 0.1744024 0.2505390 0.0768115 0.0687655 0.2943081 0.2380068 0.0685003 0.0676373 0.0997876 0.1674361 0.1907357 0.0344064 0.1739603 0.0723964 0.0865418 0.0827105 0.0656718 0.0870323 0.0853728 0.0917016 0.1054860 0.1860006 0.2779435 0.0975230 0.2690665 0.1513209 0.0891044 0.0965022 0.0926026 0.0946895 0.1081511 0.1387228 0.1635946 0.0890072 0.1729031 0.1274227 0.1114049 0.1054160 0.1747706 0.0929410 0.1726191 0.1179553 0.0890676 0.1464071 0.0705060 0.1076502 0.1668558 0.0673661 0.0845418 0.0888327 0.2444904 0.2933424 0.1747898 0.1583264 0.1849896 0.1840564 0.0699322 0.1901265 0.1121918 0.0857294 0.0660585 0.0548161 0.0534390 0.1115594 0.0578738 0.0977884 0.0978631 0.2774654 0.0807592 0.0937181 0.2298091 0.1335894 0.2597288 0.0581151 0.1445243 0.1019905 0.0864698 0.0774697 0.2684201 0.0650870 0.2922810 0.0702728 0.0606336 0.1025714 0.1139965 0.2586637 0.0771400 0.0989332 0.1734810 0.0930142 0.0962109 0.0583691 0.0959489 
S0417         0.4145234 0.2376012 0.2404400 0.2016077 0.2358903 0.2623911 0.0564217 0.2367024 0.2494456 0.2387205 0.0992923 0.2877927 0.2341248 0.0392709 0.2710285 0.2440821 0.2425019 0.2858972 0.2281624 0.2365683 0.2431107 0.2283678 0.0000000 0.2179234 0.2147826 0.0474084 0.2653503 0.2388385 0.2407418 0.2732607 0.2738394 0.0591754 0.2400363 0.2341881 0.0738447 0.0924373 0.2501940 0.2432495 0.2032548 0.2678024 0.3199068 0.2386327 0.2763936 0.2325747 0.2265023 0.2153519 0.2312622 0.2154863 0.2142191 0.2256881 0.2178522 0.2868343 0.1262704 0.2473880 0.0397471 0.2468967 0.2194364 0.2203167 0.2361645 0.2337741 0.2482270 0.2321259 0.3164460 0.2004478 0.2583546 0.2119957 0.2124625 0.2017625 0.2777816 0.2198022 0.2883272 0.2387807 0.2360601 0.2411074 0.2538558 0.2310403 0.2783834 0.2368236 0.2330324 0.2368880 0.0489658 0.0765641 0.2637249 0.2707398 0.2851944 0.2815551 0.2456344 0.2750655 0.2477636 0.2302052 0.2339462 0.2154720 0.2301866 0.2655192 0.2344795 0.2527277 0.2389018 0.0666134 0.2318888 0.2372132 0.0811395 0.2245671 0.0850710 0.2304114 0.2308367 0.2531294 0.2288955 0.2426137 0.0596466 0.2235538 0.1131985 0.2334067 0.2246811 0.2318533 0.2374159 0.0837005 0.2269881 0.2443949 0.2153502 0.2301580 0.2440908 0.2152364 0.2377341 
S0419         0.2810345 0.0788194 0.0149175 0.1073942 0.0695995 0.1656684 0.2563043 0.0767823 0.0779189 0.0988720 0.2606417 0.1867048 0.1684435 0.2271139 0.1725062 0.0879230 0.0944816 0.1767275 0.0881429 0.0731273 0.0784727 0.0866407 0.2179234 0.0000000 0.0837988 0.2190052 0.1656449 0.0839038 0.0950737 0.1608035 0.1723608 0.2545988 0.0845997 0.0716909 0.2818479 0.2277899 0.0858933 0.0745390 0.0430210 0.1630644 0.1777258 0.0893091 0.1698169 0.0766588 0.0779426 0.0069181 0.0753062 0.0059550 0.0049384 0.0882381 0.0466077 0.1959228 0.2699942 0.0742464 0.2251919 0.1403212 0.0828605 0.0794873 0.0825753 0.0785722 0.1121976 0.1095154 0.1618212 0.0787523 0.1630588 0.1319559 0.1027430 0.0958932 0.1741936 0.0109362 0.1737612 0.1033791 0.0768942 0.1467204 0.0842360 0.0932936 0.1649011 0.0730885 0.0890133 0.0678005 0.2323556 0.2652068 0.1679054 0.1445793 0.1823892 0.1778318 0.0761366 0.1900763 0.1023215 0.0694345 0.0753989 0.0628218 0.0770045 0.1103489 0.0782344 0.0866683 0.0775235 0.2482250 0.0834710 0.0141045 0.2398221 0.1022021 0.2405829 0.0634103 0.1168231 0.0878229 0.0690795 0.0834626 0.2621307 0.0748243 0.2845832 0.0825552 0.0731712 0.0846213 0.0896754 0.2460212 0.0764684 0.0731289 0.1522724 0.0520858 0.0807727 0.0807422 0.0678920 
S0427         0.2779302 0.0629585 0.0939000 0.1378003 0.0662711 0.1596456 0.2391324 0.0971367 0.0824517 0.0792320 0.3024695 0.1661043 0.1622855 0.2110031 0.1589942 0.1137496 0.1039598 0.1624792 0.0406437 0.0656551 0.0701131 0.0630254 0.2147826 0.0837988 0.0000000 0.2244986 0.1530475 0.1031471 0.0771482 0.1505896 0.1548016 0.2259952 0.0786272 0.0719027 0.2707490 0.1832725 0.0816845 0.0658877 0.0891608 0.1494810 0.1865194 0.0714390 0.1588416 0.0604964 0.0966674 0.0798160 0.0662810 0.0829190 0.0812744 0.1042039 0.0909537 0.1714614 0.2403275 0.1011107 0.2144440 0.1281670 0.1040762 0.1036735 0.1074190 0.1053368 0.0992003 0.1298565 0.1687689 0.0811442 0.1470072 0.1094193 0.1111702 0.1129119 0.1723917 0.0875550 0.1740199 0.1224832 0.0940273 0.1262624 0.0665722 0.1116614 0.1698708 0.0632470 0.0788616 0.0958704 0.2216834 0.2697609 0.1523636 0.1296145 0.1678492 0.1675046 0.0722245 0.1797193 0.1128437 0.0922379 0.0643104 0.0565725 0.0582496 0.1171395 0.0600889 0.1018192 0.1018208 0.2472399 0.0775439 0.0890953 0.1993722 0.1250252 0.2510316 0.0575566 0.1383890 0.1040918 0.0888486 0.0681747 0.2447807 0.0608361 0.2652305 0.0659852 0.0651942 0.1008579 0.1105712 0.2520190 0.0983593 0.0999558 0.1604817 0.0956522 0.0987635 0.0333158 0.0969383 
S0428sl       0.4204856 0.2714653 0.2185658 0.1942823 0.2344312 0.2721872 0.0559509 0.2573835 0.2393369 0.2684164 0.0000010 0.3005929 0.2512219 0.0560509 0.2820179 0.2643899 0.2649048 0.3123035 0.2583305 0.2493031 0.2529057 0.2596615 0.0474084 0.2190052 0.2244986 0.0000000 0.2718966 0.2575716 0.2404981 0.3186044 0.3122894 0.0785758 0.2625284 0.2600356 0.0690604 0.0742743 0.2436170 0.2547348 0.1993901 0.2916948 0.2962314 0.2723605 0.3071522 0.2454111 0.2556180 0.2143371 0.2106801 0.2170388 0.2145253 0.2731256 0.2107085 0.3361507 0.0455257 0.2666823 0.0619581 0.2721957 0.2547935 0.2436947 0.2692362 0.2568815 0.2500157 0.2222180 0.2824823 0.2265785 0.2710102 0.2147647 0.2389725 0.2246919 0.2424992 0.2186980 0.2470844 0.2558371 0.2624436 0.2502886 0.2679844 0.2533619 0.2312627 0.2336974 0.2323647 0.2609586 0.0521368 0.0700457 0.2661322 0.2636449 0.3013266 0.2988106 0.2521486 0.3249384 0.2961980 0.2578258 0.2380912 0.2008911 0.2402338 0.3142979 0.2427725 0.2746803 0.2613213 0.0761386 0.2353495 0.2397385 0.0442491 0.2170810 0.0865812 0.2380456 0.2034509 0.2848539 0.2567569 0.2607803 0.0638722 0.2267960 0.1131945 0.2436714 0.2386041 0.2604913 0.3065439 0.0759321 0.2605115 0.2679966 0.1903324 0.2217530 0.2737282 0.2523717 0.2525812 
S0430         0.4021518 0.1674542 0.1705580 0.1574257 0.1674911 0.0065103 0.2811015 0.1907153 0.1608089 0.2022178 0.2597199 0.0100331 0.0934449 0.3098249 0.0095166 0.1957541 0.1794109 0.0104321 0.1708545 0.1639406 0.1609536 0.1682680 0.2653503 0.1656449 0.1530475 0.2718966 0.0000000 0.1861880 0.1994004 0.1104070 0.0073863 0.3170558 0.1778209 0.1643342 0.3358977 0.2692084 0.1804316 0.1637700 0.1645138 0.0032477 0.3129483 0.1895395 0.0072744 0.1709838 0.1827328 0.1635840 0.1642609 0.1661551 0.1652020 0.1764101 0.1736194 0.1122294 0.2652580 0.2003484 0.3379036 0.0684345 0.1839294 0.1689874 0.1896586 0.1818269 0.1807364 0.1322839 0.2689756 0.1922180 0.0972991 0.0938137 0.1760517 0.1788260 0.2742438 0.1767789 0.2708572 0.1894572 0.1883807 0.0825682 0.1613231 0.2062621 0.2813598 0.1607624 0.1675776 0.1915376 0.3041706 0.2849081 0.0032720 0.1070195 0.0062727 0.0062570 0.1572726 0.0968531 0.1856192 0.1808229 0.1604648 0.1514204 0.1743823 0.2105996 0.1588851 0.2027888 0.1942290 0.2759931 0.1774662 0.1758741 0.2880895 0.1302237 0.2614276 0.1575870 0.1293051 0.1954723 0.1818711 0.1673571 0.3158623 0.1598083 0.2622399 0.1672003 0.1712914 0.1804346 0.1919790 0.2780678 0.1981323 0.2043358 0.2513717 0.1777137 0.1977981 0.1624925 0.1982012 
S0552sl       0.2667291 0.0844953 0.0873784 0.1451281 0.0942161 0.1829508 0.2631648 0.0816285 0.0993715 0.1148723 0.3417012 0.2075407 0.2053879 0.2669102 0.1907271 0.0919743 0.1037039 0.1941562 0.0904157 0.0952549 0.0998093 0.0834455 0.2388385 0.0839038 0.1031471 0.2575716 0.1861880 0.0000000 0.0972416 0.1819751 0.1927440 0.2648688 0.0960516 0.0950219 0.2900347 0.2371071 0.0925358 0.0942952 0.0960152 0.1806142 0.2144263 0.0965173 0.1919819 0.0964246 0.0201033 0.0787782 0.0961185 0.0829617 0.0814693 0.0501608 0.1002909 0.1932238 0.2749301 0.0831630 0.2620052 0.1730324 0.0297959 0.0382389 0.0182319 0.0297963 0.1397301 0.1482521 0.1892700 0.0769690 0.1715809 0.1500883 0.0661507 0.0709594 0.2015594 0.0889023 0.1957839 0.0540394 0.0752091 0.1540711 0.0968434 0.0944839 0.1901146 0.0926590 0.1069536 0.0776406 0.2485293 0.3063309 0.1838506 0.1707482 0.2023637 0.1961983 0.0975532 0.1926481 0.1038673 0.0766529 0.0925126 0.0859341 0.0804706 0.1101660 0.0856838 0.0878624 0.0848019 0.2902888 0.1014186 0.0933365 0.2288728 0.1445188 0.2773855 0.0865888 0.1531322 0.0902551 0.0713327 0.1024638 0.2783360 0.0872733 0.3095347 0.0966587 0.0811752 0.0885670 0.0978787 0.2726090 0.0529056 0.0845138 0.1621738 0.0785673 0.0782142 0.0893515 0.0840803 
S0558         0.2885173 0.0688482 0.0994067 0.1540656 0.0852662 0.2007345 0.2678937 0.1003792 0.0960978 0.0906184 0.3640428 0.2114988 0.2012931 0.2272082 0.2018027 0.1234621 0.1202436 0.2082742 0.0773875 0.0841895 0.0855105 0.0752130 0.2407418 0.0950737 0.0771482 0.2404981 0.1994004 0.0972416 0.0000000 0.1990929 0.2017181 0.2522643 0.0896023 0.0864640 0.3044212 0.2425107 0.0811390 0.0807536 0.0979810 0.1956700 0.2042490 0.0734251 0.2041556 0.0819473 0.0909531 0.0936251 0.0898681 0.0953432 0.0924998 0.1074613 0.1040285 0.2109118 0.2883213 0.1118848 0.2285376 0.1642448 0.0979776 0.1024999 0.0953737 0.0994327 0.1174862 0.1570435 0.1778311 0.1006135 0.1881236 0.1565801 0.1257629 0.1131231 0.1924137 0.1002403 0.1907302 0.1252644 0.1018144 0.1668782 0.0992279 0.1147205 0.1865130 0.0816759 0.0904597 0.1032264 0.2494166 0.3013005 0.1986040 0.1717337 0.2147074 0.2096097 0.0895172 0.2151059 0.1215894 0.0994012 0.0815870 0.0724294 0.0649153 0.1277226 0.0806801 0.1085519 0.1092398 0.2833052 0.0881766 0.1048926 0.2458230 0.1500049 0.2961310 0.0772343 0.1744573 0.1176232 0.1007901 0.0816912 0.2805738 0.0786670 0.3243747 0.0817047 0.0695669 0.1078144 0.1213001 0.2894300 0.0916111 0.1119424 0.1740072 0.1063640 0.1110973 0.0696311 0.1060215 
S0616         0.3780418 0.1663925 0.1731970 0.1836937 0.1665243 0.1064576 0.3008638 0.1961198 0.1558744 0.1981046 0.3055133 0.1129787 0.1228237 0.2926728 0.1148673 0.2098995 0.1844333 0.1111481 0.1634282 0.1688320 0.1610566 0.1787744 0.2732607 0.1608035 0.1505896 0.3186044 0.1104070 0.1819751 0.1990929 0.0000000 0.1046733 0.3288685 0.1688151 0.1606131 0.3334983 0.2260973 0.1937469 0.1639408 0.1679447 0.1019223 0.2918794 0.1954022 0.1155176 0.1630331 0.1773699 0.1587176 0.1741652 0.1630630 0.1588701 0.1838754 0.1625558 0.1231377 0.2615318 0.1979510 0.3470580 0.1086229 0.1841595 0.1772688 0.1963919 0.1807462 0.1879775 0.1444262 0.2508580 0.1807656 0.1014812 0.0949146 0.1835025 0.1822195 0.2470812 0.1684200 0.2569768 0.1995549 0.1814821 0.0903119 0.1542489 0.1920687 0.2617587 0.1686996 0.1776102 0.1912295 0.3175660 0.3020600 0.1054080 0.0497079 0.1249637 0.1183907 0.1620493 0.1240729 0.1923773 0.1818792 0.1713992 0.1561969 0.1688081 0.2122331 0.1453294 0.1965025 0.1980883 0.2994782 0.1717049 0.1721138 0.2577743 0.1409140 0.2849415 0.1623079 0.1432763 0.1929021 0.1846126 0.1763563 0.3176073 0.1498891 0.2808198 0.1551572 0.1765065 0.1836459 0.1932512 0.2813019 0.1929801 0.1950849 0.2827767 0.1719942 0.1907914 0.1611065 0.1955017 
S0620         0.4027014 0.1690532 0.1779986 0.1670986 0.1720172 0.0053949 0.2947068 0.1938451 0.1560491 0.1934500 0.2641846 0.0076888 0.0912587 0.3094433 0.0073221 0.1966411 0.1793273 0.0082565 0.1756262 0.1669228 0.1625893 0.1744024 0.2738394 0.1723608 0.1548016 0.3122894 0.0073863 0.1927440 0.2017181 0.1046733 0.0000000 0.3352224 0.1760216 0.1690122 0.3484291 0.2592683 0.1904838 0.1667490 0.1675747 0.0010669 0.3037442 0.1882815 0.0061364 0.1671318 0.1876702 0.1718057 0.1724253 0.1712908 0.1700940 0.1793654 0.1750089 0.1124665 0.2655257 0.2025637 0.3566731 0.0677981 0.1869455 0.1739738 0.1979478 0.1898468 0.1814658 0.1413860 0.2624741 0.1930672 0.0996893 0.0900628 0.1809062 0.1883760 0.2669656 0.1820067 0.2636689 0.2001556 0.1894669 0.0854009 0.1618339 0.2137340 0.2753900 0.1637295 0.1694279 0.1928914 0.3151251 0.3027370 0.0054253 0.1060951 0.0104369 0.0093827 0.1649277 0.0986224 0.1894734 0.1821655 0.1664793 0.1560349 0.1783347 0.2186612 0.1525575 0.2023417 0.1973708 0.2839544 0.1783960 0.1811105 0.2846603 0.1362603 0.2729744 0.1636383 0.1381911 0.1983590 0.1859686 0.1646452 0.3298576 0.1611808 0.2674836 0.1671052 0.1777201 0.1823972 0.1880740 0.2843708 0.2015418 0.2032725 0.2600712 0.1832403 0.1974288 0.1659487 0.1946238 
S0624         0.4558399 0.2786822 0.2761498 0.2414180 0.2493962 0.3189523 0.0358291 0.2700678 0.2743013 0.2774590 0.0000010 0.3368168 0.2787000 0.0503282 0.3308973 0.2832165 0.2835407 0.3442077 0.2384171 0.2633704 0.2685495 0.2505390 0.0591754 0.2545988 0.2259952 0.0785758 0.3170558 0.2648688 0.2522643 0.3288685 0.3352224 0.0000000 0.2579116 0.2692076 0.0520893 0.0896716 0.2541701 0.2696206 0.2454294 0.3193275 0.3133646 0.2582469 0.3268275 0.2762918 0.2602885 0.2465907 0.2460989 0.2562923 0.2488285 0.2602851 0.2613354 0.3415641 0.1005070 0.2552687 0.0504453 0.2960951 0.2628588 0.2774021 0.2796201 0.2668936 0.2673570 0.2679930 0.2973516 0.2372387 0.3034568 0.2452053 0.2401298 0.2332561 0.2813015 0.2558373 0.2853668 0.2755328 0.2847415 0.2711915 0.2587727 0.2689431 0.2702709 0.2526271 0.2537866 0.2672921 0.0610911 0.0884674 0.3136746 0.2724654 0.3327933 0.3311607 0.2768761 0.3373249 0.3126472 0.2578216 0.2503647 0.2317909 0.2370398 0.3098709 0.2619801 0.2879791 0.2708269 0.0433062 0.2529770 0.2814232 0.0493536 0.2723209 0.0927464 0.2604892 0.2679036 0.2826514 0.2687832 0.2863070 0.0327141 0.2615393 0.1300497 0.2637397 0.2330944 0.2715881 0.3103000 0.0996929 0.2626360 0.2608216 0.2095375 0.2620181 0.2746092 0.2378879 0.2582853 
