122
CRNC          0.0000000 0.2520129 0.3247788 0.3984154 0.2942840 0.3410102 0.2791031 0.3547868 0.2301183 0.3793088 0.3634662 0.3307384 0.3998333 0.3623343 0.3650840 0.3533764 0.4319791 0.3656915 0.5077663 0.3846923 0.3727139 0.3843803 0.3541686 0.4377697 0.3400135 0.4999151 0.3413351 0.3974341 0.3541316 0.3444312 0.3451062 0.3297264 0.3740391 0.3092739 0.3442744 0.3356028 0.3505257 0.3653593 0.3240633 0.3966690 0.3813858 0.3338087 0.3791389 0.3419303 0.4311187 0.3396845 0.2263241 0.3434650 0.3081348 0.3620696 0.3493640 0.3787324 0.3631221 0.3385588 0.3464491 0.3234656 0.3200250 0.3310787 0.3243262 0.3606677 0.3424313 0.3963932 0.3409587 0.3976762 0.3860735 0.3466030 0.4005893 0.3683941 0.3155644 0.3520787 0.3018531 0.3508733 0.2841821 0.3845716 0.3301299 0.3493508 0.3445771 0.3694564 0.3284797 0.3704231 0.3269256 0.3268726 0.2200115 0.3500396 0.3103346 0.3874772 0.3487495 0.3381849 0.3876315 0.3289679 0.3363536 0.3725151 0.3694093 0.3693869 0.3179893 0.3733173 0.3065879 0.3856371 0.4316712 0.3611405 0.3215984 0.3148916 0.3521801 0.3499022 0.3788029 0.3524811 0.3422358 0.3486123 0.3813459 0.3860151 0.3422975 0.3627289 0.2965681 0.3264724 0.3851415 0.3503299 0.3310787 0.3931360 0.3610555 0.3889906 0.3450973 0.3501809 
HYZL          0.2520129 0.0000000 0.1652267 0.5953342 0.0000010 0.4085459 0.3650823 0.4569561 0.0000010 0.5873526 0.6361230 0.4444365 0.4770472 0.5008717 0.5044745 0.4990868 0.5469170 0.4943558 0.9358580 0.4670609 0.7513725 0.4428348 0.4926197 0.5603655 0.5324961 1.1299920 0.4129547 0.5637869 0.4657602 0.5156255 0.4789181 0.4703371 0.4890790 0.4371879 0.4657919 0.4339391 0.4180666 0.5700108 0.4707571 0.5400634 0.4646318 0.4590697 0.4905527 0.4212114 0.4717420 0.4493314 0.0000010 0.4211218 0.4170696 0.5634878 0.5010663 0.4441559 0.4872939 0.4322203 0.4339391 0.4610016 0.4313903 0.4565536 0.4646777 0.4506942 0.4926945 0.4920971 0.4992709 0.4230962 0.4640372 0.4500561 0.3753020 0.4509697 0.4896096 0.4359985 0.4698557 0.4729102 0.5346629 0.4585418 0.4981473 0.4970181 0.4348824 0.4986591 0.3929695 0.4623985 0.5148312 0.4565536 0.0000010 0.4920645 0.4375677 0.5368844 0.4527809 0.4725759 0.5906948 0.5450096 0.4270621 0.4897438 0.4721429 0.5349047 0.3054362 0.4359747 0.4205234 0.4246770 0.5758846 0.4980559 0.5019329 0.4551064 0.4876243 0.4904269 0.5603655 0.4745155 0.4282863 0.4337574 0.4685342 0.5467041 0.4571563 0.4760002 0.4258890 0.4791445 0.5519285 0.4852200 0.4565536 0.4557818 0.4585418 0.4520077 0.4760123 0.4054407 
MYZV          0.3247788 0.1652267 0.0000000 0.4362887 0.4267390 0.3536725 0.2683871 0.3841142 0.3138162 0.4665939 0.3816755 0.3466904 0.4116165 0.3992833 0.3725252 0.4118491 0.4509727 0.4012241 0.5310787 0.4112396 0.5234598 0.4251578 0.3879079 0.5245263 0.4006839 0.5376033 0.3424581 0.4253731 0.3797761 0.4217946 0.3966471 0.3658259 0.4077744 0.3888570 0.3971964 0.3867671 0.3479142 0.3996162 0.4162336 0.4439155 0.3763582 0.3624750 0.4481028 0.3844321 0.4192490 0.3811533 0.2355703 0.3733071 0.3788653 0.3905406 0.3611365 0.3913834 0.4396758 0.3543441 0.4184303 0.3724098 0.3290584 0.3717079 0.3778580 0.3778043 0.3922972 0.4585650 0.3982291 0.3956212 0.4366377 0.3666959 0.4241250 0.3991460 0.4078154 0.3865282 0.3416688 0.4039323 0.3331586 0.4152721 0.3649650 0.4108425 0.3894094 0.4002184 0.3838116 0.3861680 0.3372375 0.3760472 0.2766377 0.3795854 0.3456328 0.4197228 0.3988760 0.3663679 0.4067438 0.3906975 0.3483384 0.3635053 0.4049806 0.4401532 0.3352383 0.3739470 0.3980128 0.4227980 0.4754160 0.3804385 0.4290429 0.3905757 0.3684730 0.3996898 0.3912972 0.3773532 0.3398656 0.3650726 0.3823598 0.4022105 0.3602582 0.4172956 0.3098696 0.3713988 0.4483920 0.3509561 0.3717079 0.4169297 0.3968223 0.4171482 0.3614351 0.3796792 
SRR6441723    0.3984154 0.5953342 0.4362887 0.0000000 0.0543720 0.1202956 0.2130658 0.0671305 0.0696388 0.1037349 0.1068682 0.0770775 0.0961633 0.0799199 0.0907838 0.0901638 0.1386143 0.0917973 0.2010219 0.1068692 0.1294518 0.0977634 0.0360957 0.0537097 0.0919417 0.1968285 0.0832335 0.0996266 0.0931827 0.0808989 0.0922606 0.0695434 0.0760067 0.0799304 0.0778593 0.0926432 0.0898827 0.0879848 0.0941265 0.0957463 0.0881506 0.0881117 0.1384605 0.0589611 0.1082442 0.0702828 0.0612893 0.0851152 0.0780330 0.1703661 0.0877618 0.1001311 0.0881871 0.0880605 0.1044372 0.0813335 0.0712867 0.0812449 0.0784816 0.0823874 0.0871210 0.0882618 0.0820283 0.1050909 0.0936801 0.0674182 0.1108491 0.0926288 0.0826591 0.0985366 0.0868931 0.0982316 0.0635844 0.1122801 0.1646747 0.0615084 0.0876595 0.0769761 0.0728758 0.0824136 0.1472904 0.0836798 0.1340123 0.0930500 0.1232933 0.0521312 0.0848102 0.0820652 0.1051115 0.1798007 0.0757344 0.0844837 0.0521922 0.0924213 0.0744215 0.0957725 0.0860501 0.0853909 0.1317445 0.0914777 0.0871261 0.0857249 0.0774961 0.0749816 0.0429221 0.0897692 0.0812215 0.0724606 0.0795379 0.1115046 0.0700028 0.0767177 0.0922713 0.0772910 0.0965093 0.0672570 0.0812449 0.1108046 0.1096094 0.1106997 0.0812237 0.0871722 
ERR4210213    0.2942840 0.0000010 0.4267390 0.0543720 0.0000000 0.1437865 0.2706900 0.1193780 0.0874318 0.0954947 0.0985255 0.1176521 0.0810123 0.0887607 0.1046759 0.1133229 0.1363137 0.0981427 0.0808374 0.1079279 0.1065961 0.0663326 0.0405834 0.0412612 0.0958785 0.1267947 0.1055756 0.0872469 0.0819331 0.0782297 0.0867030 0.0743192 0.0621683 0.0755922 0.0541207 0.0741934 0.0794751 0.0725895 0.0905155 0.0832727 0.1318923 0.1053872 0.1224406 0.0497414 0.1155898 0.0811574 0.1034318 0.0906633 0.0845202 0.1385091 0.0814519 0.1055060 0.0871477 0.1135586 0.0818930 0.0798529 0.1005544 0.0867030 0.0798529 0.0736098 0.0746779 0.0597543 0.0810096 0.1143203 0.0735831 0.0734209 0.0970303 0.0889338 0.0611950 0.0740106 0.0781505 0.0877912 0.0915371 0.1039368 0.1605552 0.0674616 0.1190733 0.0874225 0.0735959 0.0890049 0.1483854 0.0867298 0.1572199 0.0704211 0.0834956 0.0668886 0.1112172 0.0954127 0.1209722 0.1411395 0.1112816 0.1029099 0.0603152 0.0736792 0.1221016 0.1066180 0.0838960 0.0797571 0.1035850 0.0786791 0.0881644 0.0849930 0.1046759 0.0748430 0.0544652 0.1100340 0.1224286 0.1046759 0.1267824 0.0985201 0.0898725 0.0731739 0.1150478 0.0870912 0.0985341 0.0973065 0.0867030 0.0812335 0.0893466 0.1072786 0.1156345 0.1035426 
ERR2789774    0.3410102 0.4085459 0.3536725 0.1202956 0.1437865 0.0000000 0.1890143 0.0917086 0.1055957 0.1400013 0.1338842 0.0432047 0.1252896 0.1054012 0.0488433 0.0830812 0.1546325 0.1119161 0.1819278 0.1295722 0.1575678 0.1214390 0.1024459 0.1401996 0.1103168 0.1239979 0.0378174 0.1280894 0.1057029 0.1134653 0.1044696 0.0872919 0.1122473 0.1011625 0.0928848 0.1081574 0.0998985 0.1130212 0.1156718 0.1144473 0.0642207 0.0443393 0.1555286 0.0826160 0.1356484 0.0824510 0.0391072 0.1005945 0.0990183 0.2020186 0.1055798 0.1151617 0.1232338 0.0399057 0.1242982 0.0989780 0.0361681 0.0988669 0.0991584 0.1026639 0.1084522 0.1215974 0.1023204 0.1266349 0.1184498 0.0897764 0.1297569 0.1081521 0.1064787 0.1168966 0.1079400 0.1058020 0.0796520 0.1252203 0.1955555 0.0868661 0.1118579 0.1026867 0.0941347 0.1121157 0.1660440 0.1013795 0.1667827 0.1142292 0.1179383 0.1108990 0.1140809 0.0710770 0.1353078 0.2119701 0.0368425 0.0705622 0.1162106 0.1271151 0.1017150 0.1085656 0.0984948 0.1219934 0.1462314 0.1035424 0.1108532 0.1038996 0.0418718 0.1003192 0.1053808 0.1183269 0.0403851 0.0379856 0.0996028 0.1308206 0.0617978 0.1056625 0.1009159 0.1026108 0.1390154 0.0638732 0.0988669 0.1292365 0.1160486 0.1177751 0.0427523 0.0705418 
PAFTOL_019361 0.2791031 0.3650823 0.2683871 0.2130658 0.2706900 0.1890143 0.0000000 0.1795946 0.1686444 0.2379968 0.2086780 0.1857007 0.2340414 0.1802638 0.1876734 0.1826614 0.2783235 0.1985914 0.2057491 0.2402695 0.3042458 0.2220357 0.1786066 0.2590280 0.1978295 0.1825534 0.1675528 0.2466639 0.1939738 0.2134344 0.1871239 0.1744965 0.2038113 0.2076097 0.1950809 0.1860602 0.1574923 0.2000154 0.2108173 0.2272083 0.2001778 0.1729985 0.2780798 0.1608456 0.2468771 0.1736012 0.1269186 0.1834355 0.2030622 0.1720377 0.1847341 0.2105007 0.1904903 0.1754633 0.2055089 0.1724726 0.1619219 0.1727210 0.1724726 0.1886765 0.1958136 0.2176525 0.1875381 0.2309449 0.1944552 0.1792071 0.2554327 0.2010375 0.2045363 0.2126744 0.2105253 0.1979235 0.1295712 0.2269624 0.1705404 0.1778309 0.2007694 0.1961852 0.1702661 0.1896390 0.1623321 0.1766253 0.1741944 0.2058189 0.2234764 0.1776348 0.2035472 0.1792611 0.2029734 0.1871562 0.1798580 0.1704319 0.2019134 0.2346761 0.2114699 0.1955382 0.2050387 0.2028137 0.2528012 0.1994647 0.2150044 0.1962908 0.1705799 0.1948606 0.1791831 0.1764648 0.1788178 0.1759031 0.1991794 0.2154095 0.1650732 0.1842435 0.1678856 0.1618140 0.2633463 0.1670497 0.1727210 0.2374785 0.2113014 0.2367742 0.1788504 0.1749437 
S0055         0.3547868 0.4569561 0.3841142 0.0671305 0.1193780 0.0917086 0.1795946 0.0000000 0.0617690 0.0843166 0.1098595 0.0536494 0.0737383 0.0567702 0.0594656 0.0556812 0.1191215 0.0742201 0.1645807 0.0936676 0.1094840 0.0808586 0.0474005 0.0858891 0.0627238 0.1567723 0.0572494 0.0771114 0.0541300 0.0594298 0.0737670 0.0475415 0.0624981 0.0634877 0.0570631 0.0736384 0.0563016 0.0739482 0.0799298 0.0834437 0.0647208 0.0618161 0.1127956 0.0459065 0.0878225 0.0363461 0.0495748 0.0693380 0.0615648 0.1620074 0.0494902 0.0819550 0.0795466 0.0641614 0.0902837 0.0635410 0.0463847 0.0681897 0.0609069 0.0662059 0.0791953 0.0825406 0.0709014 0.0799472 0.0791696 0.0520479 0.0843705 0.0760925 0.0746714 0.0788974 0.0859886 0.0713121 0.0428726 0.0983406 0.1565912 0.0495702 0.0743752 0.0662881 0.0593600 0.0791950 0.1491660 0.0657993 0.1387066 0.0652729 0.1016740 0.0662984 0.0716740 0.0519814 0.0823717 0.1650105 0.0494321 0.0634929 0.0476141 0.0687526 0.0506775 0.0630843 0.0663857 0.0762103 0.1061960 0.0771516 0.0729964 0.0686636 0.0567536 0.0546769 0.0562812 0.0659294 0.0481496 0.0501503 0.0224349 0.0881602 0.0409236 0.0519766 0.0711988 0.0544781 0.0952200 0.0473291 0.0681897 0.0877599 0.0899732 0.0877438 0.0579523 0.0542288 
S0196sl       0.2301183 0.0000010 0.3138162 0.0696388 0.0874318 0.1055957 0.1686444 0.0617690 0.0000000 0.0811032 0.0594646 0.0835524 0.0732357 0.0541859 0.0847358 0.0722647 0.1033436 0.0783645 0.1213448 0.0997924 0.0638040 0.0647524 0.0504925 0.0693889 0.0656761 0.1227630 0.0737709 0.0768822 0.0690863 0.0535060 0.0225644 0.0618345 0.0556444 0.0666484 0.0619279 0.0611585 0.0723238 0.0613902 0.0789582 0.0818481 0.0909027 0.0698733 0.1033870 0.0459259 0.0831164 0.0543078 0.0494339 0.0440569 0.0639218 0.1030940 0.0615872 0.0785545 0.0893356 0.0775501 0.0769226 0.0125914 0.0749632 0.0190586 0.0125914 0.0574266 0.0397531 0.0777064 0.0686533 0.0701294 0.0860991 0.0499734 0.0902727 0.0693960 0.0672680 0.0651242 0.0611640 0.0722713 0.0669525 0.0547477 0.1018490 0.0506593 0.0775978 0.0689337 0.0736050 0.0887330 0.1036926 0.0158112 0.1092945 0.0536084 0.0691074 0.0690637 0.0773635 0.0804736 0.0616950 0.1101191 0.0802654 0.0965337 0.0539706 0.0652054 0.0667608 0.0707636 0.0679061 0.0815473 0.1058481 0.0769997 0.0704434 0.0758928 0.0732127 0.0543465 0.0615395 0.0611135 0.0778375 0.0700310 0.0770274 0.0739571 0.0743845 0.0579541 0.0601861 0.0578443 0.0961873 0.0773385 0.0190586 0.0859706 0.0470596 0.0791665 0.0821123 0.0846810 
S0278         0.3793088 0.5873526 0.4665939 0.1037349 0.0954947 0.1400013 0.2379968 0.0843166 0.0811032 0.0000000 0.1395819 0.0924868 0.0549352 0.0839193 0.1036866 0.0986535 0.0765782 0.0958891 0.1855853 0.0677887 0.1229586 0.0522158 0.0866433 0.1298613 0.0965062 0.2170051 0.0987174 0.0595185 0.0924582 0.0399958 0.1078822 0.0844030 0.0577824 0.0812160 0.0592017 0.0889480 0.0912938 0.0920755 0.0962687 0.0319261 0.1010995 0.1062931 0.0808679 0.0510268 0.0876776 0.0744348 0.0843480 0.0984126 0.0821943 0.1683430 0.0889751 0.1010128 0.0980036 0.1011127 0.1068555 0.0992251 0.0867757 0.1042448 0.0961774 0.0862858 0.1031436 0.0740114 0.0763889 0.0874972 0.0848212 0.0763053 0.0691910 0.0942420 0.0853680 0.0894882 0.1025582 0.0831021 0.0706716 0.1214467 0.1746216 0.0864701 0.0921928 0.0865357 0.0851336 0.0924439 0.1619819 0.1016335 0.1447355 0.0622178 0.1128944 0.1030213 0.0893226 0.0859098 0.1036768 0.1872920 0.0943587 0.0919646 0.0921057 0.0380097 0.0602318 0.0765129 0.0902337 0.0712507 0.0673334 0.0977782 0.0887325 0.0900012 0.0951937 0.0739853 0.0976526 0.0962360 0.0997406 0.0932514 0.0999782 0.1036467 0.0777917 0.0669650 0.0998733 0.0812933 0.0540448 0.0794167 0.1042448 0.0478663 0.1124242 0.0953272 0.0970425 0.0999636 
S0281         0.3634662 0.6361230 0.3816755 0.1068682 0.0985255 0.1338842 0.2086780 0.1098595 0.0594646 0.1395819 0.0000000 0.1025348 0.1151619 0.0902060 0.1061458 0.1119172 0.1647369 0.1165017 0.0901044 0.1383799 0.1788449 0.1247105 0.0926021 0.1282044 0.1009705 0.0988909 0.0900629 0.1254955 0.1320588 0.1171078 0.0859231 0.0818067 0.0949863 0.1135147 0.1040386 0.1005660 0.1243184 0.1136416 0.1287202 0.1374665 0.1148937 0.0931749 0.1646653 0.0720320 0.1245783 0.1078795 0.0556861 0.0744697 0.1156242 0.1731020 0.1174584 0.1202689 0.1126734 0.0963970 0.1090900 0.0757274 0.0953982 0.0819581 0.0757274 0.1034257 0.0865374 0.0950114 0.1171158 0.1274255 0.1049599 0.0960751 0.1423385 0.1171357 0.0967844 0.1038819 0.1022400 0.0935765 0.0972619 0.0824134 0.1665351 0.0857214 0.1068687 0.1136463 0.0898268 0.0999509 0.1537575 0.0788421 0.1383829 0.0998238 0.1014088 0.1051933 0.1030600 0.1084489 0.1139184 0.1793157 0.0970179 0.0986957 0.1133923 0.1164079 0.1103129 0.1187169 0.1222380 0.1144754 0.1626318 0.1150262 0.1234552 0.1269487 0.0958888 0.1042452 0.0954782 0.1023276 0.1047234 0.1000394 0.1203449 0.1191792 0.0972035 0.1138508 0.0879422 0.0959870 0.1239362 0.0956810 0.0819581 0.1223061 0.0725683 0.1315957 0.0979729 0.1158358 
S0282         0.3307384 0.4444365 0.3466904 0.0770775 0.1176521 0.0432047 0.1857007 0.0536494 0.0835524 0.0924868 0.1025348 0.0000000 0.0871103 0.0635295 0.0124386 0.0520558 0.1224815 0.0739943 0.1532744 0.1001573 0.1168034 0.0890350 0.0611545 0.0968779 0.0777634 0.0935687 0.0082686 0.0845626 0.0639720 0.0718401 0.0834154 0.0516447 0.0721623 0.0683318 0.0518861 0.0763125 0.0685789 0.0734916 0.0801349 0.0862163 0.0325240 0.0145418 0.1169581 0.0499906 0.0857547 0.0470179 0.0095353 0.0737947 0.0663063 0.1647048 0.0638891 0.0819512 0.0848386 0.0145368 0.0910755 0.0753393 0.0020643 0.0752574 0.0754720 0.0661257 0.0816780 0.0857317 0.0734166 0.0828702 0.0829594 0.0587836 0.0935155 0.0814407 0.0749817 0.0737086 0.0862645 0.0738971 0.0502737 0.1050783 0.1621307 0.0560165 0.0768042 0.0661966 0.0639853 0.0761788 0.1431858 0.0777043 0.1504506 0.0647337 0.0996999 0.0788676 0.0790362 0.0437923 0.0878567 0.1742079 0.0020912 0.0414618 0.0738511 0.0788703 0.0692020 0.0683712 0.0685315 0.0790779 0.1082331 0.0717380 0.0834721 0.0736932 0.0082005 0.0614873 0.0687092 0.0784570 0.0041210 0.0082875 0.0634335 0.0909474 0.0349411 0.0612152 0.0737077 0.0663277 0.0960453 0.0301603 0.0752574 0.0876461 0.0962409 0.0850203 0.0104604 0.0389296 
S0289         0.3998333 0.4770472 0.4116165 0.0961633 0.0810123 0.1252896 0.2340414 0.0737383 0.0732357 0.0549352 0.1151619 0.0871103 0.0000000 0.0785960 0.0953127 0.0892188 0.0597982 0.0847601 0.1569923 0.0332468 0.1182628 0.0474187 0.0763351 0.1146216 0.0830897 0.2012785 0.0878499 0.0339759 0.0817727 0.0260005 0.0942895 0.0669582 0.0458144 0.0784298 0.0547996 0.0855859 0.0809178 0.0785715 0.0935211 0.0372518 0.0960179 0.0926313 0.0583347 0.0363734 0.0741084 0.0718510 0.0726190 0.0953327 0.0791382 0.1565408 0.0810716 0.0923371 0.1007010 0.0918432 0.1003280 0.0860168 0.0815555 0.0908942 0.0831286 0.0779665 0.1058966 0.0628612 0.0755610 0.0764289 0.0700817 0.0682752 0.0546877 0.0856654 0.0822737 0.0809304 0.0959794 0.0832315 0.0639661 0.1018150 0.1524311 0.0841041 0.0866466 0.0708553 0.0711579 0.0732139 0.1341028 0.0883673 0.1196312 0.0524697 0.0917012 0.0947659 0.0838430 0.0836404 0.0944809 0.1599962 0.0858954 0.0839611 0.0839981 0.0383394 0.0592600 0.0631867 0.0841210 0.0618743 0.0457477 0.0839968 0.0902752 0.0890251 0.0870600 0.0662052 0.0869723 0.0856769 0.0913568 0.0851130 0.0912815 0.0976795 0.0697752 0.0522388 0.0902576 0.0787257 0.0372973 0.0716827 0.0908942 0.0412688 0.0933042 0.0765541 0.0887198 0.0911011 
S0292         0.3623343 0.5008717 0.3992833 0.0799199 0.0887607 0.1054012 0.1802638 0.0567702 0.0541859 0.0839193 0.0902060 0.0635295 0.0785960 0.0000000 0.0769405 0.0751225 0.1132775 0.0552132 0.1362304 0.0989784 0.0827043 0.0779702 0.0542990 0.0967316 0.0670560 0.1607024 0.0696987 0.0792433 0.0665104 0.0616169 0.0713897 0.0639314 0.0502097 0.0396163 0.0642879 0.0336818 0.0709755 0.0591515 0.0602687 0.0774802 0.0720932 0.0743975 0.1148990 0.0434180 0.0823520 0.0546876 0.0450445 0.0698833 0.0423321 0.1592092 0.0588866 0.0600310 0.0749567 0.0768156 0.0479649 0.0612297 0.0610345 0.0658608 0.0586174 0.0292536 0.0745820 0.0672511 0.0563534 0.0821867 0.0771490 0.0270665 0.0820045 0.0542396 0.0388168 0.0427600 0.0480366 0.0380735 0.0547817 0.0907634 0.1624889 0.0592168 0.0592713 0.0472687 0.0282588 0.0418947 0.1260906 0.0634808 0.1376372 0.0623766 0.0566275 0.0739371 0.0567290 0.0660645 0.0498475 0.1683382 0.0647605 0.0612003 0.0639723 0.0708550 0.0637127 0.0661080 0.0445904 0.0712070 0.1171354 0.0621271 0.0531615 0.0491920 0.0690854 0.0406151 0.0714273 0.0163310 0.0729472 0.0623317 0.0687128 0.0456714 0.0550804 0.0642317 0.0156863 0.0143964 0.0987046 0.0545618 0.0658608 0.0823168 0.0825512 0.0795454 0.0730777 0.0736335 
S0293         0.3650840 0.5044745 0.3725252 0.0907838 0.1046759 0.0488433 0.1876734 0.0594656 0.0847358 0.1036866 0.1061458 0.0124386 0.0953127 0.0769405 0.0000000 0.0585945 0.1273562 0.0879038 0.1612505 0.1089583 0.1304148 0.0998046 0.0718044 0.1009292 0.0861102 0.0998465 0.0142381 0.0896133 0.0771498 0.0806414 0.0887162 0.0599207 0.0830351 0.0798208 0.0650553 0.0870779 0.0767916 0.0867503 0.0939862 0.0977995 0.0407352 0.0204392 0.1314899 0.0615176 0.0994432 0.0553224 0.0140417 0.0822550 0.0776734 0.1745976 0.0721498 0.0960381 0.0960374 0.0204318 0.1020795 0.0834562 0.0061335 0.0833653 0.0836024 0.0768423 0.0873751 0.0967283 0.0866567 0.0964912 0.0939282 0.0694777 0.1045055 0.0922170 0.0839657 0.0900904 0.0907710 0.0846759 0.0577368 0.1161473 0.1761655 0.0668481 0.0905213 0.0769254 0.0727876 0.0875353 0.1448862 0.0857990 0.1546150 0.0786299 0.1069704 0.0895856 0.0927263 0.0542810 0.1044948 0.1839992 0.0104571 0.0496194 0.0845669 0.0870639 0.0771660 0.0817721 0.0798609 0.0898746 0.1225637 0.0825507 0.0919112 0.0850525 0.0141229 0.0722330 0.0793965 0.0891756 0.0122816 0.0142970 0.0716343 0.1053397 0.0431815 0.0721265 0.0810847 0.0770688 0.1139518 0.0383433 0.0833653 0.0928874 0.1072339 0.0960164 0.0143944 0.0493304 
S0294         0.3533764 0.4990868 0.4118491 0.0901638 0.1133229 0.0830812 0.1826614 0.0556812 0.0722647 0.0986535 0.1119172 0.0520558 0.0892188 0.0751225 0.0585945 0.0000000 0.1331390 0.0726174 0.1798096 0.0989484 0.1121373 0.0799409 0.0694178 0.0897875 0.0720586 0.1598172 0.0483254 0.0867530 0.0725414 0.0695389 0.0775109 0.0642188 0.0647857 0.0628680 0.0642895 0.0806945 0.0667752 0.0719391 0.0753529 0.0888257 0.0532913 0.0557636 0.1143423 0.0407681 0.0998980 0.0457222 0.0420792 0.0783982 0.0607361 0.1684070 0.0697426 0.0697501 0.0836285 0.0558722 0.0956306 0.0719637 0.0463872 0.0772691 0.0689114 0.0723464 0.0842010 0.0908615 0.0745542 0.0850473 0.0878131 0.0695333 0.0806731 0.0696277 0.0731846 0.0894330 0.0847673 0.0781488 0.0234931 0.1024083 0.1570879 0.0638923 0.0809942 0.0775818 0.0616831 0.0842940 0.1593454 0.0745322 0.1470519 0.0757335 0.0992410 0.0801168 0.0809595 0.0451326 0.0985218 0.1874211 0.0474262 0.0525523 0.0714994 0.0805400 0.0744551 0.0780657 0.0633296 0.0804301 0.1139211 0.0664104 0.0734135 0.0662322 0.0529465 0.0582723 0.0740924 0.0825008 0.0540660 0.0455582 0.0689298 0.0897530 0.0353866 0.0562297 0.0830358 0.0695822 0.0898642 0.0351432 0.0772691 0.0874592 0.0964020 0.0850209 0.0567114 0.0576658 
S0299         0.4319791 0.5469170 0.4509727 0.1386143 0.1363137 0.1546325 0.2783235 0.1191215 0.1033436 0.0765782 0.1647369 0.1224815 0.0597982 0.1132775 0.1273562 0.1331390 0.0000000 0.1124115 0.2181203 0.0534058 0.1453713 0.0815604 0.1163633 0.1690217 0.1218384 0.2533373 0.1257871 0.0842040 0.1197300 0.0722286 0.1276116 0.1084794 0.0854316 0.1035507 0.0927349 0.1187708 0.1129541 0.1275969 0.1157441 0.0583748 0.1308876 0.1308566 0.0938441 0.0746744 0.0971221 0.1088175 0.0859749 0.1231351 0.1016895 0.1750764 0.1186374 0.1205377 0.1264685 0.1296655 0.1326912 0.1184119 0.1135511 0.1182731 0.1151361 0.1131499 0.1351048 0.1013496 0.1077539 0.0891693 0.1064141 0.1024655 0.1051046 0.1161920 0.1149504 0.1193070 0.1338533 0.1273336 0.0971282 0.1341848 0.1889972 0.1249525 0.1201721 0.0926026 0.0985974 0.0948988 0.1561031 0.1208962 0.1331421 0.0858199 0.1438792 0.1313339 0.1170049 0.1269004 0.1252622 0.1734878 0.1221426 0.1222674 0.1246108 0.0791327 0.0696174 0.0807030 0.1042114 0.1029332 0.0856058 0.1282370 0.1137400 0.1121388 0.1246192 0.1028991 0.1282439 0.1263658 0.1186466 0.1227342 0.1387672 0.1344802 0.1151981 0.0890649 0.1362698 0.1134702 0.0611426 0.1114473 0.1182731 0.0847002 0.1247707 0.0994807 0.1215884 0.1363077 
S0303         0.3656915 0.4943558 0.4012241 0.0917973 0.0981427 0.1119161 0.1985914 0.0742201 0.0783645 0.0958891 0.1165017 0.0739943 0.0847601 0.0552132 0.0879038 0.0726174 0.1124115 0.0000000 0.1513249 0.0928371 0.0511682 0.0896284 0.0648132 0.0981375 0.0782183 0.1844071 0.0776307 0.0879142 0.0826928 0.0697550 0.0928768 0.0722798 0.0656001 0.0146387 0.0726915 0.0620572 0.0922728 0.0619944 0.0296481 0.0901448 0.0865095 0.0852606 0.1144500 0.0540815 0.0918847 0.0700614 0.0556360 0.0940114 0.0125640 0.1734887 0.0766374 0.0143122 0.0917885 0.0877532 0.0756446 0.0818668 0.0688930 0.0867613 0.0789930 0.0547925 0.0989728 0.0808346 0.0494501 0.0916904 0.0876727 0.0478333 0.0908019 0.0477237 0.0566776 0.0522010 0.0581249 0.0645768 0.0613081 0.1003238 0.1785697 0.0773482 0.0477978 0.0405306 0.0478040 0.0641652 0.1498333 0.0842292 0.1517378 0.0686092 0.0662229 0.0879803 0.0453486 0.0723806 0.0862728 0.1768192 0.0698256 0.0773058 0.0773274 0.0821690 0.0815430 0.0716108 0.0146812 0.0825530 0.1245604 0.0602073 0.0275102 0.0189311 0.0773134 0.0341792 0.0771432 0.0669465 0.0807974 0.0727884 0.0867842 0.0815438 0.0630326 0.0726327 0.0565484 0.0553049 0.0967619 0.0602729 0.0867613 0.0970550 0.0917470 0.0885250 0.0734184 0.0818595 
S0308         0.5077663 0.9358580 0.5310787 0.2010219 0.0808374 0.1819278 0.2057491 0.1645807 0.1213448 0.1855853 0.0901044 0.1532744 0.1569923 0.1362304 0.1612505 0.1798096 0.2181203 0.1513249 0.0000000 0.1874351 0.2316527 0.1699510 0.1575853 0.2436399 0.1752114 0.0965725 0.1423212 0.1777745 0.1586864 0.1636372 0.1734477 0.1450912 0.1455951 0.1332928 0.1487779 0.1358903 0.1775420 0.1518075 0.1604163 0.1702885 0.1642498 0.1486328 0.1855485 0.1301549 0.1892813 0.1487522 0.0552935 0.1772005 0.1387968 0.2538081 0.1530886 0.1483005 0.1904663 0.1550505 0.1487803 0.1661935 0.1458053 0.1659579 0.1657617 0.1317767 0.1836737 0.1547307 0.1442107 0.1921123 0.1751336 0.1260405 0.1814508 0.1423238 0.1323775 0.1360175 0.0687445 0.1266784 0.1799760 0.2040134 0.2510242 0.1584703 0.1565544 0.1293222 0.1248352 0.1379674 0.1440650 0.1691360 0.1368821 0.1535956 0.0712851 0.1974464 0.1526814 0.1656701 0.1676869 0.2717439 0.1454456 0.1441247 0.1851581 0.1563238 0.1653549 0.1726183 0.1371950 0.1653816 0.1999346 0.1510778 0.1448137 0.1513507 0.1539529 0.1298693 0.1798280 0.1517126 0.1577604 0.1558233 0.1817021 0.1776287 0.1632675 0.1724887 0.0669072 0.1398293 0.1556592 0.1483485 0.1659579 0.1842971 0.1916384 0.1805586 0.1615515 0.1746821 
S0320         0.3846923 0.4670609 0.4112396 0.1068692 0.1079279 0.1295722 0.2402695 0.0936676 0.0997924 0.0677887 0.1383799 0.1001573 0.0332468 0.0989784 0.1089583 0.0989484 0.0534058 0.0928371 0.1874351 0.0000000 0.1297737 0.0473095 0.0938726 0.1331717 0.0951057 0.2194942 0.1009385 0.0522081 0.0913555 0.0445089 0.1103328 0.0863347 0.0607032 0.0828441 0.0651331 0.0934134 0.0907789 0.0988065 0.1012528 0.0369778 0.1070445 0.1088565 0.0690392 0.0486536 0.0863555 0.0835444 0.0724677 0.0977864 0.0862782 0.1598969 0.0906849 0.1064754 0.1007766 0.1023859 0.1024620 0.1012665 0.0882653 0.1011472 0.0980734 0.0958969 0.1083584 0.0790425 0.0905278 0.0833195 0.0793044 0.0826800 0.0626630 0.0882884 0.0976890 0.0992679 0.1028831 0.0983545 0.0863412 0.1132737 0.1589465 0.0969776 0.0945196 0.0752290 0.0861133 0.0802293 0.1246841 0.1037794 0.1213226 0.0621828 0.1167192 0.1082220 0.0917171 0.0875334 0.1026705 0.1585015 0.0987995 0.0912398 0.1022823 0.0547338 0.0832466 0.0669419 0.0892409 0.0730365 0.0507434 0.0954177 0.0959111 0.0919669 0.0999769 0.0778760 0.1001052 0.1122142 0.1017612 0.0951944 0.1072002 0.1088100 0.0840341 0.0673785 0.1072764 0.0989069 0.0344072 0.0781706 0.1011472 0.0556729 0.1040691 0.0810044 0.0962673 0.0995574 
S0322         0.3727139 0.7513725 0.5234598 0.1294518 0.1065961 0.1575678 0.3042458 0.1094840 0.0638040 0.1229586 0.1788449 0.1168034 0.1182628 0.0827043 0.1304148 0.1121373 0.1453713 0.0511682 0.2316527 0.1297737 0.0000000 0.1173868 0.1017327 0.1683766 0.1023675 0.2812824 0.1231562 0.1227019 0.1099951 0.1051186 0.1294105 0.0958692 0.1001234 0.0437113 0.1127405 0.0988430 0.1218011 0.0957509 0.0511473 0.1152698 0.1319001 0.1297776 0.1413365 0.0915889 0.1368585 0.0972655 0.0543658 0.1272240 0.0435284 0.2290374 0.1078061 0.0679721 0.1239502 0.1292016 0.1058233 0.1149131 0.1154935 0.1178402 0.1110611 0.0955187 0.1311646 0.1165753 0.0858865 0.1268397 0.1226431 0.0864747 0.1290376 0.0769745 0.0928630 0.0921759 0.1100761 0.1050096 0.0482121 0.1482964 0.2294961 0.1089615 0.0775704 0.0831840 0.0870700 0.1023829 0.2290588 0.1178609 0.1191908 0.1095574 0.1256249 0.1287716 0.0743391 0.1058304 0.1136750 0.2225417 0.1070784 0.1125951 0.1043762 0.1239762 0.0618147 0.1150095 0.0436062 0.1059475 0.1541719 0.0965143 0.0484683 0.0434675 0.1161168 0.0703026 0.1219766 0.0983894 0.1176941 0.1135062 0.1291100 0.1133716 0.0940009 0.1092973 0.1106898 0.0900660 0.1513873 0.0969251 0.1178402 0.1243156 0.1402476 0.1201586 0.1144248 0.1189586 
S0327         0.3843803 0.4428348 0.4251578 0.0977634 0.0663326 0.1214390 0.2220357 0.0808586 0.0647524 0.0522158 0.1247105 0.0890350 0.0474187 0.0779702 0.0998046 0.0799409 0.0815604 0.0896284 0.1699510 0.0473095 0.1173868 0.0000000 0.0806083 0.1201175 0.0871302 0.2108479 0.0821689 0.0523867 0.0861515 0.0375683 0.0960833 0.0736504 0.0500777 0.0758522 0.0567372 0.0750943 0.0754022 0.0858813 0.0925883 0.0390841 0.0952713 0.0971100 0.0766630 0.0313773 0.0766750 0.0660209 0.0660495 0.0897597 0.0765345 0.1416735 0.0751369 0.0948193 0.0844462 0.0945161 0.0837703 0.0878259 0.0834870 0.0926831 0.0849385 0.0773726 0.0972154 0.0644291 0.0729346 0.0714758 0.0618769 0.0677605 0.0522446 0.0855008 0.0758330 0.0778959 0.0917224 0.0825915 0.0604512 0.1088867 0.1536798 0.0784649 0.0888767 0.0803735 0.0761139 0.0775147 0.1340686 0.0901652 0.1280024 0.0497153 0.1043777 0.1008355 0.0860600 0.0780556 0.0996173 0.1622186 0.0878525 0.0808691 0.0882938 0.0425579 0.0531546 0.0582400 0.0789242 0.0566917 0.0665797 0.0884765 0.0826276 0.0785379 0.0914022 0.0708994 0.0912938 0.0925143 0.0932518 0.0844628 0.0934844 0.1001859 0.0670315 0.0614388 0.0927888 0.0805602 0.0486969 0.0735476 0.0926831 0.0575363 0.1002789 0.0790536 0.0935333 0.0885539 
S0335         0.3541686 0.4926197 0.3879079 0.0360957 0.0405834 0.1024459 0.1786066 0.0474005 0.0504925 0.0866433 0.0926021 0.0611545 0.0763351 0.0542990 0.0718044 0.0694178 0.1163633 0.0648132 0.1575853 0.0938726 0.1017327 0.0806083 0.0000000 0.0408906 0.0649291 0.1715510 0.0646533 0.0794221 0.0711366 0.0617449 0.0682907 0.0520211 0.0573613 0.0562409 0.0522573 0.0685597 0.0684220 0.0612514 0.0696062 0.0807140 0.0723247 0.0693009 0.1180659 0.0432191 0.0798705 0.0475832 0.0449167 0.0667037 0.0542912 0.1485716 0.0638357 0.0723931 0.0687616 0.0692648 0.0797936 0.0583156 0.0584575 0.0605701 0.0557563 0.0562342 0.0713299 0.0719085 0.0587845 0.0797120 0.0765715 0.0450313 0.0898390 0.0685548 0.0612456 0.0713135 0.0732072 0.0711045 0.0516934 0.0922441 0.1435152 0.0468973 0.0691676 0.0493793 0.0418571 0.0606559 0.1211197 0.0605373 0.1179717 0.0650032 0.0784804 0.0356853 0.0665232 0.0639011 0.0795711 0.1533412 0.0596439 0.0660965 0.0335384 0.0734161 0.0538868 0.0709968 0.0615185 0.0687042 0.1147823 0.0616407 0.0628967 0.0613017 0.0640872 0.0521795 0.0313036 0.0634710 0.0653792 0.0573920 0.0590549 0.0827549 0.0525596 0.0565292 0.0585861 0.0543870 0.0854648 0.0497808 0.0605701 0.0898220 0.0813191 0.0848867 0.0652738 0.0685972 
S0345         0.4377697 0.5603655 0.5245263 0.0537097 0.0412612 0.1401996 0.2590280 0.0858891 0.0693889 0.1298613 0.1282044 0.0968779 0.1146216 0.0967316 0.1009292 0.0897875 0.1690217 0.0981375 0.2436399 0.1331717 0.1683766 0.1201175 0.0408906 0.0000000 0.0902987 0.2760804 0.1008650 0.1192830 0.0964734 0.0939778 0.0885532 0.0799086 0.1017751 0.0895835 0.0865565 0.1138456 0.1028928 0.0883445 0.1039272 0.1222479 0.1048113 0.1003705 0.1667609 0.0717784 0.1313901 0.0731307 0.0730539 0.0829753 0.0902881 0.1858500 0.0863834 0.1127129 0.0956550 0.1075793 0.1180100 0.0819241 0.0925617 0.0849503 0.0782351 0.0994769 0.0969608 0.0929648 0.0926594 0.1316103 0.1032153 0.0930373 0.1237281 0.0966238 0.0944580 0.1034176 0.1258878 0.1140905 0.0745122 0.1296862 0.1877206 0.0785669 0.1036026 0.0854383 0.0834489 0.1004745 0.1933773 0.0849625 0.1557247 0.1089727 0.1130999 0.0560343 0.1070486 0.0924571 0.1257959 0.1901378 0.0917139 0.0885363 0.0627528 0.1104405 0.1149311 0.1160566 0.0968743 0.0885718 0.1628541 0.0919906 0.1016110 0.0934751 0.0999305 0.0831290 0.0184597 0.1060605 0.0991956 0.0865711 0.0888866 0.1156430 0.0732128 0.0892613 0.1114291 0.0860472 0.1150786 0.0760197 0.0849503 0.1189004 0.1223065 0.1350897 0.1024973 0.1023644 
S0376         0.3400135 0.5324961 0.4006839 0.0919417 0.0958785 0.1103168 0.1978295 0.0627238 0.0656761 0.0965062 0.1009705 0.0777634 0.0830897 0.0670560 0.0861102 0.0720586 0.1218384 0.0782183 0.1752114 0.0951057 0.1023675 0.0871302 0.0649291 0.0902987 0.0000000 0.1892495 0.0786004 0.0890098 0.0579793 0.0706342 0.0750430 0.0341279 0.0734562 0.0693820 0.0679310 0.0800368 0.0601853 0.0802879 0.0861861 0.0844009 0.0834986 0.0732841 0.1220693 0.0518320 0.0994947 0.0461254 0.0612922 0.0864154 0.0649171 0.1657773 0.0579349 0.0861815 0.0971097 0.0808964 0.0909085 0.0671545 0.0748720 0.0719176 0.0644365 0.0773475 0.0966165 0.0867626 0.0747206 0.0939640 0.0892688 0.0668528 0.0937538 0.0726065 0.0806525 0.0854946 0.0798005 0.0827256 0.0554494 0.0879450 0.1472360 0.0725893 0.0833780 0.0775306 0.0681284 0.0806269 0.1509233 0.0694652 0.1260088 0.0735702 0.0867424 0.0852267 0.0805471 0.0653292 0.0917379 0.1567700 0.0764186 0.0748861 0.0701603 0.0800257 0.0713811 0.0747500 0.0723958 0.0853160 0.1226030 0.0801526 0.0763506 0.0749312 0.0778915 0.0677941 0.0803904 0.0767309 0.0768930 0.0684320 0.0800241 0.0924639 0.0561345 0.0728466 0.0750965 0.0676191 0.0917380 0.0579419 0.0719176 0.0941120 0.0798272 0.0909442 0.0797078 0.0746086 
S0400         0.4999151 1.1299920 0.5376033 0.1968285 0.1267947 0.1239979 0.1825534 0.1567723 0.1227630 0.2170051 0.0988909 0.0935687 0.2012785 0.1607024 0.0998465 0.1598172 0.2533373 0.1844071 0.0965725 0.2194942 0.2812824 0.2108479 0.1715510 0.2760804 0.1892495 0.0000000 0.0943497 0.2057248 0.1758396 0.1936059 0.1880268 0.1537434 0.1837185 0.1800409 0.1616666 0.1715430 0.1782719 0.1778265 0.1934473 0.2072523 0.1141099 0.0997310 0.2545111 0.1534313 0.2174469 0.1456508 0.0046286 0.1692874 0.1787274 0.2818564 0.1689574 0.1925009 0.2040060 0.0996578 0.1940489 0.1757081 0.0901339 0.1759198 0.1766013 0.1676892 0.1791522 0.1968055 0.1808516 0.2075330 0.2043673 0.1631804 0.2147031 0.1969306 0.1942968 0.1903089 0.0935442 0.1672079 0.1793929 0.2165422 0.2749864 0.1642650 0.1922784 0.1755714 0.1601781 0.1882831 0.1453883 0.1792028 0.1444338 0.1868974 0.1063337 0.1888942 0.1948479 0.1413641 0.2020670 0.2874342 0.0914057 0.1287548 0.1896844 0.1967402 0.1473837 0.1927338 0.1766215 0.1934527 0.2405270 0.1662659 0.1924426 0.1897951 0.0906877 0.1689114 0.1811485 0.1841845 0.0952685 0.0887273 0.1706424 0.2087406 0.1334311 0.1722868 0.0806347 0.1676474 0.2106918 0.1228206 0.1759198 0.2031510 0.2035860 0.2157288 0.0927014 0.1283433 
S0405         0.3413351 0.4129547 0.3424581 0.0832335 0.1055756 0.0378174 0.1675528 0.0572494 0.0737709 0.0987174 0.0900629 0.0082686 0.0878499 0.0696987 0.0142381 0.0483254 0.1257871 0.0776307 0.1423212 0.1009385 0.1231562 0.0821689 0.0646533 0.1008650 0.0786004 0.0943497 0.0000000 0.0853480 0.0698852 0.0757060 0.0813616 0.0529244 0.0756152 0.0720146 0.0579526 0.0796760 0.0671579 0.0793769 0.0889010 0.0901148 0.0340950 0.0101128 0.1234409 0.0465990 0.0865466 0.0437561 0.0046764 0.0724956 0.0698703 0.1551046 0.0623327 0.0804871 0.0884140 0.0101086 0.0913902 0.0761969 0.0061471 0.0761149 0.0763281 0.0696067 0.0774567 0.0839101 0.0768729 0.0837101 0.0812061 0.0623503 0.0889812 0.0822824 0.0786370 0.0798033 0.0842592 0.0723768 0.0492856 0.1081285 0.1525919 0.0597792 0.0829996 0.0696810 0.0627620 0.0772931 0.1353612 0.0785175 0.1409814 0.0632284 0.0969612 0.0796231 0.0851998 0.0474737 0.0967052 0.1732114 0.0062564 0.0361999 0.0772012 0.0847368 0.0639942 0.0690504 0.0720511 0.0774394 0.1174101 0.0751769 0.0863807 0.0795745 0.0080255 0.0650368 0.0721199 0.0817776 0.0102354 0.0081241 0.0645056 0.0974767 0.0341454 0.0698485 0.0718029 0.0698143 0.0974724 0.0317624 0.0761149 0.0860829 0.0993977 0.0807771 0.0102519 0.0426373 
S0407sl       0.3974341 0.5637869 0.4253731 0.0996266 0.0872469 0.1280894 0.2466639 0.0771114 0.0768822 0.0595185 0.1254955 0.0845626 0.0339759 0.0792433 0.0896133 0.0867530 0.0842040 0.0879142 0.1777745 0.0522081 0.1227019 0.0523867 0.0794221 0.1192830 0.0890098 0.2057248 0.0853480 0.0000000 0.0868321 0.0237363 0.1003600 0.0724420 0.0484612 0.0741086 0.0552281 0.0862982 0.0784986 0.0735776 0.0943424 0.0487590 0.0934700 0.0953297 0.0760821 0.0415492 0.0721857 0.0724383 0.0785626 0.0928076 0.0747806 0.1549096 0.0756149 0.0931314 0.1015868 0.0893533 0.1012062 0.0918641 0.0790431 0.0968358 0.0888875 0.0786031 0.1008338 0.0732610 0.0760054 0.0695760 0.0699497 0.0688202 0.0672649 0.0862869 0.0804408 0.0840733 0.1003776 0.0839220 0.0609983 0.1135915 0.1640337 0.0798171 0.0846770 0.0737603 0.0717524 0.0788467 0.1359030 0.0942554 0.1222118 0.0521403 0.1094042 0.1033600 0.0818727 0.0812018 0.0977552 0.1655398 0.0833151 0.0815133 0.0846005 0.0427689 0.0496590 0.0611967 0.0797711 0.0671615 0.0669972 0.0789207 0.0834074 0.0820714 0.0896083 0.0594828 0.0851763 0.0914925 0.0888156 0.0826280 0.0894635 0.0958295 0.0700360 0.0599205 0.0975724 0.0793754 0.0397957 0.0692866 0.0968358 0.0292186 0.1047302 0.0722782 0.0861909 0.0943076 
S0412sl       0.3541316 0.4657602 0.3797761 0.0931827 0.0819331 0.1057029 0.1939738 0.0541300 0.0690863 0.0924582 0.1320588 0.0639720 0.0817727 0.0665104 0.0771498 0.0725414 0.1197300 0.0826928 0.1586864 0.0913555 0.1099951 0.0861515 0.0711366 0.0964734 0.0579793 0.1758396 0.0698852 0.0868321 0.0000000 0.0747495 0.0737243 0.0476599 0.0724982 0.0661216 0.0571792 0.0763039 0.0518784 0.0790757 0.0852306 0.0838511 0.0727658 0.0696336 0.1125761 0.0509519 0.0985207 0.0362558 0.0559199 0.0873339 0.0642041 0.1642899 0.0402281 0.0931643 0.1009359 0.0770244 0.0879412 0.0659930 0.0636641 0.0659238 0.0633302 0.0712805 0.0949182 0.0804245 0.0784442 0.0878504 0.0871778 0.0640721 0.0876816 0.0714815 0.0749940 0.0816454 0.0941093 0.0789238 0.0578508 0.1064765 0.1648713 0.0715222 0.0816726 0.0688083 0.0695324 0.0769664 0.1406851 0.0682625 0.1224667 0.0758441 0.1033230 0.0917457 0.0817955 0.0594907 0.0852477 0.1642197 0.0569093 0.0664900 0.0714464 0.0787687 0.0635108 0.0764971 0.0690604 0.0765415 0.1157788 0.0699234 0.0778053 0.0738799 0.0692689 0.0595577 0.0814758 0.0758698 0.0626471 0.0600747 0.0681564 0.0910190 0.0504928 0.0691904 0.0810085 0.0591195 0.0792614 0.0500749 0.0659238 0.0925011 0.0979038 0.0984219 0.0683859 0.0638219 
S0417         0.3444312 0.5156255 0.4217946 0.0808989 0.0782297 0.1134653 0.2134344 0.0594298 0.0535060 0.0399958 0.1171078 0.0718401 0.0260005 0.0616169 0.0806414 0.0695389 0.0722286 0.0697550 0.1636372 0.0445089 0.1051186 0.0375683 0.0617449 0.0939778 0.0706342 0.1936059 0.0757060 0.0237363 0.0747495 0.0000000 0.0772553 0.0572198 0.0334095 0.0606474 0.0425529 0.0686817 0.0690767 0.0640748 0.0731834 0.0290210 0.0812547 0.0832196 0.0603274 0.0326759 0.0696258 0.0522588 0.0587107 0.0676656 0.0612005 0.1380093 0.0616721 0.0748855 0.0809482 0.0772910 0.0804873 0.0691024 0.0663909 0.0714750 0.0662912 0.0635800 0.0781926 0.0655116 0.0562406 0.0694750 0.0628134 0.0514534 0.0546810 0.0687490 0.0635710 0.0714946 0.0792922 0.0688065 0.0449143 0.0950708 0.1496623 0.0593143 0.0718257 0.0587494 0.0559117 0.0682830 0.1285878 0.0714820 0.1159497 0.0391490 0.0926428 0.0775669 0.0692028 0.0641301 0.0769180 0.1581575 0.0706161 0.0668992 0.0693985 0.0303947 0.0454288 0.0530588 0.0637522 0.0569999 0.0519439 0.0720182 0.0652009 0.0633847 0.0775137 0.0516187 0.0723894 0.0737924 0.0762965 0.0703860 0.0771071 0.0774621 0.0551172 0.0426184 0.0712486 0.0593129 0.0383498 0.0546289 0.0714750 0.0378115 0.0864095 0.0644026 0.0736617 0.0769339 
S0419         0.3451062 0.4789181 0.3966471 0.0922606 0.0867030 0.1044696 0.1871239 0.0737670 0.0225644 0.1078822 0.0859231 0.0834154 0.0942895 0.0713897 0.0887162 0.0775109 0.1276116 0.0928768 0.1734477 0.1103328 0.1294105 0.0960833 0.0682907 0.0885532 0.0750430 0.1880268 0.0813616 0.1003600 0.0737243 0.0772553 0.0000000 0.0687943 0.0796200 0.0765232 0.0740139 0.0812242 0.0710222 0.0917626 0.0960946 0.0992694 0.0931875 0.0810888 0.1326731 0.0531452 0.1009555 0.0666282 0.0668339 0.0406406 0.0746329 0.1334059 0.0712629 0.1011008 0.0899221 0.0860685 0.0983501 0.0080258 0.0752264 0.0120861 0.0100694 0.0835599 0.0448763 0.0897029 0.0809190 0.0902346 0.0920638 0.0736614 0.1006517 0.0863422 0.0791649 0.0866230 0.0931064 0.0941016 0.0670553 0.0620697 0.1260435 0.0685496 0.0820403 0.0786658 0.0771789 0.0898226 0.1172733 0.0100428 0.1032649 0.0784088 0.0959318 0.0854786 0.0842267 0.0763465 0.0920753 0.1333056 0.0741798 0.0835593 0.0733952 0.0886464 0.0668251 0.0758541 0.0770372 0.0862486 0.1348603 0.0901451 0.0858591 0.0845495 0.0806448 0.0716897 0.0785815 0.0779771 0.0746851 0.0719535 0.0763150 0.0981472 0.0671158 0.0711358 0.0737601 0.0690563 0.1086322 0.0665410 0.0120861 0.1087640 0.0546383 0.0897975 0.0821606 0.0939258 
S0427         0.3297264 0.4703371 0.3658259 0.0695434 0.0743192 0.0872919 0.1744965 0.0475415 0.0618345 0.0844030 0.0818067 0.0516447 0.0669582 0.0639314 0.0599207 0.0642188 0.1084794 0.0722798 0.1450912 0.0863347 0.0958692 0.0736504 0.0520211 0.0799086 0.0341279 0.1537434 0.0529244 0.0724420 0.0476599 0.0572198 0.0687943 0.0000000 0.0626651 0.0637686 0.0432423 0.0712328 0.0452076 0.0691124 0.0751776 0.0735303 0.0603527 0.0527424 0.0988035 0.0363630 0.0878425 0.0296976 0.0448660 0.0698294 0.0593565 0.1447794 0.0453472 0.0771626 0.0827238 0.0551165 0.0795828 0.0610650 0.0490641 0.0611264 0.0585798 0.0614963 0.0795321 0.0677273 0.0613610 0.0799438 0.0750936 0.0493857 0.0793993 0.0711852 0.0669366 0.0691202 0.0757528 0.0689142 0.0552865 0.0899794 0.1369968 0.0546078 0.0641448 0.0615589 0.0545010 0.0716249 0.1316982 0.0634400 0.1134741 0.0623257 0.0751696 0.0685915 0.0615548 0.0499674 0.0824561 0.1418387 0.0500253 0.0544966 0.0592838 0.0660965 0.0609073 0.0687046 0.0666822 0.0690429 0.0968883 0.0697732 0.0729176 0.0689635 0.0524651 0.0546781 0.0642733 0.0757101 0.0510879 0.0458534 0.0639329 0.0881560 0.0411457 0.0594030 0.0670479 0.0640357 0.0724541 0.0429600 0.0611264 0.0797017 0.0818542 0.0902885 0.0536233 0.0569155 
