95
CRNC        0.0000000 0.4699742 0.5588639 0.7080658 0.4624437 0.6923203 0.6547945 0.7004445 0.7129207 0.6223378 0.6892697 0.6775712 0.6877718 0.6892697 0.6932814 0.8155328 0.7199363 0.6759757 0.7514234 0.7153094 0.6621417 0.6606519 0.6432571 0.6282164 0.6593496 0.7138593 0.7484558 0.7535913 0.6603097 0.6991778 0.6232678 0.6759757 0.6942135 0.7029617 0.5672867 0.6885172 0.6828190 0.8215883 0.6569781 0.5433874 0.6836917 0.6926716 0.7027400 0.6926716 0.7251368 0.6514835 0.6632750 0.6655793 0.7319504 0.7066217 0.6879445 0.6938423 0.6556462 0.6742823 0.6424472 0.6610478 0.6924842 0.7442785 0.6899864 0.7214084 0.6574515 0.6093530 0.6137073 0.6849607 0.7235793 0.7239246 0.6333338 0.6936784 0.6885172 0.6620920 0.6342407 0.6593496 0.7153698 0.7341815 0.6482775 0.8272141 0.8272141 0.7154009 0.6418374 0.7104255 0.7145742 0.6530817 0.6416252 0.6682986 0.7970600 0.4859677 0.6942008 0.6562373 0.6859639 0.6595373 0.8201032 0.7153698 0.7118569 0.7613829 0.6288326 
HYZL        0.4699742 0.0000000 0.1583094 0.4064904 0.2245249 0.4026090 0.4492827 0.4539329 0.3633658 0.4522503 0.4011186 0.4079882 0.4167248 0.4011186 0.3305403 0.5205464 0.3759524 0.3405882 0.4805244 0.5645806 0.4645950 0.3956499 0.3648444 0.4203136 0.3300085 0.4458273 0.4996099 0.3968722 0.4284604 0.5206077 0.3951121 0.3405882 0.4272820 0.3190209 0.4005018 0.3891732 0.4839835 0.5259910 0.4293180 0.3831746 0.3983945 0.4491898 0.4102243 0.4491898 0.4744057 0.4311743 0.4819654 0.5094167 0.4107620 0.3342277 0.4178789 0.4652729 0.4228494 0.4890410 0.4144008 0.4411531 0.4632761 0.5052878 0.4254080 0.4681733 0.4884905 0.4458371 0.4439426 0.5019212 0.3879893 0.5092469 0.3792485 0.3923016 0.3891732 0.3747473 0.3751445 0.3300085 0.3756414 0.3612395 0.4203236 0.5224968 0.5420097 0.5706873 0.4413968 0.4277754 0.3900511 0.4522132 0.3761445 0.5156150 0.3532299 0.2630314 0.3973983 0.4037029 0.4491898 0.3758891 0.5671931 0.3756414 0.4158237 0.5345231 0.3829072 
MYZV        0.5588639 0.1583094 0.0000000 0.5121325 0.3118687 0.5675045 0.6034932 0.5118576 0.4949816 0.4540838 0.5695765 0.5129742 0.5040020 0.5695765 0.4069362 0.5866323 0.5031557 0.4669304 0.5698226 0.7104444 0.5569026 0.6048194 0.4876746 0.6048684 0.4540269 0.5340741 0.6240079 0.5501636 0.5190406 0.6771139 0.5841691 0.4669304 0.5864988 0.4609419 0.5614314 0.5545826 0.5221918 0.5924184 0.5047381 0.5087340 0.5515689 0.5063455 0.5626695 0.5063455 0.5339746 0.5127916 0.5552625 0.5416767 0.5481506 0.4731788 0.5114922 0.5264216 0.5137842 0.5311238 0.5618034 0.5332376 0.6068677 0.5779305 0.6038579 0.5838362 0.5461148 0.4714087 0.4975580 0.5703078 0.4735970 0.6979015 0.4658102 0.4710479 0.5545826 0.5452420 0.4266442 0.4540269 0.5056918 0.4938909 0.5093530 0.5569130 0.5771961 0.6339110 0.6357648 0.4883751 0.5566087 0.6015869 0.4599485 0.6683351 0.4507115 0.4159695 0.4976230 0.5694307 0.5008876 0.4728595 0.6335384 0.5056918 0.5893008 0.5730011 0.5449560 
SRR6441723  0.7080658 0.4064904 0.5121325 0.0000000 0.0292307 0.1273371 0.1207852 0.0658662 0.1079145 0.0805051 0.1183791 0.1296891 0.0652276 0.1183791 0.1028801 0.1675478 0.1085225 0.0951549 0.0659369 0.1160586 0.1103567 0.1283012 0.1215387 0.1021922 0.0961655 0.0789497 0.1487054 0.1191280 0.0539027 0.1368803 0.1179389 0.0951549 0.1313145 0.1152286 0.1000451 0.1113187 0.0552486 0.1602640 0.1904484 0.0828872 0.1101199 0.0653979 0.1202650 0.0653979 0.0725759 0.0659606 0.0613517 0.1041688 0.0946298 0.1008506 0.0480398 0.1132953 0.0544190 0.0735939 0.0665359 0.0597131 0.1229495 0.0930698 0.1703860 0.1537051 0.1148900 0.0438523 0.0600039 0.0847953 0.0422824 0.1337578 0.0367511 0.1743967 0.1113187 0.1384433 0.0377252 0.0961655 0.1023566 0.0824902 0.0849531 0.1682957 0.1682957 0.1330408 0.0947409 0.0563748 0.1134807 0.1234646 0.0588411 0.1522735 0.1074755 0.0379355 0.0421053 0.1338236 0.0664939 0.1147366 0.1154097 0.1023566 0.1259665 0.1012112 0.1243722 
ERR4210213  0.4624437 0.2245249 0.3118687 0.0292307 0.0000000 0.0000010 0.0960388 0.0456123 0.0603320 0.0441800 0.0618567 0.0605428 0.0768966 0.0618567 0.0625919 0.1540398 0.0608459 0.0445427 0.0137401 0.0000010 0.1010540 0.0618567 0.0779264 0.0827177 0.0445427 0.0447213 0.1256749 0.0467959 0.0291015 0.0456576 0.0593781 0.0445427 0.0634139 0.0445427 0.0965663 0.0618567 0.0605771 0.1345648 0.1509104 0.1016777 0.0451025 0.0447213 0.0829502 0.0447213 0.0447213 0.0775810 0.0605771 0.0777238 0.0769185 0.0443224 0.0450794 0.1376142 0.0295382 0.0461494 0.0616498 0.0291015 0.0785814 0.0451025 0.1168383 0.0936434 0.1312362 0.0293464 0.0610954 0.0447213 0.0301317 0.1137590 0.0447213 0.1124382 0.0618567 0.0801499 0.0000025 0.0445427 0.0769185 0.0447213 0.0434649 0.1540398 0.1345648 0.0948625 0.0613113 0.0484935 0.0446971 0.0785257 0.0447213 0.1402751 0.0000010 0.0291015 0.0447213 0.0808914 0.0447213 0.0779264 0.0451025 0.0769185 0.0618567 0.0811662 0.0446971 
ERR2789774  0.6923203 0.4026090 0.5675045 0.1273371 0.0000010 0.0000000 0.0554194 0.1984654 0.2461780 0.1894367 0.0177629 0.2836799 0.1975537 0.0177629 0.2477774 0.1898710 0.2752870 0.2316176 0.1577946 0.1393150 0.0839723 0.0274829 0.2185378 0.1075039 0.2185378 0.2384529 0.1138011 0.2867111 0.1840437 0.1386389 0.1536236 0.2316176 0.0456251 0.2671348 0.0988442 0.0269785 0.1385979 0.1902044 0.2665157 0.1217838 0.0272263 0.1984654 0.0177629 0.1984654 0.2208274 0.1446984 0.1328406 0.1696225 0.2052686 0.2277614 0.1443247 0.1833864 0.1856457 0.2188510 0.1722695 0.1703296 0.1931689 0.1803744 0.2222049 0.2184266 0.2026485 0.1661216 0.1707982 0.2170834 0.1424376 0.0752905 0.1547195 0.2717071 0.0269785 0.0266657 0.1370272 0.2185378 0.2091640 0.2023650 0.1441601 0.1780090 0.1902044 0.2758010 0.0996600 0.1921289 0.0177629 0.0777925 0.1526738 0.0554194 0.2069040 0.0000010 0.1820813 0.0270441 0.2193842 0.2316176 0.1803744 0.2091640 0.0270853 0.1664786 0.0363029 
S0055       0.6547945 0.4492827 0.6034932 0.1207852 0.0960388 0.0554194 0.0000000 0.1611110 0.1866273 0.1568929 0.0619843 0.1899627 0.1443974 0.0619843 0.1947516 0.1944289 0.1851385 0.1718029 0.1564153 0.1150176 0.0737193 0.0764605 0.1725161 0.0994375 0.1647766 0.1794704 0.0794682 0.1718770 0.1392500 0.1151583 0.1193178 0.1718029 0.0494847 0.1957158 0.1137109 0.0681249 0.1480604 0.1870486 0.2230982 0.1223725 0.0554299 0.1598194 0.0693139 0.1598194 0.1707834 0.1399372 0.1445828 0.1402854 0.1781259 0.1548393 0.1383734 0.1641169 0.1334441 0.1598968 0.1423827 0.1319211 0.1738553 0.1667231 0.1689809 0.2293851 0.1736425 0.1218987 0.1325741 0.1636548 0.1395427 0.0661755 0.1230059 0.2393327 0.0681249 0.0553187 0.1127290 0.1647766 0.1817037 0.1345797 0.1187841 0.1795387 0.1795387 0.1958266 0.1051641 0.1610065 0.0635562 0.0156858 0.1423682 0.0551052 0.2066827 0.0946183 0.1293141 0.0503074 0.1701502 0.1796350 0.2095895 0.1817037 0.0683014 0.1781201 0.0555008 
S0196sl     0.7004445 0.4539329 0.5118576 0.0658662 0.0456123 0.1984654 0.1611110 0.0000000 0.0762817 0.0487070 0.1664022 0.0960488 0.0773386 0.1664022 0.0712298 0.1956666 0.0766986 0.0644418 0.1180753 0.2037043 0.1526653 0.1689239 0.0766072 0.1413270 0.0651123 0.0101055 0.1970547 0.0855211 0.0778420 0.1638299 0.1387279 0.0644418 0.1739281 0.0828660 0.1130589 0.1585741 0.0265328 0.1879043 0.1945356 0.1101796 0.1566985 0.0000030 0.1780645 0.0000030 0.0050101 0.1035526 0.0381931 0.1509551 0.1180660 0.0954399 0.0715633 0.1518238 0.0786109 0.0993679 0.0915497 0.0839865 0.1293468 0.0662903 0.1771846 0.1449517 0.1459439 0.0497991 0.0844025 0.1043389 0.0661235 0.1936464 0.0658923 0.1717794 0.1585741 0.1817772 0.0551988 0.0651123 0.1181924 0.0894375 0.1039700 0.1965401 0.1965401 0.1666476 0.1651724 0.0749865 0.1712771 0.1722036 0.0643275 0.1803629 0.0867727 0.0517709 0.0534913 0.1774759 0.0049925 0.0705138 0.1005540 0.1181924 0.1750013 0.0733823 0.1725444 
S0278       0.7129207 0.3633658 0.4949816 0.1079145 0.0603320 0.2461780 0.1866273 0.0762817 0.0000000 0.1303645 0.1926510 0.0354821 0.1199510 0.1926510 0.0252641 0.1992015 0.0303344 0.0096744 0.1504973 0.2810704 0.1905707 0.1955419 0.0299504 0.1826888 0.0146313 0.0895676 0.2306363 0.0413573 0.1020264 0.2022369 0.1768287 0.0096744 0.1843710 0.0248241 0.1066292 0.1849731 0.1048449 0.1918007 0.1906271 0.1505904 0.1828407 0.0757445 0.2045497 0.0757445 0.0831239 0.1290367 0.1033829 0.1824520 0.0683488 0.0459930 0.1010095 0.1901983 0.0967628 0.1252531 0.1035216 0.1084484 0.1352937 0.1368457 0.1753261 0.1227652 0.1845207 0.0988791 0.1222323 0.1440037 0.0886377 0.2187076 0.1007815 0.1499615 0.1849731 0.2076028 0.0844237 0.0146313 0.0528134 0.0628046 0.1331995 0.2000422 0.2000422 0.2072364 0.1912033 0.0994459 0.1980321 0.1979839 0.0812325 0.2118485 0.0257005 0.0243545 0.0698621 0.2038292 0.0828332 0.0247523 0.1793534 0.0528134 0.2011832 0.1462975 0.1829858 
S0281       0.6223378 0.4522503 0.4540838 0.0805051 0.0441800 0.1894367 0.1568929 0.0487070 0.1303645 0.0000000 0.1699127 0.1467135 0.0925201 0.1699127 0.1167626 0.1705958 0.1391399 0.1167762 0.0741090 0.1416213 0.1402802 0.1824976 0.1309268 0.1302631 0.1167762 0.0611301 0.1759911 0.1432357 0.0809899 0.1543736 0.1358954 0.1167762 0.1697636 0.1228388 0.1225983 0.1618891 0.0504194 0.1631888 0.1976762 0.1121872 0.1681374 0.0483640 0.1699127 0.0483640 0.0550324 0.1078968 0.0634713 0.1060627 0.1516131 0.1454657 0.0929987 0.1553002 0.0818243 0.1036436 0.0953873 0.0874160 0.1547810 0.1006490 0.2279657 0.1775403 0.1178144 0.0510670 0.0749875 0.1087940 0.0945072 0.1814636 0.0742313 0.1995610 0.1618891 0.1856604 0.0623394 0.1167762 0.1500583 0.1319473 0.0858231 0.1713649 0.1713649 0.1600666 0.1386634 0.1046998 0.1750000 0.1607032 0.1105521 0.1682668 0.1732858 0.0675865 0.0858490 0.1900481 0.0491596 0.1238649 0.1401309 0.1500583 0.1787443 0.1015241 0.1601648 
S0282       0.6892697 0.4011186 0.5695765 0.1183791 0.0618567 0.0177629 0.0619843 0.1664022 0.1926510 0.1699127 0.0000000 0.2123015 0.1489471 0.0000010 0.2013762 0.2039457 0.2075585 0.1772109 0.1615955 0.1565447 0.0894239 0.0104482 0.1934625 0.1307946 0.1699049 0.1856608 0.1167010 0.1935017 0.1591467 0.1350084 0.1263571 0.1772109 0.0440283 0.2021750 0.1172635 0.0050637 0.1465517 0.1964076 0.2785980 0.1328242 0.0208992 0.1650209 0.0051405 0.1650209 0.1765525 0.1600327 0.1429776 0.1696440 0.1616590 0.1536971 0.1349215 0.1809271 0.1610204 0.1897260 0.1629186 0.1513199 0.1638680 0.1560589 0.2165866 0.2174798 0.2053346 0.1412438 0.1679349 0.1858741 0.1439697 0.0875101 0.1415421 0.2500782 0.0050637 0.0322089 0.1088143 0.1699049 0.1661843 0.1468776 0.1352346 0.1887356 0.1887356 0.2307325 0.1160371 0.1747658 0.0105586 0.0692642 0.1379563 0.0887359 0.1995717 0.0992443 0.1332474 0.0320610 0.1758771 0.2010416 0.1853597 0.1661843 0.0050748 0.1674310 0.0154797 
S0289       0.6775712 0.4079882 0.5129742 0.1296891 0.0605428 0.2836799 0.1899627 0.0960488 0.0354821 0.1467135 0.2123015 0.0000000 0.1422379 0.2123015 0.0418434 0.1868849 0.0470924 0.0249922 0.1828020 0.3411518 0.2113676 0.2156564 0.0464583 0.1937308 0.0302447 0.1104142 0.2532446 0.0588971 0.1294377 0.2386622 0.1800578 0.0249922 0.2035256 0.0410758 0.1214228 0.2042669 0.1201209 0.1953974 0.1852068 0.1557969 0.1860567 0.0953507 0.2251226 0.0953507 0.1034949 0.1583398 0.1183809 0.1697872 0.0887587 0.0634640 0.1157581 0.1652268 0.1241141 0.1430214 0.1314319 0.1362697 0.1587701 0.1607778 0.1707294 0.1458234 0.1719131 0.1199652 0.1510745 0.1596982 0.1091966 0.2390613 0.1219615 0.1597203 0.2042669 0.2115187 0.0985475 0.0302447 0.0711449 0.0812892 0.1353699 0.2038402 0.2038402 0.1940803 0.2186170 0.1215611 0.2183930 0.2016411 0.1010262 0.2319478 0.0544158 0.0244274 0.0891095 0.2077209 0.1031288 0.0409467 0.2069190 0.0711449 0.2133687 0.1712574 0.2019667 
S0292       0.6877718 0.4167248 0.5040020 0.0652276 0.0768966 0.1975537 0.1443974 0.0773386 0.1199510 0.0925201 0.1489471 0.1422379 0.0000000 0.1489471 0.1149903 0.2013227 0.1206263 0.1069820 0.0832866 0.1471675 0.1260135 0.1602453 0.1204568 0.1336552 0.1081150 0.0908112 0.1593788 0.1237148 0.0534966 0.1640346 0.1176081 0.1069820 0.1474239 0.1274636 0.1194822 0.1414228 0.0612793 0.1935797 0.2416509 0.1029014 0.1548038 0.0767874 0.1598319 0.0767874 0.0842799 0.0898056 0.0674915 0.1405311 0.1174671 0.1014864 0.0531191 0.1651827 0.0540056 0.0730003 0.0604845 0.0592589 0.1506687 0.1053563 0.2132184 0.1595269 0.1446377 0.0491049 0.0595449 0.0780179 0.0830526 0.1602974 0.0475858 0.1986898 0.1414228 0.1638038 0.0486219 0.1081150 0.1246314 0.1082042 0.1167347 0.2022075 0.2022075 0.1650675 0.1479862 0.0498750 0.1532170 0.1477494 0.0699832 0.1687032 0.1455248 0.0507355 0.0361617 0.1752288 0.0780855 0.1137302 0.1447068 0.1246314 0.1571466 0.1138399 0.1400086 
S0293       0.6892697 0.4011186 0.5695765 0.1183791 0.0618567 0.0177629 0.0619843 0.1664022 0.1926510 0.1699127 0.0000010 0.2123015 0.1489471 0.0000000 0.2013762 0.2039457 0.2075585 0.1772109 0.1615955 0.1565447 0.0894239 0.0104482 0.1934625 0.1307946 0.1699049 0.1856608 0.1167010 0.1935017 0.1591467 0.1350084 0.1263571 0.1772109 0.0440283 0.2021750 0.1172635 0.0050637 0.1465517 0.1964076 0.2785980 0.1328242 0.0208992 0.1650209 0.0051405 0.1650209 0.1765525 0.1600327 0.1429776 0.1696440 0.1616590 0.1536971 0.1349215 0.1809271 0.1610204 0.1897260 0.1629186 0.1513199 0.1638680 0.1560589 0.2165866 0.2174798 0.2053346 0.1412438 0.1679349 0.1858741 0.1439697 0.0875101 0.1415421 0.2500782 0.0050637 0.0322089 0.1088143 0.1699049 0.1661843 0.1468776 0.1352346 0.1887356 0.1887356 0.2307325 0.1160371 0.1747658 0.0105586 0.0692642 0.1379563 0.0887359 0.1995717 0.0992443 0.1332474 0.0320610 0.1758771 0.2010416 0.1853597 0.1661843 0.0050748 0.1674310 0.0154797 
S0299       0.6932814 0.3305403 0.4069362 0.1028801 0.0625919 0.2477774 0.1947516 0.0712298 0.0252641 0.1167626 0.2013762 0.0418434 0.1149903 0.2013762 0.0000000 0.2083626 0.0365138 0.0149438 0.1541835 0.2848000 0.1955647 0.2045705 0.0360304 0.1846357 0.0200966 0.0844615 0.2420285 0.0480500 0.0971526 0.2188253 0.1847244 0.0149438 0.1926069 0.0251379 0.1242189 0.1932883 0.0923240 0.2005593 0.1963336 0.1569300 0.1909490 0.0707241 0.2140882 0.0707241 0.0780299 0.1242609 0.1055582 0.1807420 0.0697340 0.0527550 0.0959867 0.1988004 0.0918193 0.1203459 0.0985860 0.1036014 0.1408156 0.1318100 0.1830879 0.1277529 0.1929005 0.0922233 0.1174257 0.1392672 0.0781352 0.2285898 0.0957696 0.1622611 0.1932883 0.2170894 0.0724998 0.0200966 0.0600500 0.0703129 0.1385633 0.1992584 0.2092706 0.2172229 0.1935866 0.0884676 0.2072584 0.2068666 0.0823860 0.2213955 0.0353972 0.0250688 0.0648409 0.2132708 0.0777534 0.0306173 0.1743249 0.0600500 0.2104058 0.1412104 0.1911009 
S0303       0.8155328 0.5205464 0.5866323 0.1675478 0.1540398 0.1898710 0.1944289 0.1956666 0.1992015 0.1705958 0.2039457 0.1868849 0.2013227 0.2039457 0.2083626 0.0000000 0.2208609 0.1834902 0.2024855 0.2283823 0.2260361 0.2172352 0.2162371 0.2012882 0.1915958 0.2164320 0.2513032 0.2171847 0.1949955 0.2416398 0.1586026 0.1834902 0.2097756 0.2089564 0.1739248 0.1959859 0.1919869 0.0246948 0.2040259 0.1809781 0.1954204 0.1940209 0.2022628 0.1940209 0.2066586 0.2303355 0.1871273 0.1005197 0.2101036 0.1818133 0.1705108 0.0829996 0.1876322 0.1969439 0.2156467 0.2032651 0.2085774 0.2574768 0.2585148 0.2295933 0.1040951 0.1942142 0.2215928 0.2063043 0.2051330 0.2276024 0.1854435 0.2267641 0.1959859 0.1933062 0.1654646 0.1915958 0.2036685 0.1826211 0.0972342 0.0298806 0.0196480 0.1070418 0.2409170 0.1852051 0.2097918 0.1980476 0.2067717 0.2482551 0.1404857 0.1970139 0.1761558 0.2139688 0.2058735 0.2077582 0.3021614 0.2036685 0.1888515 0.2481843 0.1939189 
S0320       0.7199363 0.3759524 0.5031557 0.1085225 0.0608459 0.2752870 0.1851385 0.0766986 0.0303344 0.1391399 0.2075585 0.0470924 0.1206263 0.2075585 0.0365138 0.2208609 0.0000000 0.0199397 0.1658804 0.2826030 0.1890509 0.2108553 0.0304603 0.1968823 0.0201381 0.0900689 0.2303325 0.0534101 0.1083230 0.2252299 0.1779025 0.0199397 0.1987564 0.0358493 0.1299899 0.1994738 0.1054516 0.2130402 0.1828927 0.1629351 0.1970654 0.0761553 0.2203757 0.0761553 0.0835848 0.1220895 0.1039726 0.1918993 0.0826598 0.0580429 0.1015721 0.1758769 0.1030609 0.1320024 0.1099245 0.1148180 0.1325199 0.1376450 0.1613460 0.1395516 0.1856524 0.1053263 0.1153904 0.1508686 0.0891281 0.2180913 0.1013421 0.1366829 0.1994738 0.2232327 0.0848983 0.0201381 0.0655210 0.0757156 0.1339570 0.2217974 0.2217974 0.2085596 0.2058884 0.1000248 0.2135804 0.1967792 0.0697787 0.2110373 0.0450090 0.0245261 0.0702389 0.2195207 0.0832911 0.0251682 0.1804624 0.0655210 0.2166094 0.1471715 0.1972154 
S0327       0.6759757 0.3405882 0.4669304 0.0951549 0.0445427 0.2316176 0.1718029 0.0644418 0.0096744 0.1167762 0.1772109 0.0249922 0.1069820 0.1772109 0.0149438 0.1834902 0.0199397 0.0000000 0.1504973 0.2647592 0.1742455 0.1797918 0.0196939 0.1676683 0.0048111 0.0772109 0.2134428 0.0305752 0.0949857 0.1924655 0.1617501 0.0000010 0.1692054 0.0146897 0.1066292 0.1697151 0.0917982 0.1762684 0.1721164 0.1365429 0.1677961 0.0639931 0.1885538 0.0639931 0.0709881 0.1213974 0.0905450 0.1667672 0.0560896 0.0352767 0.0884977 0.1748203 0.0897630 0.1175208 0.0963538 0.1012751 0.1217690 0.1230965 0.1603853 0.1094063 0.1691379 0.0916987 0.1147396 0.1359852 0.0764323 0.2030343 0.0883027 0.1358917 0.1697151 0.1918767 0.0720988 0.0048111 0.0416434 0.0516083 0.1198684 0.1842741 0.1842741 0.1907361 0.1759370 0.0864347 0.1821185 0.1826237 0.0694068 0.1962825 0.0168870 0.0120165 0.0582736 0.1879368 0.0707397 0.0146491 0.1639571 0.0416434 0.1854801 0.1320618 0.1679395 
S0335       0.7514234 0.4805244 0.5698226 0.0659369 0.0137401 0.1577946 0.1564153 0.1180753 0.1504973 0.0741090 0.1615955 0.1828020 0.0832866 0.1615955 0.1541835 0.2024855 0.1658804 0.1504973 0.0000000 0.1095299 0.1385121 0.1737776 0.1656843 0.1363753 0.1521466 0.1336912 0.1738404 0.1799927 0.0665845 0.1613674 0.1248033 0.1504973 0.1460600 0.1674435 0.1291082 0.1536977 0.1012063 0.1947030 0.2633899 0.1337024 0.1599320 0.1171889 0.1732769 0.1171889 0.1262229 0.0918954 0.1082647 0.1330797 0.1629165 0.1659501 0.0782226 0.1705284 0.0672421 0.0875266 0.0799620 0.0726509 0.1772534 0.1505715 0.2460122 0.2070917 0.1600037 0.0621733 0.0730127 0.1057698 0.0661937 0.1471002 0.0722975 0.2397297 0.1536977 0.1771344 0.0488012 0.1521466 0.1685127 0.1523641 0.1103079 0.2033774 0.2033774 0.1898289 0.1132100 0.0958026 0.1568106 0.1601973 0.1091370 0.1758557 0.1971923 0.0828638 0.0837739 0.1651381 0.1193240 0.1581521 0.1696658 0.1685127 0.1702550 0.1608762 0.1520857 
S0345       0.7153094 0.5645806 0.7104444 0.1160586 0.0000010 0.1393150 0.1150176 0.2037043 0.2810704 0.1416213 0.1565447 0.3411518 0.1471675 0.1565447 0.2848000 0.2283823 0.2826030 0.2647592 0.1095299 0.0000000 0.1283415 0.1742705 0.2810704 0.0803470 0.2700366 0.2451845 0.1214426 0.2943452 0.1089543 0.1099843 0.1315038 0.2647592 0.1269937 0.3052791 0.1852757 0.1436167 0.1534680 0.2287646 0.3152406 0.1178973 0.1718078 0.2037043 0.1565447 0.2037043 0.2269282 0.0972563 0.1469472 0.1301579 0.2512006 0.2413047 0.1219109 0.1719354 0.1098539 0.1383323 0.1105082 0.1214670 0.2438489 0.2158043 0.2528428 0.2844614 0.1495721 0.1151409 0.0969647 0.1165615 0.1459605 0.1143802 0.1074734 0.3045487 0.1436167 0.1514923 0.1405657 0.2700366 0.2510961 0.2140592 0.1722618 0.2152231 0.2287646 0.2289203 0.0471453 0.1681444 0.1565447 0.1320209 0.1565753 0.0917211 0.2481654 0.0000010 0.1592760 0.1439196 0.2114656 0.2647592 0.2158043 0.2510961 0.1708328 0.2008879 0.1561118 
S0376       0.6621417 0.4645950 0.5569026 0.1103567 0.1010540 0.0839723 0.0737193 0.1526653 0.1905707 0.1402802 0.0894239 0.2113676 0.1260135 0.0894239 0.1955647 0.2260361 0.1890509 0.1742455 0.1385121 0.1283415 0.0000000 0.0979609 0.1604625 0.1199618 0.1665260 0.1722966 0.0225625 0.1612959 0.1337469 0.1284221 0.1154628 0.1742455 0.0814642 0.2006408 0.1401130 0.0823886 0.1376147 0.2175833 0.2683120 0.1052477 0.0822890 0.1513378 0.0985286 0.1513378 0.1629762 0.1190315 0.1369096 0.1648347 0.1738334 0.1494675 0.1270377 0.1912074 0.1353373 0.1631844 0.1360301 0.1415249 0.1782277 0.1320722 0.2353726 0.2104028 0.1800862 0.1064991 0.1114903 0.1435376 0.1313509 0.0872301 0.1036959 0.2610993 0.0823886 0.1097793 0.1295013 0.1665260 0.1688540 0.1273991 0.1483059 0.2175833 0.2175833 0.2029403 0.1109441 0.1421207 0.0901459 0.0663946 0.1245706 0.0660714 0.2165041 0.0725775 0.1253989 0.0973454 0.1411390 0.1588902 0.1320722 0.1688540 0.0968924 0.1429956 0.0816193 
S0405       0.6606519 0.3956499 0.6048194 0.1283012 0.0618567 0.0274829 0.0764605 0.1689239 0.1955419 0.1824976 0.0104482 0.2156564 0.1602453 0.0104482 0.2045705 0.2172352 0.2108553 0.1797918 0.1737776 0.1742705 0.0979609 0.0000000 0.1963762 0.1410467 0.1723455 0.1886364 0.1259739 0.1965306 0.1667279 0.1426346 0.1248630 0.1797918 0.0573972 0.2052856 0.1241548 0.0157884 0.1581011 0.2093808 0.2847048 0.1433476 0.0326234 0.1674985 0.0160405 0.1674985 0.1793152 0.1676552 0.1541162 0.1822282 0.1641257 0.1558122 0.1456880 0.1932162 0.1686999 0.1978839 0.1707004 0.1588147 0.1757773 0.1681914 0.2200853 0.2162955 0.2192266 0.1488667 0.1756391 0.1938484 0.1460612 0.1036639 0.1525291 0.2543421 0.0157884 0.0447495 0.1187251 0.1723455 0.1686001 0.1488719 0.1455536 0.2118460 0.2118460 0.2463154 0.1256522 0.1878397 0.0219884 0.0844443 0.1398602 0.1051651 0.2019321 0.1008608 0.1438216 0.0445276 0.1786184 0.2041087 0.1936539 0.1686001 0.0158245 0.1803441 0.0268356 
S0407sl     0.6432571 0.3648444 0.4876746 0.1215387 0.0779264 0.2185378 0.1725161 0.0766072 0.0299504 0.1309268 0.1934625 0.0464583 0.1204568 0.1934625 0.0360304 0.2162371 0.0304603 0.0196939 0.1656843 0.2810704 0.1604625 0.1963762 0.0000000 0.1683806 0.0248229 0.0899543 0.1992941 0.0526681 0.1213094 0.2266321 0.1931204 0.0196939 0.1700162 0.0353845 0.1200347 0.1857577 0.1053062 0.2086298 0.1642785 0.1512293 0.1836087 0.0760653 0.2054162 0.0760653 0.0834815 0.1354713 0.1038319 0.1994378 0.0813388 0.0572414 0.1143453 0.2068531 0.1160489 0.1459499 0.1162282 0.1279609 0.1358667 0.1374340 0.1610747 0.1370864 0.2011768 0.1051823 0.1152297 0.1506282 0.1016159 0.1886122 0.1140799 0.1506008 0.1857577 0.2084596 0.0975183 0.0248229 0.0645742 0.0746167 0.1474989 0.2171385 0.2171385 0.2251650 0.1920026 0.1063923 0.1988808 0.1833886 0.0815744 0.1819392 0.0257005 0.0508871 0.0821191 0.1888517 0.0831885 0.0048368 0.1801325 0.0645742 0.2020265 0.1469343 0.1837552 
S0412sl     0.6282164 0.4203136 0.6048684 0.1021922 0.0827177 0.1075039 0.0994375 0.1413270 0.1826888 0.1302631 0.1307946 0.1937308 0.1336552 0.1307946 0.1846357 0.2012882 0.1968823 0.1676683 0.1363753 0.0803470 0.1199618 0.1410467 0.1683806 0.0000000 0.1605502 0.1591099 0.1143967 0.1770885 0.1117003 0.1433543 0.1258993 0.1676683 0.1292773 0.1855764 0.1288521 0.1236883 0.1206702 0.2098666 0.2497953 0.0917622 0.1223494 0.1401827 0.1407367 0.1401827 0.1506521 0.1267734 0.1178624 0.1248243 0.1837216 0.1591810 0.1048502 0.1708664 0.1042250 0.1190478 0.1115766 0.1187965 0.1695524 0.1620320 0.1956385 0.2322767 0.1507613 0.1011026 0.1051861 0.1348813 0.1199846 0.1196793 0.1180949 0.2706587 0.1236883 0.1082901 0.1002788 0.1605502 0.1871237 0.1382529 0.1278116 0.2183606 0.2021356 0.1793356 0.0872081 0.1154270 0.1344013 0.1079300 0.1233545 0.1354611 0.2197254 0.0679704 0.1185624 0.1174308 0.1429752 0.1755965 0.2125189 0.1871237 0.1240111 0.1734859 0.1367051 
S0417       0.6593496 0.3300085 0.4540269 0.0961655 0.0445427 0.2185378 0.1647766 0.0651123 0.0146313 0.1167762 0.1699049 0.0302447 0.1081150 0.1699049 0.0200966 0.1915958 0.0201381 0.0048111 0.1521466 0.2700366 0.1665260 0.1723455 0.0248229 0.1605502 0.0000000 0.0780299 0.2053477 0.0359804 0.0959927 0.1847273 0.1635721 0.0048111 0.1620196 0.0197499 0.1004545 0.1624887 0.0928008 0.1842741 0.1740570 0.1298582 0.1606677 0.0646541 0.1809971 0.0646541 0.0717359 0.1227040 0.0915196 0.1683733 0.0622721 0.0406569 0.0894301 0.1767869 0.0907220 0.1188127 0.0973898 0.1023514 0.1153161 0.1244412 0.1621793 0.1162200 0.1710588 0.0926988 0.1159708 0.1374681 0.0772343 0.1956356 0.0892309 0.1373793 0.1624887 0.1844471 0.0728687 0.0000010 0.0472598 0.0572522 0.1211439 0.1924094 0.1924094 0.1929814 0.1687088 0.0873848 0.1745948 0.1753565 0.0701214 0.1889287 0.0257005 0.0120165 0.0588735 0.1804257 0.0714825 0.0196939 0.1658355 0.0472598 0.1780585 0.1335336 0.1608090 
S0419       0.7138593 0.4458273 0.5340741 0.0789497 0.0447213 0.2384529 0.1794704 0.0101055 0.0895676 0.0611301 0.1856608 0.1104142 0.0908112 0.1856608 0.0844615 0.2164320 0.0900689 0.0772109 0.1336912 0.2451845 0.1722966 0.1886364 0.0899543 0.1591099 0.0780299 0.0000000 0.2191834 0.0997361 0.0914291 0.1851966 0.1561620 0.0772109 0.1934648 0.0965328 0.1368636 0.1774534 0.0381235 0.2082860 0.1942430 0.1262092 0.1752645 0.0100386 0.1982745 0.0100386 0.0153993 0.1183488 0.0504500 0.1695896 0.1345934 0.1024017 0.0848314 0.1698204 0.0923592 0.1143185 0.1059403 0.0978403 0.1547753 0.0794627 0.1867475 0.1626544 0.1638364 0.0625463 0.0983347 0.1192922 0.0792667 0.2136893 0.0789701 0.1810047 0.1774534 0.2016885 0.0680484 0.0780299 0.1339089 0.0962825 0.1188864 0.2173983 0.2173983 0.1862502 0.1841838 0.0890027 0.1912567 0.1914609 0.0770407 0.1999877 0.1129497 0.0509090 0.0658900 0.1975402 0.0153446 0.0835766 0.1157515 0.1339089 0.1947601 0.0870743 0.1918932 
S0427       0.7484558 0.4996099 0.6240079 0.1487054 0.1256749 0.1138011 0.0794682 0.1970547 0.2306363 0.1759911 0.1167010 0.2532446 0.1593788 0.1167010 0.2420285 0.2513032 0.2303325 0.2134428 0.1738404 0.1214426 0.0225625 0.1259739 0.1992941 0.1143967 0.2053477 0.2191834 0.0000000 0.2004546 0.1676710 0.1424636 0.1383239 0.2134428 0.0939069 0.2415637 0.1702547 0.1093842 0.1876179 0.2428979 0.2870330 0.1086383 0.1092137 0.1952944 0.1266921 0.1952944 0.2087710 0.1520106 0.1827047 0.1910370 0.2124881 0.1932011 0.1606997 0.2165186 0.1585815 0.1763855 0.1706068 0.1759819 0.2113087 0.1864525 0.2397402 0.2588917 0.2051353 0.1392139 0.1439185 0.1782668 0.1644519 0.0995712 0.1354575 0.2935679 0.1093842 0.1225018 0.1638181 0.2053477 0.2145367 0.1699231 0.1789423 0.2428979 0.2428979 0.2419810 0.1237780 0.1666086 0.1176446 0.0783949 0.1569036 0.0780152 0.2756115 0.0920548 0.1585403 0.1101831 0.1835969 0.1973361 0.1864525 0.2145367 0.1245605 0.1998882 0.1083209 
S0478       0.7535913 0.3968722 0.5501636 0.1191280 0.0467959 0.2867111 0.1718770 0.0855211 0.0413573 0.1432357 0.1935017 0.0588971 0.1237148 0.1935017 0.0480500 0.2171847 0.0534101 0.0305752 0.1799927 0.2943452 0.1612959 0.1965306 0.0526681 0.1770885 0.0359804 0.0997361 0.2004546 0.0000000 0.1246211 0.1934634 0.1705753 0.0305752 0.1848709 0.0471446 0.1370132 0.1855008 0.1162103 0.2092706 0.2091598 0.1584099 0.1832743 0.0848913 0.2059316 0.0848913 0.0928613 0.1537122 0.1144977 0.1997196 0.0834538 0.0361874 0.1174095 0.2074182 0.1192143 0.1502541 0.1345802 0.1314999 0.1482836 0.1501369 0.1863407 0.1410255 0.2078288 0.1160598 0.1463923 0.1700233 0.0964143 0.2044243 0.1171289 0.1701128 0.1855008 0.2090843 0.0943677 0.0359804 0.0660956 0.0529981 0.1459215 0.2181248 0.2181248 0.2265287 0.2082947 0.1164972 0.1991367 0.1831517 0.0961430 0.1842596 0.0451305 0.0249124 0.0718430 0.2051717 0.0925254 0.0469906 0.1961550 0.0660956 0.2024012 0.1604741 0.1834263 
S0552sl     0.6603097 0.4284604 0.5190406 0.0539027 0.0291015 0.1840437 0.1392500 0.0778420 0.1020264 0.0809899 0.1591467 0.1294377 0.0534966 0.1591467 0.0971526 0.1949955 0.1083230 0.0949857 0.0665845 0.1089543 0.1337469 0.1667279 0.1213094 0.1117003 0.0959927 0.0914291 0.1676710 0.1246211 0.0000000 0.1289770 0.1322199 0.0949857 0.1510213 0.1092419 0.1053425 0.1513841 0.0680067 0.1872559 0.2342920 0.1097877 0.1496056 0.0772835 0.1705761 0.0772835 0.0848428 0.0309021 0.0744033 0.1274343 0.1328635 0.1151864 0.0479626 0.1513017 0.0000030 0.0154277 0.0100938 0.0049513 0.1517959 0.1196892 0.1986416 0.1435240 0.1311351 0.0208036 0.0151298 0.0310952 0.0595405 0.1705947 0.0366994 0.2086634 0.1513841 0.1744279 0.0376041 0.0959927 0.1395561 0.1089573 0.1109979 0.1891238 0.1891238 0.1586782 0.1052350 0.0443475 0.1638055 0.1425091 0.0587453 0.1636415 0.1583873 0.0121690 0.0420391 0.1700318 0.0785997 0.1145234 0.1438212 0.1395561 0.1676467 0.1287358 0.1498230 
S0558       0.6991778 0.5206077 0.6771139 0.1368803 0.0456576 0.1386389 0.1151583 0.1638299 0.2022369 0.1543736 0.1350084 0.2386622 0.1640346 0.1350084 0.2188253 0.2416398 0.2252299 0.1924655 0.1613674 0.1099843 0.1284221 0.1426346 0.2266321 0.1433543 0.1847273 0.1851966 0.1424636 0.1934634 0.1289770 0.0000000 0.1259863 0.1924655 0.1260963 0.2191072 0.1394287 0.1272408 0.1676388 0.2333093 0.3183354 0.1085257 0.1339267 0.1638299 0.1459948 0.1638299 0.1757557 0.1296359 0.1633547 0.1650561 0.1933338 0.1742766 0.1400075 0.2049583 0.1304537 0.1569864 0.1292415 0.1364353 0.1686681 0.1646176 0.2723605 0.2029143 0.2013128 0.1110988 0.1371910 0.1535763 0.1495213 0.1228057 0.1176988 0.2888527 0.1272408 0.1409309 0.1256558 0.1847273 0.1963941 0.1599772 0.1567622 0.2356759 0.2356759 0.2269532 0.1160430 0.1725473 0.1192393 0.1249451 0.1607321 0.0956416 0.2087331 0.1277692 0.1556528 0.1445377 0.1750578 0.2177893 0.1960078 0.1963941 0.1434275 0.1664526 0.1259285 
S0616       0.6232678 0.3951121 0.5841691 0.1179389 0.0593781 0.1536236 0.1193178 0.1387279 0.1768287 0.1358954 0.1263571 0.1800578 0.1176081 0.1263571 0.1847244 0.1586026 0.1779025 0.1617501 0.1248033 0.1315038 0.1154628 0.1248630 0.1931204 0.1258993 0.1635721 0.1561620 0.1383239 0.1705753 0.1322199 0.1259863 0.0000000 0.1617501 0.1263190 0.1860177 0.1402070 0.1191452 0.1619200 0.1514789 0.2276787 0.0968502 0.1334815 0.1376199 0.1363782 0.1376199 0.1478642 0.1478424 0.1579101 0.1358264 0.1821618 0.1569138 0.1108552 0.1355071 0.1337040 0.1598618 0.1324794 0.1395545 0.1647954 0.1371410 0.1997246 0.1817028 0.1461934 0.1147514 0.1403110 0.1808362 0.1177463 0.1270854 0.0962691 0.2094449 0.1191452 0.1259952 0.1057677 0.1635721 0.1857782 0.1427811 0.0855180 0.1593088 0.1593088 0.1669144 0.1435792 0.1238159 0.1299144 0.1290396 0.1210735 0.1367289 0.2178779 0.0841765 0.1243645 0.1287587 0.1473084 0.1850101 0.1713401 0.1857782 0.1341362 0.1475641 0.1180031 
S0624       0.6759757 0.3405882 0.4669304 0.0951549 0.0445427 0.2316176 0.1718029 0.0644418 0.0096744 0.1167762 0.1772109 0.0249922 0.1069820 0.1772109 0.0149438 0.1834902 0.0199397 0.0000010 0.1504973 0.2647592 0.1742455 0.1797918 0.0196939 0.1676683 0.0048111 0.0772109 0.2134428 0.0305752 0.0949857 0.1924655 0.1617501 0.0000000 0.1692054 0.0146897 0.1066292 0.1697151 0.0917982 0.1762684 0.1721164 0.1365429 0.1677961 0.0639931 0.1885538 0.0639931 0.0709881 0.1213974 0.0905450 0.1667672 0.0560896 0.0352767 0.0884977 0.1748203 0.0897630 0.1175208 0.0963538 0.1012751 0.1217690 0.1230965 0.1603853 0.1094063 0.1691379 0.0916987 0.1147396 0.1359852 0.0764323 0.2030343 0.0883027 0.1358917 0.1697151 0.1918767 0.0720988 0.0048111 0.0416434 0.0516083 0.1198684 0.1842741 0.1842741 0.1907361 0.1759370 0.0864347 0.1821185 0.1826237 0.0694068 0.1962825 0.0168870 0.0120165 0.0582736 0.1879368 0.0707397 0.0146491 0.1639571 0.0416434 0.1854801 0.1320618 0.1679395 
S0641       0.6942135 0.4272820 0.5864988 0.1313145 0.0634139 0.0456251 0.0494847 0.1739281 0.1843710 0.1697636 0.0440283 0.2035256 0.1474239 0.0440283 0.1926069 0.2097756 0.1987564 0.1692054 0.1460600 0.1269937 0.0814642 0.0573972 0.1700162 0.1292773 0.1620196 0.1934648 0.0939069 0.1848709 0.1510213 0.1260963 0.1263190 0.1692054 0.0000000 0.1936605 0.1238582 0.0499041 0.1512530 0.2022506 0.2863437 0.1253207 0.0439433 0.1724859 0.0507514 0.1724859 0.1842412 0.1675644 0.1476154 0.1758645 0.1754998 0.1663413 0.1421397 0.1787871 0.1452316 0.1808014 0.1545595 0.1433292 0.1711824 0.1637471 0.2137557 0.2280832 0.2113912 0.1331741 0.1596281 0.1768156 0.1513491 0.0739611 0.1338260 0.2556995 0.0499041 0.0493479 0.1233582 0.1620196 0.1793041 0.1595484 0.1434938 0.1945893 0.1945893 0.2369551 0.1011819 0.1826628 0.0451222 0.0562849 0.1539694 0.0625250 0.1935336 0.1005636 0.1403703 0.0327516 0.1835413 0.1773086 0.1934719 0.1793041 0.0500283 0.1753730 0.0267185 
S0645sl     0.7029617 0.3190209 0.4609419 0.1152286 0.0445427 0.2671348 0.1957158 0.0828660 0.0248241 0.1228388 0.2021750 0.0410758 0.1274636 0.2021750 0.0251379 0.2089564 0.0358493 0.0146897 0.1674435 0.3052791 0.2006408 0.2052856 0.0353845 0.1855764 0.0197499 0.0965328 0.2415637 0.0471446 0.1092419 0.2191072 0.1860177 0.0146897 0.1936605 0.0000000 0.1270028 0.1943277 0.1048500 0.2013899 0.1925297 0.1589555 0.1920449 0.0822748 0.2145119 0.0822748 0.0899200 0.1368852 0.1033882 0.1824245 0.0751234 0.0517683 0.1081322 0.1996775 0.1039356 0.1332012 0.1108727 0.1158031 0.1432372 0.1449415 0.1844197 0.1305352 0.1939629 0.1047273 0.1299247 0.1522583 0.0898565 0.2285635 0.1078844 0.1583448 0.1943277 0.2174119 0.0844312 0.0197499 0.0588802 0.0689429 0.1410178 0.2098384 0.2098384 0.2175593 0.1942554 0.1008948 0.2078946 0.2074920 0.0878370 0.2215849 0.0349355 0.0120165 0.0762635 0.2137173 0.0896036 0.0300759 0.1887654 0.0588802 0.2109354 0.1547561 0.1921922 
S0689       0.5672867 0.4005018 0.5614314 0.1000451 0.0965663 0.0988442 0.1137109 0.1130589 0.1066292 0.1225983 0.1172635 0.1214228 0.1194822 0.1172635 0.1242189 0.1739248 0.1299899 0.1066292 0.1291082 0.1852757 0.1401130 0.1241548 0.1200347 0.1288521 0.1004545 0.1368636 0.1702547 0.1370132 0.1053425 0.1394287 0.1402070 0.1066292 0.1238582 0.1270028 0.0000000 0.1102656 0.1254191 0.1666033 0.2193193 0.1341687 0.1230427 0.1198507 0.1268205 0.1198507 0.1291740 0.1193845 0.1225336 0.1347917 0.1038806 0.1074203 0.1064995 0.1516823 0.0999386 0.1294447 0.1135024 0.1119740 0.0914047 0.1542758 0.1751858 0.1312428 0.1381481 0.1021909 0.1125464 0.1344111 0.1133038 0.1425638 0.0994405 0.2031306 0.1102656 0.1167027 0.1023080 0.1004545 0.1039897 0.1141993 0.0917491 0.1682119 0.1682119 0.1744179 0.1439644 0.1191088 0.1204982 0.1228047 0.1178753 0.1360233 0.1060795 0.0816573 0.1054953 0.1262556 0.1287002 0.1264473 0.1818242 0.1039897 0.1247804 0.1568971 0.1092024 
S0690       0.6885172 0.3891732 0.5545826 0.1113187 0.0618567 0.0269785 0.0681249 0.1585741 0.1849731 0.1618891 0.0050637 0.2042669 0.1414228 0.0050637 0.1932883 0.1959859 0.1994738 0.1697151 0.1536977 0.1436167 0.0823886 0.0157884 0.1857577 0.1236883 0.1624887 0.1774534 0.1093842 0.1855008 0.1513841 0.1272408 0.1191452 0.1697151 0.0499041 0.1943277 0.1102656 0.0000000 0.1544392 0.1885291 0.2785980 0.1255697 0.0263147 0.1572621 0.0103575 0.1572621 0.1685089 0.1522263 0.1506457 0.1616197 0.1537663 0.1465373 0.1275375 0.1732418 0.1531552 0.1813284 0.1549465 0.1591467 0.1561729 0.1641824 0.2249786 0.2089210 0.1970450 0.1334691 0.1600327 0.1776700 0.1363876 0.0940438 0.1341104 0.2588976 0.0000010 0.0378589 0.1161579 0.1624887 0.1586702 0.1397895 0.1281527 0.1809423 0.1809423 0.2218453 0.1091509 0.1665134 0.0159569 0.0756104 0.1307254 0.0953642 0.1863416 0.0992443 0.1259659 0.0376809 0.1678624 0.1932569 0.1940841 0.1586702 0.0102224 0.1758792 0.0207894 
S0720       0.6828190 0.4839835 0.5221918 0.0552486 0.0605771 0.1385979 0.1480604 0.0265328 0.1048449 0.0504194 0.1465517 0.1201209 0.0612793 0.1465517 0.0923240 0.1919869 0.1054516 0.0917982 0.1012063 0.1534680 0.1376147 0.1581011 0.1053062 0.1206702 0.0928008 0.0381235 0.1876179 0.1162103 0.0680067 0.1676388 0.1619200 0.0917982 0.1512530 0.1048500 0.1254191 0.1544392 0.0000000 0.1841251 0.2208871 0.1219937 0.1372044 0.0263487 0.1576864 0.0263487 0.0323690 0.0939574 0.0050918 0.1415642 0.1294709 0.1049159 0.0737231 0.1477368 0.0686926 0.0894993 0.0817229 0.0618626 0.1509727 0.0621815 0.1797128 0.1550311 0.1230291 0.0616252 0.0745918 0.0879651 0.0810143 0.1801869 0.0682644 0.1745068 0.1544392 0.1681418 0.0495304 0.0928008 0.1290354 0.0986565 0.1087714 0.1928625 0.1928625 0.1428657 0.1437984 0.0711648 0.1508783 0.1485959 0.0795204 0.1668786 0.0929369 0.0644906 0.0605840 0.1636404 0.0263487 0.0985528 0.0970211 0.1290354 0.1549606 0.0693490 0.1528141 
S0724sl     0.8215883 0.5259910 0.5924184 0.1602640 0.1345648 0.1902044 0.1870486 0.1879043 0.1918007 0.1631888 0.1964076 0.1953974 0.1935797 0.1964076 0.2005593 0.0246948 0.2130402 0.1762684 0.1947030 0.2287646 0.2175833 0.2093808 0.2086298 0.2098666 0.1842741 0.2082860 0.2428979 0.2092706 0.1872559 0.2333093 0.1514789 0.1762684 0.2022506 0.2013899 0.1666033 0.1885291 0.1841251 0.0000000 0.2147675 0.1736371 0.2039853 0.1863274 0.1948055 0.1863274 0.1986807 0.2221614 0.1794901 0.1075714 0.2019962 0.1746749 0.1630671 0.1021432 0.1799607 0.1891244 0.2075442 0.1954332 0.2007852 0.2302419 0.2504067 0.1875869 0.1110357 0.1862301 0.2135169 0.2155516 0.1972181 0.2366342 0.1778697 0.2360311 0.1885291 0.2017726 0.1580009 0.1842741 0.1960865 0.1754511 0.1040409 0.0146757 0.0146757 0.1142303 0.2160617 0.1773953 0.2020211 0.1828273 0.1990576 0.2401920 0.1407594 0.1776529 0.1687396 0.2062759 0.1979238 0.2002523 0.2727095 0.1960865 0.2051826 0.2395405 0.1865595 
S0735       0.6569781 0.4293180 0.5047381 0.1904484 0.1509104 0.2665157 0.2230982 0.1945356 0.1906271 0.1976762 0.2785980 0.1852068 0.2416509 0.2785980 0.1963336 0.2040259 0.1828927 0.1721164 0.2633899 0.3152406 0.2683120 0.2847048 0.1642785 0.2497953 0.1740570 0.1942430 0.2870330 0.2091598 0.2342920 0.3183354 0.2276787 0.1721164 0.2863437 0.1925297 0.2193193 0.2785980 0.2208871 0.2147675 0.0000000 0.2558717 0.2529039 0.1926573 0.2754274 0.1926573 0.2071718 0.2253974 0.2208871 0.1611435 0.2078852 0.1613782 0.2138602 0.1652479 0.2376833 0.2775049 0.2493550 0.2342920 0.2774437 0.2312061 0.0714700 0.2495035 0.1728326 0.2138977 0.2253974 0.2705846 0.1949945 0.2663533 0.1891155 0.0430998 0.2785980 0.2849395 0.1891797 0.1740570 0.2058272 0.1531389 0.1574678 0.2252923 0.2252923 0.1748327 0.2727631 0.2330484 0.2889593 0.2391485 0.1903242 0.2607415 0.1678137 0.1546794 0.1917932 0.2823432 0.2062661 0.1730412 0.2988556 0.2058272 0.2804570 0.2472835 0.2747367 
S0742       0.5433874 0.3831746 0.5087340 0.0828872 0.1016777 0.1217838 0.1223725 0.1101796 0.1505904 0.1121872 0.1328242 0.1557969 0.1029014 0.1328242 0.1569300 0.1809781 0.1629351 0.1365429 0.1337024 0.1178973 0.1052477 0.1433476 0.1512293 0.0917622 0.1298582 0.1262092 0.1086383 0.1584099 0.1097877 0.1085257 0.0968502 0.1365429 0.1253207 0.1589555 0.1341687 0.1255697 0.1219937 0.1736371 0.2558717 0.0000000 0.1241834 0.1093169 0.1349872 0.1093169 0.1185183 0.1245330 0.1191162 0.1124188 0.1610242 0.1531250 0.0958839 0.1185612 0.1024539 0.1065644 0.1100305 0.1167581 0.1368648 0.1137202 0.2266238 0.1782673 0.1304361 0.0789067 0.1033829 0.1319364 0.1036563 0.1296831 0.0758202 0.2409877 0.1255697 0.1472143 0.0915981 0.1298582 0.1655790 0.1321999 0.1063461 0.1817680 0.1817680 0.1498714 0.1018783 0.0992021 0.1365582 0.1386913 0.1074917 0.1315966 0.1704478 0.0832212 0.1024556 0.1426401 0.1180711 0.1439086 0.1573302 0.1655790 0.1406707 0.1231595 0.1243586 
S0756       0.6836917 0.3983945 0.5515689 0.1101199 0.0451025 0.0272263 0.0554299 0.1566985 0.1828407 0.1681374 0.0208992 0.1860567 0.1548038 0.0208992 0.1909490 0.1954204 0.1970654 0.1677961 0.1599320 0.1718078 0.0822890 0.0326234 0.1836087 0.1223494 0.1606677 0.1752645 0.1092137 0.1832743 0.1496056 0.1339267 0.1334815 0.1677961 0.0439433 0.1920449 0.1230427 0.0263147 0.1372044 0.2039853 0.2529039 0.1241834 0.0000000 0.1554176 0.0267359 0.1554176 0.1664664 0.1504283 0.1339233 0.1507245 0.1662572 0.1592199 0.1261053 0.1649449 0.1513329 0.1790430 0.1530789 0.1419890 0.1696892 0.1463298 0.1897437 0.2150875 0.1866758 0.1318940 0.1581227 0.1594509 0.1348179 0.0930957 0.1325963 0.2301825 0.0263147 0.0434942 0.1076469 0.1606677 0.1718444 0.1382844 0.1339814 0.1962542 0.1962542 0.2104329 0.1080032 0.1644425 0.0213932 0.0624273 0.1292876 0.0814087 0.2156376 0.0659278 0.1245703 0.0320044 0.1658347 0.1910041 0.1676193 0.1718444 0.0209805 0.1571876 0.0261232 
