123
CRNC          0.0000000 0.2503792 0.2920708 0.4769073 0.3977653 0.4189582 0.3949584 1.1208980 0.3792392 0.4170271 0.3985448 1.0672589 0.4262516 0.4136999 0.4224173 1.1594701 0.4186592 0.5045100 0.5267142 0.3988373 0.5259057 0.4081296 0.4429325 0.4856252 0.4176422 0.7707140 1.0971863 0.4021037 0.3984755 0.4207784 0.3975616 1.1453057 0.4104656 0.4989996 0.4024877 0.4552913 1.1769439 0.8097929 0.4331664 1.0901393 0.4106492 0.4405600 0.9430571 0.4124013 0.4301635 0.6476910 0.4040867 0.5069798 0.4174390 0.4315812 0.4987097 0.4163307 1.1128648 0.4457847 0.3998316 1.1427875 0.4031255 0.4053724 0.4411509 0.4102613 0.4242378 0.5052036 0.4109867 0.4113668 0.4048452 0.3693594 0.4925094 0.4413461 0.4182981 0.4542401 0.4189841 0.6966724 0.3904143 0.4362573 0.4235701 0.4770497 0.4873069 0.4488976 0.4467737 0.4324767 0.4000436 0.4265943 0.4095062 0.4561337 0.4333623 0.5287685 0.4198585 0.4425288 0.4250511 1.0728307 1.1417724 0.4088496 0.4186759 0.4138357 0.4016921 0.5054503 0.3916332 0.4382650 0.4234468 0.5002216 0.5165892 1.0661435 0.5163007 0.4691876 0.4262230 1.0594055 0.4057471 1.1052338 0.4572032 1.1052382 0.3845484 0.4314870 0.4245540 0.4251842 0.3916060 0.3987922 0.4216196 0.3923073 0.4163742 1.1148498 0.4000743 0.3938708 0.4264873 
HYZL          0.2503792 0.0000000 0.0984703 0.4008248 0.4008454 0.3680340 0.3347965 0.9945833 0.3440255 0.3708535 0.3487113 0.9700044 0.3618649 0.3828926 0.3588691 1.0528526 0.3868083 0.4289707 0.4761474 0.3596234 0.4277636 0.3644356 0.4046971 0.4433052 0.3893835 0.7558793 0.9925703 0.3623930 0.3840471 0.3559834 0.3576197 1.0782661 0.3775791 0.4365460 0.3639866 0.3710534 1.0783531 0.8140814 0.3925657 1.0074146 0.3716839 0.3700534 0.8654262 0.3587687 0.3891677 0.6275679 0.3682648 0.4421981 0.3638477 0.3949720 0.4406091 0.3597908 1.0324127 0.3771259 0.3522153 1.0166977 0.3613552 0.3573102 0.3885153 0.3792309 0.3767158 0.4723435 0.3563514 0.3845217 0.3736504 0.3347850 0.4499379 0.3804214 0.3661354 0.3747568 0.3479529 0.6804324 0.3410219 0.3774302 0.3713567 0.3878475 0.4342503 0.3947565 0.3939461 0.3765697 0.3565739 0.3717271 0.3564969 0.3942693 0.3921477 0.4558619 0.3705345 0.4009105 0.3777753 0.9643029 1.0829481 0.3507927 0.3690660 0.3589424 0.3513227 0.4237319 0.3516264 0.3666234 0.3972127 0.4370577 0.4526978 0.9953284 0.4784185 0.4531199 0.3894048 0.9574410 0.3571521 0.9740111 0.4245282 1.0137482 0.3578166 0.3752216 0.3855510 0.3728700 0.3599006 0.3618187 0.3676236 0.3427903 0.3616857 1.0075115 0.3499000 0.3732219 0.3738509 
MYZV          0.2920708 0.0984703 0.0000000 0.4674975 0.4490761 0.4250053 0.3986603 1.0500656 0.4168073 0.4353293 0.4256777 1.0655935 0.4297097 0.4406145 0.4297471 1.1264279 0.4482881 0.4904437 0.5188774 0.4268582 0.4891152 0.4341897 0.4603271 0.4927073 0.4558661 0.8434451 1.0868326 0.4328947 0.4423807 0.4249773 0.4316295 1.1556494 0.4433760 0.4991376 0.4305713 0.4145842 1.1070551 0.8571152 0.4511340 1.1127235 0.4384516 0.4407426 0.9499520 0.4237356 0.4385141 0.7047584 0.4311252 0.4949842 0.4325137 0.4558592 0.4982577 0.4190840 1.1060988 0.4275712 0.4253594 1.0991764 0.4357894 0.4312274 0.4277502 0.4437456 0.4590701 0.5180105 0.4257105 0.4625677 0.4473818 0.3961045 0.5055553 0.4271962 0.4079465 0.4277834 0.3960619 0.7672477 0.4171439 0.4509030 0.4234245 0.4539198 0.4793720 0.4559490 0.4491477 0.4464523 0.4303252 0.4406336 0.4164712 0.4436641 0.4602130 0.5311571 0.4495308 0.4535884 0.4473443 1.0613404 1.1668686 0.4211701 0.4373489 0.4286439 0.4225151 0.4851331 0.4261091 0.4349022 0.4450685 0.4968256 0.5109996 1.0958511 0.5301859 0.5037357 0.4422238 1.0552475 0.4316228 1.0281307 0.4782519 1.0917767 0.4157449 0.4229132 0.4383752 0.4381662 0.4269529 0.4336441 0.4414669 0.4191065 0.4270612 1.0939763 0.4204778 0.4413183 0.4457632 
SRR6441723    0.4769073 0.4008248 0.4674975 0.0000000 0.0680726 0.1214629 0.2261898 0.5731945 0.0969254 0.1038345 0.1052033 0.5556263 0.0974534 0.0647224 0.1181403 0.5861691 0.1102911 0.1644257 0.1876739 0.1032626 0.1735871 0.0954738 0.0615862 0.1121490 0.1224449 0.3877869 0.5840386 0.1292232 0.1138547 0.0914190 0.0884711 0.6084341 0.1186795 0.1748865 0.0967488 0.0797724 0.6039048 0.4217434 0.1016212 0.5753478 0.0997576 0.0975693 0.4752541 0.0842487 0.1105132 0.2985285 0.1026825 0.1748219 0.1396977 0.1172171 0.1678604 0.1057818 0.5819672 0.0796734 0.0920098 0.5733482 0.0935363 0.0893532 0.0913711 0.1139049 0.1067132 0.1650777 0.0829866 0.1048835 0.0672599 0.0986487 0.1725324 0.0843671 0.0771950 0.0868435 0.0892660 0.3024120 0.1011362 0.1274140 0.1098340 0.1697673 0.1654175 0.0846670 0.0806757 0.1333434 0.0870859 0.1280873 0.1028116 0.0862794 0.0595872 0.1893844 0.1023629 0.0824326 0.1329125 0.5489843 0.6215354 0.0817761 0.0939186 0.0844894 0.0944958 0.1642856 0.1064520 0.1006677 0.1294645 0.1950705 0.1825183 0.5727293 0.1741506 0.1113180 0.0616786 0.5689173 0.0959372 0.5936571 0.0987148 0.5732415 0.1052707 0.0692271 0.0620133 0.1151601 0.1031687 0.0908415 0.0986748 0.0999230 0.0867518 0.5791847 0.0998769 0.1509061 0.0955689 
ERR4210213    0.3977653 0.4008454 0.4490761 0.0680726 0.0000000 0.1237718 0.2175847 0.3695012 0.1044042 0.1048949 0.1150727 0.3824750 0.1118368 0.0686175 0.1148153 0.3879828 0.1111377 0.1901275 0.2090820 0.1096207 0.2104240 0.0903470 0.0341132 0.0928116 0.1168740 0.3547134 0.3844107 0.1185379 0.1089883 0.1019990 0.0949150 0.3977211 0.0870738 0.1930870 0.1100088 0.0869203 0.4258666 0.4033861 0.1111375 0.3299358 0.0967919 0.1074778 0.3696365 0.0951071 0.1145402 0.3479666 0.1081529 0.1950023 0.1385577 0.1315736 0.1949131 0.1115179 0.3966526 0.0865741 0.1070023 0.3758373 0.1047544 0.0993194 0.1035706 0.1174438 0.1093036 0.1921008 0.0924706 0.1114328 0.0678981 0.0975748 0.1816359 0.0934539 0.0800346 0.1032040 0.0905518 0.3429995 0.0940521 0.1348173 0.0983677 0.2337238 0.1818007 0.0848428 0.0841959 0.1274684 0.0971164 0.1354442 0.1132255 0.0866149 0.0692062 0.2628445 0.1133332 0.0916671 0.1378592 0.3835817 0.3632699 0.0960404 0.0878164 0.0927816 0.0926257 0.1954506 0.1135981 0.1107463 0.1468448 0.2084213 0.2085828 0.3743264 0.1985219 0.1076145 0.0702593 0.3565986 0.0936180 0.3767606 0.0956605 0.3514934 0.1067701 0.0779882 0.0703631 0.1177059 0.0901976 0.1022896 0.1073891 0.0917401 0.0925988 0.3794348 0.0918216 0.0000010 0.0982335 
ERR2789774    0.4189582 0.3680340 0.4250053 0.1214629 0.1237718 0.0000000 0.2118752 0.5493591 0.1014053 0.1056766 0.1005554 0.4683216 0.0930825 0.1093123 0.0593521 0.5217190 0.1064885 0.1576624 0.1888497 0.0995776 0.1626852 0.0983945 0.1243783 0.1573060 0.1192239 0.3054127 0.4881568 0.1249977 0.1057198 0.0945833 0.0950902 0.5954484 0.1333190 0.1723640 0.1018434 0.1070690 0.5982226 0.4403950 0.1092308 0.4873794 0.0447622 0.0990410 0.4803096 0.0880739 0.1098069 0.2164737 0.1035361 0.1681492 0.1380352 0.1130606 0.1671274 0.1161954 0.4870492 0.1067424 0.0924149 0.4947778 0.0990679 0.0974831 0.1140918 0.1132217 0.1061232 0.1761962 0.0855217 0.1105761 0.0989833 0.0940183 0.1744312 0.1053814 0.0950303 0.1169457 0.1189875 0.2469032 0.0949687 0.1301535 0.1223578 0.1764613 0.1704946 0.1151680 0.1108888 0.1347796 0.0971993 0.1318846 0.1114679 0.1208645 0.1113507 0.1987870 0.0755881 0.1278562 0.1343318 0.4593960 0.5524156 0.1195157 0.0991457 0.0883399 0.1008604 0.1590856 0.1064838 0.1040513 0.1349656 0.1913066 0.1789971 0.4817122 0.1872663 0.1674097 0.1137139 0.4811747 0.0483483 0.5404986 0.1390677 0.5126373 0.0979500 0.1118233 0.1127941 0.1194928 0.0518348 0.0962869 0.0999978 0.0937595 0.0893188 0.4873583 0.0913566 0.0480068 0.0535403 
PAFTOL_019361 0.3949584 0.3347965 0.3986603 0.2261898 0.2175847 0.2118752 0.0000000 0.7640987 0.1905425 0.1916709 0.1854086 0.7079265 0.1819446 0.2046792 0.2187466 0.7489617 0.1980190 0.2533627 0.2790722 0.1941032 0.2608488 0.1919009 0.2251376 0.2589059 0.2395450 0.5173589 0.7502563 0.2103598 0.2273197 0.1872507 0.1777997 0.8125978 0.2406878 0.2556096 0.1887370 0.2021813 0.7422319 0.5297280 0.2063064 0.7462087 0.2014683 0.1886701 0.6153229 0.1821164 0.2059405 0.4129573 0.1929303 0.2585112 0.2264857 0.2161069 0.2568118 0.2155428 0.7476767 0.2081963 0.1818803 0.7610260 0.1826786 0.1806816 0.2040083 0.2029129 0.1956923 0.2647534 0.1804473 0.2018690 0.1885854 0.1980861 0.2624015 0.2061474 0.1902812 0.2179850 0.2145531 0.4225366 0.1895060 0.2053838 0.2165378 0.2846785 0.2457458 0.2162763 0.2156907 0.2223354 0.1773234 0.2182975 0.2127871 0.2242343 0.2131330 0.2890579 0.2102463 0.2307334 0.2245051 0.7060754 0.8160767 0.2176469 0.1879823 0.1843516 0.1982065 0.2529900 0.1963125 0.1930585 0.2030264 0.2796296 0.2712357 0.7416814 0.2620136 0.2719479 0.2074889 0.7377077 0.1996028 0.7392632 0.2476364 0.7326160 0.1988060 0.1976825 0.2236953 0.1997321 0.2107939 0.1822397 0.1915019 0.1908970 0.1854079 0.7469187 0.1996818 0.2417350 0.2004011 
S0055         1.1208980 0.9945833 1.0500656 0.5731945 0.3695012 0.5493591 0.7640987 0.0000000 0.5761077 0.5641324 0.5483708 0.0966801 0.5619898 0.5554663 0.5203765 0.0980987 0.5729344 0.8178094 0.8229282 0.5643617 0.8270295 0.5491171 0.5592698 0.6332288 0.5514541 0.0978227 0.0833885 0.6084556 0.5824502 0.5512594 0.5523837 0.1159306 0.6391516 0.7443037 0.5581230 0.5329316 0.1371794 0.2146022 0.5786953 0.1019102 0.5196238 0.5635440 0.1398930 0.5488897 0.6293843 0.0926985 0.5585261 0.7414507 0.6155304 0.6021575 0.7334564 0.5867373 0.0869415 0.5292261 0.5508257 0.0848783 0.5626853 0.5525279 0.5540678 0.5476291 0.5768923 0.7172714 0.5481294 0.5879400 0.5448740 0.6841785 0.7291965 0.5304376 0.5146864 0.5353421 0.5346396 0.0835812 0.5337977 0.6190430 0.5906507 0.9333576 0.7346220 0.5550600 0.5440799 0.6175431 0.5605887 0.5971056 0.7101943 0.5491975 0.5518412 0.8467350 0.5183582 0.5918301 0.6077862 0.1003127 0.0945997 0.5709325 0.5444563 0.5565519 0.5835193 0.8258505 0.6013951 0.5643485 0.6849907 0.7968402 0.7496333 0.0929320 0.7495074 0.6182450 0.5501261 0.1014390 0.5224050 0.0496959 0.5813141 0.0565540 0.5790140 0.5626072 0.5525408 0.5992780 0.5057080 0.5553183 0.6728359 0.5360790 0.5408933 0.0844496 0.5384355 0.1169579 0.5062305 
S0196sl       0.3792392 0.3440255 0.4168073 0.0969254 0.1044042 0.1014053 0.1905425 0.5761077 0.0000000 0.0719696 0.0481603 0.5262247 0.0671321 0.0772449 0.0857789 0.5569369 0.0862573 0.1075100 0.1460054 0.0745071 0.1156646 0.0662692 0.0995386 0.1423295 0.1004091 0.3574576 0.5476271 0.0767273 0.0865645 0.0673203 0.0126078 0.6171093 0.0866079 0.1185688 0.0662497 0.0782292 0.5661323 0.4119902 0.0752983 0.5321066 0.0730661 0.0752446 0.4399632 0.0617103 0.0824645 0.2703913 0.0356629 0.1198706 0.1027034 0.0844681 0.1152316 0.0798781 0.5408696 0.0778721 0.0145793 0.5380624 0.0146434 0.0126139 0.0829602 0.0437830 0.0733964 0.1301016 0.0593333 0.0718263 0.0692849 0.0571607 0.1163787 0.0802621 0.0757524 0.0873772 0.0828360 0.2877091 0.0525780 0.0957561 0.0816288 0.1368140 0.1270127 0.0770579 0.0781578 0.1091541 0.0125774 0.1038998 0.0711304 0.0878181 0.0911149 0.1656276 0.0969004 0.1053117 0.1113753 0.5296884 0.5965249 0.0781592 0.0753274 0.0618971 0.0641626 0.1101350 0.0686452 0.0667341 0.0845184 0.1265053 0.1307809 0.5441584 0.1408766 0.1458244 0.0864712 0.5332639 0.0704006 0.5800517 0.1179613 0.5394688 0.0660497 0.0811997 0.0879197 0.0810169 0.0817905 0.0166075 0.0701395 0.0514821 0.0628731 0.5430125 0.0503567 0.1116355 0.0695145 
S0278         0.4170271 0.3708535 0.4353293 0.1038345 0.1048949 0.1056766 0.1916709 0.5641324 0.0719696 0.0000000 0.0979667 0.5154050 0.0251441 0.0906573 0.0888179 0.5599146 0.0303951 0.1400797 0.1583101 0.0273302 0.1445165 0.0283659 0.1054233 0.1472603 0.1206839 0.3560852 0.5482638 0.0537288 0.0912008 0.0222657 0.0653766 0.6126434 0.0699776 0.1490002 0.0378766 0.0791096 0.5664758 0.3914203 0.0345814 0.5443158 0.0758974 0.0292040 0.3955298 0.0284597 0.0866730 0.2769983 0.0846190 0.1491813 0.1140366 0.0885109 0.1437443 0.0930721 0.5432450 0.0815725 0.0687452 0.5484847 0.0701271 0.0665304 0.0855102 0.0932358 0.0574361 0.1392920 0.0263715 0.0593086 0.0780930 0.0399665 0.1427247 0.0874527 0.0797567 0.0944788 0.0926167 0.2796058 0.0950226 0.1000614 0.0934591 0.1504717 0.1388149 0.0888393 0.0900220 0.1088423 0.0674194 0.1033135 0.0478200 0.0989521 0.0940954 0.1668533 0.1070224 0.1139259 0.1079489 0.5136961 0.6082492 0.0986214 0.0313372 0.0285437 0.0369589 0.1394268 0.0569548 0.0163735 0.1003923 0.1680605 0.1590589 0.5332402 0.1490043 0.1587359 0.0934602 0.5271923 0.0754057 0.5828745 0.1227734 0.5557168 0.0566376 0.0892947 0.0958464 0.0431850 0.0894126 0.0710015 0.0370729 0.0938241 0.0294918 0.5405442 0.0917030 0.1403709 0.0818314 
S0281         0.3985448 0.3487113 0.4256777 0.1052033 0.1150727 0.1005554 0.1854086 0.5483708 0.0481603 0.0979667 0.0000000 0.5137104 0.0878597 0.0796588 0.0925142 0.5492440 0.1055107 0.1243372 0.1645854 0.0932273 0.1331869 0.0882416 0.1012844 0.1462259 0.1204279 0.3515485 0.5312930 0.1125791 0.1092275 0.0833980 0.0475138 0.5843550 0.1178245 0.1386371 0.0858981 0.0822195 0.5762766 0.4340527 0.0951966 0.5187949 0.0819650 0.0951240 0.4704684 0.0822733 0.1041347 0.2690058 0.0528253 0.1401472 0.1207771 0.1056460 0.1350737 0.1062790 0.5455925 0.0782512 0.0496460 0.5241233 0.0487868 0.0475347 0.0942102 0.0599703 0.0934424 0.1566336 0.0797579 0.0939831 0.0852138 0.0879957 0.1402099 0.0794308 0.0868789 0.0926690 0.0895637 0.2809624 0.0510439 0.1060102 0.1145554 0.1546623 0.1536594 0.0897569 0.0871437 0.1214351 0.0473975 0.1096951 0.0979902 0.0922237 0.0966649 0.1772226 0.0987788 0.1073137 0.1161123 0.5168884 0.5800791 0.0944290 0.0940092 0.0825220 0.0937119 0.1259436 0.0926027 0.0914128 0.1087125 0.1601215 0.1513090 0.5314677 0.1676584 0.1506944 0.0909838 0.5289571 0.0792121 0.5496606 0.1161222 0.5258743 0.0891899 0.0831181 0.0923648 0.1132399 0.0850924 0.0485861 0.0855395 0.0499612 0.0835006 0.5337648 0.0568322 0.0818254 0.0782574 
S0282         1.0672589 0.9700044 1.0655935 0.5556263 0.3824750 0.4683216 0.7079265 0.0966801 0.5262247 0.5154050 0.5137104 0.0000000 0.5074550 0.5235441 0.4253056 0.0769108 0.5231363 0.7451789 0.7646275 0.5098696 0.7705754 0.5069120 0.5583050 0.6656348 0.5586545 0.0146378 0.0417442 0.5665932 0.5288470 0.5040667 0.5003946 0.1366846 0.5899217 0.6663195 0.5199653 0.5255034 0.1405386 0.1849637 0.5321434 0.0780779 0.4138036 0.5097330 0.1300534 0.5011350 0.5598811 0.0286802 0.5263627 0.6642123 0.5782256 0.5385587 0.6567687 0.5847484 0.0533102 0.5174809 0.4988734 0.0370901 0.5103306 0.5071443 0.5398385 0.5249349 0.5339759 0.6543302 0.5003865 0.5502542 0.5208122 0.6365548 0.6581063 0.5122556 0.4926534 0.5280261 0.5302303 0.0565020 0.5202498 0.5731016 0.5705859 0.9719446 0.6741274 0.5359871 0.5316919 0.5677799 0.5012437 0.5631701 0.7138858 0.5388311 0.5365984 0.8419360 0.4852863 0.5632587 0.5759462 0.0243738 0.0872513 0.5506614 0.4932969 0.5086567 0.5372310 0.7534737 0.5574035 0.5161204 0.6112805 0.7138444 0.6659512 0.0292309 0.6851017 0.6427948 0.5274835 0.0461734 0.4230464 0.0955847 0.5726216 0.0706143 0.5306204 0.5346638 0.5306199 0.5472856 0.4704948 0.5081153 0.6273596 0.5175825 0.4931473 0.0358592 0.5199679 0.0718451 0.4429893 
S0289         0.4262516 0.3618649 0.4297097 0.0974534 0.1118368 0.0930825 0.1819446 0.5619898 0.0671321 0.0251441 0.0878597 0.5074550 0.0000000 0.0830331 0.0812483 0.5491544 0.0353928 0.1350648 0.1544701 0.0262499 0.1394483 0.0252695 0.1001268 0.1522319 0.1190939 0.3497675 0.5291496 0.0469123 0.0846573 0.0182211 0.0595879 0.6284075 0.0660068 0.1455671 0.0356765 0.0754273 0.5612191 0.3850818 0.0323619 0.5338104 0.0687570 0.0250731 0.3877162 0.0243031 0.0840489 0.2676108 0.0759804 0.1446375 0.1085302 0.0810892 0.1380229 0.0879985 0.5327358 0.0763798 0.0629026 0.5323811 0.0630573 0.0607214 0.0838062 0.0856297 0.0561775 0.1364047 0.0222531 0.0591421 0.0708325 0.0360485 0.1386994 0.0821654 0.0747723 0.0882417 0.0886949 0.2684023 0.0850335 0.0973655 0.0919340 0.1426248 0.1396774 0.0826503 0.0838164 0.1085028 0.0616128 0.1016465 0.0492172 0.0925874 0.0879516 0.1613169 0.0993098 0.1095583 0.1062537 0.5030176 0.5913528 0.0956527 0.0271626 0.0243745 0.0346980 0.1343914 0.0545705 0.0243420 0.0915207 0.1632908 0.1544029 0.5197853 0.1433801 0.1562974 0.0872798 0.5169391 0.0693862 0.5716748 0.1195725 0.5493822 0.0498551 0.0879228 0.0922422 0.0388080 0.0794058 0.0651227 0.0295912 0.0838649 0.0253184 0.5300629 0.0841466 0.1221635 0.0734908 
S0292         0.4136999 0.3828926 0.4406145 0.0647224 0.0686175 0.1093123 0.2046792 0.5554663 0.0772449 0.0906573 0.0796588 0.5235441 0.0830331 0.0000000 0.1021460 0.5489365 0.0956213 0.1461612 0.1777416 0.0860776 0.1606928 0.0776900 0.0679968 0.1171211 0.1129060 0.3597856 0.5510902 0.1049077 0.0985782 0.0774441 0.0718308 0.6002779 0.1080164 0.1653955 0.0824123 0.0711041 0.5886536 0.4200638 0.0892099 0.5501237 0.0884143 0.0901449 0.4762727 0.0740984 0.0956421 0.2814380 0.0790919 0.1622853 0.1221080 0.1000869 0.1598872 0.0921000 0.5516507 0.0684380 0.0752324 0.5507819 0.0766484 0.0740908 0.0861518 0.0908364 0.0982130 0.1563632 0.0716407 0.0998422 0.0679271 0.0816356 0.1592227 0.0719182 0.0751361 0.0778453 0.0783501 0.2705243 0.0791997 0.1153405 0.1001966 0.1507582 0.1544603 0.0753471 0.0753531 0.1200141 0.0738771 0.1137117 0.0839720 0.0782046 0.0606208 0.1723457 0.0994479 0.0571582 0.1213159 0.5269257 0.5981481 0.0733262 0.0785226 0.0743222 0.0840989 0.1530549 0.0987755 0.0861379 0.1180595 0.1839405 0.1724557 0.5388736 0.1654912 0.1131985 0.0204593 0.5415827 0.0882351 0.5739329 0.0667769 0.5529266 0.0915290 0.0309505 0.0277241 0.1017668 0.0932705 0.0762926 0.0819276 0.0780457 0.0752984 0.5595696 0.0806609 0.1145217 0.0870662 
S0293         0.4224173 0.3588691 0.4297471 0.1181403 0.1148153 0.0593521 0.2187466 0.5203765 0.0857789 0.0888179 0.0925142 0.4253056 0.0812483 0.1021460 0.0000000 0.4990320 0.0950209 0.1418542 0.1905662 0.0819682 0.1504481 0.0829578 0.1169525 0.1533780 0.1063563 0.2681340 0.4505257 0.1121789 0.0944788 0.0780303 0.0862579 0.5805103 0.1183924 0.1582186 0.0904596 0.0993931 0.5914071 0.4103912 0.0951884 0.4787608 0.0282388 0.0874031 0.4687890 0.0779865 0.1010878 0.1916404 0.0969838 0.1584664 0.1298169 0.1021437 0.1502466 0.1158832 0.4830782 0.0990682 0.0848906 0.4492890 0.0902171 0.0886575 0.1050449 0.1047583 0.0959160 0.1652147 0.0754551 0.1015748 0.0930027 0.0819152 0.1664614 0.0990848 0.0912430 0.1094977 0.1113191 0.2352047 0.0896818 0.1247959 0.1197156 0.1659052 0.1694462 0.1082363 0.1068024 0.1280109 0.0883941 0.1254044 0.0989228 0.1113438 0.1056683 0.1916884 0.0666525 0.1244878 0.1306593 0.4208975 0.5337278 0.1088758 0.0901573 0.0782265 0.0894749 0.1449000 0.0990191 0.0895871 0.1258934 0.1768973 0.1647394 0.4505549 0.1759399 0.1569259 0.1064305 0.4407978 0.0306193 0.5054634 0.1384398 0.4787055 0.0824069 0.1036691 0.1070366 0.1046632 0.0466866 0.0898268 0.0902818 0.0884611 0.0792221 0.4471584 0.0863728 0.0799952 0.0457167 
S0294         1.1594701 1.0528526 1.1264279 0.5861691 0.3879828 0.5217190 0.7489617 0.0980987 0.5569369 0.5599146 0.5492440 0.0769108 0.5491544 0.5489365 0.4990320 0.0000000 0.5686937 0.7689586 0.7614596 0.5489747 0.7830944 0.5462131 0.5855693 0.7079647 0.6131407 0.0804010 0.0654439 0.6095861 0.5582942 0.5409704 0.5281642 0.1584886 0.6383701 0.6961464 0.5571023 0.5589283 0.1361191 0.2199893 0.5836263 0.0802057 0.5005190 0.5568684 0.1462946 0.5453631 0.5953892 0.0670466 0.5375389 0.6940690 0.6177375 0.5783055 0.6837075 0.6202809 0.0638800 0.5544132 0.5357206 0.0664901 0.5380873 0.5348782 0.5739515 0.5428492 0.5724843 0.6833962 0.5446054 0.5836282 0.5535312 0.6778044 0.6721999 0.5445653 0.5289499 0.5615346 0.5713649 0.0363646 0.5462047 0.6247981 0.6040359 0.9535470 0.6973424 0.5685167 0.5591435 0.6189823 0.5312759 0.6037908 0.7171121 0.5642789 0.5588536 0.8370012 0.5393020 0.5948609 0.6165822 0.0785174 0.0824960 0.5667000 0.5378513 0.5529970 0.5818220 0.7857117 0.6127183 0.5582060 0.6469943 0.7431611 0.6958258 0.0702651 0.7036147 0.6692747 0.5493007 0.0809021 0.5112810 0.1033828 0.5894991 0.0783424 0.5833542 0.5537461 0.5426207 0.5950828 0.5051168 0.5327487 0.6538261 0.5435764 0.5401779 0.0677080 0.5428849 0.0881476 0.4824744 
S0299         0.4186592 0.3868083 0.4482881 0.1102911 0.1111377 0.1064885 0.1980190 0.5729344 0.0862573 0.0303951 0.1055107 0.5231363 0.0353928 0.0956213 0.0950209 0.5686937 0.0000000 0.1472850 0.1717481 0.0324084 0.1535781 0.0344613 0.1062248 0.1605688 0.1294021 0.3572259 0.5446701 0.0614381 0.1008073 0.0304495 0.0781116 0.6380071 0.0785247 0.1614001 0.0452586 0.0896402 0.5895709 0.4074550 0.0386361 0.5462179 0.0826249 0.0354867 0.4139965 0.0356303 0.0933201 0.2758540 0.0968719 0.1616005 0.1168665 0.0972267 0.1548802 0.1032306 0.5451531 0.0912151 0.0801631 0.5578715 0.0830430 0.0793031 0.0965597 0.1056013 0.0674156 0.1489708 0.0334924 0.0716118 0.0837077 0.0399541 0.1546989 0.0972121 0.0881680 0.1032335 0.0982620 0.2772257 0.1048763 0.1025040 0.1059219 0.1603363 0.1456361 0.0962675 0.0974676 0.1128435 0.0801817 0.1097811 0.0571606 0.1004608 0.1004049 0.1739046 0.1104594 0.1151933 0.1144690 0.5215156 0.6169281 0.1087103 0.0384619 0.0357353 0.0464331 0.1484593 0.0673305 0.0337572 0.1129391 0.1809700 0.1717183 0.5408300 0.1570417 0.1623234 0.0936301 0.5291943 0.0845230 0.5867421 0.1274006 0.5626353 0.0667615 0.1006859 0.1024046 0.0498285 0.0940722 0.0839022 0.0430926 0.1036527 0.0366837 0.5449552 0.1039976 0.1501761 0.0853111 
S0303         0.5045100 0.4289707 0.4904437 0.1644257 0.1901275 0.1576624 0.2533627 0.8178094 0.1075100 0.1400797 0.1243372 0.7451789 0.1350648 0.1461612 0.1418542 0.7689586 0.1472850 0.0000000 0.0861764 0.1405614 0.0161190 0.1341215 0.1527925 0.1982726 0.1739623 0.5062031 0.7608471 0.1577446 0.1477060 0.1340890 0.1059432 0.8324137 0.1428953 0.0094974 0.1372237 0.1400790 0.7809448 0.4512371 0.1409028 0.7652430 0.1315657 0.1426429 0.6761136 0.1278269 0.1362966 0.4216402 0.1119730 0.0106182 0.1758416 0.1418688 0.0105579 0.1526503 0.7848032 0.1395416 0.1074005 0.7424023 0.1027500 0.1059895 0.1533775 0.1176881 0.1314654 0.1060354 0.1245670 0.1447439 0.1341005 0.1344300 0.0596959 0.1429907 0.1321403 0.1491300 0.1510112 0.4295142 0.1232674 0.1635065 0.1623132 0.1124106 0.0934391 0.1392015 0.1440851 0.1670414 0.1056369 0.1694021 0.1503244 0.1490668 0.1572528 0.1224355 0.1470146 0.1676284 0.1759312 0.7528292 0.8177991 0.1435932 0.1380557 0.1266095 0.1412179 0.0085324 0.1272401 0.1332085 0.0721678 0.0227010 0.0171269 0.7613548 0.1049886 0.2030375 0.1486523 0.7466707 0.1258456 0.7933459 0.1828362 0.7618285 0.1350137 0.1467180 0.1496757 0.1699423 0.1342793 0.1028498 0.1240274 0.1218173 0.1246617 0.7545579 0.1175763 0.2901722 0.1325826 
S0308         0.5267142 0.4761474 0.5188774 0.1876739 0.2090820 0.1888497 0.2790722 0.8229282 0.1460054 0.1583101 0.1645854 0.7646275 0.1544701 0.1777416 0.1905662 0.7614596 0.1717481 0.0861764 0.0000000 0.1651117 0.0952777 0.1592462 0.1879345 0.2381351 0.2306943 0.5445769 0.7759351 0.1861723 0.1916115 0.1557971 0.1439974 0.8696417 0.1894479 0.0958867 0.1603035 0.1843745 0.7661711 0.4505967 0.1660967 0.7766966 0.1756131 0.1585583 0.6957298 0.1482233 0.1694002 0.4546468 0.1436142 0.0963986 0.2109952 0.1786142 0.0934917 0.1891933 0.7746935 0.1775200 0.1441341 0.7619458 0.1454760 0.1411124 0.1849437 0.1503911 0.1702393 0.1340280 0.1470275 0.1764958 0.1726854 0.1451715 0.0975166 0.1795367 0.1711643 0.1878846 0.1888816 0.4590255 0.1680677 0.1975346 0.2013393 0.1209836 0.1261760 0.1784865 0.1773001 0.2116782 0.1436193 0.2043455 0.1602137 0.1885820 0.1929139 0.1313018 0.1840660 0.2071348 0.2101391 0.7661812 0.8100489 0.1871136 0.1573118 0.1504281 0.1655814 0.0859420 0.1667045 0.1628142 0.0985531 0.1113843 0.1019160 0.7736905 0.1301590 0.2471875 0.1766475 0.7494351 0.1734528 0.8004709 0.2219989 0.7461591 0.1638524 0.1714182 0.1811789 0.1899062 0.1766867 0.1425267 0.1337318 0.1666506 0.1516263 0.7775150 0.1652181 0.3446885 0.1721915 
S0320         0.3988373 0.3596234 0.4268582 0.1032626 0.1096207 0.0995776 0.1941032 0.5643617 0.0745071 0.0273302 0.0932273 0.5098696 0.0262499 0.0860776 0.0819682 0.5489747 0.0324084 0.1405614 0.1651117 0.0000000 0.1467950 0.0264252 0.1083544 0.1521881 0.1269048 0.3492098 0.5288887 0.0515832 0.0863792 0.0203716 0.0667041 0.6260401 0.0689214 0.1521495 0.0359407 0.0806103 0.5636699 0.3866991 0.0357593 0.5384350 0.0715978 0.0283244 0.3998336 0.0296235 0.0883791 0.2676426 0.0824253 0.1512176 0.1063780 0.0852871 0.1459816 0.0973821 0.5429023 0.0827743 0.0700904 0.5370070 0.0714838 0.0689544 0.0894741 0.0923649 0.0632634 0.1479245 0.0275175 0.0662637 0.0771726 0.0326380 0.1441858 0.0886694 0.0777736 0.0937310 0.0940290 0.2709446 0.0903301 0.0961741 0.1001680 0.1542144 0.1390443 0.0893516 0.0892474 0.1063526 0.0687542 0.0984900 0.0560994 0.0970233 0.0946331 0.1702164 0.1037028 0.1194474 0.1029776 0.5131465 0.5951705 0.1004069 0.0263447 0.0297113 0.0392529 0.1416783 0.0618310 0.0285829 0.1058411 0.1674785 0.1611428 0.5271245 0.1579020 0.1619740 0.0927027 0.5220301 0.0722589 0.5824437 0.1212952 0.5559159 0.0580060 0.0922395 0.0966123 0.0445359 0.0873296 0.0700567 0.0358920 0.0891421 0.0306639 0.5346684 0.0894420 0.1230447 0.0774893 
S0322         0.5259057 0.4277636 0.4891152 0.1735871 0.2104240 0.1626852 0.2608488 0.8270295 0.1156646 0.1445165 0.1331869 0.7705754 0.1394483 0.1606928 0.1504481 0.7830944 0.1535781 0.0161190 0.0952777 0.1467950 0.0000000 0.1402597 0.1644623 0.2071310 0.1833204 0.5405822 0.7748325 0.1648507 0.1565246 0.1384793 0.1143100 0.8703521 0.1533360 0.0149987 0.1416464 0.1465995 0.8028485 0.4705600 0.1461647 0.7876718 0.1397253 0.1441193 0.6627649 0.1321566 0.1487508 0.4384295 0.1220031 0.0117280 0.1782453 0.1570473 0.0160780 0.1527950 0.7992230 0.1460376 0.1158079 0.7738546 0.1110072 0.1125014 0.1617760 0.1276106 0.1320994 0.1179410 0.1288633 0.1427577 0.1446439 0.1421916 0.0651144 0.1495522 0.1413314 0.1554377 0.1544711 0.4466210 0.1333377 0.1680592 0.1673160 0.1265101 0.0989752 0.1505227 0.1537366 0.1755453 0.1139757 0.1740303 0.1584759 0.1604691 0.1697409 0.1346232 0.1613607 0.1789402 0.1806586 0.7676429 0.8368976 0.1507443 0.1457567 0.1309355 0.1423481 0.0151364 0.1260325 0.1413781 0.0817515 0.0262350 0.0228239 0.7756110 0.1196881 0.2161263 0.1592666 0.7685548 0.1339794 0.8037269 0.1920190 0.7837574 0.1364923 0.1573358 0.1616471 0.1727765 0.1415463 0.1143388 0.1386527 0.1318478 0.1289611 0.7683709 0.1274930 0.2227104 0.1407417 
S0327         0.4081296 0.3644356 0.4341897 0.0954738 0.0903470 0.0983945 0.1919009 0.5491171 0.0662692 0.0283659 0.0882416 0.5069120 0.0252695 0.0776900 0.0829578 0.5462131 0.0344613 0.1341215 0.1592462 0.0264252 0.1402597 0.0000000 0.1015542 0.1466883 0.1184666 0.3430730 0.5232246 0.0427830 0.0814489 0.0213951 0.0598375 0.6085432 0.0553722 0.1464692 0.0306300 0.0733181 0.5526061 0.3914702 0.0346530 0.5363735 0.0714068 0.0273152 0.3826832 0.0214025 0.0829817 0.2712089 0.0750647 0.1468754 0.1027597 0.0852344 0.1401877 0.0834426 0.5298131 0.0732689 0.0631670 0.5319155 0.0645151 0.0620507 0.0853760 0.0848911 0.0541437 0.1413438 0.0193646 0.0559658 0.0687160 0.0277841 0.1386458 0.0790442 0.0728251 0.0839772 0.0829163 0.2724871 0.0830981 0.0963616 0.0864784 0.1409628 0.1427054 0.0782161 0.0805037 0.1050705 0.0618708 0.0971260 0.0446488 0.0892893 0.0871925 0.1583928 0.0984958 0.1061974 0.1017153 0.4947250 0.5831298 0.0890257 0.0272379 0.0214657 0.0307357 0.1351771 0.0513554 0.0275764 0.0994044 0.1643728 0.1567281 0.5144262 0.1511535 0.1541107 0.0817645 0.5118315 0.0720647 0.5643249 0.1095199 0.5388690 0.0478928 0.0848565 0.0866724 0.0412969 0.0799869 0.0653969 0.0250676 0.0819292 0.0224134 0.5295928 0.0822060 0.1402551 0.0738497 
S0335         0.4429325 0.4046971 0.4603271 0.0615862 0.0341132 0.1243783 0.2251376 0.5592698 0.0995386 0.1054233 0.1012844 0.5583050 0.1001268 0.0679968 0.1169525 0.5855693 0.1062248 0.1527925 0.1879345 0.1083544 0.1644623 0.1015542 0.0000000 0.0940310 0.1255014 0.3940153 0.5885742 0.1308604 0.1120290 0.0977871 0.0909099 0.5953870 0.1319163 0.1690967 0.1068325 0.0833598 0.6046322 0.4369870 0.1030411 0.5556028 0.1035264 0.1002493 0.5146515 0.0940344 0.1107454 0.3056028 0.1025117 0.1726662 0.1434222 0.1209769 0.1654512 0.1179715 0.5858587 0.0892001 0.0945069 0.5751440 0.0947513 0.0917994 0.0940790 0.1126000 0.1132724 0.1588346 0.0914139 0.1115122 0.0758278 0.0968734 0.1661871 0.0892310 0.0887608 0.0930814 0.0961128 0.3111100 0.1001291 0.1334724 0.1151718 0.1597235 0.1765409 0.0893438 0.0865316 0.1343019 0.0930246 0.1371537 0.1065067 0.0946960 0.0699700 0.1786249 0.1001387 0.0789957 0.1421102 0.5516697 0.5992063 0.0855881 0.0975792 0.0943215 0.1047150 0.1530988 0.1171683 0.1072273 0.1352576 0.1890333 0.1766365 0.5753988 0.1698118 0.0988972 0.0646642 0.5593987 0.1006867 0.5640699 0.0999023 0.5667715 0.1144406 0.0704508 0.0685920 0.1182910 0.0920805 0.0931049 0.0925240 0.0989049 0.0939942 0.5810669 0.1004006 0.1628165 0.0983451 
S0345         0.4856252 0.4433052 0.4927073 0.1121490 0.0928116 0.1573060 0.2589059 0.6332288 0.1423295 0.1472603 0.1462259 0.6656348 0.1522319 0.1171211 0.1533780 0.7079647 0.1605688 0.1982726 0.2381351 0.1521881 0.2071310 0.1466883 0.0940310 0.0000000 0.1199852 0.4742801 0.7140603 0.1656653 0.1437729 0.1463091 0.1319939 0.6534849 0.1783857 0.2139169 0.1463369 0.1223965 0.7403436 0.5283786 0.1563878 0.6587332 0.1279884 0.1495258 0.6150732 0.1382686 0.1458174 0.4000169 0.1360125 0.2198073 0.1793784 0.1676393 0.2094021 0.1549746 0.6973384 0.1309148 0.1335334 0.7179804 0.1369481 0.1313343 0.1315186 0.1447753 0.1512715 0.2144144 0.1350049 0.1527821 0.1192801 0.1322350 0.2196682 0.1220003 0.1205466 0.1348309 0.1276676 0.3751639 0.1237625 0.1675143 0.1362103 0.2145447 0.2124921 0.1260436 0.1252663 0.1710714 0.1344450 0.1693520 0.1350666 0.1305217 0.1143139 0.2318334 0.1318880 0.1269535 0.1720330 0.6722591 0.7078338 0.1241300 0.1426652 0.1370705 0.1338880 0.1939261 0.1501718 0.1495300 0.1730294 0.2192484 0.2182298 0.6912955 0.2303085 0.0390379 0.1173210 0.6948893 0.1263858 0.6478176 0.1461313 0.6740560 0.1542079 0.1234757 0.1248532 0.1595383 0.1177800 0.1345462 0.1432281 0.1223293 0.1398665 0.7100897 0.1184203 0.2081678 0.1192150 
S0376         0.4176422 0.3893835 0.4558661 0.1224449 0.1168740 0.1192239 0.2395450 0.5514541 0.1004091 0.1206839 0.1204279 0.5586545 0.1190939 0.1129060 0.1063563 0.6131407 0.1294021 0.1739623 0.2306943 0.1269048 0.1833204 0.1184666 0.1255014 0.1199852 0.0000000 0.3982812 0.6093883 0.1129085 0.1116063 0.1140593 0.1088608 0.5245009 0.1327621 0.1972607 0.1169718 0.1023015 0.7017217 0.5040388 0.1300995 0.5982944 0.0964389 0.1229818 0.5472701 0.1088803 0.1185157 0.3156116 0.1150186 0.1936418 0.1300202 0.1322391 0.1897661 0.1186495 0.5997778 0.1029457 0.1061393 0.6162462 0.1130440 0.1097356 0.1110092 0.1214354 0.1319541 0.1994138 0.1061313 0.1290376 0.1097359 0.0930623 0.1996694 0.1043051 0.1040885 0.1106632 0.0986670 0.3101088 0.1136050 0.1398271 0.1183674 0.1700527 0.1968418 0.1069490 0.1015428 0.1455134 0.1110208 0.1410756 0.1074983 0.1229962 0.1086586 0.2150210 0.1000377 0.1337158 0.1460943 0.5653033 0.6253370 0.1026692 0.1177796 0.1092164 0.1080157 0.1741003 0.1203196 0.1256195 0.1543836 0.1955187 0.2023778 0.5822959 0.2131026 0.1196155 0.1166328 0.6009927 0.0961023 0.5579378 0.1317077 0.5823900 0.1163142 0.1205889 0.1157955 0.1171586 0.0787164 0.1101040 0.1160193 0.1123366 0.1102215 0.6049605 0.1060417 0.1624319 0.0957713 
S0400         0.7707140 0.7558793 0.8434451 0.3877869 0.3547134 0.3054127 0.5173589 0.0978227 0.3574576 0.3560852 0.3515485 0.0146378 0.3497675 0.3597856 0.2681340 0.0804010 0.3572259 0.5062031 0.5445769 0.3492098 0.5405822 0.3430730 0.3940153 0.4742801 0.3982812 0.0000000 0.0476718 0.3944191 0.3797730 0.3429102 0.3332840 0.1286065 0.4109339 0.4785315 0.3584896 0.3581365 0.1410882 0.1518887 0.3664071 0.0750553 0.2637014 0.3492228 0.1067894 0.3458817 0.3971143 0.0316342 0.3600842 0.4782292 0.4035401 0.3790050 0.4675357 0.4077020 0.0532914 0.3457911 0.3389809 0.0352473 0.3434295 0.3418294 0.3771359 0.3619731 0.3741561 0.4705213 0.3426282 0.3834508 0.3595439 0.4338656 0.4655385 0.3481717 0.3311194 0.3610726 0.3655702 0.0571357 0.3443182 0.4002375 0.4032306 0.6626251 0.4851987 0.3584729 0.3551058 0.3923464 0.3364365 0.3937407 0.4390972 0.3682944 0.3604459 0.6014567 0.3246503 0.3898318 0.4029585 0.0267476 0.0896235 0.3943801 0.3445412 0.3464904 0.3725718 0.5279109 0.3894188 0.3504912 0.4209294 0.5195267 0.4798734 0.0314020 0.4960806 0.4628615 0.3576277 0.0489516 0.2700914 0.0933811 0.3987455 0.0607335 0.3666100 0.3723240 0.3585940 0.3886272 0.3078010 0.3420987 0.4208435 0.3418284 0.3358936 0.0381733 0.3437294 0.0807594 0.2908178 
S0405         1.0971863 0.9925703 1.0868326 0.5840386 0.3844107 0.4881568 0.7502563 0.0833885 0.5476271 0.5482638 0.5312930 0.0417442 0.5291496 0.5510902 0.4505257 0.0654439 0.5446701 0.7608471 0.7759351 0.5288887 0.7748325 0.5232246 0.5885742 0.7140603 0.6093883 0.0476718 0.0000000 0.5890186 0.5416533 0.5223603 0.5241812 0.1583716 0.6244900 0.6894491 0.5367639 0.5538349 0.1262821 0.2054492 0.5484100 0.0687897 0.4379088 0.5336744 0.1372256 0.5205885 0.5850109 0.0330802 0.5404117 0.6844289 0.6144791 0.5588192 0.6770975 0.6018261 0.0492265 0.5499819 0.5256608 0.0319057 0.5340332 0.5308507 0.5717410 0.5360958 0.5526440 0.6765885 0.5198547 0.5685110 0.5402687 0.6587593 0.6752853 0.5456948 0.5258249 0.5638253 0.5636769 0.0578615 0.5284851 0.6027805 0.5937183 0.9662288 0.6994394 0.5708910 0.5665514 0.6117255 0.5321011 0.5966382 0.7270286 0.5603935 0.5544285 0.8547130 0.5155079 0.5978733 0.6093379 0.0424530 0.0701291 0.5727439 0.5242967 0.5279679 0.5559047 0.7773856 0.5823082 0.5435328 0.6259006 0.7360987 0.6891217 0.0335549 0.7019278 0.6790804 0.5538191 0.0470099 0.4472421 0.0912600 0.5949121 0.0678294 0.5496334 0.5607237 0.5587505 0.5849562 0.4927706 0.5317973 0.6545525 0.5259102 0.5128058 0.0339972 0.5282241 0.0631298 0.4635463 
S0407sl       0.4021037 0.3623930 0.4328947 0.1292232 0.1185379 0.1249977 0.2103598 0.6084556 0.0767273 0.0537288 0.1125791 0.5665932 0.0469123 0.1049077 0.1121789 0.6095861 0.0614381 0.1577446 0.1861723 0.0515832 0.1648507 0.0427830 0.1308604 0.1656653 0.1129085 0.3944191 0.5890186 0.0000000 0.0886074 0.0461298 0.0822992 0.6685345 0.0767630 0.1745513 0.0597539 0.1003997 0.6083129 0.4393060 0.0580580 0.6005175 0.0975332 0.0492764 0.4329439 0.0485217 0.1145636 0.3102750 0.0963388 0.1718316 0.1198177 0.1086434 0.1662476 0.1014938 0.5894394 0.1001174 0.0870084 0.5919133 0.0873918 0.0846709 0.1059891 0.1066107 0.0811538 0.1678502 0.0462337 0.0855606 0.0982925 0.0377485 0.1630501 0.1038593 0.0914362 0.1114231 0.0947310 0.3197070 0.1048919 0.1248619 0.0961629 0.1558775 0.1698908 0.1045803 0.1083979 0.1338283 0.0844202 0.1310248 0.0584542 0.1139710 0.1166741 0.1894466 0.1310877 0.1381228 0.1359660 0.5592452 0.6502830 0.0955886 0.0524926 0.0486687 0.0497764 0.1631364 0.0716205 0.0517237 0.1231535 0.1745351 0.1811506 0.5810246 0.1716161 0.1758497 0.1139579 0.5815892 0.0984733 0.6301861 0.1381870 0.6078411 0.0623480 0.1147039 0.1204309 0.0485797 0.0995201 0.0882629 0.0278288 0.1036425 0.0496444 0.5973948 0.1065516 0.1334567 0.1024175 
S0412sl       0.3984755 0.3840471 0.4423807 0.1138547 0.1089883 0.1057198 0.2273197 0.5824502 0.0865645 0.0912008 0.1092275 0.5288470 0.0846573 0.0985782 0.0944788 0.5582942 0.1008073 0.1477060 0.1916115 0.0863792 0.1565246 0.0814489 0.1120290 0.1437729 0.1116063 0.3797730 0.5416533 0.0886074 0.0000000 0.0852713 0.0859765 0.6404436 0.1040421 0.1662520 0.0804945 0.1052825 0.5480650 0.4648803 0.0963090 0.5532804 0.0827301 0.0895630 0.4624178 0.0764239 0.0747283 0.3063114 0.0976185 0.1687314 0.1159509 0.0616456 0.1596001 0.1031613 0.5503511 0.1025459 0.0895777 0.5562762 0.0911236 0.0883677 0.1057965 0.1079352 0.0999035 0.1688854 0.0739151 0.1020138 0.0841754 0.0661969 0.1707453 0.0990644 0.0939896 0.1128058 0.0934585 0.3091111 0.1032916 0.1305532 0.1010234 0.1511470 0.1774448 0.1000243 0.1036809 0.1320853 0.0881059 0.1271487 0.0903117 0.1128167 0.1039157 0.1962720 0.1076699 0.1299586 0.1322725 0.5315078 0.5845071 0.0868363 0.0879883 0.0766580 0.0755307 0.1476680 0.0887141 0.0892875 0.1261875 0.1634824 0.1728703 0.5451663 0.1746817 0.1628033 0.1080662 0.5346331 0.0823343 0.5967933 0.1370965 0.5604999 0.0901668 0.1037381 0.1099334 0.0887972 0.0748197 0.0869718 0.0811568 0.1020500 0.0776486 0.5545175 0.1051852 0.1141312 0.0785998 
S0417         0.4207784 0.3559834 0.4249773 0.0914190 0.1019990 0.0945833 0.1872507 0.5512594 0.0673203 0.0222657 0.0833980 0.5040667 0.0182211 0.0774441 0.0780303 0.5409704 0.0304495 0.1340890 0.1557971 0.0203716 0.1384793 0.0213951 0.0977871 0.1463091 0.1140593 0.3429102 0.5223603 0.0461298 0.0852713 0.0000000 0.0597515 0.6164682 0.0652949 0.1476978 0.0296905 0.0710280 0.5635882 0.3875081 0.0294512 0.5275492 0.0678777 0.0222025 0.3964796 0.0204440 0.0816919 0.2631883 0.0786040 0.1467651 0.1030857 0.0815307 0.1400803 0.0882564 0.5294711 0.0694636 0.0630759 0.5291125 0.0644217 0.0606606 0.0803860 0.0871659 0.0553722 0.1378428 0.0204053 0.0583495 0.0686300 0.0289785 0.1412825 0.0751689 0.0716428 0.0834460 0.0815524 0.2616731 0.0806102 0.0903082 0.0911602 0.1409813 0.1375039 0.0795987 0.0767580 0.0989331 0.0617819 0.0962679 0.0462972 0.0880487 0.0857983 0.1567864 0.0958251 0.1075469 0.1008662 0.5022421 0.5801211 0.0913742 0.0223259 0.0225219 0.0328589 0.1334090 0.0537364 0.0204523 0.0981771 0.1655855 0.1566148 0.5164792 0.1475122 0.1522975 0.0816788 0.5166577 0.0685004 0.5639359 0.1124067 0.5459511 0.0501794 0.0811592 0.0877673 0.0390297 0.0758710 0.0630459 0.0274787 0.0794492 0.0234718 0.5267969 0.0797177 0.1306482 0.0713817 
S0419         0.3975616 0.3576197 0.4316295 0.0884711 0.0949150 0.0950902 0.1777997 0.5523837 0.0126078 0.0653766 0.0475138 0.5003946 0.0595879 0.0718308 0.0862579 0.5281642 0.0781116 0.1059432 0.1439974 0.0667041 0.1143100 0.0598375 0.0909099 0.1319939 0.1088608 0.3332840 0.5241812 0.0822992 0.0859765 0.0597515 0.0000000 0.5876757 0.0842899 0.1170162 0.0607703 0.0736837 0.5386549 0.3862643 0.0686389 0.5087001 0.0697990 0.0696688 0.4170491 0.0542976 0.0751484 0.2495241 0.0351887 0.1198241 0.1044925 0.0774932 0.1137379 0.0766585 0.5147987 0.0722540 0.0075822 0.5150802 0.0076151 0.0056773 0.0796226 0.0420937 0.0702571 0.1269398 0.0520018 0.0664770 0.0615824 0.0646814 0.1171439 0.0756855 0.0712705 0.0816260 0.0834639 0.2613656 0.0486031 0.0898016 0.0821244 0.1373354 0.1238508 0.0703160 0.0701680 0.1027948 0.0056611 0.0976837 0.0663617 0.0858234 0.0828202 0.1610905 0.0919616 0.1001403 0.1049761 0.5033206 0.5736609 0.0811953 0.0675293 0.0544599 0.0648416 0.1085094 0.0677925 0.0591249 0.0808749 0.1362693 0.1290364 0.5204673 0.1362068 0.1360897 0.0795548 0.5115528 0.0671541 0.5532400 0.1112321 0.5168304 0.0672396 0.0743828 0.0822650 0.0828681 0.0797525 0.0095253 0.0625030 0.0475314 0.0554224 0.5197698 0.0464339 0.1036560 0.0664464 
S0427         1.1453057 1.0782661 1.1556494 0.6084341 0.3977211 0.5954484 0.8125978 0.1159306 0.6171093 0.6126434 0.5843550 0.1366846 0.6284075 0.6002779 0.5805103 0.1584886 0.6380071 0.8324137 0.8696417 0.6260401 0.8703521 0.6085432 0.5953870 0.6534849 0.5245009 0.1286065 0.1583716 0.6685345 0.6404436 0.6164682 0.5876757 0.0000000 0.6925118 0.7710854 0.6161942 0.5546917 0.1947078 0.2395421 0.6323940 0.1750287 0.5798950 0.6309034 0.1849127 0.5987739 0.6314418 0.1250742 0.5883030 0.7833607 0.6578315 0.6350191 0.7660709 0.6471828 0.1526880 0.5682996 0.5847330 0.1637160 0.5982279 0.5945406 0.5928246 0.5833707 0.6367474 0.7883390 0.5979336 0.6407300 0.5912791 0.7437780 0.7767224 0.5599357 0.5310735 0.5789802 0.5788438 0.1133777 0.5805797 0.6563850 0.6385926 1.0110606 0.7886172 0.5928209 0.5815253 0.6604698 0.5929868 0.6355443 0.7812636 0.5967978 0.5907930 0.9048613 0.5642489 0.6394152 0.6470649 0.1322662 0.1560427 0.6040024 0.6032220 0.6072967 0.6230770 0.8471934 0.6712348 0.6177955 0.7271981 0.8270614 0.7733323 0.1470463 0.8144396 0.6298507 0.5946859 0.1725364 0.5860770 0.1300363 0.6165723 0.1301020 0.6511938 0.6020920 0.5899218 0.6584397 0.5467314 0.5821830 0.7183196 0.5777461 0.5931179 0.1629423 0.5743387 0.1746436 0.5617937 
