122
CRNC          0.0000000 0.2154579 0.2988203 0.4596971 0.5078875 0.4342616 0.3294714 0.4103697 0.4187623 0.4372090 0.4472642 0.4302598 0.4409145 0.4291191 0.4414563 0.3964612 0.4623031 0.4712899 0.4346228 0.4518373 0.4556974 0.4607605 0.4671388 0.4689216 0.4129799 0.4150857 0.4231030 0.4543612 0.4236712 0.4427010 0.4126950 0.3994467 0.4453685 0.4428925 0.4363096 0.4152571 0.4239075 0.4602550 0.4534525 0.4396304 0.4298764 0.4263741 0.4549547 0.4500049 0.4607626 0.4448129 0.4294345 0.4536186 0.4001849 0.4065576 0.4554142 0.4478133 0.4193858 0.4145416 0.4219300 0.4266777 0.4206459 0.4198597 0.4548049 0.4258241 0.4395103 0.4130759 0.4490885 0.4461954 0.4187194 0.4424650 0.4158369 0.4119856 0.4236491 0.4130648 0.4208645 0.4730753 0.4560276 0.3991647 0.4276611 0.4065814 0.4129424 0.4397402 0.4194053 0.4077397 0.4213672 0.3986454 0.4387869 0.4172181 0.4475778 0.4107906 0.4367758 0.4469069 0.4030075 0.4374627 0.4150527 0.4307067 0.4462102 0.4470004 0.4451068 0.4449583 0.4732085 0.4454760 0.4403772 0.4576250 0.4684182 0.4320585 0.4325294 0.4591776 0.4249713 0.4245921 0.4216027 0.4096633 0.4388110 0.4091294 0.4159754 0.4237125 0.4297680 0.4528088 0.3959007 0.4232946 0.4895417 0.4549875 0.4313165 0.4211355 0.4490152 0.4045930 
HYZL          0.2154579 0.0000000 0.1284419 0.3237890 0.2600935 0.3305368 0.2457451 0.2849310 0.2903004 0.3305882 0.3097669 0.2980169 0.3183800 0.2962146 0.3043784 0.2844948 0.3310122 0.3243383 0.3142455 0.3207971 0.3192498 0.3299612 0.3195871 0.3384051 0.2894658 0.2903556 0.2909369 0.3562203 0.3055085 0.3015690 0.2827355 0.2890623 0.3167470 0.3163999 0.2958908 0.2942187 0.3076873 0.3148887 0.3211728 0.3225461 0.3139511 0.2935420 0.3107923 0.2946243 0.3055742 0.3218483 0.2995473 0.3181016 0.2869386 0.2904974 0.3213356 0.3331509 0.2852739 0.2884319 0.2851656 0.2975974 0.2846808 0.2862088 0.3109899 0.2958405 0.3045067 0.3068040 0.2982499 0.2856051 0.2959792 0.3149078 0.2883507 0.2870075 0.2830298 0.2875358 0.2907920 0.3731745 0.3112096 0.3013446 0.3013144 0.3009573 0.3040743 0.3075557 0.2917509 0.2927998 0.2844435 0.2901767 0.2927866 0.2939967 0.3112017 0.3097467 0.3080431 0.3072600 0.2851438 0.2965521 0.2800091 0.2936331 0.3118523 0.2946299 0.3119191 0.3165686 0.3153956 0.3114751 0.3139594 0.3241863 0.3270096 0.2896894 0.3207954 0.3350241 0.2952221 0.2910860 0.2912620 0.2935313 0.3125630 0.2997931 0.3087245 0.2826727 0.2887183 0.3273833 0.2766111 0.2906009 0.3623136 0.3147196 0.2927004 0.2925329 0.3174253 0.2750493 
MYZV          0.2988203 0.1284419 0.0000000 0.4246258 0.4255063 0.4195898 0.3423480 0.3714806 0.3934727 0.4198076 0.4293665 0.3938477 0.4169674 0.4082075 0.3948086 0.3564359 0.4218041 0.4287254 0.4194996 0.4094529 0.4181771 0.4250148 0.4194455 0.4280348 0.3874728 0.3914098 0.3841652 0.4267984 0.3918928 0.4018061 0.3797423 0.3707221 0.4055002 0.4151179 0.4009673 0.3911714 0.4062650 0.4120309 0.4140534 0.4188164 0.3924771 0.3840965 0.4065634 0.3908070 0.4168068 0.4036557 0.4115487 0.4171832 0.3626662 0.3799679 0.4187695 0.4260290 0.3875047 0.3875392 0.3825310 0.3957042 0.3859862 0.3857846 0.4151425 0.4071535 0.3984015 0.3904331 0.4048020 0.3689175 0.3959856 0.4156326 0.3845730 0.3817579 0.3783497 0.3873752 0.3958566 0.4598348 0.4239168 0.3796846 0.4007883 0.3860531 0.3878990 0.4042932 0.3861312 0.3646606 0.3880528 0.3635878 0.4073964 0.3932774 0.4028826 0.4056582 0.4027827 0.4237729 0.3635740 0.3960474 0.3672227 0.3995198 0.3967551 0.4023892 0.4024802 0.4170023 0.4217429 0.4046430 0.4153225 0.4222806 0.4259788 0.3861611 0.4098800 0.4330261 0.3986802 0.3903369 0.3846377 0.3880059 0.4184437 0.3789812 0.4046490 0.3985179 0.4008872 0.4261374 0.3618722 0.3880236 0.4510391 0.4266041 0.4036041 0.3921426 0.4308362 0.3748854 
SRR6441723    0.4596971 0.3237890 0.4246258 0.0000000 0.0676617 0.1018817 0.1892069 0.0642049 0.0685275 0.1083658 0.1021241 0.0693062 0.1130467 0.0470400 0.0804850 0.0810585 0.1145757 0.0971871 0.1047663 0.1163747 0.0933499 0.1160177 0.0485956 0.0430144 0.0861096 0.0699796 0.0736167 0.1155182 0.0777682 0.1011185 0.0666244 0.0784888 0.1023277 0.0906685 0.1012531 0.0704812 0.0856946 0.1098005 0.0940264 0.0988609 0.0818778 0.0686280 0.1074361 0.1095651 0.1040608 0.0733888 0.0816852 0.0965095 0.1140330 0.0729003 0.0920519 0.0850770 0.0665731 0.0694532 0.0692738 0.0743447 0.0677414 0.0710290 0.0745607 0.0829340 0.0992726 0.1085456 0.0942709 0.1002978 0.0559575 0.0995488 0.0734022 0.0665885 0.0635027 0.0710687 0.0717674 0.1256025 0.1024095 0.1239177 0.0904278 0.0954775 0.1013073 0.0743829 0.0645539 0.1110553 0.0683072 0.1124173 0.0949272 0.0720714 0.0490971 0.0976584 0.0797478 0.0539922 0.1180226 0.0714129 0.0776855 0.0581169 0.0956379 0.0986607 0.0915535 0.0913415 0.1206910 0.0985111 0.1100878 0.0931919 0.0958046 0.0674312 0.1134819 0.0450456 0.0435897 0.0677228 0.0702464 0.0751548 0.0548457 0.0656204 0.1025759 0.0553302 0.0494948 0.1147073 0.0795281 0.0717218 0.1378031 0.1006719 0.1014557 0.0726765 0.1023045 0.0698783 
ERR4210213    0.5078875 0.2600935 0.4255063 0.0676617 0.0000000 0.0000010 0.2142430 0.0719040 0.1134137 0.1503621 0.1339720 0.0761569 0.1397981 0.0515773 0.0780145 0.0954876 0.1278262 0.1483581 0.1045334 0.1250490 0.1613810 0.1545812 0.0138681 0.0695705 0.1059537 0.0770159 0.0779891 0.0000010 0.0714498 0.1328867 0.1165146 0.0889675 0.1244877 0.1493617 0.1526331 0.0940979 0.0876194 0.1029582 0.1692207 0.1538917 0.0770616 0.0604660 0.1254008 0.1361871 0.1044778 0.0770159 0.1143260 0.1614685 0.1124294 0.0851842 0.1589298 0.0000010 0.0770159 0.0760260 0.1230384 0.0945421 0.1122159 0.1230404 0.0670123 0.1122159 0.1184141 0.1039149 0.1044778 0.1056264 0.0604660 0.1506562 0.0922593 0.0938431 0.0714053 0.1038351 0.1110477 0.0877669 0.1347174 0.1321914 0.1419083 0.0954386 0.0941615 0.1044052 0.0962439 0.1109797 0.1122159 0.1109797 0.1419737 0.0939607 0.0595237 0.1037918 0.0778088 0.0849840 0.1109797 0.0687579 0.0770159 0.0843000 0.1542002 0.0963458 0.0000010 0.1691070 0.1646032 0.1073103 0.1250020 0.1589298 0.1589298 0.0685747 0.1119124 0.1195747 0.0519183 0.0713918 0.0685747 0.0778808 0.0602357 0.0731512 0.1649839 0.0676793 0.0441442 0.1344758 0.0954876 0.1214243 0.1802942 0.1347174 0.1055980 0.0855561 0.1347174 0.0770159 
ERR2789774    0.4342616 0.3305368 0.4195898 0.1018817 0.0000010 0.0000000 0.1955571 0.0664713 0.0810693 0.1113981 0.1118147 0.0495111 0.1142068 0.0828270 0.0604260 0.0684916 0.1240377 0.1064753 0.1343856 0.1209902 0.1049066 0.1077148 0.1000358 0.0917288 0.0898253 0.0467978 0.0509750 0.1115857 0.0732517 0.1042049 0.0806392 0.0919967 0.0972244 0.1037982 0.0974797 0.1058118 0.0920441 0.1228807 0.1083422 0.0989336 0.0575230 0.0457156 0.1135559 0.1112129 0.1323186 0.0563712 0.1007679 0.1094712 0.1207790 0.0684793 0.1076773 0.1014695 0.0466036 0.1024744 0.0838814 0.0507855 0.0793623 0.0852937 0.0982380 0.1002572 0.1050627 0.1220845 0.1232739 0.1104189 0.0889218 0.1037501 0.0883921 0.0943997 0.0882972 0.0982047 0.0995759 0.1345968 0.1119962 0.1326439 0.0953731 0.1065646 0.1070906 0.1059690 0.0910452 0.1235660 0.0823312 0.1204165 0.1067153 0.1017048 0.1048461 0.1118221 0.0699596 0.0981051 0.1302433 0.0493215 0.0672344 0.0857887 0.0952239 0.1300785 0.1238834 0.1053591 0.1104854 0.1065401 0.1159421 0.1082477 0.1132198 0.0494174 0.1292598 0.0946997 0.0808738 0.0482102 0.0556966 0.0715910 0.0916465 0.0527862 0.1114313 0.0872219 0.0903247 0.1160358 0.0659238 0.0823914 0.0961325 0.1120068 0.1222930 0.0496962 0.1068805 0.0615587 
PAFTOL_019361 0.3294714 0.2457451 0.3423480 0.1892069 0.2142430 0.1955571 0.0000000 0.1595371 0.1683485 0.2050341 0.1945941 0.1711587 0.2094366 0.1826553 0.1798404 0.1645856 0.2154746 0.2099223 0.1927391 0.2151008 0.1962920 0.2071435 0.2007874 0.2201093 0.1783444 0.1724137 0.1745313 0.2152891 0.1740126 0.1918125 0.1627882 0.1689286 0.2019043 0.1961724 0.1958851 0.1784971 0.1859852 0.1995003 0.1971590 0.1967490 0.1801992 0.1700423 0.2005053 0.1918037 0.2018206 0.1797208 0.1744952 0.1970562 0.1679875 0.1644253 0.1965325 0.1729216 0.1666398 0.1805649 0.1686388 0.1729278 0.1688531 0.1721980 0.1821112 0.1772453 0.1830104 0.1881962 0.1928481 0.1802994 0.1680271 0.1912348 0.1684709 0.1719286 0.1748204 0.1770815 0.1790352 0.2202973 0.1963312 0.1725984 0.1925551 0.1773396 0.1833948 0.1883937 0.1795129 0.1674750 0.1672360 0.1597176 0.1842144 0.1906998 0.1883854 0.1809719 0.1835158 0.1910471 0.1643076 0.1697162 0.1666408 0.1647586 0.1923425 0.1956518 0.1878963 0.1926053 0.2047570 0.1936471 0.2004720 0.1972739 0.2020722 0.1668305 0.1957860 0.2088219 0.1745978 0.1718753 0.1685672 0.1694249 0.1877514 0.1659562 0.1899750 0.1840625 0.1804315 0.2176364 0.1609318 0.1727212 0.2337885 0.1953742 0.1977369 0.1677600 0.2006958 0.1587446 
S0055         0.4103697 0.2849310 0.3714806 0.0642049 0.0719040 0.0664713 0.1595371 0.0000000 0.0400008 0.0813787 0.0678748 0.0270952 0.0878902 0.0562056 0.0339514 0.0347051 0.0910368 0.0778651 0.0832175 0.0902209 0.0725231 0.0867707 0.0758749 0.0676503 0.0490698 0.0262960 0.0301724 0.0925767 0.0430046 0.0736586 0.0389302 0.0429133 0.0802075 0.0699361 0.0770041 0.0616090 0.0531703 0.0790472 0.0741006 0.0756245 0.0386382 0.0234614 0.0762521 0.0761417 0.0779787 0.0326960 0.0547164 0.0756487 0.0832769 0.0413791 0.0730048 0.0651236 0.0266271 0.0622194 0.0400597 0.0308514 0.0400976 0.0440101 0.0701816 0.0552334 0.0695604 0.0832196 0.0718229 0.0728199 0.0440231 0.0720853 0.0528640 0.0576949 0.0513419 0.0622356 0.0629445 0.0815641 0.0717616 0.0935040 0.0587411 0.0726793 0.0742899 0.0663993 0.0581683 0.0841887 0.0407406 0.0851606 0.0693746 0.0675247 0.0682929 0.0766505 0.0371204 0.0645983 0.0869575 0.0277008 0.0316634 0.0530440 0.0709811 0.0753874 0.0697293 0.0707047 0.0917163 0.0754880 0.0802405 0.0724000 0.0751342 0.0247945 0.0906373 0.0748240 0.0501558 0.0241680 0.0229540 0.0168468 0.0627447 0.0256787 0.0736240 0.0599943 0.0571737 0.0925038 0.0309114 0.0439232 0.1081394 0.0717657 0.0754418 0.0263772 0.0708625 0.0211522 
S0196sl       0.4187623 0.2903004 0.3934727 0.0685275 0.1134137 0.0810693 0.1683485 0.0400008 0.0000000 0.0845169 0.0419999 0.0470534 0.0865780 0.0539778 0.0518448 0.0577457 0.0933381 0.0721200 0.0767808 0.0922100 0.0673136 0.0853943 0.0764677 0.0794109 0.0671678 0.0461222 0.0503166 0.0878201 0.0554342 0.0734509 0.0062613 0.0555292 0.0829178 0.0648228 0.0766217 0.0648521 0.0708527 0.0807343 0.0679894 0.0755055 0.0592629 0.0448383 0.0810340 0.0787101 0.0794961 0.0509645 0.0237307 0.0695466 0.0927587 0.0528372 0.0678005 0.0659044 0.0483054 0.0630649 0.0081173 0.0517562 0.0074415 0.0101962 0.0700036 0.0243293 0.0730368 0.0797265 0.0717284 0.0709525 0.0443864 0.0728118 0.0509424 0.0586579 0.0516585 0.0638411 0.0629218 0.1069333 0.0410108 0.1011961 0.0684604 0.0685089 0.0734326 0.0680333 0.0608180 0.0901271 0.0074188 0.0877558 0.0733531 0.0683472 0.0699628 0.0723721 0.0600078 0.0677449 0.0930299 0.0475843 0.0542057 0.0539466 0.0724784 0.0761231 0.0658372 0.0663822 0.0911760 0.0744571 0.0765656 0.0672022 0.0706408 0.0468888 0.0858509 0.0806639 0.0496967 0.0440249 0.0461243 0.0495990 0.0651298 0.0470564 0.0698155 0.0600707 0.0564906 0.0909552 0.0542064 0.0101771 0.1088901 0.0402526 0.0770252 0.0486375 0.0394640 0.0415455 
S0278         0.4372090 0.3305882 0.4198076 0.1083658 0.1503621 0.1113981 0.2050341 0.0813787 0.0845169 0.0000000 0.1125571 0.0887830 0.0321765 0.0939508 0.0962753 0.0925896 0.0288241 0.1156714 0.1249194 0.0348378 0.1104004 0.0489497 0.1135669 0.1258333 0.1091574 0.0876915 0.0900055 0.0478449 0.0929045 0.0317424 0.0829900 0.0943740 0.0473372 0.1103258 0.0424755 0.1002525 0.0958019 0.1214800 0.1101428 0.0113253 0.0988150 0.0846380 0.0245430 0.0562345 0.0903893 0.0905404 0.0939343 0.1125591 0.1372409 0.0836764 0.1116638 0.1054861 0.0858857 0.0999953 0.0844658 0.0923971 0.0836982 0.0872298 0.1065788 0.0971903 0.0469734 0.1283238 0.0833035 0.0494857 0.0873576 0.0307221 0.0897246 0.0951146 0.0920710 0.0999021 0.0979241 0.1458137 0.1134958 0.1488726 0.1049367 0.1183950 0.1169671 0.1031462 0.0954442 0.1348520 0.0834123 0.1346283 0.0688867 0.1063994 0.1120576 0.1226283 0.0991394 0.1057275 0.1406348 0.0857297 0.0934235 0.0992650 0.0290753 0.0860628 0.0769276 0.1081660 0.0710059 0.0157705 0.1201788 0.1120629 0.1148450 0.0864982 0.1332312 0.1148654 0.0886837 0.0871310 0.0854392 0.0901164 0.0999637 0.0855245 0.0562533 0.1029433 0.0985719 0.0327269 0.0916490 0.0827230 0.0591196 0.1135101 0.0887057 0.0897508 0.1113250 0.0796428 
S0281         0.4472642 0.3097669 0.4293665 0.1021241 0.1339720 0.1118147 0.1945941 0.0678748 0.0419999 0.1125571 0.0000000 0.0785543 0.1173015 0.0894678 0.0839767 0.0875716 0.1188096 0.1014337 0.1053909 0.1188320 0.0993464 0.1154956 0.1129290 0.0992880 0.0898552 0.0774727 0.0806086 0.1166271 0.0907430 0.1019065 0.0363516 0.0848326 0.1054919 0.0965869 0.0980809 0.0984802 0.0979913 0.1084676 0.1001006 0.1047748 0.0857598 0.0762231 0.1043675 0.1027991 0.1091095 0.0804954 0.0421159 0.1017784 0.1165036 0.0853203 0.0998083 0.0915688 0.0783290 0.0973864 0.0404339 0.0820699 0.0389468 0.0428107 0.1023317 0.0410629 0.0995021 0.1060683 0.1019425 0.0956700 0.0771424 0.0974648 0.0782023 0.0891984 0.0850800 0.0955453 0.0962524 0.1336842 0.0557955 0.1219267 0.1014280 0.0982412 0.1011594 0.0973836 0.0895170 0.1134567 0.0395855 0.1110600 0.0938048 0.1025335 0.1018382 0.1023666 0.0876870 0.0991791 0.1167488 0.0790392 0.0840031 0.0892879 0.1011723 0.1045303 0.0992601 0.0965775 0.1173626 0.1025200 0.1066567 0.0992447 0.1019313 0.0749353 0.1088218 0.1138880 0.0833857 0.0752976 0.0761193 0.0773088 0.0980775 0.0760946 0.1008978 0.0956944 0.0923544 0.1195168 0.0840038 0.0427271 0.1372176 0.0550339 0.1082014 0.0803826 0.0541920 0.0715961 
S0282         0.4302598 0.2980169 0.3938477 0.0693062 0.0761569 0.0495111 0.1711587 0.0270952 0.0470534 0.0887830 0.0785543 0.0000000 0.0936321 0.0584068 0.0194288 0.0378263 0.1021868 0.0840225 0.0906494 0.0957100 0.0772994 0.0922582 0.0787965 0.0710620 0.0556917 0.0102133 0.0165726 0.0940603 0.0470190 0.0827755 0.0438810 0.0484242 0.0888408 0.0747153 0.0826280 0.0629558 0.0629421 0.0893399 0.0780331 0.0797608 0.0274347 0.0095619 0.0843413 0.0860999 0.0873336 0.0160822 0.0586281 0.0787806 0.0963743 0.0469386 0.0778118 0.0720801 0.0145525 0.0612135 0.0478928 0.0151253 0.0455089 0.0503164 0.0732878 0.0623563 0.0770131 0.0916635 0.0803539 0.0832914 0.0480521 0.0769199 0.0597607 0.0583748 0.0546172 0.0620086 0.0634982 0.0865842 0.0798171 0.1038196 0.0634751 0.0801721 0.0780979 0.0712850 0.0623118 0.0971885 0.0470168 0.0974959 0.0817473 0.0681397 0.0748748 0.0849996 0.0379367 0.0700995 0.0993309 0.0122613 0.0318307 0.0578166 0.0783653 0.0838654 0.0774696 0.0763720 0.1009659 0.0813464 0.0856282 0.0772215 0.0799620 0.0115838 0.0991630 0.0768625 0.0516898 0.0116443 0.0138856 0.0342113 0.0666390 0.0237153 0.0862560 0.0647929 0.0593698 0.0952990 0.0310916 0.0502184 0.1061452 0.0790254 0.0864771 0.0116334 0.0771148 0.0221998 
S0289         0.4409145 0.3183800 0.4169674 0.1130467 0.1397981 0.1142068 0.2094366 0.0878902 0.0865780 0.0321765 0.1173015 0.0936321 0.0000000 0.1000063 0.0974492 0.0948808 0.0391114 0.1173617 0.1274604 0.0258756 0.1120035 0.0505099 0.1174599 0.1315686 0.1115574 0.0925510 0.0937758 0.0415666 0.0968526 0.0366295 0.0860146 0.0955548 0.0504690 0.1097710 0.0462778 0.1024743 0.1040123 0.1232925 0.1107297 0.0245733 0.1040207 0.0883718 0.0299076 0.0546806 0.0898976 0.0975851 0.0980605 0.1161949 0.1379959 0.0883385 0.1124260 0.1074258 0.0904906 0.1032056 0.0873650 0.0944510 0.0865721 0.0893288 0.1133763 0.0995649 0.0476507 0.1310871 0.0825969 0.0520204 0.0912979 0.0325690 0.0946358 0.0981775 0.0939377 0.1030314 0.1010534 0.1405658 0.1172233 0.1527758 0.1070760 0.1180565 0.1218095 0.1130201 0.1044910 0.1355591 0.0845099 0.1340419 0.0704795 0.1099903 0.1189377 0.1214055 0.1024413 0.1064380 0.1403183 0.0887080 0.0955662 0.1033920 0.0299478 0.0853991 0.0802075 0.1106782 0.0705488 0.0270625 0.1225368 0.1137995 0.1157015 0.0903794 0.1328792 0.1198901 0.0936212 0.0910227 0.0921900 0.0976565 0.1023888 0.0874622 0.0605302 0.1042659 0.1019375 0.0252330 0.0938233 0.0855070 0.0497637 0.1142766 0.0907287 0.0937208 0.1120356 0.0823396 
S0292         0.4291191 0.2962146 0.4082075 0.0470400 0.0515773 0.0828270 0.1826553 0.0562056 0.0539778 0.0939508 0.0894678 0.0584068 0.1000063 0.0000000 0.0683704 0.0699323 0.1057041 0.0834612 0.0896577 0.1051624 0.0796713 0.0983297 0.0512219 0.0498714 0.0743806 0.0558872 0.0586142 0.1062595 0.0669798 0.0868720 0.0525187 0.0649097 0.0922592 0.0779263 0.0883498 0.0603729 0.0781018 0.0910454 0.0803504 0.0841672 0.0666811 0.0552962 0.0965023 0.0902300 0.0903060 0.0569345 0.0681286 0.0819539 0.1044302 0.0613060 0.0801228 0.0716144 0.0571291 0.0594129 0.0531417 0.0615270 0.0539819 0.0564050 0.0662261 0.0692239 0.0821473 0.0941380 0.0833431 0.0841716 0.0433290 0.0819553 0.0561577 0.0557859 0.0510103 0.0601883 0.0608841 0.1136561 0.0871907 0.1187590 0.0774210 0.0834208 0.0747958 0.0666515 0.0578299 0.1024730 0.0538066 0.0991188 0.0850996 0.0636769 0.0445731 0.0865283 0.0704423 0.0384911 0.1027867 0.0565421 0.0634509 0.0492955 0.0840902 0.0877122 0.0847488 0.0786854 0.1036455 0.0866169 0.0905893 0.0795375 0.0820729 0.0566151 0.0969399 0.0572659 0.0054522 0.0560746 0.0534587 0.0635336 0.0354161 0.0563579 0.0869287 0.0166660 0.0095330 0.1032402 0.0626754 0.0554896 0.1218158 0.0863342 0.0860475 0.0584531 0.0862472 0.0543780 
S0293         0.4414563 0.3043784 0.3948086 0.0804850 0.0780145 0.0604260 0.1798404 0.0339514 0.0518448 0.0962753 0.0839767 0.0194288 0.0974492 0.0683704 0.0000000 0.0449403 0.1076599 0.0847804 0.0962896 0.1033311 0.0780622 0.1007054 0.0896626 0.0860101 0.0634345 0.0186633 0.0252540 0.0994901 0.0543360 0.0911064 0.0487774 0.0556260 0.0961708 0.0754764 0.0882981 0.0705081 0.0657172 0.0930119 0.0796835 0.0872769 0.0364721 0.0173105 0.0917590 0.0908566 0.0966081 0.0231951 0.0636791 0.0794892 0.1004236 0.0542428 0.0785194 0.0859390 0.0232480 0.0703247 0.0527022 0.0223239 0.0502774 0.0551697 0.0810679 0.0673971 0.0842306 0.0991422 0.0894839 0.0878842 0.0577066 0.0852275 0.0641656 0.0658229 0.0629241 0.0694806 0.0693315 0.0972163 0.0835288 0.1097899 0.0736165 0.0874023 0.0842600 0.0781111 0.0706516 0.1012138 0.0518038 0.1014972 0.0904743 0.0793535 0.0836311 0.0922387 0.0457269 0.0794853 0.1034293 0.0179165 0.0379440 0.0662659 0.0865087 0.0930587 0.0876704 0.0770814 0.1086708 0.0877907 0.0929881 0.0779311 0.0806732 0.0200730 0.1068218 0.0878089 0.0615414 0.0194705 0.0225728 0.0410893 0.0768560 0.0329077 0.0956348 0.0741982 0.0693863 0.1038497 0.0379510 0.0542784 0.1132587 0.0826731 0.0940593 0.0201602 0.0807330 0.0280835 
S0294         0.3964612 0.2844948 0.3564359 0.0810585 0.0954876 0.0684916 0.1645856 0.0347051 0.0577457 0.0925896 0.0875716 0.0378263 0.0948808 0.0699323 0.0449403 0.0000000 0.1033434 0.0865432 0.0936548 0.0967056 0.0825950 0.1005816 0.0915287 0.0828595 0.0543226 0.0361976 0.0410587 0.0981534 0.0511239 0.0825314 0.0556560 0.0510239 0.0914278 0.0799215 0.0879498 0.0694727 0.0676914 0.0915081 0.0815589 0.0812237 0.0514866 0.0348097 0.0889112 0.0880823 0.0947878 0.0393879 0.0674017 0.0841135 0.0930762 0.0535986 0.0813859 0.0834362 0.0374422 0.0693359 0.0578263 0.0409609 0.0561244 0.0612029 0.0790689 0.0713548 0.0759778 0.0859896 0.0876084 0.0824019 0.0580619 0.0824080 0.0610671 0.0647492 0.0591267 0.0692959 0.0674428 0.0682480 0.0905357 0.1036037 0.0742450 0.0810365 0.0837207 0.0789783 0.0704890 0.0977367 0.0576988 0.0943434 0.0827756 0.0766883 0.0844703 0.0859943 0.0449320 0.0743052 0.0978713 0.0384264 0.0417426 0.0642046 0.0835559 0.0911816 0.0848421 0.0816312 0.1050269 0.0840283 0.0905450 0.0825101 0.0844677 0.0361963 0.0952776 0.0871162 0.0637783 0.0379318 0.0336355 0.0428372 0.0775780 0.0343479 0.0904673 0.0740379 0.0718177 0.0980903 0.0394265 0.0602522 0.1157204 0.0879628 0.0875925 0.0371291 0.0894538 0.0331733 
S0299         0.4623031 0.3310122 0.4218041 0.1145757 0.1278262 0.1240377 0.2154746 0.0910368 0.0933381 0.0288241 0.1188096 0.1021868 0.0391114 0.1057041 0.1076599 0.1033434 0.0000000 0.1262564 0.1321949 0.0436353 0.1220287 0.0584945 0.1201930 0.1370533 0.1136947 0.0998352 0.1004079 0.0606664 0.1016101 0.0454555 0.0898212 0.1065004 0.0445334 0.1209106 0.0496668 0.1015582 0.1132438 0.1316699 0.1227588 0.0308354 0.1070820 0.0956686 0.0272338 0.0638797 0.0989007 0.1059795 0.1005103 0.1263934 0.1387711 0.0918228 0.1213563 0.1190433 0.0951403 0.1013707 0.0923164 0.1011741 0.0904191 0.0942908 0.1107998 0.1042157 0.0597150 0.1394772 0.0910047 0.0607841 0.0967005 0.0441313 0.0944477 0.0968231 0.0945786 0.1012238 0.1001856 0.1603371 0.1150577 0.1570396 0.1131683 0.1232786 0.1236142 0.1126146 0.1029984 0.1384679 0.0911381 0.1382655 0.0797948 0.1114033 0.1225922 0.1279274 0.1063914 0.1128154 0.1437673 0.0968064 0.1053996 0.1059038 0.0323278 0.0939767 0.0902903 0.1195118 0.0851391 0.0350103 0.1274828 0.1228143 0.1248626 0.0969349 0.1431181 0.1240188 0.1010311 0.0974491 0.0962748 0.1025656 0.1106245 0.0931481 0.0670973 0.1108953 0.1110353 0.0413676 0.1024331 0.0903946 0.0670185 0.1150642 0.0979310 0.1032822 0.1156394 0.0899925 
S0303         0.4712899 0.3243383 0.4287254 0.0971871 0.1483581 0.1064753 0.2099223 0.0778651 0.0721200 0.1156714 0.1014337 0.0840225 0.1173617 0.0834612 0.0847804 0.0865432 0.1262564 0.0000000 0.0661209 0.1236553 0.0108387 0.1154989 0.1011237 0.1116275 0.0905313 0.0808231 0.0840573 0.1047981 0.0917062 0.1032731 0.0709682 0.0853924 0.1060676 0.0101164 0.1051190 0.0962987 0.0993438 0.0661437 0.0123378 0.1028958 0.0889191 0.0794842 0.1105664 0.1099425 0.1149144 0.0911122 0.0845943 0.0130283 0.1223736 0.0853289 0.0108082 0.0858423 0.0821554 0.0941591 0.0719708 0.0866372 0.0713136 0.0767022 0.1000787 0.0849285 0.1017656 0.0684852 0.1065906 0.1011043 0.0806977 0.1040215 0.0277783 0.0894201 0.0814996 0.0952517 0.0949543 0.1495757 0.0980650 0.1332582 0.1053058 0.0595950 0.0673864 0.0956507 0.0863018 0.1213754 0.0719582 0.1208198 0.1014839 0.0977622 0.0962932 0.0655079 0.0916611 0.0927095 0.1281001 0.0844778 0.0849664 0.0819272 0.1000181 0.1102015 0.1054683 0.0093771 0.1205484 0.1072897 0.0675124 0.0101016 0.0123272 0.0791881 0.0736946 0.1018388 0.0786785 0.0813721 0.0784594 0.0822369 0.0921793 0.0784134 0.1056034 0.0945387 0.0889597 0.1198006 0.0878944 0.0729966 0.1158365 0.0971245 0.1143641 0.0802791 0.0989147 0.0800835 
S0308         0.4346228 0.3142455 0.4194996 0.1047663 0.1045334 0.1343856 0.1927391 0.0832175 0.0767808 0.1249194 0.1053909 0.0906494 0.1274604 0.0896577 0.0962896 0.0936548 0.1321949 0.0661209 0.0000000 0.1295943 0.0584396 0.1267654 0.1106872 0.1246265 0.1018575 0.0876697 0.0918240 0.1265760 0.0985478 0.1168226 0.0746226 0.0918800 0.1251298 0.0552348 0.1118576 0.1017218 0.1037984 0.0641618 0.0592043 0.1111222 0.0966881 0.0856885 0.1201346 0.1167349 0.1204824 0.0934826 0.0872142 0.0598748 0.1191345 0.0884935 0.0556772 0.1075038 0.0916429 0.0979254 0.0795778 0.0931749 0.0788260 0.0814070 0.1039033 0.0901795 0.1113065 0.0671404 0.1142130 0.1040826 0.0841079 0.1119259 0.0378513 0.0924147 0.0899940 0.0978544 0.1020767 0.1498428 0.1065482 0.1274875 0.1128528 0.0579722 0.0610196 0.1025430 0.0946326 0.1171353 0.0785624 0.1167107 0.1087800 0.1045558 0.1088673 0.0594803 0.0990558 0.0985275 0.1233525 0.0884787 0.0941480 0.0917608 0.1143265 0.1158204 0.1098509 0.0575667 0.1350904 0.1135208 0.0652381 0.0575653 0.0617188 0.0860482 0.0755684 0.1177761 0.0869213 0.0864428 0.0872970 0.0891098 0.1008660 0.0839830 0.1173815 0.1011425 0.0977607 0.1350734 0.0932783 0.0804114 0.1548627 0.1038698 0.1177000 0.0916077 0.1064379 0.0877124 
S0320         0.4518373 0.3207971 0.4094529 0.1163747 0.1250490 0.1209902 0.2151008 0.0902209 0.0922100 0.0348378 0.1188320 0.0957100 0.0258756 0.1051624 0.1033311 0.0967056 0.0436353 0.1236553 0.1295943 0.0000000 0.1187020 0.0526991 0.1216339 0.1302398 0.1184404 0.0954628 0.0958643 0.0487846 0.0997798 0.0347529 0.0899340 0.1020650 0.0470814 0.1175425 0.0447347 0.1078692 0.1059052 0.1298784 0.1184249 0.0307884 0.1039371 0.0923941 0.0334158 0.0552247 0.0929853 0.0965014 0.0979950 0.1208282 0.1454210 0.0914476 0.1181000 0.1235614 0.0926910 0.1075906 0.0921077 0.0993722 0.0913353 0.0940375 0.1175654 0.1003957 0.0516307 0.1320870 0.0858839 0.0510391 0.0922782 0.0359854 0.0959643 0.1017901 0.0957758 0.1064464 0.1054774 0.1514680 0.1217120 0.1612435 0.1109374 0.1226745 0.1253249 0.1153012 0.1063784 0.1429730 0.0893029 0.1426150 0.0771937 0.1123696 0.1236469 0.1269597 0.1048497 0.1126272 0.1478953 0.0925969 0.0991304 0.1071226 0.0342091 0.0877903 0.0834889 0.1172925 0.0740763 0.0332149 0.1278386 0.1203805 0.1222536 0.0924627 0.1419782 0.1239962 0.0980735 0.0922874 0.0961630 0.0987251 0.1104400 0.0896030 0.0618582 0.1095867 0.1070185 0.0172114 0.0984306 0.0874127 0.0522715 0.1189221 0.0920439 0.0965673 0.1176210 0.0889450 
S0322         0.4556974 0.3192498 0.4181771 0.0933499 0.1613810 0.1049066 0.1962920 0.0725231 0.0673136 0.1104004 0.0993464 0.0772994 0.1120035 0.0796713 0.0780622 0.0825950 0.1220287 0.0108387 0.0584396 0.1187020 0.0000000 0.1092222 0.0987982 0.1073240 0.0941114 0.0744987 0.0774511 0.1036697 0.0858387 0.1006464 0.0662851 0.0786747 0.1043688 0.0067456 0.1013774 0.0904361 0.0941312 0.0594147 0.0088114 0.0970684 0.0845866 0.0741514 0.1055507 0.1040066 0.1125169 0.0832347 0.0805840 0.0094650 0.1182575 0.0846820 0.0074056 0.0869575 0.0773085 0.0885290 0.0680887 0.0816314 0.0682904 0.0724798 0.0987802 0.0836002 0.0954295 0.0655712 0.1047123 0.0971184 0.0743774 0.0958368 0.0229645 0.0841534 0.0767151 0.0895475 0.0902505 0.1454763 0.0951921 0.1276715 0.0996575 0.0556144 0.0586810 0.0919635 0.0850351 0.1163943 0.0688907 0.1139933 0.0992652 0.0946014 0.0949839 0.0603210 0.0872010 0.0891265 0.1216678 0.0769541 0.0808374 0.0771210 0.0966155 0.1081077 0.0991689 0.0067452 0.1199232 0.0994491 0.0620718 0.0067460 0.0101929 0.0729075 0.0731356 0.1037145 0.0751482 0.0748983 0.0722101 0.0766816 0.0895439 0.0739236 0.1012416 0.0917151 0.0856594 0.1171722 0.0827185 0.0698643 0.1400194 0.0943774 0.1119143 0.0747419 0.0969509 0.0745730 
S0327         0.4607605 0.3299612 0.4250148 0.1160177 0.1545812 0.1077148 0.2071435 0.0867707 0.0853943 0.0489497 0.1154956 0.0922582 0.0505099 0.0983297 0.1007054 0.1005816 0.0584945 0.1154989 0.1267654 0.0526991 0.1092222 0.0000000 0.1194540 0.1347499 0.1118901 0.0911516 0.0915016 0.0615122 0.0982630 0.0395246 0.0848183 0.0967322 0.0454439 0.1100872 0.0456025 0.1053934 0.1080365 0.1242785 0.1099046 0.0380603 0.1024347 0.0880909 0.0449305 0.0554263 0.0910743 0.0937654 0.0947864 0.1120575 0.1280672 0.0897628 0.1104945 0.1055307 0.0893321 0.1042031 0.0870295 0.0959007 0.0853836 0.0880447 0.1179940 0.0980443 0.0494330 0.1253608 0.0822389 0.0502101 0.0888698 0.0276678 0.0869920 0.1013721 0.0974299 0.1044097 0.1051230 0.1488570 0.1125185 0.1458677 0.1084853 0.1137356 0.1137538 0.1156215 0.1077291 0.1270953 0.0859651 0.1247418 0.0676800 0.1109801 0.1184364 0.1160740 0.1038171 0.1101944 0.1317604 0.0891682 0.0950888 0.1007689 0.0329133 0.0858640 0.0789235 0.1088067 0.0691028 0.0445250 0.1213531 0.1118197 0.1145946 0.0884093 0.1286731 0.1224110 0.0938363 0.0905983 0.0889251 0.0952174 0.1071339 0.0891147 0.0505019 0.1084738 0.1040320 0.0505030 0.0921859 0.0844259 0.0718854 0.1125327 0.0894137 0.0932359 0.1122004 0.0838345 
S0335         0.4671388 0.3195871 0.4194455 0.0485956 0.0138681 0.1000358 0.2007874 0.0758749 0.0764677 0.1135669 0.1129290 0.0787965 0.1174599 0.0512219 0.0896626 0.0915287 0.1201930 0.1011237 0.1106872 0.1216339 0.0987982 0.1194540 0.0000000 0.0549392 0.0902082 0.0796427 0.0843993 0.1141368 0.0807684 0.1064506 0.0729794 0.0840376 0.1121924 0.0960765 0.1043906 0.0747937 0.0939252 0.1112596 0.0994748 0.1049395 0.0865427 0.0757942 0.1125089 0.1116484 0.1116332 0.0797586 0.0891265 0.0993647 0.1231096 0.0766948 0.0991876 0.0838062 0.0770100 0.0721070 0.0755745 0.0841917 0.0748241 0.0773779 0.0741978 0.0903687 0.1034059 0.1141979 0.1026649 0.1044144 0.0595298 0.1038229 0.0736558 0.0700455 0.0620902 0.0737173 0.0744174 0.1375924 0.1104019 0.1383885 0.0972428 0.1009311 0.1036567 0.0767099 0.0678345 0.1239467 0.0745741 0.1246812 0.0901619 0.0755423 0.0517397 0.1050080 0.0832330 0.0575313 0.1256109 0.0802881 0.0876576 0.0632754 0.1006313 0.1070672 0.0968587 0.0977405 0.1270854 0.1018951 0.1127053 0.0986302 0.0995029 0.0770136 0.1214721 0.0504965 0.0485796 0.0773712 0.0792234 0.0841482 0.0551138 0.0684202 0.1056379 0.0580035 0.0528588 0.1211642 0.0878326 0.0780755 0.1408358 0.1094926 0.1074138 0.0807584 0.1102869 0.0770364 
S0345         0.4689216 0.3384051 0.4280348 0.0430144 0.0695705 0.0917288 0.2201093 0.0676503 0.0794109 0.1258333 0.0992880 0.0710620 0.1315686 0.0498714 0.0860101 0.0828595 0.1370533 0.1116275 0.1246265 0.1302398 0.1073240 0.1347499 0.0549392 0.0000000 0.0868576 0.0680320 0.0715364 0.1088568 0.0684826 0.0999653 0.0787834 0.0817659 0.1155292 0.0991998 0.1132910 0.0746490 0.0903210 0.1170165 0.1085329 0.1120545 0.0736964 0.0685667 0.1308180 0.1305760 0.1275794 0.0746083 0.0917353 0.1116483 0.1238723 0.0770373 0.1050630 0.0986696 0.0672372 0.0759134 0.0791321 0.0696327 0.0778259 0.0822397 0.0745178 0.0910938 0.1173464 0.1121399 0.1162375 0.1237702 0.0640288 0.1197137 0.0781233 0.0751179 0.0639682 0.0715992 0.0787880 0.1565736 0.1079795 0.1308571 0.0899058 0.1064837 0.1125226 0.0863557 0.0715308 0.1233566 0.0775239 0.1207173 0.1221851 0.0864737 0.0646195 0.1121680 0.0799007 0.0624662 0.1210106 0.0749324 0.0859674 0.0622461 0.1080232 0.1205824 0.1173627 0.1052417 0.1487169 0.1212106 0.1243831 0.1037290 0.1070445 0.0666931 0.1193956 0.0263148 0.0455293 0.0686295 0.0722428 0.0700616 0.0594808 0.0626355 0.1288100 0.0531045 0.0540494 0.1192339 0.0832356 0.0790625 0.1591465 0.1077560 0.1211033 0.0741255 0.1059414 0.0695775 
S0376         0.4129799 0.2894658 0.3874728 0.0861096 0.1059537 0.0898253 0.1783444 0.0490698 0.0671678 0.1091574 0.0898552 0.0556917 0.1115574 0.0743806 0.0634345 0.0543226 0.1136947 0.0905313 0.1018575 0.1184404 0.0941114 0.1118901 0.0902082 0.0868576 0.0000000 0.0539294 0.0550273 0.1014630 0.0689996 0.0959317 0.0618499 0.0395314 0.0951354 0.0913126 0.0890111 0.0761602 0.0813633 0.1002001 0.0948156 0.1006071 0.0642971 0.0491944 0.1052154 0.0986058 0.1024374 0.0609121 0.0774858 0.0947301 0.0959457 0.0629790 0.0927403 0.0711578 0.0521857 0.0776872 0.0647727 0.0548804 0.0639469 0.0682817 0.0780761 0.0785917 0.0934225 0.0989973 0.0960046 0.0912243 0.0606539 0.0938618 0.0703846 0.0722267 0.0653848 0.0741727 0.0766390 0.1092092 0.0927228 0.1126945 0.0792812 0.0859117 0.0886787 0.0840956 0.0752909 0.0968378 0.0637941 0.0961890 0.0865793 0.0833524 0.0840185 0.0936686 0.0634615 0.0809335 0.0981425 0.0562268 0.0590894 0.0705030 0.0883705 0.0985923 0.0918966 0.0912390 0.1155350 0.0956619 0.1013011 0.0938632 0.0969238 0.0546761 0.1040286 0.0868960 0.0699182 0.0540631 0.0546862 0.0557440 0.0777756 0.0515966 0.1015330 0.0813523 0.0772880 0.1149036 0.0565806 0.0680853 0.1069479 0.0900409 0.0978597 0.0557467 0.0926482 0.0506349 
S0400         0.4150857 0.2903556 0.3914098 0.0699796 0.0770159 0.0467978 0.1724137 0.0262960 0.0461222 0.0876915 0.0774727 0.0102133 0.0925510 0.0558872 0.0186633 0.0361976 0.0998352 0.0808231 0.0876697 0.0954628 0.0744987 0.0911516 0.0796427 0.0680320 0.0539294 0.0000000 0.0158311 0.0924944 0.0445739 0.0808500 0.0429385 0.0467588 0.0856319 0.0719423 0.0806921 0.0612315 0.0596066 0.0863612 0.0751780 0.0787281 0.0266611 0.0088506 0.0850037 0.0850215 0.0871084 0.0117301 0.0576597 0.0759210 0.0932958 0.0444977 0.0749662 0.0744984 0.0131231 0.0610744 0.0469553 0.0144006 0.0445863 0.0493641 0.0714601 0.0613334 0.0741368 0.0886433 0.0800902 0.0791991 0.0471673 0.0758577 0.0569206 0.0566315 0.0528545 0.0602544 0.0609460 0.0853863 0.0787346 0.1025877 0.0625175 0.0772803 0.0752123 0.0702872 0.0613524 0.0960724 0.0460861 0.0962985 0.0817242 0.0698023 0.0738681 0.0820114 0.0370986 0.0691572 0.0981918 0.0115367 0.0310218 0.0535528 0.0773213 0.0836498 0.0771587 0.0735335 0.0979064 0.0802530 0.0819129 0.0743742 0.0770795 0.0101815 0.0960522 0.0777642 0.0492071 0.0109245 0.0131488 0.0326639 0.0656686 0.0244144 0.0839945 0.0621922 0.0568359 0.0941750 0.0302861 0.0492681 0.1049433 0.0778937 0.0854518 0.0109141 0.0759970 0.0214369 
S0405         0.4231030 0.2909369 0.3841652 0.0736167 0.0779891 0.0509750 0.1745313 0.0301724 0.0503166 0.0900055 0.0806086 0.0165726 0.0937758 0.0586142 0.0252540 0.0410587 0.1004079 0.0840573 0.0918240 0.0958643 0.0774511 0.0915016 0.0843993 0.0715364 0.0550273 0.0158311 0.0000000 0.0995330 0.0495418 0.0839745 0.0464126 0.0494218 0.0890792 0.0748626 0.0829451 0.0647279 0.0648388 0.0896621 0.0781323 0.0819297 0.0319668 0.0109586 0.0881619 0.0863489 0.0865404 0.0196357 0.0604903 0.0788816 0.0957627 0.0494583 0.0770673 0.0788024 0.0188945 0.0637436 0.0495100 0.0208635 0.0487544 0.0527735 0.0752332 0.0633868 0.0781700 0.0936503 0.0815287 0.0827059 0.0497783 0.0771244 0.0564200 0.0583820 0.0564224 0.0629140 0.0644068 0.0879137 0.0793243 0.1023408 0.0669641 0.0820799 0.0766863 0.0723665 0.0633449 0.0957033 0.0502771 0.0959940 0.0807482 0.0735657 0.0776510 0.0860522 0.0410178 0.0711589 0.0987207 0.0171992 0.0341705 0.0612075 0.0786606 0.0850499 0.0810492 0.0756256 0.1022780 0.0825650 0.0868548 0.0773207 0.0800878 0.0129829 0.1013053 0.0816606 0.0518912 0.0166064 0.0160263 0.0356962 0.0685267 0.0290570 0.0865546 0.0666823 0.0612018 0.0954680 0.0334207 0.0535213 0.1081588 0.0793079 0.0868683 0.0172951 0.0790888 0.0266032 
S0407sl       0.4543612 0.3562203 0.4267984 0.1155182 0.0000010 0.1115857 0.2152891 0.0925767 0.0878201 0.0478449 0.1166271 0.0940603 0.0415666 0.1062595 0.0994901 0.0981534 0.0606664 0.1047981 0.1265760 0.0487846 0.1036697 0.0615122 0.1141368 0.1088568 0.1014630 0.0924944 0.0995330 0.0000000 0.0974950 0.0544521 0.0873067 0.0945855 0.0540787 0.1039674 0.0501671 0.1058474 0.1066101 0.1271143 0.1066190 0.0437705 0.1007176 0.0906236 0.0530722 0.0733851 0.0951493 0.0886822 0.0998975 0.1111388 0.1379840 0.0889849 0.1060260 0.1064482 0.0912519 0.1035307 0.0890331 0.0940408 0.0878646 0.0915544 0.1117324 0.0993190 0.0697251 0.1202567 0.0849595 0.0718100 0.0919331 0.0466015 0.0927680 0.0984110 0.0959890 0.1028322 0.1028406 0.1650535 0.1145794 0.1602179 0.1054836 0.1099308 0.1111540 0.1094439 0.0981344 0.1379950 0.0853115 0.1416897 0.0860141 0.1049091 0.1218473 0.1156497 0.1030960 0.1151829 0.1473406 0.0899625 0.0982177 0.1048917 0.0406749 0.0886944 0.0858717 0.1011214 0.0900089 0.0481525 0.1208696 0.1063502 0.1090237 0.0910273 0.1261638 0.1065550 0.1000056 0.0913827 0.0983130 0.0993295 0.1044821 0.0926018 0.0694763 0.1144725 0.1063158 0.0404057 0.0992410 0.0864977 0.0227821 0.1147032 0.0962348 0.0944531 0.1103606 0.0852307 
S0412sl       0.4236712 0.3055085 0.3918928 0.0777682 0.0714498 0.0732517 0.1740126 0.0430046 0.0554342 0.0929045 0.0907430 0.0470190 0.0968526 0.0669798 0.0543360 0.0511239 0.1016101 0.0917062 0.0985478 0.0997798 0.0858387 0.0982630 0.0807684 0.0684826 0.0689996 0.0445739 0.0495418 0.0974950 0.0000000 0.0822650 0.0565478 0.0577330 0.0877583 0.0831751 0.0884370 0.0700822 0.0532970 0.0926273 0.0854574 0.0827608 0.0598724 0.0439978 0.0856301 0.0921740 0.0931568 0.0459159 0.0715654 0.0890053 0.1001070 0.0346314 0.0862751 0.0759189 0.0458365 0.0682325 0.0578361 0.0494286 0.0570981 0.0595482 0.0723793 0.0728465 0.0826539 0.0975995 0.0870065 0.0843267 0.0579880 0.0829071 0.0627846 0.0662031 0.0589497 0.0681481 0.0688988 0.0968143 0.0893321 0.1114763 0.0705707 0.0864654 0.0869415 0.0767249 0.0675530 0.1017773 0.0569097 0.1021414 0.0870154 0.0744101 0.0818639 0.0905430 0.0535072 0.0747152 0.1021211 0.0467957 0.0550486 0.0613338 0.0814229 0.0905274 0.0874883 0.0848188 0.1026648 0.0816576 0.0948480 0.0856923 0.0875308 0.0452947 0.1015441 0.0801280 0.0601615 0.0431550 0.0445023 0.0502515 0.0754991 0.0412009 0.0929447 0.0710663 0.0672870 0.0982873 0.0526052 0.0602012 0.1118323 0.0884605 0.0905512 0.0478153 0.0873216 0.0429722 
S0417         0.4427010 0.3015690 0.4018061 0.1011185 0.1328867 0.1042049 0.1918125 0.0736586 0.0734509 0.0317424 0.1019065 0.0827755 0.0366295 0.0868720 0.0911064 0.0825314 0.0454555 0.1032731 0.1168226 0.0347529 0.1006464 0.0395246 0.1064506 0.0999653 0.0959317 0.0808500 0.0839745 0.0544521 0.0822650 0.0000000 0.0715069 0.0862938 0.0337914 0.0996076 0.0359343 0.0939650 0.0861625 0.1154655 0.0995271 0.0235646 0.0936999 0.0786292 0.0317335 0.0457481 0.0791205 0.0808537 0.0826103 0.1019534 0.1237229 0.0797485 0.0992546 0.0949383 0.0779586 0.0946330 0.0733684 0.0837301 0.0717444 0.0743509 0.1004720 0.0858505 0.0429666 0.1139664 0.0703320 0.0442937 0.0787682 0.0250392 0.0778183 0.0906448 0.0867260 0.0936359 0.0916777 0.1358775 0.1027488 0.1392450 0.0939039 0.1037898 0.1039754 0.1049205 0.0942214 0.1214823 0.0723536 0.1192062 0.0566185 0.0989092 0.1049401 0.1079825 0.0912515 0.0992143 0.1251045 0.0780487 0.0865589 0.0921877 0.0235493 0.0731376 0.0698010 0.0984546 0.0653595 0.0252285 0.1093520 0.1014211 0.1041725 0.0806536 0.1182920 0.1045835 0.0815762 0.0802434 0.0778263 0.0833086 0.0974643 0.0792549 0.0444697 0.0949423 0.0905929 0.0325747 0.0839228 0.0725055 0.0593622 0.1018363 0.0783002 0.0828513 0.1008355 0.0746044 
S0419         0.4126950 0.2827355 0.3797423 0.0666244 0.1165146 0.0806392 0.1627882 0.0389302 0.0062613 0.0829900 0.0363516 0.0438810 0.0860146 0.0525187 0.0487774 0.0556560 0.0898212 0.0709682 0.0746226 0.0899340 0.0662851 0.0848183 0.0729794 0.0787834 0.0618499 0.0429385 0.0464126 0.0873067 0.0565478 0.0715069 0.0000000 0.0542393 0.0808915 0.0637222 0.0697011 0.0637600 0.0682260 0.0756987 0.0669821 0.0717479 0.0538491 0.0415689 0.0777134 0.0734870 0.0760442 0.0484474 0.0207972 0.0685859 0.0890390 0.0506863 0.0667899 0.0647276 0.0458820 0.0627586 0.0027643 0.0486920 0.0020736 0.0048613 0.0672840 0.0214245 0.0703055 0.0748130 0.0681299 0.0650862 0.0427379 0.0708863 0.0491331 0.0565557 0.0501514 0.0618921 0.0617789 0.1023408 0.0376578 0.0948119 0.0633177 0.0642338 0.0717450 0.0678762 0.0587811 0.0863755 0.0020667 0.0839035 0.0714901 0.0673541 0.0681247 0.0682002 0.0563094 0.0675117 0.0875320 0.0444398 0.0495965 0.0524871 0.0689615 0.0725951 0.0637991 0.0636719 0.0889890 0.0717331 0.0749498 0.0661722 0.0696197 0.0437230 0.0793245 0.0799310 0.0481359 0.0407787 0.0428893 0.0481259 0.0639733 0.0445358 0.0678678 0.0587638 0.0550954 0.0896425 0.0504571 0.0048528 0.1070057 0.0368820 0.0735139 0.0454992 0.0360795 0.0375308 
S0427         0.3994467 0.2890623 0.3707221 0.0784888 0.0889675 0.0919967 0.1689286 0.0429133 0.0555292 0.0943740 0.0848326 0.0484242 0.0955548 0.0649097 0.0556260 0.0510239 0.1065004 0.0853924 0.0918800 0.1020650 0.0786747 0.0967322 0.0840376 0.0817659 0.0395314 0.0467588 0.0494218 0.0945855 0.0577330 0.0862938 0.0542393 0.0000000 0.0891086 0.0760666 0.0862422 0.0702791 0.0707655 0.0901462 0.0794136 0.0861529 0.0588673 0.0454335 0.0897430 0.0889609 0.0866372 0.0544313 0.0692195 0.0818577 0.0957396 0.0527753 0.0791866 0.0749259 0.0480806 0.0693068 0.0572104 0.0500636 0.0564707 0.0597363 0.0798648 0.0705535 0.0821797 0.0897129 0.0839218 0.0851773 0.0525187 0.0826278 0.0614004 0.0647716 0.0601151 0.0683541 0.0699723 0.0991087 0.0877825 0.1037910 0.0732110 0.0799575 0.0773599 0.0796832 0.0677934 0.0938916 0.0562843 0.0940972 0.0812964 0.0775286 0.0799630 0.0848320 0.0547973 0.0750879 0.0978086 0.0481831 0.0492380 0.0632968 0.0819570 0.0865519 0.0825894 0.0777375 0.1060010 0.0860272 0.0864631 0.0785950 0.0822165 0.0467250 0.0944198 0.0842098 0.0596041 0.0461143 0.0458854 0.0454866 0.0687239 0.0426696 0.0901086 0.0704546 0.0648619 0.1008322 0.0467541 0.0571555 0.1187393 0.0869723 0.0863130 0.0468798 0.0841280 0.0421023 
