136
PAFTOL_019361 0.0000000 0.2673684 0.2518371 0.2732771 0.2914761 0.2692622 0.2828507 0.2721424 0.2647913 0.2714299 0.2877680 0.2769250 0.2806401 0.3036886 0.2856125 0.2759912 0.2615420 0.3012503 0.2912365 0.2799717 0.2814230 0.2679975 0.2641782 0.2735553 0.2649649 0.2538527 0.2504964 0.2816307 0.2607160 0.2739266 0.2493451 0.2778286 0.2720421 0.2926543 0.2725003 0.2772066 0.2717902 0.2651989 0.2705265 0.2526340 0.2586038 0.2584330 0.2698489 0.2696173 0.2768855 0.2711848 0.2776759 0.2792366 0.2880163 0.2722602 0.2856898 0.2504143 0.2683023 0.2497195 0.2464813 0.2817007 0.2665548 0.2549323 0.2915055 0.2591325 0.2580256 0.2405466 0.2683714 0.2763088 0.2816323 0.2774022 0.2869326 0.2804367 0.2788303 0.2832820 0.2747353 0.2651311 0.2856637 0.2910136 0.3050745 0.3200092 0.2679629 0.2496559 0.2660022 0.3125537 0.2875495 0.2746750 0.2840893 0.2704429 0.2861187 0.2681868 0.2691077 0.2789728 0.2542685 0.2594150 0.2487165 0.2541525 0.2758060 0.2516476 0.2752938 0.2747379 0.2728170 0.2720770 0.2668547 0.2811900 0.3039394 0.2587127 0.2689498 0.2526972 0.2714466 0.2932433 0.2678824 0.2505565 0.2691924 0.2713708 0.2734578 0.2770620 0.2511497 0.2769253 0.2802252 0.2586609 0.2704282 0.2837255 0.2911936 0.2748171 0.2681607 0.2755875 0.2639012 0.2585149 0.2654316 0.2616933 0.2975975 0.2898392 0.2517345 0.2658959 0.2439938 0.3240991 0.2479615 0.2782554 0.2756324 0.2434449 
S0055         0.2673684 0.0000000 0.0785949 0.0966175 0.1059532 0.0450908 0.1123802 0.0940190 0.0869772 0.0550037 0.0874151 0.0956070 0.1130402 0.1256890 0.1019761 0.1099052 0.0877836 0.1120775 0.1041003 0.1095288 0.0765115 0.0451794 0.0486437 0.0972634 0.0690652 0.0861780 0.0798670 0.0772697 0.0847457 0.1091775 0.0889621 0.0902076 0.0695439 0.1271664 0.1057399 0.0960751 0.0567180 0.0473490 0.0925216 0.0928417 0.0969266 0.0554016 0.0480553 0.0935500 0.1105628 0.1599678 0.0694253 0.1096465 0.0857178 0.0504897 0.0991592 0.0802523 0.0459627 0.0788221 0.0786366 0.1010509 0.0957427 0.0907281 0.1230820 0.0917530 0.0893380 0.0676159 0.1008986 0.1045960 0.0942775 0.0926673 0.0993780 0.0982441 0.0714238 0.1058211 0.1694395 0.0759720 0.1138285 0.1152140 0.1099453 0.1229259 0.1673212 0.0788288 0.1640018 0.1636943 0.1005610 0.0935462 0.1177500 0.0604814 0.1124572 0.1660929 0.0448256 0.0640181 0.0860344 0.0873199 0.0851998 0.0904862 0.1143253 0.0900731 0.0979216 0.1101091 0.1068693 0.1058632 0.0471477 0.1104661 0.1164310 0.0783849 0.0493110 0.0459175 0.0316439 0.1105756 0.0558319 0.0891168 0.0877133 0.0884502 0.0964297 0.0594129 0.0804303 0.0960013 0.1045891 0.0967844 0.0475375 0.1060230 0.1032568 0.0883890 0.0514813 0.0932767 0.0503168 0.0970920 0.0514968 0.0529792 0.1080802 0.1032046 0.0926931 0.0788541 0.0712552 0.1306309 0.0729457 0.0908926 0.0722631 0.0719505 
S0196sl       0.2518371 0.0785949 0.0000000 0.0892813 0.0510335 0.0775188 0.0919703 0.0903188 0.0738473 0.0837972 0.1118433 0.0934077 0.0922952 0.1053480 0.0989604 0.0909912 0.0786239 0.1003684 0.0892579 0.0897413 0.0903724 0.0739744 0.0787924 0.0901339 0.0821852 0.0766455 0.0079777 0.0911023 0.0765003 0.0888609 0.0760368 0.0774430 0.0896348 0.1077298 0.0868160 0.0901294 0.0838693 0.0765201 0.0902524 0.0820973 0.0920447 0.0721019 0.0797904 0.0312726 0.0895339 0.1548457 0.0884083 0.0894138 0.0844359 0.0834757 0.0828116 0.0074851 0.0783267 0.0062187 0.0067151 0.0884527 0.0335709 0.0799820 0.1014386 0.0861609 0.0832776 0.0513580 0.0838838 0.0842270 0.0817826 0.0813530 0.0819476 0.0834594 0.0949478 0.0430119 0.1596296 0.0796979 0.0917325 0.1003517 0.0954576 0.1099296 0.1573589 0.0064496 0.1490076 0.1583058 0.0896852 0.0862553 0.0965428 0.0852764 0.0934112 0.1490161 0.0795054 0.0908867 0.0719773 0.0786075 0.0812164 0.0877029 0.0925431 0.0803780 0.0932451 0.0948599 0.0876987 0.0868108 0.0785410 0.0932769 0.1013509 0.0676977 0.0805016 0.0745937 0.0818554 0.0934469 0.0819774 0.0770622 0.0760734 0.0781256 0.0929357 0.0841752 0.0074628 0.0903316 0.0442107 0.0909339 0.0788781 0.0436518 0.0907675 0.0780765 0.0840164 0.0920445 0.0783510 0.0905224 0.0780496 0.0751746 0.0944689 0.0922110 0.0865368 0.0698176 0.0553855 0.1324039 0.0380229 0.0801871 0.0899002 0.0555411 
S0278         0.2732771 0.0966175 0.0892813 0.0000000 0.1122955 0.0967565 0.1142024 0.0409869 0.1078993 0.1034406 0.1337530 0.0337257 0.1157885 0.1258882 0.0416615 0.1146953 0.0364022 0.1259153 0.1194607 0.1131763 0.1113324 0.0956898 0.0977918 0.0453606 0.1114040 0.0356897 0.0875500 0.1123741 0.0394161 0.1118174 0.0554032 0.1089512 0.1110882 0.1278272 0.1092951 0.0303765 0.1046074 0.0968050 0.0309085 0.0625618 0.0788065 0.0931684 0.0987535 0.1039190 0.1092540 0.1682298 0.1159599 0.1122248 0.1143800 0.0989195 0.1160115 0.0892128 0.0954326 0.0852563 0.0860533 0.1170707 0.1051048 0.0587052 0.1245725 0.0750941 0.0614797 0.0852802 0.0464525 0.1051890 0.1096814 0.1088672 0.1119026 0.1129799 0.1178174 0.1097865 0.1743471 0.1102114 0.1104619 0.1174790 0.1294531 0.1355076 0.1721036 0.0853303 0.1691353 0.1454841 0.1189882 0.1109827 0.1145592 0.1054674 0.1261704 0.1689865 0.0969319 0.1067249 0.0994812 0.0370866 0.0682608 0.0753696 0.1154347 0.0598199 0.0264560 0.1181360 0.1107050 0.1080037 0.0948017 0.1153252 0.1283181 0.0985076 0.0971452 0.0938832 0.1004180 0.1212802 0.0994077 0.0611075 0.1086874 0.1081701 0.0381076 0.1016516 0.0878202 0.0445356 0.1089769 0.0812069 0.0962078 0.1106462 0.1208610 0.1071510 0.1011259 0.0330477 0.0964850 0.0715016 0.0991995 0.0954426 0.1233783 0.1211079 0.0735979 0.1039696 0.0862307 0.1548372 0.0872346 0.1093420 0.1083138 0.0883565 
S0281         0.2914761 0.1059532 0.0510335 0.1122955 0.0000000 0.1019462 0.1212972 0.1179032 0.1070306 0.1103358 0.1387959 0.1195450 0.1220082 0.1269844 0.1258290 0.1133677 0.1141493 0.1295998 0.1145626 0.1183518 0.1163890 0.0995640 0.1031506 0.1201132 0.1118749 0.1113642 0.0532198 0.1206556 0.1069469 0.1152091 0.1112778 0.1090502 0.1135504 0.1277399 0.1145388 0.1175441 0.1153589 0.1028912 0.1131591 0.1161582 0.1162775 0.1003995 0.1048813 0.0546575 0.1179978 0.1928107 0.1143628 0.1166337 0.1266900 0.1086378 0.1137927 0.0535258 0.1036564 0.0511695 0.0521557 0.1176225 0.0556495 0.1116424 0.1282959 0.1121127 0.1144732 0.0842281 0.1237270 0.1103690 0.1131769 0.1099277 0.1149561 0.1179870 0.1201966 0.0626310 0.1995907 0.1138873 0.1175226 0.1224261 0.1254417 0.1385655 0.1931002 0.0517842 0.1847660 0.1709370 0.1211351 0.1136077 0.1221111 0.1107589 0.1282781 0.1857860 0.1042387 0.1172782 0.1016376 0.1114050 0.1049240 0.1120701 0.1191852 0.1118463 0.1209255 0.1192648 0.1145395 0.1137093 0.1035184 0.1150518 0.1317731 0.1015162 0.1052132 0.1009150 0.1086211 0.1225390 0.1058307 0.1086164 0.1105005 0.1112081 0.1207528 0.1130272 0.0540040 0.1188997 0.0630438 0.1167950 0.1035653 0.0632583 0.1227525 0.1087670 0.1094539 0.1161169 0.1079296 0.1233348 0.1066098 0.1053126 0.1221602 0.1237860 0.1089619 0.1044914 0.0850206 0.1644118 0.0695825 0.1111156 0.1149618 0.0879178 
S0282         0.2692622 0.0450908 0.0775188 0.0967565 0.1019462 0.0000000 0.1066151 0.0962124 0.0873891 0.0163281 0.0722325 0.0939291 0.1040068 0.1180656 0.1036046 0.1021953 0.0858740 0.1086669 0.0953347 0.1044991 0.0713832 0.0072931 0.0155967 0.0947502 0.0613726 0.0845801 0.0756494 0.0736134 0.0826993 0.1002178 0.0886497 0.0878185 0.0614342 0.1216471 0.0976712 0.0977745 0.0259746 0.0139665 0.0936798 0.0901863 0.0991480 0.0490538 0.0099699 0.0884868 0.1038932 0.1617602 0.0660607 0.1000679 0.0807816 0.0261492 0.0968405 0.0768710 0.0094138 0.0748759 0.0747780 0.0988102 0.0907526 0.0895268 0.1213699 0.0942586 0.0888385 0.0678305 0.0989684 0.0977301 0.0917684 0.0904853 0.0983347 0.0979957 0.0481528 0.1014934 0.1709512 0.0714403 0.1106666 0.1124028 0.1053896 0.1165513 0.1697802 0.0743581 0.1646175 0.1576966 0.0967362 0.0889438 0.1150045 0.0425239 0.1048080 0.1669480 0.0079122 0.0339041 0.0792518 0.0860887 0.0881006 0.0936704 0.1065720 0.0895089 0.0994358 0.1046698 0.1003582 0.0991660 0.0141550 0.1076044 0.1066677 0.0770294 0.0119437 0.0159381 0.0459880 0.1012301 0.0340587 0.0870106 0.0882148 0.0851921 0.0980655 0.0305751 0.0762666 0.0940133 0.0982898 0.0999490 0.0103585 0.1020007 0.1024742 0.0847806 0.0271717 0.0973920 0.0272846 0.0985723 0.0205591 0.0510198 0.1000378 0.1011998 0.0951883 0.0728302 0.0717930 0.1275317 0.0704852 0.0859417 0.0667234 0.0729318 
S0288         0.2828507 0.1123802 0.0919703 0.1142024 0.1212972 0.1066151 0.0000000 0.1185273 0.1121048 0.1152426 0.1468451 0.1210653 0.0156954 0.0672561 0.1272466 0.0134143 0.1094662 0.1387651 0.1211177 0.0156198 0.1224246 0.1046512 0.1081248 0.1166472 0.1170381 0.1038915 0.0948294 0.1247297 0.1045418 0.0158373 0.1016554 0.1134466 0.1207074 0.0722398 0.0127566 0.1203351 0.1159914 0.1052307 0.1185445 0.1088211 0.1156963 0.1041144 0.1097637 0.1035010 0.0119847 0.1833041 0.1252298 0.0130976 0.1278554 0.1110803 0.1231548 0.0958133 0.1082112 0.0927373 0.0928971 0.1255746 0.1053615 0.1073300 0.0647862 0.1107294 0.1109855 0.0911729 0.1201035 0.0442793 0.1202275 0.1196439 0.1219767 0.1263901 0.1242777 0.1150801 0.1880228 0.1145590 0.0598696 0.0634394 0.1287476 0.1409928 0.1850682 0.0930255 0.1813725 0.1748266 0.1237835 0.1191883 0.0611465 0.1194390 0.1269418 0.1852439 0.1077790 0.1204232 0.1075432 0.1085818 0.1046924 0.1093930 0.0138363 0.1074401 0.1197844 0.0596777 0.0132091 0.0129451 0.1069603 0.0580485 0.1423890 0.1038016 0.1089357 0.1005549 0.1110243 0.1283111 0.1135865 0.1036972 0.1153422 0.1137647 0.1200870 0.1142971 0.0950981 0.1131509 0.1142793 0.1147765 0.1068062 0.1165415 0.1255203 0.1150233 0.1149904 0.1173145 0.1135139 0.1137166 0.1087719 0.1074977 0.1345809 0.1329934 0.1114643 0.1081048 0.0937421 0.1773781 0.0923368 0.1138215 0.1217528 0.0917469 
S0289         0.2721424 0.0940190 0.0903188 0.0409869 0.1179032 0.0962124 0.1185273 0.0000000 0.1023546 0.1018873 0.1336699 0.0438574 0.1210826 0.1308135 0.0433200 0.1159252 0.0355120 0.1217362 0.1163485 0.1180115 0.1104597 0.0955335 0.0957007 0.0435962 0.1059816 0.0346239 0.0875947 0.1115197 0.0374075 0.1161712 0.0567032 0.1116121 0.1104719 0.1319517 0.1137302 0.0458100 0.1064396 0.0958839 0.0391531 0.0622917 0.0793222 0.0926198 0.0988290 0.1043154 0.1150830 0.1626630 0.1149447 0.1161068 0.1140182 0.1007870 0.1205644 0.0884714 0.0958151 0.0855153 0.0865992 0.1204456 0.1078880 0.0575196 0.1317277 0.0733859 0.0624717 0.0843914 0.0465660 0.1101902 0.1123982 0.1117899 0.1180645 0.1184143 0.1156238 0.1146513 0.1728263 0.1057029 0.1183102 0.1226992 0.1299275 0.1405291 0.1649894 0.0852897 0.1638548 0.1560423 0.1219474 0.1069915 0.1215761 0.1047248 0.1193193 0.1637510 0.0961569 0.1105288 0.0949779 0.0349942 0.0683997 0.0751041 0.1188433 0.0583173 0.0452877 0.1228842 0.1152197 0.1131571 0.0936676 0.1217728 0.1215132 0.0945357 0.0976717 0.0922970 0.1048725 0.1149290 0.0983035 0.0598781 0.1043927 0.1034159 0.0395090 0.1049400 0.0895956 0.0427568 0.1137197 0.0802611 0.0960635 0.1135792 0.1145644 0.0989458 0.1026884 0.0439928 0.0971745 0.0706843 0.0982106 0.0917237 0.1192841 0.1143086 0.0738051 0.1016799 0.0867323 0.1563670 0.0866784 0.1004701 0.1074409 0.0882755 
S0292         0.2647913 0.0869772 0.0738473 0.1078993 0.1070306 0.0873891 0.1121048 0.1023546 0.0000000 0.0979478 0.1298009 0.1078888 0.1133933 0.1219436 0.1146974 0.1083435 0.0958823 0.0893102 0.0821962 0.1099429 0.1024802 0.0888496 0.0900484 0.1073165 0.1049667 0.0940419 0.0795243 0.1012129 0.0891124 0.1080696 0.0932020 0.0773221 0.0943076 0.1239449 0.1035116 0.1079665 0.0980274 0.0870417 0.1059732 0.0957663 0.1005551 0.0823558 0.0915428 0.0935437 0.1083155 0.1673559 0.1000779 0.1077970 0.1005473 0.0960582 0.0860138 0.0810379 0.0897380 0.0775601 0.0789221 0.0817159 0.0961954 0.0956345 0.1298021 0.0963123 0.0946678 0.0601359 0.1063558 0.1036665 0.0801141 0.0771221 0.0843408 0.0846100 0.1114398 0.1042122 0.1719135 0.0943021 0.1154134 0.1172888 0.0985855 0.1062084 0.1704179 0.0776507 0.1637449 0.1633514 0.0842537 0.0722925 0.1177333 0.1000992 0.0514895 0.1663594 0.0871886 0.1051091 0.0675652 0.0965466 0.0911170 0.0960571 0.1130419 0.0928734 0.1079143 0.1134333 0.1065951 0.1054473 0.0898207 0.1191136 0.0918422 0.0185478 0.0907814 0.0843434 0.0901170 0.0497923 0.0919932 0.0956296 0.0237088 0.0193922 0.1096853 0.0963404 0.0784018 0.1051550 0.1011291 0.1003679 0.0902343 0.1033315 0.0438186 0.0662380 0.0957563 0.1069701 0.0916479 0.1011123 0.0939298 0.0840141 0.0852183 0.0824538 0.0959096 0.0678034 0.0634711 0.1543108 0.0752579 0.0667811 0.0965836 0.0604387 
S0293         0.2714299 0.0550037 0.0837972 0.1034406 0.1103358 0.0163281 0.1152426 0.1018873 0.0979478 0.0000000 0.0825247 0.1000458 0.1133456 0.1261006 0.1104241 0.1113238 0.0926473 0.1177947 0.0987665 0.1124917 0.0808645 0.0170199 0.0262297 0.1026510 0.0721106 0.0916334 0.0841218 0.0832692 0.0893890 0.1096973 0.0952346 0.0980220 0.0724183 0.1277851 0.1072446 0.1040472 0.0340222 0.0242854 0.1006535 0.0988519 0.1061084 0.0588878 0.0199874 0.0976511 0.1127765 0.1747691 0.0783096 0.1091882 0.0909908 0.0356419 0.1059647 0.0856634 0.0193169 0.0833410 0.0829523 0.1054641 0.0999654 0.0974974 0.1306367 0.1021740 0.0992085 0.0781723 0.1064804 0.1064801 0.0998003 0.1003314 0.1068547 0.1058787 0.0545601 0.1120817 0.1861612 0.0810268 0.1183307 0.1183456 0.1135706 0.1235659 0.1828646 0.0833512 0.1772980 0.1753871 0.1071069 0.0985461 0.1224076 0.0513335 0.1159974 0.1793335 0.0184263 0.0431527 0.0886266 0.0934451 0.0956450 0.1021982 0.1155847 0.0976954 0.1074145 0.1118274 0.1092875 0.1083096 0.0244654 0.1163189 0.1147504 0.0877018 0.0222232 0.0256896 0.0559277 0.1131391 0.0433337 0.0959759 0.0983702 0.0968450 0.1051708 0.0390099 0.0847556 0.1012743 0.1045830 0.1068868 0.0208188 0.1122892 0.1140232 0.0946237 0.0374614 0.1029866 0.0363344 0.1063293 0.0306907 0.0596830 0.1111247 0.1085274 0.1036856 0.0820517 0.0810091 0.1373483 0.0794317 0.0967561 0.0764090 0.0810476 
S0294         0.2877680 0.0874151 0.1118433 0.1337530 0.1387959 0.0722325 0.1468451 0.1336699 0.1298009 0.0825247 0.0000000 0.1308752 0.1475446 0.1548268 0.1368996 0.1431728 0.1237114 0.1533538 0.1412564 0.1425184 0.1119532 0.0709616 0.0701450 0.1366047 0.1045502 0.1224821 0.1125745 0.1134087 0.1237544 0.1429787 0.1266582 0.1295241 0.1107757 0.1561101 0.1396867 0.1345400 0.0812926 0.0731567 0.1266093 0.1269315 0.1338994 0.0859179 0.0751258 0.1254414 0.1445622 0.1960670 0.1044141 0.1417960 0.1188829 0.0758337 0.1420673 0.1121637 0.0733069 0.1130690 0.1112854 0.1363421 0.1301837 0.1257856 0.1600556 0.1270777 0.1257464 0.1077068 0.1356111 0.1381104 0.1352563 0.1324295 0.1376320 0.1377344 0.0677012 0.1466155 0.2042261 0.1135545 0.1491424 0.1453156 0.1393672 0.1514226 0.2015338 0.1123279 0.1986947 0.1772295 0.1384960 0.1305482 0.1532003 0.0860210 0.1519460 0.1992463 0.0728411 0.0880457 0.1229236 0.1258024 0.1231702 0.1272822 0.1478141 0.1276399 0.1365637 0.1418397 0.1399233 0.1393942 0.0715762 0.1464970 0.1570339 0.1226487 0.0777522 0.0696699 0.0920926 0.1479381 0.0806262 0.1227415 0.1298179 0.1316821 0.1362766 0.0850358 0.1138758 0.1366886 0.1448470 0.1335770 0.0748905 0.1471461 0.1484557 0.1286928 0.0759882 0.1326233 0.0743772 0.1324510 0.0765053 0.0928940 0.1500249 0.1409268 0.1270375 0.1194882 0.1126219 0.1569724 0.1118256 0.1302062 0.1116482 0.1120613 
S0299         0.2769250 0.0956070 0.0934077 0.0337257 0.1195450 0.0939291 0.1210653 0.0438574 0.1078888 0.1000458 0.1308752 0.0000000 0.1241606 0.1321424 0.0470972 0.1197813 0.0392499 0.1203845 0.1149185 0.1208658 0.1119702 0.0924332 0.0942060 0.0458988 0.1081089 0.0365134 0.0902518 0.1145323 0.0422322 0.1182736 0.0593803 0.1084628 0.1075945 0.1351688 0.1156133 0.0378814 0.1046940 0.0930675 0.0364403 0.0664602 0.0800980 0.0899265 0.0943274 0.1045162 0.1179702 0.1737050 0.1182897 0.1200198 0.1125619 0.0992939 0.1162347 0.0912525 0.0923460 0.0885180 0.0886432 0.1192786 0.1069157 0.0619490 0.1337114 0.0760967 0.0662500 0.0866543 0.0511172 0.1079593 0.1124570 0.1101225 0.1160190 0.1160213 0.1144938 0.1157414 0.1886224 0.1039084 0.1182180 0.1241900 0.1302911 0.1383742 0.1794423 0.0882742 0.1770142 0.1445949 0.1196522 0.1058003 0.1228133 0.1039298 0.1231111 0.1767795 0.0935810 0.1053546 0.0989327 0.0399671 0.0703915 0.0770142 0.1232248 0.0604627 0.0373734 0.1229100 0.1173630 0.1158906 0.0933027 0.1252578 0.1218695 0.0983054 0.0935141 0.0889834 0.0993183 0.1187766 0.0957803 0.0636511 0.1093068 0.1078112 0.0417005 0.0996545 0.0902388 0.0469365 0.1153044 0.0805471 0.0924767 0.1148767 0.1205673 0.1008451 0.1015788 0.0380200 0.0968539 0.0726169 0.0977871 0.0915051 0.1192965 0.1181068 0.0748860 0.1030806 0.0871970 0.1505264 0.0885784 0.1043923 0.1105182 0.0894019 
S0303         0.2806401 0.1130402 0.0922952 0.1157885 0.1220082 0.1040068 0.0156954 0.1210826 0.1133933 0.1133456 0.1475446 0.1241606 0.0000000 0.0694509 0.1299996 0.0139174 0.1116162 0.1405147 0.1210006 0.0177856 0.1251952 0.1020388 0.1068358 0.1177473 0.1177703 0.1069244 0.0959722 0.1253079 0.1074033 0.0138665 0.1070850 0.1160785 0.1226656 0.0742403 0.0094302 0.1218090 0.1140890 0.1036201 0.1212369 0.1094450 0.1172361 0.1025176 0.1081056 0.1037068 0.0145420 0.1827240 0.1254249 0.0097947 0.1239183 0.1099367 0.1236808 0.0969325 0.1055688 0.0938581 0.0940187 0.1264368 0.1058964 0.1081295 0.0680311 0.1121786 0.1125671 0.0907943 0.1206724 0.0461028 0.1205588 0.1197410 0.1238346 0.1267533 0.1189643 0.1164379 0.1849953 0.1120487 0.0622045 0.0663935 0.1303227 0.1426117 0.1828547 0.0941504 0.1805833 0.1720008 0.1245914 0.1205502 0.0632412 0.1165912 0.1306386 0.1844737 0.1058181 0.1186905 0.1080496 0.1096123 0.1057606 0.1102184 0.0150449 0.1083111 0.1202401 0.0617873 0.0150931 0.0141481 0.1053563 0.0590169 0.1438127 0.1047807 0.1066956 0.1003371 0.1115164 0.1277675 0.1115405 0.1057022 0.1156422 0.1137388 0.1220291 0.1118801 0.0956541 0.1152946 0.1163534 0.1162493 0.1052249 0.1175911 0.1253314 0.1140233 0.1137037 0.1184109 0.1109902 0.1155585 0.1061392 0.1060195 0.1356323 0.1343574 0.1107323 0.1107357 0.0942674 0.1733212 0.0928257 0.1129382 0.1224382 0.0934491 
S0308         0.3036886 0.1256890 0.1053480 0.1258882 0.1269844 0.1180656 0.0672561 0.1308135 0.1219436 0.1261006 0.1548268 0.1321424 0.0694509 0.0000000 0.1407088 0.0663808 0.1187332 0.1496852 0.1321593 0.0673365 0.1357951 0.1166096 0.1196567 0.1287328 0.1252972 0.1193365 0.1048695 0.1382228 0.1208559 0.0667494 0.1192705 0.1272512 0.1273927 0.0847918 0.0648666 0.1344876 0.1306373 0.1189476 0.1280507 0.1223995 0.1311299 0.1166929 0.1217595 0.1138588 0.0674874 0.1996768 0.1354859 0.0663473 0.1352651 0.1246063 0.1382542 0.1042086 0.1194389 0.1027329 0.1029059 0.1364843 0.1171065 0.1186545 0.0797225 0.1256536 0.1202043 0.1011079 0.1329061 0.0566155 0.1355715 0.1330420 0.1345512 0.1362740 0.1361529 0.1246445 0.2017049 0.1267613 0.0717158 0.0694236 0.1452983 0.1560423 0.1977123 0.1024029 0.1960412 0.1843288 0.1424859 0.1313050 0.0730276 0.1319110 0.1417125 0.1990324 0.1169538 0.1289341 0.1180046 0.1217774 0.1202223 0.1277571 0.0701639 0.1176920 0.1311526 0.0744831 0.0658005 0.0639476 0.1192703 0.0715185 0.1475242 0.1146663 0.1185387 0.1118948 0.1231040 0.1383037 0.1243817 0.1178039 0.1245504 0.1249609 0.1341530 0.1261078 0.1054427 0.1300603 0.1250643 0.1325947 0.1170044 0.1250195 0.1381584 0.1231913 0.1260545 0.1319546 0.1278231 0.1279060 0.1232880 0.1185472 0.1402880 0.1402029 0.1254547 0.1227310 0.1040474 0.1841874 0.1025335 0.1241439 0.1345326 0.1046942 
S0320         0.2856125 0.1019761 0.0989604 0.0416615 0.1258290 0.1036046 0.1272466 0.0433200 0.1146974 0.1104241 0.1368996 0.0470972 0.1299996 0.1407088 0.0000000 0.1265814 0.0419300 0.1301831 0.1222304 0.1270317 0.1206607 0.1021431 0.1048840 0.0504558 0.1185663 0.0398702 0.0979602 0.1230006 0.0459055 0.1252380 0.0655657 0.1181525 0.1142227 0.1426712 0.1227856 0.0462790 0.1134556 0.1031556 0.0377943 0.0695743 0.0868374 0.0991356 0.1055326 0.1123426 0.1244094 0.1754567 0.1273281 0.1261586 0.1214092 0.1055408 0.1262449 0.0977017 0.1021528 0.0951766 0.0963168 0.1276063 0.1156863 0.0635172 0.1428260 0.0822897 0.0672054 0.0923912 0.0526645 0.1199646 0.1193679 0.1178218 0.1218194 0.1249266 0.1242696 0.1242693 0.1886273 0.1142755 0.1269382 0.1315028 0.1335413 0.1426636 0.1834126 0.0946248 0.1789844 0.1520622 0.1277872 0.1161056 0.1304302 0.1111084 0.1326206 0.1773520 0.1038715 0.1169278 0.1059335 0.0423253 0.0778843 0.0834137 0.1294872 0.0637869 0.0443292 0.1316660 0.1246716 0.1213712 0.1021456 0.1325011 0.1312871 0.1042542 0.1043761 0.0994185 0.1094551 0.1289753 0.1011791 0.0645210 0.1153758 0.1160673 0.0362150 0.1116203 0.0979390 0.0499623 0.1240222 0.0876519 0.1036237 0.1233622 0.1274175 0.1071100 0.1079706 0.0452132 0.1025907 0.0783925 0.1060718 0.1031495 0.1266334 0.1242091 0.0815108 0.1070901 0.0923721 0.1589437 0.0930602 0.1086757 0.1198705 0.0964477 
S0322         0.2759912 0.1099052 0.0909912 0.1146953 0.1133677 0.1021953 0.0134143 0.1159252 0.1083435 0.1113238 0.1431728 0.1197813 0.0139174 0.0663808 0.1265814 0.0000000 0.1060100 0.1339446 0.1197168 0.0138893 0.1211856 0.1008006 0.1040909 0.1163383 0.1128219 0.1028661 0.0919848 0.1214007 0.1017244 0.0134120 0.1017388 0.1124738 0.1171992 0.0709105 0.0107287 0.1168904 0.1115164 0.1012260 0.1176834 0.1067578 0.1094962 0.0995343 0.1050811 0.1001376 0.0120182 0.1794172 0.1206735 0.0113152 0.1224922 0.1074687 0.1212743 0.0926427 0.1039453 0.0898704 0.0903353 0.1234865 0.1010534 0.1053872 0.0620418 0.1049255 0.1082690 0.0868364 0.1200665 0.0437115 0.1208009 0.1164097 0.1218849 0.1245255 0.1203917 0.1104015 0.1815015 0.1131399 0.0575984 0.0625317 0.1254134 0.1382460 0.1789111 0.0895832 0.1764819 0.1652415 0.1212038 0.1165203 0.0586611 0.1151250 0.1239184 0.1791728 0.1041662 0.1168670 0.1023238 0.1060672 0.0985612 0.1032796 0.0111393 0.1046674 0.1180852 0.0575003 0.0137296 0.0127599 0.1029404 0.0539702 0.1355577 0.0998567 0.1060213 0.0966045 0.1076871 0.1246645 0.1092371 0.1013437 0.1118117 0.1098197 0.1190644 0.1107097 0.0916601 0.1152379 0.1107758 0.1096156 0.1018354 0.1118633 0.1198672 0.1104534 0.1110584 0.1165820 0.1086894 0.1116594 0.1048014 0.1018434 0.1289335 0.1253399 0.1042975 0.1059268 0.0888013 0.1678115 0.0879289 0.1093687 0.1193776 0.0880315 
S0327         0.2615420 0.0877836 0.0786239 0.0364022 0.1141493 0.0858740 0.1094662 0.0355120 0.0958823 0.0926473 0.1237114 0.0392499 0.1116162 0.1187332 0.0419300 0.1060100 0.0000000 0.1163731 0.1046770 0.1091702 0.1009791 0.0837041 0.0862113 0.0378198 0.0981415 0.0240344 0.0778958 0.1049141 0.0280429 0.1072228 0.0486326 0.1011331 0.1011217 0.1250240 0.1045217 0.0374164 0.0957801 0.0860119 0.0356000 0.0538411 0.0713527 0.0815866 0.0874434 0.0946267 0.1053572 0.1585258 0.1053773 0.1062521 0.1078308 0.0902919 0.1092406 0.0790416 0.0853006 0.0758845 0.0769554 0.1095543 0.0980348 0.0502052 0.1259328 0.0667290 0.0518333 0.0756454 0.0384709 0.0998745 0.1030625 0.1008218 0.1074347 0.1081940 0.1041198 0.1064310 0.1696953 0.0965936 0.1124696 0.1135921 0.1222889 0.1301957 0.1647101 0.0754349 0.1598271 0.1464537 0.1089934 0.0982655 0.1148809 0.0973955 0.1177618 0.1612851 0.0874385 0.0981127 0.0859545 0.0249396 0.0617854 0.0674189 0.1105430 0.0507723 0.0407950 0.1118218 0.1051890 0.1032348 0.0839853 0.1165664 0.1173541 0.0878015 0.0879877 0.0824322 0.0930015 0.1145321 0.0875649 0.0512638 0.0952339 0.0960893 0.0391353 0.0933380 0.0778685 0.0377342 0.1048986 0.0706775 0.0854787 0.1049482 0.1131660 0.0936710 0.0922196 0.0391062 0.0879675 0.0600905 0.0887469 0.0811347 0.1129453 0.1093262 0.0662092 0.0899718 0.0765367 0.1530704 0.0788806 0.0965643 0.1000300 0.0781570 
S0335         0.3012503 0.1120775 0.1003684 0.1259153 0.1295998 0.1086669 0.1387651 0.1217362 0.0893102 0.1177947 0.1533538 0.1203845 0.1405147 0.1496852 0.1301831 0.1339446 0.1163731 0.0000000 0.0626086 0.1392715 0.1242346 0.1075286 0.1081296 0.1273187 0.1223642 0.1177100 0.1047087 0.1257461 0.1121622 0.1353296 0.1111497 0.1021955 0.1167118 0.1518421 0.1335032 0.1263058 0.1184414 0.1097874 0.1208517 0.1197447 0.1221878 0.1030829 0.1119825 0.1179892 0.1348058 0.1946701 0.1246022 0.1350051 0.1244806 0.1190493 0.1105389 0.1051482 0.1094382 0.1023715 0.1031306 0.1074513 0.1220283 0.1173949 0.1517463 0.1189195 0.1168287 0.0909844 0.1278696 0.1304191 0.1043941 0.1023321 0.1070919 0.1075194 0.1306399 0.1247190 0.2023121 0.1139302 0.1379019 0.1420366 0.1167482 0.1250939 0.2000118 0.1026381 0.1917173 0.1608570 0.1110468 0.0766282 0.1411735 0.1196782 0.1058501 0.1925932 0.1107621 0.1258560 0.0889668 0.1152148 0.1140702 0.1206022 0.1393860 0.1150145 0.1256597 0.1445784 0.1345470 0.1321351 0.1106065 0.1424778 0.0689678 0.0822641 0.1104084 0.1015996 0.1104669 0.0990255 0.1150890 0.1156916 0.0898623 0.0894257 0.1264660 0.1175199 0.1037767 0.1263548 0.1271621 0.1260376 0.1124720 0.1251224 0.1005236 0.0585200 0.1177135 0.1240287 0.1093638 0.1239449 0.1109972 0.1103414 0.0642725 0.0333641 0.1201020 0.0952539 0.0911535 0.1749842 0.1001069 0.0587018 0.1195337 0.0918073 
S0345         0.2912365 0.1041003 0.0892579 0.1194607 0.1145626 0.0953347 0.1211177 0.1163485 0.0821962 0.0987665 0.1412564 0.1149185 0.1210006 0.1321593 0.1222304 0.1197168 0.1046770 0.0626086 0.0000000 0.1184053 0.1179436 0.0937474 0.0980092 0.1171696 0.1075554 0.1062442 0.0918206 0.1156491 0.1063093 0.1135380 0.1046944 0.0982418 0.1077021 0.1301869 0.1130395 0.1180458 0.1018339 0.0974278 0.1162484 0.1066981 0.1125856 0.0929566 0.0997950 0.0988316 0.1161161 0.1834531 0.1108908 0.1146864 0.1157751 0.1087421 0.1066639 0.0921675 0.0971699 0.0886392 0.0899546 0.1030660 0.1042028 0.1069974 0.1310336 0.1074335 0.1067195 0.0829880 0.1160559 0.1133201 0.1034305 0.1017412 0.1062915 0.1068412 0.1205021 0.1058934 0.1802269 0.1057760 0.1229969 0.1240886 0.1139519 0.1235200 0.1815087 0.0894384 0.1789326 0.1934763 0.1104749 0.0718715 0.1241413 0.1042921 0.0971580 0.1775958 0.0997896 0.1111614 0.0802629 0.1073362 0.1044107 0.1087429 0.1189349 0.1035626 0.1180343 0.1245162 0.1147797 0.1148798 0.0971566 0.1218275 0.0345577 0.0743394 0.1000500 0.0927833 0.0990271 0.0964802 0.1006976 0.1052568 0.0839386 0.0800094 0.1211715 0.1058704 0.0889150 0.1190891 0.1070506 0.1111640 0.0967469 0.1078589 0.0965564 0.0539344 0.1037506 0.1208167 0.0975203 0.1144081 0.0998323 0.0958815 0.0285624 0.0627701 0.1073122 0.0846562 0.0842872 0.1592354 0.0872276 0.0528542 0.1115554 0.0833030 
S0355         0.2799717 0.1095288 0.0897413 0.1131763 0.1183518 0.1044991 0.0156198 0.1180115 0.1099429 0.1124917 0.1425184 0.1208658 0.0177856 0.0673365 0.1270317 0.0138893 0.1091702 0.1392715 0.1184053 0.0000000 0.1204384 0.1013253 0.1066354 0.1164440 0.1154913 0.1044691 0.0937220 0.1212637 0.1050438 0.0147265 0.1053225 0.1120203 0.1189862 0.0705266 0.0132158 0.1197059 0.1134165 0.1034386 0.1191744 0.1074857 0.1116659 0.1018114 0.1069513 0.1004258 0.0135769 0.1808418 0.1224093 0.0137762 0.1249624 0.1079709 0.1203367 0.0944639 0.1052123 0.0919871 0.0924294 0.1230686 0.1024965 0.1062379 0.0655102 0.1053139 0.1099488 0.0875523 0.1197826 0.0437957 0.1180402 0.1160187 0.1191792 0.1234597 0.1181858 0.1132761 0.1832716 0.1118166 0.0592890 0.0633764 0.1284896 0.1398296 0.1801487 0.0925481 0.1798411 0.1757233 0.1200528 0.1183907 0.0600383 0.1168479 0.1267656 0.1824288 0.1059862 0.1179563 0.1048264 0.1085372 0.0996743 0.1037061 0.0170417 0.1048688 0.1200896 0.0596684 0.0141357 0.0136402 0.1044216 0.0571809 0.1402115 0.1005502 0.1065254 0.0979318 0.1083517 0.1276505 0.1118557 0.1039496 0.1131570 0.1107157 0.1206582 0.1123480 0.0943468 0.1142101 0.1112531 0.1099297 0.1053430 0.1149076 0.1235950 0.1117842 0.1114738 0.1182622 0.1103499 0.1126258 0.1060201 0.1037521 0.1317606 0.1318507 0.1051927 0.1087725 0.0897886 0.1739759 0.0888632 0.1111430 0.1195921 0.0893105 
S0376         0.2814230 0.0765115 0.0903724 0.1113324 0.1163890 0.0713832 0.1224246 0.1104597 0.1024802 0.0808645 0.1119532 0.1119702 0.1251952 0.1357951 0.1206607 0.1211856 0.1009791 0.1242346 0.1179436 0.1204384 0.0000000 0.0722750 0.0724456 0.1153603 0.0869786 0.1003315 0.0889207 0.0293148 0.0962447 0.1199341 0.0988280 0.1007855 0.0862684 0.1351684 0.1171725 0.1094700 0.0817901 0.0696283 0.1085870 0.1022564 0.1073469 0.0712301 0.0755027 0.1056062 0.1211597 0.1775276 0.0924259 0.1197130 0.1005458 0.0787327 0.1090836 0.0902137 0.0719893 0.0880869 0.0879777 0.1159776 0.1098522 0.1005769 0.1377903 0.1035653 0.1030662 0.0847881 0.1155623 0.1145915 0.1046526 0.1056999 0.1082202 0.1100321 0.0917568 0.1208794 0.1858475 0.0929750 0.1260684 0.1267033 0.1215962 0.1325660 0.1833277 0.0886938 0.1828689 0.1731117 0.1108282 0.1076310 0.1291872 0.0796904 0.1223527 0.1843502 0.0724476 0.0908127 0.0981965 0.1008806 0.0983166 0.1056276 0.1262321 0.1021714 0.1142623 0.1193912 0.1170342 0.1151767 0.0709624 0.1280287 0.1264100 0.0917964 0.0742753 0.0677001 0.0752430 0.1203570 0.0763644 0.0971481 0.1001619 0.1021382 0.1120889 0.0847628 0.0895251 0.1139404 0.1202207 0.1094238 0.0738307 0.1207310 0.1184142 0.0997725 0.0773119 0.1119195 0.0751482 0.1114034 0.0734335 0.0708579 0.1216875 0.1153337 0.1065296 0.0942824 0.0883198 0.1395575 0.0846167 0.1019088 0.0384708 0.0890608 
S0400         0.2679975 0.0451794 0.0739744 0.0956898 0.0995640 0.0072931 0.1046512 0.0955335 0.0888496 0.0170199 0.0709616 0.0924332 0.1020388 0.1166096 0.1021431 0.1008006 0.0837041 0.1075286 0.0937474 0.1013253 0.0722750 0.0000000 0.0169841 0.0937004 0.0601868 0.0835954 0.0739269 0.0750442 0.0826724 0.0983279 0.0873947 0.0885029 0.0634214 0.1169173 0.0957762 0.0972769 0.0257379 0.0148821 0.0929463 0.0907016 0.0974454 0.0509591 0.0106455 0.0851477 0.1016499 0.1613545 0.0680355 0.0981426 0.0801593 0.0276135 0.0978242 0.0748218 0.0103113 0.0731560 0.0725084 0.0992810 0.0877301 0.0895749 0.1189113 0.0926059 0.0891761 0.0681288 0.0965118 0.0959280 0.0924650 0.0910186 0.0986919 0.0983772 0.0474042 0.0991639 0.1710042 0.0694546 0.1055106 0.1095072 0.1046841 0.1167143 0.1693227 0.0731961 0.1641232 0.1613107 0.0985113 0.0897868 0.1091792 0.0412664 0.1065441 0.1661390 0.0097865 0.0338719 0.0780575 0.0851006 0.0859205 0.0916816 0.1049574 0.0891908 0.0981033 0.1010280 0.0978448 0.0972275 0.0150688 0.1041219 0.1059872 0.0781934 0.0130773 0.0168669 0.0470897 0.1054229 0.0335605 0.0875163 0.0894087 0.0878404 0.0971853 0.0310607 0.0739770 0.0929458 0.0951214 0.0979357 0.0110345 0.0994251 0.1034252 0.0852530 0.0283885 0.0958614 0.0270684 0.0976377 0.0212937 0.0518151 0.1007056 0.1003634 0.0935498 0.0736117 0.0717294 0.1245305 0.0693200 0.0866670 0.0683761 0.0728671 
S0405         0.2641782 0.0486437 0.0787924 0.0977918 0.1031506 0.0155967 0.1081248 0.0957007 0.0900484 0.0262297 0.0701450 0.0942060 0.1068358 0.1196567 0.1048840 0.1040909 0.0862113 0.1081296 0.0980092 0.1066354 0.0724456 0.0169841 0.0000000 0.0961658 0.0624206 0.0848303 0.0766206 0.0751445 0.0826331 0.1021170 0.0887417 0.0896622 0.0634156 0.1210903 0.0991447 0.1011170 0.0304553 0.0138165 0.0936692 0.0936499 0.0990208 0.0508581 0.0196996 0.0883053 0.1057187 0.1647572 0.0685025 0.1022069 0.0798911 0.0299231 0.0987217 0.0778232 0.0190370 0.0752970 0.0763059 0.0995094 0.0905415 0.0912055 0.1197861 0.0950757 0.0902680 0.0706269 0.1000216 0.1008942 0.0946652 0.0926417 0.0992265 0.1004618 0.0525919 0.1043623 0.1738165 0.0733380 0.1109385 0.1117506 0.1057576 0.1157156 0.1705519 0.0758870 0.1677359 0.1581265 0.0996184 0.0904000 0.1148262 0.0443267 0.1071474 0.1688118 0.0172234 0.0384594 0.0792212 0.0875881 0.0887685 0.0941939 0.1084464 0.0907642 0.1002976 0.1064794 0.1015926 0.1013204 0.0151478 0.1089020 0.1093669 0.0794662 0.0216925 0.0148774 0.0503650 0.1034410 0.0361949 0.0882363 0.0898801 0.0878787 0.0984077 0.0358399 0.0766805 0.0959311 0.1033554 0.1003805 0.0202868 0.1051859 0.1032010 0.0844439 0.0314252 0.0974785 0.0307666 0.0993231 0.0236501 0.0509419 0.1030714 0.1006945 0.0965868 0.0724555 0.0742230 0.1260602 0.0724439 0.0873687 0.0699157 0.0745240 
S0407sl       0.2735553 0.0972634 0.0901339 0.0453606 0.1201132 0.0947502 0.1166472 0.0435962 0.1073165 0.1026510 0.1366047 0.0458988 0.1177473 0.1287328 0.0504558 0.1163383 0.0378198 0.1273187 0.1171696 0.1164440 0.1153603 0.0937004 0.0961658 0.0000000 0.1068785 0.0342354 0.0893921 0.1192224 0.0382075 0.1145872 0.0605465 0.1117996 0.1135180 0.1351250 0.1106343 0.0458116 0.1047132 0.0953645 0.0431983 0.0672880 0.0820861 0.0949504 0.0977732 0.1058274 0.1126019 0.1751877 0.1174698 0.1131018 0.1157642 0.0999266 0.1195268 0.0895648 0.0937092 0.0878197 0.0883616 0.1247118 0.1094169 0.0640973 0.1320020 0.0788357 0.0651734 0.0857705 0.0497142 0.1088607 0.1150241 0.1116779 0.1173242 0.1198351 0.1130488 0.1164681 0.1843184 0.1086954 0.1213438 0.1260776 0.1336152 0.1411760 0.1826080 0.0881732 0.1774359 0.1643267 0.1239669 0.1092306 0.1229810 0.1076630 0.1235560 0.1783222 0.0953504 0.1090078 0.1027113 0.0369477 0.0722671 0.0784469 0.1161000 0.0629211 0.0500588 0.1225938 0.1128288 0.1106302 0.0939643 0.1241757 0.1336848 0.0987232 0.0961814 0.0920947 0.1024382 0.1235882 0.0987477 0.0651192 0.1080272 0.1103642 0.0475974 0.1040017 0.0899891 0.0129011 0.1162472 0.0837259 0.0944123 0.1159906 0.1231583 0.1041893 0.0992950 0.0476074 0.0967602 0.0759527 0.0985633 0.0932510 0.1238415 0.1227562 0.0752235 0.0999377 0.0892446 0.1579693 0.0883352 0.1091008 0.1135827 0.0890941 
S0412sl       0.2649649 0.0690652 0.0821852 0.1114040 0.1118749 0.0613726 0.1170381 0.1059816 0.1049667 0.0721106 0.1045502 0.1081089 0.1177703 0.1252972 0.1185663 0.1128219 0.0981415 0.1223642 0.1075554 0.1154913 0.0869786 0.0601868 0.0624206 0.1068785 0.0000000 0.0968097 0.0850827 0.0846808 0.0941052 0.1146002 0.0944007 0.0992154 0.0705004 0.1273610 0.1109667 0.1107177 0.0717135 0.0619346 0.1078499 0.1001792 0.1076704 0.0595000 0.0662210 0.1021314 0.1148859 0.1710806 0.0593070 0.1114631 0.0972437 0.0673566 0.1102814 0.0869840 0.0637247 0.0854894 0.0856979 0.1118241 0.1016106 0.0994478 0.1294206 0.1020962 0.0957838 0.0809868 0.1105357 0.1094030 0.1064399 0.1065694 0.1101258 0.1118225 0.0808877 0.1089927 0.1824801 0.0909388 0.1147529 0.1179580 0.1172168 0.1268647 0.1782978 0.0848987 0.1733714 0.1858871 0.1106937 0.1056797 0.1192201 0.0726002 0.1199683 0.1739123 0.0648196 0.0747462 0.0989211 0.0999928 0.0959708 0.1028095 0.1180738 0.0999954 0.1130685 0.1151700 0.1119194 0.1124591 0.0618822 0.1171740 0.1219342 0.0903022 0.0664072 0.0607210 0.0693142 0.1241410 0.0669528 0.0983374 0.1028957 0.1015471 0.1132219 0.0689893 0.0881543 0.1059552 0.1080838 0.1092545 0.0634925 0.1096871 0.1175549 0.0990485 0.0698263 0.1085340 0.0663478 0.1102619 0.0625383 0.0565708 0.1130004 0.1147451 0.1048327 0.0866245 0.0836285 0.1364193 0.0840528 0.0992175 0.0824730 0.0858055 
S0417         0.2538527 0.0861780 0.0766455 0.0356897 0.1113642 0.0845801 0.1038915 0.0346239 0.0940419 0.0916334 0.1224821 0.0365134 0.1069244 0.1193365 0.0398702 0.1028661 0.0240344 0.1177100 0.1062442 0.1044691 0.1003315 0.0835954 0.0848303 0.0342354 0.0968097 0.0000000 0.0750546 0.1029411 0.0260518 0.1021165 0.0449577 0.1014159 0.1009849 0.1222626 0.0995757 0.0371531 0.0945768 0.0855738 0.0326586 0.0514289 0.0689157 0.0822909 0.0861854 0.0921861 0.1003447 0.1577759 0.1049043 0.1019511 0.1025743 0.0901313 0.1091993 0.0755641 0.0843828 0.0730704 0.0741222 0.1092155 0.0947402 0.0489274 0.1224296 0.0651842 0.0509987 0.0746831 0.0349742 0.0978156 0.1029114 0.1008013 0.1059717 0.1074352 0.1030944 0.1080673 0.1687424 0.0947535 0.1089739 0.1135374 0.1217544 0.1314008 0.1643631 0.0728748 0.1600038 0.1393590 0.1089258 0.0981536 0.1111012 0.0931946 0.1121760 0.1609440 0.0858346 0.0987744 0.0886022 0.0187464 0.0593912 0.0647870 0.1058539 0.0483295 0.0393773 0.1099397 0.1009815 0.0984014 0.0844041 0.1130496 0.1202434 0.0842636 0.0864287 0.0831140 0.0902272 0.1106794 0.0857607 0.0483985 0.0922287 0.0948126 0.0374898 0.0934058 0.0758682 0.0336843 0.1056223 0.0693834 0.0844967 0.1065748 0.1092999 0.0940896 0.0918225 0.0379096 0.0869860 0.0587949 0.0876804 0.0815326 0.1143044 0.1098720 0.0630751 0.0906084 0.0761953 0.1445719 0.0763534 0.0978095 0.0987764 0.0768780 
S0419         0.2504964 0.0798670 0.0079777 0.0875500 0.0532198 0.0756494 0.0948294 0.0875947 0.0795243 0.0841218 0.1125745 0.0902518 0.0959722 0.1048695 0.0979602 0.0919848 0.0778958 0.1047087 0.0918206 0.0937220 0.0889207 0.0739269 0.0766206 0.0893921 0.0850827 0.0750546 0.0000000 0.0912396 0.0739107 0.0919550 0.0780434 0.0810698 0.0884802 0.1069456 0.0894642 0.0910575 0.0853159 0.0746600 0.0861952 0.0824227 0.0923480 0.0728291 0.0775630 0.0326182 0.0921806 0.1588765 0.0916148 0.0920894 0.0885488 0.0812002 0.0901724 0.0075522 0.0767575 0.0055809 0.0066661 0.0930700 0.0353519 0.0803643 0.1053380 0.0875270 0.0805138 0.0556896 0.0911309 0.0851948 0.0859869 0.0846610 0.0882777 0.0894574 0.0927206 0.0480543 0.1669602 0.0807259 0.0969653 0.1018609 0.1004063 0.1125602 0.1606863 0.0057868 0.1542943 0.1487865 0.0943178 0.0884786 0.1003692 0.0865461 0.0977484 0.1549614 0.0776645 0.0911894 0.0726916 0.0764209 0.0812747 0.0880963 0.0959652 0.0799656 0.0921975 0.0959824 0.0914618 0.0893197 0.0766649 0.0953476 0.1079464 0.0720615 0.0781338 0.0735616 0.0836452 0.0954494 0.0798233 0.0769091 0.0776991 0.0810088 0.0925064 0.0840089 0.0077530 0.0889545 0.0465877 0.0914016 0.0773547 0.0483236 0.0939826 0.0806766 0.0833172 0.0908437 0.0790235 0.0908032 0.0780428 0.0740040 0.0997920 0.0987669 0.0870290 0.0763470 0.0584301 0.1365980 0.0384153 0.0834638 0.0879685 0.0590678 
S0427         0.2816307 0.0772697 0.0911023 0.1123741 0.1206556 0.0736134 0.1247297 0.1115197 0.1012129 0.0832692 0.1134087 0.1145323 0.1253079 0.1382228 0.1230006 0.1214007 0.1049141 0.1257461 0.1156491 0.1212637 0.0293148 0.0750442 0.0751445 0.1192224 0.0846808 0.1029411 0.0912396 0.0000000 0.0992731 0.1190210 0.1033335 0.1069776 0.0897217 0.1387419 0.1166440 0.1140808 0.0828249 0.0721253 0.1108208 0.1075475 0.1114791 0.0738582 0.0775594 0.1064547 0.1223222 0.1720433 0.0917356 0.1205589 0.0992055 0.0787719 0.1156879 0.0922130 0.0758335 0.0901430 0.0908915 0.1170747 0.1093124 0.1079067 0.1391258 0.1074878 0.1066898 0.0910091 0.1180476 0.1188558 0.1113337 0.1079181 0.1147840 0.1150189 0.0884003 0.1222074 0.1833877 0.0937194 0.1277984 0.1292007 0.1246883 0.1350992 0.1788167 0.0901229 0.1763012 0.1761331 0.1118401 0.1076043 0.1325325 0.0832648 0.1219883 0.1780875 0.0749059 0.0907649 0.0999463 0.1046516 0.1031483 0.1094659 0.1265369 0.1079310 0.1127812 0.1229844 0.1192470 0.1155590 0.0728167 0.1293229 0.1269835 0.0922119 0.0779331 0.0699019 0.0757112 0.1199795 0.0780256 0.1039327 0.1009642 0.1020329 0.1125848 0.0855513 0.0915777 0.1202094 0.1213277 0.1129095 0.0760360 0.1220894 0.1164183 0.0992658 0.0789348 0.1129046 0.0775728 0.1184146 0.0751225 0.0738169 0.1244934 0.1187684 0.1084551 0.0960835 0.0925812 0.1420146 0.0900923 0.1003869 0.0388896 0.0930388 
S0428sl       0.2607160 0.0847457 0.0765003 0.0394161 0.1069469 0.0826993 0.1045418 0.0374075 0.0891124 0.0893890 0.1237544 0.0422322 0.1074033 0.1208559 0.0459055 0.1017244 0.0280429 0.1121622 0.1063093 0.1050438 0.0962447 0.0826724 0.0826331 0.0382075 0.0941052 0.0260518 0.0739107 0.0992731 0.0000000 0.1029602 0.0461069 0.0988057 0.0967565 0.1192981 0.0988798 0.0396900 0.0930381 0.0828152 0.0370600 0.0511756 0.0678931 0.0789507 0.0853144 0.0914023 0.1001769 0.1584003 0.1031893 0.1014683 0.1012165 0.0870836 0.1069945 0.0738359 0.0836503 0.0723726 0.0719850 0.1099048 0.0945464 0.0475689 0.1265150 0.0647118 0.0512660 0.0682828 0.0385369 0.0951883 0.1011225 0.1000983 0.1058727 0.1059710 0.1030384 0.1054643 0.1694019 0.0947874 0.1110139 0.1155812 0.1191974 0.1292217 0.1624764 0.0718641 0.1589507 0.1325465 0.1078095 0.0962484 0.1140890 0.0930766 0.1108935 0.1599620 0.0838210 0.0988249 0.0857921 0.0257269 0.0588910 0.0634706 0.1043072 0.0473558 0.0438938 0.1046519 0.1009144 0.0992406 0.0831760 0.1150961 0.1178098 0.0820113 0.0829127 0.0788950 0.0909197 0.1082062 0.0858252 0.0486445 0.0900581 0.0906521 0.0421405 0.0924029 0.0744840 0.0369493 0.1043566 0.0668974 0.0834560 0.1042933 0.1050279 0.0921221 0.0881832 0.0412597 0.0861734 0.0579011 0.0858556 0.0787988 0.1113508 0.1033695 0.0619319 0.0888082 0.0711017 0.1476428 0.0716332 0.0947205 0.0962562 0.0723592 
