132
PAFTOL_019361 0.0000000 0.2085806 0.2247025 0.1808556 0.2064323 0.1859595 0.2363618 0.1827897 0.2244640 0.1945265 0.2363522 0.1894959 0.2337968 0.2203162 0.1898466 0.2273533 0.1970750 0.2102621 0.3022328 0.2124573 0.1950306 0.1836649 0.2191499 0.2176291 0.1761469 0.1509217 0.2150483 0.2314992 0.1892521 0.1959184 0.2179864 0.2338765 0.2629766 0.2100516 0.1944495 0.1965828 0.1934379 0.1804489 0.1918914 0.1753177 0.2192138 0.1956688 0.2213388 0.2002858 0.2012908 0.2265229 0.2141657 0.1894540 0.2002218 0.9568855 0.2053025 0.2010083 0.1519925 0.2155875 0.1838804 0.1845871 0.2416143 0.1859983 0.1900338 0.1954300 0.2096855 0.2036064 0.1910141 0.2119663 0.2011860 0.3228698 0.1810702 0.1734274 0.1913202 0.2235715 0.2252642 0.2099779 0.1798295 0.1928374 0.1901831 0.1852220 0.1993256 0.2025321 0.2295030 0.1981104 0.2171890 0.1912946 0.1864054 0.2084463 0.1926799 0.1951026 0.1863148 0.1880233 0.1918181 0.1800707 0.1904289 0.2051308 0.2391115 0.2358569 0.1987421 0.2072356 0.1889085 0.2067353 0.1859511 0.1864765 0.1746528 0.1839684 0.2032857 0.1799545 0.2282663 0.2495403 0.2055577 0.1951055 0.1881641 0.2126917 0.1928147 0.1992520 0.1954409 0.1871643 0.2330594 0.2097701 0.1854669 0.2108277 0.1940832 0.1740061 0.1813844 0.1983586 0.2074800 0.1871066 0.2013448 0.1950611 0.2265971 0.2448542 0.1855871 0.2128688 0.1983358 0.1886001 
S0055         0.2085806 0.0000000 0.0656600 0.0988690 0.0896043 0.0322584 0.1008316 0.0834409 0.0834098 0.0415680 0.1009205 0.1008859 0.1051673 0.0834972 0.0795461 0.1022222 0.0825805 0.0822394 0.1175795 0.0781428 0.0345299 0.0314037 0.1122463 0.0786353 0.0699326 0.0285204 0.0716920 0.1037149 0.0881524 0.0686183 0.0757432 0.0985388 0.1070420 0.0930481 0.0493420 0.0401868 0.0958541 0.0781056 0.0884473 0.0481012 0.0454118 0.0603318 0.0948934 0.1388721 0.0712654 0.1009093 0.0801116 0.0377351 0.0775291 0.0564244 0.0416536 0.0653281 0.0394452 0.0863428 0.0580137 0.0821535 0.1020974 0.0769680 0.0851691 0.0687460 0.0806482 0.0802502 0.0726345 0.0779728 0.0720414 0.1175958 0.0661465 0.1237774 0.1066162 0.0912608 0.1001712 0.0811286 0.0689067 0.1214015 0.0549809 0.1245421 0.0707087 0.0699745 0.1028233 0.0356447 0.0780350 0.1235817 0.0356351 0.0587961 0.0745503 0.0863821 0.0847458 0.0828971 0.0817552 0.0746219 0.0863872 0.0913260 0.1040379 0.1049997 0.0376047 0.0917365 0.0741397 0.0819512 0.0325840 0.0312259 0.0166019 0.0605279 0.0355031 0.0937843 0.0865275 0.0885737 0.1022222 0.0460864 0.0597784 0.1016813 0.0688200 0.0900933 0.0334297 0.0663373 0.0839788 0.0752308 0.0425205 0.0942781 0.0403559 0.0770081 0.0399644 0.0495466 0.0770160 0.0705841 0.0856903 0.0694386 0.0800017 0.1210862 0.0712886 0.0656708 0.0581118 0.0629481 
S0196sl       0.2247025 0.0656600 0.0000000 0.0926190 0.0678769 0.0495198 0.1283526 0.0981810 0.0900799 0.0400408 0.1235863 0.1384431 0.1314975 0.1196410 0.0907307 0.1284404 0.0998820 0.1135005 0.1052797 0.1497508 0.0518876 0.0476415 0.1092728 0.0794711 0.0896494 0.0260172 0.0867739 0.1279601 0.1052434 0.1007730 0.1147085 0.1676672 0.2216261 0.1075049 0.0766168 0.0693990 0.1040808 0.0990647 0.1084397 0.0766639 0.0523207 0.0590338 0.1161229 0.1578905 0.1032816 0.1253878 0.0712099 0.0671711 0.1062656 0.0432548 0.0640014 0.0454611 0.0385831 0.1106835 0.0580376 0.0948860 0.1865393 0.0914391 0.1025092 0.0776956 0.1167617 0.0990864 0.1042048 0.1099207 0.1084525 0.1771230 0.0567531 0.1291543 0.0820422 0.1150895 0.1475102 0.0939403 0.1011512 0.1455620 0.0388310 0.1326657 0.1001823 0.0873180 0.1376242 0.0684774 0.1043544 0.1475145 0.0473871 0.0868810 0.0920949 0.1021612 0.0913594 0.0913330 0.0978065 0.1002245 0.1023594 0.1224429 0.1373455 0.1279156 0.0622839 0.1111409 0.0989520 0.0819468 0.0562609 0.0474291 0.0634712 0.0755785 0.0606968 0.0920877 0.1005297 0.1057085 0.1057499 0.0824488 0.0472372 0.1314757 0.0568421 0.0995072 0.0475261 0.0548284 0.0982205 0.0826100 0.0768627 0.1048912 0.0673962 0.0936241 0.0718557 0.0823678 0.1005264 0.0947636 0.0919444 0.0871380 0.0947441 0.1251877 0.0656143 0.0754261 0.0819322 0.0785255 
S0278         0.1808556 0.0988690 0.0926190 0.0000000 0.1109336 0.0932056 0.1364330 0.0455960 0.1075204 0.0992893 0.1425629 0.0566623 0.1430797 0.1250870 0.0642495 0.1379774 0.0534044 0.1150132 0.1171670 0.1164314 0.1010340 0.0959506 0.0788322 0.1214741 0.0388776 0.0479182 0.1131257 0.1408773 0.0653990 0.0882442 0.1216852 0.1334187 0.1449825 0.0632156 0.1151286 0.0813161 0.0548769 0.0599539 0.0631466 0.1027107 0.0934020 0.0812605 0.1326692 0.1327889 0.1096146 0.1356367 0.0874294 0.1038734 0.0938111 0.0895392 0.1033833 0.0916445 0.0556490 0.1137236 0.0689696 0.0662776 0.1409190 0.0583273 0.0617035 0.0842657 0.1026347 0.0978111 0.1040179 0.1026575 0.0898729 0.1829564 0.0926564 0.1375513 0.1199092 0.1310431 0.1366542 0.1032548 0.1022466 0.1315245 0.0790910 0.1251928 0.1062445 0.0903043 0.1341349 0.1033019 0.0929493 0.1323895 0.0871357 0.1142919 0.1049976 0.0533995 0.0685377 0.0650694 0.1154791 0.0635267 0.0547450 0.1189179 0.1434858 0.1401429 0.1055943 0.1191971 0.0991660 0.1079316 0.0824262 0.0990487 0.0930774 0.0789450 0.1041982 0.0648209 0.1144582 0.1184830 0.0750577 0.1091384 0.0863242 0.0751951 0.0987463 0.0687107 0.0932648 0.0927935 0.1194443 0.0995552 0.0992108 0.0653135 0.0952730 0.0676173 0.0959140 0.0986286 0.0998739 0.0905486 0.0686690 0.0968573 0.1012185 0.1340375 0.0870306 0.1041106 0.1095153 0.0812383 
S0281         0.2064323 0.0896043 0.0678769 0.1109336 0.0000000 0.0788392 0.1418423 0.1041999 0.1049412 0.0939052 0.1365720 0.1111845 0.1379129 0.1110159 0.0985857 0.1355707 0.1014744 0.1077177 0.1322889 0.1009427 0.0799477 0.0782140 0.1356655 0.1114679 0.0807091 0.0320523 0.1087912 0.1333496 0.1073655 0.0893548 0.1041991 0.1348921 0.1630407 0.1119888 0.0934465 0.0820927 0.1071841 0.0935895 0.1035706 0.0844251 0.0748752 0.0518942 0.1259998 0.1490971 0.1110550 0.1317561 0.1026924 0.0876109 0.0908221 0.0564328 0.0885026 0.0518282 0.0371089 0.0978893 0.0506357 0.1000600 0.1375525 0.0902971 0.1014051 0.0921789 0.1007915 0.0949973 0.0924764 0.0914063 0.0916129 0.1647776 0.0536089 0.1414062 0.1349725 0.1121022 0.1068240 0.0987187 0.0896427 0.1336101 0.0411076 0.1389802 0.0863429 0.0889438 0.1212969 0.0835839 0.1015434 0.1380198 0.0763002 0.1072670 0.1025282 0.0963000 0.0981834 0.0976509 0.1035296 0.0987099 0.1068100 0.1172258 0.1352777 0.1376832 0.0847739 0.1177203 0.0815104 0.0993784 0.0755262 0.0790058 0.0775695 0.0822597 0.0840829 0.1035137 0.1061545 0.1062361 0.1023232 0.0941826 0.0502423 0.1135972 0.0538133 0.1066227 0.0752896 0.0489366 0.1034031 0.0907907 0.0904691 0.1154886 0.0881892 0.0947950 0.0902385 0.0904346 0.0860878 0.0900393 0.0952452 0.0888738 0.1015303 0.1408284 0.0698991 0.0819579 0.0959220 0.0809370 
S0282         0.1859595 0.0322584 0.0495198 0.0932056 0.0788392 0.0000000 0.0895607 0.0779061 0.0815625 0.0243504 0.0895883 0.0931907 0.0967306 0.0826111 0.0749969 0.0905234 0.0778797 0.0754225 0.1165128 0.0683262 0.0119779 0.0141401 0.1112537 0.0715134 0.0630958 0.0249253 0.0603172 0.0940323 0.0772593 0.0617870 0.0651003 0.0973454 0.1031394 0.0910632 0.0377286 0.0234899 0.0899152 0.0713524 0.0840317 0.0455969 0.0225104 0.0551816 0.0825468 0.1266869 0.0619461 0.0925767 0.0757816 0.0320124 0.0680163 0.0601458 0.0226302 0.0577130 0.0369381 0.0818665 0.0504329 0.0734510 0.0970193 0.0678288 0.0769278 0.0673526 0.0716636 0.0718060 0.0712230 0.0684157 0.0627516 0.1151320 0.0587797 0.1044774 0.0935064 0.0844668 0.0906434 0.0742325 0.0625349 0.1086764 0.0499859 0.1100726 0.0705249 0.0675976 0.0880074 0.0379375 0.0761288 0.1119130 0.0150467 0.0502138 0.0739902 0.0832341 0.0778892 0.0782096 0.0723319 0.0691390 0.0832263 0.0848132 0.0982627 0.0965784 0.0212084 0.0810419 0.0735775 0.0825981 0.0141479 0.0150941 0.0230876 0.0574871 0.0354287 0.0853196 0.0833404 0.0840711 0.0895264 0.0356415 0.0558139 0.1059299 0.0613722 0.0817982 0.0109618 0.0601305 0.0820414 0.0697171 0.0333263 0.0909381 0.0257363 0.0690494 0.0297561 0.0390079 0.0727328 0.0679034 0.0775477 0.0628594 0.0797661 0.1172521 0.0599830 0.0652134 0.0553352 0.0627660 
S0288         0.2363618 0.1008316 0.1283526 0.1364330 0.1418423 0.0895607 0.0000000 0.1151548 0.1313618 0.1049860 0.1579469 0.1353704 0.0125916 0.0679031 0.1104092 0.0296119 0.1200644 0.1346500 0.1865370 0.1138204 0.0882665 0.0938523 0.1519083 0.1354546 0.1025913 0.0788944 0.1169045 0.0113892 0.1285331 0.1112778 0.1274768 0.0903700 0.0121093 0.1308935 0.1050537 0.0944121 0.1367059 0.1177418 0.1191358 0.1015761 0.0860672 0.1212767 0.0246228 0.1807265 0.1102060 0.0137886 0.1216177 0.1031812 0.1222187 0.1453378 0.0999847 0.1255862 0.0850244 0.1247701 0.1035888 0.1184985 0.1023432 0.1085730 0.1174591 0.1186521 0.0591754 0.1301423 0.1255108 0.1244059 0.1130312 0.1629818 0.1191847 0.1625395 0.1367871 0.0978672 0.0927006 0.1235131 0.1139151 0.1611136 0.1153526 0.1624324 0.1247080 0.1298337 0.0929899 0.1111030 0.1299226 0.1550796 0.0922979 0.1204058 0.1231581 0.1282888 0.1198667 0.1194246 0.0104560 0.1092832 0.1182538 0.0743979 0.0125297 0.0113265 0.1017253 0.0822742 0.1196326 0.1358668 0.0853734 0.0962719 0.0895050 0.1087205 0.1115717 0.1233103 0.1438303 0.1433527 0.1385628 0.1105727 0.1187929 0.1341696 0.1214000 0.1223517 0.0913329 0.1228595 0.1410432 0.1351018 0.1070644 0.1419194 0.0984297 0.1062426 0.1000409 0.1023348 0.1275676 0.1176771 0.1191911 0.1283124 0.1336738 0.1548015 0.1153463 0.1250989 0.1102429 0.1103416 
S0289         0.1827897 0.0834409 0.0981810 0.0455960 0.1041999 0.0779061 0.1151548 0.0000000 0.0876532 0.0923044 0.1390631 0.0540625 0.1256833 0.1127650 0.0428132 0.1285008 0.0356542 0.0891670 0.1212327 0.1016337 0.0832495 0.0785492 0.0612390 0.1047969 0.0282799 0.0409049 0.0998743 0.1241756 0.0478069 0.0745579 0.1011638 0.1111992 0.1110454 0.0474964 0.0883755 0.0753326 0.0528560 0.0485780 0.0670297 0.0819906 0.0868441 0.0794211 0.1204694 0.1331530 0.0968538 0.1211369 0.0653734 0.0826911 0.0810914 0.0669719 0.0842197 0.0836126 0.0499282 0.0951241 0.0769005 0.0515166 0.1217346 0.0546503 0.0533425 0.0756120 0.0979799 0.0786876 0.0802863 0.0773841 0.0730233 0.1431563 0.0830542 0.1264803 0.1356424 0.1108345 0.1260346 0.0837087 0.0751190 0.1265627 0.0760107 0.1260421 0.0819508 0.0837928 0.1072002 0.0905111 0.0859908 0.1277259 0.0778782 0.1022130 0.0767356 0.0371073 0.0644700 0.0558301 0.1024917 0.0465718 0.0382223 0.1146166 0.1275057 0.1298515 0.0813650 0.1142351 0.0861206 0.0877342 0.0719168 0.0793542 0.0789530 0.0659224 0.0937574 0.0498573 0.0969069 0.0976786 0.0511139 0.0839235 0.0823423 0.0547207 0.0858429 0.0647293 0.0792709 0.0857863 0.1000722 0.0768982 0.0806439 0.0536581 0.0821206 0.0534314 0.0749527 0.0884551 0.0851228 0.0762157 0.0584236 0.0789137 0.0814201 0.1271500 0.0895814 0.0774066 0.0943184 0.0745317 
S0292         0.2244640 0.0834098 0.0900799 0.1075204 0.1049412 0.0815625 0.1313618 0.0876532 0.0000000 0.1064206 0.1398869 0.1049294 0.1369109 0.1181513 0.0835409 0.1332025 0.0930663 0.0816353 0.0993866 0.1096980 0.0843084 0.0818850 0.1236100 0.1306525 0.0727438 0.0284634 0.1019753 0.1337321 0.0892054 0.0729760 0.0997036 0.1201258 0.1333648 0.0929319 0.1025629 0.0898149 0.0958227 0.0874515 0.0932027 0.0856141 0.0984698 0.0826886 0.1251975 0.1501233 0.0965267 0.1322882 0.0806799 0.0849857 0.0759579 0.0300737 0.0944035 0.0884796 0.0477056 0.0853174 0.0788032 0.0900990 0.1189625 0.0880659 0.0959644 0.0658507 0.1084587 0.0695974 0.0763573 0.0713633 0.0693048 0.1555969 0.0888678 0.1302030 0.1361285 0.1115264 0.1296716 0.0836577 0.0740046 0.1308419 0.0808495 0.1346616 0.0729567 0.0678489 0.1236131 0.0871836 0.0373393 0.1341688 0.0815052 0.1053700 0.0754243 0.0905428 0.0934177 0.0917626 0.1128091 0.0812688 0.0967939 0.1178033 0.1343584 0.1366844 0.0914038 0.1162479 0.0685882 0.0238218 0.0794716 0.0842699 0.0736033 0.0144948 0.0865476 0.0925172 0.0425062 0.0278820 0.0991329 0.0832182 0.0872717 0.1039173 0.0891331 0.0962223 0.0792731 0.0878215 0.0430263 0.0762193 0.0843996 0.1013606 0.0886883 0.0828023 0.0812203 0.0830023 0.0740012 0.0691721 0.0878290 0.0689125 0.0744468 0.1176860 0.0883194 0.0618440 0.0910809 0.0578709 
S0293         0.1945265 0.0415680 0.0400408 0.0992893 0.0939052 0.0243504 0.1049860 0.0923044 0.1064206 0.0000000 0.1097384 0.0973159 0.1150724 0.0937844 0.0920048 0.1124289 0.0929930 0.1005071 0.1151624 0.0767280 0.0274250 0.0307985 0.1208938 0.0696323 0.0708135 0.0390758 0.0833399 0.1131004 0.0876277 0.0784051 0.0942556 0.1209550 0.1410519 0.1042893 0.0565178 0.0267254 0.1102227 0.0909261 0.0903517 0.0631217 0.0325248 0.0679318 0.1017898 0.1406660 0.0957817 0.1083046 0.0883006 0.0478510 0.0879432 0.0889220 0.0322561 0.0702299 0.0486314 0.0930265 0.0560907 0.0881429 0.1356823 0.0759186 0.0949043 0.0884219 0.0766973 0.0895160 0.0942912 0.0903521 0.0818266 0.1598713 0.0774323 0.1378067 0.0963560 0.1050963 0.0985707 0.0987960 0.0919799 0.1295713 0.0625566 0.1280624 0.0974090 0.0854254 0.1067350 0.0482722 0.1009122 0.1352251 0.0287920 0.0612957 0.1083913 0.0928924 0.0866626 0.0848234 0.0832032 0.0942092 0.0987824 0.0922169 0.1173016 0.1124511 0.0364225 0.0935511 0.0960112 0.1019566 0.0246854 0.0305965 0.0381770 0.0776300 0.0446145 0.0958081 0.1088677 0.1060206 0.1044346 0.0530785 0.0676691 0.1187746 0.0831816 0.0946444 0.0243617 0.0740242 0.1076469 0.0959082 0.0450658 0.1060340 0.0416337 0.0928437 0.0428538 0.0615329 0.0893408 0.0874503 0.0886757 0.0804620 0.1117451 0.1299448 0.0682061 0.0929784 0.0673577 0.0817614 
S0294         0.2363522 0.1009205 0.1235863 0.1425629 0.1365720 0.0895883 0.1579469 0.1390631 0.1398869 0.1097384 0.0000000 0.1530767 0.1571616 0.1374454 0.1318469 0.1577218 0.1372403 0.1334734 0.1697880 0.1265453 0.0967836 0.0919682 0.1577324 0.1314856 0.1146477 0.0764043 0.1103082 0.1554678 0.1317726 0.1165120 0.1124127 0.1617782 0.1745458 0.1411386 0.1017668 0.1093888 0.1410156 0.1228314 0.1359057 0.1060928 0.1061787 0.1155275 0.1473832 0.1911898 0.1026241 0.1521882 0.1267281 0.0988346 0.1283060 0.0916175 0.1048499 0.1203450 0.0926025 0.1434863 0.1153368 0.1263381 0.1566623 0.1217420 0.1347351 0.1241992 0.1274229 0.1295160 0.1255320 0.1274263 0.1251525 0.1070845 0.1243326 0.1682751 0.1432633 0.1440840 0.1482141 0.1311189 0.1254994 0.1696465 0.1074297 0.1661432 0.1237121 0.1298654 0.1589451 0.1023015 0.1399171 0.1607690 0.0978122 0.1182169 0.1292405 0.1333503 0.1366062 0.1358400 0.1271734 0.1106291 0.1324317 0.1501736 0.1590632 0.1599837 0.1001635 0.1440822 0.1236703 0.1369896 0.0891001 0.0924382 0.0844202 0.1178135 0.0990718 0.1382382 0.1467503 0.1473040 0.1415001 0.1013881 0.1117795 0.1526128 0.1248589 0.1377431 0.0981520 0.1203676 0.1429320 0.1359516 0.0991463 0.1365978 0.1015940 0.1169418 0.0961965 0.0928031 0.1202504 0.1295861 0.1344498 0.1219997 0.1360499 0.1785313 0.1229674 0.1289587 0.0992973 0.1161465 
S0299         0.1894959 0.1008859 0.1384431 0.0566623 0.1111845 0.0931907 0.1353704 0.0540625 0.1049294 0.0973159 0.1530767 0.0000000 0.1453104 0.1250968 0.0575317 0.1395070 0.0517142 0.0999848 0.1357676 0.1127460 0.0964776 0.0939019 0.0909953 0.1158923 0.0415940 0.0526640 0.1157564 0.1437914 0.0615244 0.0799704 0.1166313 0.1291194 0.1311829 0.0654861 0.1056219 0.0717216 0.0631962 0.0557160 0.0728359 0.0951947 0.0898093 0.0942996 0.1351130 0.1329530 0.1086620 0.1415034 0.0706953 0.0972494 0.0845265 0.1172411 0.1001040 0.0948810 0.0603133 0.1085262 0.0810491 0.0646634 0.1259249 0.0588279 0.0612769 0.0841703 0.1063947 0.0859272 0.0989100 0.0833997 0.0811559 0.1685091 0.0956910 0.1342588 0.1291625 0.1269881 0.1271348 0.0897748 0.0830484 0.1253281 0.0859494 0.1300665 0.0962263 0.0873884 0.1243506 0.1083793 0.0992002 0.1396477 0.0884536 0.1136531 0.0898396 0.0588297 0.0715412 0.0618187 0.1195102 0.0561172 0.0569241 0.1250932 0.1495484 0.1488587 0.1002042 0.1228126 0.0935904 0.0988501 0.0799384 0.0918999 0.0886146 0.0825481 0.1041328 0.0636645 0.1077227 0.1140778 0.0695313 0.0969984 0.0918195 0.0770197 0.0990013 0.0728360 0.0917900 0.0989036 0.1098330 0.0864026 0.0994495 0.0716028 0.0967192 0.0584747 0.0926070 0.0978004 0.0907667 0.0821436 0.0684722 0.0883538 0.0946230 0.1309475 0.0940369 0.0881636 0.1047848 0.0741791 
S0303         0.2337968 0.1051673 0.1314975 0.1430797 0.1379129 0.0967306 0.0125916 0.1256833 0.1369109 0.1150724 0.1571616 0.1453104 0.0000000 0.0646214 0.1148292 0.0257003 0.1246079 0.1392010 0.2051113 0.1231908 0.0955921 0.1006162 0.1616093 0.1437683 0.1055256 0.0784794 0.1255747 0.0089599 0.1319085 0.1209192 0.1413466 0.0887316 0.0074630 0.1401795 0.1064814 0.1152481 0.1403040 0.1206863 0.1304684 0.1119531 0.0862222 0.1135376 0.0213976 0.1827442 0.1169912 0.0089522 0.1462902 0.1088331 0.1303045 0.1275067 0.1123659 0.1195976 0.0859150 0.1298017 0.1026504 0.1244850 0.0902295 0.1167446 0.1254203 0.1217164 0.0557698 0.1334504 0.1302787 0.1322796 0.1223090 0.1637211 0.1109153 0.1656177 0.1478562 0.0875646 0.0881928 0.1195218 0.1111055 0.1658008 0.1081354 0.1650016 0.1226618 0.1254759 0.0825498 0.1126378 0.1375423 0.1577981 0.0993942 0.1281361 0.1278575 0.1363185 0.1269469 0.1220805 0.0101830 0.1163057 0.1224753 0.0702681 0.0130571 0.0119962 0.1075320 0.0783146 0.1229630 0.1445540 0.0975222 0.0999920 0.0968472 0.1145238 0.1163423 0.1353649 0.1479682 0.1457266 0.1428092 0.1140812 0.1124544 0.1408673 0.1141603 0.1308659 0.0983231 0.1154157 0.1409286 0.1380020 0.1138413 0.1465769 0.1049258 0.1126180 0.1006059 0.1097258 0.1273683 0.1284617 0.1278325 0.1311615 0.1346877 0.1680678 0.1166307 0.1289791 0.1167086 0.1166757 
S0308         0.2203162 0.0834972 0.1196410 0.1250870 0.1110159 0.0826111 0.0679031 0.1127650 0.1181513 0.0937844 0.1374454 0.1250968 0.0646214 0.0000000 0.1142608 0.0642624 0.1114661 0.1233869 0.1568759 0.1126970 0.0853900 0.0806703 0.1506584 0.1019306 0.0972348 0.0555627 0.1097731 0.0621188 0.1245838 0.1016873 0.1156467 0.0706662 0.0636265 0.1293225 0.0963593 0.0978003 0.1271564 0.1118043 0.1163547 0.0869682 0.0933722 0.0865236 0.0592922 0.1720824 0.1009299 0.0635619 0.1120983 0.0899991 0.1105117 0.0786355 0.0926146 0.0907355 0.0629955 0.1183107 0.0804920 0.1159153 0.0757437 0.1026099 0.1169357 0.1053903 0.0434538 0.1120720 0.1075694 0.1167694 0.1070536 0.1416234 0.0867703 0.1507177 0.1345943 0.0645969 0.0702049 0.1131424 0.1019928 0.1534075 0.0804602 0.1545682 0.1039242 0.1017325 0.0696699 0.0916828 0.1184177 0.1523959 0.0851667 0.1114750 0.1030842 0.1185128 0.1121126 0.1112464 0.0498149 0.1054200 0.1135677 0.0630015 0.0659670 0.0645252 0.0861555 0.0658819 0.1019837 0.1231709 0.0805495 0.0826142 0.0765439 0.0993107 0.0972652 0.1251375 0.1337299 0.1320079 0.1251048 0.0980984 0.0844250 0.1302557 0.0897157 0.1180637 0.0828616 0.0870274 0.1259561 0.1177966 0.0929059 0.1240931 0.0860361 0.0996604 0.0835661 0.0889157 0.1088567 0.1076995 0.1159718 0.1095890 0.1150952 0.1510138 0.0906193 0.1067271 0.1043793 0.0978630 
S0320         0.1898466 0.0795461 0.0907307 0.0642495 0.0985857 0.0749969 0.1104092 0.0428132 0.0835409 0.0920048 0.1318469 0.0575317 0.1148292 0.1142608 0.0000000 0.1172012 0.0435239 0.0849442 0.1186923 0.1047256 0.0777342 0.0811342 0.0616523 0.1064855 0.0287550 0.0428640 0.0971716 0.1107326 0.0531316 0.0674111 0.0991311 0.1129351 0.1120712 0.0470663 0.0912132 0.0838555 0.0544063 0.0458055 0.0693264 0.0839486 0.0787860 0.0806729 0.1094006 0.1292257 0.0904590 0.1103229 0.0747113 0.0839905 0.0778997 0.0684352 0.0869805 0.0862365 0.0556304 0.0906946 0.0758294 0.0577418 0.1220651 0.0592032 0.0569049 0.0729964 0.0961907 0.0741222 0.0761871 0.0757484 0.0725518 0.1649538 0.0810938 0.1258355 0.1306217 0.1109200 0.1163680 0.0790591 0.0746088 0.1252889 0.0759166 0.1242388 0.0737126 0.0745363 0.1132148 0.0893434 0.0855596 0.1215718 0.0736822 0.0999579 0.0774422 0.0424142 0.0667302 0.0631665 0.0949996 0.0482642 0.0376043 0.1072139 0.1167875 0.1191329 0.0879265 0.1132430 0.0779609 0.0838475 0.0717312 0.0806218 0.0773552 0.0589100 0.0856084 0.0540090 0.0928977 0.0983040 0.0533643 0.0810440 0.0824488 0.0509617 0.0840018 0.0708464 0.0751734 0.0813310 0.0975087 0.0753305 0.0859863 0.0482265 0.0822070 0.0505640 0.0788513 0.0872156 0.0745352 0.0691517 0.0654212 0.0788381 0.0845813 0.1169675 0.0857016 0.0745847 0.0821244 0.0657637 
S0322         0.2273533 0.1022222 0.1284404 0.1379774 0.1355707 0.0905234 0.0296119 0.1285008 0.1332025 0.1124289 0.1577218 0.1395070 0.0257003 0.0642624 0.1172012 0.0000000 0.1267587 0.1332049 0.1956195 0.1280987 0.0910720 0.0946133 0.1587961 0.1332512 0.1063775 0.0753420 0.1219626 0.0246107 0.1311946 0.1159895 0.1360536 0.0866347 0.0330436 0.1394099 0.1091031 0.1147451 0.1365688 0.1213762 0.1311126 0.1098818 0.0862594 0.1101466 0.0069196 0.1833828 0.1135096 0.0246921 0.1331157 0.1068550 0.1252061 0.1179122 0.1089496 0.1160153 0.0854302 0.1262007 0.1006817 0.1197137 0.0882044 0.1174404 0.1267283 0.1187559 0.0554654 0.1282945 0.1266928 0.1271329 0.1173599 0.1651990 0.1088755 0.1647349 0.1408869 0.0844863 0.0880526 0.1177697 0.1096321 0.1658054 0.1061229 0.1618371 0.1196763 0.1238994 0.0842760 0.1078324 0.1312309 0.1600494 0.0922105 0.1237081 0.1234667 0.1355687 0.1290811 0.1262060 0.0207817 0.1161749 0.1246777 0.0723815 0.0289672 0.0256650 0.1028382 0.0728175 0.1213962 0.1391564 0.0929484 0.0980829 0.0908511 0.1095630 0.1114971 0.1346344 0.1455839 0.1453777 0.1463623 0.1097796 0.1117167 0.1478408 0.1120818 0.1301449 0.0937590 0.1133271 0.1356128 0.1348542 0.1132303 0.1457654 0.1002172 0.1091586 0.1027831 0.1049694 0.1258059 0.1226294 0.1256678 0.1275449 0.1345224 0.1663184 0.1117178 0.1259326 0.1132168 0.1137423 
S0327         0.1970750 0.0825805 0.0998820 0.0534044 0.1014744 0.0778797 0.1200644 0.0356542 0.0930663 0.0929930 0.1372403 0.0517142 0.1246079 0.1114661 0.0435239 0.1267587 0.0000000 0.0919088 0.1184278 0.1066607 0.0834758 0.0826486 0.0609277 0.1091010 0.0278939 0.0380698 0.1039055 0.1231157 0.0493747 0.0773231 0.1060686 0.1140383 0.1157508 0.0457934 0.0889769 0.0767031 0.0557464 0.0480179 0.0626226 0.0849316 0.0945810 0.0747154 0.1188570 0.1286891 0.0926439 0.1201081 0.0691455 0.0778675 0.0810741 0.0570912 0.0883287 0.0787626 0.0469393 0.1018339 0.0711685 0.0584944 0.1094291 0.0516525 0.0540819 0.0759492 0.0953762 0.0876209 0.0830510 0.0868869 0.0834571 0.1472837 0.0795210 0.1149572 0.1355426 0.1108893 0.1229306 0.0880451 0.0806340 0.1265563 0.0689582 0.1289596 0.0885273 0.0815213 0.1192818 0.0907097 0.0939682 0.1215372 0.0781624 0.1009201 0.0783048 0.0343203 0.0625108 0.0549646 0.1029836 0.0494905 0.0388923 0.1091863 0.1264098 0.1287361 0.0866921 0.1081771 0.0811666 0.0934328 0.0695620 0.0821389 0.0779403 0.0700730 0.0925787 0.0434016 0.1024466 0.1049205 0.0554395 0.0828815 0.0751134 0.0491963 0.0822486 0.0636706 0.0795401 0.0809078 0.1026692 0.0825591 0.0809189 0.0530484 0.0786027 0.0493186 0.0753412 0.0886598 0.0777186 0.0791302 0.0600514 0.0829251 0.0830262 0.1301091 0.0833679 0.0815817 0.0943945 0.0699792 
S0335         0.2102621 0.0822394 0.1135005 0.1150132 0.1077177 0.0754225 0.1346500 0.0891670 0.0816353 0.1005071 0.1334734 0.0999848 0.1392010 0.1233869 0.0849442 0.1332049 0.0919088 0.0000000 0.0788981 0.1084155 0.0756262 0.0733878 0.1227819 0.1194489 0.0731174 0.0380028 0.0967939 0.1353634 0.0870976 0.0693187 0.1052668 0.1276240 0.1457475 0.0971644 0.0950528 0.0809715 0.0981654 0.0825325 0.0890879 0.0828736 0.0897420 0.0815890 0.1265369 0.1502115 0.1051430 0.1366515 0.0834392 0.0812818 0.0732207 0.0461792 0.0854018 0.0860104 0.0515327 0.0840955 0.0780825 0.0870498 0.1238465 0.0776628 0.0935566 0.0645006 0.1081862 0.0746648 0.0748778 0.0711581 0.0703337 0.1565242 0.0829084 0.1250102 0.1426778 0.1171413 0.1316318 0.0777805 0.0714434 0.1287689 0.0771828 0.1225786 0.0663039 0.0596180 0.1268186 0.0916379 0.0797303 0.1259278 0.0740993 0.1015306 0.0676062 0.0906923 0.0867069 0.0861468 0.1163444 0.0831498 0.0918164 0.1142441 0.1387564 0.1410887 0.0775428 0.1150382 0.0493141 0.0817913 0.0695880 0.0743225 0.0687180 0.0566064 0.0869209 0.0912994 0.0850836 0.0904002 0.0948891 0.0851950 0.0797744 0.1066598 0.0857714 0.0894503 0.0718815 0.0780680 0.0882353 0.0545454 0.0857971 0.1041003 0.0863397 0.0845800 0.0826579 0.0865202 0.0510506 0.0331351 0.0799601 0.0576012 0.0742659 0.1261694 0.0922992 0.0538628 0.0888724 0.0599435 
S0345         0.3022328 0.1175795 0.1052797 0.1171670 0.1322889 0.1165128 0.1865370 0.1212327 0.0993866 0.1151624 0.1697880 0.1357676 0.2051113 0.1568759 0.1186923 0.1956195 0.1184278 0.0788981 0.0000000 0.1449403 0.1211458 0.1207556 0.1002648 0.1230059 0.0922649 0.0680206 0.1270024 0.1930160 0.1193317 0.0973079 0.1477230 0.1765079 0.1990533 0.1274303 0.1492120 0.1132998 0.1282156 0.1089540 0.1175257 0.1148546 0.0912027 0.1119009 0.1801426 0.1843423 0.1337947 0.1958505 0.0869723 0.1308153 0.1008543 0.0583460 0.1296475 0.1183151 0.0916952 0.1037125 0.1128644 0.1208609 0.1524003 0.1085741 0.1272958 0.0863385 0.1455522 0.1007253 0.1044427 0.0897675 0.0953271 0.1439127 0.1135069 0.1660727 0.1565563 0.1752797 0.1713106 0.1095129 0.1150717 0.1766701 0.1045422 0.1758564 0.1004852 0.0880392 0.1980140 0.1268479 0.1022509 0.1803146 0.1137352 0.1370424 0.1077781 0.1157933 0.1205142 0.1165979 0.1537749 0.1095002 0.1344055 0.1761772 0.1903981 0.1976484 0.1211544 0.1578472 0.0533517 0.0994649 0.1092399 0.1224318 0.1191529 0.0769260 0.1257940 0.1225116 0.1114750 0.1117613 0.1251909 0.1268648 0.1065630 0.1223288 0.1136034 0.1186494 0.1094474 0.1047185 0.0994100 0.0759860 0.1265880 0.1302190 0.1256429 0.1112658 0.1235786 0.1187077 0.0594667 0.0730892 0.1068772 0.0922423 0.0880386 0.1635387 0.1216971 0.0732656 0.1158133 0.0868391 
S0376         0.2124573 0.0781428 0.1497508 0.1164314 0.1009427 0.0683262 0.1138204 0.1016337 0.1096980 0.0767280 0.1265453 0.1127460 0.1231908 0.1126970 0.1047256 0.1280987 0.1066607 0.1084155 0.1449403 0.0000000 0.0730752 0.0704130 0.1625026 0.1042467 0.0840049 0.0523269 0.0610146 0.1273103 0.1096507 0.0749350 0.0944524 0.1224124 0.1054879 0.1071580 0.0845467 0.0482888 0.1140561 0.0934212 0.1047259 0.0706027 0.0663354 0.0871468 0.1165336 0.1617798 0.0845306 0.1214419 0.0943741 0.0715081 0.0899555 0.1401824 0.0766552 0.0890908 0.0590287 0.0998202 0.0824473 0.1033982 0.1246246 0.0949049 0.1035460 0.0859427 0.0997216 0.0928320 0.0924568 0.0871471 0.0825407 0.1336299 0.0856728 0.1444374 0.1090594 0.1119790 0.1196589 0.1026472 0.0845136 0.1368194 0.0784343 0.1498579 0.0913533 0.1035454 0.1062790 0.0833072 0.1045129 0.1397328 0.0711214 0.0955145 0.0943864 0.1035478 0.1052263 0.0890973 0.0966912 0.0882417 0.1090090 0.1071093 0.1296409 0.1271792 0.0757711 0.1111220 0.0911753 0.1003367 0.0611293 0.0717164 0.0594689 0.0898164 0.0779013 0.1061951 0.1107214 0.0955764 0.1185931 0.0736698 0.0877351 0.1320018 0.0923029 0.1080483 0.0669419 0.0922332 0.1110232 0.1038901 0.0718356 0.1107394 0.0799574 0.0932999 0.0713323 0.0718626 0.0899308 0.0919034 0.1013522 0.0853708 0.1025956 0.1407116 0.0826208 0.0978544 0.0489308 0.0783814 
S0400         0.1950306 0.0345299 0.0518876 0.1010340 0.0799477 0.0119779 0.0882665 0.0832495 0.0843084 0.0274250 0.0967836 0.0964776 0.0955921 0.0853900 0.0777342 0.0910720 0.0834758 0.0756262 0.1211458 0.0730752 0.0000000 0.0162494 0.1139111 0.0763021 0.0644988 0.0260639 0.0616872 0.0928962 0.0825510 0.0655934 0.0704209 0.0973505 0.0969351 0.0938987 0.0422953 0.0284767 0.0940825 0.0739970 0.0867902 0.0503972 0.0246206 0.0576667 0.0826999 0.1357998 0.0696876 0.0914434 0.0800332 0.0342655 0.0706432 0.0595643 0.0248245 0.0602266 0.0393372 0.0846179 0.0541270 0.0748140 0.0953614 0.0704478 0.0770999 0.0711951 0.0743206 0.0757468 0.0738616 0.0710593 0.0665562 0.1197161 0.0612980 0.1150515 0.0973739 0.0859755 0.0934990 0.0770424 0.0651849 0.1145633 0.0524019 0.1127159 0.0731753 0.0702067 0.0945650 0.0414048 0.0832742 0.1177749 0.0171463 0.0526420 0.0779042 0.0859999 0.0805999 0.0797477 0.0712497 0.0730035 0.0885863 0.0876771 0.0971208 0.0954415 0.0223005 0.0838371 0.0762741 0.0837889 0.0173369 0.0172005 0.0275353 0.0599756 0.0377202 0.0855100 0.0874297 0.0868384 0.0937324 0.0401928 0.0582826 0.1091893 0.0639210 0.0845463 0.0130257 0.0626668 0.0861144 0.0723744 0.0378276 0.0937694 0.0279489 0.0704793 0.0319831 0.0413451 0.0753937 0.0705260 0.0802452 0.0654313 0.0824750 0.1230448 0.0625121 0.0678035 0.0578265 0.0653345 
S0405         0.1836649 0.0314037 0.0476415 0.0959506 0.0782140 0.0141401 0.0938523 0.0785492 0.0818850 0.0307985 0.0919682 0.0939019 0.1006162 0.0806703 0.0811342 0.0946133 0.0826486 0.0733878 0.1207556 0.0704130 0.0162494 0.0000000 0.1049957 0.0728360 0.0634246 0.0239893 0.0595827 0.0978637 0.0817218 0.0600256 0.0671049 0.0960511 0.1112364 0.0931023 0.0368949 0.0223236 0.0878393 0.0744114 0.0859772 0.0446863 0.0187361 0.0531638 0.0874125 0.1303583 0.0663533 0.0963759 0.0805073 0.0311635 0.0688378 0.0610187 0.0238790 0.0543676 0.0360756 0.0812572 0.0506917 0.0724255 0.1012335 0.0695875 0.0788042 0.0665337 0.0709848 0.0725542 0.0705593 0.0704981 0.0646356 0.1098822 0.0568543 0.1095013 0.0914727 0.0863474 0.0911364 0.0750084 0.0631675 0.1093289 0.0480644 0.1107353 0.0686006 0.0680955 0.0884196 0.0368846 0.0769971 0.1136901 0.0183425 0.0506157 0.0718067 0.0851797 0.0797672 0.0786228 0.0757665 0.0708105 0.0839082 0.0838729 0.1021835 0.1004555 0.0181589 0.0829797 0.0715250 0.0829297 0.0153256 0.0109993 0.0243396 0.0592611 0.0323757 0.0847328 0.0851575 0.0844053 0.0914250 0.0370392 0.0550780 0.1083682 0.0594457 0.0824140 0.0162517 0.0582026 0.0800449 0.0690370 0.0335792 0.0943101 0.0248475 0.0707451 0.0288932 0.0380865 0.0720752 0.0658675 0.0781385 0.0645891 0.0791510 0.1206348 0.0616378 0.0645159 0.0545885 0.0644629 
S0407sl       0.2191499 0.1122463 0.1092728 0.0788322 0.1356655 0.1112537 0.1519083 0.0612390 0.1236100 0.1208938 0.1577324 0.0909953 0.1616093 0.1506584 0.0616523 0.1587961 0.0609277 0.1227819 0.1002648 0.1625026 0.1139111 0.1049957 0.0000000 0.1327929 0.0546778 0.0695155 0.1283847 0.1609787 0.0774026 0.1073205 0.1435910 0.1341708 0.1378122 0.0763566 0.1143650 0.1249443 0.0808850 0.0768880 0.0996801 0.1195352 0.1211154 0.1099751 0.1496823 0.1597446 0.1190291 0.1559287 0.0932368 0.1160511 0.1224493 0.0998814 0.1228850 0.1172863 0.0800547 0.1379549 0.1037585 0.0873855 0.1682094 0.0810191 0.0870088 0.1076356 0.1356999 0.1216264 0.1155862 0.1064547 0.1232254 0.1457744 0.1185512 0.1449203 0.1304152 0.1464053 0.1558787 0.1252988 0.1175665 0.1710750 0.1047871 0.1626318 0.1263405 0.1065735 0.1534386 0.1162633 0.1111709 0.1576198 0.1069896 0.1355406 0.0923337 0.0626888 0.0890434 0.0795906 0.1210511 0.0768624 0.0666819 0.1528003 0.1646281 0.1582008 0.1173413 0.1290626 0.1074191 0.1108265 0.1096705 0.1048528 0.1032234 0.0982111 0.1184090 0.0749798 0.1296496 0.1444435 0.0687162 0.1243528 0.1089137 0.0504402 0.1189323 0.0897507 0.1090260 0.1095885 0.1366746 0.1119452 0.1143843 0.0747233 0.1098060 0.0717080 0.1047928 0.1238479 0.1096861 0.1063731 0.0894388 0.1097512 0.1196164 0.1496911 0.1252942 0.1183780 0.1174056 0.0984037 
S0412sl       0.2176291 0.0786353 0.0794711 0.1214741 0.1114679 0.0715134 0.1354546 0.1047969 0.1306525 0.0696323 0.1314856 0.1158923 0.1437683 0.1019306 0.1064855 0.1332512 0.1091010 0.1194489 0.1230059 0.1042467 0.0763021 0.0728360 0.1327929 0.0000000 0.0946106 0.0517912 0.1088168 0.1391084 0.1218641 0.1058988 0.0967218 0.1362659 0.1699017 0.1170826 0.1014537 0.0655476 0.1280012 0.1201717 0.1036945 0.0913513 0.0755477 0.0824413 0.1243518 0.1702818 0.1055217 0.1360181 0.1198911 0.0870377 0.1082465 0.0725127 0.0821722 0.0919226 0.0619089 0.1173447 0.0770710 0.1341302 0.1589502 0.0956945 0.1210306 0.0985584 0.0959151 0.1143672 0.1131333 0.1150420 0.1076396 0.1655876 0.0946485 0.1563279 0.1285641 0.1251186 0.1163534 0.1189539 0.1096420 0.1579254 0.0751795 0.1466131 0.1106805 0.1029517 0.1361962 0.0892653 0.1144390 0.1541065 0.0754730 0.1015503 0.1324276 0.1118959 0.1055583 0.1013303 0.1025953 0.1144055 0.1133147 0.1165642 0.1440904 0.1407014 0.0809251 0.1159271 0.1128109 0.1247592 0.0579828 0.0762228 0.0720373 0.1067444 0.0869037 0.1074595 0.1451576 0.1379576 0.1269341 0.0921792 0.0806330 0.1364929 0.0968217 0.1121890 0.0722386 0.0907845 0.1352036 0.1163986 0.0839953 0.1371293 0.0859319 0.1190341 0.0831745 0.0930429 0.1121377 0.1045788 0.1038480 0.1004808 0.1148987 0.1768695 0.0907503 0.1106824 0.1004385 0.0950923 
S0417         0.1761469 0.0699326 0.0896494 0.0388776 0.0807091 0.0630958 0.1025913 0.0282799 0.0727438 0.0708135 0.1146477 0.0415940 0.1055256 0.0972348 0.0287550 0.1063775 0.0278939 0.0731174 0.0922649 0.0840049 0.0644988 0.0634246 0.0546778 0.0946106 0.0000000 0.0249626 0.0778730 0.1040745 0.0292826 0.0560402 0.0846541 0.1060449 0.0993010 0.0359992 0.0763555 0.0603503 0.0373778 0.0234452 0.0465473 0.0696138 0.0739204 0.0621274 0.0986954 0.1139648 0.0750887 0.1027414 0.0581522 0.0678504 0.0608832 0.0477955 0.0662815 0.0674349 0.0351631 0.0812185 0.0608079 0.0335956 0.0948765 0.0359796 0.0325895 0.0574710 0.0747764 0.0625051 0.0642796 0.0666406 0.0593646 0.1306744 0.0708260 0.1092727 0.1137579 0.0980982 0.1045882 0.0711712 0.0643852 0.1075308 0.0577262 0.1085353 0.0645719 0.0590137 0.1013232 0.0715080 0.0716791 0.1086747 0.0605652 0.0818343 0.0605626 0.0202549 0.0442634 0.0365172 0.0841373 0.0270255 0.0290477 0.0966987 0.1055927 0.1096543 0.0702388 0.0928456 0.0634734 0.0727424 0.0559049 0.0617215 0.0598952 0.0497019 0.0709152 0.0302003 0.0804172 0.0826564 0.0410340 0.0663172 0.0627526 0.0424026 0.0736736 0.0443531 0.0619882 0.0697388 0.0804099 0.0624109 0.0696874 0.0372627 0.0646623 0.0262517 0.0640971 0.0721422 0.0615967 0.0592359 0.0370993 0.0603360 0.0633859 0.1072869 0.0733941 0.0628838 0.0702133 0.0490806 
S0419         0.1509217 0.0285204 0.0260172 0.0479182 0.0320523 0.0249253 0.0788944 0.0409049 0.0284634 0.0390758 0.0764043 0.0526640 0.0784794 0.0555627 0.0428640 0.0753420 0.0380698 0.0380028 0.0680206 0.0523269 0.0260639 0.0239893 0.0695155 0.0517912 0.0249626 0.0000000 0.0464502 0.0757335 0.0441448 0.0311660 0.0475840 0.0700068 0.0890677 0.0489535 0.0413289 0.0302730 0.0466552 0.0353998 0.0378225 0.0347643 0.0283598 0.0105887 0.0696336 0.0932324 0.0441577 0.0728335 0.0455703 0.0293911 0.0335112 0.0206832 0.0321112 0.0106180 0.0010396 0.0440025 0.0118858 0.0346757 0.0707917 0.0296602 0.0402439 0.0272705 0.0475293 0.0372074 0.0308271 0.0349022 0.0310543 0.0926375 0.0182298 0.0759583 0.0771759 0.0592886 0.0656803 0.0426949 0.0332812 0.0776581 0.0031053 0.0760035 0.0310223 0.0308551 0.0623044 0.0332123 0.0347263 0.0776400 0.0215090 0.0486782 0.0356361 0.0417110 0.0367439 0.0324010 0.0590329 0.0333131 0.0439726 0.0580093 0.0771243 0.0783528 0.0281904 0.0560522 0.0312157 0.0300215 0.0216279 0.0238471 0.0244189 0.0165588 0.0318245 0.0462759 0.0366973 0.0391874 0.0520794 0.0356435 0.0083605 0.0584610 0.0182995 0.0403436 0.0215721 0.0171691 0.0357841 0.0299908 0.0342284 0.0553254 0.0332216 0.0361385 0.0316858 0.0342656 0.0309480 0.0298198 0.0353841 0.0273617 0.0353508 0.0761543 0.0260462 0.0228552 0.0379570 0.0228381 
S0427         0.2150483 0.0716920 0.0867739 0.1131257 0.1087912 0.0603172 0.1169045 0.0998743 0.1019753 0.0833399 0.1103082 0.1157564 0.1255747 0.1097731 0.0971716 0.1219626 0.1039055 0.0967939 0.1270024 0.0610146 0.0616872 0.0595827 0.1283847 0.1088168 0.0778730 0.0464502 0.0000000 0.1255166 0.1016688 0.0820490 0.0827228 0.1229149 0.1219436 0.1107890 0.0775563 0.0634822 0.1052072 0.0911710 0.1059214 0.0692108 0.0697524 0.0840596 0.1127636 0.1537798 0.0802997 0.1210772 0.1051921 0.0633995 0.0929247 0.0825034 0.0697508 0.0883543 0.0601593 0.0965926 0.0822475 0.0957969 0.1301209 0.0939745 0.1025358 0.0842445 0.1016751 0.0943237 0.0854499 0.0917788 0.0860236 0.1325707 0.0907755 0.1364981 0.1224138 0.1090662 0.1197031 0.0951596 0.0833466 0.1347433 0.0795281 0.1333139 0.0874114 0.0962755 0.1149565 0.0770025 0.0953882 0.1390922 0.0638722 0.0856726 0.0913753 0.0999944 0.1021346 0.0957769 0.1036312 0.0875295 0.1020388 0.1167575 0.1273780 0.1268505 0.0649046 0.1101221 0.0857545 0.0931717 0.0558582 0.0616430 0.0570733 0.0771470 0.0751078 0.1046035 0.1040095 0.1019727 0.1107402 0.0680976 0.0859232 0.1193193 0.0923960 0.1022515 0.0616837 0.0923388 0.1021043 0.0901659 0.0640665 0.1066728 0.0669489 0.0890573 0.0588349 0.0628055 0.0832090 0.0901931 0.1003181 0.0833884 0.0973154 0.1297862 0.0856385 0.0871726 0.0554447 0.0819979 
S0430         0.2314992 0.1037149 0.1279601 0.1408773 0.1333496 0.0940323 0.0113892 0.1241756 0.1337321 0.1131004 0.1554678 0.1437914 0.0089599 0.0621188 0.1107326 0.0246107 0.1231157 0.1353634 0.1930160 0.1273103 0.0928962 0.0978637 0.1609787 0.1391084 0.1040745 0.0757335 0.1255166 0.0000000 0.1303920 0.1147074 0.1332236 0.0819918 0.0074750 0.1368734 0.1050252 0.1168362 0.1372897 0.1163205 0.1274873 0.1090137 0.0841114 0.1120933 0.0203276 0.1868545 0.1154714 0.0089792 0.1357984 0.1087245 0.1273006 0.1066177 0.1080911 0.1166791 0.0845355 0.1282981 0.1012252 0.1217142 0.0884793 0.1138449 0.1224587 0.1193622 0.0510105 0.1304204 0.1287819 0.1292519 0.1193737 0.1586962 0.1066978 0.1655989 0.1457059 0.0835610 0.0870908 0.1162340 0.1095852 0.1641946 0.1053286 0.1649831 0.1202916 0.1259648 0.0846326 0.1111516 0.1334494 0.1577780 0.0953458 0.1287040 0.1249849 0.1347856 0.1225216 0.1206929 0.0070611 0.1152142 0.1210551 0.0663330 0.0099508 0.0089144 0.1047658 0.0742708 0.1220131 0.1414100 0.0947991 0.0999772 0.0938414 0.1101135 0.1148476 0.1338445 0.1446668 0.1462299 0.1403744 0.1131615 0.1096142 0.1394871 0.1097809 0.1276660 0.0956080 0.1111419 0.1378234 0.1370487 0.1151741 0.1450128 0.1006154 0.1067099 0.1019769 0.1068435 0.1264793 0.1275095 0.1233943 0.1296534 0.1323062 0.1687357 0.1137358 0.1280245 0.1152076 0.1124719 
S0478         0.1892521 0.0881524 0.1052434 0.0653990 0.1073655 0.0772593 0.1285331 0.0478069 0.0892054 0.0876277 0.1317726 0.0615244 0.1319085 0.1245838 0.0531316 0.1311946 0.0493747 0.0870976 0.1193317 0.1096507 0.0825510 0.0817218 0.0774026 0.1218641 0.0292826 0.0441448 0.1016688 0.1303920 0.0000000 0.0815752 0.1129932 0.1313205 0.1299705 0.0552106 0.0942550 0.0817636 0.0581485 0.0368279 0.0616700 0.0904508 0.0928451 0.0851896 0.1217316 0.1325907 0.1042577 0.1273277 0.0799730 0.0858109 0.0908637 0.0633110 0.0857716 0.0920114 0.0553934 0.0991011 0.0804032 0.0476266 0.1146587 0.0486637 0.0473395 0.0812143 0.1011169 0.0814729 0.0846186 0.0887428 0.0797603 0.1719459 0.0898275 0.1285607 0.1408880 0.1164216 0.1228327 0.0897021 0.0838669 0.1242066 0.0817012 0.1268749 0.0859971 0.0793005 0.1156873 0.0894171 0.0902531 0.1241595 0.0760130 0.1015199 0.0862686 0.0480566 0.0581900 0.0516879 0.1073752 0.0370430 0.0529717 0.1164039 0.1337549 0.1346900 0.0857744 0.1142395 0.0840426 0.0897566 0.0739357 0.0825089 0.0755530 0.0677320 0.0883406 0.0388114 0.0974845 0.0998942 0.0608564 0.0830980 0.0843436 0.0586278 0.0927742 0.0556747 0.0800401 0.0887723 0.0951072 0.0829628 0.0838898 0.0591750 0.0840330 0.0423881 0.0794508 0.0929466 0.0805670 0.0794123 0.0506701 0.0791277 0.0876529 0.1256613 0.0940608 0.0857435 0.0945955 0.0727998 
