71
S0055       0.0000000 0.0905649 0.0968731 0.1800848 0.0656089 0.0483950 0.0987615 0.0853437 0.0862308 0.0835438 0.0604378 0.0870713 0.0860398 0.0742625 0.0804014 0.1474738 0.0664734 0.1627919 0.0377833 0.0811584 0.0925664 0.0486826 0.0662600 0.0787143 0.1406382 0.1140929 0.1607228 0.1427871 0.0804667 0.0725708 0.0800884 0.0865753 0.1052956 0.0783601 0.0682582 0.0737417 0.1084375 0.1520221 0.0615043 0.0793058 0.0804970 0.1055333 0.0646664 0.0732373 0.0609852 0.0436597 0.0998852 0.1533196 0.0500049 0.0224191 0.0865753 0.0800432 0.0847395 0.0810204 0.0426079 0.0608145 0.1611041 0.0428858 0.0983543 0.0665183 0.0655455 0.0747852 0.0547157 0.1755918 0.0607662 0.0798924 0.1593767 0.0787472 0.0482647 0.0784403 0.0677931 
S0282       0.0905649 0.0000000 0.1595273 0.2510956 0.0981292 0.1195988 0.1313096 0.1162367 0.0370119 0.0958187 0.0902149 0.1118627 0.1178464 0.1416726 0.0840694 0.1921284 0.0418853 0.2170333 0.0725082 0.1131813 0.1248220 0.0588259 0.0419362 0.0310704 0.1616709 0.1623352 0.1985422 0.1788040 0.1495551 0.1267069 0.1480021 0.1185777 0.1192808 0.1267252 0.0783213 0.0857599 0.1425164 0.1890294 0.0918644 0.0313005 0.1187855 0.1346430 0.0388683 0.0259466 0.1107723 0.0730121 0.1288243 0.2384297 0.0677736 0.0654167 0.1185777 0.0371281 0.1326980 0.1441163 0.0665314 0.0477276 0.2146650 0.0779438 0.1251541 0.0420879 0.0947676 0.1026040 0.1127578 0.1985422 0.1494503 0.1008720 0.2355096 0.0847398 0.0725872 0.0894933 0.1014819 
S0289       0.0968731 0.1595273 0.0000000 0.1360223 0.1179302 0.1251089 0.1616905 0.1077817 0.1558531 0.1282293 0.1155384 0.1239062 0.1467064 0.1360344 0.1339937 0.0935166 0.1382266 0.1067705 0.0966291 0.1173961 0.1545328 0.1092433 0.1168539 0.1457617 0.1002019 0.1542628 0.1506115 0.0910208 0.1399694 0.1492692 0.1499460 0.1087510 0.1770132 0.1826857 0.0884858 0.1502764 0.0724397 0.1422401 0.1178389 0.1468898 0.1165470 0.1818942 0.1259161 0.1396633 0.1108255 0.1125220 0.1673968 0.0882034 0.1054138 0.0757012 0.1087510 0.1484136 0.1392407 0.1208569 0.1181136 0.1244158 0.1138469 0.1103031 0.0698575 0.1309921 0.1285982 0.1461021 0.1249626 0.1650577 0.1183073 0.1248829 0.2130799 0.1372022 0.1253160 0.1152591 0.1342664 
S0299       0.1800848 0.2510956 0.1360223 0.0000000 0.1417308 0.1811782 0.2269579 0.1506156 0.2059941 0.1777947 0.1228833 0.2140113 0.1965027 0.2209845 0.1940714 0.1185198 0.2073811 0.0934634 0.1232264 0.1540584 0.1965027 0.1626844 0.1782151 0.2052254 0.1460362 0.1954245 0.2193365 0.1306934 0.2558967 0.2159649 0.2178429 0.1531506 0.2035393 0.1972131 0.1965132 0.1730995 0.1305260 0.2193365 0.1415556 0.2052254 0.1800388 0.2198008 0.1623185 0.1910215 0.2161860 0.1638817 0.2211812 0.1414805 0.1759187 0.1208815 0.1531506 0.2065311 0.2192551 0.1706601 0.1972131 0.1629505 0.1446903 0.1802370 0.0497184 0.1764658 0.1481253 0.1896568 0.1953501 0.2491837 0.1830738 0.2154316 0.3087304 0.1600433 0.1972131 0.1764658 0.1828898 
S0308       0.0656089 0.0981292 0.1179302 0.1417308 0.0000000 0.0725190 0.0400966 0.0713893 0.0935565 0.0811230 0.0279893 0.0659216 0.0282611 0.1034245 0.0876292 0.1426156 0.0853066 0.1587475 0.0471585 0.0598446 0.0342127 0.0525552 0.0716511 0.0785395 0.1037271 0.0663543 0.1100251 0.1000657 0.1251075 0.1023922 0.1172153 0.0587214 0.0460693 0.0866644 0.0874196 0.0811746 0.0879192 0.1086647 0.0227585 0.0727965 0.0286878 0.1161062 0.0703033 0.0793256 0.0797178 0.0605631 0.1017389 0.1810352 0.0679501 0.0238571 0.0587214 0.0735228 0.0659627 0.0738896 0.0465009 0.0657717 0.1492915 0.0593613 0.0497767 0.0654453 0.0578977 0.0751992 0.0598344 0.1168158 0.1095241 0.0802031 0.1373984 0.0459020 0.0527030 0.0644790 0.0671447 
S0335       0.0483950 0.1195988 0.1251089 0.1811782 0.0725190 0.0000000 0.1059395 0.0791470 0.1154993 0.0845258 0.0667330 0.0934325 0.0929577 0.0744970 0.1024964 0.1637393 0.0935501 0.1796249 0.0624864 0.0880846 0.0996323 0.0741157 0.0932188 0.1069060 0.1393731 0.1217294 0.1440802 0.1137375 0.0869774 0.0609170 0.0741213 0.0935403 0.1055588 0.0660668 0.1012365 0.1018582 0.1229589 0.1358297 0.0814642 0.1077230 0.0810770 0.0723200 0.0797047 0.1011556 0.0877745 0.0752293 0.0741838 0.1670534 0.0762271 0.0165637 0.0935403 0.1087744 0.0915336 0.0677748 0.0483146 0.0746326 0.1777143 0.0677437 0.0901796 0.0936118 0.0792677 0.0381989 0.0312944 0.1584063 0.0554315 0.0722725 0.1547987 0.0854254 0.0425966 0.0724602 0.0547075 
S0355       0.0987615 0.1313096 0.1616905 0.2269579 0.0400966 0.1059395 0.0000000 0.1042586 0.1274154 0.1238379 0.0600612 0.1072669 0.0101060 0.1170479 0.1218053 0.1806976 0.1186665 0.2201456 0.0804405 0.0932058 0.0152783 0.0854100 0.1047088 0.1118143 0.1242041 0.0930377 0.1395144 0.1428718 0.1378967 0.1372521 0.1302637 0.0985901 0.0792805 0.1136927 0.1215997 0.1087184 0.1241262 0.1378512 0.0438711 0.1063313 0.0675497 0.1504225 0.0980050 0.1128615 0.1134274 0.0885207 0.1189502 0.2068691 0.0956616 0.0522236 0.0985901 0.1073561 0.0991939 0.0986682 0.0793341 0.0990540 0.2017339 0.0800748 0.0807220 0.0985728 0.0908895 0.1097592 0.0932437 0.1462537 0.1373652 0.1053061 0.1917751 0.0782614 0.0856152 0.1034040 0.0926680 
S0376       0.0853437 0.1162367 0.1077817 0.1506156 0.0713893 0.0791470 0.1042586 0.0000000 0.1122005 0.0966259 0.0485309 0.0596847 0.0914969 0.1090400 0.1125651 0.1612291 0.0845802 0.1618596 0.0611303 0.0378987 0.0851574 0.0721347 0.0906674 0.1039201 0.1301780 0.1265545 0.1419451 0.0861279 0.1129402 0.1143023 0.1283118 0.0488974 0.1040700 0.0994196 0.0785148 0.1135790 0.1147956 0.1338390 0.0802423 0.1046950 0.0860552 0.1187008 0.0710315 0.0983286 0.0852734 0.0866366 0.0735341 0.1323313 0.0740593 0.0283046 0.0488974 0.1056885 0.0607787 0.0684682 0.0662802 0.0851258 0.1448995 0.0788873 0.0530271 0.0910382 0.0833512 0.0752012 0.0790720 0.1493968 0.1143843 0.0860125 0.1524530 0.0662565 0.0723129 0.0421357 0.0673678 
S0405       0.0862308 0.0370119 0.1558531 0.2059941 0.0935565 0.1154993 0.1274154 0.1122005 0.0000000 0.0816638 0.0858882 0.1077024 0.1137793 0.1378359 0.0925081 0.1800146 0.0371683 0.2048439 0.0679533 0.1089911 0.1208356 0.0542578 0.0372143 0.0262521 0.1579993 0.1587969 0.1787996 0.1754686 0.1458179 0.1364991 0.1442697 0.1144991 0.1287544 0.1227113 0.0738383 0.0813063 0.1386617 0.1695738 0.0874823 0.0153086 0.1147048 0.1307067 0.0338137 0.0101512 0.1066349 0.0619993 0.1247781 0.2114300 0.0630852 0.0604324 0.1144991 0.0207490 0.1287910 0.1402504 0.0619101 0.0367785 0.2025960 0.0734833 0.1069460 0.0373503 0.0905659 0.0981736 0.1085758 0.1787996 0.1457019 0.0964929 0.2329011 0.0928163 0.0680275 0.0786113 0.0970864 
S0412sl     0.0835438 0.0958187 0.1282293 0.1777947 0.0811230 0.0845258 0.1238379 0.0966259 0.0816638 0.0000000 0.0823127 0.0911089 0.1075130 0.1178496 0.0531409 0.1516404 0.0815153 0.1422757 0.0687952 0.1094873 0.1159359 0.0386615 0.0663968 0.0735536 0.1460903 0.1349158 0.1597667 0.1309679 0.1270529 0.1246541 0.1335679 0.1168265 0.1332273 0.1016186 0.0595850 0.0927964 0.1165230 0.1597667 0.0683071 0.0735536 0.0996008 0.0854880 0.0341221 0.0664200 0.0998622 0.0686332 0.1441461 0.2003124 0.0783882 0.0428137 0.1168265 0.0738086 0.1343034 0.1107231 0.0609050 0.0523354 0.1787937 0.0755218 0.0887098 0.0591594 0.0814616 0.0717642 0.0614319 0.1886121 0.1185733 0.0929984 0.2098099 0.0967077 0.0682740 0.0661290 0.0853108 
S0419       0.0604378 0.0902149 0.1155384 0.1228833 0.0279893 0.0667330 0.0600612 0.0485309 0.0858882 0.0823127 0.0000000 0.0675462 0.0485360 0.0947694 0.0868062 0.1311774 0.0784532 0.1532600 0.0434739 0.0379437 0.0543750 0.0484861 0.0659966 0.0784044 0.0957095 0.0917328 0.1210783 0.0926593 0.1144934 0.1003261 0.1073557 0.0432021 0.0778458 0.0799814 0.0802279 0.0869322 0.0876754 0.1134132 0.0378143 0.0789922 0.0546929 0.0919153 0.0581912 0.0729453 0.0858916 0.0557164 0.0934958 0.1580311 0.0624161 0.0054212 0.0432021 0.0797234 0.0549191 0.0681644 0.0429145 0.0605694 0.1444216 0.0546990 0.0451222 0.0662533 0.0652172 0.0559555 0.0607338 0.1347021 0.1003909 0.0672399 0.1517870 0.0260846 0.0486139 0.0537812 0.0554760 
S0427       0.0870713 0.1118627 0.1239062 0.2140113 0.0659216 0.0934325 0.1072669 0.0596847 0.1077024 0.0911089 0.0675462 0.0000000 0.0941189 0.1172900 0.0934184 0.1737472 0.0928284 0.1968517 0.0685996 0.0746329 0.1008815 0.0674162 0.0860826 0.0994156 0.1341443 0.1232885 0.1389378 0.1220349 0.1297222 0.1306853 0.1454113 0.0736961 0.1147049 0.1084118 0.0738217 0.1090473 0.1112625 0.1307015 0.0824920 0.1001711 0.0948859 0.1005893 0.0789224 0.0937478 0.0931533 0.0749764 0.1012859 0.1905817 0.0692411 0.0471027 0.0736961 0.1011345 0.0864952 0.1026546 0.0615150 0.0804615 0.1947093 0.0741835 0.0541890 0.0864376 0.0914368 0.0834002 0.0684431 0.1533142 0.1307898 0.0820512 0.1667550 0.0864757 0.0675880 0.0484877 0.0884311 
S0430       0.0860398 0.1178464 0.1467064 0.1965027 0.0282611 0.0929577 0.0101060 0.0914969 0.1137793 0.1075130 0.0485360 0.0941189 0.0000000 0.1174434 0.1081764 0.1650298 0.1054207 0.2035352 0.0680691 0.0805096 0.0050326 0.0730841 0.0918892 0.0987541 0.1103215 0.0803632 0.1251390 0.1287432 0.1383730 0.1231328 0.1307087 0.0858897 0.0670897 0.1004060 0.1079693 0.1019051 0.1102127 0.1236548 0.0324861 0.0932979 0.0555812 0.1360599 0.0845867 0.0996818 0.1001677 0.0757222 0.1056808 0.1904128 0.0890063 0.0400857 0.0858897 0.0941888 0.0864139 0.0859524 0.0671476 0.0862745 0.1857264 0.0799429 0.0719413 0.0858609 0.0785321 0.0962634 0.0805495 0.1317438 0.1232270 0.0924146 0.1761220 0.0662555 0.0732663 0.0907639 0.0800534 
S0552sl     0.0742625 0.1416726 0.1360344 0.2209845 0.1034245 0.0744970 0.1170479 0.1090400 0.1378359 0.1178496 0.0947694 0.1172900 0.1174434 0.0000000 0.1013049 0.1687221 0.1144520 0.2093954 0.0966624 0.1242156 0.1247545 0.0939549 0.1140246 0.1131957 0.1769841 0.1346980 0.1637198 0.1561462 0.0207850 0.0313736 0.0206762 0.1324132 0.1376656 0.1455821 0.1160728 0.1304680 0.1242314 0.1651498 0.0964940 0.1294894 0.1043877 0.1208175 0.1007272 0.1226215 0.1177289 0.1178788 0.1153504 0.2042122 0.1033373 0.0545368 0.1324132 0.1307848 0.1293880 0.0686199 0.0941674 0.0946361 0.1910014 0.0935037 0.1113899 0.0997938 0.1068970 0.0904301 0.0797524 0.1900411 0.0428629 0.1155156 0.2086854 0.1222211 0.0875084 0.1014342 0.1088236 
S0558       0.0804014 0.0840694 0.1339937 0.1940714 0.0876292 0.1024964 0.1218053 0.1125651 0.0925081 0.0531409 0.0868062 0.0934184 0.1081764 0.1013049 0.0000000 0.1725269 0.0848654 0.2152619 0.0743512 0.1163280 0.1152164 0.0602442 0.0721710 0.0716818 0.1682482 0.1239762 0.1784196 0.1539883 0.1163204 0.1212023 0.1156626 0.1218633 0.1206951 0.1225024 0.0740270 0.1151762 0.1328858 0.1799937 0.0819107 0.0854470 0.0884154 0.1304921 0.0516170 0.0793095 0.1069747 0.0744527 0.1310675 0.2054185 0.0889893 0.0605040 0.1218633 0.0862450 0.1364539 0.1106880 0.0804777 0.0667040 0.1956400 0.0799271 0.1111167 0.0598086 0.0972051 0.0978523 0.0873537 0.2055559 0.1298809 0.1172089 0.2248006 0.1067392 0.0868631 0.0983702 0.1114478 
S0624       0.1474738 0.1921284 0.0935166 0.1185198 0.1426156 0.1637393 0.1806976 0.1612291 0.1800146 0.1516404 0.1311774 0.1737472 0.1650298 0.1687221 0.1725269 0.0000000 0.1778458 0.0656335 0.1327318 0.1722442 0.1732537 0.1460766 0.1468714 0.1777219 0.1011975 0.2083430 0.1378698 0.0994620 0.1923409 0.1746515 0.1912072 0.1625649 0.1920016 0.2268970 0.1326067 0.1826150 0.0731316 0.1296944 0.1412035 0.1704348 0.1578861 0.2172898 0.1484061 0.1629036 0.1661243 0.0919941 0.1907127 0.1243347 0.1606835 0.1126234 0.1625649 0.1620018 0.1979294 0.1753813 0.1561982 0.1476116 0.0779368 0.1475115 0.0373302 0.1619594 0.1665012 0.1798252 0.1635295 0.1521583 0.1417578 0.1635891 0.2849971 0.1612183 0.1640012 0.1380140 0.1740768 
S0643       0.0664734 0.0418853 0.1382266 0.2073811 0.0853066 0.0935501 0.1186665 0.0845802 0.0371683 0.0815153 0.0784532 0.0928284 0.1054207 0.1144520 0.0848654 0.1778458 0.0000000 0.2023116 0.0609656 0.0938986 0.0988285 0.0478307 0.0421119 0.0311973 0.1478695 0.1489834 0.1842382 0.1650797 0.1142322 0.1133844 0.1206291 0.0993227 0.1061865 0.1273985 0.0606377 0.0738712 0.1293327 0.1749831 0.0798752 0.0314295 0.1062670 0.1353717 0.0332715 0.0260518 0.0919364 0.0613889 0.1295213 0.1946527 0.0500848 0.0594041 0.0993227 0.0372850 0.1129465 0.1307942 0.0668386 0.0368834 0.2001214 0.0663982 0.0979138 0.0422657 0.0831251 0.0961964 0.0870412 0.1924660 0.1217621 0.1013887 0.2114413 0.0975634 0.0729272 0.0778339 0.0885373 
S0645sl     0.1627919 0.2170333 0.1067705 0.0934634 0.1587475 0.1796249 0.2201456 0.1618596 0.2048439 0.1422757 0.1532600 0.1968517 0.2035352 0.2093954 0.2152619 0.0656335 0.2023116 0.0000000 0.1325274 0.1729327 0.2123339 0.1466416 0.1699178 0.2021794 0.1420424 0.2258375 0.1823749 0.1260781 0.2259714 0.2071531 0.2246503 0.1632028 0.2371451 0.2450141 0.1551851 0.1993061 0.1108412 0.1732426 0.1715212 0.1946388 0.1737616 0.2190167 0.1730614 0.1868081 0.1822914 0.1260060 0.2194949 0.1634417 0.1768831 0.1279644 0.1632028 0.1857890 0.1987301 0.1681447 0.1718725 0.1708340 0.1044271 0.1628347 0.0778243 0.1856994 0.1374891 0.1976277 0.1793885 0.1976757 0.1721588 0.1794310 0.2474616 0.1768086 0.1799093 0.1385427 0.1904352 
S0689       0.0377833 0.0725082 0.0966291 0.1232264 0.0471585 0.0624864 0.0804405 0.0611303 0.0679533 0.0687952 0.0434739 0.0685996 0.0680691 0.0966624 0.0743512 0.1327318 0.0609656 0.1325274 0.0000000 0.0509994 0.0743781 0.0319808 0.0431701 0.0609299 0.1121360 0.1081110 0.1315530 0.1150110 0.1034302 0.0886067 0.1028418 0.0622523 0.0799153 0.0748099 0.0623085 0.0618785 0.0822222 0.1234784 0.0442291 0.0613930 0.0686198 0.0958778 0.0462843 0.0555035 0.0615194 0.0383224 0.0895019 0.1618809 0.0385599 0.0228569 0.0622523 0.0619578 0.0748535 0.0897878 0.0381249 0.0435705 0.1461259 0.0320901 0.0624145 0.0378102 0.0208229 0.0586193 0.0628129 0.1457569 0.0816204 0.0762865 0.1421607 0.0612117 0.0438776 0.0607275 0.0638873 
S0720       0.0811584 0.1131813 0.1173961 0.1540584 0.0598446 0.0880846 0.0932058 0.0378987 0.1089911 0.1094873 0.0379437 0.0746329 0.0805096 0.1242156 0.1163280 0.1722442 0.0938986 0.1729327 0.0509994 0.0000000 0.0870110 0.0681602 0.0870608 0.1005742 0.1257620 0.1287725 0.1353061 0.1008918 0.1373607 0.1321451 0.1399911 0.0318273 0.1128061 0.1026995 0.0884316 0.1103678 0.1081049 0.1273106 0.0691606 0.1013466 0.0875218 0.1313746 0.0729571 0.0948389 0.0792946 0.0828583 0.0888262 0.1388640 0.0700269 0.0289985 0.0318273 0.1023333 0.0431548 0.0760296 0.0621880 0.0813756 0.1552236 0.0750170 0.0624825 0.0749080 0.0736773 0.0840330 0.0815930 0.1493150 0.1322525 0.0887973 0.1298452 0.0555170 0.0683353 0.0675263 0.0761584 
S0724sl     0.0925664 0.1248220 0.1545328 0.1965027 0.0342127 0.0996323 0.0152783 0.0851574 0.1208356 0.1159359 0.0543750 0.1008815 0.0050326 0.1247545 0.1152164 0.1732537 0.0988285 0.2123339 0.0743781 0.0870110 0.0000000 0.0793806 0.0984782 0.1054811 0.1174982 0.0868534 0.1326034 0.1360869 0.1459827 0.1304593 0.1381813 0.0924052 0.0610567 0.1072536 0.1150091 0.1088659 0.1174041 0.1310226 0.0382210 0.0999999 0.0616591 0.1435405 0.0914654 0.1064726 0.1070003 0.0822655 0.1125306 0.1821352 0.0957912 0.0462160 0.0924052 0.1009611 0.0929714 0.0924756 0.0733610 0.0928299 0.1941720 0.0863916 0.0719413 0.0923817 0.0848565 0.0962634 0.0870508 0.1326034 0.1305634 0.0990418 0.1843610 0.0723753 0.0795751 0.0972588 0.0737978 
S0742       0.0486826 0.0588259 0.1092433 0.1626844 0.0525552 0.0741157 0.0854100 0.0721347 0.0542578 0.0386615 0.0484861 0.0674162 0.0730841 0.0939549 0.0602442 0.1460766 0.0478307 0.1466416 0.0319808 0.0681602 0.0793806 0.0000000 0.0365503 0.0478051 0.1251857 0.1130493 0.1447901 0.1277156 0.1010330 0.0931026 0.0999585 0.0735352 0.0858668 0.0930980 0.0488274 0.0675943 0.0944076 0.1364806 0.0493217 0.0481598 0.0736663 0.0874853 0.0332228 0.0425805 0.0667899 0.0435859 0.1012554 0.1857629 0.0441267 0.0284751 0.0735352 0.0485864 0.0863178 0.0954632 0.0374937 0.0313565 0.1595895 0.0372601 0.0623848 0.0366812 0.0422024 0.0697712 0.0679082 0.1592120 0.1008584 0.0813967 0.1777679 0.0661852 0.0431476 0.0597139 0.0690567 
S0756       0.0662600 0.0419362 0.1168539 0.1782151 0.0716511 0.0932188 0.1047088 0.0906674 0.0372143 0.0663968 0.0659966 0.0860826 0.0918892 0.1140246 0.0721710 0.1468714 0.0421119 0.1699178 0.0431701 0.0870608 0.0984782 0.0365503 0.0000000 0.0312344 0.1331989 0.1337991 0.1605436 0.1287666 0.1214564 0.1129655 0.1201754 0.0796294 0.1058018 0.0999544 0.0545520 0.0616194 0.1016263 0.1518550 0.0671655 0.0314680 0.0926226 0.1073075 0.0274528 0.0260836 0.0852645 0.0493020 0.1015623 0.1877393 0.0383942 0.0405214 0.0796294 0.0317425 0.0925773 0.1088324 0.0432649 0.0258870 0.1681473 0.0429914 0.0711550 0.0205466 0.0707271 0.0763881 0.0867381 0.1605436 0.1149442 0.0881283 0.2021326 0.0724126 0.0490139 0.0654904 0.0755926 
S0763       0.0787143 0.0310704 0.1457617 0.2052254 0.0785395 0.1069060 0.1118143 0.1039201 0.0262521 0.0735536 0.0784044 0.0994156 0.0987541 0.1131957 0.0716818 0.1777219 0.0311973 0.2021794 0.0609299 0.1005742 0.1054811 0.0478051 0.0312344 0.0000000 0.1477618 0.1415909 0.1733733 0.1649650 0.1205660 0.1121518 0.1193019 0.1060073 0.1129831 0.1070787 0.0666614 0.0738253 0.1292408 0.1748620 0.0735722 0.0207221 0.0995460 0.1215829 0.0275553 0.0154580 0.0919768 0.0613526 0.1157621 0.2057197 0.0560795 0.0531131 0.1060073 0.0156318 0.1198499 0.1150594 0.0550555 0.0368648 0.1999910 0.0663586 0.0984928 0.0204172 0.0830736 0.0898799 0.0923049 0.1841124 0.1204086 0.0883828 0.2202583 0.0850928 0.0609934 0.0777860 0.0889133 
S0827       0.1406382 0.1616709 0.1002019 0.1460362 0.1037271 0.1393731 0.1242041 0.1301780 0.1579993 0.1460903 0.0957095 0.1341443 0.1103215 0.1769841 0.1682482 0.1011975 0.1478695 0.1420424 0.1121360 0.1257620 0.1174982 0.1251857 0.1331989 0.1477618 0.0000000 0.1691135 0.1152861 0.0673861 0.2008793 0.1829092 0.1996982 0.1174861 0.1619844 0.1746402 0.1501738 0.1685527 0.0439014 0.1076863 0.1121209 0.1489142 0.1336049 0.1818232 0.1345270 0.1416054 0.1742567 0.1147806 0.1712628 0.1299848 0.1384861 0.0819965 0.1174861 0.1584936 0.1490185 0.1395497 0.1182787 0.1411794 0.1573634 0.1264178 0.0296504 0.1479700 0.1451788 0.1461929 0.1251123 0.1288773 0.1643635 0.1315449 0.2506000 0.1165048 0.1254652 0.1290192 0.1245780 
S0888       0.1140929 0.1623352 0.1542628 0.1954245 0.0663543 0.1217294 0.0930377 0.1265545 0.1587969 0.1349158 0.0917328 0.1232885 0.0803632 0.1346980 0.1239762 0.2083430 0.1489834 0.2258375 0.1081110 0.1287725 0.0868534 0.1130493 0.1337991 0.1415909 0.1691135 0.0000000 0.1950373 0.1672167 0.1566817 0.1550735 0.1485631 0.1342318 0.1196922 0.1512935 0.1422656 0.1371451 0.1626234 0.1926471 0.0881327 0.1359504 0.0315494 0.1839176 0.1228358 0.1429267 0.1297081 0.1234493 0.1549255 0.2194041 0.1322194 0.0730586 0.1342318 0.1373140 0.1350736 0.1181217 0.1065467 0.1279705 0.2131809 0.1209117 0.0984368 0.1273231 0.1186781 0.1405487 0.1218590 0.2023906 0.1552145 0.1342538 0.1946954 0.1115694 0.1133022 0.1187162 0.1305505 
S0894       0.1607228 0.1985422 0.1506115 0.2193365 0.1100251 0.1440802 0.1395144 0.1419451 0.1787996 0.1597667 0.1210783 0.1389378 0.1251390 0.1637198 0.1784196 0.1378698 0.1842382 0.1823749 0.1315530 0.1353061 0.1326034 0.1447901 0.1605436 0.1733733 0.1152861 0.1950373 0.0000000 0.1045123 0.1937780 0.1765203 0.1926676 0.1356714 0.1304117 0.1967107 0.1708268 0.1980667 0.0940091 0.0049818 0.1119558 0.1855109 0.1467515 0.1864085 0.1483845 0.1778295 0.1764964 0.1346959 0.1793934 0.1920906 0.1670165 0.1095005 0.1356714 0.1874972 0.1506283 0.1374787 0.1377107 0.1459363 0.2151495 0.1535959 0.0795540 0.1580458 0.1357748 0.1431269 0.1282847 0.0203830 0.1587425 0.1618116 0.2683039 0.1427238 0.1302623 0.1336850 0.1544420 
S0899       0.1427871 0.1788040 0.0910208 0.1306934 0.1000657 0.1137375 0.1428718 0.0861279 0.1754686 0.1309679 0.0926593 0.1220349 0.1287432 0.1561462 0.1539883 0.0994620 0.1650797 0.1260781 0.1150110 0.1008918 0.1360869 0.1277156 0.1287666 0.1649650 0.0673861 0.1672167 0.1045123 0.0000000 0.1858889 0.1688827 0.1848217 0.1000799 0.1635754 0.1676729 0.1521069 0.1626956 0.0490046 0.0973746 0.1228483 0.1662066 0.1221865 0.1669777 0.1302501 0.1588904 0.1606731 0.1176490 0.1457415 0.1293356 0.1337078 0.0798629 0.1000799 0.1679252 0.1293302 0.1166194 0.1209816 0.1433248 0.1264118 0.1222139 0.0292183 0.1499329 0.1471801 0.1255652 0.1136132 0.1174195 0.1514164 0.1437356 0.2341763 0.1127318 0.1279899 0.0919971 0.1367159 
S0956       0.0804667 0.1495551 0.1399694 0.2558967 0.1251075 0.0869774 0.1378967 0.1129402 0.1458179 0.1270529 0.1144934 0.1297222 0.1383730 0.0207850 0.1163204 0.1923409 0.1142322 0.2259714 0.1034302 0.1373607 0.1459827 0.1010330 0.1214564 0.1205660 0.2008793 0.1566817 0.1937780 0.1858889 0.0000000 0.0423082 0.0206074 0.1428613 0.1447750 0.1529789 0.1141699 0.1383279 0.1628547 0.1954995 0.1166244 0.1372668 0.1249999 0.1283835 0.1165068 0.1302918 0.1157679 0.1264583 0.1313234 0.1976251 0.1016702 0.0608947 0.1428613 0.1386517 0.1396541 0.0886688 0.1012723 0.1017754 0.2070306 0.1005491 0.1197698 0.1069259 0.1136070 0.1046398 0.0922017 0.2216813 0.0541996 0.1291766 0.2114342 0.1429565 0.0944826 0.1150099 0.1223388 
S0959       0.0725708 0.1267069 0.1492692 0.2159649 0.1023922 0.0609170 0.1372521 0.1143023 0.1364991 0.1246541 0.1003261 0.1306853 0.1231328 0.0313736 0.1212023 0.1746515 0.1133844 0.2071531 0.0886067 0.1321451 0.1304593 0.0931026 0.1129655 0.1121518 0.1829092 0.1550735 0.1765203 0.1688827 0.0423082 0.0000000 0.0420873 0.1377248 0.1293808 0.1280439 0.1149731 0.1137962 0.1465841 0.1780598 0.1021474 0.1282538 0.1169009 0.1196846 0.1075579 0.1214582 0.1015208 0.1023408 0.1229947 0.1982326 0.0879445 0.0536428 0.1377248 0.1295247 0.1346024 0.0878215 0.0933097 0.0937710 0.1889964 0.0790250 0.1303436 0.0988883 0.1059151 0.0969294 0.0790516 0.2032629 0.0311342 0.1144277 0.2064542 0.1278179 0.0867196 0.1066640 0.1078051 
S0960       0.0800884 0.1480021 0.1499460 0.2178429 0.1172153 0.0741213 0.1302637 0.1283118 0.1442697 0.1335679 0.1073557 0.1454113 0.1307087 0.0206762 0.1156626 0.1912072 0.1206291 0.2246503 0.1028418 0.1399911 0.1381813 0.0999585 0.1201754 0.1193019 0.1996982 0.1485631 0.1926676 0.1848217 0.0206074 0.0420873 0.0000000 0.1455827 0.1512208 0.1521059 0.1290903 0.1300083 0.1619159 0.1943715 0.1093300 0.1358147 0.1174997 0.1337174 0.1151867 0.1289074 0.1241006 0.1250797 0.1235198 0.2200908 0.1095703 0.0541542 0.1455827 0.1371736 0.1422546 0.0881717 0.1001919 0.1006860 0.2058245 0.0994832 0.1307823 0.1057992 0.1129778 0.1040371 0.0916997 0.2204008 0.0539123 0.1284504 0.2168857 0.1353477 0.0934736 0.1203434 0.1082501 
S1083       0.0865753 0.1185777 0.1087510 0.1531506 0.0587214 0.0935403 0.0985901 0.0488974 0.1144991 0.1168265 0.0432021 0.0736961 0.0858897 0.1324132 0.1218633 0.1625649 0.0993227 0.1632028 0.0622523 0.0318273 0.0924052 0.0735352 0.0796294 0.1060073 0.1174861 0.1342318 0.1356714 0.1000799 0.1428613 0.1377248 0.1455827 0.0000000 0.1181862 0.1082317 0.0939155 0.1159327 0.1024666 0.1276691 0.0746107 0.1068111 0.0929402 0.1230643 0.0790293 0.1003082 0.0846041 0.0883836 0.1160915 0.1450965 0.0755353 0.0346615 0.0000010 0.1078441 0.0207882 0.0823394 0.0675630 0.0868136 0.1615093 0.0804411 0.0705461 0.0928447 0.0912946 0.0900166 0.0870404 0.1496813 0.1312268 0.0942945 0.1493201 0.0608238 0.0737199 0.0666985 0.0816635 
S1120       0.1052956 0.1192808 0.1770132 0.2035393 0.0460693 0.1055588 0.0792805 0.1040700 0.1287544 0.1332273 0.0778458 0.1147049 0.0670897 0.1376656 0.1206951 0.1920016 0.1061865 0.2371451 0.0799153 0.1128061 0.0610567 0.0858668 0.1058018 0.1129831 0.1619844 0.1196922 0.1304117 0.1635754 0.1447750 0.1293808 0.1512208 0.1181862 0.0000000 0.1274997 0.1228958 0.1230873 0.1446156 0.1288794 0.0619151 0.1074555 0.0797821 0.1436360 0.1056022 0.1140490 0.1209610 0.0953984 0.1277182 0.2060326 0.1096743 0.0715468 0.1181862 0.1084998 0.1189133 0.1218794 0.0860851 0.0869198 0.2181042 0.0995880 0.0874300 0.0996089 0.0845205 0.0957793 0.1062122 0.1304117 0.1434518 0.1276631 0.2251115 0.0967793 0.0796670 0.1105315 0.1006442 
S1201sl     0.0783601 0.1267252 0.1826857 0.1972131 0.0866644 0.0660668 0.1136927 0.0994196 0.1227113 0.1016186 0.0799814 0.1084118 0.1004060 0.1455821 0.1225024 0.2268970 0.1273985 0.2450141 0.0748099 0.1026995 0.1072536 0.0930980 0.0999544 0.1070787 0.1746402 0.1512935 0.1967107 0.1676729 0.1529789 0.1280439 0.1521059 0.1082317 0.1274997 0.0000000 0.1306353 0.1223083 0.1639966 0.1942827 0.0822635 0.1147584 0.1078791 0.0859582 0.0934543 0.1080983 0.1069849 0.0945081 0.1075379 0.2228530 0.0957887 0.0342649 0.1082317 0.1158869 0.1058527 0.1150411 0.0541586 0.1072183 0.2421749 0.0863982 0.1203715 0.0937650 0.1048545 0.0565454 0.0553074 0.2041272 0.1220700 0.0740973 0.2115669 0.0868224 0.0599919 0.0986981 0.0741791 
S1211       0.0682582 0.0783213 0.0884858 0.1965132 0.0874196 0.1012365 0.1215997 0.0785148 0.0738383 0.0595850 0.0802279 0.0738217 0.1079693 0.1160728 0.0740270 0.1326067 0.0606377 0.1551851 0.0623085 0.0884316 0.1150091 0.0488274 0.0545520 0.0666614 0.1501738 0.1422656 0.1708268 0.1521069 0.1141699 0.1149731 0.1290903 0.0939155 0.1228958 0.1306353 0.0000000 0.1021062 0.1167071 0.1617593 0.0817187 0.0671658 0.0999350 0.1227773 0.0584675 0.0612235 0.0741831 0.0442311 0.1236582 0.1597403 0.0628905 0.0539882 0.0939155 0.0677851 0.1075367 0.1180404 0.0683251 0.0491457 0.1458232 0.0678647 0.0802444 0.0547602 0.0849898 0.0981324 0.0881957 0.1861853 0.1098619 0.0744598 0.1818091 0.0998569 0.0745704 0.0788108 0.0961942 
S1235sl     0.0737417 0.0857599 0.1502764 0.1730995 0.0811746 0.1018582 0.1087184 0.1135790 0.0813063 0.0927964 0.0869322 0.1090473 0.1019051 0.1304680 0.1151762 0.1826150 0.0738712 0.1993061 0.0618785 0.1103678 0.1088659 0.0675943 0.0616194 0.0738253 0.1685527 0.1371451 0.1980667 0.1626956 0.1383279 0.1137962 0.1300083 0.1159327 0.1230873 0.1223083 0.1021062 0.0000000 0.1331554 0.1882768 0.0821875 0.0622575 0.1027452 0.1365585 0.0659380 0.0682886 0.0866271 0.0685994 0.1481898 0.2165564 0.0264680 0.0607703 0.1159327 0.0568054 0.1166699 0.1420792 0.0748857 0.0680574 0.1813632 0.0317405 0.0978227 0.0739212 0.0916485 0.1132056 0.1099426 0.1980667 0.1138772 0.1112069 0.2148723 0.1068678 0.0812319 0.0862196 0.1119073 
S1239       0.1084375 0.1425164 0.0724397 0.1305260 0.0879192 0.1229589 0.1241262 0.1147956 0.1386617 0.1165230 0.0876754 0.1112625 0.1102127 0.1242314 0.1328858 0.0731316 0.1293327 0.1108412 0.0822222 0.1081049 0.1174041 0.0944076 0.1016263 0.1292408 0.0439014 0.1626234 0.0940091 0.0490046 0.1628547 0.1465841 0.1619159 0.1024666 0.1446156 0.1639966 0.1167071 0.1331554 0.0000000 0.0869244 0.0893398 0.1302337 0.1172727 0.1633027 0.1082673 0.1233071 0.1387037 0.0840282 0.1540029 0.1299232 0.1054174 0.0744393 0.1024666 0.1315471 0.1325663 0.1236146 0.1026863 0.1087860 0.1247947 0.0953079 0.0218297 0.1151388 0.1131084 0.1126123 0.1092628 0.1069779 0.1300225 0.1248877 0.2254520 0.1078551 0.1095659 0.1071144 0.1179629 
S1245       0.1520221 0.1890294 0.1422401 0.2193365 0.1086647 0.1358297 0.1378512 0.1338390 0.1695738 0.1597667 0.1134132 0.1307015 0.1236548 0.1651498 0.1799937 0.1296944 0.1749831 0.1732426 0.1234784 0.1273106 0.1310226 0.1364806 0.1518550 0.1748620 0.1076863 0.1926471 0.0049818 0.0973746 0.1954995 0.1780598 0.1943715 0.1276691 0.1288794 0.1942827 0.1617593 0.1882768 0.0869244 0.0000000 0.1106252 0.1761868 0.1449972 0.1770238 0.1394292 0.1686698 0.1743666 0.1263774 0.1701342 0.1826637 0.1578811 0.1015254 0.1276691 0.1780451 0.1422833 0.1386250 0.1295574 0.1375429 0.2052468 0.1450333 0.0703000 0.1593824 0.1277553 0.1345723 0.1363895 0.0151060 0.1600884 0.1530444 0.2568170 0.1345749 0.1222854 0.1258201 0.1458324 
S1260       0.0615043 0.0918644 0.1178389 0.1415556 0.0227585 0.0814642 0.0438711 0.0802423 0.0874823 0.0683071 0.0378143 0.0824920 0.0324861 0.0964940 0.0819107 0.1412035 0.0798752 0.1715212 0.0442291 0.0691606 0.0382210 0.0493217 0.0671655 0.0735722 0.1121209 0.0881327 0.1119558 0.1228483 0.1166244 0.1021474 0.1093300 0.0746107 0.0619151 0.0822635 0.0817187 0.0821875 0.0893398 0.1106252 0.0000000 0.0742662 0.0503593 0.1239633 0.0648658 0.0742662 0.0746081 0.0567127 0.1093109 0.1871651 0.0635552 0.0286256 0.0746107 0.0749637 0.0812984 0.0888127 0.0560274 0.0616423 0.1622288 0.0556582 0.0733332 0.0613557 0.0546958 0.0843646 0.0691453 0.1254615 0.1022161 0.0813934 0.1797512 0.0553275 0.0620780 0.0795417 0.0690489 
S1278       0.0793058 0.0313005 0.1468898 0.2052254 0.0727965 0.1077230 0.1063313 0.1046950 0.0153086 0.0735536 0.0789922 0.1001711 0.0932979 0.1294894 0.0854470 0.1704348 0.0314295 0.1946388 0.0613930 0.1013466 0.0999999 0.0481598 0.0314680 0.0207221 0.1489142 0.1359504 0.1855109 0.1662066 0.1372668 0.1282538 0.1358147 0.1068111 0.1074555 0.1147584 0.0671658 0.0622575 0.1302337 0.1761868 0.0742662 0.0000000 0.0940533 0.1225150 0.0277742 0.0050104 0.0991939 0.0555518 0.1166583 0.2008141 0.0565141 0.0535488 0.1068111 0.0050653 0.1074764 0.1317126 0.0554747 0.0311034 0.1771988 0.0668582 0.0975007 0.0315807 0.0836849 0.0905905 0.1009650 0.1702644 0.1371336 0.0890702 0.2219226 0.0857325 0.0614576 0.0719478 0.0896095 
S1315       0.0804970 0.1187855 0.1165470 0.1800388 0.0286878 0.0810770 0.0675497 0.0860552 0.1147048 0.0996008 0.0546929 0.0948859 0.0555812 0.1043877 0.0884154 0.1578861 0.1062670 0.1737616 0.0686198 0.0875218 0.0616591 0.0736663 0.0926226 0.0995460 0.1336049 0.0315494 0.1467515 0.1221865 0.1249999 0.1169009 0.1174997 0.0929402 0.0797821 0.1078791 0.0999350 0.1027452 0.1172727 0.1449972 0.0503593 0.0940533 0.0000000 0.1371787 0.0792790 0.1004872 0.0880948 0.0821768 0.1103299 0.1752359 0.0897427 0.0404949 0.0929402 0.0949571 0.0935121 0.0831851 0.0676836 0.0869687 0.1629356 0.0805854 0.0461022 0.0865487 0.0791524 0.0970651 0.0812012 0.1535563 0.1169877 0.0929593 0.1720081 0.0727931 0.0738518 0.0791733 0.0886952 
S1332       0.1055333 0.1346430 0.1818942 0.2198008 0.1161062 0.0723200 0.1504225 0.1187008 0.1307067 0.0854880 0.0919153 0.1005893 0.1360599 0.1208175 0.1304921 0.2172898 0.1353717 0.2190167 0.0958778 0.1313746 0.1435405 0.0874853 0.1073075 0.1215829 0.1818232 0.1839176 0.1864085 0.1669777 0.1283835 0.1196846 0.1337174 0.1230643 0.1436360 0.0859582 0.1227773 0.1365585 0.1633027 0.1770238 0.1239633 0.1225150 0.1371787 0.0000000 0.1081593 0.1157196 0.1376282 0.1169075 0.1002867 0.2435484 0.1093576 0.0527927 0.1230643 0.1237354 0.1203065 0.1149053 0.0603415 0.1010124 0.2323749 0.0993040 0.1178276 0.1077748 0.0932209 0.0266112 0.0725835 0.1864085 0.1138099 0.0929643 0.2056472 0.1137154 0.0544026 0.1043615 0.0866828 
S1369       0.0646664 0.0388683 0.1259161 0.1623185 0.0703033 0.0797047 0.0980050 0.0710315 0.0338137 0.0341221 0.0581912 0.0789224 0.0845867 0.1007272 0.0516170 0.1484061 0.0332715 0.1730614 0.0462843 0.0729571 0.0914654 0.0332228 0.0274528 0.0275553 0.1345270 0.1228358 0.1483845 0.1302501 0.1165068 0.1075579 0.1151867 0.0790293 0.1056022 0.0934543 0.0584675 0.0659380 0.1082673 0.1394292 0.0648658 0.0277742 0.0792790 0.1081593 0.0000000 0.0220921 0.0783731 0.0463002 0.0858879 0.1907961 0.0470201 0.0426458 0.0790293 0.0337320 0.0928942 0.0940264 0.0462587 0.0276311 0.1721069 0.0519888 0.0944855 0.0275553 0.0694474 0.0746671 0.0795546 0.1561121 0.1163319 0.0797528 0.2026875 0.0712119 0.0524355 0.0514953 0.0733862 
S1370       0.0732373 0.0259466 0.1396633 0.1910215 0.0793256 0.1011556 0.1128615 0.0983286 0.0101512 0.0664200 0.0729453 0.0937478 0.0996818 0.1226215 0.0793095 0.1629036 0.0260518 0.1868081 0.0555035 0.0948389 0.1064726 0.0425805 0.0260836 0.0154580 0.1416054 0.1429267 0.1778295 0.1588904 0.1302918 0.1214582 0.1289074 0.1003082 0.1140490 0.1080983 0.0612235 0.0682886 0.1233071 0.1686698 0.0742662 0.0050104 0.1004872 0.1157196 0.0220921 0.0000000 0.0928382 0.0497169 0.1098764 0.1927165 0.0505769 0.0473121 0.1003082 0.0101841 0.1140743 0.1247083 0.0496506 0.0257821 0.1848114 0.0609526 0.0887014 0.0261759 0.0776862 0.0840498 0.0944821 0.1778295 0.1301463 0.0826530 0.2137039 0.0795759 0.0555601 0.0660492 0.0831501 
S1375       0.0609852 0.1107723 0.1108255 0.2161860 0.0797178 0.0877745 0.1134274 0.0852734 0.1066349 0.0998622 0.0858916 0.0931533 0.1001677 0.1177289 0.1069747 0.1661243 0.0919364 0.1822914 0.0615194 0.0792946 0.1070003 0.0667899 0.0852645 0.0919768 0.1742567 0.1297081 0.1764964 0.1606731 0.1157679 0.1015208 0.1241006 0.0846041 0.1209610 0.1069849 0.0741831 0.0866271 0.1387037 0.1743666 0.0746081 0.0991939 0.0880948 0.1376282 0.0783731 0.0928382 0.0000000 0.0617797 0.1320762 0.1559586 0.0495767 0.0536593 0.0846041 0.1001388 0.0975263 0.1188007 0.0739830 0.0796957 0.1803222 0.0545064 0.0998681 0.0793181 0.0905715 0.1117785 0.1023028 0.1990219 0.0885978 0.1240935 0.1602379 0.0989879 0.0802527 0.0855987 0.1105121 
S1381       0.0436597 0.0730121 0.1125220 0.1638817 0.0605631 0.0752293 0.0885207 0.0866366 0.0619993 0.0686332 0.0557164 0.0749764 0.0757222 0.1178788 0.0744527 0.0919941 0.0613889 0.1260060 0.0383224 0.0828583 0.0822655 0.0435859 0.0493020 0.0613526 0.1147806 0.1234493 0.1346959 0.1176490 0.1264583 0.1023408 0.1250797 0.0883836 0.0953984 0.0945081 0.0442311 0.0685994 0.0840282 0.1263774 0.0567127 0.0555518 0.0821768 0.1169075 0.0463002 0.0497169 0.0617797 0.0000000 0.1110081 0.1562345 0.0447806 0.0351664 0.0883836 0.0560617 0.1019442 0.1120952 0.0501223 0.0381433 0.1328329 0.0377951 0.0473891 0.0494897 0.0664955 0.0849076 0.0825445 0.1492900 0.0958304 0.0826376 0.1918228 0.0741984 0.0560902 0.0614225 0.0839889 
S1449       0.0998852 0.1288243 0.1673968 0.2211812 0.1017389 0.0741838 0.1189502 0.0735341 0.1247781 0.1441461 0.0934958 0.1012859 0.1056808 0.1153504 0.1310675 0.1907127 0.1295213 0.2194949 0.0895019 0.0888262 0.1125306 0.1012554 0.1015623 0.1157621 0.1712628 0.1549255 0.1793934 0.1457415 0.1313234 0.1229947 0.1235198 0.1160915 0.1277182 0.1075379 0.1236582 0.1481898 0.1540029 0.1701342 0.1093109 0.1166583 0.1103299 0.1002867 0.0858879 0.1098764 0.1320762 0.1110081 0.0000000 0.1923521 0.1197767 0.0470153 0.1160915 0.1178247 0.1135011 0.0481426 0.0676181 0.0952688 0.2077596 0.1089514 0.0824415 0.1020043 0.0932706 0.0700067 0.0996143 0.1793934 0.1230887 0.0858653 0.1900917 0.1006691 0.0614565 0.0923728 0.0675516 
S1451       0.1533196 0.2384297 0.0882034 0.1414805 0.1810352 0.1670534 0.2068691 0.1323313 0.2114300 0.2003124 0.1580311 0.1905817 0.1904128 0.2042122 0.2054185 0.1243347 0.1946527 0.1634417 0.1618809 0.1388640 0.1821352 0.1857629 0.1877393 0.2057197 0.1299848 0.2194041 0.1920906 0.1293356 0.1976251 0.1982326 0.2200908 0.1450965 0.2060326 0.2228530 0.1597403 0.2165564 0.1299232 0.1826637 0.1871651 0.2008141 0.1752359 0.2435484 0.1907961 0.1927165 0.1559586 0.1562345 0.1923521 0.0000000 0.1708948 0.1074070 0.1450965 0.1867884 0.1786529 0.1702347 0.1777598 0.1847474 0.1412338 0.1686882 0.0799792 0.2047834 0.2081103 0.1947240 0.1855539 0.2004217 0.1627588 0.1734250 0.2702636 0.1904794 0.1861090 0.1645155 0.1679852 
S1460       0.0500049 0.0677736 0.1054138 0.1759187 0.0679501 0.0762271 0.0956616 0.0740593 0.0630852 0.0783882 0.0624161 0.0692411 0.0890063 0.1033373 0.0889893 0.1606835 0.0500848 0.1768831 0.0385599 0.0700269 0.0957912 0.0441267 0.0383942 0.0560795 0.1384861 0.1322194 0.1670165 0.1337078 0.1016702 0.0879445 0.1095703 0.0755353 0.1096743 0.0957887 0.0628905 0.0264680 0.1054174 0.1578811 0.0635552 0.0565141 0.0897427 0.1093576 0.0470201 0.0505769 0.0495767 0.0447806 0.1197767 0.1708948 0.0000000 0.0356354 0.0755353 0.0570414 0.0886902 0.1136999 0.0507587 0.0444184 0.1749614 0.0103634 0.0627817 0.0501103 0.0673375 0.0860903 0.0836613 0.1825481 0.0879977 0.0914939 0.1831362 0.0814000 0.0568083 0.0619236 0.0851447 
S1462       0.0224191 0.0654167 0.0757012 0.1208815 0.0238571 0.0165637 0.0522236 0.0283046 0.0604324 0.0428137 0.0054212 0.0471027 0.0400857 0.0545368 0.0605040 0.1126234 0.0594041 0.1279644 0.0228569 0.0289985 0.0462160 0.0284751 0.0405214 0.0531131 0.0819965 0.0730586 0.1095005 0.0798629 0.0608947 0.0536428 0.0541542 0.0346615 0.0715468 0.0342649 0.0539882 0.0607703 0.0744393 0.1015254 0.0286256 0.0535488 0.0404949 0.0527927 0.0426458 0.0473121 0.0536593 0.0351664 0.0470153 0.1074070 0.0356354 0.0000000 0.0346615 0.0540760 0.0404001 0.0287238 0.0054635 0.0408020 0.1192028 0.0285807 0.0401286 0.0406833 0.0460100 0.0229685 0.0223413 0.1166573 0.0474206 0.0223842 0.1108671 0.0223993 0.0110059 0.0280747 0.0110687 
S1498       0.0865753 0.1185777 0.1087510 0.1531506 0.0587214 0.0935403 0.0985901 0.0488974 0.1144991 0.1168265 0.0432021 0.0736961 0.0858897 0.1324132 0.1218633 0.1625649 0.0993227 0.1632028 0.0622523 0.0318273 0.0924052 0.0735352 0.0796294 0.1060073 0.1174861 0.1342318 0.1356714 0.1000799 0.1428613 0.1377248 0.1455827 0.0000010 0.1181862 0.1082317 0.0939155 0.1159327 0.1024666 0.1276691 0.0746107 0.1068111 0.0929402 0.1230643 0.0790293 0.1003082 0.0846041 0.0883836 0.1160915 0.1450965 0.0755353 0.0346615 0.0000000 0.1078441 0.0207882 0.0823394 0.0675630 0.0868136 0.1615093 0.0804411 0.0705461 0.0928447 0.0912946 0.0900166 0.0870404 0.1496813 0.1312268 0.0942945 0.1493201 0.0608238 0.0737199 0.0666985 0.0816635 
S_670       0.0800432 0.0371281 0.1484136 0.2065311 0.0735228 0.1087744 0.1073561 0.1056885 0.0207490 0.0738086 0.0797234 0.1011345 0.0941888 0.1307848 0.0862450 0.1620018 0.0372850 0.1857890 0.0619578 0.1023333 0.1009611 0.0485864 0.0317425 0.0156318 0.1584936 0.1373140 0.1874972 0.1679252 0.1386517 0.1295247 0.1371736 0.1078441 0.1084998 0.1158869 0.0677851 0.0568054 0.1315471 0.1780451 0.0749637 0.0050653 0.0949571 0.1237354 0.0337320 0.0101841 0.1001388 0.0560617 0.1178247 0.1867884 0.0570414 0.0540760 0.1078441 0.0000000 0.1085215 0.1330539 0.0559826 0.0313715 0.1687032 0.0674708 0.0890698 0.0318572 0.0844492 0.0914872 0.1019441 0.1720680 0.1385202 0.0899364 0.2244043 0.0865346 0.0620235 0.0726023 0.0904856 
SRR11470320 0.0847395 0.1326980 0.1392407 0.2192551 0.0659627 0.0915336 0.0991939 0.0607787 0.1287910 0.1343034 0.0549191 0.0864952 0.0864139 0.1293880 0.1364539 0.1979294 0.1129465 0.1987301 0.0748535 0.0431548 0.0929714 0.0863178 0.0925773 0.1198499 0.1490185 0.1350736 0.1506283 0.1293302 0.1396541 0.1346024 0.1422546 0.0207882 0.1189133 0.1058527 0.1075367 0.1166699 0.1325663 0.1422833 0.0812984 0.1074764 0.0935121 0.1203065 0.0928942 0.1140743 0.0975263 0.1019442 0.1135011 0.1786529 0.0886902 0.0404001 0.0207882 0.1085215 0.0000000 0.0805567 0.0661604 0.1001158 0.1809120 0.0935291 0.0981020 0.1062750 0.1044588 0.0880331 0.0851845 0.1506283 0.1282529 0.0922558 0.1459668 0.0731011 0.0721799 0.0791422 0.0799110 
SRR8528336  0.0810204 0.1441163 0.1208569 0.1706601 0.0738896 0.0677748 0.0986682 0.0684682 0.1402504 0.1107231 0.0681644 0.1026546 0.0859524 0.0686199 0.1106880 0.1753813 0.1307942 0.1681447 0.0897878 0.0760296 0.0924756 0.0954632 0.1088324 0.1150594 0.1395497 0.1181217 0.1374787 0.1166194 0.0886688 0.0878215 0.0881717 0.0823394 0.1218794 0.1150411 0.1180404 0.1420792 0.1236146 0.1386250 0.0888127 0.1317126 0.0831851 0.1149053 0.0940264 0.1247083 0.1188007 0.1120952 0.0481426 0.1702347 0.1136999 0.0287238 0.0823394 0.1330539 0.0805567 0.0000000 0.0741871 0.0961677 0.1741892 0.1030904 0.0911605 0.1014004 0.0941315 0.0764961 0.0730004 0.1617376 0.0808976 0.0793161 0.1654004 0.0873212 0.0678924 0.0682914 0.0732577 
SRR8528341  0.0426079 0.0665314 0.1181136 0.1972131 0.0465009 0.0483146 0.0793341 0.0662802 0.0619101 0.0609050 0.0429145 0.0615150 0.0671476 0.0941674 0.0804777 0.1561982 0.0668386 0.1718725 0.0381249 0.0621880 0.0733610 0.0374937 0.0432649 0.0550555 0.1182787 0.1065467 0.1377107 0.1209816 0.1012723 0.0933097 0.1001919 0.0675630 0.0860851 0.0541586 0.0683251 0.0748857 0.1026863 0.1295574 0.0560274 0.0554747 0.0676836 0.0603415 0.0462587 0.0496506 0.0739830 0.0501223 0.0676181 0.1777598 0.0507587 0.0054635 0.0675630 0.0559826 0.0661604 0.0741871 0.0000000 0.0492616 0.1700600 0.0435071 0.0544815 0.0434267 0.0599151 0.0324419 0.0426461 0.1377107 0.0871122 0.0375991 0.1437381 0.0488914 0.0050078 0.0540498 0.0265936 
