83
S0055      0.0000000 0.1573669 0.0799017 0.1436897 0.1302706 0.1881972 0.1104101 0.1503239 0.2028150 0.1345061 0.0863414 0.0699731 0.1843140 0.1009274 0.1653443 0.1665903 0.1016348 0.0887994 0.0856732 0.0867359 0.0645666 0.2897416 0.0738429 0.1744141 0.1241876 0.0850980 0.1084528 0.0799150 0.1883046 0.1241270 0.1383154 0.1356236 0.1229773 0.1222351 0.1430161 0.1192412 0.1616046 0.1565842 0.2861068 0.2462130 0.1413013 0.1316083 0.1513654 0.0746349 0.2589430 0.0685188 0.1129385 0.1442166 0.1591679 0.1512098 0.1743510 0.1056440 0.0857297 0.1312697 0.0678172 0.0739467 0.0865147 0.0718769 0.1175124 0.1387318 0.1390845 0.0741197 0.1068849 0.1192412 0.1452061 0.0630879 0.1428770 0.1084062 0.0862162 0.1779433 0.0847784 0.2113916 0.1052814 0.1436980 0.1591836 0.1665639 0.1336230 0.1411467 0.1644904 0.1199856 0.0902454 0.1390400 0.1344380 
S0281      0.1573669 0.0000000 0.1257130 0.1635877 0.1431879 0.2027537 0.1467381 0.1847022 0.2237461 0.1557438 0.1201908 0.1265174 0.1804168 0.0681732 0.1623189 0.1971316 0.1453837 0.1912857 0.1447421 0.1410483 0.0860430 0.3579842 0.1527728 0.1714348 0.1542191 0.1254025 0.0636121 0.1128298 0.1968798 0.1526222 0.1587882 0.1538962 0.1799780 0.1691854 0.1606403 0.0834091 0.1764299 0.1712189 0.3667841 0.3393377 0.1851043 0.1815166 0.1671320 0.1186177 0.3553145 0.1189245 0.1498627 0.1429339 0.1782650 0.1696947 0.1706868 0.1077334 0.1376702 0.1604101 0.1111968 0.1268896 0.1238608 0.1167763 0.1367002 0.1663437 0.1492972 0.1314046 0.0736661 0.0834091 0.1633829 0.1061885 0.1615233 0.1495034 0.1200234 0.1857804 0.1245851 0.2526966 0.1339971 0.1759563 0.2014417 0.1725739 0.1592467 0.1782653 0.2044230 0.0855330 0.1393070 0.1944935 0.1451153 
S0282      0.0799017 0.1257130 0.0000000 0.1242854 0.1111637 0.1791826 0.1234429 0.1298764 0.2018753 0.1182997 0.0323903 0.0326592 0.1419981 0.0736578 0.1600006 0.1680527 0.1236163 0.1089221 0.0692914 0.0876421 0.0105550 0.2886184 0.0927919 0.1689443 0.0951749 0.0319416 0.0803732 0.0268644 0.1454225 0.1251579 0.1305886 0.1235429 0.1638254 0.1449497 0.1545448 0.1026655 0.1587797 0.1608283 0.2681375 0.2462737 0.1422197 0.1503616 0.1525334 0.0680073 0.2586611 0.0225371 0.0642451 0.1124777 0.1548529 0.1468914 0.1749327 0.1003098 0.0370455 0.1323437 0.0176990 0.0325532 0.1117928 0.0524262 0.1182473 0.1385995 0.0966462 0.0417783 0.0792456 0.1026655 0.1408509 0.0132886 0.1599683 0.1145546 0.0323392 0.1441041 0.0365725 0.2185034 0.0635495 0.1435365 0.1326734 0.1459127 0.1470753 0.1253001 0.1505448 0.0797843 0.1141630 0.1598450 0.1033637 
S0289      0.1436897 0.1635877 0.1242854 0.0000000 0.1461486 0.0361233 0.1413865 0.0218099 0.2364081 0.1873518 0.1320127 0.1333329 0.0318595 0.1102913 0.1646303 0.0792902 0.1389758 0.1786571 0.1350121 0.1342473 0.1092955 0.3535563 0.1398732 0.1739819 0.1038100 0.1156580 0.1123964 0.1186213 0.1833206 0.1391877 0.0465405 0.1479544 0.1834875 0.1342712 0.1719643 0.1304066 0.1762169 0.1599370 0.3595523 0.3133366 0.1772801 0.1536275 0.1607552 0.1583073 0.3286207 0.1175504 0.1708170 0.0177282 0.0572104 0.0517798 0.1801964 0.1095343 0.1446758 0.1467566 0.1098971 0.1337390 0.1608826 0.1282305 0.1715429 0.1720457 0.0298304 0.1307098 0.1165751 0.1304066 0.0516821 0.1049178 0.1945692 0.1416143 0.1133104 0.0310579 0.1355668 0.1009531 0.1548080 0.1381228 0.2070881 0.0514352 0.1923494 0.1720234 0.1913789 0.1054191 0.1287190 0.2059196 0.1459087 
S0292      0.1302706 0.1431879 0.1111637 0.1461486 0.0000000 0.1425357 0.1396236 0.1524973 0.1211994 0.1394222 0.1292321 0.1307512 0.1482322 0.1018856 0.1621018 0.1657078 0.0755762 0.1260640 0.1174344 0.0861407 0.0969610 0.3755403 0.1326897 0.1728186 0.1320003 0.1123412 0.0943462 0.1055284 0.1365902 0.1820728 0.1356512 0.1584740 0.1187274 0.0890900 0.0909602 0.1092191 0.1018858 0.1032820 0.3975730 0.3757243 0.1053504 0.1373876 0.1834814 0.1521737 0.3960465 0.1124271 0.1448200 0.1321415 0.1424991 0.1337137 0.1799774 0.1377960 0.1287756 0.1921852 0.1036330 0.1386343 0.1348104 0.1138987 0.0685933 0.0618560 0.1199494 0.1341838 0.1089883 0.1092191 0.1269439 0.0972766 0.0871911 0.1096009 0.1136319 0.1539933 0.1177977 0.2232714 0.1039026 0.1208483 0.1361452 0.1545363 0.1143139 0.1120425 0.1285547 0.0738323 0.1084569 0.1640035 0.1011784 
S0299      0.1881972 0.2027537 0.1791826 0.0361233 0.1425357 0.0000000 0.1577911 0.0360316 0.1944323 0.1903282 0.1902541 0.1943757 0.0367742 0.1402961 0.1820813 0.1053475 0.1238792 0.1800224 0.1549898 0.1415656 0.1606741 0.3508000 0.1580280 0.1952255 0.1131313 0.1791826 0.1517678 0.1726087 0.1881124 0.1694370 0.0925353 0.1676692 0.1548580 0.1146415 0.1532560 0.1498601 0.1489634 0.1381199 0.3399787 0.3102811 0.1728750 0.1476223 0.2000752 0.2465364 0.3102811 0.1721411 0.1955318 0.0372917 0.0844204 0.0844204 0.2037566 0.1738343 0.1953595 0.1804432 0.1595780 0.2097808 0.1655275 0.1658580 0.1743008 0.1878320 0.0499127 0.1929324 0.1402961 0.1498601 0.0841906 0.1595780 0.2069678 0.1278668 0.1848194 0.0489461 0.1801066 0.1271118 0.1677896 0.1247702 0.1931858 0.1009548 0.1920297 0.1524125 0.2190954 0.1240349 0.1196494 0.2121306 0.1323830 
S0308      0.1104101 0.1467381 0.1234429 0.1413865 0.1396236 0.1577911 0.0000000 0.1148804 0.1818785 0.1418428 0.1445587 0.1259753 0.1469650 0.1042346 0.0576566 0.1248278 0.1324045 0.1357105 0.1279418 0.1235738 0.0829446 0.2904588 0.1167664 0.0635443 0.0859311 0.1362600 0.1053087 0.1242882 0.1768193 0.0819569 0.1130234 0.0578645 0.1813837 0.1617835 0.1582896 0.1111324 0.1699579 0.1647351 0.2694610 0.2470360 0.1635942 0.1406991 0.0753296 0.1367510 0.2597456 0.1296907 0.1554017 0.1096573 0.1426578 0.1349103 0.0687902 0.0377125 0.1369908 0.0882179 0.1217570 0.1260506 0.1166348 0.1160217 0.1160448 0.1555739 0.1144181 0.0989646 0.1104051 0.1111324 0.1289344 0.1167865 0.1702184 0.1048008 0.1185355 0.1552388 0.1293234 0.1817015 0.1227466 0.1327682 0.1375736 0.1339945 0.1649393 0.1245490 0.1826011 0.0873276 0.1044159 0.1759612 0.1059039 
S0320      0.1503239 0.1847022 0.1298764 0.0218099 0.1524973 0.0360316 0.1148804 0.0000000 0.2269420 0.1868112 0.1514813 0.1530192 0.0318082 0.1163835 0.1569236 0.0629038 0.1319440 0.1552120 0.1414214 0.1408964 0.1237228 0.3640780 0.1465694 0.1660324 0.0857027 0.1340018 0.1245817 0.1375308 0.1675642 0.1449643 0.0593294 0.1538546 0.1830578 0.1400648 0.1641798 0.1368398 0.1684487 0.1525239 0.3477593 0.3024645 0.1694744 0.1602571 0.1532854 0.1787398 0.3173685 0.1362401 0.1640749 0.0223137 0.0733235 0.0675488 0.1721665 0.1151832 0.1646018 0.1526177 0.1280833 0.1464444 0.1678653 0.1222604 0.1710342 0.1861888 0.0297675 0.1246107 0.1227593 0.1368398 0.0674151 0.1230775 0.2021746 0.1481196 0.1321191 0.0355651 0.1420213 0.0950935 0.1607406 0.1311339 0.1832896 0.0671011 0.1998517 0.1723836 0.1988347 0.1115060 0.1350685 0.2135133 0.1387261 
S0335      0.2028150 0.2237461 0.2018753 0.2364081 0.1211994 0.1944323 0.1818785 0.2269420 0.0000000 0.1460457 0.1920319 0.2313420 0.2317705 0.2059580 0.2221135 0.2658532 0.1484693 0.1607280 0.1910255 0.1835150 0.1552843 0.5312627 0.1857230 0.2343396 0.1888185 0.2099076 0.2085237 0.1960604 0.2213175 0.2038615 0.1954363 0.1878272 0.1971142 0.1814523 0.1930184 0.1863115 0.1995557 0.1805460 0.5402234 0.5004942 0.1902638 0.1323212 0.2230476 0.1867654 0.5242591 0.2099458 0.2469256 0.1965697 0.2305827 0.2280137 0.2341916 0.1773987 0.2382543 0.2136787 0.1986359 0.2159934 0.1736991 0.1993365 0.1564743 0.1746760 0.1641226 0.2103040 0.1975133 0.1863115 0.2274049 0.1847689 0.2089797 0.1197309 0.2123287 0.2449651 0.1920421 0.2786216 0.1511820 0.1200998 0.0727470 0.2213460 0.1715569 0.1790931 0.2059725 0.1913914 0.1308854 0.1583374 0.1869422 
S0376      0.1345061 0.1557438 0.1182997 0.1873518 0.1394222 0.1903282 0.1418428 0.1868112 0.1460457 0.0000000 0.1226932 0.1305232 0.1468458 0.1163617 0.1769854 0.2206348 0.0756346 0.1099681 0.1095574 0.1007682 0.1009679 0.2342620 0.0917106 0.1900902 0.1318592 0.1182997 0.1270119 0.0913577 0.1045064 0.1852359 0.2115287 0.1421385 0.1186602 0.1069427 0.1023282 0.1080048 0.1152085 0.1170926 0.2460143 0.2427009 0.1198912 0.1145782 0.1891935 0.1123561 0.2427009 0.1113267 0.1305756 0.1504105 0.1986992 0.1986992 0.1730437 0.1631925 0.1310895 0.1852359 0.1009679 0.1430257 0.1090178 0.0915283 0.1230799 0.1614436 0.1272449 0.1295233 0.1163617 0.1080048 0.1896368 0.1009679 0.1555969 0.0988164 0.1218431 0.1872314 0.1021625 0.2501659 0.0844707 0.1398285 0.1046600 0.2146446 0.1199193 0.1393347 0.1103943 0.1011193 0.1066461 0.0939392 0.1279908 
S0400      0.0863414 0.1201908 0.0323903 0.1320127 0.1292321 0.1902541 0.1445587 0.1514813 0.1920319 0.1226932 0.0000000 0.0379406 0.1576806 0.0798857 0.1607847 0.1770794 0.1252380 0.1315601 0.0642752 0.0824088 0.0220020 0.3129443 0.0875535 0.1697965 0.1140141 0.0370956 0.0868548 0.0275228 0.1609196 0.1403819 0.1517291 0.1311801 0.1663261 0.1469129 0.1631948 0.1096466 0.1537992 0.1486423 0.2913668 0.2681863 0.1502897 0.1397701 0.1610330 0.0630817 0.2814168 0.0274781 0.0703734 0.1134566 0.1635747 0.1553419 0.1758211 0.1138112 0.0475180 0.1479816 0.0224740 0.0429651 0.1109686 0.0476032 0.1404054 0.1467624 0.1126985 0.0370890 0.0856150 0.1096466 0.1491674 0.0179996 0.1549431 0.1218268 0.0375631 0.1523471 0.0321140 0.2215913 0.0949045 0.1517290 0.1482915 0.1478034 0.1555370 0.1423234 0.1389023 0.0862074 0.1214233 0.1486663 0.1231327 
S0405      0.0699731 0.1265174 0.0326592 0.1333329 0.1307512 0.1943757 0.1259753 0.1530192 0.2313420 0.1305232 0.0379406 0.0000000 0.1593462 0.0806105 0.1555431 0.1789555 0.1259190 0.1335129 0.0761875 0.0831808 0.0222184 0.2595054 0.0946289 0.1644909 0.1150862 0.0374050 0.0876619 0.0376607 0.1625834 0.1277617 0.1423839 0.1260802 0.1680862 0.1548070 0.1649009 0.0983652 0.1766106 0.1713969 0.2401467 0.2196617 0.1517965 0.1534371 0.1558053 0.0692715 0.2311536 0.0277032 0.0710166 0.1211338 0.1652982 0.1569570 0.1705286 0.1023386 0.0272261 0.1351310 0.0226543 0.0227815 0.1074268 0.0586495 0.1304950 0.1418105 0.1139196 0.0373982 0.0863988 0.0983652 0.1507144 0.0133518 0.1634399 0.1168403 0.0378803 0.1398826 0.0372929 0.2162939 0.0958141 0.1462741 0.1481698 0.1559024 0.1363613 0.1430535 0.1605301 0.0870023 0.1164389 0.1485543 0.1178771 
S0417      0.1843140 0.1804168 0.1419981 0.0318595 0.1482322 0.0367742 0.1469650 0.0318082 0.2317705 0.1468458 0.1576806 0.1593462 0.0000000 0.1208618 0.1632945 0.0879234 0.1515441 0.2019439 0.1470243 0.1605413 0.1190524 0.3590236 0.1665484 0.1728849 0.1075380 0.1392321 0.1294943 0.1430579 0.1885078 0.1418284 0.0672036 0.1609650 0.2057347 0.1746693 0.1869884 0.1268380 0.1913363 0.1738616 0.3748293 0.3465039 0.1925065 0.1804484 0.1502411 0.1862465 0.3630189 0.1286483 0.1857593 0.0230043 0.0797024 0.0737338 0.1792720 0.1267339 0.1714243 0.1495724 0.1204143 0.1505577 0.1635103 0.1398173 0.1562220 0.1870173 0.0250704 0.1426560 0.1275290 0.1268380 0.0735840 0.1278757 0.2036226 0.1540406 0.1374225 0.0368511 0.1476870 0.1241070 0.1751442 0.1575480 0.2158513 0.0803530 0.1956433 0.1777835 0.2001338 0.1158123 0.1377885 0.2094496 0.1516381 
S0419      0.1009274 0.0681732 0.0736578 0.1102913 0.1018856 0.1402961 0.1042346 0.1163835 0.2059580 0.1163617 0.0798857 0.0806105 0.1208618 0.0000000 0.1313174 0.1389076 0.1093349 0.1210360 0.0905164 0.0864593 0.0513320 0.3029073 0.1090677 0.1393966 0.0886859 0.0787480 0.0086651 0.0793096 0.1356269 0.1298983 0.1129816 0.1161451 0.1290513 0.1294855 0.1165297 0.0220222 0.1435467 0.1384997 0.3099176 0.2858905 0.1308980 0.1297149 0.1443096 0.0961597 0.2996798 0.0625799 0.0814607 0.0870486 0.1392096 0.1316946 0.1450986 0.0928742 0.0908313 0.1371036 0.0619520 0.0807937 0.0914819 0.0672574 0.0751079 0.1235458 0.0833851 0.0791300 0.0042598 0.0220222 0.1258693 0.0572877 0.1369525 0.0955719 0.0797694 0.1292599 0.0730203 0.1920983 0.1162227 0.1225282 0.1511748 0.1308165 0.1313053 0.1076392 0.1415267 0.0315537 0.0952159 0.1636064 0.0853054 
S0430      0.1653443 0.1623189 0.1600006 0.1646303 0.1621018 0.1820813 0.0576566 0.1569236 0.2221135 0.1769854 0.1607847 0.1555431 0.1632945 0.1313174 0.0000000 0.1847998 0.1682729 0.2008497 0.1429671 0.1491208 0.1065009 0.3059608 0.1486278 0.0042678 0.1215897 0.1661836 0.1327370 0.1463899 0.1783157 0.1215499 0.1583819 0.0527589 0.2392628 0.2013243 0.2071283 0.1265617 0.1872582 0.1819308 0.2844134 0.2613202 0.1963459 0.1787973 0.1008936 0.1602458 0.2744702 0.1590133 0.1903360 0.1240737 0.1755197 0.1848515 0.0129306 0.0649269 0.1662681 0.1288277 0.1500985 0.1523045 0.1453868 0.1431330 0.1475832 0.1729007 0.1392024 0.1250864 0.1318195 0.1265617 0.1781212 0.1449871 0.1917360 0.1395365 0.1472616 0.1786747 0.1585681 0.2089763 0.1855820 0.1415130 0.1901576 0.1663565 0.1921430 0.1310895 0.1940267 0.1132374 0.1240293 0.2035024 0.1411334 
S0478      0.1665903 0.1971316 0.1680527 0.0792902 0.1657078 0.1053475 0.1248278 0.0629038 0.2658532 0.2206348 0.1770794 0.1789555 0.0879234 0.1389076 0.1847998 0.0000000 0.1358834 0.1739503 0.1657393 0.1803363 0.1355507 0.4096612 0.1629386 0.1747815 0.1057757 0.1576266 0.1480264 0.1547593 0.2243734 0.1516310 0.0605277 0.1808869 0.2169185 0.1976426 0.1665788 0.1611533 0.1800973 0.1747728 0.3734732 0.3470197 0.1719567 0.2028007 0.1536981 0.1730099 0.3634641 0.1603958 0.1785548 0.0579145 0.0873585 0.0810820 0.1941073 0.1386119 0.1911677 0.1594238 0.1513594 0.1644626 0.1711371 0.1451771 0.1707104 0.1988681 0.0720528 0.1375128 0.1457810 0.1611533 0.0819584 0.1461992 0.2155936 0.1753564 0.1458772 0.0848550 0.1665409 0.1085713 0.1873362 0.1786966 0.2321489 0.0805299 0.2130329 0.1768250 0.2286791 0.1339029 0.1601832 0.2253669 0.1785929 
S0552sl    0.1016348 0.1453837 0.1236163 0.1389758 0.0755762 0.1238792 0.1324045 0.1319440 0.1484693 0.0756346 0.1252380 0.1259190 0.1515441 0.1093349 0.1682729 0.1358834 0.0000000 0.0771399 0.1247728 0.0986294 0.0868382 0.3068231 0.1185278 0.1775364 0.1033194 0.1233142 0.1104610 0.1115796 0.0694483 0.1553241 0.1419878 0.1665880 0.0248295 0.0369013 0.0229244 0.1163582 0.0526675 0.0479828 0.3003736 0.2857662 0.0320007 0.1078609 0.1853311 0.1109927 0.2999520 0.1093582 0.1626436 0.1142643 0.1772426 0.1687111 0.1767666 0.1275247 0.1370628 0.1633146 0.1093582 0.1262886 0.1084020 0.1008442 0.0682959 0.1067018 0.0993003 0.1234708 0.1155440 0.1163582 0.1624208 0.1044134 0.0808984 0.0968725 0.1180058 0.1319097 0.1155668 0.2028656 0.0935840 0.1115373 0.1116138 0.1704088 0.0806879 0.1180500 0.1364766 0.0983726 0.0848137 0.1074931 0.1243013 
S0558      0.0887994 0.1912857 0.1089221 0.1786571 0.1260640 0.1800224 0.1357105 0.1552120 0.1607280 0.1099681 0.1315601 0.1335129 0.2019439 0.1210360 0.2008497 0.1739503 0.0771399 0.0000000 0.1149718 0.0848616 0.1081989 0.3419818 0.0844567 0.2115062 0.1144736 0.1364608 0.1359981 0.1104257 0.1254693 0.1579952 0.1854429 0.1807610 0.0874465 0.1022614 0.1178173 0.1291626 0.1208773 0.1223830 0.3238487 0.2920203 0.1097878 0.1138045 0.1848552 0.1176809 0.3069248 0.1165735 0.1634919 0.1647983 0.1997397 0.1903756 0.2113974 0.1323067 0.1252985 0.1661667 0.1151961 0.1199537 0.1264166 0.0942575 0.1090304 0.1384479 0.1518827 0.1245088 0.1276900 0.1291626 0.1836537 0.1094705 0.1431824 0.1206824 0.1320336 0.2012135 0.1079474 0.2238635 0.0900664 0.1176140 0.0971806 0.2019166 0.1242630 0.1305454 0.1461883 0.1294552 0.1078871 0.1426339 0.1366133 
S0641      0.0856732 0.1447421 0.0692914 0.1350121 0.1174344 0.1549898 0.1279418 0.1414214 0.1910255 0.1095574 0.0642752 0.0761875 0.1470243 0.0905164 0.1429671 0.1657393 0.1247728 0.1149718 0.0000000 0.0766288 0.0452943 0.3032330 0.0762505 0.1512930 0.1139684 0.0744094 0.1033862 0.0638032 0.1659814 0.1202555 0.1262901 0.1273131 0.1507816 0.1595310 0.1560560 0.1209266 0.1531937 0.1480562 0.2995791 0.2765239 0.1612956 0.1572253 0.1306450 0.0923580 0.2806656 0.0636590 0.0949507 0.1057597 0.1661053 0.1579992 0.1641523 0.1104665 0.0753646 0.1270977 0.0576243 0.0818586 0.0979576 0.0629368 0.0932610 0.1388734 0.1032797 0.0584815 0.0963672 0.1209266 0.1519381 0.0529151 0.1615280 0.1090408 0.0700239 0.1550133 0.0686842 0.1925531 0.1125553 0.1505300 0.1603813 0.1505838 0.1485081 0.1347381 0.1328885 0.1030864 0.1086551 0.1406963 0.1221709 
S0689      0.0867359 0.1410483 0.0876421 0.1342473 0.0861407 0.1415656 0.1235738 0.1408964 0.1835150 0.1007682 0.0824088 0.0831808 0.1605413 0.0864593 0.1491208 0.1803363 0.0986294 0.0848616 0.0766288 0.0000000 0.0718555 0.3055271 0.0537841 0.1579290 0.1158096 0.0867120 0.0993861 0.0706643 0.1434019 0.1351790 0.1486356 0.1325828 0.1117243 0.1248853 0.1337764 0.0929272 0.1313654 0.1263111 0.3016634 0.2600876 0.1389247 0.1389195 0.1200455 0.0998124 0.2734620 0.0815851 0.1069914 0.1153279 0.1532315 0.1453678 0.1639417 0.1012223 0.0874426 0.1427512 0.0749576 0.0833784 0.0993358 0.0630878 0.0743296 0.1241816 0.1064612 0.0701205 0.0923514 0.0929272 0.1393893 0.0701010 0.1354602 0.1035911 0.0942777 0.1685958 0.0813419 0.1647027 0.0808601 0.1251843 0.1376361 0.1457960 0.1220041 0.1302368 0.1137560 0.0688770 0.0917438 0.1496593 0.0955103 
S0690      0.0645666 0.0860430 0.0105550 0.1092955 0.0969610 0.1606741 0.0829446 0.1237228 0.1552843 0.1009679 0.0220020 0.0222184 0.1190524 0.0513320 0.1065009 0.1355507 0.0868382 0.1081989 0.0452943 0.0718555 0.0000000 0.2059584 0.0572569 0.1152660 0.0757935 0.0105550 0.0521694 0.0161243 0.1098947 0.1001650 0.1148418 0.0768434 0.1262008 0.0937102 0.1037204 0.0703172 0.1151811 0.1168586 0.1903475 0.1880014 0.1008961 0.1119254 0.1312128 0.0577393 0.2005547 0.0106617 0.0457951 0.0953910 0.1085927 0.1085927 0.1218488 0.0856908 0.0163129 0.1080934 0.0052150 0.0279862 0.0908434 0.0456074 0.1008896 0.1038980 0.0788320 0.0273807 0.0513320 0.0703172 0.1018787 0.0000023 0.1439402 0.0716193 0.0107730 0.1166744 0.0214723 0.1777095 0.0523707 0.0949136 0.0953149 0.1169904 0.1176118 0.0926745 0.1214195 0.0517325 0.0704799 0.1238678 0.0714155 
S0735      0.2897416 0.3579842 0.2886184 0.3535563 0.3755403 0.3508000 0.2904588 0.3640780 0.5312627 0.2342620 0.3129443 0.2595054 0.3590236 0.3029073 0.3059608 0.4096612 0.3068231 0.3419818 0.3032330 0.3055271 0.2059584 0.0000000 0.3287133 0.3200137 0.3139413 0.2880325 0.2984998 0.2841453 0.3488477 0.3354681 0.2256986 0.3225048 0.2748285 0.3124897 0.3385954 0.3156330 0.3442178 0.3384444 0.0472608 0.0418067 0.3339640 0.3541675 0.4124336 0.2682788 0.0473249 0.2975766 0.3544923 0.3587431 0.3605969 0.3759688 0.3117382 0.2997966 0.2807634 0.3479041 0.2840141 0.2961558 0.3282170 0.2842933 0.3265557 0.4228232 0.3152501 0.2910940 0.3039688 0.3156330 0.3664887 0.2656019 0.4367099 0.3366248 0.2507039 0.3869068 0.3145482 0.4841806 0.3168909 0.3790018 0.3793745 0.3839661 0.3195796 0.3283232 0.4036996 0.2786895 0.3191914 0.3585958 0.3281307 
S0742      0.0738429 0.1527728 0.0927919 0.1398732 0.1326897 0.1580280 0.1167664 0.1465694 0.1857230 0.0917106 0.0875535 0.0946289 0.1665484 0.1090677 0.1486278 0.1629386 0.1185278 0.0844567 0.0762505 0.0537841 0.0572569 0.3287133 0.0000000 0.1574125 0.1085973 0.0981924 0.1228750 0.0699815 0.1563822 0.1282919 0.1442439 0.1389414 0.1435120 0.1318640 0.1493907 0.1228876 0.1372337 0.1321766 0.2985364 0.2812298 0.1410898 0.1341107 0.1288895 0.0814870 0.2953439 0.0866776 0.1132668 0.1208401 0.1671684 0.1589563 0.1567137 0.1146388 0.0977626 0.1357153 0.0799484 0.1008699 0.1135196 0.0742394 0.0999660 0.1682852 0.1208166 0.0755382 0.1152620 0.1228876 0.1528266 0.0691748 0.1627808 0.0986814 0.0879177 0.1744658 0.0864220 0.1711422 0.0813193 0.1535850 0.1458733 0.1514525 0.1337545 0.1423344 0.1540295 0.1042514 0.0861353 0.1520066 0.1282727 
S0748      0.1744141 0.1714348 0.1689443 0.1739819 0.1728186 0.1952255 0.0635443 0.1660324 0.2343396 0.1900902 0.1697965 0.1644909 0.1728849 0.1393966 0.0042678 0.1747815 0.1775364 0.2115062 0.1512930 0.1579290 0.1152660 0.3200137 0.1574125 0.0000000 0.1292210 0.1752778 0.1409304 0.1549866 0.1879777 0.1295334 0.1595989 0.0585517 0.2520022 0.2116988 0.2178587 0.1346035 0.1972614 0.1918751 0.2977631 0.2738350 0.2066530 0.1882125 0.1081978 0.1692267 0.2875153 0.1678929 0.2002381 0.1323065 0.1766732 0.1861012 0.0175115 0.0711817 0.1753897 0.1370568 0.1586383 0.1610118 0.1462334 0.1514705 0.1444000 0.1825460 0.1487746 0.1330222 0.1399321 0.1346035 0.1881194 0.1534669 0.2017352 0.1479495 0.1559149 0.1884098 0.1674227 0.2105033 0.1954056 0.1501094 0.2003636 0.1674168 0.2025051 0.1391682 0.2041550 0.1208870 0.1318921 0.1931660 0.1496823 
S0753      0.1241876 0.1542191 0.0951749 0.1038100 0.1320003 0.1131313 0.0859311 0.0857027 0.1888185 0.1318592 0.1140141 0.1150862 0.1075380 0.0886859 0.1215897 0.1057757 0.1033194 0.1144736 0.1139684 0.1158096 0.0757935 0.3139413 0.1085973 0.1292210 0.0000000 0.1123878 0.1012414 0.0957396 0.1352392 0.1226744 0.0893592 0.1072503 0.1391119 0.1355158 0.1194276 0.1068164 0.1428954 0.1378679 0.2927355 0.2699359 0.1245054 0.1235848 0.1302508 0.1312883 0.2829570 0.1008574 0.1263375 0.0812703 0.1227710 0.1247161 0.1286639 0.0985050 0.1257092 0.1296915 0.0939545 0.1091502 0.1153400 0.0886700 0.1067330 0.1369573 0.0715815 0.1014593 0.0886338 0.1068164 0.1189742 0.0892144 0.1499278 0.1124746 0.1022867 0.1097749 0.1061061 0.1641432 0.1150601 0.1284169 0.1301468 0.1238824 0.1511790 0.1319174 0.1616830 0.0840332 0.1099508 0.1771924 0.1081443 
S0756      0.0850980 0.1254025 0.0319416 0.1156580 0.1123412 0.1791826 0.1362600 0.1340018 0.2099076 0.1182997 0.0370956 0.0374050 0.1392321 0.0787480 0.1661836 0.1576266 0.1233142 0.1364608 0.0744094 0.0867120 0.0105550 0.2880325 0.0981924 0.1752778 0.1123878 0.0000000 0.0801664 0.0368275 0.1520475 0.1444357 0.1305886 0.1425390 0.1477378 0.1446017 0.1541743 0.1080621 0.1655632 0.1604475 0.2675771 0.2457465 0.1286633 0.1500185 0.1730294 0.0678322 0.2581125 0.0270998 0.0693533 0.1042331 0.1448791 0.1372826 0.1813043 0.1053094 0.0468520 0.1520143 0.0221685 0.0423571 0.1110976 0.0573182 0.1182473 0.1382621 0.0894154 0.0465197 0.0843925 0.1080621 0.1314401 0.0177535 0.1595903 0.1142759 0.0322517 0.1347460 0.0412307 0.1893231 0.0878667 0.1431936 0.1460418 0.1363769 0.1467185 0.1401454 0.1427677 0.0795801 0.1138851 0.1594688 0.1092704 
S0760      0.1084528 0.0636121 0.0803732 0.1123964 0.0943462 0.1517678 0.1053087 0.1245817 0.2085237 0.1270119 0.0868548 0.0876619 0.1294943 0.0086651 0.1327370 0.1480264 0.1104610 0.1359981 0.1033862 0.0993861 0.0521694 0.2984998 0.1228750 0.1409304 0.1012414 0.0801664 0.0000000 0.0862219 0.1371358 0.1386343 0.1151582 0.1243593 0.1305500 0.1248411 0.1177481 0.0316362 0.1451055 0.1400107 0.3054587 0.2813972 0.1323060 0.1310431 0.1599657 0.0915877 0.2951881 0.0689212 0.0942965 0.0943588 0.1419932 0.1342962 0.1466971 0.0942528 0.0981299 0.1461223 0.0682114 0.0878726 0.1045227 0.0789610 0.0841264 0.1097268 0.0912481 0.0915051 0.0131058 0.0316362 0.1283533 0.0634576 0.1384317 0.0965240 0.0751637 0.1317681 0.0850439 0.2035365 0.1115990 0.1238199 0.1528375 0.1333884 0.1327267 0.1087319 0.1430398 0.0318335 0.0961629 0.1654071 0.0861544 
S0763      0.0799150 0.1128298 0.0268644 0.1186213 0.1055284 0.1726087 0.1242882 0.1375308 0.1960604 0.0913577 0.0275228 0.0376607 0.1430579 0.0793096 0.1463899 0.1547593 0.1115796 0.1104257 0.0638032 0.0706643 0.0161243 0.2841453 0.0699815 0.1549866 0.0957396 0.0368275 0.0862219 0.0000000 0.1465366 0.1260305 0.1244426 0.1179333 0.1494323 0.1323227 0.1415511 0.0972957 0.1327186 0.1338564 0.2640125 0.2425442 0.1298695 0.1381573 0.1397246 0.0572669 0.2546915 0.0272792 0.0698528 0.1005942 0.1488663 0.1409913 0.1503546 0.0936673 0.0422480 0.1332933 0.0223124 0.0426485 0.0999659 0.0472564 0.1115506 0.1327985 0.0913674 0.0368211 0.0849988 0.0972957 0.1349696 0.0178693 0.1602394 0.1029504 0.0372885 0.1383137 0.0415065 0.1827671 0.0696461 0.1377742 0.1273887 0.1337193 0.1342297 0.1204008 0.1447472 0.0745826 0.1025747 0.1468769 0.1102472 
S0771      0.1883046 0.1968798 0.1454225 0.1833206 0.1365902 0.1881124 0.1768193 0.1675642 0.2213175 0.1045064 0.1609196 0.1625834 0.1885078 0.1356269 0.1783157 0.2243734 0.0694483 0.1254693 0.1659814 0.1434019 0.1098947 0.3488477 0.1563822 0.1879777 0.1352392 0.1520475 0.1371358 0.1465366 0.0000000 0.2350094 0.1985809 0.1996487 0.1178632 0.0965718 0.0970882 0.1435932 0.0926179 0.0877059 0.3525161 0.3253936 0.0634835 0.1722591 0.2371531 0.1532328 0.3306735 0.1353790 0.1956963 0.1554981 0.2280504 0.2179006 0.1942564 0.1783635 0.1663971 0.2450817 0.1366261 0.1450579 0.1993170 0.1432487 0.1210233 0.1759746 0.1432252 0.1461318 0.1425615 0.1435932 0.2108259 0.1234503 0.1529428 0.1463597 0.1335820 0.1907821 0.1441197 0.2818875 0.1366201 0.1508919 0.1530645 0.2164699 0.1315830 0.1532565 0.1557653 0.1231805 0.1529764 0.2051823 0.1480486 
S0888      0.1241270 0.1526222 0.1251579 0.1391877 0.1820728 0.1694370 0.0819569 0.1449643 0.2038615 0.1852359 0.1403819 0.1277617 0.1418284 0.1298983 0.1215499 0.1516310 0.1553241 0.1579952 0.1202555 0.1351790 0.1001650 0.3354681 0.1282919 0.1295334 0.1226744 0.1444357 0.1386343 0.1260305 0.2350094 0.0000000 0.1293176 0.0824515 0.2137099 0.1799729 0.2133071 0.1100709 0.1946097 0.1893016 0.3129636 0.2886582 0.2024585 0.1472179 0.0422723 0.1525333 0.3026184 0.1315040 0.1814610 0.1110973 0.1604674 0.1524221 0.1358601 0.0660457 0.1456270 0.0000030 0.1234254 0.1278426 0.1161722 0.1423714 0.1565383 0.1876568 0.1270172 0.1282275 0.1364964 0.1100709 0.1463635 0.1120171 0.1717095 0.1183384 0.1401933 0.1599597 0.1303601 0.2150508 0.1342135 0.1691422 0.1931850 0.1620571 0.1925105 0.1663223 0.2013023 0.1249975 0.1165332 0.1820797 0.1395251 
S0894      0.1383154 0.1587882 0.1305886 0.0465405 0.1356512 0.0925353 0.1130234 0.0593294 0.1954363 0.2115287 0.1517291 0.1423839 0.0672036 0.1129816 0.1583819 0.0605277 0.1419878 0.1854429 0.1262901 0.1486356 0.1148418 0.2256986 0.1442439 0.1595989 0.0893592 0.1305886 0.1151582 0.1244426 0.1985809 0.1293176 0.0000000 0.1212814 0.1915168 0.1501541 0.1639545 0.1212605 0.1668699 0.1558445 0.2300896 0.2187921 0.1833322 0.1614289 0.1646581 0.1645124 0.2187921 0.1322327 0.1521481 0.0613875 0.0053987 0.0053987 0.1774413 0.1253024 0.1429732 0.1384497 0.1219602 0.1543676 0.1374573 0.1200611 0.1600115 0.1772253 0.0602036 0.1413840 0.1129816 0.1212605 0.0165155 0.1141503 0.2123488 0.1198716 0.1223365 0.0659744 0.1472535 0.0922814 0.1402546 0.1325793 0.1799351 0.0166812 0.1789023 0.1495292 0.1951588 0.0985340 0.1273908 0.1944124 0.1238342 
S0952      0.1356236 0.1538962 0.1235429 0.1479544 0.1584740 0.1676692 0.0578645 0.1538546 0.1878272 0.1421385 0.1311801 0.1260802 0.1609650 0.1161451 0.0527589 0.1808869 0.1665880 0.1807610 0.1273131 0.1325828 0.0768434 0.3225048 0.1389414 0.0585517 0.1072503 0.1425390 0.1243593 0.1179333 0.1996487 0.0824515 0.1212814 0.0000000 0.2235950 0.1843151 0.1954545 0.1173649 0.2075470 0.2022966 0.3006704 0.2771457 0.2169035 0.1752641 0.0641538 0.1505003 0.2906120 0.1297982 0.1716489 0.1218064 0.1501346 0.1586117 0.0690187 0.0427772 0.1436991 0.0887555 0.1218539 0.1261558 0.1354463 0.1274582 0.1250789 0.1628035 0.1204997 0.1101972 0.1165840 0.1173649 0.1522881 0.1168783 0.1999551 0.1369680 0.1317781 0.1547463 0.1419040 0.2151121 0.1601815 0.1463518 0.1628331 0.1581913 0.2026756 0.1513074 0.1969174 0.1112921 0.1218613 0.1825607 0.1312112 
S0956      0.1229773 0.1799780 0.1638254 0.1834875 0.1187274 0.1548580 0.1813837 0.1830578 0.1971142 0.1186602 0.1663261 0.1680862 0.2057347 0.1290513 0.2392628 0.2169185 0.0248295 0.0874465 0.1507816 0.1117243 0.1262008 0.2748285 0.1435120 0.2520022 0.1391119 0.1477378 0.1305500 0.1494323 0.1178632 0.2137099 0.1915168 0.2235950 0.0000000 0.0514716 0.0595840 0.1453293 0.0894001 0.0840535 0.2991432 0.2634383 0.0581295 0.1368353 0.2518943 0.1561889 0.2782568 0.1365990 0.1956945 0.1687334 0.2495108 0.2379960 0.2508471 0.1850453 0.1660475 0.2241061 0.1458855 0.1687270 0.1296832 0.1347427 0.0920220 0.1424137 0.1441218 0.1643493 0.1362304 0.1453293 0.2301438 0.1402720 0.1273562 0.1303103 0.1452803 0.2074512 0.1447011 0.2709165 0.1274301 0.1421413 0.1641028 0.2526196 0.0896103 0.1651218 0.1642849 0.1309369 0.1094556 0.1387720 0.1552177 
S0959      0.1222351 0.1691854 0.1449497 0.1342712 0.0890900 0.1146415 0.1617835 0.1400648 0.1814523 0.1069427 0.1469129 0.1548070 0.1746693 0.1294855 0.2013243 0.1976426 0.0369013 0.1022614 0.1595310 0.1248853 0.0937102 0.3124897 0.1318640 0.2116988 0.1355158 0.1446017 0.1248411 0.1323227 0.0965718 0.1799729 0.1501541 0.1843151 0.0514716 0.0000000 0.0648825 0.1444115 0.0564325 0.0518418 0.3161796 0.2731778 0.0630245 0.1098656 0.2347998 0.1382641 0.2871162 0.1215992 0.2017113 0.1347763 0.2027088 0.1934663 0.2107930 0.1568518 0.1664913 0.1886020 0.1295571 0.1553167 0.1565966 0.1321418 0.0817774 0.1425292 0.1199009 0.1649602 0.1360790 0.1444115 0.1868507 0.1174194 0.1318092 0.1104009 0.1391273 0.1400248 0.1502444 0.2663225 0.1072596 0.1142371 0.1414211 0.2048782 0.0857075 0.1392691 0.1693491 0.1181081 0.1039931 0.1481205 0.1241079 
S0960      0.1430161 0.1606403 0.1545448 0.1719643 0.0909602 0.1532560 0.1582896 0.1641798 0.1930184 0.1023282 0.1631948 0.1649009 0.1869884 0.1165297 0.2071283 0.1665788 0.0229244 0.1178173 0.1560560 0.1337764 0.1037204 0.3385954 0.1493907 0.2178587 0.1194276 0.1541743 0.1177481 0.1415511 0.0970882 0.2133071 0.1639545 0.1954545 0.0595840 0.0648825 0.0000000 0.1369322 0.0694523 0.0702911 0.3642847 0.3471941 0.0430494 0.1365406 0.2319240 0.1547716 0.3636858 0.1471462 0.1985369 0.1451264 0.2146861 0.2050372 0.2169152 0.1671259 0.1768792 0.2227208 0.1385077 0.1654691 0.1663814 0.1207118 0.0960657 0.1311210 0.1156555 0.1615558 0.1228909 0.1369322 0.1982187 0.1333757 0.1280889 0.1124634 0.1485815 0.1641225 0.1531508 0.2543012 0.1151097 0.1291792 0.1442204 0.2170421 0.1097927 0.1487758 0.1772462 0.0992210 0.0995344 0.1579832 0.1422478 
S1083      0.1192412 0.0834091 0.1026655 0.1304066 0.1092191 0.1498601 0.1111324 0.1368398 0.1863115 0.1080048 0.1096466 0.0983652 0.1268380 0.0220222 0.1265617 0.1611533 0.1163582 0.1291626 0.1209266 0.0929272 0.0703172 0.3156330 0.1228876 0.1346035 0.1068164 0.1080621 0.0316362 0.0972957 0.1435932 0.1100709 0.1212605 0.1173649 0.1453293 0.1444115 0.1369322 0.0000000 0.1585364 0.1534217 0.3230546 0.2982294 0.1385496 0.1369778 0.1367491 0.1143962 0.3125280 0.0905696 0.1119958 0.1059402 0.1509362 0.1432247 0.1403331 0.0995255 0.1088876 0.1168120 0.0896066 0.0986137 0.0788269 0.0953524 0.0831381 0.1320495 0.0965641 0.0965257 0.0266475 0.0000010 0.1373428 0.0791379 0.1584318 0.1021073 0.1094953 0.1504784 0.0845758 0.2036139 0.1233878 0.1173954 0.1383903 0.1459684 0.1304740 0.1271569 0.1430662 0.0464732 0.1006169 0.1612624 0.0980483 
S1128      0.1616046 0.1764299 0.1587797 0.1762169 0.1018858 0.1489634 0.1699579 0.1684487 0.1995557 0.1152085 0.1537992 0.1766106 0.1913363 0.1435467 0.1872582 0.1800973 0.0526675 0.1208773 0.1531937 0.1313654 0.1151811 0.3442178 0.1372337 0.1972614 0.1428954 0.1655632 0.1451055 0.1327186 0.0926179 0.1946097 0.1668699 0.2075470 0.0894001 0.0564325 0.0694523 0.1585364 0.0000000 0.0130916 0.3382796 0.3211366 0.0632224 0.1283310 0.2191897 0.1519463 0.3366284 0.1584372 0.2108409 0.1424392 0.2188838 0.2092348 0.1964038 0.1714336 0.1656455 0.2035529 0.1495800 0.1772313 0.1721997 0.1200241 0.1092419 0.1569023 0.1205719 0.1586057 0.1503856 0.1585364 0.2024467 0.1360405 0.1392560 0.1167629 0.1599864 0.1833719 0.1573663 0.2602541 0.1066479 0.1335500 0.1563826 0.2137571 0.1119005 0.1268787 0.1739796 0.1252147 0.1227994 0.1706566 0.1368484 
S1129sl    0.1565842 0.1712189 0.1608283 0.1599370 0.1032820 0.1381199 0.1647351 0.1525239 0.1805460 0.1170926 0.1486423 0.1713969 0.1738616 0.1384997 0.1819308 0.1747728 0.0479828 0.1223830 0.1480562 0.1263111 0.1168586 0.3384444 0.1321766 0.1918751 0.1378679 0.1604475 0.1400107 0.1338564 0.0877059 0.1893016 0.1558445 0.2022966 0.0840535 0.0518418 0.0702911 0.1534217 0.0130916 0.0000000 0.3325414 0.3154615 0.0584914 0.1145741 0.2138589 0.1468336 0.3308936 0.1533369 0.2055127 0.1274498 0.2004749 0.1913650 0.1910293 0.1587323 0.1751904 0.1982158 0.1445438 0.1719968 0.1669284 0.1214427 0.1110609 0.1516420 0.1122692 0.1534936 0.1453263 0.1534217 0.1767412 0.1310307 0.1341354 0.1033880 0.1548407 0.1668097 0.1522829 0.2390344 0.1210005 0.1191115 0.1408197 0.1953828 0.1068895 0.1279645 0.1688268 0.1201540 0.1091790 0.1654272 0.1318029 
S1148      0.2861068 0.3667841 0.2681375 0.3595523 0.3975730 0.3399787 0.2694610 0.3477593 0.5402234 0.2460143 0.2913668 0.2401467 0.3748293 0.3099176 0.2844134 0.3734732 0.3003736 0.3238487 0.2995791 0.3016634 0.1903475 0.0472608 0.2985364 0.2977631 0.2927355 0.2675771 0.3054587 0.2640125 0.3525161 0.3129636 0.2300896 0.3006704 0.2991432 0.3161796 0.3642847 0.3230546 0.3382796 0.3325414 0.0000000 0.0219350 0.3272159 0.3309119 0.3866334 0.2649912 0.0267918 0.2767885 0.3054803 0.3424217 0.3584321 0.3737139 0.2901701 0.2784470 0.2604525 0.3248682 0.2638943 0.2750571 0.3241901 0.2637076 0.3309393 0.4176228 0.3208690 0.2704139 0.3110155 0.3230546 0.3642783 0.2461323 0.4313652 0.3139489 0.2321230 0.3699432 0.2932004 0.4415786 0.3129212 0.3542142 0.3542848 0.3816759 0.3232391 0.3242580 0.3987774 0.2850819 0.2973994 0.3417458 0.3056402 
S1180      0.2462130 0.3393377 0.2462737 0.3133366 0.3757243 0.3102811 0.2470360 0.3024645 0.5004942 0.2427009 0.2681863 0.2196617 0.3465039 0.2858905 0.2613202 0.3470197 0.2857662 0.2920203 0.2765239 0.2600876 0.1880014 0.0418067 0.2812298 0.2738350 0.2699359 0.2457465 0.2813972 0.2425442 0.3253936 0.2886582 0.2187921 0.2771457 0.2634383 0.2731778 0.3471941 0.2982294 0.3211366 0.3154615 0.0219350 0.0000000 0.3117808 0.2880561 0.3583520 0.2368814 0.0042852 0.2545428 0.3060904 0.3157095 0.3308504 0.3451865 0.2670133 0.2556002 0.2388268 0.2999170 0.2424416 0.2524944 0.2993279 0.2417694 0.3264958 0.3872491 0.3030226 0.2483256 0.2869138 0.2982294 0.3361941 0.2254928 0.4003182 0.2894595 0.2211163 0.3421240 0.2702571 0.3992655 0.2881855 0.3085583 0.3269536 0.3528030 0.2904375 0.2991745 0.3697761 0.2620176 0.2572685 0.3347621 0.2814066 
S1189      0.1413013 0.1851043 0.1422197 0.1772801 0.1053504 0.1728750 0.1635942 0.1694744 0.1902638 0.1198912 0.1502897 0.1517965 0.1925065 0.1308980 0.1963459 0.1719567 0.0320007 0.1097878 0.1612956 0.1389247 0.1008961 0.3339640 0.1410898 0.2066530 0.1245054 0.1286633 0.1323060 0.1298695 0.0634835 0.2024585 0.1833322 0.2169035 0.0581295 0.0630245 0.0430494 0.1385496 0.0632224 0.0584914 0.3272159 0.3117808 0.0000000 0.1283787 0.2373947 0.1356834 0.3266832 0.1194544 0.1832557 0.1504467 0.2201575 0.2104586 0.2057576 0.1724841 0.1555858 0.2115489 0.1272130 0.1522828 0.1642779 0.1335488 0.0929917 0.1364176 0.1381556 0.1488264 0.1375643 0.1385496 0.2036437 0.1159330 0.1332701 0.1049065 0.1365182 0.1844668 0.1278398 0.2600928 0.1137704 0.1209269 0.1495136 0.2225658 0.0939693 0.1399747 0.1711807 0.1194072 0.1045219 0.1781387 0.1410728 
S1201sl    0.1316083 0.1815166 0.1503616 0.1536275 0.1373876 0.1476223 0.1406991 0.1602571 0.1323212 0.1145782 0.1397701 0.1534371 0.1804484 0.1297149 0.1787973 0.2028007 0.1078609 0.1138045 0.1572253 0.1389195 0.1119254 0.3541675 0.1341107 0.1882125 0.1235848 0.1500185 0.1310431 0.1381573 0.1722591 0.1472179 0.1614289 0.1752641 0.1368353 0.1098656 0.1365406 0.1369778 0.1283310 0.1145741 0.3309119 0.2880561 0.1283787 0.0000000 0.1997479 0.1381502 0.3020550 0.1434345 0.1838854 0.1414406 0.1934609 0.1915305 0.1881354 0.1357084 0.1712564 0.1462532 0.1353636 0.1605055 0.1613429 0.1179044 0.1060920 0.1168441 0.1364171 0.1569270 0.1234261 0.1369778 0.1910636 0.1242351 0.1259818 0.0555432 0.1447499 0.1743500 0.1240839 0.2219956 0.1314969 0.0785844 0.0966866 0.1903271 0.1358948 0.1261253 0.1586501 0.1125959 0.0609675 0.1443466 0.1206713 
S1210      0.1513654 0.1671320 0.1525334 0.1607552 0.1834814 0.2000752 0.0753296 0.1532854 0.2230476 0.1891935 0.1610330 0.1558053 0.1502411 0.1443096 0.1008936 0.1536981 0.1853311 0.1848552 0.1306450 0.1200455 0.1312128 0.4124336 0.1288895 0.1081978 0.1302508 0.1730294 0.1599657 0.1397246 0.2371531 0.0422723 0.1646581 0.0641538 0.2518943 0.2347998 0.2319240 0.1367491 0.2191897 0.2138589 0.3866334 0.3583520 0.2373947 0.1997479 0.0000000 0.1670752 0.3748879 0.1592634 0.1789280 0.1120579 0.1765228 0.1680381 0.1141936 0.0649573 0.1745083 0.0475446 0.1503637 0.1559664 0.1353604 0.1434096 0.1552094 0.1917427 0.1357413 0.1228227 0.1511758 0.1367491 0.1617770 0.1452637 0.1928219 0.1461719 0.1618076 0.1826013 0.1588187 0.2104517 0.1774417 0.2013141 0.2035046 0.1714478 0.2173187 0.1898586 0.1908740 0.1233910 0.1304048 0.1976695 0.1439173 
S1211      0.0746349 0.1186177 0.0680073 0.1583073 0.1521737 0.2465364 0.1367510 0.1787398 0.1867654 0.1123561 0.0630817 0.0692715 0.1862465 0.0961597 0.1602458 0.1730099 0.1109927 0.1176809 0.0923580 0.0998124 0.0577393 0.2682788 0.0814870 0.1692267 0.1312883 0.0678322 0.0915877 0.0572669 0.1532328 0.1525333 0.1645124 0.1505003 0.1561889 0.1382641 0.1547716 0.1143962 0.1519463 0.1468336 0.2649912 0.2368814 0.1356834 0.1381502 0.1670752 0.0000000 0.2489068 0.0571460 0.1110346 0.1388578 0.1922618 0.1833718 0.1684924 0.1194659 0.0848512 0.1603374 0.0565806 0.0749078 0.0994117 0.0630673 0.1486050 0.1670844 0.1406843 0.0729952 0.1020954 0.1143962 0.1769330 0.0519521 0.1399568 0.1146556 0.0565987 0.1797604 0.0779956 0.2379865 0.0881438 0.1709743 0.1336576 0.1686200 0.1250816 0.1542136 0.1317096 0.1028142 0.1142629 0.1468625 0.1411407 
S1223      0.2589430 0.3553145 0.2586611 0.3286207 0.3960465 0.3102811 0.2597456 0.3173685 0.5242591 0.2427009 0.2814168 0.2311536 0.3630189 0.2996798 0.2744702 0.3634641 0.2999520 0.3069248 0.2806656 0.2734620 0.2005547 0.0473249 0.2953439 0.2875153 0.2829570 0.2581125 0.2951881 0.2546915 0.3306735 0.3026184 0.2187921 0.2906120 0.2782568 0.2871162 0.3636858 0.3125280 0.3366284 0.3308936 0.0267918 0.0042852 0.3266832 0.3020550 0.3748879 0.2489068 0.0000000 0.2671825 0.3206238 0.3311668 0.3468759 0.3618182 0.2802247 0.2685856 0.2510461 0.3142952 0.2545795 0.2653054 0.3136525 0.2541784 0.3264958 0.4051127 0.3196070 0.2608493 0.3007505 0.3125280 0.3525334 0.2370969 0.4186235 0.3035280 0.2323706 0.3583292 0.2833603 0.4180709 0.3023918 0.3236169 0.3428164 0.3696646 0.3048634 0.3136236 0.3757465 0.2751556 0.2701575 0.3507434 0.2952941 
S1227      0.0685188 0.1189245 0.0225371 0.1175504 0.1124271 0.1721411 0.1296907 0.1362401 0.2099458 0.1113267 0.0274781 0.0277032 0.1286483 0.0625799 0.1590133 0.1603958 0.1093582 0.1165735 0.0636590 0.0815851 0.0106617 0.2975766 0.0866776 0.1678929 0.1008574 0.0270998 0.0689212 0.0272792 0.1353790 0.1315040 0.1322327 0.1297982 0.1365990 0.1215992 0.1471462 0.0905696 0.1584372 0.1533369 0.2767885 0.2545428 0.1194544 0.1434345 0.1592634 0.0571460 0.2671825 0.0000000 0.0586626 0.1059208 0.1473987 0.1396319 0.1738490 0.1063270 0.0370122 0.1388146 0.0043272 0.0325252 0.0991081 0.0471642 0.0910496 0.1315503 0.0976644 0.0367565 0.0679748 0.0905696 0.1336798 0.0087700 0.1525183 0.1081701 0.0274339 0.1244918 0.0316772 0.2094926 0.0820082 0.1364807 0.1391769 0.1386988 0.1232617 0.1335993 0.1338005 0.0740024 0.1077887 0.1524275 0.1092890 
S1235sl    0.1129385 0.1498627 0.0642451 0.1708170 0.1448200 0.1955318 0.1554017 0.1640749 0.2469256 0.1305756 0.0703734 0.0710166 0.1857593 0.0814607 0.1903360 0.1785548 0.1626436 0.1634919 0.0949507 0.1069914 0.0457951 0.3544923 0.1132668 0.2002381 0.1263375 0.0693533 0.0942965 0.0698528 0.1956963 0.1814610 0.1521481 0.1716489 0.1956945 0.2017113 0.1985369 0.1119958 0.2108409 0.2055127 0.3054803 0.3060904 0.1832557 0.1838854 0.1789280 0.1110346 0.3206238 0.0586626 0.0000000 0.1329724 0.1797073 0.1828041 0.2065570 0.1566648 0.0813173 0.1899056 0.0527224 0.0766516 0.1354380 0.0707475 0.1091873 0.1679636 0.1387048 0.0474188 0.0814071 0.1119958 0.1761695 0.0480035 0.1842404 0.1355816 0.0702668 0.1934586 0.0636787 0.2326504 0.1358835 0.1693753 0.1813347 0.1815782 0.1901762 0.1735594 0.1738386 0.0981989 0.1412132 0.1915123 0.1365558 
