110
PAFTOL_019361 0.0000000 0.1635957 0.0000010 0.1840075 0.2039786 0.1737493 0.1944576 0.1396423 0.0000010 0.2479236 0.1471688 0.1871652 0.1660733 0.1280164 0.1842491 0.1558221 0.2136387 0.2110257 0.1789645 0.1517906 0.1985748 3.4066722 0.1525635 0.1622974 0.2295769 0.1342977 0.1811607 0.2205567 0.1650732 0.1483080 0.1610089 0.1575545 0.0000010 0.1543913 3.4066722 0.1579989 0.1809923 0.1712563 0.2153275 0.1996416 0.1427183 0.1903519 0.1517906 0.1528576 0.1712731 0.1491952 0.1621902 0.1509332 0.1354029 0.1512898 0.1461100 0.1814490 0.1713798 0.0000010 0.0000010 0.1747302 0.1490367 1.5316134 0.1495918 0.1308787 0.1523049 0.1643910 0.1425496 0.1955858 0.1851705 0.1524675 0.1810770 0.2108462 0.1524947 0.1516307 0.1434907 0.1941924 0.1574738 3.4066722 0.1851475 0.1779503 0.2041300 0.1387466 0.1820328 0.1934701 0.0957228 0.1365580 0.1766926 0.1081799 0.1635484 0.1536344 0.1678982 0.1651453 0.1592761 0.1926432 0.1841720 0.1611309 0.1916553 0.1221778 0.1372107 0.1807317 0.1917414 0.1740056 0.1685066 0.1314650 0.1962444 0.1532965 0.1445832 0.1478124 0.1197797 0.1983085 0.1396607 0.1448867 0.2001530 0.1211149 
S0055         0.1635957 0.0000000 0.0876288 0.0818655 0.0956017 0.0388351 0.0936175 0.0669344 0.0676856 0.0743038 0.0854398 0.1224941 0.0863827 0.0788189 0.0877399 0.0412722 0.0611155 0.0573684 0.0807479 0.0698545 0.0896716 0.1123525 0.0810268 0.0965574 0.0909782 0.1023523 0.0935554 0.0604139 0.0516637 0.0882278 0.0939504 0.0563042 0.0566537 0.0791014 0.1245425 0.1197320 0.0726733 0.0909821 0.1283461 0.0551186 0.0730056 0.0545799 0.0698545 0.0728971 0.1051495 0.1183835 0.0710899 0.0807296 0.0690183 0.0741238 0.0960853 0.0794741 0.0907862 0.0983864 0.0714604 0.0978240 0.1342140 2.3224858 0.0899579 0.0997362 0.1073532 0.0897296 0.0750966 0.0571199 0.0953494 0.1074967 0.0494937 0.0746764 0.0811904 0.0848183 0.0778624 0.0807132 0.1174198 0.1247653 0.0522564 0.1195448 0.0836310 0.0481124 0.0388534 0.0340674 0.0048130 0.0881055 0.0542945 0.0656412 0.0645878 0.0721976 0.0888791 0.0333544 0.0726848 0.0924192 0.1012094 0.0818007 0.0497710 0.0765761 0.0723656 0.0527409 0.0953031 0.0384915 0.1218449 0.0498957 0.0984885 0.0818043 0.0878414 0.0909016 0.0668142 0.1627668 0.0763848 0.0812657 0.0903605 0.0553665 
S0196sl       0.0000010 0.0876288 0.0000000 0.1013362 0.0550095 0.0713655 0.0852035 0.1034768 0.0629099 0.0553190 0.0000010 0.1319575 0.0960721 0.0954907 0.1039977 0.0558925 0.0719427 0.0695950 0.0941554 0.0256951 0.1063610 0.0791751 0.0850661 0.1025252 0.1780510 0.1155651 0.0000010 0.0714014 0.0214827 0.0772089 0.1223000 0.0889233 0.0558925 0.0259695 0.0978320 0.1743418 0.1134655 0.0791751 0.1335545 0.0823392 0.0256951 0.0957025 0.0256951 0.0324025 0.1179015 0.1092052 0.0732591 0.1214570 0.0538818 0.0773049 0.1195545 0.1111857 0.1196215 0.1095461 0.1653324 0.0468825 0.2243498 0.0000010 0.1082208 0.1412046 0.1960895 0.1015659 0.0861128 0.0971774 0.1134300 0.2118568 0.0723013 0.0706329 0.0956369 0.1028549 0.1231105 0.0931250 0.1157305 0.0981200 0.0714014 0.1176053 0.0885012 0.0000010 0.0719791 0.0493376 0.0586625 0.1125800 0.0815195 0.0935658 0.1125685 0.1040063 0.0931250 0.0639792 0.0256951 0.0872539 0.0398061 0.1214818 0.0645011 0.1216248 0.0877279 0.0988877 0.1040055 0.0547585 0.1624250 0.1054555 0.1337264 0.0954907 0.1076049 0.1211733 0.0618793 0.1653020 0.0540372 0.0954130 0.1142402 0.0542819 
S0278         0.1840075 0.0818655 0.1013362 0.0000000 0.1007370 0.0902851 0.0241743 0.0718182 0.0812570 0.1144056 0.0409947 0.1237475 0.0309870 0.0659151 0.1031144 0.0869565 0.1045355 0.0957231 0.0360584 0.0857055 0.1006002 0.0904693 0.0284133 0.0915284 0.1155356 0.0978809 0.0207847 0.0969921 0.0839398 0.0331946 0.0631622 0.0821304 0.0700615 0.0900474 0.1140734 0.1193607 0.1072813 0.0985117 0.1114777 0.1044305 0.0889883 0.1086031 0.0857055 0.0888488 0.0964873 0.1094274 0.0501504 0.0573138 0.0706430 0.0785009 0.0878037 0.0898273 0.0911858 0.0775784 0.0805813 0.1043355 0.1303627 1.1604310 0.0794200 0.0884754 0.1132473 0.0978396 0.0679156 0.1148353 0.0935436 0.1106119 0.0935203 0.1187954 0.0359215 0.0603391 0.0626975 0.0045210 0.1110669 0.1142745 0.0939616 0.1116178 0.0703086 0.0675991 0.0906705 0.0826252 0.0527264 0.0778844 0.1051543 0.0532403 0.0717236 0.0712539 0.0257763 0.0673367 0.0885902 0.0308231 0.1077049 0.0630242 0.0973815 0.0724789 0.0679045 0.0980409 0.0285333 0.0966296 0.0916079 0.0751739 0.0779738 0.0749735 0.0576365 0.0885927 0.0684792 0.1451103 0.0771438 0.0677988 0.1130090 0.0625768 
S0281         0.2039786 0.0956017 0.0550095 0.1007370 0.0000000 0.0889694 0.1103352 0.1006232 0.0901922 0.1112206 0.1299250 0.1321628 0.1053786 0.0943290 0.0942292 0.0855983 0.1098217 0.1068092 0.1098117 0.0385289 0.1047724 0.1115582 0.0958182 0.1192347 0.1336259 0.1292752 0.1368268 0.1083699 0.0887620 0.0999623 0.1369012 0.0924325 0.0852010 0.0412320 0.1366350 0.1449093 0.1093161 0.1271591 0.1417654 0.1033048 0.0412330 0.1075617 0.0385289 0.0410696 0.1309258 0.1343970 0.1118746 0.1090998 0.0715015 0.0976130 0.1180375 0.1076052 0.1251972 0.0978981 0.1515370 0.0665850 0.1514579 2.4137248 0.1260698 0.1291991 0.1425176 0.1157507 0.0927461 0.1003533 0.1196924 0.1313595 0.0852883 0.1321139 0.0998377 0.1267397 0.1162674 0.1023457 0.1359171 0.1368749 0.0988740 0.1360866 0.0932128 0.0918955 0.0893566 0.0841781 0.0504877 0.1071493 0.1072223 0.0924305 0.1067512 0.1028252 0.1080552 0.0893792 0.0410705 0.1240549 0.0695895 0.1299308 0.0897394 0.1035964 0.0908588 0.0927923 0.1191076 0.0881990 0.1540525 0.0849596 0.1007260 0.0904244 0.1185225 0.1160338 0.0721605 0.1728418 0.0661613 0.0936715 0.1099912 0.0661087 
S0282         0.1737493 0.0388351 0.0713655 0.0902851 0.0889694 0.0000000 0.0992663 0.0691888 0.0169714 0.0570833 0.0932376 0.1287602 0.0890184 0.0813108 0.0779396 0.0090217 0.0233221 0.0627522 0.0899872 0.0723194 0.0841006 0.1235429 0.0806463 0.0989402 0.0909016 0.1090994 0.1080563 0.0329971 0.0199529 0.0820491 0.0864816 0.0636076 0.0083070 0.0630151 0.1427651 0.1168701 0.0810607 0.1010940 0.1158878 0.0332591 0.0754857 0.0182155 0.0723194 0.0724905 0.1106956 0.1208089 0.0642712 0.0841794 0.0631572 0.0825294 0.0984586 0.0842226 0.0992105 0.0965276 0.1078410 0.0942524 0.1298167 1.1604310 0.0958171 0.1024575 0.1078090 0.0893985 0.0748859 0.0544287 0.0879182 0.1149905 0.0136256 0.0640095 0.0865446 0.0776425 0.0871476 0.0890115 0.1057879 0.1430126 0.0159813 0.1219304 0.0801985 0.0602662 0.0113497 0.0115401 0.0251806 0.0839440 0.0491243 0.0631808 0.0721399 0.0687991 0.0886561 0.0339375 0.0751536 0.0922390 0.0975878 0.0804568 0.0136971 0.0819521 0.0779006 0.0258584 0.1019491 0.0211204 0.1212439 0.0518904 0.1010491 0.0843021 0.0816820 0.0903682 0.0631614 0.1382580 0.0788844 0.0772977 0.0911894 0.0577861 
S0289         0.1944576 0.0936175 0.0852035 0.0241743 0.1103352 0.0992663 0.0000000 0.0827430 0.0823541 0.1179821 0.0457905 0.1346304 0.0166307 0.0793716 0.1127893 0.0957375 0.1110984 0.0986310 0.0265610 0.0912341 0.1140258 0.1034777 0.0370081 0.0882060 0.1295718 0.1079644 0.0310362 0.0992833 0.0940208 0.0344968 0.0646898 0.0781329 0.0702855 0.0989679 0.1232141 0.1282462 0.1071182 0.1082231 0.1104288 0.1110774 0.0916843 0.1184962 0.0912341 0.0945176 0.0902755 0.1277291 0.0568304 0.0502650 0.0813527 0.0899994 0.0844373 0.0894619 0.0878679 0.0676040 0.0857598 0.1112428 0.1327315 1.1604310 0.0785921 0.0821150 0.1088131 0.0974032 0.0727072 0.1211462 0.1058409 0.1125453 0.1026895 0.1322493 0.0292813 0.0617911 0.0556528 0.0239373 0.1197510 0.1234428 0.1031847 0.1256632 0.0752233 0.0840210 0.0965485 0.0882206 0.0604063 0.0828201 0.1148445 0.0463966 0.0886340 0.0762132 0.0265445 0.0803117 0.0942333 0.0263347 0.1147925 0.0645455 0.1068093 0.0835343 0.0813769 0.1075623 0.0190776 0.1059464 0.0782821 0.0799525 0.0892454 0.0891077 0.0618095 0.0973244 0.0791677 0.1625444 0.0793844 0.0754386 0.1237993 0.0728838 
S0292         0.1396423 0.0669344 0.1034768 0.0718182 0.1006232 0.0691888 0.0827430 0.0000000 0.0773805 0.1018612 0.0712777 0.1183046 0.0709726 0.0519802 0.0847117 0.0661299 0.0881784 0.0776612 0.0743952 0.0804712 0.0946861 0.1103738 0.0649880 0.0815799 0.1145750 0.1017635 0.0669740 0.0725036 0.0566966 0.0845563 0.0740873 0.0819569 0.0661351 0.0840167 0.1294440 0.1237072 0.0943870 0.1022617 0.1116390 0.0850318 0.0837171 0.0864574 0.0804712 0.0835879 0.0990150 0.1278642 0.0614835 0.0684608 0.0682480 0.0848875 0.0874856 0.0864589 0.0908301 0.1018313 0.0727915 0.0992248 0.1267509 1.1604310 0.0880207 0.0919119 0.1169129 0.0884005 0.0514244 0.0832640 0.0541234 0.1082315 0.0721807 0.1043468 0.0767394 0.0747852 0.0769260 0.0708317 0.1118514 0.1296725 0.0782671 0.1262225 0.0616969 0.0000021 0.0726128 0.0676062 0.0388883 0.0331800 0.0801581 0.0619383 0.0306857 0.0231047 0.0732602 0.0698673 0.0833440 0.0906935 0.1025762 0.0712993 0.0756733 0.0335637 0.0487923 0.0703952 0.0857351 0.0784309 0.1079782 0.0720985 0.0663073 0.0489792 0.0713976 0.0824672 0.0660627 0.1571555 0.0720038 0.0623776 0.0976498 0.0601722 
S0293         0.0000010 0.0676856 0.0629099 0.0812570 0.0901922 0.0169714 0.0823541 0.0773805 0.0000000 0.0262573 0.0000010 0.1072229 0.0771360 0.0887437 0.0932288 0.0083744 0.0261421 0.0612483 0.0770765 0.0770120 0.0772468 0.0717086 0.0705839 0.1053839 0.1201451 0.1090214 0.0000010 0.0214923 0.0000010 0.0660406 0.0819605 0.0786967 0.0083744 0.0551834 0.0913825 0.1654636 0.1020315 0.0788152 0.1167674 0.0311142 0.0770120 0.0257937 0.0770120 0.0823311 0.1144257 0.1136209 0.0516212 0.0779808 0.0667094 0.0840373 0.1096968 0.0830040 0.1097384 0.1086866 0.0821871 0.1056460 0.1876531 0.0000010 0.1160563 0.1370430 0.1777031 0.0996449 0.0660643 0.0609995 0.0984632 0.1730364 0.0170989 0.0609208 0.0826970 0.0704653 0.0840867 0.0706953 0.1088036 0.0915672 0.0169764 0.1189071 0.0792718 0.0000010 0.0172008 0.0130850 0.0376430 0.1001205 0.0563973 0.0662175 0.0766350 0.0713876 0.0759393 0.0516477 0.0770120 0.0707282 0.1057076 0.0815852 0.0171957 0.1026673 0.0880174 0.0262308 0.0833767 0.0360543 0.1076358 0.0779145 0.1074632 0.0887298 0.0733998 0.1106866 0.0610734 0.1495994 0.0941113 0.0760324 0.0880999 0.0618451 
S0294         0.2479236 0.0743038 0.0553190 0.1144056 0.1112206 0.0570833 0.1179821 0.1018612 0.0262573 0.0000000 0.1399312 0.1557185 0.1066152 0.1111979 0.1062584 0.0489204 0.0749691 0.0922847 0.1140425 0.0864346 0.1031762 0.1198502 0.1070750 0.1107923 0.1225524 0.1460946 0.1539783 0.0710683 0.0566865 0.0913493 0.1107608 0.0969782 0.0260206 0.1030827 0.1385714 0.1590242 0.1027113 0.1337693 0.1461220 0.0805237 0.0868508 0.0625044 0.0864346 0.0866430 0.1291806 0.1536620 0.0875017 0.1018286 0.0825442 0.1037369 0.1164994 0.1056608 0.1173918 0.1054535 0.0724868 0.1155618 0.1784071 2.3224858 0.1143355 0.1207799 0.1516728 0.0986289 0.0980147 0.0828949 0.1325907 0.1487922 0.0573492 0.0964066 0.1102916 0.1013962 0.0957448 0.1127684 0.1436819 0.1388080 0.0601890 0.1467738 0.0977038 0.1438595 0.0602598 0.0583766 0.0522070 0.1212856 0.0828555 0.0834673 0.1081945 0.1043004 0.1122634 0.0636710 0.0893512 0.1083922 0.1191010 0.1043565 0.0576873 0.1130772 0.1045410 0.0719064 0.1201880 0.0687603 0.1391293 0.0925004 0.1159264 0.1218370 0.1022989 0.1273122 0.0921183 0.1723572 0.1096984 0.1043784 0.1166382 0.0856750 
S0299         0.1471688 0.0854398 0.0000010 0.0409947 0.1299250 0.0932376 0.0457905 0.0712777 0.0000010 0.1399312 0.0000000 0.1671445 0.0273687 0.0706219 0.1197323 0.0993882 0.1257040 0.1398199 0.0649359 0.0901140 0.1429308 0.0000010 0.0575882 0.0851254 0.1339099 0.1162538 0.0591074 0.1064125 0.1376005 0.0886459 0.0644611 0.0943917 0.0000010 0.0978488 0.0000010 0.1174783 0.1163505 0.1455949 0.1221259 0.1075342 0.0901140 0.1075308 0.0901140 0.0901140 0.1065453 0.1152321 0.0645077 0.0455533 0.0759737 0.1025876 0.0714038 0.1150293 0.0925814 0.0000010 0.0000010 0.1152152 0.1146770 1.5316134 0.0670371 0.0518522 0.0853733 0.1294716 0.0771132 0.1205015 0.1042148 0.0992173 0.0997698 0.1512590 0.0333927 0.0651490 0.0573331 0.0457905 0.1161665 0.0000010 0.1166928 0.1273560 0.1105071 0.0712777 0.1003488 0.1092156 0.0572781 0.0786013 0.0910299 0.0356395 0.0928661 0.0711917 0.0392949 0.0726518 0.0968321 0.0666069 0.1234227 0.0645077 0.1075827 0.0783220 0.0705709 0.0923622 0.0452482 0.1003488 0.0961455 0.0719312 0.1138185 0.0924050 0.0576876 0.0996076 0.0638660 0.1514499 0.0720704 0.0759470 0.1352220 0.0570384 
S0308         0.1871652 0.1224941 0.1319575 0.1237475 0.1321628 0.1287602 0.1346304 0.1183046 0.1072229 0.1557185 0.1671445 0.0000000 0.1186190 0.1238157 0.1369202 0.1248617 0.1526298 0.1406886 0.1201296 0.1085107 0.1436962 0.0865686 0.1191465 0.1366268 0.1852527 0.0646109 0.1704991 0.1541095 0.1253749 0.1190338 0.1328532 0.1282707 0.0946771 0.1199359 0.0994576 0.1854497 0.1531525 0.0694244 0.1581877 0.1438089 0.1121299 0.1493009 0.1085107 0.1119344 0.1486676 0.0726811 0.1114049 0.1190688 0.1149149 0.0541709 0.1386599 0.1380539 0.1394586 0.1264378 0.0929637 0.1389759 0.2143642 2.4137248 0.1449549 0.1470539 0.1836388 0.1406251 0.1162398 0.1324609 0.1550131 0.1844000 0.1257696 0.1646117 0.1160712 0.1228245 0.1234050 0.1219285 0.0656012 0.0996407 0.1399728 0.0807798 0.1406509 0.1230751 0.1226261 0.1213042 0.0776305 0.1388153 0.1384717 0.1095219 0.1247854 0.1205209 0.1244715 0.1260659 0.1115950 0.1324553 0.1427710 0.1259771 0.1195337 0.1214492 0.1161938 0.1451518 0.1363740 0.1359634 0.1570977 0.1224352 0.1531141 0.1320729 0.1327114 0.1332966 0.1128664 0.1869278 0.1050165 0.1162329 0.1462346 0.0996674 
S0320         0.1660733 0.0863827 0.0960721 0.0309870 0.1053786 0.0890184 0.0166307 0.0709726 0.0771360 0.1066152 0.0273687 0.1186190 0.0000000 0.0762083 0.1046463 0.0857443 0.1030265 0.0913681 0.0281908 0.0902395 0.1026815 0.0969157 0.0356333 0.0815865 0.1202501 0.0966739 0.0256898 0.0923745 0.0716969 0.0361252 0.0624107 0.0782792 0.0659241 0.0946399 0.1154810 0.1232671 0.0992490 0.0940782 0.1099588 0.0999027 0.0906670 0.1070592 0.0902395 0.0933870 0.0864567 0.1119505 0.0495560 0.0484048 0.0752963 0.0804830 0.0780675 0.0826923 0.0812875 0.0736147 0.0724537 0.1103738 0.1338056 1.1604310 0.0753752 0.0786449 0.1109759 0.0934215 0.0615484 0.1131958 0.0984131 0.1083174 0.0922014 0.1228888 0.0279381 0.0596241 0.0535774 0.0281280 0.1052888 0.1156867 0.0926315 0.1102308 0.0841431 0.0643850 0.0864340 0.0785283 0.0522776 0.0885237 0.1036674 0.0475218 0.0841424 0.0704216 0.0255811 0.0712696 0.0931175 0.0390674 0.1138064 0.0622758 0.0959948 0.0801002 0.0751740 0.0966357 0.0208787 0.0952645 0.0809272 0.0769278 0.0915364 0.0854835 0.0569553 0.0902135 0.0731710 0.1586819 0.0767403 0.0695522 0.1150435 0.0643486 
S0335         0.1280164 0.0788189 0.0954907 0.0659151 0.0943290 0.0813108 0.0793716 0.0519802 0.0887437 0.1111979 0.0706219 0.1238157 0.0762083 0.0000000 0.0907398 0.0780856 0.1012866 0.0896004 0.0742178 0.0685082 0.1011354 0.1174440 0.0624401 0.0760974 0.1227239 0.1105594 0.0794346 0.1033489 0.0829683 0.0736809 0.0858070 0.0726059 0.0770206 0.0813102 0.1487277 0.1093555 0.0847951 0.1013950 0.1018023 0.0983561 0.0715893 0.0931824 0.0685082 0.0714851 0.0866489 0.1198615 0.0634844 0.0627151 0.0515389 0.0783418 0.0782351 0.0714476 0.0814417 0.0845928 0.1190701 0.0935998 0.1233932 1.1604310 0.0784335 0.0852887 0.1099925 0.0784465 0.0404362 0.0992075 0.0663256 0.1009911 0.0844539 0.1183123 0.0679716 0.0770503 0.0766508 0.0704728 0.1173299 0.1489824 0.0908233 0.1216506 0.0393593 0.0254292 0.0816582 0.0737009 0.0442802 0.0549020 0.0898938 0.0423797 0.0517743 0.0489452 0.0729091 0.0788017 0.0712811 0.0742697 0.0969118 0.0798392 0.0881731 0.0522862 0.0408368 0.0859948 0.0823585 0.0875041 0.1007513 0.0604107 0.0461691 0.0113881 0.0799490 0.0732904 0.0493250 0.1450736 0.0720097 0.0515797 0.1072989 0.0438188 
S0376         0.1842491 0.0877399 0.1039977 0.1031144 0.0942292 0.0779396 0.1127893 0.0847117 0.0932288 0.1062584 0.1197323 0.1369202 0.1046463 0.0907398 0.0000000 0.0750640 0.0975578 0.0863216 0.0999548 0.0814257 0.0363296 0.1327672 0.0899071 0.0967694 0.1109096 0.1269220 0.1423584 0.0997913 0.0659471 0.0951624 0.1000953 0.0816949 0.0814604 0.0905202 0.1580580 0.1228844 0.0816659 0.1236047 0.1211935 0.1010147 0.0847169 0.0956257 0.0814257 0.0787675 0.0928514 0.1435808 0.0859081 0.0810990 0.0632960 0.1015585 0.0989186 0.0888848 0.1024935 0.0840352 0.0887252 0.1065691 0.1312163 1.1604310 0.1058438 0.1061690 0.1162536 0.0969577 0.0899868 0.0729038 0.0969182 0.1199924 0.0754825 0.1290789 0.0960443 0.0969013 0.0966991 0.1016375 0.1232638 0.1583191 0.0813868 0.1487496 0.0966908 0.0815215 0.0754331 0.0703972 0.0526099 0.0942081 0.0901686 0.0688419 0.0846491 0.0869680 0.1041722 0.0852611 0.0843346 0.1061932 0.1131022 0.0998797 0.0759428 0.0884909 0.0841559 0.0946920 0.1150030 0.0781956 0.1177524 0.0690181 0.1013157 0.0938185 0.1062325 0.0998427 0.0694839 0.1588297 0.0817944 0.0928813 0.0519029 0.0606645 
S0400         0.1558221 0.0412722 0.0558925 0.0869565 0.0855983 0.0090217 0.0957375 0.0661299 0.0083744 0.0489204 0.0993882 0.1248617 0.0857443 0.0780856 0.0750640 0.0000000 0.0234278 0.0630641 0.0866693 0.0692131 0.0808449 0.1116756 0.0745391 0.0895429 0.0913879 0.1020281 0.1139639 0.0304311 0.0159847 0.0749631 0.0832222 0.0610971 0.0000010 0.0600525 0.1307620 0.1164385 0.0785061 0.0942520 0.1088454 0.0306696 0.0723306 0.0230314 0.0692131 0.0693758 0.1071531 0.1169545 0.0612378 0.0809249 0.0574222 0.0792503 0.0950584 0.0809664 0.0957804 0.0965245 0.0905044 0.0908445 0.1326320 1.1604310 0.0923418 0.0989853 0.1105391 0.0833343 0.0717604 0.0515803 0.0905625 0.1177485 0.0136853 0.0581874 0.0832836 0.0744881 0.0780272 0.0857378 0.0989640 0.1309940 0.0160519 0.1181239 0.0769241 0.0657525 0.0113993 0.0115915 0.0277104 0.0806998 0.0463345 0.0600840 0.0690448 0.0657618 0.0912163 0.0312909 0.0720159 0.0886070 0.0941320 0.0772721 0.0137575 0.0728955 0.0747357 0.0233472 0.0984952 0.0261151 0.1120135 0.0521433 0.0975425 0.0810408 0.0784407 0.0929781 0.0601900 0.1238814 0.0756724 0.0741635 0.0878179 0.0548696 
S0405         0.2136387 0.0611155 0.0719427 0.1045355 0.1098217 0.0233221 0.1110984 0.0881784 0.0261421 0.0749691 0.1257040 0.1526298 0.1030265 0.1012866 0.0975578 0.0234278 0.0000000 0.0752712 0.1041916 0.0915929 0.1042551 0.1316903 0.0942861 0.1200099 0.1116448 0.1286629 0.1254138 0.0490200 0.0203281 0.0937758 0.0942715 0.0792722 0.0170532 0.0814237 0.1576009 0.1474042 0.0978086 0.1234068 0.1311751 0.0494399 0.0950520 0.0381150 0.0915929 0.0918190 0.1391421 0.1444771 0.0742522 0.0981006 0.0786381 0.1028402 0.1259244 0.1069511 0.1203895 0.1208649 0.1012539 0.1120343 0.1613418 1.1604310 0.1190255 0.1226022 0.1369392 0.1136228 0.0912114 0.0695079 0.1084889 0.1448841 0.0283098 0.0797417 0.1004937 0.0850993 0.1012250 0.1030179 0.1280334 0.1500122 0.0207953 0.1452759 0.0942046 0.0869569 0.0259393 0.0211748 0.0476684 0.0938467 0.0636614 0.0763864 0.0853424 0.0817428 0.1087687 0.0504853 0.0946078 0.0976452 0.1123711 0.0880121 0.0283870 0.0927080 0.0975090 0.0415669 0.1134750 0.0417964 0.1340227 0.0610905 0.1160944 0.1044854 0.0927059 0.1203379 0.0786437 0.1552740 0.0925837 0.0936578 0.1056335 0.0701850 
S0412sl       0.2110257 0.0573684 0.0695950 0.0957231 0.1068092 0.0627522 0.0986310 0.0776612 0.0612483 0.0922847 0.1398199 0.1406886 0.0913681 0.0896004 0.0863216 0.0630641 0.0752712 0.0000000 0.0986796 0.0862506 0.1086328 0.1026950 0.0888598 0.1079524 0.0753290 0.1176786 0.1464168 0.0749957 0.0563667 0.0840770 0.1145734 0.0464039 0.0506429 0.0958727 0.1213201 0.1465058 0.0545923 0.1127642 0.1284803 0.0847006 0.0895600 0.0738465 0.0862506 0.0894184 0.1158465 0.1373656 0.0910392 0.0894552 0.0766935 0.0904631 0.1066937 0.1001974 0.1041954 0.0785282 0.0790419 0.1025837 0.1587420 1.1604310 0.1051224 0.1112063 0.1433577 0.1072165 0.0888674 0.0764684 0.1093862 0.1368201 0.0685967 0.0957900 0.0889086 0.1050814 0.0924395 0.0943760 0.1276867 0.1215337 0.0715279 0.1322116 0.0821051 0.0861240 0.0575367 0.0526712 0.0382644 0.0930125 0.0790890 0.0772526 0.0778167 0.0885957 0.0936732 0.0575006 0.0891564 0.1047101 0.0997861 0.1019423 0.0689864 0.0873765 0.0856483 0.0815858 0.1011802 0.0621532 0.1268440 0.0542554 0.0987206 0.0926335 0.1020821 0.1048729 0.0773371 0.1514996 0.0870101 0.0918420 0.0998512 0.0656501 
S0417         0.1789645 0.0807479 0.0941554 0.0360584 0.1098117 0.0899872 0.0265610 0.0743952 0.0770765 0.1140425 0.0649359 0.1201296 0.0281908 0.0742178 0.0999548 0.0866693 0.1041916 0.0986796 0.0000000 0.0914962 0.0967474 0.0972829 0.0334813 0.0827132 0.1287205 0.0975791 0.0199492 0.0994777 0.0832988 0.0388477 0.0629310 0.0823553 0.0658735 0.0959822 0.1158976 0.1199630 0.1069315 0.0982913 0.1050240 0.1010275 0.0919358 0.1082543 0.0914962 0.0946942 0.0876457 0.1155169 0.0499609 0.0509762 0.0761770 0.0843376 0.0791342 0.0838504 0.0824063 0.0688276 0.0732630 0.1109673 0.1304080 1.1604310 0.0823358 0.0854986 0.1046738 0.0916527 0.0649402 0.1144698 0.1087854 0.1051750 0.0932124 0.1279805 0.0334938 0.0601177 0.0561798 0.0355864 0.1062560 0.1161044 0.0936513 0.1137719 0.0850603 0.0720484 0.0873741 0.0793801 0.0526319 0.0865800 0.1048160 0.0501673 0.0860218 0.0766303 0.0382617 0.0805999 0.0885467 0.0391260 0.1144172 0.0627939 0.0970605 0.0810652 0.0761982 0.0977160 0.0330454 0.0963131 0.0837988 0.0780000 0.0925302 0.0835270 0.0574244 0.0914694 0.0740322 0.1568745 0.0857108 0.0732244 0.1152941 0.0680187 
S0419         0.1517906 0.0698545 0.0256951 0.0857055 0.0385289 0.0723194 0.0912341 0.0804712 0.0770120 0.0864346 0.0901140 0.1085107 0.0902395 0.0685082 0.0814257 0.0692131 0.0915929 0.0862506 0.0914962 0.0000000 0.0942213 0.1137106 0.0756944 0.0943354 0.1281867 0.0928578 0.0979049 0.0964839 0.0770035 0.0904895 0.1009611 0.0733245 0.0722011 0.0280570 0.1381189 0.1268470 0.0912103 0.0974378 0.1105546 0.0915239 0.0022285 0.0897904 0.0000010 0.0022258 0.0993334 0.1078872 0.0781822 0.0797094 0.0482772 0.0713661 0.0964433 0.0863433 0.0999038 0.0954036 0.1469356 0.0463705 0.1416156 1.1604310 0.0943207 0.0974620 0.1141212 0.0942880 0.0679811 0.0897702 0.1026907 0.1178242 0.0753548 0.1217038 0.0849692 0.0918591 0.0884044 0.0873917 0.1027037 0.1383538 0.0815239 0.1097289 0.0729369 0.0653940 0.0726265 0.0676201 0.0331864 0.0806595 0.0865538 0.0670678 0.0803905 0.0826795 0.0928097 0.0726467 0.0022204 0.0967802 0.0491148 0.0947446 0.0731145 0.0774932 0.0708832 0.0816375 0.1029749 0.0747604 0.1201596 0.0689784 0.0838114 0.0712352 0.0918627 0.0913821 0.0460834 0.1455583 0.0383903 0.0791638 0.1035989 0.0407128 
S0427         0.1985748 0.0896716 0.1063610 0.1006002 0.1047724 0.0841006 0.1140258 0.0946861 0.0772468 0.1031762 0.1429308 0.1436962 0.1026815 0.1011354 0.0363296 0.0808449 0.1042551 0.1086328 0.0967474 0.0942213 0.0000000 0.1216578 0.0870471 0.1170783 0.1277727 0.1387926 0.1388391 0.1029113 0.0719822 0.0703386 0.1106865 0.0949641 0.0660125 0.0978379 0.1466186 0.1243565 0.1046142 0.1303158 0.1399422 0.0939425 0.0977060 0.1021598 0.0942213 0.0944552 0.1094767 0.1514715 0.0896462 0.0873216 0.0783427 0.1196555 0.1127743 0.1089798 0.1165761 0.0966815 0.0821362 0.1276162 0.1303011 1.1604310 0.1238262 0.1267441 0.1181126 0.1116050 0.0908626 0.0875342 0.1204194 0.1219319 0.0816238 0.1292019 0.0901431 0.1010648 0.1029851 0.0957029 0.1381207 0.1468674 0.0876577 0.1611078 0.1038063 0.0942054 0.0815662 0.0798014 0.0495989 0.1076849 0.0929460 0.0717389 0.1038533 0.0969447 0.0982380 0.0882624 0.0972477 0.1064005 0.1313495 0.1041054 0.0788277 0.1017834 0.0909432 0.0916443 0.1017472 0.0846595 0.1258155 0.0844440 0.1084842 0.1043343 0.1109661 0.1203500 0.0820045 0.1775672 0.0984416 0.0998976 0.0518946 0.0756526 
S0430         3.4066722 0.1123525 0.0791751 0.0904693 0.1115582 0.1235429 0.1034777 0.1103738 0.0717086 0.1198502 0.0000010 0.0865686 0.0969157 0.1174440 0.1327672 0.1116756 0.1316903 0.1026950 0.0972829 0.1137106 0.1216578 0.0000000 0.1028673 0.1203445 0.1563392 0.1116872 3.3119942 0.1165299 0.0612026 0.0475782 0.1344554 0.1034431 0.0599446 0.1047211 0.0082180 0.2154492 0.1220928 0.0388106 0.1690451 0.1068566 0.1122415 0.1418508 0.1137106 0.1200314 0.1232892 0.1100897 0.1071091 0.1274507 0.0971896 0.0753602 0.1245493 0.1093734 0.1245954 0.0732496 0.0658221 0.1324634 0.2404890 3.1177278 0.1296179 0.1511275 0.2343805 0.1203834 0.0974174 0.1434161 0.1401170 0.2202010 0.1247232 0.1198433 0.0920235 0.1208604 0.1345069 0.0851178 0.0997144 0.0082353 0.1235884 0.1096494 0.1039510 2.4065675 0.1178758 0.0954598 0.0744667 0.1355428 0.1439909 0.1284093 0.1102009 0.1101833 0.1008416 0.1165452 0.1137106 0.0584059 0.1325431 0.1338605 0.1119108 0.1240045 0.1091426 0.1417282 0.1035172 0.1303217 0.1622876 0.1088437 0.1345545 0.1174292 0.1351166 0.1202230 0.0979327 0.2282716 0.1204982 0.0962109 0.1534625 0.0813527 
S0478         0.1525635 0.0810268 0.0850661 0.0284133 0.0958182 0.0806463 0.0370081 0.0649880 0.0705839 0.1070750 0.0575882 0.1191465 0.0356333 0.0624401 0.0899071 0.0745391 0.0942861 0.0888598 0.0334813 0.0756944 0.0870471 0.1028673 0.0000000 0.0734955 0.1101641 0.0936464 0.0255210 0.0927640 0.0673819 0.0329424 0.0564926 0.0726208 0.0658707 0.0825359 0.1214024 0.1180077 0.0963665 0.0853304 0.0977188 0.0971832 0.0760438 0.0984154 0.0756944 0.0786920 0.0868054 0.1123871 0.0417033 0.0487700 0.0590608 0.0747814 0.0756444 0.0772647 0.0732270 0.0686209 0.0804675 0.0947616 0.1207424 1.1604310 0.0786657 0.0818824 0.1058227 0.0819234 0.0564280 0.1074706 0.0887828 0.1031473 0.0837570 0.1175375 0.0280390 0.0516610 0.0539911 0.0255307 0.1004591 0.1216168 0.0841515 0.1138429 0.0755173 0.0533055 0.0809881 0.0731012 0.0494429 0.0625442 0.0980386 0.0392362 0.0676417 0.0617797 0.0278312 0.0838755 0.0784690 0.0387692 0.0980240 0.0486119 0.0874344 0.0628120 0.0644644 0.0871410 0.0355535 0.0830773 0.0785009 0.0632196 0.0828998 0.0713063 0.0486788 0.0763068 0.0622854 0.1434473 0.0736133 0.0616193 0.1123025 0.0565599 
S0552sl       0.1622974 0.0965574 0.1025252 0.0915284 0.1192347 0.0989402 0.0882060 0.0815799 0.1053839 0.1107923 0.0851254 0.1366268 0.0815865 0.0760974 0.0967694 0.0895429 0.1200099 0.1079524 0.0827132 0.0943354 0.1170783 0.1203445 0.0734955 0.0000000 0.1326898 0.1270002 0.0988118 0.1149525 0.0882009 0.0840773 0.0857030 0.0914183 0.0930988 0.0957992 0.1394749 0.1237713 0.1069398 0.1077403 0.1232299 0.1124551 0.0947910 0.1050414 0.0943354 0.0975604 0.0379848 0.1295851 0.0809766 0.0767760 0.0734081 0.0896614 0.0159846 0.0210327 0.0160555 0.0171065 0.1095142 0.1184886 0.1438818 1.1604310 0.0213768 0.0282936 0.1319439 0.0165621 0.0755072 0.1245291 0.0864213 0.1268269 0.0901155 0.1379472 0.0706759 0.0916477 0.0739297 0.0902594 0.1336389 0.1397134 0.1089253 0.1272277 0.0868268 0.0644232 0.0843244 0.0852418 0.0646800 0.0828733 0.1103986 0.0614699 0.0766996 0.0789692 0.0869430 0.0960852 0.0972733 0.0839363 0.1220512 0.0916477 0.1000321 0.0710445 0.0726768 0.1090648 0.0909786 0.0992590 0.1104343 0.0868219 0.0975769 0.0815846 0.0858925 0.0408916 0.0769078 0.1577245 0.0892702 0.0732678 0.1230158 0.0652910 
S0558         0.2295769 0.0909782 0.1780510 0.1155356 0.1336259 0.0909016 0.1295718 0.1145750 0.1201451 0.1225524 0.1339099 0.1852527 0.1202501 0.1227239 0.1109096 0.0913879 0.1116448 0.0753290 0.1287205 0.1281867 0.1277727 0.1563392 0.1101641 0.1326898 0.0000000 0.1677826 0.1501224 0.1033936 0.0987379 0.1290094 0.1413274 0.0852612 0.1070081 0.1326162 0.1763705 0.1809370 0.0875236 0.1483039 0.1527571 0.1159535 0.1272308 0.1093678 0.1281867 0.1285221 0.1482111 0.1781759 0.1241075 0.1216985 0.1073872 0.1322803 0.1317384 0.1312275 0.1321500 0.1224697 0.1136963 0.1389125 0.1720639 1.1604310 0.1219051 0.1279066 0.1763052 0.1219051 0.1136584 0.1029205 0.1369290 0.1488038 0.0935236 0.1271972 0.1176744 0.1359743 0.1249881 0.1235825 0.1686584 0.1766604 0.0977247 0.1714939 0.1267850 0.1089917 0.0852539 0.0746183 0.0712703 0.1253882 0.1119342 0.1090696 0.1081142 0.1135331 0.1226119 0.0816542 0.1314825 0.1337559 0.1427820 0.1245799 0.0980615 0.1192090 0.1211211 0.1059860 0.1276955 0.0899656 0.1610036 0.0813233 0.1405053 0.1261358 0.1313903 0.1330616 0.1147926 0.1802239 0.1231604 0.1179665 0.1253565 0.0982022 
S0616         0.1342977 0.1023523 0.1155651 0.0978809 0.1292752 0.1090994 0.1079644 0.1017635 0.1090214 0.1460946 0.1162538 0.0646109 0.0966739 0.1105594 0.1269220 0.1020281 0.1286629 0.1176786 0.0975791 0.0928578 0.1387926 0.1116872 0.0936464 0.1270002 0.1677826 0.0000000 0.1221432 0.1337326 0.1187836 0.1122096 0.1212164 0.1148361 0.0956171 0.1039254 0.1169635 0.1470945 0.1392095 0.0665366 0.1332901 0.1313970 0.0963705 0.1258840 0.0928578 0.0962082 0.1323926 0.0786102 0.0962403 0.1041303 0.0955189 0.0448968 0.1291184 0.1283443 0.1332141 0.1293389 0.1025213 0.1162567 0.1658436 1.1604310 0.1241538 0.1238482 0.1456277 0.1275311 0.0999967 0.1360836 0.1449168 0.1499526 0.1127288 0.1494672 0.0937583 0.1111100 0.1041511 0.1027336 0.0317583 0.1258876 0.1200014 0.0809123 0.1266012 0.0929394 0.1092724 0.1043946 0.0705673 0.1219308 0.1287701 0.0969154 0.1147319 0.1170745 0.1117182 0.1022540 0.0959140 0.1140181 0.1199072 0.1142952 0.1171315 0.1043827 0.1094619 0.1282887 0.1134538 0.1161411 0.1378553 0.1060546 0.1425791 0.1186214 0.1111490 0.1236532 0.0995959 0.1741863 0.0955651 0.1094990 0.1350985 0.0835827 
S0624         0.1811607 0.0935554 0.0000010 0.0207847 0.1368268 0.1080563 0.0310362 0.0669740 0.0000010 0.1539783 0.0591074 0.1704991 0.0256898 0.0794346 0.1423584 0.1139639 0.1254138 0.1464168 0.0199492 0.0979049 0.1388391 3.3119942 0.0255210 0.0988118 0.1501224 0.1221432 0.0000000 0.1080479 0.1032302 0.0458450 0.0544115 0.1042689 0.0000010 0.0987758 3.3119942 0.1315678 0.1250532 0.1520362 0.1348622 0.1291445 0.0989498 0.1220880 0.0979049 0.0985389 0.1060133 0.1381498 0.0547534 0.0660753 0.1100894 0.1091824 0.0854186 0.1139752 0.0928743 0.0000010 0.0000010 0.1199936 0.1290089 1.5316134 0.0751429 0.0602727 0.0924492 0.1273975 0.0789355 0.1346277 0.1391749 0.1058351 0.1144211 0.1528175 0.0254959 0.0610325 0.0714484 0.0252749 0.1292356 3.3119942 0.1168533 0.1268091 0.1026225 0.0727409 0.1150435 0.1239270 0.0601270 0.0796636 0.1122443 0.0514933 0.0997501 0.0851414 0.0255048 0.0811753 0.1044033 0.0405466 0.1277356 0.0544482 0.1228543 0.0857758 0.0720588 0.1002608 0.0308195 0.1150435 0.1113956 0.0879860 0.0992147 0.1007950 0.0482560 0.1061774 0.0980609 0.1526970 0.0781055 0.0717826 0.1499144 0.0842295 
S0641         0.2205567 0.0604139 0.0714014 0.0969921 0.1083699 0.0329971 0.0992833 0.0725036 0.0214923 0.0710683 0.1064125 0.1541095 0.0923745 0.1033489 0.0997913 0.0304311 0.0490200 0.0749957 0.0994777 0.0964839 0.1029113 0.1165299 0.0927640 0.1149525 0.1033936 0.1337326 0.1080479 0.0000000 0.0372503 0.0855459 0.0989300 0.0783227 0.0126201 0.0804286 0.1297968 0.1524473 0.0903445 0.1235635 0.1362349 0.0436802 0.0958012 0.0481466 0.0964839 0.0967217 0.1336402 0.1407380 0.0819402 0.1027800 0.0893515 0.1078086 0.1207422 0.0997082 0.1153095 0.1028642 0.1002877 0.1202334 0.1461887 1.1604310 0.1084218 0.1186699 0.1317821 0.1090703 0.0927716 0.0713168 0.1070398 0.1459697 0.0381485 0.0746379 0.0958940 0.0957785 0.1089496 0.0956087 0.1295658 0.1300264 0.0407515 0.1310989 0.0898643 0.0790336 0.0332420 0.0338264 0.0470876 0.0838287 0.0712917 0.0842275 0.0784262 0.0807158 0.0979478 0.0499000 0.0994955 0.1021390 0.1238560 0.0927081 0.0383557 0.0946117 0.0962732 0.0360126 0.0993586 0.0521989 0.1441544 0.0713066 0.1080969 0.1065307 0.1002536 0.1189858 0.0864690 0.1644100 0.1037246 0.0893535 0.1042561 0.0807872 
S0643         0.1650732 0.0516637 0.0214827 0.0839398 0.0887620 0.0199529 0.0940208 0.0566966 0.0000010 0.0566865 0.1376005 0.1253749 0.0716969 0.0829683 0.0659471 0.0159847 0.0203281 0.0563667 0.0832988 0.0770035 0.0719822 0.0612026 0.0673819 0.0882009 0.0987379 0.1187836 0.1032302 0.0372503 0.0000000 0.0898186 0.0616814 0.0615256 0.0000010 0.0611220 0.0612026 0.1170601 0.0659722 0.1172567 0.1313749 0.0372528 0.0770035 0.0199361 0.0770035 0.0770035 0.1141368 0.1487168 0.0529078 0.0777224 0.0614829 0.0900919 0.0979364 0.0730909 0.0834292 0.0941525 0.0863743 0.0878271 0.1205651 0.6226266 0.1007689 0.0942127 0.1090146 0.0735563 0.0766147 0.0666615 0.0822969 0.1154048 0.0200940 0.0614849 0.0874600 0.0574208 0.0822113 0.0874600 0.1116443 0.0739525 0.0078394 0.1446246 0.0632722 0.0702303 0.0158669 0.0199415 0.0403378 0.0716693 0.0772126 0.0600542 0.0620217 0.0565072 0.1033100 0.0338161 0.0820055 0.0954889 0.0987589 0.0522068 0.0201089 0.0522265 0.0714206 0.0289425 0.0933972 0.0334011 0.1128032 0.0420415 0.0838038 0.0823703 0.0624385 0.0935428 0.0668157 0.1256169 0.0670675 0.0770740 0.0879079 0.0569354 
S0645sl       0.1483080 0.0882278 0.0772089 0.0331946 0.0999623 0.0820491 0.0344968 0.0845563 0.0660406 0.0913493 0.0886459 0.1190338 0.0361252 0.0736809 0.0951624 0.0749631 0.0937758 0.0840770 0.0388477 0.0904895 0.0703386 0.0475782 0.0329424 0.0840773 0.1290094 0.1122096 0.0458450 0.0855459 0.0898186 0.0000000 0.0643134 0.0817357 0.0553136 0.0991920 0.0660544 0.1147798 0.0925648 0.0932564 0.1180074 0.0904717 0.0904895 0.0958414 0.0904895 0.0938601 0.0898037 0.1129694 0.0491155 0.0539727 0.0700061 0.0887264 0.0799045 0.0854243 0.0837147 0.0679603 0.0814819 0.1065760 0.1200350 1.1604310 0.0834665 0.0873211 0.0992895 0.0840616 0.0666442 0.0995831 0.1024876 0.1105386 0.0825053 0.1187158 0.0329565 0.0610423 0.0569859 0.0269943 0.1203399 0.0661880 0.0787176 0.1190057 0.0689333 0.1005735 0.0790428 0.0693186 0.0541068 0.0849349 0.0993113 0.0428822 0.0880000 0.0806736 0.0298196 0.0860617 0.0938601 0.0438181 0.1105497 0.0641514 0.0828202 0.0786102 0.0798346 0.0942972 0.0328158 0.0857785 0.0821961 0.0776253 0.0812308 0.0806316 0.0581635 0.0836346 0.0740157 0.1547515 0.0908058 0.0759999 0.1057008 0.0670514 
S0673         0.1610089 0.0939504 0.1223000 0.0631622 0.1369012 0.0864816 0.0646898 0.0740873 0.0819605 0.1107608 0.0644611 0.1328532 0.0624107 0.0858070 0.1000953 0.0832222 0.0942715 0.1145734 0.0629310 0.1009611 0.1106865 0.1344554 0.0564926 0.0857030 0.1413274 0.1212164 0.0544115 0.0989300 0.0616814 0.0643134 0.0000000 0.0909288 0.0706497 0.1043031 0.1476752 0.1249283 0.1158961 0.1042084 0.1103727 0.1096113 0.1014551 0.1045004 0.1009611 0.1042657 0.0967941 0.1146442 0.0091993 0.0596630 0.0850266 0.0966511 0.0878141 0.0835725 0.0912017 0.1066790 0.1004439 0.1253712 0.1226751 1.1604310 0.0947766 0.0946973 0.1189382 0.0979724 0.0737359 0.1214034 0.0987644 0.1100960 0.0896529 0.1392185 0.0652473 0.0113731 0.0740014 0.0623047 0.1195637 0.1479268 0.0900737 0.1225110 0.1037927 0.0654961 0.0868485 0.0789021 0.0645623 0.0888549 0.1086957 0.0509334 0.0796814 0.0762517 0.0647114 0.0908306 0.1039561 0.0687808 0.1290144 0.0112587 0.0934238 0.0690011 0.0908684 0.1031878 0.0711167 0.0967857 0.0909572 0.0840892 0.1051266 0.0955008 0.0410407 0.1035975 0.0829046 0.1355116 0.0929071 0.0935982 0.1234353 0.0766848 
S0689         0.1575545 0.0563042 0.0889233 0.0821304 0.0924325 0.0636076 0.0781329 0.0819569 0.0786967 0.0969782 0.0943917 0.1282707 0.0782792 0.0726059 0.0816949 0.0610971 0.0792722 0.0464039 0.0823553 0.0733245 0.0949641 0.1034431 0.0726208 0.0914183 0.0852612 0.1148361 0.1042689 0.0783227 0.0615256 0.0817357 0.0909288 0.0000000 0.0672219 0.0855053 0.1222355 0.1275268 0.0554989 0.0944544 0.1075359 0.0831644 0.0701414 0.0748785 0.0733245 0.0764239 0.0965339 0.1234056 0.0743599 0.0791909 0.0636016 0.0841730 0.0903450 0.0836043 0.0878213 0.0855663 0.1213453 0.0922843 0.1371660 2.4137248 0.0852847 0.0887581 0.1211916 0.0866455 0.0671771 0.0876702 0.1019050 0.1152336 0.0695486 0.0973062 0.0729099 0.0818724 0.0880960 0.0841166 0.1184378 0.1166368 0.0725282 0.1248575 0.0805547 0.0618249 0.0583142 0.0506676 0.0365749 0.0828227 0.0844475 0.0668019 0.0704611 0.0785755 0.0837612 0.0618521 0.0761990 0.0927011 0.1018465 0.0788798 0.0670965 0.0799433 0.0756462 0.0800141 0.0878435 0.0694425 0.1125017 0.0309016 0.0902646 0.0755291 0.0916478 0.0913578 0.0643458 0.1378239 0.0739850 0.0697124 0.0959575 0.0529268 
S0690         0.0000010 0.0566537 0.0558925 0.0700615 0.0852010 0.0083070 0.0702855 0.0661351 0.0083744 0.0260206 0.0000010 0.0946771 0.0659241 0.0770206 0.0814604 0.0000010 0.0170532 0.0506429 0.0658735 0.0722011 0.0660125 0.0599446 0.0658707 0.0930988 0.1070081 0.0956171 0.0000010 0.0126201 0.0000010 0.0553136 0.0706497 0.0672219 0.0000000 0.0556250 0.0792411 0.1500337 0.0896214 0.0673245 0.1095145 0.0217324 0.0722011 0.0255653 0.0722011 0.0774985 0.1020580 0.1008085 0.0412680 0.0771850 0.0558596 0.0773834 0.0973936 0.0715266 0.0974304 0.0965245 0.0905044 0.1006720 0.1713065 0.0000010 0.1029145 0.1234369 0.1619198 0.0869477 0.0553314 0.0504353 0.0865614 0.1572899 0.0083677 0.0503702 0.0712704 0.0596843 0.0832144 0.0598798 0.0960429 0.0794029 0.0083093 0.1059661 0.0677150 0.0000010 0.0084160 0.0042670 0.0275756 0.0879687 0.0459239 0.0667658 0.0655157 0.0604509 0.0649356 0.0412829 0.0722011 0.0591522 0.1007307 0.0703264 0.0084136 0.0901483 0.0764083 0.0264263 0.0718353 0.0363342 0.1064737 0.0665760 0.0948799 0.0770076 0.0674459 0.0982560 0.0505009 0.1349989 0.0891885 0.0650135 0.0764820 0.0511208 
S0720         0.1543913 0.0791014 0.0259695 0.0900474 0.0412320 0.0630151 0.0989679 0.0840167 0.0551834 0.1030827 0.0978488 0.1199359 0.0946399 0.0813102 0.0905202 0.0600525 0.0814237 0.0958727 0.0959822 0.0280570 0.0978379 0.1047211 0.0825359 0.0957992 0.1326162 0.1039254 0.0987758 0.0804286 0.0611220 0.0991920 0.1043031 0.0855053 0.0556250 0.0000000 0.1293832 0.1357096 0.1074202 0.1022210 0.1238813 0.0783621 0.0306079 0.0798631 0.0280570 0.0305734 0.1100917 0.1050013 0.0813099 0.0927922 0.0569530 0.0753522 0.0979322 0.0870638 0.1014620 0.1030927 0.1501114 0.0573205 0.1492411 1.1604310 0.1055732 0.1054316 0.1258061 0.0989223 0.0803869 0.1023451 0.1094910 0.1334454 0.0659188 0.1158179 0.0833883 0.0951007 0.0988517 0.0917222 0.1060473 0.1296113 0.0718346 0.1068684 0.0829959 0.0531795 0.0632785 0.0613718 0.0388958 0.0901405 0.0902058 0.0709770 0.0898449 0.0862307 0.0972564 0.0730312 0.0304925 0.0985246 0.0601879 0.0980150 0.0692818 0.0838594 0.0805902 0.0661900 0.1077374 0.0665798 0.1358357 0.0780966 0.0973394 0.0776759 0.0964066 0.0958655 0.0490402 0.1531567 0.0490063 0.0769026 0.1041469 0.0491286 
S0724sl       3.4066722 0.1245425 0.0978320 0.1140734 0.1366350 0.1427651 0.1232141 0.1294440 0.0913825 0.1385714 0.0000010 0.0994576 0.1154810 0.1487277 0.1580580 0.1307620 0.1576009 0.1213201 0.1158976 0.1381189 0.1466186 0.0082180 0.1214024 0.1394749 0.1763705 0.1169635 3.3119942 0.1297968 0.0612026 0.0660544 0.1476752 0.1222355 0.0792411 0.1293832 0.0000000 0.2520521 0.1473627 0.0461549 0.2059644 0.1191514 0.1363473 0.1675612 0.1381189 0.1446906 0.1420764 0.1237674 0.1263123 0.1525803 0.1281556 0.0881456 0.1435233 0.1284248 0.1435746 0.0922506 0.0658221 0.1575206 0.2702008 3.1177278 0.1487939 0.1707785 0.2632089 0.1403319 0.1215695 0.1694785 0.1657785 0.2489003 0.1441235 0.1433006 0.1105862 0.1396977 0.1537476 0.1031525 0.1050212 0.0078314 0.1428176 0.1226181 0.1291586 2.4065675 0.1306862 0.1084480 0.0872375 0.1551373 0.1636782 0.1475459 0.1292265 0.1292074 0.1190192 0.1403681 0.1381189 0.0701796 0.1576165 0.1529908 0.1310106 0.1511647 0.1395770 0.1618856 0.1223405 0.1496772 0.1888223 0.1333013 0.1548643 0.1487143 0.1606905 0.1393229 0.1291767 0.2599738 0.1452617 0.1257413 0.1793946 0.1173402 
