100
PAFTOL_019361 0.0000000 0.2789619 0.2589894 0.2470305 0.2725963 0.2668806 0.2905000 0.3378486 0.3193029 0.2867462 0.2784547 0.2878314 0.2251528 0.2543720 0.2531306 0.2868392 0.2885075 0.2431210 0.2832088 0.3390392 0.2933321 0.2701933 0.2883713 0.2733993 0.3285950 0.2735929 0.2615736 0.2614607 0.2232957 0.2411110 0.2654241 0.2772201 0.2746761 0.2567335 0.2690654 0.2569622 0.2509131 0.2687083 0.3607055 0.2924632 0.2728182 0.3246311 0.3172846 0.2613787 0.3702444 0.2707354 0.2722609 0.2757293 0.2790388 0.2669949 0.2810779 0.2921471 0.2874081 0.2715627 0.2541460 0.2883753 0.2465169 0.3221273 0.2425242 0.2587788 0.2898186 0.2862884 0.2800082 0.2636900 0.2932813 0.2741192 0.3271199 0.2956000 0.2812556 0.2577846 0.2672583 0.2445317 0.2643565 0.2615844 0.3091020 0.2654806 0.2809376 0.3146023 0.2577963 0.2496605 0.2992490 0.2306647 0.2447087 0.2670013 0.2646547 0.2632242 0.3066683 0.3005155 0.2779708 0.2466791 0.2563701 0.2811614 0.3035109 0.2807697 0.2735335 0.3248950 0.2291727 0.2544095 0.2860817 0.2438743 
S0055         0.2789619 0.0000000 0.1104980 0.0831932 0.1546048 0.1532117 0.1024692 0.1075888 0.1903275 0.1609722 0.1204205 0.1522841 0.1207846 0.0803159 0.0856914 0.1102447 0.1827435 0.1221348 0.1163907 0.1695105 0.1460918 0.1476204 0.1114856 0.1582688 0.1189264 0.0862016 0.1577398 0.1389771 0.0936447 0.0817825 0.1188147 0.1541874 0.2143012 0.0964047 0.1480187 0.0794136 0.1254161 0.1379054 0.1694919 0.1424024 0.1443039 0.1576100 0.1629668 0.1338465 0.2450164 0.1186965 0.1639016 0.1492968 0.1487700 0.1935516 0.2154267 0.1395391 0.1432860 0.1243440 0.1429789 0.2291413 0.0957291 0.1166077 0.1203814 0.1474965 0.1440386 0.1335419 0.1604758 0.1393648 0.1530186 0.0903963 0.1743909 0.1367279 0.1531030 0.0932720 0.0857261 0.0540613 0.1452279 0.0916715 0.1676973 0.1677295 0.1726461 0.0930543 0.1221339 0.1084239 0.1368440 0.0690355 0.1332404 0.1418252 0.0850550 0.1688587 0.1253928 0.1767513 0.0872097 0.0880937 0.1341638 0.1381646 0.1488882 0.1274698 0.1398664 0.1728053 0.1181573 0.1256210 0.1423755 0.1036322 
S0281         0.2589894 0.1104980 0.0000000 0.0950380 0.1700329 0.1218301 0.1277232 0.1378047 0.1719040 0.1752537 0.1323455 0.1443948 0.1306039 0.0977135 0.0980365 0.1313602 0.1895556 0.0752401 0.1228629 0.1783579 0.1715150 0.1536201 0.1128607 0.1702392 0.1434870 0.1067649 0.1696418 0.1407524 0.1073101 0.1054340 0.0859119 0.1480277 0.2139592 0.1242037 0.1443950 0.0999449 0.0778896 0.0883718 0.1327183 0.1715270 0.1514159 0.1606851 0.1573835 0.1433233 0.2129240 0.0822268 0.2348200 0.1465830 0.1530352 0.1963263 0.2062285 0.1378377 0.1349128 0.1221832 0.1112621 0.2195251 0.1117611 0.1419997 0.0989800 0.1548511 0.1661133 0.1620045 0.1639966 0.1364840 0.1479490 0.1094358 0.1698435 0.1499615 0.1319855 0.1116760 0.1070914 0.1090206 0.1276086 0.1157498 0.1529870 0.1422710 0.1842562 0.1201994 0.0751024 0.0808208 0.1671751 0.0887409 0.1198781 0.1457373 0.1089445 0.1738045 0.1393489 0.2035829 0.1201824 0.1194254 0.1236744 0.1450032 0.1746189 0.1177094 0.1330802 0.1719502 0.0861220 0.1205421 0.1168200 0.1155826 
S0282         0.2470305 0.0831932 0.0950380 0.0000000 0.1153523 0.1360566 0.0276442 0.1064989 0.1643032 0.1287743 0.1087130 0.1363526 0.0906069 0.0076266 0.0115876 0.1028367 0.1396823 0.1011431 0.1090924 0.1511855 0.1161412 0.1412247 0.0931633 0.1185494 0.0791401 0.0155880 0.1155459 0.1188484 0.0696264 0.0059262 0.1109562 0.1335603 0.1951972 0.0982196 0.1335252 0.0155048 0.1041950 0.1234694 0.1562618 0.1133293 0.1047573 0.1409966 0.1350735 0.1176159 0.2385744 0.1083773 0.1609202 0.1395652 0.1425656 0.1668634 0.1807224 0.1170466 0.1437404 0.0974097 0.1044896 0.1971543 0.0237357 0.1131013 0.0849088 0.1084509 0.1128160 0.1079636 0.1135811 0.1308582 0.1397141 0.0300050 0.1652803 0.1226214 0.1456322 0.0257657 0.0176472 0.0814153 0.1032717 0.0671183 0.1154181 0.1530896 0.1340034 0.0897281 0.1038383 0.0924357 0.1143984 0.0038482 0.1060787 0.1234925 0.0260471 0.1251924 0.1029471 0.1293535 0.0763281 0.0687974 0.0948204 0.1218644 0.1212335 0.1129184 0.1300558 0.1583359 0.0994035 0.1003012 0.1170798 0.1071088 
S0289         0.2725963 0.1546048 0.1700329 0.1153523 0.0000000 0.1750856 0.1509591 0.1909503 0.2159498 0.0392471 0.1720254 0.1773069 0.1196394 0.1245915 0.1218192 0.1474673 0.0545183 0.1426657 0.1495603 0.2006395 0.0759134 0.1775226 0.1544585 0.0517474 0.1756484 0.1343550 0.0429247 0.1029537 0.1027794 0.1220240 0.1466499 0.1795950 0.2421843 0.1367301 0.1635906 0.1204195 0.1484821 0.1582142 0.1957570 0.0972016 0.0609103 0.1848459 0.1926761 0.1462671 0.3586528 0.1662835 0.1850648 0.1795697 0.1919308 0.2132980 0.2385763 0.1707943 0.1767293 0.1690175 0.1584845 0.2482956 0.1341052 0.2228232 0.1362196 0.0452754 0.0944907 0.0824541 0.0755259 0.1487517 0.1761757 0.1389039 0.1956316 0.1880176 0.1827885 0.1394672 0.1282815 0.1328265 0.1701831 0.1358990 0.1724205 0.1870220 0.0432020 0.1822347 0.1424780 0.1520619 0.1012216 0.1025531 0.1575805 0.1690872 0.1329083 0.0500534 0.1842692 0.0828535 0.1463279 0.1095528 0.1556211 0.1782290 0.0916463 0.1469091 0.1664676 0.2000200 0.1235030 0.1476237 0.1394285 0.1257060 
S0292         0.2668806 0.1532117 0.1218301 0.1360566 0.1750856 0.0000000 0.1697933 0.1731035 0.1756315 0.1820235 0.1049529 0.1221364 0.1566586 0.1392045 0.1430554 0.1490737 0.1921220 0.1269904 0.1407890 0.1395721 0.1906363 0.1270599 0.1571288 0.1746318 0.1741998 0.1494592 0.1751729 0.1551530 0.1046569 0.1495252 0.1022356 0.1209682 0.2038837 0.1390905 0.1168224 0.1301516 0.1300140 0.1418323 0.1345460 0.1718707 0.1829826 0.1340435 0.1436351 0.1151563 0.2457638 0.1241397 0.1571068 0.1157154 0.1093128 0.1830464 0.1882406 0.1252294 0.0910323 0.1763143 0.0688352 0.1974442 0.1548209 0.1558752 0.0960954 0.1727912 0.1665379 0.1839362 0.1918226 0.1290919 0.1252832 0.1610043 0.1485702 0.1160336 0.0115745 0.1489891 0.1530309 0.1292646 0.0889715 0.1418767 0.0784776 0.0234449 0.1941055 0.1443390 0.1323555 0.1084118 0.1774659 0.1288710 0.0875634 0.0973416 0.1474447 0.1741253 0.1591665 0.2042586 0.1443147 0.1258310 0.0950559 0.1145744 0.1817891 0.1159225 0.1101813 0.1863859 0.1171595 0.0731609 0.1304632 0.0801041 
S0293         0.2905000 0.1024692 0.1277232 0.0276442 0.1509591 0.1697933 0.0000000 0.1472482 0.2079368 0.1655978 0.1492700 0.1772586 0.1234509 0.0275098 0.0377647 0.1336752 0.1798928 0.1249226 0.1431996 0.1807314 0.1468649 0.1827424 0.1328433 0.1590427 0.1157707 0.0376468 0.1548302 0.1637735 0.0858907 0.0239174 0.1520375 0.1700074 0.2322466 0.1249384 0.1712221 0.0323959 0.1322903 0.1571432 0.2193765 0.1573940 0.1421689 0.1726516 0.1558136 0.1584594 0.2972508 0.1176594 0.2049161 0.1742982 0.1894707 0.2003978 0.2081968 0.1498422 0.1698461 0.1137592 0.1322964 0.2212626 0.0451512 0.1363845 0.1073332 0.1422519 0.1558971 0.1338675 0.1551661 0.1530054 0.1810622 0.0478824 0.2154255 0.1590132 0.1822054 0.0448653 0.0378206 0.1040664 0.1539528 0.0857813 0.1481244 0.1913431 0.1748903 0.1141563 0.1352391 0.1125423 0.1506978 0.0232784 0.1392407 0.1706625 0.0482818 0.1641814 0.1240783 0.1703578 0.0994742 0.0849160 0.1260968 0.1635013 0.1631143 0.1364492 0.1542284 0.2055353 0.1334498 0.1428745 0.1486284 0.1270633 
S0294         0.3378486 0.1075888 0.1378047 0.1064989 0.1909503 0.1731035 0.1472482 0.0000000 0.2106645 0.2035543 0.1498992 0.1834914 0.1631674 0.1093503 0.1095577 0.1486872 0.2201603 0.1378929 0.1521558 0.1996050 0.1927625 0.1810422 0.1683908 0.1987470 0.1542815 0.1193168 0.1980107 0.1778414 0.1337602 0.1151370 0.1505209 0.1860920 0.2339315 0.1361526 0.1798662 0.1082705 0.1296709 0.1515929 0.1784443 0.1876463 0.1774244 0.1885454 0.1943330 0.1824061 0.1877327 0.1486849 0.2272612 0.1715246 0.1839824 0.2186888 0.2306369 0.1803005 0.1889992 0.1412788 0.1569169 0.2489317 0.1177435 0.1329914 0.1383959 0.1801029 0.1813736 0.1616513 0.1957164 0.1722149 0.1874943 0.1267191 0.1898456 0.1774871 0.1785064 0.1123115 0.1214545 0.0955500 0.1625780 0.1192475 0.1811841 0.1961626 0.2019125 0.1076145 0.1348584 0.1372010 0.1779099 0.0961554 0.1510341 0.1687652 0.1207063 0.2110200 0.1226626 0.2110960 0.1312208 0.1301987 0.1571122 0.1565348 0.1920785 0.1594052 0.1615879 0.2176300 0.1551300 0.1401880 0.1546301 0.1477972 
S0308         0.3193029 0.1903275 0.1719040 0.1643032 0.2159498 0.1756315 0.2079368 0.2106645 0.0000000 0.2251944 0.1831256 0.1298424 0.1861218 0.1707966 0.1786794 0.2030424 0.2400111 0.1685007 0.1905482 0.1521340 0.2219667 0.2024459 0.1976840 0.2083409 0.2430709 0.1810544 0.2096741 0.2148814 0.1640380 0.1737123 0.1400191 0.1374891 0.2424463 0.1765338 0.1268682 0.1698917 0.1689165 0.1884521 0.1400452 0.2116303 0.1974839 0.1451823 0.2301181 0.2046582 0.3044751 0.1698326 0.1750532 0.2171830 0.2208533 0.2272685 0.2534886 0.1940556 0.1778492 0.1956702 0.1501865 0.2749161 0.1946816 0.2170255 0.1594579 0.2039586 0.2168383 0.1858405 0.2025303 0.1297459 0.1318585 0.1874581 0.1485120 0.2088689 0.1815646 0.1902185 0.1901114 0.1622546 0.1616211 0.1757703 0.1960328 0.1945991 0.2321015 0.2100814 0.1746397 0.1466849 0.2305616 0.1552345 0.1591312 0.1888229 0.1887407 0.2084289 0.1987641 0.1945639 0.1979162 0.1782105 0.1758328 0.2117105 0.2243150 0.1817135 0.1824437 0.1898301 0.1431844 0.1577884 0.1880588 0.1678500 
S0320         0.2867462 0.1609722 0.1752537 0.1287743 0.0392471 0.1820235 0.1655978 0.2035543 0.2251944 0.0000000 0.1817382 0.1987259 0.1398510 0.1385810 0.1356648 0.1672815 0.0496366 0.1607189 0.1682466 0.2328809 0.0848863 0.1852659 0.1728588 0.0544448 0.1863400 0.1489699 0.0454872 0.1125021 0.1184701 0.1355403 0.1512522 0.2013729 0.2504102 0.1456326 0.1923975 0.1340588 0.1668857 0.1691083 0.1874706 0.1093603 0.0585479 0.2095018 0.2044824 0.1467204 0.3593999 0.1686733 0.1880636 0.1873487 0.2001458 0.2161825 0.2466709 0.1782853 0.1839497 0.1696889 0.1775289 0.2566391 0.1486802 0.2328103 0.1451333 0.0474765 0.1069176 0.0994161 0.0786736 0.1691624 0.2006460 0.1536386 0.1908428 0.1777936 0.1892372 0.1542796 0.1425468 0.1447749 0.1845016 0.1417281 0.1822324 0.1943169 0.0605382 0.1910821 0.1605060 0.1542172 0.1138490 0.1191735 0.1700698 0.1746177 0.1400550 0.0545981 0.1855726 0.0861646 0.1555587 0.1282103 0.1638482 0.1879168 0.1012458 0.1564161 0.1675887 0.2231816 0.1390708 0.1583666 0.1572450 0.1344051 
S0335         0.2784547 0.1204205 0.1323455 0.1087130 0.1720254 0.1049529 0.1492700 0.1498992 0.1831256 0.1817382 0.0000000 0.1464157 0.1244061 0.1148432 0.1213274 0.1411140 0.2036454 0.1523141 0.1292037 0.1787729 0.1804403 0.1176968 0.1282668 0.1830179 0.1648797 0.1221570 0.1772824 0.1658271 0.1075318 0.1229047 0.1178288 0.1452167 0.2154425 0.1440710 0.1366804 0.1199113 0.1495470 0.1614896 0.1628606 0.1509617 0.1645349 0.1556853 0.1380576 0.1092297 0.2412393 0.1519725 0.1671781 0.0981132 0.0933529 0.2008568 0.2109948 0.1166782 0.1226032 0.1621544 0.0967665 0.2199322 0.1283548 0.1497443 0.1011031 0.1673774 0.1670845 0.1486641 0.1803847 0.1479143 0.1499681 0.1420800 0.1657705 0.0908777 0.1081177 0.1318515 0.1244270 0.1114284 0.0926751 0.1403188 0.1119794 0.1097805 0.1951983 0.1512866 0.1551441 0.1341873 0.1699362 0.1075914 0.1093594 0.0837717 0.1202794 0.1817921 0.1497626 0.2017150 0.1200647 0.1238518 0.0665853 0.0350622 0.1693989 0.1088242 0.1164363 0.1724914 0.1161815 0.0680364 0.1322593 0.0913139 
S0355         0.2878314 0.1522841 0.1443948 0.1363526 0.1773069 0.1221364 0.1772586 0.1834914 0.1298424 0.1987259 0.1464157 0.0000000 0.1395374 0.1395092 0.1406382 0.1594705 0.1876296 0.1354066 0.1515408 0.0121002 0.1952998 0.1771094 0.1560329 0.1800422 0.1843097 0.1497937 0.1789803 0.2085363 0.1258044 0.1498715 0.1179555 0.0135350 0.1905080 0.1524660 0.0216096 0.1331927 0.1303055 0.1572117 0.0868901 0.1843626 0.1878433 0.0428788 0.2132079 0.1865654 0.2830085 0.1366610 0.1142887 0.1861390 0.1812107 0.1658380 0.1844458 0.1817827 0.1532078 0.1779783 0.1273358 0.1989327 0.1547902 0.1949918 0.1204914 0.1562566 0.1817877 0.1757816 0.2036854 0.0875966 0.0114652 0.1528001 0.1091336 0.1969510 0.1325997 0.1600214 0.1504008 0.1221138 0.1336846 0.1416606 0.1461405 0.1380421 0.2034806 0.1734358 0.1410294 0.1287150 0.1963781 0.1291515 0.1406333 0.1675571 0.1523493 0.1749706 0.1866188 0.2163022 0.1481170 0.1354558 0.1527193 0.1697502 0.2003650 0.1529625 0.1471201 0.1773313 0.0971702 0.1357756 0.1419604 0.1281644 
S0376         0.2251528 0.1207846 0.1306039 0.0906069 0.1196394 0.1566586 0.1234509 0.1631674 0.1861218 0.1398510 0.1244061 0.1395374 0.0000000 0.0880906 0.0940047 0.1282927 0.1446515 0.1301130 0.0693582 0.1730636 0.1213110 0.1491705 0.1180041 0.1203097 0.1291006 0.0910444 0.1124921 0.1137480 0.0680155 0.0967025 0.1380009 0.1432613 0.1866010 0.1101997 0.1329976 0.0896853 0.1368505 0.1440582 0.1568534 0.1254964 0.1175281 0.1737222 0.1670465 0.1349243 0.2563226 0.1244345 0.1333518 0.1549947 0.1625701 0.1609767 0.1793597 0.1522287 0.1665453 0.1201928 0.1310438 0.1743584 0.1056275 0.1887823 0.1107367 0.1205177 0.1220342 0.1197469 0.1336573 0.1468558 0.1400566 0.1084414 0.1638111 0.1580391 0.1687223 0.1112952 0.0995261 0.1056810 0.1516775 0.1295253 0.1638574 0.1632255 0.1342278 0.1523818 0.1330833 0.1271052 0.1153274 0.0859382 0.1431886 0.1469292 0.1007289 0.1247571 0.1490403 0.1555993 0.1158542 0.0814408 0.1410777 0.1373375 0.1243462 0.1181218 0.1232452 0.1602748 0.1159296 0.1234873 0.0607104 0.1154918 
S0400         0.2543720 0.0803159 0.0977135 0.0076266 0.1245915 0.1392045 0.0275098 0.1093503 0.1707966 0.1385810 0.1148432 0.1395092 0.0880906 0.0000000 0.0155651 0.1025581 0.1465193 0.1038226 0.1068100 0.1518286 0.1229021 0.1483276 0.1015358 0.1277746 0.0762857 0.0155256 0.1246635 0.1282917 0.0669419 0.0079142 0.1137523 0.1366966 0.2041916 0.0950828 0.1407503 0.0154430 0.1069070 0.1263347 0.1617955 0.1229703 0.1113413 0.1447500 0.1447589 0.1242578 0.2354548 0.1111561 0.1527107 0.1425692 0.1455940 0.1751948 0.1894555 0.1263159 0.1442276 0.0950022 0.1072750 0.2062680 0.0236373 0.1098666 0.0876191 0.1175709 0.1222017 0.1124697 0.1228431 0.1366542 0.1401845 0.0298775 0.1658867 0.1295947 0.1488794 0.0256583 0.0175757 0.0812138 0.1097419 0.0696346 0.1190228 0.1563738 0.1439399 0.0867542 0.1065402 0.0980649 0.1210769 0.0038458 0.1088506 0.1331616 0.0259372 0.1348395 0.1030264 0.1392163 0.0736102 0.0661733 0.1011992 0.1314654 0.1279958 0.1131412 0.1303174 0.1616844 0.1022142 0.1091722 0.1147834 0.1098505 
S0405         0.2531306 0.0856914 0.0980365 0.0115876 0.1218192 0.1430554 0.0377647 0.1095577 0.1786794 0.1356648 0.1213274 0.1406382 0.0940047 0.0155651 0.0000000 0.1062498 0.1434625 0.1072387 0.1065914 0.1486147 0.1201178 0.1461796 0.0990650 0.1191098 0.0847938 0.0197537 0.1193735 0.1221344 0.0697736 0.0162317 0.1173729 0.1378001 0.2094878 0.1037696 0.1418988 0.0155386 0.1103816 0.1301137 0.1682911 0.1166260 0.1085897 0.1461326 0.1469706 0.1241121 0.2277938 0.1147412 0.1536262 0.1484900 0.1515564 0.1694736 0.1899132 0.1228637 0.1467049 0.1065946 0.1108473 0.2003755 0.0302348 0.1142952 0.0877709 0.1148201 0.1160261 0.1175800 0.1200600 0.1377565 0.1440718 0.0300700 0.1705438 0.1392586 0.1528926 0.0344024 0.0176531 0.0843929 0.1132084 0.0725137 0.1261065 0.1604629 0.1366156 0.0906539 0.1099997 0.1013652 0.1149423 0.0097859 0.1152317 0.1369900 0.0261042 0.1292273 0.1093366 0.1392426 0.0764875 0.0689414 0.1102079 0.1296038 0.1279928 0.1186299 0.1303141 0.1487854 0.1055103 0.1126142 0.1173174 0.1073250 
S0412sl       0.2868392 0.1102447 0.1313602 0.1028367 0.1474673 0.1490737 0.1336752 0.1486872 0.2030424 0.1672815 0.1411140 0.1594705 0.1282927 0.1025581 0.1062498 0.0000000 0.1779702 0.1461570 0.1399924 0.1700413 0.1539267 0.1415137 0.0951487 0.1529071 0.1377788 0.1124171 0.1523646 0.1432798 0.0983960 0.1001732 0.1276922 0.1612658 0.2509728 0.0671743 0.1539635 0.0986771 0.1496846 0.1637414 0.1792350 0.1405363 0.1300143 0.1826190 0.1689056 0.1494309 0.2794418 0.1463605 0.1543819 0.1502157 0.1564136 0.2173575 0.2468469 0.1428390 0.1699203 0.1442568 0.1322579 0.2505232 0.1178377 0.1311457 0.1232953 0.1434994 0.1444998 0.1229163 0.1477063 0.1378917 0.1603134 0.1172184 0.1859866 0.1815110 0.1608910 0.1234024 0.1083906 0.1126227 0.1439849 0.1259995 0.1697041 0.1621610 0.1731083 0.1070774 0.1456568 0.1350880 0.1458033 0.0923737 0.1435440 0.1418561 0.1111508 0.1608085 0.1406303 0.1721764 0.1189380 0.0974478 0.1515268 0.1382654 0.1469333 0.1303377 0.1202026 0.1836762 0.1269375 0.1288172 0.1377655 0.1079942 
S0417         0.2885075 0.1827435 0.1895556 0.1396823 0.0545183 0.1921220 0.1798928 0.2201603 0.2400111 0.0496366 0.2036454 0.1876296 0.1446515 0.1465193 0.1434625 0.1779702 0.0000000 0.1724498 0.1810470 0.2274606 0.0952332 0.2165249 0.1791861 0.0582923 0.1885180 0.1574826 0.0539734 0.1245097 0.1194759 0.1391262 0.1515230 0.1901567 0.2417384 0.1662842 0.1821913 0.1417046 0.1740826 0.1866132 0.1890126 0.1103404 0.0754841 0.2041638 0.2042983 0.1772108 0.3606019 0.1833990 0.2197802 0.2005599 0.2140311 0.1976797 0.2355766 0.1988698 0.1911797 0.1824502 0.1805230 0.2456467 0.1556908 0.2418450 0.1592416 0.0631659 0.1101522 0.0875978 0.0970621 0.1663001 0.1896060 0.1623117 0.1964227 0.2056428 0.2070912 0.1592535 0.1468364 0.1557674 0.1846876 0.1522064 0.2025648 0.2082741 0.0640776 0.2034768 0.1722169 0.1716193 0.1200823 0.1262337 0.1695730 0.2001764 0.1556678 0.0541451 0.1947169 0.1057275 0.1635307 0.1325425 0.1852359 0.2177912 0.1070180 0.1649261 0.1732562 0.2328973 0.1366581 0.1823264 0.1592793 0.1504073 
S0419         0.2431210 0.1221348 0.0752401 0.1011431 0.1426657 0.1269904 0.1249226 0.1378929 0.1685007 0.1607189 0.1523141 0.1354066 0.1301130 0.1038226 0.1072387 0.1461570 0.1724498 0.0000000 0.1288862 0.1498060 0.1574049 0.1645573 0.1356018 0.1493574 0.1494338 0.1129279 0.1488662 0.1419962 0.0984141 0.1118063 0.0935924 0.1361952 0.1953844 0.1406774 0.1323404 0.1060337 0.0095903 0.0195889 0.1529028 0.1545862 0.1485024 0.1450887 0.1636133 0.1384439 0.2439007 0.0884187 0.1473892 0.1660792 0.1692193 0.1751233 0.1869525 0.1563991 0.1428403 0.1265020 0.1117416 0.1980071 0.1178996 0.1504867 0.1010523 0.1330889 0.1530050 0.1663271 0.1634673 0.1179832 0.1387372 0.1104137 0.1602306 0.1477321 0.1361112 0.1153187 0.1160501 0.1139030 0.1355461 0.1129678 0.1379474 0.1376285 0.1591004 0.1332440 0.0095606 0.0845435 0.1559017 0.0897537 0.1107566 0.1394257 0.1178608 0.1563975 0.1505078 0.1974284 0.1316581 0.1100474 0.1320295 0.1591217 0.1575386 0.1270963 0.1466845 0.1921891 0.0854289 0.1178291 0.1278003 0.1180048 
S0427         0.2832088 0.1163907 0.1228629 0.1090924 0.1495603 0.1407890 0.1431996 0.1521558 0.1905482 0.1682466 0.1292037 0.1515408 0.0693582 0.1068100 0.1065914 0.1399924 0.1810470 0.1288862 0.0000000 0.1755447 0.1590820 0.1652681 0.1352107 0.1598065 0.1556265 0.1214835 0.1592579 0.1426305 0.0683864 0.1206094 0.1274757 0.1580948 0.2148954 0.1193821 0.1425749 0.1080629 0.1293444 0.1478431 0.1703768 0.1522113 0.1484115 0.1654838 0.1817506 0.1510061 0.2414110 0.1290701 0.1783224 0.1640877 0.1606661 0.1864209 0.1995880 0.1612073 0.1520612 0.1215792 0.1301136 0.2118582 0.1239883 0.1836512 0.1024074 0.1482965 0.1536691 0.1488213 0.1637430 0.1539190 0.1551323 0.1286224 0.1916251 0.1744685 0.1406486 0.1265465 0.1152963 0.0950981 0.1426994 0.1273900 0.1596598 0.1492033 0.1614953 0.1521584 0.1346654 0.1190746 0.1432707 0.1052902 0.1590148 0.1528887 0.1157304 0.1577849 0.1440738 0.1678750 0.1348997 0.0883921 0.1457506 0.1461577 0.1560701 0.1350428 0.1393219 0.1874517 0.1181193 0.1327600 0.0730689 0.1270010 
S0430         0.3390392 0.1695105 0.1783579 0.1511855 0.2006395 0.1395721 0.1807314 0.1996050 0.1521340 0.2328809 0.1787729 0.0121002 0.1730636 0.1518286 0.1486147 0.1700413 0.2274606 0.1498060 0.1755447 0.0000000 0.2211646 0.2031152 0.1776150 0.2147307 0.2126481 0.1654579 0.2137075 0.2441888 0.1451378 0.1623820 0.1388743 0.0171726 0.2331702 0.1783728 0.0222783 0.1481173 0.1471547 0.1794577 0.1220501 0.2123315 0.2235078 0.0502284 0.2507539 0.2184983 0.3133964 0.1720731 0.1077636 0.2218499 0.2235843 0.1972874 0.2116990 0.2023968 0.1662734 0.1966261 0.1473961 0.2228593 0.1731531 0.2059637 0.1402258 0.1792868 0.2087221 0.1964324 0.2235602 0.1063517 0.0072052 0.1744551 0.1326589 0.2341629 0.1532617 0.1759488 0.1626103 0.1290596 0.1599152 0.1578878 0.1518155 0.1604298 0.2263762 0.1810407 0.1536648 0.1574211 0.2227418 0.1381735 0.1652440 0.1979675 0.1689858 0.2043883 0.2077923 0.2518378 0.1582615 0.1625299 0.1800841 0.2044473 0.2323280 0.1763671 0.1698005 0.2280932 0.1213213 0.1585628 0.1735186 0.1441136 
S0478         0.2933321 0.1460918 0.1715150 0.1161412 0.0759134 0.1906363 0.1468649 0.1927625 0.2219667 0.0848863 0.1804403 0.1952998 0.1213110 0.1229021 0.1201178 0.1539267 0.0952332 0.1574049 0.1590820 0.2211646 0.0000000 0.1972157 0.1493128 0.0835460 0.1728946 0.1326933 0.0808384 0.1009110 0.1041623 0.1201392 0.1674869 0.1978906 0.2426798 0.1339981 0.1777083 0.1187287 0.1607805 0.1585541 0.2174965 0.0945936 0.0705111 0.2018908 0.2201257 0.1488537 0.3434267 0.1694993 0.1979156 0.1899262 0.1940314 0.2074193 0.2341625 0.1905775 0.1751356 0.1489416 0.1710868 0.2439101 0.1324454 0.2230312 0.1417530 0.0740462 0.0868381 0.0870398 0.0840094 0.1806915 0.1943452 0.1279048 0.2144327 0.1851852 0.2021741 0.1372072 0.1265973 0.1333450 0.1814747 0.1331858 0.1862007 0.2064452 0.0871588 0.1855785 0.1484709 0.1594748 0.0960532 0.1070003 0.1544824 0.1849040 0.1312543 0.0812448 0.1735284 0.0955574 0.1476426 0.1190985 0.1665313 0.1836010 0.0964664 0.1561485 0.1760190 0.2008982 0.1414622 0.1686426 0.1441441 0.1393726 
S0552sl       0.2701933 0.1476204 0.1536201 0.1412247 0.1775226 0.1270599 0.1827424 0.1810422 0.2024459 0.1852659 0.1176968 0.1771094 0.1491705 0.1483276 0.1461796 0.1415137 0.2165249 0.1645573 0.1652681 0.2031152 0.1972157 0.0000000 0.1478234 0.1722739 0.1868674 0.1619392 0.1682697 0.1751727 0.1342966 0.1496908 0.1239315 0.1794254 0.1981362 0.1575297 0.1606139 0.1444486 0.1645312 0.1875062 0.1747583 0.1679965 0.1613734 0.1890255 0.1062272 0.0613403 0.2526549 0.1525555 0.2841245 0.0746294 0.0895640 0.1832853 0.2004833 0.0743907 0.1381599 0.1885239 0.0977572 0.2069011 0.1670571 0.1853353 0.1191464 0.1696880 0.1706016 0.1478707 0.1720788 0.1560762 0.1809294 0.1702919 0.2036486 0.1260615 0.1336815 0.1671133 0.1618874 0.1460125 0.1249270 0.1594112 0.1497812 0.1408034 0.1910465 0.1673961 0.1639459 0.1351852 0.1720426 0.1410144 0.1074224 0.1258104 0.1686852 0.1896713 0.1664173 0.2018172 0.1595909 0.1431430 0.1108165 0.1207581 0.1770901 0.1032168 0.1104486 0.1794766 0.1340139 0.0922537 0.1446210 0.0790941 
S0558         0.2883713 0.1114856 0.1128607 0.0931633 0.1544585 0.1571288 0.1328433 0.1683908 0.1976840 0.1728588 0.1282668 0.1560329 0.1180041 0.1015358 0.0990650 0.0951487 0.1791861 0.1356018 0.1352107 0.1776150 0.1493128 0.1478234 0.0000000 0.1495818 0.1523558 0.1105959 0.1487348 0.1361850 0.0898447 0.0978668 0.1294796 0.1547055 0.2421929 0.0964739 0.1364389 0.0979643 0.1387598 0.1543411 0.1639308 0.1283545 0.1401920 0.1688369 0.1844657 0.1389652 0.2678983 0.1451594 0.2590222 0.1488218 0.1605956 0.2188138 0.2554511 0.1480193 0.1602887 0.1508296 0.1319554 0.2650059 0.1130155 0.1688663 0.1310515 0.1560187 0.1378235 0.1276382 0.1593734 0.1434558 0.1595844 0.1047617 0.2011037 0.1790182 0.1673600 0.1181104 0.1038084 0.1043634 0.1420499 0.1266838 0.1765046 0.1808712 0.1725946 0.1502708 0.1382702 0.1310279 0.1336136 0.0922499 0.1341388 0.1593020 0.1094480 0.1599216 0.1696416 0.1804147 0.1255522 0.1010584 0.1454084 0.1492529 0.1281597 0.1160823 0.1341209 0.1549541 0.1157279 0.1362298 0.1367306 0.1154988 
S0624         0.2733993 0.1582688 0.1702392 0.1185494 0.0517474 0.1746318 0.1590427 0.1987470 0.2083409 0.0544448 0.1830179 0.1800422 0.1203097 0.1277746 0.1191098 0.1529071 0.0582923 0.1493574 0.1598065 0.2147307 0.0835460 0.1722739 0.1495818 0.0000000 0.1735593 0.1311835 0.0319433 0.0953891 0.1058473 0.1254643 0.1439464 0.1823697 0.2261672 0.1372358 0.1739959 0.1184013 0.1552952 0.1652635 0.1686671 0.0948871 0.0630004 0.2014894 0.1764928 0.1442783 0.3373071 0.1635037 0.2049602 0.1776155 0.1900086 0.2073126 0.2294824 0.1567297 0.1783546 0.1698562 0.1562503 0.2353566 0.1375767 0.2228575 0.1369721 0.0583208 0.0922376 0.0788994 0.0756312 0.1670592 0.1819642 0.1357150 0.1880349 0.1860644 0.1823108 0.1402061 0.1316788 0.1335832 0.1772196 0.1365884 0.1896295 0.1835905 0.0656101 0.1876782 0.1491606 0.1493629 0.0940011 0.1092209 0.1434044 0.1734055 0.1323490 0.0541555 0.1822043 0.0824572 0.1529504 0.1208488 0.1597677 0.1829502 0.0941480 0.1395009 0.1642792 0.1818984 0.1381442 0.1447065 0.1458614 0.1236984 
S0641         0.3285950 0.1189264 0.1434870 0.0791401 0.1756484 0.1741998 0.1157707 0.1542815 0.2430709 0.1863400 0.1648797 0.1843097 0.1291006 0.0762857 0.0847938 0.1377788 0.1885180 0.1494338 0.1556265 0.2126481 0.1728946 0.1868674 0.1523558 0.1735593 0.0000000 0.0796789 0.1761010 0.1771355 0.1156621 0.0719654 0.1453713 0.1812472 0.2644976 0.1469510 0.1860408 0.0784382 0.1411137 0.1691124 0.1924284 0.1784582 0.1651113 0.2142339 0.1900894 0.1598397 0.2579161 0.1517000 0.2305265 0.1729748 0.1585342 0.2339736 0.2454950 0.1662468 0.1939043 0.1592233 0.1477745 0.2601404 0.0892727 0.1489827 0.1427166 0.1525782 0.1786362 0.1324285 0.1775966 0.1967394 0.1852316 0.0912361 0.2182474 0.1765093 0.1792942 0.0916672 0.0815694 0.1243720 0.1625752 0.1149914 0.1670419 0.1871322 0.1894670 0.1126930 0.1465510 0.1404924 0.1814998 0.0701975 0.1583043 0.1866861 0.0849326 0.1752877 0.1329531 0.2074307 0.0922929 0.1192445 0.1466435 0.1788001 0.1824278 0.1637337 0.1762566 0.2122543 0.1499729 0.1618800 0.1600356 0.1527836 
S0643         0.2735929 0.0862016 0.1067649 0.0155880 0.1343550 0.1494592 0.0376468 0.1193168 0.1810544 0.1489699 0.1221570 0.1497937 0.0910444 0.0155256 0.0197537 0.1124171 0.1574826 0.1129279 0.1214835 0.1654579 0.1326933 0.1619392 0.1105959 0.1311835 0.0796789 0.0000000 0.1345988 0.1386001 0.0748625 0.0161890 0.1233284 0.1469033 0.2174596 0.1094928 0.1511518 0.0175752 0.1161442 0.1335379 0.1579588 0.1331739 0.1209231 0.1570608 0.1584700 0.1366944 0.2530092 0.1206553 0.1442367 0.1562425 0.1593977 0.1871847 0.2019716 0.1364243 0.1547783 0.1125060 0.1167720 0.2197089 0.0322281 0.1164854 0.0962406 0.1271996 0.1321256 0.1231474 0.1326303 0.1468473 0.1505292 0.0299905 0.1665271 0.1428726 0.1595031 0.0343100 0.0176069 0.0873532 0.1191597 0.0721595 0.1311018 0.1671492 0.1544729 0.0955064 0.1157407 0.1070554 0.1336121 0.0117829 0.1211813 0.1405902 0.0303987 0.1394120 0.1126250 0.1515107 0.0791668 0.0739624 0.1096312 0.1360121 0.1410806 0.1283207 0.1376279 0.1685867 0.1112157 0.1158831 0.1230357 0.1192117 
S0645sl       0.2615736 0.1577398 0.1696418 0.1155459 0.0429247 0.1751729 0.1548302 0.1980107 0.2096741 0.0454872 0.1772824 0.1789803 0.1124921 0.1246635 0.1193735 0.1523646 0.0539734 0.1488662 0.1592579 0.2137075 0.0808384 0.1682697 0.1487348 0.0319433 0.1761010 0.1345988 0.0000000 0.0951080 0.1030683 0.1222438 0.1376788 0.1812798 0.2386881 0.1397680 0.1729762 0.1206244 0.1547786 0.1647014 0.1986875 0.0946022 0.0628307 0.1929577 0.1865226 0.1465372 0.3258755 0.1629221 0.1851340 0.1765530 0.1954254 0.2096865 0.2347676 0.1648553 0.1741543 0.1692609 0.1467917 0.2406423 0.1343481 0.2276868 0.1392426 0.0537489 0.0919692 0.0864515 0.0754247 0.1664932 0.1808940 0.1391571 0.1994841 0.1884170 0.1828846 0.1397222 0.1285094 0.1359209 0.1676253 0.1416326 0.1836143 0.1871213 0.0640886 0.1869964 0.1486706 0.1518045 0.0937286 0.1062696 0.1456091 0.1746780 0.1278876 0.0451607 0.1845479 0.0829869 0.1465177 0.1178332 0.1650287 0.1883829 0.0840790 0.1471775 0.1575038 0.1970746 0.1319755 0.1530057 0.1427266 0.1286046 
S0673         0.2614607 0.1389771 0.1407524 0.1188484 0.1029537 0.1551530 0.1637735 0.1778414 0.2148814 0.1125021 0.1658271 0.2085363 0.1137480 0.1282917 0.1221344 0.1432798 0.1245097 0.1419962 0.1426305 0.2441888 0.1009110 0.1751727 0.1361850 0.0953891 0.1771355 0.1386001 0.0951080 0.0000000 0.1005203 0.1241278 0.1506063 0.2029184 0.2298028 0.1356107 0.1932210 0.1240848 0.1452233 0.1416339 0.1994143 0.0448939 0.0877622 0.2188234 0.1712694 0.1377377 0.2803042 0.1589305 0.2083685 0.1684286 0.1773870 0.2019850 0.2241584 0.1546020 0.1746486 0.1592167 0.1478261 0.2300898 0.1383334 0.2026138 0.1279325 0.1142295 0.0419896 0.0418204 0.0931557 0.1725508 0.2104901 0.1346840 0.2138502 0.1715593 0.1717697 0.1411670 0.1311083 0.1291564 0.1774358 0.1490145 0.1933067 0.1826009 0.1143400 0.1597391 0.1333875 0.1485583 0.0415873 0.1126160 0.1406973 0.1826481 0.1370608 0.1042234 0.1471251 0.1145352 0.1596823 0.1216533 0.1602776 0.1642740 0.0557904 0.1418432 0.1550234 0.1951346 0.1672376 0.1535636 0.1386348 0.1280143 
S0689         0.2232957 0.0936447 0.1073101 0.0696264 0.1027794 0.1046569 0.0858907 0.1337602 0.1640380 0.1184701 0.1075318 0.1258044 0.0680155 0.0669419 0.0697736 0.0983960 0.1194759 0.0984141 0.0683864 0.1451378 0.1041623 0.1342966 0.0898447 0.1058473 0.1156621 0.0748625 0.1030683 0.1005203 0.0000000 0.0700816 0.0984590 0.1302941 0.1815364 0.0849641 0.1214964 0.0639030 0.1012752 0.1154917 0.1247089 0.1086470 0.0986022 0.1360105 0.1458728 0.1141674 0.2557203 0.0983031 0.1470133 0.1223592 0.1309128 0.1582199 0.1738302 0.1255396 0.1332221 0.1070374 0.0867723 0.1821070 0.0771581 0.1318424 0.0840149 0.1010862 0.1082501 0.1039818 0.1091798 0.1105225 0.1264107 0.0766792 0.1386950 0.1306780 0.1135647 0.0794725 0.0745432 0.0789077 0.1107289 0.0935209 0.1355165 0.1121122 0.1178071 0.1064867 0.1009217 0.0883114 0.0991373 0.0629982 0.1157847 0.1183486 0.0747920 0.1041236 0.1222179 0.1181375 0.0865602 0.0389968 0.1014961 0.1143475 0.1020048 0.0919610 0.1144935 0.1493623 0.0854849 0.1000945 0.0798747 0.0875842 
S0690         0.2411110 0.0817825 0.1054340 0.0059262 0.1220240 0.1495252 0.0239174 0.1151370 0.1737123 0.1355403 0.1229047 0.1498715 0.0967025 0.0079142 0.0162317 0.1001732 0.1391262 0.1118063 0.1206094 0.1623820 0.1201392 0.1496908 0.0978668 0.1254643 0.0719654 0.0161890 0.1222438 0.1241278 0.0700816 0.0000000 0.1225206 0.1468811 0.1999392 0.0945986 0.1416922 0.0160992 0.1151198 0.1328765 0.1673274 0.1196897 0.1078819 0.1539323 0.1430970 0.1244142 0.2467043 0.1197607 0.1624246 0.1410428 0.1500421 0.1704038 0.1959021 0.1239286 0.1490666 0.0999004 0.1090457 0.2139397 0.0246644 0.1154187 0.0945882 0.1147281 0.1194829 0.1087894 0.1201911 0.1437339 0.1506328 0.0311922 0.1749593 0.1300505 0.1599224 0.0267752 0.0161699 0.0826066 0.1082085 0.0680024 0.1265825 0.1678372 0.1420539 0.0910362 0.1147055 0.1054989 0.1211032 0.0060286 0.1052944 0.1397018 0.0270802 0.1296024 0.1112773 0.1371363 0.0770455 0.0692156 0.1059418 0.1318649 0.1284751 0.1190462 0.1399834 0.1745012 0.1067826 0.1143232 0.1261914 0.1126076 
S0720         0.2654241 0.1188147 0.0859119 0.1109562 0.1466499 0.1022356 0.1520375 0.1505209 0.1400191 0.1512522 0.1178288 0.1179555 0.1380009 0.1137523 0.1173729 0.1276922 0.1515230 0.0935924 0.1274757 0.1388743 0.1674869 0.1239315 0.1294796 0.1439464 0.1453713 0.1233284 0.1376788 0.1506063 0.0984590 0.1225206 0.0000000 0.1249643 0.1849511 0.1262648 0.1207668 0.1160201 0.0879728 0.1100593 0.1451988 0.1608449 0.1400972 0.1187445 0.1473423 0.1243524 0.2337814 0.0719132 0.1466835 0.1394600 0.1366115 0.1716792 0.1939577 0.1243970 0.1114779 0.1421731 0.0764912 0.2059593 0.1284686 0.1491290 0.0954698 0.1321359 0.1666782 0.1615447 0.1539777 0.1206877 0.1210895 0.1344058 0.1522334 0.1304006 0.1029308 0.1256997 0.1266141 0.1171361 0.1013267 0.1053055 0.1043154 0.1124949 0.1608901 0.1318047 0.0960224 0.0678717 0.1677216 0.0988115 0.0887189 0.1236719 0.1162367 0.1354902 0.1149990 0.1772583 0.1151299 0.1109368 0.1084378 0.1215226 0.1559941 0.1125588 0.1020685 0.1521753 0.0913910 0.1004658 0.1095101 0.0887358 
S0724sl       0.2772201 0.1541874 0.1480277 0.1335603 0.1795950 0.1209682 0.1700074 0.1860920 0.1374891 0.2013729 0.1452167 0.0135350 0.1432613 0.1366966 0.1378001 0.1612658 0.1901567 0.1361952 0.1580948 0.0171726 0.1978906 0.1794254 0.1547055 0.1823697 0.1812472 0.1469033 0.1812798 0.2029184 0.1302941 0.1468811 0.1249643 0.0000000 0.1970023 0.1544051 0.0280683 0.1304211 0.1310639 0.1581547 0.0974574 0.1838966 0.1903728 0.0510468 0.2071517 0.1857380 0.2842008 0.1401040 0.0986852 0.1885893 0.1803333 0.1717548 0.1943540 0.1841881 0.1494744 0.1819912 0.1318178 0.2088430 0.1518912 0.1977271 0.1264387 0.1613800 0.1813055 0.1850566 0.2026849 0.0882658 0.0175422 0.1470875 0.1106468 0.1966321 0.1315304 0.1514307 0.1474974 0.1209972 0.1353348 0.1493954 0.1441399 0.1370256 0.2062181 0.1758280 0.1418554 0.1291942 0.1960535 0.1271452 0.1423652 0.1665551 0.1494522 0.1772320 0.1929116 0.2192730 0.1499760 0.1429946 0.1546639 0.1687703 0.2000842 0.1548821 0.1489535 0.1864672 0.0982970 0.1374453 0.1453001 0.1297045 
S0735         0.2746761 0.2143012 0.2139592 0.1951972 0.2421843 0.2038837 0.2322466 0.2339315 0.2424463 0.2504102 0.2154425 0.1905080 0.1866010 0.2041916 0.2094878 0.2509728 0.2417384 0.1953844 0.2148954 0.2331702 0.2426798 0.1981362 0.2421929 0.2261672 0.2644976 0.2174596 0.2386881 0.2298028 0.1815364 0.1999392 0.1849511 0.1970023 0.0000000 0.2310081 0.1826380 0.1933192 0.1991982 0.2146584 0.2497127 0.2172942 0.2421337 0.2130406 0.2259509 0.1962364 0.2817930 0.1761810 0.2640459 0.2150575 0.2193003 0.0401334 0.0570278 0.1913212 0.2058244 0.2422812 0.1925164 0.0645752 0.2304817 0.2501387 0.1685477 0.2357277 0.2200581 0.1974247 0.2505108 0.2218149 0.1945916 0.2315863 0.2639657 0.2057359 0.2114874 0.2225064 0.2220041 0.2042351 0.1912157 0.2140345 0.2232680 0.2209490 0.2639035 0.2246120 0.2053168 0.1748358 0.2443351 0.1894205 0.1817847 0.2208896 0.2301307 0.2322590 0.2151303 0.2706637 0.2327512 0.2053785 0.1864091 0.2146628 0.2141769 0.2045873 0.2137698 0.2337128 0.1992305 0.1852631 0.2004233 0.1727570 
S0742         0.2567335 0.0964047 0.1242037 0.0982196 0.1367301 0.1390905 0.1249384 0.1361526 0.1765338 0.1456326 0.1440710 0.1524660 0.1101997 0.0950828 0.1037696 0.0671743 0.1662842 0.1406774 0.1193821 0.1783728 0.1339981 0.1575297 0.0964739 0.1372358 0.1469510 0.1094928 0.1397680 0.1356107 0.0849641 0.0945986 0.1262648 0.1544051 0.2310081 0.0000000 0.1512348 0.0967526 0.1380034 0.1476949 0.1739316 0.1466957 0.1263983 0.1706928 0.1802041 0.1541768 0.2743401 0.1152287 0.1197795 0.1501698 0.1591772 0.2093209 0.2435161 0.1463352 0.1486500 0.1203114 0.1345928 0.2520989 0.1090466 0.1429360 0.1083088 0.1225209 0.1459701 0.1403472 0.1501135 0.1421548 0.1532145 0.1139748 0.1737081 0.1689669 0.1498787 0.1141634 0.1089872 0.0899770 0.1391457 0.1047365 0.1582932 0.1542181 0.1569177 0.1201223 0.1402275 0.1084832 0.1508617 0.0886248 0.1320406 0.1611444 0.1083419 0.1504337 0.1446313 0.1346523 0.1185966 0.0843381 0.1441875 0.1602440 0.1414562 0.1205185 0.1290274 0.1622051 0.1075198 0.1347298 0.1204936 0.1119877 
S0748         0.2690654 0.1480187 0.1443950 0.1335252 0.1635906 0.1168224 0.1712221 0.1798662 0.1268682 0.1923975 0.1366804 0.0216096 0.1329976 0.1407503 0.1418988 0.1539635 0.1821913 0.1323404 0.1425749 0.0222783 0.1777083 0.1606139 0.1364389 0.1739959 0.1860408 0.1511518 0.1729762 0.1932210 0.1214964 0.1416922 0.1207668 0.0280683 0.1826380 0.1512348 0.0000000 0.1343653 0.1272731 0.1539358 0.0964593 0.1699607 0.1782921 0.0400983 0.1916667 0.1725377 0.2622902 0.1369910 0.1061995 0.1704529 0.1746717 0.1584298 0.1862456 0.1637852 0.1415344 0.1684391 0.1218700 0.1974993 0.1561929 0.1961637 0.1147634 0.1504689 0.1678263 0.1664259 0.1888163 0.0833935 0.0257450 0.1541906 0.1128411 0.1760545 0.1245562 0.1614723 0.1517699 0.1144730 0.1298264 0.1431824 0.1489313 0.1325652 0.1886230 0.1803150 0.1379166 0.1203933 0.1758703 0.1302967 0.1322149 0.1567156 0.1537312 0.1689521 0.1830208 0.2043359 0.1494438 0.1397589 0.1394212 0.1559086 0.1824519 0.1414677 0.1414279 0.1757703 0.0971894 0.1260235 0.1393863 0.1147787 
S0756         0.2569622 0.0794136 0.0999449 0.0155048 0.1204195 0.1301516 0.0323959 0.1082705 0.1698917 0.1340588 0.1199113 0.1331927 0.0896853 0.0154430 0.0155386 0.0986771 0.1417046 0.1060337 0.1080629 0.1481173 0.1187287 0.1444486 0.0979643 0.1184013 0.0784382 0.0175752 0.1206244 0.1240848 0.0639030 0.0160992 0.1160201 0.1304211 0.1933192 0.0967526 0.1343653 0.0000000 0.1091329 0.1286087 0.1356745 0.1186264 0.1073274 0.1413662 0.1378168 0.1174699 0.2330249 0.1134198 0.1541730 0.1357461 0.1387021 0.1649242 0.1788131 0.1194302 0.1367202 0.1053494 0.1069790 0.1952681 0.0256407 0.1068004 0.0872787 0.1134970 0.1124090 0.1029270 0.1186720 0.1303870 0.1338320 0.0255038 0.1522583 0.1320889 0.1395569 0.0276508 0.0175125 0.0754871 0.1118935 0.0646405 0.1325493 0.1529031 0.1393234 0.0888926 0.1087592 0.1002130 0.1195258 0.0117195 0.1138985 0.1298480 0.0216145 0.1304148 0.1054558 0.1349874 0.0658485 0.0631575 0.1009008 0.1255386 0.1264788 0.1121153 0.1261775 0.1473525 0.0992790 0.1061265 0.1132518 0.1010956 
S0760         0.2509131 0.1254161 0.0778896 0.1041950 0.1484821 0.1300140 0.1322903 0.1296709 0.1689165 0.1668857 0.1495470 0.1303055 0.1368505 0.1069070 0.1103816 0.1496846 0.1740826 0.0095903 0.1293444 0.1471547 0.1607805 0.1645312 0.1387598 0.1552952 0.1411137 0.1161442 0.1547786 0.1452233 0.1012752 0.1151198 0.0879728 0.1310639 0.1991982 0.1380034 0.1272731 0.1091329 0.0000000 0.0216614 0.1478003 0.1579914 0.1545916 0.1426540 0.1536192 0.1441543 0.2270442 0.0886161 0.1450653 0.1633539 0.1664784 0.1787456 0.1907121 0.1536835 0.1433377 0.1185910 0.1092720 0.2018842 0.1211621 0.1536600 0.0988576 0.1330661 0.1563149 0.1567092 0.1668941 0.1210434 0.1335954 0.1136091 0.1559336 0.1450554 0.1365823 0.1158304 0.1193133 0.1142948 0.1387035 0.1080614 0.1453546 0.1407343 0.1607248 0.1338873 0.0115325 0.0847337 0.1592348 0.0927184 0.1136380 0.1455311 0.1211242 0.1624649 0.1393631 0.2011960 0.1293838 0.1102805 0.1293992 0.1563575 0.1609164 0.1301788 0.1411478 0.1924908 0.0881001 0.1208101 0.1252122 0.1185942 
S0770         0.2687083 0.1379054 0.0883718 0.1234694 0.1582142 0.1418323 0.1571432 0.1515929 0.1884521 0.1691083 0.1614896 0.1572117 0.1440582 0.1263347 0.1301137 0.1637414 0.1866132 0.0195889 0.1478431 0.1794577 0.1585541 0.1875062 0.1543411 0.1652635 0.1691124 0.1335379 0.1647014 0.1416339 0.1154917 0.1328765 0.1100593 0.1581547 0.2146584 0.1476949 0.1539358 0.1286087 0.0216614 0.0000000 0.1681712 0.1603672 0.1648143 0.1755564 0.1745276 0.1564206 0.2481048 0.1020067 0.1450469 0.1767672 0.1800057 0.1934374 0.2091465 0.1727848 0.1589865 0.1481601 0.1290807 0.2208712 0.1414360 0.1736023 0.1178313 0.1484273 0.1616661 0.1767136 0.1772962 0.1386878 0.1607955 0.1336130 0.1774409 0.1565892 0.1486812 0.1387091 0.1396289 0.1294084 0.1573144 0.1334419 0.1573310 0.1528520 0.1754699 0.1554282 0.0215931 0.0981310 0.1615490 0.1116755 0.1335245 0.1557871 0.1370840 0.1726848 0.1642049 0.2126424 0.1500718 0.1274409 0.1462641 0.1621387 0.1663529 0.1398557 0.1597657 0.1954830 0.1013977 0.1358804 0.1420693 0.1386817 
S0888         0.3607055 0.1694919 0.1327183 0.1562618 0.1957570 0.1345460 0.2193765 0.1784443 0.1400452 0.1874706 0.1628606 0.0868901 0.1568534 0.1617955 0.1682911 0.1792350 0.1890126 0.1529028 0.1703768 0.1220501 0.2174965 0.1747583 0.1639308 0.1686671 0.1924284 0.1579588 0.1986875 0.1994143 0.1247089 0.1673274 0.1451988 0.0974574 0.2497127 0.1739316 0.0964593 0.1356745 0.1478003 0.1681712 0.0000000 0.1655999 0.1859891 0.1303900 0.1772319 0.1571527 0.2796262 0.1573244 0.0000010 0.1484809 0.1719818 0.2278081 0.2305718 0.1547587 0.1748901 0.2120851 0.1312171 0.2443127 0.1663849 0.1732448 0.1326941 0.1695303 0.1740315 0.1770849 0.2063233 0.0897856 0.0873206 0.1560414 0.0398625 0.1839119 0.1292668 0.1652389 0.1631437 0.1383556 0.1524868 0.1819067 0.1664121 0.1439465 0.2126878 0.1697502 0.1575834 0.1535180 0.2007188 0.1542630 0.1475709 0.1601888 0.1545003 0.1889302 0.1984025 0.2149627 0.1594376 0.1511209 0.1576309 0.1780849 0.1986871 0.1648530 0.1506781 0.1773550 0.1117592 0.1227660 0.1528119 0.1358363 
