135
PAFTOL_019361 0.0000000 0.1586137 0.1430126 0.1931216 0.1675227 0.1615125 0.1839558 0.1803666 0.1613771 0.1749038 0.1745561 0.1962172 0.1814071 0.1778685 0.1811873 0.1774709 0.1760370 0.1667156 0.1882836 0.1769058 0.1668495 0.1619652 0.1683660 0.1759217 0.1841671 0.1642493 0.1512900 0.1634159 0.1403637 0.1780745 0.1704636 0.1704325 0.1790931 0.1756443 0.1930300 0.1752294 0.1693424 0.1577056 0.1898709 0.1652177 0.1739313 0.1584469 0.1735421 0.1578003 0.1789395 0.1862232 0.1707701 0.1761578 0.1705035 0.1602300 0.1768178 0.1522882 0.1609418 0.1510789 0.1517626 0.1769054 0.1570846 0.1663178 0.1742858 0.1748649 0.1674388 0.1447841 0.1680753 0.1739502 0.1704925 0.1637306 0.1808634 0.1525809 0.1599624 0.1801594 0.1800474 0.1785367 0.1716496 0.1859594 0.1759448 0.1928013 0.1502657 0.1916980 0.1545706 0.1805526 0.1585004 0.1844632 0.1657860 0.1780000 0.1972861 0.1572305 0.1682412 0.1507651 0.1652924 0.1704801 0.1741494 0.1893889 0.1649983 0.2023175 0.1702169 0.1790577 0.1858491 0.1639446 0.1843500 0.1709148 0.1535893 0.1536439 0.1580193 0.1614911 0.1618673 0.1673372 0.1727591 0.1612580 0.1617824 0.1887934 0.1671223 0.1542574 0.1907422 0.1621023 0.1733845 0.1600930 0.1622070 0.1733002 0.1640451 0.1658222 0.1837715 0.1592045 0.1695122 0.1623659 0.1591231 0.1710049 0.1709158 0.1708084 0.1645543 0.1452864 0.1836773 0.1599558 0.1612207 0.1628571 0.1474893 
S0055         0.1586137 0.0000000 0.0673840 0.0853058 0.0793722 0.0389587 0.0804876 0.0880550 0.0589526 0.0480870 0.0653479 0.0905917 0.0884900 0.0927686 0.0853459 0.0875081 0.0766474 0.0674432 0.0688336 0.0894558 0.0504529 0.0362273 0.0399247 0.0801115 0.0681490 0.0776368 0.0575552 0.0526325 0.0760100 0.0861855 0.0701240 0.0647679 0.0627418 0.0892407 0.0860377 0.0803027 0.0441835 0.0345787 0.0862740 0.0655750 0.0731913 0.0402755 0.0486669 0.0667216 0.0878455 0.1149110 0.0525517 0.0861598 0.0678593 0.0353727 0.0642868 0.0569132 0.0380898 0.0589635 0.0592797 0.0699020 0.0638306 0.0760862 0.0806517 0.0738476 0.0706502 0.0489634 0.0798858 0.0665957 0.0616263 0.0656386 0.0741983 0.0617542 0.0682990 0.1101595 0.0778582 0.0740563 0.0852432 0.0802805 0.0698262 0.1209464 0.0527198 0.1199394 0.1027389 0.0710216 0.0627250 0.0873867 0.0444178 0.0716526 0.1246410 0.0357638 0.0449837 0.0516442 0.0751055 0.0696177 0.0718190 0.0956046 0.0724941 0.1024072 0.0842134 0.0847248 0.0822649 0.0380515 0.0841880 0.0654282 0.0510870 0.0333698 0.0365065 0.0242098 0.0669478 0.0404156 0.0762797 0.0567596 0.0595019 0.0904604 0.0408137 0.0584432 0.0887726 0.0710128 0.0749667 0.0366988 0.0700270 0.0684810 0.0594536 0.0393141 0.0863841 0.0358446 0.0779154 0.0364633 0.0388508 0.0647033 0.0660177 0.0712075 0.0581039 0.0469562 0.0885555 0.0663047 0.0596233 0.0536217 0.0472550 
S0196sl       0.1430126 0.0673840 0.0000000 0.0781508 0.0360308 0.0615694 0.0633412 0.0777523 0.0548957 0.0589788 0.0669808 0.0840692 0.0672540 0.0649309 0.0838526 0.0649875 0.0661527 0.0583463 0.0554084 0.0678203 0.0601563 0.0601071 0.0604812 0.0704718 0.0869653 0.0624456 0.0094144 0.0624095 0.0541945 0.0618626 0.0595928 0.0668028 0.0777165 0.0639460 0.0652455 0.0656060 0.0742663 0.0624773 0.0772661 0.0534808 0.0579972 0.0566675 0.0708547 0.0229147 0.0664937 0.0910081 0.0651419 0.0630233 0.0548441 0.0575715 0.0657844 0.0089221 0.0622388 0.0111395 0.0106587 0.0698324 0.0228978 0.0533990 0.0606157 0.0559662 0.0562256 0.0498047 0.0570337 0.0648102 0.0650604 0.0638236 0.0641540 0.0595699 0.0235675 0.0915463 0.0640647 0.0546441 0.0548775 0.0754371 0.0670328 0.0987625 0.0106619 0.0936980 0.0426476 0.0731162 0.0526973 0.0616353 0.0704983 0.0750123 0.0994066 0.0600763 0.0742239 0.0458436 0.0627263 0.0503244 0.0532360 0.0645481 0.0507284 0.0901187 0.0582331 0.0673215 0.0689168 0.0572863 0.0603724 0.0596618 0.0517588 0.0549621 0.0574621 0.0634906 0.0638283 0.0653372 0.0611634 0.0560918 0.0599708 0.0864325 0.0716638 0.0105797 0.0721327 0.0232913 0.0551844 0.0603870 0.0273994 0.0668209 0.0506904 0.0601390 0.0756205 0.0579179 0.0611008 0.0558143 0.0560008 0.0629922 0.0672260 0.0539844 0.0557491 0.0497009 0.0832886 0.0252827 0.0482523 0.0568704 0.0486549 
S0278         0.1931216 0.0853058 0.0781508 0.0000000 0.0772272 0.0858820 0.0972167 0.0438082 0.0811174 0.1012244 0.1065977 0.0394427 0.1001104 0.1007682 0.0446267 0.0995580 0.0582205 0.0883116 0.0911427 0.1003776 0.0839577 0.0830063 0.0845925 0.0613752 0.1040807 0.0473036 0.0630657 0.0897253 0.0635867 0.0981570 0.0532870 0.0839238 0.0997804 0.0960622 0.1075697 0.0312186 0.0873754 0.0833142 0.0525079 0.0626642 0.0649249 0.0854475 0.1175765 0.0721218 0.1011033 0.1317904 0.0897153 0.0983265 0.1011021 0.0832317 0.0816023 0.0618338 0.0851376 0.0641834 0.0613301 0.0899719 0.0698112 0.0667691 0.0979999 0.0638405 0.0657268 0.0774492 0.0916917 0.0850051 0.0827775 0.0869094 0.0908286 0.1059824 0.0724265 0.1266087 0.0983033 0.0977941 0.0939108 0.0972997 0.0904302 0.1375390 0.0638411 0.1382095 0.1130590 0.0951825 0.0806724 0.1024268 0.0974652 0.0939159 0.1416983 0.0853290 0.0950518 0.0772244 0.0461065 0.0603652 0.0627099 0.1099405 0.0657591 0.0329417 0.0922919 0.1015481 0.1081009 0.0843651 0.1004384 0.0860702 0.0693381 0.0795481 0.0834372 0.0854190 0.0892054 0.0874229 0.0681136 0.0787385 0.0819940 0.0462926 0.0866860 0.0629530 0.0606556 0.0745235 0.0676194 0.0852763 0.0730359 0.0851552 0.0843876 0.0821430 0.0461258 0.0851495 0.0717085 0.0811828 0.0859940 0.0891934 0.0927451 0.0631442 0.0801052 0.0749988 0.1095278 0.0706322 0.0841527 0.0884198 0.0766262 
S0281         0.1675227 0.0793722 0.0360308 0.0772272 0.0000000 0.0741816 0.0737901 0.0777893 0.0687954 0.0837167 0.0876260 0.0836010 0.0774311 0.0796080 0.0785971 0.0776182 0.0708218 0.0755951 0.0743788 0.0785063 0.0719530 0.0716270 0.0745557 0.0745432 0.0933862 0.0687596 0.0270814 0.0786956 0.0683299 0.0761112 0.0647952 0.0712038 0.0923377 0.0743397 0.0820668 0.0659597 0.0833893 0.0673696 0.0767352 0.0627894 0.0650100 0.0683183 0.0832019 0.0344623 0.0778756 0.1084450 0.0755580 0.0757100 0.0734470 0.0717365 0.0747201 0.0263758 0.0739043 0.0275662 0.0268321 0.0808876 0.0314937 0.0665552 0.0758329 0.0641812 0.0686640 0.0598191 0.0693959 0.0744711 0.0740596 0.0773595 0.0798862 0.0773157 0.0346121 0.1077738 0.0809483 0.0670591 0.0736078 0.0853937 0.0753240 0.1147259 0.0245146 0.1139240 0.0672927 0.0829001 0.0690293 0.0746691 0.0836115 0.0799788 0.1193042 0.0740641 0.0850430 0.0624649 0.0678095 0.0615367 0.0636797 0.0847946 0.0635008 0.0886634 0.0707759 0.0788688 0.0810635 0.0742555 0.0777044 0.0780589 0.0607362 0.0700091 0.0702411 0.0799266 0.0792753 0.0757955 0.0735385 0.0697266 0.0669746 0.0855697 0.0810777 0.0275360 0.0752981 0.0353672 0.0668147 0.0740774 0.0373658 0.0804692 0.0689885 0.0714444 0.0748426 0.0727733 0.0712069 0.0714965 0.0714933 0.0767220 0.0785343 0.0641898 0.0660184 0.0586509 0.1012779 0.0372119 0.0677335 0.0776995 0.0594090 
S0282         0.1615125 0.0389587 0.0615694 0.0858820 0.0741816 0.0000000 0.0777643 0.0871860 0.0536538 0.0182956 0.0595059 0.0889077 0.0839287 0.0863015 0.0849839 0.0825181 0.0718499 0.0622057 0.0680131 0.0854133 0.0447242 0.0111051 0.0159273 0.0821506 0.0635408 0.0738983 0.0530179 0.0482938 0.0724952 0.0805496 0.0658505 0.0635254 0.0595510 0.0833201 0.0913568 0.0778806 0.0294101 0.0082167 0.0826673 0.0671264 0.0686956 0.0355883 0.0158269 0.0623568 0.0838373 0.1098203 0.0459413 0.0822836 0.0629852 0.0115186 0.0651077 0.0528074 0.0139214 0.0553573 0.0551638 0.0647801 0.0601184 0.0711063 0.0808819 0.0698198 0.0692068 0.0446902 0.0776858 0.0648399 0.0599268 0.0649199 0.0703799 0.0550812 0.0633519 0.1050397 0.0677521 0.0716052 0.0818603 0.0726602 0.0634864 0.1135936 0.0504339 0.1159544 0.0796623 0.0667962 0.0592142 0.0829036 0.0284062 0.0692031 0.1189057 0.0130754 0.0292522 0.0481873 0.0728689 0.0656587 0.0673342 0.0872476 0.0711298 0.0977717 0.0803046 0.0818193 0.0839331 0.0122877 0.0841337 0.0627300 0.0478559 0.0119704 0.0147798 0.0365925 0.0620203 0.0233468 0.0732048 0.0525193 0.0560702 0.0903216 0.0258235 0.0553668 0.0843837 0.0672961 0.0714578 0.0131416 0.0664910 0.0654315 0.0558499 0.0154548 0.0844285 0.0233294 0.0774636 0.0171502 0.0377978 0.0618367 0.0652414 0.0672221 0.0550456 0.0431758 0.0803167 0.0620584 0.0556623 0.0460511 0.0443324 
S0288         0.1839558 0.0804876 0.0633412 0.0972167 0.0737901 0.0777643 0.0000000 0.0888114 0.0803795 0.0860624 0.0940740 0.0989406 0.0085945 0.0484619 0.0940715 0.0075379 0.0807088 0.0833518 0.1081278 0.0109779 0.0851701 0.0772523 0.0791515 0.0924503 0.1146225 0.0789047 0.0587870 0.0888306 0.0918551 0.0075810 0.0739625 0.0824142 0.1005819 0.0487698 0.0209106 0.0814287 0.0872540 0.0736847 0.0879473 0.0738037 0.0750487 0.0749825 0.0776753 0.0710201 0.0090162 0.1252372 0.0853827 0.0066922 0.0821737 0.0787383 0.0887895 0.0585599 0.0793904 0.0606111 0.0604148 0.0918753 0.0674271 0.0758427 0.0519247 0.0737232 0.0786003 0.0671585 0.0249967 0.0849696 0.0859585 0.0864662 0.0929979 0.0806014 0.0656819 0.1268234 0.0955502 0.0476712 0.0522165 0.0998844 0.0943192 0.1358010 0.0596884 0.1331145 0.0591057 0.0953012 0.0799789 0.0484145 0.0900861 0.0989234 0.1308502 0.0798251 0.0874727 0.0730983 0.0792973 0.0723099 0.0744348 0.0114344 0.0750746 0.1049114 0.0453464 0.0081889 0.0101170 0.0784358 0.0558711 0.0870317 0.0679194 0.0736255 0.0765708 0.0801169 0.0903946 0.0848031 0.0803621 0.0836114 0.0814377 0.0987659 0.0838483 0.0607961 0.0877262 0.0680387 0.0764879 0.0774374 0.0690273 0.0894582 0.0808932 0.0771312 0.0882460 0.0835387 0.0789375 0.0779207 0.0770379 0.0877868 0.0823175 0.0736118 0.0782111 0.0646586 0.1060521 0.0606935 0.0792864 0.0874505 0.0679094 
S0289         0.1803666 0.0880550 0.0777523 0.0438082 0.0777893 0.0871860 0.0888114 0.0000000 0.0806522 0.1009781 0.1063940 0.0404726 0.0981596 0.0971715 0.0278952 0.0965252 0.0455999 0.0888450 0.1007694 0.0997133 0.0844803 0.0852214 0.0842077 0.0451857 0.1044210 0.0407468 0.0613188 0.0898045 0.0465141 0.0974486 0.0470231 0.0877821 0.0976298 0.0969225 0.1026406 0.0325601 0.0915792 0.0846149 0.0469116 0.0574332 0.0568264 0.0845677 0.1063219 0.0707598 0.0979598 0.1279712 0.0913780 0.0953980 0.0927136 0.0847443 0.0814937 0.0601279 0.0871554 0.0627597 0.0621177 0.0892943 0.0672293 0.0601812 0.0948050 0.0543865 0.0588934 0.0768768 0.0891740 0.0847023 0.0786598 0.0875465 0.0942185 0.1016897 0.0707369 0.1262521 0.0955182 0.0911227 0.0858129 0.0955811 0.0832309 0.1347190 0.0601989 0.1322650 0.0717178 0.0928994 0.0828780 0.0969360 0.0945738 0.0876124 0.1372429 0.0871835 0.1000658 0.0720665 0.0338880 0.0500269 0.0520356 0.1044881 0.0583970 0.0513449 0.0906514 0.0994148 0.1015747 0.0869795 0.0935510 0.0898513 0.0707457 0.0826203 0.0846637 0.0890272 0.0875525 0.0900238 0.0613105 0.0835472 0.0809583 0.0427931 0.0937966 0.0621830 0.0427909 0.0719648 0.0558296 0.0868633 0.0719276 0.0854611 0.0822890 0.0838998 0.0404059 0.0889869 0.0669160 0.0853036 0.0849987 0.0901817 0.0932380 0.0538044 0.0802113 0.0755393 0.1056036 0.0658895 0.0827604 0.0865056 0.0759125 
S0292         0.1613771 0.0589526 0.0548957 0.0811174 0.0687954 0.0536538 0.0803795 0.0806522 0.0000000 0.0635734 0.0704819 0.0849921 0.0845013 0.0868944 0.0805315 0.0840348 0.0720973 0.0514575 0.0541578 0.0864150 0.0551594 0.0513196 0.0538375 0.0826561 0.0745912 0.0736931 0.0508568 0.0598621 0.0690054 0.0832845 0.0652949 0.0490642 0.0688467 0.0844385 0.0875769 0.0736141 0.0665146 0.0468244 0.0776516 0.0642367 0.0682808 0.0544546 0.0629416 0.0585710 0.0848341 0.1086349 0.0613890 0.0838517 0.0576225 0.0523312 0.0507768 0.0510542 0.0543669 0.0527460 0.0525915 0.0567540 0.0576326 0.0702284 0.0771157 0.0682697 0.0694181 0.0387297 0.0746463 0.0515771 0.0461133 0.0513884 0.0568950 0.0704648 0.0571041 0.1091627 0.0662614 0.0696279 0.0792219 0.0610130 0.0541434 0.1147611 0.0490335 0.1135014 0.0833910 0.0567367 0.0461679 0.0828011 0.0645315 0.0417307 0.1203284 0.0536427 0.0672421 0.0416141 0.0717535 0.0641093 0.0662679 0.0893926 0.0681778 0.0937199 0.0768564 0.0848267 0.0872258 0.0532630 0.0809400 0.0512431 0.0161300 0.0501500 0.0524310 0.0578934 0.0376025 0.0591674 0.0666156 0.0258646 0.0159786 0.0899217 0.0648891 0.0527549 0.0841663 0.0586972 0.0704153 0.0520112 0.0609001 0.0373492 0.0414573 0.0545843 0.0837305 0.0532258 0.0751567 0.0521189 0.0544879 0.0515491 0.0529821 0.0656644 0.0452227 0.0381927 0.0804694 0.0575195 0.0398120 0.0614465 0.0387932 
S0293         0.1749038 0.0480870 0.0589788 0.1012244 0.0837167 0.0182956 0.0860624 0.1009781 0.0635734 0.0000000 0.0648300 0.1000339 0.0914973 0.0942291 0.1012200 0.0881378 0.0829802 0.0723841 0.0574752 0.0917413 0.0487166 0.0167801 0.0208931 0.0873089 0.0755222 0.0843629 0.0591535 0.0572563 0.0824929 0.0856426 0.0756845 0.0728715 0.0667002 0.0884509 0.0832929 0.0948703 0.0391483 0.0168588 0.0964401 0.0745029 0.0816950 0.0420874 0.0275876 0.0715439 0.0904751 0.1293109 0.0565629 0.0906422 0.0711713 0.0177954 0.0692339 0.0612130 0.0182957 0.0627098 0.0624207 0.0768509 0.0698121 0.0786771 0.0875687 0.0843992 0.0841348 0.0516632 0.0826803 0.0718412 0.0706294 0.0742933 0.0778863 0.0639159 0.0704183 0.1242858 0.0734778 0.0759138 0.0829403 0.0864770 0.0754058 0.1358329 0.0582335 0.1378599 0.0883636 0.0776897 0.0707524 0.0909458 0.0356125 0.0764333 0.1400489 0.0187588 0.0426891 0.0575229 0.0822029 0.0798105 0.0819910 0.0964559 0.0805361 0.1162387 0.0843333 0.0905872 0.0849165 0.0182976 0.0897361 0.0738408 0.0556441 0.0178883 0.0204875 0.0467433 0.0768013 0.0297056 0.0855966 0.0618076 0.0650946 0.1057129 0.0382363 0.0627238 0.0923599 0.0724909 0.0846677 0.0188588 0.0738287 0.0783020 0.0677985 0.0212718 0.0983309 0.0276091 0.0897899 0.0212781 0.0433173 0.0752372 0.0774049 0.0813702 0.0655087 0.0508862 0.0962508 0.0703510 0.0676141 0.0519982 0.0529991 
S0294         0.1745561 0.0653479 0.0669808 0.1065977 0.0876260 0.0595059 0.0940740 0.1063940 0.0704819 0.0648300 0.0000000 0.1110106 0.0996107 0.1064672 0.1054873 0.0984822 0.0929344 0.0818390 0.0764644 0.1011111 0.0675347 0.0556448 0.0602073 0.1018299 0.0801277 0.0953323 0.0690507 0.0693810 0.0960549 0.0959495 0.0890850 0.0802182 0.0683399 0.1004291 0.1015227 0.0973993 0.0687486 0.0544461 0.1050658 0.0862314 0.0882665 0.0522013 0.0711553 0.0804235 0.1004634 0.1202431 0.0608740 0.0989223 0.0770016 0.0572158 0.0820286 0.0693619 0.0592529 0.0704930 0.0709148 0.0828461 0.0773621 0.0930876 0.0977772 0.0864129 0.0896129 0.0637187 0.0963611 0.0817597 0.0744516 0.0812843 0.0879794 0.0399047 0.0792554 0.1224537 0.0881242 0.0861888 0.0954633 0.0929414 0.0816519 0.1268326 0.0655215 0.1246539 0.0944944 0.0875167 0.0756297 0.0974205 0.0690933 0.0845684 0.1319864 0.0585450 0.0716121 0.0698084 0.0913003 0.0839551 0.0863300 0.1046465 0.0898172 0.1209535 0.0965196 0.1001817 0.0962257 0.0586510 0.1006810 0.0832720 0.0616253 0.0555772 0.0569612 0.0601930 0.0814101 0.0641190 0.0891157 0.0733758 0.0746889 0.1114015 0.0690846 0.0715586 0.1065901 0.0820044 0.0871490 0.0579845 0.0826799 0.0828043 0.0731643 0.0571854 0.1076161 0.0602110 0.0933860 0.0579863 0.0546197 0.0821475 0.0851184 0.0851225 0.0720672 0.0643569 0.0982871 0.0790308 0.0708566 0.0683845 0.0651685 
S0299         0.1962172 0.0905917 0.0840692 0.0394427 0.0836010 0.0889077 0.0989406 0.0404726 0.0849921 0.1000339 0.1110106 0.0000000 0.1034157 0.1028244 0.0407970 0.1029318 0.0522384 0.0910219 0.0830845 0.1049980 0.0853470 0.0856740 0.0873954 0.0560161 0.1075749 0.0497712 0.0670310 0.0937832 0.0624439 0.1033320 0.0507933 0.0854416 0.0966828 0.1032828 0.1089049 0.0335208 0.0954921 0.0874413 0.0521347 0.0667814 0.0647216 0.0871203 0.1227028 0.0779126 0.1038576 0.1323227 0.0874555 0.1013071 0.0974415 0.0863933 0.0816151 0.0663968 0.0881696 0.0685123 0.0674704 0.0941231 0.0750072 0.0686841 0.1004829 0.0627342 0.0678415 0.0794397 0.0945667 0.0850224 0.0856469 0.0885890 0.0946808 0.1084958 0.0759183 0.1337210 0.0973364 0.0954790 0.0954063 0.0964364 0.0844706 0.1392312 0.0668918 0.1368184 0.0764499 0.0969248 0.0877718 0.1023234 0.0949379 0.0924081 0.1426285 0.0871186 0.1023904 0.0831946 0.0402017 0.0581813 0.0602912 0.1148060 0.0657529 0.0474542 0.0955081 0.1047793 0.1076777 0.0859067 0.1009587 0.0889463 0.0729813 0.0803510 0.0851084 0.0888676 0.0905630 0.0889534 0.0673863 0.0884179 0.0852229 0.0479067 0.0986134 0.0674153 0.0523805 0.0779917 0.0661651 0.0866752 0.0765955 0.0929668 0.0855266 0.0858981 0.0408971 0.0889709 0.0737144 0.0842279 0.0865418 0.0911294 0.0962747 0.0617127 0.0836449 0.0769530 0.1053014 0.0738598 0.0859235 0.0933862 0.0791363 
S0303         0.1814071 0.0884900 0.0672540 0.1001104 0.0774311 0.0839287 0.0085945 0.0981596 0.0845013 0.0914973 0.0996107 0.1034157 0.0000000 0.0451026 0.1004792 0.0057298 0.0854588 0.0873445 0.1037896 0.0077026 0.0911063 0.0824320 0.0851170 0.0923037 0.1154319 0.0836353 0.0623807 0.0969444 0.0901156 0.0053920 0.0802245 0.0858587 0.1041014 0.0523688 0.0189207 0.0861523 0.0952678 0.0789533 0.0939160 0.0775100 0.0821672 0.0801364 0.0912574 0.0717928 0.0061402 0.1234523 0.0922067 0.0050646 0.0843937 0.0826099 0.0907129 0.0627635 0.0831549 0.0639012 0.0642866 0.0920587 0.0693776 0.0818183 0.0549060 0.0811247 0.0836629 0.0722767 0.0226128 0.0874262 0.0860324 0.0885812 0.0934376 0.0929648 0.0697194 0.1282263 0.0957686 0.0491190 0.0530203 0.1029158 0.0905967 0.1337310 0.0626140 0.1301475 0.0850394 0.0964726 0.0827006 0.0505150 0.0962206 0.1018375 0.1349633 0.0855464 0.0956975 0.0758934 0.0843228 0.0782772 0.0806227 0.0119404 0.0801561 0.1112095 0.0463846 0.0070430 0.0097381 0.0829429 0.0571225 0.0888512 0.0755778 0.0804663 0.0790778 0.0874444 0.0937679 0.0920741 0.0889200 0.0880508 0.0843439 0.1076222 0.0938504 0.0645315 0.0967140 0.0713277 0.0833690 0.0826752 0.0737093 0.0931856 0.0833754 0.0844557 0.0942072 0.0888477 0.0845218 0.0823311 0.0816977 0.0906541 0.0896681 0.0809759 0.0811272 0.0707417 0.1079307 0.0632966 0.0820908 0.0925374 0.0730627 
S0308         0.1778685 0.0927686 0.0649309 0.1007682 0.0796080 0.0863015 0.0484619 0.0971715 0.0868944 0.0942291 0.1064672 0.1028244 0.0451026 0.0000000 0.0990864 0.0432658 0.0836833 0.0919756 0.1079531 0.0446789 0.0920518 0.0846426 0.0874411 0.0953487 0.1219978 0.0826316 0.0610159 0.0915180 0.0896412 0.0426889 0.0824114 0.0884035 0.1153222 0.0539909 0.0539308 0.0891025 0.0962009 0.0814858 0.0964355 0.0781854 0.0865142 0.0813923 0.0946039 0.0709269 0.0447408 0.1271768 0.1002792 0.0424581 0.0905848 0.0843436 0.0942698 0.0617954 0.0859045 0.0634545 0.0633779 0.0939120 0.0670891 0.0818773 0.0559697 0.0854677 0.0843214 0.0742616 0.0351763 0.0912719 0.0899848 0.0927112 0.0989018 0.0983928 0.0687804 0.1297421 0.0976100 0.0517169 0.0518883 0.1029450 0.0926525 0.1345556 0.0627409 0.1333911 0.0908850 0.0996134 0.0877297 0.0533766 0.0968828 0.1059143 0.1388773 0.0872781 0.0988330 0.0819089 0.0852939 0.0819993 0.0843584 0.0503055 0.0808589 0.1134890 0.0493188 0.0447618 0.0463265 0.0851839 0.0583667 0.0939606 0.0780571 0.0826467 0.0841331 0.0917867 0.0956214 0.0921077 0.0917987 0.0929112 0.0883464 0.1082114 0.0964008 0.0640750 0.1016206 0.0692716 0.0877270 0.0869916 0.0716677 0.0987044 0.0863919 0.0877294 0.0967727 0.0898898 0.0856735 0.0861199 0.0855069 0.0962514 0.0997833 0.0853704 0.0809731 0.0740631 0.1131559 0.0676255 0.0861502 0.0927601 0.0743848 
S0320         0.1811873 0.0853459 0.0838526 0.0446267 0.0785971 0.0849839 0.0940715 0.0278952 0.0805315 0.1012200 0.1054873 0.0407970 0.1004792 0.0990864 0.0000000 0.0993656 0.0444228 0.0861667 0.1017480 0.1020391 0.0810640 0.0813399 0.0833162 0.0447213 0.1036210 0.0427482 0.0633698 0.0840469 0.0487463 0.0997560 0.0467937 0.0830321 0.0993263 0.1014281 0.1040878 0.0329125 0.0904427 0.0812456 0.0438081 0.0534141 0.0583622 0.0819039 0.1130294 0.0705522 0.1002620 0.1307256 0.0878115 0.0977061 0.0936092 0.0823895 0.0782457 0.0621772 0.0847806 0.0648216 0.0641854 0.0882717 0.0665190 0.0578687 0.0982988 0.0559032 0.0541448 0.0714660 0.0906279 0.0794228 0.0751125 0.0842329 0.0908956 0.1032521 0.0707509 0.1277856 0.0961427 0.0915322 0.0898256 0.0918610 0.0789628 0.1386270 0.0624171 0.1346510 0.0778526 0.0857925 0.0805510 0.0979093 0.0920994 0.0895468 0.1391320 0.0842956 0.0952522 0.0733977 0.0349032 0.0519625 0.0539930 0.1104699 0.0579585 0.0498254 0.0942828 0.1017278 0.1025834 0.0840826 0.0980832 0.0869478 0.0659409 0.0787413 0.0833872 0.0847710 0.0825398 0.0872441 0.0634035 0.0803862 0.0791599 0.0367172 0.0890591 0.0642376 0.0436253 0.0721203 0.0587734 0.0839688 0.0732252 0.0844957 0.0809672 0.0820295 0.0443974 0.0860657 0.0622674 0.0819056 0.0813845 0.0899358 0.0890399 0.0557727 0.0775038 0.0711403 0.1052477 0.0681038 0.0815854 0.0847085 0.0711547 
S0322         0.1774709 0.0875081 0.0649875 0.0995580 0.0776182 0.0825181 0.0075379 0.0965252 0.0840348 0.0881378 0.0984822 0.1029318 0.0057298 0.0432658 0.0993656 0.0000000 0.0856336 0.0868203 0.1011653 0.0041605 0.0883528 0.0815628 0.0842115 0.0918651 0.1141014 0.0842922 0.0611225 0.0946316 0.0918269 0.0041812 0.0794308 0.0854499 0.1029238 0.0499653 0.0175539 0.0862629 0.0942532 0.0798542 0.0928438 0.0760352 0.0791105 0.0788358 0.0922292 0.0703908 0.0030163 0.1209054 0.0922419 0.0038452 0.0844403 0.0807161 0.0902337 0.0614923 0.0822760 0.0626186 0.0629920 0.0928238 0.0680111 0.0794241 0.0529360 0.0780875 0.0812058 0.0710376 0.0199282 0.0869988 0.0856232 0.0875920 0.0934779 0.0909286 0.0688612 0.1250544 0.0957722 0.0460126 0.0487351 0.1023247 0.0901315 0.1319354 0.0612102 0.1284582 0.0853104 0.0964681 0.0823245 0.0486712 0.0963870 0.1012604 0.1322148 0.0846418 0.0946880 0.0750732 0.0844317 0.0753873 0.0775946 0.0105214 0.0788053 0.1093694 0.0449394 0.0054025 0.0072798 0.0820684 0.0546664 0.0879289 0.0752727 0.0796146 0.0787393 0.0855151 0.0927328 0.0910867 0.0874737 0.0871101 0.0839716 0.1059053 0.0928405 0.0632368 0.0967179 0.0709536 0.0802845 0.0822997 0.0722617 0.0921118 0.0824472 0.0825406 0.0933005 0.0878986 0.0835912 0.0824689 0.0803482 0.0907850 0.0886999 0.0780344 0.0807695 0.0695224 0.1095653 0.0620255 0.0817211 0.0892235 0.0727856 
S0327         0.1760370 0.0766474 0.0661527 0.0582205 0.0708218 0.0718499 0.0807088 0.0455999 0.0720973 0.0829802 0.0929344 0.0522384 0.0854588 0.0836833 0.0444228 0.0856336 0.0000000 0.0781091 0.0743047 0.0875793 0.0711935 0.0692732 0.0722748 0.0508198 0.0904336 0.0391931 0.0532947 0.0758313 0.0496093 0.0846957 0.0319314 0.0760109 0.0866802 0.0874792 0.0921470 0.0430566 0.0748193 0.0670907 0.0452024 0.0454251 0.0508463 0.0698590 0.0907773 0.0645160 0.0869669 0.1182488 0.0726405 0.0825107 0.0778365 0.0684495 0.0754352 0.0521015 0.0706534 0.0547036 0.0530291 0.0765197 0.0610693 0.0516292 0.0786764 0.0488841 0.0495911 0.0598326 0.0762964 0.0745631 0.0710787 0.0801540 0.0851163 0.0871382 0.0608913 0.1167114 0.0819811 0.0740471 0.0800251 0.0874613 0.0748587 0.1236888 0.0510179 0.1245672 0.0638600 0.0827671 0.0730106 0.0806074 0.0801997 0.0819350 0.1253468 0.0712586 0.0817178 0.0620562 0.0340065 0.0446374 0.0465976 0.0918876 0.0502471 0.0631484 0.0812771 0.0865326 0.0899451 0.0690192 0.0810696 0.0777831 0.0640991 0.0662833 0.0702279 0.0754975 0.0783327 0.0737488 0.0553375 0.0719486 0.0702990 0.0508632 0.0751504 0.0532565 0.0446564 0.0622228 0.0517106 0.0703078 0.0632374 0.0809960 0.0720859 0.0690390 0.0464094 0.0758238 0.0565581 0.0702892 0.0700050 0.0765874 0.0818941 0.0484393 0.0697114 0.0595658 0.0934559 0.0567114 0.0728151 0.0768381 0.0613745 
S0335         0.1667156 0.0674432 0.0583463 0.0883116 0.0755951 0.0622057 0.0833518 0.0888450 0.0514575 0.0723841 0.0818390 0.0910219 0.0873445 0.0919756 0.0861667 0.0868203 0.0781091 0.0000000 0.0452657 0.0892321 0.0698813 0.0616649 0.0649539 0.0827323 0.0841314 0.0791049 0.0583578 0.0741915 0.0738410 0.0828724 0.0705607 0.0569205 0.0822894 0.0851424 0.0865411 0.0827676 0.0773759 0.0596675 0.0837293 0.0706130 0.0776619 0.0597900 0.0773277 0.0659468 0.0864821 0.1188648 0.0682422 0.0840658 0.0644759 0.0617894 0.0606991 0.0591222 0.0628552 0.0602994 0.0602562 0.0697325 0.0625693 0.0782744 0.0830177 0.0761611 0.0784340 0.0493271 0.0774588 0.0614928 0.0577554 0.0596775 0.0661222 0.0702598 0.0644805 0.1111783 0.0727698 0.0734524 0.0885594 0.0658097 0.0608431 0.1240706 0.0556595 0.1218975 0.0802529 0.0677441 0.0446317 0.0863548 0.0707209 0.0650687 0.1266614 0.0631234 0.0754368 0.0525515 0.0789829 0.0729034 0.0751598 0.0980930 0.0751273 0.0993149 0.0811808 0.0872508 0.0832227 0.0637179 0.0838594 0.0410993 0.0459974 0.0596234 0.0600551 0.0661935 0.0563666 0.0647724 0.0760258 0.0522148 0.0529503 0.0938423 0.0733828 0.0593771 0.0918700 0.0655051 0.0799452 0.0609317 0.0682691 0.0608382 0.0383541 0.0636249 0.0904243 0.0603793 0.0792074 0.0611591 0.0643608 0.0422220 0.0237345 0.0730781 0.0519006 0.0487398 0.0875622 0.0672916 0.0371536 0.0733050 0.0499248 
S0345         0.1882836 0.0688336 0.0554084 0.0911427 0.0743788 0.0680131 0.1081278 0.1007694 0.0541578 0.0574752 0.0764644 0.0830845 0.1037896 0.1079531 0.1017480 0.1011653 0.0743047 0.0452657 0.0000000 0.1025643 0.0675988 0.0610178 0.0684305 0.0903681 0.0817087 0.0896166 0.0502415 0.0759119 0.0850251 0.1015355 0.0703450 0.0702844 0.0717888 0.0923826 0.1181268 0.0803041 0.0733203 0.0591034 0.0874400 0.0747496 0.0752692 0.0630511 0.0722040 0.0624188 0.1034220 0.1170121 0.0650319 0.1042112 0.0698149 0.0622105 0.0647001 0.0519057 0.0620186 0.0523235 0.0518813 0.0696149 0.0635463 0.0774100 0.0817684 0.0787943 0.0792456 0.0538489 0.0931272 0.0674352 0.0702374 0.0639467 0.0640671 0.0760627 0.0628797 0.1187377 0.0639070 0.0802957 0.0889361 0.0772749 0.0719911 0.1272126 0.0514369 0.1258590 0.1126947 0.0753287 0.0535546 0.0952826 0.0720285 0.0658643 0.1316423 0.0619793 0.0739982 0.0569086 0.0891752 0.0752954 0.0776524 0.0958185 0.0730034 0.1003655 0.0892231 0.1048969 0.1029584 0.0650200 0.0888648 0.0200252 0.0394625 0.0531224 0.0650381 0.0672867 0.0598201 0.0641338 0.0653596 0.0497034 0.0580970 0.1081409 0.0724209 0.0535654 0.0917296 0.0573771 0.0795914 0.0620993 0.0664079 0.0608952 0.0457711 0.0567866 0.0801960 0.0643496 0.0829964 0.0614520 0.0682164 0.0272476 0.0533736 0.0744989 0.0552817 0.0515895 0.0910130 0.0616197 0.0391945 0.0715031 0.0499510 
S0355         0.1769058 0.0894558 0.0678203 0.1003776 0.0785063 0.0854133 0.0109779 0.0997133 0.0864150 0.0917413 0.1011111 0.1049980 0.0077026 0.0446789 0.1020391 0.0041605 0.0875793 0.0892321 0.1025643 0.0000000 0.0892115 0.0839201 0.0866096 0.0942955 0.1163490 0.0868100 0.0618182 0.0960608 0.0959494 0.0061327 0.0816361 0.0876854 0.1060067 0.0529025 0.0192672 0.0887726 0.0967989 0.0825189 0.0946983 0.0767915 0.0829947 0.0796811 0.0985490 0.0711374 0.0053218 0.1231453 0.0942038 0.0058155 0.0868561 0.0841007 0.0916707 0.0621938 0.0846452 0.0633229 0.0637022 0.0947959 0.0687454 0.0821422 0.0544614 0.0814422 0.0834929 0.0732774 0.0220409 0.0899971 0.0880950 0.0912247 0.0965574 0.0930679 0.0701280 0.1273190 0.0982461 0.0472196 0.0502122 0.1042334 0.0919726 0.1342926 0.0620009 0.1307763 0.0856096 0.0974769 0.0846960 0.0488099 0.0972759 0.1027337 0.1345782 0.0859918 0.0972037 0.0778879 0.0868234 0.0791226 0.0814585 0.0133638 0.0816906 0.1121676 0.0478120 0.0077912 0.0096483 0.0844301 0.0567545 0.0893047 0.0781341 0.0819676 0.0810875 0.0890067 0.0957567 0.0930078 0.0904658 0.0900359 0.0858276 0.1072645 0.0953314 0.0639459 0.0986606 0.0722965 0.0831533 0.0846693 0.0735606 0.0957621 0.0859165 0.0859540 0.0947969 0.0892814 0.0865404 0.0848438 0.0822357 0.0932576 0.0911390 0.0825150 0.0825857 0.0717462 0.1108445 0.0631423 0.0846377 0.0917379 0.0750508 
S0376         0.1668495 0.0504529 0.0601563 0.0839577 0.0719530 0.0447242 0.0851701 0.0844803 0.0551594 0.0487166 0.0675347 0.0853470 0.0911063 0.0920518 0.0810640 0.0883528 0.0711935 0.0698813 0.0675988 0.0892115 0.0000000 0.0432717 0.0440045 0.0773452 0.0723654 0.0729475 0.0528952 0.0241436 0.0744141 0.0859022 0.0637690 0.0666741 0.0629640 0.0885956 0.0880813 0.0739937 0.0528465 0.0384470 0.0821636 0.0661076 0.0731887 0.0417043 0.0558627 0.0627900 0.0885913 0.1139998 0.0538774 0.0882093 0.0611099 0.0429151 0.0674233 0.0522188 0.0452297 0.0543264 0.0541277 0.0705966 0.0609849 0.0723612 0.0827974 0.0725889 0.0704159 0.0499348 0.0801998 0.0675818 0.0651224 0.0689487 0.0762645 0.0600923 0.0617024 0.1093537 0.0701765 0.0754275 0.0850892 0.0806417 0.0708457 0.1201980 0.0481939 0.1180163 0.0776534 0.0715221 0.0638712 0.0866878 0.0494219 0.0693158 0.1184596 0.0433014 0.0559474 0.0482379 0.0704973 0.0683411 0.0700558 0.0984214 0.0692764 0.0973731 0.0840225 0.0882337 0.0849026 0.0433677 0.0867109 0.0680121 0.0488606 0.0408645 0.0421520 0.0501605 0.0634196 0.0485684 0.0731982 0.0551358 0.0541336 0.0866537 0.0536741 0.0543358 0.0834502 0.0640225 0.0732622 0.0443619 0.0634095 0.0665108 0.0601664 0.0424029 0.0814723 0.0461474 0.0769813 0.0430923 0.0430991 0.0680012 0.0726502 0.0694738 0.0595021 0.0478973 0.0852129 0.0638235 0.0608140 0.0280320 0.0477462 
S0400         0.1619652 0.0362273 0.0601071 0.0830063 0.0716270 0.0111051 0.0772523 0.0852214 0.0513196 0.0167801 0.0556448 0.0856740 0.0824320 0.0846426 0.0813399 0.0815628 0.0692732 0.0616649 0.0610178 0.0839201 0.0432717 0.0000000 0.0138902 0.0797700 0.0635039 0.0717799 0.0502283 0.0486082 0.0710484 0.0790694 0.0638593 0.0596970 0.0576439 0.0822121 0.0856864 0.0759612 0.0277147 0.0073167 0.0800372 0.0644870 0.0662273 0.0337659 0.0193765 0.0604187 0.0823500 0.1085826 0.0440957 0.0812942 0.0603244 0.0107012 0.0615934 0.0500078 0.0111245 0.0525443 0.0523400 0.0613852 0.0581917 0.0700694 0.0782713 0.0673379 0.0667078 0.0411110 0.0746184 0.0609758 0.0561573 0.0615034 0.0664387 0.0513341 0.0604432 0.1054258 0.0663629 0.0694237 0.0799597 0.0701599 0.0619731 0.1134338 0.0479600 0.1157914 0.0735447 0.0633757 0.0563359 0.0808689 0.0270669 0.0662558 0.1176244 0.0110776 0.0291566 0.0464327 0.0684112 0.0632184 0.0653547 0.0894440 0.0686345 0.0960128 0.0772255 0.0786835 0.0808314 0.0110949 0.0805042 0.0612508 0.0450750 0.0099720 0.0115708 0.0343663 0.0611547 0.0224574 0.0716411 0.0512189 0.0532390 0.0870954 0.0257299 0.0525531 0.0795363 0.0642073 0.0689576 0.0111331 0.0630007 0.0624971 0.0545224 0.0142107 0.0812832 0.0199950 0.0744084 0.0139145 0.0350997 0.0598646 0.0637463 0.0657277 0.0513476 0.0404978 0.0820333 0.0610495 0.0537255 0.0464656 0.0407508 
S0405         0.1683660 0.0399247 0.0604812 0.0845925 0.0745557 0.0159273 0.0791515 0.0842077 0.0538375 0.0208931 0.0602073 0.0873954 0.0851170 0.0874411 0.0833162 0.0842115 0.0722748 0.0649539 0.0684305 0.0866096 0.0440045 0.0138902 0.0000000 0.0804984 0.0682192 0.0718005 0.0519456 0.0489269 0.0691736 0.0816997 0.0648163 0.0623310 0.0622415 0.0853246 0.0905024 0.0775039 0.0291445 0.0109095 0.0788740 0.0659465 0.0681453 0.0369957 0.0239914 0.0597807 0.0849799 0.1068843 0.0475045 0.0839906 0.0644656 0.0138987 0.0633889 0.0508146 0.0163387 0.0542897 0.0540906 0.0643924 0.0594479 0.0710467 0.0784739 0.0682570 0.0686263 0.0467178 0.0766543 0.0622375 0.0592321 0.0632996 0.0677375 0.0552096 0.0613881 0.1032127 0.0708551 0.0697858 0.0820018 0.0739544 0.0641787 0.1106310 0.0493001 0.1124103 0.0806505 0.0655995 0.0618573 0.0812937 0.0292784 0.0675717 0.1131080 0.0150672 0.0323135 0.0498967 0.0718178 0.0650972 0.0672649 0.0920431 0.0691064 0.0963526 0.0777940 0.0840486 0.0844203 0.0119504 0.0816556 0.0650198 0.0484961 0.0135780 0.0152219 0.0367789 0.0622995 0.0267415 0.0731221 0.0547574 0.0558049 0.0876545 0.0292602 0.0538421 0.0834189 0.0652023 0.0709166 0.0159684 0.0640647 0.0632647 0.0571610 0.0166854 0.0814127 0.0245993 0.0764236 0.0176057 0.0387723 0.0617020 0.0654894 0.0671412 0.0529850 0.0451785 0.0837465 0.0624227 0.0573235 0.0490108 0.0459043 
S0407sl       0.1759217 0.0801115 0.0704718 0.0613752 0.0745432 0.0821506 0.0924503 0.0451857 0.0826561 0.0873089 0.1018299 0.0560161 0.0923037 0.0953487 0.0447213 0.0918651 0.0508198 0.0827323 0.0903681 0.0942955 0.0773452 0.0797700 0.0804984 0.0000000 0.1073082 0.0442616 0.0628326 0.0846098 0.0408061 0.0907970 0.0516188 0.0872404 0.0991062 0.0943536 0.0947231 0.0455582 0.0796486 0.0788776 0.0482898 0.0573573 0.0652540 0.0808148 0.1041648 0.0713204 0.0934667 0.1325253 0.0885013 0.0907727 0.0908875 0.0800660 0.0826237 0.0599090 0.0821879 0.0635969 0.0611887 0.0910680 0.0732380 0.0583481 0.0906880 0.0631804 0.0578426 0.0693431 0.0836762 0.0835163 0.0869340 0.0847495 0.0984561 0.1031823 0.0664151 0.1275392 0.0935705 0.0880355 0.0826330 0.1006437 0.0934367 0.1374891 0.0629242 0.1389032 0.0777145 0.0919960 0.0787050 0.0917386 0.0886690 0.0975072 0.1436843 0.0819019 0.0849287 0.0657537 0.0414414 0.0568663 0.0597877 0.0942856 0.0562378 0.0685231 0.0859636 0.0949008 0.0961753 0.0776278 0.0918925 0.0875832 0.0688334 0.0745636 0.0772029 0.0806235 0.0886927 0.0854558 0.0696125 0.0796015 0.0873824 0.0476161 0.0793111 0.0628646 0.0172702 0.0639310 0.0631299 0.0800680 0.0698437 0.0902647 0.0774100 0.0754629 0.0434019 0.0843466 0.0634724 0.0761255 0.0780747 0.0902027 0.0919406 0.0631670 0.0811799 0.0697246 0.1021776 0.0681815 0.0755131 0.0808426 0.0687150 
S0412sl       0.1841671 0.0681490 0.0869653 0.1040807 0.0933862 0.0635408 0.1146225 0.1044210 0.0745912 0.0755222 0.0801277 0.1075749 0.1154319 0.1219978 0.1036210 0.1141014 0.0904336 0.0841314 0.0817087 0.1163490 0.0723654 0.0635039 0.0682192 0.1073082 0.0000000 0.0965815 0.0785712 0.0727939 0.1058158 0.1134235 0.0884620 0.0841962 0.0603919 0.1189960 0.1230369 0.0942033 0.0750861 0.0553688 0.1021286 0.0948267 0.0940190 0.0579702 0.0685725 0.0866375 0.1156416 0.1357591 0.0464636 0.1138053 0.0883199 0.0589870 0.0839190 0.0789688 0.0653208 0.0806544 0.0812137 0.0888025 0.0851416 0.0998437 0.1117535 0.0947990 0.0929614 0.0693768 0.1079385 0.0862505 0.0807107 0.0881204 0.0907566 0.0743952 0.0895426 0.1383239 0.0940185 0.1053905 0.1039480 0.0958780 0.0823894 0.1408495 0.0765155 0.1370217 0.0770870 0.0903865 0.0796335 0.1139808 0.0710219 0.0848764 0.1478848 0.0624578 0.0771573 0.0744540 0.0915954 0.0910603 0.0929602 0.1270477 0.0987019 0.1127989 0.1111408 0.1139144 0.1199190 0.0651552 0.1124054 0.0813586 0.0641015 0.0603089 0.0623369 0.0645553 0.0837559 0.0720388 0.0923012 0.0704742 0.0766249 0.1049620 0.0731318 0.0801244 0.1082896 0.0902092 0.0948351 0.0622930 0.0905297 0.0821908 0.0779208 0.0630152 0.1008510 0.0642463 0.0988923 0.0624323 0.0619393 0.0852584 0.0850851 0.0941480 0.0796442 0.0690737 0.1007470 0.0843196 0.0772379 0.0732135 0.0705261 
S0417         0.1642493 0.0776368 0.0624456 0.0473036 0.0687596 0.0738983 0.0789047 0.0407468 0.0736931 0.0843629 0.0953323 0.0497712 0.0836353 0.0826316 0.0427482 0.0842922 0.0391931 0.0791049 0.0896166 0.0868100 0.0729475 0.0717799 0.0718005 0.0442616 0.0965815 0.0000000 0.0510561 0.0796295 0.0360593 0.0834307 0.0382379 0.0739306 0.0913680 0.0888332 0.0874775 0.0335406 0.0817706 0.0704533 0.0484418 0.0435237 0.0524569 0.0741678 0.0954846 0.0617517 0.0845842 0.1151717 0.0783920 0.0822482 0.0798004 0.0719611 0.0753009 0.0493297 0.0726481 0.0524702 0.0512663 0.0815921 0.0601870 0.0497962 0.0863284 0.0514980 0.0487376 0.0642201 0.0750951 0.0775404 0.0727912 0.0800791 0.0837058 0.0949113 0.0595923 0.1151403 0.0848164 0.0771546 0.0818514 0.0850947 0.0744394 0.1219567 0.0507069 0.1221979 0.0583924 0.0853650 0.0727540 0.0833144 0.0839325 0.0833398 0.1250934 0.0738539 0.0880396 0.0645704 0.0252160 0.0480374 0.0500564 0.0922409 0.0470509 0.0563704 0.0808596 0.0850816 0.0880823 0.0715165 0.0877213 0.0793989 0.0621614 0.0692589 0.0721543 0.0770841 0.0834465 0.0767875 0.0542088 0.0725508 0.0729373 0.0460133 0.0836576 0.0513436 0.0433864 0.0602541 0.0538026 0.0733600 0.0618296 0.0837103 0.0706936 0.0715590 0.0448713 0.0783739 0.0508851 0.0727873 0.0734531 0.0776742 0.0814052 0.0480169 0.0736363 0.0629566 0.0950229 0.0576354 0.0703610 0.0761261 0.0622424 
S0419         0.1512900 0.0575552 0.0094144 0.0630657 0.0270814 0.0530179 0.0587870 0.0613188 0.0508568 0.0591535 0.0690507 0.0670310 0.0623807 0.0610159 0.0633698 0.0611225 0.0532947 0.0583578 0.0502415 0.0618182 0.0528952 0.0502283 0.0519456 0.0628326 0.0785712 0.0510561 0.0000000 0.0594506 0.0538172 0.0596023 0.0471235 0.0563325 0.0755040 0.0583413 0.0690609 0.0515325 0.0629760 0.0493854 0.0625448 0.0466912 0.0470684 0.0493938 0.0691739 0.0179958 0.0613215 0.0896533 0.0596557 0.0594930 0.0532017 0.0503257 0.0570873 0.0022650 0.0527178 0.0041578 0.0041778 0.0619598 0.0172288 0.0509311 0.0582737 0.0462624 0.0512548 0.0424719 0.0523407 0.0570482 0.0556913 0.0600221 0.0649302 0.0590719 0.0155772 0.0898302 0.0663472 0.0499258 0.0562240 0.0675205 0.0581436 0.0957667 0.0024533 0.0939810 0.0384584 0.0643301 0.0510724 0.0567246 0.0625485 0.0647902 0.0997937 0.0516180 0.0643601 0.0448977 0.0500820 0.0429243 0.0448724 0.0651785 0.0462861 0.0740648 0.0540923 0.0619880 0.0656864 0.0517188 0.0595623 0.0560369 0.0449671 0.0477595 0.0503883 0.0568983 0.0592416 0.0546961 0.0540681 0.0507756 0.0504305 0.0697120 0.0613494 0.0037727 0.0604300 0.0171661 0.0486620 0.0523921 0.0184921 0.0620166 0.0504052 0.0510574 0.0615211 0.0522307 0.0563351 0.0495473 0.0507280 0.0558353 0.0606106 0.0457822 0.0473069 0.0405531 0.0781722 0.0217293 0.0491780 0.0576091 0.0407794 
S0427         0.1634159 0.0526325 0.0624095 0.0897253 0.0786956 0.0482938 0.0888306 0.0898045 0.0598621 0.0572563 0.0693810 0.0937832 0.0969444 0.0915180 0.0840469 0.0946316 0.0758313 0.0741915 0.0759119 0.0960608 0.0241436 0.0486082 0.0489269 0.0846098 0.0727939 0.0796295 0.0594506 0.0000000 0.0793944 0.0926988 0.0701314 0.0705675 0.0662523 0.0949891 0.0933580 0.0816813 0.0541529 0.0424337 0.0902039 0.0705939 0.0801426 0.0438745 0.0558769 0.0690572 0.0954908 0.1192344 0.0547120 0.0928235 0.0650878 0.0473398 0.0728575 0.0597260 0.0515915 0.0618711 0.0616862 0.0732535 0.0667405 0.0743974 0.0878980 0.0794798 0.0736551 0.0544431 0.0863158 0.0723349 0.0683692 0.0727803 0.0796339 0.0607795 0.0685291 0.1131552 0.0743583 0.0794866 0.0871318 0.0811201 0.0700719 0.1272067 0.0551329 0.1232546 0.0963577 0.0723350 0.0638324 0.0918420 0.0567861 0.0754261 0.1283202 0.0477164 0.0583364 0.0557189 0.0758280 0.0751688 0.0759326 0.1032476 0.0735685 0.1062385 0.0878055 0.0935303 0.0934680 0.0500675 0.0908304 0.0713437 0.0545012 0.0457188 0.0489307 0.0528954 0.0696102 0.0545493 0.0792968 0.0602892 0.0583299 0.0911945 0.0555067 0.0618657 0.0919823 0.0707116 0.0796597 0.0483850 0.0702995 0.0717329 0.0638446 0.0504426 0.0892161 0.0497035 0.0805520 0.0484436 0.0461642 0.0717800 0.0779780 0.0778417 0.0631567 0.0537355 0.0871525 0.0665546 0.0635382 0.0305278 0.0535995 
S0428sl       0.1403637 0.0760100 0.0541945 0.0635867 0.0683299 0.0724952 0.0918551 0.0465141 0.0690054 0.0824929 0.0960549 0.0624439 0.0901156 0.0896412 0.0487463 0.0918269 0.0496093 0.0738410 0.0850251 0.0959494 0.0744141 0.0710484 0.0691736 0.0408061 0.1058158 0.0360593 0.0538172 0.0793944 0.0000000 0.0895930 0.0382622 0.0676298 0.1015978 0.0934125 0.0893323 0.0454232 0.0729292 0.0601053 0.0494210 0.0521750 0.0426301 0.0764375 0.0776629 0.0610620 0.0917498 0.1157211 0.0798721 0.0910924 0.0783155 0.0651299 0.0735721 0.0506580 0.0674696 0.0563738 0.0529834 0.0771908 0.0596925 0.0518116 0.0881353 0.0426714 0.0428951 0.0637072 0.0853188 0.0651270 0.0741196 0.0691983 0.0717085 0.0910004 0.0595872 0.0981637 0.0922331 0.0872610 0.0823692 0.0869281 0.0771065 0.1141401 0.0538725 0.1141469 0.0247161 0.0771621 0.0624772 0.0887274 0.0773561 0.0824663 0.1232224 0.0697098 0.0752425 0.0608589 0.0344757 0.0371049 0.0404698 0.0836302 0.0436513 0.0723316 0.0831239 0.0959351 0.1006635 0.0673623 0.0929763 0.0743400 0.0687477 0.0653336 0.0657006 0.0673844 0.0710328 0.0695471 0.0544233 0.0675485 0.0675943 0.0583055 0.0697496 0.0537992 0.0456903 0.0597222 0.0416832 0.0703720 0.0637262 0.0859876 0.0602646 0.0658583 0.0533643 0.0685064 0.0518704 0.0650094 0.0638555 0.0709049 0.0852376 0.0446232 0.0646831 0.0622398 0.0933862 0.0556890 0.0640909 0.0703873 0.0592140 
