122
S0055       0.0000000 0.0842957 0.0882689 0.1209476 0.0217937 0.0956178 0.0601942 0.0335629 0.0874913 0.0931207 0.0620564 0.0811280 0.0813005 0.0552643 0.0189511 0.0278074 0.0819611 0.0494927 0.0738323 0.0586394 0.1050235 0.0774633 0.0724427 0.0679550 0.0989619 0.1025920 0.0426205 0.0189943 0.0850742 0.0555531 0.0733661 0.0468870 0.0392684 0.0844282 0.1091878 0.1604109 0.0621445 0.0769745 0.0737139 0.0251602 0.0681372 0.0696524 0.0245945 0.0724335 0.0693818 0.0841728 0.0767020 0.0892034 0.0695218 0.0637489 0.0561412 0.0779233 0.0830401 0.0766041 0.0946302 0.0729918 0.1235830 0.1367941 0.0637136 0.1048679 0.0929614 0.0738112 0.0862331 0.1517014 0.0693818 0.1476601 0.0417084 0.0794846 0.0838230 0.0934278 0.0588499 0.0873316 0.1611279 0.0304877 0.0453133 0.0658447 0.0848004 0.0695218 0.0697174 0.0717724 0.0918288 0.0892890 0.0956926 0.1107883 0.0333066 0.0889447 0.0740823 0.0672126 0.0255730 0.0162647 0.0082273 0.0906116 0.0391058 0.0841491 0.0602533 0.0632383 0.0948676 0.0486125 0.0729214 0.0859108 0.1239503 0.0783320 0.0217864 0.1127408 0.0801372 0.0440213 0.0371344 0.0902931 0.0368592 0.0773127 0.0374475 0.0334438 0.0718830 0.0759581 0.0844181 0.0591354 0.0555809 0.1129911 0.0670371 0.0488247 0.0595962 0.0491221 
S0196sl     0.0842957 0.0000000 0.1026208 0.0726625 0.0879985 0.1105726 0.0737228 0.0857636 0.1561971 0.1166099 0.0597882 0.0990087 0.0977317 0.0985636 0.0842962 0.0929080 0.1039295 0.0920943 0.0950440 0.0899235 0.1052874 0.0821239 0.0795054 0.1432634 0.0981139 0.1213896 0.1151057 0.0845228 0.1032191 0.0694641 0.1192740 0.0958401 0.0970754 0.0277439 0.1094663 0.1513393 0.1002560 0.0822762 0.0841213 0.0938414 0.0483221 0.0133776 0.0914161 0.0190453 0.0106095 0.0276703 0.0984927 0.0837508 0.1073040 0.0883456 0.0693405 0.0851350 0.0801860 0.0872412 0.0952499 0.0734329 0.0606838 0.1199391 0.0565916 0.1095614 0.0780545 0.0816567 0.0865073 0.1333896 0.0106095 0.1210546 0.0533835 0.0833439 0.0875416 0.0972820 0.1464351 0.0880593 0.1477419 0.0916889 0.1100846 0.0760661 0.0709545 0.1073040 0.1076315 0.0889519 0.1101922 0.0856419 0.0959227 0.1110667 0.0954511 0.0833222 0.0944877 0.0776787 0.0789248 0.0810227 0.0519173 0.1149620 0.1225616 0.0858564 0.0738029 0.0698194 0.1139082 0.1145068 0.0248160 0.1045597 0.0608427 0.1223749 0.0879706 0.0480876 0.1015959 0.0673590 0.1093493 0.1089655 0.0960403 0.0802345 0.1004630 0.0832832 0.0807749 0.0938021 0.1006911 0.0691305 0.0686338 0.1385122 0.0400369 0.0723554 0.0996471 0.0691890 
S0278       0.0882689 0.1026208 0.0000000 0.1254155 0.0952419 0.0359989 0.0845395 0.1001715 0.1521854 0.0196543 0.0750615 0.0273001 0.0388216 0.0887527 0.0914631 0.0953024 0.0334316 0.1052102 0.0273947 0.0913347 0.1222583 0.0531119 0.0786237 0.1389516 0.0943842 0.0271007 0.1136634 0.0917115 0.0360520 0.0290347 0.0706977 0.0817093 0.1197943 0.0890180 0.1265754 0.1810131 0.1080710 0.1039785 0.0920075 0.0938561 0.0877087 0.0942298 0.0987076 0.0933195 0.0901743 0.0887542 0.0552517 0.0989899 0.0603497 0.0500589 0.0836821 0.0994414 0.0931787 0.0901078 0.1087202 0.0863541 0.1157682 0.1685525 0.0914030 0.1133204 0.0957239 0.0771147 0.0941547 0.1680246 0.0901743 0.1708248 0.0294245 0.0969224 0.0990643 0.0972711 0.1373961 0.1188553 0.1823239 0.1067011 0.0996693 0.0907202 0.0481958 0.0603497 0.0605188 0.0516463 0.0187392 0.0903873 0.1215263 0.1278858 0.1100066 0.0990544 0.0988561 0.0844234 0.0975569 0.0838589 0.0692872 0.1262207 0.1092212 0.0583222 0.0920400 0.0876971 0.0307087 0.1039604 0.0905436 0.0365394 0.1161002 0.0652956 0.0952121 0.1090086 0.1323766 0.0752658 0.1134083 0.0218985 0.0999269 0.0530228 0.1020890 0.0831076 0.0780651 0.0838423 0.0605041 0.0800731 0.0828066 0.1594610 0.0799692 0.0762938 0.1029819 0.0801283 
S0281       0.1209476 0.0726625 0.1254155 0.0000000 0.1328011 0.1376799 0.1327330 0.1344286 0.1619552 0.1322000 0.1009428 0.1216284 0.1167022 0.1342512 0.1285237 0.1303889 0.1195831 0.1372603 0.1274523 0.1155304 0.1173814 0.1223321 0.1142383 0.1825822 0.1069257 0.1452058 0.1469111 0.1289003 0.1261870 0.0992517 0.1383684 0.1158849 0.1825369 0.0609391 0.1216093 0.1785143 0.1242517 0.1038248 0.1449412 0.1404991 0.0944596 0.0619247 0.1366042 0.0724368 0.0616921 0.0545991 0.1100470 0.1130578 0.1389884 0.1037870 0.1229556 0.0981668 0.1106569 0.1231215 0.1285114 0.0990490 0.0681128 0.1649225 0.0902495 0.1487418 0.1045806 0.1127452 0.1186828 0.1748984 0.0616921 0.1693614 0.0899062 0.1223843 0.1308039 0.1464769 0.1831808 0.1301030 0.1797401 0.1370478 0.1664450 0.1274550 0.1000678 0.1389884 0.1394339 0.1127162 0.1334424 0.1182059 0.1166865 0.1323922 0.1413761 0.1104348 0.1142157 0.1241651 0.1111410 0.1207971 0.0853455 0.1506364 0.1563873 0.0973194 0.1329365 0.1277034 0.1281838 0.1581072 0.0729463 0.1203173 0.0682859 0.1506523 0.1327606 0.0652580 0.1601766 0.1144915 0.1516809 0.1242430 0.1419959 0.0840577 0.1585254 0.1220508 0.1069906 0.1392114 0.1320989 0.1154992 0.1215781 0.1962283 0.0752427 0.1144734 0.1245014 0.1264480 
S0282       0.0217937 0.0879985 0.0952419 0.1328011 0.0000000 0.1027126 0.0634644 0.0161592 0.0938838 0.0967661 0.0687270 0.0879893 0.0810815 0.0623739 0.0026074 0.0162507 0.0889039 0.0399207 0.0805560 0.0617972 0.1092055 0.0842629 0.0759561 0.0816839 0.1028270 0.1097645 0.0190080 0.0026140 0.0920289 0.0588284 0.0802607 0.0471795 0.0124255 0.0881384 0.1180257 0.1539789 0.0548781 0.0984996 0.0772955 0.0080723 0.0749405 0.0731646 0.0078810 0.0759492 0.0728777 0.0878702 0.0834290 0.1001175 0.0796195 0.0773882 0.0594882 0.0784073 0.0761635 0.0801957 0.0909511 0.0765357 0.1243593 0.1319662 0.0708662 0.0974081 0.0897263 0.0779600 0.0875256 0.1416198 0.0728777 0.1368879 0.0551870 0.0830832 0.0840986 0.0858768 0.0630375 0.0864621 0.1545146 0.0133458 0.0455488 0.0628255 0.0843235 0.0796195 0.0798472 0.0782920 0.0988551 0.0927214 0.1039879 0.1121003 0.0106187 0.0964917 0.0808357 0.0707416 0.0109979 0.0026260 0.0196580 0.0795053 0.0458046 0.0839295 0.0636929 0.0666917 0.0907945 0.0458165 0.0764645 0.0929382 0.1243597 0.0853903 0.0052468 0.1134606 0.0872203 0.0472721 0.0220135 0.0974389 0.0218709 0.0806618 0.0469728 0.0302543 0.0752519 0.0795134 0.0913164 0.0561537 0.0588906 0.1148243 0.0674540 0.0520339 0.0597895 0.0523526 
S0289       0.0956178 0.1105726 0.0359989 0.1376799 0.1027126 0.0000000 0.1081260 0.1005971 0.1868742 0.0435848 0.0687944 0.0336023 0.0361353 0.1075208 0.0988481 0.1027772 0.0459582 0.1093695 0.0365645 0.0992561 0.1247588 0.0630252 0.0976250 0.1602149 0.0985454 0.0415846 0.1177915 0.0991199 0.0487147 0.0357174 0.0709706 0.1126371 0.1036846 0.0964588 0.1291905 0.1705329 0.1161666 0.0971735 0.1076073 0.1014615 0.1071146 0.1019166 0.1062343 0.1009180 0.0977274 0.0961693 0.0690027 0.1155314 0.0605752 0.0638354 0.0992486 0.0977663 0.1091040 0.0973382 0.1255918 0.0984017 0.1279289 0.1544153 0.1053351 0.1310746 0.0999550 0.0841674 0.1014967 0.1839359 0.0977274 0.2026802 0.0480590 0.1042573 0.1082675 0.1225435 0.1459132 0.1238148 0.1800186 0.1144246 0.1151939 0.1066633 0.0632215 0.0605752 0.0607448 0.0587718 0.0361883 0.0944687 0.1239952 0.1229686 0.1177647 0.1200486 0.1080432 0.1001707 0.1052254 0.0910565 0.0764282 0.1448180 0.1249299 0.0620235 0.1082722 0.1035659 0.0426989 0.1197347 0.1016313 0.0492711 0.1283025 0.0727105 0.1026809 0.1173039 0.1424725 0.0907654 0.1101987 0.0393456 0.1166806 0.0629128 0.1257153 0.0907195 0.0865257 0.1071888 0.0708139 0.0884591 0.0981764 0.1771914 0.0873200 0.0840557 0.1106385 0.0990172 
S0292       0.0601942 0.0737228 0.0845395 0.1327330 0.0634644 0.1081260 0.0000000 0.0711521 0.1192388 0.0839954 0.0434482 0.0847153 0.0880793 0.0633946 0.0602005 0.0609729 0.0823817 0.0750911 0.0773349 0.0663894 0.1055965 0.0844367 0.0363883 0.0966660 0.0887710 0.1063799 0.0855209 0.0603554 0.0887173 0.0623277 0.1005178 0.0573975 0.0626427 0.0809863 0.1097882 0.1515140 0.0817904 0.0971654 0.0435640 0.0685791 0.0313819 0.0629524 0.0666917 0.0623731 0.0593730 0.0807423 0.0874647 0.0817831 0.0891078 0.0775477 0.0310290 0.0716852 0.0488831 0.0364830 0.0620561 0.0427823 0.1123766 0.1285858 0.0268081 0.0952061 0.0819934 0.0435673 0.0555007 0.1167342 0.0593730 0.1198107 0.0678546 0.0457262 0.0562641 0.0828999 0.1100866 0.0461053 0.1519890 0.0670551 0.0626165 0.0399984 0.0681106 0.0891078 0.0893735 0.0784486 0.0955213 0.0871598 0.0962008 0.1113868 0.0772215 0.0812836 0.0492006 0.0106548 0.0546455 0.0570788 0.0454154 0.0439457 0.0883094 0.0912285 0.0106397 0.0078915 0.0986971 0.0727908 0.0595900 0.0895935 0.1123770 0.0870279 0.0636072 0.1041791 0.0411084 0.0318114 0.0827346 0.0940457 0.0608011 0.0842671 0.0711722 0.0529070 0.0405081 0.0362117 0.0896336 0.0276693 0.0307344 0.0982916 0.0637374 0.0368095 0.0607752 0.0309618 
S0293       0.0335629 0.0857636 0.1001715 0.1344286 0.0161592 0.1005971 0.0711521 0.0000000 0.1053030 0.1011820 0.0625398 0.0857565 0.0787888 0.0632117 0.0133823 0.0278076 0.0899120 0.0496255 0.0851299 0.0594373 0.1033982 0.0889347 0.0801226 0.0898532 0.1043281 0.1077174 0.0365023 0.0134124 0.0969064 0.0664530 0.0848149 0.0541746 0.0190573 0.0929142 0.1121895 0.1602988 0.0546852 0.0784096 0.0852436 0.0193397 0.0811541 0.0775461 0.0189109 0.0803608 0.0772356 0.0888541 0.0880403 0.1088945 0.0841252 0.0819070 0.0667880 0.0795220 0.0803434 0.0844896 0.0954772 0.0807442 0.1302562 0.1379745 0.0707435 0.1061830 0.0982329 0.0822662 0.0919852 0.1413935 0.0772356 0.1296058 0.0617059 0.0874082 0.0887425 0.0983428 0.0737914 0.1069320 0.1568787 0.0246558 0.0584577 0.0702362 0.0938185 0.0841252 0.0843703 0.0826965 0.1038679 0.0942774 0.0982380 0.1137800 0.0274358 0.1092989 0.0819762 0.0785264 0.0225944 0.0134754 0.0257772 0.0920058 0.0588046 0.0844865 0.0712281 0.0709379 0.0866687 0.0588097 0.0809159 0.0940028 0.1306533 0.0894725 0.0161529 0.1191425 0.0996614 0.0542784 0.0310524 0.0973336 0.0428305 0.0852453 0.0571337 0.0364526 0.0763218 0.0806157 0.0961453 0.0633427 0.0661030 0.1321234 0.0717693 0.0589785 0.0671395 0.0593467 
S0294       0.0874913 0.1561971 0.1521854 0.1619552 0.0938838 0.1868742 0.1192388 0.1053030 0.0000000 0.1720785 0.0886090 0.1529541 0.1877714 0.1163071 0.0881138 0.1078060 0.1483121 0.1343053 0.1449737 0.1144491 0.1703764 0.1665161 0.1285260 0.1717406 0.1500370 0.1730328 0.1078207 0.0881138 0.1642084 0.1254190 0.1698974 0.1076377 0.8446849 0.1561351 0.1865252 0.1595547 0.1327856 0.1278995 0.1414581 0.0967476 0.0951338 0.1409890 0.0937460 0.1393523 0.1399299 0.1488693 0.1559778 0.1590910 0.1633022 0.1440617 0.1125449 0.1288930 0.1413098 0.1405365 0.1515980 0.1212671 0.1766860 0.1604029 0.0637624 0.1577685 0.1391222 0.1508273 0.1464241 0.1649361 0.1399299 0.1449550 0.0693773 0.1412590 0.1621600 0.1482401 0.1653773 0.8943522 0.1682019 0.1133622 0.1105684 0.1192908 0.1911252 0.1633022 0.1633022 0.1515084 0.1678580 0.1344395 0.1856174 0.2064921 0.0997160 0.1500067 0.1291106 0.1192388 0.1069634 0.0823251 0.0748706 0.1259472 0.1266001 0.1196816 0.1200785 0.1192388 0.1519599 0.1289761 0.1393523 0.1559770 0.1766860 0.1698974 0.0942569 0.1682251 0.1527472 0.0989161 0.1155706 0.1482830 0.1092805 0.1467072 0.1141457 0.1177609 0.1319844 0.1405539 0.1610513 0.1201378 0.1125449 0.1830765 0.1271957 0.1117351 0.1111438 0.0934977 
S0299       0.0931207 0.1166099 0.0196543 0.1322000 0.0967661 0.0435848 0.0839954 0.1011820 0.1720785 0.0000000 0.0911036 0.0285886 0.0407933 0.0971187 0.0927865 0.0968298 0.0382269 0.1112266 0.0286922 0.1000304 0.1242326 0.0593458 0.0749463 0.1506472 0.0951117 0.0280781 0.1120243 0.0930521 0.0377830 0.0370168 0.0741040 0.0896100 0.1025219 0.1015097 0.1287547 0.1832630 0.1149455 0.1224839 0.0955663 0.0953405 0.0885591 0.1073802 0.1004120 0.1009940 0.1029134 0.1011896 0.0615074 0.1048368 0.0671613 0.0561023 0.0882031 0.0964132 0.0821045 0.0740902 0.1016326 0.0713873 0.1132962 0.1703855 0.1092027 0.1110794 0.1015790 0.0683570 0.0822303 0.1910144 0.1029134 0.1943045 0.0434557 0.0848598 0.1080195 0.1030646 0.1459423 0.0997409 0.1846798 0.1088429 0.1134844 0.0919958 0.0506612 0.0671613 0.0673614 0.0576112 0.0196046 0.0952965 0.1234568 0.1300824 0.1123178 0.1051102 0.0910080 0.0764532 0.0992381 0.0847853 0.0731069 0.1233109 0.1114758 0.0616105 0.0840964 0.0835031 0.0255504 0.1176965 0.0981244 0.0415506 0.1136330 0.0778169 0.0967338 0.1176282 0.1349061 0.0791500 0.1149997 0.0196863 0.1055386 0.0589963 0.1164690 0.0952575 0.0696947 0.0832816 0.0673438 0.0726955 0.0872316 0.1463625 0.0876060 0.0803596 0.0958325 0.0806500 
S0308       0.0620564 0.0597882 0.0750615 0.1009428 0.0687270 0.0687944 0.0434482 0.0625398 0.0886090 0.0911036 0.0000000 0.0630198 0.0820406 0.0610727 0.0625398 0.0767241 0.0701818 0.0878626 0.0685484 0.0664641 0.0495848 0.0801607 0.0310560 0.1434297 0.0437541 0.0815930 0.0832288 0.0625398 0.0827077 0.0405110 0.0746663 0.0767756 0.0000010 0.0739072 0.0621147 0.1004892 0.0877107 0.0507251 0.0490375 0.0643765 0.0426798 0.0605167 0.0686112 0.0538034 0.0540604 0.0674881 0.0864102 0.0382315 0.0685412 0.0738778 0.0203619 0.0158939 0.0482672 0.0426637 0.0476076 0.0312215 0.0759134 0.0894844 0.0225355 0.0391098 0.0311553 0.0553324 0.0540169 0.1170064 0.0540604 0.1050850 0.0469102 0.0486901 0.0734614 0.0353933 0.1127710 0.0000010 0.0981776 0.0819877 0.0806680 0.0423842 0.0447096 0.0685412 0.0685412 0.0776275 0.0760093 0.0312698 0.0551432 0.0670101 0.0749952 0.0348810 0.0439661 0.0434482 0.0576800 0.0563838 0.0463768 0.0500917 0.0888635 0.0601013 0.0437183 0.0434482 0.0749355 0.1003014 0.0538034 0.0833157 0.0759134 0.0746663 0.0625398 0.0689719 0.0506775 0.0371093 0.0780945 0.0828886 0.0844643 0.0784088 0.0619227 0.0673407 0.0329927 0.0320315 0.0615669 0.0205960 0.0203619 0.0796503 0.0369352 0.0316268 0.0739273 0.0314727 
S0320       0.0811280 0.0990087 0.0273001 0.1216284 0.0879893 0.0336023 0.0847153 0.0857565 0.1529541 0.0285886 0.0630198 0.0000000 0.0272714 0.0887472 0.0842898 0.0880459 0.0247388 0.0940447 0.0219774 0.0809993 0.1163173 0.0467316 0.0722256 0.1472133 0.0871984 0.0302074 0.0989818 0.0845161 0.0245414 0.0259715 0.0704687 0.0887963 0.1017607 0.0856000 0.1206177 0.1637567 0.0928783 0.0910769 0.0945599 0.0864748 0.0881499 0.0907144 0.0914042 0.0898414 0.0867086 0.0853472 0.0489461 0.1024586 0.0601588 0.0437213 0.0767050 0.0782871 0.0827826 0.0796874 0.0966379 0.0727708 0.1119970 0.1556278 0.0846957 0.1078543 0.0924071 0.0669270 0.0835829 0.1689674 0.0867086 0.1717974 0.0295713 0.0863643 0.0868713 0.0957517 0.1377134 0.1009428 0.1645804 0.0992165 0.1034732 0.0836125 0.0448818 0.0601588 0.0603268 0.0454583 0.0215717 0.0833052 0.1065789 0.1220397 0.0989706 0.1026375 0.0772683 0.0773724 0.0901168 0.0768599 0.0623336 0.1181527 0.1094557 0.0484304 0.0848148 0.0806081 0.0280129 0.1078247 0.0870600 0.0276680 0.1123162 0.0721820 0.0879615 0.1052616 0.1240916 0.0682816 0.1019866 0.0248928 0.0925167 0.0466565 0.1060085 0.0832776 0.0607405 0.0800506 0.0637487 0.0731698 0.0759103 0.1481039 0.0765697 0.0694846 0.0918130 0.0732161 
S0327       0.0813005 0.0977317 0.0388216 0.1167022 0.0810815 0.0361353 0.0880793 0.0787888 0.1877714 0.0407933 0.0820406 0.0272714 0.0000000 0.0959166 0.0774489 0.0811343 0.0362116 0.0975408 0.0363208 0.0845660 0.1165510 0.0399423 0.0820191 0.1430960 0.0829922 0.0447869 0.0989111 0.0776551 0.0418399 0.0319323 0.0607660 0.0889840 0.0699451 0.0845485 0.1208583 0.1636322 0.0967084 0.1117660 0.1026907 0.0794431 0.1081358 0.0895713 0.0844557 0.0887208 0.0856293 0.0843020 0.0519620 0.1059231 0.0538744 0.0436646 0.0799773 0.0853231 0.0894000 0.0863460 0.1047221 0.0826458 0.1071942 0.1596056 0.1057449 0.1128374 0.0843529 0.0701321 0.0835236 0.1771256 0.0856293 0.1800941 0.0549409 0.0930931 0.0921708 0.1042973 0.1302092 0.0846056 0.1729173 0.0921141 0.1000878 0.0801698 0.0552500 0.0538744 0.0540228 0.0422334 0.0417665 0.0822726 0.1067940 0.1222780 0.0953676 0.1062175 0.0879964 0.0806776 0.0794759 0.0701262 0.0622495 0.1183923 0.1025373 0.0384534 0.0881845 0.0839239 0.0399831 0.0930888 0.0859711 0.0393415 0.1074949 0.0621976 0.0810553 0.1005616 0.1278575 0.0715755 0.0982946 0.0396066 0.0924490 0.0430689 0.1133005 0.0865819 0.0676683 0.0873489 0.0604451 0.0698186 0.0791467 0.1628433 0.0725708 0.0726941 0.0954901 0.0831515 
S0376       0.0552643 0.0985636 0.0887527 0.1342512 0.0623739 0.1075208 0.0633946 0.0632117 0.1163071 0.0971187 0.0610727 0.0887472 0.0959166 0.0000000 0.0590222 0.0698271 0.1006088 0.0663607 0.0918034 0.0277019 0.1117272 0.0997565 0.0763543 0.0966338 0.0907093 0.1074158 0.0869003 0.0591705 0.1037851 0.0729710 0.0986756 0.0602647 0.0873767 0.0987237 0.1159419 0.1493044 0.0652754 0.0963861 0.0889173 0.0671881 0.0667195 0.0832829 0.0655419 0.0860576 0.0829498 0.0984205 0.0875543 0.0877763 0.0875003 0.0852871 0.0768676 0.0777516 0.0875695 0.0765565 0.1030668 0.0762238 0.1297858 0.1323529 0.0690431 0.1031567 0.0989758 0.0746093 0.0726374 0.1479548 0.0829498 0.1503494 0.0669654 0.0913092 0.1027798 0.0915059 0.0984352 0.0540483 0.1497143 0.0725710 0.0726695 0.0871991 0.0844843 0.0875003 0.0877564 0.0930445 0.0999846 0.0817245 0.1110608 0.1267821 0.0756683 0.0846126 0.0600994 0.0775547 0.0680916 0.0526954 0.0442981 0.1054911 0.0784455 0.0756463 0.0703616 0.0733741 0.1145614 0.0764640 0.0900655 0.1009284 0.1301695 0.0785516 0.0557412 0.1142095 0.1019499 0.0683608 0.0778478 0.1095795 0.0672222 0.0995412 0.0676047 0.0518968 0.0608889 0.0628942 0.0949454 0.0766311 0.0760691 0.1068587 0.0807318 0.0762077 0.0278406 0.0700717 
S0400       0.0189511 0.0842962 0.0914631 0.1285237 0.0026074 0.0988481 0.0602005 0.0133823 0.0881138 0.0927865 0.0625398 0.0842898 0.0774489 0.0590222 0.0000000 0.0134572 0.0851574 0.0427995 0.0769500 0.0584786 0.1051832 0.0806063 0.0724466 0.0780208 0.0989568 0.1058392 0.0217419 0.0000024 0.0882683 0.0586735 0.0766677 0.0439404 0.0124255 0.0844287 0.1138721 0.1495667 0.0514800 0.0916708 0.0737176 0.0053477 0.0686720 0.0696570 0.0052329 0.0724374 0.0693864 0.0841734 0.0798136 0.0962424 0.0760595 0.0738033 0.0561479 0.0747729 0.0726441 0.0766070 0.0872395 0.0729956 0.1200640 0.1315827 0.0708662 0.0935277 0.0859398 0.0743471 0.0838466 0.1345342 0.0693864 0.1297595 0.0486522 0.0794867 0.0804523 0.0856341 0.0596486 0.0864621 0.1499844 0.0106104 0.0484219 0.0594453 0.0842713 0.0760595 0.0762755 0.0748013 0.0950378 0.0892879 0.1000675 0.1154087 0.0132851 0.0962169 0.0772130 0.0672177 0.0081964 0.0000021 0.0167419 0.0798393 0.0426707 0.0803729 0.0602596 0.0632441 0.0869600 0.0487063 0.0729252 0.0891359 0.1204212 0.0816809 0.0026065 0.1092492 0.0871708 0.0440288 0.0191828 0.0935603 0.0276278 0.0770492 0.0437481 0.0273326 0.0716337 0.0759611 0.0875882 0.0528537 0.0555876 0.1182117 0.0639580 0.0488319 0.0564281 0.0491293 
S0405       0.0278074 0.0929080 0.0953024 0.1303889 0.0162507 0.1027772 0.0609729 0.0278076 0.1078060 0.0968298 0.0767241 0.0880459 0.0811343 0.0698271 0.0134572 0.0000000 0.0889607 0.0527982 0.0806084 0.0691687 0.1147944 0.0925922 0.0804780 0.0900052 0.1081300 0.1098324 0.0367245 0.0134877 0.0920879 0.0660381 0.0884100 0.0542554 0.0258197 0.0930594 0.1239021 0.1606388 0.0623770 0.1080545 0.0819214 0.0194528 0.0831812 0.0776543 0.0190188 0.0804744 0.0773427 0.0927707 0.0916558 0.1011801 0.0876867 0.0854966 0.0636154 0.0831212 0.0879855 0.0848681 0.1035853 0.0811049 0.1305143 0.1421132 0.0788232 0.1107015 0.0947694 0.0826397 0.0923987 0.1366261 0.0773427 0.1477764 0.0702123 0.0877972 0.0815163 0.1028760 0.0776595 0.0875587 0.1613632 0.0190643 0.0585430 0.0670393 0.0982772 0.0876867 0.0879438 0.0861871 0.0989175 0.0979018 0.1093733 0.1253045 0.0275969 0.1015955 0.0855603 0.0680943 0.0168435 0.0135514 0.0258111 0.0963332 0.0526355 0.0884168 0.0679834 0.0640553 0.0985862 0.0588961 0.0810314 0.0929983 0.1309133 0.0938530 0.0162444 0.1193691 0.0961504 0.0511477 0.0342023 0.0934052 0.0369070 0.0888605 0.0540167 0.0365011 0.0799093 0.0841298 0.0962969 0.0601947 0.0629643 0.1199234 0.0718667 0.0559092 0.0603763 0.0562578 
S0407sl     0.0819611 0.1039295 0.0334316 0.1195831 0.0889039 0.0459582 0.0823817 0.0899120 0.1483121 0.0382269 0.0701818 0.0247388 0.0362116 0.1006088 0.0851574 0.0889607 0.0000000 0.0986685 0.0251050 0.0924829 0.1251952 0.0504156 0.0698630 0.1489581 0.0988213 0.0453233 0.0985509 0.0853896 0.0364353 0.0262064 0.0597114 0.0851868 0.0950805 0.0900907 0.1296468 0.1516680 0.0976618 0.1054991 0.0890994 0.0873904 0.0829348 0.0953988 0.0923589 0.0944646 0.0912765 0.0830538 0.0493986 0.1035520 0.0498428 0.0441287 0.0701828 0.0888216 0.0804834 0.0740119 0.0888649 0.0703954 0.1081368 0.1513029 0.0864870 0.1073538 0.0972054 0.0612032 0.0778795 0.1706842 0.0912765 0.1667478 0.0298167 0.0807063 0.0935055 0.0983539 0.1300960 0.1022695 0.1521586 0.1002725 0.0943533 0.0769929 0.0454687 0.0498428 0.0499779 0.0458715 0.0363711 0.0947286 0.1150395 0.1309364 0.0964433 0.1037700 0.0822979 0.0749941 0.0910767 0.0776361 0.0629646 0.1160174 0.1106331 0.0457961 0.0824779 0.0782595 0.0280463 0.1019782 0.0916563 0.0107053 0.1084439 0.0611283 0.0888746 0.1104526 0.1219830 0.0619684 0.1067911 0.0311523 0.0851660 0.0503317 0.1034418 0.0841246 0.0652943 0.0885907 0.0532559 0.0667044 0.0704688 0.1398628 0.0809266 0.0670863 0.0919008 0.0733189 
S0412sl     0.0494927 0.0920943 0.1052102 0.1372603 0.0399207 0.1093695 0.0750911 0.0496255 0.1343053 0.1112266 0.0878626 0.0940447 0.0975408 0.0663607 0.0427995 0.0527982 0.0986685 0.0000000 0.0897951 0.0689549 0.1178192 0.0937041 0.0831514 0.0941325 0.1068652 0.1166806 0.0625146 0.0429035 0.1018902 0.0673140 0.1010427 0.0608795 0.0395695 0.0962818 0.1269530 0.1599557 0.0552579 0.1396135 0.0894212 0.0501509 0.1105665 0.0769972 0.0459033 0.0797951 0.0766912 0.0959836 0.0927444 0.1044451 0.0895616 0.0865150 0.0706042 0.0823971 0.0991056 0.0923905 0.1062463 0.0837961 0.1375851 0.1329218 0.0846757 0.1171353 0.1053168 0.0831778 0.0880904 0.1780385 0.0766912 0.1810355 0.0929994 0.0953355 0.1042450 0.1018812 0.1036844 0.0548558 0.1606581 0.0521493 0.0555711 0.0808569 0.0847322 0.0895616 0.0898301 0.0871838 0.1089943 0.0906765 0.1123623 0.1207250 0.0492010 0.1009121 0.0852977 0.0826117 0.0439903 0.0398693 0.0385083 0.1078545 0.0832802 0.0924695 0.0751749 0.0782531 0.1127446 0.0590781 0.0837378 0.1029298 0.1380059 0.0996381 0.0459277 0.1264290 0.1005234 0.0612840 0.0561227 0.1077197 0.0501578 0.0935042 0.0710756 0.0426606 0.0796641 0.0920872 0.0972087 0.0737172 0.0698717 0.1293511 0.0782001 0.0661561 0.0703187 0.0629944 
S0417       0.0738323 0.0950440 0.0273947 0.1274523 0.0805560 0.0365645 0.0773349 0.0851299 0.1449737 0.0286922 0.0685484 0.0219774 0.0363208 0.0918034 0.0769500 0.0806084 0.0251050 0.0897951 0.0000000 0.0768424 0.1064166 0.0403221 0.0652944 0.1381873 0.0991064 0.0360733 0.0912909 0.0771534 0.0307048 0.0230588 0.0602061 0.0812848 0.0932794 0.0903501 0.1027271 0.1498940 0.0921706 0.1055770 0.0880850 0.0789184 0.0809920 0.0868834 0.0839070 0.0860537 0.0829447 0.0900783 0.0426009 0.0947071 0.0502401 0.0342099 0.0663422 0.0741450 0.0721422 0.0725349 0.0936438 0.0657794 0.1176524 0.1381089 0.0843845 0.0975218 0.0811621 0.0566374 0.0763106 0.1517244 0.0829447 0.1542373 0.0232530 0.0790876 0.0842067 0.0886915 0.1206802 0.0925198 0.1503319 0.0805487 0.0921205 0.0730440 0.0418644 0.0502401 0.0503775 0.0392414 0.0245845 0.0862897 0.1057934 0.1120598 0.0947400 0.0946310 0.0768450 0.0701811 0.0751996 0.0697224 0.0552965 0.1097829 0.1015821 0.0481956 0.0774213 0.0733661 0.0252883 0.0962918 0.0832758 0.0280615 0.1179949 0.0616482 0.0805303 0.1107776 0.1154783 0.0511631 0.0975937 0.0249806 0.0849080 0.0433861 0.1015409 0.0760381 0.0571764 0.0763031 0.0536872 0.0629233 0.0624564 0.1453852 0.0729122 0.0559265 0.0879260 0.0629576 
S0427       0.0586394 0.0899235 0.0913347 0.1155304 0.0617972 0.0992561 0.0663894 0.0594373 0.1144491 0.1000304 0.0664641 0.0809993 0.0845660 0.0277019 0.0584786 0.0691687 0.0924829 0.0689549 0.0768424 0.0000000 0.1053562 0.0841173 0.0824222 0.1060109 0.0783707 0.1062804 0.0860692 0.0586248 0.0956176 0.0655710 0.0855945 0.0653870 0.0784910 0.0900648 0.1017057 0.1257955 0.0644713 0.0950480 0.0873010 0.0665504 0.0784989 0.0752285 0.0649350 0.0779696 0.0749367 0.0897945 0.0868927 0.1009340 0.0827943 0.0738720 0.0758996 0.0691490 0.0930644 0.0906762 0.1094371 0.0822804 0.1145890 0.1096088 0.0617049 0.1046715 0.0797106 0.0773712 0.0798061 0.1459620 0.0749367 0.1482990 0.0663608 0.0901463 0.0858357 0.1020686 0.0984214 0.0700926 0.1256037 0.0651140 0.0780937 0.0827514 0.0755149 0.0827943 0.0830318 0.0816438 0.0989394 0.0842280 0.1047451 0.1199099 0.0749593 0.0982538 0.0566638 0.0806418 0.0571514 0.0554493 0.0473043 0.1038246 0.0825755 0.0681738 0.0734012 0.0694426 0.0970972 0.0780080 0.0818039 0.0927764 0.1149136 0.0775530 0.0617769 0.1042825 0.1052445 0.0605919 0.0726965 0.1011312 0.0698480 0.0834995 0.0733757 0.0544658 0.0571198 0.0691072 0.0900496 0.0724014 0.0751205 0.1267889 0.0686198 0.0684055 0.0364243 0.0757341 
S0430       0.1050235 0.1052874 0.1222583 0.1173814 0.1092055 0.1247588 0.1055965 0.1033982 0.1703764 0.1242326 0.0495848 0.1163173 0.1165510 0.1117272 0.1051832 0.1147944 0.1251952 0.1178192 0.1064166 0.1053562 0.0000000 0.1141719 0.1027253 0.1643578 0.0776234 0.1301721 0.1072430 0.1011157 0.1226793 0.0953010 0.1261199 0.1127508 0.1404039 0.0885836 0.0078834 0.1728623 0.1077987 0.0000024 0.1212678 0.1118722 0.0930157 0.1001666 0.1128515 0.0991686 0.0959248 0.0958120 0.1099954 0.0658264 0.1266681 0.0920290 0.0967002 0.0372350 0.1063658 0.1112591 0.1157045 0.0949411 0.0970028 0.1562256 0.0632719 0.0804171 0.0671630 0.1041623 0.1099789 0.1621060 0.0959248 0.1614243 0.0673785 0.1105951 0.1197505 0.0764020 0.1786632 0.0868544 0.1697021 0.1213945 0.1461662 0.1081019 0.0989500 0.1266681 0.1270665 0.1049256 0.1186958 0.0658326 0.0105956 0.0159079 0.1154634 0.0650287 0.1032773 0.1048509 0.1075639 0.0978215 0.0933915 0.1222933 0.1517830 0.1054528 0.1057396 0.1089192 0.1249554 0.1459692 0.0999163 0.1201988 0.0972737 0.1334495 0.1091714 0.0903935 0.1385242 0.0916620 0.1146470 0.1251771 0.1177462 0.1022671 0.1231598 0.1071548 0.0895890 0.1119902 0.1274174 0.0896181 0.0956469 0.1869555 0.0841302 0.0958379 0.1062566 0.1000546 
S0478       0.0774633 0.0821239 0.0531119 0.1223321 0.0842629 0.0630252 0.0844367 0.0889347 0.1665161 0.0593458 0.0801607 0.0467316 0.0399423 0.0997565 0.0806063 0.0925922 0.0504156 0.0937041 0.0403221 0.0841173 0.1141719 0.0000000 0.0822569 0.1427830 0.0980560 0.0660217 0.1021843 0.0808214 0.0564127 0.0290964 0.0669259 0.0850320 0.0853118 0.0860561 0.1143756 0.1566015 0.0962063 0.1015351 0.0989203 0.0826843 0.1001851 0.0826467 0.0876497 0.0818684 0.0788018 0.0858006 0.0464779 0.1062669 0.0567383 0.0310912 0.0764504 0.0877206 0.0931146 0.0866032 0.1050574 0.0828878 0.1126458 0.1447848 0.0985911 0.1169327 0.0756523 0.0699136 0.0906020 0.1529492 0.0788018 0.1592971 0.0289295 0.0894803 0.0951847 0.1001858 0.1316283 0.0846056 0.1572169 0.0916237 0.1031109 0.0833399 0.0556736 0.0567383 0.0568956 0.0275893 0.0563072 0.0854068 0.1046593 0.1198134 0.0986234 0.1065740 0.0875584 0.0771139 0.0825873 0.0773591 0.0554933 0.1177847 0.1150825 0.0418267 0.0845355 0.0803418 0.0580587 0.0996906 0.0791095 0.0468985 0.1129692 0.0685444 0.0842360 0.1058700 0.1135057 0.0645578 0.1016210 0.0542555 0.0813421 0.0369765 0.1001214 0.0796437 0.0747516 0.0869174 0.0635280 0.0729250 0.0756602 0.1436514 0.0689374 0.0658493 0.0957580 0.0796051 
S0552sl     0.0724427 0.0795054 0.0786237 0.1142383 0.0759561 0.0976250 0.0363883 0.0801226 0.1285260 0.0749463 0.0310560 0.0722256 0.0820191 0.0763543 0.0724466 0.0804780 0.0698630 0.0831514 0.0652944 0.0824222 0.1027253 0.0822569 0.0000000 0.1195041 0.0937660 0.0961125 0.0832865 0.0726343 0.0759498 0.0607288 0.0978326 0.0696863 0.0929179 0.0789033 0.1067789 0.1476597 0.0838281 0.0895108 0.0556373 0.0812640 0.0202688 0.0718995 0.0726343 0.0712369 0.0682352 0.0721211 0.0816866 0.0693663 0.0867682 0.0723236 0.0424633 0.0633188 0.0161329 0.0301755 0.0272525 0.0105343 0.1092263 0.1391465 0.0384862 0.0817213 0.0836649 0.0305965 0.0419645 0.1193273 0.0682352 0.1077690 0.0605707 0.0330155 0.0654529 0.0697979 0.1154877 0.0669858 0.1480323 0.0827951 0.0784077 0.0485503 0.0616573 0.0867682 0.0870199 0.0764953 0.0824322 0.0851395 0.0936564 0.1083836 0.0897852 0.0684950 0.0578538 0.0363379 0.0699530 0.0658783 0.0577015 0.0774806 0.0971198 0.0860094 0.0425180 0.0453448 0.0845579 0.0889272 0.0684900 0.0766719 0.1095393 0.0854394 0.0759318 0.1058214 0.0821927 0.0374913 0.0924323 0.0805314 0.0770309 0.0820971 0.0887246 0.0648583 0.0459991 0.0451505 0.0872679 0.0330918 0.0420580 0.1037232 0.0685391 0.0393744 0.0731239 0.0393980 
S0558       0.0679550 0.1432634 0.1389516 0.1825822 0.0816839 0.1602149 0.0966660 0.0898532 0.1717406 0.1506472 0.1434297 0.1472133 0.1430960 0.0966338 0.0780208 0.0900052 0.1489581 0.0941325 0.1381873 0.1060109 0.1643578 0.1427830 0.1195041 0.0000000 0.1469366 0.1604504 0.1085039 0.0782310 0.1523169 0.1094935 0.1359488 0.0795436 0.0621275 0.1435241 0.1742938 0.2149928 0.1048993 0.1673601 0.1127819 0.0873414 0.1694584 0.1252756 0.0850837 0.1243095 0.1247108 0.1430460 0.1369057 0.1330949 0.1308516 0.1214240 0.1125586 0.1365430 0.1365378 0.1375259 0.1549003 0.1288212 0.1933341 0.1839083 0.1216421 0.1515142 0.1451151 0.1347364 0.1543813 0.2165405 0.1247108 0.2036858 0.1187340 0.1405350 0.1423447 0.1345181 0.1354866 0.1155067 0.2173131 0.0928062 0.0880771 0.1165827 0.1491111 0.1308516 0.1312762 0.1338859 0.1475353 0.1358218 0.1568261 0.1748340 0.0960838 0.1291148 0.1387834 0.1126865 0.0771283 0.0747131 0.0597158 0.1471681 0.1122227 0.1479927 0.1045473 0.1040501 0.1575040 0.0921653 0.1195224 0.1539559 0.1939804 0.1288730 0.0780398 0.1810728 0.1391560 0.1076683 0.1026923 0.1597644 0.1018189 0.1424195 0.0826529 0.0599567 0.1371721 0.1202469 0.1430637 0.1118843 0.1113042 0.1545089 0.1171477 0.1115376 0.1169663 0.1049791 
S0616       0.0989619 0.0981139 0.0943842 0.1069257 0.1028270 0.0985454 0.0887710 0.1043281 0.1500370 0.0951117 0.0437541 0.0871984 0.0829922 0.0907093 0.0989568 0.1081300 0.0988213 0.1068652 0.0991064 0.0783707 0.0776234 0.0980560 0.0937660 0.1469366 0.0000000 0.0946837 0.1216331 0.0992293 0.0981592 0.0759641 0.1093933 0.0880313 0.1361570 0.0815259 0.0813552 0.1688431 0.1097141 0.0765664 0.0928569 0.1052668 0.0803786 0.0864892 0.1063537 0.0790016 0.0825704 0.0812878 0.1097557 0.0570995 0.1026767 0.0993920 0.0844215 0.0501479 0.0903563 0.0983936 0.1140124 0.0862945 0.0822118 0.1505199 0.0503692 0.0606173 0.0566433 0.0919860 0.1013503 0.1520695 0.0825704 0.1694868 0.0747594 0.0978150 0.1179955 0.0593355 0.1609480 0.0845327 0.1781685 0.1066792 0.1173770 0.0913181 0.0820724 0.1026767 0.1029865 0.0996850 0.0910170 0.0367176 0.0771852 0.0914604 0.1179011 0.0630211 0.0936256 0.0881654 0.0989971 0.0955917 0.0754971 0.0971852 0.1277835 0.0853308 0.0888777 0.0850260 0.1035282 0.1099888 0.0828985 0.1029542 0.0824273 0.1086369 0.1027953 0.0760007 0.1192449 0.0867812 0.1159886 0.1036934 0.1110141 0.0868052 0.1175460 0.1009452 0.0850889 0.0995726 0.1032782 0.0776225 0.0835289 0.1300681 0.0784959 0.0910021 0.0960352 0.0808264 
S0624       0.1025920 0.1213896 0.0271007 0.1452058 0.1097645 0.0415846 0.1063799 0.1077174 0.1730328 0.0280781 0.0815930 0.0302074 0.0447869 0.1074158 0.1058392 0.1098324 0.0453233 0.1166806 0.0360733 0.1062804 0.1301721 0.0660217 0.0961125 0.1604504 0.0946837 0.0000000 0.1250388 0.1061321 0.0449448 0.0444849 0.0844245 0.1035739 0.1287188 0.1067169 0.1345961 0.1869036 0.1237378 0.1111495 0.1143215 0.1050433 0.1075547 0.1124610 0.1133201 0.1042923 0.1081294 0.1063944 0.0679950 0.1103391 0.0736739 0.0628929 0.0976864 0.1033156 0.1038324 0.0885870 0.1235382 0.0968644 0.1354410 0.1699205 0.0984388 0.1212307 0.1073156 0.0828826 0.0999117 0.1837103 0.1081294 0.1859282 0.0482501 0.0890122 0.1217166 0.1089064 0.1627155 0.1277246 0.1835654 0.1216515 0.1224658 0.1049643 0.0622010 0.0736739 0.0738848 0.0641609 0.0271155 0.0838359 0.1293855 0.1283246 0.1250052 0.1107844 0.1062986 0.0985785 0.1124516 0.0979099 0.0798581 0.1217412 0.1322298 0.0718334 0.1065209 0.0949026 0.0390722 0.1270975 0.1050315 0.0485830 0.1358383 0.0865122 0.1097311 0.1285234 0.1444050 0.0893226 0.1213265 0.0301091 0.1147585 0.0659025 0.1255842 0.1045370 0.0851663 0.0984191 0.0738662 0.0939415 0.0966482 0.1726827 0.0975526 0.0899855 0.1178239 0.0905600 
S0641       0.0426205 0.1151057 0.1136634 0.1469111 0.0190080 0.1177915 0.0855209 0.0365023 0.1078207 0.1120243 0.0832288 0.0989818 0.0989111 0.0869003 0.0217419 0.0367245 0.0985509 0.0625146 0.0912909 0.0860692 0.1072430 0.1021843 0.0832865 0.1085039 0.1216331 0.1250388 0.0000000 0.0217909 0.0996076 0.0760591 0.0896529 0.0668095 0.0395291 0.1062866 0.1158738 0.1742455 0.0717949 0.0988720 0.1002031 0.0280667 0.0897658 0.0988426 0.0274330 0.1016478 0.0984287 0.1059566 0.0962140 0.1149397 0.0889352 0.0901819 0.0774143 0.0816782 0.0835151 0.0911317 0.1058219 0.0839333 0.1249684 0.1589315 0.0793195 0.1122779 0.1082421 0.0889738 0.0987293 0.1664185 0.0984287 0.1551582 0.0767203 0.0940384 0.1038529 0.1008223 0.0846564 0.1020674 0.1753495 0.0333893 0.0653103 0.0843966 0.1049021 0.0889352 0.0891904 0.0954332 0.1101684 0.1109224 0.1021470 0.1100967 0.0304355 0.1117032 0.0989280 0.0849386 0.0315674 0.0218962 0.0410445 0.0987047 0.0687277 0.1019823 0.0856220 0.0887169 0.1055368 0.0687250 0.1023729 0.1115014 0.1253338 0.0950020 0.0246046 0.1238700 0.1157261 0.0646000 0.0401694 0.1122969 0.0395454 0.0934908 0.0706016 0.0516401 0.0933637 0.0987160 0.1008783 0.0738408 0.0766045 0.1348852 0.0847378 0.0691530 0.0723195 0.0663285 
S0643       0.0189943 0.0845228 0.0917115 0.1289003 0.0026140 0.0991199 0.0603554 0.0134124 0.0881138 0.0930521 0.0625398 0.0845161 0.0776551 0.0591705 0.0000024 0.0134877 0.0853896 0.0429035 0.0771534 0.0586248 0.1011157 0.0808214 0.0726343 0.0782310 0.0992293 0.1061321 0.0217909 0.0000000 0.0885080 0.0588284 0.0768699 0.0440509 0.0124898 0.0846560 0.1096623 0.1500065 0.0514800 0.0916708 0.0739119 0.0053590 0.0686720 0.0698381 0.0052446 0.0726252 0.0695660 0.0843994 0.0800244 0.0965096 0.0762584 0.0739979 0.0562897 0.0749726 0.0728328 0.0768088 0.0874736 0.0731860 0.1204212 0.1319662 0.0708662 0.0937878 0.0861759 0.0745452 0.0840707 0.1345342 0.0695660 0.1297595 0.0486522 0.0796956 0.0806664 0.0858768 0.0598007 0.0870020 0.1504370 0.0106340 0.0485392 0.0595965 0.0842713 0.0762584 0.0764755 0.0749934 0.0952973 0.0895253 0.0961099 0.1112592 0.0105586 0.0964917 0.0774181 0.0673939 0.0082151 0.0000025 0.0167807 0.0800586 0.0427738 0.0805955 0.0604151 0.0634072 0.0872012 0.0488252 0.0731156 0.0893803 0.1207804 0.0819016 0.0026121 0.1095721 0.0874131 0.0441389 0.0192279 0.0938207 0.0276920 0.0772532 0.0438568 0.0273952 0.0718255 0.0761593 0.0878241 0.0529862 0.0557265 0.1185567 0.0641251 0.0489513 0.0565714 0.0492502 
S0645sl     0.0850742 0.1032191 0.0360520 0.1261870 0.0920289 0.0487147 0.0887173 0.0969064 0.1642084 0.0377830 0.0827077 0.0245414 0.0418399 0.1037851 0.0882683 0.0920879 0.0364353 0.1018902 0.0307048 0.0956176 0.1226793 0.0564127 0.0759498 0.1523169 0.0981592 0.0449448 0.0996076 0.0885080 0.0000000 0.0352025 0.0810017 0.0854029 0.1017607 0.0895066 0.1270195 0.1685745 0.1009096 0.1027870 0.1034544 0.0941891 0.0957536 0.0947628 0.0954878 0.0938415 0.0906764 0.0892397 0.0585152 0.1015595 0.0703448 0.0533335 0.0738318 0.0850185 0.0866739 0.0835512 0.1007240 0.0765298 0.1164762 0.1563041 0.0916260 0.1118979 0.0965444 0.0706414 0.0875225 0.1703430 0.0906764 0.1732207 0.0489223 0.0903129 0.1034987 0.0997458 0.1382937 0.1009428 0.1653638 0.1034382 0.1113965 0.0875516 0.0483588 0.0703448 0.0705453 0.0548443 0.0331855 0.0941019 0.1127927 0.1283282 0.1067458 0.1017078 0.0956294 0.0812520 0.0942710 0.0807085 0.0695212 0.1227980 0.1065758 0.0617865 0.0888236 0.0845233 0.0370124 0.1158809 0.0910505 0.0335341 0.1168123 0.0829993 0.0919998 0.1096693 0.1288922 0.0720836 0.1100468 0.0337280 0.0931114 0.0563161 0.1141815 0.0871980 0.0783055 0.0949064 0.0740784 0.0769495 0.0730645 0.1578166 0.0804042 0.0731967 0.0997286 0.0770009 
S0656sl     0.0555531 0.0694641 0.0290347 0.0992517 0.0588284 0.0357174 0.0623277 0.0664530 0.1254190 0.0370168 0.0405110 0.0259715 0.0319323 0.0729710 0.0586735 0.0660381 0.0262064 0.0673140 0.0230588 0.0655710 0.0953010 0.0290964 0.0607288 0.1094935 0.0759641 0.0444849 0.0760591 0.0588284 0.0352025 0.0000000 0.0392345 0.0627034 0.0844708 0.0612654 0.0993822 0.1348431 0.0690854 0.0672748 0.0763439 0.0601798 0.0599419 0.0618248 0.0654900 0.0612393 0.0581513 0.0610844 0.0230026 0.0834690 0.0296144 0.0171821 0.0548590 0.0694035 0.0711695 0.0647319 0.0825127 0.0611893 0.0885417 0.1224538 0.0487149 0.0928684 0.0732529 0.0553176 0.0685015 0.1307648 0.0581513 0.1351832 0.0000023 0.0676580 0.0763685 0.0791495 0.1097023 0.0914474 0.1431759 0.0728439 0.0767708 0.0582093 0.0359233 0.0296144 0.0296947 0.0139038 0.0351377 0.0714081 0.0862450 0.0903797 0.0726240 0.0823141 0.0689710 0.0553186 0.0634264 0.0554772 0.0336177 0.0895028 0.0881508 0.0369835 0.0623918 0.0585065 0.0362171 0.0772757 0.0649811 0.0261596 0.0887910 0.0401802 0.0586735 0.0747452 0.0945156 0.0462250 0.0713161 0.0327523 0.0662181 0.0201448 0.0779890 0.0515026 0.0562030 0.0684837 0.0391835 0.0514754 0.0542956 0.1213791 0.0448712 0.0480016 0.0731392 0.0579706 
S0673       0.0733661 0.1192740 0.0706977 0.1383684 0.0802607 0.0709706 0.1005178 0.0848149 0.1698974 0.0741040 0.0746663 0.0704687 0.0607660 0.0986756 0.0766677 0.0884100 0.0597114 0.1010427 0.0602061 0.0855945 0.1261199 0.0669259 0.0978326 0.1359488 0.1093933 0.0844245 0.0896529 0.0768699 0.0810017 0.0392345 0.0000000 0.0812003 0.0958561 0.1139589 0.1304921 0.1496519 0.1031754 0.1049318 0.0996435 0.0786226 0.0946167 0.1102787 0.0836004 0.1091761 0.1059194 0.1136017 0.0633771 0.1139542 0.0079204 0.0539213 0.0837292 0.0972369 0.0975723 0.0987476 0.1180799 0.0936926 0.1265387 0.1435066 0.0909264 0.1083055 0.1070253 0.0849447 0.1032951 0.1682219 0.1059194 0.1727950 0.0351043 0.1055016 0.0996847 0.1089115 0.1040647 0.1281951 0.1580852 0.0911725 0.0780606 0.0873600 0.0799282 0.0079204 0.0079393 0.0492502 0.0741011 0.1007827 0.1216318 0.1300731 0.0943948 0.1155389 0.1076600 0.0927318 0.0825176 0.0737535 0.0585773 0.1246711 0.1066346 0.0623852 0.1006483 0.0960891 0.0711413 0.0811297 0.1099643 0.0672533 0.1269033 0.0135772 0.0802350 0.1254871 0.1364347 0.0792492 0.0852766 0.0791352 0.0949852 0.0566403 0.1024234 0.0766271 0.0899408 0.0996561 0.0246839 0.0767802 0.0874886 0.1467750 0.0906478 0.0842203 0.0888790 0.0801711 
S0689       0.0468870 0.0958401 0.0817093 0.1158849 0.0471795 0.1126371 0.0573975 0.0541746 0.1076377 0.0896100 0.0767756 0.0887963 0.0889840 0.0602647 0.0439404 0.0542554 0.0851868 0.0608795 0.0812848 0.0653870 0.1127508 0.0850320 0.0696863 0.0795436 0.0880313 0.1035739 0.0668095 0.0440509 0.0854029 0.0627034 0.0812003 0.0000000 0.0475195 0.0959962 0.1170121 0.1662252 0.0596638 0.1151288 0.0712926 0.0515411 0.0832302 0.0805568 0.0502863 0.0833560 0.0802337 0.0956997 0.0841827 0.0929353 0.0815124 0.0780891 0.0600401 0.0703416 0.0800527 0.0809679 0.0958471 0.0772676 0.1178708 0.1461067 0.0722965 0.0930699 0.0980643 0.0747224 0.0886032 0.1561131 0.0802337 0.1588989 0.0696494 0.0760083 0.0839028 0.0899864 0.0837468 0.0864182 0.1713481 0.0570510 0.0537555 0.0668694 0.0931383 0.0815124 0.0817514 0.0789803 0.0926952 0.0869566 0.1031323 0.1184921 0.0601241 0.0927990 0.0816208 0.0714214 0.0456208 0.0409297 0.0292114 0.0954471 0.0639958 0.0888232 0.0642963 0.0673229 0.0982065 0.0505453 0.0805537 0.0862457 0.1182140 0.0793861 0.0471622 0.1162666 0.1007565 0.0547973 0.0642042 0.0983623 0.0532758 0.0740652 0.0549230 0.0339490 0.0751260 0.0666306 0.0889212 0.0600491 0.0594311 0.1163535 0.0702215 0.0595322 0.0628633 0.0535328 
