76
S0281      0.0000000 0.0945468 0.1018505 0.0689848 0.0764010 0.0899307 0.1007431 0.1038748 0.0816016 0.0814146 0.1034456 0.1045876 0.0736325 0.1010818 0.0939590 0.0999454 0.0934027 0.0340335 0.1576849 0.1465093 0.0844144 0.1052436 0.0743473 0.0423245 0.0946814 0.1010265 0.0870696 0.0886683 0.0805583 0.0718643 0.0329952 0.1133389 0.1660604 0.0395634 0.0734991 0.1124566 0.0807568 0.0947055 0.1578272 0.0743473 0.1019436 0.0923684 0.1508948 0.0932519 0.1024842 0.0810906 0.1032806 0.0617824 0.1016102 0.1043409 0.0736144 0.0737508 0.0718668 0.0939590 0.0944513 0.0402836 0.0930981 0.0327607 0.1065749 0.0952266 0.0733516 0.1143413 0.1019632 0.0730111 0.1167126 0.0942222 0.0976061 0.1262635 0.1055307 0.1026325 0.0875488 0.1243680 0.0398600 0.0968298 0.0811943 0.0969216 
S0282      0.0945468 0.0000000 0.0804962 0.0713070 0.0208558 0.0435348 0.0922703 0.1019148 0.0481296 0.0256688 0.1199814 0.0746440 0.0874167 0.1026262 0.0799511 0.0854812 0.0603505 0.0983142 0.1494966 0.0821172 0.0552712 0.1081403 0.0149941 0.1003031 0.0099455 0.0993938 0.0851587 0.0741934 0.0882099 0.0878969 0.1088379 0.1040974 0.0839240 0.0935398 0.0678935 0.1090104 0.0312164 0.0999979 0.0898359 0.0149941 0.0479784 0.0786387 0.0839256 0.0773325 0.0931877 0.0201152 0.1078649 0.0156325 0.0532345 0.1098946 0.0316180 0.0740616 0.0795212 0.0799511 0.0478549 0.0749141 0.0792985 0.1159160 0.0967116 0.0099843 0.0869334 0.1124596 0.0932870 0.0364047 0.1055253 0.0804382 0.1038908 0.1225500 0.0892758 0.1025115 0.0674618 0.1030367 0.0795968 0.0962271 0.0366244 0.0542600 
S0289      0.1018505 0.0804962 0.0000000 0.0961417 0.0637803 0.0903011 0.0206289 0.1331994 0.0753032 0.0757721 0.1733608 0.1057347 0.0989188 0.0948524 0.0153919 0.0205226 0.0624593 0.1361500 0.1240000 0.0880364 0.0564906 0.0945576 0.0622349 0.1029193 0.0806024 0.1094203 0.1009930 0.0376270 0.1044743 0.1051112 0.1282819 0.1154001 0.1032807 0.1022863 0.0885089 0.1420330 0.0675198 0.1167670 0.0964959 0.0622349 0.0951972 0.0108616 0.0574811 0.0624702 0.0604564 0.0683238 0.1163189 0.0510328 0.0678332 0.1422745 0.0639442 0.1022294 0.1040254 0.0153919 0.0949115 0.0977131 0.0152955 0.1399728 0.0332569 0.0810191 0.1162960 0.1201545 0.0208186 0.0687538 0.0488475 0.0891718 0.1185053 0.1382179 0.0386841 0.1039434 0.1041336 0.1004892 0.1079796 0.1034246 0.0893080 0.0884684 
S0292      0.0689848 0.0713070 0.0961417 0.0000000 0.0676658 0.0820097 0.1035189 0.0300154 0.0729086 0.0646990 0.1327122 0.0968272 0.0436690 0.0799996 0.0960773 0.1026174 0.0943574 0.0367245 0.1838043 0.0920162 0.0889005 0.1228918 0.0575976 0.0540563 0.0783378 0.0553934 0.0789661 0.0971122 0.0429681 0.0504099 0.0785589 0.0577381 0.1167659 0.0501430 0.0235519 0.0237477 0.0641959 0.0553576 0.1000683 0.0575976 0.0718609 0.1029463 0.1099409 0.1045365 0.1110350 0.0644604 0.0235431 0.0518875 0.0783032 0.0366836 0.0644865 0.0056921 0.0000021 0.0960773 0.0648503 0.0500263 0.0951109 0.0578332 0.1058048 0.0713070 0.0000023 0.0305786 0.0960773 0.0565236 0.1197030 0.0718593 0.0241171 0.0427678 0.0997083 0.0567850 0.0430362 0.0941775 0.0432475 0.0176487 0.0731125 0.0435060 
S0293      0.0764010 0.0208558 0.0637803 0.0676658 0.0000000 0.0336119 0.0756370 0.0931739 0.0326643 0.0158118 0.1169230 0.0652667 0.0783717 0.0938736 0.0633177 0.0689759 0.0508992 0.1032161 0.1320882 0.0670767 0.0453585 0.0922136 0.0051245 0.0910929 0.0208823 0.0907727 0.0684814 0.0574985 0.0791040 0.0920439 0.1003077 0.0868567 0.0736028 0.0847120 0.0584021 0.1081571 0.0324645 0.0842882 0.0674695 0.0051245 0.0499744 0.0610204 0.0590595 0.0554645 0.0764031 0.0103174 0.0993689 0.0000026 0.0438534 0.1013130 0.0328992 0.0647235 0.0697125 0.0633177 0.0498399 0.0718465 0.0628126 0.1076029 0.0793108 0.0209702 0.0779178 0.1038028 0.0764707 0.0267211 0.0887759 0.0573922 0.0950698 0.1144916 0.0720362 0.0937505 0.0580218 0.0947523 0.0704856 0.0872368 0.0268886 0.0447141 
S0294      0.0899307 0.0435348 0.0903011 0.0820097 0.0336119 0.0000000 0.1026821 0.1073265 0.0633215 0.0385546 0.1219283 0.0931895 0.1073401 0.1140257 0.0896816 0.0954313 0.0616750 0.1056416 0.1588614 0.1002655 0.0635206 0.1041112 0.0267547 0.1120568 0.0435915 0.1045401 0.0897527 0.0861006 0.0849462 0.1059736 0.1057940 0.1003856 0.1160125 0.1041347 0.0712968 0.1227534 0.0440540 0.1051935 0.1090981 0.0267547 0.0754832 0.0727781 0.1075846 0.0830753 0.1068100 0.0323170 0.1135854 0.0220956 0.0610759 0.1158368 0.0573330 0.0778020 0.0917139 0.0896816 0.0752656 0.0927012 0.0889009 0.1040817 0.1028223 0.0437929 0.0913972 0.1247885 0.1038782 0.0502792 0.1202263 0.0902284 0.1095078 0.1291638 0.1029441 0.1079810 0.0786442 0.1138682 0.0836040 0.1072814 0.0506012 0.0640678 
S0299      0.1007431 0.0922703 0.0206289 0.1035189 0.0756370 0.1026821 0.0000000 0.1464352 0.0746807 0.0877058 0.1714570 0.1185896 0.1047938 0.0931925 0.0099062 0.0253929 0.0740650 0.1496812 0.1398594 0.1000539 0.0685207 0.1069910 0.0737737 0.1162420 0.0923910 0.1151845 0.0917590 0.0537796 0.1171795 0.1109500 0.1272763 0.1276835 0.1005399 0.1147265 0.1078085 0.1480970 0.0790060 0.1294995 0.1088753 0.0737737 0.1074219 0.0216348 0.0689916 0.0684161 0.0769576 0.0799511 0.1221012 0.0625728 0.0793964 0.1411929 0.0757812 0.1146449 0.1174204 0.0203166 0.1070949 0.1103114 0.0201887 0.1446113 0.0499379 0.0928771 0.1289850 0.1332815 0.0099793 0.0804445 0.0593680 0.0940297 0.1251021 0.1513200 0.0553089 0.1165525 0.1167741 0.1061069 0.1203819 0.1159877 0.0885803 0.1005924 
S0335      0.1038748 0.1019148 0.1331994 0.0300154 0.0931739 0.1073265 0.1464352 0.0000000 0.0965485 0.0893898 0.1432698 0.1273166 0.0813927 0.1241089 0.1323637 0.1381796 0.1169074 0.0673059 0.1934085 0.1237499 0.1115431 0.1422328 0.0825663 0.0783151 0.1020519 0.0715933 0.1116207 0.1128239 0.0419753 0.0804814 0.1029427 0.0672959 0.1411400 0.0732109 0.0368556 0.0420995 0.0801263 0.0591568 0.1249137 0.0825663 0.1014680 0.1337321 0.1196363 0.1298218 0.1416792 0.0890348 0.0482240 0.0647124 0.1076105 0.0371301 0.0874224 0.0204278 0.0276551 0.1323637 0.0948131 0.0678843 0.1310732 0.0757010 0.1486693 0.1026152 0.0311613 0.0425846 0.1482677 0.0797207 0.1670298 0.0952280 0.0367919 0.0253473 0.1410908 0.0672224 0.0687581 0.1264827 0.0549530 0.0308639 0.1052520 0.0694241 
S0376      0.0816016 0.0481296 0.0753032 0.0729086 0.0326643 0.0633215 0.0746807 0.0965485 0.0000000 0.0432961 0.0889363 0.0562642 0.0883194 0.0958065 0.0747800 0.0803714 0.0677608 0.0981964 0.1334176 0.0780344 0.0625788 0.0948778 0.0315651 0.0866395 0.0481908 0.1004452 0.0591722 0.0689800 0.0891313 0.1017842 0.0826443 0.1119160 0.0848509 0.0808585 0.0685484 0.1111019 0.0431368 0.0747077 0.0786533 0.0315651 0.0607800 0.0801818 0.0865238 0.0875164 0.0941596 0.0370624 0.1025432 0.0329831 0.0730635 0.0911200 0.0436947 0.0687708 0.0738944 0.0747800 0.0485491 0.0751712 0.0741710 0.1024406 0.0913680 0.0484114 0.0816435 0.1069563 0.0881106 0.0372917 0.1004089 0.0752511 0.1050459 0.1172253 0.0839536 0.1036343 0.0752674 0.1120395 0.0673843 0.0908083 0.0320404 0.0614116 
S0405      0.0814146 0.0256688 0.0757721 0.0646990 0.0158118 0.0385546 0.0877058 0.0893898 0.0432961 0.0000000 0.1223261 0.0636148 0.0752895 0.0915228 0.0752437 0.0808745 0.0555590 0.0988770 0.1449163 0.0716932 0.0503787 0.1036130 0.0101001 0.0872322 0.0257008 0.0808392 0.0796166 0.0694016 0.0759624 0.0883584 0.0961946 0.0913596 0.0854582 0.0813683 0.0561825 0.1036653 0.0372637 0.0877345 0.0792145 0.0101001 0.0545704 0.0736366 0.0719238 0.0629024 0.0885929 0.0152471 0.0879227 0.0052113 0.0428433 0.0971138 0.0320068 0.0622417 0.0668458 0.0752437 0.0544256 0.0690435 0.0746262 0.1031451 0.0778425 0.0258085 0.0748696 0.0994078 0.0886848 0.0206023 0.1010837 0.0685081 0.0911380 0.1097276 0.0845077 0.0899234 0.0494832 0.0922997 0.0677856 0.0836904 0.0317524 0.0432902 
S0419      0.1034456 0.1199814 0.1733608 0.1327122 0.1169230 0.1219283 0.1714570 0.1432698 0.0889363 0.1223261 0.0000000 0.1064645 0.1273503 0.1807783 0.1718165 0.1694171 0.1313029 0.0906152 0.1289430 0.1604041 0.1202811 0.1288662 0.1097721 0.0678989 0.1199814 0.1600582 0.0873268 0.1842467 0.1188530 0.1144631 0.0779964 0.1973201 0.1635918 0.0664695 0.1189530 0.1539660 0.1063671 0.1188816 0.1627777 0.1097721 0.1273252 0.1279765 0.7527388 0.1644317 0.1809627 0.1097721 0.1651395 0.1028379 0.1313978 0.1347013 0.0869155 0.1079365 0.1158780 0.1579874 0.1273252 0.0664694 0.1690674 0.1065993 0.2219859 0.1314780 0.1079365 0.1741072 0.1832664 0.1053688 0.2214863 0.1452488 0.1572684 0.1791781 0.2059427 0.1817721 0.1478625 0.1536161 0.0763132 0.1447584 0.1243771 0.1348516 
S0427      0.1045876 0.0746440 0.1057347 0.0968272 0.0652667 0.0931895 0.1185896 0.1273166 0.0562642 0.0636148 0.1064645 0.0000000 0.1179043 0.1109989 0.1187529 0.1245949 0.1037844 0.1129479 0.1769765 0.0802332 0.0984047 0.1285922 0.0565025 0.1007422 0.0747429 0.1170184 0.0755217 0.0910696 0.1190673 0.1227652 0.0965956 0.1218582 0.0948529 0.0944281 0.0962619 0.1432469 0.0735898 0.1041375 0.0882881 0.0565025 0.0866765 0.1035524 0.1044476 0.0817881 0.0893285 0.0625469 0.1273891 0.0524573 0.0897022 0.1218968 0.0677279 0.0965648 0.1040152 0.1187529 0.0732849 0.0815321 0.1176251 0.1170487 0.1080457 0.0690937 0.1105767 0.1395634 0.1176251 0.0670667 0.1169585 0.1282691 0.1126864 0.1433748 0.1000898 0.1350983 0.1066858 0.1265738 0.0803392 0.1213347 0.0447150 0.0906016 
S0552sl    0.0736325 0.0874167 0.0989188 0.0436690 0.0783717 0.1073401 0.1047938 0.0813927 0.0883194 0.0752895 0.1273503 0.1179043 0.0000000 0.1036341 0.1049389 0.1108039 0.0904561 0.0893315 0.1809808 0.1215073 0.0765609 0.1348677 0.0688144 0.0840851 0.0875327 0.0553977 0.1101280 0.1201461 0.0563430 0.0261566 0.0937568 0.0640954 0.1384583 0.0860686 0.0493755 0.0823207 0.0742238 0.0799333 0.1311708 0.0688144 0.0733761 0.1047520 0.1612193 0.1178123 0.1318031 0.0750228 0.0687467 0.0646640 0.0948528 0.0887862 0.0672116 0.0552474 0.0463202 0.1049389 0.0867737 0.0738601 0.1039708 0.0946889 0.1167153 0.0879951 0.0549853 0.0821755 0.1060448 0.0664934 0.1334032 0.0896059 0.0764379 0.1010909 0.1163190 0.0634012 0.0885976 0.1017668 0.0725346 0.0758090 0.0966070 0.0894491 
S0558      0.1010818 0.1026262 0.0948524 0.0799996 0.0938736 0.1140257 0.0931925 0.1241089 0.0958065 0.0915228 0.1807783 0.1109989 0.1036341 0.0000000 0.0933150 0.0989146 0.0883426 0.1123304 0.1739653 0.1313551 0.0912181 0.1213668 0.0831781 0.1007188 0.1027647 0.1141391 0.0719977 0.1090629 0.1160978 0.1156374 0.1221606 0.1111505 0.1491895 0.0938836 0.1068515 0.1255230 0.0922702 0.1420376 0.1415884 0.0831781 0.1220498 0.0925150 0.1152004 0.1364817 0.1129653 0.0896819 0.1068497 0.0721441 0.1153312 0.1328063 0.0950910 0.0942185 0.1023842 0.0933150 0.1070255 0.1030207 0.0925175 0.0994075 0.1208676 0.1033347 0.1078634 0.1171493 0.0942346 0.0877494 0.1217081 0.0887668 0.0950150 0.1459313 0.1126747 0.1316735 0.1039282 0.1241026 0.0868181 0.1009039 0.0978620 0.0972780 
S0624      0.0939590 0.0799511 0.0153919 0.0960773 0.0633177 0.0896816 0.0099062 0.1323637 0.0747800 0.0752437 0.1718165 0.1187529 0.1049389 0.0933150 0.0000000 0.0150839 0.0620132 0.1352858 0.1321280 0.1001851 0.0565131 0.1071327 0.0617922 0.1021949 0.0800553 0.1153397 0.0852143 0.0426025 0.1037766 0.1111018 0.1274540 0.1278611 0.1006732 0.1016118 0.0948782 0.1483005 0.0670515 0.1296735 0.1090216 0.0617922 0.0945635 0.0107010 0.0568986 0.0612081 0.0653319 0.0678451 0.1222652 0.0506544 0.0673594 0.1413885 0.0634808 0.1015564 0.1032919 0.0100525 0.0942811 0.0970497 0.0099916 0.1307434 0.0384331 0.0804672 0.1155527 0.1193712 0.0099916 0.0682703 0.0594434 0.0814628 0.1252735 0.1373736 0.0437927 0.1032530 0.1034407 0.1062472 0.1072837 0.1027389 0.0886997 0.0878697 
S0645sl    0.0999454 0.0854812 0.0205226 0.1026174 0.0689759 0.0954313 0.0253929 0.1381796 0.0803714 0.0808745 0.1694171 0.1245949 0.1108039 0.0989146 0.0150839 0.0000000 0.0621477 0.1412056 0.1385432 0.1057757 0.0557306 0.1127868 0.0673090 0.1082841 0.0855924 0.1210525 0.0917590 0.0478820 0.1095773 0.1169032 0.1333810 0.1337643 0.1216430 0.1073073 0.1005530 0.1541307 0.0725175 0.1353760 0.1147158 0.0673090 0.1002102 0.0052876 0.0689916 0.0758203 0.0706618 0.0733738 0.1279634 0.0562226 0.0728601 0.1472674 0.0691313 0.1072414 0.1094076 0.0150839 0.0999116 0.1028488 0.0149914 0.1364920 0.0438923 0.0860337 0.1212606 0.1252438 0.0256242 0.0738263 0.0647563 0.0746436 0.1310875 0.1292416 0.0492220 0.1090148 0.1092149 0.1118527 0.1129239 0.1084829 0.0943931 0.0935126 
S0689      0.0934027 0.0603505 0.0624593 0.0943574 0.0508992 0.0616750 0.0740650 0.1169074 0.0677608 0.0555590 0.1313029 0.1037844 0.0904561 0.0883426 0.0620132 0.0621477 0.0000000 0.1047976 0.1605572 0.0914931 0.0372800 0.1234157 0.0431857 0.0950034 0.0604282 0.1008361 0.1008846 0.0888720 0.0894913 0.0965293 0.0884976 0.1123571 0.1064402 0.0948914 0.0812144 0.1321206 0.0539015 0.1146222 0.0998152 0.0431857 0.0797028 0.0529254 0.1018477 0.0788882 0.1088956 0.0488926 0.1230060 0.0386678 0.0599982 0.1161287 0.0500552 0.0876306 0.0951776 0.0620132 0.0794769 0.0902922 0.0615299 0.1070274 0.0859334 0.0607181 0.1010482 0.1201206 0.0748638 0.0548536 0.1084186 0.0689641 0.1260436 0.1383824 0.0917279 0.1040452 0.0816278 0.0972986 0.0877515 0.1033901 0.0680527 0.0674458 
S0720      0.0340335 0.0983142 0.1361500 0.0367245 0.1032161 0.1056416 0.1496812 0.0673059 0.0981964 0.0988770 0.0906152 0.1129479 0.0893315 0.1123304 0.1352858 0.1412056 0.1047976 0.0000000 0.2066222 0.1490213 0.1001808 0.1523398 0.0917140 0.0281794 0.0984500 0.0976319 0.0975623 0.1384897 0.0662021 0.0734520 0.0494507 0.0943428 0.1530200 0.0264587 0.0604071 0.0803037 0.0817624 0.0726146 0.1505171 0.0917140 0.1113447 0.1276688 0.1905939 0.1503892 0.1448536 0.0984500 0.0801375 0.0797396 0.1098748 0.0815709 0.0763917 0.0490225 0.0403076 0.1352858 0.0964042 0.0327374 0.1339348 0.0433673 0.1501109 0.0990041 0.0487960 0.0689642 0.1515959 0.0884643 0.1776076 0.0972384 0.0677642 0.0859949 0.1511374 0.0935748 0.0759371 0.1173613 0.0264587 0.0554188 0.1070763 0.0766776 
S0724sl    0.1576849 0.1494966 0.1240000 0.1838043 0.1320882 0.1588614 0.1398594 0.1934085 0.1334176 0.1449163 0.1289430 0.1769765 0.1809808 0.1739653 0.1321280 0.1385432 0.1605572 0.2066222 0.0000000 0.1921206 0.1432629 0.0347632 0.1258191 0.1504173 0.1497237 0.1792310 0.0741884 0.1278518 0.1613356 0.1692276 0.1648332 0.2069064 0.2038703 0.1584476 0.1521283 0.2143443 0.1214181 0.1771579 0.1943971 0.1258191 0.1567703 0.1252893 0.1549912 0.1447561 0.1354487 0.1337655 0.1791089 0.1145856 0.1500143 0.1916321 0.1078088 0.1608015 0.1719103 0.1321280 0.1561696 0.1456021 0.1307086 0.1702648 0.1619231 0.1507306 0.1790462 0.2042211 0.1348135 0.1304115 0.1635433 0.1604433 0.1754362 0.2130198 0.1611559 0.1883191 0.1730539 0.1498862 0.1603918 0.1800682 0.1503801 0.1645125 
S0735      0.1465093 0.0821172 0.0880364 0.0920162 0.0670767 0.1002655 0.1000539 0.1237499 0.0780344 0.0716932 0.1604041 0.0802332 0.1215073 0.1313551 0.1001851 0.1057757 0.0914931 0.1490213 0.1921206 0.0000000 0.0797736 0.1501755 0.0647420 0.1230759 0.0822199 0.1206293 0.0999931 0.0988505 0.1226758 0.1357828 0.1450413 0.1321389 0.0204946 0.1145541 0.1132653 0.1533360 0.0831710 0.1213129 0.0152720 0.0647420 0.1021218 0.0931800 0.0826586 0.0762153 0.1182560 0.0705421 0.1376421 0.0606256 0.0844562 0.1323741 0.0841598 0.1069417 0.1079286 0.1001851 0.1018281 0.1081829 0.0993151 0.1527156 0.1096281 0.0826240 0.1208359 0.1499424 0.1054572 0.0766772 0.1309307 0.0930059 0.1473007 0.1371328 0.1017056 0.1383501 0.0939055 0.0911448 0.1125785 0.1317359 0.0783792 0.0792851 
S0742      0.0844144 0.0552712 0.0564906 0.0889005 0.0453585 0.0635206 0.0685207 0.1115431 0.0625788 0.0503787 0.1202811 0.0984047 0.0765609 0.0912181 0.0565131 0.0557306 0.0372800 0.1001808 0.1432629 0.0797736 0.0000000 0.1113115 0.0380708 0.0802018 0.0553432 0.0955808 0.0885960 0.0772704 0.0841482 0.0886398 0.0989299 0.0983422 0.0942347 0.0824157 0.0759774 0.1267148 0.0488648 0.0961834 0.0877393 0.0380708 0.0745502 0.0468018 0.1042689 0.0807639 0.0970784 0.0437855 0.1176677 0.0333997 0.0603649 0.1199507 0.0503751 0.0823921 0.0895471 0.0565131 0.0743389 0.0776711 0.0560778 0.1055915 0.0799592 0.0556080 0.0957940 0.1146182 0.0692564 0.0497358 0.1025515 0.0563682 0.1205902 0.1329897 0.0797400 0.0986475 0.0763602 0.0922056 0.0754992 0.0980174 0.0628442 0.0622816 
S0748      0.1052436 0.1081403 0.0945576 0.1228918 0.0922136 0.1041112 0.1069910 0.1422328 0.0948778 0.1036130 0.1288662 0.1285922 0.1348677 0.1213668 0.1071327 0.1127868 0.1234157 0.1523398 0.0347632 0.1501755 0.1113115 0.0000000 0.0885781 0.1316071 0.1082860 0.1312960 0.0586753 0.0898770 0.1172040 0.1248078 0.1263953 0.1449953 0.1593020 0.1222793 0.1097846 0.1512022 0.0859442 0.1303790 0.1516528 0.0885781 0.1210502 0.0908600 0.0865950 0.1096567 0.0962400 0.0951193 0.1244457 0.0789049 0.1288501 0.1410641 0.0949007 0.1167917 0.1347654 0.1071327 0.1206678 0.1109926 0.1061760 0.1245040 0.1228427 0.1088914 0.1315031 0.1507225 0.1022888 0.0930691 0.1183859 0.1167300 0.1203801 0.1578301 0.1153565 0.1390365 0.1262731 0.1151213 0.1166086 0.1321842 0.1086540 0.1191941 
S0756      0.0743473 0.0149941 0.0622349 0.0575976 0.0051245 0.0267547 0.0737737 0.0825663 0.0315651 0.0101001 0.1097721 0.0565025 0.0688144 0.0831781 0.0617922 0.0673090 0.0431857 0.0917140 0.1258191 0.0647420 0.0380708 0.0885781 0.0000000 0.0801371 0.0150125 0.0805424 0.0658026 0.0561226 0.0694182 0.0816387 0.0892358 0.0843950 0.0779710 0.0748108 0.0500891 0.0965374 0.0258791 0.0810660 0.0719185 0.0000010 0.0424342 0.0594705 0.0584907 0.0551451 0.0745024 0.0049478 0.0884387 0.0000022 0.0366895 0.0900717 0.0262163 0.0560430 0.0601584 0.0617922 0.0423260 0.0626777 0.0613131 0.0960419 0.0772558 0.0150721 0.0684317 0.0921892 0.0745649 0.0204636 0.0865234 0.0621967 0.0841719 0.1025216 0.0702108 0.0830590 0.0497800 0.0845454 0.0615435 0.0769166 0.0205862 0.0373683 
S0760      0.0423245 0.1003031 0.1029193 0.0540563 0.0910929 0.1120568 0.1162420 0.0783151 0.0866395 0.0872322 0.0678989 0.1007422 0.0840851 0.1007188 0.1021949 0.1082841 0.0950034 0.0281794 0.1504173 0.1230759 0.0802018 0.1316071 0.0801371 0.0000000 0.1004442 0.0954885 0.0930694 0.1272410 0.0699777 0.0812345 0.0397607 0.1068645 0.1412505 0.0000010 0.0634265 0.0925224 0.0833339 0.0831174 0.1334427 0.0801371 0.1136196 0.0933157 0.1534680 0.1157529 0.1330108 0.0868750 0.0843204 0.0679935 0.0787103 0.0859119 0.0715155 0.0514523 0.0493140 0.1021949 0.0983149 0.0053476 0.1012230 0.0394226 0.1495065 0.1010223 0.0640227 0.0804035 0.1177053 0.0772555 0.1579884 0.0857646 0.0788812 0.0986454 0.1388295 0.0985638 0.0799875 0.0923525 0.0159600 0.0654350 0.0953128 0.0808031 
S0763      0.0946814 0.0099455 0.0806024 0.0783378 0.0208823 0.0435915 0.0923910 0.1020519 0.0481908 0.0257008 0.1199814 0.0747429 0.0875327 0.1027647 0.0800553 0.0855924 0.0604282 0.0984500 0.1497237 0.0822199 0.0553432 0.1082860 0.0150125 0.1004442 0.0000000 0.0995247 0.0852769 0.0742914 0.0883281 0.0880141 0.1089844 0.1042393 0.0840311 0.0936634 0.0679830 0.1166227 0.0312557 0.1001289 0.0899501 0.0150125 0.0480392 0.0787480 0.0971882 0.0698879 0.0933097 0.0099577 0.1080091 0.0156525 0.0533015 0.1100439 0.0316590 0.0741592 0.0796327 0.0800553 0.0479154 0.0811773 0.0794018 0.1160723 0.0968437 0.0099967 0.0870483 0.1126151 0.0934105 0.0364502 0.1056638 0.0805443 0.1040327 0.1227146 0.0893969 0.1026500 0.0675502 0.1031688 0.0797008 0.0963576 0.0366705 0.0543296 
S0771      0.1010265 0.0993938 0.1094203 0.0553934 0.0907727 0.1045401 0.1151845 0.0715933 0.1004452 0.0808392 0.1600582 0.1170184 0.0553977 0.1141391 0.1153397 0.1210525 0.1008361 0.0976319 0.1792310 0.1206293 0.0955808 0.1312960 0.0805424 0.0954885 0.0995247 0.0000000 0.1155368 0.1263818 0.0481074 0.0548434 0.1067351 0.0551916 0.1374799 0.0893120 0.0416997 0.0723772 0.0782203 0.0703908 0.1236172 0.0805424 0.0989653 0.1157319 0.1371855 0.1172378 0.1379787 0.0868430 0.0599397 0.0698064 0.0922973 0.0784180 0.0853103 0.0472241 0.0568819 0.1153397 0.0986725 0.0787433 0.1142765 0.0923514 0.1308947 0.1000594 0.0586871 0.0855986 0.1165446 0.0778295 0.1478468 0.0928814 0.0667903 0.0900398 0.1227021 0.0602306 0.0802507 0.1067019 0.0708383 0.0715664 0.1090764 0.0810103 
S0888      0.0870696 0.0851587 0.1009930 0.0789661 0.0684814 0.0897527 0.0917590 0.1116207 0.0591722 0.0796166 0.0873268 0.0755217 0.1101280 0.0719977 0.0852143 0.0917590 0.1008846 0.0975623 0.0741884 0.0999931 0.0885960 0.0586753 0.0658026 0.0930694 0.0852769 0.1155368 0.0000000 0.0888590 0.1105413 0.1007316 0.1125691 0.1279650 0.1002403 0.0937011 0.0939900 0.1277532 0.0705962 0.1078622 0.1009166 0.0658026 0.0921212 0.0839013 0.1083397 0.1055967 0.0878937 0.0722577 0.1016372 0.0549632 0.0854128 0.1049780 0.0662477 0.0807729 0.0798362 0.0925938 0.0777474 0.0963228 0.0917590 0.0954580 0.0995913 0.0857455 0.0803273 0.1211916 0.0934216 0.0776405 0.1250269 0.0740622 0.0975657 0.1121860 0.0999767 0.1175380 0.0892627 0.0876561 0.0730330 0.1034225 0.0659646 0.0814642 
S0899      0.0886683 0.0741934 0.0376270 0.0971122 0.0574985 0.0861006 0.0537796 0.1128239 0.0689800 0.0694016 0.1842467 0.0910696 0.1201461 0.1090629 0.0426025 0.0478820 0.0888720 0.1384897 0.1278518 0.0988505 0.0772704 0.0898770 0.0561226 0.1272410 0.0742914 0.1263818 0.0888590 0.0000000 0.1056937 0.1280754 0.1284327 0.1252326 0.1143648 0.1180749 0.0914736 0.1363835 0.0631135 0.1055755 0.1075412 0.0561226 0.0886142 0.0395347 0.0336447 0.0264776 0.0153682 0.0621406 0.1057131 0.0392711 0.0943170 0.1390490 0.0638475 0.0983105 0.1051845 0.0426025 0.0883513 0.1054472 0.0423036 0.1140456 0.0384975 0.0746704 0.1126412 0.1137491 0.0481658 0.0505646 0.0205698 0.0967013 0.0997388 0.1050167 0.0268832 0.1138078 0.0909514 0.1215280 0.1042062 0.0972259 0.0827310 0.0758935 
S0959      0.0805583 0.0882099 0.1044743 0.0429681 0.0791040 0.0849462 0.1171795 0.0419753 0.0891313 0.0759624 0.1188530 0.1190673 0.0563430 0.1160978 0.1037766 0.1095773 0.0894913 0.0662021 0.1613356 0.1226758 0.0841482 0.1172040 0.0694182 0.0699777 0.0883281 0.0481074 0.1105413 0.1056937 0.0000000 0.0557685 0.0811240 0.0435232 0.1398449 0.0655596 0.0258583 0.0536558 0.0674105 0.0475346 0.1238165 0.0694182 0.0878136 0.1035270 0.1195309 0.1297534 0.1261946 0.0756896 0.0601262 0.0584968 0.0938556 0.0611459 0.0743528 0.0312387 0.0395165 0.1037766 0.0875554 0.0550456 0.1028324 0.0677066 0.1176311 0.0887998 0.0423631 0.0543068 0.1185851 0.0670562 0.1504430 0.0817279 0.0482479 0.0589917 0.1104509 0.0434582 0.0682513 0.0976867 0.0602497 0.0419601 0.0975232 0.0689074 
S0960      0.0718643 0.0878969 0.1051112 0.0504099 0.0920439 0.1059736 0.1109500 0.0804814 0.1017842 0.0883584 0.1144631 0.1227652 0.0261566 0.1156374 0.1111018 0.1169032 0.0965293 0.0734520 0.1692276 0.1357828 0.0886398 0.1248078 0.0816387 0.0812345 0.0880141 0.0548434 0.1007316 0.1280754 0.0557685 0.0000000 0.0939054 0.0634068 0.1392461 0.0826819 0.0488945 0.0813884 0.0671969 0.0790593 0.1459766 0.0816387 0.0737686 0.1020236 0.1726291 0.1159790 0.1315023 0.0880141 0.0738666 0.0707918 0.1007911 0.0877574 0.0614588 0.0546973 0.0523186 0.1111018 0.0872472 0.0722133 0.1100726 0.0854434 0.1269228 0.0884819 0.0544411 0.0954176 0.1122723 0.0788603 0.1437352 0.0941186 0.0680811 0.0998869 0.1244002 0.0685974 0.0957042 0.1137232 0.0646128 0.0804500 0.1105366 0.0966218 
S1083      0.0329952 0.1088379 0.1282819 0.0785589 0.1003077 0.1057940 0.1272763 0.1029427 0.0826443 0.0961946 0.0779964 0.0965956 0.0937568 0.1221606 0.1274540 0.1333810 0.0884976 0.0494507 0.1648332 0.1450413 0.0989299 0.1263953 0.0892358 0.0397607 0.1089844 0.1067351 0.1125691 0.1284327 0.0811240 0.0939054 0.0000000 0.1185541 0.1635332 0.0428594 0.0745019 0.1176884 0.0946085 0.0816358 0.1557409 0.0892358 0.1217521 0.1195927 0.1897123 0.1365445 0.1339493 0.0957949 0.1089626 0.0784111 0.1026498 0.0827800 0.0743724 0.0747402 0.0796674 0.1274540 0.1067560 0.0378514 0.1262017 0.0420404 0.1419871 0.1095944 0.0877612 0.1118393 0.1434794 0.0861454 0.1502948 0.1168486 0.1036713 0.1238491 0.1395532 0.1007762 0.0871310 0.1373366 0.0434889 0.0956404 0.0821601 0.0967745 
S1129sl    0.1133389 0.1040974 0.1154001 0.0577381 0.0868567 0.1003856 0.1276835 0.0672959 0.1119160 0.0913596 0.1973201 0.1218582 0.0640954 0.1111505 0.1278611 0.1337643 0.1123571 0.0943428 0.2069064 0.1321389 0.0983422 0.1449953 0.0843950 0.1068645 0.1042393 0.0551916 0.1279650 0.1252326 0.0435232 0.0634068 0.1185541 0.0000000 0.1500509 0.0996353 0.0431970 0.0680513 0.0880361 0.0549953 0.1334082 0.0843950 0.1101876 0.1200404 0.1035791 0.1206816 0.1454788 0.0909860 0.0677570 0.0732320 0.1098729 0.0813897 0.0956327 0.0489264 0.0590954 0.1278611 0.1098425 0.0886611 0.1266081 0.1032034 0.1270240 0.1048249 0.0608255 0.0814031 0.1292712 0.0875958 0.1560035 0.0873803 0.0498830 0.0859892 0.1297354 0.0624849 0.0891802 0.1256770 0.0800767 0.0672701 0.1143696 0.0900403 
S1148      0.1660604 0.0839240 0.1032807 0.1167659 0.0736028 0.1160125 0.1005399 0.1411400 0.0848509 0.0854582 0.1635918 0.0948529 0.1384583 0.1491895 0.1006732 0.1216430 0.1064402 0.1530200 0.2038703 0.0204946 0.0942347 0.1593020 0.0779710 0.1412505 0.0840311 0.1374799 0.1002403 0.1143648 0.1398449 0.1392461 0.1635332 0.1500509 0.0000000 0.1311255 0.1295950 0.1723281 0.0850296 0.1295078 0.0151389 0.0779710 0.1044852 0.1095227 0.1122477 0.0852157 0.1346718 0.0840311 0.1557058 0.0740255 0.0989306 0.1504349 0.0860601 0.1230226 0.1251132 0.1159413 0.1041766 0.1244869 0.1148729 0.1716750 0.1263085 0.0844548 0.1376778 0.1691932 0.1059635 0.0904988 0.1479480 0.1003797 0.1661752 0.1551857 0.1177878 0.1565136 0.1093078 0.1060920 0.1288022 0.1496051 0.0925959 0.0936601 
S1177      0.0395634 0.0935398 0.1022863 0.0501430 0.0847120 0.1041347 0.1147265 0.0732109 0.0808585 0.0813683 0.0664695 0.0944281 0.0860686 0.0938836 0.1016118 0.1073073 0.0948914 0.0264587 0.1584476 0.1145541 0.0824157 0.1222793 0.0748108 0.0000010 0.0936634 0.0893120 0.0937011 0.1180749 0.0655596 0.0826819 0.0428594 0.0996353 0.1311255 0.0000000 0.0594624 0.0863687 0.0779707 0.0777763 0.1239546 0.0748108 0.1059081 0.0933118 0.1479861 0.1148962 0.1235134 0.0810678 0.0788245 0.0634590 0.0796089 0.0802089 0.0728353 0.0482645 0.0460384 0.1016118 0.0918091 0.0050375 0.1007084 0.0370177 0.1454485 0.0941628 0.0599867 0.0750268 0.1160737 0.0722883 0.1534666 0.0800864 0.0737078 0.0920793 0.1284884 0.0920052 0.0746701 0.0862241 0.0150386 0.0612185 0.0887963 0.0753872 
S1189      0.0734991 0.0678935 0.0885089 0.0235519 0.0584021 0.0712968 0.1078085 0.0368556 0.0685484 0.0561825 0.1189530 0.0962619 0.0493755 0.1068515 0.0948782 0.1005530 0.0812144 0.0604071 0.1521283 0.1132653 0.0759774 0.1097846 0.0500891 0.0634265 0.0679830 0.0416997 0.0939900 0.0914736 0.0258583 0.0488945 0.0745019 0.0431970 0.1295950 0.0594624 0.0000000 0.0484644 0.0487020 0.0362911 0.1142753 0.0500891 0.0675789 0.0941502 0.1196363 0.1002308 0.1029739 0.0560144 0.0421248 0.0393739 0.0734045 0.0428069 0.0550733 0.0150691 0.0217350 0.0948782 0.0673914 0.0490062 0.0940518 0.0613815 0.1077080 0.0683233 0.0255344 0.0490452 0.1090571 0.0484344 0.1254235 0.0738328 0.0372448 0.0538166 0.1007998 0.0370653 0.0492856 0.1125449 0.0422351 0.0368422 0.0761138 0.0497583 
S1201sl    0.1124566 0.1090104 0.1420330 0.0237477 0.1081571 0.1227534 0.1480970 0.0420995 0.1111019 0.1036653 0.1539660 0.1432469 0.0823207 0.1255230 0.1483005 0.1541307 0.1321206 0.0803037 0.2143443 0.1533360 0.1267148 0.1512022 0.0965374 0.0925224 0.1166227 0.0723772 0.1277532 0.1363835 0.0536558 0.0813884 0.1176884 0.0680513 0.1723281 0.0863687 0.0484644 0.0000000 0.0936227 0.0714688 0.1548610 0.0965374 0.1159677 0.1505984 0.1181761 0.1426212 0.1580824 0.1032129 0.0487563 0.0854986 0.1222025 0.0613060 0.1013013 0.0313394 0.0337562 0.1483005 0.1090585 0.0735991 0.1468014 0.0893901 0.1660542 0.1172863 0.0315031 0.0544552 0.1499680 0.0931684 0.1689596 0.1095692 0.0371972 0.0591436 0.1582244 0.0802242 0.0820657 0.1278755 0.0674359 0.0420842 0.1203495 0.0828576 
S1211      0.0807568 0.0312164 0.0675198 0.0641959 0.0324645 0.0440540 0.0790060 0.0801263 0.0431368 0.0372637 0.1063671 0.0735898 0.0742238 0.0922702 0.0670515 0.0725175 0.0539015 0.0817624 0.1214181 0.0831710 0.0488648 0.0859442 0.0258791 0.0833339 0.0312557 0.0782203 0.0705962 0.0631135 0.0674105 0.0671969 0.0946085 0.0880361 0.0850296 0.0779707 0.0487020 0.0936227 0.0000000 0.0787183 0.0910322 0.0258791 0.0367884 0.0644023 0.0724113 0.0711237 0.0797795 0.0312557 0.0727516 0.0213487 0.0590444 0.0873585 0.0207806 0.0544773 0.0651266 0.0670515 0.0366960 0.0673553 0.0665291 0.0931508 0.0851117 0.0313902 0.0664818 0.0873754 0.0798510 0.0256394 0.0943256 0.0733709 0.0878207 0.0994231 0.0778040 0.0675624 0.0624050 0.0897700 0.0598255 0.0800952 0.0488828 0.0492520 
S1214sl    0.0947055 0.0999979 0.1167670 0.0553576 0.0842882 0.1051935 0.1294995 0.0591568 0.0747077 0.0877345 0.1188816 0.1041375 0.0799333 0.1420376 0.1296735 0.1353760 0.1146222 0.0726146 0.1771579 0.1213129 0.0961834 0.1303790 0.0810660 0.0831174 0.1001289 0.0703908 0.1078622 0.1055755 0.0475346 0.0790593 0.0816358 0.0549953 0.1295078 0.0777763 0.0362911 0.0714688 0.0787183 0.0000000 0.1141744 0.0810660 0.0995661 0.1235336 0.1497442 0.1278537 0.1247434 0.0873959 0.0711735 0.0702857 0.1055845 0.0605443 0.0858465 0.0417493 0.0509024 0.1296735 0.0992703 0.0671773 0.1284418 0.0803893 0.1306744 0.1006695 0.0530588 0.0723955 0.1451548 0.0783241 0.1486330 0.0923960 0.0659533 0.0769295 0.1234445 0.0660809 0.0796991 0.1411150 0.0596667 0.0591349 0.0964523 0.0804481 
S1223      0.1578272 0.0898359 0.0964959 0.1000683 0.0674695 0.1090981 0.1088753 0.1249137 0.0786533 0.0792145 0.1627777 0.0882881 0.1311708 0.1415884 0.1090216 0.1147158 0.0998152 0.1505171 0.1943971 0.0152720 0.0877393 0.1516528 0.0719185 0.1334427 0.0899501 0.1236172 0.1009166 0.1075412 0.1238165 0.1459766 0.1557409 0.1334082 0.0151389 0.1239546 0.1142753 0.1548610 0.0910322 0.1141744 0.0000000 0.0719185 0.1106533 0.1022878 0.0987087 0.0858590 0.1275929 0.0779048 0.1389677 0.0678606 0.0924644 0.1336551 0.0921217 0.1078862 0.1089458 0.1090216 0.1103238 0.1173858 0.1080347 0.1637315 0.1114740 0.0904076 0.1219393 0.1514595 0.1143861 0.0842680 0.1406927 0.0937946 0.1487661 0.1384530 0.1107343 0.1396889 0.0947092 0.0994625 0.1217675 0.1329988 0.0861984 0.0799248 
S1227      0.0743473 0.0149941 0.0622349 0.0575976 0.0051245 0.0267547 0.0737737 0.0825663 0.0315651 0.0101001 0.1097721 0.0565025 0.0688144 0.0831781 0.0617922 0.0673090 0.0431857 0.0917140 0.1258191 0.0647420 0.0380708 0.0885781 0.0000010 0.0801371 0.0150125 0.0805424 0.0658026 0.0561226 0.0694182 0.0816387 0.0892358 0.0843950 0.0779710 0.0748108 0.0500891 0.0965374 0.0258791 0.0810660 0.0719185 0.0000000 0.0424342 0.0594705 0.0584907 0.0551451 0.0745024 0.0049478 0.0884387 0.0000022 0.0366895 0.0900717 0.0262163 0.0560430 0.0601584 0.0617922 0.0423260 0.0626777 0.0613131 0.0960419 0.0772558 0.0150721 0.0684317 0.0921892 0.0745649 0.0204636 0.0865234 0.0621967 0.0841719 0.1025216 0.0702108 0.0830590 0.0497800 0.0845454 0.0615435 0.0769166 0.0205862 0.0373683 
S1235sl    0.1019436 0.0479784 0.0951972 0.0718609 0.0499744 0.0754832 0.1074219 0.1014680 0.0607800 0.0545704 0.1273252 0.0866765 0.0733761 0.1220498 0.0945635 0.1002102 0.0797028 0.1113447 0.1567703 0.1021218 0.0745502 0.1210502 0.0424342 0.1136196 0.0480392 0.0989653 0.0921212 0.0886142 0.0878136 0.0737686 0.1217521 0.1101876 0.1044852 0.1059081 0.0675789 0.1159677 0.0367884 0.0995661 0.1106533 0.0424342 0.0000000 0.0930973 0.1165094 0.0856741 0.1055340 0.0480392 0.1074006 0.0443541 0.0603176 0.1094156 0.0263140 0.0737232 0.0791399 0.0945635 0.0100721 0.0932540 0.0937443 0.1154206 0.1052327 0.0367470 0.0865477 0.1119633 0.1086590 0.0420184 0.1213965 0.1014709 0.1099918 0.1220345 0.1048584 0.0880090 0.0875632 0.1117576 0.0915576 0.0957969 0.0610277 0.0731714 
S1239      0.0923684 0.0786387 0.0108616 0.1029463 0.0610204 0.0727781 0.0216348 0.1337321 0.0801818 0.0736366 0.1279765 0.1035524 0.1047520 0.0925150 0.0107010 0.0052876 0.0529254 0.1276688 0.1252893 0.0931800 0.0468018 0.0908600 0.0594705 0.0933157 0.0787480 0.1157319 0.0839013 0.0395347 0.1035270 0.1020236 0.1195927 0.1200404 0.1095227 0.0933118 0.0941502 0.1505984 0.0644023 0.1235336 0.1022878 0.0594705 0.0930973 0.0000000 0.0747223 0.0578943 0.0510190 0.0658563 0.1230403 0.0476839 0.0653552 0.1432993 0.0601067 0.1011908 0.1029993 0.0107010 0.0928064 0.0884539 0.0106320 0.1232246 0.0350020 0.0791754 0.1159563 0.1200054 0.0218439 0.0656305 0.0573471 0.0735517 0.1252184 0.1315461 0.0407044 0.1029761 0.1034591 0.0995021 0.0992359 0.1024346 0.0878534 0.0869832 
S1245      0.1508948 0.0839256 0.0574811 0.1099409 0.0590595 0.1075846 0.0689916 0.1196363 0.0865238 0.0719238 0.7527388 0.1044476 0.1612193 0.1152004 0.0568986 0.0689916 0.1018477 0.1905939 0.1549912 0.0826586 0.1042689 0.0865950 0.0584907 0.1534680 0.0971882 0.1371855 0.1083397 0.0336447 0.1195309 0.1726291 0.1897123 0.1035791 0.1122477 0.1479861 0.1196363 0.1181761 0.0724113 0.1497442 0.0987087 0.0584907 0.1165094 0.0747223 0.0000000 0.0681957 0.0456011 0.0711673 0.0877486 0.0600198 0.1119365 0.1353680 0.1016204 0.1035791 0.1315018 0.0701325 0.1003229 0.1635918 0.0568986 0.1571676 0.0468279 0.0982786 0.1346783 0.0877486 0.0568986 0.0734047 0.0449147 0.1030052 0.0897919 0.1035791 0.0339521 0.1035791 0.0879363 0.0984703 0.1327360 0.0877486 0.0852289 0.0718649 
S1246      0.0932519 0.0773325 0.0624702 0.1045365 0.0554645 0.0830753 0.0684161 0.1298218 0.0875164 0.0629024 0.1644317 0.0817881 0.1178123 0.1364817 0.0612081 0.0758203 0.0788882 0.1503892 0.1447561 0.0762153 0.0807639 0.1096567 0.0551451 0.1157529 0.0698879 0.1172378 0.1055967 0.0264776 0.1297534 0.1159790 0.1365445 0.1206816 0.0852157 0.1148962 0.1002308 0.1426212 0.0711237 0.1278537 0.0858590 0.0551451 0.0856741 0.0578943 0.0681957 0.0000000 0.0331873 0.0551451 0.1196260 0.0267609 0.0781201 0.1380541 0.0708433 0.1089101 0.1150181 0.0690825 0.0941174 0.0994412 0.0684161 0.1186116 0.0410085 0.0779457 0.1183608 0.1515936 0.0535835 0.0554745 0.0468495 0.0780457 0.1332681 0.1210306 0.0408708 0.1194362 0.0805197 0.1043916 0.1063386 0.1391819 0.0880426 0.0629799 
S1250sl    0.1024842 0.0931877 0.0604564 0.1110350 0.0764031 0.1068100 0.0769576 0.1416792 0.0941596 0.0885929 0.1809627 0.0893285 0.1318031 0.1129653 0.0653319 0.0706618 0.1088956 0.1448536 0.1354487 0.1182560 0.0970784 0.0962400 0.0745024 0.1330108 0.0933097 0.1379787 0.0878937 0.0153682 0.1261946 0.1315023 0.1339493 0.1454788 0.1346718 0.1235134 0.1029739 0.1580824 0.0797795 0.1247434 0.1275929 0.0745024 0.1055340 0.0510190 0.0456011 0.0331873 0.0000000 0.0807428 0.1173139 0.0511738 0.1143068 0.1510599 0.0744531 0.1098409 0.1174112 0.0653319 0.1052179 0.1109816 0.0648379 0.1196155 0.0558139 0.0938062 0.1242395 0.1347064 0.0648379 0.0670070 0.0256822 0.1171959 0.1131728 0.1262853 0.0434570 0.1254845 0.0979298 0.1378718 0.1096821 0.1171947 0.1025960 0.0824967 
S1278      0.0810906 0.0201152 0.0683238 0.0644604 0.0103174 0.0323170 0.0799511 0.0890348 0.0370624 0.0152471 0.1097721 0.0625469 0.0750228 0.0896819 0.0678451 0.0733738 0.0488926 0.0984500 0.1337655 0.0705421 0.0437855 0.0951193 0.0049478 0.0868750 0.0099577 0.0868430 0.0722577 0.0621406 0.0756896 0.0880141 0.0957949 0.0909860 0.0840311 0.0810678 0.0560144 0.1032129 0.0312557 0.0873959 0.0779048 0.0049478 0.0480392 0.0658563 0.0711673 0.0551451 0.0807428 0.0000000 0.0949381 0.0051561 0.0421869 0.0967040 0.0316590 0.0620448 0.0666117 0.0678451 0.0479154 0.0688108 0.0673090 0.1026972 0.0837533 0.0202214 0.0746062 0.0989745 0.0808170 0.0257433 0.0928788 0.0682796 0.0907658 0.1092344 0.0765714 0.0895634 0.0556648 0.0907307 0.0675625 0.0833681 0.0258987 0.0429796 
S1332      0.1032806 0.1078649 0.1163189 0.0235431 0.0993689 0.1135854 0.1221012 0.0482240 0.1025432 0.0879227 0.1651395 0.1273891 0.0687467 0.1068497 0.1222652 0.1279634 0.1230060 0.0801375 0.1791089 0.1376421 0.1176677 0.1244457 0.0884387 0.0843204 0.1080091 0.0599397 0.1016372 0.1057131 0.0601262 0.0738666 0.1089626 0.0677570 0.1557058 0.0788245 0.0421248 0.0487563 0.0727516 0.0711735 0.1389677 0.0884387 0.1074006 0.1230403 0.0877486 0.1196260 0.1173139 0.0949381 0.0000000 0.0711888 0.1076795 0.0544749 0.0869614 0.0255395 0.0331862 0.1222652 0.1006968 0.0735232 0.1211240 0.0690398 0.1373671 0.1086084 0.0363586 0.0424368 0.1235542 0.0731682 0.1264795 0.1011466 0.0208308 0.0541462 0.1300899 0.0602609 0.0612408 0.1165094 0.0604403 0.0365322 0.1113955 0.0618249 
S1369      0.0617824 0.0156325 0.0510328 0.0518875 0.0000026 0.0220956 0.0625728 0.0647124 0.0329831 0.0052113 0.1028379 0.0524573 0.0646640 0.0721441 0.0506544 0.0562226 0.0386678 0.0797396 0.1145856 0.0606256 0.0333997 0.0789049 0.0000022 0.0679935 0.0156525 0.0698064 0.0549632 0.0392711 0.0584968 0.0707918 0.0784111 0.0732320 0.0740255 0.0634590 0.0393739 0.0854986 0.0213487 0.0702857 0.0678606 0.0000022 0.0443541 0.0476839 0.0600198 0.0267609 0.0511738 0.0051561 0.0711888 0.0000000 0.0321602 0.0718667 0.0271011 0.0453163 0.0552706 0.0506544 0.0442357 0.0580973 0.0502709 0.0785421 0.0657589 0.0157169 0.0576591 0.0801365 0.0565849 0.0105054 0.0629451 0.0509928 0.0665688 0.0713761 0.0524878 0.0720237 0.0391965 0.0746162 0.0509010 0.0652432 0.0214910 0.0331149 
S1375      0.1016102 0.0532345 0.0678332 0.0783032 0.0438534 0.0610759 0.0793964 0.1076105 0.0730635 0.0428433 0.1313978 0.0897022 0.0948528 0.1153312 0.0673594 0.0728601 0.0599982 0.1098748 0.1500143 0.0844562 0.0603649 0.1288501 0.0366895 0.0787103 0.0533015 0.0922973 0.0854128 0.0943170 0.0938556 0.1007911 0.1026498 0.1098729 0.0989306 0.0796089 0.0734045 0.1222025 0.0590444 0.1055845 0.0924644 0.0366895 0.0603176 0.0653552 0.1119365 0.0781201 0.1143068 0.0421869 0.1076795 0.0321602 0.0000000 0.1156620 0.0438025 0.0795899 0.0795998 0.0673594 0.0601561 0.0749844 0.0668318 0.1216446 0.1050670 0.0535461 0.0925030 0.1104750 0.0802510 0.0600790 0.1138263 0.0924203 0.1096778 0.1282661 0.1107974 0.0940610 0.0813145 0.0779905 0.0850891 0.0945729 0.0604507 0.0672122 
S1376      0.1043409 0.1098946 0.1422745 0.0366836 0.1013130 0.1158368 0.1411929 0.0371301 0.0911200 0.0971138 0.1347013 0.1218968 0.0887862 0.1328063 0.1413885 0.1472674 0.1161287 0.0815709 0.1916321 0.1323741 0.1199507 0.1410641 0.0900717 0.0859119 0.1100439 0.0784180 0.1049780 0.1390490 0.0611459 0.0877574 0.0827800 0.0813897 0.1504349 0.0802089 0.0428069 0.0613060 0.0873585 0.0605443 0.1336551 0.0900717 0.1094156 0.1432993 0.1353680 0.1380541 0.1510599 0.0967040 0.0544749 0.0718667 0.1156620 0.0000000 0.0949170 0.0259368 0.0337471 0.1413885 0.1025669 0.0748184 0.1399681 0.0830006 0.1586835 0.1106670 0.0369374 0.0620947 0.1578248 0.0869217 0.1773138 0.1030366 0.0556949 0.0542255 0.1508845 0.0663919 0.0678897 0.1457511 0.0614691 0.0490024 0.0905636 0.0765418 
S1381      0.0736144 0.0316180 0.0639442 0.0644865 0.0328992 0.0573330 0.0757812 0.0874224 0.0436947 0.0320068 0.0869155 0.0677279 0.0672116 0.0950910 0.0634808 0.0691313 0.0500552 0.0763917 0.1078088 0.0841598 0.0503751 0.0949007 0.0262163 0.0715155 0.0316590 0.0853103 0.0662477 0.0638475 0.0743528 0.0614588 0.0743724 0.0956327 0.0860601 0.0728353 0.0550733 0.1013013 0.0207806 0.0858465 0.0921217 0.0262163 0.0263140 0.0601067 0.1016204 0.0708433 0.0744531 0.0316590 0.0869614 0.0271011 0.0438025 0.0949170 0.0000000 0.0609909 0.0649070 0.0634808 0.0262485 0.0610520 0.0629746 0.0871017 0.0794541 0.0317972 0.0733083 0.0971068 0.0766158 0.0153451 0.0825439 0.0749746 0.0883526 0.1007656 0.0852291 0.0879333 0.0620621 0.0866062 0.0599764 0.0818583 0.0495102 0.0556189 
