113
S0055      0.0000000 0.0965548 0.0318223 0.0427289 0.0547883 0.1081429 0.0709165 0.0236565 0.0812555 0.1175598 0.0664324 0.0914034 0.1370225 0.0727064 0.1100642 0.0915646 0.1020944 0.0632366 0.0614392 0.0674167 0.0946570 0.0429751 0.0360295 0.0668036 0.0556815 0.0618753 0.0448611 0.0663508 0.1241762 0.0421066 0.0357620 0.1373154 0.1324794 0.1316469 0.0302468 0.0362521 0.0521916 0.0676106 0.1176144 0.0418042 0.0708105 0.0234734 0.0361499 0.0296012 0.0421234 0.1016560 0.0864461 0.1262103 0.1403402 0.0424889 0.0690459 0.0622897 0.0624437 0.0688866 0.1827958 0.0982067 0.0400493 0.0565913 0.0707741 0.1547030 0.0425314 0.0625204 0.0764429 0.0299093 0.0938456 0.1436754 0.0298519 0.0549522 0.0483315 0.1316168 0.1479677 0.0520619 0.1489525 0.1792886 0.0653189 0.0691147 0.0706972 0.0425659 0.1336695 0.1082696 0.0784113 0.0120227 0.0239111 0.0173644 0.0580287 0.0359417 0.1513860 0.0925995 0.0842844 0.1228920 0.0255070 0.0421234 0.0688866 0.1492294 0.0235826 0.0846842 0.0925689 0.0616749 0.1077263 0.0298139 0.1563824 0.0496143 0.0624150 0.0771802 0.0912439 0.0890236 0.0563489 0.0548930 0.0761197 0.0425388 0.0993182 0.0297211 0.0359218 
S0278      0.0965548 0.0000000 0.0623629 0.0884953 0.0678427 0.0380640 0.1080606 0.0966132 0.1045653 0.0322140 0.0855541 0.1413504 0.0603387 0.0839242 0.0270668 0.1480737 0.1270276 0.0824281 0.0973952 0.1261556 0.0255313 0.0591349 0.0811669 0.0785752 0.1686723 0.1279362 0.1022118 0.0932601 0.0315588 0.1032530 0.0954188 0.0190136 0.0456224 0.0875074 0.0823658 0.0807182 0.0697906 0.0871726 0.1536907 0.1184131 0.0981781 0.0804143 0.0585172 0.0802641 0.0578736 0.1716394 0.1241816 0.0896685 0.0450957 0.0747445 0.1400491 0.1775779 0.1783098 0.0947527 0.2161416 0.1390789 0.0569838 0.1232547 0.1323479 0.1645675 0.0584778 0.1127362 0.1125763 0.0813608 0.1459751 0.1717197 0.0888129 0.1188555 0.0503769 0.0954052 0.1026472 0.0853993 0.0520584 0.0638440 0.1013137 0.0788787 0.0816430 0.1046301 0.1515736 0.1398756 0.1169658 0.0765619 0.0816207 0.1030560 0.1097216 0.0960634 0.0788607 0.1334153 0.1232378 0.0396651 0.0873259 0.0578736 0.0947527 0.0800016 0.0808545 0.1060890 0.1304194 0.1108887 0.0315278 0.0965548 0.0587802 0.0889633 0.1043200 0.1307593 0.1474167 0.0653990 0.1353354 0.0659629 0.1559684 0.0580284 0.1574441 0.0971276 0.0669096 
S0281      0.0318223 0.0623629 0.0000000 0.0456537 0.0329866 0.0901191 0.0753065 0.0318531 0.0706998 0.0824703 0.0404054 0.0706100 0.1002253 0.0439500 0.0961956 0.0982419 0.0835739 0.0356430 0.0653381 0.0576778 0.0680334 0.0185386 0.0315795 0.0378033 0.0905076 0.0661545 0.0333736 0.0403493 0.1061539 0.0449434 0.0381515 0.1016178 0.0818444 0.0882534 0.0323045 0.0316873 0.0062703 0.0411368 0.0988766 0.0584642 0.0456332 0.0250204 0.0184492 0.0315682 0.0182602 0.1004216 0.0678452 0.0824475 0.0970348 0.0453783 0.0829024 0.0981704 0.0984759 0.0245416 0.1547271 0.0807142 0.0272690 0.0605824 0.0758723 0.1372035 0.0184374 0.0668964 0.0818797 0.0319193 0.0922915 0.1262416 0.0318531 0.0445386 0.0206211 0.0882492 0.1035346 0.0332263 0.1050729 0.1116692 0.0466536 0.0344014 0.0347283 0.0454689 0.1148793 0.1083557 0.0765633 0.0193422 0.0255182 0.0380740 0.0543734 0.0383580 0.0722947 0.0916581 0.0903861 0.1024138 0.0271405 0.0182602 0.0245416 0.1043290 0.0251441 0.0908456 0.0916262 0.0659231 0.0743904 0.0315682 0.1046689 0.0460956 0.0667659 0.0752854 0.0823896 0.0485699 0.0685750 0.0444339 0.0893378 0.0184404 0.0988166 0.0315578 0.0383331 
S0282      0.0427289 0.0884953 0.0456537 0.0000000 0.0633264 0.1157370 0.0785106 0.0299854 0.0678671 0.1091714 0.0741902 0.1083237 0.1279598 0.0813197 0.1101279 0.0928640 0.0962419 0.0713987 0.0697663 0.0553227 0.0943735 0.0495770 0.0426275 0.0586681 0.0788454 0.0426355 0.0520404 0.0740998 0.1320140 0.0359305 0.0296708 0.1202755 0.1089124 0.1242567 0.0368179 0.0300737 0.0592916 0.0681613 0.1450584 0.0488162 0.0783956 0.0175300 0.0493323 0.0235778 0.0488195 0.1111945 0.0945098 0.1187580 0.1164497 0.0492442 0.0858463 0.0860114 0.0862552 0.0762259 0.2057432 0.0995950 0.0331295 0.0573782 0.0652004 0.1835326 0.0425400 0.0633814 0.0775071 0.0364015 0.0961636 0.1714103 0.0237772 0.0300497 0.0337276 0.1242321 0.1403984 0.0594577 0.1176469 0.1687939 0.0653032 0.0768020 0.0706752 0.0363184 0.1284616 0.1029247 0.0862101 0.0121101 0.0178554 0.0486917 0.0588545 0.0425259 0.1417086 0.1006994 0.0921094 0.1315743 0.0256298 0.0488195 0.0762259 0.1415751 0.0176108 0.0772182 0.0870149 0.0552464 0.0996986 0.0299578 0.1248990 0.0301069 0.0696354 0.0716978 0.0925330 0.0726396 0.0798617 0.0618453 0.1061836 0.0493102 0.0939734 0.0429584 0.0424955 
S0288      0.0547883 0.0678427 0.0329866 0.0633264 0.0000000 0.1034106 0.0632239 0.0634031 0.0737874 0.1058319 0.0146928 0.0393060 0.1170005 0.0158933 0.1020668 0.1086251 0.1271136 0.0155637 0.0899418 0.0884603 0.0935941 0.0392823 0.0470697 0.0149994 0.1102174 0.0708713 0.0373362 0.0146685 0.0925551 0.0621247 0.0540872 0.0974056 0.1241880 0.0931910 0.0386774 0.0552188 0.0415716 0.0150740 0.1226953 0.0704596 0.0144325 0.0459758 0.0387974 0.0542482 0.0385286 0.1102004 0.0453880 0.0859931 0.1341203 0.0464831 0.1094721 0.1102174 0.1201640 0.0546782 0.1674334 0.1000461 0.0151403 0.0725641 0.0912720 0.1465598 0.0390067 0.0807930 0.0982511 0.0464274 0.1138983 0.1332151 0.0548430 0.0706853 0.0338296 0.0931832 0.1124437 0.0148642 0.1450153 0.1210292 0.0219899 0.0076392 0.0077026 0.0542482 0.0702740 0.1293715 0.0639333 0.0400198 0.0462959 0.0539138 0.0660173 0.0459758 0.1324652 0.0802592 0.0712192 0.1090570 0.0585309 0.0385286 0.0546782 0.1135461 0.0462588 0.0625290 0.1089021 0.0890474 0.0927605 0.0633434 0.1544846 0.0726940 0.0627618 0.0994539 0.1179403 0.1006826 0.0838888 0.0548563 0.1193378 0.0552033 0.1174075 0.0637809 0.0383010 
S0289      0.1081429 0.0380640 0.0901191 0.1157370 0.1034106 0.0000000 0.1530450 0.1242476 0.1429394 0.0498516 0.1228472 0.1725915 0.0435493 0.1256553 0.0124791 0.1775761 0.1678094 0.1229044 0.1298941 0.1539769 0.0245296 0.0855094 0.1099197 0.1196756 0.1797600 0.1562937 0.1314179 0.1227147 0.0430491 0.1307684 0.1226975 0.0511990 0.0497273 0.0762749 0.1098983 0.1155313 0.1062202 0.1251681 0.1979516 0.1296053 0.1352355 0.1072820 0.0773583 0.1151107 0.0836615 0.2027608 0.1503727 0.0785616 0.0422949 0.1169046 0.1603986 0.1884998 0.1892726 0.1217951 0.2609624 0.1709526 0.0933289 0.1522704 0.1617199 0.2064027 0.0845467 0.1409512 0.1407044 0.1085682 0.1669714 0.2134743 0.1161829 0.1466954 0.0637085 0.0841329 0.0903869 0.1152723 0.0487912 0.0998240 0.1463863 0.1096882 0.1120715 0.1325529 0.1780528 0.1603255 0.1626147 0.1044673 0.1008132 0.1144524 0.1281774 0.1235771 0.0885204 0.1798538 0.1686103 0.0247510 0.0941401 0.0836615 0.1217951 0.0765297 0.1078766 0.1502014 0.1797284 0.1385608 0.0490926 0.1241933 0.0550792 0.1246257 0.1378570 0.1597226 0.1557135 0.0809544 0.1654489 0.0996856 0.1680720 0.0920115 0.1871859 0.1249213 0.1083528 
S0292      0.0709165 0.1080606 0.0753065 0.0785106 0.0632239 0.1530450 0.0000000 0.0709676 0.1003411 0.1300568 0.0836020 0.1372195 0.1476027 0.1081096 0.1322301 0.0690037 0.0611966 0.0896541 0.0996109 0.0904291 0.1217529 0.0790311 0.0707205 0.0752132 0.0995952 0.0837211 0.0589133 0.0911304 0.1547197 0.0636767 0.0701536 0.1513506 0.1457141 0.1796243 0.0436330 0.0712118 0.0837000 0.0932263 0.1351609 0.0838589 0.1029255 0.0564747 0.0781941 0.0633406 0.0773241 0.1003322 0.1218519 0.1743240 0.1540182 0.0571245 0.0624581 0.1069600 0.1072852 0.1075253 0.2171332 0.1241795 0.0707299 0.0492496 0.0560969 0.1671160 0.0781419 0.0492985 0.0550621 0.0497843 0.0942561 0.1740362 0.0639053 0.0915246 0.0263189 0.1795447 0.1980326 0.0755594 0.1631829 0.1736769 0.0984702 0.0865686 0.0974645 0.0628326 0.1562133 0.0757569 0.0000023 0.0520104 0.0576033 0.0699718 0.0437348 0.0560827 0.1531196 0.0236962 0.0173487 0.1632010 0.0618505 0.0773241 0.1075253 0.1804706 0.0567605 0.0174225 0.0550719 0.0850022 0.1194401 0.0709165 0.1624407 0.0792783 0.0706867 0.0555767 0.0687847 0.0980451 0.0705708 0.0775185 0.1327841 0.0781576 0.0612985 0.0631817 0.0570169 
S0293      0.0236565 0.0966132 0.0318531 0.0299854 0.0634031 0.1242476 0.0709676 0.0000000 0.0736715 0.1176153 0.0664836 0.0995781 0.1370751 0.0727647 0.1275999 0.0916199 0.1021558 0.0632896 0.0614850 0.0674641 0.1024938 0.0430120 0.0360614 0.0668610 0.0706027 0.0486168 0.0449008 0.0664019 0.1409562 0.0295591 0.0234343 0.1373677 0.1325315 0.1486444 0.0302749 0.0237468 0.0522360 0.0676631 0.1176738 0.0547862 0.0708615 0.0115389 0.0425946 0.0174586 0.0421591 0.1017134 0.0865018 0.1432904 0.1403895 0.0425251 0.0846997 0.0775503 0.0777601 0.0689356 0.1828217 0.0982620 0.0400875 0.0566363 0.0708250 0.1547473 0.0361593 0.0625673 0.0764945 0.0299369 0.1016662 0.1437244 0.0056780 0.0420010 0.0483763 0.1485989 0.1655629 0.0521061 0.1489982 0.1793179 0.0653689 0.0691689 0.0707532 0.0298716 0.1337219 0.1083262 0.0784648 0.0000022 0.0117506 0.0294923 0.0580753 0.0359735 0.1514334 0.0926556 0.0843385 0.1318740 0.0189598 0.0421591 0.0689356 0.1670459 0.0115917 0.0847388 0.0926250 0.0484676 0.1077826 0.0175810 0.1564241 0.0365492 0.0556466 0.0772326 0.0912989 0.0890070 0.0714871 0.0549359 0.0906007 0.0425753 0.0993741 0.0297483 0.0359535 
S0294      0.0812555 0.1045653 0.0706998 0.0678671 0.0737874 0.1429394 0.1003411 0.0736715 0.0000000 0.1465357 0.0938900 0.1222363 0.1675362 0.0853976 0.1371717 0.1295447 0.1359663 0.0921279 0.0969836 0.1032169 0.1266807 0.0820918 0.0742231 0.0760189 0.1056283 0.0964295 0.0782172 0.0947211 0.1528030 0.0660834 0.0727961 0.1296239 0.1448581 0.1542897 0.0749385 0.0739352 0.0791337 0.0868612 0.1634642 0.0957044 0.0996813 0.0585879 0.0811898 0.0657221 0.0802526 0.1512131 0.1247879 0.1377640 0.1535163 0.0813604 0.1218240 0.1134529 0.1055685 0.0885266 0.2251073 0.0898779 0.0482191 0.0897913 0.0900941 0.1930784 0.0733902 0.0960600 0.1119340 0.0740147 0.0991593 0.1801144 0.0663286 0.0881853 0.0679848 0.1434991 0.1630429 0.0786543 0.1630737 0.1994770 0.1008649 0.0906467 0.0930114 0.0811991 0.1329762 0.1492348 0.1172101 0.0464954 0.0598022 0.0876999 0.0845382 0.0808444 0.1645682 0.1253243 0.1313139 0.1719772 0.0713491 0.0802526 0.0885266 0.1745472 0.0588961 0.1246188 0.1396454 0.0806537 0.1164241 0.0736179 0.1711762 0.0752229 0.0959480 0.1130936 0.1290061 0.1115247 0.0824090 0.0953466 0.1555024 0.0811498 0.1384490 0.0817309 0.0734630 
S0299      0.1175598 0.0322140 0.0824703 0.1091714 0.1058319 0.0498516 0.1300568 0.1176153 0.1465357 0.0000000 0.1166443 0.1629765 0.0499181 0.1384324 0.0258460 0.1707265 0.1624769 0.1163099 0.1065112 0.1445820 0.0308711 0.0790597 0.1013367 0.1127830 0.1921766 0.1496172 0.1244365 0.1246866 0.0438310 0.1241904 0.1161466 0.0452363 0.0502862 0.1060906 0.1032405 0.1089706 0.0820739 0.1188745 0.2035202 0.1396072 0.1185179 0.1007773 0.0782226 0.1085691 0.0773522 0.1956980 0.1363558 0.1093793 0.0427490 0.0953967 0.1535501 0.2012246 0.2020919 0.1222877 0.2838548 0.1563318 0.0863289 0.1454187 0.1548267 0.2118226 0.0781699 0.1342429 0.1340171 0.1019844 0.1565163 0.2324840 0.1095866 0.1401037 0.0561224 0.1148337 0.1212829 0.1171269 0.0493263 0.0672626 0.1231246 0.1207261 0.1139438 0.1258826 0.1636945 0.1534852 0.1392865 0.0977022 0.0942725 0.1239754 0.1208325 0.1169709 0.0904807 0.1561143 0.1454178 0.0443974 0.1031530 0.0773522 0.1222877 0.1064823 0.1013362 0.1276638 0.1728116 0.1319752 0.0504622 0.1175598 0.0556937 0.1179884 0.1162271 0.1529184 0.1490573 0.0809622 0.1675658 0.0790152 0.1701716 0.0855943 0.1803305 0.1160079 0.0872248 
S0303      0.0664324 0.0855541 0.0404054 0.0741902 0.0146928 0.1228472 0.0836020 0.0664836 0.0938900 0.1166443 0.0000000 0.0325435 0.1354757 0.0000022 0.1242489 0.1308964 0.1144112 0.0000023 0.0962268 0.0802382 0.1067600 0.0592687 0.0595834 0.0135758 0.1324725 0.0880283 0.0187892 0.0000029 0.1228302 0.0651350 0.0657013 0.1186477 0.1318316 0.1215152 0.0601394 0.0667178 0.0544843 0.0000023 0.1537602 0.0872668 0.0000023 0.0516947 0.0586480 0.0587164 0.0580019 0.1529362 0.0369762 0.1157978 0.1400744 0.0665306 0.1230712 0.1331751 0.1413454 0.0720588 0.2050276 0.1045974 0.0127665 0.0906177 0.1071947 0.1741514 0.0586084 0.0969516 0.1130289 0.0594068 0.1358015 0.1618516 0.0592566 0.0719454 0.0512467 0.1214912 0.1381572 0.0000030 0.1491099 0.1603071 0.0120202 0.0000025 0.0000023 0.0665371 0.0778601 0.1417936 0.0918858 0.0469175 0.0527586 0.0728261 0.0853215 0.0660974 0.1385075 0.1070113 0.0981347 0.1290212 0.0643584 0.0580019 0.0720588 0.1393500 0.0519631 0.0986381 0.1239156 0.0884424 0.0979199 0.0664324 0.1569060 0.0823358 0.0891331 0.1142142 0.1303435 0.0923024 0.1010202 0.0802222 0.1294314 0.0586204 0.1313225 0.0668168 0.0589890 
S0308      0.0914034 0.1413504 0.0706100 0.1083237 0.0393060 0.1725915 0.1372195 0.0995781 0.1222363 0.1629765 0.0325435 0.0000000 0.1753432 0.0429668 0.1756753 0.1721636 0.1568297 0.0348963 0.1380221 0.0897567 0.1445586 0.0915425 0.0902936 0.0519061 0.1559497 0.1232507 0.0467307 0.0324980 0.1927331 0.0973632 0.0983084 0.1902760 0.1686986 0.1327651 0.0929980 0.0910407 0.0707533 0.0331139 0.1778666 0.1144021 0.0381832 0.0828140 0.0905032 0.0906342 0.0894238 0.1980988 0.0661187 0.1269953 0.1775272 0.1075088 0.1539662 0.1568083 0.1656198 0.0975440 0.2582964 0.1485715 0.0402990 0.1272293 0.1459912 0.2001649 0.0904382 0.1337517 0.1517189 0.0918028 0.1651047 0.2083161 0.0915125 0.1047126 0.0856873 0.1327324 0.1501453 0.0330549 0.1873770 0.1949295 0.0523598 0.0339933 0.0343893 0.0997054 0.1195743 0.1850483 0.1470507 0.0789387 0.0846370 0.1062013 0.1208361 0.0989975 0.1739473 0.1649261 0.1534555 0.1833231 0.0988586 0.0894238 0.0975440 0.1515127 0.0832813 0.1543134 0.1648156 0.1238599 0.1527679 0.0995180 0.1864527 0.1176512 0.1232224 0.1533927 0.1713239 0.1034062 0.1396076 0.1223773 0.1706282 0.0904574 0.1636761 0.0981875 0.0987550 
S0320      0.1370225 0.0603387 0.1002253 0.1279598 0.1170005 0.0435493 0.1476027 0.1370751 0.1675362 0.0499181 0.1354757 0.1753432 0.0000000 0.1399355 0.0395352 0.1724559 0.1827136 0.1363637 0.1329665 0.1649609 0.0510812 0.0959627 0.1196043 0.1335402 0.1942231 0.1510468 0.1355995 0.1353315 0.0715992 0.1438531 0.1352749 0.0654442 0.0640412 0.1069981 0.1041581 0.1277356 0.1076370 0.1381340 0.2030530 0.1601670 0.1381711 0.1189387 0.0948962 0.1272560 0.0937890 0.1978248 0.1650419 0.1018600 0.0497254 0.1203699 0.1550654 0.2033912 0.2042819 0.1342100 0.2679657 0.1779936 0.1039170 0.1468361 0.1563671 0.2115293 0.0948297 0.1355024 0.1352701 0.1028794 0.1580899 0.2187703 0.1284924 0.1607334 0.0728952 0.1089866 0.1155134 0.1275566 0.0627985 0.0672677 0.1514772 0.1125595 0.1246824 0.1459353 0.1947406 0.1549973 0.1572565 0.1164600 0.1121983 0.1436172 0.1129243 0.1180238 0.1075779 0.1747057 0.1633866 0.0447439 0.1129934 0.0937890 0.1342100 0.1073974 0.1196328 0.1448205 0.1745855 0.1521095 0.0786924 0.1370225 0.0693130 0.1374834 0.1325039 0.1544156 0.1504760 0.0906977 0.1693072 0.1108737 0.1934987 0.1027275 0.1821860 0.1351067 0.1201743 
S0322      0.0727064 0.0839242 0.0439500 0.0813197 0.0158933 0.1256553 0.1081096 0.0727647 0.0853976 0.1384324 0.0000022 0.0429668 0.1399355 0.0000000 0.1272246 0.1447017 0.1366974 0.0000025 0.1140967 0.0958937 0.1009872 0.0648023 0.0651777 0.0072182 0.1466382 0.0965424 0.0271337 0.0000023 0.1348473 0.0711419 0.0639609 0.1306044 0.1340322 0.1346566 0.0650792 0.0730479 0.0596217 0.0000023 0.1492289 0.0956167 0.0129546 0.0564138 0.0640576 0.0641424 0.0632850 0.1602331 0.0551420 0.1276186 0.1444761 0.0807211 0.1359856 0.1474906 0.1466382 0.0717083 0.2194504 0.1253046 0.0068812 0.0996889 0.1182500 0.1844957 0.0640110 0.1065969 0.1245358 0.0649718 0.1298910 0.1705471 0.0647866 0.0791439 0.0561539 0.1337393 0.1436694 0.0000023 0.1543832 0.1788474 0.0197818 0.0000024 0.0000022 0.0641424 0.1023055 0.1448721 0.1176692 0.0513709 0.0573530 0.0796829 0.0854866 0.0723079 0.1447042 0.1263873 0.1243918 0.1436944 0.0704834 0.0632850 0.0717083 0.1443584 0.0567361 0.1250987 0.1352803 0.0970388 0.0981173 0.0727064 0.1628822 0.0904059 0.1062058 0.1259702 0.1349559 0.0910638 0.1013295 0.0958921 0.1332939 0.0640252 0.1433549 0.0731666 0.0721809 
S0327      0.1100642 0.0270668 0.0961956 0.1101279 0.1020668 0.0124791 0.1322301 0.1275999 0.1371717 0.0258460 0.1242489 0.1756753 0.0395352 0.1272246 0.0000000 0.1748316 0.1531570 0.1238616 0.1156538 0.1488170 0.0193898 0.0850176 0.1102082 0.1195725 0.1771384 0.1537449 0.1262166 0.1314571 0.0259866 0.1346623 0.1258708 0.0407180 0.0127568 0.0526678 0.1120053 0.1180892 0.0978767 0.1262427 0.1838062 0.1250792 0.1381286 0.1091140 0.0766995 0.1176246 0.0835138 0.1919774 0.1394965 0.0543189 0.0125015 0.1034320 0.1564661 0.1865055 0.1873236 0.1167009 0.2403881 0.1630665 0.0914766 0.1477799 0.1578505 0.1845819 0.0844691 0.1358105 0.1355646 0.1105350 0.1512093 0.1916930 0.1188125 0.1349397 0.0685417 0.0603804 0.0669239 0.1247964 0.0189376 0.0743493 0.1343924 0.1181407 0.1187131 0.1366654 0.1673396 0.1563926 0.1421764 0.1050384 0.1021052 0.1168939 0.1217276 0.1268570 0.0722607 0.1400008 0.1487358 0.0262777 0.1033354 0.0835138 0.1167009 0.0528414 0.1097697 0.1296200 0.1767183 0.1341847 0.0324516 0.1187527 0.0188855 0.1280144 0.1259634 0.1557699 0.1430011 0.0499488 0.1706128 0.0854565 0.1567468 0.0925483 0.1659849 0.1262444 0.0944672 
S0335      0.0915646 0.1480737 0.0982419 0.0928640 0.1086251 0.1775761 0.0690037 0.0916199 0.1295447 0.1707265 0.1308964 0.1721636 0.1724559 0.1447017 0.1748316 0.0000000 0.0537085 0.1314637 0.1212442 0.1052269 0.1538104 0.1002555 0.0912914 0.1091592 0.0907563 0.0839296 0.0880517 0.1307595 0.1967043 0.0839603 0.0767619 0.1741592 0.1793720 0.2175855 0.0632050 0.0919503 0.1058436 0.1238838 0.1738875 0.0840682 0.1336431 0.0763606 0.0991674 0.0835121 0.0980376 0.0841387 0.1414775 0.2033103 0.1880747 0.0910858 0.0549457 0.0978991 0.0981827 0.1295429 0.2461161 0.1485446 0.0934652 0.0290945 0.0353316 0.1935185 0.0990998 0.0421732 0.0355144 0.0694148 0.0854311 0.2004826 0.0842606 0.1060076 0.0402296 0.2174553 0.2372408 0.1138734 0.1978298 0.2191369 0.1286964 0.1272509 0.1401828 0.0991737 0.1565500 0.0621287 0.0762591 0.0580598 0.0779093 0.0977587 0.0366405 0.0758241 0.2120584 0.0900068 0.0749640 0.2004112 0.0839493 0.0980376 0.1295429 0.2187040 0.0767567 0.0823579 0.0551562 0.1206926 0.1587008 0.0915646 0.2057283 0.1079904 0.1053686 0.0355740 0.0358903 0.1382080 0.0626742 0.1125481 0.1642053 0.0991194 0.0548232 0.0832855 0.0909315 
S0345      0.1020944 0.1270276 0.0835739 0.0962419 0.1271136 0.1678094 0.0611966 0.1021558 0.1359663 0.1624769 0.1144112 0.1568297 0.1827136 0.1366974 0.1531570 0.0537085 0.0000000 0.1059581 0.1270724 0.0938373 0.1408246 0.1120490 0.1017455 0.1264710 0.1105675 0.0853094 0.1046577 0.1154788 0.1669005 0.0849052 0.0854052 0.1537401 0.1604491 0.1781073 0.0702439 0.1025724 0.0913924 0.1077074 0.1975436 0.0935719 0.1209846 0.0849052 0.1106872 0.0929408 0.1092778 0.1114446 0.1394795 0.1629835 0.1696566 0.0935480 0.0540226 0.1105675 0.1192136 0.1095890 0.2284748 0.1748776 0.1004251 0.0542922 0.0475801 0.2008301 0.1106033 0.0466274 0.0606493 0.0771245 0.0953063 0.2082659 0.0938635 0.0932795 0.0143552 0.1780236 0.1979060 0.0897039 0.1616957 0.1787928 0.1055499 0.1112574 0.1243274 0.1011445 0.1465370 0.0403803 0.0617873 0.0646868 0.0868210 0.1005349 0.0482874 0.0842440 0.1877703 0.0839965 0.0680677 0.1796346 0.1026968 0.1092778 0.1095890 0.1790087 0.0853968 0.0684065 0.0331312 0.1264329 0.1389716 0.1020944 0.1701479 0.1207771 0.1000432 0.0195500 0.0608549 0.1180786 0.0781010 0.1173377 0.1845556 0.1106270 0.0329264 0.0774785 0.0933759 
S0355      0.0632366 0.0824281 0.0356430 0.0713987 0.0155637 0.1229044 0.0896541 0.0632896 0.0921279 0.1163099 0.0000023 0.0348963 0.1363637 0.0000025 0.1238616 0.1314637 0.1059581 0.0000000 0.0946972 0.0778283 0.1058233 0.0556931 0.0560064 0.0146903 0.1331478 0.0860863 0.0202016 0.0000023 0.1228875 0.0619362 0.0625027 0.1184357 0.1324599 0.1310826 0.0491050 0.0635234 0.0499881 0.0000023 0.1340875 0.0852538 0.0000025 0.0477656 0.0550780 0.0551446 0.0544384 0.1457307 0.0397041 0.1250285 0.1412323 0.0633378 0.1231439 0.1338989 0.1426025 0.0692343 0.1975418 0.1121425 0.0137461 0.0887203 0.1062791 0.1654936 0.0550387 0.0954490 0.1124831 0.0558281 0.1367134 0.1528674 0.0556818 0.0691230 0.0467375 0.1310499 0.1492279 0.0000021 0.1508635 0.1514864 0.0128855 0.0000024 0.0000023 0.0557206 0.0839091 0.1430836 0.0986342 0.0425556 0.0483270 0.0700106 0.0830565 0.0628987 0.1405724 0.1058651 0.1052851 0.1399110 0.0597765 0.0544384 0.0692343 0.1506477 0.0477657 0.1058645 0.1240421 0.0864686 0.0964604 0.0632366 0.1591599 0.0799801 0.0793255 0.1137364 0.1308731 0.0874926 0.0997041 0.0778094 0.1213698 0.0550506 0.1319179 0.0636236 0.0554174 
S0376      0.0614392 0.0973952 0.0653381 0.0697663 0.0899418 0.1298941 0.0996109 0.0614850 0.0969836 0.1065112 0.0962268 0.1380221 0.1329665 0.1140967 0.1156538 0.1212442 0.1270724 0.0946972 0.0000000 0.0798422 0.0917289 0.0830635 0.0608871 0.0923683 0.1294275 0.1029210 0.0868308 0.1036937 0.1337487 0.0812589 0.0743340 0.1274067 0.1207674 0.1624736 0.0692482 0.0754226 0.0795375 0.0979704 0.1522136 0.0947730 0.1072149 0.0610009 0.0822107 0.0677020 0.0813229 0.1398656 0.1246815 0.1492064 0.1135931 0.0686760 0.1209889 0.1371239 0.1375836 0.1106737 0.2038457 0.0973575 0.0608348 0.0982049 0.0994175 0.1914572 0.0821570 0.1040966 0.0900274 0.0616451 0.1232116 0.1791632 0.0682861 0.0816064 0.0547175 0.1468064 0.1634842 0.0881464 0.1215042 0.1691186 0.0946274 0.1082275 0.1026306 0.0822194 0.1594923 0.1394072 0.1076880 0.0500567 0.0621832 0.0673654 0.0779218 0.0747665 0.1487095 0.1226557 0.1135157 0.1356006 0.0667971 0.0813229 0.1106737 0.1810969 0.0613009 0.1073044 0.1226024 0.0880514 0.0991170 0.0682077 0.1285620 0.0838224 0.0898845 0.1059461 0.1110583 0.0876145 0.1081946 0.0815167 0.1344492 0.0821730 0.1295138 0.0417616 0.0615678 
S0412sl    0.0674167 0.1261556 0.0576778 0.0553227 0.0884603 0.1539769 0.0904291 0.0674641 0.1032169 0.1445820 0.0802382 0.0897567 0.1649609 0.0958937 0.1488170 0.1052269 0.0938373 0.0778283 0.0798422 0.0000000 0.1214790 0.0750236 0.0536982 0.0822547 0.0920748 0.0678185 0.0715316 0.0801437 0.1714354 0.0605900 0.0540498 0.1602882 0.1441621 0.1447481 0.0616313 0.0676823 0.0782875 0.0743401 0.1427539 0.0479946 0.0842197 0.0537916 0.0742731 0.0602864 0.0734915 0.1238854 0.1217380 0.1316798 0.1519182 0.0741048 0.0982439 0.0993158 0.0996080 0.1018543 0.2008058 0.1165465 0.0528718 0.0696405 0.0704562 0.1793196 0.0742256 0.0755159 0.0897140 0.0609402 0.1069081 0.1766449 0.0607970 0.0608450 0.0470296 0.1447081 0.1610987 0.0655401 0.1450941 0.2000709 0.0924928 0.0835056 0.0854131 0.0675147 0.1641746 0.0998996 0.0912538 0.0366115 0.0548121 0.0732979 0.0639670 0.0671041 0.1757675 0.1199629 0.1110909 0.1624129 0.0519096 0.0734915 0.1018543 0.1624874 0.0540501 0.1116189 0.0846363 0.0940463 0.1367110 0.0674167 0.1371245 0.0687113 0.0951620 0.0768227 0.1048461 0.0871401 0.0857791 0.0867895 0.1183591 0.0742399 0.0913957 0.0476313 0.0670135 
S0417      0.0946570 0.0255313 0.0680334 0.0943735 0.0935941 0.0245296 0.1217529 0.1024938 0.1266807 0.0308711 0.1067600 0.1445586 0.0510812 0.1009872 0.0193898 0.1538104 0.1408246 0.1058233 0.0917289 0.1214790 0.0000000 0.0651008 0.0794189 0.1019848 0.1649877 0.1336557 0.1083673 0.1076888 0.0378884 0.1090447 0.1012371 0.0317259 0.0368220 0.0925590 0.0883645 0.0941897 0.0818504 0.1087574 0.1796900 0.1160656 0.1122922 0.0862879 0.0640919 0.0938408 0.0637205 0.1873262 0.1378866 0.0869601 0.0432139 0.0878747 0.1370895 0.1736779 0.1743727 0.1005289 0.2312231 0.1183117 0.0697328 0.1291518 0.1382226 0.1792409 0.0643816 0.1185775 0.1184025 0.0872986 0.1386949 0.1862853 0.0947142 0.1245631 0.0416616 0.0925532 0.1074828 0.1003094 0.0498621 0.0856116 0.1057554 0.0945390 0.0965839 0.1104924 0.1655572 0.1578060 0.1307800 0.0826986 0.0881135 0.1010386 0.0980178 0.1019225 0.0911704 0.1473090 0.1369086 0.0317537 0.0867487 0.0637205 0.1005289 0.0928908 0.0867569 0.1195388 0.1556702 0.1166387 0.0304937 0.1024363 0.0562914 0.1028401 0.1268557 0.1365711 0.1331586 0.0792988 0.1504345 0.0718832 0.1448097 0.0715828 0.1631304 0.0935671 0.0798862 
S0419      0.0429751 0.0591349 0.0185386 0.0495770 0.0392823 0.0855094 0.0790311 0.0430120 0.0820918 0.0790597 0.0592687 0.0915425 0.0959627 0.0648023 0.0850176 0.1002555 0.1120490 0.0556931 0.0830635 0.0750236 0.0651008 0.0000000 0.0302790 0.0587966 0.1013597 0.0694647 0.0452311 0.0591935 0.1006518 0.0490808 0.0425472 0.0962073 0.0856089 0.1078341 0.0370286 0.0363505 0.0313469 0.0603119 0.1356600 0.0620509 0.0638206 0.0299134 0.0000023 0.0362203 0.0000023 0.1110393 0.0651425 0.1022787 0.1003589 0.0367389 0.0931499 0.1088766 0.1092158 0.0484535 0.2031385 0.0991905 0.0330870 0.0642029 0.0788721 0.1736896 0.0000029 0.0702115 0.0845744 0.0366070 0.1108458 0.1619358 0.0365321 0.0492921 0.0411355 0.1078204 0.1233557 0.0524966 0.1081689 0.1330371 0.0582739 0.0533489 0.0548330 0.0496322 0.1102494 0.1176397 0.0867982 0.0247515 0.0304816 0.0489747 0.0658614 0.0363260 0.1079118 0.1014153 0.0927406 0.0985364 0.0327212 0.0000023 0.0484535 0.1243351 0.0300554 0.0931902 0.1013784 0.0692305 0.0844193 0.0429751 0.1152526 0.0569656 0.0700730 0.0854049 0.0998892 0.0634005 0.0871736 0.0360202 0.1069351 0.0235310 0.1082762 0.0494195 0.0301907 
S0427      0.0360295 0.0811669 0.0315795 0.0426275 0.0470697 0.1099197 0.0707205 0.0360614 0.0742231 0.1013367 0.0595834 0.0902936 0.1196043 0.0651777 0.1102082 0.0912914 0.1017455 0.0560064 0.0608871 0.0536982 0.0794189 0.0302790 0.0000000 0.0591448 0.0922689 0.0617159 0.0447486 0.0595079 0.1262505 0.0420085 0.0356815 0.1222827 0.1158176 0.1382197 0.0301801 0.0361691 0.0447317 0.0606376 0.1197066 0.0546083 0.0641481 0.0234239 0.0299922 0.0295366 0.0296916 0.1092232 0.0720936 0.1328821 0.1233911 0.0423889 0.0843989 0.0995365 0.0998309 0.0687029 0.1861002 0.0826393 0.0327879 0.0564465 0.0705791 0.1574294 0.0299735 0.0623574 0.0762306 0.0298433 0.0927543 0.1461535 0.0297862 0.0421861 0.0333730 0.1381848 0.1545593 0.0454008 0.1316163 0.1593968 0.0651392 0.0619723 0.0633892 0.0424650 0.1178444 0.1011229 0.0781866 0.0181585 0.0238597 0.0419170 0.0506924 0.0358601 0.1432251 0.0923196 0.0840403 0.1234471 0.0253134 0.0296916 0.0687029 0.1558849 0.0235326 0.0844377 0.0922894 0.0615163 0.0938538 0.0360295 0.1388661 0.0494920 0.0622529 0.0769635 0.0909731 0.0793774 0.0719106 0.0486477 0.0912551 0.0295777 0.0990121 0.0294757 0.0358405 
S0430      0.0668036 0.0785752 0.0378033 0.0586681 0.0149994 0.1196756 0.0752132 0.0668610 0.0760189 0.1127830 0.0135758 0.0519061 0.1335402 0.0072182 0.1195725 0.1091592 0.1264710 0.0146903 0.0923683 0.0822547 0.1019848 0.0587966 0.0591448 0.0000000 0.1199613 0.0743648 0.0350117 0.0135557 0.1092608 0.0655907 0.0659811 0.1039592 0.1192385 0.1187781 0.0597630 0.0671242 0.0457162 0.0136277 0.1647126 0.0736696 0.0133538 0.0503656 0.0581098 0.0581853 0.0573967 0.1418191 0.0490936 0.1123908 0.1295310 0.0669131 0.1099562 0.1199613 0.1294851 0.0575681 0.2263967 0.1017107 0.0068539 0.0753358 0.0929089 0.1901917 0.0580660 0.0746560 0.0994255 0.0589484 0.1258552 0.1756927 0.0587833 0.0734475 0.0311015 0.1187543 0.1372286 0.0139359 0.1393546 0.1493264 0.0204349 0.0141250 0.0000028 0.0661756 0.0722643 0.1285719 0.0760130 0.0444906 0.0515233 0.0657826 0.0692733 0.0584003 0.1371159 0.1010535 0.0828611 0.1263477 0.0644947 0.0573967 0.0575681 0.1385445 0.0506570 0.0741403 0.1091823 0.0909860 0.0923316 0.0668036 0.1479466 0.0753366 0.0828001 0.1005649 0.1178828 0.0852213 0.0860263 0.0822386 0.1283963 0.0580793 0.1173841 0.0672361 0.0584872 
S0552sl    0.0556815 0.1686723 0.0905076 0.0788454 0.1102174 0.1797600 0.0995952 0.0706027 0.1056283 0.1921766 0.1324725 0.1559497 0.1942231 0.1466382 0.1771384 0.0907563 0.1105675 0.1331478 0.1294275 0.0920748 0.1649877 0.1013597 0.0922689 0.1199613 0.0000000 0.0703568 0.0890304 0.1323328 0.1991820 0.0703830 0.0633718 0.1957655 0.2011539 0.2000336 0.0709615 0.0780694 0.1155122 0.1253756 0.1661569 0.0570141 0.1352033 0.0630482 0.0926446 0.0700090 0.0990916 0.0914767 0.1548591 0.1857665 0.2102913 0.0920570 0.0684611 0.0056445 0.0056546 0.1310037 0.2382035 0.1317523 0.0945686 0.0561116 0.0562940 0.2140335 0.0925813 0.0700019 0.0757861 0.0701300 0.1104151 0.1929715 0.0706353 0.0919185 0.0708491 0.1999279 0.2192486 0.1152125 0.2206363 0.2443916 0.1302232 0.1288290 0.1419953 0.0851405 0.1896693 0.1072813 0.1076826 0.0443970 0.0643148 0.0767140 0.0575241 0.0766078 0.2370479 0.1226740 0.1135188 0.1980292 0.0688821 0.0990916 0.1310037 0.2215547 0.0633702 0.1140722 0.0991441 0.0986765 0.1791098 0.0624708 0.2287596 0.0860546 0.1065086 0.0765112 0.0904419 0.1403059 0.0484104 0.1137742 0.1372424 0.1001970 0.0984318 0.0921819 0.0919008 
S0558      0.0618753 0.1279362 0.0661545 0.0426355 0.0708713 0.1562937 0.0837211 0.0486168 0.0964295 0.1496172 0.0880283 0.1232507 0.1510468 0.0965424 0.1537449 0.0839296 0.0853094 0.0860863 0.1029210 0.0678185 0.1336557 0.0694647 0.0617159 0.0743648 0.0703568 0.0000000 0.0580389 0.0879262 0.1651909 0.0420160 0.0356854 0.1628433 0.1491533 0.1658678 0.0423418 0.0487678 0.0806327 0.0821300 0.1497629 0.0550573 0.0918338 0.0355199 0.0687628 0.0418064 0.0680318 0.1013566 0.1084529 0.1522698 0.1572577 0.0616181 0.0771294 0.0772824 0.0774900 0.0965839 0.2170095 0.1279794 0.0540565 0.0496798 0.0635249 0.1874362 0.0618989 0.0555739 0.0691970 0.0418708 0.0935721 0.1754716 0.0421614 0.0548338 0.0553514 0.1658059 0.1833812 0.0729723 0.1662102 0.1842787 0.0865690 0.0834453 0.0937973 0.0552122 0.1505222 0.1001575 0.0913576 0.0181209 0.0361883 0.0678506 0.0509307 0.0479137 0.1679108 0.1056635 0.0971224 0.1762845 0.0454759 0.0680318 0.0965839 0.1851023 0.0356869 0.0975815 0.0847270 0.0746381 0.1386429 0.0485772 0.1737648 0.0625626 0.0748122 0.0698587 0.0836447 0.0975515 0.0712358 0.0814498 0.1198779 0.0687316 0.0915000 0.0684756 0.0615078 
S0616      0.0448611 0.1022118 0.0333736 0.0520404 0.0373362 0.1314179 0.0589133 0.0449008 0.0782172 0.1244365 0.0187892 0.0467307 0.1355995 0.0271337 0.1262166 0.0880517 0.1046577 0.0202016 0.0868308 0.0715316 0.1083673 0.0452311 0.0447486 0.0350117 0.0890304 0.0580389 0.0000000 0.0187626 0.1492587 0.0441725 0.0443942 0.1456957 0.1402376 0.1394732 0.0318153 0.0450460 0.0474612 0.0191073 0.1427066 0.0577265 0.0242988 0.0311933 0.0447694 0.0377834 0.0442881 0.1065540 0.0440373 0.1250342 0.1485943 0.0514560 0.0809070 0.0890304 0.0813022 0.0649741 0.2156100 0.1040459 0.0064134 0.0520395 0.0666057 0.1840508 0.0447397 0.0586525 0.0725125 0.0314415 0.0991869 0.1713733 0.0381227 0.0575829 0.0346340 0.1307131 0.1388695 0.0188977 0.1577928 0.1684001 0.0247401 0.0260493 0.0199152 0.0444989 0.0862898 0.0963045 0.0663619 0.0258492 0.0318127 0.0511148 0.0534108 0.0377834 0.1491252 0.0806093 0.0724094 0.1498546 0.0413029 0.0442881 0.0649741 0.1583277 0.0313483 0.0727586 0.0805852 0.0512140 0.1138644 0.0314210 0.1656420 0.0595391 0.0657275 0.0732381 0.0877352 0.1097790 0.0672489 0.0649751 0.1119979 0.0447486 0.0725120 0.0515999 0.0446017 
S0620      0.0663508 0.0932601 0.0403493 0.0740998 0.0146685 0.1227147 0.0911304 0.0664019 0.0947211 0.1246866 0.0000029 0.0324980 0.1353315 0.0000023 0.1314571 0.1307595 0.1154788 0.0000023 0.1036937 0.0801437 0.1076888 0.0591935 0.0595079 0.0135557 0.1323328 0.0879262 0.0187626 0.0000000 0.1308361 0.0650556 0.0656206 0.1268519 0.1385948 0.1213853 0.0600626 0.0666344 0.0549404 0.0000026 0.1552707 0.0796859 0.0000026 0.0516281 0.0585747 0.0586428 0.0579298 0.1527826 0.0437019 0.1156686 0.1482992 0.0732135 0.1229390 0.1330344 0.1412003 0.0719735 0.2174583 0.1044803 0.0128665 0.0905099 0.1070729 0.1855513 0.0585352 0.0968400 0.1129050 0.0593316 0.1356568 0.1727260 0.0591818 0.0718604 0.0511723 0.1213621 0.1380176 0.0000022 0.1574707 0.1693845 0.0182594 0.0000023 0.0000025 0.0664552 0.0855133 0.1416479 0.0995656 0.0466053 0.0526903 0.0727388 0.0852164 0.0660167 0.1398017 0.1059213 0.1057931 0.1288785 0.0642726 0.0579298 0.0719735 0.1392081 0.0518971 0.1063386 0.1237817 0.0883395 0.1055492 0.0663508 0.1652997 0.0822369 0.0965472 0.1140876 0.1302078 0.0921724 0.1009012 0.0874017 0.1292977 0.0585470 0.1311849 0.0667342 0.0659211 
S0624      0.1241762 0.0315588 0.1061539 0.1320140 0.0925551 0.0430491 0.1547197 0.1409562 0.1528030 0.0438310 0.1228302 0.1927331 0.0715992 0.1348473 0.0259866 0.1967043 0.1669005 0.1228875 0.1337487 0.1714354 0.0378884 0.1006518 0.1262505 0.1092608 0.1991820 0.1651909 0.1492587 0.1308361 0.0000000 0.1475391 0.1391498 0.0520152 0.0721095 0.1056628 0.1262392 0.1317928 0.1149082 0.1251531 0.2097967 0.1461818 0.1337141 0.1231621 0.0920226 0.1313130 0.0984188 0.2235189 0.1609265 0.1089242 0.0636165 0.1180372 0.1694951 0.2082177 0.2091208 0.1380753 0.2757634 0.1846226 0.1019315 0.1704875 0.1803853 0.2191130 0.0994882 0.1583980 0.1580843 0.1246852 0.1863657 0.2262997 0.1325546 0.1640108 0.0802218 0.1143598 0.1207818 0.1233352 0.0567299 0.0745305 0.1477011 0.1178333 0.1204090 0.1496238 0.1896101 0.1787947 0.1644441 0.1209124 0.1165962 0.1305364 0.1478699 0.1402031 0.1064965 0.1819578 0.1705101 0.0514391 0.1189494 0.0984188 0.1380753 0.1060508 0.1238639 0.1518054 0.1991300 0.1555991 0.0571030 0.1409068 0.0773609 0.1413560 0.1392439 0.1780672 0.1862222 0.0891574 0.1846993 0.1005865 0.1770116 0.1072458 0.2066925 0.1417453 0.1093692 
S0641      0.0421066 0.1032530 0.0449434 0.0359305 0.0621247 0.1307684 0.0636767 0.0295591 0.0660834 0.1241904 0.0651350 0.0973632 0.1438531 0.0711419 0.1346623 0.0839603 0.0849052 0.0619362 0.0812589 0.0605900 0.1090447 0.0490808 0.0420085 0.0655907 0.0703830 0.0420160 0.0441725 0.0650556 0.1475391 0.0000000 0.0173653 0.1441462 0.1390678 0.1552148 0.0362804 0.0296449 0.0586585 0.0662652 0.1423252 0.0481033 0.0694603 0.0172889 0.0486040 0.0232495 0.0481065 0.1013960 0.0847137 0.1418772 0.1469267 0.0485192 0.0771581 0.0708213 0.0775189 0.0750530 0.2094020 0.1045572 0.0394133 0.0496982 0.0635486 0.1800321 0.0421240 0.0555942 0.0692223 0.0358756 0.0936080 0.1682298 0.0234434 0.0479191 0.0479242 0.1551642 0.1721458 0.0510816 0.1555615 0.1863769 0.0640625 0.0677051 0.0692212 0.0357948 0.1307034 0.1001960 0.0779702 0.0119380 0.0176052 0.0479817 0.0509500 0.0419098 0.1584146 0.0848973 0.0906304 0.1479970 0.0252419 0.0481065 0.0750530 0.1736954 0.0173674 0.0910591 0.0848716 0.0358832 0.1142225 0.0295322 0.1629462 0.0425740 0.0685715 0.0698845 0.0836757 0.0962462 0.0712626 0.0609255 0.1044579 0.0485824 0.0915343 0.0484088 0.0418803 
S0643      0.0357620 0.0954188 0.0381515 0.0296708 0.0540872 0.1226975 0.0701536 0.0234343 0.0727961 0.1161466 0.0657013 0.0983084 0.1352749 0.0639609 0.1258708 0.0767619 0.0854052 0.0625027 0.0743340 0.0540498 0.1012371 0.0425472 0.0356815 0.0659811 0.0633718 0.0356854 0.0443942 0.0656206 0.1391498 0.0173653 0.0000000 0.1355625 0.1308597 0.1467272 0.0237524 0.0235007 0.0516347 0.0668521 0.1334690 0.0417103 0.0700495 0.0114236 0.0421389 0.0172816 0.0417122 0.0937109 0.0854722 0.1334579 0.1386035 0.0420712 0.0700479 0.0701926 0.0703753 0.0681691 0.1996223 0.0971079 0.0396179 0.0430734 0.0566462 0.1708243 0.0357768 0.0489532 0.0623389 0.0296231 0.0860701 0.1593437 0.0174249 0.0415585 0.0406584 0.1466847 0.1633830 0.0446443 0.1470776 0.1767483 0.0575952 0.0683198 0.0622390 0.0174201 0.1320123 0.0926110 0.0775512 0.0059129 0.0057653 0.0416062 0.0441525 0.0355954 0.1493526 0.0915574 0.0833612 0.1391181 0.0123879 0.0417122 0.0681691 0.1648209 0.0114749 0.0837521 0.0775871 0.0479511 0.1064761 0.0234123 0.1544037 0.0361588 0.0617716 0.0629319 0.0765079 0.0878089 0.0641533 0.0543445 0.0970215 0.0421205 0.0841890 0.0419717 0.0355754 
S0645sl    0.1373154 0.0190136 0.1016178 0.1202755 0.0974056 0.0511990 0.1513506 0.1373677 0.1296239 0.0452363 0.1186477 0.1902760 0.0654442 0.1306044 0.0407180 0.1741592 0.1537401 0.1184357 0.1274067 0.1602882 0.0317259 0.0962073 0.1222827 0.1039592 0.1957655 0.1628433 0.1456957 0.1268519 0.0520152 0.1441462 0.1355625 0.0000000 0.0518568 0.1282796 0.1222682 0.1280186 0.1097427 0.1197240 0.2078061 0.1521432 0.1299305 0.1192126 0.0951360 0.1189807 0.0940255 0.2205731 0.1803342 0.1226539 0.0587129 0.1138885 0.1656386 0.2050054 0.2059119 0.1344943 0.2760667 0.1725526 0.0961514 0.1572014 0.1575888 0.2174997 0.0950702 0.1453606 0.1450903 0.1207216 0.1827273 0.2249294 0.1287777 0.1526887 0.0734064 0.1282514 0.1449957 0.1191477 0.0659130 0.0964369 0.1441243 0.1125936 0.1159794 0.1462336 0.2000828 0.1884854 0.1613137 0.1155892 0.1218804 0.1439102 0.1331587 0.1366090 0.1104180 0.1793046 0.1675794 0.0459107 0.1117424 0.0940255 0.1344943 0.1288095 0.1199084 0.1484213 0.1641238 0.1423050 0.0442133 0.1373154 0.0727663 0.1194000 0.1561326 0.1649014 0.1606266 0.0844087 0.1710544 0.0961450 0.1938025 0.0957020 0.1935065 0.1381560 0.1050628 
S0656sl    0.1324794 0.0456224 0.0818444 0.1089124 0.1241880 0.0497273 0.1457141 0.1325315 0.1448581 0.0502862 0.1318316 0.1686986 0.0640412 0.1340322 0.0127568 0.1793720 0.1604491 0.1324599 0.1207674 0.1441621 0.0368220 0.0856089 0.1158176 0.1192385 0.2011539 0.1491533 0.1402376 0.1385948 0.0721095 0.1390678 0.1308597 0.0518568 0.0000000 0.0775847 0.1180302 0.1236146 0.0966207 0.1247438 0.1901725 0.1392048 0.1524695 0.1151925 0.0920850 0.1231654 0.0910474 0.1970278 0.1732541 0.0719420 0.0178999 0.1100050 0.1620425 0.2102507 0.2111708 0.1150178 0.2544943 0.1845143 0.0849654 0.1538427 0.1633869 0.2000009 0.0920226 0.1423894 0.1421358 0.1165926 0.1485260 0.2071383 0.1243188 0.1244287 0.0633138 0.0775847 0.0919605 0.1323799 0.0240902 0.1007341 0.1479248 0.1170579 0.1124518 0.1409938 0.1952952 0.1841093 0.1551828 0.1048915 0.1176733 0.1388434 0.1133783 0.1318215 0.0992910 0.1555916 0.1612233 0.0657858 0.1189645 0.0910474 0.1150178 0.0778493 0.1158387 0.1430125 0.1813184 0.1469708 0.0495227 0.1324794 0.0302311 0.1329206 0.1504152 0.1613503 0.1414812 0.0465377 0.1764509 0.0930264 0.1961012 0.0996251 0.1890669 0.1307030 0.1015613 
S0673      0.1316469 0.0875074 0.0882534 0.1242567 0.0931910 0.0762749 0.1796243 0.1486444 0.1542897 0.1060906 0.1215152 0.1327651 0.1069981 0.1346566 0.0526678 0.2175855 0.1781073 0.1310826 0.1624736 0.1447481 0.0925590 0.1078341 0.1382197 0.1187781 0.2000336 0.1658678 0.1394732 0.1213853 0.1056628 0.1552148 0.1467272 0.1282796 0.0775847 0.0000000 0.1424514 0.1310399 0.1027356 0.1247338 0.2181752 0.1383503 0.1428710 0.1305652 0.0990211 0.1388205 0.1054252 0.2062090 0.1655418 0.0000023 0.0690553 0.1410211 0.2089793 0.2091124 0.2100257 0.1134331 0.2777292 0.1925593 0.1084790 0.1711951 0.1909007 0.2437252 0.1065788 0.1773308 0.1769358 0.1321938 0.1754705 0.2294015 0.1401347 0.1306343 0.0863869 0.0057594 0.0114964 0.1140310 0.0760675 0.1281091 0.1618780 0.1089341 0.1026782 0.1489135 0.2057583 0.2065944 0.1898076 0.1206078 0.1239922 0.1379919 0.1484550 0.1478584 0.1058382 0.1788826 0.1957880 0.0857510 0.1354025 0.1054252 0.1134331 0.0115552 0.1313145 0.1761760 0.2102235 0.1633507 0.1217467 0.1485984 0.0826621 0.1490490 0.1624788 0.1980317 0.1988891 0.0223202 0.1950869 0.1375911 0.2121716 0.1212109 0.2181656 0.1465490 0.1318843 
S0689      0.0302468 0.0823658 0.0323045 0.0368179 0.0386774 0.1098983 0.0436330 0.0302749 0.0749385 0.1032405 0.0601394 0.0929980 0.1041581 0.0650792 0.1120053 0.0632050 0.0702439 0.0491050 0.0692482 0.0616313 0.0883645 0.0370286 0.0301801 0.0597630 0.0709615 0.0423418 0.0318153 0.0600626 0.1262392 0.0362804 0.0237524 0.1222682 0.1180302 0.1424514 0.0000000 0.0303657 0.0459249 0.0612140 0.1022543 0.0489225 0.0647310 0.0176922 0.0366688 0.0238007 0.0362930 0.0726519 0.0802584 0.1369852 0.1257759 0.0301518 0.0566285 0.0779500 0.0781616 0.0629700 0.1664780 0.0921981 0.0335703 0.0368581 0.0499783 0.1303057 0.0366455 0.0362975 0.0492978 0.0117015 0.0719282 0.1284946 0.0240039 0.0491125 0.0271226 0.1424118 0.1594063 0.0455719 0.1342037 0.1347643 0.0588050 0.0548604 0.0636563 0.0302860 0.1190309 0.0784074 0.0505283 0.0121938 0.0118769 0.0361988 0.0375699 0.0175773 0.1356557 0.0638936 0.0564013 0.1254623 0.0191815 0.0362930 0.0629700 0.1517922 0.0177755 0.0566606 0.0638783 0.0558095 0.0938266 0.0302468 0.1416105 0.0436476 0.0301828 0.0497643 0.0630058 0.0719904 0.0576282 0.0490596 0.0780892 0.0366522 0.0703894 0.0365211 0.0300915 
