136
PAFTOL_019361 0.0000000 0.2014645 0.2125762 0.2220572 0.2118688 0.1984309 0.2317548 0.2136563 0.2031270 0.1971391 0.2087315 0.2219912 0.2253468 0.2264753 0.2199435 0.2242841 0.2069038 0.2119306 0.2294375 0.2226546 0.2028754 0.1884426 0.1928788 0.2142796 0.2077851 0.1984412 0.1949284 0.1983454 0.2262815 0.2232824 0.1977031 0.2164289 0.2318932 0.2275840 0.2350294 0.2089048 0.2043454 0.1954092 0.2183266 0.1933828 0.2036810 0.1894789 0.2002869 0.2040924 0.2199354 0.2165736 0.2162443 0.2237401 0.2052216 0.1920339 0.2247018 0.1915311 0.1947767 0.1925839 0.1924384 0.2232767 0.2023672 0.2077252 0.2204562 0.2044761 0.1980158 0.1843940 0.2122381 0.2207081 0.2212142 0.2129343 0.2195399 0.2211523 0.2293765 0.2052334 0.2177694 0.2181336 0.2240514 0.2300376 0.2268982 0.2202975 0.2159212 0.1939687 0.2166141 0.2043877 0.2154928 0.2129769 0.2240463 0.2072121 0.2109097 0.2185484 0.1911958 0.2063781 0.1927290 0.2049080 0.2028503 0.2020659 0.2295080 0.2030402 0.2247891 0.2160873 0.2229228 0.2217031 0.1939283 0.2231080 0.2218101 0.2026451 0.1922851 0.1866764 0.1989597 0.2135634 0.2026716 0.2097419 0.2027779 0.1991673 0.2131111 0.2028603 0.1939166 0.2029538 0.2044887 0.2052164 0.1936430 0.2570347 0.2052693 0.1997504 0.1966783 0.2180567 0.1903750 0.2106409 0.1953842 0.1951631 0.2157627 0.2128095 0.2075217 0.2132437 0.1896323 0.1820947 0.1855229 0.2098742 0.1947023 0.1862064 
S0055         0.2014645 0.0000000 0.0994237 0.1042823 0.0990641 0.0554424 0.1155088 0.0973992 0.0739483 0.0680274 0.0739671 0.1059694 0.1060879 0.1115944 0.0994907 0.1087184 0.0896722 0.0792520 0.0920733 0.1029901 0.0639912 0.0504934 0.0534522 0.0930733 0.0606922 0.0820967 0.0801928 0.0619929 0.1011746 0.1061849 0.0822538 0.0800628 0.0725737 0.1094946 0.1172338 0.0962229 0.0600009 0.0533963 0.1008568 0.0808807 0.0883465 0.0440863 0.0552163 0.0919083 0.1024248 0.1204997 0.0582860 0.1079262 0.0875880 0.0536858 0.0855891 0.0831575 0.0544232 0.0785224 0.0806908 0.0884862 0.0884965 0.0912472 0.1034899 0.0896451 0.0858551 0.0627285 0.0993025 0.0997808 0.0851763 0.0763312 0.0826267 0.0824330 0.0827650 0.0911220 0.1238127 0.0959757 0.1099528 0.1178663 0.0845321 0.0803482 0.1205404 0.0784165 0.1202568 0.0889615 0.0800066 0.0827678 0.1078719 0.0568539 0.0812375 0.1210319 0.0516853 0.0648215 0.0662878 0.0892734 0.0892880 0.0879349 0.1099892 0.0876328 0.1071214 0.1011060 0.1058253 0.1049744 0.0519903 0.1068693 0.0861700 0.0713897 0.0534749 0.0482155 0.0289570 0.0856703 0.0515832 0.0898484 0.0709578 0.0718821 0.0946582 0.0578011 0.0810869 0.0890716 0.0918151 0.0891077 0.0520289 0.1084935 0.0776612 0.0693610 0.0599213 0.1004442 0.0511999 0.0901058 0.0476796 0.0414958 0.0845526 0.0801381 0.0907170 0.0723494 0.0658230 0.0574743 0.0730574 0.0740977 0.0588122 0.0608777 
S0196sl       0.2125762 0.0994237 0.0000000 0.1110811 0.0663382 0.0994921 0.1148791 0.1056428 0.0956259 0.0994095 0.1125173 0.1103428 0.1098210 0.1196721 0.1124607 0.1097025 0.1010568 0.0990164 0.1044215 0.1089287 0.0987530 0.0921042 0.0947393 0.1036278 0.1065347 0.0916935 0.0298273 0.1035492 0.0963542 0.1102524 0.0905317 0.1025124 0.1221619 0.1135772 0.1081023 0.1059101 0.1012829 0.0926383 0.1119964 0.0853292 0.0895669 0.0953002 0.0941116 0.0565433 0.1068464 0.1342213 0.1088988 0.1117986 0.1048881 0.0957125 0.1007477 0.0358379 0.0971829 0.0273258 0.0289244 0.1095958 0.0525340 0.0976070 0.1032819 0.0901436 0.0908008 0.0809065 0.0944460 0.1066887 0.1101186 0.1015628 0.1068208 0.1086506 0.1131744 0.0575082 0.1342302 0.1140112 0.1085292 0.1237044 0.1051445 0.1017625 0.1314406 0.0288900 0.1335857 0.0819962 0.1036129 0.0992483 0.1084682 0.1035006 0.1025355 0.1333874 0.0952651 0.1037834 0.0880127 0.0956102 0.0889097 0.0883878 0.1166526 0.0979199 0.1147382 0.1063372 0.1096416 0.1078082 0.0943173 0.1096849 0.1047734 0.0962495 0.0938369 0.0894494 0.0983799 0.1085472 0.0976541 0.1007972 0.0946237 0.0927602 0.1040546 0.1000349 0.0296666 0.0959365 0.0563183 0.0923633 0.0963847 0.0548167 0.0965071 0.0892121 0.1022271 0.1096264 0.0911573 0.0956942 0.0930587 0.0897066 0.1051777 0.0996894 0.0931653 0.0984140 0.0847557 0.0769258 0.0550246 0.0963841 0.0939831 0.0787120 
S0278         0.2220572 0.1042823 0.1110811 0.0000000 0.1091051 0.1069457 0.1296016 0.0408449 0.1036548 0.1167849 0.1206197 0.0436932 0.1213100 0.1216160 0.0431532 0.1230943 0.0442536 0.1123046 0.1286994 0.1189480 0.1085248 0.1007293 0.1051515 0.0512467 0.1155164 0.0438412 0.0897456 0.1035350 0.0787013 0.1207649 0.0575314 0.1116863 0.1263627 0.1226631 0.1317946 0.0373798 0.1104392 0.1066481 0.0407428 0.0562014 0.0917115 0.1011993 0.1088454 0.1020691 0.1179298 0.1423166 0.1129392 0.1214066 0.1150550 0.1014998 0.1180762 0.0947821 0.1071887 0.0889681 0.0905001 0.1208470 0.0977950 0.0627970 0.1165840 0.0932991 0.0607094 0.0928180 0.0542452 0.1110110 0.1173024 0.1114486 0.1148838 0.1155586 0.1330569 0.1022848 0.1457084 0.1231033 0.1189864 0.1283420 0.1157547 0.1110478 0.1412820 0.0884329 0.1419159 0.0917747 0.1123859 0.1076305 0.1169241 0.1081361 0.1109123 0.1401537 0.1016694 0.1129303 0.0987798 0.0457819 0.0911056 0.0904858 0.1243396 0.0426092 0.0371685 0.1151358 0.1206734 0.1202029 0.1045848 0.1173578 0.1194017 0.1021240 0.1017693 0.0997544 0.1065579 0.1132871 0.1037633 0.0707214 0.1038024 0.1016734 0.0385524 0.1073833 0.0909169 0.0436225 0.1027939 0.0907630 0.1040298 0.1143859 0.1085673 0.0999899 0.1085627 0.0418834 0.1005343 0.0629645 0.0997918 0.0970709 0.1176353 0.1141857 0.0937742 0.1067786 0.0957286 0.0873914 0.0866574 0.1057964 0.1022172 0.0915194 
S0281         0.2118688 0.0990641 0.0663382 0.1091051 0.0000000 0.1011271 0.1223162 0.1028605 0.1004629 0.1063437 0.1176340 0.1086159 0.1141529 0.1186170 0.1117841 0.1155128 0.0984514 0.1069280 0.1185189 0.1117795 0.1059235 0.0950852 0.0953491 0.1040214 0.1091245 0.0889260 0.0454012 0.1038898 0.1113605 0.1136826 0.0865479 0.1076656 0.1219166 0.1165388 0.1241195 0.1007054 0.1037228 0.0970558 0.1078365 0.0826604 0.0920862 0.0962692 0.1010617 0.0449815 0.1091814 0.1324778 0.1102301 0.1155802 0.1062973 0.0970079 0.1131111 0.0494133 0.1002994 0.0449971 0.0461321 0.1173061 0.0419594 0.0952326 0.1108532 0.0939251 0.0916719 0.0879827 0.1052348 0.1104312 0.1129122 0.1072473 0.1096547 0.1131568 0.1271470 0.0469110 0.1345167 0.1254780 0.1179471 0.1255185 0.1112779 0.1068789 0.1312234 0.0446321 0.1318361 0.0938851 0.1103955 0.1089415 0.1160147 0.1035137 0.1082391 0.1304718 0.0952365 0.1070975 0.0922923 0.0953498 0.0918053 0.0911695 0.1192771 0.0951248 0.1118489 0.1082089 0.1141609 0.1129836 0.0975874 0.1152488 0.1123509 0.0975092 0.0954212 0.0913501 0.1018620 0.1099190 0.1008781 0.0952684 0.1001856 0.0995092 0.1009679 0.1019402 0.0455881 0.0957240 0.0473113 0.0924893 0.0990899 0.0566906 0.1055508 0.0982621 0.1013390 0.1049789 0.0942906 0.0951187 0.0963651 0.0951670 0.1132392 0.1103194 0.0932927 0.1039888 0.0912428 0.0794411 0.0543999 0.1047843 0.1000522 0.0870273 
S0282         0.1984309 0.0554424 0.0994921 0.1069457 0.1011271 0.0000000 0.1158221 0.0995768 0.0720836 0.0298606 0.0467719 0.1096840 0.1074808 0.1105787 0.1055387 0.1104635 0.0954197 0.0778061 0.0933191 0.1059589 0.0671143 0.0219498 0.0250452 0.0993032 0.0663147 0.0862302 0.0827840 0.0642238 0.1075761 0.1079677 0.0847895 0.0770815 0.0795538 0.1116972 0.1186096 0.0984363 0.0352892 0.0261503 0.1032487 0.0827239 0.0902103 0.0509003 0.0250753 0.0918912 0.1033405 0.1231577 0.0665865 0.1088427 0.0861398 0.0347182 0.0825963 0.0855550 0.0223548 0.0799199 0.0822962 0.0873994 0.0895971 0.0944430 0.1053579 0.0902495 0.0896558 0.0626771 0.1000741 0.1002007 0.0835154 0.0759758 0.0804148 0.0813523 0.0612471 0.0938740 0.1244635 0.0941818 0.1096608 0.1167819 0.0833369 0.0798628 0.1221982 0.0811639 0.1221249 0.0899992 0.0821226 0.0822229 0.1078304 0.0564572 0.0823875 0.1220285 0.0222167 0.0477879 0.0658696 0.0927752 0.0894469 0.0876670 0.1133220 0.0914359 0.1106117 0.1024250 0.1082730 0.1075525 0.0265677 0.1060267 0.0847667 0.0699924 0.0239976 0.0225793 0.0573097 0.0844517 0.0535036 0.0946161 0.0712262 0.0711870 0.0986517 0.0400716 0.0832809 0.0946203 0.0934260 0.0906509 0.0218438 0.1136437 0.0765759 0.0686623 0.0424549 0.1025024 0.0332228 0.0941627 0.0506781 0.0511752 0.0830993 0.0809268 0.0908770 0.0740820 0.0652229 0.0601759 0.0746501 0.0728112 0.0630130 0.0614182 
S0288         0.2317548 0.1155088 0.1148791 0.1296016 0.1223162 0.1158221 0.0000000 0.1198829 0.1165116 0.1223093 0.1282143 0.1297908 0.0209841 0.0597529 0.1266788 0.0209544 0.1181895 0.1220368 0.1350531 0.0183187 0.1163286 0.1088350 0.1092865 0.1202663 0.1234461 0.1069553 0.1011130 0.1185774 0.1322428 0.0160637 0.1054701 0.1202127 0.1371191 0.0952888 0.0211217 0.1227243 0.1163519 0.1104017 0.1288001 0.1025827 0.1133201 0.1095309 0.1189494 0.1138004 0.0145734 0.1523890 0.1273843 0.0181695 0.1166406 0.1098112 0.1225162 0.1062112 0.1121560 0.0985693 0.1004450 0.1289817 0.1096190 0.1107875 0.0876681 0.1144145 0.1104451 0.1035696 0.1219033 0.0408181 0.1233399 0.1198733 0.1196966 0.1235571 0.1412954 0.1122488 0.1528618 0.1347389 0.0950619 0.1015408 0.1260069 0.1240759 0.1504910 0.0995013 0.1509685 0.1218717 0.1232126 0.1240883 0.0932109 0.1180173 0.1213583 0.1510733 0.1098341 0.1178000 0.1084689 0.1126693 0.1128081 0.1110058 0.0228232 0.1126304 0.1351735 0.0903055 0.0164959 0.0143029 0.1108316 0.0899807 0.1302759 0.1148657 0.1128483 0.1063826 0.1164337 0.1259778 0.1114809 0.1166846 0.1114591 0.1119838 0.1206487 0.1137608 0.1016166 0.1175124 0.1129185 0.1131021 0.1115280 0.1140937 0.1166876 0.1102449 0.1160936 0.1264233 0.1070186 0.1156819 0.1103555 0.1082027 0.1271591 0.1253312 0.1155214 0.1155378 0.1061203 0.0954193 0.0984273 0.1152043 0.1162212 0.1017170 
S0289         0.2136563 0.0973992 0.1056428 0.0408449 0.1028605 0.0995768 0.1198829 0.0000000 0.0989029 0.1100508 0.1140838 0.0403024 0.1117021 0.1114806 0.0370972 0.1136385 0.0377481 0.1058877 0.1209306 0.1088960 0.1015356 0.0938303 0.0976598 0.0476587 0.1102583 0.0378508 0.0823639 0.0980972 0.0715764 0.1113701 0.0500786 0.1052302 0.1186346 0.1144878 0.1195539 0.0351555 0.1035023 0.0985769 0.0408523 0.0477993 0.0820454 0.0951862 0.1013104 0.0940544 0.1074054 0.1337218 0.1063444 0.1103469 0.1082573 0.0947680 0.1113961 0.0867456 0.1000701 0.0814516 0.0840565 0.1144710 0.0894550 0.0553165 0.1113152 0.0826475 0.0529830 0.0857391 0.0468997 0.1026147 0.1115550 0.1050961 0.1079134 0.1082161 0.1271968 0.0954138 0.1356764 0.1185458 0.1183130 0.1237977 0.1113123 0.1068875 0.1319959 0.0818608 0.1337172 0.0773514 0.1067402 0.1039484 0.1126632 0.1028196 0.1055148 0.1327196 0.0941643 0.1046966 0.0915991 0.0388177 0.0805446 0.0800949 0.1137938 0.0380421 0.0443893 0.1072226 0.1114281 0.1103043 0.0983466 0.1117534 0.1109275 0.0966787 0.0945820 0.0942060 0.0984264 0.1073217 0.0979074 0.0626061 0.0960699 0.0972090 0.0300967 0.0999882 0.0840876 0.0412721 0.0957347 0.0796126 0.0966803 0.1097051 0.1023824 0.0929400 0.1015306 0.0385868 0.0926833 0.0541904 0.0937450 0.0924229 0.1106947 0.1088931 0.0830822 0.0996481 0.0899533 0.0811289 0.0802995 0.0989392 0.0958982 0.0845034 
S0292         0.2031270 0.0739483 0.0956259 0.1036548 0.1004629 0.0720836 0.1165116 0.0989029 0.0000000 0.0796459 0.0898576 0.1059527 0.1071677 0.1100699 0.1011859 0.1107634 0.0933844 0.0463209 0.0654449 0.1062074 0.0764580 0.0666079 0.0698380 0.0987605 0.0856954 0.0839193 0.0818916 0.0742028 0.1049229 0.1086727 0.0825212 0.0494198 0.0944057 0.1089403 0.1191067 0.0969379 0.0762230 0.0708374 0.1019662 0.0812198 0.0895222 0.0679947 0.0733741 0.0920891 0.1035986 0.1252162 0.0822828 0.1087737 0.0839420 0.0700230 0.0558189 0.0848902 0.0704913 0.0794595 0.0810475 0.0596151 0.0893035 0.0920393 0.1037198 0.0894943 0.0873759 0.0579213 0.1004349 0.1001090 0.0542502 0.0476298 0.0514319 0.0534611 0.0964562 0.0936188 0.1280410 0.0895960 0.1103527 0.1170280 0.0536513 0.0513676 0.1250811 0.0797118 0.1259360 0.0920218 0.0509651 0.0491630 0.1064885 0.0802561 0.0334222 0.1262739 0.0694011 0.0815632 0.0605101 0.0894712 0.0893051 0.0881052 0.1124244 0.0876038 0.1074012 0.0991500 0.1089103 0.1075554 0.0700548 0.1052196 0.0580951 0.0133271 0.0690704 0.0652143 0.0737535 0.0349568 0.0741673 0.0912898 0.0166115 0.0113946 0.0972848 0.0763559 0.0824178 0.0937023 0.0929600 0.0899290 0.0696230 0.1051891 0.0298426 0.0372599 0.0754013 0.0999924 0.0679801 0.0941929 0.0694182 0.0663693 0.0561745 0.0482453 0.0908183 0.0458026 0.0608398 0.0538482 0.0755132 0.0431409 0.0731563 0.0564617 
S0293         0.1971391 0.0680274 0.0994095 0.1167849 0.1063437 0.0298606 0.1223093 0.1100508 0.0796459 0.0000000 0.0566271 0.1124707 0.1166420 0.1211390 0.1144382 0.1189179 0.1049746 0.0842062 0.0881195 0.1148638 0.0714231 0.0311447 0.0368324 0.1090366 0.0740788 0.0937477 0.0891363 0.0749617 0.1007279 0.1170759 0.0946772 0.0865124 0.0895869 0.1201079 0.1256423 0.1088700 0.0461211 0.0371540 0.1124175 0.0906103 0.0968656 0.0614110 0.0263538 0.0989735 0.1131341 0.1316721 0.0771804 0.1194619 0.0963717 0.0461560 0.0925281 0.0927370 0.0330011 0.0863544 0.0885862 0.0959184 0.0974396 0.1028211 0.1137799 0.0961616 0.0995655 0.0700466 0.1048429 0.1100228 0.0925860 0.0852061 0.0893559 0.0899049 0.0658463 0.0989140 0.1329358 0.1027336 0.1183558 0.1233278 0.0933025 0.0903874 0.1308483 0.0870380 0.1308309 0.0897900 0.0920187 0.0904496 0.1161686 0.0658125 0.0906570 0.1306953 0.0328197 0.0583571 0.0730379 0.1031398 0.0944054 0.0941589 0.1231446 0.0991250 0.1199907 0.1122174 0.1177318 0.1163612 0.0363004 0.1151056 0.0929399 0.0779601 0.0354261 0.0331837 0.0690195 0.0910059 0.0637194 0.1037073 0.0795175 0.0784403 0.1068086 0.0516189 0.0898776 0.1026029 0.0981582 0.0968922 0.0332298 0.1140794 0.0849545 0.0778475 0.0518705 0.1136472 0.0432652 0.1028482 0.0624479 0.0586684 0.0922712 0.0890548 0.0971662 0.0818023 0.0736938 0.0679205 0.0820730 0.0834593 0.0699817 0.0699561 
S0294         0.2087315 0.0739671 0.1125173 0.1206197 0.1176340 0.0467719 0.1282143 0.1140838 0.0898576 0.0566271 0.0000000 0.1239309 0.1202665 0.1247019 0.1207042 0.1222910 0.1083408 0.0962250 0.1113207 0.1175349 0.0839467 0.0420959 0.0452498 0.1170805 0.0858084 0.1031114 0.0986100 0.0800676 0.1245580 0.1193314 0.1018741 0.0943366 0.0980434 0.1246267 0.1289764 0.1132621 0.0525995 0.0446242 0.1186435 0.0982297 0.1053898 0.0680714 0.0502972 0.1083811 0.1152558 0.1335464 0.0856435 0.1195210 0.0997176 0.0503579 0.0993404 0.1021052 0.0462319 0.0964718 0.0983294 0.1042170 0.1064116 0.1100726 0.1209299 0.1067078 0.1070692 0.0775968 0.1186304 0.1141307 0.1006844 0.0911432 0.0972545 0.0983554 0.0651710 0.1102824 0.1362186 0.1099395 0.1274668 0.1334349 0.1014537 0.0978526 0.1318871 0.0967113 0.1327293 0.1082383 0.0952130 0.0984299 0.1218293 0.0731256 0.0979730 0.1335075 0.0426842 0.0632140 0.0839215 0.1101908 0.1056369 0.1044781 0.1234379 0.1072838 0.1258691 0.1173525 0.1190615 0.1185277 0.0450448 0.1233686 0.0999144 0.0868975 0.0447155 0.0424427 0.0747572 0.1029960 0.0690334 0.1097649 0.0882801 0.0886944 0.1145665 0.0571576 0.0989599 0.1093657 0.1093845 0.1056579 0.0462103 0.1252574 0.0924580 0.0848124 0.0581769 0.1184743 0.0505307 0.1123491 0.0666773 0.0700472 0.1012655 0.0975803 0.1069449 0.0922704 0.0807896 0.0734763 0.0897309 0.0911810 0.0776997 0.0774204 
S0299         0.2219912 0.1059694 0.1103428 0.0436932 0.1086159 0.1096840 0.1297908 0.0403024 0.1059527 0.1124707 0.1239309 0.0000000 0.1198454 0.1218178 0.0435991 0.1228120 0.0434383 0.1129529 0.1217224 0.1172895 0.1095702 0.1021888 0.1053622 0.0525878 0.1149541 0.0444331 0.0888186 0.1062041 0.0698723 0.1183757 0.0570573 0.1136543 0.1259727 0.1226204 0.1299591 0.0383724 0.1122167 0.1073043 0.0426832 0.0548404 0.0887207 0.1036746 0.1067443 0.1018489 0.1159413 0.1394591 0.1144331 0.1213832 0.1180498 0.1029179 0.1189249 0.0942600 0.1076244 0.0879310 0.0901994 0.1220749 0.0998773 0.0619613 0.1186669 0.0903197 0.0596905 0.0933240 0.0529769 0.1106657 0.1186190 0.1124493 0.1166220 0.1164579 0.1345203 0.1015266 0.1433224 0.1259792 0.1261241 0.1311634 0.1188212 0.1127118 0.1376679 0.0881248 0.1391975 0.0861673 0.1159912 0.1103019 0.1207577 0.1087664 0.1113157 0.1381284 0.1043225 0.1129482 0.0969042 0.0469853 0.0875367 0.0876898 0.1236659 0.0451760 0.0485602 0.1168622 0.1208014 0.1187998 0.1058236 0.1171843 0.1192439 0.1046228 0.1062022 0.1028618 0.1074729 0.1154993 0.1060236 0.0711078 0.1041981 0.1037077 0.0371160 0.1087507 0.0900548 0.0449777 0.1014655 0.0863874 0.1048719 0.1092124 0.1095889 0.1008853 0.1085203 0.0413853 0.1015595 0.0622141 0.1047317 0.1012412 0.1186161 0.1144417 0.0907088 0.1072718 0.0970755 0.0880499 0.0847268 0.1051256 0.1049084 0.0931069 
S0303         0.2253468 0.1060879 0.1098210 0.1213100 0.1141529 0.1074808 0.0209841 0.1117021 0.1071677 0.1166420 0.1202665 0.1198454 0.0000000 0.0514887 0.1211591 0.0129444 0.1111109 0.1144575 0.1265850 0.0100504 0.1113999 0.1005469 0.1028770 0.1122502 0.1161392 0.0980219 0.0934045 0.1105857 0.1219356 0.0118231 0.0982352 0.1111710 0.1278206 0.0860553 0.0182255 0.1148348 0.1094120 0.1028927 0.1196190 0.0953422 0.1045737 0.1000391 0.1110283 0.1051938 0.0100837 0.1421029 0.1172747 0.0125169 0.1109650 0.1019113 0.1174679 0.0976200 0.1051824 0.0914194 0.0933823 0.1215693 0.1013236 0.1059046 0.0796388 0.1049015 0.1027577 0.0957330 0.1138109 0.0363579 0.1168187 0.1122128 0.1141252 0.1140409 0.1308091 0.1039458 0.1427653 0.1259322 0.0872424 0.0926510 0.1184597 0.1152925 0.1403437 0.0921029 0.1410711 0.1092571 0.1145773 0.1149280 0.0831569 0.1093018 0.1131249 0.1410587 0.1019494 0.1099622 0.0991125 0.1033927 0.1034051 0.1020614 0.0131888 0.1058780 0.1264907 0.0806964 0.0123205 0.0115329 0.1032407 0.0805514 0.1192971 0.1067515 0.1037043 0.0992096 0.1069553 0.1166583 0.1031163 0.1070927 0.1042783 0.1047572 0.1126095 0.1058449 0.0940398 0.1087264 0.1047575 0.1035143 0.1035758 0.1049002 0.1096429 0.1011280 0.1089873 0.1185744 0.1007739 0.1083150 0.1009583 0.0994641 0.1196111 0.1175926 0.1058642 0.1079552 0.0980801 0.0864970 0.0885072 0.1065427 0.1067914 0.0935776 
S0308         0.2264753 0.1115944 0.1196721 0.1216160 0.1186170 0.1105787 0.0597529 0.1114806 0.1100699 0.1211390 0.1247019 0.1218178 0.0514887 0.0000000 0.1226570 0.0537800 0.1129716 0.1166892 0.1329053 0.0496043 0.1132197 0.1034854 0.1063140 0.1154057 0.1173229 0.0989043 0.0983096 0.1115338 0.1233632 0.0498548 0.1007051 0.1170558 0.1335768 0.0871254 0.0600952 0.1116293 0.1136131 0.1081147 0.1195062 0.0989664 0.1067770 0.1030598 0.1147603 0.1101174 0.0472622 0.1462388 0.1187857 0.0524336 0.1156742 0.1055139 0.1229661 0.1001328 0.1086576 0.0967919 0.0974404 0.1248661 0.1067839 0.1065852 0.0801161 0.1076683 0.1057728 0.0999708 0.1172691 0.0469791 0.1229192 0.1171333 0.1187254 0.1210046 0.1383133 0.1106112 0.1468190 0.1312102 0.0900044 0.0944163 0.1208108 0.1178227 0.1454226 0.0969903 0.1448996 0.1117859 0.1188500 0.1183323 0.0856309 0.1136636 0.1173912 0.1453053 0.1058688 0.1137095 0.1024309 0.1058292 0.1056043 0.1045925 0.0553135 0.1058072 0.1257426 0.0799956 0.0515692 0.0493111 0.1064608 0.0819849 0.1234613 0.1085783 0.1057436 0.1035259 0.1116313 0.1196018 0.1076012 0.1082776 0.1080096 0.1061876 0.1135325 0.1081787 0.0987321 0.1102510 0.1108136 0.1069479 0.1078033 0.1233535 0.1115680 0.1072642 0.1118746 0.1200688 0.1039392 0.1101306 0.1053219 0.1005327 0.1217789 0.1207934 0.1072911 0.1121547 0.1024805 0.0897772 0.0915347 0.1123456 0.1090996 0.0979448 
S0320         0.2199435 0.0994907 0.1124607 0.0431532 0.1117841 0.1055387 0.1266788 0.0370972 0.1011859 0.1144382 0.1207042 0.0435991 0.1211591 0.1226570 0.0000000 0.1226918 0.0429572 0.1107789 0.1212595 0.1191937 0.1047344 0.0987052 0.1033717 0.0462451 0.1130034 0.0423174 0.0898003 0.1045751 0.0742085 0.1209140 0.0542491 0.1101184 0.1269259 0.1253478 0.1293242 0.0393577 0.1084210 0.1024694 0.0421398 0.0525757 0.0880093 0.0995909 0.1041402 0.0998807 0.1172522 0.1391828 0.1122007 0.1224386 0.1156452 0.1016499 0.1165545 0.0951503 0.1059190 0.0889078 0.0903901 0.1213086 0.0952958 0.0590051 0.1184097 0.0888308 0.0567408 0.0883970 0.0472736 0.1110215 0.1154297 0.1091051 0.1142371 0.1123875 0.1339795 0.1028390 0.1428641 0.1196135 0.1212718 0.1282113 0.1137734 0.1076177 0.1368980 0.0883932 0.1384137 0.0849603 0.1097479 0.1074242 0.1194526 0.1062149 0.1079998 0.1380539 0.1000816 0.1105691 0.0937921 0.0417796 0.0867518 0.0868853 0.1247300 0.0413611 0.0477292 0.1167725 0.1198973 0.1193504 0.1023931 0.1180686 0.1169549 0.0996359 0.1013628 0.0970134 0.1045454 0.1094669 0.1029487 0.0687376 0.1007650 0.0977383 0.0325476 0.1051902 0.0914897 0.0376736 0.1033589 0.0861323 0.1006436 0.0972487 0.1056906 0.0994205 0.1077155 0.0410446 0.0970088 0.0608514 0.0990069 0.0972178 0.1153722 0.1141707 0.0895052 0.1050312 0.0920607 0.0846822 0.0850572 0.1039927 0.1031616 0.0873406 
S0322         0.2242841 0.1087184 0.1097025 0.1230943 0.1155128 0.1104635 0.0209544 0.1136385 0.1107634 0.1189179 0.1222910 0.1228120 0.0129444 0.0537800 0.1226918 0.0000000 0.1118898 0.1171537 0.1333528 0.0114313 0.1138726 0.1034059 0.1056381 0.1152770 0.1182282 0.0999040 0.0945534 0.1132953 0.1258124 0.0130960 0.0987592 0.1145550 0.1309848 0.0894027 0.0189454 0.1163563 0.1120564 0.1035867 0.1213429 0.0957828 0.1064170 0.1039568 0.1137752 0.1061225 0.0111494 0.1465453 0.1204471 0.0132804 0.1122471 0.1054125 0.1206681 0.0987072 0.1087833 0.0919096 0.0942881 0.1250163 0.1019013 0.1068685 0.0823875 0.1063300 0.1036672 0.0984421 0.1171929 0.0349329 0.1207218 0.1158927 0.1168527 0.1180396 0.1350653 0.1061818 0.1480975 0.1288802 0.0901171 0.0966622 0.1230486 0.1188499 0.1446576 0.0930137 0.1456866 0.1103765 0.1169677 0.1195916 0.0865834 0.1124699 0.1160557 0.1454780 0.1050358 0.1123831 0.1015823 0.1066600 0.1046029 0.1032031 0.0126373 0.1068121 0.1269847 0.0853010 0.0135292 0.0124492 0.1046263 0.0834897 0.1235858 0.1098344 0.1064395 0.1014349 0.1098302 0.1198979 0.1065326 0.1107091 0.1074717 0.1077111 0.1138853 0.1078550 0.0952072 0.1079038 0.1072269 0.1055626 0.1065662 0.1104784 0.1126728 0.1058943 0.1118164 0.1200195 0.1036149 0.1106043 0.1030144 0.1029544 0.1223259 0.1203596 0.1075557 0.1112369 0.1008706 0.0889087 0.0905664 0.1109617 0.1099239 0.0964273 
S0327         0.2069038 0.0896722 0.1010568 0.0442536 0.0984514 0.0954197 0.1181895 0.0377481 0.0933844 0.1049746 0.1083408 0.0434383 0.1111109 0.1129716 0.0429572 0.1118898 0.0000000 0.1005026 0.1125987 0.1078648 0.0986986 0.0882895 0.0911524 0.0471358 0.1041364 0.0351883 0.0794490 0.0913826 0.0652347 0.1105131 0.0449724 0.0975970 0.1121058 0.1101712 0.1189845 0.0334089 0.0975800 0.0924139 0.0396091 0.0444205 0.0774672 0.0881745 0.0936549 0.0905086 0.1066132 0.1301616 0.1011525 0.1099701 0.1040813 0.0892755 0.1043751 0.0843076 0.0913677 0.0781775 0.0801371 0.1073511 0.0861635 0.0509654 0.1040021 0.0797477 0.0492352 0.0795576 0.0439365 0.1015518 0.1052631 0.0969793 0.1017239 0.1021819 0.1211885 0.0906440 0.1330537 0.1125353 0.1133986 0.1207580 0.1032360 0.0990633 0.1287154 0.0772861 0.1297336 0.0768723 0.0998608 0.0992242 0.1088627 0.0943757 0.0990706 0.1289866 0.0892446 0.0999258 0.0852166 0.0395882 0.0772856 0.0775893 0.1138296 0.0328687 0.0480355 0.1039310 0.1091384 0.1094788 0.0910359 0.1065473 0.1055432 0.0912482 0.0918552 0.0873038 0.0912380 0.1014517 0.0905792 0.0571323 0.0902056 0.0901267 0.0370434 0.0942163 0.0800050 0.0397111 0.0907643 0.0772679 0.0898178 0.1018381 0.0961877 0.0870307 0.0948814 0.0377430 0.0868718 0.0513385 0.0888362 0.0854058 0.1063476 0.1026699 0.0798273 0.0925023 0.0831551 0.0779320 0.0744247 0.0929530 0.0918937 0.0781361 
S0335         0.2119306 0.0792520 0.0990164 0.1123046 0.1069280 0.0778061 0.1220368 0.1058877 0.0463209 0.0842062 0.0962250 0.1129529 0.1144575 0.1166892 0.1107789 0.1171537 0.1005026 0.0000000 0.0621101 0.1127443 0.0820258 0.0729593 0.0758563 0.1044687 0.0899376 0.0892845 0.0859244 0.0805970 0.1103802 0.1146222 0.0901369 0.0559326 0.1010445 0.1148332 0.1272498 0.1038701 0.0841717 0.0764585 0.1081296 0.0899328 0.0939958 0.0749965 0.0846059 0.0969567 0.1090796 0.1284759 0.0895414 0.1150566 0.0930396 0.0756633 0.0619614 0.0877919 0.0767882 0.0840100 0.0854134 0.0661593 0.0934265 0.1009904 0.1086562 0.0951111 0.0954817 0.0662109 0.1073405 0.1060137 0.0608274 0.0551612 0.0590931 0.0601446 0.1021056 0.0977070 0.1309039 0.0980427 0.1145156 0.1188045 0.0607284 0.0584217 0.1287147 0.0844714 0.1282622 0.0975849 0.0594288 0.0472796 0.1116491 0.0841293 0.0562169 0.1286028 0.0753466 0.0881632 0.0682082 0.0948408 0.0945458 0.0933332 0.1191718 0.0963415 0.1183180 0.1070014 0.1149719 0.1136969 0.0756399 0.1108288 0.0558985 0.0479027 0.0762432 0.0725260 0.0789368 0.0585614 0.0795415 0.0992916 0.0454002 0.0455998 0.1047633 0.0809106 0.0852207 0.0996387 0.0972572 0.0940698 0.0767407 0.0982312 0.0520081 0.0355562 0.0796296 0.1081314 0.0737488 0.0998011 0.0767448 0.0732347 0.0519011 0.0260712 0.0948732 0.0504467 0.0702768 0.0629153 0.0809001 0.0415665 0.0805807 0.0656366 
S0345         0.2294375 0.0920733 0.1044215 0.1286994 0.1185189 0.0933191 0.1350531 0.1209306 0.0654449 0.0881195 0.1113207 0.1217224 0.1265850 0.1329053 0.1212595 0.1333528 0.1125987 0.0621101 0.0000000 0.1254494 0.0936719 0.0861292 0.0897053 0.1163313 0.1000559 0.1040783 0.1005894 0.0967325 0.1102218 0.1304698 0.1056874 0.0735550 0.1153065 0.1332547 0.1379710 0.1166844 0.0971757 0.0924661 0.1234440 0.1038846 0.1078780 0.0906536 0.0820950 0.1097058 0.1222957 0.1459704 0.1002094 0.1318503 0.1103251 0.0855260 0.0788030 0.1036805 0.0920330 0.0978887 0.0992290 0.0831303 0.1068625 0.1089814 0.1255033 0.1126851 0.1111433 0.0788578 0.1172378 0.1216818 0.0771054 0.0731745 0.0758446 0.0752294 0.1069234 0.1098826 0.1460041 0.1122191 0.1229989 0.1353475 0.0747783 0.0757318 0.1433569 0.0993963 0.1453540 0.0962329 0.0774300 0.0681721 0.1256985 0.0984497 0.0724965 0.1455127 0.0897564 0.1045921 0.0810767 0.1078996 0.1110282 0.1100085 0.1356223 0.1108912 0.1326290 0.1258201 0.1289057 0.1296197 0.0909767 0.1285656 0.0379255 0.0660686 0.0904804 0.0871785 0.0951550 0.0772343 0.0967165 0.1145793 0.0643270 0.0641564 0.1173405 0.0978692 0.1006726 0.1119288 0.1088676 0.1096155 0.0882459 0.0988555 0.0679479 0.0555602 0.0915947 0.1178825 0.0862370 0.1134010 0.0899436 0.0861079 0.0372621 0.0663707 0.1098784 0.0681411 0.0840952 0.0771103 0.0959453 0.0613551 0.0951580 0.0794087 
S0355         0.2226546 0.1029901 0.1089287 0.1189480 0.1117795 0.1059589 0.0183187 0.1088960 0.1062074 0.1148638 0.1175349 0.1172895 0.0100504 0.0496043 0.1191937 0.0114313 0.1078648 0.1127443 0.1254494 0.0000000 0.1094407 0.0992593 0.1018390 0.1097671 0.1139082 0.0950883 0.0912616 0.1084044 0.1202861 0.0089947 0.0969583 0.1104894 0.1257679 0.0835045 0.0166805 0.1119027 0.1074560 0.1011907 0.1157998 0.0930694 0.1024596 0.0986078 0.1094263 0.1029075 0.0082353 0.1401781 0.1157648 0.0101897 0.1085205 0.1000206 0.1167395 0.0952126 0.1036986 0.0892854 0.0914341 0.1201428 0.0988086 0.1037311 0.0782833 0.1023731 0.1006293 0.0934832 0.1117214 0.0357035 0.1170108 0.1110557 0.1136376 0.1135307 0.1309737 0.1019097 0.1417378 0.1250326 0.0861257 0.0915849 0.1182012 0.1145902 0.1389188 0.0895762 0.1391550 0.1065346 0.1140942 0.1136282 0.0813868 0.1076216 0.1124110 0.1396594 0.0992559 0.1079538 0.0974406 0.1022812 0.1008957 0.0993289 0.0114981 0.1031019 0.1227930 0.0793208 0.0104975 0.0088963 0.1009443 0.0799775 0.1189677 0.1048293 0.1007197 0.0979198 0.1044556 0.1150797 0.1008781 0.1062292 0.1030504 0.1033203 0.1095562 0.1049402 0.0918871 0.1063331 0.1031190 0.1016158 0.1020075 0.1030119 0.1095709 0.1009329 0.1066256 0.1169320 0.0990949 0.1063490 0.0990508 0.0970447 0.1182776 0.1162464 0.1033286 0.1056377 0.0962180 0.0860091 0.0865991 0.1052914 0.1055751 0.0921470 
S0376         0.2028754 0.0639912 0.0987530 0.1085248 0.1059235 0.0671143 0.1163286 0.1015356 0.0764580 0.0714231 0.0839467 0.1095702 0.1113999 0.1132197 0.1047344 0.1138726 0.0986986 0.0820258 0.0936719 0.1094407 0.0000000 0.0606835 0.0626712 0.1004331 0.0711464 0.0864148 0.0856267 0.0400544 0.1054486 0.1129479 0.0857065 0.0831788 0.0861628 0.1155072 0.1219774 0.1000640 0.0719988 0.0653490 0.1034790 0.0844276 0.0957347 0.0589850 0.0612653 0.0968632 0.1074113 0.1252247 0.0753888 0.1113490 0.0880919 0.0628149 0.0869124 0.0891546 0.0646283 0.0829035 0.0857671 0.0911963 0.0939745 0.0949079 0.1087409 0.0954963 0.0923254 0.0661023 0.1034850 0.1036486 0.0888776 0.0829925 0.0864415 0.0866289 0.0963562 0.0986616 0.1263568 0.0989498 0.1118483 0.1174766 0.0899673 0.0859698 0.1242407 0.0833944 0.1243352 0.0936437 0.0851094 0.0845953 0.1110099 0.0677522 0.0846563 0.1240350 0.0622642 0.0741738 0.0687127 0.0949042 0.0948826 0.0934551 0.1157600 0.0940022 0.1089996 0.1076061 0.1112571 0.1106766 0.0634680 0.1108757 0.0897456 0.0741894 0.0642483 0.0576040 0.0669877 0.0881346 0.0651631 0.0930932 0.0739217 0.0747075 0.0994874 0.0675214 0.0857616 0.0920032 0.0981964 0.0947062 0.0656670 0.1057507 0.0827934 0.0708760 0.0694830 0.1043248 0.0619699 0.0934902 0.0612122 0.0544109 0.0871537 0.0848045 0.0949238 0.0772069 0.0689317 0.0614941 0.0778910 0.0754740 0.0325640 0.0638532 
S0400         0.1884426 0.0504934 0.0921042 0.1007293 0.0950852 0.0219498 0.1088350 0.0938303 0.0666079 0.0311447 0.0420959 0.1021888 0.1005469 0.1034854 0.0987052 0.1034059 0.0882895 0.0729593 0.0861292 0.0992593 0.0606835 0.0000000 0.0182306 0.0925379 0.0591383 0.0789645 0.0755445 0.0587291 0.0998799 0.1008749 0.0793605 0.0719090 0.0745559 0.1040548 0.1110078 0.0927244 0.0285464 0.0196633 0.0972413 0.0764696 0.0834337 0.0443478 0.0222929 0.0863878 0.0958795 0.1138541 0.0585829 0.1023544 0.0772700 0.0283122 0.0772358 0.0789814 0.0211322 0.0732591 0.0754448 0.0811640 0.0843784 0.0883794 0.0995777 0.0837929 0.0833733 0.0557472 0.0949549 0.0925004 0.0784588 0.0711745 0.0738834 0.0760013 0.0547795 0.0871187 0.1154784 0.0865791 0.1033642 0.1115599 0.0786526 0.0754181 0.1121049 0.0735651 0.1126332 0.0825938 0.0753860 0.0762158 0.1001452 0.0502552 0.0760399 0.1129025 0.0119409 0.0410572 0.0604033 0.0862823 0.0834083 0.0814338 0.1057627 0.0847532 0.1047165 0.0959924 0.1012459 0.1002153 0.0196129 0.1008884 0.0791655 0.0644605 0.0133337 0.0168954 0.0510088 0.0779315 0.0456838 0.0878677 0.0651787 0.0655053 0.0926210 0.0351619 0.0760460 0.0883779 0.0864472 0.0842471 0.0197200 0.0979546 0.0703159 0.0631541 0.0346103 0.0960990 0.0273355 0.0869945 0.0440934 0.0441098 0.0785096 0.0751337 0.0848819 0.0674378 0.0584605 0.0541378 0.0702435 0.0680434 0.0569648 0.0545259 
S0405         0.1928788 0.0534522 0.0947393 0.1051515 0.0953491 0.0250452 0.1092865 0.0976598 0.0698380 0.0368324 0.0452498 0.1053622 0.1028770 0.1063140 0.1033717 0.1056381 0.0911524 0.0758563 0.0897053 0.1018390 0.0626712 0.0182306 0.0000000 0.0967162 0.0627989 0.0820789 0.0785567 0.0606907 0.1028116 0.1025392 0.0818446 0.0759354 0.0763863 0.1068185 0.1127243 0.0966049 0.0315022 0.0172878 0.1007670 0.0789886 0.0857490 0.0490490 0.0265933 0.0870119 0.0983462 0.1189961 0.0632199 0.1036566 0.0828434 0.0310683 0.0811927 0.0814570 0.0247168 0.0759270 0.0781010 0.0845919 0.0852600 0.0900819 0.1015435 0.0855285 0.0848840 0.0591444 0.0964691 0.0957096 0.0817941 0.0744389 0.0787103 0.0783476 0.0559097 0.0894043 0.1217284 0.0894826 0.1061780 0.1127041 0.0821044 0.0782679 0.1180462 0.0765861 0.1181734 0.0856127 0.0795917 0.0789481 0.1029242 0.0539201 0.0775977 0.1184602 0.0198188 0.0433808 0.0637264 0.0906878 0.0855023 0.0833832 0.1077517 0.0889628 0.1082058 0.0988418 0.1030121 0.1023714 0.0183520 0.1034165 0.0814557 0.0677230 0.0220012 0.0157808 0.0543501 0.0807982 0.0500629 0.0915285 0.0682358 0.0687479 0.0969001 0.0377968 0.0784507 0.0888628 0.0887439 0.0869459 0.0229426 0.1133461 0.0727456 0.0654414 0.0373678 0.0995676 0.0291047 0.0903103 0.0462822 0.0479037 0.0808038 0.0776340 0.0870131 0.0715987 0.0622214 0.0563722 0.0712181 0.0694216 0.0583469 0.0571537 
S0407sl       0.2142796 0.0930733 0.1036278 0.0512467 0.1040214 0.0993032 0.1202663 0.0476587 0.0987605 0.1090366 0.1170805 0.0525878 0.1122502 0.1154057 0.0462451 0.1152770 0.0471358 0.1044687 0.1163313 0.1097671 0.1004331 0.0925379 0.0967162 0.0000000 0.1086655 0.0364905 0.0835294 0.0952045 0.0701571 0.1113853 0.0500726 0.1037182 0.1207857 0.1164387 0.1227500 0.0446884 0.1000181 0.0975369 0.0500243 0.0478815 0.0815782 0.0926774 0.1027393 0.0945502 0.1080595 0.1329029 0.1052120 0.1127891 0.1076668 0.0946842 0.1093940 0.0882789 0.0973467 0.0815810 0.0844727 0.1149124 0.0908453 0.0526941 0.1102822 0.0828440 0.0511827 0.0843612 0.0484794 0.1065775 0.1096911 0.1027282 0.1061439 0.1068850 0.1263861 0.0939429 0.1353678 0.1147056 0.1151444 0.1223139 0.1054711 0.1030259 0.1320821 0.0822168 0.1333087 0.0821929 0.1058567 0.1023479 0.1134492 0.1009023 0.1057815 0.1322517 0.0942735 0.1051152 0.0889187 0.0361164 0.0806820 0.0807803 0.1155385 0.0443755 0.0558733 0.1121492 0.1119579 0.1112693 0.0963904 0.1103386 0.1102343 0.0967511 0.0958977 0.0923872 0.0971210 0.1078478 0.0960764 0.0607919 0.0953822 0.0957346 0.0422902 0.0990767 0.0847330 0.0221320 0.0940474 0.0810651 0.0951482 0.1039946 0.1018780 0.0933475 0.1005476 0.0496302 0.0916943 0.0540098 0.0941206 0.0907906 0.1085795 0.1071211 0.0841307 0.0980519 0.0883794 0.0812349 0.0800226 0.0985370 0.0941273 0.0817054 
S0412sl       0.2077851 0.0606922 0.1065347 0.1155164 0.1091245 0.0663147 0.1234461 0.1102583 0.0856954 0.0740788 0.0858084 0.1149541 0.1161392 0.1173229 0.1130034 0.1182282 0.1041364 0.0899376 0.1000559 0.1139082 0.0711464 0.0591383 0.0627989 0.1086655 0.0000000 0.0927414 0.0905004 0.0726645 0.1136274 0.1164907 0.0960745 0.0905392 0.0716331 0.1168069 0.1268538 0.1066480 0.0692763 0.0640361 0.1126363 0.0936769 0.0983865 0.0506921 0.0622219 0.1024551 0.1145985 0.1295384 0.0497447 0.1188966 0.0936458 0.0624279 0.0950223 0.0929244 0.0646174 0.0879587 0.0891433 0.0987051 0.1000952 0.1060973 0.1132390 0.1013356 0.0987845 0.0717939 0.1094240 0.1084112 0.0955019 0.0888455 0.0929456 0.0942486 0.0951285 0.1012739 0.1332546 0.1052962 0.1215642 0.1255431 0.0961474 0.0920523 0.1289115 0.0888347 0.1286075 0.1027966 0.0944150 0.0918678 0.1168728 0.0658629 0.0906528 0.1287573 0.0607180 0.0754919 0.0755556 0.0983143 0.0994237 0.0977877 0.1212442 0.1018495 0.1181299 0.1101362 0.1159843 0.1153875 0.0639997 0.1150501 0.0979902 0.0829264 0.0603287 0.0574766 0.0602930 0.0966312 0.0609098 0.0995937 0.0816900 0.0826815 0.1059950 0.0685006 0.0904200 0.1001107 0.1003797 0.1000929 0.0640783 0.1005913 0.0880382 0.0805242 0.0692170 0.1104485 0.0599726 0.1037967 0.0543447 0.0491543 0.0949965 0.0917836 0.1010429 0.0847792 0.0746131 0.0655792 0.0848855 0.0856867 0.0720833 0.0706771 
S0417         0.1984412 0.0820967 0.0916935 0.0438412 0.0889260 0.0862302 0.1069553 0.0378508 0.0839193 0.0937477 0.1031114 0.0444331 0.0980219 0.0989043 0.0423174 0.0999040 0.0351883 0.0892845 0.1040783 0.0950883 0.0864148 0.0789645 0.0820789 0.0364905 0.0927414 0.0000000 0.0699663 0.0827384 0.0547758 0.0975470 0.0377704 0.0907247 0.1049269 0.1007315 0.1085826 0.0356583 0.0902878 0.0843110 0.0402068 0.0355154 0.0677038 0.0795402 0.0862731 0.0825071 0.0938438 0.1191453 0.0922301 0.0992528 0.0928855 0.0791182 0.0968625 0.0746607 0.0850225 0.0690426 0.0706619 0.0990203 0.0783670 0.0444931 0.0945529 0.0684077 0.0398685 0.0711933 0.0349768 0.0906132 0.0960502 0.0890164 0.0931440 0.0927035 0.1138744 0.0830540 0.1220099 0.1003796 0.1014865 0.1083253 0.0940678 0.0890537 0.1179368 0.0687572 0.1189350 0.0679425 0.0930587 0.0889294 0.0978635 0.0874245 0.0898466 0.1184198 0.0804444 0.0925986 0.0757253 0.0214918 0.0656889 0.0662984 0.1014431 0.0324213 0.0487304 0.0946458 0.0982078 0.0956448 0.0835919 0.0959014 0.0959792 0.0818549 0.0824264 0.0785095 0.0851688 0.0927239 0.0816787 0.0499866 0.0811948 0.0817183 0.0343841 0.0868280 0.0708463 0.0317670 0.0833615 0.0654725 0.0826118 0.0815839 0.0876702 0.0777720 0.0857508 0.0388448 0.0787967 0.0416984 0.0794250 0.0769740 0.0927957 0.0914207 0.0681492 0.0834017 0.0747724 0.0679091 0.0664640 0.0841622 0.0813904 0.0696343 
S0419         0.1949284 0.0801928 0.0298273 0.0897456 0.0454012 0.0827840 0.1011130 0.0823639 0.0818916 0.0891363 0.0986100 0.0888186 0.0934045 0.0983096 0.0898003 0.0945534 0.0794490 0.0859244 0.1005894 0.0912616 0.0856267 0.0755445 0.0785567 0.0835294 0.0905004 0.0699663 0.0000000 0.0854240 0.0906418 0.0925497 0.0682093 0.0882451 0.1031738 0.0959966 0.1010890 0.0815374 0.0851426 0.0782815 0.0876785 0.0635253 0.0733987 0.0766304 0.0856705 0.0374476 0.0891318 0.1148092 0.0920685 0.0954589 0.0883041 0.0780183 0.0941456 0.0130551 0.0812630 0.0084162 0.0088687 0.0979452 0.0348969 0.0764030 0.0930196 0.0746314 0.0712303 0.0676432 0.0867894 0.0877668 0.0925318 0.0873468 0.0896590 0.0930662 0.1074672 0.0373986 0.1163494 0.1012036 0.0977613 0.1052002 0.0915580 0.0880560 0.1144707 0.0077650 0.1144007 0.0746748 0.0911233 0.0883123 0.0958433 0.0835184 0.0877154 0.1141233 0.0771840 0.0876684 0.0722239 0.0743967 0.0728026 0.0716180 0.0990911 0.0759695 0.0940600 0.0882000 0.0934848 0.0915897 0.0783174 0.0939244 0.0923698 0.0802575 0.0782915 0.0730717 0.0804342 0.0919750 0.0803863 0.0790109 0.0794757 0.0803290 0.0806103 0.0827446 0.0093361 0.0776355 0.0376171 0.0728665 0.0800283 0.0563867 0.0856651 0.0763717 0.0837905 0.0851830 0.0749865 0.0762530 0.0776413 0.0739153 0.0919955 0.0879849 0.0743741 0.0820581 0.0707697 0.0617789 0.0362298 0.0817059 0.0777718 0.0661642 
S0427         0.1983454 0.0619929 0.1035492 0.1035350 0.1038898 0.0642238 0.1185774 0.0980972 0.0742028 0.0749617 0.0800676 0.1062041 0.1105857 0.1115338 0.1045751 0.1132953 0.0913826 0.0805970 0.0967325 0.1084044 0.0400544 0.0587291 0.0606907 0.0952045 0.0726645 0.0827384 0.0854240 0.0000000 0.1045468 0.1120113 0.0851887 0.0826158 0.0830392 0.1151349 0.1233465 0.0962814 0.0693935 0.0629124 0.1003901 0.0824634 0.0927156 0.0563679 0.0656650 0.0946974 0.1059188 0.1199333 0.0725696 0.1112688 0.0863370 0.0618011 0.0880566 0.0886797 0.0635033 0.0829696 0.0855593 0.0898450 0.0917627 0.0913729 0.1076241 0.0931422 0.0890673 0.0643447 0.1000429 0.1015291 0.0869719 0.0807794 0.0844318 0.0834452 0.0927947 0.0974978 0.1212527 0.0954357 0.1141984 0.1203034 0.0864561 0.0821938 0.1191849 0.0834514 0.1192862 0.0916036 0.0824757 0.0814884 0.1088101 0.0673457 0.0823087 0.1194447 0.0608455 0.0721631 0.0665062 0.0894661 0.0927098 0.0907711 0.1151501 0.0886090 0.1076936 0.1069063 0.1105931 0.1100667 0.0613124 0.1088252 0.0893918 0.0714705 0.0621721 0.0567125 0.0658389 0.0865857 0.0635176 0.0895215 0.0716547 0.0732736 0.0969608 0.0662553 0.0857637 0.0900968 0.0976314 0.0927356 0.0625322 0.0995722 0.0794171 0.0702231 0.0675019 0.0997779 0.0609034 0.0899892 0.0598595 0.0548470 0.0871138 0.0837299 0.0931596 0.0760785 0.0663436 0.0586032 0.0755239 0.0746369 0.0356741 0.0619740 
S0428sl       0.2262815 0.1011746 0.0963542 0.0787013 0.1113605 0.1075761 0.1322428 0.0715764 0.1049229 0.1007279 0.1245580 0.0698723 0.1219356 0.1233632 0.0742085 0.1258124 0.0652347 0.1103802 0.1102218 0.1202861 0.1054486 0.0998799 0.1028116 0.0701571 0.1136274 0.0547758 0.0906418 0.1045468 0.0000000 0.1223885 0.0617127 0.1123507 0.1294322 0.1252145 0.1297795 0.0652575 0.1098946 0.1039155 0.0715090 0.0583207 0.0908230 0.0996965 0.1027191 0.1016524 0.1184865 0.1391567 0.1117001 0.1223680 0.1137269 0.0998933 0.1155543 0.0966768 0.1052336 0.0895838 0.0919501 0.1234383 0.1018568 0.0685781 0.1199608 0.0905184 0.0624552 0.0906903 0.0576234 0.1121143 0.1182395 0.1106466 0.1166735 0.1162250 0.1267133 0.1036627 0.1416593 0.1221615 0.1258562 0.1331645 0.1177742 0.1125323 0.1387232 0.0900523 0.1383975 0.0907399 0.1146991 0.1096893 0.1241298 0.1082502 0.1121793 0.1388367 0.1017595 0.1119097 0.0926486 0.0612119 0.0882758 0.0882328 0.1238707 0.0646982 0.0835972 0.1177404 0.1228695 0.1216797 0.1045668 0.1232202 0.1196470 0.1024164 0.1041635 0.0993379 0.1035084 0.1142584 0.1031400 0.0738068 0.1009717 0.1034155 0.0670588 0.1072144 0.0922584 0.0645280 0.1040681 0.0891918 0.1028740 0.0877466 0.1086259 0.1002875 0.1050346 0.0704838 0.1004909 0.0658276 0.1035921 0.0962261 0.1153056 0.1131098 0.0925392 0.1042909 0.0942687 0.0937353 0.0861941 0.1064578 0.1024475 0.0898071 
