127
PAFTOL_019361 0.0000000 0.2415854 0.2122985 0.3245824 0.1928942 0.2483120 0.2941194 0.3162344 0.2489803 0.2574112 0.3186135 0.2816362 0.2557365 0.3115334 0.2884816 0.3163944 0.2428064 0.2296937 0.3209630 0.2417516 0.2380505 0.2808362 0.3148507 0.6216866 0.3053298 0.2458773 0.2669041 0.2288470 0.2368787 0.2689421 0.3049479 0.3163362 0.2797565 0.2707876 0.3284011 0.2626497 0.2705603 0.2903382 0.2529186 0.0000010 0.2989107 0.2534977 0.2975841 0.2656352 0.2996120 0.2297902 0.2195530 0.2170007 0.2413604 0.2012793 0.2615612 0.2631911 0.2599238 0.2480997 0.2045993 0.2781518 0.2793773 0.2415573 0.2472384 0.2368787 0.0000010 0.2289158 0.2903633 0.2264644 0.2699523 0.2858390 0.2228191 0.2311384 0.2688331 0.2195530 0.2534977 0.2873274 0.2119542 0.2486439 0.2260080 0.2392522 0.2641698 0.2487389 0.3037493 0.2660456 0.2691877 0.2599238 0.2599238 0.3121850 0.2579793 0.3469912 0.2857456 0.2842010 0.3067869 0.2677415 0.3010927 0.2714168 0.2487536 0.2567983 0.2411922 0.2733499 0.2235053 0.2536986 0.2729200 0.2330436 0.2355091 0.3358462 0.2772516 0.2195530 0.0000010 0.2411493 0.2743137 0.2652341 0.2387932 0.2063480 0.2438361 0.3069772 0.3346451 0.2592219 0.2565020 0.2598967 0.2587353 0.2401881 0.2641702 0.2492779 0.2924208 0.2045993 0.2293285 0.2269087 0.2389999 0.2214833 0.2492545 
S0055         0.2415854 0.0000000 0.0834228 0.0826890 0.0520198 0.0276502 0.0622308 0.0660761 0.0527696 0.0528424 0.0939287 0.0624421 0.0870310 0.0726943 0.1173544 0.0773541 0.0727729 0.0685291 0.0756818 0.0461648 0.0276502 0.0374458 0.0917725 0.0535207 0.0741443 0.0452442 0.0637864 0.0678013 0.0555967 0.0613839 0.0684157 0.0966429 0.0453692 0.0691658 0.0858951 0.0722848 0.0660018 0.0381460 0.0405582 0.0623557 0.0636004 0.1052218 0.0660060 0.0640867 0.0431742 0.0324667 0.0504711 0.0501583 0.0638926 0.0533736 0.0696427 0.0777740 0.0606582 0.0734468 0.0422128 0.0843690 0.0708521 0.0582999 0.0581701 0.0580380 0.0817419 0.0630207 0.1039701 0.0549250 0.0729154 0.0814354 0.0581817 0.0609638 0.0976755 0.0563537 0.0991528 0.0607187 0.0636779 0.0743428 0.0529415 0.0633681 0.0931187 0.0302575 0.0478773 0.0577687 0.0721840 0.0580722 0.0606582 0.0821112 0.0755890 0.0854563 0.0807841 0.0657678 0.0680944 0.0475632 0.0862698 0.0767161 0.0556680 0.0290082 0.0376926 0.0226270 0.0615982 0.0453359 0.0707917 0.0606990 0.0428125 0.0838153 0.0427180 0.0528647 0.0549220 0.0686530 0.0703029 0.0328834 0.0636763 0.0512762 0.0639741 0.0507514 0.0972417 0.0277495 0.0897800 0.0349242 0.0447122 0.0664621 0.0530387 0.0716512 0.0717319 0.0420694 0.0465250 0.0599251 0.0499829 0.0607686 0.0523163 
S0196sl       0.2122985 0.0834228 0.0000000 0.1017602 0.0512456 0.0597729 0.0856787 0.0834817 0.0728171 0.0730798 0.1018021 0.0818762 0.0876910 0.0860177 0.0905559 0.0776240 0.0992027 0.0779662 0.0949089 0.0614200 0.0641194 0.0642999 0.1016686 0.0506184 0.0820962 0.0605582 0.0843058 0.0728420 0.0840787 0.0784366 0.1031844 0.0976565 0.0730075 0.0789642 0.1021359 0.0818782 0.0637298 0.0689667 0.0612165 0.0000010 0.0824804 0.1252329 0.0826105 0.0750849 0.0735200 0.0736381 0.0513002 0.0508067 0.0844971 0.0565667 0.0772445 0.0987849 0.0552409 0.0772607 0.0641315 0.0872077 0.0970527 0.0839558 0.0791372 0.0883337 0.0000010 0.0728668 0.1473209 0.0375493 0.1016625 0.0968639 0.0651722 0.0834470 0.1330857 0.0510787 0.1258636 0.0939365 0.0735054 0.1072401 0.0730116 0.0687803 0.1303389 0.0640799 0.0978695 0.0740057 0.0748903 0.0552409 0.0552409 0.1031938 0.0814217 0.1031616 0.0915509 0.0761143 0.0870842 0.0818933 0.1187926 0.1013789 0.0730013 0.0624707 0.0604171 0.0557330 0.0696961 0.0690925 0.0766622 0.0772562 0.0644227 0.1004620 0.0873918 0.0552561 0.0000010 0.0730201 0.0641406 0.0691643 0.0779738 0.0739612 0.0644617 0.0791796 0.1076313 0.0641108 0.0972198 0.0685581 0.0636044 0.0917975 0.0834096 0.0637708 0.0882371 0.0594420 0.0541967 0.0640632 0.0600210 0.0783584 0.0640696 
S0278         0.3245824 0.0826890 0.1017602 0.0000000 0.0719646 0.0676945 0.0786260 0.0157889 0.0739534 0.1024864 0.0348237 0.0790050 0.0857735 0.0289666 0.1315298 0.0234988 0.0898010 0.1059358 0.0925438 0.0785802 0.0624752 0.0788513 0.0467326 0.0642427 0.0203139 0.0798071 0.0861451 0.0558631 0.0737730 0.0910020 0.1005051 0.0272821 0.0911510 0.1222148 0.0274497 0.0504976 0.0472084 0.0607488 0.0799791 0.0523830 0.0803889 0.1168739 0.0796320 0.0831058 0.0890563 0.0735571 0.0631811 0.0601980 0.0770292 0.0588236 0.0453644 0.0934180 0.0445794 0.0418709 0.0626149 0.0302919 0.0844268 0.0712238 0.0764399 0.0762597 0.1172059 0.0770291 0.1296189 0.0721854 0.0869133 0.1102746 0.0603027 0.0739929 0.1093153 0.0684348 0.1137071 0.0793938 0.0884348 0.0960488 0.0882133 0.0736787 0.1044812 0.0708567 0.0764332 0.0658065 0.0327044 0.0445831 0.0445794 0.0900577 0.0481075 0.0274073 0.1003543 0.0828582 0.0816426 0.0899239 0.1112339 0.0852378 0.0771285 0.0598104 0.0793071 0.0681130 0.0713967 0.0745020 0.0523692 0.0823668 0.0662246 0.0280186 0.0797203 0.0629869 0.0000026 0.0771283 0.0533548 0.0740045 0.0759682 0.0757197 0.0832435 0.0974362 0.0324124 0.0710209 0.0691226 0.0788902 0.0704789 0.0882874 0.0716461 0.0549353 0.0768123 0.0623961 0.0683165 0.0733491 0.0682835 0.0884982 0.0653356 
S0281         0.1928942 0.0520198 0.0512456 0.0719646 0.0000000 0.0333815 0.0458615 0.0523757 0.0516672 0.0475599 0.0636607 0.0464702 0.0600616 0.0647703 0.1022738 0.0635042 0.0683489 0.0516879 0.0572393 0.0359335 0.0368963 0.0440867 0.0635661 0.0589175 0.0519931 0.0337477 0.0451201 0.0554459 0.0602288 0.0718135 0.0599230 0.0641772 0.0475835 0.0515134 0.0717914 0.0629692 0.0514715 0.0481225 0.0452349 0.0000010 0.0428149 0.0932705 0.0710156 0.0414499 0.0480175 0.0443659 0.0269021 0.0232362 0.0606815 0.0236524 0.0591187 0.0721224 0.0442448 0.0591264 0.0406374 0.0597197 0.0634663 0.0603582 0.0600211 0.0638063 0.0000010 0.0265004 0.1108612 0.0248426 0.0689544 0.0598368 0.0485345 0.0602835 0.0952419 0.0233392 0.0936642 0.0563412 0.0371026 0.0751483 0.0476457 0.0444511 0.0932282 0.0408440 0.0632739 0.0484719 0.0567765 0.0478793 0.0442448 0.0687972 0.0664403 0.0603304 0.0554683 0.0458277 0.0463411 0.0512270 0.0797507 0.0594801 0.0517752 0.0386292 0.0374196 0.0479566 0.0488431 0.0443125 0.0628215 0.0553546 0.0445995 0.0696830 0.0480613 0.0267782 0.0000010 0.0336481 0.0517566 0.0448406 0.0301410 0.0484952 0.0525276 0.0558621 0.0764771 0.0368919 0.0876579 0.0440072 0.0439279 0.0593811 0.0559550 0.0442677 0.0636008 0.0368919 0.0316038 0.0335445 0.0371437 0.0481085 0.0480500 
S0282         0.2483120 0.0276502 0.0597729 0.0676945 0.0333815 0.0000000 0.0483699 0.0519914 0.0420787 0.0250355 0.0730354 0.0512843 0.0720714 0.0575382 0.1051920 0.0621324 0.0663713 0.0516051 0.0612574 0.0396421 0.0043773 0.0156421 0.0628496 0.0414548 0.0596474 0.0348165 0.0527931 0.0480369 0.0447502 0.0502236 0.0519295 0.0809417 0.0251427 0.0402347 0.0706688 0.0526011 0.0519329 0.0327302 0.0158364 0.0703535 0.0491769 0.0864139 0.0547722 0.0528514 0.0277006 0.0133782 0.0398150 0.0395758 0.0526537 0.0479160 0.0553381 0.0638068 0.0419342 0.0591036 0.0320166 0.0628765 0.0617994 0.0473328 0.0472289 0.0471259 0.0718777 0.0519610 0.0916920 0.0311309 0.0696220 0.0582920 0.0472367 0.0498863 0.0790481 0.0372634 0.0806898 0.0496920 0.0576067 0.0711939 0.0370570 0.0472157 0.0750088 0.0066287 0.0346310 0.0469122 0.0578703 0.0394995 0.0419342 0.0663006 0.0607677 0.0703264 0.0609190 0.0510381 0.0511781 0.0225527 0.0719687 0.0703237 0.0448080 0.0069126 0.0111639 0.0274040 0.0500572 0.0298606 0.0568939 0.0496757 0.0348934 0.0685858 0.0298836 0.0421501 0.0544741 0.0573214 0.0505594 0.0089149 0.0442317 0.0430280 0.0527242 0.0348789 0.0760413 0.0133712 0.0741949 0.0249792 0.0368143 0.0602861 0.0497738 0.0468137 0.0602250 0.0319107 0.0384030 0.0490619 0.0394425 0.0497334 0.0443406 
S0288         0.2941194 0.0622308 0.0856787 0.0786260 0.0458615 0.0483699 0.0000000 0.0677243 0.0589451 0.0743506 0.0906756 0.0045515 0.0459432 0.0806224 0.0454854 0.0731288 0.0646583 0.0528666 0.0067828 0.0467114 0.0483699 0.0588101 0.0805382 0.0539237 0.0733114 0.0458021 0.0022403 0.0696785 0.0587655 0.0708547 0.0524103 0.0867463 0.0677659 0.0976784 0.0731280 0.0742066 0.0672304 0.0461585 0.0600143 0.0621272 0.0045933 0.0991392 0.0648153 0.0067408 0.0627196 0.0592378 0.0566616 0.0510862 0.0565631 0.0494375 0.0714909 0.0538047 0.0617805 0.0698564 0.0509247 0.0743864 0.0258740 0.0510526 0.0558948 0.0612385 0.1213233 0.0532561 0.1045802 0.0531392 0.0618909 0.0672219 0.0431120 0.0483317 0.0945948 0.0501692 0.0961013 0.0432135 0.0535038 0.0664753 0.0677014 0.0613392 0.0936203 0.0513277 0.0593609 0.0587521 0.0738560 0.0644763 0.0617805 0.0122634 0.0746307 0.0730440 0.0614738 0.0023692 0.0045649 0.0699762 0.0644846 0.0747409 0.0615580 0.0452736 0.0567389 0.0563468 0.0708330 0.0539874 0.0720850 0.0588816 0.0485328 0.0858094 0.0646497 0.0538479 0.0826867 0.0587661 0.0688491 0.0542884 0.0499361 0.0574844 0.0565721 0.0709598 0.0969224 0.0485550 0.0980166 0.0587928 0.0534883 0.0667885 0.0531035 0.0731321 0.0610802 0.0533395 0.0472852 0.0587761 0.0403346 0.0589011 0.0617554 
S0289         0.3162344 0.0660761 0.0834817 0.0157889 0.0523757 0.0519914 0.0677243 0.0000000 0.0658415 0.0817803 0.0203545 0.0709421 0.0836066 0.0117292 0.1256020 0.0139694 0.0783885 0.0878016 0.0813491 0.0590089 0.0519914 0.0626015 0.0222941 0.0602880 0.0134100 0.0605005 0.0721522 0.0602153 0.0688206 0.0740685 0.0918707 0.0250803 0.0741765 0.0985462 0.0252337 0.0428384 0.0348502 0.0505440 0.0634772 0.0523830 0.0664683 0.1146336 0.0632019 0.0722338 0.0693194 0.0626758 0.0579060 0.0524293 0.0661545 0.0509316 0.0378102 0.0945168 0.0323346 0.0345431 0.0548221 0.0199025 0.0792753 0.0633928 0.0714732 0.0713057 0.1172059 0.0632740 0.1202223 0.0570914 0.0811240 0.1016243 0.0554459 0.0661090 0.1070333 0.0567449 0.1114631 0.0658183 0.0772102 0.0906606 0.0741032 0.0714242 0.1022266 0.0549180 0.0602222 0.0552718 0.0206937 0.0347592 0.0323346 0.0914258 0.0404698 0.0204195 0.0952579 0.0745344 0.0706482 0.0732001 0.1003011 0.0741474 0.0689079 0.0465503 0.0629563 0.0523017 0.0637979 0.0580312 0.0447666 0.0740642 0.0582330 0.0208008 0.0632718 0.0551424 0.0000026 0.0633541 0.0405661 0.0578429 0.0561568 0.0673959 0.0721104 0.0773294 0.0252112 0.0550395 0.0584806 0.0626335 0.0546373 0.0770909 0.0608936 0.0472816 0.0718231 0.0546327 0.0545156 0.0653301 0.0577136 0.0689484 0.0574794 
S0292         0.2489803 0.0527696 0.0728171 0.0739534 0.0516672 0.0420787 0.0589451 0.0658415 0.0000000 0.0767559 0.0908404 0.0592225 0.0770529 0.0694529 0.1050920 0.0711568 0.0502326 0.0587287 0.0694612 0.0492982 0.0420787 0.0549545 0.0814033 0.0453746 0.0656682 0.0501438 0.0607060 0.0669304 0.0397998 0.0689968 0.0799993 0.0875473 0.0524990 0.0866388 0.0770356 0.0664488 0.0602804 0.0481115 0.0556865 0.0713602 0.0575510 0.0981748 0.0710831 0.0660407 0.0584252 0.0524538 0.0476152 0.0473232 0.0422985 0.0560262 0.0639589 0.0861309 0.0550527 0.0650591 0.0346503 0.0792431 0.0697675 0.0423284 0.0472126 0.0421587 0.0890481 0.0628215 0.1035627 0.0514527 0.0755290 0.0868477 0.0422427 0.0498679 0.0907358 0.0482624 0.0951693 0.0498657 0.0524628 0.0825954 0.0519499 0.0370339 0.0863984 0.0423925 0.0657404 0.0468962 0.0662719 0.0525175 0.0550527 0.0752543 0.0669255 0.0879963 0.0829824 0.0622477 0.0646844 0.0627431 0.1010030 0.0650436 0.0111482 0.0390348 0.0500603 0.0472393 0.0397224 0.0448126 0.0703026 0.0204025 0.0044300 0.0749451 0.0605912 0.0499857 0.0469410 0.0684318 0.0643681 0.0451618 0.0632332 0.0279584 0.0476221 0.0662239 0.0880773 0.0422337 0.0834344 0.0496025 0.0520535 0.0602582 0.0497554 0.0684986 0.0524646 0.0345354 0.0410644 0.0569844 0.0345872 0.0524789 0.0421834 
S0293         0.2574112 0.0528424 0.0730798 0.1024864 0.0475599 0.0250355 0.0743506 0.0817803 0.0767559 0.0000000 0.1073739 0.0758704 0.0828350 0.0793915 0.0747907 0.0859328 0.1053767 0.0772439 0.0906454 0.0511578 0.0207628 0.0338457 0.1009630 0.0633348 0.0963326 0.0528122 0.0684067 0.0671777 0.0782833 0.0782759 0.0834605 0.1085641 0.0521508 0.0419471 0.1139355 0.0912889 0.0660392 0.0672816 0.0349945 0.0000010 0.0707116 0.1175486 0.0869022 0.0683292 0.0481757 0.0251525 0.0524610 0.0620010 0.0894097 0.0583419 0.0860508 0.1101732 0.0613325 0.0860736 0.0521230 0.0967096 0.0982798 0.0887710 0.0729307 0.0829456 0.0000010 0.0614172 0.1415949 0.0412554 0.1163814 0.0833780 0.0776636 0.0779810 0.1259589 0.0522093 0.1125119 0.0780675 0.0724977 0.1150580 0.0430540 0.0719157 0.1231095 0.0342050 0.0723460 0.0774887 0.0890640 0.0613325 0.0613325 0.0833505 0.0907226 0.1031963 0.0871102 0.0696070 0.0705263 0.0427277 0.1155075 0.0972275 0.0769738 0.0354743 0.0344859 0.0480154 0.0672858 0.0479741 0.0819273 0.0867127 0.0719544 0.1058161 0.0575195 0.0568450 0.0000010 0.0716750 0.0713403 0.0297401 0.0667826 0.0777377 0.0775777 0.0581578 0.1253426 0.0384483 0.1035315 0.0384011 0.0661139 0.0867845 0.0825309 0.0613347 0.1042737 0.0521230 0.0652241 0.0618138 0.0669736 0.0672354 0.0765824 
S0299         0.3186135 0.0939287 0.1018021 0.0348237 0.0636607 0.0730354 0.0906756 0.0203545 0.0908404 0.1073739 0.0000000 0.0971309 0.1043387 0.0365634 0.1570153 0.0386047 0.1019187 0.1147971 0.1079797 0.0925486 0.0730354 0.0843666 0.0338467 0.0806636 0.0321961 0.0909592 0.0978953 0.0796154 0.0905533 0.1024277 0.1165748 0.0421362 0.0934688 0.1271037 0.0448812 0.0637645 0.0601635 0.0746483 0.0800436 0.0785827 0.0956819 0.1340207 0.0907560 0.0894777 0.0976398 0.0844728 0.0795890 0.0736748 0.0911904 0.0725173 0.0558474 0.1219454 0.0574051 0.0545358 0.0761370 0.0372461 0.0971544 0.0851045 0.0933284 0.0930995 0.1299101 0.0852985 0.1397918 0.0812093 0.1092391 0.1167131 0.0737315 0.0879875 0.1263168 0.0761154 0.1306846 0.0939883 0.1031556 0.1177465 0.0939140 0.0912348 0.1209810 0.0762758 0.0874166 0.0795625 0.0427528 0.0599987 0.0574051 0.1209090 0.0613326 0.0348207 0.1165607 0.1022278 0.0967056 0.0900265 0.1314038 0.0997704 0.0942501 0.0682231 0.0821088 0.0788488 0.0917078 0.0911457 0.0655388 0.0996678 0.0828536 0.0404695 0.0908565 0.0766036 0.0223951 0.0854092 0.0667920 0.0794968 0.0752944 0.0930640 0.0978306 0.1003384 0.0323140 0.0818655 0.0859233 0.0898938 0.0812243 0.1029687 0.0857031 0.0681988 0.0974291 0.0758655 0.0826597 0.0872894 0.0820886 0.0999050 0.0762862 
S0303         0.2816362 0.0624421 0.0818762 0.0790050 0.0464702 0.0512843 0.0045515 0.0709421 0.0592225 0.0758704 0.0971309 0.0000000 0.0410449 0.0842097 0.0454205 0.0734454 0.0705408 0.0557348 0.0022572 0.0473428 0.0512843 0.0618643 0.0861809 0.0610972 0.0736648 0.0410112 0.0045216 0.0664092 0.0538214 0.0744640 0.0553840 0.0817477 0.0709850 0.0952441 0.0734797 0.0745683 0.0675509 0.0518542 0.0631446 0.0702040 0.0046110 0.1000646 0.0679839 0.0090757 0.0604312 0.0623198 0.0543038 0.0461675 0.0568314 0.0495740 0.0718393 0.0593463 0.0620738 0.0674927 0.0511641 0.0751538 0.0285326 0.0512923 0.0535660 0.0562898 0.1204352 0.0536276 0.1115599 0.0563924 0.0621976 0.0678321 0.0458449 0.0485586 0.0984263 0.0468607 0.0969948 0.0512236 0.0563930 0.0641357 0.0681420 0.0669763 0.0973999 0.0543028 0.0651546 0.0561888 0.0743764 0.0647830 0.0620738 0.0073579 0.0722016 0.0763522 0.0619228 0.0023889 0.0092036 0.0732039 0.0703877 0.0750954 0.0592098 0.0482756 0.0597941 0.0593787 0.0711753 0.0570008 0.0724268 0.0565366 0.0461946 0.0835609 0.0678083 0.0514991 0.0821091 0.0591811 0.0691850 0.0573214 0.0506068 0.0552111 0.0568409 0.0714265 0.0973991 0.0514830 0.0955610 0.0565444 0.0512725 0.0725273 0.0531832 0.0734837 0.0615229 0.0535889 0.0448844 0.0564362 0.0405213 0.0619615 0.0620494 
S0308         0.2557365 0.0870310 0.0876910 0.0857735 0.0600616 0.0720714 0.0459432 0.0836066 0.0770529 0.0828350 0.1043387 0.0410449 0.0000000 0.0947452 0.0975586 0.0861875 0.0923908 0.0675915 0.0535637 0.0656327 0.0720714 0.0831016 0.1071850 0.0911276 0.0833670 0.0666955 0.0480226 0.0919848 0.0717723 0.0988409 0.0771920 0.0999888 0.0898513 0.1054523 0.0885572 0.0904285 0.0771282 0.0644745 0.0876792 0.0891082 0.0469085 0.1240447 0.0812600 0.0453729 0.0820325 0.0837337 0.0746026 0.0687530 0.0667792 0.0728278 0.0872826 0.0771572 0.0770266 0.0909207 0.0690539 0.0969976 0.0384600 0.0692348 0.0687715 0.0742741 0.1573149 0.0744124 0.1329118 0.0743446 0.0779895 0.0838906 0.0634801 0.0663325 0.1195609 0.0641959 0.1207975 0.0666056 0.0690632 0.0791672 0.0782518 0.0853784 0.1182831 0.0753701 0.0923937 0.0772194 0.0896432 0.0797867 0.0770266 0.0576843 0.0876477 0.0947560 0.0747715 0.0429061 0.0543728 0.0893690 0.0915725 0.0798284 0.0770357 0.0698664 0.0783635 0.0805889 0.0870474 0.0750844 0.0965631 0.0773524 0.0664537 0.0972419 0.0838295 0.0716503 0.0836362 0.0803111 0.0846159 0.0786505 0.0681747 0.0765079 0.0696183 0.0935065 0.1073005 0.0723591 0.1176009 0.0775559 0.0802004 0.0879716 0.0799050 0.0887376 0.0858471 0.0715001 0.0549692 0.0799801 0.0527516 0.0858511 0.0804047 
S0320         0.3115334 0.0726943 0.0860177 0.0289666 0.0647703 0.0575382 0.0806224 0.0117292 0.0694529 0.0793915 0.0365634 0.0842097 0.0947452 0.0000000 0.1381805 0.0274701 0.0861104 0.0964154 0.0954099 0.0633175 0.0575382 0.0688950 0.0379712 0.0758261 0.0262930 0.0696067 0.0852498 0.0735288 0.0786304 0.0753332 0.0977123 0.0390672 0.0813653 0.0944152 0.0341931 0.0479777 0.0445748 0.0560085 0.0716193 0.0610714 0.0795424 0.1255759 0.0725270 0.0853522 0.0791400 0.0634839 0.0696091 0.0636088 0.0760288 0.0593209 0.0426063 0.1067898 0.0418333 0.0390175 0.0579891 0.0363549 0.0902293 0.0759064 0.0814892 0.0812834 0.1284107 0.0754483 0.1315829 0.0671484 0.0969688 0.1071748 0.0669731 0.0817795 0.1174919 0.0697683 0.1221336 0.0785064 0.0877235 0.1026579 0.0785208 0.0843036 0.1121216 0.0577857 0.0691276 0.0584733 0.0344965 0.0444501 0.0418333 0.1043073 0.0426569 0.0340039 0.1040318 0.0856282 0.0838317 0.0775392 0.1164018 0.0814893 0.0758867 0.0490259 0.0691577 0.0579036 0.0761043 0.0700412 0.0579792 0.0813954 0.0644421 0.0341767 0.0696515 0.0665794 0.0072575 0.0755501 0.0480582 0.0608944 0.0689690 0.0772717 0.0822604 0.0877585 0.0392879 0.0608439 0.0535969 0.0689314 0.0604843 0.0843282 0.0728972 0.0580207 0.0819109 0.0577769 0.0637078 0.0775727 0.0665767 0.0816483 0.0581161 
S0322         0.2884816 0.1173544 0.0905559 0.1315298 0.1022738 0.1051920 0.0454854 0.1256020 0.1050920 0.0747907 0.1570153 0.0454205 0.0975586 0.1381805 0.0000000 0.1067182 0.1163235 0.0632701 0.0451707 0.0603417 0.1051920 0.1119702 0.1596945 0.1378982 0.1333110 0.0912883 0.0420068 0.1266228 0.1160029 0.1256279 0.1185595 0.1365313 0.1244581 0.1139619 0.1350821 0.1330815 0.1201026 0.0955728 0.1184756 0.1146371 0.0431873 0.1558346 0.1122426 0.0570027 0.1135564 0.1163211 0.1063200 0.1019794 0.1096815 0.1034414 0.1308177 0.1189540 0.1165976 0.1242980 0.1087763 0.1376447 0.0901478 0.1091533 0.1150262 0.1191797 0.1982747 0.0970810 0.1760080 0.1128627 0.1391749 0.1235750 0.1042666 0.1084434 0.1539468 0.1081487 0.1516807 0.1017463 0.1111039 0.1405409 0.1244510 0.1148594 0.1524764 0.1097591 0.1280016 0.1159902 0.1229000 0.1166272 0.1165976 0.0173059 0.1292475 0.1249130 0.1292017 0.0142441 0.0518320 0.1272936 0.1337429 0.1295592 0.1082793 0.1002827 0.1136805 0.1129213 0.1130452 0.1092338 0.1230674 0.1120771 0.0984728 0.1481917 0.1205362 0.1058945 0.1202899 0.1046432 0.1244643 0.1142858 0.1075637 0.1118083 0.1125856 0.1247589 0.1569776 0.1057251 0.1573975 0.1088577 0.0977680 0.1262351 0.1107605 0.1320046 0.1180905 0.1118249 0.1014017 0.1121446 0.0937495 0.1082167 0.1240616 
S0327         0.3163944 0.0773541 0.0776240 0.0234988 0.0635042 0.0621324 0.0731288 0.0139694 0.0711568 0.0859328 0.0386047 0.0734454 0.0861875 0.0274701 0.1067182 0.0000000 0.0844692 0.0857748 0.0875922 0.0616078 0.0621324 0.0702844 0.0365011 0.0644675 0.0234332 0.0657774 0.0778627 0.0554860 0.0771466 0.0830016 0.0924956 0.0358898 0.0860105 0.1092932 0.0309951 0.0470965 0.0359319 0.0580646 0.0745821 0.0608361 0.0749890 0.1195313 0.0626944 0.0779544 0.0807648 0.0735932 0.0597474 0.0567314 0.0748992 0.0554470 0.0391711 0.0981491 0.0333323 0.0383264 0.0595839 0.0138177 0.0850802 0.0744766 0.0739865 0.0797483 0.1379450 0.0710809 0.1253701 0.0626671 0.0877402 0.1025686 0.0573584 0.0712546 0.1144565 0.0598267 0.1162038 0.0830598 0.0771063 0.0971973 0.0858888 0.0770328 0.1096142 0.0653232 0.0652394 0.0574067 0.0214577 0.0333323 0.0333323 0.0906605 0.0393462 0.0360633 0.0927424 0.0767999 0.0797855 0.0848185 0.1140095 0.0799017 0.0711408 0.0567915 0.0739377 0.0625257 0.0715639 0.0717694 0.0464779 0.0738519 0.0604605 0.0240450 0.0710714 0.0595665 0.0146108 0.0711746 0.0367037 0.0685061 0.0676137 0.0729098 0.0748043 0.0894844 0.0335789 0.0654778 0.0578993 0.0735379 0.0649674 0.0830071 0.0660048 0.0487736 0.0803522 0.0593694 0.0590999 0.0706302 0.0626246 0.0744071 0.0623748 
S0335         0.2428064 0.0727729 0.0992027 0.0898010 0.0683489 0.0663713 0.0646583 0.0783885 0.0502326 0.1053767 0.1019187 0.0705408 0.0923908 0.0861104 0.1163235 0.0844692 0.0000000 0.0362976 0.0808682 0.0595004 0.0663713 0.0804666 0.0981538 0.0770822 0.0781683 0.0662983 0.0663757 0.0890272 0.0582082 0.0960984 0.0836422 0.0985423 0.0834037 0.1082801 0.0902455 0.0763110 0.0752317 0.0621411 0.0815963 0.0705479 0.0660794 0.1022416 0.0895508 0.0718182 0.0846355 0.0750028 0.0694894 0.0637154 0.0609083 0.0703935 0.0765191 0.0898906 0.0696846 0.0746475 0.0530783 0.0898363 0.0728177 0.0583469 0.0634580 0.0606566 0.1088039 0.0740857 0.1049814 0.0615518 0.0919409 0.0990672 0.0503052 0.0663002 0.0947122 0.0643660 0.0991755 0.0635075 0.0583978 0.0924619 0.0831030 0.0691123 0.0902325 0.0695725 0.0923469 0.0582745 0.0789199 0.0724255 0.0696846 0.0908331 0.0768798 0.1017736 0.0920861 0.0680230 0.0732698 0.0828611 0.1117576 0.0629204 0.0582827 0.0639981 0.0779833 0.0720668 0.0670597 0.0694773 0.0774433 0.0692153 0.0453476 0.0845699 0.0867949 0.0665748 0.0646815 0.0799537 0.0770551 0.0727610 0.0802116 0.0599339 0.0561563 0.0930462 0.1018753 0.0666327 0.0993931 0.0745341 0.0743938 0.0553981 0.0373644 0.0840022 0.0478828 0.0528928 0.0574593 0.0769450 0.0425256 0.0718024 0.0612265 
S0345         0.2296937 0.0685291 0.0779662 0.1059358 0.0516879 0.0516051 0.0528666 0.0878016 0.0587287 0.0772439 0.1147971 0.0557348 0.0675915 0.0964154 0.0632701 0.0857748 0.0362976 0.0000000 0.0892804 0.0441913 0.0516051 0.0676911 0.1145954 0.0000010 0.0779884 0.0610856 0.0531095 0.0441385 0.0593709 0.0870776 0.0969688 0.0968466 0.0669935 0.0679300 0.0978824 0.0444960 0.0518301 0.0599195 0.0636164 0.0000010 0.0637012 0.0878802 0.0759048 0.0778008 0.0601933 0.0516051 0.0518874 0.0513684 0.0785704 0.0287649 0.0441360 0.0877638 0.0440522 0.0520366 0.0284175 0.0774419 0.0668551 0.0522330 0.0515161 0.0593709 0.0000010 0.0595710 0.0980375 0.0304153 0.0740046 0.1352146 0.0213360 0.0443514 0.0885723 0.0518874 0.0878802 0.0519340 0.0282812 0.0689656 0.0512713 0.0433650 0.0878802 0.0601505 0.0861668 0.0516945 0.0523365 0.0440522 0.0440522 0.0870456 0.0519303 0.1183822 0.1031219 0.0607172 0.0644231 0.0675479 0.1165479 0.0504310 0.0503313 0.0466258 0.0615012 0.0683843 0.0438401 0.0597662 0.0686751 0.0658345 0.0503313 0.1113950 0.0851484 0.0518874 0.0000010 0.0771833 0.0525066 0.0693039 0.0683604 0.0433285 0.0361265 0.0691941 0.1161604 0.0595886 0.0694853 0.0518375 0.0515884 0.0508815 0.0438739 0.0441360 0.0602533 0.0284175 0.0455859 0.0433308 0.0281267 0.0599883 0.0518836 
S0355         0.3209630 0.0756818 0.0949089 0.0925438 0.0572393 0.0612574 0.0067828 0.0813491 0.0694612 0.0906454 0.1079797 0.0022572 0.0535637 0.0954099 0.0451707 0.0875922 0.0808682 0.0892804 0.0000000 0.0596164 0.0612574 0.0719963 0.0995961 0.0608420 0.0871119 0.0508319 0.0090202 0.0818489 0.0664127 0.0817895 0.0630335 0.0981987 0.0813940 0.1094446 0.0868926 0.0881859 0.0807468 0.0619423 0.0734926 0.0786981 0.0022879 0.1107815 0.0783156 0.0158845 0.0707411 0.0725321 0.0672152 0.0614505 0.0697813 0.0626728 0.0854036 0.0669144 0.0751235 0.0806783 0.0638785 0.0909538 0.0407590 0.0640442 0.0662923 0.0690850 0.1302584 0.0635856 0.1223834 0.0677136 0.0758265 0.0724795 0.0558089 0.0612087 0.1092550 0.0617980 0.1076605 0.0559430 0.0692306 0.0798264 0.0784921 0.0745802 0.1081110 0.0643926 0.0754310 0.0719328 0.0879682 0.0778998 0.0751235 0.0073132 0.0856237 0.0868189 0.0720300 0.0071491 0.0068319 0.0835765 0.0807116 0.0883472 0.0694459 0.0586436 0.0699895 0.0695093 0.0846114 0.0671366 0.0824693 0.0667232 0.0562169 0.0974731 0.0781126 0.0643054 0.0911528 0.0692727 0.0827156 0.0675196 0.0615040 0.0683463 0.0667770 0.0819029 0.1115412 0.0614969 0.1097981 0.0665968 0.0638682 0.0802011 0.0658137 0.0868939 0.0742582 0.0663186 0.0551595 0.0692845 0.0528751 0.0721116 0.0750924 
S0376         0.2417516 0.0461648 0.0614200 0.0785802 0.0359335 0.0396421 0.0467114 0.0590089 0.0492982 0.0511578 0.0925486 0.0473428 0.0656327 0.0633175 0.0603417 0.0616078 0.0595004 0.0441913 0.0596164 0.0000000 0.0396421 0.0517687 0.0852313 0.0583280 0.0719330 0.0190832 0.0463448 0.0559088 0.0491721 0.0563300 0.0646152 0.0889714 0.0590805 0.0693893 0.0691320 0.0664003 0.0522283 0.0342479 0.0530162 0.0627343 0.0449044 0.0977758 0.0488387 0.0494698 0.0561783 0.0488990 0.0429209 0.0396351 0.0561053 0.0467393 0.0599505 0.0819593 0.0490705 0.0583817 0.0306782 0.0827171 0.0604248 0.0432549 0.0428449 0.0520915 0.1125830 0.0483907 0.1115618 0.0434805 0.0768065 0.0756082 0.0430495 0.0522461 0.0990163 0.0361951 0.0941103 0.0463256 0.0460664 0.0783113 0.0588861 0.0586026 0.0938128 0.0430041 0.0585839 0.0490404 0.0628405 0.0490705 0.0490705 0.0618905 0.0602815 0.0789400 0.0821291 0.0467245 0.0540718 0.0647601 0.0891331 0.0643866 0.0492861 0.0386817 0.0490120 0.0398622 0.0596084 0.0464313 0.0679258 0.0554168 0.0399223 0.0698458 0.0553870 0.0397870 0.0561004 0.0548189 0.0569010 0.0463903 0.0457884 0.0473656 0.0461301 0.0658111 0.0892402 0.0398186 0.0734908 0.0457327 0.0427264 0.0585660 0.0489069 0.0683603 0.0657546 0.0336023 0.0440447 0.0487349 0.0336206 0.0276305 0.0427861 
S0400         0.2380505 0.0276502 0.0641194 0.0624752 0.0368963 0.0043773 0.0483699 0.0519914 0.0420787 0.0207628 0.0730354 0.0512843 0.0720714 0.0575382 0.1051920 0.0621324 0.0663713 0.0516051 0.0612574 0.0396421 0.0000000 0.0156421 0.0671479 0.0414548 0.0596474 0.0348165 0.0527931 0.0444321 0.0447502 0.0502236 0.0572349 0.0809417 0.0251427 0.0435216 0.0706688 0.0577337 0.0519329 0.0327302 0.0158364 0.0618492 0.0491769 0.0864139 0.0547722 0.0528514 0.0277006 0.0088673 0.0398150 0.0395758 0.0526537 0.0479160 0.0553381 0.0691474 0.0468735 0.0591036 0.0320166 0.0666962 0.0617994 0.0473328 0.0472289 0.0471259 0.0718466 0.0519610 0.0916920 0.0338507 0.0696220 0.0635413 0.0472367 0.0498863 0.0790481 0.0408501 0.0806898 0.0496920 0.0576067 0.0711939 0.0322330 0.0472157 0.0750088 0.0066287 0.0346310 0.0469122 0.0578703 0.0444113 0.0468735 0.0605894 0.0607677 0.0703264 0.0662018 0.0510381 0.0511781 0.0225527 0.0774170 0.0703237 0.0448080 0.0069126 0.0157208 0.0274040 0.0500572 0.0251172 0.0620080 0.0496757 0.0348934 0.0685858 0.0298836 0.0421501 0.0544741 0.0573214 0.0557167 0.0089149 0.0478660 0.0430280 0.0527242 0.0348789 0.0760413 0.0133712 0.0741949 0.0249792 0.0368143 0.0655089 0.0497738 0.0518043 0.0602250 0.0319107 0.0384030 0.0490619 0.0394425 0.0497334 0.0443406 
S0405         0.2808362 0.0374458 0.0642999 0.0788513 0.0440867 0.0156421 0.0588101 0.0626015 0.0549545 0.0338457 0.0843666 0.0618643 0.0831016 0.0688950 0.1119702 0.0702844 0.0804666 0.0676911 0.0719963 0.0517687 0.0156421 0.0000000 0.0633199 0.0530205 0.0705018 0.0446681 0.0632064 0.0592794 0.0577865 0.0583491 0.0680897 0.0925097 0.0373669 0.0436752 0.0733803 0.0713300 0.0594645 0.0403929 0.0277333 0.0891381 0.0598042 0.1073523 0.0599617 0.0632761 0.0350851 0.0250487 0.0472017 0.0469142 0.0660820 0.0583862 0.0632636 0.0800764 0.0543125 0.0724928 0.0443923 0.0668730 0.0726428 0.0604886 0.0574103 0.0602181 0.1005422 0.0594952 0.1128286 0.0421773 0.0810434 0.0714269 0.0574215 0.0601614 0.0968745 0.0481966 0.1012983 0.0628964 0.0680851 0.0820788 0.0496985 0.0603365 0.0952765 0.0180513 0.0420545 0.0599398 0.0688049 0.0518130 0.0543125 0.0780035 0.0715395 0.0815619 0.0770115 0.0620970 0.0620870 0.0250505 0.0885706 0.0843053 0.0522813 0.0164370 0.0181415 0.0322754 0.0633688 0.0422462 0.0755789 0.0599039 0.0475509 0.0744726 0.0369863 0.0495515 0.0815873 0.0649819 0.0634740 0.0204873 0.0553199 0.0562237 0.0661639 0.0451007 0.0875236 0.0227351 0.0885477 0.0371175 0.0444151 0.0793948 0.0629976 0.0593154 0.0738974 0.0442422 0.0486415 0.0620769 0.0521627 0.0599715 0.0572424 
S0407sl       0.3148507 0.0917725 0.1016686 0.0467326 0.0635661 0.0628496 0.0805382 0.0222941 0.0814033 0.1009630 0.0338467 0.0861809 0.1071850 0.0379712 0.1596945 0.0365011 0.0981538 0.1145954 0.0995961 0.0852313 0.0671479 0.0633199 0.0000000 0.0688895 0.0418727 0.0726351 0.0835258 0.0726880 0.0979667 0.1013805 0.0966848 0.0385533 0.0766147 0.0792014 0.0468984 0.0589897 0.0502679 0.0770932 0.0764952 0.0000010 0.0773461 0.1190354 0.0732933 0.0877553 0.0818791 0.0721905 0.0687245 0.0683776 0.0887126 0.0651999 0.0546885 0.1127463 0.0421415 0.0546957 0.0770289 0.0341488 0.0922058 0.0934596 0.1022831 0.1022831 0.0000010 0.0680713 0.1251307 0.0368657 0.1020372 0.0962298 0.0781205 0.0980709 0.1117473 0.0640304 0.1196276 0.0883381 0.0871087 0.1118791 0.0901441 0.0774792 0.1089814 0.0676048 0.0814563 0.0559104 0.0393176 0.0462252 0.0421415 0.1203439 0.0587007 0.0385750 0.0867046 0.0886645 0.0809444 0.0756708 0.1221266 0.0965387 0.0867032 0.0658080 0.0726332 0.0726258 0.0780114 0.0728722 0.0685841 0.0910591 0.0778754 0.0427456 0.0769249 0.0683444 0.0000010 0.0682122 0.0461743 0.0727051 0.0679395 0.0921880 0.0924676 0.0867830 0.0555406 0.0721386 0.0963705 0.0810312 0.0630560 0.0865235 0.0831340 0.0421660 0.0926726 0.0721386 0.0634630 0.0814139 0.0729232 0.0915303 0.0678232 
S0412sl       0.6216866 0.0535207 0.0506184 0.0642427 0.0589175 0.0414548 0.0539237 0.0602880 0.0453746 0.0633348 0.0806636 0.0610972 0.0911276 0.0758261 0.1378982 0.0644675 0.0770822 0.0000010 0.0608420 0.0583280 0.0414548 0.0530205 0.0688895 0.0000000 0.0566267 0.0490940 0.0646254 0.0888488 0.0566948 0.0456403 0.0719150 0.0834330 0.0495855 0.1182211 0.0644199 0.0697320 0.0608741 0.0386072 0.0524948 0.0627440 0.0548029 0.1073175 0.0493330 0.0491248 0.0576457 0.0569166 0.0495620 0.0493472 0.0525342 0.0663692 0.0703300 0.0819156 0.0569009 0.0678444 0.0488157 0.0817433 0.0546067 0.0489716 0.0566628 0.0602735 0.0908644 0.0726152 0.1066510 0.0544822 0.0814662 0.0539107 0.0525482 0.0641768 0.0920357 0.0595530 0.1028141 0.0565039 0.0808527 0.0902005 0.0693687 0.0643046 0.0897792 0.0417007 0.0530439 0.0559728 0.0643149 0.0531303 0.0569009 0.0605544 0.0708430 0.0716371 0.0691093 0.0547210 0.0610370 0.0646393 0.0950581 0.0930535 0.0535932 0.0390598 0.0525155 0.0453801 0.0693636 0.0422720 0.0714603 0.0533785 0.0384987 0.0602880 0.0534252 0.0530874 0.0552700 0.0726152 0.0666191 0.0341995 0.0738501 0.0545890 0.0651585 0.0533475 0.0767477 0.0380217 0.0866195 0.0525082 0.0415044 0.0809489 0.0681340 0.0770943 0.0560001 0.0485696 0.0430305 0.0678494 0.0452325 0.0729232 0.0488757 
S0417         0.3053298 0.0741443 0.0820962 0.0203139 0.0519931 0.0596474 0.0733114 0.0134100 0.0656682 0.0963326 0.0321961 0.0736648 0.0833670 0.0262930 0.1333110 0.0234332 0.0781683 0.0779884 0.0871119 0.0719330 0.0596474 0.0705018 0.0418727 0.0566267 0.0000000 0.0713417 0.0777260 0.0669082 0.0686358 0.0848470 0.0948923 0.0296588 0.0769558 0.1141266 0.0298413 0.0476227 0.0444179 0.0608132 0.0714972 0.0531083 0.0749495 0.1232731 0.0790847 0.0778145 0.0802937 0.0705872 0.0551522 0.0497429 0.0718269 0.0482078 0.0425604 0.0887607 0.0418308 0.0391712 0.0521210 0.0264012 0.0790489 0.0661019 0.0712803 0.0711138 0.1190292 0.0659668 0.1289033 0.0597700 0.0756508 0.1046652 0.0502062 0.0688398 0.1156788 0.0523825 0.1200516 0.0741920 0.0741692 0.0851582 0.0850477 0.0685856 0.1106719 0.0626823 0.0681082 0.0602735 0.0300807 0.0443007 0.0418308 0.0977903 0.0452556 0.0297950 0.0948934 0.0805193 0.0762883 0.0813089 0.1003981 0.0793342 0.0687235 0.0544370 0.0709050 0.0624645 0.0633853 0.0714868 0.0471074 0.0738626 0.0580840 0.0254398 0.0712655 0.0524227 0.0000022 0.0685581 0.0504275 0.0657089 0.0596236 0.0672132 0.0665638 0.0884908 0.0298144 0.0600075 0.0686537 0.0705375 0.0648099 0.0823142 0.0607356 0.0520364 0.0716281 0.0519411 0.0544221 0.0625230 0.0524691 0.0798002 0.0571781 
S0427         0.2458773 0.0452442 0.0605582 0.0798071 0.0337477 0.0348165 0.0458021 0.0605005 0.0501438 0.0528122 0.0909592 0.0410112 0.0666955 0.0696067 0.0912883 0.0657774 0.0662983 0.0610856 0.0508319 0.0190832 0.0348165 0.0446681 0.0726351 0.0490940 0.0713417 0.0000000 0.0426786 0.0560150 0.0556186 0.0586568 0.0626178 0.0880348 0.0529262 0.0690410 0.0771300 0.0694670 0.0602706 0.0352555 0.0480733 0.0613710 0.0364234 0.0954331 0.0578107 0.0477625 0.0430159 0.0449756 0.0349989 0.0347893 0.0554966 0.0456079 0.0668430 0.0717475 0.0550422 0.0653945 0.0446293 0.0758630 0.0618116 0.0556152 0.0552730 0.0580604 0.1098916 0.0418049 0.1066635 0.0459202 0.0721815 0.0692675 0.0501671 0.0580248 0.0937800 0.0303919 0.0924434 0.0580238 0.0550977 0.0765929 0.0476926 0.0552375 0.0893603 0.0375162 0.0526424 0.0551108 0.0693695 0.0525068 0.0550422 0.0549644 0.0698522 0.0770665 0.0687769 0.0403107 0.0515952 0.0551049 0.0800615 0.0733491 0.0501335 0.0339969 0.0424019 0.0398653 0.0614487 0.0401955 0.0760113 0.0526370 0.0401146 0.0780854 0.0500670 0.0373255 0.0726326 0.0469614 0.0616752 0.0402281 0.0373088 0.0460167 0.0555701 0.0532369 0.0942312 0.0349432 0.0811726 0.0373001 0.0396992 0.0684961 0.0576941 0.0710928 0.0689381 0.0444774 0.0412785 0.0521791 0.0420911 0.0273709 0.0524397 
S0430         0.2669041 0.0637864 0.0843058 0.0861451 0.0451201 0.0527931 0.0022403 0.0721522 0.0607060 0.0684067 0.0978953 0.0045216 0.0480226 0.0852498 0.0420068 0.0778627 0.0663757 0.0531095 0.0090202 0.0463448 0.0527931 0.0632064 0.0835258 0.0646254 0.0777260 0.0426786 0.0000000 0.0685093 0.0660495 0.0725324 0.0569383 0.0916877 0.0721946 0.0928698 0.0806103 0.0786658 0.0716300 0.0561877 0.0644907 0.0786981 0.0022854 0.1045519 0.0692394 0.0111985 0.0618220 0.0635119 0.0584952 0.0529554 0.0638845 0.0538586 0.0759632 0.0582699 0.0661911 0.0715694 0.0553394 0.0770923 0.0354738 0.0582945 0.0631263 0.0685215 0.1302584 0.0550925 0.1125872 0.0582034 0.0665310 0.0692083 0.0502553 0.0555325 0.1029735 0.0493452 0.1014847 0.0503741 0.0605297 0.0708710 0.0693968 0.0686346 0.1019049 0.0557746 0.0664549 0.0631471 0.0782754 0.0688799 0.0661911 0.0121674 0.0791121 0.0805430 0.0687849 0.0000022 0.0091460 0.0743688 0.0716385 0.0763970 0.0659533 0.0498988 0.0611814 0.0579626 0.0752714 0.0584305 0.0737665 0.0632832 0.0529695 0.0876044 0.0690633 0.0556994 0.0911528 0.0605655 0.0733391 0.0587546 0.0491198 0.0594597 0.0608603 0.0724582 0.1012913 0.0529944 0.0995082 0.0579707 0.0553308 0.0711605 0.0575195 0.0775369 0.0681812 0.0577334 0.0516128 0.0579941 0.0447375 0.0579392 0.0661649 
S0478         0.2288470 0.0678013 0.0728420 0.0558631 0.0554459 0.0480369 0.0696785 0.0602153 0.0669304 0.0671777 0.0796154 0.0664092 0.0919848 0.0735288 0.1266228 0.0554860 0.0890272 0.0441385 0.0818489 0.0559088 0.0444321 0.0592794 0.0726880 0.0888488 0.0669082 0.0560150 0.0685093 0.0000000 0.0721601 0.0801165 0.0761912 0.0641510 0.0629097 0.0624690 0.0717594 0.0554885 0.0442299 0.0632815 0.0570570 0.0000010 0.0667941 0.0968399 0.0755566 0.0723772 0.0635048 0.0521807 0.0485484 0.0517788 0.0848113 0.0453182 0.0517154 0.0839758 0.0371212 0.0517210 0.0480505 0.0596969 0.0954500 0.0802797 0.0719066 0.0758082 0.0000010 0.0593173 0.1203582 0.0436698 0.0869084 0.0922270 0.0678744 0.0683618 0.0988830 0.0520238 0.0930272 0.0886132 0.0712425 0.0920523 0.0629597 0.0594421 0.0967966 0.0560069 0.0796106 0.0601628 0.0531415 0.0336179 0.0371212 0.0687289 0.0589329 0.0684167 0.0786733 0.0630912 0.0704343 0.0667362 0.0963881 0.0831008 0.0670765 0.0500862 0.0562163 0.0630565 0.0681011 0.0595915 0.0482890 0.0707655 0.0596438 0.0736544 0.0712307 0.0557133 0.0000010 0.0594251 0.0444727 0.0603298 0.0635448 0.0637814 0.0800810 0.0718656 0.0844936 0.0517137 0.0759106 0.0591690 0.0513930 0.0750743 0.0678562 0.0301267 0.0837554 0.0441831 0.0548454 0.0627853 0.0631071 0.0713227 0.0553510 
S0552sl       0.2368787 0.0555967 0.0840787 0.0737730 0.0602288 0.0447502 0.0587655 0.0688206 0.0397998 0.0782833 0.0905533 0.0538214 0.0717723 0.0786304 0.1160029 0.0771466 0.0582082 0.0593709 0.0664127 0.0491721 0.0447502 0.0577865 0.0979667 0.0566948 0.0686358 0.0556186 0.0660495 0.0721601 0.0000000 0.0749188 0.0684924 0.0791206 0.0634978 0.0833002 0.0741207 0.0694588 0.0631813 0.0479950 0.0559618 0.0610745 0.0573721 0.1078124 0.0795601 0.0632303 0.0613400 0.0552608 0.0530403 0.0476270 0.0321523 0.0589222 0.0669478 0.0745873 0.0578911 0.0679954 0.0299751 0.0890286 0.0589416 0.0224347 0.0155501 0.0021811 0.0883285 0.0659074 0.1133135 0.0455078 0.0784382 0.0809845 0.0225439 0.0249368 0.1002839 0.0530956 0.1017287 0.0322518 0.0552700 0.0741895 0.0660618 0.0495608 0.0956775 0.0475937 0.0687158 0.0471516 0.0661951 0.0605096 0.0578911 0.0721681 0.0617781 0.0849894 0.0691575 0.0648704 0.0618336 0.0604274 0.0920952 0.0596796 0.0425123 0.0443843 0.0554001 0.0550770 0.0531442 0.0582258 0.0679937 0.0473808 0.0326159 0.0720566 0.0635101 0.0503089 0.0376786 0.0716123 0.0673801 0.0504416 0.0685704 0.0457531 0.0503864 0.0692239 0.0850991 0.0449164 0.0923547 0.0473118 0.0599671 0.0600722 0.0446104 0.0661640 0.0473255 0.0298752 0.0387063 0.0598136 0.0371655 0.0687804 0.0423618 
S0558         0.2689421 0.0613839 0.0784366 0.0910020 0.0718135 0.0502236 0.0708547 0.0740685 0.0689968 0.0782759 0.1024277 0.0744640 0.0988409 0.0753332 0.1256279 0.0830016 0.0960984 0.0870776 0.0817895 0.0563300 0.0502236 0.0583491 0.1013805 0.0456403 0.0848470 0.0586568 0.0725324 0.0801165 0.0749188 0.0000000 0.0836256 0.0994202 0.0584149 0.0926480 0.0772342 0.0780377 0.0686534 0.0484571 0.0644492 0.0451482 0.0724411 0.1144926 0.0530122 0.0726821 0.0615937 0.0608613 0.0584341 0.0580669 0.0782688 0.0671276 0.0752309 0.0985746 0.0632782 0.0707710 0.0553543 0.1100720 0.0858464 0.0669655 0.0776311 0.0774450 0.0908904 0.0771302 0.1201274 0.0614750 0.0910464 0.0878752 0.0776490 0.0751459 0.1069085 0.0766377 0.1082804 0.0668683 0.0828015 0.0948005 0.0666901 0.0769115 0.1080338 0.0505649 0.0747973 0.0743811 0.0746877 0.0606789 0.0632782 0.0892960 0.0783418 0.0881874 0.0951203 0.0691584 0.0772708 0.0663119 0.1075840 0.0963295 0.0750142 0.0394392 0.0533442 0.0553724 0.0842403 0.0561392 0.0757835 0.0748101 0.0640862 0.0900719 0.0638530 0.0608561 0.0378717 0.0772297 0.0730354 0.0561125 0.0842992 0.0623253 0.0774649 0.0613704 0.1000782 0.0479550 0.0783724 0.0580055 0.0400526 0.0881962 0.0804245 0.0743434 0.0917981 0.0551611 0.0632633 0.0737979 0.0661539 0.0718098 0.0632645 
S0616         0.3049479 0.0684157 0.1031844 0.1005051 0.0599230 0.0519295 0.0524103 0.0918707 0.0799993 0.0834605 0.1165748 0.0553840 0.0771920 0.0977123 0.1185595 0.0924956 0.0836422 0.0969688 0.0630335 0.0646152 0.0572349 0.0680897 0.0966848 0.0719150 0.0948923 0.0626178 0.0569383 0.0761912 0.0684924 0.0836256 0.0000000 0.1002350 0.0775385 0.1055792 0.0888110 0.0872050 0.0882607 0.0606156 0.0723095 0.0884288 0.0562977 0.1242008 0.0885036 0.0570028 0.0721386 0.0686028 0.0714504 0.0654898 0.0803906 0.0724062 0.0899679 0.0623883 0.0767782 0.0939472 0.0598656 0.0974105 0.0630361 0.0742964 0.0682826 0.0710563 0.1365766 0.0731236 0.1194242 0.0601203 0.0712584 0.0518467 0.0652954 0.0712572 0.1163821 0.0644574 0.1176941 0.0738730 0.0765714 0.0699468 0.0746103 0.0791348 0.1151147 0.0603748 0.0770987 0.0736259 0.0988960 0.0796202 0.0767782 0.0714164 0.0900011 0.0975126 0.0409478 0.0554389 0.0585194 0.0797723 0.0735942 0.0906982 0.0799806 0.0546596 0.0632809 0.0677463 0.0902337 0.0686340 0.0794186 0.0797387 0.0688151 0.1025280 0.0714779 0.0684411 0.0915555 0.0791024 0.0845935 0.0635113 0.0719286 0.0759883 0.0775967 0.0805587 0.1203188 0.0574616 0.1079019 0.0680697 0.0735002 0.0737266 0.0711745 0.0771762 0.0737192 0.0596490 0.0621700 0.0791162 0.0624612 0.0793038 0.0739381 
