132
PAFTOL_019361 0.0000000 0.2644294 0.2534937 0.2082111 0.3334512 0.2298400 0.3851348 0.2205679 0.2380762 0.2570047 0.2635684 0.2366805 0.3158319 0.3774574 0.2367922 0.3322202 0.2228652 0.2715736 0.3239101 0.3138209 0.2644763 0.2424661 0.2387517 0.2550554 0.2755476 0.2236555 0.2266879 0.2540775 0.2786318 0.2920004 0.2254591 0.2532141 0.3237217 0.3534120 0.2546412 0.2641536 0.2397812 0.2338963 0.2578028 0.2518090 0.2395254 0.2624864 0.3059611 0.2471426 0.3023565 0.3129362 0.2019604 0.2658658 0.2250636 0.2293913 0.2250880 0.2304350 0.2293659 0.2434961 0.2658421 0.2281912 0.3232732 0.2769378 0.2260444 0.1970044 0.2446928 0.3582605 0.2606416 0.2434087 0.3103524 0.2906233 0.2461105 0.2905506 0.3339543 0.2875287 0.2439990 0.2391650 0.2489798 0.2202184 0.2591073 0.2477341 0.2566463 0.2510523 0.3746770 0.2454269 0.2868685 0.2650582 0.2449858 0.2545562 0.2793887 0.2180005 0.2568330 0.2754190 0.3056186 0.2741394 0.2255616 0.2800048 0.3255970 0.3200525 0.2410611 0.2986627 0.3234920 0.2269919 0.2426341 0.2622683 0.2790258 0.2479271 0.2556061 0.2607326 0.2229153 0.2508723 0.2417782 0.2483917 0.2259261 0.2299494 0.2979733 0.2754313 0.2308551 0.2969845 0.2591968 0.2199052 0.2633370 0.2571528 0.2361940 0.3125802 0.2487422 0.2128089 0.3094616 0.2906323 0.2717385 0.2372658 0.2136052 0.2731835 0.2615824 0.2227063 0.2638914 0.2165685 
S0055         0.2644294 0.0000000 0.0884304 0.1094107 0.1201537 0.0497937 0.1595894 0.1116131 0.0868582 0.0626785 0.0827952 0.1210434 0.1366869 0.1514614 0.1335304 0.1276174 0.1071145 0.0914919 0.0808736 0.1318193 0.0652454 0.0586978 0.0625717 0.1398865 0.0799065 0.1050560 0.0658299 0.0666596 0.1127454 0.1237040 0.1153779 0.0706378 0.0932820 0.1381094 0.1327565 0.0598794 0.0613500 0.1136923 0.1033710 0.0787450 0.0570107 0.0745816 0.1244414 0.1447463 0.1026339 0.1378265 0.0813916 0.0670077 0.0819699 0.0700442 0.0483008 0.0672780 0.0693429 0.1000228 0.0751030 0.1140593 0.1372992 0.1181521 0.0942691 0.0597631 0.1389847 0.1150685 0.0940463 0.0805535 0.1001122 0.1070407 0.1315463 0.1314947 0.1300926 0.1119866 0.0881321 0.0898780 0.1431947 0.0901012 0.1566237 0.1298753 0.1236580 0.0930510 0.1272637 0.0503707 0.1155352 0.1561771 0.0624795 0.0622851 0.0891885 0.1092822 0.1151444 0.1216102 0.1296901 0.1143984 0.1048890 0.1206124 0.1382043 0.1721076 0.0541553 0.1296420 0.1145906 0.0984164 0.0613729 0.0568686 0.0457105 0.1015484 0.0492309 0.1114511 0.0962877 0.1031270 0.1219777 0.0571012 0.0689011 0.1078495 0.1075359 0.1320493 0.0585109 0.1003178 0.0943676 0.0786587 0.0625363 0.1248034 0.0471488 0.1257535 0.0495989 0.0673201 0.1004280 0.0882508 0.1240503 0.0928785 0.0684455 0.0958940 0.0797650 0.0801855 0.0741532 0.0741845 
S0196sl       0.2534937 0.0884304 0.0000000 0.1188065 0.0976705 0.0819618 0.1330043 0.1119471 0.0747201 0.0889625 0.1020699 0.1286952 0.1356019 0.1473971 0.1289415 0.1242947 0.1115371 0.1046948 0.1035022 0.1256622 0.0854353 0.0994373 0.0954780 0.1476249 0.0909508 0.1059378 0.0122430 0.0886965 0.1106079 0.1123093 0.1179495 0.0793836 0.1189022 0.1562518 0.1312542 0.1067390 0.0908629 0.1271408 0.1027433 0.0809087 0.0846139 0.0508387 0.1161116 0.1629753 0.1160474 0.1333270 0.0936432 0.1141502 0.0794590 0.0169404 0.0856565 0.0122447 0.0138950 0.1176854 0.0474866 0.1205379 0.1213429 0.0993801 0.1029763 0.0615813 0.1303763 0.1070318 0.0977298 0.0806496 0.1084384 0.0839399 0.1390043 0.1493199 0.1196154 0.0996888 0.0994238 0.0969512 0.1728147 0.0181632 0.1706240 0.1057860 0.1200104 0.0925363 0.1206307 0.0826322 0.0902587 0.1624290 0.0898835 0.0910065 0.0984434 0.1126248 0.0988411 0.1001341 0.1259824 0.1152150 0.1002473 0.1024639 0.1313771 0.1655659 0.0880934 0.1144970 0.1290296 0.0879731 0.0921860 0.1006188 0.1020603 0.0854394 0.0827082 0.1076429 0.0811212 0.0872452 0.1423068 0.0816016 0.0170259 0.1168304 0.0884171 0.1202607 0.0843428 0.0827292 0.0714149 0.0772832 0.1097881 0.1195080 0.0703151 0.1276576 0.0828579 0.0699248 0.1153692 0.1095683 0.1136330 0.0989268 0.0728415 0.1009732 0.0646074 0.0729584 0.0758909 0.0749284 
S0278         0.2082111 0.1094107 0.1188065 0.0000000 0.1688896 0.1091801 0.1765589 0.0437421 0.0985604 0.1288007 0.1387205 0.0333321 0.1536737 0.1728516 0.0515869 0.1455130 0.0540356 0.1327827 0.1508424 0.1483268 0.1149999 0.1142410 0.1206498 0.0454373 0.1182917 0.0334273 0.1012801 0.1164837 0.0783114 0.1382774 0.0630650 0.1020807 0.1425592 0.1916784 0.0452727 0.1161283 0.1118159 0.0373857 0.0787585 0.1196765 0.1179866 0.1312385 0.1395165 0.1713046 0.1387187 0.1515137 0.1000338 0.1210036 0.0977775 0.1044509 0.1038686 0.1028817 0.1054676 0.1284429 0.1202228 0.0719631 0.1641777 0.0971109 0.0595880 0.0838737 0.0326071 0.1435527 0.1156363 0.1067940 0.1579525 0.1475179 0.1611728 0.1447863 0.1655634 0.1270639 0.1085654 0.1064337 0.1628396 0.1056397 0.1773899 0.0843292 0.1157793 0.1130457 0.1600807 0.1139404 0.1307996 0.1806797 0.1243279 0.1206227 0.1188738 0.0374503 0.0935757 0.0980363 0.1474198 0.0940599 0.0313159 0.1356337 0.1533797 0.1818802 0.1100187 0.1622259 0.1618418 0.1027662 0.1232904 0.1175445 0.1248627 0.1124209 0.1109552 0.0871407 0.1043026 0.1185554 0.0414891 0.1081393 0.1047401 0.0386783 0.1535237 0.1152118 0.1182082 0.1361300 0.1126544 0.0950141 0.1226163 0.0509067 0.1023828 0.0957164 0.1012082 0.1021369 0.1463939 0.1256905 0.1004824 0.1128899 0.0952112 0.1076527 0.1157911 0.1028052 0.1076275 0.0930423 
S0281         0.3334512 0.1201537 0.0976705 0.1688896 0.0000000 0.1271499 0.2069123 0.1793919 0.1294620 0.1454505 0.1541758 0.1859094 0.1815134 0.1727858 0.1884064 0.1662214 0.1602903 0.1402520 0.1490740 0.1735668 0.1310063 0.1415838 0.1434895 0.2541311 0.1360125 0.1676056 0.0862420 0.1336922 0.2504914 0.1686714 0.1738165 0.1415911 0.1527983 0.1598820 0.1827833 0.1415719 0.1563141 0.1820752 0.1711298 0.1429932 0.1386515 0.1018320 0.1559221 0.2029744 0.1673120 0.1798899 0.1294352 0.1417446 0.1417460 0.0847816 0.1339120 0.0893937 0.0903214 0.1664370 0.0991962 0.1821542 0.1631350 0.1701850 0.1547939 0.1161951 0.2404393 0.1499210 0.1652628 0.1447055 0.1767632 0.1015248 0.1979538 0.2437059 0.1456810 0.1326004 0.1526116 0.1548820 0.1940331 0.1298357 0.2066612 0.1916295 0.1615358 0.1545234 0.1342086 0.1226965 0.1429166 0.1978707 0.1382822 0.1285400 0.1480691 0.1701514 0.1675346 0.1733715 0.1709383 0.1812315 0.1502585 0.1508168 0.1750456 0.2513375 0.1332346 0.1455142 0.1518864 0.1319619 0.1412393 0.1433078 0.1322900 0.1439820 0.1246353 0.1685356 0.1402760 0.1449371 0.1819460 0.1086885 0.0910959 0.1797997 0.1067354 0.1855558 0.1313664 0.0950837 0.1251893 0.1433735 0.1466431 0.1769108 0.1156406 0.1890908 0.1335635 0.1254502 0.1493190 0.1353238 0.1747884 0.1457702 0.1302955 0.1481957 0.1321264 0.1446616 0.1478733 0.1370839 
S0282         0.2298400 0.0497937 0.0819618 0.1091801 0.1271499 0.0000000 0.1698950 0.1151332 0.0836893 0.0168225 0.0817513 0.1240430 0.1422903 0.1439148 0.1345424 0.1334880 0.1111045 0.0825328 0.0944429 0.1383653 0.0668273 0.0157112 0.0205537 0.1321378 0.0846764 0.1069769 0.0571464 0.0675654 0.1200335 0.1288335 0.1123903 0.0753385 0.1028800 0.1479781 0.1337228 0.0414495 0.0185600 0.1215473 0.1021983 0.0730788 0.0132201 0.0875154 0.1302429 0.1438112 0.1095657 0.1402101 0.0841371 0.0297575 0.0762517 0.0585061 0.0107054 0.0585582 0.0605017 0.1001853 0.0796346 0.1158897 0.1413947 0.1254540 0.0959969 0.0556744 0.1251797 0.1208101 0.0949995 0.0774589 0.1001047 0.1131755 0.1349522 0.1247315 0.1399927 0.1157838 0.0870870 0.0869473 0.1422593 0.0656237 0.1499369 0.1274212 0.1093617 0.0854786 0.1375413 0.0490442 0.1049965 0.1525067 0.0193270 0.0599600 0.0905652 0.1077463 0.1098308 0.1198030 0.1362629 0.1149747 0.1073945 0.1222372 0.1430876 0.1624218 0.0168800 0.1318629 0.1223518 0.0897613 0.0206926 0.0194120 0.0597365 0.0994273 0.0493301 0.1051755 0.0900494 0.0953028 0.1361224 0.0504440 0.0587166 0.1119339 0.1168823 0.1324476 0.0144708 0.1094655 0.0819677 0.0714653 0.0335043 0.1323870 0.0444684 0.1244602 0.0373226 0.0645653 0.0994799 0.0849000 0.1235826 0.0869742 0.0655819 0.0913635 0.0810857 0.0697999 0.0671146 0.0684112 
S0288         0.3851348 0.1595894 0.1330043 0.1765589 0.2069123 0.1698950 0.0000000 0.1874268 0.1525313 0.1592326 0.2037375 0.1916125 0.0390871 0.1353352 0.2015450 0.0104878 0.1687442 0.1873752 0.1315171 0.0375694 0.1807861 0.1880403 0.1847217 0.1987008 0.1525876 0.1670307 0.1510214 0.1827786 0.1735676 0.0275369 0.1897052 0.1594281 0.1924779 0.1720327 0.1940630 0.1696330 0.1928965 0.1908442 0.1748493 0.1692848 0.1795896 0.1833130 0.0414642 0.2457675 0.2030261 0.0402618 0.1406449 0.1964475 0.1558424 0.1492372 0.1727027 0.1528614 0.1540441 0.1828395 0.1768685 0.1821988 0.1567799 0.1712769 0.1619289 0.1408996 0.1930981 0.1116473 0.1683037 0.1649800 0.2170060 0.2032747 0.2403001 0.2088199 0.1607733 0.1095178 0.1676296 0.1652642 0.2434494 0.2084810 0.2498201 0.1787789 0.1914957 0.1851992 0.1326863 0.1688888 0.1617673 0.2559258 0.1808269 0.1712961 0.1467760 0.1724834 0.2042060 0.2118795 0.0349733 0.1891211 0.1607759 0.1201266 0.0322837 0.0448763 0.1799276 0.1389318 0.2063002 0.1696981 0.1902418 0.1831423 0.1818907 0.1652830 0.1644982 0.1910004 0.1643740 0.1776909 0.1911058 0.1586783 0.1550629 0.1836397 0.2080103 0.2327797 0.1754327 0.1852424 0.1649530 0.1631721 0.1914004 0.1827215 0.1574228 0.1917810 0.1771706 0.1515401 0.1951497 0.1831721 0.2162461 0.1626059 0.1532702 0.1872615 0.1535882 0.1674140 0.1795644 0.1563656 
S0289         0.2205679 0.1116131 0.1119471 0.0437421 0.1793919 0.1151332 0.1874268 0.0000000 0.1035115 0.1397186 0.1388984 0.0465177 0.1642792 0.1739112 0.0572376 0.1554584 0.0594773 0.1456681 0.1476965 0.1567549 0.1177442 0.1204554 0.1259541 0.0600495 0.1298197 0.0393826 0.0982274 0.1143114 0.0683963 0.1483341 0.0668743 0.1115914 0.1536158 0.1933832 0.0489436 0.1266200 0.1194635 0.0476108 0.0748173 0.1242580 0.1225847 0.1340036 0.1476613 0.1700685 0.1496226 0.1655813 0.1121762 0.1304880 0.1163183 0.1014257 0.1131254 0.0998415 0.1024226 0.1380242 0.1243849 0.0710545 0.1588016 0.0973612 0.0632670 0.0909891 0.0409617 0.1567902 0.1266752 0.1172105 0.1484818 0.1437190 0.1558037 0.1622534 0.1710778 0.1359514 0.1137294 0.1136118 0.1720213 0.1025492 0.1811340 0.0886424 0.1235856 0.1068480 0.1644052 0.1191842 0.1337481 0.1815472 0.1307809 0.1213557 0.1258008 0.0478658 0.0942356 0.0970036 0.1593703 0.0899680 0.0487935 0.1459359 0.1620886 0.1912129 0.1205894 0.1551589 0.1627384 0.1040788 0.1278211 0.1241605 0.1214450 0.1125816 0.1159259 0.0915568 0.1108007 0.1196529 0.0590153 0.1167175 0.0985999 0.0491795 0.1498013 0.1142180 0.1245457 0.1391371 0.1107729 0.1005939 0.1200223 0.0624165 0.1038046 0.0947700 0.1071537 0.1068614 0.1499981 0.1387686 0.0916189 0.1205392 0.0929865 0.1269926 0.1162061 0.1037881 0.1141020 0.0940041 
S0292         0.2380762 0.0868582 0.0747201 0.0985604 0.1294620 0.0836893 0.1525313 0.1035115 0.0000000 0.1012516 0.1165164 0.1104771 0.1284724 0.1338359 0.1195920 0.1106588 0.0995169 0.0857634 0.1041936 0.1236659 0.1023747 0.0954493 0.0945096 0.1279187 0.1039273 0.0889221 0.0654978 0.0997959 0.1018039 0.1157203 0.1025979 0.0694210 0.1194757 0.1444420 0.1197762 0.1000868 0.1025283 0.1034120 0.0957412 0.0985564 0.0918451 0.0998533 0.1186333 0.1518180 0.1223322 0.1280347 0.0856396 0.1065008 0.0644232 0.0696925 0.0879210 0.0669384 0.0675448 0.1047949 0.0971283 0.1027675 0.1261075 0.1062978 0.0896694 0.0552546 0.1049129 0.1119868 0.0867965 0.0682732 0.1376423 0.1282029 0.1488278 0.1192283 0.1288224 0.1095916 0.0768212 0.0828824 0.1552633 0.0922794 0.1687589 0.0919910 0.1069224 0.0784930 0.1176856 0.0839429 0.0688629 0.1664826 0.0976625 0.0951800 0.0784159 0.0924660 0.1036153 0.1080597 0.1247402 0.1099465 0.0908546 0.1117479 0.1298301 0.1646168 0.0916352 0.1227830 0.1213340 0.0216860 0.0978478 0.0947845 0.0962566 0.0596824 0.0942212 0.1020192 0.0293265 0.0327954 0.1237371 0.0867856 0.0713888 0.1002984 0.1320484 0.1260497 0.0951365 0.1193864 0.0510070 0.0701729 0.0997237 0.1096871 0.0778264 0.1203110 0.0877099 0.0807627 0.1071926 0.0803580 0.1172995 0.0807230 0.0665751 0.0997749 0.0836825 0.0700281 0.1008960 0.0637347 
S0293         0.2570047 0.0626785 0.0889625 0.1288007 0.1454505 0.0168225 0.1592326 0.1397186 0.1012516 0.0000000 0.1013577 0.1444742 0.1591132 0.1657658 0.1609282 0.1510156 0.1328750 0.1046189 0.1015636 0.1542316 0.0791177 0.0198479 0.0286963 0.1441256 0.1001506 0.1297805 0.0748316 0.0839773 0.1301827 0.1426957 0.1397286 0.0862563 0.1283544 0.1731074 0.1590476 0.0572497 0.0244721 0.1453867 0.1228090 0.0910158 0.0243680 0.1048702 0.1447417 0.1626242 0.1228680 0.1627035 0.1059699 0.0428475 0.0870554 0.0781373 0.0212385 0.0765668 0.0791369 0.1203024 0.0974952 0.1399626 0.1472890 0.1415340 0.1160707 0.0746915 0.1361337 0.1358600 0.1039044 0.0866571 0.1109539 0.1256883 0.1484273 0.1363308 0.1453977 0.1250414 0.1036689 0.0993443 0.1656582 0.0889012 0.1767194 0.1361274 0.1277530 0.1046155 0.1471599 0.0633397 0.1159832 0.1771465 0.0317223 0.0803582 0.1058445 0.1311876 0.1328627 0.1430172 0.1509286 0.1414196 0.1208428 0.1290085 0.1580063 0.1808736 0.0258090 0.1340890 0.1430370 0.1085241 0.0303601 0.0303068 0.0729286 0.1188812 0.0637829 0.1350648 0.1076885 0.1026222 0.1637803 0.0720096 0.0768068 0.1342228 0.1301847 0.1595872 0.0198668 0.1169245 0.0977309 0.0839753 0.0426047 0.1548478 0.0577023 0.1468392 0.0486726 0.0772232 0.1238275 0.1073905 0.1536996 0.1013939 0.0871479 0.1156160 0.1029331 0.0818817 0.0761646 0.0871768 
S0294         0.2635684 0.0827952 0.1020699 0.1387205 0.1541758 0.0817513 0.2037375 0.1388984 0.1165164 0.1013577 0.0000000 0.1460567 0.1685036 0.1809786 0.1537656 0.1662759 0.1363024 0.1176347 0.1380024 0.1706444 0.0968828 0.0939110 0.0912007 0.1715627 0.0918693 0.1279194 0.0819439 0.1037566 0.1728127 0.1562576 0.1385861 0.1046073 0.1119148 0.1674247 0.1436056 0.0944027 0.1004295 0.1376939 0.1289645 0.0954732 0.0899391 0.1032846 0.1597012 0.1599791 0.1048646 0.1733838 0.1037618 0.0998594 0.1035062 0.0833927 0.0818381 0.0820213 0.0858023 0.1249215 0.1021772 0.1380412 0.1558752 0.1396461 0.1234096 0.0842508 0.1857825 0.1486218 0.1233660 0.1130760 0.0589026 0.1284364 0.1439478 0.1785525 0.1539750 0.1384667 0.1169474 0.1241416 0.1664852 0.1120353 0.1713217 0.1482786 0.1398202 0.1220112 0.1542430 0.0908551 0.1448233 0.1745908 0.0910072 0.0929981 0.1371044 0.1400618 0.1315006 0.1400170 0.1622859 0.1416581 0.1308410 0.1447990 0.1760296 0.2356534 0.0914821 0.1594250 0.1540496 0.1314319 0.0919547 0.0949933 0.0979896 0.1269617 0.0953701 0.1396485 0.1267420 0.1365435 0.1477939 0.0934971 0.0835077 0.1243348 0.1324652 0.1511956 0.0886263 0.1232993 0.1237401 0.1069015 0.1041271 0.1443914 0.0695608 0.1512455 0.0831452 0.0802119 0.1356053 0.1232724 0.1431178 0.1112799 0.0986217 0.1146141 0.1133533 0.1099639 0.0920853 0.0969388 
S0299         0.2366805 0.1210434 0.1286952 0.0333321 0.1859094 0.1240430 0.1916125 0.0465177 0.1104771 0.1444742 0.1460567 0.0000000 0.1680086 0.1796253 0.0573153 0.1621563 0.0681720 0.1494899 0.1545938 0.1640420 0.1275983 0.1240417 0.1325875 0.0532596 0.1259244 0.0439990 0.1069375 0.1272351 0.0858172 0.1538133 0.0765258 0.1159734 0.1562505 0.2009596 0.0520788 0.1314122 0.1239219 0.0398241 0.0897541 0.1323029 0.1262963 0.1332844 0.1550527 0.1720525 0.1442923 0.1710395 0.1126770 0.1329703 0.1080701 0.1068006 0.1153140 0.1085733 0.1112625 0.1380715 0.1222120 0.0874157 0.1730583 0.1133974 0.0760457 0.0965851 0.0400764 0.1589234 0.1213504 0.1174459 0.1578332 0.1560656 0.1724995 0.1586363 0.1724457 0.1421918 0.1137613 0.1154224 0.1732576 0.1089909 0.1859474 0.0910950 0.1232411 0.1269425 0.1692685 0.1258170 0.1405348 0.1892669 0.1329224 0.1314634 0.1308038 0.0495225 0.1085070 0.1131004 0.1666963 0.1024996 0.0365881 0.1471711 0.1694202 0.1864708 0.1256698 0.1595793 0.1715007 0.1179958 0.1353801 0.1294295 0.1333078 0.1230906 0.1227842 0.1053451 0.1147261 0.1277179 0.0465953 0.1252272 0.1104806 0.0464636 0.1622335 0.1310765 0.1281411 0.1484205 0.1232023 0.1004140 0.1310060 0.0606668 0.1104914 0.1074600 0.1093640 0.1109093 0.1538006 0.1419778 0.1068078 0.1219150 0.1020622 0.1179983 0.1218159 0.1083489 0.1196206 0.0983105 
S0303         0.3158319 0.1366869 0.1356019 0.1536737 0.1815134 0.1422903 0.0390871 0.1642792 0.1284724 0.1591132 0.1685036 0.1680086 0.0000000 0.1081417 0.1710185 0.0118610 0.1474523 0.1559595 0.1353459 0.0155515 0.1467539 0.1588455 0.1550723 0.1884668 0.1255361 0.1445927 0.1254630 0.1504974 0.1743722 0.0096317 0.1626692 0.1315068 0.1631919 0.1479372 0.1720639 0.1446752 0.1584944 0.1654764 0.1478720 0.1426533 0.1501797 0.1568093 0.0146922 0.2116569 0.1723520 0.0094407 0.1199748 0.1625759 0.1282583 0.1237858 0.1438883 0.1271810 0.1281252 0.1574700 0.1505769 0.1548060 0.1311135 0.1720796 0.1371390 0.1161103 0.1904133 0.0797459 0.1434994 0.1384434 0.1937262 0.1855197 0.2066321 0.2092857 0.1201521 0.1100242 0.1406575 0.1331027 0.2084868 0.1581382 0.2130910 0.1804680 0.1667043 0.1523525 0.1315862 0.1374632 0.1364053 0.2185576 0.1516393 0.1426529 0.1517323 0.1496149 0.1701520 0.1773012 0.0181275 0.1628005 0.1324961 0.0980209 0.0155730 0.0153183 0.1504616 0.1134399 0.1789162 0.1392453 0.1556068 0.1537403 0.1552160 0.1448599 0.1378229 0.1623630 0.1414510 0.1489411 0.1592663 0.1303334 0.1292098 0.1548753 0.1903254 0.1993848 0.1445831 0.1704102 0.1377026 0.1367412 0.1614388 0.1613662 0.1326474 0.1638772 0.1501125 0.1309843 0.1675958 0.1551008 0.1876490 0.1394484 0.1307826 0.1650010 0.1292657 0.1404751 0.1460074 0.1337626 
S0308         0.3774574 0.1514614 0.1473971 0.1728516 0.1727858 0.1439148 0.1353352 0.1739112 0.1338359 0.1657658 0.1809786 0.1796253 0.1081417 0.0000000 0.1900630 0.1063025 0.1611099 0.1664665 0.1581623 0.1090833 0.1552927 0.1605371 0.1602082 0.2576159 0.1344424 0.1663755 0.1334069 0.1623713 0.2710799 0.0973870 0.1787738 0.1398715 0.1699669 0.1244022 0.1944659 0.1531400 0.1696609 0.1855777 0.1617774 0.1624107 0.1518548 0.1559574 0.0983684 0.2211704 0.1888588 0.1138097 0.1164381 0.1641381 0.1303065 0.1317060 0.1473225 0.1351533 0.1321465 0.1689654 0.1461248 0.1685572 0.1243859 0.1766207 0.1507352 0.1246301 0.2494491 0.0915942 0.1464603 0.1430142 0.1942323 0.1566980 0.2262709 0.2437291 0.1258937 0.1143865 0.1450572 0.1578375 0.2169842 0.1815804 0.2304268 0.1983477 0.1645226 0.1594311 0.1334996 0.1397523 0.1484022 0.2252319 0.1532952 0.1430664 0.1667526 0.1692683 0.1714321 0.1786430 0.1028818 0.1629376 0.1547024 0.0982728 0.1099637 0.1445730 0.1521196 0.1009456 0.1675765 0.1501425 0.1572770 0.1570995 0.1640178 0.1496281 0.1555600 0.1680106 0.1454809 0.1491616 0.1913600 0.1350218 0.1372245 0.1785249 0.1610818 0.2009444 0.1490248 0.1504720 0.1426037 0.1538727 0.1595778 0.1808928 0.1324326 0.1739607 0.1579064 0.1469086 0.1645229 0.1660466 0.1810183 0.1538752 0.1352217 0.1643334 0.1322279 0.1493727 0.1634115 0.1334854 
S0320         0.2367922 0.1335304 0.1289415 0.0515869 0.1884064 0.1345424 0.2015450 0.0572376 0.1195920 0.1609282 0.1537656 0.0573153 0.1710185 0.1900630 0.0000000 0.1675339 0.0756502 0.1572818 0.1681674 0.1670468 0.1317359 0.1428430 0.1454752 0.0506776 0.1453111 0.0483368 0.1134071 0.1389091 0.0970117 0.1602135 0.0666900 0.1256454 0.1642827 0.2198864 0.0615431 0.1477431 0.1328673 0.0541872 0.0906674 0.1378062 0.1409415 0.1414788 0.1557872 0.1856345 0.1587443 0.1741326 0.1236108 0.1531341 0.1190181 0.1167697 0.1323313 0.1151133 0.1179719 0.1497039 0.1299438 0.0850370 0.1774647 0.1116978 0.0752579 0.1042913 0.0450456 0.1578548 0.1367064 0.1286945 0.1790999 0.1520377 0.1806316 0.1794910 0.1904921 0.1401129 0.1155407 0.1229677 0.1807667 0.1193198 0.1797993 0.1054154 0.1282845 0.1238987 0.1867577 0.1328890 0.1394852 0.1831344 0.1436693 0.1379219 0.1373834 0.0571635 0.1068430 0.1115524 0.1715625 0.1004721 0.0523926 0.1662071 0.1763865 0.2004568 0.1397260 0.1717908 0.1806493 0.1151905 0.1463148 0.1399763 0.1518073 0.1349182 0.1367779 0.1017835 0.1257247 0.1335994 0.0514880 0.1245745 0.1155173 0.0498862 0.1583365 0.1317760 0.1447861 0.1497083 0.1204293 0.1145994 0.1494974 0.0675441 0.1202342 0.1058061 0.1223120 0.1195042 0.1650947 0.1439687 0.1066133 0.1295639 0.1084936 0.1327404 0.1359831 0.1190631 0.1312252 0.1080584 
S0322         0.3322202 0.1276174 0.1242947 0.1455130 0.1662214 0.1334880 0.0104878 0.1554584 0.1106588 0.1510156 0.1662759 0.1621563 0.0118610 0.1063025 0.1675339 0.0000000 0.1354189 0.1473761 0.1181905 0.0064950 0.1478679 0.1514364 0.1453842 0.1908413 0.1190799 0.1351883 0.1173193 0.1465662 0.1640194 0.0066270 0.1618143 0.1226209 0.1612963 0.1458184 0.1633551 0.1370777 0.1480871 0.1596215 0.1416647 0.1337027 0.1421349 0.1508440 0.0066913 0.2218394 0.1704199 0.0131490 0.1022709 0.1613901 0.1160400 0.1120465 0.1373446 0.1191629 0.1201208 0.1503429 0.1440509 0.1465589 0.1239501 0.1641198 0.1278513 0.1073426 0.1853849 0.0786549 0.1266658 0.1285722 0.1779962 0.1680367 0.2124260 0.2007350 0.1242135 0.1023156 0.1310738 0.1227979 0.2190455 0.1574032 0.2190864 0.1721904 0.1537253 0.1461383 0.1217785 0.1346520 0.1186843 0.2179366 0.1435218 0.1361181 0.1424098 0.1406874 0.1627125 0.1679220 0.0105200 0.1557965 0.1248839 0.0955494 0.0118787 0.0112546 0.1441755 0.1121099 0.1732406 0.1265903 0.1484292 0.1452328 0.1485596 0.1299957 0.1303048 0.1597391 0.1252625 0.1313339 0.1598355 0.1249336 0.1213300 0.1483138 0.1728070 0.1935962 0.1401970 0.1511781 0.1239919 0.1310584 0.1483694 0.1512819 0.1255157 0.1589647 0.1380937 0.1158707 0.1561691 0.1412265 0.1845935 0.1249346 0.1212172 0.1486225 0.1226002 0.1335067 0.1398856 0.1244380 
S0327         0.2228652 0.1071145 0.1115371 0.0540356 0.1602903 0.1111045 0.1687442 0.0594773 0.0995169 0.1328750 0.1363024 0.0681720 0.1474523 0.1611099 0.0756502 0.1354189 0.0000000 0.1383398 0.1529816 0.1392944 0.1225641 0.1163431 0.1228017 0.0700526 0.1179018 0.0472601 0.0923065 0.1245045 0.0906088 0.1308971 0.0631798 0.1109861 0.1441947 0.1793107 0.0663005 0.1294293 0.1201007 0.0642016 0.0800108 0.1187379 0.1183418 0.1251932 0.1278821 0.1753220 0.1507886 0.1449371 0.1012946 0.1288029 0.1135990 0.0954278 0.1091366 0.0938781 0.0963445 0.1342582 0.1158105 0.0766237 0.1567328 0.1009581 0.0670290 0.0873068 0.0584825 0.1407412 0.1303728 0.1192643 0.1669100 0.1433540 0.1664171 0.1692065 0.1496458 0.1234287 0.1142402 0.1143496 0.1686424 0.1055611 0.1868038 0.0879762 0.1303343 0.1079298 0.1448334 0.1152444 0.1252276 0.1843501 0.1248265 0.1173754 0.1229222 0.0500321 0.0968690 0.1013116 0.1381045 0.0922512 0.0623611 0.1303976 0.1432816 0.1834124 0.1158951 0.1600296 0.1666501 0.1016862 0.1237861 0.1196760 0.1259853 0.1119066 0.1150766 0.0854468 0.0984833 0.1187081 0.0683960 0.1087736 0.0956884 0.0527551 0.1512035 0.1168903 0.1203540 0.1316400 0.1068067 0.0971260 0.1233387 0.0697426 0.1041173 0.1034944 0.1079030 0.1027683 0.1434717 0.1357194 0.1039350 0.1186172 0.0983319 0.1286275 0.1031420 0.1002096 0.1170787 0.0977782 
S0335         0.2715736 0.0914919 0.1046948 0.1327827 0.1402520 0.0825328 0.1873752 0.1456681 0.0857634 0.1046189 0.1176347 0.1494899 0.1559595 0.1664665 0.1572818 0.1473761 0.1383398 0.0000000 0.0825194 0.1523359 0.1089326 0.0927033 0.0949984 0.1609743 0.1065333 0.1252591 0.0882832 0.1032444 0.1661484 0.1421610 0.1325855 0.0919736 0.1357544 0.1580982 0.1554518 0.1049401 0.0954571 0.1431657 0.1211269 0.1129970 0.0922287 0.1155761 0.1438893 0.1664361 0.1295073 0.1570902 0.1035697 0.1069472 0.0812685 0.0927067 0.0852294 0.0898228 0.0903445 0.1145721 0.1128022 0.1317226 0.1501488 0.1473924 0.1146015 0.0733264 0.1689159 0.1319490 0.1048022 0.0871277 0.1484445 0.1326174 0.1624441 0.1773818 0.1544242 0.1157439 0.0902058 0.0953535 0.1581278 0.1173260 0.1644798 0.1377309 0.1145305 0.0823647 0.1503322 0.0938555 0.1073826 0.1717913 0.0980736 0.0970680 0.0933095 0.1286061 0.1400982 0.1449063 0.1537100 0.1364346 0.1191705 0.1336393 0.1592294 0.2058871 0.0873337 0.1418302 0.1061497 0.0963648 0.0971271 0.0938798 0.1047607 0.1071164 0.0943357 0.1270476 0.1050153 0.1069769 0.1642242 0.0885173 0.0945888 0.1349269 0.1330654 0.1623099 0.0924606 0.1284564 0.0998100 0.0638814 0.1065402 0.1418168 0.0870928 0.1434146 0.0877945 0.1001807 0.0829974 0.0335732 0.1424502 0.1049049 0.0774100 0.1260405 0.1005373 0.0652328 0.1026390 0.0852878 
S0345         0.3239101 0.0808736 0.1035022 0.1508424 0.1490740 0.0944429 0.1315171 0.1476965 0.1041936 0.1015636 0.1380024 0.1545938 0.1353459 0.1581623 0.1681674 0.1181905 0.1529816 0.0825194 0.0000000 0.1295942 0.1010065 0.1133259 0.1115136 0.1637053 0.1236594 0.1359083 0.1008330 0.0959617 0.1530599 0.1154360 0.1583061 0.0983083 0.1489928 0.1460529 0.1624641 0.1088045 0.1123928 0.1484330 0.1299700 0.1114199 0.1101643 0.1167786 0.1207063 0.1920697 0.1500730 0.1347173 0.1286061 0.1284654 0.0956929 0.1071656 0.1024454 0.1008686 0.1036384 0.1159317 0.1181877 0.1374115 0.1472919 0.1421383 0.1147501 0.0859005 0.1679206 0.1152654 0.1086996 0.0999189 0.1426738 0.1219384 0.1715080 0.1800458 0.1627859 0.1039835 0.1144142 0.1096392 0.2033516 0.1503754 0.2021405 0.1504743 0.1186496 0.1032990 0.1523731 0.0923576 0.1158403 0.2006376 0.1158506 0.1095969 0.0929144 0.1478674 0.1466523 0.1508044 0.1298636 0.1292050 0.1230853 0.1245332 0.1321254 0.1552843 0.1056625 0.1325599 0.0660344 0.1145707 0.1121957 0.1135799 0.1092709 0.1247534 0.0907292 0.1452048 0.1186162 0.1086396 0.1677428 0.0964407 0.1098658 0.1496426 0.1293788 0.1695458 0.1056277 0.1186809 0.1049100 0.0748797 0.1163100 0.1599033 0.0874063 0.1431497 0.1015325 0.1013663 0.0438507 0.0688364 0.1637954 0.1079367 0.0881071 0.1382158 0.1060300 0.0808278 0.1036657 0.1007042 
S0355         0.3138209 0.1318193 0.1256622 0.1483268 0.1735668 0.1383653 0.0375694 0.1567549 0.1236659 0.1542316 0.1706444 0.1640420 0.0155515 0.1090833 0.1670468 0.0064950 0.1392944 0.1523359 0.1295942 0.0000000 0.1452162 0.1545209 0.1516353 0.1907228 0.1239596 0.1394282 0.1192691 0.1434169 0.1688062 0.0083651 0.1607708 0.1300202 0.1603779 0.1426886 0.1663466 0.1460842 0.1553648 0.1615652 0.1412568 0.1376917 0.1468094 0.1494812 0.0084435 0.2124364 0.1712035 0.0167135 0.1142482 0.1643372 0.1269523 0.1191800 0.1424085 0.1225091 0.1234036 0.1536815 0.1433570 0.1494521 0.1278264 0.1581192 0.1270770 0.1116788 0.1852691 0.0804494 0.1384097 0.1336699 0.1893635 0.1730643 0.2036988 0.2048069 0.1146653 0.1051701 0.1392114 0.1317504 0.2098389 0.1541900 0.2102551 0.1763738 0.1671551 0.1471005 0.1231195 0.1346842 0.1315376 0.2116602 0.1482549 0.1379448 0.1461026 0.1443090 0.1611995 0.1660971 0.0118777 0.1540102 0.1351800 0.0959006 0.0155350 0.0152720 0.1470833 0.1138358 0.1748363 0.1378049 0.1521535 0.1503139 0.1525400 0.1391460 0.1347311 0.1557586 0.1348757 0.1473936 0.1617630 0.1294298 0.1244913 0.1529336 0.1776671 0.1873667 0.1446592 0.1583189 0.1328262 0.1335989 0.1578850 0.1539613 0.1299786 0.1643412 0.1467778 0.1262309 0.1643684 0.1514749 0.1722137 0.1378867 0.1260360 0.1596336 0.1208570 0.1372710 0.1451770 0.1289707 
S0376         0.2644763 0.0652454 0.0854353 0.1149999 0.1310063 0.0668273 0.1807861 0.1177442 0.1023747 0.0791177 0.0968828 0.1275983 0.1467539 0.1552927 0.1317359 0.1478679 0.1225641 0.1089326 0.1010065 0.1452162 0.0000000 0.0733518 0.0729941 0.1448357 0.0781282 0.1111193 0.0669207 0.0392539 0.1202660 0.1330424 0.1214703 0.0810186 0.0963059 0.1432236 0.1357401 0.0885126 0.0716422 0.1177216 0.0995613 0.0801714 0.0702285 0.0955288 0.1323980 0.1437894 0.1099560 0.1498339 0.0921892 0.0825541 0.0930443 0.0698112 0.0637771 0.0698782 0.0720098 0.1139034 0.0926887 0.1191818 0.1309744 0.1309738 0.0990764 0.0726769 0.1503053 0.1255481 0.1076028 0.0911309 0.1119202 0.1141052 0.1313271 0.1538478 0.1225639 0.1114926 0.0968152 0.0995579 0.1499039 0.0902628 0.1662981 0.1334674 0.1251025 0.1043034 0.1196415 0.0604676 0.1192276 0.1642388 0.0743960 0.0696078 0.1100746 0.1138310 0.1203258 0.1250381 0.1430974 0.1145478 0.1088758 0.1246813 0.1483086 0.1950881 0.0673133 0.1199038 0.1147841 0.1133363 0.0750136 0.0746704 0.0756763 0.1147331 0.0591889 0.1101852 0.1091744 0.1211422 0.1350013 0.0584490 0.0744489 0.1185346 0.1231134 0.1339512 0.0718606 0.1065615 0.0975580 0.0891335 0.0799898 0.1285487 0.0658251 0.1198692 0.0619508 0.0714957 0.1043843 0.1065601 0.1327947 0.0962110 0.0800712 0.1138863 0.0882059 0.0940173 0.0380635 0.0814892 
S0400         0.2424661 0.0586978 0.0994373 0.1142410 0.1415838 0.0157112 0.1880403 0.1204554 0.0954493 0.0198479 0.0939110 0.1240417 0.1588455 0.1605371 0.1428430 0.1514364 0.1163431 0.0927033 0.1133259 0.1545209 0.0733518 0.0000000 0.0284793 0.1388458 0.0953396 0.1121220 0.0694113 0.0724225 0.1287256 0.1448015 0.1176319 0.0853939 0.1110563 0.1647954 0.1392375 0.0529796 0.0262617 0.1267288 0.1095231 0.0828523 0.0221520 0.1014978 0.1464343 0.1520604 0.1192800 0.1601374 0.0972257 0.0392800 0.0846482 0.0708185 0.0144827 0.0708863 0.0730200 0.1108741 0.0932375 0.1274047 0.1519625 0.1430665 0.1068853 0.0691859 0.1317531 0.1373775 0.1056084 0.0858619 0.1135482 0.1289398 0.1435356 0.1357720 0.1514420 0.1288464 0.0974102 0.0939163 0.1505689 0.0780109 0.1636467 0.1360661 0.1204844 0.0920785 0.1482112 0.0551767 0.1178080 0.1641824 0.0284833 0.0692703 0.1020574 0.1145539 0.1264644 0.1352355 0.1524526 0.1263582 0.1126328 0.1360038 0.1595843 0.1790941 0.0233368 0.1464666 0.1375667 0.0984997 0.0247083 0.0259870 0.0702849 0.1116917 0.0584765 0.1197972 0.1019611 0.1057330 0.1416974 0.0622987 0.0710786 0.1171507 0.1330359 0.1485873 0.0208331 0.1249930 0.0950533 0.0812636 0.0390955 0.1344173 0.0533030 0.1349670 0.0415405 0.0740741 0.1137743 0.0951284 0.1394269 0.0972706 0.0764063 0.1050086 0.0880832 0.0794176 0.0750246 0.0793289 
S0405         0.2387517 0.0625717 0.0954780 0.1206498 0.1434895 0.0205537 0.1847217 0.1259541 0.0945096 0.0286963 0.0912007 0.1325875 0.1550723 0.1602082 0.1454752 0.1453842 0.1228017 0.0949984 0.1115136 0.1516353 0.0729941 0.0284793 0.0000000 0.1455138 0.0939998 0.1184827 0.0729434 0.0780109 0.1317344 0.1416099 0.1224284 0.0861896 0.1093885 0.1644186 0.1424166 0.0537317 0.0244655 0.1299940 0.1134289 0.0866742 0.0244341 0.1019143 0.1428301 0.1550426 0.1214641 0.1563518 0.0952497 0.0429880 0.0854139 0.0743441 0.0205543 0.0744158 0.0750982 0.1133233 0.0937294 0.1277127 0.1511882 0.1335584 0.1073686 0.0712418 0.1382933 0.1336569 0.1046661 0.0866178 0.1103813 0.1271943 0.1411111 0.1380427 0.1521767 0.1255385 0.0948281 0.0961481 0.1535816 0.0870064 0.1656371 0.1322660 0.1194108 0.0993512 0.1466794 0.0603904 0.1148972 0.1642062 0.0294220 0.0730610 0.1009128 0.1209896 0.1201789 0.1304340 0.1495681 0.1266758 0.1190767 0.1378163 0.1566195 0.1851013 0.0231301 0.1431352 0.1379347 0.0992544 0.0283864 0.0257237 0.0727881 0.1157004 0.0620657 0.1180272 0.1058194 0.1079397 0.1484668 0.0660925 0.0746140 0.1235784 0.1346667 0.1434957 0.0257434 0.1257463 0.0988273 0.0806546 0.0415315 0.1392009 0.0541759 0.1311303 0.0467274 0.0778904 0.1127383 0.0974362 0.1343551 0.0977791 0.0801995 0.1085761 0.0920288 0.0785965 0.0788201 0.0831245 
S0407sl       0.2550554 0.1398865 0.1476249 0.0454373 0.2541311 0.1321378 0.1987008 0.0600495 0.1279187 0.1441256 0.1715627 0.0532596 0.1884668 0.2576159 0.0506776 0.1908413 0.0700526 0.1609743 0.1637053 0.1907228 0.1448357 0.1388458 0.1455138 0.0000000 0.1482559 0.0425407 0.1298216 0.1436876 0.0903134 0.1733452 0.0590077 0.1254127 0.1822356 0.2714417 0.0643243 0.1528791 0.1240547 0.0483535 0.0861238 0.1522652 0.1502395 0.1974464 0.1721449 0.2043096 0.1691102 0.1998020 0.1615465 0.1534979 0.1278424 0.1326487 0.1281770 0.1332254 0.1347176 0.1720293 0.1880746 0.0752875 0.2083919 0.1070784 0.0696958 0.1068001 0.0403156 0.2019758 0.1476836 0.1364492 0.1760148 0.2176464 0.1814727 0.1607552 0.2536504 0.1689425 0.1256572 0.1277429 0.1820178 0.1242227 0.1683521 0.0788854 0.1324451 0.1341026 0.2447207 0.1522550 0.1365350 0.1867795 0.1493036 0.1487923 0.1429032 0.0452717 0.0976439 0.1057059 0.2031296 0.1119687 0.0395311 0.1685145 0.1968388 0.1956439 0.1319624 0.1877575 0.2063244 0.1276790 0.1397757 0.1455040 0.1667484 0.1332443 0.1382528 0.1206172 0.1290138 0.1405619 0.0587437 0.1372912 0.1293710 0.0208328 0.2174468 0.1194930 0.1390529 0.2074771 0.1350921 0.1078794 0.1389923 0.0777817 0.1301350 0.1338424 0.1334763 0.1194294 0.1939771 0.1585484 0.1052885 0.1466306 0.1058829 0.1525026 0.1564854 0.1138249 0.1308803 0.1030481 
S0412sl       0.2755476 0.0799065 0.0909508 0.1182917 0.1360125 0.0846764 0.1525876 0.1298197 0.1039273 0.1001506 0.0918693 0.1259244 0.1255361 0.1344424 0.1453111 0.1190799 0.1179018 0.1065333 0.1236594 0.1239596 0.0781282 0.0953396 0.0939998 0.1482559 0.0000000 0.1164816 0.0717465 0.0865280 0.1337446 0.1104945 0.1222238 0.0836109 0.0736506 0.1341264 0.1394733 0.0878121 0.1028828 0.1251298 0.1132395 0.0798338 0.0882931 0.1017868 0.1113467 0.1678675 0.0806644 0.1302168 0.0991243 0.0993510 0.0891234 0.0717663 0.0799514 0.0732075 0.0769765 0.1100140 0.0961950 0.1228508 0.1283278 0.1269310 0.1007454 0.0714621 0.1538097 0.1100783 0.1018724 0.0889823 0.0977396 0.1188445 0.1671750 0.1646211 0.1053909 0.1112486 0.0975713 0.1010014 0.1683527 0.0830373 0.1715963 0.1210848 0.1191395 0.1096315 0.1000928 0.0850750 0.1179789 0.1808013 0.0895865 0.0705889 0.1162150 0.1191939 0.1211858 0.1262358 0.1213873 0.1266521 0.1158895 0.1065442 0.1269936 0.1756521 0.0865187 0.1105757 0.1241118 0.1167547 0.0951624 0.0964349 0.0829941 0.1123183 0.0729673 0.1229473 0.1156372 0.1271510 0.1440099 0.0739115 0.0764674 0.1259049 0.1227902 0.1431042 0.0916251 0.1156368 0.0984935 0.1004340 0.0951301 0.1285358 0.0663400 0.1297207 0.0813697 0.0680381 0.1133314 0.1106653 0.1412107 0.0998886 0.0843997 0.1081760 0.0993461 0.1002816 0.0798327 0.0872246 
S0417         0.2236555 0.1050560 0.1059378 0.0334273 0.1676056 0.1069769 0.1670307 0.0393826 0.0889221 0.1297805 0.1279194 0.0439990 0.1445927 0.1663755 0.0483368 0.1351883 0.0472601 0.1252591 0.1359083 0.1394282 0.1111193 0.1121220 0.1184827 0.0425407 0.1164816 0.0000000 0.0886246 0.1112291 0.0671223 0.1294489 0.0497850 0.0953282 0.1384719 0.1860737 0.0426291 0.1175472 0.1128553 0.0371710 0.0652049 0.1156130 0.1158299 0.1243319 0.1304621 0.1571309 0.1437037 0.1458761 0.0893749 0.1224216 0.0963451 0.0917014 0.1018437 0.0901716 0.0925717 0.1244206 0.1150137 0.0585829 0.1411092 0.0854852 0.0522044 0.0758697 0.0276292 0.1357260 0.1125397 0.0987979 0.1479451 0.1406180 0.1490962 0.1576882 0.1490503 0.1252311 0.0933827 0.0949477 0.1542780 0.1056253 0.1638475 0.0823229 0.1174958 0.0997245 0.1412900 0.1089080 0.1168639 0.1652718 0.1221247 0.1155688 0.1051251 0.0193720 0.0832678 0.0859625 0.1418506 0.0796895 0.0365941 0.1324244 0.1443172 0.1870312 0.1116939 0.1401796 0.1658077 0.0895867 0.1210867 0.1153972 0.1165239 0.1024837 0.1092464 0.0778377 0.0945708 0.1062083 0.0439108 0.1062966 0.0902014 0.0321181 0.1483805 0.1023680 0.1160466 0.1271837 0.0990821 0.0874907 0.1204285 0.0481627 0.1006809 0.0875293 0.0961957 0.0952720 0.1467305 0.1166979 0.0866514 0.1044137 0.0791833 0.1109644 0.1010186 0.0916408 0.1054858 0.0817371 
S0419         0.2266879 0.0658299 0.0122430 0.1012801 0.0862420 0.0571464 0.1510214 0.0982274 0.0654978 0.0748316 0.0819439 0.1069375 0.1254630 0.1334069 0.1134071 0.1173193 0.0923065 0.0882832 0.1008330 0.1192691 0.0669207 0.0694113 0.0729434 0.1298216 0.0717465 0.0886246 0.0000000 0.0661837 0.1030096 0.1092118 0.1034944 0.0631541 0.1008319 0.1390956 0.1160571 0.0823968 0.0719584 0.1060211 0.0889868 0.0711552 0.0631511 0.0382612 0.1102111 0.1356399 0.0930464 0.1267318 0.0775002 0.0798516 0.0668605 0.0082439 0.0612736 0.0058757 0.0071199 0.0902911 0.0357275 0.1007303 0.1161224 0.0973954 0.0812584 0.0467630 0.1182888 0.1031089 0.0818413 0.0622521 0.1058657 0.0751866 0.1232400 0.1300450 0.1059145 0.0924168 0.0745557 0.0775396 0.1414240 0.0057048 0.1504416 0.0963968 0.1032154 0.0825659 0.1043587 0.0646358 0.0847293 0.1482885 0.0643940 0.0682598 0.0821929 0.0922725 0.0901619 0.0945659 0.1179544 0.0996285 0.0935457 0.0969069 0.1252302 0.1569133 0.0659574 0.1066959 0.1190260 0.0754256 0.0721577 0.0720268 0.0743774 0.0729115 0.0606266 0.0962987 0.0699615 0.0820390 0.1201012 0.0598168 0.0094682 0.0984660 0.0785409 0.1063098 0.0661498 0.0652685 0.0612243 0.0653136 0.0811457 0.1015030 0.0529649 0.1091117 0.0624318 0.0569358 0.0982227 0.0939098 0.1026945 0.0783637 0.0579300 0.0840459 0.0487468 0.0622597 0.0643878 0.0579444 
S0427         0.2540775 0.0666596 0.0886965 0.1164837 0.1336922 0.0675654 0.1827786 0.1143114 0.0997959 0.0839773 0.1037566 0.1272351 0.1504974 0.1623713 0.1389091 0.1465662 0.1245045 0.1032444 0.0959617 0.1434169 0.0392539 0.0724225 0.0780109 0.1436876 0.0865280 0.1112291 0.0661837 0.0000000 0.1318232 0.1331001 0.1181511 0.0849911 0.1127608 0.1432206 0.1370103 0.0903925 0.0742316 0.1169292 0.1061875 0.0849928 0.0708591 0.0889922 0.1303662 0.1514945 0.1164970 0.1516315 0.0970482 0.0891382 0.0965096 0.0719757 0.0658628 0.0720447 0.0741849 0.1170424 0.0878687 0.1227964 0.1362061 0.1394904 0.1061800 0.0748266 0.1491159 0.1403648 0.1110279 0.0932225 0.1192511 0.1123631 0.1448158 0.1655924 0.1344348 0.1236573 0.1019006 0.1046245 0.1559158 0.0892275 0.1636652 0.1422867 0.1235250 0.1027508 0.1286953 0.0607798 0.1229451 0.1595229 0.0721137 0.0728687 0.1158566 0.1173629 0.1294937 0.1323255 0.1432237 0.1233097 0.1104475 0.1234231 0.1520486 0.1982752 0.0677927 0.1310531 0.1165367 0.1100834 0.0740598 0.0750473 0.0788990 0.1199192 0.0717335 0.1153390 0.1063576 0.1214529 0.1396125 0.0660658 0.0765978 0.1152383 0.1196692 0.1357787 0.0739461 0.1068171 0.1028903 0.0849999 0.0806764 0.1267579 0.0735251 0.1301847 0.0639658 0.0720047 0.1043102 0.1005093 0.1350607 0.1048343 0.0821122 0.1204909 0.0877608 0.0849669 0.0498749 0.0864657 
S0428sl       0.2786318 0.1127454 0.1106079 0.0783114 0.2504914 0.1200335 0.1735676 0.0683963 0.1018039 0.1301827 0.1728127 0.0858172 0.1743722 0.2710799 0.0970117 0.1640194 0.0906088 0.1661484 0.1530599 0.1688062 0.1202660 0.1287256 0.1317344 0.0903134 0.1337446 0.0671223 0.1030096 0.1318232 0.0000000 0.1417600 0.1027145 0.1191733 0.1599245 0.2420237 0.0887281 0.1463739 0.1142452 0.0641915 0.0666760 0.1272992 0.1282826 0.1617013 0.1581232 0.1671659 0.1570551 0.1798838 0.1226307 0.1486377 0.1314522 0.1068810 0.1153122 0.1031686 0.1037287 0.1648430 0.1498577 0.0933014 0.2096330 0.0872336 0.0938814 0.0806067 0.0703987 0.2073512 0.1446597 0.1172636 0.1775299 0.1889864 0.1479793 0.1485681 0.2121524 0.1699221 0.1449125 0.1472387 0.2016853 0.1075342 0.1834492 0.0551702 0.1806816 0.1352238 0.1954866 0.1450043 0.1299209 0.2036585 0.1325544 0.1362391 0.1332525 0.0604210 0.0796113 0.0863363 0.1812341 0.0871807 0.0559808 0.1542573 0.1703994 0.1697377 0.1241859 0.1954994 0.1888829 0.1093670 0.1249257 0.1329868 0.1418488 0.1205868 0.1208874 0.0857161 0.0985397 0.1133745 0.1095795 0.1206280 0.1029184 0.0818572 0.1887714 0.0948855 0.1200335 0.1832249 0.1102800 0.0968107 0.1255363 0.1041932 0.0998903 0.1155736 0.1209577 0.0915446 0.1900541 0.1462223 0.1069768 0.1487108 0.0948709 0.1442680 0.1314175 0.1037822 0.1094395 0.1118529 
