130
PAFTOL_019361 0.0000000 0.3012594 0.2380133 0.2475903 0.3394109 0.2839583 0.0000010 0.2471793 0.2673618 0.3072210 0.2976537 0.3277795 0.2733873 0.2648668 0.2570770 0.2802848 0.2743967 0.2114899 0.2313113 0.2849355 0.2946186 0.2932021 0.2857517 0.1901357 0.3097475 0.2804851 0.2971803 0.2765236 0.2892032 0.2706897 0.2433253 0.3362824 0.2724651 0.2597554 0.2907966 0.2958167 0.2559080 0.2303684 0.2453810 0.2425848 0.2839583 0.2975093 0.2770800 0.2772464 0.3095059 0.2942095 0.2505470 0.2931659 0.3230168 0.3062259 0.2950643 0.3045376 0.2987274 0.2526973 0.2969857 0.2480652 0.2470110 0.2498829 0.2472609 0.2501558 0.3188203 0.4001516 0.2632958 0.2303922 0.2214987 0.0000010 0.3828351 0.2934273 0.2756443 0.2877035 0.2839302 0.2496088 0.2950874 0.2530435 0.2816231 0.2783880 0.0000010 0.2890281 0.2598385 0.2492021 0.3144026 0.2754250 0.2512196 0.2685019 0.2471855 0.2286826 0.2832253 0.2287805 0.2762135 0.3077172 0.2723827 0.2944208 0.2950643 0.2639205 0.2293833 0.2674698 0.3004218 0.2659716 0.3380767 0.2463168 0.2574136 0.2322014 0.2549878 0.2443838 0.2576749 0.2287119 0.3133388 0.2402836 0.4693933 0.2386884 0.2950643 0.3623069 0.2466356 0.2556212 0.2915300 0.2824035 0.2646541 0.2477279 0.2772259 0.2485489 0.2366094 0.2114939 0.2495869 0.2504749 0.2397993 0.1652219 0.2587739 0.2469748 0.3025877 0.2484434 
S0055         0.3012594 0.0000000 0.1497215 0.2200056 0.1858805 0.0788989 0.0000010 0.1774881 0.1494064 0.0885028 0.1042976 0.1936150 0.2000136 0.1617023 0.1806348 0.1878370 0.1628548 0.1523715 0.1524119 0.1944028 0.1483419 0.0804172 0.0871339 0.1755548 0.1188545 0.1560843 0.1242966 0.0860350 0.1951134 0.1578067 0.1596900 0.1228780 0.1895093 0.1816082 0.0867172 0.0736654 0.1779159 0.1620074 0.1535839 0.0985063 0.0734338 0.1447458 0.1925998 0.1896215 0.1177955 0.1918259 0.1581032 0.0900828 0.1748575 0.1240307 0.0829368 0.1280967 0.1265385 0.1505586 0.1417403 0.1740685 0.1950444 0.1489279 0.1687810 0.1427977 0.1512340 0.1614546 0.1457103 0.1521072 0.1523347 0.2331499 0.1770494 0.1950777 0.1573907 0.1463739 0.1556478 0.1713717 0.1218640 0.1574557 0.1436175 0.1792531 0.0000010 0.0813661 0.1531717 0.1700912 0.0809356 0.0753111 0.1379030 0.1732738 0.1533154 0.1423392 0.1865317 0.1686916 0.1795137 0.1523277 0.2015530 0.1962273 0.0772965 0.1929938 0.1505212 0.1377885 0.0787495 0.0779334 0.0516771 0.1468451 0.0724484 0.1786481 0.1450251 0.1446609 0.2917980 0.0601399 0.1299450 0.3594341 0.1834612 0.1505306 0.0754965 0.1877405 0.1431302 0.1610096 0.0733317 0.1931973 0.0550451 0.1699242 0.0806957 0.1090947 0.1512712 0.1396888 0.1581135 0.1379435 0.1446210 0.0956133 0.1220582 0.1653652 0.0944682 0.1433706 
S0196sl       0.2380133 0.1497215 0.0000000 0.1540927 0.1132515 0.1304421 0.0000010 0.1202834 0.0962514 0.1440055 0.1660735 0.1241494 0.1683692 0.1484571 0.1384060 0.1786511 0.1246962 0.1269873 0.1043853 0.1645231 0.2087167 0.1269094 0.1276145 0.1228237 0.1538235 0.1045702 0.0388144 0.1257831 0.1689613 0.1027566 0.1043155 0.1509991 0.2012477 0.1244803 0.1445165 0.1242720 0.1111686 0.1268120 0.0977179 0.0929032 0.1216624 0.0773195 0.1721019 0.1538154 0.1521272 0.1676318 0.1157433 0.1403840 0.1270950 0.0387026 0.1340004 0.0387715 0.0465771 0.0979467 0.0868440 0.1210499 0.1715814 0.1019850 0.1063488 0.0637552 0.1265467 0.1012003 0.1038083 0.0830347 0.0915589 0.0000010 0.1420224 0.1845427 0.1411507 0.0846610 0.0864268 0.1504511 0.0387317 0.1326429 0.1191619 0.1245558 0.0000010 0.1590897 0.0993755 0.1456441 0.1265868 0.1568304 0.0895717 0.1046486 0.1006240 0.1011517 0.1593313 0.1274243 0.1325865 0.1159904 0.1800180 0.1689438 0.1379608 0.1831097 0.1438409 0.0850568 0.1265792 0.1333862 0.1352249 0.1016942 0.1383816 0.1284726 0.0926985 0.0889656 0.1402598 0.1167456 0.0463637 0.1080316 0.1403337 0.0977161 0.1244790 0.1420301 0.0992297 0.1282898 0.1363753 0.1382034 0.1303464 0.1202489 0.1288941 0.1045467 0.1233913 0.1296717 0.1171793 0.0865162 0.0721855 0.0616100 0.0488329 0.1246321 0.1365017 0.0788021 
S0278         0.2475903 0.2200056 0.1540927 0.0000000 0.2608572 0.2032942 0.5040599 0.0771757 0.1656511 0.2265809 0.2457582 0.0877752 0.2712605 0.2890532 0.0595394 0.2944380 0.0924504 0.1803865 0.1734467 0.2804661 0.2654455 0.2150528 0.2109346 0.0983787 0.2437996 0.0867800 0.1859104 0.1980315 0.2854243 0.0991642 0.1737708 0.2261075 0.3261498 0.0762419 0.2172759 0.2027146 0.0760059 0.0912861 0.1164130 0.1774892 0.1776750 0.2053613 0.2758637 0.2171143 0.2226624 0.2897034 0.1641541 0.2231333 0.1827129 0.1853565 0.2193915 0.1915676 0.1913134 0.1806214 0.2080776 0.0944640 0.2693278 0.1157490 0.0881036 0.1715823 0.2128728 0.2380088 0.1870125 0.1668964 0.1730401 1.7883947 0.3015985 0.2313015 0.1907228 0.1762500 0.1819976 0.2123871 0.1854823 0.1870122 0.1873941 0.1851284 0.5040599 0.2058399 0.1884500 0.2113944 0.2133630 0.2116581 0.1663162 0.0813802 0.1163235 0.1093467 0.2755109 0.0918163 0.0837968 0.2247927 0.2861336 0.2782279 0.2082626 0.2986472 0.2380339 0.1534525 0.2053646 0.2158274 0.2124482 0.1701745 0.1885013 0.1224125 0.1685953 0.1581962 0.0711776 0.1883773 0.1942182 0.0919056 0.3076634 0.1135429 0.2104260 0.3076974 0.1789060 0.2003252 0.2251222 0.0942514 0.2011905 0.0884802 0.1934122 0.1824831 0.2124338 0.1839864 0.1385746 0.1754293 0.1740371 0.1302060 0.1672162 0.1886645 0.2027326 0.1791464 
S0281         0.3394109 0.1858805 0.1132515 0.2608572 0.0000000 0.2006074 0.0000010 0.2289388 0.1973111 0.2138837 0.2336284 0.2481002 0.2543350 0.2092090 0.2132848 0.2403213 0.2204729 0.2043557 0.1982414 0.2450946 0.2452908 0.2045587 0.2122768 0.2325854 0.2124577 0.2165507 0.1180696 0.1986729 0.2460435 0.2219806 0.1944873 0.1996205 0.2202805 0.2457934 0.2040089 0.1987252 0.2306029 0.2311786 0.2349845 0.1920395 0.1910149 0.1128747 0.2306295 0.2344817 0.2144813 0.2297459 0.1956362 0.2131101 0.1879568 0.1178189 0.2137731 0.1178622 0.1221567 0.1941161 0.1114774 0.2405343 0.2109466 0.2106118 0.2248624 0.1698580 0.1845784 0.1897863 0.2076600 0.1783424 0.1887894 0.4081843 0.1475750 0.2494441 0.2396104 0.1644923 0.1698455 0.2169696 0.1136819 0.2082424 0.1816055 0.2187283 0.0000010 0.1827376 0.1942408 0.2350579 0.1916669 0.2169281 0.1888803 0.2341678 0.2318015 0.2186505 0.2299278 0.2449039 0.2410306 0.1939103 0.2539847 0.2501543 0.2148629 0.2153902 0.1879634 0.1915025 0.2017800 0.2079692 0.1932890 0.1807794 0.1710374 0.2415880 0.1954759 0.2017027 0.3552699 0.1871337 0.1261163 0.4275325 0.1328893 0.2183784 0.2009902 0.1543775 0.1885369 0.1929528 0.2018933 0.2481602 0.1931078 0.2250362 0.2010348 0.2013103 0.1774355 0.2019473 0.2341153 0.1720726 0.1724282 0.1609907 0.1344434 0.2011068 0.1944667 0.1919667 
S0282         0.2839583 0.0788989 0.1304421 0.2032942 0.2006074 0.0000000 0.0000010 0.1609446 0.1285583 0.0231689 0.1046035 0.1755549 0.1928375 0.1692598 0.1607342 0.1864234 0.1437982 0.1624702 0.1583355 0.1883550 0.1557906 0.0167477 0.0248647 0.1614755 0.1081578 0.1348669 0.1106787 0.0901669 0.1890430 0.1498277 0.1537140 0.1225375 0.2012870 0.1571631 0.0627371 0.0091052 0.1570896 0.1428129 0.1327881 0.0790975 0.0098049 0.1299328 0.1842904 0.1767825 0.1189011 0.1827485 0.1535284 0.0247617 0.1663699 0.1123354 0.0184429 0.1184060 0.1147531 0.1540042 0.1402671 0.1478533 0.1694885 0.1262810 0.1423195 0.1238982 0.1396754 0.1607001 0.1318023 0.1464835 0.1467021 0.1525910 0.1848640 0.1993950 0.1608930 0.1367295 0.1435768 0.1609209 0.1125729 0.1443982 0.1466897 0.1735792 0.0000010 0.0844823 0.1343097 0.1563974 0.0137378 0.0803784 0.1314042 0.1471889 0.1345083 0.1259371 0.1803716 0.1470345 0.1566108 0.1442200 0.1922697 0.1901204 0.0185135 0.1787519 0.1572011 0.1175129 0.0168311 0.0186303 0.0846561 0.1318795 0.0798703 0.1561386 0.1283564 0.1190756 0.2587171 0.0670806 0.1181443 0.3195106 0.1933055 0.1318759 0.0121930 0.2020008 0.1245283 0.1506656 0.0215225 0.1739795 0.0619171 0.1503195 0.0692523 0.0874175 0.1629352 0.1452426 0.1366068 0.1310449 0.1235495 0.0815161 0.1063910 0.1607394 0.0939421 0.1184982 
S0288         0.0000010 0.0000010 0.0000010 0.5040599 0.0000010 0.0000010 0.0000000 0.0000027 0.0000010 0.0000010 0.0000010 0.0000010 0.0000010 0.4992266 0.0000010 0.0000010 0.0000010 0.0000010 0.0000010 6.1746317 0.5040599 0.0000010 0.4992266 0.0000010 0.0000010 0.0000010 0.0000010 0.0000010 0.0000010 0.0000010 0.0000010 0.0000010 0.0000010 0.0000010 0.0000010 0.0000010 0.0000010 0.0000010 0.0000010 0.0000010 0.0000010 0.0000010 0.0000010 0.0000010 0.0000010 0.0000010 0.0000010 0.0000010 0.0000010 0.0000010 0.0000010 0.0000010 0.0000010 0.0000010 0.0000010 0.0000010 0.0000010 0.0000010 0.0000010 0.0000010 0.0000027 0.0000010 0.0000010 0.0000010 0.0000010 0.0000027 0.0000010 0.0000010 0.0000010 0.0000010 0.0000010 0.0000010 0.0000010 0.0000010 0.0000010 0.0000010 0.0000010 0.0000010 0.0000010 0.0000010 0.0000010 0.0000010 0.0000010 0.0000010 0.0000010 0.5040599 0.0000010 9.0000000 0.5040599 0.0000010 0.0000010 0.0000010 0.0000010 0.0000010 0.0000010 0.0000010 0.0000010 0.0000010 0.0000010 0.0000010 0.0000010 0.0000010 0.0000010 0.0000010 0.0000010 0.0000010 0.0000010 0.0000010 0.0000010 0.4992266 0.0000010 0.0000010 0.0000010 0.0000010 0.0000010 0.0000010 0.0000010 0.0000010 4.3829025 0.0000010 0.0000027 0.0000010 0.0000010 0.0000010 0.0000010 0.0000027 0.0000010 0.0000010 0.0000010 0.0000010 
S0289         0.2471793 0.1774881 0.1202834 0.0771757 0.2289388 0.1609446 0.0000027 0.0000000 0.1350797 0.1709243 0.1893504 0.0719448 0.2330226 0.2252402 0.0459180 0.2380868 0.0438019 0.1395803 0.1409845 0.2273984 0.2401289 0.1624727 0.1598102 0.0525647 0.1945039 0.0353344 0.1378928 0.1633007 0.2308270 0.0680462 0.1422602 0.1787062 0.2901480 0.0523857 0.1734325 0.1519711 0.0502511 0.0480359 0.0771611 0.1255257 0.1522114 0.1645590 0.2223784 0.1602461 0.1796157 0.2271361 0.1278832 0.1746711 0.1588162 0.1375875 0.1662210 0.1440971 0.1418181 0.1603323 0.1730775 0.0488173 0.2302196 0.0633501 0.0545188 0.1176247 0.1966375 0.1750084 0.1502508 0.1389115 0.1391178 0.2648514 0.2479093 0.1693746 0.1508033 0.1425084 0.1513016 0.1537169 0.1400499 0.1359274 0.1494309 0.1516053 0.0000027 0.1619424 0.1539559 0.1529225 0.1636248 0.1691197 0.1265179 0.0468389 0.0751705 0.0699976 0.2297305 0.0539122 0.0591535 0.1993036 0.2290765 0.2256870 0.1619968 0.2453776 0.1663315 0.1264965 0.1584641 0.1604272 0.1721916 0.1313120 0.1617779 0.0771780 0.1374854 0.1269078 0.1173590 0.1476000 0.1484440 0.1895010 0.2560789 0.0713079 0.1570838 0.2666459 0.1381233 0.1445001 0.1650128 0.0667225 0.1501467 0.0622492 0.1579940 0.1368697 0.1649981 0.1374463 0.0927505 0.1236563 0.1194386 0.0945205 0.1295828 0.1430308 0.1741858 0.1243218 
S0292         0.2673618 0.1494064 0.0962514 0.1656511 0.1973111 0.1285583 0.0000010 0.1350797 0.0000000 0.1438784 0.1796762 0.1594296 0.1919902 0.1771432 0.1190515 0.1943810 0.1218907 0.1047422 0.1065461 0.1941187 0.1868385 0.1342156 0.1468686 0.1398860 0.1543544 0.1130614 0.1112983 0.1191106 0.1948207 0.1215284 0.1173893 0.1446018 0.2133201 0.1373638 0.1337234 0.1243088 0.1377347 0.1225421 0.1229425 0.1098497 0.1286983 0.1348081 0.1899102 0.1446275 0.1403680 0.1846114 0.1110633 0.1412693 0.1197930 0.1110617 0.1375204 0.1131781 0.1130393 0.1180751 0.1358810 0.1249465 0.1901134 0.1145329 0.1311126 0.0933036 0.1328033 0.1378318 0.1084742 0.1025325 0.1109954 0.2954145 0.1979648 0.1794265 0.1568619 0.1034041 0.1096076 0.1356367 0.1133179 0.1220521 0.1232583 0.1116555 0.0000010 0.1558591 0.0618009 0.1385302 0.1351382 0.1526686 0.0843882 0.1269384 0.1206353 0.1172915 0.1838804 0.1333660 0.1415098 0.1632891 0.1989092 0.1928046 0.1357388 0.1957807 0.1120253 0.0201772 0.1304036 0.1340219 0.1496278 0.0581461 0.1370452 0.1319081 0.0296051 0.0170081 0.2116859 0.1298133 0.1212058 0.2767826 0.1973558 0.1107473 0.1268815 0.2185183 0.0584566 0.0902554 0.1345144 0.1514928 0.1382673 0.1305153 0.1515753 0.1228246 0.1033259 0.0933992 0.1212197 0.1001124 0.0950303 0.0853410 0.1172709 0.0925017 0.1390238 0.0857644 
S0293         0.3072210 0.0885028 0.1440055 0.2265809 0.2138837 0.0231689 0.0000010 0.1709243 0.1438784 0.0000000 0.1070654 0.1850487 0.2039304 0.1678312 0.1738304 0.1874805 0.1532870 0.1678990 0.1735769 0.1941035 0.1675563 0.0215128 0.0331171 0.1672062 0.1127134 0.1441233 0.1252184 0.1038979 0.1948194 0.1602110 0.1546745 0.1374529 0.2108568 0.1721456 0.0792349 0.0184888 0.1645634 0.1524575 0.1420034 0.0850021 0.0199325 0.1452236 0.1899956 0.1867983 0.1245362 0.1915046 0.1665463 0.0361794 0.1738218 0.1268931 0.0199751 0.1331715 0.1294400 0.1657515 0.1561046 0.1552364 0.1816455 0.1339300 0.1518124 0.1395579 0.1608423 0.1672378 0.1410142 0.1516530 0.1518819 0.1637865 0.1929152 0.2123961 0.1705723 0.1505528 0.1616881 0.1705920 0.1271660 0.1563093 0.1513601 0.1838152 0.0000010 0.0904718 0.1433491 0.1657638 0.0248166 0.0899793 0.1406316 0.1566986 0.1437407 0.1349624 0.1861617 0.1522136 0.1708196 0.1538723 0.1980572 0.1959415 0.0248951 0.1866503 0.1597519 0.1305101 0.0247936 0.0283828 0.0944223 0.1430037 0.0915041 0.1663772 0.1414098 0.1320780 0.2692348 0.0765135 0.1308434 0.3339112 0.1960843 0.1429915 0.0169221 0.2103889 0.1375717 0.1630623 0.0295831 0.1842312 0.0710120 0.1598435 0.0803606 0.0954855 0.1729279 0.1461315 0.1431548 0.1401208 0.1371926 0.0901861 0.1167611 0.1662182 0.1000861 0.1335022 
S0294         0.2976537 0.1042976 0.1660735 0.2457582 0.2336284 0.1046035 0.0000010 0.1893504 0.1796762 0.1070654 0.0000000 0.1974572 0.2241706 0.1975958 0.1819952 0.2193009 0.1789394 0.1886397 0.1695533 0.2239419 0.1787860 0.1022723 0.1176053 0.1969330 0.1462423 0.1640472 0.1603169 0.1261456 0.2247986 0.1876664 0.1737047 0.1439753 0.2448208 0.1934982 0.1215902 0.0989267 0.1950557 0.1583507 0.1675606 0.1084331 0.0977374 0.1783693 0.2170322 0.2187770 0.1382067 0.2136257 0.2116045 0.1119293 0.2031421 0.1599526 0.1069565 0.1615164 0.1628338 0.1801390 0.1853081 0.1809044 0.2143747 0.1691974 0.1702403 0.1541809 0.1909702 0.2016944 0.1744458 0.1806474 0.1842898 0.1372179 0.2109265 0.2206218 0.2072817 0.1754290 0.1828425 0.2058784 0.1603135 0.1923247 0.1880058 0.2025195 0.0000010 0.1135556 0.1781392 0.1968588 0.1068319 0.1123014 0.1636327 0.1763750 0.1769051 0.1726079 0.2136749 0.1730580 0.1873004 0.2068129 0.2280323 0.2236179 0.1096124 0.2176846 0.1872609 0.1659158 0.1043997 0.1040622 0.1023752 0.1832177 0.0978405 0.1875318 0.1824209 0.1747953 0.3033623 0.0950988 0.1692998 0.3458323 0.2138035 0.1761301 0.1010606 0.2296410 0.1790679 0.1852343 0.1004910 0.2135558 0.0967601 0.1713441 0.1194487 0.1187794 0.1889519 0.1748477 0.1814306 0.1684356 0.1582643 0.1146453 0.1584028 0.1981621 0.1174455 0.1564180 
S0299         0.3277795 0.1936150 0.1241494 0.0877752 0.2481002 0.1755549 0.0000010 0.0719448 0.1594296 0.1850487 0.1974572 0.0000000 0.2794391 0.2583789 0.0414365 0.2677352 0.0762675 0.1592099 0.1760085 0.2593648 0.2618975 0.1689949 0.1791261 0.0821115 0.1965042 0.0623680 0.1590011 0.1711985 0.2676444 0.0953627 0.1528924 0.1866128 0.3034551 0.0599476 0.1968246 0.1639765 0.0599257 0.0751599 0.0850645 0.1363683 0.1397677 0.1854604 0.2492712 0.2079948 0.1926173 0.2529480 0.1542738 0.1903796 0.1446016 0.1585468 0.1795484 0.1643343 0.1641180 0.1601740 0.1996654 0.0807991 0.2732568 0.0806995 0.0822158 0.1483264 0.2185785 0.1723322 0.1655946 0.1474078 0.1506367 0.3691275 0.2517266 0.2117573 0.1791161 0.1526129 0.1497591 0.2018168 0.1590568 0.1751665 0.1515703 0.1812810 0.0000010 0.1755292 0.1677048 0.1962711 0.1728679 0.1774429 0.1532250 0.0552400 0.0827538 0.0830243 0.2581960 0.0808775 0.0594528 0.2036072 0.2654869 0.2567397 0.1708543 0.2716041 0.1968708 0.1369785 0.1726832 0.1636548 0.1883622 0.1550951 0.1694857 0.1035988 0.1460920 0.1477719 0.1180016 0.1464423 0.1642366 0.2063493 0.2598166 0.0894440 0.1674480 0.2772229 0.1652700 0.1748465 0.1722134 0.0668811 0.1753667 0.0804239 0.1695833 0.1505894 0.1750668 0.1569515 0.1090431 0.1487824 0.1506935 0.1312229 0.1612586 0.1689967 0.1731687 0.1550633 
S0303         0.2733873 0.2000136 0.1683692 0.2712605 0.2543350 0.1928375 0.0000010 0.2330226 0.1919902 0.2039304 0.2241706 0.2794391 0.0000000 0.0907130 0.2288837 0.0285319 0.2266647 0.2006070 0.2107356 0.0131267 0.2657994 0.1976229 0.2055782 0.2309148 0.2391818 0.2142161 0.1786675 0.2057201 0.0131633 0.2252582 0.2045458 0.2322259 0.1585394 0.2547562 0.2201193 0.1882979 0.2509155 0.2102569 0.2273084 0.1835573 0.1782110 0.1799565 0.0232800 0.2483934 0.2452561 0.0214703 0.2034029 0.2118387 0.1918945 0.1727588 0.2015532 0.1784597 0.1806782 0.1975586 0.1774720 0.2099936 0.1180760 0.2268010 0.2246128 0.1799375 0.0929535 0.2264925 0.2070226 0.1973918 0.1903306 0.4133397 0.2306890 0.2580843 0.2386803 0.1790491 0.1867973 0.2237677 0.1779574 0.2102807 0.2194222 0.2160788 0.0000010 0.1886628 0.2077924 0.2316726 0.1962742 0.1940666 0.1874822 0.2330390 0.2290113 0.2251967 0.0169375 0.2281670 0.2602203 0.1139335 0.0216178 0.0165936 0.1916827 0.1230928 0.2060474 0.1815891 0.1950241 0.1883812 0.1946534 0.1739209 0.1874344 0.2510266 0.1857951 0.1848018 0.3681734 0.1692824 0.1910524 0.4127439 0.2421637 0.2264433 0.1889689 0.2377526 0.1990019 0.2066022 0.1922335 0.2562272 0.1901539 0.2138852 0.1919729 0.2047200 0.2076659 0.2024889 0.2386803 0.1638959 0.1819918 0.1354870 0.1795238 0.2172421 0.2125431 0.1890636 
S0308         0.2648668 0.1617023 0.1484571 0.2890532 0.2092090 0.1692598 0.4992266 0.2252402 0.1771432 0.1678312 0.1975958 0.2583789 0.0907130 0.0000000 0.2526772 0.0828722 0.2223727 0.1806154 0.1841572 0.0828670 0.2003019 0.1637379 0.1811380 0.2252293 0.1953022 0.2139323 0.1546584 0.1577540 0.0851832 0.2341212 0.1899176 0.2019992 0.1233267 0.2507887 0.1828925 0.1626232 0.2303996 0.2242333 0.2150744 0.1555374 0.1746582 0.1608330 0.0811004 0.2137604 0.2220117 0.0808023 0.2195072 0.1765169 0.1962430 0.1491879 0.1750300 0.1568041 0.1520150 0.1860600 0.1682259 0.2257416 0.0953784 0.1995042 0.2233111 0.1605986 0.0778310 0.1807851 0.1903513 0.1693405 0.1765316 0.3281762 0.1970065 0.2387411 0.2189013 0.1606273 0.1660765 0.2025255 0.1546551 0.1845808 0.1962735 0.2014038 0.4992266 0.1661925 0.1808016 0.2075430 0.1668415 0.1795951 0.1718479 0.2401929 0.2176541 0.2112639 0.0709035 0.2192117 0.2551554 0.0888646 0.0973166 0.0836354 0.1761396 0.0900183 0.1812717 0.1653733 0.1664851 0.1667713 0.1543770 0.1550326 0.1588704 0.2365093 0.1657193 0.1713950 0.3412035 0.1531244 0.1687278 0.4231026 0.2043776 0.2050411 0.1603430 0.2056510 0.1629758 0.1871984 0.1638303 0.2603415 0.1490158 0.2216405 0.1658294 0.1939449 0.1855813 0.1732291 0.2235318 0.1544927 0.1625954 0.1366325 0.1474473 0.1906243 0.1658155 0.1735877 
S0320         0.2570770 0.1806348 0.1384060 0.0595394 0.2132848 0.1607342 0.0000010 0.0459180 0.1190515 0.1738304 0.1819952 0.0414365 0.2288837 0.2526772 0.0000000 0.2462110 0.0529766 0.1329877 0.1334342 0.2395267 0.2433362 0.1632586 0.1585260 0.0589469 0.1994855 0.0507113 0.1438725 0.1690848 0.2337000 0.0577367 0.1372705 0.1840370 0.2793646 0.0410523 0.1656978 0.1511141 0.0363504 0.0525048 0.0718144 0.1256710 0.1525784 0.1654561 0.2282203 0.1761427 0.1868127 0.2347879 0.1351210 0.1736670 0.1644048 0.1434355 0.1641613 0.1494915 0.1492782 0.1391530 0.1804997 0.0530088 0.2469791 0.0655914 0.0487819 0.1296440 0.2054749 0.1674117 0.1416595 0.1277425 0.1305152 0.0000027 0.2521267 0.1913925 0.1617541 0.1335286 0.1371098 0.1702444 0.1435378 0.1534896 0.1424443 0.1557067 0.0000010 0.1675424 0.1339702 0.1658031 0.1643519 0.1721349 0.1193539 0.0433713 0.0691707 0.0720763 0.2344362 0.0601120 0.0524099 0.1796833 0.2348035 0.2334033 0.1580679 0.2662912 0.1763330 0.1093204 0.1540852 0.1664847 0.1769224 0.1311069 0.1523831 0.0856655 0.1218867 0.1162412 0.0456576 0.1487037 0.1521370 0.0412392 0.2431305 0.0691768 0.1552043 0.2606144 0.1343400 0.1521830 0.1727587 0.0530592 0.1567427 0.0501816 0.1573538 0.1297500 0.1635903 0.1387488 0.0845737 0.1333755 0.1321424 0.0795052 0.1316683 0.1400442 0.1736091 0.1396118 
S0322         0.2802848 0.1878370 0.1786511 0.2944380 0.2403213 0.1864234 0.0000010 0.2380868 0.1943810 0.1874805 0.2193009 0.2677352 0.0285319 0.0828722 0.2462110 0.0000000 0.2301195 0.2027700 0.2012646 0.0215522 0.2601032 0.1857398 0.1980582 0.2253958 0.2251141 0.2185404 0.1782955 0.1978603 0.0231941 0.2228260 0.2143232 0.2341551 0.1696771 0.2587789 0.2057787 0.1800549 0.2520161 0.2237280 0.2252774 0.1848300 0.1781236 0.1798689 0.0200207 0.2529861 0.2437686 0.0199590 0.2152310 0.2008641 0.2122583 0.1728393 0.1920620 0.1803651 0.1801520 0.2004480 0.1771078 0.2252135 0.1201887 0.2199522 0.2277472 0.1743832 0.0903696 0.2283055 0.2037151 0.1979877 0.2017690 0.4022114 0.2284569 0.2671904 0.2452233 0.1787389 0.1880365 0.2321082 0.1776410 0.2153860 0.2126204 0.2145836 0.0000010 0.1872935 0.2090178 0.2324897 0.1867990 0.1825143 0.1891230 0.2431778 0.2221650 0.2161799 0.0140876 0.2258680 0.2637148 0.1081218 0.0328453 0.0248921 0.1831032 0.1194873 0.2024149 0.1851582 0.1860343 0.1815266 0.1875015 0.1687707 0.1882041 0.2492923 0.1863882 0.1901240 0.3604949 0.1577938 0.1874495 0.4343965 0.2501400 0.2173550 0.1778665 0.2460338 0.1961923 0.2147151 0.1861231 0.2595792 0.1904328 0.2248778 0.1879770 0.2092320 0.2129740 0.1969535 0.2327495 0.1684552 0.1762670 0.1482220 0.1784686 0.2218940 0.2086390 0.1796544 
S0327         0.2743967 0.1628548 0.1246962 0.0924504 0.2204729 0.1437982 0.0000010 0.0438019 0.1218907 0.1532870 0.1789394 0.0762675 0.2266647 0.2223727 0.0529766 0.2301195 0.0000000 0.1412483 0.1504771 0.2220920 0.2351362 0.1453231 0.1516228 0.0504980 0.1715179 0.0367519 0.1396113 0.1546694 0.2229418 0.0679003 0.1432473 0.1642059 0.2609731 0.0557504 0.1519655 0.1352020 0.0533804 0.0385551 0.0734054 0.1234401 0.1410590 0.1639840 0.2146280 0.1621643 0.1764089 0.2193297 0.1378647 0.1547898 0.1608407 0.1393023 0.1487939 0.1435690 0.1414155 0.1600319 0.1730928 0.0398521 0.2370591 0.0628799 0.0453342 0.1133550 0.1990465 0.1603383 0.1387625 0.1386514 0.1388569 0.2168371 0.2368856 0.1749581 0.1504459 0.1463084 0.1544078 0.1490758 0.1417708 0.1355173 0.1507893 0.1497789 0.0000010 0.1478245 0.1465044 0.1539846 0.1442168 0.1517155 0.1247538 0.0465323 0.0750287 0.0716611 0.2221508 0.0449128 0.0573017 0.1912972 0.2181915 0.2206195 0.1447186 0.2462991 0.1669434 0.1174512 0.1393511 0.1452913 0.1632365 0.1308548 0.1436638 0.0765626 0.1262854 0.1178276 0.1307222 0.1328919 0.1501724 0.1927103 0.2328237 0.0676248 0.1400408 0.2535522 0.1313467 0.1490735 0.1434778 0.0720156 0.1344256 0.0412425 0.1460290 0.1242629 0.1603885 0.1345229 0.0807990 0.1133948 0.1151591 0.0898769 0.1377011 0.1432725 0.1579063 0.1178858 
S0335         0.2114899 0.1523715 0.1269873 0.1803865 0.2043557 0.1624702 0.0000010 0.1395803 0.1047422 0.1678990 0.1886397 0.1592099 0.2006070 0.1806154 0.1329877 0.2027700 0.1412483 0.0000000 0.0862611 0.2024935 0.2096964 0.1596355 0.1732155 0.1427154 0.1722936 0.1322641 0.1402458 0.1391779 0.2032346 0.1402350 0.1213036 0.1585143 0.2106577 0.1446870 0.1632783 0.1535994 0.1439503 0.1296320 0.1345982 0.1096141 0.1597208 0.1585495 0.1982232 0.1621909 0.1791466 0.1927956 0.1329810 0.1760366 0.1286930 0.1399380 0.1676903 0.1422063 0.1378712 0.1290895 0.1649169 0.1422718 0.1962377 0.1154584 0.1532480 0.1046150 0.1753364 0.1295960 0.1100198 0.1126465 0.1130113 0.2179615 0.2154919 0.1888538 0.1591914 0.1080116 0.1207201 0.1604238 0.1423887 0.1399311 0.1240284 0.1049088 0.0000010 0.1609076 0.0974470 0.1560132 0.1585148 0.1640460 0.0959235 0.1312911 0.1321937 0.1216966 0.1946698 0.1420533 0.1503697 0.1770369 0.2154192 0.2043976 0.1564992 0.1970525 0.0779596 0.0941181 0.1577930 0.1486245 0.1571791 0.0932971 0.1458749 0.1481095 0.0952000 0.1023973 0.2276878 0.1364472 0.1459296 0.3216247 0.2107996 0.1336745 0.1586593 0.2274756 0.0976236 0.0898805 0.1621081 0.1573904 0.1553945 0.1473733 0.1719466 0.1264529 0.0822212 0.0345820 0.1411823 0.1093193 0.1024942 0.0973081 0.1311808 0.0901641 0.1532239 0.1108924 
S0345         0.2313113 0.1524119 0.1043853 0.1734467 0.1982414 0.1583355 0.0000010 0.1409845 0.1065461 0.1735769 0.1695533 0.1760085 0.2107356 0.1841572 0.1334342 0.2012646 0.1504771 0.0862611 0.0000000 0.2050212 0.2302273 0.1578467 0.1746529 0.1758081 0.1829748 0.1378516 0.1307921 0.1589734 0.2098665 0.1528135 0.1334967 0.1470889 0.2360415 0.1457881 0.1601698 0.1519238 0.1630918 0.1287790 0.1357936 0.1388077 0.1374934 0.1471836 0.2026285 0.1775825 0.1673555 0.1949600 0.1316917 0.1682481 0.1628058 0.1338346 0.1728250 0.1366752 0.1272986 0.1315592 0.1508270 0.1318159 0.2222203 0.1249108 0.1405950 0.1142004 0.1744996 0.1463384 0.1295100 0.1188947 0.1258910 0.4307466 0.2011910 0.1954502 0.1821463 0.1311363 0.1364317 0.1595498 0.1339391 0.1472406 0.1350900 0.1033943 0.0000010 0.1405631 0.1142232 0.1724476 0.1729338 0.1586806 0.1164403 0.1527579 0.1384102 0.1321680 0.1988804 0.1444774 0.1491317 0.1795946 0.2239769 0.2098748 0.1624915 0.2143386 0.0526298 0.1017190 0.1616873 0.1405934 0.1698784 0.1005143 0.1307804 0.1483524 0.1036376 0.1021528 0.1979795 0.1340050 0.1502683 0.3497887 0.2146319 0.1253662 0.1554469 0.2159040 0.1019746 0.0919212 0.1551288 0.1647290 0.1494123 0.1377327 0.1628291 0.1526476 0.0308143 0.0724044 0.1363450 0.1217184 0.1168463 0.1076867 0.1308494 0.0922718 0.1649471 0.1082532 
S0355         0.2849355 0.1944028 0.1645231 0.2804661 0.2450946 0.1883550 6.1746317 0.2273984 0.1941187 0.1941035 0.2239419 0.2593648 0.0131267 0.0828670 0.2395267 0.0215522 0.2220920 0.2024935 0.2050212 0.0000000 0.2544687 0.1876642 0.1975160 0.2254198 0.2330779 0.2107252 0.1801820 0.1951121 0.0075590 0.2229775 0.2114792 0.2311647 0.1637010 0.2503418 0.2077675 0.1819796 0.2437122 0.2153776 0.2223318 0.1821487 0.1783556 0.1817724 0.0167898 0.2498704 0.2501876 0.0167387 0.2017692 0.2028246 0.2098124 0.1747074 0.1940112 0.1822533 0.1820386 0.1977098 0.1741187 0.2112970 0.1200392 0.2167487 0.2197453 0.1817904 0.0826489 0.2205108 0.2042040 0.1930629 0.1990092 0.4134436 0.2232058 0.2611019 0.2363362 0.1761125 0.1855556 0.2291250 0.1795205 0.2037851 0.2145802 0.2191184 6.1746317 0.1892143 0.2087298 0.2294490 0.1887344 0.1890081 0.1888671 0.2350295 0.2192445 0.2084114 0.0092899 0.2146698 0.2499832 0.1037919 0.0168182 0.0060491 0.1850391 0.1193374 0.2051069 0.1849075 0.1879621 0.1834680 0.1918489 0.1685482 0.1879479 0.2460496 0.1861393 0.1898653 0.3509796 0.1667210 0.1893528 0.4129041 0.2394484 0.2167817 0.1797890 0.2406105 0.1959253 0.2144170 0.1880515 0.2511119 0.1923658 0.2172656 0.1850975 0.2064035 0.2102218 0.2024016 0.2297580 0.1659344 0.1836905 0.1483143 0.1758746 0.2215848 0.2058122 0.1871673 
S0376         0.2946186 0.1483419 0.2087167 0.2654455 0.2452908 0.1557906 0.5040599 0.2401289 0.1868385 0.1675563 0.1787860 0.2618975 0.2657994 0.2003019 0.2433362 0.2601032 0.2351362 0.2096964 0.2302273 0.2544687 0.0000000 0.1572995 0.1659955 0.2475803 0.1572284 0.2121730 0.1845964 0.0838877 0.2554658 0.2147047 0.1981318 0.1531240 0.2565978 0.2436303 0.1660740 0.1497934 0.2451390 0.2271212 0.2074902 0.1360669 0.1505327 0.1897639 0.2498046 0.2476239 0.1555359 0.2539597 0.2357476 0.1517714 0.2310288 0.1841737 0.1565737 0.1912351 0.1819416 0.2133030 0.1931721 0.2446659 0.2271594 0.1984318 0.2361684 0.1800751 0.2051576 0.2172827 0.2004430 0.1822548 0.1874040 0.2910820 0.2197755 0.2562689 0.2218492 0.1943183 0.1984976 0.2365785 0.1869294 0.2200611 0.2080789 0.2152663 0.5040599 0.1480688 0.1904441 0.2433800 0.1512507 0.1581773 0.1688226 0.2373780 0.2093043 0.1870025 0.2440553 0.2307194 0.2416079 0.2005431 0.2650231 0.2596700 0.1618503 0.2308203 0.2051615 0.1676057 0.1554751 0.1577129 0.1419376 0.1844163 0.1301886 0.2381182 0.1865373 0.1793340 0.3419549 0.1404111 0.1961527 0.4345465 0.2285887 0.2005512 0.1520068 0.2301036 0.1776456 0.1915583 0.1511643 0.2443056 0.1390767 0.2338759 0.1502301 0.1496667 0.2068084 0.1977025 0.2183296 0.1814632 0.1819595 0.1671087 0.1735344 0.2065138 0.0924583 0.1690211 
S0400         0.2932021 0.0804172 0.1269094 0.2150528 0.2045587 0.0167477 0.0000010 0.1624727 0.1342156 0.0215128 0.1022723 0.1689949 0.1976229 0.1637379 0.1632586 0.1857398 0.1453231 0.1596355 0.1578467 0.1876642 0.1572995 0.0000000 0.0279947 0.1631644 0.1039744 0.1363928 0.1122009 0.0954299 0.1881657 0.1468613 0.1509508 0.1240515 0.2008020 0.1637074 0.0677987 0.0121494 0.1586069 0.1469480 0.1343162 0.0769841 0.0097617 0.1355657 0.1836150 0.1759175 0.1207402 0.1851189 0.1560613 0.0294524 0.1596325 0.1138529 0.0199439 0.1199211 0.1162743 0.1555179 0.1460446 0.1472365 0.1665741 0.1235074 0.1438514 0.1278436 0.1479191 0.1541990 0.1355009 0.1437932 0.1440063 0.1751959 0.1817769 0.2032698 0.1691351 0.1425756 0.1515375 0.1624495 0.1140931 0.1482182 0.1482011 0.1727860 0.0000010 0.0859994 0.1358421 0.1579473 0.0183455 0.0782687 0.1329403 0.1466018 0.1360318 0.1274634 0.1796863 0.1464291 0.1624659 0.1480609 0.1915645 0.1894166 0.0216163 0.1712311 0.1498178 0.1231443 0.0183285 0.0217534 0.0861756 0.1375310 0.0832575 0.1600088 0.1340052 0.1246998 0.2545573 0.0650405 0.1196566 0.3238282 0.1893668 0.1333960 0.0136930 0.1987588 0.1301616 0.1528088 0.0230185 0.1754934 0.0634244 0.1518223 0.0689874 0.0927254 0.1578096 0.1425495 0.1339772 0.1325576 0.1274834 0.0872247 0.1079110 0.1557463 0.0954560 0.1219530 
S0405         0.2857517 0.0871339 0.1276145 0.2109346 0.2122768 0.0248647 0.4992266 0.1598102 0.1468686 0.0331171 0.1176053 0.1791261 0.2055782 0.1811380 0.1585260 0.1980582 0.1516228 0.1732155 0.1746529 0.1975160 0.1659955 0.0279947 0.0000000 0.1726882 0.1187519 0.1448471 0.1239157 0.1064281 0.2007729 0.1563553 0.1591242 0.1360680 0.2069235 0.1730290 0.0796991 0.0185030 0.1677428 0.1509599 0.1404954 0.0872010 0.0138050 0.1438145 0.1958771 0.1927956 0.1267764 0.1973865 0.1452488 0.0396740 0.1640609 0.1255975 0.0298348 0.1318896 0.1281459 0.1689673 0.1500525 0.1582104 0.1773588 0.1343955 0.1525833 0.1425040 0.1461105 0.1743749 0.1386670 0.1567324 0.1569714 0.2189461 0.1941087 0.2153314 0.1648922 0.1487435 0.1600217 0.1763404 0.1258686 0.1569949 0.1569562 0.1825663 0.4992266 0.0964935 0.1528156 0.1718337 0.0265296 0.0921846 0.1413402 0.1546511 0.1422377 0.1356345 0.1921375 0.1552023 0.1692992 0.1495906 0.2040208 0.1995251 0.0282227 0.1902184 0.1657568 0.1306145 0.0281375 0.0284048 0.0949494 0.1502386 0.0899110 0.1612678 0.1438877 0.1370833 0.2670180 0.0788021 0.1315927 0.3280007 0.1980520 0.1417095 0.0233564 0.2139600 0.1406412 0.1678359 0.0329849 0.1851836 0.0713972 0.1583655 0.0732401 0.0954690 0.1739193 0.1555066 0.1510477 0.1388075 0.1378771 0.0905856 0.1175442 0.1694273 0.1025872 0.1363910 
S0407sl       0.1901357 0.1755548 0.1228237 0.0983787 0.2325854 0.1614755 0.0000010 0.0525647 0.1398860 0.1672062 0.1969330 0.0821115 0.2309148 0.2252293 0.0589469 0.2253958 0.0504980 0.1427154 0.1758081 0.2254198 0.2475803 0.1631644 0.1726882 0.0000000 0.1812194 0.0449767 0.1321135 0.1653780 0.2263728 0.0722481 0.1452785 0.1749402 0.2925479 0.0600081 0.1786027 0.1518398 0.0554130 0.0517725 0.0845602 0.1277523 0.1569991 0.1636676 0.2192347 0.1545247 0.1850191 0.2223584 0.1427628 0.1733449 0.1690644 0.1320703 0.1645242 0.1414479 0.1367071 0.1611455 0.1678886 0.0583209 0.2290514 0.0716902 0.0608193 0.1084252 0.1969141 0.1713971 0.1422305 0.1448960 0.1428054 0.2316828 0.2565025 0.1834688 0.1497971 0.1499315 0.1597090 0.1493263 0.1370306 0.1391679 0.1585038 0.1619475 0.0000010 0.1594612 0.1554642 0.1504669 0.1564271 0.1675449 0.1288447 0.0518981 0.0863686 0.0826087 0.2245207 0.0641959 0.0654871 0.2068940 0.2305044 0.2240040 0.1626439 0.2486661 0.1792369 0.1257602 0.1586686 0.1607927 0.1742027 0.1336139 0.1597482 0.0870327 0.1379223 0.1287973 0.1461250 0.1477271 0.1389001 0.1966812 0.2544969 0.0779435 0.1572042 0.2770796 0.1415149 0.1547926 0.1606487 0.0654541 0.1550307 0.0675329 0.1735093 0.1423936 0.1720588 0.1381638 0.0978502 0.1226279 0.1104014 0.1053472 0.1375260 0.1490628 0.1741810 0.1135391 
S0412sl       0.3097475 0.1188545 0.1538235 0.2437996 0.2124577 0.1081578 0.0000010 0.1945039 0.1543544 0.1127134 0.1462423 0.1965042 0.2391818 0.1953022 0.1994855 0.2251141 0.1715179 0.1722936 0.1829748 0.2330779 0.1572284 0.1039744 0.1187519 0.1812194 0.0000000 0.1684654 0.1537752 0.1082107 0.2289560 0.1746906 0.1496219 0.1052220 0.2366608 0.1877512 0.1170055 0.1003104 0.1893102 0.1800859 0.1611936 0.0915280 0.0929810 0.1641279 0.2312422 0.2059465 0.1083392 0.2253120 0.1686260 0.1103952 0.1653164 0.1534319 0.1146728 0.1601017 0.1513077 0.1442793 0.1781432 0.1823920 0.2189862 0.1477586 0.1785088 0.1410351 0.1808859 0.1556485 0.1372215 0.1474004 0.1455866 0.2280002 0.2065727 0.2132395 0.1937299 0.1498660 0.1551397 0.1856794 0.1559833 0.1704407 0.1584301 0.1974796 0.0000010 0.1125151 0.1628498 0.1825141 0.1079890 0.1078245 0.1373425 0.1718450 0.1586703 0.1574156 0.2176456 0.1791375 0.1902436 0.1916660 0.2433152 0.2353651 0.1106775 0.2188281 0.1637596 0.1453319 0.1099896 0.1029347 0.1131289 0.1546114 0.1009026 0.1722991 0.1618980 0.1501870 0.3021139 0.0924618 0.1625467 0.3707283 0.2079743 0.1566454 0.1066472 0.2227555 0.1504750 0.1700984 0.1099662 0.1878444 0.1062474 0.1758837 0.1076903 0.0998150 0.1669616 0.1618693 0.1726547 0.1443241 0.1428600 0.1151532 0.1511607 0.1730997 0.1071210 0.1327233 
S0417         0.2804851 0.1560843 0.1045702 0.0867800 0.2165507 0.1348669 0.0000010 0.0353344 0.1130614 0.1441233 0.1640472 0.0623680 0.2142161 0.2139323 0.0507113 0.2185404 0.0367519 0.1322641 0.1378516 0.2107252 0.2121730 0.1363928 0.1448471 0.0449767 0.1684654 0.0000000 0.1176471 0.1426789 0.2115191 0.0583383 0.1302509 0.1559376 0.2524077 0.0453064 0.1490654 0.1264470 0.0433354 0.0317950 0.0661818 0.1040259 0.1338631 0.1428048 0.2057917 0.1502997 0.1679068 0.2080387 0.1306679 0.1477415 0.1555126 0.1173946 0.1397289 0.1235767 0.1214219 0.1439659 0.1510179 0.0383591 0.2182500 0.0492920 0.0404118 0.0984165 0.1833459 0.1462148 0.1273994 0.1255820 0.1257644 0.1957419 0.2250171 0.1645440 0.1410759 0.1240971 0.1340659 0.1417578 0.1196980 0.1218349 0.1374256 0.1377279 0.0000010 0.1449638 0.1307704 0.1377421 0.1373320 0.1467527 0.1097691 0.0381407 0.0677956 0.0624546 0.2104610 0.0416162 0.0555093 0.1761074 0.2148311 0.2069956 0.1357220 0.2269173 0.1546161 0.1026915 0.1325682 0.1359974 0.1552918 0.1156940 0.1387066 0.0655363 0.1133125 0.1030136 0.1192814 0.1260399 0.1277004 0.1790422 0.2227708 0.0585663 0.1311557 0.2464424 0.1183715 0.1350494 0.1387390 0.0613150 0.1321655 0.0480948 0.1408417 0.1169825 0.1488596 0.1282307 0.0810113 0.1069297 0.1000971 0.0815124 0.1157679 0.1293915 0.1455817 0.1092635 
S0419         0.2971803 0.1242966 0.0388144 0.1859104 0.1180696 0.1106787 0.0000010 0.1378928 0.1112983 0.1252184 0.1603169 0.1590011 0.1786675 0.1546584 0.1438725 0.1782955 0.1396113 0.1402458 0.1307921 0.1801820 0.1845964 0.1122009 0.1239157 0.1321135 0.1537752 0.1176471 0.0000000 0.1175991 0.1808251 0.1281621 0.1209838 0.1400641 0.2032851 0.1524253 0.1327357 0.1069677 0.1364759 0.1434289 0.1361206 0.0972107 0.1118442 0.0478403 0.1763231 0.1365186 0.1362450 0.1711908 0.1289583 0.1268233 0.1241391 0.0060167 0.1191564 0.0105944 0.0106171 0.1285709 0.0519437 0.1433726 0.1675897 0.1208547 0.1377732 0.0830675 0.1263743 0.1201523 0.1145715 0.1121620 0.1123195 0.2476236 0.1261308 0.1678020 0.1483994 0.0978083 0.1044770 0.1338325 0.0075499 0.1231165 0.1225165 0.1444912 0.0000010 0.1283833 0.1210441 0.1373383 0.1066034 0.1291567 0.1025417 0.1321252 0.1378464 0.1298274 0.1699180 0.1499069 0.1561833 0.1353960 0.1877662 0.1818305 0.1196996 0.1791896 0.1517327 0.1001697 0.1143904 0.1158564 0.1267752 0.1127227 0.1220883 0.1406800 0.1045244 0.1085330 0.2303800 0.1128318 0.0152263 0.2928119 0.1234341 0.1270996 0.1110278 0.1378633 0.1070760 0.1242614 0.1140125 0.1506330 0.1097124 0.1458902 0.1142692 0.1020282 0.1421805 0.1297569 0.1474802 0.0961729 0.0887872 0.0807862 0.0476832 0.1268352 0.1219460 0.0931832 
S0427         0.2765236 0.0860350 0.1257831 0.1980315 0.1986729 0.0901669 0.0000010 0.1633007 0.1191106 0.1038979 0.1261456 0.1711985 0.2057201 0.1577540 0.1690848 0.1978603 0.1546694 0.1391779 0.1589734 0.1951121 0.0838877 0.0954299 0.1064281 0.1653780 0.1082107 0.1426789 0.1175991 0.0000000 0.1958282 0.1508114 0.1351018 0.1019450 0.1949041 0.1651210 0.1005725 0.0885515 0.1645446 0.1529162 0.1400336 0.0788252 0.0878284 0.1376142 0.1886267 0.1675596 0.0890068 0.1925229 0.1576717 0.0937304 0.1668209 0.1173504 0.0981472 0.1234428 0.1153924 0.1419470 0.1434901 0.1630260 0.1799329 0.1267319 0.1599425 0.1146889 0.1336979 0.1438581 0.1376197 0.1346275 0.1363105 0.2613763 0.1858845 0.1850459 0.1575160 0.1289582 0.1380239 0.1680880 0.1196203 0.1481146 0.1533262 0.1550123 0.0000010 0.0976948 0.1331414 0.1673931 0.0922872 0.0996473 0.1170496 0.1600410 0.1417490 0.1311014 0.1848485 0.1534890 0.1705673 0.1591499 0.2019793 0.1969507 0.0986800 0.1785110 0.1443533 0.1039688 0.0937358 0.0968871 0.0921637 0.1194385 0.0892970 0.1609603 0.1169702 0.1143685 0.2496151 0.0802936 0.1236270 0.3314843 0.1851323 0.1390740 0.0904479 0.1975209 0.1175159 0.1355231 0.0937155 0.1723771 0.0728470 0.1677448 0.0932707 0.0911895 0.1446815 0.1287792 0.1535698 0.1256420 0.1164504 0.0996656 0.1157501 0.1401260 0.0445390 0.1069860 
S0430         0.2892032 0.1951134 0.1689613 0.2854243 0.2460435 0.1890430 0.0000010 0.2308270 0.1948207 0.1948194 0.2247986 0.2676444 0.0131633 0.0851832 0.2337000 0.0231941 0.2229418 0.2032346 0.2098665 0.0075590 0.2554658 0.1881657 0.2007729 0.2263728 0.2289560 0.2115191 0.1808251 0.1958282 0.0000000 0.2211873 0.2122651 0.2320455 0.1644999 0.2513213 0.2085481 0.1826423 0.2446567 0.2162403 0.2231756 0.1804917 0.1761917 0.1778842 0.0183972 0.2508399 0.2450593 0.0183404 0.2067143 0.1988208 0.2074416 0.1753250 0.1947262 0.1829043 0.1826882 0.1984302 0.1752225 0.2120882 0.1203176 0.2171610 0.2205852 0.1824443 0.0832501 0.2172223 0.2002154 0.1914598 0.1973999 0.3955670 0.2191499 0.2621268 0.2430723 0.1767473 0.1862235 0.2299982 0.1801589 0.2101340 0.2153740 0.2175016 0.0000010 0.1852907 0.2095024 0.2303399 0.1894252 0.1896936 0.1849529 0.2359308 0.2200728 0.2140873 0.0140792 0.2213984 0.2562129 0.1083466 0.0184279 0.0106927 0.1857167 0.1196163 0.2056833 0.1855783 0.1886474 0.1841416 0.1925483 0.1691420 0.1786780 0.2416591 0.1868047 0.1905573 0.3492779 0.1673220 0.1900344 0.4113569 0.2361944 0.2202079 0.1804429 0.2364920 0.1911852 0.2152176 0.1887374 0.2520973 0.1930688 0.2132145 0.1928555 0.2024093 0.2132733 0.2031421 0.2304193 0.1621508 0.1843512 0.1508999 0.1765003 0.2224165 0.2065781 0.1878458 
S0478         0.2706897 0.1578067 0.1027566 0.0991642 0.2219806 0.1498277 0.0000010 0.0680462 0.1215284 0.1602110 0.1876664 0.0953627 0.2252582 0.2341212 0.0577367 0.2228260 0.0679003 0.1402350 0.1528135 0.2229775 0.2147047 0.1468613 0.1563553 0.0722481 0.1746906 0.0583383 0.1281621 0.1508114 0.2211873 0.0000000 0.1411031 0.1660294 0.2681240 0.0757572 0.1616084 0.1404620 0.0771514 0.0619239 0.0633189 0.1132008 0.1312402 0.1467995 0.2122498 0.1622882 0.1603692 0.2146936 0.1229928 0.1594628 0.1438900 0.1278623 0.1525351 0.1346755 0.1322942 0.1435286 0.1506733 0.0675921 0.2215246 0.0537698 0.0662890 0.1163087 0.1682472 0.1432714 0.1349807 0.1212427 0.1239480 0.3025539 0.2326493 0.1900334 0.1547942 0.1332521 0.1472021 0.1626939 0.1304207 0.1483901 0.1343728 0.1479353 0.0000010 0.1566330 0.1403521 0.1641101 0.1526048 0.1514254 0.1155551 0.0671743 0.0670453 0.0616120 0.2165669 0.0695488 0.0852183 0.1743700 0.2219941 0.2157123 0.1485591 0.2417693 0.1566033 0.1167523 0.1449495 0.1535540 0.1468796 0.1265730 0.1416124 0.0796298 0.1262159 0.1147593 0.1037636 0.1313874 0.1392264 0.1558015 0.2315153 0.0592999 0.1431398 0.2482991 0.1339339 0.1452158 0.1541025 0.0946338 0.1413059 0.0747167 0.1442251 0.1230124 0.1637063 0.1333526 0.0836968 0.1075810 0.1139059 0.0887546 0.1289912 0.1266464 0.1646330 0.1165394 
