115
S0196sl    0.0000000 0.0844887 0.0837657 0.1263007 0.1327501 0.0758210 0.0920358 0.0992781 0.1373927 0.0945874 0.1347793 0.1387501 0.1239113 0.1745422 0.0890303 0.0856097 0.1212940 0.0758786 0.0755175 0.0803146 0.1192198 0.1036822 0.0901105 0.0101244 0.0690458 0.1029375 0.0950347 0.1023753 0.1254657 0.0891925 0.0937218 0.1105035 0.1227655 0.0796152 0.0740263 0.0441676 0.1058195 0.2086041 0.1284001 0.1023727 0.0963082 0.0784901 0.0152911 0.0787303 0.0128606 0.0126689 0.0400471 0.1139163 0.1051633 0.0694071 0.1088239 0.0731992 0.0853074 0.0945850 0.0537676 0.1797848 0.0981433 0.1254311 0.1033090 0.1404250 0.1641480 0.1836281 0.0075374 0.1843562 0.1267723 0.1273553 0.0898790 0.1276421 0.0779359 0.1942165 0.0740134 0.0896782 0.1021538 0.0659443 0.1114447 0.1053903 0.1965693 0.1090039 0.0640355 0.1873689 0.1165139 0.0810714 0.1172450 0.0000010 0.0865350 0.0783712 0.0880510 0.1036653 0.0960972 0.0832623 0.1485517 0.0983228 0.0914154 0.1210687 0.0927470 0.0154193 0.1111942 0.0537676 0.1180261 0.0723212 0.0918778 0.0804823 0.0911697 0.1366822 0.0872551 0.1222718 0.0832103 0.0887548 0.1104038 0.0912116 0.0822541 0.0554349 0.1083764 0.0811335 0.0670163 
S0281      0.0844887 0.0000000 0.1540029 0.1785239 0.1802863 0.1377929 0.1630093 0.1618766 0.1827273 0.1438323 0.1772571 0.1909862 0.1966582 0.2072287 0.1591864 0.1611629 0.1827839 0.1457402 0.1440507 0.1440027 0.1778440 0.1793999 0.1459447 0.0872678 0.1402681 0.1603247 0.1602933 0.1729876 0.1852836 0.1538582 0.1732952 0.1659854 0.1843256 0.1345120 0.1439050 0.1041695 0.1690000 0.2639619 0.2021564 0.1616733 0.1453476 0.1434310 0.0901383 0.1483724 0.0866343 0.0870788 0.0961178 0.1814196 0.1653491 0.1174072 0.1668961 0.1360109 0.1549377 0.1599651 0.1126620 0.2525343 0.1708232 0.1854926 0.1498003 0.1927598 0.2112281 0.2488366 0.0841081 0.2481505 0.1688777 0.1782904 0.1650002 0.1873899 0.1333861 0.2590136 0.1455017 0.1640240 0.1577151 0.1125855 0.1610111 0.1623564 0.2427533 0.1614451 0.1241405 0.2428058 0.1735165 0.1462915 0.1737110 0.0000010 0.1449472 0.1451433 0.1501553 0.1652862 0.1533606 0.1464785 0.1970248 0.1550458 0.1668222 0.1680078 0.1630298 0.0852177 0.1660959 0.1140853 0.1724978 0.1433676 0.1407063 0.1472843 0.1563776 0.1878730 0.1619715 0.1920112 0.1570614 0.1415337 0.1778912 0.1450482 0.1369669 0.1094187 0.1732593 0.1589402 0.1278288 
S0282      0.0837657 0.1540029 0.0000000 0.1390800 0.1409535 0.0908321 0.0418918 0.0660931 0.1397091 0.1206474 0.1616221 0.1537582 0.1633096 0.1687030 0.1152367 0.1076541 0.1573944 0.0872802 0.0238046 0.0332424 0.1266691 0.1015117 0.1007303 0.0932852 0.0890750 0.1032693 0.1330218 0.1106417 0.1392622 0.0465816 0.0733303 0.1260744 0.1228522 0.0703122 0.0273092 0.1105898 0.1306127 0.2182617 0.1277950 0.1308820 0.1096089 0.0331490 0.0975587 0.0332908 0.0929747 0.0945215 0.1072583 0.1237152 0.1381579 0.0775468 0.1195307 0.0957021 0.1213612 0.0545358 0.1210553 0.1965909 0.1238366 0.1579768 0.1186073 0.1670011 0.1938932 0.2035343 0.0903015 0.2021390 0.1216388 0.1392047 0.1193928 0.1562181 0.0755855 0.2028483 0.0249017 0.0887087 0.1077344 0.0760348 0.1230758 0.1316101 0.1806050 0.1184860 0.0495011 0.2112797 0.1478950 0.0319173 0.1474598 0.0000010 0.0919097 0.0271806 0.0331489 0.0888578 0.1038655 0.0732654 0.1405891 0.1009448 0.1017878 0.1258987 0.0887891 0.0887337 0.1195450 0.1225141 0.1286791 0.0283434 0.1029276 0.0976889 0.0380026 0.1419936 0.0682473 0.1427103 0.1000976 0.1057975 0.1295746 0.1127642 0.0997078 0.0861941 0.1386571 0.0975730 0.0912089 
S0288      0.1263007 0.1785239 0.1390800 0.0000000 0.1665673 0.1334212 0.1372716 0.1570262 0.1578985 0.0136085 0.1123093 0.1679665 0.0365707 0.1906785 0.1557559 0.1542234 0.0652628 0.1467012 0.1328365 0.1378342 0.1393424 0.1405276 0.1255518 0.1335702 0.1410491 0.1417431 0.0154297 0.1541462 0.1384616 0.1515051 0.2033285 0.1548530 0.1436466 0.1241661 0.1349656 0.1475649 0.0151717 0.2550442 0.1984517 0.0134322 0.1475166 0.1344990 0.1382704 0.1369263 0.1271733 0.1326640 0.1575668 0.1271501 0.0939607 0.0821547 0.1222096 0.1082179 0.0651666 0.1622460 0.1415483 0.2690798 0.1689328 0.1079955 0.0613594 0.1971955 0.2070177 0.2827381 0.1297522 0.2663855 0.1413879 0.1849321 0.1579428 0.1012513 0.1373504 0.2742643 0.1381693 0.1522709 0.1380019 0.0860679 0.1261656 0.0094868 0.2172838 0.1352345 0.0000010 0.0296280 0.0360288 0.1315649 0.1013763 0.0000010 0.1545114 0.1372818 0.1411057 0.1402524 0.1519963 0.1395584 0.1776565 0.1518923 0.1552014 0.1397458 0.1578823 0.1284908 0.1391705 0.1493797 0.1346951 0.1352836 0.1573515 0.1447492 0.1453571 0.1451767 0.1573186 0.1726681 0.1397306 0.1313188 0.1596130 0.1498926 0.1131493 0.1208381 0.1865463 0.1549545 0.1207161 
S0289      0.1327501 0.1802863 0.1409535 0.1665673 0.0000000 0.1165864 0.1488019 0.1649036 0.1204447 0.1606190 0.1954124 0.0829074 0.1925715 0.1512732 0.1592877 0.1537312 0.1993827 0.1425433 0.1368986 0.1335782 0.0774545 0.1610900 0.0570896 0.1371928 0.1328409 0.0980604 0.1757482 0.0827046 0.1017208 0.1427604 0.1651471 0.0764611 0.1066466 0.1282107 0.1364272 0.1572079 0.1747014 0.2337993 0.1821902 0.1609721 0.1481059 0.1360558 0.1419276 0.1410160 0.1359511 0.1355505 0.1489475 0.1032749 0.1629799 0.0612503 0.1015971 0.1279610 0.1542228 0.1561674 0.1490702 0.2325450 0.1861314 0.1971887 0.1460079 0.1853741 0.2077259 0.2327794 0.1338212 0.2395540 0.1141118 0.1667842 0.1489149 0.1914006 0.1391387 0.2435502 0.1395769 0.1451652 0.0841656 0.0596336 0.1029714 0.1730226 0.1905309 0.0841559 0.1138357 0.2284881 0.1925916 0.1402232 0.1756829 0.0000010 0.1226501 0.1406787 0.1371542 0.1295144 0.1311274 0.1372966 0.1274483 0.1299012 0.1323776 0.0949012 0.1573599 0.1361647 0.0748392 0.1522506 0.1214125 0.1387606 0.1223956 0.1382510 0.1464415 0.1178295 0.1517601 0.1138710 0.1369736 0.1446428 0.1167060 0.1569844 0.1234215 0.1356921 0.1805863 0.1406555 0.1155748 
S0292      0.0758210 0.1377929 0.0908321 0.1334212 0.1165864 0.0000000 0.0956735 0.1106590 0.1276824 0.1076850 0.1409469 0.1252372 0.1488711 0.1377466 0.0817853 0.0819092 0.1483243 0.0842872 0.0799435 0.0850123 0.1101073 0.1077309 0.0784366 0.0784880 0.0808055 0.0972292 0.1373638 0.0991129 0.1252054 0.0920067 0.0993068 0.1034966 0.1105173 0.0793289 0.0768118 0.1029271 0.1295376 0.2139771 0.1516470 0.1233727 0.1113829 0.0834569 0.0800297 0.0879104 0.0808507 0.0784337 0.0964343 0.1113326 0.1243584 0.0622117 0.1013975 0.0755268 0.1052265 0.1093661 0.1052253 0.1973010 0.1167291 0.1521075 0.1066949 0.1470113 0.1696985 0.2048636 0.0782433 0.1981821 0.1182451 0.1346361 0.1029815 0.1471966 0.0906671 0.2049389 0.0781674 0.1046987 0.0905342 0.0577432 0.1032082 0.1274911 0.1918309 0.1022548 0.0526836 0.1704837 0.1423839 0.0829656 0.1336571 0.0000010 0.0264946 0.0792776 0.0821219 0.0916596 0.0489274 0.0910796 0.1325540 0.0333880 0.0331676 0.1238524 0.1118815 0.0780610 0.1045670 0.1066410 0.1067473 0.0832581 0.0441070 0.0777623 0.0931170 0.1342675 0.1044578 0.1151517 0.0793145 0.0815579 0.1238391 0.0902334 0.0777910 0.0758712 0.1122012 0.0931769 0.0657475 
S0293      0.0920358 0.1630093 0.0418918 0.1372716 0.1488019 0.0956735 0.0000000 0.0722269 0.1468209 0.1325068 0.1616270 0.1655637 0.1831204 0.1855143 0.1198550 0.1162590 0.1724686 0.0964273 0.0330406 0.0429748 0.1306701 0.1094596 0.1066499 0.1026801 0.0923292 0.1184890 0.1438317 0.1176949 0.1488968 0.0609290 0.0809360 0.1329344 0.1341130 0.0727490 0.0330507 0.1273707 0.1370781 0.2288805 0.1308766 0.1367229 0.1167297 0.0403653 0.1071978 0.0417569 0.1027124 0.1011279 0.1175526 0.1365268 0.1488503 0.0847301 0.1255808 0.1020324 0.1342066 0.0653633 0.1228482 0.2102457 0.1313955 0.1745457 0.1301338 0.1682195 0.1943484 0.2111171 0.0995121 0.2119177 0.1177182 0.1469405 0.1288676 0.1725096 0.0867755 0.2199531 0.0341837 0.1018963 0.1135886 0.0815509 0.1270382 0.1379916 0.1906213 0.1252544 0.0497550 0.1947172 0.1461060 0.0415400 0.1596791 0.0000010 0.0969793 0.0341093 0.0441191 0.0881558 0.1059581 0.0813781 0.1544328 0.1062607 0.1070586 0.1394074 0.1006795 0.1010838 0.1262132 0.1243629 0.1365473 0.0365539 0.1085040 0.0994403 0.0504584 0.1502400 0.0839327 0.1482041 0.1086125 0.1084979 0.1347594 0.1206176 0.1076111 0.0964140 0.1483736 0.1043899 0.0973138 
S0294      0.0992781 0.1618766 0.0660931 0.1570262 0.1649036 0.1106590 0.0722269 0.0000000 0.1552245 0.1475190 0.1721179 0.1640771 0.1916331 0.1996585 0.1392679 0.1324240 0.1767822 0.1144024 0.0593970 0.0592082 0.1441795 0.1257388 0.1116418 0.1104663 0.1102428 0.1234484 0.1521604 0.1316449 0.1517871 0.0745394 0.1017307 0.1430205 0.1538805 0.0889633 0.0529146 0.1297169 0.1555591 0.2328688 0.1505184 0.1573072 0.1243487 0.0641082 0.1177167 0.0593093 0.1074050 0.1131163 0.1327968 0.1450919 0.1583094 0.0928270 0.1407392 0.1156753 0.1456338 0.0697798 0.1377433 0.2105856 0.1425987 0.1879265 0.1343968 0.1873645 0.2114427 0.2200667 0.1100764 0.2157712 0.1431731 0.1617684 0.1366758 0.1875935 0.0904934 0.2213950 0.0579876 0.1099658 0.1220250 0.0892342 0.1373171 0.1621023 0.2017111 0.1361383 0.0834124 0.2510928 0.2044732 0.0551885 0.1673085 0.7168557 0.1134820 0.0591628 0.0605305 0.1064697 0.1240152 0.0908316 0.1485811 0.1208765 0.1225208 0.1427370 0.1144102 0.1044411 0.1373227 0.1392508 0.1454399 0.0576719 0.1172092 0.1236152 0.0694180 0.1507157 0.0824555 0.1650586 0.1225460 0.1307628 0.1410979 0.1278080 0.1170045 0.1060502 0.1738109 0.1237377 0.1038873 
S0299      0.1373927 0.1827273 0.1397091 0.1578985 0.1204447 0.1276824 0.1468209 0.1552245 0.0000000 0.1533455 0.1943223 0.1137822 0.1828157 0.1346650 0.1585405 0.1653892 0.1897315 0.1500985 0.1294183 0.1323714 0.0964355 0.1711835 0.0753215 0.1429910 0.1366342 0.1055653 0.1709746 0.1106393 0.1082950 0.1508776 0.1722488 0.1028927 0.1268558 0.1310016 0.1319649 0.1609684 0.1630583 0.2465571 0.1881687 0.1651353 0.1533747 0.1295393 0.1496765 0.1433414 0.1449216 0.1460312 0.1585948 0.1258951 0.1707671 0.0741393 0.1143643 0.1384263 0.1605117 0.1615983 0.1517792 0.2459904 0.1813455 0.2006446 0.1429565 0.2012396 0.2199193 0.2426286 0.1441880 0.2352060 0.1129726 0.1816648 0.1761680 0.1962893 0.1363382 0.2492805 0.1347245 0.1521952 0.0862786 0.0692994 0.1185469 0.1616773 0.1664518 0.0912012 0.1195163 0.2207975 0.1708620 0.1364511 0.1875920 0.0000010 0.1314727 0.1363527 0.1365758 0.1337433 0.1391442 0.1374517 0.1426168 0.1443929 0.1415739 0.0870306 0.1569637 0.1437051 0.0950669 0.1566201 0.1200557 0.1343830 0.1468102 0.1482676 0.1443383 0.0790430 0.1525562 0.1353328 0.1533849 0.1452034 0.1289052 0.1522066 0.1367899 0.1371227 0.1901560 0.1523309 0.1362229 
S0303      0.0945874 0.1438323 0.1206474 0.0136085 0.1606190 0.1076850 0.1325068 0.1475190 0.1533455 0.0000000 0.0877184 0.1587620 0.0372491 0.1712882 0.1309484 0.1204939 0.0467674 0.1157882 0.1130307 0.1159275 0.1425531 0.1301789 0.1083556 0.1025623 0.1081518 0.1149886 0.0288129 0.1400779 0.1498969 0.1326031 0.1337748 0.1381747 0.1404359 0.0996514 0.1157562 0.1234097 0.0170629 0.2275182 0.1619691 0.0161075 0.1217819 0.1139878 0.1026049 0.1249904 0.1003606 0.1036252 0.1206839 0.1323569 0.0694308 0.0817302 0.1162215 0.0912948 0.0569200 0.1371539 0.1142307 0.2140902 0.1326179 0.1004505 0.0714652 0.1636595 0.1876050 0.2213475 0.1020229 0.2239365 0.1445114 0.1486604 0.1380728 0.0964441 0.1196106 0.2235825 0.1113295 0.1289942 0.1314714 0.0814368 0.1279714 0.0207410 0.2117511 0.1385783 0.0835628 0.0331235 0.0330572 0.1183462 0.0795125 0.0000010 0.1133191 0.1138513 0.1187226 0.1283062 0.1209979 0.1173000 0.1613458 0.1210930 0.1253818 0.1394047 0.1276651 0.1017914 0.1379553 0.1186362 0.1380562 0.1168049 0.1230531 0.1132371 0.1212055 0.1548693 0.1319407 0.1556904 0.1148582 0.1239613 0.1491611 0.1179764 0.0941303 0.0898418 0.1463077 0.1268182 0.0927389 
S0308      0.1347793 0.1772571 0.1616221 0.1123093 0.1954124 0.1409469 0.1616270 0.1721179 0.1943223 0.0877184 0.0000000 0.2032393 0.1279201 0.2124124 0.1851295 0.1602409 0.1249438 0.1593567 0.1514042 0.1474994 0.1805314 0.1743768 0.1416091 0.1423289 0.1538190 0.1618317 0.1029814 0.1681627 0.1929064 0.1621662 0.1647468 0.1759514 0.1888105 0.1366846 0.1509280 0.1652256 0.1099964 0.2707727 0.2030582 0.1031665 0.1582513 0.1499690 0.1423948 0.1540563 0.1386555 0.1433795 0.1591046 0.1723468 0.0998204 0.1276201 0.1691644 0.1447993 0.0877971 0.1783010 0.1564448 0.2686299 0.1927038 0.1215151 0.1043225 0.2133301 0.2330958 0.2764749 0.1399467 0.2685829 0.1641490 0.1958854 0.1850768 0.1239413 0.1625628 0.2757044 0.1542836 0.1648517 0.1710044 0.1218595 0.1749517 0.1111054 0.2728732 0.1760102 0.1005837 0.1743250 0.1298588 0.1511649 0.1126337 0.0000010 0.1531906 0.1569666 0.1539066 0.1483653 0.1613249 0.1641376 0.2010603 0.1623074 0.1755717 0.1739152 0.1656407 0.1419556 0.1796162 0.1614097 0.1849142 0.1499931 0.1558638 0.1553991 0.1598925 0.1988730 0.1696719 0.1979806 0.1675819 0.1686379 0.1883118 0.1554923 0.1459508 0.1351412 0.1733771 0.1755864 0.1362147 
S0320      0.1387501 0.1909862 0.1537582 0.1679665 0.0829074 0.1252372 0.1655637 0.1640771 0.1137822 0.1587620 0.2032393 0.0000000 0.1848674 0.1329460 0.1683910 0.1583880 0.1924243 0.1437068 0.1431452 0.1396565 0.0920441 0.1676824 0.0713198 0.1460816 0.1322940 0.0971092 0.1717995 0.0972224 0.1067241 0.1581938 0.1618576 0.0917550 0.1223651 0.1313603 0.1441737 0.1609002 0.1662343 0.2563159 0.1925419 0.1657502 0.1484090 0.1452472 0.1509450 0.1503645 0.1482007 0.1473902 0.1549501 0.1193514 0.1504298 0.0632007 0.1083664 0.1279101 0.1579244 0.1675486 0.1629024 0.2348437 0.1795085 0.2008982 0.1410754 0.2030970 0.2269627 0.2437396 0.1455923 0.2420612 0.1200072 0.1759455 0.1639085 0.1949481 0.1433470 0.2525481 0.1474066 0.1558083 0.0857321 0.0601130 0.1067218 0.1698849 0.2130980 0.0901796 0.1146667 0.2300270 0.1987376 0.1481429 0.1750359 0.0000010 0.1298459 0.1485156 0.1549891 0.1528505 0.1465962 0.1431847 0.1327108 0.1406216 0.1460256 0.0964900 0.1684106 0.1464404 0.0867048 0.1677095 0.1152801 0.1511149 0.1300376 0.1456168 0.1596428 0.1172691 0.1606312 0.1326239 0.1430883 0.1563277 0.1218787 0.1578690 0.1233266 0.1350416 0.1841572 0.1468793 0.1214044 
S0322      0.1239113 0.1966582 0.1633096 0.0365707 0.1925715 0.1488711 0.1831204 0.1916331 0.1828157 0.0372491 0.1279201 0.1848674 0.0000000 0.2162435 0.1865027 0.1687280 0.0683491 0.1452409 0.1576252 0.1633578 0.1662811 0.1736605 0.1365267 0.1395315 0.1409752 0.1549350 0.0533427 0.1811826 0.1723705 0.1774270 0.1861958 0.1760226 0.1943049 0.1337258 0.1662915 0.1568195 0.0391560 0.2916351 0.1979923 0.0482051 0.1619266 0.1545847 0.1413428 0.1775001 0.1324966 0.1409153 0.1596980 0.1756042 0.1068865 0.1262097 0.1660395 0.1321754 0.0741067 0.1840165 0.1575254 0.2855257 0.1791065 0.1326551 0.0941892 0.2199959 0.2569354 0.2861935 0.1325060 0.2940291 0.2060928 0.2044340 0.1786332 0.1246728 0.1604494 0.2843533 0.1617851 0.1686669 0.1688413 0.1246093 0.1573870 0.0481320 0.2202507 0.1696274 0.0997567 0.0793485 0.0626295 0.1608791 0.1196788 0.0000010 0.1552371 0.1653005 0.1641494 0.1739217 0.1637592 0.1565299 0.2043533 0.1504837 0.1600354 0.1835279 0.1707801 0.1396626 0.1687735 0.1639198 0.1850363 0.1649525 0.1569966 0.1549456 0.1588215 0.1893459 0.1781018 0.1924360 0.1535640 0.1712786 0.1888760 0.1726662 0.1338230 0.1240338 0.1863610 0.1627227 0.1294748 
S0327      0.1745422 0.2072287 0.1687030 0.1906785 0.1512732 0.1377466 0.1855143 0.1996585 0.1346650 0.1712882 0.2124124 0.1329460 0.2162435 0.0000000 0.1746170 0.1577217 0.2550562 0.1598831 0.1642254 0.1766377 0.1190967 0.1806923 0.0894474 0.1548889 0.1520019 0.0954525 0.1800909 0.1150427 0.1362720 0.1666081 0.1595975 0.1022268 0.1646284 0.1599534 0.1660919 0.1936527 0.1935490 0.2738520 0.2379702 0.1795003 0.1998483 0.1632001 0.1570763 0.1673217 0.1520683 0.1568236 0.1826953 0.1290332 0.1555790 0.0788664 0.1305439 0.1448276 0.1662171 0.1804208 0.1672533 0.2617503 0.2029472 0.1777815 0.1378102 0.2152713 0.2257503 0.2590811 0.1568261 0.2619654 0.1487271 0.2005629 0.1818457 0.1690615 0.1675372 0.2698764 0.1707911 0.1820683 0.0971834 0.0786033 0.1256424 0.1866767 0.2038942 0.1129224 0.1173102 0.2319199 0.1922377 0.1672229 0.1717355 0.0000010 0.1567249 0.1654418 0.1712625 0.1597172 0.1557190 0.1648410 0.1491671 0.1559911 0.1627444 0.1156336 0.1982198 0.1553980 0.1074495 0.1753071 0.1373370 0.1651547 0.1502978 0.1529295 0.1741540 0.1392883 0.1816946 0.1625232 0.1642024 0.1629612 0.1574626 0.1693440 0.1524044 0.1504403 0.1902536 0.1742041 0.1530743 
S0335      0.0890303 0.1591864 0.1152367 0.1557559 0.1592877 0.0817853 0.1198550 0.1392679 0.1585405 0.1309484 0.1851295 0.1683910 0.1865027 0.1746170 0.0000000 0.0770652 0.1673878 0.1047658 0.1035912 0.1104030 0.1441589 0.1388424 0.1123288 0.0985347 0.1006121 0.1213913 0.1453542 0.1324758 0.1595520 0.1232247 0.1555543 0.1345486 0.1454590 0.1036640 0.1075597 0.1224774 0.1513512 0.2394199 0.1682252 0.1423173 0.1314186 0.1129072 0.1015242 0.1149746 0.0950999 0.0983184 0.1167700 0.1276777 0.1506278 0.0965600 0.1396532 0.1012442 0.1309624 0.1347156 0.1180637 0.2187263 0.1387072 0.1786563 0.1329963 0.1770373 0.2037551 0.2212940 0.0982225 0.2265540 0.1557480 0.1497508 0.1112305 0.1748799 0.1142269 0.2307893 0.1032023 0.1294194 0.1279179 0.0903256 0.1308200 0.1481289 0.2033147 0.1356230 0.1231994 0.2106153 0.1701182 0.1066587 0.1662988 0.0000010 0.0941408 0.1002413 0.1160220 0.1161952 0.0895061 0.1106569 0.1655304 0.0986584 0.1038939 0.1541862 0.1385759 0.0953268 0.1367767 0.1195140 0.1400798 0.1044094 0.0914776 0.0734575 0.1204680 0.1525919 0.1233612 0.1580336 0.0737687 0.0363990 0.1515966 0.1245021 0.1051077 0.1053480 0.1076760 0.1105366 0.0924233 
S0345      0.0856097 0.1611629 0.1076541 0.1542234 0.1537312 0.0819092 0.1162590 0.1324240 0.1653892 0.1204939 0.1602409 0.1583880 0.1687280 0.1577217 0.0770652 0.0000000 0.1681465 0.1027612 0.1012962 0.1055554 0.1460268 0.1266283 0.1175574 0.0928184 0.0968232 0.1168282 0.1345679 0.1212360 0.1639069 0.1130226 0.1388414 0.1349090 0.1440960 0.1140609 0.0993360 0.1125728 0.1388319 0.2671868 0.1629340 0.1335406 0.1192029 0.1034568 0.0927574 0.1072876 0.0861704 0.0925362 0.1047624 0.1240418 0.1366778 0.0897903 0.1350413 0.0957366 0.1149660 0.1255833 0.1192366 0.2355159 0.1299574 0.1528140 0.1077326 0.1622738 0.1852238 0.2451897 0.0879898 0.2390621 0.1272188 0.1366284 0.1098314 0.1490665 0.1098083 0.2410174 0.1006507 0.1264371 0.1245025 0.0861653 0.1290386 0.1383440 0.2257186 0.1365089 0.0946624 0.1843882 0.1451074 0.1064953 0.1456149 0.0000010 0.0924483 0.1050025 0.1070229 0.1154578 0.0921802 0.1109566 0.1661588 0.0941415 0.1035651 0.1415509 0.1331037 0.0924621 0.1378372 0.1208611 0.1527496 0.0928459 0.0928917 0.0679785 0.1165909 0.1644255 0.1198095 0.1529336 0.0412524 0.0694689 0.1558580 0.1193301 0.0984264 0.0966051 0.0937929 0.1078512 0.0872342 
S0355      0.1212940 0.1827839 0.1573944 0.0652628 0.1993827 0.1483243 0.1724686 0.1767822 0.1897315 0.0467674 0.1249438 0.1924243 0.0683491 0.2550562 0.1673878 0.1681465 0.0000000 0.1339723 0.1521780 0.1531881 0.1664601 0.1714901 0.1456094 0.1264615 0.1375322 0.1507083 0.0301907 0.1724260 0.1808285 0.1682953 0.1275919 0.1697819 0.1833018 0.1333463 0.1488070 0.1483701 0.0437007 0.2691655 0.1928411 0.0441435 0.1624505 0.1484052 0.1266379 0.1648249 0.1279714 0.1298522 0.1564662 0.1662611 0.0913102 0.1156243 0.1516943 0.1311557 0.0810483 0.1745137 0.1379122 0.2444089 0.1616448 0.1215055 0.1118486 0.2066298 0.2392357 0.2494937 0.1275068 0.2472138 0.1521496 0.1781759 0.1821246 0.1260614 0.1508455 0.2407930 0.1464395 0.1679780 0.1653404 0.1132161 0.1648383 0.0474940 0.2207552 0.1703278 0.0964107 0.1642533 0.0402691 0.1538300 0.1029538 0.0000010 0.1592164 0.1560377 0.1585866 0.1620062 0.1580541 0.1503558 0.2018809 0.1676015 0.1649745 0.1732184 0.1641546 0.1328534 0.1629186 0.1398140 0.1708702 0.1598434 0.1587390 0.1577856 0.1519614 0.1869384 0.1616748 0.1931717 0.1553818 0.1588583 0.1601470 0.1669841 0.1346294 0.1256321 0.1824100 0.1558369 0.1247767 
S0376      0.0758786 0.1457402 0.0872802 0.1467012 0.1425433 0.0842872 0.0964273 0.1144024 0.1500985 0.1157882 0.1593567 0.1437068 0.1452409 0.1598831 0.1047658 0.1027612 0.1339723 0.0000000 0.0859184 0.0805290 0.1223672 0.1036996 0.1043694 0.0801723 0.0377663 0.1116704 0.1236931 0.1056414 0.1429448 0.0997149 0.1012214 0.1200959 0.1323284 0.0687094 0.0818242 0.1016764 0.1312593 0.2225986 0.1298908 0.1270441 0.1004164 0.0817116 0.0842131 0.0914676 0.0838224 0.0813217 0.0977513 0.1287228 0.1379073 0.0770623 0.1153731 0.0958481 0.1180508 0.1000864 0.1065629 0.2002421 0.1152101 0.1567152 0.1135027 0.1675451 0.1958813 0.2082874 0.0798661 0.2061477 0.1340597 0.1369631 0.1181442 0.1547944 0.0827933 0.2093646 0.0843008 0.0941382 0.1111297 0.0756321 0.1180104 0.1246463 0.1974937 0.1214316 0.0562742 0.1928027 0.1498481 0.0837584 0.1454526 0.0000010 0.0924109 0.0867875 0.0898075 0.1009906 0.1007596 0.0809430 0.1485277 0.0958957 0.1035473 0.1401780 0.1024705 0.0784082 0.1209364 0.1052097 0.1282338 0.0761394 0.0959275 0.0936340 0.0886200 0.1475717 0.0897886 0.1416052 0.0963111 0.0960534 0.1290904 0.1192038 0.1025561 0.0881052 0.1196843 0.0438044 0.0872246 
S0400      0.0755175 0.1440507 0.0238046 0.1328365 0.1368986 0.0799435 0.0330406 0.0593970 0.1294183 0.1130307 0.1514042 0.1431452 0.1576252 0.1642254 0.1035912 0.1012962 0.1521780 0.0859184 0.0000000 0.0272099 0.1181307 0.0959083 0.0922218 0.0835297 0.0808852 0.0965771 0.1275379 0.1024985 0.1321418 0.0427240 0.0579513 0.1159443 0.1159332 0.0633592 0.0213843 0.1063502 0.1230259 0.2057707 0.1155257 0.1227924 0.1011808 0.0294733 0.0891887 0.0272488 0.0848079 0.0862270 0.0986244 0.1153637 0.1334408 0.0708282 0.1124762 0.0874683 0.1113470 0.0468017 0.1106947 0.1820386 0.1119165 0.1529085 0.1126257 0.1587858 0.1854142 0.1889314 0.0820899 0.1878949 0.1117547 0.1283263 0.1120347 0.1512164 0.0689814 0.1924186 0.0190341 0.0805450 0.0994762 0.0678474 0.1104228 0.1239582 0.1689331 0.1116401 0.0451418 0.1962673 0.1416843 0.0259322 0.1440444 0.0000010 0.0822378 0.0189949 0.0283537 0.0794046 0.0967474 0.0666666 0.1393354 0.0897893 0.0906691 0.1176625 0.0845950 0.0806417 0.1082345 0.1121227 0.1214167 0.0224291 0.0916239 0.0893717 0.0354327 0.1304901 0.0614785 0.1308756 0.0934389 0.0959045 0.1222946 0.1042713 0.0886980 0.0821212 0.1281516 0.0933435 0.0791265 
S0405      0.0803146 0.1440027 0.0332424 0.1378342 0.1335782 0.0850123 0.0429748 0.0592082 0.1323714 0.1159275 0.1474994 0.1396565 0.1633578 0.1766377 0.1104030 0.1055554 0.1531881 0.0805290 0.0272099 0.0000000 0.1208333 0.0996131 0.0960335 0.0860902 0.0849161 0.1048617 0.1306388 0.1036858 0.1333519 0.0438243 0.0638264 0.1200959 0.1215376 0.0577653 0.0236278 0.1018968 0.1259004 0.2042259 0.1269615 0.1256360 0.1008776 0.0317287 0.0902751 0.0318630 0.0859114 0.0873128 0.0969643 0.1253403 0.1298544 0.0732601 0.1166034 0.0882482 0.1181448 0.0515999 0.1132873 0.1855653 0.1175015 0.1461744 0.1136060 0.1581960 0.1830406 0.1925034 0.0831775 0.1898312 0.1217793 0.1309342 0.1129410 0.1445696 0.0674572 0.1965769 0.0283022 0.0831076 0.1062416 0.0686458 0.1114201 0.1252754 0.1774222 0.1142193 0.0525297 0.2042735 0.1460822 0.0212555 0.1405611 0.0000010 0.0887548 0.0294263 0.0236723 0.0843736 0.0963478 0.0703679 0.1404064 0.0934515 0.1000377 0.1231077 0.0872174 0.0817465 0.1180034 0.1147189 0.1256033 0.0293516 0.0953950 0.0901301 0.0388567 0.1311155 0.0625768 0.1425873 0.0930176 0.1011428 0.1326921 0.0983303 0.0908246 0.0818093 0.1283030 0.0932086 0.0827708 
S0407sl    0.1192198 0.1778440 0.1266691 0.1393424 0.0774545 0.1101073 0.1306701 0.1441795 0.0964355 0.1425531 0.1805314 0.0920441 0.1662811 0.1190967 0.1441589 0.1460268 0.1664601 0.1223672 0.1181307 0.1208333 0.0000000 0.1487831 0.0406317 0.1195489 0.1114704 0.0761451 0.1488079 0.0731658 0.0832623 0.1324206 0.1504030 0.0679011 0.0964137 0.1103618 0.1149542 0.1434842 0.1504956 0.2255344 0.1759864 0.1443086 0.1439285 0.1189223 0.1269159 0.1221336 0.1240765 0.1236377 0.1422733 0.0902127 0.1534607 0.0488247 0.0784665 0.1108119 0.1390520 0.1450355 0.1431928 0.2201605 0.1684090 0.1802916 0.1339621 0.1731721 0.2005490 0.2200127 0.1219815 0.2171902 0.1041054 0.1626144 0.1441086 0.1748299 0.1214441 0.2270104 0.1193426 0.1367002 0.0574202 0.0433530 0.0848077 0.1457016 0.1625366 0.0666838 0.1033222 0.2107085 0.1663092 0.1229697 0.1679647 0.0000010 0.1095207 0.1204470 0.1250500 0.1257862 0.1155813 0.1224323 0.1078220 0.1217776 0.1240194 0.0784753 0.1396188 0.1226066 0.0257229 0.1477668 0.0957599 0.1229544 0.1190387 0.1331882 0.1308205 0.0875950 0.1333085 0.0883875 0.1337552 0.1343368 0.1041338 0.1408386 0.1120283 0.1214165 0.1808550 0.1259614 0.1044717 
S0412sl    0.1036822 0.1793999 0.1015117 0.1405276 0.1610900 0.1077309 0.1094596 0.1257388 0.1711835 0.1301789 0.1743768 0.1676824 0.1736605 0.1806923 0.1388424 0.1266283 0.1714901 0.1036996 0.0959083 0.0996131 0.1487831 0.0000000 0.1190764 0.1140153 0.1012438 0.1223601 0.1484931 0.1293060 0.1626094 0.1041120 0.1371869 0.1548724 0.1503101 0.0818074 0.0955250 0.1419206 0.1446634 0.2248684 0.1390129 0.1419202 0.1286822 0.0925897 0.1170165 0.1011631 0.1111750 0.1151845 0.1383918 0.1417750 0.1539832 0.0971110 0.1304347 0.1211479 0.1407018 0.1200134 0.1433388 0.2034355 0.1424968 0.1861216 0.1380667 0.1923608 0.2092968 0.2000775 0.1107825 0.2068054 0.1515177 0.1402385 0.1420603 0.1822094 0.1026705 0.2081967 0.0956041 0.1202793 0.1399678 0.0967571 0.1353644 0.1441200 0.2102795 0.1516251 0.0566244 0.2198661 0.1700122 0.0964159 0.1664328 0.0000010 0.1145131 0.0994659 0.0996183 0.1107336 0.1286239 0.0976532 0.1662702 0.1266859 0.1340053 0.1555001 0.1204308 0.1068125 0.1319643 0.1448577 0.1583567 0.0938181 0.1203468 0.1307361 0.0996541 0.1565877 0.1076848 0.1587288 0.1279227 0.1349499 0.1659254 0.1377370 0.1281840 0.1199783 0.1690564 0.1172792 0.1202178 
S0417      0.0901105 0.1459447 0.1007303 0.1255518 0.0570896 0.0784366 0.1066499 0.1116418 0.0753215 0.1083556 0.1416091 0.0713198 0.1365267 0.0894474 0.1123288 0.1175574 0.1456094 0.1043694 0.0922218 0.0960335 0.0406317 0.1190764 0.0000000 0.0954870 0.0915855 0.0536703 0.1186242 0.0459205 0.0573966 0.1022859 0.0920466 0.0423169 0.0734261 0.0904367 0.0888212 0.1157159 0.1224922 0.1900117 0.1529618 0.1131881 0.1119509 0.0930365 0.1000569 0.0945984 0.0967453 0.0968044 0.1152531 0.0660321 0.1167033 0.0288277 0.0551935 0.0852712 0.1052674 0.1228111 0.1079504 0.1827292 0.1430767 0.1473239 0.1026307 0.1514280 0.1681067 0.1828422 0.0951655 0.1864721 0.0832853 0.1394318 0.1170314 0.1421777 0.0929161 0.1934014 0.0948508 0.1048263 0.0303631 0.0233249 0.0645662 0.1153243 0.1260607 0.0436508 0.0468696 0.1752787 0.1320994 0.0956050 0.1307603 0.0000010 0.0836308 0.0960389 0.1006917 0.0959537 0.0948831 0.0935717 0.0834893 0.0932074 0.0926515 0.0582237 0.1076722 0.0953752 0.0381596 0.1125039 0.0743128 0.0972330 0.0890049 0.0988644 0.0989279 0.0681381 0.1065713 0.0719092 0.0979858 0.0996513 0.0769311 0.1141565 0.0911484 0.0914857 0.1334424 0.1052902 0.0849549 
S0419      0.0101244 0.0872678 0.0932852 0.1335702 0.1371928 0.0784880 0.1026801 0.1104663 0.1429910 0.1025623 0.1423289 0.1460816 0.1395315 0.1548889 0.0985347 0.0928184 0.1264615 0.0801723 0.0835297 0.0860902 0.1195489 0.1140153 0.0954870 0.0000000 0.0752840 0.1030889 0.1005470 0.1087574 0.1371417 0.0980869 0.1044103 0.1130547 0.1238450 0.0828236 0.0821236 0.0441440 0.1162705 0.2158550 0.1411711 0.1148351 0.1031527 0.0844710 0.0155387 0.0901073 0.0156978 0.0132518 0.0393960 0.1250747 0.1117155 0.0683882 0.1110498 0.0746053 0.0950842 0.1072886 0.0474764 0.1929107 0.1079707 0.1323139 0.1017709 0.1406353 0.1640185 0.1991419 0.0121133 0.1954827 0.1293307 0.1315840 0.0974789 0.1293187 0.0813833 0.2027239 0.0804519 0.0983413 0.1044556 0.0656566 0.1122829 0.1158354 0.1896090 0.1120586 0.0673681 0.1927843 0.1397275 0.0883346 0.1191710 0.0000010 0.0892526 0.0855674 0.0914763 0.1009150 0.0989246 0.0847862 0.1479701 0.0962773 0.0962244 0.1307307 0.1055574 0.0179904 0.1110143 0.0486986 0.1260781 0.0804295 0.0937215 0.0847840 0.0969862 0.1418781 0.0966290 0.1340977 0.0914006 0.0921471 0.1194712 0.0874608 0.0835664 0.0590503 0.1153814 0.0859583 0.0704180 
S0427      0.0690458 0.1402681 0.0890750 0.1410491 0.1328409 0.0808055 0.0923292 0.1102428 0.1366342 0.1081518 0.1538190 0.1322940 0.1409752 0.1520019 0.1006121 0.0968232 0.1375322 0.0377663 0.0808852 0.0849161 0.1114704 0.1012438 0.0915855 0.0752840 0.0000000 0.1092976 0.1215792 0.1006553 0.1300829 0.0947261 0.0951138 0.1150052 0.1198157 0.0699651 0.0835151 0.0994040 0.1251564 0.2177128 0.1353006 0.1209277 0.0963264 0.0793900 0.0793000 0.0904923 0.0761802 0.0764367 0.0909938 0.1177390 0.1254591 0.0687921 0.1026273 0.0881408 0.1107619 0.1032249 0.0984615 0.1944329 0.1109900 0.1486625 0.1085579 0.1646786 0.1894816 0.2023824 0.0749961 0.1987247 0.1308408 0.1341523 0.1155234 0.1468105 0.0831806 0.1991906 0.0833165 0.0945814 0.0990546 0.0687851 0.1085511 0.1219237 0.1793538 0.1078535 0.0415101 0.1794088 0.1232639 0.0868506 0.1331845 0.0000010 0.0860764 0.0844076 0.0888980 0.0974509 0.0984987 0.0839625 0.1401911 0.0934776 0.0999418 0.1217896 0.1029107 0.0734423 0.1101175 0.0998445 0.1242910 0.0805524 0.0966095 0.0868630 0.0902772 0.1405698 0.0914909 0.1259034 0.0925978 0.0964433 0.1248038 0.1149659 0.0947826 0.0831790 0.1158296 0.0390799 0.0848656 
S0428sl    0.1029375 0.1603247 0.1032693 0.1417431 0.0980604 0.0972292 0.1184890 0.1234484 0.1055653 0.1149886 0.1618317 0.0971092 0.1549350 0.0954525 0.1213913 0.1168282 0.1507083 0.1116704 0.0965771 0.1048617 0.0761451 0.1223601 0.0536703 0.1030889 0.1092976 0.0000000 0.1295925 0.0747371 0.0943696 0.1151540 0.1242385 0.0777702 0.0978981 0.0985853 0.0991928 0.1298652 0.1336707 0.2143831 0.1641696 0.1291672 0.1276261 0.1032680 0.1122088 0.1065300 0.1072540 0.1088801 0.1246097 0.0829772 0.1243263 0.0477945 0.0902470 0.0964469 0.1099235 0.1219137 0.1283827 0.2009343 0.1471631 0.1519695 0.1196559 0.1661214 0.1908505 0.2003132 0.1072010 0.2050645 0.1119707 0.1469169 0.1228458 0.1467917 0.1077764 0.2125379 0.1019922 0.1214605 0.0567705 0.0431489 0.0855114 0.1362969 0.1621737 0.0779138 0.0801371 0.1752147 0.1454751 0.1057792 0.1433546 0.7168557 0.1058153 0.1002753 0.1109533 0.1059100 0.1121322 0.1040257 0.1121833 0.1107727 0.1129907 0.0899267 0.1229355 0.1060243 0.0638057 0.1330784 0.0919006 0.1030032 0.1067257 0.1076571 0.1063501 0.0953537 0.1201847 0.1083795 0.1076537 0.1162066 0.1157296 0.1197544 0.0951369 0.0939968 0.1351056 0.1199820 0.0922222 
S0430      0.0950347 0.1602933 0.1330218 0.0154297 0.1757482 0.1373638 0.1438317 0.1521604 0.1709746 0.0288129 0.1029814 0.1717995 0.0533427 0.1800909 0.1453542 0.1345679 0.0301907 0.1236931 0.1275379 0.1306388 0.1488079 0.1484931 0.1186242 0.1005470 0.1215792 0.1295925 0.0000000 0.1498030 0.1701103 0.1406922 0.1445695 0.1429300 0.1527332 0.1083315 0.1253946 0.1239252 0.0293932 0.2484052 0.1590160 0.0230159 0.1352588 0.1192736 0.1030043 0.1434702 0.1043283 0.1063949 0.1323504 0.1441342 0.0749437 0.1053653 0.1223992 0.1162914 0.0708669 0.1521819 0.1129767 0.2077581 0.1383792 0.1202794 0.0893242 0.1940505 0.2325957 0.2178669 0.1041271 0.2194580 0.1605449 0.1565247 0.1543237 0.1197646 0.1378729 0.2211548 0.1234154 0.1550308 0.1490438 0.1028943 0.1474162 0.0280937 0.2252151 0.1593879 0.1192194 0.0000010 0.0472210 0.1340750 0.0910841 0.0000010 0.1425120 0.1312622 0.1322747 0.1426538 0.1374655 0.1368057 0.1793850 0.1536146 0.1514120 0.1549253 0.1500532 0.1094068 0.1464016 0.1129767 0.1569197 0.1289549 0.1403650 0.1433052 0.1229491 0.1680528 0.1422644 0.1545551 0.1319519 0.1352553 0.1439712 0.1491399 0.1202612 0.0991025 0.1674447 0.1397666 0.1113576 
S0478      0.1023753 0.1729876 0.1106417 0.1541462 0.0827046 0.0991129 0.1176949 0.1316449 0.1106393 0.1400779 0.1681627 0.0972224 0.1811826 0.1150427 0.1324758 0.1212360 0.1724260 0.1056414 0.1024985 0.1036858 0.0731658 0.1293060 0.0459205 0.1087574 0.1006553 0.0747371 0.1498030 0.0000000 0.0929920 0.1178663 0.1266076 0.0711065 0.0838487 0.1000518 0.1035633 0.1281700 0.1572094 0.2115867 0.1631249 0.1467241 0.1339447 0.1046243 0.1147035 0.1078453 0.1101648 0.1115129 0.1294750 0.0914133 0.1440560 0.0451762 0.0791987 0.1054800 0.1392043 0.1318040 0.1331856 0.1934849 0.1448855 0.1821783 0.1389262 0.1782494 0.1998733 0.1936124 0.1071268 0.1995605 0.0846904 0.1532678 0.1376781 0.1766753 0.1130730 0.2085315 0.1078442 0.1118493 0.0614234 0.0397115 0.0798320 0.1524003 0.1612473 0.0708587 0.0634204 0.2162546 0.1701681 0.1100883 0.1619715 0.0000010 0.1043722 0.1075909 0.1120633 0.1130226 0.1117554 0.1023908 0.1052604 0.1119244 0.1125392 0.0891261 0.1232145 0.1089464 0.0719605 0.1347500 0.0891370 0.1072081 0.1063944 0.1236421 0.1163165 0.1023221 0.1189907 0.0956855 0.1208845 0.1243780 0.0959698 0.1316410 0.1040651 0.1078134 0.1696526 0.1136070 0.0978895 
S0624      0.1254657 0.1852836 0.1392622 0.1384616 0.1017208 0.1252054 0.1488968 0.1517871 0.1082950 0.1498969 0.1929064 0.1067241 0.1723705 0.1362720 0.1595520 0.1639069 0.1808285 0.1429448 0.1321418 0.1333519 0.0832623 0.1626094 0.0573966 0.1371417 0.1300829 0.0943696 0.1701103 0.0929920 0.0000000 0.1405289 0.1465591 0.0833559 0.1098382 0.1229504 0.1302410 0.1567927 0.1533636 0.2325990 0.1963649 0.1535971 0.1477914 0.1313248 0.1419202 0.1362727 0.1373550 0.1384429 0.1568526 0.0982203 0.1617860 0.0719048 0.0920878 0.1244786 0.1524979 0.1601196 0.1469121 0.2202565 0.1817311 0.1874603 0.1377448 0.2150228 0.2417276 0.2278411 0.1366850 0.2265068 0.1173314 0.1800385 0.1545016 0.1817665 0.1356547 0.2360066 0.1343682 0.1477094 0.0658417 0.0659422 0.1112605 0.1531469 0.1701011 0.0515664 0.0880779 0.1934118 0.1728114 0.1385356 0.1800538 0.0000010 0.1266845 0.1359442 0.1407788 0.1373966 0.1407709 0.1288999 0.1140631 0.1404002 0.1443785 0.0779028 0.1639794 0.1345772 0.0833781 0.1515779 0.1159448 0.1370645 0.1321898 0.1453669 0.1408411 0.0935500 0.1452811 0.1114621 0.1474014 0.1493032 0.1054702 0.1601538 0.1272980 0.1310385 0.1854751 0.1462162 0.1177850 
S0641      0.0891925 0.1538582 0.0465816 0.1515051 0.1427604 0.0920067 0.0609290 0.0745394 0.1508776 0.1326031 0.1621662 0.1581938 0.1774270 0.1666081 0.1232247 0.1130226 0.1682953 0.0997149 0.0427240 0.0438243 0.1324206 0.1041120 0.1022859 0.0980869 0.0947261 0.1151540 0.1406922 0.1178663 0.1405289 0.0000000 0.0882444 0.1304240 0.1344480 0.0728752 0.0413587 0.1170295 0.1407357 0.2230773 0.1305569 0.1361412 0.1182464 0.0377131 0.1010405 0.0450003 0.0964239 0.0993197 0.1092589 0.1308162 0.1488781 0.0877857 0.1208851 0.1035135 0.1298141 0.0681127 0.1241745 0.1977756 0.1371771 0.1586436 0.1232510 0.1764917 0.1992916 0.2059750 0.0950841 0.2037037 0.1285101 0.1389014 0.1170812 0.1600321 0.0807844 0.2109160 0.0438132 0.0927247 0.1133046 0.0831234 0.1259281 0.1403547 0.1826189 0.1283193 0.0633958 0.2175078 0.1663253 0.0436162 0.1567215 0.0000010 0.1000522 0.0449636 0.0450741 0.0912748 0.1121103 0.0769791 0.1495573 0.1077243 0.1088736 0.1334430 0.1025316 0.0923240 0.1281867 0.1256279 0.1374247 0.0448383 0.1066859 0.1016470 0.0462173 0.1497200 0.0755786 0.1512215 0.1072675 0.1064837 0.1401836 0.1163681 0.1075526 0.0938912 0.1329315 0.1088092 0.0989446 
S0643      0.0937218 0.1732952 0.0733303 0.2033285 0.1651471 0.0993068 0.0809360 0.1017307 0.1722488 0.1337748 0.1647468 0.1618576 0.1861958 0.1595975 0.1555543 0.1388414 0.1275919 0.1012214 0.0579513 0.0638264 0.1504030 0.1371869 0.0920466 0.1044103 0.0951138 0.1242385 0.1445695 0.1266076 0.1465591 0.0882444 0.0000000 0.1335409 0.1642475 0.0824556 0.0609818 0.1325936 0.1330755 0.2051688 0.1356089 0.1372835 0.1252161 0.0667874 0.1048130 0.0737569 0.1047144 0.1077614 0.1229540 0.1684348 0.1283238 0.1207997 0.1314616 0.1263671 0.1360129 0.0763519 0.1244190 0.1725128 0.1347125 0.1500764 0.1343117 0.1615577 0.2001176 0.1694776 0.0949639 0.1919489 0.1827849 0.1860023 0.1388185 0.1536447 0.0852967 0.1995431 0.0605266 0.1216430 0.1221796 0.1109573 0.1634772 0.1351255 0.2337163 0.1363844 0.0603814 0.2895730 0.1285553 0.0668359 0.1467777 0.0000010 0.0821767 0.0664554 0.0546242 0.1298221 0.1261895 0.0737184 0.1396188 0.1054367 0.1070145 0.1546234 0.1173964 0.0964702 0.1368630 0.1244190 0.1592612 0.0631130 0.1070090 0.1300656 0.0692274 0.1639516 0.1079517 0.1449191 0.1436965 0.1480651 0.1367352 0.1191768 0.1261746 0.1052852 0.1530850 0.1192632 0.1050033 
S0645sl    0.1105035 0.1659854 0.1260744 0.1548530 0.0764611 0.1034966 0.1329344 0.1430205 0.1028927 0.1381747 0.1759514 0.0917550 0.1760226 0.1022268 0.1345486 0.1349090 0.1697819 0.1200959 0.1159443 0.1200959 0.0679011 0.1548724 0.0423169 0.1130547 0.1150052 0.0777702 0.1429300 0.0711065 0.0833559 0.1304240 0.1335409 0.0000000 0.0832574 0.1142870 0.1155607 0.1368573 0.1520393 0.2121279 0.1664693 0.1400838 0.1381406 0.1196312 0.1175277 0.1215176 0.1160689 0.1143135 0.1312505 0.0907013 0.1400179 0.0424442 0.0759888 0.1073665 0.1321883 0.1446615 0.1264857 0.2140464 0.1601834 0.1714610 0.1292719 0.1758928 0.2052825 0.2163769 0.1126908 0.2099037 0.0999554 0.1598582 0.1422390 0.1661413 0.1164107 0.2195512 0.1201181 0.1318005 0.0499556 0.0370105 0.0799463 0.1472447 0.1658102 0.0591248 0.0836503 0.2073167 0.1627957 0.1237668 0.1557725 0.0000010 0.1077903 0.1212284 0.1240673 0.1131078 0.1093414 0.1172904 0.1043008 0.1164423 0.1203403 0.0721774 0.1392354 0.1146147 0.0602495 0.1309154 0.1011538 0.1223451 0.1141955 0.1193499 0.1302473 0.0984611 0.1332619 0.0936892 0.1226198 0.1234857 0.0888916 0.1393366 0.1058098 0.1117915 0.1488345 0.1284161 0.0956168 
S0656sl    0.1227655 0.1843256 0.1228522 0.1436466 0.1066466 0.1105173 0.1341130 0.1538805 0.1268558 0.1404359 0.1888105 0.1223651 0.1943049 0.1646284 0.1454590 0.1440960 0.1833018 0.1323284 0.1159332 0.1215376 0.0964137 0.1503101 0.0734261 0.1238450 0.1198157 0.0978981 0.1527332 0.0838487 0.1098382 0.1344480 0.1642475 0.0832574 0.0000000 0.1264637 0.1214641 0.1439364 0.1577510 0.2267033 0.1665649 0.1549670 0.1428508 0.1253813 0.1300273 0.1259233 0.1207902 0.1266840 0.1454376 0.0780043 0.1544881 0.0615668 0.0549407 0.1147951 0.1405842 0.1494772 0.1462372 0.2151067 0.1584820 0.1921786 0.1463107 0.1883620 0.2100026 0.2191702 0.1234405 0.2129625 0.0966319 0.1668478 0.1569769 0.1864428 0.1363635 0.2217988 0.1225378 0.1318114 0.0801848 0.0598920 0.1006057 0.1527398 0.1339250 0.0829200 0.1003842 0.2169888 0.2009970 0.1252212 0.1724969 0.0000010 0.1165092 0.1256232 0.1182079 0.1222115 0.1226116 0.1279219 0.0897906 0.1223589 0.1280230 0.0942443 0.1405202 0.1226076 0.0883500 0.1508792 0.1094560 0.1251670 0.1213188 0.1266914 0.1346537 0.1173409 0.1347806 0.0766823 0.1317529 0.1385564 0.1181822 0.1423645 0.1146702 0.1285824 0.1851433 0.1313684 0.1055603 
S0689      0.0796152 0.1345120 0.0703122 0.1241661 0.1282107 0.0793289 0.0727490 0.0889633 0.1310016 0.0996514 0.1366846 0.1313603 0.1337258 0.1599534 0.1036640 0.1140609 0.1333463 0.0687094 0.0633592 0.0577653 0.1103618 0.0818074 0.0904367 0.0828236 0.0699651 0.0985853 0.1083315 0.1000518 0.1229504 0.0728752 0.0824556 0.1142870 0.1264637 0.0000000 0.0589145 0.0982360 0.1153006 0.1587655 0.0991853 0.1090151 0.0923250 0.0590921 0.0856771 0.0686989 0.0881711 0.0840468 0.1001912 0.1130590 0.1170492 0.0685634 0.1007279 0.0865972 0.1010382 0.0889529 0.1128968 0.1495766 0.1002392 0.1372497 0.1029326 0.1587273 0.1814044 0.1493217 0.0839674 0.1454047 0.1209096 0.1134259 0.1206780 0.1361622 0.0674913 0.1583446 0.0632167 0.0860986 0.1014958 0.0653995 0.1011887 0.1115224 0.1751299 0.1103925 0.0326697 0.1945777 0.1479710 0.0629784 0.1273201 0.0000010 0.0837110 0.0643716 0.0632633 0.0799518 0.0895894 0.0702087 0.1279278 0.0896719 0.0924471 0.1183728 0.0947534 0.0823662 0.1090205 0.1159227 0.1071460 0.0670652 0.0945217 0.0917680 0.0687713 0.1262121 0.0809613 0.1347208 0.0975475 0.0972895 0.1146516 0.1034520 0.0881185 0.0771409 0.1212741 0.0827970 0.0836830 
