100
PAFTOL_019361 0.0000000 0.3393436 0.2622264 0.3847038 0.3385391 0.3936999 0.3426059 0.2496151 0.3761593 0.3753689 0.3785882 0.4252091 0.3347404 0.3101972 0.3453403 0.3890047 0.3334918 0.3910185 0.3122147 0.3462707 0.3260460 0.3165097 0.3752101 0.4000981 0.3799620 0.2210829 0.4389432 0.4217754 0.3095490 0.2674216 0.3346821 0.3703367 0.3734831 0.3505078 0.3117078 0.3361441 0.3508143 0.3588605 0.3422883 0.3665694 0.3006410 0.4094043 0.3263195 0.3485256 0.3005998 0.3208284 0.3207211 0.3342125 0.3346103 0.3152392 0.3288199 0.3499875 0.3702196 0.3262241 0.3076329 0.3293566 0.3440278 0.3162887 0.3899456 0.3480380 0.3809889 0.3590762 0.3946123 0.3491079 0.2613642 0.3360725 0.3525380 0.3647188 0.3302004 0.3468092 0.3582616 0.3165528 0.3245873 0.3682280 0.3440537 0.3349568 0.3734502 0.3306513 0.3044774 0.3914382 0.3428816 0.3818999 0.3242241 0.3412612 0.3451457 0.3427582 0.4031629 0.3406649 0.3684569 0.3309322 0.3355533 0.3299294 0.3727655 0.3189023 0.3187875 0.3766219 0.3333348 0.3567951 0.3530527 0.3301300 
S0055         0.3393436 0.0000000 0.0635380 0.1034110 0.0732396 0.1357698 0.0723441 0.0492024 0.1326826 0.1550158 0.1102625 0.1610812 0.0973604 0.0693433 0.0962208 0.1402254 0.1343562 0.1282817 0.0763754 0.1022079 0.1679298 0.0956041 0.1223501 0.1455410 0.0837602 0.0504528 0.1690371 0.1268857 0.0670639 0.0522039 0.2064133 0.1256873 0.1170216 0.0700884 0.0762966 0.0986244 0.1095540 0.1292290 0.1054748 0.1139940 0.0666461 0.1215651 0.1027362 0.1113163 0.1182227 0.0901800 0.0821010 0.0921442 0.2084050 0.0900873 0.1953178 0.0824547 0.0903388 0.0820699 0.1760448 0.0693795 0.0766630 0.0800238 0.1358609 0.1218582 0.1210231 0.1362864 0.1356302 0.0942009 0.1212297 0.0694359 0.1126730 0.1151902 0.0722753 0.0826637 0.0770009 0.0377926 0.0499262 0.1749297 0.0891498 0.0730053 0.1307422 0.0697119 0.0732483 0.1428337 0.1041751 0.1445806 0.0790137 0.0929565 0.0899234 0.0697937 0.1382917 0.0626781 0.1678439 0.0732494 0.0894149 0.0798148 0.1285515 0.0982102 0.0698935 0.1405971 0.0724222 0.1153092 0.0874680 0.0699619 
S0196sl       0.2622264 0.0635380 0.0000000 0.0715255 0.0669755 0.0947643 0.0675161 0.0657038 0.1263116 0.1234180 0.0898942 0.1330467 0.0767018 0.0625892 0.1003031 0.0769501 0.0727710 0.0946976 0.0073795 0.0927341 0.1361480 0.0645692 0.0904020 0.0982437 0.0904748 0.0576608 0.1292286 0.1168975 0.0553966 0.0625759 0.2110043 0.0814126 0.1095561 0.0632733 0.0073722 0.0603454 0.0396600 0.0978800 0.0855345 0.0941546 0.0424055 0.1020755 0.0647989 0.0592136 0.1053780 0.0670668 0.0523071 0.0608175 0.2278186 0.0186692 0.2103337 0.0722779 0.0843641 0.0626084 0.1859248 0.0624445 0.0674548 0.0674779 0.0895862 0.0914922 0.1095561 0.1023524 0.1087585 0.1002707 0.1087087 0.0668746 0.0950549 0.0986685 0.0632176 0.0798136 0.0677142 0.0629076 0.0455682 0.1362833 0.0867825 0.0593862 0.0943359 0.0503086 0.0073748 0.0853248 0.0550141 0.1218229 0.0750961 0.0716064 0.0715560 0.0589972 0.0941593 0.0543326 0.1116464 0.0635361 0.0712815 0.0633819 0.1047028 0.0547440 0.0463130 0.1191885 0.0417078 0.1039855 0.0816817 0.0508757 
S0281         0.3847038 0.1034110 0.0715255 0.0000000 0.1160331 0.1499228 0.1097964 0.1077279 0.1792279 0.1855534 0.1386365 0.1717514 0.0932104 0.1152331 0.1453285 0.1467458 0.1683435 0.1585226 0.0858857 0.1417834 0.1932796 0.0865715 0.1560207 0.1557489 0.1316054 0.1042060 0.1637113 0.1665120 0.1123309 0.0996452 0.2374411 0.1363195 0.1352720 0.1165085 0.0824241 0.1002849 0.1046121 0.1506981 0.1297899 0.1513381 0.0938107 0.1280921 0.0936181 0.1145038 0.1678090 0.1038506 0.0835982 0.0870071 0.2251627 0.0998057 0.2209379 0.1140302 0.1093008 0.0987468 0.2065900 0.1153017 0.1238146 0.1111232 0.1547550 0.1440026 0.1394529 0.1571835 0.1591673 0.1155029 0.1261224 0.1153817 0.1223303 0.1247676 0.1026494 0.1296928 0.1241634 0.0887019 0.0951880 0.1796098 0.1217436 0.1033364 0.1524200 0.1054700 0.0858351 0.1456907 0.1073370 0.1719296 0.1255587 0.1101220 0.0958634 0.1021614 0.1563016 0.1019422 0.1893587 0.1189181 0.0854241 0.0824557 0.1493665 0.1156182 0.0972379 0.1617182 0.0851444 0.1179580 0.1210347 0.0968867 
S0282         0.3385391 0.0732396 0.0669755 0.1160331 0.0000000 0.1307110 0.0964766 0.0195521 0.1273982 0.1492709 0.1197305 0.1434339 0.0958956 0.0167518 0.0549253 0.1424251 0.1227930 0.1230432 0.0854040 0.1309623 0.1442260 0.0830220 0.1322115 0.1436849 0.0564502 0.0238416 0.1667845 0.1626394 0.0944694 0.0103688 0.2199248 0.1355519 0.1372005 0.0344902 0.0853152 0.0827526 0.1118302 0.1379551 0.1009160 0.1344617 0.0861930 0.1308689 0.0831751 0.1136289 0.1278738 0.1007048 0.0700983 0.0799361 0.2217868 0.0992285 0.2086546 0.0961715 0.0791028 0.1057324 0.1818366 0.0167587 0.0626025 0.0961989 0.1306747 0.1247994 0.1414461 0.1449511 0.1500424 0.1049383 0.1266924 0.0282947 0.1032488 0.1206053 0.0963751 0.0283355 0.0345990 0.0691014 0.0619142 0.1672716 0.1078797 0.1042256 0.1258153 0.0497518 0.0822752 0.1289079 0.1065290 0.1632164 0.0253271 0.1101631 0.1027583 0.0343544 0.1404781 0.0467444 0.1607589 0.1009010 0.1017106 0.0853129 0.1158298 0.0930476 0.0930174 0.1496316 0.0747899 0.1169720 0.1139310 0.0892793 
S0289         0.3936999 0.1357698 0.0947643 0.1499228 0.1307110 0.0000000 0.1231242 0.1217173 0.2103082 0.0586038 0.1340743 0.0671311 0.1232724 0.1267553 0.1815579 0.0401816 0.1470734 0.0350969 0.0997641 0.1820824 0.1016147 0.1183368 0.1677386 0.0487177 0.1724508 0.1078991 0.0748538 0.1060556 0.1252777 0.1162376 0.2526475 0.1510299 0.1441617 0.1428511 0.1037227 0.1481500 0.1325892 0.0949966 0.1173065 0.0896087 0.1014082 0.1390725 0.1261340 0.1461657 0.1747912 0.1179933 0.1108337 0.1262046 0.2446259 0.1220919 0.2402901 0.1157498 0.1434762 0.1145215 0.2168157 0.1339993 0.1467722 0.1082724 0.0381726 0.0837644 0.1484647 0.0947138 0.0586382 0.1383841 0.1211634 0.1268588 0.1221883 0.1310922 0.1156261 0.1493676 0.1512277 0.1340951 0.1109864 0.1187272 0.1115264 0.1168076 0.0430036 0.1307276 0.0998046 0.0341153 0.1384546 0.1179654 0.1372452 0.1191659 0.1104487 0.1306084 0.0337746 0.1262381 0.1200817 0.1272338 0.1039106 0.1090568 0.0833958 0.1163804 0.1049019 0.1807246 0.1097406 0.1336383 0.1666822 0.1009813 
S0292         0.3426059 0.0723441 0.0675161 0.1097964 0.0964766 0.1231242 0.0000000 0.0617258 0.1469165 0.1262727 0.1108002 0.1472105 0.0824484 0.0922179 0.1185911 0.1237369 0.1434931 0.1231063 0.0758626 0.1154270 0.1717899 0.0837574 0.1473821 0.1290999 0.0963507 0.0633024 0.1589532 0.1367102 0.0937049 0.0717259 0.2405340 0.1358554 0.1153000 0.1001778 0.0724831 0.1162751 0.1127071 0.1186151 0.1036342 0.1085698 0.0588377 0.1196765 0.0906178 0.1202576 0.1391497 0.0890985 0.0887235 0.0991409 0.2292106 0.0894803 0.2287979 0.0652165 0.1216858 0.0613503 0.2101970 0.0922696 0.1064578 0.0690762 0.1221394 0.1053691 0.1192339 0.1224502 0.1266331 0.1032859 0.1153123 0.0923394 0.1028031 0.0995127 0.0166086 0.1026495 0.1005320 0.0852619 0.0783927 0.1515207 0.0318821 0.0166696 0.1183576 0.0923615 0.0758179 0.1263722 0.1130883 0.1384796 0.1022504 0.0619242 0.0753978 0.0861768 0.1220697 0.0927891 0.1477462 0.0968644 0.0815674 0.0790499 0.1161043 0.1008493 0.0619690 0.1581100 0.0782000 0.0996195 0.1149506 0.0684217 
S0293         0.2496151 0.0492024 0.0657038 0.1077279 0.0195521 0.1217173 0.0617258 0.0000000 0.1017101 0.1372571 0.1056012 0.1307637 0.1003192 0.0155288 0.0645552 0.1062665 0.0964986 0.1061637 0.0758319 0.0904135 0.1344172 0.0896073 0.1115940 0.1252942 0.0623703 0.0283813 0.1386884 0.1177877 0.0679900 0.0155282 0.1972002 0.1061078 0.1265579 0.0234488 0.0757240 0.0755826 0.0974462 0.0973370 0.1007678 0.1006559 0.0573520 0.1182401 0.0899451 0.1037513 0.1055086 0.0900787 0.0720233 0.0811297 0.2084569 0.0849900 0.1965534 0.0896978 0.0705564 0.1084033 0.1547204 0.0154954 0.0620598 0.0851275 0.1101719 0.1017786 0.1265579 0.1015216 0.1374504 0.0959472 0.1291876 0.0357324 0.1006534 0.0999570 0.0619208 0.0316986 0.0361814 0.0580770 0.0483310 0.1386674 0.0866746 0.0711831 0.1154170 0.0443370 0.0715272 0.1110156 0.0989432 0.1343749 0.0274727 0.1092404 0.0994325 0.0314542 0.1208704 0.0401711 0.1218370 0.0861888 0.0939926 0.0857290 0.0995683 0.0887869 0.0615190 0.0835491 0.0704328 0.1249274 0.0951820 0.0573676 
S0294         0.3761593 0.1326826 0.1263116 0.1792279 0.1273982 0.2103082 0.1469165 0.1017101 0.0000000 0.2374254 0.1735206 0.2312680 0.1602439 0.1224080 0.1560922 0.2050167 0.1880159 0.1979563 0.1423176 0.1875147 0.1995137 0.1583387 0.1843599 0.2208649 0.1487414 0.0685231 0.2505960 0.2215583 0.1235779 0.0956264 0.3023858 0.1618795 0.1746933 0.1315727 0.1382007 0.1320820 0.1567978 0.1919280 0.1686831 0.1878835 0.1441085 0.1875942 0.1586853 0.1677948 0.1719940 0.1432647 0.1351075 0.1469086 0.2928224 0.1546243 0.2880630 0.1430239 0.1512142 0.1489878 0.2701626 0.1188007 0.1271543 0.1344509 0.2070490 0.1811902 0.1794773 0.1919731 0.2184850 0.1797171 0.1531779 0.1225740 0.1866135 0.1850463 0.1467242 0.1341078 0.1320791 0.1310013 0.1220870 0.2255402 0.1615396 0.1521442 0.2036601 0.1116768 0.1387798 0.2091898 0.1595184 0.2226267 0.1334371 0.1462522 0.1431108 0.1232688 0.2211996 0.1155697 0.2188513 0.1316814 0.1541065 0.1481898 0.1867649 0.1516750 0.1480096 0.1718966 0.1333960 0.1685909 0.1543334 0.1434275 
S0299         0.3753689 0.1550158 0.1234180 0.1855534 0.1492709 0.0586038 0.1262727 0.1372571 0.2374254 0.0000000 0.1493220 0.0844255 0.1333501 0.1487030 0.1938468 0.0680794 0.1903286 0.0537523 0.1134460 0.1987996 0.1166783 0.1442285 0.2011098 0.0704050 0.1877623 0.1337493 0.0915385 0.1245021 0.1518862 0.1351452 0.2708766 0.1746730 0.1678808 0.1699513 0.1175589 0.1716491 0.1594414 0.1134014 0.1388618 0.1124564 0.1184508 0.1693199 0.1520862 0.1613770 0.1949133 0.1289278 0.1367404 0.1529590 0.2624673 0.1331196 0.2580610 0.1368565 0.1669602 0.1317527 0.2156911 0.1448707 0.1690521 0.1219626 0.0601659 0.0933510 0.1724332 0.1199577 0.0683493 0.1575023 0.1378992 0.1568599 0.1408062 0.1491500 0.1333137 0.1605061 0.1788320 0.1605878 0.1216428 0.1371264 0.1330963 0.1271487 0.0586304 0.1527534 0.1134915 0.0677656 0.1534658 0.1248202 0.1558885 0.1331131 0.1277100 0.1569880 0.0612780 0.1611055 0.1344540 0.1465645 0.1318234 0.1298364 0.0970786 0.1538168 0.1220233 0.2084939 0.1346346 0.1517118 0.1827188 0.1179398 
S0308         0.3785882 0.1102625 0.0898942 0.1386365 0.1197305 0.1340743 0.1108002 0.1056012 0.1735206 0.1493220 0.0000000 0.1463890 0.1272919 0.1229049 0.1601296 0.1384615 0.1636097 0.1187128 0.0970430 0.1570183 0.1699896 0.1213850 0.1419740 0.1508886 0.1366701 0.1020778 0.1709124 0.1591352 0.1258161 0.1029397 0.2214709 0.1528337 0.0836734 0.1318640 0.0934552 0.1257708 0.1222862 0.1392718 0.1035662 0.1295046 0.0971865 0.0997744 0.1289155 0.1340572 0.1713272 0.0963822 0.1072423 0.1184430 0.2105010 0.1114399 0.2101081 0.1228875 0.1323666 0.1064579 0.1871769 0.1229820 0.1315948 0.1088785 0.1217945 0.1323947 0.0872880 0.1422710 0.1465186 0.1085412 0.0679948 0.1272118 0.0995848 0.1463989 0.1184426 0.1268526 0.1364938 0.1015482 0.0938259 0.1686622 0.1212050 0.1160555 0.1295619 0.1124898 0.0896507 0.1410472 0.1265526 0.1682292 0.1336818 0.1073702 0.1178412 0.1198897 0.1403556 0.1124183 0.1694450 0.1203922 0.1112290 0.1127864 0.1396978 0.1124207 0.1006322 0.1790092 0.0859223 0.1414856 0.1434391 0.0974063 
S0320         0.4252091 0.1610812 0.1330467 0.1717514 0.1434339 0.0671311 0.1472105 0.1307637 0.2312680 0.0844255 0.1463890 0.0000000 0.1548200 0.1428710 0.1841575 0.0774602 0.1898611 0.0660761 0.1178987 0.2024953 0.1458783 0.1584071 0.1822916 0.0801345 0.1914899 0.1340390 0.0848477 0.1207522 0.1614245 0.1398213 0.2771217 0.1807567 0.1663363 0.1548866 0.1222091 0.1784039 0.1657185 0.1378833 0.1290684 0.1026022 0.1390095 0.1562448 0.1587532 0.1559435 0.1993534 0.1413886 0.1343303 0.1551482 0.2682929 0.1419292 0.2637154 0.1505452 0.1563906 0.1455454 0.2290627 0.1468741 0.1728960 0.1391918 0.0763851 0.1069396 0.1710206 0.1300532 0.0916086 0.1558708 0.1511418 0.1550215 0.1343368 0.1470441 0.1470175 0.1631224 0.1694598 0.1512193 0.1335724 0.1610646 0.1403213 0.1405859 0.0637992 0.1554221 0.1179475 0.0708368 0.1478337 0.1435868 0.1502479 0.1508785 0.1440736 0.1460428 0.0796465 0.1595045 0.1533818 0.1509740 0.1370778 0.1470264 0.0972184 0.1503032 0.1428455 0.1683718 0.1322853 0.1615992 0.1944717 0.1383639 
S0335         0.3347404 0.0973604 0.0767018 0.0932104 0.0958956 0.1232724 0.0824484 0.1003192 0.1602439 0.1333501 0.1272919 0.1548200 0.0000000 0.0947620 0.1174979 0.1311017 0.1430074 0.1230773 0.0858870 0.1523997 0.1619718 0.0846971 0.1470023 0.1361964 0.1028617 0.0865466 0.1588744 0.1423964 0.0977423 0.0839834 0.2266462 0.1317686 0.1357410 0.1070731 0.0824232 0.0987222 0.1086414 0.1152651 0.1153222 0.1137146 0.0599757 0.1317234 0.0848563 0.1167923 0.1351692 0.1113866 0.0752743 0.0854647 0.2193878 0.0998178 0.2152778 0.0659534 0.1255979 0.0685643 0.2023581 0.0989978 0.1109453 0.0592505 0.1230514 0.1024609 0.1399438 0.1264144 0.1423576 0.1278261 0.1323190 0.0916989 0.1179744 0.0676256 0.0823665 0.1130630 0.1074550 0.0962276 0.0889470 0.1465965 0.0857210 0.0798417 0.1184967 0.0965949 0.0858365 0.1301740 0.1096625 0.1304254 0.1090838 0.0756427 0.0431858 0.0855781 0.1329960 0.1038715 0.1482901 0.1009377 0.0459389 0.0311159 0.1206006 0.0906230 0.0664541 0.1589734 0.0751939 0.0587056 0.1268121 0.0730973 
S0400         0.3101972 0.0693433 0.0625892 0.1152331 0.0167518 0.1267553 0.0922179 0.0155288 0.1224080 0.1487030 0.1229049 0.1428710 0.0947620 0.0000000 0.0476982 0.1418825 0.1273338 0.1225680 0.0884097 0.1260427 0.1335329 0.0860537 0.1346452 0.1398369 0.0497727 0.0156697 0.1626784 0.1530809 0.0935933 0.0068685 0.2067885 0.1342330 0.1320947 0.0283382 0.0883174 0.0857745 0.1079256 0.1256972 0.1040155 0.1249287 0.0892271 0.1339948 0.0862126 0.1167277 0.1229906 0.0963489 0.0731085 0.0829684 0.2087109 0.1022784 0.1960516 0.0992237 0.0751470 0.1013648 0.1711855 0.0110198 0.0558152 0.0878931 0.1301683 0.1163190 0.1362516 0.1325547 0.1410334 0.1004838 0.1149699 0.0223230 0.1063236 0.1191466 0.0921232 0.0223546 0.0284260 0.0653139 0.0582795 0.1498793 0.1032628 0.0998096 0.1220805 0.0462940 0.0852791 0.1332845 0.1096078 0.1536067 0.0194283 0.1056895 0.0984201 0.0282283 0.1399497 0.0373778 0.1438382 0.0999637 0.1005136 0.0778877 0.1111848 0.1030539 0.0960697 0.1494932 0.0777422 0.1155623 0.1093847 0.0923111 
S0405         0.3453403 0.0962208 0.1003031 0.1453285 0.0549253 0.1815579 0.1185911 0.0645552 0.1560922 0.1938468 0.1601296 0.1841575 0.1174979 0.0476982 0.0000000 0.1880098 0.1684174 0.1781094 0.1138010 0.1584021 0.2081894 0.1040041 0.1518525 0.1885913 0.0732163 0.0506471 0.2272211 0.2106825 0.1286975 0.0437171 0.2106740 0.1597857 0.1685218 0.0442633 0.1136631 0.1156459 0.1601326 0.1767312 0.1215099 0.1539447 0.1191241 0.1686187 0.1041339 0.1511656 0.1384440 0.1117038 0.0974882 0.1051129 0.2086963 0.1260483 0.1948845 0.1313360 0.0984756 0.1209743 0.1831171 0.0477230 0.0837798 0.1145268 0.1836115 0.1554123 0.1736141 0.1812397 0.1899698 0.1159143 0.1504292 0.0477677 0.1274547 0.1506943 0.1184439 0.0580486 0.0480298 0.0907406 0.0940866 0.2058219 0.1368687 0.1276431 0.1757413 0.0760159 0.1102319 0.1813559 0.1427792 0.1852767 0.0509573 0.1256353 0.1265635 0.0548544 0.1883614 0.0693206 0.1989779 0.1322218 0.1246644 0.1137395 0.1585432 0.1406015 0.1271437 0.1823693 0.1136764 0.1466738 0.1431370 0.1187173 
S0407sl       0.3890047 0.1402254 0.0769501 0.1467458 0.1424251 0.0401816 0.1237369 0.1062665 0.2050167 0.0680794 0.1384615 0.0774602 0.1311017 0.1418825 0.1880098 0.0000000 0.1373273 0.0443832 0.1036897 0.1835512 0.0972705 0.1268630 0.1810364 0.0547676 0.1738262 0.0875142 0.0749120 0.1172826 0.1336385 0.1025585 0.2658856 0.1598711 0.1476495 0.1514829 0.1077112 0.1493159 0.1435840 0.1059115 0.1241711 0.1091407 0.1124144 0.1507746 0.1423967 0.1507163 0.1840612 0.1180690 0.1189145 0.1310389 0.2575950 0.1263118 0.2532142 0.1307854 0.1521572 0.1257409 0.2302510 0.1457621 0.1554956 0.1194260 0.0475283 0.0975014 0.1519749 0.1055910 0.0650097 0.1503064 0.1094659 0.1424805 0.1336110 0.1462685 0.1161986 0.1615025 0.1559722 0.1458641 0.1150662 0.1335855 0.1105971 0.1173918 0.0585531 0.1390787 0.1037319 0.0341390 0.1429107 0.1254543 0.1490366 0.1305828 0.1215238 0.1389472 0.0399301 0.1429394 0.1198393 0.1355340 0.1221806 0.1201010 0.0970659 0.1391492 0.1159835 0.1852754 0.1207283 0.1453743 0.1715081 0.1119303 
S0412sl       0.3334918 0.1343562 0.0727710 0.1683435 0.1227930 0.1470734 0.1434931 0.0964986 0.1880159 0.1903286 0.1636097 0.1898611 0.1430074 0.1273338 0.1684174 0.1373273 0.0000000 0.1287071 0.1037865 0.1696069 0.1661285 0.1309396 0.1069609 0.1656128 0.1664999 0.0831080 0.1965329 0.1982567 0.0946803 0.1224162 0.2787414 0.0739934 0.1764375 0.1238055 0.1036367 0.1411863 0.1484339 0.1627386 0.1407160 0.1553191 0.1236308 0.1663832 0.1269268 0.1591788 0.1451092 0.1363040 0.1225747 0.1273711 0.2971474 0.1184016 0.2778279 0.1378420 0.1578598 0.1218136 0.2519401 0.1269899 0.1385466 0.1434082 0.1388145 0.1616152 0.1764375 0.1623826 0.1784114 0.1766168 0.1225663 0.1323300 0.1635072 0.1511676 0.1383559 0.1473759 0.1341602 0.1328776 0.1114949 0.2007272 0.1509625 0.1297444 0.1518169 0.1228037 0.0995033 0.1414086 0.1539943 0.2031400 0.1415446 0.1378129 0.1364501 0.1381943 0.1511339 0.1225854 0.1729726 0.1023011 0.1322465 0.1228025 0.1661702 0.1086470 0.1280346 0.1706322 0.1257343 0.1575291 0.1398721 0.1276432 
S0417         0.3910185 0.1282817 0.0946976 0.1585226 0.1230432 0.0350969 0.1231063 0.1061637 0.1979563 0.0537523 0.1187128 0.0660761 0.1230773 0.1225680 0.1781094 0.0443832 0.1287071 0.0000000 0.0920985 0.1705208 0.0920204 0.1260203 0.1497078 0.0499455 0.1697559 0.1078169 0.0768282 0.0936464 0.1085278 0.1064788 0.2179334 0.1377875 0.1445159 0.1390389 0.0960695 0.1445616 0.1248119 0.0894582 0.1126864 0.0926766 0.1006698 0.1351693 0.1295289 0.1425818 0.1847162 0.1133535 0.1065454 0.1260568 0.2106314 0.1146314 0.2064300 0.1227557 0.1477454 0.1177403 0.1790631 0.1263873 0.1392364 0.1114024 0.0381528 0.0860580 0.1489368 0.0929881 0.0570508 0.1385809 0.1266060 0.1341726 0.1139352 0.1341744 0.1229579 0.1381123 0.1477359 0.1341791 0.0998020 0.1289359 0.1147604 0.1130909 0.0474165 0.1192508 0.0921372 0.0380131 0.1347272 0.1168956 0.1296996 0.1225572 0.1098725 0.1306021 0.0439851 0.1306353 0.1137788 0.1069721 0.1141729 0.1119834 0.0856689 0.1235261 0.1042491 0.1803350 0.1092168 0.1336292 0.1552280 0.1002358 
S0419         0.3122147 0.0763754 0.0073795 0.0858857 0.0854040 0.0997641 0.0758626 0.0758319 0.1423176 0.1134460 0.0970430 0.1178987 0.0858870 0.0884097 0.1138010 0.1036897 0.1037865 0.0920985 0.0000000 0.1062459 0.1373590 0.0673868 0.1049441 0.1122189 0.1079475 0.0676154 0.1402436 0.1323371 0.0769709 0.0754612 0.2141985 0.1013384 0.1163462 0.0893694 0.0055120 0.0802588 0.0570877 0.1149239 0.0793035 0.1038140 0.0627263 0.0981794 0.0740471 0.0628752 0.1161575 0.0793982 0.0642912 0.0741350 0.2123249 0.0168080 0.1994161 0.0821240 0.1033398 0.0716096 0.1884407 0.0884585 0.0927782 0.0689447 0.0954278 0.1042550 0.1203232 0.1140338 0.1106725 0.0971996 0.1200896 0.0885259 0.0894625 0.1030918 0.0757892 0.1021695 0.0965704 0.0819879 0.0619148 0.1581526 0.0962389 0.0732348 0.0954617 0.0756217 0.0055133 0.0993474 0.0564822 0.1296343 0.0983305 0.0821027 0.0752164 0.0824136 0.1023410 0.0788476 0.1403128 0.0730457 0.0783267 0.0757952 0.1041599 0.0662286 0.0659161 0.1417784 0.0491005 0.0962315 0.0933208 0.0692216 
S0427         0.3462707 0.1022079 0.0927341 0.1417834 0.1309623 0.1820824 0.1154270 0.0904135 0.1875147 0.1987996 0.1570183 0.2024953 0.1523997 0.1260427 0.1584021 0.1835512 0.1696069 0.1705208 0.1062459 0.0000000 0.2193606 0.1215406 0.1594588 0.1922431 0.1363684 0.0982250 0.2277925 0.1943576 0.1181804 0.1318949 0.2855577 0.1672008 0.1553289 0.1274900 0.1061264 0.1259883 0.1374774 0.1752313 0.1531994 0.1755220 0.1091051 0.1523781 0.1217848 0.1478197 0.1807670 0.1277699 0.1115796 0.1231108 0.2774475 0.1212267 0.2721376 0.1152831 0.1351134 0.1291374 0.2458999 0.1223635 0.1312788 0.1363495 0.1704421 0.1755876 0.1598344 0.1738050 0.1816522 0.1438319 0.1359938 0.1262088 0.1516319 0.1565763 0.1185514 0.1334100 0.1355661 0.1124471 0.1047348 0.2154381 0.1381072 0.1115950 0.1624410 0.1158031 0.1020353 0.1719125 0.1400030 0.2025791 0.1329850 0.1257820 0.1276301 0.1231842 0.1844526 0.1194555 0.1903911 0.1174431 0.1389750 0.1283979 0.1669724 0.1281167 0.1126673 0.1827949 0.1194235 0.1565304 0.0593826 0.1017260 
S0478         0.3260460 0.1679298 0.1361480 0.1932796 0.1442260 0.1016147 0.1717899 0.1344172 0.1995137 0.1166783 0.1699896 0.1458783 0.1619718 0.1335329 0.2081894 0.0972705 0.1661285 0.0920204 0.1373590 0.2193606 0.0000000 0.1703182 0.1944920 0.1106659 0.1921707 0.1182281 0.1384830 0.1333050 0.1397768 0.1330137 0.2835563 0.1594660 0.1900026 0.1559658 0.1434486 0.1651666 0.1761458 0.1192020 0.1579662 0.1004509 0.1286911 0.2049532 0.1710358 0.2065318 0.1794797 0.1635155 0.1379523 0.1485470 0.2888308 0.1597974 0.2825739 0.1548901 0.1526604 0.1695745 0.2284700 0.1382181 0.1778966 0.1434084 0.1062857 0.1065794 0.1900026 0.1033745 0.1219236 0.1856636 0.1536286 0.1602165 0.1672315 0.1712642 0.1661170 0.1547536 0.1673693 0.1659267 0.1068952 0.1499649 0.1690005 0.1569310 0.1208407 0.1491173 0.1374335 0.1017978 0.2006493 0.1331923 0.1537415 0.1709294 0.1493710 0.1496997 0.0963210 0.1543841 0.1453573 0.1610480 0.1539763 0.1454580 0.1265585 0.1606109 0.1282580 0.1874660 0.1623595 0.1788071 0.1847669 0.1339496 
S0552sl       0.3165097 0.0956041 0.0645692 0.0865715 0.0830220 0.1183368 0.0837574 0.0896073 0.1583387 0.1442285 0.1213850 0.1584071 0.0846971 0.0860537 0.1040041 0.1268630 0.1309396 0.1260203 0.0673868 0.1215406 0.1703182 0.0000000 0.1478197 0.1393572 0.1051641 0.0813400 0.1659793 0.1663800 0.0967360 0.0760604 0.2080554 0.1392711 0.1367003 0.0870116 0.0640178 0.0566345 0.1074326 0.1293380 0.1103528 0.1321138 0.0602819 0.1304790 0.0111936 0.1205680 0.1536937 0.0953157 0.0291567 0.0351678 0.2011193 0.0809875 0.1970527 0.0869743 0.1020280 0.0862930 0.1787451 0.0825773 0.0938407 0.0809839 0.1296166 0.1267935 0.1410386 0.1333533 0.1457268 0.1218855 0.1299034 0.0861681 0.1087070 0.1128116 0.0737108 0.0964136 0.0868161 0.1013204 0.0832944 0.1541908 0.1014524 0.0808164 0.1242441 0.0799951 0.0673464 0.1180625 0.1131882 0.1584980 0.0960408 0.0904021 0.0773145 0.0766532 0.1212050 0.0869786 0.1401104 0.1072727 0.0704084 0.0739909 0.1257576 0.0705159 0.0634916 0.1521796 0.0797890 0.0950035 0.1092769 0.0632726 
S0558         0.3752101 0.1223501 0.0904020 0.1560207 0.1322115 0.1677386 0.1473821 0.1115940 0.1843599 0.2011098 0.1419740 0.1822916 0.1470023 0.1346452 0.1518525 0.1810364 0.1069609 0.1497078 0.1049441 0.1594588 0.1944920 0.1478197 0.0000000 0.1856690 0.1703381 0.1079795 0.2061782 0.1901955 0.0841986 0.1123822 0.2268856 0.0962409 0.1613961 0.1362149 0.1089793 0.1427187 0.1348272 0.1556958 0.1281727 0.1528537 0.1174642 0.1415396 0.1470206 0.1482436 0.1581073 0.1194427 0.1287134 0.1402210 0.2394667 0.1204243 0.2257999 0.1234454 0.1440363 0.1191138 0.2068428 0.1347329 0.1326936 0.1355490 0.1599656 0.1667388 0.1659188 0.1599923 0.1881903 0.1373293 0.1571270 0.1348231 0.1281295 0.1502485 0.1471929 0.1502005 0.1445212 0.1203512 0.1083380 0.1994804 0.1565706 0.1413150 0.1624093 0.1242112 0.1057849 0.1672274 0.1404038 0.1954625 0.1456734 0.1311135 0.1232715 0.1355820 0.1785192 0.1241294 0.1929916 0.0896195 0.1349960 0.1355642 0.1688631 0.1182950 0.1211059 0.1739344 0.0940468 0.1436362 0.1368082 0.1214820 
S0624         0.4000981 0.1455410 0.0982437 0.1557489 0.1436849 0.0487177 0.1290999 0.1252942 0.2208649 0.0704050 0.1508886 0.0801345 0.1361964 0.1398369 0.1885913 0.0547676 0.1656128 0.0499455 0.1122189 0.1922431 0.1106659 0.1393572 0.1856690 0.0000000 0.1824934 0.1115842 0.0492826 0.1052497 0.1425439 0.1194618 0.2738621 0.1646862 0.1579875 0.1526248 0.1162730 0.1539112 0.1348662 0.1085811 0.1335860 0.0962656 0.1140697 0.1484351 0.1396416 0.1444857 0.1972859 0.1311293 0.1166779 0.1358574 0.2654418 0.1348829 0.2610515 0.1322015 0.1616545 0.1239795 0.2373780 0.1436481 0.1565818 0.1215378 0.0408606 0.0930494 0.1623824 0.1082540 0.0520663 0.1484244 0.1418013 0.1437397 0.1387061 0.1475759 0.1289469 0.1591098 0.1610864 0.1292997 0.1204163 0.1435020 0.1213716 0.1228275 0.0548597 0.1402232 0.1122635 0.0426123 0.1368801 0.1242204 0.1396109 0.1287271 0.1092089 0.1402575 0.0307472 0.1441962 0.1331612 0.1332622 0.1131025 0.1252713 0.0894092 0.1332103 0.1104169 0.1825446 0.1222478 0.1392578 0.1689041 0.1135846 
S0641         0.3799620 0.0837602 0.0904748 0.1316054 0.0564502 0.1724508 0.0963507 0.0623703 0.1487414 0.1877623 0.1366701 0.1914899 0.1028617 0.0497727 0.0732163 0.1738262 0.1664999 0.1697559 0.1079475 0.1363684 0.1921707 0.1051641 0.1703381 0.1824934 0.0000000 0.0497930 0.2085984 0.1949915 0.1092854 0.0514737 0.2458048 0.1655637 0.1327794 0.0566152 0.1040697 0.1156774 0.1354991 0.1545207 0.1239918 0.1659441 0.1154879 0.1514932 0.1123661 0.1360337 0.1532512 0.1168144 0.1025185 0.1092463 0.2389699 0.1227362 0.2337130 0.1108428 0.1149445 0.1129185 0.2101315 0.0497967 0.0723912 0.1040882 0.1682832 0.1484928 0.1369612 0.1667376 0.1762740 0.1166595 0.1274196 0.0434432 0.1226085 0.1361487 0.1036925 0.0624301 0.0568015 0.0859484 0.0891256 0.1893078 0.1225708 0.1117449 0.1667284 0.0593060 0.1046653 0.1756145 0.1285866 0.1818359 0.0590281 0.1138186 0.1144053 0.0467562 0.1748457 0.0696973 0.1780230 0.1155949 0.1164047 0.0926028 0.1512873 0.1385432 0.1228036 0.1814829 0.1000623 0.1323757 0.1262695 0.1150363 
S0643         0.2210829 0.0504528 0.0576608 0.1042060 0.0238416 0.1078991 0.0633024 0.0283813 0.0685231 0.1337493 0.1020778 0.1340390 0.0865466 0.0156697 0.0506471 0.0875142 0.0831080 0.1078169 0.0676154 0.0982250 0.1182281 0.0813400 0.1079795 0.1115842 0.0497930 0.0000000 0.1299331 0.1335336 0.0545960 0.0156119 0.1761118 0.0926748 0.1125969 0.0240145 0.0675211 0.0673922 0.0960934 0.0888428 0.0923331 0.1036936 0.0632596 0.1097694 0.0816479 0.0906262 0.0862256 0.0864280 0.0637479 0.0728235 0.1871704 0.0767386 0.1755330 0.0871583 0.0669848 0.1000809 0.1663991 0.0196784 0.0495386 0.0717864 0.0966897 0.1044717 0.1125969 0.0872063 0.1233844 0.1034688 0.1214894 0.0278629 0.1019658 0.0955002 0.0635074 0.0362449 0.0282131 0.0499250 0.0446717 0.1297903 0.0885096 0.0730360 0.1018263 0.0321710 0.0633066 0.0974236 0.0858848 0.1381041 0.0277808 0.1008598 0.0857812 0.0322189 0.1071489 0.0280529 0.1132944 0.0778193 0.0805457 0.0722914 0.1072542 0.0805944 0.0675565 0.0910190 0.0667522 0.1106782 0.0819698 0.0632758 
S0645sl       0.4389432 0.1690371 0.1292286 0.1637113 0.1667845 0.0748538 0.1589532 0.1386884 0.2505960 0.0915385 0.1709124 0.0848477 0.1588744 0.1626784 0.2272211 0.0749120 0.1965329 0.0768282 0.1402436 0.2277925 0.1384830 0.1659793 0.2061782 0.0492826 0.2085984 0.1299331 0.0000000 0.1250306 0.1738701 0.1412388 0.2755386 0.1757554 0.1788382 0.1680387 0.1447215 0.1655636 0.1601341 0.1407458 0.1593384 0.1296731 0.1426746 0.1752056 0.1663371 0.1677792 0.2069647 0.1528980 0.1456874 0.1585913 0.2669151 0.1648382 0.2624318 0.1621527 0.1898675 0.1531414 0.2382666 0.1667462 0.1807269 0.1432753 0.0672855 0.1197362 0.1835624 0.1402973 0.0659519 0.1588017 0.1520643 0.1668452 0.1689426 0.1788328 0.1587422 0.1832051 0.1855821 0.1591807 0.1492941 0.1788971 0.1513593 0.1484550 0.0719222 0.1631671 0.1402992 0.0619836 0.1596778 0.1485357 0.1700770 0.1584755 0.1299171 0.1590649 0.0554385 0.1674071 0.1670454 0.1635402 0.1491470 0.1472697 0.1043402 0.1667001 0.1387150 0.2078681 0.1435557 0.1620149 0.2021121 0.1420245 
S0673         0.4217754 0.1268857 0.1168975 0.1665120 0.1626394 0.1060556 0.1367102 0.1177877 0.2215583 0.1245021 0.1591352 0.1207522 0.1423964 0.1530809 0.2106825 0.1172826 0.1982567 0.0936464 0.1323371 0.1943576 0.1333050 0.1663800 0.1901955 0.1052497 0.1949915 0.1335336 0.1250306 0.0000000 0.1431239 0.1397845 0.2890208 0.1759172 0.1802374 0.1569888 0.1328960 0.1740151 0.1522150 0.1041465 0.1601935 0.0556911 0.1179539 0.1772012 0.1703826 0.1755706 0.2015443 0.1437212 0.1373628 0.1535137 0.2799861 0.1530026 0.2753920 0.1368293 0.1699154 0.1246188 0.2607968 0.1571304 0.1586814 0.1263236 0.1016296 0.0501340 0.1850226 0.1038269 0.1169835 0.1526387 0.1674947 0.1614670 0.1704348 0.1589262 0.1365394 0.1735435 0.1758077 0.1419735 0.1290578 0.1278753 0.1334231 0.1302292 0.1130686 0.1496364 0.1285171 0.1128492 0.1671891 0.0535042 0.1649276 0.1372544 0.1415602 0.1441775 0.1124387 0.1536113 0.1451784 0.1422180 0.1406931 0.1387062 0.0630361 0.1549738 0.1216158 0.1798127 0.1318109 0.1710294 0.1760446 0.1174319 
S0689         0.3095490 0.0670639 0.0553966 0.1123309 0.0944694 0.1252777 0.0937049 0.0679900 0.1235779 0.1518862 0.1258161 0.1614245 0.0977423 0.0935933 0.1286975 0.1336385 0.0946803 0.1085278 0.0769709 0.1181804 0.1397768 0.0967360 0.0841986 0.1425439 0.1092854 0.0545960 0.1738701 0.1431239 0.0000000 0.0685468 0.1942172 0.0803729 0.1371181 0.0946330 0.0768914 0.1071556 0.1021468 0.1127187 0.1091746 0.1225335 0.0808096 0.1262303 0.1038366 0.1154743 0.1302025 0.1011684 0.0902739 0.0973140 0.1962639 0.0908014 0.1836042 0.0794677 0.1017220 0.0924932 0.1636589 0.0936467 0.0874095 0.0872208 0.1251038 0.1184645 0.1413678 0.1321198 0.1359240 0.1252572 0.1157371 0.0937182 0.1164340 0.1151885 0.0867248 0.1077593 0.1020646 0.0732291 0.0632895 0.1572850 0.1085041 0.0878185 0.1278876 0.0833886 0.0738190 0.1247130 0.1082414 0.1437911 0.1037862 0.0966764 0.0833200 0.0942187 0.1394512 0.0830058 0.1588092 0.0344159 0.0897572 0.0874067 0.1333386 0.0884813 0.0801351 0.1454572 0.0761979 0.1015752 0.0946593 0.0842634 
S0690         0.2674216 0.0522039 0.0625759 0.0996452 0.0103688 0.1162376 0.0717259 0.0155282 0.0956264 0.1351452 0.1029397 0.1398213 0.0839834 0.0068685 0.0437171 0.1025585 0.1224162 0.1064788 0.0754612 0.1318949 0.1330137 0.0760604 0.1123822 0.1194618 0.0514737 0.0156119 0.1412388 0.1397845 0.0685468 0.0000000 0.1909580 0.1122515 0.1214740 0.0283993 0.0753662 0.0720352 0.0947738 0.1051917 0.0981016 0.1085392 0.0677740 0.1227889 0.0806329 0.1008095 0.1027851 0.0840366 0.0604564 0.0684937 0.1996976 0.0924169 0.1839778 0.0888532 0.0628302 0.0959232 0.1516579 0.0068556 0.0552802 0.0759111 0.1104048 0.0997099 0.1214740 0.1136701 0.1301263 0.1036498 0.1100444 0.0245246 0.1017075 0.1049335 0.0676205 0.0245681 0.0247952 0.0477325 0.0431763 0.1317079 0.0902890 0.0807158 0.1157190 0.0433971 0.0716063 0.1112565 0.0965064 0.1391340 0.0173390 0.0965819 0.0881658 0.0319907 0.1155176 0.0396514 0.1275624 0.0806230 0.0911836 0.0714265 0.1072497 0.0841203 0.0716128 0.1106636 0.0626833 0.1097540 0.1019295 0.0676179 
S0735         0.3346821 0.2064133 0.2110043 0.2374411 0.2199248 0.2526475 0.2405340 0.1972002 0.3023858 0.2708766 0.2214709 0.2771217 0.2266462 0.2067885 0.2106740 0.2658856 0.2787414 0.2179334 0.2141985 0.2855577 0.2835563 0.2080554 0.2268856 0.2738621 0.2458048 0.1761118 0.2755386 0.2890208 0.1942172 0.1909580 0.0000000 0.2383099 0.2603692 0.2009014 0.2139017 0.2502275 0.2490249 0.2389855 0.2482116 0.2568515 0.1873067 0.2445791 0.2217291 0.2541658 0.2479811 0.2166364 0.2380138 0.2471351 0.0167125 0.2330658 0.0082788 0.2313601 0.2250331 0.2152204 0.0142356 0.2133338 0.2128897 0.1987466 0.2765395 0.2524549 0.2662125 0.2583341 0.2467507 0.2244465 0.2100756 0.2141796 0.2169515 0.2326343 0.2308281 0.2269962 0.2167970 0.1875693 0.2013132 0.2805445 0.2381365 0.2343094 0.2644984 0.1971473 0.2103284 0.2658898 0.2445069 0.2936735 0.2173452 0.2256594 0.2029548 0.2192825 0.2744740 0.2077604 0.2566189 0.2167909 0.2058509 0.2049813 0.2543717 0.2245129 0.2013444 0.2639474 0.1956928 0.2161318 0.2736873 0.2016328 
S0742         0.3703367 0.1256873 0.0814126 0.1363195 0.1355519 0.1510299 0.1358554 0.1061078 0.1618795 0.1746730 0.1528337 0.1807567 0.1317686 0.1342330 0.1597857 0.1598711 0.0739934 0.1377875 0.1013384 0.1672008 0.1594660 0.1392711 0.0962409 0.1646862 0.1655637 0.0926748 0.1757554 0.1759172 0.0803729 0.1122515 0.2383099 0.0000000 0.1781578 0.1395750 0.1012269 0.1307351 0.1430404 0.1410519 0.1264452 0.1351964 0.1247094 0.1603118 0.1430361 0.1514802 0.1532799 0.1225506 0.1279072 0.1308349 0.2470447 0.1124165 0.2332864 0.1198231 0.1474318 0.1117130 0.2227755 0.1343201 0.1395328 0.1234058 0.1554337 0.1458775 0.1828776 0.1505925 0.1628976 0.1521093 0.1450004 0.1344100 0.1389185 0.1462495 0.1356871 0.1497415 0.1440734 0.1236329 0.0977246 0.1804784 0.1405790 0.1259600 0.1496172 0.1162740 0.0980701 0.1503233 0.1436169 0.1773208 0.1452297 0.1237566 0.1196521 0.1389257 0.1616006 0.1236225 0.1862823 0.0826579 0.1274557 0.1168294 0.1569139 0.1326114 0.1283941 0.1957573 0.1146988 0.1395583 0.1403302 0.1279789 
S0748         0.3734831 0.1170216 0.1095561 0.1352720 0.1372005 0.1441617 0.1153000 0.1265579 0.1746933 0.1678808 0.0836734 0.1663363 0.1357410 0.1320947 0.1685218 0.1476495 0.1764375 0.1445159 0.1163462 0.1553289 0.1900026 0.1367003 0.1613961 0.1579875 0.1327794 0.1125969 0.1788382 0.1802374 0.1371181 0.1214740 0.2603692 0.1781578 0.0000000 0.1336434 0.1125440 0.1379941 0.1348036 0.1561831 0.1006395 0.1440710 0.1100318 0.0934344 0.1369882 0.1329608 0.1740569 0.0868655 0.1129707 0.1241918 0.2481412 0.1276161 0.2476906 0.1239336 0.1445100 0.1183286 0.2233744 0.1321808 0.1409642 0.1198228 0.1360323 0.1451132 0.0027409 0.1516769 0.1442293 0.0981507 0.0041167 0.1289094 0.1011997 0.1549591 0.1230857 0.1437848 0.1383543 0.1120296 0.1157272 0.1855858 0.1187633 0.1244345 0.1354244 0.1249567 0.1084638 0.1479074 0.1255234 0.1861422 0.1354646 0.1230460 0.1226529 0.1214802 0.1581405 0.1250005 0.1750912 0.1313390 0.1229697 0.1209068 0.1491515 0.1338533 0.1136280 0.1897727 0.1076932 0.1502156 0.1436720 0.1032151 
S0756         0.3505078 0.0700884 0.0632733 0.1165085 0.0344902 0.1428511 0.1001778 0.0234488 0.1315727 0.1699513 0.1318640 0.1548866 0.1070731 0.0283382 0.0442633 0.1514829 0.1238055 0.1390389 0.0893694 0.1274900 0.1559658 0.0870116 0.1362149 0.1526248 0.0566152 0.0240145 0.1680387 0.1569888 0.0946330 0.0283993 0.2009014 0.1395750 0.1336434 0.0000000 0.0892751 0.0867261 0.1165026 0.1382743 0.1051811 0.1241748 0.0902049 0.1355109 0.0871734 0.1180362 0.1169873 0.0974143 0.0739158 0.0838919 0.2028858 0.1034059 0.1902006 0.1003183 0.0826234 0.1094816 0.1721981 0.0283506 0.0564003 0.0998872 0.1431218 0.1273697 0.1378589 0.1452841 0.1539718 0.1016064 0.1277525 0.0283761 0.1075056 0.1358882 0.1000707 0.0342770 0.0314498 0.0660050 0.0652311 0.1798729 0.1155737 0.1080249 0.1377194 0.0529915 0.0862040 0.1459564 0.1108281 0.1575331 0.0371323 0.1139822 0.1109176 0.0224631 0.1527647 0.0407317 0.1611260 0.1010756 0.1058900 0.0961317 0.1219958 0.1042179 0.0971292 0.1344260 0.0852250 0.1287815 0.1035106 0.0933221 
S0765         0.3117078 0.0762966 0.0073722 0.0824241 0.0853152 0.1037227 0.0724831 0.0757240 0.1382007 0.1175589 0.0934552 0.1222091 0.0824232 0.0883174 0.1136631 0.1077112 0.1036367 0.0960695 0.0055120 0.1061264 0.1434486 0.0640178 0.1089793 0.1162730 0.1040697 0.0675211 0.1447215 0.1328960 0.0768914 0.0753662 0.2139017 0.1012269 0.1125440 0.0892751 0.0000000 0.0801747 0.0605420 0.1154027 0.0758927 0.1042686 0.0594616 0.0946604 0.0706219 0.0628127 0.1160256 0.0695313 0.0609395 0.0707054 0.2075728 0.0167939 0.1991477 0.0787091 0.1032272 0.0683070 0.1881892 0.0883661 0.0926794 0.0656391 0.0994306 0.1046719 0.1164768 0.1145054 0.1147785 0.0936059 0.1144304 0.0884333 0.0859650 0.0994802 0.0693699 0.1020595 0.0964665 0.0819033 0.0618543 0.1588510 0.0925659 0.0698500 0.0993368 0.0755447 0.0055088 0.1032845 0.0564270 0.1301841 0.0982259 0.0786881 0.0718687 0.0789862 0.1062987 0.0787667 0.1409113 0.0729710 0.0749605 0.0724196 0.1045760 0.0661620 0.0626270 0.1377814 0.0490542 0.0926772 0.0932209 0.0659024 
S0771         0.3361441 0.0986244 0.0603454 0.1002849 0.0827526 0.1481500 0.1162751 0.0755826 0.1320820 0.1716491 0.1257708 0.1784039 0.0987222 0.0857745 0.1156459 0.1493159 0.1411863 0.1445616 0.0802588 0.1259883 0.1651666 0.0566345 0.1427187 0.1539112 0.1156774 0.0673922 0.1655636 0.1740151 0.1071556 0.0720352 0.2502275 0.1307351 0.1379941 0.0867261 0.0801747 0.0000000 0.0998295 0.1488186 0.1101547 0.1454126 0.0807016 0.1340094 0.0504937 0.0975990 0.1409049 0.1204834 0.0442650 0.0471294 0.2519010 0.0941719 0.2378532 0.1018243 0.1051230 0.1079762 0.2185135 0.0858217 0.0975051 0.0941266 0.1408355 0.1385330 0.1422746 0.1518492 0.1684372 0.1174440 0.1389264 0.0858881 0.1164319 0.1388811 0.1127287 0.0995654 0.0865318 0.0939027 0.0830231 0.1778495 0.1250137 0.1132764 0.1384818 0.0833310 0.0802110 0.1399843 0.0906277 0.1749783 0.0957265 0.1125317 0.0910303 0.0831223 0.1431559 0.0866932 0.1761392 0.1064875 0.0943188 0.0911202 0.1401964 0.0811366 0.0840666 0.1481861 0.0763041 0.1093218 0.1089053 0.0871974 
S0795         0.3508143 0.1095540 0.0396600 0.1046121 0.1118302 0.1325892 0.1127071 0.0974462 0.1567978 0.1594414 0.1222862 0.1657185 0.1086414 0.1079256 0.1601326 0.1435840 0.1484339 0.1248119 0.0570877 0.1374774 0.1761458 0.1074326 0.1348272 0.1348662 0.1354991 0.0960934 0.1601341 0.1522150 0.1021468 0.0947738 0.2490249 0.1430404 0.1348036 0.1165026 0.0605420 0.0998295 0.0000000 0.1365192 0.1362035 0.1373482 0.0883874 0.1269059 0.1076450 0.0946224 0.1635283 0.1174678 0.0900864 0.1006776 0.2507019 0.0739466 0.2367280 0.1158287 0.1317752 0.0938670 0.2383856 0.1117964 0.1128189 0.1092823 0.1250770 0.1312674 0.1390731 0.1395432 0.1451845 0.1297709 0.1392112 0.1153448 0.1285979 0.1266580 0.1125789 0.1265050 0.1125918 0.1051442 0.1013151 0.1837099 0.1245707 0.1101374 0.1275951 0.0978481 0.0605666 0.1319851 0.0876573 0.1577373 0.1186167 0.1053116 0.0972854 0.1089402 0.1425048 0.0974779 0.1711797 0.0986946 0.1074223 0.1049638 0.1246409 0.0960849 0.0954089 0.1738197 0.0764803 0.1224129 0.1205466 0.0950595 
S0827         0.3588605 0.1292290 0.0978800 0.1506981 0.1379551 0.0949966 0.1186151 0.0973370 0.1919280 0.1134014 0.1392718 0.1378833 0.1152651 0.1256972 0.1767312 0.1059115 0.1627386 0.0894582 0.1149239 0.1752313 0.1192020 0.1293380 0.1556958 0.1085811 0.1545207 0.0888428 0.1407458 0.1041465 0.1127187 0.1051917 0.2389855 0.1410519 0.1561831 0.1382743 0.1154027 0.1488186 0.1365192 0.0000000 0.1299349 0.0918231 0.0976238 0.1611450 0.1330778 0.1589186 0.1708887 0.1260489 0.1145399 0.1208581 0.2271691 0.1274802 0.2270134 0.1231629 0.1507455 0.1065200 0.2049661 0.1328996 0.1415359 0.0998269 0.0901356 0.0855561 0.1607156 0.0257900 0.1132590 0.1514848 0.1357249 0.1334470 0.1278404 0.1423255 0.1229058 0.1485081 0.1388058 0.1310082 0.1078934 0.0809665 0.1184135 0.1204652 0.1019792 0.1295030 0.1112014 0.1057835 0.1508060 0.1044140 0.1403698 0.1147863 0.1081048 0.1259258 0.1054018 0.1292466 0.0529649 0.1199600 0.1223665 0.1010569 0.0916714 0.1407434 0.1048781 0.1651447 0.1177877 0.1355776 0.1552303 0.1002978 
S0888         0.3422883 0.1054748 0.0855345 0.1297899 0.1009160 0.1173065 0.1036342 0.1007678 0.1686831 0.1388618 0.1035662 0.1290684 0.1153222 0.1040155 0.1215099 0.1241711 0.1407160 0.1126864 0.0793035 0.1531994 0.1579662 0.1103528 0.1281727 0.1335860 0.1239918 0.0923331 0.1593384 0.1601935 0.1091746 0.0981016 0.2482116 0.1264452 0.1006395 0.1051811 0.0758927 0.1101547 0.1362035 0.1299349 0.0000000 0.1165250 0.0903827 0.0944147 0.1105704 0.1186164 0.1533650 0.0624527 0.0961374 0.1107016 0.2365866 0.0930365 0.2361608 0.1039917 0.1310979 0.1032344 0.2171388 0.1040768 0.1087725 0.1007088 0.1092735 0.1160177 0.1044084 0.1329024 0.1395586 0.0761201 0.1033713 0.1041534 0.0375365 0.1328961 0.1111316 0.1184747 0.1128013 0.0970501 0.0860545 0.1796103 0.1106536 0.1090671 0.1094133 0.0940980 0.0723153 0.1240262 0.1113717 0.1574729 0.1143808 0.1076654 0.1063299 0.0940256 0.1304496 0.0940414 0.1522805 0.1006237 0.1032895 0.1047153 0.1229262 0.1086467 0.0937880 0.1397835 0.0918604 0.1291639 0.1382095 0.0901927 
