81
PAFTOL_019361 0.0000000 0.1100281 0.1423445 0.1223904 0.1195855 0.1092842 0.1010801 0.1397871 0.1471757 0.1187294 0.1106539 0.1268889 0.1084651 0.1234901 0.1416444 0.1111747 0.1397333 0.1143350 0.1281659 0.1092360 0.1107386 0.1443712 0.1230829 0.1183971 0.0841990 0.1031264 0.1449044 0.1114568 0.1281373 0.1213068 0.1329497 0.1151626 0.1232027 0.1155978 0.1213500 0.1392183 0.1235039 0.1408794 0.1213500 0.0982928 0.1253135 0.1463524 0.1211082 0.1341540 0.1471757 0.1150692 0.0928843 0.1126800 0.0844820 0.0996119 0.1112594 0.1311840 0.1355433 0.1152591 0.1275501 0.1345866 0.1169681 0.1075515 0.1397804 0.1390888 0.1284031 0.1122279 0.1328610 0.1215036 0.1128738 0.1039896 0.1458007 0.1038591 0.1206820 0.1054403 0.0914445 0.1109247 0.1224671 0.1283061 0.1038633 0.1274006 0.2021853 0.1085621 0.1239213 0.1092721 0.1246084 
S0055         0.1100281 0.0000000 0.0730132 0.0353642 0.0592804 0.0302418 0.0232391 0.0493208 0.0723146 0.0648884 0.0265665 0.0396508 0.0571560 0.0361767 0.0499681 0.0444407 0.0493545 0.0491586 0.0553937 0.0262143 0.0604583 0.0770870 0.0872797 0.0364774 0.0240369 0.0507081 0.0772973 0.0535789 0.0518768 0.0521406 0.0646305 0.0969545 0.0638141 0.0808640 0.0861414 0.0755146 0.0307438 0.0712236 0.0861414 0.0169543 0.0262496 0.0542985 0.0500723 0.0603987 0.0723146 0.0402902 0.0213191 0.0545653 0.0043246 0.0259888 0.0000023 0.0592305 0.0447359 0.0490652 0.0704839 0.0448229 0.0126262 0.0588901 0.0493173 0.0697611 0.0555281 0.0262742 0.0547346 0.0647862 0.0539755 0.0213440 0.0541227 0.0213201 0.0450116 0.0258918 0.0127650 0.0606387 0.0689693 0.0507238 0.0425340 0.0597188 0.1161154 0.0496737 0.0539406 0.0505282 0.0587719 
S0288         0.1423445 0.0730132 0.0000000 0.0844416 0.0997866 0.0726020 0.0671506 0.1010239 0.0000023 0.1066811 0.0734257 0.0890651 0.0863346 0.0852036 0.0953682 0.0964419 0.0895544 0.0615795 0.0847388 0.0608760 0.1019686 0.0000020 0.1157547 0.0922951 0.0399343 0.0906394 0.0561640 0.0089354 0.0875136 0.0871457 0.0946142 0.1274294 0.0945017 0.1147312 0.1207269 0.1190461 0.0990001 0.1148961 0.1207269 0.0673179 0.0914082 0.1005068 0.0785133 0.0903633 0.0000023 0.0780227 0.0677947 0.0945617 0.0469862 0.0681695 0.0738197 0.0996828 0.0913393 0.0888173 0.1056437 0.0826118 0.0791755 0.0989920 0.0945152 0.1003992 0.0849331 0.0798949 0.0835651 0.1132403 0.0933316 0.0620847 0.1067747 0.0726203 0.0833818 0.0732277 0.0561755 0.1022996 0.1107080 0.0963109 0.0705488 0.0980466 0.1239600 0.0888456 0.1043207 0.0905870 0.0987643 
S0289         0.1223904 0.0353642 0.0844416 0.0000000 0.0450790 0.0598910 0.0492368 0.0127002 0.0836172 0.0651863 0.0456226 0.0213277 0.0467745 0.0503374 0.0128642 0.0706498 0.0127129 0.0339056 0.0507240 0.0449873 0.0607344 0.0892575 0.0877172 0.0666295 0.0292072 0.0410932 0.0835533 0.0592665 0.0416867 0.0419030 0.0649257 0.0974480 0.0529809 0.0812569 0.0865663 0.0707033 0.0609810 0.0562955 0.0865663 0.0451642 0.0512723 0.0170849 0.0454706 0.0556998 0.0836172 0.0310409 0.0499857 0.0548062 0.0319046 0.0360352 0.0357176 0.0450434 0.0765062 0.0398604 0.0557239 0.0171528 0.0357890 0.0591510 0.0126991 0.0700851 0.0502995 0.0561184 0.0549769 0.0503266 0.0445695 0.0500528 0.0170329 0.0499934 0.0356714 0.0552496 0.0306532 0.0609164 0.0692857 0.0460629 0.0423618 0.0700224 0.1164230 0.0498892 0.0445406 0.0608364 0.0540936 
S0292         0.1195855 0.0592804 0.0997866 0.0450790 0.0000000 0.0740071 0.0489708 0.0594636 0.0988128 0.0307065 0.0595937 0.0638933 0.0318674 0.0702494 0.0602492 0.0904781 0.0497669 0.0436312 0.0698275 0.0634100 0.0264005 0.1054874 0.0810399 0.0765241 0.0189040 0.0451659 0.0936455 0.0737556 0.0370410 0.0321354 0.0494057 0.0697296 0.0374588 0.0748472 0.0800049 0.0309229 0.0766532 0.0128063 0.0800049 0.0589816 0.0703865 0.0596923 0.0642570 0.0749579 0.0988128 0.0399464 0.0638952 0.0261417 0.0458090 0.0498041 0.0598910 0.0083294 0.0806662 0.0591378 0.0084499 0.0649062 0.0540583 0.0257655 0.0497293 0.0542936 0.0699872 0.0652694 0.0399384 0.0084421 0.0041614 0.0639840 0.0544642 0.0639083 0.0446206 0.0693667 0.0440078 0.0264773 0.0258443 0.0699177 0.0274747 0.0352646 0.0975488 0.0171111 0.0126181 0.0597017 0.0257671 
S0293         0.1092842 0.0302418 0.0726020 0.0598910 0.0740071 0.0000000 0.0279414 0.0747975 0.0772058 0.0752880 0.0404648 0.0642601 0.0777510 0.0505129 0.0757863 0.0396008 0.0748290 0.0488920 0.0600753 0.0444434 0.0754959 0.0822950 0.0863050 0.0609156 0.0390971 0.0653464 0.0932380 0.0585221 0.0842075 0.0784466 0.0795852 0.1017869 0.0742999 0.0856493 0.0909425 0.0909087 0.0503875 0.0867351 0.0909425 0.0125974 0.0357075 0.0802166 0.0546872 0.0651075 0.0772058 0.0543992 0.0168955 0.0692104 0.0175570 0.0258948 0.0305370 0.0739408 0.0590109 0.0643336 0.0858127 0.0701002 0.0350404 0.0734952 0.0747929 0.0848808 0.0602180 0.0216828 0.0694073 0.0856370 0.0684258 0.0169148 0.0799448 0.0168960 0.0592418 0.0259510 0.0259158 0.0757227 0.0793212 0.0703778 0.0627406 0.0801759 0.1264756 0.0641430 0.0783413 0.0652764 0.0733433 
S0294         0.1010801 0.0232391 0.0671506 0.0492368 0.0489708 0.0279414 0.0000000 0.0654241 0.0668593 0.0602050 0.0339748 0.0542628 0.0513764 0.0447030 0.0663709 0.0381643 0.0599315 0.0585533 0.0660417 0.0331530 0.0553903 0.0715890 0.0897505 0.0448109 0.0259560 0.0596586 0.0780160 0.0581510 0.0576388 0.0518644 0.0542836 0.0942268 0.0579488 0.0827218 0.0884747 0.0606116 0.0442526 0.0613725 0.0884747 0.0136850 0.0386815 0.0711865 0.0600257 0.0716258 0.0668593 0.0543312 0.0136850 0.0489281 0.0141972 0.0280949 0.0233640 0.0489281 0.0435248 0.0596239 0.0545545 0.0603626 0.0283041 0.0538432 0.0599797 0.0596959 0.0662098 0.0186817 0.0438326 0.0605799 0.0434330 0.0183869 0.0657501 0.0183646 0.0596162 0.0136850 0.0185859 0.0555699 0.0593072 0.0661364 0.0410037 0.0536895 0.1153245 0.0438984 0.0536991 0.0498771 0.0538053 
S0299         0.1397871 0.0493208 0.1010239 0.0127002 0.0594636 0.0747975 0.0654241 0.0000000 0.1000224 0.0803435 0.0602017 0.0345926 0.0617057 0.0710031 0.0171946 0.0915152 0.0257760 0.0492108 0.0707946 0.0593379 0.0758785 0.1009051 0.1039266 0.0821596 0.0445157 0.0556104 0.0999544 0.0753141 0.0564023 0.0466894 0.0743847 0.1137606 0.0684872 0.0970529 0.1025272 0.0914290 0.0761982 0.0714657 0.1025272 0.0595755 0.0662469 0.0303159 0.0651217 0.0760157 0.1000224 0.0449919 0.0645509 0.0695373 0.0462582 0.0502926 0.0498207 0.0594133 0.0922389 0.0444132 0.0707200 0.0214938 0.0499308 0.0738516 0.0169730 0.0796298 0.0709584 0.0712168 0.0642980 0.0649943 0.0587736 0.0646418 0.0302226 0.0645644 0.0497640 0.0700993 0.0444201 0.0761081 0.0843566 0.0659889 0.0573386 0.0852753 0.1336823 0.0644314 0.0587355 0.0760224 0.0736978 
S0303         0.1471757 0.0723146 0.0000023 0.0836172 0.0988128 0.0772058 0.0668593 0.1000224 0.0000000 0.1056211 0.0727193 0.0882005 0.0854785 0.0843646 0.0944303 0.1011625 0.0886801 0.0609597 0.0839079 0.0653812 0.1009513 0.0000023 0.1145635 0.0913666 0.0395430 0.0897447 0.0556462 0.0088570 0.0923737 0.0862735 0.0936929 0.1261133 0.0935310 0.1135630 0.1194915 0.1178467 0.0979865 0.1137201 0.1194915 0.0719131 0.0974859 0.1060996 0.0777569 0.0894722 0.0000010 0.0772773 0.0724171 0.0936390 0.0468026 0.0728255 0.0731057 0.0987103 0.0904303 0.0934556 0.1046042 0.0818238 0.0784046 0.0980343 0.1000168 0.0994145 0.0840992 0.0846203 0.0827603 0.1121005 0.0924345 0.0666671 0.1057103 0.0772265 0.0825811 0.0783667 0.0556580 0.1012753 0.1096203 0.0953529 0.0698526 0.1032856 0.1286412 0.0879868 0.1033088 0.0896925 0.0978112 
S0335         0.1187294 0.0648884 0.1066811 0.0651863 0.0307065 0.0752880 0.0602050 0.0803435 0.1056211 0.0000000 0.0652364 0.0695828 0.0370168 0.0761943 0.0550055 0.0968440 0.0599136 0.0652184 0.0701685 0.0690423 0.0312931 0.1068598 0.0983581 0.0874952 0.0240355 0.0652942 0.1056792 0.0864060 0.0525446 0.0373332 0.0547679 0.0862695 0.0372563 0.0916435 0.0970486 0.0454027 0.0713081 0.0456651 0.0970486 0.0645502 0.0835648 0.0703451 0.0645635 0.0753293 0.1056211 0.0595404 0.0695745 0.0309825 0.0512187 0.0653251 0.0655674 0.0399896 0.0868617 0.0695015 0.0406334 0.0755891 0.0705877 0.0305261 0.0803388 0.0597740 0.0703297 0.0711016 0.0450877 0.0405773 0.0259790 0.0696740 0.0648791 0.0695904 0.0644613 0.0752174 0.0491740 0.0313850 0.0214062 0.0702596 0.0325850 0.0498402 0.1044993 0.0217214 0.0350122 0.0540266 0.0396998 
S0412sl       0.1106539 0.0265665 0.0734257 0.0456226 0.0595937 0.0404648 0.0339748 0.0602017 0.0727193 0.0652364 0.0000000 0.0500120 0.0626079 0.0171159 0.0607234 0.0555602 0.0602369 0.0494394 0.0451720 0.0308061 0.0607841 0.0775464 0.0877660 0.0305937 0.0241724 0.0609566 0.0777305 0.0538819 0.0686983 0.0631645 0.0649754 0.0974920 0.0695187 0.0813068 0.0866149 0.0703201 0.0517263 0.0716148 0.0866149 0.0264492 0.0468240 0.0654503 0.0401099 0.0500026 0.0727193 0.0500757 0.0310472 0.0548535 0.0043156 0.0360733 0.0268329 0.0595433 0.0559532 0.0551399 0.0708669 0.0555466 0.0314371 0.0591990 0.0601976 0.0701354 0.0452844 0.0364853 0.0550243 0.0707362 0.0542572 0.0310860 0.0652306 0.0310498 0.0549232 0.0359330 0.0128289 0.0548886 0.0693354 0.0452346 0.0477938 0.0700726 0.1284034 0.0499345 0.0639715 0.0507984 0.0590796 
S0417         0.1268889 0.0396508 0.0890651 0.0213277 0.0638933 0.0642601 0.0542628 0.0345926 0.0882005 0.0695828 0.0500120 0.0000000 0.0614220 0.0603887 0.0350387 0.0803587 0.0346206 0.0595182 0.0702964 0.0493149 0.0651643 0.0941220 0.1033744 0.0711192 0.0339530 0.0653470 0.0881638 0.0692996 0.0561488 0.0564269 0.0693006 0.1131441 0.0681566 0.0965553 0.1019920 0.0802941 0.0604206 0.0760469 0.1019920 0.0495083 0.0605118 0.0301983 0.0646768 0.0705889 0.0882005 0.0543845 0.0543364 0.0591651 0.0363385 0.0500756 0.0400459 0.0638387 0.0706165 0.0535643 0.0752533 0.0302607 0.0446828 0.0634672 0.0345900 0.0642812 0.0704581 0.0605731 0.0593435 0.0694690 0.0585178 0.0544098 0.0391411 0.0543456 0.0592331 0.0596397 0.0349189 0.0653586 0.0736243 0.0655312 0.0468977 0.0744060 0.1212830 0.0542336 0.0584800 0.0652768 0.0633390 
S0552sl       0.1084651 0.0571560 0.0863346 0.0467745 0.0318674 0.0777510 0.0513764 0.0617057 0.0854785 0.0370168 0.0626079 0.0614220 0.0000000 0.0738645 0.0521911 0.0896064 0.0416653 0.0510297 0.0673833 0.0610785 0.0423766 0.0853833 0.0796033 0.0745412 0.0296565 0.0523954 0.0864131 0.0717409 0.0225739 0.0088358 0.0620074 0.0784685 0.0323418 0.0731755 0.0785443 0.0573785 0.0697342 0.0421973 0.0785443 0.0619308 0.0864177 0.0619517 0.0616731 0.0726631 0.0854785 0.0467654 0.0619308 0.0419380 0.0479090 0.0523036 0.0577707 0.0366214 0.0903334 0.0723609 0.0368434 0.0673746 0.0681032 0.0412778 0.0617015 0.0672827 0.0675443 0.0686191 0.0518280 0.0421422 0.0269515 0.0619308 0.0565103 0.0671159 0.0517229 0.0676111 0.0461556 0.0375705 0.0414204 0.0674741 0.0226015 0.0512560 0.0912017 0.0319935 0.0316145 0.0736537 0.0510370 
S0558         0.1234901 0.0361767 0.0852036 0.0503374 0.0702494 0.0505129 0.0447030 0.0710031 0.0843646 0.0761943 0.0171159 0.0603887 0.0738645 0.0000000 0.0719607 0.0607945 0.0710366 0.0607154 0.0501741 0.0404424 0.0716836 0.0901077 0.0997474 0.0401498 0.0346239 0.0718856 0.0895299 0.0651839 0.0803387 0.0745358 0.0758689 0.1096591 0.0813206 0.0929101 0.0983992 0.0814410 0.0625231 0.0830092 0.0983992 0.0360082 0.0574635 0.0764687 0.0449907 0.0550849 0.0843646 0.0604505 0.0407611 0.0653890 0.0132124 0.0460659 0.0365477 0.0601287 0.0667268 0.0657310 0.0821152 0.0662395 0.0412986 0.0697611 0.0709986 0.0812194 0.0446280 0.0466022 0.0655829 0.0819485 0.0646441 0.0408144 0.0762058 0.0407660 0.0654547 0.0458828 0.0218194 0.0654077 0.0802757 0.0502428 0.0586505 0.0811537 0.1299310 0.0602815 0.0746671 0.0613572 0.0642467 
S0624         0.1416444 0.0499681 0.0953682 0.0128642 0.0602492 0.0757863 0.0663709 0.0171946 0.0944303 0.0550055 0.0607234 0.0350387 0.0521911 0.0719607 0.0000000 0.0862289 0.0171799 0.0496392 0.0612901 0.0601201 0.0768957 0.0949556 0.1053246 0.0832734 0.0446539 0.0563602 0.0956236 0.0755135 0.0571708 0.0472246 0.0753636 0.1152650 0.0576790 0.0983450 0.1038890 0.0926427 0.0710639 0.0724359 0.1038890 0.0603640 0.0612084 0.0216873 0.0557683 0.0664417 0.0944303 0.0455884 0.0654046 0.0704571 0.0466374 0.0509661 0.0502180 0.0601975 0.0868992 0.0353763 0.0716704 0.0171307 0.0505942 0.0697241 0.0171931 0.0806778 0.0614381 0.0721793 0.0651459 0.0658594 0.0595418 0.0654980 0.0171109 0.0654187 0.0504231 0.0710330 0.0450018 0.0771311 0.0751120 0.0565103 0.0581323 0.0864013 0.1096400 0.0652824 0.0595027 0.0708973 0.0746580 
S0641         0.1111747 0.0444407 0.0964419 0.0706498 0.0904781 0.0396008 0.0381643 0.0915152 0.1011625 0.0968440 0.0555602 0.0803587 0.0896064 0.0607945 0.0862289 0.0000000 0.0915365 0.0703043 0.0761812 0.0549310 0.0817019 0.1081581 0.0988480 0.0668185 0.0494782 0.0925965 0.1114623 0.0746706 0.0964886 0.0904271 0.0963911 0.1086543 0.0902852 0.0920996 0.0975269 0.1083855 0.0495412 0.1043185 0.0975269 0.0259013 0.0494553 0.0972433 0.0703960 0.0814621 0.1011625 0.0803983 0.0214703 0.0855301 0.0269371 0.0399598 0.0397082 0.0903904 0.0536055 0.0740326 0.0973551 0.0866738 0.0495880 0.0843321 0.0915100 0.1019529 0.0813252 0.0264651 0.0857511 0.1029218 0.0844949 0.0304346 0.0899396 0.0303999 0.0855688 0.0307922 0.0399883 0.0926340 0.1007613 0.0762791 0.0741784 0.0809119 0.1439831 0.0801839 0.0948345 0.0816623 0.0690660 
S0645sl       0.1397333 0.0493545 0.0895544 0.0127129 0.0497669 0.0748290 0.0599315 0.0257760 0.0886801 0.0599136 0.0602369 0.0346206 0.0416653 0.0710366 0.0171799 0.0915365 0.0000000 0.0489833 0.0605116 0.0593726 0.0656509 0.0946687 0.0929476 0.0821882 0.0393633 0.0556458 0.0999681 0.0753478 0.0464860 0.0368676 0.0698155 0.1027026 0.0580216 0.0863619 0.0917191 0.0809088 0.0659204 0.0612228 0.0917191 0.0596104 0.0662818 0.0258687 0.0550689 0.0655943 0.0886801 0.0450249 0.0645852 0.0595952 0.0462924 0.0503272 0.0498549 0.0497267 0.0922597 0.0539435 0.0605971 0.0304628 0.0499650 0.0639275 0.0257739 0.0750290 0.0606564 0.0712503 0.0597757 0.0551008 0.0492002 0.0646762 0.0302483 0.0645988 0.0497981 0.0701327 0.0444525 0.0658482 0.0741710 0.0557914 0.0472446 0.0749650 0.1219586 0.0546230 0.0491683 0.0760540 0.0637973 
S0656sl       0.1143350 0.0491586 0.0615795 0.0339056 0.0436312 0.0488920 0.0585533 0.0492108 0.0609597 0.0652184 0.0494394 0.0595182 0.0510297 0.0607154 0.0496392 0.0703043 0.0489833 0.0000000 0.0440997 0.0482110 0.0604287 0.0641639 0.0661467 0.0667906 0.0313786 0.0187275 0.0843360 0.0459146 0.0572353 0.0515106 0.0760215 0.0824437 0.0519908 0.0656337 0.0711464 0.0767240 0.0555094 0.0608036 0.0711464 0.0488999 0.0613362 0.0546845 0.0386264 0.0493392 0.0609597 0.0091335 0.0488999 0.0540664 0.0345856 0.0390225 0.0494248 0.0540589 0.0652733 0.0434967 0.0490825 0.0549321 0.0498263 0.0535043 0.0492071 0.0817319 0.0442193 0.0609167 0.0650524 0.0549448 0.0431016 0.0542172 0.0489129 0.0541478 0.0137786 0.0545473 0.0331219 0.0498931 0.0696232 0.0548025 0.0462491 0.0641475 0.1128696 0.0487902 0.0532760 0.0550428 0.0586104 
S0673         0.1281659 0.0553937 0.0847388 0.0507240 0.0698275 0.0600753 0.0660417 0.0707946 0.0839079 0.0701685 0.0451720 0.0702964 0.0673833 0.0501741 0.0612901 0.0761812 0.0605116 0.0440997 0.0000000 0.0596100 0.0761702 0.0895934 0.0982242 0.0652581 0.0392335 0.0558161 0.1004876 0.0594624 0.0846162 0.0679821 0.0860918 0.1142269 0.0856413 0.0974402 0.1029400 0.0867704 0.0835660 0.0758507 0.1029400 0.0551139 0.0732303 0.0762495 0.0041693 0.0127413 0.0839079 0.0451518 0.0600753 0.0697976 0.0318263 0.0557645 0.0559724 0.0753483 0.0875982 0.0549402 0.0816190 0.0660395 0.0561041 0.0741272 0.0707901 0.0915635 0.0127239 0.0666210 0.0756026 0.0747039 0.0689964 0.0601593 0.0759878 0.0600870 0.0453000 0.0655728 0.0400610 0.0707398 0.0846786 0.0171368 0.0629992 0.0856047 0.1468927 0.0646696 0.0790323 0.0658254 0.0638525 
S0689         0.1092360 0.0262143 0.0608760 0.0449873 0.0634100 0.0444434 0.0331530 0.0593379 0.0653812 0.0690423 0.0308061 0.0493149 0.0610785 0.0404424 0.0601201 0.0549310 0.0593726 0.0482110 0.0596100 0.0000000 0.0646604 0.0695407 0.0866915 0.0458741 0.0286532 0.0648404 0.0710687 0.0525482 0.0517693 0.0565136 0.0687654 0.0962915 0.0677574 0.0803355 0.0855700 0.0796487 0.0463696 0.0754340 0.0855700 0.0305132 0.0461533 0.0597496 0.0542663 0.0646040 0.0653812 0.0539830 0.0307169 0.0587222 0.0175897 0.0401177 0.0264742 0.0633563 0.0553151 0.0590136 0.0684485 0.0547538 0.0310120 0.0629911 0.0546419 0.0738849 0.0597509 0.0405704 0.0588982 0.0694239 0.0580856 0.0351268 0.0642845 0.0350865 0.0587898 0.0355441 0.0169224 0.0648516 0.0730537 0.0498131 0.0466454 0.0677121 0.1201673 0.0538343 0.0677149 0.0547580 0.0628650 
S0720         0.1107386 0.0604583 0.1019686 0.0607344 0.0264005 0.0754959 0.0553903 0.0758785 0.1009513 0.0312931 0.0607841 0.0651643 0.0423766 0.0716836 0.0768957 0.0817019 0.0656509 0.0604287 0.0761702 0.0646604 0.0000000 0.1079283 0.0937866 0.0829363 0.0095042 0.0608401 0.1010023 0.0816251 0.0479299 0.0427448 0.0406516 0.0817693 0.0484894 0.0871358 0.0925372 0.0409984 0.0782582 0.0412266 0.0925372 0.0601463 0.0838064 0.0761819 0.0703797 0.0814570 0.1009513 0.0551485 0.0651640 0.0266376 0.0467226 0.0608660 0.0610934 0.0356577 0.0823339 0.0650901 0.0362311 0.0607642 0.0661057 0.0172661 0.0758738 0.0455058 0.0763431 0.0665955 0.0312312 0.0361827 0.0217155 0.0652567 0.0705686 0.0651780 0.0600650 0.0707639 0.0448504 0.0269855 0.0355130 0.0762683 0.0280224 0.0454564 0.1111758 0.0127789 0.0307316 0.0608976 0.0354009 
S0724sl       0.1443712 0.0770870 0.0000020 0.0892575 0.1054874 0.0822950 0.0715890 0.1009051 0.0000023 0.1068598 0.0775464 0.0941220 0.0853833 0.0901077 0.0949556 0.1081581 0.0946687 0.0641639 0.0895934 0.0695407 0.1079283 0.0000000 0.1083771 0.0977324 0.0422160 0.0943741 0.0591699 0.0093882 0.0988689 0.0862927 0.1000032 0.1203734 0.1001967 0.1074034 0.1135389 0.1260814 0.1049478 0.1218015 0.1135389 0.0766234 0.1043752 0.1073778 0.0829317 0.0955785 0.0000023 0.0811328 0.0771937 0.0999610 0.0497873 0.0776677 0.0779861 0.1053685 0.0966570 0.0997554 0.1117261 0.0872100 0.0836775 0.1045871 0.1068846 0.1061629 0.0898055 0.0903926 0.0882674 0.1199220 0.0985701 0.0710041 0.1069590 0.0823202 0.0867241 0.0836219 0.0591791 0.1078048 0.1110935 0.0946791 0.0746180 0.1102045 0.1314033 0.0938670 0.1102348 0.0958219 0.1043316 
S0735         0.1230829 0.0872797 0.1157547 0.0877172 0.0810399 0.0863050 0.0897505 0.1039266 0.1145635 0.0983581 0.0877660 0.1033744 0.0796033 0.0997474 0.1053246 0.0988480 0.0929476 0.0661467 0.0982242 0.0866915 0.0937866 0.1083771 0.0000000 0.1006847 0.0619403 0.0878325 0.1263707 0.0940356 0.0922748 0.0861944 0.1091826 0.0169736 0.0934271 0.0041665 0.0083827 0.0990063 0.0959632 0.0996615 0.0083827 0.0760648 0.1133659 0.0933118 0.0919022 0.1038203 0.1145635 0.0757241 0.0709240 0.0868147 0.0730754 0.0716514 0.0882320 0.0917605 0.0999280 0.1032204 0.0877173 0.1104118 0.0936299 0.0911578 0.1039210 0.1150118 0.0875424 0.0887479 0.0980777 0.0932706 0.0751746 0.0814335 0.1095378 0.0813332 0.0808924 0.0767049 0.0700357 0.0821772 0.1023312 0.1044756 0.0809829 0.0976678 0.1512870 0.0813649 0.0854745 0.0937483 0.0909570 
S0742         0.1183971 0.0364774 0.0922951 0.0666295 0.0765241 0.0609156 0.0448109 0.0821596 0.0913666 0.0874952 0.0305937 0.0711192 0.0745412 0.0401498 0.0832734 0.0668185 0.0821882 0.0667906 0.0652581 0.0458741 0.0829363 0.0977324 0.1006847 0.0000000 0.0455092 0.0725257 0.0966674 0.0657449 0.0810932 0.0688749 0.0870973 0.1106910 0.0820941 0.0937631 0.0993097 0.0880832 0.0630825 0.0898371 0.0993097 0.0459227 0.0684934 0.0878396 0.0597460 0.0703690 0.0913666 0.0609701 0.0411008 0.0762741 0.0177934 0.0564238 0.0368546 0.0764526 0.0673184 0.0758999 0.0831085 0.0772938 0.0515328 0.0806528 0.0773714 0.0926333 0.0654109 0.0570945 0.0764873 0.0886531 0.0707118 0.0508991 0.0875309 0.0508377 0.0660224 0.0462712 0.0311536 0.0706872 0.0812219 0.0653441 0.0591815 0.0716170 0.1433710 0.0709761 0.0706646 0.0675077 0.0758100 
S0770         0.0841990 0.0240369 0.0399343 0.0292072 0.0189040 0.0390971 0.0259560 0.0445157 0.0395430 0.0240355 0.0241724 0.0339530 0.0296565 0.0346239 0.0446539 0.0494782 0.0393633 0.0313786 0.0392335 0.0286532 0.0095042 0.0422160 0.0619403 0.0455092 0.0000000 0.0291153 0.0344402 0.0199285 0.0298302 0.0299278 0.0190358 0.0610512 0.0301843 0.0556298 0.0610956 0.0343431 0.0399868 0.0240748 0.0610956 0.0239228 0.0400554 0.0497230 0.0338309 0.0444418 0.0395430 0.0289614 0.0288972 0.0140729 0.0096088 0.0242025 0.0241642 0.0237705 0.0445668 0.0286482 0.0292447 0.0238948 0.0292889 0.0000024 0.0445122 0.0239845 0.0393421 0.0343717 0.0141823 0.0292049 0.0139826 0.0239228 0.0390146 0.0288996 0.0339868 0.0341746 0.0092610 0.0193547 0.0286285 0.0392938 0.0146985 0.0340292 0.0719424 0.0093537 0.0235766 0.0240037 0.0236224 
S0827         0.1031264 0.0507081 0.0906394 0.0410932 0.0451659 0.0653464 0.0596586 0.0556104 0.0897447 0.0652942 0.0609566 0.0653470 0.0523954 0.0718856 0.0563602 0.0925965 0.0556458 0.0187275 0.0558161 0.0648404 0.0608401 0.0943741 0.0878325 0.0725257 0.0291153 0.0000000 0.0935383 0.0597203 0.0582104 0.0528561 0.0706363 0.0975585 0.0588976 0.0871515 0.0925465 0.0759872 0.0893577 0.0611903 0.0925465 0.0603164 0.0789138 0.0608198 0.0504500 0.0608613 0.0897447 0.0085401 0.0653464 0.0542281 0.0419427 0.0509346 0.0512374 0.0548972 0.0933364 0.0553066 0.0558245 0.0610767 0.0614185 0.0495773 0.0556065 0.0759074 0.0559524 0.0721034 0.0705892 0.0557345 0.0446558 0.0654395 0.0606157 0.0653604 0.0128795 0.0709612 0.0449796 0.0610227 0.0693943 0.0661380 0.0479437 0.0654574 0.1104738 0.0499828 0.0446268 0.0663981 0.0643949 
S0888         0.1449044 0.0772973 0.0561640 0.0835533 0.0936455 0.0932380 0.0780160 0.0999544 0.0556462 0.1056792 0.0777305 0.0881638 0.0864131 0.0895299 0.0956236 0.1114623 0.0999681 0.0843360 0.1004876 0.0710687 0.1010023 0.0591699 0.1263707 0.0966674 0.0344402 0.0935383 0.0000000 0.0229373 0.0934165 0.0872266 0.0988359 0.1312993 0.0946019 0.1185769 0.1245298 0.1179271 0.1085424 0.1082740 0.1245298 0.0768596 0.1028785 0.1060309 0.0939495 0.0931972 0.0556462 0.0881615 0.0821964 0.0866249 0.0577905 0.0727665 0.0781442 0.0935500 0.1070365 0.0934219 0.1070144 0.0942340 0.0834936 0.0980797 0.0999488 0.1046147 0.1007022 0.0897965 0.0878115 0.1067479 0.0873632 0.0715683 0.1056418 0.0822201 0.0935951 0.0883135 0.0604059 0.1013270 0.1096842 0.1006115 0.0758564 0.1162288 0.1339893 0.0880192 0.0981676 0.0826968 0.1029183 
S0952         0.1114568 0.0535789 0.0089354 0.0592665 0.0737556 0.0585221 0.0581510 0.0753141 0.0088570 0.0864060 0.0538819 0.0692996 0.0717409 0.0651839 0.0755135 0.0746706 0.0753478 0.0459146 0.0594624 0.0525482 0.0816251 0.0093882 0.0940356 0.0657449 0.0199285 0.0597203 0.0229373 0.0000000 0.0784388 0.0724201 0.0693315 0.1051461 0.0731328 0.0932438 0.0990705 0.0984396 0.0709376 0.0873474 0.0990705 0.0532949 0.0649976 0.0811667 0.0536840 0.0648744 0.0088570 0.0533827 0.0532949 0.0746823 0.0387313 0.0539574 0.0538673 0.0736853 0.0696748 0.0636047 0.0796920 0.0639663 0.0536262 0.0684860 0.0753091 0.0748831 0.0596148 0.0653960 0.0639600 0.0861649 0.0737556 0.0481242 0.0748160 0.0585338 0.0585777 0.0589669 0.0374950 0.0818905 0.0906536 0.0705509 0.0559186 0.0849388 0.1157526 0.0691562 0.0845379 0.0646003 0.0790964 
S0959         0.1281373 0.0518768 0.0875136 0.0416867 0.0370410 0.0842075 0.0576388 0.0564023 0.0923737 0.0525446 0.0686983 0.0561488 0.0225739 0.0803387 0.0571708 0.0964886 0.0464860 0.0572353 0.0846162 0.0517693 0.0479299 0.0988689 0.0922748 0.0810932 0.0298302 0.0582104 0.0934165 0.0784388 0.0000000 0.0179799 0.0680195 0.0909037 0.0376068 0.0853917 0.0909978 0.0633092 0.0640818 0.0372763 0.0909978 0.0679340 0.0804983 0.0517867 0.0784354 0.0901960 0.0923737 0.0523598 0.0679340 0.0474264 0.0536646 0.0581085 0.0524295 0.0419101 0.0972999 0.0668763 0.0421723 0.0619478 0.0626052 0.0466592 0.0515801 0.0734495 0.0848088 0.0749451 0.0575663 0.0423167 0.0319661 0.0679340 0.0512965 0.0732642 0.0574435 0.0738233 0.0516643 0.0430178 0.0468266 0.0795337 0.0275747 0.0569179 0.0982759 0.0371897 0.0367386 0.0801039 0.0566661 
S0960         0.1213068 0.0521406 0.0871457 0.0419030 0.0321354 0.0784466 0.0518644 0.0466894 0.0862735 0.0373332 0.0631645 0.0564269 0.0088358 0.0745358 0.0472246 0.0904271 0.0368676 0.0515106 0.0679821 0.0565136 0.0427448 0.0862927 0.0861944 0.0688749 0.0299278 0.0528561 0.0872266 0.0724201 0.0179799 0.0000000 0.0625526 0.0849370 0.0326180 0.0795228 0.0850222 0.0578843 0.0644085 0.0425625 0.0850222 0.0624747 0.0808895 0.0569083 0.0622127 0.0733129 0.0862735 0.0471685 0.0624747 0.0422982 0.0483326 0.0527629 0.0526989 0.0369310 0.0911687 0.0672015 0.0371569 0.0622543 0.0629179 0.0416272 0.0566792 0.0678787 0.0681455 0.0692397 0.0522784 0.0423390 0.0271750 0.0624747 0.0515544 0.0677090 0.0521712 0.0682137 0.0465488 0.0378965 0.0369011 0.0628037 0.0227892 0.0516961 0.0920553 0.0322635 0.0318780 0.0743212 0.0514728 
S1083         0.1329497 0.0646305 0.0946142 0.0649257 0.0494057 0.0795852 0.0542836 0.0743847 0.0936929 0.0547679 0.0649754 0.0693006 0.0620074 0.0758689 0.0753636 0.0963911 0.0698155 0.0760215 0.0860918 0.0687654 0.0406516 0.1000032 0.1091826 0.0870973 0.0190358 0.0706363 0.0988359 0.0693315 0.0680195 0.0625526 0.0000000 0.1078848 0.0688227 0.1022161 0.1077098 0.0551456 0.0824872 0.0607472 0.1077098 0.0642957 0.0880111 0.0803142 0.0801364 0.0914506 0.0936929 0.0693545 0.0692930 0.0447819 0.0510258 0.0650633 0.0601887 0.0493662 0.0758112 0.0739498 0.0601313 0.0595872 0.0702961 0.0304869 0.0743802 0.0041591 0.0862784 0.0656870 0.0083477 0.0600308 0.0443167 0.0693915 0.0747029 0.0693087 0.0743609 0.0646564 0.0489977 0.0505207 0.0588764 0.0861984 0.0473485 0.0497647 0.1151837 0.0400357 0.0537395 0.0754361 0.0396450 
S1100         0.1151626 0.0969545 0.1274294 0.0974480 0.0697296 0.1017869 0.0942268 0.1137606 0.1261133 0.0862695 0.0974920 0.1131441 0.0784685 0.1096591 0.1152650 0.1086543 0.1027026 0.0824437 0.1142269 0.0962915 0.0817693 0.1203734 0.0169736 0.1106910 0.0610512 0.0975585 0.1312993 0.1051461 0.0909037 0.0849370 0.1078848 0.0000000 0.0920204 0.0125183 0.0167886 0.0868432 0.1060548 0.0873523 0.0167886 0.0855675 0.1235712 0.1031171 0.1075995 0.1199595 0.1261133 0.0909354 0.0803893 0.0809313 0.0775252 0.0812247 0.0980097 0.0800491 0.0987335 0.1129687 0.0759711 0.1203497 0.1034590 0.0795498 0.1137547 0.1136316 0.1033174 0.0985757 0.0969298 0.0813247 0.0641728 0.0909937 0.1194044 0.0908824 0.0962173 0.0863014 0.0793809 0.0706913 0.0902716 0.1143564 0.0798072 0.0965281 0.1657482 0.0700044 0.0741175 0.0977388 0.0899219 
S1129sl       0.1232027 0.0638141 0.0945017 0.0529809 0.0374588 0.0742999 0.0579488 0.0684872 0.0935310 0.0372563 0.0695187 0.0681566 0.0323418 0.0813206 0.0576790 0.0902852 0.0580216 0.0519908 0.0856413 0.0677574 0.0484894 0.1001967 0.0934271 0.0820941 0.0301843 0.0588976 0.0946019 0.0731328 0.0376068 0.0326180 0.0688227 0.0920204 0.0000000 0.0864359 0.0921171 0.0640584 0.0652692 0.0482832 0.0921171 0.0687352 0.0758880 0.0687687 0.0793702 0.0912959 0.0935310 0.0529660 0.0687352 0.0479744 0.0543015 0.0587939 0.0588052 0.0423853 0.0910251 0.0679238 0.0426538 0.0744371 0.0752794 0.0424998 0.0684827 0.0743234 0.0858376 0.0758560 0.0582382 0.0482139 0.0323216 0.0687352 0.0520787 0.0741337 0.0581121 0.0747073 0.0522545 0.0435188 0.0426518 0.0857534 0.0278837 0.0575746 0.0866680 0.0376108 0.0371492 0.0682119 0.0573164 
S1148         0.1155978 0.0808640 0.1147312 0.0812569 0.0748472 0.0856493 0.0827218 0.0970529 0.1135630 0.0916435 0.0813068 0.0965553 0.0731755 0.0929101 0.0983450 0.0920996 0.0863619 0.0656337 0.0974402 0.0803355 0.0871358 0.1074034 0.0041665 0.0937631 0.0556298 0.0871515 0.1185769 0.0932438 0.0853917 0.0795228 0.1022161 0.0125183 0.0864359 0.0000000 0.0041224 0.0922473 0.0890914 0.0928155 0.0041224 0.0699856 0.1060226 0.0866863 0.0911889 0.1029778 0.1135630 0.0751674 0.0649701 0.0804358 0.0669064 0.0656177 0.0817307 0.0852906 0.0930731 0.0964187 0.0812480 0.1033223 0.0869810 0.0847489 0.0970475 0.1078848 0.0868641 0.0822011 0.0913937 0.0866620 0.0691821 0.0752100 0.1025180 0.0751189 0.0802887 0.0705557 0.0641728 0.0758821 0.0956127 0.0975574 0.0744173 0.0910109 0.1596851 0.0751430 0.0792338 0.0870967 0.0845669 
S1180         0.1213500 0.0861414 0.1207269 0.0865663 0.0800049 0.0909425 0.0884747 0.1025272 0.1194915 0.0970486 0.0866149 0.1019920 0.0785443 0.0983992 0.1038890 0.0975269 0.0917191 0.0711464 0.1029400 0.0855700 0.0925372 0.1135389 0.0083827 0.0993097 0.0610956 0.0925465 0.1245298 0.0990705 0.0909978 0.0850222 0.1077098 0.0167886 0.0921171 0.0041224 0.0000000 0.0976815 0.0946482 0.0983123 0.0000010 0.0750999 0.1117676 0.0920719 0.0965685 0.1085400 0.1194915 0.0803419 0.0700319 0.0856877 0.0721279 0.0707396 0.0870691 0.0905660 0.0985744 0.1018432 0.0865646 0.1088998 0.0923823 0.0899808 0.1025217 0.1134442 0.0922574 0.0875707 0.0967772 0.0920344 0.0742327 0.0803893 0.1080497 0.0802917 0.0855149 0.0757221 0.0691664 0.0811132 0.1009801 0.1030615 0.0798859 0.0963767 0.1659627 0.0803216 0.0843858 0.0924991 0.0897856 
S1201sl       0.1392183 0.0755146 0.1190461 0.0707033 0.0309229 0.0909087 0.0606116 0.0914290 0.1178467 0.0454027 0.0703201 0.0802941 0.0573785 0.0814410 0.0926427 0.1083855 0.0809088 0.0767240 0.0867704 0.0796487 0.0409984 0.1260814 0.0990063 0.0880832 0.0343431 0.0759872 0.1179271 0.0984396 0.0633092 0.0578843 0.0551456 0.0868432 0.0640584 0.0922473 0.0976815 0.0000000 0.0943523 0.0459886 0.0976815 0.0751022 0.1000736 0.0917997 0.0807612 0.0921728 0.1178467 0.0699426 0.0802618 0.0405870 0.0566160 0.0760326 0.0763166 0.0402676 0.0874422 0.0801924 0.0409214 0.0865968 0.0814812 0.0399701 0.0808751 0.0601839 0.0869592 0.0767736 0.0551092 0.0408642 0.0261617 0.0803811 0.0859340 0.0802836 0.0749916 0.0861479 0.0591660 0.0411201 0.0401022 0.0868783 0.0427158 0.0405904 0.1280869 0.0309804 0.0352546 0.0760863 0.0307425 
S1211         0.1235039 0.0307438 0.0990001 0.0609810 0.0766532 0.0503875 0.0442526 0.0761982 0.0979865 0.0713081 0.0517263 0.0604206 0.0697342 0.0625231 0.0710639 0.0495412 0.0659204 0.0555094 0.0835660 0.0463696 0.0782582 0.1049478 0.0959632 0.0630825 0.0399868 0.0893577 0.1085424 0.0709376 0.0640818 0.0644085 0.0824872 0.1060548 0.0652692 0.0890914 0.0946482 0.0943523 0.0000000 0.0827414 0.0946482 0.0403842 0.0313411 0.0713214 0.0774615 0.0890863 0.0979865 0.0769874 0.0356982 0.0716637 0.0322763 0.0505169 0.0261623 0.0765813 0.0397497 0.0694222 0.0832720 0.0714068 0.0356331 0.0706708 0.0761935 0.0880231 0.0837554 0.0511042 0.0718719 0.0827019 0.0708149 0.0452094 0.0749233 0.0451560 0.0822541 0.0406797 0.0360523 0.0678506 0.0754322 0.0785353 0.0543384 0.0822780 0.1419796 0.0663801 0.0811449 0.0782175 0.0759346 
S1214sl       0.1408794 0.0712236 0.1148961 0.0562955 0.0128063 0.0867351 0.0613725 0.0714657 0.1137201 0.0456651 0.0716148 0.0760469 0.0421973 0.0830092 0.0724359 0.1043185 0.0612228 0.0608036 0.0758507 0.0754340 0.0412266 0.1218015 0.0996615 0.0898371 0.0240748 0.0611903 0.1082740 0.0873474 0.0372763 0.0425625 0.0607472 0.0873523 0.0482832 0.0928155 0.0983123 0.0459886 0.0827414 0.0000000 0.0983123 0.0708358 0.0772920 0.0717531 0.0700882 0.0811142 0.1137201 0.0554524 0.0760246 0.0408099 0.0572282 0.0612662 0.0719870 0.0172705 0.0867404 0.0758930 0.0219485 0.0773075 0.0656252 0.0401837 0.0611829 0.0659242 0.0760225 0.0777448 0.0507586 0.0219233 0.0172829 0.0761378 0.0661571 0.0760443 0.0604056 0.0819119 0.0548900 0.0413498 0.0403187 0.0759481 0.0377391 0.0504890 0.1121271 0.0311322 0.0262141 0.0766742 0.0401884 
S1223         0.1213500 0.0861414 0.1207269 0.0865663 0.0800049 0.0909425 0.0884747 0.1025272 0.1194915 0.0970486 0.0866149 0.1019920 0.0785443 0.0983992 0.1038890 0.0975269 0.0917191 0.0711464 0.1029400 0.0855700 0.0925372 0.1135389 0.0083827 0.0993097 0.0610956 0.0925465 0.1245298 0.0990705 0.0909978 0.0850222 0.1077098 0.0167886 0.0921171 0.0041224 0.0000010 0.0976815 0.0946482 0.0983123 0.0000000 0.0750999 0.1117676 0.0920719 0.0965685 0.1085400 0.1194915 0.0803419 0.0700319 0.0856877 0.0721279 0.0707396 0.0870691 0.0905660 0.0985744 0.1018432 0.0865646 0.1088998 0.0923823 0.0899808 0.1025217 0.1134442 0.0922574 0.0875707 0.0967772 0.0920344 0.0742327 0.0803893 0.1080497 0.0802917 0.0855149 0.0757221 0.0691664 0.0811132 0.1009801 0.1030615 0.0798859 0.0963767 0.1659627 0.0803216 0.0843858 0.0924991 0.0897856 
S1227         0.0982928 0.0169543 0.0673179 0.0451642 0.0589816 0.0125974 0.0136850 0.0595755 0.0719131 0.0645502 0.0264492 0.0495083 0.0619308 0.0360082 0.0603640 0.0259013 0.0596104 0.0488999 0.0551139 0.0305132 0.0601463 0.0766234 0.0760648 0.0459227 0.0239228 0.0603164 0.0768596 0.0532949 0.0679340 0.0624747 0.0642957 0.0855675 0.0687352 0.0699856 0.0750999 0.0751022 0.0403842 0.0708358 0.0750999 0.0000000 0.0309873 0.0647585 0.0498272 0.0600870 0.0719131 0.0495714 0.0041455 0.0542946 0.0043046 0.0127018 0.0171175 0.0589323 0.0445243 0.0495650 0.0701051 0.0549727 0.0214779 0.0585958 0.0595715 0.0693915 0.0552471 0.0085072 0.0544624 0.0699780 0.0537116 0.0041500 0.0645436 0.0041455 0.0543637 0.0127305 0.0127133 0.0603248 0.0686089 0.0551885 0.0472901 0.0647601 0.1153581 0.0494329 0.0633136 0.0502790 0.0584789 
S1235sl       0.1253135 0.0262496 0.0914082 0.0512723 0.0703865 0.0357075 0.0386815 0.0662469 0.0974859 0.0835648 0.0468240 0.0605118 0.0864177 0.0574635 0.0612084 0.0494553 0.0662818 0.0613362 0.0732303 0.0461533 0.0838064 0.1043752 0.1133659 0.0684934 0.0400554 0.0789138 0.1028785 0.0649976 0.0804983 0.0808895 0.0880111 0.1235712 0.0758880 0.1060226 0.1117676 0.1000736 0.0313411 0.0772920 0.1117676 0.0309873 0.0000000 0.0716628 0.0673287 0.0786464 0.0974859 0.0669345 0.0356353 0.0770464 0.0225547 0.0407671 0.0217185 0.0703233 0.0501520 0.0547022 0.0822707 0.0614898 0.0216240 0.0759627 0.0662425 0.0936236 0.0734037 0.0412352 0.0772631 0.0762063 0.0761159 0.0356806 0.0651601 0.0356389 0.0721174 0.0401290 0.0314177 0.0840702 0.0877039 0.0682562 0.0706299 0.0865548 0.1417118 0.0716802 0.0865668 0.0730143 0.0812932 
S1239         0.1463524 0.0542985 0.1005068 0.0170849 0.0596923 0.0802166 0.0711865 0.0303159 0.1060996 0.0703451 0.0654503 0.0301983 0.0619517 0.0764687 0.0216873 0.0972433 0.0258687 0.0546845 0.0762495 0.0597496 0.0761819 0.1073778 0.0933118 0.0878396 0.0497230 0.0608198 0.1060309 0.0811667 0.0517867 0.0569083 0.0803142 0.1031171 0.0687687 0.0866863 0.0920719 0.0917997 0.0713214 0.0717531 0.0920719 0.0647585 0.0716628 0.0000000 0.0704412 0.0815540 0.1060996 0.0499530 0.0698079 0.0698090 0.0513703 0.0553870 0.0548537 0.0596416 0.0980275 0.0589379 0.0710013 0.0351006 0.0549797 0.0741384 0.0211247 0.0856814 0.0660694 0.0766968 0.0700091 0.0652482 0.0589969 0.0699083 0.0258421 0.0698240 0.0547942 0.0754829 0.0493116 0.0764133 0.0744288 0.0713880 0.0575688 0.0856160 0.1225028 0.0646809 0.0589585 0.0815528 0.0739833 
S1245         0.1211082 0.0500723 0.0785133 0.0454706 0.0642570 0.0546872 0.0600257 0.0651217 0.0777569 0.0645635 0.0401099 0.0646768 0.0616731 0.0449907 0.0557683 0.0703960 0.0550689 0.0386264 0.0041693 0.0542663 0.0703797 0.0829317 0.0919022 0.0597460 0.0338309 0.0504500 0.0939495 0.0536840 0.0784354 0.0622127 0.0801364 0.1075995 0.0793702 0.0911889 0.0965685 0.0807612 0.0774615 0.0700882 0.0965685 0.0498272 0.0673287 0.0704412 0.0000000 0.0083886 0.0777569 0.0400889 0.0546872 0.0642235 0.0269149 0.0504020 0.0505880 0.0696368 0.0815080 0.0496640 0.0756921 0.0604415 0.0507014 0.0685266 0.0651174 0.0854824 0.0083774 0.0609742 0.0698680 0.0755477 0.0635066 0.0547616 0.0702034 0.0546966 0.0447862 0.0600286 0.0351393 0.0650789 0.0788368 0.0126913 0.0573107 0.0796828 0.1393364 0.0592146 0.0733431 0.0602521 0.0584826 
S1246         0.1341540 0.0603987 0.0903633 0.0556998 0.0749579 0.0651075 0.0716258 0.0760157 0.0894722 0.0753293 0.0500026 0.0705889 0.0726631 0.0550849 0.0664417 0.0814621 0.0655943 0.0493392 0.0127413 0.0646040 0.0814570 0.0955785 0.1038203 0.0703690 0.0444418 0.0608613 0.0931972 0.0648744 0.0901960 0.0733129 0.0914506 0.1199595 0.0912959 0.1029778 0.1085400 0.0921728 0.0890863 0.0811142 0.1085400 0.0600870 0.0786464 0.0815540 0.0083886 0.0000000 0.0894722 0.0499831 0.0651075 0.0749327 0.0366053 0.0608063 0.0610336 0.0805673 0.0879698 0.0599062 0.0869897 0.0712270 0.0611823 0.0792517 0.0760110 0.0969930 0.0170689 0.0718488 0.0808411 0.0868073 0.0740567 0.0652002 0.0812720 0.0550480 0.0548289 0.0707118 0.0447911 0.0759489 0.0899448 0.0215524 0.0682944 0.0909376 0.1475235 0.0697309 0.0842011 0.0709908 0.0688384 
S1249         0.1471757 0.0723146 0.0000023 0.0836172 0.0988128 0.0772058 0.0668593 0.1000224 0.0000010 0.1056211 0.0727193 0.0882005 0.0854785 0.0843646 0.0944303 0.1011625 0.0886801 0.0609597 0.0839079 0.0653812 0.1009513 0.0000023 0.1145635 0.0913666 0.0395430 0.0897447 0.0556462 0.0088570 0.0923737 0.0862735 0.0936929 0.1261133 0.0935310 0.1135630 0.1194915 0.1178467 0.0979865 0.1137201 0.1194915 0.0719131 0.0974859 0.1060996 0.0777569 0.0894722 0.0000000 0.0772773 0.0724171 0.0936390 0.0468026 0.0728255 0.0731057 0.0987103 0.0904303 0.0934556 0.1046042 0.0818238 0.0784046 0.0980343 0.1000168 0.0994145 0.0840992 0.0846203 0.0827603 0.1121005 0.0924345 0.0666671 0.1057103 0.0772265 0.0825811 0.0783667 0.0556580 0.1012753 0.1096203 0.0953529 0.0698526 0.1032856 0.1286412 0.0879868 0.1033088 0.0896925 0.0978112 
S1250sl       0.1150692 0.0402902 0.0780227 0.0310409 0.0399464 0.0543992 0.0543312 0.0449919 0.0772773 0.0595404 0.0500757 0.0543845 0.0467654 0.0604505 0.0455884 0.0803983 0.0450249 0.0091335 0.0451518 0.0539830 0.0551485 0.0811328 0.0757241 0.0609701 0.0289614 0.0085401 0.0881615 0.0533827 0.0523598 0.0471685 0.0693545 0.0909354 0.0529660 0.0751674 0.0803419 0.0699426 0.0769874 0.0554524 0.0803419 0.0495714 0.0669345 0.0499530 0.0400889 0.0499831 0.0772773 0.0000000 0.0543992 0.0494407 0.0316745 0.0404669 0.0406992 0.0494392 0.0810078 0.0447614 0.0502539 0.0501601 0.0504351 0.0537407 0.0449887 0.0745173 0.0452631 0.0606350 0.0594047 0.0501772 0.0395041 0.0544726 0.0497906 0.0544084 0.0041767 0.0597011 0.0349749 0.0553115 0.0636176 0.0550142 0.0423566 0.0544822 0.1033809 0.0446464 0.0394788 0.0552358 0.0536348 
S1278         0.0928843 0.0213191 0.0677947 0.0499857 0.0638952 0.0168955 0.0136850 0.0645509 0.0724171 0.0695745 0.0310472 0.0543364 0.0619308 0.0407611 0.0654046 0.0214703 0.0645852 0.0488999 0.0600753 0.0307169 0.0651640 0.0771937 0.0709240 0.0411008 0.0288972 0.0653464 0.0821964 0.0532949 0.0679340 0.0624747 0.0692930 0.0803893 0.0687352 0.0649701 0.0700319 0.0802618 0.0356982 0.0760246 0.0700319 0.0041455 0.0356353 0.0698079 0.0546872 0.0651075 0.0724171 0.0543992 0.0000000 0.0591740 0.0086618 0.0170376 0.0215250 0.0638406 0.0398585 0.0543986 0.0698793 0.0599197 0.0259299 0.0634697 0.0645467 0.0744511 0.0602180 0.0128377 0.0593521 0.0750910 0.0585274 0.0083490 0.0695748 0.0083398 0.0592418 0.0084419 0.0170523 0.0653580 0.0736080 0.0601555 0.0472901 0.0645516 0.1210936 0.0542485 0.0682270 0.0551863 0.0633417 
S1332         0.1126800 0.0545653 0.0945617 0.0548062 0.0261417 0.0692104 0.0489281 0.0695373 0.0936390 0.0309825 0.0548535 0.0591651 0.0419380 0.0653890 0.0704571 0.0855301 0.0595952 0.0540664 0.0697976 0.0587222 0.0266376 0.0999610 0.0868147 0.0762741 0.0140729 0.0542281 0.0866249 0.0746823 0.0474264 0.0422982 0.0447819 0.0809313 0.0479744 0.0804358 0.0856877 0.0405870 0.0716637 0.0408099 0.0856877 0.0542946 0.0770464 0.0698090 0.0642235 0.0749327 0.0936390 0.0494407 0.0591740 0.0000000 0.0411026 0.0549247 0.0551264 0.0353058 0.0757321 0.0591019 0.0358679 0.0648728 0.0599978 0.0259912 0.0695329 0.0496264 0.0699574 0.0604406 0.0353891 0.0358208 0.0215048 0.0592552 0.0643890 0.0591851 0.0542249 0.0645712 0.0394899 0.0267151 0.0351650 0.0698879 0.0277316 0.0400095 0.1047688 0.0172592 0.0304320 0.0549488 0.0303082 
