135
PAFTOL_019361 0.0000000 0.2059822 0.2066371 0.2171498 0.2223222 0.2052132 0.2502345 0.2162448 0.2067851 0.2163163 0.2321968 0.2169586 0.2367281 0.2335772 0.2198771 0.2375360 0.1957748 0.2348924 0.2189449 0.2452646 0.2122831 0.2004142 0.2069319 0.2230031 0.2043250 0.2058602 0.2221503 0.2109083 0.2038462 0.2213328 0.1998441 0.2251619 0.2282271 0.2304708 0.2264908 0.2177676 0.2216126 0.2011696 0.2203674 0.2090939 0.2289522 0.2060204 0.1994214 0.2004717 0.2322811 0.2347931 0.2432225 0.2329267 0.2442028 0.1888349 0.2261534 0.2067168 0.2006323 0.2061099 0.2025160 0.2416080 0.1869044 0.2200208 0.2379851 0.2118430 0.2123643 0.2084692 0.1907659 0.2331633 0.2344426 0.2289496 0.2251545 0.2258219 0.2328032 0.2214719 0.2344923 0.2238035 0.2255065 0.2394065 0.2297880 0.2210584 0.2290315 0.2040073 0.2296535 0.1791872 0.2319116 0.2174081 0.2331762 0.2081057 0.2163406 0.2273546 0.2021033 0.2153369 0.2213510 0.2184843 0.2181120 0.2285420 0.2295948 0.2094006 0.2292972 0.2300507 0.2268049 0.2345461 0.2023881 0.2209046 0.2305633 0.2096362 0.1988372 0.2052742 0.2082073 0.2232095 0.2025054 0.2063023 0.2099142 0.2108442 0.2158832 0.2163355 0.2117363 0.2164134 0.2223132 0.2212587 0.1993694 0.2162984 0.2123976 0.2165714 0.2184629 0.2133154 0.2174791 0.2082163 0.1992935 0.2332827 0.2241100 0.2207118 0.2263499 0.2085099 0.2782867 0.1976833 0.2130982 0.2130661 0.2068155 
S0055         0.2059822 0.0000000 0.0761413 0.0850846 0.0786887 0.0383949 0.1237899 0.0797645 0.0589086 0.0477167 0.0696456 0.0922074 0.1054827 0.1150722 0.0923061 0.1048126 0.0626555 0.0885849 0.0859482 0.1104921 0.0660762 0.0347172 0.0370274 0.0908944 0.0705667 0.0779231 0.0654462 0.0570409 0.0754749 0.0968206 0.0662801 0.0764862 0.0684330 0.1053347 0.0990140 0.0883552 0.0489368 0.0338623 0.0895932 0.0741733 0.0878021 0.0543027 0.0405208 0.0631473 0.1036151 0.1245894 0.0829347 0.1034802 0.0839172 0.0271080 0.0789737 0.0644201 0.0372967 0.0638755 0.0639520 0.0921375 0.0531711 0.0834759 0.1170011 0.0775393 0.0805979 0.0614950 0.0705773 0.1004406 0.0800600 0.0768285 0.0766970 0.0780620 0.0749819 0.0856997 0.1208656 0.0858364 0.1043383 0.1179880 0.0776331 0.0756991 0.1174800 0.0606930 0.1222616 0.0620192 0.0812797 0.0721997 0.1039310 0.0516975 0.0686179 0.1199298 0.0378759 0.0515928 0.0709733 0.0811684 0.0770908 0.0863055 0.1003179 0.0707083 0.0929157 0.1022197 0.1022476 0.1025276 0.0372006 0.0957829 0.0861861 0.0622171 0.0396928 0.0358070 0.0333232 0.0756992 0.0452930 0.0803216 0.0651791 0.0605923 0.0876665 0.0510905 0.0703367 0.0841869 0.0882671 0.0867236 0.0360423 0.0663790 0.0652046 0.0510468 0.0854214 0.0432788 0.0811753 0.0469814 0.0417537 0.0879898 0.0781864 0.0842255 0.0755629 0.0594746 0.1400349 0.0614184 0.0680127 0.0573582 0.0632391 
S0196sl       0.2066371 0.0761413 0.0000000 0.0868093 0.0527153 0.0737130 0.1186067 0.0801193 0.0705043 0.0752675 0.0991660 0.0941405 0.0941924 0.1074015 0.0903596 0.1007222 0.0647472 0.0979533 0.0856175 0.1045611 0.0789300 0.0731009 0.0770858 0.0879240 0.0906128 0.0816892 0.0191888 0.0810884 0.0609861 0.0851400 0.0702430 0.0849407 0.0979746 0.0998198 0.0833419 0.0877468 0.0898039 0.0755728 0.0938922 0.0817196 0.0908702 0.0795160 0.0700501 0.0365213 0.0944830 0.1256608 0.1025279 0.0938569 0.1008230 0.0615010 0.0837492 0.0189927 0.0747640 0.0184318 0.0167145 0.1042419 0.0268481 0.0883578 0.1089214 0.0793615 0.0867469 0.0693295 0.0731788 0.0910915 0.0860368 0.0883469 0.0824605 0.0787398 0.1023204 0.0540255 0.1241995 0.0979833 0.0817393 0.1167298 0.0903261 0.0849212 0.1183458 0.0144487 0.1258420 0.0592371 0.0909225 0.0802260 0.0944828 0.0807899 0.0875013 0.1186783 0.0736063 0.0900491 0.0792704 0.0842002 0.0802305 0.0821224 0.0923367 0.0837725 0.0952392 0.0994064 0.0897078 0.0937793 0.0766246 0.0870565 0.0941846 0.0731785 0.0716001 0.0755854 0.0805156 0.0848525 0.0739834 0.0864439 0.0731601 0.0719810 0.0870667 0.0868803 0.0242310 0.0813251 0.0541878 0.0895601 0.0771804 0.0732581 0.0691409 0.0889223 0.0853183 0.0793872 0.0889907 0.0851811 0.0670621 0.0965454 0.0847948 0.0880132 0.0829596 0.0686321 0.1370397 0.0538018 0.0712951 0.0803144 0.0672057 
S0278         0.2171498 0.0850846 0.0868093 0.0000000 0.0832639 0.0847227 0.1374601 0.0302937 0.0807754 0.0958329 0.1101222 0.0358807 0.1082579 0.1206441 0.0397934 0.1130671 0.0258764 0.1026911 0.0993839 0.1187978 0.0992196 0.0807481 0.0808794 0.0363794 0.0960130 0.0323129 0.0785274 0.0859504 0.0445797 0.1024667 0.0480395 0.0921193 0.1019299 0.1083133 0.1058296 0.0248866 0.0941647 0.0822634 0.0432999 0.0607412 0.0771544 0.0927860 0.0843544 0.0757133 0.1071222 0.1360519 0.1125094 0.1068826 0.1092786 0.0749134 0.0930276 0.0743911 0.0831701 0.0749712 0.0723486 0.1069302 0.0661516 0.0698205 0.1132370 0.0636571 0.0653789 0.0810315 0.0245948 0.1067429 0.0976808 0.0932262 0.0908745 0.0935293 0.1184814 0.0937881 0.1286657 0.1070163 0.1071665 0.1171743 0.0961489 0.0930103 0.1259711 0.0715654 0.1316248 0.0529041 0.0943299 0.0846424 0.1078757 0.0857028 0.0914817 0.1272458 0.0842317 0.0983256 0.0855707 0.0339476 0.0687026 0.0744339 0.1084834 0.0653049 0.0344319 0.1065022 0.1079595 0.1118777 0.0848660 0.0971783 0.1034300 0.0801202 0.0809761 0.0811062 0.0900689 0.0909113 0.0793624 0.0590525 0.0803803 0.0774094 0.0340780 0.0936219 0.0823999 0.0320658 0.0946677 0.0754000 0.0850303 0.0851567 0.0815819 0.0945752 0.0353701 0.0909183 0.0686752 0.0926414 0.0802054 0.1013583 0.0893341 0.0724824 0.0889955 0.0781759 0.1543510 0.0715196 0.0833540 0.0886473 0.0816288 
S0281         0.2223222 0.0786887 0.0527153 0.0832639 0.0000000 0.0749737 0.1203989 0.0811241 0.0698292 0.0873301 0.1052267 0.0932579 0.1001649 0.1112637 0.0897672 0.1006180 0.0634225 0.0941914 0.0959037 0.1092207 0.0898483 0.0723131 0.0757408 0.0909078 0.0907711 0.0800278 0.0446984 0.0833580 0.0818228 0.0920401 0.0750619 0.0855014 0.0969418 0.1065590 0.0940449 0.0883742 0.0863783 0.0726321 0.0940724 0.0817982 0.0946669 0.0870094 0.0792283 0.0454292 0.0984936 0.1372258 0.1058155 0.0975623 0.1129181 0.0647691 0.0880406 0.0409392 0.0758110 0.0399400 0.0404694 0.0994496 0.0334630 0.0882994 0.1122213 0.0819865 0.0817184 0.0732765 0.0753366 0.0984096 0.0888496 0.0838600 0.0845796 0.0847494 0.1069273 0.0633637 0.1328030 0.1046885 0.0993528 0.1143555 0.0883719 0.0873906 0.1286805 0.0368358 0.1361688 0.0657724 0.0866270 0.0792900 0.1018141 0.0815329 0.0826337 0.1359435 0.0760771 0.0915398 0.0795654 0.0839275 0.0826272 0.0938075 0.0954266 0.0784484 0.0907562 0.1029195 0.0968249 0.0964909 0.0773896 0.0868312 0.0932592 0.0759573 0.0734018 0.0759803 0.0840119 0.0791177 0.0735865 0.0860000 0.0774355 0.0721611 0.0876781 0.0910098 0.0484857 0.0840095 0.0662823 0.0917930 0.0768793 0.0757591 0.0724733 0.0926542 0.0846748 0.0770725 0.0884682 0.0864408 0.0718617 0.0957022 0.0818326 0.0863066 0.0850729 0.0699198 0.1409866 0.0582208 0.0764495 0.0804343 0.0726915 
S0282         0.2052132 0.0383949 0.0737130 0.0847227 0.0749737 0.0000000 0.1181438 0.0798645 0.0617053 0.0271642 0.0635286 0.0923922 0.1017761 0.1130442 0.0883609 0.1022281 0.0600344 0.0843131 0.0844727 0.1091179 0.0578654 0.0133945 0.0210201 0.0899697 0.0659511 0.0735853 0.0625346 0.0557042 0.0771239 0.0937361 0.0648925 0.0769667 0.0658727 0.1051507 0.0956641 0.0859036 0.0339692 0.0190086 0.0885127 0.0750399 0.0859090 0.0523280 0.0203290 0.0593703 0.0999394 0.1262436 0.0832408 0.0991504 0.0906618 0.0130188 0.0788016 0.0624052 0.0143359 0.0618628 0.0609268 0.0920862 0.0494905 0.0834585 0.1142583 0.0756817 0.0779841 0.0640030 0.0693469 0.0962777 0.0812699 0.0766107 0.0777463 0.0789852 0.0689728 0.0830748 0.1225246 0.0829598 0.1029088 0.1147932 0.0784202 0.0752632 0.1172837 0.0609607 0.1262396 0.0586880 0.0788676 0.0745228 0.1030476 0.0535045 0.0715725 0.1245619 0.0181166 0.0476803 0.0691427 0.0784422 0.0779336 0.0872624 0.0965757 0.0732089 0.0896839 0.1000601 0.0991500 0.0982226 0.0203713 0.0941056 0.0824994 0.0672277 0.0201639 0.0194983 0.0424664 0.0724871 0.0444685 0.0806183 0.0659678 0.0603104 0.0839999 0.0456113 0.0682506 0.0831717 0.0862322 0.0853151 0.0148773 0.0671253 0.0627995 0.0344189 0.0804398 0.0389437 0.0811595 0.0399035 0.0393932 0.0851781 0.0747845 0.0817791 0.0759388 0.0607363 0.1412097 0.0593314 0.0665724 0.0554749 0.0634336 
S0288         0.2502345 0.1237899 0.1186067 0.1374601 0.1203989 0.1181438 0.0000000 0.1315094 0.1164677 0.1328033 0.1495753 0.1342351 0.0389400 0.0955339 0.1375275 0.0355862 0.1127316 0.1457571 0.1359314 0.0356104 0.1381405 0.1166022 0.1193625 0.1365239 0.1372267 0.1316958 0.1188628 0.1280207 0.1275628 0.0380559 0.1179299 0.1323950 0.1453072 0.0963185 0.0438070 0.1342325 0.1256911 0.1154966 0.1472470 0.1332704 0.1385024 0.1258282 0.1187100 0.1063225 0.0427964 0.1814165 0.1480785 0.0400891 0.1534684 0.1062444 0.1326034 0.1110211 0.1192168 0.1102234 0.1068223 0.1413656 0.0961560 0.1369811 0.1134761 0.1262625 0.1382438 0.1179148 0.1037903 0.0847479 0.1359177 0.1357478 0.1287833 0.1298712 0.1570364 0.1236747 0.1759323 0.1360311 0.1005839 0.1083632 0.1338693 0.1286639 0.1724834 0.1088218 0.1784675 0.1157454 0.1377233 0.1314762 0.0996966 0.1263836 0.1329374 0.1740266 0.1179154 0.1283279 0.1209458 0.1353967 0.1328630 0.1380228 0.0425019 0.1321038 0.1451931 0.1029065 0.0428736 0.0449945 0.1214681 0.0896153 0.1446876 0.1264807 0.1159254 0.1204932 0.1238607 0.1226951 0.1213308 0.1339569 0.1179205 0.1145649 0.1415055 0.1317981 0.1159340 0.1305294 0.1248116 0.1351385 0.1191139 0.1234252 0.1228324 0.1321665 0.1329440 0.1255046 0.1363865 0.1288241 0.1175852 0.1443959 0.1266591 0.1347056 0.1301688 0.1170738 0.1797081 0.1015456 0.1209803 0.1301389 0.1234289 
S0289         0.2162448 0.0797645 0.0801193 0.0302937 0.0811241 0.0798645 0.1315094 0.0000000 0.0736065 0.0905502 0.1052794 0.0357345 0.1051796 0.1160609 0.0340553 0.1068936 0.0247545 0.1000195 0.0968891 0.1144272 0.0943405 0.0765413 0.0773330 0.0333195 0.0968731 0.0292226 0.0743733 0.0822816 0.0377689 0.0982395 0.0425468 0.0876443 0.0986146 0.1054100 0.0994062 0.0350516 0.0896971 0.0774745 0.0426138 0.0588630 0.0733997 0.0856325 0.0821604 0.0726367 0.1034670 0.1325723 0.1078557 0.1025653 0.1026035 0.0690006 0.0892196 0.0701999 0.0778033 0.0702273 0.0687522 0.1019320 0.0628167 0.0662308 0.1100831 0.0601231 0.0613760 0.0778402 0.0225267 0.1038905 0.0943531 0.0912012 0.0865202 0.0901920 0.1148511 0.0911203 0.1271168 0.1017195 0.1007124 0.1134610 0.0899377 0.0863379 0.1250935 0.0658798 0.1314443 0.0477380 0.0940035 0.0830767 0.1013520 0.0815090 0.0887247 0.1282325 0.0782200 0.0956822 0.0846306 0.0307967 0.0629437 0.0702225 0.1035356 0.0606666 0.0437964 0.1052877 0.1036933 0.1057406 0.0789524 0.0952259 0.0993082 0.0748232 0.0760951 0.0757423 0.0874297 0.0910406 0.0756916 0.0555323 0.0782917 0.0741799 0.0309931 0.0920164 0.0797313 0.0285011 0.0937600 0.0700875 0.0784961 0.0835661 0.0790044 0.0919864 0.0327615 0.0878286 0.0656002 0.0916707 0.0760400 0.0987617 0.0891683 0.0672029 0.0879564 0.0749794 0.1499009 0.0707677 0.0807581 0.0837222 0.0761906 
S0292         0.2067851 0.0589086 0.0705043 0.0807754 0.0698292 0.0617053 0.1164677 0.0736065 0.0000000 0.0756595 0.0917456 0.0852193 0.0986696 0.1090184 0.0874887 0.1009025 0.0596678 0.0729660 0.0711223 0.1084187 0.0771954 0.0592583 0.0623653 0.0860141 0.0740623 0.0723285 0.0621079 0.0687723 0.0701398 0.0898704 0.0620848 0.0542830 0.0808397 0.1018754 0.0955895 0.0842462 0.0743559 0.0604830 0.0881344 0.0713967 0.0828579 0.0699721 0.0660577 0.0613932 0.0998994 0.1253917 0.0866042 0.0966234 0.0932180 0.0533555 0.0572686 0.0584095 0.0637139 0.0578614 0.0590221 0.0692210 0.0484846 0.0795353 0.1070215 0.0726018 0.0758831 0.0481616 0.0660009 0.0952149 0.0593854 0.0556443 0.0540657 0.0605928 0.0970420 0.0800653 0.1182096 0.0833704 0.0943119 0.1088834 0.0541294 0.0514081 0.1169425 0.0570569 0.1259816 0.0578426 0.0586394 0.0568541 0.0948190 0.0698506 0.0388655 0.1255491 0.0622507 0.0700015 0.0553310 0.0777063 0.0721957 0.0819713 0.0932541 0.0703040 0.0890882 0.0976962 0.0947186 0.0949665 0.0635511 0.0856941 0.0693202 0.0099979 0.0596287 0.0626735 0.0677461 0.0425954 0.0630081 0.0797812 0.0164077 0.0151613 0.0823081 0.0683481 0.0644253 0.0809601 0.0832223 0.0767177 0.0614824 0.0332476 0.0486850 0.0748588 0.0788131 0.0707724 0.0772830 0.0710058 0.0544351 0.0723557 0.0618456 0.0764861 0.0580238 0.0450228 0.1335842 0.0555296 0.0518699 0.0707735 0.0470093 
S0293         0.2163163 0.0477167 0.0752675 0.0958329 0.0873301 0.0271642 0.1328033 0.0905502 0.0756595 0.0000000 0.0756499 0.1064385 0.1115137 0.1248492 0.1012619 0.1147307 0.0740183 0.1009389 0.0913159 0.1188881 0.0678173 0.0245100 0.0329701 0.0990802 0.0792081 0.0895249 0.0763964 0.0674677 0.0803932 0.1042337 0.0763168 0.0846970 0.0783668 0.1158223 0.1033758 0.0983337 0.0461595 0.0297248 0.1040251 0.0877689 0.0986072 0.0629006 0.0278801 0.0732784 0.1095430 0.1376979 0.0909903 0.1126428 0.0964879 0.0234979 0.0856599 0.0761410 0.0255768 0.0748948 0.0722261 0.1030941 0.0629609 0.0915428 0.1312240 0.0870685 0.0922628 0.0726023 0.0775347 0.1038889 0.0882929 0.0860647 0.0832792 0.0813445 0.0738354 0.0945979 0.1344097 0.0926668 0.1064202 0.1295076 0.0906439 0.0842654 0.1287014 0.0755712 0.1392077 0.0634494 0.0897635 0.0864577 0.1146997 0.0588237 0.0856483 0.1345380 0.0282625 0.0611717 0.0794142 0.0915516 0.0899213 0.0906016 0.1106001 0.0873964 0.1064044 0.1161478 0.1075621 0.1110544 0.0311905 0.1110630 0.0988704 0.0780804 0.0300219 0.0302574 0.0543790 0.0853634 0.0564684 0.0906853 0.0765261 0.0732572 0.0957475 0.0571396 0.0807338 0.0924888 0.0961229 0.0994166 0.0272421 0.0806714 0.0736483 0.0455651 0.0944132 0.0498462 0.0948191 0.0499061 0.0498638 0.1016322 0.0866786 0.0955214 0.0885743 0.0719364 0.1566426 0.0705048 0.0783923 0.0660749 0.0748802 
S0294         0.2321968 0.0696456 0.0991660 0.1101222 0.1052267 0.0635286 0.1495753 0.1052794 0.0917456 0.0756499 0.0000000 0.1129830 0.1283413 0.1449581 0.1153821 0.1341159 0.0873312 0.1143740 0.1151363 0.1402496 0.0933044 0.0604458 0.0658293 0.1131799 0.0877881 0.0993356 0.0890604 0.0857126 0.1036296 0.1220758 0.0971497 0.1048875 0.0949207 0.1332980 0.1253665 0.1116751 0.0716152 0.0637814 0.1138317 0.1064825 0.1158623 0.0772595 0.0634305 0.0865587 0.1260272 0.1547548 0.1102854 0.1238863 0.1137428 0.0499650 0.1067835 0.0879393 0.0627838 0.0897417 0.0887313 0.1225206 0.0753318 0.1129531 0.1422048 0.1030944 0.1086980 0.0915168 0.0920349 0.1268700 0.1085395 0.1050873 0.1032263 0.1075330 0.0574734 0.1102883 0.1540280 0.1079196 0.1292309 0.1440799 0.1103618 0.1078113 0.1480824 0.0872481 0.1571203 0.0838027 0.1077076 0.1058791 0.1319937 0.0797283 0.1026820 0.1562033 0.0634272 0.0782848 0.0976351 0.1069248 0.1054586 0.1142926 0.1262934 0.1064930 0.1143193 0.1348570 0.1270091 0.1261297 0.0647390 0.1207088 0.1173301 0.0968851 0.0633414 0.0617430 0.0742267 0.1075615 0.0688115 0.1093931 0.0934864 0.0884120 0.1116932 0.0738646 0.0989602 0.1070955 0.1117680 0.1145203 0.0652918 0.1006445 0.0925986 0.0780680 0.1022740 0.0648078 0.1115052 0.0742996 0.0696848 0.1174359 0.1031169 0.1105760 0.1076990 0.0874223 0.1621808 0.0900546 0.0984198 0.0865627 0.0908019 
S0299         0.2169586 0.0922074 0.0941405 0.0358807 0.0932579 0.0923922 0.1342351 0.0357345 0.0852193 0.1064385 0.1129830 0.0000000 0.1114212 0.1212392 0.0498412 0.1111388 0.0353849 0.1084663 0.1114544 0.1183947 0.1061611 0.0894729 0.0879976 0.0472899 0.1026898 0.0389162 0.0891490 0.0930201 0.0546075 0.1022349 0.0544661 0.0979813 0.1088593 0.1111704 0.1071398 0.0382361 0.1022995 0.0898760 0.0507810 0.0686362 0.0804182 0.0979542 0.0935938 0.0846972 0.1090269 0.1459624 0.1165673 0.1067991 0.1220337 0.0824120 0.0989435 0.0827174 0.0902157 0.0834448 0.0824783 0.1132332 0.0739507 0.0769575 0.1152805 0.0687975 0.0688765 0.0897548 0.0364650 0.1052501 0.1018383 0.1034395 0.0960508 0.1013053 0.1256615 0.0998897 0.1432802 0.1064530 0.1061173 0.1203415 0.1010515 0.0963304 0.1374893 0.0809157 0.1423456 0.0614894 0.1064604 0.0937631 0.1074408 0.0954811 0.0968265 0.1410111 0.0907035 0.1086537 0.0941256 0.0389416 0.0717109 0.0794820 0.1070368 0.0705549 0.0442857 0.1143070 0.1077997 0.1080751 0.0914170 0.1003846 0.1149200 0.0908288 0.0881477 0.0887115 0.0973202 0.0994408 0.0861539 0.0658004 0.0877164 0.0858736 0.0444371 0.1049098 0.0924032 0.0423616 0.1033491 0.0787455 0.0915778 0.0932690 0.0899020 0.1017852 0.0388595 0.0963163 0.0741126 0.0989314 0.0876831 0.1097438 0.0986716 0.0745375 0.0970754 0.0861262 0.1608848 0.0805293 0.0893781 0.0952345 0.0885303 
S0303         0.2367281 0.1054827 0.0941924 0.1082579 0.1001649 0.1017761 0.0389400 0.1051796 0.0986696 0.1115137 0.1283413 0.1114212 0.0000000 0.0749770 0.1125434 0.0281043 0.0911328 0.1251489 0.1182459 0.0232271 0.1177570 0.0980992 0.1005249 0.1124828 0.1164878 0.1091346 0.0919004 0.1093600 0.1004761 0.0168130 0.0962595 0.1150995 0.1243751 0.0746347 0.0203665 0.1101835 0.1085336 0.0995897 0.1211274 0.1084143 0.1169053 0.1073276 0.1018426 0.0868208 0.0171228 0.1587476 0.1305340 0.0084432 0.1287223 0.0887843 0.1147212 0.0900222 0.1008426 0.0893565 0.0860122 0.1261122 0.0775063 0.1155223 0.0897064 0.1052869 0.1166624 0.0997517 0.0927014 0.0583055 0.1167479 0.1160432 0.1128671 0.1143993 0.1346688 0.1019164 0.1493233 0.1154701 0.0721553 0.0882085 0.1176678 0.1163902 0.1484436 0.0850076 0.1553199 0.0909033 0.1176168 0.1093181 0.0758362 0.1078556 0.1137578 0.1510739 0.1009559 0.1098754 0.1022986 0.1121619 0.1114629 0.1153990 0.0186725 0.1124572 0.1195487 0.0803717 0.0190793 0.0213711 0.1040640 0.0679804 0.1230358 0.1027727 0.0989995 0.1001421 0.1076236 0.1081718 0.1027397 0.1165901 0.1008947 0.0996730 0.1150205 0.1129369 0.0952242 0.1082294 0.1022457 0.1159762 0.1020778 0.1097976 0.1046672 0.1132851 0.1113307 0.1034902 0.1131723 0.1136348 0.0966149 0.1271868 0.1100467 0.1137597 0.1127138 0.0990430 0.1587028 0.0877522 0.1065695 0.1097521 0.1057806 
S0308         0.2335772 0.1150722 0.1074015 0.1206441 0.1112637 0.1130442 0.0955339 0.1160609 0.1090184 0.1248492 0.1449581 0.1212392 0.0749770 0.0000000 0.1225431 0.0803551 0.0975085 0.1342553 0.1247420 0.0822192 0.1331002 0.1087308 0.1125486 0.1260207 0.1260080 0.1166794 0.1031054 0.1157840 0.1064840 0.0674416 0.0998930 0.1226811 0.1342856 0.0838024 0.0720205 0.1197190 0.1222198 0.1095336 0.1311804 0.1177761 0.1203907 0.1207898 0.1129381 0.1027055 0.0746016 0.1650702 0.1402723 0.0737682 0.1364246 0.0979557 0.1247276 0.0983485 0.1131814 0.0990539 0.0967321 0.1296837 0.0893402 0.1217747 0.0988404 0.1122654 0.1209920 0.1063147 0.1036867 0.0806655 0.1277842 0.1205392 0.1234863 0.1247247 0.1431727 0.1097163 0.1674748 0.1208625 0.0846223 0.1030689 0.1234276 0.1229308 0.1602555 0.0944273 0.1688325 0.0953934 0.1243875 0.1199164 0.0855375 0.1212867 0.1154951 0.1651663 0.1129964 0.1196422 0.1137313 0.1145573 0.1147617 0.1224015 0.0729252 0.1157448 0.1311044 0.0881707 0.0725838 0.0745943 0.1148297 0.0803327 0.1284606 0.1092594 0.1098298 0.1114954 0.1142914 0.1173698 0.1097365 0.1183559 0.1091969 0.1038554 0.1236544 0.1249627 0.1020619 0.1198910 0.1110990 0.1210669 0.1102111 0.1123105 0.1131953 0.1184334 0.1212203 0.1161510 0.1175136 0.1167461 0.1089463 0.1338066 0.1201088 0.1174665 0.1190417 0.1044302 0.1613458 0.1017493 0.1131957 0.1210837 0.1059233 
S0320         0.2198771 0.0923061 0.0903596 0.0397934 0.0897672 0.0883609 0.1375275 0.0340553 0.0874887 0.1012619 0.1153821 0.0498412 0.1125434 0.1225431 0.0000000 0.1130284 0.0297665 0.1050422 0.1032632 0.1207171 0.1024391 0.0867450 0.0887422 0.0417901 0.1061552 0.0381439 0.0848483 0.0938054 0.0471326 0.1054756 0.0511068 0.0935581 0.1105817 0.1090948 0.1109662 0.0414920 0.0991124 0.0894399 0.0543031 0.0690422 0.0834254 0.0978200 0.0883292 0.0836276 0.1113744 0.1407756 0.1195342 0.1111489 0.1148481 0.0806554 0.0938707 0.0793382 0.0897486 0.0798021 0.0771607 0.1100207 0.0728369 0.0728549 0.1200439 0.0698828 0.0721125 0.0868865 0.0279884 0.1088514 0.0996435 0.1013963 0.0934507 0.0931569 0.1254568 0.0964821 0.1375199 0.1073132 0.1095388 0.1200824 0.0995751 0.0987869 0.1289077 0.0727137 0.1405923 0.0572268 0.1031505 0.0918809 0.1113034 0.0929327 0.0963228 0.1346289 0.0903135 0.1063554 0.0899402 0.0396891 0.0744205 0.0791249 0.1121344 0.0726054 0.0520388 0.1089099 0.1115871 0.1143275 0.0920662 0.1059441 0.1050256 0.0897028 0.0882724 0.0888172 0.0991816 0.1000966 0.0892717 0.0647592 0.0869079 0.0845214 0.0363377 0.1064177 0.0895650 0.0380162 0.0973727 0.0823235 0.0905509 0.0928823 0.0870020 0.1003247 0.0423141 0.0995098 0.0737040 0.1022865 0.0861929 0.1041403 0.0949851 0.0787803 0.0923402 0.0851056 0.1635871 0.0795611 0.0892835 0.0947387 0.0869500 
S0322         0.2375360 0.1048126 0.1007222 0.1130671 0.1006180 0.1022281 0.0355862 0.1068936 0.1009025 0.1147307 0.1341159 0.1111388 0.0281043 0.0803551 0.1130284 0.0000000 0.0898277 0.1255270 0.1185412 0.0246632 0.1202240 0.0991836 0.1011039 0.1156849 0.1187114 0.1071134 0.0969446 0.1061249 0.1030316 0.0229099 0.0978062 0.1137704 0.1272936 0.0778053 0.0257780 0.1143838 0.1078228 0.0988810 0.1209947 0.1136478 0.1185442 0.1096347 0.1054443 0.0914589 0.0241836 0.1613698 0.1349434 0.0275827 0.1326066 0.0895027 0.1165141 0.0940342 0.1024708 0.0933590 0.0929536 0.1263698 0.0815640 0.1190951 0.0931424 0.1106761 0.1169565 0.1026466 0.0992693 0.0625391 0.1197923 0.1157193 0.1146763 0.1162308 0.1339278 0.1059075 0.1541339 0.1202508 0.0805833 0.0922180 0.1180262 0.1144908 0.1516666 0.0894516 0.1593408 0.0971514 0.1172701 0.1099936 0.0820204 0.1095281 0.1148012 0.1584582 0.1014071 0.1122176 0.1059708 0.1108381 0.1130905 0.1209221 0.0200231 0.1110869 0.1182296 0.0796601 0.0247023 0.0236859 0.1033727 0.0685402 0.1196131 0.1087240 0.0988827 0.1012606 0.1094779 0.1074346 0.1043526 0.1176324 0.1061661 0.1013636 0.1167429 0.1134783 0.1010814 0.1114607 0.1087615 0.1190577 0.1025307 0.1084798 0.1034359 0.1150147 0.1102459 0.1051070 0.1172168 0.1140689 0.0999423 0.1238487 0.1123238 0.1159945 0.1162240 0.0989747 0.1587614 0.0916488 0.1053312 0.1110032 0.1050607 
S0327         0.1957748 0.0626555 0.0647472 0.0258764 0.0634225 0.0600344 0.1127316 0.0247545 0.0596678 0.0740183 0.0873312 0.0353849 0.0911328 0.0975085 0.0297665 0.0898277 0.0000000 0.0813775 0.0818828 0.0991289 0.0770007 0.0580279 0.0591078 0.0298739 0.0745497 0.0178793 0.0585003 0.0644273 0.0312803 0.0830004 0.0285814 0.0706116 0.0790157 0.0924974 0.0852532 0.0277429 0.0690437 0.0587936 0.0347641 0.0431579 0.0570186 0.0700731 0.0633687 0.0563400 0.0883230 0.1164730 0.0897966 0.0890713 0.0933894 0.0520404 0.0720555 0.0554564 0.0586688 0.0555239 0.0545497 0.0870917 0.0475895 0.0509665 0.0940417 0.0459789 0.0466279 0.0602691 0.0184666 0.0872559 0.0776150 0.0740933 0.0716076 0.0733594 0.0953373 0.0737244 0.1122294 0.0849005 0.0900563 0.1007440 0.0745679 0.0722802 0.1078232 0.0519193 0.1161102 0.0334258 0.0755921 0.0639387 0.0890855 0.0684301 0.0715173 0.1141281 0.0600416 0.0759929 0.0658680 0.0213578 0.0482920 0.0554166 0.0870139 0.0447753 0.0354908 0.0900295 0.0884521 0.0893527 0.0607844 0.0825574 0.0818640 0.0626266 0.0578489 0.0587750 0.0691185 0.0703249 0.0614819 0.0442255 0.0619335 0.0560495 0.0260951 0.0736231 0.0654678 0.0268967 0.0762699 0.0548425 0.0613818 0.0630986 0.0609371 0.0712277 0.0288505 0.0666750 0.0488144 0.0711216 0.0585026 0.0826117 0.0720047 0.0531015 0.0686649 0.0569317 0.1327618 0.0553415 0.0626545 0.0671299 0.0597271 
S0335         0.2348924 0.0885849 0.0979533 0.1026911 0.0941914 0.0843131 0.1457571 0.1000195 0.0729660 0.1009389 0.1143740 0.1084663 0.1251489 0.1342553 0.1050422 0.1255270 0.0813775 0.0000000 0.0638620 0.1322618 0.1042969 0.0800047 0.0877317 0.1041867 0.1014786 0.0929492 0.0846535 0.0953505 0.0920133 0.1150519 0.0883340 0.0835381 0.1074763 0.1221977 0.1211800 0.1039249 0.0947111 0.0835197 0.1074656 0.1003947 0.1112966 0.0930353 0.0887744 0.0802966 0.1244658 0.1494200 0.1141171 0.1192553 0.1250722 0.0764791 0.0866165 0.0853839 0.0863594 0.0858547 0.0855248 0.0987711 0.0710799 0.1059772 0.1342097 0.0962750 0.0990776 0.0772277 0.0904702 0.1172919 0.0903009 0.0879938 0.0833242 0.0881954 0.1232211 0.1037274 0.1463659 0.1101960 0.1222627 0.1278704 0.0874610 0.0864976 0.1400803 0.0807260 0.1522158 0.0871329 0.0924918 0.0680384 0.1231297 0.0937718 0.0818541 0.1514726 0.0865829 0.1020979 0.0795072 0.0974235 0.0999551 0.1100274 0.1192344 0.0986340 0.1067906 0.1204574 0.1211385 0.1214135 0.0865385 0.1110201 0.0616350 0.0791140 0.0838468 0.0869651 0.0936387 0.0827960 0.0827022 0.1020661 0.0764127 0.0703440 0.1048224 0.0978118 0.0918108 0.0997842 0.1065228 0.1084872 0.0841140 0.0739339 0.0577079 0.1002807 0.0999558 0.0916839 0.0994787 0.0960873 0.0729447 0.0618909 0.0259987 0.1039986 0.0848366 0.0733200 0.1700875 0.0854820 0.0614106 0.0973209 0.0750181 
S0345         0.2189449 0.0859482 0.0856175 0.0993839 0.0959037 0.0844727 0.1359314 0.0968891 0.0711223 0.0913159 0.1151363 0.1114544 0.1182459 0.1247420 0.1032632 0.1185412 0.0818828 0.0638620 0.0000000 0.1236204 0.0997519 0.0771798 0.0833414 0.1042362 0.1018331 0.0983350 0.0787331 0.0931795 0.0917794 0.1083558 0.0803152 0.0838972 0.1075492 0.1189261 0.1112631 0.1049542 0.0946334 0.0826621 0.1109378 0.0950644 0.1074873 0.0890358 0.0842334 0.0808267 0.1160635 0.1414391 0.1176217 0.1151052 0.1146850 0.0726780 0.0849970 0.0804774 0.0847300 0.0776740 0.0771778 0.1062734 0.0684187 0.0973144 0.1318899 0.0919206 0.0947127 0.0723124 0.0820506 0.1079975 0.0881056 0.0922715 0.0802877 0.0808028 0.1157654 0.1000682 0.1378996 0.1109560 0.1180817 0.1242498 0.0907395 0.0840502 0.1328647 0.0741319 0.1433669 0.0783460 0.0954748 0.0628906 0.1234856 0.0855315 0.0844199 0.1383345 0.0821264 0.0983846 0.0834475 0.0986777 0.0960551 0.0948617 0.1170232 0.0884765 0.1091194 0.1219012 0.1149796 0.1197558 0.0832080 0.1130018 0.0315129 0.0732209 0.0774087 0.0840418 0.0924062 0.0828086 0.0836348 0.0955666 0.0697026 0.0685446 0.0991530 0.0940011 0.0858272 0.0996674 0.1011318 0.1041646 0.0853254 0.0768448 0.0500527 0.0965416 0.1037818 0.0908431 0.1025738 0.0902320 0.0712330 0.0343066 0.0487091 0.1004872 0.0918297 0.0703328 0.1541780 0.0783339 0.0531578 0.0934784 0.0756902 
S0355         0.2452646 0.1104921 0.1045611 0.1187978 0.1092207 0.1091179 0.0356104 0.1144272 0.1084187 0.1188881 0.1402496 0.1183947 0.0232271 0.0822192 0.1207171 0.0246632 0.0991289 0.1322618 0.1236204 0.0000000 0.1203046 0.1053290 0.1041436 0.1218771 0.1236185 0.1196932 0.1029285 0.1124171 0.1065068 0.0267274 0.1027844 0.1233855 0.1306960 0.0800948 0.0308114 0.1207286 0.1159926 0.1056868 0.1325656 0.1155002 0.1250789 0.1134272 0.1076750 0.0970182 0.0279275 0.1659968 0.1393660 0.0265766 0.1329623 0.0936959 0.1229755 0.1013461 0.1093445 0.1006516 0.0972216 0.1318742 0.0870671 0.1222879 0.1002707 0.1144889 0.1234804 0.1069772 0.1048491 0.0685856 0.1271499 0.1242319 0.1204689 0.1227063 0.1387207 0.1134792 0.1580231 0.1207044 0.0831186 0.0978164 0.1253382 0.1247289 0.1561906 0.0953466 0.1631668 0.0996404 0.1265048 0.1142171 0.0861378 0.1158823 0.1212976 0.1595936 0.1076544 0.1146339 0.1090068 0.1222102 0.1207839 0.1254109 0.0300509 0.1198411 0.1283194 0.0854340 0.0309620 0.0313595 0.1090334 0.0759800 0.1274519 0.1125843 0.1064091 0.1062780 0.1138588 0.1134532 0.1118504 0.1221750 0.1093630 0.1081873 0.1250710 0.1185177 0.1066982 0.1164802 0.1138502 0.1259984 0.1087733 0.1172320 0.1114389 0.1212579 0.1188950 0.1112770 0.1248081 0.1199632 0.1067407 0.1318718 0.1162963 0.1235214 0.1227092 0.1062485 0.1708703 0.0974895 0.1121871 0.1155129 0.1125311 
S0376         0.2122831 0.0660762 0.0789300 0.0992196 0.0898483 0.0578654 0.1381405 0.0943405 0.0771954 0.0678173 0.0933044 0.1061611 0.1177570 0.1331002 0.1024391 0.1202240 0.0770007 0.1042969 0.0997519 0.1203046 0.0000000 0.0597400 0.0625055 0.1010515 0.0812078 0.0918152 0.0805362 0.0392613 0.0843215 0.1120611 0.0708539 0.0903250 0.0863844 0.1180927 0.1123442 0.1028275 0.0767696 0.0627860 0.1037533 0.0878540 0.0969134 0.0745703 0.0635063 0.0762826 0.1156521 0.1312049 0.0893141 0.1193837 0.0960218 0.0516443 0.0892927 0.0803252 0.0627939 0.0785447 0.0756656 0.1044693 0.0672023 0.0932205 0.1337411 0.0875538 0.0923988 0.0736610 0.0831550 0.1064449 0.0964621 0.0910312 0.0881617 0.0882382 0.0915423 0.0972131 0.1268150 0.0915180 0.1098900 0.1337968 0.0963440 0.0919201 0.1209667 0.0774782 0.1313024 0.0672768 0.0952785 0.0887750 0.1181234 0.0749524 0.0891581 0.1292455 0.0629263 0.0823232 0.0830672 0.0972109 0.0888983 0.0882245 0.1186157 0.0918522 0.1064184 0.1152818 0.1167490 0.1177475 0.0632299 0.1065151 0.1038286 0.0813717 0.0652846 0.0627477 0.0757759 0.0927287 0.0705845 0.0924395 0.0770010 0.0761139 0.0995978 0.0798855 0.0868086 0.0950603 0.0993804 0.0964637 0.0637518 0.0816198 0.0813506 0.0780713 0.0982100 0.0731697 0.0942071 0.0700947 0.0602239 0.1052542 0.0931191 0.0955840 0.0941207 0.0712752 0.1534365 0.0750758 0.0862187 0.0354558 0.0742276 
S0400         0.2004142 0.0347172 0.0731009 0.0807481 0.0723131 0.0133945 0.1166022 0.0765413 0.0592583 0.0245100 0.0604458 0.0894729 0.0980992 0.1087308 0.0867450 0.0991836 0.0580279 0.0800047 0.0771798 0.1053290 0.0597400 0.0000000 0.0171574 0.0853697 0.0651163 0.0726914 0.0614314 0.0547686 0.0753282 0.0901694 0.0628097 0.0742189 0.0644695 0.1013561 0.0919436 0.0836028 0.0323048 0.0161291 0.0881139 0.0751946 0.0859232 0.0505030 0.0152623 0.0596314 0.0968882 0.1229064 0.0798970 0.0961482 0.0882521 0.0101256 0.0767041 0.0609411 0.0124492 0.0604041 0.0583206 0.0884828 0.0497473 0.0817431 0.1110933 0.0746293 0.0776780 0.0609258 0.0670493 0.0943899 0.0791175 0.0750074 0.0739574 0.0756890 0.0650686 0.0813997 0.1198141 0.0800888 0.0996161 0.1127985 0.0774550 0.0736327 0.1146405 0.0587967 0.1242370 0.0598040 0.0794177 0.0712966 0.0999358 0.0495581 0.0695316 0.1225457 0.0134189 0.0448433 0.0671471 0.0763952 0.0774530 0.0861136 0.0941763 0.0721737 0.0891563 0.0989878 0.0955199 0.0958163 0.0174776 0.0923283 0.0787034 0.0641813 0.0163104 0.0166012 0.0412285 0.0698475 0.0412076 0.0789181 0.0623429 0.0562186 0.0818254 0.0428042 0.0656473 0.0792271 0.0839176 0.0847455 0.0134360 0.0640481 0.0602567 0.0308504 0.0795255 0.0357628 0.0805463 0.0367114 0.0371760 0.0801367 0.0704823 0.0812751 0.0737651 0.0582287 0.1449951 0.0569336 0.0639800 0.0540126 0.0614427 
S0405         0.2069319 0.0370274 0.0770858 0.0808794 0.0757408 0.0210201 0.1193625 0.0773330 0.0623653 0.0329701 0.0658293 0.0879976 0.1005249 0.1125486 0.0887422 0.1011039 0.0591078 0.0877317 0.0833414 0.1041436 0.0625055 0.0171574 0.0000000 0.0878884 0.0676678 0.0738598 0.0658452 0.0589835 0.0753600 0.0919350 0.0616912 0.0786833 0.0666417 0.1045606 0.0943350 0.0843044 0.0365376 0.0172144 0.0866675 0.0705569 0.0883902 0.0530687 0.0234567 0.0633465 0.0981307 0.1270978 0.0855914 0.0985306 0.0907387 0.0144911 0.0811621 0.0657667 0.0204891 0.0652180 0.0636161 0.0931397 0.0533810 0.0807056 0.1127035 0.0762904 0.0783814 0.0645729 0.0697610 0.0962111 0.0836550 0.0807247 0.0794386 0.0801651 0.0685215 0.0836863 0.1222012 0.0858450 0.1042077 0.1117851 0.0814109 0.0778266 0.1187684 0.0633719 0.1247711 0.0595594 0.0841445 0.0751031 0.1030488 0.0504034 0.0743656 0.1228164 0.0200686 0.0467390 0.0682185 0.0770831 0.0792502 0.0878944 0.0972060 0.0711191 0.0905490 0.1015877 0.0979108 0.0993543 0.0190386 0.0950416 0.0853642 0.0672871 0.0235779 0.0167638 0.0466469 0.0764893 0.0455961 0.0773122 0.0675611 0.0624268 0.0831996 0.0451797 0.0710849 0.0822628 0.0856255 0.0860930 0.0206180 0.0699362 0.0649851 0.0354782 0.0786545 0.0395229 0.0801526 0.0436411 0.0420112 0.0879282 0.0769195 0.0836741 0.0782070 0.0618528 0.1396003 0.0627134 0.0687833 0.0560324 0.0656188 
S0407sl       0.2230031 0.0908944 0.0879240 0.0363794 0.0909078 0.0899697 0.1365239 0.0333195 0.0860141 0.0990802 0.1131799 0.0472899 0.1124828 0.1260207 0.0417901 0.1156849 0.0298739 0.1041867 0.1042362 0.1218771 0.1010515 0.0853697 0.0878884 0.0000000 0.1082964 0.0372952 0.0831299 0.0929021 0.0456625 0.1063162 0.0518044 0.0957118 0.1068362 0.1132792 0.1090859 0.0381652 0.0989507 0.0880208 0.0515156 0.0663988 0.0809744 0.0969623 0.0881243 0.0792751 0.1096805 0.1394952 0.1188268 0.1131880 0.1132446 0.0774173 0.0960389 0.0790619 0.0861151 0.0790934 0.0759006 0.1118399 0.0690481 0.0719364 0.1219540 0.0662996 0.0708622 0.0843764 0.0286876 0.1099029 0.1020295 0.1016921 0.0938749 0.0964820 0.1228170 0.0987564 0.1371944 0.1057201 0.1114328 0.1220292 0.0982443 0.0974263 0.1312679 0.0749348 0.1383475 0.0563685 0.1046288 0.0915565 0.1123924 0.0915121 0.0961913 0.1339787 0.0877613 0.1033248 0.0896864 0.0324488 0.0708270 0.0765686 0.1110517 0.0718087 0.0471026 0.1150940 0.1124745 0.1158003 0.0895219 0.1044197 0.1082911 0.0859581 0.0851381 0.0862781 0.0965766 0.0973108 0.0861801 0.0638669 0.0860602 0.0807921 0.0341994 0.1026414 0.0882991 0.0054530 0.0990873 0.0746487 0.0885438 0.0907767 0.0879523 0.0982310 0.0394816 0.0957851 0.0740366 0.0972611 0.0836723 0.1081168 0.0952630 0.0746228 0.0953223 0.0831610 0.1594161 0.0748994 0.0908917 0.0921216 0.0855421 
S0412sl       0.2043250 0.0705667 0.0906128 0.0960130 0.0907711 0.0659511 0.1372267 0.0968731 0.0740623 0.0792081 0.0877881 0.1026898 0.1164878 0.1260080 0.1061552 0.1187114 0.0745497 0.1014786 0.1018331 0.1236185 0.0812078 0.0651163 0.0676678 0.1082964 0.0000000 0.0907525 0.0838718 0.0729128 0.0930391 0.1101340 0.0778186 0.0902464 0.0799177 0.1192114 0.1082079 0.1001771 0.0765732 0.0633171 0.1053567 0.0895130 0.0973161 0.0764815 0.0710724 0.0767340 0.1151028 0.1244921 0.0782607 0.1155346 0.1090895 0.0587433 0.0911836 0.0780764 0.0665787 0.0774898 0.0795664 0.1022128 0.0645575 0.0981963 0.1213136 0.0930491 0.0984393 0.0768258 0.0863539 0.1175946 0.0923189 0.0828897 0.0900875 0.0912805 0.0897302 0.0933839 0.1247347 0.1015598 0.1109064 0.1162995 0.0908379 0.0909516 0.1172187 0.0781512 0.1277812 0.0837811 0.0885433 0.0833534 0.1152732 0.0776291 0.0812104 0.1296471 0.0678221 0.0851770 0.0832072 0.1031732 0.0929208 0.1022681 0.1115746 0.0936087 0.1057607 0.1120379 0.1149936 0.1136774 0.0671052 0.0991585 0.1006419 0.0799986 0.0659456 0.0653159 0.0733485 0.0840272 0.0677703 0.0974799 0.0792155 0.0776182 0.1022822 0.0825504 0.0852211 0.1021802 0.0980509 0.0989539 0.0657748 0.0773923 0.0806816 0.0794099 0.0966588 0.0687060 0.0986736 0.0727204 0.0612854 0.1017213 0.0891967 0.0970624 0.0866628 0.0733605 0.1518020 0.0813104 0.0821278 0.0706999 0.0754145 
S0417         0.2058602 0.0779231 0.0816892 0.0323129 0.0800278 0.0735853 0.1316958 0.0292226 0.0723285 0.0895249 0.0993356 0.0389162 0.1091346 0.1166794 0.0381439 0.1071134 0.0178793 0.0929492 0.0983350 0.1196932 0.0918152 0.0726914 0.0738598 0.0372952 0.0907525 0.0000000 0.0732795 0.0782271 0.0388631 0.1009867 0.0404163 0.0819837 0.0961082 0.1073746 0.1034259 0.0331771 0.0844193 0.0716275 0.0410815 0.0580848 0.0667815 0.0827164 0.0811619 0.0675186 0.1061364 0.1275118 0.1046738 0.1040861 0.1070166 0.0660801 0.0838687 0.0686066 0.0733632 0.0686333 0.0688058 0.1004237 0.0580077 0.0639775 0.1091656 0.0547839 0.0589435 0.0749571 0.0243099 0.1032800 0.0889845 0.0882580 0.0823852 0.0859940 0.1141523 0.0875859 0.1238510 0.1027555 0.1025636 0.1129488 0.0867952 0.0848163 0.1188850 0.0647639 0.1264558 0.0482051 0.0898896 0.0814899 0.1049021 0.0826175 0.0846695 0.1258564 0.0747747 0.0909823 0.0772309 0.0283424 0.0565630 0.0647372 0.1038106 0.0589813 0.0418048 0.1052323 0.1058692 0.1060860 0.0754566 0.0927815 0.0978851 0.0762737 0.0726935 0.0718188 0.0860995 0.0870580 0.0746045 0.0554501 0.0755113 0.0697575 0.0300322 0.0875132 0.0786871 0.0340444 0.0908117 0.0646203 0.0750982 0.0795634 0.0751532 0.0855892 0.0352662 0.0825679 0.0633435 0.0848079 0.0704964 0.0969396 0.0839942 0.0612351 0.0828721 0.0705083 0.1460333 0.0678301 0.0774398 0.0797495 0.0722081 
S0419         0.2221503 0.0654462 0.0191888 0.0785274 0.0446984 0.0625346 0.1188628 0.0743733 0.0621079 0.0763964 0.0890604 0.0891490 0.0919004 0.1031054 0.0848483 0.0969446 0.0585003 0.0846535 0.0787331 0.1029285 0.0805362 0.0614314 0.0658452 0.0831299 0.0838718 0.0732795 0.0000000 0.0726988 0.0680664 0.0854784 0.0657456 0.0762464 0.0907960 0.0936271 0.0869782 0.0794700 0.0778061 0.0662669 0.0883613 0.0730959 0.0845855 0.0781004 0.0630653 0.0313037 0.0938408 0.1258719 0.0974355 0.0919612 0.0961942 0.0535322 0.0787347 0.0090037 0.0655643 0.0095315 0.0068628 0.0957168 0.0197609 0.0820575 0.1067483 0.0721364 0.0765571 0.0602799 0.0702388 0.0911909 0.0821789 0.0768721 0.0759446 0.0767916 0.1017829 0.0470994 0.1222519 0.0908930 0.0932099 0.1088312 0.0827409 0.0789981 0.1158094 0.0048779 0.1245518 0.0539973 0.0780325 0.0723560 0.0945708 0.0764357 0.0765567 0.1213303 0.0658234 0.0804268 0.0696568 0.0805065 0.0726439 0.0827686 0.0903809 0.0750995 0.0854510 0.0923654 0.0913729 0.0939241 0.0686277 0.0790337 0.0827305 0.0696912 0.0636688 0.0650575 0.0767210 0.0755489 0.0674244 0.0813970 0.0690505 0.0613369 0.0807838 0.0767998 0.0171877 0.0773191 0.0485182 0.0825047 0.0664487 0.0691764 0.0646975 0.0815949 0.0783390 0.0706470 0.0767084 0.0808203 0.0619368 0.0870564 0.0757934 0.0804321 0.0772320 0.0570911 0.1350816 0.0474273 0.0667079 0.0724592 0.0642067 
S0427         0.2109083 0.0570409 0.0810884 0.0859504 0.0833580 0.0557042 0.1280207 0.0822816 0.0687723 0.0674677 0.0857126 0.0930201 0.1093600 0.1157840 0.0938054 0.1061249 0.0644273 0.0953505 0.0931795 0.1124171 0.0392613 0.0547686 0.0589835 0.0929021 0.0729128 0.0782271 0.0726988 0.0000000 0.0745736 0.1006554 0.0660873 0.0809707 0.0759468 0.1038153 0.1036066 0.0899584 0.0700272 0.0549613 0.0903143 0.0782178 0.0879536 0.0645622 0.0612366 0.0681865 0.1064440 0.1274548 0.0850650 0.1066883 0.0920587 0.0468254 0.0841199 0.0704971 0.0586346 0.0688743 0.0694747 0.0968484 0.0576272 0.0886066 0.1187070 0.0793612 0.0822959 0.0677029 0.0736895 0.1013526 0.0882950 0.0833522 0.0829790 0.0855200 0.0879227 0.0909965 0.1269910 0.0870189 0.1077765 0.1226636 0.0837474 0.0796748 0.1196698 0.0663072 0.1288377 0.0624199 0.0821602 0.0800708 0.1065599 0.0707249 0.0763286 0.1278170 0.0582599 0.0718584 0.0768495 0.0836706 0.0783165 0.0876287 0.1046964 0.0800156 0.0926393 0.1014963 0.1054219 0.1051474 0.0574417 0.0952075 0.0904474 0.0749535 0.0575835 0.0550024 0.0674376 0.0846763 0.0627241 0.0827082 0.0723951 0.0689195 0.0904002 0.0707040 0.0777578 0.0861821 0.0936801 0.0869289 0.0583823 0.0739070 0.0692350 0.0702260 0.0841056 0.0655539 0.0828940 0.0640628 0.0536566 0.0930791 0.0841902 0.0861701 0.0819900 0.0628221 0.1432046 0.0657779 0.0731767 0.0323124 0.0676654 
S0428sl       0.2038462 0.0754749 0.0609861 0.0445797 0.0818228 0.0771239 0.1275628 0.0377689 0.0701398 0.0803932 0.1036296 0.0546075 0.1004761 0.1064840 0.0471326 0.1030316 0.0312803 0.0920133 0.0917794 0.1065068 0.0843215 0.0753282 0.0753600 0.0456625 0.0930391 0.0388631 0.0680664 0.0745736 0.0000000 0.0912065 0.0321112 0.0852415 0.0933426 0.1019740 0.0923024 0.0454083 0.0875344 0.0744562 0.0509545 0.0534427 0.0633989 0.0761273 0.0790714 0.0658512 0.0986542 0.1232758 0.1015822 0.0996692 0.0973009 0.0674064 0.0837115 0.0672186 0.0761171 0.0652867 0.0644057 0.1015427 0.0564625 0.0557817 0.1096964 0.0511974 0.0575727 0.0711842 0.0350185 0.0934505 0.0889447 0.0865468 0.0811871 0.0818356 0.1113379 0.0831989 0.1227045 0.0900226 0.0944175 0.1144174 0.0852639 0.0810916 0.1153454 0.0620084 0.1240844 0.0358447 0.0882996 0.0803758 0.1011449 0.0784286 0.0816505 0.1192711 0.0764006 0.0894573 0.0772156 0.0395395 0.0563994 0.0569978 0.1000606 0.0562733 0.0569308 0.1048720 0.0958564 0.1005369 0.0783935 0.0929062 0.0953461 0.0694978 0.0729149 0.0744366 0.0831868 0.0863418 0.0712217 0.0452875 0.0717173 0.0684077 0.0447523 0.0867624 0.0749752 0.0415733 0.0845977 0.0622850 0.0767483 0.0766582 0.0730442 0.0875426 0.0456903 0.0829234 0.0575739 0.0860863 0.0699087 0.0956631 0.0829803 0.0621638 0.0807245 0.0693460 0.1415880 0.0670239 0.0767242 0.0798114 0.0681149 
