107
S0055       0.0000000 0.0596089 0.1755650 0.0718943 0.0366461 0.1282709 0.1026841 0.0320226 0.1074562 0.1384170 0.0795447 0.1365843 0.1381506 0.1550113 0.0929414 0.1074658 0.0312991 0.0261117 0.1080747 0.0650417 0.1002205 0.0656896 0.0610394 0.1302398 0.1280791 0.1508084 0.1184363 0.0608269 0.0317161 0.1515773 0.1863613 0.0667018 0.0598805 0.1936513 0.0986458 0.1475046 0.0312221 0.0922467 0.0596089 0.0312027 0.0713472 0.1074420 0.0603713 0.1517830 0.1576994 0.1270358 0.0861324 0.1078156 0.1016823 0.1213421 0.1300531 0.1132767 0.0990666 0.1182967 0.0855492 0.1902451 0.1249890 0.1149586 0.1895221 0.1884820 0.1242123 0.1153221 0.0787385 0.1971561 0.0488602 0.0258188 0.1075948 0.1263167 0.1563263 0.1368936 0.1438525 0.1090950 0.0310968 0.1075034 0.1119628 0.1259664 0.0370807 0.0311925 0.0374557 0.1085912 0.0677028 0.1262093 0.1073656 0.1320033 0.0311203 0.0723841 0.0985608 0.1891703 0.0313359 0.0717512 0.0996973 0.0979828 0.0312027 0.1839558 0.0313187 0.1510844 0.0543020 0.0667065 0.0985039 0.0931809 0.1698029 0.1143260 0.0931161 0.0598460 0.0788227 0.0484689 0.0789814 
S0196sl     0.0596089 0.0000000 0.1170857 0.0199235 0.0523685 0.0772330 0.0544551 0.0480769 0.0846918 0.0850841 0.0522876 0.0960182 0.1030857 0.1009686 0.0473541 0.0652695 0.0469916 0.0473642 0.0596817 0.0357294 0.0449310 0.0048803 0.0412217 0.0962385 0.0779133 0.0989100 0.0614313 0.0773603 0.0442173 0.0978685 0.1125240 0.0365593 0.0098177 0.1215083 0.0653236 0.1209078 0.0468740 0.0470567 0.0000010 0.0468368 0.0098010 0.0593232 0.0098931 0.0914826 0.0901708 0.0650056 0.0416545 0.0595936 0.0712103 0.0719947 0.0662030 0.0778842 0.0527975 0.0689496 0.0414199 0.1172601 0.0748527 0.0540190 0.1169943 0.1162879 0.0662030 0.0710512 0.0475569 0.1235096 0.0651620 0.0413541 0.0599694 0.0762574 0.0895899 0.0721978 0.1025020 0.0895429 0.0466675 0.0841445 0.0640591 0.0734796 0.0530136 0.0360332 0.0535482 0.0598509 0.0370557 0.0879102 0.0592506 0.0791084 0.0467142 0.0099041 0.0415974 0.1164009 0.0470395 0.0198847 0.0530496 0.0523302 0.0468368 0.1242502 0.0358636 0.0977184 0.0653182 0.0474946 0.0525775 0.0474828 0.0962556 0.0651465 0.0474386 0.0198301 0.0358156 0.0198395 0.0358848 
S0278       0.1755650 0.1170857 0.0000000 0.1391110 0.1758228 0.0767606 0.1708231 0.1684449 0.1944900 0.0613461 0.1696243 0.0714777 0.2270803 0.0658093 0.1397836 0.1687528 0.1696285 0.1548936 0.0593121 0.1339001 0.0508071 0.1242197 0.1203487 0.2095961 0.2159861 0.2141103 0.0550274 0.1667862 0.1976723 0.1063111 0.1263209 0.1487255 0.1097030 0.1686602 0.1624685 0.2217555 0.1553383 0.1422713 0.1170857 0.1687104 0.1247157 0.1604394 0.1041852 0.0778764 0.1029628 0.0646073 0.1492995 0.0483959 0.1986438 0.2009602 0.1955595 0.2158752 0.1640011 0.1778485 0.1392061 0.1647439 0.0999044 0.1983828 0.1716595 0.1631963 0.1955595 0.1602174 0.1522072 0.1642540 0.1967562 0.1615638 0.1674387 0.0653814 0.1022591 0.0782692 0.0913307 0.2231674 0.1540885 0.1846146 0.1758775 0.1844372 0.1732539 0.1528679 0.1386769 0.1769793 0.1606035 0.0835825 0.1604381 0.1896213 0.1682461 0.1325638 0.1402695 0.1300035 0.1696505 0.1444065 0.1513021 0.1406168 0.1549675 0.0717846 0.1540925 0.1095667 0.1800746 0.1580094 0.1414230 0.1577376 0.1450357 0.1829049 0.1437717 0.1306120 0.1383169 0.1178893 0.1403642 
S0281       0.0718943 0.0199235 0.1391110 0.0000000 0.0640720 0.0969085 0.0667221 0.0485209 0.0855978 0.1055327 0.0527647 0.1040838 0.0907141 0.1144364 0.0590399 0.0659105 0.0585736 0.0590438 0.0785154 0.0360332 0.0633606 0.0251404 0.0525232 0.0840518 0.0909278 0.1062384 0.0864005 0.0902186 0.0582198 0.1117253 0.1347619 0.0479449 0.0200046 0.1357837 0.0659671 0.1076777 0.0584228 0.0586534 0.0199235 0.0583678 0.0199686 0.0715518 0.0201600 0.1123758 0.1106680 0.0839633 0.0531025 0.0837444 0.0719247 0.0848195 0.0788883 0.0908926 0.0646253 0.0699179 0.0527896 0.1316809 0.0823467 0.0661776 0.1313407 0.1305626 0.0788883 0.0836737 0.0420585 0.1380591 0.0775828 0.0413405 0.0735758 0.1009298 0.1098814 0.0918960 0.1162330 0.0904979 0.0581438 0.0850340 0.0762288 0.0866480 0.0648997 0.0472404 0.0655655 0.0722160 0.0425995 0.1008524 0.0714733 0.0790784 0.0466988 0.0306316 0.0475402 0.1383364 0.0586279 0.0303972 0.0649559 0.0528082 0.0583678 0.1522350 0.0416270 0.1188205 0.0705659 0.0592209 0.0530606 0.0591968 0.1184173 0.0775917 0.0591455 0.0303063 0.0469419 0.0303244 0.0470342 
S0282       0.0366461 0.0523685 0.1758228 0.0640720 0.0000000 0.1302989 0.0929141 0.0151893 0.1026351 0.1401167 0.0659253 0.1383412 0.1064835 0.1560525 0.0839287 0.0785309 0.0148634 0.0254450 0.1107822 0.0576210 0.0968815 0.0581638 0.0649589 0.0993722 0.1044900 0.1255019 0.1141613 0.0422710 0.0180845 0.1527777 0.1500971 0.0477924 0.0525974 0.1436230 0.0894433 0.1146095 0.0251881 0.0833335 0.0523685 0.0048875 0.0524884 0.0976110 0.0530160 0.1476714 0.1452689 0.1163312 0.0774786 0.1105205 0.0734403 0.0981940 0.1189225 0.0908778 0.0897979 0.1049961 0.0769819 0.1529946 0.0835822 0.0921243 0.1392103 0.1383914 0.1189225 0.1105465 0.0590905 0.1460594 0.0308621 0.0200029 0.1027145 0.1157147 0.1440929 0.1254677 0.1453375 0.0934802 0.0250940 0.1123611 0.1021025 0.1147884 0.0201048 0.0251667 0.0310467 0.0985970 0.0484612 0.1282729 0.0975322 0.1206223 0.0251100 0.0644862 0.0893567 0.1749623 0.0049066 0.0639473 0.0903279 0.0888726 0.0251746 0.1838664 0.0252614 0.1389885 0.0472220 0.0704716 0.0893249 0.0714300 0.1485322 0.1041241 0.0840813 0.0525643 0.0706078 0.0526099 0.0707467 
S0289       0.1282709 0.0772330 0.0767606 0.0969085 0.1302989 0.0000000 0.1083236 0.1218145 0.1377984 0.0596290 0.1244303 0.0694765 0.1893646 0.0704501 0.1110717 0.1219439 0.1242725 0.1186601 0.0467436 0.1041207 0.0493920 0.0835923 0.0791664 0.1607000 0.1558121 0.1556225 0.0546033 0.1473477 0.1222629 0.0906473 0.1095964 0.1070616 0.0707720 0.1203907 0.1292691 0.1708990 0.1239188 0.0976739 0.0772330 0.1236864 0.0839895 0.1129713 0.0654470 0.0764423 0.0879447 0.0518635 0.0915775 0.0473946 0.1497009 0.1488383 0.1356223 0.1557416 0.1045104 0.1013587 0.1233977 0.1159353 0.0902808 0.1271658 0.1224719 0.1149322 0.1298428 0.1077088 0.1072442 0.1224628 0.1481640 0.1170768 0.1063778 0.0635837 0.0873965 0.0645331 0.0767672 0.1721050 0.1103340 0.1364668 0.1247476 0.1316871 0.1324155 0.1095395 0.0965633 0.1141821 0.1088634 0.0696930 0.1128997 0.1376444 0.1233466 0.0907253 0.1242672 0.1134232 0.1243244 0.1021208 0.0925292 0.1104407 0.1095833 0.0837222 0.1102596 0.0823660 0.1485203 0.0980411 0.1055103 0.1057917 0.1072004 0.1198629 0.1059125 0.0895341 0.0963619 0.0776583 0.0843630 
S0292       0.1026841 0.0544551 0.1708231 0.0667221 0.0929141 0.1083236 0.0000000 0.0891425 0.1103570 0.1332807 0.0926970 0.1454611 0.1282044 0.1502004 0.0488171 0.1090593 0.0869057 0.0876502 0.1161195 0.0733809 0.1087352 0.0605246 0.0676900 0.1386557 0.0654967 0.1388126 0.1269576 0.1233029 0.0770238 0.1523729 0.1700771 0.0680639 0.0432642 0.1547970 0.1020109 0.1697417 0.0866589 0.0257566 0.0544551 0.0865393 0.0662193 0.0149152 0.0436227 0.1555184 0.1425952 0.1219542 0.0318066 0.1158205 0.0994159 0.0597549 0.0368735 0.0654732 0.0312165 0.0938584 0.0927933 0.1508229 0.1159801 0.0423981 0.1574517 0.1494753 0.0486996 0.0488701 0.0735362 0.1575096 0.0944879 0.0802010 0.0551925 0.1346624 0.1414135 0.1317829 0.1388155 0.1196715 0.0861432 0.1139648 0.0661268 0.0100084 0.0877552 0.0865054 0.0953611 0.0152570 0.0765554 0.1480833 0.0204777 0.0150352 0.0862959 0.0671755 0.0933706 0.1731813 0.0869688 0.0665869 0.0099351 0.0539496 0.0733809 0.1622488 0.0737604 0.1549990 0.1150081 0.0879874 0.0657650 0.0489535 0.1533597 0.0256530 0.0436033 0.0546681 0.0368667 0.0547190 0.0260805 
S0293       0.0320226 0.0480769 0.1684449 0.0485209 0.0151893 0.1218145 0.0891425 0.0000000 0.0854465 0.1226775 0.0553709 0.1221115 0.0956805 0.1405142 0.0800822 0.0745448 0.0100853 0.0207350 0.1018133 0.0423080 0.0862927 0.0539555 0.0607996 0.0885800 0.1069113 0.1290132 0.1177474 0.0490443 0.0119607 0.1367848 0.1477545 0.0547745 0.0482907 0.1482730 0.0671408 0.1037158 0.0152316 0.0730542 0.0480769 0.0100578 0.0481898 0.0871807 0.0486847 0.1394161 0.1370877 0.1075601 0.0671528 0.1072380 0.0626646 0.1004555 0.1084632 0.0929344 0.0795038 0.0912860 0.0730403 0.1441904 0.0785799 0.0942427 0.1437678 0.1429049 0.1010987 0.1008887 0.0548320 0.1508709 0.0262068 0.0152742 0.0956581 0.1255868 0.1359650 0.1093701 0.1337188 0.0825905 0.0204457 0.0959399 0.0918956 0.1114636 0.0153532 0.0205041 0.0263655 0.0949810 0.0555725 0.1124991 0.0939296 0.1174800 0.0204575 0.0603464 0.0856554 0.1675599 0.0100992 0.0598331 0.0866024 0.0730676 0.0205106 0.1825815 0.0205809 0.1306319 0.0370681 0.0664354 0.0734427 0.0664897 0.1474518 0.1006642 0.0737116 0.0482575 0.0665659 0.0482979 0.0605166 
S0294       0.1074562 0.0846918 0.1944900 0.0855978 0.1026351 0.1377984 0.1103570 0.0854465 0.0000000 0.1651720 0.0928220 0.1542856 0.1223960 0.1495931 0.1001370 0.1153164 0.0967620 0.0851744 0.1240953 0.0782088 0.1221787 0.0912941 0.0995412 0.1217614 0.1302578 0.1764007 0.1264813 0.1413030 0.1032750 0.1735067 0.1999869 0.0666444 0.0851014 0.1642708 0.1139886 0.1209516 0.1039196 0.0925097 0.0846918 0.0963507 0.0848936 0.1078008 0.0858155 0.1633238 0.1794167 0.1522235 0.0931358 0.1304665 0.0874008 0.1233583 0.1009025 0.1301999 0.0857619 0.0821597 0.1117739 0.1603765 0.1487663 0.1153688 0.1671278 0.1522045 0.0951995 0.1097136 0.0929029 0.1604352 0.1187273 0.0973543 0.1143108 0.1495931 0.1777001 0.1633433 0.1687186 0.1154198 0.1032591 0.1160248 0.0994771 0.1344123 0.1041716 0.1037130 0.1131063 0.1163522 0.0853896 0.1412054 0.1161975 0.1405108 0.1034686 0.0852627 0.1125329 0.2131903 0.0895491 0.0978397 0.1070839 0.0800765 0.0902976 0.1742320 0.0908019 0.1637242 0.1328316 0.0794561 0.0930181 0.0915675 0.1717444 0.1074149 0.1078357 0.0721664 0.0733466 0.0730179 0.0857428 
S0299       0.1384170 0.0850841 0.0613461 0.1055327 0.1401167 0.0596290 0.1332807 0.1226775 0.1651720 0.0000000 0.1340914 0.0543048 0.1868914 0.0550915 0.1352567 0.1318921 0.1339594 0.1282345 0.0426319 0.1002076 0.0275731 0.0916925 0.0872956 0.1717015 0.1765348 0.1751277 0.0442692 0.1601419 0.1408955 0.0875246 0.0866674 0.1221054 0.0783463 0.1401667 0.1256169 0.1824800 0.1234482 0.1076973 0.0850841 0.1332972 0.0921214 0.1240285 0.0728991 0.0591739 0.0660242 0.0417449 0.1067943 0.0375698 0.1605456 0.1691202 0.1624842 0.1764493 0.1282528 0.1327642 0.1198086 0.1358000 0.0782670 0.1601198 0.1426825 0.1345506 0.1448126 0.1324542 0.1165778 0.1427093 0.1589003 0.1264732 0.1313405 0.0484437 0.0656453 0.0418022 0.0536615 0.1837501 0.1194773 0.1469329 0.1401108 0.1589835 0.1424880 0.1185852 0.1193661 0.1393751 0.1242467 0.0661167 0.1377251 0.1650478 0.1329254 0.0991716 0.1206593 0.0909104 0.1340070 0.1108405 0.1157304 0.1343423 0.1332972 0.0813286 0.1194125 0.0765668 0.1592820 0.1076358 0.1217366 0.1221245 0.1029290 0.1452599 0.1142684 0.0978176 0.1190779 0.0855826 0.0990384 
S0308       0.0795447 0.0522876 0.1696243 0.0527647 0.0659253 0.1244303 0.0926970 0.0553709 0.0928220 0.1340914 0.0000000 0.1323586 0.0533417 0.1425352 0.0837497 0.0859718 0.0655892 0.0661261 0.1050004 0.0533678 0.0900419 0.0580677 0.0648422 0.0474563 0.1257875 0.1230882 0.1126673 0.0929608 0.0598003 0.1543338 0.1656801 0.0609586 0.0525154 0.1553951 0.0856268 0.0734616 0.0654149 0.0831578 0.0522876 0.0653467 0.0472833 0.0973802 0.0529326 0.1210769 0.1392673 0.0980090 0.0773219 0.1102412 0.0255276 0.1192109 0.1186033 0.1257344 0.0895991 0.0687238 0.0760368 0.1515918 0.0991470 0.0989116 0.1579499 0.1502913 0.1186033 0.1102658 0.0610273 0.1580078 0.0853979 0.0594995 0.0956616 0.1226137 0.1381573 0.1065671 0.1449120 0.0417329 0.0650833 0.0655787 0.1018594 0.1144786 0.0721951 0.0653234 0.0729553 0.0913923 0.0618633 0.1279279 0.0973016 0.1202916 0.0537400 0.0643716 0.0764455 0.1687686 0.0656468 0.0638351 0.0901258 0.0768560 0.0653467 0.1832735 0.0536014 0.1347135 0.0910764 0.0782090 0.0772408 0.0839624 0.1404412 0.1038678 0.0839015 0.0411808 0.0704746 0.0525279 0.0706128 
S0320       0.1365843 0.0960182 0.0714777 0.1040838 0.1383412 0.0694765 0.1454611 0.1221115 0.1542856 0.0543048 0.1323586 0.0000000 0.1846831 0.0651897 0.1264454 0.1229402 0.1322219 0.1199520 0.0415965 0.0987978 0.0325912 0.1027230 0.0985439 0.1696682 0.1621544 0.1652629 0.0431537 0.1350179 0.1307342 0.0837836 0.1043356 0.1204505 0.0891472 0.1438213 0.1155470 0.1803365 0.1318409 0.1192074 0.0960182 0.1315754 0.1031732 0.1359471 0.0837438 0.0711783 0.0827385 0.0467431 0.1190316 0.0366453 0.1585480 0.1551122 0.1748695 0.1620801 0.1399257 0.1433841 0.1182028 0.1395797 0.0843475 0.1466767 0.1463589 0.1383124 0.1689428 0.1445439 0.1083917 0.1463932 0.1569248 0.1248092 0.1369306 0.0472596 0.0822285 0.0592853 0.0714790 0.1742968 0.1178814 0.1450246 0.1468625 0.1716788 0.1406605 0.1170099 0.1037178 0.1515150 0.1225416 0.0644935 0.1497216 0.1776352 0.1312104 0.1103964 0.1190304 0.1082953 0.1322702 0.1093520 0.1274673 0.1326029 0.1315754 0.0832374 0.1178150 0.0890399 0.1630658 0.1206196 0.1200925 0.1129413 0.1214978 0.1402905 0.1266891 0.0964637 0.1174902 0.0843566 0.1177199 
S0322       0.1381506 0.1030857 0.2270803 0.0907141 0.1064835 0.1893646 0.1282044 0.0956805 0.1223960 0.1868914 0.0533417 0.1846831 0.0000000 0.1944825 0.1237938 0.1299199 0.1060119 0.1214483 0.1531048 0.1055349 0.1301475 0.1099351 0.1187575 0.0255994 0.1569610 0.1737017 0.1679310 0.1540178 0.0997551 0.1975755 0.1929954 0.1015914 0.1035967 0.1624372 0.1295284 0.0492630 0.1200608 0.1228246 0.1030857 0.1055349 0.0978682 0.1259664 0.1044596 0.1727275 0.1807115 0.1449879 0.1165803 0.1584117 0.0474505 0.1499177 0.1631099 0.1568891 0.1157312 0.1169999 0.1310732 0.1587392 0.1344763 0.1415221 0.1651005 0.1729582 0.1631099 0.1532949 0.1163122 0.1810328 0.1291298 0.0990190 0.1247082 0.1719734 0.1790373 0.1558088 0.1981790 0.0770088 0.1192199 0.0973471 0.1432436 0.1526139 0.1138343 0.1197866 0.1301223 0.1263920 0.1181269 0.1775202 0.1410008 0.1584704 0.0926065 0.1038108 0.1320320 0.2132857 0.1060725 0.1166959 0.1244335 0.1157873 0.1198371 0.2420408 0.1061884 0.1802029 0.1352010 0.1128213 0.1164096 0.0974106 0.1996093 0.1464847 0.1240267 0.0901596 0.1085847 0.1037429 0.1087940 
S0327       0.1550113 0.1009686 0.0658093 0.1144364 0.1560525 0.0704501 0.1502004 0.1405142 0.1495931 0.0550915 0.1425352 0.0651897 0.1944825 0.0000000 0.1515090 0.1407032 0.1500658 0.1297489 0.0532985 0.1093097 0.0324319 0.1076378 0.1036074 0.1793896 0.1928270 0.1953956 0.0312855 0.1604435 0.1623999 0.0710306 0.1187938 0.1238517 0.0941116 0.1406474 0.1346367 0.1823092 0.1496468 0.1241107 0.1009686 0.1493150 0.1012010 0.1407535 0.0887810 0.0841979 0.0960719 0.0585442 0.1307516 0.0253341 0.1686509 0.1855099 0.1790899 0.1927345 0.1445654 0.1375843 0.1216082 0.1364653 0.0980465 0.1764792 0.1430691 0.1352598 0.1733060 0.1492643 0.1256175 0.1430958 0.1751362 0.1425570 0.1602497 0.0410446 0.0954380 0.0718180 0.0643200 0.1913091 0.1355619 0.1554153 0.1715493 0.1760727 0.1586987 0.1345514 0.1211745 0.1561256 0.1325178 0.0522925 0.1543125 0.1818605 0.1489137 0.1152999 0.1224449 0.1225687 0.1425976 0.0996314 0.1323406 0.1428020 0.1493150 0.0650519 0.1355248 0.1025688 0.1755284 0.1387666 0.1305414 0.1385651 0.1297226 0.1618365 0.1385034 0.1137128 0.1351212 0.1015921 0.1225710 
S0335       0.0929414 0.0473541 0.1397836 0.0590399 0.0839287 0.1110717 0.0488171 0.0800822 0.1001370 0.1352567 0.0837497 0.1264454 0.1237938 0.1515090 0.0000000 0.0842830 0.0781496 0.0787978 0.1057505 0.0538732 0.0982375 0.0531390 0.0714991 0.1337100 0.0841226 0.1338496 0.1157855 0.0970603 0.0747777 0.1536207 0.1567047 0.0670264 0.0475616 0.1493874 0.0902736 0.1631408 0.0779365 0.0416679 0.0473541 0.0778413 0.0586226 0.0537358 0.0479440 0.1275362 0.1310269 0.1113799 0.0251071 0.0985637 0.0901296 0.0781239 0.0722742 0.0840908 0.0473435 0.0887989 0.0711612 0.1454720 0.0993738 0.0598629 0.1518650 0.1442215 0.0722742 0.0653775 0.0791521 0.1519089 0.0863905 0.0717909 0.0600192 0.1235779 0.1300172 0.1204866 0.1405749 0.1093905 0.0775073 0.1038858 0.0469357 0.0614393 0.0851179 0.0778123 0.0860312 0.0542079 0.0680396 0.1234756 0.0541323 0.0670484 0.0776291 0.0594199 0.0715391 0.1463733 0.0782107 0.0589232 0.0475629 0.0357930 0.0653470 0.1631265 0.0656592 0.1424214 0.0911238 0.0670317 0.0467188 0.0420437 0.1331273 0.0595072 0.0360633 0.0365583 0.0199899 0.0475677 0.0306326 
S0376       0.1074658 0.0652695 0.1687528 0.0659105 0.0785309 0.1219439 0.1090593 0.0745448 0.1153164 0.1318921 0.0859718 0.1229402 0.1299199 0.1407032 0.0842830 0.0000000 0.0848090 0.0911280 0.1150242 0.0724605 0.1049418 0.0714190 0.0726381 0.1222369 0.1362106 0.1362762 0.1028413 0.0986953 0.0986722 0.1528723 0.1411856 0.0737562 0.0655688 0.1349197 0.0857820 0.1509633 0.0979012 0.0983097 0.0652695 0.0844638 0.0539532 0.1137250 0.0602111 0.1469680 0.1306931 0.1144501 0.0778099 0.1073246 0.0944175 0.1293359 0.1365424 0.1361501 0.1051945 0.0907147 0.0975219 0.1306169 0.0926623 0.1080909 0.1372675 0.1294586 0.1269975 0.1054518 0.0744780 0.1372836 0.1060941 0.0914059 0.1039184 0.1126920 0.1296393 0.1317550 0.1495092 0.1295919 0.0910226 0.1027950 0.1181406 0.1326029 0.0919581 0.0977149 0.0937213 0.1149526 0.0755421 0.1256185 0.1136536 0.1385909 0.0974836 0.0782286 0.0981317 0.1610284 0.0848706 0.0775383 0.0931402 0.0915784 0.0977534 0.1542116 0.0849216 0.1538766 0.1264453 0.0928591 0.0920603 0.0857642 0.1478289 0.1206659 0.0844366 0.0655347 0.0847358 0.0596738 0.0849050 
S0400       0.0312991 0.0469916 0.1696285 0.0585736 0.0148634 0.1242725 0.0869057 0.0100853 0.0967620 0.1339594 0.0655892 0.1322219 0.1060119 0.1500658 0.0781496 0.0848090 0.0000000 0.0202796 0.1047993 0.0522414 0.0906571 0.0527259 0.0593805 0.0989199 0.1112079 0.1325753 0.1147002 0.0479153 0.0120003 0.1466367 0.1495594 0.0535076 0.0471958 0.1577515 0.0836822 0.1141154 0.0200752 0.0776003 0.0469916 0.0098440 0.0581638 0.0916833 0.0475723 0.1414503 0.1391531 0.1103763 0.0717646 0.1045610 0.0730693 0.1048250 0.1128092 0.0973414 0.0840070 0.0960975 0.0713096 0.1539189 0.0907849 0.0987002 0.1534521 0.1525742 0.1128092 0.1045599 0.0649554 0.1604517 0.0256252 0.0149445 0.0961160 0.1224537 0.1380406 0.1193614 0.1392279 0.0930410 0.0200029 0.1062898 0.0962662 0.1085480 0.0150201 0.0200593 0.0257766 0.0926011 0.0542677 0.1223535 0.0916022 0.1144204 0.0200140 0.0589478 0.0835939 0.1687691 0.0098830 0.0584587 0.0844917 0.0831526 0.0200655 0.1776676 0.0201321 0.1328776 0.0418378 0.0648835 0.0835748 0.0657635 0.1493461 0.0981484 0.0782924 0.0471625 0.0650075 0.0472009 0.0651364 
S0405       0.0261117 0.0473642 0.1548936 0.0590438 0.0254450 0.1186601 0.0876502 0.0207350 0.0851744 0.1282345 0.0661261 0.1199520 0.1214483 0.1297489 0.0787978 0.0911280 0.0202796 0.0000000 0.0992009 0.0526544 0.0906571 0.0531469 0.0540643 0.1139767 0.1047226 0.1337042 0.1017550 0.0483032 0.0121176 0.1342121 0.1671119 0.0422907 0.0475723 0.1748905 0.0843713 0.1301246 0.0202318 0.0782391 0.0473642 0.0202219 0.0586269 0.0924556 0.0479543 0.1426704 0.1403337 0.1112995 0.0723562 0.0989833 0.0868691 0.0984063 0.1137769 0.0910658 0.0847021 0.0877779 0.0718928 0.1712596 0.1072032 0.0923187 0.1706773 0.1697221 0.1059884 0.0979652 0.0534763 0.1779573 0.0368919 0.0150605 0.0816493 0.1169330 0.1391999 0.1203809 0.1335530 0.0803242 0.0201584 0.1071995 0.0970621 0.1095008 0.0257291 0.0202157 0.0259814 0.0933896 0.0547137 0.1168376 0.0923742 0.1154158 0.0201697 0.0594243 0.0842824 0.1702078 0.0203050 0.0589272 0.0851960 0.0838327 0.0202219 0.1543320 0.0202896 0.1340068 0.0421726 0.0595729 0.0842617 0.0790027 0.1506962 0.0927268 0.0789428 0.0475396 0.0655357 0.0420113 0.0656665 
S0407sl     0.1080747 0.0596817 0.0593121 0.0785154 0.1107822 0.0467436 0.1161195 0.1018133 0.1240953 0.0426319 0.1050004 0.0415965 0.1531048 0.0532985 0.1057505 0.1150242 0.1047993 0.0992009 0.0000000 0.0853689 0.0105457 0.0657681 0.0851356 0.1400261 0.1436158 0.1483207 0.0317691 0.1269317 0.1154143 0.0724007 0.0786356 0.0933012 0.0649245 0.1282930 0.1222260 0.1495388 0.1045023 0.0923497 0.0596817 0.1043346 0.0661060 0.1075572 0.0654499 0.0478080 0.0588824 0.0252446 0.0987397 0.0204768 0.1289407 0.1366483 0.1356953 0.1435510 0.1119465 0.1187423 0.0980500 0.1239053 0.0767708 0.1284596 0.1305257 0.1228152 0.1299087 0.1288563 0.0878344 0.1305293 0.1275625 0.0979055 0.1224990 0.0360988 0.0585633 0.0309957 0.0593043 0.1506660 0.0914093 0.1293524 0.1250490 0.1401663 0.1125002 0.0907761 0.0843303 0.1220447 0.0948177 0.0360443 0.1206527 0.1461542 0.1040463 0.0724700 0.0986680 0.0829060 0.1048590 0.0837363 0.1126995 0.1051646 0.1043346 0.0644619 0.0913216 0.0648473 0.1278786 0.0933694 0.1057320 0.0932855 0.0814869 0.1277821 0.1059498 0.0715612 0.0911118 0.0599774 0.0912931 
S0412sl     0.0650417 0.0357294 0.1339001 0.0360332 0.0576210 0.1041207 0.0733809 0.0423080 0.0782088 0.1002076 0.0533678 0.0987978 0.1055349 0.1093097 0.0538732 0.0724605 0.0522414 0.0526544 0.0853689 0.0000000 0.0640678 0.0412224 0.0585934 0.0984876 0.1107031 0.0915360 0.0873692 0.0711072 0.0439144 0.1325709 0.1430514 0.0418187 0.0358793 0.1306725 0.0479738 0.1135796 0.0521103 0.0649085 0.0357294 0.0520659 0.0358105 0.0782003 0.0361615 0.1200937 0.1182269 0.0908746 0.0592588 0.0844534 0.0727843 0.1043595 0.0982885 0.1106582 0.0710268 0.0612817 0.0703190 0.1264519 0.0763298 0.0848648 0.1328751 0.1253709 0.0982885 0.0843360 0.0418553 0.1328825 0.0591267 0.0465552 0.0742566 0.0958097 0.1173552 0.0991091 0.1110297 0.0915984 0.0518744 0.0788708 0.0828538 0.0873140 0.0583391 0.0520484 0.0589260 0.0789448 0.0423901 0.0957362 0.0719815 0.0930742 0.0519305 0.0471064 0.0706860 0.1331333 0.0522920 0.0467300 0.0714055 0.0589210 0.0520659 0.1471203 0.0410226 0.1266270 0.0760127 0.0417977 0.0479287 0.0655194 0.1194396 0.0843813 0.0654648 0.0253323 0.0528995 0.0358752 0.0530038 
S0417       0.1002205 0.0449310 0.0508071 0.0633606 0.0968815 0.0493920 0.1087352 0.0862927 0.1221787 0.0275731 0.0900419 0.0325912 0.1301475 0.0324319 0.0982375 0.1049418 0.0906571 0.0906571 0.0105457 0.0640678 0.0000000 0.0510781 0.0768301 0.1255184 0.1299773 0.1293903 0.0107391 0.0995797 0.0965719 0.0567726 0.0629117 0.0853062 0.0504210 0.0912834 0.0929378 0.1259906 0.0903900 0.0843930 0.0449310 0.0902562 0.0508924 0.0999689 0.0508484 0.0447626 0.0435846 0.0212184 0.0910156 0.0052556 0.1139298 0.1228064 0.1303071 0.1299172 0.1046875 0.0988324 0.0837970 0.0863199 0.0651872 0.1145073 0.0920954 0.0927484 0.1215814 0.1195233 0.0787947 0.1002145 0.1136954 0.0836627 0.1102342 0.0158162 0.0496457 0.0271690 0.0325681 0.1360477 0.0770460 0.1143207 0.1108091 0.1335528 0.0984018 0.0701587 0.0699451 0.1149399 0.0789402 0.0378551 0.1135736 0.1398557 0.0899940 0.0577485 0.0843126 0.0675160 0.0902563 0.0694337 0.1054031 0.0967901 0.0902562 0.0574400 0.0769516 0.0626764 0.1139950 0.0847274 0.0842903 0.0852827 0.0653175 0.1209515 0.0984312 0.0631397 0.0832291 0.0570760 0.0834042 
S0419       0.0656896 0.0048803 0.1242197 0.0251404 0.0581638 0.0835923 0.0605246 0.0539555 0.0912941 0.0916925 0.0580677 0.1027230 0.1099351 0.1076378 0.0531390 0.0714190 0.0527259 0.0531469 0.0657681 0.0412224 0.0510781 0.0000000 0.0468183 0.1029471 0.0843534 0.1058691 0.0677103 0.0837254 0.0511358 0.1047254 0.1197186 0.0421957 0.0148635 0.1285777 0.0714905 0.1135693 0.0525920 0.0527975 0.0048803 0.0525465 0.0148377 0.0653755 0.0149785 0.0982335 0.0967967 0.0711328 0.0473222 0.0656646 0.0774596 0.0783415 0.0724790 0.0843214 0.0586534 0.0777093 0.0470500 0.1243994 0.0819765 0.0600350 0.1240980 0.1233554 0.0724790 0.0772986 0.0533657 0.1307139 0.0713099 0.0469758 0.0666982 0.0825131 0.0961520 0.0785606 0.1092998 0.0961051 0.0523509 0.0906691 0.0700842 0.0799931 0.0588975 0.0415823 0.0594966 0.0659696 0.0427785 0.0943194 0.0652989 0.0856650 0.0524085 0.0149997 0.0472602 0.1235032 0.0527767 0.0250916 0.0589429 0.0581200 0.0525465 0.1315132 0.0413843 0.1045426 0.0592562 0.0532991 0.0583980 0.0532818 0.1034113 0.0713053 0.0532336 0.0250193 0.0413252 0.0250326 0.0414063 
S0427       0.0610394 0.0412217 0.1203487 0.0525232 0.0649589 0.0791664 0.0676900 0.0607996 0.0995412 0.0872956 0.0648422 0.0985439 0.1187575 0.1036074 0.0714991 0.0726381 0.0593805 0.0540643 0.0851356 0.0585934 0.0768301 0.0468183 0.0000000 0.1114876 0.1177084 0.1417017 0.0815413 0.0915614 0.0591967 0.1134902 0.1427754 0.0600514 0.0307201 0.1511794 0.0789169 0.1382513 0.0592253 0.0594621 0.0412217 0.0591682 0.0521692 0.0725811 0.0256327 0.1198211 0.1179595 0.0906353 0.0538292 0.0728942 0.0850657 0.1112699 0.0924997 0.1176598 0.0655294 0.0705664 0.0704842 0.1472425 0.0907475 0.0914446 0.1537159 0.1459599 0.0869329 0.0673539 0.0718018 0.1537644 0.0787103 0.0534235 0.0687205 0.0901925 0.1170907 0.1060070 0.1052322 0.1043606 0.0589371 0.0863036 0.0892428 0.0879764 0.0658120 0.0591475 0.0605514 0.0732664 0.0609294 0.0962762 0.0725012 0.0937773 0.0590099 0.0528497 0.0708535 0.1462481 0.0594358 0.0524207 0.0542841 0.0764863 0.0591682 0.1277693 0.0476431 0.1263543 0.0843299 0.0600463 0.0768672 0.0716856 0.1403360 0.0787221 0.0599681 0.0413670 0.0587559 0.0307136 0.0476643 
S0430       0.1302398 0.0962385 0.2095961 0.0840518 0.0993722 0.1607000 0.1386557 0.0885800 0.1217614 0.1717015 0.0474563 0.1696682 0.0255994 0.1793896 0.1337100 0.1222369 0.0989199 0.1139767 0.1400261 0.0984876 0.1255184 0.1029471 0.1114876 0.0000000 0.1831308 0.1553972 0.1484301 0.1458116 0.0918010 0.1933690 0.1888439 0.0944506 0.0893617 0.1805565 0.1371019 0.0205817 0.1126814 0.1326191 0.0962385 0.0984876 0.0910422 0.1499394 0.0900931 0.1581824 0.1769315 0.1324038 0.1261585 0.1452006 0.0541716 0.1756943 0.1749940 0.1830417 0.1252011 0.1271268 0.1236806 0.1770472 0.1234278 0.1524629 0.1835753 0.1754670 0.1749940 0.1645730 0.1088289 0.1837025 0.1214796 0.0920793 0.1365981 0.1581313 0.1682503 0.1423361 0.1825994 0.0848952 0.1119212 0.1061884 0.1538647 0.1643641 0.1065329 0.1124381 0.1055305 0.1366568 0.1105003 0.1634883 0.1429855 0.1703281 0.0857725 0.0969002 0.1245539 0.2087204 0.0989814 0.1095778 0.1344349 0.1252596 0.1124845 0.2238272 0.0990733 0.1726346 0.1274961 0.1055947 0.1259576 0.1192144 0.1803311 0.1575322 0.1339700 0.0835486 0.1177173 0.0968289 0.1179472 
S0552sl     0.1280791 0.0779133 0.2159861 0.0909278 0.1044900 0.1558121 0.0654967 0.1069113 0.1302578 0.1765348 0.1257875 0.1621544 0.1569610 0.1928270 0.0841226 0.1362106 0.1112079 0.1047226 0.1436158 0.1107031 0.1299773 0.0843534 0.1177084 0.1831308 0.0000000 0.1604050 0.1468802 0.1354453 0.0810031 0.1530258 0.2001024 0.1008365 0.0782837 0.1893898 0.1504335 0.2186068 0.1108913 0.0579788 0.0779133 0.1107031 0.0780979 0.0471678 0.0789341 0.1852404 0.1707542 0.1494469 0.0776400 0.1431770 0.1330000 0.0048585 0.0649739 0.0097556 0.0638717 0.1302664 0.1184867 0.1859861 0.1402779 0.0197737 0.1853067 0.1776208 0.0779154 0.0842039 0.0911659 0.1859960 0.1273110 0.1042001 0.0932130 0.1485323 0.1692235 0.1602877 0.1819409 0.1462438 0.1101598 0.1544210 0.0901109 0.0849572 0.1122773 0.0980348 0.1203962 0.0708831 0.1025274 0.1759939 0.0768155 0.0905523 0.1103971 0.0915879 0.1193175 0.2026292 0.1112656 0.0907473 0.0637976 0.0771683 0.0969626 0.1845493 0.1113987 0.1674828 0.1404333 0.1206747 0.1017176 0.0660556 0.1734844 0.0686997 0.0911991 0.0903690 0.0592184 0.0904954 0.0708767 
S0558       0.1508084 0.0989100 0.2141103 0.1062384 0.1255019 0.1556225 0.1388126 0.1290132 0.1764007 0.1751277 0.1230882 0.1652629 0.1737017 0.1953956 0.1338496 0.1362762 0.1325753 0.1337042 0.1483207 0.0915360 0.1293903 0.1058691 0.1417017 0.1553972 0.1604050 0.0000000 0.1503132 0.1345499 0.1163957 0.2018733 0.2077082 0.1019180 0.0925175 0.2097986 0.1333651 0.1743303 0.1321930 0.1327551 0.0989100 0.1319261 0.0926117 0.1501227 0.0933034 0.1750588 0.1720041 0.1320492 0.1262807 0.1491940 0.1496097 0.1531478 0.1608235 0.1603300 0.1402889 0.1455715 0.1427128 0.2065249 0.1139184 0.1306120 0.2056477 0.2045114 0.1608235 0.1768876 0.0983084 0.2137972 0.1498237 0.1251518 0.1505043 0.1576803 0.1704437 0.1508454 0.1628131 0.1561932 0.1312293 0.1465371 0.1530720 0.1646002 0.1338611 0.1045982 0.1340401 0.1368065 0.0964025 0.1839738 0.1431506 0.1705813 0.1184874 0.1138689 0.1438493 0.2042514 0.1326234 0.1127515 0.1345771 0.1493584 0.1319261 0.2362412 0.1181473 0.1675774 0.1634456 0.1343668 0.1385844 0.1464554 0.1774724 0.1577384 0.1341106 0.1122293 0.1346871 0.1124254 0.1349523 
S0624       0.1184363 0.0614313 0.0550274 0.0864005 0.1141613 0.0546033 0.1269576 0.1177474 0.1264813 0.0442692 0.1126673 0.0431537 0.1679310 0.0312855 0.1157855 0.1028413 0.1147002 0.1017550 0.0317691 0.0873692 0.0107391 0.0677103 0.0815413 0.1484301 0.1468802 0.1503132 0.0000000 0.1099177 0.1281895 0.0607975 0.0946806 0.0891700 0.0668135 0.1090427 0.1116140 0.1507791 0.1143656 0.1017737 0.0614313 0.1141613 0.0674502 0.1236919 0.0613656 0.0552233 0.0731240 0.0370238 0.1084258 0.0050885 0.1296884 0.1397436 0.1405514 0.1468123 0.1222012 0.1327706 0.0944007 0.1043694 0.0640617 0.1254645 0.1099949 0.1034638 0.1345976 0.1261795 0.0963457 0.1109376 0.1386544 0.1074714 0.1347514 0.0101396 0.0726816 0.0494377 0.0427415 0.1514556 0.1006804 0.1248977 0.1358172 0.1523249 0.1228325 0.0935065 0.0801972 0.1330578 0.0900536 0.0478970 0.1314867 0.1584260 0.1138387 0.0746418 0.0950006 0.0988946 0.1075308 0.0862260 0.1096770 0.1207436 0.1141613 0.0490765 0.1005956 0.0730579 0.1390017 0.1029519 0.1082698 0.1085739 0.0980142 0.1311633 0.1160105 0.0798439 0.1003431 0.0678111 0.1005460 
S0641       0.0608269 0.0773603 0.1667862 0.0902186 0.0422710 0.1473477 0.1233029 0.0490443 0.1413030 0.1601419 0.0929608 0.1350179 0.1540178 0.1604435 0.0970603 0.0986953 0.0479153 0.0483032 0.1269317 0.0711072 0.0995797 0.0837254 0.0915614 0.1458116 0.1354453 0.1345499 0.1099177 0.0000000 0.0443405 0.1711391 0.2006879 0.0729493 0.0777232 0.1773990 0.0962570 0.1638755 0.0367685 0.1116840 0.0773603 0.0477537 0.0775418 0.1278258 0.0783632 0.1660517 0.1712556 0.1326162 0.0903523 0.1198787 0.1162443 0.1286190 0.1456546 0.1203706 0.1114721 0.1179673 0.1046703 0.1737514 0.1012678 0.1221874 0.1731446 0.1721655 0.1515021 0.1418704 0.0851560 0.1732444 0.0664962 0.0421585 0.1368613 0.1188173 0.1697161 0.1425559 0.1340673 0.1240080 0.0475767 0.1442389 0.1320634 0.1478430 0.0487769 0.0477375 0.0314726 0.1292557 0.0740625 0.1449194 0.1144464 0.1396548 0.0476262 0.0908650 0.1181983 0.2032078 0.0479647 0.0900413 0.1196364 0.1047123 0.0367431 0.1893816 0.0479549 0.1566476 0.0720367 0.0973923 0.1052756 0.1128397 0.1727918 0.1350122 0.0849541 0.0776923 0.0975997 0.0777868 0.0977930 
S0643       0.0317161 0.0442173 0.1976723 0.0582198 0.0180845 0.1222629 0.0770238 0.0119607 0.1032750 0.1408955 0.0598003 0.1307342 0.0997551 0.1623999 0.0747777 0.0986722 0.0120003 0.0121176 0.1154143 0.0439144 0.0965719 0.0511358 0.0591967 0.0918010 0.0810031 0.1163957 0.1281895 0.0443405 0.0000000 0.1579867 0.1531800 0.0447284 0.0444501 0.1730046 0.0733996 0.1101223 0.0119607 0.0665512 0.0442173 0.0119607 0.0577265 0.0830947 0.0448807 0.1620430 0.1424940 0.1222661 0.0667508 0.1150670 0.0839994 0.0815779 0.1084127 0.0733179 0.0670474 0.0961551 0.0662448 0.1685724 0.0868495 0.0744675 0.1747591 0.1766408 0.0996173 0.1074288 0.0517734 0.1867887 0.0121701 0.0120003 0.0816401 0.1371681 0.1317580 0.1247762 0.1389643 0.1000439 0.0180845 0.1070542 0.0735983 0.0928137 0.0059664 0.0181454 0.0250134 0.0839100 0.0454811 0.1366452 0.0739203 0.0998311 0.0180960 0.0511358 0.0739137 0.1623307 0.0120194 0.0444117 0.0744675 0.0883044 0.0181521 0.1863046 0.0182236 0.1423251 0.0312541 0.0440872 0.0734321 0.0587035 0.1222085 0.0832386 0.0745877 0.0377623 0.0660564 0.0444534 0.0588701 
S0645sl     0.1515773 0.0978685 0.1063111 0.1117253 0.1527777 0.0906473 0.1523729 0.1367848 0.1735067 0.0875246 0.1543338 0.0837836 0.1975755 0.0710306 0.1536207 0.1528723 0.1466367 0.1342121 0.0724007 0.1325709 0.0567726 0.1047254 0.1134902 0.1933690 0.1530258 0.2018733 0.0607975 0.1711391 0.1579867 0.0000000 0.1269917 0.1503520 0.0908398 0.1632320 0.1608411 0.1967080 0.1462158 0.1257229 0.0978685 0.1458906 0.0981020 0.1427105 0.0853355 0.1058458 0.1034928 0.0778433 0.1324785 0.0537490 0.1640712 0.1461794 0.1674169 0.1529578 0.1465472 0.1670025 0.1339503 0.1593526 0.1141474 0.1533139 0.1588370 0.1579079 0.1615044 0.1514028 0.1437361 0.1661296 0.1722080 0.1389897 0.1534404 0.0703087 0.1027809 0.0924895 0.0962050 0.1869730 0.1450911 0.1576515 0.1740387 0.1788495 0.1554205 0.1179050 0.1172490 0.1584001 0.1441335 0.0827480 0.1495531 0.1847293 0.1454877 0.1125936 0.1349679 0.1306796 0.1390337 0.1244209 0.1341236 0.1447233 0.1458906 0.0960346 0.1469671 0.0927913 0.1726077 0.1506722 0.1455443 0.1404461 0.1384068 0.1469424 0.1403839 0.1238325 0.1368925 0.1111866 0.1241339 
S0673       0.1863613 0.1125240 0.1263209 0.1347619 0.1500971 0.1095964 0.1700771 0.1477545 0.1999869 0.0866674 0.1656801 0.1043356 0.1929954 0.1187938 0.1567047 0.1411856 0.1495594 0.1671119 0.0786356 0.1430514 0.0629117 0.1197186 0.1427754 0.1888439 0.2001024 0.2077082 0.0946806 0.2006879 0.1531800 0.1269917 0.0000000 0.1534349 0.1178817 0.1364625 0.1729692 0.2004219 0.1651843 0.1416939 0.1125240 0.1430514 0.1202170 0.1597551 0.1122752 0.0997819 0.0199845 0.0721304 0.1486881 0.0798896 0.1664783 0.1924332 0.2006729 0.2000015 0.1494688 0.2320150 0.1366124 0.1379873 0.1086242 0.1829186 0.1388451 0.1309868 0.2006729 0.1748397 0.1478628 0.1388638 0.1758197 0.1574931 0.1719480 0.0975739 0.0204136 0.0865432 0.1228623 0.2073345 0.1499162 0.1550023 0.1480467 0.1980793 0.1585836 0.1487117 0.1498188 0.1762091 0.1563533 0.1045442 0.1668180 0.2039384 0.1642947 0.1281036 0.1376812 0.0305922 0.1438391 0.1268137 0.1506702 0.1555193 0.1647589 0.1230010 0.1499094 0.1005909 0.1788025 0.1603231 0.1427043 0.1146083 0.0567972 0.1821127 0.1570221 0.1261988 0.1395370 0.1264454 0.1398048 
S0689       0.0667018 0.0365593 0.1487255 0.0479449 0.0477924 0.1070616 0.0680639 0.0547745 0.0666444 0.1221054 0.0609586 0.1204505 0.1015914 0.1238517 0.0670264 0.0737562 0.0535076 0.0422907 0.0933012 0.0418187 0.0853062 0.0421957 0.0600514 0.0944506 0.1008365 0.1019180 0.0891700 0.0729493 0.0447284 0.1503520 0.1534349 0.0000000 0.0367168 0.1335634 0.0725974 0.1097153 0.0533697 0.0665630 0.0365593 0.0533223 0.0366442 0.0729807 0.0370121 0.1294684 0.1273780 0.0989313 0.0607546 0.0931050 0.0815530 0.0943997 0.1010657 0.1007952 0.0603653 0.0715165 0.0721184 0.1292974 0.0847009 0.0747162 0.1358585 0.1281667 0.1010657 0.0930597 0.0428603 0.1358713 0.0724109 0.0476650 0.0688348 0.0984251 0.1263860 0.1076236 0.1217657 0.1013371 0.0475053 0.0935334 0.0716965 0.0884980 0.0597842 0.0533040 0.0604023 0.0810816 0.0209046 0.1237492 0.0802086 0.0943360 0.0531803 0.0367661 0.0725086 0.1567987 0.0535599 0.0478493 0.0732704 0.0721450 0.0533223 0.1565509 0.0419860 0.1304154 0.0779770 0.0424034 0.0597171 0.0544913 0.1294013 0.0866715 0.0671504 0.0366876 0.0542002 0.0367129 0.0543096 
S0720       0.0598805 0.0098177 0.1097030 0.0200046 0.0525974 0.0707720 0.0432642 0.0482907 0.0851014 0.0783463 0.0525154 0.0891472 0.1035967 0.0941116 0.0475616 0.0655688 0.0471958 0.0475723 0.0649245 0.0358793 0.0504210 0.0148635 0.0307201 0.0893617 0.0782837 0.0925175 0.0668135 0.0777232 0.0444501 0.0908398 0.1178817 0.0367168 0.0000000 0.1348695 0.0656239 0.1131989 0.0470772 0.0363637 0.0098177 0.0470395 0.0198929 0.0482251 0.0000021 0.0968222 0.0954321 0.0702116 0.0310317 0.0648245 0.0715403 0.0723344 0.0547999 0.0782544 0.0419704 0.0531655 0.0415974 0.1307875 0.0681658 0.0542637 0.1304553 0.1296866 0.0547999 0.0597587 0.0477661 0.1371098 0.0654609 0.0415312 0.0476547 0.0814186 0.0948098 0.0775013 0.0834741 0.0899728 0.0468688 0.0845479 0.0643474 0.0617574 0.0532488 0.0361862 0.0475723 0.0486430 0.0372177 0.0930338 0.0481597 0.0673854 0.0469161 0.0201153 0.0417767 0.1216320 0.0472440 0.0199658 0.0421594 0.0525586 0.0470395 0.1167080 0.0360149 0.1030230 0.0709162 0.0477027 0.0528077 0.0476913 0.1018357 0.0539377 0.0366534 0.0199099 0.0359664 0.0199195 0.0254633 
S0735       0.1936513 0.1215083 0.1686602 0.1357837 0.1436230 0.1203907 0.1547970 0.1482730 0.1642708 0.1401667 0.1553951 0.1438213 0.1624372 0.1406474 0.1493874 0.1349197 0.1577515 0.1748905 0.1282930 0.1306725 0.0912834 0.1285777 0.1511794 0.1805565 0.1893898 0.2097986 0.1090427 0.1773990 0.1730046 0.1632320 0.1364625 0.1335634 0.1348695 0.0000000 0.1423973 0.2136449 0.1729634 0.1352569 0.1215083 0.1437478 0.1152414 0.1587778 0.1293857 0.1536625 0.1321081 0.1207431 0.1418668 0.1136707 0.1561065 0.1822404 0.1832394 0.1893011 0.1408017 0.1153702 0.1586396 0.0151514 0.1050626 0.1598451 0.0000021 0.0151728 0.1903727 0.1594399 0.1412786 0.0101266 0.1833712 0.1654856 0.1624145 0.1188905 0.1310844 0.1383114 0.1388507 0.1936797 0.1581103 0.1531773 0.1564704 0.1803815 0.1665967 0.1568757 0.1614052 0.1606064 0.1515958 0.1387368 0.1520268 0.1860222 0.1720525 0.1223951 0.1599272 0.1610950 0.1445066 0.1484997 0.1370571 0.1408573 0.1569441 0.1520401 0.1581248 0.1546860 0.2006179 0.1526425 0.1233285 0.1295407 0.1539176 0.1662028 0.1577448 0.1348806 0.1333170 0.1351509 0.1335631 
S0742       0.0986458 0.0653236 0.1624685 0.0659671 0.0894433 0.1292691 0.1020109 0.0671408 0.1139886 0.1256169 0.0856268 0.1155470 0.1295284 0.1346367 0.0902736 0.0857820 0.0836822 0.0843713 0.1222260 0.0479738 0.0929378 0.0714905 0.0789169 0.1371019 0.1504335 0.1333651 0.1116140 0.0962570 0.0733996 0.1608411 0.1729692 0.0725974 0.0656239 0.1423973 0.0000000 0.1546646 0.0834544 0.0984814 0.0653236 0.0833471 0.0654771 0.1139746 0.0602528 0.1474273 0.1449159 0.1147043 0.0837000 0.1076568 0.1081919 0.1434046 0.1369270 0.1503649 0.1053980 0.0623147 0.0976888 0.1381800 0.1169720 0.1216097 0.1448842 0.1528277 0.1369270 0.1143955 0.0726886 0.1611240 0.1046424 0.0772820 0.1051587 0.1197263 0.1436891 0.1321143 0.1508025 0.1292013 0.0829845 0.1163413 0.1184078 0.1174641 0.0907210 0.0833160 0.0854165 0.1152116 0.0737001 0.1328132 0.1139026 0.1234382 0.0831216 0.0783214 0.0983027 0.1760609 0.0837432 0.0776291 0.0932925 0.0917212 0.0833471 0.1767250 0.0711192 0.1543790 0.0967197 0.0846770 0.0798257 0.0994854 0.1712320 0.1209534 0.0904384 0.0655898 0.0848518 0.0656592 0.0850214 
S0748       0.1475046 0.1209078 0.2217555 0.1076777 0.1146095 0.1708990 0.1697417 0.1037158 0.1209516 0.1824800 0.0734616 0.1803365 0.0492630 0.1823092 0.1631408 0.1509633 0.1141154 0.1301246 0.1495388 0.1135796 0.1259906 0.1135693 0.1382513 0.0205817 0.2186068 0.1743303 0.1507791 0.1638755 0.1101223 0.1967080 0.2004219 0.1097153 0.1131989 0.2136449 0.1546646 0.0000000 0.1286169 0.1616753 0.1209078 0.1135796 0.1154770 0.1814970 0.1141698 0.1685984 0.1878245 0.1416230 0.1546814 0.1474459 0.0814573 0.2104269 0.2097187 0.2184888 0.1533871 0.1646014 0.1512910 0.2105193 0.1555797 0.1847379 0.2173706 0.2085149 0.2097187 0.1976279 0.1249614 0.2176251 0.1380873 0.1068885 0.1701199 0.1606134 0.1787327 0.1521098 0.1856425 0.1158219 0.1276696 0.1328200 0.1850427 0.1989886 0.1222468 0.1283017 0.1210445 0.1671979 0.1161951 0.1735107 0.1739115 0.2050965 0.1003076 0.1218359 0.1525436 0.2208787 0.1061740 0.1356868 0.1641447 0.1534446 0.1283571 0.2278115 0.1143203 0.1835266 0.1287800 0.1211377 0.1543791 0.1469838 0.1708509 0.1900520 0.1634892 0.1069648 0.1449854 0.1217811 0.1452726 
