135
PAFTOL_019361 0.0000000 0.2407290 0.2782313 0.2756619 0.2839158 0.2367197 0.8268072 0.2481671 0.2332550 0.2449742 0.2707357 0.2856654 0.3700577 0.3900720 0.3276274 0.3792954 0.2513953 0.2377752 0.2494379 0.3973833 0.2501700 0.2338982 0.2434957 0.2692673 0.4786740 0.2431949 0.2392099 0.2499319 0.2502716 0.3865576 0.2337771 0.2544383 0.2426884 0.3175480 0.3633815 0.2734059 0.2330116 0.2306345 0.2740758 0.2470808 0.2795610 0.2327515 0.2435046 0.2491826 0.3840304 0.2822583 0.2498347 0.3924350 0.2678986 0.2466595 0.2305416 0.2308399 0.2446198 0.2464616 0.2443783 0.2757657 0.2485824 0.2427252 0.3712471 0.2853224 0.2368462 0.2425629 0.3691068 0.2582482 0.2713398 0.2769573 0.2647720 0.3101562 0.3117245 0.2610487 0.2642950 0.3605662 0.2495878 0.3203062 0.3137618 0.2620392 0.2449501 0.2842958 0.2458442 0.2573357 0.2503080 0.3355400 0.2467176 0.2325192 0.2812475 0.2345308 0.2548486 0.2766780 0.2471788 0.2824757 0.2723222 0.3509915 0.2618102 0.2591770 0.2849004 0.3999667 0.3302998 0.2412017 0.3277880 0.2495818 0.2165555 0.2391400 0.2307760 0.2412778 0.2456373 0.2494503 0.2516413 0.2290773 0.2250711 0.2919766 0.2492959 0.2424148 0.2644769 0.3161835 0.2876147 0.2278453 0.3192499 0.2457329 0.2365510 0.2410956 0.2839594 0.2462380 0.2592336 0.2516134 0.2283515 0.2456098 0.2448496 0.2598915 0.2333073 0.2451971 0.3127669 0.2376118 0.2283443 0.2367586 0.2594524 
S0055         0.2407290 0.0000000 0.1314627 0.1439821 0.1499119 0.0650832 0.6119441 0.1303282 0.0937007 0.0756034 0.0739840 0.1557674 0.2007955 0.2536723 0.1845996 0.2285992 0.1177617 0.1010555 0.1129286 0.2391798 0.0913388 0.0629964 0.0679170 0.1370938 0.2886710 0.1297204 0.0989747 0.0706670 0.1180191 0.2264860 0.1160920 0.1089376 0.0859071 0.1824227 0.1960011 0.1344266 0.0674985 0.0589091 0.1378754 0.1355148 0.1319728 0.0717616 0.0721392 0.1046883 0.2310842 0.1866444 0.0900903 0.2434982 0.1329083 0.0698609 0.0886269 0.0964175 0.0708887 0.1052598 0.1025759 0.1346093 0.1106533 0.1390400 0.2054054 0.1338207 0.1230925 0.1055605 0.2130754 0.1228509 0.1163962 0.1407950 0.1215556 0.1006637 0.1717379 0.1818915 0.1199950 0.2136697 0.1669508 0.1736601 0.1680753 0.1808725 0.1040829 0.2022158 0.1264767 0.1163061 0.1078849 0.1978585 0.0668320 0.1047969 0.1941078 0.0660385 0.0834208 0.1195295 0.1273578 0.1343501 0.1280584 0.2188602 0.1417195 0.1445104 0.1322101 0.2474456 0.1920784 0.0676779 0.1837545 0.1191041 0.0856821 0.0730875 0.0722790 0.0345847 0.1159067 0.0635307 0.1308155 0.0982922 0.0920455 0.1629872 0.0665748 0.1037529 0.1353868 0.1712497 0.1384424 0.0626026 0.1816710 0.1038973 0.0989039 0.0772646 0.1450921 0.0656275 0.1385719 0.0649195 0.0639533 0.1044230 0.1024630 0.1326748 0.1032110 0.1100204 0.1744180 0.1004069 0.1049727 0.0695243 0.1007263 
S0196sl       0.2782313 0.1314627 0.0000000 0.1230729 0.1513053 0.1291753 0.3204580 0.0980161 0.1080496 0.1607082 0.1279254 0.1300664 0.3461407 0.3432301 0.1016915 0.3334564 0.0948267 0.1181060 0.1540723 0.3372139 0.1419715 0.1303934 0.1433955 0.1306290 0.1062582 0.1062592 0.0189668 0.1297343 0.0819191 0.3467151 0.0894689 0.1032136 0.1221141 0.2542312 0.2601242 0.1158715 0.1309476 0.1298056 0.1245503 0.1167005 0.1164587 0.1136447 0.1511680 0.0983870 0.3473788 0.1788407 0.1090960 0.3467108 0.1365754 0.1299362 0.0658183 0.0162106 0.1334350 0.0248350 0.0278383 0.1598913 0.0964962 0.1021604 0.2776729 0.1315734 0.0874109 0.1067548 0.3043569 0.1169206 0.1073663 0.1475154 0.1234551 0.1452491 0.2631154 0.1709656 0.1241128 0.2975743 0.0000010 0.1400591 0.1449549 0.1601360 0.0189716 0.1777357 0.1180405 0.1366575 0.1270883 0.2788953 0.1302521 0.1034840 0.1653135 0.1255269 0.1463378 0.1518756 0.0952341 0.1242515 0.1179182 0.3050497 0.1155819 0.1001052 0.1628631 0.3927467 0.2969808 0.1256111 0.2707328 0.1442529 0.0777160 0.1410173 0.0944311 0.1357633 0.1044172 0.1182873 0.1049486 0.0746833 0.0759850 0.1229532 0.1180076 0.0217787 0.1257150 0.2587604 0.1373356 0.1270856 0.2574952 0.1175029 0.0918986 0.1171531 0.1054090 0.1308887 0.1249068 0.1423332 0.1161254 0.1110259 0.1140396 0.1430025 0.1036377 0.1170506 0.1479964 0.0708074 0.0992019 0.1353512 0.0950114 
S0278         0.2756619 0.1439821 0.1230729 0.0000000 0.1756050 0.1351246 0.6997716 0.0393714 0.1271579 0.1346028 0.1446834 0.0751238 0.2760276 0.2990311 0.0904721 0.2812901 0.0666218 0.1382432 0.1560207 0.2824843 0.1439252 0.1327700 0.1415945 0.0695680 0.3675893 0.0534274 0.1244881 0.1453045 0.0583926 0.2892766 0.0649270 0.1234492 0.1473013 0.2032695 0.2678934 0.0432896 0.1487795 0.1502669 0.0555319 0.0906924 0.1301985 0.1451917 0.1373173 0.1281889 0.2720432 0.1987528 0.1616710 0.2802256 0.1586083 0.1420420 0.1261263 0.1180689 0.1371146 0.1302352 0.1272972 0.1458651 0.1377860 0.0841852 0.2352193 0.1254816 0.0828910 0.1277118 0.2505948 0.1451438 0.1384029 0.1635023 0.1355382 0.1794145 0.2087411 0.2117716 0.1622212 0.2303030 0.1313262 0.1792377 0.1710980 0.2067543 0.1261321 0.2160758 0.1005069 0.1346280 0.1481513 0.2215857 0.1493436 0.1372201 0.2153688 0.1361086 0.1599149 0.1530158 0.0439733 0.1257990 0.1193669 0.2650375 0.0933349 0.0415385 0.1732864 0.3025752 0.2325663 0.1386353 0.2126070 0.1507557 0.1152362 0.1422722 0.1394811 0.1520772 0.1382145 0.1451551 0.0925768 0.1188588 0.1177530 0.0680596 0.1422139 0.1282203 0.0504122 0.2083426 0.1175048 0.1331440 0.2041464 0.1361660 0.1250322 0.1468829 0.0589452 0.1424072 0.0940666 0.1539446 0.1312063 0.1376872 0.1356048 0.1133602 0.1318735 0.1364714 0.1948388 0.1434306 0.1264429 0.1456962 0.1297569 
S0281         0.2839158 0.1499119 0.1513053 0.1756050 0.0000000 0.1373595 0.5905350 0.1543321 0.1364687 0.1434605 0.1469689 0.1889954 0.1918772 0.2446198 0.2098835 0.2057996 0.1667692 0.1506565 0.1571526 0.2029578 0.1571975 0.1310995 0.1411734 0.1710391 0.4038032 0.1566005 0.1072775 0.1335208 0.1585695 0.2176808 0.1539073 0.1466343 0.1648045 0.1704511 0.1787548 0.1637548 0.1498705 0.1510888 0.1828776 0.1574880 0.1694986 0.1406588 0.1400169 0.1014121 0.1962256 0.2624150 0.1546494 0.2115449 0.1830250 0.1465294 0.1338522 0.1061846 0.1367341 0.1084816 0.1110448 0.1689321 0.1044398 0.1646219 0.1914523 0.1630959 0.1483383 0.1380673 0.1753749 0.1723653 0.1594892 0.1853280 0.1596054 0.1716784 0.1227553 0.2410970 0.1668965 0.1813617 0.1311609 0.1921373 0.1876648 0.2608453 0.1112855 0.2705618 0.1862525 0.1534069 0.1559472 0.1795445 0.1517548 0.1382486 0.2641273 0.1366407 0.1529016 0.1737089 0.1528176 0.1645823 0.1603867 0.2016426 0.1671406 0.1582981 0.1457430 0.2314692 0.1894560 0.1343796 0.1592248 0.1586760 0.1296717 0.1459230 0.1446162 0.1388325 0.1453103 0.1363413 0.1580782 0.1327914 0.1277319 0.1904335 0.1424670 0.1121553 0.1655622 0.1245373 0.1681781 0.1320669 0.1292925 0.1380330 0.1435740 0.1496562 0.1680410 0.1461023 0.1714419 0.1460147 0.1416699 0.1505945 0.1427005 0.1740890 0.1396947 0.1401292 0.2322063 0.1278958 0.1454783 0.1226296 0.1480412 
S0282         0.2367197 0.0650832 0.1291753 0.1351246 0.1373595 0.0000000 0.6387201 0.1191269 0.0930382 0.0229014 0.0761145 0.1514795 0.2132090 0.2502816 0.1795153 0.2180725 0.1218534 0.0971114 0.1129356 0.2199274 0.0858562 0.0111997 0.0226312 0.1309665 0.2892309 0.1264238 0.0965255 0.0729357 0.1187462 0.2208411 0.1121106 0.1040402 0.0866745 0.1730808 0.2020791 0.1307008 0.0527490 0.0162545 0.1343290 0.1276696 0.1185667 0.0569808 0.0183049 0.1053481 0.2084120 0.1750287 0.0922862 0.2234628 0.1231319 0.0218722 0.0810273 0.0916761 0.0159985 0.0979401 0.0973733 0.1306415 0.1102329 0.1285884 0.2106792 0.1179147 0.1119328 0.1005974 0.1961070 0.1219380 0.1106912 0.1375766 0.1219570 0.1000416 0.1574858 0.1706916 0.1147066 0.1922382 0.1125584 0.1655333 0.1601724 0.1692075 0.0991620 0.1915259 0.1172381 0.1140233 0.1055953 0.1850436 0.0685356 0.1092260 0.1854332 0.0121078 0.0580238 0.1136698 0.1176991 0.1209304 0.1139854 0.2184708 0.1363402 0.1326833 0.1194982 0.2349487 0.1897190 0.0189116 0.1764406 0.1187288 0.0800333 0.0179145 0.0262007 0.0574118 0.1071135 0.0585465 0.1228556 0.0873736 0.0874833 0.1595964 0.0474737 0.1000363 0.1205775 0.1584958 0.1199509 0.0113180 0.1632782 0.1004767 0.1002163 0.0315834 0.1401378 0.0413187 0.1306408 0.0615251 0.0537084 0.0989134 0.0961725 0.1167940 0.0885870 0.1076681 0.1650689 0.0969536 0.1014490 0.0680871 0.0979185 
S0288         0.8268072 0.6119441 0.3204580 0.6997716 0.5905350 0.6387201 0.0000000 0.6307509 0.6333316 0.6439183 0.6560219 0.5844333 0.1781342 0.4725111 0.6924722 0.2412200 0.6778597 0.6661214 0.7056381 0.3334564 0.6411250 0.6370236 0.6410613 0.6910827 0.5569001 0.6864653 0.6149684 0.6114234 0.6388735 0.2443116 0.6813195 0.6468579 0.6655530 0.5725197 0.2495138 0.6544074 0.6625768 0.3639809 0.7006146 0.6853183 0.6722864 0.6346846 0.6437129 0.6049569 0.3339938 0.7306123 0.6441229 0.3449469 0.7292803 0.6407446 0.8197685 0.6225927 0.6647978 0.6275965 0.6254536 0.7022012 0.6019927 0.6623460 0.4284702 0.6573006 0.6573038 0.6676508 0.3777332 0.6838330 0.6853034 0.6675867 0.6775023 0.4335533 0.5798300 0.7533001 0.7050198 0.4119219 1.0994271 0.7186511 0.6823568 0.7608303 0.6161882 0.7667894 0.3367464 0.6630189 0.6835439 0.4153598 0.6233492 0.6646154 0.7811613 0.6472934 0.6403173 0.6763319 0.6696803 0.6749799 0.6641931 0.4297859 0.6958768 0.6419233 0.4474928 0.2990840 0.4371872 0.6555236 0.4083198 0.6924750 0.6205634 0.6377766 0.6635038 0.6209581 0.6501450 0.6301638 0.6810436 0.6457030 0.6267167 0.6943203 0.6332459 0.6249205 0.6840581 0.5794809 0.6759112 0.6218938 0.5558299 0.6694425 0.6603396 0.6436569 0.6693140 0.6628522 0.6798991 0.6234733 0.6095326 0.6355093 0.6629403 0.6678820 0.6667043 0.6571147 0.8470113 0.6132276 0.6700924 0.5947350 0.6362177 
S0289         0.2481671 0.1303282 0.0980161 0.0393714 0.1543321 0.1191269 0.6307509 0.0000000 0.1100274 0.1250726 0.1329730 0.0604415 0.2638960 0.2805151 0.0680194 0.2522486 0.0637899 0.1197788 0.1315410 0.2575556 0.1286215 0.1168211 0.1275603 0.0640327 0.3473204 0.0547961 0.1041045 0.1274845 0.0479873 0.2619418 0.0609516 0.1052455 0.1286321 0.1979972 0.2716973 0.0464796 0.1293860 0.1276953 0.0416905 0.0833921 0.1098664 0.1214624 0.1232207 0.1095129 0.2473931 0.1937500 0.1442349 0.2572021 0.1343657 0.1235490 0.1145308 0.1002916 0.1236059 0.1108883 0.1090405 0.1339794 0.1180561 0.0767221 0.2202552 0.1111591 0.0731543 0.1117776 0.2341219 0.1289807 0.1220771 0.1482948 0.1170677 0.1512285 0.1797921 0.2007277 0.1387256 0.2174335 0.1128926 0.1522037 0.1398509 0.1985642 0.1044631 0.2060247 0.0862980 0.1120575 0.1283555 0.2082808 0.1327893 0.1213028 0.2074071 0.1226964 0.1407709 0.1381179 0.0450044 0.1128212 0.0980083 0.2476802 0.0838428 0.0424965 0.1688455 0.2726239 0.2178091 0.1263606 0.1946092 0.1334578 0.1017397 0.1287138 0.1218086 0.1310712 0.1250015 0.1220578 0.0882816 0.1023172 0.1007612 0.0533420 0.1247844 0.1065619 0.0481104 0.1820996 0.1036317 0.1219781 0.1752368 0.1214844 0.1076232 0.1293968 0.0481687 0.1271727 0.0783052 0.1321605 0.1183073 0.1170182 0.1171787 0.0983591 0.1106650 0.1180922 0.1763595 0.1208039 0.1077344 0.1256262 0.1138756 
S0292         0.2332550 0.0937007 0.1080496 0.1271579 0.1364687 0.0930382 0.6333316 0.1100274 0.0000000 0.0956443 0.1117088 0.1541114 0.2012526 0.2514295 0.1617355 0.2375884 0.1095411 0.0899927 0.1017149 0.2335726 0.0956348 0.0908251 0.0909881 0.1277341 0.3281991 0.1091149 0.0856718 0.0927873 0.1086021 0.2328914 0.0970235 0.0996321 0.1090803 0.1649099 0.1955599 0.1207825 0.0993798 0.1008949 0.1288025 0.1029590 0.1184723 0.0964251 0.0960398 0.0981079 0.2267939 0.1742484 0.1095399 0.2339373 0.1292656 0.0971585 0.0907003 0.0834202 0.0946774 0.0908153 0.0902227 0.1233397 0.1029660 0.1075583 0.2028636 0.1110178 0.1003417 0.0798943 0.2184647 0.1188474 0.0972335 0.1276169 0.1079627 0.1391268 0.1626985 0.1674422 0.1157229 0.1990862 0.1336945 0.1457985 0.1425294 0.1718056 0.0870940 0.1855779 0.1254615 0.1031094 0.1071524 0.1789912 0.0995939 0.0643188 0.1902748 0.0940147 0.1108214 0.1129106 0.1054420 0.1127627 0.1091593 0.2071351 0.1127141 0.1185950 0.1190763 0.2600787 0.1816977 0.0959827 0.1715768 0.1014012 0.0184984 0.0982284 0.0927710 0.0893999 0.0717679 0.0946644 0.1113083 0.0361379 0.0221959 0.1441259 0.1002009 0.0879672 0.1151555 0.1618213 0.1152351 0.0919355 0.1726457 0.0597473 0.0888405 0.1013724 0.1243910 0.0976845 0.1145988 0.1039217 0.0856959 0.0927718 0.0876415 0.1097423 0.0819352 0.0843034 0.1713566 0.0862722 0.0912350 0.0903901 0.0819301 
S0293         0.2449742 0.0756034 0.1607082 0.1346028 0.1434605 0.0229014 0.6439183 0.1250726 0.0956443 0.0000000 0.0845480 0.1598783 0.2104989 0.2500038 0.1832826 0.2213877 0.1268435 0.1032410 0.1194931 0.2260329 0.0936284 0.0229307 0.0341484 0.1360446 0.3145524 0.1314367 0.1041725 0.0826070 0.1200471 0.2278353 0.1157647 0.1117920 0.0955397 0.1733684 0.2018828 0.1355857 0.0628417 0.0385763 0.1411437 0.1327369 0.1263136 0.0671856 0.0279478 0.1117862 0.2125678 0.1811861 0.0986335 0.2276878 0.1375507 0.0329807 0.0831375 0.0992149 0.0279435 0.1056318 0.1050984 0.1314765 0.1166752 0.1336507 0.2143146 0.1256841 0.1196404 0.1092657 0.1991004 0.1315717 0.1158896 0.1418209 0.1260784 0.1173979 0.1680456 0.1726601 0.1282734 0.1992866 0.1134293 0.1716011 0.1674912 0.1768510 0.1068808 0.1993943 0.1327865 0.1205885 0.1137394 0.1829765 0.0791870 0.1172035 0.1916929 0.0238351 0.0717810 0.1213342 0.1226358 0.1287108 0.1216752 0.2160590 0.1444646 0.1332972 0.1198599 0.2391921 0.1882323 0.0309837 0.1861367 0.1264877 0.0837581 0.0289357 0.0356154 0.0679007 0.1122191 0.0644733 0.1265707 0.0972771 0.0924311 0.1644204 0.0584728 0.1077506 0.1186658 0.1650225 0.1260716 0.0231777 0.1739897 0.1018178 0.1064291 0.0409046 0.1439818 0.0533703 0.1366045 0.0752621 0.0594760 0.1064743 0.1022984 0.1258100 0.0946408 0.1177021 0.1799467 0.1046405 0.1076824 0.0788956 0.1056074 
S0294         0.2707357 0.0739840 0.1279254 0.1446834 0.1469689 0.0761145 0.6560219 0.1329730 0.1117088 0.0845480 0.0000000 0.1648392 0.2170508 0.2621387 0.1791822 0.2401603 0.1304062 0.1100645 0.1214208 0.2462409 0.1098496 0.0715189 0.0794346 0.1408793 0.2950705 0.1322342 0.1132825 0.0908858 0.1249259 0.2457656 0.1314831 0.1195397 0.1014319 0.1936117 0.2188819 0.1357689 0.0837044 0.0847075 0.1487513 0.1434548 0.1382013 0.0857865 0.0829174 0.1065131 0.2398125 0.1995314 0.1034789 0.2513061 0.1454763 0.0788636 0.1057886 0.1118663 0.0833437 0.1185911 0.1172192 0.1468602 0.1088034 0.1483736 0.2217568 0.1402032 0.1282630 0.1240991 0.2214034 0.1438082 0.1344466 0.1540524 0.1360465 0.0568564 0.1736842 0.1844325 0.1387806 0.2150926 0.1482434 0.1779962 0.1738062 0.1973211 0.1186706 0.2130872 0.1431286 0.1352318 0.1325421 0.2080659 0.0876245 0.1215455 0.1998870 0.0770747 0.0933056 0.1313542 0.1260019 0.1378498 0.1291033 0.2295845 0.1497006 0.1453683 0.1434804 0.2589741 0.2046990 0.0788936 0.1899633 0.1274760 0.0997161 0.0844590 0.0778823 0.0782748 0.1283360 0.0794474 0.1357674 0.1112610 0.1073117 0.1603957 0.0804088 0.1207632 0.1421065 0.1717809 0.1396312 0.0725502 0.1840808 0.1238214 0.1189111 0.0841283 0.1462780 0.0857853 0.1550840 0.0799011 0.0821628 0.1152362 0.1182108 0.1470093 0.1103070 0.1274485 0.1931612 0.1114236 0.1253062 0.0917973 0.1213677 
S0299         0.2856654 0.1557674 0.1300664 0.0751238 0.1889954 0.1514795 0.5844333 0.0604415 0.1541114 0.1598783 0.1648392 0.0000000 0.3239634 0.3442524 0.0842097 0.3170405 0.1000423 0.1630093 0.1794089 0.3128779 0.1708334 0.1475210 0.1636766 0.0916903 0.3110631 0.0924624 0.1407538 0.1583919 0.0691511 0.3419691 0.0993147 0.1363615 0.1597802 0.2662962 0.3056170 0.0807714 0.1608605 0.1607010 0.0750145 0.1130639 0.1376205 0.1663300 0.1599709 0.1505913 0.3074996 0.2232492 0.1759753 0.3226083 0.1669947 0.1562954 0.1337635 0.1357838 0.1579715 0.1497457 0.1439141 0.1721498 0.1597856 0.1085663 0.2850245 0.1506563 0.0972427 0.1580576 0.2909716 0.1530623 0.1506568 0.1894064 0.1510662 0.1789151 0.2435225 0.2333460 0.1772510 0.2847252 0.1037408 0.1694696 0.1610799 0.2210805 0.1413026 0.2262339 0.1179676 0.1507866 0.1688838 0.2723614 0.1626494 0.1610872 0.2150723 0.1549347 0.1799233 0.1807897 0.0756924 0.1509092 0.1375005 0.2945755 0.1124758 0.0636065 0.2318901 0.3292666 0.2786817 0.1559725 0.2644071 0.1853853 0.1441547 0.1563198 0.1526530 0.1679574 0.1659130 0.1661822 0.1064292 0.1472850 0.1489440 0.0714945 0.1621916 0.1408016 0.0773253 0.2453919 0.1438146 0.1489950 0.2374209 0.1680045 0.1421354 0.1499006 0.0693274 0.1656412 0.1145647 0.1758158 0.1500511 0.1651591 0.1591725 0.1363219 0.1450858 0.1614888 0.1853987 0.1607505 0.1483442 0.1603294 0.1545188 
S0303         0.3700577 0.2007955 0.3461407 0.2760276 0.1918772 0.2132090 0.1781342 0.2638960 0.2012526 0.2104989 0.2170508 0.3239634 0.0000000 0.1119023 0.2981349 0.0265890 0.2465608 0.2271643 0.2528982 0.0508315 0.2248407 0.2096859 0.2127134 0.2579206 0.3577101 0.2493541 0.2079678 0.1932549 0.2505464 0.0361895 0.2314704 0.2038713 0.2217016 0.0959505 0.0151156 0.2801827 0.2229664 0.2132740 0.2879293 0.2470757 0.2085776 0.2144619 0.2424131 0.1989552 0.0269969 0.2896961 0.2223176 0.0341116 0.2479038 0.2064027 0.1895658 0.2121004 0.2291295 0.2150626 0.2091174 0.2606729 0.2022166 0.2438194 0.0953436 0.2179223 0.2426463 0.2129073 0.0532146 0.2218765 0.2257618 0.2152443 0.2084489 0.2392651 0.1751096 0.3028574 0.2316828 0.0790362 0.1152153 0.2684761 0.2421734 0.3160610 0.2204105 0.3240614 0.2938368 0.2305254 0.2449761 0.0707645 0.2014358 0.2347043 0.3266033 0.2192606 0.2029738 0.2073203 0.2587876 0.2222841 0.2200498 0.0346772 0.2522592 0.2736901 0.0903385 0.0482170 0.0449107 0.2186843 0.0721469 0.2429342 0.2053533 0.2056470 0.2273303 0.2130457 0.2331183 0.1829006 0.2502292 0.2020553 0.1984531 0.2974488 0.1935207 0.2081995 0.2518267 0.1606762 0.2120811 0.2091313 0.1564925 0.2074232 0.2227334 0.2282161 0.2702924 0.2173940 0.2646180 0.2122233 0.1985530 0.2269875 0.2157693 0.2169592 0.2170394 0.2029591 0.3797051 0.2011633 0.2277059 0.1982755 0.2104695 
S0308         0.3900720 0.2536723 0.3432301 0.2990311 0.2446198 0.2502816 0.4725111 0.2805151 0.2514295 0.2500038 0.2621387 0.3442524 0.1119023 0.0000000 0.3670471 0.1250439 0.2902100 0.2709374 0.2895691 0.1420952 0.2385343 0.2456506 0.2532066 0.2891572 0.4762679 0.2872047 0.2385123 0.2417846 0.2915510 0.1251384 0.2853387 0.2627625 0.2754517 0.1610532 0.1183338 0.2941033 0.2486945 0.2636207 0.3196721 0.3003918 0.2758840 0.2602149 0.2591996 0.2149229 0.1287099 0.3484255 0.2889033 0.1485980 0.3124488 0.2503902 0.2211299 0.2437571 0.2559496 0.2525761 0.2440339 0.3036518 0.2193253 0.2923383 0.1505990 0.2815567 0.2900088 0.2705390 0.1182623 0.2784262 0.2757003 0.2936488 0.2699853 0.2790833 0.2187789 0.3602979 0.2923863 0.1488274 0.1650166 0.3359325 0.3202517 0.3587839 0.2426915 0.3805098 0.3211808 0.2871957 0.2870551 0.1515516 0.2553724 0.2785958 0.3817508 0.2530231 0.2528658 0.2914354 0.2726202 0.2790854 0.2671615 0.1429665 0.3150262 0.2910760 0.1456622 0.1332446 0.1639569 0.2546486 0.1308730 0.2761443 0.2564166 0.2499660 0.2593507 0.2460601 0.2723881 0.2428712 0.2758640 0.2683386 0.2582571 0.3116042 0.2477731 0.2500395 0.3176460 0.2238906 0.2844483 0.2411807 0.2232195 0.2760147 0.2652055 0.2642145 0.3014405 0.2540421 0.3051377 0.2628206 0.2500128 0.2597128 0.2588045 0.2820780 0.2784150 0.2708012 0.3709243 0.2440621 0.2734608 0.2253650 0.2640281 
S0320         0.3276274 0.1845996 0.1016915 0.0904721 0.2098835 0.1795153 0.6924722 0.0680194 0.1617355 0.1832826 0.1791822 0.0842097 0.2981349 0.3670471 0.0000000 0.3068833 0.1165838 0.1692377 0.1850739 0.3384882 0.1901210 0.1754483 0.1828526 0.1135119 0.4308240 0.1038880 0.1547999 0.1830909 0.0940755 0.3133169 0.1082693 0.1590537 0.1705588 0.2698912 0.2929669 0.0821740 0.1958587 0.1410141 0.0957500 0.1340457 0.1648805 0.1744819 0.1506863 0.1552102 0.3287185 0.2493678 0.1925631 0.3419077 0.1982051 0.1796062 0.1838876 0.1475827 0.1820164 0.1585318 0.1583115 0.1826263 0.1648576 0.1320173 0.2934109 0.1642206 0.1191871 0.1653489 0.2587689 0.1824417 0.1728906 0.2009287 0.1692875 0.1711398 0.2579636 0.2538677 0.2014910 0.2891196 0.8889777 0.2028354 0.1878299 0.2570065 0.1539370 0.2567251 0.1009855 0.1730592 0.1841059 0.2761341 0.1934723 0.1637931 0.2565362 0.1790721 0.2099931 0.2022057 0.0974473 0.1685842 0.1522022 0.3499501 0.1369959 0.0711909 0.2395749 0.3599178 0.2937920 0.1838256 0.2598214 0.1951746 0.1546773 0.1849335 0.1821477 0.1905274 0.1723846 0.1802820 0.1344271 0.1493094 0.1499434 0.0896993 0.1879341 0.1589626 0.0561344 0.2585673 0.1601343 0.1776311 0.2398166 0.1704101 0.1619096 0.1841150 0.0830765 0.1833160 0.1386546 0.1937042 0.1705870 0.1653297 0.1638616 0.1577042 0.1634704 0.1651444 0.2294878 0.1728925 0.1635178 0.1873489 0.1689194 
S0322         0.3792954 0.2285992 0.3334564 0.2812901 0.2057996 0.2180725 0.2412200 0.2522486 0.2375884 0.2213877 0.2401603 0.3170405 0.0265890 0.1250439 0.3068833 0.0000000 0.2494493 0.2558369 0.2762823 0.0365133 0.2342397 0.2184600 0.2347438 0.2563739 0.4440146 0.2544412 0.2130856 0.2161264 0.2563670 0.0383149 0.2316175 0.2325717 0.2460548 0.0995007 0.0116484 0.2617415 0.2463311 0.2435380 0.2798704 0.2631735 0.2326997 0.2287459 0.2370613 0.2027109 0.0227208 0.3248227 0.2370004 0.0315093 0.2917844 0.2204394 0.1735475 0.2153342 0.2305719 0.2239796 0.2208021 0.2851265 0.2080479 0.2559539 0.1097498 0.2378051 0.2556052 0.2456963 0.0681949 0.2560787 0.2473071 0.2566953 0.2427892 0.2845256 0.1888730 0.3194849 0.2764388 0.0976882 0.1157180 0.3019308 0.2903481 0.3319280 0.2178734 0.3490768 0.2906533 0.2594795 0.2697791 0.0898658 0.2357010 0.2637694 0.3475835 0.2250617 0.2265284 0.2725246 0.2491330 0.2312442 0.2308496 0.0296205 0.2703384 0.2613360 0.0891335 0.0365214 0.0655349 0.2355312 0.0915907 0.2682371 0.2318110 0.2253615 0.2344665 0.2207999 0.2605717 0.2229180 0.2691190 0.2424590 0.2383126 0.2770290 0.2196152 0.2169286 0.2633037 0.1845060 0.2335838 0.2138915 0.1816092 0.2434642 0.2348918 0.2353095 0.2689194 0.2370600 0.2754272 0.2326086 0.2140626 0.2369400 0.2433218 0.2518253 0.2513649 0.2386972 0.3469237 0.2045375 0.2337000 0.2055551 0.2338363 
S0327         0.2513953 0.1177617 0.0948267 0.0666218 0.1667692 0.1218534 0.6778597 0.0637899 0.1095411 0.1268435 0.1304062 0.1000423 0.2465608 0.2902100 0.1165838 0.2494493 0.0000000 0.1275157 0.1366424 0.2655765 0.1375656 0.1195434 0.1247852 0.0696659 0.3492622 0.0547351 0.1138815 0.1296776 0.0596518 0.2673019 0.0572804 0.1091296 0.1252945 0.2080537 0.2386702 0.0608226 0.1298327 0.1329958 0.0655465 0.0788970 0.1077502 0.1216551 0.1261290 0.1235537 0.2553132 0.1998447 0.1377379 0.2669914 0.1489601 0.1277131 0.1118230 0.1087659 0.1262537 0.1194907 0.1163474 0.1488799 0.1295403 0.0806799 0.2311146 0.1150679 0.0725192 0.1086273 0.2336267 0.1299891 0.1250705 0.1410789 0.1167854 0.1543433 0.1951414 0.2007409 0.1530203 0.2239830 0.1872533 0.1604407 0.1554545 0.2039420 0.1154723 0.2187480 0.0866619 0.1175377 0.1384456 0.2126449 0.1334403 0.1196594 0.2146709 0.1228354 0.1481088 0.1418188 0.0580753 0.1130304 0.0984855 0.2573148 0.0838297 0.0754015 0.1623998 0.2762456 0.2214398 0.1251889 0.2086255 0.1371199 0.1026530 0.1312978 0.1218218 0.1300119 0.1233452 0.1201430 0.0853507 0.1064533 0.1027735 0.0872004 0.1268568 0.1175598 0.0606782 0.1960663 0.1030068 0.1156289 0.1906104 0.1262223 0.1166022 0.1358734 0.0806273 0.1304487 0.0902269 0.1353365 0.1139634 0.1209116 0.1183460 0.1023884 0.1125931 0.1174662 0.1842498 0.1290167 0.1192118 0.1245918 0.1146938 
S0335         0.2377752 0.1010555 0.1181060 0.1382432 0.1506565 0.0971114 0.6661214 0.1197788 0.0899927 0.1032410 0.1100645 0.1630093 0.2271643 0.2709374 0.1692377 0.2558369 0.1275157 0.0000000 0.0687663 0.2400625 0.1201231 0.0961019 0.1002991 0.1343735 0.3476706 0.1282884 0.0941191 0.1079683 0.1206015 0.2555975 0.1162665 0.0918977 0.1104762 0.1781688 0.2265769 0.1301430 0.1069811 0.1122240 0.1378157 0.1169144 0.1238186 0.1045621 0.1032812 0.1032756 0.2314283 0.1891722 0.1154693 0.2407942 0.1408545 0.1012374 0.0896610 0.0918810 0.1046685 0.0931754 0.0987438 0.1246099 0.1093453 0.1233213 0.2196311 0.1248740 0.1064841 0.0945601 0.2314926 0.1152985 0.1142676 0.1205764 0.1015302 0.1358966 0.1793329 0.1773009 0.1158923 0.2185882 0.1126260 0.1626096 0.1578331 0.1807806 0.0955591 0.2026517 0.1295743 0.1099627 0.0780986 0.2072330 0.1056187 0.0843693 0.1940626 0.0992522 0.1173076 0.1139817 0.1166976 0.1264613 0.1177672 0.2157413 0.1297335 0.1252689 0.1466200 0.2625788 0.1879665 0.0977108 0.1898922 0.0692475 0.0746750 0.1046204 0.0991439 0.0995136 0.0963137 0.1004902 0.1243158 0.0828198 0.0804342 0.1476667 0.1039677 0.0975728 0.1315449 0.1803728 0.1279591 0.0960717 0.1897038 0.0831423 0.0785614 0.1054321 0.1270957 0.0984566 0.1267064 0.1126569 0.1008308 0.0618468 0.0389173 0.1236226 0.0830893 0.0910120 0.1842217 0.1045038 0.0831540 0.1001757 0.0883096 
S0345         0.2494379 0.1129286 0.1540723 0.1560207 0.1571526 0.1129356 0.7056381 0.1315410 0.1017149 0.1194931 0.1214208 0.1794089 0.2528982 0.2895691 0.1850739 0.2762823 0.1366424 0.0687663 0.0000000 0.2612799 0.1344392 0.1053935 0.1143116 0.1466355 0.3655100 0.1405349 0.1048004 0.1167050 0.1328484 0.2728246 0.1319501 0.1111265 0.1170248 0.1977387 0.2349978 0.1483912 0.1181065 0.1293993 0.1500912 0.1299855 0.1454066 0.1219230 0.1124572 0.1074247 0.2451232 0.2029998 0.1203363 0.2637216 0.1445471 0.1136001 0.1051577 0.1048915 0.1147331 0.1087510 0.1108755 0.1442781 0.1136477 0.1374632 0.2449289 0.1478422 0.1202120 0.1062673 0.2446192 0.1313337 0.1274811 0.1480170 0.1208237 0.1534930 0.1840628 0.1911200 0.1348497 0.2326068 0.1663462 0.1736757 0.1687080 0.1982915 0.1088151 0.2185125 0.1712267 0.1185019 0.0936620 0.2123395 0.1230665 0.0901793 0.2110092 0.1114323 0.1319570 0.1186486 0.1322895 0.1496294 0.1392120 0.2456173 0.1392448 0.1406532 0.1603305 0.2853383 0.2080499 0.1147278 0.2003081 0.0439685 0.0892022 0.1171788 0.1141291 0.1146875 0.1034953 0.1071317 0.1376888 0.0990848 0.0943352 0.1665031 0.1203279 0.1109087 0.1381588 0.1822471 0.1521695 0.1080189 0.1927840 0.1029707 0.0966623 0.1164701 0.1409608 0.1148709 0.1436247 0.1204315 0.1128964 0.0363072 0.0746043 0.1480584 0.0995485 0.1058600 0.1970209 0.1094061 0.0978129 0.1093775 0.1025944 
S0355         0.3973833 0.2391798 0.3372139 0.2824843 0.2029578 0.2199274 0.3334564 0.2575556 0.2335726 0.2260329 0.2462409 0.3128779 0.0508315 0.1420952 0.3384882 0.0365133 0.2655765 0.2400625 0.2612799 0.0000000 0.2312399 0.2171301 0.2307848 0.2645609 0.5176342 0.2564643 0.2087653 0.2159405 0.2524505 0.0455164 0.2423078 0.2342756 0.2450088 0.1225671 0.0212725 0.2613776 0.2431573 0.2512784 0.2825104 0.2482471 0.2486309 0.2330575 0.2426169 0.1919599 0.0324488 0.3175341 0.2535699 0.0432511 0.2902596 0.2298789 0.1973695 0.2105634 0.2273502 0.2193099 0.2151459 0.2719353 0.2004294 0.2479584 0.1173160 0.2446953 0.2509232 0.2402530 0.0658485 0.2633192 0.2514447 0.2716494 0.2540886 0.2910785 0.1869591 0.3185643 0.2715034 0.1085673 0.1242351 0.2899160 0.2799899 0.3292552 0.2140794 0.3479375 0.3186936 0.2470812 0.2612225 0.1092639 0.2341063 0.2602545 0.3486251 0.2240086 0.2348543 0.2696743 0.2461504 0.2458652 0.2389322 0.0428600 0.2688850 0.2767421 0.1086885 0.0660822 0.0714112 0.2308370 0.1017951 0.2526914 0.2318349 0.2312623 0.2335255 0.2278761 0.2543069 0.2203326 0.2581221 0.2455878 0.2375277 0.2892392 0.2327594 0.2148425 0.2773628 0.1914512 0.2454590 0.2174150 0.1852485 0.2393676 0.2326414 0.2379794 0.2669254 0.2321050 0.2712392 0.2249880 0.2173233 0.2333559 0.2359432 0.2550186 0.2421877 0.2379945 0.3465618 0.2125993 0.2335965 0.2069148 0.2342749 
S0376         0.2501700 0.0913388 0.1419715 0.1439252 0.1571975 0.0858562 0.6411250 0.1286215 0.0956348 0.0936284 0.1098496 0.1708334 0.2248407 0.2385343 0.1901210 0.2342397 0.1375656 0.1201231 0.1344392 0.2312399 0.0000000 0.0813631 0.0847015 0.1468852 0.3094776 0.1366104 0.1059827 0.0626627 0.1322870 0.2270869 0.1282022 0.1182671 0.0962302 0.1706359 0.2028314 0.1426744 0.0901726 0.0900982 0.1422245 0.1361578 0.1346434 0.0857283 0.0866560 0.1048259 0.2184552 0.1873112 0.1121408 0.2365082 0.1403801 0.0886631 0.0980535 0.0997475 0.0874379 0.1115013 0.1072515 0.1430647 0.1083616 0.1397533 0.1906545 0.1321505 0.1286868 0.1232039 0.2058493 0.1383043 0.1166218 0.1471967 0.1252113 0.1411133 0.1604739 0.1784762 0.1289200 0.1919325 0.1496137 0.1698425 0.1674008 0.1801899 0.1060045 0.1964354 0.1722624 0.1213644 0.1226931 0.1777777 0.0782693 0.1152067 0.1985653 0.0868313 0.0956479 0.1351723 0.1269295 0.1326945 0.1247248 0.2174865 0.1464616 0.1420350 0.1328628 0.2346861 0.1907472 0.0874186 0.1724448 0.1300420 0.0911109 0.0909354 0.0903924 0.0857483 0.1204363 0.0834626 0.1300257 0.1036915 0.0962103 0.1668420 0.0873474 0.1096286 0.1356274 0.1581634 0.1363904 0.0822847 0.1657256 0.1201229 0.1048662 0.0903897 0.1481279 0.0885198 0.1418831 0.0894350 0.0729877 0.1182278 0.1174887 0.1357460 0.1118464 0.1346334 0.1878245 0.1081877 0.1035742 0.0614915 0.1202462 
S0400         0.2338982 0.0629964 0.1303934 0.1327700 0.1310995 0.0111997 0.6370236 0.1168211 0.0908251 0.0229307 0.0715189 0.1475210 0.2096859 0.2456506 0.1754483 0.2184600 0.1195434 0.0961019 0.1053935 0.2171301 0.0813631 0.0000000 0.0216516 0.1311695 0.2915609 0.1216116 0.0910871 0.0686030 0.1137167 0.2183073 0.1098465 0.1018018 0.0822301 0.1693806 0.1975108 0.1272860 0.0486106 0.0178753 0.1336724 0.1228070 0.1150993 0.0549504 0.0152238 0.0982063 0.2056424 0.1795023 0.0878231 0.2225945 0.1164232 0.0209287 0.0812174 0.0885999 0.0141037 0.0948405 0.0942568 0.1241926 0.1055184 0.1237316 0.2049702 0.1168828 0.1072548 0.0983780 0.1914341 0.1225471 0.1108572 0.1352179 0.1171148 0.0987576 0.1581811 0.1723663 0.1087780 0.1853604 0.1045630 0.1612081 0.1559186 0.1731781 0.0960588 0.1976299 0.1210075 0.1099898 0.1022192 0.1790610 0.0664338 0.1069786 0.1914217 0.0121229 0.0527991 0.1102051 0.1154081 0.1199025 0.1105317 0.2104169 0.1327520 0.1302929 0.1139279 0.2327433 0.1847617 0.0170053 0.1708936 0.1176998 0.0778331 0.0179372 0.0252352 0.0553133 0.1048885 0.0541773 0.1156308 0.0901261 0.0852788 0.1558502 0.0454565 0.0969403 0.1194342 0.1592053 0.1213804 0.0113322 0.1626616 0.0982601 0.0980056 0.0276667 0.1351994 0.0425435 0.1270641 0.0583981 0.0506319 0.0966480 0.0914168 0.1169703 0.0864070 0.1066444 0.1617082 0.0962023 0.0992337 0.0638150 0.0971713 
S0405         0.2434957 0.0679170 0.1433955 0.1415945 0.1411734 0.0226312 0.6410613 0.1275603 0.0909881 0.0341484 0.0794346 0.1636766 0.2127134 0.2532066 0.1828526 0.2347438 0.1247852 0.1002991 0.1143116 0.2307848 0.0847015 0.0216516 0.0000000 0.1345461 0.2959750 0.1284456 0.0987652 0.0749802 0.1116023 0.2343072 0.1162316 0.1092195 0.0882888 0.1706390 0.2035369 0.1318445 0.0562672 0.0217363 0.1398489 0.1334715 0.1240718 0.0561315 0.0300233 0.1066158 0.2218793 0.1849069 0.0904356 0.2306253 0.1261323 0.0300095 0.0824086 0.0936781 0.0257879 0.1002537 0.0970429 0.1340076 0.1075227 0.1307112 0.2141780 0.1249251 0.1158441 0.1028693 0.2025457 0.1268151 0.1172716 0.1385793 0.1251708 0.1057042 0.1652317 0.1699470 0.1201123 0.1933702 0.1160094 0.1709848 0.1667392 0.1787480 0.1015359 0.1978662 0.1362840 0.1221004 0.1042887 0.1872128 0.0714693 0.1092239 0.1913928 0.0246051 0.0627693 0.1203747 0.1219166 0.1280725 0.1180037 0.2191267 0.1428626 0.1333320 0.1223074 0.2500420 0.1865610 0.0216866 0.1774809 0.1216873 0.0811746 0.0298718 0.0283172 0.0576138 0.1070253 0.0634315 0.1246537 0.0901680 0.0865419 0.1632413 0.0527319 0.1024459 0.1246624 0.1646953 0.1281461 0.0208187 0.1736803 0.0973563 0.1011040 0.0381183 0.1441736 0.0430052 0.1366706 0.0641829 0.0537958 0.1021411 0.0982359 0.1250841 0.0913616 0.1113909 0.1703615 0.0991987 0.0996546 0.0733477 0.1013266 
S0407sl       0.2692673 0.1370938 0.1306290 0.0695680 0.1710391 0.1309665 0.6910827 0.0640327 0.1277341 0.1360446 0.1408793 0.0916903 0.2579206 0.2891572 0.1135119 0.2563739 0.0696659 0.1343735 0.1466355 0.2645609 0.1468852 0.1311695 0.1345461 0.0000000 0.3730578 0.0604255 0.1213242 0.1395063 0.0753446 0.2727005 0.0809555 0.1251582 0.1354705 0.1978667 0.2466271 0.0703319 0.1471180 0.1454293 0.0692154 0.0961580 0.1225648 0.1429311 0.1392919 0.1268849 0.2531369 0.2050322 0.1492802 0.2668777 0.1558596 0.1382943 0.1159130 0.1173462 0.1354876 0.1268535 0.1238858 0.1622175 0.1315541 0.0966465 0.2379753 0.1228013 0.0880826 0.1306156 0.2393014 0.1441870 0.1425389 0.1653227 0.1400243 0.1695527 0.2028482 0.2040891 0.1598499 0.2299746 0.1379958 0.1799168 0.1748980 0.2002097 0.1229282 0.2166937 0.0993399 0.1356835 0.1424854 0.2267129 0.1481669 0.1256354 0.2125947 0.1319490 0.1568955 0.1579422 0.0585754 0.1231341 0.1115619 0.2539774 0.1049598 0.0699035 0.1745745 0.2795272 0.2252300 0.1395781 0.2177447 0.1468560 0.1145386 0.1406201 0.1362975 0.1377712 0.1389093 0.1367118 0.1072293 0.1194422 0.1170367 0.0918383 0.1458387 0.1262923 0.0452723 0.2039610 0.1177161 0.1259565 0.1996420 0.1364541 0.1278217 0.1465024 0.0739449 0.1411576 0.1069676 0.1553853 0.1306361 0.1292327 0.1292233 0.1195652 0.1359290 0.1398924 0.1945420 0.1337035 0.1292453 0.1377957 0.1333901 
S0412sl       0.4786740 0.2886710 0.1062582 0.3675893 0.4038032 0.2892309 0.5569001 0.3473204 0.3281991 0.3145524 0.2950705 0.3110631 0.3577101 0.4762679 0.4308240 0.4440146 0.3492622 0.3476706 0.3655100 0.5176342 0.3094776 0.2915609 0.2959750 0.3730578 0.0000000 0.3594436 0.3231431 0.3090080 0.3389717 0.4819027 0.3431176 0.3264269 0.2872034 0.5406028 0.4059308 0.3575163 0.2907226 0.1368703 0.3663262 0.3713657 0.3446065 0.2951952 0.3216340 0.3420398 0.5008423 0.4248650 0.2800727 0.5066569 0.3712177 0.3024422 0.4197107 0.3174984 0.2983558 0.3251072 0.3252022 0.3730443 0.3366953 0.3649755 0.4783845 0.3744165 0.3571806 0.3437267 0.5034851 0.3324986 0.3397421 0.3630926 0.3524490 0.1825101 0.4420953 0.4122080 0.3346908 0.4616485 0.2783893 0.3993359 0.3837109 0.4167317 0.3219804 0.4512568 0.1265357 0.3484744 0.3313854 0.4718900 0.3218574 0.3471652 0.4387114 0.2957974 0.3288628 0.3584701 0.3527177 0.3762531 0.3556210 0.5435524 0.3790188 0.3686713 0.3956280 0.5165151 0.5513158 0.3026374 0.4368071 0.3572703 0.3086126 0.3025848 0.3020754 0.3195559 0.3501290 0.3041779 0.3500521 0.3228078 0.3220033 0.3906747 0.2993835 0.3250936 0.3897657 0.4504919 0.3519952 0.2845990 0.4527331 0.3425624 0.3419477 0.2982994 0.3788133 0.3060247 0.3735112 0.3027080 0.2840496 0.3464463 0.3444960 0.3672859 0.3258589 0.3466114 0.4095373 0.3223528 0.3443043 0.3102376 0.3391825 
S0417         0.2431949 0.1297204 0.1062592 0.0534274 0.1566005 0.1264238 0.6864653 0.0547961 0.1091149 0.1314367 0.1322342 0.0924624 0.2493541 0.2872047 0.1038880 0.2544412 0.0547351 0.1282884 0.1405349 0.2564643 0.1366104 0.1216116 0.1284456 0.0604255 0.3594436 0.0000000 0.1073600 0.1291231 0.0560405 0.2661127 0.0561512 0.1205687 0.1292305 0.1911957 0.2415647 0.0606545 0.1358009 0.1414743 0.0562327 0.0659990 0.1112534 0.1279004 0.1299546 0.1126316 0.2516637 0.1940086 0.1434102 0.2615741 0.1494754 0.1323376 0.1220328 0.1023353 0.1245339 0.1100678 0.1099046 0.1461253 0.1235675 0.0643785 0.2293166 0.1073930 0.0599722 0.1190464 0.2267602 0.1390823 0.1321628 0.1558073 0.1285158 0.1691056 0.1921272 0.1921016 0.1501019 0.2172907 0.1486579 0.1685201 0.1634148 0.1964186 0.1089082 0.2052000 0.0929559 0.1277265 0.1348863 0.2132226 0.1424117 0.1201233 0.2001900 0.1274019 0.1462040 0.1449568 0.0377813 0.1078130 0.0994728 0.2423348 0.0708817 0.0638097 0.1683881 0.2803914 0.2110577 0.1323409 0.2075861 0.1338158 0.0986062 0.1346680 0.1322018 0.1347645 0.1200088 0.1270573 0.0909183 0.1012369 0.1011680 0.0731444 0.1294931 0.1109821 0.0518470 0.1915424 0.1064862 0.1269188 0.1919375 0.1215416 0.1145603 0.1391829 0.0666784 0.1325164 0.0758403 0.1395797 0.1197374 0.1208446 0.1229687 0.1008225 0.1146191 0.1276844 0.1756473 0.1232709 0.1196209 0.1278761 0.1261364 
S0419         0.2392099 0.0989747 0.0189668 0.1244881 0.1072775 0.0965255 0.6149684 0.1041045 0.0856718 0.1041725 0.1132825 0.1407538 0.2079678 0.2385123 0.1547999 0.2130856 0.1138815 0.0941191 0.1048004 0.2087653 0.1059827 0.0910871 0.0987652 0.1213242 0.3231431 0.1073600 0.0000000 0.0910519 0.1047365 0.2228431 0.1013909 0.0957363 0.1096050 0.1627063 0.1991591 0.1143150 0.0959961 0.1116636 0.1179918 0.0990172 0.1208945 0.0891074 0.0992983 0.0596724 0.1989121 0.1742015 0.1072829 0.2101889 0.1233448 0.1009297 0.0981700 0.0064654 0.0960948 0.0111865 0.0103005 0.1287285 0.0689030 0.1086666 0.1827699 0.1130253 0.0951118 0.0797524 0.2079337 0.1116958 0.1053271 0.1326460 0.1091547 0.1306989 0.1277957 0.1620846 0.1072163 0.1897719 0.0879492 0.1573624 0.1494741 0.1657187 0.0092812 0.1844150 0.1283924 0.1066475 0.1021545 0.1790318 0.0986631 0.0928182 0.1851251 0.0989511 0.1087399 0.1144525 0.0992354 0.1146575 0.1138523 0.1850839 0.1078205 0.1080307 0.1239307 0.2257059 0.1751125 0.0985904 0.1570568 0.1045827 0.0703249 0.1040902 0.0976150 0.0971069 0.0955063 0.0900680 0.1047524 0.0774961 0.0727857 0.1390857 0.0968291 0.0101932 0.1169448 0.1266547 0.1209716 0.0955796 0.1337228 0.0820869 0.0750017 0.1039100 0.1116515 0.0904946 0.1111283 0.0981864 0.0854934 0.0864505 0.0910776 0.1199506 0.0893785 0.0853568 0.1573808 0.0660179 0.0797902 0.0902242 0.0724580 
S0427         0.2499319 0.0706670 0.1297343 0.1453045 0.1335208 0.0729357 0.6114234 0.1274845 0.0927873 0.0826070 0.0908858 0.1583919 0.1932549 0.2417846 0.1830909 0.2161264 0.1296776 0.1079683 0.1167050 0.2159405 0.0626627 0.0686030 0.0749802 0.1395063 0.3090080 0.1291231 0.0910519 0.0000000 0.1217472 0.2169991 0.1162408 0.1098628 0.0835704 0.1644401 0.1850979 0.1332247 0.0813405 0.0715340 0.1383431 0.1257393 0.1282994 0.0817783 0.0757962 0.0872977 0.2158543 0.1759257 0.1002185 0.2235307 0.1230699 0.0778643 0.0870509 0.0885659 0.0730578 0.0962537 0.0944857 0.1283515 0.0932459 0.1343326 0.1974173 0.1313618 0.1136287 0.1064599 0.2035430 0.1322287 0.1123908 0.1426115 0.1237897 0.1173148 0.1472410 0.1652587 0.1145246 0.1865168 0.1216383 0.1691540 0.1650812 0.1715841 0.0960214 0.1848155 0.1402747 0.1180570 0.1075691 0.1721872 0.0675591 0.1039410 0.1915131 0.0738932 0.0844787 0.1148770 0.1240773 0.1318969 0.1236013 0.2007266 0.1330696 0.1322727 0.1213896 0.2255597 0.1869023 0.0756225 0.1734185 0.1211807 0.0799024 0.0799968 0.0747029 0.0631039 0.1130501 0.0714515 0.1287911 0.0945489 0.0859323 0.1588201 0.0743239 0.0945578 0.1299687 0.1449111 0.1346874 0.0705035 0.1584652 0.1038995 0.0872947 0.0808076 0.1398724 0.0796252 0.1321173 0.0821495 0.0738028 0.1061374 0.1030660 0.1340831 0.0975175 0.1149136 0.1712200 0.0953316 0.0919872 0.0474440 0.1061409 
S0428sl       0.2502716 0.1180191 0.0819191 0.0583926 0.1585695 0.1187462 0.6388735 0.0479873 0.1086021 0.1200471 0.1249259 0.0691511 0.2505464 0.2915510 0.0940755 0.2563670 0.0596518 0.1206015 0.1328484 0.2524505 0.1322870 0.1137167 0.1116023 0.0753446 0.3389717 0.0560405 0.1047365 0.1217472 0.0000000 0.2682126 0.0541425 0.1096642 0.1204104 0.2068379 0.2477810 0.0674641 0.1257088 0.1256993 0.0559957 0.0795630 0.0982190 0.1182776 0.1233901 0.1128868 0.2474239 0.1901441 0.1330752 0.2584593 0.1387834 0.1219851 0.1103024 0.0994797 0.1191737 0.1104762 0.1085301 0.1374629 0.1195283 0.0777636 0.2326759 0.1044144 0.0655743 0.1113475 0.2423281 0.1299589 0.1178964 0.1340658 0.1160863 0.1576333 0.1969471 0.1925093 0.1408290 0.2240105 0.1078067 0.1492862 0.1448362 0.1888827 0.1047590 0.1925681 0.0817910 0.1180901 0.1290393 0.2194685 0.1318964 0.1157362 0.1928556 0.1158431 0.1462499 0.1454572 0.0539581 0.1049065 0.0933616 0.2480201 0.0774989 0.0518017 0.1663779 0.2794481 0.2139721 0.1195837 0.2104367 0.1390526 0.0990562 0.1245978 0.1171976 0.1215854 0.1134489 0.1196041 0.0737169 0.1016684 0.1015077 0.0762235 0.1246285 0.1059992 0.0493759 0.1948202 0.1018177 0.1163741 0.1968673 0.1110246 0.1069567 0.1280902 0.0618451 0.1241290 0.0818433 0.1374199 0.1127256 0.1200027 0.1128563 0.0987626 0.1052334 0.1202934 0.1657229 0.1187959 0.1057952 0.1253203 0.1129544 
