104
PAFTOL_019361 0.0000000 0.1732653 0.1888590 0.2802921 0.1960673 0.2137982 0.3728942 0.1795618 0.1990528 0.2066426 0.4144549 0.1938394 0.2482562 0.1889208 0.2065588 0.2235615 0.1972619 0.2083971 0.1888590 0.1893163 0.1977213 0.2035169 0.2130861 0.2354055 0.3679533 0.1796176 0.1999418 0.3799459 0.3170524 0.1899894 0.2199395 0.1975373 0.2716138 0.2016664 0.1885652 0.1737129 0.1984015 0.1960673 0.2211779 0.2112003 0.1837682 0.1970298 0.2016031 0.2418388 0.2128528 0.1972396 0.1897908 0.2811191 0.1976855 0.2656150 0.1601588 0.2039856 0.2726868 0.3046380 0.2082401 0.1935161 0.2216468 0.2337570 0.1914630 0.2952108 0.1934912 0.1958763 0.1710211 0.3603449 0.4033845 0.4052929 0.2465363 0.1938394 0.2020230 0.1956282 0.2174153 0.1993351 0.2033486 0.1766777 0.1992365 0.1611823 0.2064591 0.1911989 0.1703351 0.2102777 0.1686637 0.1978311 0.1897908 0.3348758 0.2069384 0.2202209 0.1916491 0.1810264 0.1885652 0.3737323 0.1901512 0.3665651 0.1870316 0.1860839 0.1800293 0.2078539 0.3191872 0.1823774 0.1978311 0.2410095 0.1709966 0.1698907 0.1565303 0.2091713 
S0055         0.1732653 0.0000000 0.0369379 0.0986861 0.0431428 0.0754996 0.1996507 0.0569766 0.0370872 0.0507553 0.2353155 0.0796363 0.0994348 0.0922869 0.0808613 0.0799858 0.0304503 0.0502759 0.0369379 0.0616772 0.0810032 0.0649195 0.0650502 0.1321894 0.1942771 0.0180074 0.0307611 0.2032768 0.1310234 0.0640206 0.0720604 0.0657431 0.1545866 0.0576923 0.0306443 0.0584840 0.0435033 0.0302997 0.0975139 0.0605526 0.0803398 0.0570891 0.0786368 0.0900749 0.0795786 0.0637441 0.0656954 0.1288210 0.0638808 0.1148409 0.0740556 0.0928309 0.1552036 0.1879672 0.0815638 0.0582662 0.1134950 0.0725713 0.0646435 0.1893380 0.0311494 0.0499246 0.0572567 0.1902238 0.2389706 0.2191509 0.1191202 0.0796363 0.0825707 0.0302366 0.1140214 0.0931747 0.0724196 0.0183888 0.0306771 0.0180385 0.0706457 0.0506045 0.0778024 0.0712596 0.0366290 0.0433930 0.0656954 0.1312303 0.0368905 0.0882475 0.0578094 0.0598039 0.0306443 0.2002016 0.0308900 0.2419748 0.0240576 0.0495007 0.0641212 0.1122864 0.1046354 0.0509974 0.0502671 0.1150197 0.0438006 0.0592954 0.0682790 0.0574231 
S0196sl       0.1888590 0.0369379 0.0000000 0.0952084 0.0427973 0.0381969 0.1780321 0.0366006 0.0367910 0.0503345 0.2318913 0.0431950 0.0523995 0.0630748 0.0572625 0.0500095 0.0302121 0.0367947 0.0000010 0.0397586 0.0438838 0.0240792 0.0309777 0.0882390 0.1725728 0.0236440 0.0305179 0.1768524 0.1314591 0.0368685 0.0365855 0.0373233 0.1148457 0.0307546 0.0304029 0.0180809 0.0057806 0.0300635 0.0580855 0.0314603 0.0410444 0.0236608 0.0364509 0.0513634 0.0431682 0.0297165 0.0305542 0.1098437 0.0297774 0.0807505 0.0508485 0.0752920 0.1265068 0.1565719 0.0441490 0.0367460 0.0781499 0.0305546 0.0435755 0.1576626 0.0309000 0.0558996 0.0237261 0.1690099 0.2355470 0.1958729 0.0779717 0.0431950 0.0446796 0.0300013 0.0725628 0.0774524 0.0506921 0.0247452 0.0304352 0.0302167 0.0359169 0.0242846 0.0562091 0.0435093 0.0363410 0.0057667 0.0305542 0.1382213 0.0365975 0.0504221 0.0371097 0.0246900 0.0304029 0.1785327 0.0369036 0.2181995 0.0238729 0.0237819 0.0564999 0.0787614 0.1132613 0.0178225 0.0175854 0.0731245 0.0237226 0.0245017 0.0450569 0.0237834 
S0281         0.2802921 0.0986861 0.0952084 0.0000000 0.1200635 0.0893081 0.2420105 0.1184533 0.1134465 0.1125939 0.2581601 0.1014819 0.1140136 0.1267660 0.1030695 0.1473536 0.1046169 0.1299880 0.0952084 0.1223742 0.0956935 0.1189712 0.1327019 0.1235161 0.2143551 0.0877752 0.1059033 0.2290039 0.1666648 0.1116393 0.1288789 0.0955816 0.2087160 0.1232925 0.1054201 0.1225644 0.1030262 0.1040305 0.1287162 0.1255826 0.0882216 0.1106842 0.1341919 0.0725591 0.1108783 0.1025326 0.1145438 0.2044801 0.1184652 0.1044088 0.1062234 0.0967146 0.2261781 0.2486506 0.0790303 0.0805280 0.1220307 0.0964114 0.0963834 0.2506339 0.1073760 0.1199377 0.0964127 0.2315816 0.1859981 0.2143176 0.1263975 0.1014819 0.1052748 0.1037963 0.1297891 0.1348756 0.1381200 0.0922456 0.1055608 0.0890412 0.1102289 0.1227254 0.1428641 0.1449030 0.1118526 0.1027436 0.1145438 0.1855295 0.0969479 0.1320844 0.1117550 0.0905595 0.1054201 0.2314431 0.0978051 0.1993523 0.0963078 0.1276477 0.1216498 0.1276148 0.1574609 0.1043737 0.0874626 0.1192441 0.0954859 0.0886750 0.1078078 0.0882161 
S0282         0.1960673 0.0431428 0.0427973 0.1200635 0.0000000 0.0887908 0.1944262 0.0693498 0.0178121 0.0566786 0.2500261 0.0924639 0.1055400 0.1049220 0.0938761 0.0928667 0.0238003 0.0561448 0.0427973 0.0846926 0.0940417 0.0708521 0.0709913 0.1459263 0.2086365 0.0363647 0.0240361 0.1978756 0.1664755 0.0698733 0.0847647 0.0866207 0.1505291 0.0636117 0.0239473 0.0575944 0.0493651 0.0116499 0.1108536 0.0736279 0.0878771 0.0694848 0.0702775 0.1034066 0.0923954 0.0761609 0.0784856 0.1255097 0.0763218 0.1047063 0.0871097 0.0906478 0.1511162 0.1827784 0.0946982 0.0709215 0.1290863 0.0785266 0.0772295 0.1840734 0.0180779 0.0489117 0.0696867 0.1852731 0.2534523 0.2338313 0.1163613 0.0924639 0.0958419 0.0236365 0.1113357 0.1133797 0.0851900 0.0120628 0.0239722 0.0426329 0.0831115 0.0565112 0.0903360 0.0771141 0.0298203 0.0492403 0.0784856 0.1753447 0.0177218 0.1013067 0.0703646 0.0654522 0.0239473 0.1949543 0.0430996 0.2354182 0.0298771 0.0422977 0.0766089 0.1255955 0.1352845 0.0634925 0.0625867 0.1286439 0.0561039 0.0649621 0.0815075 0.0698961 
S0288         0.2137982 0.0754996 0.0381969 0.0893081 0.0887908 0.0000000 0.1494900 0.0516864 0.0822613 0.0987595 0.1906036 0.0060217 0.0464468 0.0659197 0.0249788 0.0824991 0.0737895 0.0674079 0.0381969 0.0813345 0.0061154 0.0518911 0.0763882 0.0603425 0.1340501 0.0658339 0.0750726 0.1391490 0.1387602 0.0593167 0.0669077 0.0000021 0.1227512 0.0757304 0.0747476 0.0534557 0.0449983 0.0738025 0.0455634 0.0623419 0.0343179 0.0517911 0.0585101 0.0458223 0.0519080 0.0516864 0.0531320 0.1268314 0.0586875 0.0829649 0.0461698 0.0623921 0.1452584 0.1549545 0.0385751 0.0519851 0.0567357 0.0670856 0.0594023 0.1560782 0.0760964 0.0737896 0.0383138 0.1403893 0.2167491 0.1560268 0.0655444 0.0060217 0.0060995 0.0736379 0.0598903 0.0978977 0.0672479 0.0617137 0.0748404 0.0596459 0.0655670 0.0678865 0.0585963 0.0737918 0.0811423 0.0448795 0.0531320 0.1372317 0.0817724 0.0681753 0.0608104 0.0462486 0.0747476 0.1404488 0.0675562 0.1778396 0.0665601 0.0592336 0.0746586 0.0735053 0.1067808 0.0455448 0.0448795 0.0671906 0.0519378 0.0458635 0.0690451 0.0452604 
S0289         0.3728942 0.1996507 0.1780321 0.2420105 0.1944262 0.1494900 0.0000000 0.1776423 0.1876231 0.2009882 0.0942069 0.1606300 0.1743222 0.1961840 0.1676364 0.1686213 0.1956428 0.1787970 0.1780321 0.1548682 0.1548414 0.2126286 0.2118368 0.1728363 0.0604260 0.1877775 0.1983730 0.0533912 0.0860163 0.1843221 0.2005049 0.1545934 0.1660097 0.2201647 0.1973142 0.2039606 0.1690624 0.1756707 0.1949831 0.2007559 0.1510167 0.1969149 0.2310455 0.1827880 0.2223730 0.2058235 0.1846959 0.1859539 0.1869800 0.2302865 0.1825755 0.1993909 0.1423049 0.1654569 0.1942986 0.1977007 0.2054758 0.2255599 0.2093009 0.1666708 0.1912792 0.2043220 0.1599698 0.0452808 0.1157913 0.0768647 0.1709424 0.1606300 0.1673405 0.1939785 0.2275360 0.2383098 0.2020260 0.1740419 0.1976539 0.1857878 0.2154563 0.2090032 0.1959496 0.2091542 0.1847576 0.1871215 0.1846959 0.1330526 0.1863352 0.1921408 0.1898522 0.1893159 0.1973142 0.0454957 0.1883347 0.1077867 0.1851599 0.2031818 0.2071091 0.1936901 0.0949911 0.1904084 0.1871215 0.1959161 0.1600901 0.1556497 0.1612459 0.1985069 
S0292         0.1795618 0.0569766 0.0366006 0.1184533 0.0693498 0.0516864 0.1776423 0.0000000 0.0632506 0.0779326 0.2313494 0.0430786 0.0664885 0.0617419 0.0571043 0.0715846 0.0560833 0.0497655 0.0366006 0.0475400 0.0372525 0.0366380 0.0506395 0.0879826 0.1812202 0.0562044 0.0566805 0.1808045 0.1221056 0.0498665 0.0639849 0.0504877 0.1339450 0.0436828 0.0564567 0.0442660 0.0431015 0.0558002 0.0579223 0.0524983 0.0481440 0.0495952 0.0492957 0.0578422 0.0430520 0.0428772 0.0577392 0.1176262 0.0429669 0.1028475 0.0586842 0.0669846 0.1344697 0.1433563 0.0505048 0.0505500 0.0859174 0.0718480 0.0300261 0.1443161 0.0574007 0.0692838 0.0303634 0.1686403 0.2350048 0.1757973 0.0777538 0.0430786 0.0445551 0.0425946 0.0723557 0.0772373 0.0118226 0.0442724 0.0565202 0.0429021 0.0493656 0.0501269 0.0175046 0.0177058 0.0624554 0.0429924 0.0577392 0.1331604 0.0629055 0.0795015 0.0370092 0.0310600 0.0564567 0.1781413 0.0499106 0.1978613 0.0492324 0.0361755 0.0563459 0.0785390 0.1132613 0.0306157 0.0429924 0.0953772 0.0366707 0.0308203 0.0449304 0.0498757 
S0293         0.1990528 0.0370872 0.0367910 0.1134465 0.0178121 0.0822613 0.1876231 0.0632506 0.0000000 0.0505372 0.2429469 0.0861651 0.0988904 0.0987298 0.0874875 0.0865422 0.0178988 0.0500617 0.0367910 0.0779290 0.0876415 0.0646207 0.0647503 0.1392384 0.2017360 0.0303898 0.0180757 0.1909837 0.1593493 0.0637309 0.0704241 0.0802422 0.1262767 0.0574351 0.0117648 0.0512555 0.0433251 0.0058399 0.1043226 0.0591103 0.0889742 0.0633746 0.0782579 0.0968716 0.0861019 0.0700478 0.0721915 0.1019852 0.0701970 0.1141859 0.0806944 0.0839760 0.1267733 0.1568919 0.0882512 0.0646856 0.1220098 0.0642269 0.0710343 0.1579863 0.0000029 0.0561201 0.0635597 0.1784594 0.2464888 0.2268266 0.1099401 0.0861651 0.0893294 0.0177755 0.1201784 0.1071167 0.0789127 0.0000026 0.0179371 0.0366511 0.0769815 0.0503881 0.0771329 0.0709269 0.0364853 0.0432150 0.0721915 0.1685346 0.0058681 0.0949031 0.0641773 0.0590977 0.0117648 0.1881442 0.0243045 0.2285824 0.0239685 0.0363615 0.0704613 0.1190939 0.1243131 0.0573271 0.0565071 0.1219918 0.0500257 0.0586566 0.0676199 0.0637487 
S0294         0.2066426 0.0507553 0.0503345 0.1125939 0.0566786 0.0987595 0.2009882 0.0779326 0.0505372 0.0000000 0.2820782 0.1022110 0.1079931 0.1149781 0.0884497 0.1026703 0.0435594 0.0642398 0.0503345 0.0778650 0.1040136 0.0796832 0.0798412 0.1586084 0.2156625 0.0436479 0.0440186 0.2249837 0.1810272 0.0785402 0.0793494 0.0962671 0.1694597 0.0720991 0.0438460 0.0731123 0.0437377 0.0433399 0.1217236 0.0752762 0.0808488 0.0780869 0.0938328 0.1139756 0.1021311 0.0850104 0.0576977 0.1649837 0.0851942 0.0974581 0.0893430 0.0913975 0.1701239 0.1932740 0.1047712 0.0797617 0.1029287 0.0877484 0.0862402 0.2049373 0.0445820 0.0703955 0.0783204 0.2111479 0.2564147 0.2156265 0.1273798 0.1022110 0.1060649 0.0432487 0.1223815 0.1063589 0.0873222 0.0382570 0.0438946 0.0501330 0.0922411 0.0646735 0.0997761 0.0861086 0.0499013 0.0570198 0.0576977 0.1896623 0.0502624 0.0794249 0.0791130 0.0819318 0.0438460 0.2215237 0.0506983 0.2652129 0.0368670 0.0632224 0.0855260 0.1204983 0.1761833 0.0719600 0.0709015 0.1210628 0.0641906 0.0730593 0.0990071 0.0785694 
S0299         0.4144549 0.2353155 0.2318913 0.2581601 0.2500261 0.1906036 0.0942069 0.2313494 0.2429469 0.2820782 0.0000000 0.2014626 0.2112419 0.2412169 0.2088601 0.2210887 0.2517473 0.2218439 0.2318913 0.1980920 0.1823792 0.2731050 0.2406982 0.1991084 0.0603092 0.2217636 0.2555821 0.0775706 0.0866092 0.2273015 0.2585112 0.1953436 0.1894546 0.2689797 0.2540357 0.2635408 0.2430167 0.2285124 0.2533854 0.2502281 0.1898859 0.2535540 0.2938185 0.2271683 0.2719745 0.2520849 0.2412543 0.2001604 0.2420612 0.2732588 0.2093600 0.2282549 0.1900710 0.2174865 0.2405675 0.2431659 0.2505443 0.2567912 0.2159784 0.2192310 0.2481231 0.2388058 0.2112384 0.0940765 0.1015890 0.0846241 0.2247301 0.2014626 0.2105802 0.2494272 0.2711475 0.2659323 0.2498473 0.2288606 0.2545719 0.2192629 0.2629224 0.2494272 0.2522847 0.2681385 0.2388928 0.2422537 0.2412543 0.1462468 0.2411036 0.2491896 0.2460312 0.2324462 0.2540357 0.0685940 0.2438692 0.1310525 0.2394477 0.2599157 0.2360093 0.2624984 0.1220046 0.2468003 0.2422537 0.2543826 0.2114075 0.2077813 0.1876316 0.2558137 
S0303         0.1938394 0.0796363 0.0431950 0.1014819 0.0924639 0.0060217 0.1606300 0.0430786 0.0861651 0.1022110 0.2014626 0.0000000 0.0446183 0.0631717 0.0178678 0.0864083 0.0783133 0.0576746 0.0431950 0.0699836 0.0000029 0.0432403 0.0659221 0.0579437 0.1456590 0.0701123 0.0792004 0.1503849 0.1506421 0.0568424 0.0712199 0.0058912 0.1259010 0.0653893 0.0788679 0.0511938 0.0498310 0.0779018 0.0371822 0.0669549 0.0264184 0.0564435 0.0561005 0.0437741 0.0497732 0.0495693 0.0649266 0.1209697 0.0496737 0.0790939 0.0376540 0.0526477 0.1477385 0.1570974 0.0368783 0.0433173 0.0617956 0.0793341 0.0502487 0.1581951 0.0802424 0.0778887 0.0368580 0.1604735 0.2160916 0.1674412 0.0561653 0.0000010 0.0000029 0.0777343 0.0506418 0.0862979 0.0575479 0.0663042 0.0789630 0.0641532 0.0561801 0.0722321 0.0495992 0.0638023 0.0850314 0.0497038 0.0649266 0.1483905 0.0856693 0.0725295 0.0513741 0.0377150 0.0788679 0.1517615 0.0718890 0.1903251 0.0708621 0.0567652 0.0645087 0.0635708 0.1243131 0.0371685 0.0497038 0.0794199 0.0432792 0.0374173 0.0590118 0.0567697 
S0308         0.2482562 0.0994348 0.0523995 0.1140136 0.1055400 0.0464468 0.1743222 0.0664885 0.0988904 0.1079931 0.2112419 0.0446183 0.0000000 0.0962880 0.0509152 0.1154743 0.0903337 0.0832693 0.0523995 0.0822977 0.0380411 0.0524593 0.0772956 0.0582092 0.1543543 0.0813217 0.0914310 0.1828849 0.1457119 0.0671255 0.0982399 0.0523358 0.1384559 0.0688739 0.0910193 0.0612692 0.0523995 0.0898293 0.0674358 0.0946213 0.0343646 0.0813907 0.0661991 0.0593165 0.0739854 0.0736616 0.0760385 0.1513107 0.0593842 0.0810542 0.0683623 0.0761530 0.1519001 0.1615592 0.0517738 0.0668794 0.0638726 0.0747718 0.0672184 0.1627208 0.0927050 0.1216623 0.0456336 0.1747973 0.2327258 0.1765970 0.0883153 0.0446183 0.0462031 0.0896257 0.0735905 0.1153490 0.0831295 0.0857307 0.0911379 0.0903497 0.0734429 0.0745413 0.0809144 0.0746354 0.0975069 0.0593740 0.0760385 0.1427406 0.0982828 0.1082017 0.0753973 0.0532163 0.0910193 0.1846859 0.0992500 0.2523650 0.0822506 0.0670344 0.0909157 0.0969328 0.1163701 0.0602808 0.0738754 0.1060346 0.0668184 0.0607095 0.0764779 0.0819158 
S0335         0.1889208 0.0922869 0.0630748 0.1267660 0.1049220 0.0659197 0.1961840 0.0617419 0.0987298 0.1149781 0.2412169 0.0631717 0.0962880 0.0000000 0.0852175 0.0863154 0.0837142 0.0841747 0.0630748 0.0699085 0.0642036 0.0700796 0.0641388 0.0952592 0.1809425 0.0841915 0.0917851 0.2004427 0.1682020 0.0564891 0.0780834 0.0712871 0.1515873 0.0779842 0.0914000 0.0509947 0.0700371 0.0902859 0.0793684 0.0740353 0.0787543 0.0769243 0.0695723 0.0940551 0.0496936 0.0429234 0.0863365 0.1432513 0.0698122 0.1433801 0.0659452 0.0971166 0.1428823 0.1610262 0.0857317 0.0643223 0.1277184 0.0864615 0.0558087 0.1621245 0.0929746 0.1048191 0.0566871 0.1683866 0.2346383 0.2046593 0.0850282 0.0631717 0.0653896 0.0900953 0.1100152 0.0842567 0.0769521 0.0790600 0.0915111 0.0765120 0.0627318 0.0848218 0.0684056 0.0831556 0.0830514 0.0698561 0.0863365 0.2080818 0.0981649 0.1097855 0.0706670 0.0442322 0.0914000 0.1868442 0.0844119 0.2078854 0.0832142 0.0689791 0.0563205 0.0576907 0.1344883 0.0570067 0.0698561 0.1031976 0.0497089 0.0373285 0.0520053 0.0773911 
S0355         0.2065588 0.0808613 0.0572625 0.1030695 0.0938761 0.0249788 0.1676364 0.0571043 0.0874875 0.0884497 0.2088601 0.0178678 0.0509152 0.0852175 0.0000000 0.1029674 0.0794969 0.0727623 0.0572625 0.0869011 0.0181425 0.0573259 0.0817306 0.0642748 0.1527593 0.0711466 0.0804118 0.1573219 0.1696023 0.0716646 0.0722877 0.0244182 0.1457277 0.0810355 0.0800688 0.0660502 0.0642340 0.0790729 0.0578753 0.0679936 0.0268212 0.0711466 0.0707063 0.0580584 0.0641575 0.0638883 0.0659031 0.1322016 0.0640256 0.0803012 0.0448399 0.0526477 0.1693051 0.1692000 0.0506972 0.0439364 0.0627795 0.0955977 0.0647918 0.1804675 0.0814852 0.0790594 0.0506705 0.1674817 0.2233636 0.1747020 0.0569761 0.0178678 0.0184622 0.0789004 0.0513826 0.1028486 0.0725903 0.0673233 0.0801670 0.0651062 0.0708073 0.0881615 0.0707437 0.0789962 0.0863189 0.0640660 0.0659031 0.1689277 0.0869763 0.0736383 0.0663041 0.0518888 0.0800688 0.1587623 0.0729775 0.2234323 0.0719194 0.0715729 0.0654731 0.0857661 0.1386620 0.0511123 0.0640660 0.0956842 0.0573761 0.0514619 0.0744913 0.0715791 
S0376         0.2235615 0.0799858 0.0500095 0.1473536 0.0928667 0.0824991 0.1686213 0.0715846 0.0865422 0.1026703 0.2210887 0.0864083 0.1154743 0.0863154 0.1029674 0.0000000 0.0786510 0.0865881 0.0500095 0.0326971 0.0878939 0.0647895 0.0811501 0.1227138 0.1631006 0.0635367 0.0795460 0.1582169 0.1400938 0.0721443 0.0787340 0.0804677 0.1399291 0.0802242 0.0792106 0.0581876 0.0567935 0.0782355 0.1046429 0.0746738 0.0811086 0.0635367 0.0855786 0.0971638 0.0788437 0.0631794 0.0723868 0.1445845 0.0703805 0.1484181 0.0882828 0.1176239 0.1442093 0.1757201 0.0885079 0.0791393 0.1125901 0.0871222 0.0797840 0.1769712 0.0805970 0.0927739 0.0637231 0.1503681 0.2348038 0.1858279 0.1022433 0.0864083 0.0895926 0.0780661 0.1051010 0.0866044 0.0880743 0.0665950 0.0793065 0.0644252 0.0771874 0.0725459 0.0933530 0.0946010 0.0710225 0.0566471 0.0723868 0.1649353 0.0860421 0.0951822 0.0653408 0.0593083 0.0792106 0.1509331 0.0721996 0.2175206 0.0711640 0.0708815 0.0790555 0.0958738 0.1127702 0.0574720 0.0566471 0.1059991 0.0501076 0.0373831 0.0386633 0.0639123 
S0405         0.1972619 0.0304503 0.0302121 0.1046169 0.0238003 0.0737895 0.1956428 0.0560833 0.0178988 0.0435594 0.2517473 0.0783133 0.0903337 0.0837142 0.0794969 0.0786510 0.0000000 0.0431574 0.0302121 0.0696812 0.0796344 0.0572732 0.0573880 0.1297263 0.1903316 0.0239591 0.0118760 0.1991336 0.1487125 0.0565026 0.0708832 0.0724117 0.1514447 0.0502886 0.0118331 0.0442854 0.0365918 0.0117058 0.0958021 0.0595041 0.0796622 0.0561923 0.0637792 0.0885052 0.0712423 0.0560833 0.0646223 0.1262588 0.0628666 0.1052996 0.0728106 0.0911620 0.1520385 0.1839497 0.0801745 0.0573308 0.1211946 0.0646465 0.0636040 0.1852616 0.0120217 0.0362895 0.0563546 0.1773774 0.2551752 0.2145494 0.1170068 0.0783133 0.0811480 0.0116821 0.1119645 0.0988840 0.0712312 0.0060156 0.0118451 0.0301000 0.0695145 0.0434335 0.0765413 0.0635084 0.0299657 0.0364999 0.0646223 0.1581401 0.0178076 0.0867430 0.0568889 0.0517155 0.0118331 0.1961769 0.0304248 0.2369598 0.0177193 0.0298655 0.0630989 0.1102926 0.1363403 0.0501952 0.0494878 0.1129251 0.0431273 0.0583268 0.0670735 0.0565152 
S0412sl       0.2083971 0.0502759 0.0367947 0.1299880 0.0561448 0.0674079 0.1787970 0.0497655 0.0500617 0.0642398 0.2218439 0.0576746 0.0832693 0.0841747 0.0727623 0.0865881 0.0431574 0.0000000 0.0367947 0.0550661 0.0586308 0.0508155 0.0367679 0.1224126 0.1636617 0.0432445 0.0436078 0.1722021 0.1408061 0.0501369 0.0643403 0.0657779 0.1176948 0.0364767 0.0434387 0.0445097 0.0433326 0.0429419 0.0738090 0.0598669 0.0647329 0.0633968 0.0641167 0.0887232 0.0716296 0.0563692 0.0722220 0.1017397 0.0564886 0.1055890 0.0806664 0.0998045 0.1269554 0.1571283 0.0803596 0.0646567 0.1224115 0.0722552 0.0571504 0.1582261 0.0441606 0.0561358 0.0500068 0.1786420 0.2256191 0.1969276 0.1100160 0.0576746 0.0597330 0.0428523 0.1048484 0.0777308 0.0646543 0.0378962 0.0434854 0.0496652 0.0630986 0.0504002 0.0700638 0.0570638 0.0494378 0.0432223 0.0722220 0.1687036 0.0497922 0.0949596 0.0504774 0.0521832 0.0434387 0.1696723 0.0502203 0.2087315 0.0365327 0.0363655 0.0566966 0.1032842 0.1375409 0.0438387 0.0565234 0.1220877 0.0368941 0.0517509 0.0674940 0.0637708 
S0419         0.1888590 0.0369379 0.0000010 0.0952084 0.0427973 0.0381969 0.1780321 0.0366006 0.0367910 0.0503345 0.2318913 0.0431950 0.0523995 0.0630748 0.0572625 0.0500095 0.0302121 0.0367947 0.0000000 0.0397586 0.0438838 0.0240792 0.0309777 0.0882390 0.1725728 0.0236440 0.0305179 0.1768524 0.1314591 0.0368685 0.0365855 0.0373233 0.1148457 0.0307546 0.0304029 0.0180809 0.0057806 0.0300635 0.0580855 0.0314603 0.0410444 0.0236608 0.0364509 0.0513634 0.0431682 0.0297165 0.0305542 0.1098437 0.0297774 0.0807505 0.0508485 0.0752920 0.1265068 0.1565719 0.0441490 0.0367460 0.0781499 0.0305546 0.0435755 0.1576626 0.0309000 0.0558996 0.0237261 0.1690099 0.2355470 0.1958729 0.0779717 0.0431950 0.0446796 0.0300013 0.0725628 0.0774524 0.0506921 0.0247452 0.0304352 0.0302167 0.0359169 0.0242846 0.0562091 0.0435093 0.0363410 0.0057667 0.0305542 0.1382213 0.0365975 0.0504221 0.0371097 0.0246900 0.0304029 0.1785327 0.0369036 0.2181995 0.0238729 0.0237819 0.0564999 0.0787614 0.1132613 0.0178225 0.0175854 0.0731245 0.0237226 0.0245017 0.0450569 0.0237834 
S0427         0.1893163 0.0616772 0.0397586 0.1223742 0.0846926 0.0813345 0.1548682 0.0475400 0.0779290 0.0778650 0.1980920 0.0699836 0.0822977 0.0699085 0.0869011 0.0326971 0.0696812 0.0550661 0.0397586 0.0000000 0.0632641 0.0550568 0.0565230 0.0984316 0.1363829 0.0539364 0.0705198 0.1440701 0.1141582 0.0478959 0.0695995 0.0784852 0.1190779 0.0411373 0.0702053 0.0409089 0.0468523 0.0692901 0.0713860 0.0649460 0.0614493 0.0611611 0.0695049 0.0721768 0.0699312 0.0536659 0.0705528 0.1233874 0.0537878 0.1049743 0.0629757 0.0818011 0.1230230 0.1561548 0.0636698 0.0624629 0.1041579 0.0707595 0.0481188 0.1573611 0.0715165 0.0846024 0.0468604 0.1455194 0.1884283 0.1483538 0.0945418 0.0699836 0.0727113 0.0691299 0.0972557 0.0770945 0.0554139 0.0639203 0.0702949 0.0620745 0.0465205 0.0556468 0.0697022 0.0630816 0.0544214 0.0467237 0.0705528 0.1395616 0.0774517 0.0949658 0.0480911 0.0343873 0.0702053 0.1553515 0.0703574 0.2063135 0.0618504 0.0470297 0.0623887 0.0714476 0.0998642 0.0402489 0.0538232 0.1066039 0.0328651 0.0264234 0.0133554 0.0615464 
S0430         0.1977213 0.0810032 0.0438838 0.0956935 0.0940417 0.0061154 0.1548414 0.0372525 0.0876415 0.1040136 0.1823792 0.0000029 0.0380411 0.0642036 0.0181425 0.0878939 0.0796344 0.0586308 0.0438838 0.0632641 0.0000000 0.0439306 0.0670480 0.0515461 0.1265000 0.0712670 0.0805527 0.1445699 0.1435456 0.0577706 0.0724119 0.0059807 0.1178428 0.0516486 0.0802085 0.0520414 0.0506329 0.0792091 0.0377779 0.0681146 0.0198297 0.0573582 0.0570045 0.0378587 0.0505732 0.0503627 0.0660171 0.1127631 0.0504704 0.0721217 0.0382646 0.0535444 0.1391903 0.1484384 0.0310036 0.0440099 0.0546475 0.0727818 0.0443681 0.1494694 0.0816293 0.0791955 0.0374434 0.1546825 0.1969964 0.1495433 0.0570708 0.0000029 0.0000029 0.0790360 0.0443477 0.0877810 0.0516310 0.0674421 0.0803070 0.0652166 0.0503937 0.0657178 0.0437902 0.0579612 0.0864690 0.0505015 0.0660171 0.1318971 0.0871284 0.0737675 0.0522280 0.0381229 0.0802085 0.1459044 0.0649936 0.1847231 0.0720424 0.0576909 0.0655849 0.0646150 0.1130829 0.0377637 0.0505015 0.0807784 0.0439706 0.0380209 0.0596790 0.0576955 
S0552sl       0.2035169 0.0649195 0.0240792 0.1189712 0.0708521 0.0518911 0.2126286 0.0366380 0.0646207 0.0796832 0.2731050 0.0432403 0.0524593 0.0700796 0.0573259 0.0647895 0.0572732 0.0508155 0.0240792 0.0550568 0.0439306 0.0000000 0.0310578 0.0883528 0.2072640 0.0497451 0.0578978 0.1958404 0.1636374 0.0509214 0.0642369 0.0506824 0.1345722 0.0446040 0.0576639 0.0245810 0.0303820 0.0569788 0.0432540 0.0597669 0.0267216 0.0432634 0.0235797 0.0580708 0.0432135 0.0430373 0.0579666 0.1297833 0.0431277 0.0879241 0.0589194 0.0753870 0.1474917 0.1568428 0.0506998 0.0507452 0.0784387 0.0579842 0.0436223 0.1579379 0.0586500 0.0851070 0.0304752 0.2028837 0.2764230 0.2163899 0.0780655 0.0432403 0.0447288 0.0568574 0.0583914 0.0789562 0.0504790 0.0522003 0.0577302 0.0572827 0.0495519 0.0511927 0.0562707 0.0362900 0.0637897 0.0303057 0.0579666 0.1687483 0.0642598 0.0798278 0.0512725 0.0311771 0.0576639 0.1931526 0.0648340 0.2566253 0.0502592 0.0369073 0.0715810 0.0862114 0.1376687 0.0239052 0.0367364 0.0957823 0.0368078 0.0309355 0.0520305 0.0500659 
S0558         0.2130861 0.0650502 0.0309777 0.1327019 0.0709913 0.0763882 0.2118368 0.0506395 0.0647503 0.0798412 0.2406982 0.0659221 0.0772956 0.0641388 0.0817306 0.0811501 0.0573880 0.0367679 0.0309777 0.0565230 0.0670480 0.0310578 0.0000000 0.1168026 0.1805942 0.0509371 0.0580155 0.1853929 0.1630823 0.0441725 0.0728671 0.0744864 0.1471722 0.0370972 0.0577804 0.0316414 0.0375334 0.0570932 0.0737257 0.0685542 0.0578845 0.0576986 0.0438945 0.0829159 0.0586461 0.0438540 0.0664293 0.1209223 0.0507628 0.1161922 0.0748463 0.0935755 0.1383050 0.1699796 0.0745514 0.0517470 0.1164337 0.0591540 0.0511646 0.1712067 0.0587702 0.0852708 0.0442281 0.2021460 0.2633862 0.1891418 0.0964543 0.0659221 0.0683435 0.0569712 0.0991396 0.0863100 0.0658471 0.0523092 0.0578460 0.0573975 0.0574236 0.0512981 0.0713398 0.0501364 0.0639161 0.0374366 0.0664293 0.1828724 0.0643880 0.0892860 0.0513783 0.0461703 0.0577804 0.1864860 0.0649643 0.2443391 0.0503607 0.0369822 0.0632915 0.0899388 0.1657395 0.0307453 0.0507943 0.1164828 0.0442210 0.0457858 0.0616672 0.0580397 
S0616         0.2354055 0.1321894 0.0882390 0.1235161 0.1459263 0.0603425 0.1728363 0.0879826 0.1392384 0.1586084 0.1991084 0.0579437 0.0582092 0.0952592 0.0642748 0.1227138 0.1297263 0.1224126 0.0882390 0.0984316 0.0515461 0.0883528 0.1168026 0.0000000 0.1633003 0.1193995 0.1313876 0.1816046 0.1544647 0.0888362 0.1214864 0.0660924 0.1364540 0.1075938 0.1307606 0.0908718 0.0959754 0.1289776 0.0892720 0.1186878 0.0488473 0.1035708 0.1029054 0.0820193 0.0958555 0.0954329 0.0985825 0.1690654 0.0956463 0.1198273 0.0749588 0.0921276 0.1496213 0.1591156 0.0737758 0.0885008 0.0792463 0.1053214 0.0892474 0.1602422 0.1332518 0.1457746 0.0663536 0.1735586 0.2152949 0.1860645 0.0712848 0.0579437 0.0600222 0.1286847 0.0808210 0.1394594 0.1058376 0.1174610 0.1309471 0.1132480 0.0954403 0.1049950 0.1029707 0.1125639 0.1205757 0.0957117 0.0985825 0.1614611 0.1383442 0.1240404 0.0993341 0.0674633 0.1307606 0.1833825 0.1227682 0.2220251 0.1208294 0.1042582 0.1056023 0.0958549 0.1259630 0.0818331 0.0957117 0.1149629 0.0734830 0.0674355 0.0680560 0.1042684 
S0624         0.3679533 0.1942771 0.1725728 0.2143551 0.2086365 0.1340501 0.0604260 0.1812202 0.2017360 0.2156625 0.0603092 0.1456590 0.1543543 0.1809425 0.1527593 0.1631006 0.1903316 0.1636617 0.1725728 0.1363829 0.1265000 0.2072640 0.1805942 0.1633003 0.0000000 0.1823787 0.1930166 0.0458031 0.0784856 0.1693876 0.1951173 0.1394496 0.1542906 0.2044285 0.1919779 0.1985104 0.1822745 0.1891354 0.1894506 0.1951394 0.1310971 0.1915796 0.2258304 0.1673356 0.2064614 0.1904780 0.1791180 0.1736138 0.1815889 0.1970540 0.1770302 0.2147268 0.1548117 0.1791938 0.1785930 0.1823625 0.1939321 0.1938294 0.1737320 0.1805478 0.1959477 0.1703894 0.1543823 0.0603338 0.0981398 0.0385697 0.1847204 0.1456590 0.1517786 0.1886930 0.2058254 0.2119345 0.2062167 0.1783242 0.1923087 0.1804225 0.2000121 0.1886930 0.1999117 0.2134463 0.1794104 0.1817284 0.1791180 0.1149442 0.2003100 0.1866715 0.1844165 0.1708065 0.1919779 0.0382508 0.1829278 0.1094800 0.1798062 0.1979597 0.1773354 0.1979040 0.0819490 0.1849640 0.1817284 0.1903919 0.1545001 0.1594765 0.1526602 0.1931435 
S0641         0.1796176 0.0180074 0.0236440 0.0877752 0.0363647 0.0658339 0.1877775 0.0562044 0.0303898 0.0436479 0.2217636 0.0701123 0.0813217 0.0841915 0.0711466 0.0635367 0.0239591 0.0432445 0.0236440 0.0539364 0.0712670 0.0497451 0.0509371 0.1193995 0.1823787 0.0000000 0.0241981 0.1768524 0.1228756 0.0566254 0.0629572 0.0642796 0.1401730 0.0503956 0.0241081 0.0435754 0.0298251 0.0238423 0.0867827 0.0516750 0.0709573 0.0488321 0.0627420 0.0797033 0.0700646 0.0551946 0.0568138 0.1188318 0.0553091 0.0958261 0.0646224 0.0827510 0.1444661 0.1760290 0.0717333 0.0497951 0.1105554 0.0568300 0.0637493 0.1772839 0.0244996 0.0492578 0.0489707 0.1786096 0.2255355 0.2062847 0.1074379 0.0701123 0.0725922 0.0237933 0.1023534 0.0918507 0.0714006 0.0183917 0.0241333 0.0178067 0.0617696 0.0435211 0.0767234 0.0636531 0.0300206 0.0297516 0.0568138 0.1215524 0.0302316 0.0781622 0.0570144 0.0510537 0.0241081 0.1882990 0.0304818 0.2287401 0.0177494 0.0425910 0.0632407 0.0934312 0.1024754 0.0429328 0.0423416 0.1032035 0.0361490 0.0506404 0.0520003 0.0491041 
S0643         0.1999418 0.0307611 0.0305179 0.1059033 0.0240361 0.0750726 0.1983730 0.0566805 0.0180757 0.0440186 0.2555821 0.0792004 0.0914310 0.0917851 0.0804118 0.0795460 0.0118760 0.0436078 0.0305179 0.0705198 0.0805527 0.0578978 0.0580155 0.1313876 0.1930166 0.0241981 0.0000000 0.2019578 0.1507870 0.0498853 0.0716719 0.0732361 0.1534896 0.0508266 0.0119474 0.0515176 0.0369668 0.0118186 0.0969524 0.0601787 0.0811649 0.0567919 0.0714273 0.0895589 0.0791434 0.0634096 0.0653410 0.1279203 0.0635448 0.1066016 0.0736448 0.0922824 0.1540989 0.1765749 0.0811063 0.0579570 0.1228268 0.0653661 0.0643002 0.1778385 0.0121410 0.0496697 0.0569576 0.1890082 0.2590103 0.2176948 0.1184307 0.0792004 0.0821021 0.0117943 0.1123692 0.1000267 0.0720280 0.0060750 0.0119597 0.0304035 0.0702728 0.0438900 0.0773868 0.0642023 0.0302666 0.0368737 0.0653410 0.1602685 0.0179827 0.0877527 0.0575039 0.0522860 0.0119474 0.1989189 0.0307349 0.2404045 0.0178925 0.0301643 0.0637832 0.1116343 0.1370531 0.0507312 0.0500086 0.1143351 0.0435771 0.0589747 0.0678497 0.0571220 
S0645sl       0.3799459 0.2032768 0.1768524 0.2290039 0.1978756 0.1391490 0.0533912 0.1808045 0.1909837 0.2249837 0.0775706 0.1503849 0.1828849 0.2004427 0.1573219 0.1582169 0.1991336 0.1722021 0.1768524 0.1440701 0.1445699 0.1958404 0.1853929 0.1816046 0.0458031 0.1768524 0.2019578 0.0000000 0.0962162 0.1778487 0.1990828 0.1443490 0.1643608 0.2241912 0.2008604 0.1895918 0.1864004 0.1787645 0.1687867 0.1992716 0.1379405 0.1955486 0.2133416 0.1815370 0.2102643 0.1944512 0.1834147 0.2006795 0.1857150 0.2284908 0.1813260 0.2008420 0.1805138 0.2073735 0.1929206 0.1864900 0.2038402 0.2132370 0.2027042 0.2090286 0.1947655 0.1978507 0.1589591 0.0533074 0.1095890 0.0455309 0.1699582 0.1503849 0.1565670 0.1974142 0.2257819 0.2211053 0.1857463 0.1772237 0.2012140 0.1701882 0.2139041 0.2128025 0.1994574 0.1682758 0.1880217 0.1858544 0.1834147 0.1236031 0.1896512 0.1907981 0.1932882 0.1879584 0.2008604 0.0316907 0.1917166 0.1015396 0.1884366 0.2067872 0.1858452 0.1917102 0.0959365 0.1650757 0.1858544 0.1945147 0.1590777 0.1546527 0.1596897 0.1971148 
S0673         0.3170524 0.1310234 0.1314591 0.1666648 0.1664755 0.1387602 0.0860163 0.1221056 0.1593493 0.1810272 0.0866092 0.1506421 0.1457119 0.1682020 0.1696023 0.1400938 0.1487125 0.1408061 0.1314591 0.1141582 0.1435456 0.1636374 0.1630823 0.1544647 0.0784856 0.1228756 0.1507870 0.0962162 0.0000000 0.1470909 0.1618328 0.1442640 0.1589154 0.1620717 0.1499990 0.1634309 0.1406965 0.1477837 0.1562521 0.1410962 0.1272520 0.1588703 0.1817766 0.1441205 0.1829827 0.1677105 0.1544891 0.1502090 0.1492009 0.1952580 0.1411217 0.1883058 0.1492779 0.1739938 0.1550632 0.1477041 0.1925611 0.1641172 0.1612506 0.1753426 0.1530911 0.1756642 0.1226813 0.0782194 0.1027261 0.0803173 0.1909842 0.1506421 0.1572007 0.1294191 0.1956640 0.2090952 0.1438700 0.1440528 0.1393971 0.1302631 0.1678424 0.1499990 0.1308426 0.1420998 0.1474266 0.1402678 0.1544891 0.0477772 0.1582366 0.1715126 0.1606563 0.1568630 0.1499990 0.0862915 0.1503421 0.0949244 0.1388223 0.1563589 0.1877617 0.1849554 0.0458475 0.1520075 0.1493173 0.1849323 0.1315608 0.1358254 0.1193702 0.1601514 
S0689         0.1899894 0.0640206 0.0368685 0.1116393 0.0698733 0.0593167 0.1843221 0.0498665 0.0637309 0.0785402 0.2273015 0.0568424 0.0671255 0.0564891 0.0716646 0.0721443 0.0565026 0.0501369 0.0368685 0.0478959 0.0577706 0.0509214 0.0441725 0.0888362 0.1693876 0.0566254 0.0498853 0.1778487 0.1470909 0.0000000 0.0787259 0.0647973 0.1351404 0.0440104 0.0568813 0.0378557 0.0434200 0.0562160 0.0727377 0.0746654 0.0561757 0.0635282 0.0642519 0.0726402 0.0577572 0.0432250 0.0723785 0.1360314 0.0566045 0.1038535 0.0580112 0.0826665 0.1356741 0.1665852 0.0648389 0.0370004 0.1032536 0.0582487 0.0438151 0.1677628 0.0578403 0.0838992 0.0501088 0.1753415 0.2211567 0.1921259 0.0643234 0.0568424 0.0588397 0.0560978 0.0878777 0.0638024 0.0647918 0.0514832 0.0569457 0.0565117 0.0632296 0.0505037 0.0702109 0.0571817 0.0494997 0.0433093 0.0723785 0.1656209 0.0633801 0.0951748 0.0505812 0.0452959 0.0568813 0.1752689 0.0639382 0.2047437 0.0495959 0.0239057 0.0500900 0.0579360 0.1361781 0.0439284 0.0566395 0.0885898 0.0369404 0.0382087 0.0531299 0.0502879 
S0720         0.2199395 0.0720604 0.0365855 0.1288789 0.0847647 0.0669077 0.2005049 0.0639849 0.0704241 0.0793494 0.2585112 0.0712199 0.0982399 0.0780834 0.0722877 0.0787340 0.0708832 0.0643403 0.0365855 0.0695995 0.0724119 0.0642369 0.0728671 0.1214864 0.1951173 0.0629572 0.0716719 0.1990828 0.1618328 0.0787259 0.0000000 0.0653026 0.1337227 0.0722714 0.0559528 0.0578746 0.0430804 0.0705146 0.0733190 0.0060138 0.0565638 0.0495673 0.0777863 0.0810190 0.0711705 0.0560297 0.0441416 0.1289543 0.0561478 0.1134210 0.0801257 0.1082398 0.1465037 0.1687113 0.0728943 0.0642495 0.0957718 0.0562534 0.0718811 0.1799475 0.0726061 0.0846813 0.0497096 0.1910321 0.2619345 0.2313888 0.0939945 0.0712199 0.0737803 0.0703648 0.0800071 0.1084696 0.0798766 0.0589094 0.0714605 0.0570231 0.0363909 0.0648276 0.0775804 0.0863125 0.0774991 0.0429715 0.0441416 0.1867379 0.0780742 0.0650906 0.0510426 0.0518580 0.0559528 0.2010595 0.0645285 0.2430523 0.0636198 0.0633700 0.0856563 0.1104014 0.1135792 0.0435800 0.0429715 0.1049733 0.0497017 0.0514315 0.0667250 0.0498473 
S0724sl       0.1975373 0.0657431 0.0373233 0.0955816 0.0866207 0.0000021 0.1545934 0.0504877 0.0802422 0.0962671 0.1953436 0.0058912 0.0523358 0.0712871 0.0244182 0.0804677 0.0724117 0.0657779 0.0373233 0.0784852 0.0059807 0.0506824 0.0744864 0.0660924 0.1394496 0.0642796 0.0732361 0.1443490 0.1442640 0.0647973 0.0653026 0.0000000 0.1372287 0.0738626 0.0729271 0.0591154 0.0439594 0.0720273 0.0444983 0.0607945 0.0339378 0.0505877 0.0639330 0.0447454 0.0574314 0.0571908 0.0589339 0.1324069 0.0573138 0.0809122 0.0450764 0.0608413 0.1602567 0.1699903 0.0376845 0.0507728 0.0623293 0.0733576 0.0579955 0.1695504 0.0742114 0.0720150 0.0440993 0.1544349 0.2101784 0.1612223 0.0640039 0.0058912 0.0060855 0.0718707 0.0584608 0.0954463 0.0656258 0.0601956 0.0730152 0.0582276 0.0640248 0.0662329 0.0572265 0.0720172 0.0791769 0.0438460 0.0589339 0.1424043 0.0797772 0.0665079 0.0593358 0.0451521 0.0729271 0.1456783 0.0659192 0.1843922 0.0579135 0.0647111 0.0728418 0.0717456 0.1135792 0.0444807 0.0438460 0.0734434 0.0507277 0.0447849 0.0673372 0.0508799 
S0735         0.2716138 0.1545866 0.1148457 0.2087160 0.1505291 0.1227512 0.1660097 0.1339450 0.1262767 0.1694597 0.1894546 0.1259010 0.1384559 0.1515873 0.1457277 0.1399291 0.1514447 0.1176948 0.1148457 0.1190779 0.1178428 0.1345722 0.1471722 0.1364540 0.1542906 0.1401730 0.1534896 0.1643608 0.1589154 0.1351404 0.1337227 0.1372287 0.0000000 0.1364639 0.1527124 0.1010801 0.1232631 0.1330010 0.1483123 0.1284224 0.1003979 0.1314612 0.1413041 0.1359813 0.1335983 0.1136872 0.1077722 0.0329021 0.1064167 0.1924824 0.1467547 0.1757075 0.0125942 0.0329565 0.1461812 0.1345682 0.1336969 0.1417749 0.1356331 0.0331446 0.1277874 0.1593077 0.0989002 0.1756344 0.1975937 0.1885303 0.1336204 0.1259010 0.1219990 0.1501779 0.1544828 0.1426439 0.1556521 0.1201716 0.1529488 0.1339182 0.1221860 0.1413234 0.1603735 0.1628086 0.1501779 0.1229111 0.1077722 0.1730169 0.1338189 0.1313118 0.1363064 0.0929984 0.1527124 0.1660176 0.1353165 0.2087712 0.1505047 0.1240455 0.1259395 0.1653743 0.0987810 0.1082401 0.1229111 0.1533118 0.0988826 0.0851400 0.1165483 0.1324189 
S0742         0.2016664 0.0576923 0.0307546 0.1232925 0.0636117 0.0757304 0.2201647 0.0436828 0.0574351 0.0720991 0.2689797 0.0653893 0.0688739 0.0779842 0.0810355 0.0802242 0.0502886 0.0364767 0.0307546 0.0411373 0.0516486 0.0446040 0.0370972 0.1075938 0.2044285 0.0503956 0.0508266 0.2241912 0.1620717 0.0440104 0.0722714 0.0738626 0.1364639 0.0000000 0.0506242 0.0382722 0.0372575 0.0500331 0.0823083 0.0679781 0.0578937 0.0572509 0.0578960 0.0672952 0.0653439 0.0502699 0.0658886 0.1198091 0.0503772 0.1067168 0.0742159 0.0930436 0.1370076 0.1682987 0.0594377 0.0583879 0.0965268 0.0588632 0.0375961 0.1695009 0.0514805 0.0775657 0.0438962 0.2104263 0.2722941 0.2299564 0.1035526 0.0653893 0.0677701 0.0499273 0.0904982 0.0859220 0.0583880 0.0451039 0.0506814 0.0502967 0.0435969 0.0376356 0.0639151 0.0508902 0.0567064 0.0371621 0.0658886 0.1706854 0.0571193 0.0885152 0.0443079 0.0389749 0.0506242 0.2207562 0.0429580 0.2642259 0.0434485 0.0303954 0.0642535 0.0967762 0.1518038 0.0376937 0.0504082 0.1153873 0.0438892 0.0454293 0.0537806 0.0575869 
S0756         0.1885652 0.0306443 0.0304029 0.1054201 0.0239473 0.0747476 0.1973142 0.0564567 0.0117648 0.0438460 0.2540357 0.0788679 0.0910193 0.0914000 0.0800688 0.0792106 0.0118331 0.0434387 0.0304029 0.0702053 0.0802085 0.0576639 0.0577804 0.1307606 0.1919779 0.0241081 0.0119474 0.2008604 0.1499990 0.0568813 0.0559528 0.0729271 0.1527124 0.0506242 0.0000000 0.0513096 0.0368260 0.0117760 0.0965208 0.0446007 0.0807836 0.0565673 0.0711334 0.0891629 0.0788113 0.0631565 0.0650715 0.1272930 0.0632909 0.1061124 0.0733321 0.0918621 0.1533158 0.1855653 0.0807570 0.0577224 0.1222119 0.0498718 0.0640395 0.1869006 0.0120965 0.0494771 0.0567318 0.1880115 0.2574596 0.2164605 0.1178949 0.0788679 0.0817442 0.0117520 0.1033268 0.0995979 0.0717294 0.0060528 0.0119170 0.0302897 0.0699889 0.0437182 0.0697077 0.0639425 0.0301533 0.0367327 0.0650715 0.1594580 0.0179170 0.0873741 0.0572740 0.0520717 0.0000010 0.1978552 0.0306183 0.2390313 0.0178273 0.0300516 0.0635262 0.1111298 0.1239647 0.0505303 0.0498133 0.1138049 0.0434082 0.0587317 0.0599348 0.0568949 
S0758         0.1737129 0.0584840 0.0180809 0.1225644 0.0575944 0.0534557 0.2039606 0.0442660 0.0512555 0.0731123 0.2635408 0.0511938 0.0612692 0.0509947 0.0660502 0.0581876 0.0442854 0.0445097 0.0180809 0.0409089 0.0520414 0.0245810 0.0316414 0.0908718 0.1985104 0.0435754 0.0515176 0.1895918 0.1634309 0.0378557 0.0578746 0.0591154 0.1010801 0.0382722 0.0513096 0.0000000 0.0243337 0.0507012 0.0590035 0.0531855 0.0418992 0.0371017 0.0059528 0.0669537 0.0247235 0.0119107 0.0515793 0.1042461 0.0370082 0.0829813 0.0589188 0.0855233 0.1123287 0.1419825 0.0591471 0.0444484 0.0891296 0.0515915 0.0516632 0.1429785 0.0452220 0.0715462 0.0307133 0.1749110 0.2669756 0.2099681 0.0656484 0.0511938 0.0530198 0.0505924 0.0748305 0.0796431 0.0591992 0.0453547 0.0513683 0.0509728 0.0434052 0.0448392 0.0647898 0.0441708 0.0439376 0.0242728 0.0515793 0.1700957 0.0574344 0.0732454 0.0449079 0.0317672 0.0513096 0.2045309 0.0514214 0.2475172 0.0440247 0.0307900 0.0580496 0.0810288 0.1410937 0.0180809 0.0370302 0.0906154 0.0243337 0.0187205 0.0463237 0.0438542 
S0760         0.1984015 0.0435033 0.0057806 0.1030262 0.0493651 0.0449983 0.1690624 0.0431015 0.0433251 0.0437377 0.2430167 0.0498310 0.0523995 0.0700371 0.0642340 0.0567935 0.0365918 0.0433326 0.0057806 0.0468523 0.0506329 0.0303820 0.0375334 0.0959754 0.1822745 0.0298251 0.0369668 0.1864004 0.1406965 0.0434200 0.0430804 0.0439594 0.1232631 0.0372575 0.0368260 0.0243337 0.0000000 0.0364109 0.0651744 0.0381175 0.0483942 0.0298465 0.0429245 0.0583538 0.0497993 0.0359852 0.0370112 0.1183882 0.0360592 0.0883487 0.0577565 0.0829828 0.1353497 0.1661534 0.0509458 0.0432745 0.0861670 0.0370141 0.0502753 0.1673244 0.0374329 0.0626878 0.0299294 0.1785066 0.2465559 0.2061835 0.0852803 0.0498310 0.0515589 0.0363354 0.0799403 0.0847071 0.0575781 0.0312286 0.0368658 0.0365975 0.0422857 0.0306443 0.0630407 0.0501991 0.0427906 0.0116382 0.0370112 0.1469669 0.0430948 0.0572683 0.0437089 0.0311608 0.0368260 0.1881972 0.0434601 0.2286501 0.0301168 0.0300013 0.0633701 0.0861534 0.1243131 0.0239832 0.0236608 0.0805723 0.0299250 0.0309195 0.0520003 0.0300033 
