119
CRNC        0.0000000 0.3379298 0.4596611 0.7528940 1.0808108 0.7537323 0.7311397 0.5510220 0.8096756 0.6379358 0.7671236 0.7376825 0.8069777 0.7348065 0.7994940 0.8209117 0.7273688 0.7150942 0.7794775 0.7337738 0.7874787 0.7347027 0.7932941 0.6673256 0.7371673 0.7240844 0.7237359 0.7125805 0.7322010 0.6926033 0.7022795 0.5972307 0.7245062 0.7993536 0.7464833 0.7033219 0.7885529 0.7964319 0.7425207 0.7173275 0.8586730 0.7525891 0.6880172 0.7388981 0.6880152 0.7883716 0.7436055 0.7403712 0.7326099 0.8067411 0.7273573 0.7821455 0.7244675 0.7826873 0.6809142 0.7540981 0.6775850 0.6849752 0.7305802 0.7528869 0.7041440 0.7821068 0.6851653 0.7481699 0.7129887 0.7382273 0.7528030 0.7484268 0.9308510 0.7662351 0.7825004 0.6903587 0.7391065 0.8150265 0.7630762 0.7205741 0.7291303 0.7636328 0.6806305 0.7241555 0.7898809 0.7218952 0.7614405 0.6799409 0.7994464 0.7312541 0.7207580 0.7161716 0.7152826 0.7582419 0.6708315 0.6898463 0.7156949 0.6960519 0.8074942 0.7280518 0.7084079 0.7231196 0.7522783 0.7882367 0.7572801 0.8004526 0.7465010 0.7434432 0.7071982 0.8046956 0.7355298 0.7272259 0.7760823 0.7038035 0.7765286 0.7042276 0.6641763 0.8029669 0.6885656 0.7531773 0.6684392 0.7371475 0.7144421 
HYZL        0.3379298 0.0000000 0.1677514 0.6572810 0.8413424 0.6643124 0.7127540 0.6065156 0.7091258 0.6526619 0.6694834 0.6516696 0.6750802 0.6265933 0.6519748 0.6768346 0.6825810 0.7101746 0.6601732 0.6956889 0.6489458 0.6875129 0.8064827 0.6584909 0.6617172 0.6563341 0.6420659 0.7001184 0.6071891 0.7015889 0.6785455 0.6097016 0.6924166 0.6722666 0.6617482 0.6467759 0.6573244 0.8113807 0.6816673 0.6638842 0.7462666 0.6931887 0.6164319 0.7003985 0.6194451 0.7656360 0.6731017 0.6623451 0.6186150 0.6814051 0.6814673 0.6377769 0.6495602 0.7143023 0.7036374 0.6755317 0.7012679 0.7137579 0.6561288 0.6595936 0.6138175 0.7411550 0.6810511 0.6640726 0.6551088 0.6950297 0.7190105 0.6768173 0.7923763 0.6421700 0.6691091 0.6883178 0.6344547 0.7663712 0.7019569 0.6473919 0.6641769 0.6408146 0.6905371 0.6203104 0.6756157 0.6326558 0.7003164 0.6156351 0.7176887 0.6206862 0.6904502 0.6431151 0.6500855 0.6409320 0.6622461 0.6600507 0.6847041 0.6064973 0.6608291 0.6886782 0.6805334 0.6853542 0.6555327 0.7344871 0.6699648 0.7271446 0.6984495 0.6465786 0.6638194 0.7488847 0.6533975 0.6165024 0.6615801 0.6428005 0.6914094 0.6235272 0.7002720 0.6805249 0.6865162 0.7019231 0.5722126 0.7221882 0.6461860 
MYZV        0.4596611 0.1677514 0.0000000 0.8051015 1.1146097 0.7827664 0.8411695 0.7048971 0.8170063 0.7655710 0.7527987 0.7588730 0.7770568 0.7208521 0.7173441 0.7761577 0.7839753 0.7978501 0.7599955 0.7992174 0.8109017 0.7981792 0.9441549 0.7522540 0.7590002 0.7577591 0.7684042 0.8837671 0.7401304 0.7766977 0.7685042 0.7380457 0.7952754 0.8071802 0.7749532 0.7264901 0.7347697 0.9221896 0.8089175 0.8103658 0.8602888 0.8088126 0.7306730 0.8402734 0.7400076 0.8487770 0.7892720 0.7750543 0.7612896 0.8298023 0.7826528 0.7212697 0.7389170 0.8238691 0.7790441 0.7897487 0.7763075 0.7814706 0.7359315 0.7952415 0.7342388 0.8098456 0.8249498 0.7558961 0.7492753 0.7761322 0.8261850 0.7994820 0.9125405 0.7663511 0.7540268 0.7615426 0.7996883 0.8614492 0.8169342 0.7425488 0.7388727 0.8019086 0.7643604 0.7652775 0.8082729 0.7880422 0.8077656 0.7148287 0.7543726 0.7728602 0.8074488 0.7384135 0.7470845 0.7811104 0.7976750 0.8162902 0.7872616 0.7044667 0.7470470 0.7441249 0.7815841 0.7907921 0.7584537 0.8176420 0.8053511 0.8502238 0.8168914 0.7360808 0.7971992 0.7981235 0.8119835 0.7283172 0.7452574 0.7349772 0.7656152 0.7380933 0.7755230 0.8156592 0.7471019 0.8571895 0.6743073 0.8078379 0.7481013 
SRR6441723  0.7528940 0.6572810 0.8051015 0.0000000 0.0517874 0.1012602 0.1133538 0.0707115 0.1450028 0.1200668 0.1037490 0.1256030 0.0636149 0.0993593 0.1175135 0.1545705 0.1298790 0.1284792 0.1306846 0.1283370 0.1269146 0.0679044 0.0725860 0.1029615 0.1042932 0.0974333 0.1455116 0.1196372 0.1157686 0.0741868 0.1143451 0.1044211 0.1305890 0.1315537 0.0749609 0.1015480 0.0985007 0.1390126 0.1485644 0.1089388 0.1438530 0.1325558 0.1254707 0.1460967 0.1087897 0.1097477 0.0877079 0.1330992 0.1640657 0.1145412 0.1331031 0.1081936 0.0829976 0.0969646 0.0652095 0.1034794 0.0700593 0.0746754 0.0772250 0.0922608 0.1302180 0.1171475 0.1212018 0.1355764 0.0727442 0.1152819 0.0910088 0.0830528 0.1040247 0.0865115 0.1299774 0.0989513 0.1928086 0.0970850 0.1159073 0.0947762 0.0971152 0.1858653 0.0718146 0.1693260 0.0845531 0.0760028 0.1164249 0.0907370 0.1021542 0.1664713 0.1207105 0.1110807 0.0956652 0.1212523 0.1135222 0.1137865 0.1336577 0.1398513 0.1348452 0.1049879 0.1355090 0.1276299 0.0972187 0.1153263 0.0632258 0.0674695 0.1128056 0.0885868 0.0958519 0.1054589 0.1121834 0.1323838 0.0701006 0.0750776 0.1505284 0.1153103 0.0748578 0.1568055 0.0990827 0.1358550 0.0873393 0.0867980 0.0980126 
ERR4210213  1.0808108 0.8413424 1.1146097 0.0517874 0.0000000 0.1033572 0.1079078 0.0000010 0.1349395 0.1080254 0.1047120 0.1354147 0.0811239 0.1162666 0.1262827 0.1794741 0.1779144 0.1886543 0.1336924 0.1726479 0.1277162 0.0289588 0.0336198 0.1132503 0.1047120 0.1010011 0.1456289 0.1292474 0.1067492 0.0912493 0.1230471 0.0924737 0.1671111 0.1717865 0.1150269 0.1271500 0.1318775 0.1651415 0.1493876 0.1051265 0.1158862 0.1272741 0.1463372 0.1673291 0.1204432 0.1061619 0.1021301 0.1794762 0.2126985 0.1282472 0.1871352 0.1092272 0.0821536 0.0979231 0.0855297 0.1046269 0.0912653 0.0915909 0.0880680 0.0968910 0.1524519 0.1403129 0.1421481 0.1527677 0.1033971 0.1258046 0.0878929 0.0872386 0.0689458 0.0845679 0.1794021 0.1621326 0.2560928 0.1009919 0.1303188 0.0906188 0.0910308 0.2237180 0.0861073 0.2347280 0.0832018 0.0705246 0.1303188 0.1171093 0.1097087 0.2274511 0.1349789 0.1691371 0.1048724 0.1218460 0.1473714 0.1428339 0.1651415 0.1711158 0.1390816 0.1391182 0.1651415 0.1659552 0.1180836 0.1544770 0.0378597 0.0718545 0.1307192 0.0952702 0.1013545 0.1192686 0.1106483 0.1497594 0.0772056 0.1003939 0.1606413 0.1415160 0.0912653 0.1385074 0.1559393 0.1539871 0.0892351 0.1128144 0.1189869 
ERR2789774  0.7537323 0.6643124 0.7827664 0.1012602 0.1033572 0.0000000 0.0714544 0.0926689 0.1593627 0.1362333 0.0663139 0.1384770 0.1069762 0.0627113 0.0900604 0.1790265 0.1543312 0.1592076 0.1559543 0.1528344 0.1502135 0.1221332 0.1234373 0.1062673 0.0688286 0.0643338 0.1591900 0.0965116 0.1389141 0.0974323 0.1209154 0.1537641 0.1523738 0.1568337 0.1195575 0.1001776 0.1461810 0.1571601 0.1576063 0.0744564 0.1046434 0.1568273 0.1412387 0.1706684 0.0806090 0.0703454 0.1005275 0.1550702 0.2049285 0.0931228 0.1579459 0.1129270 0.0424274 0.1337410 0.0924433 0.0705227 0.0929211 0.0902099 0.1222860 0.1105044 0.1471536 0.1223189 0.1524589 0.1253505 0.1003288 0.1399221 0.1372151 0.1141774 0.1556210 0.1197966 0.0884567 0.1120533 0.2233174 0.1113981 0.1263938 0.1273793 0.1354786 0.2121747 0.0902481 0.2213625 0.1405358 0.1241651 0.1296337 0.0938514 0.1332437 0.2180357 0.0822090 0.1098535 0.1013008 0.1490363 0.1430221 0.1469836 0.1533431 0.1481849 0.1548006 0.1272298 0.1573146 0.1504639 0.0624251 0.1208054 0.1066596 0.1065972 0.0810806 0.0559187 0.0749072 0.1490240 0.0780624 0.1515820 0.1195926 0.1085935 0.1592409 0.0945224 0.0914661 0.1589871 0.1122108 0.1594675 0.0491073 0.1050743 0.0812789 
S0055       0.7311397 0.7127540 0.8411695 0.1133538 0.1079078 0.0714544 0.0000000 0.0745868 0.1390270 0.1273249 0.0616997 0.1176736 0.0980133 0.0582199 0.0783586 0.1619885 0.1360320 0.1299970 0.1275248 0.1394383 0.1191601 0.1042175 0.1017384 0.0877439 0.0598766 0.0577630 0.1322736 0.0672643 0.1109932 0.0825193 0.0891340 0.1094966 0.1341406 0.1294623 0.1115693 0.0883504 0.1453779 0.1477026 0.1437275 0.0740644 0.0958608 0.1375753 0.1178158 0.1398338 0.0665076 0.0672095 0.0919723 0.1366525 0.1833152 0.0760535 0.1393095 0.0985032 0.0374566 0.1172006 0.0799162 0.0596076 0.0803079 0.0808130 0.1117199 0.1078301 0.1253593 0.1102480 0.1223856 0.0995702 0.1032226 0.1191225 0.1226932 0.1091969 0.1430994 0.1117431 0.0950821 0.1093493 0.1938286 0.1036155 0.1099799 0.1131127 0.1155562 0.1896332 0.0778576 0.1977491 0.1281675 0.1114452 0.1155281 0.0706065 0.1096088 0.1947256 0.0724430 0.0910205 0.0942647 0.1200014 0.1164621 0.1247201 0.1349512 0.1217197 0.1281022 0.1249957 0.1367906 0.1371822 0.0576155 0.1084474 0.0938990 0.0883745 0.0734329 0.0539256 0.0421209 0.1359962 0.0749049 0.1297044 0.0976336 0.0853413 0.1323167 0.0841332 0.0852934 0.1515154 0.1120379 0.1347703 0.0448037 0.0930603 0.0678329 
S0196sl     0.5510220 0.6065156 0.7048971 0.0707115 0.0000010 0.0926689 0.0745868 0.0000000 0.0832096 0.1158784 0.0776426 0.0582978 0.0579940 0.0666267 0.0735781 0.0917497 0.0881827 0.0793468 0.0791318 0.0976295 0.0693971 0.0661718 0.0978329 0.0663450 0.0823240 0.0730671 0.0870414 0.0921145 0.0590367 0.0203219 0.0620770 0.0791396 0.0839098 0.0671484 0.0669641 0.0912759 0.0988771 0.1116810 0.0833071 0.0951790 0.1435937 0.0943354 0.0799939 0.0885787 0.0727839 0.0905513 0.0464643 0.0928511 0.1623843 0.0671887 0.0881827 0.0843875 0.0613913 0.1017716 0.0099556 0.0774515 0.0134317 0.0135451 0.0747830 0.0746838 0.0893296 0.0877828 0.0890440 0.0804720 0.0575689 0.0991463 0.0976164 0.0742901 0.1771791 0.0965062 0.0845698 0.0499752 0.1687295 0.0791865 0.0924696 0.0889495 0.0935274 0.1698479 0.0099545 0.1709723 0.1076823 0.0702250 0.0932609 0.0582423 0.0746992 0.1830324 0.0735174 0.0737289 0.0697231 0.0701198 0.0711681 0.0800610 0.1032246 0.0837023 0.0795870 0.0820073 0.0931389 0.0845284 0.0650339 0.0750378 0.0794196 0.0627377 0.0872763 0.0616029 0.0641683 0.1167221 0.0847052 0.0938009 0.0574409 0.0539271 0.0803299 0.0826250 0.0171211 0.0788517 0.0539753 0.1050860 0.0693523 0.0601526 0.0616341 
S0278       0.8096756 0.7091258 0.8170063 0.1450028 0.1349395 0.1593627 0.1390270 0.0832096 0.0000000 0.1515218 0.1342621 0.0537358 0.1268965 0.1283045 0.1516950 0.0637116 0.1677787 0.1577248 0.0555984 0.1747922 0.0627120 0.1236075 0.1385004 0.1323325 0.1322157 0.1269020 0.0660916 0.1450621 0.0499148 0.1119280 0.1360374 0.0462053 0.1566906 0.0687944 0.1449212 0.1481257 0.1541262 0.1865772 0.0414521 0.1363585 0.1854132 0.0538604 0.0832884 0.1061068 0.1248290 0.1311747 0.1156670 0.1687289 0.2136615 0.1521967 0.1715234 0.1306661 0.1129248 0.1512804 0.1037956 0.1315514 0.1120545 0.1103146 0.1497627 0.1173104 0.0887839 0.1516012 0.0904013 0.0875160 0.1279936 0.1460077 0.1574340 0.1370480 0.1790266 0.1474589 0.1601088 0.1459594 0.2233067 0.1301135 0.1604496 0.1401473 0.1484507 0.2136134 0.1046454 0.2253497 0.1577607 0.1232099 0.1586440 0.1414514 0.1380674 0.2220978 0.1476945 0.1523144 0.1326428 0.0513681 0.0836160 0.0885242 0.1695411 0.0946007 0.0573395 0.1488762 0.1687727 0.1599777 0.1321144 0.1498053 0.1140675 0.1336815 0.1446828 0.1198726 0.1543669 0.1568322 0.1430254 0.0936369 0.1168201 0.1141743 0.0602133 0.1553634 0.1130949 0.0753119 0.1461734 0.1113979 0.1098195 0.1328860 0.1159403 
S0281       0.6379358 0.6526619 0.7655710 0.1200668 0.1080254 0.1362333 0.1273249 0.1158784 0.1515218 0.0000000 0.1293468 0.1345467 0.1054912 0.1277714 0.1338698 0.1546243 0.1446125 0.1407609 0.1387531 0.1540458 0.1417812 0.1158837 0.1153979 0.1202803 0.1144698 0.1152921 0.1563311 0.1458847 0.1343660 0.0934296 0.1218066 0.1377138 0.1452591 0.1534768 0.1159194 0.1520026 0.1364736 0.1512714 0.1475224 0.1322510 0.1714556 0.1460729 0.1386488 0.1648895 0.1147696 0.1153627 0.0735289 0.1508155 0.2136252 0.1420567 0.1508413 0.1209467 0.1112532 0.1151336 0.0983175 0.1316867 0.0956749 0.0984745 0.1224259 0.0878441 0.1470771 0.1360884 0.1376245 0.1441746 0.1095940 0.1295731 0.1171228 0.1122417 0.1387967 0.1194742 0.1467569 0.0895271 0.2427800 0.1161682 0.1398358 0.1171958 0.1191371 0.2073562 0.0950933 0.2223326 0.1177611 0.1199481 0.1378865 0.1256003 0.1221851 0.2189867 0.1430189 0.1587660 0.0999742 0.1341678 0.1318530 0.1325158 0.1485603 0.1588106 0.1402468 0.1344546 0.1428730 0.1539452 0.1245968 0.1336521 0.1172759 0.0909847 0.1398891 0.1149705 0.1316881 0.1285253 0.1335833 0.1485571 0.1104851 0.1069958 0.1683130 0.1542815 0.1058614 0.1709531 0.0919696 0.1515341 0.1219503 0.0873097 0.1233594 
S0282       0.7671236 0.6694834 0.7527987 0.1037490 0.1047120 0.0663139 0.0616997 0.0776426 0.1342621 0.1293468 0.0000000 0.1150147 0.0955224 0.0135690 0.0481224 0.1594501 0.1345844 0.1375221 0.1280874 0.1358377 0.1264417 0.0951209 0.1055701 0.0824129 0.0152044 0.0189388 0.1293935 0.0800333 0.1195816 0.0836536 0.0931014 0.1177154 0.1353079 0.1296929 0.1118628 0.0802634 0.1311975 0.1445332 0.1415235 0.0582669 0.0513412 0.1354497 0.1094151 0.1372837 0.0728459 0.0115810 0.0891174 0.1378017 0.1849741 0.0804873 0.1378108 0.1014647 0.0376030 0.1199282 0.0817630 0.0187363 0.0794852 0.0842013 0.1192289 0.1004604 0.1110753 0.1151488 0.1214555 0.0980745 0.0960707 0.1244399 0.1256045 0.1166086 0.1481497 0.1169309 0.0531537 0.0946331 0.1959630 0.0861012 0.1223355 0.1153539 0.1273649 0.2050370 0.0770658 0.2085930 0.1311462 0.1059257 0.1254428 0.0669245 0.1190450 0.2055183 0.0295892 0.0947964 0.1053678 0.1174154 0.1133592 0.1166750 0.1300579 0.1148351 0.1443770 0.1138847 0.1353262 0.1308690 0.0152915 0.1136620 0.0940321 0.0922409 0.0318020 0.0084280 0.0677427 0.1369487 0.0655100 0.1123067 0.0931151 0.0879377 0.1313374 0.0792137 0.0801736 0.1456894 0.0947570 0.1407910 0.0154470 0.0936143 0.0550064 
S0289       0.7376825 0.6516696 0.7588730 0.1256030 0.1354147 0.1384770 0.1176736 0.0582978 0.0537358 0.1345467 0.1150147 0.0000000 0.1093699 0.1092197 0.1378718 0.0664473 0.1422304 0.1371966 0.0557465 0.1486409 0.0628019 0.1099571 0.1294436 0.1032109 0.1130299 0.1079435 0.0527148 0.1403592 0.0478671 0.0879230 0.1090147 0.0501214 0.1380271 0.0623149 0.1284219 0.1333798 0.1418821 0.1593921 0.0561528 0.1288416 0.1624626 0.0434068 0.0676814 0.0884631 0.0994090 0.1173825 0.0964596 0.1424414 0.2223801 0.1350145 0.1456111 0.1064945 0.0955504 0.1350047 0.0837678 0.1124822 0.0880251 0.0885912 0.1339567 0.1035689 0.0721140 0.1340584 0.0745649 0.0709988 0.1223689 0.1335812 0.1408368 0.1263420 0.1664625 0.1334629 0.1474921 0.1186230 0.2118428 0.1185223 0.1404581 0.1270597 0.1295459 0.2188065 0.0811700 0.2256564 0.1490343 0.1187190 0.1411092 0.1199069 0.1107161 0.2224277 0.1275638 0.1291168 0.1117719 0.0428011 0.0680123 0.0727199 0.1487257 0.0757553 0.0562328 0.1409068 0.1430369 0.1384475 0.1129399 0.1322285 0.1119587 0.1206099 0.1244980 0.1041362 0.1237697 0.1422130 0.1260461 0.0697636 0.1011508 0.1015377 0.0299715 0.1279471 0.0932339 0.0656926 0.1187868 0.0933595 0.0938657 0.1103104 0.0992232 
S0292       0.8069777 0.6750802 0.7770568 0.0636149 0.0811239 0.1069762 0.0980133 0.0579940 0.1268965 0.1054912 0.0955224 0.1093699 0.0000000 0.0965666 0.1064241 0.1474716 0.1184846 0.1170424 0.1237154 0.1216488 0.1139206 0.0649752 0.0712787 0.0944003 0.0960134 0.0916589 0.1234566 0.1227624 0.0986114 0.0668212 0.1124717 0.0954630 0.1144351 0.1136615 0.0749944 0.1140965 0.0950064 0.1286519 0.1302017 0.1059736 0.1396658 0.1208972 0.1071383 0.1239541 0.0888727 0.1000187 0.0625959 0.1215422 0.1808998 0.1061650 0.1171609 0.0870136 0.0755518 0.0804119 0.0606865 0.0975979 0.0628217 0.0632042 0.0777132 0.0776783 0.1021205 0.1038480 0.1130261 0.1159033 0.0759415 0.1020164 0.0769011 0.0652523 0.0996196 0.0732243 0.1242765 0.0931621 0.1820453 0.0853093 0.1028660 0.0806450 0.0825250 0.1834867 0.0605655 0.1913266 0.0835867 0.0687522 0.1078261 0.0829417 0.0598070 0.1883524 0.1119112 0.1053613 0.0788339 0.1017550 0.1055522 0.1105978 0.1217956 0.1135665 0.1196900 0.0948535 0.1191265 0.1173934 0.0935122 0.1020369 0.0588542 0.0261509 0.1088026 0.0829565 0.0899562 0.0836743 0.0901878 0.1102262 0.0244342 0.0265329 0.1329063 0.1073099 0.0674136 0.1339972 0.0932832 0.1312335 0.0812617 0.0842385 0.0800720 
S0293       0.7348065 0.6265933 0.7208521 0.0993593 0.1162666 0.0627113 0.0582199 0.0666267 0.1283045 0.1277714 0.0135690 0.1092197 0.0965666 0.0000000 0.0486155 0.1534461 0.1311769 0.1340559 0.1221957 0.1324077 0.1254289 0.0939232 0.1067338 0.0768126 0.0153451 0.0191166 0.1283167 0.0863848 0.1136724 0.0802328 0.0874630 0.1148756 0.1318893 0.1262131 0.1100742 0.0768036 0.1277485 0.1459801 0.1330357 0.0547502 0.0478761 0.1259688 0.1059247 0.1313475 0.0690659 0.0196856 0.0856402 0.1343885 0.1703242 0.0769999 0.1343941 0.0979220 0.0341599 0.1160985 0.0783312 0.0154140 0.0760580 0.0807619 0.1152640 0.0992031 0.1076057 0.1116972 0.1156033 0.0990364 0.0926139 0.1209573 0.1216440 0.1085338 0.1526239 0.1129708 0.0537139 0.0912194 0.1921709 0.0868967 0.1188989 0.1187609 0.1279787 0.1950667 0.0736490 0.1946127 0.1271599 0.1026148 0.1219984 0.0676175 0.1104633 0.1916083 0.0280363 0.0913089 0.0996556 0.1116064 0.1075711 0.1131931 0.1266312 0.1113980 0.1381168 0.1150237 0.1319038 0.1274249 0.0137045 0.1101843 0.0928131 0.0983178 0.0302411 0.0085048 0.0660501 0.1354460 0.0600063 0.1135974 0.0919003 0.0866625 0.1254130 0.0757161 0.0765816 0.1446303 0.0913389 0.1373232 0.0133233 0.0900852 0.0515622 
S0294       0.7994940 0.6519748 0.7173441 0.1175135 0.1262827 0.0900604 0.0783586 0.0735781 0.1516950 0.1338698 0.0481224 0.1378718 0.1064241 0.0486155 0.0000000 0.1671100 0.1566689 0.1596253 0.1413442 0.1541283 0.1436035 0.1087128 0.1250802 0.0992246 0.0502610 0.0506256 0.1644761 0.0964406 0.1393282 0.1025296 0.1056882 0.1249941 0.1575327 0.1576730 0.1194821 0.1044596 0.1477162 0.1673301 0.1660583 0.0921744 0.0883407 0.1563555 0.1333718 0.1729368 0.0947247 0.0494530 0.1136558 0.1602154 0.1963474 0.1057984 0.1578609 0.1125405 0.0593048 0.1332479 0.1005391 0.0500366 0.0980382 0.1032307 0.1280630 0.1259693 0.1480943 0.1347565 0.1573003 0.1405993 0.1189408 0.1488816 0.1362302 0.1266960 0.1647681 0.1332224 0.0648232 0.1200319 0.2059685 0.1057603 0.1433641 0.1291540 0.1392920 0.2048283 0.0953557 0.2111586 0.1382503 0.1194334 0.1520280 0.0968923 0.1270020 0.2159773 0.0625970 0.1101750 0.1070719 0.1399199 0.1479014 0.1486592 0.1557132 0.1520763 0.1464121 0.1448302 0.1575804 0.1528647 0.0400110 0.1333113 0.1088644 0.1010458 0.0655487 0.0404888 0.0839688 0.1467685 0.0906840 0.1432633 0.1022943 0.0996343 0.1604370 0.0983530 0.0989328 0.1789967 0.1228938 0.1726294 0.0322675 0.1159942 0.0762700 
S0299       0.8209117 0.6768346 0.7761577 0.1545705 0.1794741 0.1790265 0.1619885 0.0917497 0.0637116 0.1546243 0.1594501 0.0664473 0.1474716 0.1534461 0.1671100 0.0000000 0.1910424 0.1765329 0.0473801 0.1922330 0.0716784 0.1370092 0.1766681 0.1528935 0.1573803 0.1574535 0.0751445 0.1805485 0.0629620 0.1343032 0.1628937 0.0666378 0.1865581 0.0901821 0.1578972 0.1667111 0.1662137 0.2140232 0.0749180 0.1818893 0.2221722 0.0712276 0.1018240 0.1219489 0.1313467 0.1699695 0.1259151 0.1921367 0.2420262 0.1671427 0.1951088 0.1500902 0.1382141 0.1616389 0.1289053 0.1632005 0.1344495 0.1353670 0.1615365 0.1251170 0.1044425 0.1618441 0.1073298 0.1090245 0.1540134 0.1731837 0.1627018 0.1446115 0.2026412 0.1630456 0.1925899 0.1441763 0.2657612 0.1477111 0.1724186 0.1528217 0.1580504 0.2400109 0.1265709 0.2428890 0.1687449 0.1427585 0.1758793 0.1635430 0.1506048 0.2448485 0.1807244 0.1692022 0.1351153 0.0684118 0.1000248 0.1026185 0.1942243 0.1082006 0.0596749 0.1675276 0.1866544 0.1872273 0.1613600 0.1600724 0.1468480 0.1600426 0.1723290 0.1513142 0.1721067 0.1687822 0.1731676 0.1037250 0.1358041 0.1359047 0.0732730 0.1652398 0.1406843 0.0847499 0.1468905 0.1212000 0.1308125 0.1309906 0.1448176 
S0303       0.7273688 0.6825810 0.7839753 0.1298790 0.1779144 0.1543312 0.1360320 0.0881827 0.1677787 0.1446125 0.1345844 0.1422304 0.1184846 0.1311769 0.1566689 0.1910424 0.0000000 0.0709798 0.1540632 0.0100936 0.1520289 0.1377758 0.1272428 0.1275397 0.1326887 0.1229395 0.1576381 0.1615813 0.1259546 0.0835517 0.1230517 0.1145721 0.0083557 0.1490032 0.1262851 0.1599482 0.0831153 0.0152663 0.1656388 0.1582061 0.1765718 0.1554577 0.1228526 0.1678357 0.1268275 0.1414865 0.1191055 0.0100539 0.2202738 0.1628335 0.0083624 0.1420066 0.1119032 0.1405637 0.0903933 0.1320310 0.0856105 0.0861583 0.1415182 0.1243698 0.1353889 0.0888742 0.1509156 0.1374844 0.1061136 0.0594182 0.1461201 0.1334597 0.1600146 0.1429378 0.1552112 0.1088428 0.2277862 0.1312846 0.0882898 0.1411469 0.1490155 0.2127266 0.0830803 0.2354154 0.1469846 0.1447028 0.0820836 0.1193859 0.1338035 0.2240770 0.1430082 0.1412899 0.1297812 0.1316655 0.1452319 0.1484046 0.0135186 0.1333665 0.1549564 0.0657498 0.0100591 0.0101078 0.1290550 0.0871750 0.1325414 0.1116236 0.1476682 0.1208928 0.1289309 0.1664994 0.1487931 0.1464003 0.1179936 0.1031252 0.1525235 0.1439120 0.0951863 0.1638496 0.1089909 0.1682224 0.1271498 0.1097512 0.1284708 
S0308       0.7150942 0.7101746 0.7978501 0.1284792 0.1886543 0.1592076 0.1299970 0.0793468 0.1577248 0.1407609 0.1375221 0.1371966 0.1170424 0.1340559 0.1596253 0.1765329 0.0709798 0.0000000 0.1465747 0.0758546 0.1476402 0.1215120 0.1448171 0.1339258 0.1355882 0.1279934 0.1524578 0.1549084 0.1175296 0.0868275 0.1318188 0.1162934 0.0733596 0.1474318 0.1209716 0.1441082 0.0703345 0.0838646 0.1658785 0.1449040 0.1765132 0.1465244 0.1170968 0.1643089 0.1197880 0.1464934 0.0975648 0.0755102 0.2263021 0.1491027 0.0734630 0.1350489 0.1068600 0.1253672 0.0865056 0.1349015 0.0845376 0.0850844 0.1413762 0.1025836 0.1281650 0.0877597 0.1434492 0.1292320 0.1170792 0.0520448 0.1313966 0.1288818 0.1637435 0.1344452 0.1446371 0.0967311 0.2149315 0.1226924 0.0871782 0.1388550 0.1466321 0.2182102 0.0863305 0.2257348 0.1420534 0.1393652 0.0875521 0.1183641 0.1430732 0.2266889 0.1461866 0.1375487 0.1194899 0.1362368 0.1401464 0.1428501 0.0801624 0.1225853 0.1578094 0.0494035 0.0755698 0.0717124 0.1353593 0.0860410 0.1226387 0.1246559 0.1510083 0.1234958 0.1227911 0.1609256 0.1330849 0.1282817 0.1200704 0.1065806 0.1435080 0.1325505 0.0941962 0.1547577 0.0968628 0.1522567 0.1243300 0.1003390 0.1177305 
S0320       0.7794775 0.6601732 0.7599955 0.1306846 0.1336924 0.1559543 0.1275248 0.0791318 0.0555984 0.1387531 0.1280874 0.0557465 0.1237154 0.1221957 0.1413442 0.0473801 0.1540632 0.1465747 0.0000000 0.1577730 0.0601492 0.1114445 0.1356797 0.1214500 0.1260649 0.1266064 0.0660823 0.1442347 0.0520101 0.1138251 0.1308152 0.0544366 0.1497665 0.0711837 0.1377455 0.1265785 0.1396342 0.1665228 0.0574547 0.1524484 0.1796493 0.0481951 0.0767096 0.0974832 0.1149019 0.1266469 0.1126966 0.1572511 0.1924096 0.1414835 0.1576281 0.1255428 0.1102150 0.1467341 0.1087618 0.1265785 0.1139530 0.1100498 0.1412575 0.1249944 0.0790889 0.1345366 0.0831772 0.0738207 0.1242407 0.1377396 0.1462563 0.1277839 0.1666519 0.1398641 0.1628183 0.1302448 0.2240064 0.1363965 0.1372710 0.1280806 0.1355316 0.2181587 0.1065300 0.2210260 0.1432247 0.1127834 0.1403539 0.1251741 0.1218389 0.2178101 0.1425078 0.1388090 0.1250200 0.0491448 0.0764461 0.0813202 0.1517906 0.0827758 0.0591733 0.1262772 0.1498031 0.1448609 0.1295655 0.1327295 0.1118780 0.1287319 0.1394691 0.1201349 0.1382547 0.1501764 0.1413928 0.0796650 0.1129175 0.1079836 0.0541738 0.1440455 0.1150098 0.0753008 0.1328462 0.0957208 0.1221807 0.1124740 0.1187200 
S0322       0.7337738 0.6956889 0.7992174 0.1283370 0.1726479 0.1528344 0.1394383 0.0976295 0.1747922 0.1540458 0.1358377 0.1486409 0.1216488 0.1324077 0.1541283 0.1922330 0.0100936 0.0758546 0.1577730 0.0000000 0.1588157 0.1362773 0.1283120 0.1336418 0.1339272 0.1240771 0.1643712 0.1663532 0.1289116 0.0886614 0.1338159 0.1247382 0.0118434 0.1557099 0.1375543 0.1584870 0.0881857 0.0193539 0.1726319 0.1567332 0.1783187 0.1622544 0.1287757 0.1720470 0.1329954 0.1430099 0.1249915 0.0135721 0.2249667 0.1667251 0.0118534 0.1484771 0.1103487 0.1469732 0.0956523 0.1332576 0.0907547 0.0913430 0.1450670 0.1303802 0.1415823 0.0917255 0.1576431 0.1448346 0.1116855 0.0639862 0.1497201 0.1368342 0.1674986 0.1465307 0.1567237 0.1191747 0.2308075 0.1326702 0.0933979 0.1499178 0.1579758 0.2208435 0.0881551 0.2403660 0.1557914 0.1482015 0.0870846 0.1225870 0.1421316 0.2288328 0.1443572 0.1448185 0.1330715 0.1378346 0.1518200 0.1550819 0.0171115 0.1395309 0.1586886 0.0688100 0.0135792 0.0136462 0.1302469 0.0923238 0.1358757 0.1205634 0.1426913 0.1220121 0.1298115 0.1758047 0.1524269 0.1529500 0.1211402 0.1081686 0.1592413 0.1474742 0.0960446 0.1707425 0.1193406 0.1709787 0.1216716 0.1203873 0.1394516 
S0327       0.7874787 0.6489458 0.8109017 0.1269146 0.1277162 0.1502135 0.1191601 0.0693971 0.0627120 0.1417812 0.1264417 0.0628019 0.1139206 0.1254289 0.1436035 0.0716784 0.1520289 0.1476402 0.0601492 0.1588157 0.0000000 0.1206367 0.1347229 0.1208040 0.1243790 0.1189605 0.0648498 0.1332428 0.0405635 0.1043544 0.1304289 0.0384292 0.1528835 0.0505582 0.1336409 0.1465794 0.1398449 0.1655156 0.0608941 0.1394112 0.1591614 0.0634202 0.0737077 0.0877985 0.1139104 0.1291538 0.1053963 0.1528992 0.2177367 0.1311452 0.1556249 0.1239542 0.1074620 0.1354600 0.1008498 0.1237504 0.1044755 0.1098682 0.1332835 0.1080541 0.0759920 0.1206986 0.0751904 0.0705736 0.1225453 0.1364595 0.1439408 0.1317163 0.1663236 0.1364176 0.1547429 0.1275662 0.2244806 0.1158706 0.1254269 0.1431490 0.1484321 0.2120777 0.1016837 0.2202643 0.1547910 0.1258989 0.1313603 0.1231091 0.1297024 0.2170246 0.1397828 0.1413872 0.1150298 0.0361188 0.0685741 0.0733296 0.1589177 0.0797222 0.0606752 0.1317331 0.1490539 0.1494963 0.1215464 0.1188305 0.1193773 0.1135750 0.1366870 0.1150087 0.1318278 0.1546654 0.1346219 0.0651745 0.1008583 0.1050384 0.0766101 0.1367293 0.1149071 0.0719067 0.1305499 0.0930151 0.1034677 0.1077835 0.1127280 
S0335       0.7347027 0.6875129 0.7981792 0.0679044 0.0289588 0.1221332 0.1042175 0.0661718 0.1236075 0.1158837 0.0951209 0.1099571 0.0649752 0.0939232 0.1087128 0.1370092 0.1377758 0.1215120 0.1114445 0.1362773 0.1206367 0.0000000 0.0534839 0.0873243 0.0976436 0.0964574 0.1363802 0.1277954 0.1061913 0.0753734 0.1035440 0.1097839 0.1310506 0.1288822 0.0781959 0.1091140 0.1024782 0.1511203 0.1294321 0.1038696 0.1378557 0.1253218 0.1209477 0.1331814 0.0980763 0.1047848 0.0822084 0.1410441 0.1634997 0.1229973 0.1410571 0.1012454 0.0799798 0.0797334 0.0690751 0.0979367 0.0712809 0.0717206 0.0775123 0.0932258 0.1180404 0.1093001 0.1246853 0.1242136 0.0804207 0.1084428 0.0761348 0.0665737 0.0932227 0.0810209 0.1332743 0.1044529 0.1719670 0.0881517 0.0999369 0.0663005 0.0726107 0.1794354 0.0689378 0.1786827 0.0762747 0.0619013 0.1073293 0.0983341 0.0757606 0.1757975 0.1122961 0.1201193 0.0943466 0.1139324 0.1241692 0.1245712 0.1380614 0.1276577 0.1173590 0.0964544 0.1385414 0.1343179 0.0938242 0.1075155 0.0450704 0.0567521 0.1138966 0.0831894 0.0945545 0.1092337 0.1107002 0.1334930 0.0606874 0.0673517 0.1249528 0.1146243 0.0718932 0.1473147 0.1070900 0.1403963 0.0841715 0.0931555 0.0952935 
S0345       0.7932941 0.8064827 0.9441549 0.0725860 0.0336198 0.1234373 0.1017384 0.0978329 0.1385004 0.1153979 0.1055701 0.1294436 0.0712787 0.1067338 0.1250802 0.1766681 0.1272428 0.1448171 0.1356797 0.1283120 0.1347229 0.0534839 0.0000000 0.0929614 0.1059178 0.1033845 0.1421242 0.1327627 0.1143048 0.0757729 0.1026154 0.1029041 0.1219101 0.1522885 0.0889720 0.1203048 0.1195295 0.1211723 0.1424264 0.1123560 0.1118772 0.1396005 0.1218974 0.1634223 0.0989638 0.1062626 0.0877724 0.1312222 0.1913214 0.1279149 0.1312245 0.1236297 0.0843529 0.0862501 0.0732916 0.1081458 0.0731439 0.0763401 0.0764622 0.0875311 0.1354211 0.1184391 0.1490812 0.1334151 0.0854097 0.1123193 0.0924951 0.0717516 0.0804927 0.0909957 0.1440177 0.1161472 0.2058359 0.0919343 0.1137089 0.0836140 0.0889747 0.2136315 0.0679770 0.2119051 0.0841206 0.0633291 0.1231853 0.1035077 0.0850672 0.1999927 0.1168670 0.1325776 0.0922521 0.1163364 0.1404683 0.1524768 0.1251429 0.1372055 0.1317547 0.1189764 0.1311839 0.1285937 0.1086960 0.1222473 0.0408627 0.0664226 0.1159546 0.0920332 0.0964209 0.1029930 0.1065473 0.1361086 0.0690158 0.0752203 0.1506792 0.1192018 0.0791982 0.1628136 0.1163463 0.1551075 0.1009103 0.0934041 0.1050360 
S0376       0.6673256 0.6584909 0.7522540 0.1029615 0.1132503 0.1062673 0.0877439 0.0663450 0.1323325 0.1202803 0.0824129 0.1032109 0.0944003 0.0768126 0.0992246 0.1528935 0.1275397 0.1339258 0.1214500 0.1336418 0.1208040 0.0873243 0.0929614 0.0000000 0.0848291 0.0766307 0.1180843 0.1237490 0.1106257 0.0823401 0.0378317 0.1006031 0.1282359 0.1313545 0.0981896 0.0963886 0.1253930 0.1413695 0.1320418 0.0895290 0.1246879 0.1306985 0.1116759 0.1222528 0.0785098 0.0816763 0.0815225 0.1356374 0.1900330 0.1103459 0.1356442 0.1068032 0.0680856 0.1017229 0.0740374 0.0759440 0.0781499 0.0744352 0.1083343 0.0971311 0.1158459 0.1102267 0.1138280 0.1171233 0.0819546 0.1189531 0.1093146 0.0940024 0.1221350 0.1009100 0.1195869 0.0819831 0.1973616 0.0826938 0.1145974 0.0926313 0.1041272 0.2072016 0.0715854 0.2074503 0.0957091 0.1014977 0.1221691 0.0812248 0.0884709 0.2043611 0.0893844 0.0848676 0.0906902 0.1080520 0.1086807 0.1090267 0.1358386 0.1230119 0.1275696 0.1215394 0.1282474 0.1237602 0.0763695 0.1083962 0.0922296 0.0821587 0.0928406 0.0701736 0.0796534 0.1116555 0.0920949 0.1163018 0.0868527 0.0753894 0.1251640 0.0874043 0.0788322 0.1308632 0.0841710 0.1305587 0.0654423 0.0830225 0.0698859 
S0400       0.7371673 0.6617172 0.7590002 0.1042932 0.1047120 0.0688286 0.0598766 0.0823240 0.1322157 0.1144698 0.0152044 0.1130299 0.0960134 0.0153451 0.0502610 0.1573803 0.1326887 0.1355882 0.1260649 0.1339272 0.1243790 0.0976436 0.1059178 0.0848291 0.0000000 0.0207699 0.1321623 0.0830501 0.1175563 0.0797790 0.0956115 0.1138018 0.1334047 0.1276475 0.1053619 0.0764436 0.1319096 0.1507568 0.1394715 0.0540410 0.0495404 0.1333865 0.1074186 0.1352317 0.0730606 0.0115971 0.0937970 0.1358973 0.1885049 0.0829551 0.1359042 0.1015292 0.0396119 0.1157425 0.0841578 0.0205466 0.0818548 0.0866251 0.1197136 0.1075515 0.1090863 0.1134722 0.1194387 0.0983726 0.0965673 0.1179782 0.1139503 0.1146322 0.1516685 0.1105565 0.0553784 0.0971430 0.2052430 0.0913851 0.1206647 0.1180531 0.1228231 0.1971675 0.0794053 0.2066372 0.1221193 0.1085413 0.1237675 0.0691806 0.1218161 0.2092628 0.0278418 0.0973619 0.1059185 0.1154250 0.1113676 0.1146641 0.1232873 0.1128547 0.1423197 0.1173104 0.1334200 0.1289589 0.0170794 0.1119730 0.0945174 0.0976793 0.0300281 0.0084323 0.0700980 0.1276756 0.0677733 0.1102951 0.0956255 0.0904378 0.1293034 0.0816290 0.0825682 0.1511057 0.0972709 0.1387212 0.0155006 0.0961979 0.0571628 
S0405       0.7240844 0.6563341 0.7577591 0.0974333 0.1010011 0.0643338 0.0577630 0.0730671 0.1269020 0.1152921 0.0189388 0.1079435 0.0916589 0.0191166 0.0506256 0.1574535 0.1229395 0.1279934 0.1266064 0.1240771 0.1189605 0.0964574 0.1033845 0.0766307 0.0207699 0.0000000 0.1219696 0.0726435 0.1094226 0.0735827 0.0873249 0.1069312 0.1234131 0.1222370 0.1078543 0.0746575 0.1331905 0.1337895 0.1374188 0.0505963 0.0538629 0.1256106 0.0978552 0.1332041 0.0690885 0.0240017 0.0831340 0.1258469 0.1824835 0.0745222 0.1260352 0.0951335 0.0339042 0.1137677 0.0717017 0.0206844 0.0694870 0.0740640 0.1151908 0.0965648 0.1095440 0.1087311 0.1174422 0.0988149 0.0922995 0.1175585 0.1192168 0.1126553 0.1520644 0.1154052 0.0471709 0.0844674 0.1936185 0.0842341 0.1154010 0.1193400 0.1291317 0.1956273 0.0671498 0.1946809 0.1222831 0.1050572 0.1184367 0.0653202 0.1150859 0.1944859 0.0317134 0.0932226 0.0987058 0.1102977 0.1093946 0.1101111 0.1217819 0.1109705 0.1402618 0.1152946 0.1236076 0.1192135 0.0171943 0.1072157 0.0901478 0.0902386 0.0339861 0.0119855 0.0636487 0.1353255 0.0638886 0.1051716 0.0892675 0.0840516 0.1298621 0.0776032 0.0700859 0.1439176 0.0845767 0.1366766 0.0087390 0.0875657 0.0533752 
S0407sl     0.7237359 0.6420659 0.7684042 0.1455116 0.1456289 0.1591900 0.1322736 0.0870414 0.0660916 0.1563311 0.1293935 0.0527148 0.1234566 0.1283167 0.1644761 0.0751445 0.1576381 0.1524578 0.0660823 0.1643712 0.0648498 0.1363802 0.1421242 0.1180843 0.1321623 0.1219696 0.0000000 0.1431100 0.0498176 0.1104477 0.1390981 0.0427188 0.1533649 0.0685474 0.1529413 0.1461682 0.1546807 0.1684933 0.0774547 0.1440126 0.1819513 0.0685999 0.0764465 0.1102813 0.1107380 0.1313999 0.1102314 0.1585196 0.2207216 0.1477695 0.1612157 0.1322258 0.1194518 0.1562366 0.1061317 0.1315089 0.1105714 0.1087279 0.1511751 0.1200448 0.0787104 0.1414308 0.0922531 0.0710934 0.1332924 0.1461294 0.1630595 0.1447847 0.1906067 0.1464320 0.1597968 0.1313500 0.2246643 0.1281292 0.1478727 0.1544910 0.1625172 0.2178200 0.1032749 0.2265243 0.1635898 0.1386487 0.1462579 0.1346259 0.1344522 0.2232816 0.1473775 0.1461684 0.1259267 0.0469393 0.0853231 0.0883377 0.1620755 0.0823806 0.0772533 0.1404285 0.1585509 0.1538564 0.1320627 0.1396128 0.1339922 0.1328705 0.1444152 0.1229326 0.1443542 0.1716583 0.1361048 0.0750495 0.1148281 0.1155643 0.0682989 0.1429792 0.1162314 0.0336708 0.1315360 0.1103823 0.1049927 0.1173263 0.1231838 
S0412sl     0.7125805 0.7001184 0.8837671 0.1196372 0.1292474 0.0965116 0.0672643 0.0921145 0.1450621 0.1458847 0.0800333 0.1403592 0.1227624 0.0863848 0.0964406 0.1805485 0.1615813 0.1549084 0.1442347 0.1663532 0.1332428 0.1277954 0.1327627 0.1237490 0.0830501 0.0726435 0.1431100 0.0000000 0.1192025 0.1149647 0.1190130 0.1326828 0.1552577 0.1458980 0.1239803 0.0806139 0.1635443 0.1549710 0.1510421 0.0854999 0.0881192 0.1461895 0.1261010 0.1632557 0.0848518 0.0858908 0.1251970 0.1661038 0.1907783 0.0649541 0.1582289 0.1125691 0.0697314 0.1273862 0.1061529 0.0880007 0.1090900 0.1129321 0.1108857 0.1454401 0.1391739 0.1656497 0.1419041 0.1095943 0.1350598 0.1625313 0.1347050 0.1229581 0.1577838 0.1140521 0.1176803 0.1306399 0.2012590 0.1242537 0.1567432 0.1112479 0.1104122 0.1914932 0.1033179 0.1855777 0.1342420 0.1128324 0.1716081 0.0899385 0.1357904 0.1941853 0.1028597 0.0937130 0.1105838 0.1328591 0.1308104 0.1247805 0.1559574 0.1409786 0.1516582 0.1475199 0.1595206 0.1595140 0.0741179 0.1633857 0.1159429 0.1080246 0.0959903 0.0749496 0.0776099 0.1656295 0.0868560 0.1288581 0.1122804 0.1000977 0.1539021 0.0753407 0.1132994 0.1607281 0.1371274 0.1501150 0.0707955 0.1215778 0.0765949 
S0417       0.7322010 0.6071891 0.7401304 0.1157686 0.1067492 0.1389141 0.1109932 0.0590367 0.0499148 0.1343660 0.1195816 0.0478671 0.0986114 0.1136724 0.1393282 0.0629620 0.1259546 0.1175296 0.0520101 0.1289116 0.0405635 0.1061913 0.1143048 0.1106257 0.1175563 0.1094226 0.0498176 0.1192025 0.0000000 0.0848107 0.1214733 0.0276684 0.1166601 0.0464342 0.1285597 0.1275950 0.1160582 0.1391068 0.0543818 0.1313705 0.1632150 0.0542987 0.0609410 0.0790324 0.0985177 0.1242698 0.0925690 0.1240482 0.2035108 0.1211836 0.1291537 0.1134863 0.0888297 0.1299154 0.0752492 0.1169743 0.0849109 0.0854628 0.1200593 0.1020238 0.0673534 0.1141671 0.0647413 0.0648179 0.1065163 0.1165009 0.1331734 0.1139356 0.1518633 0.1235334 0.1411388 0.1117406 0.2055658 0.1063070 0.1149664 0.1247890 0.1273817 0.1983833 0.0780238 0.2090592 0.1325718 0.1079892 0.1154856 0.1022780 0.1196912 0.2031924 0.1276378 0.1218410 0.1031829 0.0246901 0.0583215 0.0628901 0.1321333 0.0646413 0.0521774 0.1135590 0.1266570 0.1187762 0.1174623 0.1123135 0.1038913 0.1106231 0.1269399 0.1060965 0.1144720 0.1435917 0.1128514 0.0529414 0.0936649 0.0883978 0.0587364 0.1120716 0.0901306 0.0584700 0.1118975 0.0837800 0.0888119 0.0991531 0.0949607 
S0419       0.6926033 0.7015889 0.7766977 0.0741868 0.0912493 0.0974323 0.0825193 0.0203219 0.1119280 0.0934296 0.0836536 0.0879230 0.0668212 0.0802328 0.1025296 0.1343032 0.0835517 0.0868275 0.1138251 0.0886614 0.1043544 0.0753734 0.0757729 0.0823401 0.0797790 0.0735827 0.1104477 0.1149647 0.0848107 0.0000000 0.0774656 0.0728936 0.0837549 0.1015929 0.0800870 0.1089405 0.0933346 0.0901294 0.1197458 0.0911256 0.1209701 0.1084689 0.0880185 0.1195838 0.0732242 0.0852912 0.0527470 0.0859555 0.1838642 0.1006143 0.0861699 0.0821727 0.0607992 0.0953138 0.0135949 0.0856631 0.0101046 0.0136131 0.0888937 0.0609033 0.0973443 0.0876226 0.1012881 0.0949460 0.0648431 0.0862483 0.0961263 0.0899663 0.1086761 0.0992385 0.1070248 0.0607130 0.1821543 0.0771179 0.0955601 0.0975662 0.0998226 0.1724781 0.0117710 0.1944028 0.1078244 0.0855810 0.0959723 0.0765577 0.0949781 0.1914035 0.0949942 0.0968498 0.0732477 0.0875755 0.0936197 0.0989270 0.0865202 0.0965520 0.1121442 0.0787365 0.0883283 0.0865945 0.0816912 0.0858108 0.0799974 0.0613400 0.1007421 0.0714929 0.0827690 0.1034296 0.0880724 0.1052726 0.0667602 0.0656604 0.1131351 0.0969513 0.0171363 0.1205297 0.0607881 0.1149195 0.0697194 0.0643520 0.0820954 
S0427       0.7022795 0.6785455 0.7685042 0.1143451 0.1230471 0.1209154 0.0891340 0.0620770 0.1360374 0.1218066 0.0931014 0.1090147 0.1124717 0.0874630 0.1056882 0.1628937 0.1230517 0.1318188 0.1308152 0.1338159 0.1304289 0.1035440 0.1026154 0.0378317 0.0956115 0.0873249 0.1390981 0.1190130 0.1214733 0.0774656 0.0000000 0.1189371 0.1284827 0.1453334 0.1101204 0.0986133 0.1295430 0.1451086 0.1375602 0.1036644 0.1390856 0.1367241 0.1189629 0.1373300 0.0777123 0.1022030 0.0851661 0.1309459 0.1959583 0.1096247 0.1261493 0.1207636 0.0807854 0.1139836 0.0775583 0.0864625 0.0774899 0.0779716 0.1058971 0.0940617 0.1291700 0.1243454 0.1307645 0.1296351 0.0943295 0.1171098 0.1219069 0.1058797 0.1378992 0.1133082 0.1284165 0.0858277 0.1997718 0.1103879 0.1229312 0.1047779 0.1190759 0.2102214 0.0750869 0.2073017 0.1104433 0.1078525 0.1331672 0.0920161 0.0879497 0.1996261 0.1003069 0.0932558 0.0965787 0.1211546 0.1223260 0.1257842 0.1311293 0.1329844 0.1371241 0.1312858 0.1237204 0.1240677 0.0847032 0.1225332 0.1066326 0.1038686 0.1039842 0.0806142 0.0756581 0.1273254 0.1072876 0.1243845 0.0985284 0.0868636 0.1280483 0.1007991 0.0866348 0.1524559 0.0902738 0.1372619 0.0789881 0.0860916 0.0896724 
S0428sl     0.5972307 0.6097016 0.7380457 0.1044211 0.0924737 0.1537641 0.1094966 0.0791396 0.0462053 0.1377138 0.1177154 0.0501214 0.0954630 0.1148756 0.1249941 0.0666378 0.1145721 0.1162934 0.0544366 0.1247382 0.0384292 0.1097839 0.1029041 0.1006031 0.1138018 0.1069312 0.0427188 0.1326828 0.0276684 0.0728936 0.1189371 0.0000000 0.1145721 0.0427362 0.1109026 0.1393880 0.1154399 0.1158914 0.0428227 0.1233499 0.1169634 0.0712627 0.0421173 0.0704749 0.0889067 0.1144472 0.0858794 0.1195957 0.1438663 0.1240602 0.1198175 0.1205560 0.0995223 0.1362932 0.0729282 0.1218205 0.0770042 0.0779379 0.1106524 0.0947599 0.0497584 0.1344656 0.0656000 0.0440420 0.0992401 0.1208519 0.1427711 0.1198231 0.1902414 0.1311487 0.1224814 0.0989105 0.1647084 0.0902621 0.1332188 0.1292589 0.1282478 0.1661916 0.0689737 0.1571545 0.1514925 0.0911930 0.1295609 0.1172152 0.1344540 0.1638842 0.1319297 0.1294190 0.0899779 0.0273628 0.0494332 0.0494862 0.1300559 0.0490909 0.0757327 0.1056678 0.1232714 0.1200922 0.1227147 0.1256596 0.0998142 0.0977672 0.1342799 0.1046159 0.1216986 0.1560002 0.1204730 0.0495115 0.0910448 0.0921372 0.0634416 0.1139816 0.0908095 0.0749615 0.0991653 0.0670525 0.1082399 0.0862754 0.0995625 
S0430       0.7245062 0.6924166 0.7952754 0.1305890 0.1671111 0.1523738 0.1341406 0.0839098 0.1566906 0.1452591 0.1353079 0.1380271 0.1144351 0.1318893 0.1575327 0.1865581 0.0083557 0.0733596 0.1497665 0.0118434 0.1528835 0.1310506 0.1219101 0.1282359 0.1334047 0.1234131 0.1533649 0.1552577 0.1166601 0.0837549 0.1284827 0.1145721 0.0000000 0.1446699 0.1271022 0.1608349 0.0812957 0.0153264 0.1612721 0.1590873 0.1750758 0.1511254 0.1187942 0.1633562 0.1271746 0.1395712 0.1150368 0.0083860 0.2134965 0.1637490 0.0100924 0.1373847 0.1100591 0.1336852 0.0862379 0.1327404 0.0858194 0.0820248 0.1395891 0.1250463 0.1312655 0.0870542 0.1465866 0.1355079 0.1088218 0.0616537 0.1391569 0.1267416 0.1572797 0.1359392 0.1556567 0.1140540 0.2208572 0.1227240 0.0864822 0.1391942 0.1470582 0.2029024 0.0790071 0.2283471 0.1478001 0.1379136 0.0802759 0.1200355 0.1345308 0.2172288 0.1437824 0.1471257 0.1253658 0.1275241 0.1409410 0.1440851 0.0152972 0.1288926 0.1506435 0.0684338 0.0083894 0.0084313 0.1297459 0.0853463 0.1258838 0.1150078 0.1484769 0.1186333 0.1245852 0.1674267 0.1496151 0.1421441 0.1186279 0.1014049 0.1417721 0.1497858 0.0909848 0.1595298 0.1142111 0.1691807 0.1239775 0.1127470 0.1291668 
