116
CRNC          0.0000000 0.2939079 0.3135225 0.4820930 0.4970204 0.4474659 0.4224874 0.4105482 0.4111809 0.4235566 0.4246729 0.4828143 0.4230432 0.4381495 0.4999917 0.4203903 0.4518782 0.4091047 0.4440646 0.4360626 0.4184353 0.4367013 0.4822866 0.5002418 0.4301317 0.4586767 0.4075779 0.4271096 0.4227665 0.4184732 0.4281195 0.4182023 0.4796781 0.4628840 0.4378950 0.4742782 0.4781670 0.4320563 0.3954328 0.4174367 0.4447652 0.4811680 0.4317544 0.4503515 0.4253062 0.4460567 0.4265514 0.3588480 0.4569864 0.4248704 0.4023136 0.4867447 0.4194290 0.4126205 0.4304098 0.4860562 0.4106634 0.4223566 0.4427554 0.3914062 0.4503428 0.4877187 0.4143567 0.4406690 0.5801405 0.4361229 0.4608811 0.4219215 0.4196299 0.4917124 0.4561792 0.4470817 0.4407281 0.4219885 0.4341750 0.4027205 0.4377380 0.4258036 0.4519057 0.4342259 0.4311692 0.4667238 0.4286760 0.4593434 0.4468965 0.4673485 0.4228751 0.4346397 0.4386715 0.4050803 0.3718440 0.4354293 0.4382721 0.4930810 0.4297634 0.4734137 0.4100027 0.4386705 0.4540360 0.4578813 0.3821096 0.3950458 0.4259040 0.3987470 0.4009893 0.5089861 0.4492668 0.4301191 0.4254075 0.4154916 0.4199935 0.4284196 0.4137177 0.4657265 0.4336983 0.4355991 
HYZL          0.2939079 0.0000000 0.1082622 0.3631079 0.3446902 0.3143728 0.3180067 0.3580187 0.3052985 0.3720319 0.3475001 0.3240388 0.3761011 0.3786489 0.3552663 0.3790109 0.3565007 0.3395721 0.3940053 0.3851012 0.3147830 0.3974670 0.3880372 0.4141775 0.2955340 0.2987198 0.3827550 0.3553801 0.3384199 0.3428385 0.3379316 0.3537051 0.3939140 0.3876098 0.3724404 0.2991558 0.2638099 0.4024118 0.3717876 0.3681116 0.3800568 0.3283418 0.3514470 0.3381021 0.3125433 0.3607211 0.3325978 0.4145113 0.3114784 0.3525248 0.3247312 0.3267526 0.3298303 0.3277847 0.3460969 0.4066260 0.3698643 0.3482616 0.3848895 0.3535777 0.3473038 0.4112276 0.3412185 0.3558318 0.5055385 0.3479539 0.2502672 0.3678842 0.3234172 0.3799583 0.3582372 0.3945989 0.3604337 0.3575880 0.3303437 0.3287836 0.3287646 0.3713685 0.3604224 0.3713656 0.3309835 0.3602088 0.3061900 0.3013935 0.3679098 0.3428311 0.3634870 0.3670903 0.3802295 0.3205488 0.3342024 0.3726360 0.3509730 0.4048693 0.3320379 0.3440251 0.3228148 0.3598371 0.3761240 0.3245059 0.2824586 0.3220259 0.3649695 0.3282801 0.3627307 0.4195658 0.3857607 0.3897729 0.3620271 0.3369502 0.4115756 0.3738912 0.3818822 0.3114151 0.3745327 0.3511252 
MYZV          0.3135225 0.1082622 0.0000000 0.3939468 0.3618702 0.3252439 0.3597426 0.3752730 0.3419072 0.3635365 0.4043491 0.3509028 0.3741777 0.3874275 0.3931916 0.3950597 0.3636059 0.3560796 0.4363652 0.3796881 0.3398153 0.3769348 0.4157793 0.4451971 0.3218140 0.3305164 0.3849333 0.3567812 0.3904815 0.3663195 0.3641736 0.3744012 0.4159156 0.3868851 0.3752619 0.3469102 0.2834585 0.4050203 0.3746882 0.3824240 0.3740847 0.3609318 0.3891806 0.3643530 0.3806245 0.3870766 0.3585159 0.3205438 0.3453433 0.3676720 0.3753898 0.3590674 0.3730339 0.3791457 0.3592899 0.4247202 0.3751397 0.3482378 0.4011528 0.3607959 0.3671651 0.4119419 0.3646023 0.3813603 0.5286665 0.3824128 0.2433758 0.3950095 0.3791464 0.4317082 0.3766132 0.4024053 0.3665674 0.3650747 0.3910898 0.3785227 0.3851625 0.3792400 0.3737804 0.3800023 0.3556977 0.3903971 0.3732584 0.3402438 0.3997880 0.3722129 0.3799208 0.3940227 0.4062592 0.3514660 0.3236695 0.3914349 0.3807443 0.4332624 0.3612023 0.3769420 0.3390158 0.3880884 0.3753518 0.3378628 0.3045588 0.3484746 0.3786179 0.3503079 0.3488816 0.4318707 0.3946469 0.3801731 0.3887197 0.3897507 0.4282824 0.4013402 0.3966352 0.3427016 0.4064876 0.3813305 
SRR6441723    0.4820930 0.3631079 0.3939468 0.0000000 0.0735218 0.1519759 0.2539280 0.1372314 0.0868211 0.1554456 0.1249857 0.1446817 0.1606995 0.1068584 0.1682000 0.1385111 0.1469684 0.1260454 0.1588571 0.1529070 0.1338863 0.1602714 0.0525914 0.1654016 0.1183178 0.1288404 0.1240437 0.1315211 0.1110468 0.1134873 0.1365470 0.1078241 0.1470423 0.1529263 0.1483779 0.1295036 0.1046124 0.1404836 0.1373483 0.1471941 0.1290830 0.1326817 0.1178291 0.1482233 0.1671807 0.1325360 0.1326577 0.1291373 0.1410567 0.0831736 0.1081809 0.1410944 0.1083734 0.1099530 0.1343752 0.1525564 0.1372021 0.1326181 0.1339644 0.1506499 0.0972850 0.1700542 0.1111130 0.1125837 0.1801831 0.1073391 0.1161674 0.1466949 0.1468672 0.1409524 0.1412161 0.1522780 0.1270253 0.1174432 0.1486253 0.1012358 0.1422079 0.1286070 0.0795576 0.1462358 0.1212519 0.1093777 0.1499000 0.1260809 0.1307262 0.0933146 0.1475420 0.1339496 0.1399918 0.1278164 0.1425267 0.1477719 0.1583820 0.1819250 0.1360743 0.1322316 0.1196545 0.0344124 0.1018345 0.1387534 0.0996999 0.1228918 0.1038906 0.1203700 0.1350192 0.1429897 0.1134357 0.1478472 0.1216182 0.1101894 0.1501262 0.1380069 0.1490546 0.1339548 0.1379719 0.1123298 
ERR4210213    0.4970204 0.3446902 0.3618702 0.0735218 0.0000000 0.1646762 0.2446768 0.1228024 0.0896628 0.1535236 0.1440488 0.1282684 0.1461779 0.0951093 0.1793733 0.1361099 0.1353577 0.1375727 0.1674421 0.1586008 0.1331946 0.1394563 0.0047281 0.2459532 0.1289513 0.1293214 0.1242615 0.1545917 0.1152929 0.1341701 0.1338883 0.1353806 0.1766420 0.1298885 0.1262178 0.1343526 0.1216309 0.1754241 0.1499285 0.1720767 0.1208368 0.1499515 0.1506976 0.1281014 0.1578592 0.1370256 0.1208846 0.0000010 0.1351027 0.1096838 0.1154503 0.1587213 0.1141012 0.1035272 0.1512406 0.1717027 0.1326577 0.1500796 0.1513766 0.1503900 0.1070358 0.1853904 0.1372114 0.1207492 0.4371491 0.1286375 0.1636245 0.1841568 0.1443698 0.1766994 0.1589479 0.1384157 0.1145050 0.1103718 0.1344851 0.1078888 0.1422873 0.1435018 0.0571754 0.1493364 0.1287326 0.1094382 0.1410289 0.1349758 0.1330160 0.1148818 0.1269070 0.1491636 0.1563634 0.1407823 0.1471985 0.1515256 0.1414508 0.2273083 0.1338883 0.1350296 0.1232435 0.0258200 0.0963598 0.1452786 0.0981574 0.1354351 0.1158520 0.1228486 0.1586497 0.1091141 0.0957466 0.1504278 0.1270398 0.1118333 0.1461003 0.1841568 0.1596161 0.1361842 0.1841568 0.1061374 
ERR2789774    0.4474659 0.3143728 0.3252439 0.1519759 0.1646762 0.0000000 0.2544907 0.1004763 0.0879597 0.1094236 0.0918152 0.0576647 0.1273976 0.1003061 0.0820996 0.0989026 0.1375680 0.1247334 0.1376640 0.1131123 0.1051530 0.1057449 0.1541341 0.1252190 0.0478255 0.0552002 0.1238823 0.0977391 0.0871511 0.0739199 0.1186391 0.0975046 0.0882410 0.1175984 0.1057541 0.0550594 0.0491993 0.1239342 0.1123227 0.1024637 0.0850343 0.0463252 0.0959303 0.1053222 0.1405942 0.0836334 0.1109343 0.1091937 0.0576176 0.0905854 0.0895337 0.0672548 0.0896905 0.0858162 0.1036963 0.1324436 0.0974538 0.1095197 0.1070497 0.1237518 0.1023794 0.1544515 0.0928648 0.1002576 0.1836235 0.0868089 0.0912368 0.1204573 0.1397315 0.1313435 0.1174031 0.1245024 0.1158802 0.1064005 0.1355589 0.0801621 0.1313251 0.1056170 0.1357143 0.1175974 0.0845610 0.1030701 0.1448601 0.0571816 0.0925922 0.0950192 0.1141585 0.1004772 0.1050148 0.1132833 0.1180981 0.1093809 0.1345521 0.1584717 0.1154480 0.0551162 0.0881927 0.1290315 0.1060665 0.0573464 0.0330857 0.0850548 0.1111240 0.0716095 0.0880827 0.1315883 0.1122097 0.1110415 0.0843938 0.0885827 0.1163876 0.1177545 0.1091902 0.0486617 0.1233106 0.0759182 
PAFTOL_019361 0.4224874 0.3180067 0.3597426 0.2539280 0.2446768 0.2544907 0.0000000 0.2401807 0.1970787 0.2393691 0.2018377 0.2489593 0.2440163 0.2126238 0.2850037 0.2444812 0.2442264 0.2187654 0.2548836 0.2330864 0.2192924 0.2362741 0.2452433 0.2565185 0.2293909 0.2390640 0.2381321 0.2387855 0.1968311 0.1887154 0.2301723 0.2032134 0.2604418 0.2294680 0.2525439 0.2391736 0.2057635 0.2534983 0.2288348 0.2162363 0.2300646 0.2434958 0.1947723 0.2145434 0.1733064 0.2412185 0.2161166 0.2184997 0.2479895 0.1990781 0.1897297 0.2551329 0.2002003 0.1831764 0.2163268 0.2084799 0.2355897 0.2140984 0.2034058 0.2581190 0.1876975 0.2623748 0.2142342 0.2138776 0.3123633 0.1946810 0.1908791 0.2159595 0.1619394 0.2478245 0.2186415 0.2190328 0.2310174 0.2092365 0.1638072 0.1951773 0.1639866 0.2326268 0.2403060 0.2167276 0.2250898 0.2086875 0.1713546 0.2365416 0.2214176 0.1827653 0.2434553 0.2205067 0.2231683 0.2135198 0.2487798 0.2560713 0.2453543 0.2811778 0.2212048 0.2362870 0.1899299 0.2327003 0.2010394 0.2340763 0.1944734 0.2085852 0.2016843 0.2068856 0.2300952 0.2439750 0.2151248 0.2294169 0.2159917 0.1903139 0.2536998 0.2055442 0.2152168 0.2322617 0.2125049 0.2159419 
S0055         0.4105482 0.3580187 0.3752730 0.1372314 0.1228024 0.1004763 0.2401807 0.0000000 0.0496755 0.1056657 0.0733921 0.0804178 0.1154142 0.0843257 0.1084560 0.0780287 0.1170753 0.0978016 0.1078349 0.0967294 0.0913135 0.1079597 0.1386082 0.0913431 0.0759684 0.0800137 0.1128722 0.0912818 0.0599477 0.0506600 0.0881773 0.0702632 0.0902593 0.1108588 0.1053847 0.0773895 0.0329314 0.1066004 0.0957852 0.0888680 0.0580729 0.0768169 0.0694232 0.0987223 0.1253654 0.0807335 0.0857107 0.0984623 0.0849853 0.0599198 0.0575587 0.0924300 0.0577994 0.0560951 0.0733010 0.1006995 0.0953316 0.0892838 0.0938108 0.1043570 0.0815898 0.1317271 0.0754463 0.0824733 0.1444203 0.0675888 0.0565711 0.0721610 0.1163950 0.1107842 0.0886373 0.0934833 0.0896806 0.0705454 0.1153982 0.0534682 0.1111025 0.0792856 0.1294127 0.0879144 0.0573611 0.0767837 0.1184313 0.0819022 0.0572399 0.0692144 0.1003756 0.0918160 0.0970939 0.0860609 0.1071222 0.1009155 0.1043472 0.1228772 0.0875302 0.0766825 0.0757104 0.1166014 0.0895950 0.0817595 0.0481887 0.0200284 0.0890197 0.0453791 0.0932193 0.1190511 0.0977669 0.0937414 0.0437196 0.0583744 0.1035379 0.0698099 0.1001125 0.0810613 0.0746027 0.0483057 
S0196sl       0.4111809 0.3052985 0.3419072 0.0868211 0.0896628 0.0879597 0.1970787 0.0496755 0.0000000 0.0917903 0.0214577 0.0722525 0.0791010 0.0557962 0.0755719 0.0694635 0.1046985 0.0596552 0.0701747 0.0775221 0.0536915 0.0844143 0.1116780 0.0409660 0.0594743 0.0654729 0.0867453 0.0630686 0.0104793 0.0354079 0.0538394 0.0476309 0.0592889 0.0591578 0.0816543 0.0688984 0.0329426 0.0887940 0.0791885 0.0772753 0.0497300 0.0632593 0.0305021 0.0693923 0.0813325 0.0537059 0.0599381 0.0805446 0.0753375 0.0358769 0.0077959 0.0746339 0.0052091 0.0079192 0.0570198 0.0472652 0.0754585 0.0494719 0.0734159 0.0980037 0.0527003 0.0666782 0.0419726 0.0568902 0.0357865 0.0329253 0.0610547 0.0438606 0.0817079 0.0760070 0.0385286 0.0548450 0.0595057 0.0417664 0.0729244 0.0052497 0.0750735 0.0502872 0.1029509 0.0413390 0.0443971 0.0528235 0.0906173 0.0622191 0.0470761 0.0379309 0.0808932 0.0776182 0.0776252 0.0506563 0.0917432 0.0836449 0.0845850 0.0563714 0.0534590 0.0591986 0.0339114 0.0734898 0.0561698 0.0656360 0.0396284 0.0440293 0.0557465 0.0489479 0.0757092 0.0630281 0.0658325 0.0774148 0.0440924 0.0078975 0.0829571 0.0352611 0.0784366 0.0663457 0.0381022 0.0439530 
S0278         0.4235566 0.3720319 0.3635365 0.1554456 0.1535236 0.1094236 0.2393691 0.1056657 0.0917903 0.0000000 0.0998579 0.1124958 0.0356523 0.0947401 0.1467106 0.1072344 0.0528223 0.1063498 0.1134475 0.0438354 0.1044839 0.0601422 0.1511385 0.1330842 0.1066929 0.1146020 0.0600611 0.1026871 0.1001208 0.0872337 0.1015038 0.0873150 0.0986916 0.1136074 0.0442105 0.1008022 0.0776778 0.0466553 0.0515182 0.0674894 0.0901576 0.0975612 0.1041545 0.0958997 0.1519364 0.0879247 0.0989715 0.0849662 0.1119264 0.0878933 0.0974057 0.1199817 0.0950940 0.0989434 0.1039317 0.1346135 0.0467951 0.0924656 0.0637855 0.0576120 0.1101451 0.1315727 0.0902788 0.0949103 0.1842528 0.0819787 0.0972550 0.1228258 0.1446012 0.1276885 0.1053309 0.1069803 0.0920767 0.0927772 0.1408363 0.0904503 0.1310725 0.1028645 0.1219208 0.1033075 0.0950137 0.0945493 0.1473504 0.1085299 0.0905384 0.0892405 0.0532159 0.0628927 0.0700092 0.0984943 0.0629670 0.0316005 0.1217489 0.1406025 0.1007557 0.1117942 0.0940982 0.1366045 0.1111386 0.1083310 0.0779551 0.0804456 0.0982961 0.0881448 0.0378863 0.1346209 0.1172197 0.0373690 0.0828341 0.1017510 0.0539324 0.1147438 0.0727625 0.1075229 0.1201418 0.0871653 
S0281         0.4246729 0.3475001 0.4043491 0.1249857 0.1440488 0.0918152 0.2018377 0.0733921 0.0214577 0.0998579 0.0000000 0.0868655 0.1011745 0.0640292 0.1224619 0.0821870 0.0911462 0.0639104 0.0808448 0.0912484 0.0776207 0.0997918 0.1294237 0.0934927 0.0631403 0.0815958 0.0872300 0.0694759 0.0247647 0.0539488 0.0746772 0.0690244 0.0739776 0.0817579 0.0920145 0.0814423 0.0626827 0.0956660 0.0953738 0.0814415 0.0737856 0.0692900 0.0320640 0.0825497 0.1013656 0.0724170 0.0722485 0.0821138 0.0892984 0.0444671 0.0268579 0.0944042 0.0291219 0.0229291 0.0794813 0.0558171 0.0845439 0.0671675 0.0779416 0.1037891 0.0661015 0.1086824 0.0669623 0.0715141 0.1469798 0.0568188 0.0667358 0.0636017 0.0973536 0.1018474 0.0721318 0.0815054 0.0836418 0.0690179 0.0931712 0.0206587 0.0896925 0.0814374 0.1209507 0.0743819 0.0660016 0.0662323 0.1021589 0.0886273 0.0712340 0.0374272 0.0864426 0.0736883 0.0761533 0.0722491 0.1069248 0.0920009 0.1017724 0.1027620 0.0692437 0.0792962 0.0595884 0.0941287 0.0668247 0.0884684 0.0514541 0.0638260 0.0658585 0.0610290 0.0799427 0.0889715 0.0746130 0.0886002 0.0636262 0.0251301 0.0941877 0.0565458 0.0872537 0.0825542 0.0588775 0.0635221 
S0282         0.4828143 0.3240388 0.3509028 0.1446817 0.1282684 0.0576647 0.2489593 0.0804178 0.0722525 0.1124958 0.0868655 0.0000000 0.1165424 0.0934582 0.0367447 0.0886870 0.1231514 0.1125378 0.1313019 0.1081501 0.1065289 0.0982881 0.1411409 0.1000721 0.0091049 0.0265613 0.1041286 0.0861338 0.0723195 0.0654331 0.1116802 0.0854605 0.0959443 0.1207913 0.1061955 0.0371535 0.0126392 0.1212218 0.1089184 0.1025848 0.0783641 0.0133843 0.0882988 0.1063108 0.1313166 0.0763211 0.1011312 0.1258660 0.0373044 0.0773463 0.0745854 0.0285761 0.0747112 0.0684712 0.1020136 0.1183326 0.1041727 0.1010193 0.1128434 0.1199031 0.0876638 0.1449435 0.0859205 0.0930585 0.1659634 0.0776963 0.0623201 0.1093525 0.1306486 0.1143194 0.1052964 0.1194284 0.1007907 0.0916189 0.1264957 0.0680568 0.1248185 0.1039578 0.1237344 0.1044653 0.0698965 0.0932544 0.1351127 0.0159449 0.0748691 0.0766176 0.1002882 0.1058571 0.1140000 0.1086511 0.1182238 0.1043521 0.1202806 0.1437108 0.1055469 0.0307736 0.0842352 0.1191207 0.0989410 0.0266298 0.0165848 0.0683679 0.0980978 0.0654350 0.0968174 0.1241157 0.1074543 0.1061171 0.0702278 0.0734541 0.1066343 0.1015105 0.1113104 0.0183191 0.1067470 0.0673917 
S0289         0.4230432 0.3761011 0.3741777 0.1606995 0.1461779 0.1273976 0.2440163 0.1154142 0.0791010 0.0356523 0.1011745 0.1165424 0.0000000 0.1018917 0.1552449 0.1195355 0.0469534 0.0996601 0.1114773 0.0443708 0.0988319 0.0536989 0.1470081 0.1424165 0.1011601 0.1215494 0.0551703 0.1037265 0.1043460 0.0960006 0.1011110 0.0903679 0.1126210 0.1128321 0.0494270 0.1180668 0.0791367 0.0424891 0.0542167 0.0723763 0.1072081 0.1011449 0.1059200 0.1085349 0.1440633 0.1085148 0.1038035 0.0808600 0.1164729 0.0826173 0.1013275 0.1243104 0.0965920 0.0999665 0.0985355 0.1248066 0.0472831 0.0881041 0.0771995 0.0583665 0.1114866 0.1252873 0.0883410 0.0986319 0.1830918 0.0854388 0.0828574 0.1304406 0.1405777 0.1284022 0.0913021 0.1019480 0.0931332 0.0888452 0.1354505 0.0944692 0.1231026 0.1042620 0.1381332 0.0986460 0.1048571 0.0960059 0.1391909 0.1124639 0.1020525 0.0672154 0.0539463 0.0635749 0.0734348 0.0950877 0.0610528 0.0318397 0.1292058 0.1343165 0.1003502 0.1186547 0.0869395 0.1383614 0.1155426 0.1122542 0.0810336 0.0944211 0.0973094 0.1007245 0.0337216 0.1362659 0.1190767 0.0333529 0.0940493 0.1060779 0.0571067 0.1248561 0.0751338 0.1173597 0.1276770 0.0956547 
S0292         0.4381495 0.3786489 0.3874275 0.1068584 0.0951093 0.1003061 0.2126238 0.0843257 0.0557962 0.0947401 0.0640292 0.0934582 0.1018917 0.0000000 0.1237690 0.0880702 0.0983188 0.0738593 0.0988769 0.0916826 0.0705309 0.0891568 0.0996947 0.0945194 0.0882262 0.0878620 0.0864969 0.0802654 0.0601468 0.0621640 0.0727176 0.0678428 0.0908800 0.0849272 0.0975646 0.0927483 0.0613349 0.0937706 0.0930781 0.0767588 0.0768334 0.0768454 0.0696724 0.0705509 0.0962427 0.0813403 0.0704960 0.0891416 0.1007151 0.0601295 0.0623582 0.1007309 0.0626032 0.0562788 0.0831789 0.0955831 0.0875212 0.0781773 0.0859919 0.1011364 0.0463944 0.1058826 0.0729807 0.0702433 0.1500209 0.0604877 0.0804730 0.0951034 0.0905734 0.0951019 0.0853383 0.0795208 0.0699021 0.0652668 0.0886885 0.0582497 0.0853479 0.0748263 0.0953514 0.0771843 0.0718123 0.0285173 0.0974784 0.0873211 0.0825488 0.0515519 0.0976879 0.0772086 0.0822932 0.0678692 0.1019286 0.0957519 0.0896812 0.1032772 0.0675805 0.0828196 0.0580066 0.0825240 0.0159451 0.0896467 0.0529637 0.0746725 0.0370568 0.0719755 0.0857303 0.0357308 0.0180893 0.0914858 0.0747598 0.0587232 0.0951054 0.0875669 0.0825379 0.0942746 0.0875484 0.0742008 
S0293         0.4999917 0.3552663 0.3931916 0.1682000 0.1793733 0.0820996 0.2850037 0.1084560 0.0755719 0.1467106 0.1224619 0.0367447 0.1552449 0.1237690 0.0000000 0.1115686 0.1294291 0.1160042 0.1589825 0.1441064 0.1330069 0.1324673 0.1645008 0.1307297 0.0101263 0.0544137 0.1131068 0.0973351 0.0983923 0.0929957 0.1453605 0.1170468 0.1182373 0.1471770 0.1393660 0.0565882 0.0562687 0.1471949 0.1444656 0.1378150 0.1087831 0.0364273 0.1174749 0.1323092 0.1632285 0.0974133 0.1328688 0.1419716 0.0536911 0.0837065 0.1012719 0.0464616 0.1011961 0.0941964 0.1311906 0.1500658 0.1397265 0.1354449 0.1330022 0.1441417 0.0988618 0.1794154 0.1208859 0.1138400 0.1969880 0.0991175 0.0830607 0.1460040 0.1622316 0.1383632 0.1399648 0.1518676 0.1384563 0.1247985 0.1608760 0.0937903 0.1552385 0.1257767 0.1442803 0.1294095 0.0901068 0.1200692 0.1607664 0.0365903 0.1017947 0.0842265 0.1373098 0.1385060 0.1451299 0.1384954 0.1532705 0.1362327 0.1453142 0.1608390 0.1375358 0.0543260 0.1121306 0.1361659 0.1273736 0.0470097 0.0381368 0.0937776 0.1227550 0.0820377 0.1311026 0.1635933 0.1300034 0.1387670 0.0954865 0.0972742 0.1365302 0.1365918 0.1423593 0.0372760 0.1428788 0.0951349 
S0294         0.4203903 0.3790109 0.3950597 0.1385111 0.1361099 0.0989026 0.2444812 0.0780287 0.0694635 0.1072344 0.0821870 0.0886870 0.1195355 0.0880702 0.1115686 0.0000000 0.1263141 0.1093985 0.1152134 0.1055988 0.1013841 0.1118597 0.1423046 0.1081608 0.0799872 0.0859617 0.1170888 0.0951013 0.0704474 0.0631043 0.1037039 0.0809496 0.0990679 0.1185881 0.0981146 0.0807243 0.0476011 0.1105173 0.1020091 0.0974213 0.0805969 0.0781986 0.0781125 0.1092556 0.1180283 0.0760005 0.1011135 0.1011569 0.0936925 0.0747079 0.0679450 0.0885957 0.0656764 0.0665642 0.0923681 0.1075699 0.0929498 0.0966592 0.1054001 0.1075317 0.0875097 0.1436301 0.0813826 0.0834251 0.1678077 0.0708324 0.0331595 0.0861892 0.1106001 0.1140146 0.1067733 0.1081663 0.0929808 0.0836889 0.1106954 0.0637750 0.1092327 0.0932943 0.1248915 0.1072945 0.0755992 0.0904945 0.1219962 0.0804927 0.0681882 0.0925854 0.1119405 0.0878695 0.0931522 0.0955784 0.1080105 0.1074156 0.1151281 0.1438330 0.1029259 0.0783008 0.0872064 0.1179899 0.0934647 0.0852267 0.0509060 0.0635575 0.0877932 0.0678903 0.0831641 0.1236797 0.0961082 0.1061965 0.0584173 0.0688917 0.1165591 0.0837174 0.1007886 0.0821166 0.0887698 0.0630568 
S0299         0.4518782 0.3565007 0.3636059 0.1469684 0.1353577 0.1375680 0.2442264 0.1170753 0.1046985 0.0528223 0.0911462 0.1231514 0.0469534 0.0983188 0.1294291 0.1263141 0.0000000 0.1128622 0.1290516 0.0497174 0.1061660 0.0552053 0.1538478 0.0962580 0.1115247 0.1293019 0.0537381 0.1030468 0.1000301 0.1001517 0.1094762 0.0971775 0.1033002 0.1266231 0.0459141 0.1259644 0.0802589 0.0713331 0.0657047 0.0768477 0.0919388 0.1094577 0.0931255 0.1136198 0.1273941 0.0984442 0.1095442 0.0975675 0.1224546 0.0972512 0.0990817 0.1282915 0.0930944 0.0979384 0.1012907 0.1073867 0.0588669 0.0973239 0.0782773 0.0768132 0.1097155 0.1208502 0.0938927 0.1070189 0.0936530 0.0904141 0.0867584 0.1065379 0.1170141 0.1344451 0.0974297 0.1054180 0.0897186 0.0940793 0.1285735 0.0904151 0.1170840 0.1064318 0.1258858 0.0977897 0.1144688 0.0913059 0.1298211 0.1172831 0.0963673 0.0828876 0.0611283 0.0799319 0.0799390 0.1060193 0.0839594 0.0415178 0.1327426 0.1089065 0.1057703 0.1213708 0.0950542 0.1394701 0.1161644 0.1208621 0.0866364 0.1006822 0.1014975 0.0980967 0.0588966 0.1207380 0.1242807 0.0523318 0.0996361 0.0976400 0.0597649 0.1032590 0.0807672 0.1197789 0.1065771 0.1059738 
S0303         0.4091047 0.3395721 0.3560796 0.1260454 0.1375727 0.1247334 0.2187654 0.0978016 0.0596552 0.1063498 0.0639104 0.1125378 0.0996601 0.0738593 0.1160042 0.1093985 0.1128622 0.0000000 0.0775742 0.1004301 0.0235423 0.1104522 0.1360484 0.0768179 0.1023335 0.1148818 0.1102143 0.0925859 0.0659913 0.0683676 0.0185715 0.0726357 0.1087129 0.0767063 0.1137856 0.1112869 0.0704603 0.0986266 0.1054310 0.1031147 0.0925241 0.0865520 0.0743037 0.0233076 0.1248827 0.0999361 0.0114212 0.0879477 0.1212924 0.0640391 0.0684258 0.1166702 0.0661540 0.0640971 0.0786036 0.0962868 0.0980105 0.0541184 0.1065569 0.1142933 0.0771122 0.0384967 0.0787909 0.0810514 0.0667479 0.0668349 0.0866661 0.0832060 0.1211654 0.0953451 0.0625759 0.0643169 0.0811711 0.0725758 0.1133150 0.0637788 0.1089164 0.0804095 0.1376186 0.0597739 0.0858444 0.0771889 0.1197707 0.1104083 0.0960314 0.0554782 0.1094629 0.1007702 0.1040662 0.0138129 0.1215477 0.1075840 0.1045649 0.0184634 0.0161956 0.1088487 0.0322001 0.1124555 0.0802713 0.1172367 0.0832533 0.0832388 0.0799444 0.0805561 0.0933035 0.1177325 0.0895774 0.1058134 0.0807873 0.0639313 0.1119727 0.0746730 0.1045175 0.1068843 0.0746554 0.0829754 
S0308         0.4440646 0.3940053 0.4363652 0.1588571 0.1674421 0.1376640 0.2548836 0.1078349 0.0701747 0.1134475 0.0808448 0.1313019 0.1114773 0.0988769 0.1589825 0.1152134 0.1290516 0.0775742 0.0000000 0.1011116 0.0841265 0.1130885 0.1701652 0.1253718 0.1152886 0.1221939 0.1139389 0.1256403 0.0789981 0.0913207 0.0787599 0.0946043 0.1286226 0.0836338 0.0949778 0.1249790 0.0944525 0.0968900 0.1081171 0.0991379 0.1073735 0.1111610 0.0870610 0.0940264 0.1465147 0.1209113 0.0812693 0.1174256 0.1222420 0.0813838 0.0763965 0.1366029 0.0767301 0.0775932 0.1039950 0.1233802 0.1053831 0.0507440 0.0938891 0.1146488 0.0992374 0.0836315 0.0951357 0.0921905 0.1839106 0.0870285 0.1101117 0.1114306 0.1254895 0.1319432 0.0481768 0.0695966 0.1084887 0.1033914 0.1203546 0.0721552 0.1187390 0.1000624 0.1542600 0.0529678 0.0999375 0.1014929 0.1361183 0.1214702 0.0927684 0.0904580 0.1111359 0.0916424 0.0971707 0.0735210 0.1239083 0.0943627 0.0988278 0.1093089 0.0781783 0.1223828 0.0412141 0.1344639 0.1014690 0.1243433 0.0898075 0.0999387 0.1017495 0.1008888 0.0974626 0.1390032 0.1100566 0.0928482 0.0947984 0.0802751 0.0991419 0.1034122 0.1005042 0.1212343 0.1087665 0.0940507 
S0320         0.4360626 0.3851012 0.3796881 0.1529070 0.1586008 0.1131123 0.2330864 0.0967294 0.0775221 0.0438354 0.0912484 0.1081501 0.0443708 0.0916826 0.1441064 0.1055988 0.0497174 0.1004301 0.1011116 0.0000000 0.1016264 0.0576492 0.1544573 0.1242895 0.0957269 0.1076170 0.0463158 0.0982650 0.0889462 0.0813316 0.1012574 0.0688720 0.1023742 0.1045979 0.0396529 0.1021502 0.0693702 0.0530156 0.0350212 0.0709863 0.0998850 0.0930936 0.0898694 0.1008356 0.1410594 0.0926794 0.0987344 0.0935812 0.0999195 0.0696295 0.0912574 0.1154838 0.0864867 0.0876725 0.0823181 0.1191945 0.0464044 0.0807881 0.0679223 0.0384900 0.0958806 0.1248783 0.0668706 0.0812667 0.1565769 0.0642558 0.0708668 0.1106480 0.1232237 0.1144808 0.0951538 0.0947251 0.0785908 0.0818223 0.1303241 0.0871138 0.1209757 0.0911199 0.1242183 0.0886518 0.0994318 0.0888109 0.1258527 0.1094379 0.0818191 0.0689431 0.0553098 0.0597537 0.0692947 0.0984970 0.0478183 0.0381242 0.1187472 0.1281184 0.0954234 0.1049015 0.0795850 0.1357689 0.1021170 0.1092394 0.0667957 0.0794910 0.0917829 0.0903168 0.0352056 0.1213746 0.1053609 0.0371650 0.0765009 0.0903621 0.0485050 0.1080829 0.0791550 0.1064420 0.1133475 0.0807450 
S0322         0.4184353 0.3147830 0.3398153 0.1338863 0.1331946 0.1051530 0.2192924 0.0913135 0.0536915 0.1044839 0.0776207 0.1065289 0.0988319 0.0705309 0.1330069 0.1013841 0.1061660 0.0235423 0.0841265 0.1016264 0.0000000 0.1102955 0.1293308 0.1071368 0.1060057 0.1055238 0.1163819 0.0900736 0.0664352 0.0706450 0.0120880 0.0673450 0.0977586 0.0863866 0.1074314 0.0999627 0.0693597 0.0979044 0.1060229 0.0989167 0.0884368 0.0898992 0.0765624 0.0202995 0.1141853 0.0957395 0.0225057 0.0843098 0.1141061 0.0645366 0.0663261 0.1163205 0.0640370 0.0647607 0.0775891 0.1010697 0.0942695 0.0663054 0.1017308 0.1132958 0.0714677 0.0619028 0.0726066 0.0694762 0.1517250 0.0598154 0.0870853 0.0846625 0.1111594 0.1018137 0.0709283 0.0777134 0.0770093 0.0722064 0.1046530 0.0619712 0.1032541 0.0743032 0.1296124 0.0706025 0.0785763 0.0761595 0.1126160 0.0995687 0.0949429 0.0587509 0.1130529 0.0890342 0.0944052 0.0120754 0.1129934 0.1031332 0.0891904 0.0431383 0.0141606 0.1057666 0.0464776 0.1131101 0.0761738 0.1024230 0.0769466 0.0763369 0.0761125 0.0812979 0.0876518 0.1073784 0.0841476 0.1011443 0.0766998 0.0648705 0.1113806 0.0771317 0.1081435 0.1048551 0.0771156 0.0835488 
S0327         0.4367013 0.3974670 0.3769348 0.1602714 0.1394563 0.1057449 0.2362741 0.1079597 0.0844143 0.0601422 0.0997918 0.0982881 0.0536989 0.0891568 0.1324673 0.1118597 0.0552053 0.1104522 0.1130885 0.0576492 0.1102955 0.0000000 0.1537365 0.1264613 0.0876358 0.1004751 0.0437563 0.0932050 0.0921583 0.0844324 0.1152737 0.0896626 0.1009915 0.1202638 0.0484995 0.1026969 0.0728957 0.0654992 0.0703565 0.0690693 0.0951598 0.0906002 0.0929642 0.1128392 0.1319796 0.0934585 0.1073859 0.0997678 0.0979141 0.0847621 0.0944948 0.1081730 0.0946560 0.0880812 0.1028749 0.1174264 0.0579166 0.0928063 0.0805950 0.0744081 0.0965334 0.1407634 0.0901473 0.1024200 0.1770288 0.0868075 0.0810748 0.1195893 0.1238174 0.1276510 0.1011051 0.1070781 0.0969912 0.0929582 0.1264811 0.0875958 0.1225676 0.1188640 0.1363669 0.1002665 0.0951791 0.0950808 0.1382534 0.0996520 0.0949514 0.0723556 0.0461492 0.0648840 0.0722282 0.1038047 0.0726692 0.0545369 0.1189069 0.1501004 0.1091548 0.0951453 0.0884197 0.1359616 0.0995114 0.0994730 0.0619670 0.0977460 0.0952763 0.0910174 0.0537202 0.1249096 0.1078908 0.0440428 0.0893801 0.0936400 0.0537725 0.1115986 0.0699134 0.0989409 0.1169355 0.0936875 
S0335         0.4822866 0.3880372 0.4157793 0.0525914 0.0047281 0.1541341 0.2452433 0.1386082 0.1116780 0.1511385 0.1294237 0.1411409 0.1470081 0.0996947 0.1645008 0.1423046 0.1538478 0.1360484 0.1701652 0.1544573 0.1293308 0.1537365 0.0000000 0.1624395 0.1323657 0.1376292 0.1327048 0.1464692 0.1184154 0.1146054 0.1319465 0.1150506 0.1549003 0.1520180 0.1480830 0.1317175 0.1121342 0.1538017 0.1474149 0.1421048 0.1328204 0.1320696 0.1310598 0.1376671 0.1764090 0.1404763 0.1286874 0.1393623 0.1432788 0.1045117 0.1208953 0.1433179 0.1211119 0.1119503 0.1442915 0.1600125 0.1369728 0.1348068 0.1388099 0.1484140 0.1017393 0.1708452 0.1184134 0.1232936 0.2055534 0.1145351 0.1406152 0.1579764 0.1570383 0.1410748 0.1548912 0.1503362 0.1312815 0.1163099 0.1573007 0.1134579 0.1479913 0.1361299 0.0729480 0.1453698 0.1320693 0.0996621 0.1584281 0.1282028 0.1323593 0.1039364 0.1480163 0.1311252 0.1370239 0.1316648 0.1499723 0.1464633 0.1614399 0.1664312 0.1259103 0.1344443 0.1160889 0.0315841 0.1005714 0.1436147 0.1019918 0.1274896 0.0998681 0.1200468 0.1444260 0.1342303 0.1096826 0.1512345 0.1261670 0.1176586 0.1430436 0.1515741 0.1401311 0.1329680 0.1490879 0.1079554 
S0376         0.5002418 0.4141775 0.4451971 0.1654016 0.2459532 0.1252190 0.2565185 0.0913431 0.0409660 0.1330842 0.0934927 0.1000721 0.1424165 0.0945194 0.1307297 0.1081608 0.0962580 0.0768179 0.1253718 0.1242895 0.1071368 0.1264613 0.1624395 0.0000000 0.0589405 0.1020917 0.0907024 0.0623668 0.0808315 0.0732761 0.1067884 0.0858701 0.1078517 0.1190474 0.1348341 0.0993011 0.1010173 0.1255492 0.1291574 0.1119291 0.0871082 0.0990016 0.0944220 0.1097028 0.1450041 0.1004655 0.1012458 0.0895495 0.1042863 0.0487568 0.0831583 0.1142461 0.0833014 0.0769601 0.1051825 0.1199894 0.1240303 0.1042057 0.1170308 0.1379707 0.0932648 0.1500142 0.0964822 0.0989636 0.1330564 0.0862593 0.0615152 0.1109105 0.1326836 0.1206876 0.1024857 0.1153394 0.1097806 0.1004239 0.1284742 0.0789439 0.1267465 0.1044952 0.1497944 0.0965919 0.0913479 0.0968953 0.1400233 0.1066365 0.0912546 0.0421209 0.1292251 0.1233653 0.1291844 0.1091078 0.1366950 0.1325515 0.1214274 0.0985482 0.1007110 0.0993671 0.0812344 0.1428109 0.1000824 0.1064403 0.0681835 0.0813449 0.1046132 0.0871057 0.1154132 0.1313281 0.1087250 0.1275541 0.0831314 0.0793467 0.1279834 0.1029419 0.1241921 0.1059699 0.1082630 0.0830040 
S0400         0.4301317 0.2955340 0.3218140 0.1183178 0.1289513 0.0478255 0.2293909 0.0759684 0.0594743 0.1066929 0.0631403 0.0091049 0.1011601 0.0882262 0.0101263 0.0799872 0.1115247 0.1023335 0.1152886 0.0957269 0.1060057 0.0876358 0.1323657 0.0589405 0.0000000 0.0184317 0.0918798 0.0799650 0.0565491 0.0540817 0.1083764 0.0733889 0.0793080 0.1036894 0.0970659 0.0255767 0.0079148 0.1093355 0.0928387 0.0957569 0.0681580 0.0025656 0.0700459 0.1054988 0.1147757 0.0661202 0.0961389 0.1091141 0.0232291 0.0654473 0.0589237 0.0183332 0.0591900 0.0546210 0.0856835 0.0973869 0.0914727 0.0895165 0.0980526 0.1098724 0.0845263 0.1182078 0.0713349 0.0852568 0.0681219 0.0652636 0.0625708 0.0902323 0.1180460 0.0978890 0.0800502 0.0977643 0.0936360 0.0801475 0.1129509 0.0517303 0.1086674 0.0906870 0.1156119 0.0856393 0.0540241 0.0849009 0.1201607 0.0090457 0.0597203 0.0580545 0.0953651 0.0994169 0.1055908 0.1020384 0.1143070 0.0964983 0.1219098 0.0985125 0.1014355 0.0184756 0.0716083 0.1069573 0.0944250 0.0185602 0.0093273 0.0649059 0.0932068 0.0511248 0.0829288 0.1230844 0.1007485 0.0933978 0.0567542 0.0571456 0.0954659 0.0817137 0.0993098 0.0068474 0.0873974 0.0511168 
S0405         0.4586767 0.2987198 0.3305164 0.1288404 0.1293214 0.0552002 0.2390640 0.0800137 0.0654729 0.1146020 0.0815958 0.0265613 0.1215494 0.0878620 0.0544137 0.0859617 0.1293019 0.1148818 0.1221939 0.1076170 0.1055238 0.1004751 0.1376292 0.1020917 0.0184317 0.0000000 0.1033822 0.0858947 0.0673764 0.0651032 0.1137136 0.0902233 0.0906039 0.1150564 0.1034224 0.0371364 0.0126175 0.1143808 0.1031398 0.0999814 0.0730761 0.0250798 0.0851844 0.1083443 0.1283394 0.0786864 0.1031671 0.1191073 0.0350841 0.0796434 0.0696199 0.0372622 0.0697368 0.0658986 0.1018119 0.1203431 0.1036539 0.0947827 0.1072255 0.1157836 0.0871631 0.1503162 0.0857134 0.0877794 0.1690897 0.0775123 0.0615335 0.1060636 0.1221224 0.1136545 0.1058532 0.1159139 0.1053216 0.0935930 0.1211818 0.0631390 0.1195787 0.1059532 0.1230241 0.1064691 0.0603010 0.0927200 0.1325187 0.0305053 0.0726633 0.0760207 0.1050397 0.1005224 0.1085559 0.1081027 0.1176352 0.1067809 0.1226737 0.1516687 0.1049246 0.0243761 0.0839371 0.1160097 0.0932341 0.0373375 0.0102302 0.0680212 0.0924440 0.0653309 0.0936577 0.1178270 0.1015712 0.1055908 0.0698748 0.0660282 0.1060420 0.0983107 0.1090446 0.0289191 0.1034874 0.0670543 
S0407sl       0.4075779 0.3827550 0.3849333 0.1240437 0.1242615 0.1238823 0.2381321 0.1128722 0.0867453 0.0600611 0.0872300 0.1041286 0.0551703 0.0864969 0.1131068 0.1170888 0.0537381 0.1102143 0.1139389 0.0463158 0.1163819 0.0437563 0.1327048 0.0907024 0.0918798 0.1033822 0.0000000 0.0951023 0.0885703 0.0856277 0.1127130 0.0851396 0.1040210 0.1079786 0.0439296 0.1095058 0.0900100 0.0684503 0.0494454 0.0681201 0.0833388 0.0889530 0.0917002 0.1195009 0.1455645 0.0960334 0.1063149 0.0971218 0.1065424 0.0836722 0.0910268 0.1117800 0.0914584 0.0868635 0.0951879 0.1111723 0.0469075 0.0850136 0.0690970 0.0626050 0.0998816 0.1137385 0.0863690 0.0890799 0.0887284 0.0799014 0.0991857 0.1129832 0.1293971 0.1185956 0.0930994 0.1052233 0.0946054 0.0867153 0.1396361 0.0832825 0.1257982 0.1130888 0.1259204 0.0894985 0.0863780 0.0921321 0.1347444 0.1056622 0.0920788 0.0715881 0.0461451 0.0654623 0.0711464 0.1062471 0.0763305 0.0501234 0.1355144 0.1056618 0.1053569 0.0975814 0.0842427 0.1171857 0.1016688 0.1036212 0.0672037 0.0949481 0.0864419 0.0874054 0.0495036 0.1284043 0.1054900 0.0412793 0.0856383 0.0866329 0.0128498 0.1038797 0.0633322 0.1042343 0.1099564 0.0877936 
S0412sl       0.4271096 0.3553801 0.3567812 0.1315211 0.1545917 0.0977391 0.2387855 0.0912818 0.0630686 0.1026871 0.0694759 0.0861338 0.1037265 0.0802654 0.0973351 0.0951013 0.1030468 0.0925859 0.1256403 0.0982650 0.0900736 0.0932050 0.1464692 0.0623668 0.0799650 0.0858947 0.0951023 0.0000000 0.0711422 0.0651350 0.0934618 0.0853094 0.0626751 0.1030909 0.0995524 0.0947672 0.0425693 0.1029724 0.1001351 0.0898575 0.0630314 0.0728200 0.0794999 0.0930571 0.1062618 0.0496030 0.0903127 0.1066854 0.0976724 0.0774048 0.0735695 0.0969240 0.0739114 0.0692994 0.0856477 0.1044463 0.0907990 0.0995982 0.1017814 0.1138456 0.0909460 0.1153287 0.0827171 0.0944020 0.0771533 0.0738278 0.0614166 0.0968629 0.1224464 0.1178609 0.0891452 0.1077279 0.0998776 0.0861897 0.1137868 0.0659481 0.1068495 0.1007574 0.1387417 0.0920120 0.0800067 0.0860508 0.1214924 0.0852269 0.0856528 0.0611595 0.0924516 0.0989666 0.1021768 0.0961887 0.1178521 0.0989108 0.1129590 0.0958177 0.0868087 0.0860089 0.0743218 0.1132942 0.0921816 0.0824196 0.0533632 0.0798962 0.0908227 0.0777355 0.0856371 0.1144040 0.0958724 0.0957289 0.0762381 0.0691199 0.0997137 0.0881437 0.0909938 0.0926737 0.0881222 0.0792744 
S0419         0.4227665 0.3384199 0.3904815 0.1110468 0.1152929 0.0871511 0.1968311 0.0599477 0.0104793 0.1001208 0.0247647 0.0723195 0.1043460 0.0601468 0.0983923 0.0704474 0.1000301 0.0659913 0.0789981 0.0889462 0.0664352 0.0921583 0.1184154 0.0808315 0.0565491 0.0673764 0.0885703 0.0711422 0.0000000 0.0373775 0.0710454 0.0582489 0.0703019 0.0750817 0.0896767 0.0649075 0.0396945 0.0906835 0.0903929 0.0840061 0.0556667 0.0628884 0.0272123 0.0760428 0.0913702 0.0635177 0.0686697 0.0800699 0.0722504 0.0439390 0.0059007 0.0770462 0.0059233 0.0000024 0.0709682 0.0556140 0.0848702 0.0610821 0.0787344 0.0947618 0.0530637 0.1064429 0.0561916 0.0580876 0.1317991 0.0466064 0.0615423 0.0509724 0.0876341 0.0843808 0.0656334 0.0750886 0.0722390 0.0607742 0.0813207 0.0019725 0.0802728 0.0675037 0.1046505 0.0654105 0.0486054 0.0600242 0.0922817 0.0717195 0.0601977 0.0343291 0.0892234 0.0769386 0.0821931 0.0637069 0.1013867 0.0898150 0.0818838 0.1013927 0.0657558 0.0649670 0.0486361 0.0845830 0.0603396 0.0718311 0.0386993 0.0508646 0.0506052 0.0480835 0.0803640 0.0839312 0.0677821 0.0888325 0.0529914 0.0019834 0.0887859 0.0442358 0.0850504 0.0659093 0.0487262 0.0551665 
S0427         0.4184732 0.3428385 0.3663195 0.1134873 0.1341701 0.0739199 0.1887154 0.0506600 0.0354079 0.0872337 0.0539488 0.0654331 0.0960006 0.0621640 0.0929957 0.0631043 0.1001517 0.0683676 0.0913207 0.0813316 0.0706450 0.0844324 0.1146054 0.0732761 0.0540817 0.0651032 0.0856277 0.0651350 0.0373775 0.0000000 0.0728373 0.0604273 0.0700532 0.0870985 0.0867210 0.0556237 0.0362354 0.0904789 0.0802083 0.0837485 0.0441372 0.0604051 0.0501607 0.0755291 0.1005844 0.0563011 0.0682047 0.0711042 0.0675055 0.0439199 0.0373166 0.0674718 0.0418582 0.0356597 0.0707898 0.0802173 0.0697114 0.0706237 0.0834704 0.0946579 0.0597702 0.1110346 0.0605367 0.0674953 0.1314159 0.0487160 0.0567097 0.0652145 0.0973805 0.0810434 0.0656141 0.0722454 0.0744553 0.0559953 0.0910699 0.0352185 0.0898935 0.0673392 0.1017417 0.0628797 0.0507095 0.0621570 0.0995233 0.0623200 0.0508847 0.0455664 0.0894001 0.0721171 0.0771247 0.0609377 0.0903677 0.0816976 0.0914352 0.1033520 0.0679772 0.0603131 0.0555990 0.0893561 0.0671896 0.0668961 0.0364610 0.0396031 0.0667725 0.0409692 0.0776910 0.0861109 0.0723918 0.0788074 0.0394118 0.0379330 0.0859669 0.0582107 0.0823176 0.0635640 0.0628818 0.0438249 
S0430         0.4281195 0.3379316 0.3641736 0.1365470 0.1338883 0.1186391 0.2301723 0.0881773 0.0538394 0.1015038 0.0746772 0.1116802 0.1011110 0.0727176 0.1453605 0.1037039 0.1094762 0.0185715 0.0787599 0.1012574 0.0120880 0.1152737 0.1319465 0.1067884 0.1083764 0.1137136 0.1127130 0.0934618 0.0710454 0.0728373 0.0000000 0.0695707 0.1114881 0.0860790 0.1044195 0.1103412 0.0735005 0.0949568 0.1029930 0.0986064 0.0964403 0.0984455 0.0788623 0.0223777 0.1261288 0.1040473 0.0139921 0.0879686 0.1220310 0.0611331 0.0685213 0.1242570 0.0663857 0.0671374 0.0798476 0.1033823 0.0913834 0.0609424 0.0987210 0.1097046 0.0761257 0.0544983 0.0748545 0.0716986 0.1509693 0.0620161 0.0819734 0.0869266 0.1165946 0.1036868 0.0654429 0.0748837 0.0792512 0.0744434 0.1100796 0.0641708 0.1058093 0.0711278 0.1322325 0.0655273 0.0832796 0.0783790 0.1151880 0.1072203 0.0893738 0.0644613 0.1073345 0.0862017 0.0915167 0.0120311 0.1097922 0.1002050 0.0940004 0.0337579 0.0059310 0.1135557 0.0416235 0.1156751 0.0783941 0.1101241 0.0818895 0.0733922 0.0783309 0.0861670 0.0873436 0.1097198 0.0863973 0.1007884 0.0714484 0.0672517 0.1080136 0.0793805 0.1104487 0.1127547 0.0793638 0.0782252 
S0552sl       0.4182023 0.3537051 0.3744012 0.1078241 0.1353806 0.0975046 0.2032134 0.0702632 0.0476309 0.0873150 0.0690244 0.0854605 0.0903679 0.0678428 0.1170468 0.0809496 0.0971775 0.0726357 0.0946043 0.0688720 0.0673450 0.0896626 0.1150506 0.0858701 0.0733889 0.0902233 0.0851396 0.0853094 0.0582489 0.0604273 0.0695707 0.0000000 0.0829280 0.0880609 0.0898364 0.0826336 0.0627168 0.0818404 0.0647077 0.0839966 0.0801997 0.0797280 0.0648016 0.0711182 0.1091692 0.0731861 0.0720425 0.0762493 0.0903353 0.0161568 0.0558513 0.0976415 0.0513688 0.0543528 0.0374738 0.0826828 0.0825483 0.0716017 0.0756627 0.0731254 0.0601894 0.1009780 0.0119759 0.0395198 0.0807071 0.0221842 0.0623656 0.0781921 0.0930234 0.0920182 0.0783344 0.0907561 0.0460219 0.0398266 0.0904836 0.0517272 0.0927718 0.0466787 0.0981440 0.0753080 0.0751940 0.0625625 0.0948344 0.0820154 0.0702975 0.0541947 0.0947597 0.0796642 0.0872582 0.0645307 0.0745788 0.0814765 0.0879400 0.0993069 0.0690531 0.0902289 0.0558845 0.0922357 0.0680641 0.0818724 0.0456503 0.0632309 0.0676366 0.0728398 0.0651730 0.1014021 0.0733131 0.0792375 0.0558307 0.0591477 0.0852599 0.0757795 0.0876231 0.0861593 0.0757640 0.0600355 
S0558         0.4796781 0.3939140 0.4159156 0.1470423 0.1766420 0.0882410 0.2604418 0.0902593 0.0592889 0.0986916 0.0739776 0.0959443 0.1126210 0.0908800 0.1182373 0.0990679 0.1033002 0.1087129 0.1286226 0.1023742 0.0977586 0.1009915 0.1549003 0.1078517 0.0793080 0.0906039 0.1040210 0.0626751 0.0703019 0.0700532 0.1114881 0.0829280 0.0000000 0.1132794 0.1006742 0.0829185 0.0698710 0.1069873 0.1040082 0.1049211 0.0606473 0.0769479 0.0881597 0.0976458 0.1260745 0.0516478 0.1009256 0.0816831 0.0958262 0.0710842 0.0725724 0.1009499 0.0679206 0.0688396 0.0911705 0.1171179 0.0956725 0.1045002 0.0946616 0.1141599 0.0896889 0.1549957 0.0833718 0.0854946 0.1609686 0.0680601 0.0971409 0.1091789 0.1288732 0.1168206 0.1087049 0.1069063 0.0951932 0.0832841 0.1186182 0.0660236 0.1207705 0.0983272 0.1221754 0.1069463 0.0730701 0.0856789 0.1338499 0.0951145 0.0876336 0.0692131 0.1189165 0.1003413 0.1083791 0.1032351 0.1186262 0.1037431 0.1095069 0.1437126 0.1053562 0.0879941 0.0892767 0.1182861 0.0963314 0.0898826 0.0555748 0.0803891 0.1008651 0.0709268 0.0860078 0.1120380 0.1047951 0.0977276 0.0797366 0.0714073 0.1098486 0.1013371 0.1062518 0.0866082 0.1013145 0.0771803 
S0616         0.4628840 0.3876098 0.3868851 0.1529263 0.1298885 0.1175984 0.2294680 0.1108588 0.0591578 0.1136074 0.0817579 0.1207913 0.1128321 0.0849272 0.1471770 0.1185881 0.1266231 0.0767063 0.0836338 0.1045979 0.0863866 0.1202638 0.1520180 0.1190474 0.1036894 0.1150564 0.1079786 0.1030909 0.0750817 0.0870985 0.0860790 0.0880609 0.1132794 0.0000000 0.1097809 0.1175641 0.0847568 0.1152733 0.1121447 0.1134364 0.1009061 0.1092003 0.0930536 0.0840690 0.1410541 0.1102444 0.0786697 0.1043510 0.1261044 0.0741216 0.0771966 0.1316125 0.0752421 0.0710667 0.1051101 0.1181884 0.1174463 0.0507593 0.1054186 0.1194975 0.0900991 0.0960091 0.0885391 0.0836294 0.1773499 0.0806883 0.0759794 0.1171788 0.1233935 0.1160692 0.0652702 0.0783923 0.1067423 0.0936149 0.1247449 0.0731983 0.1230801 0.0872527 0.1273738 0.0604681 0.0928138 0.0927448 0.1361914 0.1197106 0.0985939 0.0760228 0.1195993 0.1052640 0.1097250 0.0858564 0.1272985 0.1182111 0.0944013 0.1118388 0.0805037 0.1122387 0.0411957 0.1202444 0.0852097 0.1194869 0.0783547 0.0979831 0.0843606 0.0912805 0.1042175 0.1205301 0.0933202 0.1150005 0.0954936 0.0738114 0.0984560 0.1092037 0.1095331 0.1167865 0.1145298 0.0947534 
