113
HYZL       0.0000000 0.1319475 0.3900281 0.3977819 0.4264713 0.3801231 0.3902115 0.3907902 0.3377266 0.4422725 0.4649298 0.2767854 0.4641711 0.3827885 0.3591907 0.3979874 0.3833907 0.4257631 0.4062486 0.2938443 0.3413633 0.4134506 0.4183528 0.3904165 0.4254700 0.3655539 0.3893733 0.5109712 0.4687634 0.3639718 0.4151952 0.4396082 0.4537422 0.3288567 0.4226539 0.4394631 0.4356439 0.3820245 0.3340043 0.4064830 0.3515052 0.3968604 0.3711282 0.3997625 0.3373014 0.4509463 0.3767980 0.3247626 0.3636932 0.3700061 0.4868004 0.4213998 0.4110930 0.3895911 0.4706714 0.4235669 0.3212640 0.4028770 0.4678852 0.4370637 0.4578164 0.4810662 0.4857136 0.3742187 0.3687244 0.3371069 0.3942118 0.5037874 0.4369950 0.3880585 0.3902115 0.3936523 0.4066059 0.4669119 0.4721706 0.3740459 0.4000698 0.4548900 0.4066450 0.3224247 0.3917986 0.4258532 0.3962103 0.4296365 0.4261930 0.4161139 0.3762401 0.3880046 0.3331132 0.4014127 0.3804456 0.3103348 0.3598856 0.4305214 0.4326491 0.3224247 0.2866850 0.3606261 0.4764074 0.4146195 0.4369102 0.4334907 0.4124505 0.3816037 0.2995233 0.3710289 0.4058720 0.3616004 0.4181707 0.3015483 0.4015621 0.4746400 0.4116559 
MYZV       0.1319475 0.0000000 0.3307541 0.4343764 0.4857816 0.3577379 0.3420942 0.3606690 0.3061881 0.3891789 0.4600713 0.2746049 0.4088537 0.3629825 0.3614042 0.3276927 0.3602784 0.4185286 0.3567557 0.2773509 0.3087993 0.3755089 0.3098049 0.3185831 0.3480750 0.3345200 0.3156340 0.4353480 0.3858551 0.3172283 0.3903305 0.3999205 0.3735495 0.2694825 0.4018569 0.3867403 0.3244963 0.3339703 0.3164145 0.3316637 0.3294580 0.3469877 0.3242185 0.3756586 0.3650056 0.4238548 0.3297670 0.3024926 0.3420942 0.3109803 0.4022515 0.3445077 0.3595076 0.3413127 0.4037608 0.3605351 0.2928141 0.3536504 0.4304072 0.3982130 0.4039484 0.4023671 0.4466799 0.3614417 0.3096572 0.3280613 0.3679775 0.4450419 0.4021006 0.3716219 0.3420942 0.3308841 0.4069392 0.3982249 0.3909122 0.3509831 0.3892314 0.4163220 0.3662022 0.2912044 0.3433901 0.3748845 0.3722508 0.3635129 0.3609753 0.3913025 0.3091257 0.3768656 0.2926187 0.3772586 0.3573068 0.2796978 0.3142756 0.3921684 0.4277922 0.2912044 0.2615731 0.3018450 0.4206391 0.3902440 0.3970238 0.4143949 0.3895231 0.3389728 0.2584979 0.3492471 0.3686861 0.3490066 0.3973465 0.2711835 0.4099229 0.4727451 0.4408850 
SRR6441723 0.3900281 0.3307541 0.0000000 0.2881358 0.2897143 0.0804148 0.0549859 0.0987137 0.1282966 0.1097060 0.0738750 0.0971448 0.0751690 0.1061537 0.0812510 0.1180993 0.0743435 0.1320430 0.0494201 0.1084137 0.1294432 0.0825050 0.0973386 0.0549780 0.1023580 0.0954873 0.0780682 0.0926664 0.0946283 0.1130988 0.0818009 0.0818681 0.0676421 0.1366919 0.0958406 0.0886932 0.1187643 0.0623736 0.1241636 0.0737529 0.0677794 0.1369590 0.0623349 0.0814690 0.1038440 0.0857259 0.0490374 0.1491791 0.0549859 0.0555902 0.0696108 0.1083961 0.0782307 0.0620660 0.1157707 0.0432853 0.0682681 0.0627610 0.0987622 0.0820015 0.0743332 0.0825527 0.0845146 0.0941801 0.1199658 0.1195430 0.0917162 0.0784161 0.0716059 0.1506436 0.0549859 0.1386390 0.1110306 0.0690933 0.0487359 0.0751432 0.0975566 0.0804520 0.1585850 0.1370512 0.0882100 0.0260622 0.0755407 0.1042033 0.1019907 0.0908919 0.0595298 0.1166703 0.0960695 0.0975550 0.0892454 0.1197668 0.0617058 0.0436395 0.0673491 0.1370512 0.0846823 0.0501694 0.0669657 0.1003824 0.1039224 0.0759617 0.0496065 0.1220773 0.0865231 0.0602952 0.0815054 0.0939640 0.1269037 0.1205995 0.5864543 0.0737490 0.0225220 
ERR4210213 0.3977819 0.4343764 0.2881358 0.0000000 0.0800582 0.2989416 0.2994620 0.3650186 0.3688442 0.3401686 0.3618196 0.3068232 0.3170832 0.3651990 0.3155213 0.2743554 0.2894934 0.3482458 0.2522416 0.3455730 0.3240116 0.3533327 0.3104227 0.2995483 0.3100056 0.3325463 0.2849216 0.3197143 0.2980970 0.3060444 0.2639159 0.3993900 0.3139539 0.3074468 0.3337618 0.3082214 0.3402872 0.2761476 0.3357418 0.3102514 0.2889766 0.4027196 0.2870452 0.3026561 0.3504701 0.3363684 0.2863325 0.3604401 0.2863325 0.2735828 0.3162189 0.3423014 0.2964333 0.3083725 0.3542997 0.2974298 0.3211666 0.2822320 0.3281988 0.2821473 0.3423574 0.3150395 0.3947789 0.3795281 0.3522598 0.3999864 0.2883211 0.3297335 0.3113058 0.4534220 0.2863325 0.3557545 0.2945801 0.3431640 0.2773754 0.2613359 0.3723611 0.3274352 0.3527342 0.3574345 0.3399413 0.2698039 0.2814681 0.3503261 0.3609504 0.2892586 0.2513878 0.3715267 0.3061006 0.2924208 0.2730306 0.3484009 0.3054318 0.2345712 0.3414181 0.3574345 0.2834559 0.2856866 0.2953056 0.3688016 0.3163458 0.3725934 0.3315636 0.4001028 0.3196802 0.2823456 0.3316809 0.3589018 0.3554357 0.3490080 0.3014874 0.0347763 0.0610602 
ERR2789774 0.4264713 0.4857816 0.2897143 0.0800582 0.0000000 0.2953496 0.2809902 0.4094952 0.4137657 0.3127787 0.3590852 0.3216900 0.3120022 0.3345169 0.3350296 0.3196477 0.3203542 0.3897029 0.3202866 0.3559431 0.3636387 0.3721056 0.3515068 0.2810424 0.3274090 0.3472809 0.3153011 0.3409915 0.3650852 0.3699984 0.3132251 0.3852729 0.3386165 0.3210892 0.3458092 0.3216659 0.3664086 0.2741978 0.3471504 0.3416949 0.3197118 0.3965534 0.2783248 0.3359534 0.3440916 0.3220216 0.2702841 0.3641718 0.2809902 0.2745086 0.3050481 0.3682069 0.2886311 0.3377632 0.3989502 0.2762066 0.3105069 0.3146683 0.3301910 0.3086077 0.3373475 0.2749059 0.3589081 0.3594910 0.3668696 0.3321192 0.3442498 0.3159338 0.3038377 0.4718633 0.2809902 0.3669046 0.3643498 0.3352704 0.3126788 0.2950454 0.3266206 0.3666363 0.3914533 0.3770764 0.3412829 0.2741684 0.2985552 0.3870616 0.3836577 0.3354822 0.2829780 0.3357969 0.3607147 0.3466146 0.3280954 0.3693169 0.3113032 0.2815843 0.3384623 0.3770764 0.2895019 0.2954471 0.3142966 0.3087518 0.3411969 0.3846503 0.3298065 0.4274180 0.3230102 0.2875442 0.3405835 0.3589015 0.3826233 0.3730326 0.2849924 0.0804533 0.0334463 
S0055      0.3801231 0.3577379 0.0804148 0.2989416 0.2953496 0.0000000 0.0376221 0.0839291 0.0833113 0.0679484 0.0949990 0.0467820 0.0826335 0.0694483 0.0739196 0.1076418 0.0683218 0.0929184 0.0810406 0.0519140 0.0624058 0.0681952 0.0623419 0.0376167 0.0892158 0.0764979 0.0511363 0.0839625 0.0691573 0.0957489 0.0611701 0.0807237 0.0559418 0.0686096 0.0680545 0.0616007 0.0953360 0.0327446 0.0570892 0.0319297 0.0680742 0.1202779 0.0374328 0.0810636 0.0533940 0.0737758 0.0319505 0.0774408 0.0376221 0.0380254 0.0741299 0.0558461 0.0391031 0.0550235 0.0784839 0.0611196 0.0474283 0.0491362 0.0899128 0.0864686 0.0726964 0.0754455 0.0920294 0.0562381 0.0835123 0.0895212 0.0632862 0.0824377 0.0757361 0.0933663 0.0376221 0.0997016 0.0754686 0.0761963 0.0731963 0.0550130 0.0624389 0.0942179 0.1170282 0.0688028 0.0673895 0.0488451 0.0554195 0.0767699 0.0764737 0.0810101 0.0518500 0.0831870 0.0832582 0.0748757 0.0675043 0.0631518 0.0429914 0.0747502 0.0898552 0.0688028 0.0402422 0.0103792 0.0675158 0.0650316 0.0818140 0.1000292 0.0976495 0.0819528 0.0620784 0.0373203 0.0551721 0.0436184 0.0894748 0.0635683 0.5751225 0.0977330 0.0450946 
S0196sl    0.3902115 0.3420942 0.0549859 0.2994620 0.2809902 0.0376221 0.0000000 0.0785743 0.1028003 0.0753786 0.0616356 0.0654201 0.0842044 0.0770851 0.0561381 0.0684962 0.0442891 0.1086472 0.0612409 0.0703676 0.0806990 0.0756573 0.0443710 0.0100845 0.0635365 0.0764644 0.0581898 0.0785962 0.0497520 0.0759934 0.0500940 0.0745148 0.0492231 0.0871346 0.0754933 0.0687972 0.0901139 0.0157577 0.0754174 0.0381007 0.0441346 0.1298943 0.0267758 0.0562773 0.0535239 0.0665683 0.0049985 0.0968667 0.0100855 0.0101860 0.0558027 0.0628920 0.0457610 0.0321207 0.0933964 0.0312289 0.0547060 0.0265645 0.0846101 0.0813412 0.0676117 0.0760714 0.0849935 0.0503311 0.0989322 0.0797794 0.0449854 0.0633430 0.0569858 0.1122851 0.0100855 0.1163544 0.0896922 0.0708970 0.0542054 0.0376732 0.0751531 0.0611859 0.1349884 0.0873751 0.0747325 0.0313753 0.0563471 0.0913078 0.0909375 0.0562443 0.0461626 0.0913527 0.0639088 0.0695689 0.0622734 0.0816759 0.0209217 0.0553075 0.0564936 0.0873751 0.0522281 0.0159175 0.0372498 0.0705841 0.0898091 0.0647329 0.0632979 0.0909528 0.0693402 0.0205549 0.0621117 0.0502151 0.1045162 0.0822257 0.5200881 0.0854848 0.0215669 
S0281      0.3907902 0.3606690 0.0987137 0.3650186 0.4094952 0.0839291 0.0785743 0.0000000 0.1563134 0.1479741 0.1203402 0.1206904 0.1088044 0.1397512 0.0820396 0.1218807 0.0842282 0.1666036 0.1405895 0.1253490 0.1580656 0.1323731 0.0941861 0.0785598 0.1067833 0.1213541 0.1283475 0.1358884 0.1345271 0.0867231 0.1081384 0.1369606 0.1326656 0.1663851 0.1468807 0.1394067 0.1597435 0.0963176 0.1350405 0.0629354 0.0771983 0.1820250 0.0862920 0.0895498 0.1161757 0.1547580 0.0718163 0.1816278 0.0785743 0.0659918 0.1147149 0.0704108 0.1128310 0.0914771 0.1649536 0.0991536 0.0767263 0.0921824 0.1441003 0.1158630 0.1367099 0.1334583 0.1763824 0.0631279 0.1451486 0.1440079 0.0940489 0.1080369 0.0997387 0.1435357 0.0785743 0.1666644 0.1319768 0.1237690 0.1297652 0.0991082 0.1218015 0.1358328 0.1767186 0.1668347 0.1318507 0.1070892 0.1237549 0.1509839 0.1397238 0.1065486 0.1051019 0.1244403 0.0864567 0.1159096 0.1066792 0.1387884 0.0772938 0.1329382 0.1058732 0.1668347 0.1059383 0.0521884 0.1310833 0.1275042 0.1207838 0.1162072 0.1075894 0.1336112 0.1071448 0.0926716 0.1305001 0.0500507 0.1764954 0.1398557 0.5678977 0.1568610 0.0641742 
S0282      0.3377266 0.3061881 0.1282966 0.3688442 0.4137657 0.0833113 0.1028003 0.1563134 0.0000000 0.0962002 0.1652666 0.0164898 0.1330495 0.1073836 0.1101897 0.1593404 0.1251248 0.1106697 0.1240117 0.0161735 0.0270862 0.1052479 0.1129957 0.0892381 0.1089854 0.1044396 0.0945523 0.1453129 0.1026645 0.1365386 0.1197728 0.1113156 0.0824985 0.0327529 0.1049870 0.1114963 0.1286921 0.0689065 0.0335364 0.0896791 0.1103642 0.1298119 0.1053306 0.1253133 0.0879571 0.1153510 0.0958306 0.0397528 0.1028003 0.1040492 0.1340573 0.0965438 0.1006968 0.1185849 0.0794183 0.1081413 0.0755182 0.1194870 0.1529265 0.1483761 0.1459728 0.1681238 0.1297545 0.1044931 0.1278093 0.1224850 0.1166371 0.1613497 0.1528618 0.1027682 0.1028003 0.1383760 0.1209155 0.1407447 0.1310912 0.1048504 0.0970516 0.1387297 0.1713469 0.0328463 0.0948390 0.1159464 0.1041223 0.0839337 0.0831410 0.1449463 0.1022535 0.1048964 0.1211009 0.1296321 0.1200027 0.0157207 0.1034347 0.1170220 0.1482909 0.0328463 0.0165792 0.0709207 0.1222752 0.0933230 0.1282478 0.1440010 0.1417405 0.1074192 0.0739082 0.1018393 0.0899595 0.0975545 0.1055456 0.0158136 0.7474255 0.1899052 0.1549363 
S0289      0.4422725 0.3891789 0.1097060 0.3401686 0.3127787 0.0679484 0.0753786 0.1479741 0.0962002 0.0000000 0.1117587 0.0735584 0.1061034 0.0438494 0.1106708 0.1033036 0.1108477 0.0586937 0.1018871 0.0785361 0.0890278 0.0489336 0.0823507 0.0753653 0.1044553 0.0507342 0.0275315 0.0834622 0.1034081 0.1250221 0.0886199 0.0606453 0.0832808 0.0957196 0.0488443 0.0434260 0.0814110 0.0572371 0.0836434 0.0697676 0.0965606 0.1392662 0.0692390 0.1109970 0.0794172 0.0888480 0.0689170 0.1061146 0.0753786 0.0762556 0.0880550 0.0763770 0.0272466 0.0950721 0.0510508 0.0743312 0.0225357 0.0753786 0.0893717 0.1008738 0.0723018 0.0955180 0.1181006 0.0837739 0.1449818 0.1412787 0.0985857 0.0970653 0.0900147 0.1125459 0.0753786 0.1410015 0.0621967 0.0837394 0.1155831 0.0881437 0.0825052 0.1107713 0.1614205 0.0959877 0.0806957 0.0747086 0.0376149 0.0499912 0.0629927 0.1109120 0.0396425 0.0502715 0.1136823 0.1109813 0.1022333 0.0901364 0.0811547 0.0952518 0.1065390 0.0900563 0.0464433 0.0510714 0.0821888 0.0791325 0.0622504 0.1179351 0.1075376 0.0957148 0.0883150 0.0747086 0.0489008 0.0835754 0.0497107 0.0907627 0.6362121 0.1101946 0.0724838 
S0292      0.4649298 0.4600713 0.0738750 0.3618196 0.3590852 0.0949990 0.0616356 0.1203402 0.1652666 0.1117587 0.0000000 0.1153446 0.1213276 0.1283331 0.1114099 0.1195788 0.0975783 0.1336235 0.0880530 0.1270731 0.1468619 0.1118860 0.1203964 0.0741757 0.1288576 0.1058346 0.0794633 0.1088693 0.0960761 0.1292085 0.0966623 0.0974205 0.0949104 0.1545272 0.1107302 0.0902728 0.1360601 0.0696358 0.1255470 0.1034274 0.0972035 0.1741775 0.0892605 0.1117404 0.1277187 0.1006508 0.0678407 0.1682417 0.0741886 0.0750377 0.0835653 0.1203852 0.0729898 0.0704563 0.1170928 0.0741653 0.0844257 0.0700006 0.0998147 0.0969336 0.0886529 0.0989100 0.1233155 0.1094557 0.1632385 0.1411175 0.1125996 0.0997286 0.0917268 0.1726115 0.0741886 0.1763736 0.1040022 0.0785566 0.0867174 0.0961413 0.1429715 0.0547912 0.1863435 0.1485354 0.1177716 0.0492224 0.0768440 0.1078654 0.1066528 0.1197873 0.0739188 0.1373091 0.1144586 0.1198549 0.1107087 0.1400324 0.0758113 0.0816280 0.0103252 0.1549293 0.1018201 0.0707910 0.0438534 0.1143109 0.1034734 0.0159739 0.0213304 0.1397942 0.1331666 0.0735410 0.0963210 0.1092030 0.1283544 0.1410710 0.5815063 0.1435712 0.1036058 
S0293      0.2767854 0.2746049 0.0971448 0.3068232 0.3216900 0.0467820 0.0654201 0.1206904 0.0164898 0.0735584 0.1153446 0.0000000 0.1015164 0.0677151 0.0790892 0.1250434 0.0861612 0.0822727 0.0914246 0.0000022 0.0109873 0.0669420 0.0740694 0.0588932 0.0643136 0.0659388 0.0624008 0.1039594 0.0714177 0.0959375 0.0725678 0.0663987 0.0593474 0.0166105 0.0662733 0.0731089 0.0956127 0.0460990 0.0164400 0.0528839 0.0723492 0.0987600 0.0670172 0.0786886 0.0684855 0.0851299 0.0588932 0.0168893 0.0654201 0.0661986 0.0942096 0.0593062 0.0618626 0.0797618 0.0744882 0.0775679 0.0373613 0.0803898 0.1069121 0.1133670 0.0992950 0.1170186 0.0969237 0.0664584 0.1044228 0.0847213 0.0469277 0.1096378 0.1011984 0.0879722 0.0654201 0.1074800 0.0731089 0.0921629 0.0924093 0.0594976 0.0667385 0.1221044 0.1072830 0.0166595 0.0589212 0.0715795 0.0662706 0.0676862 0.0598050 0.1036839 0.0696238 0.0667304 0.0810524 0.0892396 0.0807437 0.0000025 0.0657744 0.0772630 0.1008154 0.0166595 0.0000029 0.0348447 0.0918752 0.0622163 0.0956595 0.1074816 0.1011101 0.0782053 0.0454815 0.0648288 0.0530726 0.0599208 0.0817078 0.0000025 0.6039948 0.1352621 0.0951286 
S0294      0.4641711 0.4088537 0.0751690 0.3170832 0.3120022 0.0826335 0.0842044 0.1088044 0.1330495 0.1061034 0.1213276 0.1015164 0.0000000 0.1074970 0.1173551 0.1608210 0.1034598 0.1317769 0.1134341 0.1062351 0.1099371 0.0988853 0.0982290 0.0841890 0.1105567 0.0988887 0.0867477 0.1090160 0.1131612 0.1468938 0.1191021 0.1126585 0.0836333 0.1341603 0.1131522 0.1054208 0.1462185 0.0712596 0.1150209 0.0823451 0.0961114 0.1389036 0.0768937 0.1177041 0.1128578 0.0892235 0.0774223 0.1469394 0.0842044 0.0852224 0.1057267 0.1046476 0.0730683 0.0971050 0.1261185 0.0978424 0.0764029 0.0978452 0.1090252 0.1194923 0.1175829 0.0997532 0.0722189 0.0901775 0.1069415 0.1502925 0.1161284 0.1159111 0.1082159 0.1444593 0.0842044 0.1250503 0.1296306 0.1122472 0.1021999 0.1115882 0.0910427 0.1259980 0.1646881 0.1345262 0.1027454 0.0764425 0.0980896 0.1223385 0.1125229 0.1191832 0.0796826 0.1061508 0.1281360 0.1441903 0.1340959 0.1098859 0.0828421 0.1063785 0.1058740 0.1345262 0.0794159 0.0514629 0.0961100 0.1024970 0.1298772 0.1085033 0.0996068 0.1170437 0.0810792 0.0898945 0.0976070 0.0899649 0.1393844 0.1106651 0.6693356 0.1281277 0.0607493 
S0299      0.3827885 0.3629825 0.1061537 0.3651990 0.3345169 0.0694483 0.0770851 0.1397512 0.1073836 0.0438494 0.1283331 0.0677151 0.1074970 0.0000000 0.0975938 0.1268908 0.1135213 0.0639075 0.0970935 0.0728067 0.0841054 0.0324452 0.0773814 0.0770712 0.1139327 0.0636857 0.0456478 0.0845193 0.0985633 0.1110886 0.0906665 0.0438828 0.0852183 0.0772427 0.0321630 0.0379177 0.0817788 0.0647335 0.0780085 0.0846483 0.0988419 0.1592382 0.0636329 0.0978757 0.1104359 0.0909059 0.0704608 0.1011854 0.0770851 0.0713277 0.0966318 0.0983714 0.0392484 0.0972846 0.0581603 0.0822981 0.0168338 0.0904290 0.0973448 0.1099083 0.0799813 0.1044467 0.1211395 0.0857362 0.1487273 0.1523043 0.0920898 0.0974015 0.0896311 0.1446541 0.0770851 0.1699796 0.0495189 0.0994465 0.1183373 0.0901698 0.0827846 0.1281610 0.1798998 0.0911101 0.0830318 0.0763847 0.0441187 0.0573511 0.0571409 0.0978040 0.0394581 0.0391503 0.1241976 0.0978753 0.0895076 0.0851686 0.0829936 0.0903989 0.1241195 0.0850978 0.0598285 0.0456746 0.0976835 0.0863717 0.0564686 0.1356415 0.1187835 0.0755967 0.0775212 0.0763847 0.0324234 0.0855289 0.0504647 0.0857676 0.6146670 0.0991261 0.0874138 
S0303      0.3591907 0.3614042 0.0812510 0.3155213 0.3350296 0.0739196 0.0561381 0.0820396 0.1101897 0.1106708 0.1114099 0.0790892 0.1173551 0.0975938 0.0000000 0.0567929 0.0210034 0.1103026 0.1041589 0.0839504 0.1113679 0.0968813 0.0633953 0.0561288 0.0751479 0.0750989 0.0787082 0.1090464 0.0993345 0.0630292 0.0271649 0.0879945 0.0707650 0.1185239 0.0829867 0.0894239 0.1053127 0.0712438 0.1059142 0.0664311 0.0103066 0.1398348 0.0690670 0.0102257 0.0954903 0.0960026 0.0500553 0.1303527 0.0561381 0.0567686 0.0883848 0.0809305 0.0925396 0.0495795 0.1092684 0.0812847 0.0597123 0.0499420 0.1216442 0.1027369 0.0876136 0.0971497 0.1105060 0.0556031 0.1224322 0.1009058 0.0642808 0.0890763 0.0822625 0.1126427 0.0561381 0.1420682 0.0909612 0.0899727 0.0952232 0.0438702 0.0947078 0.1184407 0.1620451 0.1188519 0.0965789 0.0687553 0.0761372 0.0979522 0.0827556 0.0213506 0.0725304 0.0968153 0.0445220 0.0272256 0.0212923 0.0954380 0.0492984 0.0973653 0.0966655 0.1188519 0.0593238 0.0497536 0.0758919 0.0919913 0.0980973 0.1072106 0.0915279 0.1153833 0.0752189 0.0687553 0.0821584 0.0491892 0.1205131 0.0960981 0.5744834 0.1147759 0.0457844 
S0308      0.3979874 0.3276927 0.1180993 0.2743554 0.3196477 0.1076418 0.0684962 0.1218807 0.1593404 0.1033036 0.1195788 0.1250434 0.1608210 0.1268908 0.0567929 0.0000000 0.0568961 0.1169056 0.1175933 0.1295455 0.1397535 0.1170260 0.0690948 0.0813516 0.0972908 0.0903990 0.0851021 0.1232795 0.0912167 0.0828656 0.0506728 0.1151270 0.0977961 0.1473215 0.1025152 0.0954808 0.1046739 0.0841129 0.1343878 0.0951470 0.0446392 0.1673380 0.0885802 0.0569352 0.1094973 0.1098060 0.0748574 0.1606742 0.0813660 0.0692778 0.1082598 0.0968633 0.0917448 0.0810835 0.1234116 0.0942003 0.0822308 0.0622230 0.1286035 0.0890249 0.0939037 0.1037021 0.1509927 0.0965984 0.1565779 0.1178250 0.0978206 0.1181355 0.0968458 0.1429460 0.0813660 0.1694576 0.1041596 0.1139664 0.1163370 0.0744894 0.1251655 0.0837698 0.1919975 0.1477105 0.1157447 0.0949297 0.0820967 0.1205739 0.1200448 0.0569013 0.0586973 0.1209459 0.0712186 0.0630054 0.0630054 0.1415887 0.0806021 0.1106599 0.1143759 0.1477105 0.0797255 0.0760411 0.0759555 0.1221869 0.0964880 0.1262504 0.1154477 0.1382496 0.0964983 0.0949297 0.1014624 0.0963728 0.1197457 0.1426499 0.5194428 0.1018873 0.0469440 
S0322      0.3833907 0.3602784 0.0743435 0.2894934 0.3203542 0.0683218 0.0442891 0.0842282 0.1251248 0.1108477 0.0975783 0.0861612 0.1034598 0.1135213 0.0210034 0.0568961 0.0000000 0.1181573 0.0905687 0.0909676 0.1188719 0.0970439 0.0635100 0.0442823 0.0752790 0.0817664 0.0710544 0.0947492 0.0856437 0.0622865 0.0272160 0.0881429 0.0708928 0.1261582 0.0831312 0.0895762 0.1127687 0.0585014 0.1134206 0.0609718 0.0050552 0.1566094 0.0567432 0.0210463 0.0886484 0.0961625 0.0383929 0.1384265 0.0442891 0.0447783 0.0755122 0.0752606 0.0790165 0.0316453 0.1170458 0.0686966 0.0680321 0.0261742 0.1072009 0.0893391 0.0748541 0.0837766 0.0928063 0.0557028 0.1231093 0.1080033 0.0709209 0.0840128 0.0771770 0.1230562 0.0442891 0.1423499 0.0913452 0.0768590 0.0821373 0.0498987 0.1104726 0.1044437 0.1629052 0.1265044 0.1097657 0.0564930 0.0762713 0.1052590 0.0962898 0.0210365 0.0587177 0.0969777 0.0376476 0.0324813 0.0264650 0.1025288 0.0314737 0.0839570 0.0833610 0.1265044 0.0660110 0.0384401 0.0633078 0.0908371 0.0982630 0.0931906 0.0909933 0.1049090 0.0876742 0.0564930 0.0823001 0.0555757 0.1282878 0.1032455 0.5516713 0.1033490 0.0348161 
S0327      0.4257631 0.4185286 0.1320430 0.3482458 0.3897029 0.0929184 0.1086472 0.1666036 0.1106697 0.0586937 0.1336235 0.0822727 0.1317769 0.0639075 0.1103026 0.1169056 0.1181573 0.0000000 0.1154895 0.0872696 0.0866022 0.0716041 0.1090886 0.1086274 0.1407510 0.0405984 0.0345628 0.1018942 0.1003184 0.1102029 0.0857878 0.0847961 0.0947425 0.0935532 0.0709018 0.0393068 0.0716286 0.0865713 0.0924277 0.0956297 0.1028356 0.1561386 0.1013110 0.1097097 0.1177914 0.1153534 0.1012383 0.1043007 0.1086472 0.1100424 0.1149183 0.0956276 0.0465673 0.1157421 0.0461252 0.1139377 0.0236961 0.0940111 0.1121070 0.1142608 0.0963834 0.1234474 0.1500917 0.1040102 0.1621158 0.1759323 0.0942654 0.1256626 0.1167142 0.1361613 0.1086472 0.1581814 0.0276311 0.1107647 0.1383605 0.0937314 0.1009296 0.1242722 0.1579174 0.0938264 0.0848261 0.0931035 0.0457599 0.0406233 0.0466859 0.1182375 0.0342718 0.0806920 0.1060231 0.1033832 0.0944260 0.0877261 0.1149824 0.1083132 0.1293426 0.0938264 0.0291294 0.0669642 0.0934243 0.0979856 0.0461252 0.1366102 0.1297012 0.0902113 0.0929239 0.1075732 0.0578612 0.0966857 0.0399663 0.0883610 0.7066155 0.1330904 0.0933459 
S0335      0.4062486 0.3567557 0.0494201 0.2522416 0.3202866 0.0810406 0.0612409 0.1405895 0.1240117 0.1018871 0.0880530 0.0914246 0.1134341 0.0970935 0.1041589 0.1175933 0.0905687 0.1154895 0.0000000 0.1038892 0.1140151 0.0817976 0.0824488 0.0612307 0.1028990 0.0974073 0.0713124 0.0769547 0.0806028 0.0951557 0.0824492 0.0880022 0.0681443 0.1209651 0.0816165 0.0748205 0.1100717 0.0557855 0.1087530 0.0967138 0.0902231 0.1804662 0.0694059 0.1044630 0.0936815 0.0863957 0.0551571 0.1325042 0.0612409 0.0619233 0.0749967 0.1106038 0.0643845 0.0757561 0.1000208 0.0484421 0.0676244 0.0693582 0.0755471 0.0730800 0.0735295 0.0742713 0.1062045 0.1120422 0.1534679 0.1298289 0.1064115 0.0816357 0.0750124 0.1749834 0.0612409 0.1745927 0.0960355 0.0754648 0.0548153 0.0820008 0.1027907 0.0810779 0.1971520 0.1212874 0.1072058 0.0316344 0.0622260 0.0910395 0.0973803 0.1043848 0.0526051 0.1121791 0.0980104 0.1044553 0.0958995 0.1154403 0.0753026 0.0153544 0.0829011 0.1212874 0.0852317 0.0638348 0.0674571 0.1057443 0.0892062 0.0848727 0.0769592 0.1125918 0.1089547 0.0607231 0.0680201 0.1117788 0.1110899 0.1162543 0.5988310 0.0391437 0.0335781 
S0400      0.2938443 0.2773509 0.1084137 0.3455730 0.3559431 0.0519140 0.0703676 0.1253490 0.0161735 0.0785361 0.1270731 0.0000022 0.1062351 0.0728067 0.0839504 0.1295455 0.0909676 0.0872696 0.1038892 0.0000000 0.0107762 0.0719839 0.0790722 0.0576873 0.0836161 0.0709171 0.0610506 0.1172769 0.0762806 0.1007753 0.0774922 0.0778992 0.0581234 0.0162894 0.0712739 0.0780604 0.0935071 0.0511622 0.0161256 0.0579544 0.0772642 0.1197323 0.0720598 0.0835316 0.0811944 0.0898885 0.0638873 0.0225904 0.0703676 0.0711939 0.0989879 0.0643318 0.0670574 0.0846552 0.0728852 0.0888257 0.0429596 0.0853079 0.1273340 0.1271529 0.1107921 0.1303318 0.1023447 0.0714727 0.1178256 0.0960615 0.0589293 0.1237354 0.1149585 0.1043755 0.0703676 0.1212506 0.0780604 0.1054478 0.1107435 0.0717101 0.0717705 0.1265418 0.1210358 0.0163365 0.0701905 0.0828805 0.0712655 0.0662407 0.0585621 0.1084642 0.0748113 0.0717572 0.0864420 0.0941670 0.0856766 0.0000022 0.0707497 0.0971222 0.1124800 0.0163365 0.0000026 0.0401045 0.0965655 0.0674434 0.1004859 0.1191203 0.1127902 0.0834221 0.0504865 0.0697386 0.0581543 0.0649889 0.0866825 0.0000022 0.6552071 0.1479499 0.1091233 
S0405      0.3413633 0.3087993 0.1294432 0.3240116 0.3636387 0.0624058 0.0806990 0.1580656 0.0270862 0.0890278 0.1468619 0.0109873 0.1099371 0.0841054 0.1113679 0.1397535 0.1188719 0.0866022 0.1140151 0.0107762 0.0000000 0.0825253 0.0749978 0.0680768 0.1029266 0.0982966 0.0719627 0.1192455 0.0806060 0.1112712 0.0960078 0.0957098 0.0618386 0.0156578 0.0823405 0.0884922 0.1040360 0.0493475 0.0160186 0.0771726 0.1042295 0.1301965 0.0826025 0.1190438 0.0805706 0.0926303 0.0742375 0.0216810 0.0806990 0.0816315 0.1093348 0.0905007 0.0778465 0.1026051 0.0723397 0.0989228 0.0687270 0.0957639 0.1263541 0.1372176 0.1208569 0.1405704 0.0966802 0.0983409 0.1281831 0.1237745 0.0923722 0.1341112 0.1263125 0.1150550 0.0806990 0.1317981 0.0969003 0.1270454 0.1208075 0.0822197 0.0751289 0.1281230 0.1718694 0.0157014 0.0735244 0.0930759 0.0817045 0.0849248 0.0845844 0.1026304 0.0856794 0.0987249 0.1147325 0.1047587 0.0961676 0.0104748 0.0883101 0.1073075 0.1418481 0.0157014 0.0054008 0.0577103 0.0990975 0.0710341 0.1109539 0.1374615 0.1353113 0.0827638 0.0682159 0.0799857 0.0686139 0.0914504 0.0980332 0.0105366 0.6842966 0.1662937 0.1136880 
S0407sl    0.4134506 0.3755089 0.0825050 0.3533327 0.3721056 0.0681952 0.0756573 0.1323731 0.1052479 0.0489336 0.1118860 0.0669420 0.0988853 0.0324452 0.0968813 0.1170260 0.0970439 0.0716041 0.0817976 0.0719839 0.0825253 0.0000000 0.0759428 0.0756439 0.1116569 0.0567529 0.0272730 0.0767610 0.0829883 0.1035631 0.0756722 0.0317839 0.0703077 0.0891247 0.0208649 0.0376541 0.0878081 0.0635487 0.0771329 0.0830459 0.0765648 0.1474552 0.0692341 0.0971591 0.1099566 0.0891787 0.0691708 0.0991752 0.0756573 0.0765407 0.0814202 0.0964686 0.0388520 0.0819458 0.0581740 0.0807837 0.0227449 0.0754681 0.0826355 0.0940650 0.0661463 0.0887176 0.1185673 0.0840911 0.1297035 0.1491031 0.0919110 0.0901318 0.0832175 0.1334859 0.0756573 0.1492944 0.0560254 0.0837248 0.1018773 0.0752585 0.0892327 0.1108967 0.1702329 0.0893754 0.0872468 0.0622877 0.0319516 0.0569394 0.0567321 0.0970886 0.0396472 0.0443811 0.1067452 0.0971594 0.0888639 0.0835474 0.0814531 0.0754447 0.1066636 0.0834809 0.0527339 0.0512593 0.0822857 0.0931225 0.0560684 0.1180738 0.1076640 0.0610213 0.0818685 0.0749832 0.0208827 0.0838914 0.0566094 0.0841233 0.6991812 0.0966141 0.0713696 
S0412sl    0.4183528 0.3098049 0.0973386 0.3104227 0.3515068 0.0623419 0.0443710 0.0941861 0.1129957 0.0823507 0.1203964 0.0740694 0.0982290 0.0773814 0.0633953 0.0690948 0.0635100 0.1090886 0.0824488 0.0790722 0.0749978 0.0759428 0.0000000 0.0443641 0.0636977 0.0767554 0.0653611 0.0865753 0.0709901 0.0695918 0.0571262 0.0747913 0.0712388 0.0963623 0.0757774 0.0690537 0.0756750 0.0514958 0.0842067 0.0507231 0.0509454 0.1239809 0.0450395 0.0635590 0.0736852 0.0830127 0.0384604 0.1068525 0.0443710 0.0330293 0.0747436 0.0572926 0.0583707 0.0624861 0.0937693 0.0616315 0.0549242 0.0563537 0.1060043 0.1018020 0.0740992 0.0828957 0.0879983 0.0639104 0.1073903 0.1170339 0.0647117 0.0831257 0.0763742 0.1139611 0.0443710 0.1255145 0.0900368 0.0853887 0.0958775 0.0562009 0.0820979 0.1192984 0.1448927 0.0966328 0.0750113 0.0692015 0.0565560 0.0916653 0.0912919 0.0502168 0.0524864 0.0917101 0.0716362 0.0774449 0.0697612 0.0907450 0.0499063 0.0827664 0.1151605 0.0966328 0.0596556 0.0332410 0.0763967 0.0856192 0.0901550 0.1271668 0.1162461 0.0753424 0.0696011 0.0566083 0.0623407 0.0637597 0.1049262 0.0913798 0.5917729 0.0990140 0.0453951 
S0419      0.3904165 0.3185831 0.0549780 0.2995483 0.2810424 0.0376167 0.0100845 0.0785598 0.0892381 0.0753653 0.0741757 0.0588932 0.0841890 0.0770712 0.0561288 0.0813516 0.0442823 0.1086274 0.0612307 0.0576873 0.0680768 0.0756439 0.0443641 0.0000000 0.0635255 0.0764507 0.0457913 0.0785817 0.0619251 0.0759799 0.0500860 0.0745018 0.0376847 0.0743203 0.0754799 0.0687852 0.0768213 0.0212056 0.0627981 0.0380952 0.0441278 0.1298731 0.0267723 0.0562680 0.0535146 0.0665571 0.0049980 0.0833791 0.0100845 0.0101849 0.0439323 0.0628812 0.0457536 0.0321163 0.0795767 0.0312247 0.0546963 0.0265611 0.0845946 0.0813268 0.0676002 0.0760579 0.0849778 0.0503230 0.0989141 0.0797655 0.0449783 0.0633320 0.0569762 0.1122598 0.0100845 0.1163337 0.0896760 0.0708843 0.0541968 0.0376678 0.0751399 0.0736097 0.1349664 0.0745273 0.0747193 0.0313711 0.0563378 0.0778160 0.0775108 0.0562350 0.0461551 0.0913359 0.0638967 0.0695566 0.0622628 0.0688901 0.0209192 0.0552985 0.0690498 0.0745273 0.0459794 0.0159157 0.0487410 0.0705715 0.0897929 0.0779627 0.0761938 0.0909350 0.0693280 0.0205525 0.0621013 0.0502070 0.1044975 0.0693450 0.5205225 0.0854571 0.0215615 
S0427      0.4254700 0.3480750 0.1023580 0.3100056 0.3274090 0.0892158 0.0635365 0.1067833 0.1089854 0.1044553 0.1288576 0.0643136 0.1105567 0.1139327 0.0751479 0.0972908 0.0752790 0.1407510 0.1028990 0.0836161 0.1029266 0.1116569 0.0636977 0.0635255 0.0000000 0.0954873 0.0869434 0.0706951 0.0901986 0.0908142 0.0841685 0.0950889 0.0839006 0.1098615 0.1113760 0.0901003 0.1281953 0.0515381 0.1054700 0.0681263 0.0624567 0.1470704 0.0711752 0.0753472 0.0728812 0.1033516 0.0572080 0.1210657 0.0635365 0.0516000 0.0757441 0.0810358 0.0859713 0.0692689 0.1240169 0.0689008 0.0823125 0.0697895 0.0844613 0.1009816 0.0882632 0.0963283 0.1100193 0.0755721 0.1373409 0.1155858 0.0645122 0.0824531 0.0757594 0.1635397 0.0635365 0.1574131 0.1275195 0.0811955 0.1113471 0.0560311 0.0886309 0.1115965 0.2011874 0.1101650 0.0876744 0.0832679 0.0899535 0.1203613 0.1107663 0.0911996 0.0866947 0.1112843 0.0705021 0.1067656 0.0979569 0.0876156 0.0563234 0.0812662 0.1131061 0.1101650 0.0651421 0.0510563 0.0964054 0.0856975 0.1130839 0.1159315 0.1141587 0.1228679 0.0736448 0.0766892 0.0825601 0.0753964 0.1444269 0.0882071 0.5711238 0.1409556 0.0730764 
S0428sl    0.3655539 0.3345200 0.0954873 0.3325463 0.3472809 0.0764979 0.0764644 0.1213541 0.1044396 0.0507342 0.1058346 0.0659388 0.0988887 0.0636857 0.0750989 0.0903990 0.0817664 0.0405984 0.0974073 0.0709171 0.0982966 0.0567529 0.0767554 0.0764507 0.0954873 0.0000000 0.0222893 0.0923552 0.0988846 0.0908591 0.0909664 0.0495802 0.0855093 0.1052917 0.0562259 0.0385328 0.0577638 0.0782599 0.0920631 0.0686851 0.0687340 0.1428565 0.0776979 0.0818467 0.0883929 0.1053511 0.0699123 0.1164634 0.0764644 0.0773655 0.0822774 0.0625208 0.0337808 0.0757037 0.0465569 0.0816287 0.0055569 0.0635097 0.0976597 0.1102459 0.0802426 0.0970241 0.1211554 0.0694220 0.1328458 0.1225533 0.0778256 0.0910949 0.0834654 0.1227829 0.0764644 0.1446726 0.0385328 0.0829191 0.1186945 0.0633343 0.0768944 0.1137932 0.1539410 0.1055896 0.0700074 0.0766462 0.0326905 0.0333164 0.0327525 0.0981212 0.0282906 0.0567270 0.0706391 0.0996761 0.0911156 0.0829378 0.0752512 0.0906976 0.0918413 0.1055896 0.0342934 0.0451869 0.0843585 0.0733232 0.0574274 0.1015038 0.0927006 0.0689464 0.0625232 0.0901145 0.0440834 0.0631410 0.0333461 0.0835049 0.5949256 0.1433134 0.0739586 
S0478      0.3893733 0.3156340 0.0780682 0.2849216 0.3153011 0.0511363 0.0581898 0.1283475 0.0945523 0.0275315 0.0794633 0.0624008 0.0867477 0.0456478 0.0787082 0.0851021 0.0710544 0.0345628 0.0713124 0.0610506 0.0719627 0.0272730 0.0653611 0.0457913 0.0869434 0.0222893 0.0000000 0.0596449 0.0723655 0.0847148 0.0582139 0.0449934 0.0403313 0.0785880 0.0332043 0.0106593 0.0456850 0.0466791 0.0664115 0.0652440 0.0650545 0.1355129 0.0515838 0.0789280 0.0908396 0.0713469 0.0518675 0.0883604 0.0581898 0.0588662 0.0520127 0.0723987 0.0164134 0.0575414 0.0228884 0.0578896 0.0173690 0.0390668 0.0656134 0.0772249 0.0500945 0.0717281 0.0898791 0.0660550 0.1257028 0.1312183 0.0804128 0.0728578 0.0660623 0.1171095 0.0581898 0.1372408 0.0278418 0.0598603 0.0839013 0.0578829 0.0721187 0.0788101 0.1579240 0.0788174 0.0640450 0.0452953 0.0106516 0.0222885 0.0223275 0.0710704 0.0109918 0.0526270 0.0728090 0.0711370 0.0636490 0.0725022 0.0572011 0.0649245 0.0740241 0.0788174 0.0351518 0.0341718 0.0520470 0.0605824 0.0277768 0.0838159 0.0747395 0.0491823 0.0713807 0.0576774 0.0215460 0.0658945 0.0338984 0.0733796 0.5543457 0.1008293 0.0740813 
S0552sl    0.5109712 0.4353480 0.0926664 0.3197143 0.3409915 0.0839625 0.0785962 0.1358884 0.1453129 0.0834622 0.1088693 0.1039594 0.1090160 0.0845193 0.1090464 0.1232795 0.0947492 0.1018942 0.0769547 0.1172769 0.1192455 0.0767610 0.0865753 0.0785817 0.0706951 0.0923552 0.0596449 0.0000000 0.0703797 0.1226793 0.0861508 0.0830151 0.0769599 0.1182978 0.0765920 0.0697828 0.1125541 0.0522888 0.1222972 0.0931590 0.0943717 0.1455444 0.0573047 0.1093812 0.0822118 0.0986453 0.0718248 0.1388954 0.0785962 0.0649802 0.0582642 0.0989711 0.0591406 0.0851563 0.0868456 0.0707208 0.0697195 0.0783919 0.0333899 0.0692443 0.0386625 0.0458817 0.1131259 0.1164375 0.1306905 0.1479539 0.1179964 0.0648140 0.0582866 0.1560228 0.0785962 0.1504588 0.0910428 0.0455431 0.0922058 0.0917262 0.0980917 0.0848856 0.1936122 0.1269101 0.1023878 0.0581084 0.0571360 0.0927105 0.0923284 0.1092943 0.0605884 0.1071985 0.1186460 0.1093669 0.1002928 0.1208039 0.0846238 0.0705456 0.1034472 0.1269101 0.0805927 0.0657136 0.0648541 0.1025022 0.0911645 0.1061211 0.1121239 0.0970507 0.1040802 0.0778670 0.0505854 0.1161549 0.1061447 0.1216966 0.7167009 0.1026749 0.0608170 
S0558      0.4687634 0.3858551 0.0946283 0.2980970 0.3650852 0.0691573 0.0497520 0.1345271 0.1026645 0.1034081 0.0960761 0.0714177 0.1131612 0.0985633 0.0993345 0.0912167 0.0856437 0.1003184 0.0806028 0.0762806 0.0806060 0.0829883 0.0709901 0.0619251 0.0901986 0.0988846 0.0723655 0.0703797 0.0000000 0.0979809 0.0775477 0.0962666 0.0489466 0.0870306 0.0828010 0.0758919 0.1189144 0.0263340 0.0812647 0.0708618 0.0853118 0.1446282 0.0702263 0.0996267 0.0947643 0.0805304 0.0557759 0.0967415 0.0619356 0.0503016 0.0961921 0.0698648 0.0653198 0.0766596 0.0855425 0.0796179 0.0763779 0.0701776 0.0975379 0.1093903 0.0883980 0.1058763 0.1079471 0.0991923 0.1127013 0.1314724 0.1077777 0.1056950 0.0983816 0.1320045 0.0619356 0.1308849 0.0974693 0.0839661 0.0741568 0.0829845 0.1025580 0.0805090 0.1705404 0.0872700 0.0868425 0.0614057 0.0692993 0.0992716 0.0988570 0.0995521 0.0661385 0.1139193 0.1010106 0.0996244 0.0910802 0.0815803 0.0761946 0.0743498 0.0908820 0.0872700 0.0524879 0.0457553 0.0495168 0.0983152 0.0976088 0.0852485 0.0908917 0.0897171 0.0814889 0.0614057 0.0689779 0.0989548 0.1127953 0.0821285 0.6842428 0.1238932 0.1005299 
S0616      0.3639718 0.3172283 0.1130988 0.3060444 0.3699984 0.0957489 0.0759934 0.0867231 0.1365386 0.1250221 0.1292085 0.0959375 0.1468938 0.1110886 0.0630292 0.0828656 0.0622865 0.1102029 0.0951557 0.1007753 0.1112712 0.1035631 0.0695918 0.0759799 0.0908142 0.0908591 0.0847148 0.1226793 0.0979809 0.0000000 0.0704872 0.1019067 0.0987088 0.1184131 0.1033111 0.0959652 0.1052262 0.0845517 0.0918463 0.0833064 0.0568536 0.1848755 0.0837288 0.0695834 0.1029174 0.1338972 0.0694863 0.1302128 0.0759934 0.0638517 0.0948432 0.0967486 0.0993208 0.0677313 0.1091717 0.0944222 0.0537318 0.0551628 0.1130654 0.1027739 0.1149097 0.1114108 0.1404774 0.0911291 0.1650271 0.1406899 0.0786830 0.0886782 0.0819000 0.1658509 0.0759934 0.1872137 0.0842496 0.1208184 0.1035263 0.0567020 0.0946414 0.1431121 0.2109119 0.1187404 0.0961636 0.0895443 0.0824986 0.1066732 0.1062188 0.0553221 0.0712537 0.1216103 0.0214583 0.0560983 0.0493345 0.1127061 0.0673378 0.1040755 0.1239647 0.1187404 0.0668672 0.0641003 0.1116150 0.0758884 0.1048656 0.1271628 0.1182174 0.0897007 0.0906700 0.0895443 0.0885603 0.0843741 0.1203966 0.1135251 0.5529523 0.1414405 0.0729779 
S0620      0.4151952 0.3903305 0.0818009 0.2639159 0.3132251 0.0611701 0.0500940 0.1081384 0.1197728 0.0886199 0.0966623 0.0725678 0.1191021 0.0906665 0.0271649 0.0506728 0.0272160 0.0857878 0.0824492 0.0774922 0.0960078 0.0756722 0.0571262 0.0500860 0.0841685 0.0909664 0.0582139 0.0861508 0.0775477 0.0704872 0.0000000 0.0885940 0.0510688 0.1028210 0.0627272 0.0688160 0.0966610 0.0513932 0.0825425 0.0753780 0.0160156 0.1465788 0.0557268 0.0272245 0.0869107 0.0750434 0.0441152 0.1136178 0.0500940 0.0506503 0.0817669 0.0977342 0.0711305 0.0499061 0.0850128 0.0748237 0.0618031 0.0440145 0.0899148 0.0813518 0.0674672 0.0830309 0.1019990 0.0635262 0.1290122 0.1268282 0.0561610 0.0905206 0.0835784 0.1121208 0.0500940 0.1483921 0.0765053 0.0781512 0.0744455 0.0438978 0.1032309 0.0958528 0.1548425 0.1031063 0.0941843 0.0496735 0.0563710 0.0913101 0.0909401 0.0272109 0.0590435 0.0915934 0.0583644 0.0272448 0.0213075 0.0972136 0.0496215 0.0760511 0.0914542 0.1031063 0.0599721 0.0445950 0.0562036 0.1007600 0.0765900 0.0930999 0.0923051 0.0891327 0.0887928 0.0496735 0.0621336 0.0633772 0.1045044 0.0978970 0.5696603 0.0876619 0.0469654 
S0624      0.4396082 0.3999205 0.0818681 0.3993900 0.3852729 0.0807237 0.0745148 0.1369606 0.1113156 0.0606453 0.0974205 0.0663987 0.1126585 0.0438828 0.0879945 0.1151270 0.0881429 0.0847961 0.0880022 0.0778992 0.0957098 0.0317839 0.0747913 0.0745018 0.0950889 0.0495802 0.0449934 0.0830151 0.0962666 0.1019067 0.0885940 0.0000000 0.0832554 0.1025093 0.0317320 0.0490985 0.0811835 0.0762184 0.0903279 0.0744804 0.0749036 0.1397104 0.0756867 0.0882362 0.1006179 0.1025669 0.0681398 0.1132749 0.0745148 0.0753708 0.0676594 0.0876273 0.0506780 0.0679132 0.0708566 0.0671472 0.0225255 0.0743314 0.0889004 0.1007061 0.0660491 0.0876823 0.1035644 0.0756618 0.1375168 0.1441700 0.0973590 0.0822327 0.0755604 0.1415925 0.0745148 0.1576186 0.0681947 0.0827473 0.1017342 0.0741281 0.0878449 0.1250684 0.1790957 0.1027938 0.0808717 0.0621922 0.0432006 0.0629839 0.0623470 0.0955441 0.0452753 0.0498820 0.0972379 0.1109519 0.1022054 0.0894188 0.0675180 0.0815805 0.0986117 0.0968148 0.0522025 0.0507569 0.0954290 0.0916083 0.0682599 0.1094808 0.0995322 0.0677811 0.0813331 0.0877838 0.0317629 0.0754856 0.0689248 0.0900356 0.6846337 0.1370748 0.0839180 
S0641      0.4537422 0.3735495 0.0676421 0.3139539 0.3386165 0.0559418 0.0492231 0.1326656 0.0824985 0.0832808 0.0949104 0.0593474 0.0836333 0.0852183 0.0707650 0.0977961 0.0708928 0.0947425 0.0681443 0.0581234 0.0618386 0.0703077 0.0712388 0.0376847 0.0839006 0.0855093 0.0403313 0.0769599 0.0489466 0.0987088 0.0510688 0.0832554 0.0000000 0.0679756 0.0701569 0.0634811 0.0912723 0.0322465 0.0632662 0.0700357 0.0579051 0.1196056 0.0626531 0.0709549 0.0960320 0.0430870 0.0433516 0.0766889 0.0492231 0.0497608 0.0764321 0.0899159 0.0656354 0.0629284 0.0665516 0.0735057 0.0628574 0.0567493 0.0987953 0.1027096 0.0817295 0.0907193 0.0650417 0.0708964 0.1036971 0.1244859 0.0785213 0.0988747 0.0916755 0.1210799 0.0492231 0.1210386 0.0843092 0.0839372 0.0607891 0.0565945 0.0694837 0.0795869 0.1588605 0.0681660 0.0744349 0.0373025 0.0570935 0.0723413 0.0720575 0.0709087 0.0598371 0.1000659 0.0858275 0.0709751 0.0635038 0.0625705 0.0625575 0.0620520 0.0897736 0.0681660 0.0400950 0.0392421 0.0488089 0.0713962 0.0844139 0.0919237 0.0770571 0.0839235 0.0690643 0.0488173 0.0568310 0.0707278 0.0990923 0.0629790 0.6338335 0.1096265 0.0715366 
S0643      0.3288567 0.2694825 0.1366919 0.3074468 0.3210892 0.0686096 0.0871346 0.1663851 0.0327529 0.0957196 0.1545272 0.0166105 0.1341603 0.0772427 0.1185239 0.1473215 0.1261582 0.0935532 0.1209651 0.0162894 0.0156578 0.0891247 0.0963623 0.0743203 0.1098615 0.1052917 0.0785880 0.1182978 0.0870306 0.1184131 0.1028210 0.1025093 0.0679756 0.0000000 0.0889198 0.0951362 0.1110499 0.0552430 0.0215189 0.0837765 0.1112622 0.1300515 0.0819615 0.1263510 0.0874954 0.0991730 0.0805671 0.0273108 0.0871346 0.0815360 0.1163382 0.0973198 0.0845092 0.1095197 0.0790091 0.1055543 0.0756113 0.1025662 0.1337684 0.1446222 0.1279069 0.1481783 0.1200668 0.1053467 0.1357349 0.1310097 0.0993440 0.1416678 0.1337233 0.1246273 0.0871346 0.1395728 0.1037785 0.1344905 0.1278561 0.0887941 0.0815458 0.1352870 0.1806356 0.0210909 0.0797804 0.0996575 0.0882238 0.0917369 0.0913630 0.1262483 0.0925408 0.1057572 0.1221210 0.1118285 0.1029981 0.0158302 0.0949492 0.1141609 0.1495418 0.0210909 0.0108850 0.0639836 0.1057317 0.0775788 0.1180698 0.1452365 0.1429375 0.0898993 0.0744689 0.0863562 0.0749070 0.0983472 0.1050076 0.0159244 0.6104442 0.1356623 0.1136880 
S0645sl    0.4226539 0.4018569 0.0958406 0.3337618 0.3458092 0.0680545 0.0754933 0.1468807 0.1049870 0.0488443 0.1107302 0.0662733 0.1131522 0.0321630 0.0829867 0.1025152 0.0831312 0.0709018 0.0816165 0.0712739 0.0823405 0.0208649 0.0757774 0.0754799 0.1113760 0.0562259 0.0332043 0.0765920 0.0828010 0.1033111 0.0627272 0.0317320 0.0701569 0.0889198 0.0000000 0.0375898 0.0876103 0.0634173 0.0635951 0.0828583 0.0698440 0.1636263 0.0690895 0.0832156 0.1087766 0.0889737 0.0690254 0.0989319 0.0754933 0.0763716 0.0812407 0.0962394 0.0387829 0.0817637 0.0576205 0.0806074 0.0168658 0.0753050 0.0818307 0.0938485 0.0660147 0.0885147 0.1182475 0.0838982 0.1451233 0.1486961 0.0901040 0.0899216 0.0824001 0.1316401 0.0754933 0.1656675 0.0490841 0.0835340 0.1016342 0.0750964 0.0890271 0.1106203 0.1752585 0.0891694 0.0870516 0.0621623 0.0318991 0.0568265 0.0566201 0.0831589 0.0395746 0.0442997 0.1064757 0.0832281 0.0754277 0.0833570 0.0812734 0.0752817 0.1063943 0.0832917 0.0526283 0.0511602 0.0821021 0.0928955 0.0559596 0.1167881 0.1003737 0.0604120 0.0816870 0.0748226 0.0208513 0.0836994 0.0560850 0.0839296 0.6283496 0.1101479 0.0857512 
