122
CRNC          0.0000000 0.2938287 0.3977589 0.5527582 0.4554436 0.6380959 0.6891341 0.5814999 0.5842094 0.6429539 0.5535579 0.5991882 0.6551482 0.5952405 0.5912981 0.6218031 0.5887528 0.5994520 0.5969704 0.6395656 0.5909838 0.6133552 0.5855127 0.6157335 0.5651921 0.5949148 0.5716071 0.6269157 0.5816691 0.6139691 0.5812452 0.5951599 0.6923652 0.5956878 0.6082314 0.5641210 0.6051279 0.5895448 0.5751289 0.6324282 0.6105896 0.5804078 0.6549678 0.6092331 0.6064283 0.5649570 0.5912913 0.5925226 0.5921785 0.8162082 0.5588308 0.5973198 0.5722048 0.6065299 0.5716036 0.5889082 0.6024263 0.5907279 0.5883573 0.6071523 0.5977692 0.6038911 0.6092164 0.6193593 0.5409722 0.5812114 0.6376740 0.5423386 0.5781446 0.5873727 0.6032486 0.6100696 0.6227555 0.5804677 0.6838373 0.6198989 0.5618910 0.5813092 0.5691536 0.5959404 0.7298823 0.7605908 0.5968319 0.5551505 0.5771898 0.5798899 0.5758152 0.5844777 0.8533529 0.5948429 0.5718325 0.5782041 0.6135335 0.6391386 0.6155894 0.5931118 0.6173358 0.6490752 0.5724560 0.5787978 0.6041585 0.5828943 0.5772066 0.5943121 0.5822581 0.5869941 0.5607591 0.5395779 0.6299281 0.5781484 0.5769616 0.6000742 0.6032244 0.6255487 0.5925966 0.5946855 0.6273410 0.5706678 0.6337016 0.5858272 0.6347310 0.5832798 
HYZL          0.2938287 0.0000000 0.1421233 0.4323511 0.4912590 0.5251016 0.4694349 0.4769189 0.4881946 0.5366700 0.5059419 0.4992933 0.5383647 0.5257925 0.5014116 0.5098048 0.5067465 0.5097403 0.4961199 0.5630047 0.5028243 0.5059581 0.4880139 0.5452238 0.4844058 0.5010520 0.4826133 0.5407800 0.4870207 0.5208450 0.4865331 0.5022592 0.5727424 0.5056002 0.5225454 0.4887424 0.4992653 0.4916400 0.4845539 0.5339597 0.4836015 0.4890491 0.5310390 0.5238313 0.5228895 0.4817586 0.4972409 0.5198023 0.5047383 0.6739853 0.4903336 0.4969850 0.4833902 0.4847272 0.4981221 0.4880599 0.5153983 0.4939074 0.4884198 0.5202060 0.5299321 0.5206029 0.5271663 0.5318574 0.4370765 0.4488044 0.5430032 0.4631573 0.5040384 0.5036974 0.5194272 0.5065997 0.5074572 0.5228849 0.6069356 0.4901039 0.5028412 0.4751114 0.4936662 0.5335059 0.6004550 0.6471835 0.4748577 0.4945601 0.4823429 0.5078483 0.4834660 0.5145687 0.7027947 0.4902271 0.4700456 0.4704294 0.5247641 0.5381530 0.5263103 0.5051347 0.5142865 0.5516560 0.4654645 0.4912485 0.5054795 0.4926086 0.5163003 0.5346946 0.5025939 0.4932267 0.4922700 0.4725936 0.5486114 0.4806971 0.4973135 0.5201125 0.5302742 0.5492841 0.4902045 0.4949471 0.5264715 0.5247583 0.5192483 0.4994218 0.6208108 0.4732730 
MYZV          0.3977589 0.1421233 0.0000000 0.5581870 0.6028996 0.6051427 0.5671069 0.5516325 0.5837206 0.5923239 0.5967195 0.5645971 0.5847842 0.6191823 0.5672529 0.5713436 0.5749855 0.5854174 0.5946012 0.6126325 0.5819516 0.6147708 0.6004959 0.6430292 0.5575898 0.5744536 0.5463600 0.6304505 0.5687685 0.5901558 0.5873005 0.5739372 0.6475184 0.5916983 0.6092418 0.5633991 0.5851636 0.6057964 0.5664953 0.5925324 0.5586747 0.5545378 0.6046300 0.5949472 0.6069847 0.5472831 0.5675643 0.5884137 0.5769491 0.6966196 0.5644370 0.5871038 0.5533131 0.5834641 0.5605906 0.5855641 0.5831702 0.5930966 0.5857530 0.6031905 0.5965415 0.6136438 0.6244325 0.5988236 0.5046007 0.5352290 0.6141599 0.5388428 0.5623011 0.5920108 0.5775940 0.5721868 0.5679089 0.6305911 0.6148591 0.5924401 0.5737948 0.5446038 0.5490144 0.6081981 0.6102053 0.6683239 0.5209179 0.5779282 0.5786549 0.5883650 0.5669118 0.5934867 0.7093389 0.5441710 0.5597884 0.5548442 0.5855488 0.6157712 0.5902229 0.5727911 0.6150377 0.6084999 0.5626081 0.5715122 0.5856487 0.5513003 0.6092192 0.6494584 0.5955685 0.5530014 0.5526517 0.5498005 0.6230460 0.5541251 0.5860426 0.6096626 0.6180763 0.5902305 0.5667377 0.5877997 0.5931772 0.6329999 0.5943326 0.5655336 0.6894386 0.5413996 
SRR6441723    0.5527582 0.4323511 0.5581870 0.0000000 0.0000010 0.1132862 0.3657722 0.0891265 0.0849359 0.1394079 0.0911121 0.0805269 0.1418136 0.0979037 0.1052413 0.1556845 0.1458576 0.1198318 0.0991559 0.1229969 0.1149328 0.1131605 0.0491433 0.0412398 0.0968540 0.0883899 0.0895859 0.1227807 0.1106091 0.1233256 0.0848777 0.0937470 0.1646766 0.1182160 0.1132880 0.1080795 0.1106528 0.1154419 0.1015415 0.1282498 0.0851897 0.0917603 0.1248357 0.1081571 0.1172179 0.0988581 0.0808258 0.0556059 0.1177758 0.3832095 0.0904279 0.1126500 0.1009205 0.0902166 0.0993400 0.0868337 0.1014948 0.0870970 0.0894421 0.1050901 0.0556824 0.1147912 0.1037941 0.1169392 0.0628657 0.0824554 0.1117042 0.1026711 0.1016453 0.0997229 0.1131291 0.1089741 0.1430194 0.0790601 0.3520336 0.1127505 0.1206622 0.0987601 0.1034903 0.1066282 0.3167314 0.3604292 0.0654399 0.0811457 0.0554270 0.1157631 0.0965270 0.1142763 0.3662098 0.0923516 0.0905691 0.0781904 0.1342478 0.1171520 0.1046407 0.1137274 0.1122624 0.1320275 0.0943938 0.1235676 0.1205541 0.0892522 0.1022208 0.0517500 0.0975625 0.1008934 0.0819072 0.0859290 0.1124150 0.0881811 0.1047361 0.0965450 0.1056622 0.1239106 0.0876680 0.0824085 0.1257684 0.0818853 0.1172872 0.0969476 0.1163830 0.0827835 
ERR4210213    0.4554436 0.4912590 0.6028996 0.0000010 0.0000000 0.1742677 0.2853374 0.1152138 0.0468774 0.1138802 0.0968735 0.1492444 0.1012552 0.0433687 0.1506275 0.1276706 0.1210781 0.1612305 0.1419653 0.1210425 0.1706222 0.1020122 0.0188334 0.0847707 0.0763317 0.1529589 0.1378537 0.0980098 0.1067794 0.1040963 0.0504579 0.0945089 0.0934263 0.1626917 0.0962632 0.0624155 0.1344223 0.1239696 0.1635681 0.1155036 0.1319777 0.1375147 0.1358961 0.0972016 0.0880491 0.1223129 0.1547856 0.0784944 0.1721887 0.4320992 0.0943908 0.1682226 0.0619068 0.1083178 0.0816840 0.0505248 0.1433440 0.0468774 0.0507597 0.0667101 0.0786115 0.1034811 0.1579284 0.0920400 0.1008658 0.0705435 0.0928408 0.0699419 0.0673113 0.0556209 0.0872917 0.0758449 0.1269902 0.1132850 0.2929671 0.0827593 0.1258486 0.1294847 0.0646323 0.0845953 0.4895971 0.3786528 0.0952515 0.0666223 0.0656411 0.1369923 0.1563473 0.0547341 4.5006336 0.1560159 0.1323431 0.0650971 0.0883895 0.0921705 0.0968205 0.1574097 0.1124481 0.1135030 0.1460898 0.1661988 0.1761586 0.1432962 0.1380346 0.0966036 0.0267761 0.1650418 0.1529532 0.0691284 0.0691679 0.1332404 0.0925886 0.0625150 0.0656870 0.1062192 0.1387078 0.0624381 0.0941815 0.1140420 0.0922630 0.1389867 0.1149168 0.1311500 
ERR2789774    0.6380959 0.5251016 0.6051427 0.1132862 0.1742677 0.0000000 0.3475855 0.0638029 0.1274195 0.1539157 0.1309023 0.0426076 0.1573994 0.1203447 0.0504240 0.1386084 0.1432361 0.1421256 0.1449814 0.1482352 0.1425337 0.1261965 0.1293659 0.1439983 0.1026865 0.0407281 0.0436668 0.1441232 0.1018328 0.1358855 0.1251259 0.1124589 0.1630229 0.1409416 0.1317743 0.1313478 0.1033481 0.1307739 0.1316324 0.1436891 0.0712055 0.0377646 0.1529309 0.1275944 0.1421688 0.0897655 0.0385786 0.1323111 0.1436541 0.4327170 0.1079022 0.1395746 0.1142333 0.0704046 0.1381319 0.1234568 0.0479969 0.1286772 0.1292445 0.1413674 0.1270483 0.1311072 0.1324951 0.1447313 0.0879082 0.0882572 0.1430933 0.1200437 0.1362976 0.1242878 0.1558528 0.1472738 0.1231455 0.1466753 0.3761985 0.1231743 0.1312416 0.1163145 0.1414675 0.1547647 0.3697448 0.4033125 0.1220725 0.1406250 0.1254040 0.1345658 0.0758244 0.1367003 0.4179251 0.0480348 0.0718047 0.1020913 0.1454859 0.1486480 0.1381600 0.1401085 0.1378784 0.1482089 0.1161047 0.1452520 0.1476150 0.0384525 0.1324672 0.1577669 0.1182907 0.0522231 0.0440033 0.0610048 0.1358341 0.0755980 0.1205019 0.1299428 0.1301713 0.1620858 0.0654599 0.1315193 0.1423458 0.1450556 0.1457252 0.0492039 0.2026337 0.0511154 
PAFTOL_019361 0.6891341 0.4694349 0.5671069 0.3657722 0.2853374 0.3475855 0.0000000 0.3231775 0.3267228 0.3530402 0.3397280 0.3381459 0.3673670 0.3265400 0.3311649 0.3629744 0.3317165 0.3496739 0.3563945 0.3428521 0.3524095 0.3416310 0.3345361 0.3654129 0.3454187 0.3429008 0.3384630 0.3382478 0.3449764 0.3481836 0.3297050 0.3402784 0.3691109 0.3463462 0.3389463 0.3472462 0.3427992 0.3326585 0.3390351 0.3399900 0.3119312 0.3259218 0.3423074 0.3385616 0.3552847 0.3286036 0.3324038 0.3388565 0.3594625 0.5071693 0.3501692 0.3599670 0.3395615 0.3173593 0.3498347 0.3233515 0.3398683 0.3285261 0.3329187 0.3401219 0.3428393 0.3358410 0.3412407 0.3568693 0.2837618 0.3009170 0.3574880 0.3179719 0.3512269 0.3324865 0.3628284 0.3565982 0.3657714 0.3590449 0.4759291 0.3533238 0.3219259 0.3102796 0.3523163 0.3740052 0.5304887 0.5528491 0.2796142 0.3559019 0.3495285 0.3211308 0.3409986 0.3424097 0.6885525 0.3448390 0.3279174 0.3186953 0.3633396 0.3635801 0.3584776 0.3567246 0.3458709 0.3571507 0.3188351 0.3595144 0.3578519 0.3295468 0.3372588 0.3661876 0.3142726 0.3553929 0.3285778 0.2929681 0.3551877 0.3265173 0.3348650 0.3406675 0.3239334 0.3466911 0.3320839 0.3379922 0.3476248 0.3579921 0.3653826 0.3522293 0.3380868 0.3197219 
S0055         0.5814999 0.4769189 0.5516325 0.0891265 0.1152138 0.0638029 0.3231775 0.0000000 0.0852629 0.1175590 0.0976382 0.0430304 0.1231543 0.0824435 0.0531782 0.1052723 0.1184464 0.1164644 0.1229274 0.1153181 0.1151203 0.0882352 0.0935054 0.1184098 0.0708433 0.0441936 0.0492506 0.1108232 0.0668076 0.1002870 0.0875947 0.0801554 0.1222076 0.1195722 0.0970007 0.0875966 0.0806317 0.1073292 0.1081073 0.1102747 0.0474902 0.0422255 0.1193115 0.0899040 0.1077407 0.0649210 0.0430384 0.1032029 0.1195367 0.4072287 0.0757691 0.1182846 0.0874600 0.0452664 0.0939827 0.0851151 0.0505858 0.0863944 0.0867115 0.1006572 0.0982698 0.1007661 0.1145997 0.1055883 0.0564396 0.0624206 0.1027609 0.0974878 0.0988314 0.0934796 0.1142685 0.1089883 0.0894574 0.1141448 0.3466159 0.0876972 0.1082914 0.0912219 0.1011042 0.1123548 0.3557532 0.3895725 0.0838115 0.1012937 0.0970781 0.1082430 0.0461700 0.0993494 0.4060983 0.0485656 0.0463077 0.0668615 0.1060251 0.1047674 0.1022919 0.1176909 0.1013430 0.1175396 0.1032370 0.1235749 0.1271143 0.0428555 0.1120416 0.1220283 0.0821508 0.0538414 0.0463872 0.0205412 0.1009364 0.0463624 0.0880851 0.0914925 0.0878188 0.1221694 0.0412825 0.0888689 0.1072255 0.1124495 0.1040327 0.0483559 0.1549988 0.0339238 
S0196sl       0.5842094 0.4881946 0.5837206 0.0849359 0.0468774 0.1274195 0.3267228 0.0852629 0.0000000 0.1063197 0.0462716 0.0959788 0.1001768 0.0679432 0.1060095 0.1229029 0.0955645 0.0923888 0.0869261 0.0962515 0.0925116 0.0851065 0.0773774 0.0989684 0.0822719 0.1009374 0.0982477 0.0913216 0.0960309 0.0887521 0.0052138 0.0826031 0.0977824 0.0920501 0.0802146 0.0671017 0.1102017 0.0819091 0.0815121 0.0927293 0.0961097 0.0870586 0.1083309 0.0848024 0.0967094 0.0833352 0.0949186 0.0465136 0.0964159 0.4077499 0.1004641 0.0931045 0.0821313 0.0870043 0.0711694 0.0060809 0.1050469 0.0043358 0.0078696 0.0702444 0.0474449 0.0917375 0.0937351 0.0915893 0.0547281 0.0583141 0.0817319 0.0688816 0.0668949 0.0583731 0.0823142 0.0735998 0.1079427 0.0618889 0.3618023 0.0873875 0.0960306 0.0844460 0.0635834 0.0748167 0.3690253 0.3995751 0.0726789 0.0641703 0.0787916 0.0959297 0.0921360 0.0825967 0.4405480 0.1039506 0.0963401 0.0615712 0.0863585 0.0931237 0.0880674 0.0925364 0.0868323 0.1032165 0.0794023 0.0991551 0.1012536 0.0954548 0.0952766 0.1015129 0.0642304 0.1072212 0.0930010 0.0632291 0.0827669 0.0876103 0.0796238 0.0701829 0.0730645 0.1005985 0.0892886 0.0060972 0.0939224 0.0630707 0.0885723 0.1038339 0.0939188 0.0856971 
S0278         0.6429539 0.5366700 0.5923239 0.1394079 0.1138802 0.1539157 0.3530402 0.1175590 0.1063197 0.0000000 0.1099844 0.1368905 0.0634220 0.1211365 0.1383135 0.1650901 0.0585644 0.1574834 0.1525157 0.0573399 0.1593842 0.0625152 0.1195488 0.1395758 0.1220246 0.1278066 0.1325755 0.0539431 0.1381162 0.0552227 0.1048800 0.1223492 0.0703806 0.1567846 0.0660400 0.1162830 0.1331893 0.1463591 0.1488000 0.0504505 0.1333608 0.1270547 0.0691156 0.0676887 0.0916125 0.1296073 0.1304460 0.1104465 0.1646053 0.4001868 0.1425727 0.1631873 0.1344355 0.1186453 0.1234332 0.1051028 0.1357528 0.1075329 0.1067632 0.1214373 0.1084031 0.0790362 0.1548842 0.0824692 0.0638022 0.0948348 0.0558081 0.1298903 0.1249475 0.1026743 0.1375509 0.1250882 0.1599729 0.1288927 0.3287222 0.1333586 0.1591174 0.1324060 0.1226733 0.1301593 0.3467520 0.3728367 0.0782676 0.1163160 0.1267775 0.1554854 0.1304063 0.1356793 0.4156080 0.1362264 0.1335765 0.1020443 0.0552655 0.0781442 0.0782534 0.1542714 0.0778702 0.0472687 0.1547447 0.1608825 0.1614006 0.1274263 0.1553639 0.1430145 0.1202673 0.1429752 0.1271052 0.0966378 0.1325450 0.1222680 0.0718895 0.1226616 0.1287242 0.0639595 0.1377028 0.1090848 0.0550145 0.1248303 0.0770591 0.1365327 0.1641934 0.1175335 
S0281         0.5535579 0.5059419 0.5967195 0.0911121 0.0968735 0.1309023 0.3397280 0.0976382 0.0462716 0.1099844 0.0000000 0.1021984 0.1096558 0.0888512 0.1138191 0.1410718 0.1078763 0.1004544 0.0906923 0.0978403 0.0981906 0.0978274 0.0893248 0.0970062 0.0982860 0.1028806 0.1095578 0.0963007 0.1042059 0.0969228 0.0472296 0.0974810 0.1141844 0.1000797 0.0939798 0.0728021 0.1135905 0.0912600 0.0890749 0.0993585 0.1087537 0.1004085 0.1111577 0.0943626 0.0960699 0.0976248 0.1075438 0.0543363 0.0999463 0.3896706 0.1123876 0.1011792 0.0953501 0.1003724 0.0816636 0.0504309 0.1129129 0.0473740 0.0516937 0.0772557 0.0541757 0.1003560 0.0983604 0.0996447 0.0673836 0.0743883 0.0930730 0.0770251 0.0761098 0.0690119 0.0888600 0.0833178 0.1250707 0.0642886 0.3485154 0.1007372 0.0909123 0.0781759 0.0769979 0.0893029 0.3416670 0.3777622 0.0893342 0.0673558 0.0967357 0.0896559 0.0983365 0.1004923 0.4012739 0.1122974 0.1038442 0.0687072 0.0976542 0.0989245 0.0971716 0.0982829 0.0992579 0.1066870 0.0830878 0.1011600 0.1012421 0.1084571 0.0949689 0.1030319 0.0851221 0.1155835 0.1031249 0.0749650 0.0976323 0.0989916 0.0937415 0.0887122 0.0932225 0.1053671 0.1064447 0.0505837 0.1028542 0.0611197 0.0996666 0.1127985 0.1064600 0.1016945 
S0282         0.5991882 0.4992933 0.5645971 0.0805269 0.1492444 0.0426076 0.3381459 0.0430304 0.0959788 0.1368905 0.1021984 0.0000000 0.1350439 0.0945781 0.0209085 0.1185830 0.1254004 0.1166206 0.1238943 0.1296569 0.1175123 0.1025899 0.1009735 0.1183713 0.0802217 0.0133602 0.0216847 0.1224323 0.0774300 0.1152863 0.0960905 0.0860271 0.1383031 0.1158778 0.1110047 0.1083157 0.0808757 0.1090134 0.1070312 0.1248465 0.0461423 0.0180143 0.1371592 0.1017825 0.1162641 0.0663363 0.0115263 0.1059311 0.1219225 0.4149592 0.0819758 0.1146139 0.0924146 0.0453259 0.1121531 0.0946298 0.0171013 0.0971303 0.0974546 0.1159633 0.1026002 0.1093297 0.1122440 0.1176222 0.0629705 0.0658137 0.1169999 0.0964851 0.1125762 0.1001671 0.1252967 0.1196570 0.1057074 0.1187561 0.3405630 0.1047215 0.1100545 0.0932145 0.1133854 0.1291570 0.3501841 0.3862555 0.0998850 0.1139199 0.0995609 0.1107917 0.0560091 0.1107126 0.3945455 0.0170486 0.0474090 0.0826397 0.1204209 0.1223242 0.1115242 0.1150327 0.1082700 0.1316314 0.0974515 0.1199114 0.1220950 0.0197652 0.1110238 0.1343186 0.0909986 0.0227278 0.0208633 0.0413882 0.1103371 0.0527904 0.0958799 0.1034589 0.1023805 0.1373816 0.0414791 0.0996702 0.1200892 0.1141794 0.1211911 0.0142966 0.1836222 0.0303194 
S0289         0.6551482 0.5383647 0.5847842 0.1418136 0.1012552 0.1573994 0.3673670 0.1231543 0.1001768 0.0634220 0.1096558 0.1350439 0.0000000 0.1216351 0.1405633 0.1597504 0.0631140 0.1459534 0.1436217 0.0529821 0.1434843 0.0563878 0.1236018 0.1318940 0.1227392 0.1310727 0.1363913 0.0447039 0.1299622 0.0533395 0.0999508 0.1208618 0.0642107 0.1459131 0.0621996 0.1237488 0.1388049 0.1298670 0.1324285 0.0605843 0.1321820 0.1277346 0.0666308 0.0574576 0.0791675 0.1267677 0.1310902 0.1068632 0.1497069 0.4218142 0.1233992 0.1444979 0.1298343 0.1180520 0.1217807 0.1048654 0.1364295 0.1025618 0.1066232 0.1222348 0.1070098 0.0671104 0.1445066 0.0728841 0.0505583 0.0967058 0.0498515 0.1181587 0.1195305 0.1064305 0.1372493 0.1272139 0.1608694 0.1207538 0.3728103 0.1336593 0.1507728 0.1267161 0.1193909 0.1259405 0.3699326 0.4103134 0.0670117 0.1065190 0.1332876 0.1523237 0.1348787 0.1337943 0.4499078 0.1375807 0.1347886 0.1026834 0.0466718 0.0696677 0.0676725 0.1385306 0.0695834 0.0527014 0.1331479 0.1453286 0.1461407 0.1320130 0.1457716 0.1343003 0.1181021 0.1399170 0.1333102 0.1009077 0.1340449 0.1211641 0.0711123 0.1216760 0.1327539 0.0588394 0.1356968 0.1040818 0.0406134 0.1193400 0.0684144 0.1385122 0.1490131 0.1211113 
S0292         0.5952405 0.5257925 0.6191823 0.0979037 0.0433687 0.1203447 0.3265400 0.0824435 0.0679432 0.1211365 0.0888512 0.0945781 0.1216351 0.0000000 0.1046975 0.1177680 0.1165249 0.1241699 0.1182366 0.1093898 0.1285194 0.0982690 0.0779889 0.1013257 0.0816665 0.0983689 0.0977742 0.1061479 0.0895158 0.1021655 0.0701530 0.0846425 0.1147276 0.1242504 0.0974169 0.0811087 0.1102807 0.1048904 0.1155494 0.1055583 0.0881147 0.0891784 0.1315582 0.0906643 0.1099324 0.0815157 0.0923375 0.0829352 0.1342557 0.4334138 0.0932485 0.1244147 0.0812364 0.0795603 0.0793888 0.0677928 0.1035935 0.0690197 0.0714536 0.0893876 0.0793039 0.0997839 0.1168891 0.1031655 0.0589275 0.0643812 0.1005956 0.0942596 0.0820203 0.0785935 0.0947456 0.0917535 0.1050109 0.0955555 0.3730443 0.0819686 0.1212523 0.1108326 0.0881040 0.0962701 0.4002723 0.4183779 0.0876503 0.0837548 0.0815321 0.1224710 0.0907502 0.0396594 0.4755117 0.1001548 0.0949527 0.0524215 0.1029604 0.1024958 0.0995623 0.1246899 0.1011153 0.1164876 0.1063298 0.1282359 0.1330123 0.0920304 0.1129843 0.1102964 0.0116200 0.1046136 0.0870094 0.0562723 0.0393355 0.0895638 0.0850536 0.0255551 0.0215944 0.1174287 0.0913929 0.0702345 0.1089195 0.0950399 0.1025114 0.1040508 0.1198857 0.0825655 
S0293         0.5912981 0.5014116 0.5672529 0.1052413 0.1506275 0.0504240 0.3311649 0.0531782 0.1060095 0.1383135 0.1138191 0.0209085 0.1405633 0.1046975 0.0000000 0.1203507 0.1311791 0.1222432 0.1258452 0.1315000 0.1243071 0.1080174 0.1097634 0.1303598 0.0908747 0.0200032 0.0296729 0.1242361 0.0828825 0.1197417 0.1045900 0.0992608 0.1355737 0.1211637 0.1139536 0.1122078 0.0886241 0.1177432 0.1149726 0.1253656 0.0572857 0.0249405 0.1391151 0.1081259 0.1246875 0.0753874 0.0190284 0.1164967 0.1276367 0.4104862 0.0926966 0.1213647 0.1020888 0.0554066 0.1190885 0.1045902 0.0228579 0.1072059 0.1063822 0.1192218 0.1142671 0.1144169 0.1135764 0.1234326 0.0684621 0.0754388 0.1241745 0.1029600 0.1234137 0.1068223 0.1282808 0.1255849 0.1151976 0.1292592 0.3398357 0.1176016 0.1126374 0.0989544 0.1217427 0.1394661 0.3427511 0.3803461 0.0994734 0.1221293 0.1122821 0.1136091 0.0633776 0.1211136 0.3936724 0.0258163 0.0575909 0.0921140 0.1246341 0.1283105 0.1171661 0.1218179 0.1148068 0.1346796 0.1045688 0.1281222 0.1290669 0.0276569 0.1109025 0.1441921 0.1010843 0.0316696 0.0298416 0.0515048 0.1212324 0.0598544 0.1027671 0.1138840 0.1115147 0.1382635 0.0514325 0.1098663 0.1216138 0.1245093 0.1270055 0.0249161 0.1788268 0.0396651 
S0294         0.6218031 0.5098048 0.5713436 0.1556845 0.1276706 0.1386084 0.3629744 0.1052723 0.1229029 0.1650901 0.1410718 0.1185830 0.1597504 0.1177680 0.1203507 0.0000000 0.1578808 0.1637757 0.1708951 0.1608604 0.1623950 0.1458235 0.1445238 0.1543717 0.1085633 0.1201565 0.1136314 0.1471194 0.0941992 0.1425765 0.1217964 0.1114912 0.1643148 0.1621700 0.1419007 0.1410520 0.1286912 0.1514745 0.1510064 0.1564878 0.1104680 0.1016072 0.1608622 0.1395273 0.1579313 0.0830187 0.1160514 0.1427010 0.1656076 0.4114868 0.0990668 0.1592499 0.1440015 0.0993866 0.1465036 0.1164461 0.1190599 0.1241754 0.1259788 0.1523685 0.1348409 0.1411977 0.1589156 0.1511634 0.0947528 0.1037860 0.1433437 0.1335021 0.1507642 0.1389326 0.1606484 0.1509323 0.0727519 0.1476323 0.3580394 0.1566261 0.1569287 0.1307260 0.1380511 0.1584253 0.3788875 0.3966995 0.1128980 0.1484927 0.1407646 0.1583085 0.1127193 0.1316398 0.4201675 0.1197266 0.1226217 0.1122802 0.1508382 0.1553450 0.1518548 0.1616969 0.1469771 0.1626022 0.1387657 0.1650449 0.1706956 0.1120728 0.1510741 0.1641944 0.1113921 0.1247806 0.1130101 0.0807854 0.1328758 0.1102131 0.1307840 0.1167767 0.1217352 0.1591443 0.1234313 0.1270421 0.1513979 0.1500149 0.1494768 0.1217411 0.1659549 0.1086472 
S0299         0.5887528 0.5067465 0.5749855 0.1458576 0.1210781 0.1432361 0.3317165 0.1184464 0.0955645 0.0585644 0.1078763 0.1254004 0.0631140 0.1165249 0.1311791 0.1578808 0.0000000 0.1451455 0.1363915 0.0579121 0.1452204 0.0619635 0.1115297 0.1164620 0.1025792 0.1219631 0.1273008 0.0546152 0.1250677 0.0579463 0.0964971 0.1069722 0.0749831 0.1419326 0.0636883 0.1158660 0.1248757 0.1291648 0.1314829 0.0520998 0.1210411 0.1162172 0.0688404 0.0571247 0.0784294 0.1144684 0.1221072 0.1043239 0.1460858 0.3779613 0.1228968 0.1434879 0.1208584 0.1057797 0.1174659 0.0966684 0.1274183 0.0979277 0.1018376 0.1245835 0.1046563 0.0638830 0.1394642 0.0707764 0.0541073 0.0886542 0.0619896 0.1137273 0.1204217 0.0980954 0.1253717 0.1165083 0.1542862 0.1174389 0.3102975 0.1244845 0.1458994 0.1267388 0.1169516 0.1252300 0.3259623 0.3567372 0.0623697 0.1068702 0.1153898 0.1477013 0.1233422 0.1285707 0.4146526 0.1277820 0.1173748 0.0986632 0.0564312 0.0675729 0.0666196 0.1355999 0.0672870 0.0517202 0.1376388 0.1448750 0.1464255 0.1205569 0.1407003 0.1300683 0.1119456 0.1266586 0.1161594 0.0936028 0.1305909 0.1188303 0.0652080 0.1147233 0.1229414 0.0646849 0.1201959 0.0994210 0.0580570 0.1149325 0.0709704 0.1249842 0.1421723 0.1114046 
S0303         0.5994520 0.5097403 0.5854174 0.1198318 0.1612305 0.1421256 0.3496739 0.1164644 0.0923888 0.1574834 0.1004544 0.1166206 0.1459534 0.1241699 0.1222432 0.1637757 0.1451455 0.0000000 0.0657224 0.1474575 0.0080358 0.1374662 0.1301936 0.1359123 0.1074596 0.1182691 0.1131250 0.1412598 0.1264425 0.1347955 0.0891189 0.1135187 0.1500741 0.0062565 0.1310405 0.1062180 0.1332023 0.0600760 0.0063126 0.1363066 0.1229610 0.1058749 0.1544907 0.1255310 0.1346334 0.1150350 0.1129920 0.0946818 0.0163592 0.4028508 0.1318925 0.0099052 0.1090114 0.1171781 0.1112237 0.0936127 0.1213121 0.0925693 0.0986481 0.1128568 0.0968427 0.1301307 0.0650745 0.1317440 0.0919037 0.0974012 0.1382781 0.0419916 0.1087268 0.1051082 0.1168501 0.1227007 0.1472019 0.1026697 0.3444453 0.1266733 0.0586381 0.0585419 0.1141225 0.1275875 0.3450308 0.3777108 0.1156715 0.1104353 0.1246890 0.0552343 0.1144357 0.1451864 0.4065300 0.1178529 0.1171108 0.1038260 0.1477097 0.1360823 0.1265907 0.0099516 0.1269933 0.1458768 0.0436716 0.0136184 0.0135555 0.1152240 0.0615136 0.1295629 0.1153127 0.1279933 0.1156637 0.0950855 0.1427006 0.1111999 0.1237935 0.1304574 0.1257919 0.1537559 0.1222265 0.0962003 0.1417216 0.1004409 0.1348965 0.1251029 0.1521313 0.1174413 
S0308         0.5969704 0.4961199 0.5946012 0.0991559 0.1419653 0.1449814 0.3563945 0.1229274 0.0869261 0.1525157 0.0906923 0.1238943 0.1436217 0.1182366 0.1258452 0.1708951 0.1363915 0.0657224 0.0000000 0.1448912 0.0695000 0.1325242 0.1149283 0.1149731 0.1150010 0.1232809 0.1265826 0.1363341 0.1323439 0.1292965 0.0847251 0.1171910 0.1478943 0.0667276 0.1301789 0.1055843 0.1402463 0.0650331 0.0620869 0.1342118 0.1401616 0.1184109 0.1365964 0.1249381 0.1298586 0.1213250 0.1227869 0.0899977 0.0719899 0.4001497 0.1347724 0.0677451 0.1083266 0.1250497 0.1146172 0.0913665 0.1350523 0.0881072 0.0940555 0.1110846 0.0921202 0.1292899 0.0751876 0.1253490 0.0941306 0.0924268 0.1307369 0.0509659 0.1090568 0.1046387 0.1145016 0.1183817 0.1434957 0.1041561 0.3396242 0.1105492 0.0733508 0.0676364 0.1135909 0.1240914 0.3368566 0.3717265 0.1092801 0.1099030 0.1151053 0.0732686 0.1238611 0.1374989 0.4037849 0.1266252 0.1292438 0.0989520 0.1359554 0.1259213 0.1190255 0.0680279 0.1296691 0.1438919 0.0557543 0.0723432 0.0754105 0.1236279 0.0787428 0.1196673 0.1149126 0.1274745 0.1208141 0.1035815 0.1336901 0.1169617 0.1198979 0.1258808 0.1265934 0.1522048 0.1307509 0.0916594 0.1400947 0.1042790 0.1221554 0.1350972 0.1672058 0.1248997 
S0320         0.6395656 0.5630047 0.6126325 0.1229969 0.1210425 0.1482352 0.3428521 0.1153181 0.0962515 0.0573399 0.0978403 0.1296569 0.0529821 0.1093898 0.1315000 0.1608604 0.0579121 0.1474575 0.1448912 0.0000000 0.1436159 0.0543627 0.1205755 0.1223991 0.1097753 0.1249061 0.1284876 0.0461175 0.1340001 0.0503395 0.0983523 0.1155463 0.0697643 0.1460282 0.0668032 0.1091875 0.1306733 0.1325819 0.1326394 0.0566334 0.1248506 0.1175068 0.0541132 0.0615409 0.0806355 0.1221251 0.1232804 0.1013138 0.1472051 0.4157145 0.1326498 0.1446230 0.1273740 0.1182010 0.1124557 0.0961349 0.1268053 0.0986086 0.0990400 0.1133255 0.1000207 0.0670282 0.1383293 0.0688479 0.0529173 0.0931752 0.0470236 0.1188796 0.1172979 0.0961404 0.1238352 0.1140025 0.1529911 0.1103256 0.3507461 0.1268599 0.1364174 0.1199911 0.1076860 0.1102353 0.3595663 0.3914811 0.0671115 0.0960386 0.1216406 0.1389650 0.1198248 0.1189807 0.4242232 0.1295984 0.1263725 0.0990101 0.0456784 0.0688958 0.0689908 0.1372858 0.0693026 0.0445767 0.1422380 0.1490102 0.1488459 0.1242102 0.1407205 0.1235977 0.1095906 0.1344395 0.1214126 0.0909771 0.1213650 0.1172553 0.0714392 0.1087233 0.1140843 0.0503212 0.1290651 0.1000998 0.0418022 0.1077119 0.0676190 0.1305766 0.1434959 0.1154280 
S0322         0.5909838 0.5028243 0.5819516 0.1149328 0.1706222 0.1425337 0.3524095 0.1151203 0.0925116 0.1593842 0.0981906 0.1175123 0.1434843 0.1285194 0.1243071 0.1623950 0.1452204 0.0080358 0.0695000 0.1436159 0.0000000 0.1364307 0.1281469 0.1336323 0.1087910 0.1191324 0.1152742 0.1402314 0.1259358 0.1300339 0.0903125 0.1168773 0.1525122 0.0079031 0.1301678 0.1026468 0.1363106 0.0649852 0.0061981 0.1410500 0.1261571 0.1072173 0.1504076 0.1223435 0.1344302 0.1162460 0.1139520 0.0957762 0.0141757 0.4130116 0.1325185 0.0096796 0.1116278 0.1232857 0.1088807 0.0947181 0.1233914 0.0936957 0.0996576 0.1104900 0.0978933 0.1267959 0.0667289 0.1313674 0.0898116 0.0972677 0.1359620 0.0420457 0.1064211 0.1051162 0.1141817 0.1198264 0.1454963 0.1036122 0.3525845 0.1258485 0.0616235 0.0604454 0.1127108 0.1245602 0.3487439 0.3848944 0.1139347 0.1119959 0.1263624 0.0572126 0.1142091 0.1477314 0.4029335 0.1199795 0.1179968 0.1047259 0.1438847 0.1357602 0.1263151 0.0079379 0.1252998 0.1421174 0.0467152 0.0115056 0.0132847 0.1161405 0.0643939 0.1287341 0.1212081 0.1286915 0.1179953 0.0952346 0.1439659 0.1110394 0.1219268 0.1335008 0.1274552 0.1496795 0.1254166 0.0972576 0.1380261 0.1014302 0.1344559 0.1258400 0.1616864 0.1183148 
S0327         0.6133552 0.5059581 0.6147708 0.1131605 0.1020122 0.1261965 0.3416310 0.0882352 0.0851065 0.0625152 0.0978274 0.1025899 0.0563878 0.0982690 0.1080174 0.1458235 0.0619635 0.1374662 0.1325242 0.0543627 0.1364307 0.0000000 0.1019892 0.1172597 0.0965500 0.0969172 0.1050414 0.0428049 0.1083089 0.0405144 0.0874631 0.0982398 0.0608408 0.1374723 0.0511926 0.1042861 0.1167719 0.1213050 0.1244068 0.0506308 0.1028800 0.0946673 0.0598277 0.0517407 0.0607735 0.1039415 0.0989744 0.0973630 0.1372204 0.4254867 0.1081938 0.1361121 0.1103495 0.0885522 0.1064291 0.0884634 0.1053965 0.0862501 0.0877147 0.1075414 0.0951925 0.0555880 0.1286474 0.0507737 0.0376417 0.0726127 0.0394161 0.1144359 0.1047618 0.0927308 0.1174901 0.1065421 0.1332945 0.1143938 0.3608685 0.1077737 0.1322767 0.1141772 0.1022571 0.1080578 0.3732899 0.3995216 0.0504369 0.0964098 0.1043273 0.1315306 0.1027992 0.1132735 0.4261513 0.1046723 0.0965287 0.0822595 0.0478265 0.0487781 0.0468170 0.1329011 0.0558315 0.0557088 0.1269562 0.1377731 0.1428286 0.0976018 0.1283232 0.1203327 0.0932569 0.1133854 0.0972932 0.0750791 0.1146976 0.0997222 0.0512047 0.0996727 0.1061417 0.0611080 0.0944712 0.0887508 0.0398479 0.1080912 0.0477868 0.1056046 0.1395286 0.0860583 
S0335         0.5855127 0.4880139 0.6004959 0.0491433 0.0188334 0.1293659 0.3345361 0.0935054 0.0773774 0.1195488 0.0893248 0.1009735 0.1236018 0.0779889 0.1097634 0.1445238 0.1115297 0.1301936 0.1149283 0.1205755 0.1281469 0.1019892 0.0000000 0.0677537 0.0927894 0.1037226 0.1018398 0.1107548 0.1044862 0.1123095 0.0782843 0.0936662 0.1282908 0.1290229 0.1036702 0.0832498 0.1150696 0.1173954 0.1176222 0.1151254 0.1055640 0.0990233 0.1281594 0.0929380 0.1072675 0.1040944 0.0987296 0.0819398 0.1325206 0.4251001 0.1029613 0.1301377 0.0898386 0.0994513 0.0896265 0.0783569 0.1070621 0.0784741 0.0786520 0.0889533 0.0834177 0.0989508 0.1247465 0.1078540 0.0676213 0.0748547 0.1054819 0.1001820 0.0889429 0.0821083 0.0970525 0.0955281 0.1296171 0.0981259 0.3749226 0.1001342 0.1294623 0.1096515 0.0882047 0.1000803 0.3732240 0.4043053 0.0807119 0.0849122 0.0648394 0.1283037 0.1075903 0.0897746 0.4569045 0.1074466 0.0962642 0.0733099 0.1063268 0.1082294 0.1018211 0.1258654 0.1046632 0.1210577 0.1117986 0.1329023 0.1353864 0.1018662 0.1217793 0.0799208 0.0731966 0.1119255 0.0980670 0.0725042 0.0887482 0.1069711 0.0964368 0.0835648 0.0866031 0.1173431 0.0975973 0.0808561 0.1135961 0.0999282 0.1067105 0.1104355 0.1273706 0.0928000 
S0345         0.6157335 0.5452238 0.6430292 0.0412398 0.0847707 0.1439983 0.3654129 0.1184098 0.0989684 0.1395758 0.0970062 0.1183713 0.1318940 0.1013257 0.1303598 0.1543717 0.1164620 0.1359123 0.1149731 0.1223991 0.1336323 0.1172597 0.0677537 0.0000000 0.1070011 0.1175535 0.1169993 0.1246205 0.1231996 0.1226015 0.0988622 0.1115250 0.1502225 0.1294597 0.1210058 0.1077989 0.1361444 0.1235374 0.1226706 0.1316406 0.1258312 0.1114023 0.1315217 0.1057152 0.1197111 0.1146935 0.1146402 0.0945574 0.1365167 0.4133217 0.1195094 0.1318506 0.1118865 0.1157302 0.1172692 0.1011622 0.1239979 0.1013202 0.1052204 0.1139717 0.0962715 0.1123939 0.1272868 0.1153871 0.0868416 0.0885625 0.1192180 0.1022318 0.1122593 0.1069913 0.1254477 0.1147650 0.1417848 0.1108979 0.3588281 0.1193415 0.1274042 0.1111909 0.1145166 0.1217005 0.3604270 0.3921843 0.1037655 0.1021978 0.0859698 0.1279950 0.1191516 0.1117027 0.4310399 0.1231977 0.1148239 0.0921002 0.1221282 0.1182968 0.1141253 0.1289476 0.1193898 0.1287343 0.1150524 0.1333254 0.1346427 0.1143624 0.1250556 0.0447122 0.0967653 0.1228677 0.1127052 0.0956939 0.1107426 0.1149624 0.1130359 0.1056647 0.1120361 0.1295508 0.1212075 0.1039360 0.1289461 0.1128568 0.1235441 0.1235551 0.1507416 0.1093059 
S0376         0.5651921 0.4844058 0.5575898 0.0968540 0.0763317 0.1026865 0.3454187 0.0708433 0.0822719 0.1220246 0.0982860 0.0802217 0.1227392 0.0816665 0.0908747 0.1085633 0.1025792 0.1074596 0.1150010 0.1097753 0.1087910 0.0965500 0.0927894 0.1070011 0.0000000 0.0812912 0.0859342 0.1084945 0.0855255 0.1038920 0.0823669 0.0422814 0.1220046 0.1107706 0.0958728 0.0878705 0.0959169 0.1101331 0.0982332 0.1041020 0.0830265 0.0750176 0.1142214 0.0873026 0.0980718 0.0685807 0.0791819 0.0961487 0.1118687 0.4110572 0.0846529 0.1095136 0.0936645 0.0717013 0.0900695 0.0831958 0.0887771 0.0844985 0.0847714 0.1005015 0.0935779 0.0936406 0.1122193 0.0908333 0.0541285 0.0641850 0.0992465 0.0922406 0.0916661 0.0913074 0.1002143 0.0962613 0.0985828 0.1083602 0.3561653 0.1004429 0.1139590 0.0931788 0.0981368 0.1074693 0.3594009 0.3934434 0.0833989 0.1006362 0.0927547 0.1165754 0.0782100 0.0997892 0.4441976 0.0817269 0.0772651 0.0650942 0.1036278 0.0938998 0.0850520 0.1086177 0.0937897 0.1071048 0.1053711 0.1170534 0.1205578 0.0778774 0.1092585 0.1091873 0.0793083 0.0826520 0.0817814 0.0570091 0.1034892 0.0816879 0.0877841 0.0894520 0.0893419 0.1136802 0.0795663 0.0869388 0.1078212 0.1102729 0.0963120 0.0902631 0.1272287 0.0681647 
S0400         0.5949148 0.5010520 0.5744536 0.0883899 0.1529589 0.0407281 0.3429008 0.0441936 0.1009374 0.1278066 0.1028806 0.0133602 0.1310727 0.0983689 0.0200032 0.1201565 0.1219631 0.1182691 0.1232809 0.1249061 0.1191324 0.0969172 0.1037226 0.1175535 0.0812912 0.0000000 0.0226693 0.1159960 0.0799139 0.1118419 0.1010555 0.0871103 0.1346418 0.1174975 0.1088199 0.1098214 0.0833944 0.1116164 0.1086047 0.1184371 0.0503397 0.0189828 0.1309960 0.1019683 0.1128209 0.0685359 0.0115088 0.1090580 0.1235799 0.4266487 0.0856232 0.1162247 0.0972920 0.0484926 0.1147861 0.0995611 0.0161437 0.1021050 0.1024493 0.1135851 0.1042435 0.1095320 0.1138404 0.1114174 0.0630103 0.0691291 0.1119628 0.0967900 0.1142354 0.1052138 0.1269157 0.1212488 0.1096790 0.1247890 0.3540203 0.1086107 0.1106014 0.0974600 0.1174726 0.1335234 0.3642064 0.3976096 0.0939344 0.1164545 0.1057931 0.1113406 0.0561759 0.1147101 0.4127663 0.0217943 0.0493909 0.0815003 0.1169434 0.1160074 0.1054060 0.1166514 0.1084702 0.1264452 0.1013821 0.1198650 0.1237551 0.0207378 0.1126580 0.1297949 0.0947892 0.0265589 0.0209245 0.0445897 0.1172453 0.0530072 0.0950643 0.1073323 0.1062460 0.1320855 0.0446148 0.1046913 0.1136769 0.1201332 0.1161903 0.0190427 0.1837283 0.0313523 
S0405         0.5716071 0.4826133 0.5463600 0.0895859 0.1378537 0.0436668 0.3384630 0.0492506 0.0982477 0.1325755 0.1095578 0.0216847 0.1363913 0.0977742 0.0296729 0.1136314 0.1273008 0.1131250 0.1265826 0.1284876 0.1152742 0.1050414 0.1018398 0.1169993 0.0859342 0.0226693 0.0000000 0.1250553 0.0775523 0.1151289 0.0983621 0.0918371 0.1394289 0.1136314 0.1122819 0.1120979 0.0866003 0.1103513 0.1036199 0.1224054 0.0501615 0.0180305 0.1357279 0.1042709 0.1200702 0.0697490 0.0188880 0.1096528 0.1172762 0.4269939 0.0865985 0.1123728 0.0960132 0.0514880 0.1099196 0.0968881 0.0265534 0.0994047 0.0997372 0.1198157 0.1047210 0.1142847 0.1074103 0.1188935 0.0663919 0.0700699 0.1184005 0.0965816 0.1115609 0.1026458 0.1268386 0.1211745 0.1032756 0.1147671 0.3478657 0.1108189 0.1040049 0.0971768 0.1172751 0.1319122 0.3617035 0.3865319 0.0979502 0.1140464 0.1020604 0.1071937 0.0550035 0.1087638 0.4011869 0.0284708 0.0525953 0.0871916 0.1190619 0.1236201 0.1140153 0.1127829 0.1106876 0.1317726 0.0963016 0.1188931 0.1198272 0.0197833 0.1060661 0.1254832 0.0944326 0.0333456 0.0227611 0.0422822 0.1114944 0.0538418 0.1010279 0.1066806 0.1056010 0.1359354 0.0465876 0.1019615 0.1253219 0.1102306 0.1237609 0.0276017 0.1723496 0.0342131 
S0407sl       0.6269157 0.5407800 0.6304505 0.1227807 0.0980098 0.1441232 0.3382478 0.1108232 0.0913216 0.0539431 0.0963007 0.1224323 0.0447039 0.1061479 0.1242361 0.1471194 0.0546152 0.1412598 0.1363341 0.0461175 0.1402314 0.0428049 0.1107548 0.1246205 0.1084945 0.1159960 0.1250553 0.0000000 0.1160076 0.0419695 0.0922607 0.1093295 0.0567478 0.1398871 0.0493075 0.1152822 0.1223329 0.1234591 0.1292479 0.0458828 0.1198060 0.1115002 0.0618720 0.0531668 0.0715828 0.1094998 0.1161307 0.0962187 0.1450078 0.4340805 0.1154637 0.1384989 0.1207734 0.1064025 0.1137662 0.0947759 0.1224718 0.0925004 0.0940296 0.1132868 0.0947943 0.0629496 0.1350021 0.0587572 0.0487931 0.0864903 0.0365701 0.1083946 0.1109464 0.0960127 0.1220020 0.1174472 0.1452489 0.1131451 0.3685614 0.1220032 0.1382732 0.1255818 0.1131982 0.1181124 0.3763160 0.4058211 0.0568941 0.0958188 0.1168423 0.1394393 0.1223090 0.1170375 0.4532414 0.1248095 0.1229243 0.0925844 0.0397544 0.0556663 0.0557401 0.1339532 0.0617458 0.0464932 0.1294329 0.1414788 0.1413825 0.1170697 0.1368353 0.1251027 0.1049855 0.1269804 0.1156724 0.0842691 0.1206419 0.1179691 0.0551512 0.1038347 0.1170186 0.0590256 0.1232472 0.0950915 0.0227726 0.1079027 0.0557185 0.1257506 0.1405201 0.1084930 
S0412sl       0.5816691 0.4870207 0.5687685 0.1106091 0.1067794 0.1018328 0.3449764 0.0668076 0.0960309 0.1381162 0.1042059 0.0774300 0.1299622 0.0895158 0.0828825 0.0941992 0.1250677 0.1264425 0.1323439 0.1340001 0.1259358 0.1083089 0.1044862 0.1231996 0.0855255 0.0799139 0.0775523 0.1160076 0.0000000 0.1122768 0.0934448 0.0853727 0.1334433 0.1255245 0.1135072 0.1069927 0.0782526 0.1157649 0.1152003 0.1230714 0.0797211 0.0688692 0.1452090 0.1049848 0.1224562 0.0662515 0.0763501 0.1057484 0.1305475 0.4178897 0.0548964 0.1242078 0.1081998 0.0664113 0.1039578 0.0946659 0.0822417 0.0958610 0.0986737 0.1156390 0.1019930 0.1142230 0.1269142 0.1199869 0.0623207 0.0748687 0.1155694 0.0979275 0.1044142 0.1082802 0.1236056 0.1233455 0.0837505 0.1106396 0.3857802 0.1118950 0.1274923 0.0991370 0.1111499 0.1203525 0.3625586 0.4023175 0.1001449 0.1195706 0.1087102 0.1274343 0.0817439 0.1064444 0.4305049 0.0826746 0.0882121 0.0822957 0.1183682 0.1252808 0.1167132 0.1249321 0.1161973 0.1329264 0.1103158 0.1281500 0.1319604 0.0740074 0.1234165 0.1294434 0.0832989 0.0873375 0.0743508 0.0598065 0.1011683 0.0745794 0.0989240 0.0935632 0.0921730 0.1288635 0.0815701 0.0997661 0.1207282 0.1101926 0.1250310 0.0836562 0.1433699 0.0740807 
S0417         0.6139691 0.5208450 0.5901558 0.1233256 0.1040963 0.1358855 0.3481836 0.1002870 0.0887521 0.0552227 0.0969228 0.1152863 0.0533395 0.1021655 0.1197417 0.1425765 0.0579463 0.1347955 0.1292965 0.0503395 0.1300339 0.0405144 0.1123095 0.1226015 0.1038920 0.1118419 0.1151289 0.0419695 0.1122768 0.0000000 0.0912365 0.1044360 0.0551895 0.1322656 0.0493894 0.1039573 0.1202465 0.1249424 0.1203191 0.0438852 0.1092038 0.1036000 0.0608934 0.0560569 0.0640971 0.1062804 0.1115504 0.1026216 0.1315298 0.3992232 0.1131200 0.1309240 0.1163754 0.0995866 0.1045691 0.0933925 0.1174583 0.0934411 0.0972673 0.1107558 0.0988361 0.0580080 0.1285470 0.0560528 0.0429080 0.0818336 0.0405695 0.1092803 0.1071385 0.0934729 0.1209364 0.1110836 0.1321641 0.1188159 0.3336371 0.1160827 0.1322215 0.1140902 0.1052948 0.1100636 0.3452294 0.3760448 0.0503669 0.1023760 0.1137537 0.1288376 0.1147025 0.1117124 0.4002347 0.1151139 0.1023239 0.0869471 0.0415204 0.0519834 0.0520508 0.1251774 0.0591310 0.0455394 0.1269326 0.1337961 0.1349596 0.1088720 0.1247212 0.1225560 0.0983226 0.1177199 0.1098889 0.0783397 0.1087228 0.1052149 0.0544678 0.0999214 0.1078967 0.0571160 0.1048292 0.0960039 0.0399645 0.1124192 0.0532059 0.1159768 0.1510823 0.0921312 
S0419         0.5812452 0.4865331 0.5873005 0.0848777 0.0504579 0.1251259 0.3297050 0.0875947 0.0052138 0.1048800 0.0472296 0.0960905 0.0999508 0.0701530 0.1045900 0.1217964 0.0964971 0.0891189 0.0847251 0.0983523 0.0903125 0.0874631 0.0782843 0.0988622 0.0823669 0.1010555 0.0983621 0.0922607 0.0934448 0.0912365 0.0000000 0.0849094 0.1013756 0.0898384 0.0811504 0.0704675 0.1074997 0.0783933 0.0804643 0.0925236 0.0984908 0.0884796 0.1068714 0.0846169 0.0991347 0.0846097 0.0950291 0.0465657 0.0941891 0.4073880 0.1017485 0.0908903 0.0830626 0.0882065 0.0746157 0.0078443 0.1023961 0.0060901 0.0096502 0.0736404 0.0474980 0.0903762 0.0915815 0.0951289 0.0546944 0.0604292 0.0840693 0.0667245 0.0702997 0.0605991 0.0858813 0.0770819 0.1096392 0.0609027 0.3588137 0.0897285 0.0914310 0.0796562 0.0669481 0.0783181 0.3587743 0.3965698 0.0761474 0.0675706 0.0788823 0.0913355 0.0922426 0.0823341 0.4367039 0.1040731 0.0975760 0.0637099 0.0907861 0.0966898 0.0915752 0.0903123 0.0854996 0.1029836 0.0750376 0.0969074 0.0990007 0.0955653 0.0930637 0.1000321 0.0653607 0.1073576 0.0931095 0.0643565 0.0836819 0.0866022 0.0806977 0.0724085 0.0752964 0.1002646 0.0939751 0.0078653 0.0960426 0.0620814 0.0921034 0.1039561 0.0942796 0.0857963 
S0427         0.5951599 0.5022592 0.5739372 0.0937470 0.0945089 0.1124589 0.3402784 0.0801554 0.0826031 0.1223492 0.0974810 0.0860271 0.1208618 0.0846425 0.0992608 0.1114912 0.1069722 0.1135187 0.1171910 0.1155463 0.1168773 0.0982398 0.0936662 0.1115250 0.0422814 0.0871103 0.0918371 0.1093295 0.0853727 0.1044360 0.0849094 0.0000000 0.1211683 0.1165467 0.0955023 0.0917296 0.0915556 0.1101040 0.1039025 0.1082401 0.0855977 0.0796512 0.1244740 0.0938056 0.0967404 0.0708246 0.0849767 0.0996778 0.1212268 0.4236456 0.0860285 0.1152625 0.0926971 0.0741895 0.0980121 0.0824231 0.0959396 0.0848397 0.0885045 0.1055684 0.0959230 0.0983252 0.1116432 0.0964902 0.0596696 0.0663224 0.1005396 0.0998113 0.0953472 0.0916953 0.1117718 0.1024523 0.1011274 0.1065062 0.3661809 0.0983347 0.1221481 0.0955724 0.1018169 0.1156017 0.3725079 0.4069776 0.0841513 0.1011880 0.0981950 0.1233185 0.0826191 0.1002569 0.4563045 0.0861300 0.0841984 0.0645724 0.1042817 0.0981555 0.0892316 0.1117607 0.0972672 0.1124478 0.1037185 0.1229590 0.1240773 0.0824858 0.1114927 0.1178634 0.0823061 0.0882017 0.0864236 0.0616039 0.1015899 0.0806076 0.0904642 0.0887141 0.0923788 0.1182159 0.0853927 0.0872913 0.1031109 0.1084093 0.1005818 0.0962897 0.1307231 0.0781243 
