139
CRNC          0.0000000 0.2516789 0.2459320 0.3325076 0.5716917 0.3429844 0.2870251 0.3395190 0.3158720 0.5836505 0.3323969 0.3383794 0.3362187 0.4789230 0.3657520 0.3474702 0.3857568 0.3398317 0.3147233 0.4923261 0.3634523 0.4180247 0.3530260 0.3334912 0.3152085 0.3326143 0.3324163 0.5236847 0.3119664 0.4179159 0.3111824 0.3662192 0.5523883 0.3355379 0.3976467 0.3400789 0.3584130 0.3590604 0.3118190 0.4313052 0.3361421 0.3437555 0.4470502 0.4133197 0.4059015 0.3206557 0.3884833 0.2930020 0.3428178 0.3368600 0.3392133 0.3211906 0.3511905 0.3303806 0.3333466 0.3132507 0.3460972 0.3111824 0.3108120 0.3247147 0.2948274 0.4790694 0.3515724 0.3898713 0.4653079 0.3227779 0.4268678 0.3052063 0.3506851 0.3251557 0.3349449 0.3267824 0.3831005 0.3151183 0.3264233 0.3244232 0.3589086 0.2916143 0.3218889 0.3130682 0.3230169 0.3182590 0.3382132 0.2909079 0.3609183 0.3340038 0.3722197 0.3510614 0.3163631 0.3266221 0.3577832 0.3426078 0.3459160 0.3066857 0.3911526 0.4216632 0.3195054 0.4520051 0.3279376 0.3436777 0.3380739 0.3510687 0.3148291 0.3280741 0.3444508 0.3440869 0.3462191 0.3259939 0.3851627 0.3376957 0.3169764 0.3249827 0.3539327 0.4377651 0.3393768 0.3067797 0.3943140 0.3100912 0.4071444 0.3302557 0.3112657 0.3226158 0.3422601 0.3312361 0.4457492 0.3363537 0.4633219 0.3274351 0.3570582 0.3324126 0.3616669 0.3952495 0.3364734 0.3289265 0.5615905 0.3408372 0.3423900 0.3595269 0.3139831 
HYZL          0.2516789 0.0000000 0.1139818 0.3454180 0.4239796 0.3659738 0.2599671 0.3385330 0.3320155 0.5499239 0.3560687 0.3348540 0.3697622 0.4760511 0.3361949 0.3419772 0.3480846 0.3886838 0.3775094 0.5194445 0.3806848 0.4936156 0.3442651 0.3631120 0.3918235 0.3310886 0.3378354 0.5100578 0.3415111 0.4529721 0.3383797 0.3554115 0.5314677 0.3900936 0.4953264 0.3931896 0.3798100 0.3818918 0.3873684 0.4554733 0.3432338 0.3324734 0.5143137 0.5164800 0.4327043 0.3648585 0.3629213 0.3327753 0.3738940 0.3392490 0.3498029 0.3743271 0.3246005 0.3682964 0.3738996 0.3405048 0.3438208 0.3356230 0.3332109 0.3823828 0.3243533 0.5131310 0.3807810 0.4419923 0.5375942 0.3246834 0.4368063 0.3737863 0.3794629 0.3858220 0.3608249 0.3777691 0.3582356 0.3596533 0.3423634 0.3150059 0.3725555 0.3710336 0.3748291 0.3573887 0.3264496 0.3295700 0.3451893 0.4408739 0.3924824 0.3385090 0.3567134 0.3648177 0.3726957 0.3303385 0.3456579 0.3548478 0.3364767 0.3822642 0.4299578 0.5149124 0.3747009 0.5231241 0.3626365 0.3887415 0.3770971 0.3429673 0.3647737 0.3428593 0.3288764 0.3441639 0.3323593 0.3292155 0.3617059 0.3483903 0.3788761 0.3349135 0.3412355 0.5114072 0.3465053 0.3323974 0.3689943 0.3793344 0.4523758 0.3347678 0.3700952 0.3645687 0.3320794 0.3726962 0.4926860 0.3519796 0.5048174 0.3419311 0.3566433 0.3458415 0.3442518 0.4718940 0.3778924 0.3061921 0.5441276 0.3511185 0.3291843 0.3618308 0.3137998 
MYZV          0.2459320 0.1139818 0.0000000 0.3181976 0.4978919 0.3137818 0.2409297 0.3176330 0.3101225 0.4877178 0.3306025 0.3078847 0.3073254 0.3544759 0.3222877 0.3307306 0.3029495 0.3390702 0.3171103 0.4326060 0.3469814 0.4026666 0.3160028 0.3478834 0.3301562 0.3034643 0.3122939 0.3974780 0.2882727 0.3492772 0.3178306 0.3337167 0.4630440 0.3429862 0.3854854 0.3614072 0.3563158 0.3568256 0.3332878 0.3718511 0.3036423 0.3145561 0.4258944 0.4108190 0.3579209 0.3142362 0.3443740 0.2968300 0.3330786 0.3088611 0.3055177 0.3143737 0.2864950 0.3167462 0.3165693 0.3223779 0.3150334 0.3148997 0.3076189 0.3212345 0.3014791 0.4047035 0.3466096 0.3672138 0.4102548 0.3110347 0.3534114 0.3154675 0.3307855 0.3290309 0.3338122 0.3496429 0.3493998 0.3364923 0.2964229 0.3123164 0.3103131 0.3072319 0.3254080 0.3067709 0.3017453 0.3200093 0.3136114 0.4784608 0.3556696 0.3074036 0.3070403 0.3311968 0.3616426 0.3022901 0.3249236 0.3062664 0.3201508 0.2562589 0.3545055 0.3846783 0.3314496 0.4125662 0.3208821 0.3460796 0.3325236 0.3181531 0.3153965 0.3264674 0.3141235 0.3209823 0.3119137 0.2982705 0.3267992 0.3041834 0.3202405 0.3140055 0.3193859 0.3615487 0.3083725 0.3118346 0.3371527 0.3524914 0.3722131 0.3122537 0.3338356 0.3396606 0.3158837 0.3248220 0.3662012 0.3143277 0.3896235 0.3043308 0.3205701 0.3311325 0.3157271 0.3718865 0.3467775 0.3133840 0.5099615 0.3126819 0.3187982 0.3421660 0.3043540 
SRR6441723    0.3325076 0.3454180 0.3181976 0.0000000 0.2208540 0.0847169 0.2152787 0.0830277 0.0623245 0.2734774 0.0875996 0.0760090 0.0934746 0.2191439 0.0728177 0.0776899 0.1169184 0.1193688 0.1316165 0.2583723 0.1125474 0.2187496 0.0532764 0.0510602 0.1131914 0.0770054 0.0750488 0.2365056 0.0771480 0.1746456 0.0630484 0.0894988 0.1879522 0.1191661 0.2065621 0.1173213 0.0992643 0.1224073 0.1170831 0.2101626 0.0911352 0.0717129 0.2663849 0.2053566 0.1946214 0.0914020 0.0894311 0.0816047 0.1142065 0.1707518 0.0927852 0.1110695 0.0980898 0.0974187 0.0965774 0.0608981 0.0801375 0.0597285 0.0589554 0.0992697 0.0859937 0.2306008 0.1129423 0.1970618 0.2825833 0.0613463 0.1908551 0.0913828 0.1058555 0.0903449 0.0983709 0.1006479 0.1042134 0.0887287 0.1573370 0.0798656 0.1139095 0.1090512 0.0897229 0.0881015 0.1602286 0.0631535 0.1684676 0.1444489 0.1026501 0.0498567 0.1057818 0.0871213 0.0781323 0.1661997 0.0801508 0.0880115 0.0644620 0.1250651 0.1866179 0.2307886 0.1212194 0.2644981 0.1089182 0.1145893 0.1177505 0.0788685 0.1015146 0.0336697 0.0601405 0.0805277 0.0690015 0.0969312 0.0842958 0.0907380 0.1502146 0.0630997 0.0635220 0.2622350 0.0881184 0.0595023 0.1665720 0.0920000 0.2149658 0.0712935 0.0870137 0.0818564 0.0440651 0.0958765 0.2239478 0.0736591 0.2214646 0.0790289 0.0788338 0.0498121 0.0536841 0.1919567 0.0863863 0.0555473 0.3528546 0.0644226 0.0446734 0.0764077 0.0581024 
ERR4210213    0.5716917 0.4239796 0.4978919 0.2208540 0.0000000 0.2234264 0.3625683 0.2065911 0.2012840 0.5520917 0.2281743 0.1976928 0.2228099 0.4344255 0.1947056 0.2084745 0.2367066 0.2383193 0.2456055 0.5604549 0.2467177 0.4840793 0.1667869 0.1789141 0.2254031 0.2058775 0.1986817 0.4348743 0.1972837 0.4233557 0.1912517 0.2140814 0.2504204 0.2388048 0.4418566 0.2528502 0.2213815 0.2848851 0.2243582 0.4539352 0.2130633 0.2023184 0.4774776 0.4734100 0.3451556 0.2186741 0.2456429 0.2204241 0.2329361 0.2998076 0.2305944 0.2186078 0.2530513 0.1977868 0.2456334 0.1961307 0.1970485 0.1912517 0.1936601 0.2540950 0.2290293 0.3886348 0.2443698 0.3295241 0.5097085 0.1963159 0.5274590 0.2269670 0.2536553 0.2287766 0.2432469 0.2538939 0.2266407 0.2285402 0.2783219 0.2042589 0.2490853 0.2166216 0.2646387 0.2488056 0.2800983 0.2000107 0.2958194 0.1609915 0.2518254 0.1871234 0.2532811 0.2063844 0.2156311 0.2950325 0.2200756 0.2072784 0.2026218 0.2155407 0.3361086 0.3379052 0.2348887 0.3699920 0.2461801 0.2329802 0.2334364 0.2009961 0.2212639 0.1862580 0.1793519 0.2057303 0.2013719 0.2127734 0.2298434 0.2143639 0.3346902 0.1887727 0.1923281 0.4670872 0.2152709 0.1949856 0.4204065 0.2249052 0.3763534 0.1950438 0.2173037 0.2123172 0.1859992 0.2070881 0.4190866 0.1963545 0.3541564 0.2004176 0.2261361 0.1863094 0.1734134 0.3405765 0.2260901 0.2001647 0.5466207 0.1905501 0.1978591 0.2024923 0.1861607 
ERR2789774    0.3429844 0.3659738 0.3137818 0.0847169 0.2234264 0.0000000 0.2121339 0.0393301 0.0668295 0.2513321 0.0847246 0.0367860 0.1004284 0.2092104 0.0710171 0.0392544 0.0677900 0.1060244 0.1247847 0.2288675 0.0942880 0.2129829 0.0749971 0.0824609 0.1010004 0.0334209 0.0346605 0.2266936 0.0461841 0.1837865 0.0690266 0.0690206 0.2002342 0.1097578 0.1953483 0.1045706 0.0640958 0.1058501 0.1093070 0.1825513 0.0428858 0.0315145 0.2521385 0.1894200 0.1727066 0.0521037 0.0379181 0.0772915 0.0994331 0.1571514 0.0545971 0.1005125 0.0933856 0.0403059 0.0941203 0.0668295 0.0392036 0.0668153 0.0660096 0.0934931 0.0829266 0.2110710 0.1146607 0.1776678 0.2689665 0.0711026 0.1760140 0.0848117 0.0994996 0.0930310 0.0901328 0.0956037 0.0665488 0.0899537 0.1537111 0.0603802 0.1155023 0.0977991 0.0817657 0.0850750 0.1494939 0.0691444 0.1553397 0.1639355 0.0956969 0.0754011 0.1073196 0.0606853 0.0842402 0.1487324 0.0403160 0.0413006 0.0658710 0.1227576 0.1685348 0.2094357 0.1101288 0.2441620 0.0959807 0.1112736 0.1081709 0.0402808 0.1045665 0.0752483 0.0584026 0.0416114 0.0348746 0.0488403 0.0936020 0.0531262 0.1475318 0.0690670 0.0652949 0.2417456 0.0412920 0.0629965 0.1539854 0.0880511 0.1927258 0.0346485 0.0854943 0.0893801 0.0616759 0.0399433 0.2153306 0.0480710 0.1961520 0.0355011 0.0507592 0.0755117 0.0766895 0.1722272 0.0845215 0.0564207 0.3490914 0.0656794 0.0578068 0.0615323 0.0636902 
PAFTOL_019361 0.2870251 0.2599671 0.2409297 0.2152787 0.3625683 0.2121339 0.0000000 0.2177656 0.2009661 0.3871373 0.2077454 0.1989999 0.2276517 0.3157745 0.1989084 0.2039861 0.2364044 0.2584144 0.2778760 0.3621980 0.2498835 0.3218956 0.2076198 0.2230936 0.2573639 0.1945278 0.2017056 0.3552998 0.2032320 0.3036224 0.1993999 0.1955923 0.3299831 0.2540463 0.3063030 0.2238854 0.2471084 0.2631725 0.2559951 0.3209602 0.2067352 0.1960596 0.3747972 0.3083840 0.2924908 0.2185831 0.2159826 0.1991350 0.2523097 0.1941434 0.2205260 0.2450389 0.1981785 0.2264803 0.2271592 0.2004836 0.1980895 0.1927794 0.1949104 0.2200692 0.1997306 0.3336699 0.2738736 0.2975169 0.4151826 0.1964503 0.2996397 0.2446495 0.2306534 0.2245680 0.2187700 0.2301474 0.2364601 0.2156166 0.1932618 0.1754896 0.2729612 0.2644300 0.2146153 0.2169260 0.1828469 0.1974724 0.1886309 0.2846702 0.2283620 0.1983187 0.2619986 0.2340521 0.2240421 0.1893505 0.2097395 0.2231114 0.2085207 0.2506451 0.2876856 0.3488349 0.2454289 0.3588222 0.2387006 0.2552790 0.2508935 0.1992580 0.2585470 0.2125963 0.1992709 0.2116137 0.1929771 0.2237328 0.2202589 0.2085043 0.2341938 0.1972349 0.2071749 0.3433193 0.2179756 0.1978450 0.2485601 0.2128229 0.3110803 0.1953598 0.2204725 0.2141932 0.2033545 0.2303043 0.3208472 0.2119666 0.3098076 0.2020308 0.2051729 0.2230630 0.2096193 0.3008267 0.2119723 0.1826922 0.4990081 0.1938137 0.1973603 0.2176353 0.1955644 
S0055         0.3395190 0.3385330 0.3176330 0.0830277 0.2065911 0.0393301 0.2177656 0.0000000 0.0605973 0.2537729 0.0751932 0.0262774 0.0957937 0.1964473 0.0672387 0.0306192 0.0726496 0.1098710 0.1200732 0.2319242 0.1015232 0.2021477 0.0738845 0.0820083 0.1038754 0.0272540 0.0263713 0.2180824 0.0443803 0.1744500 0.0627373 0.0702324 0.1824113 0.1111521 0.2010482 0.1101895 0.0547195 0.1083531 0.1090601 0.1948896 0.0375268 0.0243893 0.2523468 0.1863476 0.1657041 0.0452725 0.0372553 0.0721579 0.1034897 0.1604669 0.0466749 0.1004557 0.0829903 0.0498195 0.0994218 0.0605983 0.0295726 0.0582391 0.0598293 0.0964701 0.0751210 0.2082752 0.1147151 0.1723370 0.2521103 0.0676127 0.1687535 0.0806959 0.1061077 0.0928717 0.0905808 0.1008899 0.0576988 0.0824001 0.1416160 0.0602382 0.1111966 0.1027246 0.0916343 0.0898535 0.1514573 0.0628412 0.1559656 0.1193302 0.0946325 0.0693123 0.1030036 0.0601364 0.0775941 0.1558889 0.0295761 0.0474861 0.0632118 0.1170670 0.1660763 0.2058589 0.1114540 0.2318408 0.0983333 0.1095860 0.1082557 0.0317748 0.1017583 0.0737260 0.0574923 0.0296985 0.0254597 0.0263441 0.0879180 0.0488100 0.1370993 0.0606906 0.0644989 0.2347746 0.0474753 0.0592115 0.1455103 0.0887771 0.1906757 0.0231926 0.0799203 0.0810252 0.0630611 0.0505082 0.2136829 0.0450240 0.1926414 0.0392976 0.0451351 0.0756220 0.0732447 0.1779409 0.0831579 0.0542585 0.3289787 0.0547910 0.0581466 0.0627484 0.0589450 
S0196sl       0.3158720 0.3320155 0.3101225 0.0623245 0.2012840 0.0668295 0.2009661 0.0605973 0.0000000 0.2343383 0.0419674 0.0530053 0.0749826 0.1988582 0.0487440 0.0592096 0.0897735 0.0986020 0.1038962 0.2393919 0.0850768 0.1973964 0.0575051 0.0543982 0.0958351 0.0540427 0.0532649 0.2059137 0.0524592 0.1661315 0.0087610 0.0626993 0.1724359 0.0929167 0.1885608 0.0805046 0.0753532 0.0868263 0.0950575 0.1899821 0.0666541 0.0500741 0.2385900 0.1681889 0.1555724 0.0690733 0.0652413 0.0410878 0.0924400 0.1441186 0.0677623 0.0907113 0.0714582 0.0761509 0.0663879 0.0068144 0.0555413 0.0068125 0.0058680 0.0674146 0.0435022 0.1856809 0.0947110 0.1650841 0.2458661 0.0452097 0.1675751 0.0744980 0.0724358 0.0655140 0.0654825 0.0625435 0.0761237 0.0522641 0.1383651 0.0504070 0.0973320 0.0824656 0.0625418 0.0599064 0.1388365 0.0068074 0.1422299 0.1107694 0.0699470 0.0528325 0.0909829 0.0621688 0.0522169 0.1488128 0.0567749 0.0745374 0.0464666 0.1174493 0.1548938 0.2012452 0.0944184 0.2205923 0.0826573 0.0927061 0.0887875 0.0569303 0.0837454 0.0484907 0.0340464 0.0547395 0.0476927 0.0671780 0.0599194 0.0666365 0.1166982 0.0404834 0.0405200 0.2449106 0.0661007 0.0058141 0.1381770 0.0566363 0.1676375 0.0475011 0.0496907 0.0579529 0.0494104 0.0734502 0.2097791 0.0544972 0.1761067 0.0643792 0.0591619 0.0493738 0.0545488 0.1609761 0.0545240 0.0316690 0.3261560 0.0314992 0.0456654 0.0673270 0.0365554 
S0278         0.5836505 0.5499239 0.4877178 0.2734774 0.5520917 0.2513321 0.3871373 0.2537729 0.2343383 0.0000000 0.2382021 0.2468668 0.3127873 0.1499505 0.2463127 0.2470572 0.2640852 0.2753710 0.3146641 0.1419198 0.2728764 0.1238765 0.2612755 0.2664681 0.3047283 0.2439491 0.2481483 0.1426049 0.2560574 0.1281958 0.2286087 0.2476845 0.1373211 0.2887353 0.1754774 0.2608581 0.2779161 0.3082897 0.2871498 0.1221245 0.2601481 0.2435194 0.1792721 0.1245561 0.1420452 0.2615540 0.2466982 0.2487681 0.2734704 0.3350336 0.2557499 0.2645338 0.2499482 0.2662056 0.2648796 0.2241115 0.2476781 0.2277182 0.2234857 0.2832140 0.2520071 0.1379067 0.3009651 0.1559903 0.1691380 0.2512919 0.1297464 0.2804031 0.2607414 0.2648057 0.2470665 0.2490201 0.2748267 0.2609687 0.3187737 0.2495443 0.3025235 0.2942387 0.2597588 0.2380089 0.3211426 0.2325511 0.3253420 0.1326504 0.2625224 0.2543442 0.2868289 0.2644910 0.2555459 0.3387099 0.2432450 0.2703379 0.2436278 0.1312584 0.1336349 0.1755018 0.2976889 0.1611628 0.2933001 0.2855320 0.2753800 0.2482521 0.2762868 0.2447112 0.2449834 0.2476209 0.2429749 0.2582324 0.2502170 0.2525132 0.1261362 0.2504038 0.2522807 0.1695425 0.2579491 0.2265503 0.0890667 0.2751487 0.1384890 0.2403029 0.2700895 0.2614475 0.2464008 0.2723376 0.1280346 0.2449043 0.1391229 0.2547215 0.2506919 0.2713524 0.2385696 0.1551676 0.2660321 0.2367008 0.3712376 0.2270357 0.2465262 0.2557215 0.2431380 
S0281         0.3323969 0.3560687 0.3306025 0.0875996 0.2281743 0.0847246 0.2077454 0.0751932 0.0419674 0.2382021 0.0000000 0.0700877 0.0897219 0.2024099 0.0688110 0.0767943 0.1087317 0.1160537 0.1227852 0.2405322 0.1063956 0.2023433 0.0782945 0.0807064 0.1100270 0.0697386 0.0715896 0.2248589 0.0686758 0.1765076 0.0427811 0.0769570 0.1823113 0.1086666 0.2058380 0.0836957 0.0957083 0.1123139 0.1136973 0.1977443 0.0886427 0.0644866 0.2502320 0.1669357 0.1732032 0.0781078 0.0832973 0.0506897 0.1109050 0.1447687 0.0834392 0.1104384 0.0730646 0.0897102 0.0708178 0.0407053 0.0728086 0.0396084 0.0398106 0.0718264 0.0555434 0.1958145 0.1152213 0.1826819 0.2686413 0.0640334 0.1756632 0.0913459 0.0744060 0.0693922 0.0686200 0.0669165 0.0996849 0.0502051 0.1381244 0.0694469 0.1205136 0.1060918 0.0698427 0.0725715 0.1381513 0.0428493 0.1384785 0.1340234 0.0767598 0.0728195 0.1124072 0.0793675 0.0746920 0.1432589 0.0753739 0.0891982 0.0650737 0.1328826 0.1657904 0.2024936 0.1174892 0.2275448 0.1077304 0.1115103 0.1073439 0.0768107 0.1078215 0.0663304 0.0552760 0.0757268 0.0655595 0.0832913 0.0840646 0.0813548 0.1350751 0.0584745 0.0622256 0.2483233 0.0863038 0.0394649 0.1429503 0.0534607 0.1935045 0.0641768 0.0464830 0.0730528 0.0671637 0.0903028 0.2153819 0.0661511 0.1902629 0.0821263 0.0755135 0.0655208 0.0764553 0.1795985 0.0586341 0.0507682 0.3437685 0.0410432 0.0609547 0.0825468 0.0531610 
S0282         0.3383794 0.3348540 0.3078847 0.0760090 0.1976928 0.0367860 0.1989999 0.0262774 0.0530053 0.2468668 0.0700877 0.0000000 0.0852888 0.1913367 0.0635502 0.0108124 0.0633129 0.1020527 0.1105544 0.2297870 0.0936468 0.1876997 0.0658245 0.0741406 0.0924734 0.0048325 0.0097792 0.2067580 0.0328843 0.1661703 0.0551621 0.0621455 0.1693881 0.1059017 0.1825955 0.0969770 0.0516552 0.0992587 0.0972564 0.1847214 0.0253388 0.0088335 0.2403373 0.1774268 0.1677084 0.0473517 0.0138608 0.0606348 0.0944507 0.1573857 0.0427510 0.0914249 0.0812459 0.0403524 0.0852044 0.0530596 0.0088049 0.0519294 0.0522665 0.0862698 0.0646217 0.2048927 0.1122130 0.1750742 0.2533328 0.0582865 0.1599797 0.0790654 0.0941719 0.0855940 0.0843058 0.0891332 0.0559362 0.0784903 0.1410289 0.0502290 0.1087313 0.0949800 0.0827111 0.0778952 0.1516868 0.0552516 0.1531983 0.1120026 0.0874559 0.0612842 0.1022283 0.0525872 0.0710465 0.1560854 0.0107883 0.0413434 0.0579802 0.1100622 0.1632470 0.2037340 0.1061281 0.2247074 0.0908161 0.1045582 0.1016812 0.0138126 0.0966362 0.0693697 0.0525453 0.0128390 0.0108385 0.0316996 0.0745671 0.0461572 0.1368703 0.0591528 0.0581902 0.2268695 0.0391237 0.0517377 0.1410184 0.0831087 0.1878316 0.0029030 0.0744256 0.0744332 0.0531429 0.0472752 0.2075412 0.0412794 0.1852311 0.0324674 0.0369104 0.0695414 0.0650580 0.1705046 0.0760118 0.0465732 0.3256637 0.0496555 0.0470573 0.0527744 0.0502294 
S0288         0.3362187 0.3697622 0.3073254 0.0934746 0.2228099 0.1004284 0.2276517 0.0957937 0.0749826 0.3127873 0.0897219 0.0852888 0.0000000 0.2731933 0.0832824 0.0997239 0.1278680 0.0280356 0.0745685 0.3143410 0.0208565 0.2737717 0.0995126 0.1009974 0.0357585 0.0909663 0.0836030 0.2789420 0.0869230 0.2434545 0.0746885 0.0886092 0.2845200 0.0085253 0.2550785 0.1175117 0.1092024 0.0586029 0.0375316 0.2481670 0.0966749 0.0827034 0.2771936 0.2383381 0.2244372 0.0944540 0.0915109 0.0810626 0.0204633 0.1608810 0.0835008 0.0267246 0.0981546 0.1050968 0.1059156 0.0750836 0.0954423 0.0733054 0.0718953 0.1041571 0.0772811 0.2886777 0.0549760 0.2240128 0.3328467 0.0771851 0.2260181 0.0407140 0.1154787 0.1004796 0.0907590 0.1017483 0.1172211 0.0806607 0.1358388 0.0802166 0.0534965 0.0505574 0.0937520 0.0986866 0.1495586 0.0767253 0.1512919 0.2620484 0.1128551 0.0855217 0.0502015 0.0950206 0.0871097 0.1537739 0.0914649 0.0886745 0.0931798 0.1501725 0.2222618 0.2279883 0.0159868 0.2987642 0.0485559 0.0099979 0.0070685 0.0917446 0.0507410 0.0760205 0.0696903 0.0900185 0.0820834 0.1062648 0.0962534 0.0988618 0.1735713 0.0744773 0.0656712 0.2779048 0.0924274 0.0728854 0.2021409 0.0823232 0.2390961 0.0838199 0.0824748 0.0911665 0.0853531 0.1102141 0.2713730 0.0879253 0.2351461 0.0951071 0.0858368 0.0874294 0.0886021 0.2314066 0.0925101 0.0734748 0.3802715 0.0751600 0.0858756 0.0974190 0.0764227 
S0289         0.4789230 0.4760511 0.3544759 0.2191439 0.4344255 0.2092104 0.3157745 0.1964473 0.1988582 0.1499505 0.2024099 0.1913367 0.2731933 0.0000000 0.2050213 0.1990180 0.2153510 0.2320776 0.2618257 0.1131400 0.2298745 0.1335602 0.2180199 0.2209618 0.2439659 0.1888924 0.1954489 0.0889029 0.2022345 0.1186840 0.1954574 0.2110801 0.1481294 0.2405679 0.1413101 0.2399634 0.2180030 0.2533868 0.2272267 0.1206620 0.2022208 0.1893860 0.1598111 0.0940383 0.1105955 0.2029830 0.2107437 0.2043490 0.2302356 0.2724217 0.2175337 0.2206373 0.1997329 0.2134672 0.2203258 0.1906786 0.1929553 0.1945292 0.1901564 0.2286381 0.2187984 0.1167005 0.2420661 0.1100442 0.1511598 0.2123327 0.1170535 0.2258422 0.2169470 0.2125397 0.2108629 0.2212821 0.2223281 0.2211232 0.2640478 0.1839694 0.2303809 0.2417830 0.1934889 0.2002471 0.2621743 0.1990751 0.2711934 0.1249960 0.2164180 0.2105325 0.2256000 0.2089118 0.2097757 0.2736230 0.1944238 0.2089341 0.1986171 0.1172802 0.1013412 0.1416728 0.2447406 0.1484670 0.2401194 0.2409883 0.2362086 0.1995888 0.2243193 0.2053263 0.1980777 0.1984208 0.1872909 0.2112677 0.2053760 0.1965296 0.0947085 0.2068817 0.2107955 0.1011629 0.2088199 0.1935787 0.0528244 0.2287856 0.1105985 0.1885009 0.2179591 0.2137301 0.2018798 0.2206885 0.0733620 0.1853887 0.1102296 0.2010092 0.1959392 0.2172986 0.2069692 0.1153256 0.1968504 0.1968655 0.3455647 0.1941472 0.1978242 0.2126319 0.2003470 
S0292         0.3657520 0.3361949 0.3222877 0.0728177 0.1947056 0.0710171 0.1989084 0.0672387 0.0487440 0.2463127 0.0688110 0.0635502 0.0832824 0.2050213 0.0000000 0.0687815 0.1016399 0.1071753 0.1094261 0.2482288 0.0959966 0.1995124 0.0686715 0.0691952 0.1114511 0.0645482 0.0611674 0.2094391 0.0678844 0.1688778 0.0519603 0.0790303 0.1923290 0.0997382 0.2021742 0.0944620 0.0896260 0.1005263 0.1063738 0.1832775 0.0795133 0.0617006 0.2324331 0.1779022 0.1627956 0.0749054 0.0764018 0.0656701 0.0994471 0.1594260 0.0795496 0.0991034 0.0823246 0.0876487 0.0819714 0.0498557 0.0675071 0.0487288 0.0478328 0.0836874 0.0669789 0.2030464 0.1031152 0.1740556 0.2676840 0.0524491 0.1587845 0.0796526 0.0882944 0.0770339 0.0757651 0.0818272 0.0949444 0.0778848 0.1459089 0.0617029 0.1011546 0.0898900 0.0772692 0.0735201 0.1556646 0.0520446 0.1575661 0.0984488 0.0879113 0.0604898 0.0943935 0.0701644 0.0420508 0.1581387 0.0686958 0.0851147 0.0594866 0.1214393 0.1593461 0.2026364 0.1027320 0.2298329 0.0916771 0.0995008 0.0968855 0.0671034 0.0904544 0.0584608 0.0199899 0.0678002 0.0590249 0.0821417 0.0466867 0.0762259 0.1342931 0.0294894 0.0251577 0.2447117 0.0837996 0.0485498 0.1269632 0.0831937 0.1793744 0.0613063 0.0783546 0.0500355 0.0535276 0.0870736 0.2077474 0.0657068 0.1926295 0.0765111 0.0736817 0.0602806 0.0656130 0.1693842 0.0700481 0.0430999 0.3300378 0.0511228 0.0497205 0.0756560 0.0480594 
S0293         0.3474702 0.3419772 0.3307306 0.0776899 0.2084745 0.0392544 0.2039861 0.0306192 0.0592096 0.2470572 0.0767943 0.0108124 0.0997239 0.1990180 0.0687815 0.0000000 0.0672912 0.1083079 0.1156402 0.2349279 0.0999338 0.1902157 0.0685047 0.0733803 0.0991854 0.0117814 0.0148670 0.2170536 0.0395376 0.1737260 0.0613386 0.0650354 0.1853763 0.1123063 0.1912002 0.0990726 0.0519570 0.1010674 0.1034390 0.1875730 0.0329669 0.0139273 0.2519916 0.1849521 0.1765235 0.0511103 0.0211275 0.0708990 0.1005616 0.1597122 0.0473975 0.0975274 0.0882103 0.0461713 0.0871349 0.0592096 0.0138817 0.0580552 0.0584372 0.0882089 0.0751631 0.2153082 0.1187978 0.1847347 0.2677969 0.0622662 0.1742022 0.0848609 0.0962040 0.0875373 0.0862341 0.0895430 0.0621592 0.0790962 0.1432184 0.0552715 0.1152771 0.1012150 0.0831699 0.0796046 0.1539891 0.0614397 0.1554940 0.1130614 0.0848919 0.0652056 0.1086511 0.0588053 0.0762595 0.1584245 0.0159057 0.0460780 0.0642756 0.1178393 0.1737912 0.2141949 0.1112492 0.2415069 0.0936784 0.1081265 0.1080592 0.0200290 0.1013534 0.0710024 0.0599305 0.0180198 0.0159795 0.0361457 0.0824725 0.0521393 0.1410762 0.0654770 0.0657026 0.2413737 0.0438108 0.0578370 0.1497975 0.0837517 0.1951644 0.0078449 0.0774224 0.0781604 0.0592895 0.0523193 0.2177507 0.0471422 0.1946574 0.0358730 0.0404500 0.0712942 0.0690544 0.1800223 0.0790665 0.0527596 0.3338330 0.0546183 0.0519488 0.0554405 0.0563857 
S0294         0.3857568 0.3480846 0.3029495 0.1169184 0.2367066 0.0677900 0.2364044 0.0726496 0.0897735 0.2640852 0.1087317 0.0633129 0.1278680 0.2153510 0.1016399 0.0672912 0.0000000 0.1311801 0.1499732 0.2351945 0.1228784 0.1963513 0.1059765 0.1170236 0.1297452 0.0607584 0.0646918 0.2277334 0.0623912 0.1902353 0.0946160 0.1043823 0.1894551 0.1344677 0.1850141 0.1312295 0.0813831 0.1540876 0.1275323 0.1992443 0.0725295 0.0612040 0.2567966 0.1956730 0.1721366 0.0755152 0.0763402 0.1060373 0.1260032 0.1794449 0.0746521 0.1227341 0.1237843 0.0851789 0.1220484 0.0923353 0.0621350 0.0910402 0.0916864 0.1238697 0.1164089 0.2159248 0.1467151 0.1886800 0.2660085 0.1009485 0.1809889 0.1146236 0.1289100 0.1187593 0.1202507 0.1291743 0.0394531 0.1180515 0.1645647 0.0929904 0.1433469 0.1224689 0.1110821 0.1014693 0.1739245 0.0922162 0.1788276 0.1723655 0.1129549 0.1047864 0.1347514 0.0935232 0.1145377 0.1731063 0.0695645 0.0854386 0.0913996 0.1346128 0.1766482 0.2176940 0.1297555 0.2508113 0.1348702 0.1329829 0.1297934 0.0657989 0.1307060 0.1019978 0.0902395 0.0711846 0.0610289 0.0797139 0.1052865 0.0766327 0.1449900 0.0993388 0.0976714 0.2379627 0.0801632 0.0906632 0.1691578 0.1174769 0.1974210 0.0585143 0.1103627 0.1236222 0.0924194 0.0917536 0.2269734 0.0748166 0.1982329 0.0745627 0.0773320 0.1055618 0.0991696 0.1859087 0.1063136 0.0845688 0.3138579 0.0897738 0.0874306 0.0938973 0.0876980 
S0303         0.3398317 0.3886838 0.3390702 0.1193688 0.2383193 0.1060244 0.2584144 0.1098710 0.0986020 0.2753710 0.1160537 0.1020527 0.0280356 0.2320776 0.1071753 0.1083079 0.1311801 0.0000000 0.0720883 0.2719505 0.0184286 0.2243453 0.1136035 0.1221667 0.0242523 0.1004603 0.0997567 0.2448733 0.1078107 0.2068039 0.0983007 0.1102063 0.2198203 0.0220999 0.2391704 0.1339763 0.1271323 0.0619601 0.0157612 0.2255449 0.1031050 0.0974923 0.2769010 0.2145057 0.1967546 0.1001718 0.1135933 0.1089047 0.0088010 0.1708813 0.1040311 0.0058705 0.1263307 0.1121733 0.1205677 0.0960466 0.1035261 0.0932799 0.0928693 0.1282594 0.1089260 0.2458501 0.0738944 0.2073543 0.3009127 0.1023433 0.2140649 0.0394450 0.1307401 0.1223683 0.1154510 0.1232031 0.1298843 0.1083227 0.1592687 0.0997602 0.0690056 0.0554990 0.1130063 0.1150439 0.1677347 0.0984753 0.1738515 0.2020248 0.1240137 0.1014207 0.0643945 0.1083236 0.1042872 0.1613168 0.0966308 0.1047279 0.1014996 0.1529268 0.1972547 0.2481186 0.0277459 0.2733700 0.0538553 0.0233946 0.0212907 0.1014977 0.0586345 0.1043701 0.0969241 0.0996749 0.0959325 0.1172034 0.1143838 0.1004520 0.1607216 0.0985029 0.0936025 0.2695868 0.1074374 0.0943710 0.1800340 0.1107140 0.2151907 0.0970345 0.1095282 0.1123146 0.1070182 0.1127709 0.2276630 0.0997082 0.2219714 0.1054562 0.1028252 0.1096792 0.0991940 0.2049071 0.1099577 0.0943006 0.3668705 0.1017388 0.1013366 0.1037498 0.0991066 
S0308         0.3147233 0.3775094 0.3171103 0.1316165 0.2456055 0.1247847 0.2778760 0.1200732 0.1038962 0.3146641 0.1227852 0.1105544 0.0745685 0.2618257 0.1094261 0.1156402 0.1499732 0.0720883 0.0000000 0.3230757 0.0604945 0.2560444 0.1273337 0.1250140 0.0673008 0.1115793 0.1106132 0.2632624 0.1172772 0.2315212 0.1080989 0.1223635 0.2493216 0.0696830 0.2657017 0.1419804 0.1311604 0.0719657 0.0688163 0.2486277 0.1271172 0.1083867 0.3020236 0.2238766 0.2277976 0.1206438 0.1262379 0.1191245 0.0672882 0.1926209 0.1235173 0.0640788 0.1315688 0.1335745 0.1295907 0.1057422 0.1140798 0.1043783 0.1035538 0.1297895 0.1227023 0.2621469 0.0895084 0.2322737 0.3132706 0.1086473 0.2283415 0.0538404 0.1389226 0.1256652 0.1211715 0.1350266 0.1446305 0.1265147 0.1764132 0.1133405 0.0873687 0.0609144 0.1148533 0.1122459 0.1876708 0.1083007 0.1894229 0.1936895 0.1321833 0.1092349 0.0806584 0.1077258 0.1044930 0.1905518 0.1116254 0.1211081 0.1113348 0.1641801 0.2175361 0.2646209 0.0719170 0.2971530 0.0623316 0.0691474 0.0663817 0.1154363 0.0805343 0.1106959 0.0990241 0.1108032 0.1021740 0.1238058 0.1254659 0.1098763 0.1811368 0.1025541 0.1016414 0.3258108 0.1220743 0.1039269 0.1762276 0.1256934 0.2415610 0.1052746 0.1186458 0.1119501 0.1136979 0.1380263 0.2690852 0.1147631 0.2463041 0.1196935 0.1176535 0.1168909 0.1177488 0.2240472 0.1122467 0.0984119 0.3703803 0.1043546 0.1120242 0.1132350 0.0996666 
S0320         0.4923261 0.5194445 0.4326060 0.2583723 0.5604549 0.2288675 0.3621980 0.2319242 0.2393919 0.1419198 0.2405322 0.2297870 0.3143410 0.1131400 0.2482288 0.2349279 0.2351945 0.2719505 0.3230757 0.0000000 0.2658904 0.1456426 0.2548887 0.2667509 0.2967924 0.2235258 0.2289685 0.1366026 0.2357181 0.1524922 0.2366257 0.2387868 0.1633648 0.2769913 0.1821356 0.2876379 0.2659029 0.3110332 0.2700381 0.1506990 0.2434413 0.2185731 0.2117411 0.1127555 0.1508697 0.2364227 0.2315522 0.2396831 0.2661714 0.3291011 0.2466456 0.2598370 0.2543595 0.2550006 0.2743158 0.2313819 0.2246286 0.2357375 0.2309980 0.2842566 0.2531602 0.1461341 0.2944710 0.1631213 0.1430856 0.2390142 0.1290291 0.2777644 0.2693224 0.2731399 0.2657509 0.2769283 0.2535586 0.2497302 0.3026590 0.2310435 0.2725380 0.2773961 0.2486216 0.2416225 0.3090474 0.2406866 0.3124229 0.1563610 0.2676546 0.2573161 0.2672225 0.2422568 0.2522814 0.3091835 0.2296818 0.2523654 0.2383967 0.1540431 0.1512516 0.1945110 0.2846212 0.1725247 0.2859074 0.2814243 0.2730923 0.2289634 0.2702812 0.2506161 0.2357419 0.2306771 0.2239015 0.2380207 0.2314054 0.2439381 0.1165181 0.2400447 0.2422298 0.0621415 0.2503779 0.2345033 0.1031972 0.2576863 0.1518991 0.2232835 0.2452497 0.2552949 0.2493542 0.2609314 0.1317239 0.2279776 0.1593388 0.2461717 0.2304755 0.2783114 0.2391966 0.1565289 0.2520779 0.2250152 0.3346349 0.2463186 0.2518522 0.2439049 0.2288331 
S0322         0.3634523 0.3806848 0.3469814 0.1125474 0.2467177 0.0942880 0.2498835 0.1015232 0.0850768 0.2728764 0.1063956 0.0936468 0.0208565 0.2298745 0.0959966 0.0999338 0.1228784 0.0184286 0.0604945 0.2658904 0.0000000 0.2165873 0.1060189 0.1128396 0.0179959 0.0920502 0.0897588 0.2395448 0.0949088 0.2020190 0.0860301 0.1013830 0.2032766 0.0184752 0.2267326 0.1169738 0.1161319 0.0581053 0.0216771 0.2180996 0.1005876 0.0873674 0.2773666 0.1997322 0.1908231 0.0942608 0.1053162 0.0937436 0.0152772 0.1679351 0.0945010 0.0144242 0.1161950 0.1092790 0.1078163 0.0849791 0.0922664 0.0837759 0.0843789 0.1096632 0.0934672 0.2337369 0.0692231 0.1969235 0.2874424 0.0935915 0.1973924 0.0339923 0.1153288 0.1065949 0.1053155 0.1104790 0.1167687 0.1004972 0.1559971 0.0908296 0.0680942 0.0442523 0.1009910 0.0966498 0.1688291 0.0849663 0.1711777 0.1997053 0.1111403 0.0972034 0.0631734 0.0926493 0.0934287 0.1621936 0.0894686 0.0910154 0.0976129 0.1506088 0.1895290 0.2370779 0.0250933 0.2531603 0.0485245 0.0186470 0.0165062 0.0914782 0.0571072 0.0925795 0.0842968 0.0912114 0.0858921 0.1073914 0.1062729 0.0934965 0.1518886 0.0862988 0.0813258 0.2661930 0.0937329 0.0834261 0.1702795 0.1031137 0.2105011 0.0884290 0.1005591 0.1028166 0.0958512 0.1040710 0.2175762 0.0886147 0.2048912 0.0986295 0.0944926 0.1003610 0.0954137 0.2012072 0.0969541 0.0878201 0.3564119 0.0854906 0.0951574 0.0950341 0.0906556 
S0327         0.4180247 0.4936156 0.4026666 0.2187496 0.4840793 0.2129829 0.3218956 0.2021477 0.1973964 0.1238765 0.2023433 0.1876997 0.2737717 0.1335602 0.1995124 0.1902157 0.1963513 0.2243453 0.2560444 0.1456426 0.2165873 0.0000000 0.2102357 0.2335127 0.2508370 0.1867408 0.1937698 0.1224352 0.1995029 0.0994504 0.1983959 0.2004754 0.0755654 0.2338889 0.1109377 0.2310170 0.2046327 0.2450999 0.2250445 0.0709443 0.2099498 0.1914618 0.1173731 0.1283405 0.1050605 0.1956593 0.1856240 0.2129328 0.2166247 0.2768589 0.2008783 0.2103684 0.2055457 0.2118136 0.2135463 0.1938002 0.1852901 0.1890529 0.1969803 0.2240344 0.2197181 0.1264088 0.2502805 0.1287246 0.1686604 0.1951232 0.0697722 0.2193461 0.2142883 0.2189301 0.2029842 0.2045167 0.2111481 0.2144737 0.2640239 0.2083361 0.2439939 0.2388658 0.2040140 0.2036704 0.2678619 0.1982119 0.2880275 0.0945318 0.2174034 0.2022284 0.2325237 0.2075832 0.1908265 0.2663705 0.1916088 0.2126583 0.2026706 0.0933920 0.1077946 0.1571251 0.2489544 0.1317626 0.2275903 0.2327430 0.2305838 0.1960662 0.2315759 0.1989216 0.1977062 0.1932641 0.1889482 0.2128804 0.1987009 0.1919781 0.0786657 0.1943205 0.2074954 0.1629263 0.2051063 0.1963675 0.1104830 0.2184330 0.1124141 0.1808850 0.2112692 0.2178656 0.1938127 0.2180067 0.1197842 0.1912107 0.1313797 0.2008139 0.1953337 0.2224468 0.2055693 0.1220914 0.2067758 0.1880596 0.3034918 0.1940728 0.1985527 0.2117074 0.1938755 
S0335         0.3530260 0.3442651 0.3160028 0.0532764 0.1667869 0.0749971 0.2076198 0.0738845 0.0575051 0.2612755 0.0782945 0.0658245 0.0995126 0.2180199 0.0686715 0.0685047 0.1059765 0.1136035 0.1273337 0.2548887 0.1060189 0.2102357 0.0000000 0.0550460 0.1113478 0.0668032 0.0660870 0.2335970 0.0715830 0.1813520 0.0559860 0.0838744 0.1880721 0.1122912 0.2057982 0.1014429 0.0863808 0.1114197 0.1087768 0.2030358 0.0803083 0.0628461 0.2622829 0.1998908 0.1738982 0.0804353 0.0785208 0.0745320 0.1073992 0.1591055 0.0840136 0.1043022 0.0921462 0.0849352 0.0826892 0.0538922 0.0684326 0.0550089 0.0553649 0.0902488 0.0787020 0.2179383 0.1091771 0.1922387 0.2768157 0.0518565 0.1907704 0.0889832 0.0926225 0.0863786 0.0888654 0.0902990 0.0989027 0.0789370 0.1518458 0.0668601 0.1122164 0.1022337 0.0852603 0.0849736 0.1522084 0.0583320 0.1597337 0.1384875 0.0921433 0.0453497 0.1057044 0.0828739 0.0725411 0.1518138 0.0697231 0.0773050 0.0561590 0.1198483 0.1719459 0.2171370 0.1112449 0.2449238 0.1040791 0.1123801 0.1108700 0.0722774 0.0978595 0.0433576 0.0553080 0.0687922 0.0602508 0.0829887 0.0762481 0.0836350 0.1471235 0.0561840 0.0609190 0.2536912 0.0736163 0.0525716 0.1507947 0.0863792 0.1988961 0.0601114 0.0815411 0.0785619 0.0402337 0.0893987 0.2351351 0.0672633 0.2076781 0.0676142 0.0735281 0.0503417 0.0300286 0.1834604 0.0778873 0.0438804 0.3384378 0.0551001 0.0396301 0.0787737 0.0419203 
S0345         0.3334912 0.3631120 0.3478834 0.0510602 0.1789141 0.0824609 0.2230936 0.0820083 0.0543982 0.2664681 0.0807064 0.0741406 0.1009974 0.2209618 0.0691952 0.0733803 0.1170236 0.1221667 0.1250140 0.2667509 0.1128396 0.2335127 0.0550460 0.0000000 0.1186366 0.0751306 0.0744465 0.2286167 0.0800051 0.1775250 0.0576376 0.0903513 0.2260868 0.1234958 0.2114116 0.1069415 0.0955516 0.1139973 0.1199023 0.1958334 0.0918311 0.0736400 0.2478598 0.2121568 0.1921066 0.0860942 0.0859555 0.0839349 0.1155905 0.1726637 0.0958220 0.1139374 0.0995298 0.0991647 0.0884050 0.0555222 0.0756836 0.0543811 0.0510752 0.0924243 0.0882918 0.2250216 0.1148349 0.2062350 0.2807585 0.0632449 0.2022975 0.0973632 0.0973812 0.0889143 0.0863451 0.0923392 0.1077112 0.0872005 0.1574717 0.0740901 0.1167029 0.1052206 0.0846829 0.0816861 0.1639591 0.0577319 0.1694632 0.1633746 0.0942713 0.0504162 0.1084182 0.0832384 0.0743753 0.1681027 0.0770178 0.0911831 0.0639068 0.1288698 0.1839729 0.2304795 0.1227601 0.2565200 0.1074060 0.1205994 0.1207144 0.0784501 0.1018799 0.0354368 0.0557119 0.0785879 0.0696790 0.0934470 0.0793495 0.0848075 0.1560130 0.0625259 0.0602788 0.2685250 0.0898930 0.0541786 0.1577781 0.0880455 0.2116207 0.0694760 0.0856244 0.0730752 0.0515070 0.1037140 0.2368644 0.0718166 0.2127845 0.0783218 0.0796505 0.0344920 0.0486073 0.1857982 0.0811282 0.0512885 0.3481981 0.0600728 0.0477642 0.0798405 0.0538428 
S0355         0.3152085 0.3918235 0.3301562 0.1131914 0.2254031 0.1010004 0.2573639 0.1038754 0.0958351 0.3047283 0.1100270 0.0924734 0.0357585 0.2439659 0.1114511 0.0991854 0.1297452 0.0242523 0.0673008 0.2967924 0.0179959 0.2508370 0.1113478 0.1186366 0.0000000 0.0907427 0.0941031 0.2650189 0.1001826 0.2344486 0.0969259 0.1140332 0.2521606 0.0338120 0.2403181 0.1249656 0.1165182 0.0623527 0.0119276 0.2468483 0.1011539 0.0918526 0.2872222 0.2262709 0.2171010 0.1022064 0.1049462 0.1064765 0.0220759 0.1772194 0.1020842 0.0165594 0.1272460 0.1124362 0.1165052 0.0958353 0.0943031 0.0944149 0.0937265 0.1231901 0.1080485 0.2561924 0.0720810 0.2139718 0.3250166 0.0950407 0.2267014 0.0375717 0.1273923 0.1200742 0.1110056 0.1212011 0.1281121 0.1113760 0.1642875 0.0951225 0.0752541 0.0522995 0.1124653 0.1143422 0.1784700 0.0985169 0.1830406 0.1838369 0.1195487 0.1002475 0.0688499 0.1005495 0.1033428 0.1733881 0.0891577 0.0967360 0.1020245 0.1639019 0.2052710 0.2115014 0.0316414 0.2977143 0.0545714 0.0352536 0.0327457 0.0990925 0.0623733 0.0985867 0.0952919 0.0910697 0.0914226 0.1117154 0.1092767 0.0967821 0.1787629 0.0940812 0.0903837 0.2811503 0.0994654 0.0939875 0.1786191 0.1083543 0.2283871 0.0868906 0.1041453 0.1046970 0.1007112 0.1131854 0.2530816 0.0897452 0.2173035 0.1023141 0.0942346 0.1053187 0.0998979 0.2069945 0.1089631 0.0887648 0.3909585 0.0946509 0.0940534 0.1028685 0.0947514 
S0400         0.3326143 0.3310886 0.3034643 0.0770054 0.2058775 0.0334209 0.1945278 0.0272540 0.0540427 0.2439491 0.0697386 0.0048325 0.0909663 0.1888924 0.0645482 0.0117814 0.0607584 0.1004603 0.1115793 0.2235258 0.0920502 0.1867408 0.0668032 0.0751306 0.0907427 0.0000000 0.0107444 0.2041824 0.0360069 0.1641501 0.0561415 0.0644012 0.1759578 0.1069044 0.1785850 0.0938702 0.0526347 0.1002669 0.0982599 0.1840521 0.0263183 0.0098034 0.2397611 0.1747325 0.1654832 0.0461226 0.0148329 0.0628681 0.0954538 0.1519201 0.0437336 0.0924401 0.0808339 0.0391698 0.0847626 0.0540426 0.0077975 0.0529131 0.0532561 0.0858225 0.0680834 0.1992176 0.1077634 0.1725595 0.2490424 0.0580006 0.1577239 0.0800814 0.0897860 0.0851480 0.0838673 0.0873214 0.0581919 0.0780958 0.1357930 0.0478815 0.1056210 0.0946892 0.0811954 0.0775519 0.1462468 0.0562325 0.1477823 0.1114469 0.0844282 0.0622669 0.0991704 0.0535837 0.0720451 0.1505848 0.0107616 0.0413003 0.0577026 0.1082290 0.1610681 0.2013848 0.1071434 0.2223642 0.0918254 0.1055729 0.1013675 0.0147813 0.0936366 0.0703786 0.0535402 0.0138100 0.0118098 0.0326788 0.0743381 0.0459424 0.1363676 0.0601397 0.0591809 0.2240478 0.0390839 0.0527181 0.1379934 0.0826888 0.1808582 0.0038663 0.0740546 0.0754263 0.0541835 0.0459610 0.2034271 0.0422957 0.1846804 0.0355495 0.0367803 0.0706223 0.0660429 0.1681000 0.0756245 0.0463494 0.3214559 0.0506916 0.0480582 0.0549119 0.0499910 
S0405         0.3324163 0.3378354 0.3122939 0.0750488 0.1986817 0.0346605 0.2017056 0.0263713 0.0532649 0.2481483 0.0715896 0.0097792 0.0836030 0.1954489 0.0611674 0.0148670 0.0646918 0.0997567 0.1106132 0.2289685 0.0897588 0.1937698 0.0660870 0.0744465 0.0941031 0.0107444 0.0000000 0.2090458 0.0351095 0.1684431 0.0553759 0.0612715 0.1830463 0.1004665 0.1846753 0.0969545 0.0518102 0.0983079 0.1002924 0.1887640 0.0253982 0.0058763 0.2370664 0.1825063 0.1700176 0.0464102 0.0179700 0.0609336 0.0921599 0.1555282 0.0429109 0.0917630 0.0799220 0.0404510 0.0842398 0.0532649 0.0128234 0.0521297 0.0524694 0.0878348 0.0649440 0.2058772 0.1066652 0.1752414 0.2569227 0.0571569 0.1603355 0.0767967 0.0932223 0.0859807 0.0832201 0.0881738 0.0562278 0.0775352 0.1436161 0.0504509 0.1063731 0.0954079 0.0817284 0.0781873 0.1513536 0.0554661 0.1528647 0.1174681 0.0878544 0.0615265 0.0983127 0.0515704 0.0697897 0.1557428 0.0128248 0.0404142 0.0582076 0.1147794 0.1655032 0.2067886 0.1006180 0.2266667 0.0924205 0.0990774 0.0962423 0.0128411 0.0927664 0.0683019 0.0514068 0.0149008 0.0088659 0.0318148 0.0745922 0.0440617 0.1390737 0.0568494 0.0570397 0.2333553 0.0393006 0.0519365 0.1467963 0.0796048 0.1918415 0.0068295 0.0709685 0.0720166 0.0544976 0.0425370 0.2118172 0.0403589 0.1859975 0.0314835 0.0370456 0.0683924 0.0641643 0.1709107 0.0750379 0.0442735 0.3325041 0.0498970 0.0495099 0.0506677 0.0515716 
S0407sl       0.5236847 0.5100578 0.3974780 0.2365056 0.4348743 0.2266936 0.3552998 0.2180824 0.2059137 0.1426049 0.2248589 0.2067580 0.2789420 0.0889029 0.2094391 0.2170536 0.2277334 0.2448733 0.2632624 0.1366026 0.2395448 0.1224352 0.2335970 0.2286167 0.2650189 0.2041824 0.2090458 0.0000000 0.2161098 0.1156111 0.2078174 0.2258611 0.1551763 0.2557217 0.1370417 0.2452993 0.2183675 0.2754688 0.2441317 0.1346280 0.2176309 0.2068888 0.1635850 0.0875626 0.1128240 0.2227490 0.2270007 0.2198335 0.2406358 0.3038351 0.2225555 0.2328089 0.2248436 0.2277261 0.2232113 0.2029128 0.2120831 0.2069017 0.2067929 0.2424736 0.2262361 0.1066096 0.2571567 0.1176261 0.1330074 0.2216114 0.1166157 0.2474667 0.2180799 0.2231990 0.2213233 0.2288571 0.2403059 0.2386309 0.2849665 0.2223033 0.2511084 0.2593167 0.2177202 0.2250629 0.2848260 0.2082546 0.2920805 0.1505520 0.2250165 0.2233056 0.2431088 0.2203376 0.2086125 0.2862550 0.2099384 0.2305064 0.2217022 0.0984353 0.1015170 0.1364925 0.2563011 0.1161284 0.2519637 0.2501001 0.2451778 0.2137914 0.2352556 0.2187712 0.2114153 0.2141159 0.2026132 0.2209330 0.2080462 0.2145963 0.0949597 0.2138757 0.2233828 0.1307001 0.2225845 0.2058716 0.0416592 0.2387302 0.1096702 0.2022473 0.2333040 0.2322738 0.2181436 0.2303702 0.0894290 0.2122087 0.0936825 0.2165095 0.2193043 0.2312127 0.2183409 0.1021836 0.2093133 0.2040242 0.3548236 0.2170524 0.2160796 0.2271540 0.2168989 
