122
CRNC          0.0000000 0.2759649 0.3760482 0.4482624 0.4217032 0.4239824 0.3333250 0.4028441 0.4935424 0.4154392 0.4363718 0.4044797 0.4278711 0.4171096 0.4079729 0.4091141 0.4219866 0.4437244 0.4987758 0.4233193 0.4442563 0.3911402 0.4531848 0.4347886 0.3790030 0.3981560 0.4227787 0.4147133 0.3954204 0.4012755 0.4122678 0.4005445 0.4152533 0.4505383 0.3942382 0.4300404 0.4192784 0.3814872 0.4373333 0.4004338 0.4200674 0.4159358 0.3837676 0.4222514 0.3892840 0.5070254 0.4025337 0.4497712 0.4483397 0.4214974 0.4549712 0.4459427 0.4150252 0.4303568 0.4244471 0.4072823 0.4211554 0.4072169 0.4422290 0.3894949 0.3759818 0.4228114 0.3815678 0.3688628 0.4219463 0.4053833 0.4199259 0.4714457 0.4509309 0.4400189 0.4292079 0.4578140 0.4540951 0.4307677 0.4376684 0.4220896 0.3991266 0.4160765 0.4227141 0.4502044 0.4218117 0.4268257 0.3784838 0.4593771 0.4525918 0.4373965 0.4354571 0.4299754 0.4292519 0.4023626 0.4100189 0.4144301 0.3939666 0.3796361 0.4111747 0.4435845 0.3945509 0.4070389 0.4600293 0.4258026 0.4575393 0.4303446 0.3987569 0.4182269 0.4087720 0.4090160 0.4138052 0.3768748 0.4137774 0.4557139 0.3712969 0.3971984 0.4088606 0.4040471 0.4223249 0.4101967 0.4029937 0.4441052 0.4034948 0.4043530 0.4518335 0.4057334 
HYZL          0.2759649 0.0000000 0.1556679 0.4343883 0.3941707 0.4029405 0.3001282 0.4143590 0.4890730 0.4166780 0.4389921 0.3865963 0.4252447 0.4117762 0.3709745 0.4695602 0.4767643 0.4225907 0.4419882 0.4193203 0.4409171 0.3968172 0.4434360 0.4048172 0.3629919 0.3872666 0.3838853 0.4410056 0.4069023 0.4036452 0.4095354 0.4269474 0.3683205 0.4531097 0.4016460 0.4175174 0.4509896 0.4160238 0.4269209 0.4437553 0.4333737 0.4397520 0.4079371 0.4127992 0.4419702 0.4370770 0.4209103 0.4433641 0.4689040 0.4139070 0.4430918 0.4359421 0.3993938 0.4131774 0.4168238 0.3917128 0.4187472 0.4044668 0.4390119 0.4313601 0.3688109 0.3842108 0.4190331 0.3598886 0.4017514 0.4120136 0.4168894 0.4069732 0.4381944 0.4313845 0.4217076 0.4576894 0.4460883 0.4407692 0.4324096 0.4129548 0.3914536 0.4483193 0.4378255 0.4325823 0.4099036 0.4468398 0.3721013 0.4421711 0.4202592 0.4154113 0.4149684 0.4258901 0.4494470 0.3958730 0.4076790 0.4008771 0.4093963 0.4168498 0.4509960 0.4462870 0.3958310 0.4272629 0.4318227 0.4238508 0.4502885 0.4143248 0.3728903 0.4370156 0.4129590 0.3930847 0.3984401 0.3963064 0.3960301 0.4272307 0.3798169 0.4106343 0.4227719 0.4189547 0.4060005 0.4075998 0.4095584 0.4311696 0.4149454 0.3798269 0.4334164 0.3907777 
MYZV          0.3760482 0.1556679 0.0000000 0.5314937 0.4862659 0.5066849 0.3758313 0.5214068 0.5640075 0.5299111 0.5392962 0.4618422 0.5232025 0.4971153 0.4423978 0.5093512 0.5513078 0.5373721 0.5334490 0.5223574 0.5430380 0.5149912 0.5332328 0.5078371 0.4206483 0.4613344 0.4838553 0.5489351 0.4301629 0.4921797 0.4750999 0.4851659 0.4554335 0.5348724 0.5101982 0.5173771 0.5129302 0.5181724 0.5315019 0.5518909 0.4988588 0.5032339 0.5190696 0.5073074 0.5443795 0.6006516 0.5388336 0.5506883 0.6031336 0.5002763 0.5389189 0.5364651 0.4906892 0.5072395 0.4892893 0.4820199 0.4861772 0.4698744 0.5002387 0.5471591 0.4704267 0.4847233 0.5167523 0.4368793 0.5049309 0.5188118 0.4840368 0.4987628 0.5038855 0.5245148 0.5150017 0.5353540 0.5334653 0.5694301 0.4980516 0.5144324 0.4941226 0.5204487 0.5127421 0.5497270 0.4859950 0.5760596 0.4740015 0.5104226 0.5189330 0.5186483 0.4978350 0.4913701 0.5743138 0.4762930 0.4745823 0.4949809 0.5153654 0.5137521 0.5478642 0.5535559 0.5064706 0.5314573 0.5455555 0.5162630 0.5544422 0.5048233 0.4765663 0.5377804 0.4861042 0.4776715 0.4901973 0.4971645 0.4888045 0.5308095 0.4977265 0.4846135 0.5088903 0.5326117 0.4781220 0.4785292 0.5185364 0.5221176 0.4985057 0.4838078 0.5329962 0.4648831 
SRR6441723    0.4482624 0.4343883 0.5314937 0.0000000 0.0453406 0.0715739 0.1762768 0.0717463 0.0928688 0.0853800 0.0867458 0.0562409 0.0813573 0.0666238 0.0737482 0.1409593 0.1001055 0.0957329 0.1014842 0.0788535 0.1072151 0.0936671 0.0614183 0.0490760 0.0891088 0.0556201 0.0548174 0.0905709 0.1062781 0.0763593 0.0613363 0.0868528 0.0932729 0.1020708 0.0805833 0.0641307 0.0985049 0.1074399 0.1066907 0.0879427 0.0770280 0.0764642 0.0876636 0.0988685 0.0861901 0.0742243 0.0722114 0.1037897 0.1467057 0.1165371 0.0959556 0.0747532 0.0620853 0.0785650 0.0662606 0.0595318 0.0664787 0.0663874 0.0745780 0.0762385 0.0739871 0.1001410 0.0807397 0.0730685 0.0572692 0.0809558 0.0902936 0.0860952 0.1004926 0.0673462 0.0664477 0.1485819 0.0772705 0.1326552 0.0690736 0.1038205 0.1313988 0.0818160 0.0891152 0.1391287 0.0613797 0.1318747 0.0756624 0.1176874 0.0785127 0.1087629 0.0925917 0.0715745 0.1324335 0.0569387 0.0738697 0.0575028 0.0781603 0.0757063 0.0873899 0.0983197 0.0903534 0.0918241 0.1015044 0.0908524 0.0991965 0.0642702 0.0941873 0.0430907 0.0657483 0.0536799 0.0594011 0.0754526 0.0731160 0.0744454 0.0824728 0.0616985 0.0616214 0.0767699 0.0596857 0.0684282 0.0864829 0.0797326 0.0862075 0.0596721 0.0819746 0.0667057 
ERR4210213    0.4217032 0.3941707 0.4862659 0.0453406 0.0000000 0.0852838 0.2132315 0.1304528 0.2200464 0.1413619 0.0842958 0.0707978 0.1269058 0.0704634 0.0707978 0.1251678 0.1459843 0.1050789 0.1265277 0.1412536 0.1050789 0.1154229 0.0219366 0.0341181 0.1128732 0.0707978 0.0579849 0.1447784 0.1127832 0.1269058 0.0839617 0.1190390 0.1946730 0.1050789 0.0971528 0.0333781 0.1326806 0.0707978 0.1063525 0.1269058 0.0707978 0.0707978 0.1718784 0.1127832 0.1157487 1.5391671 0.1003182 0.1360226 0.2712052 0.1127832 0.1050789 0.0879823 0.0707978 0.0572225 0.0839617 0.0707978 0.0997653 0.0839617 0.0452226 0.1132458 0.0787791 0.0989887 0.1145233 0.0851744 0.0461822 0.1568039 0.0590154 0.0000010 0.0333781 0.0698317 0.0450517 0.8094404 0.1001646 0.1816934 0.0817106 0.0730237 0.1136207 0.0454828 0.0586801 0.2070729 0.0839617 0.1816934 0.0968947 0.0871534 0.0846173 0.0720794 0.1115475 0.0835625 0.1838766 0.0572694 0.0717329 0.0579918 0.1568039 0.0985881 0.1333925 0.1050789 0.1132458 0.1720047 0.0582175 0.1197818 0.1050789 0.0713548 0.1157146 0.0386654 0.0832340 0.0572694 0.0698317 0.1177808 0.0579918 0.0985881 0.0985881 0.0585647 0.0579918 0.1127832 0.0856412 0.0861972 0.1269058 0.1141236 0.1425362 0.0717080 0.0993924 0.0858483 
ERR2789774    0.4239824 0.4029405 0.5066849 0.0715739 0.0852838 0.0000000 0.1321762 0.0385137 0.0754802 0.0667043 0.0727798 0.0179940 0.0583521 0.0709369 0.0314332 0.1039960 0.0872980 0.0775705 0.0905075 0.0719695 0.0880450 0.0743644 0.0902314 0.0863133 0.0545545 0.0178103 0.0280522 0.0676541 0.0636507 0.0515398 0.0467210 0.0603484 0.0770919 0.0808259 0.0603610 0.0658917 0.0992975 0.0910301 0.0779929 0.0720535 0.0408967 0.0405080 0.0621574 0.0629847 0.0608664 0.0390517 0.0494873 0.0849878 0.1178424 0.0844196 0.0753509 0.0724834 0.0237678 0.0802721 0.0513043 0.0237196 0.0514660 0.0491886 0.0835962 0.0625433 0.0488299 0.0833605 0.0559653 0.0488201 0.0548356 0.0602514 0.0663637 0.0883209 0.0885788 0.0787600 0.0681990 0.1041748 0.0638214 0.1023257 0.0553980 0.0810424 0.0908126 0.0835245 0.0933916 0.1139031 0.0467529 0.1043044 0.0490604 0.1051878 0.0889401 0.0856778 0.0572188 0.0854487 0.1047225 0.0236629 0.0447570 0.0616402 0.0578044 0.0513833 0.0616571 0.0775705 0.0627634 0.0742131 0.0955624 0.0706509 0.0810020 0.0300256 0.0792511 0.0857589 0.0676712 0.0200510 0.0216994 0.0418468 0.0751434 0.0622030 0.0612410 0.0635687 0.0658148 0.0653541 0.0361932 0.0533799 0.0725165 0.0638009 0.0559275 0.0237717 0.0586959 0.0386505 
PAFTOL_019361 0.3333250 0.3001282 0.3758313 0.1762768 0.2132315 0.1321762 0.0000000 0.1410645 0.1949443 0.1386217 0.1848269 0.1192593 0.1486993 0.1552429 0.1317003 0.1615748 0.1751412 0.1680722 0.1915732 0.1526291 0.1659754 0.1580390 0.2083854 0.1767900 0.1302948 0.1214765 0.1468885 0.1483991 0.1531800 0.1470574 0.1569017 0.1392580 0.1895411 0.1647868 0.1547176 0.1714663 0.2023430 0.1692686 0.1656804 0.1485380 0.1369658 0.1733320 0.1568595 0.1515428 0.1775059 0.1761196 0.1654354 0.1878249 0.1924832 0.1654725 0.1761967 0.1718139 0.1383901 0.1825156 0.1615362 0.1341338 0.1660391 0.1507065 0.1889724 0.1768492 0.1310140 0.1491327 0.1601019 0.1283836 0.1538984 0.1472679 0.1598390 0.1837118 0.1988328 0.1736900 0.1747964 0.2248664 0.1903968 0.1581565 0.1473255 0.1499203 0.1644314 0.1902178 0.1972534 0.1865588 0.1534347 0.1721721 0.1441808 0.2020946 0.1962051 0.1455213 0.1750725 0.1748079 0.1731215 0.1339622 0.1512836 0.1338484 0.1425999 0.1605198 0.1708382 0.1720939 0.1507522 0.1428043 0.1763222 0.1648505 0.1722929 0.1348228 0.1467475 0.1829804 0.1544282 0.1341351 0.1346099 0.1336335 0.1664186 0.1872826 0.1313362 0.1419482 0.1488661 0.1461659 0.1398569 0.1561114 0.1574916 0.1819093 0.1493432 0.1237213 0.1759341 0.1409284 
S0055         0.4028441 0.4143590 0.5214068 0.0717463 0.1304528 0.0385137 0.1410645 0.0000000 0.0662788 0.0556611 0.0568177 0.0286783 0.0430288 0.0641090 0.0448073 0.0946541 0.0612321 0.0642385 0.0915055 0.0561985 0.0743818 0.0540141 0.0831213 0.0827323 0.0498883 0.0283778 0.0390063 0.0496837 0.0589198 0.0410489 0.0361568 0.0475616 0.0545190 0.0672966 0.0405254 0.0543633 0.0919846 0.0821311 0.0669238 0.0471798 0.0435194 0.0519298 0.0512252 0.0563680 0.0475809 0.0490028 0.0412340 0.0714705 0.1163494 0.0709976 0.0620384 0.0702150 0.0344896 0.0686186 0.0405847 0.0322456 0.0407109 0.0385039 0.0765229 0.0471503 0.0422127 0.0763168 0.0450894 0.0381469 0.0482065 0.0406407 0.0644008 0.0655724 0.0863372 0.0717503 0.0614260 0.0982272 0.0568402 0.1140275 0.0510178 0.0740198 0.0916158 0.0716872 0.0885486 0.1152575 0.0404175 0.1055117 0.0443988 0.1002635 0.0769126 0.0786108 0.0547733 0.0689141 0.1059399 0.0343327 0.0471028 0.0549342 0.0341349 0.0406464 0.0504455 0.0689032 0.0561715 0.0560424 0.0915915 0.0574369 0.0674401 0.0410145 0.0722043 0.0766994 0.0564564 0.0308182 0.0323265 0.0179085 0.0636668 0.0577400 0.0482582 0.0568720 0.0590959 0.0541873 0.0320727 0.0426333 0.0515219 0.0523270 0.0472360 0.0344928 0.0518682 0.0300117 
S0196sl       0.4935424 0.4890730 0.5640075 0.0928688 0.2200464 0.0754802 0.1949443 0.0662788 0.0000000 0.0767230 0.0767069 0.0584062 0.0781357 0.0867572 0.0787848 0.1304030 0.1013476 0.1024640 0.1151609 0.0798399 0.1140660 0.0927192 0.1074519 0.1186578 0.0726964 0.0600839 0.0718286 0.0880079 0.0946640 0.0737284 0.0303741 0.0785836 0.1015788 0.0976089 0.0778230 0.0865500 0.1230419 0.1174428 0.1108477 0.0853824 0.0792408 0.0822526 0.0891810 0.0954348 0.0833109 0.0480273 0.0600668 0.1053513 0.1583869 0.1125248 0.1001103 0.1083664 0.0689025 0.1019807 0.0347800 0.0662895 0.0348879 0.0348421 0.1005660 0.0731294 0.0783684 0.1073549 0.0779369 0.0723573 0.0896074 0.0776682 0.0940264 0.0788190 0.1182021 0.0868248 0.0940039 0.1162164 0.0698573 0.1411811 0.0767529 0.1105800 0.1128530 0.1030807 0.1187344 0.1485819 0.0346357 0.1431939 0.0807124 0.1374706 0.1063170 0.1094176 0.0948577 0.0944276 0.1438067 0.0685715 0.0730485 0.0695034 0.0750193 0.0729661 0.0844615 0.1076212 0.0925949 0.0925209 0.1249387 0.0950087 0.1029895 0.0762039 0.1088479 0.1125082 0.0858540 0.0631215 0.0688002 0.0755949 0.0963925 0.0829104 0.0791364 0.0765542 0.0815660 0.0682216 0.0567961 0.0411703 0.0731109 0.0602138 0.0756553 0.0689071 0.0691919 0.0688716 
S0278         0.4154392 0.4166780 0.5299111 0.0853800 0.1413619 0.0667043 0.1386217 0.0556611 0.0767230 0.0000000 0.0653697 0.0614827 0.0320637 0.0773531 0.0655518 0.1099938 0.0563372 0.0849942 0.1011583 0.0380889 0.0858597 0.0535689 0.1046143 0.0942354 0.0625661 0.0585654 0.0722217 0.0449065 0.0718060 0.0364305 0.0595680 0.0719236 0.0481000 0.0883875 0.0512158 0.0770812 0.1089600 0.0988251 0.0878900 0.0383925 0.0771881 0.0797899 0.0422015 0.0671052 0.0696665 0.0715286 0.0607477 0.0876632 0.1312681 0.0870734 0.0827461 0.0871532 0.0671551 0.0869339 0.0643308 0.0646196 0.0645363 0.0621788 0.0903548 0.0689182 0.0508276 0.0926455 0.0646471 0.0297549 0.0682693 0.0319252 0.0661897 0.0844604 0.0978976 0.0800207 0.0794311 0.1283855 0.0749669 0.1206549 0.0576665 0.0903047 0.0983881 0.0902765 0.1026257 0.1219513 0.0640588 0.1120739 0.0386969 0.1132155 0.1007167 0.0893967 0.0900183 0.0919523 0.1125268 0.0668405 0.0781153 0.0630424 0.0338562 0.0599664 0.0659538 0.0898452 0.0624684 0.0361975 0.1088876 0.0779530 0.0885840 0.0650591 0.0861373 0.0934691 0.0765732 0.0637950 0.0647850 0.0619341 0.0723321 0.0929387 0.0476249 0.0701789 0.0747434 0.0361282 0.0642573 0.0619512 0.0395786 0.0700789 0.0760349 0.0626262 0.0673835 0.0625938 
S0281         0.4363718 0.4389921 0.5392962 0.0867458 0.0842958 0.0727798 0.1848269 0.0568177 0.0767069 0.0653697 0.0000000 0.0577774 0.0518513 0.0765553 0.0754786 0.1125216 0.0683655 0.0720675 0.1008310 0.0679102 0.0776725 0.0656925 0.0914577 0.1024645 0.0786023 0.0571464 0.0663648 0.0609490 0.0826156 0.0568352 0.0407251 0.0758656 0.0817155 0.0752931 0.0610160 0.0731650 0.1107687 0.0907677 0.0772526 0.0634059 0.0735987 0.0679266 0.0626723 0.0728236 0.0711385 0.0888049 0.0436690 0.0746715 0.1512090 0.0939969 0.0674000 0.0945310 0.0635431 0.0829923 0.0452601 0.0610071 0.0454022 0.0408827 0.0839046 0.0518439 0.0589043 0.0891912 0.0706402 0.0465446 0.0741478 0.0535195 0.0797474 0.0890781 0.0965824 0.0886984 0.0731588 0.1391336 0.0526451 0.1400023 0.0632416 0.0868275 0.0863554 0.0762068 0.0882454 0.1358963 0.0450709 0.1308190 0.0666926 0.1088892 0.0772635 0.0915562 0.0810263 0.0791097 0.1313688 0.0632425 0.0727367 0.0714577 0.0582804 0.0657847 0.0721056 0.0768638 0.0730844 0.0701705 0.0980918 0.0650866 0.0728926 0.0660222 0.0900137 0.0904030 0.0731421 0.0601012 0.0634197 0.0632711 0.0614399 0.0689569 0.0719943 0.0690630 0.0712763 0.0522487 0.0587845 0.0409064 0.0585311 0.0481532 0.0706217 0.0635486 0.0501437 0.0589573 
S0282         0.4044797 0.3865963 0.4618422 0.0562409 0.0707978 0.0179940 0.1192593 0.0286783 0.0584062 0.0614827 0.0577774 0.0000000 0.0484666 0.0558433 0.0071315 0.0910817 0.0773063 0.0581780 0.0794686 0.0595571 0.0680966 0.0621423 0.0747609 0.0760266 0.0401608 0.0000024 0.0099305 0.0599707 0.0485630 0.0464407 0.0303541 0.0486529 0.0696106 0.0611719 0.0435172 0.0532338 0.0802361 0.0781440 0.0631543 0.0621654 0.0223007 0.0173768 0.0568888 0.0576581 0.0486694 0.0241976 0.0351738 0.0653878 0.1130574 0.0718762 0.0559683 0.0616021 0.0058901 0.0673930 0.0347557 0.0058786 0.0348644 0.0348178 0.0679541 0.0482228 0.0430768 0.0679054 0.0483315 0.0389835 0.0467379 0.0504203 0.0514140 0.0711591 0.0776884 0.0631470 0.0555148 0.0989324 0.0557365 0.0978164 0.0471556 0.0657405 0.0819137 0.0704875 0.0826015 0.1064300 0.0282658 0.1024658 0.0369890 0.0998335 0.0658090 0.0703397 0.0467572 0.0676878 0.1028869 0.0058641 0.0349307 0.0419884 0.0480068 0.0437506 0.0537638 0.0581780 0.0573392 0.0643491 0.0703362 0.0513720 0.0613028 0.0119055 0.0636966 0.0701278 0.0551016 0.0019744 0.0078495 0.0361722 0.0600960 0.0402000 0.0539796 0.0508588 0.0530857 0.0529549 0.0221872 0.0368169 0.0621379 0.0510473 0.0459833 0.0058910 0.0578875 0.0201681 
S0289         0.4278711 0.4252447 0.5232025 0.0813573 0.1269058 0.0583521 0.1486993 0.0430288 0.0781357 0.0320637 0.0518513 0.0484666 0.0000000 0.0757665 0.0583931 0.1112853 0.0456273 0.0687192 0.0969017 0.0342792 0.0789818 0.0450377 0.0932213 0.0925314 0.0581453 0.0457374 0.0591246 0.0321301 0.0672599 0.0281501 0.0491377 0.0566170 0.0488139 0.0718460 0.0408306 0.0634704 0.1024659 0.0947480 0.0714470 0.0343209 0.0593466 0.0686503 0.0297870 0.0429183 0.0589243 0.0699104 0.0476114 0.0712619 0.1275215 0.0807644 0.0665106 0.0775007 0.0542415 0.0730147 0.0537824 0.0518038 0.0539533 0.0516469 0.0762073 0.0557338 0.0356680 0.0886129 0.0540447 0.0172276 0.0574126 0.0257943 0.0700600 0.0689914 0.0828061 0.0762111 0.0657615 0.1233174 0.0613784 0.1276831 0.0438002 0.0862658 0.0973575 0.0710419 0.0828845 0.1290797 0.0535560 0.1082697 0.0291031 0.0921910 0.0830631 0.0909613 0.0660325 0.0933215 0.1087111 0.0539884 0.0622875 0.0618765 0.0257238 0.0494650 0.0551353 0.0662491 0.0474679 0.0321475 0.1020677 0.0618725 0.0720004 0.0521530 0.0820668 0.0918798 0.0750484 0.0507274 0.0519363 0.0533602 0.0634131 0.0764106 0.0460612 0.0685996 0.0731968 0.0323089 0.0515163 0.0558757 0.0332839 0.0591216 0.0652742 0.0498014 0.0496627 0.0542185 
S0292         0.4171096 0.4117762 0.4971153 0.0666238 0.0704634 0.0709369 0.1552429 0.0641090 0.0867572 0.0773531 0.0765553 0.0558433 0.0757665 0.0000000 0.0587965 0.1163929 0.0992199 0.0901062 0.0924250 0.0757396 0.0936222 0.0807543 0.0753459 0.0653564 0.0645035 0.0552315 0.0667217 0.0804586 0.0771653 0.0764251 0.0564320 0.0787286 0.0824552 0.0937153 0.0730553 0.0712302 0.1019664 0.0932040 0.1008394 0.0850105 0.0741021 0.0751178 0.0799422 0.0908600 0.0710370 0.0811047 0.0720197 0.0980027 0.1278809 0.1077255 0.0852886 0.0906013 0.0593778 0.0835423 0.0612481 0.0591334 0.0614462 0.0613632 0.0717668 0.0733145 0.0686052 0.0893844 0.0613011 0.0580183 0.0593848 0.0780089 0.0592922 0.0900804 0.0921331 0.0791046 0.0735859 0.1375462 0.0768968 0.1164440 0.0795382 0.0870153 0.1042080 0.0843584 0.0916591 0.1204529 0.0609847 0.1165205 0.0640597 0.1061946 0.0764222 0.0889400 0.0890709 0.0409272 0.1170010 0.0636649 0.0615563 0.0573118 0.0753472 0.0565839 0.0672463 0.0952164 0.0800530 0.0824001 0.0952538 0.0852999 0.0934619 0.0711478 0.0852195 0.0637999 0.0135553 0.0581700 0.0661821 0.0637037 0.0428504 0.0787543 0.0767037 0.0196898 0.0135907 0.0736772 0.0523694 0.0588406 0.0757653 0.0719060 0.0617677 0.0593834 0.0813641 0.0593520 
S0293         0.4079729 0.3709745 0.4423978 0.0737482 0.0707978 0.0314332 0.1317003 0.0448073 0.0787848 0.0655518 0.0754786 0.0071315 0.0583931 0.0587965 0.0000000 0.0879773 0.0900134 0.0606992 0.0765367 0.0687886 0.0639695 0.0722648 0.0997327 0.0835005 0.0556193 0.0094225 0.0240708 0.0638512 0.0644391 0.0584556 0.0465949 0.0614162 0.0716002 0.0581204 0.0495625 0.0641188 0.0884906 0.0856093 0.0692077 0.0751353 0.0238828 0.0383128 0.0685461 0.0581093 0.0670587 0.0490443 0.0476489 0.0692043 0.1189856 0.0812289 0.0554012 0.0776306 0.0189917 0.0754919 0.0494683 0.0189459 0.0523339 0.0468445 0.0764384 0.0635336 0.0433166 0.0706396 0.0665232 0.0438171 0.0590228 0.0606933 0.0614729 0.0880686 0.0761588 0.0675102 0.0696943 0.1271091 0.0730860 0.0965882 0.0483632 0.0702444 0.0844482 0.0824263 0.0880348 0.1073416 0.0440239 0.1024484 0.0440776 0.1057568 0.0921462 0.0670634 0.0645261 0.0754529 0.1029495 0.0164715 0.0472661 0.0422115 0.0549071 0.0607753 0.0677799 0.0606992 0.0605602 0.0777739 0.0916607 0.0527061 0.0581034 0.0214237 0.0685701 0.0811924 0.0581019 0.0119429 0.0213983 0.0462790 0.0694464 0.0569173 0.0563289 0.0558843 0.0558362 0.0608744 0.0367344 0.0493380 0.0701465 0.0672041 0.0606687 0.0093257 0.0756961 0.0289723 
S0294         0.4091141 0.4695602 0.5093512 0.1409593 0.1251678 0.1039960 0.1615748 0.0946541 0.1304030 0.1099938 0.1125216 0.0910817 0.1112853 0.1163929 0.0879773 0.0000000 0.1242694 0.1200617 0.1378445 0.1196804 0.1185849 0.0999264 0.1485573 0.1208587 0.0711357 0.0928788 0.1037964 0.1056991 0.0546434 0.0973713 0.0963405 0.0940879 0.0953393 0.1301819 0.1026170 0.1253322 0.0964664 0.1320923 0.1236518 0.1140559 0.1155098 0.1096310 0.1180678 0.1053812 0.1088760 0.1394334 0.0957356 0.1289989 0.1682568 0.0891851 0.1231853 0.1372970 0.1030203 0.1432322 0.0968814 0.0998710 0.1025759 0.0943791 0.1306756 0.1078797 0.0928752 0.1212221 0.1026296 0.0527199 0.1163297 0.1078759 0.0976980 0.1593898 0.1579057 0.1390062 0.1253147 0.0808246 0.1088153 0.1502528 0.0909968 0.1159618 0.1275076 0.1360293 0.1470180 0.1520773 0.0963911 0.1492965 0.0809610 0.1644153 0.1441936 0.1212730 0.1252648 0.1310436 0.1470588 0.0996040 0.1019981 0.1132486 0.0993372 0.0969328 0.1049928 0.1285870 0.1050001 0.1193002 0.1341015 0.1175345 0.1240422 0.1060672 0.1228307 0.1453447 0.1174043 0.0940218 0.0972446 0.0947510 0.1097965 0.1308157 0.0926198 0.1153220 0.1124032 0.1145930 0.0912536 0.0963405 0.1039255 0.1063083 0.0944023 0.1030254 0.1119591 0.0975549 
S0299         0.4219866 0.4767643 0.5513078 0.1001055 0.1459843 0.0872980 0.1751412 0.0612321 0.1013476 0.0563372 0.0683655 0.0773063 0.0456273 0.0992199 0.0900134 0.1242694 0.0000000 0.0966655 0.1204726 0.0545427 0.1054119 0.0732983 0.1073042 0.1219036 0.0894244 0.0740513 0.0860054 0.0524379 0.0908393 0.0526855 0.0701334 0.0855350 0.0777728 0.0977758 0.0657707 0.0834083 0.1242371 0.1090490 0.0997478 0.0434543 0.0938431 0.0967884 0.0475312 0.0781643 0.0808886 0.1035334 0.0691817 0.0994846 0.1421603 0.1019746 0.0916656 0.1081739 0.0830431 0.0940946 0.0751729 0.0802965 0.0754220 0.0729345 0.1002868 0.0752372 0.0637713 0.1052426 0.0803166 0.0465023 0.0844864 0.0500640 0.0969458 0.0963487 0.1083059 0.0999127 0.0862726 0.1493827 0.0812417 0.1423456 0.0662416 0.1049107 0.1223376 0.0870767 0.0995672 0.1439305 0.0748437 0.1221914 0.0608602 0.1082533 0.1054693 0.1098752 0.0861406 0.1071305 0.1226994 0.0826394 0.0896492 0.0815399 0.0476122 0.0753115 0.0820038 0.0966426 0.0780238 0.0638053 0.1249405 0.0893357 0.1005615 0.0808664 0.1010441 0.1175226 0.0955547 0.0797654 0.0805086 0.0725330 0.0837264 0.0998775 0.0695601 0.0914295 0.0937249 0.0525244 0.0750989 0.0773550 0.0541722 0.0786709 0.0874867 0.0782448 0.0686526 0.0830046 
S0303         0.4437244 0.4225907 0.5373721 0.0957329 0.1050789 0.0775705 0.1680722 0.0642385 0.1024640 0.0849942 0.0720675 0.0581780 0.0687192 0.0901062 0.0606992 0.1200617 0.0966655 0.0000000 0.0625239 0.0907362 0.0156860 0.0907696 0.1083653 0.1035248 0.0727273 0.0575381 0.0667659 0.0783492 0.0842529 0.0765201 0.0660389 0.0862749 0.0811027 0.0136991 0.0760521 0.0894799 0.1107511 0.0795852 0.0135739 0.0858535 0.0765517 0.0752379 0.0872478 0.0862040 0.0911454 0.0993734 0.0691348 0.0135435 0.1524266 0.0985455 0.0135341 0.0924303 0.0663267 0.1051079 0.0686906 0.0637456 0.0712857 0.0711874 0.0876104 0.0781501 0.0740886 0.0768340 0.0856007 0.0581690 0.0820328 0.0757949 0.0538296 0.1146187 0.1197711 0.0984242 0.0919653 0.1562256 0.0823672 0.1468240 0.0820395 0.0716828 0.0831824 0.1030787 0.1160898 0.1397902 0.0707379 0.1318436 0.0634530 0.1355981 0.0852960 0.0762594 0.0891424 0.1028876 0.1324020 0.0660098 0.0732975 0.0899677 0.0730631 0.0804938 0.0845919 0.0154813 0.0859792 0.0832114 0.0745380 0.0096155 0.0116822 0.0688487 0.0747897 0.0931838 0.0863671 0.0628861 0.0685498 0.0710673 0.0918504 0.0901785 0.0796577 0.0772286 0.0845031 0.0783029 0.0614938 0.0682148 0.0736135 0.0774476 0.0759871 0.0617102 0.0839042 0.0667466 
S0308         0.4987758 0.4419882 0.5334490 0.1014842 0.1265277 0.0905075 0.1915732 0.0915055 0.1151609 0.1011583 0.1008310 0.0794686 0.0969017 0.0924250 0.0765367 0.1378445 0.1204726 0.0625239 0.0000000 0.0960348 0.0681058 0.1076641 0.1298644 0.1281179 0.0797649 0.0789470 0.0883985 0.1107320 0.1004790 0.0912059 0.0828750 0.1027733 0.0861934 0.0656900 0.0887037 0.0952334 0.1238909 0.0763111 0.0677285 0.1104033 0.1056332 0.1033888 0.1063118 0.1016096 0.1055309 0.1266180 0.0892073 0.0700480 0.1536326 0.1187371 0.0650857 0.1215699 0.0885893 0.1173418 0.0884742 0.0856230 0.0887925 0.0860533 0.1013226 0.0937881 0.0887916 0.0676190 0.0993799 0.0708196 0.1037607 0.0963830 0.0360461 0.1156172 0.1362434 0.1162410 0.1033029 0.1692630 0.0914972 0.1359812 0.0975957 0.0653988 0.0958710 0.1189039 0.1331714 0.1435161 0.0829382 0.1322074 0.0734428 0.1643165 0.1167171 0.0701320 0.1215260 0.1100706 0.1327896 0.0881309 0.0910681 0.1066784 0.0932682 0.0937599 0.0988877 0.0625239 0.1048738 0.1101796 0.0665993 0.0602293 0.0658357 0.0914685 0.0612524 0.1047910 0.0971442 0.0851751 0.0910320 0.0919017 0.0927765 0.1099943 0.0986498 0.0875650 0.0952015 0.0861097 0.0805700 0.0908659 0.1035255 0.0923581 0.0914974 0.0834459 0.0966820 0.0892046 
S0320         0.4233193 0.4193203 0.5223574 0.0788535 0.1412536 0.0719695 0.1526291 0.0561985 0.0798399 0.0380889 0.0679102 0.0595571 0.0342792 0.0757396 0.0687886 0.1196804 0.0545427 0.0907362 0.0960348 0.0000000 0.1017753 0.0604645 0.1006318 0.0915712 0.0712442 0.0566552 0.0729430 0.0472528 0.0781237 0.0365605 0.0601285 0.0726222 0.0543438 0.0942620 0.0561477 0.0703378 0.1043634 0.1074330 0.0937239 0.0449939 0.0779667 0.0834962 0.0277056 0.0650687 0.0703416 0.0690949 0.0587074 0.0934793 0.1238679 0.0954612 0.0884507 0.0875941 0.0678168 0.0753068 0.0649429 0.0652518 0.0651524 0.0627693 0.0785194 0.0668924 0.0488392 0.1009870 0.0652654 0.0297513 0.0689537 0.0278312 0.0694275 0.0720831 0.0984088 0.0708801 0.0726619 0.1234079 0.0728950 0.1240230 0.0555233 0.0952360 0.0967833 0.0784712 0.0955032 0.1253661 0.0646658 0.1048921 0.0415207 0.1085347 0.0966509 0.0942733 0.0811361 0.0830895 0.1053153 0.0674961 0.0719474 0.0590804 0.0277551 0.0605344 0.0665974 0.0907150 0.0630645 0.0427310 0.1071916 0.0835516 0.0944764 0.0657000 0.0939546 0.0893287 0.0703014 0.0644317 0.0654204 0.0648582 0.0656378 0.0840060 0.0548438 0.0686064 0.0731202 0.0256552 0.0603575 0.0670669 0.0419386 0.0680194 0.0721003 0.0609489 0.0607795 0.0677869 
S0322         0.4442563 0.4409171 0.5430380 0.1072151 0.1050789 0.0880450 0.1659754 0.0743818 0.1140660 0.0858597 0.0776725 0.0680966 0.0789818 0.0936222 0.0639695 0.1185849 0.1054119 0.0156860 0.0681058 0.1017753 0.0000000 0.0967451 0.1202474 0.1076768 0.0762273 0.0674919 0.0770229 0.0840323 0.0879335 0.0871352 0.0761630 0.0921742 0.0886886 0.0177346 0.0865932 0.1006253 0.1173025 0.0851432 0.0301321 0.0916988 0.0871695 0.0847829 0.0980525 0.0971360 0.0964644 0.1163432 0.0742623 0.0259093 0.1660322 0.1065185 0.0258912 0.1043079 0.0765028 0.1168221 0.0765596 0.0737984 0.0816630 0.0815490 0.0927822 0.0809739 0.0849399 0.0825420 0.0908078 0.0615598 0.0929141 0.0862893 0.0538520 0.1309017 0.1207254 0.1100253 0.1031906 0.1737512 0.0933046 0.1543525 0.0935618 0.0772508 0.0922403 0.1121159 0.1254906 0.1472240 0.0785908 0.1446896 0.0667666 0.1367039 0.0903439 0.0819152 0.1002232 0.1066308 0.1453159 0.0761302 0.0836943 0.1011812 0.0834243 0.0856120 0.0898645 0.0279067 0.0968730 0.0889836 0.0851455 0.0217878 0.0240728 0.0791363 0.0774777 0.0995187 0.0897744 0.0731309 0.0787832 0.0741184 0.0953714 0.1014157 0.0904662 0.0805058 0.0879001 0.0888967 0.0714804 0.0736252 0.0793670 0.0882159 0.0865168 0.0717352 0.0947785 0.0721924 
S0327         0.3911402 0.3968172 0.5149912 0.0936671 0.1154229 0.0743644 0.1580390 0.0540141 0.0927192 0.0535689 0.0656925 0.0621423 0.0450377 0.0807543 0.0722648 0.0999264 0.0732983 0.0907696 0.1076641 0.0604645 0.0967451 0.0000000 0.1083869 0.0975491 0.0747673 0.0614630 0.0731039 0.0494913 0.0760173 0.0496267 0.0624468 0.0697879 0.0516025 0.0942973 0.0584588 0.0752474 0.1024694 0.0998460 0.0937588 0.0449781 0.0804390 0.0831112 0.0554178 0.0674345 0.0589113 0.0870497 0.0498301 0.0985386 0.1413427 0.0904943 0.0884832 0.0955348 0.0702002 0.0777390 0.0673037 0.0676099 0.0675218 0.0651193 0.0827637 0.0557337 0.0559778 0.0986047 0.0585190 0.0379368 0.0713825 0.0469145 0.0815144 0.0750826 0.0934106 0.0836148 0.0798299 0.1191801 0.0777070 0.1277810 0.0461092 0.0962206 0.1179214 0.0827126 0.0843085 0.1346692 0.0670153 0.1242427 0.0498089 0.1138238 0.1069013 0.1009946 0.0883596 0.1007358 0.1247573 0.0698671 0.0813276 0.0759690 0.0424792 0.0538775 0.0597058 0.0957285 0.0654264 0.0558511 0.1124232 0.0835821 0.0945118 0.0680764 0.0944664 0.0910066 0.0820388 0.0644821 0.0677851 0.0577210 0.0726922 0.0889954 0.0621014 0.0780681 0.0827508 0.0495551 0.0672250 0.0648779 0.0559164 0.0753706 0.0652746 0.0655936 0.0700211 0.0655593 
S0335         0.4531848 0.4434360 0.5332328 0.0614183 0.0219366 0.0902314 0.2083854 0.0831213 0.1074519 0.1046143 0.0914577 0.0747609 0.0932213 0.0753459 0.0997327 0.1485573 0.1073042 0.1083653 0.1298644 0.1006318 0.1202474 0.1083869 0.0000000 0.0742173 0.1064688 0.0763311 0.0782090 0.1025694 0.1150493 0.0887047 0.0724898 0.0961039 0.1139978 0.1149918 0.0778370 0.0755235 0.1243826 0.1199875 0.1196553 0.0998613 0.0887390 0.0961454 0.0995383 0.1057672 0.1003297 0.0992619 0.0843068 0.1166549 0.1658855 0.1288913 0.1033841 0.0790953 0.0777445 0.0854383 0.0775704 0.0801878 0.0778284 0.0777216 0.0863607 0.0871974 0.0778841 0.1185230 0.0946610 0.0820559 0.0660897 0.0926500 0.1047770 0.0996154 0.1130698 0.0911821 0.0731550 0.1745331 0.0893369 0.1601859 0.0810785 0.1214440 0.1259860 0.0937563 0.1038935 0.1581960 0.0772294 0.1479455 0.0927323 0.1254425 0.0854184 0.1264925 0.1099274 0.0832812 0.1485793 0.0726735 0.0901990 0.0687278 0.0898476 0.0894630 0.0993847 0.1163048 0.0898235 0.1071483 0.1147612 0.0982348 0.1095795 0.0829054 0.1170663 0.0809707 0.0746111 0.0694353 0.0799992 0.0959116 0.0800728 0.1019615 0.0967396 0.0752811 0.0676115 0.0985377 0.0755429 0.0775351 0.1013937 0.0918628 0.0924137 0.0803820 0.0914399 0.0780968 
S0345         0.4347886 0.4048172 0.5078371 0.0490760 0.0341181 0.0863133 0.1767900 0.0827323 0.1186578 0.0942354 0.1024645 0.0760266 0.0925314 0.0653564 0.0835005 0.1208587 0.1219036 0.1035248 0.1281179 0.0915712 0.1076768 0.0975491 0.0742173 0.0000000 0.0990223 0.0749441 0.0805238 0.0974801 0.1069023 0.0926295 0.0791934 0.0923773 0.0974513 0.1038188 0.0887172 0.0652831 0.1001625 0.1134195 0.1168085 0.1037270 0.0830534 0.1163637 0.0972408 0.0919625 0.1079841 0.1093897 0.0874978 0.1135337 0.1454960 0.1289204 0.1006758 0.0911559 0.0833147 0.0739199 0.0825817 0.0799416 0.0859296 0.0796483 0.0776434 0.0980229 0.0734552 0.1135463 0.1009071 0.0801011 0.0625137 0.0946995 0.0966055 0.0730348 0.0874494 0.0716772 0.0680523 0.1457129 0.0937232 0.1313282 0.0712231 0.1064634 0.1249438 0.0900101 0.0857335 0.1355363 0.0821486 0.1275913 0.0854040 0.1078516 0.0961545 0.1090434 0.1163425 0.0768313 0.1279064 0.0735819 0.0862104 0.0654807 0.0881816 0.0944234 0.1061307 0.1131204 0.0909889 0.1127096 0.1314870 0.0975167 0.1000404 0.0740030 0.1149813 0.0360911 0.0645460 0.0692721 0.0797109 0.0887365 0.0732640 0.1133732 0.0778028 0.0625140 0.0596215 0.0948277 0.0742030 0.0823547 0.0982922 0.0965684 0.1013191 0.0711616 0.1025329 0.0798595 
S0376         0.3790030 0.3629919 0.4206483 0.0891088 0.1128732 0.0545545 0.1302948 0.0498883 0.0726964 0.0625661 0.0786023 0.0401608 0.0581453 0.0645035 0.0556193 0.0711357 0.0894244 0.0727273 0.0797649 0.0712442 0.0762273 0.0747673 0.1064688 0.0990223 0.0000000 0.0424348 0.0505112 0.0662857 0.0530546 0.0496396 0.0493540 0.0313130 0.0786266 0.0757780 0.0604679 0.0756566 0.0858164 0.0707139 0.0846339 0.0747909 0.0500995 0.0751005 0.0765744 0.0657088 0.0579156 0.0724600 0.0533083 0.0816227 0.1163900 0.0665271 0.0786680 0.0899824 0.0501256 0.0873879 0.0522696 0.0472343 0.0524531 0.0496198 0.0794274 0.0632317 0.0431158 0.0579509 0.0521279 0.0463484 0.0620105 0.0631586 0.0614332 0.0881982 0.0939293 0.0823506 0.0813956 0.0990730 0.0672820 0.1005915 0.0512678 0.0549808 0.0909091 0.0946967 0.1004364 0.1048651 0.0520147 0.1002534 0.0578244 0.1047232 0.0948055 0.0546733 0.0762477 0.0756631 0.1007341 0.0471827 0.0496680 0.0530989 0.0573464 0.0466890 0.0558241 0.0842459 0.0575909 0.0689482 0.0852754 0.0700698 0.0728813 0.0527767 0.0531734 0.0852973 0.0637351 0.0455958 0.0527092 0.0433365 0.0668726 0.0770627 0.0530392 0.0560175 0.0614776 0.0633296 0.0443121 0.0521314 0.0726110 0.0646007 0.0466482 0.0445698 0.0696574 0.0471893 
S0400         0.3981560 0.3872666 0.4613344 0.0556201 0.0707978 0.0178103 0.1214765 0.0283778 0.0600839 0.0585654 0.0571464 0.0000024 0.0457374 0.0552315 0.0094225 0.0928788 0.0740513 0.0575381 0.0789470 0.0566552 0.0674919 0.0614630 0.0763311 0.0749441 0.0424348 0.0000000 0.0098290 0.0570431 0.0479091 0.0437336 0.0300400 0.0481273 0.0652853 0.0604906 0.0430703 0.0526548 0.0793254 0.0800078 0.0648150 0.0592063 0.0220694 0.0172379 0.0540496 0.0547701 0.0481434 0.0237594 0.0348027 0.0646608 0.1117084 0.0710781 0.0553530 0.0608853 0.0058308 0.0666450 0.0343924 0.0058195 0.0344988 0.0344527 0.0671942 0.0477063 0.0403615 0.0697800 0.0478127 0.0358681 0.0462306 0.0476739 0.0507196 0.0700870 0.0768102 0.0624451 0.0549095 0.0937652 0.0526320 0.0966595 0.0442380 0.0676269 0.0808809 0.0696958 0.0816626 0.1022054 0.0300603 0.1012551 0.0339680 0.0960440 0.0676973 0.0722105 0.0439377 0.0644145 0.1016673 0.0058053 0.0324295 0.0415371 0.0453090 0.0432842 0.0531735 0.0575381 0.0544724 0.0613598 0.0745714 0.0508103 0.0606177 0.0097706 0.0655963 0.0693194 0.0545055 0.0019537 0.0077706 0.0357789 0.0617035 0.0397653 0.0511092 0.0503084 0.0525102 0.0501528 0.0219583 0.0364319 0.0590765 0.0480490 0.0454922 0.0058318 0.0547443 0.0199600 
S0405         0.4227787 0.3838853 0.4838553 0.0548174 0.0579849 0.0280522 0.1468885 0.0390063 0.0718286 0.0722217 0.0663648 0.0099305 0.0591246 0.0667217 0.0240708 0.1037964 0.0860054 0.0667659 0.0883985 0.0729430 0.0770229 0.0731039 0.0782090 0.0805238 0.0505112 0.0098290 0.0000000 0.0684717 0.0674936 0.0543872 0.0384700 0.0593507 0.0780167 0.0746808 0.0585036 0.0591342 0.0972569 0.0818899 0.0790725 0.0706705 0.0303815 0.0326573 0.0652497 0.0684734 0.0548305 0.0361530 0.0435585 0.0716687 0.1315986 0.0855919 0.0692578 0.0656966 0.0157429 0.0663344 0.0429562 0.0157115 0.0430913 0.0430340 0.0717097 0.0566362 0.0517821 0.0763705 0.0544297 0.0495971 0.0504224 0.0610480 0.0674372 0.0856950 0.0863062 0.0692315 0.0614108 0.1169389 0.0597056 0.1153382 0.0486508 0.0795850 0.0981069 0.0764346 0.0885159 0.1248047 0.0384963 0.1173431 0.0465783 0.1035129 0.0767251 0.0842630 0.0575063 0.0739043 0.1178300 0.0116435 0.0475980 0.0551736 0.0585632 0.0520532 0.0624923 0.0714877 0.0659000 0.0728536 0.0791116 0.0645633 0.0724158 0.0177267 0.0752789 0.0712938 0.0635188 0.0078907 0.0136616 0.0467892 0.0709236 0.0487390 0.0625581 0.0593997 0.0616426 0.0639933 0.0324030 0.0450218 0.0710872 0.0551177 0.0522406 0.0157451 0.0618447 0.0282092 
S0407sl       0.4147133 0.4410056 0.5489351 0.0905709 0.1447784 0.0676541 0.1483991 0.0496837 0.0880079 0.0449065 0.0609490 0.0599707 0.0321301 0.0804586 0.0638512 0.1056991 0.0524379 0.0783492 0.1107320 0.0472528 0.0840323 0.0494913 0.1025694 0.0974801 0.0662857 0.0570431 0.0684717 0.0000000 0.0757277 0.0366703 0.0580836 0.0705281 0.0580417 0.0841124 0.0517878 0.0776277 0.1069110 0.0925687 0.0836381 0.0299266 0.0758317 0.0835137 0.0403929 0.0631188 0.0653933 0.0762533 0.0521453 0.0809791 0.1334532 0.0956662 0.0785184 0.0899928 0.0657192 0.0875614 0.0583717 0.0631664 0.0630841 0.0607079 0.0885258 0.0603147 0.0490330 0.0938095 0.0627639 0.0272772 0.0662319 0.0341693 0.0700617 0.0848177 0.1012635 0.0910219 0.0799961 0.1407243 0.0685697 0.1280888 0.0580869 0.0964326 0.1034245 0.0855824 0.0923946 0.1260756 0.0626127 0.1138945 0.0418888 0.1141883 0.0881310 0.1012190 0.0834434 0.0976714 0.1143629 0.0654081 0.0745409 0.0761275 0.0298988 0.0580829 0.0640371 0.0856088 0.0582935 0.0361424 0.1100668 0.0737388 0.0814569 0.0636003 0.0946751 0.0963236 0.0770027 0.0623034 0.0609686 0.0580651 0.0722021 0.0831717 0.0502007 0.0705716 0.0751640 0.0452552 0.0628087 0.0650061 0.0161699 0.0639100 0.0695550 0.0611497 0.0587807 0.0656903 
S0412sl       0.3954204 0.4069023 0.4301629 0.1062781 0.1127832 0.0636507 0.1531800 0.0589198 0.0946640 0.0718060 0.0826156 0.0485630 0.0672599 0.0771653 0.0644391 0.0546434 0.0908393 0.0842529 0.1004790 0.0781237 0.0879335 0.0760173 0.1150493 0.1069023 0.0530546 0.0479091 0.0674936 0.0757277 0.0000000 0.0591555 0.0637545 0.0507055 0.0825525 0.0815484 0.0643842 0.0887688 0.0595979 0.0928401 0.0816538 0.0815923 0.0613508 0.0782951 0.0835994 0.0699237 0.0617194 0.0926456 0.0617762 0.0934149 0.1227103 0.0420408 0.0786547 0.0948398 0.0613860 0.1010578 0.0668947 0.0583460 0.0668590 0.0613107 0.0885970 0.0784638 0.0464496 0.0825287 0.0557560 0.0471166 0.0682924 0.0698011 0.0648937 0.0992430 0.0972874 0.0959101 0.0947650 0.0766007 0.0863119 0.1095422 0.0487799 0.0758009 0.0899738 0.1053496 0.1112590 0.1132138 0.0665567 0.1091623 0.0555177 0.1162758 0.1100273 0.0725588 0.0891311 0.0911432 0.1097030 0.0582818 0.0612825 0.0588908 0.0637665 0.0501662 0.0509404 0.0901092 0.0612967 0.0874748 0.0982838 0.0757697 0.0815309 0.0641213 0.0864682 0.1017088 0.0820426 0.0455889 0.0585284 0.0580439 0.0789538 0.0873849 0.0654418 0.0798737 0.0797914 0.0699926 0.0556904 0.0640805 0.0823695 0.0831306 0.0554333 0.0555820 0.0854430 0.0587561 
S0417         0.4012755 0.4036452 0.4921797 0.0763593 0.1269058 0.0515398 0.1470574 0.0410489 0.0737284 0.0364305 0.0568352 0.0464407 0.0281501 0.0764251 0.0584556 0.0973713 0.0526855 0.0765201 0.0912059 0.0365605 0.0871352 0.0496267 0.0887047 0.0926295 0.0496396 0.0437336 0.0543872 0.0366703 0.0591555 0.0000000 0.0449971 0.0564345 0.0458257 0.0798111 0.0410093 0.0637579 0.0952586 0.0822134 0.0766616 0.0344768 0.0619299 0.0689023 0.0340986 0.0519371 0.0524046 0.0704153 0.0434257 0.0791524 0.1243394 0.0835641 0.0742674 0.0809620 0.0522462 0.0733497 0.0495957 0.0498175 0.0497530 0.0474667 0.0741488 0.0515549 0.0402784 0.0833503 0.0476208 0.0197797 0.0531048 0.0259086 0.0644959 0.0694166 0.0888412 0.0765658 0.0660601 0.1090878 0.0570885 0.1190939 0.0369773 0.0841942 0.1034965 0.0764970 0.0885924 0.1203820 0.0493873 0.1052838 0.0316717 0.1003276 0.0897552 0.0839804 0.0743641 0.0837126 0.1057102 0.0520019 0.0584770 0.0599616 0.0217409 0.0431120 0.0485787 0.0813463 0.0521177 0.0386612 0.0999713 0.0695030 0.0799875 0.0501536 0.0797958 0.0899076 0.0730206 0.0486994 0.0499447 0.0488149 0.0613943 0.0771557 0.0460260 0.0665609 0.0711572 0.0345720 0.0473396 0.0516854 0.0380058 0.0548441 0.0587287 0.0522509 0.0543592 0.0522241 
S0419         0.4122678 0.4095354 0.4750999 0.0613363 0.0839617 0.0467210 0.1569017 0.0361568 0.0303741 0.0595680 0.0407251 0.0303541 0.0491377 0.0564320 0.0465949 0.0963405 0.0701334 0.0660389 0.0828750 0.0601285 0.0761630 0.0624468 0.0724898 0.0791934 0.0493540 0.0300400 0.0384700 0.0580836 0.0637545 0.0449971 0.0000000 0.0471381 0.0699581 0.0644117 0.0487333 0.0494489 0.0856493 0.0813448 0.0734233 0.0557430 0.0450279 0.0428482 0.0595247 0.0648595 0.0537512 0.0618405 0.0323180 0.0685466 0.1232964 0.0797509 0.0638495 0.0744343 0.0360784 0.0630686 0.0038136 0.0338513 0.0038246 0.0038198 0.0614442 0.0424336 0.0507641 0.0778270 0.0490168 0.0457265 0.0519789 0.0488612 0.0636870 0.0682418 0.0803644 0.0659364 0.0560943 0.1076624 0.0344768 0.1128051 0.0482167 0.0755481 0.0823367 0.0637047 0.0776579 0.1193653 0.0037990 0.1095701 0.0516348 0.0970163 0.0663891 0.0801047 0.0587289 0.0633359 0.1100121 0.0359162 0.0445305 0.0453378 0.0465310 0.0445574 0.0544513 0.0706874 0.0646179 0.0623234 0.0907092 0.0592626 0.0692512 0.0425389 0.0737559 0.0783716 0.0534811 0.0324716 0.0381300 0.0437798 0.0582705 0.0500803 0.0590307 0.0495135 0.0516192 0.0492824 0.0317969 0.0095908 0.0556085 0.0302485 0.0468182 0.0360826 0.0385757 0.0360642 
S0427         0.4005445 0.4269474 0.4851659 0.0868528 0.1190390 0.0603484 0.1392580 0.0475616 0.0785836 0.0719236 0.0758656 0.0486529 0.0566170 0.0787286 0.0614162 0.0940879 0.0855350 0.0862749 0.1027733 0.0726222 0.0921742 0.0697879 0.0961039 0.0923773 0.0313130 0.0481273 0.0593507 0.0705281 0.0507055 0.0564345 0.0471381 0.0000000 0.0809044 0.0847528 0.0654841 0.0759449 0.0928292 0.0952350 0.0892252 0.0680588 0.0595737 0.0694700 0.0718703 0.0799055 0.0610086 0.0801036 0.0571193 0.0939865 0.1349404 0.0757326 0.0889299 0.0911474 0.0544468 0.0908240 0.0473688 0.0519990 0.0519317 0.0518620 0.0843841 0.0677046 0.0632403 0.0856744 0.0583552 0.0493337 0.0692777 0.0608015 0.0676543 0.0851688 0.0995919 0.0868685 0.0783236 0.1042046 0.0761827 0.1241653 0.0685162 0.0809688 0.0976290 0.0892685 0.0983427 0.1310210 0.0515491 0.1207802 0.0608402 0.1166014 0.0999301 0.0879989 0.0790242 0.0887946 0.1212756 0.0541918 0.0585028 0.0668941 0.0606576 0.0537292 0.0641385 0.0912056 0.0749583 0.0748872 0.1024039 0.0791210 0.0899403 0.0613953 0.0815674 0.0865822 0.0752816 0.0486447 0.0566092 0.0535406 0.0782912 0.0795199 0.0664012 0.0688177 0.0758467 0.0659446 0.0473068 0.0538616 0.0732167 0.0738302 0.0605619 0.0544515 0.0731370 0.0521872 
