123
CRNC          0.0000000 0.3048345 0.4499146 0.6601814 0.7722084 0.5970422 0.5592166 0.5931231 0.6028851 0.6789602 0.6219997 0.5838165 0.6531095 0.6056587 0.6049677 0.5726903 0.6862775 0.6677283 0.6359880 0.6347761 0.7442984 0.6506507 0.5820229 0.6522482 0.6576595 0.6064850 0.5594054 0.6654570 0.6444221 0.5850323 0.6024583 0.6526197 0.6462384 0.6529549 0.6178253 0.6094740 0.6922647 0.6168538 0.7188964 0.6453091 0.6025845 0.5982324 0.6672511 0.6075774 0.6212643 0.6182171 0.5748791 0.6165967 0.6564460 0.5612938 0.6140488 0.6642943 0.5469143 0.6283024 0.5835158 0.6246727 0.6030156 0.6188348 0.5989449 0.6137204 0.6121258 0.6075924 0.6395873 0.6172237 0.5876249 0.6004911 0.6244615 0.6061729 0.5984138 0.6200734 0.5721455 0.6124864 0.6523002 0.6538461 0.5685920 0.6444933 0.6323084 0.6787252 0.5740042 0.5826305 0.5840075 0.6053664 0.5643723 0.6219682 0.5987789 0.6028341 0.6104981 0.6274527 0.6433152 0.5495715 0.5858183 0.6340178 0.6136939 0.6576537 0.6249644 0.6413661 0.6563537 0.6638272 0.6384203 0.6276080 0.9084384 0.8370195 0.5859853 0.6832224 0.6239021 0.6358048 0.5673038 0.5965931 0.6118196 0.6153242 0.6169441 0.6124735 0.6255888 0.6140274 0.6923700 0.6055265 0.6072146 0.6596865 0.6622214 0.6241196 0.5776756 0.6670063 0.6287914 
HYZL          0.3048345 0.0000000 0.1591562 0.4649279 0.4862789 0.4378624 0.3860870 0.4612523 0.4512481 0.4976678 0.4681961 0.4517147 0.4664807 0.4407555 0.4729113 0.4740413 0.4861395 0.5238757 0.4983277 0.4650268 0.5382153 0.4659193 0.4682180 0.4192842 0.4572716 0.4562120 0.4384907 0.5091875 0.4547386 0.4352230 0.4359983 0.4558314 0.4503393 0.5262398 0.4397426 0.4363483 0.5050310 0.4634790 0.5033367 0.4675290 0.4649350 0.4440730 0.4879123 0.4372574 0.4571497 0.4164375 0.4469083 0.4406735 0.5170605 0.3954663 0.4402169 0.5362830 0.3697621 0.4714290 0.4393287 0.4455467 0.4656375 0.4463075 0.4342611 0.4595677 0.4447742 0.4136172 0.5251966 0.4510736 0.4238883 0.4347944 0.4890124 0.4649945 0.4322204 0.4615127 0.4024960 0.4241202 0.5221565 0.5084931 0.4066440 0.4545322 0.5055021 0.4950406 0.4217185 0.4325156 0.4079047 0.4361692 0.4010311 0.4456818 0.4341057 0.4604540 0.4854055 0.5056270 0.4714805 0.3839849 0.4420999 0.4787177 0.4441208 0.4597728 0.4460390 0.4686542 0.5192316 0.4462097 0.4985271 0.4665452 0.5928450 0.5750011 0.4551629 0.5377735 0.4611914 0.4573048 0.4382075 0.4478520 0.4780714 0.4858325 0.4756630 0.4591772 0.4593781 0.4571447 0.4943656 0.4697623 0.4295484 0.4918837 0.4936532 0.4728750 0.4502036 0.5039818 0.4735956 
MYZV          0.4499146 0.1591562 0.0000000 0.5245692 0.5498189 0.4984482 0.4513990 0.5203011 0.5432421 0.5469708 0.5114733 0.5399170 0.5410696 0.5088536 0.5784489 0.5496525 0.5411603 0.5544757 0.6077717 0.5282097 0.5640411 0.5409463 0.5558206 0.4965351 0.5040764 0.5532842 0.5126310 0.5784509 0.5335885 0.4961724 0.5328016 0.5134001 0.5166569 0.5888825 0.5034565 0.5445304 0.5769952 0.5336155 0.5670311 0.5163320 0.5792425 0.5642933 0.5511792 0.5188459 0.5331446 0.5019611 0.5297639 0.5362023 0.5934468 0.4823718 0.5064173 0.5981876 0.4120384 0.5580143 0.4996738 0.5294004 0.5743519 0.5317261 0.5217827 0.5203877 0.5441922 0.4971509 0.6108886 0.5012927 0.5207769 0.5248903 0.5480874 0.5142763 0.5013937 0.5364850 0.4677878 0.5179118 0.5871783 0.5584354 0.5017343 0.5343320 0.5926702 0.5435962 0.5071714 0.5080909 0.5311479 0.5300854 0.5023687 0.6038858 0.4953002 0.5333159 0.5692134 0.5417355 0.5480618 0.4687974 0.5430116 0.5672306 0.5540861 0.5188672 0.5022793 0.5329585 0.5568051 0.5202592 0.5670918 0.5535878 0.5592769 0.5804449 0.5395945 0.5804091 0.5259130 0.5290695 0.5699813 0.5264695 0.5250838 0.5481058 0.5429160 0.5272591 0.5373887 0.5217790 0.5626295 0.5454331 0.5211470 0.5252849 0.5887332 0.5510087 0.5466852 0.5496164 0.5621005 
SRR6441723    0.6601814 0.4649279 0.5245692 0.0000000 0.0853282 0.1183557 0.3320197 0.0972619 0.0740384 0.1431943 0.0861146 0.1007353 0.1333655 0.0756602 0.1091590 0.1432106 0.1510892 0.1405993 0.1277204 0.1230918 0.1354466 0.1245666 0.0778533 0.0597704 0.1096268 0.1095944 0.1028196 0.1343100 0.1091875 0.1140418 0.0761345 0.1231082 0.1105451 0.1472294 0.0964200 0.0913047 0.1344494 0.1242636 0.1205902 0.1239954 0.1154182 0.1076912 0.1382378 0.1139008 0.1110243 0.0896986 0.1038411 0.0914278 0.1402994 0.1980520 0.0951672 0.1384423 0.0643545 0.1044505 0.0894265 0.0805814 0.1081290 0.0759817 0.0781085 0.1000104 0.0916477 0.1151052 0.1216065 0.1123542 0.1008474 0.0923874 0.1258114 0.1004680 0.0847797 0.0899270 0.0720237 0.0975365 0.1608454 0.1168159 0.1836440 0.1092911 0.1332819 0.1254564 0.0877901 0.0958976 0.2093504 0.0739768 0.1943200 0.1252767 0.0972197 0.0641660 0.1221790 0.1331158 0.1024691 0.1876058 0.1034953 0.1132151 0.0722078 0.1253256 0.1115186 0.1153547 0.1481103 0.1184522 0.1366530 0.1215485 0.1566033 0.1526419 0.1080219 0.1251949 0.0671852 0.0817248 0.1153887 0.1071437 0.1146549 0.0929926 0.0990583 0.1163407 0.0741810 0.0798709 0.1414941 0.1067314 0.0742534 0.1051128 0.1123133 0.1287857 0.1014647 0.1204089 0.1084731 
ERR4210213    0.7722084 0.4862789 0.5498189 0.0853282 0.0000000 0.1278377 0.3690368 0.1213379 0.0954043 0.1451187 0.0913853 0.1301532 0.1364323 0.0919270 0.1195261 0.1637840 0.1618638 0.1404687 0.1427169 0.1518666 0.1471602 0.1409000 0.0516624 0.0597896 0.1277428 0.1258851 0.1220711 0.1486860 0.1383114 0.1288569 0.0801336 0.1296460 0.1521995 0.1413328 0.1176300 0.0992496 0.1346809 0.1425012 0.1284482 0.1441882 0.1414844 0.1156650 0.1646871 0.1362424 0.1380973 0.1055736 0.1302343 0.1172911 0.1405405 0.2606523 0.1269490 0.1423982 0.0904970 0.1305180 0.1011757 0.0903832 0.1226386 0.0799703 0.0854231 0.0988117 0.1208873 0.1406828 0.1388288 0.1362662 0.1207306 0.1086804 0.1542953 0.1111814 0.1119477 0.1106910 0.0868971 0.1054690 0.1716659 0.1321449 0.2472438 0.1241231 0.1452044 0.1539269 0.1025536 0.1125657 0.2559670 0.0816712 0.2627910 0.1592451 0.1238554 0.0787669 0.1424228 0.1513325 0.1017569 0.2561680 0.1095610 0.1415246 0.0782391 0.1325479 0.1307457 0.1362685 0.1609251 0.1407282 0.1518855 0.1410730 0.1605582 0.1553904 0.1161089 0.1431504 0.0907986 0.0881711 0.1247288 0.1128889 0.1419432 0.1117717 0.1210132 0.1405684 0.0975642 0.0966536 0.1531225 0.1375891 0.0781624 0.1395050 0.1301200 0.1450794 0.1200021 0.1346138 0.1327734 
ERR2789774    0.5970422 0.4378624 0.4984482 0.1183557 0.1278377 0.0000000 0.3184241 0.0821037 0.0884074 0.1363508 0.1135201 0.0877256 0.1279154 0.1063313 0.0828494 0.1183498 0.1426224 0.1635562 0.1422252 0.1230998 0.1588945 0.1191432 0.1150876 0.0979639 0.1219255 0.0859996 0.0885593 0.1324629 0.1001880 0.1127134 0.0856877 0.1104921 0.1251636 0.1544148 0.0940102 0.1059412 0.1245781 0.1483826 0.1397731 0.1237564 0.1125205 0.0880559 0.1363051 0.1185532 0.1127500 0.0718795 0.0883078 0.1181276 0.1529138 0.1974755 0.0901124 0.1492529 0.0718578 0.1003933 0.1136239 0.0900938 0.0815966 0.0887952 0.0897772 0.1150727 0.1228366 0.1174516 0.1372306 0.0976970 0.1018758 0.0956506 0.1258698 0.1173829 0.1090662 0.1086395 0.0916217 0.1052845 0.1389870 0.1454849 0.1896361 0.1105170 0.1381612 0.1312507 0.1102538 0.1136887 0.2135209 0.0875071 0.1962072 0.1110839 0.1183071 0.1109456 0.1378141 0.1197882 0.1267499 0.1926880 0.0817714 0.1106676 0.1019159 0.1229928 0.1042401 0.1155015 0.1745254 0.1140490 0.1357672 0.1304678 0.1756342 0.1706149 0.0817128 0.1574468 0.1371095 0.1057352 0.0918255 0.0796547 0.1091545 0.1302570 0.0878301 0.1110291 0.1050469 0.1103702 0.1321913 0.1050065 0.0877859 0.1213096 0.1357491 0.1215928 0.0816522 0.1440229 0.1000827 
PAFTOL_019361 0.5592166 0.3860870 0.4513990 0.3320197 0.3690368 0.3184241 0.0000000 0.3010458 0.3357820 0.3257629 0.3347215 0.3232115 0.3220839 0.3183735 0.3160882 0.3513006 0.3228782 0.3952720 0.3529155 0.3112924 0.3882489 0.3058805 0.3282465 0.3312423 0.3595041 0.3158719 0.3121222 0.3111572 0.3109550 0.2859121 0.3196704 0.3536753 0.3324754 0.3815668 0.2954611 0.3098839 0.3612237 0.3523524 0.3841458 0.3075441 0.3189294 0.3175834 0.3113745 0.3035098 0.3236676 0.2923603 0.3076977 0.3453823 0.3668982 0.2885474 0.3128510 0.3750461 0.2741896 0.3219107 0.3143357 0.3109957 0.3092759 0.3148519 0.3197258 0.3350148 0.3538169 0.3012505 0.3670770 0.3087029 0.2743780 0.3065606 0.3064083 0.3529395 0.3227653 0.3165248 0.2984650 0.3248365 0.3917031 0.3796155 0.3010549 0.3171482 0.3619651 0.3882769 0.3165345 0.3341802 0.3256930 0.3170996 0.2903810 0.3162235 0.3115931 0.3053371 0.3696185 0.3367170 0.3518441 0.2879179 0.3063771 0.3096802 0.3137459 0.2985984 0.3071437 0.3253004 0.4050793 0.3148081 0.3259316 0.3594903 0.4281599 0.4306750 0.3081095 0.3922281 0.3509482 0.3174107 0.3033515 0.3045684 0.3186688 0.3414958 0.3140325 0.2934857 0.3220126 0.3339029 0.3211875 0.3114785 0.3133515 0.3020530 0.3638856 0.3430562 0.3005119 0.3839347 0.3069255 
S0055         0.5931231 0.4612523 0.5203011 0.0972619 0.1213379 0.0821037 0.3010458 0.0000000 0.0710277 0.1115585 0.0935767 0.0756564 0.1002133 0.0834854 0.0726657 0.0950462 0.1157986 0.1394680 0.1127424 0.1012960 0.1328611 0.0968362 0.0939582 0.0713242 0.0800218 0.0696299 0.0785389 0.1070055 0.0671566 0.0805212 0.0674527 0.0859668 0.0923369 0.1234214 0.0764465 0.0856940 0.0884380 0.1167285 0.1169703 0.0988080 0.0642092 0.0616157 0.0999892 0.0913228 0.0890260 0.0513355 0.0773653 0.0974001 0.1228477 0.1746651 0.0688569 0.1248197 0.0599013 0.0554923 0.0866642 0.0727423 0.0667664 0.0684488 0.0672804 0.1030083 0.1020081 0.1012518 0.1069579 0.0800085 0.0745474 0.0765151 0.0977419 0.0968962 0.0943821 0.0864190 0.0750576 0.0927683 0.1080025 0.1110884 0.1705950 0.0880736 0.1066814 0.1182588 0.0844504 0.0980359 0.1867590 0.0672838 0.1723595 0.0888269 0.0939395 0.0839145 0.1123162 0.0774546 0.0968250 0.1641691 0.0626973 0.0652786 0.0715028 0.0942548 0.0820715 0.0918632 0.1473730 0.0896941 0.1032447 0.1076439 0.1569950 0.1550463 0.0667350 0.1293210 0.1133887 0.0818275 0.0744565 0.0635850 0.0373011 0.0996895 0.0469512 0.0847318 0.0857637 0.0837884 0.1117470 0.0623579 0.0674942 0.0843934 0.1028892 0.1016136 0.0645978 0.1132488 0.0544705 
S0196sl       0.6028851 0.4512481 0.5432421 0.0740384 0.0954043 0.0884074 0.3357820 0.0710277 0.0000000 0.0893727 0.0467421 0.0798827 0.0902713 0.0607915 0.0764936 0.1057873 0.1029904 0.0941328 0.0916601 0.0892434 0.0894788 0.0694458 0.0751253 0.0397152 0.0816404 0.0776413 0.0781539 0.0888008 0.0755230 0.0741793 0.0104895 0.0843080 0.0745767 0.1009690 0.0543075 0.0633432 0.0996078 0.0936995 0.0747533 0.0832704 0.0913564 0.0737791 0.0973512 0.0635248 0.0718517 0.0607767 0.0841841 0.0546705 0.0968909 0.1842344 0.0603536 0.1041757 0.0456005 0.0733857 0.0647684 0.0174603 0.0775441 0.0124403 0.0114660 0.0809619 0.0589221 0.0706967 0.0905174 0.0664152 0.0503593 0.0633509 0.0869090 0.0720985 0.0718059 0.0642735 0.0510184 0.0654773 0.1270555 0.0687989 0.1823517 0.0807472 0.0954501 0.0912733 0.0636108 0.0776181 0.1912948 0.0114288 0.1826163 0.0799925 0.0774842 0.0698212 0.0939531 0.1014584 0.0833348 0.1798001 0.0748414 0.0852644 0.0578156 0.0856452 0.0683876 0.0766387 0.1161427 0.0657296 0.0928545 0.0904813 0.0930045 0.0980497 0.0700131 0.1069766 0.0778039 0.0573724 0.0840688 0.0735261 0.0939279 0.0774324 0.0721077 0.0730336 0.0619932 0.0629013 0.0987014 0.0812357 0.0134012 0.0766585 0.0634573 0.0854746 0.0760712 0.0718516 0.0785717 
S0278         0.6789602 0.4976678 0.5469708 0.1431943 0.1451187 0.1363508 0.3257629 0.1115585 0.0893727 0.0000000 0.1251526 0.1332792 0.0440585 0.1241613 0.1227513 0.1559148 0.0486987 0.1876098 0.1600616 0.0420678 0.1810626 0.0613919 0.1361930 0.0939932 0.1418870 0.1242326 0.1278027 0.0614723 0.1167053 0.0588439 0.1004500 0.1323541 0.0651692 0.1752078 0.0632889 0.1212578 0.1350418 0.1619506 0.1677382 0.0497548 0.1312934 0.1210017 0.0648148 0.0672906 0.0859074 0.1032819 0.1320022 0.1314720 0.1683388 0.2069861 0.1222285 0.1713660 0.0867443 0.1130642 0.1126098 0.1007982 0.1216785 0.0981867 0.0984595 0.1482722 0.1337406 0.0782628 0.1447833 0.0783304 0.0578325 0.1176933 0.0543673 0.1428209 0.1349816 0.1281331 0.1205097 0.1330681 0.1545581 0.1530151 0.2070237 0.1171109 0.1483529 0.1565517 0.1260604 0.1437366 0.2233739 0.1001902 0.2031518 0.0909052 0.1361358 0.1266753 0.1555687 0.1374110 0.1351760 0.2106561 0.1164899 0.1268036 0.1074269 0.0522697 0.0818385 0.0906981 0.1948984 0.0742592 0.0395179 0.1585087 0.2013509 0.2068021 0.1156375 0.1634278 0.1550843 0.1239721 0.1271464 0.1182490 0.1332250 0.1365074 0.1115762 0.0687435 0.1192384 0.1319448 0.0547782 0.1187996 0.0960521 0.0521683 0.1439854 0.1011899 0.1190188 0.1580815 0.1159902 
S0281         0.6219997 0.4681961 0.5114733 0.0861146 0.0913853 0.1135201 0.3347215 0.0935767 0.0467421 0.1251526 0.0000000 0.0951493 0.1173538 0.0751609 0.1017281 0.1290408 0.1274189 0.1308727 0.1098225 0.1073862 0.1125410 0.1131569 0.0987070 0.0568339 0.0981358 0.1042088 0.0994536 0.1254649 0.1014003 0.1026477 0.0502261 0.1113609 0.0870754 0.1309761 0.0877793 0.0874135 0.1244505 0.1164547 0.1096601 0.1089572 0.1172333 0.0963157 0.1209193 0.0962102 0.0965888 0.0822535 0.0948414 0.0453614 0.1260532 0.1814330 0.0873609 0.1273967 0.0692018 0.1006453 0.0917791 0.0583438 0.1000440 0.0503340 0.0503183 0.0892130 0.0471098 0.1001456 0.1141603 0.0927062 0.0878954 0.0859302 0.1066958 0.0915703 0.0847354 0.0826275 0.0750786 0.0902446 0.1444292 0.0653815 0.1676270 0.1112545 0.1192495 0.1069969 0.0783055 0.0923840 0.1892485 0.0511188 0.1781016 0.1163487 0.0971598 0.0810078 0.1113329 0.1201257 0.0983287 0.1748347 0.1017101 0.1077183 0.0739915 0.1147602 0.0911315 0.0980219 0.1325039 0.1057454 0.1184720 0.1058838 0.1246156 0.1307033 0.0977954 0.1187129 0.0918510 0.0828577 0.1115272 0.0970944 0.1064926 0.0901822 0.0979958 0.1022936 0.0736923 0.0763947 0.1245837 0.1053847 0.0522545 0.0968174 0.0640253 0.1115511 0.0979332 0.0657130 0.1028497 
S0282         0.5838165 0.4517147 0.5399170 0.1007353 0.1301532 0.0877256 0.3232115 0.0756564 0.0798827 0.1332792 0.0951493 0.0000000 0.1224345 0.0870035 0.0248795 0.0984652 0.1399758 0.1389255 0.1239794 0.1157986 0.1271883 0.1160035 0.1114661 0.0796444 0.0952738 0.0232768 0.0249451 0.1291818 0.0885395 0.1127133 0.0818676 0.1040052 0.0977338 0.1428511 0.0927872 0.0931600 0.1164926 0.1244918 0.1135558 0.1090865 0.0953053 0.0290047 0.1259868 0.1141176 0.1081007 0.0629656 0.0141863 0.1054067 0.1377248 0.1824713 0.0776162 0.1416122 0.0648661 0.0828429 0.0965161 0.0881586 0.0248566 0.0838557 0.0836034 0.0959548 0.1046826 0.1104756 0.1312920 0.0979968 0.0980683 0.0880633 0.1105181 0.0933058 0.0911656 0.0922672 0.0739905 0.0962534 0.1269106 0.1260211 0.1670186 0.1066857 0.1229617 0.1211717 0.0900301 0.0994402 0.1940080 0.0836068 0.1776314 0.1134434 0.0979227 0.1010265 0.1180213 0.0989178 0.1033156 0.1754106 0.0223680 0.0892021 0.0880911 0.1111373 0.1024039 0.1113208 0.1486366 0.1128773 0.1269504 0.1163832 0.1552543 0.1531138 0.0290596 0.1327432 0.1173743 0.0913767 0.0297899 0.0293994 0.0934334 0.1017287 0.0715049 0.1049126 0.0819370 0.0863435 0.1308931 0.0863575 0.0838702 0.1016663 0.1212463 0.1204927 0.0198803 0.1242912 0.0796863 
S0289         0.6531095 0.4664807 0.5410696 0.1333655 0.1364323 0.1279154 0.3220839 0.1002133 0.0902713 0.0440585 0.1173538 0.1224345 0.0000000 0.1185692 0.1163267 0.1486205 0.0563399 0.1749883 0.1444448 0.0342817 0.1648072 0.0567573 0.1285820 0.0922335 0.1259186 0.1177037 0.1238074 0.0586478 0.1131112 0.0424796 0.0904865 0.1256144 0.0554878 0.1576398 0.0507082 0.1187478 0.1292059 0.1404286 0.1540121 0.0445905 0.1169427 0.1140749 0.0594787 0.0699228 0.0841308 0.0958867 0.1246657 0.1241119 0.1496531 0.1975410 0.1145964 0.1538007 0.0823958 0.1034526 0.1077744 0.0949706 0.1151256 0.0895353 0.0925802 0.1426821 0.1228571 0.0748269 0.1351499 0.0764574 0.0588202 0.1068776 0.0479762 0.1312757 0.1282838 0.1296186 0.1125110 0.1271891 0.1466260 0.1429125 0.1982358 0.1082193 0.1342837 0.1390156 0.1245962 0.1419965 0.2117891 0.0902507 0.1950824 0.0952347 0.1373151 0.1168277 0.1438712 0.1277085 0.1304380 0.1973785 0.1068526 0.1194972 0.1013896 0.0410124 0.0769142 0.0933093 0.1780983 0.0706379 0.0488669 0.1448679 0.1851479 0.1913260 0.1117082 0.1589391 0.1446392 0.1194133 0.1191522 0.1086277 0.1182051 0.1315479 0.1066144 0.0646794 0.1123696 0.1248602 0.0434418 0.1093250 0.0881658 0.0507570 0.1323717 0.0964564 0.1104263 0.1492278 0.1063674 
S0292         0.6056587 0.4407555 0.5088536 0.0756602 0.0919270 0.1063313 0.3183735 0.0834854 0.0607915 0.1241613 0.0751609 0.0870035 0.1185692 0.0000000 0.0961102 0.1181930 0.1287177 0.1271477 0.1141495 0.1122269 0.1177736 0.1094077 0.0847673 0.0647062 0.0880934 0.0973008 0.0897223 0.1239557 0.1002394 0.1027255 0.0640492 0.1042308 0.0891631 0.1331091 0.0854269 0.0781262 0.1167689 0.1045666 0.1082041 0.1060323 0.1030017 0.0877618 0.1214577 0.1045407 0.1075154 0.0714771 0.0867756 0.0799030 0.1248074 0.1850856 0.0874509 0.1265630 0.0476104 0.0921306 0.0726527 0.0711352 0.0969621 0.0639218 0.0648405 0.0899271 0.0804014 0.1021734 0.1048600 0.1058134 0.0896016 0.0786980 0.1054164 0.0892319 0.0771344 0.0705019 0.0616521 0.0798765 0.1356995 0.0958459 0.1688959 0.0961510 0.1149291 0.1194591 0.0690087 0.0806755 0.1941011 0.0638895 0.1802449 0.1127711 0.0760634 0.0764765 0.1076365 0.1220366 0.0498701 0.1755263 0.0915704 0.1064941 0.0688904 0.1049395 0.1047618 0.1136947 0.1332682 0.1043873 0.1214443 0.0964055 0.1368922 0.1372684 0.0878147 0.1092819 0.0872649 0.0149766 0.1003197 0.0918171 0.1013110 0.0314966 0.0829804 0.0956113 0.0203326 0.0158629 0.1241686 0.0998060 0.0659543 0.0962409 0.0952659 0.1284411 0.0916379 0.0980409 0.0929999 
S0293         0.6049677 0.4729113 0.5784489 0.1091590 0.1195261 0.0828494 0.3160882 0.0726657 0.0764936 0.1227513 0.1017281 0.0248795 0.1163267 0.0961102 0.0000000 0.1103365 0.1254455 0.1461555 0.1151196 0.1081239 0.1370412 0.1091882 0.1021773 0.0742424 0.1090664 0.0182784 0.0319782 0.1133722 0.0851749 0.1022106 0.0717611 0.1037428 0.1021648 0.1319805 0.0861605 0.0891710 0.1034103 0.1362609 0.1273488 0.1116739 0.0900809 0.0243613 0.1107306 0.1051472 0.1007177 0.0612262 0.0267851 0.1107479 0.1285563 0.1898530 0.0862913 0.1320903 0.0715771 0.0808132 0.0867222 0.0778499 0.0190297 0.0736235 0.0756126 0.0983492 0.1153516 0.1129480 0.1226803 0.0882079 0.0910779 0.0804656 0.1039646 0.0983315 0.0945607 0.0936364 0.0774707 0.0899832 0.1293865 0.1311841 0.1790688 0.1006679 0.1199798 0.1376373 0.0913750 0.0996791 0.2044310 0.0734779 0.1874181 0.1081833 0.1018082 0.0929908 0.1294006 0.0936696 0.0977156 0.1878743 0.0165898 0.0861214 0.0817781 0.1006489 0.0913644 0.1001686 0.1622552 0.1050284 0.1188321 0.1221044 0.1620095 0.1629220 0.0248097 0.1424732 0.1237215 0.0915541 0.0252649 0.0242231 0.0944845 0.1090320 0.0704831 0.0973125 0.0896780 0.0965981 0.1222145 0.0842664 0.0737070 0.0944488 0.1181634 0.1090265 0.0125494 0.1320506 0.0776778 
S0294         0.5726903 0.4740413 0.5496525 0.1432106 0.1637840 0.1183498 0.3513006 0.0950462 0.1057873 0.1559148 0.1290408 0.0984652 0.1486205 0.1181930 0.1103365 0.0000000 0.1562999 0.1669789 0.1554207 0.1333212 0.1661667 0.1391463 0.1481026 0.1072670 0.1163558 0.1059223 0.1005438 0.1531175 0.0959763 0.1266314 0.1114494 0.1167202 0.1275101 0.1723657 0.1204938 0.1302252 0.1184207 0.1394189 0.1395072 0.1367103 0.1046772 0.1049737 0.1560226 0.1314336 0.1316747 0.0914032 0.1015871 0.1342691 0.1694467 0.1971063 0.0928153 0.1678974 0.0943822 0.0914121 0.1285219 0.1194694 0.1001613 0.1180953 0.1155121 0.1401899 0.1360435 0.1301514 0.1606329 0.1186729 0.1144177 0.1235308 0.1329468 0.1226806 0.1349335 0.1279156 0.1095904 0.1423563 0.0634110 0.1489397 0.1734171 0.1394752 0.1470326 0.1472511 0.1228871 0.1406166 0.2049322 0.1144535 0.1920419 0.1269220 0.1280125 0.1337895 0.1378498 0.1119729 0.1407221 0.1836894 0.0991960 0.1059224 0.1219717 0.1334105 0.1225184 0.1328332 0.1801597 0.1317848 0.1484006 0.1334497 0.1788637 0.1905267 0.1046821 0.1667206 0.1504809 0.1229505 0.1072225 0.1024657 0.1145734 0.1322198 0.0889287 0.1315883 0.1157343 0.1211253 0.1564385 0.1047114 0.1191604 0.1232942 0.1518014 0.1380536 0.1024843 0.1560831 0.0966527 
S0299         0.6862775 0.4861395 0.5411603 0.1510892 0.1618638 0.1426224 0.3228782 0.1157986 0.1029904 0.0486987 0.1274189 0.1399758 0.0563399 0.1287177 0.1254455 0.1562999 0.0000000 0.1865640 0.1652527 0.0478533 0.1816791 0.0625825 0.1510046 0.1038055 0.1379785 0.1296081 0.1367149 0.0652550 0.1139364 0.0648771 0.1045196 0.1357872 0.0715125 0.1751217 0.0656740 0.1226108 0.1374964 0.1564788 0.1671547 0.0535779 0.1354170 0.1239443 0.0736040 0.0800374 0.0889876 0.1063903 0.1387163 0.1363649 0.1658553 0.2113452 0.1218097 0.1698186 0.0894950 0.1232104 0.1147053 0.1116361 0.1258626 0.1032817 0.1024988 0.1346699 0.1419635 0.0903436 0.1479449 0.0824220 0.0690601 0.1190624 0.0569637 0.1468328 0.1338693 0.1220591 0.1136449 0.1346326 0.1570621 0.1552309 0.2151580 0.1201295 0.1428952 0.1642169 0.1200730 0.1337069 0.2327564 0.1042461 0.2108131 0.1049879 0.1357508 0.1320271 0.1489332 0.1474932 0.1355932 0.2203407 0.1231222 0.1299382 0.1109949 0.0617948 0.0842041 0.0927960 0.1878010 0.0881210 0.0549956 0.1571911 0.1933813 0.1981802 0.1207617 0.1655051 0.1598038 0.1270128 0.1314983 0.1213580 0.1338596 0.1339432 0.1191418 0.0740976 0.1208672 0.1339783 0.0537888 0.1229422 0.1021139 0.0563306 0.1445713 0.1022173 0.1253973 0.1592188 0.1224853 
S0303         0.6677283 0.5238757 0.5544757 0.1405993 0.1404687 0.1635562 0.3952720 0.1394680 0.0941328 0.1876098 0.1308727 0.1389255 0.1749883 0.1271477 0.1461555 0.1669789 0.1865640 0.0000000 0.1102879 0.1488220 0.0260692 0.1702056 0.1517478 0.0935030 0.1359691 0.1516094 0.1454610 0.1731483 0.1627860 0.1546192 0.1194250 0.1662999 0.1388766 0.0288720 0.1380184 0.1268629 0.1706230 0.1202748 0.0266283 0.1678258 0.1639763 0.1483338 0.1823300 0.1529163 0.1680225 0.1337289 0.1428319 0.1243153 0.0275219 0.2337612 0.1457154 0.0310424 0.1121692 0.1506069 0.1154766 0.1209542 0.1510418 0.1184443 0.1181293 0.1345728 0.1281730 0.1563595 0.1115445 0.1521608 0.1415486 0.1408871 0.1559642 0.0611003 0.1256451 0.1162083 0.1002283 0.1273613 0.1705203 0.1478960 0.2305788 0.1664463 0.1048983 0.1058654 0.1314281 0.1444769 0.2481102 0.1191112 0.2269634 0.1909866 0.1284059 0.1449490 0.0943936 0.1642858 0.1462113 0.2247431 0.1473924 0.1612094 0.1298503 0.1695575 0.1536546 0.1686803 0.0318661 0.1571199 0.1729133 0.1093075 0.0386364 0.0395671 0.1437909 0.1121786 0.1413365 0.1352169 0.1551847 0.1439225 0.1459315 0.1396550 0.1452431 0.1509208 0.1207065 0.1277083 0.1786341 0.1581279 0.1195012 0.1294313 0.1461901 0.1805866 0.1426107 0.1537195 0.1546597 
S0308         0.6359880 0.4983277 0.6077717 0.1277204 0.1427169 0.1422252 0.3529155 0.1127424 0.0916601 0.1600616 0.1098225 0.1239794 0.1444448 0.1141495 0.1151196 0.1554207 0.1652527 0.1102879 0.0000000 0.1427513 0.1116302 0.1368907 0.1172294 0.0906965 0.1352328 0.1232517 0.1251066 0.1454416 0.1353802 0.1249962 0.0910531 0.1551717 0.1222012 0.0939378 0.0978851 0.1035659 0.1398118 0.0906991 0.1017032 0.1428142 0.1307056 0.1155751 0.1434182 0.1238589 0.1314335 0.1128014 0.1251581 0.1119731 0.0922774 0.2301300 0.1313778 0.0889542 0.0846970 0.1251696 0.0964503 0.0933823 0.1217144 0.0901275 0.0908182 0.1210630 0.1177344 0.1375072 0.0881775 0.1210368 0.1126517 0.1109315 0.1331115 0.0723562 0.1111456 0.1063723 0.0924386 0.1099049 0.1668820 0.1337954 0.2208095 0.1345666 0.0837099 0.0996357 0.1086407 0.1207970 0.2429600 0.0908216 0.2275603 0.1471820 0.1189441 0.1164020 0.0917241 0.1403392 0.1258998 0.2270401 0.1147793 0.1264006 0.1041937 0.1324243 0.1237620 0.1388187 0.1162510 0.1329882 0.1431642 0.0918572 0.1365420 0.1287160 0.1139408 0.1047942 0.1285897 0.1135544 0.1225920 0.1142206 0.1231855 0.1334340 0.1120257 0.1251116 0.1173979 0.1166258 0.1562517 0.1225337 0.0890632 0.1156549 0.1247255 0.1460603 0.1148695 0.1343024 0.1176392 
S0320         0.6347761 0.4650268 0.5282097 0.1230918 0.1518666 0.1230998 0.3112924 0.1012960 0.0892434 0.0420678 0.1073862 0.1157986 0.0342817 0.1122269 0.1081239 0.1333212 0.0478533 0.1488220 0.1427513 0.0000000 0.1465592 0.0577191 0.1283068 0.0957748 0.1195880 0.1143843 0.1138875 0.0587100 0.1054182 0.0519629 0.0878507 0.1156198 0.0614724 0.1488298 0.0488365 0.1075709 0.1267092 0.1324916 0.1249217 0.0454488 0.1132670 0.1079044 0.0569817 0.0637003 0.0802525 0.0946775 0.1170518 0.1181042 0.1411605 0.1878175 0.1044439 0.1483948 0.0715301 0.1059935 0.1021651 0.0926125 0.1118426 0.0868822 0.0879024 0.1187478 0.1203960 0.0686638 0.1212419 0.0714525 0.0527488 0.1061262 0.0493732 0.1144361 0.1133356 0.1112557 0.0978386 0.1137584 0.1591106 0.1371220 0.1911292 0.1071924 0.1170104 0.1284315 0.1069198 0.1220079 0.2031728 0.0876185 0.1853420 0.0913948 0.1224182 0.1187454 0.1177339 0.1304437 0.1294409 0.1865454 0.1057821 0.1157061 0.0920617 0.0454067 0.0709874 0.0853542 0.1628865 0.0727717 0.0487364 0.1269516 0.1394078 0.1530744 0.1079512 0.1338297 0.1352897 0.1115990 0.1155921 0.1082519 0.1223770 0.1219436 0.1067175 0.0632181 0.1057913 0.1201676 0.0349829 0.1090620 0.0878465 0.0529990 0.1240168 0.0924703 0.1103183 0.1374538 0.1075858 
S0322         0.7442984 0.5382153 0.5640411 0.1354466 0.1471602 0.1588945 0.3882489 0.1328611 0.0894788 0.1810626 0.1125410 0.1271883 0.1648072 0.1177736 0.1370412 0.1661667 0.1816791 0.0260692 0.1116302 0.1465592 0.0000000 0.1675590 0.1453827 0.1009411 0.1200307 0.1415591 0.1312942 0.1722952 0.1611241 0.1520365 0.1038101 0.1569591 0.1443631 0.0287140 0.1348304 0.1256997 0.1644162 0.1147490 0.0331610 0.1587273 0.1526070 0.1337126 0.1794530 0.1534477 0.1556993 0.1212064 0.1280767 0.1151423 0.0200959 0.2307183 0.1387995 0.0259993 0.1029151 0.1368614 0.1232789 0.1040015 0.1412581 0.1035668 0.1047273 0.1257347 0.1169768 0.1499135 0.1040491 0.1390136 0.1384378 0.1285584 0.1503275 0.0594282 0.1242578 0.1176774 0.0978738 0.1209902 0.1699122 0.1362788 0.2267142 0.1536406 0.0971295 0.1023140 0.1258484 0.1395448 0.2438490 0.1047625 0.2248411 0.1998910 0.1292610 0.1360714 0.0839098 0.1530404 0.1378003 0.2238354 0.1377781 0.1536025 0.1189831 0.1593392 0.1373624 0.1567145 0.0368351 0.1491370 0.1691964 0.1060907 0.0378990 0.0401133 0.1341019 0.0874801 0.1341937 0.1287722 0.1447333 0.1271638 0.1339569 0.1297502 0.1365048 0.1419303 0.1177247 0.1182118 0.1628936 0.1485726 0.1022796 0.1314534 0.1403237 0.1703599 0.1310306 0.1424956 0.1474310 
S0327         0.6506507 0.4659193 0.5409463 0.1245666 0.1409000 0.1191432 0.3058805 0.0968362 0.0694458 0.0613919 0.1131569 0.1160035 0.0567573 0.1094077 0.1091882 0.1391463 0.0625825 0.1702056 0.1368907 0.0577191 0.1675590 0.0000000 0.1249398 0.0902922 0.1246370 0.1126685 0.1127759 0.0554212 0.1031761 0.0527794 0.0782573 0.1229663 0.0554327 0.1586152 0.0504768 0.1102199 0.1203724 0.1348628 0.1622976 0.0577707 0.1180165 0.1077121 0.0719100 0.0572516 0.0767995 0.0930830 0.1168886 0.1157222 0.1523945 0.1916890 0.0964386 0.1597261 0.0741422 0.1043054 0.1013790 0.0815229 0.1112550 0.0782914 0.0802457 0.1231149 0.1146551 0.0744453 0.1290822 0.0655811 0.0514836 0.1016845 0.0617342 0.1254500 0.1155979 0.1178654 0.0965007 0.1129367 0.1444988 0.1335926 0.1908331 0.1059582 0.1338259 0.1493494 0.1019339 0.1192086 0.2109881 0.0780593 0.1893139 0.0918498 0.1230581 0.1094310 0.1393615 0.1362462 0.1220183 0.1943696 0.1042305 0.1140406 0.0938930 0.0594480 0.0692104 0.0768901 0.1786454 0.0667984 0.0691099 0.1360678 0.1805562 0.1907003 0.1034389 0.1500380 0.1405442 0.1102821 0.1138610 0.1070769 0.1154229 0.1307674 0.1004703 0.0680834 0.1034338 0.1176739 0.0619016 0.1063058 0.0792550 0.0486316 0.1220780 0.0875963 0.1046417 0.1334129 0.1026539 
S0335         0.5820229 0.4682180 0.5558206 0.0778533 0.0516624 0.1150876 0.3282465 0.0939582 0.0751253 0.1361930 0.0987070 0.1114661 0.1285820 0.0847673 0.1021773 0.1481026 0.1510046 0.1517478 0.1172294 0.1283068 0.1453827 0.1249398 0.0000000 0.0543549 0.1288628 0.1048015 0.1098386 0.1267228 0.1053223 0.1070527 0.0743471 0.1261390 0.1139565 0.1388644 0.0924919 0.0845076 0.1222169 0.1382058 0.1247134 0.1257249 0.1123654 0.0991908 0.1366769 0.1135783 0.1168711 0.0872658 0.1144174 0.1023991 0.1358772 0.2053884 0.1073537 0.1355727 0.0733306 0.1019002 0.0896638 0.0797130 0.1013442 0.0731602 0.0762949 0.1044541 0.1059864 0.1259971 0.1209342 0.1123001 0.0979848 0.0869271 0.1198386 0.1060995 0.0949126 0.0971525 0.0768228 0.0955945 0.1659188 0.1259709 0.1959547 0.1078983 0.1299483 0.1428926 0.0920901 0.0992830 0.2164388 0.0741619 0.2070629 0.1140466 0.1052969 0.0719435 0.1333092 0.1301952 0.0903008 0.1990814 0.0958125 0.1115538 0.0705671 0.1124073 0.1100746 0.1195208 0.1599565 0.1185562 0.1319357 0.1275205 0.1717608 0.1609407 0.1022261 0.1454953 0.0839544 0.0851367 0.1066611 0.1011725 0.1157756 0.0992335 0.0947395 0.1111724 0.0868462 0.0882120 0.1384517 0.1057576 0.0743925 0.1080356 0.1164901 0.1238040 0.0999792 0.1235825 0.1048048 
S0345         0.6522482 0.4192842 0.4965351 0.0597704 0.0597896 0.0979639 0.3312423 0.0713242 0.0397152 0.0939932 0.0568339 0.0796444 0.0922335 0.0647062 0.0742424 0.1072670 0.1038055 0.0935030 0.0906965 0.0957748 0.1009411 0.0902922 0.0543549 0.0000000 0.0787978 0.0724739 0.0749270 0.1010350 0.0675285 0.0817943 0.0448971 0.0815587 0.0873107 0.0959694 0.0787056 0.0688696 0.0838662 0.0874904 0.0830883 0.0899537 0.0941851 0.0697819 0.1159666 0.0772586 0.0770469 0.0523986 0.0800083 0.0731609 0.0951836 0.1907588 0.0655582 0.0954062 0.0417189 0.0715978 0.0742319 0.0517052 0.0766075 0.0447016 0.0478693 0.0763395 0.0748179 0.0760750 0.1004880 0.0740476 0.0607161 0.0688525 0.0912847 0.0717926 0.0779057 0.0778206 0.0617194 0.0685616 0.1166241 0.0868206 0.1770788 0.0814372 0.1068538 0.0942716 0.0654938 0.0724545 0.1875560 0.0447160 0.1902577 0.0973288 0.0846965 0.0546624 0.1043387 0.0953290 0.0717535 0.2000901 0.0691627 0.0906519 0.0533020 0.0933077 0.0747200 0.0845553 0.1139882 0.0736683 0.0900653 0.0830133 0.1082081 0.1056825 0.0709891 0.0950183 0.0342990 0.0595008 0.0783634 0.0685388 0.0841576 0.0748989 0.0691896 0.0855334 0.0625046 0.0645582 0.1058837 0.0830005 0.0447335 0.0907827 0.0831048 0.0922725 0.0726249 0.0885934 0.0850501 
S0376         0.6576595 0.4572716 0.5040764 0.1096268 0.1277428 0.1219255 0.3595041 0.0800218 0.0816404 0.1418870 0.0981358 0.0952738 0.1259186 0.0880934 0.1090664 0.1163558 0.1379785 0.1359691 0.1352328 0.1195880 0.1200307 0.1246370 0.1288628 0.0787978 0.0000000 0.1058734 0.0919150 0.1330914 0.0866196 0.1057086 0.0889909 0.0648533 0.1137846 0.1525897 0.1072378 0.1193268 0.1055093 0.1214242 0.1176572 0.1191672 0.0997414 0.0968059 0.1400637 0.1222952 0.1150701 0.0618699 0.0956150 0.1096640 0.1444169 0.2069547 0.0738150 0.1477263 0.0601085 0.0857135 0.1067237 0.1004954 0.1034103 0.0874535 0.0912154 0.1197076 0.1104232 0.1102276 0.1265996 0.1029541 0.1005565 0.0944605 0.1183213 0.1098028 0.1114392 0.1094109 0.0906094 0.1207109 0.1180166 0.1111943 0.1924685 0.1086449 0.1345453 0.1214876 0.1027460 0.1262770 0.2173793 0.0900493 0.2070856 0.1438089 0.1142142 0.1120704 0.1245797 0.1153374 0.1231402 0.2025974 0.0976247 0.1032928 0.1042146 0.1217923 0.0968023 0.1207575 0.1529484 0.1220697 0.1249048 0.1168737 0.1306048 0.1383355 0.0990313 0.1119945 0.1216055 0.1009494 0.1046761 0.0964256 0.0923400 0.1156435 0.0853325 0.1118111 0.0962361 0.0928278 0.1369399 0.0962007 0.0886602 0.1090375 0.1210337 0.1272055 0.1015436 0.1213979 0.0938342 
S0400         0.6064850 0.4562120 0.5532842 0.1095944 0.1258851 0.0859996 0.3158719 0.0696299 0.0776413 0.1242326 0.1042088 0.0232768 0.1177037 0.0973008 0.0182784 0.1059223 0.1296081 0.1516094 0.1232517 0.1143843 0.1415591 0.1126685 0.1048015 0.0724739 0.1058734 0.0000000 0.0293749 0.1231520 0.0812350 0.1048235 0.0757086 0.1038703 0.1023504 0.1374171 0.0873829 0.0925937 0.1040476 0.1375639 0.1280181 0.1130698 0.0870745 0.0226084 0.1178289 0.1086225 0.1041118 0.0593595 0.0242545 0.1118850 0.1359246 0.1924628 0.0853273 0.1374454 0.0739701 0.0768558 0.0923553 0.0818728 0.0157845 0.0776616 0.0776716 0.1054687 0.1164670 0.1165077 0.1239953 0.0914717 0.0922957 0.0817844 0.1065016 0.1039023 0.1004392 0.0994715 0.0827942 0.0947058 0.1215996 0.1342826 0.1790119 0.1000265 0.1212844 0.1391605 0.0968984 0.1065260 0.2017776 0.0774331 0.1900180 0.1021644 0.1034923 0.0895341 0.1296697 0.0916173 0.1037896 0.1878155 0.0125574 0.0843543 0.0822954 0.1054474 0.0957898 0.1014985 0.1637858 0.1021049 0.1181834 0.1268591 0.1666258 0.1676240 0.0223216 0.1429221 0.1264670 0.0916032 0.0209240 0.0225792 0.0904642 0.1104342 0.0676055 0.0965380 0.0933524 0.0966508 0.1226347 0.0812538 0.0776754 0.0982511 0.1210501 0.1125007 0.0125548 0.1324129 0.0737589 
S0405         0.5594054 0.4384907 0.5126310 0.1028196 0.1220711 0.0885593 0.3121222 0.0785389 0.0781539 0.1278027 0.0994536 0.0249451 0.1238074 0.0897223 0.0319782 0.1005438 0.1367149 0.1454610 0.1251066 0.1138875 0.1312942 0.1127759 0.1098386 0.0749270 0.0919150 0.0293749 0.0000000 0.1303488 0.0892422 0.1094696 0.0816457 0.1070903 0.0993502 0.1485337 0.0945938 0.0884205 0.1151734 0.1282391 0.1198246 0.1086331 0.0972182 0.0273938 0.1216380 0.1097041 0.1036422 0.0634644 0.0259499 0.1083102 0.1418799 0.1824732 0.0761472 0.1446252 0.0672965 0.0868791 0.0914858 0.0869548 0.0318903 0.0836490 0.0856347 0.1008325 0.1118057 0.1093304 0.1351983 0.0957579 0.0921966 0.0845647 0.1057236 0.0996616 0.0948548 0.0952378 0.0774792 0.0968996 0.1205956 0.1270298 0.1660425 0.1076382 0.1289662 0.1318148 0.0915571 0.1023286 0.1926542 0.0833988 0.1776059 0.1053861 0.0988849 0.0995117 0.1246993 0.1012746 0.1111240 0.1724322 0.0284743 0.0911751 0.0902155 0.1132604 0.1001561 0.1101676 0.1603338 0.1083958 0.1247972 0.1200487 0.1565934 0.1575998 0.0258625 0.1404006 0.1192709 0.0932247 0.0372341 0.0270170 0.0998200 0.1046603 0.0762441 0.1027259 0.0856683 0.0890625 0.1292269 0.0891845 0.0825360 0.1013890 0.1199709 0.1172401 0.0259256 0.1252734 0.0836504 
S0407sl       0.6654570 0.5091875 0.5784509 0.1343100 0.1486860 0.1324629 0.3111572 0.1070055 0.0888008 0.0614723 0.1254649 0.1291818 0.0586478 0.1239557 0.1133722 0.1531175 0.0652550 0.1731483 0.1454416 0.0587100 0.1722952 0.0554212 0.1267228 0.1010350 0.1330914 0.1231520 0.1303488 0.0000000 0.1135219 0.0521040 0.0871638 0.1300659 0.0633765 0.1560518 0.0547376 0.1180496 0.1307792 0.1522144 0.1714502 0.0673532 0.1262484 0.1151291 0.0655483 0.0676674 0.0818104 0.1038834 0.1290962 0.1286178 0.1522460 0.1951822 0.1130570 0.1609049 0.0824511 0.1151368 0.1049428 0.0949158 0.1205376 0.0858633 0.0912695 0.1349182 0.1310158 0.0777185 0.1371087 0.0681560 0.0568837 0.1045719 0.0602109 0.1317226 0.1224801 0.1179934 0.1019282 0.1255020 0.1558245 0.1489792 0.1985353 0.1121056 0.1397062 0.1521199 0.1188689 0.1362511 0.2107642 0.0889777 0.1941950 0.0953943 0.1211397 0.1125826 0.1481510 0.1399778 0.1305338 0.2006917 0.1154292 0.1217953 0.1017602 0.0570781 0.0681194 0.0779096 0.1877476 0.0765927 0.0644873 0.1420622 0.1781187 0.1900160 0.1166993 0.1547732 0.1457460 0.1222309 0.1233777 0.1182631 0.1259379 0.1343957 0.1068105 0.0676585 0.1151324 0.1277160 0.0648908 0.1139081 0.0869751 0.0175118 0.1420258 0.0927407 0.1147885 0.1509941 0.1133424 
S0412sl       0.6444221 0.4547386 0.5335885 0.1091875 0.1383114 0.1001880 0.3109550 0.0671566 0.0755230 0.1167053 0.1014003 0.0885395 0.1131112 0.1002394 0.0851749 0.0959763 0.1139364 0.1627860 0.1353802 0.1054182 0.1611241 0.1031761 0.1053223 0.0675285 0.0866196 0.0812350 0.0892422 0.1135219 0.0000000 0.0930075 0.0772219 0.0938100 0.1030483 0.1489179 0.0878343 0.0920490 0.0860294 0.1263829 0.1320492 0.1110544 0.0793204 0.0770403 0.1145549 0.1006626 0.0933304 0.0606656 0.0900956 0.1139643 0.1443346 0.1934992 0.0564043 0.1471466 0.0668963 0.0768927 0.0953222 0.0846698 0.0810050 0.0773006 0.0792043 0.1103659 0.1142158 0.1061341 0.1228819 0.0843157 0.0840388 0.0834156 0.1094934 0.1156107 0.1027648 0.1017456 0.0861689 0.1042911 0.1033370 0.1217825 0.1769070 0.1035549 0.1204150 0.1438811 0.0961479 0.1090541 0.2041533 0.0750532 0.1911651 0.0889380 0.1044010 0.0963418 0.1261950 0.0957934 0.1053119 0.1887488 0.0761205 0.0809107 0.0888592 0.1050391 0.0862347 0.0961276 0.1747663 0.0991802 0.1185545 0.1164007 0.1846625 0.1825146 0.0765915 0.1408395 0.1310432 0.0934147 0.0846539 0.0740222 0.0853776 0.1124637 0.0684985 0.0950472 0.0973299 0.1017133 0.1163490 0.0778535 0.0782543 0.0952890 0.1190782 0.1005947 0.0789456 0.1250490 0.0745498 
S0417         0.5850323 0.4352230 0.4961724 0.1140418 0.1288569 0.1127134 0.2859121 0.0805212 0.0741793 0.0588439 0.1026477 0.1127133 0.0424796 0.1027255 0.1022106 0.1266314 0.0648771 0.1546192 0.1249962 0.0519629 0.1520365 0.0527794 0.1070527 0.0817943 0.1057086 0.1048235 0.1094696 0.0521040 0.0930075 0.0000000 0.0751488 0.1110791 0.0457717 0.1384525 0.0372078 0.0990909 0.1172140 0.1298572 0.1359276 0.0568346 0.0991377 0.0957747 0.0485228 0.0545407 0.0633089 0.0821696 0.1113687 0.1084941 0.1332727 0.1665779 0.0974418 0.1381359 0.0630853 0.0847380 0.0910125 0.0804814 0.1003343 0.0691527 0.0771412 0.1188573 0.1121046 0.0581966 0.1195133 0.0587353 0.0436683 0.0875649 0.0495703 0.1120616 0.1045566 0.1104283 0.0919746 0.1070079 0.1320600 0.1256564 0.1711654 0.0886107 0.1218562 0.1274866 0.0956355 0.1142862 0.1824603 0.0730214 0.1630502 0.0702647 0.1175287 0.0930527 0.1288659 0.1143049 0.1183064 0.1678500 0.0944468 0.0983087 0.0803422 0.0416418 0.0582963 0.0699974 0.1592021 0.0553544 0.0567973 0.1257859 0.1688764 0.1764656 0.0991710 0.1365935 0.1300994 0.1067256 0.1057155 0.0982403 0.1068157 0.1232660 0.0864652 0.0499943 0.1010306 0.1099016 0.0573820 0.0908969 0.0749659 0.0375233 0.1126422 0.0756659 0.0989631 0.1277271 0.0891493 
S0419         0.6024583 0.4359983 0.5328016 0.0761345 0.0801336 0.0856877 0.3196704 0.0674527 0.0104895 0.1004500 0.0502261 0.0818676 0.0904865 0.0640492 0.0717611 0.1114494 0.1045196 0.1194250 0.0910531 0.0878507 0.1038101 0.0782573 0.0743471 0.0448971 0.0889909 0.0757086 0.0816457 0.0871638 0.0772219 0.0751488 0.0000000 0.0986332 0.0703020 0.1073788 0.0577921 0.0645260 0.1004342 0.1075106 0.1014381 0.0913129 0.0879123 0.0690635 0.0917676 0.0715991 0.0742663 0.0600777 0.0844284 0.0570237 0.1029428 0.1743431 0.0740699 0.1074371 0.0522353 0.0715767 0.0639371 0.0117564 0.0706767 0.0069674 0.0085380 0.0799756 0.0612870 0.0804847 0.0879435 0.0658806 0.0629527 0.0563137 0.0836412 0.0785023 0.0724595 0.0689987 0.0563460 0.0683205 0.1182955 0.0742907 0.1682427 0.0792547 0.0963905 0.1033300 0.0656602 0.0813290 0.1854635 0.0061690 0.1720627 0.0843187 0.0784966 0.0627291 0.0997367 0.1024207 0.0793626 0.1737104 0.0704133 0.0809806 0.0545144 0.0813054 0.0663395 0.0781952 0.1289805 0.0764191 0.0946439 0.0994237 0.1240972 0.1233439 0.0684990 0.1080929 0.0867654 0.0614976 0.0784891 0.0694696 0.0927301 0.0816506 0.0684061 0.0760487 0.0647211 0.0671820 0.1002813 0.0788875 0.0077489 0.0738155 0.0639925 0.0842992 0.0694022 0.0765797 0.0744900 
S0427         0.6526197 0.4558314 0.5134001 0.1231082 0.1296460 0.1104921 0.3536753 0.0859668 0.0843080 0.1323541 0.1113609 0.1040052 0.1256144 0.1042308 0.1037428 0.1167202 0.1357872 0.1662999 0.1551717 0.1156198 0.1569591 0.1229663 0.1261390 0.0815587 0.0648533 0.1038703 0.1070903 0.1300659 0.0938100 0.1110791 0.0986332 0.0000000 0.1077472 0.1616114 0.1066471 0.1210666 0.1087689 0.1355041 0.1376516 0.1188901 0.0943848 0.0966278 0.1329728 0.1151392 0.1093712 0.0727848 0.1058302 0.1157251 0.1579914 0.2071388 0.0836390 0.1615911 0.0768640 0.0861273 0.1123016 0.1042383 0.1014907 0.0984316 0.0997918 0.1297924 0.1183006 0.1194918 0.1447874 0.1023133 0.0938981 0.1032141 0.1190129 0.1312697 0.1242300 0.1162302 0.0991449 0.1255898 0.1260641 0.1258087 0.2040451 0.1242616 0.1397766 0.1502099 0.1070110 0.1227674 0.2212347 0.0983779 0.2094883 0.1222377 0.1275070 0.1100576 0.1377590 0.1085111 0.1265835 0.2029871 0.0982490 0.0990279 0.1023540 0.1136595 0.1011134 0.1113223 0.1777908 0.1194063 0.1328898 0.1376761 0.1739946 0.1752411 0.1044640 0.1473554 0.1353974 0.0999961 0.1110022 0.0991972 0.0987403 0.1276579 0.0844447 0.1036033 0.1040216 0.1083179 0.1336877 0.0913932 0.0983794 0.1088397 0.1159096 0.1275063 0.1002132 0.1389740 0.0901372 
