115
CRNC          0.0000000 0.2921131 0.3946422 0.5329304 0.2423955 0.5778883 0.3320009 0.4565861 0.4790106 0.4974004 0.4305393 0.5039672 0.4752669 0.4615208 0.4670664 0.4731451 0.5042963 0.5368676 0.4174919 0.5075309 0.4923709 0.4467952 0.2585098 0.4878182 0.4638454 0.4481864 0.4737433 0.4937778 0.4763179 0.4816694 0.4977698 0.3748121 0.5164872 0.4967328 0.4510061 0.5239735 0.5064137 0.5153514 0.4969838 0.4456065 0.4520935 0.4933820 0.4805270 0.4937770 0.2943073 0.5075704 0.5047442 0.5047131 0.4627627 0.4963372 0.4582160 0.4791460 0.4593209 0.4740495 0.4853120 0.4660819 0.4976875 0.5339717 0.4676257 0.4919644 0.4355899 0.4636562 0.4992174 0.4910644 0.4472908 0.4584406 0.5538732 0.4706516 0.5100622 0.4849682 0.5168933 0.4547422 0.4980883 0.5047761 0.4941148 0.4997710 0.5304075 0.4505372 0.4350863 0.4964709 0.4951608 0.4920049 0.4466450 0.4451807 0.4744577 0.4300958 0.4556321 0.5099506 0.4834852 0.5050963 0.4742632 0.4773480 0.5153794 0.5191624 0.5079171 0.4453460 0.5034960 0.4595427 0.4772636 0.4538014 0.4264842 0.4307679 0.5402576 0.4749620 0.4804594 0.4672742 0.4803258 0.4365472 0.4784983 0.4726276 0.4726738 0.4830089 0.4350023 0.4918320 0.4480945 
HYZL          0.2921131 0.0000000 0.1920842 0.4909082 0.3821719 0.4864293 0.2719228 0.4319233 0.4217044 0.4621690 0.4294367 0.4455958 0.4527187 0.4398131 0.4262837 0.4111064 0.4735555 0.4378351 0.4105154 0.4500462 0.4344209 0.4413819 0.4509443 0.4115643 0.4421797 0.4162666 0.4248717 0.4382763 0.4705591 0.4295151 0.4261608 0.3865375 0.5001963 0.4326512 0.4231798 0.4950220 0.4901461 0.5272070 0.4518238 0.4188414 0.4420270 0.4562674 0.4146159 0.4427773 0.3438240 0.4708230 0.4876202 0.5023133 0.4120993 0.4536093 0.4466963 0.4176403 0.4377680 0.4254194 0.4084824 0.4612349 0.4685609 0.4948850 0.4394757 0.4411289 0.4198141 0.4528625 0.4776864 0.4869366 0.4325671 0.4585234 0.4888559 0.4369749 0.5109712 0.4089272 0.4697945 0.5526149 0.4733186 0.4761936 0.4921667 0.4260921 0.4632265 0.4471826 0.4325285 0.4570120 0.4649573 0.4212703 0.4361426 0.4438844 0.4237323 0.3921266 0.4428235 0.4574753 0.4334157 0.4783096 0.4008044 0.4186024 0.4735937 0.5029712 0.4909854 0.4341361 0.4589372 0.4560816 0.4222103 0.4469250 0.4157286 0.4040371 0.5110877 0.4142155 0.4004615 0.4455801 0.4806543 0.4100711 0.4287974 0.4224895 0.4289409 0.4327520 0.4266488 0.4341714 0.4419143 
MYZV          0.3946422 0.1920842 0.0000000 0.5627071 0.3915004 0.6088054 0.4597546 0.4945075 0.4950591 0.5261300 0.4833372 0.5375055 0.5325502 0.4952791 0.4978479 0.4690265 0.5407643 0.4929464 0.5151270 0.4972743 0.5268961 0.4659732 0.4358210 0.4608122 0.4759410 0.4764528 0.5141070 0.5655008 0.5542438 0.4991806 0.4644424 0.4367196 0.5741055 0.5041834 0.4974079 0.5798733 0.5381710 0.5924113 0.5510437 0.4855699 0.5078207 0.5663696 0.4894862 0.4986593 0.3298683 0.5339612 0.5397226 0.5007586 0.4975024 0.5068406 0.5024764 0.4899116 0.5037325 0.4990980 0.4796312 0.5370193 0.5194610 0.5916911 0.5259210 0.4930165 0.4862096 0.5174313 0.5429890 0.5451265 0.5265443 0.5449972 0.5910069 0.4834121 0.5094514 0.5320885 0.5214229 0.6133802 0.5235056 0.5498123 0.5041212 0.5116555 0.5969330 0.5399651 0.5355424 0.5328580 0.5356793 0.5275215 0.4498747 0.4991696 0.5248610 0.4655231 0.5402165 0.5040670 0.4772352 0.5366438 0.4823969 0.5379458 0.5312499 0.5653055 0.5347113 0.4884725 0.5189348 0.5226002 0.5065132 0.5088043 0.4679450 0.4760582 0.5777139 0.4801268 0.4850366 0.5013600 0.5407594 0.4975386 0.5139917 0.5244021 0.4748363 0.4708270 0.4913329 0.4805394 0.5071410 
SRR6441723    0.5329304 0.4909082 0.5627071 0.0000000 0.1697059 0.1477968 0.3256076 0.1023200 0.0836809 0.0982474 0.0863600 0.1013149 0.0981132 0.0926188 0.1394539 0.0911793 0.1410107 0.1537550 0.1144104 0.1511699 0.0927970 0.0612230 0.0408203 0.1011432 0.0896638 0.0844016 0.1055811 0.0859053 0.0944921 0.0755478 0.1062113 0.0832578 0.1323090 0.0721461 0.1153539 0.1264091 0.1220454 0.1380153 0.0821925 0.0800689 0.0756490 0.1139737 0.0799073 0.0917736 0.0667499 0.0816660 0.1495204 0.2130652 0.0915732 0.1369832 0.0840467 0.0719453 0.0842303 0.0778182 0.0720213 0.0953894 0.0779880 0.0864691 0.1218828 0.0878707 0.0692447 0.0886465 0.1148715 0.0974864 0.0974702 0.0939174 0.1709061 0.0928357 0.2127689 0.0910826 0.1149364 0.1452508 0.0858120 0.1036156 0.2137056 0.0756929 0.2004742 0.1058732 0.0716976 0.1181283 0.1106043 0.1007741 0.1939224 0.0864457 0.0830512 0.0717721 0.0968987 0.0914974 0.0824475 0.1332106 0.0843357 0.1038339 0.1393207 0.1567937 0.1434348 0.0783100 0.1369394 0.0515296 0.0870459 0.0897324 0.0836984 0.0823502 0.0975249 0.0816459 0.0873505 0.1022318 0.1157594 0.0844946 0.0807114 0.1031458 0.0986777 0.1006136 0.0879645 0.1003681 0.0872146 
ERR4210213    0.2423955 0.3821719 0.3915004 0.1697059 0.0000000 0.1702275 0.3780946 0.1697059 0.1690730 0.1926156 0.1693943 0.2265392 0.2135367 0.1693943 0.2168564 0.1793017 0.1729559 0.2547003 0.1418531 0.1441544 0.1690730 0.1138491 0.1490131 0.1890141 0.1693943 0.1693943 0.2141060 0.1485253 0.1658529 0.1690730 0.1991548 0.1897319 0.1923906 0.1626411 0.2722603 0.2245299 0.2542091 0.1507919 0.2175518 0.1631439 0.1693943 0.2645062 0.1872558 0.2248665 0.0782318 0.1465841 0.1635333 0.2469821 0.2051639 0.1754819 0.1693943 0.1690730 0.1693943 0.1690730 0.1690730 0.2883086 0.1465841 0.1872558 0.1915207 0.1989620 0.1472788 0.1757336 0.2456034 0.2841012 0.2358156 0.2597686 0.1971282 0.1699044 0.2529896 0.1595139 0.1931281 0.3351754 0.1176914 0.2115477 0.3011334 0.1935791 0.0000010 0.2398875 0.1504856 0.1744027 0.1646953 0.1708005 0.2506422 0.1516082 0.1150386 0.1883007 0.1935791 0.2248665 0.2017442 0.1586151 0.1939433 0.2459008 0.2614430 0.2260652 0.2010894 0.1693943 0.1889674 0.1303772 0.1916520 0.1516082 0.1710336 0.1696210 0.2356542 0.1631439 0.1303772 0.2183276 0.2421060 0.1316979 0.1351174 0.2056662 0.1699044 0.2248665 0.1945693 0.1945631 0.1693943 
ERR2789774    0.5778883 0.4864293 0.6088054 0.1477968 0.1702275 0.0000000 0.4336398 0.1041508 0.1097374 0.1308165 0.0966654 0.1223653 0.1421456 0.1089582 0.1625794 0.1134407 0.1622521 0.1802769 0.1441229 0.1417471 0.1359344 0.1575211 0.2323094 0.1253196 0.1033289 0.0877512 0.1310631 0.1273989 0.1319020 0.1075051 0.1393803 0.1441011 0.1745616 0.1082014 0.1398117 0.1353528 0.1529974 0.1883640 0.1286364 0.0982685 0.1029263 0.1458731 0.1195611 0.1227582 0.1394587 0.1262381 0.1715540 0.2579010 0.1109321 0.1506701 0.0999031 0.1058724 0.0945111 0.1062873 0.1003059 0.1296178 0.1157661 0.1499210 0.1389630 0.1030854 0.0976518 0.1316755 0.1409864 0.1278603 0.1248717 0.1237402 0.1778252 0.1334204 0.2498207 0.1202557 0.1314851 0.2018691 0.0822231 0.1213254 0.2665841 0.1163136 0.2446563 0.1279679 0.1523774 0.1534137 0.1186518 0.1313076 0.2628984 0.1023788 0.1139048 0.0994325 0.1346654 0.1129680 0.1059679 0.1706726 0.1143564 0.1407723 0.1656368 0.1719418 0.1577004 0.0938323 0.1468749 0.1336469 0.1365360 0.1089452 0.0934300 0.0897319 0.1379754 0.0830220 0.1202529 0.1455200 0.1369735 0.1061420 0.1217851 0.1286265 0.1277542 0.1263585 0.1041986 0.1425103 0.0963857 
PAFTOL_019361 0.3320009 0.2719228 0.4597546 0.3256076 0.3780946 0.4336398 0.0000000 0.2818546 0.2917677 0.2808479 0.2836990 0.3221809 0.3224090 0.2776600 0.3546106 0.3285381 0.3303438 0.3292726 0.2737506 0.3484974 0.3136176 0.3400796 0.2572803 0.3003421 0.2849468 0.2919459 0.3222536 0.2910837 0.3353456 0.2992779 0.3198667 0.2733568 0.3397588 0.3186933 0.3099062 0.3539517 0.3053087 0.3176031 0.3337820 0.2601672 0.2918633 0.3195671 0.2906881 0.3197513 0.2290725 0.3271171 0.3681119 0.3559904 0.2688820 0.3334041 0.2836258 0.2916234 0.2890353 0.2933357 0.2867081 0.3237517 0.3226519 0.2997577 0.3288936 0.3189266 0.2729169 0.3161704 0.3163405 0.3217120 0.2977366 0.2987432 0.3938952 0.2913177 0.3546895 0.2943651 0.3346332 0.3857949 0.3308425 0.3235230 0.3738405 0.3078069 0.2918718 0.2984430 0.3131949 0.3412728 0.2995986 0.3115408 0.3017683 0.2782114 0.2936799 0.2622425 0.2999314 0.3286256 0.3060440 0.3563369 0.2911336 0.3558652 0.3231423 0.3762226 0.3230028 0.2836990 0.3209880 0.3213647 0.3225083 0.2859303 0.2854493 0.2563547 0.3399444 0.2577052 0.2753355 0.3241566 0.3354352 0.2687020 0.3020906 0.3071303 0.2815179 0.3080934 0.2847280 0.3082182 0.2995183 
S0055         0.4565861 0.4319233 0.4945075 0.1023200 0.1697059 0.1041508 0.2818546 0.0000000 0.0715781 0.0895246 0.0426801 0.0744292 0.0955239 0.0526698 0.0927373 0.0883906 0.1051116 0.1359759 0.0950197 0.1006689 0.0873538 0.0950831 0.0734424 0.0745158 0.0478960 0.0404539 0.0870441 0.0783159 0.0733393 0.0692163 0.0831172 0.0679805 0.1183276 0.0636304 0.0954395 0.0837030 0.1177381 0.1018277 0.0789035 0.0303550 0.0437937 0.1065258 0.0681888 0.0758915 0.0404840 0.0778538 0.1156246 0.1973829 0.0673824 0.0984550 0.0452393 0.0657799 0.0453337 0.0660176 0.0608305 0.0684909 0.0691410 0.0726082 0.0984643 0.0701992 0.0589742 0.0815662 0.0955307 0.0825672 0.0825617 0.0792520 0.1217334 0.0923498 0.1981496 0.0954362 0.0901914 0.1325806 0.0613741 0.0765624 0.2049573 0.0745125 0.2025808 0.0796122 0.1002140 0.1072322 0.0527057 0.0826023 0.1844121 0.0474609 0.0544939 0.0556448 0.0788076 0.0735130 0.0650431 0.1105052 0.0602238 0.0967243 0.1156391 0.1145797 0.1065056 0.0403056 0.1195961 0.0831951 0.0903835 0.0552929 0.0427824 0.0285881 0.0942744 0.0309240 0.0752014 0.0933723 0.0820705 0.0403241 0.0794508 0.0810499 0.0871859 0.0788663 0.0457701 0.0966803 0.0426842 
S0196sl       0.4790106 0.4217044 0.4950591 0.0836809 0.1690730 0.1097374 0.2917677 0.0715781 0.0000000 0.0634878 0.0625556 0.0607581 0.0853061 0.0625191 0.1080482 0.0762112 0.0905760 0.1230811 0.0837665 0.0930945 0.0651481 0.0853079 0.0640114 0.0725760 0.0682140 0.0553521 0.0684056 0.0748141 0.0697384 0.0126564 0.0820872 0.0560603 0.0940137 0.0521321 0.0941824 0.0925484 0.0847430 0.1025181 0.0533213 0.0571909 0.0628739 0.0698197 0.0509300 0.0620107 0.0549535 0.0506601 0.1039783 0.1816828 0.0670666 0.0877316 0.0603419 0.0082908 0.0604689 0.0126045 0.0125168 0.0882316 0.0404857 0.0575485 0.0750736 0.0565853 0.0501314 0.0603790 0.0688238 0.0815128 0.0804219 0.0834158 0.1327402 0.0448997 0.1858974 0.0720486 0.0663982 0.1096055 0.0642645 0.0932635 0.1934685 0.0191818 0.1978132 0.0830806 0.0812774 0.0859204 0.0820860 0.0833302 0.1841697 0.0576708 0.0704724 0.0593299 0.0579382 0.0565113 0.0512126 0.0992634 0.0514843 0.0792152 0.0925966 0.1092830 0.0971993 0.0551424 0.0962406 0.0608367 0.0830874 0.0605221 0.0549141 0.0585545 0.0875606 0.0580381 0.0551639 0.0831582 0.0838234 0.0600752 0.0191153 0.0684813 0.0497940 0.0619190 0.0687540 0.0506063 0.0576233 
S0281         0.4974004 0.4621690 0.5261300 0.0982474 0.1926156 0.1308165 0.2808479 0.0895246 0.0634878 0.0000000 0.0632496 0.0718318 0.0910137 0.0689000 0.1057344 0.0792821 0.1082668 0.1423585 0.0744339 0.1039048 0.0852853 0.0965022 0.0639746 0.0967428 0.0689738 0.0612580 0.0801314 0.0944106 0.0785651 0.0583428 0.0910782 0.0727264 0.1184782 0.0682808 0.0905328 0.1115876 0.1226744 0.1306495 0.0582589 0.0684444 0.0636308 0.0750006 0.0672540 0.0641602 0.0597641 0.0589102 0.1157719 0.1886266 0.0791177 0.1046958 0.0557524 0.0527175 0.0611441 0.0529037 0.0576596 0.0823401 0.0483401 0.0760617 0.1021096 0.0590323 0.0525803 0.0691822 0.0941569 0.0778915 0.0772364 0.0747102 0.1499737 0.0532971 0.1962229 0.0893177 0.0935256 0.1580989 0.0741628 0.0804215 0.1960331 0.0659981 0.2322203 0.0798572 0.0926761 0.1052602 0.1120454 0.0890762 0.1761256 0.0533702 0.0849226 0.0676583 0.0743777 0.0672715 0.0585955 0.1161341 0.0594253 0.0765372 0.1247428 0.1344281 0.1155473 0.0557577 0.1162832 0.0742575 0.0859795 0.0561990 0.0607647 0.0726134 0.0810144 0.0772295 0.0660844 0.0918995 0.0893789 0.0715173 0.0631487 0.0772169 0.0584087 0.0724948 0.0695246 0.0647932 0.0714227 
S0282         0.4305393 0.4294367 0.4833372 0.0863600 0.1693943 0.0966654 0.2836990 0.0426801 0.0625556 0.0632496 0.0000000 0.0594389 0.0845792 0.0166285 0.0556145 0.0678788 0.1005355 0.1280752 0.0675371 0.0903431 0.0737642 0.0848369 0.0726632 0.0730239 0.0166528 0.0103023 0.0717337 0.0650810 0.0701608 0.0550589 0.0766033 0.0667816 0.1046899 0.0525048 0.0748437 0.0635417 0.1055930 0.1049362 0.0587892 0.0300160 0.0088187 0.0759668 0.0515343 0.0619139 0.0081632 0.0636724 0.1077302 0.1772709 0.0484566 0.0971071 0.0102677 0.0519489 0.0102881 0.0521299 0.0520023 0.0719829 0.0554628 0.0608729 0.0841998 0.0510297 0.0421033 0.0585915 0.0860494 0.0707732 0.0598996 0.0626736 0.0940600 0.0607900 0.1845846 0.0742094 0.0832621 0.1187937 0.0551092 0.0705887 0.1844022 0.0600722 0.2068869 0.0624289 0.0812333 0.1003657 0.0675977 0.0721594 0.1742525 0.0123118 0.0466965 0.0419605 0.0610186 0.0540043 0.0458084 0.0999333 0.0467557 0.0669024 0.1106337 0.1128740 0.1049393 0.0060985 0.1057831 0.0683981 0.0796366 0.0188231 0.0123898 0.0328546 0.0839815 0.0397635 0.0551373 0.0797028 0.0772730 0.0279991 0.0648073 0.0664566 0.0609707 0.0647274 0.0167731 0.0778853 0.0302388 
S0289         0.5039672 0.4455958 0.5375055 0.1013149 0.2265392 0.1223653 0.3221809 0.0744292 0.0607581 0.0718318 0.0594389 0.0000000 0.0845547 0.0703103 0.1151646 0.0382457 0.1001906 0.1331875 0.0544368 0.0887745 0.0550496 0.0999765 0.0846863 0.0817211 0.0651938 0.0597454 0.0425730 0.0990859 0.0461993 0.0611353 0.0902893 0.0466650 0.1038867 0.0496642 0.0903904 0.0959259 0.0970509 0.1009565 0.0482523 0.0618458 0.0650304 0.0565540 0.0491256 0.0762521 0.0566421 0.0728373 0.1075236 0.1651495 0.0807425 0.0935872 0.0622535 0.0578609 0.0623880 0.0600247 0.0530077 0.0679088 0.0642271 0.0588309 0.0886589 0.0648828 0.0569278 0.0405469 0.0976492 0.0801168 0.0714085 0.0768244 0.1414067 0.0750080 0.1657729 0.0877319 0.0885767 0.1100186 0.0620252 0.0650306 0.1721577 0.0663099 0.1854739 0.0740549 0.0944687 0.0997349 0.0851840 0.0682014 0.1552689 0.0645889 0.0730097 0.0585849 0.0408904 0.0649780 0.0622307 0.0997298 0.0442252 0.0451658 0.1078346 0.1060866 0.0977727 0.0568819 0.1130660 0.0754033 0.0821985 0.0675996 0.0592571 0.0552033 0.0884839 0.0623893 0.0561373 0.0910643 0.0755336 0.0597654 0.0711703 0.0430790 0.0752385 0.0792449 0.0709590 0.0814773 0.0647942 
S0292         0.4752669 0.4527187 0.5325502 0.0981132 0.2135367 0.1421456 0.3224090 0.0955239 0.0853061 0.0910137 0.0845792 0.0845547 0.0000000 0.0906955 0.1285394 0.0987869 0.1245259 0.1459670 0.0873714 0.1320552 0.0923236 0.0902713 0.0892575 0.1058556 0.0907767 0.0826476 0.0862828 0.0970827 0.0914654 0.0773187 0.0937467 0.0740066 0.1195555 0.0771288 0.1003990 0.1242939 0.1102773 0.1446310 0.0833577 0.0742931 0.0868450 0.0992304 0.0875838 0.0819990 0.0604465 0.0920429 0.1325442 0.2140681 0.0901315 0.1207214 0.0823069 0.0736346 0.0824835 0.0739038 0.0788768 0.1038831 0.0827175 0.1055029 0.1080527 0.0726920 0.0662263 0.0807244 0.1084692 0.1027345 0.0988322 0.1020837 0.1682306 0.1065851 0.2180550 0.1003719 0.1112581 0.1258853 0.0779459 0.0941108 0.2184562 0.0854132 0.1788796 0.0903659 0.1019623 0.1231979 0.0992408 0.0495654 0.1865512 0.0794117 0.0877615 0.0600061 0.0871036 0.0733735 0.0669884 0.1344775 0.0795524 0.0986179 0.1250844 0.1458153 0.1325645 0.0766938 0.1159705 0.0835041 0.0167262 0.0825631 0.0819711 0.0731752 0.0576037 0.0685317 0.0769520 0.0375235 0.0373716 0.0827372 0.0876532 0.0859842 0.1125951 0.0822239 0.0889368 0.1112414 0.0748635 
S0293         0.4615208 0.4398131 0.4952791 0.0926188 0.1693943 0.1089582 0.2776600 0.0526698 0.0625191 0.0689000 0.0166285 0.0703103 0.0906955 0.0000000 0.0611090 0.0745112 0.0999677 0.1339951 0.0787192 0.1051284 0.0744722 0.0909731 0.0731043 0.0729798 0.0211010 0.0146213 0.0723875 0.0684619 0.0734199 0.0604916 0.0825548 0.0707252 0.1100609 0.0581249 0.0915560 0.0740097 0.1053027 0.1047031 0.0644027 0.0302682 0.0111584 0.0793267 0.0515047 0.0676361 0.0123412 0.0693681 0.1170388 0.1704574 0.0535953 0.1035801 0.0145709 0.0572594 0.0146000 0.0574616 0.0573185 0.0752347 0.0609393 0.0643403 0.0956493 0.0563558 0.0471004 0.0641836 0.0913787 0.0817827 0.0755458 0.0733608 0.1120600 0.0607544 0.1821017 0.0748649 0.0832092 0.1238809 0.0586526 0.0817602 0.1819192 0.0656096 0.2130406 0.0781857 0.0872400 0.1067714 0.0784147 0.0833957 0.1800104 0.0166397 0.0541781 0.0517753 0.0639609 0.0595426 0.0511066 0.1066208 0.0521745 0.0779575 0.1161683 0.1258893 0.1105634 0.0103025 0.1124315 0.0690136 0.0856768 0.0233217 0.0167454 0.0330766 0.0902128 0.0495460 0.0551059 0.0857505 0.0832843 0.0349775 0.0704197 0.0692480 0.0658396 0.0675351 0.0256458 0.0778364 0.0396294 
S0294         0.4670664 0.4262837 0.4978479 0.1394539 0.2168564 0.1625794 0.3546106 0.0927373 0.1080482 0.1057344 0.0556145 0.1151646 0.1285394 0.0611090 0.0000000 0.1231474 0.1718934 0.2108988 0.1009493 0.1528917 0.1339903 0.1351461 0.1122172 0.1134580 0.0608742 0.0585689 0.1292131 0.1192352 0.1171672 0.1023375 0.1119041 0.1064258 0.1710141 0.1054125 0.1233928 0.1047404 0.1701998 0.1786358 0.1037878 0.0750870 0.0607180 0.1186602 0.1018788 0.1111641 0.0348808 0.1168997 0.1814370 0.2219466 0.0899293 0.1609044 0.0583380 0.0981714 0.0584615 0.0985480 0.0982756 0.1213154 0.1067046 0.1217279 0.1408825 0.1006525 0.0954016 0.1134129 0.1521861 0.1248477 0.1082940 0.1181376 0.1209308 0.1043820 0.2302242 0.1173328 0.1441750 0.1681189 0.0921142 0.1157678 0.2300183 0.1082087 0.2594311 0.1176186 0.1368760 0.1667772 0.1217827 0.1058977 0.2320715 0.0606199 0.1010642 0.0894128 0.1201026 0.1008724 0.0942680 0.1659149 0.0900537 0.1099924 0.1862329 0.1820729 0.1670826 0.0531292 0.1590181 0.1190283 0.1259714 0.0689326 0.0610188 0.0738220 0.1486728 0.0950705 0.1117726 0.1295661 0.1294220 0.0783004 0.1135405 0.1268351 0.1105214 0.1087168 0.0718987 0.1232016 0.0834931 
S0299         0.4731451 0.4111064 0.4690265 0.0911793 0.1793017 0.1134407 0.3285381 0.0883906 0.0762112 0.0792821 0.0678788 0.0382457 0.0987869 0.0745112 0.1231474 0.0000000 0.1297395 0.1554778 0.0498147 0.1208996 0.0550466 0.0997609 0.0863100 0.0774239 0.0741735 0.0681812 0.0544296 0.1080689 0.0621164 0.0735157 0.0729796 0.0593255 0.1275750 0.0606543 0.0941036 0.1055570 0.1153906 0.1246943 0.0523546 0.0706307 0.0684036 0.0683292 0.0623573 0.0796618 0.0541956 0.0805267 0.1345464 0.1659722 0.0894364 0.1182727 0.0711571 0.0695272 0.0713315 0.0719931 0.0696094 0.0717681 0.0705468 0.0784306 0.1022821 0.0714115 0.0681043 0.0523248 0.1165957 0.0815562 0.0694588 0.0820681 0.1592487 0.0825378 0.1817788 0.0811569 0.1123480 0.1226264 0.0719380 0.0716366 0.1776611 0.0796011 0.1816471 0.0755460 0.0948617 0.1248971 0.1043132 0.0842196 0.1594719 0.0736549 0.0777746 0.0698540 0.0556403 0.0810551 0.0708046 0.1138350 0.0536071 0.0606271 0.1171495 0.1420721 0.1307402 0.0649320 0.1161770 0.0760424 0.0929993 0.0739880 0.0677009 0.0656969 0.0803643 0.0774924 0.0646658 0.1100308 0.0929769 0.0682983 0.0822160 0.0516402 0.0888720 0.0830365 0.0813416 0.0803095 0.0740846 
S0303         0.5042963 0.4735555 0.5407643 0.1410107 0.1729559 0.1622521 0.3303438 0.1051116 0.0905760 0.1082668 0.1005355 0.1001906 0.1245259 0.0999677 0.1718934 0.1297395 0.0000000 0.1028983 0.1282466 0.0198280 0.1082477 0.1404168 0.1052850 0.1062324 0.1071963 0.1042216 0.1100933 0.1219912 0.0961958 0.1005732 0.1233184 0.1053271 0.0237612 0.0916237 0.1250362 0.1301716 0.0895325 0.0137463 0.1012383 0.0903585 0.1104488 0.1233755 0.1048730 0.0873800 0.0856983 0.0896598 0.0150426 0.2266098 0.1120788 0.0149205 0.1037699 0.0963844 0.1039982 0.0936051 0.0964855 0.1082544 0.0831291 0.1097749 0.0646085 0.0874263 0.0925526 0.1166194 0.0339582 0.1092578 0.1092308 0.1054991 0.1829899 0.1009159 0.2279067 0.1351516 0.0532533 0.0938030 0.0888987 0.1164744 0.2397811 0.1062393 0.3244267 0.1184610 0.1424305 0.0571054 0.0931632 0.1223936 0.2364700 0.1006398 0.1087692 0.1024978 0.0956439 0.0876474 0.0820207 0.0219714 0.0991252 0.1053525 0.0919294 0.0317591 0.0150782 0.0977152 0.0845747 0.1110921 0.1219757 0.1001860 0.0977913 0.0901935 0.1258510 0.0991064 0.1009925 0.1146884 0.1227009 0.1010765 0.1114928 0.1040307 0.0956721 0.0927137 0.1024093 0.1052016 0.1095175 
S0308         0.5368676 0.4378351 0.4929464 0.1537550 0.2547003 0.1802769 0.3292726 0.1359759 0.1230811 0.1423585 0.1280752 0.1331875 0.1459670 0.1339951 0.2108988 0.1554778 0.1028983 0.0000000 0.1530986 0.0978695 0.1371870 0.1676271 0.1142969 0.1468792 0.1416151 0.1322659 0.1454432 0.1399355 0.1176248 0.1212690 0.1673863 0.1388250 0.1131149 0.1192623 0.1470441 0.1676628 0.1279510 0.1148407 0.1303313 0.1166233 0.1249500 0.1556942 0.1200074 0.1189791 0.1144415 0.1075412 0.1143426 0.2511975 0.1373689 0.1060961 0.1316575 0.1165810 0.1319554 0.1167062 0.1225167 0.1382902 0.1005513 0.1281374 0.1042484 0.1133070 0.1158459 0.1362003 0.0827034 0.1403923 0.1472109 0.1360778 0.2201683 0.1067219 0.2562901 0.1549439 0.0852098 0.1391008 0.1300413 0.1343669 0.2651838 0.1332812 0.3009093 0.1435206 0.1514219 0.1028101 0.1516389 0.1608016 0.2406115 0.1342458 0.1289007 0.1234456 0.1098974 0.1168254 0.1075112 0.1153127 0.1181242 0.1214958 0.1272647 0.1341553 0.1194366 0.1250220 0.0907699 0.1256974 0.1433423 0.1381997 0.1311125 0.1196921 0.1512371 0.1294811 0.1269992 0.1493542 0.1443545 0.1145486 0.1328168 0.1418619 0.1070610 0.1187922 0.1335068 0.1146621 0.1311311 
S0320         0.4174919 0.4105154 0.5151270 0.1144104 0.1418531 0.1441229 0.2737506 0.0950197 0.0837665 0.0744339 0.0675371 0.0544368 0.0873714 0.0787192 0.1009493 0.0498147 0.1282466 0.1530986 0.0000000 0.1171834 0.0782467 0.1029019 0.0424197 0.0937991 0.0731183 0.0707358 0.0534870 0.1094951 0.0574003 0.0756204 0.0931759 0.0569226 0.1330732 0.0668155 0.1065823 0.1116369 0.1297727 0.1240875 0.0518094 0.0730327 0.0709351 0.0687590 0.0685513 0.0943976 0.0513874 0.0765540 0.1360504 0.1769440 0.0859115 0.1243764 0.0704444 0.0720122 0.0705977 0.0687218 0.0720883 0.0913865 0.0729555 0.0735496 0.0984946 0.0825559 0.0623801 0.0594390 0.1205280 0.1015520 0.0833773 0.0978825 0.1340284 0.0837811 0.1913631 0.0937684 0.1164637 0.1080453 0.0872635 0.0857367 0.1876151 0.0810773 0.2036771 0.0919944 0.0995114 0.1243984 0.1080793 0.0739306 0.1741800 0.0728097 0.0847036 0.0644105 0.0571145 0.0891124 0.0794405 0.1318319 0.0577491 0.0569152 0.1386641 0.1392353 0.1297694 0.0649195 0.1122292 0.0871462 0.0822662 0.0759340 0.0701502 0.0716442 0.0824739 0.0795483 0.0726159 0.0941492 0.0854361 0.0709553 0.0861391 0.0484721 0.0894547 0.0976134 0.0794456 0.0881611 0.0761419 
S0322         0.5075309 0.4500462 0.4972743 0.1511699 0.1441544 0.1417471 0.3484974 0.1006689 0.0930945 0.1039048 0.0903431 0.0887745 0.1320552 0.1051284 0.1528917 0.1208996 0.0198280 0.0978695 0.1171834 0.0000000 0.1076166 0.1337924 0.1115112 0.0977811 0.0983809 0.0868642 0.1151411 0.1106726 0.0969229 0.1028830 0.1239165 0.0920388 0.0381189 0.0923770 0.1254191 0.1272388 0.0877294 0.0117932 0.0986413 0.0932549 0.1011879 0.1366108 0.1072907 0.0934720 0.0832275 0.0760013 0.0168807 0.2163170 0.1009089 0.0168351 0.0940701 0.1008859 0.0945768 0.0972071 0.0938464 0.1051081 0.0825408 0.1019662 0.0703489 0.0965026 0.0953825 0.1157185 0.0384081 0.1106404 0.1069543 0.1104494 0.1658563 0.1071262 0.2075076 0.1432917 0.0602877 0.0857450 0.0814659 0.1200975 0.2263312 0.1021219 0.0000010 0.1181843 0.1390643 0.0570421 0.0807755 0.1074533 0.1998903 0.0862282 0.1052073 0.0932837 0.0842494 0.0973878 0.0927839 0.0264853 0.0956771 0.0964486 0.0861824 0.0396265 0.0203853 0.0902184 0.0825051 0.1149282 0.1287082 0.0895151 0.0827140 0.0915962 0.1398605 0.0876145 0.1058799 0.1190433 0.1216569 0.0949536 0.1163954 0.1148576 0.1001434 0.1046476 0.0921684 0.1122924 0.0933254 
S0327         0.4923709 0.4344209 0.5268961 0.0927970 0.1690730 0.1359344 0.3136176 0.0873538 0.0651481 0.0852853 0.0737642 0.0550496 0.0923236 0.0744722 0.1339903 0.0550466 0.1082477 0.1371870 0.0782467 0.1076166 0.0000000 0.1017845 0.0634412 0.0854290 0.0745337 0.0717373 0.0546685 0.0853976 0.0521060 0.0653223 0.1012037 0.0536632 0.1121314 0.0503390 0.1019413 0.1076184 0.1142898 0.1064814 0.0497297 0.0683140 0.0640314 0.0684146 0.0548278 0.0690175 0.0576148 0.0718264 0.1159389 0.1856061 0.0847322 0.1045906 0.0714378 0.0593724 0.0715953 0.0650323 0.0594358 0.0831457 0.0629407 0.0574526 0.0903829 0.0663723 0.0632621 0.0549612 0.0939715 0.0910312 0.0843267 0.0847419 0.1598013 0.0735320 0.1853431 0.0892709 0.0965249 0.1062159 0.0817916 0.0945511 0.1931351 0.0708004 0.2146124 0.0871214 0.1023806 0.1051869 0.0976068 0.0806242 0.1739550 0.0738349 0.0844304 0.0674885 0.0436454 0.0728434 0.0636544 0.1063081 0.0470890 0.0684525 0.1159043 0.1246606 0.1154806 0.0658289 0.1092263 0.0771006 0.0870849 0.0770109 0.0711355 0.0639581 0.0874923 0.0748126 0.0619719 0.0989534 0.0922964 0.0707185 0.0730668 0.0544362 0.0737602 0.0745389 0.0779786 0.0715034 0.0687701 
S0335         0.4467952 0.4413819 0.4659732 0.0612230 0.1138491 0.1575211 0.3400796 0.0950831 0.0853079 0.0965022 0.0848369 0.0999765 0.0902713 0.0909731 0.1351461 0.0997609 0.1404168 0.1676271 0.1029019 0.1337924 0.1017845 0.0000000 0.0403432 0.0914759 0.0852681 0.0829015 0.1007441 0.0900421 0.1002084 0.0798121 0.0773963 0.0633442 0.1385464 0.0772120 0.1043858 0.1231246 0.1204289 0.1520421 0.0835252 0.0854366 0.0867517 0.1182882 0.0878573 0.0941937 0.0501087 0.0809165 0.1458314 0.1994623 0.1012135 0.1364087 0.0825588 0.0761725 0.0827364 0.0820588 0.0762519 0.0885773 0.0772788 0.0968128 0.1295193 0.0872333 0.0658260 0.0863794 0.1147489 0.0970854 0.0903757 0.0935333 0.1574581 0.0916372 0.1991874 0.0815738 0.1268024 0.1489468 0.0847861 0.0966501 0.2000358 0.0799631 0.1718379 0.0985490 0.0787437 0.1298189 0.1128077 0.0955494 0.1598400 0.0849191 0.0884693 0.0658050 0.0901323 0.0906396 0.0812027 0.1331821 0.0856732 0.1024667 0.1477570 0.1561149 0.1423680 0.0769283 0.1450953 0.0528497 0.0795905 0.0881400 0.0766057 0.0844920 0.0963572 0.0773629 0.0857937 0.0909358 0.0954377 0.0834081 0.0849545 0.1005022 0.0973997 0.0969045 0.0863896 0.1015087 0.0803531 
S0345         0.2585098 0.4509443 0.4358210 0.0408203 0.1490131 0.2323094 0.2572803 0.0734424 0.0640114 0.0639746 0.0726632 0.0846863 0.0892575 0.0731043 0.1122172 0.0863100 0.1052850 0.1142969 0.0424197 0.1115112 0.0634412 0.0403432 0.0000000 0.0904245 0.0726632 0.0822170 0.0811406 0.0712084 0.0647895 0.0565185 0.1111839 0.0411862 0.1154948 0.0746519 0.1284994 0.1179684 0.1412051 0.0972013 0.0734569 0.0714545 0.0726632 0.0921327 0.0556700 0.0912312 0.0687994 0.0403432 0.1198247 0.1094539 0.0956142 0.1181409 0.0726632 0.0482383 0.0726632 0.0482383 0.0482383 0.1067963 0.0403432 0.0643065 0.1078579 0.0900275 0.0643019 0.0567942 0.1290348 0.1145577 0.0965330 0.1138296 0.2529009 0.0634225 0.1291505 0.0798339 0.1171313 0.1348695 0.0908018 0.1084110 0.1294537 0.0565185 0.0000010 0.1236675 0.0562540 0.1167446 0.0783070 0.0480767 0.0854891 0.0731040 0.0789146 0.0554314 0.0565185 0.0912312 0.0822370 0.1104934 0.0653939 0.0824761 0.1347813 0.1327192 0.1386089 0.0726632 0.1490872 0.0264596 0.0805612 0.0916834 0.0801494 0.0733476 0.0910086 0.0487309 0.0475345 0.0898811 0.1024351 0.0640889 0.0483910 0.0790431 0.0634225 0.0997871 0.0749605 0.0645928 0.0726632 
S0376         0.4878182 0.4115643 0.4608122 0.1011432 0.1890141 0.1253196 0.3003421 0.0745158 0.0725760 0.0967428 0.0730239 0.0817211 0.1058556 0.0729798 0.1134580 0.0774239 0.1062324 0.1468792 0.0937991 0.0977811 0.0854290 0.0914759 0.0904245 0.0000000 0.0733914 0.0710743 0.0887337 0.0806085 0.0818933 0.0705772 0.0352877 0.0878197 0.1042821 0.0660158 0.1131256 0.1106353 0.0858989 0.1124014 0.0690823 0.0624714 0.0742456 0.1075256 0.0696528 0.0899875 0.0501092 0.0829787 0.1205720 0.1635715 0.0835400 0.1093950 0.0707892 0.0671626 0.0658674 0.0727834 0.0672317 0.0841971 0.0741392 0.0815317 0.0877217 0.0840445 0.0661608 0.0752632 0.0870024 0.1052668 0.0925189 0.1016049 0.1241504 0.0872504 0.1777445 0.0723249 0.0864764 0.1201165 0.0808649 0.0968761 0.1814297 0.0758163 0.1857411 0.0957579 0.0943649 0.0986800 0.0883569 0.0923866 0.1641945 0.0730910 0.0709128 0.0701191 0.0778066 0.0875790 0.0780967 0.1099430 0.0644878 0.1010337 0.1126122 0.1267207 0.1071919 0.0654101 0.1217769 0.0885437 0.1006841 0.0761322 0.0601706 0.0664836 0.1016804 0.0657689 0.0635071 0.1131295 0.1004065 0.0555068 0.0755562 0.0800739 0.0928573 0.0840005 0.0795496 0.0859966 0.0626349 
S0400         0.4638454 0.4421797 0.4759410 0.0896638 0.1693943 0.1033289 0.2849468 0.0478960 0.0682140 0.0689738 0.0166528 0.0651938 0.0907767 0.0211010 0.0608742 0.0741735 0.1071963 0.1416151 0.0731183 0.0983809 0.0745337 0.0852681 0.0726632 0.0733914 0.0000000 0.0146430 0.0724638 0.0654340 0.0761682 0.0605603 0.0769926 0.0672191 0.1173008 0.0501171 0.0916381 0.0771650 0.1123130 0.1134308 0.0644749 0.0348250 0.0134439 0.0875446 0.0570943 0.0677106 0.0081942 0.0639972 0.1146179 0.1925773 0.0536566 0.1036640 0.0145925 0.0573253 0.0146217 0.0575279 0.0525198 0.0779646 0.0557439 0.0611157 0.0957308 0.0565313 0.0472457 0.0642556 0.0978631 0.0818612 0.0701857 0.0734360 0.1058476 0.0664748 0.1933114 0.0745769 0.0841148 0.1147092 0.0620609 0.0794344 0.1999576 0.0656812 0.2097972 0.0727851 0.0846322 0.1013671 0.0733575 0.0725308 0.1879160 0.0166640 0.0567350 0.0518369 0.0667284 0.0596123 0.0511696 0.1095344 0.0496089 0.0780361 0.1231336 0.1199876 0.1086128 0.0103181 0.1125156 0.0742343 0.0857573 0.0233547 0.0167696 0.0331815 0.0844164 0.0423963 0.0606460 0.0858310 0.0833644 0.0373709 0.0704933 0.0671336 0.0666759 0.0706013 0.0256817 0.0840330 0.0396806 
S0405         0.4481864 0.4162666 0.4764528 0.0844016 0.1693943 0.0877512 0.2919459 0.0404539 0.0553521 0.0612580 0.0103023 0.0597454 0.0826476 0.0146213 0.0585689 0.0681812 0.1042216 0.1322659 0.0707358 0.0868642 0.0717373 0.0829015 0.0822170 0.0710743 0.0146430 0.0000000 0.0697490 0.0629622 0.0681448 0.0530608 0.0746452 0.0606141 0.1084761 0.0504113 0.0834327 0.0717499 0.1037099 0.1095434 0.0567646 0.0280153 0.0066482 0.0793005 0.0494767 0.0598831 0.0125008 0.0616692 0.1115646 0.1786557 0.0464995 0.0947122 0.0082539 0.0499637 0.0082704 0.0501387 0.0500155 0.0699947 0.0534526 0.0581194 0.0875624 0.0489880 0.0401011 0.0565727 0.0895036 0.0739395 0.0678914 0.0657060 0.0972082 0.0587866 0.1860357 0.0722953 0.0812952 0.1154954 0.0522067 0.0738491 0.1860251 0.0580881 0.1924914 0.0704859 0.0763627 0.0984995 0.0706926 0.0753985 0.1801789 0.0103093 0.0494458 0.0446408 0.0590098 0.0519561 0.0437627 0.1036798 0.0446741 0.0700619 0.1021784 0.1135935 0.1055945 0.0040850 0.1038985 0.0664214 0.0776801 0.0168145 0.0061613 0.0308261 0.0820076 0.0399835 0.0531374 0.0721443 0.0753019 0.0304728 0.0628452 0.0644570 0.0640168 0.0626997 0.0190683 0.0759021 0.0327427 
S0407sl       0.4737433 0.4248717 0.5141070 0.1055811 0.2141060 0.1310631 0.3222536 0.0870441 0.0684056 0.0801314 0.0717337 0.0425730 0.0862828 0.0723875 0.1292131 0.0544296 0.1100933 0.1454432 0.0534870 0.1151411 0.0546685 0.1007441 0.0811406 0.0887337 0.0724638 0.0697490 0.0000000 0.1013305 0.0455509 0.0656848 0.0974588 0.0548468 0.1138850 0.0514634 0.1135741 0.1158375 0.1187696 0.1178829 0.0461111 0.0711469 0.0701045 0.0650243 0.0560623 0.0815383 0.0598373 0.0720027 0.1175973 0.1764353 0.0934985 0.1065237 0.0694653 0.0599001 0.0696147 0.0620504 0.0599621 0.0890777 0.0609570 0.0614640 0.0877918 0.0700070 0.0666104 0.0355803 0.1024205 0.0990833 0.0956215 0.0955221 0.1564487 0.0715114 0.1837147 0.0840439 0.0848618 0.1176321 0.0816877 0.0867689 0.1867633 0.0734566 0.2158000 0.0984202 0.1092063 0.0930040 0.1064750 0.0832964 0.1724243 0.0718004 0.0877965 0.0598415 0.0405806 0.0701081 0.0702557 0.1156663 0.0512398 0.0624739 0.1258959 0.1261023 0.1171475 0.0640220 0.1103820 0.0774662 0.0839453 0.0748742 0.0691788 0.0614599 0.0811237 0.0779846 0.0530003 0.0987689 0.0782780 0.0773288 0.0732036 0.0192571 0.0717283 0.0845787 0.0720550 0.0725867 0.0772272 
S0412sl       0.4937778 0.4382763 0.5655008 0.0859053 0.1485253 0.1273989 0.2910837 0.0783159 0.0748141 0.0944106 0.0650810 0.0990859 0.0970827 0.0684619 0.1192352 0.1080689 0.1219912 0.1399355 0.1094951 0.1106726 0.0853976 0.0900421 0.0712084 0.0806085 0.0654340 0.0629622 0.1013305 0.0000000 0.0918379 0.0627028 0.0909551 0.0820185 0.1270178 0.0666948 0.1174604 0.1001810 0.1202491 0.1171409 0.0825130 0.0598628 0.0540335 0.1093311 0.0768545 0.0714709 0.0653333 0.0700958 0.1305376 0.1924629 0.0649302 0.1179426 0.0626949 0.0627390 0.0574897 0.0629816 0.0655255 0.1015670 0.0669072 0.0675306 0.0994014 0.0646816 0.0595542 0.0787054 0.0959900 0.1096676 0.1020635 0.1026916 0.1265636 0.0882956 0.1921746 0.0818537 0.0928783 0.1313792 0.0966280 0.1001586 0.1930539 0.0692783 0.1664356 0.0986815 0.1027574 0.0996318 0.0841373 0.0980168 0.1858363 0.0597979 0.0800160 0.0623701 0.0871984 0.0680167 0.0586972 0.1256687 0.0682589 0.1084295 0.1461806 0.1342876 0.1174667 0.0570611 0.1205000 0.0819818 0.0915670 0.0628969 0.0624694 0.0608256 0.0994581 0.0492181 0.0691070 0.0978910 0.0980932 0.0630344 0.0689571 0.0968776 0.0944820 0.0746597 0.0663444 0.0920663 0.0712013 
S0417         0.4763179 0.4705591 0.5542438 0.0944921 0.1658529 0.1319020 0.3353456 0.0733393 0.0697384 0.0785651 0.0701608 0.0461993 0.0914654 0.0734199 0.1171672 0.0621164 0.0961958 0.1176248 0.0574003 0.0969229 0.0521060 0.1002084 0.0647895 0.0818933 0.0761682 0.0681448 0.0455509 0.0918379 0.0000000 0.0585428 0.0973636 0.0599077 0.0941853 0.0392470 0.1057425 0.1115385 0.1070373 0.1022205 0.0467132 0.0536282 0.0711643 0.0678997 0.0516386 0.0763617 0.0511111 0.0613809 0.1033610 0.1621845 0.0809102 0.0927801 0.0678650 0.0585745 0.0680123 0.0607630 0.0611624 0.0751954 0.0535712 0.0581570 0.0835019 0.0649662 0.0487129 0.0461656 0.0799275 0.0888654 0.0888553 0.0854255 0.1556665 0.0753876 0.1757445 0.0789410 0.0793678 0.1145057 0.0720147 0.0785333 0.1722147 0.0697479 0.2124387 0.0916504 0.1017849 0.0904709 0.0955462 0.0854926 0.1712188 0.0702265 0.0688130 0.0614762 0.0216577 0.0712745 0.0628038 0.0957421 0.0494776 0.0562575 0.1062833 0.1053256 0.0936805 0.0623761 0.0900527 0.0673418 0.0862726 0.0733218 0.0675809 0.0575053 0.0858951 0.0707778 0.0640733 0.0985329 0.0859126 0.0617522 0.0687133 0.0381615 0.0809254 0.0793621 0.0739373 0.0708611 0.0649172 
S0419         0.4816694 0.4295151 0.4991806 0.0755478 0.1690730 0.1075051 0.2992779 0.0692163 0.0126564 0.0583428 0.0550589 0.0611353 0.0773187 0.0604916 0.1023375 0.0735157 0.1005732 0.1212690 0.0756204 0.1028830 0.0653223 0.0798121 0.0565185 0.0705772 0.0605603 0.0530608 0.0656848 0.0627028 0.0585428 0.0000000 0.0741174 0.0564437 0.1042012 0.0445568 0.0910232 0.0866419 0.0917884 0.1112752 0.0483121 0.0498326 0.0547463 0.0671910 0.0488461 0.0597206 0.0509317 0.0429828 0.1077698 0.1757417 0.0647702 0.0971439 0.0528553 0.0041130 0.0529652 0.0083373 0.0061947 0.0800948 0.0357097 0.0508580 0.0783119 0.0543111 0.0399567 0.0497736 0.0781850 0.0791406 0.0780802 0.0810577 0.1300966 0.0452089 0.1754940 0.0668968 0.0699101 0.1104081 0.0644550 0.0848614 0.1829073 0.0126580 0.1758401 0.0807319 0.0762803 0.0836515 0.0853880 0.0779899 0.1717712 0.0502484 0.0628026 0.0519673 0.0497745 0.0542416 0.0489613 0.1002125 0.0440132 0.0740043 0.1086656 0.1135538 0.1078526 0.0477740 0.0998532 0.0557291 0.0751027 0.0530112 0.0526387 0.0510135 0.0819371 0.0531375 0.0555540 0.0866109 0.0783729 0.0526217 0.0147520 0.0630553 0.0501399 0.0625279 0.0610376 0.0509630 0.0502101 
S0427         0.4977698 0.4261608 0.4644424 0.1062113 0.1991548 0.1393803 0.3198667 0.0831172 0.0820872 0.0910782 0.0766033 0.0902893 0.0937467 0.0825548 0.1119041 0.0729796 0.1233184 0.1673863 0.0931759 0.1239165 0.1012037 0.0773963 0.1111839 0.0352877 0.0769926 0.0746452 0.0974588 0.0909551 0.0973636 0.0741174 0.0000000 0.0883232 0.1155266 0.0726480 0.0972716 0.1105753 0.1080121 0.1392124 0.0716564 0.0661663 0.0781552 0.1046764 0.0851249 0.0872599 0.0677223 0.0835852 0.1312349 0.2010835 0.0926407 0.1195607 0.0743413 0.0706016 0.0745004 0.0763490 0.0706749 0.0887908 0.0746761 0.1020248 0.1142792 0.0813609 0.0752176 0.0836930 0.1020646 0.0969866 0.0793252 0.0934427 0.1251904 0.0915751 0.2044418 0.0866560 0.1089089 0.1423646 0.0713290 0.0885309 0.2120058 0.0794559 0.1942838 0.0989344 0.1040113 0.1145342 0.1094498 0.0917969 0.1940708 0.0766753 0.0800869 0.0739970 0.0928619 0.0848556 0.0754642 0.1203935 0.0735960 0.0982437 0.1428005 0.1315994 0.1185666 0.0688518 0.1383211 0.0924984 0.0886969 0.0797903 0.0635048 0.0730061 0.0921371 0.0771898 0.0837819 0.1006270 0.0938478 0.0641186 0.0791812 0.0859366 0.0973249 0.0791048 0.0833013 0.0958607 0.0714466 
S0428sl       0.3748121 0.3865375 0.4367196 0.0832578 0.1897319 0.1441011 0.2733568 0.0679805 0.0560603 0.0727264 0.0667816 0.0466650 0.0740066 0.0707252 0.1064258 0.0593255 0.1053271 0.1388250 0.0569226 0.0920388 0.0536632 0.0633442 0.0411862 0.0878197 0.0672191 0.0606141 0.0548468 0.0820185 0.0599077 0.0564437 0.0883232 0.0000000 0.1147069 0.0479399 0.1039789 0.0810215 0.1058529 0.1250856 0.0463075 0.0667347 0.0670474 0.0700116 0.0472035 0.0784586 0.0406844 0.0742491 0.1101326 0.1747569 0.0765920 0.0969268 0.0672018 0.0524122 0.0673858 0.0524122 0.0493686 0.0703523 0.0665846 0.0686130 0.0943289 0.0712291 0.0600193 0.0593164 0.1108264 0.0839582 0.0794193 0.0869121 0.1273412 0.0658925 0.1749170 0.0934431 0.0985677 0.1394553 0.0637530 0.0855816 0.1753675 0.0597163 0.1852014 0.0828349 0.0763060 0.1052252 0.0811908 0.0568156 0.1483341 0.0669495 0.0834353 0.0466990 0.0492821 0.0753829 0.0677896 0.1069633 0.0438291 0.0622147 0.1157826 0.1030252 0.1065722 0.0603123 0.1146841 0.0560378 0.0734989 0.0708112 0.0599878 0.0650245 0.0857321 0.0573157 0.0460230 0.0745252 0.0738863 0.0700397 0.0623121 0.0489036 0.0660559 0.0822975 0.0716441 0.0697773 0.0666517 
S0430         0.5164872 0.5001963 0.5741055 0.1323090 0.1923906 0.1745616 0.3397588 0.1183276 0.0940137 0.1184782 0.1046899 0.1038867 0.1195555 0.1100609 0.1710141 0.1275750 0.0237612 0.1131149 0.1330732 0.0381189 0.1121314 0.1385464 0.1154948 0.1042821 0.1173008 0.1084761 0.1138850 0.1270178 0.0941853 0.1042012 0.1155266 0.1147069 0.0000000 0.0839892 0.1205365 0.1450157 0.0842231 0.0223190 0.0992581 0.0892745 0.1151689 0.1214545 0.1028950 0.0883920 0.0820994 0.0931437 0.0287460 0.2454521 0.1164582 0.0261623 0.1079984 0.0999135 0.1082385 0.1031309 0.1055722 0.1062810 0.0864868 0.1137691 0.0678894 0.0882553 0.0963685 0.1146831 0.0390896 0.1016678 0.1016475 0.0979900 0.1858921 0.1045602 0.2544620 0.1333146 0.0638491 0.0990864 0.0862110 0.1111570 0.2551448 0.1099483 0.3423713 0.1107916 0.1373447 0.0676319 0.1058812 0.1264552 0.2510269 0.1104900 0.1100653 0.0950176 0.0934443 0.0886658 0.0829704 0.0217991 0.1034525 0.1091025 0.0898604 0.0273441 0.0152702 0.1018156 0.0912855 0.1091294 0.1110053 0.1099850 0.1018960 0.0969482 0.1239112 0.1121048 0.1021677 0.1069236 0.1308223 0.1052575 0.1152642 0.1106439 0.1046718 0.0882557 0.1066618 0.1089474 0.1138558 
S0478         0.4967328 0.4326512 0.5041834 0.0721461 0.1626411 0.1082014 0.3186933 0.0636304 0.0521321 0.0682808 0.0525048 0.0496642 0.0771288 0.0581249 0.1054125 0.0606543 0.0916237 0.1192623 0.0668155 0.0923770 0.0503390 0.0772120 0.0746519 0.0660158 0.0501171 0.0504113 0.0514634 0.0666948 0.0392470 0.0445568 0.0726480 0.0479399 0.0839892 0.0000000 0.0873614 0.0978026 0.0901007 0.0895287 0.0396489 0.0415865 0.0519547 0.0638191 0.0397187 0.0609101 0.0314617 0.0468347 0.0959503 0.1784875 0.0655460 0.0855129 0.0502077 0.0415347 0.0503176 0.0468094 0.0415790 0.0663313 0.0389853 0.0393703 0.0758700 0.0499440 0.0449940 0.0471292 0.0782170 0.0680881 0.0653179 0.0649149 0.1281412 0.0656168 0.1714083 0.0644898 0.0745902 0.1016460 0.0569820 0.0701931 0.1859159 0.0496169 0.2042428 0.0652167 0.0710285 0.0779601 0.0800524 0.0695967 0.1776534 0.0525516 0.0496106 0.0519089 0.0465413 0.0558950 0.0477477 0.0854161 0.0348444 0.0658153 0.1164400 0.0950516 0.0840285 0.0449489 0.0980405 0.0638163 0.0720448 0.0581844 0.0449851 0.0453070 0.0725026 0.0554375 0.0518761 0.0838098 0.0780038 0.0474914 0.0466659 0.0467395 0.0710830 0.0611334 0.0586734 0.0662891 0.0525188 
