118
CRNC          0.0000000 0.2047137 0.2788432 0.4558933 0.5689028 0.4849717 0.3619679 0.4373517 0.4738784 0.4644190 0.4777520 0.4492124 0.5269145 0.4915318 0.5246389 0.3973324 0.5175386 0.6127576 0.4894310 0.5480457 0.5925189 0.4863560 0.4578060 0.5322839 0.4578130 0.4986266 0.4950815 0.4945856 0.5221806 0.5190953 0.4307504 0.4492248 0.4809220 0.5170437 0.4945379 0.4773970 0.4767651 0.4906098 0.5009245 0.4582673 0.4677248 0.5077965 0.4797505 0.4970328 0.5624239 0.4396499 0.4825666 0.5186196 0.4945042 0.5057852 0.5264699 0.4464757 0.4697154 0.4310553 0.4682296 0.4368971 0.4309027 0.4994620 0.4332853 0.4773818 0.4849798 0.5820267 0.4707796 0.4332888 0.5017884 0.4568863 0.4502554 0.4828230 0.5109601 0.4553061 0.5102873 0.4676507 0.4680161 0.4364661 0.5066075 0.5008705 0.4938677 0.4308883 0.5210303 0.4356425 0.4749792 0.4838674 0.4871977 0.4729008 0.5261026 0.4623872 0.4371172 0.4630653 0.5147766 0.4893992 0.5068069 0.5108429 0.4995929 0.7277779 0.5793128 0.5273769 0.5056370 0.4593394 0.4976606 0.4799297 0.5208526 0.4581509 0.4579529 0.4571081 0.4871281 0.4334682 0.4802075 0.5140132 0.4984687 0.5150932 0.4228555 0.4309027 0.5017820 0.4693306 0.4522186 0.4662726 0.4762998 0.4381750 
HYZL          0.2047137 0.0000000 0.1251463 0.3266900 0.0000010 0.3286137 0.2370395 0.2744023 0.3395480 0.3357940 0.3286742 0.3266805 0.2815630 0.3398027 0.3794590 0.2613392 0.3160523 0.3705520 0.3007526 0.3339716 0.3235497 0.3261139 0.2861973 0.3523980 0.3271976 0.3530331 0.3056132 0.3210120 0.3307610 0.3014238 0.2743758 0.3215972 0.3248337 0.2733061 0.3253506 0.2914272 0.3075429 0.2706784 0.3137584 0.3339887 0.3055527 0.3049863 0.2870656 0.3041679 0.3742528 0.2766938 0.2659800 0.3169856 0.3489761 0.2663421 0.3563548 0.3096960 0.2988571 0.2948206 0.3236873 0.2910888 0.2831024 0.3294865 0.2611477 0.2907228 0.3254265 0.4015362 0.2827542 0.2870621 0.3517881 0.3374702 0.2863952 0.2956330 0.3627980 0.3241051 0.3176789 0.2554583 0.2823235 0.3371647 0.3427134 0.3321239 0.2892060 0.2831205 0.3115393 0.3030917 0.3017954 0.2837863 0.3208518 0.3029917 0.3110533 0.3055527 0.2968500 0.2864685 0.3334060 0.3312831 0.3247476 0.2570984 0.3274901 0.2963623 0.3930483 0.2323627 0.2213356 0.2955191 0.2987465 0.2933183 0.3365732 0.3074684 0.3054785 0.2947424 0.3028322 0.2751863 0.3390691 0.3209417 0.3273898 0.3266401 0.2892817 0.2831024 0.3640593 0.3083270 0.2967280 0.3178190 0.3434232 0.2772024 
MYZV          0.2788432 0.1251463 0.0000000 0.4144082 0.5350138 0.3866367 0.3112567 0.3625123 0.3931935 0.3924101 0.3821374 0.3883058 0.4006299 0.4028736 0.5095026 0.3245711 0.4384078 0.4833612 0.3872009 0.3935314 0.4827536 0.4017681 0.3932922 0.4481087 0.4087967 0.4027950 0.3907321 0.4102978 0.4504545 0.4102277 0.3471167 0.3815881 0.4078719 0.3913050 0.4330839 0.3880854 0.3887748 0.3615767 0.4200032 0.3807367 0.3817777 0.4120009 0.3831414 0.4278710 0.4274262 0.3460776 0.3742130 0.3908221 0.3845325 0.3815323 0.4288972 0.3758848 0.3785310 0.3543493 0.3861068 0.3582674 0.3529836 0.4295613 0.3275148 0.3859162 0.3802045 0.4888748 0.3952761 0.3635404 0.4201112 0.4187954 0.3890287 0.3926909 0.4095470 0.3838422 0.3997789 0.3911471 0.3882718 0.4462660 0.3955777 0.3903379 0.3816724 0.3589902 0.3974110 0.3736020 0.3863263 0.3614209 0.4083413 0.4058246 0.4278745 0.3770922 0.3600588 0.3667137 0.4246103 0.4442833 0.4347724 0.3910839 0.3967489 0.6158009 0.5234986 0.3353015 0.3337563 0.3952854 0.3725216 0.3785245 0.4237980 0.3731304 0.3670701 0.3854774 0.4041537 0.3638916 0.4049270 0.4209440 0.3994528 0.4288556 0.3811934 0.3529836 0.4095827 0.3582404 0.4240849 0.3745658 0.4024297 0.3698457 
SRR6441723    0.4558933 0.3266900 0.4144082 0.0000000 0.0836301 0.0965427 0.1794129 0.1004075 0.1225438 0.1241482 0.1045993 0.0825233 0.1719750 0.1060393 0.1342033 0.0700269 0.1539232 0.1979906 0.1289005 0.1739294 0.2080536 0.1202355 0.0385203 0.0683778 0.1066205 0.0976068 0.1070326 0.1246876 0.1375516 0.1105649 0.0729399 0.0794658 0.1088638 0.1291626 0.1195093 0.0959314 0.1154574 0.1491478 0.1333108 0.1058255 0.0864245 0.1438027 0.1183004 0.0918919 0.1186410 0.0763126 0.1189411 0.1241905 0.1043720 0.1225587 0.1235097 0.0897900 0.0899307 0.0793994 0.0937430 0.0792792 0.0761572 0.1282256 0.0750986 0.1218425 0.1419962 0.1359012 0.1051877 0.0563713 0.1083123 0.1243459 0.0979317 0.0910221 0.1127884 0.0999995 0.1326027 0.1025749 0.1290926 0.1361906 0.1180840 0.1216744 0.1331591 0.0826665 0.1190645 0.1176256 0.0533953 0.1300356 0.1016251 0.0814950 0.1129255 0.0825741 0.1033168 0.0625622 0.1266774 0.1037604 0.0923117 0.1290970 0.1414921 0.2943942 0.1775415 0.1109073 0.1215443 0.0794406 0.1354706 0.0446470 0.0950458 0.0860552 0.0829237 0.0900935 0.0946703 0.0868116 0.0888151 0.1193728 0.1035701 0.1678157 0.1116527 0.0761572 0.1022618 0.0937833 0.1002105 0.0830294 0.1060482 0.0734254 
ERR4210213    0.5689028 0.0000010 0.5350138 0.0836301 0.0000000 0.1014023 0.3074501 0.1291739 0.0949610 0.1437552 0.1518513 0.1297548 0.1776813 0.1623624 0.0000010 0.1228453 0.1435636 0.1674691 0.2258266 0.0000010 0.2221227 0.1444454 0.0332722 0.0726884 0.0771402 0.1478661 0.1932079 0.1261840 0.1499609 0.1613206 0.1332109 0.1149845 0.1599952 0.2214934 0.1450483 0.1192337 0.1014182 0.3023585 0.1444516 0.2145051 0.1478661 0.1438136 0.1818316 0.1441623 0.1478661 0.1696175 0.1879477 0.1895175 0.1150700 0.2256281 0.1314277 0.1672302 0.1023040 0.1332109 0.1657328 0.1332109 0.1332109 0.1525321 0.1719261 0.1842745 0.2067502 0.1628170 0.1450966 0.1152056 0.0616984 0.1390429 0.0484038 0.1023040 0.1177865 0.2025370 0.2138326 0.2040628 0.0000010 0.2496530 0.1507056 0.1507056 0.2079074 0.1332109 0.1833058 0.1882227 0.0847926 0.2405799 0.1170672 0.1462272 1.4900531 0.1478661 0.1323855 0.0856529 0.1291181 0.1804796 0.1276430 0.2214934 0.1988799 2.2112363 2.7968755 0.2214934 0.2214934 0.1128042 0.2029430 0.0726884 0.1135102 0.1478661 0.1478661 0.1142824 0.1467295 0.1323855 0.1594745 0.1086687 0.1515199 0.1276430 0.1495720 0.1332109 0.1261840 0.1836062 0.1276430 0.1478661 0.1836062 0.1323855 
ERR2789774    0.4849717 0.3286137 0.3866367 0.0965427 0.1014023 0.0000000 0.1577720 0.0688692 0.1094801 0.1224749 0.1075053 0.0658114 0.1643588 0.1205235 0.0915171 0.0465301 0.1458256 0.1745082 0.1408092 0.2013289 0.1926933 0.1053014 0.1010633 0.0954857 0.0668147 0.0791597 0.0756746 0.1253792 0.0852277 0.0932311 0.0759694 0.0600784 0.1087841 0.1298421 0.1088702 0.1181515 0.0664637 0.1540627 0.1295860 0.0995488 0.0558659 0.1318561 0.1005557 0.0998454 0.0845344 0.0890855 0.1232286 0.1138890 0.0727213 0.1310313 0.1236061 0.0816913 0.1006382 0.0892980 0.0661012 0.0823312 0.0792003 0.1352282 0.0815900 0.1109616 0.1510026 0.1494393 0.0958879 0.0695884 0.1207875 0.1293209 0.1022657 0.1062474 0.0820408 0.1134706 0.1068271 0.0868100 0.1390910 0.1205519 0.1190233 0.1188815 0.1257025 0.0857365 0.0942305 0.1262992 0.0789161 0.1233406 0.0731266 0.0949798 0.1176651 0.0620861 0.0679257 0.0694329 0.1084643 0.1158060 0.1033309 0.1297759 0.1297633 0.2927738 0.1710425 0.0997058 0.1277024 0.0690275 0.1286416 0.0973515 0.1096342 0.0592741 0.0592265 0.0598563 0.1129849 0.0659662 0.0888219 0.1080795 0.1106723 0.1915001 0.0787268 0.0792003 0.1222354 0.1052144 0.1122950 0.0624147 0.1202092 0.0656346 
PAFTOL_019361 0.3619679 0.2370395 0.3112567 0.1794129 0.3074501 0.1577720 0.0000000 0.1380783 0.1610628 0.1873382 0.1679354 0.1461207 0.2343783 0.2024423 0.2041200 0.1105424 0.2182881 0.2297895 0.1824014 0.2273837 0.2534784 0.1736435 0.1894088 0.2015075 0.1540749 0.1634984 0.1500175 0.1854780 0.2060851 0.1654694 0.1293696 0.1504201 0.1806450 0.1794444 0.1885281 0.1720808 0.1632125 0.1936614 0.1993912 0.1610834 0.1407082 0.2176039 0.1587771 0.1848029 0.1855839 0.1379408 0.1776628 0.1744725 0.1733433 0.1723533 0.1907449 0.1329435 0.1654705 0.1330385 0.1469288 0.1328254 0.1293326 0.1743217 0.1307134 0.1742867 0.1868635 0.2372488 0.1696953 0.1411614 0.1884280 0.1907471 0.1733476 0.1664112 0.1753601 0.1536893 0.1710357 0.1566451 0.1902982 0.2213069 0.1796079 0.1838186 0.1659349 0.1293462 0.1573431 0.1757652 0.1595246 0.1701336 0.1580478 0.1630302 0.1662655 0.1407082 0.1419149 0.1372442 0.1784131 0.1968283 0.1814780 0.1793470 0.1847823 0.3640184 0.2392706 0.1626875 0.1752127 0.1502032 0.1862355 0.1845511 0.1945803 0.1375631 0.1338174 0.1540558 0.1759919 0.1387227 0.1676732 0.1865798 0.1877777 0.2826690 0.1387296 0.1293326 0.2059984 0.1315595 0.1874858 0.1415477 0.1569311 0.1371760 
S0055         0.4373517 0.2744023 0.3625123 0.1004075 0.1291739 0.0688692 0.1380783 0.0000000 0.1308758 0.1050434 0.1191570 0.0597705 0.1698850 0.1240452 0.1163590 0.0343530 0.1397734 0.2036337 0.1602092 0.1777872 0.2171680 0.1062367 0.1081572 0.1119287 0.1023720 0.0758919 0.0727837 0.1222317 0.1082317 0.1001198 0.0857733 0.0758727 0.1083010 0.1449506 0.1089744 0.0938585 0.0722982 0.1741862 0.1146784 0.0792694 0.0620897 0.1231634 0.1151218 0.1068406 0.0849748 0.0993958 0.1423116 0.1135669 0.0725928 0.1381628 0.1228535 0.0784326 0.0841174 0.0924162 0.0632460 0.0922749 0.0890820 0.1241959 0.0878653 0.1259066 0.1624460 0.1536189 0.1052203 0.0662124 0.1099020 0.1215810 0.0955734 0.0882688 0.0795611 0.1140510 0.1065248 0.0969934 0.1740192 0.1486682 0.1163690 0.1199917 0.1220537 0.0890926 0.1081468 0.1223254 0.0823549 0.1498338 0.0667044 0.0916085 0.1092271 0.0592842 0.0652607 0.0721258 0.1085703 0.1231952 0.1103914 0.1448748 0.1381747 0.2882673 0.1868424 0.0902121 0.0996812 0.0629388 0.1557536 0.1010587 0.1205164 0.0564717 0.0534490 0.0267834 0.1059366 0.0534848 0.0883890 0.1280184 0.1183557 0.1866512 0.0691385 0.0890820 0.1172899 0.0877472 0.1157530 0.0595978 0.1171301 0.0506084 
S0196sl       0.4738784 0.3395480 0.3931935 0.1225438 0.0949610 0.1094801 0.1610628 0.1308758 0.0000000 0.1481338 0.0810055 0.1216782 0.1661627 0.1417495 0.1072026 0.0946645 0.1752600 0.1632082 0.1169531 0.1651017 0.1477573 0.0919879 0.1279321 0.1310597 0.0776952 0.0880280 0.1214335 0.1432624 0.0952482 0.1254982 0.0311359 0.0930347 0.0995976 0.1176079 0.1275353 0.1157881 0.1364699 0.1522735 0.1432464 0.1416242 0.1047998 0.1512701 0.1390363 0.1301180 0.0855521 0.0618526 0.1188645 0.1456960 0.1215848 0.1146860 0.0804780 0.1200454 0.1044235 0.0346649 0.1173304 0.0310916 0.0279050 0.1390193 0.0602286 0.1439461 0.1362232 0.1355968 0.1056511 0.0847631 0.1007838 0.1229770 0.1110953 0.0982374 0.0874196 0.0694720 0.1413164 0.1050572 0.1583383 0.1366459 0.1262211 0.1260434 0.1456714 0.0344058 0.1224744 0.1260283 0.0920868 0.1264328 0.1408242 0.1149730 0.1536296 0.1083342 0.1294517 0.0886494 0.1398561 0.1411599 0.1302777 0.1135059 0.1634613 0.3713817 0.2368633 0.1172409 0.1307333 0.1180073 0.1238935 0.1149509 0.1328105 0.1086360 0.1047576 0.1063450 0.1368688 0.1304514 0.1194235 0.1355576 0.1338781 0.2454212 0.1343857 0.0279050 0.1089654 0.0787368 0.1378216 0.1052245 0.0765336 0.1133499 
S0278         0.4644190 0.3357940 0.3924101 0.1241482 0.1437552 0.1224749 0.1873382 0.1050434 0.1481338 0.0000000 0.0942239 0.1044445 0.0764535 0.1267873 0.1654142 0.0911065 0.0531006 0.1576758 0.1499279 0.0704339 0.1934463 0.0656417 0.1164818 0.1233586 0.1303540 0.1297984 0.1237367 0.0411508 0.1659509 0.0483362 0.0966731 0.1062001 0.0371687 0.1411607 0.0520326 0.1331383 0.1151541 0.1514986 0.0416886 0.1250824 0.1002312 0.0641031 0.0983213 0.0721862 0.1488866 0.1057862 0.1236039 0.1060895 0.1186811 0.1427684 0.1304498 0.1103620 0.1156629 0.1098668 0.1192945 0.0962903 0.0966731 0.1549631 0.0961062 0.0974178 0.1575611 0.1079997 0.0808427 0.1002476 0.1228965 0.1509355 0.1147400 0.1192394 0.1218904 0.1329824 0.1318622 0.0928908 0.1361823 0.1519210 0.1535485 0.1535954 0.1247002 0.1008919 0.1199997 0.1533900 0.1190577 0.1295978 0.1237637 0.1037847 0.1258267 0.1091399 0.1094281 0.0972357 0.0338209 0.0766489 0.0794443 0.1410709 0.0973154 0.2775446 0.1647251 0.1074593 0.1359934 0.1096139 0.1537184 0.1313095 0.1089239 0.1137998 0.0968011 0.1094639 0.1274218 0.1102594 0.0749553 0.1424548 0.1145048 0.0765255 0.1197056 0.0966731 0.0375130 0.1174367 0.0850103 0.1012023 0.1417198 0.1051127 
S0281         0.4777520 0.3286742 0.3821374 0.1045993 0.1518513 0.1075053 0.1679354 0.1191570 0.0810055 0.0942239 0.0000000 0.1295096 0.1650576 0.1247902 0.1959189 0.1026498 0.1436053 0.1652558 0.1178123 0.2034884 0.1621736 0.1317306 0.1098324 0.1081674 0.1278656 0.1345899 0.1139633 0.1232144 0.1345300 0.1148106 0.0417123 0.1003926 0.1000783 0.1110779 0.1276361 0.1186055 0.1328917 0.1341124 0.1387780 0.1403075 0.1144171 0.1372471 0.1295835 0.1119437 0.1460013 0.0665367 0.1124381 0.1361498 0.1158762 0.1120674 0.1445369 0.1173948 0.1010291 0.0537964 0.1301935 0.0475711 0.0446650 0.1378402 0.0652150 0.1284306 0.1201861 0.1680349 0.0997791 0.0864622 0.1211128 0.1216606 0.1105659 0.1064290 0.1323670 0.0626922 0.1433103 0.0939531 0.1646157 0.1358791 0.1226746 0.1225258 0.1414281 0.0506381 0.1231787 0.1235658 0.0968268 0.1085449 0.1396200 0.0988624 0.1449527 0.1175501 0.1244962 0.0830698 0.1273663 0.1248153 0.1157824 0.1110234 0.1409643 0.3217279 0.1901532 0.0393234 0.0619971 0.1262667 0.1168509 0.1059669 0.1137431 0.1214183 0.1143774 0.1050221 0.1100928 0.1225419 0.0939495 0.1205491 0.1186054 0.2011416 0.1346276 0.0446650 0.0991268 0.0603810 0.1290527 0.1182277 0.0687325 0.1149000 
S0282         0.4492124 0.3266805 0.3883058 0.0825233 0.1297548 0.0658114 0.1461207 0.0597705 0.1216782 0.1044445 0.1295096 0.0000000 0.1443416 0.1060494 0.0552112 0.0167502 0.1329120 0.1829956 0.1273602 0.1650152 0.2019030 0.0980159 0.0858063 0.1370569 0.0823924 0.0299197 0.0356588 0.1134986 0.1080463 0.0890119 0.0820809 0.0539011 0.0892528 0.1253318 0.0912308 0.1067121 0.0788285 0.1523675 0.1139223 0.0566909 0.0185470 0.1235330 0.0936423 0.0913603 0.0456188 0.0816179 0.1190510 0.1061701 0.0790443 0.1187856 0.1270287 0.0382212 0.1006259 0.0820909 0.0160098 0.0819672 0.0788511 0.1276973 0.0775353 0.1038839 0.1336808 0.1311255 0.0805653 0.0595184 0.1160280 0.1282588 0.1140478 0.1021250 0.0526732 0.0993142 0.1059184 0.0865813 0.1115262 0.1224520 0.1263804 0.1300533 0.1246108 0.0853554 0.1005638 0.1260098 0.0787127 0.1150775 0.0540716 0.0878633 0.0976886 0.0131209 0.0437464 0.0754696 0.1039268 0.0996118 0.0917750 0.1252688 0.1153568 0.2877062 0.1604536 0.1015529 0.1117439 0.0131586 0.1272515 0.0970916 0.1026558 0.0104968 0.0131700 0.0595426 0.1054227 0.0325763 0.0675206 0.1156400 0.0935520 0.1806641 0.0473640 0.0788511 0.0969689 0.1004997 0.0852278 0.0131856 0.1095381 0.0324252 
S0289         0.5269145 0.2815630 0.4006299 0.1719750 0.1776813 0.1643588 0.2343783 0.1698850 0.1661627 0.0764535 0.1650576 0.1443416 0.0000000 0.1607753 0.1810293 0.1304778 0.0688206 0.2202465 0.1727467 0.0755809 0.2375887 0.0913200 0.1592471 0.1844657 0.1677222 0.1583612 0.1576346 0.0661274 0.2188121 0.0662382 0.1308287 0.1374144 0.0729004 0.1642790 0.1034677 0.1753237 0.1732344 0.1731265 0.0701073 0.1430538 0.1404363 0.0725470 0.1102127 0.0863202 0.1637243 0.1435359 0.1488447 0.1622611 0.1821300 0.1658752 0.1649272 0.1572742 0.1602728 0.1432309 0.1508409 0.1341419 0.1345742 0.2013300 0.1400617 0.1249432 0.1904502 0.1170785 0.0954659 0.1420222 0.1774213 0.2238903 0.1691712 0.1613736 0.1615103 0.1760925 0.1853644 0.1383564 0.1813131 0.1725430 0.1934407 0.1931399 0.1758602 0.1421548 0.1672137 0.2027419 0.1499379 0.1489663 0.1792576 0.1611476 0.1601053 0.1404363 0.1604640 0.1235094 0.0799618 0.0833640 0.0956543 0.1641893 0.1286524 0.2294099 0.2252766 0.1194921 0.1499842 0.1321283 0.1743597 0.1641974 0.1563777 0.1446637 0.1370720 0.1613885 0.1814792 0.1529979 0.1098261 0.1831415 0.1507642 0.0963681 0.1704040 0.1345742 0.0456549 0.1881749 0.0968856 0.1412892 0.1838389 0.1566027 
S0292         0.4915318 0.3398027 0.4028736 0.1060393 0.1623624 0.1205235 0.2024423 0.1240452 0.1417495 0.1267873 0.1247902 0.1060494 0.1607753 0.0000000 0.1538220 0.0831628 0.1696529 0.2019799 0.1434456 0.1902632 0.2168081 0.1376062 0.0936802 0.1067534 0.1229037 0.1174292 0.1270283 0.1319407 0.1667020 0.1098529 0.0914808 0.0860808 0.1157961 0.1324990 0.1404814 0.1065449 0.1487910 0.1567013 0.1309844 0.1261362 0.1056449 0.1294686 0.1204764 0.1275965 0.1397398 0.0919309 0.1261735 0.1282385 0.1392464 0.1258862 0.1193231 0.1091291 0.1039357 0.0981502 0.1034937 0.0980008 0.0948028 0.1362892 0.0878638 0.1238957 0.1531180 0.1809896 0.1171566 0.0718950 0.1167779 0.1236509 0.1139458 0.1015167 0.1345017 0.1307588 0.1349857 0.0957153 0.1511208 0.1545546 0.1213193 0.1249235 0.1446005 0.1015232 0.1296709 0.1235016 0.0882045 0.1368963 0.1143588 0.0439091 0.1480243 0.1015476 0.1096266 0.0847422 0.1255525 0.1406142 0.1355159 0.1324316 0.1479855 0.3316607 0.2037509 0.0911608 0.1007508 0.1096553 0.1427985 0.0999731 0.0242645 0.0985934 0.1019833 0.1200800 0.0538700 0.0994668 0.1172797 0.0267420 0.0159946 0.2124663 0.1181003 0.0948028 0.1106197 0.1106716 0.1256454 0.1021144 0.1338566 0.0989307 
S0293         0.5246389 0.3794590 0.5095026 0.1342033 0.0000010 0.0915171 0.2041200 0.1163590 0.1072026 0.1654142 0.1959189 0.0552112 0.1810293 0.1538220 0.0000000 0.0535624 0.2053577 0.2573826 0.1882325 0.1587480 0.2298433 0.0929158 0.1483862 0.2455159 0.0609746 0.0214881 0.0599127 0.1479714 0.0834595 0.1287522 0.1212906 0.0866900 0.1025165 0.1913723 0.1191877 0.1721263 0.1203796 0.2070085 0.1685534 0.0876411 0.0501039 0.1822860 0.1425254 0.1393199 0.0214078 0.1146483 0.1911975 0.1361611 0.1152555 0.1785660 0.1201782 0.0857694 0.1624211 0.1214638 0.0503239 0.1210012 0.1154975 0.1951500 0.1082690 0.1617429 0.2068832 0.1451008 0.1026982 0.1221621 0.1599781 0.2026955 0.1790977 0.1625551 0.0466227 0.1530861 0.1309749 0.1166680 0.1691621 0.1647178 0.2029713 0.2088908 0.1549501 0.1271998 0.1308686 0.1803820 0.1144010 0.1653251 0.0931531 0.1379227 0.1427957 0.0451357 0.1018887 0.1038780 0.1500560 0.1231378 0.1396833 0.1844558 0.1719229 0.1738556 0.2405961 1.4531053 1.4531053 0.0453688 0.2032838 0.1471788 0.1588991 0.0453019 0.0452317 0.0988973 0.1625756 0.0866201 0.1271665 0.1692264 0.1539308 0.2382407 0.0965502 0.1154975 0.0910926 0.2334434 0.1423929 0.0408049 0.1658604 0.0756064 
S0294         0.3973324 0.2613392 0.3245711 0.0700269 0.1228453 0.0465301 0.1105424 0.0343530 0.0946645 0.0911065 0.1026498 0.0167502 0.1304778 0.0831628 0.0535624 0.0000000 0.1094896 0.1462203 0.1085565 0.1188354 0.1562179 0.0779667 0.0772990 0.0895979 0.0557539 0.0314560 0.0374948 0.0871872 0.0757649 0.0696676 0.0564519 0.0407048 0.0760338 0.1047464 0.0756428 0.0737487 0.0594616 0.1323616 0.0867000 0.0468374 0.0194341 0.0991841 0.0639405 0.0834697 0.0448798 0.0595576 0.1013694 0.0792182 0.0594710 0.0946409 0.0908700 0.0341826 0.0675880 0.0596633 0.0196894 0.0595714 0.0564519 0.0993972 0.0513603 0.0773044 0.1106536 0.1230257 0.0748936 0.0465736 0.0845190 0.0937057 0.0763557 0.0675600 0.0389539 0.0835656 0.0724949 0.0632840 0.1013626 0.1031101 0.0958601 0.0994656 0.0934153 0.0596633 0.0734455 0.0977430 0.0594421 0.0956720 0.0317143 0.0654308 0.0846132 0.0165814 0.0369314 0.0562028 0.0846405 0.0910669 0.0834253 0.1046940 0.0815488 0.2417698 0.1496489 0.0864869 0.0962325 0.0225302 0.1149981 0.0703634 0.0797856 0.0138183 0.0110134 0.0435548 0.0826472 0.0254218 0.0620816 0.0786874 0.0769282 0.1475932 0.0403359 0.0564519 0.0967474 0.0705718 0.0844465 0.0166683 0.0902256 0.0224041 
S0299         0.5175386 0.3160523 0.4384078 0.1539232 0.1435636 0.1458256 0.2182881 0.1397734 0.1752600 0.0531006 0.1436053 0.1329120 0.0688206 0.1696529 0.2053577 0.1094896 0.0000000 0.2328586 0.1824068 0.0955290 0.2501352 0.0810507 0.1507533 0.1330274 0.1693791 0.1469771 0.1455337 0.0655954 0.1952960 0.0631122 0.1230522 0.1279663 0.0728481 0.1748163 0.0927456 0.1373721 0.1529822 0.1739242 0.0604224 0.1519324 0.1259887 0.0602589 0.1129589 0.0756799 0.1636827 0.1197648 0.1592330 0.1411011 0.1635291 0.1765202 0.1757405 0.1378882 0.1269356 0.1383794 0.1423812 0.1263176 0.1267251 0.1770663 0.1122738 0.1270237 0.1765988 0.1197685 0.1151104 0.1255265 0.1453275 0.1940933 0.1361326 0.1348746 0.1536879 0.1626857 0.1673248 0.1225935 0.1697912 0.1606786 0.1617961 0.1615682 0.1656228 0.1341579 0.1535994 0.1901938 0.1330590 0.1469249 0.1471920 0.1400838 0.1564322 0.1291877 0.1190770 0.1148770 0.0695395 0.0825594 0.0847717 0.1747206 0.1270843 0.2133690 0.2296881 0.1112844 0.1410516 0.1212896 0.1602990 0.1555760 0.1481575 0.1332018 0.1186893 0.1434204 0.1521396 0.1232337 0.1050482 0.1840274 0.1630810 0.1045416 0.1469386 0.1267251 0.0539900 0.1617842 0.0752565 0.1299464 0.1702093 0.1298629 
S0303         0.6127576 0.3705520 0.4833612 0.1979906 0.1674691 0.1745082 0.2297895 0.2036337 0.1632082 0.1576758 0.1652558 0.1829956 0.2202465 0.2019799 0.2573826 0.1462203 0.2328586 0.0000000 0.0926244 0.2082806 0.0214756 0.2003794 0.1893804 0.2851313 0.1667070 0.1966458 0.1783524 0.1834071 0.1675382 0.1636504 0.1321890 0.1504933 0.1293168 0.0458905 0.1945163 0.2009193 0.1785919 0.0986648 0.2042034 0.1944162 0.1700178 0.2050054 0.1868482 0.1827564 0.2127926 0.1397623 0.0400008 0.1914425 0.1805870 0.0462913 0.2006841 0.1621578 0.1880818 0.1457706 0.1900375 0.1366592 0.1327908 0.2131469 0.1361829 0.1971066 0.1195627 0.2347774 0.1155969 0.1538857 0.1980148 0.2092647 0.1919544 0.1799425 0.2110001 0.1603302 0.2006147 0.1457041 0.1500399 0.1354845 0.2029445 0.2025910 0.2205455 0.1410471 0.1749118 0.2074763 0.1727171 0.1023420 0.2170972 0.1750345 0.2313479 0.1738074 0.1916874 0.1554655 0.1807441 0.1916106 0.1886265 0.0458702 0.1991631 0.4494414 0.1152239 0.0242569 0.0328195 0.1855252 0.1035630 0.1944822 0.1919011 0.1788369 0.1699653 0.1759895 0.1897621 0.1981939 0.1162859 0.1895448 0.1889301 0.2467169 0.1843814 0.1327908 0.1402153 0.2067055 0.1838860 0.1750012 0.1685866 0.1878993 
S0308         0.4894310 0.3007526 0.3872009 0.1289005 0.2258266 0.1408092 0.1824014 0.1602092 0.1169531 0.1499279 0.1178123 0.1273602 0.1727467 0.1434456 0.1882325 0.1085565 0.1824068 0.0926244 0.0000000 0.2250142 0.1094180 0.1424296 0.1383488 0.1761060 0.1340231 0.1408894 0.1308741 0.1384723 0.1757520 0.1351264 0.0914326 0.1177182 0.1114263 0.0415976 0.1424289 0.1589387 0.1589309 0.0718851 0.1710584 0.1426158 0.1205089 0.1699808 0.1326972 0.1305208 0.1569736 0.0941149 0.0420590 0.1379852 0.1527496 0.0419266 0.1359414 0.1256093 0.1481607 0.0984044 0.1364382 0.0913048 0.0881446 0.1738073 0.0901223 0.1438488 0.0698563 0.1615620 0.0997536 0.1056157 0.1618908 0.1798580 0.1520439 0.1437924 0.1518341 0.1229341 0.1344748 0.1169171 0.0661602 0.0968044 0.1643076 0.1640754 0.1424606 0.0947675 0.1245813 0.1730445 0.1211284 0.0598027 0.1705130 0.1334763 0.1366120 0.1236436 0.1493859 0.1133363 0.1441529 0.1325711 0.1308025 0.0358308 0.1489162 0.3474148 0.1237181 0.0324569 0.0545491 0.1324731 0.0512116 0.1388388 0.1392884 0.1275477 0.1204692 0.1410338 0.1453385 0.1470429 0.1136097 0.1545807 0.1371526 0.2176380 0.1485939 0.0881446 0.1209642 0.1299144 0.1334604 0.1209480 0.1270136 0.1389787 
S0320         0.5480457 0.3339716 0.3935314 0.1739294 0.0000010 0.2013289 0.2273837 0.1777872 0.1651017 0.0704339 0.2034884 0.1650152 0.0755809 0.1902632 0.1587480 0.1188354 0.0955290 0.2082806 0.2250142 0.0000000 0.2082806 0.0956792 0.1821669 0.3080006 0.1510225 0.1433195 0.1653403 0.0828737 0.1659812 0.0689171 0.1480830 0.1511854 0.0974911 0.2171245 0.1310154 0.1697049 0.1930592 0.2311479 0.0438537 0.1507161 0.1588235 0.0675761 0.1241193 0.1093763 0.1419786 0.1417843 0.2082806 0.1458713 0.1956498 0.2082806 0.1874047 0.1665520 0.1583843 0.1640875 0.1665758 0.1548373 0.1558181 0.2324296 0.1261534 0.1402086 0.2235218 0.1760679 0.1435320 0.1466938 0.1549808 0.2229582 0.1697049 0.1722186 0.1548176 0.2183902 0.1836941 0.1236236 0.2083781 0.2020697 0.2399912 0.2477084 0.1777983 0.1716609 0.1756608 0.2321702 0.1542237 0.2023633 0.1756857 0.1879420 0.1771472 0.1569381 0.1775626 0.1515032 0.0894857 0.1317659 0.1378947 0.2082806 0.1493924 0.0615870 0.2452996 0.0000010 0.0000010 0.1581631 0.2379922 0.1803724 0.2179026 0.1646534 0.1419786 0.1941719 0.1954311 0.1581294 0.1522599 0.2017710 0.2067617 0.0759412 0.1743387 0.1558181 0.0782163 0.3844948 0.1241517 0.1514720 0.2274231 0.1636691 
S0322         0.5925189 0.3235497 0.4827536 0.2080536 0.2221227 0.1926933 0.2534784 0.2171680 0.1477573 0.1934463 0.1621736 0.2019030 0.2375887 0.2168081 0.2298433 0.1562179 0.2501352 0.0214756 0.1094180 0.2082806 0.0000000 0.2256565 0.1994269 0.3029695 0.1612078 0.2113393 0.2018053 0.2030265 0.1813494 0.1868215 0.1378905 0.1692456 0.1711118 0.0646668 0.2196724 0.2182384 0.1984068 0.1103757 0.2395730 0.2196380 0.1887049 0.2161737 0.2027347 0.2066820 0.2331887 0.1586822 0.0620122 0.2102754 0.1893448 0.0652382 0.2106056 0.1804579 0.2051451 0.1514840 0.2092973 0.1423607 0.1385075 0.2474889 0.1555566 0.2072691 0.1193868 0.2527202 0.1595026 0.1635904 0.1719887 0.2209400 0.1716249 0.1976119 0.2216714 0.1668156 0.2158123 0.1647396 0.1179622 0.1472176 0.2204603 0.2200656 0.2356356 0.1467479 0.1894930 0.2317299 0.1879499 0.1107452 0.2263342 0.1847984 0.2521965 0.1925255 0.2107598 0.1781541 0.2106870 0.2161657 0.2128176 0.0646371 0.2071547 0.4703002 0.1444387 0.1019847 0.1233823 0.2046848 0.1202345 0.2045690 0.2018534 0.1977009 0.1886529 0.1893798 0.1996380 0.2175490 0.1568184 0.1745677 0.2046532 0.2463242 0.2102040 0.1385075 0.1836347 0.2184194 0.1964096 0.1938494 0.1706453 0.2069574 
S0327         0.4863560 0.3261139 0.4017681 0.1202355 0.1444454 0.1053014 0.1736435 0.1062367 0.0919879 0.0656417 0.1317306 0.0980159 0.0913200 0.1376062 0.0929158 0.0779667 0.0810507 0.2003794 0.1424296 0.0956792 0.2256565 0.0000000 0.1249364 0.1511766 0.0922931 0.0766406 0.1136552 0.0510624 0.1542367 0.0391393 0.0936291 0.0979271 0.0249209 0.1445079 0.0511769 0.1234223 0.1290784 0.1653202 0.0733534 0.1293810 0.0874707 0.0677326 0.0609453 0.0672879 0.0953265 0.0940550 0.1334928 0.1153574 0.1237299 0.1419731 0.0892556 0.1052158 0.1131140 0.0973055 0.1021767 0.0899613 0.0902536 0.1536486 0.0893682 0.0673385 0.1527935 0.0781829 0.0582054 0.0970594 0.1346278 0.1628161 0.1199043 0.1122187 0.0823430 0.1232219 0.1324631 0.0943711 0.1316959 0.1442019 0.1523223 0.1521110 0.1418619 0.0902645 0.1121857 0.1646175 0.1041711 0.1218275 0.1246859 0.1173630 0.1298110 0.0905177 0.1053589 0.0939844 0.0423571 0.0710739 0.0699760 0.1444310 0.0808214 0.2508967 0.2130692 0.1402916 0.1734171 0.0948796 0.1416435 0.1247851 0.1260721 0.0907371 0.0874383 0.1056652 0.1332592 0.1019402 0.0691467 0.1476706 0.1312539 0.1324987 0.1173810 0.0902536 0.0374435 0.1401878 0.0782567 0.0910290 0.1302261 0.1015726 
S0335         0.4578060 0.2861973 0.3932922 0.0385203 0.0332722 0.1010633 0.1894088 0.1081572 0.1279321 0.1164818 0.1098324 0.0858063 0.1592471 0.0936802 0.1483862 0.0772990 0.1507533 0.1893804 0.1383488 0.1821669 0.1994269 0.1249364 0.0000000 0.0489352 0.1121384 0.1052822 0.1121298 0.1216537 0.1476020 0.0998432 0.0767270 0.0764795 0.1148127 0.1223286 0.1165212 0.1000972 0.1048439 0.1509604 0.1302295 0.1124084 0.0937476 0.1406357 0.1163991 0.0824055 0.1270595 0.0865065 0.1121968 0.1187909 0.1122400 0.1157734 0.1216852 0.0903974 0.0902519 0.0832906 0.1012897 0.0831632 0.0799961 0.1345746 0.0820847 0.1199689 0.1437186 0.1327582 0.1004944 0.0569836 0.1051066 0.1210814 0.1026624 0.0953261 0.1211770 0.1081418 0.1271710 0.1041059 0.1316237 0.1456282 0.1194740 0.1231104 0.1277089 0.0866108 0.1135771 0.1107871 0.0570002 0.1315917 0.0989403 0.0759209 0.1193216 0.0897621 0.1079217 0.0601041 0.1162963 0.1007779 0.0893958 0.1222671 0.1397565 0.3084551 0.1851002 0.1109073 0.1215443 0.0827068 0.1371172 0.0243197 0.0829442 0.0933403 0.0901478 0.0975796 0.0860541 0.0871337 0.0897624 0.1054274 0.0911508 0.1620205 0.1164762 0.0799961 0.1034657 0.0887954 0.0904465 0.0902643 0.1112322 0.0870935 
S0345         0.5322839 0.3523980 0.4481087 0.0683778 0.0726884 0.0954857 0.2015075 0.1119287 0.1310597 0.1233586 0.1081674 0.1370569 0.1844657 0.1067534 0.2455159 0.0895979 0.1330274 0.2851313 0.1761060 0.3080006 0.3029695 0.1511766 0.0489352 0.0000000 0.1027672 0.1574524 0.1386836 0.1410412 0.1751288 0.1173894 0.0791908 0.0894628 0.1403989 0.1494767 0.1448762 0.0956410 0.1150308 0.1889194 0.1479240 0.1377016 0.1120291 0.1515129 0.1318285 0.1186937 0.1793294 0.0900242 0.1377083 0.1357608 0.1017927 0.1580147 0.1197130 0.1191986 0.0793415 0.0952286 0.1306775 0.0843747 0.0843747 0.1422805 0.0853429 0.1435519 0.1669657 0.1877634 0.1316572 0.0741157 0.1097246 0.1162534 0.0599168 0.0837109 0.1640576 0.1186924 0.1493059 0.1300439 0.1571660 0.1657641 0.1186529 0.1130426 0.1497191 0.0896220 0.1268395 0.1248304 0.0583462 0.1496171 0.1149117 0.0838915 0.1454465 0.1180350 0.1071671 0.0531338 0.1567134 0.1311203 0.1172875 0.1555296 0.1845381 0.4295404 0.2942832 0.1221102 0.1534102 0.1180201 0.1395321 0.0344114 0.0837594 0.1185701 0.1127309 0.1071010 0.0892325 0.1025719 0.1399509 0.1081235 0.0913350 0.2426646 0.1440919 0.0843747 0.0896911 0.1067744 0.1343369 0.1240049 0.1238372 0.1023479 
S0376         0.4578130 0.3271976 0.4087967 0.1066205 0.0771402 0.0668147 0.1540749 0.1023720 0.0776952 0.1303540 0.1278656 0.0823924 0.1677222 0.1229037 0.0609746 0.0557539 0.1693791 0.1667070 0.1340231 0.1510225 0.1612078 0.0922931 0.1121384 0.1027672 0.0000000 0.0698602 0.0987144 0.1260122 0.0612838 0.1008293 0.0776611 0.0382814 0.0934475 0.1309704 0.1111149 0.1220133 0.0944433 0.1448602 0.1303034 0.0988225 0.0740840 0.1378562 0.1135126 0.1129267 0.0601544 0.0778945 0.1229276 0.1246264 0.0854489 0.1280669 0.0856100 0.0853390 0.1062921 0.0931545 0.0750035 0.0850359 0.0814064 0.1285881 0.0690892 0.1264075 0.1505543 0.1464996 0.1054099 0.0782523 0.1024282 0.1246279 0.1125236 0.1029487 0.0689728 0.1224279 0.1286816 0.0858247 0.1358151 0.1432344 0.1279395 0.1277551 0.1428587 0.0889972 0.1178720 0.1228108 0.0890458 0.1319554 0.0757018 0.1007002 0.1338917 0.0740840 0.0894471 0.0708546 0.1141591 0.1317770 0.1212630 0.1267203 0.1362842 0.3351160 0.1775824 0.1537440 0.1684300 0.0826602 0.1417479 0.1034892 0.1101550 0.0706207 0.0706625 0.0790685 0.1220585 0.0750562 0.1083772 0.1124025 0.1077379 0.1964445 0.0895002 0.0814064 0.1032198 0.1496698 0.1284637 0.0709602 0.1304028 0.0710123 
S0400         0.4986266 0.3530331 0.4027950 0.0976068 0.1478661 0.0791597 0.1634984 0.0758919 0.0880280 0.1297984 0.1345899 0.0299197 0.1583612 0.1174292 0.0214881 0.0314560 0.1469771 0.1966458 0.1408894 0.1433195 0.2113393 0.0766406 0.1052822 0.1574524 0.0698602 0.0000000 0.0446680 0.1265179 0.1164409 0.1008746 0.0861238 0.0635683 0.0814933 0.1389167 0.1030680 0.1219993 0.0937433 0.1672970 0.1269949 0.0663947 0.0242498 0.1372998 0.0979791 0.1110095 0.0189676 0.0890860 0.1324389 0.1175831 0.0892574 0.1283780 0.0923898 0.0414334 0.1157710 0.0831811 0.0300369 0.0860028 0.0828339 0.1434494 0.0815831 0.1084219 0.1439068 0.1158546 0.0725059 0.0761773 0.1379834 0.1407818 0.1316666 0.1144420 0.0366653 0.1037148 0.1173018 0.0974065 0.1338874 0.1359832 0.1386753 0.1424734 0.1367292 0.0894601 0.1119224 0.1422655 0.0826878 0.1282337 0.0700019 0.0985107 0.1175088 0.0213486 0.0559731 0.0793850 0.1128756 0.1165170 0.1115246 0.1388441 0.1163850 0.2971046 0.1984730 0.1478283 0.1600397 0.0271774 0.1411122 0.1014956 0.1139299 0.0213955 0.0214299 0.0726126 0.1167324 0.0472422 0.0853949 0.1286685 0.1114645 0.2046440 0.0599086 0.0828339 0.0888920 0.1188547 0.1045267 0.0214556 0.1141384 0.0412422 
S0405         0.4950815 0.3056132 0.3907321 0.1070326 0.1932079 0.0756746 0.1500175 0.0727837 0.1214335 0.1237367 0.1139633 0.0356588 0.1576346 0.1270283 0.0599127 0.0374948 0.1455337 0.1783524 0.1308741 0.1653403 0.2018053 0.1136552 0.1121298 0.1386836 0.0987144 0.0446680 0.0000000 0.1253590 0.1126871 0.1000293 0.0884559 0.0761919 0.1133890 0.1288689 0.0994742 0.1326867 0.0967925 0.1484065 0.1289612 0.0600869 0.0326150 0.1359744 0.1016584 0.1107564 0.0552216 0.0913934 0.1304715 0.1017913 0.0828575 0.1222892 0.1435948 0.0410701 0.1227764 0.0884664 0.0358014 0.0883325 0.0851829 0.1469200 0.0839916 0.1121787 0.1373040 0.1500777 0.1011174 0.0891214 0.1498386 0.1520772 0.1396520 0.1255665 0.0691894 0.0991272 0.1015523 0.0988505 0.1302643 0.1187202 0.1497881 0.1536517 0.1198588 0.0917750 0.1030679 0.1459878 0.0958100 0.1185504 0.0729269 0.1077893 0.0971168 0.0269127 0.0649071 0.0792536 0.1155775 0.1118970 0.1073069 0.1288037 0.1314624 0.2942017 0.1878949 0.0842745 0.0937129 0.0328906 0.1234539 0.1082799 0.1234982 0.0297769 0.0270162 0.0726339 0.1262853 0.0532363 0.0979315 0.1273275 0.1141909 0.2020762 0.0690400 0.0851829 0.1175995 0.0889286 0.1043009 0.0270487 0.1093342 0.0471286 
S0407sl       0.4945856 0.3210120 0.4102978 0.1246876 0.1261840 0.1253792 0.1854780 0.1222317 0.1432624 0.0411508 0.1232144 0.1134986 0.0661274 0.1319407 0.1479714 0.0871872 0.0655954 0.1834071 0.1384723 0.0828737 0.2030265 0.0510624 0.1216537 0.1410412 0.1260122 0.1265179 0.1253590 0.0000000 0.1604309 0.0411285 0.0961359 0.1108642 0.0358182 0.1399325 0.0559965 0.1278212 0.1345957 0.1481077 0.0597583 0.1314544 0.1068814 0.0537268 0.0732914 0.0563341 0.1496880 0.0997449 0.1292969 0.1166204 0.1369013 0.1412206 0.1317303 0.1216290 0.1142658 0.1032806 0.1222524 0.0924766 0.0927739 0.1498803 0.0887863 0.0799621 0.1484371 0.0986225 0.0714222 0.1063607 0.1306648 0.1730664 0.1247124 0.1167998 0.1361852 0.1256162 0.1303917 0.1026644 0.1293705 0.1357422 0.1524327 0.1522257 0.1239468 0.0927849 0.1244416 0.1693129 0.1091701 0.1149163 0.1377140 0.1192868 0.1207705 0.1099699 0.1254710 0.0822857 0.0412078 0.0566281 0.0589614 0.1398605 0.0840589 0.2341434 0.1899476 0.1006063 0.1288452 0.1025354 0.1411391 0.1260064 0.1197025 0.1137430 0.1068444 0.1257104 0.1337208 0.1145428 0.0710276 0.1492788 0.1330650 0.0927385 0.1374365 0.0927739 0.0143380 0.1321371 0.0665898 0.1105966 0.1325747 0.1178777 
S0412sl       0.5221806 0.3307610 0.4504545 0.1375516 0.1499609 0.0852277 0.2060851 0.1082317 0.0952482 0.1659509 0.1345300 0.1080463 0.2188121 0.1667020 0.0834595 0.0757649 0.1952960 0.1675382 0.1757520 0.1659812 0.1813494 0.1542367 0.1476020 0.1751288 0.0612838 0.1164409 0.1126871 0.1604309 0.0000000 0.1387222 0.1053242 0.0936256 0.1577627 0.1693536 0.1566272 0.1591823 0.0935479 0.1732710 0.1652131 0.1322532 0.0918304 0.1820291 0.1633291 0.1464573 0.1072069 0.1119092 0.1610535 0.1716245 0.0819623 0.1711212 0.1550394 0.1117031 0.1428616 0.1209549 0.0968097 0.1126813 0.1090825 0.1757490 0.1040475 0.1769909 0.1814228 0.2076298 0.1605208 0.1131612 0.1295992 0.1683933 0.1008094 0.1380852 0.1130221 0.1409538 0.1671580 0.1253732 0.1230088 0.1811210 0.1655533 0.1652974 0.1896830 0.1166925 0.1564499 0.1610537 0.1111773 0.1704171 0.1178888 0.1317224 0.1841487 0.0961136 0.0995154 0.1055254 0.1578212 0.1699088 0.1546159 0.1692544 0.1877794 0.3666514 0.2205640 0.2367218 0.2513361 0.1047006 0.1772462 0.1387758 0.1535324 0.0999790 0.0928487 0.0875635 0.1533770 0.1046232 0.1457113 0.1119527 0.1559223 0.2656376 0.1114396 0.1090825 0.1701321 0.1930953 0.1663921 0.0929047 0.1539359 0.0968992 
S0417         0.5190953 0.3014238 0.4102277 0.1105649 0.1613206 0.0932311 0.1654694 0.1001198 0.1254982 0.0483362 0.1148106 0.0890119 0.0662382 0.1098529 0.1287522 0.0696676 0.0631122 0.1636504 0.1351264 0.0689171 0.1868215 0.0391393 0.0998432 0.1173894 0.1008293 0.1008746 0.1000293 0.0411285 0.1387222 0.0000000 0.0821803 0.0861969 0.0284208 0.1167674 0.0467057 0.1211673 0.1036034 0.1448019 0.0500839 0.1080259 0.0827138 0.0507809 0.0604982 0.0472771 0.1146587 0.0855178 0.1066491 0.0985562 0.1108323 0.1178035 0.1122419 0.0931493 0.1110613 0.0956928 0.0969710 0.0851781 0.0854509 0.1348060 0.0811366 0.0697176 0.1484119 0.0985161 0.0628046 0.0854561 0.1236609 0.1478113 0.1174667 0.1058684 0.1090119 0.1210119 0.1117765 0.0722819 0.1245628 0.1322215 0.1301830 0.1300196 0.1233808 0.0920677 0.0990069 0.1493798 0.0922473 0.1113393 0.1116427 0.0881205 0.1020260 0.0856930 0.0932700 0.0789067 0.0270895 0.0535212 0.0558692 0.1167101 0.0801921 0.2222876 0.1753418 0.0917016 0.1189608 0.0859819 0.1338763 0.1038809 0.0992477 0.0892018 0.0826830 0.0965889 0.1092028 0.0899885 0.0634741 0.1160965 0.1037965 0.1045969 0.1041911 0.0854509 0.0372364 0.1176176 0.0633677 0.0861664 0.1278717 0.0896766 
S0419         0.4307504 0.2743758 0.3471167 0.0729399 0.1332109 0.0759694 0.1293696 0.0857733 0.0311359 0.0966731 0.0417123 0.0820809 0.1308287 0.0914808 0.1212906 0.0564519 0.1230522 0.1321890 0.0914326 0.1480830 0.1378905 0.0936291 0.0767270 0.0791908 0.0776611 0.0861238 0.0884559 0.0961359 0.1053242 0.0821803 0.0000000 0.0565570 0.0894102 0.0851298 0.0939133 0.0753457 0.1007998 0.1062427 0.1063703 0.0903855 0.0689592 0.1081742 0.0959084 0.0789754 0.1023655 0.0269621 0.0828238 0.1085641 0.0826667 0.0858492 0.0966054 0.0780822 0.0661996 0.0104857 0.0824601 0.0051863 0.0025871 0.1034930 0.0248233 0.0992414 0.0966150 0.1325725 0.0943918 0.0443765 0.0783567 0.0875892 0.0708515 0.0597071 0.0864042 0.0383688 0.1152369 0.0692583 0.1051497 0.1006324 0.0830392 0.0829593 0.1131890 0.0078185 0.0928523 0.0851192 0.0533614 0.0826151 0.1008321 0.0681001 0.1031137 0.0718486 0.0882818 0.0502840 0.0967206 0.1006930 0.0893383 0.0850912 0.1106437 0.2643748 0.1457431 0.0529623 0.0765713 0.0790948 0.0900600 0.0669247 0.0814692 0.0751770 0.0689333 0.0696812 0.0845773 0.0822835 0.0756771 0.0917491 0.0856183 0.1790430 0.0996274 0.0025871 0.0926510 0.0311185 0.0939547 0.0722351 0.0440657 0.0692233 
S0427         0.4492248 0.3215972 0.3815881 0.0794658 0.1149845 0.0600784 0.1504201 0.0758727 0.0930347 0.1062001 0.1003926 0.0539011 0.1374144 0.0860808 0.0866900 0.0407048 0.1279663 0.1504933 0.1177182 0.1511854 0.1692456 0.0979271 0.0764795 0.0894628 0.0382814 0.0635683 0.0761919 0.1108642 0.0936256 0.0861969 0.0565570 0.0000000 0.0905672 0.1072921 0.0942071 0.0956854 0.0867043 0.1300634 0.1007080 0.0763867 0.0537023 0.1098703 0.0935579 0.0893959 0.0818396 0.0628486 0.0974691 0.0992003 0.0723544 0.1009161 0.1122188 0.0629243 0.0893324 0.0626941 0.0512698 0.0626019 0.0596139 0.1113742 0.0549615 0.1037914 0.1192949 0.1412306 0.0904897 0.0507763 0.1046833 0.0969969 0.0976464 0.0872304 0.0761576 0.0923384 0.1092397 0.0735513 0.1133810 0.1203006 0.1040900 0.1075746 0.1210944 0.0657976 0.1038924 0.0979226 0.0627697 0.1047600 0.0705722 0.0688762 0.1033690 0.0503684 0.0658791 0.0599234 0.1010605 0.1083504 0.1001408 0.1072401 0.1152549 0.2632987 0.1356995 0.0762462 0.0853587 0.0570300 0.1129438 0.0698092 0.0828164 0.0475772 0.0505705 0.0662751 0.0855683 0.0600655 0.0844988 0.0893941 0.0802906 0.1628385 0.0734320 0.0596139 0.0938950 0.0931244 0.1013295 0.0506326 0.0953238 0.0597659 
S0428sl       0.4809220 0.3248337 0.4078719 0.1088638 0.1599952 0.1087841 0.1806450 0.1083010 0.0995976 0.0371687 0.1000783 0.0892528 0.0729004 0.1157961 0.1025165 0.0760338 0.0728481 0.1293168 0.1114263 0.0974911 0.1711118 0.0249209 0.1148127 0.1403989 0.0934475 0.0814933 0.1133890 0.0358182 0.1577627 0.0284208 0.0894102 0.0905672 0.0000000 0.1216930 0.0436819 0.1279254 0.1192135 0.1368796 0.0642235 0.1149303 0.0900476 0.0558128 0.0734898 0.0597167 0.0920261 0.0945687 0.1085613 0.1085145 0.1040842 0.1180096 0.0720413 0.0948905 0.1144620 0.0985908 0.1093770 0.0890358 0.0894102 0.1310084 0.0885613 0.0687459 0.1276277 0.0648477 0.0458525 0.0894692 0.1314513 0.1516163 0.1180064 0.1082147 0.0834397 0.1319002 0.1307297 0.0811643 0.0901442 0.1369819 0.1395309 0.1395809 0.1321317 0.0937879 0.1136128 0.1548264 0.1037308 0.1045291 0.1140977 0.1059670 0.1175922 0.0940047 0.0999717 0.0898391 0.0138486 0.0684104 0.0676666 0.1170067 0.0641030 0.3046038 0.1268776 0.1117787 0.1343805 0.0944271 0.1284893 0.1254936 0.1068483 0.0983798 0.0900039 0.1030056 0.1266447 0.1044552 0.0446301 0.1314007 0.1130160 0.0859361 0.1105507 0.0894102 0.0217375 0.1359684 0.0726999 0.0904507 0.1362309 0.0944283 
