116
CRNC          0.0000000 0.2803468 0.2326838 0.3289621 0.0000010 0.3863289 0.3177671 0.3494535 0.4777093 0.3204947 0.3396049 0.3188570 0.3048781 0.3237219 0.3196975 0.3460271 0.3675051 0.3790527 0.3332409 0.3484535 0.3177272 0.3160585 0.4118815 0.3286686 0.3968734 0.3528671 0.3750451 0.3197278 0.3530509 0.3128914 0.3744840 0.3268777 0.3104373 0.3217356 0.3723046 0.3726185 0.3882563 0.3545305 0.3488248 0.3719463 0.3703524 0.3115707 0.3374489 0.3364076 0.6430788 0.2809016 0.3772330 0.3726185 0.3469721 0.3388915 0.3028838 0.3254226 0.3695109 0.2819448 0.3284096 0.3559262 0.3279646 0.3870254 0.3496255 0.3116088 0.3703524 0.3311729 0.3574587 0.3681730 0.3218281 0.3269321 0.3517710 0.4318279 0.3704994 0.3065940 0.2932689 0.3109057 0.3488119 0.4421604 0.2936559 0.3029328 0.3128636 0.3254226 0.3119097 0.2556154 0.3502252 0.2754921 0.3320739 0.3528086 0.3631971 0.3092278 0.3455408 0.3767841 0.3163861 0.3220611 0.3053128 0.3054808 0.3595400 0.3276502 0.3739870 0.3753305 0.3465947 0.3578542 0.3382188 0.2989482 0.3952584 0.3055865 0.3602957 0.2914908 0.3332682 0.3356842 0.3030477 0.3012505 0.4160715 0.3322808 0.3659958 0.3065940 0.3300614 0.5641580 0.2966170 0.3470568 
HYZL          0.2803468 0.0000000 0.1241708 0.4865254 0.6898127 0.6011103 0.4427604 0.5741519 0.5811095 0.3944288 0.5791559 0.4562409 0.4599640 0.4831880 0.5959365 0.5390826 0.5273349 0.6093589 0.4708412 0.5229994 0.4269948 0.4325816 0.4682632 0.4567814 0.5808783 0.5559153 0.6045568 0.4716738 0.4686669 0.4591366 0.5597401 0.5217414 0.4985776 0.5520855 0.5529749 0.5468968 0.4442365 0.5001777 0.5977510 0.4827224 0.4955758 0.5615616 0.5307915 0.4181252 0.6829563 0.4958481 0.4929067 0.5222285 0.5120689 0.5062867 0.4003446 0.4193248 0.6071532 0.3693942 0.4193248 0.4935899 0.4210897 0.4462126 0.4980026 0.5458762 0.4658212 0.4990646 0.4608352 0.4924789 0.5043549 0.4462738 0.5674677 0.7118412 0.6137181 0.4513821 0.4417067 0.4965760 0.5240146 0.4420368 0.4492494 0.4008331 0.4829640 0.4012281 0.4512810 0.5413009 0.5068931 0.4233063 0.4928968 0.4935574 0.4554174 0.4573064 0.5505228 0.5333347 0.4753154 0.4855770 0.5194795 0.5301203 0.4209564 0.4847027 0.4994069 0.5614276 0.5976116 0.5029797 0.4283821 0.4098379 0.7099359 0.5049694 0.5559012 0.4478614 0.5411917 0.4572750 0.4996921 0.5046703 0.6148595 0.5120339 0.4695178 0.4557824 0.5787513 0.6036064 0.4200538 0.5124204 
MYZV          0.2326838 0.1241708 0.0000000 0.4140248 1.0455449 0.4966739 0.3430173 0.4226641 0.6513054 0.4164429 0.4293931 0.4294713 0.4236866 0.4125949 0.4409287 0.4399432 0.4968077 0.5517245 0.4503707 0.4647358 0.4015510 0.4007238 0.4838752 0.4251344 0.4505452 0.4290884 0.4048561 0.4348975 0.4162297 0.4145346 0.5132992 0.4633651 0.4526613 0.4374713 0.4652298 0.5071187 0.4477368 0.4072517 0.4153874 0.4426231 0.4471128 0.4631328 0.4030700 0.3924565 0.6430788 0.3949032 0.4450043 0.5043161 0.4382233 0.3934870 0.4011512 0.4218679 0.4461557 0.3696288 0.4252248 0.4357817 0.4396553 0.4507181 0.4670094 0.4656477 0.4299643 0.4394822 0.4416318 0.4520879 0.4321832 0.4335215 0.4722606 0.5614637 0.4503534 0.4195856 0.3758064 0.4106285 0.4663083 0.3443784 0.4395521 0.3809763 0.3869875 0.4106352 0.3705847 0.3244877 0.4620428 0.3941445 0.4527898 0.4401997 0.4516276 0.3736329 0.4260690 0.4655353 0.4131054 0.3852817 0.4557856 0.4499882 0.3923087 0.4332241 0.4423175 0.5174483 0.4209194 0.4625796 0.4287383 0.4338240 0.5206650 0.4189319 0.4438102 0.4142711 0.4096218 0.4063284 0.4508714 0.4560151 0.5179126 0.4102335 0.4820480 0.4195856 0.4831797 0.6123344 0.4095748 0.4181983 
SRR6441723    0.3289621 0.4865254 0.4140248 0.0000000 0.6556009 0.1517533 0.2241140 0.0891079 0.1669432 0.1158473 0.0931768 0.0946114 0.0735867 0.0716159 0.1122537 0.1305952 0.1442796 0.1994658 0.1256248 0.1344001 0.1017920 0.0691344 0.0989004 0.1119477 0.0855638 0.0749428 0.1258504 0.1160503 0.1204146 0.1168867 0.1374866 0.0942332 0.1017214 0.1445526 0.1690945 0.1518676 0.1336316 0.1109843 0.0934965 0.1327215 0.1151924 0.1261230 0.1135434 0.0790291 0.3626957 0.1809419 0.1149316 0.1436335 0.1003291 0.0821665 0.0677912 0.0801799 0.0948459 0.0488722 0.0807124 0.1071263 0.0966492 0.1490393 0.1237430 0.1124216 0.1240233 0.1042808 0.1255332 0.1197277 0.1003502 0.1137987 0.1171204 0.1536923 0.1071223 0.1021390 0.1700774 0.1050755 0.1180581 0.1467155 0.1187242 0.1124572 0.1617904 0.0846458 0.1468606 0.0950636 0.0727305 0.0640303 0.1229905 0.0978114 0.0938376 0.1458848 0.0854678 0.1032955 0.0797018 0.1124853 0.1050575 0.1097880 0.1138742 0.1166802 0.1627532 0.1475500 0.0938173 0.1324316 0.0728679 0.0960269 0.1387161 0.0741163 0.0936535 0.1310319 0.0710353 0.1076889 0.0873789 0.0907900 0.1534261 0.0911092 0.1109907 0.1025541 0.1371587 0.1559158 0.1019882 0.0892220 
ERR4210213    0.0000010 0.6898127 1.0455449 0.6556009 0.0000000 0.8235139 1.2066723 0.4872974 0.4967119 0.4125326 0.4810061 0.3759179 0.4526276 0.3781807 0.6729530 0.2540303 0.3485467 0.6092043 0.4812504 0.4862745 0.3489761 0.3811830 0.6255341 0.6232953 0.4836544 0.4088417 0.4836544 0.3177699 0.4983504 0.3940209 0.3811830 0.2631098 0.5484877 0.5104585 0.7521634 0.4449851 0.2631098 0.6556051 0.4811927 0.5009269 0.2631098 0.7368578 0.5376962 9.0000000 0.0000010 0.4774921 0.3748579 0.4804612 0.5306874 0.3260537 0.3043115 0.3781807 0.5239955 0.2789802 0.3781807 0.5232452 1.1370339 0.2631098 0.7091506 0.7555603 0.2631098 0.4899086 0.2631098 0.8177989 0.5484877 0.6592370 0.5758164 0.5972399 0.4846594 0.4872974 0.7391488 0.8082349 0.4324574 0.0000010 0.4872974 0.6815998 0.4774921 0.3517675 0.4774921 0.0000010 0.3811830 0.4872974 0.8784067 0.4838568 0.4872974 0.4774921 0.3781807 0.3781807 0.4872974 0.4787047 0.7555603 0.8128054 0.3940209 0.3489761 0.6652776 0.3811830 0.4846594 0.7113179 0.2674431 0.4635423 0.3781807 0.3781807 0.3811830 0.5096625 0.4357417 0.4067140 0.5096625 0.6349103 0.3046904 0.2067611 0.3781807 0.4872974 0.7534183 0.3781807 0.4872974 0.3456094 
ERR2789774    0.3863289 0.6011103 0.4966739 0.1517533 0.8235139 0.0000000 0.2882761 0.0829640 0.1977448 0.1516940 0.1086132 0.1279712 0.1194100 0.0911260 0.1188987 0.1695551 0.1905763 0.2346095 0.1635020 0.1869465 0.1317132 0.1476256 0.1649376 0.1515103 0.1139232 0.0853419 0.1312099 0.1624241 0.1512511 0.1582971 0.1904250 0.1336151 0.1338371 0.1549866 0.2164831 0.1963381 0.1533001 0.1000825 0.1048403 0.1654860 0.1626016 0.1746252 0.1359716 0.1453185 0.3781727 0.2312464 0.1347565 0.1974782 0.1116659 0.0882906 0.1241625 0.1453239 0.1063907 0.0890632 0.1463544 0.1631520 0.1578256 0.1790345 0.1628025 0.1588921 0.1726586 0.1504400 0.1591095 0.1835710 0.1317721 0.1318426 0.1635448 0.2149739 0.1104382 0.1529805 0.2351366 0.1189142 0.1834563 0.1907801 0.1577030 0.1284584 0.2196847 0.1509344 0.1930147 0.1582090 0.1372802 0.1251062 0.1831695 0.1145439 0.1308394 0.1944056 0.0964107 0.1121428 0.1150095 0.1642752 0.1551104 0.1615267 0.1456876 0.1658343 0.1994332 0.1916219 0.1092133 0.1894556 0.1380742 0.1444715 0.1474103 0.1011795 0.0911365 0.1737403 0.0764695 0.1550479 0.1509553 0.1234075 0.1876070 0.0964262 0.1785558 0.1488997 0.1875433 0.1831849 0.1623565 0.0998523 
PAFTOL_019361 0.3177671 0.4427604 0.3430173 0.2241140 1.2066723 0.2882761 0.0000000 0.2262355 0.3254567 0.2787243 0.2540733 0.2046357 0.2121040 0.2303215 0.2566534 0.2493938 0.2311933 0.2797841 0.2403937 0.2178829 0.2155392 0.2452760 0.3103767 0.2292719 0.2674295 0.2268977 0.2700519 0.2410277 0.2354326 0.2195476 0.2280946 0.2179261 0.2243985 0.2788988 0.3319386 0.2396985 0.2405551 0.2598234 0.2549133 0.2557225 0.2258780 0.2386367 0.2347817 0.2001282 0.4364425 0.1831366 0.2488374 0.2218072 0.2400445 0.2396734 0.1926334 0.2166006 0.2570390 0.1760603 0.2181957 0.2202811 0.2302034 0.2500497 0.2237158 0.2236281 0.2258780 0.1722999 0.2541451 0.2230459 0.2145899 0.2003653 0.2377700 0.2987596 0.2643287 0.2212534 0.1952213 0.2218668 0.2160450 0.0000010 0.1843698 0.1962782 0.1720207 0.2097881 0.1883062 0.2025966 0.2191190 0.2102655 0.1999237 0.2547533 0.2511453 0.1944937 0.2413653 0.2776532 0.1888836 0.2425520 0.2265762 0.2203332 0.2102572 0.2413139 0.2841220 0.2361291 0.2473971 0.2286013 0.2168936 0.2310963 0.3221430 0.2229328 0.2535728 0.2356673 0.2391198 0.2053536 0.2477960 0.2397534 0.2953753 0.2485353 0.2561593 0.2222998 0.2506019 0.3591351 0.2234521 0.2555526 
S0055         0.3494535 0.5741519 0.4226641 0.0891079 0.4872974 0.0829640 0.2262355 0.0000000 0.1566831 0.1074863 0.0310156 0.0738179 0.0691647 0.0212107 0.0542405 0.0948088 0.1175412 0.1753556 0.0901146 0.1085207 0.0645860 0.0937504 0.0986118 0.0815846 0.0348734 0.0173451 0.0620732 0.0895640 0.0734788 0.0816995 0.1119531 0.0738653 0.0656855 0.0866172 0.1524781 0.1256881 0.0936482 0.0462771 0.0310825 0.0955898 0.0895841 0.1130403 0.0550229 0.0842853 0.3626957 0.1771474 0.0610838 0.1176204 0.0592938 0.0244351 0.0519551 0.0726491 0.0352080 0.0448190 0.0731318 0.0990726 0.0925497 0.1166824 0.1077770 0.1036128 0.0979566 0.0886804 0.0939499 0.1028404 0.0717582 0.0726672 0.0921206 0.1262831 0.0349997 0.0779808 0.1859088 0.0575913 0.1017208 0.3443784 0.0985941 0.0900570 0.1818918 0.0770297 0.1646953 0.0737072 0.0731425 0.0880583 0.1111439 0.0534359 0.0764061 0.1636032 0.0205655 0.0582145 0.0557738 0.0867207 0.0962844 0.0966437 0.0833507 0.0979342 0.1425027 0.1125487 0.0311767 0.1203938 0.0774733 0.0831419 0.0615801 0.0241802 0.0205952 0.1210336 0.0174297 0.0910301 0.0911290 0.0738696 0.1134241 0.0506113 0.1029968 0.0782928 0.1188586 0.1023663 0.0859284 0.0313606 
S0196sl       0.4777093 0.5811095 0.6513054 0.1669432 0.4967119 0.1977448 0.3254567 0.1566831 0.0000000 0.1408103 0.1572160 0.1310357 0.1597084 0.1094479 0.2104780 0.1492556 0.1735102 0.2482565 0.1492641 0.1630327 0.1187504 0.1316055 0.1653298 0.1823899 0.1497495 0.1319471 0.2037855 0.1289038 0.1920123 0.1117787 0.1494156 0.1214448 0.1485263 0.2677317 0.2710119 0.1701907 0.1202867 0.1768118 0.1571636 0.1524532 0.1408736 0.1668410 0.2103907 0.0705838 0.4716312 0.2023102 0.2237175 0.1729091 0.1695138 0.1414473 0.0834423 0.0592545 0.1806324 0.0560384 0.0592545 0.1397295 0.1209164 0.1425933 0.1800309 0.1655529 0.1218510 0.1536605 0.1010984 0.1781187 0.1544568 0.1366861 0.1948649 0.1046355 0.1592327 0.1102685 0.2216872 0.1478010 0.1700922 0.1467155 0.1200027 0.1828182 0.2308924 0.0680214 0.2021165 0.5043172 0.1027215 0.1273070 0.2070053 0.1263443 0.1667786 0.2011903 0.1399097 0.1582550 0.0887915 0.1818435 0.1479870 0.1491301 0.1455673 0.1277216 0.2669550 0.1498428 0.1379051 0.2111957 0.1193889 0.1690073 0.1584141 0.1245369 0.1469263 0.1807726 0.1263710 0.1149444 0.1526925 0.1750999 0.1442451 0.1557999 0.0673363 0.1013927 0.1725278 0.1208367 0.1009638 0.1482294 
S0281         0.3204947 0.3944288 0.4164429 0.1158473 0.4125326 0.1516940 0.2787243 0.1074863 0.1408103 0.0000000 0.1250757 0.1177728 0.1125224 0.0976158 0.1475503 0.1431328 0.1468414 0.2268336 0.1378480 0.1299398 0.1120233 0.0933405 0.1377984 0.1269283 0.1174459 0.1058363 0.1310982 0.1274810 0.1407139 0.1284417 0.1396849 0.1032851 0.1054658 0.1612152 0.1688187 0.1547822 0.1290480 0.1172512 0.1213367 0.1401561 0.1066821 0.1373060 0.1445012 0.0738304 0.5022939 0.1909014 0.1266052 0.1461562 0.1107308 0.0952985 0.0751830 0.0630578 0.1276523 0.0467472 0.0634881 0.1134081 0.0742840 0.1166251 0.1313180 0.1272625 0.0978347 0.1096629 0.1271812 0.1307142 0.0988066 0.1068173 0.1281007 0.1453561 0.1082397 0.0626351 0.1922250 0.1064685 0.1338741 0.1467155 0.0827795 0.0995347 0.1705720 0.0674448 0.1547079 0.0895960 0.0886864 0.0828760 0.1385986 0.1169019 0.1118190 0.1558421 0.1173035 0.1081802 0.0868211 0.1189561 0.1241568 0.1246592 0.0949847 0.1272732 0.1826343 0.1404959 0.1217929 0.1360181 0.0894504 0.1296636 0.1564075 0.1089060 0.1173105 0.1386898 0.0956304 0.1077155 0.1339070 0.1214455 0.1682471 0.0906539 0.0936577 0.0628852 0.1297746 0.2007684 0.0673599 0.1033122 
S0282         0.3396049 0.5791559 0.4293931 0.0931768 0.4810061 0.1086132 0.2540733 0.0310156 0.1572160 0.1250757 0.0000000 0.0942789 0.0811291 0.0248394 0.0658307 0.1206448 0.1349700 0.1892129 0.1203484 0.1256500 0.0969474 0.1017630 0.1280727 0.0943342 0.0385013 0.0208902 0.0694219 0.1115448 0.0859824 0.1117365 0.1290547 0.0861733 0.0774509 0.0950301 0.1726027 0.1432397 0.1186044 0.0576549 0.0274877 0.1266681 0.1108378 0.1316180 0.0792200 0.0973692 0.3626957 0.2026682 0.0806803 0.1350500 0.0795717 0.0391097 0.0679560 0.0844979 0.0387133 0.0607177 0.0850622 0.1164223 0.1189997 0.1394757 0.1159433 0.1356856 0.1195967 0.1173158 0.1202615 0.1332942 0.0882888 0.0965695 0.1137314 0.1496542 0.0421600 0.0984154 0.2221789 0.0851689 0.1095186 0.1467155 0.1233477 0.1070354 0.2076127 0.0890414 0.1893795 0.0960091 0.0888985 0.1086042 0.1281661 0.0572145 0.0921156 0.1881199 0.0240796 0.0658375 0.0759483 0.1039942 0.1237041 0.1287016 0.1091773 0.1195589 0.1613367 0.1297612 0.0347671 0.1377845 0.0896933 0.1048183 0.0654503 0.0277356 0.0420756 0.1444280 0.0174272 0.1123788 0.0997992 0.0904318 0.1414052 0.0582869 0.1157834 0.0988158 0.1474337 0.0983336 0.1066448 0.0423629 
S0289         0.3188570 0.4562409 0.4294713 0.0946114 0.3759179 0.1279712 0.2046357 0.0738179 0.1310357 0.1177728 0.0942789 0.0000000 0.0913571 0.0643097 0.1140660 0.0506013 0.0994684 0.1659556 0.0422453 0.0965177 0.0204300 0.0825574 0.0937648 0.0989005 0.0907932 0.0675058 0.1181537 0.0386660 0.0987451 0.0351658 0.0951330 0.0469951 0.0780692 0.1249528 0.1587317 0.1028821 0.0481832 0.0689214 0.0862393 0.0464620 0.0543777 0.0508413 0.0919743 0.0891071 0.4351349 0.1492191 0.1032828 0.0950826 0.0849425 0.0580116 0.0646879 0.0814903 0.1003412 0.0494054 0.0820403 0.1089097 0.1015493 0.0752489 0.0910355 0.0426282 0.0543777 0.0541249 0.0424617 0.0958273 0.0886189 0.0687361 0.0980063 0.1309519 0.0913116 0.0914855 0.1480013 0.0824016 0.1029633 0.1467155 0.0954666 0.0740130 0.1486935 0.0860460 0.1418786 0.0381642 0.0741300 0.0733204 0.1082985 0.0778776 0.0864169 0.1409344 0.0824933 0.0824076 0.0487369 0.0427626 0.0318088 0.0357580 0.0513162 0.0386533 0.1336729 0.1042577 0.0865350 0.1126508 0.0623200 0.1012155 0.1312097 0.0667678 0.0814465 0.1305128 0.0677162 0.0433064 0.1054984 0.0873656 0.0590744 0.0749208 0.1129249 0.0918616 0.0549203 0.1679764 0.0997317 0.0691688 
S0292         0.3048781 0.4599640 0.4236866 0.0735867 0.4526276 0.1194100 0.2121040 0.0691647 0.1597084 0.1125224 0.0811291 0.0913571 0.0000000 0.0639386 0.0955088 0.1281629 0.1370131 0.1823103 0.1046822 0.1271618 0.0901806 0.0699477 0.1142390 0.1048486 0.0776831 0.0512069 0.1003585 0.1046693 0.1046803 0.1048786 0.1303097 0.0870802 0.0862408 0.1364183 0.1504115 0.1446706 0.1094355 0.0991815 0.0733377 0.1203207 0.0993752 0.1280030 0.1109232 0.0756439 0.4653444 0.1833437 0.0943854 0.1363894 0.0884031 0.0710807 0.0558782 0.0730882 0.0867631 0.0412522 0.0735769 0.1082384 0.0845585 0.1323634 0.1170322 0.1228958 0.1080351 0.0925068 0.1134297 0.1166422 0.0802730 0.0941451 0.1009133 0.1413801 0.0862487 0.0866074 0.1720032 0.0852491 0.1013455 0.4201283 0.0987672 0.1003414 0.1729189 0.0687356 0.1581643 0.1123202 0.0656216 0.0726132 0.1163220 0.0700223 0.0657116 0.1571007 0.0696706 0.0915103 0.0723159 0.1051192 0.1065834 0.1113998 0.0977171 0.1135154 0.1340983 0.1260250 0.0735817 0.1257548 0.0576244 0.0389398 0.1079420 0.0544810 0.0611373 0.0660088 0.0632477 0.0918570 0.0388421 0.0276941 0.1345020 0.0753474 0.1036738 0.0869587 0.1392614 0.1459693 0.0863413 0.0777816 
S0293         0.3237219 0.4831880 0.4125949 0.0716159 0.3781807 0.0911260 0.2303215 0.0212107 0.1094479 0.0976158 0.0248394 0.0643097 0.0639386 0.0000000 0.0481020 0.0902554 0.0990924 0.1453716 0.0896148 0.0898924 0.0673321 0.0762445 0.0835272 0.0765068 0.0175417 0.0107170 0.0644699 0.0850395 0.0722770 0.0812092 0.0937161 0.0772165 0.0602043 0.0816230 0.1340827 0.1073049 0.0838209 0.0402494 0.0248952 0.0958220 0.0936839 0.1091777 0.0609322 0.0740458 0.3626957 0.1691146 0.0675870 0.0991704 0.0617167 0.0216568 0.0458290 0.0552753 0.0177100 0.0342893 0.0556513 0.0985944 0.0876288 0.1129548 0.0939692 0.0997775 0.0936839 0.0877323 0.0853100 0.0974622 0.0660597 0.0670570 0.0776173 0.1211612 0.0363405 0.0766833 0.1883533 0.0637138 0.0963277 0.1467155 0.0874606 0.0809909 0.1689013 0.0595517 0.1516547 0.0896467 0.0718172 0.0789088 0.1062678 0.0361611 0.0713187 0.1498886 0.0069194 0.0444119 0.0494176 0.0769726 0.0921514 0.0969245 0.0830573 0.0936633 0.1229833 0.0942102 0.0249725 0.1157036 0.0597986 0.0872418 0.0560480 0.0141721 0.0286795 0.1178228 0.0106688 0.0816266 0.0910275 0.0730667 0.1100197 0.0368552 0.0852233 0.0770004 0.1201278 0.0878917 0.0848805 0.0250834 
S0294         0.3196975 0.5959365 0.4409287 0.1122537 0.6729530 0.1188987 0.2566534 0.0542405 0.2104780 0.1475503 0.0658307 0.1140660 0.0955088 0.0481020 0.0000000 0.1229369 0.1556901 0.1974869 0.1418098 0.1458469 0.1120320 0.1171661 0.1491556 0.0874299 0.0703435 0.0515840 0.0965945 0.1318026 0.0917332 0.1369181 0.1492739 0.1187206 0.0997992 0.0874096 0.1822871 0.1642468 0.1425476 0.0876493 0.0618752 0.1424928 0.1276776 0.1536153 0.0894615 0.1131620 0.3626957 0.2016959 0.0979751 0.1557699 0.1028345 0.0595366 0.0862078 0.1028183 0.0631005 0.0699816 0.1035231 0.1364395 0.1254574 0.1583099 0.1343105 0.1337178 0.1369682 0.1243704 0.1460087 0.1254331 0.1074310 0.1030185 0.1373502 0.1661118 0.0582418 0.1179959 0.2108786 0.0869463 0.1235373 0.1826667 0.1320867 0.1223434 0.2067199 0.1032232 0.1836965 0.0952006 0.1123150 0.1148315 0.1429402 0.0864860 0.1069991 0.1824522 0.0462608 0.0962138 0.0860179 0.1336399 0.1307023 0.1358763 0.1262022 0.1504558 0.1798212 0.1458338 0.0620777 0.1489687 0.1045547 0.1049220 0.0917126 0.0468213 0.0741856 0.1326757 0.0479668 0.1335169 0.1102626 0.0923524 0.1569664 0.0798701 0.1362132 0.1184926 0.1507994 0.1456700 0.1266770 0.0747301 
S0299         0.3460271 0.5390826 0.4399432 0.1305952 0.2540303 0.1695551 0.2493938 0.0948088 0.1492556 0.1431328 0.1206448 0.0506013 0.1281629 0.0902554 0.1229369 0.0000000 0.1372721 0.2164408 0.0651343 0.1339610 0.0382336 0.1074575 0.1246296 0.1143178 0.1176543 0.0933359 0.1374785 0.0537724 0.1141307 0.0578218 0.1374415 0.0622592 0.1003161 0.1509697 0.1940753 0.1456783 0.0702197 0.1045482 0.1127027 0.0616507 0.0663676 0.0786072 0.1072436 0.1046304 0.3385348 0.1554734 0.1179620 0.1373533 0.1079328 0.0839295 0.0910875 0.1034766 0.1275166 0.0796922 0.1041895 0.1519864 0.1313125 0.0880241 0.1161969 0.0700373 0.0663676 0.0822286 0.0654654 0.1326696 0.1121108 0.0997489 0.1263567 0.1572923 0.0994167 0.1140215 0.1541954 0.1043591 0.1183107 0.1467155 0.1092591 0.1003167 0.1601331 0.1084026 0.1486672 0.0380202 0.0998794 0.1027891 0.1281507 0.1037828 0.1170042 0.1476656 0.1088284 0.1101725 0.0779509 0.0664494 0.0628742 0.0630969 0.0637032 0.0650997 0.1868867 0.1382238 0.1131088 0.1390571 0.0957960 0.1312626 0.1609454 0.0922926 0.1177125 0.1683434 0.0936345 0.0681433 0.1444345 0.1248965 0.0710253 0.1052787 0.1371285 0.1145029 0.0836642 0.1914197 0.1226802 0.1001433 
S0303         0.3675051 0.5273349 0.4968077 0.1442796 0.3485467 0.1905763 0.2311933 0.1175412 0.1735102 0.1468414 0.1349700 0.0994684 0.1370131 0.0990924 0.1556901 0.1372721 0.0000000 0.1048822 0.1238192 0.0171243 0.1081941 0.1302548 0.1307092 0.1283279 0.1365531 0.1115065 0.1416430 0.1229967 0.1233201 0.1238967 0.0100676 0.0958570 0.0956190 0.1709745 0.1678139 0.0133569 0.1264704 0.1363616 0.1313132 0.1300679 0.1125153 0.1192017 0.1392519 0.1082407 0.3626957 0.1807076 0.1305583 0.0100651 0.1110972 0.1144508 0.0907193 0.0908454 0.1423252 0.0717059 0.0914680 0.1124624 0.1176394 0.1318578 0.1177931 0.1182637 0.1125153 0.0938427 0.1226291 0.0709589 0.0936008 0.0946972 0.1190674 0.1545400 0.1213204 0.1140929 0.2016534 0.1260353 0.1075060 0.0000010 0.0954491 0.1110991 0.1978555 0.0955902 0.1974114 0.0946739 0.0950611 0.1116815 0.1181053 0.1167747 0.1269130 0.1960547 0.1273470 0.1430604 0.0910964 0.1189461 0.1157336 0.1161838 0.1150990 0.1179230 0.1293618 0.0239711 0.1318020 0.1225853 0.1086482 0.1498807 0.1819610 0.1058768 0.1222459 0.1626173 0.1163455 0.1089966 0.1530107 0.1483931 0.1561153 0.1329512 0.1135176 0.1096215 0.1250181 0.2122658 0.1227514 0.1224027 
S0308         0.3790527 0.6093589 0.5517245 0.1994658 0.6092043 0.2346095 0.2797841 0.1753556 0.2482565 0.2268336 0.1892129 0.1659556 0.1823103 0.1453716 0.1974869 0.2164408 0.1048822 0.0000000 0.2056172 0.0965004 0.1758243 0.1625756 0.2231610 0.1998365 0.1915055 0.1686331 0.1899209 0.1866206 0.1939121 0.1951665 0.1039901 0.1620138 0.1457656 0.2174642 0.1987642 0.1175791 0.1772342 0.1779379 0.1882494 0.1984929 0.1808516 0.1971107 0.1969647 0.1872405 0.4351349 0.2436235 0.1841775 0.1054411 0.1594873 0.1658486 0.1430693 0.1681927 0.1834948 0.1358146 0.1693864 0.1825451 0.1925482 0.2046789 0.1575148 0.1954634 0.1808516 0.1669531 0.1950755 0.1082422 0.1399724 0.1602248 0.1779547 0.2086583 0.1957167 0.1864048 0.2565394 0.1703627 0.1651337 0.1472617 0.1537850 0.1576489 0.2578985 0.1741160 0.2572802 0.1631563 0.1543821 0.1727080 0.1513844 0.1803845 0.1797758 0.2554957 0.1812761 0.1918871 0.1418273 0.1836059 0.1812339 0.1883929 0.1852698 0.1722953 0.1679889 0.1052184 0.1889961 0.1618666 0.1644403 0.2130956 0.2295197 0.1675823 0.1647017 0.2212716 0.1701839 0.1846198 0.2133389 0.2002433 0.2412564 0.1846603 0.2077094 0.1872406 0.2157836 0.2852250 0.1843221 0.1688456 
S0320         0.3332409 0.4708412 0.4503707 0.1256248 0.4812504 0.1635020 0.2403937 0.0901146 0.1492641 0.1378480 0.1203484 0.0422453 0.1046822 0.0896148 0.1418098 0.0651343 0.1238192 0.2056172 0.0000000 0.1201170 0.0344887 0.0944646 0.1074444 0.1213229 0.1123271 0.0926801 0.1418838 0.0534190 0.1211260 0.0459968 0.1233265 0.0622787 0.0909116 0.1395018 0.1850014 0.1314353 0.0520055 0.0985460 0.1119193 0.0495300 0.0698016 0.0704681 0.1143480 0.1037336 0.4109466 0.1854404 0.1169481 0.1232512 0.1073207 0.0871382 0.0735280 0.0988700 0.1271993 0.0706224 0.0995472 0.1322248 0.1203919 0.0915329 0.1187919 0.0616530 0.0698016 0.0906586 0.0573639 0.1232080 0.1021328 0.0937599 0.1119158 0.1514941 0.1175488 0.1096178 0.1792947 0.1040200 0.1179438 0.1467155 0.1050817 0.0862012 0.1801756 0.1037126 0.1725297 0.0515187 0.0829658 0.0941482 0.1271181 0.1030648 0.1081402 0.1713668 0.1080702 0.1093955 0.0693893 0.0543710 0.0506248 0.0505850 0.0668658 0.0610798 0.1486217 0.1240095 0.1037603 0.1369251 0.0746432 0.1200263 0.1503844 0.0875938 0.1080777 0.1515604 0.0929740 0.0673462 0.1285981 0.1093496 0.0588034 0.1002689 0.1320097 0.1100783 0.0747843 0.1820267 0.1181961 0.0948612 
S0322         0.3484535 0.5229994 0.4647358 0.1344001 0.4862745 0.1869465 0.2178829 0.1085207 0.1630327 0.1299398 0.1256500 0.0965177 0.1271618 0.0898924 0.1458469 0.1339610 0.0171243 0.0965004 0.1201170 0.0000000 0.1045708 0.1206961 0.1236744 0.1330226 0.1180383 0.1024049 0.1228891 0.1193153 0.1279626 0.1201957 0.0100789 0.0922266 0.0778264 0.1626011 0.1559600 0.0204834 0.1273922 0.1269222 0.1220129 0.1313189 0.1088855 0.1196070 0.1397067 0.1039291 0.3626957 0.1811346 0.1262236 0.0171529 0.1118076 0.1053929 0.0810536 0.0945919 0.1327053 0.0710510 0.0952395 0.1032883 0.1126187 0.1281750 0.1091860 0.1145960 0.1088855 0.0941069 0.1189606 0.0586415 0.0800130 0.0862052 0.1101975 0.1392284 0.1122724 0.0991500 0.1960198 0.1168775 0.0981519 0.0000010 0.0900267 0.1017366 0.1922336 0.0993725 0.1918066 0.0941826 0.0862793 0.1108755 0.1087223 0.1078255 0.1128210 0.1904908 0.1180884 0.1333975 0.0772493 0.1100502 0.1120128 0.1079901 0.1113949 0.1142636 0.1298194 0.0170129 0.1224602 0.1130959 0.0995169 0.1395327 0.1659784 0.0969683 0.1131247 0.1512999 0.1071252 0.1053425 0.1427125 0.1381862 0.1523126 0.1289295 0.1173796 0.0948810 0.1260331 0.1997455 0.1178047 0.1132618 
S0327         0.3177272 0.4269948 0.4015510 0.1017920 0.3489761 0.1317132 0.2155392 0.0645860 0.1187504 0.1120233 0.0969474 0.0204300 0.0901806 0.0673321 0.1120320 0.0382336 0.1081941 0.1758243 0.0344887 0.1045708 0.0000000 0.0815146 0.0846489 0.0984456 0.0935086 0.0704660 0.1166476 0.0271934 0.0982915 0.0238051 0.1077661 0.0349254 0.0777198 0.1243618 0.1578128 0.1156052 0.0309419 0.0812626 0.0889836 0.0276072 0.0420227 0.0460127 0.0915491 0.0841680 0.4351349 0.1471992 0.1020114 0.1077054 0.0838965 0.0657834 0.0643115 0.0767564 0.1029990 0.0489440 0.0772684 0.1122467 0.0970291 0.0617069 0.1002514 0.0383651 0.0420227 0.0572405 0.0307890 0.0947954 0.0882069 0.0767771 0.0967741 0.1260082 0.0897234 0.0822105 0.1368051 0.0772418 0.1029998 0.3443784 0.0894397 0.0698941 0.1423537 0.0812022 0.1357622 0.0245684 0.0694906 0.0683826 0.1083313 0.0806892 0.0811116 0.1348709 0.0852808 0.0862945 0.0441474 0.0276602 0.0314886 0.0315925 0.0392052 0.0342774 0.1378795 0.1083348 0.0892857 0.1089252 0.0615578 0.0967037 0.1335726 0.0697058 0.0852880 0.1359243 0.0706832 0.0391965 0.1049256 0.0869044 0.0428666 0.0777930 0.1074877 0.0825406 0.0503017 0.1635890 0.0902318 0.0729361 
S0335         0.3160585 0.4325816 0.4007238 0.0691344 0.3811830 0.1476256 0.2452760 0.0937504 0.1316055 0.0933405 0.1017630 0.0825574 0.0699477 0.0762445 0.1171661 0.1074575 0.1302548 0.1625756 0.0944646 0.1206961 0.0815146 0.0000000 0.1082679 0.1258343 0.0945546 0.0794791 0.1261388 0.0950164 0.1256287 0.0911482 0.1238149 0.0735907 0.0809270 0.1487738 0.1596038 0.1377655 0.1043565 0.1072688 0.0982182 0.1057870 0.0937001 0.1133525 0.1141266 0.0841798 0.3626957 0.1770548 0.1200112 0.1296692 0.0879995 0.0784881 0.0517354 0.0686707 0.1079900 0.0410510 0.0691259 0.1205045 0.0844366 0.1167558 0.1213868 0.1084905 0.0937001 0.0879585 0.0954613 0.1200642 0.0790860 0.1015793 0.1085748 0.1203211 0.1027099 0.0900438 0.1659262 0.0930412 0.1147759 0.1467155 0.1022789 0.0946606 0.1576347 0.0729941 0.1427557 0.0713102 0.0609227 0.0529091 0.1296380 0.0941332 0.0732924 0.1418035 0.0944469 0.1082335 0.0717722 0.0955360 0.0925986 0.0971999 0.0874391 0.0949012 0.1467822 0.1204165 0.0985597 0.1393875 0.0536994 0.0922649 0.1351543 0.0745581 0.0983864 0.1181374 0.0796090 0.0910233 0.0836447 0.0870791 0.1303477 0.0873861 0.0986892 0.0904077 0.1240292 0.1739973 0.0810829 0.0813156 
S0345         0.4118815 0.4682632 0.4838752 0.0989004 0.6255341 0.1649376 0.3103767 0.0986118 0.1653298 0.1377984 0.1280727 0.0937648 0.1142390 0.0835272 0.1491556 0.1246296 0.1307092 0.2231610 0.1074444 0.1236744 0.0846489 0.1082679 0.0000000 0.1074366 0.1218489 0.1004875 0.1398065 0.1055192 0.1213501 0.0924606 0.1145969 0.1232639 0.0992445 0.1905578 0.1569260 0.1298461 0.0989663 0.0922560 0.1361116 0.1238779 0.1295246 0.1556561 0.1255996 0.0604896 0.2918821 0.1521120 0.1291180 0.1314064 0.1176723 0.0874622 0.0499043 0.0847414 0.1381689 0.0704452 0.0847414 0.1281095 0.0870196 0.1307529 0.1584754 0.1463125 0.1295246 0.0916740 0.0913692 0.1305508 0.1088233 0.0915824 0.1250291 0.1983788 0.1073254 0.0784942 0.1753752 0.0988925 0.1547473 0.3453749 0.1206855 0.1076927 0.2116425 0.0852659 0.2028754 0.0679934 0.0927601 0.0716618 0.1696687 0.0905673 0.0926019 0.2006626 0.1139241 0.0934034 0.0679967 0.1296402 0.1253596 0.1270759 0.1110737 0.1194782 0.1389524 0.1148342 0.1212596 0.1722272 0.0723071 0.1335520 0.1789770 0.0950850 0.1130589 0.1215612 0.0959756 0.0948787 0.1017965 0.1238625 0.1590704 0.0884865 0.0915309 0.0719064 0.1589910 0.1056904 0.0784942 0.0984950 
S0376         0.3286686 0.4567814 0.4251344 0.1119477 0.6232953 0.1515103 0.2292719 0.0815846 0.1823899 0.1269283 0.0943342 0.0989005 0.1048486 0.0765068 0.0874299 0.1143178 0.1283279 0.1998365 0.1213229 0.1330226 0.0984456 0.1258343 0.1074366 0.0000000 0.0947517 0.0670983 0.0885302 0.1038657 0.0133697 0.1182707 0.1274257 0.1006943 0.0942490 0.1037879 0.1742404 0.1366961 0.1156009 0.0894816 0.0819662 0.1226490 0.1093462 0.1340625 0.0784225 0.0981446 0.3091138 0.1477313 0.0991405 0.1233272 0.1018473 0.0701419 0.0950143 0.0859964 0.1044093 0.0620142 0.0865812 0.1319392 0.0975664 0.1329735 0.1275265 0.1179704 0.1182875 0.0981214 0.1270467 0.1089209 0.1014783 0.0932355 0.1159460 0.1701673 0.0865146 0.1129661 0.1468805 0.0944792 0.1303229 0.0000010 0.1216198 0.0903347 0.1717599 0.0906408 0.1507225 0.1124276 0.1074723 0.1145245 0.1353289 0.0726478 0.1162837 0.1517723 0.0863952 0.0918112 0.0934174 0.1190362 0.1105087 0.1109342 0.0924470 0.1116934 0.1779455 0.1329814 0.0860928 0.1361244 0.1034776 0.1102018 0.1265206 0.0746045 0.0947955 0.1322319 0.0756666 0.1104045 0.1186785 0.1045196 0.1554380 0.0794077 0.1135878 0.1134396 0.1190850 0.1741878 0.1215481 0.0864234 
S0400         0.3968734 0.5808783 0.4505452 0.0855638 0.4836544 0.1139232 0.2674295 0.0348734 0.1497495 0.1174459 0.0385013 0.0907932 0.0776831 0.0175417 0.0703435 0.1176543 0.1365531 0.1915055 0.1123271 0.1180383 0.0935086 0.0945546 0.1218489 0.0947517 0.0000000 0.0246682 0.0662579 0.1120473 0.0863592 0.1082253 0.1305496 0.0956114 0.0865649 0.1000727 0.1689102 0.1449171 0.1146219 0.0542198 0.0385837 0.1195135 0.1121015 0.1373463 0.0840399 0.0893356 0.3626957 0.1989617 0.0772526 0.1366338 0.0763767 0.0356667 0.0643931 0.0731523 0.0350756 0.0491024 0.0736415 0.1171149 0.1066090 0.1411170 0.1213180 0.1321128 0.1209688 0.1143851 0.1167463 0.1297755 0.0935645 0.0931412 0.1101585 0.1419078 0.0501605 0.1034729 0.2079980 0.0817188 0.1198546 0.4833142 0.1145253 0.1122486 0.1992981 0.0775668 0.1758737 0.1047867 0.0817643 0.0969306 0.1337030 0.0538039 0.0931333 0.1746998 0.0204903 0.0623762 0.0724947 0.1046116 0.1201010 0.1158971 0.1107060 0.1209295 0.1576860 0.1312731 0.0387032 0.1435132 0.0781319 0.1012616 0.0699358 0.0315789 0.0386900 0.1408585 0.0211683 0.1088407 0.1049453 0.0869393 0.1378034 0.0548178 0.1037290 0.1038976 0.1489033 0.1039110 0.1033191 0.0389540 
S0405         0.3528671 0.5559153 0.4290884 0.0749428 0.4088417 0.0853419 0.2268977 0.0173451 0.1319471 0.1058363 0.0208902 0.0675058 0.0512069 0.0107170 0.0515840 0.0933359 0.1115065 0.1686331 0.0926801 0.1024049 0.0704660 0.0794791 0.1004875 0.0670983 0.0246682 0.0000000 0.0593738 0.0881207 0.0590848 0.0843244 0.1055910 0.0720245 0.0756089 0.0889505 0.1364138 0.1197792 0.0921199 0.0397041 0.0138528 0.0989040 0.0881395 0.1121765 0.0559933 0.0775472 0.3091138 0.1667620 0.0624741 0.1115867 0.0691000 0.0250595 0.0572900 0.0624454 0.0249059 0.0379256 0.0628672 0.1059352 0.0909168 0.1206873 0.0970163 0.1072073 0.0967213 0.0907502 0.0926128 0.1053113 0.0822565 0.0742691 0.0855574 0.1396814 0.0210083 0.0840627 0.1857126 0.0708787 0.0950609 0.1467155 0.0913279 0.0882737 0.1768459 0.0667775 0.1594558 0.0837857 0.0669234 0.0820777 0.1092199 0.0355562 0.0742615 0.1583744 0.0103878 0.0476408 0.0570885 0.0806709 0.0952772 0.1000309 0.0862282 0.0966990 0.1316692 0.1064867 0.0138943 0.1186140 0.0631920 0.0815368 0.0512754 0.0069261 0.0282422 0.1159638 0.0070437 0.0847595 0.0810604 0.0637976 0.1125685 0.0399481 0.0926493 0.0844088 0.1230929 0.0855082 0.0922792 0.0283248 
S0412sl       0.3750451 0.6045568 0.4048561 0.1258504 0.4836544 0.1312099 0.2700519 0.0620732 0.2037855 0.1310982 0.0694219 0.1181537 0.1003585 0.0644699 0.0965945 0.1374785 0.1416430 0.1899209 0.1418838 0.1228891 0.1166476 0.1261388 0.1398065 0.0885302 0.0662579 0.0593738 0.0000000 0.1234783 0.0800646 0.1327258 0.1355179 0.1097251 0.1089663 0.1130152 0.1891832 0.1500742 0.1325686 0.0704877 0.0616932 0.1488894 0.1274393 0.1429831 0.0979540 0.1028146 0.3626957 0.1973185 0.0745810 0.1469870 0.1031120 0.0512328 0.0865665 0.1031201 0.0829801 0.0707163 0.1038284 0.1314666 0.1360498 0.1523712 0.1368791 0.1376345 0.1367078 0.1244930 0.1313637 0.1362082 0.1080739 0.1109219 0.1261532 0.1571797 0.0735948 0.1229309 0.2237013 0.0998648 0.1253188 0.1467155 0.1194551 0.1137511 0.2116761 0.1080295 0.2064923 0.1036864 0.1122920 0.1271660 0.1452145 0.0739630 0.1201831 0.2050842 0.0662803 0.0665530 0.0952860 0.1245122 0.1300470 0.1259649 0.1260530 0.1366538 0.1742431 0.1320358 0.0739489 0.1499455 0.1045091 0.1193405 0.1045403 0.0705616 0.0661554 0.1464803 0.0473194 0.1191143 0.1146885 0.1045403 0.1589616 0.0584874 0.1264068 0.1183808 0.1496056 0.1526674 0.1317178 0.0700417 
S0417         0.3197278 0.4716738 0.4348975 0.1160503 0.3177699 0.1624241 0.2410277 0.0895640 0.1289038 0.1274810 0.1115448 0.0386660 0.1046693 0.0850395 0.1318026 0.0537724 0.1229967 0.1866206 0.0534190 0.1193153 0.0271934 0.0950164 0.1055192 0.1038657 0.1120473 0.0881207 0.1234783 0.0000000 0.1037016 0.0385578 0.1225094 0.0465097 0.0955813 0.1360477 0.1762161 0.1214942 0.0477240 0.0979803 0.1032517 0.0541843 0.0541118 0.0580327 0.1063707 0.0939130 0.4351349 0.1639542 0.1123343 0.1224349 0.0885609 0.0789440 0.0776538 0.0899448 0.1222331 0.0620187 0.0905561 0.1271785 0.1163943 0.0748530 0.1189729 0.0539670 0.0541118 0.0775871 0.0458502 0.1176633 0.1070886 0.0900383 0.1112956 0.1473252 0.1168091 0.0956906 0.1626186 0.0947977 0.1223265 0.1467155 0.1060461 0.0878954 0.1589019 0.0946342 0.1475549 0.0379439 0.0825196 0.0892202 0.1273232 0.0984753 0.1074658 0.1465687 0.1033961 0.1046568 0.0646532 0.0465272 0.0469242 0.0470844 0.0554971 0.0494796 0.1640770 0.1231841 0.1075951 0.1371604 0.0742436 0.1160326 0.1544017 0.0871477 0.1034035 0.1572234 0.0883990 0.0514176 0.1245971 0.1060126 0.0668861 0.0914693 0.1221666 0.0960840 0.0621852 0.1819212 0.1039974 0.0903640 
S0427         0.3530509 0.4686669 0.4162297 0.1204146 0.4983504 0.1512511 0.2354326 0.0734788 0.1920123 0.1407139 0.0859824 0.0987451 0.1046803 0.0722770 0.0917332 0.1141307 0.1233201 0.1939121 0.1211260 0.1279626 0.0982915 0.1256287 0.1213501 0.0133697 0.0863592 0.0590848 0.0800646 0.1037016 0.0000000 0.1180782 0.1224642 0.1005331 0.0941020 0.1036229 0.1785382 0.1316215 0.1153886 0.0812613 0.0738254 0.1224468 0.1179053 0.1338361 0.0702879 0.1024900 0.3626957 0.1569243 0.0906515 0.1183988 0.1016824 0.0621736 0.0948590 0.0858637 0.0957587 0.0619144 0.0864467 0.1317205 0.1104195 0.1419373 0.1225681 0.1177786 0.1269802 0.0979683 0.1268367 0.1169165 0.1013144 0.0930917 0.1203269 0.1654081 0.0863801 0.1127847 0.1655650 0.0943315 0.1252325 0.0000010 0.1271192 0.0901948 0.1812885 0.0904995 0.1598639 0.1040605 0.1073015 0.1143429 0.1303231 0.0725389 0.1160966 0.1609814 0.0781491 0.0916669 0.0932665 0.1100375 0.1103285 0.1107524 0.0965297 0.1115154 0.1768724 0.1279228 0.0778723 0.1401491 0.1033136 0.1100217 0.1174784 0.0665137 0.0863985 0.1411573 0.0674558 0.1146255 0.1184838 0.1043529 0.1551654 0.0792838 0.1177890 0.1132552 0.1278400 0.1629709 0.1213503 0.0781761 
S0428sl       0.3128914 0.4591366 0.4145346 0.1168867 0.3940209 0.1582971 0.2195476 0.0816995 0.1117787 0.1284417 0.1117365 0.0351658 0.1048786 0.0812092 0.1369181 0.0578218 0.1238967 0.1951665 0.0459968 0.1201957 0.0238051 0.0911482 0.0924606 0.1182707 0.1082253 0.0843244 0.1327258 0.0385578 0.1180782 0.0000000 0.1234039 0.0468563 0.0962858 0.1406759 0.1762620 0.1315119 0.0438358 0.0993886 0.1034265 0.0505929 0.0542133 0.0584633 0.1112313 0.0987776 0.4351349 0.1487159 0.1171587 0.1233283 0.0986074 0.0833846 0.0737174 0.0905998 0.1183320 0.0578847 0.0912191 0.1281041 0.1113782 0.0749983 0.1198491 0.0543667 0.0542133 0.0781551 0.0385054 0.1185210 0.1027407 0.0945531 0.1121264 0.1429880 0.1129518 0.1050809 0.1538768 0.0995790 0.1232477 0.1467155 0.1069724 0.0880415 0.1501512 0.0953249 0.1432599 0.0380901 0.0831281 0.0898656 0.1282502 0.0947227 0.1036638 0.1423014 0.0996063 0.1008226 0.0651497 0.0428332 0.0472767 0.0474399 0.0556039 0.0459637 0.1599054 0.1240879 0.0992630 0.1381583 0.0747927 0.1168989 0.1503799 0.0833915 0.0996128 0.1583593 0.0845911 0.0515159 0.1255178 0.1008464 0.0587840 0.0918684 0.1230552 0.1055192 0.0672686 0.1783654 0.1135777 0.0866339 
S0430         0.3744840 0.5597401 0.5132992 0.1374866 0.3811830 0.1904250 0.2280946 0.1119531 0.1494156 0.1396849 0.1290547 0.0951330 0.1303097 0.0937161 0.1492739 0.1374415 0.0100676 0.1039901 0.1233265 0.0100789 0.1077661 0.1238149 0.1145969 0.1274257 0.1305496 0.1055910 0.1355179 0.1225094 0.1224642 0.1234039 0.0000000 0.0954706 0.0862449 0.1660500 0.1716631 0.0099866 0.1259048 0.1303597 0.1254400 0.1345364 0.1120706 0.1228054 0.1382410 0.1071932 0.3091138 0.1792861 0.1296497 0.0066894 0.1153305 0.1088648 0.0810487 0.0853715 0.1361603 0.0663272 0.0859479 0.1021029 0.1112687 0.1313406 0.1076089 0.1177944 0.1120706 0.0932521 0.1221450 0.0619312 0.0886992 0.0854247 0.1136765 0.1423930 0.1156849 0.1079727 0.1990470 0.1202935 0.1014319 0.0000010 0.0888059 0.1049821 0.1952888 0.0899755 0.1948569 0.1016010 0.0852991 0.1096085 0.1119032 0.1112369 0.1159837 0.1935304 0.1215320 0.1368619 0.0853724 0.1184715 0.1152665 0.1157134 0.1146362 0.1174559 0.1330184 0.0133696 0.1258987 0.1162682 0.1027066 0.1427120 0.1749364 0.1004524 0.1165582 0.1552148 0.1106442 0.1085613 0.1458458 0.1413354 0.1554994 0.1324076 0.1074385 0.1036144 0.1245175 0.2035801 0.1164278 0.1167013 
S0478         0.3268777 0.5217414 0.4633651 0.0942332 0.2631098 0.1336151 0.2179261 0.0738653 0.1214448 0.1032851 0.0861733 0.0469951 0.0870802 0.0772165 0.1187206 0.0622592 0.0958570 0.1620138 0.0622787 0.0922266 0.0349254 0.0735907 0.1232639 0.1006943 0.0956114 0.0720245 0.1097251 0.0465097 0.1005331 0.0468563 0.0954706 0.0000000 0.0659973 0.1321799 0.1721004 0.1032461 0.0573548 0.0869752 0.0909642 0.0590108 0.0384969 0.0624873 0.0936492 0.0893790 0.4612619 0.1493430 0.0997750 0.0954198 0.0674632 0.0670056 0.0607988 0.0774073 0.1006269 0.0496233 0.0779285 0.1045016 0.1025760 0.0659039 0.1052548 0.0583306 0.0459057 0.0613011 0.0544099 0.1001767 0.0802053 0.0822924 0.0929180 0.1219617 0.0909972 0.0911797 0.1481239 0.0777863 0.0985015 0.1467155 0.0794631 0.0840864 0.1444161 0.0819031 0.1434978 0.0311853 0.0616473 0.0767895 0.1134496 0.0824618 0.0905624 0.1431551 0.0871767 0.0966674 0.0562960 0.0509496 0.0512087 0.0513869 0.0507536 0.0501262 0.1556026 0.0959642 0.0912805 0.1229371 0.0620601 0.0893145 0.1367625 0.0708900 0.0871839 0.1423407 0.0722516 0.0510839 0.0930121 0.0881867 0.0765328 0.0795164 0.1084957 0.0915528 0.0714418 0.1805868 0.0994030 0.0745231 
S0552sl       0.3104373 0.4985776 0.4526613 0.1017214 0.5484877 0.1338371 0.2243985 0.0656855 0.1485263 0.1054658 0.0774509 0.0780692 0.0862408 0.0602043 0.0997992 0.1003161 0.0956190 0.1457656 0.0909116 0.0778264 0.0777198 0.0809270 0.0992445 0.0942490 0.0865649 0.0756089 0.1089663 0.0955813 0.0941020 0.0962858 0.0862449 0.0659973 0.0000000 0.0992379 0.1446134 0.0991699 0.0892510 0.0896871 0.0902223 0.0963036 0.0942499 0.1140518 0.0917561 0.0880693 0.3626957 0.1729324 0.0986886 0.0913712 0.0757107 0.0621371 0.0250932 0.0766846 0.0913943 0.0532238 0.0771960 0.0867688 0.0833153 0.1128515 0.1081433 0.0990600 0.0942499 0.0762943 0.1046992 0.0903078 0.0102266 0.0571816 0.0834000 0.0835347 0.0902271 0.0809465 0.1759367 0.0730948 0.0965954 0.0000010 0.0842339 0.0822926 0.1675397 0.0811293 0.1671890 0.0727979 0.0534148 0.0720687 0.1070174 0.0819200 0.0693387 0.1660651 0.0783394 0.0960098 0.0555480 0.0961078 0.0875894 0.0879118 0.0866555 0.0909385 0.1367708 0.0866777 0.0905332 0.1161936 0.0693529 0.0868750 0.1222772 0.0667662 0.0783465 0.1120367 0.0676277 0.0915643 0.0908665 0.0861719 0.1311895 0.0877695 0.1074182 0.0812679 0.1140611 0.1636999 0.0939978 0.0740381 
S0558         0.3217356 0.5520855 0.4374713 0.1445526 0.5104585 0.1549866 0.2788988 0.0866172 0.2677317 0.1612152 0.0950301 0.1249528 0.1364183 0.0816230 0.0874096 0.1509697 0.1709745 0.2174642 0.1395018 0.1626011 0.1243618 0.1487738 0.1905578 0.1037879 0.1000727 0.0889505 0.1130152 0.1360477 0.1036229 0.1406759 0.1660500 0.1321799 0.0992379 0.0000000 0.2096404 0.1745197 0.1632589 0.1031805 0.0856537 0.1553533 0.1406002 0.1724485 0.1149976 0.1272888 0.4351349 0.2300979 0.1251059 0.1659360 0.1171852 0.0831353 0.1049410 0.1254019 0.1013162 0.0871599 0.1262741 0.1514596 0.1435236 0.1719905 0.1547952 0.1453656 0.1500678 0.1477722 0.1548748 0.1389533 0.1108622 0.1191445 0.1546166 0.1721582 0.1046784 0.1365197 0.2445442 0.1081567 0.1543361 0.1826667 0.1557337 0.1258659 0.2304966 0.1259172 0.2109252 0.1023783 0.1263955 0.1447192 0.1692562 0.1123442 0.1390372 0.2094898 0.0915549 0.1083417 0.1216224 0.1328621 0.1471063 0.1476958 0.1330465 0.1497516 0.1955496 0.1670414 0.0860742 0.1703291 0.1407385 0.1322241 0.1366651 0.0878330 0.1001191 0.1561282 0.0719483 0.1466623 0.1516345 0.1205821 0.1804403 0.0909345 0.1608993 0.1371042 0.1575002 0.1803983 0.1350512 0.0915833 
