121
HYZL          0.0000000 0.1748222 0.2825883 0.2731520 0.2799928 0.2956618 0.2992395 0.3081698 0.2982226 0.2884335 0.3352862 0.3267771 0.2671417 0.2836390 0.2979941 0.3863665 0.2829023 0.3230111 0.2981329 0.2720833 0.2936837 0.2336177 0.2427976 0.2966250 0.3163746 0.2873674 0.3328118 0.2755327 0.2895652 0.2987437 0.2616796 0.2551433 0.2789074 0.2872160 0.2604809 0.2927658 0.3075781 0.2764116 0.3047713 0.2825570 0.2849080 0.3209679 0.2918104 0.2748458 0.3163746 0.3186445 0.2747625 0.2778013 0.2634797 0.2812119 0.3258746 0.3093652 0.2745987 0.2937481 0.2829442 0.2892489 0.2989495 0.2739134 0.3256834 0.2838546 0.2970122 0.2855215 0.2948552 0.2603807 0.3650894 0.2683427 0.3292763 0.2989141 0.2855662 0.2807483 0.2875132 0.2830559 0.2677762 0.2964915 0.2960175 0.3588396 0.2694820 0.2655930 0.2757156 0.2985640 0.2933830 0.2742202 0.3368197 0.2756396 0.2906622 0.2692971 0.2761466 0.2910494 0.2863894 0.2830110 0.2870850 0.3249951 0.2893220 0.2857127 0.2827236 0.2917501 0.3165113 0.2860740 0.4280850 0.2827172 0.2782561 0.3091973 0.2718569 0.2663605 0.3037464 0.2862876 0.2627242 0.2760028 0.2614262 0.2947740 0.2602373 0.2763093 0.3259999 0.2850552 0.3009340 0.3387414 0.2875036 0.3193123 0.2777988 0.2896909 0.2765478 
MYZV          0.1748222 0.0000000 0.4409940 0.4526758 0.3478101 0.4442004 0.4236972 0.5654500 0.4375512 0.4034712 0.0000010 0.4828839 0.4388769 0.3915338 0.3752424 0.6558957 0.4091957 0.4278080 0.5354984 0.3885412 0.4451404 0.0000010 0.0000010 0.3998262 0.4369264 0.4006481 0.5693022 0.4431261 0.5391865 0.4406687 0.3978507 0.4718600 0.3885412 0.4923745 0.4583259 0.3577076 0.5139430 0.4088953 0.9508042 0.4406343 0.4093061 0.5259869 0.5068563 0.4347114 0.4369264 0.4738227 0.3756892 0.4300152 0.4947028 0.3885412 0.4903067 0.4508982 0.4388769 0.4458160 0.4299781 0.4216628 0.4272941 0.4571894 0.4738227 0.5129346 0.4647072 0.4396586 0.5068723 0.4388769 0.6694146 0.3952924 0.4765471 0.4438607 0.4631050 0.4388769 0.4754135 0.4345492 0.3966311 0.4610668 0.3985831 0.3779410 0.4839652 0.4448907 0.4182843 0.4216628 0.4104650 0.4102927 0.4543884 0.4802887 0.4220025 0.4031737 0.4170173 0.4469791 0.4190304 0.4008231 0.4229398 0.5164791 0.4396586 0.4396586 0.3916658 0.4997139 0.5164791 0.4673280 0.4114753 0.3753201 0.4209095 0.4279648 0.5113795 0.4705248 0.4190304 0.4190304 0.4315094 0.4357806 0.3658079 0.4995369 0.4671325 0.4764611 0.5225261 0.4262085 0.4375512 0.5670346 0.4520828 0.4224169 0.4190304 0.4520828 0.4179665 
SRR6441723    0.2825883 0.4409940 0.0000000 0.0718135 0.1845649 0.0678799 0.0629091 0.0934561 0.0619863 0.0757009 0.1066081 0.0973614 0.0429988 0.0807529 0.0950234 0.1111205 0.0816450 0.0617297 0.0932578 0.0803832 0.0773769 0.0422324 0.0425044 0.0867290 0.0690408 0.0809277 0.0912449 0.0616019 0.0701428 0.0565398 0.0722052 0.0829413 0.0819701 0.0805821 0.0521854 0.0756013 0.1033434 0.1026429 0.1144868 0.0776113 0.0668892 0.0818380 0.1014539 0.0786149 0.0688535 0.0704404 0.0817191 0.1207222 0.0675646 0.0797528 0.0669825 0.0705971 0.0621841 0.0567781 0.0668928 0.0548409 0.0586963 0.0639594 0.0745935 0.1010386 0.0809423 0.0773822 0.0973080 0.0411911 0.1230123 0.0750240 0.1036203 0.0699482 0.0583111 0.0618925 0.0961751 0.0583276 0.1116137 0.0564501 0.0830293 0.0943281 0.0640512 0.0580823 0.1163555 0.0546022 0.1028280 0.0822918 0.0840788 0.0504338 0.0858391 0.0540890 0.0559333 0.1016370 0.0734231 0.0689600 0.0468011 0.0932000 0.0755267 0.0775443 0.0841170 0.0945924 0.0884109 0.0810041 0.1531943 0.0791374 0.0629462 0.0937003 0.0338006 0.0525399 0.0759226 0.0694073 0.0606790 0.0605035 0.0601697 0.0950862 0.0429457 0.0485620 0.1008909 0.0634637 0.0586031 0.1028359 0.0528264 0.1048008 0.0606341 0.0566351 0.0637850 
ERR2789774    0.2731520 0.4526758 0.0718135 0.0000000 0.1866220 0.0799879 0.0781743 0.1037217 0.0848717 0.0681719 0.0868870 0.1170923 0.0677405 0.0788944 0.0955529 0.1331335 0.0820365 0.0692499 0.1126449 0.0829327 0.0958895 0.0681195 0.0525958 0.0821748 0.0762868 0.0733925 0.1100119 0.0676794 0.0945559 0.0767046 0.0806462 0.0945338 0.0803540 0.0955050 0.0712837 0.0778306 0.1019711 0.0997816 0.1079312 0.0864693 0.0671330 0.1090897 0.1286392 0.0888581 0.0760761 0.0914265 0.0844081 0.1290716 0.0757861 0.0801279 0.0938569 0.0730451 0.0823488 0.0770392 0.0710309 0.0749749 0.0811777 0.0778475 0.0958684 0.1281165 0.0924463 0.0935701 0.1240095 0.0617838 0.1362609 0.0839292 0.1200533 0.0967559 0.0822861 0.0815317 0.1066195 0.0767446 0.1359040 0.0780905 0.0984304 0.1025870 0.0903392 0.0798133 0.1280078 0.0746417 0.1229719 0.0943823 0.1030742 0.0742711 0.0970073 0.0683153 0.0757145 0.1152974 0.0736206 0.0773195 0.0657481 0.1019535 0.0896455 0.0937690 0.0845124 0.1210479 0.1052196 0.0833384 0.1593259 0.0792356 0.0631754 0.0984279 0.0754593 0.0717719 0.0878691 0.0656815 0.0587144 0.0823937 0.0783011 0.1270582 0.0597625 0.0695688 0.1210344 0.0734089 0.0727447 0.1255913 0.0792629 0.1199000 0.0666196 0.0789720 0.0639557 
PAFTOL_019361 0.2799928 0.3478101 0.1845649 0.1866220 0.0000000 0.1792228 0.2030438 0.2103633 0.1768697 0.1909908 0.2101173 0.2018460 0.1817038 0.2012808 0.2002530 0.2541891 0.1813431 0.1750130 0.2044272 0.1738923 0.1808036 0.1897049 0.1839891 0.1847281 0.1811953 0.1869837 0.2130755 0.1928109 0.1845426 0.1849112 0.1834037 0.1963945 0.1833278 0.1948514 0.1669285 0.1778352 0.2200419 0.1894374 0.2255582 0.2026800 0.1863898 0.2033110 0.2204012 0.1716195 0.1806175 0.1898305 0.1793609 0.1722042 0.2024598 0.1795677 0.1870278 0.1966549 0.1763635 0.1835509 0.1917715 0.1770832 0.1936941 0.1832648 0.1958096 0.2161442 0.1866551 0.1767627 0.2100708 0.1628461 0.2385671 0.1849554 0.2156931 0.1822915 0.1719511 0.1707699 0.2739635 0.1892360 0.1720516 0.2031689 0.1946504 0.1901849 0.1886043 0.1800329 0.1647380 0.1821112 0.1676517 0.2075272 0.1786248 0.1946017 0.1860676 0.1750154 0.1904411 0.1740045 0.1875677 0.1737966 0.1730708 0.2086659 0.1769170 0.1771914 0.1784466 0.2152602 0.2144886 0.1889924 0.2824749 0.1893863 0.1810153 0.1857022 0.1822495 0.1829856 0.2174986 0.1874777 0.1700544 0.1784327 0.1877187 0.1924550 0.1708793 0.1767665 0.2079391 0.1736090 0.1776691 0.2286688 0.1874171 0.2054368 0.1840715 0.1924489 0.1844576 
S0055         0.2956618 0.4442004 0.0678799 0.0799879 0.1792228 0.0000000 0.0685943 0.0802974 0.0784579 0.0447610 0.1258178 0.0862629 0.0560116 0.0502844 0.0959102 0.1111771 0.0731699 0.0617037 0.0842107 0.0689145 0.0727227 0.0810657 0.0709969 0.0675910 0.0513192 0.0498255 0.0842836 0.0559242 0.0615561 0.0666294 0.0626699 0.0774081 0.0736423 0.0739008 0.0504147 0.0721676 0.1050477 0.1049853 0.1076598 0.0523315 0.0380701 0.0771887 0.0885320 0.0663054 0.0511823 0.0790271 0.0731538 0.1252764 0.0585136 0.0714969 0.0799246 0.0372098 0.0587447 0.0669157 0.0380725 0.0687732 0.0727913 0.0659765 0.0833135 0.0923333 0.0814327 0.0672350 0.0906809 0.0448847 0.1241155 0.0692508 0.0992988 0.0746866 0.0567622 0.0562544 0.0980104 0.0763327 0.1249552 0.0646426 0.0771408 0.0869111 0.0643786 0.0583777 0.1208724 0.0646253 0.1138030 0.0723665 0.0830879 0.0805509 0.0799965 0.0375298 0.0599519 0.1104784 0.0410032 0.0443901 0.0522787 0.0780090 0.0692076 0.0673736 0.0757296 0.0839391 0.0735053 0.0830198 0.1427479 0.0708686 0.0344311 0.0938507 0.0640116 0.0601127 0.0412838 0.0391063 0.0176531 0.0563360 0.0358722 0.0885749 0.0447490 0.0505278 0.0915248 0.0407076 0.0687803 0.1023472 0.0728578 0.0915936 0.0360051 0.0746174 0.0391826 
S0196sl       0.2992395 0.4236972 0.0629091 0.0781743 0.2030438 0.0685943 0.0000000 0.0948850 0.0396506 0.0661693 0.0904630 0.1048409 0.0582983 0.0822250 0.0937132 0.1353270 0.0673718 0.0501914 0.0962002 0.0771733 0.0800137 0.0954082 0.0860414 0.0834660 0.0406998 0.0705575 0.0998556 0.0703719 0.0707248 0.0160132 0.0707229 0.0780159 0.0752256 0.0760833 0.0607298 0.0728098 0.0908891 0.1156047 0.1320252 0.0836175 0.0575124 0.0861171 0.0965933 0.0688531 0.0406998 0.0288031 0.0747183 0.1235974 0.0781704 0.0753830 0.0728721 0.0776122 0.0684094 0.0160890 0.0625946 0.0181214 0.0222871 0.0754386 0.0331966 0.0965614 0.0791213 0.0700594 0.0996303 0.0445850 0.1434835 0.0678137 0.1327439 0.0946954 0.0634304 0.0728890 0.1079917 0.0420879 0.1293474 0.0711014 0.0768536 0.0936182 0.0656283 0.0657996 0.1189856 0.0139601 0.1260707 0.0606218 0.1137276 0.0764372 0.0830246 0.0515828 0.0724238 0.1194860 0.0681202 0.0794067 0.0607530 0.0912342 0.0723064 0.0700862 0.0780173 0.0881339 0.0884670 0.0649657 0.1745085 0.0737530 0.0578732 0.0895576 0.0702100 0.0660138 0.0712230 0.0657761 0.0638811 0.0760441 0.0660302 0.0897661 0.0536551 0.0608059 0.1008122 0.0750552 0.0181228 0.1119179 0.0420433 0.0953986 0.0612204 0.0400464 0.0682877 
S0278         0.3081698 0.5654500 0.0934561 0.1037217 0.2103633 0.0802974 0.0948850 0.0000000 0.0982213 0.0923488 0.1081599 0.0392055 0.0803260 0.0979067 0.1301977 0.0590019 0.0930633 0.1017707 0.0320820 0.0962222 0.0486486 0.1112927 0.0953209 0.1044247 0.0952862 0.1003080 0.0340712 0.0886354 0.0305169 0.0856963 0.0996580 0.0460696 0.0891220 0.0397195 0.0802254 0.1036753 0.1083228 0.1122686 0.0497898 0.0991624 0.0880642 0.0338120 0.0854049 0.0594104 0.0950187 0.0947502 0.0890745 0.1359530 0.0934183 0.0908607 0.0891506 0.0906260 0.0896817 0.0860777 0.0859455 0.0880052 0.0922701 0.0895119 0.0992869 0.0805935 0.1000444 0.0645916 0.0852101 0.0745245 0.0873960 0.0866493 0.1369150 0.1121902 0.0917094 0.0866829 0.1412188 0.0917856 0.1472966 0.0985949 0.1016994 0.1045594 0.1005999 0.0938511 0.1314180 0.0835652 0.1331158 0.0658418 0.1315236 0.0943152 0.1044208 0.0847348 0.0935371 0.1349757 0.0926009 0.0903610 0.0742207 0.0301564 0.0665848 0.0647268 0.0954189 0.0893126 0.0267361 0.0880044 0.1672034 0.0905463 0.0838779 0.1013494 0.0914226 0.0873870 0.0992027 0.0882312 0.0694342 0.0874643 0.0891260 0.0847824 0.0705524 0.0828352 0.0451994 0.0822225 0.0857941 0.0494185 0.0924085 0.0868905 0.0874202 0.0900380 0.0864630 
S0281         0.2982226 0.4375512 0.0619863 0.0848717 0.1768697 0.0784579 0.0396506 0.0982213 0.0000000 0.0785851 0.1194363 0.0960118 0.0601515 0.0879799 0.1027676 0.1188414 0.0737976 0.0565132 0.1001477 0.0768184 0.0798829 0.0788398 0.0836441 0.0959219 0.0824361 0.0838783 0.1002317 0.0722946 0.0764996 0.0340012 0.0761895 0.0800575 0.0748366 0.0750813 0.0621700 0.0822290 0.0873449 0.0994346 0.1155121 0.0870866 0.0713543 0.0890137 0.1076041 0.0736042 0.0822068 0.0506449 0.0763100 0.1201563 0.0826242 0.0743864 0.0748016 0.0816918 0.0725913 0.0341386 0.0775831 0.0323391 0.0395020 0.0764987 0.0545242 0.1071581 0.0697018 0.0744137 0.1033420 0.0468262 0.1302579 0.0661163 0.1219374 0.0814924 0.0663991 0.0701403 0.1076293 0.0341963 0.1286757 0.0670344 0.0778811 0.0809351 0.0788782 0.0725701 0.1112091 0.0322022 0.1216909 0.0773417 0.1052732 0.0753929 0.0787971 0.0565043 0.0698757 0.1209793 0.0841466 0.0755619 0.0604021 0.0912036 0.0764586 0.0745710 0.0809321 0.0961934 0.0909326 0.0657671 0.1525024 0.0779495 0.0695598 0.0864791 0.0680470 0.0664222 0.0820051 0.0760597 0.0676785 0.0746381 0.0704918 0.0844204 0.0563353 0.0622134 0.1037646 0.0778251 0.0323416 0.1079451 0.0361174 0.0958238 0.0749991 0.0360865 0.0760963 
S0282         0.2884335 0.4034712 0.0757009 0.0681719 0.1909908 0.0447610 0.0661693 0.0923488 0.0785851 0.0000000 0.1282916 0.0938558 0.0616952 0.0188156 0.0937430 0.1219650 0.0755600 0.0619321 0.0964554 0.0759234 0.0770588 0.0882276 0.0754184 0.0629056 0.0102993 0.0180081 0.0943739 0.0596935 0.0753065 0.0686632 0.0685234 0.0859740 0.0759926 0.0779548 0.0597435 0.0722357 0.0950885 0.1050826 0.1104271 0.0378699 0.0116155 0.0891113 0.1092508 0.0802397 0.0102725 0.0809161 0.0756573 0.1332467 0.0681121 0.0738204 0.0883031 0.0169879 0.0683791 0.0689593 0.0116163 0.0708232 0.0748648 0.0737164 0.0852188 0.1110417 0.0819269 0.0831437 0.1043580 0.0540944 0.1264337 0.0756156 0.1159729 0.0888510 0.0702973 0.0657452 0.1025549 0.0744915 0.1326818 0.0705280 0.0856951 0.0946511 0.0736238 0.0719021 0.1287502 0.0666468 0.1255800 0.0865010 0.0956052 0.0807210 0.0824038 0.0358697 0.0639052 0.1249758 0.0164188 0.0355851 0.0560218 0.0880164 0.0852012 0.0833182 0.0781032 0.1065536 0.0873047 0.0768912 0.1453800 0.0731188 0.0082541 0.0877166 0.0736509 0.0658780 0.0196112 0.0113820 0.0326447 0.0636613 0.0376836 0.1041749 0.0502668 0.0617128 0.0999427 0.0320728 0.0663994 0.1105234 0.0769754 0.1081006 0.0065680 0.0766948 0.0214420 
S0288         0.3352862 0.0000010 0.1066081 0.0868870 0.2101173 0.1258178 0.0904630 0.1081599 0.1194363 0.1282916 0.0000000 0.1081599 0.0859343 0.1249999 0.1102292 0.1504177 0.0713712 0.0889997 0.1316037 0.0547179 0.1066081 0.1075715 0.1288608 0.1557991 0.1051392 0.1051392 0.1081599 0.0864295 0.0888785 0.1110492 0.1519812 0.0887149 0.0331225 0.1116539 0.0674316 0.1336678 0.1127348 1.4217635 0.1081599 0.1499237 0.1075265 0.1295201 0.1800799 0.0700041 0.1051392 0.1100640 0.0534627 0.1336122 0.1051392 0.0530942 0.1107629 0.1561979 0.0674316 0.0904630 0.1258178 0.1106699 0.0904630 0.0697054 0.1100640 0.1557927 0.0892957 0.0678453 0.1557927 0.0891527 0.0871710 0.0686310 0.0859343 0.0674316 0.0699212 0.0674316 0.0000010 0.1581829 0.1098187 0.1528051 0.1117494 0.0929201 0.0674316 0.0674316 0.1164000 0.0904630 0.1117943 0.0000010 0.0897872 0.1486238 0.1135756 0.1056953 0.0859343 0.1098187 0.1063800 0.1051392 0.0674316 0.1563473 0.0678453 0.0690133 0.0516231 0.1800799 0.1081599 0.1140035 3.0391950 0.0349242 0.1051392 0.0892957 0.1075715 0.0859343 0.0000010 0.1051392 0.1106242 0.0915123 0.0864295 0.0936445 0.0859343 0.0859343 0.1595951 0.1051392 0.0904630 0.1295201 0.1581829 0.1374121 0.1066780 0.1581829 0.1051392 
S0289         0.3267771 0.4828839 0.0973614 0.1170923 0.2018460 0.0862629 0.1048409 0.0392055 0.0960118 0.0938558 0.1081599 0.0000000 0.0841187 0.0998213 0.1345937 0.0649993 0.1017653 0.1020710 0.0339110 0.1039076 0.0503033 0.1075210 0.0946279 0.1129001 0.1051138 0.1016324 0.0286156 0.0966957 0.0322169 0.0916692 0.1055271 0.0560682 0.1017251 0.0471886 0.0825439 0.1078013 0.1191433 0.1272512 0.0622690 0.1072300 0.0894659 0.0336960 0.0873000 0.0672537 0.1048164 0.1052363 0.0953483 0.1278336 0.1014420 0.0993344 0.1066743 0.0963845 0.0921144 0.0920791 0.0936981 0.0940159 0.0983321 0.1017896 0.1098937 0.0844027 0.1086514 0.0682971 0.0870980 0.0782937 0.0909737 0.0906352 0.1317020 0.1117763 0.0941589 0.0890669 0.1592338 0.0978111 0.1368392 0.1025615 0.1101959 0.1161047 0.1087853 0.1019140 0.1233967 0.0876079 0.1230365 0.0655287 0.1265124 0.1031424 0.1107583 0.0928584 0.0931981 0.1269627 0.0960772 0.0942073 0.0827178 0.0337559 0.0703041 0.0684402 0.1040127 0.0889901 0.0390769 0.0985479 0.1777776 0.0969796 0.0873971 0.1044246 0.0953186 0.0887536 0.1014124 0.0937531 0.0783561 0.0887815 0.0952416 0.0866963 0.0742968 0.0802552 0.0322521 0.0880378 0.0940271 0.0413906 0.1026478 0.0907400 0.0912202 0.1002036 0.0899315 
S0292         0.2671417 0.4388769 0.0429988 0.0677405 0.1817038 0.0560116 0.0582983 0.0803260 0.0601515 0.0616952 0.0859343 0.0841187 0.0000000 0.0641458 0.0972806 0.0957280 0.0651001 0.0560172 0.0801532 0.0608926 0.0617396 0.0423190 0.0458848 0.0706871 0.0570995 0.0668398 0.0806717 0.0540645 0.0621243 0.0507348 0.0541494 0.0662291 0.0657107 0.0682614 0.0373377 0.0655466 0.0921673 0.0820034 0.0981002 0.0696783 0.0530265 0.0713675 0.0951319 0.0665301 0.0569465 0.0702400 0.0669295 0.1133457 0.0598042 0.0636266 0.0611204 0.0603239 0.0432285 0.0509462 0.0530295 0.0490457 0.0528314 0.0541003 0.0743800 0.0947412 0.0770820 0.0655024 0.0930845 0.0302632 0.1059728 0.0671407 0.0940755 0.0604324 0.0450330 0.0465718 0.1072714 0.0562978 0.1086373 0.0396743 0.0788745 0.0842359 0.0543824 0.0485945 0.1090620 0.0488338 0.1042944 0.0552477 0.0762147 0.0544548 0.0817105 0.0486430 0.0287204 0.1010361 0.0595479 0.0575105 0.0338866 0.0799535 0.0674714 0.0656386 0.0677468 0.0904209 0.0716486 0.0706942 0.1329200 0.0647396 0.0492365 0.0829801 0.0430397 0.0164732 0.0668039 0.0557037 0.0482756 0.0325458 0.0524826 0.0881456 0.0114453 0.0130553 0.0812395 0.0537341 0.0527494 0.0936168 0.0548001 0.0878709 0.0507799 0.0546108 0.0520567 
S0293         0.2836390 0.3915338 0.0807529 0.0788944 0.2012808 0.0502844 0.0822250 0.0979067 0.0879799 0.0188156 0.1249999 0.0998213 0.0641458 0.0000000 0.1018598 0.1233281 0.0889596 0.0619430 0.1051682 0.0830087 0.0841387 0.0911767 0.0869410 0.0650443 0.0107807 0.0256646 0.0978883 0.0678977 0.0827170 0.0774982 0.0712394 0.0845855 0.0892998 0.0831557 0.0601329 0.0833555 0.1097635 0.1197946 0.1128753 0.0430980 0.0155590 0.0972931 0.1120098 0.0858336 0.0107517 0.0901773 0.0879717 0.1377675 0.0729389 0.0848758 0.0863080 0.0232265 0.0691045 0.0778478 0.0173176 0.0798005 0.0820354 0.0786715 0.0947370 0.1115483 0.0911153 0.0844324 0.1072458 0.0581115 0.1313202 0.0888316 0.1162308 0.0841877 0.0709870 0.0663636 0.1210368 0.0877707 0.1371654 0.0730143 0.0956627 0.0977487 0.0812330 0.0767823 0.1328778 0.0753623 0.1275530 0.0810180 0.0949047 0.0901082 0.0941151 0.0447034 0.0561631 0.1268571 0.0222636 0.0443318 0.0619345 0.1004424 0.0865717 0.0846163 0.0895115 0.1095490 0.0954073 0.0900925 0.1677944 0.0843176 0.0155364 0.0924502 0.0787008 0.0685211 0.0263544 0.0186893 0.0399170 0.0661988 0.0353840 0.1123642 0.0541890 0.0640688 0.1103340 0.0369512 0.0750724 0.1161160 0.0863162 0.1132847 0.0119701 0.0859860 0.0257673 
S0294         0.2979941 0.3752424 0.0950234 0.0955529 0.2002530 0.0959102 0.0937132 0.1301977 0.1027676 0.0937430 0.1102292 0.1345937 0.0972806 0.1018598 0.0000000 0.1538849 0.1114437 0.1135765 0.1299060 0.1138190 0.1142423 0.0883939 0.0750987 0.1080271 0.1063292 0.1032493 0.1347046 0.0805009 0.1085682 0.0983828 0.1090862 0.1125303 0.1112198 0.1184436 0.0930063 0.0850049 0.1266695 0.1379121 0.1282798 0.1021926 0.0843313 0.1175907 0.1306716 0.1238016 0.1063290 0.1052578 0.1097853 0.1566405 0.0936047 0.1087394 0.1043648 0.0955856 0.1052913 0.0988270 0.0863968 0.1007854 0.1051848 0.1041186 0.1054838 0.1345865 0.1275315 0.1217289 0.1348573 0.0866548 0.1685657 0.1034294 0.1401673 0.1159993 0.0985728 0.0998941 0.1000203 0.1070956 0.1565257 0.1044308 0.1266104 0.1201606 0.1041636 0.0975745 0.1521897 0.0961823 0.1436595 0.1229377 0.1280356 0.1110962 0.1272616 0.0831620 0.0954370 0.1456160 0.0911049 0.0909507 0.0848252 0.1231473 0.1197097 0.1217716 0.1135795 0.1363962 0.1175239 0.1029258 0.1937729 0.1064144 0.0823568 0.1337446 0.0967424 0.0932770 0.0887203 0.0908579 0.0829308 0.0998717 0.0881902 0.1261329 0.0866473 0.0973028 0.1384152 0.0908492 0.0943558 0.1499946 0.1011331 0.1412801 0.0879776 0.1095708 0.0810690 
S0299         0.3863665 0.6558957 0.1111205 0.1331335 0.2541891 0.1111771 0.1353270 0.0590019 0.1188414 0.1219650 0.1504177 0.0649993 0.0957280 0.1233281 0.1538849 0.0000000 0.1269710 0.1123480 0.0611498 0.1252034 0.0655268 0.1107597 0.1065849 0.1448819 0.1304980 0.1310447 0.0531317 0.1127922 0.0530396 0.1093259 0.1232507 0.0621088 0.1219545 0.0680182 0.1105290 0.1352044 0.1367150 0.1467189 0.0650601 0.1229605 0.1130052 0.0569001 0.1052426 0.0805584 0.1300662 0.1174170 0.1179545 0.1522088 0.1162842 0.1238576 0.0938905 0.1166216 0.1219630 0.1098649 0.1153756 0.1120035 0.1168757 0.1256784 0.1226218 0.0951759 0.1231268 0.0817568 0.0980216 0.0992090 0.0525626 0.1163526 0.1220273 0.1302252 0.1240537 0.1179074 0.1815087 0.1167100 0.1623647 0.1193198 0.1273216 0.1219702 0.1319945 0.1240783 0.1445462 0.1068906 0.1515377 0.0785714 0.1567859 0.1218911 0.1300724 0.1159719 0.1163232 0.1518603 0.1222030 0.1148599 0.1060670 0.0546196 0.0818322 0.0819463 0.1268619 0.1002343 0.0504607 0.1153641 0.2170460 0.1237052 0.1128285 0.1196649 0.1137891 0.1014459 0.1484574 0.1172253 0.0856428 0.1090993 0.1164303 0.0978270 0.0871218 0.1007530 0.0638560 0.1149647 0.1094675 0.0400989 0.1152922 0.1071302 0.1143211 0.1148017 0.1129163 
S0303         0.2829023 0.4091957 0.0816450 0.0820365 0.1813431 0.0731699 0.0673718 0.0930633 0.0737976 0.0755600 0.0713712 0.1017653 0.0651001 0.0889596 0.1114437 0.1269710 0.0000000 0.0325816 0.1060015 0.0053692 0.0891678 0.0838678 0.0899107 0.0746145 0.0757570 0.0848983 0.1037367 0.0713211 0.0817399 0.0681249 0.0878077 0.0914157 0.0049676 0.0843460 0.0689466 0.0812966 0.0578034 0.0250764 0.1085773 0.0904295 0.0725565 0.0981836 0.1148197 0.0824288 0.0755487 0.0829974 0.0034582 0.1235445 0.0900629 0.0016423 0.0849967 0.0784336 0.0779078 0.0684243 0.0724436 0.0703248 0.0704512 0.0771964 0.0830401 0.1143836 0.0430879 0.0831285 0.1104774 0.0587670 0.1383570 0.0292426 0.1209429 0.0995460 0.0799716 0.0752321 0.1176841 0.0762901 0.1232213 0.0820082 0.0525166 0.0556120 0.0861843 0.0817263 0.1188696 0.0660709 0.1094972 0.0820173 0.1068903 0.0757491 0.0517820 0.0713927 0.0771203 0.1038089 0.0786813 0.0790333 0.0652087 0.0973191 0.0852325 0.0833070 0.0083726 0.1010890 0.0942997 0.0389651 0.0690894 0.0067509 0.0684721 0.0526790 0.0814065 0.0774382 0.0874386 0.0730404 0.0621730 0.0736834 0.0778227 0.0997696 0.0668842 0.0690000 0.1031951 0.0750039 0.0682003 0.1118006 0.0788509 0.1049908 0.0719394 0.0762196 0.0730759 
S0308         0.3230111 0.4278080 0.0617297 0.0692499 0.1750130 0.0617037 0.0501914 0.1017707 0.0565132 0.0619321 0.0889997 0.1020710 0.0560172 0.0619430 0.1135765 0.1123480 0.0325816 0.0000000 0.1057950 0.0329520 0.0806949 0.0550423 0.0891787 0.0762824 0.0612332 0.0730571 0.1029859 0.0589415 0.0789719 0.0503279 0.0750327 0.0894631 0.0325833 0.0859745 0.0591375 0.0843678 0.0599543 0.0935711 0.1209469 0.0680107 0.0508749 0.0907173 0.1214453 0.0792196 0.0610654 0.0658193 0.0319358 0.1401121 0.0622484 0.0325394 0.0664055 0.0574362 0.0652805 0.0506639 0.0566083 0.0535465 0.0533924 0.0593360 0.0658193 0.1320162 0.0304214 0.0779812 0.1170189 0.0499823 0.1679304 0.0325073 0.1141009 0.0593589 0.0597155 0.0625489 0.1102531 0.0536192 0.1502773 0.0762577 0.0415729 0.0361768 0.0727694 0.0627468 0.1327188 0.0443627 0.1349534 0.0731904 0.0775335 0.0627579 0.0440203 0.0495104 0.0558432 0.1257114 0.0584815 0.0554941 0.0412655 0.1027098 0.0814496 0.0784311 0.0383110 0.1028254 0.0920379 0.0505416 0.1470438 0.0360873 0.0477242 0.0418420 0.0709876 0.0529621 0.0717823 0.0584433 0.0471127 0.0564690 0.0531847 0.1018289 0.0530551 0.0560675 0.1014339 0.0525587 0.0472552 0.1198043 0.0568200 0.1023334 0.0564667 0.0535433 0.0525068 
S0320         0.2981329 0.5354984 0.0932578 0.1126449 0.2044272 0.0842107 0.0962002 0.0320820 0.1001477 0.0964554 0.1316037 0.0339110 0.0801532 0.1051682 0.1299060 0.0611498 0.1060015 0.1057950 0.0000000 0.1058044 0.0449065 0.1046747 0.0830918 0.1089864 0.1019873 0.1044717 0.0342025 0.0862986 0.0269628 0.0850288 0.0972545 0.0482106 0.1017181 0.0414540 0.0755054 0.1096345 0.1191423 0.1289620 0.0474968 0.0972060 0.0899399 0.0321158 0.0852207 0.0633653 0.1019867 0.0982946 0.1022132 0.1285942 0.0932201 0.1034607 0.0953632 0.0927341 0.0847251 0.0854043 0.0920500 0.0873176 0.0915474 0.0885550 0.1028490 0.0804195 0.1062716 0.0644486 0.0872278 0.0742298 0.0849680 0.0927020 0.1235010 0.1067707 0.0867179 0.0778993 0.1454899 0.0936902 0.1421951 0.0982049 0.0914227 0.1065814 0.0952490 0.0888164 0.1215954 0.0829153 0.1306792 0.0631480 0.1228125 0.0982932 0.0960689 0.0888028 0.0931687 0.1254323 0.0923861 0.0901699 0.0756448 0.0319896 0.0664378 0.0644692 0.1057738 0.0891224 0.0336389 0.0985399 0.1802768 0.1011583 0.0879903 0.1060415 0.0909163 0.0872001 0.0953853 0.0879860 0.0694412 0.0891132 0.0871062 0.0867491 0.0703976 0.0826569 0.0359355 0.0820461 0.0873277 0.0436840 0.0943261 0.0867047 0.0892856 0.0919436 0.0884664 
S0322         0.2720833 0.3885412 0.0803832 0.0829327 0.1738923 0.0689145 0.0771733 0.0962222 0.0768184 0.0759234 0.0547179 0.1039076 0.0608926 0.0830087 0.1138190 0.1252034 0.0053692 0.0329520 0.1058044 0.0000000 0.0883312 0.0865438 0.0881630 0.0789773 0.0798011 0.0836472 0.1038179 0.0737576 0.0804530 0.0676887 0.0874404 0.0862406 0.0034829 0.0875388 0.0648302 0.0776682 0.0613329 0.0270816 0.1135356 0.0872569 0.0727536 0.1000756 0.1157725 0.0831003 0.0795785 0.0831895 0.0018322 0.1252602 0.0825247 0.0017426 0.0887536 0.0791605 0.0743506 0.0680014 0.0727058 0.0678968 0.0701304 0.0732047 0.0856642 0.1152635 0.0436368 0.0818978 0.1106741 0.0628517 0.1404889 0.0272203 0.1163480 0.0919614 0.0764477 0.0715304 0.1231577 0.0768191 0.1249118 0.0766107 0.0535359 0.0491619 0.0850350 0.0781752 0.1204824 0.0655326 0.1151604 0.0826920 0.0994763 0.0811193 0.0549777 0.0717229 0.0735816 0.1114514 0.0771551 0.0752887 0.0606074 0.1014736 0.0839041 0.0819225 0.0070576 0.1009817 0.0982205 0.0413188 0.0713675 0.0035441 0.0662818 0.0514455 0.0825142 0.0738064 0.0879873 0.0732608 0.0608797 0.0698293 0.0762292 0.1044010 0.0627720 0.0630630 0.1032838 0.0734369 0.0676233 0.1156409 0.0795359 0.1045052 0.0700325 0.0792214 0.0712507 
S0327         0.2936837 0.4451404 0.0773769 0.0958895 0.1808036 0.0727227 0.0800137 0.0486486 0.0798829 0.0770588 0.1066081 0.0503033 0.0617396 0.0841387 0.1142423 0.0655268 0.0891678 0.0806949 0.0449065 0.0883312 0.0000000 0.0870140 0.0744424 0.1019844 0.0721328 0.0882159 0.0449489 0.0768729 0.0267399 0.0719163 0.0778243 0.0398486 0.0853953 0.0357333 0.0729405 0.0911728 0.1000047 0.1154256 0.0629171 0.0853318 0.0762405 0.0409935 0.0723445 0.0489588 0.0719366 0.0864793 0.0810977 0.1159513 0.0837689 0.0871021 0.0881644 0.0803632 0.0819955 0.0722240 0.0723462 0.0702067 0.0760008 0.0835659 0.0908255 0.0759300 0.0916185 0.0500674 0.0781939 0.0632727 0.0668049 0.0788210 0.1245615 0.0989849 0.0839605 0.0791626 0.1168168 0.0722869 0.1245008 0.0841058 0.0911536 0.1045331 0.0880036 0.0816085 0.1116331 0.0698996 0.1176993 0.0509312 0.1124766 0.0865380 0.0939008 0.0693762 0.0774475 0.1168926 0.0768183 0.0764106 0.0692716 0.0467168 0.0519461 0.0501685 0.0915298 0.0757202 0.0426853 0.0782902 0.1594156 0.0867310 0.0722390 0.0959181 0.0793261 0.0697427 0.0813098 0.0766211 0.0663937 0.0735781 0.0753861 0.0745100 0.0539703 0.0655237 0.0548836 0.0765075 0.0740892 0.0572338 0.0727613 0.0734654 0.0698657 0.0705758 0.0729403 
S0335         0.2336177 0.0000010 0.0422324 0.0681195 0.1897049 0.0810657 0.0954082 0.1112927 0.0788398 0.0882276 0.1075715 0.1075210 0.0423190 0.0911767 0.0883939 0.1107597 0.0838678 0.0550423 0.1046747 0.0865438 0.0870140 0.0000000 0.0354479 0.0978016 0.0807596 0.0963620 0.1002858 0.0649542 0.0872420 0.0859686 0.0877014 0.0964562 0.0883438 0.0943417 0.0532951 0.0747261 0.0941393 0.1242156 0.1045738 0.1043592 0.0813989 0.0999369 0.1066375 0.0909848 0.0802703 0.1021921 0.0821636 0.1110038 0.0830561 0.0848378 0.0706113 0.0837298 0.0663677 0.0824811 0.0846550 0.0865225 0.0895106 0.0682045 0.1025263 0.0999174 0.0857120 0.0931210 0.1114401 0.0509521 0.0869459 0.0738482 0.0780249 0.0847038 0.0692152 0.0649888 0.0720164 0.0850141 0.0966338 0.0507183 0.0948734 0.1034906 0.0750825 0.0685956 0.1081381 0.0859222 0.0948346 0.0904456 0.0893531 0.0563503 0.0875284 0.0596766 0.0572437 0.0944463 0.0876384 0.0773060 0.0539708 0.1010051 0.0932407 0.0934260 0.0813780 0.1072764 0.1028349 0.0793831 0.1912887 0.0834811 0.0840309 0.0963067 0.0150526 0.0479101 0.0922376 0.0841027 0.0828412 0.0578021 0.0658470 0.1028360 0.0393803 0.0450956 0.1258413 0.0835990 0.0897217 0.0984367 0.0824678 0.1175083 0.0669792 0.0886622 0.0783680 
S0345         0.2427976 0.0000010 0.0425044 0.0525958 0.1839891 0.0709969 0.0860414 0.0953209 0.0836441 0.0754184 0.1288608 0.0946279 0.0458848 0.0869410 0.0750987 0.1065849 0.0899107 0.0891787 0.0830918 0.0881630 0.0744424 0.0354479 0.0000000 0.0949015 0.0868084 0.0784319 0.0900524 0.0635156 0.0704582 0.0837768 0.0914392 0.0796317 0.0903917 0.0822102 0.0595646 0.0594339 0.0939292 0.1208060 0.0947200 0.0868830 0.0675781 0.0984914 0.1020921 0.0831331 0.0993756 0.0962214 0.0868719 0.1111444 0.0822531 0.0867374 0.0744984 0.0827972 0.0762087 0.0841522 0.0714142 0.0844354 0.0880757 0.0709146 0.1048245 0.0901630 0.1050997 0.0816830 0.1078290 0.0493662 0.0779759 0.0820176 0.0827620 0.0836599 0.0757877 0.0742425 0.0834587 0.0920021 0.1030277 0.0490893 0.0999645 0.1201124 0.0634073 0.0636399 0.1037036 0.0837217 0.1045493 0.0669114 0.0935724 0.0490593 0.0946625 0.0636668 0.0642411 0.1040164 0.0709733 0.0773508 0.0461131 0.0947655 0.0814545 0.0778946 0.0871465 0.0981322 0.0892624 0.0722628 0.2189212 0.0837573 0.0748061 0.1044105 0.0187043 0.0528424 0.0687477 0.0708517 0.0716820 0.0650194 0.0710477 0.1032472 0.0421502 0.0527786 0.0991942 0.0813835 0.0883301 0.0912934 0.0959245 0.1151263 0.0530766 0.0966351 0.0715490 
S0376         0.2966250 0.3998262 0.0867290 0.0821748 0.1847281 0.0675910 0.0834660 0.1044247 0.0959219 0.0629056 0.1557991 0.1129001 0.0706871 0.0650443 0.1080271 0.1448819 0.0746145 0.0762824 0.1089864 0.0789773 0.1019844 0.0978016 0.0949015 0.0000000 0.0525259 0.0684631 0.1120491 0.0734097 0.0983047 0.0832778 0.0327187 0.1026324 0.0777047 0.1060568 0.0666665 0.0729334 0.1094670 0.1067818 0.1409018 0.0763529 0.0595551 0.1062632 0.1346621 0.1058646 0.0525258 0.0968899 0.0796542 0.1353995 0.0735529 0.0750833 0.1002183 0.0678501 0.0805841 0.0836721 0.0554550 0.0857228 0.0880108 0.0861945 0.0971075 0.1363648 0.0952652 0.1042913 0.1316094 0.0643607 0.1489705 0.0841034 0.1317418 0.0938437 0.0783181 0.0733827 0.1363937 0.0911624 0.1408172 0.0763758 0.0925676 0.1004362 0.0867402 0.0800378 0.1340196 0.0788340 0.1259903 0.0983603 0.0966873 0.0960912 0.0958812 0.0674117 0.0774212 0.1225839 0.0561941 0.0669247 0.0685433 0.1140414 0.1043851 0.1043292 0.0819833 0.1345552 0.1084879 0.0949292 0.1564178 0.0765089 0.0534350 0.1041354 0.0837928 0.0753173 0.0647397 0.0562221 0.0481241 0.0777125 0.0634550 0.1304061 0.0646670 0.0686825 0.1157517 0.0628132 0.0831961 0.1315543 0.0896698 0.1281626 0.0531058 0.0893125 0.0584610 
S0400         0.3163746 0.4369264 0.0690408 0.0762868 0.1811953 0.0513192 0.0406998 0.0952862 0.0824361 0.0102993 0.1051392 0.1051138 0.0570995 0.0107807 0.1063292 0.1304980 0.0757570 0.0612332 0.1019873 0.0798011 0.0721328 0.0807596 0.0868084 0.0525259 0.0000000 0.0205750 0.0962476 0.0509526 0.0794952 0.0604054 0.0550862 0.0859857 0.0788788 0.0834798 0.0601340 0.0724754 0.0963788 0.1462146 0.1348718 0.0290743 0.0131574 0.0877889 0.1279228 0.0828685 0.0000029 0.0757721 0.0787448 0.1506970 0.0514531 0.0787589 0.0750564 0.0187680 0.0601048 0.0608022 0.0078139 0.0636394 0.0634623 0.0696788 0.0757721 0.1347150 0.0807232 0.0816059 0.1235320 0.0510947 0.1568373 0.0784141 0.1263366 0.0691820 0.0606517 0.0574656 0.1226345 0.0696650 0.1529647 0.0705686 0.0766542 0.0842015 0.0700025 0.0696916 0.1396116 0.0544685 0.1454869 0.0827778 0.0747081 0.0856785 0.0787332 0.0288086 0.0567753 0.1371627 0.0102102 0.0343408 0.0510737 0.1057518 0.0850099 0.0818375 0.0851490 0.1270985 0.0890828 0.0926240 0.2071580 0.0771970 0.0052112 0.0859844 0.0718593 0.0605261 0.0161252 0.0101696 0.0339783 0.0573910 0.0347230 0.1205608 0.0455407 0.0542210 0.1008820 0.0207436 0.0573325 0.1299937 0.0673910 0.1120147 0.0025696 0.0636355 0.0234048 
S0405         0.2873674 0.4006481 0.0809277 0.0733925 0.1869837 0.0498255 0.0705575 0.1003080 0.0838783 0.0180081 0.1051392 0.1016324 0.0668398 0.0256646 0.1032493 0.1310447 0.0848983 0.0730571 0.1044717 0.0836472 0.0882159 0.0963620 0.0784319 0.0684631 0.0205750 0.0000000 0.1023604 0.0610966 0.0829477 0.0719408 0.0737662 0.0826655 0.0831748 0.0856908 0.0648763 0.0774802 0.1045477 0.1186894 0.1215745 0.0429495 0.0131835 0.0969312 0.1174649 0.0877572 0.0205222 0.0862061 0.0873271 0.1431088 0.0713674 0.0829425 0.0953688 0.0239330 0.0736127 0.0722487 0.0199522 0.0741065 0.0781481 0.0789336 0.0926459 0.1150457 0.0892051 0.0883670 0.1124635 0.0592052 0.1391091 0.0847377 0.1170510 0.0860240 0.0755359 0.0709217 0.1125555 0.0836909 0.1425066 0.0719095 0.0931284 0.1009704 0.0793595 0.0731546 0.1385789 0.0699235 0.1353249 0.0884870 0.0926145 0.0900222 0.0916884 0.0409134 0.0651999 0.1374069 0.0246748 0.0423318 0.0648759 0.0999463 0.0884401 0.0885519 0.0873085 0.1146887 0.0951220 0.0861687 0.1619138 0.0823796 0.0115080 0.0908930 0.0788662 0.0672657 0.0272350 0.0162320 0.0380058 0.0688185 0.0428346 0.1180320 0.0553531 0.0668581 0.1079310 0.0370652 0.0696660 0.1194322 0.0822829 0.1141925 0.0148071 0.0819833 0.0263421 
S0407sl       0.3328118 0.5693022 0.0912449 0.1100119 0.2130755 0.0842836 0.0998556 0.0340712 0.1002317 0.0943739 0.1081599 0.0286156 0.0806717 0.0978883 0.1347046 0.0531317 0.1037367 0.1029859 0.0342025 0.1038179 0.0449489 0.1002858 0.0900524 0.1120491 0.0962476 0.1023604 0.0000000 0.0885555 0.0269897 0.0876631 0.1000238 0.0510874 0.0996718 0.0435603 0.0826043 0.1078842 0.1192373 0.1290489 0.0576940 0.0990376 0.0901112 0.0286660 0.0790500 0.0614780 0.0959748 0.1011041 0.0973241 0.1413351 0.0932993 0.1014151 0.0903060 0.0905744 0.0921839 0.0880539 0.0901155 0.0899842 0.0921510 0.0936208 0.1057176 0.0784169 0.1062621 0.0624168 0.0811620 0.0744282 0.0737729 0.0907025 0.1340709 0.1120496 0.0940836 0.0891331 0.1723245 0.0937700 0.1480245 0.0979483 0.1010552 0.1090521 0.0983278 0.0937312 0.1365084 0.0855234 0.1362852 0.0590834 0.1313590 0.0981803 0.1017186 0.0888790 0.0934180 0.1381192 0.0947146 0.0902467 0.0786806 0.0304370 0.0664982 0.0646423 0.1061216 0.0830444 0.0340107 0.0982873 0.1772469 0.1012843 0.0859064 0.1017223 0.0953904 0.0872755 0.1026506 0.0902393 0.0717898 0.0873789 0.0912329 0.0867663 0.0704609 0.0826035 0.0341202 0.0821175 0.0899948 0.0191650 0.0944059 0.0827795 0.0875214 0.0920217 0.0864147 
S0412sl       0.2755327 0.4431261 0.0616019 0.0676794 0.1928109 0.0559242 0.0703719 0.0886354 0.0722946 0.0596935 0.0864295 0.0966957 0.0540645 0.0678977 0.0805009 0.1127922 0.0713211 0.0589415 0.0862986 0.0737576 0.0768729 0.0649542 0.0635156 0.0734097 0.0509526 0.0610966 0.0885555 0.0000000 0.0676767 0.0663291 0.0643276 0.0853045 0.0680054 0.0762157 0.0557214 0.0636264 0.1032074 0.1018519 0.0907374 0.0696759 0.0546798 0.0814250 0.0985634 0.0782174 0.0509526 0.0805732 0.0712588 0.1234892 0.0463185 0.0716538 0.0690413 0.0581815 0.0681148 0.0666129 0.0546821 0.0684630 0.0685825 0.0576516 0.0848582 0.0966148 0.0878012 0.0769970 0.0989090 0.0500589 0.1240574 0.0732792 0.1154040 0.0701601 0.0565046 0.0617243 0.0954862 0.0702156 0.1245496 0.0601174 0.0873776 0.0803155 0.0601778 0.0581853 0.1168326 0.0643339 0.1139452 0.0696553 0.0841868 0.0719559 0.0881844 0.0541497 0.0595087 0.1084635 0.0574669 0.0555936 0.0483403 0.0864072 0.0770613 0.0770218 0.0758991 0.0984267 0.0775880 0.0786119 0.1377102 0.0686364 0.0509777 0.0936108 0.0613127 0.0618828 0.0723226 0.0573267 0.0423725 0.0636807 0.0524802 0.0934170 0.0483116 0.0558938 0.0937559 0.0574079 0.0664004 0.1042868 0.0706272 0.1042489 0.0543199 0.0723807 0.0519755 
S0417         0.2895652 0.5391865 0.0701428 0.0945559 0.1845426 0.0615561 0.0707248 0.0305169 0.0764996 0.0753065 0.0888785 0.0322169 0.0621243 0.0827170 0.1085682 0.0530396 0.0817399 0.0789719 0.0269628 0.0804530 0.0267399 0.0872420 0.0704582 0.0983047 0.0794952 0.0829477 0.0269897 0.0676767 0.0000000 0.0666144 0.0803481 0.0278520 0.0781250 0.0269735 0.0638969 0.0898262 0.0965149 0.1077742 0.0574496 0.0800074 0.0708993 0.0233371 0.0685326 0.0474207 0.0792753 0.0790152 0.0755067 0.1122703 0.0802848 0.0798438 0.0779839 0.0727932 0.0727248 0.0669007 0.0709031 0.0687586 0.0727778 0.0683278 0.0833037 0.0640624 0.0841129 0.0486442 0.0704558 0.0543505 0.0633140 0.0716202 0.1184437 0.0852861 0.0706531 0.0700100 0.1290204 0.0748750 0.1208178 0.0765420 0.0836831 0.0956174 0.0746107 0.0683969 0.1079550 0.0646099 0.1140289 0.0490152 0.1047945 0.0830960 0.0865071 0.0660245 0.0721499 0.1131210 0.0754178 0.0693748 0.0601556 0.0287045 0.0505319 0.0487440 0.0842128 0.0680630 0.0249931 0.0768713 0.1502654 0.0793483 0.0669163 0.0883258 0.0701649 0.0663427 0.0726980 0.0713797 0.0544390 0.0682907 0.0681702 0.0661105 0.0506078 0.0602720 0.0362682 0.0634680 0.0687658 0.0396850 0.0733242 0.0697973 0.0684224 0.0731484 0.0676989 
S0419         0.2987437 0.4406687 0.0565398 0.0767046 0.1849112 0.0666294 0.0160132 0.0856963 0.0340012 0.0686632 0.1110492 0.0916692 0.0507348 0.0774982 0.0983828 0.1093259 0.0681249 0.0503279 0.0850288 0.0676887 0.0719163 0.0859686 0.0837768 0.0832778 0.0604054 0.0719408 0.0876631 0.0663291 0.0666144 0.0000000 0.0705379 0.0748226 0.0686323 0.0670893 0.0526924 0.0702849 0.0811913 0.1007822 0.1128934 0.0769318 0.0576614 0.0768308 0.1010108 0.0655857 0.0602429 0.0304144 0.0702690 0.1160038 0.0682545 0.0686828 0.0648206 0.0696377 0.0627986 0.0064775 0.0636713 0.0081050 0.0114040 0.0685871 0.0303634 0.1005911 0.0661457 0.0664964 0.0968067 0.0415871 0.1209278 0.0606525 0.1148386 0.0814581 0.0586675 0.0625017 0.1024574 0.0323401 0.1246979 0.0649685 0.0658063 0.0763702 0.0708644 0.0646987 0.1139028 0.0048255 0.1198660 0.0630566 0.0943543 0.0650884 0.0687660 0.0510863 0.0561883 0.1191036 0.0702727 0.0695399 0.0528010 0.0829317 0.0663210 0.0666358 0.0707980 0.0898076 0.0807017 0.0598643 0.1480930 0.0699114 0.0558852 0.0720053 0.0625274 0.0568015 0.0676908 0.0624395 0.0591044 0.0629795 0.0610821 0.0821721 0.0470026 0.0527305 0.0951037 0.0680021 0.0081055 0.0992289 0.0325404 0.0934785 0.0612561 0.0306770 0.0624693 
S0427         0.2616796 0.3978507 0.0722052 0.0806462 0.1834037 0.0626699 0.0707229 0.0996580 0.0761895 0.0685234 0.1519812 0.1055271 0.0541494 0.0712394 0.1090862 0.1232507 0.0878077 0.0750327 0.0972545 0.0874404 0.0778243 0.0877014 0.0914392 0.0327187 0.0550862 0.0737662 0.1000238 0.0643276 0.0803481 0.0705379 0.0000000 0.0808021 0.0865902 0.0871128 0.0639116 0.0804696 0.1159649 0.1198781 0.1202743 0.0767828 0.0635404 0.0877475 0.1222512 0.0875393 0.0549370 0.0912697 0.0930816 0.1221829 0.0665012 0.0880080 0.1032512 0.0693638 0.0767774 0.0708424 0.0596894 0.0688179 0.0728377 0.0782451 0.0914569 0.1217519 0.1056835 0.0861433 0.1200855 0.0522534 0.1230926 0.0898399 0.1261102 0.0852885 0.0746821 0.0739995 0.1085188 0.0724131 0.1249306 0.0648822 0.1009378 0.1026601 0.0786755 0.0723908 0.1208500 0.0685140 0.1114312 0.0720564 0.1049525 0.0871190 0.1036460 0.0585465 0.0681358 0.1127246 0.0662885 0.0679049 0.0678505 0.0971902 0.0862158 0.0863265 0.0949549 0.1170702 0.0944201 0.0984116 0.1622547 0.0898607 0.0595998 0.1072625 0.0740353 0.0642507 0.0702682 0.0661202 0.0488741 0.0725500 0.0608754 0.1172778 0.0505050 0.0563492 0.1027738 0.0640585 0.0727165 0.1171913 0.0709552 0.1099672 0.0592835 0.0706995 0.0623472 
S0428sl       0.2551433 0.4718600 0.0829413 0.0945338 0.1963945 0.0774081 0.0780159 0.0460696 0.0800575 0.0859740 0.0887149 0.0560682 0.0662291 0.0845855 0.1125303 0.0621088 0.0914157 0.0894631 0.0482106 0.0862406 0.0398486 0.0964562 0.0796317 0.1026324 0.0859857 0.0826655 0.0510874 0.0853045 0.0278520 0.0748226 0.0808021 0.0000000 0.0856352 0.0326966 0.0740512 0.0972178 0.1032349 0.1251839 0.0748198 0.0921933 0.0710483 0.0506422 0.0697091 0.0432224 0.0859857 0.0864159 0.0848259 0.0988952 0.0867733 0.0884679 0.0921247 0.0860097 0.0839263 0.0752691 0.0767906 0.0778518 0.0835108 0.0855119 0.0924398 0.0669602 0.0876802 0.0425655 0.0700047 0.0610366 0.0278842 0.0770223 0.0900553 0.0903505 0.0866357 0.0823284 0.1406314 0.0897190 0.1170228 0.0866224 0.0911983 0.1002476 0.0801444 0.0748103 0.0938678 0.0720149 0.1118590 0.0340541 0.1199615 0.0924937 0.0981636 0.0775389 0.0750537 0.1069751 0.0826749 0.0819388 0.0718371 0.0508013 0.0424836 0.0399948 0.0918040 0.0610328 0.0352553 0.0788883 0.2031426 0.0867323 0.0740394 0.0906162 0.0858064 0.0722217 0.0908569 0.0799290 0.0748459 0.0722101 0.0721448 0.0808638 0.0584013 0.0689397 0.0542760 0.0826096 0.0778635 0.0512258 0.0868567 0.0689535 0.0747468 0.0873223 0.0858838 
