117
CRNC          0.0000000 0.3618366 0.4066456 0.5313087 0.4951177 0.5397822 0.4114923 0.4773848 0.4584452 0.4308840 0.5764873 0.4932662 0.5025230 0.5472560 0.4993841 0.6239524 0.4404443 0.4672206 0.4602813 0.4871865 0.4892671 0.4987704 0.0000010 0.4656943 0.4993841 0.5492469 0.4580532 0.5414566 0.4539137 0.4934429 0.5120893 0.4472318 0.4361858 0.4478923 0.4932082 0.4792411 0.4510812 0.4074703 0.4802591 0.5089925 0.5009737 0.4514503 0.5204401 0.5010487 0.3275609 0.4832806 0.4637929 0.4421081 0.5154464 0.4491496 0.5260333 0.4934429 0.4947372 0.4897287 0.4934429 0.4670320 0.4534371 0.4858847 0.5262832 0.6399628 0.4583785 0.4669933 0.3829304 0.4960344 0.5072273 0.5057220 0.3989330 0.5341442 0.3343150 0.5372487 0.4279260 0.4745832 0.4372188 0.7966283 0.4216864 0.5914049 0.4527842 0.4883482 0.4238404 0.4927057 0.4681695 0.4582399 0.4960024 0.6078885 0.3718362 0.4545077 0.5023937 0.5020706 0.4548228 0.4879292 0.4879292 0.4699074 0.5058497 0.4144210 0.4148623 0.4027748 0.4993105 0.5133164 0.5392947 0.4169238 0.5676439 0.5032726 0.4796135 0.5635043 0.5196211 0.5434745 0.4995493 0.5677239 0.6579271 0.4150561 0.4887388 0.5116652 0.4908455 0.5582465 0.4746851 0.4907538 0.5151518 
HYZL          0.3618366 0.0000000 0.1458748 0.3743579 0.4709224 0.4468688 0.3553724 0.4213249 0.4014619 0.3678153 0.4972387 0.4250028 0.4373891 0.3465061 0.3851689 0.4426366 0.3906932 0.4694512 0.4709819 0.3913754 0.4009752 0.4336472 0.0000010 0.4204260 0.3926720 0.4218122 0.4281578 0.4165369 0.3902476 0.4269716 0.4197754 0.3836752 0.4771575 0.3678708 0.3764148 0.3555977 0.4958177 0.3821279 0.4041546 0.3974777 0.4080944 0.3087841 0.3584257 0.3859611 0.3751618 0.4208731 0.4618825 0.3986194 0.3967080 0.4479671 0.4220474 0.4269716 0.3987759 0.4555885 0.4186999 0.3754209 0.3955348 0.3530939 0.4666972 0.4257442 0.3728128 0.3466192 0.3105696 0.4291347 0.4076022 0.3479798 0.3802399 0.3959731 0.3246128 0.4974896 0.3842313 0.3999709 0.4316199 0.5709672 0.3794294 0.3711701 0.3876220 0.4250361 0.3936782 0.3940682 0.3852644 0.4180179 0.4279812 0.3829833 0.4006991 0.4071353 0.3866824 0.3606988 0.3930532 0.3627793 0.3526718 0.4552214 0.3136774 0.3603020 0.4439141 0.4269044 0.4890687 0.4100983 0.4079281 0.3353931 0.3741111 0.4062374 0.3896182 0.4325654 0.4308377 0.4425035 0.3858985 0.3586330 0.4718914 0.3994449 0.3975154 0.4276829 0.3987720 0.4975008 0.3533244 0.3973381 0.4633777 
MYZV          0.4066456 0.1458748 0.0000000 0.4603492 0.4263816 0.4500208 0.3646803 0.4328273 0.3867867 0.3472496 0.4505629 0.4366006 0.4043443 0.4129613 0.4059270 0.4544428 0.3965470 0.5045225 0.4759485 0.3880065 0.4143036 0.4452386 0.0000010 0.4222824 0.4229771 0.4334344 0.4111501 0.4105831 0.3707500 0.4189016 0.4653339 0.3803091 0.4609710 0.3620444 0.4168778 0.4210381 0.5023578 0.3611197 0.4052581 0.4086784 0.4227486 0.3317136 0.3760510 0.4385325 0.3579103 0.4180988 0.5199447 0.5276376 0.4375521 0.4853294 0.4328774 0.4189016 0.4099970 0.4624675 0.4107246 0.4198568 0.4022206 0.3377028 0.4424182 0.5236253 0.3768635 0.3936565 0.3250411 0.4669504 0.4177069 0.4226825 0.3601005 0.4294474 0.4003675 0.4945864 0.4987469 0.4370090 0.4400434 0.6067966 0.4737367 0.4535139 0.5101964 0.4228244 0.4771754 0.4032676 0.4324131 0.4168724 0.4201915 0.4622784 0.4994801 0.4184435 0.4076640 0.4248030 0.3556997 0.3968203 0.3859954 0.5284319 0.3177710 0.3503859 0.4351128 0.4356686 0.5287311 0.4214032 0.3824325 0.4318172 0.4197832 0.4249647 0.4379327 0.5061889 0.5076447 0.4518603 0.3853128 0.4171458 0.5207683 0.4041830 0.4367190 0.4195697 0.3682076 0.4945920 0.3966103 0.4003545 0.4508084 
SRR6441723    0.5313087 0.3743579 0.4603492 0.0000000 0.0685591 0.1063653 0.1598419 0.0678606 0.0541276 0.0846199 0.1518146 0.0889255 0.0966890 0.0348981 0.0789202 0.1174336 0.1079711 0.1309811 0.1207191 0.0925821 0.0798951 0.0460818 0.0000010 0.0911059 0.0753149 0.0947512 0.0997963 0.0844919 0.0755709 0.0501189 0.0960960 0.0847555 0.1180899 0.0632684 0.0668503 0.0797976 0.1522078 0.0882490 0.1094052 0.0805080 0.0851332 0.0588624 0.0751173 0.0660942 0.0766631 0.1068581 0.1317642 0.1108428 0.0714810 0.1288219 0.1214861 0.0501189 0.0763551 0.0610134 0.0540358 0.0702998 0.1109766 0.0864844 0.1381883 0.0987047 0.0822101 0.0423274 0.0696116 0.1316676 0.0764490 0.0619053 0.0777567 0.0775185 0.1106512 0.1408927 0.1138382 0.0679474 0.1393325 0.2214099 0.0651664 0.0853902 0.1423372 0.0622549 0.1245461 0.0555021 0.0345247 0.1308855 0.1055226 0.0492702 0.1406679 0.0928095 0.1027547 0.0391525 0.0803629 0.0669617 0.0672081 0.1380464 0.0654525 0.0979887 0.0911472 0.0941089 0.1410354 0.0837240 0.1335930 0.0364940 0.0239486 0.0930475 0.0893539 0.0901160 0.0648321 0.1257316 0.0892588 0.0342943 0.0588172 0.1075470 0.1075868 0.0631452 0.0939637 0.1492584 0.0753814 0.0848169 0.0988821 
ERR4210213    0.4951177 0.4709224 0.4263816 0.0685591 0.0000000 0.1224203 0.1856077 0.0679201 0.0895673 0.1004730 0.2123001 0.1015506 0.1027409 0.0910306 0.0996895 0.1692737 0.1716046 0.1493697 0.1240380 0.1095395 0.1224212 0.0158377 0.0000010 0.0526216 0.0993916 0.1271423 0.1215435 0.0892114 0.0901172 0.0895673 0.1126575 0.1102631 0.1241638 0.0946100 0.0684389 0.1001685 0.1614127 0.1219088 0.1358368 0.0889271 0.1020442 0.0911182 0.1008957 0.0770901 0.0000010 0.1733436 0.1367481 0.1036973 0.0894990 0.1498305 0.1442810 0.0895673 0.0918206 0.1066968 0.0895673 0.0788123 0.1572673 0.1214718 0.1275518 0.1425345 0.1218362 0.0782874 0.1114946 0.1362904 0.0585366 0.0981248 0.0437606 0.0903724 0.0000010 0.2183135 0.2162540 0.0904626 0.1677330 2.3968484 0.0841506 0.1134910 0.2486561 0.0895673 0.2213419 0.1049685 0.0876192 0.1677330 0.1573509 0.0883133 0.2298951 0.0994463 0.1242736 0.0800163 0.1136023 0.1009522 0.1009522 0.1578505 0.0775962 0.1128645 0.1213037 0.1021558 0.1501008 0.0993916 0.1257194 0.0632208 0.0712373 0.1218371 0.0979451 0.1209100 0.0612896 0.1238365 0.0719451 0.0792686 0.0944887 0.1112836 0.1242736 0.1157648 0.1480611 0.2084454 0.1009522 0.1016701 0.1014067 
ERR2789774    0.5397822 0.4468688 0.4500208 0.1063653 0.1224203 0.0000000 0.2084356 0.0630736 0.0836091 0.1145396 0.1406312 0.0590550 0.1232580 0.1069848 0.0547354 0.1028896 0.1305595 0.1399077 0.1289801 0.1157226 0.1264108 0.1194507 0.0000010 0.0605406 0.0547012 0.0557485 0.1354328 0.0800323 0.1187754 0.0875794 0.0785252 0.1050017 0.1530189 0.1122947 0.1250992 0.0898775 0.1855725 0.1201178 0.0475979 0.0512611 0.1183695 0.0825236 0.1054479 0.0931706 0.0605152 0.1324131 0.1342676 0.1528626 0.0852049 0.1375399 0.0463501 0.0875794 0.0508391 0.0919206 0.0834611 0.1167876 0.1366797 0.1173497 0.1439762 0.1505956 0.1079915 0.0921389 0.0952104 0.1280943 0.1321522 0.1283441 0.1374665 0.1314559 0.0833370 0.1642275 0.1769504 0.1140684 0.1453621 0.2083285 0.0984616 0.1268724 0.2090793 0.0925912 0.1835552 0.1222466 0.0931386 0.1366416 0.0980429 0.1459859 0.2090130 0.0627866 0.0472265 0.0950185 0.1196824 0.1151677 0.1156364 0.1353113 0.1075919 0.1196586 0.1171816 0.1105785 0.1450768 0.0466059 0.1346265 0.1143978 0.1076601 0.0629211 0.0593657 0.0965343 0.1437708 0.0856641 0.1260893 0.0928534 0.1322157 0.1418093 0.0591646 0.1028458 0.1198879 0.1620513 0.1151016 0.0552239 0.0596069 
PAFTOL_019361 0.4114923 0.3553724 0.3646803 0.1598419 0.1856077 0.2084356 0.0000000 0.1735987 0.1502189 0.1460202 0.2531454 0.1878569 0.1747255 0.1669744 0.1667677 0.2189801 0.1671036 0.2222173 0.1956890 0.1519925 0.1524010 0.1680754 0.0000010 0.1803933 0.1805795 0.1968170 0.1774441 0.1839412 0.1607350 0.1632367 0.2141578 0.1579036 0.2153898 0.1573215 0.1815173 0.2019734 0.2495057 0.1755773 0.2057388 0.1706187 0.1586509 0.1385469 0.1531622 0.1702250 0.1697052 0.2178730 0.2354039 0.1690027 0.1825982 0.2069175 0.2008371 0.1632367 0.1754265 0.1601410 0.1688625 0.1660957 0.2285072 0.1726800 0.1896374 0.1886391 0.1738679 0.1548223 0.1352366 0.2081687 0.1972126 0.1669957 0.1570822 0.2011033 0.1960020 0.1989454 0.1803724 0.1758666 0.2171457 0.3258256 0.1536836 0.2252818 0.1894297 0.1813152 0.1701356 0.1736778 0.1695059 0.2048225 0.2062395 0.2024433 0.1731697 0.1811142 0.2055302 0.1563901 0.1422712 0.1467987 0.1474256 0.2184205 0.1596808 0.1635312 0.1881292 0.1963284 0.2407553 0.1799459 0.1905834 0.1581954 0.1693769 0.1810459 0.1886084 0.2046615 0.2214900 0.2259286 0.1763184 0.1777172 0.1982633 0.1752557 0.2123384 0.1844690 0.1661333 0.2098429 0.1511524 0.1824959 0.1601002 
S0055         0.4773848 0.4213249 0.4328273 0.0678606 0.0679201 0.0630736 0.1735987 0.0000000 0.0511404 0.0730295 0.1367586 0.0388439 0.0737766 0.0681178 0.0387689 0.0786769 0.0954445 0.0915283 0.0826751 0.0731206 0.0831374 0.0755366 0.0000010 0.0468686 0.0349045 0.0432565 0.0914063 0.0514272 0.0727601 0.0469537 0.0572610 0.0731555 0.0856877 0.0672197 0.0731301 0.0780331 0.1306341 0.0868312 0.0462021 0.0315391 0.0845776 0.0578691 0.0817196 0.0498980 0.0255123 0.0932241 0.0932574 0.1069085 0.0443013 0.0900931 0.0746631 0.0469537 0.0279183 0.0524072 0.0508840 0.0855576 0.1064384 0.0955348 0.0891745 0.1020342 0.0909823 0.0633406 0.0543547 0.0977720 0.0800835 0.0871819 0.0866295 0.0873211 0.0723837 0.1379218 0.1289021 0.0743807 0.0885193 0.1706263 0.0560321 0.0732678 0.1511434 0.0591196 0.1329260 0.0766433 0.0638000 0.0870421 0.0638693 0.1036880 0.1493789 0.0424178 0.0546552 0.0609065 0.0775712 0.0646227 0.0648652 0.0987680 0.0819453 0.0861603 0.0685006 0.0580116 0.1055870 0.0347934 0.0945411 0.0662119 0.0644279 0.0424944 0.0430228 0.0521207 0.1097773 0.0597675 0.0937593 0.0635600 0.0905197 0.0967720 0.0667342 0.0599719 0.0808378 0.1462709 0.0731865 0.0352306 0.0467919 
S0196sl       0.4584452 0.4014619 0.3867867 0.0541276 0.0895673 0.0836091 0.1502189 0.0511404 0.0000000 0.0588427 0.1052236 0.0756364 0.0648149 0.0634545 0.0710621 0.1223359 0.0802383 0.1260790 0.1160723 0.0672008 0.0767870 0.0576025 0.0000010 0.0655310 0.0709732 0.0810934 0.0724994 0.0842391 0.0586293 0.0168648 0.0772086 0.0672414 0.1101657 0.0478407 0.0591794 0.0855646 0.1466966 0.0717378 0.0995725 0.0675077 0.0693044 0.0436297 0.0722955 0.0761715 0.0607676 0.0741741 0.1168548 0.1067513 0.0770122 0.1240087 0.1073918 0.0168648 0.0634897 0.0287571 0.0203664 0.0613348 0.0867725 0.0664344 0.1234146 0.1060762 0.0623543 0.0346082 0.0489159 0.1210240 0.0714649 0.0668005 0.0601712 0.0694924 0.0724225 0.1204412 0.1154164 0.0636521 0.1240047 0.2214357 0.0448696 0.1056906 0.1392358 0.0275954 0.1212852 0.0603644 0.0502991 0.1160919 0.0832596 0.0790240 0.1319201 0.0794507 0.0800626 0.0473321 0.0630878 0.0725949 0.0728691 0.1177599 0.0542849 0.0711955 0.0866364 0.0850594 0.1360668 0.0707405 0.1092766 0.0609041 0.0550859 0.0758219 0.0847820 0.1057983 0.0744747 0.1153289 0.0558070 0.0499093 0.0897524 0.0809519 0.0845469 0.0279648 0.0752650 0.1280639 0.0725543 0.0716570 0.0851306 
S0278         0.4308840 0.3678153 0.3472496 0.0846199 0.1004730 0.1145396 0.1460202 0.0730295 0.0588427 0.0000000 0.1339477 0.0847885 0.0282201 0.0900094 0.0811006 0.1333955 0.0385485 0.1234145 0.1183782 0.0352059 0.0389093 0.0973639 0.5248350 0.0927194 0.0799228 0.0905280 0.0348607 0.0904717 0.0350097 0.0715453 0.0930637 0.0274270 0.1168105 0.0359650 0.0732607 0.0899620 0.1387350 0.0238598 0.1111369 0.0719198 0.0319004 0.0361679 0.0504542 0.0842671 0.0850689 0.1065976 0.1243721 0.1228989 0.0874992 0.1214252 0.1084724 0.0715453 0.0722918 0.0867517 0.0757941 0.0877111 0.1097364 0.0621932 0.1267347 0.0887771 0.0663536 0.0505955 0.0102702 0.1074262 0.0819523 0.0766240 0.0593227 0.0741117 0.0709558 0.1694733 0.1318511 0.0716081 0.1166748 0.2322889 0.0554757 0.1041243 0.1420075 0.0848101 0.1242354 0.0737592 0.0846394 0.1031896 0.0998883 0.1033937 0.1403323 0.0886693 0.0882460 0.0599060 0.0238401 0.0506637 0.0508451 0.1253192 0.0591771 0.0236857 0.0742931 0.0981672 0.1332074 0.0796576 0.1125651 0.0874151 0.0863399 0.0888935 0.0852035 0.1058899 0.1099911 0.1175855 0.0740344 0.0679455 0.1119100 0.0352371 0.1015783 0.0860857 0.0365154 0.1788876 0.0506368 0.0807007 0.1044613 
S0281         0.5764873 0.4972387 0.4505629 0.1518146 0.2123001 0.1406312 0.2531454 0.1367586 0.1052236 0.1339477 0.0000000 0.1419553 0.1494959 0.1488405 0.1363160 0.1895243 0.1407231 0.1766524 0.1576369 0.1523095 0.1473032 0.1555669 0.0000010 0.1278727 0.1358307 0.1386645 0.1572802 0.1417408 0.1580482 0.0906758 0.1484998 0.1458175 0.1665552 0.1223706 0.1660718 0.1733920 0.1937994 0.1300606 0.1565376 0.1321574 0.1499161 0.1286336 0.1543749 0.1534824 0.0896561 0.0956690 0.1686864 0.2021894 0.1526302 0.1735058 0.1474961 0.0906758 0.1273690 0.1000505 0.0952086 0.1699517 0.0900403 0.1553957 0.1549678 0.2010325 0.1501271 0.1442999 0.1145745 0.1596216 0.1719786 0.1626427 0.1480140 0.1598776 0.1442637 0.1156022 0.2357105 0.1633441 0.1715939 0.2081140 0.1247579 0.2345542 0.2608619 0.1049136 0.2337696 0.1475436 0.1466627 0.1617921 0.1465023 0.1899403 0.2390018 0.1461699 0.1301190 0.1415500 0.1506176 0.1543563 0.1550254 0.1758308 0.1528996 0.1491809 0.1208418 0.1398386 0.1818496 0.1193696 0.1451942 0.1505037 0.1587067 0.1422476 0.1533160 0.1863935 0.2092681 0.1852388 0.1686149 0.1408186 0.2041729 0.1522362 0.1453803 0.1065494 0.1499485 0.1182988 0.1653851 0.1372132 0.1331825 
S0282         0.4932662 0.4250028 0.4366006 0.0889255 0.1015506 0.0590550 0.1878569 0.0388439 0.0756364 0.0847885 0.1419553 0.0000000 0.0919918 0.0900177 0.0203105 0.0651063 0.1091224 0.1125023 0.1129843 0.0856646 0.0952576 0.0925217 0.0000010 0.0560383 0.0167698 0.0242330 0.1036266 0.0588428 0.0887775 0.0626669 0.0749848 0.0761252 0.1199933 0.0749557 0.1069162 0.0809971 0.1492006 0.0989400 0.0434910 0.0134677 0.0923924 0.0696016 0.0849724 0.0583105 0.0185815 0.1089790 0.1175240 0.1107261 0.0597393 0.1106717 0.0622913 0.0626669 0.0133534 0.0613049 0.0667704 0.1041406 0.1227480 0.1077842 0.1082249 0.1110818 0.1031383 0.0840522 0.0661683 0.1116549 0.1140255 0.1153450 0.1066196 0.1171591 0.0588546 0.1501193 0.1443314 0.0863264 0.0989071 0.2003530 0.0766217 0.1057912 0.1669551 0.0754361 0.1485592 0.0879219 0.0846436 0.0863197 0.0674265 0.1268948 0.1658204 0.0237769 0.0350109 0.0776810 0.0894417 0.0849857 0.0853110 0.1138869 0.0983076 0.0981830 0.0810792 0.0855843 0.1273586 0.0167181 0.1044267 0.0897827 0.0854058 0.0238122 0.0276675 0.0720926 0.1344207 0.0562652 0.0971131 0.0759214 0.1094220 0.1091974 0.0463033 0.0765454 0.0932142 0.1589671 0.0939523 0.0169221 0.0429491 
S0289         0.5025230 0.4373891 0.4043443 0.0966890 0.1027409 0.1232580 0.1747255 0.0737766 0.0648149 0.0282201 0.1494959 0.0919918 0.0000000 0.1025168 0.0881833 0.1270354 0.0470443 0.1167400 0.1170364 0.0357519 0.0280571 0.1050726 0.5248350 0.1018257 0.0868619 0.0931179 0.0279311 0.0922409 0.0361087 0.0781233 0.0944675 0.0278515 0.1070669 0.0371249 0.0740114 0.0978779 0.1485022 0.0398535 0.1057420 0.0785455 0.0329185 0.0454491 0.0551317 0.0858998 0.0945812 0.1049887 0.1231466 0.1251194 0.1001227 0.1201215 0.1120635 0.0781233 0.0789549 0.0950346 0.0825641 0.0998302 0.1187896 0.0685938 0.1304661 0.0954097 0.0729581 0.0605043 0.0255100 0.1156553 0.0827987 0.0882518 0.0670324 0.0842927 0.1103509 0.1747665 0.1329052 0.0694516 0.1234282 0.2468162 0.0682532 0.0945920 0.1447834 0.0920210 0.1267660 0.0854048 0.0966864 0.1093408 0.1078802 0.1166783 0.1311993 0.0960054 0.0967881 0.0705893 0.0245774 0.0555938 0.0557973 0.1241071 0.0655325 0.0319131 0.0804658 0.0848873 0.1321428 0.0818580 0.1111198 0.0893030 0.0987142 0.0962630 0.0973557 0.1127093 0.1243352 0.1216024 0.0765043 0.0790795 0.1260806 0.0358891 0.1109473 0.0889386 0.0371009 0.1845875 0.0555635 0.0877312 0.1179032 
S0292         0.5472560 0.3465061 0.4129613 0.0348981 0.0910306 0.1069848 0.1669744 0.0681178 0.0634545 0.0900094 0.1488405 0.0900177 0.1025168 0.0000000 0.0798786 0.1292032 0.1180957 0.1307552 0.1271248 0.1034317 0.0941943 0.0631735 0.0000010 0.0801128 0.0762339 0.0959275 0.1056221 0.0805164 0.0912733 0.0592435 0.0871258 0.0993841 0.1185859 0.0681425 0.0768809 0.0749559 0.1630182 0.0937000 0.1004793 0.0814990 0.0911742 0.0636087 0.0802126 0.0709507 0.0776226 0.1003849 0.1213186 0.1192991 0.0723588 0.1293871 0.1222114 0.0592435 0.0772967 0.0669550 0.0633469 0.0893471 0.1136132 0.0917801 0.1283352 0.1060419 0.0874065 0.0591832 0.0745135 0.1446164 0.0809719 0.0715753 0.0909966 0.0911870 0.1127211 0.1625736 0.1270293 0.0729565 0.1391088 0.2017076 0.0544935 0.0734736 0.1495329 0.0720008 0.1314618 0.0699072 0.0506365 0.1367114 0.1091546 0.0425573 0.1423252 0.0939424 0.1040190 0.0470494 0.0859915 0.0718769 0.0721457 0.1281630 0.0889476 0.0947460 0.0924602 0.1001113 0.1416855 0.0847435 0.1276690 0.0577386 0.0135391 0.0902309 0.0904539 0.0912360 0.0836281 0.1214131 0.1009770 0.0312256 0.0391898 0.1134940 0.1089138 0.0684916 0.1001792 0.1660502 0.0804944 0.0858606 0.0907684 
S0293         0.4993841 0.3851689 0.4059270 0.0789202 0.0996895 0.0547354 0.1667677 0.0387689 0.0710621 0.0811006 0.1363160 0.0203105 0.0881833 0.0798786 0.0000000 0.0598631 0.1052950 0.1079899 0.1128271 0.0763574 0.0895262 0.0877319 0.0000010 0.0515030 0.0167358 0.0241838 0.0998478 0.0511134 0.0850933 0.0583186 0.0702318 0.0724711 0.1155070 0.0651127 0.0958808 0.0712072 0.1452556 0.0951835 0.0434069 0.0134398 0.0910469 0.0600800 0.0795674 0.0458631 0.0123577 0.1036891 0.1131269 0.0996662 0.0507941 0.1062359 0.0621818 0.0583186 0.0133269 0.0566769 0.0623593 0.0990850 0.1173145 0.0970047 0.1040198 0.1106727 0.0925329 0.0758636 0.0615232 0.1114997 0.1051635 0.1041092 0.0923123 0.1056943 0.0598032 0.1443028 0.1151137 0.0815045 0.1038938 0.1929316 0.0715464 0.0965207 0.1423514 0.0708767 0.1245921 0.0828690 0.0799261 0.0909903 0.0629667 0.1113499 0.1406858 0.0237295 0.0275755 0.0641137 0.0857323 0.0795822 0.0798819 0.1094797 0.0879140 0.0944511 0.0809399 0.0813544 0.1227667 0.0166842 0.1002217 0.0808739 0.0754629 0.0237647 0.0276124 0.0670057 0.1178560 0.0526352 0.0953089 0.0626887 0.0944857 0.0990852 0.0385743 0.0719107 0.0893574 0.1529567 0.0883243 0.0168884 0.0428669 
S0294         0.6239524 0.4426366 0.4544428 0.1174336 0.1692737 0.1028896 0.2189801 0.0786769 0.1223359 0.1333955 0.1895243 0.0651063 0.1270354 0.1292032 0.0598631 0.0000000 0.1572618 0.1548417 0.1526594 0.1199199 0.1304294 0.1417562 0.0000010 0.0905813 0.0522504 0.0617275 0.1504872 0.0888837 0.1274088 0.1068142 0.1082763 0.1183483 0.1583674 0.1132209 0.1455413 0.1291970 0.1816579 0.1447533 0.0903014 0.0570007 0.1488989 0.1167990 0.1173579 0.0921194 0.0396802 0.1303115 0.1674479 0.1303247 0.0928012 0.1604970 0.0873673 0.1068142 0.0565241 0.1085859 0.1116098 0.1416175 0.1451387 0.1493633 0.1404316 0.1617704 0.1385042 0.1218319 0.1134976 0.1507264 0.1529411 0.1546583 0.1436589 0.1573621 0.0828158 0.1829902 0.1686913 0.1102484 0.1470873 0.2311745 0.1174939 0.1475144 0.1859048 0.1219553 0.1668519 0.1302527 0.1131181 0.1310192 0.1128054 0.1586996 0.1852199 0.0689563 0.0740328 0.1155815 0.1388848 0.1232018 0.1237159 0.1595438 0.1279797 0.1490157 0.1222229 0.1203768 0.1803207 0.0520765 0.1258098 0.1182059 0.1238534 0.0691139 0.0695986 0.0938165 0.1604577 0.0954460 0.1486267 0.1128066 0.1516897 0.1573161 0.0872237 0.1137683 0.1344658 0.1933460 0.1334462 0.0611285 0.0819482 
S0299         0.4404443 0.3906932 0.3965470 0.1079711 0.1716046 0.1305595 0.1671036 0.0954445 0.0802383 0.0385485 0.1407231 0.1091224 0.0470443 0.1180957 0.1052950 0.1572618 0.0000000 0.1498460 0.1332920 0.0464676 0.0500992 0.1214059 0.5248350 0.0977516 0.1037167 0.1156037 0.0384034 0.1155283 0.0629222 0.0939517 0.1054646 0.0382903 0.1344324 0.0606227 0.0965524 0.1102411 0.1514215 0.0351279 0.1314798 0.0952432 0.0599835 0.0650517 0.0743020 0.0994072 0.0949052 0.1218089 0.1501468 0.1362114 0.1175635 0.1473470 0.1192973 0.0939517 0.0993457 0.0921962 0.0984926 0.1074157 0.1248688 0.0885826 0.1522589 0.0999066 0.0845248 0.0713271 0.0247984 0.1383773 0.1095297 0.1035001 0.0603831 0.0973012 0.1109080 0.1763613 0.1401607 0.0900258 0.1422959 0.2173027 0.0610313 0.1474919 0.1517959 0.1082334 0.1339699 0.1068088 0.0989514 0.1338280 0.1109887 0.1282098 0.1460998 0.1035986 0.1034831 0.0817309 0.0503643 0.0762005 0.0764884 0.1412105 0.0856959 0.0499976 0.1030820 0.1166351 0.1600991 0.1033668 0.1371850 0.1000925 0.1152485 0.1038833 0.1096277 0.1376117 0.1364642 0.1284266 0.1026901 0.0902677 0.1323992 0.0541931 0.1175866 0.1052954 0.0402246 0.1860523 0.0761579 0.1047489 0.1151950 
S0303         0.4672206 0.4694512 0.5045225 0.1309811 0.1493697 0.1399077 0.2222173 0.0915283 0.1260790 0.1234145 0.1766524 0.1125023 0.1167400 0.1307552 0.1079899 0.1548417 0.1498460 0.0000000 0.0404875 0.1297207 0.1150579 0.1456102 0.0000010 0.0989480 0.1067335 0.1041343 0.1278008 0.1250393 0.1252380 0.1099631 0.1190639 0.1134099 0.0331531 0.1240698 0.1421819 0.1192451 0.1153240 0.1399119 0.1254566 0.1029445 0.1149692 0.1134529 0.1319112 0.1113523 0.0949467 0.1292541 0.0207741 0.1345845 0.1149222 0.0068067 0.1328787 0.1099631 0.0982469 0.1239214 0.1149309 0.1527199 0.1385417 0.1357943 0.0755898 0.1692765 0.1424410 0.1355858 0.0974041 0.0761526 0.1651000 0.1378550 0.1776863 0.1855677 0.1355345 0.1905859 0.1555528 0.1197717 0.0657874 0.1356951 0.1272887 0.1344338 0.1675511 0.1190524 0.1543942 0.1412779 0.1365510 0.0802752 0.1156788 0.1437847 0.1720719 0.1167771 0.1182938 0.0973820 0.1185070 0.1091265 0.1095795 0.0209003 0.1448073 0.1282619 0.0507740 0.0069963 0.0175135 0.0964639 0.0907510 0.0843800 0.1327024 0.1171352 0.1038218 0.1245475 0.1615885 0.1189381 0.1666096 0.1248316 0.1681366 0.1230474 0.1288437 0.1269664 0.1313918 0.2013324 0.1143167 0.1030252 0.1109734 
S0308         0.4602813 0.4709819 0.4759485 0.1207191 0.1240380 0.1289801 0.1956890 0.0826751 0.1160723 0.1183782 0.1576369 0.1129843 0.1170364 0.1271248 0.1128271 0.1526594 0.1332920 0.0404875 0.0000000 0.1097788 0.0962211 0.1346071 0.0000010 0.1076236 0.1073932 0.1096197 0.1137714 0.1100804 0.1028288 0.1009128 0.1216303 0.1185331 0.0444497 0.1188291 0.1342354 0.1439914 0.0962958 0.1341253 0.1131192 0.1037275 0.1223055 0.1148052 0.1313313 0.1021115 0.1077389 0.1174739 0.0512463 0.1197680 0.1005492 0.0399212 0.1224367 0.1009128 0.0991776 0.1189824 0.1056103 0.1313302 0.1211599 0.1301686 0.0736907 0.1688730 0.1461104 0.1251049 0.0943332 0.0526461 0.1498364 0.1174998 0.1634106 0.1608214 0.1551561 0.1554849 0.1466896 0.1335474 0.0748324 0.1291338 0.1218634 0.1439721 0.1566119 0.1157180 0.1441533 0.1269482 0.1259743 0.0843366 0.1134181 0.1632292 0.1549769 0.1171212 0.1233983 0.1172981 0.1022628 0.1154141 0.1158846 0.0478045 0.1325095 0.1230233 0.0417000 0.0252251 0.0523318 0.0974373 0.0878735 0.0857486 0.1234631 0.1174691 0.1135124 0.1314686 0.1733132 0.1283921 0.1585363 0.1156367 0.1620844 0.1352344 0.1348098 0.1175596 0.1207596 0.1703325 0.1253282 0.1084855 0.1082966 
S0320         0.4871865 0.3913754 0.3880065 0.0925821 0.1095395 0.1157226 0.1519925 0.0731206 0.0672008 0.0352059 0.1523095 0.0856646 0.0357519 0.1034317 0.0763574 0.1199199 0.0464676 0.1297207 0.1097788 0.0000000 0.0344788 0.1068069 0.5248350 0.0830573 0.0807464 0.0914708 0.0275978 0.0830531 0.0430642 0.0803084 0.0831553 0.0203633 0.1154402 0.0437354 0.0811884 0.0897355 0.1457323 0.0393641 0.1075804 0.0726700 0.0432789 0.0439917 0.0571930 0.0798729 0.0782639 0.1128614 0.1305312 0.0998818 0.0782199 0.1275986 0.1049883 0.0803084 0.0730484 0.0929913 0.0846766 0.0929180 0.1266347 0.0664081 0.1328493 0.0833092 0.0664942 0.0632355 0.0248313 0.1035688 0.0964346 0.0845063 0.0649933 0.0916028 0.0855208 0.1766954 0.1141801 0.0768284 0.1337949 0.2255963 0.0612352 0.1249840 0.1312441 0.0939875 0.1137284 0.0817287 0.0850901 0.1190946 0.0915549 0.1116537 0.1293548 0.0895786 0.0950777 0.0678923 0.0353895 0.0625654 0.0627931 0.1315296 0.0588814 0.0466376 0.0886151 0.0932936 0.1448653 0.0804770 0.1137079 0.0969246 0.0944524 0.0898072 0.0860859 0.1055667 0.1134531 0.1198410 0.0777839 0.0719187 0.1153028 0.0420674 0.1089272 0.0909823 0.0251093 0.1985093 0.0625315 0.0815384 0.1055408 
S0327         0.4892671 0.4009752 0.4143036 0.0798951 0.1224212 0.1264108 0.1524010 0.0831374 0.0767870 0.0389093 0.1473032 0.0952576 0.0280571 0.0941943 0.0895262 0.1304294 0.0500992 0.1150579 0.0962211 0.0344788 0.0000000 0.1082463 0.5248350 0.1116206 0.0901315 0.0919393 0.0310742 0.0878720 0.0432669 0.0814374 0.1023688 0.0383908 0.1064511 0.0359696 0.0862646 0.0989687 0.1354107 0.0508499 0.1138581 0.0818727 0.0315938 0.0438846 0.0572295 0.0841199 0.0876529 0.0989613 0.1162276 0.1231296 0.0825801 0.1132056 0.1055257 0.0814374 0.0822900 0.0993245 0.0858600 0.1034929 0.1124053 0.0703966 0.1286593 0.0935185 0.0746551 0.0720160 0.0248537 0.1146435 0.1064768 0.0895871 0.0711626 0.0969584 0.1268185 0.1497411 0.1304386 0.0772557 0.1344952 0.2389939 0.0723527 0.1249324 0.1421633 0.0952901 0.1244396 0.0778756 0.0950678 0.1197039 0.1014424 0.1076512 0.1295072 0.0992331 0.1049756 0.0679349 0.0242107 0.0544851 0.0546808 0.1221775 0.0674379 0.0426630 0.0800237 0.0846004 0.1247930 0.0808787 0.1096555 0.0983000 0.0905299 0.0995000 0.0957159 0.1061107 0.1297101 0.1298247 0.0828498 0.0761036 0.1211188 0.0420959 0.1192480 0.0922646 0.0403337 0.1699447 0.0625713 0.0910231 0.1158699 
S0335         0.4987704 0.4336472 0.4452386 0.0460818 0.0158377 0.1194507 0.1680754 0.0755366 0.0576025 0.0973639 0.1555669 0.0925217 0.1050726 0.0631735 0.0877319 0.1417562 0.1214059 0.1456102 0.1346071 0.1068069 0.1082463 0.0000000 0.0000021 0.0907494 0.0875697 0.0983937 0.1131093 0.1014670 0.0970122 0.0535803 0.1191238 0.1067739 0.1394844 0.0769216 0.0847664 0.1030910 0.1720263 0.1119292 0.1177279 0.0840999 0.1101007 0.0806136 0.1071462 0.0842368 0.0766864 0.1204876 0.1360651 0.1177215 0.0942355 0.1431846 0.1350266 0.0535803 0.0799469 0.0512636 0.0575063 0.0910574 0.1246517 0.1097635 0.1418618 0.1223051 0.1051902 0.0654529 0.0787343 0.1458838 0.0888940 0.0877167 0.0849908 0.0909110 0.0820285 0.1420878 0.1355763 0.0801554 0.1431346 0.2299117 0.0752320 0.1238101 0.1650146 0.0657573 0.1468148 0.0861012 0.0578062 0.1346209 0.1091021 0.0702008 0.1585304 0.0963894 0.1063742 0.0631194 0.1021481 0.0982629 0.0986445 0.1525372 0.0875363 0.1021232 0.1046968 0.1077000 0.1558339 0.0872827 0.1372616 0.0565867 0.0509762 0.0966390 0.0910095 0.1132979 0.0725135 0.1342640 0.0857598 0.0575864 0.0808555 0.1225542 0.1112204 0.0666939 0.1124714 0.1503277 0.1075097 0.0884140 0.1029131 
S0345         0.0000010 0.0000010 0.0000010 0.0000010 0.0000010 0.0000010 0.0000010 0.0000010 0.0000010 0.5248350 0.0000010 0.0000010 0.5248350 0.0000010 0.0000010 0.0000010 0.5248350 0.0000010 0.0000010 0.5248350 0.5248350 0.0000021 0.0000000 0.0000010 0.0000010 0.0000010 0.5248350 0.0000010 0.5248350 0.0000010 0.0000010 0.5248350 0.0000010 0.5248350 0.0000010 0.0000010 0.0000010 0.5248350 0.0000010 0.0000010 0.5248350 0.0000010 0.0000010 0.0000010 0.0000010 0.0000010 0.0000010 0.0000010 0.0000010 0.0000010 0.0000010 0.0000010 0.0000010 0.0000010 0.0000010 0.0000010 0.0000010 0.0000010 0.0000010 0.0000010 0.0000010 0.0000010 0.5248350 0.0000010 0.0000010 0.0000010 1.7128199 1.7128199 0.0000010 0.0000010 0.0000010 0.0000010 0.0000010 0.0000010 0.0000010 0.0000010 0.0000010 0.0000010 0.0000010 0.0000010 0.0000010 0.0000010 0.0000010 0.0000010 0.0000010 0.0000010 0.0000010 0.0000010 0.5248350 0.0000010 0.0000010 0.0000010 0.0000010 0.5248350 0.0000010 0.0000010 0.0000010 0.0000010 0.0000010 0.0000010 0.0000010 0.0000010 0.0000010 1.7128199 0.0000010 0.0000010 0.0000010 0.0000010 0.5248350 0.5248350 0.0000010 0.0000010 0.5248350 0.0000010 0.0000010 0.0000010 0.0000010 
S0376         0.4656943 0.4204260 0.4222824 0.0911059 0.0526216 0.0605406 0.1803933 0.0468686 0.0655310 0.0927194 0.1278727 0.0560383 0.1018257 0.0801128 0.0515030 0.0905813 0.0977516 0.0989480 0.1076236 0.0830573 0.1116206 0.0907494 0.0000010 0.0000000 0.0562550 0.0516734 0.0994189 0.0515257 0.0988898 0.0603335 0.0332023 0.0827415 0.0899475 0.0728356 0.0891648 0.0512330 0.1642783 0.0991792 0.0625809 0.0521805 0.1078182 0.0625078 0.0676991 0.0566798 0.0531734 0.1000431 0.0839308 0.1038448 0.0622114 0.0971079 0.0713034 0.0603335 0.0468363 0.0709942 0.0557740 0.0923573 0.1048167 0.0570441 0.1146347 0.0892709 0.0714648 0.0751117 0.0703528 0.1134101 0.0974785 0.0878108 0.0917983 0.1001190 0.0395529 0.1349173 0.1013256 0.0774165 0.1009834 0.1485679 0.0595778 0.0597770 0.1218824 0.0656300 0.1030189 0.0843935 0.0712931 0.0989988 0.0597250 0.1053911 0.1354178 0.0609883 0.0569330 0.0653524 0.0983985 0.0786366 0.0789959 0.0952275 0.0624507 0.0932571 0.0834132 0.0644527 0.0975954 0.0560383 0.1044837 0.0802945 0.0807589 0.0515154 0.0571289 0.0871943 0.1014637 0.0838217 0.0688336 0.0754991 0.1075133 0.1059161 0.0715517 0.0664479 0.0760548 0.1429306 0.0785836 0.0522582 0.0715814 
S0400         0.4993841 0.3926720 0.4229771 0.0753149 0.0993916 0.0547012 0.1805795 0.0349045 0.0709732 0.0799228 0.1358307 0.0167698 0.0868619 0.0762339 0.0167358 0.0522504 0.1037167 0.1067335 0.1073932 0.0807464 0.0901315 0.0875697 0.0000010 0.0562550 0.0000000 0.0205355 0.0983684 0.0545116 0.0751799 0.0582743 0.0614730 0.0714256 0.1141749 0.0701089 0.0920604 0.0761788 0.1430385 0.0937789 0.0393917 0.0099893 0.0916699 0.0649119 0.0714812 0.0540161 0.0123091 0.1034264 0.1118467 0.1111745 0.0553301 0.1050198 0.0579276 0.0582743 0.0099047 0.0615450 0.0623023 0.0896896 0.1169654 0.1024702 0.1028896 0.1006345 0.0979119 0.0707125 0.0614834 0.1061444 0.0991128 0.1002833 0.1002125 0.1018048 0.0593733 0.1437470 0.1376599 0.0813685 0.1027241 0.1916247 0.0661595 0.0837071 0.1600401 0.0707886 0.1418620 0.0791050 0.0712144 0.0900111 0.0629072 0.1115699 0.1587524 0.0201528 0.0311509 0.0642836 0.0844810 0.0714976 0.0717639 0.1082362 0.0931892 0.0930662 0.0760376 0.0804575 0.1213220 0.0132270 0.0991314 0.0754295 0.0718475 0.0201813 0.0239357 0.0591446 0.1283366 0.0518789 0.1008678 0.0628530 0.0946943 0.1037924 0.0422461 0.0718175 0.0880017 0.1523192 0.0800748 0.0133873 0.0389101 
S0405         0.5492469 0.4218122 0.4334344 0.0947512 0.1271423 0.0557485 0.1968170 0.0432565 0.0810934 0.0905280 0.1386645 0.0242330 0.0931179 0.0959275 0.0241838 0.0617275 0.1156037 0.1041343 0.1096197 0.0914708 0.0919393 0.0983937 0.0000010 0.0516734 0.0205355 0.0000000 0.1099091 0.0600691 0.0945976 0.0677414 0.0762634 0.0816291 0.1168266 0.0752156 0.1134301 0.0823309 0.1355126 0.1050889 0.0444118 0.0171814 0.1031186 0.0705971 0.0816800 0.0632476 0.0060792 0.1055828 0.1093850 0.1062837 0.0648187 0.1024402 0.0590266 0.0677414 0.0170347 0.0615450 0.0719547 0.1104547 0.1194012 0.1141483 0.1049529 0.1006345 0.1093794 0.0897210 0.0716101 0.1083208 0.1206174 0.1220110 0.1001769 0.1239732 0.0485688 0.1467973 0.1417395 0.0921823 0.1048605 0.1853527 0.0769437 0.1192242 0.1705678 0.0808734 0.1518869 0.0995856 0.0903554 0.0918156 0.0685399 0.1288962 0.1616714 0.0277300 0.0317251 0.0789792 0.0953134 0.0816944 0.0820089 0.1057190 0.1044021 0.1042763 0.0822900 0.0776478 0.1188852 0.0134622 0.1011278 0.0959456 0.0911804 0.0277736 0.0243729 0.0694221 0.1366221 0.0612987 0.1127422 0.0814082 0.1158981 0.1058952 0.0430328 0.0820852 0.0994068 0.1556112 0.0906736 0.0136291 0.0475018 
S0407sl       0.4580532 0.4281578 0.4111501 0.0997963 0.1215435 0.1354328 0.1774441 0.0914063 0.0724994 0.0348607 0.1572802 0.1036266 0.0279311 0.1056221 0.0998478 0.1504872 0.0384034 0.1278008 0.1137714 0.0275978 0.0310742 0.1131093 0.5248350 0.0994189 0.0983684 0.1099091 0.0000000 0.0957936 0.0390846 0.0859816 0.1013396 0.0272518 0.1096880 0.0481396 0.0880363 0.1046741 0.1492020 0.0314506 0.1270901 0.0900376 0.0397405 0.0482636 0.0617344 0.0985494 0.0944054 0.1137427 0.1286473 0.1202105 0.0973870 0.1257401 0.1240110 0.0859816 0.0904826 0.0942225 0.0904616 0.1028897 0.1275901 0.0752683 0.1368408 0.0949539 0.0713338 0.0637387 0.0248398 0.1170768 0.0971918 0.0914101 0.0658969 0.0989960 0.1099942 0.1779079 0.1274299 0.0643695 0.1379279 0.2458155 0.0621171 0.1063402 0.1393131 0.1000346 0.1214211 0.0886271 0.0997880 0.1230997 0.1004295 0.1196984 0.1375656 0.0891378 0.1135125 0.0738487 0.0276513 0.0673270 0.0675766 0.1296201 0.0723121 0.0385442 0.0833934 0.0974550 0.1376176 0.0980390 0.1176688 0.0983582 0.1018614 0.0893641 0.1041105 0.1264876 0.1274488 0.1340049 0.0882355 0.0858848 0.1241560 0.0425467 0.1243037 0.0970327 0.0211504 0.1998306 0.0672899 0.0993388 0.1246772 
S0412sl       0.5414566 0.4165369 0.4105831 0.0844919 0.0892114 0.0800323 0.1839412 0.0514272 0.0842391 0.0904717 0.1417408 0.0588428 0.0922409 0.0805164 0.0511134 0.0888837 0.1155283 0.1250393 0.1100804 0.0830531 0.0878720 0.1014670 0.0000010 0.0515257 0.0545116 0.0600691 0.0957936 0.0000000 0.0901597 0.0709059 0.0654654 0.0862539 0.1151154 0.0741382 0.1012390 0.0766129 0.1365936 0.1050405 0.0689931 0.0510869 0.1077484 0.0737164 0.0776517 0.0547310 0.0392535 0.1036658 0.1298510 0.0919759 0.0396550 0.1229467 0.0850132 0.0709059 0.0472455 0.0766752 0.0751059 0.1039755 0.1172402 0.0938481 0.1104307 0.1153006 0.0893651 0.0670349 0.0758282 0.1135145 0.1037601 0.1142030 0.1221962 0.1212070 0.0965865 0.1447978 0.1131913 0.0772605 0.1183847 0.2227815 0.0869900 0.1145928 0.1370343 0.0753193 0.1188943 0.0924384 0.0845116 0.1094316 0.0752675 0.1220195 0.1349508 0.0625547 0.0676352 0.0739676 0.0856944 0.0737682 0.0740514 0.1361978 0.0847437 0.1042276 0.0762958 0.0918089 0.1404697 0.0507105 0.1121883 0.0994148 0.0760592 0.0626879 0.0591499 0.0687936 0.1248709 0.0705835 0.1015129 0.0722869 0.1092481 0.1166188 0.0802953 0.0764255 0.0805551 0.1588525 0.0826360 0.0550298 0.0546650 
S0417         0.4539137 0.3902476 0.3707500 0.0755709 0.0901172 0.1187754 0.1607350 0.0727601 0.0586293 0.0350097 0.1580482 0.0887775 0.0361087 0.0912733 0.0850933 0.1274088 0.0629222 0.1252380 0.1028288 0.0430642 0.0432669 0.0970122 0.5248350 0.0988898 0.0751799 0.0945976 0.0390846 0.0901597 0.0000000 0.0712854 0.0878697 0.0426818 0.1185124 0.0443654 0.0644030 0.1005995 0.1480626 0.0467334 0.1037588 0.0758316 0.0399154 0.0446131 0.0590308 0.0882403 0.0924684 0.1061782 0.1261614 0.1153139 0.0871981 0.1231928 0.1126364 0.0712854 0.0762181 0.0927608 0.0755189 0.0786737 0.1196112 0.0714345 0.1387593 0.0943230 0.0757725 0.0426146 0.0325429 0.1130330 0.0728522 0.0677696 0.0594972 0.0741268 0.1066601 0.1779440 0.1246646 0.0813669 0.1399338 0.2411488 0.0507768 0.0980079 0.1413468 0.0845010 0.1236795 0.0648475 0.0756039 0.1248002 0.0995220 0.1026107 0.1396666 0.0926597 0.0981624 0.0607280 0.0237036 0.0592761 0.0594939 0.1271314 0.0589620 0.0387084 0.0889526 0.0939817 0.1351702 0.0835818 0.1240129 0.0735702 0.0770964 0.0928971 0.0892055 0.1004933 0.1001035 0.1219251 0.0737582 0.0633811 0.1073114 0.0435723 0.1119609 0.0857679 0.0491178 0.1935574 0.0592437 0.0846723 0.1086197 
S0419         0.4934429 0.4269716 0.4189016 0.0501189 0.0895673 0.0875794 0.1632367 0.0469537 0.0168648 0.0715453 0.0906758 0.0626669 0.0781233 0.0592435 0.0583186 0.1068142 0.0939517 0.1099631 0.1009128 0.0803084 0.0814374 0.0535803 0.0000010 0.0603335 0.0582743 0.0677414 0.0859816 0.0709059 0.0712854 0.0000000 0.0815765 0.0803326 0.0948817 0.0520044 0.0719536 0.0900058 0.1302241 0.0850737 0.0853411 0.0548504 0.0828267 0.0517386 0.0765503 0.0717853 0.0386993 0.0608535 0.1015769 0.0945576 0.0637752 0.1082073 0.0930117 0.0000010 0.0509822 0.0078276 0.0032618 0.0701492 0.0730037 0.0793522 0.1082097 0.1005620 0.0750980 0.0460049 0.0574092 0.1112094 0.0847608 0.0797740 0.0792292 0.0830557 0.0716477 0.1051933 0.1150835 0.0594283 0.1082369 0.1887055 0.0547650 0.1056906 0.1388976 0.0099381 0.1209470 0.0647510 0.0463374 0.1009367 0.0700829 0.0746698 0.1255858 0.0663919 0.0753540 0.0433381 0.0759969 0.0682326 0.0684883 0.1072198 0.0666715 0.0844257 0.0723071 0.0709853 0.1195890 0.0580851 0.1044271 0.0608447 0.0509980 0.0628262 0.0713729 0.1004612 0.0788752 0.1002830 0.0685810 0.0459760 0.0851625 0.0948107 0.0797442 0.0100652 0.0845694 0.1122435 0.0768230 0.0588285 0.0716628 
S0427         0.5120893 0.4197754 0.4653339 0.0960960 0.1126575 0.0785252 0.2141578 0.0572610 0.0772086 0.0930637 0.1484998 0.0749848 0.0944675 0.0871258 0.0702318 0.1082763 0.1054646 0.1190639 0.1216303 0.0831553 0.1023688 0.1191238 0.0000010 0.0332023 0.0614730 0.0762634 0.1013396 0.0654654 0.0878697 0.0815765 0.0000000 0.0824228 0.1088369 0.0859402 0.0883073 0.0787031 0.1696383 0.1081010 0.0808224 0.0665329 0.1061293 0.0764486 0.0798477 0.0832081 0.0565859 0.1042981 0.1090451 0.1449902 0.0707600 0.1170887 0.0974631 0.0815765 0.0623555 0.0890398 0.0773846 0.0964317 0.1084661 0.0977450 0.1393873 0.1255912 0.0930656 0.0727200 0.0783128 0.1268333 0.0954250 0.0917036 0.0935489 0.1035527 0.0756392 0.1645820 0.1434577 0.1045280 0.1276839 0.2304476 0.0550747 0.0988993 0.1993117 0.0866284 0.1794889 0.0905348 0.0824640 0.1254367 0.0913773 0.1181424 0.1895794 0.0789532 0.0709006 0.0740041 0.0980025 0.0861769 0.0865267 0.1195835 0.0882320 0.0979764 0.1000285 0.0810691 0.1240781 0.0699031 0.1415344 0.0922086 0.0814923 0.0735440 0.0710836 0.0803373 0.1251967 0.0958287 0.0938336 0.0778189 0.1090428 0.1023215 0.0842479 0.0924661 0.0919543 0.1741131 0.0861256 0.0666086 0.0796917 
S0428sl       0.4472318 0.3836752 0.3803091 0.0847555 0.1102631 0.1050017 0.1579036 0.0731555 0.0672414 0.0274270 0.1458175 0.0761252 0.0278515 0.0993841 0.0724711 0.1183483 0.0382903 0.1134099 0.1185331 0.0203633 0.0383908 0.1067739 0.5248350 0.0827415 0.0714256 0.0816291 0.0272518 0.0862539 0.0426818 0.0803326 0.0824228 0.0000000 0.1097633 0.0400394 0.0822422 0.0768688 0.1493555 0.0276817 0.1015887 0.0635557 0.0396190 0.0441017 0.0535549 0.0801778 0.0778441 0.1021342 0.1146075 0.1238265 0.0876413 0.1116082 0.0947230 0.0803326 0.0638931 0.0926263 0.0846936 0.0929189 0.1155205 0.0665872 0.1268889 0.0893359 0.0627378 0.0587356 0.0210808 0.1075757 0.0911565 0.0855905 0.0658560 0.0928127 0.0970863 0.1696152 0.1361791 0.0762099 0.1276047 0.2239541 0.0610086 0.1133944 0.1479003 0.0939860 0.1300409 0.0827940 0.0937721 0.1133794 0.1000369 0.1130962 0.1463523 0.0799644 0.0852049 0.0684706 0.0311381 0.0588207 0.0590348 0.1154827 0.0553398 0.0384302 0.0834300 0.0880241 0.1279357 0.0711898 0.1081535 0.0969162 0.0956828 0.0801565 0.0765071 0.1060435 0.1101503 0.1030958 0.0788037 0.0767011 0.1220931 0.0424181 0.0985919 0.0909872 0.0210908 0.1790234 0.0587889 0.0721171 0.0952105 
S0430         0.4361858 0.4771575 0.4609710 0.1180899 0.1241638 0.1530189 0.2153898 0.0856877 0.1101657 0.1168105 0.1665552 0.1199933 0.1070669 0.1185859 0.1155070 0.1583674 0.1344324 0.0331531 0.0444497 0.1154402 0.1064511 0.1394844 0.0000010 0.0899475 0.1141749 0.1168266 0.1096880 0.1151154 0.1185124 0.0948817 0.1088369 0.1097633 0.0000000 0.1049948 0.1496732 0.1234382 0.1179377 0.1198236 0.1319714 0.1104436 0.1207707 0.1069143 0.1164256 0.0993270 0.1107527 0.1392960 0.0360150 0.1321548 0.1082630 0.0326885 0.1394678 0.0948817 0.1057563 0.1051461 0.0996318 0.1583736 0.1431695 0.1228166 0.0791681 0.1749806 0.1387155 0.1296594 0.0971752 0.0749421 0.1661693 0.1318197 0.1672105 0.1781878 0.1850700 0.1885389 0.1507743 0.1260595 0.0651975 0.1614812 0.1199531 0.1113192 0.1705806 0.1098255 0.1500105 0.1422113 0.1175193 0.0742912 0.1092125 0.1364020 0.1819212 0.1242225 0.1360876 0.1036618 0.1120367 0.1090097 0.1094598 0.0402034 0.1311548 0.1215394 0.0547346 0.0000020 0.0448973 0.1088064 0.0885005 0.0831620 0.1208036 0.1246072 0.1156537 0.1267603 0.1559334 0.1297635 0.1576289 0.1120097 0.1596393 0.1212193 0.1481103 0.1058254 0.1164371 0.1990778 0.1189774 0.1105211 0.1151570 
