119
CRNC          0.0000000 0.1673662 0.2243963 0.3439404 0.4100392 0.3337299 0.3534615 0.3778855 0.3393359 0.3477492 0.3787567 0.2825114 0.3843948 0.4436957 0.4167032 0.3878389 0.3300888 0.3469574 0.3725064 0.3338286 0.3624759 0.3405938 0.3433932 0.3838742 0.3897171 0.3966166 0.3705497 0.3553713 0.3202208 0.3171091 0.4153454 0.3305723 0.3697344 0.3476574 0.3729898 0.4076408 0.3478230 0.3805903 0.3850599 0.3341940 0.3755245 0.3702243 0.3421322 0.4270418 0.3693195 0.3561669 0.4284747 0.3498480 0.3514062 0.3189728 0.3605860 0.3104976 0.3409476 0.3806287 0.3431012 0.3373185 0.3749196 0.3379217 0.3141234 0.3106589 0.3659832 0.3075657 0.3212444 0.3718602 0.3721765 0.3647898 0.3615442 0.3736511 0.3788383 0.4144660 0.3565272 0.4092606 0.3860165 0.3579835 0.3679697 0.6373351 0.4034939 0.4228773 0.3684103 0.4259437 0.3570767 0.3487581 0.3327676 0.3769801 0.3702441 0.4250457 0.3811848 0.4067057 0.3252626 0.3577190 0.3190285 0.4076357 0.3359456 0.3108894 0.3141613 0.4074707 0.3575972 0.3382519 0.3971772 0.3204761 0.3639467 0.3105139 0.3540072 0.3874811 0.3868936 0.3591579 0.3802530 0.3537450 0.3856906 0.3622852 0.3780853 0.4188863 0.3477333 0.4746451 0.3525206 0.3633275 0.3836836 0.3642964 0.4103958 
HYZL          0.1673662 0.0000000 0.0908233 0.2423505 0.2685852 0.1704475 0.2382237 0.2206593 0.2203556 0.2191762 0.2384142 0.1850928 0.2395651 0.2846565 0.2684420 0.2988822 0.1946818 0.2445705 0.2404596 0.2302536 0.2333731 0.1998574 0.2026357 0.2129605 0.2406147 0.2340746 0.2377263 0.2241615 0.1849739 0.2108999 0.1938441 0.2224541 0.2283662 0.2059289 0.2275622 0.2836902 0.2078919 0.2339961 0.2378161 0.1971805 0.2446412 0.2300536 0.2230436 0.2606945 0.2216796 0.2494646 0.2647792 0.2072456 0.2381351 0.1879082 0.2173638 0.2046911 0.1946655 0.2479358 0.2011100 0.1962831 0.2416447 0.1980023 0.2249805 0.2090410 0.2727561 0.1855519 0.1916313 0.2288429 0.2498021 0.2376473 0.2445331 0.2223557 0.2367395 0.2710498 0.2450628 0.2575988 0.2329254 0.2518671 0.2324666 0.4230408 0.2619775 0.2599285 0.2143116 0.2507123 0.2417742 0.2588635 0.2317044 0.2363502 0.2166008 0.2660473 0.2543802 0.2461001 0.1940292 0.2131647 0.1938127 0.2297199 0.2239291 0.2009822 0.1937289 0.2594129 0.2435571 0.2286874 0.2462566 0.2216036 0.2297172 0.1936357 0.2226978 0.2392418 0.2631185 0.2165421 0.2383073 0.2536329 0.2562186 0.2221492 0.2155495 0.2725844 0.1979593 0.3305234 0.2410788 0.2303097 0.2462705 0.2254340 0.2495775 
MYZV          0.2243963 0.0908233 0.0000000 0.3446263 0.3426965 0.2669944 0.3384166 0.3107339 0.3314747 0.3392131 0.3022668 0.3189864 0.3480809 0.3605947 0.3499125 0.3739067 0.2678285 0.3459250 0.3303051 0.3042042 0.3336082 0.3012888 0.3164564 0.2925219 0.3051326 0.3273272 0.3392918 0.3278583 0.2882347 0.3196243 0.3318618 0.3013098 0.3285717 0.3070903 0.3315506 0.3655554 0.3066317 0.3250843 0.3148851 0.2941031 0.3480691 0.3243159 0.3058529 0.3395541 0.3172780 0.3187988 0.3638030 0.2878925 0.2894561 0.2894273 0.2912849 0.3037168 0.2990206 0.3274189 0.3007966 0.2954041 0.3204513 0.3023752 0.3328484 0.2969033 0.4147488 0.2908918 0.2966543 0.3287130 0.3270939 0.3097274 0.3392700 0.2964396 0.3336230 0.3536184 0.3523142 0.3550061 0.3349145 0.3327249 0.3307635 0.5688685 0.3663733 0.3585546 0.3236459 0.3687507 0.3318002 0.3631007 0.3164211 0.3213377 0.3116149 0.3551439 0.3430582 0.3267839 0.2961662 0.3084808 0.2863719 0.3430435 0.2984012 0.3053618 0.3041323 0.3526721 0.3264135 0.3085169 0.3251324 0.2853663 0.3436182 0.2972820 0.3016531 0.3168141 0.3776476 0.3131898 0.3267356 0.3339282 0.3764873 0.3367138 0.3101730 0.3791197 0.3046036 0.4202078 0.3483968 0.3332165 0.3250386 0.3147939 0.3393361 
SRR6441723    0.3439404 0.2423505 0.3446263 0.0000000 0.1872922 0.1907276 0.1014840 0.1023435 0.1364623 0.1249303 0.1276592 0.1037301 0.0909027 0.1631544 0.1700091 0.2059829 0.1402673 0.1472352 0.1378724 0.1330051 0.1350753 0.0378101 0.0533103 0.1634734 0.1486052 0.1542631 0.1073325 0.1459834 0.0754736 0.1209035 0.1120704 0.1377943 0.1489942 0.0948711 0.1324117 0.1608073 0.1385149 0.1433721 0.1371271 0.1551524 0.1668586 0.2041538 0.1122293 0.2003734 0.1059464 0.1437579 0.1808897 0.1115896 0.1550884 0.0840881 0.1348924 0.0955332 0.0787600 0.1442421 0.0705449 0.0750977 0.1169499 0.0926997 0.1605618 0.1438231 0.1973005 0.1201810 0.0660398 0.1474376 0.1340286 0.1210219 0.1330693 0.1606406 0.1213390 0.1719983 0.1231422 0.1900961 0.1224018 0.1426669 0.1097583 0.3381763 0.1258547 0.1818911 0.0928554 0.1630851 0.1208626 0.0747094 0.1326740 0.1282277 0.0885505 0.1558415 0.1496255 0.1450721 0.0928272 0.1259549 0.1499131 0.1765645 0.1483328 0.1251501 0.1360113 0.1487982 0.1382642 0.1540573 0.1433150 0.1411551 0.0416042 0.0530378 0.1161000 0.1479625 0.1178060 0.0830399 0.1336557 0.1943562 0.0709487 0.0683262 0.1435278 0.1244901 0.0799016 0.2607124 0.1192596 0.1722822 0.1284338 0.1332799 0.1430417 
ERR2789774    0.4100392 0.2685852 0.3426965 0.1872922 0.0000000 0.2506815 0.1019990 0.1496194 0.1483004 0.1488598 0.0569826 0.1461132 0.1931943 0.0630189 0.1155944 0.2375792 0.1326109 0.1387495 0.1595440 0.1319331 0.1443252 0.1609763 0.1746218 0.0635496 0.0656293 0.1618966 0.1154639 0.1648000 0.1339776 0.1498555 0.1464268 0.1319456 0.1420781 0.1237701 0.1221375 0.1434976 0.1357977 0.0890381 0.0611279 0.1411803 0.1825837 0.1976939 0.1238275 0.1001889 0.1561784 0.1277286 0.2067897 0.1184768 0.1282796 0.1298008 0.0456595 0.1271146 0.1273258 0.0616962 0.1326973 0.1283047 0.1536720 0.1415791 0.1649021 0.1426536 0.1849663 0.1229035 0.1034156 0.1447216 0.1285645 0.1585698 0.1729822 0.2102126 0.1480510 0.1055181 0.1591830 0.2264285 0.1723149 0.1416090 0.1292683 0.3696195 0.1764151 0.2079493 0.1338845 0.1830739 0.1691919 0.1693434 0.1523112 0.0787487 0.1698538 0.2201179 0.0654820 0.0884526 0.1376751 0.1474759 0.1417376 0.1792811 0.1200705 0.1432501 0.1563890 0.1675129 0.1323903 0.1325450 0.0615686 0.1487506 0.1714260 0.1145945 0.0512646 0.0697794 0.1119800 0.1663165 0.0747182 0.1541689 0.1559944 0.1549225 0.1471961 0.1065557 0.1293107 0.2576078 0.1552676 0.1819905 0.0614132 0.1431769 0.0918014 
PAFTOL_019361 0.3337299 0.1704475 0.2669944 0.1907276 0.2506815 0.0000000 0.1931444 0.1845322 0.1723960 0.2052841 0.1991455 0.1545341 0.1884135 0.2247609 0.2269678 0.2893992 0.1858782 0.1636139 0.1935197 0.1724752 0.2004618 0.1643018 0.1868897 0.2278194 0.2121458 0.1961535 0.1916191 0.1922204 0.1677682 0.1748036 0.1019264 0.1678260 0.2176498 0.1728522 0.1887999 0.2093809 0.1774843 0.2073076 0.1877437 0.1898462 0.1984844 0.1976480 0.1880821 0.2656183 0.1694628 0.1916281 0.1925234 0.1552687 0.1812685 0.1611480 0.1852931 0.1767199 0.1705557 0.2075347 0.1652071 0.1712426 0.1764481 0.1583454 0.1936304 0.1795710 0.2470850 0.1558020 0.1446825 0.1960847 0.1848343 0.2185674 0.2219527 0.2567458 0.2231040 0.2186590 0.2073358 0.1918015 0.2127847 0.1871040 0.1747341 0.3830355 0.1994232 0.1936052 0.1763610 0.1837636 0.2162524 0.1890184 0.1659412 0.1905807 0.1872579 0.1399233 0.2252696 0.2103760 0.1783962 0.1657064 0.1586425 0.1743433 0.1676925 0.1654283 0.1636469 0.1902370 0.1848343 0.1911572 0.2061583 0.1654674 0.1797853 0.1444642 0.1770395 0.1998027 0.2037321 0.1786115 0.1970378 0.2158943 0.1862152 0.1823459 0.1968362 0.2284726 0.1733599 0.2930298 0.2033485 0.1806090 0.2062091 0.1891409 0.1912081 
S0055         0.3534615 0.2382237 0.3384166 0.1014840 0.1019990 0.1931444 0.0000000 0.0665909 0.1072955 0.1034483 0.0616575 0.1444590 0.1179804 0.0922401 0.0886303 0.2289706 0.0726015 0.0950159 0.1105060 0.0790565 0.1067647 0.0795280 0.0823323 0.0744479 0.0704970 0.1232627 0.0543408 0.1152642 0.0498608 0.0706786 0.0777475 0.0790601 0.1043855 0.0526538 0.0702704 0.0979169 0.1005205 0.0540791 0.0658858 0.1155106 0.1305092 0.1470322 0.0418670 0.0960844 0.0828868 0.0797349 0.1433133 0.0617278 0.0844765 0.0532788 0.0584503 0.0514861 0.0452786 0.0666275 0.0494371 0.0455905 0.0753090 0.0702824 0.1597126 0.0925847 0.1709762 0.0863032 0.0258586 0.0973195 0.0666777 0.0785941 0.0931832 0.1262898 0.0773666 0.0738645 0.0984750 0.1488593 0.0828228 0.0661970 0.0762738 0.2993334 0.0797340 0.1440805 0.0579845 0.1311068 0.0795961 0.1007933 0.0788721 0.0412802 0.1013667 0.1129617 0.0881976 0.0578967 0.0619776 0.1064161 0.1048282 0.1375095 0.0729865 0.0873931 0.1202611 0.1036193 0.0793066 0.0928414 0.0706225 0.0806700 0.0784712 0.0440651 0.0466601 0.0663190 0.0256480 0.0958548 0.0374791 0.1651639 0.0783688 0.0897324 0.1106460 0.0622492 0.0459077 0.2018290 0.0946451 0.1362083 0.0661975 0.0934512 0.0532339 
S0196sl       0.3778855 0.2206593 0.3107339 0.1023435 0.1496194 0.1845322 0.0665909 0.0000000 0.1085391 0.0902552 0.1035535 0.1694139 0.1252597 0.1323378 0.1238301 0.2080362 0.1061482 0.1123615 0.1210818 0.1234069 0.1071516 0.0760886 0.0887236 0.1142750 0.1137535 0.1290505 0.0771984 0.1375777 0.0220933 0.1103319 0.0792006 0.1186023 0.1301281 0.0715727 0.0985263 0.1195448 0.1106998 0.0953978 0.1032710 0.1257999 0.1468576 0.1552484 0.0846460 0.1577986 0.0616552 0.1196826 0.1787716 0.0899309 0.1202018 0.0538892 0.1006194 0.0711727 0.0181225 0.1096617 0.0219129 0.0182423 0.0849445 0.0495554 0.1523173 0.1143798 0.1627861 0.0915932 0.0420767 0.1086111 0.1005683 0.0979148 0.1136817 0.1382618 0.0922274 0.1141188 0.0809451 0.1773515 0.0841839 0.1035293 0.0870574 0.3022042 0.0981942 0.1797775 0.0296890 0.1722475 0.0980170 0.0879438 0.1089068 0.0906607 0.1172486 0.1582817 0.1338997 0.1002719 0.0708358 0.1168995 0.1104815 0.1266868 0.1131905 0.0930344 0.1216731 0.1353276 0.1238340 0.1341598 0.1088128 0.1160091 0.0889761 0.0624412 0.0831578 0.1132558 0.0805232 0.0976679 0.0864343 0.1657565 0.0895409 0.0956178 0.1110485 0.0954997 0.0183645 0.2108945 0.0771113 0.1369205 0.1088946 0.0848715 0.1044760 
S0278         0.3393359 0.2203556 0.3314747 0.1364623 0.1483004 0.1723960 0.1072955 0.1085391 0.0000000 0.1146235 0.1322393 0.0160596 0.1455191 0.1690764 0.1489751 0.1445120 0.1269953 0.1407509 0.0547385 0.1369079 0.0506319 0.1035066 0.1111929 0.1321230 0.1432058 0.0551137 0.1084643 0.0546202 0.0944680 0.1155649 0.0275217 0.1320203 0.0628994 0.0895284 0.1082641 0.1706222 0.0413868 0.1293103 0.1318865 0.0535551 0.0805913 0.1009951 0.1078721 0.1639805 0.1200526 0.1387475 0.1602746 0.1126700 0.1393562 0.0745713 0.1295864 0.1006362 0.0976884 0.1390569 0.0934948 0.0984113 0.1230503 0.1060534 0.0956551 0.1638886 0.1243583 0.0351572 0.0849927 0.0426046 0.1394700 0.1375457 0.1553861 0.1467733 0.1224793 0.1342656 0.1585904 0.1759793 0.1172226 0.1584320 0.1191118 0.3597861 0.1282340 0.1558763 0.1082950 0.1868279 0.1262713 0.1311409 0.1513713 0.1135935 0.1260840 0.1214855 0.1438080 0.1351584 0.1027361 0.0501380 0.0607208 0.0880173 0.1325328 0.0461701 0.0338368 0.1460711 0.1373860 0.1530837 0.1379704 0.1663096 0.1170815 0.0757554 0.1019477 0.1425854 0.1240870 0.1068921 0.1144689 0.1049915 0.1131175 0.1296793 0.0616763 0.1346623 0.0991514 0.1430192 0.1546812 0.0897209 0.1316045 0.1525769 0.1236184 
S0281         0.3477492 0.2191762 0.3392131 0.1249303 0.1488598 0.2052841 0.1034483 0.0902552 0.1146235 0.0000000 0.1186042 0.1830775 0.1371305 0.1514788 0.1294092 0.1747911 0.1160518 0.1277784 0.1198635 0.1291031 0.1148546 0.1012070 0.1071762 0.1318139 0.1292646 0.1310792 0.1049985 0.1293719 0.0722583 0.1282744 0.1141653 0.1291151 0.1142242 0.0949407 0.1138314 0.1241152 0.1028050 0.1362551 0.1182826 0.1077831 0.1311125 0.1365484 0.1290191 0.1774532 0.0621780 0.1303058 0.2174206 0.1087894 0.1359390 0.0894855 0.1157987 0.0915063 0.0670928 0.1249364 0.0716158 0.0675753 0.1251504 0.0499734 0.1050180 0.1296541 0.1420232 0.0850559 0.0772222 0.1103897 0.1059399 0.1230943 0.1345510 0.1463536 0.1122666 0.1459931 0.0939302 0.2272771 0.1062016 0.1238864 0.0877213 0.3183237 0.1293043 0.2109868 0.0809247 0.1988829 0.1301965 0.1180831 0.1191620 0.1192783 0.1171414 0.2209498 0.1251363 0.1295811 0.0812982 0.1136080 0.0978913 0.1335716 0.1289718 0.0864298 0.1083687 0.1378721 0.1295549 0.1451856 0.1241397 0.1369409 0.1106356 0.0807782 0.0974468 0.1286989 0.1050044 0.1220358 0.1105332 0.1649119 0.1042626 0.1117827 0.1076454 0.1155115 0.0680672 0.1997895 0.0901042 0.1238539 0.1193213 0.0801282 0.1148376 
S0282         0.3787567 0.2384142 0.3022668 0.1276592 0.0569826 0.1991455 0.0616575 0.1035535 0.1322393 0.1186042 0.0000000 0.1668485 0.1494561 0.0230502 0.0781706 0.2624508 0.1039895 0.0997343 0.1373294 0.1069163 0.1276572 0.1136094 0.1296027 0.0256661 0.0217308 0.1392911 0.0725409 0.1423144 0.0895688 0.1129688 0.0866478 0.1069239 0.1209864 0.0945454 0.0794628 0.1177912 0.1151830 0.0536464 0.0179274 0.1308868 0.1590296 0.1717255 0.0941334 0.0542108 0.1150564 0.1028272 0.1772546 0.0758170 0.1079231 0.0950455 0.0181733 0.0959488 0.0840392 0.0218023 0.0887611 0.0846511 0.1075585 0.1016188 0.1913556 0.1111431 0.1644991 0.1121332 0.0624661 0.1231641 0.0848742 0.1162875 0.1286286 0.1721422 0.1168834 0.0636538 0.1229708 0.1831809 0.1279859 0.0929002 0.0953155 0.3363754 0.1276979 0.1782171 0.0984813 0.1544820 0.1274536 0.1311177 0.0885651 0.0409548 0.1335414 0.1528961 0.0370214 0.0493765 0.1032242 0.1214739 0.1144725 0.1319956 0.0952418 0.1173774 0.1402165 0.1192635 0.1072717 0.1124904 0.0217598 0.0980564 0.1231045 0.0758363 0.0149508 0.0254531 0.0704606 0.1256523 0.0371829 0.1863924 0.1161226 0.1142838 0.1258261 0.0574904 0.0852761 0.2356236 0.1190949 0.1424255 0.0107081 0.1082405 0.0448591 
S0289         0.2825114 0.1850928 0.3189864 0.1037301 0.1461132 0.1545341 0.1444590 0.1694139 0.0160596 0.1830775 0.1668485 0.0000000 0.1253506 0.2495662 0.2431992 1.6155836 0.0849397 0.1220954 0.0490701 0.1730460 0.0672290 0.1063323 0.1410870 0.1460645 0.1668485 0.0355948 0.1245490 0.0152768 0.1069140 0.0657480 0.0417890 0.1730460 0.0314967 0.1736154 0.1269975 0.1954910 0.0152768 0.1723544 0.1668485 0.0152768 0.0876163 0.0497727 0.1468348 0.2148818 0.1245490 0.1760705 0.1030828 0.1483133 0.1760705 0.0925059 0.1453945 0.1465849 0.1245490 0.1668485 0.1245490 0.1245490 0.1251582 0.1031159 0.0804217 0.2220802 0.0547561 0.0320783 0.1220097 0.0349301 0.1685529 0.1706767 0.2045183 0.2951929 0.1843954 0.2114728 0.1475771 0.1030828 0.1939268 0.2681287 0.1451688 0.5351437 0.1676735 0.0859877 0.1245490 0.1220097 0.1251582 0.0846740 0.2472798 0.1483133 0.1253506 0.1047021 0.1668485 0.1506224 0.0872070 0.0316172 0.0311542 0.2116823 0.1761737 0.0154922 0.0000010 0.1491243 0.2034473 0.1998273 0.1668485 0.2017027 0.1270640 0.1273199 0.1668485 0.1668485 0.1245490 0.1058671 0.1483133 0.0152768 0.1051931 0.1357341 0.0487276 0.1475684 0.1265713 0.0327158 0.1500580 0.0659136 0.1668485 0.1475771 0.1245490 
S0292         0.3843948 0.2395651 0.3480809 0.0909027 0.1931943 0.1884135 0.1179804 0.1252597 0.1455191 0.1371305 0.1494561 0.1253506 0.0000000 0.1865876 0.1852679 0.2582402 0.1518932 0.1600133 0.1717101 0.1476300 0.1560762 0.0642030 0.0922119 0.1851430 0.1610201 0.1661987 0.1360970 0.1679023 0.0962854 0.1213202 0.1324839 0.1476465 0.1641262 0.0809315 0.1498910 0.1743374 0.1595399 0.1761118 0.1490582 0.1702206 0.1904347 0.2311323 0.1295395 0.2296020 0.1199031 0.1596899 0.1966885 0.1352330 0.1658754 0.1194762 0.1407372 0.1021191 0.0995492 0.1567951 0.0952745 0.1002997 0.1389438 0.1058630 0.2007449 0.1451440 0.2426543 0.1407243 0.0855966 0.1696836 0.1484012 0.1291261 0.1516960 0.1806358 0.1227402 0.1769856 0.1185127 0.2062309 0.1619675 0.1447321 0.1230291 0.4016718 0.1353953 0.1978127 0.1149254 0.1917613 0.1560788 0.1095572 0.1446742 0.1466274 0.0625584 0.1920692 0.1520433 0.1599075 0.1140635 0.1413769 0.1661174 0.2015255 0.1514975 0.1505084 0.1450159 0.1828123 0.1528117 0.1647280 0.1555493 0.1408700 0.0734232 0.0277109 0.1287638 0.1603189 0.1355364 0.0502100 0.1524270 0.2366722 0.0545637 0.0264733 0.1649557 0.1532901 0.1010683 0.2753066 0.1146265 0.1965542 0.1503907 0.1285666 0.1624864 
S0293         0.4436957 0.2846565 0.3605947 0.1631544 0.0630189 0.2247609 0.0922401 0.1323378 0.1690764 0.1514788 0.0230502 0.2495662 0.1865876 0.0000000 0.0861093 0.2557511 0.1467120 0.1124142 0.1644473 0.1431858 0.1384304 0.1464010 0.1513369 0.0411049 0.0329648 0.1604758 0.0888724 0.1702408 0.1187605 0.1500925 0.0972540 0.1432049 0.1496997 0.1140001 0.1173284 0.1242256 0.1401839 0.0534656 0.0326775 0.1542134 0.1696309 0.1797003 0.1386530 0.0462837 0.1401580 0.1377710 0.2075853 0.1058277 0.1434955 0.1267903 0.0332589 0.1115156 0.1108339 0.0430044 0.1173484 0.1118950 0.1439987 0.1216967 0.2133447 0.1358086 0.1393816 0.1223961 0.0822457 0.1401650 0.1060609 0.1564908 0.1748445 0.2314238 0.1437568 0.0775916 0.1513087 0.2084139 0.1716133 0.0885953 0.1189004 0.2593564 0.1648692 0.2090471 0.1308414 0.1819465 0.1711327 0.1623153 0.1121884 0.0637145 0.1715928 0.1822930 0.0477369 0.0644066 0.1370780 0.1545605 0.1133751 0.1299579 0.1204521 0.1545210 0.1657296 0.1397131 0.1368048 0.1440798 0.0428945 0.1185776 0.1649962 0.0884139 0.0243206 0.0424218 0.0802131 0.1550670 0.0587202 0.1901820 0.1483816 0.1530829 0.1620671 0.0697421 0.1124450 0.3268952 0.1454955 0.1561511 0.0280115 0.1313368 0.0689741 
S0294         0.4167032 0.2684420 0.3499125 0.1700091 0.1155944 0.2269678 0.0886303 0.1238301 0.1489751 0.1294092 0.0781706 0.2431992 0.1852679 0.0861093 0.0000000 0.2939540 0.1273443 0.1342731 0.1552685 0.1267665 0.1396903 0.1445272 0.1600468 0.0838672 0.0830433 0.1624692 0.0960173 0.1653796 0.1090777 0.1409028 0.1219604 0.1320602 0.1423619 0.1112009 0.1077034 0.1271295 0.1362336 0.0801133 0.0825558 0.1530500 0.1569177 0.1968979 0.1238535 0.1121805 0.1254488 0.1327218 0.2148701 0.0951447 0.1328967 0.1350287 0.0665683 0.0986430 0.1030457 0.0835001 0.1030934 0.0988818 0.1235475 0.1116649 0.2007874 0.1132110 0.2035785 0.1386793 0.0943191 0.1452086 0.1040649 0.1276735 0.1552506 0.1782637 0.1338908 0.0427785 0.1488079 0.2214278 0.1711239 0.1270057 0.1251105 0.2955549 0.1399833 0.2160940 0.1183981 0.1822090 0.1337876 0.1633033 0.1365766 0.0619387 0.1618502 0.1828621 0.0879711 0.0753385 0.1291286 0.1333145 0.1521632 0.1860516 0.1260174 0.1432479 0.1531194 0.1396270 0.1281058 0.1337043 0.0875729 0.1245260 0.1596059 0.1158916 0.0732389 0.0917677 0.0982728 0.1472665 0.0582066 0.2178952 0.1421772 0.1470206 0.1358252 0.0797832 0.1046069 0.2626783 0.1448944 0.1923461 0.0829516 0.1281949 0.0664031 
S0299         0.3878389 0.2988822 0.3739067 0.2059829 0.2375792 0.2893992 0.2289706 0.2080362 0.1445120 0.1747911 0.2624508 1.6155836 0.2582402 0.2557511 0.2939540 0.0000000 0.1417257 0.2606023 0.1343635 0.2362851 0.1123027 0.1764499 0.0983979 0.1838697 0.2672418 0.1344855 0.1858397 0.1245640 0.1975685 0.2454046 0.5786999 0.2362851 0.1465695 0.1576708 0.1728137 0.2494843 0.1219135 0.2368610 0.2489373 0.1311512 0.1411690 0.1887701 0.2278629 0.1857020 0.2152292 0.2485517 0.2930301 0.2199904 0.2603912 0.0993211 0.2554546 0.1640497 0.2040867 0.2669996 0.2149932 0.2040867 0.2290693 0.2041812 0.1497373 0.2312574 0.1770601 0.1174336 0.1776009 0.1335387 0.2426063 0.2393380 0.2182865 0.2030744 0.1934423 0.2900246 0.2296767 0.3164582 0.1288473 0.2242698 0.2292587 0.2697605 0.2656009 0.2930301 0.2168072 0.2627542 0.2093455 0.2286286 0.2319723 0.2117523 0.2208314 0.8662941 0.2437239 0.2947363 0.2049049 0.1221816 0.1542570 0.1169853 0.2580750 0.1316681 0.1224189 0.2430106 0.2132917 0.2362851 0.2489373 0.2432188 0.1959719 0.1601751 0.1664838 0.2727306 0.2326131 0.2386390 0.2232412 0.1993546 0.2305396 0.2370156 0.1326983 0.2135347 0.2074299 0.3588001 0.2185905 0.1890885 0.2659899 0.2531832 0.2611698 
S0303         0.3300888 0.1946818 0.2678285 0.1402673 0.1326109 0.1858782 0.0726015 0.1061482 0.1269953 0.1160518 0.1039895 0.0849397 0.1518932 0.1467120 0.1273443 0.1417257 0.0000000 0.0795158 0.1269404 0.0041346 0.1222133 0.1057390 0.1069355 0.1179455 0.1050057 0.1259585 0.1124936 0.1276054 0.0897142 0.0977328 0.0882384 0.0041344 0.1134809 0.0898391 0.0930663 0.0731057 0.1081611 0.1111556 0.1094601 0.1096299 0.1582365 0.1798640 0.1061051 0.1473093 0.0929733 0.0212152 0.1976993 0.1048650 0.0170267 0.0949151 0.0953451 0.0961791 0.0888117 0.1054107 0.0943762 0.0895670 0.1348044 0.0780410 0.1508390 0.0787981 0.2529826 0.1043103 0.0640438 0.1146834 0.0439001 0.1272297 0.1280011 0.1191567 0.1253568 0.1139114 0.1228229 0.2011044 0.1118892 0.0633601 0.0798514 0.4240071 0.1403290 0.1976993 0.1058751 0.2342358 0.1274240 0.1167762 0.0580644 0.0833398 0.1218244 0.1793115 0.1274443 0.1050633 0.0892803 0.1044125 0.1375331 0.1596052 0.0085889 0.1214730 0.1316373 0.0689361 0.0125245 0.0169213 0.1159379 0.0697936 0.1111531 0.0854496 0.0915928 0.1101663 0.1001786 0.1271834 0.0888136 0.2187317 0.1215802 0.1185232 0.1194045 0.1168827 0.0899551 0.2053884 0.1178072 0.1570664 0.1100920 0.1165419 0.1047480 
S0308         0.3469574 0.2445705 0.3459250 0.1472352 0.1387495 0.1636139 0.0950159 0.1123615 0.1407509 0.1277784 0.0997343 0.1220954 0.1600133 0.1124142 0.1342731 0.2606023 0.0795158 0.0000000 0.1549044 0.0764248 0.1511511 0.1222819 0.1272021 0.1258190 0.1142220 0.1522164 0.1233281 0.1549580 0.0976432 0.1168563 0.0777808 0.0764282 0.1475015 0.1033188 0.1095334 0.0762918 0.1314310 0.1051440 0.1087924 0.1221831 0.1724047 0.1735543 0.1315464 0.1564588 0.0908276 0.0809234 0.2052788 0.1213459 0.0771204 0.1099601 0.0914584 0.0978917 0.0917448 0.1052301 0.0967272 0.0924400 0.1227230 0.0726137 0.1969769 0.1046015 0.2290827 0.1185498 0.0690334 0.1419602 0.0546981 0.1311652 0.1497284 0.1888403 0.1308883 0.1188177 0.1107510 0.1953704 0.1257716 0.0852947 0.0725895 0.3491503 0.1422518 0.2064472 0.1069875 0.2077484 0.1420326 0.1194693 0.0724567 0.0994936 0.1395316 0.1298942 0.1294301 0.1196530 0.0959817 0.1294411 0.1313957 0.1610100 0.0696457 0.1193851 0.1317308 0.0950121 0.0763919 0.0904099 0.1144714 0.1015891 0.1367369 0.0825553 0.0934501 0.1094097 0.1210052 0.1348391 0.0952334 0.2295947 0.1248711 0.1347894 0.1438145 0.1203044 0.0931511 0.2462186 0.1064069 0.1605383 0.1050455 0.1148150 0.0999552 
S0320         0.3725064 0.2404596 0.3303051 0.1378724 0.1595440 0.1935197 0.1105060 0.1210818 0.0547385 0.1198635 0.1373294 0.0490701 0.1717101 0.1644473 0.1552685 0.1343635 0.1269404 0.1549044 0.0000000 0.1418555 0.0383194 0.1162639 0.1205374 0.1365615 0.1484344 0.0597026 0.1080380 0.0465830 0.1160010 0.1396844 0.0477027 0.1369279 0.0419683 0.1087985 0.1037306 0.1870386 0.0259972 0.1389062 0.1369644 0.0419050 0.0583140 0.1108802 0.1258775 0.1705940 0.1338774 0.1482713 0.1717371 0.0923786 0.1489247 0.0935944 0.1347285 0.1105639 0.1099186 0.1440729 0.1149369 0.1107314 0.1312092 0.1153289 0.0660318 0.1748612 0.1245536 0.0267998 0.0971553 0.0346682 0.1392099 0.1404484 0.1582010 0.1548448 0.1315641 0.1392469 0.1693938 0.1933410 0.1260511 0.1629509 0.1343052 0.3954143 0.1454576 0.1672821 0.1252614 0.1876584 0.1329350 0.1283538 0.1679146 0.1185231 0.1571642 0.1647956 0.1398529 0.1498665 0.1145401 0.0544615 0.0741816 0.1107897 0.1473647 0.0417358 0.0583905 0.1604430 0.1423534 0.1581970 0.1431472 0.1669053 0.1299912 0.1039743 0.1112488 0.1477925 0.1224456 0.1397295 0.1179818 0.0981424 0.1461945 0.1491107 0.0541448 0.1398624 0.1115645 0.1250859 0.1654802 0.0892827 0.1381697 0.1530647 0.1270891 
S0322         0.3338286 0.2302536 0.3042042 0.1330051 0.1319331 0.1724752 0.0790565 0.1234069 0.1369079 0.1291031 0.1069163 0.1730460 0.1476300 0.1431858 0.1267665 0.2362851 0.0041346 0.0764248 0.1418555 0.0000000 0.1321346 0.1138292 0.1012381 0.1116063 0.1078227 0.1339817 0.1138950 0.1368254 0.0993733 0.0965772 0.0771081 0.0000022 0.1241995 0.1000919 0.1065146 0.0750201 0.1194866 0.1183253 0.1116870 0.1209040 0.1637265 0.1780804 0.1087635 0.1403216 0.1017480 0.0145750 0.1814367 0.1124439 0.0109250 0.0894423 0.0994290 0.1061993 0.0981486 0.1081871 0.1027077 0.0985119 0.1327920 0.0885630 0.1788299 0.0882877 0.2312203 0.1215836 0.0716575 0.1229319 0.0455375 0.1320892 0.1388553 0.1707557 0.1328407 0.1222098 0.1281247 0.1840994 0.1110715 0.0706969 0.0897361 0.3537943 0.1435645 0.1824436 0.1132571 0.2132606 0.1312858 0.1129894 0.0582490 0.0933861 0.1219169 0.1654288 0.1273110 0.1070547 0.1035438 0.1116083 0.1408409 0.1697060 0.0036813 0.1314202 0.1402935 0.0800034 0.0071864 0.0108671 0.1173339 0.0764677 0.1233505 0.0906658 0.0962194 0.1123120 0.1032070 0.1314005 0.0982642 0.2151735 0.1217059 0.1212812 0.1299359 0.1181263 0.0996238 0.2154665 0.1242364 0.1689366 0.1122468 0.1226006 0.1071569 
S0327         0.3624759 0.2333731 0.3336082 0.1350753 0.1443252 0.2004618 0.1067647 0.1071516 0.0506319 0.1148546 0.1276572 0.0672290 0.1560762 0.1384304 0.1396903 0.1123027 0.1222133 0.1511511 0.0383194 0.1321346 0.0000000 0.1024697 0.0993479 0.1266347 0.1385301 0.0386360 0.0995272 0.0380825 0.1122342 0.1304991 0.0090720 0.1272825 0.0462371 0.0999544 0.0946008 0.1703928 0.0259012 0.1291149 0.1273145 0.0417492 0.0589363 0.0964199 0.1221052 0.1717269 0.1244562 0.1383691 0.1498320 0.1082171 0.1389744 0.0842002 0.1151854 0.0957760 0.1061927 0.1341857 0.1112005 0.1069813 0.1177857 0.1103543 0.0797927 0.1643352 0.1153120 0.0191178 0.0886076 0.0227316 0.1340394 0.1269048 0.1441555 0.1456204 0.1176576 0.1340610 0.1475708 0.1705267 0.1279894 0.1271187 0.1245572 0.3640695 0.1318163 0.1454723 0.1215072 0.1704977 0.1254958 0.1110331 0.1528307 0.1091041 0.1362317 0.1484593 0.1346526 0.1398498 0.1164218 0.0421057 0.0651241 0.0939797 0.1372311 0.0418621 0.0500035 0.1390223 0.1325940 0.1481610 0.1333269 0.1515264 0.1159037 0.0947978 0.1017711 0.1379274 0.1186379 0.1253943 0.1142838 0.0977547 0.1262389 0.1398770 0.0415653 0.1192967 0.1077893 0.1332335 0.1488007 0.0898072 0.1284334 0.1480114 0.1234274 
S0335         0.3405938 0.1998574 0.3012888 0.0378101 0.1609763 0.1643018 0.0795280 0.0760886 0.1035066 0.1012070 0.1136094 0.1063323 0.0642030 0.1464010 0.1445272 0.1764499 0.1057390 0.1222819 0.1162639 0.1138292 0.1024697 0.0000000 0.0257394 0.1318956 0.1241229 0.1197701 0.0951360 0.1125796 0.0503512 0.0972000 0.0768767 0.1138382 0.1157625 0.0718239 0.1038080 0.1403933 0.1060272 0.1244566 0.1133005 0.1213835 0.1321420 0.1665664 0.0895479 0.1578735 0.0797598 0.1245995 0.1503441 0.0993928 0.1253369 0.0536210 0.1107584 0.0762890 0.0539618 0.1198162 0.0500381 0.0543416 0.0944439 0.0670546 0.1389620 0.1241896 0.1936072 0.0874759 0.0418333 0.1136538 0.1100767 0.0982313 0.1084968 0.1217730 0.0976884 0.1282599 0.0997870 0.1593218 0.0892855 0.1185296 0.0869198 0.3483518 0.1077517 0.1511623 0.0671605 0.1460662 0.1026728 0.0500330 0.1184938 0.1046301 0.0670275 0.1303261 0.1249443 0.1205068 0.0671437 0.0937984 0.1204094 0.1510103 0.1231420 0.0888430 0.1031905 0.1291548 0.1142183 0.1292836 0.1190558 0.1213362 0.0145668 0.0360802 0.0925737 0.1235794 0.0947528 0.0619848 0.1097528 0.1861528 0.0501906 0.0429434 0.1107115 0.1103435 0.0547279 0.2240673 0.0959083 0.1472488 0.1142922 0.1094502 0.1285780 
S0345         0.3433932 0.2026357 0.3164564 0.0533103 0.1746218 0.1868897 0.0823323 0.0887236 0.1111929 0.1071762 0.1296027 0.1410870 0.0922119 0.1513369 0.1600468 0.0983979 0.1069355 0.1272021 0.1205374 0.1012381 0.0993479 0.0257394 0.0000000 0.1439450 0.1423759 0.1315884 0.1005070 0.1095204 0.0732321 0.1028694 0.0987898 0.1012460 0.1261149 0.0792782 0.1175453 0.1428460 0.1145613 0.1218320 0.1291977 0.1328531 0.1399174 0.1708607 0.1056737 0.1736994 0.0932671 0.1128079 0.1798953 0.1047266 0.1195265 0.0636328 0.1264624 0.0848252 0.0725167 0.1372919 0.0678793 0.0731163 0.1109648 0.0782814 0.1225909 0.1245576 0.2009369 0.0868066 0.0535281 0.1076872 0.1083554 0.1102505 0.1163645 0.1020816 0.1080052 0.1531238 0.1124718 0.1779771 0.1066359 0.1119740 0.0971823 0.3896643 0.1157423 0.1798953 0.0886218 0.1820721 0.1100949 0.0584024 0.1114611 0.1055535 0.0942210 0.1802741 0.1435093 0.1289474 0.0780813 0.1108436 0.1262572 0.1462152 0.1108090 0.0939962 0.1166774 0.1184732 0.0962794 0.1135845 0.1362646 0.1263408 0.0124506 0.0477756 0.0984772 0.1416545 0.1000413 0.0826108 0.1114379 0.2185827 0.0735666 0.0644913 0.1196217 0.1288574 0.0734233 0.2416306 0.1074851 0.1451599 0.1305242 0.1240187 0.1395823 
S0400         0.3838742 0.2129605 0.2925219 0.1634734 0.0635496 0.2278194 0.0744479 0.1142750 0.1321230 0.1318139 0.0256661 0.1460645 0.1851430 0.0411049 0.0838672 0.1838697 0.1179455 0.1258190 0.1365615 0.1116063 0.1266347 0.1318956 0.1439450 0.0000000 0.0348618 0.1413246 0.0936939 0.1507485 0.0973061 0.1325872 0.1005418 0.1121058 0.1254808 0.1154039 0.0905698 0.1303953 0.1235175 0.0640636 0.0301393 0.1427235 0.1635037 0.1860484 0.1200147 0.0553506 0.1398871 0.1067821 0.2136003 0.0915357 0.1133512 0.1076972 0.0306375 0.1187680 0.1016601 0.0257465 0.1070804 0.1021057 0.1239622 0.1232943 0.1714304 0.1290881 0.1681823 0.1132822 0.0806641 0.1293829 0.0975516 0.1414976 0.1425707 0.1393093 0.1405638 0.0756784 0.1504968 0.2212843 0.1326215 0.1063212 0.1099616 0.4128739 0.1561616 0.2136003 0.1140480 0.1748305 0.1298100 0.1610953 0.1112752 0.0487863 0.1578465 0.2101003 0.0394476 0.0588699 0.1019326 0.1312372 0.1229929 0.1357784 0.0978411 0.1263470 0.1480902 0.1195029 0.1120445 0.1187970 0.0256872 0.1112199 0.1377261 0.0931602 0.0177471 0.0349000 0.0853511 0.1480416 0.0348079 0.1882691 0.1420870 0.1374250 0.1359694 0.0841249 0.1030172 0.2395904 0.1451878 0.1500374 0.0302980 0.1319621 0.0581339 
S0405         0.3897171 0.2406147 0.3051326 0.1486052 0.0656293 0.2121458 0.0704970 0.1137535 0.1432058 0.1292646 0.0217308 0.1668485 0.1610201 0.0329648 0.0830433 0.2672418 0.1050057 0.1142220 0.1484344 0.1078227 0.1385301 0.1241229 0.1423759 0.0348618 0.0000000 0.1505894 0.0819665 0.1535554 0.0993689 0.1234197 0.0974154 0.1078305 0.1315277 0.1049702 0.0888610 0.1188061 0.1254851 0.0540828 0.0180473 0.1417084 0.1708060 0.1839680 0.1040516 0.0443034 0.1253451 0.1037014 0.1893761 0.0851991 0.1088463 0.1066012 0.0258472 0.1070680 0.0935823 0.0219497 0.0984586 0.0942740 0.1177875 0.1115878 0.1942327 0.1120841 0.1932042 0.1228869 0.0714361 0.1339359 0.0855895 0.1267019 0.1395645 0.1847462 0.1277449 0.0679605 0.1337115 0.1954981 0.1405663 0.0936799 0.1053717 0.3321027 0.1385487 0.1904199 0.1084966 0.1686512 0.1382774 0.1419701 0.0983448 0.0491785 0.1442862 0.1615302 0.0372739 0.0579015 0.1133718 0.1320639 0.1300702 0.1572492 0.0960607 0.1279071 0.1512691 0.1203026 0.1081841 0.1134530 0.0219066 0.0988869 0.1338556 0.0857487 0.0189028 0.0256249 0.0795800 0.1267261 0.0453374 0.2020694 0.1265309 0.1248782 0.1365073 0.0747103 0.0949817 0.2453238 0.1298077 0.1640482 0.0181268 0.1185502 0.0613334 
S0407sl       0.3966166 0.2340746 0.3273272 0.1542631 0.1618966 0.1961535 0.1232627 0.1290505 0.0551137 0.1310792 0.1392911 0.0355948 0.1661987 0.1604758 0.1624692 0.1344855 0.1259585 0.1522164 0.0597026 0.1339817 0.0386360 0.1197701 0.1315884 0.1413246 0.1505894 0.0000000 0.1207762 0.0507910 0.1194917 0.1268688 0.0461249 0.1290601 0.0637240 0.1122790 0.0959354 0.1850326 0.0376744 0.1409130 0.1389169 0.0541155 0.0725846 0.1159415 0.1395533 0.1774988 0.1357442 0.1403231 0.1730472 0.1140990 0.1409456 0.1040696 0.1366782 0.1133481 0.1225920 0.1461674 0.1279035 0.1235315 0.1395345 0.1160478 0.0831217 0.1824735 0.1433976 0.0435867 0.1092871 0.0461221 0.1410601 0.1393228 0.1676608 0.1595236 0.1302001 0.1458391 0.1557865 0.1948454 0.1385168 0.1542883 0.1362435 0.3776160 0.1543018 0.1740140 0.1388361 0.1754188 0.1530646 0.1486326 0.1638547 0.1201954 0.1339466 0.1604003 0.1466802 0.1470189 0.1237788 0.0547739 0.0788336 0.1025588 0.1392177 0.0588197 0.0543976 0.1628230 0.1344538 0.1502536 0.1452152 0.1694099 0.1339330 0.1022831 0.1128386 0.1499306 0.1360671 0.1438083 0.1255832 0.0994438 0.1461321 0.1478679 0.0544536 0.1418990 0.1244963 0.1512901 0.1623972 0.1039929 0.1401554 0.1499376 0.1349808 
S0412sl       0.3705497 0.2377263 0.3392918 0.1073325 0.1154639 0.1916191 0.0543408 0.0771984 0.1084643 0.1049985 0.0725409 0.1245490 0.1360970 0.0888724 0.0960173 0.1858397 0.1124936 0.1233281 0.1080380 0.1138950 0.0995272 0.0951360 0.1005070 0.0936939 0.0819665 0.1207762 0.0000000 0.1027021 0.0639050 0.1060581 0.0906940 0.1139040 0.1185612 0.0769170 0.0725377 0.1188454 0.0978383 0.0646418 0.0723374 0.1129826 0.1401198 0.1544579 0.0815172 0.1111378 0.0928385 0.1200804 0.1795642 0.0417194 0.1255522 0.0858300 0.0693152 0.0827355 0.0589031 0.0779339 0.0633397 0.0593251 0.0961298 0.0798471 0.1450896 0.1097559 0.1747534 0.0882864 0.0596121 0.0945664 0.0813044 0.1087335 0.1252095 0.1630748 0.1037117 0.0860689 0.0844173 0.1781355 0.1248308 0.1139033 0.0975555 0.2854525 0.1103937 0.1805762 0.0724703 0.1554694 0.1101854 0.0968352 0.1186690 0.0467156 0.1162954 0.1492698 0.0958737 0.0596032 0.0998591 0.1037728 0.1120553 0.1400551 0.1135794 0.0996971 0.1177898 0.1213094 0.1142844 0.1197071 0.0773343 0.1018778 0.0938179 0.0677741 0.0479927 0.0717131 0.0635107 0.1028644 0.0469857 0.1785207 0.0936669 0.1061511 0.0926081 0.0549484 0.0597541 0.1926707 0.0806211 0.1383082 0.0774067 0.0802278 0.0635912 
S0417         0.3553713 0.2241615 0.3278583 0.1459834 0.1648000 0.1922204 0.1152642 0.1375777 0.0546202 0.1293719 0.1423144 0.0152768 0.1679023 0.1702408 0.1653796 0.1245640 0.1276054 0.1549580 0.0465830 0.1368254 0.0380825 0.1125796 0.1095204 0.1507485 0.1535554 0.0507910 0.1027021 0.0000000 0.1226420 0.1236694 0.0270897 0.1319434 0.0629699 0.1256349 0.0991008 0.1870215 0.0257485 0.1320847 0.1419376 0.0414942 0.0760577 0.1034395 0.1425841 0.1875807 0.1338538 0.1431383 0.1538148 0.1158595 0.1437663 0.1118771 0.1397643 0.1221991 0.1256846 0.1491794 0.1309747 0.1266382 0.1481769 0.1144623 0.0962540 0.1735283 0.1505325 0.0392632 0.0983264 0.0341048 0.1438785 0.1577744 0.1765787 0.1685290 0.1491710 0.1444766 0.1627584 0.1691474 0.1462357 0.1629286 0.1337795 0.3901597 0.1630200 0.1494717 0.1418563 0.1644813 0.1559723 0.1356148 0.1678937 0.1122153 0.1411712 0.1109792 0.1496958 0.1378971 0.1268892 0.0500326 0.0734032 0.1105864 0.1421128 0.0497978 0.0496931 0.1489484 0.1373026 0.1529809 0.1482173 0.1659696 0.1152198 0.1053094 0.1105603 0.1528924 0.1274147 0.1360537 0.1173666 0.1098694 0.1424832 0.1512447 0.0493906 0.1223454 0.1276189 0.1321107 0.1588708 0.0981303 0.1431890 0.1580209 0.1264281 
S0419         0.3202208 0.1849739 0.2882347 0.0754736 0.1339776 0.1677682 0.0498608 0.0220933 0.0944680 0.0722583 0.0895688 0.1069140 0.0962854 0.1187605 0.1090777 0.1975685 0.0897142 0.0976432 0.1160010 0.0993733 0.1122342 0.0503512 0.0732321 0.0973061 0.0993689 0.1194917 0.0639050 0.1226420 0.0000000 0.0873490 0.0893905 0.0993798 0.1155018 0.0535098 0.0847481 0.1048720 0.1057911 0.0863614 0.0893226 0.1211075 0.1364205 0.1547283 0.0716188 0.1362323 0.0452944 0.1002668 0.1727268 0.0763467 0.1054232 0.0489662 0.0865156 0.0518410 0.0035532 0.0953214 0.0071597 0.0035763 0.0715855 0.0336088 0.1440070 0.0952984 0.1723808 0.0870426 0.0262243 0.1133932 0.0864854 0.0798491 0.0895276 0.1023995 0.0737987 0.1043907 0.0633756 0.1713619 0.0737757 0.0947043 0.0689431 0.2842591 0.0800736 0.1736906 0.0145475 0.1657725 0.0799344 0.0704336 0.0946843 0.0769594 0.0893601 0.1318387 0.1188086 0.0818266 0.0501023 0.1027059 0.1058097 0.1263281 0.0935654 0.0883215 0.1073322 0.1200617 0.0997046 0.1094532 0.0945900 0.0966309 0.0628014 0.0363135 0.0694526 0.0989333 0.0630496 0.0753766 0.0728184 0.1658308 0.0631846 0.0685353 0.1061204 0.0821195 0.0035997 0.2106448 0.0595746 0.1315998 0.0946686 0.0672492 0.0903546 
S0427         0.3171091 0.2108999 0.3196243 0.1209035 0.1498555 0.1748036 0.0706786 0.1103319 0.1155649 0.1282744 0.1129688 0.0657480 0.1213202 0.1500925 0.1409028 0.2454046 0.0977328 0.1168563 0.1396844 0.0965772 0.1304991 0.0972000 0.1028694 0.1325872 0.1234197 0.1268688 0.1060581 0.1236694 0.0873490 0.0000000 0.0905081 0.0965833 0.1266240 0.0867760 0.1051298 0.1367876 0.1175164 0.1105073 0.1178631 0.1283607 0.1445488 0.1440343 0.1055582 0.1646933 0.1147264 0.1120983 0.1598262 0.0895051 0.1123259 0.0973925 0.1047299 0.0869710 0.0906758 0.1090045 0.0907728 0.0913556 0.1037258 0.0954587 0.1598498 0.1251851 0.1805569 0.0984207 0.0596454 0.1204537 0.1046041 0.1131943 0.1346872 0.1520025 0.1083373 0.1361902 0.1376077 0.1677703 0.1312989 0.1149233 0.1113864 0.3378238 0.1241943 0.1606996 0.1057323 0.1650457 0.1308026 0.1246320 0.1148898 0.0857153 0.1083573 0.1325900 0.1339426 0.1056985 0.0871740 0.1150039 0.1105869 0.1517496 0.0995957 0.0991063 0.1091330 0.1364397 0.1012090 0.1116056 0.1236967 0.1160410 0.0958239 0.0721863 0.0976916 0.1230585 0.0943243 0.1090109 0.0905581 0.1900414 0.1095138 0.1022772 0.1390454 0.1043889 0.0920511 0.2294109 0.1335999 0.1485828 0.1184639 0.1315997 0.1086588 
S0428sl       0.4153454 0.1938441 0.3318618 0.1120704 0.1464268 0.1019264 0.0777475 0.0792006 0.0275217 0.1141653 0.0866478 0.0417890 0.1324839 0.0972540 0.1219604 0.5786999 0.0882384 0.0777808 0.0477027 0.0771081 0.0090720 0.0768767 0.0987898 0.1005418 0.0974154 0.0461249 0.0906940 0.0270897 0.0893905 0.0905081 0.0000000 0.0667305 0.0565129 0.1161171 0.0900971 0.1778508 0.0268428 0.0987197 0.0869284 0.0273870 0.1162061 0.0691983 0.1141904 0.1640134 0.1088363 0.0781263 0.1467493 0.0672163 0.0688072 0.0777475 0.0679095 0.0968889 0.0893905 0.0779303 0.0902009 0.0910253 0.0905275 0.0869436 2.4666456 0.1638208 1.8995736 0.0284240 0.0768767 0.0177477 0.1003402 0.1013466 0.1134587 0.1065929 0.1281002 0.0796460 0.1630949 0.1590401 0.1032830 0.1336039 0.0905528 1.2791348 0.0892683 0.1467493 0.1139054 0.1758177 0.1147767 0.0884386 0.1229629 0.0663005 0.0882538 0.1333250 0.1100389 0.0771446 0.1005731 0.0184130 0.0675326 0.0628524 0.0691894 0.0279142 0.0276600 0.0997489 0.0877177 0.1117353 0.0996363 0.1497718 0.0771492 0.1051746 0.0996363 0.0776396 0.1029876 0.0897661 0.0668236 0.1623647 0.1020885 0.1026060 0.0268428 0.0996668 0.0902009 0.0295578 0.1519222 0.0667323 0.0763677 0.1508105 0.0773025 
S0430         0.3305723 0.2224541 0.3013098 0.1377943 0.1319456 0.1678260 0.0790601 0.1186023 0.1320203 0.1291151 0.1069239 0.1730460 0.1476465 0.1432049 0.1320602 0.2362851 0.0041344 0.0764282 0.1369279 0.0000022 0.1272825 0.1138382 0.1012460 0.1121058 0.1078305 0.1290601 0.1139040 0.1319434 0.0993798 0.0965833 0.0667305 0.0000000 0.1242101 0.1000988 0.1065221 0.0795763 0.1148521 0.1183351 0.1116954 0.1153549 0.1637467 0.1726979 0.1033330 0.1403403 0.1017547 0.0145268 0.1760687 0.1124525 0.0072520 0.0842966 0.0994355 0.1062077 0.0981548 0.1081951 0.1030964 0.0988846 0.1387672 0.0885678 0.1888868 0.0886133 0.2422231 0.1211111 0.0716603 0.1181478 0.0455381 0.1321017 0.1394111 0.1714845 0.1328539 0.1163908 0.1281365 0.1786449 0.1047868 0.0706996 0.0897411 0.3642546 0.1435797 0.1770421 0.1132660 0.2213189 0.1371772 0.1129982 0.0580449 0.0933916 0.1219273 0.1566561 0.1273225 0.1070623 0.1035509 0.1069902 0.1357971 0.1634957 0.0036690 0.1266050 0.1354216 0.0846569 0.0071862 0.0108669 0.1173435 0.0767500 0.1233613 0.0906713 0.0962255 0.1123206 0.1032141 0.1314128 0.0982705 0.2233328 0.1217163 0.1212918 0.1251733 0.1181361 0.0996303 0.2092388 0.1242475 0.1637286 0.1122554 0.1226112 0.1071645 
S0478         0.3697344 0.2283662 0.3285717 0.1489942 0.1420781 0.2176498 0.1043855 0.1301281 0.0628994 0.1142242 0.1209864 0.0314967 0.1641262 0.1496997 0.1423619 0.1465695 0.1134809 0.1475015 0.0419683 0.1241995 0.0462371 0.1157625 0.1261149 0.1254808 0.1315277 0.0637240 0.1185612 0.0629699 0.1155018 0.1266240 0.0565129 0.1242101 0.0000000 0.1026862 0.0976590 0.1714860 0.0414052 0.1318809 0.1163960 0.0500031 0.0628903 0.1153813 0.1306375 0.1766133 0.1332942 0.1349611 0.1697009 0.1170444 0.1404777 0.1094841 0.1182522 0.0986908 0.1094545 0.1272653 0.1144470 0.1102604 0.1306319 0.1148359 0.0811649 0.1613154 0.1339485 0.0348838 0.0920072 0.0426058 0.1208712 0.1349591 0.1426638 0.1541882 0.1259889 0.1425679 0.1737189 0.2036436 0.1379438 0.1553555 0.1273776 0.3956628 0.1448089 0.1652984 0.1247175 0.1647286 0.1293525 0.1340099 0.1653077 0.1120494 0.1465761 0.1701765 0.1180383 0.1378702 0.1154182 0.0584782 0.0781169 0.1281788 0.1337730 0.0535859 0.0624192 0.1461282 0.1290755 0.1395829 0.1221347 0.1590599 0.1294236 0.1035080 0.0963529 0.1266180 0.1159096 0.1391125 0.1129015 0.0981893 0.1347268 0.1494009 0.0581395 0.1327652 0.1110862 0.1502823 0.1698228 0.1080047 0.1217072 0.1573200 0.1219140 
