94
CRNC        0.0000000 0.2463132 0.3761980 0.3637240 0.3940838 0.1905403 0.3936444 0.3404000 0.3510262 0.3535327 0.3491664 0.4669929 0.3895722 0.3723456 0.5176792 0.3784558 0.1470945 0.3815705 0.3177192 0.6316119 0.3749196 0.3876800 0.4118358 0.4122083 0.3699591 0.3087501 0.3754005 0.3556129 0.3372311 0.4232363 0.3637777 0.3850734 0.4658282 0.3853055 0.3692092 0.3737015 0.4798664 0.3834311 0.3972610 0.3196080 0.4205818 0.3720282 0.3616609 0.3304047 0.2043939 0.4146252 0.4131486 0.3620506 0.3814128 0.3408337 0.3358789 0.5943409 0.4233309 0.4255902 0.3293778 0.2304031 0.3825156 0.3855724 0.3282687 0.3239107 0.3449683 0.4193774 0.3737321 0.3817783 0.3635151 0.6491615 0.3168060 0.3895872 0.3762759 0.3506751 0.3705407 0.3964020 0.1766867 0.3720282 0.3745904 0.3100460 0.4134526 0.3692262 0.2647549 0.3330156 0.3502654 0.3704239 0.3442106 0.3770462 0.3515273 0.3518589 0.3574717 0.3786866 0.3527041 0.3735844 0.3947109 0.3551516 0.4100231 0.3516962 
HYZL        0.2463132 0.0000000 0.3012357 0.3327380 0.3247617 0.1913536 0.3578225 0.3288941 0.3509804 0.2950369 0.3019836 0.4176850 0.3290438 0.3566664 0.3965546 0.3361946 0.1733967 0.3217977 0.2689989 0.4282421 0.3367938 0.3214607 0.3834341 0.3278007 0.3288136 0.2662553 0.3168571 0.3206019 0.3125752 0.3822728 0.3072170 0.3514120 0.3934237 0.3346707 0.2798345 0.3005692 0.4636813 0.3448080 0.3523221 0.2986989 0.3353297 0.3292599 0.3025888 0.3015017 0.2201204 0.3321193 0.3495650 0.3192103 0.2916354 0.2950625 0.3115656 0.4682937 0.3780357 0.3909171 0.2911278 0.2767884 0.3135475 0.3131600 0.3340193 0.2913528 0.2913449 0.3048505 0.3074004 0.3478662 0.3118088 0.4847592 0.2707142 0.3059251 0.3067318 0.3152698 0.2864952 0.3400547 0.2047176 0.3292599 0.3314298 0.2811547 0.3764623 0.3095636 0.2490183 0.2991133 0.2903670 0.2738899 0.2894663 0.3147620 0.2953770 0.2856758 0.3157522 0.3166559 0.3137016 0.3432917 0.2878924 0.3251459 0.3767830 0.3373600 
SRR6441723  0.3761980 0.3012357 0.0000000 0.1239780 0.0963996 0.0163501 0.1319741 0.0692007 0.1292966 0.1243511 0.0553577 0.1792589 0.1147970 0.1557359 0.1561910 0.1235678 0.0274509 0.1167675 0.0499791 0.2028745 0.1125863 0.1066513 0.1409067 0.1218988 0.1469332 0.1017741 0.1226011 0.0921606 0.1239029 0.1350040 0.1186124 0.1235379 0.1172149 0.1340141 0.0792289 0.1233025 0.2635917 0.0847725 0.1098808 0.1572680 0.1066483 0.1091077 0.1163704 0.0916077 0.0376643 0.1072904 0.1053149 0.1299270 0.1042993 0.0537326 0.0748741 0.2526493 0.1069255 0.1032611 0.1597085 0.0774075 0.1013801 0.0882208 0.1437221 0.0621077 0.0492432 0.0898600 0.0616782 0.1252645 0.1115596 0.1066247 0.0761289 0.1093867 0.1224347 0.1299471 0.0847320 0.1363811 0.0683191 0.1091077 0.1105590 0.0911471 0.1262779 0.0597634 0.0249717 0.0871995 0.0974254 0.0989838 0.0346602 0.0899514 0.0283501 0.0762967 0.1323237 0.1120400 0.0921013 0.0972103 0.1365368 0.1086216 0.1040020 0.1092915 
ERR2789774  0.3637240 0.3327380 0.1239780 0.0000000 0.0950223 0.1135237 0.1391037 0.0900323 0.0496306 0.1472519 0.1246521 0.1156249 0.0582152 0.1603927 0.1990300 0.1467539 0.0684064 0.1416069 0.1113216 0.1491966 0.0453373 0.0266244 0.1427447 0.0904675 0.1566785 0.0607975 0.1398110 0.0724240 0.0897820 0.1473246 0.1550232 0.0396011 0.0483245 0.1493525 0.1325306 0.1545505 0.1853671 0.1016238 0.1387134 0.1357484 0.1086641 0.1377021 0.0439973 0.0289030 0.1007015 0.1083553 0.1242128 0.1523293 0.1477214 0.1353782 0.0918187 0.2393063 0.0718966 0.1488358 0.1436993 0.1104986 0.0955831 0.0822243 0.1303433 0.0729421 0.1233076 0.1103196 0.1318652 0.0451680 0.0498949 0.2028218 0.1086438 0.1467469 0.1534672 0.1606199 0.1252576 0.1651961 0.0789532 0.1377021 0.1464386 0.0290256 0.1462675 0.1218951 0.0899127 0.0298609 0.0288641 0.0670420 0.1138099 0.0979663 0.1034744 0.1430576 0.1474647 0.0606318 0.1204091 0.1216561 0.1617593 0.0335924 0.1344775 0.0337828 
S0055       0.3940838 0.3247617 0.0963996 0.0950223 0.0000000 0.0524527 0.1505851 0.0737593 0.0946416 0.1354113 0.0973039 0.1376540 0.0863090 0.1721494 0.1672160 0.1460879 0.0811665 0.1341843 0.1049041 0.1185682 0.0789698 0.0631968 0.1602652 0.0887016 0.1665681 0.0716967 0.1324866 0.0672642 0.0900423 0.1186493 0.1503996 0.1011679 0.0655923 0.1529533 0.0996968 0.1468948 0.2561144 0.1031824 0.1247818 0.1286643 0.0882023 0.1238834 0.0829611 0.0659916 0.0916119 0.0962846 0.1136791 0.1540205 0.1266750 0.0955554 0.0932600 0.2205844 0.0969693 0.1375401 0.1226461 0.1015160 0.0838948 0.0703884 0.1233114 0.0727701 0.1093677 0.0842836 0.0984913 0.0904573 0.0834424 0.1534598 0.0963695 0.1454131 0.1458639 0.1322786 0.1054891 0.1769769 0.1157914 0.1238834 0.1255748 0.0602355 0.1354397 0.1154073 0.0702254 0.0560618 0.0770512 0.0393870 0.0999638 0.0728010 0.0838716 0.1146909 0.1569890 0.0891714 0.1315974 0.1107515 0.1610732 0.0762593 0.1234141 0.0767079 
S0196sl     0.1905403 0.1913536 0.0163501 0.1135237 0.0524527 0.0000000 0.0334558 0.0000024 0.1132583 0.0514928 0.0726680 0.1155873 0.0960561 0.0334558 0.0702832 0.1110843 0.0334558 0.0513406 0.0524673 0.0000010 0.0921927 0.0000010 0.0757910 0.1193173 0.0704586 0.0921035 0.0704586 0.0168645 0.0943672 0.0000010 0.0514928 0.1135237 0.0000010 0.0540590 0.0334558 0.0514441 0.0921927 0.0168533 0.0923440 0.1370501 0.0717466 0.0702832 0.1136339 0.1132583 0.0167496 0.0701357 0.0556649 0.0514441 0.0334558 0.0514130 0.0512786 0.0987832 0.0000010 0.0965336 0.1021094 0.0514130 0.0514130 0.0174611 0.0927874 0.0334352 0.0542273 0.0541735 0.0335513 0.1398623 0.0953415 0.0000010 0.0334558 0.0514441 0.0514441 0.0714225 0.0334558 0.0334558 0.0726570 0.0702832 0.0523736 0.0921927 0.0759461 0.0514928 0.0166545 0.1171155 0.0734902 0.0360922 0.0166412 0.0943672 0.0163501 0.1141632 0.0514441 0.0925451 0.0352660 0.0541047 0.0703917 0.0921927 0.0755102 0.0921927 
S0278       0.3936444 0.3578225 0.1319741 0.1391037 0.1505851 0.0334558 0.0000000 0.0810927 0.1552023 0.0388093 0.1227593 0.2430631 0.1574477 0.0496557 0.2249123 0.1487633 0.0000020 0.0285331 0.1130778 0.3249693 0.1516744 0.1394629 0.0343817 0.1720991 0.0287427 0.1268898 0.0545890 0.1006249 0.1345591 0.1726089 0.0284317 0.1491331 0.1963403 0.0288848 0.0392948 0.0667486 0.2687344 0.0992014 0.1406939 0.1626455 0.1711805 0.1396548 0.1404709 0.1136282 0.0361925 0.1177834 0.1268791 0.0658336 0.0502730 0.1113166 0.0766899 0.3022879 0.1678061 0.1114294 0.1565303 0.0648949 0.1244834 0.1113788 0.1475580 0.0755127 0.1196113 0.1194236 0.1230603 0.1438695 0.1287754 0.2904098 0.0143910 0.0660661 0.0662592 0.1487663 0.0340038 0.0440741 0.0560800 0.1396548 0.1416161 0.1066616 0.1494468 0.1238035 0.0664476 0.1035876 0.1207184 0.1108797 0.1099803 0.1487058 0.0988699 0.1204133 0.0385577 0.1226474 0.0910559 0.0873897 0.0956708 0.1325969 0.1067015 0.1334485 
S0281       0.3404000 0.3288941 0.0692007 0.0900323 0.0737593 0.0000024 0.0810927 0.0000000 0.1035878 0.1003592 0.0758253 0.1651068 0.0966885 0.1219383 0.1447141 0.1000251 0.0179071 0.1012074 0.0755798 0.1710783 0.0934983 0.0649913 0.0961691 0.1262606 0.1019288 0.0856012 0.0937300 0.0403363 0.0867305 0.0928493 0.1008029 0.0980238 0.0877816 0.0884345 0.0635436 0.1133157 0.2909105 0.0143168 0.0869253 0.1262766 0.1189241 0.0863134 0.0900770 0.0796656 0.0179826 0.0729242 0.0632896 0.1052897 0.0819790 0.0863253 0.0409345 0.2020264 0.0911952 0.0402457 0.1270336 0.0561002 0.0673447 0.0534440 0.1207730 0.0353226 0.0755964 0.1006033 0.0696042 0.0929796 0.0795623 0.1622818 0.0589739 0.1121446 0.1124925 0.1061839 0.0632387 0.1143597 0.0572564 0.0863134 0.0874574 0.0734979 0.0818912 0.0860227 0.0372513 0.0639612 0.0734771 0.0633628 0.0598269 0.1071177 0.0629173 0.0985306 0.1067462 0.0734849 0.0174946 0.0243391 0.1332315 0.0842789 0.0295778 0.0847902 
S0282       0.3510262 0.3509804 0.1292966 0.0496306 0.0946416 0.1132583 0.1552023 0.1035878 0.0000000 0.1562821 0.1240704 0.0751845 0.0580156 0.1883799 0.2166213 0.1459948 0.0683268 0.1409139 0.1192888 0.1479378 0.0451998 0.0197152 0.1741149 0.1021158 0.1738359 0.0716682 0.1391193 0.0852062 0.0877299 0.1464380 0.1719985 0.0550860 0.0481315 0.1600807 0.1318916 0.1679422 0.1849262 0.1284249 0.1516906 0.1386709 0.1206826 0.1505824 0.0438688 0.0142402 0.1005773 0.1357032 0.1403170 0.1655403 0.1469690 0.1347338 0.0979366 0.2834512 0.0715994 0.1650175 0.1331332 0.1103617 0.1219530 0.1090296 0.1333742 0.0791179 0.1301942 0.1098362 0.1312319 0.0450327 0.0497409 0.2007743 0.1157850 0.1662682 0.1667854 0.1741046 0.1246702 0.1815586 0.0788585 0.1505824 0.1460761 0.0289507 0.1635967 0.1300074 0.0895358 0.0297812 0.0389086 0.0724671 0.1276037 0.1099322 0.1030352 0.1423587 0.1788365 0.0604302 0.1226979 0.1365808 0.1753214 0.0236108 0.1499596 0.0336925 
S0289       0.3535327 0.2950369 0.1243511 0.1472519 0.1354113 0.0514928 0.0388093 0.1003592 0.1562821 0.0000000 0.1021130 0.2452053 0.1414649 0.0609799 0.1993613 0.1478967 0.0086781 0.0337562 0.0873668 0.2280365 0.1527430 0.1310444 0.0560540 0.1561851 0.0391945 0.1000782 0.0714474 0.1002298 0.1424296 0.1378348 0.0286837 0.1645361 0.1858039 0.0393972 0.0442143 0.0774957 0.2964798 0.1111897 0.1244156 0.1403039 0.1553402 0.1235215 0.1342431 0.1143697 0.0458750 0.1173258 0.1198245 0.0832496 0.0553035 0.1041969 0.0824905 0.3007592 0.1493278 0.1165946 0.1478817 0.0751943 0.1239992 0.1109245 0.1395029 0.0687298 0.1122123 0.1056427 0.1090773 0.1523492 0.1434740 0.2483371 0.0144203 0.0767147 0.0769389 0.1319984 0.0388706 0.0614659 0.0663485 0.1235215 0.1252055 0.1073473 0.1419152 0.0978697 0.0664670 0.1034749 0.1215170 0.1036430 0.1082614 0.1337040 0.0920153 0.1002144 0.0493034 0.1234554 0.1053107 0.0925075 0.0949247 0.1334817 0.1119096 0.1343446 
S0292       0.3491664 0.3019836 0.0553577 0.1246521 0.0973039 0.0726680 0.1227593 0.0758253 0.1240704 0.1021130 0.0000000 0.2002964 0.1018120 0.1538745 0.1621021 0.1200745 0.0474570 0.1075733 0.0350195 0.1346261 0.1202997 0.0731836 0.1316657 0.1184277 0.1105403 0.0847280 0.1191090 0.0750087 0.1204055 0.1012061 0.0963651 0.1230071 0.0961126 0.1247142 0.0871664 0.1263803 0.3371124 0.0796788 0.1062114 0.1186054 0.1030348 0.1054497 0.0979131 0.0932279 0.0685745 0.0901728 0.1015359 0.1331985 0.1005287 0.0495827 0.0524764 0.2543727 0.1090672 0.0928122 0.1336084 0.1004082 0.0844087 0.0708217 0.1263302 0.0515891 0.0449928 0.0859821 0.0348389 0.1140033 0.1121394 0.0741665 0.0595481 0.1250858 0.1254744 0.1265465 0.0807566 0.1329437 0.0912005 0.1054497 0.1068782 0.0867088 0.1220033 0.0448752 0.0201611 0.0765412 0.0922688 0.0756010 0.0407899 0.0911879 0.0340174 0.0235558 0.1289038 0.0999024 0.0994706 0.0855833 0.1399966 0.0973094 0.0921715 0.1041285 
S0293       0.4669929 0.4176850 0.1792589 0.1156249 0.1376540 0.1155873 0.2430631 0.1651068 0.0751845 0.2452053 0.2002964 0.0000000 0.1282524 0.2760785 0.2097848 0.2483237 0.1528759 0.2240513 0.1737823 0.1013733 0.0822595 0.0928584 0.2460186 0.1161718 0.2698226 0.1293697 0.2032543 0.1498411 0.1394689 0.2241373 0.2448549 0.1088457 0.0999332 0.2718256 0.1837601 0.2591898 0.1885956 0.2045867 0.2369742 0.2134283 0.1449830 0.2257797 0.1013559 0.0694054 0.1853597 0.2143309 0.2320121 0.2321586 0.1927034 0.2127897 0.1768611 0.1769171 0.1806481 0.2539656 0.1977426 0.1810019 0.2044436 0.1820499 0.2156321 0.1341862 0.2078493 0.1463628 0.2029576 0.1105191 0.0954135 0.1591630 0.1924653 0.2447218 0.2342206 0.2343716 0.2012681 0.2805027 0.1864416 0.2257797 0.2211077 0.0883861 0.2407521 0.1990699 0.1391544 0.0914781 0.1010571 0.1396427 0.2028647 0.1316421 0.1715408 0.2230173 0.2512389 0.1159090 0.1846429 0.2157429 0.2500952 0.0803990 0.2334939 0.0874251 
S0294       0.3895722 0.3290438 0.1147970 0.0582152 0.0863090 0.0960561 0.1574477 0.0966885 0.0580156 0.1414649 0.1018120 0.1282524 0.0000000 0.1737207 0.1920530 0.1454160 0.0620783 0.1401275 0.1044127 0.1366012 0.0535853 0.0432039 0.1592495 0.0815777 0.1590046 0.0629715 0.1173596 0.0705728 0.1007261 0.1331308 0.1572456 0.0640958 0.0602028 0.1600129 0.1171770 0.1425041 0.1743297 0.1140100 0.1371568 0.1409182 0.1126992 0.1361262 0.0519276 0.0355821 0.0830194 0.1081644 0.1323964 0.1609310 0.1322334 0.1203687 0.0908390 0.2407439 0.0741637 0.1506695 0.1424902 0.1186974 0.1010424 0.0871819 0.1353307 0.0644987 0.1088202 0.1015432 0.1165574 0.0533832 0.0583436 0.1715040 0.1005602 0.1518335 0.1523226 0.1596783 0.1099698 0.1769888 0.0847355 0.1361262 0.1380709 0.0301540 0.1560924 0.1227414 0.0742283 0.0255136 0.0466319 0.0636925 0.1125923 0.1016373 0.0884948 0.1200315 0.1563049 0.0630550 0.1370432 0.1221214 0.1608478 0.0407569 0.1355764 0.0410011 
S0299       0.3723456 0.3566664 0.1557359 0.1603927 0.1721494 0.0334558 0.0496557 0.1219383 0.1883799 0.0609799 0.1538745 0.2760785 0.1737207 0.0000000 0.2452818 0.1897889 0.0177593 0.0497918 0.1269051 0.3190363 0.1671070 0.1724623 0.0558029 0.1868258 0.0610130 0.1576994 0.0896634 0.1209878 0.1722849 0.2071445 0.0440371 0.1885029 0.2093606 0.0504107 0.0669209 0.1163026 0.2737115 0.1410204 0.1807057 0.2124454 0.1858442 0.1793167 0.1723912 0.1353691 0.0568891 0.1547414 0.1653944 0.1084016 0.0727400 0.1404428 0.1105048 0.3253918 0.1945641 0.1544687 0.1883034 0.0874499 0.1621483 0.1488693 0.1886884 0.0943499 0.1641309 0.1424182 0.1620130 0.1847209 0.1811141 0.2851749 0.0351963 0.1019029 0.1014908 0.1716820 0.0671078 0.0851538 0.0784164 0.1793167 0.1819556 0.1357767 0.1724641 0.1467947 0.0926150 0.1322554 0.1511483 0.1382694 0.1462707 0.1739778 0.1270178 0.1507942 0.0490878 0.1745004 0.1240859 0.1280400 0.1358118 0.1636652 0.1497173 0.1574401 
S0303       0.5176792 0.3965546 0.1561910 0.1990300 0.1672160 0.0702832 0.2249123 0.1447141 0.2166213 0.1993613 0.1621021 0.2097848 0.1920530 0.2452818 0.0000000 0.0773048 0.1232518 0.2105983 0.1254449 0.1376511 0.1899488 0.1695690 0.2046882 0.1238712 0.2482567 0.1417977 0.1989787 0.1096532 0.1444437 0.0447607 0.2128650 0.1801123 0.1704098 0.2034952 0.1515273 0.1693604 0.2476117 0.1416601 0.0357456 0.1822039 0.1228743 0.0292875 0.1959979 0.1616512 0.1428242 0.1307473 0.0771768 0.1693604 0.1606792 0.1235521 0.1027374 0.1129993 0.2132243 0.1583710 0.1812982 0.1040273 0.1228740 0.1133508 0.1732196 0.0858310 0.1406700 0.1322514 0.1513938 0.1883709 0.1527869 0.1143305 0.1611690 0.1687123 0.1589726 0.0353752 0.1520784 0.2136594 0.0916362 0.0292875 0.0359489 0.1350765 0.0841399 0.1590730 0.0972845 0.1375101 0.1354060 0.1173988 0.1102171 0.1324058 0.1316783 0.1859298 0.1648281 0.1696440 0.1808503 0.1499973 0.1726093 0.1852925 0.1598665 0.1778070 
S0308       0.3784558 0.3361946 0.1235678 0.1467539 0.1460879 0.1110843 0.1487633 0.1000251 0.1459948 0.1478967 0.1200745 0.2483237 0.1454160 0.1897889 0.0773048 0.0000000 0.0657795 0.1396165 0.0944728 0.2200507 0.1565099 0.1190702 0.1510805 0.1401436 0.1501820 0.1041884 0.1319240 0.0925709 0.1333529 0.0560946 0.1560067 0.1466160 0.1569282 0.1206558 0.1118658 0.1326817 0.3797056 0.0978515 0.0394476 0.1329969 0.1461729 0.0391904 0.1517871 0.1192834 0.0872202 0.1092683 0.0557531 0.1395645 0.1261301 0.0853826 0.0621764 0.2436799 0.1380008 0.1101479 0.1337171 0.0754026 0.1032488 0.0962133 0.1198565 0.0687012 0.1104665 0.1317558 0.1118116 0.1391918 0.1265824 0.1780559 0.1024547 0.1313348 0.1317409 0.0557020 0.1050286 0.1482432 0.0369540 0.0391904 0.0449202 0.0995862 0.0733774 0.1242447 0.0713743 0.1009838 0.1060185 0.0993340 0.1017063 0.1318824 0.0975383 0.1443035 0.1286975 0.1328614 0.1241631 0.1039880 0.1394906 0.1373288 0.1109472 0.1382033 
S0320       0.1470945 0.1733967 0.0274509 0.0684064 0.0811665 0.0334558 0.0000020 0.0179071 0.0683268 0.0086781 0.0474570 0.1528759 0.0620783 0.0177593 0.1232518 0.0657795 0.0000000 0.0086653 0.0372519 1.9158656 0.0578456 0.0387596 0.0182841 0.1212952 0.0175960 0.0571183 0.0456717 0.0475145 0.0712538 0.0183798 0.0175871 0.0903138 0.0698873 0.0089081 0.0000020 0.0370537 0.2475686 0.0271390 0.0562939 0.1007613 0.0940035 0.0556032 0.0791690 0.0683268 0.0365070 0.0561035 0.0685112 0.0267072 0.0000020 0.0462558 0.0266487 0.3467438 0.0403067 0.0680518 0.0822800 0.0654718 0.0664777 0.0489591 0.0899659 0.0270001 0.0475773 0.0489956 0.0270509 0.0804340 0.0825667 2.2560087 0.0000020 0.0267072 0.0267072 0.0560756 0.0000020 0.0086728 0.0565832 0.0556032 0.0461724 0.0684424 0.0903951 0.0365192 0.0182682 0.0695272 0.0590839 0.0497335 0.0384379 0.0702082 0.0177829 0.0570759 0.0267346 0.0694424 0.0468743 0.0274282 0.0663314 0.0578456 0.0576343 0.0801994 
S0327       0.3815705 0.3217977 0.1167675 0.1416069 0.1341843 0.0513406 0.0285331 0.1012074 0.1409139 0.0337562 0.1075733 0.2240513 0.1401275 0.0497918 0.2105983 0.1396165 0.0086653 0.0000000 0.1067140 0.2577985 0.1513113 0.1295752 0.0344738 0.1547430 0.0389502 0.1118041 0.0537734 0.1075243 0.1345817 0.1489628 0.0285084 0.1629952 0.1832007 0.0289641 0.0387141 0.0768772 0.2953919 0.0994703 0.1318348 0.1597772 0.1539107 0.1308783 0.1401401 0.1005548 0.0458025 0.1248923 0.1272391 0.0825797 0.0495124 0.0971308 0.0831848 0.3150979 0.1476314 0.1246805 0.1536589 0.0750716 0.1317272 0.1187395 0.1449916 0.0749944 0.1175895 0.1047346 0.1145835 0.1509231 0.1421548 0.2266316 0.0094684 0.0761081 0.0763291 0.1396143 0.0335069 0.0503634 0.0662396 0.1308783 0.1326815 0.1064086 0.1498723 0.1174021 0.0594692 0.1025553 0.1204315 0.1027243 0.1016942 0.1325032 0.0852234 0.1055776 0.0386620 0.1359324 0.1146679 0.0999928 0.0941494 0.1322860 0.1199608 0.1331340 
S0335       0.3177192 0.2689989 0.0499791 0.1113216 0.1049041 0.0524673 0.1130778 0.0755798 0.1192888 0.0873668 0.0350195 0.1737823 0.1044127 0.1269051 0.1254449 0.0944728 0.0372519 0.1067140 0.0000000 0.1352079 0.1008057 0.0825062 0.0995843 0.0931383 0.0935108 0.0799551 0.0998595 0.0744078 0.1073012 0.0826256 0.0810459 0.1266588 0.0973469 0.1148481 0.0746103 0.1263953 0.2694437 0.0729510 0.0937032 0.1200725 0.0908480 0.0930366 0.0992466 0.0815951 0.0576592 0.0840540 0.0750010 0.1180102 0.0807083 0.0443210 0.0523173 0.2195744 0.1087636 0.0852989 0.1185444 0.0778510 0.0783725 0.0647148 0.1202462 0.0408893 0.0397231 0.0741171 0.0459477 0.1150859 0.1072970 0.0503445 0.0594735 0.1176482 0.1107153 0.0990662 0.0748247 0.1104460 0.0469579 0.0930366 0.0942847 0.0752575 0.0807757 0.0238979 0.0099209 0.0710341 0.0874280 0.0888623 0.0407745 0.0860152 0.0289615 0.0556541 0.0990208 0.0881021 0.0831069 0.0794551 0.1264677 0.0987098 0.0859008 0.0993280 
S0376       0.6316119 0.4282421 0.2028745 0.1491966 0.1185682 0.0000010 0.3249693 0.1710783 0.1479378 0.2280365 0.1346261 0.1013733 0.1366012 0.3190363 0.1376511 0.2200507 1.9158656 0.2577985 0.1352079 0.0000000 0.1234327 0.0831524 0.2542687 0.0926464 0.3300419 0.0828268 0.2016780 0.1087994 0.1513415 0.1656171 0.2619474 0.1346572 0.0927810 0.3055213 0.1974058 0.2294832 0.0000010 0.1741245 0.1829787 0.1510233 0.1310449 0.1829787 0.1198496 0.0985830 1.9158656 0.1339677 0.1684531 0.2294832 0.2140271 0.1603251 0.1298847 0.0899762 0.1622131 0.1914888 0.1543063 0.9683223 0.1340109 0.1254689 0.1651886 0.0992505 0.1743263 0.1181812 0.1827379 0.1243710 0.0952775 0.0828960 0.1823433 0.2280350 0.2100544 0.1953101 0.1985937 0.3893953 1.9158656 0.1829787 0.2013657 0.0854473 0.1536223 0.1509385 0.0775124 0.0759333 0.0942134 0.1069713 0.1517554 0.1188023 0.1606976 0.1443190 0.2385966 0.1361974 0.2534165 0.1741772 0.2202498 0.1185801 0.1741772 0.0942134 
S0400       0.3749196 0.3367938 0.1125863 0.0453373 0.0789698 0.0921927 0.1516744 0.0934983 0.0451998 0.1527430 0.1202997 0.0822595 0.0535853 0.1671070 0.1899488 0.1565099 0.0578456 0.1513113 0.1008057 0.1234327 0.0000000 0.0201287 0.1532461 0.0920779 0.1704440 0.0675536 0.1354633 0.0811190 0.0913698 0.1288303 0.1598891 0.0508364 0.0155504 0.1715095 0.1075260 0.1645729 0.1630662 0.1247530 0.1481801 0.1449597 0.1105726 0.1470815 0.0346813 0.0297072 0.0893759 0.1320919 0.1366491 0.1457162 0.1275029 0.1311257 0.1017237 0.2358651 0.0737958 0.1616609 0.1303711 0.0990810 0.1182187 0.1049759 0.1394619 0.0749824 0.1265004 0.0996336 0.1217902 0.0406418 0.0454435 0.1730294 0.1118005 0.1545220 0.1467979 0.1538333 0.1208957 0.1782431 0.0681287 0.1470815 0.1491582 0.0244854 0.1433413 0.1196558 0.0784178 0.0251984 0.0345511 0.0683172 0.1237742 0.0874021 0.0991227 0.1388124 0.1580082 0.0562269 0.1329664 0.1329651 0.1720227 0.0291393 0.1464713 0.0293067 
S0405       0.3876800 0.3214607 0.1066513 0.0266244 0.0631968 0.0000010 0.1394629 0.0649913 0.0197152 0.1310444 0.0731836 0.0928584 0.0432039 0.1724623 0.1695690 0.1190702 0.0387596 0.1295752 0.0825062 0.0831524 0.0201287 0.0000000 0.1394629 0.0793160 0.1644633 0.0482139 0.1363320 0.0484223 0.0632157 0.0990734 0.1508879 0.0337168 0.0074568 0.1525112 0.1077532 0.1374513 6.2320014 0.0876471 0.0990340 0.1151071 0.0968657 0.1078192 0.0194741 0.0000029 0.0585458 0.0804655 0.0822613 0.1242130 0.1178916 0.0969193 0.0588756 0.2452819 0.0410934 0.0968934 0.1178811 0.1030847 0.0646561 0.0595023 0.1258059 0.0345230 0.0886116 0.0728761 0.0999648 0.0131973 0.0194503 0.1257079 0.0862387 0.1345471 0.1254538 0.1259398 0.0990986 0.1754869 0.0381669 0.1078192 0.1179670 0.0000026 0.0914188 0.0819481 0.0601375 0.0000024 0.0063245 0.0478892 0.1015690 0.0731537 0.0724455 0.0874981 0.1397483 0.0335996 0.0858060 0.0876671 0.1567613 0.0063306 0.0876671 0.0128867 
S0407sl     0.4118358 0.3834341 0.1409067 0.1427447 0.1602652 0.0757910 0.0343817 0.0961691 0.1741149 0.0560540 0.1316657 0.2460186 0.1592495 0.0558029 0.2046882 0.1510805 0.0182841 0.0344738 0.0995843 0.2542687 0.1532461 0.1394629 0.0000000 0.1551813 0.0452702 0.1357382 0.0669545 0.1014725 0.1459127 0.1376639 0.0392562 0.1678078 0.1812956 0.0455057 0.0509048 0.0985508 0.3149170 0.0868076 0.1428794 0.1644257 0.1738366 0.1418119 0.1585018 0.1301591 0.0580237 0.1195907 0.1202596 0.0910824 0.0565109 0.1195947 0.0779156 0.2646397 0.1800153 0.1131438 0.1410715 0.0781212 0.1263919 0.1131828 0.1491654 0.0767047 0.1282294 0.1212755 0.1319931 0.1624207 0.1463166 0.2235685 0.0302608 0.0908093 0.0844911 0.1416401 0.0510463 0.0686366 0.0669457 0.1418119 0.1438280 0.1227291 0.1266455 0.1256964 0.0670629 0.1121759 0.1362577 0.1194989 0.1118645 0.1510206 0.1067947 0.1291002 0.0443030 0.1399180 0.1010204 0.0887554 0.1174300 0.1500585 0.1083648 0.1510499 
S0412sl     0.4122083 0.3278007 0.1218988 0.0904675 0.0887016 0.1193173 0.1720991 0.1262606 0.1021158 0.1561851 0.1184277 0.1161718 0.0815777 0.1868258 0.1238712 0.1401436 0.1212952 0.1547430 0.0931383 0.0926464 0.0920779 0.0793160 0.1551813 0.0000000 0.1737184 0.0674971 0.1394073 0.0985541 0.0563859 0.1261001 0.1646510 0.0966312 0.1036167 0.1661034 0.1196369 0.1477992 0.2148866 0.1378922 0.1322569 0.1374803 0.0387631 0.1312970 0.0953212 0.0669960 0.1592625 0.1045012 0.1267395 0.1478887 0.1207761 0.1145938 0.1145528 0.2475990 0.1041276 0.1590507 0.1454974 0.1699231 0.0916519 0.0842019 0.1309388 0.0855082 0.1154962 0.0555847 0.1255128 0.0979307 0.0847242 0.0831104 0.1174728 0.1395420 0.1398424 0.1467631 0.1190084 0.1935658 0.1338221 0.1312970 0.1398316 0.0611440 0.1421667 0.1098712 0.0712287 0.0569217 0.0718006 0.0676918 0.1070260 0.0449132 0.0962898 0.1366405 0.1507345 0.0965267 0.1783663 0.1463998 0.1410525 0.0831154 0.1602751 0.0836131 
S0417       0.3699591 0.3288136 0.1469332 0.1566785 0.1665681 0.0704586 0.0287427 0.1019288 0.1738359 0.0391945 0.1105403 0.2698226 0.1590046 0.0610130 0.2482567 0.1501820 0.0175960 0.0389502 0.0935108 0.3300419 0.1704440 0.1644633 0.0452702 0.1737184 0.0000000 0.1281112 0.0551218 0.1145546 0.1594227 0.1745965 0.0287150 0.1675459 0.2314562 0.0394329 0.0503032 0.0906076 0.2698166 0.1128973 0.1561418 0.1431092 0.1878359 0.1549726 0.1439867 0.1300005 0.0558238 0.1321064 0.1417807 0.0966354 0.0617886 0.1254247 0.0836451 0.3276480 0.1841111 0.1183732 0.1518054 0.0857706 0.1390672 0.1262275 0.1422841 0.0884570 0.1207676 0.1339686 0.1177612 0.1621721 0.1461147 0.2950762 0.0195318 0.0896907 0.0899577 0.1645967 0.0447729 0.0669530 0.0561892 0.1549726 0.1571857 0.1225891 0.1653481 0.1249785 0.0732593 0.1120576 0.1375053 0.1255724 0.1246338 0.1645122 0.1125348 0.1215818 0.0493392 0.1161909 0.0979225 0.0939347 0.0965799 0.1498500 0.1136378 0.1508376 
S0427       0.3087501 0.2662553 0.1017741 0.0607975 0.0716967 0.0921035 0.1268898 0.0856012 0.0716682 0.1000782 0.0847280 0.1293697 0.0629715 0.1576994 0.1417977 0.1041884 0.0571183 0.1118041 0.0799551 0.0828268 0.0675536 0.0482139 0.1357382 0.0674971 0.1281112 0.0000000 0.1103989 0.0617390 0.0675693 0.0811461 0.1267400 0.0554607 0.0662810 0.1211996 0.0915347 0.1110438 0.2080291 0.0892197 0.0971836 0.0952153 0.0785045 0.0845724 0.0655628 0.0447935 0.0882134 0.0838849 0.0919160 0.1174940 0.1048139 0.0949591 0.0678945 0.1921720 0.0804583 0.1217665 0.1004516 0.0977950 0.0719324 0.0640415 0.0900743 0.0560482 0.0956844 0.0722512 0.0910577 0.0673243 0.0669848 0.1250826 0.0759906 0.1099163 0.1102508 0.1039821 0.0851609 0.1511580 0.0672615 0.0845724 0.0916475 0.0393731 0.1119756 0.1023074 0.0468493 0.0349663 0.0443758 0.0397820 0.0870016 0.0611299 0.0775435 0.1017077 0.1196591 0.0725268 0.1283773 0.0963328 0.1047356 0.0544428 0.1083937 0.0547576 
S0478       0.3754005 0.3168571 0.1226011 0.1398110 0.1324866 0.0704586 0.0545890 0.0937300 0.1391193 0.0714474 0.1191090 0.2032543 0.1173596 0.0896634 0.1989787 0.1319240 0.0456717 0.0537734 0.0998595 0.2016780 0.1354633 0.1363320 0.0669545 0.1394073 0.0551218 0.1103989 0.0000000 0.1123187 0.1336009 0.1375247 0.0653432 0.1332078 0.1669934 0.0663904 0.0335030 0.0541924 0.1957463 0.1107196 0.1308896 0.1175008 0.1601444 0.1299460 0.1250192 0.1000043 0.0869711 0.1295976 0.1263194 0.0654312 0.0440642 0.1152176 0.0941796 0.2877839 0.1462364 0.1175853 0.1101566 0.0751943 0.1364336 0.1236965 0.1049309 0.0805004 0.0981885 0.1104885 0.1193939 0.1280127 0.1136511 0.1774925 0.0292543 0.0593877 0.0595584 0.1386010 0.0284073 0.0669456 0.0875423 0.1299460 0.1317242 0.0933367 0.1487558 0.1232699 0.0591124 0.0831156 0.1123536 0.1075708 0.1011361 0.1385543 0.0967447 0.1168933 0.0547255 0.1141502 0.1129583 0.0987332 0.0653923 0.1175632 0.1184545 0.1183054 
S0552sl     0.3556129 0.3206019 0.0921606 0.0724240 0.0672642 0.0168645 0.1006249 0.0403363 0.0852062 0.1002298 0.0750087 0.1498411 0.0705728 0.1209878 0.1096532 0.0925709 0.0475145 0.1075243 0.0744078 0.1087994 0.0811190 0.0484223 0.1014725 0.0985541 0.1145546 0.0617390 0.1123187 0.0000000 0.0803330 0.0809290 0.1070943 0.0737899 0.0758712 0.1089049 0.0809245 0.1064835 0.2797611 0.0444975 0.0739727 0.1310479 0.0979889 0.0734626 0.0786828 0.0569378 0.0477345 0.0493487 0.0564497 0.1129683 0.0940089 0.0794490 0.0294905 0.1710100 0.0808144 0.0736556 0.1320520 0.0893831 0.0441740 0.0303124 0.1255943 0.0192885 0.0865662 0.0871581 0.0681448 0.0677935 0.0737401 0.1280646 0.0647628 0.1053821 0.1057074 0.0923678 0.0746452 0.1210945 0.0679171 0.0734626 0.0744142 0.0456992 0.0685484 0.0792463 0.0420356 0.0408748 0.0672011 0.0344961 0.0704378 0.0805780 0.0679672 0.0974679 0.1065967 0.0854143 0.0699219 0.0559563 0.1260353 0.0668871 0.0618409 0.0561388 
S0558       0.3372311 0.3125752 0.1239029 0.0897820 0.0900423 0.0943672 0.1345591 0.0867305 0.0877299 0.1424296 0.1204055 0.1394689 0.1007261 0.1722849 0.1444437 0.1333529 0.0712538 0.1345817 0.1073012 0.1513415 0.0913698 0.0632157 0.1459127 0.0563859 0.1594227 0.0675693 0.1336009 0.0803330 0.0000000 0.1093161 0.1506218 0.0840664 0.0942519 0.1519440 0.0943083 0.1209544 0.2631301 0.1119158 0.1125471 0.1222548 0.0614461 0.1117387 0.0946031 0.0610816 0.1048541 0.1123324 0.1070990 0.1062426 0.0951839 0.1164405 0.0883054 0.2380072 0.0788635 0.1320151 0.1302876 0.1149844 0.0990651 0.0917592 0.1169328 0.0680705 0.1047009 0.0685524 0.1206957 0.0909497 0.0720097 0.1411659 0.1043792 0.1132586 0.1134960 0.1263832 0.0938230 0.1603524 0.1055840 0.1117387 0.1197325 0.0607007 0.1217005 0.1116476 0.0723592 0.0513208 0.0719372 0.0509265 0.0959341 0.0572534 0.0977894 0.1389635 0.1369833 0.0839575 0.1343142 0.1198436 0.1333416 0.0825002 0.1330111 0.0829903 
S0620       0.4232363 0.3822728 0.1350040 0.1473246 0.1186493 0.0000010 0.1726089 0.0928493 0.1464380 0.1378348 0.1012061 0.2241373 0.1331308 0.2071445 0.0447607 0.0560946 0.0183798 0.1489628 0.0826256 0.1656171 0.1288303 0.0990734 0.1376639 0.1261001 0.1745965 0.0811461 0.1375247 0.0809290 0.1093161 0.0000000 0.1605530 0.1281797 0.1185297 0.1493058 0.0995948 0.1482255 6.2320014 0.0883082 0.0193098 0.1370615 0.1371528 0.0127616 0.1352907 0.0919983 0.0370204 0.0973836 0.0550445 0.1357532 0.1087050 0.1066507 0.0672473 0.2716449 0.1273231 0.0794799 0.1306029 0.1235382 0.0975572 0.0934088 0.1375561 0.0577691 0.1063898 0.1072264 0.1092633 0.1080832 0.1177000 0.1415039 0.1064432 0.1351715 0.1251172 0.0191703 0.0999980 0.1716899 0.0572979 0.0127616 0.0195043 0.0828430 0.0549275 0.1086288 0.0603803 0.0668780 0.1159584 0.0890856 0.1013413 0.1076338 0.0981735 0.1162180 0.1398317 0.1187174 0.1222002 0.0883292 0.1481931 0.1251850 0.0883292 0.1262874 
S0624       0.3637777 0.3072170 0.1186124 0.1550232 0.1503996 0.0514928 0.0284317 0.1008029 0.1719985 0.0286837 0.0963651 0.2448549 0.1572456 0.0440371 0.2128650 0.1560067 0.0175871 0.0285084 0.0810459 0.2619474 0.1598891 0.1508879 0.0392562 0.1646510 0.0287150 0.1267400 0.0653432 0.1070943 0.1506218 0.1605530 0.0000000 0.1806343 0.1982798 0.0288604 0.0495334 0.0896451 0.2964798 0.1116785 0.1477817 0.1624243 0.1637641 0.1466851 0.1424417 0.1285902 0.0557953 0.1243995 0.1337425 0.0890255 0.0552437 0.0986287 0.0828515 0.2785275 0.1711219 0.1171068 0.1624622 0.0857274 0.1312065 0.1182466 0.1615179 0.0814390 0.1065245 0.1128525 0.1032609 0.1681954 0.1588508 0.1970166 0.0095240 0.0883266 0.0825982 0.1477431 0.0442865 0.0499893 0.0768585 0.1466851 0.1487576 0.1212581 0.1484155 0.0922026 0.0600968 0.1175511 0.1360185 0.1176784 0.1098371 0.1416284 0.0865242 0.0945739 0.0332561 0.1381897 0.1052319 0.0929073 0.1076823 0.1482580 0.1124047 0.1492280 
S0641       0.3850734 0.3514120 0.1235379 0.0396011 0.1011679 0.1135237 0.1491331 0.0980238 0.0550860 0.1645361 0.1230071 0.1088457 0.0640958 0.1885029 0.1801123 0.1466160 0.0903138 0.1629952 0.1266588 0.1346572 0.0508364 0.0337168 0.1678078 0.0966312 0.1675459 0.0554607 0.1332078 0.0737899 0.0840664 0.1281797 0.1806343 0.0000000 0.0480918 0.1747888 0.1260415 0.1397661 0.1662461 0.1227210 0.1385952 0.1293449 0.1150791 0.1243157 0.0493341 0.0343434 0.1254028 0.1231575 0.1330534 0.1377673 0.1409740 0.1422133 0.1061126 0.2337321 0.0800709 0.1590105 0.1368733 0.1354590 0.1097418 0.1023568 0.1239631 0.0726513 0.1170368 0.1168445 0.1317619 0.0451898 0.0447063 0.1855185 0.1232402 0.1249887 0.1387786 0.1464111 0.1188893 0.1823656 0.1023943 0.1243157 0.1326529 0.0341846 0.1466025 0.1374773 0.0900517 0.0244060 0.0339930 0.0670475 0.1150940 0.0957868 0.1098738 0.1500197 0.1725623 0.0553168 0.1396568 0.1307891 0.1330110 0.0334033 0.1440779 0.0288345 
S0643       0.4658282 0.3934237 0.1172149 0.0483245 0.0655923 0.0000010 0.1963403 0.0877816 0.0481315 0.1858039 0.0961126 0.0999332 0.0602028 0.2093606 0.1704098 0.1569282 0.0698873 0.1832007 0.0973469 0.0927810 0.0155504 0.0074568 0.1812956 0.1036167 0.2314562 0.0662810 0.1669934 0.0758712 0.0942519 0.1185297 0.1982798 0.0480918 0.0000000 0.2149973 0.1196740 0.1646033 0.0000010 0.1258536 0.1308280 0.1507026 0.1256407 0.1308280 0.0232714 0.0235029 0.1096333 0.1055805 0.1097068 0.1493043 0.1533010 0.1155498 0.0909013 0.1717249 0.0661698 0.1381693 0.1433581 0.1097565 0.0861575 0.0795454 0.1509383 0.0589318 0.1054827 0.0962341 0.1214464 0.0318796 0.0390281 0.1358165 0.1276309 0.1637703 0.1510965 0.1403018 0.1420934 0.2324561 0.0334070 0.1308280 0.1437118 0.0153714 0.0990823 0.1077508 0.0716282 0.0158802 0.0227424 0.0658551 0.1102065 0.0772731 0.0957101 0.1040459 0.1696419 0.0570228 0.1251882 0.1258870 0.1804220 0.0307183 0.1258870 0.0227489 
S0645sl     0.3853055 0.3346707 0.1340141 0.1493525 0.1529533 0.0540590 0.0288848 0.0884345 0.1600807 0.0393972 0.1247142 0.2718256 0.1600129 0.0504107 0.2034952 0.1206558 0.0089081 0.0289641 0.1148481 0.3055213 0.1715095 0.1525112 0.0455057 0.1661034 0.0394329 0.1211996 0.0663904 0.1089049 0.1519440 0.1493058 0.0288604 0.1747888 0.2149973 0.0000000 0.0505641 0.0844897 0.3101662 0.0992060 0.1263641 0.1712780 0.1578734 0.1254425 0.1592320 0.1307811 0.0470825 0.1189433 0.1042788 0.0904244 0.0621157 0.1130364 0.0842724 0.3063294 0.1716596 0.1114134 0.1623156 0.0771314 0.1257167 0.1116816 0.1558255 0.0828167 0.1178671 0.1212821 0.1322401 0.1710890 0.1615616 0.2716806 0.0146168 0.0836321 0.0838805 0.1340892 0.0450032 0.0618229 0.0680950 0.1254425 0.1262431 0.1233188 0.1250599 0.1257032 0.0737546 0.1195947 0.1303501 0.1111786 0.1253729 0.1428537 0.1004054 0.1222998 0.0337360 0.1465613 0.0918569 0.0874099 0.1024461 0.1507524 0.1066938 0.1517506 
S0656sl     0.3692092 0.2798345 0.0792289 0.1325306 0.0996968 0.0334558 0.0392948 0.0635436 0.1318916 0.0442143 0.0871664 0.1837601 0.1171770 0.0669209 0.1515273 0.1118658 0.0000020 0.0387141 0.0746103 0.1974058 0.1075260 0.1077532 0.0509048 0.1196369 0.0503032 0.0915347 0.0335030 0.0809245 0.0943083 0.0995948 0.0495334 0.1260415 0.1196740 0.0505641 0.0000000 0.0439354 0.2687344 0.0798181 0.0984503 0.1235499 0.1189650 0.0977565 0.1186966 0.0934295 0.0361925 0.0974865 0.0938152 0.0436206 0.0139552 0.0844119 0.0638489 0.2342476 0.1178047 0.0861400 0.1088955 0.0648949 0.1038091 0.0904027 0.1108596 0.0515695 0.0798031 0.0739017 0.0819749 0.1208685 0.1068076 0.1573997 0.0095163 0.0432977 0.0382451 0.0984428 0.0045617 0.0620328 0.0560800 0.0977565 0.0990565 0.0869032 0.1069980 0.0855974 0.0420246 0.0767271 0.0993618 0.0761948 0.0701312 0.0869571 0.0671897 0.0856037 0.0443198 0.1072695 0.0756743 0.0685652 0.0597406 0.1107674 0.0867531 0.1114620 
S0673       0.3737015 0.3005692 0.1233025 0.1545505 0.1468948 0.0514441 0.0667486 0.1133157 0.1679422 0.0774957 0.1263803 0.2591898 0.1425041 0.1163026 0.1693604 0.1326817 0.0370537 0.0768772 0.1263953 0.2294832 0.1645729 0.1374513 0.0985508 0.1477992 0.0906076 0.1110438 0.0541924 0.1064835 0.1209544 0.1482255 0.0896451 0.1397661 0.1646033 0.0844897 0.0439354 0.0000000 0.3362609 0.1242586 0.1119809 0.1448165 0.1469981 0.1111798 0.1595978 0.1265504 0.0783775 0.1173066 0.1194860 0.0141902 0.0549353 0.1158658 0.1074516 0.2711360 0.1284545 0.1313709 0.1450180 0.0879767 0.1239765 0.1175773 0.1315048 0.0810097 0.1096192 0.1111211 0.1334536 0.1566064 0.1275530 0.2191615 0.0454206 0.0093065 0.0093324 0.1193138 0.0386319 0.0972695 0.0789027 0.1111798 0.1191280 0.1064554 0.1345776 0.1371886 0.0842876 0.1025478 0.1130177 0.1017522 0.1017406 0.1190884 0.1096606 0.1306135 0.0608582 0.1418066 0.1292715 0.1119232 0.0340057 0.1313725 0.1323585 0.1457665 
S0690       0.4798664 0.4636813 0.2635917 0.1853671 0.2561144 0.0921927 0.2687344 0.2909105 0.1849262 0.2964798 0.3371124 0.1885956 0.1743297 0.2737115 0.2476117 0.3797056 0.2475686 0.2953919 0.2694437 0.0000010 0.1630662 6.2320014 0.3149170 0.2148866 0.2698166 0.2080291 0.1957463 0.2797611 0.2631301 6.2320014 0.2964798 0.1662461 0.0000010 0.3101662 0.2687344 0.3362609 0.0000000 0.3294875 0.4214547 0.3135023 0.2315332 0.3781126 0.1630662 0.1849262 0.3280906 0.3836703 0.4439332 0.3271708 0.2687344 0.3475070 0.3168476 0.1957768 7.9402827 0.4740922 0.2854504 0.3197975 0.3768278 0.3215259 0.2942906 0.2897410 0.3053849 0.2647469 0.2909105 0.2142429 0.2184642 0.0000010 0.2687344 0.3271708 0.3271708 0.3854497 0.2687344 0.2430321 0.3306037 0.3781126 0.3554382 0.1855266 0.4755250 0.3182595 0.2426200 0.1908544 0.2169127 0.1957937 0.2478522 0.2631301 0.2635917 0.3654233 0.2973262 0.2089934 0.3640965 0.3709569 0.2992485 0.1630662 0.4398307 0.1897458 
S0720       0.3834311 0.3448080 0.0847725 0.1016238 0.1031824 0.0168533 0.0992014 0.0143168 0.1284249 0.1111897 0.0796788 0.2045867 0.1140100 0.1410204 0.1416601 0.0978515 0.0271390 0.0994703 0.0729510 0.1741245 0.1247530 0.0876471 0.0868076 0.1378922 0.1128973 0.0892197 0.1107196 0.0444975 0.1119158 0.0883082 0.1116785 0.1227210 0.1258536 0.0992060 0.0798181 0.1242586 0.3294875 0.0000000 0.0850889 0.1358198 0.1304458 0.0845022 0.1210544 0.0977922 0.0272555 0.0714589 0.0606753 0.1309420 0.0926912 0.0899603 0.0401464 0.2113429 0.1242646 0.0394851 0.1370671 0.0667085 0.0660047 0.0523590 0.1304158 0.0401562 0.0853810 0.1040750 0.0798619 0.1176635 0.1040186 0.1692894 0.0695642 0.1230035 0.1233799 0.1038528 0.0736369 0.1285579 0.0454167 0.0845022 0.0855984 0.0912862 0.0784088 0.0896520 0.0417781 0.0812591 0.0967972 0.0741537 0.0582805 0.1167983 0.0725910 0.1019728 0.1176490 0.0975319 0.0294425 0.0239003 0.1443338 0.1079162 0.0290351 0.1085772 
S0724sl     0.3972610 0.3523221 0.1098808 0.1387134 0.1247818 0.0923440 0.1406939 0.0869253 0.1516906 0.1244156 0.1062114 0.2369742 0.1371568 0.1807057 0.0357456 0.0394476 0.0562939 0.1318348 0.0937032 0.1829787 0.1481801 0.0990340 0.1428794 0.1322569 0.1561418 0.0971836 0.1308896 0.0739727 0.1125471 0.0193098 0.1477817 0.1385952 0.1308280 0.1263641 0.0984503 0.1119809 0.4214547 0.0850889 0.0000000 0.1319472 0.1248622 0.0092032 0.1437233 0.1118334 0.0774158 0.0901743 0.0446181 0.1185016 0.1121132 0.0788874 0.0630350 0.2092723 0.1168779 0.0896752 0.1397876 0.0658790 0.0844074 0.0768054 0.1189011 0.0509373 0.0972412 0.1111891 0.0984019 0.1313492 0.1189609 0.1580902 0.0959899 0.1108350 0.1111750 0.0237635 0.0918971 0.1402184 0.0473287 0.0092032 0.0140555 0.0925791 0.0615119 0.1104697 0.0648811 0.0938619 0.0988666 0.0863544 0.0816188 0.1113000 0.0848052 0.1298551 0.1210154 0.1251256 0.1150742 0.0910240 0.1316181 0.1295968 0.0903002 0.1304150 
S0735       0.3196080 0.2986989 0.1572680 0.1357484 0.1286643 0.1370501 0.1626455 0.1262766 0.1386709 0.1403039 0.1186054 0.2134283 0.1409182 0.2124454 0.1822039 0.1329969 0.1007613 0.1597772 0.1200725 0.1510233 0.1449597 0.1151071 0.1644257 0.1374803 0.1431092 0.0952153 0.1175008 0.1310479 0.1222548 0.1370615 0.1624243 0.1293449 0.1507026 0.1712780 0.1235499 0.1448165 0.3135023 0.1358198 0.1319472 0.0000000 0.1649038 0.1309888 0.1275729 0.1166816 0.1365174 0.1423003 0.1330733 0.1518521 0.1315065 0.1225472 0.1044786 0.3047259 0.1553220 0.1653938 0.0301455 0.1223420 0.1289876 0.1228314 0.0141728 0.1114172 0.1235502 0.1279658 0.1104553 0.1302020 0.1097858 0.1916474 0.1132360 0.1433659 0.1438072 0.1535081 0.1165421 0.1970204 0.0901845 0.1309888 0.1395297 0.0974183 0.1559676 0.1443324 0.0900407 0.0997424 0.1028775 0.1170205 0.1283315 0.1433119 0.1291527 0.1425864 0.1547315 0.1108266 0.1635358 0.1360868 0.1373253 0.1268812 0.1502466 0.1276673 
S0742       0.4205818 0.3353297 0.1066483 0.1086641 0.0882023 0.0717466 0.1711805 0.1189241 0.1206826 0.1553402 0.1030348 0.1449830 0.1126992 0.1858442 0.1228743 0.1461729 0.0940035 0.1539107 0.0908480 0.1310449 0.1105726 0.0968657 0.1738366 0.0387631 0.1878359 0.0785045 0.1601444 0.0979889 0.0614461 0.1371528 0.1637641 0.1150791 0.1256407 0.1578734 0.1189650 0.1469981 0.2315332 0.1304458 0.1248622 0.1649038 0.0000000 0.1239631 0.1135277 0.0841816 0.1292435 0.1164617 0.1193899 0.1470854 0.1200934 0.0998070 0.1138960 0.2460640 0.1229984 0.1512242 0.1673277 0.1395396 0.0911348 0.0899624 0.1511443 0.0850119 0.1005650 0.0552503 0.1162459 0.1166426 0.1088244 0.0929772 0.1167890 0.1387815 0.1390790 0.1390673 0.1183424 0.1925325 0.1301438 0.1239631 0.1322647 0.0780218 0.1344529 0.0951535 0.0643330 0.0739830 0.0898413 0.0672874 0.0920496 0.0446369 0.0824019 0.1080670 0.1499060 0.1087952 0.1577331 0.1387574 0.1611802 0.1007445 0.1523777 0.1013546 
