99
HYZL          0.0000000 0.1467432 0.3261402 0.3189484 0.2656002 0.3391183 0.3067272 0.3225516 0.3127437 0.2963895 0.3464176 0.4687989 0.3050121 0.3098420 0.3332803 0.3109030 0.2954618 0.3124201 0.3072397 0.3253849 0.3042589 0.4940762 0.2154660 0.2778761 0.3306551 0.3239632 0.4337218 0.2811501 0.3461061 0.3399189 0.3411364 0.3042728 0.2915322 0.3168108 0.3201259 0.3411916 0.3089871 0.2909668 0.3016475 0.2854221 0.3181780 0.3352929 0.3297889 0.3191215 0.3569463 0.3478931 0.2994851 0.2951137 0.3003944 0.5647993 0.3564470 0.2557314 0.3072206 0.4821620 0.3691843 0.2760610 0.2495311 0.3573960 0.3471696 0.3190828 0.2557992 0.2763415 0.2599302 0.3954704 0.2686166 0.3697693 0.3546028 0.2656539 0.2610754 0.3276739 0.3249116 0.2869081 0.3080542 0.2828920 0.3366583 0.3112676 0.2982130 0.4512302 0.3130867 0.3603319 0.3313745 0.2391938 0.3127437 0.2997239 0.3245216 0.3439125 0.3715523 0.3422283 0.2968693 0.3465115 0.2869081 0.3237056 0.3215250 0.2861964 0.3455866 0.2992052 0.2914801 0.3316635 0.3457701 
MYZV          0.1467432 0.0000000 0.3045532 0.3192591 0.2927004 0.3202941 0.2841954 0.3311853 0.3320667 0.2876623 0.3614920 0.4382216 0.3076936 0.3212637 0.3661860 0.3363850 0.2950876 0.3068732 0.2521090 0.3046245 0.2913973 0.4062313 0.1611197 0.2917205 0.3139356 0.3158823 0.5962405 0.2819485 0.3114240 0.3239483 0.3468458 0.2614561 0.3019421 0.2890648 0.3055957 0.3436057 0.2847946 0.3356535 0.3359651 0.2684116 0.3134611 0.3035786 0.3354862 0.2841954 0.3548790 0.3088653 0.2889687 0.2956031 0.2764692 0.4460636 0.3452323 0.2484567 0.3093195 0.5303271 0.3479599 0.2816999 0.2677359 0.3131718 0.3591165 0.3084254 0.3153736 0.2127293 0.2743079 0.3233331 0.2712388 0.3278523 0.3032149 0.3182825 0.3094723 0.3210413 0.3335983 0.3025094 0.2996885 0.2903308 0.3050866 0.3083827 0.3148937 0.5962405 0.2930223 0.3288217 0.2922329 0.1899450 0.3021781 0.2890648 0.3256748 0.3139698 0.3564172 0.3323225 0.3342364 0.3279116 0.3170108 0.3195931 0.2975494 0.2883973 0.3324872 0.2622916 0.2890648 0.3370981 0.3483083 
SRR6441723    0.3261402 0.3045532 0.0000000 0.0633778 0.2308340 0.0668622 0.0547346 0.0803104 0.0550545 0.1021851 0.0800314 0.0373370 0.0883621 0.0879022 0.0965602 0.0949589 0.0718698 0.0456222 0.0702092 0.0553809 0.0490811 0.0978761 0.1153317 0.0625274 0.0669963 0.1030263 0.2594225 0.0685665 0.0886326 0.0759600 0.1171079 0.0945768 0.0817503 0.0555401 0.0769043 0.0811241 0.1287228 0.1081928 0.0972013 0.1014845 0.0682792 0.0679654 0.0743193 0.0608638 0.0911706 0.1032675 0.0687279 0.0654663 0.0676605 0.0981514 0.0746561 0.1505853 0.1019649 0.1298727 0.0606204 0.0617959 0.0995526 0.1108389 0.0974381 0.0753309 0.1030723 0.0783992 0.0818671 0.1034471 0.0553632 0.1181118 0.0687586 0.1062942 0.1158983 0.0615820 0.0734799 0.0747343 0.0825946 0.0681956 0.1259125 0.0666733 0.0819588 0.2691596 0.0551206 0.1251781 0.0435903 0.0794769 0.0550545 0.0555743 0.0556408 0.0670580 0.0814524 0.0925266 0.0547271 0.0553511 0.0747343 0.0884219 0.0611985 0.0621093 0.0606392 0.0812969 0.0495314 0.0815294 0.0816397 
ERR2789774    0.3189484 0.3192591 0.0633778 0.0000000 0.2345709 0.0630791 0.0748857 0.1028895 0.0387279 0.0847329 0.0904384 0.0000010 0.1003803 0.0707809 0.1065803 0.0776805 0.0607135 0.0674005 0.1383588 0.0215020 0.0160583 0.0515073 0.0984084 0.0457384 0.0882279 0.0991911 0.2778591 0.0641815 0.0929983 0.0728913 0.0992251 0.0711035 0.0708948 0.0160889 0.0595656 0.0836330 0.1253118 0.0976377 0.0865295 0.1046976 0.0275016 0.0756896 0.0272486 0.0682275 0.1094820 0.0855310 0.0643364 0.0741151 0.0633086 0.0516524 0.1068750 0.1326520 0.0992623 0.0794601 0.0960090 0.0768376 0.1374083 0.1010919 0.1017024 0.0937598 0.0999536 0.1060283 0.0711859 0.1247461 0.0709377 0.0940756 0.0452470 0.1128010 0.0979717 0.0216242 0.0568324 0.0455234 0.0783862 0.0638177 0.1225059 0.0686656 0.0648056 0.2730220 0.0159761 0.1236156 0.0770913 0.0747303 0.0159563 0.0161057 0.0589819 0.0701505 0.0573835 0.0882477 0.0761361 0.0637749 0.0578432 0.0712064 0.0686127 0.0454304 0.0960385 0.0771252 0.0106325 0.1208964 0.0774564 
PAFTOL_019361 0.2656002 0.2927004 0.2308340 0.2345709 0.0000000 0.2439237 0.2214985 0.2543897 0.2419253 0.2478013 0.2443572 0.2415368 0.2388604 0.2388778 0.2116633 0.2206544 0.2131375 0.2166763 0.2978866 0.2335326 0.2031699 0.2543081 0.2874941 0.2103976 0.2413524 0.2646249 0.3237325 0.1878336 0.2307692 0.2613627 0.2430412 0.2386960 0.2587285 0.2258896 0.2211759 0.2459366 0.2351892 0.2179731 0.2401455 0.1849149 0.2461197 0.2447865 0.2559249 0.2316819 0.2626728 0.1950616 0.2195505 0.2035735 0.1838542 0.3022099 0.2377039 0.2397096 0.2143289 0.2481892 0.2663946 0.2162345 0.2425835 0.2041903 0.2479542 0.2405480 0.2226555 0.2732885 0.1925115 0.2848379 0.2073832 0.2133092 0.2572822 0.2508568 0.1863384 0.2351128 0.2195133 0.2275433 0.2270880 0.2058561 0.2116984 0.2221399 0.2275559 0.3360957 0.2235021 0.2660533 0.2231311 0.2216494 0.2232443 0.2256530 0.2199783 0.2241084 0.2787747 0.2488468 0.2078896 0.2255581 0.2275433 0.2796377 0.2152119 0.2086571 0.2470804 0.2377769 0.2058168 0.2863411 0.2458960 
S0055         0.3391183 0.3202941 0.0668622 0.0630791 0.2439237 0.0000000 0.0920430 0.1208275 0.0798468 0.1025403 0.0802915 0.0644648 0.1096482 0.0881963 0.1108456 0.1089789 0.0853402 0.0840438 0.1427701 0.0609467 0.0488650 0.1305379 0.1414222 0.0753358 0.1057088 0.1115757 0.2432925 0.0946150 0.1025145 0.0893376 0.1321025 0.1029235 0.0889690 0.0432149 0.0820423 0.1094001 0.1280211 0.1371000 0.1202236 0.1084841 0.0679607 0.0929846 0.0739685 0.0851786 0.1342414 0.1177762 0.0816382 0.0992176 0.0804909 0.1308972 0.0953969 0.1378370 0.1163236 0.1649800 0.0983818 0.1078661 0.1160673 0.1257078 0.1204824 0.0964497 0.1401228 0.0997940 0.1090527 0.1414522 0.0869300 0.1332697 0.0561350 0.1167419 0.1454096 0.0493599 0.0678720 0.0879234 0.0961464 0.0810281 0.1108626 0.1011124 0.0823533 0.2621619 0.0548740 0.1558817 0.0802126 0.1026748 0.0548085 0.0553236 0.0558911 0.0796524 0.0683475 0.1141841 0.0668414 0.0676204 0.0749763 0.0958095 0.0856577 0.0748231 0.0984108 0.0946150 0.0434911 0.1224807 0.0763993 
S0196sl       0.3067272 0.2841954 0.0547346 0.0748857 0.2214985 0.0920430 0.0000000 0.0318963 0.0660544 0.1004383 0.1061247 0.0495033 0.1025422 0.0864335 0.1224149 0.0933549 0.0642367 0.0706931 0.0914843 0.0723445 0.0664886 0.0803393 0.1262391 0.0615108 0.0102069 0.1012545 0.2710911 0.0674462 0.1101780 0.1002772 0.1292942 0.0813845 0.0997229 0.0666397 0.0756089 0.0796870 0.1324471 0.1063428 0.0957920 0.0986659 0.0796102 0.0103589 0.0857264 0.0050600 0.0838821 0.1153032 0.0676025 0.0580538 0.0545998 0.0805630 0.0895960 0.1376875 0.1155581 0.1434262 0.0374762 0.0671955 0.1261456 0.1316233 0.0980181 0.0771251 0.1087297 0.0088540 0.0804981 0.1058122 0.0553545 0.1391923 0.0863309 0.0953439 0.1059093 0.0727638 0.0722909 0.0735073 0.0812051 0.0670850 0.1296037 0.0655233 0.0936020 0.2811996 0.0661322 0.1548458 0.0675035 0.0801468 0.0660544 0.0666728 0.0749048 0.0921813 0.0994174 0.0841464 0.0789666 0.0798996 0.0735073 0.0869369 0.0102590 0.0611060 0.0263624 0.0799492 0.0545997 0.0565236 0.0931082 
S0281         0.3225516 0.3311853 0.0803104 0.1028895 0.2543897 0.1208275 0.0318963 0.0000000 0.0923272 0.1009333 0.1288914 0.0787463 0.1319189 0.0868476 0.1304832 0.0938083 0.0574912 0.0920758 0.1162578 0.0992318 0.0929633 0.0800023 0.1411154 0.0617943 0.0433678 0.1314476 0.2948416 0.0677595 0.1175551 0.1301474 0.1375131 0.0949680 0.1154642 0.0931972 0.0822330 0.0800907 0.1409377 0.1223167 0.1258289 0.1064253 0.1073780 0.0440059 0.1140224 0.0376089 0.0900155 0.1231884 0.0679173 0.0710114 0.0670333 0.0802242 0.1035519 0.1528447 0.1229509 0.1441545 0.0609691 0.0810077 0.1529557 0.1400081 0.0910612 0.0843767 0.1250560 0.0471291 0.0951475 0.1138347 0.0943355 0.1477787 0.1147867 0.1499904 0.1217983 0.0998270 0.0979498 0.0738514 0.0815959 0.0673956 0.1378653 0.0658444 0.0940579 0.3061005 0.0924361 0.1563588 0.0944357 0.1184935 0.0923272 0.0932189 0.1168069 0.1296601 0.1133789 0.0833877 0.1147405 0.1161984 0.0738514 0.1216141 0.0378099 0.0613858 0.0491125 0.0803282 0.0801091 0.0691558 0.1206803 
S0282         0.3127437 0.3320667 0.0550545 0.0387279 0.2419253 0.0798468 0.0660544 0.0923272 0.0000000 0.0879996 0.0935198 0.0368898 0.1100754 0.0743897 0.1092493 0.0811217 0.0647355 0.0584013 0.1032849 0.0261578 0.0319737 0.0967135 0.0912132 0.0499738 0.0786139 0.1020672 0.2574255 0.0679514 0.1110886 0.0896955 0.1021001 0.0876253 0.0620372 0.0320382 0.0635445 0.0736263 0.1274727 0.1071935 0.0830177 0.1075364 0.0437730 0.0797326 0.0494370 0.0723445 0.1121100 0.0887979 0.0681101 0.0647596 0.0670604 0.0969835 0.1095401 0.1389593 0.1165085 0.1283671 0.0858564 0.0676975 0.1144545 0.1039524 0.1045700 0.0968354 0.1096151 0.0998904 0.0811202 0.1419875 0.0679820 0.1110956 0.0618705 0.1056379 0.1148201 0.0376732 0.0489005 0.0497456 0.0818363 0.0675857 0.1247138 0.0660192 0.0685919 0.2526336 0.0318109 0.1258059 0.0679122 0.0917817 0.0317727 0.0320655 0.0629439 0.0928969 0.0742216 0.0848251 0.0795628 0.0805117 0.0617681 0.0748225 0.0727441 0.0496471 0.0858823 0.0805611 0.0264652 0.1089814 0.0808977 
S0289         0.2963895 0.2876623 0.1021851 0.0847329 0.2478013 0.1025403 0.1004383 0.1009333 0.0879996 0.0000000 0.1103559 0.0812223 0.1089579 0.0209239 0.1186957 0.0552515 0.0453977 0.0777140 0.1575157 0.0817226 0.0755453 0.0494073 0.0802125 0.0265664 0.1146307 0.0847965 0.2505011 0.0492014 0.0988916 0.0964436 0.1326076 0.0555550 0.1109461 0.0757294 0.0449351 0.0659818 0.1306044 0.1118904 0.0826928 0.1024595 0.0615613 0.1162748 0.0826194 0.1075856 0.0832334 0.1104779 0.0493139 0.0640086 0.0885963 0.0495417 0.0972382 0.1560123 0.1043905 0.1893929 0.1075813 0.0896109 0.1426641 0.1433000 0.1061986 0.0983305 0.1121757 0.1518853 0.0905914 0.1277181 0.0969972 0.1512922 0.0832283 0.0977188 0.1115604 0.0822166 0.0806793 0.0320219 0.0620489 0.0627224 0.1199564 0.0524667 0.0377273 0.2600192 0.0751200 0.1601362 0.1034564 0.1082003 0.0750289 0.0757611 0.0829814 0.1110051 0.0764094 0.0770023 0.0831026 0.0977516 0.0210145 0.1114138 0.1082211 0.0319601 0.0941069 0.0611081 0.0692407 0.1121511 0.0890678 
S0292         0.3464176 0.3614920 0.0800314 0.0904384 0.2443572 0.0802915 0.1061247 0.1288914 0.0935198 0.1103559 0.0000000 0.0811311 0.1107623 0.0824711 0.1022273 0.1168935 0.0932378 0.0912501 0.1421150 0.1005240 0.0806084 0.1140650 0.1404036 0.0824966 0.1204290 0.1127264 0.2258027 0.0888494 0.0942328 0.1037587 0.1244198 0.0834218 0.1099150 0.0944129 0.0956976 0.1036237 0.1459679 0.1328742 0.1579462 0.1174335 0.1087968 0.1221395 0.1155361 0.1133355 0.1104551 0.1246852 0.0890623 0.0919987 0.0873287 0.0829712 0.1006959 0.1217460 0.1075956 0.1703491 0.0851928 0.1173920 0.1405876 0.1182740 0.1259976 0.1018053 0.1358670 0.1242416 0.1115407 0.1318837 0.0877734 0.1112250 0.0958034 0.0863648 0.1412367 0.1011344 0.0612343 0.0953301 0.1040060 0.0884076 0.1275744 0.0880226 0.0897184 0.2340467 0.0807080 0.1675584 0.0885814 0.0370754 0.0935198 0.0944340 0.0687180 0.0317668 0.0945888 0.1132193 0.0491722 0.0209812 0.0820967 0.1030899 0.1211442 0.0819272 0.0852183 0.1023307 0.0876484 0.1081030 0.0626337 
S0293         0.4687989 0.4382216 0.0373370 0.0000010 0.2415368 0.0644648 0.0495033 0.0787463 0.0368898 0.0812223 0.0811311 0.0000000 0.1315357 0.0964750 0.1291519 0.1289141 0.0978732 0.0697049 7.2833095 0.0368898 0.0370916 0.0515073 1.2758164 0.0663132 0.0776848 0.0631363 2.5217501 0.0820352 0.0962415 0.0847532 0.1094724 0.0823651 0.0500717 0.0240140 0.0663132 0.1023843 0.1329821 0.0946896 0.0640568 0.1370552 0.0514734 0.0652487 0.0371789 0.0495033 0.1371508 0.0955603 0.0663132 0.0677977 0.0513670 0.0516524 0.0967084 7.2833095 0.1101517 0.0794601 0.0950053 0.0505693 7.2833095 0.1115792 0.0968628 0.0811497 0.0784479 7.2833095 0.0526716 0.0665295 0.0667095 0.0960213 0.0367436 0.2407239 0.0816975 0.0371789 0.0370600 0.0663132 0.0820352 0.0651240 0.1486030 0.0840268 0.0522287 2.5217501 0.0366557 0.1659555 0.0518445 1.2758164 0.0240140 0.0240140 0.0517833 0.0655573 0.0646427 0.1515539 0.0787576 0.0655573 0.0812223 0.0508136 0.0495033 0.0663132 0.1103823 0.0957470 0.0240140 0.1103823 0.1132356 
S0294         0.3050121 0.3076936 0.0883621 0.1003803 0.2388604 0.1096482 0.1025422 0.1319189 0.1100754 0.1089579 0.1107623 0.1315357 0.0000000 0.0888213 0.1278873 0.1096160 0.0784494 0.0982525 0.1465001 0.0967033 0.0893679 0.1279495 0.1295599 0.0757463 0.1170211 0.1432077 0.2854871 0.0951493 0.1286813 0.0946221 0.1574625 0.0822483 0.1219461 0.0971910 0.0910099 0.1179972 0.1534073 0.1276200 0.1088946 0.1357729 0.0948647 0.1187210 0.1189225 0.1098372 0.1047910 0.1422237 0.0953781 0.0981512 0.0897337 0.0963257 0.1339335 0.1572797 0.1358520 0.1145546 0.1235702 0.1258013 0.1282095 0.1355853 0.1301237 0.1136875 0.1112419 0.1163996 0.1062486 0.1618315 0.0902195 0.1434222 0.1128116 0.1321942 0.1359812 0.1041008 0.1033710 0.0884124 0.1106332 0.1118365 0.1614682 0.1017228 0.1099253 0.2964471 0.0830812 0.1668456 0.1190191 0.0818822 0.0962486 0.0972104 0.0696066 0.0828965 0.1275409 0.1061501 0.0955040 0.0833531 0.0884124 0.1206267 0.1177288 0.0752273 0.1094251 0.1088404 0.0902297 0.1506216 0.1130450 
S0299         0.3098420 0.3212637 0.0879022 0.0707809 0.2388778 0.0881963 0.0864335 0.0868476 0.0743897 0.0209239 0.0824711 0.0964750 0.0888213 0.0000000 0.1034293 0.0431559 0.0332285 0.0640902 0.1162455 0.0683264 0.0623612 0.0628537 0.0912694 0.0155771 0.0999791 0.0839088 0.2077367 0.0373729 0.0843331 0.0822979 0.1168171 0.0497646 0.0961087 0.0625057 0.0329159 0.0526436 0.1155140 0.0835489 0.0975998 0.0814267 0.0491632 0.1014113 0.0690589 0.0932397 0.0695933 0.0956917 0.0374569 0.0571632 0.0748808 0.0366122 0.0829598 0.1124238 0.0897850 0.1889652 0.0932514 0.0757218 0.1034052 0.1123812 0.0912860 0.0838612 0.0914832 0.1123347 0.0700725 0.1276418 0.0827642 0.1197603 0.0695811 0.0676120 0.0833147 0.0687319 0.0674832 0.0208607 0.0495478 0.0500852 0.0987873 0.0398234 0.0377065 0.2154916 0.0500148 0.1427903 0.0834053 0.0715072 0.0619453 0.0625402 0.0693628 0.0829282 0.0630761 0.0635153 0.0694907 0.0704337 0.0102709 0.0965153 0.0937776 0.0208213 0.0803263 0.0488124 0.0563015 0.0971811 0.0752962 
S0308         0.3332803 0.3661860 0.0965602 0.1065803 0.2116633 0.1108456 0.1224149 0.1304832 0.1092493 0.1186957 0.1022273 0.1291519 0.1278873 0.1034293 0.0000000 0.1176424 0.0791603 0.0934426 0.1207464 0.1026756 0.0897008 0.1870236 0.1311211 0.0831243 0.1375686 0.1301654 0.1452347 0.0819646 0.0902467 0.1138935 0.0553001 0.1328441 0.1210136 0.0964473 0.0915818 0.1011318 0.0698325 0.1426537 0.1206728 0.0458325 0.0893729 0.1395355 0.0954264 0.1300740 0.0763316 0.0615925 0.0966668 0.0980711 0.0687249 0.1875292 0.1252105 0.0744160 0.0824543 0.1509803 0.1467873 0.1183419 0.0951216 0.0680516 0.1048333 0.1120548 0.1524126 0.1283974 0.1196922 0.1595989 0.1193563 0.0743975 0.1119517 0.0994813 0.1422146 0.1033093 0.1027445 0.0894573 0.0967805 0.0964824 0.0684435 0.0858393 0.0837924 0.1505228 0.0956335 0.1090539 0.0900054 0.0694603 0.0955179 0.0964671 0.0844491 0.1013755 0.1203445 0.1141333 0.0695105 0.0886226 0.0894573 0.1250550 0.1308667 0.0892695 0.1468283 0.1103337 0.0895362 0.1483517 0.1050145 
S0320         0.3109030 0.3363850 0.0949589 0.0776805 0.2206544 0.1089789 0.0933549 0.0938083 0.0811217 0.0552515 0.1168935 0.1289141 0.1096160 0.0431559 0.1176424 0.0000000 0.0392556 0.0571646 0.1048499 0.0749550 0.0688873 0.0913070 0.0680143 0.0208757 0.1072103 0.1115422 0.1954639 0.0432338 0.0980246 0.0956187 0.1101820 0.0612840 0.1034332 0.0690508 0.0379208 0.0462664 0.1366898 0.0882930 0.1117104 0.1089395 0.0610696 0.1087461 0.0819246 0.1003248 0.0825303 0.1123053 0.0433318 0.0574801 0.0816641 0.0915502 0.0955880 0.1124238 0.1034816 0.2523371 0.1139680 0.0825900 0.1034052 0.1349156 0.0765638 0.0831959 0.0986875 0.1013568 0.0769619 0.1265701 0.0897997 0.1427137 0.0895142 0.0862991 0.0966809 0.0754038 0.0740144 0.0317791 0.0557395 0.0563434 0.1336685 0.0460856 0.0492606 0.2027577 0.0685051 0.1452246 0.1025613 0.0609209 0.0684222 0.0690843 0.0688303 0.1175855 0.0805871 0.0701886 0.0957051 0.1042414 0.0317791 0.1038697 0.1009100 0.0263396 0.1003590 0.0432934 0.0627083 0.1158578 0.0953599 
S0327         0.2954618 0.2950876 0.0718698 0.0607135 0.2131375 0.0853402 0.0642367 0.0574912 0.0647355 0.0453977 0.0932378 0.0978732 0.0784494 0.0332285 0.0791603 0.0392556 0.0000000 0.0538162 0.0868241 0.0585483 0.0524640 0.0637137 0.0862229 0.0107475 0.0774988 0.0865377 0.2119916 0.0217734 0.0741642 0.0794364 0.0997280 0.0452197 0.0729051 0.0525859 0.0281005 0.0357098 0.1107435 0.0866034 0.1023032 0.0827858 0.0513227 0.0786699 0.0722328 0.0708746 0.0590260 0.0859617 0.0106795 0.0408973 0.0518814 0.0638880 0.0805673 0.0931387 0.0798158 0.1688466 0.0840862 0.0595220 0.0861401 0.1016124 0.0669708 0.0673352 0.0887380 0.0722898 0.0601711 0.1097729 0.0665142 0.1090120 0.0650725 0.0928726 0.0942541 0.0525252 0.0578112 0.0217430 0.0219774 0.0222297 0.1082899 0.0232582 0.0332891 0.2204123 0.0521702 0.1170319 0.0863314 0.0420599 0.0521042 0.0526218 0.0662559 0.0937870 0.0718108 0.0338095 0.0795114 0.0805260 0.0217430 0.0869988 0.0712892 0.0106795 0.0709266 0.0216504 0.0463067 0.0938777 0.0787632 
S0335         0.3124201 0.3068732 0.0456222 0.0674005 0.2166763 0.0840438 0.0706931 0.0920758 0.0584013 0.0777140 0.0912501 0.0697049 0.0982525 0.0640902 0.0934426 0.0571646 0.0538162 0.0000000 0.0617781 0.0649767 0.0520481 0.0983925 0.0828412 0.0452873 0.0842102 0.1022845 0.2152919 0.0455205 0.0874349 0.0713685 0.0937143 0.0771303 0.0936503 0.0589481 0.0522073 0.0422098 0.1114082 0.0785525 0.0811031 0.0910294 0.0512972 0.0854787 0.0722003 0.0774657 0.0869574 0.0807518 0.0516912 0.0672708 0.0718450 0.0986722 0.0862853 0.1164796 0.1014468 0.1794638 0.0771420 0.0464681 0.0840455 0.1024686 0.0816935 0.0803331 0.0880323 0.0818418 0.0596966 0.1030962 0.0587439 0.1099370 0.0534568 0.0798020 0.0797239 0.0653773 0.0780204 0.0514228 0.0651230 0.0658606 0.1017826 0.0551545 0.0581868 0.2235856 0.0584751 0.1196088 0.0523113 0.0613162 0.0460297 0.0589843 0.0520088 0.0643789 0.0593750 0.0874912 0.0576092 0.0647302 0.0514228 0.0940639 0.0713415 0.0452879 0.0771666 0.0640887 0.0525526 0.0928539 0.1007564 
S0345         0.3072397 0.2521090 0.0702092 0.1383588 0.2978866 0.1427701 0.0914843 0.1162578 0.1032849 0.1575157 0.1421150 7.2833095 0.1465001 0.1162455 0.1207464 0.1048499 0.0868241 0.0617781 0.0000000 0.1160046 0.1041361 7.2833095 0.1447959 0.0927479 0.0914843 0.1812779 0.1473649 0.0914358 0.1455592 0.1316687 0.1628948 0.1414356 0.1303025 0.1180402 0.1218068 0.0883081 0.1658536 0.1311920 0.1674939 0.1126908 0.1164942 0.1037550 0.1432310 0.1037550 0.0920505 0.1476012 0.1045308 0.0988307 0.1146177 7.2833095 0.1163950 0.1813092 0.1436934 7.2833095 0.0912944 0.0941190 0.1445690 0.1456152 0.1328420 0.1314129 0.1521037 0.1037550 0.1169163 0.1628362 0.1037018 0.1595073 0.0936487 0.1330507 0.1437151 0.1164942 0.1405433 0.1157581 0.1184195 0.1045308 0.1472920 0.0885550 0.1434706 0.1541541 0.1041361 0.1443984 0.0927445 0.1032114 0.1160046 0.1180373 0.1156040 0.1045547 0.0921718 0.0849568 0.1045547 0.1055817 0.1034995 0.1593539 0.1048282 0.0916269 0.0801621 0.1045308 0.1053786 0.1218686 0.1043351 
S0400         0.3253849 0.3046245 0.0553809 0.0215020 0.2335326 0.0609467 0.0723445 0.0992318 0.0261578 0.0817226 0.1005240 0.0368898 0.0967033 0.0683264 0.1026756 0.0749550 0.0585483 0.0649767 0.1160046 0.0000000 0.0155492 0.0967135 0.1034304 0.0441965 0.0851748 0.0955946 0.2455133 0.0619774 0.1044001 0.0833266 0.0956273 0.0813788 0.0684315 0.0155776 0.0574829 0.0804950 0.1205094 0.1007290 0.0899706 0.1007084 0.0266084 0.0730996 0.0320340 0.0659407 0.1053890 0.0824690 0.0621221 0.0714400 0.0611599 0.0969835 0.1029513 0.1388905 0.1098397 0.1283671 0.0926252 0.0679925 0.1130830 0.0973681 0.0979213 0.0903301 0.0963097 0.0878948 0.0749418 0.1348890 0.0684749 0.1044222 0.0437377 0.0961228 0.1082490 0.0209329 0.0549257 0.0439958 0.0756116 0.0616338 0.1179100 0.0661596 0.0625595 0.2405630 0.0154718 0.1189376 0.0744016 0.0808929 0.0154532 0.0155935 0.0569367 0.0866558 0.0554397 0.0849897 0.0735113 0.0743823 0.0558732 0.0687234 0.0663006 0.0439088 0.0926529 0.0744365 0.0102975 0.1164065 0.0747441 
S0405         0.3042589 0.2913973 0.0490811 0.0160583 0.2031699 0.0488650 0.0664886 0.0929633 0.0319737 0.0755453 0.0806084 0.0370916 0.0893679 0.0623612 0.0897008 0.0688873 0.0524640 0.0520481 0.1041361 0.0155492 0.0000000 0.0972456 0.0919443 0.0385099 0.0791411 0.0892185 0.2330141 0.0561005 0.0901489 0.0699766 0.0892507 0.0688120 0.0624547 0.0103427 0.0515189 0.0739760 0.1136341 0.0943610 0.0836032 0.0939806 0.0212020 0.0671914 0.0265828 0.0601865 0.0987608 0.0762398 0.0562316 0.0652127 0.0494870 0.0975182 0.0889256 0.1256651 0.0962819 0.1290698 0.0793711 0.0681533 0.1154053 0.0908802 0.0913724 0.0766284 0.0965404 0.0772221 0.0688643 0.1193950 0.0559106 0.0978426 0.0381122 0.0864878 0.1017690 0.0156352 0.0492180 0.0383354 0.0694873 0.0557806 0.1111932 0.0598921 0.0566257 0.2279228 0.0102733 0.1049269 0.0616577 0.0699560 0.0102609 0.0103538 0.0446278 0.0675406 0.0496748 0.0785541 0.0491358 0.0557533 0.0500735 0.0627232 0.0605137 0.0382599 0.0793953 0.0684100 0.0051281 0.1019302 0.0626470 
S0407sl       0.4940762 0.4062313 0.0978761 0.0515073 0.2543081 0.1305379 0.0803393 0.0800023 0.0967135 0.0494073 0.1140650 0.0515073 0.1279495 0.0628537 0.1870236 0.0913070 0.0637137 0.0983925 7.2833095 0.0967135 0.0972456 0.0000000 1.2758164 0.0363264 0.1122658 0.0956804 2.5306294 0.0498442 0.0977326 0.1138268 0.1629439 0.0500366 0.1125755 0.0807785 0.0363264 0.0664908 0.1546387 0.1321722 0.1104714 0.1410348 0.0777414 0.0989285 0.0975424 0.0803393 0.0969047 0.1476969 0.0363264 0.0370672 0.0836168 0.0236133 0.0982109 7.2833095 0.1117680 0.1492763 0.1286608 0.0821663 7.2833095 0.1662041 0.0983725 0.0824670 0.1133520 7.2833095 0.0858483 0.0676608 0.1012578 0.1484496 0.0962079 0.2407239 0.1181155 0.0975424 0.0651152 0.0363264 0.0498442 0.0662168 0.1710971 0.0510692 0.0494073 2.5306294 0.0959449 0.2302241 0.1169145 1.2758164 0.0807785 0.0807785 0.0965133 0.1330251 0.0954015 0.0950930 0.1477556 0.1330251 0.0494073 0.1145153 0.0803393 0.0363264 0.1120044 0.0624048 0.0807785 0.1120044 0.1153260 
S0412sl       0.2154660 0.1611197 0.1153317 0.0984084 0.2874941 0.1414222 0.1262391 0.1411154 0.0912132 0.0802125 0.1404036 1.2758164 0.1295599 0.0912694 0.1311211 0.0680143 0.0862229 0.0828412 0.1447959 0.1034304 0.0919443 1.2758164 0.0000000 0.0687785 0.1262391 0.1373319 0.1451921 0.1023801 0.1632307 0.0929764 0.1434180 0.0806493 0.1161015 0.1052005 0.0937256 0.1267328 0.1500192 0.1519233 0.0952526 0.1236703 0.0914554 0.1396722 0.1161705 0.1396722 0.1310490 0.1600905 0.1158746 0.1234120 0.1022221 1.2758164 0.1166199 0.2017689 0.1610617 1.2758164 0.1259834 0.1300334 0.1424721 0.1787340 0.1059464 0.1048559 0.1758443 0.1396722 0.1541690 0.1330292 0.1149561 0.1646429 0.1325151 0.1311042 0.1681330 0.1038618 0.1271775 0.0909199 0.1301679 0.1158746 0.1451207 0.1130148 0.0910709 0.1518036 0.0919443 0.1772071 0.0914523 0.1064955 0.1034304 0.1052216 0.0923293 0.1273759 0.1146873 0.0973385 0.1145435 0.1043218 0.0795130 0.1272031 0.1411608 0.0799432 0.1140655 0.1158746 0.0930230 0.1428324 0.1033719 
S0417         0.2778761 0.2917205 0.0625274 0.0457384 0.2103976 0.0753358 0.0615108 0.0617943 0.0499738 0.0265664 0.0824966 0.0663132 0.0757463 0.0155771 0.0831243 0.0208757 0.0107475 0.0452873 0.0927479 0.0441965 0.0385099 0.0363264 0.0687785 0.0000000 0.0741557 0.0773455 0.1958353 0.0155544 0.0647152 0.0631909 0.0889492 0.0320466 0.0699032 0.0385919 0.0104805 0.0283713 0.0997449 0.0693053 0.0774197 0.0736805 0.0320320 0.0752342 0.0505930 0.0678387 0.0510115 0.0831969 0.0155887 0.0333016 0.0502936 0.0364255 0.0698147 0.0999257 0.0701649 0.1697480 0.0804432 0.0508465 0.0920205 0.0982609 0.0646170 0.0578601 0.0780416 0.0897101 0.0513729 0.0985381 0.0573753 0.1053917 0.0571702 0.0676782 0.0766844 0.0444539 0.0436773 0.0051010 0.0267145 0.0270105 0.0976239 0.0165696 0.0210625 0.2031496 0.0383067 0.1131016 0.0695077 0.0499500 0.0382599 0.0386229 0.0446859 0.0829539 0.0500411 0.0391777 0.0632484 0.0704576 0.0051010 0.0702060 0.0682184 0.0000020 0.0678893 0.0263289 0.0327866 0.0824471 0.0628227 
S0419         0.3306551 0.3139356 0.0669963 0.0882279 0.2413524 0.1057088 0.0102069 0.0433678 0.0786139 0.1146307 0.1204290 0.0776848 0.1170211 0.0999791 0.1375686 0.1072103 0.0774988 0.0842102 0.0914843 0.0851748 0.0791411 0.1122658 0.1262391 0.0741557 0.0000000 0.1155548 0.2710911 0.0802806 0.1250670 0.1144304 0.1446714 0.0949141 0.1137954 0.0793301 0.0890250 0.0939057 0.1483077 0.1206889 0.1100347 0.1134406 0.0928372 0.0211097 0.0991799 0.0154660 0.0891042 0.1301711 0.0804687 0.0710722 0.0668322 0.1125755 0.1036518 0.1376875 0.1304669 0.1450040 0.0376143 0.0799962 0.1261456 0.1472904 0.1126396 0.0908412 0.1233645 0.0088540 0.0939222 0.1207749 0.0677480 0.1551701 0.0998609 0.0953439 0.1201849 0.0856753 0.0851090 0.0865332 0.0947328 0.0798733 0.1450612 0.0790363 0.1075044 0.2811996 0.0787064 0.1541560 0.0803674 0.0801468 0.0786139 0.0793594 0.0819961 0.1058682 0.1134895 0.0982380 0.0920945 0.0932089 0.0865332 0.1005679 0.0209105 0.0736581 0.0264564 0.0932438 0.0668303 0.0567492 0.1069352 
S0427         0.3239632 0.3158823 0.1030263 0.0991911 0.2646249 0.1115757 0.1012545 0.1314476 0.1020672 0.0847965 0.1127264 0.0631363 0.1432077 0.0839088 0.1301654 0.1115422 0.0865377 0.1022845 0.1812779 0.0955946 0.0892185 0.0956804 0.1373319 0.0773455 0.1155548 0.0000000 0.2812421 0.0905452 0.1073025 0.1206958 0.1293007 0.1121934 0.1102553 0.0894461 0.0939809 0.1132214 0.1429393 0.1272788 0.1282418 0.1136720 0.0901376 0.1172205 0.0966637 0.1084578 0.1243601 0.1377716 0.0821820 0.0951741 0.0773726 0.0959449 0.0985131 0.1623971 0.1128452 0.1612824 0.1241009 0.1039695 0.1539421 0.1559749 0.1132732 0.1052209 0.1276132 0.1744193 0.1051334 0.1354712 0.0978084 0.1643231 0.0811747 0.1004829 0.1268945 0.0961806 0.1035913 0.0836463 0.0819300 0.0815660 0.1315686 0.0969037 0.0904177 0.2922636 0.0887031 0.1880860 0.0919484 0.1383537 0.0885957 0.0894709 0.0999458 0.1176788 0.1053028 0.1147814 0.0893885 0.1042956 0.0705519 0.1121645 0.1091019 0.0834705 0.1098769 0.0952392 0.0826792 0.1145905 0.1037241 
S0430         0.4337218 0.5962405 0.2594225 0.2778591 0.3237325 0.2432925 0.2710911 0.2948416 0.2574255 0.2505011 0.2258027 2.5217501 0.2854871 0.2077367 0.1452347 0.1954639 0.2119916 0.2152919 0.1473649 0.2455133 0.2330141 2.5306294 0.1451921 0.1958353 0.2710911 0.2812421 0.0000000 0.2058333 0.2150588 0.2760087 0.2061274 0.2599077 0.2691818 0.2197772 0.1945492 0.1786197 0.1596301 0.2672671 0.3071014 0.1186464 0.2168208 0.2870580 0.2484902 0.2870580 0.2132414 0.1932045 0.2211902 0.2224427 0.2108099 2.5306294 0.2814665 0.1012815 0.2125969 2.1039098 0.2697731 0.2646379 0.1078704 0.2228165 0.2684058 0.2729140 0.3055439 0.1420950 0.2500165 0.3738757 0.2664754 0.2362783 0.2813059 0.1603509 0.2633419 0.2632194 0.2328881 0.2068394 0.2370963 0.2356579 0.1450740 0.1893231 0.2098550 0.0070653 0.2327569 0.2671890 0.1955051 0.0941638 0.2455133 0.2492515 0.2249251 0.2375767 0.2671890 0.2335411 0.2033184 0.2148293 0.1942603 0.2809276 0.2899819 0.2061684 0.2574438 0.2211902 0.2353172 0.2616674 0.2380288 
S0478         0.2811501 0.2819485 0.0685665 0.0641815 0.1878336 0.0946150 0.0674462 0.0677595 0.0679514 0.0492014 0.0888494 0.0820352 0.0951493 0.0373729 0.0819646 0.0432338 0.0217734 0.0455205 0.0914358 0.0619774 0.0561005 0.0498442 0.1023801 0.0155544 0.0802806 0.0905452 0.2058333 0.0000000 0.0775908 0.0886637 0.0883574 0.0490145 0.0891444 0.0562274 0.0324859 0.0342146 0.0982860 0.0825201 0.0906515 0.0726201 0.0549299 0.0814427 0.0752384 0.0738752 0.0571979 0.0754782 0.0208859 0.0390399 0.0499019 0.0499809 0.0832241 0.1112482 0.0830379 0.1917280 0.0866403 0.0567880 0.1024137 0.0768184 0.0780667 0.0709497 0.0844804 0.0884822 0.0573788 0.1133475 0.0634294 0.0834909 0.0757974 0.0762718 0.0766589 0.0623427 0.0612238 0.0262151 0.0209234 0.0268058 0.0829503 0.0221977 0.0433301 0.2134595 0.0557977 0.1042595 0.0822766 0.0492614 0.0557302 0.0562621 0.0694836 0.0893470 0.0748163 0.0510522 0.0758036 0.0767262 0.0262151 0.0895230 0.0742913 0.0154583 0.0739244 0.0317506 0.0501446 0.0961550 0.0815354 
S0552sl       0.3461061 0.3114240 0.0886326 0.0929983 0.2307692 0.1025145 0.1101780 0.1175551 0.1110886 0.0988916 0.0942328 0.0962415 0.1286813 0.0843331 0.0902467 0.0980246 0.0741642 0.0874349 0.1455592 0.1044001 0.0901489 0.0977326 0.1632307 0.0647152 0.1250670 0.1073025 0.2150588 0.0775908 0.0000000 0.1067998 0.1282767 0.1050337 0.1258518 0.0980669 0.0726414 0.0987620 0.1335335 0.1225228 0.1304856 0.1052520 0.0988193 0.1268911 0.0827914 0.1176880 0.0698633 0.1215954 0.0639773 0.0956815 0.0843994 0.0980068 0.0681416 0.0186073 0.0155830 0.2093876 0.1157032 0.1058789 0.1112896 0.1196712 0.0694458 0.0496526 0.1318473 0.1595819 0.1002157 0.0938693 0.0911536 0.1271937 0.1016922 0.1016311 0.1221482 0.1050544 0.0895178 0.0708985 0.0778845 0.0634651 0.1305213 0.0830484 0.0644392 0.2232650 0.0972251 0.1602538 0.0840961 0.0800565 0.0971060 0.0980857 0.0695769 0.1016679 0.1036348 0.0855338 0.0810001 0.0952875 0.0708985 0.1272070 0.1184052 0.0707511 0.1018594 0.0638245 0.0910267 0.1206591 0.1126144 
S0558         0.3399189 0.3239483 0.0759600 0.0728913 0.2613627 0.0893376 0.1002772 0.1301474 0.0896955 0.0964436 0.1037587 0.0847532 0.0946221 0.0822979 0.1138935 0.0956187 0.0794364 0.0713685 0.1316687 0.0833266 0.0699766 0.1138268 0.0929764 0.0631909 0.1144304 0.1206958 0.2760087 0.0886637 0.1067998 0.0000000 0.1427310 0.0889239 0.1061789 0.0772459 0.0785865 0.1106539 0.1285456 0.1437177 0.0972228 0.1084474 0.0628115 0.1160678 0.0842535 0.1074059 0.1130388 0.1359598 0.0825294 0.0999779 0.0961770 0.1141434 0.1047215 0.1112973 0.1211042 0.1972440 0.1069777 0.1193454 0.1299539 0.1444521 0.1236606 0.0911480 0.1534937 0.1245977 0.1207092 0.1194278 0.0972007 0.1368828 0.0841804 0.0978210 0.1241449 0.0838368 0.0966802 0.0692218 0.0971654 0.0917366 0.1257429 0.0947653 0.0701295 0.2864119 0.0766146 0.1602998 0.0899920 0.0699177 0.0765206 0.0772774 0.0631300 0.0894762 0.0997894 0.0926922 0.0759342 0.0768582 0.0692218 0.1134924 0.1080379 0.0690803 0.1070092 0.0956084 0.0706469 0.1259561 0.0980607 
S0616         0.3411364 0.3468458 0.1171079 0.0992251 0.2430412 0.1321025 0.1292942 0.1375131 0.1021001 0.1326076 0.1244198 0.1094724 0.1574625 0.1168171 0.0553001 0.1101820 0.0997280 0.0937143 0.1628948 0.0956273 0.0892507 0.1629439 0.1434180 0.0889492 0.1446714 0.1293007 0.2061274 0.0883574 0.1282767 0.1427310 0.0000000 0.1400165 0.1352768 0.0894783 0.0958239 0.1022092 0.0823024 0.1463027 0.1446915 0.0578728 0.0888125 0.1467270 0.1031725 0.1370757 0.1124502 0.0437281 0.1033433 0.1048461 0.0817348 0.1633810 0.1494864 0.1144738 0.1192009 0.1452626 0.1540742 0.1253269 0.1082760 0.0563405 0.1222025 0.1358016 0.1599655 0.1569436 0.1267647 0.1864073 0.1263712 0.0625277 0.1258232 0.1330842 0.1567895 0.0903363 0.1094459 0.0888956 0.1034588 0.1031443 0.0806479 0.0925583 0.0967718 0.2007505 0.0887350 0.0828801 0.1030901 0.1072508 0.0886275 0.0895031 0.0908950 0.1379703 0.1312373 0.1136963 0.1014660 0.1242458 0.1024387 0.1267545 0.1379134 0.0958064 0.1541164 0.1171771 0.0827105 0.1368733 0.1429367 
S0624         0.3042728 0.2614561 0.0945768 0.0711035 0.2386960 0.1029235 0.0813845 0.0949680 0.0876253 0.0555550 0.0834218 0.0823651 0.0822483 0.0497646 0.1328441 0.0612840 0.0452197 0.0771303 0.1414356 0.0813788 0.0688120 0.0500366 0.0806493 0.0320466 0.0949141 0.1121934 0.2599077 0.0490145 0.1050337 0.0889239 0.1400165 0.0000000 0.1104419 0.0754134 0.0502302 0.0657018 0.1287651 0.1116979 0.1030342 0.1084309 0.0736508 0.0962947 0.0955903 0.0881777 0.0828773 0.1253937 0.0491261 0.0572144 0.0882168 0.0380839 0.0959892 0.1514740 0.1039208 0.1675770 0.0999364 0.0892224 0.1531688 0.1366021 0.0982166 0.0835482 0.1058923 0.1026614 0.0830609 0.1125368 0.0762631 0.1291453 0.0962698 0.0962061 0.1196532 0.0818685 0.0677757 0.0432136 0.0618018 0.0624699 0.1330172 0.0522539 0.0614307 0.2696680 0.0693735 0.1435213 0.0949329 0.0496615 0.0747191 0.0754451 0.0696721 0.0838892 0.0950463 0.0766755 0.0890044 0.0712591 0.0432136 0.0969689 0.0954691 0.0318448 0.0867875 0.0608686 0.0624013 0.1244342 0.0886849 
S0641         0.2915322 0.3019421 0.0817503 0.0708948 0.2587285 0.0889690 0.0997229 0.1154642 0.0620372 0.1109461 0.1099150 0.0500717 0.1219461 0.0961087 0.1210136 0.1034332 0.0729051 0.0936503 0.1303025 0.0684315 0.0624547 0.1125755 0.1161015 0.0699032 0.1137954 0.1102553 0.2691818 0.0891444 0.1258518 0.1061789 0.1352768 0.1104419 0.0000000 0.0566911 0.0774244 0.0968108 0.1407990 0.1314625 0.1203613 0.1119325 0.0757964 0.1154174 0.0820315 0.1068098 0.1210865 0.1206432 0.0893591 0.0865703 0.0761771 0.1128866 0.1171962 0.1684443 0.1312806 0.1319000 0.1221909 0.1023601 0.1726894 0.1272166 0.1039150 0.1018498 0.1344055 0.1546443 0.1034897 0.1397386 0.0962903 0.1348356 0.0688661 0.1421757 0.1397331 0.0688385 0.0560714 0.0824789 0.1043899 0.0886999 0.1376276 0.0883302 0.0900206 0.2750025 0.0621125 0.1505821 0.0961288 0.1038820 0.0620372 0.0626340 0.0757619 0.1091490 0.0815681 0.1002769 0.0949266 0.0961083 0.0824789 0.0679842 0.1074355 0.0694250 0.1222262 0.1026998 0.0563826 0.1489310 0.0965658 
S0643         0.3168108 0.2890648 0.0555401 0.0160889 0.2258896 0.0432149 0.0666397 0.0931972 0.0320382 0.0757294 0.0944129 0.0240140 0.0971910 0.0625057 0.0964473 0.0690508 0.0525859 0.0589481 0.1180402 0.0155776 0.0103427 0.0807785 0.1052005 0.0385919 0.0793301 0.0894461 0.2197772 0.0562274 0.0980669 0.0772459 0.0894783 0.0754134 0.0566911 0.0000000 0.0445956 0.0672002 0.0987116 0.0946023 0.0838149 0.0869088 0.0212428 0.0673462 0.0266354 0.0603198 0.0990249 0.0764273 0.0563589 0.0653709 0.0554795 0.0810044 0.0967091 0.1415686 0.1035371 0.1110229 0.0866555 0.0683137 0.1296635 0.0911165 0.0916122 0.0841390 0.0967921 0.0893039 0.0690280 0.1282357 0.0626466 0.0981021 0.0381927 0.0975025 0.1020355 0.0156641 0.0436790 0.0384171 0.0696539 0.0559059 0.0966363 0.0600370 0.0567548 0.2239744 0.0102921 0.1124665 0.0685319 0.0822289 0.0102796 0.0103728 0.0511414 0.0807095 0.0497837 0.0787541 0.0677144 0.0685136 0.0501841 0.0569374 0.0606491 0.0383412 0.0866819 0.0685715 0.0051373 0.1100627 0.0688524 
S0645sl       0.3201259 0.3055957 0.0769043 0.0595656 0.2211759 0.0820423 0.0756089 0.0822330 0.0635445 0.0449351 0.0956976 0.0663132 0.0910099 0.0329159 0.0915818 0.0379208 0.0281005 0.0522073 0.1218068 0.0574829 0.0515189 0.0363264 0.0937256 0.0104805 0.0890250 0.0939809 0.1945492 0.0324859 0.0726414 0.0785865 0.0958239 0.0502302 0.0774244 0.0445956 0.0000000 0.0405581 0.0995548 0.0834797 0.0940996 0.0740007 0.0449300 0.0903339 0.0651045 0.0823384 0.0583146 0.0906669 0.0325591 0.0462037 0.0639669 0.0364255 0.0841942 0.1167265 0.0781692 0.1697480 0.0956396 0.0709316 0.1228002 0.1061797 0.0790012 0.0718036 0.1005559 0.1175447 0.0716990 0.1146301 0.0716568 0.1134842 0.0714086 0.0912840 0.0998727 0.0578280 0.0501766 0.0215540 0.0446741 0.0451700 0.0974491 0.0346580 0.0389591 0.1867152 0.0512352 0.1383787 0.0853707 0.0717033 0.0511715 0.0516709 0.0577518 0.0962415 0.0570992 0.0520283 0.0766898 0.0834411 0.0215540 0.0777620 0.0828165 0.0158360 0.0823854 0.0440017 0.0454840 0.0907070 0.0772562 
S0656sl       0.3411916 0.3436057 0.0811241 0.0836330 0.2459366 0.1094001 0.0796870 0.0800907 0.0736263 0.0659818 0.1036237 0.1023843 0.1179972 0.0526436 0.1011318 0.0462664 0.0357098 0.0422098 0.0883081 0.0804950 0.0739760 0.0664908 0.1267328 0.0283713 0.0939057 0.1132214 0.1786197 0.0342146 0.0987620 0.1106539 0.1022092 0.0657018 0.0968108 0.0672002 0.0405581 0.0000000 0.1117030 0.1039535 0.1287598 0.0825308 0.0723270 0.0953480 0.0955652 0.0868215 0.0753650 0.0880842 0.0342967 0.0164035 0.0740745 0.0666799 0.0975861 0.1234242 0.1045859 0.2228358 0.1009020 0.0749635 0.1266276 0.1102169 0.0839547 0.0912600 0.1065205 0.0979084 0.0758194 0.1313476 0.0824832 0.1178688 0.0821962 0.0951527 0.1121800 0.0810094 0.0595506 0.0401724 0.0471097 0.0476573 0.1008707 0.0108070 0.0593962 0.1824090 0.0735369 0.1098998 0.0883258 0.0662719 0.0602941 0.0742006 0.0892411 0.1115893 0.0726020 0.0683031 0.0962673 0.0975562 0.0401724 0.0972803 0.0873520 0.0281811 0.0868682 0.0463640 0.0673283 0.0938410 0.1025330 
S0724sl       0.3089871 0.2847946 0.1287228 0.1253118 0.2351892 0.1280211 0.1324471 0.1409377 0.1274727 0.1306044 0.1459679 0.1329821 0.1534073 0.1155140 0.0698325 0.1366898 0.1107435 0.1114082 0.1658536 0.1205094 0.1136341 0.1546387 0.1500192 0.0997449 0.1483077 0.1429393 0.1596301 0.0982860 0.1335335 0.1285456 0.0823024 0.1287651 0.1407990 0.0987116 0.0995548 0.1117030 0.0000000 0.1574729 0.1392952 0.0219245 0.1063336 0.1504607 0.1219287 0.1404753 0.1169600 0.0762625 0.1142421 0.1079382 0.0912831 0.1783031 0.1738521 0.1175986 0.1392077 0.1857840 0.1580425 0.1375083 0.1237075 0.0852411 0.1507720 0.1591588 0.1558920 0.1596827 0.1306253 0.2147860 0.1386333 0.0921699 0.1380328 0.1115816 0.1363649 0.1212806 0.1137475 0.1064505 0.1143628 0.1140115 0.0321228 0.1031664 0.1005901 0.1744696 0.1071031 0.1362663 0.0921265 0.1089820 0.1127954 0.0979029 0.1098744 0.1446337 0.1474123 0.1163575 0.1196060 0.1302592 0.1064505 0.1475723 0.1413569 0.1062181 0.1580864 0.1288296 0.1065270 0.1492796 0.1404778 
S0735         0.2909668 0.3356535 0.1081928 0.0976377 0.2179731 0.1371000 0.1063428 0.1223167 0.1071935 0.1118904 0.1328742 0.0946896 0.1276200 0.0835489 0.1426537 0.0882930 0.0866034 0.0785525 0.1311920 0.1007290 0.0943610 0.1321722 0.1519233 0.0693053 0.1206889 0.1272788 0.2672671 0.0825201 0.1225228 0.1437177 0.1463027 0.1116979 0.1314625 0.0946023 0.0834797 0.1039535 0.1574729 0.0000000 0.1364623 0.1282231 0.1030862 0.1224060 0.1097828 0.1135746 0.1308600 0.1413181 0.0827186 0.1005511 0.0944822 0.0996111 0.1321362 0.1592804 0.1205168 0.1857216 0.1440639 0.0320432 0.1219643 0.1273597 0.1272910 0.1189025 0.0270422 0.1518544 0.0104740 0.1512711 0.1030275 0.1350165 0.1027163 0.1198576 0.0215796 0.1013420 0.1143975 0.0831640 0.0974630 0.0820951 0.1538609 0.0882376 0.1046000 0.2774716 0.0808609 0.1589362 0.1119432 0.1081657 0.0937053 0.0946233 0.1097225 0.0898700 0.1014216 0.1229874 0.1104999 0.1039927 0.0831640 0.1320046 0.1142457 0.0756859 0.1293378 0.0958899 0.0878196 0.1392833 0.1389377 
S0742         0.3016475 0.3359651 0.0972013 0.0865295 0.2401455 0.1202236 0.0957920 0.1258289 0.0830177 0.0826928 0.1579462 0.0640568 0.1088946 0.0975998 0.1206728 0.1117104 0.1023032 0.0811031 0.1674939 0.0899706 0.0836032 0.1104714 0.0952526 0.0774197 0.1100347 0.1282418 0.3071014 0.0906515 0.1304856 0.0972228 0.1446915 0.1030342 0.1203613 0.0838149 0.0940996 0.1287598 0.1392952 0.1364623 0.0000000 0.1292511 0.0769392 0.1116416 0.0766132 0.1029596 0.1298654 0.1378176 0.1045579 0.0999473 0.1030490 0.1107741 0.1265505 0.1630952 0.1283439 0.1640721 0.1242841 0.1122092 0.1249838 0.1403310 0.1216288 0.1051350 0.1264780 0.1348464 0.1136655 0.1431021 0.1125913 0.1484313 0.1055852 0.1358837 0.1212268 0.0905259 0.1035746 0.0837347 0.1205453 0.1120611 0.1318148 0.1116663 0.0772784 0.3191295 0.0831196 0.1818400 0.0984213 0.1530119 0.0830177 0.0838433 0.0930431 0.1264594 0.1138413 0.1328927 0.1111270 0.1272028 0.0837347 0.1049949 0.1035737 0.0835582 0.1243204 0.1185434 0.0702304 0.1450864 0.1277861 
