112
CRNC          0.0000000 0.2189243 0.0593253 0.4780537 0.2459540 0.4215039 0.2290626 0.4092636 0.4077339 0.4636862 0.4370263 0.4169008 0.3877415 0.4726098 0.5441617 0.3680280 0.4240255 0.4746162 0.4326996 0.3676520 0.4257970 0.4958248 0.4665803 0.4149023 0.4494086 0.5317026 0.4715557 0.4138624 0.4324888 0.4053773 0.5003483 0.3995168 0.4321677 0.3892441 0.4468537 0.4583524 0.4212028 0.4454437 0.4950211 0.4412739 0.4320742 0.4739058 0.4173118 0.4210390 0.4650204 0.4027062 0.4155905 0.4208425 0.4729773 0.4367282 0.4356429 0.4327622 0.4596596 0.4018861 0.4259651 0.5605392 0.4480970 0.4362917 0.3825990 0.4430658 0.4402345 0.4483584 0.4586547 0.4880600 0.4470214 0.5552302 0.4205190 0.4113049 0.4613118 0.4425933 0.6299387 0.4364923 0.4997149 0.1443361 0.5477252 0.4435400 0.4427377 0.4370635 0.4756017 0.4956048 0.4732472 0.4355294 0.4748160 0.4339917 0.6021148 0.4877744 0.4448102 0.4692853 0.4292415 0.4425740 0.5003483 0.4446961 0.4559778 0.4711866 0.4841649 0.4481183 0.4302905 0.4387836 0.4541251 0.4196876 0.4273577 0.4622604 0.4819076 0.4549151 0.4745459 0.4454175 0.4769409 0.4573953 0.4254247 0.4442950 0.5010769 0.5400566 
HYZL          0.2189243 0.0000000 0.0610248 0.3488033 0.2330822 0.3201874 0.2050848 0.3387451 0.2862870 0.3120537 0.3110356 0.3167568 0.2867497 0.3174582 0.3723913 0.3414411 0.2906804 0.2930229 0.3322242 0.2994832 0.2907190 0.3521167 0.3328048 0.3118465 0.3187146 0.4032022 0.3467127 0.3041668 0.3022079 0.3070625 0.2865384 0.3164864 0.3162303 0.3150918 0.2983314 0.3322955 0.3273149 0.3329304 0.3550515 0.2861573 0.2975090 0.3185805 0.2883953 0.2909698 0.3924083 0.3081972 0.2739762 0.3118653 0.3406274 0.3022691 0.3316939 0.2998443 0.3204954 0.2979437 0.2937059 0.4247668 0.2961354 0.3004761 0.2635392 0.3094817 0.3166329 0.3296533 0.3298370 0.3930023 0.3193876 0.4994427 0.3003534 0.3085274 0.3333890 0.3281619 0.5049417 0.3021889 0.4118872 0.1374897 0.4043525 0.3067712 0.3083834 0.3306881 0.3092723 0.3907000 0.3543796 0.3740790 0.3056879 0.2970958 0.4533239 0.2772354 0.2903248 0.3137607 0.3143700 0.2702278 0.3058267 0.3326443 0.3123369 0.3228601 0.3232719 0.3425877 0.3041508 0.3468352 0.3232818 0.3189751 0.3105291 0.3091467 0.3247591 0.3049058 0.3855415 0.3099498 0.3449969 0.3278042 0.2916685 0.3304241 0.3511442 0.3753100 
MYZV          0.0593253 0.0610248 0.0000000 0.1841205 0.2443171 0.1434635 0.2359641 0.1841205 0.1841205 0.1841205 0.1434635 0.1841205 0.2282815 0.2829365 0.3449784 0.1841205 0.1426009 0.0000010 0.1891093 0.2080997 0.2268570 0.2344508 0.1841205 0.1841205 0.1426009 0.1927822 0.0000010 0.1841205 0.1841205 0.1841205 0.0000010 0.1989340 0.1380283 0.1841205 0.1902425 0.1841205 0.1841205 0.1841205 0.2391009 0.1540804 0.1841205 0.1841205 0.1841205 0.1359116 0.2557680 0.1841205 0.1359116 0.1841205 0.1825338 0.1841205 0.1841205 0.1841205 0.2344508 0.1841205 0.1968344 0.1434635 0.1031232 0.1841205 0.1434635 0.1891093 0.1939011 0.2267059 0.1841205 0.0000010 0.1841205 0.1786855 0.0000010 0.0000010 0.1902425 0.1481658 0.2557680 0.1841205 0.3063520 0.1434635 0.0000010 0.1841205 0.2063662 0.2968542 0.2829365 0.2557680 0.1841205 0.1852562 0.1841205 0.1841205 0.1841205 0.0000010 0.1434635 0.1841205 0.2344508 0.0000010 0.0000010 0.1841205 0.1902425 0.1926608 0.2829365 0.1841205 0.1841205 0.1841205 0.2829365 0.1841205 0.2344508 0.2829365 0.2829365 0.1841205 0.2981588 0.1841205 0.2051172 0.1841205 0.1841205 0.1492019 0.1841205 0.2377493 
SRR6441723    0.4780537 0.3488033 0.1841205 0.0000000 0.0304648 0.0848813 0.1651493 0.0733818 0.0409955 0.1021011 0.0776971 0.0788276 0.1073905 0.0672217 0.0929787 0.0997304 0.1088681 0.1064947 0.0959884 0.0617254 0.0965764 0.0831837 0.0917014 0.0738510 0.0905152 0.1629891 0.0983317 0.1063850 0.0574032 0.0791785 0.0974471 0.1161049 0.0737359 0.0855978 0.0953316 0.1243526 0.0864115 0.0791123 0.1125741 0.1086009 0.0974531 0.0312516 0.0623013 0.1283906 0.1351719 0.0794890 0.1153945 0.0626871 0.0851634 0.0580606 0.0738782 0.0521565 0.0686192 0.0883180 0.0631461 0.2007559 0.0948257 0.0857603 0.0966272 0.1069622 0.0923356 0.1028090 0.0848100 0.1271576 0.0884977 0.2540867 0.1157263 0.1692636 0.0853882 0.0937060 0.2399340 0.0524776 0.1404393 0.0288665 0.1037113 0.0692439 0.1018634 0.1166643 0.0731988 0.1422230 0.0855921 0.0962632 0.0876927 0.0752911 0.2002207 0.1041201 0.1019379 0.1081387 0.0955583 0.1093484 0.1107466 0.0896272 0.1067078 0.0670422 0.0845782 0.0796663 0.0732073 0.1031285 0.0886505 0.0738782 0.1194391 0.0782261 0.0775391 0.1080056 0.1033805 0.0571866 0.1025347 0.0832663 0.0858159 0.0855751 0.0885931 0.1069609 
ERR4210213    0.2459540 0.2330822 0.2443171 0.0304648 0.0000000 0.0629538 0.1994604 0.0304648 0.0304648 0.0304648 0.0629538 0.0304648 0.0629538 0.0997980 0.0473379 0.0304648 0.0626135 0.0000010 0.0626135 0.0338044 0.0626135 0.0000010 0.0304648 0.0304648 0.0626135 0.0317298 0.0000010 0.0304648 0.0304648 0.0304648 0.0000010 0.1038029 0.0312784 0.0304648 0.0997980 0.0304648 0.0304648 0.0304648 0.0654158 0.0670331 0.0304648 0.0304648 0.0304648 0.1030856 0.1484355 0.0304648 0.1030856 0.0304648 0.1087498 0.0304648 0.0304648 0.0304648 0.0643804 0.0304648 0.0000022 0.0629538 0.1841500 0.0304648 0.0629538 0.0626135 0.1014617 0.0997980 0.0304648 0.0000010 0.0304648 0.2148049 0.0000010 0.0000010 0.0298931 0.0647179 0.1484355 0.0304648 0.1903478 0.0629538 0.0000010 0.0304648 0.1433868 0.0309782 0.0997980 0.1484355 0.0304648 0.0974768 0.0304648 0.0304648 0.0304648 0.0000010 0.0629538 0.0304648 0.0643804 0.0000010 0.0000010 0.0304648 0.0997980 0.1008779 0.0997980 0.0304648 0.0304648 0.0969381 0.0997980 0.0304648 0.0643804 0.0997980 0.0997980 0.0304648 0.1049733 0.0304648 0.0332351 0.0304648 0.0304648 0.0317298 0.0304648 0.0648843 
ERR2789774    0.4215039 0.3201874 0.1434635 0.0848813 0.0629538 0.0000000 0.1448597 0.0363907 0.0324352 0.0969875 0.0522334 0.0317819 0.0899924 0.0631361 0.0571678 0.0579738 0.1284823 0.1257019 0.0957928 0.0522660 0.0800508 0.0851077 0.0788856 0.0365982 0.0416977 0.1657882 0.0447281 0.0897868 0.0424667 0.0269246 0.0993680 0.0759739 0.0518685 0.0321458 0.0735522 0.1132820 0.0471674 0.0318927 0.1016926 0.0694871 0.0859362 0.0205456 0.0472785 0.1246842 0.1307275 0.0415342 0.1115813 0.0269238 0.0920763 0.0429486 0.0272297 0.0374179 0.0531760 0.0544943 0.0479100 0.1781150 0.0787732 0.0859264 0.0654380 0.0920360 0.0713898 0.0861659 0.0688783 0.1154089 0.0727586 0.1845285 0.1024999 0.1324155 0.0761507 0.0724766 0.2095742 0.0376472 0.1360432 0.0000010 0.1057575 0.0428981 0.0796552 0.0631275 0.0587328 0.1377903 0.0467558 0.0468385 0.0765799 0.0698314 0.1852664 0.1061852 0.0691392 0.1026725 0.0739404 0.1419231 0.0993680 0.0412920 0.0902316 0.0783277 0.0751588 0.0416332 0.0363148 0.0521614 0.0741111 0.0226470 0.0911449 0.0637516 0.0631889 0.0904100 0.0619618 0.0423064 0.1159420 0.0676503 0.0746256 0.0322896 0.0760617 0.0796301 
PAFTOL_019361 0.2290626 0.2050848 0.2359641 0.1651493 0.1994604 0.1448597 0.0000000 0.1651493 0.1651493 0.1889098 0.1703358 0.1651493 0.2140732 0.1631135 0.2573380 0.1902106 0.1729790 0.0000010 0.2353486 0.2007800 0.2106016 0.1673394 0.1651493 0.1651493 0.2398490 0.0950779 0.1562953 0.1677580 0.1865216 0.1651493 0.2010045 0.2228382 0.1668065 0.1902106 0.1448597 0.1889098 0.1651493 0.1651493 0.2162378 0.1993948 0.1651493 0.1629809 0.1651493 0.2652943 0.1242521 0.1865216 0.2366648 0.1865216 0.2175930 0.1651493 0.1651493 0.1651493 0.1651493 0.1413287 0.1706052 0.4101977 0.1667671 0.1908062 0.1677580 0.2162855 0.1477287 0.2771084 0.1859439 0.1830359 0.1448597 0.0996624 0.0000010 0.4179510 0.1678614 0.1263733 0.1038544 0.1651493 0.1440045 0.1053521 0.1552760 0.1918874 0.1694264 0.2458544 0.1631135 0.1503173 0.1651493 0.1445882 0.2175493 0.1651493 0.9824233 0.2010045 0.1920763 0.1841402 0.1426673 0.0000010 0.2010045 0.1889098 0.1285317 0.1902029 0.1631135 0.1651493 0.1651493 0.1477287 0.1865216 0.1651493 0.2113792 0.1423214 0.1631135 0.1889098 0.1940301 0.1651493 0.1488968 0.1448597 0.1651493 0.1759244 0.1723708 0.1689459 
S0055         0.4092636 0.3387451 0.1841205 0.0733818 0.0304648 0.0363907 0.1651493 0.0000000 0.0156553 0.0845892 0.0615552 0.0221128 0.0775453 0.0519708 0.0442677 0.0626550 0.1276779 0.1363237 0.0885301 0.0335629 0.0736386 0.0785984 0.0678306 0.0267331 0.0315844 0.1801204 0.0499155 0.0832128 0.0419820 0.0222021 0.1036581 0.0857277 0.0453674 0.0366630 0.0777500 0.1060580 0.0466309 0.0221886 0.0834508 0.0736984 0.0739529 0.0000010 0.0467395 0.1221174 0.1096007 0.0314588 0.1093185 0.0266284 0.0741161 0.0424533 0.0176817 0.0369930 0.0525586 0.0435126 0.0473560 0.1817952 0.0883289 0.0739416 0.0893841 0.0902279 0.0702221 0.0685689 0.0523366 0.1058739 0.0719225 0.1980635 0.1419381 0.1295861 0.0803767 0.0768248 0.1843209 0.0372173 0.1147355 0.0288665 0.0900356 0.0324656 0.0951267 0.0568060 0.0683102 0.1161731 0.0364209 0.0459879 0.0701080 0.0583980 0.1683048 0.1103741 0.0733306 0.0956712 0.0784513 0.1400681 0.1036581 0.0312806 0.0884953 0.0666763 0.0685189 0.0315345 0.0265344 0.0318166 0.0620058 0.0269276 0.0838644 0.0625423 0.0620010 0.0902258 0.0510306 0.0418251 0.1367279 0.0668721 0.0631016 0.0270769 0.0752443 0.0786944 
S0196sl       0.4077339 0.2862870 0.1841205 0.0409955 0.0304648 0.0324352 0.1651493 0.0156553 0.0000000 0.0411835 0.0403731 0.0238514 0.0766717 0.0406026 0.0615659 0.0419108 0.0272107 0.0000010 0.0588688 0.0519614 0.0497840 0.0492005 0.0323849 0.0322429 0.0408585 0.1754129 0.0592523 0.0580388 0.0157579 0.0157156 0.0592966 0.0596660 0.0241846 0.0410594 0.0586121 0.0589463 0.0417879 0.0240321 0.0495116 0.0691780 0.0240710 0.0203833 0.0238755 0.0994537 0.1018075 0.0323237 0.0898614 0.0236861 0.0503667 0.0160617 0.0156553 0.0077598 0.0244376 0.0320354 0.0244163 0.2826151 0.0769001 0.0326332 0.0514179 0.0501104 0.0326601 0.0591631 0.0236536 0.0730209 0.0237477 0.2213547 0.0000010 0.1328227 0.0491424 0.0422698 0.0798313 0.0078395 0.1109511 0.0288665 0.0457449 0.0239330 0.0789973 0.0506153 0.0410155 0.1248165 0.0158185 0.0776183 0.0410153 0.0240321 0.2257599 0.0720304 0.0680403 0.0594980 0.0585518 0.0000010 0.0592966 0.0405853 0.0776114 0.0488527 0.0495164 0.0156553 0.0156553 0.0414513 0.0494954 0.0238133 0.0586121 0.0498860 0.0406026 0.0598696 0.0783348 0.0076913 0.0000010 0.0157201 0.0157969 0.0243902 0.0321046 0.0580868 
S0278         0.4636862 0.3120537 0.1841205 0.1021011 0.0304648 0.0969875 0.1889098 0.0845892 0.0411835 0.0000000 0.0844171 0.0850091 0.0339533 0.0727726 0.1212565 0.1087271 0.0386651 0.1288366 0.0833548 0.0162844 0.0364969 0.0674122 0.0982536 0.0793554 0.0912824 0.1079051 0.1186102 0.0513369 0.0740099 0.0853916 0.1072392 0.0732706 0.0621673 0.0786175 0.0987143 0.0272463 0.1164060 0.0797835 0.0321076 0.0463547 0.0568976 0.0205824 0.0727110 0.1185828 0.1287748 0.0957037 0.1122629 0.0902908 0.0917800 0.0689221 0.0799931 0.0684627 0.0692201 0.0702278 0.0737083 0.1488185 0.0981978 0.0466724 0.0633301 0.0934630 0.0801517 0.0859031 0.0688388 0.1595686 0.0782305 0.2064257 0.1522563 0.1371726 0.0843513 0.0748667 0.2069299 0.0688945 0.1340119 0.0288665 0.1344854 0.0637827 0.1052003 0.1160139 0.0844171 0.1357093 0.0863240 0.1146606 0.0185947 0.0419571 0.1503030 0.1138038 0.0411639 0.0323867 0.0883316 0.1269948 0.0943998 0.0851820 0.0878320 0.1007212 0.0841228 0.0803461 0.0843823 0.1040097 0.0673720 0.0846975 0.0715685 0.0783322 0.0776439 0.0179924 0.1096343 0.0737269 0.0316774 0.0730655 0.0565078 0.0919733 0.0909806 0.1289534 
S0281         0.4370263 0.3110356 0.1434635 0.0776971 0.0629538 0.0522334 0.1703358 0.0615552 0.0403731 0.0844171 0.0000000 0.0567208 0.0846164 0.0566976 0.0829998 0.0915991 0.0795854 0.0794609 0.0777849 0.0715755 0.0842288 0.0730616 0.0860455 0.0569905 0.0675393 0.1529646 0.0763291 0.0832648 0.0270985 0.0569648 0.1030972 0.0802450 0.0559115 0.0627677 0.0722032 0.0893949 0.0628775 0.0569219 0.0890422 0.0737441 0.0737588 0.0416434 0.0223873 0.1098425 0.1216774 0.0672922 0.0974508 0.0513549 0.0845227 0.0322139 0.0519723 0.0270782 0.0419455 0.0705088 0.0226696 0.1819373 0.0718467 0.0737475 0.0646252 0.0952539 0.0700285 0.0788390 0.0622074 0.1275472 0.0364289 0.1993276 0.0631617 0.0956324 0.0747074 0.0710761 0.2314649 0.0272394 0.1268649 0.0000010 0.0962143 0.0421273 0.0728630 0.0854684 0.0624242 0.1284622 0.0627706 0.0679348 0.0634546 0.0633294 0.1813180 0.1097820 0.0678613 0.0898782 0.0723876 0.0930421 0.0900286 0.0668811 0.0725259 0.0714452 0.0623735 0.0573112 0.0614156 0.0629749 0.0775536 0.0519723 0.0839174 0.0673580 0.0667744 0.0844961 0.0845163 0.0269402 0.0660821 0.0411733 0.0732375 0.0576521 0.0384237 0.0793474 
S0282         0.4169008 0.3167568 0.1841205 0.0788276 0.0304648 0.0317819 0.1651493 0.0221128 0.0238514 0.0850091 0.0567208 0.0000000 0.0722024 0.0471602 0.0386458 0.0577343 0.1087101 0.1087365 0.0789181 0.0426659 0.0686172 0.0735706 0.0681630 0.0222329 0.0224139 0.1653506 0.0386088 0.0781969 0.0372460 0.0177254 0.0909501 0.0805591 0.0456574 0.0320184 0.0780897 0.1008742 0.0418915 0.0177149 0.0896608 0.0686733 0.0638146 0.0100134 0.0419884 0.1109783 0.1225543 0.0364379 0.0966911 0.0221468 0.0744422 0.0376642 0.0132336 0.0323053 0.0476937 0.0436774 0.0425415 0.1755509 0.0833006 0.0742655 0.0836611 0.0692451 0.0705305 0.0688617 0.0525392 0.0994937 0.0670203 0.2010062 0.1155005 0.1318958 0.0752381 0.0715924 0.2066012 0.0325015 0.1277741 0.0288665 0.0905423 0.0277727 0.0899953 0.0471105 0.0633248 0.1293919 0.0318091 0.0413138 0.0649908 0.0586358 0.1693908 0.0975643 0.0683339 0.0905091 0.0734354 0.1239325 0.0909501 0.0267603 0.0834621 0.0618095 0.0635136 0.0269780 0.0220693 0.0464674 0.0569274 0.0178647 0.0788065 0.0526677 0.0471987 0.0850896 0.0463088 0.0371062 0.1162913 0.0619941 0.0633630 0.0225196 0.0758148 0.0736592 
S0289         0.3877415 0.2867497 0.2282815 0.1073905 0.0629538 0.0899924 0.2140732 0.0775453 0.0766717 0.0339533 0.0846164 0.0722024 0.0000000 0.0662796 0.0991153 0.1020552 0.0341168 0.0907442 0.1005514 0.0506265 0.0385035 0.0714426 0.0962608 0.0719412 0.0835759 0.0940581 0.1112210 0.0443622 0.0847993 0.0780969 0.1153828 0.0782736 0.0786327 0.0768008 0.1114661 0.0441052 0.1028110 0.0723401 0.0443389 0.0546126 0.0661256 0.0532821 0.0663098 0.1269697 0.1442005 0.0945762 0.1136077 0.0831844 0.1093325 0.0791464 0.0725408 0.0787528 0.0909241 0.0901657 0.0672667 0.1603908 0.1166550 0.0603160 0.0679758 0.0992624 0.0913095 0.0978381 0.0905831 0.1280193 0.0830876 0.2171155 0.1336351 0.1310905 0.0956765 0.0856127 0.1508656 0.0792829 0.1497974 0.0595425 0.1458545 0.0715902 0.1246133 0.1090032 0.0783580 0.1446972 0.0789825 0.1028366 0.0350414 0.0552254 0.1760369 0.1224858 0.0540951 0.0447536 0.1059993 0.1065305 0.1015108 0.0773262 0.0940079 0.0897681 0.0729093 0.0728714 0.0771400 0.0909593 0.0606583 0.0774370 0.0710536 0.0720551 0.0659707 0.0339684 0.0971596 0.0844550 0.0170886 0.0887065 0.0710346 0.0847948 0.0988826 0.0898228 
S0292         0.4726098 0.3174582 0.2829365 0.0672217 0.0997980 0.0631361 0.1631135 0.0519708 0.0406026 0.0727726 0.0566976 0.0471602 0.0662796 0.0000000 0.0649204 0.0929349 0.0994499 0.0311425 0.0772298 0.0518813 0.0623965 0.0510925 0.0742273 0.0522846 0.0526064 0.1529388 0.0709507 0.0717947 0.0372342 0.0473629 0.0560928 0.0739157 0.0398657 0.0636494 0.0611648 0.0880692 0.0747800 0.0423099 0.0773309 0.0624470 0.0624564 0.0308744 0.0419742 0.0900859 0.1099537 0.0682316 0.0785679 0.0520558 0.0570665 0.0376520 0.0424262 0.0322958 0.0375401 0.0488259 0.0425268 0.1578036 0.0608751 0.0624443 0.0762517 0.0615648 0.0530839 0.0527122 0.0469647 0.0978338 0.0669894 0.1654130 0.0899990 0.0945251 0.0522019 0.0483384 0.1973073 0.0324919 0.1150992 0.0941136 0.0633897 0.0275879 0.0786767 0.0810985 0.0225229 0.1165440 0.0631802 0.0736936 0.0533297 0.0474146 0.1524535 0.0620438 0.0568490 0.0780405 0.0514562 0.0424740 0.0560928 0.0520874 0.0610038 0.0510163 0.0133368 0.0576846 0.0468306 0.0795981 0.0268549 0.0526902 0.0723381 0.0087574 0.0086886 0.0728320 0.0744112 0.0370945 0.0935725 0.0619671 0.0520320 0.0529847 0.0757686 0.0790291 
S0293         0.5441617 0.3723913 0.3449784 0.0929787 0.0473379 0.0571678 0.2573380 0.0442677 0.0615659 0.1212565 0.0829998 0.0386458 0.0991153 0.0649204 0.0000000 0.0721472 0.1113511 0.0958172 0.1059009 0.0773880 0.0996705 0.0992352 0.0925761 0.0330799 0.0391974 0.1980115 0.0461729 0.1048832 0.0586698 0.0388406 0.1029406 0.1084049 0.0716603 0.0513695 0.0980756 0.1419197 0.0583504 0.0388087 0.1270305 0.0921100 0.1008757 0.0231481 0.0709803 0.1402722 0.1479371 0.0511228 0.1326824 0.0272739 0.0790557 0.0658367 0.0331046 0.0583746 0.0655797 0.0675904 0.0717994 0.1701563 0.0980539 0.1008674 0.1003501 0.1291773 0.1107890 0.0862775 0.0788295 0.1041751 0.0971287 0.2632419 0.1031218 0.1425360 0.1089423 0.1121838 0.2327380 0.0588172 0.1544800 0.0946594 0.1025843 0.0462317 0.0987001 0.0773636 0.0860153 0.1470662 0.0452998 0.0452313 0.0813316 0.0806244 0.0872309 0.1110481 0.0919823 0.1200259 0.1056662 0.1105687 0.1191066 0.0440621 0.0902751 0.0651079 0.0863725 0.0391221 0.0327741 0.0759845 0.0844625 0.0449847 0.1128078 0.0784756 0.0776251 0.1214462 0.0514251 0.0646190 0.1522475 0.0906319 0.0865462 0.0388875 0.1072829 0.1059313 
S0294         0.3680280 0.3414411 0.1841205 0.0997304 0.0304648 0.0579738 0.1902106 0.0626550 0.0419108 0.1087271 0.0915991 0.0577343 0.1020552 0.0929349 0.0721472 0.0000000 0.1095602 0.1251349 0.0913094 0.0621599 0.0913523 0.1095130 0.1173998 0.0630456 0.0687644 0.1861536 0.0579393 0.1142954 0.0701396 0.0475511 0.1060328 0.1118422 0.0814882 0.0319720 0.1024557 0.1253514 0.0645089 0.0579423 0.1271368 0.0914277 0.0802592 0.0435570 0.0688889 0.1165348 0.1564837 0.0572641 0.1114450 0.0423875 0.1061313 0.0649746 0.0529019 0.0645329 0.0759746 0.0709852 0.0698492 0.1771902 0.1079591 0.0864065 0.0648465 0.1030249 0.1001220 0.1113603 0.0925592 0.0798861 0.0795591 0.2195121 0.0900911 0.1425102 0.0992876 0.1016352 0.2372359 0.0649475 0.1549606 0.0288665 0.1453769 0.0708908 0.0908802 0.0797872 0.0936535 0.1710992 0.0743914 0.0724461 0.1011389 0.0702131 0.1704605 0.1129118 0.0909421 0.1284045 0.0909008 0.1412810 0.1060328 0.0630883 0.1093185 0.0980339 0.0984383 0.0686671 0.0524358 0.0914104 0.1103617 0.0471763 0.0963072 0.0990623 0.0981365 0.1088549 0.0845760 0.0698661 0.1156508 0.0742995 0.0639684 0.0638982 0.1074351 0.1112104 
S0299         0.4240255 0.2906804 0.1426009 0.1088681 0.0626135 0.1284823 0.1729790 0.1276779 0.0272107 0.0386651 0.0795854 0.1087101 0.0341168 0.0994499 0.1113511 0.1095602 0.0000000 0.1026591 0.0909501 0.0298449 0.0712544 0.0724711 0.1461089 0.1087101 0.0826233 0.0651265 0.1487886 0.0541525 0.0894477 0.0996022 0.1152312 0.1102707 0.0932271 0.0986446 0.1469175 0.0461307 0.1207560 0.0906207 0.0468307 0.0717219 0.0635030 0.0272107 0.0794773 0.1212505 0.1627646 0.1392247 0.1105642 0.1003001 0.1145573 0.0894477 0.1104319 0.0894477 0.1079134 0.0875229 0.0805568 0.0624106 0.1274199 0.0553725 0.0710999 0.1271537 0.1333546 0.1333037 0.1029296 0.1795324 0.0880665 0.1611596 0.1084488 0.1402613 0.1213997 0.1120243 0.3562095 0.0894477 0.1614892 0.0592379 0.2111161 0.0840321 0.1065508 0.1410751 0.1194652 0.1627153 0.1207406 0.1179459 0.0318400 0.0473703 0.0634164 0.1152312 0.0623271 0.0303299 0.1190076 0.1168514 0.0904984 0.0906207 0.1072630 0.1001275 0.0897535 0.1112661 0.0907481 0.1493499 0.0992948 0.1083063 0.1081278 0.0987476 0.1077942 0.0224585 0.1209864 0.0894477 0.0395680 0.0880665 0.0634164 0.1200481 0.1018364 0.1563817 
S0303         0.4746162 0.2930229 0.0000010 0.1064947 0.0000010 0.1257019 0.0000010 0.1363237 0.0000010 0.1288366 0.0794609 0.1087365 0.0907442 0.0311425 0.0958172 0.1251349 0.1026591 0.0000000 0.1043036 0.0000010 0.0908462 0.0642279 0.1711856 0.1087365 0.0965007 0.1465632 0.1123548 0.1016271 0.0812396 0.0956224 0.0100716 0.1048501 0.0817245 0.1086083 0.0912308 0.1393245 0.0990977 0.0950510 0.1276351 0.0648597 0.0904526 0.0000010 0.0673970 0.0103169 0.1389034 0.1535474 0.0000010 0.0965889 0.0673970 0.0812396 0.1112411 0.0812396 0.0938362 0.0871093 0.0673970 0.0536086 0.0659674 0.0911844 0.0654416 0.0307219 0.0939378 0.0944896 0.1090665 0.1101614 0.1040991 0.1226669 0.0669755 0.0846456 0.0676081 0.0676081 0.4532681 0.0812396 0.1238467 0.0000010 0.1374148 0.0566250 0.0669755 0.0957922 0.0547516 0.1388383 0.1698632 0.0956224 0.0827124 0.0680611 0.0664447 0.0100716 0.0535098 0.1140480 0.0676209 0.0101901 0.0100716 0.0950510 0.0654972 0.0671841 0.0204420 0.1551362 0.0952438 0.1686432 0.0535569 0.0947646 0.0895956 0.0313375 0.0422072 0.1008189 0.0966168 0.0812396 0.1294193 0.1040991 0.0664447 0.1233649 0.1645754 0.1538216 
S0308         0.4326996 0.3322242 0.1891093 0.0959884 0.0626135 0.0957928 0.2353486 0.0885301 0.0588688 0.0833548 0.0777849 0.0789181 0.1005514 0.0772298 0.1059009 0.0913094 0.0909501 0.1043036 0.0000000 0.0605115 0.0937306 0.0945541 0.1167389 0.0952923 0.0796581 0.1604827 0.0899898 0.1160292 0.0676243 0.0899525 0.1015988 0.1136918 0.0779030 0.0728642 0.0750130 0.0988903 0.0975351 0.0843358 0.0939792 0.0938056 0.0564877 0.0312554 0.0664619 0.1067748 0.1360003 0.0827690 0.1018652 0.0730382 0.0947008 0.0626523 0.0845538 0.0622409 0.0732210 0.0861779 0.0673545 0.1690429 0.0763838 0.0664455 0.0874343 0.0729906 0.1020414 0.0996348 0.0822633 0.1433649 0.0820823 0.2174716 0.0899698 0.0832904 0.1077897 0.1046862 0.2503921 0.0626260 0.1411068 0.0592379 0.1306418 0.0580554 0.0894533 0.1285426 0.0833975 0.1428429 0.0966008 0.1066849 0.0862698 0.0564551 0.1415228 0.1081714 0.0876359 0.0892249 0.0715105 0.1187606 0.0887446 0.0897323 0.0866322 0.1000097 0.0950544 0.0905045 0.0783424 0.1192110 0.0928856 0.0845538 0.1040917 0.0884749 0.0772938 0.0834310 0.1077242 0.0673691 0.0837673 0.0769635 0.0660030 0.0856760 0.0885379 0.1209329 
S0320         0.3676520 0.2994832 0.2080997 0.0617254 0.0338044 0.0522660 0.2007800 0.0335629 0.0519614 0.0162844 0.0715755 0.0426659 0.0506265 0.0518813 0.0773880 0.0621599 0.0298449 0.0000010 0.0605115 0.0000000 0.0246068 0.0705319 0.0335629 0.0248087 0.0614682 0.1903334 0.0592523 0.0413881 0.0337938 0.0520787 0.0865071 0.0512630 0.0341316 0.0421799 0.0602389 0.0241428 0.0536650 0.0430082 0.0426241 0.0427224 0.0337322 0.0328809 0.0512778 0.1248471 0.1045061 0.0331932 0.1144947 0.0423363 0.0625961 0.0342135 0.0335629 0.0338056 0.0434211 0.0515949 0.0525337 0.2604522 0.0790697 0.0335192 0.0305826 0.0707156 0.0429802 0.0624627 0.0422740 0.1015047 0.0700006 0.2631001 0.0000010 0.1308620 0.0704407 0.0523563 0.0716708 0.0341833 0.1253568 0.0318479 0.0730421 0.0428255 0.0812867 0.0811812 0.0524423 0.1165801 0.0339354 0.1023533 0.0338878 0.0246737 0.2189109 0.1000866 0.0420285 0.0527323 0.0601752 0.0000010 0.0865071 0.0521140 0.0798191 0.0699890 0.0822527 0.0335629 0.0335629 0.0531953 0.0426659 0.0425859 0.0510975 0.0620688 0.0518813 0.0337999 0.0918919 0.0426659 0.0000021 0.0607942 0.0333675 0.0436768 0.0714804 0.0803682 
S0327         0.4257970 0.2907190 0.2268570 0.0965764 0.0626135 0.0800508 0.2106016 0.0736386 0.0497840 0.0364969 0.0842288 0.0686172 0.0385035 0.0623965 0.0996705 0.0913523 0.0712544 0.0908462 0.0937306 0.0246068 0.0000000 0.0775274 0.1062073 0.0631943 0.0745652 0.1047737 0.0910862 0.0415600 0.0634495 0.0689220 0.0878807 0.0628159 0.0566123 0.0626176 0.0775127 0.0557305 0.0855125 0.0635235 0.0465747 0.0366927 0.0667884 0.0311701 0.0623485 0.1132432 0.1346811 0.0790206 0.1009965 0.0737630 0.0915736 0.0584376 0.0636946 0.0580484 0.0690610 0.0650983 0.0631943 0.1358189 0.0874778 0.0563517 0.0521665 0.0827600 0.0700572 0.0857093 0.0738728 0.1372968 0.0885497 0.1984606 0.1136986 0.1089321 0.0792582 0.0697590 0.1938436 0.0584126 0.1399274 0.0592379 0.1209008 0.0533764 0.0942055 0.0931004 0.0736842 0.1344442 0.0803173 0.0970809 0.0278242 0.0467284 0.1499791 0.0942503 0.0410707 0.0516517 0.0777075 0.1046789 0.0878807 0.0687561 0.0876417 0.0896931 0.0734208 0.0744615 0.0681194 0.0923428 0.0672206 0.0683668 0.0613790 0.0678044 0.0672134 0.0365131 0.0921246 0.0632073 0.0649265 0.0833181 0.0563804 0.0751210 0.0973274 0.1161562 
S0335         0.4958248 0.3521167 0.2344508 0.0831837 0.0000010 0.0851077 0.1673394 0.0785984 0.0492005 0.0674122 0.0730616 0.0735706 0.0714426 0.0510925 0.0992352 0.1095130 0.0724711 0.0642279 0.0945541 0.0705319 0.0775274 0.0000000 0.1029523 0.0791051 0.0795854 0.1451790 0.1122365 0.0766565 0.0629125 0.0738971 0.0865673 0.0724902 0.0617194 0.0791073 0.0993741 0.0825649 0.1037828 0.0684631 0.0719588 0.0673146 0.0572112 0.0309752 0.0678730 0.1122823 0.1231542 0.0963508 0.1001445 0.0787310 0.0840688 0.0636398 0.0686452 0.0575584 0.0743901 0.0640937 0.0582649 0.1713684 0.0988493 0.0571990 0.0754499 0.0820740 0.0682087 0.0905252 0.0680994 0.1419052 0.0838475 0.1934101 0.1134438 0.1374235 0.0565887 0.0634328 0.2125961 0.0579170 0.1283945 0.0608126 0.0901362 0.0525787 0.1059272 0.0915619 0.0617549 0.1300258 0.0801952 0.0912276 0.0582356 0.0472327 0.1583335 0.0928395 0.0616438 0.0726150 0.0888990 0.0766709 0.0742852 0.0788011 0.0883917 0.0668887 0.0615338 0.0743531 0.0730368 0.0920316 0.0561482 0.0733031 0.0828990 0.0562248 0.0557503 0.0626792 0.0921283 0.0626738 0.0660499 0.0786152 0.0568166 0.0801784 0.0967510 0.1133895 
S0376         0.4665803 0.3328048 0.1841205 0.0917014 0.0304648 0.0788856 0.1651493 0.0678306 0.0323849 0.0982536 0.0860455 0.0681630 0.0962608 0.0742273 0.0925761 0.1173998 0.1461089 0.1711856 0.1167389 0.0335629 0.1062073 0.1029523 0.0000000 0.0524728 0.0795090 0.2107393 0.1123261 0.1163874 0.0644017 0.0575367 0.1150878 0.1201615 0.0822013 0.0859703 0.1047960 0.1291147 0.0923891 0.0684087 0.1168547 0.1062984 0.1118899 0.0204972 0.0751462 0.1449705 0.1598743 0.0798345 0.1311625 0.0732703 0.1042749 0.0708500 0.0632759 0.0644267 0.0820483 0.0661162 0.0762115 0.2317747 0.1096536 0.1118860 0.1132114 0.1104203 0.1006012 0.1058834 0.0872982 0.1362437 0.1028273 0.2505464 0.1989499 0.1665314 0.1053511 0.1021240 0.2011747 0.0648395 0.1653835 0.0288665 0.1003167 0.0432986 0.1290448 0.0914335 0.0920478 0.1675541 0.0746259 0.0963914 0.0850142 0.0946496 0.2212992 0.1221625 0.1049573 0.1180230 0.1053356 0.1685108 0.1291697 0.0787269 0.1098464 0.0791194 0.0923722 0.0688859 0.0729745 0.0915857 0.0964804 0.0742001 0.1173998 0.0856870 0.0849125 0.0993569 0.0913773 0.0697440 0.1571590 0.0973170 0.0996161 0.0746095 0.1208499 0.0848992 
S0400         0.4149023 0.3118465 0.1841205 0.0738510 0.0304648 0.0365982 0.1651493 0.0267331 0.0322429 0.0793554 0.0569905 0.0222329 0.0719412 0.0522846 0.0330799 0.0630456 0.1087101 0.1087365 0.0952923 0.0248087 0.0631943 0.0791051 0.0524728 0.0000000 0.0317624 0.1643278 0.0502685 0.0783521 0.0371997 0.0223232 0.0912515 0.0801482 0.0511583 0.0368736 0.0731568 0.1010586 0.0420910 0.0223096 0.0839893 0.0632460 0.0798683 0.0203833 0.0470169 0.1229930 0.1289562 0.0318486 0.1100819 0.0267745 0.0800569 0.0427062 0.0177770 0.0372076 0.0528797 0.0489214 0.0476418 0.1678922 0.0783539 0.0798577 0.0772612 0.0908272 0.0705305 0.0743792 0.0577716 0.1067561 0.0723712 0.1998583 0.1155005 0.1223324 0.0809069 0.0712178 0.2005564 0.0374345 0.1342097 0.0288665 0.0844517 0.0326535 0.0957584 0.0513516 0.0687435 0.1359147 0.0272360 0.0462564 0.0542666 0.0640333 0.1767973 0.0978979 0.0629390 0.0847780 0.0789560 0.1239325 0.1045046 0.0314546 0.0785105 0.0570078 0.0689554 0.0224562 0.0266795 0.0466871 0.0731571 0.0270771 0.0732733 0.0629317 0.0623831 0.0794261 0.0463088 0.0420705 0.1162913 0.0672870 0.0687847 0.0272282 0.0824275 0.0792025 
S0405         0.4494086 0.3187146 0.1426009 0.0905152 0.0626135 0.0416977 0.2398490 0.0315844 0.0408585 0.0912824 0.0675393 0.0224139 0.0835759 0.0526064 0.0391974 0.0687644 0.0826233 0.0965007 0.0796581 0.0614682 0.0745652 0.0795854 0.0795090 0.0317624 0.0000000 0.1646971 0.0507967 0.0842511 0.0475294 0.0271332 0.0986086 0.0868292 0.0519032 0.0420165 0.0841392 0.1074073 0.0522567 0.0179233 0.0959732 0.0746263 0.0749786 0.0205267 0.0523805 0.1237387 0.1359854 0.0414513 0.1107508 0.0316343 0.0755548 0.0480719 0.0225093 0.0424021 0.0584334 0.0496057 0.0530860 0.1766100 0.0788258 0.0803463 0.0906545 0.0858933 0.0772337 0.0753761 0.0585511 0.1078682 0.0781561 0.2127040 0.1169575 0.1339271 0.0814069 0.0778300 0.2091851 0.0426630 0.1412807 0.0592379 0.0985261 0.0328598 0.0970023 0.0627023 0.0691665 0.1430834 0.0417312 0.0515255 0.0710091 0.0644329 0.1645629 0.1053686 0.0742488 0.0968918 0.0794344 0.1113942 0.0986086 0.0270731 0.0838672 0.0625428 0.0693812 0.0367033 0.0223264 0.0568986 0.0736007 0.0319977 0.0791922 0.0633183 0.0576620 0.0913748 0.0567052 0.0473496 0.1169270 0.0729953 0.0692082 0.0321763 0.0896304 0.0852130 
S0407sl       0.5317026 0.4032022 0.1927822 0.1629891 0.0317298 0.1657882 0.0950779 0.1801204 0.1754129 0.1079051 0.1529646 0.1653506 0.0940581 0.1529388 0.1980115 0.1861536 0.0651265 0.1465632 0.1604827 0.1903334 0.1047737 0.1451790 0.2107393 0.1643278 0.1646971 0.0000000 0.2205954 0.1136909 0.1324391 0.1671551 0.2113223 0.1464846 0.1445061 0.1471814 0.1684574 0.1292871 0.1820602 0.1546669 0.1136979 0.1221745 0.1618415 0.1390901 0.1394049 0.1905398 0.2236954 0.1828415 0.1909316 0.1554903 0.1914157 0.1408353 0.1660791 0.1316747 0.1484291 0.1530571 0.1410130 0.1065866 0.1679514 0.1453078 0.1352341 0.1694562 0.1743175 0.1820192 0.1567159 0.2891280 0.1703583 0.3581243 0.1412857 0.2011570 0.1627810 0.1554808 0.3433618 0.1316747 0.2307006 0.0300001 0.2585935 0.1330975 0.1785462 0.2030982 0.1544807 0.2112573 0.1910641 0.1673057 0.0745079 0.1313318 0.1374262 0.2217419 0.1136901 0.0921890 0.1389128 0.1628565 0.2113223 0.1635091 0.1599714 0.1718471 0.1640989 0.1829203 0.1713116 0.2015907 0.1458578 0.1387135 0.1456493 0.1440665 0.1596958 0.0941518 0.1539832 0.1391750 0.0406227 0.1703583 0.1454507 0.1742829 0.1599787 0.2057975 
S0412sl       0.4715557 0.3467127 0.0000010 0.0983317 0.0000010 0.0447281 0.1562953 0.0499155 0.0592523 0.1186102 0.0763291 0.0386088 0.1112210 0.0709507 0.0461729 0.0579393 0.1487886 0.1123548 0.0899898 0.0592523 0.0910862 0.1122365 0.1123261 0.0502685 0.0507967 0.2205954 0.0000000 0.1117050 0.0579953 0.0445002 0.0840711 0.1072981 0.0852304 0.0385900 0.0820499 0.1387126 0.0516249 0.0444627 0.1329259 0.0900315 0.0916902 0.0336467 0.0568042 0.1067772 0.1363650 0.0438709 0.0983123 0.0270053 0.0920440 0.0520570 0.0387243 0.0516431 0.0581692 0.0809542 0.0571661 0.2113856 0.0752616 0.0844754 0.0826900 0.0898698 0.1023231 0.0916117 0.0915138 0.1013154 0.0753600 0.2263369 0.0939955 0.1409820 0.1083765 0.1115761 0.2436004 0.0520293 0.1355924 0.0000010 0.1203100 0.0587177 0.0766561 0.0570186 0.0784062 0.1448684 0.0630586 0.0631526 0.1098045 0.0722225 0.2165912 0.0905827 0.0905057 0.1427924 0.0828089 0.1281441 0.0840711 0.0503164 0.0893159 0.0831930 0.0926606 0.0565965 0.0383360 0.0699887 0.0911385 0.0271562 0.1032699 0.0711415 0.0837158 0.1187884 0.0687469 0.0577301 0.1697039 0.0692497 0.0779835 0.0506904 0.0990767 0.0978145 
S0417         0.4138624 0.3041668 0.1841205 0.1063850 0.0304648 0.0897868 0.1677580 0.0832128 0.0580388 0.0513369 0.0832648 0.0781969 0.0443622 0.0717947 0.1048832 0.1142954 0.0541525 0.1016271 0.1160292 0.0413881 0.0415600 0.0766565 0.1163874 0.0783521 0.0842511 0.1136909 0.1117050 0.0000000 0.0729984 0.0785424 0.1208781 0.0614937 0.0667059 0.0837528 0.0990622 0.0406118 0.1085540 0.0730964 0.0557937 0.0516259 0.0773739 0.0308059 0.0676731 0.1253503 0.1165389 0.1010480 0.1126967 0.0833525 0.1014138 0.0738440 0.0732879 0.0675327 0.0847724 0.0748921 0.0685988 0.1294821 0.1092890 0.0666294 0.0632806 0.1045225 0.0844400 0.0954764 0.0782617 0.1756327 0.0835921 0.1879042 0.1243325 0.1457960 0.0888890 0.0786538 0.2064896 0.0679527 0.1345367 0.0288665 0.1399772 0.0629104 0.1166040 0.1081931 0.0832648 0.1362464 0.0900785 0.1069526 0.0375820 0.0568256 0.1636251 0.1143238 0.0560230 0.0562859 0.0992912 0.1156318 0.1208781 0.0834298 0.0987161 0.0993433 0.0829773 0.0841399 0.0776328 0.0967800 0.0664697 0.0779155 0.0671004 0.0772737 0.0766025 0.0513674 0.1016259 0.0727231 0.0475434 0.0889175 0.0666663 0.0848765 0.0831318 0.1147601 
S0419         0.4324888 0.3022079 0.1841205 0.0574032 0.0304648 0.0424667 0.1865216 0.0419820 0.0157579 0.0740099 0.0270985 0.0372460 0.0847993 0.0372342 0.0586698 0.0701396 0.0894477 0.0812396 0.0676243 0.0337938 0.0634495 0.0629125 0.0644017 0.0371997 0.0475294 0.1324391 0.0579953 0.0729984 0.0000000 0.0374042 0.0838362 0.0697619 0.0350144 0.0427975 0.0621772 0.0895719 0.0480195 0.0373785 0.0786387 0.0635017 0.0635117 0.0000021 0.0179810 0.1045788 0.1103459 0.0473422 0.0922846 0.0227981 0.0636367 0.0088580 0.0325749 0.0043457 0.0179387 0.0495821 0.0182085 0.1684957 0.0618774 0.0634995 0.0648162 0.0740657 0.0596276 0.0582290 0.0424185 0.1070343 0.0414972 0.1845552 0.0644676 0.1040707 0.0643275 0.0605261 0.2054356 0.0043708 0.1155128 0.0288665 0.0772084 0.0330760 0.0679730 0.0641130 0.0425712 0.1106377 0.0527761 0.0630429 0.0542425 0.0482098 0.1482419 0.0903363 0.0577977 0.0793730 0.0523053 0.0951754 0.0838362 0.0470590 0.0726803 0.0516171 0.0477505 0.0474554 0.0418913 0.0633173 0.0572891 0.0325749 0.0735617 0.0473929 0.0469878 0.0740712 0.0636546 0.0043456 0.0760332 0.0367453 0.0529005 0.0376810 0.0385800 0.0689772 
S0427         0.4053773 0.3070625 0.1841205 0.0791785 0.0304648 0.0269246 0.1651493 0.0222021 0.0157156 0.0853916 0.0569648 0.0177254 0.0780969 0.0473629 0.0388406 0.0475511 0.0996022 0.0956224 0.0899525 0.0520787 0.0689220 0.0738971 0.0575367 0.0223232 0.0271332 0.1671551 0.0445002 0.0785424 0.0374042 0.0000000 0.0780622 0.0809253 0.0458686 0.0321520 0.0784346 0.1013289 0.0420693 0.0177865 0.0900624 0.0689786 0.0687286 0.0204442 0.0421670 0.0995844 0.1167991 0.0365894 0.0873628 0.0222364 0.0747767 0.0378260 0.0132869 0.0324416 0.0479009 0.0438706 0.0427248 0.1764572 0.0836673 0.0745981 0.0713671 0.0692886 0.0708526 0.0691688 0.0527680 0.0858219 0.0567915 0.1746246 0.1029221 0.1138999 0.0755790 0.0719234 0.2076366 0.0326393 0.1157189 0.0288665 0.0910336 0.0278902 0.0903995 0.0420396 0.0636048 0.1300040 0.0319410 0.0414868 0.0652855 0.0588963 0.1702351 0.0845457 0.0686361 0.0909179 0.0688851 0.1103393 0.0780622 0.0268692 0.0838301 0.0620766 0.0637955 0.0270887 0.0221582 0.0466641 0.0680352 0.0224859 0.0791575 0.0578842 0.0573814 0.0739119 0.0465043 0.0372633 0.1065010 0.0518583 0.0529893 0.0226122 0.0762149 0.0739865 
S0430         0.5003483 0.2865384 0.0000010 0.0974471 0.0000010 0.0993680 0.2010045 0.1036581 0.0592966 0.1072392 0.1030972 0.0909501 0.1153828 0.0560928 0.1029406 0.1060328 0.1152312 0.0100716 0.1015988 0.0865071 0.0878807 0.0865673 0.1150878 0.0912515 0.0986086 0.2113223 0.0840711 0.1208781 0.0838362 0.0780622 0.0000000 0.1103087 0.0842880 0.0965030 0.0751919 0.1263665 0.1085835 0.0909998 0.1207726 0.0868977 0.0746946 0.0910961 0.0820547 0.0271547 0.1433469 0.0972588 0.0212689 0.0907144 0.0826334 0.0776295 0.0912813 0.0770067 0.0840767 0.0930624 0.0825883 0.2198929 0.0621926 0.0748913 0.0722999 0.0265998 0.0839872 0.0969689 0.0968615 0.1056866 0.1007746 0.1955237 0.0789480 0.1109139 0.0824871 0.0847721 0.2390755 0.0775939 0.1346658 0.0000010 0.1045666 0.0707806 0.0824015 0.0776568 0.0697527 0.1601894 0.1062502 0.1202764 0.0917405 0.0631932 0.1985572 0.0051880 0.0806675 0.1299246 0.0693052 0.0205927 0.0104234 0.0976356 0.0749236 0.0693480 0.0562099 0.0986570 0.0835892 0.1287047 0.0689382 0.0766982 0.0931162 0.0504988 0.0622375 0.1014846 0.1200531 0.0834505 0.1426214 0.0944239 0.0562125 0.1054002 0.1437467 0.1405026 
S0478         0.3995168 0.3164864 0.1989340 0.1161049 0.1038029 0.0759739 0.2228382 0.0857277 0.0596660 0.0732706 0.0802450 0.0805591 0.0782736 0.0739157 0.1084049 0.1118422 0.1102707 0.1048501 0.1136918 0.0512630 0.0628159 0.0724902 0.1201615 0.0801482 0.0868292 0.1464846 0.1072981 0.0614937 0.0697619 0.0809253 0.1103087 0.0000000 0.0688232 0.0807247 0.0855039 0.0877641 0.1059813 0.0752990 0.0778597 0.0427676 0.0796841 0.0316534 0.0748702 0.1413518 0.1203240 0.0983549 0.1279065 0.0803318 0.1045811 0.0705890 0.0755008 0.0641971 0.0817362 0.0772025 0.0759270 0.1401533 0.0958613 0.0796735 0.0480931 0.1077238 0.0759165 0.0984323 0.0806249 0.1647182 0.1024222 0.1753819 0.1150173 0.1288371 0.0754317 0.0596697 0.1976591 0.0646067 0.1256732 0.0306402 0.1291638 0.0647899 0.1030182 0.1116258 0.0802450 0.1273049 0.0986617 0.0989309 0.0536897 0.0638859 0.1627674 0.1170876 0.0472750 0.0785798 0.0966097 0.1193896 0.1103087 0.0859598 0.1017123 0.1023827 0.0854804 0.0924174 0.0799598 0.0941082 0.0684195 0.0747873 0.0790780 0.0795786 0.0788668 0.0733311 0.1045369 0.0694916 0.0948389 0.0969382 0.0686268 0.0819481 0.1127815 0.1240724 
S0552sl       0.4321677 0.3162303 0.1380283 0.0737359 0.0312784 0.0518685 0.1668065 0.0453674 0.0241846 0.0621673 0.0559115 0.0456574 0.0786327 0.0398657 0.0716603 0.0814882 0.0932271 0.0817245 0.0779030 0.0341316 0.0566123 0.0617194 0.0822013 0.0511583 0.0519032 0.1445061 0.0852304 0.0667059 0.0350144 0.0458686 0.0842880 0.0688232 0.0000000 0.0575124 0.0721472 0.0784187 0.0753876 0.0407674 0.0668469 0.0566620 0.0509017 0.0000021 0.0401036 0.0926031 0.0982000 0.0625251 0.0868538 0.0509170 0.0193711 0.0354373 0.0405668 0.0297326 0.0408517 0.0147827 0.0406716 0.1661058 0.0778283 0.0508887 0.0707777 0.0741272 0.0297672 0.0144206 0.0095172 0.1263976 0.0560022 0.1473820 0.0919668 0.1154360 0.0451523 0.0409228 0.1932855 0.0299265 0.1035811 0.0295948 0.0612044 0.0354538 0.0797806 0.0765708 0.0459789 0.1049486 0.0573425 0.0742071 0.0465044 0.0351357 0.1240369 0.0913195 0.0507492 0.0733090 0.0552767 0.0981053 0.0842880 0.0513477 0.0723045 0.0613775 0.0514556 0.0569599 0.0456680 0.0686377 0.0399089 0.0463242 0.0735861 0.0402648 0.0399002 0.0677399 0.0749862 0.0348730 0.0971327 0.0506992 0.0400523 0.0518969 0.0636315 0.0932873 
S0558         0.3892441 0.3150918 0.1841205 0.0855978 0.0304648 0.0321458 0.1902106 0.0366630 0.0410594 0.0786175 0.0627677 0.0320184 0.0768008 0.0636494 0.0513695 0.0319720 0.0986446 0.1086083 0.0728642 0.0421799 0.0626176 0.0791073 0.0859703 0.0368736 0.0420165 0.1471814 0.0385900 0.0837528 0.0427975 0.0321520 0.0965030 0.0807247 0.0575124 0.0000000 0.0729221 0.0941539 0.0475360 0.0274858 0.0954143 0.0626684 0.0681231 0.0204522 0.0420754 0.1081153 0.1357578 0.0317800 0.1031511 0.0271209 0.0928755 0.0379569 0.0274314 0.0377059 0.0480645 0.0489147 0.0426307 0.1454492 0.0780941 0.0681113 0.0644715 0.0844545 0.0761933 0.0869049 0.0694473 0.1072794 0.0671553 0.2117052 0.0762716 0.1138081 0.0809099 0.0773410 0.2040296 0.0379378 0.1410525 0.0288665 0.1138098 0.0432363 0.0725329 0.0625472 0.0641110 0.1428528 0.0471178 0.0571369 0.0705638 0.0528248 0.1456019 0.1031071 0.0623672 0.0963231 0.0682799 0.1237706 0.0965030 0.0369083 0.0894362 0.0789746 0.0749325 0.0419511 0.0365859 0.0626695 0.0796709 0.0224409 0.0782325 0.0691822 0.0685667 0.0786864 0.0624547 0.0426350 0.0854374 0.0621198 0.0574856 0.0373597 0.0837842 0.0802986 
S0616         0.4468537 0.2983314 0.1902425 0.0953316 0.0997980 0.0735522 0.1448597 0.0777500 0.0586121 0.0987143 0.0722032 0.0780897 0.1114661 0.0611648 0.0980756 0.1024557 0.1469175 0.0912308 0.0750130 0.0602389 0.0775127 0.0993741 0.1047960 0.0731568 0.0841392 0.1684574 0.0820499 0.0990622 0.0621772 0.0784346 0.0751919 0.0855039 0.0721472 0.0729221 0.0000000 0.1144693 0.0855848 0.0729928 0.1102853 0.0673113 0.0763203 0.0535187 0.0611192 0.1192292 0.1073667 0.0620178 0.1067778 0.0722790 0.0943494 0.0572660 0.0731839 0.0568918 0.0570894 0.0751105 0.0619319 0.1644278 0.0270080 0.0763097 0.0696321 0.0777472 0.0799532 0.0885916 0.0717305 0.1335516 0.0867825 0.1844068 0.0775059 0.0911700 0.0906838 0.0873163 0.1893491 0.0572419 0.1123934 0.0295972 0.0960679 0.0526876 0.0523975 0.1155392 0.0669310 0.1137718 0.0847804 0.0958215 0.0857247 0.0612401 0.1675532 0.0814267 0.0717265 0.1171227 0.0365810 0.1051721 0.0876385 0.0782462 0.0461993 0.0885506 0.0779627 0.0789141 0.0775268 0.0910027 0.0767483 0.0731839 0.0876114 0.0718491 0.0712299 0.0988174 0.0967603 0.0619436 0.1209643 0.0816567 0.0657851 0.0688674 0.0881541 0.1081769 
