118
CRNC          0.0000000 0.2973160 0.4965710 0.3796994 0.4898040 0.5426781 0.4725090 0.4819225 0.5229014 0.4841185 0.5113023 0.4873634 0.5025546 0.4926031 0.5269327 0.5191052 0.6279068 0.5334082 0.5595431 0.5104161 0.5072877 0.5149778 0.4840574 0.4858903 0.5119828 0.4934176 0.5050591 0.4519677 0.5142526 0.5308557 0.5476998 0.4750390 0.4917449 0.4662613 0.5848126 0.5356658 0.4653560 0.5057677 0.5292138 0.5107178 0.5243039 0.4746453 0.4948333 0.4982247 0.5374071 0.4644285 0.5123666 0.5410961 0.4665910 0.4870158 0.5485878 0.4576292 0.4806894 0.4718066 0.4586120 0.5402903 0.4922708 0.4924233 0.4969435 0.5120431 0.4882780 0.4602094 0.4700013 0.3116199 0.5197505 0.4870916 0.5055407 0.5745632 0.4723933 0.4561917 0.4909168 0.5505600 0.5117918 0.4772593 0.4992503 0.4637449 0.4590808 0.4420762 0.5113718 0.5323622 0.5369173 0.5342856 0.4829997 0.4979138 0.4403510 0.4836389 0.4792533 0.4961799 0.4655804 0.5090428 0.5121910 0.5406745 0.4930562 0.5364792 0.4886824 0.5338011 0.5557711 0.4848405 0.5160634 0.5332256 0.5025088 0.4846637 0.4977098 0.4685516 0.5287152 0.4843174 0.4747834 0.4883454 0.4939168 0.4904915 0.4810002 0.4631677 0.5140257 0.4749793 0.4985989 0.4701068 0.4780500 0.4825007 
HYZL          0.2973160 0.0000000 0.3655996 0.2986661 0.3847508 0.4486242 0.3919422 0.3698784 0.4307882 0.4073207 0.4075516 0.3363535 0.4060973 0.4156396 0.3849242 0.4049088 0.5217898 0.4055156 0.4254589 0.3702834 0.4148153 0.4081016 0.4043403 0.4155789 0.4170914 0.3813204 0.4155401 0.3712701 0.4095189 0.4089070 0.4238431 0.3915426 0.3940727 0.3913844 0.4733882 0.4333933 0.3807255 0.4335797 0.4054903 0.3974679 0.4039768 0.3914940 0.4151368 0.3880059 0.4231989 0.4163564 0.4174293 0.3959240 0.3813507 0.4172965 0.4375832 0.3648349 0.4124201 0.3825120 0.3713635 0.4247606 0.3924962 0.3835063 0.3897547 0.4010111 0.4015231 0.3496473 0.3693152 0.2469565 0.4089452 0.3844752 0.4007413 0.4298203 0.3648487 0.3968393 0.3811122 0.4101590 0.4387044 0.3963698 0.4038690 0.4044830 0.3690372 0.4005718 0.3418344 0.4170328 0.4238598 0.3945012 0.4088722 0.3659834 0.3909086 0.3909752 0.4032354 0.3982037 0.3851650 0.3987921 0.3977214 0.4335579 0.4015607 0.4193648 0.3851286 0.4044678 0.4443467 0.4050796 0.4067259 0.4103765 0.3607201 0.4132470 0.4066957 0.3957079 0.3909253 0.4160336 0.3953884 0.3498575 0.3524655 0.3812979 0.3894393 0.3809493 0.4166769 0.3672160 0.4016715 0.3986433 0.4291309 0.3949835 
SRR6441723    0.4965710 0.3655996 0.0000000 0.0821052 0.1033280 0.3614962 0.0884095 0.0942751 0.0839277 0.0844896 0.0966094 0.0708696 0.0980828 0.1055065 0.0797688 0.0951963 0.2686876 0.0852144 0.1059566 0.0715648 0.0361609 0.0828922 0.0885307 0.0806832 0.0999743 0.1357478 0.0832394 0.0751762 0.0829292 0.0839168 0.0878108 0.0801205 0.0877200 0.1126489 0.1194218 0.0972269 0.0884421 0.1591400 0.0827422 0.0851534 0.0835738 0.0909626 0.0969854 0.0961286 0.1148374 0.1789025 0.1167270 0.1049698 0.0993016 0.0915504 0.1395593 0.0677681 0.0844293 0.0718548 0.0749245 0.1023758 0.0913442 0.0908985 0.1202066 0.0836723 0.0963586 0.0723233 0.0830887 0.0855937 0.1061336 0.0886858 0.0961898 0.1558777 0.0761343 0.1343398 0.0953564 0.1151453 0.1322525 0.0856667 0.0874616 0.1800567 0.0679588 0.1608884 0.0994210 0.1125713 0.0609387 0.1159145 0.0881064 0.0874532 0.1279700 0.0921414 0.0949809 0.0651601 0.0952672 0.0758640 0.0796202 0.1078018 0.0780760 0.1088942 0.1280962 0.1097895 0.1152542 0.0925172 0.1074489 0.0465714 0.0873126 0.0883067 0.0847430 0.0911771 0.0838900 0.0842204 0.0913133 0.0864397 0.1031084 0.0733347 0.0913530 0.0752145 0.1021971 0.0796422 0.0846396 0.0897202 0.0832077 0.0795207 
ERR4210213    0.3796994 0.2986661 0.0821052 0.0000000 0.2096073 0.2345397 0.1365568 0.0912785 0.1939686 0.1052086 0.2218220 0.1092230 0.1232687 0.1571351 0.2582729 0.2759110 0.0000010 0.2263319 0.2681449 0.1349606 0.0362702 0.1203365 0.1198604 0.0900363 0.2382692 0.3347004 0.2034061 0.0912785 0.1348850 0.1701592 0.2717231 0.1514691 0.1518236 0.1729026 1.9901343 0.2283709 0.1684751 0.1052086 0.2050416 0.2193865 0.2393307 0.1675462 0.1052086 0.0926998 0.2540698 0.1860859 0.1540371 0.2545487 0.2039508 0.1674596 0.1528427 0.1053781 0.1214591 0.0912785 0.1053781 0.2062463 0.1053781 0.2002691 0.2861061 0.1808169 0.1721133 0.1224458 0.1775910 0.1533133 0.1225734 0.1382583 0.1869607 0.0000010 0.1232949 0.1913015 0.1793752 0.0000010 0.1824200 0.1380487 0.1921551 0.1527868 0.1058636 0.1860859 0.2041724 0.2498268 0.1230479 0.3831131 0.1204174 0.0908648 0.1860859 0.1052086 0.1493891 0.1206253 0.1859623 0.1808169 0.1808169 0.2717231 0.1567049 0.2367833 0.1659272 0.2771186 0.0000010 0.0933962 0.2861061 0.1593637 0.1077349 0.1052086 0.0900363 0.1210082 0.1199617 0.1055388 0.1691676 0.0912890 0.1080575 0.1501082 0.1531110 0.0912785 0.2140144 0.1232949 0.2405971 0.1230715 0.0000010 0.1697170 
ERR2789774    0.4898040 0.3847508 0.1033280 0.2096073 0.0000000 0.3905895 0.0891365 0.1196839 0.1251386 0.1016783 0.1423442 0.1183595 0.0998191 0.1196575 0.1413468 0.1470306 0.2475528 0.1250953 0.1583867 0.1031635 0.1511219 0.1031367 0.1048047 0.1024266 0.1374074 0.1367347 0.1256479 0.1164564 0.1030066 0.1269440 0.1548903 0.1074756 0.1341789 0.1078584 0.2483398 0.1561979 0.1017331 0.1528081 0.1271996 0.1194098 0.1137661 0.0787060 0.1057948 0.1350251 0.1612859 0.1679756 0.1177388 0.1618691 0.1634060 0.1142154 0.1809004 0.1195285 0.0987791 0.1202585 0.1226954 0.1436875 0.1304462 0.1268770 0.1420885 0.1204387 0.1216711 0.1244778 0.1114937 0.1759752 0.1783308 0.1318622 0.1390042 0.1491196 0.1196240 0.1411731 0.1604778 0.1425303 0.1466425 0.1188030 0.1364684 0.1654153 0.1199402 0.1622400 0.1099591 0.1639034 0.1381088 0.1585103 0.0974904 0.1240074 0.1373032 0.1017260 0.1010074 0.1314398 0.1397539 0.1169264 0.1168107 0.1660508 0.1083344 0.1493688 0.1489317 0.1564824 0.1341392 0.0991944 0.1484154 0.1449042 0.1210097 0.0985541 0.0922775 0.1005531 0.1269305 0.1005378 0.1312595 0.1262166 0.1452778 0.1080252 0.0971787 0.1231011 0.1327382 0.1159406 0.1326120 0.0900873 0.1189695 0.0881054 
PAFTOL_019361 0.5426781 0.4486242 0.3614962 0.2345397 0.3905895 0.0000000 0.3149140 0.3098354 0.3358297 0.3369968 0.3580189 0.2880971 0.3466101 0.3564247 0.3446818 0.3566668 0.5345679 0.3540531 0.3790296 0.3347414 0.3252953 0.3558299 0.3461155 0.3569816 0.3710206 0.4362687 0.3608324 0.2750779 0.3690410 0.3573173 0.3917051 0.3316440 0.3187010 0.3326136 0.3761268 0.3766325 0.3436531 0.3245171 0.3676064 0.3332545 0.3682511 0.3261942 0.3481777 0.3162071 0.3742041 0.3323078 0.3918031 0.3722578 0.3294359 0.3523822 0.3800289 0.2719121 0.3396345 0.2730144 0.2780507 0.3422647 0.3175348 0.3284723 0.3826239 0.3573092 0.3210106 0.2989279 0.3219054 0.1972188 0.3652048 0.3182097 0.3341940 0.6238540 0.3186030 0.2798464 0.3334478 0.4111639 0.3673902 0.3219821 0.3376391 0.3191895 0.2750652 0.2812889 0.4841488 0.3507519 0.3397254 0.4041259 0.3263260 0.3158269 0.2493804 0.3414747 0.3468058 0.3254902 0.3313121 0.3464183 0.3541119 0.3965627 0.3247092 0.3999711 0.2807348 0.3973846 0.4140369 0.3504727 0.3859135 0.3368720 0.2977012 0.3358593 0.3518419 0.3366227 0.3057646 0.3179211 0.3160086 0.2964954 0.3098372 0.3570453 0.3404481 0.2805065 0.3756234 0.3240039 0.3600457 0.3210701 0.2988941 0.3304122 
S0055         0.4725090 0.3919422 0.0884095 0.1365568 0.0891365 0.3149140 0.0000000 0.1002437 0.1336435 0.0609311 0.0982251 0.0967549 0.0688338 0.0739426 0.1123859 0.1360130 0.2448267 0.1049353 0.1423655 0.0785302 0.1308213 0.0853562 0.0695353 0.0700862 0.1055034 0.1401947 0.0964895 0.0991898 0.0949105 0.0912856 0.1322487 0.0727250 0.1060749 0.0771569 0.2113491 0.1128300 0.0659163 0.0959243 0.0920397 0.0819357 0.0907743 0.0734361 0.0664948 0.1285092 0.1382255 0.1861350 0.0998382 0.1343308 0.1329485 0.0733222 0.1472516 0.1009233 0.0611131 0.1070622 0.0992206 0.1315801 0.1313663 0.0860784 0.1498584 0.0941968 0.0807074 0.1061082 0.1057275 0.1297697 0.1399660 0.1067333 0.1145698 0.1035765 0.1247786 0.1745531 0.1386355 0.1464126 0.1470027 0.1034935 0.1177327 0.1772025 0.0992888 0.1899867 0.1063229 0.1514860 0.1249021 0.1500450 0.0821674 0.1093316 0.1671877 0.0660938 0.0676903 0.1171073 0.0839641 0.0847760 0.0905651 0.1510168 0.0684668 0.1182398 0.1415743 0.1437114 0.1343630 0.0649071 0.1565331 0.1326293 0.1001791 0.0609746 0.0594954 0.0375249 0.1175862 0.0735144 0.0937072 0.0997663 0.1193651 0.0863835 0.0675141 0.1066894 0.1074781 0.1268102 0.0892683 0.0584729 0.1812014 0.0605592 
S0196sl       0.4819225 0.3698784 0.0942751 0.0912785 0.1196839 0.3098354 0.1002437 0.0000000 0.0804457 0.1006967 0.1201908 0.0697607 0.1160617 0.1177413 0.1097176 0.1181062 0.2204697 0.1237311 0.1224803 0.1101504 0.0952786 0.1023459 0.1119960 0.1008042 0.1195918 0.1498395 0.1121021 0.0253743 0.1058246 0.1129920 0.1125744 0.1074305 0.1090938 0.1320006 0.2002621 0.1387213 0.1119620 0.1455402 0.1155916 0.1017586 0.1194081 0.1140506 0.1104221 0.0570326 0.1195978 0.1795418 0.1382713 0.1155918 0.0887001 0.1168521 0.1435692 0.0272053 0.1032107 0.0273147 0.0291051 0.1251801 0.0607563 0.1111212 0.1300503 0.1120350 0.0939889 0.0756890 0.0878769 0.0715672 0.1329598 0.1056556 0.1005768 0.1602932 0.0611124 0.1519641 0.1117789 0.1199242 0.1275267 0.1044203 0.1192880 0.1641240 0.0254027 0.1788826 0.1041525 0.1519016 0.1118148 0.1288685 0.1076250 0.0925395 0.1567872 0.1097753 0.1136498 0.0926485 0.1064235 0.1071220 0.1075820 0.1308253 0.0922002 0.1503287 0.1200854 0.1207076 0.1093591 0.0993015 0.1299627 0.1221039 0.0794956 0.1097792 0.0964870 0.1009441 0.0926329 0.1005337 0.1120697 0.0771493 0.0898991 0.1080331 0.1044154 0.0328990 0.1284819 0.0609983 0.1101959 0.1069861 0.1068378 0.1044248 
S0281         0.5229014 0.4307882 0.0839277 0.1939686 0.1251386 0.3358297 0.1336435 0.0804457 0.0000000 0.1407333 0.1477124 0.0922085 0.1552014 0.1547595 0.1425594 0.1245944 0.2070216 0.1408222 0.1278455 0.1344078 0.1109137 0.1375829 0.1487812 0.1457900 0.1497282 0.1561615 0.1378197 0.0606803 0.1516450 0.1387885 0.1230906 0.1385893 0.1353308 0.1556089 0.1851741 0.1521977 0.1481992 0.1827458 0.1285292 0.1356753 0.1537283 0.1478807 0.1522692 0.0871590 0.1227207 0.2044286 0.1662130 0.1162712 0.1137289 0.1551408 0.1697531 0.0657387 0.1451996 0.0712476 0.0641211 0.1533788 0.0847214 0.1392514 0.1415425 0.1528433 0.1278096 0.0982986 0.1105318 0.1938842 0.1656375 0.1268479 0.1303417 0.1709234 0.0905758 0.2027782 0.1211346 0.1292245 0.1135763 0.1381586 0.1506734 0.1955487 0.0641626 0.1979889 0.1190941 0.1705600 0.1214187 0.1482614 0.1362026 0.1126836 0.1803355 0.1509334 0.1478041 0.1126721 0.1336924 0.1420929 0.1487922 0.1372819 0.1210745 0.1634882 0.1291246 0.1273118 0.1151056 0.1461151 0.1456594 0.1120871 0.1088688 0.1468609 0.1475089 0.1387642 0.1124651 0.1407279 0.1398229 0.1025866 0.1203916 0.1390140 0.1450968 0.0745042 0.1520900 0.0923109 0.1499533 0.1385490 0.1210803 0.1417183 
S0282         0.4841185 0.4073207 0.0844896 0.1052086 0.1016783 0.3369968 0.0609311 0.1006967 0.1407333 0.0000000 0.1119853 0.0986528 0.0197742 0.0456072 0.1232369 0.1424032 0.2418313 0.1183622 0.1513416 0.0860476 0.1226317 0.0781047 0.0164382 0.0307368 0.1130630 0.1227806 0.1053444 0.0971192 0.0909901 0.0982861 0.1375218 0.0830647 0.1052468 0.0770341 0.1987344 0.1166462 0.0421221 0.0552039 0.1017335 0.0910429 0.1054345 0.0787380 0.0165687 0.1237583 0.1448951 0.1901111 0.1130993 0.1439609 0.1261331 0.0353456 0.1445915 0.0932483 0.0119330 0.1030462 0.0971494 0.1308214 0.1226852 0.0987418 0.1554197 0.0993673 0.0902479 0.1041910 0.1013970 0.0588663 0.1357741 0.0963289 0.1022828 0.0776324 0.1248592 0.1714743 0.1342396 0.1489233 0.1440780 0.1031933 0.1219164 0.1747467 0.0954224 0.1830071 0.1067329 0.1443158 0.1240524 0.1616638 0.0554743 0.1227735 0.1596539 0.0195022 0.0418441 0.1106885 0.0947633 0.0898751 0.0957161 0.1599749 0.0775433 0.1290741 0.1354482 0.1437926 0.1280208 0.0228278 0.1582143 0.1224489 0.1021426 0.0179715 0.0243389 0.0611642 0.1231457 0.0504764 0.1093052 0.1033296 0.1212589 0.0937098 0.0435764 0.1026894 0.1146981 0.1266771 0.1039755 0.0166826 0.1713489 0.0337717 
S0289         0.5113023 0.4075516 0.0966094 0.2218220 0.1423442 0.3580189 0.0982251 0.1201908 0.1477124 0.1119853 0.0000000 0.1177220 0.1251228 0.1308845 0.0474970 0.1562268 0.2344085 0.0359672 0.1649085 0.0401805 0.1446347 0.1164054 0.1214858 0.1245854 0.0388827 0.1548573 0.0405914 0.1214455 0.1226380 0.0406526 0.1534803 0.0651199 0.1332740 0.1220900 0.2264037 0.0441370 0.1213020 0.1572183 0.0273856 0.0778523 0.0771038 0.1104432 0.1224158 0.1545605 0.1681323 0.2126298 0.1348972 0.1550806 0.1525436 0.1200337 0.1655504 0.1232422 0.1161384 0.1298063 0.1253204 0.1566617 0.1532981 0.0892386 0.1789326 0.0680171 0.0705803 0.1270765 0.1294030 0.1770851 0.1541452 0.1321527 0.1362551 0.1516523 0.1398252 0.2058214 0.1676835 0.1613004 0.1776197 0.1403133 0.1531460 0.2011272 0.1215691 0.2207136 0.0872894 0.1657596 0.1456899 0.1840544 0.1076048 0.1361213 0.2008461 0.1197398 0.1210799 0.1304489 0.0333670 0.0592365 0.0645939 0.1756510 0.0608507 0.0425117 0.1651541 0.1620400 0.1502783 0.1187669 0.1840713 0.1458688 0.1347965 0.1139832 0.1161856 0.1090088 0.1401480 0.1026279 0.0982558 0.1278962 0.1467649 0.0437548 0.1185390 0.1333336 0.0345106 0.1416779 0.0927747 0.1174766 0.1993677 0.1129567 
S0292         0.4873634 0.3363535 0.0708696 0.1092230 0.1183595 0.2880971 0.0967549 0.0697607 0.0922085 0.0986528 0.1177220 0.0000000 0.1077061 0.1136471 0.1126311 0.1026194 0.2044884 0.1183855 0.1081424 0.0928487 0.0838395 0.1097692 0.0965797 0.0969692 0.1170556 0.1300816 0.1088296 0.0542074 0.1243270 0.0995248 0.1018015 0.0887573 0.0906549 0.1136551 0.1519377 0.1248709 0.1084102 0.1348041 0.1003557 0.1037937 0.1086271 0.1064048 0.1070865 0.0862547 0.1007199 0.1731157 0.1250243 0.1019031 0.0752021 0.1066992 0.1211716 0.0558813 0.1008152 0.0614287 0.0559404 0.1064741 0.0835572 0.1039661 0.1094945 0.1041524 0.0928910 0.0567637 0.0665522 0.0885701 0.1249480 0.0914291 0.0972461 0.1596330 0.0886195 0.1581140 0.0829113 0.0953058 0.1090403 0.0905424 0.1053433 0.1602508 0.0542615 0.1623320 0.0977080 0.1362482 0.0675395 0.1085323 0.0919489 0.0419864 0.1476052 0.1063796 0.0996879 0.0630909 0.1014839 0.0941579 0.1003141 0.1163801 0.0873324 0.1312725 0.0936826 0.1021838 0.0981406 0.0936877 0.1096031 0.0848469 0.0093207 0.1023711 0.0988102 0.0948681 0.0420337 0.0852898 0.1128793 0.0219670 0.0221137 0.1009114 0.0956726 0.0612203 0.1163936 0.0904187 0.1127936 0.0981904 0.1229947 0.0922087 
S0293         0.5025546 0.4060973 0.0980828 0.1232687 0.0998191 0.3466101 0.0688338 0.1160617 0.1552014 0.0197742 0.1251228 0.1077061 0.0000000 0.0513055 0.1349763 0.1489574 0.2502172 0.1297460 0.1602923 0.0986014 0.1383395 0.0897684 0.0276036 0.0393111 0.1261478 0.1353491 0.1181608 0.1099287 0.1031260 0.1109059 0.1486017 0.0932854 0.1162160 0.0834675 0.2123111 0.1300276 0.0493617 0.0666523 0.1108534 0.0975479 0.1143196 0.0909001 0.0246499 0.1352305 0.1532620 0.2018379 0.1225774 0.1501588 0.1418168 0.0440268 0.1548742 0.1097115 0.0198305 0.1161211 0.1099628 0.1378656 0.1340368 0.1072356 0.1644458 0.1080567 0.0949462 0.1192692 0.1129127 0.0732934 0.1476523 0.1070611 0.1132373 0.0854598 0.1392502 0.1789404 0.1409032 0.1584938 0.1634761 0.1123097 0.1292923 0.1815063 0.1081842 0.1903833 0.1191466 0.1524735 0.1319477 0.1732210 0.0682514 0.1326776 0.1668358 0.0244811 0.0507493 0.1260495 0.1076732 0.0982918 0.1043133 0.1735089 0.0896453 0.1407670 0.1488890 0.1565498 0.1344809 0.0311382 0.1653018 0.1406250 0.1152533 0.0260374 0.0326804 0.0691012 0.1284613 0.0578260 0.1183270 0.1164045 0.1307020 0.1105969 0.0491995 0.1157088 0.1280151 0.1411192 0.1151959 0.0231209 0.1782394 0.0424064 
S0294         0.4926031 0.4156396 0.1055065 0.1571351 0.1196575 0.3564247 0.0739426 0.1177413 0.1547595 0.0456072 0.1308845 0.1136471 0.0513055 0.0000000 0.1367633 0.1498795 0.2557940 0.1396460 0.1689632 0.1039549 0.1419487 0.0974038 0.0440006 0.0560757 0.1357975 0.1451585 0.1237238 0.1151738 0.1054916 0.1203573 0.1452037 0.1024294 0.1238813 0.0922465 0.2196285 0.1357570 0.0666023 0.0846805 0.1210687 0.1029577 0.1202453 0.1000683 0.0509898 0.1367092 0.1574022 0.2132659 0.1240349 0.1499037 0.1436222 0.0575165 0.1659345 0.1149465 0.0457412 0.1194546 0.1152092 0.1447762 0.1395501 0.1108033 0.1719568 0.1176866 0.1067766 0.1247034 0.1186362 0.0471611 0.1539219 0.1125257 0.1234400 0.0897079 0.1356703 0.1915248 0.1543212 0.1718026 0.1631029 0.1187651 0.1375628 0.1971904 0.1152904 0.2130585 0.1283725 0.1585391 0.1412968 0.1808420 0.0842393 0.1357460 0.1897313 0.0489669 0.0661388 0.1255034 0.1094817 0.1077258 0.1136964 0.1626997 0.0950362 0.1550176 0.1505098 0.1565017 0.1335895 0.0493280 0.1748271 0.1398741 0.1216276 0.0456400 0.0491501 0.0835154 0.1445525 0.0773521 0.1280474 0.1236748 0.1400175 0.1164331 0.0679179 0.1190308 0.1378214 0.1375153 0.1133255 0.0429759 0.1795099 0.0575062 
S0299         0.5269327 0.3849242 0.0797688 0.2582729 0.1413468 0.3446818 0.1123859 0.1097176 0.1425594 0.1232369 0.0474970 0.1126311 0.1349763 0.1367633 0.0000000 0.1353882 0.2074420 0.0545670 0.1352048 0.0430315 0.1310467 0.1263680 0.1334129 0.1311164 0.0691675 0.1497613 0.0475619 0.1146645 0.1284912 0.0496933 0.1211693 0.0909110 0.1268171 0.1412067 0.2310540 0.0543437 0.1249215 0.1718259 0.0406112 0.0820453 0.0837415 0.1144567 0.1341353 0.1390230 0.1438523 0.2277314 0.1494456 0.1293236 0.1398555 0.1313920 0.1590339 0.1121615 0.1261025 0.1174874 0.1194743 0.1533345 0.1407108 0.0855559 0.1508068 0.0764850 0.0774112 0.1185494 0.1205100 0.2086634 0.1471038 0.1253758 0.1356389 0.1432096 0.1148782 0.1970470 0.1611711 0.1242803 0.1614059 0.1302721 0.1354701 0.2103123 0.1148106 0.2280056 0.0999649 0.1641391 0.1427535 0.1597351 0.1228064 0.1353822 0.2017275 0.1259931 0.1274211 0.1260171 0.0423270 0.0739689 0.0742952 0.1487321 0.0676600 0.0625744 0.1590360 0.1322118 0.1231322 0.1190416 0.1539858 0.1298909 0.1253066 0.1235325 0.1260325 0.1162812 0.1279458 0.1178649 0.1026095 0.1249543 0.1348353 0.0476039 0.1119311 0.1220188 0.0726713 0.1146373 0.0965613 0.1277751 0.1237422 0.1198342 
S0303         0.5191052 0.4049088 0.0951963 0.2759110 0.1470306 0.3566668 0.1360130 0.1181062 0.1245944 0.1424032 0.1562268 0.1026194 0.1489574 0.1498795 0.1353882 0.0000000 0.1657547 0.1525856 0.0193811 0.1330044 0.1366077 0.1519112 0.1360395 0.1456886 0.1432597 0.1713166 0.1385308 0.0995944 0.1606886 0.1373629 0.0164006 0.1411738 0.1251128 0.1547472 0.1447896 0.1556408 0.1406938 0.1736930 0.1270136 0.1342044 0.1558150 0.1466941 0.1476054 0.1183871 0.0257324 0.2222976 0.1640692 0.0180199 0.1197887 0.1533887 0.1556226 0.1013649 0.1428778 0.1035139 0.1014769 0.1542306 0.1196507 0.1402461 0.1001952 0.1465884 0.1294652 0.0950363 0.0584453 0.2158379 0.1445996 0.1222333 0.1239663 0.1490750 0.1253611 0.1975163 0.1410651 0.0892174 0.0769952 0.1315865 0.1448763 0.2103285 0.0996959 0.2185072 0.1509882 0.1692375 0.1320085 0.1026650 0.1482625 0.1265348 0.1920478 0.1487317 0.1434902 0.1223763 0.1333514 0.1377480 0.1424776 0.0215818 0.1196643 0.1640209 0.1022685 0.0195081 0.0153642 0.1372301 0.0925914 0.1317545 0.1181611 0.1445780 0.1383575 0.1431541 0.1201950 0.1321381 0.1595982 0.1021713 0.1304497 0.1311626 0.1372209 0.1072570 0.1497292 0.1272123 0.1655618 0.1377319 0.1365432 0.1352726 
S0308         0.6279068 0.5217898 0.2686876 0.0000010 0.2475528 0.5345679 0.2448267 0.2204697 0.2070216 0.2418313 0.2344085 0.2044884 0.2502172 0.2557940 0.2074420 0.1657547 0.0000000 0.2431819 0.1706752 0.2222478 0.2350006 0.2499301 0.2387237 0.2482732 0.2156224 0.2800178 0.2160232 0.1935720 0.2759113 0.2240064 0.1612418 0.2527757 0.2209679 0.2633194 0.1892489 0.2385788 0.2402966 0.2841452 0.2083719 0.2463676 0.2405869 0.2538899 0.2501329 0.2058063 0.1709880 0.3327130 0.2926733 0.1627866 0.2098320 0.2488208 0.2526985 0.1959716 0.2393611 0.1993138 0.1881902 0.2401882 0.2080181 0.2521682 0.1747385 0.2311514 0.2362117 0.2012558 0.1395021 0.0000010 0.2605151 0.2269374 0.2171520 0.3377027 0.2001530 0.2884521 0.2171043 0.1921764 0.1756868 0.2392687 0.2580733 0.2983281 0.1936804 0.2980128 0.2597204 0.2570400 0.2291070 0.1944379 0.2435272 0.2206839 0.2675210 0.2377659 0.2306142 0.2292187 0.2182141 0.2246136 0.2256184 0.1796383 0.2355932 0.2389752 0.1904351 0.1541943 0.1667487 0.2283218 0.1727229 0.2327145 0.2231733 0.2347710 0.2411968 0.2478418 0.2097850 0.2249407 0.2673232 0.2059329 0.2163294 0.2338103 0.2397588 0.2075466 0.2336210 0.1998515 0.2564318 0.2210624 0.2280420 0.2280025 
S0320         0.5334082 0.4055156 0.0852144 0.2263319 0.1250953 0.3540531 0.1049353 0.1237311 0.1408222 0.1183622 0.0359672 0.1183855 0.1297460 0.1396460 0.0545670 0.1525856 0.2431819 0.0000000 0.1736970 0.0436774 0.1544416 0.1212700 0.1278074 0.1266623 0.0508517 0.1341665 0.0407864 0.1200413 0.1330575 0.0424957 0.1575133 0.0725098 0.1324237 0.1299435 0.2311123 0.0513275 0.1261574 0.1568666 0.0325943 0.0674693 0.0665459 0.1135230 0.1292664 0.1509020 0.1679925 0.2169940 0.1330711 0.1592175 0.1551912 0.1344920 0.1627509 0.1180141 0.1225963 0.1262499 0.1239227 0.1622157 0.1496688 0.0807302 0.1799231 0.0664125 0.0527223 0.1292307 0.1322177 0.1596056 0.1635524 0.1294159 0.1354870 0.1400808 0.1411423 0.2083932 0.1633963 0.1625793 0.1812643 0.1456731 0.1586643 0.2053303 0.1201639 0.2233037 0.0835410 0.1695928 0.1575381 0.1828618 0.1099568 0.1429090 0.2040063 0.1262404 0.1275775 0.1372327 0.0419657 0.0576483 0.0629932 0.1817409 0.0577686 0.0581313 0.1670819 0.1583816 0.1509810 0.1253005 0.1850973 0.1467831 0.1415911 0.1242507 0.1227086 0.1076639 0.1455939 0.1068685 0.0948917 0.1280568 0.1560965 0.0457347 0.1252238 0.1297762 0.0482231 0.1430121 0.0912936 0.1220146 0.1983371 0.1193025 
S0322         0.5595431 0.4254589 0.1059566 0.2681449 0.1583867 0.3790296 0.1423655 0.1224803 0.1278455 0.1513416 0.1649085 0.1081424 0.1602923 0.1689632 0.1352048 0.0193811 0.1706752 0.1736970 0.0000000 0.1455146 0.1384440 0.1585492 0.1446933 0.1572507 0.1537243 0.1890147 0.1542311 0.1027499 0.1679243 0.1463518 0.0185425 0.1569964 0.1377590 0.1645330 0.1157968 0.1694457 0.1518883 0.1800194 0.1493642 0.1499622 0.1653437 0.1512167 0.1571791 0.1243424 0.0113558 0.2379464 0.1732519 0.0117558 0.1213170 0.1583128 0.1701347 0.1026665 0.1518632 0.1068094 0.1027833 0.1663205 0.1300282 0.1473968 0.0986552 0.1513424 0.1437256 0.0980575 0.0638724 0.3114598 0.1597600 0.1391434 0.1363945 0.1777656 0.1298912 0.2086505 0.1408156 0.0940665 0.0842216 0.1423044 0.1544087 0.2275803 0.0990417 0.2246475 0.1443813 0.1851736 0.1405277 0.0989977 0.1530839 0.1307860 0.1973542 0.1579510 0.1482973 0.1345200 0.1433472 0.1442373 0.1470826 0.0221405 0.1359067 0.1803225 0.0994555 0.0200829 0.0228212 0.1435128 0.0948605 0.1348533 0.1217684 0.1536143 0.1516454 0.1474808 0.1258172 0.1359929 0.1672681 0.1075143 0.1347748 0.1388357 0.1525251 0.1106817 0.1680207 0.1318099 0.1755256 0.1423348 0.1352572 0.1440523 
S0327         0.5104161 0.3702834 0.0715648 0.1349606 0.1031635 0.3347414 0.0785302 0.1101504 0.1344078 0.0860476 0.0401805 0.0928487 0.0986014 0.1039549 0.0430315 0.1330044 0.2222478 0.0436774 0.1455146 0.0000000 0.1363853 0.0945450 0.0954760 0.0960554 0.0502457 0.1196827 0.0301809 0.1088123 0.1103434 0.0253449 0.1256680 0.0509666 0.1112424 0.1096297 0.1878633 0.0371555 0.0954551 0.1268640 0.0265524 0.0620097 0.0507405 0.0944523 0.0905125 0.1332103 0.1424578 0.2039997 0.1241997 0.1316528 0.1295758 0.1016167 0.1392770 0.1106259 0.0900438 0.1149928 0.1088469 0.1345393 0.1385271 0.0699815 0.1536853 0.0420065 0.0557362 0.0987004 0.1056568 0.0950448 0.1409908 0.1105332 0.1185554 0.1255953 0.1254221 0.1983339 0.1422907 0.1478223 0.1617123 0.1221344 0.1308387 0.1967329 0.1089252 0.2098220 0.0599125 0.1451146 0.1335877 0.1568522 0.0895503 0.1156052 0.1870723 0.0918207 0.0970248 0.1239092 0.0260224 0.0368354 0.0386633 0.1512893 0.0502150 0.0544385 0.1469594 0.1341134 0.1412766 0.0884201 0.1607927 0.1337357 0.1081613 0.0899169 0.0902723 0.0867071 0.1260494 0.0844527 0.0897173 0.1076697 0.1204122 0.0396565 0.0909907 0.1145765 0.0476058 0.1273020 0.0748444 0.0911616 0.1964316 0.0854024 
S0335         0.5072877 0.4148153 0.0361609 0.0362702 0.1511219 0.3252953 0.1308213 0.0952786 0.1109137 0.1226317 0.1446347 0.0838395 0.1383395 0.1419487 0.1310467 0.1366077 0.2350006 0.1544416 0.1384440 0.1363853 0.0000000 0.1343947 0.1305909 0.1334283 0.1434669 0.1831804 0.1356374 0.0762262 0.1380274 0.1344523 0.1271865 0.1399944 0.1283232 0.1573194 0.1877231 0.1485092 0.1351111 0.1618026 0.1316379 0.1465772 0.1499782 0.1390087 0.1375521 0.1036253 0.1342725 0.2163382 0.1630347 0.1303598 0.1273599 0.1448744 0.1564864 0.0760852 0.1308218 0.0780125 0.0814419 0.1552543 0.1047587 0.1399717 0.1654392 0.1411059 0.1373768 0.0955863 0.1114908 0.1117575 0.1500181 0.1297119 0.1376514 0.1745790 0.1063498 0.1999967 0.1239031 0.1493715 0.1382907 0.1269882 0.1422125 0.2001598 0.0780157 0.2128841 0.1250796 0.1765641 0.0875356 0.1683096 0.1242404 0.1058085 0.1919479 0.1363746 0.1374299 0.0821433 0.1291565 0.1306852 0.1351431 0.1432055 0.1264588 0.1578106 0.1383766 0.1305144 0.1297488 0.1316285 0.1613963 0.0734452 0.1003086 0.1324552 0.1330242 0.1295385 0.1025285 0.1209305 0.1501686 0.0944792 0.1097752 0.1267688 0.1318111 0.0850373 0.1483888 0.1081226 0.1509613 0.1285616 0.1396474 0.1337988 
S0376         0.5149778 0.4081016 0.0828922 0.1203365 0.1031367 0.3558299 0.0853562 0.1023459 0.1375829 0.0781047 0.1164054 0.1097692 0.0897684 0.0974038 0.1263680 0.1519112 0.2499301 0.1212700 0.1585492 0.0945450 0.1343947 0.0000000 0.0851073 0.0893559 0.1216301 0.1277995 0.1161549 0.1080371 0.0402502 0.1030749 0.1431518 0.0949273 0.1323567 0.0859867 0.2190775 0.1211213 0.0853980 0.1126431 0.1087502 0.1129603 0.1196257 0.0904579 0.0876571 0.1296036 0.1499491 0.2082026 0.1128009 0.1493983 0.1478664 0.0942019 0.1698390 0.1097809 0.0780015 0.1141436 0.1080702 0.1590759 0.1364352 0.1168711 0.1655591 0.1133962 0.1112329 0.1171945 0.1111398 0.1578439 0.1646028 0.1254851 0.1318300 0.1524537 0.1263519 0.2050374 0.1544476 0.1526793 0.1536429 0.1372212 0.1522971 0.1992527 0.1081448 0.2149378 0.1135306 0.1716554 0.1464255 0.1692607 0.0834364 0.1299056 0.1953285 0.0869481 0.0848969 0.1262324 0.1034690 0.1036989 0.1096875 0.1667551 0.0992665 0.1329538 0.1497378 0.1583745 0.1430066 0.0858786 0.1704715 0.1509373 0.1207853 0.0815856 0.0816541 0.0933712 0.1307654 0.0817417 0.1239980 0.1162612 0.1307006 0.1107575 0.0831073 0.1156277 0.1239193 0.1281650 0.1144306 0.0846906 0.1766905 0.0775818 
S0400         0.4840574 0.4043403 0.0885307 0.1198604 0.1048047 0.3461155 0.0695353 0.1119960 0.1487812 0.0164382 0.1214858 0.0965797 0.0276036 0.0440006 0.1334129 0.1360395 0.2387237 0.1278074 0.1446933 0.0954760 0.1305909 0.0851073 0.0000000 0.0355145 0.1225168 0.1294192 0.1148111 0.1044374 0.0981843 0.1076649 0.1330267 0.0921312 0.1089774 0.0805530 0.1904537 0.1264348 0.0503368 0.0656292 0.1115057 0.1019893 0.1148019 0.0840085 0.0242956 0.1294615 0.1384050 0.1991158 0.1111040 0.1372621 0.1258787 0.0401456 0.1445985 0.1042345 0.0195478 0.1104648 0.1044696 0.1328143 0.1283358 0.1098355 0.1511854 0.1085991 0.0999099 0.1077241 0.0957990 0.0714560 0.1398882 0.0998637 0.1040207 0.0833026 0.1369430 0.1813961 0.1360312 0.1439726 0.1464676 0.1069755 0.1277963 0.1835370 0.1027278 0.1924688 0.1211891 0.1462230 0.1259732 0.1552381 0.0554208 0.1245231 0.1692206 0.0272214 0.0500033 0.1164113 0.1023495 0.0989281 0.1048930 0.1535353 0.0885164 0.1389425 0.1306296 0.1371878 0.1181753 0.0306865 0.1539421 0.1305037 0.1038568 0.0256653 0.0321628 0.0698020 0.1269470 0.0521589 0.1207197 0.1088232 0.1230115 0.1074197 0.0517834 0.1100799 0.1223504 0.1387818 0.1113556 0.0228952 0.1788433 0.0417877 
S0405         0.4858903 0.4155789 0.0806832 0.0900363 0.1024266 0.3569816 0.0700862 0.1008042 0.1457900 0.0307368 0.1245854 0.0969692 0.0393111 0.0560757 0.1311164 0.1456886 0.2482732 0.1266623 0.1572507 0.0960554 0.1334283 0.0893559 0.0355145 0.0000000 0.1216652 0.1300816 0.1176618 0.0977263 0.1004441 0.1104412 0.1427852 0.0909430 0.1118874 0.0861327 0.2116876 0.1294618 0.0540925 0.0571289 0.1080824 0.1030131 0.1099046 0.0902773 0.0358050 0.1282808 0.1460011 0.2026137 0.1097329 0.1471077 0.1369719 0.0421127 0.1521055 0.0975359 0.0308252 0.1036942 0.0977568 0.1422315 0.1293962 0.1107564 0.1523746 0.1095144 0.0966211 0.1122361 0.1023617 0.0461638 0.1450976 0.1028221 0.1089129 0.0783027 0.1298408 0.1809217 0.1330426 0.1549600 0.1599373 0.1040735 0.1249510 0.1823919 0.0978241 0.1900766 0.1019753 0.1498727 0.1288909 0.1608208 0.0659839 0.1235933 0.1665761 0.0355312 0.0520915 0.1172518 0.1070704 0.0997581 0.1057769 0.1634091 0.0892765 0.1438277 0.1413806 0.1491121 0.1287834 0.0213916 0.1510732 0.1374505 0.1047018 0.0339276 0.0213180 0.0703569 0.1239706 0.0558850 0.1176780 0.1035974 0.1240173 0.1063849 0.0538976 0.1033331 0.1234505 0.1316786 0.1162357 0.0328098 0.1776477 0.0405078 
S0407sl       0.5119828 0.4170914 0.0999743 0.2382692 0.1374074 0.3710206 0.1055034 0.1195918 0.1497282 0.1130630 0.0388827 0.1170556 0.1261478 0.1357975 0.0691675 0.1432597 0.2156224 0.0508517 0.1537243 0.0502457 0.1434669 0.1216301 0.1225168 0.1216652 0.0000000 0.1507506 0.0436945 0.1109789 0.1339275 0.0488424 0.1424577 0.0698258 0.1313041 0.1330085 0.2148158 0.0577111 0.1268302 0.1539012 0.0409003 0.0812358 0.0820273 0.1098250 0.1237047 0.1472050 0.1538806 0.2138352 0.1354566 0.1461516 0.1493750 0.1209796 0.1681682 0.1127430 0.1171986 0.1190950 0.1147607 0.1649069 0.1460161 0.0925503 0.1648408 0.0694453 0.0722908 0.1222671 0.1163689 0.2147454 0.1571141 0.1304477 0.1326014 0.1785017 0.1351476 0.2014541 0.1671184 0.1457662 0.1693738 0.1484605 0.1592501 0.1999350 0.1110906 0.2119509 0.1206922 0.1774261 0.1410537 0.1725797 0.1106703 0.1350852 0.1921705 0.1207802 0.1241377 0.1334376 0.0467353 0.0606729 0.0660276 0.1625609 0.0696131 0.0525518 0.1611729 0.1485532 0.1317608 0.1159140 0.1697778 0.1452727 0.1337675 0.1188321 0.1136092 0.1119707 0.1372123 0.1037514 0.1071624 0.1229971 0.1479085 0.0385267 0.1198204 0.1187673 0.0183227 0.1369851 0.0957038 0.1144035 0.1731588 0.1140221 
S0412sl       0.4934176 0.3813204 0.1357478 0.3347004 0.1367347 0.4362687 0.1401947 0.1498395 0.1561615 0.1227806 0.1548573 0.1300816 0.1353491 0.1451585 0.1497613 0.1713166 0.2800178 0.1341665 0.1890147 0.1196827 0.1831804 0.1277995 0.1294192 0.1300816 0.1507506 0.0000000 0.1319852 0.1363601 0.1181360 0.1298137 0.1796849 0.1328356 0.1645744 0.1304379 0.2715552 0.1550175 0.1123617 0.1954073 0.1230205 0.1414960 0.1399657 0.1183118 0.1337513 0.1703718 0.1959062 0.2619203 0.1239536 0.1928955 0.1882788 0.1321401 0.1926046 0.1359067 0.1191496 0.1401107 0.1359586 0.1657557 0.1612085 0.1351309 0.1848784 0.1498791 0.1285374 0.1447509 0.1346572 0.2563422 0.1882019 0.1583708 0.1661159 0.1560343 0.1652567 0.2266147 0.2064891 0.1256240 0.1772838 0.1603634 0.1789573 0.2534136 0.1363811 0.2544320 0.1320659 0.1919327 0.1804265 0.1864926 0.1119128 0.1498562 0.2246651 0.1326316 0.1251392 0.1594657 0.1463385 0.1358086 0.1426381 0.1978218 0.1125274 0.1654714 0.1680536 0.1929628 0.1415369 0.1268792 0.1768557 0.1512748 0.1393339 0.1261124 0.1195617 0.1313983 0.1648516 0.1150434 0.1401150 0.1522250 0.1495322 0.1160118 0.1179202 0.1396155 0.1493811 0.1684441 0.1444086 0.1183142 0.2374416 0.1086668 
S0417         0.5050591 0.4155401 0.0832394 0.2034061 0.1256479 0.3608324 0.0964895 0.1121021 0.1378197 0.1053444 0.0405914 0.1088296 0.1181608 0.1237238 0.0475619 0.1385308 0.2160232 0.0407864 0.1542311 0.0301809 0.1356374 0.1161549 0.1148111 0.1176618 0.0436945 0.1319852 0.0000000 0.1087861 0.1282395 0.0292587 0.1363680 0.0578014 0.1169062 0.1168311 0.2084744 0.0377515 0.1147367 0.1494845 0.0240950 0.0669518 0.0662176 0.1138392 0.1157788 0.1386965 0.1543110 0.2080332 0.1318167 0.1440383 0.1369714 0.1210376 0.1444875 0.1105425 0.1094036 0.1168476 0.1125467 0.1482303 0.1375842 0.0781533 0.1561888 0.0574032 0.0613233 0.1182937 0.1142198 0.1408807 0.1422865 0.1140884 0.1178218 0.1361546 0.1269758 0.1933003 0.1578751 0.1461342 0.1571963 0.1320100 0.1427568 0.1987919 0.1088953 0.2122664 0.0863653 0.1566043 0.1348186 0.1658893 0.0993942 0.1308968 0.1953135 0.1129518 0.1103254 0.1253577 0.0251657 0.0488712 0.0540603 0.1628820 0.0538017 0.0543993 0.1488487 0.1440500 0.1397040 0.1119489 0.1610179 0.1349016 0.1235424 0.1091168 0.1078275 0.1023796 0.1331855 0.0962747 0.0939852 0.1171357 0.1396316 0.0303834 0.1099432 0.1165274 0.0410328 0.1287980 0.0850834 0.1086946 0.1732424 0.1063449 
S0419         0.4519677 0.3712701 0.0751762 0.0912785 0.1164564 0.2750779 0.0991898 0.0253743 0.0606803 0.0971192 0.1214455 0.0542074 0.1099287 0.1151738 0.1146645 0.0995944 0.1935720 0.1200413 0.1027499 0.1088123 0.0762262 0.1080371 0.1044374 0.0977263 0.1109789 0.1363601 0.1087861 0.0000000 0.1194170 0.1093928 0.0994575 0.1029913 0.0893472 0.1209740 0.1480264 0.1306634 0.1028417 0.1337357 0.1073068 0.0982218 0.1205153 0.1083265 0.1072642 0.0489634 0.0975100 0.1695252 0.1349493 0.1009184 0.0766532 0.1104698 0.1224906 0.0103876 0.1010708 0.0149771 0.0089014 0.1117028 0.0469823 0.1059077 0.1115634 0.1142341 0.0936584 0.0643572 0.0668429 0.0715672 0.1243516 0.0883881 0.0898551 0.1671615 0.0536623 0.1456162 0.0821938 0.1008910 0.1010647 0.0856484 0.0996333 0.1506257 0.0089066 0.1614655 0.1091676 0.1267363 0.0838693 0.1163153 0.1007486 0.0759738 0.1432407 0.1063733 0.1075288 0.0638702 0.1021332 0.1044600 0.1104971 0.1144054 0.0903210 0.1403931 0.0905475 0.1033799 0.0954665 0.0979291 0.1116695 0.0970066 0.0671264 0.1026788 0.0993590 0.0995666 0.0759106 0.0934900 0.1085093 0.0566721 0.0758507 0.1074925 0.1037138 0.0179788 0.1203071 0.0553055 0.1207371 0.0985732 0.0813985 0.1000650 
S0427         0.5142526 0.4095189 0.0829292 0.1348850 0.1030066 0.3690410 0.0949105 0.1058246 0.1516450 0.0909901 0.1226380 0.1243270 0.1031260 0.1054916 0.1284912 0.1606886 0.2759113 0.1330575 0.1679243 0.1103434 0.1380274 0.0402502 0.0981843 0.1004441 0.1339275 0.1181360 0.1282395 0.1194170 0.0000000 0.1187048 0.1517309 0.1145446 0.1405475 0.0861816 0.2347953 0.1360107 0.0949099 0.1269627 0.1252929 0.1211031 0.1318677 0.1001303 0.1009122 0.1504680 0.1632103 0.2209886 0.1129773 0.1582495 0.1589807 0.0965616 0.1767091 0.1211842 0.0908695 0.1214896 0.1194531 0.1678183 0.1532649 0.1231398 0.1813443 0.1216358 0.1195565 0.1349539 0.1300261 0.1579810 0.1733660 0.1356003 0.1440663 0.1526082 0.1452052 0.2218567 0.1658421 0.1682308 0.1612019 0.1436607 0.1629770 0.2163115 0.1195367 0.2308982 0.1040950 0.1829960 0.1554855 0.1831754 0.0981813 0.1425393 0.2115851 0.1000836 0.0943493 0.1309382 0.1114860 0.1117269 0.1178583 0.1715970 0.1016391 0.1460877 0.1576861 0.1675234 0.1472070 0.0990845 0.1841524 0.1661478 0.1331233 0.0909848 0.0968479 0.1086596 0.1476561 0.0945903 0.1264297 0.1260232 0.1455769 0.1212747 0.0961672 0.1271708 0.1404483 0.1470578 0.1151639 0.0979548 0.2120418 0.0868392 
S0428sl       0.5308557 0.4089070 0.0839168 0.1701592 0.1269440 0.3573173 0.0912856 0.1129920 0.1387885 0.0982861 0.0406526 0.0995248 0.1109059 0.1203573 0.0496933 0.1373629 0.2240064 0.0424957 0.1463518 0.0253449 0.1344523 0.1030749 0.1076649 0.1104412 0.0488424 0.1298137 0.0292587 0.1093928 0.1187048 0.0000000 0.1322009 0.0528820 0.1154784 0.1178546 0.1961952 0.0394478 0.1093834 0.1417746 0.0257762 0.0690291 0.0577168 0.1029876 0.1085707 0.1374561 0.1444345 0.2065676 0.1284288 0.1409575 0.1335444 0.1079702 0.1452902 0.1111582 0.1022911 0.1175007 0.1094266 0.1487542 0.1403063 0.0767383 0.1529080 0.0490737 0.0616264 0.1090726 0.1067935 0.1267517 0.1448911 0.1126464 0.1184943 0.1234139 0.1321105 0.1950142 0.1439329 0.1375944 0.1533832 0.1324830 0.1432635 0.1971524 0.1095032 0.2091035 0.0823502 0.1619212 0.1336230 0.1604373 0.0961255 0.1237823 0.1894156 0.1058217 0.1071761 0.1238775 0.0267941 0.0406963 0.0457790 0.1525746 0.0540598 0.0561449 0.1524650 0.1378295 0.1299151 0.1047764 0.1577185 0.1318642 0.1145382 0.1001447 0.1025435 0.0933917 0.1241900 0.0892858 0.0889442 0.1063004 0.1304752 0.0388562 0.1030337 0.1170849 0.0445135 0.1339544 0.0780077 0.1035412 0.1916184 0.0993281 
S0430         0.5476998 0.4238431 0.0878108 0.2717231 0.1548903 0.3917051 0.1322487 0.1125744 0.1230906 0.1375218 0.1534803 0.1018015 0.1486017 0.1452037 0.1211693 0.0164006 0.1612418 0.1575133 0.0185425 0.1256680 0.1271865 0.1431518 0.1330267 0.1427852 0.1424577 0.1796849 0.1363680 0.0994575 0.1517309 0.1322009 0.0000000 0.1448383 0.1304467 0.1501802 0.1401336 0.1508505 0.1419588 0.1744462 0.1270185 0.1448713 0.1561952 0.1480914 0.1423507 0.1238775 0.0268862 0.2401875 0.1629772 0.0217857 0.1225665 0.1533169 0.1611407 0.1013225 0.1401690 0.1035865 0.1014404 0.1617649 0.1207694 0.1446828 0.1061287 0.1442500 0.1367754 0.0925368 0.0654858 0.2671232 0.1475319 0.1341166 0.1336790 0.1223509 0.1201478 0.2198252 0.1383381 0.0854396 0.0737359 0.1395513 0.1497363 0.2244053 0.0975568 0.2383967 0.1324768 0.1826678 0.1372417 0.1048185 0.1344902 0.1273416 0.2101336 0.1485246 0.1432042 0.1231624 0.1286293 0.1349976 0.1399415 0.0111455 0.1266218 0.1594432 0.0991385 0.0132573 0.0038715 0.1364392 0.1000118 0.1350492 0.1163092 0.1441604 0.1398210 0.1418505 0.1227410 0.1270343 0.1605662 0.1056630 0.1288753 0.1252690 0.1384903 0.1075312 0.1497576 0.1220912 0.1660824 0.1350993 0.1334266 0.1343953 
S0478         0.4750390 0.3915426 0.0801205 0.1514691 0.1074756 0.3316440 0.0727250 0.1074305 0.1385893 0.0830647 0.0651199 0.0887573 0.0932854 0.1024294 0.0909110 0.1411738 0.2527757 0.0725098 0.1569964 0.0509666 0.1399944 0.0949273 0.0921312 0.0909430 0.0698258 0.1328356 0.0578014 0.1029913 0.1145446 0.0528820 0.1448383 0.0000000 0.1095139 0.1016106 0.2126191 0.0690430 0.0942103 0.1204715 0.0502542 0.0548347 0.0644716 0.0877665 0.0910923 0.1344747 0.1504398 0.1864838 0.1085699 0.1469381 0.1303254 0.0980251 0.1452472 0.1047334 0.0851224 0.1109358 0.1030232 0.1297462 0.1309838 0.0624953 0.1568224 0.0590883 0.0505908 0.1040151 0.1144522 0.1287235 0.1356996 0.1066690 0.1144530 0.1180776 0.1309862 0.1757391 0.1410310 0.1517248 0.1641104 0.1199153 0.1301877 0.1753232 0.1030943 0.1880694 0.0814555 0.1551421 0.1204009 0.1644198 0.0898739 0.1129298 0.1680567 0.0885642 0.0918289 0.1091694 0.0541522 0.0505259 0.0557366 0.1633148 0.0401588 0.0798111 0.1590846 0.1513702 0.1374669 0.0892736 0.1616740 0.1282419 0.1060178 0.0867339 0.0853314 0.0801507 0.1174536 0.0832568 0.0790619 0.0956712 0.1152380 0.0563685 0.0878689 0.1105479 0.0638485 0.1328155 0.0738240 0.0880823 0.2115501 0.0824254 
S0552sl       0.4917449 0.3940727 0.0877200 0.1518236 0.1341789 0.3187010 0.1060749 0.1090938 0.1353308 0.1052468 0.1332740 0.0906549 0.1162160 0.1238813 0.1268171 0.1251128 0.2209679 0.1324237 0.1377590 0.1112424 0.1283232 0.1323567 0.1089774 0.1118874 0.1313041 0.1645744 0.1169062 0.0893472 0.1405475 0.1154784 0.1304467 0.1095139 0.0000000 0.1318926 0.1756701 0.1371096 0.1106797 0.1495070 0.1177047 0.1103262 0.1212965 0.1207249 0.1138800 0.1149019 0.1314039 0.1750579 0.1380074 0.1278519 0.1256988 0.1249239 0.0438121 0.0929044 0.1075402 0.0966773 0.0893752 0.0688266 0.1177509 0.1162028 0.1430416 0.1149702 0.1003638 0.1015647 0.1018926 0.0338601 0.0664010 0.0135207 0.0243906 0.1628382 0.1307828 0.1783330 0.1151903 0.1343095 0.1365792 0.0512578 0.0627030 0.1750010 0.0912887 0.1889063 0.1152572 0.0810674 0.1159377 0.1468093 0.1127035 0.1125697 0.1662589 0.1109426 0.1125615 0.1024679 0.0890464 0.1051292 0.1112087 0.1447554 0.0966204 0.1403018 0.1387239 0.1297623 0.1214156 0.1063747 0.1437046 0.1277975 0.0995143 0.1090332 0.1115497 0.1084127 0.1069270 0.0901753 0.1266817 0.0990800 0.1130159 0.1222454 0.1166308 0.0985358 0.1332446 0.1326083 0.1217002 0.1030040 0.1720815 0.1105375 
