119
CRNC          0.0000000 0.2147092 0.2619317 0.3702007 0.3676067 0.4514943 0.3629466 0.4114939 0.3644115 0.4083153 0.3490898 0.3843278 0.4384055 0.3797885 0.4175099 0.3834441 0.3736998 0.3848637 0.3994406 0.4158218 0.3719418 0.3873897 0.4165770 0.3728881 0.3943305 0.3638814 0.3863000 0.3822608 0.3955925 0.3726406 0.3797332 0.3810806 0.3815212 0.3830165 0.4196758 0.3670488 0.3923712 0.3860959 0.3771748 0.3818321 0.3784290 0.4073976 0.3976496 0.3795095 0.3685537 0.3838917 0.4544469 0.3529422 0.4092796 0.3690495 0.3759395 0.3755887 0.3923047 0.3919663 0.3774540 0.3847726 0.3816109 0.4012622 0.3699567 0.3954187 0.4013640 0.3646283 0.3945596 0.3327147 0.3744314 0.3423360 0.3784528 0.3599608 0.3569839 0.3961942 0.4402294 0.3663399 0.3685791 0.3694367 0.3943467 0.3950034 0.4356926 0.3677283 0.4474807 0.4111206 0.3364529 0.3791965 0.3853095 0.3507542 0.3854063 0.4479592 0.3818335 0.3994383 0.3715442 0.4002803 0.3911446 0.3854409 0.3807185 0.4065585 0.3915785 0.3841672 0.3732335 0.3841554 0.3933536 0.3622435 0.3816479 0.3785666 0.3644535 0.3657090 0.4010179 0.3732971 0.3732373 0.4101289 0.3709107 0.3761380 0.3826337 0.3952718 0.3725111 0.4010161 0.3942947 0.3870789 0.3774546 0.3629620 0.3884851 
HYZL          0.2147092 0.0000000 0.1470726 0.3936593 0.5138634 0.5033758 0.3816159 0.4417605 0.3966477 0.4594909 0.4281530 0.4795026 0.4695890 0.4183517 0.5771095 0.4444586 0.4091961 0.3766835 0.3896056 0.4412716 0.3668356 0.4332414 0.4718164 0.4968290 0.4732641 0.4533896 0.4462336 0.4170876 0.4304079 0.3966477 0.4415265 0.3630493 0.4721093 0.4670286 0.4536570 0.3898992 0.3664660 0.4315043 0.4166984 0.4667532 0.4339251 0.4329306 0.4502455 0.4314346 0.4061782 0.3691964 0.4405279 0.3910588 0.3892221 0.4307421 0.4478464 0.3966477 0.4713425 0.4248599 0.4060067 0.4466034 0.4061549 0.4335284 0.3806096 0.4338959 0.4874142 0.3995710 0.4516902 0.3462841 0.4729629 0.4432899 0.4408163 0.4482449 0.3434555 0.4248898 0.4281849 0.3912099 0.3900446 0.3675679 0.4766974 0.4625549 0.4157873 0.4060067 0.4031562 0.4272317 0.4170262 0.3903792 0.3815168 0.3915340 0.4276020 0.4433102 0.4632991 0.4456815 0.3976779 0.4511859 0.4188862 0.4008688 0.3766835 0.4463213 0.4435015 0.4052456 0.3366324 0.3620380 0.4815533 0.3717717 0.4733478 0.3986046 0.4188486 0.4493024 0.4544309 0.4278883 0.4133810 0.4354791 0.3982188 0.4008708 0.4243343 0.4481494 0.3963864 0.4357368 0.4307940 0.4380299 0.4554255 0.3880807 0.4547347 
MYZV          0.2619317 0.1470726 0.0000000 0.3639544 0.4972609 0.4282164 0.3397550 0.3905106 0.3975466 0.4025791 0.3731596 0.3980833 0.4477834 0.3740844 0.4806049 0.3799721 0.3779522 0.3836568 0.4255218 0.4054010 0.3747641 0.4025895 0.4006597 0.3863296 0.4037508 0.3680997 0.4169197 0.3526222 0.4026506 0.3586310 0.3601407 0.3828372 0.4235644 0.4100121 0.4289668 0.4014343 0.3790108 0.3953079 0.3725583 0.3955844 0.3733627 0.3691011 0.3878152 0.3977036 0.3609299 0.3859094 0.4449260 0.3573183 0.4130404 0.3650454 0.3720169 0.3614385 0.4062671 0.3678242 0.3633277 0.3723147 0.3767450 0.3705463 0.3901987 0.3865272 0.4048986 0.3419888 0.4344930 0.3566941 0.3717356 0.3685580 0.3751359 0.3609451 0.2918868 0.3485792 0.4361479 0.3517513 0.3509902 0.3930201 0.3818213 0.3729056 0.4216467 0.3633277 0.4215225 0.4935427 0.3423002 0.3508129 0.3631205 0.3629428 0.3919564 0.4494139 0.3997684 0.3722905 0.3613141 0.3901050 0.3963902 0.3657790 0.3923081 0.3889391 0.4111543 0.3865202 0.3715868 0.3958925 0.4021503 0.3624137 0.3844199 0.3550369 0.3829082 0.3791331 0.3811806 0.3600656 0.3728748 0.4136225 0.3484900 0.3609866 0.3984220 0.3907680 0.3680524 0.4163142 0.3469441 0.3817389 0.3955491 0.3552227 0.3900445 
SRR6441723    0.3702007 0.3936593 0.3639544 0.0000000 0.0446958 0.0552943 0.1387083 0.0449367 0.0416278 0.0620399 0.0579645 0.0400152 0.0830078 0.0376525 0.0900846 0.0528350 0.0789261 0.0793891 0.0990658 0.0616403 0.0722940 0.0616415 0.0467945 0.1009416 0.0424922 0.0468003 0.0758253 0.0468704 0.0523846 0.0380978 0.0464978 0.0748390 0.0608319 0.0642705 0.0787370 0.0956096 0.0823466 0.0611095 0.0449662 0.0401422 0.0609101 0.0499533 0.0571692 0.0392977 0.0425518 0.0738181 0.1205724 0.0533926 0.0994799 0.0404235 0.0609133 0.0404235 0.0423824 0.0467420 0.0402404 0.0686831 0.0469744 0.0536582 0.0719943 0.0568107 0.0656974 0.0420904 0.0688856 0.0609813 0.0762130 0.0520101 0.0667080 0.0664305 0.0709489 0.0554452 0.1205859 0.0801397 0.0697942 0.0999714 0.0743356 0.0695103 0.1118732 0.0359612 0.1199552 0.0777535 0.0539333 0.0272881 0.0733921 0.0302477 0.0423590 0.1106344 0.0423533 0.0609179 0.0295335 0.0543225 0.0545945 0.0536936 0.0739091 0.0581789 0.0911142 0.0934450 0.0674167 0.0792450 0.0402811 0.0623968 0.0450419 0.0313463 0.0383813 0.0357994 0.0519619 0.0425884 0.0338115 0.0568261 0.0356554 0.0353783 0.0637262 0.0496105 0.0423971 0.0709706 0.0574659 0.0570106 0.0423919 0.0511775 0.0491397 
ERR4210213    0.3676067 0.5138634 0.4972609 0.0446958 0.0000000 0.0642994 0.1852701 0.0422624 0.0512577 0.0812749 0.0578809 0.0546238 0.1009488 0.0450498 0.0622648 0.0575932 0.1093085 0.0817813 0.0837260 0.0811691 0.0744427 0.0744406 0.0170262 0.0906493 0.0584902 0.0581901 0.0913836 0.0587021 0.0702958 0.0418510 0.0646757 0.0748976 0.0659444 0.0669930 0.0713891 0.0862540 0.0804348 0.0769517 0.0485092 0.0517105 0.0800207 0.0497751 0.0739633 0.0481230 0.0452672 0.0807356 0.1387900 0.0648113 0.1107607 0.0418037 0.0697952 0.0418510 0.0550662 0.0482659 0.0450684 0.0737579 0.0448498 0.0594278 0.0702102 0.0810576 0.0697088 0.0481677 0.0760187 0.0417002 0.0807838 0.0523833 0.0706496 0.0775305 0.1049370 0.0547200 0.1281399 0.0798155 0.0535442 0.0857362 0.0782732 0.0707344 0.1295032 0.0418510 0.1375275 0.0962615 0.0660038 0.0289808 0.0554045 0.0426447 0.0449715 0.1239659 0.0616737 0.0591291 0.0293410 0.0731475 0.0778072 0.0658637 0.0736580 0.0590490 0.1031917 0.0707940 0.0714594 0.0815610 0.0551794 0.0599719 0.0561397 0.0350411 0.0556606 0.0513646 0.0663855 0.0484623 0.0387673 0.0732771 0.0420188 0.0383665 0.0841256 0.0526233 0.0450684 0.0845760 0.0546640 0.0774992 0.0584389 0.0482638 0.0518783 
ERR2789774    0.4514943 0.5033758 0.4282164 0.0552943 0.0642994 0.0000000 0.1724549 0.0572705 0.0658499 0.1017784 0.0790545 0.0411929 0.1105997 0.0599301 0.0848707 0.0470447 0.1161579 0.1128451 0.1318281 0.1037565 0.1015567 0.1010360 0.0620460 0.1142279 0.0437611 0.0504707 0.1118989 0.0580425 0.0928883 0.0573535 0.0622187 0.1078492 0.0984110 0.0841195 0.0891650 0.1228203 0.1174250 0.1027305 0.0555805 0.0413277 0.1050017 0.0840017 0.1002297 0.0427812 0.0575513 0.1073183 0.1371304 0.0644093 0.1329057 0.0483862 0.0775811 0.0599832 0.0436445 0.0667820 0.0596911 0.0861682 0.0623312 0.0911188 0.1043374 0.0996489 0.0963419 0.0616240 0.1001404 0.0919971 0.0917314 0.0680192 0.0841434 0.0837692 0.0760364 0.0642315 0.1298881 0.0911062 0.0875900 0.1375316 0.0924958 0.0847567 0.1324048 0.0596911 0.1425494 0.1212619 0.0774720 0.0525188 0.0946537 0.0401730 0.0672910 0.1262591 0.0480738 0.0702316 0.0532921 0.0948741 0.0971264 0.0936165 0.1090650 0.0910837 0.1337381 0.1144749 0.1048209 0.1153450 0.0414755 0.0959800 0.0681791 0.0546885 0.0415037 0.0343994 0.0655565 0.0617899 0.0391737 0.0979198 0.0551533 0.0596434 0.1059956 0.0581778 0.0620447 0.1091800 0.0663344 0.1082774 0.0436547 0.0620876 0.0552672 
PAFTOL_019361 0.3629466 0.3816159 0.3397550 0.1387083 0.1852701 0.1724549 0.0000000 0.1529187 0.1579996 0.1849628 0.1375019 0.1505459 0.1965167 0.1417113 0.2053038 0.1541581 0.1972217 0.1544391 0.1785411 0.1770606 0.1425608 0.1639356 0.1530518 0.1786385 0.1547429 0.1611280 0.1763922 0.1659573 0.1702745 0.1371393 0.1476164 0.1441696 0.1591587 0.1645738 0.1736507 0.1697515 0.1607147 0.1747745 0.1445005 0.1425466 0.1609389 0.1463743 0.1686513 0.1510473 0.1319889 0.1525359 0.1566736 0.1666060 0.1672387 0.1434889 0.1463235 0.1408984 0.1545496 0.1399374 0.1400893 0.1616056 0.1380875 0.1507729 0.1615764 0.1661596 0.1596790 0.1328366 0.1897817 0.1471457 0.1566130 0.1407437 0.1585917 0.1536135 0.1391967 0.1294376 0.1568103 0.1575416 0.1258907 0.1842503 0.1681111 0.1742814 0.1582971 0.1400893 0.1578476 0.2371803 0.1429403 0.1331981 0.1318110 0.1262669 0.1498668 0.1625657 0.1572514 0.1570664 0.1430239 0.1655572 0.1636131 0.1450189 0.1529558 0.1480659 0.2018650 0.2013512 0.1444564 0.1602387 0.1485637 0.1488633 0.1419956 0.1385983 0.1500911 0.1446823 0.1577211 0.1512503 0.1422436 0.1552916 0.1261766 0.1352076 0.1759115 0.1543108 0.1430577 0.1701058 0.1317109 0.1719545 0.1498533 0.1346614 0.1465554 
S0055         0.4114939 0.4417605 0.3905106 0.0449367 0.0422624 0.0572705 0.1529187 0.0000000 0.0358429 0.0808012 0.0628373 0.0401979 0.0994940 0.0445813 0.0848011 0.0533450 0.1078486 0.0859256 0.0955017 0.0769831 0.0780823 0.0777862 0.0496053 0.0871236 0.0426884 0.0470834 0.0902975 0.0474866 0.0727295 0.0383091 0.0405437 0.0812522 0.0687394 0.0599572 0.0815123 0.1050954 0.0892091 0.0819913 0.0361225 0.0382468 0.0841739 0.0652277 0.0855345 0.0394833 0.0427901 0.0803117 0.1244244 0.0586061 0.1098580 0.0384604 0.0543643 0.0406494 0.0425773 0.0470041 0.0404642 0.0619645 0.0472394 0.0689555 0.0806066 0.0743478 0.0743593 0.0423643 0.0946138 0.0671812 0.0693703 0.0433666 0.0623772 0.0643995 0.0717203 0.0446694 0.1201422 0.0755461 0.0783332 0.1151177 0.0748630 0.0723903 0.1155858 0.0404642 0.1237785 0.0963884 0.0588982 0.0360235 0.0794112 0.0303759 0.0473350 0.1142904 0.0425480 0.0472345 0.0365864 0.0746928 0.0720129 0.0689970 0.0826763 0.0737769 0.1042772 0.1025421 0.0814326 0.0882698 0.0404662 0.0753791 0.0501622 0.0401963 0.0385585 0.0380755 0.0339550 0.0543108 0.0297873 0.0700813 0.0473125 0.0447513 0.0849164 0.0406725 0.0426336 0.0876270 0.0466761 0.0819864 0.0425869 0.0470613 0.0320777 
S0196sl       0.3644115 0.3966477 0.3975466 0.0416278 0.0512577 0.0658499 0.1579996 0.0358429 0.0000000 0.0685798 0.0415893 0.0443177 0.0927682 0.0331194 0.1248379 0.0526308 0.0929080 0.0553776 0.0705498 0.0718472 0.0528213 0.0647839 0.0448746 0.1077699 0.0448033 0.0385584 0.0745051 0.0333663 0.0645176 0.0104869 0.0418134 0.0527324 0.0596550 0.0490901 0.0711003 0.0687203 0.0541858 0.0676893 0.0302480 0.0416383 0.0737649 0.0666763 0.0790737 0.0435151 0.0188406 0.0532729 0.1129466 0.0542988 0.0826180 0.0331201 0.0329364 0.0104869 0.0476539 0.0213581 0.0131698 0.0425873 0.0187478 0.0685088 0.0456240 0.0648913 0.0823722 0.0326239 0.1038967 0.0393541 0.0490925 0.0244339 0.0400010 0.0488650 0.0700886 0.0358536 0.1014406 0.0656868 0.0529135 0.0682800 0.0552664 0.0519401 0.0937668 0.0131698 0.1001854 0.0891731 0.0451794 0.0298652 0.0583549 0.0275559 0.0359535 0.0967182 0.0505936 0.0392854 0.0245036 0.0681717 0.0617670 0.0647208 0.0553776 0.0685757 0.0878675 0.0751990 0.0529942 0.0590079 0.0447270 0.0427978 0.0358815 0.0269576 0.0391173 0.0413822 0.0515914 0.0481397 0.0214488 0.0647144 0.0361616 0.0328802 0.0676186 0.0331724 0.0158766 0.0716888 0.0328305 0.0789039 0.0476690 0.0188055 0.0298498 
S0278         0.4083153 0.4594909 0.4025791 0.0620399 0.0812749 0.1017784 0.1849628 0.0808012 0.0685798 0.0000000 0.0901152 0.0769282 0.0485418 0.0642618 0.1241851 0.0740527 0.0444418 0.1120723 0.1238662 0.0258489 0.1014223 0.0321550 0.0790526 0.1296129 0.0801081 0.0790544 0.0385006 0.0742546 0.0155764 0.0652034 0.0843498 0.1071192 0.0386779 0.0949102 0.0990700 0.1249291 0.1071737 0.0213993 0.0782505 0.0771926 0.0255317 0.0416408 0.0544104 0.0775047 0.0697416 0.1003796 0.1487438 0.0925883 0.1363833 0.0753455 0.0745949 0.0679612 0.0798740 0.0749534 0.0676213 0.0979501 0.0747211 0.0494813 0.1063769 0.0452752 0.0636412 0.0743834 0.0358298 0.0956988 0.0911072 0.0752464 0.0810061 0.0857752 0.1107339 0.0746377 0.1486777 0.1057954 0.1005596 0.1249021 0.0970449 0.0860599 0.1389785 0.0676213 0.1479028 0.0641585 0.0810390 0.0597043 0.1113853 0.0591214 0.0698596 0.1433298 0.0798486 0.0930605 0.0571032 0.0237147 0.0431281 0.0450260 0.1003308 0.0567431 0.0391567 0.1180083 0.0992659 0.1036597 0.0774979 0.0976089 0.0775926 0.0595252 0.0707222 0.0744986 0.0857709 0.0728903 0.0651050 0.0479324 0.0645267 0.0592814 0.0278329 0.0777254 0.0700557 0.0407222 0.0791174 0.0589085 0.0798957 0.0850343 0.0770700 
S0281         0.3490898 0.4281530 0.3731596 0.0579645 0.0578809 0.0790545 0.1375019 0.0628373 0.0415893 0.0901152 0.0000000 0.0574255 0.1093016 0.0580408 0.1062356 0.0718145 0.1093769 0.1008061 0.1104186 0.0870023 0.0933153 0.0870069 0.0629059 0.1061605 0.0601612 0.0647500 0.0970728 0.0653210 0.0818636 0.0424003 0.0601864 0.0960650 0.0800799 0.0713493 0.0936191 0.1071600 0.1019136 0.0836473 0.0583342 0.0554647 0.0933560 0.0719126 0.0922974 0.0550193 0.0425860 0.0953627 0.1289136 0.0721769 0.1224568 0.0557914 0.0609709 0.0447757 0.0600005 0.0511541 0.0445707 0.0757577 0.0470106 0.0755797 0.0901587 0.0891960 0.0936178 0.0596322 0.1024461 0.0836768 0.0762736 0.0588532 0.0666505 0.0617055 0.0905500 0.0532905 0.1232811 0.0876748 0.0803223 0.1158183 0.0841314 0.0841113 0.1145258 0.0445707 0.1169415 0.1155707 0.0609016 0.0486797 0.0838823 0.0455475 0.0559210 0.1078547 0.0644762 0.0632762 0.0516319 0.0837957 0.0867905 0.0779144 0.0948235 0.0756334 0.1141475 0.1125302 0.0937257 0.1006111 0.0578191 0.0823878 0.0589608 0.0485884 0.0559308 0.0552144 0.0751491 0.0585542 0.0466177 0.0792837 0.0559463 0.0466859 0.0831432 0.0563924 0.0467552 0.0890721 0.0553075 0.0998752 0.0600150 0.0512154 0.0625966 
S0282         0.3843278 0.4795026 0.3980833 0.0400152 0.0546238 0.0411929 0.1505459 0.0401979 0.0443177 0.0769282 0.0574255 0.0000000 0.0848776 0.0400299 0.0521625 0.0283595 0.0978277 0.0819196 0.0990028 0.0740083 0.0747041 0.0788588 0.0511132 0.0913434 0.0094553 0.0193346 0.0764047 0.0381846 0.0643627 0.0377620 0.0378842 0.0773492 0.0745937 0.0613948 0.0706634 0.1059671 0.0849826 0.0781451 0.0317883 0.0114119 0.0754835 0.0642066 0.0765808 0.0137957 0.0336985 0.0763652 0.1192025 0.0488846 0.1077886 0.0254454 0.0558344 0.0400634 0.0133846 0.0420394 0.0398836 0.0633738 0.0379562 0.0678847 0.0792665 0.0761646 0.0804994 0.0375563 0.0839622 0.0661332 0.0707073 0.0471163 0.0614137 0.0611623 0.0379700 0.0462002 0.1249197 0.0745305 0.0722018 0.1131425 0.0688364 0.0665099 0.1162005 0.0398836 0.1242666 0.1162557 0.0535384 0.0355136 0.0781424 0.0238111 0.0466403 0.1149183 0.0173022 0.0491728 0.0381484 0.0710239 0.0738373 0.0655103 0.0787835 0.0726210 0.0996827 0.1060977 0.0775175 0.0842126 0.0114650 0.0717894 0.0472065 0.0354490 0.0194191 0.0094536 0.0470693 0.0490837 0.0212623 0.0737110 0.0380115 0.0398552 0.0761268 0.0340247 0.0420190 0.0740078 0.0481830 0.0839364 0.0133872 0.0507104 0.0357937 
S0289         0.4384055 0.4695890 0.4477834 0.0830078 0.1009488 0.1105997 0.1965167 0.0994940 0.0927682 0.0485418 0.1093016 0.0848776 0.0000000 0.0802677 0.1419252 0.0906820 0.0562001 0.1387587 0.1435018 0.0438248 0.1272323 0.0460297 0.1042377 0.1559172 0.0882093 0.0932310 0.0528040 0.0927642 0.0395179 0.0828731 0.1007037 0.1334988 0.0528621 0.1090734 0.1256468 0.1422552 0.1313761 0.0434175 0.0915012 0.0851731 0.0476642 0.0536099 0.0805942 0.0910985 0.0875542 0.1265063 0.1532976 0.1067589 0.1666841 0.0884145 0.0910668 0.0858687 0.0829043 0.0931465 0.0854225 0.1088138 0.0928233 0.0674362 0.1252910 0.0647953 0.0797104 0.0924085 0.0612915 0.1140372 0.1054960 0.0882870 0.0885969 0.1031484 0.1180755 0.0929014 0.1630461 0.1255284 0.1137766 0.1424896 0.1069544 0.0929099 0.1529577 0.0854225 0.1589324 0.0964812 0.0944520 0.0772031 0.1247805 0.0746206 0.0882958 0.1541259 0.0879160 0.1071011 0.0810589 0.0414309 0.0625051 0.0550707 0.1258045 0.0692491 0.0689563 0.1394070 0.1250411 0.1295765 0.0855176 0.1193246 0.0996493 0.0769629 0.0786196 0.0823860 0.1018150 0.0836366 0.0776758 0.0654623 0.0780040 0.0798143 0.0388562 0.0936221 0.0879889 0.0505689 0.1002516 0.0805212 0.0879697 0.1011270 0.0849417 
S0292         0.3797885 0.4183517 0.3740844 0.0376525 0.0450498 0.0599301 0.1417113 0.0445813 0.0331194 0.0642618 0.0580408 0.0400299 0.0802677 0.0000000 0.0901042 0.0531071 0.0970204 0.0770159 0.0914459 0.0656922 0.0699506 0.0662759 0.0424052 0.0983318 0.0425075 0.0467519 0.0708693 0.0447132 0.0615666 0.0381486 0.0486831 0.0724784 0.0607428 0.0643570 0.0738376 0.0930241 0.0798791 0.0610825 0.0363512 0.0401569 0.0678023 0.0522466 0.0663153 0.0437665 0.0383163 0.0714215 0.1150205 0.0533915 0.0995967 0.0340568 0.0496709 0.0404775 0.0423976 0.0468039 0.0402939 0.0593094 0.0426855 0.0559460 0.0720134 0.0590495 0.0774876 0.0464835 0.0802182 0.0564066 0.0643531 0.0475700 0.0551103 0.0594802 0.0709873 0.0510975 0.1150322 0.0655543 0.0626640 0.1000839 0.0671821 0.0624584 0.1120222 0.0402939 0.1201128 0.0833536 0.0540599 0.0314447 0.0662894 0.0261711 0.0296897 0.1107805 0.0466859 0.0587610 0.0295196 0.0588383 0.0568240 0.0536687 0.0715802 0.0559836 0.0831321 0.0881881 0.0702365 0.0768768 0.0402959 0.0624165 0.0494420 0.0192322 0.0383958 0.0379169 0.0471240 0.0340548 0.0255533 0.0613850 0.0133780 0.0211545 0.0636981 0.0452104 0.0424535 0.0709895 0.0487327 0.0686022 0.0424072 0.0468607 0.0404254 
S0293         0.4175099 0.5771095 0.4806049 0.0900846 0.0622648 0.0848707 0.2053038 0.0848011 0.1248379 0.1241851 0.1062356 0.0521625 0.1419252 0.0901042 0.0000000 0.0739914 0.1317257 0.1319867 0.1540078 0.1239847 0.1264687 0.1333347 0.1019230 0.0691392 0.0422482 0.0683920 0.1201163 0.0881219 0.1115800 0.0896871 0.0836699 0.1294801 0.1261346 0.1129028 0.1138162 0.1570604 0.1334634 0.1255566 0.0761756 0.0578410 0.1219364 0.1043271 0.1287747 0.0318827 0.0841580 0.1262797 0.1585739 0.0957072 0.1642129 0.0676455 0.1113172 0.0929897 0.0554957 0.0923852 0.0924652 0.1109904 0.0897729 0.1148733 0.1365056 0.1188183 0.1245064 0.0864071 0.0722390 0.1148087 0.1218016 0.0994993 0.1159568 0.1123738 0.1130848 0.0919031 0.1552545 0.1139062 0.1106637 0.1725509 0.1261065 0.1200227 0.1580916 0.0896871 0.1642162 0.1608585 0.1046995 0.0784301 0.1134968 0.0610162 0.0956116 0.1491083 0.0549144 0.0957841 0.0908394 0.1196959 0.1167516 0.1179695 0.1276007 0.1178687 0.1556376 0.1419181 0.1237018 0.1347261 0.0581642 0.1263201 0.0960889 0.0809572 0.0578838 0.0551406 0.0965347 0.1016967 0.0654535 0.1248346 0.0876351 0.0868454 0.1295411 0.0824871 0.0924652 0.1239722 0.1000323 0.1390055 0.0555106 0.1002950 0.0814354 
S0294         0.3834441 0.4444586 0.3799721 0.0528350 0.0575932 0.0470447 0.1541581 0.0533450 0.0526308 0.0740527 0.0718145 0.0283595 0.0906820 0.0531071 0.0739914 0.0000000 0.0794005 0.0937047 0.1115238 0.0765507 0.0886606 0.0841587 0.0603772 0.0845661 0.0307345 0.0306730 0.0789527 0.0460613 0.0640883 0.0438196 0.0530303 0.0915598 0.0778844 0.0690674 0.0757151 0.1199967 0.0945890 0.0808186 0.0442763 0.0284511 0.0680064 0.0686799 0.0817865 0.0294357 0.0440024 0.0877950 0.1143853 0.0577558 0.1183229 0.0329897 0.0655087 0.0462872 0.0306553 0.0528908 0.0460680 0.0712698 0.0485880 0.0698513 0.0934951 0.0813258 0.0832380 0.0480462 0.0774665 0.0791498 0.0764061 0.0537716 0.0690888 0.0735523 0.0289238 0.0504278 0.1209023 0.0776135 0.0723163 0.1131045 0.0797300 0.0717390 0.1113454 0.0460680 0.1195540 0.0990198 0.0629426 0.0458570 0.0842376 0.0334867 0.0533013 0.0992358 0.0349380 0.0509122 0.0511588 0.0734359 0.0789011 0.0725192 0.0929278 0.0775477 0.1003947 0.1086691 0.0913271 0.0988732 0.0261763 0.0932043 0.0658753 0.0435796 0.0329945 0.0240676 0.0585018 0.0580788 0.0327651 0.0737007 0.0484088 0.0528573 0.0787379 0.0329420 0.0483315 0.0764686 0.0524991 0.0817382 0.0284096 0.0621753 0.0462911 
S0299         0.3736998 0.4091961 0.3779522 0.0789261 0.1093085 0.1161579 0.1972217 0.1078486 0.0929080 0.0444418 0.1093769 0.0978277 0.0562001 0.0970204 0.1317257 0.0794005 0.0000000 0.1314914 0.1454312 0.0441070 0.1293997 0.0557666 0.1093944 0.1454196 0.1014630 0.0957963 0.0600863 0.0868488 0.0375486 0.0842446 0.1030286 0.1321580 0.0654415 0.1236061 0.1315852 0.1379215 0.1266058 0.0461510 0.1050466 0.0981801 0.0413470 0.0640290 0.0883308 0.0911972 0.0874216 0.1222016 0.1686966 0.1093361 0.1555491 0.0931135 0.1070960 0.0872972 0.1011433 0.0920215 0.0868365 0.1212745 0.0928173 0.0780359 0.1240767 0.0777657 0.0854959 0.1003097 0.0547016 0.1122309 0.1253826 0.0986778 0.1108329 0.1201755 0.1152242 0.0970581 0.1678013 0.1401420 0.1089794 0.1319041 0.1273995 0.1178523 0.1550554 0.0868365 0.1643973 0.1107025 0.1026174 0.0789272 0.1232287 0.0873089 0.1009078 0.1615354 0.0985412 0.1181382 0.0820226 0.0439640 0.0753909 0.0723446 0.1245889 0.0830758 0.0669015 0.1260632 0.1177748 0.1283788 0.0985972 0.1180784 0.1041015 0.0889874 0.0939017 0.0925663 0.1117481 0.0931357 0.0876265 0.0759844 0.0944164 0.0885857 0.0437451 0.0960612 0.0894458 0.0578023 0.1045589 0.0831108 0.1011735 0.1039052 0.1033416 
S0303         0.3848637 0.3766835 0.3836568 0.0793891 0.0817813 0.1128451 0.1544391 0.0859256 0.0553776 0.1120723 0.1008061 0.0819196 0.1387587 0.0770159 0.1319867 0.0937047 0.1314914 0.0000000 0.0722670 0.1208242 0.0037936 0.1014720 0.0988914 0.1080862 0.0851837 0.0817536 0.1138140 0.0858748 0.1094846 0.0750017 0.0801409 0.0075554 0.1068118 0.0936882 0.0978939 0.0671774 0.0058098 0.1031084 0.0701181 0.0765489 0.1053856 0.0957249 0.0996791 0.0721641 0.0754236 0.0000021 0.1564435 0.0897712 0.0220933 0.0620214 0.0800449 0.0722190 0.0849314 0.0825812 0.0774861 0.0797042 0.0723513 0.0967472 0.0583817 0.1000806 0.1167932 0.0600955 0.1128577 0.0367494 0.0826732 0.0751762 0.0860141 0.0907169 0.0974204 0.0874758 0.1564725 0.0863297 0.0487546 0.0690321 0.0861486 0.0805587 0.1466114 0.0774861 0.1555577 0.0990480 0.0696180 0.0722834 0.0524210 0.0717981 0.0748108 0.1386774 0.0898996 0.0898277 0.0752288 0.1058846 0.0975482 0.0863697 0.0075433 0.0994795 0.1418451 0.0745677 0.0115062 0.0114438 0.0825311 0.0512673 0.0835980 0.0670745 0.0855985 0.0794592 0.0969852 0.0826903 0.0699565 0.1064794 0.0699402 0.0717231 0.1118366 0.0789836 0.0749826 0.1152333 0.0896547 0.1087462 0.0849548 0.0694774 0.0771673 
S0308         0.3994406 0.3896056 0.4255218 0.0990658 0.0837260 0.1318281 0.1785411 0.0955017 0.0705498 0.1238662 0.1104186 0.0990028 0.1435018 0.0914459 0.1540078 0.1115238 0.1454312 0.0722670 0.0000000 0.1230417 0.0679737 0.1039006 0.1059475 0.1424482 0.1025279 0.1025976 0.1310783 0.1033674 0.1081018 0.0868206 0.0922039 0.0701097 0.1090714 0.1168749 0.1279577 0.0795419 0.0775707 0.1082566 0.0954650 0.0969233 0.1157896 0.1046915 0.1163687 0.0920610 0.0864726 0.0720385 0.1800679 0.1100110 0.0861070 0.0815189 0.0984789 0.0839215 0.1022156 0.0970678 0.0842721 0.1067419 0.0783299 0.1109492 0.0738198 0.1101319 0.1371484 0.0862718 0.1334736 0.0473483 0.1111404 0.0899703 0.1031546 0.1075573 0.1446037 0.0969695 0.1769027 0.1151672 0.0724926 0.0887693 0.1197147 0.1162848 0.1696784 0.0893643 0.1790094 0.1328434 0.0957522 0.0839974 0.0760080 0.0838183 0.0875484 0.1642921 0.1021408 0.1121142 0.0844650 0.1109968 0.1075682 0.0900294 0.0669213 0.1110351 0.1376546 0.0871165 0.0655270 0.0721382 0.0970037 0.0713181 0.0957742 0.0837357 0.1030308 0.0964587 0.0989231 0.1010879 0.0841534 0.1182650 0.0808876 0.0859142 0.1168811 0.1066314 0.0919246 0.1255933 0.0991497 0.1189862 0.0961407 0.0870443 0.0949946 
S0320         0.4158218 0.4412716 0.4054010 0.0616403 0.0811691 0.1037565 0.1770606 0.0769831 0.0718472 0.0258489 0.0870023 0.0740083 0.0438248 0.0656922 0.1239847 0.0765507 0.0441070 0.1208242 0.1230417 0.0000000 0.1099444 0.0298978 0.0844378 0.1359126 0.0771227 0.0819676 0.0275961 0.0812636 0.0115595 0.0624210 0.0888416 0.1157962 0.0407384 0.0932420 0.1128776 0.1240035 0.1160578 0.0234850 0.0802072 0.0742606 0.0254286 0.0326839 0.0616920 0.0716545 0.0669135 0.1090066 0.1445424 0.0919558 0.1461591 0.0772958 0.0821997 0.0651290 0.0768997 0.0696312 0.0648067 0.0999117 0.0718243 0.0430085 0.1083297 0.0472722 0.0541182 0.0763111 0.0331644 0.0950397 0.0992095 0.0771933 0.0829648 0.0877207 0.1063602 0.0717418 0.1429994 0.1178236 0.0999681 0.1270642 0.1027450 0.0890362 0.1349263 0.0648067 0.1437347 0.0689703 0.0829997 0.0593211 0.1105861 0.0638719 0.0742864 0.1392630 0.0768757 0.0823370 0.0591334 0.0174002 0.0451247 0.0380085 0.1087510 0.0474293 0.0366470 0.1243826 0.1077871 0.1122055 0.0745507 0.1029200 0.0795349 0.0638320 0.0702307 0.0716097 0.0876540 0.0699392 0.0670515 0.0499496 0.0688832 0.0682990 0.0215584 0.0773569 0.0672087 0.0255657 0.0787096 0.0662991 0.0769203 0.0819883 0.0790003 
S0322         0.3719418 0.3668356 0.3747641 0.0722940 0.0744427 0.1015567 0.1425608 0.0780823 0.0528213 0.1014223 0.0933153 0.0747041 0.1272323 0.0699506 0.1264687 0.0886606 0.1293997 0.0037936 0.0679737 0.1099444 0.0000000 0.0910180 0.0913727 0.1085162 0.0778545 0.0795247 0.1097464 0.0810386 0.0988688 0.0679299 0.0753944 0.0057296 0.0991788 0.0887665 0.0982404 0.0629210 0.0078599 0.0927177 0.0654826 0.0694629 0.0949872 0.0878981 0.0894404 0.0675319 0.0658540 0.0019458 0.1475588 0.0849544 0.0267146 0.0577547 0.0753069 0.0652213 0.0776265 0.0753825 0.0703742 0.0799899 0.0629235 0.0892262 0.0541191 0.0924591 0.1143687 0.0555920 0.1000162 0.0326997 0.0779043 0.0704837 0.0810023 0.0856713 0.0934642 0.0776088 0.1437128 0.0822491 0.0445646 0.0647992 0.0812930 0.0757857 0.1379000 0.0703742 0.1467330 0.1013329 0.0650186 0.0652788 0.0482829 0.0670474 0.0677546 0.1362510 0.0825212 0.0850105 0.0681360 0.0954259 0.0899576 0.0790088 0.0037749 0.0919113 0.1302486 0.0727307 0.0076779 0.0076355 0.0752559 0.0470464 0.0734807 0.0601832 0.0782326 0.0722829 0.0919973 0.0754759 0.0653360 0.0986999 0.0629644 0.0647777 0.1012067 0.0775050 0.0679128 0.1044742 0.0797722 0.1009565 0.0776475 0.0625525 0.0724803 
S0327         0.3873897 0.4332414 0.4025895 0.0616415 0.0744406 0.1010360 0.1639356 0.0777862 0.0647839 0.0321550 0.0870069 0.0788588 0.0460297 0.0662759 0.1333347 0.0841587 0.0557666 0.1014720 0.1039006 0.0298978 0.0910180 0.0000000 0.0794941 0.1270030 0.0820515 0.0845709 0.0383139 0.0763157 0.0236526 0.0624222 0.0837879 0.0965715 0.0342873 0.0854715 0.1073705 0.1071110 0.0992007 0.0255291 0.0751865 0.0767968 0.0295285 0.0284566 0.0479687 0.0737548 0.0642558 0.0925862 0.1384731 0.0868317 0.1247719 0.0723384 0.0723045 0.0651305 0.0818119 0.0720443 0.0648082 0.0842163 0.0694066 0.0408317 0.0922813 0.0342629 0.0564334 0.0667467 0.0434832 0.0798601 0.0836365 0.0674360 0.0811983 0.0834193 0.1046041 0.0717441 0.1384020 0.1066893 0.0868480 0.1129038 0.0921000 0.0864103 0.1289887 0.0648082 0.1377078 0.0406014 0.0729944 0.0547392 0.0971567 0.0614475 0.0694012 0.1303490 0.0817859 0.0824325 0.0574049 0.0236044 0.0321802 0.0298583 0.0926877 0.0452268 0.0484137 0.1102984 0.0915277 0.0959261 0.0794410 0.0870747 0.0698042 0.0591452 0.0726858 0.0764320 0.0884958 0.0676350 0.0670532 0.0410688 0.0617577 0.0635706 0.0277021 0.0773601 0.0672105 0.0362125 0.0787129 0.0524218 0.0818341 0.0819921 0.0692698 
S0335         0.4165770 0.4718164 0.4006597 0.0467945 0.0170262 0.0620460 0.1530518 0.0496053 0.0448746 0.0790526 0.0629059 0.0511132 0.1042377 0.0424052 0.1019230 0.0603772 0.1093944 0.0988914 0.1059475 0.0844378 0.0913727 0.0794941 0.0000000 0.1070195 0.0537724 0.0532147 0.0944447 0.0560640 0.0744582 0.0426419 0.0600919 0.0941264 0.0783887 0.0594900 0.0907454 0.0909572 0.1027299 0.0836630 0.0497277 0.0447336 0.0858284 0.0647098 0.0708704 0.0462284 0.0449911 0.0933875 0.1241395 0.0599463 0.1213041 0.0494325 0.0538972 0.0450339 0.0536283 0.0514558 0.0448267 0.0691692 0.0517139 0.0684120 0.0907996 0.0760502 0.0754852 0.0510980 0.0967986 0.0665789 0.0663503 0.0478244 0.0641613 0.0638293 0.0775341 0.0557600 0.1300182 0.0806415 0.0834484 0.1097606 0.0766095 0.0765933 0.1153147 0.0448267 0.1234960 0.0839708 0.0589007 0.0357660 0.0844592 0.0368205 0.0469369 0.1140241 0.0580658 0.0636459 0.0337990 0.0764015 0.0737278 0.0707116 0.0929038 0.0731897 0.0992410 0.0826397 0.0917752 0.0986995 0.0514617 0.0805724 0.0547431 0.0399068 0.0540171 0.0489241 0.0591440 0.0494484 0.0404008 0.0646014 0.0425757 0.0422770 0.0865814 0.0521863 0.0470261 0.0894383 0.0554839 0.0779551 0.0491650 0.0514664 0.0516862 
S0376         0.3728881 0.4968290 0.3863296 0.1009416 0.0906493 0.1142279 0.1786385 0.0871236 0.1077699 0.1296129 0.1061605 0.0913434 0.1559172 0.0983318 0.0691392 0.0845661 0.1454196 0.1080862 0.1424482 0.1359126 0.1085162 0.1270030 0.1070195 0.0000000 0.0916685 0.0859889 0.1414124 0.0902109 0.1230035 0.0920173 0.0740485 0.1086571 0.1110719 0.0968617 0.1197310 0.1275453 0.1055900 0.1192492 0.0835973 0.0890501 0.1125257 0.0980122 0.1186568 0.0858175 0.0864407 0.1050587 0.1636197 0.0978369 0.1417066 0.0670122 0.0811052 0.0954219 0.0947903 0.0976582 0.0948711 0.0747829 0.0922190 0.1056858 0.1265099 0.1155811 0.1080310 0.0830449 0.0955974 0.1093012 0.0956413 0.0813073 0.0906966 0.0874060 0.1145710 0.0945644 0.1558104 0.1025010 0.1040264 0.1325701 0.0974124 0.0971892 0.1562034 0.0920173 0.1624626 0.1835742 0.0754008 0.0914211 0.1070549 0.0795387 0.0868194 0.1398584 0.1003729 0.1010710 0.0955443 0.1188086 0.1165611 0.1116936 0.1101318 0.1027865 0.1611174 0.1099951 0.1059570 0.1170758 0.0892968 0.1164337 0.1146684 0.0858103 0.0956203 0.0885795 0.1047508 0.0960091 0.0779582 0.1162509 0.0985960 0.0891744 0.1294776 0.0961621 0.0948711 0.1423086 0.0942032 0.1192543 0.0948200 0.0972275 0.0891714 
S0400         0.3943305 0.4732641 0.4037508 0.0424922 0.0584902 0.0437611 0.1547429 0.0426884 0.0448033 0.0801081 0.0601612 0.0094553 0.0882093 0.0425075 0.0422482 0.0307345 0.1014630 0.0851837 0.1025279 0.0771227 0.0778545 0.0820515 0.0537724 0.0916685 0.0000000 0.0215017 0.0795571 0.0405776 0.0673173 0.0401962 0.0403283 0.0805521 0.0776437 0.0642720 0.0736853 0.1096651 0.0882257 0.0812978 0.0341556 0.0134576 0.0785828 0.0670197 0.0795839 0.0118820 0.0360808 0.0796076 0.1137916 0.0515085 0.1089197 0.0277075 0.0585788 0.0425436 0.0115254 0.0488840 0.0423499 0.0662669 0.0404058 0.0708438 0.0824802 0.0791468 0.0836877 0.0399739 0.0808840 0.0690875 0.0737300 0.0497340 0.0642926 0.0640258 0.0381194 0.0487547 0.1194378 0.0748562 0.0753089 0.1169370 0.0718492 0.0694867 0.1108358 0.0423499 0.1188209 0.1184706 0.0562458 0.0379041 0.0811359 0.0260383 0.0492271 0.1096223 0.0114310 0.0517190 0.0406133 0.0740667 0.0744804 0.0684301 0.0819707 0.0756561 0.1001394 0.1095741 0.0782070 0.0875072 0.0135210 0.0748747 0.0450071 0.0378342 0.0134701 0.0114653 0.0496868 0.0517207 0.0234492 0.0768050 0.0404653 0.0423192 0.0792625 0.0364355 0.0445177 0.0771218 0.0507583 0.0872154 0.0115277 0.0533416 0.0382077 
S0405         0.3638814 0.4533896 0.3680997 0.0468003 0.0581901 0.0504707 0.1611280 0.0470834 0.0385584 0.0790544 0.0647500 0.0193346 0.0932310 0.0467519 0.0683920 0.0306730 0.0957963 0.0817536 0.1025976 0.0819676 0.0795247 0.0845709 0.0532147 0.0859889 0.0215017 0.0000000 0.0844266 0.0427533 0.0720492 0.0445254 0.0424129 0.0822107 0.0800772 0.0643280 0.0759626 0.1097363 0.0848010 0.0861417 0.0405376 0.0153061 0.0784224 0.0719928 0.0788358 0.0221202 0.0403713 0.0762173 0.1232741 0.0492226 0.1047543 0.0297369 0.0558239 0.0469224 0.0214490 0.0533245 0.0467071 0.0615971 0.0447579 0.0756628 0.0825457 0.0817971 0.0836602 0.0442771 0.0937766 0.0739233 0.0706835 0.0519948 0.0613986 0.0611475 0.0490083 0.0487982 0.1234395 0.0826959 0.0778044 0.1115045 0.0688144 0.0687504 0.1202113 0.0467071 0.1284072 0.1046307 0.0562953 0.0421867 0.0862879 0.0259123 0.0558617 0.1132657 0.0254867 0.0563553 0.0402054 0.0788404 0.0794239 0.0732166 0.0836009 0.0805349 0.0993929 0.1059009 0.0798583 0.0841326 0.0214994 0.0749362 0.0520986 0.0441847 0.0277301 0.0173503 0.0563909 0.0584324 0.0275023 0.0792803 0.0469401 0.0487807 0.0841095 0.0407736 0.0489031 0.0819659 0.0485587 0.0811964 0.0214534 0.0578392 0.0403640 
S0407sl       0.3863000 0.4462336 0.4169197 0.0758253 0.0913836 0.1118989 0.1763922 0.0902975 0.0745051 0.0385006 0.0970728 0.0764047 0.0528040 0.0708693 0.1201163 0.0789527 0.0600863 0.1138140 0.1310783 0.0275961 0.1097464 0.0383139 0.0944447 0.1414124 0.0795571 0.0844266 0.0000000 0.0787164 0.0276753 0.0694906 0.0912203 0.1170895 0.0494601 0.1019156 0.1098884 0.1264381 0.1118564 0.0358855 0.0776230 0.0766656 0.0294981 0.0458147 0.0615876 0.0741126 0.0716319 0.1021929 0.1469878 0.0842204 0.1411207 0.0796488 0.0845739 0.0722818 0.0793260 0.0768308 0.0719198 0.1024190 0.0766067 0.0563523 0.1108812 0.0471938 0.0703042 0.0788022 0.0405221 0.1000109 0.1016980 0.0745678 0.0913375 0.0962000 0.1107372 0.0789864 0.1360900 0.1086293 0.0970797 0.1354354 0.1107850 0.0994491 0.1373475 0.0719198 0.1461665 0.0628100 0.0905757 0.0686036 0.1076069 0.0711481 0.0740786 0.1449552 0.0793010 0.0898393 0.0714499 0.0295409 0.0450498 0.0469344 0.1085568 0.0609418 0.0433962 0.1298568 0.1158764 0.1120040 0.0795284 0.1054468 0.0894400 0.0636577 0.0726370 0.0739927 0.0961983 0.0771502 0.0742182 0.0589600 0.0686934 0.0681123 0.0339443 0.0716671 0.0694732 0.0174399 0.0860489 0.0661869 0.0793474 0.0919411 0.0813393 
S0412sl       0.3822608 0.4170876 0.3526222 0.0468704 0.0587021 0.0580425 0.1659573 0.0474866 0.0333663 0.0742546 0.0653210 0.0381846 0.0927642 0.0447132 0.0881219 0.0460613 0.0868488 0.0858748 0.1033674 0.0812636 0.0810386 0.0763157 0.0560640 0.0902109 0.0405776 0.0427533 0.0787164 0.0000000 0.0717553 0.0362547 0.0317841 0.0812053 0.0733990 0.0577922 0.0743455 0.1052087 0.0891532 0.0756297 0.0344401 0.0383065 0.0704325 0.0617964 0.0765231 0.0374019 0.0384286 0.0802647 0.1244164 0.0319760 0.1036913 0.0321226 0.0522554 0.0385759 0.0405466 0.0449129 0.0383998 0.0598047 0.0451819 0.0654775 0.0831470 0.0736526 0.0828917 0.0403050 0.0831406 0.0666385 0.0671729 0.0434752 0.0578110 0.0622267 0.0630941 0.0560024 0.1132024 0.0680872 0.0730909 0.0988310 0.0701332 0.0578975 0.1100548 0.0383998 0.1181627 0.0944223 0.0544489 0.0400618 0.0771126 0.0327198 0.0401873 0.1142862 0.0448434 0.0562562 0.0428198 0.0685658 0.0713421 0.0631237 0.0826287 0.0701746 0.0909367 0.1026361 0.0788158 0.0882169 0.0406445 0.0729916 0.0617574 0.0357401 0.0408351 0.0360674 0.0501126 0.0494986 0.0319648 0.0687252 0.0426624 0.0380247 0.0784287 0.0407029 0.0405606 0.0763120 0.0580418 0.0739532 0.0405557 0.0449679 0.0385261 
S0417         0.3955925 0.4304079 0.4026506 0.0523846 0.0702958 0.0928883 0.1702745 0.0727295 0.0645176 0.0155764 0.0818636 0.0643627 0.0395179 0.0615666 0.1115800 0.0640883 0.0375486 0.1094846 0.1081018 0.0115595 0.0988688 0.0236526 0.0744582 0.1230035 0.0673173 0.0720492 0.0276753 0.0717553 0.0000000 0.0576410 0.0788153 0.1045377 0.0342629 0.0858842 0.1019453 0.1086921 0.1045318 0.0195064 0.0702500 0.0645799 0.0194313 0.0306534 0.0549445 0.0617718 0.0620922 0.0977922 0.1412017 0.0817891 0.1335859 0.0674644 0.0698858 0.0602864 0.0671268 0.0647450 0.0599914 0.0892661 0.0669249 0.0384683 0.0937767 0.0408337 0.0520686 0.0666226 0.0258519 0.0847533 0.0861640 0.0673814 0.0786777 0.0808925 0.0983041 0.0668445 0.1366591 0.1027564 0.0921867 0.1115939 0.0920115 0.0840302 0.1316767 0.0599914 0.1404192 0.0545568 0.0729319 0.0501240 0.0996768 0.0542492 0.0645985 0.1330033 0.0671068 0.0851761 0.0527237 0.0134890 0.0387118 0.0362913 0.1004977 0.0453917 0.0348865 0.1116655 0.0994333 0.1038363 0.0648265 0.0856356 0.0696714 0.0545367 0.0605578 0.0620248 0.0833387 0.0650975 0.0575601 0.0412033 0.0594179 0.0589209 0.0175799 0.0726494 0.0623578 0.0256389 0.0737327 0.0594904 0.0671441 0.0769210 0.0692132 
S0419         0.3726406 0.3966477 0.3586310 0.0380978 0.0418510 0.0573535 0.1371393 0.0383091 0.0104869 0.0652034 0.0424003 0.0377620 0.0828731 0.0381486 0.0896871 0.0438196 0.0842446 0.0750017 0.0868206 0.0624210 0.0679299 0.0624222 0.0426419 0.0920173 0.0401962 0.0445254 0.0694906 0.0362547 0.0576410 0.0000000 0.0402093 0.0704544 0.0586794 0.0525063 0.0711225 0.0883158 0.0777984 0.0665609 0.0383337 0.0358293 0.0663361 0.0483707 0.0673388 0.0369741 0.0235715 0.0643963 0.1024793 0.0513517 0.0974993 0.0360262 0.0449993 0.0018682 0.0400936 0.0075156 0.0018607 0.0477582 0.0277157 0.0521325 0.0626753 0.0645641 0.0641586 0.0314754 0.0815281 0.0548595 0.0547586 0.0343369 0.0502625 0.0545721 0.0635574 0.0337620 0.0972034 0.0581667 0.0630114 0.0901467 0.0621520 0.0597723 0.0891093 0.0018607 0.0967292 0.0841151 0.0471344 0.0253946 0.0642752 0.0281328 0.0404002 0.0969544 0.0443395 0.0428667 0.0278248 0.0595982 0.0622812 0.0543460 0.0695794 0.0566945 0.0871040 0.0884205 0.0682075 0.0748662 0.0380110 0.0602322 0.0430670 0.0294262 0.0360828 0.0356703 0.0495851 0.0427828 0.0274953 0.0575332 0.0361238 0.0337463 0.0692736 0.0321404 0.0037333 0.0647767 0.0357312 0.0696648 0.0401025 0.0275889 0.0381683 
S0427         0.3797332 0.4415265 0.3601407 0.0464978 0.0646757 0.0622187 0.1476164 0.0405437 0.0418134 0.0843498 0.0601864 0.0378842 0.1007037 0.0486831 0.0836699 0.0530303 0.1030286 0.0801409 0.0922039 0.0888416 0.0753944 0.0837879 0.0600919 0.0740485 0.0403283 0.0424129 0.0912203 0.0317841 0.0788153 0.0402093 0.0000000 0.0755448 0.0800545 0.0590495 0.0785459 0.1032326 0.0805502 0.0830216 0.0427300 0.0380041 0.0754268 0.0689384 0.0889904 0.0370976 0.0491022 0.0745253 0.1248528 0.0488058 0.1060456 0.0318698 0.0535657 0.0425575 0.0402248 0.0489012 0.0423639 0.0559334 0.0536165 0.0725933 0.0767555 0.0859560 0.0846954 0.0442518 0.0989929 0.0614420 0.0682990 0.0427450 0.0590682 0.0588275 0.0627120 0.0555513 0.1248675 0.0800332 0.0771099 0.1050053 0.0712255 0.0664840 0.1107129 0.0423639 0.1186948 0.0921086 0.0512879 0.0439840 0.0805780 0.0367418 0.0466568 0.1203033 0.0444864 0.0631810 0.0468075 0.0758217 0.0835841 0.0748959 0.0770063 0.0726442 0.1103904 0.1016118 0.0731975 0.0824473 0.0360179 0.0669351 0.0566707 0.0396377 0.0448336 0.0316163 0.0497051 0.0535176 0.0358942 0.0785549 0.0466357 0.0419487 0.0859112 0.0540737 0.0445327 0.0887401 0.0575752 0.0863136 0.0402338 0.0489600 0.0403549 
S0430         0.3810806 0.3630493 0.3828372 0.0748390 0.0748976 0.1078492 0.1441696 0.0812522 0.0527324 0.1071192 0.0960650 0.0773492 0.1334988 0.0724784 0.1294801 0.0915598 0.1321580 0.0075554 0.0701097 0.1157962 0.0057296 0.0965715 0.0941264 0.1086571 0.0805521 0.0822107 0.1170895 0.0812053 0.1045377 0.0704544 0.0755448 0.0000000 0.1019982 0.0889559 0.0984563 0.0620181 0.0077856 0.0982440 0.0656059 0.0720432 0.1030507 0.0908875 0.0948744 0.0674365 0.0708526 0.0058022 0.1459957 0.0902806 0.0219791 0.0599066 0.0754564 0.0677120 0.0803147 0.0779738 0.0729198 0.0801516 0.0678374 0.0919742 0.0556590 0.0952536 0.1174915 0.0579349 0.1098948 0.0368594 0.0780610 0.0706206 0.0813336 0.0860248 0.1017957 0.0828431 0.1460196 0.0841068 0.0461797 0.0638741 0.0814610 0.0759379 0.1364571 0.0729198 0.1451882 0.0951064 0.0651399 0.0677721 0.0498397 0.0671774 0.0702729 0.1348429 0.0852532 0.0851865 0.0706686 0.1009984 0.0927333 0.0816685 0.0114117 0.0946846 0.1319191 0.0773716 0.0075939 0.0153900 0.0779251 0.0486464 0.0789278 0.0626223 0.0809451 0.0749054 0.0921977 0.0780717 0.0654585 0.1015716 0.0654411 0.0672486 0.1068919 0.0744626 0.0754021 0.1128462 0.0850232 0.1038389 0.0803366 0.0650100 0.0726214 
S0478         0.3815212 0.4721093 0.4235644 0.0608319 0.0659444 0.0984110 0.1591587 0.0687394 0.0596550 0.0386779 0.0800799 0.0745937 0.0528621 0.0607428 0.1261346 0.0778844 0.0654415 0.1068118 0.1090714 0.0407384 0.0991788 0.0342873 0.0783887 0.1110719 0.0776437 0.0800772 0.0494601 0.0733990 0.0342629 0.0586794 0.0800545 0.1019982 0.0000000 0.0850985 0.0916626 0.1096602 0.1081458 0.0361127 0.0709829 0.0725838 0.0380555 0.0394500 0.0573645 0.0750669 0.0630437 0.0954192 0.1315617 0.0856063 0.1330062 0.0682511 0.0689292 0.0612808 0.0774240 0.0679821 0.0609866 0.0845797 0.0677859 0.0454611 0.0924498 0.0475010 0.0613535 0.0674870 0.0489248 0.0836323 0.0849269 0.0635171 0.0750792 0.0797447 0.1045980 0.0700905 0.1344539 0.1023789 0.0881096 0.1016759 0.0881867 0.0830854 0.1224778 0.0609866 0.1280225 0.0642224 0.0688488 0.0585474 0.0972036 0.0623669 0.0661695 0.1267293 0.0774004 0.0812012 0.0566543 0.0341692 0.0453426 0.0428242 0.0954856 0.0499384 0.0578936 0.1044822 0.0943873 0.0986803 0.0751281 0.0847443 0.0704849 0.0583753 0.0685726 0.0722478 0.0837938 0.0689875 0.0631678 0.0430950 0.0632620 0.0603529 0.0384137 0.0737377 0.0633091 0.0472882 0.0721686 0.0619464 0.0774442 0.0775901 0.0653186 
