142
CRNC          0.0000000 0.2267937 0.2708625 0.3874281 0.4862078 0.3892418 0.3058833 0.3362512 0.3463565 0.3871464 0.3820987 0.3548327 0.3637271 0.4006048 0.3785116 0.3657750 0.3820485 0.4154786 0.4048235 0.3902995 0.4118557 0.3612958 0.3915415 0.3686849 0.3654261 0.3621122 0.3974729 0.3630155 0.3729757 0.3717339 0.3583542 0.4597215 0.3701358 0.3839296 0.4193034 0.3368119 0.3855699 0.3810933 0.3716852 0.3796514 0.3550532 0.3741135 0.3549673 0.3713214 0.3855598 0.3615523 0.4014197 0.3684463 0.4017176 0.3871630 0.3546872 0.3450454 0.3641406 0.3540262 0.3578530 0.3711782 0.3677603 0.3666404 0.3605592 0.3693116 0.3684396 0.4010707 0.3825478 0.3761726 0.3888637 0.3661469 0.3569281 0.3702839 0.3859421 0.3696568 0.3878475 0.3588349 0.4156966 0.3865177 0.4383582 0.3845700 0.3506459 0.3423976 0.4800179 0.3918322 0.3660558 0.3675612 0.3602750 0.3679145 0.3534472 0.4219074 0.3672367 0.3750052 0.3341759 0.3692648 0.4092563 0.3606046 0.3855896 0.3804570 0.3673861 0.3886686 0.3744549 0.3719011 0.3662676 0.3773674 0.3917473 0.3640508 0.3418777 0.3461057 0.3618393 0.3602659 0.3610660 0.3851183 0.3620290 0.3544790 0.3776518 0.4060957 0.3746669 0.3709553 0.3910481 0.3997341 0.4366696 0.3721471 0.3714060 0.3750256 0.3796132 0.3887628 0.3691367 0.3836005 0.3960651 0.3688231 0.3879787 0.4139252 0.3655875 0.3544333 0.3766925 0.3738871 0.3743899 0.3476327 0.3697572 0.3639294 0.3761386 0.4730426 0.3709027 0.3789813 0.4203967 0.3607035 
HYZL          0.2267937 0.0000000 0.1358150 0.3577902 0.4700900 0.3497186 0.2704088 0.3258528 0.3511181 0.3906257 0.3640575 0.3360370 0.3428568 0.3783087 0.3550918 0.3427875 0.3583045 0.4052370 0.3897682 0.3479512 0.3884165 0.3569899 0.3681940 0.3496315 0.3660151 0.3406399 0.3483420 0.3392442 0.3450923 0.3412123 0.3607074 0.4405936 0.3354563 0.3388947 0.3926709 0.3403894 0.3593345 0.3663169 0.3723432 0.3616914 0.3469821 0.3537405 0.3400688 0.3559494 0.3637167 0.3447159 0.3881245 0.3533822 0.3808801 0.3440196 0.3420813 0.3316303 0.3550837 0.3443941 0.3341398 0.3560071 0.3513153 0.3281659 0.3426240 0.3348306 0.3355803 0.3885637 0.3397482 0.3656752 0.3639739 0.3609740 0.3386018 0.3440219 0.3647494 0.3488296 0.3637574 0.3584875 0.3977902 0.3610173 0.4052459 0.3641769 0.3361908 0.3452421 0.4520094 0.3812170 0.3633884 0.3490633 0.3278707 0.3333884 0.3301296 0.4441686 0.3678121 0.3400603 0.3159065 0.3552645 0.3879501 0.3471123 0.3657499 0.3648333 0.3469937 0.3710677 0.3679742 0.3708010 0.3536916 0.3561364 0.3949781 0.3681614 0.3464473 0.3492300 0.3383147 0.3453814 0.3584811 0.3585993 0.3325295 0.3314543 0.3531857 0.3887051 0.3509766 0.3411146 0.3773076 0.3726053 0.4066501 0.3532801 0.3366723 0.3706090 0.3565302 0.3760092 0.3524749 0.3592122 0.3853492 0.3537707 0.3473995 0.3859861 0.3551006 0.3476932 0.3640360 0.3576136 0.3510787 0.3366558 0.3611557 0.3399763 0.3363190 0.4282624 0.3462442 0.3842404 0.3895763 0.3399137 
MYZV          0.2708625 0.1358150 0.0000000 0.4149777 0.5893049 0.4012375 0.3136943 0.3813536 0.3969516 0.4458680 0.4018492 0.3833947 0.3847004 0.4197251 0.4167929 0.3990011 0.4196227 0.4361254 0.4373596 0.4100339 0.4431381 0.4056764 0.4302581 0.4167692 0.4004847 0.3858149 0.4130818 0.3897604 0.3866296 0.3707255 0.4120823 0.5097900 0.3892394 0.3995561 0.4617021 0.4000137 0.4179002 0.4095088 0.4152937 0.4137224 0.3859006 0.4094668 0.3987155 0.3979334 0.4236972 0.3925804 0.4200453 0.4034713 0.4319753 0.3936022 0.3911146 0.3832966 0.4056995 0.4010580 0.3845181 0.4019836 0.3845480 0.3846921 0.3865606 0.3883610 0.3874977 0.4330359 0.3915378 0.4192957 0.4097826 0.3987917 0.3872973 0.4018608 0.4044295 0.4150247 0.3949863 0.3914832 0.4357039 0.4120538 0.4862836 0.4108648 0.3829719 0.3881979 0.4663850 0.4106117 0.3861180 0.3931465 0.3780509 0.3869338 0.3810517 0.5025788 0.4147643 0.4104456 0.3405934 0.3969267 0.4497372 0.4032674 0.4158888 0.4097128 0.3842716 0.4316046 0.4038046 0.4146186 0.4085943 0.4163057 0.4506672 0.4150437 0.4019306 0.3936859 0.3827135 0.3877759 0.3994784 0.4050875 0.3765693 0.3739227 0.4074691 0.4482487 0.3992801 0.4011525 0.4312132 0.4253546 0.4661910 0.4018244 0.3905400 0.4257762 0.4053469 0.4034208 0.3899209 0.4068872 0.4425085 0.4078377 0.3891138 0.4407800 0.4002677 0.3985412 0.4206239 0.4057373 0.3995841 0.4147107 0.4049641 0.3789304 0.3994252 0.4789990 0.4082374 0.4444730 0.4337975 0.3974925 
SRR6441723    0.3874281 0.3577902 0.4149777 0.0000000 0.1031350 0.0924023 0.2276336 0.0566293 0.0553373 0.0986257 0.0734259 0.0689331 0.0695847 0.0774597 0.0546887 0.0819261 0.0902195 0.1102528 0.1004852 0.0760536 0.0927027 0.0784114 0.0761810 0.0476655 0.0353359 0.0800428 0.0699934 0.0676148 0.0817180 0.0798873 0.0774867 0.1182741 0.0451563 0.0730704 0.1195857 0.0795283 0.0776086 0.0602798 0.0807905 0.0828982 0.0755892 0.0742758 0.0694608 0.0764110 0.0904266 0.0593185 0.0971260 0.0690611 0.0926086 0.0672760 0.0744798 0.1125855 0.0681669 0.0788210 0.0639027 0.0702966 0.0535213 0.0461038 0.0681592 0.0459799 0.0451617 0.0742093 0.0609331 0.0712473 0.0861909 0.0757733 0.0569120 0.0451758 0.0779774 0.0719111 0.0659861 0.0538525 0.0822570 0.0642113 0.1437986 0.0640005 0.1168641 0.0701330 0.1479737 0.0822409 0.0666172 0.0617026 0.1192229 0.0450890 0.1152366 0.1099710 0.0654350 0.0411593 0.0659582 0.0773976 0.0765900 0.1151926 0.0879244 0.0794198 0.0494047 0.0864703 0.0738610 0.0820071 0.0784360 0.0669159 0.0997433 0.0766796 0.0783732 0.0750478 0.0694392 0.0687093 0.0265178 0.0629163 0.0651170 0.0623035 0.0702282 0.0608603 0.0705805 0.0649146 0.0614517 0.0602185 0.1049083 0.0707629 0.0460034 0.0883629 0.0604912 0.0965607 0.0695692 0.0643223 0.0606276 0.0357652 0.0898671 0.1001948 0.0687795 0.0539947 0.0704772 0.0657514 0.0320761 0.0432751 0.0837053 0.0522102 0.0500166 0.1755049 0.0526378 0.0463176 0.1082714 0.0471717 
ERR4210213    0.4862078 0.4700900 0.5893049 0.1031350 0.0000000 0.1437928 0.2243949 0.1247011 0.1089765 0.1566980 0.1377705 0.1367075 0.1121374 0.1629722 0.1128483 0.1557462 0.1741922 0.1697319 0.2592476 0.1556804 0.1397129 0.1507017 0.1390145 0.0670298 0.0820130 0.1292708 0.1576061 0.1298595 0.1418125 0.1420828 0.1599976 0.3204587 0.0931711 0.1577223 0.3188389 0.1481075 0.1488746 0.1214294 0.1578650 0.1381548 0.1889503 0.1445180 0.1416557 0.1474857 0.1605231 0.1134082 0.1943410 0.1394164 0.2200734 0.1210432 0.1487891 0.1883308 0.1366999 0.1528422 0.1104875 0.1324515 0.1145307 0.0964953 0.1336496 0.0931711 0.0964845 0.1530366 0.1149753 0.1417743 0.1562820 0.1486184 0.1211163 0.0911120 0.1581931 0.1579542 0.1416023 0.1135878 0.1905777 0.1189337 0.3802874 0.1227688 0.1809620 0.1490891 0.2293675 0.1784360 0.1295411 0.1296954 0.1901228 0.0931711 0.1802042 0.1602903 0.1408170 0.0884107 0.1531087 0.1502949 0.1366849 0.2155676 0.1784956 0.1368716 0.1057659 0.1450559 0.1648715 0.1752033 0.1506684 0.1234010 0.1717789 0.1657027 0.1404410 0.1526173 0.1332388 0.1346954 0.0992902 0.1199243 0.1224709 0.1260263 0.1550337 0.1338185 0.1384072 0.1222723 0.1186599 0.1120769 0.1628464 0.1410007 0.0963813 0.1743049 0.1115371 0.2125102 0.1378343 0.1302444 0.1098954 0.0869183 0.1588768 0.1469616 0.1330040 0.0945234 0.1340618 0.0898351 0.1106857 0.0582134 0.1099117 0.0620346 0.0684801 0.2123180 0.1197761 0.0870282 0.1164563 0.0904397 
ERR2789774    0.3892418 0.3497186 0.4012375 0.0924023 0.1437928 0.0000000 0.2629570 0.0468609 0.0782801 0.1129849 0.0909364 0.0241453 0.0926745 0.0902852 0.0929824 0.0348079 0.0760773 0.1195580 0.1422919 0.1144444 0.1094996 0.1155195 0.0916943 0.0936140 0.0897436 0.1255462 0.0853764 0.0263263 0.0353214 0.1001488 0.0638912 0.1283613 0.0751379 0.0832290 0.1246183 0.1158341 0.0901755 0.0872940 0.0711174 0.1094904 0.1206154 0.0888549 0.0452958 0.0361741 0.1046897 0.0744737 0.0998711 0.0583425 0.0412206 0.0898470 0.1152310 0.1168909 0.0553649 0.1195659 0.0900773 0.0307674 0.0851067 0.0771875 0.0257029 0.0759897 0.0751478 0.1030963 0.0891765 0.0770239 0.1167016 0.0796902 0.0660275 0.0871730 0.0911982 0.1086456 0.0939172 0.0792790 0.1178185 0.0919803 0.1281523 0.0848482 0.1228759 0.0945073 0.1718690 0.1043101 0.0920123 0.0899053 0.1273192 0.0740831 0.1253305 0.1184511 0.1043257 0.0851897 0.0898258 0.0517664 0.1190136 0.1209883 0.0402301 0.0646875 0.0869665 0.1013975 0.0797624 0.0845391 0.1201077 0.0776386 0.1120663 0.1031017 0.1171725 0.1144824 0.0289561 0.0981059 0.0811303 0.0977248 0.0243753 0.0292784 0.0579162 0.1063551 0.0481538 0.0719520 0.1079779 0.0980967 0.1224192 0.0599462 0.0760313 0.1034973 0.0808988 0.0980927 0.0267497 0.0872731 0.1053945 0.0889030 0.0401760 0.1142757 0.0618235 0.0725768 0.0577667 0.0614717 0.0836711 0.0812531 0.0877864 0.0873208 0.0910604 0.1902458 0.0797614 0.1028724 0.1191371 0.0837990 
PAFTOL_019361 0.3058833 0.2704088 0.3136943 0.2276336 0.2243949 0.2629570 0.0000000 0.2085840 0.2511019 0.2748881 0.2325664 0.2141901 0.2216222 0.2327221 0.2204964 0.2401043 0.2445845 0.2878214 0.3145172 0.2629303 0.2669347 0.2462643 0.2445128 0.2302192 0.2392971 0.2276926 0.2423717 0.2211031 0.2447423 0.2103567 0.2070047 0.3327614 0.2122055 0.2328571 0.3352944 0.2467433 0.2356804 0.2358220 0.2179696 0.2457972 0.2414082 0.2139252 0.2264012 0.2403685 0.2500079 0.2353242 0.2494146 0.2133011 0.3077747 0.2362987 0.2349469 0.2235844 0.2197574 0.2345665 0.2433122 0.2325608 0.2332446 0.2172528 0.2260730 0.2087489 0.2093254 0.2436210 0.2428061 0.2354453 0.2473732 0.2392937 0.2213968 0.2245924 0.2377077 0.2520838 0.2569133 0.2160537 0.2977852 0.2495136 0.3609789 0.2384958 0.2496660 0.2389959 0.3670987 0.2238580 0.2416786 0.2455797 0.2255885 0.2096576 0.2084314 0.2321667 0.2418297 0.2186521 0.2080976 0.2293577 0.2392368 0.2243262 0.2482488 0.2301568 0.2341907 0.2537418 0.2318424 0.2466431 0.2445117 0.2187383 0.2748252 0.2388930 0.2458242 0.2426846 0.2362729 0.2264718 0.2154657 0.2239528 0.2104304 0.2233826 0.2329096 0.2405404 0.2263566 0.2311193 0.2375567 0.2187354 0.2748794 0.2296754 0.2093254 0.2401697 0.2387478 0.2543873 0.2325964 0.2345672 0.2344509 0.2237915 0.2661074 0.2504465 0.2280935 0.2218551 0.2359957 0.2167090 0.2261457 0.2117913 0.2393245 0.2187524 0.2298769 0.3611888 0.2168056 0.2132584 0.2957215 0.2159889 
S0055         0.3362512 0.3258528 0.3813536 0.0566293 0.1247011 0.0468609 0.2085840 0.0000000 0.0514897 0.0740679 0.0689995 0.0296480 0.0662096 0.0511372 0.0539383 0.0399441 0.0541890 0.0844385 0.0938178 0.0705548 0.0664208 0.0714502 0.0526402 0.0595150 0.0641694 0.0764354 0.0496341 0.0317914 0.0411334 0.0589830 0.0398861 0.0892860 0.0438029 0.0520539 0.0854726 0.0728885 0.0534215 0.0539240 0.0433573 0.0720697 0.0714986 0.0529162 0.0342956 0.0400852 0.0613228 0.0400450 0.0701888 0.0309206 0.0463729 0.0614587 0.0717489 0.0859151 0.0342049 0.0719378 0.0509192 0.0326896 0.0521234 0.0466177 0.0284109 0.0446341 0.0438080 0.0640456 0.0576691 0.0511553 0.0786821 0.0548001 0.0378091 0.0451170 0.0532606 0.0688960 0.0602095 0.0436805 0.0780448 0.0611778 0.0968178 0.0637885 0.0949442 0.0610897 0.1329070 0.0645396 0.0581321 0.0563173 0.0931080 0.0437370 0.0897300 0.0861891 0.0648633 0.0504275 0.0567857 0.0342590 0.0814433 0.0895481 0.0442243 0.0390808 0.0493601 0.0631189 0.0529492 0.0574882 0.0735567 0.0429131 0.0739970 0.0688831 0.0725536 0.0704166 0.0318098 0.0649949 0.0511501 0.0573942 0.0271460 0.0276119 0.0256943 0.0693801 0.0317369 0.0430562 0.0706503 0.0655689 0.0832217 0.0355339 0.0446573 0.0633537 0.0611721 0.0705315 0.0303914 0.0609017 0.0590622 0.0527526 0.0438489 0.0780909 0.0337350 0.0419393 0.0318167 0.0298556 0.0544642 0.0494521 0.0565408 0.0504530 0.0490635 0.1586626 0.0504563 0.0660219 0.0821312 0.0478594 
S0196sl       0.3463565 0.3511181 0.3969516 0.0553373 0.1089765 0.0782801 0.2511019 0.0514897 0.0000000 0.0975677 0.0446836 0.0625130 0.0518220 0.0779057 0.0568365 0.0673538 0.0986086 0.0967550 0.0612989 0.0682098 0.0888965 0.0630119 0.0724942 0.0532998 0.0563426 0.0712284 0.0645606 0.0627194 0.0755752 0.0728822 0.0757764 0.0680060 0.0081512 0.0696753 0.0664476 0.0650325 0.0684746 0.0525625 0.0725713 0.0592588 0.0591344 0.0630421 0.0750414 0.0664863 0.0875222 0.0561635 0.0995377 0.0577592 0.0629778 0.0374980 0.0688959 0.1099722 0.0618459 0.0679195 0.0628953 0.0704641 0.0501394 0.0093185 0.0647381 0.0081274 0.0081446 0.0652200 0.0337086 0.0747628 0.0755962 0.0827121 0.0545571 0.0450890 0.0756965 0.0620230 0.0568602 0.0463018 0.0616168 0.0529993 0.1297666 0.0449670 0.1184858 0.0568846 0.0717901 0.0638439 0.0600298 0.0575821 0.1197887 0.0081462 0.1085000 0.0969782 0.0675152 0.0450028 0.0616487 0.0729279 0.0839576 0.1138408 0.0625754 0.0820628 0.0445946 0.0821245 0.0751647 0.0761677 0.0661828 0.0591120 0.0893425 0.0565132 0.0601846 0.0570025 0.0613222 0.0565388 0.0475983 0.0560812 0.0588861 0.0505314 0.0620511 0.0705132 0.0656418 0.0607147 0.0685442 0.0667548 0.1036281 0.0716683 0.0093053 0.0809162 0.0373009 0.0988484 0.0667069 0.0421962 0.0697704 0.0427117 0.0612207 0.0963708 0.0779543 0.0580932 0.0687751 0.0630849 0.0481850 0.0573844 0.0793374 0.0479717 0.0463316 0.1691135 0.0294128 0.0679064 0.0683097 0.0412620 
S0278         0.3871464 0.3906257 0.4458680 0.0986257 0.1566980 0.1129849 0.2748881 0.0740679 0.0975677 0.0000000 0.1105148 0.0932518 0.1181880 0.0316488 0.1099278 0.1051482 0.1191763 0.0488344 0.1407857 0.1188406 0.0439751 0.1134634 0.0511894 0.1043702 0.1189585 0.1286364 0.0902210 0.0930171 0.1056348 0.0482782 0.1060640 0.0835650 0.0870165 0.0928238 0.0798770 0.1147654 0.0608604 0.0972347 0.1112556 0.1211358 0.1081794 0.0286462 0.0971194 0.1032293 0.0441672 0.0598749 0.0928670 0.1025753 0.1169220 0.1008904 0.1099123 0.1261475 0.0946321 0.1173393 0.1005679 0.1004283 0.0932459 0.0881388 0.0932964 0.0868685 0.0870275 0.1040571 0.0968204 0.0759401 0.1285136 0.0714537 0.0618568 0.0945708 0.0402979 0.1110864 0.1098320 0.0880492 0.1159123 0.0998367 0.1667586 0.0960511 0.1362474 0.1112564 0.1902035 0.1097036 0.1002147 0.0959273 0.1315033 0.0869190 0.1323515 0.0933340 0.1086550 0.0966767 0.0995699 0.0976525 0.1266423 0.1196880 0.1126157 0.1025579 0.0908457 0.0440821 0.0724791 0.0783408 0.1146743 0.0697124 0.0358538 0.1181588 0.1149160 0.1087361 0.0969029 0.1071703 0.0961136 0.1145178 0.0891540 0.0847509 0.0899276 0.1126935 0.0944016 0.0546798 0.1161297 0.1199088 0.0441413 0.1009181 0.0879270 0.0524981 0.0923013 0.0910028 0.0949262 0.0938906 0.1137464 0.1014827 0.1194655 0.0539220 0.0987429 0.0602152 0.1002186 0.0975392 0.1002540 0.1022083 0.0840165 0.1025318 0.1023569 0.1869302 0.1015002 0.1121850 0.1220924 0.0902433 
S0281         0.3820987 0.3640575 0.4018492 0.0734259 0.1377705 0.0909364 0.2325664 0.0689995 0.0446836 0.1105148 0.0000000 0.0761756 0.0722067 0.0872340 0.0733063 0.0790151 0.1072410 0.1144904 0.1049304 0.0824493 0.1110597 0.0844866 0.0881163 0.0765592 0.0707528 0.0809135 0.0893543 0.0779782 0.0892490 0.0902846 0.0881024 0.1161452 0.0400052 0.0908178 0.1272198 0.0861074 0.0880618 0.0814785 0.0882259 0.0927545 0.0867882 0.0807675 0.0748176 0.0847186 0.1040944 0.0691989 0.1046836 0.0791543 0.0939473 0.0553254 0.0860178 0.1167888 0.0797264 0.0883701 0.0827203 0.0813374 0.0755341 0.0427761 0.0787166 0.0408315 0.0400098 0.0946466 0.0527727 0.0857117 0.0975700 0.0866261 0.0705617 0.0641263 0.0889091 0.0905088 0.0849546 0.0705097 0.1010721 0.0853508 0.1566185 0.0529422 0.1167873 0.0967845 0.1611990 0.0859116 0.0809536 0.0799707 0.1222016 0.0408988 0.1185989 0.1192669 0.0898646 0.0676179 0.0785917 0.0829045 0.0934687 0.1168257 0.0944376 0.0898759 0.0695574 0.0999153 0.0890279 0.0975257 0.0879266 0.0831394 0.1097771 0.0861855 0.0836566 0.0854693 0.0801050 0.0812836 0.0642881 0.0830814 0.0725864 0.0715299 0.0864255 0.0842442 0.0798783 0.0803366 0.0845845 0.0823926 0.1139022 0.0870332 0.0408526 0.0974400 0.0494647 0.1043725 0.0780175 0.0521321 0.0825165 0.0734297 0.0962063 0.1017170 0.0839258 0.0697124 0.0826223 0.0753680 0.0722595 0.0682335 0.0848200 0.0690654 0.0658226 0.1754952 0.0493290 0.0797241 0.1122092 0.0626137 
S0282         0.3548327 0.3360370 0.3833947 0.0689331 0.1367075 0.0241453 0.2141901 0.0296480 0.0625130 0.0932518 0.0761756 0.0000000 0.0744929 0.0728179 0.0692232 0.0132923 0.0586845 0.0989019 0.1159744 0.0913017 0.0883110 0.0923672 0.0713441 0.0784298 0.0723215 0.1020398 0.0659988 0.0063933 0.0155590 0.0776606 0.0440099 0.1028400 0.0528023 0.0685831 0.1039707 0.0938799 0.0680221 0.0710207 0.0488979 0.0902401 0.0905521 0.0691767 0.0258452 0.0146758 0.0814585 0.0559412 0.0798775 0.0400965 0.0195190 0.0664140 0.0924722 0.1013589 0.0372467 0.0949158 0.0730809 0.0080286 0.0649613 0.0557323 0.0039821 0.0536475 0.0528085 0.0806213 0.0645268 0.0587110 0.0927881 0.0618550 0.0459763 0.0626816 0.0692395 0.0827608 0.0745550 0.0591116 0.0908880 0.0702577 0.1067398 0.0657166 0.1095532 0.0779027 0.1419850 0.0836314 0.0779128 0.0771848 0.1062251 0.0527783 0.1039608 0.1000894 0.0827454 0.0645859 0.0649109 0.0273924 0.0947793 0.1010951 0.0158072 0.0458296 0.0658909 0.0806048 0.0608370 0.0654942 0.0942632 0.0590037 0.0977583 0.0832260 0.0924761 0.0900007 0.0080201 0.0794600 0.0612378 0.0778958 0.0007995 0.0089280 0.0443058 0.0827317 0.0257012 0.0564856 0.0826048 0.0773798 0.0997994 0.0431429 0.0536761 0.0825688 0.0620126 0.0792051 0.0048126 0.0657293 0.0764617 0.0691998 0.0254187 0.0958347 0.0432156 0.0514277 0.0375231 0.0410252 0.0629643 0.0664071 0.0640488 0.0665193 0.0686204 0.1747939 0.0601253 0.0852035 0.0939713 0.0615912 
S0288         0.3637271 0.3428568 0.3847004 0.0695847 0.1121374 0.0926745 0.2216222 0.0662096 0.0518220 0.1181880 0.0722067 0.0744929 0.0000000 0.0833340 0.0740684 0.0866549 0.1020620 0.1205116 0.0170172 0.0617506 0.0993821 0.0170966 0.0941893 0.0805791 0.0851109 0.0309624 0.0766868 0.0803951 0.0902958 0.0972293 0.0800814 0.0916136 0.0568172 0.0743572 0.0789187 0.0230607 0.0898705 0.0696403 0.0798823 0.0642311 0.0184709 0.0842613 0.0860501 0.0843572 0.0970492 0.0758845 0.1022171 0.0759971 0.0797806 0.0767547 0.0173898 0.1021034 0.0743220 0.0243273 0.0717476 0.0803510 0.0734294 0.0584683 0.0755697 0.0582843 0.0550758 0.0847587 0.0717549 0.0895937 0.0688740 0.0878782 0.0792931 0.0729477 0.0952041 0.0587332 0.0750472 0.0629112 0.0822374 0.0698230 0.1637185 0.0831716 0.1093729 0.0783741 0.0902930 0.0516018 0.0739167 0.0762675 0.1160707 0.0567095 0.1102570 0.1039133 0.0866499 0.0783288 0.0464566 0.0802356 0.1019662 0.1080586 0.0804952 0.0957074 0.0683786 0.1058918 0.0805710 0.0913070 0.0184627 0.0749783 0.1052396 0.0499840 0.0111655 0.0156171 0.0769054 0.0507719 0.0722473 0.0748895 0.0761021 0.0772944 0.0805278 0.0945594 0.0861158 0.0754978 0.0868315 0.0776650 0.1184474 0.0863369 0.0549752 0.1058717 0.0832462 0.1070262 0.0792026 0.0794685 0.0762058 0.0731451 0.0772968 0.0953588 0.0806874 0.0650954 0.0881113 0.0691150 0.0808040 0.0728552 0.0846883 0.0587943 0.0676280 0.1503639 0.0572082 0.0711595 0.0823062 0.0695553 
S0289         0.4006048 0.3783087 0.4197251 0.0774597 0.1629722 0.0902852 0.2327221 0.0511372 0.0779057 0.0316488 0.0872340 0.0728179 0.0833340 0.0000000 0.0778892 0.0797892 0.0915719 0.0445370 0.1246920 0.0900122 0.0294364 0.0969982 0.0406082 0.0803306 0.0945980 0.0971505 0.0736483 0.0732542 0.0876977 0.0312842 0.0768184 0.0761129 0.0649960 0.0740222 0.0767747 0.0967976 0.0440454 0.0728760 0.0845245 0.0999663 0.0882675 0.0177215 0.0806099 0.0807871 0.0316505 0.0478748 0.0762185 0.0729820 0.0987060 0.0738178 0.0905236 0.1080463 0.0718492 0.0953833 0.0776896 0.0778059 0.0693762 0.0685515 0.0712215 0.0648232 0.0649233 0.0797171 0.0668204 0.0547872 0.0984918 0.0521568 0.0465478 0.0689408 0.0290220 0.0878392 0.0840381 0.0584001 0.0887503 0.0769464 0.1401607 0.0747633 0.1186726 0.0886609 0.1721907 0.0798062 0.0750281 0.0717015 0.1129817 0.0649108 0.1071884 0.1011668 0.0888465 0.0708570 0.0786209 0.0751774 0.0936372 0.1045572 0.0945307 0.0742972 0.0753071 0.0339514 0.0567494 0.0624839 0.0955952 0.0560895 0.0415369 0.0917493 0.0975258 0.0910290 0.0756855 0.0836027 0.0781349 0.0767556 0.0694845 0.0678887 0.0683427 0.0864495 0.0731523 0.0427318 0.0827793 0.0868159 0.0425149 0.0733359 0.0648959 0.0322065 0.0704305 0.0735159 0.0741204 0.0723457 0.0816471 0.0774321 0.0996444 0.0467082 0.0724209 0.0442498 0.0730316 0.0749135 0.0796563 0.0814777 0.0676392 0.0713367 0.0771139 0.1687123 0.0702714 0.0947695 0.1085233 0.0605005 
S0292         0.3785116 0.3550918 0.4167929 0.0546887 0.1128483 0.0929824 0.2204964 0.0539383 0.0568365 0.1099278 0.0733063 0.0692232 0.0740684 0.0778892 0.0000000 0.0821510 0.0988962 0.1137156 0.0951605 0.0786957 0.1028756 0.0785019 0.0820088 0.0528315 0.0602078 0.0783057 0.0770663 0.0732200 0.0869149 0.0827712 0.0749326 0.1229231 0.0471272 0.0759382 0.1288483 0.0788723 0.0814315 0.0604210 0.0816302 0.0871315 0.0688494 0.0831821 0.0761396 0.0771809 0.0954471 0.0645667 0.0998718 0.0683764 0.0902601 0.0675208 0.0757165 0.1147824 0.0728637 0.0778642 0.0642189 0.0738515 0.0565784 0.0500040 0.0702954 0.0479693 0.0470965 0.0764389 0.0609717 0.0796330 0.0815279 0.0802737 0.0648757 0.0520839 0.0836121 0.0752908 0.0673934 0.0557950 0.0825057 0.0665944 0.1386104 0.0660634 0.1223536 0.0748052 0.1421415 0.0837695 0.0689762 0.0680131 0.1197892 0.0470554 0.1163326 0.1238623 0.0751414 0.0450327 0.0680084 0.0701278 0.0459426 0.1112760 0.0849874 0.0823132 0.0546989 0.0918725 0.0814623 0.0887798 0.0775083 0.0715417 0.1089338 0.0820003 0.0783786 0.0792443 0.0753132 0.0708237 0.0468863 0.0207674 0.0652752 0.0666096 0.0697139 0.0403216 0.0690361 0.0680109 0.0240331 0.0180785 0.1140271 0.0817810 0.0479579 0.0985238 0.0624901 0.1025566 0.0717499 0.0664013 0.0339686 0.0459191 0.0890740 0.1099524 0.0786381 0.0695042 0.0753038 0.0672797 0.0485620 0.0532535 0.0939277 0.0546600 0.0511667 0.1705728 0.0544790 0.0590230 0.1089743 0.0511846 
S0293         0.3657750 0.3427875 0.3990011 0.0819261 0.1557462 0.0348079 0.2401043 0.0399441 0.0673538 0.1051482 0.0790151 0.0132923 0.0866549 0.0797892 0.0821510 0.0000000 0.0638417 0.1097073 0.1015957 0.0967151 0.0988982 0.1070303 0.0822454 0.0900531 0.0862302 0.1103290 0.0753687 0.0176094 0.0290529 0.0845329 0.0559711 0.0742487 0.0624981 0.0793185 0.0725839 0.1072803 0.0820173 0.0805995 0.0548885 0.0972479 0.1037030 0.0812045 0.0357981 0.0242224 0.0926653 0.0649113 0.0926541 0.0516562 0.0144301 0.0763919 0.1075753 0.1114802 0.0444702 0.1095678 0.0821385 0.0185788 0.0748735 0.0646069 0.0149379 0.0612894 0.0624533 0.0939821 0.0730950 0.0693310 0.1051483 0.0759812 0.0584906 0.0747120 0.0813594 0.0951694 0.0806140 0.0719493 0.0845623 0.0837209 0.0945626 0.0743352 0.1154887 0.0914728 0.1354501 0.0963384 0.0895797 0.0910508 0.1185640 0.0614035 0.1158950 0.1151193 0.0937020 0.0767508 0.0744935 0.0354574 0.1120918 0.1111712 0.0170256 0.0550253 0.0759084 0.0914584 0.0739265 0.0778642 0.1106153 0.0697497 0.1043737 0.0898309 0.1032987 0.1042525 0.0185194 0.0906850 0.0758001 0.0880773 0.0124691 0.0187374 0.0535391 0.0923096 0.0365425 0.0669705 0.0945462 0.0863525 0.1117636 0.0520774 0.0633963 0.0903061 0.0703022 0.0859139 0.0159573 0.0730660 0.0913508 0.0807391 0.0184652 0.1060602 0.0540436 0.0628897 0.0488823 0.0531504 0.0751178 0.0810787 0.0735034 0.0776085 0.0793747 0.1954459 0.0672448 0.0994820 0.1013648 0.0770858 
S0294         0.3820485 0.3583045 0.4196227 0.0902195 0.1741922 0.0760773 0.2445845 0.0541890 0.0986086 0.1191763 0.1072410 0.0586845 0.1020620 0.0915719 0.0988962 0.0638417 0.0000000 0.1244577 0.1373459 0.1144712 0.1050823 0.1142900 0.0899955 0.0978584 0.1059716 0.1234856 0.0911250 0.0575368 0.0688873 0.0842752 0.0737616 0.1228966 0.0778315 0.0949087 0.1189999 0.1164082 0.0865068 0.0942309 0.0737969 0.1102950 0.1066650 0.0865040 0.0673159 0.0666116 0.0992085 0.0686600 0.1071889 0.0664910 0.0726455 0.0940489 0.1172302 0.1298342 0.0592116 0.1168124 0.0900023 0.0615559 0.0924998 0.0789091 0.0570109 0.0786810 0.0778418 0.0965926 0.0901869 0.0748808 0.1139204 0.0858045 0.0608921 0.0826543 0.0913908 0.1062663 0.0995462 0.0843117 0.1144593 0.0980141 0.0933628 0.0912098 0.1380650 0.0894534 0.1693853 0.1101394 0.0961373 0.0953547 0.1303914 0.0777137 0.1317858 0.1359217 0.1055368 0.0831920 0.0851902 0.0666427 0.1201334 0.1270942 0.0734077 0.0598979 0.0870095 0.0999112 0.0870763 0.0928189 0.1173619 0.0753711 0.1132679 0.1045727 0.1155144 0.1130469 0.0585488 0.0938128 0.0828527 0.1055173 0.0560840 0.0503578 0.0647069 0.0973497 0.0654885 0.0668449 0.1094146 0.1072519 0.1241347 0.0571242 0.0787240 0.0911286 0.0873915 0.1013800 0.0594133 0.0903102 0.1034590 0.0931464 0.0734097 0.1099211 0.0516769 0.0653010 0.0552086 0.0705479 0.0899229 0.0851864 0.0878692 0.0893796 0.0891687 0.1992671 0.0874913 0.1103752 0.1228100 0.0819011 
S0299         0.4154786 0.4052370 0.4361254 0.1102528 0.1697319 0.1195580 0.2878214 0.0844385 0.0967550 0.0488344 0.1144904 0.0989019 0.1205116 0.0445370 0.1137156 0.1097073 0.1244577 0.0000000 0.1458892 0.1250382 0.0555733 0.1236328 0.0649143 0.1123680 0.1319130 0.1304928 0.1056975 0.1001963 0.1121144 0.0627012 0.1084433 0.0986675 0.0904574 0.1059040 0.1011246 0.1245376 0.0719025 0.0916541 0.1105388 0.1211869 0.1154123 0.0421610 0.1034720 0.1090190 0.0561603 0.0711105 0.0967470 0.1009454 0.1169838 0.0973401 0.1199167 0.1368755 0.0942247 0.1240440 0.1058469 0.1023760 0.0921516 0.0926151 0.0977990 0.0903024 0.0903946 0.1062857 0.0919109 0.0766212 0.1398625 0.0785489 0.0705586 0.1045191 0.0585351 0.1230791 0.1060916 0.0913155 0.1141569 0.0968513 0.1666750 0.1086696 0.1438725 0.1136362 0.1900680 0.1147849 0.1017309 0.1020343 0.1399559 0.0903555 0.1366274 0.1103340 0.1130918 0.1072182 0.1075769 0.1060119 0.1316150 0.1388177 0.1166652 0.1051884 0.1061718 0.0633766 0.0785405 0.0907107 0.1235853 0.0829831 0.0600577 0.1163730 0.1201497 0.1187150 0.1035381 0.1089244 0.1056380 0.1193953 0.0960869 0.0912128 0.0917537 0.1189354 0.0988983 0.0685403 0.1231056 0.1261120 0.0713944 0.1057551 0.0912982 0.0691177 0.1026018 0.1017055 0.1028399 0.1064279 0.1243853 0.1118862 0.1272685 0.0683028 0.1050838 0.0748478 0.1034508 0.0972377 0.1041092 0.1110360 0.0908832 0.1005177 0.1115515 0.1815016 0.1019296 0.1295403 0.1320251 0.0978159 
S0303         0.4048235 0.3897682 0.4373596 0.1004852 0.2592476 0.1422919 0.3145172 0.0938178 0.0612989 0.1407857 0.1049304 0.1159744 0.0170172 0.1246920 0.0951605 0.1015957 0.1373459 0.1458892 0.0000000 0.0926023 0.1344362 0.0345613 0.1213274 0.1023765 0.0799306 0.0237726 0.1145629 0.1163105 0.1265777 0.1385771 0.1094862 0.1109438 0.0903307 0.1124736 0.1340316 0.0440073 0.1219493 0.1028432 0.1097271 0.0879521 0.0089873 0.1158927 0.1176992 0.1244592 0.1249697 0.1001714 0.1317249 0.1097422 0.1139982 0.1107695 0.0386737 0.1522261 0.1023514 0.0372055 0.0959581 0.1161577 0.1042642 0.0914910 0.1134885 0.0912119 0.0881661 0.1192535 0.1033714 0.1117522 0.1030892 0.1177848 0.0973456 0.0899572 0.1217114 0.0840059 0.0860951 0.0989246 0.0998242 0.1112478 0.1721322 0.1129083 0.1536132 0.1099365 0.1489005 0.0822434 0.1080539 0.1025531 0.1615485 0.0901896 0.1585990 0.1518378 0.1197831 0.0939218 0.0823393 0.1163355 0.1351895 0.1635245 0.1221363 0.1250385 0.0956054 0.1314370 0.1144676 0.1173464 0.0397981 0.1110616 0.1416856 0.0837119 0.0403927 0.0357597 0.1199655 0.0863930 0.0976924 0.1113081 0.1109656 0.1089374 0.1088425 0.1165829 0.1120207 0.1028584 0.1078949 0.0987588 0.1554045 0.1167215 0.0901739 0.1078655 0.1090139 0.1364935 0.1163915 0.1058140 0.1057268 0.0998011 0.1031977 0.1386739 0.1167315 0.1083130 0.1208705 0.1057983 0.0931289 0.0894719 0.0985616 0.0987337 0.0987548 0.2056816 0.0967474 0.1112132 0.1314752 0.0910062 
S0308         0.3902995 0.3479512 0.4100339 0.0760536 0.1556804 0.1144444 0.2629303 0.0705548 0.0682098 0.1188406 0.0824493 0.0913017 0.0617506 0.0900122 0.0786957 0.0967151 0.1144712 0.1250382 0.0926023 0.0000000 0.1137542 0.0632674 0.0995314 0.0811650 0.0790122 0.0661480 0.0907892 0.0909313 0.1025179 0.0849238 0.0948294 0.1362000 0.0647453 0.0927764 0.1331884 0.0623622 0.1004625 0.0854181 0.0992267 0.0716819 0.0564187 0.0939301 0.0945077 0.1026393 0.0997425 0.0763055 0.1207255 0.0857631 0.1160218 0.0836041 0.0598119 0.1272319 0.0884124 0.0600492 0.0725571 0.0898303 0.0812650 0.0667649 0.0901088 0.0655876 0.0627888 0.1012737 0.0787853 0.0939685 0.0829552 0.0943449 0.0765726 0.0736836 0.0953772 0.0730077 0.0891154 0.0743545 0.1109065 0.0942977 0.1615322 0.0870959 0.1293709 0.0896924 0.1340271 0.0661986 0.0885798 0.0857963 0.1353671 0.0646475 0.1337397 0.1365230 0.0915100 0.0693680 0.0614728 0.0954153 0.1069880 0.1280641 0.1074565 0.1029156 0.0756890 0.1116789 0.0924860 0.0996791 0.0615657 0.0848578 0.1135701 0.0684218 0.0636323 0.0604758 0.0907015 0.0686893 0.0677451 0.0885205 0.0873159 0.0871502 0.0919727 0.0980685 0.0882390 0.0854291 0.0930827 0.0898387 0.1244948 0.0955177 0.0656230 0.1073004 0.0833021 0.1174491 0.0894316 0.0846438 0.0867140 0.0787840 0.1033193 0.1274746 0.0915551 0.0795361 0.0928422 0.0883467 0.0745278 0.0812496 0.1052023 0.0822846 0.0786478 0.1843608 0.0691975 0.0873817 0.1206914 0.0718765 
S0320         0.4118557 0.3884165 0.4431381 0.0927027 0.1397129 0.1094996 0.2669347 0.0664208 0.0888965 0.0439751 0.1110597 0.0883110 0.0993821 0.0294364 0.1028756 0.0988982 0.1050823 0.0555733 0.1344362 0.1137542 0.0000000 0.1062880 0.0516459 0.1007807 0.1129632 0.1169792 0.0888209 0.0865271 0.1000625 0.0359262 0.0865483 0.0797660 0.0833266 0.0945313 0.0712695 0.1122255 0.0546921 0.0876766 0.0974981 0.1045407 0.1005372 0.0251110 0.0908337 0.0954466 0.0404883 0.0529451 0.0810316 0.0873956 0.1089706 0.0967838 0.1067946 0.1274816 0.0767737 0.1136143 0.0933446 0.0904384 0.0816409 0.0865311 0.0883309 0.0820989 0.0833376 0.1016759 0.0927159 0.0672785 0.1199623 0.0616609 0.0553710 0.0868421 0.0430126 0.1083104 0.0991406 0.0814024 0.1069055 0.0928427 0.1514702 0.0968718 0.1318926 0.1050793 0.1841946 0.0985405 0.0961462 0.0931140 0.1316930 0.0832000 0.1305472 0.0933372 0.1040209 0.0901736 0.0961696 0.0883375 0.1211033 0.1265466 0.1072494 0.0958592 0.0862656 0.0349369 0.0627297 0.0684013 0.1104925 0.0663952 0.0441741 0.1029704 0.1112981 0.1078410 0.0893635 0.0940196 0.0909237 0.1061855 0.0844057 0.0775223 0.0772537 0.1073615 0.0841930 0.0435891 0.1078679 0.1115450 0.0503699 0.0917547 0.0842287 0.0440744 0.0931277 0.0804719 0.0890260 0.0947115 0.1068692 0.0947069 0.1097710 0.0467019 0.0890105 0.0538955 0.0884578 0.0880257 0.0992214 0.0968546 0.0694901 0.0888688 0.0943346 0.1855981 0.0952531 0.1143189 0.1214400 0.0819111 
S0322         0.3612958 0.3569899 0.4056764 0.0784114 0.1507017 0.1155195 0.2462643 0.0714502 0.0630119 0.1134634 0.0844866 0.0923672 0.0170966 0.0969982 0.0785019 0.1070303 0.1142900 0.1236328 0.0345613 0.0632674 0.1062880 0.0000000 0.1021803 0.0822878 0.0834654 0.0226951 0.0933636 0.0919177 0.1013340 0.0990768 0.0868547 0.1375815 0.0662103 0.0925459 0.1424939 0.0171982 0.0965088 0.0826249 0.0941147 0.0601467 0.0089862 0.0914543 0.0945547 0.0992441 0.1013466 0.0788692 0.1154403 0.0839282 0.1198342 0.0909387 0.0113578 0.1170703 0.0834945 0.0145973 0.0766765 0.0937990 0.0818245 0.0672507 0.0913858 0.0670589 0.0652255 0.0940162 0.0861177 0.0927577 0.0753848 0.0951625 0.0750085 0.0715318 0.0981478 0.0553789 0.0895380 0.0708320 0.1035687 0.0883142 0.1623367 0.0867007 0.1266980 0.0867959 0.1254643 0.0619609 0.0815472 0.0765855 0.1275732 0.0661096 0.1246826 0.1279651 0.0912519 0.0713720 0.0506094 0.0953733 0.1136324 0.1239977 0.1122413 0.1046382 0.0740306 0.1063174 0.0934407 0.1006854 0.0128521 0.0898430 0.1145538 0.0544480 0.0130371 0.0121972 0.0942496 0.0546200 0.0721446 0.0915869 0.0885615 0.0893349 0.0915580 0.0962081 0.0902071 0.0817934 0.0895124 0.0841820 0.1282194 0.0961299 0.0670955 0.1116947 0.0840029 0.1183925 0.0928745 0.0825925 0.0855149 0.0789486 0.1082897 0.1208996 0.0957677 0.0805363 0.0973469 0.0900485 0.0728512 0.0786385 0.1029847 0.0823095 0.0801950 0.1799299 0.0718613 0.0877302 0.1190606 0.0675229 
S0327         0.3915415 0.3681940 0.4302581 0.0761810 0.1390145 0.0916943 0.2445128 0.0526402 0.0724942 0.0511894 0.0881163 0.0713441 0.0941893 0.0406082 0.0820088 0.0822454 0.0899955 0.0649143 0.1213274 0.0995314 0.0516459 0.1021803 0.0000000 0.0824783 0.0921120 0.1074282 0.0721903 0.0699128 0.0825892 0.0384798 0.0770082 0.0637218 0.0652807 0.0747073 0.0649351 0.1032312 0.0396301 0.0749435 0.0830813 0.0972264 0.0928848 0.0332792 0.0730101 0.0782134 0.0460031 0.0422267 0.0609255 0.0724835 0.0852513 0.0796601 0.0982209 0.1021254 0.0702701 0.1022751 0.0722034 0.0758735 0.0700723 0.0682792 0.0715127 0.0661184 0.0652889 0.0837378 0.0748252 0.0533179 0.1025693 0.0435080 0.0419610 0.0712700 0.0373721 0.0906414 0.0866000 0.0729694 0.0949881 0.0818120 0.1360942 0.0826699 0.1106557 0.0797833 0.1668386 0.0976881 0.0797579 0.0779915 0.1156682 0.0652098 0.1106213 0.0811387 0.0907802 0.0768679 0.0795549 0.0764588 0.1000024 0.1015896 0.0867583 0.0753022 0.0729291 0.0347741 0.0473719 0.0508484 0.1005436 0.0487425 0.0527411 0.0982091 0.1010748 0.0977017 0.0715865 0.0838502 0.0710471 0.0884690 0.0675847 0.0632637 0.0688632 0.0809019 0.0725511 0.0389133 0.0881993 0.0907672 0.0582260 0.0736393 0.0661532 0.0372852 0.0790431 0.0620739 0.0730149 0.0796434 0.0872873 0.0728627 0.0931138 0.0604208 0.0699171 0.0395304 0.0705882 0.0691472 0.0781028 0.0830437 0.0562391 0.0747906 0.0756953 0.1733084 0.0737557 0.0891655 0.1080418 0.0673217 
S0335         0.3686849 0.3496315 0.4167692 0.0476655 0.0670298 0.0936140 0.2302192 0.0595150 0.0532998 0.1043702 0.0765592 0.0784298 0.0805791 0.0803306 0.0528315 0.0900531 0.0978584 0.1123680 0.1023765 0.0811650 0.1007807 0.0822878 0.0824783 0.0000000 0.0410249 0.0819105 0.0809483 0.0777949 0.0894086 0.0840506 0.0809649 0.1233498 0.0507803 0.0818858 0.1282746 0.0833705 0.0808948 0.0632486 0.0840945 0.0851804 0.0754586 0.0797056 0.0803295 0.0858839 0.0939618 0.0653533 0.0982538 0.0721250 0.0980016 0.0681196 0.0783447 0.1104110 0.0723006 0.0805870 0.0659046 0.0818339 0.0614282 0.0536354 0.0785305 0.0516080 0.0507477 0.0799723 0.0626347 0.0790115 0.0903518 0.0798804 0.0657759 0.0443119 0.0885875 0.0758837 0.0699957 0.0599742 0.0858915 0.0695487 0.1471328 0.0710840 0.1203679 0.0716422 0.1522147 0.0819734 0.0685083 0.0696286 0.1197391 0.0507044 0.1156465 0.1077774 0.0812190 0.0394031 0.0763440 0.0792776 0.0755976 0.1132206 0.0957465 0.0833615 0.0531851 0.0984777 0.0799517 0.0870804 0.0812572 0.0711113 0.1086390 0.0827903 0.0789398 0.0779138 0.0778380 0.0771426 0.0287293 0.0608240 0.0745366 0.0691241 0.0774329 0.0586048 0.0724027 0.0720005 0.0633858 0.0575349 0.1120899 0.0755795 0.0515961 0.0986280 0.0685217 0.1005490 0.0788508 0.0714440 0.0573820 0.0394532 0.0934778 0.1073112 0.0796590 0.0643598 0.0776788 0.0679106 0.0373733 0.0207820 0.0877613 0.0541860 0.0498458 0.1784503 0.0622903 0.0503337 0.1113830 0.0491095 
S0345         0.3654261 0.3660151 0.4004847 0.0353359 0.0820130 0.0897436 0.2392971 0.0641694 0.0563426 0.1189585 0.0707528 0.0723215 0.0851109 0.0945980 0.0602078 0.0862302 0.1059716 0.1319130 0.0799306 0.0790122 0.1129632 0.0834654 0.0921120 0.0410249 0.0000000 0.0787927 0.0768033 0.0752954 0.0874993 0.1095769 0.0865355 0.0892349 0.0542263 0.0786944 0.0881133 0.0861387 0.0860593 0.0674636 0.0794704 0.0957979 0.0767097 0.0902244 0.0830921 0.0777043 0.1076322 0.0752107 0.0917055 0.0801740 0.0729708 0.0635892 0.0810020 0.1124895 0.0780220 0.0848835 0.0730361 0.0718652 0.0640853 0.0555753 0.0697456 0.0554932 0.0526503 0.0866750 0.0609490 0.0860174 0.0872512 0.0857715 0.0788233 0.0556424 0.1022068 0.0858668 0.0666804 0.0544156 0.0691353 0.0623525 0.1433920 0.0751685 0.1357857 0.0737423 0.1273508 0.0751029 0.0736840 0.0788309 0.1282334 0.0541024 0.1274563 0.0848438 0.0790937 0.0439819 0.0730847 0.0765063 0.0818458 0.1220797 0.0790183 0.0801697 0.0666719 0.1087377 0.0768268 0.0809740 0.0846840 0.0855451 0.1150482 0.0842048 0.0781524 0.0757023 0.0701564 0.0795846 0.0150931 0.0622045 0.0689192 0.0605976 0.0795373 0.0675420 0.0784297 0.0818786 0.0720080 0.0628819 0.1212382 0.0743534 0.0526503 0.1076560 0.0752261 0.0893346 0.0717242 0.0754894 0.0678370 0.0451820 0.0738526 0.1144184 0.0794739 0.0730800 0.0795746 0.0870283 0.0196522 0.0402899 0.0923693 0.0614948 0.0570113 0.1900306 0.0587852 0.0507755 0.0977550 0.0575154 
S0355         0.3621122 0.3406399 0.3858149 0.0800428 0.1292708 0.1255462 0.2276926 0.0764354 0.0712284 0.1286364 0.0809135 0.1020398 0.0309624 0.0971505 0.0783057 0.1103290 0.1234856 0.1304928 0.0237726 0.0661480 0.1169792 0.0226951 0.1074282 0.0819105 0.0787927 0.0000000 0.0906754 0.1044014 0.1151275 0.0974491 0.0939706 0.1020836 0.0686155 0.0874663 0.0978004 0.0316833 0.1018780 0.0773949 0.0895129 0.0743121 0.0153817 0.0993230 0.0990666 0.1095763 0.1119811 0.0876720 0.1126981 0.0938631 0.1046436 0.0978783 0.0260479 0.1133926 0.0853646 0.0121634 0.0790418 0.0992307 0.0804140 0.0711963 0.1006396 0.0696795 0.0673070 0.0941337 0.0891939 0.1043706 0.0717753 0.1004662 0.0862742 0.0717303 0.1005230 0.0732542 0.0853824 0.0718467 0.0841378 0.0882755 0.1444911 0.0894960 0.1184831 0.0834591 0.1240937 0.0607263 0.0861089 0.0809626 0.1224188 0.0685761 0.1237684 0.1199123 0.0986269 0.0753225 0.0599158 0.0960755 0.1114772 0.1116314 0.1095136 0.1047864 0.0710665 0.1174974 0.0971880 0.1005318 0.0259319 0.0937729 0.1216691 0.0628197 0.0270286 0.0282820 0.1070752 0.0609206 0.0692889 0.0936092 0.0997402 0.0966075 0.0941423 0.0912318 0.0915734 0.0881939 0.0923640 0.0845760 0.1374426 0.0994796 0.0684358 0.1178076 0.0895543 0.1138619 0.1053803 0.0828194 0.0872196 0.0793787 0.0979334 0.1175516 0.0931938 0.0830172 0.0996163 0.0856477 0.0809923 0.0766292 0.1032966 0.0768457 0.0691002 0.1814419 0.0717777 0.0755885 0.1142058 0.0677376 
S0376         0.3974729 0.3483420 0.4130818 0.0699934 0.1576061 0.0853764 0.2423717 0.0496341 0.0645606 0.0902210 0.0893543 0.0659988 0.0766868 0.0736483 0.0770663 0.0753687 0.0911250 0.1056975 0.1145629 0.0907892 0.0888209 0.0933636 0.0721903 0.0809483 0.0768033 0.0906754 0.0000000 0.0659850 0.0809321 0.0819654 0.0755278 0.1118642 0.0608224 0.0210488 0.1134749 0.0970193 0.0750220 0.0697916 0.0771151 0.0990198 0.0917510 0.0679040 0.0717633 0.0776731 0.0813488 0.0602629 0.0923501 0.0645346 0.0878017 0.0806150 0.0917339 0.1068463 0.0653787 0.0926654 0.0706787 0.0699508 0.0713927 0.0618361 0.0661829 0.0616627 0.0608299 0.0812949 0.0780698 0.0742472 0.0914668 0.0749628 0.0607130 0.0687585 0.0723885 0.0903445 0.0796282 0.0701113 0.0975629 0.0783675 0.1314665 0.0808772 0.1121229 0.0870836 0.1574448 0.0863202 0.0807174 0.0775456 0.1063233 0.0607563 0.1081944 0.0942194 0.0864191 0.0640013 0.0709813 0.0725681 0.0965100 0.1124051 0.0832354 0.0722245 0.0698038 0.0821819 0.0751049 0.0765284 0.0964256 0.0729272 0.0966160 0.0897684 0.0956576 0.0933650 0.0710251 0.0783542 0.0708061 0.0827365 0.0622877 0.0625809 0.0588087 0.0890642 0.0665062 0.0645551 0.0871537 0.0872574 0.1024070 0.0664044 0.0616958 0.0855023 0.0760655 0.0961060 0.0687621 0.0792243 0.0871497 0.0726165 0.0871201 0.0963538 0.0722958 0.0594627 0.0680656 0.0632253 0.0696312 0.0702286 0.0829025 0.0637110 0.0719822 0.1764779 0.0628956 0.0854551 0.0588787 0.0662487 
