111
CRNC          0.0000000 0.1722267 0.2219325 0.4115082 0.5326225 0.3087146 0.3641668 0.2862842 0.3627880 0.3887141 0.3049053 0.3344179 0.5492961 0.3700496 0.3058444 0.3279537 0.4742391 0.3468871 0.3323228 0.4410939 0.4073867 0.4401381 0.4379797 0.3064047 0.3467301 0.3578093 0.4669915 0.2749816 0.4476249 0.3677928 0.3218141 0.4369252 0.3470034 0.4639573 0.4268640 0.3710138 0.4790145 0.3423227 0.3344179 0.4360592 0.4243600 0.3682795 0.3361485 0.3955864 0.3603006 0.4936782 0.3631560 0.3792024 0.3383371 0.3301301 0.3627880 0.3508380 0.4515939 0.4029410 0.4443985 0.3290981 0.3717251 0.3668162 0.3757878 0.4348245 0.3372626 0.4184385 0.4156031 0.4096505 0.2738819 0.3822902 0.4393547 0.3826009 0.3375702 0.3649182 0.3958323 0.4567163 0.4442870 0.4203963 0.3915996 0.3375453 0.3375702 0.3634384 0.3379714 0.3590850 0.3344179 0.3088525 0.4104753 0.4238858 0.3447408 0.3851720 0.3515745 0.4467952 0.4684245 0.3223238 0.3216746 0.3594982 0.4858636 0.3068146 0.3062629 0.3471146 0.2765621 0.4080100 0.3684312 0.4234388 0.3093179 0.3689625 0.5154409 0.3317855 0.3809214 0.4169177 0.3291928 0.3732908 0.3511395 0.3675747 0.3084126 
HYZL          0.1722267 0.0000000 0.1586586 0.2510389 0.2922408 0.1859453 0.2141214 0.2116184 0.2174558 0.2484313 0.1936211 0.2065221 0.3124149 0.2437658 0.1938954 0.2300210 0.3459996 0.2244696 0.2426095 0.2718226 0.2709571 0.2737973 0.2509051 0.2161608 0.2160903 0.2224617 0.2583672 0.1963247 0.2599542 0.2203782 0.2138704 0.2693903 0.2460835 0.2675394 0.2633215 0.2523916 0.3017406 0.2227888 0.2065221 0.2809937 0.2577129 0.2313297 0.2073037 0.2202514 0.2355072 0.3364804 0.2384417 0.2494767 0.2182176 0.2088934 0.2174558 0.2287649 0.2916688 0.2237515 0.2475679 0.2742612 0.2524141 0.2032438 0.2464949 0.2182351 0.1924353 0.2784587 0.2541868 0.2552660 0.1863626 0.2106798 0.2777784 0.2421053 0.2378537 0.2900548 0.2496378 0.2966140 0.3112797 0.2712789 0.2478570 0.2082333 0.2378537 0.2289651 0.2393912 0.2457145 0.2065221 0.2154563 0.2210148 0.2304081 0.2051782 0.2229857 0.2493297 0.2528901 0.3297732 0.2558489 0.2253568 0.2546656 0.2929603 0.1925793 0.1917929 0.1971179 0.1602034 0.2579396 0.2224257 0.2717663 0.2008638 0.2429514 0.3359869 0.2139782 0.2303223 0.2344746 0.1814264 0.2080118 0.2186081 0.2197013 0.2058122 
MYZV          0.2219325 0.1586586 0.0000000 0.3950357 0.4729737 0.3417745 0.3372423 0.3505574 0.3483253 0.3751427 0.2979846 0.3011958 0.4591946 0.3561019 0.2929336 0.3559972 0.3939448 0.3322991 0.3316294 0.3802447 0.3171307 0.3848111 0.3948503 0.2921968 0.2974213 0.3305544 0.4034487 0.2835271 0.4048190 0.3530659 0.2731919 0.4042545 0.3592078 0.4010579 0.4113490 0.3705982 0.4596547 0.3374910 0.3090472 0.4045476 0.3553313 0.3203213 0.3105411 0.3386682 0.3461282 0.4040276 0.3598403 0.3642269 0.3035506 0.3650356 0.3483253 0.3243054 0.4348384 0.3449465 0.3443709 0.3706817 0.3084116 0.3267157 0.3879460 0.3595191 0.3263416 0.4024509 0.3861195 0.3934235 0.2961165 0.3405699 0.3975977 0.3299312 0.3497369 0.3541374 0.3759623 0.4094198 0.3370806 0.3077120 0.3771341 0.3124308 0.3497369 0.3129407 0.3128209 0.3236597 0.3090472 0.3198366 0.3195410 0.4049252 0.2915802 0.3351385 0.3507914 0.3488528 0.4504432 0.3131214 0.3462418 0.3491603 0.4090909 0.2950921 0.2982833 0.2977368 0.2926389 0.3765932 0.3558020 0.3195927 0.2921071 0.3550559 0.4912084 0.2939658 0.3656896 0.3592364 0.3040195 0.3154675 0.3245530 0.3519075 0.3326911 
SRR6441723    0.4115082 0.2510389 0.3950357 0.0000000 0.1494586 0.1106811 0.2832878 0.0657664 0.0652064 0.1281276 0.0948043 0.0938081 0.1526290 0.0581097 0.0922525 0.1009751 0.1509818 0.1202219 0.1370686 0.1082945 0.1263105 0.0875935 0.0804082 0.1118970 0.0843247 0.0863420 0.1174622 0.0806199 0.1240221 0.0726567 0.1092491 0.1177084 0.1005544 0.1244781 0.1092732 0.1517011 0.1166287 0.0994163 0.0776676 0.1281846 0.0984928 0.0864321 0.0713998 0.0794877 0.0933244 0.1621940 0.1217765 0.1017389 0.0997428 0.0809472 0.0652064 0.0853595 0.0916867 0.0876271 0.0987103 0.1074408 0.1177894 0.0704652 0.0644040 0.1044701 0.0832660 0.1180623 0.1025218 0.0978289 0.0982134 0.0658810 0.1390759 0.0933145 0.1134806 0.1320047 0.0720860 0.0851845 0.1485201 0.1657136 0.0859800 0.0768143 0.1134806 0.1014871 0.0783126 0.1312359 0.0776676 0.0934174 0.0583072 0.1254532 0.0745831 0.0800661 0.1164916 0.0961263 0.1615417 0.1137536 0.1152213 0.1159465 0.0732287 0.0405046 0.0735097 0.0711118 0.0753546 0.0466926 0.0929673 0.1228978 0.0286269 0.0517883 0.1365687 0.1012331 0.0725011 0.1087378 0.0663817 0.0873967 0.0942297 0.0792943 0.0580126 
ERR4210213    0.5326225 0.2922408 0.4729737 0.1494586 0.0000000 0.1924563 0.3326900 0.1386211 0.1388359 0.1998156 0.1635621 0.1376023 0.2208794 0.1547120 0.1452641 0.1539379 0.2437841 0.2018082 0.2229804 0.2254305 0.2323094 0.1264358 0.1666218 0.2144566 0.1449633 0.1493389 0.2293358 0.1541719 0.2344307 0.1504350 0.2033620 0.2296231 0.1785385 0.2052659 0.1636408 0.1911381 0.1830731 0.1565899 0.1360254 0.1975817 0.2049993 0.1708409 0.1463359 0.1509794 0.1683863 0.2405044 0.2249859 0.1811885 0.1469639 0.1271462 0.1388359 0.1665405 0.1871806 0.1535110 0.1962243 0.1772503 0.2185523 0.1390106 0.1357047 0.2014332 0.1105902 0.1565931 0.1541889 0.1314917 0.1632121 0.1508767 0.2316976 0.1791355 0.1756178 0.1907126 0.1384295 0.1731414 0.2174273 0.2317304 0.1659097 0.1435536 0.1756178 0.1375989 0.1661643 0.2205990 0.1360254 0.1776173 0.1199726 0.2302103 0.1562754 0.1623508 0.2018082 0.1767500 0.2258604 0.1958154 0.1781556 0.1795302 0.1664351 0.1291885 0.1214360 0.1360254 0.1326643 0.1754327 0.1264715 0.2040826 0.1542533 0.1643700 0.2440812 0.1694444 0.1500790 0.2164796 0.1500574 0.1740197 0.1484324 0.1505519 0.1354793 
ERR2789774    0.3087146 0.1859453 0.3417745 0.1106811 0.1924563 0.0000000 0.2352109 0.0655248 0.0796881 0.1548365 0.0802819 0.0792453 0.1727055 0.0788347 0.0779476 0.0788817 0.1889798 0.1017118 0.1196762 0.1253309 0.1197579 0.1033693 0.1031742 0.0950023 0.0704967 0.0721395 0.1352071 0.0589194 0.1324703 0.0876987 0.0939779 0.1433249 0.1067049 0.1425225 0.1129223 0.1106221 0.1674325 0.0631630 0.0641028 0.1643085 0.0983683 0.0945176 0.0580361 0.0805948 0.0994274 0.1186163 0.0965402 0.1079597 0.0715045 0.0838579 0.0796881 0.0634278 0.1125077 0.0888749 0.1172287 0.1246336 0.1194956 0.0693198 0.0871815 0.1218071 0.0776179 0.1472123 0.1059281 0.1021878 0.0976622 0.0805390 0.1139670 0.1015620 0.1154681 0.1386119 0.0959253 0.1101561 0.1145629 0.1227190 0.1112543 0.0844279 0.1154681 0.0727302 0.0863301 0.1066585 0.0641028 0.0855258 0.1016382 0.1238866 0.0824852 0.0808883 0.1079512 0.1198869 0.2010262 0.1127158 0.1067922 0.1254062 0.1372813 0.0468489 0.0462419 0.0640252 0.0526792 0.0830531 0.0857333 0.1243257 0.0624054 0.0720489 0.1736452 0.0790659 0.0875109 0.1343388 0.0731991 0.0955988 0.0795858 0.0803963 0.0577117 
PAFTOL_019361 0.3641668 0.2141214 0.3372423 0.2832878 0.3326900 0.2352109 0.0000000 0.2250878 0.1973137 0.2101905 0.2194597 0.2456027 0.2506945 0.2906114 0.2419871 0.2550276 0.2807733 0.2122831 0.2504561 0.2696222 0.2779058 0.2605717 0.2488686 0.2894570 0.2389129 0.2459290 0.2143581 0.2256922 0.2387566 0.2095243 0.2707217 0.2550669 0.2140895 0.2323418 0.2547545 0.2889333 0.2640399 0.2421326 0.2290965 0.2633912 0.2221876 0.2191610 0.2209778 0.2003283 0.2044840 0.2544423 0.2821442 0.2169196 0.2214096 0.2057454 0.1973137 0.2528585 0.2883954 0.2226337 0.2338582 0.2497372 0.2280786 0.2111595 0.2445242 0.2191191 0.1987486 0.2747236 0.2458672 0.2353234 0.2000272 0.2003879 0.2547621 0.2457676 0.2361800 0.2735237 0.2367331 0.2589255 0.2245735 0.2361013 0.2452316 0.2115519 0.2361800 0.2417621 0.2741888 0.2542029 0.2290965 0.2389533 0.2003273 0.2245043 0.1841012 0.2112060 0.2362546 0.2292010 0.3089426 0.2217879 0.2136872 0.2314111 0.3136572 0.2367775 0.2284786 0.2194598 0.2373692 0.2971454 0.2566939 0.2565563 0.2619814 0.2904945 0.2699656 0.2371566 0.2091047 0.2427566 0.2015620 0.2067896 0.2485096 0.2089584 0.2290259 
S0055         0.2862842 0.2116184 0.3505574 0.0657664 0.1386211 0.0655248 0.2250878 0.0000000 0.0518049 0.0960555 0.0725647 0.0391639 0.1184908 0.0512848 0.0446508 0.0451531 0.1172851 0.0850806 0.1090796 0.0926870 0.1091606 0.0858436 0.0955186 0.0863504 0.0383242 0.0391507 0.1012414 0.0400631 0.1067369 0.0587677 0.0845043 0.1085734 0.0901299 0.0933960 0.0663143 0.0792286 0.0933482 0.0446652 0.0325917 0.0960651 0.0752794 0.0585307 0.0270458 0.0652772 0.0833024 0.1141854 0.0848043 0.0911448 0.0386974 0.0474962 0.0518049 0.0387535 0.0875800 0.0728625 0.0836911 0.0783182 0.0867091 0.0483317 0.0520600 0.0886002 0.0415164 0.0888476 0.0600706 0.0622717 0.0383018 0.0523256 0.1108919 0.0714317 0.1126801 0.0952212 0.0528503 0.0721191 0.1104139 0.1182268 0.0727817 0.0629739 0.1126801 0.0578423 0.0643160 0.1037945 0.0325917 0.0451818 0.0651262 0.1088308 0.0470927 0.0525393 0.0911424 0.0802066 0.1265910 0.0798068 0.0766626 0.0999243 0.0949328 0.0278011 0.0336504 0.0383570 0.0345611 0.0474078 0.0449589 0.0977719 0.0348938 0.0451482 0.1036535 0.0515836 0.0586417 0.1006277 0.0462985 0.0591387 0.0455310 0.0651195 0.0158428 
S0196sl       0.3627880 0.2174558 0.3483253 0.0652064 0.1388359 0.0796881 0.1973137 0.0518049 0.0000000 0.0513387 0.0392820 0.0584029 0.0770886 0.0647282 0.0574713 0.0645906 0.0764030 0.0697229 0.0873795 0.0698310 0.0713375 0.0720167 0.0875009 0.1019007 0.0507121 0.0518411 0.0757697 0.0462649 0.0659885 0.0051432 0.0926719 0.0692230 0.0694663 0.0563332 0.0875341 0.1016259 0.0623588 0.0638547 0.0447193 0.0577920 0.0469060 0.0447762 0.0449722 0.0211498 0.0630679 0.1100824 0.0930029 0.0702174 0.0640653 0.0605505 0.0000010 0.0575616 0.0663877 0.0269936 0.0406971 0.0774659 0.0579437 0.0230035 0.0645925 0.0514386 0.0548383 0.0864427 0.0810128 0.0768073 0.0695519 0.0156991 0.0982838 0.0708766 0.0768185 0.0858134 0.0458402 0.0651324 0.1063779 0.1142735 0.0579450 0.0904105 0.0768185 0.0511699 0.0785431 0.1055551 0.0447193 0.0579681 0.0708719 0.0693788 0.0278607 0.0390767 0.0702196 0.0512933 0.0839530 0.0663037 0.0695173 0.0849673 0.1095979 0.0341124 0.0339854 0.0388183 0.0597284 0.0750639 0.0578834 0.0523754 0.0550005 0.0647372 0.0791040 0.0576911 0.0051323 0.0625539 0.0214427 0.0513896 0.0586363 0.0156757 0.0329138 
S0278         0.3887141 0.2484313 0.3751427 0.1281276 0.1998156 0.1548365 0.2101905 0.0960555 0.0513387 0.0000000 0.1023846 0.1112350 0.0528232 0.1270765 0.1093395 0.1175846 0.0523727 0.1382290 0.1525675 0.0585989 0.0869271 0.1356507 0.1170169 0.1650488 0.0940580 0.1112201 0.0645692 0.1037683 0.0543793 0.0582245 0.1527711 0.0580881 0.1312715 0.0453648 0.1278272 0.1645552 0.0392844 0.1252017 0.1012553 0.0466582 0.0481646 0.0799425 0.1018773 0.0779297 0.1234542 0.1655047 0.1533003 0.1328765 0.1093353 0.1158365 0.0513387 0.1175200 0.1386484 0.0706348 0.0350318 0.1341142 0.0728412 0.0490263 0.1103405 0.0464825 0.1005866 0.1458232 0.1207319 0.1271465 0.1080023 0.0648459 0.1496394 0.1187052 0.1486450 0.1452329 0.1037532 0.1356356 0.1595240 0.1690268 0.1258626 0.1486726 0.1486450 0.1168177 0.1523624 0.1582238 0.1012553 0.1082153 0.1156574 0.0582211 0.0475084 0.0736192 0.1328552 0.0526692 0.0528351 0.1288113 0.1158845 0.1436071 0.1527568 0.0810266 0.0971339 0.0941456 0.0966671 0.1430178 0.1183425 0.0668465 0.1090774 0.1270683 0.0674216 0.1076775 0.0581007 0.0642037 0.0726322 0.0788494 0.1200110 0.0710553 0.0868462 
S0281         0.3049053 0.1936211 0.2979846 0.0948043 0.1635621 0.0802819 0.2194597 0.0725647 0.0392820 0.1023846 0.0000000 0.0661721 0.1099370 0.0865968 0.0650915 0.0864006 0.1167293 0.0936320 0.1110798 0.0943595 0.0798333 0.0878122 0.0967320 0.0968506 0.0579835 0.0593157 0.1005230 0.0404935 0.0977520 0.0458145 0.0876414 0.1077916 0.0911859 0.0927479 0.1042870 0.0965828 0.1142788 0.0644654 0.0517616 0.0956298 0.0678232 0.0518277 0.0520615 0.0396957 0.0842706 0.1206865 0.1083710 0.0922257 0.0719790 0.0757005 0.0392820 0.0651919 0.0730105 0.0463831 0.0688512 0.1005087 0.0644796 0.0559825 0.0864108 0.0879779 0.0698469 0.0793024 0.0974480 0.0935363 0.0912952 0.0396660 0.1079621 0.0657747 0.0854425 0.1290709 0.0519802 0.0716141 0.1165023 0.1073158 0.0642343 0.0854730 0.0854425 0.0575102 0.0796104 0.0847558 0.0517616 0.0791744 0.0863685 0.0993648 0.0341095 0.0459479 0.0922229 0.0805758 0.1185450 0.1030034 0.0912577 0.0941009 0.1124083 0.0537491 0.0468512 0.0456368 0.0742039 0.0988777 0.0725232 0.0684784 0.0772662 0.0866024 0.1372886 0.0653467 0.0457160 0.0999183 0.0398085 0.0587811 0.0664477 0.0396013 0.0517711 
S0282         0.3344179 0.2065221 0.3011958 0.0938081 0.1376023 0.0792453 0.2456027 0.0391639 0.0584029 0.1112350 0.0661721 0.0000000 0.1108775 0.0642181 0.0157407 0.0564306 0.1247603 0.0780984 0.1021023 0.0999776 0.0999448 0.0846736 0.0959869 0.0861390 0.0158968 0.0162259 0.1013539 0.0341737 0.0990504 0.0656005 0.0843014 0.1011954 0.0836917 0.0863257 0.0928808 0.0793351 0.1152352 0.0272606 0.0105150 0.0936447 0.0669092 0.0511738 0.0160023 0.0524191 0.0769604 0.1136066 0.1061972 0.0846286 0.0157399 0.0729689 0.0584029 0.0272927 0.0952684 0.0595794 0.0748488 0.0834872 0.0713899 0.0473499 0.0922175 0.0744214 0.0605714 0.1118508 0.0863995 0.0823778 0.0563543 0.0462742 0.1019167 0.0653927 0.1058534 0.1092709 0.0653957 0.0933583 0.1098781 0.1176314 0.0873984 0.0893384 0.1058534 0.0521858 0.0915827 0.0950878 0.0105150 0.0454040 0.0836908 0.1014357 0.0339686 0.0453693 0.0846279 0.0718306 0.1316152 0.1028628 0.0767451 0.0908674 0.1004667 0.0460266 0.0164248 0.0159102 0.0464826 0.0741384 0.0392964 0.0887292 0.0473858 0.0707366 0.1191938 0.0335678 0.0654600 0.0934266 0.0337915 0.0518878 0.0105499 0.0588980 0.0270352 
S0289         0.5492961 0.3124149 0.4591946 0.1526290 0.2208794 0.1727055 0.2506945 0.1184908 0.0770886 0.0528232 0.1099370 0.1108775 0.0000000 0.1316356 0.1170128 0.1589392 0.0499416 0.1466999 0.1744526 0.0511372 0.0850510 0.1530152 0.1344667 0.1484812 0.0937448 0.1108621 0.0455440 0.1204516 0.0466595 0.0847831 0.1377541 0.0505372 0.1388540 0.0383892 0.1170512 0.1829318 0.0442566 0.1248213 0.1009255 0.0517156 0.0406784 0.0866505 0.1015445 0.0697091 0.1308932 0.1747266 0.1891766 0.1294626 0.1170084 0.1243954 0.0770886 0.1171533 0.1559171 0.0754322 0.0411819 0.1586651 0.0726178 0.0480404 0.1510218 0.0333763 0.0910058 0.1632931 0.1179184 0.1158710 0.1390111 0.0711791 0.1502704 0.0937169 0.1657142 0.1625910 0.1191905 0.1524658 0.1683698 0.1781264 0.1504639 0.1657394 0.1657142 0.1330282 0.1658714 0.1669892 0.1009255 0.1426336 0.1425555 0.0516959 0.0539238 0.0802680 0.1405377 0.0588778 0.0573945 0.1537688 0.1231920 0.1516096 0.1315474 0.1026272 0.0963893 0.0938320 0.1214015 0.1353591 0.1343130 0.0654161 0.1142702 0.1316255 0.0591695 0.1257741 0.0846064 0.0564224 0.0791893 0.0948753 0.1092664 0.0845544 0.1083220 
S0292         0.3700496 0.2437658 0.3561019 0.0581097 0.1547120 0.0788347 0.2906114 0.0512848 0.0647282 0.1270765 0.0865968 0.0642181 0.1316356 0.0000000 0.0631999 0.0706738 0.1302897 0.0926887 0.1093542 0.1149184 0.0858161 0.0934581 0.0933593 0.0985558 0.0563349 0.0575903 0.1165233 0.0655117 0.1045287 0.0721126 0.1059739 0.1064214 0.0903509 0.1058728 0.1006197 0.1005016 0.1128299 0.0696303 0.0503044 0.1088888 0.0737990 0.0785703 0.0567327 0.0788869 0.0835065 0.1319663 0.1212407 0.0826607 0.0698571 0.0800358 0.0647282 0.0697022 0.0929486 0.0869501 0.0976919 0.0833549 0.1088348 0.0605005 0.0637176 0.0950239 0.0743199 0.0946568 0.1013478 0.0976108 0.0818640 0.0653929 0.1188779 0.0626026 0.0963149 0.1042777 0.0582258 0.0774331 0.1274794 0.1358169 0.0784562 0.0744896 0.0963149 0.0779294 0.0379287 0.1116151 0.0503044 0.0770694 0.0837654 0.1244422 0.0669036 0.0656590 0.0913683 0.1020441 0.1398802 0.0662725 0.0904213 0.0909535 0.0934065 0.0052634 0.0457634 0.0443646 0.0469987 0.0335382 0.0636534 0.1036227 0.0053625 0.0050990 0.1436909 0.0774837 0.0719591 0.0986608 0.0656409 0.0797280 0.0568707 0.0786963 0.0442939 
S0293         0.3058444 0.1938954 0.2929336 0.0922525 0.1452641 0.0779476 0.2419871 0.0446508 0.0574713 0.1093395 0.0650915 0.0157407 0.1170128 0.0631999 0.0000000 0.0569129 0.1308936 0.0767333 0.1003870 0.1058959 0.1082179 0.0996365 0.0868666 0.0920140 0.0156613 0.0159805 0.1073462 0.0336345 0.1057062 0.0645384 0.0900604 0.1075684 0.0823525 0.0925532 0.0920099 0.0851836 0.1212456 0.0268471 0.0103598 0.1072583 0.0743600 0.0578552 0.0157635 0.0515822 0.0757340 0.1300446 0.1120888 0.0832600 0.0158602 0.0722996 0.0574713 0.0268783 0.0936635 0.0586120 0.0826486 0.0910918 0.0787610 0.0538074 0.0841269 0.0806946 0.0600207 0.1180383 0.0855926 0.0815882 0.0496471 0.0455383 0.1172205 0.0643371 0.1041234 0.1179726 0.0717889 0.0918149 0.1256783 0.1338785 0.0859423 0.0950138 0.1041234 0.0513567 0.0904216 0.1100680 0.0103598 0.0446946 0.0913139 0.1078222 0.0403198 0.0519310 0.0832596 0.0792529 0.1303080 0.1011223 0.0824146 0.0987302 0.1164720 0.0452981 0.0161734 0.0156744 0.0523512 0.0729040 0.0386868 0.0969178 0.0405395 0.0696093 0.1253937 0.0330472 0.0644019 0.0997111 0.0333877 0.0522980 0.0157932 0.0579516 0.0266284 
S0294         0.3279537 0.2300210 0.3559972 0.1009751 0.1539379 0.0788817 0.2550276 0.0451531 0.0645906 0.1175846 0.0864006 0.0564306 0.1589392 0.0706738 0.0569129 0.0000000 0.1572264 0.1161721 0.1323645 0.1295358 0.1213147 0.0908843 0.1028486 0.1077014 0.0625655 0.0639750 0.1393370 0.0589791 0.1472343 0.0719551 0.1053557 0.1473565 0.1187617 0.1305300 0.1102210 0.0708456 0.1379680 0.0761754 0.0564306 0.1343956 0.1019311 0.0831916 0.0505814 0.0787123 0.1114054 0.1131008 0.0914564 0.1201514 0.0497104 0.0816134 0.0645906 0.0632932 0.1022015 0.0867524 0.1035419 0.1039353 0.1131737 0.0608961 0.0715334 0.1261773 0.0748221 0.1039762 0.1034047 0.0983120 0.0441442 0.0786587 0.1014756 0.0991378 0.1277358 0.1212222 0.0719931 0.0932758 0.1094017 0.1171219 0.0801759 0.0961317 0.1277358 0.0774707 0.0915672 0.0946746 0.0564306 0.0512731 0.0835226 0.1476999 0.0717598 0.0704480 0.1201376 0.1064867 0.1679033 0.1088426 0.1111102 0.1267339 0.1228671 0.0393697 0.0457657 0.0626199 0.0532387 0.0885102 0.0701274 0.1102009 0.0479536 0.0641580 0.1428350 0.0705862 0.0718023 0.1384586 0.0722900 0.0773206 0.0710400 0.0785225 0.0383956 
S0299         0.4742391 0.3459996 0.3939448 0.1509818 0.2437841 0.1889798 0.2807733 0.1172851 0.0764030 0.0523727 0.1167293 0.1247603 0.0499416 0.1302897 0.1308936 0.1572264 0.0000000 0.1631327 0.1909647 0.0515457 0.0844810 0.1593438 0.1596376 0.1391071 0.1069681 0.1173227 0.0835571 0.1193076 0.0523071 0.0840072 0.1475440 0.0624275 0.1536105 0.0498944 0.1309593 0.1813708 0.0439049 0.1388904 0.1143085 0.0451834 0.0528993 0.0860577 0.1143058 0.0886024 0.1454375 0.1732445 0.1690627 0.1438448 0.1308887 0.1478208 0.0764030 0.1310380 0.1546353 0.0812274 0.0535671 0.1407673 0.0923579 0.0606463 0.1494069 0.0509747 0.1122890 0.1792529 0.1319273 0.1222684 0.1375789 0.0839261 0.1569296 0.1073298 0.1643758 0.1689778 0.1258197 0.1593117 0.1669891 0.1766415 0.1572278 0.1644011 0.1643758 0.1386891 0.1477355 0.1656301 0.1143085 0.1406448 0.1577009 0.0765178 0.0664708 0.0936040 0.1554743 0.0714290 0.0512870 0.1510914 0.1375416 0.1503950 0.1767460 0.1016182 0.1186463 0.1070670 0.1377346 0.1258621 0.1405018 0.0646297 0.1127995 0.1302803 0.0778333 0.1399435 0.0838335 0.0684208 0.0923473 0.1086514 0.1221819 0.0976411 0.1072606 
S0303         0.3468871 0.2244696 0.3322991 0.1202219 0.2018082 0.1017118 0.2122831 0.0850806 0.0697229 0.1382290 0.0936320 0.0780984 0.1466999 0.0926887 0.0767333 0.1161721 0.1631327 0.0000000 0.0241829 0.1192589 0.1187270 0.1122169 0.1131856 0.1342030 0.0688183 0.0705290 0.1264292 0.0573437 0.1164518 0.0777990 0.1257245 0.1179974 0.0112314 0.1173241 0.1684598 0.1337755 0.1336309 0.0698034 0.0620236 0.1383111 0.0817189 0.0848032 0.0624079 0.0851665 0.0170162 0.1655064 0.1611803 0.0231569 0.0843347 0.1331426 0.0697229 0.0768515 0.1399541 0.0863822 0.0991822 0.0421104 0.1018488 0.0841239 0.1171986 0.0962420 0.1267167 0.1661080 0.1591335 0.1481990 0.1054048 0.0633970 0.1489080 0.0997068 0.0416901 0.0510621 0.1109266 0.1367159 0.1581511 0.1691991 0.1263043 0.1222865 0.0416901 0.0915110 0.1253812 0.1578825 0.0620236 0.0853774 0.1357703 0.1182976 0.0649711 0.0780748 0.0000010 0.0958728 0.1748753 0.0304306 0.0112385 0.0359667 0.1406681 0.0644731 0.0643329 0.0620236 0.0796084 0.1062998 0.0705532 0.1226405 0.0829479 0.0926931 0.1704222 0.0632688 0.0776227 0.1092294 0.0632633 0.0934500 0.0784564 0.0775717 0.0620333 
S0308         0.3323228 0.2426095 0.3316294 0.1370686 0.2229804 0.1196762 0.2504561 0.1090796 0.0873795 0.1525675 0.1110798 0.1021023 0.1744526 0.1093542 0.1003870 0.1323645 0.1909647 0.0241829 0.0000000 0.1360191 0.1290062 0.1374256 0.1400578 0.1453355 0.0921341 0.0943835 0.1532837 0.0808437 0.1443868 0.0956991 0.1340164 0.1446419 0.0277378 0.1438232 0.1755506 0.1539747 0.1690629 0.0934324 0.0852864 0.1573163 0.1082885 0.1102397 0.0857910 0.1031050 0.0336078 0.1726109 0.1683106 0.0400057 0.1081326 0.1415827 0.0873795 0.1005152 0.1480562 0.0970018 0.1161318 0.0724974 0.1281538 0.0941883 0.1351261 0.1228891 0.1354952 0.1756519 0.1677236 0.1563586 0.1290881 0.0883134 0.1563480 0.1177380 0.0523541 0.0691690 0.1284190 0.1447814 0.1663822 0.1760168 0.1364242 0.1305053 0.0523541 0.1093925 0.1244150 0.1650291 0.0852864 0.0993546 0.1399764 0.1449907 0.0904968 0.1035113 0.0221932 0.1135683 0.2032341 0.0409525 0.0277559 0.0532137 0.1665215 0.0737268 0.0812524 0.0785452 0.1103937 0.1236208 0.1090045 0.1340358 0.1006335 0.1093542 0.1869953 0.0783262 0.0954940 0.1355389 0.0886753 0.1116752 0.1025761 0.0954322 0.0852864 
S0320         0.4410939 0.2718226 0.3802447 0.1082945 0.2254305 0.1253309 0.2696222 0.0926870 0.0698310 0.0585989 0.0943595 0.0999776 0.0511372 0.1149184 0.1058959 0.1295358 0.0515457 0.1192589 0.1360191 0.0000000 0.0592309 0.1161299 0.1009986 0.1188114 0.0839455 0.0930458 0.0511661 0.0952349 0.0345489 0.0772329 0.0922774 0.0450129 0.1142872 0.0448022 0.1236819 0.1425940 0.0631993 0.1132805 0.0907551 0.0651316 0.0411735 0.0789051 0.0838770 0.0839731 0.1068573 0.1351671 0.1566009 0.1156459 0.1058920 0.1119952 0.0698310 0.0988020 0.1264058 0.0765661 0.0412657 0.1170160 0.0804456 0.0475213 0.1072163 0.0337553 0.0972701 0.1528648 0.1168063 0.1228217 0.1118929 0.0640250 0.1216174 0.0948796 0.1236395 0.1355471 0.1089922 0.1312263 0.1304704 0.1390484 0.1325493 0.1060232 0.1236395 0.1237930 0.1237470 0.1294411 0.0907551 0.1222818 0.1146087 0.0448687 0.0539697 0.0726591 0.1156340 0.0452853 0.0717275 0.1361985 0.0996517 0.1103820 0.0987960 0.0724211 0.0860725 0.0840211 0.0958821 0.1213215 0.1145553 0.0529078 0.0988045 0.1074457 0.0647470 0.1153647 0.0770723 0.0508854 0.0716967 0.0797671 0.1075215 0.0770259 0.0838771 
S0327         0.4073867 0.2709571 0.3171307 0.1263105 0.2323094 0.1197579 0.2779058 0.1091606 0.0713375 0.0869271 0.0798333 0.0999448 0.0850510 0.0858161 0.1082179 0.1213147 0.0844810 0.1187270 0.1290062 0.0592309 0.0000000 0.1007189 0.1104239 0.1029995 0.0857375 0.1021644 0.0853836 0.0887427 0.0537387 0.0789283 0.1108019 0.0637335 0.1138266 0.0634278 0.1181335 0.1374974 0.0828089 0.1157776 0.0927034 0.0717845 0.0334294 0.0703429 0.0929198 0.0858268 0.1064321 0.1345450 0.1596132 0.1053080 0.1058499 0.1141542 0.0713375 0.1079625 0.1203945 0.0782321 0.0403378 0.1065186 0.0716618 0.0348752 0.1091985 0.0526896 0.0904462 0.1197665 0.1190152 0.1169948 0.1291498 0.0788497 0.1210872 0.0719608 0.1079618 0.1273284 0.0868398 0.1178538 0.1298899 0.1384195 0.1091120 0.1079616 0.1079618 0.1010056 0.0863035 0.1288692 0.0927034 0.1241279 0.1141132 0.0786286 0.0463410 0.0643263 0.1151616 0.0520135 0.0924009 0.1034424 0.1065226 0.1001287 0.1227703 0.0530346 0.0816201 0.0858161 0.1049006 0.1128776 0.1171055 0.0221094 0.0834655 0.0855028 0.1118504 0.1083998 0.0787613 0.0571124 0.0791571 0.0647094 0.1007276 0.0787129 0.0923668 
S0335         0.4401381 0.2737973 0.3848111 0.0875935 0.1264358 0.1033693 0.2605717 0.0858436 0.0720167 0.1356507 0.0878122 0.0846736 0.1530152 0.0934581 0.0996365 0.0908843 0.1593438 0.1122169 0.1374256 0.1161299 0.1007189 0.0000000 0.1046540 0.1041554 0.0914640 0.0936791 0.1181931 0.0887793 0.1166079 0.0797001 0.1020399 0.1180594 0.1081941 0.1174234 0.1015944 0.1243241 0.1242129 0.1069582 0.0846736 0.1361842 0.0808421 0.0845023 0.0783064 0.0799785 0.1008051 0.1105842 0.1249722 0.1023410 0.0904494 0.0876368 0.0720167 0.0925977 0.0870061 0.0881734 0.0977729 0.1297433 0.1150283 0.0550797 0.0858766 0.0976306 0.0748891 0.1073723 0.1020352 0.0910489 0.1049056 0.0799235 0.0987081 0.1030404 0.1324534 0.1332190 0.0654530 0.0852998 0.0995688 0.1147849 0.1001475 0.0922631 0.1324534 0.0852918 0.1014094 0.0917103 0.0846736 0.1001749 0.0914766 0.1262336 0.0729046 0.0782810 0.1245432 0.1011757 0.1702083 0.1217136 0.1151033 0.1313829 0.0873794 0.0536448 0.0660135 0.0779864 0.0884609 0.0985825 0.0911398 0.0968082 0.0770218 0.0863486 0.1453065 0.1011207 0.0795300 0.1097757 0.0802397 0.0854230 0.0947865 0.0797831 0.0709038 
S0345         0.4379797 0.2509051 0.3948503 0.0804082 0.1666218 0.1031742 0.2488686 0.0955186 0.0875009 0.1170169 0.0967320 0.0959869 0.1344667 0.0933593 0.0868666 0.1028486 0.1596376 0.1131856 0.1400578 0.1009986 0.1104239 0.1046540 0.0000000 0.1291434 0.0862205 0.0883293 0.1175736 0.0906419 0.1160043 0.0958280 0.1276876 0.1174751 0.1025864 0.1168453 0.1243040 0.1472188 0.1244846 0.1017063 0.0794044 0.1364707 0.0833618 0.0954220 0.0729939 0.0958090 0.0951936 0.1657751 0.1699369 0.1038187 0.0943600 0.1125772 0.0875009 0.0873017 0.1187674 0.0877261 0.0998123 0.1176153 0.1202581 0.0702660 0.0928160 0.0970307 0.0989431 0.1289394 0.1173986 0.1234696 0.0931361 0.0659641 0.1498707 0.1025734 0.1239039 0.1613516 0.1020525 0.1162954 0.1597759 0.1692982 0.1025509 0.0992583 0.1239039 0.1193813 0.1162898 0.1499958 0.0794044 0.0958314 0.0797872 0.1177555 0.0752662 0.0888518 0.1189059 0.0885587 0.1578719 0.1411943 0.1175854 0.1183403 0.0653053 0.0600970 0.0823077 0.0793078 0.0976267 0.0984670 0.1028696 0.1068515 0.0688699 0.0862650 0.1450500 0.1036047 0.0956224 0.1092392 0.0590677 0.0868933 0.0964296 0.0793870 0.0725673 
S0376         0.3064047 0.2161608 0.2921968 0.1118970 0.2144566 0.0950023 0.2894570 0.0863504 0.1019007 0.1650488 0.0968506 0.0861390 0.1484812 0.0985558 0.0920140 0.1077014 0.1391071 0.1342030 0.1453355 0.1188114 0.1029995 0.1041554 0.1291434 0.0000000 0.0841095 0.0861168 0.1446824 0.0746375 0.1240852 0.1030858 0.0161545 0.1176292 0.1230613 0.1323268 0.1186001 0.1043345 0.1404491 0.0991598 0.0774703 0.1447489 0.0981700 0.1102197 0.0712191 0.0860879 0.1154120 0.1203367 0.1098444 0.1141691 0.0920105 0.1150891 0.1019007 0.0782463 0.1213739 0.0944226 0.1167524 0.1258576 0.1172345 0.0609590 0.1100500 0.1118321 0.0836886 0.1572686 0.1194898 0.1004447 0.0777554 0.1030234 0.1079427 0.0774444 0.1091158 0.1666152 0.1042086 0.1110297 0.1014648 0.1094026 0.1362160 0.0721074 0.1091158 0.1014093 0.0923441 0.0727146 0.0774703 0.1000257 0.1258993 0.1534053 0.0892910 0.1035027 0.1320025 0.1180785 0.1708268 0.1363341 0.1151322 0.1267893 0.1301185 0.0661555 0.0665317 0.0774703 0.0745939 0.0794295 0.1080009 0.1067930 0.0608355 0.0914879 0.1703481 0.0933651 0.1104576 0.1090873 0.0883783 0.1115223 0.0849537 0.1028359 0.0777485 
S0400         0.3467301 0.2160903 0.2974213 0.0843247 0.1449633 0.0704967 0.2389129 0.0383242 0.0507121 0.0940580 0.0579835 0.0158968 0.0937448 0.0563349 0.0156613 0.0625655 0.1069681 0.0688183 0.0921341 0.0839455 0.0857375 0.0914640 0.0862205 0.0841095 0.0000000 0.0104585 0.0850604 0.0274906 0.0894966 0.0575012 0.0823552 0.0919685 0.0749512 0.0777567 0.0999007 0.0774793 0.0982379 0.0210819 0.0050878 0.0940654 0.0601558 0.0510409 0.0103196 0.0449522 0.0685293 0.1209025 0.1036712 0.0757594 0.0211502 0.0797164 0.0507121 0.0211066 0.0855744 0.0516960 0.0610905 0.0832804 0.0583152 0.0473499 0.0900475 0.0661572 0.0671935 0.1090568 0.0933495 0.0894864 0.0551348 0.0390698 0.1087721 0.0450918 0.0959897 0.1090005 0.0644677 0.0839235 0.1169130 0.1248244 0.0781478 0.0873011 0.0959897 0.0447630 0.0891974 0.1018337 0.0050878 0.0383626 0.0834835 0.0921829 0.0279987 0.0452501 0.0757606 0.0586725 0.1238660 0.0927911 0.0750064 0.0906437 0.1076381 0.0388715 0.0105828 0.0102613 0.0522666 0.0654563 0.0325332 0.0745067 0.0467159 0.0625557 0.1014791 0.0270193 0.0573809 0.0845638 0.0333365 0.0517517 0.0159506 0.0511266 0.0209141 
S0405         0.3578093 0.2224617 0.3305544 0.0863420 0.1493389 0.0721395 0.2459290 0.0391507 0.0518411 0.1112201 0.0593157 0.0162259 0.1108621 0.0575903 0.0159805 0.0639750 0.1173227 0.0705290 0.0943835 0.0930458 0.1021644 0.0936791 0.0883293 0.0861168 0.0104585 0.0000000 0.1013344 0.0280835 0.1068413 0.0588113 0.0842795 0.1086759 0.0766657 0.0934786 0.1023814 0.0793127 0.1152229 0.0215167 0.0051883 0.1112489 0.0683398 0.0521865 0.0105267 0.0459495 0.0700813 0.1239493 0.1061798 0.0775120 0.0215878 0.0816604 0.0518411 0.0160151 0.0722503 0.0528712 0.0764964 0.0852486 0.0728862 0.0549877 0.0921961 0.0815035 0.0688245 0.1118356 0.0956603 0.0917635 0.0563361 0.0399294 0.1113802 0.0586282 0.0982770 0.1117752 0.0659670 0.0859239 0.1197643 0.1279101 0.0800156 0.0893172 0.0982770 0.0457514 0.0913039 0.1042546 0.0051883 0.0391911 0.0854603 0.1089341 0.0346292 0.0462607 0.0775129 0.0733450 0.1430282 0.0950738 0.0767236 0.0928202 0.1103453 0.0397218 0.0108009 0.0104673 0.0534682 0.0670010 0.0332268 0.0907239 0.0477942 0.0639646 0.1191831 0.0275923 0.0586851 0.1007194 0.0340648 0.0529295 0.0162817 0.0522755 0.0213419 
S0407sl       0.4669915 0.2583672 0.4034487 0.1174622 0.2293358 0.1352071 0.2143581 0.1012414 0.0757697 0.0645692 0.1005230 0.1013539 0.0455440 0.1165233 0.1073462 0.1393370 0.0835571 0.1264292 0.1532837 0.0511661 0.0853836 0.1181931 0.1175736 0.1446824 0.0850604 0.1013344 0.0000000 0.1028535 0.0281508 0.0832993 0.1334509 0.0387186 0.1207795 0.0385401 0.1179346 0.1532780 0.0690577 0.1148425 0.0919688 0.0696653 0.0408472 0.0715244 0.0925201 0.0637241 0.1132838 0.1622824 0.1503753 0.1222153 0.1073422 0.1060983 0.0757697 0.1074790 0.1328462 0.0694398 0.0472602 0.1391155 0.0867692 0.0615579 0.1162712 0.0219092 0.0913732 0.1397409 0.1110337 0.1167888 0.1209169 0.0635278 0.1392150 0.0940870 0.1458745 0.1424619 0.0996104 0.1300670 0.1565021 0.1658059 0.1207803 0.1222408 0.1458745 0.1227108 0.1494661 0.1388588 0.0919688 0.1318487 0.1239085 0.0271974 0.0535329 0.0654046 0.1222003 0.0578846 0.0826868 0.1441027 0.1060189 0.1323459 0.1250228 0.0803251 0.0882361 0.0851371 0.1046794 0.1313105 0.1062097 0.0791776 0.1080736 0.1165196 0.0593870 0.1157023 0.0831282 0.0444627 0.0711213 0.0791289 0.1096921 0.0764099 0.0919730 
S0412sl       0.2749816 0.1963247 0.2835271 0.0806199 0.1541719 0.0589194 0.2256922 0.0400631 0.0462649 0.1037683 0.0404935 0.0341737 0.1204516 0.0655117 0.0336345 0.0589791 0.1193076 0.0573437 0.0808437 0.0952349 0.0887427 0.0887793 0.0906419 0.0746375 0.0274906 0.0280835 0.1028535 0.0000000 0.0987929 0.0531466 0.0797701 0.1029512 0.0645056 0.0948603 0.1054948 0.0743635 0.1169627 0.0272399 0.0218164 0.1121414 0.0693584 0.0529177 0.0219320 0.0467668 0.0710612 0.1116463 0.0713182 0.0786155 0.0397699 0.0765347 0.0462649 0.0336847 0.0826390 0.0538271 0.0771841 0.0659835 0.0809279 0.0360559 0.0873481 0.0900136 0.0706190 0.1054984 0.0985688 0.0934204 0.0576565 0.0404834 0.0857271 0.0528784 0.0719151 0.0980689 0.0672183 0.0809830 0.0935861 0.1085210 0.0739846 0.0778349 0.0719151 0.0525625 0.0795753 0.0856557 0.0218164 0.0457220 0.0794994 0.1003740 0.0413887 0.0469100 0.0652145 0.0818347 0.1370542 0.0814222 0.0645534 0.0731500 0.1133099 0.0404358 0.0109454 0.0275144 0.0405939 0.0760190 0.0400502 0.0771567 0.0553530 0.0655117 0.1306424 0.0395993 0.0530307 0.1022203 0.0345375 0.0535365 0.0343014 0.0466531 0.0218164 
S0417         0.4476249 0.2599542 0.4048190 0.1240221 0.2344307 0.1324703 0.2387566 0.1067369 0.0659885 0.0543793 0.0977520 0.0990504 0.0466595 0.1045287 0.1057062 0.1472343 0.0523071 0.1164518 0.1443868 0.0345489 0.0537387 0.1166079 0.1160043 0.1240852 0.0894966 0.1068413 0.0281508 0.0987929 0.0000000 0.0735416 0.1326889 0.0053689 0.1115870 0.0053455 0.1245456 0.1534404 0.0454903 0.1119197 0.0968059 0.0399219 0.0172730 0.0751865 0.0968092 0.0804611 0.1039363 0.1360947 0.1481102 0.1027968 0.1131514 0.1197027 0.0659885 0.1132985 0.1337311 0.0728875 0.0297428 0.1221314 0.0766994 0.0362315 0.1227005 0.0000028 0.0953182 0.1497285 0.1255209 0.1236741 0.1274969 0.0600006 0.1137614 0.0893128 0.1290444 0.1334312 0.0985884 0.1307719 0.1310997 0.1401798 0.1290536 0.1209991 0.1290444 0.1294866 0.1134642 0.1300078 0.0968059 0.1392676 0.1308148 0.0108935 0.0494999 0.0687478 0.1129480 0.0476364 0.0464811 0.1240592 0.0965190 0.1152075 0.1320619 0.0763456 0.0999064 0.0895821 0.1020532 0.1187081 0.1133704 0.0474066 0.0878404 0.1045293 0.0620510 0.1220671 0.0659885 0.0107928 0.0611214 0.0832662 0.0969809 0.0733371 0.0968090 
S0419         0.3677928 0.2203782 0.3530659 0.0726567 0.1504350 0.0876987 0.2095243 0.0587677 0.0051432 0.0582245 0.0458145 0.0656005 0.0847831 0.0721126 0.0645384 0.0719551 0.0840072 0.0777990 0.0956991 0.0772329 0.0789283 0.0797001 0.0958280 0.1030858 0.0575012 0.0588113 0.0832993 0.0531466 0.0735416 0.0000000 0.0937176 0.0765438 0.0768216 0.0632290 0.0958638 0.1028052 0.0694179 0.0711212 0.0513362 0.0649005 0.0538979 0.0514013 0.0516303 0.0269519 0.0702256 0.1191833 0.0940552 0.0776710 0.0713576 0.0680664 0.0051432 0.0646371 0.0740084 0.0330350 0.0475031 0.0852058 0.0650809 0.0293668 0.0719595 0.0583376 0.0548383 0.0946531 0.0891805 0.0851137 0.0702839 0.0213374 0.1066882 0.0784145 0.0844777 0.0939572 0.0526512 0.0725742 0.1151009 0.1155966 0.0650803 0.0914049 0.0844777 0.0580341 0.0864129 0.1067524 0.0513362 0.0651048 0.0784119 0.0767190 0.0341185 0.0455713 0.0776719 0.0581756 0.0918775 0.0739082 0.0768797 0.0930060 0.1186575 0.0406285 0.0404756 0.0452652 0.0671262 0.0831369 0.0650119 0.0594254 0.0624693 0.0721208 0.0870492 0.0647890 0.0104603 0.0696383 0.0216453 0.0582859 0.0658711 0.0213048 0.0391727 
S0427         0.3218141 0.2138704 0.2731919 0.1092491 0.2033620 0.0939779 0.2707217 0.0845043 0.0926719 0.1527711 0.0876414 0.0843014 0.1377541 0.1059739 0.0900604 0.1053557 0.1475440 0.1257245 0.1340164 0.0922774 0.1108019 0.1020399 0.1276876 0.0161545 0.0823552 0.0842795 0.1334509 0.0797701 0.1326889 0.0937176 0.0000000 0.1414534 0.1130777 0.1406711 0.1161661 0.1019970 0.1572083 0.0970388 0.0758630 0.1535654 0.1060499 0.1005912 0.0697444 0.0776007 0.1057415 0.1178386 0.1002633 0.1144078 0.0900570 0.1048913 0.0926719 0.0766075 0.1188273 0.0855062 0.1156619 0.1230180 0.1073510 0.0678693 0.1004317 0.1108295 0.0829437 0.1452420 0.1093579 0.1058243 0.0761379 0.0936661 0.1203166 0.0843873 0.0996105 0.1541798 0.1020881 0.1087669 0.1138401 0.1072083 0.1253331 0.0641963 0.0996105 0.0922278 0.0996911 0.0846626 0.0758630 0.0978688 0.1156146 0.1417885 0.0804034 0.0940867 0.1215742 0.1081113 0.1802014 0.1350734 0.1054850 0.1164071 0.1019088 0.0655987 0.0581086 0.0694698 0.0663414 0.0865775 0.1056446 0.1149367 0.0745240 0.0987544 0.1579905 0.0913549 0.1008014 0.1169316 0.0800811 0.1017412 0.0919472 0.0934998 0.0761311 
S0428sl       0.4369252 0.2693903 0.4042545 0.1177084 0.2296231 0.1433249 0.2550669 0.1085734 0.0692230 0.0580881 0.1077916 0.1011954 0.0505372 0.1064214 0.1075684 0.1473565 0.0624275 0.1179974 0.1446419 0.0450129 0.0637335 0.1180594 0.1174751 0.1176292 0.0919685 0.1086759 0.0387186 0.1029512 0.0053689 0.0765438 0.1414534 0.0000000 0.1131913 0.0103279 0.1256599 0.1617908 0.0493148 0.1223506 0.0989968 0.0506624 0.0221886 0.0781862 0.0995930 0.0832161 0.1058435 0.1449387 0.1587100 0.1047315 0.1147113 0.1218353 0.0692230 0.1148527 0.1441471 0.0758896 0.0343414 0.1310346 0.0796978 0.0408734 0.1238800 0.0052786 0.0976873 0.1598420 0.1265997 0.1169065 0.1284546 0.0634688 0.1155112 0.0988035 0.1377158 0.1341658 0.1091895 0.1410411 0.1242776 0.1487101 0.1392371 0.1377443 0.1377158 0.1303718 0.1225314 0.1232894 0.0989968 0.1397389 0.1316498 0.0215860 0.0534895 0.0720006 0.1145131 0.0515535 0.0632180 0.1259911 0.0987156 0.1243426 0.1328511 0.0793437 0.1026588 0.0920525 0.1047804 0.1200906 0.1237498 0.0578452 0.0833295 0.1064214 0.0659344 0.1232681 0.0763866 0.0156343 0.0646074 0.0859976 0.0997650 0.0763411 0.0989991 
S0430         0.3470034 0.2460835 0.3592078 0.1005544 0.1785385 0.1067049 0.2140895 0.0901299 0.0694663 0.1312715 0.0911859 0.0836917 0.1388540 0.0903509 0.0823525 0.1187617 0.1536105 0.0112314 0.0277378 0.1142872 0.1138266 0.1081941 0.1025864 0.1230613 0.0749512 0.0766657 0.1207795 0.0645056 0.1115870 0.0768216 0.1130777 0.1131913 0.0000000 0.1126059 0.1581438 0.1460447 0.1199440 0.0759399 0.0686423 0.1313328 0.0803333 0.0831964 0.0690325 0.0835213 0.0050995 0.1396059 0.1519482 0.0103883 0.0894020 0.1265548 0.0694663 0.0824650 0.1327280 0.0777981 0.0960734 0.0500640 0.0986108 0.0756088 0.1211006 0.0934930 0.1207250 0.1561323 0.1508118 0.1397604 0.1087993 0.0636901 0.1260541 0.0900920 0.0379282 0.0461524 0.1067782 0.1299500 0.1348423 0.1433428 0.1206620 0.1030798 0.0379282 0.0961875 0.1198690 0.1337988 0.0686423 0.0904143 0.1142140 0.1134544 0.0651308 0.0770693 0.0103686 0.0793990 0.1639708 0.0276290 0.0102769 0.0327015 0.1257217 0.0646755 0.0709909 0.0624277 0.0930412 0.1025190 0.0900770 0.1179487 0.0814289 0.0903555 0.1598001 0.0764831 0.0766623 0.1053009 0.0639250 0.0910243 0.0840469 0.0766163 0.0686506 
S0478         0.4639573 0.2675394 0.4010579 0.1244781 0.2052659 0.1425225 0.2323418 0.0933960 0.0563332 0.0453648 0.0927479 0.0863257 0.0383892 0.1058728 0.0925532 0.1305300 0.0498944 0.1173241 0.1438232 0.0448022 0.0634278 0.1174234 0.1168453 0.1323268 0.0777567 0.0934786 0.0385401 0.0948603 0.0053455 0.0632290 0.1406711 0.0103279 0.1126059 0.0000000 0.1095686 0.1438481 0.0374873 0.1067277 0.0844981 0.0384818 0.0164046 0.0645573 0.0849993 0.0696292 0.1053009 0.1277080 0.1411573 0.1042001 0.0994201 0.1054605 0.0563332 0.0995521 0.1269961 0.0627026 0.0223409 0.1303291 0.0657650 0.0284810 0.1232156 0.0052551 0.0824871 0.1421219 0.1103756 0.1080423 0.1127356 0.0507015 0.1146003 0.0843328 0.1369729 0.1334271 0.0939053 0.1243209 0.1232809 0.1317094 0.1227644 0.1370014 0.1369729 0.1143853 0.1218816 0.1223080 0.0844981 0.1232216 0.1154891 0.0214884 0.0405828 0.0585431 0.1139138 0.0391456 0.0505028 0.1253033 0.0982136 0.1236739 0.1321257 0.0789438 0.0947598 0.0778269 0.0966940 0.1194324 0.1079302 0.0451778 0.0900353 0.1058730 0.0526145 0.1075208 0.0630976 0.0155659 0.0515905 0.0719021 0.0851349 0.0630609 0.0845040 
S0552sl       0.4268640 0.2633215 0.4113490 0.1092732 0.1636408 0.1129223 0.2547545 0.0663143 0.0875341 0.1278272 0.1042870 0.0928808 0.1170512 0.1006197 0.0920099 0.1102210 0.1309593 0.1684598 0.1755506 0.1236819 0.1181335 0.1015944 0.1243040 0.1186001 0.0999007 0.1023814 0.1179346 0.1054948 0.1245456 0.0958638 0.1161661 0.1256599 0.1581438 0.1095686 0.0000000 0.1464622 0.1320347 0.1080953 0.0928808 0.1174847 0.0982239 0.1028608 0.0863304 0.0659154 0.1497001 0.1436113 0.1441729 0.1520819 0.1006704 0.0165041 0.0875341 0.1011678 0.0801257 0.0718275 0.0999408 0.1578441 0.1249080 0.0484486 0.0788938 0.0961294 0.0000020 0.0954656 0.0051115 0.0000022 0.1149995 0.0957698 0.1494082 0.0953903 0.1563742 0.1530113 0.0532283 0.0651783 0.1385818 0.1473790 0.0790978 0.0987108 0.1563742 0.0933149 0.0939675 0.1412765 0.0928808 0.1094597 0.0928303 0.1339863 0.0822021 0.0962105 0.1601111 0.1105699 0.1416156 0.1374710 0.1415460 0.1593629 0.1162341 0.0602351 0.0740421 0.0859697 0.0824789 0.0810799 0.1147587 0.1066569 0.0606067 0.0933859 0.1330802 0.1101126 0.0956580 0.1171977 0.0879908 0.1040632 0.0939499 0.0955961 0.0861402 
