123
CRNC          0.0000000 0.1904303 0.2562053 0.3682790 0.4421971 0.3796677 0.3072614 0.3504189 0.3835445 0.3788979 0.3854464 0.3505263 0.3506501 0.3700381 0.3606092 0.3614334 0.3688880 0.3692995 0.3495040 0.3361037 0.3731974 0.3387458 0.3834386 0.3531405 0.3693145 0.3529164 0.3470326 0.3643605 0.3625187 0.3447456 0.3507399 0.3719947 0.3256266 0.3504220 0.3493777 0.3368592 0.3722285 0.3715521 0.3497915 0.3474640 0.3431294 0.3584972 0.3565850 0.3331162 0.3651202 0.3414843 0.3637618 0.3533378 0.3590045 0.3729265 0.3470638 0.3745074 0.3694965 0.3479587 0.3364217 0.3473495 0.3524476 0.3600619 0.3526910 0.3583778 0.3518370 0.3446396 0.3486309 0.3731911 0.3316540 0.3552978 0.3605565 0.3463428 0.3589325 0.3628746 0.3596303 0.3519345 0.3562961 0.3626688 0.3713153 0.3731439 0.3561209 0.3498548 0.3473272 0.3555198 0.3409578 0.3551759 0.3803477 0.3396718 0.3522132 0.3562369 0.3597009 0.3580339 0.3767926 0.3534547 0.3603279 0.3711780 0.3532294 0.3473502 0.3581812 0.3582182 0.3560417 0.3268138 0.3604572 0.3391990 0.3425731 0.3529236 0.3497320 0.3107229 0.3621483 0.3600093 0.3337827 0.3401519 0.3558325 0.3583367 0.3318714 0.3402390 0.3692834 0.3640222 0.3669020 0.3624523 0.3525577 0.3562460 0.3692721 0.3607962 0.3541234 0.3538233 0.3389043 
HYZL          0.1904303 0.0000000 0.0921262 0.3034519 0.3329247 0.3184960 0.2693662 0.3136288 0.3243963 0.3358234 0.3414778 0.2999835 0.3172244 0.3007388 0.3085909 0.3165500 0.3507798 0.3123512 0.3111390 0.3034591 0.3152714 0.3043423 0.3170537 0.2948701 0.3070632 0.2945547 0.2927552 0.3192085 0.3089450 0.3105675 0.3050820 0.3010924 0.2816042 0.3107944 0.3062079 0.2899356 0.3182140 0.3191807 0.3061980 0.3219580 0.2894620 0.2982979 0.3109232 0.3004677 0.3185531 0.3170853 0.3036232 0.3063259 0.3056174 0.3025947 0.3156422 0.3184129 0.3153875 0.2941144 0.2908245 0.3033126 0.2961546 0.3135143 0.3042584 0.3026450 0.3056920 0.3020075 0.3121520 0.3354968 0.2869653 0.3159080 0.3047884 0.3005910 0.3101710 0.3219903 0.3092732 0.3123945 0.3029101 0.3158899 0.2955375 0.3112600 0.3046992 0.3118448 0.2961134 0.3011474 0.2808290 0.3052920 0.3047793 0.2781782 0.3162644 0.2968874 0.3094450 0.3199465 0.3027792 0.2873347 0.3010889 0.3093572 0.2863508 0.3087918 0.3231080 0.3191354 0.3057056 0.2803239 0.3351494 0.2780135 0.2996863 0.3127816 0.2946780 0.2797907 0.2942185 0.3071765 0.2967310 0.2898463 0.3128285 0.2991030 0.2849047 0.2868497 0.3041270 0.3031893 0.3270470 0.3045598 0.3042243 0.3131764 0.3211536 0.3229171 0.2970336 0.3109817 0.2864885 
MYZV          0.2562053 0.0921262 0.0000000 0.3475893 0.3965471 0.3692167 0.3358891 0.3589347 0.3771863 0.3791516 0.3747568 0.3512156 0.3641193 0.3436400 0.3636257 0.3628016 0.3792531 0.3638358 0.3631880 0.3578127 0.3668765 0.3598927 0.3677157 0.3382739 0.3602606 0.3466911 0.3452129 0.3684611 0.3651841 0.3641105 0.3343543 0.3458049 0.3369761 0.3602252 0.3672565 0.3356768 0.3677862 0.3706728 0.3505324 0.3786419 0.3410136 0.3496097 0.3551214 0.3558329 0.3807084 0.3625646 0.3609799 0.3411778 0.3613705 0.3510631 0.3611559 0.3711545 0.3625369 0.3461494 0.3349979 0.3324631 0.3484732 0.3391748 0.3320868 0.3515306 0.3432736 0.3595302 0.3584607 0.3925531 0.3365359 0.3550577 0.3542778 0.3466236 0.3608083 0.3635947 0.3558096 0.3542957 0.3409510 0.3473319 0.3364736 0.3526091 0.3541711 0.3537671 0.3404297 0.3450212 0.3164139 0.3385875 0.3466626 0.3325555 0.3603518 0.3487259 0.3555785 0.3677123 0.3494510 0.3294161 0.3500035 0.3577863 0.3326890 0.3553886 0.3733692 0.3701194 0.3554488 0.3266805 0.3802516 0.3305236 0.3465000 0.3625552 0.3503861 0.3071969 0.3446144 0.3514114 0.3486718 0.3416943 0.3568720 0.3425992 0.3303644 0.3354011 0.3546597 0.3555377 0.3786036 0.3497362 0.3349393 0.3662758 0.3558540 0.3776020 0.3467101 0.3492938 0.3403360 
SRR6441723    0.3682790 0.3034519 0.3475893 0.0000000 0.0835296 0.0981197 0.2056706 0.0736340 0.0952654 0.1119026 0.0984597 0.0713033 0.0846219 0.0433849 0.0754063 0.0948447 0.1215452 0.0832083 0.0876769 0.0885324 0.0875938 0.0721301 0.0378884 0.0544838 0.0825707 0.0666100 0.0693189 0.0851380 0.0798845 0.0753518 0.0754297 0.0676709 0.0678950 0.0800810 0.0792099 0.0482314 0.0861724 0.0896729 0.0754984 0.0964455 0.0786579 0.0705086 0.0884286 0.0707729 0.0762744 0.0789266 0.0639899 0.0800645 0.0723084 0.1374344 0.0737004 0.0835544 0.0786144 0.0643189 0.0441520 0.0745806 0.0712609 0.0826818 0.0768147 0.0488997 0.0743247 0.0794303 0.0811502 0.0827363 0.0743786 0.0631240 0.0803087 0.0727530 0.0614890 0.0538876 0.0572643 0.0575611 0.0821234 0.0867185 0.1382418 0.0683412 0.0802451 0.0852202 0.0425423 0.0469814 0.1235538 0.0793087 0.1428769 0.0522323 0.0578286 0.0319523 0.0843368 0.0799486 0.0550898 0.1289656 0.0722957 0.0812155 0.0440603 0.0804373 0.0768218 0.0730116 0.0785153 0.0614680 0.1025000 0.0794965 0.0757112 0.0835080 0.0694146 0.0768003 0.0420596 0.0516103 0.0688547 0.0618474 0.0772479 0.0544595 0.0612373 0.0653822 0.0470035 0.0443387 0.0988061 0.0783362 0.0785277 0.0859775 0.0885809 0.0806465 0.0680831 0.0836686 0.0736237 
ERR4210213    0.4421971 0.3329247 0.3965471 0.0835296 0.0000000 0.1661309 0.2795335 0.1251128 0.1525228 0.2276227 0.1576931 0.1334095 0.1833947 0.0976491 0.1331649 0.1625021 0.2572008 0.1371219 0.1605606 0.1758664 0.1509366 0.1438587 0.0665054 0.1071475 0.1134223 0.1301519 0.1417216 0.1699958 0.1368441 0.1472944 0.1206757 0.1211032 0.1428560 0.1458359 0.1481065 0.0931912 0.1366018 0.1843166 0.1378499 0.2148140 0.1510017 0.1425944 0.1854592 0.1299145 0.1370135 0.1417414 0.1349503 0.1325389 0.1415662 0.2031610 0.1598555 0.1474305 0.1139675 0.1297041 0.0851006 0.1142059 0.1269820 0.1216821 0.1206850 0.1004913 0.1345311 0.1356289 0.1398653 0.1259617 0.1478800 0.1173137 0.1655754 0.1382917 0.0975610 0.0940226 0.0872045 0.1055097 0.1645972 0.1340771 0.2085858 0.1284953 0.1380224 0.1537021 0.0942729 0.0880153 0.1922553 0.1170318 0.2085856 0.1243612 0.1001774 0.0784022 0.1423442 0.1499962 0.1089740 0.2281676 0.1454026 0.1373206 0.0904448 0.1579821 0.1305746 0.1307526 0.1435858 0.1017456 0.2197845 0.1484114 0.1474008 0.1469845 0.1488272 0.1701749 0.1090685 0.1098426 0.1286517 0.1323480 0.1403823 0.1271829 0.1174498 0.1330235 0.1093032 0.1076946 0.1665624 0.1294590 0.1207211 0.1683585 0.1307975 0.1273393 0.1302889 0.1309300 0.1334212 
ERR2789774    0.3796677 0.3184960 0.3692167 0.0981197 0.1661309 0.0000000 0.2216624 0.0655489 0.1068564 0.1095149 0.1264312 0.0418357 0.0962094 0.1005450 0.0467326 0.0595957 0.1280942 0.1139107 0.1162589 0.0953554 0.1159191 0.0907308 0.1041975 0.1249398 0.0887829 0.0396949 0.0419891 0.1016837 0.0726701 0.0933670 0.0993922 0.0689713 0.0830262 0.1095625 0.0905434 0.0938033 0.0817802 0.1216365 0.1042173 0.1038165 0.0510928 0.0411241 0.1025971 0.0863213 0.1026935 0.0727414 0.0403645 0.1054901 0.1031218 0.1669454 0.0712667 0.1145376 0.0922245 0.0362405 0.0873183 0.0984570 0.0418095 0.1072517 0.1008348 0.0985535 0.0993379 0.0975176 0.1176582 0.1101080 0.0916219 0.0952492 0.0957896 0.1084530 0.1066631 0.1031273 0.1072936 0.1034473 0.0624502 0.1082377 0.1656771 0.0902199 0.1133008 0.1088486 0.0929320 0.0939265 0.1506722 0.1027310 0.1749566 0.0848509 0.1091960 0.0942086 0.1171050 0.0755862 0.1081356 0.1575606 0.0447266 0.0595778 0.0799468 0.0966211 0.0997112 0.0980427 0.1116293 0.0865047 0.1057055 0.1085272 0.1087158 0.1178832 0.0376343 0.1056440 0.1065780 0.1026823 0.0414456 0.0396149 0.0655850 0.0971655 0.0482005 0.0788807 0.0956516 0.0940655 0.1064995 0.0511701 0.1027203 0.1049480 0.1111196 0.1046152 0.0389622 0.1030998 0.0459931 
PAFTOL_019361 0.3072614 0.2693662 0.3358891 0.2056706 0.2795335 0.2216624 0.0000000 0.1987271 0.2114592 0.2351797 0.2227900 0.1997134 0.1986504 0.2063923 0.1999885 0.2104126 0.2343002 0.2098163 0.2124662 0.2033036 0.2234257 0.1880126 0.2124315 0.2103533 0.2112990 0.1984298 0.1998904 0.1965713 0.2154398 0.1877741 0.1881145 0.1958773 0.1805071 0.2027522 0.1984445 0.1881113 0.2229600 0.2020443 0.2097738 0.2047472 0.2040902 0.1992211 0.1998892 0.1812201 0.1955941 0.2047014 0.1991575 0.1885663 0.2029585 0.1939257 0.2066724 0.2183023 0.1950194 0.1888688 0.1844963 0.1842350 0.2027403 0.1955765 0.1888245 0.2080729 0.1858180 0.1982232 0.2188345 0.2069384 0.1892202 0.1864044 0.1986014 0.1955790 0.2045393 0.2029679 0.2069688 0.2020204 0.2098518 0.1964810 0.1984321 0.2103125 0.2128889 0.2139013 0.1908261 0.1944604 0.1728717 0.1904987 0.1939146 0.1899833 0.2043490 0.1973413 0.2178140 0.2139712 0.2058697 0.1787490 0.2020866 0.2073923 0.1965544 0.1950846 0.1975008 0.1907929 0.2071840 0.1796579 0.2175363 0.1977857 0.2025024 0.2077099 0.1971279 0.2183702 0.1962124 0.2114343 0.1927553 0.1975377 0.2016188 0.2053756 0.2135666 0.1800663 0.2071685 0.1971713 0.2214495 0.2030567 0.1873982 0.1998021 0.1973637 0.1983013 0.1995480 0.1894387 0.2003982 
S0055         0.3504189 0.3136288 0.3589347 0.0736340 0.1251128 0.0655489 0.1987271 0.0000000 0.0936579 0.0897882 0.0981598 0.0396408 0.0708151 0.0740250 0.0457524 0.0609759 0.1080045 0.0767348 0.0844088 0.0714855 0.0819999 0.0657898 0.0767247 0.0913968 0.0615093 0.0410119 0.0425340 0.0771989 0.0561385 0.0652392 0.0712148 0.0494931 0.0580774 0.0749866 0.0705872 0.0698766 0.0610419 0.0868698 0.0733022 0.0772496 0.0494044 0.0431251 0.0747060 0.0637222 0.0725217 0.0488116 0.0426932 0.0744735 0.0680430 0.1430123 0.0509047 0.0807352 0.0668666 0.0395591 0.0652754 0.0711710 0.0431343 0.0783371 0.0725843 0.0731788 0.0711637 0.0729853 0.0839230 0.0793273 0.0702166 0.0647045 0.0681319 0.0792037 0.0792798 0.0737704 0.0787390 0.0761893 0.0568247 0.0872009 0.1489458 0.0642250 0.0801034 0.0803275 0.0698620 0.0684673 0.1302902 0.0750301 0.1504791 0.0553440 0.0812610 0.0711352 0.0851427 0.0450543 0.0813479 0.1371316 0.0432987 0.0556638 0.0613959 0.0682570 0.0698383 0.0683483 0.0757861 0.0618740 0.0843341 0.0749274 0.0754391 0.0832739 0.0395635 0.0837026 0.0813739 0.0784834 0.0399429 0.0381675 0.0299842 0.0734528 0.0263748 0.0563243 0.0719492 0.0683287 0.0812270 0.0494467 0.0757893 0.0764396 0.0864881 0.0751465 0.0396099 0.0826073 0.0428768 
S0196sl       0.3835445 0.3243963 0.3771863 0.0952654 0.1525228 0.1068564 0.2114592 0.0936579 0.0000000 0.1223253 0.0602543 0.0833877 0.1073621 0.0870232 0.0912589 0.1070195 0.1319456 0.0859481 0.0944710 0.1071141 0.0944422 0.0976900 0.0986960 0.1371432 0.0923923 0.0834670 0.0898131 0.1100968 0.0966736 0.0991423 0.0270577 0.0802446 0.0912501 0.0882494 0.1021504 0.0887364 0.1092137 0.0801410 0.0897488 0.1159749 0.0919282 0.0854926 0.1109774 0.0913553 0.0969769 0.0988363 0.0835616 0.0351857 0.0757302 0.1605729 0.0908476 0.0854445 0.0939891 0.0801627 0.0866046 0.0278993 0.0889578 0.0343093 0.0260730 0.0923281 0.0314405 0.1006449 0.0831662 0.0953854 0.0980182 0.0891686 0.0992376 0.0880665 0.0984525 0.0970073 0.0905517 0.0978292 0.0976145 0.0434607 0.1643893 0.1050543 0.0844355 0.0897073 0.0866520 0.0861857 0.1500009 0.0279604 0.1735418 0.0458535 0.1065137 0.0876932 0.0897664 0.1005833 0.1021778 0.1594503 0.0836470 0.0964877 0.0737470 0.1010644 0.0931227 0.0897080 0.0868033 0.0926416 0.1239912 0.0733419 0.0834116 0.0940471 0.0877106 0.1036269 0.0958650 0.0980687 0.0832175 0.0764943 0.0915328 0.0869632 0.0643665 0.0901607 0.0884478 0.0908520 0.1119280 0.0954116 0.0297281 0.1135249 0.0453854 0.0952395 0.0844984 0.0396859 0.0837282 
S0278         0.3788979 0.3358234 0.3791516 0.1119026 0.2276227 0.1095149 0.2351797 0.0897882 0.1223253 0.0000000 0.1193262 0.0854364 0.0478151 0.1024469 0.0825680 0.1002904 0.0744046 0.1128241 0.1097857 0.0574116 0.1121803 0.0468755 0.1129250 0.1356100 0.1019661 0.0820981 0.0841895 0.0527495 0.0958863 0.0520480 0.0965222 0.0912235 0.0454373 0.1109342 0.0741472 0.1030677 0.1053947 0.1152810 0.1064834 0.0450490 0.0952527 0.0854349 0.0601529 0.0652282 0.0741596 0.0931806 0.0799671 0.1018989 0.1043059 0.1556407 0.0966169 0.1117996 0.0963181 0.0806074 0.0960188 0.0954808 0.0843981 0.1002583 0.0979639 0.1082180 0.1000070 0.0706441 0.1167024 0.0780232 0.0686935 0.0881284 0.0581757 0.1056129 0.1124141 0.1143503 0.1067099 0.1109824 0.0961803 0.1073079 0.1583846 0.0995186 0.1069094 0.1127648 0.0967920 0.0948852 0.1425091 0.0990177 0.1643984 0.0927386 0.1197406 0.1064195 0.1114557 0.0950235 0.1084416 0.1501093 0.0865297 0.1057274 0.0936898 0.0543385 0.0730092 0.0707174 0.1101279 0.0664740 0.0422464 0.1042579 0.1073997 0.1168594 0.0870776 0.0960038 0.1171692 0.1072584 0.0804400 0.0804320 0.0864460 0.1048112 0.0827188 0.0593948 0.1023336 0.0959361 0.0498902 0.0960520 0.0981842 0.0619770 0.1101963 0.0745202 0.0804853 0.1122524 0.0866196 
S0281         0.3854464 0.3414778 0.3747568 0.0984597 0.1576931 0.1264312 0.2227900 0.0981598 0.0602543 0.1193262 0.0000000 0.0986735 0.1025782 0.0985997 0.1021560 0.1157505 0.1319250 0.0887221 0.0881443 0.1107844 0.0921731 0.0995991 0.1061657 0.1310777 0.1035516 0.0967674 0.0922658 0.1024245 0.1013805 0.0987841 0.0374643 0.0956626 0.0930747 0.0848753 0.1018077 0.0937037 0.1126570 0.0870705 0.0843832 0.1147864 0.1041375 0.1002262 0.1137203 0.0950143 0.1022603 0.0985419 0.0917983 0.0387528 0.0819086 0.1614335 0.0992152 0.0915155 0.1029194 0.0949396 0.0891111 0.0381386 0.1010735 0.0444224 0.0380675 0.1030765 0.0366225 0.1063869 0.0933791 0.1051216 0.0975217 0.0962996 0.0974640 0.0841485 0.1071050 0.0940937 0.1047213 0.1052101 0.1090647 0.0436834 0.1633210 0.1063538 0.0908780 0.0928690 0.0956065 0.0974026 0.1496640 0.0401838 0.1737353 0.0858031 0.1031272 0.0978012 0.0962111 0.1008728 0.1061255 0.1553011 0.0987786 0.1154661 0.0847882 0.1023866 0.0983004 0.0959974 0.0834718 0.0911292 0.1202531 0.0803157 0.0854438 0.0890131 0.0977422 0.0894964 0.1092938 0.1011366 0.0927420 0.0883761 0.1013010 0.1027479 0.0916185 0.0866332 0.0978329 0.0972297 0.1121313 0.1077705 0.0408633 0.1104962 0.0472761 0.0974852 0.0967365 0.0471958 0.1001863 
S0282         0.3505263 0.2999835 0.3512156 0.0713033 0.1334095 0.0418357 0.1997134 0.0396408 0.0833877 0.0854364 0.0986735 0.0000000 0.0686857 0.0709110 0.0153626 0.0325325 0.1048830 0.0866765 0.0901216 0.0665895 0.0866769 0.0649059 0.0735763 0.0910949 0.0581704 0.0095816 0.0145964 0.0728332 0.0470927 0.0648831 0.0718054 0.0449644 0.0530682 0.0808386 0.0673662 0.0674972 0.0572740 0.0899561 0.0758166 0.0774635 0.0267302 0.0126840 0.0711770 0.0613280 0.0747011 0.0430028 0.0113110 0.0763853 0.0755257 0.1382677 0.0426982 0.0868425 0.0650630 0.0114171 0.0607573 0.0709721 0.0114296 0.0789255 0.0731726 0.0684818 0.0723158 0.0705059 0.0878421 0.0809830 0.0662386 0.0624676 0.0678237 0.0809192 0.0765462 0.0734289 0.0771690 0.0745417 0.0336898 0.0834789 0.1374348 0.0641507 0.0827910 0.0790474 0.0666581 0.0670337 0.1247517 0.0756184 0.1446442 0.0561779 0.0816321 0.0673324 0.0860734 0.0494966 0.0812839 0.1291272 0.0127000 0.0349901 0.0533148 0.0678621 0.0712817 0.0697875 0.0819151 0.0594637 0.0750144 0.0756863 0.0775229 0.0900074 0.0103713 0.0762399 0.0790203 0.0743405 0.0115391 0.0116150 0.0389621 0.0711066 0.0243624 0.0524427 0.0679306 0.0666699 0.0768289 0.0281069 0.0763770 0.0729869 0.0860773 0.0750748 0.0101788 0.0845367 0.0208241 
S0289         0.3506501 0.3172244 0.3641193 0.0846219 0.1833947 0.0962094 0.1986504 0.0708151 0.1073621 0.0478151 0.1025782 0.0686857 0.0000000 0.0798358 0.0750918 0.0858811 0.0645874 0.0849946 0.0859135 0.0408404 0.0840202 0.0318059 0.0889488 0.1168973 0.0772038 0.0663072 0.0667273 0.0334522 0.0793701 0.0269696 0.0776068 0.0685550 0.0262505 0.0790375 0.0485419 0.0801436 0.0872531 0.0862556 0.0828836 0.0370324 0.0764611 0.0703433 0.0421986 0.0406894 0.0475903 0.0762806 0.0684996 0.0832781 0.0761396 0.1342958 0.0757146 0.0842717 0.0789131 0.0641311 0.0745548 0.0758877 0.0694194 0.0816095 0.0774817 0.0855427 0.0806413 0.0498805 0.0883569 0.0581294 0.0456252 0.0741295 0.0379965 0.0809078 0.0891136 0.0885001 0.0905076 0.0889221 0.0821061 0.0884192 0.1394119 0.0762094 0.0855312 0.0872520 0.0784484 0.0760063 0.1231830 0.0791866 0.1419758 0.0632444 0.0973248 0.0823596 0.0845288 0.0745487 0.0901503 0.1268865 0.0704559 0.0841956 0.0717602 0.0324938 0.0480667 0.0474164 0.0793634 0.0413357 0.0400945 0.0840697 0.0782790 0.0875712 0.0707614 0.0704881 0.0934886 0.0832654 0.0662311 0.0612100 0.0737176 0.0836211 0.0636158 0.0375333 0.0790700 0.0745678 0.0413472 0.0809886 0.0791788 0.0392892 0.0911102 0.0523378 0.0655224 0.0901614 0.0729154 
S0292         0.3700381 0.3007388 0.3436400 0.0433849 0.0976491 0.1005450 0.2063923 0.0740250 0.0870232 0.1024469 0.0985997 0.0709110 0.0798358 0.0000000 0.0766031 0.0939539 0.1125858 0.0827821 0.0885913 0.0811610 0.0880620 0.0694877 0.0524988 0.0677794 0.0822820 0.0686022 0.0721130 0.0800692 0.0787341 0.0702240 0.0692294 0.0711556 0.0698771 0.0797269 0.0771065 0.0287337 0.0832725 0.0840406 0.0767359 0.0880144 0.0810033 0.0717991 0.0813216 0.0680469 0.0774595 0.0798947 0.0648919 0.0793586 0.0710799 0.1333893 0.0734372 0.0832075 0.0827902 0.0677383 0.0248315 0.0717020 0.0733129 0.0789284 0.0731256 0.0328135 0.0737682 0.0759554 0.0830694 0.0811936 0.0693018 0.0610247 0.0792108 0.0795373 0.0410046 0.0384170 0.0383342 0.0369616 0.0891147 0.0867319 0.1344476 0.0695849 0.0794885 0.0910884 0.0253482 0.0267549 0.1219420 0.0740563 0.1379318 0.0475005 0.0428157 0.0445786 0.0855262 0.0804286 0.0318339 0.1250297 0.0736091 0.0823241 0.0462144 0.0767365 0.0762531 0.0724872 0.0797633 0.0579057 0.0888587 0.0773959 0.0776932 0.0831575 0.0714763 0.0858876 0.0509547 0.0184566 0.0692909 0.0644983 0.0768294 0.0282647 0.0585951 0.0619260 0.0158240 0.0127480 0.0869245 0.0755186 0.0763581 0.0832495 0.0893840 0.0777452 0.0700923 0.0853519 0.0711611 
S0293         0.3606092 0.3085909 0.3636257 0.0754063 0.1331649 0.0467326 0.1999885 0.0457524 0.0912589 0.0825680 0.1021560 0.0153626 0.0750918 0.0766031 0.0000000 0.0389169 0.1125387 0.0874268 0.0964669 0.0710163 0.0948289 0.0660296 0.0813216 0.0882654 0.0658583 0.0146935 0.0195047 0.0762279 0.0570535 0.0675776 0.0760143 0.0531783 0.0559947 0.0882047 0.0711493 0.0763540 0.0665301 0.0971344 0.0828841 0.0812836 0.0346886 0.0194242 0.0791441 0.0687426 0.0783906 0.0486195 0.0158835 0.0785245 0.0833791 0.1428164 0.0522152 0.0948139 0.0613898 0.0173499 0.0691758 0.0759641 0.0160132 0.0836818 0.0774756 0.0788521 0.0757633 0.0719547 0.0950312 0.0753187 0.0741083 0.0654365 0.0709324 0.0894024 0.0850351 0.0817546 0.0763914 0.0831494 0.0395551 0.0895182 0.1449801 0.0711034 0.0872461 0.0814806 0.0745730 0.0758382 0.1311216 0.0801126 0.1550696 0.0617934 0.0892974 0.0727512 0.0921785 0.0534427 0.0903471 0.1422698 0.0180754 0.0400821 0.0622136 0.0709428 0.0754304 0.0731014 0.0886704 0.0667387 0.0802791 0.0809898 0.0847097 0.0973079 0.0169956 0.0847578 0.0872347 0.0838211 0.0175474 0.0170023 0.0458514 0.0776351 0.0330499 0.0559619 0.0767909 0.0746348 0.0712017 0.0332589 0.0809277 0.0770633 0.0923407 0.0770196 0.0146749 0.0897285 0.0268837 
S0294         0.3614334 0.3165500 0.3628016 0.0948447 0.1625021 0.0595957 0.2104126 0.0609759 0.1070195 0.1002904 0.1157505 0.0325325 0.0858811 0.0939539 0.0389169 0.0000000 0.1180290 0.1014035 0.1059538 0.0859099 0.1067661 0.0824855 0.0967440 0.1178721 0.0735069 0.0325335 0.0346943 0.0903152 0.0635828 0.0832228 0.0915902 0.0577626 0.0736621 0.1021090 0.0861177 0.0875350 0.0777715 0.1090263 0.0935210 0.0902411 0.0483375 0.0319116 0.0947125 0.0789886 0.0921777 0.0668966 0.0325241 0.0938124 0.0944906 0.1540524 0.0597736 0.1040103 0.0861454 0.0324713 0.0787674 0.0906906 0.0339050 0.0975526 0.0930012 0.0912704 0.0928666 0.0875417 0.1028526 0.0982795 0.0823335 0.0822435 0.0857974 0.1040288 0.0988793 0.0934215 0.0936601 0.0978988 0.0414434 0.1031461 0.1570843 0.0801238 0.1003513 0.0946820 0.0856785 0.0843204 0.1400542 0.0940166 0.1597561 0.0755065 0.1022632 0.0873831 0.1040771 0.0678934 0.1000456 0.1462197 0.0360221 0.0523487 0.0740445 0.0807859 0.0893142 0.0869459 0.1036959 0.0776621 0.0891787 0.0971399 0.0961546 0.1110735 0.0303873 0.0943059 0.1016670 0.0929539 0.0335699 0.0317257 0.0624664 0.0910248 0.0436370 0.0642055 0.0900104 0.0887054 0.0952061 0.0506553 0.0940116 0.0943422 0.1043231 0.0899773 0.0324933 0.1034942 0.0418610 
S0299         0.3688880 0.3507798 0.3792531 0.1215452 0.2572008 0.1280942 0.2343002 0.1080045 0.1319456 0.0744046 0.1319250 0.1048830 0.0645874 0.1125858 0.1125387 0.1180290 0.0000000 0.1218792 0.1217100 0.0797659 0.1223584 0.0747036 0.1262478 0.1525007 0.1101982 0.1004634 0.1072268 0.0792408 0.1119155 0.0755600 0.1056593 0.1032862 0.0692321 0.1192271 0.0914438 0.1117675 0.1246414 0.1242996 0.1252862 0.0665054 0.1133937 0.1050691 0.0867369 0.0852627 0.0935257 0.1111605 0.0970776 0.1126124 0.1147719 0.1750299 0.1113042 0.1209209 0.1191723 0.1021735 0.1095603 0.1063706 0.1056634 0.1129169 0.1088130 0.1214112 0.1089284 0.1002116 0.1227129 0.1049073 0.0902204 0.1138595 0.0825697 0.1116060 0.1292777 0.1227447 0.1247248 0.1230387 0.1116629 0.1181117 0.1875276 0.1104426 0.1187650 0.1187333 0.1105197 0.1106362 0.1629194 0.1099246 0.1881664 0.0949436 0.1284762 0.1223468 0.1177627 0.1053448 0.1210414 0.1677689 0.1033091 0.1217133 0.1057901 0.0715854 0.0938546 0.0906382 0.1154575 0.0852086 0.0706013 0.1209924 0.1160385 0.1239482 0.1041316 0.1099171 0.1307496 0.1212689 0.0961969 0.0954510 0.1105174 0.1181682 0.0967043 0.0785999 0.1152744 0.1139259 0.0784945 0.1186745 0.1090616 0.0896697 0.1200682 0.0962696 0.1012353 0.1179841 0.1070723 
S0303         0.3692995 0.3123512 0.3638358 0.0832083 0.1371219 0.1139107 0.2098163 0.0767348 0.0859481 0.1128241 0.0887221 0.0866765 0.0849946 0.0827821 0.0874268 0.1014035 0.1218792 0.0000000 0.0439181 0.0893081 0.0184229 0.0777677 0.0860596 0.1226814 0.0896464 0.0858959 0.0844915 0.0907562 0.0946211 0.0753762 0.0676335 0.0787666 0.0742235 0.0133925 0.0847049 0.0826065 0.1010233 0.0482853 0.0145806 0.0972291 0.0921743 0.0885204 0.0947664 0.0774929 0.0834868 0.0890256 0.0851410 0.0712044 0.0101531 0.1438460 0.0897331 0.0068937 0.0812272 0.0823740 0.0756665 0.0693244 0.0885426 0.0751757 0.0692248 0.0876329 0.0693454 0.0848796 0.0502997 0.0920603 0.0821980 0.0646545 0.0861774 0.0356534 0.0917409 0.0877722 0.0879703 0.0893016 0.0979434 0.0826359 0.1525876 0.0875287 0.0475738 0.0635981 0.0758433 0.0793413 0.1330737 0.0716576 0.1543773 0.0641328 0.0909309 0.0879561 0.0517075 0.0935144 0.0915712 0.1472603 0.0879217 0.0985556 0.0748997 0.0832135 0.0821913 0.0797756 0.0150266 0.0749061 0.1056138 0.0439243 0.0159717 0.0147443 0.0874626 0.0572599 0.0923511 0.0874761 0.0857714 0.0794672 0.0862954 0.0875985 0.0794370 0.0732774 0.0788490 0.0782269 0.0958044 0.0962241 0.0725411 0.0934004 0.0827561 0.0846147 0.0857695 0.0785956 0.0893598 
S0308         0.3495040 0.3111390 0.3631880 0.0876769 0.1605606 0.1162589 0.2124662 0.0844088 0.0944710 0.1097857 0.0881443 0.0901216 0.0859135 0.0885913 0.0964669 0.1059538 0.1217100 0.0439181 0.0000000 0.0914246 0.0475030 0.0805396 0.0976453 0.1145374 0.0931695 0.0893298 0.0881155 0.0919604 0.1035594 0.0784207 0.0678222 0.0768263 0.0772418 0.0459836 0.0862687 0.0908913 0.1047752 0.0519360 0.0409803 0.0950662 0.0928297 0.0918961 0.0937030 0.0757254 0.0863495 0.0948607 0.0863656 0.0741701 0.0397022 0.1467849 0.0939025 0.0476068 0.0838689 0.0851783 0.0825060 0.0694242 0.0903434 0.0749979 0.0693304 0.0952637 0.0716311 0.0835433 0.0549532 0.0921701 0.0801768 0.0749212 0.0858467 0.0407102 0.0980026 0.0963760 0.0962275 0.0972316 0.1031582 0.0842458 0.1435267 0.0917070 0.0511781 0.0685812 0.0822807 0.0857258 0.1317441 0.0724934 0.1561738 0.0760017 0.1004581 0.0872957 0.0533619 0.0983727 0.0984113 0.1406601 0.0922592 0.0979942 0.0756395 0.0793810 0.0842794 0.0811963 0.0446327 0.0709286 0.1027419 0.0436225 0.0415495 0.0481010 0.0910633 0.0565357 0.0981826 0.0934736 0.0893516 0.0823330 0.0913492 0.0977626 0.0800597 0.0751167 0.0890497 0.0860174 0.0979129 0.0948171 0.0717333 0.0941908 0.0868490 0.0866419 0.0900402 0.0780168 0.0918636 
S0320         0.3361037 0.3034591 0.3578127 0.0885324 0.1758664 0.0953554 0.2033036 0.0714855 0.1071141 0.0574116 0.1107844 0.0665895 0.0408404 0.0811610 0.0710163 0.0859099 0.0797659 0.0893081 0.0914246 0.0000000 0.0858537 0.0346928 0.0913119 0.1174584 0.0797278 0.0649289 0.0661299 0.0373140 0.0812003 0.0306530 0.0833016 0.0747008 0.0302695 0.0898503 0.0515040 0.0785372 0.0859805 0.0945010 0.0908844 0.0487799 0.0755909 0.0689524 0.0458345 0.0416168 0.0528385 0.0812461 0.0689934 0.0873544 0.0826495 0.1448912 0.0754096 0.0908113 0.0773742 0.0635508 0.0715803 0.0824253 0.0687885 0.0891359 0.0847025 0.0806534 0.0832202 0.0493225 0.0969018 0.0605427 0.0493473 0.0764099 0.0401222 0.0878029 0.0840290 0.0858960 0.0871663 0.0839301 0.0795416 0.0919079 0.1439639 0.0761448 0.0956646 0.0909677 0.0736164 0.0704318 0.1286221 0.0833098 0.1494719 0.0626942 0.0929077 0.0860712 0.0920333 0.0785392 0.0901260 0.1354387 0.0705402 0.0857664 0.0749535 0.0346903 0.0504439 0.0497393 0.0861181 0.0428622 0.0486042 0.0823248 0.0855652 0.0961265 0.0693447 0.0827684 0.0932751 0.0857454 0.0640828 0.0600862 0.0708028 0.0847569 0.0608083 0.0405065 0.0818016 0.0798971 0.0485919 0.0782787 0.0848886 0.0424280 0.0945553 0.0546753 0.0656458 0.0925817 0.0722453 
S0322         0.3731974 0.3152714 0.3668765 0.0875938 0.1509366 0.1159191 0.2234257 0.0819999 0.0944422 0.1121803 0.0921731 0.0866769 0.0840202 0.0880620 0.0948289 0.1067661 0.1223584 0.0184229 0.0475030 0.0858537 0.0000000 0.0812576 0.0920200 0.1189200 0.1001732 0.0859154 0.0845471 0.0933468 0.0977541 0.0773009 0.0714159 0.0847176 0.0805969 0.0240569 0.0871779 0.0897238 0.1005558 0.0502231 0.0225405 0.0998782 0.0936921 0.0884546 0.0959988 0.0808225 0.0886216 0.0904939 0.0861384 0.0780364 0.0142846 0.1521012 0.0921943 0.0160773 0.0907973 0.0833640 0.0805136 0.0723183 0.0850813 0.0779971 0.0730212 0.0952253 0.0746649 0.0889743 0.0558955 0.0989207 0.0830122 0.0694217 0.0891785 0.0396733 0.0945282 0.0957021 0.0969220 0.0961486 0.1011539 0.0879147 0.1575553 0.0922350 0.0552803 0.0681722 0.0822580 0.0856331 0.1371018 0.0754206 0.1613726 0.0718219 0.0996566 0.0914506 0.0557019 0.0950556 0.0992008 0.1509658 0.0888078 0.0980145 0.0801131 0.0848135 0.0873573 0.0833863 0.0191611 0.0768031 0.1010697 0.0459826 0.0186866 0.0241007 0.0882998 0.0509937 0.0993756 0.0867356 0.0867870 0.0806196 0.0881606 0.0963353 0.0855776 0.0761859 0.0839392 0.0834861 0.0996403 0.0968113 0.0770544 0.0957533 0.0881156 0.0913646 0.0857939 0.0840305 0.0900489 
S0327         0.3387458 0.3043423 0.3598927 0.0721301 0.1438587 0.0907308 0.1880126 0.0657898 0.0976900 0.0468755 0.0995991 0.0649059 0.0318059 0.0694877 0.0660296 0.0824855 0.0747036 0.0777677 0.0805396 0.0346928 0.0812576 0.0000000 0.0769780 0.1027668 0.0737590 0.0618334 0.0644170 0.0281720 0.0747513 0.0214205 0.0726838 0.0661329 0.0178027 0.0781878 0.0420966 0.0647076 0.0807010 0.0835977 0.0764281 0.0395799 0.0732593 0.0650106 0.0387934 0.0311296 0.0411871 0.0714917 0.0622063 0.0774501 0.0712297 0.1302060 0.0713979 0.0767186 0.0667494 0.0589155 0.0586616 0.0719283 0.0656056 0.0782855 0.0740546 0.0708050 0.0725320 0.0399944 0.0806201 0.0461879 0.0394884 0.0578815 0.0280175 0.0723205 0.0721313 0.0734344 0.0710659 0.0717080 0.0761357 0.0817051 0.1324139 0.0657553 0.0749239 0.0850817 0.0621795 0.0615400 0.1164113 0.0749819 0.1376808 0.0531279 0.0810063 0.0681406 0.0779638 0.0738314 0.0798622 0.1203745 0.0651128 0.0802445 0.0630868 0.0260169 0.0410039 0.0389922 0.0783925 0.0331485 0.0441267 0.0747382 0.0740723 0.0849186 0.0661006 0.0741461 0.0804370 0.0746407 0.0616472 0.0591438 0.0705452 0.0747074 0.0573686 0.0289293 0.0679898 0.0667824 0.0403423 0.0713273 0.0742147 0.0305085 0.0843001 0.0430425 0.0610689 0.0841290 0.0668248 
S0335         0.3834386 0.3170537 0.3677157 0.0378884 0.0665054 0.1041975 0.2124315 0.0767247 0.0986960 0.1129250 0.1061657 0.0735763 0.0889488 0.0524988 0.0813216 0.0967440 0.1262478 0.0860596 0.0976453 0.0913119 0.0920200 0.0769780 0.0000000 0.0689959 0.0863761 0.0727752 0.0755738 0.0928451 0.0846064 0.0802612 0.0793308 0.0752503 0.0731786 0.0867316 0.0870768 0.0532098 0.0891717 0.0939899 0.0817671 0.0981881 0.0853000 0.0760022 0.0949507 0.0784443 0.0784347 0.0828372 0.0698486 0.0847969 0.0786996 0.1356845 0.0775938 0.0885662 0.0833863 0.0689305 0.0468846 0.0784678 0.0759886 0.0866737 0.0807232 0.0565725 0.0806109 0.0857055 0.0829002 0.0865633 0.0806147 0.0669612 0.0883377 0.0832364 0.0645374 0.0621425 0.0615473 0.0617938 0.0904234 0.0931370 0.1421618 0.0776484 0.0845309 0.0949720 0.0509924 0.0533450 0.1231367 0.0832524 0.1435939 0.0601736 0.0666286 0.0420788 0.0875664 0.0902009 0.0623109 0.1330350 0.0778388 0.0868789 0.0533307 0.0828542 0.0774911 0.0759199 0.0827861 0.0705357 0.1017992 0.0871758 0.0798375 0.0893472 0.0741875 0.0858220 0.0476726 0.0588443 0.0735012 0.0679981 0.0844809 0.0633311 0.0704320 0.0721912 0.0526591 0.0514134 0.1014275 0.0816159 0.0840317 0.0934569 0.0958489 0.0836128 0.0727533 0.0924452 0.0776172 
S0345         0.3531405 0.2948701 0.3382739 0.0544838 0.1071475 0.1249398 0.2103533 0.0913968 0.1371432 0.1356100 0.1310777 0.0910949 0.1168973 0.0677794 0.0882654 0.1178721 0.1525007 0.1226814 0.1145374 0.1174584 0.1189200 0.1027668 0.0689959 0.0000000 0.1052240 0.0913371 0.0934689 0.1215010 0.1128844 0.1056590 0.1065434 0.0902571 0.0869831 0.1166248 0.1028136 0.0719931 0.1050864 0.1266019 0.1047078 0.1300991 0.1016008 0.0951204 0.1185223 0.0992247 0.1162106 0.0917799 0.0773220 0.1079584 0.1101063 0.1595616 0.1016588 0.1230929 0.0864911 0.0876315 0.0676892 0.1027763 0.0938194 0.1132646 0.1090484 0.0778486 0.1049085 0.1030587 0.1134386 0.1102038 0.1020488 0.0773567 0.1126977 0.1041911 0.0892136 0.0755466 0.0641817 0.0870778 0.1023846 0.1187140 0.1666459 0.0979732 0.1081189 0.1196755 0.0594483 0.0642547 0.1451163 0.1130576 0.1653962 0.0911431 0.0844526 0.0544719 0.1233828 0.1029909 0.0758560 0.1606000 0.1022557 0.1048969 0.0625046 0.1071909 0.1138118 0.1091340 0.1106138 0.0825632 0.1396571 0.1170678 0.1137067 0.1160898 0.0981423 0.1097538 0.0414000 0.0725015 0.0876499 0.0883898 0.1020969 0.0793295 0.1033814 0.0892811 0.0716432 0.0642862 0.1265480 0.0974005 0.1076043 0.1112209 0.1214966 0.1176378 0.0925511 0.1165889 0.1009401 
S0376         0.3693145 0.3070632 0.3602606 0.0825707 0.1134223 0.0887829 0.2112990 0.0615093 0.0923923 0.1019661 0.1035516 0.0581704 0.0772038 0.0822820 0.0658583 0.0735069 0.1101982 0.0896464 0.0931695 0.0797278 0.1001732 0.0737590 0.0863761 0.1052240 0.0000000 0.0589846 0.0608051 0.0827994 0.0709620 0.0737001 0.0798782 0.0368240 0.0648933 0.0876502 0.0858836 0.0726648 0.0784381 0.1023727 0.0872839 0.0873205 0.0672431 0.0598186 0.0847041 0.0725282 0.0863934 0.0693471 0.0570268 0.0814836 0.0848196 0.1456988 0.0659134 0.0958774 0.0767565 0.0580813 0.0698098 0.0798273 0.0612857 0.0865352 0.0812925 0.0809051 0.0803869 0.0788878 0.0931970 0.0924086 0.0751060 0.0775568 0.0777163 0.0873269 0.0863992 0.0813439 0.0814341 0.0850388 0.0710263 0.0913492 0.1569868 0.0766851 0.0938404 0.0899960 0.0743881 0.0729035 0.1357768 0.0813740 0.1537968 0.0558280 0.0913209 0.0792443 0.0963362 0.0755285 0.0912797 0.1404517 0.0630197 0.0739578 0.0666092 0.0753616 0.0835307 0.0812342 0.0903454 0.0672908 0.0953442 0.0858938 0.0916652 0.0947738 0.0593254 0.0949558 0.0864985 0.0891480 0.0588366 0.0546051 0.0662643 0.0829952 0.0387579 0.0643865 0.0815666 0.0767751 0.0965442 0.0672748 0.0814730 0.0802936 0.0940827 0.0883284 0.0581948 0.0887241 0.0629844 
S0400         0.3529164 0.2945547 0.3466911 0.0666100 0.1301519 0.0396949 0.1984298 0.0410119 0.0834670 0.0820981 0.0967674 0.0095816 0.0663072 0.0686022 0.0146935 0.0325335 0.1004634 0.0858959 0.0893298 0.0649289 0.0859154 0.0618334 0.0727752 0.0913371 0.0589846 0.0000000 0.0133260 0.0696312 0.0470967 0.0618117 0.0695075 0.0435907 0.0514197 0.0810937 0.0613393 0.0644171 0.0565814 0.0915740 0.0768836 0.0742416 0.0253833 0.0114299 0.0695245 0.0597816 0.0731794 0.0430077 0.0086036 0.0740570 0.0740301 0.1371798 0.0420217 0.0860993 0.0667875 0.0089581 0.0577347 0.0686830 0.0077437 0.0765732 0.0708703 0.0661939 0.0700215 0.0690220 0.0878900 0.0801969 0.0647677 0.0640709 0.0640026 0.0801191 0.0742558 0.0725921 0.0756769 0.0714562 0.0329398 0.0828344 0.1382325 0.0626853 0.0837534 0.0790572 0.0629375 0.0646961 0.1247757 0.0732949 0.1435318 0.0563051 0.0792324 0.0627121 0.0860843 0.0481140 0.0781457 0.1304686 0.0101977 0.0335784 0.0482107 0.0640399 0.0712902 0.0682919 0.0811610 0.0579726 0.0717943 0.0749064 0.0785054 0.0876917 0.0091139 0.0795630 0.0766653 0.0719976 0.0090409 0.0103501 0.0417855 0.0687905 0.0214324 0.0495050 0.0649118 0.0636516 0.0751786 0.0267480 0.0725326 0.0713172 0.0838917 0.0735141 0.0065221 0.0813661 0.0201478 
S0405         0.3470326 0.2927552 0.3452129 0.0693189 0.1417216 0.0419891 0.1998904 0.0425340 0.0898131 0.0841895 0.0922658 0.0145964 0.0667273 0.0721130 0.0195047 0.0346943 0.1072268 0.0844915 0.0881155 0.0661299 0.0845471 0.0644170 0.0755738 0.0934689 0.0608051 0.0133260 0.0000000 0.0708091 0.0480088 0.0636520 0.0698195 0.0438513 0.0542426 0.0813383 0.0675993 0.0670389 0.0560627 0.0911285 0.0763319 0.0754600 0.0300896 0.0114670 0.0716441 0.0615610 0.0736547 0.0446532 0.0155145 0.0753160 0.0734057 0.1374266 0.0450051 0.0848304 0.0628216 0.0126874 0.0595844 0.0689905 0.0145739 0.0769207 0.0711882 0.0704168 0.0719984 0.0700313 0.0890037 0.0823325 0.0642285 0.0635531 0.0666138 0.0804467 0.0789246 0.0753476 0.0786606 0.0741721 0.0358667 0.0841806 0.1366519 0.0621791 0.0857684 0.0818083 0.0687028 0.0697107 0.1239134 0.0736253 0.1457629 0.0617607 0.0828442 0.0683529 0.0879675 0.0489203 0.0833543 0.1324755 0.0165176 0.0371509 0.0542359 0.0666519 0.0732767 0.0702454 0.0797263 0.0574934 0.0767700 0.0759999 0.0779364 0.0889250 0.0116540 0.0798735 0.0809901 0.0755772 0.0159888 0.0129070 0.0426257 0.0730796 0.0235127 0.0513212 0.0706233 0.0670871 0.0756748 0.0288635 0.0743828 0.0740419 0.0868041 0.0747989 0.0139295 0.0842751 0.0240831 
S0407sl       0.3643605 0.3192085 0.3684611 0.0851380 0.1699958 0.1016837 0.1965713 0.0771989 0.1100968 0.0527495 0.1024245 0.0728332 0.0334522 0.0800692 0.0762279 0.0903152 0.0792408 0.0907562 0.0919604 0.0373140 0.0933468 0.0281720 0.0928451 0.1215010 0.0827994 0.0696312 0.0708091 0.0000000 0.0814882 0.0262500 0.0811125 0.0748646 0.0275495 0.0883051 0.0498515 0.0809181 0.0916361 0.0957688 0.0916388 0.0429133 0.0807412 0.0714323 0.0331386 0.0398840 0.0490391 0.0798332 0.0758951 0.0852875 0.0825665 0.1485768 0.0827672 0.0907537 0.0747551 0.0674284 0.0751115 0.0802339 0.0727895 0.0861619 0.0825238 0.0838443 0.0809515 0.0483434 0.0966960 0.0589701 0.0470839 0.0724285 0.0264317 0.0867735 0.0889693 0.0893274 0.0903997 0.0872030 0.0836344 0.0897175 0.1457140 0.0712689 0.0924424 0.0913105 0.0766697 0.0742739 0.1331360 0.0835057 0.1503946 0.0657279 0.0980337 0.0818852 0.0920854 0.0811935 0.0928587 0.1303607 0.0715765 0.0896737 0.0725341 0.0337466 0.0503010 0.0481414 0.0877811 0.0427387 0.0491793 0.0874892 0.0863600 0.0962013 0.0734250 0.0885973 0.0932209 0.0862296 0.0694959 0.0662130 0.0779946 0.0814989 0.0688960 0.0361762 0.0799470 0.0763170 0.0475905 0.0819865 0.0827066 0.0165430 0.0924346 0.0531378 0.0688338 0.0931020 0.0731386 
S0412sl       0.3625187 0.3089450 0.3651841 0.0798845 0.1368441 0.0726701 0.2154398 0.0561385 0.0966736 0.0958863 0.1013805 0.0470927 0.0793701 0.0787341 0.0570535 0.0635828 0.1119155 0.0946211 0.1035594 0.0812003 0.0977541 0.0747513 0.0846064 0.1128844 0.0709620 0.0470967 0.0480088 0.0814882 0.0000000 0.0755305 0.0780392 0.0568104 0.0656805 0.0924612 0.0754538 0.0776890 0.0708796 0.0971728 0.0899090 0.0820413 0.0572174 0.0471348 0.0869926 0.0671703 0.0791961 0.0516971 0.0438971 0.0794624 0.0836145 0.1379126 0.0417046 0.0960611 0.0798847 0.0435668 0.0722401 0.0779418 0.0478620 0.0861586 0.0802012 0.0792817 0.0777927 0.0765310 0.0945901 0.0880968 0.0713511 0.0701046 0.0777784 0.0910606 0.0898463 0.0876387 0.0887884 0.0849308 0.0613076 0.0869111 0.1392408 0.0713796 0.0922284 0.0894459 0.0745407 0.0772161 0.1279914 0.0827333 0.1456957 0.0669651 0.0887594 0.0780459 0.0956880 0.0591772 0.0847568 0.1365475 0.0480644 0.0607289 0.0648947 0.0785835 0.0780127 0.0749512 0.0910643 0.0652178 0.0877103 0.0838526 0.0930193 0.0977168 0.0457825 0.0926038 0.0910208 0.0783831 0.0453491 0.0415992 0.0554403 0.0801582 0.0283356 0.0623297 0.0785002 0.0767146 0.0907794 0.0530092 0.0835138 0.0824434 0.0895699 0.0786734 0.0436143 0.0893298 0.0490830 
S0417         0.3447456 0.3105675 0.3641105 0.0753518 0.1472944 0.0933670 0.1877741 0.0652392 0.0991423 0.0520480 0.0987841 0.0648831 0.0269696 0.0702240 0.0675776 0.0832228 0.0755600 0.0753762 0.0784207 0.0306530 0.0773009 0.0214205 0.0802612 0.1056590 0.0737001 0.0618117 0.0636520 0.0262500 0.0755305 0.0000000 0.0726582 0.0646196 0.0156733 0.0759083 0.0414013 0.0694483 0.0776446 0.0822809 0.0756180 0.0395821 0.0724870 0.0657380 0.0354389 0.0331166 0.0413374 0.0714879 0.0646141 0.0766573 0.0689927 0.1335697 0.0713651 0.0776431 0.0666776 0.0574474 0.0625772 0.0719030 0.0655826 0.0755883 0.0725430 0.0732131 0.0733553 0.0426836 0.0806630 0.0484279 0.0408074 0.0610155 0.0306828 0.0732766 0.0730897 0.0766588 0.0758856 0.0748750 0.0751705 0.0832072 0.1334561 0.0664767 0.0748803 0.0842588 0.0661625 0.0630856 0.1186009 0.0732750 0.1370063 0.0573418 0.0866920 0.0714979 0.0772357 0.0745946 0.0783240 0.1219003 0.0658413 0.0794487 0.0630645 0.0247165 0.0424681 0.0404454 0.0751783 0.0344657 0.0441545 0.0732913 0.0725902 0.0825881 0.0660778 0.0734111 0.0837429 0.0761687 0.0623597 0.0584038 0.0675623 0.0740135 0.0595776 0.0308937 0.0694772 0.0682994 0.0396650 0.0720396 0.0741885 0.0298582 0.0858156 0.0459081 0.0610475 0.0848984 0.0675513 
S0419         0.3507399 0.3050820 0.3343543 0.0754297 0.1206757 0.0993922 0.1881145 0.0712148 0.0270577 0.0965222 0.0374643 0.0718054 0.0776068 0.0692294 0.0760143 0.0915902 0.1056593 0.0676335 0.0678222 0.0833016 0.0714159 0.0726838 0.0793308 0.1065434 0.0798782 0.0695075 0.0698195 0.0811125 0.0780392 0.0726582 0.0000000 0.0667459 0.0648886 0.0679123 0.0788388 0.0690621 0.0896765 0.0639348 0.0627786 0.0891056 0.0778457 0.0726599 0.0850125 0.0667421 0.0806690 0.0728394 0.0664749 0.0195885 0.0590722 0.1278112 0.0749694 0.0688771 0.0787449 0.0671521 0.0684247 0.0029488 0.0741963 0.0089656 0.0035362 0.0784178 0.0170178 0.0777415 0.0683433 0.0838102 0.0729047 0.0672742 0.0757622 0.0617507 0.0830675 0.0782300 0.0804751 0.0816803 0.0835100 0.0253202 0.1306705 0.0738625 0.0643912 0.0720132 0.0673065 0.0697735 0.1154365 0.0053315 0.1349177 0.0611383 0.0816569 0.0702823 0.0696107 0.0786595 0.0837093 0.1196928 0.0712792 0.0883312 0.0582758 0.0749490 0.0778308 0.0756197 0.0646763 0.0612030 0.0947890 0.0583133 0.0631705 0.0727427 0.0700857 0.0748292 0.0824584 0.0798152 0.0670175 0.0643932 0.0730506 0.0771887 0.0629204 0.0655846 0.0716998 0.0726783 0.0909413 0.0811537 0.0059291 0.0864311 0.0273315 0.0801621 0.0694871 0.0247077 0.0728221 
S0427         0.3719947 0.3010924 0.3458049 0.0676709 0.1211032 0.0689713 0.1958773 0.0494931 0.0802446 0.0912235 0.0956626 0.0449644 0.0685550 0.0711556 0.0531783 0.0577626 0.1032862 0.0787666 0.0768263 0.0747008 0.0847176 0.0661329 0.0752503 0.0902571 0.0368240 0.0435907 0.0438513 0.0748646 0.0568104 0.0646196 0.0667459 0.0000000 0.0559030 0.0790290 0.0731548 0.0660593 0.0651400 0.0879150 0.0743858 0.0798883 0.0542722 0.0415237 0.0763784 0.0611268 0.0715059 0.0561932 0.0433247 0.0696779 0.0704895 0.1339863 0.0544034 0.0832837 0.0690400 0.0414424 0.0616110 0.0667047 0.0471141 0.0745323 0.0681069 0.0707528 0.0687388 0.0688332 0.0816813 0.0800300 0.0644993 0.0658801 0.0684489 0.0756062 0.0785440 0.0734892 0.0734877 0.0771361 0.0567446 0.0797305 0.1345564 0.0652610 0.0805699 0.0783920 0.0645651 0.0663644 0.1192488 0.0705147 0.1402319 0.0543522 0.0818009 0.0651836 0.0847886 0.0636487 0.0777429 0.1266030 0.0458018 0.0567741 0.0556086 0.0638501 0.0726186 0.0688963 0.0773088 0.0568774 0.0845363 0.0743554 0.0770310 0.0848110 0.0429310 0.0860890 0.0768024 0.0762924 0.0447027 0.0401284 0.0547599 0.0697853 0.0335667 0.0542815 0.0712310 0.0645278 0.0856610 0.0528340 0.0697562 0.0764493 0.0822968 0.0740730 0.0428647 0.0759967 0.0475202 
