118
CRNC          0.0000000 0.3024758 0.3389134 0.5229867 0.5246667 0.4604094 0.5239018 0.5595572 0.6024542 0.5155531 0.5380347 0.5989763 0.4917564 0.5371039 0.5364796 0.5655622 0.5106796 0.4898796 0.5768363 0.5037682 0.5338134 0.5474015 0.5342150 0.5313681 0.5184492 0.4952284 0.5348212 0.5179879 0.5160639 0.5417857 0.5252374 0.6956017 0.4995833 0.5061972 0.5243436 0.5040580 0.5688582 0.4933877 0.4928152 0.5977342 0.5454173 0.5163574 0.7285124 0.5149725 0.4851623 0.4792734 0.5210846 0.4991957 0.6482500 0.5016405 0.5618702 0.5465325 0.5161325 0.5482944 0.5378794 0.5547986 0.5162606 0.5763958 0.5001387 0.5253838 0.5280679 0.5022722 0.4857307 0.5446282 0.5366812 0.5934190 0.5377597 0.5696151 0.5611733 0.5023705 0.5690650 0.4636051 0.4925098 0.5415573 0.5561711 0.4672378 0.5437530 0.4879713 0.5809064 0.5153724 0.5614893 0.4662417 0.4703680 0.5465659 0.4984751 0.5258095 0.5148129 0.5033975 0.5553907 0.5141749 0.4969228 0.4945066 0.5222571 0.5588370 0.5093540 0.5276647 0.5043005 0.5038786 0.4995843 0.5286054 0.5430596 0.5231520 0.4957398 0.4750978 0.5652827 0.5382443 0.4673075 0.5026885 0.5036646 0.5219842 0.4865797 0.5440558 0.5953518 0.5488618 0.5095201 0.5078304 0.5300740 0.4759206 
HYZL          0.3024758 0.0000000 0.1693789 0.4238146 0.4491289 0.2552649 0.4514376 0.4531898 0.4763898 0.4650110 0.4457081 0.4662958 0.4196453 0.4536317 0.4579624 0.4110891 0.4816855 0.4800163 0.4082427 0.4810093 0.4197802 0.4643765 0.4057620 0.4191133 0.4516295 0.4155606 0.4436681 0.4406772 0.4589766 0.4370363 0.3793354 0.6710197 0.4614738 0.3975788 0.3921712 0.4231574 0.4290369 0.4457338 0.4183056 0.4321971 0.4338243 0.3990920 0.0000010 0.4625283 0.4823949 0.4168999 0.4112907 0.4694192 0.4117188 0.4057437 0.3655962 0.4303360 0.4307877 0.4543928 0.4402327 0.3880932 0.4743568 0.4374336 0.4381437 0.3949983 0.4193175 0.4026630 0.3985444 0.3906044 0.4289908 0.4196131 0.4092352 0.4776042 0.4745901 0.4342184 0.4788087 0.4079127 0.4332454 0.3874273 0.3938253 0.3795420 0.4375168 0.4051107 0.4424329 0.4185504 0.4554612 0.3995275 0.3791671 0.4644519 0.4324752 0.4442503 0.4447935 0.4167048 0.4248942 0.3910873 0.3761708 0.4571512 0.4323978 0.4291832 0.5456384 0.4931622 0.4988488 0.4402651 0.4324845 0.4344828 0.4560914 0.4319227 0.4426040 0.3560482 0.4430700 0.4892069 0.3916631 0.4341200 0.4682798 0.4370890 0.4034276 0.5978060 0.4260524 0.4745901 0.3910873 0.4363725 0.4531277 0.3709395 
MYZV          0.3389134 0.1693789 0.0000000 0.4572699 0.4210458 0.4193255 0.4259093 0.4850996 0.5657537 0.5109884 0.4442990 0.5615473 0.4221333 0.4525277 0.4888303 0.5146570 0.5199059 0.4763448 0.5128141 0.5002752 0.4778832 0.4662247 0.4058091 0.4727085 0.4447099 0.4350520 0.4660448 0.4995513 0.4719344 0.4703327 0.4824676 0.4954633 0.5127841 0.4356710 0.4764450 0.4637027 0.4861496 0.4393791 0.4488081 0.5444051 0.4688854 0.4607965 0.6193799 0.4893781 0.4998589 0.4366225 0.4540246 0.5243776 0.5315382 0.4673518 0.4645897 0.4992158 0.4536263 0.4783501 0.4675513 0.4997073 0.4820135 0.4693859 0.4373740 0.4620350 0.4758705 0.4384031 0.4773336 0.4989581 0.5351271 0.4890142 0.5053707 0.4795225 0.4956749 0.4391678 0.5040070 0.4115985 0.4300027 0.5030662 0.4905538 0.4106394 0.4692032 0.4265317 0.4592075 0.4601904 0.4534259 0.4256177 0.4048257 0.4475783 0.4120472 0.4553844 0.4558097 0.4239677 0.4898142 0.4805448 0.4479073 0.5248015 0.4689053 0.5083272 0.3543831 0.5415145 0.5159887 0.4213225 0.4640223 0.4562514 0.4444911 0.4732615 0.4426035 0.4311020 0.4955202 0.4240035 0.4207232 0.4069909 0.4283519 0.4888848 0.4432015 0.6087782 0.5536476 0.4814141 0.4536733 0.4484773 0.4860841 0.4186279 
SRR6441723    0.5229867 0.4238146 0.4572699 0.0000000 0.1161611 0.2132004 0.0978160 0.0964745 0.1274556 0.0978604 0.0831158 0.1357229 0.0566257 0.1057463 0.1157636 0.1235626 0.1367663 0.1212136 0.1286894 0.1415315 0.0921809 0.0637962 0.0562366 0.1066507 0.0956542 0.0792268 0.1020744 0.0952436 0.0936749 0.0934486 0.1249580 0.1545027 0.1390075 0.0918066 0.0817720 0.0982397 0.1139787 0.0900962 0.0842142 0.1122360 0.0958204 0.0932217 0.1460377 0.0958681 0.1332454 0.1380522 0.0831741 0.1287384 0.1560353 0.0938790 0.0878948 0.0877527 0.0855987 0.0893457 0.0872139 0.0834820 0.0935870 0.1153934 0.0976351 0.0959115 0.1118547 0.0702756 0.1179257 0.0902536 0.0985772 0.1039428 0.0969773 0.1059475 0.0941479 0.1523223 0.1059941 0.1013867 0.1109568 0.0932844 0.1016282 0.1300583 0.0874478 0.1457490 0.1232661 0.0965759 0.0659868 0.1077287 0.0988970 0.0837871 0.1364732 0.0843399 0.0927449 0.0697720 0.1025196 0.0990458 0.0897883 0.1464637 0.0912852 0.1116087 0.1227246 0.1495050 0.1382313 0.0963629 0.1028101 0.0539138 0.0705697 0.0944353 0.0793107 0.0920638 0.1032031 0.1214644 0.0884899 0.0661831 0.0648383 0.0927597 0.0793937 0.1208514 0.1351472 0.0938143 0.0849042 0.0836015 0.0873032 0.0709486 
ERR2789774    0.5246667 0.4491289 0.4210458 0.1161611 0.0000000 0.2365218 0.0905018 0.1058030 0.1553424 0.1106848 0.0704096 0.1457160 0.0770059 0.0758256 0.1293349 0.1355814 0.1516357 0.1284383 0.1385286 0.1459854 0.1049681 0.1051377 0.0971487 0.1129359 0.0751017 0.0677629 0.1244392 0.0953245 0.1052227 0.1068889 0.1383290 0.1931241 0.1357926 0.1079589 0.1204109 0.0937381 0.1243371 0.0742151 0.0722695 0.1248467 0.1067282 0.1130792 0.0367481 0.1122671 0.1354972 0.1543239 0.0869751 0.1363706 0.1782392 0.0680052 0.1216311 0.1054129 0.0618513 0.1048701 0.1024214 0.1049083 0.1098523 0.1284700 0.0996096 0.1123343 0.1299108 0.0933884 0.1163891 0.1117949 0.1376477 0.1299570 0.1195286 0.1116262 0.1237630 0.1454293 0.1181069 0.0929125 0.1187975 0.1203131 0.1123994 0.1508227 0.1027161 0.1623543 0.1147184 0.1109294 0.1073600 0.0945627 0.0849137 0.0935052 0.1447632 0.0646389 0.0748953 0.0884972 0.1113661 0.1106077 0.1008321 0.1413166 0.1117613 0.1266242 0.1056269 0.1467488 0.1426816 0.0678060 0.1002464 0.0934621 0.0941373 0.0702549 0.0642264 0.0828989 0.1251545 0.1056015 0.1055371 0.0784302 0.0836776 0.1220227 0.0714955 0.1069100 0.1604839 0.1233074 0.0977409 0.0640912 0.1101987 0.0809183 
PAFTOL_019361 0.4604094 0.2552649 0.4193255 0.2132004 0.2365218 0.0000000 0.2245571 0.2187182 0.2394722 0.2015204 0.2201940 0.2239026 0.1945086 0.2280481 0.2446751 0.2122238 0.2498623 0.2412102 0.2163791 0.2521457 0.2123991 0.2181730 0.2110442 0.2258480 0.2321271 0.2124572 0.2181591 0.2148325 0.2004100 0.2160582 0.2398555 0.3075151 0.2348118 0.2029118 0.2317456 0.2501502 0.2229719 0.2212474 0.2321978 0.2135698 0.2112749 0.2065126 0.3238350 0.1993464 0.2392706 0.2236323 0.2166333 0.2427132 0.2879869 0.2064301 0.2366362 0.2206857 0.2088558 0.2112501 0.2054183 0.2123631 0.1962582 0.2170688 0.2087653 0.2174632 0.2172500 0.2019862 0.2322004 0.2282537 0.2261442 0.2320781 0.2402151 0.2300310 0.2140703 0.2099151 0.2607210 0.1948447 0.2284074 0.2331043 0.2281387 0.2109273 0.2110876 0.2286189 0.2214109 0.2303800 0.2160228 0.2012380 0.2096096 0.2200246 0.2100839 0.2200860 0.2300179 0.1916666 0.2206203 0.2040252 0.1868801 0.2517088 0.2051297 0.1946119 0.2140494 0.2633234 0.2452715 0.2145700 0.2078515 0.2167724 0.2127764 0.2278587 0.2117280 0.2014289 0.2490156 0.2575160 0.1868169 0.1944673 0.2068138 0.1950258 0.2033126 0.2667646 0.2369198 0.2132071 0.1982888 0.2161749 0.2014137 0.2068039 
S0055         0.5239018 0.4514376 0.4259093 0.0978160 0.0905018 0.2245571 0.0000000 0.1041345 0.1370830 0.1097312 0.0753308 0.1429254 0.0747142 0.0856391 0.1170002 0.1298029 0.1434832 0.1241259 0.1334932 0.1426779 0.0996913 0.0965203 0.0766159 0.0833440 0.0781899 0.0690542 0.1170909 0.0874691 0.1053836 0.1009109 0.0995201 0.1737519 0.1307790 0.1039263 0.1068473 0.1056610 0.1170022 0.0753156 0.0777080 0.1193316 0.1079403 0.1071545 0.1104164 0.1100289 0.1322681 0.1383422 0.0847747 0.1302047 0.1606668 0.0775425 0.1146446 0.1081721 0.0711313 0.1032295 0.0988777 0.0920195 0.1076683 0.1209449 0.0836173 0.1119453 0.1185258 0.0776573 0.1203543 0.1073813 0.1138474 0.1174743 0.1144085 0.1040551 0.1107145 0.1345678 0.1248499 0.0938329 0.1111533 0.1109360 0.1195919 0.1212824 0.0991415 0.1323958 0.1148006 0.1055438 0.0899068 0.0996514 0.0734595 0.1115637 0.1218631 0.0738064 0.0866661 0.0713288 0.1096335 0.1108568 0.1036523 0.1403215 0.1095055 0.1238064 0.0747214 0.1432509 0.1299407 0.0813037 0.0907955 0.0840351 0.0916879 0.0793858 0.0712685 0.0514033 0.1169551 0.0891617 0.0915776 0.0722001 0.0834544 0.1114190 0.0603963 0.1237369 0.1461361 0.1103171 0.1005567 0.0674171 0.1061869 0.0735119 
S0196sl       0.5595572 0.4531898 0.4850996 0.0964745 0.1058030 0.2187182 0.1041345 0.0000000 0.1035473 0.0262270 0.0896929 0.1190829 0.0750846 0.0957015 0.1018176 0.1104553 0.1169741 0.1068351 0.0969034 0.1126138 0.0703874 0.0945914 0.0793516 0.1118264 0.0968638 0.0784554 0.0841808 0.0720663 0.0641709 0.0177777 0.1316265 0.1592257 0.1106785 0.0762276 0.0978218 0.0835582 0.0836211 0.0916984 0.0937086 0.0913323 0.0690123 0.0721481 0.1133387 0.0263759 0.1076983 0.1232313 0.0716880 0.1087317 0.1346204 0.0799997 0.0952162 0.0195663 0.0868443 0.0161440 0.0162158 0.0832560 0.0246324 0.0835991 0.0717737 0.0643791 0.0852194 0.0783449 0.0836357 0.0954172 0.1007777 0.1071298 0.1080623 0.0928690 0.0371449 0.1315784 0.0829672 0.0708650 0.0871740 0.0965771 0.0917267 0.1197011 0.0161715 0.1306386 0.0813610 0.0985741 0.0930246 0.0767396 0.0980465 0.1034604 0.1142785 0.0856027 0.0947277 0.0701755 0.0748542 0.0706406 0.0608632 0.1176503 0.0685037 0.0828497 0.0609387 0.1175233 0.1117447 0.0995907 0.0787401 0.0842824 0.0783453 0.0914825 0.0801068 0.0896741 0.1167892 0.0956864 0.0683709 0.0810314 0.0859100 0.0921715 0.0793072 0.0327183 0.1150873 0.0370279 0.0583960 0.0848587 0.0282983 0.0781473 
S0278         0.6024542 0.4763898 0.5657537 0.1274556 0.1553424 0.2394722 0.1370830 0.1035473 0.0000000 0.1159311 0.1265351 0.0483651 0.1010825 0.1395488 0.1483706 0.0514668 0.1455629 0.1348980 0.0523299 0.1404641 0.0607287 0.1202474 0.0918490 0.1479050 0.1306677 0.1143412 0.0583707 0.1188539 0.0564213 0.1003943 0.1552465 0.1269672 0.1306060 0.0707153 0.1095882 0.1148032 0.0480024 0.1284965 0.1238060 0.0367823 0.0753738 0.0697819 0.2062563 0.1094023 0.1298425 0.1572926 0.1091116 0.1353544 0.1661551 0.1233214 0.1123888 0.0946171 0.1212551 0.0963586 0.0940305 0.1011134 0.1091067 0.0839264 0.1027139 0.0786590 0.0617383 0.0895530 0.1203242 0.1077855 0.1031884 0.1146359 0.1073396 0.1515124 0.1175204 0.1609656 0.1211136 0.1036782 0.1269266 0.1160151 0.1223134 0.1560899 0.0985998 0.1631672 0.0850332 0.1151465 0.1205214 0.1144304 0.1337418 0.1300800 0.1434833 0.1149442 0.1228480 0.1020406 0.0465891 0.0611959 0.0683128 0.1401378 0.0700598 0.0576759 0.0880409 0.1401564 0.1319079 0.1379778 0.1101414 0.0933589 0.1220641 0.1167466 0.1234677 0.1170453 0.1097609 0.1310945 0.0727908 0.1072417 0.1153221 0.0484956 0.1002612 0.0990371 0.0605590 0.1170947 0.0638817 0.1191034 0.1062814 0.1189493 
S0281         0.5155531 0.4650110 0.5109884 0.0978604 0.1106848 0.2015204 0.1097312 0.0262270 0.1159311 0.0000000 0.0910975 0.1239283 0.0765379 0.1019386 0.1031714 0.1176765 0.1182875 0.1125719 0.1159985 0.1220820 0.0797343 0.0959603 0.0908807 0.1151821 0.0982519 0.0838822 0.0936861 0.0824721 0.0754461 0.0310805 0.1349704 0.1733872 0.1120218 0.0789918 0.0991936 0.0889560 0.0957717 0.0972471 0.0950960 0.1032962 0.0700086 0.0809322 0.1473625 0.0228476 0.1069427 0.1289736 0.0731281 0.1100856 0.1505771 0.0854060 0.1063846 0.0330092 0.0882486 0.0294126 0.0295476 0.0887563 0.0211349 0.0892295 0.0753633 0.0818501 0.0900973 0.0817042 0.0923964 0.1020299 0.1001656 0.1137776 0.1073150 0.0993046 0.0404908 0.1420312 0.0894631 0.0704688 0.0885831 0.0936829 0.0889144 0.1254673 0.0277291 0.1364347 0.0890842 0.0999522 0.0985383 0.0763063 0.0972542 0.1048252 0.1199815 0.0847902 0.1003411 0.0716286 0.0839554 0.0796989 0.0696239 0.1189665 0.0772998 0.0883071 0.0472071 0.1188612 0.1130950 0.1009499 0.0782938 0.0856890 0.0887827 0.0947255 0.0815257 0.0931465 0.1136680 0.1062035 0.0715951 0.0844996 0.0873340 0.0991521 0.0859582 0.0422229 0.1231341 0.0403633 0.0670657 0.0862711 0.0316060 0.0775375 
S0282         0.5380347 0.4457081 0.4442990 0.0831158 0.0704096 0.2201940 0.0753308 0.0896929 0.1265351 0.0910975 0.0000000 0.1300589 0.0603881 0.0322661 0.1038476 0.1226539 0.1166724 0.1108905 0.1184389 0.1115728 0.0918082 0.0821159 0.0713709 0.0959175 0.0267226 0.0211771 0.0977678 0.0803624 0.0848000 0.0908756 0.1195095 0.1753483 0.1072090 0.0834720 0.0894960 0.0936128 0.0999909 0.0521078 0.0264914 0.1047882 0.0963854 0.0908441 0.0360243 0.0891362 0.0993791 0.1437569 0.0726967 0.1044034 0.1506298 0.0392158 0.0964715 0.0936520 0.0162021 0.0889255 0.0847082 0.0835160 0.0869113 0.1055577 0.0758114 0.0941580 0.1087535 0.0735664 0.0878711 0.0874149 0.1133500 0.1007144 0.0942430 0.0957273 0.0980144 0.1404672 0.0979809 0.0817739 0.0913213 0.0975194 0.0944312 0.1234004 0.0849340 0.1420275 0.0994159 0.0966850 0.0837348 0.0832739 0.0638455 0.0934663 0.1297763 0.0180282 0.0541034 0.0648845 0.0995506 0.0942354 0.0832628 0.1162348 0.0867966 0.1042472 0.0676701 0.1163483 0.1082444 0.0315533 0.0726712 0.0660352 0.0785976 0.0264237 0.0195773 0.0742410 0.1130718 0.0847551 0.0810651 0.0657177 0.0726161 0.0988935 0.0489916 0.1059734 0.1381354 0.0956501 0.0804560 0.0178858 0.0872812 0.0623580 
S0289         0.5989763 0.4662958 0.5615473 0.1357229 0.1457160 0.2239026 0.1429254 0.1190829 0.0483651 0.1239283 0.1300589 0.0000000 0.0998239 0.1431523 0.1571874 0.0360685 0.1588044 0.1460561 0.0352635 0.1538704 0.0586313 0.1238087 0.1085105 0.1563228 0.1363690 0.1178416 0.0625579 0.1298237 0.0622490 0.1156865 0.1699111 0.1202992 0.1459198 0.0721275 0.1039513 0.1354645 0.0423864 0.1245119 0.1303521 0.0404467 0.0767792 0.0673277 0.1820773 0.1155819 0.1421070 0.1514207 0.1174745 0.1508506 0.1727102 0.1268236 0.1086817 0.1142887 0.1247613 0.1116224 0.1042890 0.1053080 0.1152687 0.0874130 0.1172908 0.0755883 0.0551975 0.1042558 0.1377497 0.1042343 0.0975911 0.1236840 0.1123513 0.1522610 0.1264032 0.1545230 0.1292208 0.1143926 0.1238120 0.1130100 0.1216431 0.1619437 0.1114425 0.1641982 0.1001844 0.1210889 0.1146457 0.1276494 0.1426821 0.1289760 0.1467402 0.1237229 0.1332772 0.0966247 0.0368491 0.0528089 0.0697259 0.1558070 0.0673255 0.0652657 0.0818885 0.1566716 0.1474060 0.1414962 0.1247225 0.1009742 0.1204921 0.1300286 0.1269724 0.1191560 0.1023187 0.1238769 0.0739462 0.1058997 0.1138490 0.0519243 0.1021913 0.1113960 0.0547121 0.1259421 0.0653016 0.1226119 0.1149440 0.1224536 
S0292         0.4917564 0.4196453 0.4221333 0.0566257 0.0770059 0.1945086 0.0747142 0.0750846 0.1010825 0.0765379 0.0603881 0.0998239 0.0000000 0.0701484 0.0948014 0.0876186 0.1127108 0.1097025 0.0864446 0.1124264 0.0666866 0.0481529 0.0410919 0.0857655 0.0654626 0.0602798 0.0743300 0.0737003 0.0622973 0.0763562 0.1045194 0.1429744 0.0988594 0.0687467 0.0568194 0.0686761 0.0775665 0.0603924 0.0667575 0.0829287 0.0708829 0.0679561 0.0934701 0.0703389 0.1020041 0.1306317 0.0647340 0.1032851 0.1323895 0.0641460 0.0725474 0.0789409 0.0565829 0.0744568 0.0680200 0.0589298 0.0682526 0.0765585 0.0696776 0.0703809 0.0827045 0.0339228 0.0902138 0.0607975 0.0750353 0.0738738 0.0731923 0.0793837 0.0769803 0.1289120 0.0881728 0.0674796 0.0894565 0.0675249 0.0732978 0.1136417 0.0705846 0.1314965 0.0820751 0.0651492 0.0446847 0.0794236 0.0706782 0.0338879 0.1215120 0.0571215 0.0775164 0.0299228 0.0691663 0.0660817 0.0606737 0.1033702 0.0662463 0.0788273 0.0688242 0.1076669 0.0998101 0.0642193 0.0769394 0.0353986 0.0113480 0.0665571 0.0546963 0.0667916 0.0519074 0.0859940 0.0666279 0.0063954 0.0080760 0.0677982 0.0616593 0.0953487 0.0992854 0.0767150 0.0582170 0.0566387 0.0688855 0.0587325 
S0293         0.5371039 0.4536317 0.4525277 0.1057463 0.0758256 0.2280481 0.0856391 0.0957015 0.1395488 0.1019386 0.0322661 0.1431523 0.0701484 0.0000000 0.1186322 0.1356294 0.1319391 0.1252758 0.1204368 0.1211201 0.1050380 0.0952175 0.0866424 0.1005856 0.0344124 0.0285098 0.1046182 0.0818926 0.0885639 0.1016808 0.1177407 0.2034647 0.1218805 0.0962028 0.1077260 0.0937594 0.1165580 0.0668140 0.0341065 0.1165547 0.1099050 0.1016661 0.0489833 0.0978182 0.1137396 0.1391576 0.0765006 0.1218668 0.1776608 0.0550670 0.1130712 0.1024651 0.0216475 0.0996552 0.0972163 0.1013656 0.0975548 0.1213103 0.0830953 0.1003363 0.1249608 0.0903417 0.0955466 0.1005527 0.1269574 0.1142136 0.1180437 0.0988235 0.1087951 0.1329425 0.1077362 0.0852383 0.1093131 0.1120615 0.1042870 0.1209543 0.0954961 0.1343499 0.1095909 0.1134169 0.0997293 0.0888758 0.0692030 0.1050131 0.1248657 0.0270254 0.0728881 0.0768395 0.1089548 0.1055908 0.0938080 0.1267297 0.1026323 0.1159374 0.0647895 0.1318248 0.1231074 0.0393767 0.0820240 0.0804069 0.0849449 0.0340146 0.0286649 0.0777806 0.1259946 0.0903871 0.0938380 0.0797949 0.0853418 0.1122108 0.0624322 0.0926706 0.1436518 0.1114970 0.0907812 0.0234198 0.1026343 0.0674569 
S0294         0.5364796 0.4579624 0.4888303 0.1157636 0.1293349 0.2446751 0.1170002 0.1018176 0.1483706 0.1031714 0.1038476 0.1571874 0.0948014 0.1186322 0.0000000 0.1427686 0.1482637 0.1369031 0.1426853 0.1562403 0.1155334 0.0981731 0.0992208 0.1284140 0.1168895 0.1013392 0.1303829 0.0833971 0.1067451 0.1071312 0.1428491 0.1978131 0.1486172 0.1202296 0.1147030 0.0905547 0.1386061 0.1114757 0.0974455 0.1302805 0.1214940 0.1154880 0.0996741 0.1039532 0.1403443 0.1522316 0.0759756 0.1438097 0.1742768 0.1028401 0.1247159 0.1057273 0.1059162 0.1031801 0.1007738 0.1074778 0.1016241 0.1268656 0.1095992 0.1161189 0.1312560 0.0980364 0.1247540 0.1197313 0.1127130 0.1233374 0.1297152 0.0461394 0.0973013 0.1519860 0.1244221 0.1100211 0.1198108 0.1138646 0.1195165 0.1471925 0.0962457 0.1594518 0.1250035 0.1193887 0.1201642 0.1142172 0.1074597 0.1344060 0.1434154 0.1047580 0.1136075 0.1061845 0.1250302 0.1220325 0.1095648 0.1585739 0.1162792 0.1228316 0.0904867 0.1594943 0.1467959 0.1173602 0.1123533 0.1066137 0.1085727 0.1153540 0.0948930 0.1161672 0.1370334 0.1519879 0.0995993 0.1032233 0.1042455 0.1266377 0.0973881 0.0873731 0.1633761 0.0969584 0.1063350 0.1018147 0.0911851 0.0967580 
S0299         0.5655622 0.4110891 0.5146570 0.1235626 0.1355814 0.2122238 0.1298029 0.1104553 0.0514668 0.1176765 0.1226539 0.0360685 0.0876186 0.1356294 0.1427686 0.0000000 0.1556478 0.1440979 0.0361565 0.1553756 0.0578795 0.1093773 0.1042504 0.1319453 0.1312384 0.1124919 0.0663380 0.1202157 0.0577393 0.1071304 0.1459780 0.0995996 0.1422045 0.0634152 0.0988203 0.1224500 0.0336517 0.1193771 0.1251612 0.0379323 0.0722505 0.0589921 0.1436648 0.1113897 0.1436373 0.1464384 0.1032809 0.1475670 0.1590752 0.1216613 0.1017459 0.1056773 0.1195155 0.1028622 0.0957517 0.0930573 0.1089540 0.0741854 0.1115442 0.0676286 0.0451525 0.0888811 0.1293070 0.0993867 0.0848721 0.1064675 0.1103214 0.1394163 0.1283670 0.1476364 0.1206318 0.1034219 0.1227544 0.0984013 0.1137099 0.1450446 0.1028669 0.1521058 0.0965010 0.1068963 0.1069528 0.1166434 0.1195450 0.1084868 0.1368726 0.1184169 0.1284131 0.0909694 0.0336412 0.0366750 0.0573761 0.1475080 0.0573566 0.0612007 0.0614922 0.1555285 0.1414863 0.1316884 0.1191418 0.0911139 0.1081646 0.1271177 0.1171098 0.1127186 0.0796836 0.1156224 0.0591865 0.0956544 0.0970745 0.0493177 0.1038960 0.0976633 0.0420392 0.1278842 0.0531835 0.1173273 0.1099880 0.1077242 
S0303         0.5106796 0.4816855 0.5199059 0.1367663 0.1516357 0.2498623 0.1434832 0.1169741 0.1455629 0.1182875 0.1166724 0.1588044 0.1127108 0.1319391 0.1482637 0.1556478 0.0000000 0.1085334 0.1420118 0.0297566 0.1183218 0.1313534 0.1361728 0.1621631 0.1284933 0.1099433 0.1265903 0.1330285 0.1101719 0.1179843 0.1756671 0.2122337 0.0229299 0.1154078 0.1412939 0.1435686 0.1385324 0.1233630 0.1250163 0.1346321 0.1294196 0.1240125 0.1355811 0.1215391 0.0231745 0.1849914 0.1183288 0.0161468 0.1912310 0.1018615 0.1466963 0.1165926 0.1147348 0.1137115 0.1113799 0.1319472 0.1190512 0.1527163 0.0914998 0.1255428 0.1367879 0.1205564 0.0624020 0.1449789 0.1534101 0.1494487 0.1590881 0.1486039 0.1238873 0.1927361 0.1454624 0.0950540 0.0986968 0.1445797 0.1456633 0.1723167 0.1116822 0.1937360 0.1294108 0.1327795 0.1387135 0.0921028 0.1294977 0.1458723 0.1722648 0.1157955 0.1295495 0.1053570 0.1317449 0.1241032 0.1157870 0.0297764 0.1173028 0.1292958 0.0554304 0.0338175 0.0231528 0.1289722 0.0879842 0.1200857 0.1325376 0.1267638 0.1099543 0.1427050 0.1647557 0.1275163 0.1028420 0.1234441 0.1249054 0.1313344 0.1209948 0.1058529 0.1631433 0.1234300 0.1124160 0.1147348 0.1123313 0.1168206 
S0308         0.4898796 0.4800163 0.4763448 0.1212136 0.1284383 0.2412102 0.1241259 0.1068351 0.1348980 0.1125719 0.1108905 0.1460561 0.1097025 0.1252758 0.1369031 0.1440979 0.1085334 0.0000000 0.1334208 0.1102851 0.1081795 0.1154906 0.1137622 0.1408233 0.1219655 0.1019770 0.1206753 0.1162601 0.0981140 0.1079247 0.1624943 0.1975537 0.1012578 0.1049138 0.1255600 0.1330580 0.1292137 0.1117138 0.1102566 0.1281267 0.1057112 0.1117146 0.1331272 0.1136897 0.0980425 0.1425814 0.1006948 0.0944006 0.1640231 0.1051707 0.1349588 0.1041449 0.1086428 0.0972994 0.1014054 0.1128113 0.1112359 0.1191807 0.0698465 0.1086541 0.1147352 0.1229761 0.0753035 0.1361369 0.1211598 0.1372333 0.1401189 0.1365283 0.1153913 0.1470407 0.1335914 0.0840711 0.0873253 0.1347515 0.1306079 0.1359343 0.1016823 0.1482149 0.1179249 0.1229159 0.1178123 0.0812868 0.1265102 0.1447277 0.1289116 0.1096321 0.1170886 0.1055361 0.1193418 0.1089965 0.0994068 0.1079474 0.0915002 0.1208768 0.0918231 0.1146361 0.0968478 0.1270324 0.0768147 0.1080337 0.1292828 0.1203518 0.1084450 0.1185488 0.1625668 0.1375667 0.0886128 0.1154066 0.1155378 0.1174481 0.1161024 0.1112656 0.1573202 0.1149675 0.0963153 0.1086428 0.1055576 0.1108100 
S0320         0.5768363 0.4082427 0.5128141 0.1286894 0.1385286 0.2163791 0.1334932 0.0969034 0.0523299 0.1159985 0.1184389 0.0352635 0.0864446 0.1204368 0.1426853 0.0361565 0.1420118 0.1334208 0.0000000 0.1330801 0.0609756 0.1124958 0.1003743 0.1444662 0.1245727 0.1064107 0.0631014 0.1058301 0.0529006 0.1077948 0.1518132 0.1100520 0.1295584 0.0687653 0.0987896 0.1162783 0.0388505 0.1153959 0.1187052 0.0301620 0.0793117 0.0658784 0.1433590 0.1076990 0.1306407 0.1561879 0.1081904 0.1343384 0.1625065 0.1153048 0.0963904 0.1063621 0.1111110 0.1037503 0.0965340 0.0959087 0.1074077 0.0748375 0.1099399 0.0641470 0.0537858 0.0922329 0.1113432 0.0901661 0.0880291 0.1128080 0.1079199 0.1365949 0.1184387 0.1522171 0.1094364 0.0993976 0.1281091 0.1034812 0.1120764 0.1523423 0.1035781 0.1594470 0.0850535 0.1070377 0.1097586 0.1123013 0.1253139 0.1144156 0.1464972 0.1121266 0.1261185 0.0938243 0.0407198 0.0474038 0.0625173 0.1391543 0.0658768 0.0504714 0.0896385 0.1396989 0.1308601 0.1297868 0.1176444 0.0920698 0.0971574 0.1184151 0.1154430 0.1163369 0.0899486 0.1032840 0.0702269 0.0947707 0.1025266 0.0616689 0.0991518 0.1111855 0.0529483 0.1180068 0.0600361 0.1111110 0.1071015 0.1153811 
S0322         0.5037682 0.4810093 0.5002752 0.1415315 0.1459854 0.2521457 0.1426779 0.1126138 0.1404641 0.1220820 0.1115728 0.1538704 0.1124264 0.1211201 0.1562403 0.1553756 0.0297566 0.1102851 0.1330801 0.0000000 0.1183951 0.1310293 0.1189874 0.1628381 0.1231367 0.1093223 0.1241983 0.1218570 0.1033728 0.1239339 0.1792485 0.2225948 0.0229707 0.1163279 0.1445589 0.1432167 0.1408128 0.1181756 0.1219261 0.1368100 0.1287197 0.1261361 0.1139160 0.1276313 0.0096888 0.1818556 0.1180326 0.0228398 0.1848741 0.0993880 0.1389024 0.1225468 0.1096514 0.1195698 0.1171797 0.1326438 0.1250741 0.1462807 0.0870663 0.1171916 0.1389717 0.1223499 0.0540685 0.1370018 0.1593142 0.1443978 0.1572314 0.1511279 0.1312870 0.1895099 0.1375602 0.0948155 0.0984509 0.1478933 0.1489663 0.1733775 0.1175016 0.1905235 0.1147318 0.1359159 0.1383725 0.0918731 0.1287651 0.1428873 0.1665222 0.1106584 0.1242169 0.1050951 0.1328450 0.1262979 0.1178949 0.0298312 0.1218410 0.1289756 0.0708539 0.0321419 0.0214402 0.1236722 0.0836517 0.1218723 0.1214253 0.1214918 0.1050572 0.1370053 0.1701430 0.1343004 0.1094243 0.1231353 0.1245901 0.1289160 0.1155027 0.1063121 0.1604781 0.1307971 0.1144943 0.1096514 0.1194934 0.1184930 
S0327         0.5338134 0.4197802 0.4778832 0.0921809 0.1049681 0.2123991 0.0996913 0.0703874 0.0607287 0.0797343 0.0918082 0.0586313 0.0666866 0.1050380 0.1155334 0.0578795 0.1183218 0.1081795 0.0609756 0.1183951 0.0000000 0.0881694 0.0700681 0.1039437 0.0969176 0.0828325 0.0394660 0.0894148 0.0284227 0.0679154 0.1149313 0.1114425 0.1090911 0.0355743 0.0747714 0.0893019 0.0446408 0.0956866 0.0940319 0.0466515 0.0396109 0.0333504 0.1468192 0.0758731 0.1055537 0.1200884 0.0800025 0.1135930 0.1409252 0.0910604 0.0876207 0.0664084 0.0891405 0.0660543 0.0621067 0.0667754 0.0737591 0.0553103 0.0774487 0.0410101 0.0466809 0.0701178 0.0952535 0.0793910 0.0882881 0.0960243 0.0895650 0.1057143 0.0930307 0.1260113 0.0903944 0.0724881 0.0938040 0.0754310 0.0875368 0.1208049 0.0642176 0.1273919 0.0458140 0.0793853 0.0863954 0.0844178 0.1001072 0.0944180 0.1112630 0.0879089 0.0991512 0.0678923 0.0259873 0.0382584 0.0319280 0.1181411 0.0355123 0.0576653 0.0549119 0.1159404 0.1101459 0.1042703 0.0846088 0.0700170 0.0854932 0.0938229 0.0869884 0.0874421 0.1033893 0.1110344 0.0366467 0.0743021 0.0793661 0.0424386 0.0871967 0.0707125 0.0632688 0.0927050 0.0263750 0.0871422 0.0824945 0.0785476 
S0335         0.5474015 0.4643765 0.4662247 0.0637962 0.1051377 0.2181730 0.0965203 0.0945914 0.1202474 0.0959603 0.0821159 0.1238087 0.0481529 0.0952175 0.0981731 0.1093773 0.1313534 0.1154906 0.1124958 0.1310293 0.0881694 0.0000000 0.0532574 0.0913044 0.0856262 0.0779010 0.0936214 0.0851901 0.0775714 0.0957276 0.1079222 0.1694366 0.1215239 0.0837784 0.0701619 0.0921707 0.1095571 0.0844991 0.0766201 0.1033044 0.0945677 0.0892942 0.1493412 0.0922788 0.1183671 0.1497767 0.0821045 0.1216196 0.1509799 0.0798963 0.0763800 0.0943026 0.0760910 0.0876737 0.0895730 0.0701286 0.0920398 0.0956148 0.0813729 0.0919532 0.1011982 0.0632960 0.1046035 0.0763188 0.0895631 0.0867139 0.0912738 0.0968981 0.0946032 0.1542688 0.1041327 0.0830165 0.1032849 0.0810564 0.0909429 0.1397004 0.0898091 0.1531510 0.1082948 0.0911782 0.0574510 0.0890411 0.1015424 0.0678143 0.1405478 0.0748008 0.0941841 0.0571214 0.0937055 0.0925704 0.0818415 0.1260715 0.0880043 0.0947903 0.0897842 0.1311138 0.1227054 0.0948052 0.0885386 0.0423241 0.0593244 0.0845624 0.0740315 0.0803736 0.0836778 0.1191075 0.0848753 0.0573556 0.0500049 0.0852919 0.0804433 0.1114161 0.1230438 0.0942730 0.0790980 0.0741602 0.0802984 0.0697328 
S0345         0.5342150 0.4057620 0.4058091 0.0562366 0.0971487 0.2110442 0.0766159 0.0793516 0.0918490 0.0908807 0.0713709 0.1085105 0.0410919 0.0866424 0.0992208 0.1042504 0.1361728 0.1137622 0.1003743 0.1189874 0.0700681 0.0532574 0.0000000 0.0791282 0.0799968 0.0671658 0.0835049 0.0752828 0.0587274 0.0858506 0.1079481 0.1588840 0.1221803 0.0752250 0.0589420 0.0785917 0.0876767 0.0723679 0.0722964 0.0884092 0.0794852 0.0761779 0.1451048 0.0861661 0.1213662 0.1354807 0.0766242 0.1248442 0.1054457 0.0790176 0.0603617 0.0813993 0.0695436 0.0836537 0.0789272 0.0589112 0.0836625 0.0808543 0.0798167 0.0740347 0.0961909 0.0451527 0.0980570 0.0630258 0.0898904 0.0733718 0.0685009 0.0777662 0.0914637 0.1399721 0.0892872 0.0793380 0.1000406 0.0710103 0.0823661 0.1209778 0.0838480 0.1364388 0.0823457 0.0779073 0.0623197 0.0931844 0.0796590 0.0719269 0.1250218 0.0703052 0.0849010 0.0532760 0.0804349 0.0818033 0.0699165 0.1328326 0.0817833 0.0864784 0.0849228 0.1331737 0.1211497 0.0858213 0.0830812 0.0281632 0.0538111 0.0767019 0.0695685 0.0671599 0.0775450 0.0716398 0.0730159 0.0514964 0.0519852 0.0738706 0.0592711 0.0900239 0.1153285 0.0910979 0.0647985 0.0673754 0.0771601 0.0651814 
S0376         0.5313681 0.4191133 0.4727085 0.1066507 0.1129359 0.2258480 0.0833440 0.1118264 0.1479050 0.1151821 0.0959175 0.1563228 0.0857655 0.1005856 0.1284140 0.1319453 0.1621631 0.1408233 0.1444662 0.1628381 0.1039437 0.0913044 0.0791282 0.0000000 0.0966693 0.0864178 0.1252265 0.0916171 0.1000500 0.1128495 0.0557619 0.2095779 0.1478757 0.1095513 0.1020141 0.1029271 0.1243418 0.0899022 0.0957609 0.1294552 0.1165113 0.1099155 0.1301231 0.1131926 0.1570655 0.1466417 0.0879503 0.1553620 0.1762196 0.0914694 0.1133671 0.1158780 0.0909019 0.1087103 0.1064588 0.0966825 0.1108320 0.1279721 0.1022985 0.1164628 0.1304821 0.0929659 0.1369457 0.1072408 0.1183502 0.1028663 0.1232800 0.1035129 0.1331409 0.1559887 0.1253282 0.1017394 0.1247496 0.1086878 0.1196708 0.1352955 0.1067411 0.1383630 0.1309388 0.1146871 0.1020841 0.1125759 0.0922772 0.1138436 0.1327452 0.0939302 0.1034785 0.0967529 0.1174394 0.1147589 0.1048797 0.1630941 0.1090974 0.1214779 0.1063143 0.1611019 0.1545829 0.0994774 0.1075706 0.0798568 0.0955415 0.0977589 0.0865104 0.0623864 0.1374515 0.1088819 0.1043420 0.0937670 0.0928236 0.1111969 0.0952935 0.0933965 0.1587874 0.1326526 0.1017369 0.0869866 0.1120563 0.0763722 
S0400         0.5184492 0.4516295 0.4447099 0.0956542 0.0751017 0.2321271 0.0781899 0.0968638 0.1306677 0.0982519 0.0267226 0.1363690 0.0654626 0.0344124 0.1168895 0.1312384 0.1284933 0.1219655 0.1245727 0.1231367 0.0969176 0.0856262 0.0799968 0.0966693 0.0000000 0.0179750 0.1056688 0.0873919 0.0877806 0.0980080 0.1161179 0.1767590 0.1185894 0.0907141 0.0975797 0.0967718 0.1074987 0.0545327 0.0232533 0.1104851 0.1039948 0.1002427 0.0506875 0.0942121 0.1105332 0.1522774 0.0755003 0.1185758 0.1669678 0.0432248 0.1026675 0.1008984 0.0163367 0.0960209 0.0916981 0.0914109 0.0939630 0.1215571 0.0786876 0.1037684 0.1166524 0.0809561 0.0926996 0.0952626 0.1225962 0.1097609 0.1066421 0.1036566 0.1100613 0.1467916 0.1014009 0.0805296 0.1014306 0.1027918 0.0998243 0.1324525 0.0919449 0.1461054 0.1065824 0.0985471 0.0892687 0.0820462 0.0663038 0.0952426 0.1355915 0.0181795 0.0617335 0.0679333 0.1029017 0.1040560 0.0924985 0.1279964 0.0989757 0.1099080 0.0756856 0.1229423 0.1197697 0.0318200 0.0753327 0.0731974 0.0842515 0.0231937 0.0197405 0.0769250 0.1175334 0.0857806 0.0856666 0.0709133 0.0780893 0.1020896 0.0563880 0.1077758 0.1421325 0.1075814 0.0895292 0.0146795 0.0989094 0.0643872 
S0405         0.4952284 0.4155606 0.4350520 0.0792268 0.0677629 0.2124572 0.0690542 0.0784554 0.1143412 0.0838822 0.0211771 0.1178416 0.0602798 0.0285098 0.1013392 0.1124919 0.1099433 0.1019770 0.1064107 0.1093223 0.0828325 0.0779010 0.0671658 0.0864178 0.0179750 0.0000000 0.0889142 0.0772613 0.0720725 0.0796966 0.1010978 0.1598449 0.1049808 0.0787112 0.0851340 0.0883945 0.0925422 0.0424997 0.0128770 0.0934214 0.0872538 0.0839170 0.0236038 0.0800142 0.0971716 0.1285090 0.0640942 0.1006228 0.1439991 0.0370737 0.0943050 0.0823031 0.0111586 0.0778008 0.0737400 0.0752740 0.0798104 0.1030682 0.0632376 0.0870732 0.0993314 0.0734311 0.0849220 0.0830790 0.1041028 0.0959206 0.0965948 0.0877431 0.0991480 0.1231417 0.0897258 0.0729611 0.0867750 0.0929952 0.0900274 0.1117910 0.0739338 0.1247211 0.0890035 0.0838313 0.0838971 0.0744714 0.0537924 0.0932839 0.1128502 0.0128980 0.0572898 0.0572186 0.0857616 0.0870010 0.0764656 0.1139596 0.0825922 0.0929436 0.0604622 0.1140320 0.1039458 0.0227513 0.0642121 0.0659154 0.0763363 0.0177774 0.0111778 0.0634396 0.1082644 0.0738599 0.0701884 0.0655991 0.0724813 0.0857045 0.0463325 0.0874800 0.1229286 0.0967959 0.0737801 0.0095496 0.0884792 0.0560757 
S0407sl       0.5348212 0.4436681 0.4660448 0.1020744 0.1244392 0.2181591 0.1170909 0.0841808 0.0583707 0.0936861 0.0977678 0.0625579 0.0743300 0.1046182 0.1303829 0.0663380 0.1265903 0.1206753 0.0631014 0.1241983 0.0394660 0.0936214 0.0835049 0.1252265 0.1056688 0.0889142 0.0000000 0.1052834 0.0428062 0.0813932 0.1216776 0.1376488 0.1148332 0.0505395 0.0953393 0.0984546 0.0466421 0.1063141 0.0976345 0.0467807 0.0585412 0.0481420 0.1667699 0.0897647 0.1139414 0.1291513 0.0952863 0.1193593 0.1473786 0.0969704 0.1094137 0.0799285 0.0953126 0.0794981 0.0799223 0.0825440 0.0895339 0.0701093 0.0918665 0.0540606 0.0679057 0.0840508 0.1051727 0.0914389 0.1005317 0.1095441 0.0993860 0.1290307 0.1000626 0.1330223 0.1033250 0.0826697 0.1087233 0.0873122 0.0892963 0.1255303 0.0756289 0.1345357 0.0687112 0.0976572 0.1008878 0.0948796 0.1131935 0.1002892 0.1202645 0.0893709 0.1078847 0.0758686 0.0407701 0.0516011 0.0466305 0.1218598 0.0500898 0.0558162 0.0742014 0.1264411 0.1159426 0.1107708 0.0968547 0.0793782 0.0933060 0.0952615 0.0947702 0.0909170 0.1092551 0.1198329 0.0558549 0.0818861 0.0850128 0.0481608 0.0944299 0.0918374 0.0508741 0.0997137 0.0426365 0.0932928 0.0894755 0.0885632 
S0412sl       0.5179879 0.4406772 0.4995513 0.0952436 0.0953245 0.2148325 0.0874691 0.0720663 0.1188539 0.0824721 0.0803624 0.1298237 0.0737003 0.0818926 0.0833971 0.1202157 0.1330285 0.1162601 0.1058301 0.1218570 0.0894148 0.0851901 0.0752828 0.0916171 0.0873919 0.0772613 0.1052834 0.0000000 0.0874164 0.0780355 0.1192675 0.1803596 0.1254204 0.0988747 0.0993526 0.0654997 0.1085879 0.0839746 0.0842935 0.1024608 0.0926656 0.0975992 0.1421374 0.0869818 0.1196658 0.1377572 0.0484595 0.1230011 0.1550223 0.0730175 0.0967099 0.0826841 0.0776126 0.0782594 0.0760885 0.0888661 0.0847707 0.1042625 0.0804506 0.0871422 0.1051314 0.0856784 0.0804282 0.0876874 0.1071608 0.1039940 0.1063898 0.0608902 0.0949741 0.1433115 0.0968984 0.0838453 0.1031603 0.0966411 0.1027728 0.1291977 0.0762898 0.1407990 0.0968632 0.1070706 0.0937381 0.0902500 0.0973237 0.1096681 0.1232772 0.0763068 0.0913143 0.0806528 0.1000705 0.0942223 0.0876975 0.1349674 0.0879002 0.1090969 0.0828699 0.1354338 0.1261937 0.0901573 0.0856119 0.0831808 0.0769742 0.0800815 0.0733311 0.0710139 0.1162776 0.1131217 0.0974087 0.0736052 0.0845664 0.1104725 0.0739190 0.0942699 0.1283368 0.0946413 0.0848137 0.0737396 0.0844019 0.0650505 
S0417         0.5160639 0.4589766 0.4719344 0.0936749 0.1052227 0.2004100 0.1053836 0.0641709 0.0564213 0.0754461 0.0848000 0.0622490 0.0622973 0.0885639 0.1067451 0.0577393 0.1101719 0.0981140 0.0529006 0.1033728 0.0284227 0.0775714 0.0587274 0.1000500 0.0877806 0.0720725 0.0428062 0.0874164 0.0000000 0.0654901 0.1146487 0.1221793 0.0989214 0.0374033 0.0744300 0.0813084 0.0443335 0.0847532 0.0828106 0.0445099 0.0448467 0.0316744 0.1008048 0.0657442 0.0954302 0.1146843 0.0779402 0.1032667 0.1279612 0.0841185 0.0851347 0.0639876 0.0762178 0.0636501 0.0597549 0.0665558 0.0655812 0.0512921 0.0727748 0.0373518 0.0502498 0.0677592 0.0856085 0.0810622 0.0897258 0.0888538 0.0890346 0.0992827 0.0839794 0.1183652 0.0856432 0.0699164 0.0908424 0.0752127 0.0785768 0.1132124 0.0637743 0.1196622 0.0480351 0.0830636 0.0838522 0.0796565 0.0931484 0.0938421 0.1081627 0.0768777 0.0941408 0.0655662 0.0369744 0.0345540 0.0266789 0.1076613 0.0425954 0.0480123 0.0536731 0.1098007 0.0998547 0.0969873 0.0778310 0.0676622 0.0809541 0.0826355 0.0801375 0.0826405 0.1005276 0.1127872 0.0364968 0.0718914 0.0768702 0.0404473 0.0832940 0.0536845 0.0668335 0.0836910 0.0247425 0.0762178 0.0698547 0.0761591 
S0419         0.5417857 0.4370363 0.4703327 0.0934486 0.1068889 0.2160582 0.1009109 0.0177777 0.1003943 0.0310805 0.0908756 0.1156865 0.0763562 0.1016808 0.1071312 0.1071304 0.1179843 0.1079247 0.1077948 0.1239339 0.0679154 0.0957276 0.0858506 0.1128495 0.0980080 0.0796966 0.0813932 0.0780355 0.0654901 0.0000000 0.1325103 0.1586292 0.1117361 0.0754559 0.0989493 0.0847553 0.0848727 0.0928675 0.0948631 0.0884097 0.0664199 0.0695378 0.1300439 0.0312571 0.1087898 0.1218885 0.0652077 0.1098051 0.1354814 0.0812249 0.1061133 0.0177496 0.0880362 0.0143809 0.0128186 0.0844781 0.0294988 0.0896531 0.0730781 0.0703203 0.0823861 0.0795855 0.0941401 0.1061282 0.1019146 0.1134723 0.1091350 0.0990447 0.0421152 0.1301194 0.0954371 0.0721593 0.0883689 0.0935487 0.0928956 0.1140031 0.0144046 0.1247304 0.0808667 0.0997042 0.0941764 0.0779964 0.0991738 0.1045621 0.1131583 0.0868123 0.0958872 0.0714619 0.0721152 0.0679692 0.0602567 0.1186599 0.0659359 0.0840688 0.0468038 0.1185500 0.1128037 0.1007017 0.0799842 0.0854846 0.0885676 0.0926500 0.0813329 0.0866129 0.1178160 0.1113487 0.0700360 0.0781862 0.0871217 0.0892712 0.0783396 0.0322070 0.1117403 0.0419827 0.0559890 0.0860640 0.0332221 0.0754487 
S0427         0.5252374 0.3793354 0.4824676 0.1249580 0.1383290 0.2398555 0.0995201 0.1316265 0.1552465 0.1349704 0.1195095 0.1699111 0.1045194 0.1177407 0.1428491 0.1459780 0.1756671 0.1624943 0.1518132 0.1792485 0.1149313 0.1079222 0.1079481 0.0557619 0.1161179 0.1010978 0.1216776 0.1192675 0.1146487 0.1325103 0.0000000 0.2121656 0.1661156 0.1134628 0.1226577 0.1254739 0.1363961 0.1158273 0.1109149 0.1342326 0.1284253 0.1134362 0.1688243 0.1323310 0.1706562 0.1478461 0.1197242 0.1687944 0.1908794 0.0977369 0.1384386 0.1357932 0.1077783 0.1282262 0.1258671 0.1137176 0.1328311 0.1294774 0.1222876 0.1290645 0.1387387 0.1026763 0.1622180 0.1214265 0.1348359 0.1332292 0.1386320 0.1340462 0.1491808 0.1524401 0.1362934 0.1141638 0.1478841 0.1168073 0.1274323 0.1490855 0.1262018 0.1490319 0.1287101 0.1372886 0.1190281 0.1252126 0.1086931 0.1306404 0.1342388 0.1110683 0.1188964 0.1157817 0.1230870 0.1275979 0.1151026 0.1789831 0.1259667 0.1304043 0.1106343 0.1774766 0.1681227 0.1123855 0.1275619 0.0987010 0.1153821 0.1149774 0.1031817 0.0756898 0.1383419 0.1235797 0.1191545 0.1084664 0.1140354 0.1248714 0.1084817 0.1342229 0.1591020 0.1486261 0.1138797 0.1037490 0.1351225 0.0860869 
S0428sl       0.6956017 0.6710197 0.4954633 0.1545027 0.1931241 0.3075151 0.1737519 0.1592257 0.1269672 0.1733872 0.1753483 0.1202992 0.1429744 0.2034647 0.1978131 0.0995996 0.2122337 0.1975537 0.1100520 0.2225948 0.1114425 0.1694366 0.1588840 0.2095779 0.1767590 0.1598449 0.1376488 0.1803596 0.1221793 0.1586292 0.2121656 0.0000000 0.2049473 0.1304395 0.1786618 0.1884148 0.1094793 0.1657763 0.1799045 0.1067065 0.1340005 0.1292827 0.0943117 0.1664963 0.2122237 0.2072103 0.1681892 0.2083611 0.2468323 0.1655994 0.1738369 0.1571280 0.1752458 0.1559208 0.1461413 0.1618208 0.1571086 0.1361622 0.1547963 0.1186078 0.0976995 0.1607851 0.1920494 0.1667741 0.1606698 0.1821051 0.1816514 0.1969723 0.1864129 0.2236260 0.1649206 0.1631510 0.1811246 0.1772233 0.1919260 0.2063516 0.1434139 0.2185629 0.1704199 0.1741814 0.1728357 0.1741150 0.1685381 0.1761682 0.2014804 0.1667002 0.1893468 0.1463428 0.1036021 0.0934938 0.1107268 0.2152889 0.1244020 0.1573419 0.7427961 0.2140329 0.1979085 0.1912007 0.1680139 0.1566325 0.1581564 0.1759613 0.1722284 0.1712524 0.1501545 0.2639860 0.1032351 0.1388073 0.1565225 0.1286492 0.1680783 0.4829629 0.1192984 0.1855334 0.1101820 0.1723615 0.1709350 0.1672874 
S0430         0.4995833 0.4614738 0.5127841 0.1390075 0.1357926 0.2348118 0.1307790 0.1106785 0.1306060 0.1120218 0.1072090 0.1459198 0.0988594 0.1218805 0.1486172 0.1422045 0.0229299 0.1012578 0.1295584 0.0229707 0.1090911 0.1215239 0.1221803 0.1478757 0.1185894 0.1049808 0.1148332 0.1254204 0.0989214 0.1117361 0.1661156 0.2049473 0.0000000 0.1070532 0.1320664 0.1359426 0.1258876 0.1211677 0.1174254 0.1225792 0.1170471 0.1123473 0.0978505 0.1151936 0.0164276 0.1767452 0.1111436 0.0161642 0.1791413 0.0928501 0.1395939 0.1103205 0.1004168 0.1074993 0.1051962 0.1204738 0.1127425 0.1369272 0.0743877 0.1137148 0.1246851 0.1061295 0.0544801 0.1357099 0.1437367 0.1370153 0.1470098 0.1439830 0.1188045 0.1868917 0.1413575 0.0799646 0.0920536 0.1352727 0.1364050 0.1708509 0.1054823 0.1853108 0.1127226 0.1185955 0.1286869 0.0812784 0.1220173 0.1308866 0.1615650 0.1062606 0.1226996 0.0962403 0.1228901 0.1120527 0.1042785 0.0161803 0.1081636 0.1150517 0.0488081 0.0214898 0.0113290 0.1191740 0.0732610 0.1081963 0.1179037 0.1170111 0.1007484 0.1270995 0.1574877 0.1341367 0.0955532 0.1093084 0.1105815 0.1194435 0.1191441 0.0868875 0.1425612 0.1183698 0.1010968 0.1052953 0.1074252 0.1140588 
