118
CRNC          0.0000000 0.2299461 0.2662625 0.5564160 0.7033089 0.5578284 0.4136083 0.5565752 0.4629716 0.4771461 0.6010864 0.5477123 0.5345123 0.5764748 0.5365795 0.5097008 0.5234954 0.5663623 0.6719133 0.5546124 0.5791688 0.4976822 0.5802712 0.6491411 0.5693994 0.5344131 0.5435592 0.6487933 0.5592171 0.5328454 0.5341719 0.5560687 0.4969151 0.5486955 0.5304578 0.4945498 0.6348073 0.4893168 0.5663501 0.5628641 0.4522617 0.5669869 0.5974489 0.5516823 0.7725679 0.6323597 0.5970903 0.6035474 0.5358628 0.5569127 0.5375028 0.5481725 0.5336185 0.5459268 0.5318855 0.5426830 0.5441798 0.5608486 0.6385383 0.6267271 0.6038082 0.5662696 0.5811471 0.6026249 0.5330472 0.5703282 0.5298474 0.5521486 0.4603057 0.6714579 0.6252090 0.5202887 0.5799845 0.6362159 0.5348409 0.5153834 0.5399677 0.5545656 0.5930861 0.7172823 0.5302221 0.5643168 0.5480738 0.5444977 0.5635632 0.6036372 0.5553372 0.5373310 0.5392605 0.5607990 0.5593509 0.5782912 0.5335650 0.5159213 0.5835566 0.5940449 0.5383205 0.5453145 0.5479661 0.5187246 0.5527740 0.5719800 0.5281470 0.5690948 0.5687741 0.5340763 0.6543010 0.5438630 0.5559245 0.5504111 0.5420198 0.5591878 0.5421599 0.6410753 0.5849072 0.5336465 0.6702959 0.5486376 
HYZL          0.2299461 0.0000000 0.1391697 0.3240317 0.3679211 0.3321433 0.2097166 0.3052861 0.3265902 0.2889080 0.3050830 0.3201855 0.3297594 0.3687571 0.3161756 0.2413334 0.3317306 0.3372149 0.4202408 0.3468311 0.3393471 0.3317306 0.3655482 0.4616982 0.3145331 0.3161706 0.3372053 0.6693620 0.3549122 0.3288299 0.2726612 0.2835358 0.3473744 0.3553096 0.2747456 0.3062574 0.4332671 0.2942309 0.3874615 0.3342057 0.2938497 0.3427621 0.3205974 0.3059799 0.4291336 0.2762246 0.3545839 0.2920637 0.3139368 0.3309270 0.3301200 0.3161706 0.2811458 0.2701841 0.3189551 0.2847610 0.2726612 0.3278292 0.2884674 0.3839792 0.3651482 0.3066514 0.3702736 0.4363234 0.2811458 0.3528941 0.2811458 0.3127838 0.2989451 0.3799073 0.3107032 0.2776549 0.3011652 0.4595412 0.3118169 0.3269418 0.2454627 0.2726612 0.2920637 0.0000010 0.2900791 0.3372963 0.3238651 0.3199567 0.3752870 0.2920637 0.3463594 0.3692368 0.3267731 0.3029414 0.3215470 0.3453841 0.3397722 0.3072678 0.3719492 0.3209972 0.3170331 0.3342057 0.3481665 0.3240317 0.3746227 0.3768228 0.2872472 0.3736137 0.3403096 0.3675217 0.3243277 0.3664386 0.3423881 0.3571544 0.3474267 0.2590151 0.3785951 0.3829026 0.3410562 0.3034244 0.3811736 0.3814384 
MYZV          0.2662625 0.1391697 0.0000000 0.4184018 0.6537740 0.3808271 0.2999428 0.3472942 0.4196414 0.3555889 0.3612661 0.4584492 0.3692506 0.4375056 0.4309753 0.3584092 0.4081099 0.5063679 0.5212706 0.4411462 0.5101909 0.4260543 0.4557380 0.9410022 0.3971454 0.4128209 0.4395137 0.7017708 0.4348639 0.4037233 0.3622251 0.3718270 0.4609170 0.4104920 0.3654111 0.3387148 0.5613689 0.3683700 0.4664159 0.4395137 0.3522659 0.4180066 0.3858500 0.3486201 0.7769130 0.3880968 0.4713985 0.3308233 0.3583366 0.4719080 0.4452377 0.4128209 0.3414341 0.3418537 0.3918604 0.3622251 0.3457829 0.3540002 0.3880968 0.5788428 0.4895720 0.3665925 0.4846228 0.5409099 0.3414341 0.4591568 0.3414341 0.3655787 0.4576112 0.4808376 0.3355033 0.4083738 0.4381842 0.6042622 0.3972239 0.3856348 0.2811670 0.3457829 0.3308233 0.0000010 0.4184303 0.4184876 0.4300891 0.3637714 0.4469461 0.3308233 0.4342296 0.4000428 0.4004282 0.3679705 0.3741147 0.4560913 0.4180066 0.3740410 0.4956803 0.4803309 0.4507338 0.4128209 0.4641013 0.4184018 0.4460039 0.4771481 0.3717072 0.3863181 0.4003794 0.4055376 0.4536276 0.4040925 0.4033301 0.4662635 0.4188272 0.3495788 0.5195160 0.4296164 0.3853751 0.4128209 0.4375967 0.4379752 
SRR6441723    0.5564160 0.3240317 0.4184018 0.0000000 0.1292811 0.1149305 0.3292683 0.0722374 0.0949847 0.0827768 0.0891161 0.0765582 0.0916986 0.0595180 0.0912727 0.0967114 0.1008146 0.1018554 0.1334360 0.1104750 0.1025474 0.0923765 0.0568563 0.0573487 0.0809881 0.0653175 0.0691452 0.4693404 0.0626988 0.0898256 0.0602597 0.0864095 0.0970476 0.0766749 0.0436345 0.0822340 0.1161020 0.0710163 0.0775493 0.0830017 0.0802838 0.0922255 0.0805123 0.0775124 0.2055000 0.0659903 0.1083078 0.1471941 0.0822031 0.0953327 0.0766341 0.0676799 0.0464137 0.0686529 0.0714045 0.0656293 0.0625317 0.0706837 0.0747138 0.1111319 0.1043037 0.0657131 0.0460078 0.1031108 0.0489914 0.0315483 0.0462123 0.0460589 0.0867820 0.0891189 0.1561378 0.0772112 0.0863239 0.1139072 0.0272441 0.0390330 0.1100871 0.0655944 0.1343495 0.1206652 0.0515810 0.0459870 0.0912335 0.0775931 0.0625555 0.1402440 0.0768131 0.0930133 0.0794541 0.0687721 0.0775368 0.0977823 0.0758561 0.0708853 0.1369335 0.1025227 0.0893789 0.0737646 0.0830284 0.0432216 0.0516650 0.0853711 0.0743547 0.0719087 0.0461482 0.0745462 0.2347568 0.0492560 0.0515011 0.0983281 0.0946931 0.0653183 0.0970842 0.0927351 0.0821928 0.0676743 0.0954513 0.0739694 
ERR4210213    0.7033089 0.3679211 0.6537740 0.1292811 0.0000000 0.3137027 0.5800515 0.2563561 0.1825816 0.3350963 0.2257498 0.1826250 0.2329351 0.1658161 0.2374509 0.1856133 0.2361097 0.2484173 0.1996053 0.2494975 0.2519953 0.2382848 0.0984386 0.1459021 0.2027146 0.1826250 0.1872109 1.0022071 0.2033937 0.2298912 0.1646026 0.1858830 0.2020790 0.2812199 0.1611360 0.2431422 0.1640449 0.2365692 0.2256311 0.2057436 0.2050969 0.2624175 0.2466951 0.2187812 0.1312711 0.2291078 0.2946525 0.1826180 0.2589019 0.2279268 0.2186288 0.1826250 0.1611360 0.1805098 0.2072427 0.1805098 0.1805098 0.2177173 0.2727101 0.2430713 0.2217462 0.2199692 0.1304539 0.2442369 0.1611360 0.1292651 0.1611360 0.1783023 0.1814725 0.2674649 0.2172421 0.2396432 0.2219987 0.2688078 0.1381479 0.1302819 0.1124656 0.1805098 0.1868564 1.6558059 0.1619023 0.1465347 0.2532475 0.2406523 0.1893166 0.1868564 0.2189414 0.2553856 0.2563750 0.2385253 0.2397047 0.2331945 0.2427302 0.2592730 0.2673143 0.2140746 0.2449113 0.1799405 0.2206775 0.1149463 0.1851462 0.2420097 0.2057436 0.2657374 0.1643362 0.2208408 0.2540245 0.1826012 0.1826012 0.2839474 0.2639569 0.2015080 0.1905503 0.2716415 0.2281418 0.1999857 0.2990135 0.2208408 
ERR2789774    0.5578284 0.3321433 0.3808271 0.1149305 0.3137027 0.0000000 0.4212003 0.1416678 0.1185751 0.1461842 0.1703397 0.0701935 0.1555788 0.1270522 0.0863538 0.1268229 0.1620770 0.1557669 0.2001265 0.1688441 0.1680165 0.1380725 0.1737962 0.1637820 0.1067892 0.0582980 0.0686328 0.4305957 0.1105900 0.1564016 0.1163915 0.1238327 0.1323065 0.1527493 0.1276411 0.1243316 0.1926829 0.1478654 0.0966301 0.0702828 0.1220150 0.1385400 0.1519348 0.1232059 0.2723741 0.1415469 0.1807572 0.2188472 0.1305317 0.1730444 0.1326014 0.0608815 0.1245110 0.1270262 0.0587138 0.1264468 0.1186943 0.1370088 0.1492713 0.1378395 0.1685817 0.1354849 0.1331937 0.1579250 0.1280903 0.1198732 0.1238494 0.1276375 0.1418397 0.1841889 0.2181923 0.1409333 0.1537988 0.1786902 0.1117150 0.1276423 0.1727833 0.1228791 0.2026987 0.2021126 0.1247758 0.1261057 0.1627226 0.1171223 0.1317087 0.2099384 0.0736066 0.1489569 0.1478055 0.1398546 0.1427905 0.1819532 0.1375666 0.1435960 0.1898623 0.1646736 0.1769223 0.0703910 0.1525175 0.1334474 0.1198261 0.0830538 0.0666990 0.1383110 0.1152996 0.1157799 0.2582889 0.0941926 0.1194265 0.1432600 0.1309997 0.1221494 0.1127753 0.1853911 0.1523131 0.0608759 0.1841841 0.1072331 
PAFTOL_019361 0.4136083 0.2097166 0.2999428 0.3292683 0.5800515 0.4212003 0.0000000 0.3644096 0.2804979 0.3088126 0.2924403 0.3673748 0.3138738 0.3400326 0.3570052 0.2642521 0.3287379 0.3882843 0.3476743 0.3420438 0.3958723 0.3275578 0.3489803 0.3829801 0.3313532 0.3753843 0.3646806 0.6625472 0.3318483 0.3145719 0.3019219 0.3194596 0.3243021 0.3375321 0.2906808 0.3135990 0.3473827 0.2925750 0.3978323 0.3963415 0.2454305 0.2967662 0.3302477 0.3444328 0.5026271 0.3177202 0.4150825 0.2830766 0.3390365 0.3766313 0.3078896 0.3841989 0.3011097 0.3189449 0.3778035 0.3128725 0.3086612 0.3048746 0.3343427 0.3212089 0.3198030 0.3135898 0.3342442 0.3757461 0.2948482 0.3070527 0.2934976 0.3049732 0.3177398 0.3353686 0.2972252 0.3588606 0.2916036 0.3459546 0.2740187 0.2998935 0.2324655 0.3086612 0.2896574 0.4463392 0.3096541 0.3266794 0.3305841 0.3467524 0.3296274 0.2896574 0.3948179 0.3673420 0.3239733 0.3144319 0.3109445 0.3600968 0.2840440 0.2754824 0.3591371 0.3737689 0.3604831 0.3842300 0.3154890 0.3313987 0.3352536 0.3968539 0.3784694 0.3385888 0.3345933 0.3833884 0.3129981 0.2953806 0.3270546 0.3193804 0.3740497 0.2923290 0.3255028 0.3429883 0.3372129 0.3678836 0.3339494 0.4005384 
S0055         0.5565752 0.3052861 0.3472942 0.0722374 0.2563561 0.1416678 0.3644096 0.0000000 0.0903238 0.1011500 0.0955778 0.0916058 0.1167292 0.0836603 0.0954269 0.0974647 0.1155266 0.1177781 0.1373050 0.1107191 0.1185736 0.1129664 0.1148574 0.1075730 0.0840435 0.0831184 0.0839815 0.4846948 0.0725573 0.1096118 0.0700474 0.0952339 0.1229922 0.0993239 0.0746487 0.0841332 0.1434453 0.0937821 0.0904198 0.0984660 0.0842832 0.1078008 0.1008545 0.0774838 0.2707828 0.0806458 0.1147701 0.1553935 0.0739290 0.1108004 0.0876918 0.0855550 0.0779764 0.0676858 0.0862679 0.0673696 0.0588905 0.1018411 0.0842957 0.1461080 0.1275366 0.0938087 0.0800090 0.1372170 0.0809044 0.0875140 0.0776125 0.0773242 0.0927854 0.1150381 0.1623635 0.0940167 0.1203082 0.1400829 0.0684259 0.0764507 0.1185478 0.0645809 0.1467461 0.1665847 0.0960104 0.0768974 0.1099131 0.0789362 0.0862707 0.1528188 0.0888711 0.0826572 0.0892251 0.0906168 0.1006954 0.1230354 0.1007799 0.0877522 0.1484061 0.1312312 0.1139909 0.0886713 0.1140585 0.0985916 0.0750238 0.0951070 0.0893719 0.0354277 0.0743005 0.0697667 0.2454073 0.0661725 0.0693639 0.1163594 0.0890116 0.0643028 0.1191430 0.1116869 0.1013639 0.0800007 0.1158189 0.0746331 
S0196sl       0.4629716 0.3265902 0.4196414 0.0949847 0.1825816 0.1185751 0.2804979 0.0903238 0.0000000 0.0711353 0.0619397 0.1359500 0.0932233 0.1024616 0.1188066 0.0720284 0.0780500 0.1103448 0.1490032 0.0954228 0.1197576 0.0714066 0.1208946 0.2268842 0.0720832 0.1184489 0.1295489 0.6975500 0.0857636 0.0793304 0.0755976 0.0947318 0.0633692 0.1170076 0.1005404 0.1200171 0.1728648 0.0517330 0.1600721 0.1178477 0.0535094 0.0787126 0.0859510 0.0966156 0.2079130 0.0487743 0.1376546 0.1591416 0.1140299 0.1293201 0.0850866 0.1184489 0.0853295 0.0700158 0.1191874 0.0686664 0.0619945 0.0858632 0.0493628 0.1077037 0.1443301 0.0840368 0.1034651 0.1538561 0.0853295 0.0949847 0.0853295 0.1008051 0.1040682 0.0764252 0.1772207 0.1277015 0.1519628 0.1474272 0.0735784 0.1121709 0.1036841 0.0619945 0.1591416 3.4084978 0.1015853 0.0938742 0.1720548 0.1038031 0.1206875 0.1591416 0.1275368 0.1326835 0.0790080 0.0835520 0.0818052 0.1242247 0.0849881 0.0667232 0.1666778 0.1161328 0.1299437 0.1366228 0.1549688 0.1101502 0.0959596 0.1548707 0.1095257 0.1142950 0.1029641 0.1135832 0.0690470 0.0722461 0.0882348 0.0707007 0.1235701 0.0480490 0.0643641 0.0846985 0.0951626 0.1191686 0.0633326 0.1307521 
S0278         0.4771461 0.2889080 0.3555889 0.0827768 0.3350963 0.1461842 0.3088126 0.1011500 0.0711353 0.0000000 0.1208027 0.0920532 0.0527084 0.0867123 0.0854779 0.1006899 0.0311153 0.1249720 0.1339164 0.0526997 0.1150629 0.0236435 0.1022261 0.1217631 0.1042126 0.0892817 0.0839430 0.3826493 0.0983808 0.0395198 0.0954045 0.1095097 0.0363928 0.0562042 0.0707309 0.1073102 0.1352059 0.0195726 0.1042061 0.0923947 0.0146645 0.0504497 0.0609479 0.1080458 0.2800876 0.1038134 0.1221999 0.1684516 0.1130616 0.1100949 0.0889974 0.0918867 0.0804825 0.0960289 0.0927035 0.0887828 0.0887427 0.0836240 0.1080181 0.0832016 0.1135629 0.0547804 0.0850501 0.1437612 0.0836111 0.0768147 0.0800828 0.0797658 0.0903752 0.1034492 0.1714049 0.0923515 0.1138645 0.1429739 0.0607284 0.0814607 0.1224947 0.0923939 0.1541370 0.1006659 0.0762616 0.0884208 0.1033136 0.0879617 0.0922786 0.1606574 0.0954915 0.0976434 0.0259648 0.0521474 0.0608269 0.1218892 0.0348568 0.0148157 0.1713110 0.1233688 0.1165594 0.0957178 0.0904042 0.0846870 0.0804763 0.1022617 0.0960635 0.0938956 0.0826823 0.0911255 0.1756674 0.0773142 0.0802079 0.0369347 0.0956105 0.0860174 0.0427109 0.1001927 0.0685678 0.0888353 0.0969168 0.0735013 
S0281         0.6010864 0.3050830 0.3612661 0.0891161 0.2257498 0.1703397 0.2924403 0.0955778 0.0619397 0.1208027 0.0000000 0.1180606 0.1240277 0.0957304 0.1262513 0.1140228 0.1489725 0.0975068 0.1143879 0.1393073 0.1037539 0.1287800 0.1279050 0.1021831 0.1139097 0.1160597 0.1172937 0.5075662 0.0844801 0.1240889 0.0622607 0.1230661 0.1251573 0.1174857 0.0922991 0.1070318 0.1120998 0.1034585 0.1350685 0.1180263 0.1016428 0.1237857 0.1173122 0.1238114 0.2971798 0.0625904 0.1166040 0.1622678 0.1137311 0.0943554 0.1147946 0.1186105 0.0956921 0.0599817 0.1163619 0.0597040 0.0571570 0.1277038 0.0599763 0.1505207 0.0891383 0.1133751 0.1106016 0.1115101 0.0987726 0.1028526 0.0952352 0.1008676 0.1049926 0.0785547 0.1717948 0.1286406 0.1004552 0.1219593 0.0831322 0.0921377 0.1125697 0.0570509 0.1419048 0.1508191 0.1143469 0.1000211 0.1061920 0.1103339 0.1023164 0.1479807 0.1223698 0.1245030 0.1173045 0.1139093 0.1208972 0.1047286 0.1097774 0.1126143 0.1255077 0.1057169 0.0970546 0.1221248 0.0892290 0.1049190 0.1021446 0.1293713 0.1150338 0.0883849 0.0952270 0.1111799 0.2599414 0.0965038 0.0924052 0.1213951 0.1249389 0.0540621 0.1252157 0.0759989 0.1155807 0.1124928 0.0707129 0.1061912 
S0282         0.5477123 0.3201855 0.4584492 0.0765582 0.1826250 0.0701935 0.3673748 0.0916058 0.1359500 0.0920532 0.1180606 0.0000000 0.1029358 0.0828010 0.0290964 0.0852007 0.1068875 0.1246236 0.1360795 0.1017073 0.1254446 0.1052909 0.1070979 0.0927571 0.0717317 0.0107835 0.0131810 0.4763094 0.0795315 0.1031609 0.0807747 0.0734166 0.0926630 0.1014820 0.0791821 0.0850685 0.1289879 0.0919044 0.0467666 0.0222333 0.0799026 0.0965273 0.1060454 0.0794497 0.1232703 0.1092637 0.1225839 0.1758297 0.0783967 0.1176127 0.1076389 0.0174181 0.0825425 0.0896175 0.0130349 0.0892202 0.0829048 0.0923374 0.1194531 0.1034413 0.1230541 0.0896215 0.0795856 0.1189076 0.0823072 0.0805057 0.0821596 0.0818539 0.0822136 0.1397733 0.1751164 0.0908475 0.1187368 0.1465269 0.0734735 0.0809552 0.1333136 0.0862690 0.1589360 0.1284328 0.0853477 0.0823446 0.1179121 0.0658074 0.0864624 0.1651666 0.0197220 0.0813038 0.0974223 0.0930058 0.1055297 0.1308733 0.0889362 0.0900970 0.1606502 0.1254389 0.1300090 0.0174969 0.1096333 0.0910630 0.0742557 0.0244071 0.0198290 0.0854319 0.0710249 0.0623542 0.2170549 0.0629330 0.0740228 0.1069550 0.0794065 0.0859265 0.1044112 0.1363753 0.1038879 0.0129337 0.1402948 0.0617236 
S0289         0.5345123 0.3297594 0.3692506 0.0916986 0.2329351 0.1555788 0.3138738 0.1167292 0.0932233 0.0527084 0.1240277 0.1029358 0.0000000 0.0965622 0.1160702 0.1140842 0.0660076 0.1507434 0.1626585 0.0575755 0.1439534 0.0624172 0.1207356 0.1401498 0.1131522 0.1002439 0.0981756 0.4144781 0.1001704 0.0548000 0.0947835 0.1191820 0.0669817 0.0679434 0.0857137 0.1158836 0.1520864 0.0550213 0.1312809 0.1166173 0.0393583 0.0546107 0.0738297 0.1170214 0.2818670 0.1108384 0.1437421 0.1648375 0.1224433 0.1387047 0.1011686 0.1027581 0.0896674 0.1011569 0.1036338 0.0969941 0.0941807 0.0988976 0.1148690 0.0793067 0.1226126 0.0647816 0.0911323 0.1600411 0.0896897 0.0832224 0.0892430 0.0889030 0.1185309 0.1239069 0.1605405 0.1020140 0.1323078 0.1545214 0.0739995 0.0853694 0.1195676 0.0976800 0.1515398 0.1219017 0.1009798 0.1026193 0.1184569 0.1008968 0.1070528 0.1576058 0.1063271 0.1111560 0.0486274 0.0650507 0.0678790 0.1398476 0.0612601 0.0459752 0.1751049 0.1456063 0.1352455 0.1032094 0.1031406 0.0857351 0.0914263 0.1130027 0.1101699 0.1134866 0.0911241 0.1108770 0.1825621 0.0895007 0.0911441 0.0625378 0.1122615 0.0859632 0.0422900 0.1268573 0.0866885 0.1027503 0.1215022 0.0960572 
S0292         0.5764748 0.3687571 0.4375056 0.0595180 0.1658161 0.1270522 0.3400326 0.0836603 0.1024616 0.0867123 0.0957304 0.0828010 0.0965622 0.0000000 0.0978839 0.1007483 0.1037491 0.1129246 0.1238469 0.1091368 0.1128019 0.0931173 0.0857089 0.0663071 0.0924646 0.0745105 0.0752828 0.4960361 0.0656837 0.0975104 0.0723265 0.0983248 0.0942637 0.0871148 0.0675443 0.0706859 0.1339593 0.0809257 0.0934290 0.0894330 0.0782886 0.0902863 0.0890918 0.0886937 0.2158911 0.0900318 0.1219106 0.1620774 0.0826090 0.1024111 0.0836574 0.0769214 0.0680768 0.0728047 0.0775589 0.0665281 0.0664945 0.0849564 0.0937610 0.1092178 0.1090764 0.0799490 0.0706001 0.1295769 0.0708739 0.0626659 0.0677677 0.0701358 0.0909729 0.0985530 0.1612909 0.0814489 0.1017977 0.1111180 0.0536035 0.0718630 0.1170488 0.0696529 0.1487996 0.1226560 0.0650624 0.0540473 0.1041298 0.0779795 0.0392273 0.1548620 0.0856772 0.1062072 0.0829260 0.0802960 0.0893606 0.1168808 0.0767931 0.0815889 0.1512034 0.1127850 0.1204913 0.0799426 0.0872898 0.0701091 0.0151370 0.0918317 0.0861586 0.0780393 0.0289451 0.0747817 0.2193387 0.0293457 0.0106060 0.0930394 0.1009630 0.0693597 0.0986072 0.0955428 0.0973233 0.0769151 0.1051051 0.0796931 
S0293         0.5365795 0.3161756 0.4309753 0.0912727 0.2374509 0.0863538 0.3570052 0.0954269 0.1188066 0.0854779 0.1262513 0.0290964 0.1160702 0.0978839 0.0000000 0.0983202 0.1117817 0.1370887 0.1351353 0.1211495 0.1379884 0.1051832 0.1237451 0.1117321 0.0837338 0.0221361 0.0248032 0.5087693 0.0887353 0.1059506 0.0869408 0.0847023 0.1076615 0.1144477 0.0913917 0.0916322 0.1412895 0.0947740 0.0573873 0.0292386 0.0738050 0.1154691 0.1216671 0.0945911 0.1559270 0.1100117 0.1350290 0.1889648 0.0904694 0.1297370 0.1178434 0.0244240 0.0949642 0.0902151 0.0245290 0.0955543 0.0890764 0.1145227 0.1202806 0.1295304 0.1416673 0.1050007 0.0944728 0.1245065 0.0946918 0.0986939 0.0945132 0.0941498 0.0912258 0.1330225 0.1949710 0.1066874 0.1370651 0.1635311 0.0825842 0.0930044 0.1488654 0.0925362 0.1715458 0.1504680 0.1036759 0.0913437 0.1360692 0.0745691 0.0959678 0.1779437 0.0268157 0.0938292 0.1042135 0.1081522 0.1179259 0.1400015 0.0946720 0.0930720 0.1674227 0.1409320 0.1361637 0.0291777 0.1274662 0.1127458 0.0861797 0.0316771 0.0316556 0.0891393 0.0854646 0.0737319 0.2319271 0.0770229 0.0886453 0.1203096 0.0889890 0.0921742 0.1185025 0.1296758 0.1233522 0.0197851 0.1437665 0.0784306 
S0294         0.5097008 0.2413334 0.3584092 0.0967114 0.1856133 0.1268229 0.2642521 0.0974647 0.0720284 0.1006899 0.1140228 0.0852007 0.1140842 0.1007483 0.0983202 0.0000000 0.1167761 0.1189096 0.1429084 0.1230785 0.1197399 0.1141368 0.1179747 0.1024928 0.1032795 0.0795055 0.0769437 0.4445382 0.1048435 0.1120756 0.0820175 0.0982042 0.0958263 0.1072306 0.0897554 0.1111164 0.1250835 0.1010467 0.1091786 0.0889869 0.1045374 0.1114020 0.1272889 0.1079002 0.2095132 0.1054191 0.1154798 0.1930251 0.1026762 0.1116654 0.1033744 0.0882186 0.0964970 0.0847826 0.0827848 0.0879536 0.0813786 0.1061127 0.1054345 0.1360471 0.1255280 0.1083952 0.1026797 0.1098998 0.0997023 0.0876990 0.0960189 0.0956328 0.0459948 0.1176937 0.1904044 0.1056925 0.1255807 0.1315584 0.0836533 0.0953439 0.1615831 0.0848774 0.1794682 0.1669616 0.0931667 0.0991737 0.1180025 0.0921192 0.1004131 0.1861901 0.0914579 0.0925463 0.1056562 0.1093197 0.1198867 0.1250692 0.1007430 0.0944042 0.1475896 0.1226174 0.1213867 0.0824519 0.1084175 0.1092846 0.0975627 0.0980774 0.0856655 0.0974481 0.0933906 0.0922737 0.2210022 0.0817863 0.0909662 0.1111001 0.0676559 0.0787223 0.1058170 0.1144780 0.1201566 0.0820580 0.1283202 0.0812045 
S0299         0.5234954 0.3317306 0.4081099 0.1008146 0.2361097 0.1620770 0.3287379 0.1155266 0.0780500 0.0311153 0.1489725 0.1068875 0.0660076 0.1037491 0.1117817 0.1167761 0.0000000 0.1623880 0.1713133 0.0717454 0.1520019 0.0498923 0.1345821 0.1228085 0.1256329 0.1041636 0.1020921 0.4773171 0.1196520 0.0557440 0.1098494 0.1168155 0.0540058 0.0700031 0.0971017 0.1290040 0.1677365 0.0416119 0.1260026 0.1166936 0.0419974 0.0670275 0.0720628 0.1356915 0.2726373 0.1311057 0.1517815 0.1957341 0.1316946 0.1464999 0.1067545 0.1067009 0.1073775 0.1105119 0.1076180 0.1032064 0.1031663 0.1142120 0.1355353 0.0963567 0.1531720 0.0601588 0.1024067 0.1656868 0.1106052 0.0945049 0.1068498 0.1064208 0.0950675 0.1200010 0.2025776 0.1004636 0.1569785 0.1734105 0.0819712 0.1058276 0.1450991 0.1068534 0.1814379 0.1302097 0.1102286 0.0996332 0.1353791 0.1087676 0.1178460 0.1878946 0.1164509 0.1224955 0.0551592 0.0574450 0.0624347 0.1542680 0.0542409 0.0324973 0.2006467 0.1569458 0.1567314 0.1105886 0.1254771 0.1157005 0.0944866 0.1233586 0.1142622 0.1147431 0.0973180 0.1119767 0.2023073 0.0946292 0.0941892 0.0702072 0.1215577 0.1004977 0.0600572 0.1167644 0.0851527 0.1066928 0.1211354 0.0943106 
S0303         0.5663623 0.3372149 0.5063679 0.1018554 0.2484173 0.1557669 0.3882843 0.1177781 0.1103448 0.1249720 0.0975068 0.1246236 0.1507434 0.1129246 0.1370887 0.1189096 0.1623880 0.0000000 0.0954070 0.1435036 0.0107464 0.1417115 0.1228249 0.1109220 0.1163783 0.1289692 0.1306643 0.4706369 0.1114247 0.1426399 0.0837347 0.1381902 0.1301460 0.1174355 0.1074970 0.1268686 0.0859623 0.1120882 0.1554216 0.1386275 0.1233015 0.1332853 0.1361316 0.1212647 0.2965830 0.1081720 0.0273173 0.2039878 0.1431326 0.0086313 0.1026198 0.1255648 0.1074178 0.0842697 0.1296227 0.0895349 0.0867411 0.1316142 0.1051662 0.1391916 0.0882603 0.1222134 0.1177158 0.0641414 0.1105896 0.1189047 0.1068991 0.1134049 0.1214032 0.1155574 0.1960281 0.1179444 0.0755891 0.0725603 0.1057131 0.1199548 0.1521231 0.0865749 0.1894516 0.1579002 0.1201386 0.1009754 0.0820488 0.1220355 0.1072514 0.1959996 0.1422221 0.1348451 0.1228240 0.1228047 0.1366261 0.0316261 0.1213785 0.1204531 0.0932393 0.0129535 0.0220121 0.1324272 0.0739441 0.1243253 0.1065121 0.1426337 0.1247804 0.1045064 0.1085433 0.1155239 0.2691528 0.0932884 0.1090896 0.1324164 0.1301145 0.0805000 0.1146637 0.1094169 0.1373487 0.1255559 0.1114642 0.1149003 
S0308         0.6719133 0.4202408 0.5212706 0.1334360 0.1996053 0.2001265 0.3476743 0.1373050 0.1490032 0.1339164 0.1143879 0.1360795 0.1626585 0.1238469 0.1351353 0.1429084 0.1713133 0.0954070 0.0000000 0.1647729 0.0895962 0.1579793 0.1520749 0.1194896 0.1588244 0.1341026 0.1321010 0.5378294 0.1392029 0.1460664 0.1181913 0.1383147 0.1532818 0.1506511 0.1297616 0.1503447 0.0977983 0.1294505 0.1641294 0.1521712 0.1369117 0.1380989 0.1428179 0.1559192 0.2776790 0.1322250 0.0890083 0.1959930 0.1466946 0.0827637 0.1395388 0.1302969 0.1372159 0.1156536 0.1344555 0.1142727 0.1182625 0.1361615 0.1290188 0.1605315 0.0737300 0.1456186 0.1358966 0.0900136 0.1338565 0.1313200 0.1298287 0.1359595 0.1168145 0.1279753 0.1916570 0.1293979 0.1035041 0.1111276 0.1150744 0.1264106 0.1357266 0.1147162 0.1733816 0.1573157 0.1366219 0.1255654 0.0964755 0.1337263 0.1321125 0.1797502 0.1472639 0.1446379 0.1417665 0.1463454 0.1470719 0.1028796 0.1292401 0.1304996 0.1130612 0.1010839 0.0883849 0.1372941 0.0830288 0.1435553 0.1183978 0.1476933 0.1444700 0.1233901 0.1139854 0.1482699 0.2919443 0.1157549 0.1210084 0.1644863 0.1409850 0.1115407 0.1568433 0.1216674 0.1578509 0.1302878 0.1213968 0.1258307 
S0320         0.5546124 0.3468311 0.4411462 0.1104750 0.2494975 0.1688441 0.3420438 0.1107191 0.0954228 0.0526997 0.1393073 0.1017073 0.0575755 0.1091368 0.1211495 0.1230785 0.0717454 0.1435036 0.1647729 0.0000000 0.1479745 0.0605001 0.1308813 0.1457826 0.1293871 0.1021204 0.1031929 0.4397824 0.1168030 0.0463628 0.1101450 0.1315807 0.0499016 0.0682056 0.0917172 0.1226855 0.1650985 0.0493862 0.1261032 0.1217049 0.0395094 0.0521532 0.0865199 0.1120805 0.2537274 0.1192687 0.1595698 0.1603048 0.1208887 0.1361728 0.1045869 0.1077382 0.1016342 0.1168166 0.1086512 0.1132484 0.1094420 0.1123798 0.1234726 0.0804972 0.1375660 0.0709277 0.0947015 0.1765761 0.1016566 0.1021891 0.1011459 0.1007507 0.1086096 0.1353136 0.1708538 0.1157917 0.1402948 0.1578471 0.0853744 0.1066422 0.1276949 0.1131455 0.1600310 0.1089170 0.1109498 0.1064716 0.1381664 0.1133464 0.1148818 0.1662095 0.1113380 0.1159504 0.0510239 0.0712281 0.0800241 0.1452665 0.0583404 0.0345843 0.1915409 0.1462235 0.1492116 0.1082057 0.1233038 0.1235791 0.1087701 0.1180603 0.1152210 0.1113423 0.1078930 0.1165617 0.1855630 0.0960401 0.1084337 0.0658783 0.1243217 0.1067948 0.0454090 0.1256668 0.0809997 0.1077302 0.1332519 0.1070249 
S0322         0.5791688 0.3393471 0.5101909 0.1025474 0.2519953 0.1680165 0.3958723 0.1185736 0.1197576 0.1150629 0.1037539 0.1254446 0.1439534 0.1128019 0.1379884 0.1197399 0.1520019 0.0107464 0.0895962 0.1479745 0.0000000 0.1319169 0.1164963 0.1061997 0.1232149 0.1301377 0.1315317 0.4877904 0.1175217 0.1370016 0.0898809 0.1357610 0.1223753 0.1214447 0.1082199 0.1339494 0.0833817 0.1061290 0.1564263 0.1395270 0.1204341 0.1237260 0.1293424 0.1253381 0.3176862 0.1087737 0.0178390 0.1910303 0.1506591 0.0086295 0.1027870 0.1263939 0.1078810 0.0904464 0.1304788 0.0893430 0.0929467 0.1315358 0.1057537 0.1324675 0.0882427 0.1156748 0.1144586 0.0677180 0.1110650 0.1156123 0.1073584 0.1141584 0.1276435 0.1093672 0.1831878 0.1116426 0.0754856 0.0757377 0.1030253 0.1207629 0.1442051 0.0927680 0.1768892 0.1432316 0.1165941 0.1016580 0.0765195 0.1261315 0.1071378 0.1832853 0.1431412 0.1357378 0.1135377 0.1162289 0.1298293 0.0316133 0.1155883 0.1141832 0.0932761 0.0151146 0.0174939 0.1332948 0.0713506 0.1210026 0.1004563 0.1435569 0.1253123 0.1084269 0.1024962 0.1195360 0.2596042 0.0901423 0.1030122 0.1258136 0.1309884 0.0864512 0.1223062 0.1033205 0.1306616 0.1263850 0.1053694 0.1156665 
S0327         0.4976822 0.3317306 0.4260543 0.0923765 0.2382848 0.1380725 0.3275578 0.1129664 0.0714066 0.0236435 0.1287800 0.1052909 0.0624172 0.0931173 0.1051832 0.1141368 0.0498923 0.1417115 0.1579793 0.0605001 0.1319169 0.0000000 0.1217590 0.1313189 0.1271714 0.1026031 0.1005513 0.3993992 0.1134673 0.0471294 0.0978228 0.1219819 0.0277344 0.0633619 0.0860914 0.1226865 0.1535230 0.0312677 0.1174699 0.1120114 0.0162046 0.0496891 0.0747945 0.1255929 0.2899934 0.1064608 0.1381677 0.1737006 0.1246583 0.1268680 0.0833043 0.1051099 0.0958186 0.0984206 0.0992897 0.0915400 0.0915020 0.1023432 0.1104649 0.0769704 0.1425985 0.0596923 0.0882048 0.1771524 0.0988992 0.0870167 0.0953612 0.0949927 0.1047867 0.1130241 0.1799884 0.1027434 0.1431998 0.1632977 0.0710890 0.0938537 0.1283990 0.0949717 0.1601158 0.1227621 0.0985806 0.0886753 0.1352099 0.1008498 0.1059125 0.1662942 0.1147113 0.1240569 0.0362533 0.0599381 0.0684297 0.1438899 0.0349343 0.0218924 0.1919035 0.1431952 0.1396688 0.1055688 0.1221346 0.0977629 0.0871127 0.1215098 0.1125458 0.1133972 0.0864089 0.1039547 0.1817926 0.0807118 0.0868399 0.0443757 0.1167001 0.0889265 0.0479253 0.1038572 0.0786021 0.0992204 0.1199467 0.0929073 
S0335         0.5802712 0.3655482 0.4557380 0.0568563 0.0984386 0.1737962 0.3489803 0.1148574 0.1208946 0.1022261 0.1279050 0.1070979 0.1207356 0.0857089 0.1237451 0.1179747 0.1345821 0.1228249 0.1520749 0.1308813 0.1164963 0.1217590 0.0000000 0.0582286 0.1189642 0.1044205 0.1023865 0.4939722 0.1112573 0.1158036 0.0887889 0.1291662 0.1221997 0.1164496 0.0820410 0.1204297 0.1266985 0.1036926 0.1154419 0.1207968 0.1138854 0.1208214 0.1224318 0.1182675 0.2183033 0.1087958 0.1194531 0.1721203 0.1254119 0.1088658 0.1105385 0.1069148 0.0854491 0.0980151 0.1078172 0.0882618 0.0911147 0.0908559 0.1189445 0.1393698 0.1376156 0.1116458 0.0705255 0.1161395 0.0853151 0.0620035 0.0850502 0.0847320 0.1117341 0.1281175 0.1817644 0.1113628 0.1241147 0.1445268 0.0555895 0.0714973 0.1338159 0.0945751 0.1586245 0.1412157 0.0786299 0.0879467 0.1187684 0.1216814 0.0762699 0.1647659 0.1165017 0.1319070 0.0947816 0.1153271 0.1253588 0.1174322 0.1009976 0.1013636 0.1589878 0.1164831 0.1146072 0.1033692 0.1113225 0.0532773 0.0770843 0.1232937 0.1111176 0.1152940 0.0762302 0.1120791 0.2502458 0.0745246 0.0768431 0.1208702 0.1365194 0.1008886 0.1331521 0.1248397 0.1298453 0.1069069 0.1322032 0.1172519 
S0345         0.6491411 0.4616982 0.9410022 0.0573487 0.1459021 0.1637820 0.3829801 0.1075730 0.2268842 0.1217631 0.1021831 0.0927571 0.1401498 0.0663071 0.1117321 0.1024928 0.1228085 0.1109220 0.1194896 0.1457826 0.1061997 0.1313189 0.0582286 0.0000000 0.1069212 0.0885416 0.0949969 0.5963859 0.0744637 0.1225858 0.0838152 0.1032089 0.1144219 0.1254210 0.0657081 0.1019571 0.1100309 0.1057650 0.0987364 0.1077478 0.1222377 0.1165155 0.0958516 0.1172576 0.1885726 0.1031823 0.1163561 0.1557321 0.1201733 0.1011046 0.0866127 0.0975863 0.0695315 0.0879869 0.0942050 0.0789979 0.0837074 0.0924253 0.1183535 0.1160082 0.1167881 0.0911942 0.0685832 0.0837613 0.0740024 0.0659424 0.0692861 0.0736901 0.0800001 0.1067285 0.1557975 0.1064269 0.0922982 0.1189215 0.0472382 0.0589920 0.1031119 0.0881269 0.1208271 0.1137676 0.0734784 0.0688108 0.1149320 0.1128253 0.0705705 0.1302262 0.1070737 0.1229205 0.1138519 0.0918758 0.1027418 0.1063731 0.0870321 0.1083554 0.1336763 0.1018137 0.1148926 0.1025234 0.0972214 0.0527880 0.0621629 0.1077122 0.1070960 0.1129467 0.0612309 0.1032000 0.3514570 0.0535653 0.0618659 0.1056379 0.1302559 0.0831708 0.1306094 0.0977924 0.0990641 0.0975750 0.1122884 0.1025331 
S0376         0.5693994 0.3145331 0.3971454 0.0809881 0.2027146 0.1067892 0.3313532 0.0840435 0.0720832 0.1042126 0.1139097 0.0717317 0.1131522 0.0924646 0.0837338 0.1032795 0.1256329 0.1163783 0.1588244 0.1293871 0.1232149 0.1271714 0.1189642 0.1069212 0.0000000 0.0692046 0.0702447 0.4978343 0.0683816 0.1014200 0.0853495 0.0498288 0.1061894 0.1060915 0.0836813 0.0694076 0.1478283 0.0871481 0.0838151 0.0810786 0.0879572 0.1152028 0.1246256 0.0786329 0.2065031 0.0893081 0.1308944 0.1514123 0.0855672 0.1272518 0.0867779 0.0716100 0.0749932 0.0944273 0.0722039 0.0940066 0.0875056 0.1029791 0.0990053 0.1251311 0.1348604 0.1084025 0.0834534 0.1194959 0.0837097 0.0908128 0.0803841 0.0805696 0.0765778 0.1346146 0.1606332 0.0971168 0.1128256 0.1415830 0.0745190 0.0853445 0.1266078 0.0909752 0.1480685 0.1592544 0.0962126 0.0829876 0.1194578 0.0757701 0.0945221 0.1549398 0.0747648 0.0943929 0.1024846 0.1121073 0.1222362 0.1298540 0.0948534 0.0889071 0.1390202 0.1173084 0.1336647 0.0776064 0.1178829 0.0960115 0.0835999 0.0807319 0.0721417 0.0720501 0.0802048 0.0666843 0.2359308 0.0688410 0.0833378 0.1028144 0.0944936 0.0904476 0.0952727 0.1312340 0.1236787 0.0716041 0.1286782 0.0775085 
S0400         0.5344131 0.3161706 0.4128209 0.0653175 0.1826250 0.0582980 0.3753843 0.0831184 0.1184489 0.0892817 0.1160597 0.0107835 0.1002439 0.0745105 0.0221361 0.0795055 0.1041636 0.1289692 0.1341026 0.1021204 0.1301377 0.1026031 0.1044205 0.0885416 0.0692046 0.0000000 0.0065169 0.4799626 0.0681644 0.1004585 0.0724653 0.0709096 0.0890462 0.0988191 0.0738821 0.0797996 0.1234295 0.0891372 0.0342038 0.0153941 0.0741368 0.0938646 0.1062858 0.0742576 0.1170259 0.0966335 0.1272328 0.1694414 0.0731514 0.1221283 0.0986643 0.0063670 0.0771741 0.0811210 0.0064439 0.0807545 0.0746051 0.0956368 0.1064332 0.1070326 0.1107066 0.0869362 0.0713865 0.1161614 0.0769534 0.0751327 0.0768158 0.0765343 0.0779185 0.1260326 0.1674860 0.0853981 0.1134749 0.1410037 0.0652088 0.0782737 0.1270937 0.0778685 0.1555785 0.1355764 0.0799586 0.0741031 0.1159144 0.0633209 0.0780472 0.1588738 0.0108143 0.0758797 0.0947946 0.0902963 0.1027702 0.1356478 0.0862638 0.0872234 0.1547246 0.1301366 0.1347453 0.0108144 0.1041207 0.0884693 0.0661516 0.0175572 0.0130746 0.0710834 0.0630305 0.0572289 0.2098061 0.0550955 0.0659417 0.1042344 0.0739611 0.0775504 0.0982210 0.1267913 0.1011781 0.0021012 0.1332377 0.0567003 
S0405         0.5435592 0.3372053 0.4395137 0.0691452 0.1872109 0.0686328 0.3646806 0.0839815 0.1295489 0.0839430 0.1172937 0.0131810 0.0981756 0.0752828 0.0248032 0.0769437 0.1020921 0.1306643 0.1321010 0.1031929 0.1315317 0.1005513 0.1023865 0.0949969 0.0702447 0.0065169 0.0000000 0.4651016 0.0751667 0.0983841 0.0732220 0.0719625 0.0947304 0.0998556 0.0718068 0.0838158 0.1216399 0.0896818 0.0424167 0.0179218 0.0747769 0.0948558 0.1071769 0.0808604 0.1318126 0.0983222 0.1285975 0.1747341 0.0769832 0.1234255 0.1031308 0.0131580 0.0750923 0.0819692 0.0087531 0.0815966 0.0753793 0.0905489 0.1082993 0.1049223 0.1190127 0.0878712 0.0721242 0.1223195 0.0748758 0.0730356 0.0747424 0.0744672 0.0789128 0.1315140 0.1740045 0.0863011 0.1146864 0.1425460 0.0660935 0.0761676 0.1318216 0.0786799 0.1576960 0.1454586 0.0750124 0.0719849 0.1138843 0.0669771 0.0788615 0.1639820 0.0154524 0.0766776 0.0927484 0.0912716 0.1038820 0.1370964 0.0869814 0.0844178 0.1532113 0.1315316 0.1361773 0.0132189 0.1055379 0.0893860 0.0668363 0.0201191 0.0155381 0.0778854 0.0636790 0.0607189 0.2025106 0.0556631 0.0666226 0.1021657 0.0747451 0.0783565 0.0959581 0.1281491 0.1022546 0.0086845 0.1389180 0.0572758 
S0407sl       0.6487933 0.6693620 0.7017708 0.4693404 1.0022071 0.4305957 0.6625472 0.4846948 0.6975500 0.3826493 0.5075662 0.4763094 0.4144781 0.4960361 0.5087693 0.4445382 0.4773171 0.4706369 0.5378294 0.4397824 0.4877904 0.3993992 0.4939722 0.5963859 0.4978343 0.4799626 0.4651016 0.0000000 0.4763470 0.4529128 0.4298153 0.4969109 0.4693221 0.4043099 0.4396601 0.4850596 0.5236518 0.4059087 0.5140073 0.4838135 0.3659385 0.4332464 0.4678174 0.4357558 1.1529584 0.4411100 0.4989853 0.5451237 0.5066157 0.4748609 0.4418933 0.4696908 0.4677469 0.4368531 0.4777150 0.4316818 0.4265533 0.4647744 0.4508986 0.4411488 0.4509829 0.4398165 0.4666461 0.5846963 0.4741789 0.4747375 0.4646008 0.4699247 0.7523192 0.4757034 0.4997601 0.4692480 0.4483768 0.5054526 0.4368237 0.4555506 0.4701575 0.4349832 0.5158490 0.4643373 0.4437281 0.4735174 0.4488778 0.4808468 0.4688754 0.5255606 0.4664112 0.4938105 0.4055161 0.4349422 0.4316866 0.5092264 0.4317798 0.3885702 0.5444497 0.4863670 0.4677993 0.4788184 0.4138713 0.4525479 0.4951055 0.4870410 0.4853557 0.4436258 0.4829158 0.4968951 0.6918596 0.4474874 0.4878172 0.4184181 0.4754754 0.4271369 0.3579536 0.4797993 0.4781254 0.4712396 0.4791578 0.4634144 
S0412sl       0.5592171 0.3549122 0.4348639 0.0626988 0.2033937 0.1105900 0.3318483 0.0725573 0.0857636 0.0983808 0.0844801 0.0795315 0.1001704 0.0656837 0.0887353 0.1048435 0.1196520 0.1114247 0.1392029 0.1168030 0.1175217 0.1134673 0.1112573 0.0744637 0.0683816 0.0681644 0.0751667 0.4763470 0.0000000 0.1050375 0.0665709 0.0833796 0.0853422 0.0882325 0.0659708 0.0470152 0.1417437 0.0981600 0.0779356 0.0860634 0.0894592 0.0968592 0.1005693 0.0637231 0.2041618 0.0723097 0.1219268 0.1682099 0.0576730 0.1158632 0.0866152 0.0705395 0.0630675 0.0642382 0.0743380 0.0639382 0.0613164 0.0897637 0.0757473 0.1175235 0.1097915 0.0940577 0.0804368 0.1021368 0.0658322 0.0726405 0.0627820 0.0685833 0.0634984 0.1020957 0.1708275 0.0976590 0.1086692 0.1315345 0.0544773 0.0645926 0.1228359 0.0612001 0.1476908 0.1344039 0.0687004 0.0765950 0.1095916 0.0560431 0.0745110 0.1537970 0.0743359 0.0829389 0.0962160 0.0944850 0.1010975 0.1215833 0.0866668 0.0927529 0.1368098 0.1182491 0.1252736 0.0767083 0.0978667 0.0885545 0.0657039 0.0828604 0.0742713 0.0726519 0.0626020 0.0556443 0.2299029 0.0569445 0.0654963 0.0993909 0.0827699 0.0554312 0.0945407 0.1059321 0.1118137 0.0705337 0.1027818 0.0661883 
S0417         0.5328454 0.3288299 0.4037233 0.0898256 0.2298912 0.1564016 0.3145719 0.1096118 0.0793304 0.0395198 0.1240889 0.1031609 0.0548000 0.0975104 0.1059506 0.1120756 0.0557440 0.1426399 0.1460664 0.0463628 0.1370016 0.0471294 0.1158036 0.1225858 0.1014200 0.1004585 0.0983841 0.4529128 0.1050375 0.0000000 0.0986379 0.1063988 0.0441113 0.0574402 0.0781799 0.1078906 0.1451991 0.0258792 0.1214245 0.1096417 0.0287976 0.0523224 0.0723409 0.1139236 0.2467481 0.1134648 0.1433899 0.1493869 0.1059698 0.1317997 0.0931807 0.1029820 0.0877125 0.1051381 0.1038630 0.0987909 0.0980041 0.0947740 0.1176041 0.0836802 0.1288261 0.0601354 0.0834684 0.1613657 0.0907505 0.0818206 0.0872943 0.0869600 0.0949095 0.1242316 0.1517510 0.1074040 0.1288566 0.1522529 0.0573582 0.0798918 0.1093034 0.1015835 0.1412035 0.1040154 0.0941626 0.0834975 0.1166517 0.0987926 0.1026220 0.1472593 0.1065676 0.1084239 0.0341334 0.0603852 0.0689523 0.1361139 0.0399222 0.0192836 0.1665435 0.1386979 0.1383179 0.1034367 0.1115717 0.1022513 0.0913524 0.1132731 0.1104269 0.1064307 0.0848948 0.1019075 0.1808545 0.0819142 0.0910638 0.0530468 0.1164587 0.0953859 0.0426227 0.1209374 0.0736395 0.1029741 0.1221392 0.0966437 
S0419         0.5341719 0.2726612 0.3622251 0.0602597 0.1646026 0.1163915 0.3019219 0.0700474 0.0755976 0.0954045 0.0622607 0.0807747 0.0947835 0.0723265 0.0869408 0.0820175 0.1098494 0.0837347 0.1181913 0.1101450 0.0898809 0.0978228 0.0887889 0.0838152 0.0853495 0.0724653 0.0732220 0.4298153 0.0665709 0.0986379 0.0000000 0.0816315 0.0994220 0.0852469 0.0765162 0.0789194 0.1069736 0.0789259 0.0973496 0.0806201 0.0829187 0.0875254 0.0995129 0.0813822 0.2464019 0.0440021 0.0929128 0.1705985 0.0922250 0.0805481 0.0740825 0.0748892 0.0769773 0.0107264 0.0755140 0.0063627 0.0085139 0.0980580 0.0519381 0.0999316 0.0983745 0.0799699 0.0705740 0.0955687 0.0798700 0.0694391 0.0766224 0.0791779 0.0870019 0.0819300 0.1662934 0.0871581 0.0956204 0.1079547 0.0594298 0.0755956 0.1320939 0.0084996 0.1568691 0.1140743 0.0804009 0.0678362 0.0948176 0.0753315 0.0869947 0.1630325 0.0836562 0.1075727 0.0846924 0.0832123 0.0895088 0.0875967 0.0834588 0.0861895 0.1263200 0.0860975 0.0947520 0.0717301 0.0837979 0.0800053 0.0720569 0.0898151 0.0691835 0.0731043 0.0741061 0.0870971 0.2172910 0.0605329 0.0718290 0.1107433 0.0898277 0.0151238 0.0926718 0.0791006 0.1029470 0.0694551 0.0849455 0.0923840 
S0427         0.5560687 0.2835358 0.3718270 0.0864095 0.1858830 0.1238327 0.3194596 0.0952339 0.0947318 0.1095097 0.1230661 0.0734166 0.1191820 0.0983248 0.0847023 0.0982042 0.1168155 0.1381902 0.1383147 0.1315807 0.1357610 0.1219819 0.1291662 0.1032089 0.0498288 0.0709096 0.0719625 0.4969109 0.0833796 0.1063988 0.0816315 0.0000000 0.1015540 0.1047324 0.0921966 0.0863803 0.1477111 0.0859017 0.0944390 0.0827220 0.0956399 0.1158459 0.1094535 0.0862757 0.2060385 0.1043507 0.1311833 0.1770456 0.0966669 0.1275359 0.1077445 0.0706860 0.1016373 0.0877721 0.0738948 0.0872472 0.0837750 0.1182849 0.1144688 0.1335701 0.1315889 0.0962468 0.0883062 0.1133868 0.0985870 0.0878059 0.0950552 0.1007533 0.0601672 0.1232738 0.1761165 0.1032668 0.1278114 0.1477622 0.0775716 0.0908231 0.1277395 0.0871727 0.1600122 0.1426332 0.1053816 0.0915486 0.1227424 0.0777090 0.1044662 0.1662753 0.0818908 0.1130769 0.1106298 0.0962883 0.1057840 0.1301404 0.1015081 0.0907538 0.1483113 0.1326243 0.1339561 0.0792610 0.1211836 0.0959414 0.0830396 0.0879290 0.0768617 0.0889643 0.0858551 0.0821313 0.2467554 0.0773804 0.0890493 0.1364269 0.0954901 0.0809570 0.1151807 0.1200110 0.1237679 0.0732874 0.1271843 0.0907651 
S0428sl       0.4969151 0.3473744 0.4609170 0.0970476 0.2020790 0.1323065 0.3243021 0.1229922 0.0633692 0.0363928 0.1251573 0.0926630 0.0669817 0.0942637 0.1076615 0.0958263 0.0540058 0.1301460 0.1532818 0.0499016 0.1223753 0.0277344 0.1221997 0.1144219 0.1061894 0.0890462 0.0947304 0.4693221 0.0853422 0.0441113 0.0994220 0.1015540 0.0000000 0.0712685 0.0888922 0.1173608 0.1675455 0.0362934 0.1101370 0.1091365 0.0240917 0.0479039 0.0786576 0.1186652 0.2507347 0.1218602 0.1416682 0.1828916 0.1252122 0.1307945 0.0733584 0.0964973 0.0887984 0.1039131 0.0975106 0.0952183 0.0957864 0.0904281 0.1271488 0.0636625 0.1491859 0.0702269 0.0995546 0.1526497 0.0928088 0.0904201 0.0885296 0.0962242 0.0897492 0.1177278 0.1797978 0.1065398 0.1305668 0.1501520 0.0694719 0.0946933 0.1218126 0.0995482 0.1666599 0.1001937 0.0847991 0.0964708 0.1425725 0.1031864 0.1144643 0.1753522 0.1042750 0.1206465 0.0462934 0.0634563 0.0740891 0.1464113 0.0418625 0.0212524 0.1723928 0.1246514 0.1431763 0.0970259 0.1321346 0.1037628 0.0907189 0.1124687 0.1012475 0.1361333 0.0858921 0.1073211 0.1982131 0.0639745 0.0903639 0.0401708 0.1224115 0.0846382 0.0300590 0.1137517 0.0824846 0.0964881 0.1225318 0.0930434 
