126
PAFTOL_019361 0.0000000 0.2093081 0.1711551 0.1663957 0.1841109 0.1995859 0.3414196 0.1946509 0.1834651 0.1829519 0.3709490 0.2070630 0.1890924 0.5423697 0.2023106 0.3887537 0.1939515 0.1925746 0.2025597 0.1796023 0.1748803 0.1843405 0.1972066 0.3751116 0.1649672 0.1869012 0.1853147 0.1676073 0.1951489 0.1828502 0.2017770 0.1901611 0.1713334 0.4045164 0.3077852 0.3107875 0.2118443 0.1761661 0.1880161 0.2107913 0.1868790 0.1971758 0.2155564 0.1891498 0.1786475 0.1883526 0.1645233 0.1719859 0.1676287 0.1609676 0.2153933 0.1778297 0.2117366 0.2728653 0.2735939 0.1895087 0.1914718 0.1743190 0.1875747 0.1659223 0.1762915 0.1880909 0.1958055 0.1799090 0.1912299 0.2046219 0.2166527 0.2008498 0.1964000 0.1802310 0.1676287 0.1995642 0.2028308 0.1890272 0.2123812 0.1909749 0.1982612 0.1955539 0.1742133 0.1846061 0.1983532 0.3052159 0.2782699 0.3112471 0.1802481 0.2795810 0.1657842 0.1813196 0.2091793 0.1762967 0.1734423 0.1850344 0.1714957 0.1712739 0.1847379 0.1857038 0.2109768 0.1893779 0.3052838 0.1962821 0.2046739 0.4458617 0.1787676 0.1669636 0.1957156 0.2786815 0.1715756 0.1827297 0.2011973 0.1778325 0.1805318 0.3585824 0.1894237 0.3140583 0.1841857 0.1899081 0.1832048 0.1818135 0.3165940 0.1669446 0.1775321 0.2425736 0.1673049 0.1759020 0.1848905 0.1785235 
S0055         0.2093081 0.0000000 0.0667055 0.0572022 0.0463949 0.1402028 0.2500276 0.0618078 0.0514105 0.0484111 0.3004572 0.1392809 0.1477982 0.3008679 0.1268250 0.3049236 0.0662316 0.0704397 0.1299516 0.0550136 0.0450507 0.0495565 0.0484402 0.2855454 0.0594841 0.0576814 0.1238305 0.0567670 0.0483317 0.1209281 0.1278463 0.0415010 0.0497283 0.3336223 0.2439678 0.2201391 0.0591651 0.0528076 0.0592512 0.1373998 0.1168212 0.0552811 0.1458782 0.0599234 0.0534191 0.0683326 0.0610562 0.0466153 0.0612483 0.0564544 0.0866493 0.0594107 0.1273284 0.1862450 0.2006852 0.0610098 0.0885014 0.0610354 0.0769523 0.0740989 0.0669541 0.0699153 0.0793152 0.1147788 0.0686764 0.1251496 0.1442803 0.0801847 0.0828711 0.1199634 0.0612483 0.1199232 0.0805549 0.0621596 0.1256367 0.0512771 0.0607719 0.1157414 0.0449395 0.0606047 0.0689230 0.2023654 0.1878368 0.2261680 0.1162103 0.1891142 0.0684284 0.1185833 0.1404185 0.0548452 0.1043157 0.0632404 0.0553462 0.0464686 0.0516600 0.0373886 0.0746327 0.0516669 0.2072215 0.0650164 0.0604439 0.2743421 0.0617488 0.0625993 0.0792792 0.1848282 0.0406412 0.0835264 0.0752028 0.0503829 0.0545507 0.2792489 0.0430434 0.2517301 0.0413494 0.0466901 0.0658326 0.0576012 0.2286467 0.0534625 0.0531959 0.1151610 0.0537432 0.0551797 0.0660417 0.0625021 
S0196sl       0.1711551 0.0667055 0.0000000 0.0358177 0.0475536 0.1213987 0.2617005 0.0606445 0.0409986 0.0606228 0.3094686 0.1282994 0.1365958 0.2835697 0.1209359 0.3186359 0.0530676 0.0561925 0.1208257 0.0513060 0.0410008 0.0472746 0.0666844 0.2886796 0.0039886 0.0581661 0.1121815 0.0331891 0.0566686 0.1247569 0.1154533 0.0420531 0.0454268 0.3298663 0.2470422 0.2321549 0.0631209 0.0376914 0.0281885 0.1225535 0.1073829 0.0646047 0.1311810 0.0650950 0.0427799 0.0442092 0.0053364 0.0378121 0.0039812 0.0053838 0.0750246 0.0337170 0.1182733 0.1965517 0.1897126 0.0541031 0.0817648 0.0377049 0.0626332 0.0463665 0.0427884 0.0727035 0.0499437 0.1008238 0.0564537 0.1194804 0.1335732 0.0684115 0.0727146 0.1008849 0.0039812 0.1090264 0.0693917 0.0567782 0.1177332 0.0688242 0.0584968 0.1061889 0.0440000 0.0512413 0.0551719 0.1916639 0.1990128 0.2261695 0.1159678 0.1837814 0.0661597 0.1098549 0.1227912 0.0473426 0.0979732 0.0447911 0.0554895 0.0392332 0.0426175 0.0592789 0.0704979 0.0581604 0.2314385 0.0653562 0.0588878 0.2520301 0.0495419 0.0080453 0.0467978 0.1885026 0.0412059 0.0645198 0.0649493 0.0381486 0.0427995 0.2731414 0.0526181 0.2491537 0.0397969 0.0461801 0.0557079 0.0446170 0.2285662 0.0366774 0.0446889 0.1125220 0.0224535 0.0444132 0.0629070 0.0485580 
S0281         0.1663957 0.0572022 0.0358177 0.0000000 0.0497568 0.1048696 0.2358988 0.0440665 0.0535331 0.0462247 0.2940036 0.1054507 0.1006763 0.2983654 0.0924178 0.2762631 0.0507010 0.0644284 0.1033879 0.0506324 0.0498508 0.0514009 0.0615518 0.2813718 0.0301900 0.0521143 0.0856244 0.0312510 0.0554564 0.0979028 0.0929739 0.0403644 0.0512592 0.2805641 0.2170598 0.2143946 0.0547549 0.0513064 0.0251950 0.1096647 0.1184120 0.0605047 0.1130323 0.0640157 0.0476910 0.0382060 0.0320021 0.0478740 0.0320021 0.0304125 0.0471460 0.0279869 0.0921508 0.1793333 0.1761190 0.0482185 0.0646821 0.0388318 0.0462389 0.0477248 0.0367135 0.0689064 0.0456999 0.1132998 0.0584587 0.0939875 0.1085131 0.0447515 0.0481157 0.0963727 0.0320021 0.1080492 0.0430110 0.0542205 0.0937970 0.0653654 0.0517802 0.1084518 0.0533769 0.0614355 0.0466830 0.1929608 0.1800035 0.2041485 0.0905677 0.1556510 0.0508875 0.0866885 0.1048928 0.0555164 0.0745210 0.0447634 0.0390508 0.0476977 0.0498379 0.0603757 0.0569396 0.0604499 0.2038209 0.0556937 0.0485259 0.2482821 0.0613638 0.0337779 0.0421022 0.1607404 0.0479574 0.0425631 0.0605782 0.0427567 0.0516702 0.2546148 0.0531512 0.2338864 0.0438456 0.0403572 0.0545544 0.0443731 0.1935948 0.0353980 0.0447482 0.1049270 0.0336859 0.0445363 0.0662252 0.0547154 
S0282         0.1841109 0.0463949 0.0475536 0.0497568 0.0000000 0.1290879 0.2539186 0.0523104 0.0163588 0.0534000 0.3068233 0.1223998 0.1254946 0.3040633 0.1191326 0.3003437 0.0515179 0.0590425 0.1178280 0.0401975 0.0108139 0.0149696 0.0410257 0.2907733 0.0409124 0.0463856 0.1106288 0.0405962 0.0529747 0.1202143 0.1217996 0.0324079 0.0149336 0.3363124 0.2375900 0.2338222 0.0566240 0.0149225 0.0487406 0.1221553 0.1177881 0.0492681 0.1289946 0.0672431 0.0150875 0.0598137 0.0442659 0.0094226 0.0425328 0.0413780 0.0722396 0.0524070 0.1281277 0.1937513 0.1987263 0.0514964 0.0845243 0.0489575 0.0632117 0.0554184 0.0567730 0.0635785 0.0739601 0.1135800 0.0568449 0.1282607 0.1429178 0.0695039 0.0751277 0.1148950 0.0425328 0.1144434 0.0646433 0.0524327 0.1265158 0.0530074 0.0578337 0.1102767 0.0135459 0.0500708 0.0586697 0.2062817 0.1950201 0.2227372 0.1129486 0.1848286 0.0695081 0.1101638 0.1235470 0.0164322 0.0988873 0.0471153 0.0458514 0.0093960 0.0164299 0.0472657 0.0578633 0.0483190 0.2218763 0.0556065 0.0507476 0.2750877 0.0532125 0.0474489 0.0705713 0.1807925 0.0122521 0.0747701 0.0576829 0.0378118 0.0193217 0.2787257 0.0397042 0.2591972 0.0336501 0.0429973 0.0541872 0.0449548 0.2228789 0.0425736 0.0453932 0.1087105 0.0391095 0.0424529 0.0531395 0.0527406 
S0288         0.1995859 0.1402028 0.1213987 0.1048696 0.1290879 0.0000000 0.3159712 0.1270742 0.1299519 0.1057705 0.3369219 0.0228398 0.0399611 0.3480076 0.0031134 0.3783803 0.1224835 0.1281520 0.0061488 0.1236339 0.1177374 0.1263264 0.1237997 0.3536668 0.1143514 0.1356453 0.0093144 0.1014425 0.1340105 0.0701777 0.0046069 0.1214244 0.1186930 0.3231825 0.2842803 0.2918044 0.1398605 0.1163354 0.0953710 0.0015583 0.1757272 0.1296597 0.0060924 0.1281364 0.1244668 0.1087612 0.1163469 0.1230102 0.1168301 0.1123785 0.1202700 0.1137556 0.0554102 0.2691500 0.2474178 0.1083034 0.0636045 0.1082977 0.1144935 0.1085739 0.1095912 0.1595808 0.1069290 0.1825257 0.1320550 0.0541173 0.0652579 0.1122256 0.1124627 0.1733077 0.1168301 0.1689008 0.1105281 0.1129902 0.0601086 0.1054939 0.1335112 0.1672038 0.1251975 0.1104016 0.1280341 0.2554833 0.2534007 0.2897465 0.0000029 0.2454027 0.0597517 0.0015251 0.0030815 0.1232937 0.0382563 0.1059038 0.1171810 0.1227808 0.1239376 0.1290723 0.1478164 0.1279073 0.2675503 0.1332473 0.1259365 0.4047465 0.1026594 0.1160564 0.1067576 0.2505206 0.1264322 0.0979566 0.1299594 0.1107713 0.1175139 0.3306688 0.1181875 0.2897912 0.1197136 0.1210519 0.1165852 0.1126082 0.2710910 0.1176215 0.1078878 0.1828121 0.1085755 0.1104864 0.1627622 0.1057021 
S0289         0.3414196 0.2500276 0.2617005 0.2358988 0.2539186 0.3159712 0.0000000 0.2654065 0.2721549 0.2533464 0.1054669 0.3110402 0.2980847 0.0979768 0.3152424 0.0889100 0.2482251 0.2880086 0.3162872 0.2679478 0.2538810 0.2592829 0.2733745 0.0850683 0.2637211 0.2648285 0.3077044 0.2483456 0.2568799 0.2581676 0.2930790 0.2636068 0.2655517 0.1283033 0.1160483 0.1877636 0.2542210 0.2658623 0.2764313 0.3081722 0.2978618 0.2815189 0.3231083 0.2503812 0.2629170 0.2703059 0.2585846 0.2557048 0.2630829 0.2530356 0.2260524 0.2739784 0.3079214 0.1544935 0.1080755 0.2308290 0.2650017 0.2438934 0.2565763 0.2741968 0.2536630 0.3024395 0.2649855 0.2981528 0.2460102 0.3132237 0.3208800 0.2483895 0.2403790 0.2837331 0.2630829 0.2760939 0.2537447 0.2721625 0.3240457 0.2736302 0.2665182 0.2666828 0.2662035 0.2713893 0.2786892 0.1246564 0.1577196 0.1748417 0.2808913 0.0779249 0.2556505 0.3050592 0.3287951 0.2699043 0.2667912 0.2458241 0.2554185 0.2576148 0.2694224 0.2545144 0.2558432 0.2750801 0.1226936 0.2620298 0.2691453 0.0874179 0.2609155 0.2619839 0.2646990 0.1576121 0.2494139 0.2544035 0.2779812 0.2616672 0.2643144 0.1030109 0.2740545 0.1393950 0.2553257 0.2601785 0.2723278 0.2506495 0.1679303 0.2536399 0.2289448 0.2228475 0.2608714 0.2633938 0.2777595 0.2399758 
S0292         0.1946509 0.0618078 0.0606445 0.0440665 0.0523104 0.1270742 0.2654065 0.0000000 0.0502569 0.0620228 0.3065639 0.1344435 0.1414941 0.2869422 0.1208206 0.3017935 0.0462153 0.0563471 0.1200895 0.0525626 0.0456528 0.0537808 0.0641118 0.2851967 0.0534843 0.0523905 0.1146465 0.0459224 0.0576154 0.1191717 0.1154316 0.0467987 0.0535265 0.3124427 0.2695133 0.2238689 0.0645158 0.0518264 0.0562140 0.1253810 0.1109098 0.0665694 0.1338741 0.0716374 0.0501285 0.0584683 0.0550583 0.0455685 0.0552311 0.0520858 0.0689201 0.0598386 0.1251137 0.1826940 0.2163919 0.0540155 0.0955205 0.0548519 0.0513608 0.0607331 0.0625978 0.0801995 0.0706347 0.1133444 0.0567751 0.1295624 0.1408840 0.0709098 0.0764839 0.1124423 0.0552311 0.1150809 0.0630201 0.0527715 0.1311628 0.0688445 0.0291114 0.1078227 0.0486719 0.0606642 0.0447593 0.1943463 0.1902936 0.2194267 0.1174330 0.2061683 0.0754113 0.1097837 0.1279919 0.0521777 0.1027400 0.0477446 0.0081614 0.0454241 0.0489781 0.0627776 0.0279102 0.0655822 0.2231648 0.0193669 0.0122838 0.2548831 0.0655822 0.0566106 0.0672800 0.1811331 0.0457864 0.0823303 0.0268517 0.0415509 0.0519519 0.2814698 0.0650983 0.2875975 0.0534669 0.0542028 0.0512508 0.0393500 0.2142267 0.0479317 0.0411504 0.1257450 0.0493832 0.0430159 0.0645030 0.0520606 
S0293         0.1834651 0.0514105 0.0409986 0.0535331 0.0163588 0.1299519 0.2721549 0.0502569 0.0000000 0.0537060 0.3209836 0.1324430 0.1377876 0.2873634 0.1220545 0.3001811 0.0528884 0.0583929 0.1234393 0.0432469 0.0107576 0.0191271 0.0444078 0.2937203 0.0375949 0.0495289 0.1154873 0.0373102 0.0517741 0.1249680 0.1229497 0.0296818 0.0176276 0.3356115 0.2427926 0.2240441 0.0573780 0.0120941 0.0435395 0.1255000 0.1184747 0.0459377 0.1339299 0.0651760 0.0150065 0.0530535 0.0408776 0.0080163 0.0391845 0.0380162 0.0751475 0.0488838 0.1253393 0.1802955 0.1994796 0.0558994 0.0855665 0.0405420 0.0594670 0.0534352 0.0500615 0.0620285 0.0752517 0.1143114 0.0581008 0.1266742 0.1447501 0.0723944 0.0779576 0.1156091 0.0391845 0.1138746 0.0675519 0.0569266 0.1249483 0.0529605 0.0605171 0.1089281 0.0134745 0.0463903 0.0599226 0.2092381 0.1834538 0.2058313 0.1187783 0.1933541 0.0691417 0.1151565 0.1267682 0.0163016 0.1036391 0.0452884 0.0488382 0.0093478 0.0177361 0.0491993 0.0595233 0.0496675 0.2305762 0.0599516 0.0504081 0.2697958 0.0481401 0.0440109 0.0718773 0.1696343 0.0121876 0.0742047 0.0569466 0.0375929 0.0163908 0.2869463 0.0415012 0.2676995 0.0324210 0.0432570 0.0534496 0.0462305 0.2120929 0.0392432 0.0466808 0.1140478 0.0358411 0.0437523 0.0568237 0.0524111 
S0294         0.1829519 0.0484111 0.0606228 0.0462247 0.0534000 0.1057705 0.2533464 0.0620228 0.0537060 0.0000000 0.2894507 0.1076802 0.1147719 0.2803640 0.0980408 0.2835041 0.0671423 0.0767810 0.1004651 0.0575726 0.0505284 0.0533049 0.0608944 0.2914841 0.0567633 0.0619722 0.0950024 0.0521690 0.0573224 0.0974298 0.0977091 0.0466751 0.0471801 0.3074477 0.2474308 0.2223318 0.0597949 0.0502795 0.0529103 0.1085935 0.1360982 0.0596420 0.1149492 0.0623417 0.0519583 0.0570596 0.0583424 0.0504697 0.0585264 0.0553717 0.0805747 0.0519529 0.1069146 0.1939500 0.1987799 0.0606112 0.0761288 0.0547114 0.0675766 0.0625834 0.0558386 0.0440103 0.0766790 0.1297719 0.0627940 0.1006566 0.1222821 0.0674470 0.0772336 0.1218854 0.0585264 0.1259848 0.0782200 0.0696587 0.1051688 0.0601306 0.0683996 0.1259484 0.0503996 0.0470667 0.0548171 0.2084288 0.2003247 0.2223665 0.0860155 0.1773729 0.0435676 0.0917949 0.1046323 0.0538260 0.0851962 0.0591982 0.0560013 0.0503081 0.0506158 0.0547329 0.0735826 0.0571675 0.2247829 0.0656658 0.0593135 0.2697577 0.0442990 0.0598959 0.0732433 0.1896953 0.0508460 0.0767261 0.0698344 0.0560769 0.0502500 0.2825085 0.0438099 0.2538394 0.0450287 0.0456091 0.0643422 0.0601868 0.2275815 0.0575573 0.0589484 0.1287817 0.0542461 0.0558534 0.0741236 0.0600783 
S0299         0.3709490 0.3004572 0.3094686 0.2940036 0.3068233 0.3369219 0.1054669 0.3065639 0.3209836 0.2894507 0.0000000 0.3456806 0.2968692 0.1044237 0.3299630 0.1213021 0.2809419 0.3119964 0.3215383 0.3241210 0.3191906 0.3229603 0.3335603 0.1050890 0.3177583 0.3098419 0.3519081 0.2885873 0.3267590 0.3031637 0.3070023 0.3019794 0.3204028 0.1207668 0.1320606 0.1855779 0.3092898 0.3141615 0.3317366 0.3202242 0.3217069 0.3308903 0.3556524 0.2620971 0.3159662 0.3152330 0.3165566 0.3113390 0.3225687 0.3082574 0.2663418 0.3216168 0.3620995 0.1640884 0.1114917 0.2752787 0.3376708 0.2862659 0.3094563 0.3135907 0.3046519 0.3374061 0.3030844 0.3475490 0.2833152 0.3490011 0.3140297 0.2876035 0.2706286 0.3245699 0.3225687 0.3400841 0.2810072 0.3215719 0.3561229 0.3084236 0.2965617 0.3281897 0.3232740 0.3210798 0.3091505 0.1711661 0.1725240 0.1780798 0.3062594 0.1199538 0.3037294 0.3356577 0.3291454 0.3207579 0.2872672 0.3113381 0.2972760 0.3126836 0.3113167 0.2824731 0.3178030 0.3092367 0.1323966 0.3058361 0.2995852 0.1004337 0.2974479 0.3204415 0.3029314 0.1679622 0.3019027 0.3168695 0.3211840 0.3136234 0.3162070 0.0931605 0.3109420 0.1457289 0.2837393 0.3196434 0.3149648 0.2952032 0.1825898 0.3046147 0.2770314 0.2402332 0.3092931 0.3071065 0.3110371 0.2781128 
S0303         0.2070630 0.1392809 0.1282994 0.1054507 0.1223998 0.0228398 0.3110402 0.1344435 0.1324430 0.1076802 0.3456806 0.0000000 0.0654928 0.3731494 0.0228821 0.3692453 0.1343672 0.1363290 0.0286259 0.1313157 0.1177438 0.1231812 0.1265473 0.3493563 0.1192933 0.1418768 0.0278145 0.1103027 0.1361447 0.0782294 0.0221987 0.1212098 0.1147120 0.3402556 0.2762771 0.3216345 0.1374239 0.1220199 0.1021183 0.0194322 0.1873653 0.1322518 0.0292562 0.1470149 0.1235779 0.1196975 0.1210831 0.1225650 0.1215352 0.1179491 0.1335194 0.1155874 0.0777852 0.2751972 0.2572997 0.1214430 0.0757148 0.1179811 0.1306190 0.1198540 0.1217594 0.1582602 0.1119407 0.1889828 0.1428294 0.0808095 0.1002557 0.1178337 0.1153717 0.1877438 0.1215352 0.1831611 0.1295962 0.1253420 0.0890165 0.1144080 0.1389068 0.1780500 0.1224281 0.1146303 0.1292821 0.2698006 0.2653012 0.3093600 0.0182574 0.2410472 0.0741047 0.0223493 0.0286313 0.1222495 0.0532813 0.1224202 0.1206104 0.1221117 0.1192974 0.1256082 0.1397347 0.1295548 0.2673489 0.1305190 0.1304502 0.3806545 0.1090574 0.1227436 0.1098669 0.2540205 0.1236357 0.1063284 0.1410503 0.1273191 0.1201963 0.3457697 0.1145191 0.2778868 0.1178232 0.1214490 0.1316514 0.1268725 0.3084638 0.1211887 0.1207348 0.1921409 0.1185133 0.1332811 0.1503512 0.1193937 
S0308         0.1890924 0.1477982 0.1365958 0.1006763 0.1254946 0.0399611 0.2980847 0.1414941 0.1377876 0.1147719 0.2968692 0.0654928 0.0000000 0.4165747 0.0459857 0.3655280 0.1303386 0.1414823 0.0511967 0.1348792 0.1245160 0.1342682 0.1300293 0.3612499 0.1311084 0.1430849 0.0395072 0.1196718 0.1461484 0.0808874 0.0520382 0.1337044 0.1255533 0.3458116 0.2823803 0.3055948 0.1533322 0.1313025 0.1165638 0.0419800 0.1980150 0.1392201 0.0598536 0.1441769 0.1330518 0.1294855 0.1329729 0.1274718 0.1334936 0.1297516 0.1251574 0.1177691 0.0686157 0.2644471 0.2731610 0.1270390 0.0783850 0.1299095 0.1305888 0.1288678 0.1294662 0.1818207 0.1222480 0.2038315 0.1381672 0.0753164 0.0822335 0.1108955 0.1015463 0.1984428 0.1334936 0.2047810 0.1154080 0.1371023 0.0835559 0.1225577 0.1379509 0.1992701 0.1294773 0.1333471 0.1373241 0.2792689 0.2540005 0.2912660 0.0410132 0.2351766 0.0691493 0.0370647 0.0501706 0.1334977 0.0542944 0.1233074 0.1273991 0.1269815 0.1326514 0.1359603 0.1539239 0.1314632 0.2566512 0.1438987 0.1429139 0.3986365 0.1243964 0.1307106 0.1240263 0.2482572 0.1286319 0.1023703 0.1483945 0.1269007 0.1254854 0.3330309 0.1200277 0.2794713 0.1272101 0.1314959 0.1267044 0.1228219 0.2889870 0.1276084 0.1233032 0.1807549 0.1291498 0.1329262 0.1634633 0.1147419 
S0320         0.5423697 0.3008679 0.2835697 0.2983654 0.3040633 0.3480076 0.0979768 0.2869422 0.2873634 0.2803640 0.1044237 0.3731494 0.4165747 0.0000000 0.3386542 0.1173925 0.3061713 0.2735890 0.3657225 0.3281607 0.2724089 0.3011792 0.3114762 0.1004406 0.3081576 0.3148768 0.3649597 0.2896799 0.2721707 0.4133095 0.3144962 0.2710948 0.2986868 0.1434321 0.1271149 0.1625534 0.3009298 0.2983573 0.3391986 0.3382761 0.3657744 0.3087151 0.3728741 0.2574995 0.2889449 0.3023649 0.3188166 0.2791945 0.3188166 0.2968279 0.2963342 0.3122249 0.4640510 0.1215594 0.0929667 0.2645246 0.3493313 0.2525408 0.2814186 0.2873595 0.2949564 0.2966437 0.3421529 0.3430162 0.2837849 0.4870909 0.3683683 0.3113266 0.3077082 0.3684807 0.3188166 0.3452282 0.3457916 0.3131499 0.4761722 0.3249400 0.3060587 0.3396269 0.2970236 0.3153631 0.2823203 0.1106204 0.1189343 0.1363506 0.3555422 0.1371028 0.3487449 0.3423289 0.4065670 0.3036950 0.4107803 0.3064945 0.2858987 0.2904979 0.2890999 0.3263846 0.3093219 0.3310111 0.1136401 0.2986475 0.3051807 0.0854732 0.2822850 0.3122286 0.3480108 0.1164043 0.2740180 0.3110666 0.3073895 0.2917907 0.2848993 0.1597919 0.3099528 0.1959531 0.2842450 0.2962178 0.3171866 0.2904606 0.1364682 0.2919277 0.2582117 0.2042715 0.2822850 0.3049353 0.3201880 0.2557612 
S0322         0.2023106 0.1268250 0.1209359 0.0924178 0.1191326 0.0031134 0.3152424 0.1208206 0.1220545 0.0980408 0.3299630 0.0228821 0.0459857 0.3386542 0.0000000 0.3732187 0.1130609 0.1206107 0.0028600 0.1179292 0.1088952 0.1186250 0.1152024 0.3527304 0.1115611 0.1248150 0.0148554 0.0990624 0.1253698 0.0728064 0.0043901 0.1126324 0.1097130 0.3257527 0.2733687 0.2941437 0.1284098 0.1133959 0.0882188 0.0031732 0.1721145 0.1199570 0.0057149 0.1280505 0.1149312 0.1100429 0.1134412 0.1139298 0.1138847 0.1101179 0.1115004 0.1049972 0.0580287 0.2570399 0.2470357 0.1020157 0.0613993 0.1049661 0.1085373 0.1102505 0.1088678 0.1460233 0.1039411 0.1815644 0.1281688 0.0637834 0.0803234 0.1036738 0.1040123 0.1701960 0.1138847 0.1660864 0.1022930 0.1075114 0.0677843 0.0956520 0.1217108 0.1647901 0.1137482 0.1006205 0.1085203 0.2607344 0.2444700 0.2786962 0.0029771 0.2342570 0.0591824 0.0103694 0.0141908 0.1158666 0.0454561 0.0982820 0.1094657 0.1134852 0.1166836 0.1135999 0.1375311 0.1164279 0.2544895 0.1241319 0.1175334 0.3886167 0.0910305 0.1112077 0.1057472 0.2387248 0.1123117 0.0958006 0.1216275 0.1080421 0.1130273 0.3428298 0.1054320 0.2846436 0.1066559 0.1071177 0.1095451 0.1057159 0.2719174 0.1100336 0.1018296 0.1811384 0.1040282 0.1140900 0.1453938 0.0997563 
S0327         0.3887537 0.3049236 0.3186359 0.2762631 0.3003437 0.3783803 0.0889100 0.3017935 0.3001811 0.2835041 0.1213021 0.3692453 0.3655280 0.1173925 0.3732187 0.0000000 0.2658508 0.3180874 0.3809728 0.3039124 0.2930774 0.3029383 0.3219734 0.0796392 0.3112452 0.3029714 0.3776215 0.2983460 0.3083347 0.3397665 0.3547411 0.3011229 0.3130526 0.1029496 0.1063801 0.1351723 0.2959865 0.3136758 0.2969586 0.3744171 0.3346114 0.3350516 0.3942067 0.2819654 0.3021677 0.3076409 0.3098626 0.3003708 0.3168465 0.3002220 0.2914666 0.2950164 0.3577760 0.1171764 0.1183667 0.2712478 0.3265215 0.2792115 0.3032499 0.3169722 0.2919934 0.3372417 0.3143898 0.3276373 0.3059525 0.3857600 0.3523893 0.3006893 0.3000362 0.3192451 0.3168465 0.3140271 0.3082952 0.3231779 0.3899885 0.3258526 0.3039367 0.3028796 0.3063139 0.3321364 0.3288759 0.1261695 0.1269283 0.1553678 0.3407197 0.0953930 0.3020237 0.3529516 0.4045836 0.3048216 0.3310187 0.3057665 0.2879955 0.2985398 0.3148350 0.3074562 0.2995098 0.3109998 0.1150030 0.3126107 0.2996812 0.0890741 0.2953255 0.3144023 0.3124378 0.1277712 0.2904788 0.2842633 0.3251220 0.3077309 0.3090339 0.1083288 0.3131177 0.1710781 0.2907971 0.2981057 0.3087845 0.2751823 0.1398364 0.2940694 0.2705819 0.2538076 0.2847735 0.3001949 0.3171592 0.2790612 
S0335         0.1939515 0.0662316 0.0530676 0.0507010 0.0515179 0.1224835 0.2482251 0.0462153 0.0528884 0.0671423 0.2809419 0.1343672 0.1303386 0.3061713 0.1130609 0.2658508 0.0000000 0.0355630 0.1115702 0.0503026 0.0482142 0.0528597 0.0678018 0.2811997 0.0478120 0.0572352 0.1087865 0.0393561 0.0617588 0.1197453 0.1096379 0.0496865 0.0526146 0.3229673 0.2404459 0.2283043 0.0609136 0.0479023 0.0488139 0.1249893 0.1187204 0.0751632 0.1256975 0.0672951 0.0500291 0.0553617 0.0477152 0.0464529 0.0494939 0.0464077 0.0695431 0.0591703 0.1130855 0.1888222 0.2065080 0.0368838 0.0913988 0.0494548 0.0558251 0.0556808 0.0491508 0.0778408 0.0716598 0.1185452 0.0569960 0.1138892 0.1324435 0.0676673 0.0732575 0.1118980 0.0494939 0.1116087 0.0566980 0.0482360 0.1163245 0.0726029 0.0502275 0.1087592 0.0512057 0.0644138 0.0492628 0.1826304 0.1943711 0.2183181 0.1105054 0.1867416 0.0670939 0.1033187 0.1175202 0.0545937 0.0962446 0.0279444 0.0395081 0.0463970 0.0482036 0.0646280 0.0631329 0.0561074 0.2211014 0.0487138 0.0426633 0.2404462 0.0574634 0.0525826 0.0683272 0.1831001 0.0469030 0.0817755 0.0541214 0.0281235 0.0527512 0.2580404 0.0545253 0.2404563 0.0447933 0.0532660 0.0344678 0.0120786 0.2189406 0.0442022 0.0340062 0.1259545 0.0423456 0.0296583 0.0628338 0.0391484 
S0345         0.1925746 0.0704397 0.0561925 0.0644284 0.0590425 0.1281520 0.2880086 0.0563471 0.0583929 0.0767810 0.3119964 0.1363290 0.1414823 0.2735890 0.1206107 0.3180874 0.0355630 0.0000000 0.1191983 0.0574020 0.0551884 0.0567410 0.0687431 0.3010236 0.0527398 0.0626299 0.1139938 0.0458951 0.0591187 0.1320442 0.1109031 0.0520018 0.0564720 0.3705359 0.2820955 0.2513099 0.0603428 0.0516806 0.0577069 0.1316380 0.1308485 0.0759175 0.1333406 0.0695642 0.0570814 0.0639692 0.0526321 0.0518528 0.0544557 0.0513327 0.0773234 0.0665711 0.1295083 0.2095309 0.2254824 0.0480049 0.1020339 0.0581875 0.0645256 0.0644807 0.0625308 0.0851881 0.0708818 0.1223783 0.0646058 0.1230390 0.1372138 0.0826281 0.0847252 0.1272144 0.0544557 0.1173892 0.0725715 0.0536965 0.1256109 0.0759289 0.0595078 0.1144333 0.0582440 0.0688960 0.0526526 0.2131928 0.2121106 0.2401960 0.1165823 0.2207331 0.0830011 0.1097955 0.1279312 0.0564465 0.1029268 0.0282714 0.0497849 0.0532778 0.0536743 0.0689125 0.0676993 0.0672167 0.2374612 0.0526854 0.0526901 0.2682062 0.0614387 0.0543259 0.0708494 0.2039754 0.0538743 0.0845946 0.0638058 0.0313540 0.0583261 0.2916498 0.0616814 0.2791415 0.0453618 0.0506065 0.0240592 0.0279290 0.2396422 0.0528551 0.0389230 0.1295343 0.0523850 0.0373818 0.0677111 0.0444020 
S0355         0.2025597 0.1299516 0.1208257 0.1033879 0.1178280 0.0061488 0.3162872 0.1200895 0.1234393 0.1004651 0.3215383 0.0286259 0.0511967 0.3657225 0.0028600 0.3809728 0.1115702 0.1191983 0.0000000 0.1186902 0.1103728 0.1192392 0.1138820 0.3617693 0.1135968 0.1279893 0.0191721 0.1035738 0.1258321 0.0743065 0.0028375 0.1112259 0.1105337 0.3428863 0.2963144 0.2973012 0.1330069 0.1127922 0.0973567 0.0046528 0.1735658 0.1246587 0.0070207 0.1302828 0.1162601 0.1101050 0.1154516 0.1150200 0.1158970 0.1121812 0.1198741 0.1140001 0.0563268 0.2570807 0.2676392 0.1017166 0.0691040 0.1123079 0.1128194 0.1139234 0.1133401 0.1538731 0.1118293 0.1778877 0.1372105 0.0710339 0.0838304 0.1125854 0.1120640 0.1716910 0.1158970 0.1762667 0.1091792 0.1127207 0.0770250 0.1018573 0.1138297 0.1753399 0.1151399 0.1130059 0.1129021 0.2648335 0.2556947 0.2907871 0.0029273 0.2545437 0.0608558 0.0132049 0.0138266 0.1187027 0.0382853 0.0984501 0.1070406 0.1148279 0.1170921 0.1150205 0.1358641 0.1198020 0.2588470 0.1210743 0.1147689 0.4007543 0.1020273 0.1132439 0.1136179 0.2446392 0.1163074 0.1040375 0.1219169 0.1092628 0.1145032 0.3439779 0.1048781 0.3018526 0.1075543 0.1099642 0.1145180 0.1065157 0.2809529 0.1184373 0.1009916 0.1898595 0.1105541 0.1154280 0.1420619 0.0990802 
S0376         0.1796023 0.0550136 0.0513060 0.0506324 0.0401975 0.1236339 0.2679478 0.0525626 0.0432469 0.0575726 0.3241210 0.1313157 0.1348792 0.3281607 0.1179292 0.3039124 0.0503026 0.0574020 0.1186902 0.0000000 0.0340955 0.0431958 0.0599595 0.2942919 0.0445127 0.0225739 0.1111268 0.0423129 0.0573231 0.1121295 0.1172521 0.0469754 0.0384969 0.3308898 0.2464265 0.2149524 0.0520057 0.0384643 0.0456632 0.1258132 0.1254598 0.0632699 0.1328016 0.0711140 0.0389013 0.0599850 0.0460320 0.0356026 0.0461703 0.0447237 0.0773691 0.0560258 0.1089776 0.1872621 0.2051882 0.0533863 0.0773764 0.0507332 0.0648774 0.0555885 0.0552133 0.0629490 0.0693194 0.1134358 0.0659436 0.1169668 0.1425298 0.0727812 0.0754822 0.1146572 0.0461703 0.1146849 0.0728564 0.0591764 0.1152071 0.0554642 0.0627801 0.1118198 0.0310561 0.0487702 0.0560618 0.2130289 0.1970821 0.2274647 0.1095096 0.1927544 0.0645299 0.1039016 0.1265146 0.0433382 0.0903376 0.0505026 0.0461186 0.0325255 0.0372531 0.0531681 0.0650533 0.0438052 0.2327351 0.0555450 0.0493575 0.2857368 0.0519992 0.0475377 0.0659525 0.1879603 0.0373715 0.0753646 0.0596380 0.0410923 0.0400853 0.2761064 0.0515508 0.2730591 0.0403968 0.0410427 0.0509819 0.0420969 0.2269234 0.0394529 0.0374786 0.1189711 0.0423089 0.0441925 0.0351575 0.0514454 
S0400         0.1748803 0.0450507 0.0410008 0.0498508 0.0108139 0.1177374 0.2538810 0.0456528 0.0107576 0.0505284 0.3191906 0.1177438 0.1245160 0.2724089 0.1088952 0.2930774 0.0482142 0.0551884 0.1103728 0.0340955 0.0000000 0.0135495 0.0381787 0.2915901 0.0345613 0.0433670 0.1032793 0.0343029 0.0486295 0.1126339 0.1099165 0.0267380 0.0121038 0.3205913 0.2382293 0.2164790 0.0541510 0.0093678 0.0420153 0.1111383 0.1054558 0.0476753 0.1188693 0.0619099 0.0094707 0.0514426 0.0378014 0.0039838 0.0361334 0.0349467 0.0682429 0.0457392 0.1124274 0.1832334 0.1944720 0.0496393 0.0762050 0.0438045 0.0545307 0.0470995 0.0500642 0.0621439 0.0685918 0.1014737 0.0517388 0.1216430 0.1394898 0.0638407 0.0694265 0.1027768 0.0361334 0.1040357 0.0608028 0.0505295 0.1199035 0.0499806 0.0521634 0.1013074 0.0053095 0.0447847 0.0518830 0.2017283 0.1864622 0.2112158 0.1054144 0.1889358 0.0674990 0.1005894 0.1128005 0.0135632 0.0919110 0.0421998 0.0409828 0.0039728 0.0135614 0.0460366 0.0546914 0.0403015 0.2260920 0.0518909 0.0457879 0.2557371 0.0466280 0.0409102 0.0652600 0.1725337 0.0067141 0.0675088 0.0509113 0.0330650 0.0136107 0.2845954 0.0354007 0.2629628 0.0294853 0.0402174 0.0506818 0.0401395 0.2131438 0.0377245 0.0389692 0.1107359 0.0328409 0.0376219 0.0504184 0.0476482 
S0405         0.1843405 0.0495565 0.0472746 0.0514009 0.0149696 0.1263264 0.2592829 0.0537808 0.0191271 0.0533049 0.3229603 0.1231812 0.1342682 0.3011792 0.1186250 0.3029383 0.0528597 0.0567410 0.1192392 0.0431958 0.0135495 0.0000000 0.0441985 0.3023365 0.0406840 0.0510836 0.1083896 0.0403717 0.0530451 0.1176082 0.1193906 0.0354220 0.0093823 0.3398698 0.2509804 0.2341148 0.0533357 0.0148560 0.0484459 0.1240117 0.1171846 0.0522022 0.1265246 0.0702814 0.0150194 0.0594404 0.0440120 0.0121440 0.0422925 0.0411441 0.0754555 0.0554543 0.1234839 0.1923161 0.2093667 0.0511571 0.0839038 0.0486597 0.0663268 0.0550779 0.0564238 0.0611879 0.0669630 0.1130134 0.0598429 0.1235565 0.1440777 0.0726885 0.0782719 0.1143197 0.0422925 0.1159429 0.0678236 0.0537394 0.1218211 0.0543869 0.0555216 0.1117912 0.0162921 0.0463691 0.0550622 0.2145242 0.1914570 0.2231532 0.1149004 0.1983705 0.0726669 0.1078679 0.1186199 0.0108133 0.0928791 0.0468090 0.0457742 0.0121090 0.0108120 0.0504902 0.0561727 0.0514091 0.2292277 0.0567492 0.0502154 0.2663764 0.0528937 0.0471711 0.0669326 0.1837845 0.0150100 0.0762869 0.0575237 0.0344516 0.0192316 0.2936755 0.0365695 0.2634747 0.0306838 0.0399143 0.0537123 0.0446696 0.2233012 0.0455348 0.0451015 0.1109729 0.0388954 0.0390067 0.0600532 0.0523832 
S0412sl       0.1972066 0.0484402 0.0666844 0.0615518 0.0410257 0.1237997 0.2733745 0.0641118 0.0444078 0.0608944 0.3335603 0.1265473 0.1300293 0.3114762 0.1152024 0.3219734 0.0678018 0.0687431 0.1138820 0.0599595 0.0381787 0.0441985 0.0000000 0.3302802 0.0592917 0.0559634 0.1043968 0.0548360 0.0528474 0.1220041 0.1134038 0.0378459 0.0396570 0.3675679 0.2821131 0.2539599 0.0583441 0.0427030 0.0642816 0.1147458 0.1302528 0.0349330 0.1245995 0.0634509 0.0432041 0.0719634 0.0591659 0.0365438 0.0610967 0.0525947 0.0840916 0.0662327 0.1189843 0.2131667 0.2319330 0.0593822 0.0878938 0.0641732 0.0794104 0.0674262 0.0687877 0.0661982 0.0796035 0.1322874 0.0636216 0.1242439 0.1366617 0.0791977 0.0832571 0.1353103 0.0610967 0.1228861 0.0831981 0.0653955 0.1258746 0.0494232 0.0768316 0.1217161 0.0380846 0.0472455 0.0744177 0.2237532 0.2195179 0.2371553 0.0988389 0.2117986 0.0751675 0.1056491 0.1205779 0.0431179 0.1005843 0.0581261 0.0637827 0.0364302 0.0446688 0.0495121 0.0819298 0.0533767 0.2412748 0.0721983 0.0674357 0.2860976 0.0444258 0.0609422 0.0795665 0.2037094 0.0368102 0.0802130 0.0737197 0.0515630 0.0460796 0.3227800 0.0411241 0.2905279 0.0361592 0.0456751 0.0654615 0.0589447 0.2402720 0.0565764 0.0562878 0.1278159 0.0534452 0.0564797 0.0663878 0.0608468 
S0417         0.3751116 0.2855454 0.2886796 0.2813718 0.2907733 0.3536668 0.0850683 0.2851967 0.2937203 0.2914841 0.1050890 0.3493563 0.3612499 0.1004406 0.3527304 0.0796392 0.2811997 0.3010236 0.3617693 0.2942919 0.2915901 0.3023365 0.3302802 0.0000000 0.2907055 0.3004584 0.3651793 0.2767920 0.2847185 0.3229449 0.3336805 0.2907574 0.3029137 0.1175529 0.0953912 0.1522710 0.2962334 0.2873740 0.3087257 0.3414378 0.3062839 0.3123719 0.3723501 0.2756575 0.2920492 0.2946986 0.2851497 0.2849257 0.2899960 0.2814642 0.2676655 0.3110918 0.3616156 0.1414806 0.0786261 0.2799687 0.2969882 0.2575166 0.2775619 0.3028570 0.2687058 0.3023005 0.3033661 0.3193736 0.2820783 0.3496565 0.3420943 0.2917302 0.2787096 0.3119805 0.2899960 0.2985333 0.2961702 0.3099734 0.3545851 0.3276111 0.2941715 0.2898946 0.2952660 0.3107800 0.2895941 0.0940842 0.1454574 0.1651602 0.3280754 0.0827766 0.3113019 0.3546242 0.3737382 0.3000145 0.3120561 0.2852216 0.2782702 0.2861877 0.2948773 0.2910902 0.2732354 0.3138226 0.1070665 0.2862662 0.2940477 0.0969314 0.2911218 0.2883960 0.2981131 0.1506338 0.2743282 0.3106340 0.3070922 0.2893735 0.2955357 0.0951297 0.3069924 0.1462760 0.2898205 0.3031329 0.2956428 0.2766501 0.1390275 0.2883029 0.2755870 0.2434159 0.2885846 0.2889313 0.2984667 0.2812277 
S0419         0.1649672 0.0594841 0.0039886 0.0301900 0.0409124 0.1143514 0.2637211 0.0534843 0.0375949 0.0567633 0.3177583 0.1192933 0.1311084 0.3081576 0.1115611 0.3112452 0.0478120 0.0527398 0.1135968 0.0445127 0.0345613 0.0406840 0.0592917 0.2907055 0.0000000 0.0511643 0.1035791 0.0299291 0.0496950 0.1195930 0.1089957 0.0370007 0.0389187 0.3263348 0.2402150 0.2280160 0.0558258 0.0358592 0.0233839 0.1154147 0.1028783 0.0589753 0.1219293 0.0614987 0.0362698 0.0422951 0.0013198 0.0329730 0.0000026 0.0013289 0.0673119 0.0288869 0.1114250 0.1878103 0.1928489 0.0472991 0.0758195 0.0342420 0.0553995 0.0425352 0.0393369 0.0702186 0.0433482 0.0964514 0.0527140 0.1189704 0.1331436 0.0643547 0.0686294 0.0964981 0.0000026 0.1044351 0.0618387 0.0497760 0.1172097 0.0615049 0.0512448 0.1016662 0.0375057 0.0475377 0.0482125 0.1889340 0.1934447 0.2224435 0.1066128 0.1834972 0.0638747 0.1010576 0.1158372 0.0407390 0.0924114 0.0414162 0.0484650 0.0328721 0.0376620 0.0521303 0.0627158 0.0543847 0.2295250 0.0581040 0.0517785 0.2435971 0.0460903 0.0039797 0.0402775 0.1819668 0.0347318 0.0574098 0.0571958 0.0349420 0.0408967 0.2778965 0.0458329 0.2511197 0.0333367 0.0395518 0.0502794 0.0395580 0.2202850 0.0318119 0.0380809 0.1079916 0.0165646 0.0395727 0.0574465 0.0452332 
S0427         0.1869012 0.0576814 0.0581661 0.0521143 0.0463856 0.1356453 0.2648285 0.0523905 0.0495289 0.0619722 0.3098419 0.1418768 0.1430849 0.3148768 0.1248150 0.3029714 0.0572352 0.0626299 0.1279893 0.0225739 0.0433670 0.0510836 0.0559634 0.3004584 0.0511643 0.0000000 0.1214705 0.0486635 0.0529117 0.1271062 0.1239172 0.0495959 0.0478685 0.3297583 0.2433555 0.2182779 0.0549427 0.0478271 0.0558075 0.1344522 0.1233150 0.0612123 0.1396198 0.0672306 0.0483760 0.0651046 0.0527112 0.0417357 0.0528733 0.0493077 0.0760726 0.0594677 0.1295771 0.1820801 0.2025613 0.0579335 0.0883979 0.0592898 0.0673076 0.0606821 0.0620300 0.0683062 0.0783018 0.1137064 0.0608486 0.1276365 0.1452823 0.0799848 0.0826686 0.1127141 0.0528733 0.1170322 0.0708389 0.0620890 0.1258775 0.0564466 0.0643643 0.1120594 0.0402184 0.0575190 0.0663469 0.2043689 0.1951593 0.2155006 0.1191535 0.1912503 0.0737318 0.1164520 0.1334661 0.0529179 0.1025741 0.0555701 0.0476202 0.0385853 0.0466581 0.0525105 0.0718779 0.0483189 0.2197493 0.0587759 0.0508837 0.2693660 0.0570589 0.0510185 0.0782658 0.1797464 0.0420354 0.0772535 0.0682346 0.0491512 0.0495242 0.2831708 0.0523827 0.2681180 0.0415879 0.0484657 0.0596812 0.0500886 0.2186131 0.0460514 0.0505910 0.1119594 0.0488097 0.0523225 0.0300855 0.0581894 
S0430         0.1853147 0.1238305 0.1121815 0.0856244 0.1106288 0.0093144 0.3077044 0.1146465 0.1154873 0.0950024 0.3519081 0.0278145 0.0395072 0.3649597 0.0148554 0.3776215 0.1087865 0.1139938 0.0191721 0.1111268 0.1032793 0.1083896 0.1043968 0.3651793 0.1035791 0.1214705 0.0000000 0.0921887 0.1165412 0.0649106 0.0176852 0.1092981 0.1002065 0.3430411 0.2894292 0.2994923 0.1167811 0.1054318 0.0866921 0.0126646 0.1737339 0.1117742 0.0215240 0.1225934 0.1067675 0.1066674 0.1053256 0.1058934 0.1057057 0.1022107 0.1153802 0.0999700 0.0509225 0.2629597 0.2572744 0.1041885 0.0569046 0.1003637 0.1102091 0.1007978 0.0993136 0.1418970 0.0921799 0.1755827 0.1207221 0.0539864 0.0745038 0.0953188 0.0933137 0.1699830 0.1057057 0.1666799 0.1050463 0.1103188 0.0614135 0.1026713 0.1140062 0.1657188 0.1077606 0.0961050 0.1118394 0.2651075 0.2499487 0.2922092 0.0073827 0.2462026 0.0585370 0.0000023 0.0217109 0.1103695 0.0400082 0.0948496 0.1019701 0.1055086 0.1065775 0.1099995 0.1281731 0.1122735 0.2591054 0.1136946 0.1114995 0.3975358 0.0965392 0.1050963 0.0920467 0.2399186 0.1067987 0.0863990 0.1159803 0.1081399 0.1036406 0.3484167 0.0999438 0.2821654 0.0993129 0.1015733 0.1036786 0.1018876 0.2715355 0.1044811 0.1022982 0.1795338 0.0990597 0.1097267 0.1426130 0.1000290 
S0552sl       0.1676073 0.0567670 0.0331891 0.0312510 0.0405962 0.1014425 0.2483456 0.0459224 0.0373102 0.0521690 0.2885873 0.1103027 0.1196718 0.2896799 0.0990624 0.2983460 0.0393561 0.0458951 0.1035738 0.0423129 0.0343029 0.0403717 0.0548360 0.2767920 0.0299291 0.0486635 0.0921887 0.0000000 0.0523186 0.1022083 0.0988480 0.0315046 0.0386240 0.3123506 0.2310233 0.2230639 0.0571064 0.0326130 0.0400667 0.1043568 0.1135771 0.0561581 0.1154379 0.0538357 0.0359965 0.0248155 0.0298732 0.0312350 0.0314674 0.0285602 0.0501908 0.0454529 0.1005624 0.1838352 0.1856865 0.0404647 0.0696623 0.0155211 0.0346961 0.0249754 0.0191510 0.0613109 0.0594109 0.1142290 0.0524245 0.1024309 0.1173569 0.0411021 0.0437615 0.1026601 0.0314674 0.1094579 0.0416575 0.0422595 0.1047161 0.0619618 0.0552953 0.1066381 0.0372225 0.0467485 0.0496663 0.1879848 0.1841961 0.2127399 0.0980163 0.1715397 0.0626397 0.0887068 0.1030160 0.0404259 0.0781698 0.0301199 0.0396150 0.0326294 0.0358580 0.0547790 0.0582096 0.0518026 0.2155387 0.0471372 0.0427834 0.2597891 0.0484882 0.0343992 0.0562001 0.1730100 0.0359885 0.0615222 0.0529511 0.0237428 0.0372730 0.2702822 0.0484459 0.2495772 0.0358503 0.0408189 0.0445583 0.0342914 0.2154875 0.0268431 0.0285260 0.1124710 0.0298795 0.0311036 0.0507931 0.0367532 
S0558         0.1951489 0.0483317 0.0566686 0.0554564 0.0529747 0.1340105 0.2568799 0.0576154 0.0517741 0.0573224 0.3267590 0.1361447 0.1461484 0.2721707 0.1253698 0.3083347 0.0617588 0.0591187 0.1258321 0.0573231 0.0486295 0.0530451 0.0528474 0.2847185 0.0496950 0.0529117 0.1165412 0.0523186 0.0000000 0.1240931 0.1246755 0.0374772 0.0468098 0.3547468 0.2486955 0.2276226 0.0467508 0.0531800 0.0559245 0.1358736 0.1180397 0.0563641 0.1405065 0.0558268 0.0538001 0.0622514 0.0495948 0.0469429 0.0513971 0.0433570 0.0791301 0.0529160 0.1250714 0.1845324 0.2091834 0.0532356 0.0889716 0.0581515 0.0710282 0.0679245 0.0591711 0.0708294 0.0747157 0.1056701 0.0624004 0.1362897 0.1464719 0.0830629 0.0851654 0.1129315 0.0513971 0.1146374 0.0780210 0.0558983 0.1368471 0.0631532 0.0632530 0.1095822 0.0485070 0.0598767 0.0611728 0.1913873 0.1952578 0.2158944 0.1147829 0.1859405 0.0687512 0.1133277 0.1347050 0.0552362 0.1086000 0.0553593 0.0526870 0.0467943 0.0502544 0.0561850 0.0704929 0.0571298 0.2155645 0.0608278 0.0558172 0.2646689 0.0543631 0.0545077 0.0713040 0.1761698 0.0472878 0.0802302 0.0673047 0.0491161 0.0566585 0.3030633 0.0498039 0.2682613 0.0371892 0.0343180 0.0594509 0.0532014 0.2169288 0.0491819 0.0537410 0.1268785 0.0457650 0.0539260 0.0673141 0.0581510 
S0616         0.1828502 0.1209281 0.1247569 0.0979028 0.1202143 0.0701777 0.2581676 0.1191717 0.1249680 0.0974298 0.3031637 0.0782294 0.0808874 0.4133095 0.0728064 0.3397665 0.1197453 0.1320442 0.0743065 0.1121295 0.1126339 0.1176082 0.1220041 0.3229449 0.1195930 0.1271062 0.0649106 0.1022083 0.1240931 0.0000000 0.0768175 0.1147057 0.1076590 0.2922550 0.2590889 0.2563974 0.1099675 0.1184790 0.1084877 0.0791164 0.1765042 0.1252573 0.0898903 0.1290925 0.1162638 0.1164343 0.1213931 0.1153228 0.1218491 0.1182422 0.1307147 0.1201423 0.0718345 0.2327286 0.2287180 0.1167646 0.0795318 0.1146547 0.1345874 0.1183124 0.1153320 0.1371600 0.1173612 0.1887787 0.1324777 0.0722889 0.1080283 0.1184380 0.1128720 0.1763610 0.1218491 0.1876112 0.1227906 0.1190755 0.0801344 0.1151830 0.1211861 0.1824526 0.1171992 0.1160287 0.1260067 0.2737506 0.2195679 0.2481132 0.0597803 0.2096169 0.0483722 0.0617716 0.0776968 0.1178928 0.0586994 0.1121074 0.1050570 0.1149042 0.1140935 0.1149659 0.1379088 0.1108574 0.2309905 0.1195329 0.1185669 0.3380413 0.1121907 0.1230627 0.1135000 0.2202880 0.1121899 0.1194792 0.1312353 0.1156420 0.1130302 0.2808352 0.1089599 0.2491558 0.1065791 0.1025405 0.1266830 0.1155340 0.2539830 0.1168111 0.1090204 0.1784897 0.1080036 0.1172084 0.1454874 0.1121949 
S0620         0.2017770 0.1278463 0.1154533 0.0929739 0.1217996 0.0046069 0.2930790 0.1154316 0.1229497 0.0977091 0.3070023 0.0221987 0.0520382 0.3144962 0.0043901 0.3547411 0.1096379 0.1109031 0.0028375 0.1172521 0.1099165 0.1193906 0.1134038 0.3336805 0.1089957 0.1239172 0.0176852 0.0988480 0.1246755 0.0768175 0.0000000 0.1107508 0.1106716 0.3256478 0.2717943 0.2828166 0.1248612 0.1104427 0.0885788 0.0078359 0.1799967 0.1184126 0.0042032 0.1273444 0.1157831 0.1054400 0.1108355 0.1145500 0.1112584 0.1075743 0.1156498 0.1033406 0.0548755 0.2487086 0.2415406 0.0940288 0.0612078 0.1075176 0.1065426 0.1050669 0.1105885 0.1463380 0.1057319 0.1812698 0.1256414 0.0623087 0.0652777 0.1076796 0.1072523 0.1808336 0.1112584 0.1768481 0.1034677 0.1090408 0.0701543 0.0986402 0.1160098 0.1759069 0.1146695 0.1034075 0.1054142 0.2349566 0.2355810 0.2798907 0.0029708 0.2338702 0.0648700 0.0102907 0.0139077 0.1184559 0.0369606 0.0941300 0.1045239 0.1143592 0.1172401 0.1136745 0.1312275 0.1215799 0.2419618 0.1164360 0.1144698 0.3784946 0.0951757 0.1067376 0.1075087 0.2333818 0.1158296 0.0973794 0.1194806 0.1028884 0.1121496 0.3229200 0.1023018 0.2841501 0.1034554 0.1087812 0.1086610 0.0970247 0.2644341 0.1112958 0.0952250 0.1801710 0.1051014 0.1089455 0.1405794 0.0913540 
