127
PAFTOL_019361 0.0000000 0.1935312 0.1870641 0.2176824 0.1975826 0.1841031 0.2597702 0.2169271 0.2093597 0.1985911 0.1897692 0.2058358 0.2399388 0.2721498 0.2187984 0.2563920 0.1734095 0.1819654 0.1601414 0.2590899 0.2140319 0.1909230 0.1943085 0.2376652 0.1756218 0.1988956 0.2510539 0.1800242 0.2600906 0.1926246 0.1858104 0.2193602 0.2565006 4.7653712 0.1936174 0.1937804 0.2106608 0.2032671 0.2365290 0.1716338 0.1976708 0.2033134 0.2568401 0.2222235 0.2210723 0.2508956 0.1790930 0.2353127 0.2036883 0.1845257 0.1737708 0.1894751 0.1871383 0.2107996 0.2214408 0.2052910 0.2009268 0.1599628 0.2268130 0.2088936 0.1779637 0.1885042 0.2202075 0.2347203 0.1476965 0.1476832 4.7653712 0.2134601 0.2149766 0.2085435 0.1814836 0.2222235 4.7653712 0.1950287 0.2062391 0.2227755 0.2387604 0.2222235 0.1918370 0.2096019 0.1787062 0.2093012 0.2235861 0.2654801 0.2194005 0.2040927 0.2807509 0.2654801 0.2029500 0.2107310 0.2284067 0.2160833 0.2386139 0.1944115 0.2009855 0.2018020 0.2482251 0.2270767 0.2099674 0.2236076 0.2082473 0.2406362 0.1937145 0.1884245 0.1972772 0.2178252 0.2414464 0.1845257 0.2107682 0.2726566 0.1689338 0.1960458 0.1966017 0.1880729 0.1948769 0.2204819 0.1900966 0.2063428 0.1915044 0.2291623 0.1785177 0.1794983 0.2176163 0.1939672 0.1689338 0.2197338 0.1951494 
S0055         0.1935312 0.0000000 0.0483255 0.0618131 0.0455116 0.0263656 0.0853505 0.0900290 0.0408723 0.0309307 0.0489426 0.0737730 0.0857010 0.0864460 0.0844386 0.0942030 0.0639265 0.0487146 0.0342759 0.0852519 0.0591044 0.0309414 0.0265971 0.0596478 0.0543274 0.0364133 0.0536260 0.0798206 0.0827285 0.0638331 0.0567345 0.0482894 0.0937204 0.0844447 0.0408639 0.0310812 0.0669730 0.0592588 0.0726851 0.0359845 0.0657008 0.0693930 0.0852016 0.0852328 0.0558594 0.0879904 0.0310638 0.0793939 0.0385263 0.0288001 0.0362207 0.0701375 0.0692470 0.0733499 0.0836324 0.0817737 0.0413358 0.1101213 0.0701899 0.0666288 0.0592347 0.0875686 0.0586099 0.0948178 0.0344879 0.0529688 0.0995541 0.0703453 0.0734513 0.0891642 0.0359976 0.0826506 0.0862121 0.0559670 0.0699996 0.0339706 0.0618685 0.0800208 0.0313056 0.0265792 0.0543448 0.0726353 0.0699296 0.0906944 0.0645091 0.0652915 0.0967591 0.0911295 0.1103185 0.0313115 0.0857067 0.0615991 0.0483351 0.1672977 0.0241914 0.0176560 0.0562486 0.0337318 0.0648695 0.0484341 0.0412718 0.0869174 0.0242809 0.0360298 0.0617436 0.0558603 0.0652319 0.0219149 0.0560463 0.0637009 0.0384670 0.0311953 0.0922192 0.0359627 0.0614668 0.0286965 0.0383778 0.0480182 0.0431932 0.0736819 0.0436411 0.0388927 0.0676452 0.0437004 0.0383171 0.0411530 0.0413111 
S0196sl       0.1870641 0.0483255 0.0000000 0.0698309 0.0287451 0.0431757 0.0792501 0.0781457 0.0358543 0.0479862 0.0466262 0.0742588 0.0820818 0.0751552 0.0782961 0.0879069 0.0611030 0.0485099 0.0555904 0.0791595 0.0821817 0.0480036 0.0434824 0.0623237 0.0417377 0.0198915 0.0699534 0.0710707 0.0766702 0.0559874 0.0488824 0.0558831 0.0910041 0.0643051 0.0560776 0.0531369 0.0698331 0.0564675 0.0620296 0.0409827 0.0829978 0.0458343 0.0791141 0.0874664 0.0722576 0.0764220 0.0433519 0.0708153 0.0266224 0.0458372 0.0197875 0.0540063 0.0510137 0.0703655 0.0690537 0.0757907 0.0363861 0.1301066 0.0644919 0.0585778 0.0488377 0.0937660 0.0312024 0.0886776 0.0505935 0.0659087 0.0593501 0.0595238 0.0624745 0.0857855 0.0196701 0.0848875 0.0560448 0.0506811 0.0591130 0.0515661 0.0594061 0.0822591 0.0485836 0.0435407 0.0492108 0.0621219 0.0594895 0.0818217 0.0564584 0.0707427 0.0904216 0.0849044 0.1313782 0.0486029 0.0711522 0.0664434 0.0458499 0.1855893 0.0409480 0.0364114 0.0618961 0.0511956 0.0671705 0.0460625 0.0415235 0.0814278 0.0437299 0.0196869 0.0537784 0.0310739 0.0599599 0.0409679 0.0311716 0.0695007 0.0383104 0.0435428 0.0812185 0.0586135 0.0642587 0.0456649 0.0409000 0.0555659 0.0430159 0.0681219 0.0361961 0.0339844 0.0546037 0.0314619 0.0381617 0.0591740 0.0339039 
S0278         0.2176824 0.0618131 0.0698309 0.0000000 0.0666399 0.0696592 0.1040111 0.0469343 0.0578165 0.0696324 0.0757222 0.0348320 0.1070957 0.0962829 0.0343712 0.1134122 0.0293225 0.0705767 0.0816186 0.1038880 0.1051048 0.0749110 0.0781099 0.0796023 0.0248556 0.0601191 0.0939624 0.0464223 0.1012799 0.0267405 0.0711459 0.0669886 0.1027894 0.0501529 0.0870379 0.0726305 0.0267629 0.0436895 0.0651956 0.0597515 0.1060007 0.0786306 0.1038223 0.0919264 0.0769259 0.1034305 0.0778922 0.0948114 0.0649147 0.0727088 0.0598459 0.0789975 0.0784619 0.0539148 0.0897375 0.0617503 0.0673472 0.0815517 0.0904601 0.0815007 0.0710846 0.1146264 0.0697386 0.0996609 0.0821869 0.0683264 0.0887175 0.0772835 0.0834172 0.0902477 0.0569152 0.0892832 0.0857564 0.0646527 0.0790421 0.0793757 0.0905078 0.0865857 0.0677616 0.0784266 0.0296553 0.0651499 0.0624806 0.1095956 0.0486658 0.0179952 0.1010886 0.1040234 0.1357811 0.0702925 0.0983469 0.0843481 0.0743850 0.1940299 0.0667493 0.0570792 0.0871795 0.0733415 0.0569171 0.0759122 0.0670503 0.0418381 0.0785730 0.0620930 0.0316092 0.0668396 0.0735602 0.0673786 0.0722938 0.0870070 0.0644387 0.0596387 0.0491290 0.0839130 0.0561484 0.0805396 0.0698701 0.0774013 0.0669282 0.0735057 0.0623135 0.0646947 0.1091870 0.0649970 0.0616037 0.0822004 0.0619634 
S0281         0.1975826 0.0455116 0.0287451 0.0666399 0.0000000 0.0404534 0.0732371 0.0778320 0.0330756 0.0451961 0.0541966 0.0762829 0.0760022 0.0744928 0.0777642 0.0816939 0.0580859 0.0408707 0.0388880 0.0731544 0.0786330 0.0452123 0.0456215 0.0592329 0.0488903 0.0221601 0.0667566 0.0676945 0.0707004 0.0530490 0.0460304 0.0529522 0.0874052 0.0737904 0.0507014 0.0502591 0.0666426 0.0534997 0.0567022 0.0431197 0.0648496 0.0482485 0.0731131 0.0930761 0.0638998 0.0757885 0.0453960 0.0675692 0.0289164 0.0430622 0.0220444 0.0538104 0.0481489 0.0671434 0.0685872 0.0753256 0.0290064 0.1085554 0.0588847 0.0555983 0.0459884 0.0929778 0.0382779 0.0940576 0.0340561 0.0397966 0.0686740 0.0590097 0.0619296 0.0914322 0.0219129 0.0904692 0.0654830 0.0430277 0.0486580 0.0509910 0.0563745 0.0878078 0.0457532 0.0456830 0.0513803 0.0566599 0.0540795 0.0783989 0.0561276 0.0649660 0.0785704 0.0787639 0.0954935 0.0457697 0.0706719 0.0532163 0.0429283 0.1711002 0.0382469 0.0409611 0.0588308 0.0456636 0.0640238 0.0432712 0.0386186 0.0783968 0.0458804 0.0219317 0.0508576 0.0357746 0.0545014 0.0382652 0.0358881 0.0663281 0.0310220 0.0407929 0.0833623 0.0457224 0.0611670 0.0477912 0.0335093 0.0477944 0.0356175 0.0626321 0.0335617 0.0313697 0.0620026 0.0288959 0.0309039 0.0561569 0.0312961 
S0282         0.1841031 0.0263656 0.0431757 0.0696592 0.0404534 0.0000000 0.0792707 0.0866305 0.0355899 0.0084970 0.0460126 0.0768212 0.0821041 0.0833030 0.0865548 0.0879330 0.0609576 0.0435178 0.0440248 0.0791801 0.0432515 0.0084997 0.0173475 0.0591624 0.0541009 0.0364474 0.0411565 0.0737222 0.0766893 0.0558557 0.0463957 0.0479680 0.0940376 0.0794496 0.0174484 0.0217206 0.0696613 0.0513314 0.0675466 0.0382795 0.0540630 0.0536885 0.0791346 0.0909378 0.0637689 0.0818688 0.0172655 0.0681333 0.0385622 0.0107102 0.0362543 0.0619132 0.0585822 0.0649548 0.0747788 0.0731378 0.0387617 0.1089254 0.0672351 0.0560427 0.0488258 0.0783153 0.0532365 0.0921471 0.0290035 0.0521859 0.0844628 0.0594909 0.0624396 0.0892688 0.0360309 0.0883245 0.0713071 0.0506544 0.0617696 0.0290772 0.0563745 0.0856584 0.0129715 0.0218794 0.0541929 0.0700797 0.0673884 0.0845286 0.0564393 0.0705818 0.0906405 0.0849285 0.1018277 0.0173980 0.0768669 0.0611731 0.0429283 0.1538954 0.0106961 0.0266511 0.0588308 0.0197170 0.0618507 0.0432712 0.0335399 0.0897830 0.0219736 0.0360630 0.0587874 0.0505591 0.0626933 0.0063829 0.0507250 0.0663281 0.0335212 0.0173357 0.0896162 0.0310801 0.0535254 0.0239875 0.0334448 0.0505069 0.0381672 0.0710895 0.0338193 0.0363454 0.0594473 0.0386093 0.0333925 0.0314197 0.0362592 
S0288         0.2597702 0.0853505 0.0792501 0.1040111 0.0732371 0.0792707 0.0000000 0.1073026 0.0665264 0.0819708 0.0915968 0.1097941 0.0129621 0.0362469 0.1158059 0.0085926 0.0924807 0.0879405 0.1153927 0.0064001 0.0936262 0.0847376 0.0825662 0.0885227 0.0778593 0.0749666 0.0839851 0.0976590 0.0021240 0.0876283 0.0803150 0.0906177 0.0471105 0.1062340 0.0876905 0.0907148 0.1040016 0.0749860 0.0929075 0.0679411 0.1411659 0.0883395 0.0021154 0.0986303 0.0985255 0.0129082 0.0908533 0.0958831 0.0800641 0.0824444 0.0715155 0.0930397 0.0885718 0.0918914 0.0527115 0.0899589 0.0721118 0.1589992 0.0221482 0.0946389 0.0802698 0.1229225 0.0881146 0.1190694 0.0885852 0.0529664 0.0740978 0.0956517 0.0991981 0.1089867 0.0713606 0.0959323 0.0873217 0.0909400 0.0439449 0.0895333 0.0857198 0.0931730 0.0825298 0.0915002 0.0832777 0.0986129 0.0956153 0.0063809 0.0777598 0.0990133 0.0338924 0.0064054 0.0046174 0.0889343 0.0633693 0.1064714 0.0840833 0.2425273 0.0825282 0.0830670 0.0948492 0.0917363 0.0952102 0.0796721 0.0671229 0.1172569 0.0886419 0.0741135 0.0858055 0.0849484 0.0906479 0.0743135 0.0880220 0.0915740 0.0732195 0.0857246 0.1140413 0.0907962 0.0890717 0.0936241 0.0714047 0.0928388 0.0845653 0.1030382 0.0716910 0.0666791 0.1071622 0.0747011 0.0761953 0.0826252 0.0661388 
S0289         0.2169271 0.0900290 0.0781457 0.0469343 0.0778320 0.0866305 0.1073026 0.0000000 0.0721663 0.0865962 0.0940389 0.0584699 0.1104206 0.1023145 0.0654402 0.1167998 0.0465961 0.0876257 0.0948856 0.1071751 0.1122289 0.0921311 0.0871873 0.0945249 0.0371958 0.0712987 0.1035832 0.0547634 0.1041600 0.0412986 0.0883361 0.0894760 0.1131434 0.0737642 0.1019545 0.0898262 0.0469391 0.0592043 0.0646588 0.0678998 0.1131632 0.0906671 0.1071067 0.1048253 0.1004043 0.1100810 0.0897683 0.1171424 0.0817806 0.0869241 0.0709715 0.0869044 0.0904708 0.0706200 0.0966309 0.0778824 0.0795099 0.0806792 0.0935692 0.0932288 0.0854651 0.1210752 0.0811173 0.1131456 0.0824741 0.0686832 0.0837718 0.0890486 0.0954653 0.1058377 0.0678732 0.1020890 0.1121283 0.0754189 0.0820329 0.0973960 0.0974999 0.0992856 0.0848039 0.0960023 0.0371060 0.0621623 0.0595286 0.1067859 0.0644462 0.0474562 0.1124032 0.1073157 0.1297264 0.0875665 0.1015941 0.0961758 0.0835298 0.1934697 0.0835096 0.0816069 0.0945234 0.0936214 0.0704649 0.0792265 0.0765643 0.0626552 0.0964226 0.0732362 0.0364087 0.0780734 0.0757671 0.0843209 0.0837481 0.0940906 0.0756203 0.0792184 0.0573814 0.0958860 0.0696626 0.0980924 0.0812716 0.0981157 0.0781782 0.0708220 0.0734994 0.0765537 0.1075671 0.0762913 0.0726455 0.1001795 0.0763815 
S0292         0.2093597 0.0408723 0.0358543 0.0578165 0.0330756 0.0355899 0.0665264 0.0721663 0.0000000 0.0380722 0.0551368 0.0675072 0.0722693 0.0661459 0.0716639 0.0724684 0.0486270 0.0439452 0.0377375 0.0692926 0.0693049 0.0405890 0.0384011 0.0525256 0.0417036 0.0312845 0.0577426 0.0611004 0.0611132 0.0487776 0.0469207 0.0516547 0.0790706 0.0712874 0.0487156 0.0407423 0.0661001 0.0468301 0.0521053 0.0359381 0.0607763 0.0600437 0.0664102 0.0797456 0.0689367 0.0720560 0.0407630 0.0701673 0.0386604 0.0383028 0.0311079 0.0552971 0.0599107 0.0611074 0.0561373 0.0725519 0.0311791 0.1161167 0.0548260 0.0572019 0.0468747 0.0804182 0.0437413 0.0833115 0.0321460 0.0585015 0.0716579 0.0581062 0.0640636 0.0808280 0.0309067 0.0770249 0.0632171 0.0410808 0.0549375 0.0383880 0.0281990 0.0742610 0.0357553 0.0410350 0.0467712 0.0520630 0.0493715 0.0719183 0.0470073 0.0634265 0.0727490 0.0722691 0.1079192 0.0411161 0.0644152 0.0596064 0.0046072 0.1855033 0.0332526 0.0311171 0.0281695 0.0409058 0.0551725 0.0089579 0.0000028 0.0784871 0.0412231 0.0309357 0.0517789 0.0409999 0.0467112 0.0332700 0.0436947 0.0382477 0.0281371 0.0356224 0.0752553 0.0488290 0.0491462 0.0381534 0.0385108 0.0513986 0.0357283 0.0553132 0.0335379 0.0286931 0.0583475 0.0310823 0.0306953 0.0493242 0.0259527 
S0293         0.1985911 0.0309307 0.0479862 0.0696324 0.0451961 0.0084970 0.0819708 0.0865962 0.0380722 0.0000000 0.0485589 0.0767906 0.0793490 0.0886934 0.0892666 0.0877254 0.0609347 0.0483698 0.0439575 0.0818769 0.0432351 0.0128204 0.0218051 0.0616969 0.0591376 0.0412343 0.0411416 0.0792710 0.0793799 0.0583238 0.0488489 0.0528274 0.0996832 0.0893024 0.0219334 0.0262089 0.0696345 0.0513123 0.0623216 0.0430198 0.0539800 0.0536685 0.0818295 0.0854786 0.0637448 0.0845791 0.0217016 0.0707603 0.0433415 0.0150782 0.0410162 0.0644697 0.0585602 0.0649297 0.0774852 0.0731092 0.0435678 0.1087439 0.0724422 0.0585359 0.0512910 0.0782825 0.0532169 0.0866101 0.0289605 0.0520915 0.0944380 0.0620403 0.0650198 0.0837711 0.0407617 0.0828890 0.0762463 0.0555674 0.0668915 0.0290671 0.0614163 0.0802515 0.0107756 0.0218720 0.0592402 0.0648295 0.0621748 0.0872500 0.0564181 0.0705542 0.0962188 0.0876641 0.1016507 0.0218696 0.0822934 0.0662452 0.0454430 0.1536836 0.0150580 0.0312679 0.0588086 0.0242336 0.0669807 0.0456726 0.0360407 0.0897471 0.0219661 0.0407985 0.0638473 0.0505406 0.0679016 0.0106977 0.0556455 0.0714623 0.0358536 0.0173300 0.0895804 0.0310693 0.0535056 0.0285055 0.0381149 0.0554046 0.0428944 0.0764212 0.0361733 0.0411207 0.0594248 0.0433946 0.0333808 0.0314087 0.0386322 
S0294         0.1897692 0.0489426 0.0466262 0.0757222 0.0541966 0.0460126 0.0915968 0.0940389 0.0551368 0.0485589 0.0000000 0.0805086 0.0917128 0.0864767 0.0815406 0.0972729 0.0605529 0.0520816 0.0807637 0.0847658 0.0694863 0.0511764 0.0463961 0.0693606 0.0585474 0.0500119 0.0656236 0.0899125 0.0887766 0.0632935 0.0582006 0.0545731 0.1014505 0.0564505 0.0543645 0.0540619 0.0727706 0.0723297 0.0846334 0.0465442 0.1238250 0.0663777 0.0914253 0.0804362 0.0721190 0.0944289 0.0462097 0.0824402 0.0522719 0.0437107 0.0470764 0.0666256 0.0632320 0.0786511 0.0736046 0.0787887 0.0523825 0.1561532 0.0751361 0.0688071 0.0607007 0.0940460 0.0541109 0.0844821 0.0878548 0.0867691 0.0666223 0.0636029 0.0634687 0.0749875 0.0441640 0.0776916 0.0469848 0.0604004 0.0687744 0.0578072 0.0784398 0.0775147 0.0464880 0.0491221 0.0616051 0.0818380 0.0788500 0.0973542 0.0752189 0.0740302 0.1007518 0.0978563 0.1657703 0.0490341 0.0753859 0.0777928 0.0609800 0.2221956 0.0436422 0.0387297 0.0726367 0.0546441 0.0723006 0.0631890 0.0532497 0.0907817 0.0493491 0.0494364 0.0694402 0.0569640 0.0825116 0.0435560 0.0518635 0.0839195 0.0519492 0.0438374 0.0932719 0.0539098 0.0778773 0.0540004 0.0489979 0.0656549 0.0545502 0.0859279 0.0467811 0.0496870 0.0638161 0.0550212 0.0517268 0.0577944 0.0495591 
S0299         0.2058358 0.0737730 0.0742588 0.0348320 0.0762829 0.0768212 0.1097941 0.0584699 0.0675072 0.0767906 0.0805086 0.0000000 0.1129967 0.0987166 0.0501255 0.1195465 0.0422267 0.0833786 0.0943530 0.1096608 0.1112034 0.0822806 0.0858780 0.0875365 0.0324583 0.0663195 0.0927135 0.0546304 0.1037143 0.0345352 0.0812485 0.0768621 0.1188682 0.0613502 0.0950203 0.0738702 0.0446735 0.0515032 0.0678351 0.0626806 0.1061947 0.0829056 0.1095887 0.0998276 0.0816942 0.1066115 0.0798941 0.1071894 0.0686308 0.0800341 0.0634485 0.0777559 0.0765930 0.0595121 0.1019753 0.0649251 0.0624479 0.0860004 0.0985785 0.0920287 0.0811798 0.1272309 0.0714721 0.1113291 0.0950231 0.0748628 0.0978664 0.0812896 0.0848597 0.0984600 0.0604269 0.0970931 0.0890074 0.0762089 0.0867296 0.0898088 0.0988002 0.0971614 0.0749164 0.0887692 0.0400046 0.0681076 0.0709397 0.1155586 0.0566339 0.0322922 0.1192400 0.1098081 0.1511737 0.0772054 0.1028408 0.0960398 0.0785219 0.2231186 0.0737655 0.0717339 0.0920880 0.0863653 0.0625833 0.0802368 0.0717145 0.0529472 0.0851368 0.0657292 0.0421299 0.0711457 0.0796405 0.0713590 0.0767945 0.0979118 0.0767569 0.0692289 0.0491680 0.0974668 0.0563793 0.0909053 0.0772310 0.0959654 0.0793565 0.0802477 0.0718842 0.0598161 0.1076230 0.0774495 0.0737275 0.0862015 0.0629724 
S0303         0.2399388 0.0857010 0.0820818 0.1070957 0.0760022 0.0821041 0.0129621 0.1104206 0.0722693 0.0793490 0.0917128 0.1129967 0.0000000 0.0463470 0.1189796 0.0152080 0.0953967 0.0908517 0.1075337 0.0107602 0.0880943 0.0876119 0.0854411 0.0882979 0.0807252 0.0778050 0.0812984 0.0939944 0.0107965 0.0905268 0.0804279 0.0935450 0.0548480 0.1182963 0.0905934 0.0995256 0.1070847 0.0778245 0.0901762 0.0706674 0.1327123 0.0856685 0.0107559 0.1075722 0.1015749 0.0173622 0.0937894 0.0960275 0.0829294 0.0853147 0.0743023 0.0931787 0.0858960 0.0948680 0.0553397 0.0929457 0.0749241 0.1498989 0.0315352 0.0947793 0.0803827 0.1188202 0.0910324 0.1222783 0.0814943 0.0461300 0.0847547 0.0957953 0.0993496 0.1120886 0.0741405 0.1048275 0.0936480 0.0938799 0.0464453 0.0925016 0.0944783 0.1020127 0.0798924 0.0836861 0.0861808 0.0958605 0.0928768 0.0151369 0.0806208 0.1020829 0.0411615 0.0151975 0.0141568 0.0918831 0.0660878 0.1095610 0.0871110 0.2333065 0.0854017 0.0828558 0.0980683 0.0947061 0.0982209 0.0797831 0.0700213 0.1163829 0.0808606 0.0769165 0.0887206 0.0878301 0.0936607 0.0771243 0.0909367 0.1004833 0.0759839 0.0886359 0.1172329 0.0830441 0.0920243 0.0914425 0.0741867 0.0957667 0.0874321 0.1061633 0.0717881 0.0694487 0.1043862 0.0800509 0.0789922 0.0799811 0.0688834 
S0308         0.2721498 0.0864460 0.0751552 0.0962829 0.0744928 0.0833030 0.0362469 0.1023145 0.0661459 0.0886934 0.0864767 0.0987166 0.0463470 0.0000000 0.1103840 0.0464316 0.0907228 0.0869946 0.1201589 0.0388822 0.1015666 0.0887284 0.0810464 0.1033125 0.0707527 0.0762240 0.0944791 0.0956783 0.0341873 0.0863514 0.0876954 0.0861643 0.0491433 0.0940275 0.0952949 0.0974712 0.1019556 0.0843713 0.0939075 0.0667235 0.1324527 0.0923379 0.0388637 0.0948392 0.1022865 0.0437023 0.0891238 0.1092927 0.0839053 0.0835812 0.0728112 0.0997263 0.0896232 0.0956911 0.0491347 0.1061501 0.0734087 0.1636997 0.0265418 0.0983525 0.0876483 0.1308821 0.0775530 0.1087229 0.0999437 0.0447222 0.0690543 0.0937908 0.0972511 0.0990297 0.0726562 0.0921792 0.0855791 0.0837488 0.0380073 0.0876668 0.0847937 0.0894632 0.0898615 0.0925090 0.0763155 0.0938518 0.0909387 0.0436643 0.0816830 0.0971593 0.0413811 0.0438529 0.0618267 0.0899847 0.0539738 0.0957312 0.0802522 0.2461358 0.0836648 0.0731232 0.0874448 0.0957291 0.0905642 0.0788054 0.0697322 0.1078561 0.0896935 0.0753704 0.0895974 0.0805162 0.0888779 0.0755704 0.0863952 0.0815832 0.0750809 0.0867278 0.1089007 0.0981896 0.0901210 0.0945940 0.0727005 0.0946152 0.0802902 0.0950369 0.0729871 0.0680538 0.0974687 0.0652274 0.0747647 0.0900857 0.0733655 
S0320         0.2187984 0.0844386 0.0782961 0.0343712 0.0777642 0.0865548 0.1158059 0.0654402 0.0716639 0.0892666 0.0815406 0.0501255 0.1189796 0.1103840 0.0000000 0.1254574 0.0465696 0.0815214 0.0950295 0.1156684 0.1254852 0.0920505 0.0871978 0.0822216 0.0295665 0.0708026 0.1125161 0.0629665 0.1130338 0.0411001 0.0827079 0.0893977 0.1302122 0.0689345 0.0897952 0.0835536 0.0440716 0.0565081 0.0875475 0.0707893 0.1261031 0.0964078 0.1155932 0.1018047 0.0909645 0.1153976 0.0922723 0.1078338 0.0756638 0.0843428 0.0704794 0.0874748 0.0961992 0.0704097 0.0887547 0.0787322 0.0759314 0.1005811 0.1055055 0.0875777 0.0826394 0.1319560 0.0801719 0.1128967 0.0957100 0.0666699 0.1098091 0.0853815 0.0916677 0.1032969 0.0674082 0.1050304 0.0806182 0.0842745 0.0839155 0.0937898 0.1124230 0.1022102 0.0784413 0.0959163 0.0396787 0.0816695 0.0846450 0.1214845 0.0564990 0.0398097 0.1229172 0.1158212 0.1523670 0.0905129 0.1002573 0.0954923 0.0884723 0.2137701 0.0834366 0.0700805 0.1093349 0.0902906 0.0594731 0.0897567 0.0785945 0.0441752 0.0963362 0.0727302 0.0464670 0.0806919 0.0937202 0.0842460 0.0782794 0.1088255 0.0723004 0.0818774 0.0654301 0.0958002 0.0668754 0.0980050 0.0868284 0.0954928 0.0721870 0.0972529 0.0789758 0.0787230 0.1146210 0.0818126 0.0752340 0.0935711 0.0671924 
S0322         0.2563920 0.0942030 0.0879069 0.1134122 0.0816939 0.0879330 0.0085926 0.1167998 0.0724684 0.0877254 0.0972729 0.1195465 0.0152080 0.0464316 0.1254574 0.0000000 0.1013816 0.0968326 0.1207191 0.0107830 0.0999261 0.0935200 0.0913527 0.0917929 0.0866228 0.0836479 0.0898952 0.1073899 0.0064414 0.0964817 0.0853251 0.0995557 0.0549455 0.1187908 0.0965573 0.0996645 0.1133979 0.0836675 0.0989724 0.0762821 0.1537189 0.0942418 0.0064170 0.1077143 0.1078272 0.0173979 0.0998183 0.1010365 0.0888238 0.0912170 0.0800405 0.0981863 0.0944858 0.1009797 0.0607544 0.0990808 0.0807151 0.1644240 0.0268702 0.0997301 0.0852786 0.1265667 0.0970269 0.1288220 0.0938146 0.0523938 0.0851397 0.1007920 0.1043841 0.1184321 0.0798647 0.1049686 0.0921379 0.0999165 0.0515930 0.0985986 0.0946151 0.1021525 0.0883217 0.0974668 0.0921506 0.1047616 0.1017136 0.0107511 0.0865083 0.1083766 0.0412382 0.0107936 0.0141309 0.0979408 0.0716882 0.1158830 0.0933393 0.2541965 0.0913106 0.0919142 0.1008961 0.1008039 0.1043979 0.0856040 0.0731252 0.1209041 0.0945641 0.0826867 0.0947124 0.0937534 0.0998487 0.0829103 0.0969248 0.1006239 0.0761042 0.0946198 0.1237512 0.0967104 0.0980895 0.1026454 0.0799151 0.1017759 0.0877520 0.1125643 0.0766364 0.0751540 0.1134191 0.0833462 0.0847477 0.0884330 0.0745368 
S0327         0.1734095 0.0639265 0.0611030 0.0293225 0.0580859 0.0609576 0.0924807 0.0465961 0.0486270 0.0609347 0.0605529 0.0422267 0.0953967 0.0907228 0.0465696 0.1013816 0.0000000 0.0643131 0.0793514 0.0923747 0.0976481 0.0660373 0.0692415 0.0736704 0.0270122 0.0516290 0.0896869 0.0486612 0.0898639 0.0288604 0.0595874 0.0666865 0.1045315 0.0411012 0.0776256 0.0637934 0.0388147 0.0458073 0.0647210 0.0488461 0.1025284 0.0669141 0.0923198 0.0882712 0.0730549 0.0951184 0.0688861 0.0882355 0.0563125 0.0638597 0.0513985 0.0700113 0.0667730 0.0533636 0.0822850 0.0669626 0.0617084 0.0906164 0.0745047 0.0722808 0.0570447 0.1033635 0.0610235 0.0958053 0.0684346 0.0578148 0.0784956 0.0680770 0.0739382 0.0865816 0.0486118 0.0856667 0.0754162 0.0612553 0.0689559 0.0729579 0.0806608 0.0830120 0.0590439 0.0693463 0.0295141 0.0646750 0.0620267 0.0978211 0.0507791 0.0297658 0.1010876 0.0924900 0.1209937 0.0643058 0.0870704 0.0857218 0.0617250 0.1820294 0.0612100 0.0536955 0.0778866 0.0670519 0.0615542 0.0637555 0.0574959 0.0493029 0.0696467 0.0536121 0.0337381 0.0582539 0.0671802 0.0587145 0.0635018 0.0775452 0.0559105 0.0539065 0.0491705 0.0746426 0.0532743 0.0714496 0.0611362 0.0768381 0.0583297 0.0762346 0.0538000 0.0540523 0.0876478 0.0563826 0.0532010 0.0782159 0.0564421 
S0335         0.1819654 0.0487146 0.0485099 0.0705767 0.0408707 0.0435178 0.0879405 0.0876257 0.0439452 0.0483698 0.0520816 0.0833786 0.0908517 0.0869946 0.0815214 0.0968326 0.0643131 0.0000000 0.0343392 0.0878390 0.0793919 0.0483875 0.0488345 0.0711995 0.0574732 0.0416841 0.0673582 0.0774386 0.0853138 0.0616478 0.0489980 0.0591113 0.0943312 0.0952769 0.0592290 0.0535678 0.0730375 0.0570526 0.0709073 0.0513027 0.0658317 0.0696723 0.0877869 0.0974822 0.0671919 0.0905861 0.0485880 0.0709941 0.0488161 0.0462042 0.0414600 0.0651681 0.0695251 0.0711231 0.0745157 0.0815950 0.0440435 0.1035445 0.0680218 0.0593552 0.0514485 0.1011041 0.0588405 0.1016466 0.0345523 0.0530899 0.0789716 0.0596691 0.0626289 0.0921857 0.0412005 0.0948141 0.0767364 0.0386664 0.0598630 0.0571792 0.0621152 0.0920873 0.0489779 0.0489026 0.0600459 0.0708584 0.0681324 0.0932963 0.0623032 0.0711407 0.0937237 0.0937443 0.1105775 0.0489976 0.0770962 0.0488373 0.0515409 0.1752495 0.0389466 0.0465874 0.0677718 0.0516145 0.0678837 0.0514927 0.0472093 0.0910212 0.0491166 0.0412380 0.0621560 0.0560770 0.0686844 0.0412920 0.0562656 0.0728897 0.0220730 0.0488062 0.0933990 0.0505713 0.0649351 0.0510387 0.0461728 0.0335796 0.0218817 0.0718902 0.0438067 0.0415673 0.0765108 0.0390113 0.0219897 0.0566504 0.0414675 
S0345         0.1601414 0.0342759 0.0555904 0.0816186 0.0388880 0.0440248 0.1153927 0.0948856 0.0377375 0.0439575 0.0807637 0.0943530 0.1075337 0.1201589 0.0950295 0.1207191 0.0793514 0.0343392 0.0000000 0.1150929 0.0844663 0.0439244 0.0441997 0.0798912 0.0570562 0.0457077 0.0790666 0.0742518 0.1155118 0.0669743 0.0444413 0.0616892 0.0830609 1.3618909 0.0442943 0.0496307 0.0685552 0.0624880 0.1081392 0.0443513 0.0501723 0.0613386 0.1141784 0.1120103 0.0741487 0.1215419 0.0444125 0.0798767 0.0505177 0.0337346 0.0456170 0.0738766 0.0500335 0.0816308 0.0919754 0.0945341 0.0446322 0.0998749 0.0806958 0.0608800 0.0494770 0.0562958 0.0563172 0.1121642 0.0444189 0.0648183 1.3618909 0.0563306 0.0681541 0.1214737 0.0449926 0.1120103 1.3618909 0.0555758 0.0758621 0.0460133 0.0561143 0.1120103 0.0388720 0.0395968 0.0515885 0.0946553 0.0880319 0.1209302 0.0743150 0.0773951 0.1202621 0.1209302 0.1219065 0.0448650 0.0904647 0.0242624 0.0560178 0.0443626 0.0392264 0.0501804 0.0628806 0.0507380 0.0735793 0.0554646 0.0450413 0.1009787 0.0340313 0.0397188 0.0683702 0.0503973 0.1013149 0.0337346 0.0503973 0.0748209 0.0237390 0.0448038 0.0880278 0.0392602 0.0677475 0.0388880 0.0337346 0.0191151 0.0289361 0.0891138 0.0391958 0.0393557 0.0868686 0.0290005 0.0237390 0.0617454 0.0396338 
S0355         0.2590899 0.0852519 0.0791595 0.1038880 0.0731544 0.0791801 0.0064001 0.1071751 0.0692926 0.0818769 0.0847658 0.1096608 0.0107602 0.0388822 0.1156684 0.0107830 0.0923747 0.0878390 0.1150929 0.0000000 0.0868152 0.0846404 0.0824710 0.0884198 0.0777690 0.0748800 0.0776460 0.0975380 0.0042646 0.0875275 0.0802221 0.0905130 0.0470587 0.1062340 0.0875895 0.0964326 0.1038786 0.0748993 0.0927977 0.0678646 0.1407995 0.0882370 0.0042488 0.1044218 0.0984089 0.0107158 0.0907481 0.0957695 0.0799717 0.0823495 0.0714338 0.0929295 0.0884688 0.0917838 0.0526527 0.0834655 0.0720287 0.1585759 0.0244603 0.0945281 0.0801770 0.1151794 0.0880126 0.1189274 0.0883603 0.0528207 0.0740978 0.0955387 0.0990799 0.1088583 0.0712792 0.1016974 0.0873217 0.0908346 0.0438975 0.0894283 0.0856204 0.0989061 0.0824348 0.0913935 0.0831809 0.0984960 0.0955023 0.0085418 0.0776697 0.0988965 0.0338566 0.0085754 0.0191582 0.0888305 0.0632976 0.1063459 0.0839815 0.2419970 0.0824331 0.0829707 0.0918883 0.0916291 0.0950982 0.0768662 0.0670425 0.1171160 0.0885387 0.0740288 0.0857059 0.0848507 0.0905402 0.0742284 0.0879203 0.0914672 0.0731368 0.0856251 0.1139046 0.0906912 0.0889676 0.0935157 0.0713233 0.0927320 0.0844685 0.1029144 0.0716089 0.0666027 0.1070351 0.0746151 0.0761088 0.0825298 0.0660637 
S0376         0.2140319 0.0591044 0.0821817 0.1051048 0.0786330 0.0432515 0.0936262 0.1122289 0.0693049 0.0432351 0.0694863 0.1112034 0.0880943 0.1015666 0.1254852 0.0999261 0.0976481 0.0793919 0.0844663 0.0868152 0.0000000 0.0457539 0.0509574 0.0929879 0.0783099 0.0747218 0.0158909 0.0917669 0.0906874 0.0828223 0.0628010 0.0788111 0.1068691 0.1065654 0.0569151 0.0643694 0.1053798 0.0809270 0.0940541 0.0648278 0.0744382 0.0861987 0.0934516 0.1137869 0.0981112 0.0964500 0.0590127 0.0740038 0.0769339 0.0485140 0.0740650 0.0841194 0.0858102 0.1032618 0.1019005 0.0958446 0.0773923 0.1185651 0.0984493 0.0739451 0.0627433 0.0924884 0.0943292 0.1089896 0.0601761 0.0740443 0.0994585 0.0773476 0.0807149 0.1113860 0.0709873 0.1108765 0.0924907 0.0854249 0.0862418 0.0628568 0.0796866 0.1078867 0.0489761 0.0405298 0.0806543 0.1000065 0.0968773 0.0993440 0.0896887 0.1034266 0.0997633 0.0998523 0.1116480 0.0565528 0.0977040 0.0946807 0.0626836 0.1934065 0.0511558 0.0598178 0.0770586 0.0460490 0.0932915 0.0711103 0.0671942 0.1263277 0.0433803 0.0681695 0.0865354 0.0909875 0.0977470 0.0408320 0.0913292 0.0910678 0.0706272 0.0565138 0.1150098 0.0484345 0.0861471 0.0562399 0.0648597 0.0844060 0.0760367 0.1039667 0.0602346 0.0716989 0.0837439 0.0770364 0.0675140 0.0280104 0.0743166 
S0400         0.1909230 0.0309414 0.0480036 0.0749110 0.0452123 0.0084997 0.0847376 0.0921311 0.0405890 0.0128204 0.0511764 0.0822806 0.0876119 0.0887284 0.0920505 0.0935200 0.0660373 0.0483875 0.0439244 0.0846404 0.0457539 0.0000000 0.0218124 0.0590413 0.0591600 0.0412493 0.0460025 0.0793036 0.0821353 0.0608705 0.0463957 0.0528467 0.0997239 0.0894263 0.0219409 0.0262178 0.0749120 0.0563335 0.0728067 0.0430352 0.0593233 0.0561795 0.0845909 0.0964237 0.0688979 0.0873583 0.0217088 0.0681333 0.0433572 0.0150831 0.0410309 0.0670778 0.0636446 0.0701910 0.0802556 0.0784880 0.0435836 0.1150519 0.0724703 0.0610754 0.0488258 0.0840704 0.0582103 0.0977113 0.0289387 0.0520452 0.0945696 0.0646393 0.0676524 0.0947946 0.0407763 0.0937878 0.0812766 0.0555879 0.0617696 0.0337498 0.0614395 0.0910941 0.0173977 0.0264110 0.0592627 0.0753649 0.0726374 0.0900424 0.0615093 0.0759100 0.0962578 0.0904713 0.1015656 0.0218770 0.0823263 0.0637212 0.0479969 0.1592940 0.0150630 0.0312788 0.0639181 0.0242419 0.0670064 0.0481108 0.0385750 0.0953412 0.0265247 0.0408131 0.0587874 0.0554826 0.0679280 0.0107012 0.0556661 0.0714896 0.0382164 0.0217973 0.0894238 0.0357303 0.0585267 0.0285152 0.0381284 0.0554250 0.0429098 0.0764514 0.0385582 0.0411356 0.0645846 0.0410075 0.0380685 0.0361236 0.0410378 
S0405         0.1943085 0.0265971 0.0434824 0.0781099 0.0456215 0.0173475 0.0825662 0.0871873 0.0384011 0.0218051 0.0463961 0.0858780 0.0854411 0.0810464 0.0871978 0.0913527 0.0692415 0.0488345 0.0441997 0.0824710 0.0509574 0.0218124 0.0000000 0.0623037 0.0568754 0.0416278 0.0486912 0.0743455 0.0827870 0.0639885 0.0568741 0.0533330 0.0917279 0.0905063 0.0242970 0.0219093 0.0756149 0.0594044 0.0761863 0.0337467 0.0599120 0.0693929 0.0824227 0.0858046 0.0695519 0.0851931 0.0218972 0.0731233 0.0437537 0.0151744 0.0390085 0.0675544 0.0692475 0.0710619 0.0724584 0.0792983 0.0439845 0.1100529 0.0675509 0.0641399 0.0593803 0.0780658 0.0536218 0.0897063 0.0393266 0.0583382 0.0853236 0.0678031 0.0708796 0.0835469 0.0411463 0.0832048 0.0761156 0.0561038 0.0648074 0.0292805 0.0565172 0.0805565 0.0196501 0.0266433 0.0571499 0.0787832 0.0760083 0.0878829 0.0593951 0.0737892 0.0966688 0.0883035 0.1156775 0.0197017 0.0745641 0.0668971 0.0456317 0.1607685 0.0107874 0.0222304 0.0617267 0.0290749 0.0676285 0.0460516 0.0413056 0.0932674 0.0266979 0.0411838 0.0670597 0.0509222 0.0712482 0.0151989 0.0436334 0.0694764 0.0385604 0.0219879 0.0896043 0.0312957 0.0616160 0.0287653 0.0336779 0.0559377 0.0432978 0.0767370 0.0437481 0.0415125 0.0624632 0.0438077 0.0384098 0.0412537 0.0414128 
S0412sl       0.2376652 0.0596478 0.0623237 0.0796023 0.0592329 0.0591624 0.0885227 0.0945249 0.0525256 0.0616969 0.0693606 0.0875365 0.0882979 0.1033125 0.0822216 0.0917929 0.0736704 0.0711995 0.0798912 0.0884198 0.0929879 0.0590413 0.0623037 0.0000000 0.0580484 0.0605917 0.0853023 0.0890676 0.0858781 0.0699439 0.0716187 0.0566568 0.1079120 0.0916906 0.0676365 0.0673327 0.0796021 0.0710429 0.0913890 0.0494544 0.1157292 0.0764776 0.0883670 0.1144036 0.0686543 0.0911873 0.0672908 0.0929592 0.0654087 0.0647952 0.0576589 0.0831863 0.0791779 0.0915787 0.0819523 0.0893097 0.0577543 0.1138381 0.0887732 0.0820409 0.0742652 0.1052006 0.0648370 0.1156714 0.0685821 0.0817515 0.1019856 0.0862302 0.0768069 0.1128613 0.0547382 0.1116101 0.0883209 0.0706174 0.0857717 0.0655911 0.0860552 0.1087390 0.0568798 0.0650674 0.0578577 0.0912376 0.0912249 0.0939170 0.0763792 0.0835575 0.0914412 0.0819763 0.1236826 0.0678837 0.0898870 0.0934497 0.0687175 0.2141289 0.0538404 0.0521671 0.0831634 0.0649660 0.0851890 0.0678408 0.0529715 0.0891776 0.0653535 0.0599187 0.0627012 0.0619765 0.0835475 0.0595709 0.0621894 0.0913389 0.0566744 0.0598242 0.0823799 0.0703758 0.0818452 0.0672055 0.0594689 0.0812552 0.0621762 0.0984191 0.0575457 0.0604252 0.0849619 0.0628152 0.0594443 0.0738280 0.0546754 
S0417         0.1756218 0.0543274 0.0417377 0.0248556 0.0488903 0.0541009 0.0778593 0.0371958 0.0417036 0.0591376 0.0585474 0.0324583 0.0807252 0.0707527 0.0295665 0.0866228 0.0270122 0.0574732 0.0570562 0.0777690 0.0783099 0.0591600 0.0568754 0.0580484 0.0000000 0.0423212 0.0687962 0.0338024 0.0752446 0.0154101 0.0526589 0.0596319 0.0841041 0.0419159 0.0651427 0.0568930 0.0271974 0.0366290 0.0550108 0.0390906 0.0794091 0.0602212 0.0777232 0.0840256 0.0713991 0.0777213 0.0593957 0.0748063 0.0521434 0.0544040 0.0421293 0.0577616 0.0548349 0.0520781 0.0645447 0.0599704 0.0467440 0.0567663 0.0655803 0.0626555 0.0526103 0.0981189 0.0489311 0.0887452 0.0519315 0.0284437 0.0751258 0.0555080 0.0611607 0.0824324 0.0394222 0.0814071 0.0707576 0.0519367 0.0573320 0.0548583 0.0714112 0.0787410 0.0517079 0.0597340 0.0157497 0.0575444 0.0549207 0.0831846 0.0365886 0.0324736 0.0778389 0.0778658 0.0926442 0.0573502 0.0612264 0.0707811 0.0575669 0.1540759 0.0515125 0.0467080 0.0686530 0.0548160 0.0470564 0.0572320 0.0502550 0.0395016 0.0566537 0.0393794 0.0177851 0.0489311 0.0605407 0.0440308 0.0466059 0.0683490 0.0491607 0.0520418 0.0322717 0.0676541 0.0438355 0.0618785 0.0570112 0.0673920 0.0490947 0.0636287 0.0395174 0.0442382 0.0804157 0.0470759 0.0489617 0.0604469 0.0496275 
S0419         0.1988956 0.0364133 0.0198915 0.0601191 0.0221601 0.0364474 0.0749666 0.0712987 0.0312845 0.0412343 0.0500119 0.0663195 0.0778050 0.0762240 0.0708026 0.0836479 0.0516290 0.0416841 0.0457077 0.0748800 0.0747218 0.0412493 0.0416278 0.0605917 0.0423212 0.0000000 0.0629008 0.0608344 0.0723682 0.0439096 0.0420075 0.0490277 0.0895148 0.0553587 0.0518322 0.0411294 0.0601229 0.0469872 0.0523124 0.0391117 0.0730188 0.0390582 0.0748372 0.0866770 0.0593188 0.0775809 0.0414192 0.0636776 0.0085949 0.0366091 0.0042925 0.0498334 0.0441718 0.0605771 0.0702137 0.0687666 0.0247351 0.1195490 0.0602265 0.0516879 0.0419676 0.0891274 0.0291260 0.0879008 0.0406704 0.0610683 0.0505306 0.0549473 0.0580021 0.0822136 0.0042676 0.0840497 0.0517736 0.0364082 0.0548174 0.0497556 0.0498262 0.0813727 0.0417512 0.0416846 0.0421480 0.0497493 0.0496918 0.0775577 0.0520985 0.0636088 0.0861814 0.0806387 0.1202623 0.0417646 0.0723389 0.0537710 0.0360160 0.1768748 0.0342054 0.0369105 0.0549042 0.0443301 0.0575013 0.0392498 0.0315921 0.0799350 0.0418686 0.0042711 0.0443551 0.0266972 0.0500815 0.0342217 0.0267812 0.0598342 0.0316237 0.0367567 0.0768393 0.0491643 0.0520690 0.0438384 0.0341649 0.0487480 0.0363118 0.0581988 0.0294777 0.0224022 0.0571684 0.0247749 0.0315010 0.0468099 0.0223494 
S0427         0.2510539 0.0536260 0.0699534 0.0939624 0.0667566 0.0411565 0.0839851 0.1035832 0.0577426 0.0411416 0.0656236 0.0927135 0.0812984 0.0944791 0.1125161 0.0898952 0.0896869 0.0673582 0.0790666 0.0776460 0.0158909 0.0460025 0.0486912 0.0853023 0.0687962 0.0629008 0.0000000 0.0935350 0.0813945 0.0731276 0.0544959 0.0725316 0.0963645 0.0911522 0.0540839 0.0611684 0.0939578 0.0685851 0.0833567 0.0592500 0.0843769 0.0764217 0.0838368 0.1108543 0.0873141 0.0866585 0.0560953 0.0770910 0.0650304 0.0461437 0.0625537 0.0743944 0.0701822 0.0890535 0.0915855 0.0851299 0.0596989 0.1390187 0.0886295 0.0675731 0.0569957 0.1042203 0.0811351 0.1062732 0.0625379 0.0810457 0.0802624 0.0596319 0.0625871 0.1092915 0.0621442 0.1080884 0.0778256 0.0755816 0.0771626 0.0596868 0.0733768 0.1052487 0.0465632 0.0461338 0.0771974 0.0888957 0.0859958 0.0893965 0.0766946 0.0923075 0.0897546 0.0898311 0.1194885 0.0536279 0.0839240 0.0844924 0.0598371 0.2013036 0.0486470 0.0542398 0.0679942 0.0438009 0.0799571 0.0623059 0.0585844 0.1161423 0.0463353 0.0569549 0.0765044 0.0780905 0.0867210 0.0388540 0.0783652 0.0844018 0.0592785 0.0563510 0.1087033 0.0510842 0.0761856 0.0585874 0.0539656 0.0720923 0.0643184 0.0959606 0.0520765 0.0570930 0.0793085 0.0651129 0.0590348 0.0268256 0.0569530 
S0428sl       0.1800242 0.0798206 0.0710707 0.0464223 0.0676945 0.0737222 0.0976590 0.0547634 0.0611004 0.0792710 0.0899125 0.0546304 0.0939944 0.0956783 0.0629665 0.1073899 0.0486612 0.0774386 0.0742518 0.0975380 0.0917669 0.0793036 0.0743455 0.0890676 0.0338024 0.0608344 0.0935350 0.0000000 0.0979411 0.0331066 0.0781586 0.0822159 0.1030642 0.0822830 0.0891064 0.0825479 0.0516394 0.0479477 0.0705644 0.0600614 0.1057411 0.0716359 0.0971706 0.1101293 0.0992327 0.0974892 0.0824928 0.1074249 0.0656984 0.0739766 0.0546727 0.0867679 0.0714746 0.0587053 0.0958938 0.0588821 0.0718347 0.0755463 0.0805524 0.0891968 0.0778841 0.1201728 0.0765244 0.1190363 0.0690489 0.0539849 0.0997974 0.0847991 0.0878906 0.1084930 0.0574498 0.1072481 0.1144428 0.0702667 0.0778079 0.0931315 0.0872269 0.1042914 0.0745358 0.0772508 0.0335128 0.0705139 0.0677062 0.1034675 0.0531731 0.0411955 0.1063271 0.0940485 0.1193302 0.0775749 0.0914864 0.0889159 0.0756217 0.1866063 0.0706134 0.0739462 0.0930071 0.0806239 0.0645344 0.0743426 0.0681967 0.0657942 0.0776065 0.0629088 0.0358065 0.0734000 0.0679455 0.0713180 0.0709460 0.0959774 0.0708616 0.0716294 0.0658218 0.0771545 0.0557951 0.0794759 0.0652369 0.0911986 0.0707584 0.0740186 0.0631441 0.0689889 0.1096797 0.0656855 0.0705499 0.0871729 0.0688086 
S0430         0.2600906 0.0827285 0.0766702 0.1012799 0.0707004 0.0766893 0.0021240 0.1041600 0.0611132 0.0793799 0.0887766 0.1037143 0.0107965 0.0341873 0.1130338 0.0064414 0.0898639 0.0853138 0.1155118 0.0042646 0.0906874 0.0821353 0.0827870 0.0858781 0.0752446 0.0723682 0.0813945 0.0979411 0.0000000 0.0850125 0.0777006 0.0879851 0.0445423 0.0958148 0.0848026 0.0880792 0.1012715 0.0723871 0.0902082 0.0681179 0.1345062 0.0857003 0.0000020 0.0960515 0.0958081 0.0107518 0.0882135 0.0931693 0.0774561 0.0795879 0.0689534 0.0874641 0.0859275 0.0892187 0.0528477 0.0872711 0.0695287 0.1591727 0.0199245 0.0919602 0.0776563 0.1229855 0.0854831 0.1163711 0.0886754 0.0527545 0.0693949 0.0929455 0.0964618 0.1063406 0.0688050 0.0933581 0.0771673 0.0851234 0.0440556 0.0868607 0.0803075 0.0906059 0.0799235 0.0888407 0.0806443 0.0958925 0.0929087 0.0042521 0.0751487 0.0992892 0.0290447 0.0042687 0.0094484 0.0862775 0.0635352 0.1004147 0.0784495 0.2427707 0.0799199 0.0804406 0.0893113 0.0890692 0.0896562 0.0716587 0.0616565 0.1144496 0.0859943 0.0715447 0.0831695 0.0823394 0.0879389 0.0717383 0.0853931 0.0860902 0.0706834 0.0829077 0.1112475 0.0910405 0.0864119 0.0909753 0.0715932 0.0902122 0.0819692 0.1002673 0.0691236 0.0641196 0.1006463 0.0721125 0.0736381 0.0798364 0.0636008 
S0478         0.1926246 0.0638331 0.0559874 0.0267405 0.0530490 0.0558557 0.0876283 0.0412986 0.0487776 0.0583238 0.0632935 0.0345352 0.0905268 0.0863514 0.0411001 0.0964817 0.0288604 0.0616478 0.0669743 0.0875275 0.0828223 0.0608705 0.0639885 0.0699439 0.0154101 0.0439096 0.0731276 0.0331066 0.0850125 0.0000000 0.0568956 0.0584167 0.1000773 0.0412899 0.0722292 0.0637004 0.0313890 0.0335405 0.0564615 0.0512488 0.0893389 0.0644061 0.0874758 0.0829518 0.0755885 0.0902633 0.0636616 0.0823775 0.0462052 0.0586916 0.0463784 0.0645599 0.0590331 0.0411238 0.0774231 0.0536617 0.0565354 0.0666339 0.0754051 0.0668193 0.0568447 0.0999909 0.0483820 0.0845877 0.0619025 0.0464259 0.0645307 0.0626040 0.0683354 0.0812226 0.0436578 0.0803682 0.0757881 0.0510367 0.0645841 0.0648269 0.0785646 0.0804236 0.0536848 0.0640830 0.0222929 0.0564194 0.0538512 0.0929624 0.0359064 0.0318666 0.0908067 0.0876367 0.1098611 0.0590977 0.0769642 0.0749114 0.0619191 0.1680086 0.0531326 0.0561282 0.0811678 0.0565861 0.0509867 0.0613833 0.0523271 0.0463681 0.0643612 0.0436110 0.0242315 0.0457497 0.0619162 0.0485660 0.0483473 0.0808078 0.0506569 0.0513247 0.0412867 0.0693065 0.0430932 0.0661941 0.0560175 0.0715018 0.0532696 0.0597937 0.0437612 0.0539748 0.0873213 0.0512999 0.0506569 0.0621807 0.0511305 
S0552sl       0.1858104 0.0567345 0.0488824 0.0711459 0.0460304 0.0463957 0.0803150 0.0883361 0.0469207 0.0488489 0.0582006 0.0812485 0.0804279 0.0876954 0.0827079 0.0853251 0.0595874 0.0489980 0.0444413 0.0802221 0.0628010 0.0463957 0.0568741 0.0716187 0.0526589 0.0420075 0.0544959 0.0781586 0.0777006 0.0568956 0.0000000 0.0569052 0.0950367 0.0916303 0.0624005 0.0617039 0.0736702 0.0626815 0.0741782 0.0492066 0.0600610 0.0572469 0.0801751 0.0955225 0.0709407 0.0829463 0.0565831 0.0248615 0.0491936 0.0491406 0.0393323 0.0343079 0.0519435 0.0771190 0.0818152 0.0740880 0.0443854 0.0974931 0.0711935 0.0198324 0.0064717 0.1019680 0.0592947 0.0909664 0.0395413 0.0465449 0.0852111 0.0222569 0.0246944 0.0938570 0.0366815 0.0928431 0.0204681 0.0541018 0.0655659 0.0602156 0.0625998 0.0901058 0.0494682 0.0490083 0.0605129 0.0741278 0.0713610 0.0856404 0.0653416 0.0748991 0.0858387 0.0860506 0.1034458 0.0570700 0.0781745 0.0755959 0.0517331 0.1496829 0.0490661 0.0520109 0.0625438 0.0491205 0.0737620 0.0519025 0.0475955 0.0859489 0.0492229 0.0366421 0.0573553 0.0565089 0.0692442 0.0391841 0.0566994 0.0788350 0.0462820 0.0517917 0.0883318 0.0592080 0.0707324 0.0590981 0.0490075 0.0586295 0.0461282 0.0779532 0.0198862 0.0418896 0.0771307 0.0442054 0.0460961 0.0466460 0.0417882 
