133
PAFTOL_019361 0.0000000 0.2740625 0.2394987 0.2956340 0.3217489 0.2505462 0.3068212 0.3060001 0.2708267 0.2738324 0.2727738 0.4463256 0.3196187 0.3504264 0.2994960 0.3212679 0.2658071 0.2647573 0.3318479 0.2923942 0.2550415 0.2647814 0.3150906 0.2608799 0.2612236 0.2798917 0.2529825 0.3271559 0.2705325 0.2655378 0.2911578 0.3440309 0.2787743 0.2981322 0.2796240 0.2600600 0.2859829 0.2365293 0.2797212 0.2560098 0.2454894 0.2569930 0.3280346 0.3266550 0.2795803 0.3151200 0.2862210 0.2717818 0.2829941 0.2561151 0.2568142 0.2527249 0.2589396 0.2909722 0.2601919 0.2480704 0.3157939 0.2691884 0.2135522 0.2381051 0.3199552 0.2747505 0.2770105 0.2748833 0.2704990 0.2867833 0.3080350 0.3034536 0.2827753 0.3097176 0.3439036 0.2673799 0.2761579 0.3273282 0.2576030 0.3203510 0.2817767 0.2785671 0.2807066 0.3215484 0.2933894 0.2835778 0.3321720 0.2532542 0.2823413 0.2485510 0.2743083 0.2653175 0.2650938 0.3237140 0.2378759 0.2949962 0.3251912 0.3286374 0.3388703 0.2592560 0.3298955 0.2757214 0.2660927 0.2582788 0.2631236 0.2718936 0.2821890 0.2773978 0.2386797 0.2509408 0.2619476 0.2939902 0.2665785 0.2586906 0.2874418 0.3043082 0.2753971 0.2547597 0.3046027 0.2717745 0.2554002 0.2745869 0.2954365 0.2693757 0.2350282 0.2706120 0.2729169 0.2771053 0.2774292 0.2789866 0.2623042 0.2426656 0.3843126 0.2414856 0.2500778 0.2757501 0.2400083 
S0055         0.2740625 0.0000000 0.0840558 0.1445119 0.1590413 0.0627278 0.1427153 0.1425779 0.1144973 0.0793094 0.1137899 0.2880517 0.1487227 0.1639442 0.1358296 0.1497267 0.1259852 0.1111343 0.1518491 0.0816469 0.0632453 0.0651105 0.1011049 0.1175757 0.0940556 0.0784468 0.1183010 0.1450247 0.1177077 0.1126920 0.1123717 0.1612154 0.1302377 0.1353447 0.0755205 0.0735551 0.1537399 0.1065687 0.1082079 0.0774734 0.0563204 0.1069330 0.1507081 0.2230169 0.0880142 0.1460371 0.1614844 0.0655084 0.1277114 0.0907796 0.0643772 0.0851420 0.0944974 0.1377531 0.1169263 0.1161188 0.1574421 0.1136605 0.0852776 0.0987858 0.1351180 0.1211416 0.1156720 0.1179604 0.1169536 0.1039011 0.1411513 0.2097608 0.1330306 0.1538558 0.1771752 0.1178356 0.1273088 0.2325038 0.0925784 0.2238609 0.1719172 0.1146564 0.1146555 0.1569688 0.0862741 0.1309500 0.2340358 0.0655638 0.0736895 0.1000664 0.1272401 0.1070321 0.1127825 0.1414332 0.1028886 0.1436398 0.1408244 0.1449547 0.1536464 0.0704978 0.1644058 0.1175895 0.1106384 0.0668504 0.0669598 0.0466339 0.1350616 0.0655590 0.1079317 0.1096240 0.1074678 0.1443813 0.0673504 0.0925084 0.1331513 0.1395325 0.1121634 0.0663443 0.1398441 0.1187656 0.0947611 0.0646587 0.1463107 0.0669915 0.1136640 0.0591916 0.0778835 0.1060675 0.1193226 0.1127879 0.0909099 0.0928947 0.2578020 0.0873677 0.0905568 0.0783312 0.0986715 
S0196sl       0.2394987 0.0840558 0.0000000 0.1145182 0.1138608 0.0700091 0.1048072 0.1250361 0.0944700 0.0916103 0.1126510 0.2686440 0.1160243 0.1424811 0.1117144 0.1177556 0.1036043 0.0804475 0.1211263 0.0843040 0.0697512 0.0730235 0.0911081 0.0990071 0.0087310 0.0856357 0.0935071 0.1234099 0.1032671 0.0944133 0.0957620 0.1306272 0.1032614 0.1147978 0.0872078 0.0649827 0.1241665 0.0944124 0.1004077 0.0761317 0.0661523 0.0674729 0.1155755 0.2068983 0.0829405 0.1144026 0.1214361 0.0847138 0.0895950 0.0052099 0.0707746 0.0061652 0.0087413 0.1112058 0.0727418 0.0958257 0.1182546 0.1022725 0.0796438 0.0626061 0.1140869 0.0984792 0.0856438 0.0941801 0.0852746 0.0823836 0.0992527 0.1773288 0.0948643 0.1328471 0.1450059 0.0922811 0.0994754 0.2095135 0.0069725 0.2090042 0.1522082 0.0938912 0.0727204 0.1307859 0.1075444 0.1034067 0.2144676 0.0694619 0.0936433 0.0665017 0.1169198 0.0913179 0.1023214 0.1123563 0.0936720 0.1251224 0.1132012 0.1187765 0.1236509 0.0726984 0.1328553 0.0915590 0.0956661 0.0706874 0.0732326 0.0860756 0.1141318 0.0816096 0.0948560 0.0869651 0.0877044 0.1296329 0.0805302 0.0052076 0.1143554 0.0972551 0.0979913 0.0680416 0.0992249 0.0986857 0.0681305 0.0837694 0.1221425 0.0726687 0.1012499 0.0675147 0.0758748 0.0968424 0.0837445 0.0931982 0.0784234 0.0672320 0.2284085 0.0435743 0.0681046 0.0814144 0.0573159 
S0278         0.2956340 0.1445119 0.1145182 0.0000000 0.1991240 0.1407928 0.2051783 0.0829349 0.1463066 0.1636641 0.1716823 0.2344383 0.1951268 0.2176691 0.0691944 0.1961930 0.0798634 0.1349077 0.2020496 0.1489804 0.1379944 0.1440503 0.1624426 0.0672858 0.1318149 0.1460360 0.0936145 0.2203351 0.0875087 0.1337385 0.1537690 0.1835727 0.2096454 0.0640089 0.1474777 0.1266072 0.0724513 0.0874072 0.1207768 0.1228500 0.1326384 0.1550525 0.1986636 0.2349387 0.1537152 0.1994282 0.1477128 0.1433645 0.1413959 0.1290348 0.1377326 0.1326094 0.1279459 0.1429327 0.1455856 0.1104629 0.1801871 0.1284464 0.0623748 0.1203397 0.1863322 0.1429574 0.1263185 0.1450975 0.1402346 0.1660067 0.1829343 0.2466121 0.1399965 0.1690058 0.1946749 0.1300596 0.1269907 0.2550132 0.1265741 0.2541509 0.2466425 0.1418382 0.1290930 0.1706993 0.1587006 0.1476949 0.2437808 0.1348745 0.1506137 0.1208316 0.0628577 0.1288582 0.1255600 0.2066316 0.0834349 0.0599611 0.1814489 0.1992922 0.2130964 0.1445535 0.1867273 0.1402318 0.1400328 0.1450357 0.1408724 0.1483571 0.1533731 0.1422016 0.1083475 0.1350162 0.1394576 0.0792534 0.1502879 0.1263694 0.0845610 0.1833089 0.1296244 0.1449528 0.1901180 0.1392474 0.1230766 0.1376886 0.0662020 0.1319467 0.0836436 0.1381775 0.1302270 0.1439026 0.1457892 0.1326870 0.1158991 0.1193464 0.2485873 0.1168002 0.1194303 0.1465152 0.1170204 
S0281         0.3217489 0.1590413 0.1138608 0.1991240 0.0000000 0.1345114 0.1591541 0.1940202 0.1624469 0.1504526 0.1608995 0.3367772 0.1730909 0.1929541 0.1934330 0.1811342 0.1883235 0.1489647 0.1764326 0.1443677 0.1380090 0.1393506 0.1758033 0.1660214 0.1224446 0.1474550 0.1756622 0.1758395 0.1785581 0.1497511 0.1666464 0.1918714 0.1642547 0.1757985 0.1535187 0.1441647 0.1986592 0.1629849 0.1512039 0.1493615 0.1286204 0.1103585 0.1719556 0.2489045 0.1603889 0.1733938 0.1732907 0.1470661 0.1753375 0.1168770 0.1387024 0.1169797 0.1227997 0.1672586 0.1095303 0.1696810 0.1775743 0.1571152 0.1364252 0.1327308 0.1799761 0.1626519 0.1574624 0.1570172 0.1562608 0.1773798 0.1152157 0.2467729 0.1647630 0.1970341 0.1931835 0.1499758 0.1637046 0.2724562 0.1197027 0.2607393 0.2087801 0.1613091 0.1457488 0.1888061 0.1676429 0.1678406 0.2630472 0.1366852 0.1619853 0.1411659 0.1831390 0.1475348 0.1551074 0.1746516 0.1553941 0.1958988 0.1764623 0.1800749 0.1821773 0.1438495 0.1974344 0.1586774 0.1662930 0.1394868 0.1406146 0.1644186 0.1850403 0.1409320 0.1603742 0.1500067 0.1552289 0.1933538 0.1542997 0.1187531 0.1993915 0.1115722 0.1583985 0.1351507 0.1132126 0.1654344 0.1393748 0.1497669 0.1792365 0.1444909 0.1532210 0.1393164 0.1526169 0.1580281 0.1613642 0.1537513 0.1470216 0.1282560 0.2472107 0.1077110 0.1351488 0.1568980 0.1287230 
S0282         0.2505462 0.0627278 0.0700091 0.1407928 0.1345114 0.0000000 0.1225271 0.1323454 0.1085776 0.0408649 0.1012838 0.2740405 0.1316102 0.1500042 0.1233437 0.1363189 0.1146045 0.0966577 0.1365435 0.0636455 0.0175067 0.0189720 0.0850006 0.1003992 0.0816488 0.0654730 0.0965485 0.1411906 0.1014156 0.1022305 0.0937356 0.1404366 0.1140229 0.1182327 0.0477278 0.0207707 0.1377676 0.0967310 0.1035000 0.0590196 0.0110439 0.0861441 0.1322916 0.2079797 0.0712870 0.1304429 0.1364527 0.0428084 0.1206277 0.0766708 0.0175469 0.0718716 0.0793721 0.1276893 0.0912181 0.1028847 0.1293716 0.1086344 0.0759575 0.0812690 0.1193753 0.1113147 0.0996324 0.1036839 0.1036135 0.0899301 0.1264301 0.1930302 0.1142353 0.1357737 0.1646476 0.1044172 0.1145980 0.2179849 0.0800353 0.2078692 0.1495757 0.1051923 0.1031852 0.1341545 0.0747208 0.1186359 0.2150039 0.0181702 0.0512793 0.0821409 0.1203462 0.0994000 0.1032497 0.1309404 0.0979802 0.1357426 0.1233363 0.1368969 0.1388883 0.0238132 0.1471563 0.1052478 0.1064737 0.0210808 0.0189917 0.0633034 0.1254581 0.0529727 0.0997701 0.0989683 0.0998384 0.1333428 0.0453525 0.0783401 0.1234567 0.1248286 0.1060540 0.0204498 0.1300072 0.1085259 0.0861412 0.0384035 0.1338431 0.0460759 0.1022250 0.0406848 0.0662245 0.1041050 0.1047742 0.1013672 0.0837480 0.0822458 0.2315511 0.0743737 0.0830231 0.0645106 0.0841774 
S0288         0.3068212 0.1427153 0.1048072 0.2051783 0.1591541 0.1225271 0.0000000 0.1979969 0.1547879 0.1306704 0.1449141 0.2080413 0.0250325 0.0916570 0.1790628 0.0220141 0.1788459 0.1332349 0.0240491 0.1492963 0.1261598 0.1206404 0.1538392 0.1581514 0.1227288 0.1403791 0.1790846 0.0099162 0.1763797 0.1569879 0.1835419 0.0888494 0.0235830 0.1661017 0.1418299 0.1174565 0.1894224 0.1513226 0.1735097 0.1379450 0.1111458 0.1244809 0.0219589 0.2480115 0.1536034 0.0147623 0.2043837 0.1315975 0.1904301 0.1172357 0.1245867 0.1063372 0.1178133 0.1698126 0.1268312 0.1518695 0.0878985 0.1738412 0.1370148 0.1335311 0.0538698 0.1631133 0.1439527 0.1585526 0.1577268 0.1651183 0.1400753 0.2395710 0.1657803 0.0881597 0.1080744 0.1554605 0.1634449 0.2692892 0.1160843 0.2603847 0.2104719 0.1597599 0.1455770 0.0882035 0.1462025 0.1752601 0.2601684 0.1219686 0.1464350 0.1353821 0.1596269 0.1623646 0.1692403 0.0108332 0.1439179 0.1874107 0.0862042 0.0118080 0.0097824 0.1317042 0.0894302 0.1543870 0.1564799 0.1261585 0.1207152 0.1459306 0.1831302 0.1236991 0.1491348 0.1546151 0.1592294 0.1839943 0.1458254 0.1160756 0.2046725 0.1376165 0.1760337 0.1292855 0.1374989 0.1524112 0.1322949 0.1341213 0.1817773 0.1242252 0.1487446 0.1278867 0.1364178 0.1459253 0.1387817 0.1711329 0.1441957 0.1292286 0.3109862 0.1098459 0.1324311 0.1515049 0.1320482 
S0289         0.3060001 0.1425779 0.1250361 0.0829349 0.1940202 0.1323454 0.1979969 0.0000000 0.1499424 0.1530961 0.1649521 0.2097502 0.1917087 0.2081757 0.0564411 0.2048791 0.0930436 0.1331108 0.1946476 0.1412636 0.1349307 0.1371898 0.1546561 0.0744292 0.1349595 0.1429644 0.0870228 0.2043374 0.0898542 0.1375387 0.1596492 0.1956649 0.1955617 0.0725136 0.1464310 0.1373809 0.0801628 0.1012321 0.1154241 0.1206076 0.1283243 0.1472920 0.1958216 0.2309643 0.1550928 0.1966557 0.1416548 0.1447279 0.1397057 0.1329651 0.1312114 0.1286553 0.1325957 0.1613554 0.1569870 0.1153064 0.1903117 0.1162601 0.0822538 0.1336521 0.1871817 0.1479530 0.1267608 0.1400767 0.1423008 0.1505193 0.1790869 0.2307195 0.1517834 0.1971676 0.2099353 0.1411159 0.1519138 0.2377888 0.1321731 0.2362852 0.1712171 0.1434189 0.1427069 0.1910974 0.1604600 0.1576251 0.2413081 0.1315407 0.1499646 0.1208735 0.0695245 0.1183626 0.1162823 0.1962123 0.0993837 0.0765041 0.1825919 0.1940062 0.2039073 0.1415386 0.2005805 0.1364444 0.1482511 0.1413008 0.1367276 0.1466403 0.1672789 0.1359791 0.1169110 0.1371796 0.1444303 0.0541709 0.1445902 0.1309428 0.0842994 0.1774891 0.1184056 0.1400108 0.1791664 0.1470629 0.1321199 0.1418041 0.0750311 0.1372572 0.1076674 0.1368884 0.1353739 0.1458885 0.1382916 0.1201538 0.1265432 0.1308428 0.2340272 0.1209661 0.1271989 0.1432191 0.1198014 
S0292         0.2708267 0.1144973 0.0944700 0.1463066 0.1624469 0.1085776 0.1547879 0.1499424 0.0000000 0.1276944 0.1546096 0.2913061 0.1583296 0.1811859 0.1441498 0.1683331 0.1302564 0.0922931 0.1638017 0.1138602 0.1047769 0.1096016 0.1291352 0.1232534 0.0990064 0.1200976 0.1168713 0.1635782 0.1223339 0.0895624 0.1390237 0.1699840 0.1379576 0.1456208 0.1163108 0.1070349 0.1537946 0.1162015 0.1303542 0.0980557 0.0993079 0.1182645 0.1624586 0.2334976 0.1200213 0.1646480 0.1532774 0.1153694 0.1045352 0.0955456 0.1054317 0.0877754 0.0967410 0.1194890 0.1246913 0.1240540 0.1543451 0.1218681 0.0979643 0.0854758 0.1539856 0.0983003 0.0932126 0.0915363 0.0917199 0.1326397 0.1584014 0.2247939 0.1190057 0.1657912 0.1865860 0.1053849 0.1080478 0.2390989 0.0973543 0.2382439 0.1565962 0.1062791 0.0932387 0.1657866 0.1380434 0.0713542 0.2340552 0.1062479 0.1216168 0.0817755 0.1286002 0.1168466 0.1198675 0.1631781 0.1127527 0.1543593 0.1520833 0.1693792 0.1704894 0.1087235 0.1686697 0.1010783 0.0195830 0.1123079 0.1090101 0.1224573 0.0666721 0.1143676 0.1185545 0.0296184 0.0232421 0.1511751 0.1067677 0.0956022 0.1388658 0.1567702 0.1287781 0.1084992 0.1596241 0.0555146 0.0721265 0.1076610 0.1497315 0.1069163 0.1226331 0.1044000 0.1062984 0.0952487 0.0973449 0.1235230 0.0789917 0.0823418 0.2552662 0.0855103 0.0705514 0.1209904 0.0798246 
S0293         0.2738324 0.0793094 0.0916103 0.1636641 0.1504526 0.0408649 0.1306704 0.1530961 0.1276944 0.0000000 0.1218352 0.2490708 0.1475339 0.1681757 0.1459509 0.1492087 0.1351103 0.1174473 0.1526357 0.0884276 0.0400093 0.0415761 0.1081109 0.1227825 0.1004892 0.0832174 0.1123564 0.1584392 0.1222814 0.1160998 0.1105665 0.1619042 0.1185751 0.1390986 0.0701526 0.0312123 0.1615355 0.1175085 0.1211148 0.0796795 0.0361310 0.1106078 0.1493503 0.2242324 0.0962549 0.1477375 0.1508084 0.0632904 0.1440849 0.0943805 0.0408712 0.0904035 0.0981390 0.1449433 0.1159996 0.1250255 0.1516168 0.1257242 0.0978208 0.0981130 0.1394728 0.1298149 0.1178020 0.1229275 0.1217426 0.1105811 0.1463453 0.2129926 0.1341673 0.1572148 0.1838063 0.1182318 0.1304416 0.2330479 0.0987980 0.2244199 0.1707451 0.1232462 0.1192981 0.1582405 0.0928262 0.1357661 0.2322207 0.0370320 0.0706351 0.1019875 0.1412907 0.1197365 0.1221566 0.1469700 0.1197354 0.1571481 0.1429532 0.1530683 0.1560003 0.0467917 0.1665374 0.1252654 0.1219286 0.0432150 0.0425009 0.0833257 0.1431619 0.0698712 0.1183097 0.1184876 0.1168098 0.1542517 0.0652052 0.0961538 0.1511474 0.1447081 0.1239413 0.0418558 0.1500714 0.1253722 0.1068933 0.0600909 0.1555454 0.0650413 0.1281064 0.0561682 0.0832884 0.1221822 0.1260858 0.1209413 0.0997093 0.0974539 0.2503024 0.0917825 0.1008161 0.0850583 0.1029741 
S0294         0.2727738 0.1137899 0.1126510 0.1716823 0.1608995 0.1012838 0.1449141 0.1649521 0.1546096 0.1218352 0.0000000 0.2874141 0.1634634 0.1897080 0.1502491 0.1642595 0.1633379 0.1441538 0.1656024 0.1221035 0.1071749 0.1047736 0.1084384 0.1483198 0.1233547 0.1048587 0.1339117 0.1661809 0.1543718 0.1340366 0.1139923 0.1780775 0.1450969 0.1473343 0.1208161 0.1079217 0.1686847 0.1334656 0.1319974 0.0963417 0.1003551 0.1269298 0.1665727 0.2491668 0.1064874 0.1580122 0.1555618 0.1043722 0.1489390 0.1176671 0.1045287 0.1103157 0.1199959 0.1643794 0.1300859 0.1410255 0.1598875 0.1396848 0.1103166 0.1269498 0.1488753 0.1434722 0.1398920 0.1391567 0.1386071 0.0567471 0.1392792 0.2256838 0.1557247 0.1698595 0.1735435 0.1460744 0.1513927 0.2561662 0.1187012 0.2433107 0.1957879 0.1484256 0.1373104 0.1690630 0.1255934 0.1666062 0.2498105 0.1050990 0.1173820 0.1351909 0.1578011 0.1344769 0.1373978 0.1595848 0.1302963 0.1663893 0.1632344 0.1629532 0.1669015 0.1128426 0.1717894 0.1465968 0.1563799 0.1065361 0.1023454 0.1172067 0.1685902 0.1051982 0.1236990 0.1411734 0.1448660 0.1559525 0.1083833 0.1195838 0.1678071 0.1374634 0.1388326 0.1091889 0.1355435 0.1557595 0.1278422 0.1125932 0.1600074 0.1004018 0.1432708 0.1020174 0.0996179 0.1479169 0.1485234 0.1374025 0.1216535 0.1272326 0.2634775 0.1088668 0.1271352 0.1129107 0.1254904 
S0299         0.4463256 0.2880517 0.2686440 0.2344383 0.3367772 0.2740405 0.2080413 0.2097502 0.2913061 0.2490708 0.2874141 0.0000000 0.3266872 0.3469641 0.1975531 0.3383979 0.2136833 0.2785640 0.3411620 0.2212372 0.2734225 0.2678624 0.3093966 0.2021799 0.2604932 0.2746067 0.1779890 0.3588248 0.2237801 0.2719980 0.3026865 0.3354951 0.2302314 0.1930865 0.2880030 0.1618104 0.2018596 0.2072419 0.2501242 0.2566072 0.2680197 0.2986694 0.3365799 0.3814126 0.2923817 0.3356296 0.2619140 0.2783819 0.2889630 0.2539618 0.2700616 0.2624698 0.2632992 0.3162905 0.3011166 0.2324999 0.3342126 0.2407780 0.1860397 0.2596280 0.3369107 0.2846165 0.2707829 0.2798232 0.2788150 0.2919205 0.3344549 0.3964012 0.2850900 0.3264659 0.3487680 0.2866496 0.2916687 0.4144556 0.2558193 0.4018404 0.2139894 0.2859327 0.2841082 0.3495725 0.3186610 0.2916800 0.4038803 0.2603843 0.2859899 0.2636923 0.1895661 0.2465473 0.2328286 0.3376275 0.2129561 0.1766215 0.3150168 0.3407472 0.3460918 0.2702867 0.3384789 0.2743576 0.2780046 0.2734677 0.2747118 0.2823706 0.2965934 0.2796546 0.2438168 0.2681159 0.2830753 0.1986353 0.2766674 0.2534270 0.2475362 0.3369648 0.2489299 0.2672966 0.3451285 0.2823404 0.2690415 0.2786078 0.1981096 0.2783906 0.2295260 0.2701984 0.2540461 0.2733136 0.2809501 0.2452363 0.2684158 0.2619250 0.4265036 0.2485765 0.2637248 0.2865602 0.2541214 
S0303         0.3196187 0.1487227 0.1160243 0.1951268 0.1730909 0.1316102 0.0250325 0.1917087 0.1583296 0.1475339 0.1634634 0.3266872 0.0000000 0.0883863 0.1750287 0.0196108 0.1731001 0.1396743 0.0230834 0.1417249 0.1311987 0.1275389 0.1595645 0.1557741 0.1259736 0.1440441 0.1664688 0.0279571 0.1668608 0.1429922 0.1717689 0.0935549 0.0227382 0.1669387 0.1483247 0.1291259 0.1855989 0.1575088 0.1562800 0.1421855 0.1191284 0.1352058 0.0196697 0.2537971 0.1581377 0.0210578 0.1877221 0.1419009 0.1678883 0.1203652 0.1309074 0.1178068 0.1235768 0.1686906 0.1407710 0.1581209 0.0785994 0.1587640 0.1326375 0.1363590 0.0594422 0.1500307 0.1439998 0.1448060 0.1447331 0.1729906 0.1606250 0.2417342 0.1684173 0.0853499 0.0965074 0.1465398 0.1561665 0.2676020 0.1213867 0.2637705 0.1976391 0.1559641 0.1423241 0.0827669 0.1429791 0.1691308 0.2660603 0.1300706 0.1525497 0.1350846 0.1675729 0.1459513 0.1557890 0.0204929 0.1520108 0.1821756 0.0827485 0.0281308 0.0259732 0.1357939 0.0818690 0.1506460 0.1579219 0.1332510 0.1287861 0.1516043 0.1828352 0.1301523 0.1499269 0.1548255 0.1570408 0.1879317 0.1492226 0.1204335 0.1848649 0.1556117 0.1587678 0.1355905 0.1579306 0.1632997 0.1281859 0.1408615 0.1823018 0.1338085 0.1538356 0.1352995 0.1523462 0.1458948 0.1440266 0.1571545 0.1404048 0.1324973 0.3046302 0.1188612 0.1263074 0.1516035 0.1303365 
S0308         0.3504264 0.1639442 0.1424811 0.2176691 0.1929541 0.1500042 0.0916570 0.2081757 0.1811859 0.1681757 0.1897080 0.3469641 0.0883863 0.0000000 0.2006832 0.0955918 0.1939539 0.1707859 0.0883314 0.1415887 0.1495245 0.1488782 0.1903847 0.1820173 0.1535632 0.1548898 0.1960712 0.0964133 0.1906044 0.1621113 0.1857512 0.1143224 0.0946080 0.1979979 0.1596962 0.1525751 0.2131768 0.1809656 0.1665342 0.1657296 0.1395053 0.1589521 0.0905142 0.2660048 0.1741857 0.0897758 0.2031962 0.1559281 0.1913305 0.1475615 0.1491802 0.1408268 0.1526458 0.1857521 0.1633670 0.1897671 0.1135035 0.1814748 0.1558483 0.1585562 0.0824545 0.1729943 0.1589774 0.1691701 0.1672450 0.1962138 0.1938808 0.2518412 0.1869716 0.1094709 0.1146597 0.1557557 0.1688938 0.2805749 0.1495839 0.2775134 0.2276763 0.1651512 0.1595459 0.1070873 0.1660907 0.1916244 0.2807002 0.1512973 0.1667875 0.1598859 0.1999189 0.1666369 0.1798925 0.0912297 0.1787562 0.2111409 0.1059462 0.0921583 0.0913453 0.1500211 0.1111042 0.1723245 0.1801308 0.1524557 0.1474656 0.1700114 0.2063480 0.1516195 0.1877257 0.1711183 0.1763967 0.2155190 0.1657979 0.1495912 0.2049077 0.1893615 0.1768635 0.1543817 0.1912891 0.1853367 0.1541306 0.1560499 0.2109936 0.1496151 0.1831036 0.1555042 0.1745786 0.1693894 0.1716006 0.1773444 0.1583109 0.1588101 0.3078794 0.1357480 0.1512512 0.1642376 0.1500393 
S0320         0.2994960 0.1358296 0.1117144 0.0691944 0.1934330 0.1233437 0.1790628 0.0564411 0.1441498 0.1459509 0.1502491 0.1975531 0.1750287 0.2006832 0.0000000 0.1819101 0.0818300 0.1292601 0.1819030 0.1382043 0.1217273 0.1254165 0.1464940 0.0686189 0.1234290 0.1353212 0.0848832 0.1963217 0.0854305 0.1368439 0.1444329 0.1855565 0.1977578 0.0668876 0.1382503 0.1322758 0.0800543 0.0803460 0.1065338 0.1128111 0.1135919 0.1475030 0.1802973 0.2268544 0.1361181 0.1834316 0.1435419 0.1240381 0.1436453 0.1208911 0.1240707 0.1241070 0.1237726 0.1563940 0.1510371 0.0991522 0.1712725 0.1030270 0.0638547 0.1179690 0.1687945 0.1442822 0.1235662 0.1435056 0.1403814 0.1426935 0.1795101 0.2193065 0.1405542 0.1743567 0.2030995 0.1360651 0.1379870 0.2416627 0.1196571 0.2315441 0.1681609 0.1385431 0.1367154 0.1737122 0.1528283 0.1430307 0.2267377 0.1223294 0.1398556 0.1153894 0.0613330 0.1037300 0.1017997 0.1817258 0.0769621 0.0632492 0.1668519 0.1767650 0.1857841 0.1261422 0.1790803 0.1254659 0.1380294 0.1278582 0.1259811 0.1346251 0.1512238 0.1293325 0.0978133 0.1261651 0.1375896 0.0592448 0.1352961 0.1196350 0.0780941 0.1784548 0.1100294 0.1250218 0.1819556 0.1383296 0.1180363 0.1265252 0.0707833 0.1337676 0.0875920 0.1237794 0.1234800 0.1341097 0.1304584 0.1066073 0.1156994 0.1185281 0.2463828 0.1088315 0.1166938 0.1315508 0.1084484 
S0322         0.3212679 0.1497267 0.1177556 0.1961930 0.1811342 0.1363189 0.0220141 0.2048791 0.1683331 0.1492087 0.1642595 0.3383979 0.0196108 0.0955918 0.1819101 0.0000000 0.1823214 0.1440977 0.0231244 0.1558970 0.1339390 0.1340585 0.1600700 0.1644514 0.1304927 0.1498844 0.1714270 0.0254780 0.1748016 0.1465404 0.1771810 0.0984027 0.0228135 0.1748265 0.1503053 0.1339077 0.1949106 0.1602696 0.1682936 0.1455578 0.1228325 0.1389173 0.0182844 0.2667431 0.1641967 0.0155401 0.1906474 0.1438139 0.1663127 0.1247994 0.1355837 0.1183164 0.1299385 0.1701944 0.1436918 0.1638536 0.0863862 0.1698460 0.1393378 0.1458998 0.0603611 0.1549395 0.1528818 0.1525342 0.1481945 0.1778125 0.1648307 0.2518993 0.1736330 0.0900117 0.1080371 0.1488893 0.1585632 0.2810091 0.1258394 0.2717315 0.2043430 0.1609707 0.1480113 0.0906487 0.1487593 0.1735131 0.2736840 0.1347360 0.1533037 0.1416383 0.1755189 0.1566992 0.1667954 0.0170253 0.1536942 0.1852294 0.0900238 0.0260646 0.0253250 0.1405489 0.0878681 0.1497913 0.1659448 0.1389023 0.1323617 0.1556275 0.1856697 0.1300778 0.1555579 0.1592408 0.1661193 0.1951605 0.1499619 0.1267193 0.1895147 0.1617785 0.1678140 0.1413501 0.1631314 0.1694246 0.1324620 0.1427639 0.1906032 0.1334682 0.1610289 0.1343732 0.1519247 0.1478353 0.1497699 0.1651537 0.1432344 0.1400345 0.2965528 0.1242811 0.1305577 0.1536106 0.1367899 
S0327         0.2658071 0.1259852 0.1036043 0.0798634 0.1883235 0.1146045 0.1788459 0.0930436 0.1302564 0.1351103 0.1633379 0.2136833 0.1731001 0.1939539 0.0818300 0.1823214 0.0000000 0.1239290 0.1804581 0.1098034 0.1187934 0.1191351 0.1454273 0.0630316 0.1131834 0.1234840 0.0718996 0.1894892 0.0637522 0.1130223 0.1540041 0.1821405 0.1675590 0.0790791 0.1350882 0.1153753 0.0915134 0.0827092 0.1177911 0.1164931 0.1097971 0.1327634 0.1770297 0.2145370 0.1365875 0.1788471 0.1348917 0.1312680 0.1239907 0.1113037 0.1152440 0.1070503 0.1144087 0.1450838 0.1429037 0.0885632 0.1726197 0.1146584 0.0658839 0.1123275 0.1694184 0.1237240 0.1109401 0.1172276 0.1199870 0.1463072 0.1818894 0.2149961 0.1268572 0.1684220 0.1974291 0.1215511 0.1243975 0.2235620 0.1105304 0.2235360 0.1409324 0.1287691 0.1272106 0.1741161 0.1453425 0.1383085 0.2260324 0.1149377 0.1364056 0.1088007 0.0715784 0.1076622 0.1126655 0.1774355 0.0815558 0.0809911 0.1662106 0.1807535 0.1882328 0.1212902 0.1841307 0.1309504 0.1290127 0.1239280 0.1204445 0.1308089 0.1474178 0.1251865 0.0868230 0.1210507 0.1224143 0.0807454 0.1294855 0.1113722 0.0779456 0.1791825 0.1164896 0.1217252 0.1793529 0.1279075 0.1134537 0.1284673 0.0896095 0.1266965 0.0892438 0.1208552 0.1215474 0.1321981 0.1314724 0.1143767 0.1032574 0.1081300 0.2295516 0.1012018 0.1069984 0.1252841 0.1027922 
S0335         0.2647573 0.1111343 0.0804475 0.1349077 0.1489647 0.0966577 0.1332349 0.1331108 0.0922931 0.1174473 0.1441538 0.2785640 0.1396743 0.1707859 0.1292601 0.1440977 0.1239290 0.0000000 0.1424984 0.0933126 0.0955778 0.0966104 0.1248837 0.1112405 0.0851384 0.1032722 0.1139354 0.1452796 0.1128547 0.0863636 0.1213898 0.1584918 0.1248167 0.1309259 0.1076648 0.0912409 0.1475520 0.0962272 0.1180935 0.0908618 0.0896189 0.1024194 0.1394468 0.2220128 0.1113128 0.1441440 0.1420357 0.1053389 0.0947697 0.0817773 0.0945541 0.0756973 0.0829111 0.1066404 0.1041775 0.1065344 0.1376161 0.1101655 0.0810959 0.0756798 0.1337053 0.0967413 0.0861208 0.0903015 0.0883416 0.1172887 0.1414964 0.2097711 0.1090212 0.1428954 0.1655596 0.0900694 0.0981782 0.2303800 0.0835242 0.2235825 0.1489295 0.0911899 0.0758987 0.1418083 0.1252131 0.1051377 0.2296347 0.0944714 0.1164477 0.0743408 0.1255867 0.1061744 0.1117183 0.1421219 0.0913034 0.1413562 0.1399228 0.1478918 0.1508849 0.0990092 0.1504776 0.0663308 0.0893655 0.1020340 0.0969373 0.1091054 0.1043519 0.1014212 0.0931181 0.0847146 0.0884026 0.1355327 0.1078047 0.0818249 0.1378762 0.1380079 0.1111054 0.0963666 0.1432895 0.0945832 0.0557864 0.1037415 0.1323250 0.0962611 0.1000282 0.0928942 0.1003577 0.0653521 0.0287157 0.1144119 0.0754084 0.0709009 0.2355764 0.0818695 0.0519843 0.1099201 0.0682038 
S0355         0.3318479 0.1518491 0.1211263 0.2020496 0.1764326 0.1365435 0.0240491 0.1946476 0.1638017 0.1526357 0.1656024 0.3411620 0.0230834 0.0883314 0.1819030 0.0231244 0.1804581 0.1424984 0.0000000 0.1510387 0.1361149 0.1342919 0.1677267 0.1599892 0.1298981 0.1471268 0.1761235 0.0228786 0.1710151 0.1467316 0.1771515 0.0996899 0.0239083 0.1731614 0.1515107 0.1381170 0.1933486 0.1607936 0.1613904 0.1462735 0.1223372 0.1392094 0.0182544 0.2623761 0.1634255 0.0217894 0.2007755 0.1431202 0.1702673 0.1242359 0.1339334 0.1204780 0.1293453 0.1694166 0.1439665 0.1622775 0.0835671 0.1659253 0.1387806 0.1422773 0.0562251 0.1531382 0.1502155 0.1518178 0.1469310 0.1786662 0.1650292 0.2488248 0.1706672 0.0906230 0.1031677 0.1512930 0.1609667 0.2789762 0.1252700 0.2735138 0.2075728 0.1656530 0.1440953 0.0868999 0.1508722 0.1728329 0.2774329 0.1340857 0.1553316 0.1400511 0.1719571 0.1529299 0.1629092 0.0212243 0.1532526 0.1894569 0.0930190 0.0231905 0.0210640 0.1407563 0.0858328 0.1538214 0.1614240 0.1372121 0.1336868 0.1568233 0.1856710 0.1340567 0.1550292 0.1569437 0.1615704 0.1928915 0.1510441 0.1261455 0.1923374 0.1619891 0.1619198 0.1406069 0.1633370 0.1669196 0.1300103 0.1448781 0.1889522 0.1383412 0.1590653 0.1392598 0.1545058 0.1477175 0.1490719 0.1588245 0.1415965 0.1364799 0.3101703 0.1237185 0.1271295 0.1558210 0.1342923 
S0376         0.2923942 0.0816469 0.0843040 0.1489804 0.1443677 0.0636455 0.1492963 0.1412636 0.1138602 0.0884276 0.1221035 0.2212372 0.1417249 0.1415887 0.1382043 0.1558970 0.1098034 0.0933126 0.1510387 0.0000000 0.0549015 0.0596322 0.1072155 0.0982567 0.0941237 0.0443800 0.0946282 0.1536275 0.0973126 0.0893313 0.1063816 0.1361204 0.1271057 0.1204747 0.0796199 0.0443623 0.1463425 0.0956233 0.1026491 0.0726168 0.0530417 0.1081827 0.1519937 0.1832612 0.0865286 0.1468958 0.0000010 0.0679024 0.1311470 0.0892738 0.0580991 0.0818572 0.0895918 0.1245964 0.1178632 0.1084559 0.1277015 0.1076831 0.0757269 0.0871814 0.1231627 0.1132406 0.1072512 0.1019538 0.1035505 0.1361626 0.1320545 0.1955678 0.1216716 0.1296063 0.1629455 0.1012585 0.1175855 0.1979648 0.0926405 0.1833382 0.1244412 0.1104974 0.1150596 0.1279645 0.0845425 0.1206669 0.1936079 0.0577297 0.0782191 0.0750166 0.1205847 0.1094861 0.1041790 0.1541800 0.0994145 0.1312656 0.1252135 0.1595527 0.1572794 0.0694110 0.1370193 0.1020148 0.1075636 0.0628229 0.0565803 0.0941211 0.1315045 0.0653826 0.1000609 0.1116374 0.1037383 0.1268110 0.0753419 0.0894332 0.1314063 0.1271429 0.1092526 0.0699511 0.1297869 0.1047102 0.0863609 0.0579165 0.1315206 0.0681493 0.1127331 0.0622507 0.0744843 0.1062254 0.1028854 0.1059483 0.0790139 0.0793530 0.3179060 0.0778107 0.0821809 0.0514102 0.0859978 
S0400         0.2550415 0.0632453 0.0697512 0.1379944 0.1380090 0.0175067 0.1261598 0.1349307 0.1047769 0.0400093 0.1071749 0.2734225 0.1311987 0.1495245 0.1217273 0.1339390 0.1187934 0.0955778 0.1361149 0.0549015 0.0000000 0.0203022 0.0880582 0.1027615 0.0806340 0.0669486 0.1004335 0.1373330 0.1029781 0.1030103 0.0951298 0.1410133 0.1135846 0.1207438 0.0483393 0.0234680 0.1373666 0.0982782 0.1050573 0.0596497 0.0102629 0.0874312 0.1318760 0.2065249 0.0750604 0.1303411 0.1453496 0.0434126 0.1228582 0.0756781 0.0188881 0.0708886 0.0783649 0.1257110 0.0960600 0.1027103 0.1325969 0.1084504 0.0792149 0.0818869 0.1181102 0.1121045 0.0995392 0.1036638 0.1026901 0.0896114 0.1288926 0.1873947 0.1148411 0.1378792 0.1640805 0.1041731 0.1143286 0.2197625 0.0790272 0.2074229 0.1545436 0.1049856 0.1022672 0.1384272 0.0777541 0.1164885 0.2156694 0.0181193 0.0518848 0.0803074 0.1228700 0.0992322 0.1022179 0.1305273 0.0986669 0.1382119 0.1248556 0.1364661 0.1384505 0.0251445 0.1485405 0.1050334 0.1026776 0.0231441 0.0189509 0.0647608 0.1220724 0.0551342 0.0969806 0.0969676 0.0961001 0.1340557 0.0459668 0.0773398 0.1245363 0.1272911 0.1058745 0.0211336 0.1324775 0.1055639 0.0877791 0.0412545 0.1354574 0.0482149 0.1056022 0.0427757 0.0669070 0.1029873 0.1019345 0.1013897 0.0827186 0.0794453 0.2408052 0.0725940 0.0836453 0.0643778 0.0831511 
S0405         0.2647814 0.0651105 0.0730235 0.1440503 0.1393506 0.0189720 0.1206404 0.1371898 0.1096016 0.0415761 0.1047736 0.2678624 0.1275389 0.1488782 0.1254165 0.1340585 0.1191351 0.0966104 0.1342919 0.0596322 0.0203022 0.0000000 0.0835831 0.1030513 0.0842804 0.0696265 0.1020956 0.1326893 0.1032625 0.1069750 0.0964445 0.1413647 0.1074618 0.1191407 0.0469585 0.0207952 0.1430669 0.0977042 0.1079554 0.0614485 0.0140445 0.0921817 0.1281952 0.2144408 0.0753815 0.1294657 0.1455729 0.0421446 0.1255576 0.0792635 0.0189750 0.0736316 0.0819928 0.1296371 0.0974089 0.1038784 0.1356940 0.1113766 0.0811585 0.0855324 0.1212512 0.1143980 0.1034619 0.1075737 0.1083618 0.0909418 0.1313609 0.2014028 0.1189624 0.1438113 0.1616680 0.1081645 0.1184473 0.2218989 0.0826557 0.2117159 0.1543753 0.1098143 0.1062011 0.1400211 0.0780889 0.1171203 0.2227175 0.0181879 0.0536191 0.0839718 0.1232370 0.1020897 0.1059531 0.1287111 0.1006704 0.1392758 0.1242261 0.1346375 0.1366141 0.0224396 0.1518319 0.1061659 0.1048990 0.0239384 0.0148586 0.0657214 0.1238871 0.0553627 0.0987875 0.0998706 0.1000148 0.1372052 0.0476580 0.0809463 0.1275049 0.1297231 0.1087789 0.0218794 0.1349520 0.1034572 0.0906608 0.0392391 0.1377235 0.0484125 0.1085415 0.0429488 0.0687709 0.1024209 0.1047236 0.1059898 0.0864097 0.0848750 0.2427080 0.0769541 0.0864844 0.0652865 0.0849994 
S0412sl       0.3150906 0.1011049 0.0911081 0.1624426 0.1758033 0.0850006 0.1538392 0.1546561 0.1291352 0.1081109 0.1084384 0.3093966 0.1595645 0.1903847 0.1464940 0.1600700 0.1454273 0.1248837 0.1677267 0.1072155 0.0880582 0.0835831 0.0000000 0.1367142 0.1049838 0.0973703 0.1229246 0.1740036 0.1344791 0.1284335 0.0983394 0.1757557 0.1554768 0.1518408 0.0939760 0.0851463 0.1698482 0.1278260 0.1359295 0.0775485 0.0762727 0.1176792 0.1672635 0.2473045 0.0641090 0.1676600 0.1555581 0.0899221 0.1339903 0.1025503 0.0847916 0.1029552 0.1042506 0.1504838 0.1177676 0.1381300 0.1508921 0.1344913 0.1024786 0.1008797 0.1634785 0.1255957 0.1242526 0.1277607 0.1248701 0.1073046 0.1641119 0.2288255 0.1414020 0.1668135 0.1923908 0.1344983 0.1361832 0.2613530 0.1027188 0.2532170 0.2258596 0.1299337 0.1227889 0.1687893 0.1194567 0.1403741 0.2500509 0.0887581 0.0968950 0.1216310 0.1467427 0.1303458 0.1302384 0.1670340 0.1262469 0.1605494 0.1466873 0.1684089 0.1740611 0.0876388 0.1613959 0.1321727 0.1236775 0.0891844 0.0874177 0.1107127 0.1417983 0.0960159 0.1320774 0.1154585 0.1157263 0.1629650 0.0941606 0.1013446 0.1444116 0.1670568 0.1372371 0.0822704 0.1654065 0.1202152 0.1071707 0.0866682 0.1620788 0.0919487 0.1482046 0.0919061 0.0918055 0.1278193 0.1236866 0.1293396 0.1057193 0.0999789 0.2768730 0.1016881 0.1061001 0.0945439 0.1037425 
S0417         0.2608799 0.1175757 0.0990071 0.0672858 0.1660214 0.1003992 0.1581514 0.0744292 0.1232534 0.1227825 0.1483198 0.2021799 0.1557741 0.1820173 0.0686189 0.1644514 0.0630316 0.1112405 0.1599892 0.0982567 0.1027615 0.1030513 0.1367142 0.0000000 0.1036236 0.1166520 0.0567552 0.1664644 0.0557906 0.1068037 0.1417139 0.1658741 0.1509595 0.0644925 0.1142887 0.1044375 0.0791152 0.0697817 0.1036818 0.1012049 0.1002604 0.1200982 0.1594514 0.2062973 0.1188227 0.1596504 0.1360747 0.1125022 0.1166177 0.1018003 0.1019029 0.0963592 0.1047927 0.1277507 0.1288953 0.0858248 0.1590307 0.0995131 0.0586353 0.1002912 0.1554220 0.1167060 0.1062185 0.1088245 0.1143239 0.1363837 0.1591746 0.2082421 0.1215303 0.1566117 0.1843942 0.1151444 0.1177778 0.2200469 0.1010382 0.2106518 0.1526917 0.1180395 0.1148471 0.1551553 0.1333767 0.1271492 0.2171341 0.1006123 0.1118698 0.0941652 0.0475078 0.0989324 0.0984515 0.1611457 0.0696929 0.0677848 0.1576990 0.1593133 0.1664286 0.1060312 0.1638068 0.1251384 0.1174232 0.1058469 0.1051170 0.1198520 0.1389539 0.1113856 0.0849169 0.1096437 0.1153812 0.0698976 0.1069864 0.0999585 0.0595619 0.1566873 0.1024917 0.1054105 0.1579986 0.1201231 0.1019741 0.1098105 0.0709826 0.1082789 0.0754103 0.1046378 0.1078709 0.1230951 0.1205983 0.1038153 0.0965684 0.0970094 0.2429463 0.0911784 0.0985596 0.1144380 0.0901776 
S0419         0.2612236 0.0940556 0.0087310 0.1318149 0.1224446 0.0816488 0.1227288 0.1349595 0.0990064 0.1004892 0.1233547 0.2604932 0.1259736 0.1535632 0.1234290 0.1304927 0.1131834 0.0851384 0.1298981 0.0941237 0.0806340 0.0842804 0.1049838 0.1036236 0.0000000 0.0916968 0.1043943 0.1323867 0.1060131 0.0945629 0.1100356 0.1426420 0.1200663 0.1207894 0.0934474 0.0770851 0.1376457 0.0949374 0.1104549 0.0812283 0.0778456 0.0696184 0.1237215 0.2023838 0.0917019 0.1229681 0.1255025 0.0895683 0.1032280 0.0065913 0.0796685 0.0094167 0.0092885 0.1167836 0.0768455 0.1035622 0.1309677 0.1040801 0.0821225 0.0704088 0.1202812 0.1001625 0.0911169 0.0916658 0.0916747 0.0958080 0.1060394 0.1878874 0.1083446 0.1365837 0.1528826 0.1017632 0.1082096 0.2099368 0.0079323 0.2039556 0.1496404 0.1021414 0.0798857 0.1354263 0.1033792 0.1106957 0.2108012 0.0804499 0.1024285 0.0711523 0.1167091 0.0992096 0.1030513 0.1262142 0.0953028 0.1338341 0.1204802 0.1310045 0.1348310 0.0864279 0.1419346 0.0996461 0.0977539 0.0825362 0.0828419 0.0982518 0.1137317 0.0854518 0.1024463 0.0908399 0.0909426 0.1326008 0.0923864 0.0065946 0.1208576 0.1036384 0.1043786 0.0812610 0.1025443 0.0997831 0.0698398 0.0880046 0.1269773 0.0846617 0.1057940 0.0799507 0.0874363 0.0984296 0.0911451 0.1014239 0.0805059 0.0674959 0.2340004 0.0511932 0.0690417 0.0907183 0.0665417 
S0427         0.2798917 0.0784468 0.0856357 0.1460360 0.1474550 0.0654730 0.1403791 0.1429644 0.1200976 0.0832174 0.1048587 0.2746067 0.1440441 0.1548898 0.1353212 0.1498844 0.1234840 0.1032722 0.1471268 0.0443800 0.0669486 0.0696265 0.0973703 0.1166520 0.0916968 0.0000000 0.1151561 0.1492563 0.1168583 0.1064750 0.1080381 0.1576591 0.1362929 0.1341861 0.0781215 0.0654728 0.1519997 0.1035886 0.1114698 0.0733703 0.0629970 0.1010946 0.1509550 0.2141093 0.0888896 0.1427783 0.1567555 0.0783054 0.1271244 0.0865573 0.0655120 0.0817212 0.0894265 0.1373301 0.1079324 0.1090315 0.1488209 0.1162578 0.0857073 0.0922012 0.1348120 0.1186090 0.1025641 0.1160232 0.1112383 0.1100940 0.1350872 0.2023441 0.1267935 0.1470970 0.1643622 0.1084165 0.1177807 0.2267531 0.0891540 0.2168014 0.1669823 0.1144082 0.1157256 0.1478904 0.0929203 0.1305415 0.2273472 0.0667775 0.0749003 0.0952978 0.1327090 0.1104962 0.1122767 0.1453645 0.0994572 0.1481130 0.1444371 0.1504389 0.1544887 0.0733694 0.1569785 0.1122576 0.1198103 0.0688716 0.0689502 0.0857770 0.1379680 0.0660371 0.1025657 0.1189723 0.1132234 0.1446020 0.0710169 0.0882828 0.1355215 0.1334621 0.1127094 0.0716843 0.1370164 0.1231202 0.0992367 0.0708628 0.1414235 0.0676286 0.1138373 0.0683712 0.0767693 0.1118854 0.1114764 0.1095947 0.0906903 0.0907024 0.2856537 0.0874906 0.0949424 0.0501450 0.0945802 
S0428sl       0.2529825 0.1183010 0.0935071 0.0936145 0.1756622 0.0965485 0.1790846 0.0870228 0.1168713 0.1123564 0.1339117 0.1779890 0.1664688 0.1960712 0.0848832 0.1714270 0.0718996 0.1139354 0.1761235 0.0946282 0.1004335 0.1020956 0.1229246 0.0567552 0.1043943 0.1151561 0.0000000 0.1838832 0.0667242 0.1213216 0.1223917 0.1679189 0.1687949 0.0863778 0.1180241 0.1096227 0.0918919 0.0764249 0.1028105 0.0908929 0.0896096 0.1311353 0.1736128 0.2177883 0.1232062 0.1704101 0.1444041 0.1069664 0.1264323 0.1015697 0.0977339 0.1036937 0.1034455 0.1383234 0.1224848 0.0916571 0.1452288 0.1003611 0.0691354 0.0968487 0.1685796 0.1251875 0.1102790 0.1274427 0.1228598 0.1253154 0.1595883 0.2229258 0.1172224 0.1526290 0.1740238 0.1320891 0.1314717 0.2317803 0.1003595 0.2261858 0.2161459 0.1155659 0.1117516 0.1562597 0.1231847 0.1227669 0.2217648 0.0974633 0.1126445 0.0953400 0.0739581 0.1062011 0.0919862 0.1766158 0.0733956 0.0877849 0.1577232 0.1748073 0.1817487 0.1015373 0.1629430 0.1155743 0.1087979 0.0979217 0.0997124 0.1215295 0.1389355 0.1060477 0.0827245 0.1073780 0.1087863 0.0919211 0.1150201 0.0988441 0.0748557 0.1618710 0.1096687 0.1045584 0.1587411 0.1046042 0.1117711 0.1058323 0.0896371 0.1061724 0.0800693 0.1047646 0.1078468 0.1178923 0.1150351 0.1084007 0.0966013 0.0916994 0.2476686 0.0975099 0.1090367 0.1080519 0.0934408 
S0430         0.3271559 0.1450247 0.1234099 0.2203351 0.1758395 0.1411906 0.0099162 0.2043374 0.1635782 0.1584392 0.1661809 0.3588248 0.0279571 0.0964133 0.1963217 0.0254780 0.1894892 0.1452796 0.0228786 0.1536275 0.1373330 0.1326893 0.1740036 0.1664644 0.1323867 0.1492563 0.1838832 0.0000000 0.1774873 0.1519939 0.1830709 0.1002967 0.0205612 0.1824969 0.1557952 0.1293627 0.2054364 0.1635108 0.1764299 0.1471379 0.1226774 0.1358714 0.0237621 0.2684650 0.1609026 0.0187279 0.2158825 0.1443014 0.1886998 0.1276364 0.1370189 0.1234707 0.1316448 0.1712161 0.1407368 0.1681893 0.0915952 0.1736380 0.1427605 0.1443829 0.0602160 0.1564559 0.1527640 0.1602886 0.1583214 0.1833502 0.1594124 0.2583003 0.1696928 0.0995581 0.1098123 0.1555849 0.1653925 0.2825020 0.1289312 0.2757660 0.1870390 0.1618850 0.1552764 0.0959254 0.1540052 0.1793463 0.2778995 0.1349990 0.1560005 0.1402889 0.1742782 0.1642026 0.1696916 0.0179377 0.1584241 0.1962099 0.0909953 0.0145344 0.0079662 0.1454773 0.0916824 0.1602651 0.1593273 0.1400282 0.1338894 0.1525196 0.1830683 0.1341480 0.1641811 0.1615398 0.1619285 0.2006207 0.1555421 0.1277951 0.2093616 0.1558437 0.1752489 0.1415279 0.1544076 0.1645008 0.1390587 0.1475721 0.1930708 0.1366652 0.1659969 0.1385856 0.1549525 0.1471269 0.1497769 0.1785820 0.1473025 0.1372101 0.3099138 0.1202047 0.1365334 0.1558454 0.1363795 
S0478         0.2705325 0.1177077 0.1032671 0.0875087 0.1785581 0.1014156 0.1763797 0.0898542 0.1223339 0.1222814 0.1543718 0.2237801 0.1668608 0.1906044 0.0854305 0.1748016 0.0637522 0.1128547 0.1710151 0.0973126 0.1029781 0.1032625 0.1344791 0.0557906 0.1060131 0.1168583 0.0667242 0.1774873 0.0000000 0.1097735 0.1384786 0.1695115 0.1688997 0.0819493 0.1165897 0.1059747 0.0934905 0.0734949 0.1068827 0.1057077 0.0992357 0.1242450 0.1685402 0.2188764 0.1245429 0.1698003 0.1382059 0.1143899 0.1192464 0.1041677 0.1021103 0.0971633 0.1072013 0.1344013 0.1334748 0.0808520 0.1649109 0.1062219 0.0639845 0.0981948 0.1574412 0.1185363 0.1062539 0.1131893 0.1132133 0.1382474 0.1721588 0.2163499 0.1233009 0.1668275 0.1916715 0.1140171 0.1147636 0.2273542 0.1051965 0.2251968 0.1455226 0.1205545 0.1211029 0.1677305 0.1325663 0.1309517 0.2313737 0.1018475 0.1240999 0.0993936 0.0615724 0.1067243 0.1062351 0.1702902 0.0706875 0.0889200 0.1618778 0.1693508 0.1731415 0.1045528 0.1719720 0.1235076 0.1154337 0.1087535 0.1044894 0.1207159 0.1387243 0.1112766 0.0782549 0.1076097 0.1126648 0.0806794 0.1154892 0.1042312 0.0712533 0.1684615 0.1073983 0.1065538 0.1696015 0.1200735 0.1005450 0.1126182 0.0935137 0.1105431 0.0837172 0.1054664 0.1112127 0.1251684 0.1190096 0.1056402 0.0947061 0.0968483 0.2412770 0.0932725 0.0951302 0.1136404 0.0870773 
