129
PAFTOL_019361 0.0000000 0.1784606 0.2147162 0.1929917 0.2283597 0.1878538 0.2201355 0.2285158 0.2042580 0.1701728 0.1842413 0.2128514 0.2201355 0.2378454 0.2013488 0.2313512 0.1882867 0.2130815 0.2414740 0.2435181 0.1790545 0.2069828 0.2071329 0.2524603 0.1855360 0.2134243 0.2020879 0.2282167 0.2200138 0.2281277 0.1827610 0.3062131 0.2088487 0.1640931 0.1780001 0.2186185 0.2791247 0.2013290 0.2092976 0.1786353 0.1986608 0.2293814 0.1725922 0.2327524 0.2282668 0.1956771 0.2117668 0.1915579 0.2055063 0.2058120 0.2403319 0.2089293 0.1941024 0.2281726 0.2081081 0.1972769 0.2034439 0.1815351 0.2395665 0.2199513 0.2382291 0.2186131 0.2193147 0.2054598 0.2249453 0.1823800 0.2250462 0.2392232 0.2769460 0.2051281 0.2433359 0.1717219 0.2146184 0.1805046 0.2463670 0.2134405 0.2397070 0.2293574 0.2108833 0.1717219 0.1887716 0.1920903 0.2201179 0.1980361 0.2081081 0.2116472 0.2313512 0.2004010 0.2563075 0.2357369 0.2248380 0.2222428 0.1701595 0.2437428 0.1904059 0.2111842 0.1757820 0.1783403 0.1768816 0.2311256 0.2212612 0.1929477 0.2122160 0.2162393 0.1899966 0.2013944 0.2121211 0.2568363 0.1965012 0.1704595 0.2042125 0.1862324 0.2053919 0.1918237 0.2730290 0.1965821 0.2235152 0.1975772 0.2077352 0.1801172 0.2148187 0.2528792 0.2052536 0.1949800 0.2024021 0.2064563 0.1830004 0.2224009 0.2149135 
S0055         0.1784606 0.0000000 0.0418779 0.0383287 0.0564611 0.0439250 0.0492827 0.0494485 0.0338007 0.0440581 0.0462037 0.0495326 0.0492827 0.0603406 0.0334261 0.0552781 0.0237303 0.0390604 0.0664418 0.0653723 0.0385284 0.0498198 0.0439758 0.0846343 0.0242370 0.0391704 0.0669289 0.0546277 0.0413418 0.0564051 0.0829611 0.1274095 0.0448086 0.0592239 0.0357154 0.0438925 0.2791247 0.0503546 0.0557976 0.0792433 0.0391158 0.0547791 0.0833981 0.0721787 0.0546395 0.0492240 0.0389210 0.0498590 0.0340121 0.0340594 0.0791744 0.0395492 0.0348259 0.0546138 0.0448283 0.0338906 0.0337005 0.0254655 0.0607507 0.0509023 0.0512237 0.0506540 0.0629321 0.0896816 0.0449891 0.0963618 0.0789803 0.0607340 0.0925191 0.0403026 0.0709496 0.0830270 0.0363373 0.0895296 0.0566921 0.0391163 0.0586538 0.0603653 0.0491661 0.0830270 0.0547016 0.0442171 0.0546900 0.0391712 0.0448283 0.0427536 0.0552781 0.0343204 0.0663506 0.0857247 0.0539157 0.0496544 0.0410753 0.0653167 0.0339789 0.0358281 0.0444976 0.0383646 0.0091147 0.0627497 0.0659022 0.0383206 0.0315969 0.0448330 0.0461706 0.0436316 0.0389764 0.0664949 0.0287905 0.0332284 0.0338376 0.0384823 0.0390604 0.0708292 0.0775841 0.0389780 0.0499728 0.0442630 0.0609024 0.0393562 0.0660825 0.0733451 0.0449434 0.0386448 0.0736218 0.0340932 0.0443683 0.0662469 0.0393364 
S0196sl       0.2147162 0.0418779 0.0000000 0.0302890 0.0363148 0.0358693 0.0525524 0.0358235 0.0199676 0.0306122 0.0379819 0.0358873 0.0525524 0.0529012 0.0250460 0.0590168 0.0199070 0.0252294 0.0636929 0.0535225 0.0250774 0.0363814 0.0305377 0.0716950 0.0152642 0.0097413 0.0476316 0.0582779 0.0304756 0.0546065 0.0640299 0.0984144 0.0309214 0.0521004 0.0250774 0.0358524 0.4846097 0.0365076 0.0362504 0.0000010 0.0249754 0.0645631 0.0963673 0.0588897 0.0525524 0.0359232 0.0096792 0.0307093 0.0048314 0.0048387 0.0596115 0.0252614 0.0207404 0.0469761 0.0309380 0.0201596 0.0199070 0.0150171 0.0532829 0.0487665 0.0490951 0.0485134 0.0615192 0.0000010 0.0252410 0.1176226 0.0602567 0.0471566 0.0783292 0.0259635 0.0580528 0.0959023 0.0048312 0.1031612 0.0549030 0.0252670 0.0471562 0.0472315 0.0356130 0.0959023 0.0415044 0.0307163 0.0357332 0.0200622 0.0309380 0.0315006 0.0590168 0.0254521 0.0529001 0.0722948 0.0647903 0.0529755 0.0302823 0.0581440 0.0362503 0.0251548 0.0360339 0.0303272 0.0307179 0.0544537 0.0471012 0.0356130 0.0257335 0.0309398 0.0378130 0.0302890 0.0096931 0.0198561 0.0096792 0.0251991 0.0146309 0.0250830 0.0307647 0.0581149 0.0413091 0.0307008 0.0307836 0.0305434 0.0417282 0.0310098 0.0586162 0.0598090 0.0367539 0.0303356 0.0599953 0.0249623 0.0308268 0.0532336 0.0254349 
S0278         0.1929917 0.0383287 0.0302890 0.0000000 0.0499374 0.0430801 0.0431908 0.0234204 0.0282199 0.0381388 0.0404380 0.0332974 0.0431908 0.0434526 0.0090567 0.0489161 0.0281597 0.0332833 0.0596794 0.0413839 0.0328424 0.0436512 0.0185225 0.0606540 0.0188820 0.0333771 0.0443136 0.0483531 0.0299114 0.0554436 0.0539269 0.1121555 0.0188536 0.0479012 0.0246177 0.0184886 0.4846097 0.0441065 0.0287671 0.1786353 0.0284740 0.0434844 0.0654448 0.0492868 0.0483633 0.0431404 0.0331699 0.0387023 0.0283937 0.0284323 0.0718596 0.0287829 0.0290547 0.0381485 0.0387893 0.0282934 0.0281387 0.0147403 0.0437423 0.0500418 0.0503531 0.0498019 0.0618354 0.2054598 0.0389271 0.0891766 0.0590740 0.0437245 0.0846306 0.0292366 0.0535338 0.0651635 0.0250335 0.0711924 0.0557218 0.0333298 0.0354637 0.0434673 0.0430909 0.0651635 0.0484189 0.0382751 0.0484061 0.0333756 0.0387893 0.0308983 0.0489161 0.0286429 0.0489827 0.0614166 0.0538996 0.0486848 0.0297251 0.0482506 0.0383900 0.0246922 0.0385113 0.0279410 0.0281598 0.0557497 0.0486658 0.0279098 0.0309101 0.0387923 0.0193967 0.0377793 0.0332161 0.0387298 0.0233728 0.0280738 0.0282517 0.0328040 0.0332833 0.0534394 0.0489499 0.0332172 0.0437791 0.0333048 0.0335878 0.0335289 0.0542261 0.0662416 0.0388838 0.0281387 0.0554798 0.0385162 0.0283725 0.0489188 0.0335127 
S0281         0.2283597 0.0564611 0.0363148 0.0499374 0.0000000 0.0557249 0.0669669 0.0560701 0.0398041 0.0504515 0.0586618 0.0561677 0.0669669 0.0674011 0.0393491 0.0735737 0.0397129 0.0452899 0.0780108 0.0593913 0.0446535 0.0564998 0.0503543 0.0994676 0.0244905 0.0339850 0.0612618 0.0726803 0.0421458 0.0695117 0.0909283 0.1491908 0.0513374 0.0720443 0.0421275 0.0502565 0.4846097 0.0571260 0.0627864 0.0792433 0.0392447 0.0790440 0.1172585 0.0671100 0.0726966 0.0558069 0.0337702 0.0565453 0.0289065 0.0289465 0.0808706 0.0396822 0.0410474 0.0614144 0.0513587 0.0399119 0.0396822 0.0315451 0.0678690 0.0636915 0.0513228 0.0633681 0.0766073 0.0896816 0.0396510 0.1320218 0.0807694 0.0678541 0.1140566 0.0407616 0.0724090 0.1167024 0.0308654 0.1241482 0.0629520 0.0453565 0.0661001 0.0674310 0.0557393 0.1167024 0.0615129 0.0506358 0.0615035 0.0454218 0.0513587 0.0497071 0.0735737 0.0404341 0.0612388 0.0796877 0.0852344 0.0674954 0.0476968 0.0725190 0.0444398 0.0422648 0.0509670 0.0499860 0.0452119 0.0758407 0.0672597 0.0499265 0.0432879 0.0458542 0.0466806 0.0499483 0.0338180 0.0672611 0.0237894 0.0448679 0.0287594 0.0445987 0.0452899 0.0782455 0.0853745 0.0451881 0.0566822 0.0506941 0.0680490 0.0456432 0.0795892 0.0811003 0.0514979 0.0503669 0.0677872 0.0392243 0.0400814 0.0606417 0.0456193 
S0282         0.1878538 0.0439250 0.0358693 0.0430801 0.0557249 0.0000000 0.0538870 0.0488238 0.0333796 0.0138652 0.0297886 0.0489057 0.0538870 0.0595709 0.0330141 0.0599333 0.0333069 0.0385699 0.0657986 0.0586358 0.0090993 0.0237859 0.0434249 0.0897841 0.0239321 0.0386774 0.0660583 0.0592342 0.0354180 0.0547500 0.0818859 0.1467853 0.0442370 0.0330057 0.0096826 0.0433436 0.6354316 0.0391649 0.0550775 0.0000010 0.0389470 0.0651016 0.0869710 0.0772305 0.0592469 0.0185897 0.0384342 0.0188209 0.0335860 0.0336321 0.0726596 0.0393773 0.0343789 0.0539233 0.0339034 0.0334673 0.0332819 0.0148432 0.0599711 0.0494177 0.0497205 0.0491835 0.0610481 0.2047583 0.0444125 0.0997725 0.0775363 0.0599545 0.0973046 0.0397814 0.0700440 0.0865912 0.0304910 0.0930201 0.0550211 0.0386244 0.0521894 0.0595948 0.0485484 0.0865912 0.0234767 0.0334553 0.0539976 0.0386780 0.0339034 0.0257238 0.0599333 0.0338865 0.0654948 0.0845797 0.0598317 0.0542914 0.0146165 0.0644866 0.0437965 0.0300707 0.0188091 0.0137486 0.0385095 0.0507084 0.0650576 0.0430710 0.0311452 0.0391059 0.0455645 0.0330210 0.0384883 0.0656354 0.0284331 0.0091394 0.0334158 0.0380060 0.0385699 0.0382079 0.0765773 0.0284400 0.0493351 0.0334847 0.0601190 0.0388584 0.0710760 0.0611001 0.0443683 0.0434352 0.0613271 0.0439397 0.0438077 0.0653942 0.0388392 
S0288         0.2201355 0.0492827 0.0525524 0.0431908 0.0669669 0.0538870 0.0000000 0.0489512 0.0436260 0.0540505 0.0564751 0.0490336 0.0000010 0.0091152 0.0330983 0.0045544 0.0435281 0.0490131 0.0138803 0.0475470 0.0483409 0.0600028 0.0435374 0.0727539 0.0287271 0.0491453 0.0448497 0.0045041 0.0518821 0.0669080 0.0655660 0.0923442 0.0334322 0.0751513 0.0461032 0.0434557 0.2791247 0.0550262 0.0500302 0.0792433 0.0546229 0.0091310 0.0832859 0.0720187 0.0045051 0.0592873 0.0488318 0.0600496 0.0438949 0.0439556 0.0900477 0.0552318 0.0390417 0.0136931 0.0494837 0.0380129 0.0333278 0.0358001 0.0091750 0.0613131 0.0616959 0.0610128 0.0736883 0.0896816 0.0551882 0.0962141 0.0777855 0.0332982 0.0624786 0.0394674 0.0649758 0.0829163 0.0469050 0.0894023 0.0672444 0.0490832 0.0299706 0.0545845 0.0592173 0.0829163 0.0648786 0.0542410 0.0541388 0.0491519 0.0494837 0.0477583 0.0045544 0.0384862 0.0656690 0.0392546 0.0138441 0.0045324 0.0515467 0.0230905 0.0492933 0.0462500 0.0545864 0.0535643 0.0489285 0.0677409 0.0600042 0.0535020 0.0423041 0.0550032 0.0456881 0.0535247 0.0489013 0.0658104 0.0385336 0.0485672 0.0436692 0.0482831 0.0490131 0.0701099 0.0767819 0.0489036 0.0539123 0.0543041 0.0489141 0.0493855 0.0756172 0.0666182 0.0551428 0.0434955 0.0614930 0.0545943 0.0544331 0.0495153 0.0388937 
S0289         0.2285158 0.0494485 0.0358235 0.0234204 0.0560701 0.0488238 0.0489512 0.0000000 0.0232894 0.0437615 0.0403352 0.0233880 0.0489512 0.0492538 0.0138440 0.0549025 0.0334993 0.0387962 0.0659902 0.0472105 0.0382712 0.0494816 0.0236035 0.0660523 0.0240707 0.0389049 0.0554596 0.0542603 0.0353734 0.0560146 0.0591327 0.1245037 0.0140019 0.0644703 0.0299409 0.0235597 0.4846097 0.0388205 0.0337388 0.2047583 0.0442241 0.0600548 0.0953631 0.0545010 0.0542720 0.0379774 0.0386587 0.0495202 0.0337816 0.0338283 0.0603562 0.0447153 0.0345843 0.0437727 0.0336087 0.0336616 0.0232237 0.0199212 0.0495865 0.0505497 0.0508669 0.0503046 0.0624910 0.0000010 0.0446804 0.1088388 0.0653784 0.0495684 0.0918738 0.0295162 0.0540643 0.0949326 0.0304523 0.1017071 0.0562980 0.0388514 0.0410911 0.0440274 0.0379342 0.0949326 0.0481124 0.0439186 0.0431439 0.0389056 0.0336087 0.0365557 0.0549025 0.0340858 0.0436524 0.0734332 0.0548765 0.0546407 0.0351502 0.0541437 0.0440564 0.0300331 0.0330090 0.0433722 0.0387350 0.0501731 0.0492986 0.0433222 0.0365698 0.0336108 0.0144015 0.0433405 0.0387135 0.0392292 0.0285964 0.0384484 0.0336094 0.0332126 0.0286930 0.0594767 0.0495903 0.0387150 0.0385339 0.0439638 0.0385872 0.0390881 0.0715194 0.0605403 0.0446351 0.0329978 0.0617889 0.0442012 0.0440676 0.0443010 0.0284451 
S0292         0.2042580 0.0338007 0.0199676 0.0282199 0.0398041 0.0333796 0.0436260 0.0232894 0.0000000 0.0284929 0.0297005 0.0233275 0.0436260 0.0438932 0.0185358 0.0494191 0.0186971 0.0236777 0.0603055 0.0415274 0.0233663 0.0338234 0.0284416 0.0603658 0.0094003 0.0237475 0.0499165 0.0488447 0.0197197 0.0395685 0.0536780 0.1175921 0.0187481 0.0484417 0.0146069 0.0283887 0.4846097 0.0236959 0.0286374 0.2047583 0.0287907 0.0545057 0.0891572 0.0490580 0.0488552 0.0334264 0.0236002 0.0338494 0.0188534 0.0188793 0.0496127 0.0291065 0.0192895 0.0385298 0.0187587 0.0187856 0.0090775 0.0048573 0.0441886 0.0343727 0.0401372 0.0342109 0.0455025 0.0000010 0.0290840 0.1023369 0.0534670 0.0441706 0.0855778 0.0244140 0.0540822 0.0887585 0.0148522 0.0953775 0.0454305 0.0237108 0.0355846 0.0439082 0.0231655 0.0887585 0.0385947 0.0285972 0.0281008 0.0237435 0.0187587 0.0203651 0.0494191 0.0190164 0.0384247 0.0674919 0.0601031 0.0439495 0.0195982 0.0487402 0.0286788 0.0048125 0.0236368 0.0282458 0.0236460 0.0394511 0.0491639 0.0185535 0.0100349 0.0092507 0.0296757 0.0282257 0.0236331 0.0443147 0.0139665 0.0234721 0.0187594 0.0185410 0.0236777 0.0539861 0.0547708 0.0236337 0.0235227 0.0286204 0.0334361 0.0238519 0.0548567 0.0386586 0.0290458 0.0184245 0.0560698 0.0287762 0.0286870 0.0494219 0.0138928 
S0293         0.1701728 0.0440581 0.0306122 0.0381388 0.0504515 0.0138652 0.0540505 0.0437615 0.0284929 0.0000000 0.0301079 0.0438350 0.0540505 0.0543856 0.0281827 0.0601182 0.0284315 0.0336091 0.0660039 0.0530757 0.0045308 0.0189502 0.0328934 0.0841616 0.0190649 0.0337046 0.0607307 0.0594149 0.0302266 0.0560205 0.0764617 0.1403468 0.0391583 0.0281754 0.0048200 0.0383708 0.4846097 0.0341266 0.0498635 0.0000010 0.0339399 0.0653027 0.0890175 0.0717870 0.0594277 0.0138842 0.0334933 0.0140567 0.0286699 0.0287093 0.0550473 0.0343143 0.0293440 0.0488229 0.0289390 0.0285678 0.0284101 0.0098514 0.0547519 0.0505585 0.0508757 0.0503135 0.0624925 0.2047583 0.0393170 0.1021713 0.0716836 0.0547343 0.0976242 0.0346629 0.0647832 0.0886209 0.0252982 0.0952267 0.0563037 0.0336565 0.0467677 0.0544065 0.0435162 0.0886209 0.0187041 0.0285589 0.0488894 0.0337032 0.0289390 0.0204869 0.0601182 0.0289241 0.0602100 0.0789704 0.0600160 0.0544573 0.0097009 0.0592873 0.0387695 0.0249498 0.0140480 0.0091278 0.0335589 0.0563454 0.0598100 0.0381308 0.0312461 0.0391799 0.0346968 0.0281885 0.0335404 0.0603396 0.0235972 0.0045506 0.0285252 0.0331204 0.0336091 0.0332951 0.0711832 0.0236027 0.0442182 0.0285821 0.0548835 0.0338595 0.0657306 0.0557800 0.0392729 0.0384517 0.0443657 0.0388981 0.0387798 0.0601215 0.0338430 
S0294         0.1842413 0.0462037 0.0379819 0.0404380 0.0586618 0.0297886 0.0564751 0.0403352 0.0297005 0.0301079 0.0000000 0.0350215 0.0564751 0.0623950 0.0351010 0.0628676 0.0407506 0.0464948 0.0681942 0.0553503 0.0246682 0.0354923 0.0462368 0.0819556 0.0251016 0.0466286 0.0637492 0.0621003 0.0318597 0.0583540 0.0740162 0.1288998 0.0297472 0.0457656 0.0207833 0.0351010 0.3309340 0.0410197 0.0520849 0.0893047 0.0409110 0.0625580 0.0874709 0.0691666 0.0621143 0.0353323 0.0463149 0.0358048 0.0411136 0.0411736 0.0636562 0.0413855 0.0306381 0.0564476 0.0354915 0.0297931 0.0296105 0.0209819 0.0628329 0.0526468 0.0467180 0.0523811 0.0651582 0.0782889 0.0529547 0.1011926 0.0824795 0.0571900 0.0970089 0.0363647 0.0632233 0.0870626 0.0322708 0.0939465 0.0586605 0.0465650 0.0428301 0.0693071 0.0453938 0.0870626 0.0408187 0.0409331 0.0510232 0.0466339 0.0354915 0.0329726 0.0628676 0.0301808 0.0629081 0.0815677 0.0563764 0.0569191 0.0261519 0.0675401 0.0407880 0.0318009 0.0302055 0.0246682 0.0404290 0.0527418 0.0752479 0.0457676 0.0330482 0.0408937 0.0484178 0.0403674 0.0463845 0.0637835 0.0355019 0.0246682 0.0408907 0.0403794 0.0464948 0.0571542 0.0757965 0.0347794 0.0348188 0.0406917 0.0454795 0.0413195 0.0629478 0.0641070 0.0529065 0.0348204 0.0586949 0.0523525 0.0521883 0.0688196 0.0353041 
S0299         0.2128514 0.0495326 0.0358873 0.0332974 0.0561677 0.0489057 0.0490336 0.0233880 0.0233275 0.0438350 0.0350215 0.0000000 0.0490336 0.0493372 0.0234313 0.0549962 0.0335551 0.0388614 0.0661033 0.0472958 0.0383346 0.0495658 0.0335622 0.0661667 0.0191712 0.0389704 0.0555559 0.0543520 0.0354355 0.0551774 0.0592321 0.1247310 0.0237021 0.0645788 0.0299931 0.0334993 0.4846097 0.0388858 0.0337954 0.2047583 0.0442990 0.0601573 0.0955303 0.0545935 0.0543637 0.0489755 0.0387235 0.0496045 0.0338383 0.0338851 0.0594640 0.0447913 0.0346437 0.0438462 0.0336648 0.0337179 0.0232615 0.0199561 0.0496710 0.0498005 0.0501080 0.0495630 0.0615354 0.0000010 0.0447564 0.1090324 0.0654993 0.0496528 0.0920384 0.0341489 0.0638336 0.0950978 0.0305062 0.1018861 0.0554522 0.0389168 0.0411641 0.0389356 0.0379966 0.0950978 0.0544253 0.0439925 0.0432154 0.0389712 0.0336648 0.0366221 0.0549962 0.0341435 0.0437255 0.0735630 0.0603744 0.0547337 0.0352116 0.0542349 0.0441308 0.0300856 0.0387835 0.0434444 0.0388000 0.0502596 0.0547121 0.0433943 0.0366361 0.0336669 0.0352054 0.0434126 0.0387784 0.0498159 0.0286439 0.0385125 0.0336656 0.0332674 0.0337605 0.0595772 0.0604538 0.0387799 0.0385982 0.0440379 0.0285895 0.0391543 0.0716428 0.0606448 0.0447112 0.0330519 0.0618971 0.0442761 0.0441421 0.0496424 0.0284922 
S0303         0.2201355 0.0492827 0.0525524 0.0431908 0.0669669 0.0538870 0.0000010 0.0489512 0.0436260 0.0540505 0.0564751 0.0490336 0.0000000 0.0091152 0.0330983 0.0045544 0.0435281 0.0490131 0.0138803 0.0475470 0.0483409 0.0600028 0.0435374 0.0727539 0.0287271 0.0491453 0.0448497 0.0045041 0.0518821 0.0669080 0.0655660 0.0923442 0.0334322 0.0751513 0.0461032 0.0434557 0.2791247 0.0550262 0.0500302 0.0792433 0.0546229 0.0091310 0.0832859 0.0720187 0.0045051 0.0592873 0.0488318 0.0600496 0.0438949 0.0439556 0.0900477 0.0552318 0.0390417 0.0136931 0.0494837 0.0380129 0.0333278 0.0358001 0.0091750 0.0613131 0.0616959 0.0610128 0.0736883 0.0896816 0.0551882 0.0962141 0.0777855 0.0332982 0.0624786 0.0394674 0.0649758 0.0829163 0.0469050 0.0894023 0.0672444 0.0490832 0.0299706 0.0545845 0.0592173 0.0829163 0.0648786 0.0542410 0.0541388 0.0491519 0.0494837 0.0477583 0.0045544 0.0384862 0.0656690 0.0392546 0.0138441 0.0045324 0.0515467 0.0230905 0.0492933 0.0462500 0.0545864 0.0535643 0.0489285 0.0677409 0.0600042 0.0535020 0.0423041 0.0550032 0.0456881 0.0535247 0.0489013 0.0658104 0.0385336 0.0485672 0.0436692 0.0482831 0.0490131 0.0701099 0.0767819 0.0489036 0.0539123 0.0543041 0.0489141 0.0493855 0.0756172 0.0666182 0.0551428 0.0434955 0.0614930 0.0545943 0.0544331 0.0495153 0.0388937 
S0308         0.2378454 0.0603406 0.0529012 0.0434526 0.0674011 0.0595709 0.0091152 0.0492538 0.0438932 0.0543856 0.0623950 0.0493372 0.0091152 0.0000000 0.0332961 0.0139315 0.0437941 0.0493165 0.0235932 0.0478639 0.0486360 0.0603810 0.0438034 0.0732295 0.0287670 0.0494501 0.0451318 0.0137758 0.0522214 0.0732786 0.0659824 0.0929732 0.0336342 0.0756251 0.0464010 0.0437208 0.4846097 0.0553736 0.0503456 0.0792433 0.0549650 0.0186215 0.0899779 0.0724853 0.0137786 0.0596567 0.0491327 0.0604284 0.0441653 0.0442267 0.0906464 0.0555815 0.0392827 0.0137722 0.0497930 0.0382413 0.0335284 0.0360318 0.0092283 0.0675504 0.0679752 0.0672142 0.0803088 0.0896816 0.0555375 0.1032869 0.0783293 0.0285026 0.0744223 0.0397131 0.0653846 0.0895722 0.0472133 0.0962571 0.0736495 0.0493874 0.0301600 0.0495060 0.0595859 0.0895722 0.0652864 0.0545783 0.0491566 0.0494570 0.0497930 0.0480793 0.0139315 0.0387197 0.0660871 0.0394984 0.0235277 0.0138643 0.0518817 0.0232247 0.0496000 0.0465495 0.0549290 0.0538935 0.0492306 0.0681853 0.0548767 0.0538304 0.0540421 0.0499417 0.0405567 0.0538534 0.0492031 0.0662305 0.0387681 0.0488650 0.0439368 0.0485775 0.0493165 0.0705521 0.0659586 0.0387778 0.0542457 0.0546425 0.0492161 0.0496935 0.0649669 0.0670482 0.0554922 0.0437610 0.0618899 0.0549361 0.0547730 0.0498246 0.0339475 
S0320         0.2013488 0.0334261 0.0250460 0.0090567 0.0393491 0.0330141 0.0330983 0.0138440 0.0185358 0.0281827 0.0351010 0.0234313 0.0330983 0.0332961 0.0000000 0.0385531 0.0184972 0.0234212 0.0489890 0.0359285 0.0231167 0.0334483 0.0091250 0.0606540 0.0092996 0.0234890 0.0389317 0.0381130 0.0247349 0.0446792 0.0539269 0.1121555 0.0092854 0.0479012 0.0195438 0.0091085 0.4846097 0.0337908 0.0287671 0.0792433 0.0284740 0.0434844 0.0766546 0.0492868 0.0381210 0.0330599 0.0233455 0.0334737 0.0186502 0.0186755 0.0606610 0.0287829 0.0190768 0.0281899 0.0286575 0.0185837 0.0184834 0.0097513 0.0335177 0.0394296 0.0396747 0.0392428 0.0507451 0.0896816 0.0287609 0.0891766 0.0532754 0.0335012 0.0729236 0.0191959 0.0431587 0.0763204 0.0198723 0.0825964 0.0449034 0.0234536 0.0301622 0.0333061 0.0330226 0.0763204 0.0381669 0.0282848 0.0381533 0.0234855 0.0286575 0.0255457 0.0385531 0.0188097 0.0386001 0.0556361 0.0488341 0.0383698 0.0245820 0.0380326 0.0283645 0.0196024 0.0284563 0.0279410 0.0233903 0.0449163 0.0383547 0.0279098 0.0255544 0.0286589 0.0095490 0.0279213 0.0233776 0.0286129 0.0138180 0.0232193 0.0185582 0.0230899 0.0234212 0.0430801 0.0385748 0.0233782 0.0335415 0.0283074 0.0335878 0.0235915 0.0542261 0.0552084 0.0287233 0.0281387 0.0447096 0.0284598 0.0283725 0.0385553 0.0235806 
S0322         0.2313512 0.0552781 0.0590168 0.0489161 0.0735737 0.0599333 0.0045544 0.0549025 0.0494191 0.0601182 0.0628676 0.0549962 0.0045544 0.0139315 0.0385531 0.0000000 0.0493055 0.0549732 0.0188616 0.0475470 0.0542039 0.0662878 0.0493161 0.0795304 0.0341689 0.0495265 0.0508233 0.0091775 0.0518821 0.0735131 0.0720085 0.0998107 0.0334322 0.0817291 0.0522788 0.0492222 0.6979207 0.0550262 0.0561319 0.2214213 0.0607639 0.0139564 0.0902708 0.0787172 0.0091794 0.0654858 0.0547623 0.0540180 0.0497256 0.0497960 0.0972897 0.0614515 0.0447867 0.0186020 0.0555116 0.0380129 0.0388259 0.0358001 0.0140242 0.0677644 0.0681918 0.0674261 0.0805725 0.2635618 0.0614025 0.0953200 0.0777855 0.0387899 0.0690691 0.0452831 0.0713456 0.0898625 0.0469050 0.0965744 0.0738863 0.0550531 0.0299706 0.0607210 0.0654071 0.0898625 0.0712407 0.0603306 0.0602188 0.0551308 0.0555116 0.0477583 0.0092815 0.0441381 0.0721289 0.0450357 0.0188103 0.0092363 0.0578685 0.0282330 0.0552902 0.0462500 0.0607234 0.0595671 0.0548724 0.0744419 0.0662894 0.0594966 0.0423041 0.0611985 0.0518004 0.0595223 0.0548415 0.0722869 0.0441922 0.0544624 0.0494660 0.0541381 0.0549732 0.0765940 0.0835371 0.0548444 0.0599614 0.0604065 0.0548556 0.0553984 0.0822461 0.0731888 0.0613586 0.0492681 0.0679613 0.0607315 0.0605515 0.0555404 0.0446160 
S0327         0.1882867 0.0237303 0.0199070 0.0281597 0.0397129 0.0333069 0.0435281 0.0334993 0.0186971 0.0284315 0.0407506 0.0335551 0.0435281 0.0437941 0.0184972 0.0493055 0.0000000 0.0137767 0.0601628 0.0413952 0.0233175 0.0337487 0.0234923 0.0724490 0.0093807 0.0236964 0.0498002 0.0487337 0.0196604 0.0450962 0.0652151 0.1131753 0.0288996 0.0483326 0.0145638 0.0283278 0.4846097 0.0340974 0.0338214 0.2074460 0.0287279 0.0543793 0.0772915 0.0605386 0.0435773 0.0333534 0.0235502 0.0337746 0.0188135 0.0188392 0.0612372 0.0290420 0.0143362 0.0384445 0.0289148 0.0139648 0.0186438 0.0048439 0.0440882 0.0397949 0.0400445 0.0396052 0.0512288 0.2446915 0.0290194 0.0899368 0.0590901 0.0440702 0.0724186 0.0243594 0.0539578 0.0769517 0.0148076 0.0832893 0.0453243 0.0137954 0.0354734 0.0386794 0.0333154 0.0769517 0.0385091 0.0236208 0.0334578 0.0236928 0.0289148 0.0203014 0.0493055 0.0140197 0.0493734 0.0673259 0.0599615 0.0438502 0.0195396 0.0486297 0.0187916 0.0146071 0.0287099 0.0281855 0.0139479 0.0507263 0.0438495 0.0281538 0.0203085 0.0289159 0.0297503 0.0233157 0.0235830 0.0442307 0.0139375 0.0234221 0.0187199 0.0232903 0.0236274 0.0538621 0.0546648 0.0235836 0.0288118 0.0285584 0.0441877 0.0238006 0.0434746 0.0557289 0.0289808 0.0283867 0.0559359 0.0287135 0.0286247 0.0493082 0.0237895 
S0335         0.2130815 0.0390604 0.0252294 0.0332833 0.0452899 0.0385699 0.0490131 0.0387962 0.0236777 0.0336091 0.0464948 0.0388614 0.0490131 0.0493165 0.0234212 0.0549732 0.0137767 0.0000000 0.0660759 0.0472362 0.0283460 0.0390866 0.0285615 0.0787206 0.0142570 0.0288118 0.0555325 0.0543295 0.0249138 0.0507993 0.0711982 0.1272322 0.0341703 0.0538762 0.0196830 0.0334850 0.4846097 0.0394968 0.0391736 0.2074460 0.0339628 0.0547266 0.0954918 0.0664963 0.0490692 0.0335100 0.0286316 0.0391169 0.0238260 0.0238587 0.0615505 0.0343377 0.0193711 0.0386271 0.0341873 0.0188634 0.0236095 0.0098201 0.0496500 0.0453853 0.0456715 0.0451659 0.0571436 0.2446915 0.0291576 0.1089898 0.0654165 0.0442844 0.0727961 0.0243180 0.0542220 0.0950603 0.0200162 0.1018462 0.0510575 0.0090399 0.0356508 0.0441000 0.0334716 0.0950603 0.0439005 0.0287184 0.0387472 0.0288089 0.0341873 0.0257369 0.0549732 0.0189385 0.0496162 0.0735324 0.0658487 0.0493810 0.0247587 0.0488650 0.0234279 0.0146761 0.0339411 0.0333142 0.0286876 0.0565813 0.0493807 0.0332763 0.0257459 0.0291265 0.0351896 0.0283439 0.0286718 0.0498144 0.0188252 0.0284754 0.0237060 0.0283125 0.0185718 0.0541255 0.0549362 0.0286727 0.0340645 0.0337617 0.0497660 0.0187056 0.0379622 0.0616400 0.0342696 0.0335555 0.0618709 0.0339454 0.0234347 0.0549763 0.0289281 
S0355         0.2414740 0.0664418 0.0636929 0.0596794 0.0780108 0.0657986 0.0138803 0.0659902 0.0603055 0.0660039 0.0681942 0.0661033 0.0138803 0.0235932 0.0489890 0.0188616 0.0601628 0.0660759 0.0000000 0.0659081 0.0599161 0.0597506 0.0601759 0.0917269 0.0446699 0.0595281 0.0620283 0.0186482 0.0700823 0.0854984 0.0837147 0.1129282 0.0494995 0.0880114 0.0583171 0.0600604 0.2791247 0.0672387 0.0674844 0.0792433 0.0535134 0.0236371 0.1026666 0.0848190 0.0186521 0.0714738 0.0591455 0.0724152 0.0541525 0.0542272 0.0899387 0.0540984 0.0556685 0.0283525 0.0613828 0.0541526 0.0493423 0.0531395 0.0237512 0.0795655 0.0800679 0.0791612 0.0929518 0.0896816 0.0658405 0.1166022 0.0983374 0.0492936 0.0811063 0.0504139 0.0771909 0.1021940 0.0579002 0.1092071 0.0741219 0.0661735 0.0466727 0.0720528 0.0767557 0.1021940 0.0773606 0.0715799 0.0603934 0.0662686 0.0613828 0.0604870 0.0188616 0.0548505 0.0838699 0.0559826 0.0286733 0.0187702 0.0640217 0.0382550 0.0664565 0.0640650 0.0666744 0.0653907 0.0659443 0.0792176 0.0720918 0.0705807 0.0541207 0.0726344 0.0632611 0.0706115 0.0592301 0.0776105 0.0486159 0.0602056 0.0538717 0.0650536 0.0660759 0.0828092 0.0956273 0.0659110 0.0711414 0.0716800 0.0659231 0.0665962 0.0941231 0.0795067 0.0728316 0.0601171 0.0742042 0.0651297 0.0718555 0.0667552 0.0554579 
S0376         0.2435181 0.0653723 0.0535225 0.0413839 0.0593913 0.0586358 0.0475470 0.0472105 0.0415274 0.0530757 0.0553503 0.0472958 0.0475470 0.0478639 0.0359285 0.0475470 0.0413952 0.0472362 0.0659081 0.0000000 0.0469357 0.0594928 0.0417324 0.0477677 0.0311189 0.0477793 0.0197440 0.0532627 0.0467238 0.0671426 0.0522142 0.0722505 0.0420560 0.0640861 0.0469357 0.0472488 0.5621694 0.0594000 0.0253401 0.0000010 0.0595231 0.0595033 0.1105194 0.0529450 0.0475470 0.0587264 0.0531393 0.0469357 0.0477653 0.0478376 0.0913125 0.0602436 0.0431981 0.0419752 0.0536551 0.0417324 0.0360936 0.0362674 0.0482131 0.0733733 0.0599214 0.0729771 0.0874307 0.0000010 0.0601922 0.1246013 0.0725866 0.0535266 0.0857945 0.0552024 0.0888032 0.1099728 0.0475234 0.1176364 0.0800687 0.0473085 0.0532524 0.0359472 0.0581979 0.1099728 0.0647639 0.0532513 0.0584037 0.0473220 0.0536551 0.0543808 0.0539430 0.0476683 0.0534451 0.0536292 0.0597158 0.0536646 0.0524806 0.0531391 0.0522998 0.0468517 0.0589014 0.0525607 0.0532535 0.0732094 0.0414172 0.0581979 0.0544037 0.0536639 0.0376470 0.0524926 0.0532214 0.0363211 0.0418904 0.0471722 0.0474994 0.0359826 0.0533568 0.0704185 0.0529320 0.0532243 0.0533882 0.0529531 0.0306263 0.0537972 0.0832007 0.0724076 0.0601446 0.0471492 0.0534727 0.0479549 0.0534668 0.0248226 0.0421876 
S0400         0.1790545 0.0385284 0.0250774 0.0328424 0.0446535 0.0090993 0.0483409 0.0382712 0.0233663 0.0045308 0.0246682 0.0383346 0.0483409 0.0486360 0.0231167 0.0542039 0.0233175 0.0283460 0.0599161 0.0469357 0.0000000 0.0139874 0.0330999 0.0775596 0.0140698 0.0284271 0.0547474 0.0535777 0.0247656 0.0500771 0.0701809 0.1320454 0.0337056 0.0231107 0.0000010 0.0330387 0.4846097 0.0287763 0.0441375 0.0000010 0.0286237 0.0592873 0.0823704 0.0655420 0.0535891 0.0091116 0.0282517 0.0092234 0.0235110 0.0235426 0.0609811 0.0289357 0.0240536 0.0432313 0.0237274 0.0234275 0.0233001 0.0048439 0.0489605 0.0447456 0.0450245 0.0445327 0.0563129 0.2047583 0.0338431 0.0951304 0.0649799 0.0489426 0.0906015 0.0292226 0.0588258 0.0820087 0.0198970 0.0884107 0.0503289 0.0283854 0.0408574 0.0486534 0.0380607 0.0820087 0.0138080 0.0234214 0.0432889 0.0284242 0.0237274 0.0151017 0.0542039 0.0237146 0.0542817 0.0724478 0.0541128 0.0486986 0.0047709 0.0534639 0.0333759 0.0196265 0.0092179 0.0044935 0.0283063 0.0503596 0.0539274 0.0328356 0.0255872 0.0337244 0.0346968 0.0231214 0.0282909 0.0543980 0.0185798 0.0000021 0.0233941 0.0279410 0.0283460 0.0280856 0.0650005 0.0185840 0.0386643 0.0234385 0.0490734 0.0285538 0.0596685 0.0498660 0.0338022 0.0331074 0.0500489 0.0334870 0.0333850 0.0542069 0.0285403 
S0405         0.2069828 0.0498198 0.0363814 0.0436512 0.0564998 0.0237859 0.0600028 0.0494816 0.0338234 0.0189502 0.0354923 0.0495658 0.0600028 0.0603810 0.0334483 0.0662878 0.0337487 0.0390866 0.0597506 0.0594928 0.0139874 0.0000000 0.0440051 0.0910565 0.0242535 0.0391967 0.0669743 0.0655022 0.0359172 0.0622226 0.0830165 0.1490131 0.0448390 0.0285687 0.0149078 0.0439217 0.4846097 0.0451943 0.0558355 0.0000010 0.0336394 0.0715789 0.0959584 0.0783074 0.0655165 0.0238193 0.0389470 0.0241219 0.0340350 0.0340824 0.0665596 0.0340076 0.0348499 0.0546502 0.0397394 0.0339134 0.0337231 0.0150506 0.0607915 0.0566225 0.0569808 0.0563433 0.0689460 0.2047583 0.0450197 0.1095226 0.0786993 0.0607749 0.1049602 0.0403305 0.0709966 0.0955227 0.0309231 0.1023423 0.0567312 0.0391426 0.0529398 0.0604057 0.0491988 0.0955227 0.0288796 0.0339009 0.0492436 0.0391966 0.0397394 0.0317175 0.0662878 0.0343438 0.0553283 0.0857836 0.0661735 0.0604625 0.0200025 0.0653600 0.0443867 0.0304920 0.0241060 0.0187867 0.0390244 0.0615287 0.0659462 0.0436419 0.0371508 0.0448635 0.0462028 0.0334553 0.0390026 0.0665397 0.0288099 0.0140504 0.0238256 0.0385078 0.0390866 0.0440652 0.0776361 0.0288169 0.0393981 0.0339313 0.0609432 0.0393828 0.0720567 0.0679153 0.0449739 0.0440157 0.0681720 0.0445333 0.0443981 0.0662914 0.0393631 
S0407sl       0.2071329 0.0439758 0.0305377 0.0185225 0.0503543 0.0434249 0.0435374 0.0236035 0.0284416 0.0328934 0.0462368 0.0335622 0.0435374 0.0438034 0.0091250 0.0493161 0.0234923 0.0285615 0.0601759 0.0417324 0.0330999 0.0440051 0.0000000 0.0724652 0.0190307 0.0336430 0.0498111 0.0487441 0.0301539 0.0559113 0.0652293 0.1265147 0.0190018 0.0588072 0.0248146 0.0186312 0.4846097 0.0444679 0.0340783 0.1792572 0.0388460 0.0543910 0.0889514 0.0605520 0.0384706 0.0434862 0.0334325 0.0440392 0.0286181 0.0286573 0.0657166 0.0392738 0.0192518 0.0384526 0.0391037 0.0187498 0.0283592 0.0148584 0.0440977 0.0504609 0.0507768 0.0502168 0.0623678 0.2062418 0.0392431 0.1020912 0.0595900 0.0440797 0.0794930 0.0294746 0.0539694 0.0885546 0.0252372 0.0951536 0.0561934 0.0286016 0.0357561 0.0336112 0.0434360 0.0885546 0.0488109 0.0285413 0.0385036 0.0336415 0.0391037 0.0311575 0.0493161 0.0238689 0.0493841 0.0673410 0.0599745 0.0490812 0.0299646 0.0486400 0.0386980 0.0248904 0.0388212 0.0381050 0.0334978 0.0562224 0.0387087 0.0380616 0.0311683 0.0391068 0.0144402 0.0281714 0.0334794 0.0288755 0.0235552 0.0332514 0.0284739 0.0330609 0.0335478 0.0538736 0.0389329 0.0334805 0.0338509 0.0386179 0.0441973 0.0337973 0.0601475 0.0668056 0.0391989 0.0383813 0.0496843 0.0388261 0.0387082 0.0493189 0.0337809 
S0412sl       0.2524603 0.0846343 0.0716950 0.0606540 0.0994676 0.0897841 0.0727539 0.0660523 0.0603658 0.0841616 0.0819556 0.0661667 0.0727539 0.0732295 0.0606540 0.0795304 0.0724490 0.0787206 0.0917269 0.0477677 0.0775596 0.0910565 0.0724652 0.0000000 0.0625519 0.0789183 0.0616635 0.0785598 0.0589063 0.1060304 0.0653391 0.1356802 0.0614091 0.0719210 0.0644559 0.0723230 0.5621697 0.0672876 0.0498588 0.3517856 0.0733157 0.0732929 0.1169402 0.0334219 0.0785776 0.0899194 0.0783835 0.0911305 0.0727181 0.0731882 0.1101109 0.0741664 0.0749760 0.0671179 0.0726843 0.0728276 0.0549740 0.0536470 0.0737388 0.0991819 0.1003486 0.0991819 0.1142652 0.0785864 0.0860167 0.1316734 0.1059932 0.0855744 0.1077913 0.0813642 0.1143870 0.1163864 0.0656195 0.1238163 0.1065769 0.0672769 0.0717005 0.0662700 0.0768219 0.1163864 0.0961857 0.0844544 0.0824688 0.0789547 0.0726843 0.0732745 0.0795304 0.0738198 0.0839387 0.1004962 0.0849853 0.0791468 0.0702714 0.0783849 0.0847836 0.0646728 0.0785113 0.0718308 0.0724510 0.0924381 0.0719228 0.0717427 0.0662312 0.0727007 0.0644404 0.0832860 0.0785010 0.0795551 0.0669855 0.0722058 0.0726833 0.0606717 0.0787206 0.1018977 0.1035178 0.0785067 0.0781358 0.0845891 0.0548755 0.0793583 0.1035636 0.0914454 0.0859913 0.0549740 0.1001363 0.0733690 0.0848003 0.0610358 0.0612839 
S0417         0.1855360 0.0242370 0.0152642 0.0188820 0.0244905 0.0239321 0.0287271 0.0240707 0.0094003 0.0190649 0.0251016 0.0191712 0.0287271 0.0287670 0.0092996 0.0341689 0.0093807 0.0142570 0.0446699 0.0311189 0.0140698 0.0242535 0.0190307 0.0625519 0.0000000 0.0143011 0.0292537 0.0337733 0.0099676 0.0353066 0.0555633 0.1008087 0.0142987 0.0389118 0.0099200 0.0189950 0.4846097 0.0245048 0.0296217 0.0792433 0.0192664 0.0391526 0.0674495 0.0507918 0.0337805 0.0239659 0.0142120 0.0242724 0.0094599 0.0094734 0.0513858 0.0194800 0.0047657 0.0237844 0.0193917 0.0046425 0.0093736 0.0000022 0.0290966 0.0300391 0.0246950 0.0298951 0.0412683 0.0896816 0.0194647 0.0799351 0.0550372 0.0291133 0.0693204 0.0146141 0.0391897 0.0671508 0.0100898 0.0733943 0.0354896 0.0142771 0.0255010 0.0292096 0.0239385 0.0671508 0.0290611 0.0191369 0.0240256 0.0093881 0.0193917 0.0155738 0.0341689 0.0046987 0.0397539 0.0452276 0.0445288 0.0289368 0.0149755 0.0337008 0.0093777 0.0099501 0.0192543 0.0188994 0.0142398 0.0354510 0.0394935 0.0188781 0.0155791 0.0144336 0.0198595 0.0188860 0.0142319 0.0398418 0.0046708 0.0141336 0.0094121 0.0140532 0.0142570 0.0443567 0.0503708 0.0142322 0.0191593 0.0191501 0.0241759 0.0143621 0.0394448 0.0459116 0.0143533 0.0190348 0.0401527 0.0192567 0.0191949 0.0340693 0.0143555 
S0419         0.2134243 0.0391704 0.0097413 0.0333771 0.0339850 0.0386774 0.0491453 0.0389049 0.0237475 0.0337046 0.0466286 0.0389704 0.0491453 0.0494501 0.0234890 0.0495265 0.0236964 0.0288118 0.0595281 0.0477793 0.0284271 0.0391967 0.0336430 0.0789183 0.0143011 0.0000000 0.0556820 0.0544734 0.0199928 0.0509400 0.0657727 0.1345391 0.0291537 0.0540181 0.0250718 0.0335798 0.7500982 0.0343988 0.0448846 0.1780588 0.0234265 0.0602897 0.0957167 0.0609070 0.0544852 0.0387322 0.0090963 0.0339225 0.0045411 0.0045464 0.0616132 0.0236785 0.0244577 0.0439481 0.0342859 0.0189080 0.0236785 0.0099308 0.0497851 0.0455133 0.0401255 0.0452928 0.0573007 0.2047583 0.0236605 0.1028638 0.0661820 0.0497661 0.0922247 0.0242951 0.0542760 0.0952833 0.0000023 0.1020808 0.0511995 0.0288526 0.0415786 0.0494683 0.0335946 0.0952833 0.0440212 0.0338278 0.0440076 0.0288927 0.0342859 0.0260355 0.0551201 0.0241068 0.0494672 0.0737217 0.0660181 0.0495149 0.0302755 0.0543559 0.0339282 0.0199633 0.0340384 0.0334082 0.0287707 0.0567358 0.0493406 0.0333701 0.0204188 0.0342880 0.0352936 0.0333841 0.0091086 0.0493444 0.0090963 0.0285576 0.0137436 0.0283935 0.0288118 0.0597075 0.0661095 0.0287556 0.0393110 0.0338580 0.0499023 0.0290265 0.0606840 0.0618040 0.0343687 0.0336507 0.0620359 0.0234149 0.0339376 0.0551232 0.0290126 
S0427         0.2020879 0.0669289 0.0476316 0.0443136 0.0612618 0.0660583 0.0448497 0.0554596 0.0499165 0.0607307 0.0637492 0.0555559 0.0448497 0.0451318 0.0389317 0.0508233 0.0498002 0.0555325 0.0620283 0.0197440 0.0547474 0.0669743 0.0498111 0.0616635 0.0292537 0.0556820 0.0000000 0.0502174 0.0468053 0.0804392 0.0604833 0.1209149 0.0455281 0.0712620 0.0467824 0.0497147 0.4846097 0.0677207 0.0345119 0.2076201 0.0613894 0.0560504 0.0976233 0.0610401 0.0502284 0.0661559 0.0553168 0.0550100 0.0502297 0.0503007 0.0983515 0.0620909 0.0460069 0.0396098 0.0618225 0.0447402 0.0446341 0.0363308 0.0454433 0.0745274 0.0617784 0.0741478 0.0877978 0.2449507 0.0620409 0.1174599 0.0853078 0.0561966 0.0941034 0.0517069 0.0775174 0.0971729 0.0476076 0.1041280 0.0808516 0.0556139 0.0476700 0.0441668 0.0660752 0.0971729 0.0719762 0.0609462 0.0719720 0.0448738 0.0618225 0.0544797 0.0508233 0.0453222 0.0728844 0.0448191 0.0618135 0.0505750 0.0523080 0.0501063 0.0439685 0.0469336 0.0613482 0.0601684 0.0554287 0.0691344 0.0494520 0.0600965 0.0545027 0.0618334 0.0406937 0.0601227 0.0553974 0.0730447 0.0446341 0.0550112 0.0499640 0.0441236 0.0555325 0.0773866 0.0844211 0.0554003 0.0616034 0.0546546 0.0343005 0.0559666 0.0845634 0.0800778 0.0619969 0.0553853 0.0616666 0.0504182 0.0558814 0.0185832 0.0506751 
S0430         0.2282167 0.0546277 0.0582779 0.0483531 0.0726803 0.0592342 0.0045041 0.0542603 0.0488447 0.0594149 0.0621003 0.0543520 0.0045041 0.0137758 0.0381130 0.0091775 0.0487337 0.0543295 0.0186482 0.0532627 0.0535777 0.0655022 0.0487441 0.0785598 0.0337733 0.0544734 0.0502174 0.0000000 0.0575318 0.0726204 0.0711514 0.0985548 0.0385000 0.0807681 0.0516378 0.0486523 0.2791247 0.0604972 0.0554618 0.0792433 0.0600462 0.0138001 0.0891750 0.0777645 0.0090777 0.0647182 0.0541237 0.0655535 0.0491453 0.0492133 0.0960926 0.0607182 0.0442612 0.0183944 0.0548554 0.0430868 0.0383796 0.0412484 0.0138664 0.0669444 0.0673621 0.0666140 0.0795771 0.0896816 0.0606702 0.1023534 0.0840398 0.0383445 0.0682192 0.0394674 0.0705040 0.0887764 0.0525406 0.0953946 0.0729852 0.0544075 0.0352458 0.0600042 0.0646414 0.0887764 0.0704010 0.0596228 0.0595132 0.0544840 0.0548554 0.0535083 0.0091775 0.0436274 0.0712690 0.0445042 0.0185982 0.0091334 0.0571571 0.0279161 0.0546395 0.0518040 0.0600064 0.0588763 0.0542313 0.0735278 0.0655038 0.0482851 0.0479885 0.0604703 0.0511708 0.0588325 0.0542011 0.0714224 0.0436804 0.0538304 0.0488908 0.0535134 0.0543295 0.0756907 0.0825347 0.0542039 0.0592617 0.0596966 0.0542150 0.0547452 0.0812733 0.0723037 0.0606263 0.0486971 0.0671373 0.0600146 0.0598390 0.0548843 0.0440942 
S0478         0.2200138 0.0413418 0.0304756 0.0299114 0.0421458 0.0354180 0.0518821 0.0353734 0.0197197 0.0302266 0.0318597 0.0354355 0.0518821 0.0522214 0.0247349 0.0518821 0.0196604 0.0249138 0.0700823 0.0467238 0.0247656 0.0359172 0.0301539 0.0589063 0.0099676 0.0199928 0.0468053 0.0575318 0.0000000 0.0538839 0.0518465 0.0905157 0.0303798 0.0514415 0.0247656 0.0354015 0.5621694 0.0358625 0.0357894 0.0000010 0.0359352 0.0637275 0.0825655 0.0641052 0.0518821 0.0354706 0.0302672 0.0247656 0.0251865 0.0252232 0.0648858 0.0363550 0.0204733 0.0463785 0.0305452 0.0198118 0.0196604 0.0147587 0.0525946 0.0481232 0.0369415 0.0478764 0.0606909 0.0000010 0.0363251 0.0954109 0.0709606 0.0465535 0.0772873 0.0313838 0.0631926 0.0821780 0.0250649 0.0890296 0.0541733 0.0147350 0.0463234 0.0466274 0.0247295 0.0821780 0.0409778 0.0303282 0.0352854 0.0249581 0.0305452 0.0309382 0.0582524 0.0251310 0.0466747 0.0650273 0.0639495 0.0522945 0.0299048 0.0574011 0.0304008 0.0247228 0.0355786 0.0299487 0.0303298 0.0537345 0.0522308 0.0351683 0.0309499 0.0305469 0.0317212 0.0299114 0.0303121 0.0249958 0.0198871 0.0248843 0.0250524 0.0247710 0.0303762 0.0573728 0.0407872 0.0303131 0.0303946 0.0301595 0.0411957 0.0306150 0.0578614 0.0590249 0.0362799 0.0299568 0.0531577 0.0359158 0.0304367 0.0523105 0.0251143 
S0552sl       0.2281277 0.0564051 0.0546065 0.0554436 0.0695117 0.0547500 0.0669080 0.0560146 0.0395685 0.0560205 0.0583540 0.0551774 0.0669080 0.0732786 0.0446792 0.0735131 0.0450962 0.0507993 0.0854984 0.0671426 0.0500771 0.0622226 0.0559113 0.1060304 0.0353066 0.0509400 0.0804392 0.0726204 0.0538839 0.0000000 0.0972059 0.1531789 0.0570137 0.0779187 0.0478634 0.0503638 0.6639918 0.0629197 0.0686766 0.0792433 0.0566342 0.0789833 0.1083286 0.0924154 0.0726367 0.0614553 0.0506036 0.0622729 0.0454891 0.0455541 0.0620504 0.0572876 0.0466250 0.0671626 0.0570355 0.0453248 0.0450612 0.0371714 0.0737885 0.0045286 0.0238369 0.0045090 0.0139690 0.0896816 0.0572410 0.1224422 0.0680360 0.0737748 0.0992949 0.0246666 0.0546456 0.1078289 0.0487270 0.1149386 0.0287767 0.0508744 0.0723350 0.0733127 0.0613803 0.1078289 0.0672685 0.0562239 0.0672617 0.0509481 0.0570355 0.0557980 0.0735131 0.0459225 0.0797302 0.1005664 0.0790286 0.0674361 0.0535226 0.0784372 0.0564177 0.0480213 0.0565959 0.0554978 0.0507073 0.0820626 0.0675609 0.0554315 0.0496704 0.0514367 0.0526121 0.0554557 0.0506781 0.0799075 0.0399183 0.0503204 0.0452469 0.0500155 0.0452402 0.0842566 0.0915898 0.0506807 0.0624286 0.0446708 0.0739903 0.0511991 0.0857180 0.0794876 0.0571947 0.0450612 0.0876890 0.0566035 0.0564314 0.0735172 0.0511717 
