133
PAFTOL_019361 0.0000000 0.1929379 0.2176477 0.2269906 0.2442670 0.1717226 0.2106106 0.2248182 0.1788451 0.2186394 0.1763989 0.2351117 0.2462033 0.2035257 0.2269072 0.2270300 0.1853512 0.2112094 0.3261435 0.2417678 0.1935239 0.1791142 0.1891378 0.1898656 0.1873204 0.1661482 0.1788441 0.2132374 0.1962593 0.2089522 0.2021278 0.2534998 0.2273562 0.2132541 0.1872354 0.2162651 0.2288272 0.1818439 0.2078407 0.1920374 0.1858974 0.1982725 0.2283758 0.2121213 0.1774682 0.2230651 0.1752360 0.1938107 0.1630801 0.1699082 0.1727401 0.1679348 0.2334382 0.1817994 0.1912086 0.2330969 0.2145428 0.1885286 0.1854409 0.2029740 0.2022193 0.1983686 0.2001400 0.2215582 0.1952754 0.1844101 0.2308305 0.2121875 0.1905707 0.2493092 0.1740928 0.2414224 0.2220737 0.2050316 0.1643241 0.1979883 0.1776959 0.2006437 0.1993292 0.2451270 0.2149702 0.1797620 0.2103273 0.1730707 0.2084445 0.2013206 0.2024378 0.2235036 0.2523939 0.2128994 0.1918280 0.2545363 0.2035076 0.2197708 0.2202557 0.2030930 0.2282003 0.2343361 0.1982697 0.1734703 0.1899293 0.2018594 0.1731863 0.2009130 0.2024557 0.1975842 0.1932347 0.2131993 0.2008256 0.1731489 0.2039591 0.2392314 0.1986460 0.1838875 0.2392780 0.1884683 0.1835219 0.1978870 0.2084732 0.1982186 0.1855289 0.1775965 0.1887723 0.2164694 0.2091321 0.1998506 0.1891155 0.1867475 0.1984513 0.1976230 0.1780125 0.1913937 0.1836235 
S0055         0.1929379 0.0000000 0.0538474 0.0844257 0.0986669 0.0344591 0.0899921 0.0787404 0.0673151 0.0732894 0.0666570 0.0902878 0.0921332 0.0998707 0.0864637 0.0966025 0.0672595 0.0854070 0.1367170 0.0980033 0.0573565 0.0377220 0.0413206 0.0505768 0.0535668 0.0617929 0.0597157 0.0840027 0.0620980 0.0791708 0.0560753 0.1130919 0.0888209 0.0744925 0.0511396 0.0578697 0.0863394 0.0468582 0.0759700 0.0639953 0.0438134 0.0606049 0.0948546 0.1024397 0.0616049 0.0852194 0.0358447 0.0716522 0.0617702 0.0341179 0.0642632 0.0617269 0.1021053 0.0497387 0.0571795 0.1067432 0.0758347 0.0546081 0.0658114 0.0586245 0.0643069 0.0701367 0.0960503 0.0692844 0.0784039 0.0584723 0.0921979 0.0950758 0.0818735 0.0925834 0.0614001 0.1250021 0.1147968 0.0996477 0.0621509 0.0970031 0.0933495 0.0947090 0.0776702 0.1021077 0.0503843 0.0750305 0.1031772 0.0365571 0.0601899 0.0743686 0.0612138 0.0821292 0.0945831 0.0835110 0.0547360 0.0943970 0.0654217 0.0892968 0.0905035 0.0501610 0.0953758 0.0899017 0.0797809 0.0444940 0.0432952 0.0395225 0.0659700 0.0450743 0.0667649 0.0813069 0.0804556 0.0681419 0.0434859 0.0644115 0.0676303 0.0973321 0.0751919 0.0418500 0.0899075 0.0760543 0.0742836 0.0509690 0.0889561 0.0397143 0.0573742 0.0324013 0.0639538 0.0778312 0.0916994 0.0721149 0.0619994 0.0681766 0.1065555 0.0489217 0.0704030 0.0688332 0.0613795 
S0196sl       0.2176477 0.0538474 0.0000000 0.0689995 0.0694705 0.0404977 0.0532952 0.0633276 0.0469231 0.0000010 0.0932260 0.1073354 0.0608754 0.0729584 0.0689995 0.0532952 0.0480471 0.0461786 0.0000010 0.0532952 0.0490674 0.0411728 0.0411728 0.0695718 0.0605102 0.0217070 0.0473009 0.0538639 0.0815040 0.0840779 0.0632131 0.0482926 0.0671487 0.0681872 0.0471713 0.0550092 0.0696476 0.0474809 0.0843562 0.0683270 0.0404680 0.0169192 0.0532952 0.0875302 0.0767933 0.0535784 0.0341779 0.0528177 0.0334380 0.0341779 0.0275410 0.0275410 0.0855326 0.0166534 0.0471792 0.0436365 0.0748180 0.0488781 0.0400367 0.0674654 0.0287763 0.0689680 0.0765797 0.0526342 0.0525028 0.0556859 0.0546271 0.1029941 0.0743074 0.0602060 0.0410634 0.0865903 0.0786266 0.0951543 0.0275410 0.0934109 0.0862419 0.0783059 0.0538772 0.0532203 0.0414933 0.0525028 0.1022997 0.0344415 0.0500429 0.0470755 0.0543126 0.0841358 0.1722445 0.0532952 0.0561030 0.1013400 0.0558081 0.0532952 0.0532952 0.0542454 0.0544627 0.0547081 0.0752391 0.0542920 0.0560254 0.0987435 0.0542965 0.0483805 0.1129028 0.0599189 0.0810733 0.0782017 0.0498267 0.0275410 0.0607302 0.0546271 0.0782510 0.0413489 0.0546271 0.0599557 0.0339981 0.0489980 0.0615937 0.0552050 0.0618108 0.0563553 0.0530481 0.0412756 0.0469055 0.0679239 0.0615937 0.0473899 0.0743172 0.0278851 0.0339981 0.0535887 0.0402724 
S0278         0.2269906 0.0844257 0.0689995 0.0000000 0.1338459 0.0736480 0.1151308 0.0469280 0.0865614 0.1287614 0.0940123 0.0517523 0.1083457 0.1119735 0.0517864 0.0967133 0.0427865 0.0960193 0.2116520 0.1051563 0.0849425 0.0752305 0.0754834 0.0754873 0.0424183 0.0747536 0.0784599 0.1050542 0.0532817 0.0916658 0.0794920 0.1332708 0.1152841 0.0417035 0.0853544 0.0943797 0.0443531 0.0467183 0.0897850 0.0854350 0.0742223 0.0702851 0.0971672 0.1157380 0.0863394 0.0995626 0.0728092 0.1061721 0.0706412 0.0729202 0.0733314 0.0705910 0.1228923 0.0632837 0.0536312 0.1314894 0.0712715 0.0504110 0.0887517 0.0472386 0.0821615 0.0868687 0.1048595 0.0913276 0.0954436 0.0826139 0.1166130 0.0963986 0.1109094 0.1191414 0.0865154 0.1158836 0.1065139 0.1083819 0.0749809 0.1055815 0.1395144 0.0989017 0.0973071 0.1223954 0.0877970 0.0954441 0.1148395 0.0704106 0.1015029 0.0911006 0.0423916 0.0733498 0.0971551 0.1027707 0.0577573 0.0510036 0.0900007 0.1154055 0.1041741 0.0830688 0.1298176 0.1215367 0.0975271 0.0814564 0.0822467 0.0896918 0.0925009 0.0846166 0.0730720 0.1029918 0.0941041 0.0576766 0.0884453 0.0735035 0.0410740 0.1195309 0.0804707 0.0739719 0.1118324 0.0871004 0.0889812 0.0919602 0.0420740 0.0797231 0.0550358 0.0768166 0.0964305 0.0931481 0.1105173 0.0751333 0.0855854 0.0914591 0.1088229 0.0760533 0.0848878 0.0987416 0.0859956 
S0281         0.2442670 0.0986669 0.0694705 0.1338459 0.0000000 0.0935173 0.1043967 0.1383772 0.1283215 0.1251706 0.1240364 0.1477943 0.1135122 0.1032050 0.1375698 0.1191007 0.1274762 0.1344135 0.2520121 0.1112248 0.0928112 0.0954309 0.1028664 0.1112442 0.1133814 0.0940558 0.0934049 0.0995233 0.1298332 0.1242627 0.1143565 0.1195365 0.1096861 0.1292054 0.1162394 0.1141363 0.1384287 0.0948946 0.1250779 0.1182154 0.0893392 0.0792117 0.1089231 0.1549570 0.1125444 0.1056249 0.0927163 0.1170356 0.0916059 0.0928629 0.0947012 0.0915407 0.1267610 0.0678611 0.1147378 0.1133928 0.1268880 0.1046203 0.1150533 0.1341577 0.0901521 0.1178732 0.1293829 0.1088281 0.1216940 0.1039181 0.0832704 0.1315301 0.1370395 0.0966563 0.0926823 0.1447202 0.1390994 0.1512426 0.0943792 0.1477412 0.1289714 0.1384664 0.1142048 0.0980211 0.0967088 0.1315782 0.1501540 0.0922023 0.1033644 0.1212531 0.1235031 0.1296516 0.1528687 0.1063850 0.1105385 0.1553929 0.0854136 0.1097207 0.1042892 0.1087055 0.0964593 0.1333529 0.1498686 0.1005937 0.1032178 0.1175431 0.1222563 0.0917355 0.1270249 0.1409384 0.1302930 0.1258455 0.0908465 0.0949253 0.1311271 0.0881950 0.1211733 0.1010320 0.0949032 0.1334506 0.1188334 0.1046764 0.1426877 0.0976774 0.1069822 0.1001246 0.1215898 0.1145000 0.1344709 0.1259103 0.1193341 0.1182917 0.1403457 0.0918824 0.1186149 0.1037608 0.1138823 
S0282         0.1717226 0.0344591 0.0404977 0.0736480 0.0935173 0.0000000 0.0770561 0.0778399 0.0665042 0.0198055 0.0461032 0.0872867 0.0838802 0.0949182 0.0796220 0.0795546 0.0625358 0.0776315 0.1219973 0.0853756 0.0501183 0.0028721 0.0073009 0.0479007 0.0524831 0.0602580 0.0488859 0.0747688 0.0666743 0.0823220 0.0514561 0.1013022 0.0849931 0.0677088 0.0400345 0.0220324 0.0778182 0.0491824 0.0792475 0.0517221 0.0049979 0.0428918 0.0790056 0.0847286 0.0475783 0.0813169 0.0014247 0.0905010 0.0602361 0.0043147 0.0627143 0.0601937 0.1103605 0.0344623 0.0585599 0.0918160 0.0771836 0.0516518 0.0584500 0.0595767 0.0594016 0.0793530 0.0953562 0.0760091 0.0857949 0.0386561 0.0810239 0.0818104 0.0796727 0.0889315 0.0598687 0.1299773 0.1214640 0.0821784 0.0606075 0.0797594 0.0666033 0.0916407 0.0720497 0.0885732 0.0516697 0.0741353 0.0856322 0.0014473 0.0494364 0.0755867 0.0583361 0.0836050 0.1006037 0.0748078 0.0573252 0.0898078 0.0553151 0.0843478 0.0789902 0.0149713 0.0819449 0.0971717 0.0874589 0.0087125 0.0073159 0.0483479 0.0631186 0.0519587 0.0680254 0.0786626 0.0796194 0.0773785 0.0368203 0.0628597 0.0667651 0.0837003 0.0745161 0.0088843 0.0788278 0.0749329 0.0651861 0.0165145 0.0802747 0.0353451 0.0563213 0.0314617 0.0512591 0.0684925 0.0814876 0.0656212 0.0628954 0.0607221 0.1012049 0.0523626 0.0613986 0.0633785 0.0543060 
S0288         0.2106106 0.0899921 0.0532952 0.1151308 0.1043967 0.0770561 0.0000000 0.1263712 0.0774283 0.1370709 0.0950972 0.1689635 0.0206991 0.0612959 0.1275329 0.0179542 0.1102437 0.1144296 0.2381375 0.0261567 0.0550164 0.0769810 0.0804867 0.1049993 0.0974628 0.0639709 0.0444165 0.0024712 0.0871822 0.1103944 0.1053292 0.0901012 0.0178201 0.1148377 0.0881342 0.0730472 0.1309247 0.0797753 0.1128555 0.0881222 0.0765965 0.0587858 0.0205793 0.1039393 0.1198082 0.0049833 0.0728845 0.1007705 0.0706733 0.0696542 0.0673624 0.0673624 0.1116534 0.0553926 0.0764038 0.0610750 0.1043036 0.0645056 0.0849411 0.1181275 0.0303739 0.0907568 0.1002924 0.0927242 0.1016258 0.0859110 0.0834644 0.1131864 0.1315002 0.0711482 0.0507702 0.1291635 0.1176831 0.1065549 0.0740569 0.0947669 0.1433892 0.1133162 0.0994592 0.0677509 0.0826187 0.0815348 0.1057523 0.0746121 0.0843210 0.0861888 0.1048318 0.1094286 0.1554191 0.0049828 0.0809075 0.1372560 0.0580239 0.0049323 0.0024753 0.0906036 0.0754412 0.0997927 0.1015469 0.0806515 0.0888502 0.1192126 0.0951712 0.0685883 0.1180951 0.1002803 0.1028434 0.1045228 0.0843635 0.0715213 0.1181246 0.0871923 0.1090751 0.0813224 0.0788150 0.0975982 0.0848722 0.0895210 0.1156308 0.0789446 0.0761956 0.0679633 0.1019266 0.0857753 0.1068597 0.0964209 0.0858316 0.0895382 0.1397942 0.0699818 0.0882600 0.0687291 0.0882067 
S0289         0.2248182 0.0787404 0.0633276 0.0469280 0.1383772 0.0778399 0.1263712 0.0000000 0.0682859 0.1328584 0.0963061 0.0495324 0.1314153 0.1289717 0.0393205 0.1173666 0.0381639 0.0740295 0.1714892 0.1303710 0.0922406 0.0775873 0.0821028 0.0800259 0.0294057 0.0732490 0.0919467 0.1180139 0.0434293 0.0837573 0.0750577 0.1470645 0.1325501 0.0457257 0.0881217 0.1014735 0.0454275 0.0401398 0.0824189 0.0837136 0.0775647 0.0777264 0.1212608 0.1022886 0.0867289 0.1158114 0.0751262 0.0976220 0.0691316 0.0752415 0.0718127 0.0690821 0.1157090 0.0708513 0.0527498 0.1327730 0.0747948 0.0435499 0.0720215 0.0391174 0.0933572 0.0708171 0.0883847 0.0794483 0.0834670 0.0806550 0.1184004 0.0880973 0.0980995 0.1208184 0.0843288 0.1116250 0.1032989 0.0994446 0.0755088 0.0946018 0.1251846 0.0946643 0.0874380 0.1216002 0.0912713 0.0732924 0.1035619 0.0720651 0.1064111 0.0705248 0.0378738 0.0747069 0.0903091 0.1158543 0.0528181 0.0533737 0.0909495 0.1264336 0.1210219 0.0855650 0.1309995 0.1107345 0.0850379 0.0838887 0.0847108 0.0846330 0.0658449 0.0943952 0.0627198 0.0862798 0.0817491 0.0470929 0.0959101 0.0670871 0.0348120 0.1241539 0.0793883 0.0812076 0.1159024 0.0710476 0.0688745 0.0945727 0.0554413 0.0853617 0.0499111 0.0814881 0.0855369 0.0924331 0.0852376 0.0700465 0.0700418 0.0744832 0.1253703 0.0713531 0.0650408 0.0992047 0.0756432 
S0292         0.1788451 0.0673151 0.0469231 0.0865614 0.1283215 0.0665042 0.0774283 0.0682859 0.0000000 0.1086137 0.0861353 0.0855873 0.1074690 0.0997803 0.0795123 0.0985560 0.0617490 0.0451757 0.1036313 0.1158286 0.0687975 0.0661517 0.0683988 0.0599650 0.0500639 0.0529188 0.0635015 0.0933838 0.0581233 0.0660510 0.0652677 0.1317497 0.1130360 0.0807151 0.0674180 0.0882464 0.0784844 0.0473504 0.0628870 0.0667792 0.0622933 0.0659248 0.1000864 0.0764139 0.0677806 0.0980047 0.0638778 0.0738624 0.0585054 0.0639729 0.0609590 0.0584640 0.0938057 0.0553552 0.0558444 0.1222476 0.0665699 0.0509759 0.0462348 0.0609731 0.0717412 0.0662072 0.0723635 0.0613582 0.0674639 0.0759696 0.1125768 0.0755406 0.0915045 0.1190510 0.0733851 0.1156299 0.1049772 0.0701451 0.0625858 0.0641205 0.1110892 0.0738966 0.0481868 0.1230091 0.0823701 0.0225426 0.0720080 0.0630286 0.0875871 0.0405428 0.0648167 0.0726946 0.0920966 0.0931207 0.0524676 0.0989406 0.0880328 0.1032996 0.1001406 0.0813991 0.1189158 0.0692118 0.0212895 0.0721008 0.0727744 0.0868658 0.0294781 0.0801040 0.0590907 0.0224101 0.0208418 0.0638375 0.0770225 0.0611006 0.0659141 0.1142586 0.0661620 0.0713329 0.1044616 0.0309553 0.0425012 0.0737435 0.0782132 0.0747023 0.0502764 0.0617534 0.0786919 0.0555728 0.0524378 0.0556738 0.0435856 0.0482878 0.1006697 0.0639829 0.0390697 0.0873325 0.0442019 
S0293         0.2186394 0.0732894 0.0000010 0.1287614 0.1251706 0.0198055 0.1370709 0.1328584 0.1086137 0.0000000 0.0681344 0.1254385 0.1522216 0.1672168 0.1287320 0.1470595 0.1128482 0.1180708 0.0977894 0.1617774 0.0906983 0.0194917 0.0326114 0.0911050 0.0885604 0.0822753 0.0876369 0.1236838 0.0847322 0.1291394 0.1273196 0.2281831 0.1561363 0.1040567 0.0860511 0.0378408 0.1320358 0.0896796 0.1184959 0.0829832 0.0239422 0.0782172 0.1452199 0.1180281 0.0920497 0.1518989 0.0194917 0.1520970 0.0822753 0.0235538 0.0822753 0.0822753 0.1781833 0.0686481 0.0942669 0.1741606 0.1224132 0.0697120 0.1157577 0.1056636 0.1133640 0.1145268 0.1531647 0.1269028 0.1593565 0.0744230 0.1458336 0.1044751 0.1159916 0.1215674 0.1379158 0.2403950 0.2037008 0.1099121 0.0877733 0.0976378 0.2419927 0.1342693 0.0981226 0.1405161 0.0973703 0.1366703 0.1212473 0.0201613 0.1014371 0.1316403 0.0833108 0.1282712 0.1289493 0.1250370 0.0899217 0.1544018 0.0866393 0.1470253 0.1175556 0.0322324 0.1459911 0.1583160 0.1409604 0.0236375 0.0236375 0.1164693 0.1256406 0.0922752 0.0899203 0.1303716 0.1304004 0.1145586 0.0792823 0.0891842 0.1222991 0.1623869 0.1062935 0.0380618 0.1326061 0.1164654 0.1217880 0.0325597 0.1467993 0.0882079 0.0782650 0.0682879 0.1192008 0.1205103 0.1313157 0.1062683 0.0957566 0.1157577 0.1796223 0.0714120 0.1100773 0.1407353 0.1010749 
S0294         0.1763989 0.0666570 0.0932260 0.0940123 0.1240364 0.0461032 0.0950972 0.0963061 0.0861353 0.0681344 0.0000000 0.1009329 0.1020169 0.1092224 0.0982039 0.1018191 0.0818748 0.0925621 0.1702820 0.1088447 0.0728585 0.0477070 0.0536098 0.0621926 0.0725472 0.0752622 0.0709854 0.0938978 0.0787699 0.0930183 0.0755476 0.1308381 0.1100085 0.0879691 0.0650922 0.0633217 0.0985202 0.0716282 0.0973000 0.0723677 0.0455621 0.0742001 0.1033603 0.1056010 0.0735431 0.1015073 0.0456546 0.0987477 0.0753117 0.0457221 0.0799701 0.0770850 0.1242530 0.0611188 0.0770701 0.1166536 0.0948086 0.0699453 0.0724358 0.0807694 0.0717936 0.0873922 0.1024146 0.0929717 0.0920754 0.0288456 0.1071355 0.1064943 0.1042020 0.1171254 0.0776772 0.1561631 0.1435150 0.1027433 0.0816359 0.1000379 0.1249896 0.0971333 0.0920661 0.1094600 0.0723664 0.0943360 0.1090543 0.0444977 0.0854990 0.0983580 0.0811856 0.0959715 0.1202629 0.0943480 0.0782344 0.1098774 0.0774224 0.1024293 0.1011313 0.0574229 0.1155515 0.1119878 0.1058132 0.0569427 0.0496281 0.0764405 0.0821069 0.0732360 0.0884540 0.1003296 0.1046865 0.0894341 0.0705902 0.0801595 0.0885544 0.1078266 0.0940941 0.0465637 0.1047087 0.0908126 0.0845669 0.0635078 0.1052001 0.0566767 0.0771334 0.0494785 0.0649361 0.0939320 0.1035188 0.0881284 0.0790148 0.0728333 0.1316145 0.0771537 0.0804508 0.0863559 0.0704419 
S0299         0.2351117 0.0902878 0.1073354 0.0517523 0.1477943 0.0872867 0.1689635 0.0495324 0.0855873 0.1254385 0.1009329 0.0000000 0.1451193 0.1451625 0.0435634 0.1345553 0.0452617 0.0913093 0.1678562 0.1445438 0.1107491 0.0915073 0.0918783 0.0845783 0.0428718 0.0841903 0.1029429 0.1380539 0.0595626 0.1006567 0.0765457 0.1660076 0.1470468 0.0504049 0.0986076 0.1179104 0.0378286 0.0624408 0.0896654 0.0973391 0.0911967 0.0990491 0.1283753 0.1079843 0.0992920 0.1394520 0.0885520 0.1323299 0.0840768 0.0887064 0.0897481 0.0863046 0.1287067 0.0921170 0.0746622 0.1679480 0.0862354 0.0619730 0.0888882 0.0531609 0.1084956 0.0802946 0.1079158 0.1005628 0.1003142 0.0939232 0.1356971 0.0850802 0.1135887 0.1404679 0.1090781 0.1397884 0.1320042 0.0995707 0.0940387 0.0970945 0.1402377 0.1068097 0.1004558 0.1532337 0.1078508 0.0937844 0.1044961 0.0834117 0.1200121 0.1013872 0.0488363 0.0861283 0.0859460 0.1355073 0.0753536 0.0523181 0.1011175 0.1508749 0.1417234 0.0963845 0.1541350 0.1354730 0.1063071 0.0980124 0.0897683 0.0994981 0.0854863 0.1033747 0.0687430 0.1047848 0.0969508 0.0430966 0.1013024 0.0873050 0.0434754 0.1393249 0.0840278 0.0933729 0.1356927 0.0961017 0.0818625 0.1036895 0.0573083 0.0948526 0.0677351 0.0926651 0.1068097 0.1134566 0.0993289 0.0805550 0.0953267 0.0919679 0.1309252 0.0892393 0.0819726 0.1144473 0.0904162 
S0303         0.2462033 0.0921332 0.0608754 0.1083457 0.1135122 0.0838802 0.0206991 0.1314153 0.1074690 0.1522216 0.1020169 0.1451193 0.0000000 0.0654211 0.1379741 0.0195666 0.1212229 0.1366718 0.2708014 0.0248148 0.0744549 0.0854949 0.0927105 0.1015930 0.1088266 0.1001260 0.0656778 0.0181453 0.1044872 0.1156250 0.1088350 0.0735129 0.0163464 0.1175264 0.1031175 0.1001028 0.1371194 0.0942816 0.1274399 0.1048417 0.0826911 0.0897444 0.0196676 0.1348610 0.1116955 0.0117576 0.0828852 0.1211258 0.1000692 0.0852412 0.1033792 0.0999969 0.1253853 0.0739604 0.1012566 0.0729236 0.1201148 0.0927333 0.1039989 0.1193311 0.0447707 0.1004486 0.1243853 0.1064279 0.1192616 0.0998136 0.0947409 0.1227561 0.1432600 0.0785894 0.0484735 0.1482142 0.1332595 0.1339861 0.1007662 0.1308382 0.1616576 0.1263320 0.1212835 0.0747964 0.0883514 0.1230242 0.1346162 0.0799688 0.0992180 0.1133132 0.1134702 0.1255877 0.1513451 0.0196762 0.1042544 0.1423773 0.0584596 0.0243162 0.0212052 0.0993806 0.0663562 0.1131257 0.1241942 0.0963091 0.0878127 0.1041839 0.1052448 0.0727771 0.1234973 0.1234440 0.1237377 0.1351531 0.0963699 0.1036277 0.1201471 0.1000593 0.1235335 0.0850517 0.0967073 0.1213221 0.1145703 0.1055855 0.1142236 0.0863923 0.1021776 0.0884748 0.1050847 0.1064932 0.1367938 0.1125089 0.0991810 0.1070350 0.1507012 0.0906417 0.1143590 0.0878634 0.1052340 
S0308         0.2035257 0.0998707 0.0729584 0.1119735 0.1032050 0.0949182 0.0612959 0.1289717 0.0997803 0.1672168 0.1092224 0.1451625 0.0654211 0.0000000 0.1301161 0.0695205 0.1066203 0.1348656 0.1999580 0.0758927 0.0867233 0.0943807 0.0994893 0.0986617 0.1054758 0.0965360 0.0773676 0.0560421 0.1040422 0.1137181 0.1162460 0.0828587 0.0675110 0.1110735 0.1001435 0.1152083 0.1336449 0.0934895 0.1141602 0.1043759 0.0966957 0.0913631 0.0689692 0.1493929 0.1101015 0.0540957 0.0917035 0.1325505 0.0923393 0.0874915 0.0996828 0.0964145 0.1144588 0.0780000 0.0981844 0.0636117 0.1119881 0.0962226 0.1019221 0.1185231 0.0523415 0.1051833 0.1205190 0.1112643 0.1136144 0.1043390 0.1018243 0.1362443 0.1389143 0.0896894 0.0464587 0.1375435 0.1262378 0.1410668 0.0993366 0.1330885 0.1282204 0.1261341 0.1119844 0.0941501 0.1000547 0.1105653 0.1433712 0.0909842 0.1073511 0.1069165 0.1150669 0.1145180 0.1411840 0.0579331 0.0977481 0.1488242 0.0628866 0.0611448 0.0620529 0.1118615 0.0715057 0.1012378 0.1136979 0.1010328 0.1020622 0.1002895 0.0993699 0.0914135 0.1238321 0.1187530 0.1068250 0.1204186 0.0979201 0.0999195 0.1239482 0.1035219 0.1081475 0.1003286 0.0982521 0.1134155 0.1103816 0.1127997 0.1070153 0.0924099 0.1036157 0.0859750 0.1069728 0.1015612 0.1260168 0.1114418 0.1033377 0.1048797 0.1317104 0.0938714 0.1101809 0.0940275 0.1031487 
S0320         0.2269072 0.0864637 0.0689995 0.0517864 0.1375698 0.0796220 0.1275329 0.0393205 0.0795123 0.1287320 0.0982039 0.0435634 0.1379741 0.1301161 0.0000000 0.1212289 0.0466068 0.0964105 0.1844472 0.1320449 0.0963814 0.0811996 0.0814791 0.0773678 0.0325513 0.0740248 0.0934114 0.1243890 0.0537452 0.0895927 0.0707740 0.1531358 0.1390562 0.0448740 0.0913435 0.1053614 0.0383140 0.0415230 0.0795751 0.0853243 0.0738752 0.0802707 0.1251092 0.1154544 0.0891385 0.1221169 0.0787073 0.0982683 0.0718125 0.0788279 0.0717785 0.0717620 0.1146846 0.0716681 0.0541014 0.1473467 0.0743271 0.0451491 0.0835003 0.0459609 0.0946482 0.0828739 0.1004978 0.0933395 0.0933572 0.0800055 0.1244180 0.1009416 0.1132836 0.1290048 0.0950794 0.1108073 0.0982251 0.1124490 0.0781454 0.1076711 0.1202664 0.0980246 0.0926701 0.1371456 0.0879028 0.0766854 0.1169791 0.0742910 0.1097208 0.0863745 0.0479419 0.0761523 0.1005314 0.1219825 0.0541713 0.0601511 0.0948627 0.1351312 0.1249918 0.0838778 0.1406646 0.1164828 0.0972429 0.0875371 0.0840601 0.0873826 0.0712471 0.0982258 0.0661561 0.0978139 0.0931270 0.0372242 0.0949883 0.0724626 0.0378960 0.1274496 0.0847214 0.0807423 0.1244137 0.0803069 0.0848203 0.0983529 0.0531908 0.0847544 0.0515328 0.0788224 0.0919705 0.0914689 0.1066020 0.0753822 0.0793196 0.0861029 0.1132889 0.0828707 0.0807809 0.1070088 0.0808607 
S0322         0.2270300 0.0966025 0.0532952 0.0967133 0.1191007 0.0795546 0.0179542 0.1173666 0.0985560 0.1470595 0.1018191 0.1345553 0.0195666 0.0695205 0.1212289 0.0000000 0.1071490 0.1271670 0.2688463 0.0181684 0.0704308 0.0811699 0.0882535 0.1013418 0.0947063 0.0936499 0.0636737 0.0118599 0.0932833 0.1110877 0.1062167 0.0755928 0.0243442 0.1019154 0.0985407 0.0952154 0.1223650 0.0806278 0.1204023 0.1014020 0.0779821 0.0874970 0.0117816 0.1319415 0.1047955 0.0133848 0.0786186 0.1243916 0.0935993 0.0809332 0.0967908 0.0935315 0.1356071 0.0717883 0.0863751 0.0754407 0.1093432 0.0749734 0.1014725 0.1074654 0.0466305 0.0961321 0.1194256 0.1020647 0.1147166 0.0958450 0.0916960 0.1235366 0.1355404 0.0799876 0.0486398 0.1484235 0.1343743 0.1310899 0.0964531 0.1234545 0.1319053 0.1187763 0.1140666 0.0802066 0.0954560 0.1098208 0.1333126 0.0756854 0.1068007 0.1018126 0.0997669 0.1167597 0.1413862 0.0103093 0.0857499 0.1229798 0.0599551 0.0194501 0.0164936 0.0948299 0.0727083 0.1178222 0.1146972 0.0876616 0.0885441 0.1040584 0.1008921 0.0768180 0.1152421 0.1164672 0.1164667 0.1185855 0.0930157 0.0970241 0.1059997 0.0969041 0.1215647 0.0806545 0.0936351 0.1119232 0.1031995 0.1008801 0.1024849 0.0886383 0.0841084 0.0885110 0.1051247 0.1052877 0.1315930 0.1012040 0.0864769 0.1044670 0.1424022 0.0884598 0.1030097 0.0837728 0.1006393 
S0327         0.1853512 0.0672595 0.0480471 0.0427865 0.1274762 0.0625358 0.1102437 0.0381639 0.0617490 0.1128482 0.0818748 0.0452617 0.1212229 0.1066203 0.0466068 0.1071490 0.0000000 0.0741438 0.1757419 0.1178691 0.0750771 0.0622074 0.0624012 0.0604142 0.0208278 0.0527258 0.0756049 0.1057132 0.0372092 0.0902476 0.0699751 0.1403653 0.1223829 0.0365270 0.0757035 0.0837321 0.0326548 0.0344061 0.0644063 0.0708517 0.0621514 0.0622749 0.1094937 0.0877000 0.0724366 0.1093971 0.0599878 0.1017452 0.0491333 0.0600763 0.0550506 0.0526718 0.1168879 0.0554319 0.0335977 0.1246459 0.0595650 0.0325534 0.0617210 0.0261838 0.0778031 0.0772067 0.0885125 0.0805955 0.0875640 0.0637656 0.1074967 0.0786688 0.0787297 0.1193468 0.0771555 0.1332517 0.1225950 0.0850858 0.0585533 0.0786534 0.1132718 0.0933115 0.0810953 0.1211372 0.0758739 0.0683910 0.0870424 0.0593660 0.0860226 0.0627208 0.0270795 0.0634295 0.0793448 0.1034528 0.0393924 0.0506981 0.0925264 0.1159564 0.1045869 0.0693421 0.1279075 0.1026400 0.0772332 0.0680592 0.0686866 0.0799683 0.0668561 0.0766368 0.0504854 0.0809429 0.0765703 0.0358381 0.0720174 0.0551776 0.0243202 0.1103078 0.0594027 0.0648509 0.1028315 0.0673432 0.0646204 0.0776637 0.0477430 0.0670682 0.0425325 0.0639470 0.0734576 0.0780562 0.0811048 0.0536186 0.0690257 0.0640206 0.1014925 0.0601610 0.0646946 0.0871775 0.0632553 
S0335         0.2112094 0.0854070 0.0461786 0.0960193 0.1344135 0.0776315 0.1144296 0.0740295 0.0451757 0.1180708 0.0925621 0.0913093 0.1366718 0.1348656 0.0964105 0.1271670 0.0741438 0.0000000 0.0827707 0.1381157 0.0901706 0.0772058 0.0817015 0.0794975 0.0633716 0.0736240 0.0878478 0.1207216 0.0659232 0.0858514 0.0881787 0.1630873 0.1377780 0.0920637 0.0885063 0.1010204 0.0852768 0.0646593 0.0912523 0.0816286 0.0766435 0.0799404 0.1286911 0.1052418 0.0840039 0.1285542 0.0747563 0.0905866 0.0735915 0.0748707 0.0763768 0.0735385 0.1033952 0.0672311 0.0734976 0.1508917 0.0856163 0.0645621 0.0542798 0.0674261 0.0931961 0.0796972 0.0994236 0.0803090 0.0810136 0.0834799 0.1287095 0.1061532 0.1074548 0.1380508 0.1014150 0.1454186 0.1276858 0.0977611 0.0780532 0.0950733 0.1377894 0.0945890 0.0523238 0.1348485 0.0965195 0.0516108 0.1040998 0.0694768 0.1077313 0.0559444 0.0731894 0.0898599 0.1114786 0.1206647 0.0700491 0.1111789 0.0983028 0.1315460 0.1252132 0.0934585 0.1397470 0.0821389 0.0631102 0.0834820 0.0823463 0.0934134 0.0645424 0.1016273 0.0817360 0.0618030 0.0594703 0.0781354 0.0939469 0.0714976 0.0764420 0.1347223 0.0860090 0.0807170 0.1261261 0.0578574 0.0374475 0.0802430 0.0930956 0.0901580 0.0675731 0.0778312 0.0886723 0.0554885 0.0211756 0.0723839 0.0609981 0.0564800 0.1170660 0.0770010 0.0340735 0.0994768 0.0520926 
S0345         0.3261435 0.1367170 0.0000010 0.2116520 0.2520121 0.1219973 0.2381375 0.1714892 0.1036313 0.0977894 0.1702820 0.1678562 0.2708014 0.1999580 0.1844472 0.2688463 0.1757419 0.0827707 0.0000000 0.2829455 0.1847088 0.1192948 0.1282815 0.1423482 0.1439706 0.1642827 0.1597878 0.2189882 0.1263966 0.1518843 0.1640881 0.2805546 0.2407329 0.1937090 0.1366802 0.1277841 0.1751009 0.1457595 0.1531195 0.1373626 0.1203409 0.1363782 0.2709449 0.2079373 0.1150762 0.2466912 0.1192948 0.1781599 0.1642827 0.1182524 0.1642827 0.1642827 0.1619693 0.1377967 0.1346098 0.2713965 0.1533981 0.1232831 0.1210875 0.1626963 0.1765141 0.1412749 0.1595542 0.1372113 0.1816397 0.1592917 0.2150534 0.2106928 0.2147923 0.2406789 0.2175891 0.2750606 0.2312192 0.1901590 0.1736617 0.1661878 0.3991906 0.1581251 0.0981557 0.2590506 0.1548578 0.1312776 0.1996971 0.1130978 0.1423295 0.1155712 0.1349615 0.1533981 0.1632349 0.2237950 0.1322777 0.2056581 0.1140996 0.2400914 0.2243045 0.1360729 0.2720643 0.0864590 0.1541283 0.1194396 0.1283157 0.1381783 0.1161352 0.1770283 0.1475041 0.1312776 0.1267994 0.1611362 0.1432777 0.1601887 0.2040969 0.2266163 0.1627240 0.1484708 0.1784892 0.1340719 0.1108419 0.1313622 0.1937322 0.1642296 0.1272537 0.1203722 0.1779452 0.0341231 0.0881549 0.1533981 0.1090777 0.1210875 0.2111118 0.1501190 0.1027020 0.1865016 0.1190795 
S0355         0.2417678 0.0980033 0.0532952 0.1051563 0.1112248 0.0853756 0.0261567 0.1303710 0.1158286 0.1617774 0.1088447 0.1445438 0.0248148 0.0758927 0.1320449 0.0181684 0.1178691 0.1381157 0.2829455 0.0000000 0.0767187 0.0869795 0.0941936 0.1087293 0.1056677 0.1007558 0.0717976 0.0283175 0.1036063 0.1212889 0.1167665 0.0908151 0.0280870 0.1141447 0.1045743 0.1013871 0.1307276 0.0864334 0.1306982 0.1181070 0.0883783 0.0875716 0.0118813 0.1421508 0.1125213 0.0264457 0.0843665 0.1349482 0.1004250 0.0867216 0.1037598 0.1003521 0.1392202 0.0715415 0.0964688 0.0857727 0.1241564 0.0879867 0.1113438 0.1162492 0.0550027 0.1057063 0.1302246 0.1080765 0.1249668 0.1062109 0.0963597 0.1334016 0.1433309 0.0921453 0.0563766 0.1525423 0.1373465 0.1412993 0.1033876 0.1380107 0.1619964 0.1269208 0.1222203 0.0882249 0.0977283 0.1244572 0.1447990 0.0814752 0.1016363 0.1162199 0.1102444 0.1296741 0.1557052 0.0282209 0.0992952 0.1321576 0.0690004 0.0365151 0.0265146 0.1008522 0.0782459 0.1194881 0.1339401 0.0977748 0.0945080 0.1107917 0.1154479 0.0785629 0.1264223 0.1267478 0.1313655 0.1315144 0.0944666 0.1040105 0.1167819 0.1016877 0.1318016 0.0865639 0.0983225 0.1269092 0.1130618 0.1070679 0.1109757 0.0900982 0.0973390 0.0899671 0.1160118 0.1079864 0.1379128 0.1154774 0.1031498 0.1145017 0.1504190 0.0973782 0.1128530 0.0946757 0.1104011 
S0376         0.1935239 0.0573565 0.0490674 0.0849425 0.0928112 0.0501183 0.0550164 0.0922406 0.0687975 0.0906983 0.0728585 0.1107491 0.0744549 0.0867233 0.0963814 0.0704308 0.0750771 0.0901706 0.1847088 0.0767187 0.0000000 0.0537075 0.0579055 0.0652588 0.0688147 0.0654329 0.0299609 0.0656232 0.0760773 0.0891354 0.0691453 0.0999334 0.0776228 0.0830487 0.0692161 0.0685358 0.0846874 0.0618796 0.0862921 0.0720420 0.0565105 0.0527693 0.0717995 0.1056537 0.0754462 0.0679795 0.0515641 0.0982386 0.0654071 0.0516400 0.0680254 0.0653602 0.1059587 0.0404619 0.0733828 0.1022709 0.0809865 0.0583197 0.0739391 0.0771696 0.0558756 0.0883555 0.0943403 0.0810895 0.0926404 0.0687069 0.0746359 0.0980046 0.0922817 0.0948776 0.0603824 0.1128853 0.1067254 0.1027453 0.0658237 0.0957618 0.1068909 0.0939229 0.0837411 0.0919411 0.0586897 0.0747091 0.1025273 0.0507140 0.0708984 0.0742535 0.0686922 0.0876206 0.1068336 0.0656186 0.0720639 0.0954936 0.0690251 0.0751282 0.0697581 0.0682858 0.0819389 0.0815957 0.0821970 0.0549579 0.0600023 0.0755180 0.0695505 0.0566469 0.0861395 0.0913521 0.0818170 0.0898153 0.0567452 0.0681863 0.0805198 0.0763526 0.0886560 0.0527902 0.0676364 0.0755194 0.0849228 0.0599043 0.0885818 0.0526846 0.0691236 0.0463076 0.0765632 0.0740530 0.0937679 0.0728418 0.0636393 0.0764853 0.1006623 0.0532990 0.0808014 0.0401516 0.0713763 
S0400         0.1791142 0.0377220 0.0411728 0.0752305 0.0954309 0.0028721 0.0769810 0.0775873 0.0661517 0.0194917 0.0477070 0.0915073 0.0854949 0.0943807 0.0811996 0.0811699 0.0622074 0.0772058 0.1192948 0.0869795 0.0537075 0.0000000 0.0072681 0.0513833 0.0522158 0.0599444 0.0504192 0.0743550 0.0663204 0.0818643 0.0550283 0.1052467 0.0909813 0.0692944 0.0398354 0.0219251 0.0793988 0.0490033 0.0810911 0.0514531 0.0049873 0.0426722 0.0806111 0.0842648 0.0473355 0.0829241 0.0014185 0.0902245 0.0599230 0.0042956 0.0623838 0.0598809 0.1120339 0.0342874 0.0582556 0.0885744 0.0767631 0.0513845 0.0581463 0.0611500 0.0590787 0.0789191 0.0948134 0.0756013 0.0853186 0.0385707 0.0826246 0.0813684 0.0834717 0.0905175 0.0595502 0.1315908 0.1230557 0.0817326 0.0602904 0.0793298 0.0742065 0.0911189 0.0716657 0.0901534 0.0532337 0.0737380 0.0851682 0.0014441 0.0529152 0.0751739 0.0598808 0.0831438 0.1000232 0.0743935 0.0570247 0.0914092 0.0551426 0.0838782 0.0785490 0.0149019 0.0859336 0.0966194 0.0869626 0.0101818 0.0072831 0.0518658 0.0627837 0.0537094 0.0676567 0.0824116 0.0833331 0.0769565 0.0401658 0.0625277 0.0683292 0.0874975 0.0741149 0.0118789 0.0804285 0.0745272 0.0648478 0.0196841 0.0798402 0.0386978 0.0560315 0.0313082 0.0509957 0.0681182 0.0810390 0.0652784 0.0625630 0.0604034 0.1028008 0.0520962 0.0610822 0.0689615 0.0558972 
S0405         0.1891378 0.0413206 0.0411728 0.0754834 0.1028664 0.0073009 0.0804867 0.0821028 0.0683988 0.0326114 0.0536098 0.0918783 0.0927105 0.0994893 0.0814791 0.0882535 0.0624012 0.0817015 0.1282815 0.0941936 0.0579055 0.0072681 0.0000000 0.0534662 0.0523691 0.0601282 0.0524522 0.0811839 0.0665317 0.0888536 0.0551948 0.1107754 0.0982787 0.0695215 0.0436374 0.0235170 0.0796705 0.0491449 0.0813700 0.0554207 0.0101687 0.0464889 0.0876339 0.0845553 0.0511892 0.0900272 0.0057680 0.1003082 0.0601066 0.0087345 0.0625790 0.0600643 0.1200069 0.0359809 0.0584331 0.0987352 0.0770214 0.0515373 0.0621907 0.0613417 0.0614256 0.0857540 0.1021973 0.0822377 0.0923569 0.0446960 0.0896871 0.0816432 0.0880852 0.0977586 0.0638502 0.1404114 0.1314346 0.0820100 0.0604765 0.0795952 0.0811061 0.0984403 0.0759665 0.0973557 0.0573919 0.0783007 0.0854594 0.0058741 0.0570431 0.0775635 0.0600641 0.0834321 0.1004009 0.0812293 0.0571994 0.0917436 0.0614465 0.0909175 0.0855123 0.0164102 0.0931520 0.0992798 0.0895394 0.0147903 0.0087499 0.0558670 0.0671576 0.0534235 0.0678776 0.0848617 0.0857661 0.0772162 0.0440046 0.0627238 0.0685493 0.0922767 0.0743596 0.0133489 0.0852757 0.0791579 0.0689590 0.0246503 0.0801093 0.0425295 0.0561995 0.0349263 0.0549166 0.0704531 0.0855964 0.0654825 0.0667250 0.0645139 0.1031949 0.0559858 0.0651241 0.0712644 0.0598701 
S0412sl       0.1898656 0.0505768 0.0695718 0.0754873 0.1112442 0.0479007 0.1049993 0.0800259 0.0599650 0.0911050 0.0621926 0.0845783 0.1015930 0.0986617 0.0773678 0.1013418 0.0604142 0.0794975 0.1423482 0.1087293 0.0652588 0.0513833 0.0534662 0.0000000 0.0505487 0.0509769 0.0593638 0.0939243 0.0645740 0.0918902 0.0592535 0.1233335 0.1046372 0.0696213 0.0581296 0.0714926 0.0776230 0.0530374 0.0741379 0.0635842 0.0562229 0.0657314 0.1005206 0.1069060 0.0485963 0.0985706 0.0492843 0.0989936 0.0547124 0.0493573 0.0570959 0.0546738 0.1137905 0.0494865 0.0602169 0.1210412 0.0781118 0.0533076 0.0646714 0.0674384 0.0693076 0.0805474 0.1052581 0.0861854 0.0907845 0.0553520 0.1080665 0.1035203 0.0882188 0.1194375 0.0781275 0.1388933 0.1294951 0.1040042 0.0587156 0.1012568 0.0908626 0.1004355 0.0780604 0.1189079 0.0564625 0.0753474 0.1103948 0.0502069 0.0646780 0.0698713 0.0657370 0.0844684 0.1070041 0.0887043 0.0589975 0.0856884 0.0775038 0.1038863 0.0984341 0.0637571 0.1118448 0.0960753 0.0751722 0.0586751 0.0575570 0.0578064 0.0614358 0.0545963 0.0717471 0.0731416 0.0644223 0.0730182 0.0512445 0.0572282 0.0686473 0.1097508 0.0754600 0.0485518 0.1000992 0.0741483 0.0713765 0.0641437 0.0822318 0.0383809 0.0600024 0.0401078 0.0689256 0.0790681 0.0817988 0.0686218 0.0702773 0.0670475 0.1086312 0.0622300 0.0674863 0.0715801 0.0622944 
S0417         0.1873204 0.0535668 0.0605102 0.0424183 0.1133814 0.0524831 0.0974628 0.0294057 0.0500639 0.0885604 0.0725472 0.0428718 0.1088266 0.1054758 0.0325513 0.0947063 0.0208278 0.0633716 0.1439706 0.1056677 0.0688147 0.0522158 0.0523691 0.0505487 0.0000000 0.0431901 0.0650512 0.0932709 0.0208710 0.0707417 0.0619287 0.1253854 0.1100523 0.0342609 0.0670072 0.0723028 0.0341242 0.0180387 0.0490882 0.0624211 0.0506668 0.0538565 0.0977551 0.0844689 0.0638025 0.0974847 0.0501441 0.0772695 0.0396458 0.0502164 0.0417369 0.0396183 0.1034240 0.0473968 0.0241227 0.1180533 0.0447591 0.0212394 0.0611407 0.0149625 0.0666147 0.0587263 0.0832087 0.0620034 0.0702713 0.0572864 0.1014521 0.0718156 0.0796138 0.1076678 0.0725402 0.1170228 0.1105986 0.0819281 0.0450866 0.0756447 0.1108392 0.0805957 0.0685447 0.1115675 0.0693784 0.0547739 0.0838461 0.0511775 0.0804042 0.0543438 0.0175620 0.0464890 0.0650602 0.0911102 0.0277544 0.0519665 0.0777777 0.1031595 0.0950990 0.0625569 0.1163747 0.0990142 0.0632371 0.0577902 0.0583020 0.0708711 0.0456024 0.0662724 0.0362703 0.0664656 0.0624302 0.0227806 0.0661817 0.0418313 0.0209283 0.1041542 0.0503479 0.0568423 0.0969277 0.0523253 0.0547097 0.0667387 0.0489990 0.0566509 0.0272511 0.0538986 0.0655441 0.0672528 0.0720526 0.0408076 0.0511362 0.0634094 0.0959261 0.0519817 0.0511253 0.0806468 0.0588740 
S0419         0.1661482 0.0617929 0.0217070 0.0747536 0.0940558 0.0602580 0.0639709 0.0732490 0.0529188 0.0822753 0.0752622 0.0841903 0.1001260 0.0965360 0.0740248 0.0936499 0.0527258 0.0736240 0.1642827 0.1007558 0.0654329 0.0599444 0.0601282 0.0509769 0.0431901 0.0000000 0.0593639 0.0783906 0.0528339 0.0859274 0.0705691 0.1241041 0.0971876 0.0645216 0.0744917 0.0807557 0.0729485 0.0401585 0.0609871 0.0609700 0.0549478 0.0419064 0.0928379 0.0857521 0.0663446 0.0849318 0.0577647 0.0770428 0.0071533 0.0578495 0.0086771 0.0071485 0.1091570 0.0356706 0.0506129 0.1146887 0.0686415 0.0404509 0.0606650 0.0555548 0.0607028 0.0709237 0.0896933 0.0764682 0.0761972 0.0626036 0.0906567 0.0847000 0.0705815 0.1030774 0.0715648 0.1147910 0.1108987 0.0791798 0.0116118 0.0767666 0.1059836 0.0880029 0.0760722 0.1069529 0.0604788 0.0596305 0.0851098 0.0571498 0.0715710 0.0532405 0.0558025 0.0748211 0.0944409 0.0804333 0.0494800 0.0814124 0.0827724 0.0879820 0.0806904 0.0746512 0.1128043 0.0939961 0.0703887 0.0657168 0.0663153 0.0759185 0.0692479 0.0673536 0.0614649 0.0760174 0.0649377 0.0591240 0.0594211 0.0086955 0.0542954 0.0931749 0.0584921 0.0610974 0.0863708 0.0628803 0.0616314 0.0751429 0.0762281 0.0628734 0.0450127 0.0532107 0.0739731 0.0796421 0.0778111 0.0557912 0.0637731 0.0629780 0.0835683 0.0444026 0.0578761 0.0804444 0.0602426 
S0427         0.1788441 0.0597157 0.0473009 0.0784599 0.0934049 0.0488859 0.0444165 0.0919467 0.0635015 0.0876369 0.0709854 0.1029429 0.0656778 0.0773676 0.0934114 0.0636737 0.0756049 0.0878478 0.1597878 0.0717976 0.0299609 0.0504192 0.0524522 0.0593638 0.0650512 0.0593639 0.0000000 0.0574579 0.0719815 0.0843056 0.0668798 0.0970745 0.0709301 0.0764082 0.0653362 0.0661390 0.0863593 0.0621401 0.0808651 0.0723246 0.0547848 0.0583443 0.0650182 0.1049140 0.0693681 0.0596344 0.0483703 0.0974825 0.0593432 0.0484395 0.0617669 0.0593021 0.0975496 0.0427495 0.0674049 0.0943784 0.0747771 0.0586750 0.0701318 0.0726302 0.0501862 0.0814583 0.0930060 0.0789115 0.0876972 0.0661775 0.0677109 0.0974698 0.0900569 0.0939168 0.0605512 0.1115482 0.1016092 0.1020859 0.0597026 0.0952852 0.0938630 0.0887672 0.0880064 0.0913573 0.0534129 0.0711411 0.1041180 0.0475652 0.0619718 0.0677354 0.0673209 0.0811067 0.0990090 0.0574496 0.0684694 0.0895177 0.0670593 0.0664549 0.0633001 0.0643896 0.0957497 0.0831836 0.0830873 0.0559530 0.0564454 0.0739314 0.0621863 0.0495544 0.0836539 0.0874940 0.0759089 0.0870777 0.0548905 0.0619078 0.0781242 0.0693621 0.0819249 0.0496458 0.0611772 0.0779487 0.0767342 0.0647996 0.0798761 0.0526854 0.0672472 0.0468916 0.0772065 0.0722997 0.0899242 0.0671169 0.0680346 0.0725686 0.0890683 0.0534040 0.0728063 0.0367356 0.0676845 
S0430         0.2132374 0.0840027 0.0538639 0.1050542 0.0995233 0.0747688 0.0024712 0.1180139 0.0933838 0.1236838 0.0938978 0.1380539 0.0181453 0.0560421 0.1243890 0.0118599 0.1057132 0.1207216 0.2189882 0.0283175 0.0656232 0.0743550 0.0811839 0.0939243 0.0932709 0.0783906 0.0574579 0.0000000 0.0918362 0.0968054 0.0980120 0.0675428 0.0133888 0.1048294 0.0890174 0.0879694 0.1255065 0.0789423 0.1097821 0.0950892 0.0757974 0.0762567 0.0180804 0.1218372 0.0932650 0.0058750 0.0719113 0.0981245 0.0783540 0.0740963 0.0812417 0.0782973 0.1149023 0.0630303 0.0846909 0.0650125 0.1051980 0.0732827 0.0894083 0.1101652 0.0363564 0.0828776 0.1069442 0.0886190 0.0983123 0.0911623 0.0842577 0.1159958 0.1271556 0.0738874 0.0393038 0.1361199 0.1229818 0.1210644 0.0809754 0.1136867 0.1326923 0.1064678 0.1039230 0.0740830 0.0862881 0.1013822 0.1232301 0.0709744 0.0905742 0.0903765 0.1025993 0.1125478 0.1368653 0.0014413 0.0840412 0.1261983 0.0498907 0.0028695 0.0043556 0.0928347 0.0657397 0.1031261 0.1044232 0.0806504 0.0814434 0.0928683 0.0931137 0.0644802 0.1134748 0.1087000 0.1067137 0.1146857 0.0775445 0.0814366 0.1089490 0.0892518 0.1086023 0.0777875 0.0861504 0.1020171 0.0959392 0.0933311 0.1065646 0.0793292 0.0824304 0.0730507 0.0915723 0.0958340 0.1208374 0.0959911 0.0776728 0.0921999 0.1341015 0.0754403 0.0957642 0.0767752 0.0912742 
S0478         0.1962593 0.0620980 0.0815040 0.0532817 0.1298332 0.0666743 0.0871822 0.0434293 0.0581233 0.0847322 0.0787699 0.0595626 0.1044872 0.1040422 0.0537452 0.0932833 0.0372092 0.0659232 0.1263966 0.1036063 0.0760773 0.0663204 0.0665317 0.0645740 0.0208710 0.0528339 0.0719815 0.0918362 0.0000000 0.0799394 0.0809734 0.1358226 0.1079766 0.0504814 0.0801560 0.0884004 0.0516104 0.0279342 0.0668620 0.0752107 0.0640693 0.0643822 0.0957559 0.0954587 0.0789063 0.0954554 0.0640428 0.0777864 0.0528169 0.0641381 0.0551640 0.0527797 0.1120511 0.0558430 0.0357748 0.1162210 0.0619128 0.0296813 0.0689015 0.0295713 0.0713273 0.0594593 0.0910109 0.0747890 0.0793960 0.0654937 0.1077510 0.0870521 0.0891503 0.1071577 0.0728121 0.1287772 0.1187933 0.0927663 0.0543768 0.0862107 0.1344718 0.0904386 0.0730983 0.1087471 0.0783185 0.0629315 0.0947438 0.0630549 0.0919166 0.0684763 0.0303185 0.0637386 0.0843284 0.0896710 0.0382592 0.0616696 0.0803246 0.1017618 0.0930836 0.0776018 0.1110814 0.1013702 0.0740777 0.0722762 0.0729520 0.0723362 0.0632118 0.0772140 0.0470561 0.0723543 0.0709556 0.0345467 0.0774401 0.0552914 0.0373971 0.1105709 0.0680233 0.0690580 0.1030731 0.0605600 0.0588996 0.0798247 0.0584152 0.0731369 0.0375347 0.0680801 0.0776098 0.0730352 0.0767033 0.0574593 0.0589122 0.0712823 0.1083389 0.0659791 0.0552279 0.0851118 0.0665116 
