129
S0055       0.0000000 0.1415253 0.1142546 0.0693600 0.1354495 0.1408360 0.1009589 0.0638675 0.0872482 0.1269358 0.1516071 0.1492086 0.1536433 0.1341214 0.1171785 0.1083131 0.1275637 0.1367625 0.0891932 0.0720948 0.0651887 0.1391879 0.1155526 0.1054462 0.1245572 0.0865363 0.1374164 0.1240781 0.1249197 0.1140202 0.1604477 0.1031969 0.1261739 0.0816310 0.0714819 0.1170755 0.0955157 0.1143618 0.1022146 0.0765281 0.1283006 0.1291301 0.2405666 0.0948475 0.1429441 0.0718576 0.1045111 0.1281678 0.0698040 0.1210079 0.1205041 0.1267896 0.1159423 0.1125520 0.1394369 0.1117021 0.1094438 0.0949700 0.1240000 0.1332568 0.1242356 0.1202955 0.1203251 0.0826572 0.1326730 0.3010050 0.1285185 0.1261119 0.1036844 0.1305662 0.1392717 0.2200624 0.1096424 0.2357313 0.1273384 0.1141890 0.1280703 0.0660080 0.1244338 0.0615259 0.0736347 0.1185428 0.1144263 0.0872940 0.1010360 0.1439800 0.0870237 0.1293656 0.1130114 0.1332798 0.1353871 0.0633794 0.1427276 0.1087401 0.0976947 0.0633750 0.0714430 0.0459857 0.1217924 0.0646959 0.1317947 0.1057410 0.1130957 0.1575645 0.0899971 0.1130625 0.1535589 0.1419389 0.1104339 0.0621696 0.1403074 0.1085365 0.1014195 0.0715296 0.1292729 0.0840134 0.1354124 0.0763170 0.0805023 0.1145771 0.1110380 0.1100116 0.1151122 0.0973637 0.1914845 0.1087811 0.1039614 0.0921038 0.0995677 
S0278       0.1415253 0.0000000 0.1566178 0.1595110 0.1599260 0.1231974 0.1382568 0.1509519 0.1590976 0.0930064 0.1739845 0.1878444 0.1407255 0.1660585 0.1087710 0.1446020 0.1908190 0.1619732 0.1608904 0.1666593 0.1517050 0.1368132 0.1424655 0.0711203 0.1615317 0.1580247 0.1646071 0.1324590 0.1607542 0.1540619 0.2326025 0.1442287 0.0968617 0.1589624 0.1628428 0.0932598 0.1286293 0.1187678 0.1532778 0.1514220 0.1654471 0.1557125 0.2447776 0.1561138 0.1619415 0.1633264 0.1576975 0.1654093 0.1546654 0.1455150 0.1549906 0.1419589 0.1574505 0.0990175 0.1652614 0.1314401 0.0875967 0.1325594 0.1476385 0.1731278 0.1696515 0.1587561 0.1662064 0.1563827 0.1790685 0.3010050 0.1860356 0.1796273 0.1530065 0.1492229 0.1576366 0.1968264 0.1465174 0.2310393 0.1594253 0.1511009 0.1815522 0.1583958 0.1594735 0.1523348 0.1535103 0.1526621 0.0972772 0.1080095 0.1260795 0.1716798 0.0812378 0.0787371 0.1723682 0.1649208 0.1655257 0.1545245 0.1808774 0.1552295 0.1327108 0.1544995 0.1462096 0.1417561 0.1623558 0.1594708 0.1345921 0.1357068 0.1392353 0.1219838 0.1683099 0.1510621 0.1836267 0.1895249 0.1156540 0.1513156 0.1879221 0.1398638 0.1408545 0.1639463 0.1062883 0.1735766 0.1067594 0.1609427 0.1259874 0.1580105 0.1500912 0.1342227 0.1578908 0.1384662 0.2210237 0.1461586 0.1463553 0.1746081 0.1317562 
S0281       0.1142546 0.1566178 0.0000000 0.1067296 0.1108273 0.1498796 0.1115649 0.0988206 0.1110959 0.1339147 0.1294571 0.1323418 0.1565634 0.1144626 0.1126121 0.1219534 0.1460900 0.1103127 0.1181668 0.1104052 0.1070333 0.1329286 0.1261070 0.1124413 0.0821990 0.1268166 0.1152349 0.1192444 0.1445194 0.1437171 0.1542557 0.0972551 0.1161118 0.1163746 0.1050837 0.1222497 0.1243484 0.1211210 0.1207973 0.1116292 0.0698058 0.1102235 0.2453801 0.1243190 0.1267485 0.1147757 0.1189138 0.0795599 0.1120536 0.0762842 0.0760283 0.1277647 0.0596411 0.1008640 0.1141444 0.1149559 0.1285723 0.1010613 0.1052926 0.1359044 0.1415011 0.1346660 0.1305237 0.1152413 0.0763401 0.5802537 0.1311699 0.1092619 0.0935588 0.1401790 0.1472121 0.2351980 0.0724200 0.2312171 0.1434158 0.1308153 0.1143043 0.1077765 0.1190770 0.1119030 0.1221643 0.1108049 0.1032296 0.0950227 0.1272910 0.1194089 0.1100895 0.1322903 0.1079093 0.1212472 0.1109053 0.1030287 0.1382414 0.1145622 0.1097618 0.1139307 0.1005353 0.1144450 0.1193257 0.0996504 0.1392338 0.1142007 0.1173109 0.1515481 0.1213618 0.0776540 0.1585653 0.0870199 0.1042874 0.1105738 0.0828671 0.1166910 0.1170405 0.1153707 0.1306729 0.1235830 0.1440988 0.1155849 0.1226782 0.1158938 0.1297799 0.1137029 0.1211773 0.1009649 0.1868391 0.0728688 0.1153248 0.1226380 0.1008384 
S0282       0.0693600 0.1595110 0.1067296 0.0000000 0.1337682 0.1422125 0.1111138 0.0188619 0.0951027 0.1318256 0.1449462 0.1579677 0.1608441 0.1393652 0.1261280 0.1175625 0.1175539 0.1323039 0.0908462 0.0260362 0.0239320 0.1413298 0.1082830 0.1047589 0.1104393 0.0945100 0.1402617 0.1301059 0.1360724 0.1158160 0.1763329 0.0908300 0.1352677 0.0535509 0.0258336 0.1207092 0.1057680 0.1215524 0.0998752 0.0163348 0.1200953 0.1298055 0.2449440 0.0901184 0.1434955 0.0349284 0.1106384 0.1119481 0.0278447 0.0980704 0.0934165 0.1342063 0.1061173 0.1116141 0.1385285 0.1160913 0.1158064 0.0950145 0.1268825 0.1399735 0.1307155 0.1267948 0.1267890 0.1026088 0.1046967 0.3010050 0.1391699 0.1445384 0.1028695 0.1449769 0.1491118 0.2206131 0.0984915 0.2280692 0.1433686 0.1141630 0.1465225 0.0578973 0.1237620 0.0275396 0.0636078 0.1176462 0.1157182 0.0915423 0.1052891 0.1445253 0.0911449 0.1269017 0.1276986 0.1387264 0.1360134 0.0204989 0.1445540 0.1061937 0.1011194 0.0292727 0.0277339 0.0775233 0.1231981 0.0581720 0.1293365 0.1114972 0.1145595 0.1567313 0.0772391 0.0994263 0.1680844 0.1090459 0.1031086 0.0243049 0.1117496 0.1121614 0.1010638 0.0366103 0.1436188 0.0478918 0.1396119 0.0523403 0.0971748 0.1157391 0.1226467 0.1144019 0.1142495 0.0949314 0.1823033 0.1014945 0.0972960 0.0854975 0.0929820 
S0288       0.1354495 0.1599260 0.1108273 0.1337682 0.0000000 0.1406644 0.1221849 0.1251172 0.1313111 0.1375990 0.0323859 0.0821960 0.1735466 0.0224616 0.1334031 0.1277245 0.1425034 0.0119822 0.1457293 0.1329606 0.1338473 0.1545924 0.1393551 0.1342014 0.1523043 0.1473873 0.0137878 0.1420358 0.1460143 0.1326453 0.1258040 0.0159025 0.1274521 0.1389626 0.1317265 0.1282790 0.1285309 0.1411816 0.1329865 0.1212170 0.1465049 0.0189690 0.2591834 0.1352784 0.0243732 0.1379791 0.1287353 0.1514760 0.1404952 0.1417019 0.1410794 0.1290426 0.1363780 0.1200508 0.0841347 0.1298973 0.1426932 0.1191306 0.0279782 0.1441817 0.1477556 0.1335145 0.1410318 0.1457258 0.1264976 0.5103637 0.1718116 0.0861377 0.1061023 0.1389352 0.1407627 0.2428755 0.1420245 0.2397438 0.1558859 0.1207960 0.0946556 0.1315099 0.1280792 0.1251328 0.1382135 0.1362840 0.1247221 0.1096202 0.1264207 0.0154759 0.1185639 0.1414148 0.0873774 0.0189505 0.0068255 0.1272398 0.0996874 0.1145146 0.1135334 0.1318213 0.1318532 0.1263317 0.1349131 0.1343774 0.1483505 0.1246858 0.1237055 0.1741125 0.1376337 0.1374408 0.1929588 0.1386098 0.1260570 0.1304833 0.1315241 0.1206060 0.1202505 0.1435348 0.1439299 0.1397403 0.1539053 0.1335689 0.1304470 0.1149702 0.1211566 0.1403430 0.1261135 0.1160080 0.2185644 0.1182507 0.1230694 0.1465662 0.1205650 
S0289       0.1408360 0.1231974 0.1498796 0.1422125 0.1406644 0.0000000 0.1140145 0.1312600 0.1420107 0.1028605 0.1520690 0.1514807 0.1185002 0.1439826 0.0931491 0.1359506 0.1642884 0.1396934 0.1384484 0.1460450 0.1394657 0.1162375 0.1257944 0.0727283 0.1569331 0.1426915 0.1449238 0.0923061 0.1379582 0.1405554 0.2025794 0.1263507 0.0885099 0.1479133 0.1425671 0.0876994 0.0874843 0.1114522 0.1250600 0.1266408 0.1437004 0.1369320 0.2354347 0.1401577 0.1509998 0.1483286 0.1199902 0.1580081 0.1457994 0.1462493 0.1477821 0.1277971 0.1382930 0.0828048 0.1471162 0.1063438 0.0944559 0.1048185 0.1269592 0.1342262 0.1441470 0.1293211 0.1505386 0.1593042 0.1604812 0.2103088 0.1470742 0.1553367 0.1675011 0.1375101 0.1432371 0.2037383 0.1418656 0.2383187 0.1418946 0.1393931 0.1524207 0.1462261 0.1291794 0.1307653 0.1543676 0.1434616 0.1016130 0.0869389 0.1227246 0.1492607 0.0800042 0.0981271 0.1514363 0.1436079 0.1408313 0.1374692 0.1583406 0.1311561 0.1177810 0.1374493 0.1371573 0.1369745 0.1235413 0.1432341 0.1267079 0.1191798 0.1205157 0.1221819 0.1516580 0.1469657 0.1679969 0.1708899 0.1109830 0.1350331 0.1637655 0.1197204 0.1251071 0.1523090 0.1145377 0.1577354 0.1267109 0.1474853 0.1249005 0.1392048 0.1489129 0.1258972 0.1427503 0.1113521 0.2083204 0.1278424 0.1257498 0.1461975 0.1102295 
S0292       0.1009589 0.1382568 0.1115649 0.1111138 0.1221849 0.1140145 0.0000000 0.1052388 0.1086273 0.1157989 0.1448046 0.1444271 0.1233593 0.1230786 0.1034333 0.0797220 0.1115815 0.1213555 0.1057632 0.1122028 0.1019945 0.1147287 0.1044490 0.0887321 0.1118632 0.1118394 0.1263707 0.1109572 0.0588800 0.0968830 0.1694102 0.1018693 0.1117477 0.1205755 0.1091531 0.0989023 0.0893453 0.1061338 0.0976866 0.1125364 0.1045763 0.1181957 0.2156240 0.1071327 0.1343126 0.1098528 0.0533174 0.1131569 0.1144482 0.1013287 0.1011640 0.0630074 0.0952139 0.0890881 0.1146391 0.0970581 0.0958525 0.0649401 0.1177660 0.0673028 0.0626410 0.0607359 0.0626010 0.1291030 0.1190240 0.3010050 0.1382854 0.1365769 0.1109797 0.0819524 0.0859600 0.2044975 0.1019470 0.2198628 0.0739413 0.0850267 0.1406890 0.1138343 0.0467398 0.1000908 0.1237721 0.0590614 0.0896362 0.0772024 0.1074470 0.1306309 0.0702607 0.1082392 0.1109368 0.1226013 0.1246763 0.1043888 0.1398625 0.0734958 0.0175142 0.1063661 0.1044087 0.1144111 0.0464909 0.1088251 0.1100510 0.0224734 0.0226848 0.1323157 0.1137505 0.1004090 0.1719570 0.1282141 0.0999683 0.1059114 0.1265331 0.0351737 0.0727301 0.1136348 0.1174904 0.1232609 0.1200026 0.1221421 0.0887391 0.0827690 0.0842257 0.1106482 0.0623922 0.0642695 0.2048940 0.0876553 0.0709954 0.1019928 0.0643363 
S0293       0.0638675 0.1509519 0.0988206 0.0188619 0.1251172 0.1312600 0.1052388 0.0000000 0.0893663 0.1249672 0.1407490 0.1493186 0.1466595 0.1284460 0.1175797 0.1069615 0.1208875 0.1242752 0.0872193 0.0171392 0.0187979 0.1299877 0.1085906 0.0991216 0.1141368 0.0908951 0.1318657 0.1140856 0.1300371 0.1143341 0.1645777 0.0990656 0.1287316 0.0442379 0.0152874 0.1126760 0.1125572 0.1089832 0.0980977 0.0219665 0.1143585 0.1241791 0.2417328 0.0885678 0.1378410 0.0296799 0.1116018 0.1156532 0.0243433 0.1012739 0.0965400 0.1230235 0.1052868 0.1041775 0.1346639 0.1032206 0.1077002 0.0890518 0.1212883 0.1285891 0.1247424 0.1208213 0.1208149 0.0941609 0.1033956 0.5103637 0.1275337 0.1357042 0.1078098 0.1288532 0.1329236 0.2096067 0.1020068 0.2279584 0.1371954 0.1018389 0.1376820 0.0524544 0.1223117 0.0223688 0.0581405 0.1068371 0.1052852 0.0834589 0.1023083 0.1334951 0.0832973 0.1154366 0.1268632 0.1330881 0.1250602 0.0153694 0.1359780 0.1003465 0.0905442 0.0240996 0.0225268 0.0719681 0.1172986 0.0527042 0.1233319 0.1057032 0.1087067 0.1433619 0.0715688 0.1026267 0.1747880 0.1146746 0.0954344 0.0208334 0.1103380 0.1084977 0.0995381 0.0313711 0.1437026 0.0387482 0.1312518 0.0448552 0.0956632 0.1076167 0.1166515 0.1108340 0.1111965 0.0892114 0.1717605 0.0998414 0.0957553 0.0860192 0.0893477 
S0294       0.0872482 0.1590976 0.1110959 0.0951027 0.1313111 0.1420107 0.1086273 0.0893663 0.0000000 0.1387582 0.1556927 0.1519231 0.1602145 0.1368461 0.1275940 0.1239797 0.1433660 0.1351293 0.0898964 0.0914975 0.0926438 0.1525173 0.1138126 0.1087821 0.1385109 0.0912741 0.1403078 0.1154883 0.1386422 0.1264886 0.1892631 0.1212737 0.1364306 0.0929165 0.0953110 0.1326937 0.1512441 0.1299919 0.1078212 0.1079376 0.1373787 0.1272179 0.2316096 0.1023771 0.1436709 0.1001041 0.1203782 0.1374250 0.0935697 0.1301637 0.1296069 0.1310497 0.1245657 0.1191171 0.1336245 0.1289245 0.1245760 0.1025235 0.1177803 0.1426504 0.1401173 0.1338157 0.1432198 0.0795678 0.1375427 0.4345235 0.1476681 0.1457979 0.1327666 0.1493251 0.1535237 0.2021221 0.1234389 0.2284359 0.1461171 0.1296440 0.1477102 0.0848079 0.1397724 0.0822487 0.1023513 0.1291472 0.1146983 0.1014567 0.1345761 0.1446293 0.1012462 0.1354154 0.1305550 0.1363084 0.1362251 0.0907607 0.1372883 0.1167636 0.1054878 0.0882627 0.0905923 0.0875754 0.1391236 0.0817701 0.1443428 0.1065560 0.1144068 0.1641600 0.1085206 0.1265248 0.1779915 0.1470431 0.1179739 0.0921482 0.1422539 0.1206497 0.1180301 0.1038787 0.1482805 0.1044818 0.1309257 0.0985644 0.1141154 0.1204647 0.1291157 0.1156504 0.1191876 0.1023437 0.2033004 0.1105549 0.1163024 0.0972447 0.1094562 
S0299       0.1269358 0.0930064 0.1339147 0.1318256 0.1375990 0.1028605 0.1157989 0.1249672 0.1387582 0.0000000 0.1436659 0.1573327 0.0900886 0.1497907 0.0881314 0.1471882 0.1627959 0.1445785 0.1292515 0.1303110 0.1314234 0.1085459 0.1277909 0.0523280 0.1314906 0.1409564 0.1420160 0.1010293 0.1408896 0.1259147 0.2052915 0.1490765 0.0760860 0.1425919 0.1326176 0.0798892 0.1255970 0.1154088 0.1342517 0.1424080 0.1404594 0.1382755 0.2369602 0.1378488 0.1435631 0.1212834 0.1373315 0.1325717 0.1271665 0.1247567 0.1263292 0.1488671 0.1318104 0.0783863 0.1460026 0.1161340 0.0793911 0.0962876 0.1268921 0.1374661 0.1440847 0.1334773 0.1435702 0.1279769 0.1439994 0.3010050 0.1614637 0.1476202 0.1279292 0.1366223 0.1468425 0.1631166 0.1210107 0.2209248 0.1449301 0.1396117 0.1568188 0.1305762 0.1337586 0.1208786 0.1300234 0.1435399 0.0920780 0.0962241 0.1374624 0.1447274 0.0794666 0.0843185 0.1518107 0.1385571 0.1406127 0.1263916 0.1683392 0.1317784 0.1202541 0.1206552 0.1291183 0.1412851 0.1232569 0.1337317 0.1139108 0.1213991 0.1345574 0.0747875 0.1371073 0.1259031 0.1715360 0.1553545 0.1023181 0.1225248 0.1502094 0.1334328 0.1340508 0.1346977 0.0848543 0.1407996 0.1092890 0.1292783 0.1144253 0.1332455 0.1504652 0.1163024 0.1413947 0.1064116 0.1959811 0.1180022 0.1269866 0.1540246 0.1082729 
S0303       0.1516071 0.1739845 0.1294571 0.1449462 0.0323859 0.1520690 0.1448046 0.1407490 0.1556927 0.1436659 0.0000000 0.0967780 0.1708938 0.0301795 0.1494427 0.1435534 0.1608008 0.0378044 0.1540407 0.1490097 0.1497807 0.1680437 0.1480308 0.1383812 0.1699915 0.1611272 0.0323556 0.1668323 0.1618963 0.1587243 0.1558655 0.0030678 0.1341314 0.1586128 0.1428160 0.1441741 0.1274014 0.1602823 0.1539823 0.1253282 0.1633238 0.0302383 0.2819234 0.1517253 0.0245910 0.1566417 0.1335831 0.1685947 0.1544927 0.1586547 0.1579341 0.1515117 0.1551843 0.1297418 0.1013378 0.1505319 0.1571647 0.1355919 0.0453179 0.1525610 0.1633716 0.1488947 0.1488906 0.1640169 0.1545884 0.5103637 0.1841803 0.1025160 0.1196459 0.1654549 0.1673099 0.2732810 0.1590096 0.2579870 0.1726526 0.1411023 0.1114432 0.1506321 0.1510164 0.1407717 0.1579361 0.1494638 0.1379253 0.1294524 0.1493925 0.0340703 0.1345164 0.1542677 0.1084609 0.0417143 0.0287084 0.1429423 0.1145892 0.1321226 0.1384088 0.1477038 0.1477343 0.1446004 0.1557639 0.1540120 0.1714980 0.1474995 0.1515863 0.1632424 0.1626109 0.1540196 0.2038097 0.1625370 0.1393433 0.1440583 0.1577856 0.1425223 0.1279506 0.1598948 0.1614565 0.1556155 0.1718496 0.1481559 0.1513051 0.1297266 0.1392431 0.1567979 0.1492413 0.1313243 0.2394454 0.1289172 0.1333043 0.1656629 0.1333789 
S0308       0.1492086 0.1878444 0.1323418 0.1579677 0.0821960 0.1514807 0.1444271 0.1493186 0.1519231 0.1573327 0.0967780 0.0000000 0.1903305 0.0855979 0.1465142 0.1326197 0.1554797 0.0900580 0.1521498 0.1573599 0.1547580 0.1723919 0.1548834 0.1482205 0.1616858 0.1587289 0.0861263 0.1635765 0.1546339 0.1578474 0.1039708 0.0837222 0.1506077 0.1577616 0.1489109 0.1421793 0.1214664 0.1637523 0.1461450 0.1434051 0.1686949 0.0812367 0.2677325 0.1396575 0.0920528 0.1520825 0.1397861 0.1603871 0.1648156 0.1555135 0.1548225 0.1517290 0.1466086 0.1397664 0.0920083 0.1544380 0.1564584 0.1377710 0.0809146 0.1564952 0.1656792 0.1419989 0.1493784 0.1664000 0.1424851 0.1868738 0.1838149 0.0743981 0.1050703 0.1492755 0.1481535 0.2546626 0.1513135 0.2444922 0.1717276 0.1480072 0.0721652 0.1436596 0.1499953 0.1435280 0.1546052 0.1498987 0.1403234 0.1313869 0.1424367 0.0900854 0.1241667 0.1656455 0.0773303 0.0894150 0.0823041 0.1456759 0.0871535 0.1263988 0.1413059 0.1503942 0.1525754 0.1446089 0.1550486 0.1459179 0.1684242 0.1465043 0.1426116 0.1908025 0.1572578 0.1485893 0.1737986 0.1520855 0.1459768 0.1544928 0.1505334 0.1425753 0.1307857 0.1657719 0.1597308 0.1668958 0.1724121 0.1529623 0.1454990 0.1357162 0.1372685 0.1539421 0.1436344 0.1358265 0.2296009 0.1339301 0.1315074 0.1579997 0.1407519 
S0320       0.1536433 0.1407255 0.1565634 0.1608441 0.1735466 0.1185002 0.1233593 0.1466595 0.1602145 0.0900886 0.1708938 0.1903305 0.0000000 0.1768752 0.0930026 0.1488370 0.2019863 0.1722708 0.1600688 0.1567530 0.1551910 0.1314846 0.1481657 0.0749744 0.1748882 0.1719963 0.1807607 0.1214834 0.1481968 0.1554316 0.2353827 0.1259168 0.1056489 0.1550304 0.1563179 0.1163278 0.0937739 0.1255715 0.1565798 0.1356409 0.1491177 0.1691838 0.2590572 0.1617509 0.1845164 0.1570020 0.1131548 0.1730415 0.1618080 0.1611127 0.1596297 0.1449626 0.1446573 0.0567893 0.1819242 0.1207446 0.0998937 0.1043542 0.1657199 0.1443583 0.1537555 0.1440795 0.1561277 0.1478060 0.1675261 0.4319991 0.1797258 0.1843587 0.1705979 0.1628808 0.1620522 0.2439710 0.1585648 0.2572620 0.1538151 0.1423785 0.1888057 0.1545067 0.1365162 0.1407400 0.1698010 0.1428715 0.1231128 0.0957594 0.1451006 0.1827231 0.1043054 0.1186471 0.1742193 0.1738446 0.1764358 0.1531234 0.1991765 0.1514794 0.1274271 0.1477129 0.1531284 0.1544536 0.1324809 0.1570385 0.1187018 0.1335086 0.1373515 0.1018476 0.1784141 0.1642937 0.1403465 0.1783409 0.1299399 0.1523112 0.1627645 0.1410397 0.1393239 0.1634419 0.1315908 0.1693945 0.1370630 0.1579902 0.1361004 0.1638776 0.1574709 0.1459597 0.1541744 0.1156818 0.2402404 0.1466153 0.1382939 0.1678736 0.1198919 
S0322       0.1341214 0.1660585 0.1144626 0.1393652 0.0224616 0.1439826 0.1230786 0.1284460 0.1368461 0.1497907 0.0301795 0.0855979 0.1768752 0.0000000 0.1414679 0.1310521 0.1363561 0.0241044 0.1514939 0.1354313 0.1371441 0.1578653 0.1451799 0.1377092 0.1526783 0.1555731 0.0224413 0.1525234 0.1492885 0.1429927 0.1275173 0.0157071 0.1308236 0.1446482 0.1350329 0.1316150 0.1350371 0.1494722 0.1410557 0.1206923 0.1498309 0.0066910 0.2662788 0.1435036 0.0258831 0.1413027 0.1383441 0.1514708 0.1381868 0.1418284 0.1412139 0.1370539 0.1397189 0.1336710 0.0854853 0.1402103 0.1415696 0.1229248 0.0331401 0.1478780 0.1505953 0.1368123 0.1395931 0.1442374 0.1391928 0.5103637 0.1727271 0.0874465 0.1054715 0.1470302 0.1488437 0.2410604 0.1424548 0.2492714 0.1563719 0.1333388 0.0959179 0.1348109 0.1335129 0.1231137 0.1415394 0.1394156 0.1280372 0.1176742 0.1292209 0.0241119 0.1219675 0.1448457 0.0865583 0.0331264 0.0189556 0.1305600 0.0987307 0.1149857 0.1188803 0.1296884 0.1351608 0.1320479 0.1427362 0.1330508 0.1567203 0.1324034 0.1314915 0.1773643 0.1480858 0.1376223 0.2300235 0.1515148 0.1340389 0.1258962 0.1443292 0.1301445 0.1190596 0.1421299 0.1473029 0.1454374 0.1597108 0.1369086 0.1338607 0.1154373 0.1245075 0.1438013 0.1315584 0.1193557 0.2247365 0.1162421 0.1264064 0.1522841 0.1239056 
S0327       0.1171785 0.1087710 0.1126121 0.1261280 0.1334031 0.0931491 0.1034333 0.1175797 0.1275940 0.0881314 0.1494427 0.1465142 0.0930026 0.1414679 0.0000000 0.1262885 0.1549848 0.1324891 0.1392997 0.1223144 0.1211427 0.0957774 0.1242874 0.0557753 0.1302673 0.1431905 0.1376303 0.0893992 0.1260726 0.1386090 0.1953038 0.1127315 0.0837656 0.1359144 0.1286454 0.0957527 0.0654030 0.0980112 0.1253883 0.1217618 0.1286568 0.1344471 0.2339681 0.1366464 0.1436724 0.1272569 0.1091924 0.1339080 0.1290732 0.1221919 0.1237760 0.1260236 0.1191798 0.0567560 0.1452880 0.0932064 0.0799178 0.0954279 0.1200533 0.1266606 0.1372384 0.1218549 0.1386956 0.1261350 0.1354151 0.4319991 0.1465372 0.1432254 0.1299248 0.1399545 0.1441099 0.1982804 0.1176676 0.2113933 0.1414696 0.1183195 0.1450899 0.1270099 0.1179338 0.1167389 0.1394038 0.1169293 0.0888150 0.0719980 0.0841425 0.1419325 0.0675668 0.0997033 0.1447134 0.1388473 0.1359558 0.1237011 0.1541874 0.1245116 0.1023218 0.1232571 0.1237168 0.1228534 0.1223862 0.1290082 0.0913455 0.1107604 0.1142078 0.1031747 0.1397619 0.1208159 0.1095994 0.1452619 0.0991274 0.1233500 0.1409316 0.1222071 0.1137708 0.1355995 0.1011173 0.1408039 0.1038741 0.1321541 0.1163791 0.1281741 0.1317866 0.1071197 0.1284218 0.1022059 0.2145936 0.1093147 0.1167789 0.1445286 0.0992123 
S0335       0.1083131 0.1446020 0.1219534 0.1175625 0.1277245 0.1359506 0.0797220 0.1069615 0.1239797 0.1471882 0.1435534 0.1326197 0.1488370 0.1310521 0.1262885 0.0000000 0.1091528 0.1268602 0.1165826 0.1185676 0.1083212 0.1365488 0.1044890 0.1080983 0.1231569 0.1290057 0.1320298 0.1197747 0.1027136 0.1082582 0.1646870 0.0828064 0.1357365 0.1313680 0.1130840 0.1291834 0.1326128 0.1175099 0.1001219 0.1108567 0.1224381 0.1242088 0.2172949 0.1069607 0.1378696 0.1184885 0.0957559 0.1243966 0.1180584 0.1127374 0.1122706 0.0918261 0.1128577 0.1097220 0.1278126 0.1144438 0.1193126 0.0719520 0.1213178 0.1057594 0.0978742 0.0896434 0.1004408 0.1400782 0.1292500 0.3409840 0.1555145 0.1346274 0.0969456 0.1031082 0.1069685 0.1938373 0.1131517 0.2160322 0.1084786 0.0715726 0.1386790 0.1274194 0.0913692 0.1087374 0.1364238 0.0923978 0.1119173 0.0880612 0.1025717 0.1337142 0.0938874 0.1371016 0.1160456 0.1331324 0.1302252 0.1107549 0.1461511 0.0564828 0.0783126 0.1129891 0.1085162 0.1223604 0.0934028 0.1198497 0.1442146 0.0784702 0.0875530 0.1680903 0.1390854 0.1071808 0.1573346 0.1388808 0.1130079 0.1124928 0.1346227 0.0890411 0.0619002 0.1245801 0.1538430 0.1295718 0.1369525 0.1283018 0.0956249 0.0685799 0.0330042 0.1221735 0.0955778 0.0707607 0.2233099 0.0979636 0.0621916 0.1198687 0.0728983 
S0345       0.1275637 0.1908190 0.1460900 0.1175539 0.1425034 0.1642884 0.1115815 0.1208875 0.1433660 0.1627959 0.1608008 0.1554797 0.2019863 0.1363561 0.1549848 0.1091528 0.0000000 0.1380616 0.1509708 0.1211210 0.1267053 0.1779819 0.1330093 0.1321801 0.1476590 0.1487758 0.1383537 0.1660237 0.1444042 0.1289592 0.2114647 0.0800428 0.1559377 0.1506816 0.1240429 0.1670269 0.1074721 0.1565715 0.1295000 0.0968291 0.1404560 0.1300430 0.2893651 0.1380947 0.1551954 0.1273320 0.1441454 0.1544553 0.1416838 0.1337843 0.1290721 0.1399532 0.1441927 0.1690406 0.1653787 0.1550786 0.1507746 0.0900331 0.1302347 0.1548832 0.1541573 0.1370630 0.1449033 0.1804107 0.1524697 0.0000010 0.1967117 0.1489197 0.0808254 0.1520515 0.1658796 0.3900020 0.1358037 0.2704947 0.1661325 0.1081677 0.1564906 0.1456947 0.1331308 0.1268117 0.1421991 0.1169444 0.1435272 0.1303037 0.0922434 0.1451362 0.1247853 0.1435064 0.1444017 0.1400449 0.1400340 0.1238452 0.1801298 0.0633490 0.0993492 0.1296551 0.1170888 0.1446218 0.1427617 0.1352571 0.1713546 0.1058670 0.1119793 0.2138002 0.1537789 0.1284601 0.1825850 0.1600993 0.1417479 0.1177826 0.1607872 0.1153738 0.0872306 0.1443912 0.1605051 0.1478695 0.1801783 0.1312404 0.1188565 0.0693513 0.1132433 0.1565783 0.1357557 0.0902052 0.2496691 0.1228702 0.0875359 0.1383825 0.1001074 
S0355       0.1367625 0.1619732 0.1103127 0.1323039 0.0119822 0.1396934 0.1213555 0.1242752 0.1351293 0.1445785 0.0378044 0.0900580 0.1722708 0.0241044 0.1324891 0.1268602 0.1380616 0.0000000 0.1423947 0.1320524 0.1329405 0.1560475 0.1384870 0.1276758 0.1491320 0.1464560 0.0153710 0.1482126 0.1449956 0.1340713 0.1325628 0.0189912 0.1288095 0.1357444 0.1308350 0.1274085 0.1280727 0.1403881 0.1390406 0.1169569 0.1454806 0.0206211 0.2607384 0.1344235 0.0296126 0.1370299 0.1353445 0.1478780 0.1395253 0.1407010 0.1400875 0.1305829 0.1354375 0.1222083 0.0878651 0.1267796 0.1419990 0.1162254 0.0296209 0.1435258 0.1467278 0.1325991 0.1400550 0.1470376 0.1302817 0.5103637 0.1732483 0.0877274 0.0959306 0.1404510 0.1422684 0.2485268 0.1413262 0.2411735 0.1547732 0.1245425 0.0962264 0.1306216 0.1272105 0.1242899 0.1395179 0.1330592 0.1238855 0.1066760 0.1185343 0.0170403 0.1177571 0.1404043 0.0910753 0.0296089 0.0154933 0.1263819 0.1034551 0.1137481 0.1105581 0.1309284 0.1309603 0.1276612 0.1317293 0.1334509 0.1475313 0.1216408 0.1206443 0.1728606 0.1366755 0.1364849 0.1988585 0.1424135 0.1252277 0.1295962 0.1353232 0.1243486 0.1194473 0.1425507 0.1397381 0.1411580 0.1504596 0.1348938 0.1318601 0.1141973 0.1203410 0.1370851 0.1252582 0.1152344 0.2196555 0.1174476 0.1222416 0.1432500 0.1197567 
S0376       0.0891932 0.1608904 0.1181668 0.0908462 0.1457293 0.1384484 0.1057632 0.0872193 0.0898964 0.1292515 0.1540407 0.1521498 0.1600688 0.1514939 0.1392997 0.1165826 0.1509708 0.1423947 0.0000000 0.0960759 0.0925677 0.1432215 0.1005007 0.1207264 0.1260471 0.0563247 0.1524902 0.1271689 0.1299614 0.1123355 0.1924999 0.1096686 0.1391322 0.0975020 0.0910259 0.1345847 0.1536435 0.1254418 0.0893061 0.1125083 0.1204525 0.1415507 0.2544523 0.0802856 0.1557410 0.0957534 0.0941027 0.1296193 0.0961059 0.1201706 0.1173811 0.1303005 0.1058705 0.1099887 0.1388091 0.1198542 0.1192333 0.0937331 0.1384819 0.1192880 0.1293217 0.1184231 0.1135151 0.1020315 0.1373149 0.3010050 0.1386430 0.1439103 0.1231744 0.1387406 0.1428692 0.2179529 0.1184936 0.2445366 0.1396133 0.1153160 0.1402642 0.0893912 0.1251801 0.0825423 0.1019628 0.1123279 0.1239620 0.0949100 0.1483175 0.1568781 0.1035610 0.1529448 0.1340314 0.1505795 0.1483645 0.0865315 0.1545433 0.0981228 0.0960052 0.0865172 0.0884771 0.0936810 0.1109227 0.0840283 0.1490410 0.0992641 0.1069084 0.1635039 0.1016978 0.1166992 0.1868206 0.1467988 0.1046455 0.0920439 0.1451514 0.1045113 0.1042458 0.0973972 0.1540801 0.1017490 0.1404541 0.1052867 0.0893965 0.1125228 0.1194616 0.1112593 0.1154618 0.0915975 0.1869140 0.1054475 0.0977578 0.0600338 0.0958986 
S0400       0.0720948 0.1666593 0.1104052 0.0260362 0.1329606 0.1460450 0.1122028 0.0171392 0.0914975 0.1303110 0.1490097 0.1573599 0.1567530 0.1354313 0.1223144 0.1185676 0.1211210 0.1320524 0.0960759 0.0000000 0.0295258 0.1372637 0.1134964 0.1039185 0.1208669 0.0997884 0.1398390 0.1215848 0.1399683 0.1193760 0.1871959 0.1039063 0.1388445 0.0560309 0.0277688 0.1268255 0.1135572 0.1227214 0.1028703 0.0336954 0.1261858 0.1311202 0.2594441 0.0952553 0.1458893 0.0371279 0.1156956 0.1221302 0.0242467 0.1081940 0.1055355 0.1327743 0.1188881 0.1098506 0.1474192 0.1121893 0.1219024 0.0980222 0.1289664 0.1338581 0.1320145 0.1305308 0.1259386 0.1009129 0.1173503 0.5103637 0.1402842 0.1481927 0.1185115 0.1442642 0.1484354 0.2343829 0.1084498 0.2465002 0.1448381 0.1132252 0.1501964 0.0564038 0.1320033 0.0222811 0.0662586 0.1161769 0.1191196 0.0924243 0.1096882 0.1414640 0.0966618 0.1302481 0.1389296 0.1410296 0.1328994 0.0242142 0.1535444 0.1089627 0.0972850 0.0240049 0.0334683 0.0803917 0.1268409 0.0607553 0.1375158 0.1125736 0.1156769 0.1483640 0.0800911 0.1093027 0.1760924 0.1290341 0.1065111 0.0262045 0.1245673 0.1178269 0.1086394 0.0388260 0.1487181 0.0482713 0.1462825 0.0545453 0.1003909 0.1214692 0.1286038 0.1154971 0.1182240 0.1000829 0.1871050 0.1042034 0.1048125 0.0905562 0.1002408 
S0405       0.0651887 0.1517050 0.1070333 0.0239320 0.1338473 0.1394657 0.1019945 0.0187979 0.0926438 0.1314234 0.1497807 0.1547580 0.1551910 0.1371441 0.1211427 0.1083212 0.1267053 0.1329405 0.0925677 0.0295258 0.0000000 0.1385647 0.1145024 0.1026080 0.1173890 0.0962218 0.1380256 0.1274618 0.1241585 0.1153446 0.1764632 0.1063641 0.1323387 0.0496057 0.0221305 0.1137024 0.1115703 0.1144845 0.1016032 0.0275074 0.1225915 0.1276230 0.2380670 0.0897626 0.1412667 0.0348052 0.1003922 0.1188812 0.0313358 0.1048837 0.1001365 0.1245520 0.1085095 0.1056137 0.1378902 0.1091587 0.1132427 0.0902750 0.1247198 0.1347301 0.1212041 0.1173321 0.1173256 0.0999505 0.1114829 0.3010050 0.1386823 0.1415660 0.1097157 0.1371370 0.1437567 0.2109475 0.1053331 0.2275831 0.1380495 0.1070756 0.1435382 0.0558041 0.1232570 0.0274441 0.0672757 0.1127613 0.1088152 0.0849072 0.1085114 0.1422805 0.0845440 0.1217577 0.1277899 0.1365164 0.1337863 0.0168869 0.1391786 0.1036094 0.0921452 0.0291711 0.0239852 0.0732411 0.1133608 0.0579565 0.1311058 0.1024988 0.1054338 0.1512633 0.0769408 0.1062079 0.1790100 0.1203246 0.1030461 0.0277869 0.1186718 0.1052346 0.1006366 0.0328719 0.1445014 0.0477193 0.1321579 0.0521482 0.0967928 0.1158209 0.1082583 0.1074728 0.1166030 0.0903843 0.1903514 0.1034035 0.0968850 0.0871996 0.0905211 
S0407sl     0.1391879 0.1368132 0.1329286 0.1413298 0.1545924 0.1162375 0.1147287 0.1299877 0.1525173 0.1085459 0.1680437 0.1723919 0.1314846 0.1578653 0.0957774 0.1365488 0.1779819 0.1560475 0.1432215 0.1372637 0.1385647 0.0000000 0.1318528 0.0889887 0.1411671 0.1472215 0.1592119 0.0871178 0.1188405 0.1486134 0.2097622 0.1482223 0.0898913 0.1510481 0.1411464 0.1098644 0.0937026 0.1125855 0.1329862 0.1296969 0.1398203 0.1534020 0.2678144 0.1422914 0.1686117 0.1398175 0.0982478 0.1351163 0.1350683 0.1303779 0.1298202 0.1184118 0.1345404 0.0834031 0.1483037 0.1023539 0.1041178 0.1024389 0.1534777 0.1197929 0.1367974 0.1217175 0.1315643 0.1457210 0.1495224 0.5103637 0.1600139 0.1599029 0.1493539 0.1290277 0.1459064 0.2067340 0.1285716 0.2589260 0.1511286 0.1475580 0.1641518 0.1408584 0.1282165 0.1293786 0.1539398 0.1289857 0.0843523 0.0852516 0.0967447 0.1607259 0.0825222 0.1137144 0.1632041 0.1602329 0.1572679 0.1365512 0.1761526 0.1346786 0.1108748 0.1314305 0.1319277 0.1420478 0.1248865 0.1436531 0.1171478 0.1151195 0.1139900 0.1413095 0.1438579 0.1267742 0.0969582 0.1623186 0.1088602 0.1340839 0.1574892 0.1177350 0.1329822 0.1515024 0.1177910 0.1544824 0.1208178 0.1469204 0.1232986 0.1402796 0.1520445 0.1243703 0.1400787 0.1137885 0.2272482 0.1238127 0.1246564 0.1636421 0.1153941 
S0412sl     0.1155526 0.1424655 0.1261070 0.1082830 0.1393551 0.1257944 0.1044490 0.1085906 0.1138126 0.1277909 0.1480308 0.1548834 0.1481657 0.1451799 0.1242874 0.1044890 0.1330093 0.1384870 0.1005007 0.1134964 0.1145024 0.1318528 0.0000000 0.1055340 0.1241103 0.0999287 0.1511319 0.1118349 0.1249539 0.0563985 0.1866235 0.1081286 0.1324418 0.1192700 0.1168763 0.1145790 0.0926562 0.1041938 0.0639705 0.1070519 0.1201910 0.1408060 0.2608184 0.0693695 0.1517163 0.1131331 0.1109915 0.1300273 0.1158408 0.1137856 0.1133411 0.1199414 0.1180358 0.1022716 0.1375580 0.1039972 0.1013168 0.0923140 0.1353467 0.1189432 0.1219790 0.1160063 0.1250223 0.1225145 0.1338258 0.5103637 0.1378522 0.1328402 0.1089677 0.1378787 0.1327082 0.2401520 0.1164096 0.2465098 0.1412994 0.1239940 0.1346851 0.1205150 0.1239705 0.1105591 0.1317701 0.1112242 0.1075938 0.0822327 0.1075578 0.1527286 0.0883281 0.1218948 0.1308439 0.1449964 0.1467579 0.1125754 0.1458861 0.1003780 0.0967972 0.1169230 0.1125937 0.1116989 0.1172367 0.1130874 0.1343727 0.1031134 0.1105152 0.1537705 0.1243501 0.1105889 0.1348585 0.1412479 0.0942583 0.1113905 0.1413555 0.1142286 0.1041322 0.1219598 0.1477035 0.1268287 0.1378845 0.1206183 0.0616592 0.1192649 0.1185093 0.1005921 0.1238013 0.0929953 0.2045135 0.1016919 0.1024073 0.1038212 0.0921365 
S0417       0.1054462 0.0711203 0.1124413 0.1047589 0.1342014 0.0727283 0.0887321 0.0991216 0.1087821 0.0523280 0.1383812 0.1482205 0.0749744 0.1377092 0.0557753 0.1080983 0.1321801 0.1276758 0.1207264 0.1039185 0.1026080 0.0889887 0.1055340 0.0000000 0.1107397 0.1225770 0.1382841 0.0691104 0.1118715 0.1095251 0.1959083 0.0906414 0.0650850 0.1146883 0.1058023 0.0557182 0.0560710 0.0768533 0.1095293 0.0932073 0.1148036 0.1275724 0.2119447 0.1148087 0.1346910 0.1103601 0.0949591 0.1120991 0.1031772 0.1043114 0.1060686 0.1100903 0.1094913 0.0420950 0.1304810 0.0815598 0.0671696 0.0759222 0.1195009 0.1132772 0.1208229 0.1101098 0.1192830 0.1224659 0.1187375 0.3010050 0.1470702 0.1421391 0.1192663 0.1160468 0.1276048 0.1975275 0.0956024 0.1960359 0.1157215 0.1136855 0.1468252 0.1127962 0.1113191 0.0958528 0.1223802 0.1154713 0.0640660 0.0590947 0.0787109 0.1401848 0.0504412 0.0454551 0.1403677 0.1344817 0.1365871 0.1028486 0.1407743 0.1079203 0.0941746 0.0979516 0.0953383 0.1099852 0.1087407 0.1167797 0.0838993 0.0946051 0.0974199 0.0692836 0.1325993 0.1033114 0.1185346 0.1283875 0.0797234 0.0965943 0.1268802 0.1012179 0.0998272 0.1094717 0.0706448 0.1129705 0.0847530 0.1181919 0.1038495 0.1117320 0.1154733 0.0952100 0.1114475 0.0861075 0.1851090 0.1040923 0.1025546 0.1262552 0.0829215 
S0419       0.1245572 0.1615317 0.0821990 0.1104393 0.1523043 0.1569331 0.1118632 0.1141368 0.1385109 0.1314906 0.1699915 0.1616858 0.1748882 0.1526783 0.1302673 0.1231569 0.1476590 0.1491320 0.1260471 0.1208669 0.1173890 0.1411671 0.1241103 0.1107397 0.0000000 0.1277088 0.1542955 0.1306063 0.1308780 0.1224402 0.1901367 0.1150517 0.1276580 0.1391268 0.1183342 0.1220772 0.1150328 0.1208671 0.1206482 0.1142406 0.0775216 0.1426449 0.2568573 0.1302639 0.1603528 0.1189673 0.1100523 0.0102060 0.1207554 0.0121017 0.0103366 0.1337296 0.0666955 0.1019388 0.1397278 0.1198914 0.1243713 0.1033805 0.1404413 0.1392100 0.1301629 0.1237504 0.1287604 0.1359028 0.0839176 0.3010050 0.1461469 0.1459869 0.1097444 0.1423659 0.1588997 0.2297848 0.0051454 0.2335698 0.1426089 0.1286879 0.1501941 0.1251866 0.1314042 0.1148996 0.1348700 0.1303766 0.1174763 0.0952348 0.1170704 0.1565542 0.1036823 0.1308632 0.1372292 0.1504107 0.1554112 0.1107974 0.1541084 0.1059588 0.1134959 0.1192422 0.1042976 0.1395525 0.1368151 0.1225968 0.1475595 0.1170243 0.1205384 0.1593093 0.1450024 0.0085622 0.1562205 0.0880826 0.1094009 0.1184824 0.0906260 0.1242408 0.1127203 0.1251101 0.1348488 0.1398829 0.1526123 0.1360325 0.1129964 0.1092387 0.1308931 0.1135451 0.1128131 0.1058048 0.2093563 0.0656061 0.1060182 0.1269766 0.1006536 
S0427       0.0865363 0.1580247 0.1268166 0.0945100 0.1473873 0.1426915 0.1118394 0.0908951 0.0912741 0.1409564 0.1611272 0.1587289 0.1719963 0.1555731 0.1431905 0.1290057 0.1487758 0.1464560 0.0563247 0.0997884 0.0962218 0.1472215 0.0999287 0.1225770 0.1277088 0.0000000 0.1565941 0.1363364 0.1340893 0.1031218 0.2033035 0.1114312 0.1434601 0.0969516 0.0989128 0.1270606 0.1252502 0.1293056 0.0913762 0.1111690 0.1244415 0.1455905 0.2534917 0.0844573 0.1549561 0.0973964 0.1047389 0.1359175 0.0997383 0.1217679 0.1189783 0.1418706 0.1097754 0.1093449 0.1513843 0.1236797 0.1132847 0.1059127 0.1401364 0.1263658 0.1362980 0.1300066 0.1248428 0.0948050 0.1412084 0.3010050 0.1521226 0.1480449 0.1286935 0.1437139 0.1574698 0.2397907 0.1175582 0.2506075 0.1472333 0.1144372 0.1522408 0.0932790 0.1238881 0.0882398 0.1130463 0.1236461 0.1257521 0.0987327 0.1349331 0.1560823 0.0963694 0.1472093 0.1405624 0.1475326 0.1524739 0.0901792 0.1604893 0.1066795 0.1043415 0.0923752 0.0921241 0.0974058 0.1197286 0.0941411 0.1515647 0.1145121 0.1152235 0.1710888 0.1100277 0.1205565 0.1529566 0.1484243 0.1040368 0.0957541 0.1490803 0.1086451 0.1123436 0.1032052 0.1585695 0.1012331 0.1298881 0.1090408 0.0824562 0.1259628 0.1274178 0.1106425 0.1177583 0.0986304 0.1964941 0.1071565 0.1062782 0.0757943 0.1125867 
S0430       0.1374164 0.1646071 0.1152349 0.1402617 0.0137878 0.1449238 0.1263707 0.1318657 0.1403078 0.1420160 0.0323556 0.0861263 0.1807607 0.0224413 0.1376303 0.1320298 0.1383537 0.0153710 0.1524902 0.1398390 0.1380256 0.1592119 0.1511319 0.1382841 0.1542955 0.1565941 0.0000000 0.1562857 0.1503167 0.1417625 0.1283018 0.0191533 0.1316775 0.1455849 0.1385366 0.1324643 0.1355978 0.1504543 0.1419744 0.1215367 0.1508610 0.0206744 0.2686808 0.1444520 0.0225244 0.1422231 0.1391679 0.1505144 0.1471923 0.1433338 0.1398471 0.1359072 0.1379902 0.1283127 0.0860232 0.1390920 0.1473343 0.1237436 0.0296992 0.1541378 0.1520486 0.1377444 0.1453075 0.1526875 0.1351791 0.3409840 0.1819493 0.0901143 0.1031181 0.1384153 0.1450296 0.2537868 0.1439724 0.2479215 0.1576757 0.1225546 0.0986811 0.1356757 0.1322618 0.1292866 0.1424613 0.1456795 0.1288565 0.1161058 0.1301125 0.0119106 0.1227603 0.1483527 0.0913471 0.0225220 0.0103123 0.1313976 0.0993598 0.1164585 0.1226013 0.1359984 0.1360299 0.1351459 0.1415245 0.1386328 0.1528858 0.1311571 0.1302293 0.1759520 0.1368071 0.1390623 0.2123267 0.1450055 0.1321987 0.1343432 0.1381855 0.1247361 0.1221848 0.1477644 0.1482246 0.1488204 0.1607695 0.1381081 0.1394023 0.1169214 0.1231052 0.1470269 0.1277368 0.1201170 0.2196149 0.1224399 0.1250143 0.1532775 0.1246983 
S0478       0.1240781 0.1324590 0.1192444 0.1301059 0.1420358 0.0923061 0.1109572 0.1140856 0.1154883 0.1010293 0.1668323 0.1635765 0.1214834 0.1525234 0.0893992 0.1197747 0.1660237 0.1482126 0.1271689 0.1215848 0.1274618 0.0871178 0.1118349 0.0691104 0.1306063 0.1363364 0.1562857 0.0000000 0.1243527 0.1255896 0.1920106 0.1397435 0.0920673 0.1319219 0.1271559 0.0940182 0.1000899 0.0989407 0.1150733 0.1219405 0.1242593 0.1481040 0.2520689 0.1244407 0.1658085 0.1336542 0.1099990 0.1340572 0.1285363 0.1264058 0.1279761 0.1212636 0.1216622 0.0593450 0.1503369 0.0873092 0.0848454 0.0939473 0.1380548 0.1206177 0.1328658 0.1246604 0.1364481 0.1300863 0.1395429 0.5103637 0.1429682 0.1632610 0.1287210 0.1204475 0.1388008 0.2189252 0.1204899 0.2412228 0.1394539 0.1324534 0.1629497 0.1236172 0.1234794 0.1185260 0.1385446 0.1212624 0.0864005 0.0725844 0.1015868 0.1553384 0.0721273 0.0997864 0.1570697 0.1500501 0.1491775 0.1254892 0.1644071 0.1213982 0.1069618 0.1250394 0.1282154 0.1293165 0.1281320 0.1231527 0.1041016 0.1082446 0.1166579 0.1267315 0.1364317 0.1183737 0.1298400 0.1519000 0.0928954 0.1252751 0.1472180 0.1159901 0.1158620 0.1399145 0.1073285 0.1380502 0.1007075 0.1318019 0.1106914 0.1275103 0.1370608 0.1080189 0.1380927 0.0964380 0.2064624 0.1084218 0.1141312 0.1398505 0.0980519 
S0552sl     0.1249197 0.1607542 0.1445194 0.1360724 0.1460143 0.1379582 0.0588800 0.1300371 0.1386422 0.1408896 0.1618963 0.1546339 0.1481968 0.1492885 0.1260726 0.1027136 0.1444042 0.1449956 0.1299614 0.1399683 0.1241585 0.1188405 0.1249539 0.1118715 0.1308780 0.1340893 0.1503167 0.1243527 0.0000000 0.1160275 0.1783124 0.1171313 0.1324109 0.1484163 0.1340561 0.1167345 0.1470735 0.1188098 0.1244289 0.1410086 0.1278215 0.1393748 0.2494015 0.1349727 0.1502286 0.1307532 0.0184371 0.1320865 0.1348959 0.1203094 0.1198034 0.0539325 0.1154192 0.0943361 0.1355611 0.1100364 0.1080512 0.0858765 0.1410205 0.0335311 0.0614673 0.0242300 0.0388919 0.1543456 0.1407982 0.3010050 0.1646273 0.1488527 0.1197017 0.0660182 0.0722161 0.2365003 0.1203282 0.2454134 0.0768309 0.1128876 0.1530243 0.1344329 0.0847776 0.1268959 0.1489283 0.0898652 0.1065135 0.0898662 0.1245202 0.1498257 0.0846598 0.1313901 0.1361569 0.1414084 0.1483361 0.1289672 0.1496591 0.1052872 0.0654631 0.1310086 0.1244927 0.1276156 0.0865611 0.1243911 0.1349610 0.0696932 0.0743924 0.1679979 0.1394345 0.1166957 0.1750956 0.1504096 0.1199022 0.1310577 0.1462044 0.0799553 0.0953148 0.1387803 0.1359665 0.1490766 0.1350148 0.1450836 0.1148544 0.1081175 0.1075101 0.1285529 0.0738573 0.0777542 0.2126373 0.1166758 0.0938141 0.1332142 0.0842888 
S0558       0.1140202 0.1540619 0.1437171 0.1158160 0.1326453 0.1405554 0.0968830 0.1143341 0.1264886 0.1259147 0.1587243 0.1578474 0.1554316 0.1429927 0.1386090 0.1082582 0.1289592 0.1340713 0.1123355 0.1193760 0.1153446 0.1486134 0.0563985 0.1095251 0.1224402 0.1031218 0.1417625 0.1255896 0.1160275 0.0000000 0.1903177 0.1063895 0.1324030 0.1246534 0.1227868 0.1281858 0.0998745 0.1142514 0.0644683 0.1127416 0.1249521 0.1331515 0.2637233 0.0874973 0.1440801 0.1146088 0.0939938 0.1283747 0.1239600 0.1146640 0.1119417 0.1136743 0.1177916 0.1031773 0.1467981 0.1194288 0.1090374 0.0838428 0.1301309 0.1150511 0.1061851 0.1046488 0.1116598 0.1310912 0.1335397 0.3010050 0.1525941 0.1402438 0.1110480 0.1211510 0.1251611 0.2413301 0.1098949 0.2474555 0.1216677 0.1161687 0.1469066 0.1253192 0.1107369 0.1113699 0.1247958 0.1101958 0.1187676 0.0917185 0.1167888 0.1461338 0.0895080 0.1363983 0.1277552 0.1329761 0.1400780 0.1134027 0.1533853 0.0950455 0.0869364 0.1133889 0.1111411 0.1142874 0.1025662 0.1223054 0.1459769 0.0999048 0.1008587 0.1606083 0.1378413 0.1091839 0.1525134 0.1430203 0.1089130 0.1145990 0.1413561 0.1002377 0.0985803 0.1228731 0.1499785 0.1281423 0.1372031 0.1185706 0.0639409 0.1116504 0.1065541 0.1152514 0.1161611 0.0870997 0.2212452 0.1077743 0.0968379 0.1112746 0.0868981 
