133
PAFTOL_019361 0.0000000 0.1698365 0.1000944 0.1569587 0.1437515 0.1519297 0.1519618 0.1661421 0.1680584 0.2067568 0.1839267 0.1682534 0.1567879 0.1622862 0.1648766 0.1709281 0.1588006 0.1796240 0.2443668 0.1726508 0.1692877 0.1526664 0.1435612 0.1912884 0.1520945 0.1567005 0.1483365 0.1722767 0.1601762 0.1525737 0.1658168 0.1476016 0.1643920 0.1823003 0.1449270 0.1510540 0.1472649 0.1417843 0.1431618 0.1625728 0.1464574 0.1733399 0.1814310 0.1618965 0.1906616 0.1606672 0.1607131 0.1667519 0.1655602 0.1883196 0.1454478 0.1526008 0.1467802 0.1513520 0.2036278 0.1862465 0.1582376 0.1570310 0.1656902 0.1600851 0.1870531 0.1671231 0.1188194 0.1934899 0.1635426 0.1739213 0.1825763 0.1756141 0.1843143 0.0936606 0.1596300 0.1912667 0.1863320 0.1835506 0.1859929 0.1587199 0.1867835 0.1072188 0.1894153 0.1773368 0.1627505 0.1626782 0.1747648 0.1950377 0.1627931 0.1761948 0.1739047 0.1450450 0.1676604 0.1608451 0.1683742 0.1599866 0.1663225 0.1517706 0.1623871 0.1613858 0.1461423 0.1591046 0.1882159 0.1622148 0.1617625 0.1496253 0.1724643 0.1594194 0.1668889 0.1327481 0.1660371 0.1649764 0.1947182 0.1531403 0.1549697 0.1511847 0.1876046 0.1265329 0.1531334 0.1717088 0.1579031 0.1627110 0.1702469 0.1566696 0.1725346 0.1550959 0.1417722 0.1798313 0.1746273 0.1496007 0.1560428 0.1687731 0.1952043 0.1389421 0.1449727 0.1592508 0.1817352 
S0055         0.1698365 0.0000000 0.0811222 0.1113486 0.0768178 0.0528124 0.1072341 0.1030053 0.0865469 0.0838296 0.0696255 0.1210759 0.1073708 0.1034635 0.1049844 0.1038292 0.0958210 0.1057817 0.1007879 0.1054840 0.0878891 0.0535982 0.0467188 0.1091404 0.0940925 0.0988615 0.0767629 0.0968788 0.1077655 0.1054856 0.1066494 0.0758976 0.0873897 0.1177039 0.0870839 0.0539873 0.0612260 0.1114316 0.1000152 0.1145164 0.0758940 0.0580224 0.0838036 0.1051981 0.1840809 0.0874272 0.1029643 0.1061517 0.0499612 0.0879455 0.0777196 0.0463862 0.0703315 0.0768382 0.1048511 0.0836554 0.1028584 0.1097143 0.1067791 0.0877609 0.0800714 0.1195885 0.0908136 0.1016229 0.0858347 0.0862008 0.0863430 0.0953233 0.1569026 0.1010414 0.1061471 0.1098603 0.1089739 0.1090624 0.1774936 0.0738836 0.1940404 0.1034935 0.1108440 0.0990954 0.1069750 0.0516589 0.1053210 0.1804275 0.0544705 0.0647262 0.0900107 0.0974444 0.1104952 0.1088748 0.1029094 0.0978522 0.1106679 0.0885063 0.0986982 0.1084991 0.0502001 0.1063098 0.0971276 0.0889169 0.0554152 0.0498637 0.0255857 0.0940325 0.0488515 0.1023804 0.0872383 0.0828751 0.1275666 0.0623181 0.0746575 0.1184811 0.0975020 0.0957222 0.0537543 0.1007926 0.0859749 0.0606233 0.1160701 0.0476305 0.1061211 0.0525397 0.0735522 0.0945144 0.0991380 0.1012325 0.0927421 0.0770100 0.1565136 0.0678932 0.0871833 0.0792464 0.0804093 
S0196sl       0.1000944 0.0811222 0.0000000 0.0929892 0.0743271 0.0614195 0.0902497 0.0934181 0.0751651 0.0758033 0.0800147 0.1092456 0.0818036 0.0944058 0.1077543 0.0913152 0.0834990 0.0841242 0.0749583 0.0905219 0.0699033 0.0577490 0.0544807 0.0866646 0.0646839 0.0923472 0.0454291 0.0875035 0.0742580 0.0919110 0.0921931 0.0692099 0.0932738 0.0955801 0.0796220 0.0679718 0.0699189 0.0993871 0.0863424 0.0973065 0.0708929 0.0506668 0.0591108 0.0912564 0.1889540 0.0749714 0.0915125 0.1019457 0.0598765 0.0570699 0.0465692 0.0550569 0.0318361 0.0386252 0.0937202 0.0677793 0.0852175 0.0889941 0.0842381 0.0768412 0.0613956 0.1033991 0.0861142 0.0893240 0.0769586 0.0704462 0.1136320 0.0601544 0.1861208 0.1033932 0.0912668 0.0862669 0.1009236 0.0970112 0.1792896 0.0339632 0.2025860 0.0791827 0.1020171 0.0761065 0.0963346 0.0641243 0.0888206 0.1801639 0.0625444 0.0727809 0.0703578 0.0849339 0.0892006 0.0895103 0.0914315 0.0789794 0.0988510 0.0709511 0.0763831 0.0928844 0.0591473 0.0903879 0.0780210 0.0741650 0.0590281 0.0575676 0.0602968 0.0827722 0.0592380 0.0857745 0.0737755 0.0704598 0.0992093 0.0705469 0.0410114 0.1239748 0.0581408 0.0799855 0.0614292 0.0865684 0.0706143 0.0635729 0.1050880 0.0624955 0.0950795 0.0660708 0.0688414 0.0854643 0.0816207 0.0880921 0.0793060 0.0618815 0.1548691 0.0405208 0.0769200 0.0781900 0.0603556 
S0278         0.1569587 0.1113486 0.0929892 0.0000000 0.0972906 0.0825215 0.1170180 0.0517334 0.0963032 0.1108532 0.1045718 0.0581495 0.1150431 0.1156900 0.0570818 0.1114687 0.0532078 0.1160336 0.1258486 0.1096017 0.0941969 0.0778671 0.0762130 0.0640839 0.1026147 0.0544443 0.0916501 0.1053942 0.0720996 0.1107918 0.0723893 0.0796039 0.1120009 0.1278037 0.0415403 0.0872223 0.0937682 0.0485741 0.0603138 0.0878908 0.0928351 0.0911143 0.0955694 0.1124871 0.1777359 0.0981582 0.1155631 0.1019075 0.0834419 0.0999534 0.0925811 0.0775444 0.0839192 0.0897750 0.1111288 0.0953442 0.0664303 0.1182560 0.0820603 0.0607609 0.0806556 0.0750727 0.1010295 0.0948778 0.0864042 0.0915755 0.1070372 0.1028362 0.1646086 0.1057783 0.1145711 0.1181201 0.1185111 0.1133054 0.1768562 0.0866449 0.1886608 0.0740936 0.1071257 0.1092212 0.1185851 0.0915094 0.1123425 0.1727581 0.0826653 0.0867154 0.0882616 0.0525073 0.0856113 0.0846335 0.1103709 0.0587942 0.0602950 0.0981042 0.1062724 0.1125887 0.0778788 0.1174636 0.1086038 0.0923146 0.0817807 0.0789480 0.0947094 0.0991591 0.0876062 0.0764114 0.0978185 0.0935079 0.0608660 0.0870212 0.0898821 0.0742233 0.1009781 0.0745530 0.0808931 0.1051637 0.0946776 0.0883115 0.0597125 0.0900071 0.0663651 0.0824115 0.0847800 0.1016362 0.1081120 0.0856418 0.0969775 0.0795108 0.1464659 0.0736513 0.0930886 0.0898704 0.0841727 
S0281         0.1437515 0.0768178 0.0743271 0.0972906 0.0000000 0.0726522 0.0934460 0.0974286 0.0744965 0.1066046 0.0882038 0.1142760 0.0913157 0.0940287 0.1039459 0.0861375 0.0886298 0.0845160 0.0832512 0.0857337 0.0850868 0.0696121 0.0621761 0.1024378 0.0688878 0.0962162 0.0476274 0.0943834 0.0906788 0.0869132 0.0930823 0.0583162 0.0909917 0.1008898 0.0788652 0.0749895 0.0821166 0.0962058 0.0901736 0.1004372 0.0736991 0.0783614 0.0405863 0.0905500 0.1744393 0.0837871 0.0915597 0.0971346 0.0713565 0.0749138 0.0494045 0.0636693 0.0479946 0.0514052 0.0954127 0.0440277 0.0933378 0.0905605 0.0885150 0.0813816 0.0662667 0.0997436 0.0831129 0.0850244 0.0632820 0.0719602 0.1040623 0.0581748 0.1594881 0.1041936 0.0913201 0.0984432 0.0994202 0.0958525 0.1707385 0.0514723 0.1869008 0.0973527 0.0889844 0.0793297 0.0955123 0.0695556 0.0908636 0.1738259 0.0724657 0.0805853 0.0819340 0.0906361 0.0922294 0.0900092 0.0855272 0.0902245 0.1059811 0.0802040 0.0860140 0.0898607 0.0658343 0.0891059 0.0849532 0.0738745 0.0735053 0.0665804 0.0706589 0.0797386 0.0711338 0.0881750 0.0761909 0.0728208 0.1113273 0.0749641 0.0532468 0.1091225 0.0593051 0.0762012 0.0717471 0.0874635 0.0694817 0.0771313 0.1066580 0.0710123 0.1020305 0.0722210 0.0717043 0.0843620 0.0826153 0.0908180 0.0812188 0.0659107 0.1413537 0.0484716 0.0718493 0.0874195 0.0693234 
S0282         0.1519297 0.0528124 0.0614195 0.0825215 0.0726522 0.0000000 0.0970136 0.0810101 0.0702496 0.0408500 0.0509994 0.0927085 0.0898884 0.0968610 0.0835755 0.0898020 0.0735391 0.0884635 0.0878759 0.0893438 0.0707465 0.0201535 0.0154457 0.0834331 0.0764526 0.0767411 0.0593322 0.0771659 0.0966961 0.0912936 0.0850258 0.0635590 0.0701349 0.1002442 0.0662696 0.0307841 0.0338901 0.0794133 0.0747720 0.0939065 0.0555446 0.0196561 0.0755819 0.0868811 0.1553851 0.0724694 0.0898738 0.0868610 0.0233012 0.0782440 0.0593162 0.0153424 0.0540386 0.0582920 0.0882719 0.0762917 0.0777689 0.0884840 0.0886059 0.0676646 0.0658252 0.0950227 0.0795191 0.0848407 0.0733231 0.0696068 0.0720097 0.0767197 0.1294564 0.0889015 0.0871164 0.0997490 0.1010835 0.1003478 0.1513810 0.0565602 0.1705071 0.0736703 0.0940566 0.0782771 0.0918573 0.0466809 0.0850702 0.1529097 0.0193553 0.0350550 0.0696629 0.0737004 0.0922114 0.0893488 0.0879533 0.0740602 0.0856290 0.0770716 0.0842911 0.0922335 0.0186035 0.0910119 0.0787576 0.0686919 0.0217673 0.0204352 0.0357914 0.0759807 0.0439257 0.0786336 0.0709507 0.0676851 0.1009427 0.0318879 0.0612721 0.0988233 0.0768613 0.0766710 0.0186157 0.0808056 0.0687398 0.0281603 0.0877037 0.0326326 0.0861509 0.0240833 0.0535501 0.0790956 0.0792863 0.0850945 0.0770180 0.0637023 0.1372803 0.0470156 0.0690186 0.0633654 0.0670221 
S0288         0.1519618 0.1072341 0.0902497 0.1170180 0.0934460 0.0970136 0.0000000 0.1120494 0.0871582 0.1119758 0.1062354 0.1276670 0.0207687 0.0574062 0.1259947 0.0261837 0.1021647 0.1043606 0.1068974 0.0262848 0.1072726 0.0920279 0.0861983 0.1165404 0.0955050 0.1060438 0.0864289 0.1116595 0.0838816 0.0180937 0.1042263 0.0805179 0.1133494 0.0755500 0.0937466 0.1019593 0.0849031 0.1151607 0.1098588 0.1088012 0.0911376 0.0862591 0.0912260 0.0255518 0.1809572 0.1000270 0.0269910 0.1042069 0.0948054 0.0804241 0.0864289 0.0886443 0.0818938 0.0855412 0.1119328 0.0929981 0.1133343 0.0584518 0.1033436 0.1041187 0.0774479 0.0996834 0.0495448 0.1028148 0.0901049 0.0938362 0.1341049 0.1018866 0.1560520 0.1152842 0.0591002 0.0684891 0.1213977 0.1216092 0.1755331 0.0846602 0.1852260 0.0974923 0.1179556 0.1049324 0.0647235 0.0951542 0.1069081 0.1845993 0.0980577 0.1058613 0.0821575 0.1023674 0.1071013 0.1051296 0.0245802 0.1046154 0.1150749 0.0599401 0.0108982 0.0229680 0.0891531 0.0586237 0.1054692 0.0871519 0.0961453 0.0882436 0.0926299 0.0952338 0.0975567 0.1002184 0.0908970 0.0823110 0.1109525 0.0974683 0.0879103 0.1310158 0.1017587 0.0940678 0.0963736 0.1009277 0.0912983 0.0988784 0.1204909 0.0915986 0.1217323 0.0977473 0.0929290 0.1068074 0.1011245 0.1057092 0.0937965 0.0772643 0.1681977 0.0657984 0.0863085 0.1087954 0.0816947 
S0289         0.1661421 0.1030053 0.0934181 0.0517334 0.0974286 0.0810101 0.1120494 0.0000000 0.0935599 0.1124901 0.0977282 0.0575123 0.1086473 0.1103627 0.0500168 0.1065880 0.0488839 0.1110550 0.1125918 0.1047281 0.0914072 0.0754043 0.0708658 0.0585096 0.1027586 0.0484076 0.0879187 0.1019171 0.0680856 0.1070138 0.0648200 0.0766969 0.1095444 0.1181547 0.0371979 0.0857294 0.0911909 0.0487427 0.0569114 0.0839404 0.0888950 0.0895432 0.0945600 0.1062036 0.1740294 0.0938462 0.1041920 0.1010682 0.0809678 0.0913216 0.0908275 0.0760301 0.0821774 0.0880227 0.1105099 0.0934608 0.0611048 0.1132667 0.0791504 0.0505813 0.0856439 0.0593266 0.0977954 0.1014191 0.0795389 0.0857284 0.1007146 0.1051408 0.1588848 0.1045085 0.1075690 0.1127728 0.1123793 0.1113692 0.1689795 0.0849111 0.1844149 0.0763169 0.1094916 0.1019778 0.1115413 0.0848751 0.1002512 0.1628126 0.0782753 0.0891498 0.0885262 0.0454363 0.0807495 0.0826808 0.1064958 0.0563884 0.0542479 0.0942041 0.1019639 0.1066831 0.0774948 0.1128034 0.0993856 0.0905254 0.0793126 0.0753418 0.0813507 0.0977352 0.0851286 0.0747085 0.0931028 0.0887950 0.0580635 0.0864698 0.0871470 0.0666464 0.1063768 0.0682655 0.0785345 0.1030888 0.0899036 0.0877856 0.0575023 0.0843364 0.0580453 0.0837876 0.0859410 0.0935551 0.1045515 0.0856020 0.0947698 0.0816097 0.1544104 0.0709896 0.0881607 0.0935175 0.0872841 
S0292         0.1680584 0.0865469 0.0751651 0.0963032 0.0744965 0.0702496 0.0871582 0.0935599 0.0000000 0.0982615 0.0810513 0.1051326 0.0862374 0.0849905 0.1039114 0.0842329 0.0797366 0.0602756 0.0754432 0.0817754 0.0795935 0.0665673 0.0629762 0.0937083 0.0738504 0.0871812 0.0691002 0.0867298 0.0923355 0.0837180 0.0913241 0.0563259 0.0842268 0.0899278 0.0767910 0.0775164 0.0777891 0.0959091 0.0831190 0.0913260 0.0724856 0.0683931 0.0726677 0.0843230 0.1667809 0.0771405 0.0843443 0.0847562 0.0701246 0.0710794 0.0709585 0.0625715 0.0627673 0.0673074 0.0874104 0.0802506 0.0832143 0.0857324 0.0854637 0.0782781 0.0496846 0.1008632 0.0717205 0.0775876 0.0608642 0.0637496 0.1013647 0.0831044 0.1477649 0.0952013 0.0844272 0.0940579 0.0915366 0.0875308 0.1630814 0.0653435 0.1781357 0.0837588 0.0915545 0.0593739 0.0892033 0.0692602 0.0424612 0.1660668 0.0721747 0.0808524 0.0544273 0.0807358 0.0879825 0.0837367 0.0804199 0.0784862 0.0952048 0.0729297 0.0812389 0.0836709 0.0676853 0.0831005 0.0647363 0.0108011 0.0694332 0.0653455 0.0696317 0.0385295 0.0713194 0.0824623 0.0130756 0.0147482 0.1091334 0.0745765 0.0702284 0.1066532 0.0851964 0.0776226 0.0714665 0.0437417 0.0521269 0.0738795 0.0942870 0.0716517 0.0958666 0.0710069 0.0686117 0.0609698 0.0614219 0.0867028 0.0632654 0.0484554 0.1511977 0.0474979 0.0541342 0.0794875 0.0526372 
S0293         0.2067568 0.0838296 0.0758033 0.1108532 0.1066046 0.0408500 0.1119758 0.1124901 0.0982615 0.0000000 0.0786473 0.1208565 0.1131437 0.1267362 0.1120668 0.1240787 0.1067914 0.1145663 0.0983779 0.1194454 0.0995607 0.0409235 0.0411383 0.1084919 0.1044019 0.1073206 0.0941850 0.1119713 0.0970715 0.1215446 0.1127944 0.0994637 0.1065150 0.1327667 0.0979682 0.0609651 0.0506145 0.1108411 0.1020704 0.1253287 0.0885972 0.0341152 0.1063139 0.1233618 0.1960346 0.1022879 0.1241884 0.1111596 0.0478801 0.1048438 0.0961893 0.0408444 0.0863642 0.0909598 0.1291376 0.1080459 0.1084688 0.1253934 0.1183922 0.0972356 0.0951874 0.1318411 0.1136389 0.1207822 0.1130008 0.1063790 0.1089989 0.1118669 0.1763333 0.1161894 0.1193833 0.1268059 0.1404145 0.1374301 0.1883708 0.0890740 0.2089457 0.1233754 0.1326407 0.1089659 0.1245821 0.0777969 0.1203524 0.1865202 0.0453650 0.0618660 0.1038016 0.1020592 0.1234939 0.1181134 0.1199059 0.1033882 0.1125665 0.1024921 0.0984353 0.1232905 0.0446005 0.1273562 0.1110294 0.1008760 0.0426903 0.0460437 0.0670642 0.1067988 0.0757344 0.1128362 0.1020654 0.0976931 0.1249602 0.0575804 0.0934005 0.1261822 0.1110207 0.1111165 0.0446299 0.1135386 0.0968989 0.0523283 0.1245826 0.0602679 0.1173945 0.0504886 0.0835769 0.1115410 0.1052155 0.1177731 0.1155422 0.0931338 0.1736633 0.0747343 0.0962766 0.0913633 0.0967878 
S0294         0.1839267 0.0696255 0.0800147 0.1045718 0.0882038 0.0509994 0.1062354 0.0977282 0.0810513 0.0786473 0.0000000 0.1143392 0.1020282 0.1046751 0.1038316 0.0986664 0.0879481 0.0999403 0.0899902 0.0981955 0.0865223 0.0473823 0.0406113 0.1010449 0.0930452 0.0902166 0.0737679 0.0880426 0.0897774 0.1022292 0.0931427 0.0788415 0.0830702 0.1067074 0.0857943 0.0548201 0.0603071 0.0941430 0.0942684 0.1036010 0.0643350 0.0521871 0.0900212 0.0999069 0.1740554 0.0814317 0.1007560 0.0937617 0.0447069 0.0939107 0.0756455 0.0428964 0.0700573 0.0757325 0.1072800 0.0908670 0.0910129 0.0983467 0.1015977 0.0829931 0.0767959 0.1178335 0.0885156 0.1027306 0.0880956 0.0879556 0.0667330 0.0930371 0.1563171 0.0930328 0.0949844 0.1128028 0.1134652 0.1170083 0.1688296 0.0718287 0.1874806 0.0954171 0.1118870 0.0896473 0.0988396 0.0557636 0.1010957 0.1727823 0.0491309 0.0519090 0.0907792 0.0857127 0.1042161 0.0980507 0.0977344 0.0874259 0.1013286 0.0834160 0.0950303 0.1031963 0.0466386 0.0978801 0.0861324 0.0824394 0.0491645 0.0444369 0.0525074 0.0924902 0.0566520 0.0997605 0.0857619 0.0765796 0.1171471 0.0495090 0.0787242 0.1126433 0.0951948 0.0934410 0.0475322 0.0971191 0.0827580 0.0507960 0.1104155 0.0457317 0.0978543 0.0489876 0.0669100 0.0855290 0.0930224 0.1030412 0.0944886 0.0736193 0.1502943 0.0668348 0.0840704 0.0731688 0.0802537 
S0299         0.1682534 0.1210759 0.1092456 0.0581495 0.1142760 0.0927085 0.1276670 0.0575123 0.1051326 0.1208565 0.1143392 0.0000000 0.1225282 0.1212036 0.0642463 0.1203009 0.0602926 0.1325518 0.1403392 0.1207325 0.1053525 0.0900017 0.0872600 0.0704597 0.1131819 0.0661569 0.1046029 0.1181553 0.0769595 0.1240885 0.0781766 0.0948549 0.1200489 0.1354080 0.0477804 0.1000859 0.1051356 0.0576883 0.0723761 0.0975364 0.1038701 0.0990338 0.1111664 0.1200467 0.1787346 0.1048308 0.1209714 0.1178650 0.0948970 0.1100604 0.1077528 0.0896093 0.1005971 0.1058333 0.1215421 0.1098131 0.0767138 0.1299580 0.0932349 0.0660999 0.0990934 0.0607717 0.1111120 0.1156750 0.1048935 0.1072211 0.1146873 0.1156963 0.1587703 0.1177387 0.1271647 0.1273109 0.1281079 0.1270104 0.1769883 0.1035360 0.1855772 0.0728532 0.1221562 0.1224618 0.1303097 0.0990862 0.1200887 0.1691551 0.0941043 0.1004988 0.1044041 0.0631071 0.0948876 0.0928478 0.1223169 0.0696439 0.0655225 0.1064864 0.1189127 0.1202095 0.0923082 0.1267035 0.1209625 0.1044449 0.0941801 0.0892485 0.1056145 0.1099589 0.0973091 0.0875597 0.1066877 0.1025918 0.0655366 0.0975677 0.1070235 0.0811795 0.1159479 0.0844277 0.0922145 0.1146133 0.1030877 0.1000787 0.0611394 0.1019039 0.0710431 0.0958276 0.0992097 0.1170182 0.1179626 0.0959279 0.1120317 0.0959496 0.1525148 0.0851623 0.1066933 0.1030833 0.1019513 
S0303         0.1567879 0.1073708 0.0818036 0.1150431 0.0913157 0.0898884 0.0207687 0.1086473 0.0862374 0.1131437 0.1020282 0.1225282 0.0000000 0.0492994 0.1228555 0.0196566 0.0980522 0.1023750 0.1078605 0.0213919 0.1061092 0.0879651 0.0831665 0.1113435 0.0923324 0.1066227 0.0835907 0.1125941 0.0912866 0.0180945 0.1013126 0.0785288 0.1098911 0.0622935 0.0960318 0.0966172 0.0980814 0.1105814 0.1044696 0.1019896 0.0847038 0.0917192 0.0882048 0.0101154 0.1858759 0.0978263 0.0084593 0.1034435 0.0907197 0.0876492 0.0816303 0.0846251 0.0771829 0.0826600 0.1086007 0.0890634 0.1068615 0.0494344 0.0996899 0.0965477 0.0773891 0.1075397 0.0421226 0.1029167 0.0899635 0.0910116 0.1325528 0.1040761 0.1585350 0.1113507 0.0510678 0.0620854 0.1142754 0.1152626 0.1778334 0.0808249 0.1950690 0.0922778 0.1144207 0.0995290 0.0565774 0.0943102 0.1080789 0.1850252 0.0939329 0.1016774 0.0831647 0.1028422 0.1034141 0.1045681 0.0196895 0.0972687 0.1106067 0.0506218 0.0189684 0.0213579 0.0882157 0.0523418 0.1024415 0.0841344 0.0920388 0.0861950 0.0894736 0.0951697 0.0923933 0.0917250 0.0899673 0.0834303 0.1170395 0.0955583 0.0860194 0.1287250 0.1048946 0.0915200 0.0922518 0.0977527 0.0913616 0.0947524 0.1162892 0.0894022 0.1136912 0.0936361 0.0894797 0.1019370 0.0979778 0.1023780 0.0878042 0.0772051 0.1610531 0.0619236 0.0862972 0.1032951 0.0816325 
S0308         0.1622862 0.1034635 0.0944058 0.1156900 0.0940287 0.0968610 0.0574062 0.1103627 0.0849905 0.1267362 0.1046751 0.1212036 0.0492994 0.0000000 0.1210265 0.0499606 0.0977185 0.1048377 0.1109728 0.0494755 0.1014417 0.0916488 0.0849106 0.1151594 0.0947334 0.1126201 0.0850605 0.1089318 0.0981476 0.0475847 0.1048066 0.0772505 0.1135347 0.0611639 0.0960270 0.1004370 0.0977367 0.1157684 0.1084530 0.1079726 0.0928236 0.0964502 0.0863795 0.0487902 0.1879309 0.0959674 0.0517991 0.1065693 0.0904980 0.0856942 0.0908756 0.0883555 0.0806613 0.0860850 0.1102396 0.0891581 0.1130349 0.0495386 0.1071456 0.0985955 0.0751575 0.1009932 0.0479075 0.1021547 0.0883192 0.0895695 0.1260746 0.0987245 0.1621522 0.1187569 0.0484574 0.0602811 0.1182448 0.1143434 0.1847448 0.0842678 0.1975802 0.0967720 0.1141946 0.1000533 0.0520600 0.0947220 0.1024582 0.1890456 0.0943776 0.1032928 0.0881256 0.1046705 0.1108766 0.1120481 0.0482496 0.1031263 0.1170760 0.0504650 0.0545050 0.0501851 0.0909022 0.0497851 0.1023652 0.0829909 0.0957083 0.0879660 0.0923011 0.0969260 0.0911409 0.1078131 0.0906526 0.0822247 0.1235680 0.0971999 0.0874674 0.1327916 0.0996143 0.1000292 0.0897443 0.0953942 0.0908892 0.0974078 0.1201400 0.0942502 0.1126789 0.0963075 0.0880804 0.1008321 0.0992860 0.1073872 0.0901308 0.0731218 0.1653319 0.0648344 0.0824736 0.1040861 0.0773743 
S0320         0.1648766 0.1049844 0.1077543 0.0570818 0.1039459 0.0835755 0.1259947 0.0500168 0.1039114 0.1120668 0.1038316 0.0642463 0.1228555 0.1210265 0.0000000 0.1201315 0.0618330 0.1187905 0.1174693 0.1161408 0.1007176 0.0789063 0.0772495 0.0670394 0.1166819 0.0572766 0.1042531 0.1043083 0.0761182 0.1180905 0.0735479 0.0809618 0.1200334 0.1257788 0.0353347 0.0863731 0.0959305 0.0550474 0.0640084 0.0901130 0.0972360 0.0922634 0.1029041 0.1190989 0.1738663 0.1072649 0.1200650 0.1143651 0.0844985 0.1030045 0.1072389 0.0785776 0.0952460 0.1032940 0.1169099 0.1027732 0.0742335 0.1196628 0.0851761 0.0658702 0.0937670 0.0739219 0.1113222 0.1070673 0.0855851 0.0951128 0.1082796 0.1106059 0.1658093 0.1194158 0.1222745 0.1212061 0.1260261 0.1207166 0.1717510 0.0990544 0.1872714 0.0854328 0.1128916 0.1104972 0.1242033 0.0929753 0.1204384 0.1719615 0.0827643 0.0898281 0.0961944 0.0484001 0.0887492 0.0897653 0.1210997 0.0645226 0.0589072 0.0993282 0.1179263 0.1166760 0.0810530 0.1181534 0.1064701 0.1019070 0.0828346 0.0820854 0.0962267 0.1048017 0.0922524 0.0806627 0.1033985 0.0978642 0.0595354 0.0900910 0.1024240 0.0753030 0.1118558 0.0775185 0.0820568 0.1126845 0.0952657 0.0864591 0.0611196 0.0944272 0.0734915 0.0844296 0.0950739 0.1012279 0.1117763 0.0937220 0.1031443 0.0887249 0.1526775 0.0817780 0.0964883 0.1018787 0.0922574 
S0322         0.1709281 0.1038292 0.0913152 0.1114687 0.0861375 0.0898020 0.0261837 0.1065880 0.0842329 0.1240787 0.0986664 0.1203009 0.0196566 0.0499606 0.1201315 0.0000000 0.0928801 0.1041339 0.1073534 0.0146003 0.0975579 0.0878969 0.0822518 0.1068881 0.0987002 0.1022493 0.0835657 0.1057696 0.0860976 0.0177579 0.1053709 0.0777117 0.1084422 0.0628133 0.0900686 0.0965115 0.0969024 0.1147227 0.1044631 0.1045532 0.0852685 0.0956870 0.0861529 0.0139043 0.1817622 0.0985999 0.0200725 0.1011452 0.0896381 0.0866352 0.0816463 0.0836827 0.0792002 0.0836392 0.1074707 0.0880036 0.1068580 0.0475331 0.0982825 0.0977393 0.0718234 0.1046643 0.0440839 0.0974222 0.0854553 0.0879574 0.1273679 0.0975604 0.1541567 0.1152826 0.0490573 0.0608420 0.1142905 0.1156094 0.1772536 0.0827774 0.1925238 0.0935646 0.1105904 0.0982798 0.0544207 0.0911521 0.1044019 0.1802830 0.0927758 0.0972760 0.0831739 0.1006591 0.1019534 0.1030887 0.0177354 0.0994168 0.1094849 0.0532090 0.0275384 0.0193884 0.0871859 0.0485454 0.1020214 0.0832630 0.0918857 0.0861839 0.0884768 0.0938893 0.0922194 0.0964577 0.0859305 0.0805180 0.1137149 0.0935498 0.0878914 0.1249011 0.0984476 0.0880970 0.0891608 0.0977422 0.0892054 0.0916337 0.1116658 0.0872238 0.1085966 0.0924889 0.0868435 0.1004641 0.0926933 0.0985745 0.0909505 0.0715962 0.1594254 0.0597109 0.0843394 0.0980122 0.0759028 
S0327         0.1588006 0.0958210 0.0834990 0.0532078 0.0886298 0.0735391 0.1021647 0.0488839 0.0797366 0.1067914 0.0879481 0.0602926 0.0980522 0.0977185 0.0618330 0.0928801 0.0000000 0.1011672 0.1046173 0.0931011 0.0907486 0.0698144 0.0661859 0.0556431 0.1044971 0.0536788 0.0834691 0.0999107 0.0619126 0.0973253 0.0633167 0.0728423 0.0987084 0.1072985 0.0386616 0.0800878 0.0835498 0.0411179 0.0503295 0.0782627 0.0823907 0.0793696 0.0883650 0.0947521 0.1718350 0.0854938 0.0958469 0.0975215 0.0725311 0.0885053 0.0844033 0.0685733 0.0757388 0.0815879 0.1081346 0.0922899 0.0582182 0.0960719 0.0735409 0.0579317 0.0694058 0.0523737 0.0848122 0.0931005 0.0745678 0.0831155 0.0923086 0.0976114 0.1546265 0.0942905 0.0946708 0.1001014 0.1110886 0.1122273 0.1709494 0.0784866 0.1828180 0.0636618 0.0976738 0.0915295 0.0984116 0.0775526 0.0989128 0.1685146 0.0736644 0.0816049 0.0789085 0.0425251 0.0771003 0.0771043 0.0958614 0.0499740 0.0607061 0.0862516 0.0981635 0.0960037 0.0719161 0.0942812 0.0899948 0.0788763 0.0737201 0.0697514 0.0739335 0.0854824 0.0736595 0.0685346 0.0793475 0.0760611 0.0649029 0.0779492 0.0846999 0.0716394 0.0978155 0.0667169 0.0738944 0.0902972 0.0811612 0.0802740 0.0537459 0.0759580 0.0586869 0.0762967 0.0795082 0.0822028 0.0918954 0.0780586 0.0867575 0.0681751 0.1528602 0.0624583 0.0805417 0.0867196 0.0729135 
S0335         0.1796240 0.1057817 0.0841242 0.1160336 0.0845160 0.0884635 0.1043606 0.1110550 0.0602756 0.1145663 0.0999403 0.1325518 0.1023750 0.1048377 0.1187905 0.1041339 0.1011672 0.0000000 0.0602115 0.1004609 0.0917749 0.0823776 0.0756509 0.1126026 0.0902255 0.1075305 0.0704820 0.1005966 0.1129805 0.1037006 0.1046281 0.0655154 0.0970886 0.1047636 0.1001132 0.0885122 0.0924917 0.1182427 0.1004040 0.1145344 0.0813796 0.0847304 0.0821767 0.1032595 0.1697646 0.0961987 0.1002101 0.0904195 0.0850959 0.0765473 0.0723344 0.0781338 0.0651923 0.0707820 0.1007806 0.0891706 0.1004219 0.0981003 0.1048315 0.1001039 0.0627585 0.1285281 0.0893629 0.0840676 0.0678332 0.0728555 0.1219323 0.0946561 0.1529079 0.1011720 0.0996984 0.1134062 0.1013422 0.1049478 0.1622234 0.0697646 0.1805751 0.0961274 0.1027384 0.0534875 0.1036025 0.0844292 0.0743774 0.1714242 0.0882345 0.0987752 0.0739213 0.0993954 0.1073904 0.1051569 0.0978706 0.0924879 0.1128251 0.0882989 0.1010106 0.1046824 0.0833452 0.0987416 0.0515038 0.0613882 0.0853875 0.0802104 0.0900859 0.0703924 0.0866555 0.0993451 0.0601021 0.0558991 0.1308461 0.0932183 0.0737224 0.1248522 0.0971702 0.0955918 0.0875441 0.0693392 0.0455725 0.0899790 0.1240803 0.0867470 0.1142543 0.0889243 0.0744337 0.0506817 0.0310363 0.1080783 0.0785218 0.0624516 0.1678062 0.0644163 0.0457835 0.0938074 0.0675590 
S0345         0.2443668 0.1007879 0.0749583 0.1258486 0.0832512 0.0878759 0.1068974 0.1125918 0.0754432 0.0983779 0.0899902 0.1403392 0.1078605 0.1109728 0.1174693 0.1073534 0.1046173 0.0602115 0.0000000 0.0986098 0.0931527 0.0819337 0.0750659 0.1188761 0.1048890 0.1172045 0.0805282 0.1020734 0.1046314 0.1108586 0.1118718 0.0721630 0.0938729 0.1148807 0.1097780 0.0955303 0.0760548 0.1149984 0.1110163 0.1220474 0.0869865 0.0877175 0.0923942 0.1073745 0.1676828 0.0980121 0.1064124 0.0936351 0.0859026 0.0778502 0.0832613 0.0747150 0.0737907 0.0791508 0.1098896 0.0956748 0.1199696 0.1092373 0.1138643 0.1063194 0.0708033 0.1362568 0.0965112 0.0820800 0.0704732 0.0791471 0.1277573 0.1006513 0.1566203 0.0932747 0.1059478 0.1203349 0.1107357 0.1073518 0.1637935 0.0750061 0.1736064 0.1253678 0.1018789 0.0564284 0.1115873 0.0867843 0.0957130 0.1657829 0.0858193 0.0937819 0.0862908 0.1155069 0.1195958 0.1118191 0.1073545 0.0954720 0.1261594 0.0997742 0.1001306 0.1121120 0.0817040 0.1116182 0.0282626 0.0785311 0.0862032 0.0800056 0.0869693 0.0849700 0.0839041 0.1060260 0.0753532 0.0717645 0.1376218 0.0955256 0.0804818 0.1151457 0.1037763 0.1062018 0.0862443 0.0879680 0.0432668 0.0829364 0.1328153 0.0865811 0.1248369 0.0883764 0.0855004 0.0245735 0.0584417 0.1163392 0.0856718 0.0667751 0.1597255 0.0636570 0.0449035 0.1052718 0.0709491 
S0355         0.1726508 0.1054840 0.0905219 0.1096017 0.0857337 0.0893438 0.0262848 0.1047281 0.0817754 0.1194454 0.0981955 0.1207325 0.0213919 0.0494755 0.1161408 0.0146003 0.0931011 0.1004609 0.0986098 0.0000000 0.0991539 0.0854740 0.0798273 0.1059870 0.0991837 0.0993925 0.0822172 0.1053733 0.0807161 0.0178508 0.0983695 0.0760480 0.1070378 0.0613892 0.0881659 0.0940684 0.0941310 0.1095486 0.1005276 0.1028081 0.0835510 0.0920740 0.0848030 0.0147164 0.1768917 0.0961546 0.0225829 0.0982053 0.0872196 0.0871691 0.0822172 0.0812705 0.0767824 0.0813457 0.1022684 0.0866611 0.1049247 0.0477556 0.0965452 0.0935466 0.0731876 0.1068965 0.0406163 0.0958192 0.0860159 0.0852461 0.1291131 0.0942583 0.1550257 0.1093740 0.0484205 0.0601806 0.1112835 0.1137001 0.1723331 0.0803642 0.1876023 0.1032490 0.1089806 0.0968616 0.0528276 0.0918241 0.1009337 0.1803236 0.0891167 0.0968469 0.0796931 0.0977780 0.1002191 0.1013508 0.0186237 0.0955489 0.1097216 0.0498711 0.0275476 0.0194902 0.0847567 0.0487743 0.1004258 0.0808062 0.0894593 0.0837312 0.0900056 0.0883264 0.0895574 0.0946042 0.0844590 0.0771072 0.1085175 0.0890276 0.0854689 0.1218003 0.0951479 0.0894978 0.0867306 0.0939870 0.0864710 0.0892136 0.1110038 0.0879368 0.1067304 0.0900711 0.0844222 0.1009072 0.0942210 0.0988862 0.0893522 0.0710581 0.1615693 0.0582514 0.0805369 0.0985743 0.0753848 
S0376         0.1692877 0.0878891 0.0699033 0.0941969 0.0850868 0.0707465 0.1072726 0.0914072 0.0795935 0.0995607 0.0865223 0.1053525 0.1061092 0.1014417 0.1007176 0.0975579 0.0907486 0.0917749 0.0931527 0.0991539 0.0000000 0.0687199 0.0615597 0.0979430 0.0956941 0.0894815 0.0794157 0.0396893 0.0895855 0.1032048 0.1016165 0.0747157 0.0841827 0.1106886 0.0725379 0.0777271 0.0829787 0.0992009 0.0942483 0.1051296 0.0649006 0.0783876 0.0861293 0.1008492 0.1681542 0.0886903 0.1037337 0.1009053 0.0667057 0.0906983 0.0813165 0.0629327 0.0719142 0.0775905 0.1067157 0.0889705 0.0942415 0.1012255 0.0934969 0.0858208 0.0720800 0.1074649 0.0895700 0.0977117 0.0768096 0.0832909 0.1059539 0.0914240 0.1526520 0.0998401 0.0999007 0.1068264 0.1146043 0.1118538 0.1641643 0.0755646 0.1812461 0.0971753 0.1108192 0.0866210 0.1037389 0.0727326 0.0966042 0.1583209 0.0714999 0.0792309 0.0788791 0.0886747 0.0981770 0.0952450 0.0996995 0.0913297 0.0982537 0.0885013 0.0973506 0.1021263 0.0688988 0.0964105 0.0880659 0.0766955 0.0725115 0.0687291 0.0769324 0.0813046 0.0697803 0.0943241 0.0802934 0.0759059 0.1146320 0.0770001 0.0786722 0.1099267 0.0915972 0.0851383 0.0689239 0.0869912 0.0757666 0.0722995 0.1060368 0.0700222 0.0925912 0.0712838 0.0676628 0.0896927 0.0858166 0.0963696 0.0917464 0.0689039 0.1609278 0.0649951 0.0779508 0.0484911 0.0742618 
S0400         0.1526664 0.0535982 0.0577490 0.0778671 0.0696121 0.0201535 0.0920279 0.0754043 0.0665673 0.0409235 0.0473823 0.0900017 0.0879651 0.0916488 0.0789063 0.0878969 0.0698144 0.0823776 0.0819337 0.0854740 0.0687199 0.0000000 0.0122811 0.0806337 0.0743289 0.0729027 0.0564855 0.0769674 0.0825877 0.0874083 0.0773859 0.0614832 0.0688562 0.0969537 0.0627615 0.0299821 0.0296398 0.0757049 0.0679604 0.0880147 0.0545157 0.0213703 0.0707034 0.0869076 0.1580358 0.0676513 0.0879670 0.0850603 0.0200711 0.0738427 0.0582703 0.0121994 0.0494784 0.0536917 0.0878123 0.0714172 0.0740804 0.0884862 0.0827957 0.0640460 0.0622132 0.0863396 0.0767098 0.0815180 0.0699250 0.0697254 0.0710202 0.0737030 0.1355100 0.0901476 0.0832759 0.0937319 0.0975203 0.0958090 0.1540316 0.0519782 0.1732692 0.0828801 0.0948921 0.0733515 0.0879828 0.0465953 0.0812496 0.1543642 0.0129889 0.0333321 0.0706370 0.0672487 0.0863787 0.0816067 0.0860533 0.0694564 0.0819654 0.0710813 0.0800461 0.0873689 0.0154079 0.0900376 0.0766858 0.0687439 0.0060148 0.0155852 0.0357307 0.0750873 0.0429796 0.0765916 0.0682071 0.0640112 0.0969222 0.0285203 0.0566127 0.0927976 0.0738382 0.0738437 0.0122472 0.0779335 0.0648597 0.0232695 0.0849722 0.0360104 0.0794339 0.0208478 0.0517816 0.0750997 0.0753232 0.0813033 0.0760968 0.0600742 0.1396288 0.0444277 0.0669804 0.0623223 0.0633865 
S0405         0.1435612 0.0467188 0.0544807 0.0762130 0.0621761 0.0154457 0.0861983 0.0708658 0.0629762 0.0411383 0.0406113 0.0872600 0.0831665 0.0849106 0.0772495 0.0822518 0.0661859 0.0756509 0.0750659 0.0798273 0.0615597 0.0122811 0.0000000 0.0760527 0.0710321 0.0704921 0.0503590 0.0696245 0.0838990 0.0817410 0.0747744 0.0548611 0.0655383 0.0872231 0.0610764 0.0243415 0.0238420 0.0730818 0.0674067 0.0830936 0.0474410 0.0180481 0.0652633 0.0812178 0.1504015 0.0632839 0.0823167 0.0811515 0.0145967 0.0684237 0.0521208 0.0075958 0.0434353 0.0476147 0.0831673 0.0659843 0.0667659 0.0808609 0.0791797 0.0612235 0.0596798 0.0903253 0.0689136 0.0761423 0.0625687 0.0642825 0.0633401 0.0663515 0.1262110 0.0880409 0.0776698 0.0879779 0.0879762 0.0892393 0.1463677 0.0459178 0.1654231 0.0764780 0.0873201 0.0678366 0.0823317 0.0388960 0.0755888 0.1490362 0.0130603 0.0260023 0.0671540 0.0646731 0.0827577 0.0788301 0.0785029 0.0639340 0.0782398 0.0617021 0.0739880 0.0826662 0.0091645 0.0823442 0.0674256 0.0621237 0.0138556 0.0108392 0.0298923 0.0694414 0.0379745 0.0713213 0.0646153 0.0604260 0.0930634 0.0212362 0.0504715 0.0890301 0.0664714 0.0711431 0.0123141 0.0741561 0.0612695 0.0193436 0.0854847 0.0294308 0.0775766 0.0153688 0.0484340 0.0677112 0.0705696 0.0766246 0.0705504 0.0575240 0.1332936 0.0393468 0.0614180 0.0534585 0.0608387 
S0407sl       0.1912884 0.1091404 0.0866646 0.0640839 0.1024378 0.0834331 0.1165404 0.0585096 0.0937083 0.1084919 0.1010449 0.0704597 0.1113435 0.1151594 0.0670394 0.1068881 0.0556431 0.1126026 0.1188761 0.1059870 0.0979430 0.0806337 0.0760527 0.0000000 0.1167546 0.0544616 0.0954036 0.1114860 0.0658145 0.1103458 0.0718841 0.0865037 0.1161951 0.1187579 0.0501942 0.0868847 0.0979067 0.0542755 0.0655145 0.0803658 0.0956939 0.0809795 0.0993898 0.1088864 0.1907203 0.1027391 0.1098769 0.1050187 0.0823384 0.1079613 0.0973978 0.0773974 0.0875557 0.0935028 0.1124275 0.1013390 0.0715795 0.1114318 0.0774270 0.0681664 0.0860340 0.0860709 0.0991508 0.1043480 0.0892235 0.0954952 0.1188330 0.1071848 0.1753434 0.1029020 0.1078889 0.1151023 0.1259638 0.1155613 0.1899881 0.0913505 0.2007227 0.0823837 0.1093868 0.1066326 0.1129007 0.0913453 0.1158774 0.1863967 0.0825666 0.0916441 0.0899464 0.0466357 0.0809641 0.0790240 0.1067307 0.0659114 0.0666191 0.0957750 0.1105205 0.1089678 0.0798794 0.1097705 0.1036927 0.0917070 0.0826473 0.0788120 0.0878667 0.1044750 0.0915998 0.0794552 0.0944079 0.0889350 0.0732429 0.0834439 0.0966860 0.0543685 0.1105200 0.0697479 0.0828423 0.1056953 0.0900735 0.0872695 0.0736897 0.0847565 0.0706508 0.0813515 0.0903799 0.1008561 0.1051372 0.0810110 0.0996999 0.0829653 0.1614797 0.0712406 0.0925042 0.0980669 0.0906284 
S0412sl       0.1520945 0.0940925 0.0646839 0.1026147 0.0688878 0.0764526 0.0955050 0.1027586 0.0738504 0.1044019 0.0930452 0.1131819 0.0923324 0.0947334 0.1166819 0.0987002 0.1044971 0.0902255 0.1048890 0.0991837 0.0956941 0.0743289 0.0710321 0.1167546 0.0000000 0.1032102 0.0658923 0.0984530 0.1064804 0.0989942 0.0942486 0.0714759 0.0785915 0.1181960 0.0934421 0.0849031 0.0754819 0.1141077 0.1004076 0.1121108 0.0669022 0.0809805 0.0802087 0.0995937 0.1779057 0.0682637 0.0963492 0.0987965 0.0776733 0.0818057 0.0681149 0.0717645 0.0662483 0.0692128 0.0933696 0.0799803 0.0978296 0.0964644 0.1027648 0.0861487 0.0771512 0.1202063 0.0854568 0.0900921 0.0787892 0.0792309 0.1022711 0.0899204 0.1544558 0.0878589 0.0973945 0.1026053 0.1050764 0.0915403 0.1714421 0.0694087 0.1813000 0.0924954 0.0985944 0.0880372 0.1008578 0.0765492 0.0915409 0.1747043 0.0789044 0.0936513 0.0806046 0.0992564 0.1061271 0.1013461 0.0990623 0.0982897 0.1098674 0.0915751 0.1014216 0.0978226 0.0719458 0.0944017 0.0976784 0.0755042 0.0778533 0.0725354 0.0828138 0.0832437 0.0778236 0.0943682 0.0770463 0.0753238 0.1268122 0.0856906 0.0716610 0.1301595 0.0911936 0.0858498 0.0767633 0.0821310 0.0729069 0.0833955 0.1120381 0.0803007 0.1057775 0.0785971 0.0732090 0.0916963 0.0885769 0.1032681 0.0754580 0.0757343 0.1355673 0.0628148 0.0731169 0.1047361 0.0795455 
S0417         0.1567005 0.0988615 0.0923472 0.0544443 0.0962162 0.0767411 0.1060438 0.0484076 0.0871812 0.1073206 0.0902166 0.0661569 0.1066227 0.1126201 0.0572766 0.1022493 0.0536788 0.1075305 0.1172045 0.0993925 0.0894815 0.0729027 0.0704921 0.0544616 0.1032102 0.0000000 0.0905729 0.1002364 0.0660382 0.1016087 0.0688481 0.0745732 0.1019171 0.1191749 0.0417514 0.0803809 0.0896368 0.0606904 0.0595651 0.0832767 0.0831700 0.0839397 0.0965717 0.1021463 0.1770110 0.0921163 0.1042427 0.1026479 0.0748173 0.0943958 0.0915015 0.0718439 0.0839374 0.0887027 0.1050945 0.0973870 0.0638390 0.1044265 0.0746990 0.0609208 0.0777102 0.0718517 0.0939135 0.0917773 0.0798666 0.0865334 0.1097175 0.0997142 0.1545155 0.1054404 0.1019316 0.1072760 0.1153849 0.1080707 0.1709157 0.0855947 0.1863406 0.0731490 0.1018819 0.0978639 0.1058453 0.0818032 0.1028610 0.1714964 0.0759244 0.0825870 0.0824459 0.0334641 0.0763051 0.0753489 0.1011488 0.0610709 0.0596718 0.0879157 0.0982581 0.1035973 0.0732868 0.1040928 0.0971737 0.0874622 0.0748503 0.0711247 0.0803659 0.0935508 0.0841976 0.0728525 0.0847993 0.0835914 0.0534176 0.0811252 0.0908319 0.0670200 0.1019274 0.0680764 0.0752215 0.1004188 0.0865298 0.0814827 0.0638424 0.0784839 0.0696451 0.0783075 0.0789869 0.0933798 0.0968852 0.0800423 0.0924962 0.0735673 0.1559037 0.0679455 0.0920143 0.0905635 0.0792401 
S0419         0.1483365 0.0767629 0.0454291 0.0916501 0.0476274 0.0593322 0.0864289 0.0879187 0.0691002 0.0941850 0.0737679 0.1046029 0.0835907 0.0850605 0.1042531 0.0835657 0.0834691 0.0704820 0.0805282 0.0822172 0.0794157 0.0564855 0.0503590 0.0954036 0.0658923 0.0905729 0.0000000 0.0850974 0.0931586 0.0811592 0.0858562 0.0575050 0.0806811 0.0953644 0.0771593 0.0660335 0.0708474 0.0925332 0.0808295 0.0947137 0.0609740 0.0658454 0.0437480 0.0817144 0.1673840 0.0733092 0.0836973 0.0901787 0.0599574 0.0681249 0.0060197 0.0527135 0.0099065 0.0121902 0.0872966 0.0481591 0.0809182 0.0800670 0.0896706 0.0760066 0.0602199 0.0961429 0.0790767 0.0813167 0.0686247 0.0678679 0.0950174 0.0482387 0.1417314 0.0971169 0.0787806 0.0851475 0.0964291 0.0937200 0.1634721 0.0129819 0.1804938 0.0802044 0.0906312 0.0706078 0.0836465 0.0665170 0.0799919 0.1654575 0.0591863 0.0714388 0.0713682 0.0823533 0.0932834 0.0881559 0.0779486 0.0791218 0.0978976 0.0736677 0.0803228 0.0839845 0.0566444 0.0834561 0.0752115 0.0693159 0.0601344 0.0536267 0.0601906 0.0759366 0.0603388 0.0828630 0.0679503 0.0637699 0.1149718 0.0662324 0.0161507 0.1047899 0.0493524 0.0786758 0.0584728 0.0786065 0.0560821 0.0626525 0.1033921 0.0604081 0.0909186 0.0626005 0.0620747 0.0736946 0.0680916 0.0878086 0.0710026 0.0590744 0.1362374 0.0433314 0.0553485 0.0816842 0.0613768 
S0427         0.1722767 0.0968788 0.0875035 0.1053942 0.0943834 0.0771659 0.1116595 0.1019171 0.0867298 0.1119713 0.0880426 0.1181553 0.1125941 0.1089318 0.1043083 0.1057696 0.0999107 0.1005966 0.1020734 0.1053733 0.0396893 0.0769674 0.0696245 0.1114860 0.0984530 0.1002364 0.0850974 0.0000000 0.0973994 0.1084920 0.1058497 0.0793098 0.0935215 0.1172639 0.0842347 0.0843503 0.0828742 0.1075233 0.1045508 0.1116385 0.0693460 0.0830771 0.1001105 0.1050834 0.1767816 0.0861755 0.1100660 0.1090696 0.0758429 0.0932918 0.0880106 0.0709811 0.0802986 0.0861409 0.1128743 0.1009742 0.1034027 0.1055255 0.1009450 0.0924085 0.0781316 0.1192015 0.0936279 0.1036216 0.0851911 0.0875302 0.1109914 0.1004946 0.1629323 0.1068064 0.1050848 0.1142668 0.1194977 0.1156553 0.1714988 0.0840429 0.1903590 0.1052656 0.1160287 0.0975474 0.1079962 0.0752258 0.1011981 0.1727815 0.0769775 0.0824098 0.0873432 0.0983180 0.1045211 0.1051003 0.1059050 0.1014457 0.1115248 0.0911257 0.1052418 0.1084118 0.0762169 0.1009298 0.0999848 0.0848444 0.0808761 0.0759887 0.0834860 0.0919171 0.0729331 0.1008762 0.0927217 0.0850451 0.1208590 0.0783016 0.0862957 0.1216493 0.1006885 0.0962758 0.0743601 0.0926057 0.0833623 0.0815842 0.1152906 0.0802884 0.1032454 0.0795815 0.0750400 0.1005072 0.0976665 0.1100671 0.1019119 0.0749433 0.1624335 0.0741836 0.0867741 0.0494770 0.0825819 
S0428sl       0.1601762 0.1077655 0.0742580 0.0720996 0.0906788 0.0966961 0.0838816 0.0680856 0.0923355 0.0970715 0.0897774 0.0769595 0.0912866 0.0981476 0.0761182 0.0860976 0.0619126 0.1129805 0.1046314 0.0807161 0.0895855 0.0825877 0.0838990 0.0658145 0.1064804 0.0660382 0.0931586 0.0973994 0.0000000 0.0932097 0.0682375 0.0774183 0.1089160 0.1147123 0.0594953 0.1007148 0.0830490 0.0585244 0.0657774 0.0797249 0.0921026 0.0915454 0.1024980 0.0898823 0.1622466 0.0990062 0.0973100 0.0871056 0.0895481 0.0952310 0.0945646 0.0837806 0.0863223 0.0919104 0.1196628 0.1069204 0.0710696 0.1016378 0.0747801 0.0643908 0.0807154 0.0549821 0.0897384 0.1028096 0.0835912 0.0861978 0.1151353 0.1064162 0.1419970 0.0822734 0.0956991 0.1093413 0.1225378 0.1197927 0.1568131 0.0888880 0.1659186 0.0724170 0.1141957 0.1023781 0.1009217 0.0924539 0.1178974 0.1604608 0.0938728 0.0941430 0.0938928 0.0610983 0.0798810 0.0756609 0.0887094 0.0584348 0.0786459 0.0887739 0.0826484 0.0903460 0.0839437 0.0974741 0.1067776 0.0923505 0.0866960 0.0808225 0.0838901 0.1037485 0.0898860 0.0673731 0.0946468 0.0901054 0.0915657 0.0866725 0.0931053 0.0619583 0.1052628 0.0658840 0.0867280 0.1079685 0.0920230 0.0878642 0.0905723 0.0887242 0.0701591 0.0962093 0.0879493 0.0979697 0.1033421 0.0808070 0.1046448 0.0760071 0.1432106 0.0695763 0.0921164 0.1028202 0.0842314 
