136
PAFTOL_019361 0.0000000 0.2163724 0.2968102 0.2274520 0.2329784 0.2099693 0.2413453 0.1957894 0.1925193 0.2156484 0.2471780 0.2262599 0.2538754 0.2622765 0.2151660 0.2558888 0.2097309 0.1973268 0.2553374 0.2537982 0.2358771 0.2125941 0.2077850 0.2101021 0.2179480 0.1995732 0.1830835 0.2233312 0.2318096 0.2519194 0.2028100 0.1976578 0.2392607 0.2518749 0.2661672 0.2154673 0.2211026 0.2415517 0.2111627 0.1899773 0.2191846 0.2019138 0.2260877 0.1998704 0.2538792 0.2347873 0.2164699 0.2556771 0.2172890 0.2251030 0.2095050 0.1910154 0.2141722 0.1910172 0.1909232 0.2061308 0.1975254 0.1919891 0.2573574 0.2093852 0.1962979 0.1829712 0.2301714 0.2396724 0.2071111 0.2065595 0.2084472 0.2108082 0.2930700 0.2329253 0.2235232 0.2124627 0.2237638 0.2797463 0.2151585 0.2149489 0.2364294 0.1863494 0.2316730 0.2315243 0.2127157 0.1996481 0.2455246 0.2078836 0.2053937 0.2279989 0.2148483 0.2153550 0.2009539 0.1890825 0.2102585 0.2099689 0.2628883 0.1995523 0.2226163 0.2461797 0.2529175 0.2382101 0.2157989 0.2603214 0.2304784 0.1835267 0.2226196 0.1987690 0.2077793 0.2015283 0.2153245 0.2046803 0.1910609 0.1966826 0.2163413 0.2060808 0.1871649 0.2238460 0.2328673 0.2245211 0.2102288 0.2338972 0.1881578 0.1918530 0.2206947 0.2190180 0.2048208 0.1989291 0.2025277 0.2077101 0.2243381 0.1992209 0.2153533 0.2041611 0.1811685 0.2478646 0.1875549 0.1973652 0.2289320 0.1950476 
S0055         0.2163724 0.0000000 0.0890603 0.0827188 0.0736220 0.0385153 0.0851772 0.0765034 0.0624711 0.0412645 0.0702353 0.0856559 0.0881144 0.0979663 0.0786141 0.0877784 0.0781233 0.0652537 0.0672467 0.0857395 0.0637405 0.0378493 0.0394015 0.0761541 0.0634284 0.0701164 0.0543144 0.0587566 0.0884430 0.0891741 0.0671968 0.0625446 0.0637041 0.0948437 0.0971772 0.0839319 0.0426004 0.0394713 0.0826699 0.0651210 0.0803958 0.0540314 0.0439769 0.0671169 0.0886596 0.1486387 0.0572528 0.0906405 0.0773598 0.0415836 0.0671532 0.0550363 0.0391745 0.0559256 0.0555912 0.0708360 0.0662558 0.0579146 0.0936048 0.0727265 0.0579511 0.0546989 0.0757552 0.0824841 0.0672462 0.0683965 0.0648353 0.0681941 0.0856079 0.0835627 0.1445324 0.0727602 0.0820223 0.1107903 0.0737922 0.0760134 0.1500288 0.0540345 0.1459322 0.0685820 0.0747785 0.0693703 0.0922084 0.0551747 0.0674960 0.1490491 0.0385503 0.0457205 0.0629702 0.0634015 0.0713214 0.0724890 0.0889885 0.0694541 0.0821191 0.0892882 0.0882704 0.0786963 0.0386432 0.1009134 0.0676468 0.0562151 0.0402126 0.0351258 0.0242779 0.0755538 0.0455455 0.0665552 0.0646694 0.0596968 0.0789405 0.0446843 0.0555767 0.0853743 0.0823899 0.0809470 0.0383517 0.0842348 0.0658377 0.0604807 0.0403188 0.0885628 0.0371588 0.0660733 0.0369277 0.0449385 0.0624218 0.0623775 0.0806544 0.0650425 0.0597629 0.0912982 0.0538908 0.0607999 0.0557326 0.0597743 
S0196sl       0.2968102 0.0890603 0.0000000 0.1184827 0.0827857 0.0950673 0.1241447 0.1040946 0.0922599 0.0821163 0.1340010 0.1198057 0.1148366 0.1269527 0.1021193 0.1160771 0.1092683 0.1049599 0.1346548 0.1142541 0.1060497 0.0932328 0.0951368 0.1088432 0.1149862 0.0969386 0.0346178 0.1007854 0.0972720 0.1198040 0.0905107 0.0955087 0.1149074 0.1287609 0.1188025 0.1170412 0.1021192 0.0954227 0.1172794 0.0987647 0.1169557 0.1031485 0.0914274 0.0634142 0.1113084 0.1828554 0.1147601 0.1216542 0.1026572 0.0973242 0.0969768 0.0327798 0.0923044 0.0322885 0.0309177 0.1006152 0.0651287 0.0881852 0.1261324 0.1094869 0.0842651 0.0869321 0.0886373 0.1102296 0.0993520 0.1031544 0.0970328 0.0970806 0.1517983 0.0896423 0.1765841 0.1093832 0.1140144 0.1341966 0.1091899 0.1098172 0.1782503 0.0355376 0.1788252 0.0959241 0.1073073 0.1040577 0.1208224 0.1104084 0.1009828 0.1819811 0.0924791 0.1082282 0.0988649 0.0939041 0.1083140 0.1088575 0.1184663 0.1034700 0.1156768 0.1207654 0.1168747 0.1147893 0.0924144 0.1293137 0.1049595 0.0937892 0.0969460 0.0930644 0.0927116 0.1071729 0.1033852 0.0984822 0.1011778 0.0914219 0.1079447 0.1073141 0.0331870 0.0998071 0.0889346 0.1145362 0.0937294 0.0922943 0.0993041 0.0970745 0.1001636 0.1231962 0.0903088 0.0969018 0.0925907 0.0945221 0.0995776 0.0969466 0.1184483 0.1016491 0.0931079 0.1396151 0.0669549 0.0991360 0.1033681 0.0909780 
S0278         0.2274520 0.0827188 0.1184827 0.0000000 0.0944437 0.0855289 0.1056321 0.0430433 0.0811055 0.0843721 0.1129653 0.0405299 0.1100198 0.1176379 0.0459370 0.1100508 0.0507310 0.0857447 0.0892281 0.1073484 0.0964997 0.0834221 0.0843264 0.0508265 0.0947514 0.0459133 0.0782602 0.0937459 0.0688023 0.1080825 0.0534420 0.0807516 0.1011512 0.1157943 0.1226814 0.0451678 0.0922718 0.0870821 0.0461833 0.0577435 0.0749793 0.0911753 0.0878979 0.0885430 0.1100356 0.1506737 0.0934259 0.1137643 0.0962499 0.0885909 0.0841113 0.0776961 0.0853194 0.0779388 0.0775782 0.0895083 0.0888684 0.0528331 0.1156606 0.0669595 0.0540974 0.0799951 0.0421727 0.1048182 0.0847185 0.0876589 0.0843155 0.0854695 0.1317035 0.1063258 0.1506935 0.1016125 0.1021501 0.1264837 0.0871084 0.0885242 0.1535302 0.0786443 0.1477012 0.0699199 0.0904217 0.0895740 0.1129767 0.0954666 0.0866580 0.1518231 0.0845976 0.0942726 0.0865950 0.0360050 0.0662886 0.0671480 0.1106556 0.0627123 0.0292932 0.1057809 0.1098600 0.0967243 0.0840255 0.1219594 0.0888958 0.0769901 0.0871233 0.0789731 0.0796285 0.0894346 0.0854914 0.0628419 0.0841579 0.0785386 0.0490887 0.0933693 0.0767906 0.0572182 0.1055509 0.0746372 0.0856494 0.1089857 0.0853593 0.0798989 0.0889738 0.0441648 0.0809342 0.0648727 0.0840568 0.0862699 0.0860048 0.0843840 0.0719446 0.0844348 0.0840855 0.1091094 0.0723262 0.0824373 0.0915046 0.0824134 
S0281         0.2329784 0.0736220 0.0827857 0.0944437 0.0000000 0.0803414 0.0971961 0.0840330 0.0800838 0.0820561 0.1092376 0.0957056 0.0956228 0.1022512 0.0839062 0.0946144 0.0919103 0.0868090 0.0994167 0.0940736 0.0946477 0.0793749 0.0797658 0.0926280 0.0996213 0.0841821 0.0506047 0.0866751 0.1028371 0.0953624 0.0848208 0.0772046 0.1001509 0.1016383 0.1054179 0.0971843 0.0844135 0.0833446 0.0967786 0.0817729 0.0981641 0.0936245 0.0859347 0.0517233 0.0970528 0.1524436 0.0947836 0.0994784 0.0974376 0.0821057 0.0816754 0.0496618 0.0803489 0.0509760 0.0502537 0.0869540 0.0512374 0.0776304 0.1027025 0.0915768 0.0752879 0.0778736 0.0921625 0.0925105 0.0847001 0.0838258 0.0810003 0.0832883 0.1155434 0.0622011 0.1496313 0.0970965 0.0923911 0.1156646 0.0861101 0.0866901 0.1541581 0.0510115 0.1499274 0.0845841 0.0906966 0.0874837 0.0996782 0.0875112 0.0868263 0.1538808 0.0788214 0.0860907 0.0862802 0.0760512 0.0904199 0.0902750 0.0950438 0.0846687 0.0903504 0.0980854 0.0956746 0.0887942 0.0791940 0.1101197 0.0922413 0.0778446 0.0811795 0.0779698 0.0739598 0.0932228 0.0817782 0.0847728 0.0852101 0.0766024 0.0897578 0.0843452 0.0509021 0.1001918 0.0613639 0.0993569 0.0790428 0.0645011 0.0843746 0.0833425 0.0831844 0.0995114 0.0788591 0.0862138 0.0762308 0.0840107 0.0863829 0.0810597 0.0972103 0.0873916 0.0828157 0.1017380 0.0605275 0.0826023 0.0881176 0.0812741 
S0282         0.2099693 0.0385153 0.0950673 0.0855289 0.0803414 0.0000000 0.0861291 0.0776741 0.0669624 0.0117639 0.0527557 0.0875642 0.0894986 0.0996134 0.0823057 0.0882690 0.0816968 0.0739168 0.0702482 0.0867037 0.0661134 0.0097294 0.0166549 0.0808854 0.0692467 0.0736052 0.0571763 0.0618379 0.0920021 0.0895879 0.0713687 0.0675708 0.0714849 0.1019662 0.1010030 0.0861889 0.0268647 0.0135284 0.0849684 0.0693237 0.0844907 0.0613286 0.0143591 0.0716095 0.0903607 0.1462993 0.0670022 0.0934757 0.0776496 0.0231860 0.0739641 0.0581412 0.0097615 0.0600610 0.0587057 0.0762624 0.0722252 0.0628684 0.0962185 0.0777186 0.0608787 0.0605457 0.0765374 0.0861293 0.0733898 0.0746899 0.0702483 0.0733457 0.0728803 0.0851053 0.1391647 0.0762137 0.0853904 0.1134674 0.0796841 0.0826222 0.1474399 0.0584623 0.1422671 0.0706105 0.0821120 0.0724738 0.0943901 0.0494000 0.0744660 0.1456901 0.0100219 0.0424060 0.0665823 0.0668590 0.0762229 0.0764360 0.0899697 0.0721884 0.0859965 0.0941732 0.0893153 0.0779739 0.0154902 0.1031672 0.0771654 0.0619872 0.0125179 0.0138627 0.0407582 0.0777601 0.0421362 0.0696718 0.0696589 0.0641805 0.0828794 0.0407362 0.0583541 0.0895982 0.0832244 0.0851013 0.0105962 0.0864927 0.0719900 0.0636798 0.0228863 0.0928276 0.0343988 0.0698748 0.0340536 0.0541913 0.0701800 0.0702611 0.0851641 0.0696376 0.0640802 0.0987378 0.0572930 0.0642672 0.0590318 0.0653820 
S0288         0.2413453 0.0851772 0.1241447 0.1056321 0.0971961 0.0861291 0.0000000 0.0992764 0.0894596 0.0884243 0.1111129 0.0994787 0.0095746 0.0602866 0.0980801 0.0098775 0.1028844 0.0962491 0.1113193 0.0077332 0.0988764 0.0842239 0.0847851 0.1001630 0.0997848 0.0978295 0.0825068 0.0926428 0.1053548 0.0049874 0.0951228 0.0838153 0.1068134 0.0704771 0.0163911 0.1050469 0.0907823 0.0832336 0.1025473 0.0918790 0.1066709 0.0970462 0.0935659 0.0918290 0.0101779 0.1603222 0.0983551 0.0102986 0.1090984 0.0907599 0.0916711 0.0806589 0.0868532 0.0829879 0.0818155 0.0957269 0.0924954 0.0837252 0.0640653 0.1038943 0.0806928 0.0898303 0.1000764 0.0213385 0.0896756 0.0976936 0.0891730 0.0919996 0.1282385 0.0906428 0.1624083 0.1052657 0.0638484 0.0828605 0.0930079 0.0962659 0.1625014 0.0818370 0.1584668 0.0928088 0.1018505 0.0960608 0.0629232 0.0974081 0.0926626 0.1615130 0.0872495 0.0904777 0.0964999 0.0876719 0.1034645 0.1004587 0.0101485 0.0973220 0.1044357 0.0636994 0.0114414 0.0050940 0.0835448 0.0661089 0.1000152 0.0850123 0.0863561 0.0824006 0.0863546 0.1021882 0.0915479 0.0942055 0.0932006 0.0879578 0.0982851 0.0890310 0.0805068 0.1145062 0.0917022 0.1069758 0.0860133 0.0887033 0.0948272 0.0937200 0.0898617 0.1084589 0.0837255 0.0926935 0.0825916 0.0905047 0.0927665 0.0964252 0.1083443 0.0931348 0.0946591 0.1191697 0.0796743 0.0903546 0.0929401 0.0943361 
S0289         0.1957894 0.0765034 0.1040946 0.0430433 0.0840330 0.0776741 0.0992764 0.0000000 0.0706843 0.0774769 0.1048331 0.0509651 0.1011162 0.1092515 0.0324895 0.1019788 0.0521700 0.0776869 0.0766134 0.0995741 0.0928866 0.0772758 0.0763273 0.0386362 0.0846752 0.0340379 0.0654697 0.0853337 0.0627101 0.1012128 0.0439268 0.0692256 0.0867493 0.1069696 0.1139150 0.0523434 0.0831664 0.0783380 0.0509369 0.0469276 0.0687027 0.0794359 0.0820074 0.0770698 0.1017685 0.1424737 0.0843383 0.1059480 0.0862621 0.0814420 0.0737503 0.0648228 0.0778246 0.0658219 0.0654041 0.0766116 0.0769619 0.0396958 0.1058554 0.0633461 0.0424247 0.0683239 0.0375794 0.0939596 0.0751794 0.0753408 0.0717370 0.0755214 0.1234742 0.0964759 0.1416929 0.0886961 0.0964851 0.1249513 0.0758474 0.0757509 0.1455766 0.0664235 0.1403053 0.0550008 0.0823402 0.0788556 0.1044574 0.0869716 0.0762292 0.1435977 0.0785138 0.0851995 0.0751470 0.0286131 0.0626599 0.0618230 0.1023275 0.0503689 0.0460160 0.1015124 0.1017183 0.0913181 0.0758613 0.1103286 0.0793768 0.0666108 0.0809000 0.0727690 0.0735414 0.0810002 0.0782469 0.0510882 0.0732450 0.0678420 0.0360686 0.0858257 0.0640730 0.0440511 0.0944969 0.0691833 0.0790358 0.0979340 0.0745101 0.0699134 0.0804265 0.0536114 0.0757322 0.0507950 0.0750222 0.0749330 0.0760350 0.0758042 0.0675011 0.0720744 0.0723869 0.0986544 0.0596890 0.0715353 0.0838839 0.0697639 
S0292         0.1925193 0.0624711 0.0922599 0.0811055 0.0800838 0.0669624 0.0894596 0.0706843 0.0000000 0.0682769 0.0991317 0.0835816 0.0938269 0.1038389 0.0686754 0.0918975 0.0744409 0.0518408 0.0601700 0.0918790 0.0812863 0.0658629 0.0663269 0.0752969 0.0775830 0.0677241 0.0595458 0.0745170 0.0867783 0.0938598 0.0634976 0.0563741 0.0780530 0.1013237 0.1033233 0.0818100 0.0700137 0.0692546 0.0799317 0.0607064 0.0752451 0.0707196 0.0710894 0.0707500 0.0958402 0.1512561 0.0758077 0.0967359 0.0791558 0.0690229 0.0616151 0.0586281 0.0670909 0.0605311 0.0594758 0.0647921 0.0717028 0.0556846 0.0977207 0.0705890 0.0541140 0.0488927 0.0721414 0.0887492 0.0610260 0.0656374 0.0593479 0.0632487 0.1105718 0.0877685 0.1486894 0.0812899 0.0886853 0.1179321 0.0657033 0.0675857 0.1539401 0.0591566 0.1488390 0.0665937 0.0689542 0.0505602 0.0979279 0.0815302 0.0355495 0.1521990 0.0653131 0.0729378 0.0474707 0.0610367 0.0681927 0.0686972 0.0945230 0.0663907 0.0811757 0.0951634 0.0933004 0.0819202 0.0660882 0.1049727 0.0519911 0.0152733 0.0683595 0.0625306 0.0621002 0.0393620 0.0729894 0.0647663 0.0201975 0.0129916 0.0755988 0.0708657 0.0584950 0.0797718 0.0876887 0.0771035 0.0668159 0.0901212 0.0323325 0.0407496 0.0690189 0.0860192 0.0641896 0.0640888 0.0642040 0.0641391 0.0506364 0.0481438 0.0771903 0.0595978 0.0551670 0.0976154 0.0543326 0.0412861 0.0730866 0.0524137 
S0293         0.2156484 0.0412645 0.0821163 0.0843721 0.0820561 0.0117639 0.0884243 0.0774769 0.0682769 0.0000000 0.0534119 0.0885671 0.0927750 0.1014526 0.0817023 0.0903450 0.0848406 0.0758339 0.0683050 0.0893654 0.0655587 0.0117500 0.0183973 0.0812795 0.0695466 0.0764647 0.0591104 0.0635905 0.0826696 0.0917178 0.0725457 0.0687651 0.0703391 0.1035763 0.0980030 0.0889873 0.0296604 0.0151030 0.0865029 0.0710554 0.0865909 0.0623836 0.0121681 0.0745687 0.0919958 0.1459960 0.0648555 0.0957512 0.0786830 0.0249004 0.0748924 0.0601132 0.0120684 0.0621551 0.0618164 0.0781336 0.0755943 0.0647701 0.0981333 0.0791589 0.0614462 0.0615155 0.0770100 0.0880674 0.0746323 0.0756219 0.0710344 0.0742392 0.0763246 0.0881096 0.1386950 0.0782943 0.0866377 0.1124200 0.0821535 0.0837615 0.1466954 0.0608170 0.1430690 0.0696804 0.0832179 0.0731967 0.0961915 0.0510405 0.0760221 0.1462974 0.0123389 0.0437865 0.0679798 0.0675368 0.0779868 0.0786034 0.0925660 0.0743518 0.0857868 0.0953135 0.0918230 0.0802194 0.0171949 0.1047325 0.0781694 0.0634569 0.0143834 0.0151933 0.0429564 0.0794920 0.0431398 0.0703300 0.0721249 0.0647063 0.0833904 0.0426662 0.0607109 0.0862732 0.0868943 0.0879484 0.0126643 0.0895239 0.0735225 0.0658296 0.0242953 0.0937994 0.0366595 0.0712306 0.0365933 0.0552956 0.0708444 0.0712833 0.0873079 0.0689258 0.0654608 0.1002825 0.0599099 0.0657520 0.0593816 0.0649086 
S0294         0.2471780 0.0702353 0.1340010 0.1129653 0.1092376 0.0527557 0.1111129 0.1048331 0.0991317 0.0534119 0.0000000 0.1124201 0.1160078 0.1277665 0.1104274 0.1139213 0.1096559 0.1037292 0.1051332 0.1124808 0.0971887 0.0507453 0.0518385 0.1078222 0.0990526 0.1029613 0.0898379 0.0931491 0.1236329 0.1180549 0.1015209 0.0992280 0.1050620 0.1248260 0.1275936 0.1118121 0.0592218 0.0513143 0.1138447 0.0981684 0.1133192 0.0886344 0.0574005 0.1040588 0.1143157 0.1736858 0.0942988 0.1195425 0.1091681 0.0561207 0.1069356 0.0912404 0.0521897 0.0923151 0.0923119 0.1091846 0.1043501 0.0902874 0.1233831 0.1041823 0.0893240 0.0903273 0.1048960 0.1133936 0.1068130 0.1058893 0.1044417 0.1050466 0.0766811 0.1200936 0.1680652 0.1021704 0.1150676 0.1399108 0.1112774 0.1149423 0.1750066 0.0909221 0.1701795 0.1039266 0.1150629 0.1030274 0.1239211 0.0779332 0.1058763 0.1716865 0.0520773 0.0759801 0.0963063 0.0958561 0.1038171 0.1040816 0.1162935 0.1024193 0.1122149 0.1215776 0.1126256 0.1042223 0.0513461 0.1305798 0.1071416 0.0911993 0.0546753 0.0485471 0.0740358 0.1097143 0.0711507 0.1011220 0.1013690 0.0945557 0.1074800 0.0722154 0.0907360 0.1179751 0.1188948 0.1133871 0.0535861 0.1201927 0.1027401 0.0957996 0.0558628 0.1176024 0.0679762 0.0988782 0.0674855 0.0857693 0.1017148 0.0986142 0.1116306 0.1024796 0.0953972 0.1274859 0.0918448 0.0953539 0.0890306 0.0966564 
S0299         0.2262599 0.0856559 0.1198057 0.0405299 0.0957056 0.0875642 0.0994787 0.0509651 0.0835816 0.0885671 0.1124201 0.0000000 0.1036442 0.1106138 0.0530322 0.1021191 0.0512290 0.0855371 0.0926855 0.0997263 0.0990687 0.0846179 0.0869071 0.0572001 0.0979904 0.0551276 0.0797344 0.0970686 0.0717608 0.1012607 0.0564751 0.0806568 0.1052426 0.1110115 0.1141305 0.0467507 0.0947181 0.0893336 0.0463660 0.0606343 0.0804467 0.0916326 0.0920529 0.0877444 0.1034267 0.1607547 0.0966961 0.1064498 0.0954120 0.0921149 0.0853889 0.0783269 0.0883150 0.0807926 0.0799765 0.0911364 0.0883534 0.0556591 0.1086470 0.0718952 0.0542769 0.0824710 0.0509665 0.0992822 0.0864001 0.0868891 0.0843128 0.0869634 0.1340889 0.1091514 0.1565272 0.1026288 0.0932159 0.1275690 0.0898936 0.0889739 0.1621785 0.0810795 0.1571514 0.0720282 0.0930052 0.0889284 0.1072310 0.1009991 0.0882666 0.1609860 0.0872716 0.0958232 0.0865097 0.0452971 0.0718930 0.0733745 0.1018877 0.0656983 0.0454826 0.1014901 0.1006795 0.0896072 0.0858241 0.1181947 0.0872554 0.0801549 0.0902695 0.0819629 0.0817603 0.0923612 0.0908263 0.0654229 0.0856540 0.0804981 0.0538846 0.0959768 0.0796129 0.0623755 0.1087383 0.0804534 0.0870732 0.1110153 0.0883374 0.0801186 0.0907282 0.0519777 0.0856419 0.0655133 0.0867110 0.0884515 0.0847865 0.0810114 0.0804932 0.0860296 0.0864181 0.1084659 0.0732512 0.0814003 0.0960190 0.0831309 
S0303         0.2538754 0.0881144 0.1148366 0.1100198 0.0956228 0.0894986 0.0095746 0.1011162 0.0938269 0.0927750 0.1160078 0.1036442 0.0000000 0.0565562 0.0988097 0.0073065 0.1050542 0.0975227 0.1073023 0.0073315 0.0994656 0.0883745 0.0884899 0.1041149 0.1042581 0.1006326 0.0803582 0.0963112 0.1091521 0.0086608 0.0990310 0.0882413 0.1136580 0.0671650 0.0107602 0.1053867 0.0936738 0.0883516 0.1067219 0.0929947 0.1103995 0.0996460 0.0959127 0.0895925 0.0087175 0.1623166 0.1054159 0.0069339 0.1097078 0.0959684 0.0961587 0.0790219 0.0905322 0.0807930 0.0800811 0.1001773 0.0899078 0.0881293 0.0600630 0.1070444 0.0834674 0.0914710 0.1024113 0.0229474 0.0961897 0.0990795 0.0930887 0.0955151 0.1303666 0.0880975 0.1625529 0.1014151 0.0607539 0.0830518 0.0971966 0.1014317 0.1653385 0.0807866 0.1595529 0.0910760 0.1050517 0.0992446 0.0604134 0.0990536 0.0965536 0.1618502 0.0897134 0.0957312 0.0978198 0.0922909 0.1054346 0.1026523 0.0084608 0.0994685 0.1071751 0.0590139 0.0063422 0.0083165 0.0877918 0.0609983 0.1029169 0.0904792 0.0917987 0.0850175 0.0888546 0.1051365 0.0962759 0.0977084 0.0968557 0.0917775 0.0993960 0.0932844 0.0796347 0.1161249 0.0895130 0.1087544 0.0895011 0.0889417 0.0965310 0.0943015 0.0943715 0.1140422 0.0875416 0.0959548 0.0880334 0.0933015 0.0978162 0.0987024 0.1116108 0.0973620 0.0959315 0.1185447 0.0813821 0.0927421 0.0965228 0.0963436 
S0308         0.2622765 0.0979663 0.1269527 0.1176379 0.1022512 0.0996134 0.0602866 0.1092515 0.1038389 0.1014526 0.1277665 0.1106138 0.0565562 0.0000000 0.1100480 0.0545071 0.1122792 0.1100502 0.1120956 0.0522292 0.1032973 0.0973637 0.0953800 0.1076856 0.1130942 0.1091718 0.0900415 0.0991172 0.1198402 0.0545564 0.1065061 0.0949865 0.1149393 0.0709092 0.0590630 0.1151404 0.1027700 0.0982241 0.1133657 0.1003284 0.1193717 0.1072530 0.1052854 0.0977148 0.0533476 0.1761483 0.1154528 0.0579701 0.1149682 0.1042922 0.1026463 0.0895960 0.1006736 0.0910970 0.0907350 0.1064274 0.0991821 0.0937335 0.0656749 0.1160765 0.0912458 0.0960646 0.1095016 0.0510340 0.1037920 0.1065194 0.1012509 0.1022508 0.1361856 0.0942093 0.1739499 0.1156107 0.0686091 0.0842747 0.1035028 0.1066243 0.1766373 0.0907617 0.1716817 0.0962580 0.1109915 0.1069372 0.0642843 0.1080413 0.1078664 0.1763494 0.0994875 0.1039129 0.1067817 0.0990307 0.1152276 0.1118925 0.0570377 0.1070319 0.1131934 0.0649157 0.0567192 0.0551957 0.0957498 0.0693851 0.1130604 0.0999255 0.1020967 0.0936626 0.0974274 0.1131957 0.1030163 0.1064860 0.1063488 0.1009767 0.1065951 0.1002978 0.0902414 0.1181928 0.0949226 0.1201250 0.0996463 0.0941756 0.1085625 0.0978738 0.1020182 0.1189587 0.0921948 0.1048889 0.0944091 0.0999361 0.1081020 0.1062545 0.1194418 0.1056848 0.1000841 0.1328219 0.0896955 0.0985787 0.0973543 0.0969541 
S0320         0.2151660 0.0786141 0.1021193 0.0459370 0.0839062 0.0823057 0.0980801 0.0324895 0.0686754 0.0817023 0.1104274 0.0530322 0.0988097 0.1100480 0.0000000 0.1012496 0.0528800 0.0813148 0.0839883 0.0988184 0.0962355 0.0795297 0.0800860 0.0409805 0.0931845 0.0355626 0.0684564 0.0901401 0.0669714 0.1004026 0.0482020 0.0736325 0.0939583 0.1104525 0.1125354 0.0528986 0.0858036 0.0832002 0.0548082 0.0493963 0.0718961 0.0825699 0.0865540 0.0808909 0.1005837 0.1473875 0.0871180 0.1048298 0.0927995 0.0848171 0.0779253 0.0671761 0.0824660 0.0681434 0.0677199 0.0821131 0.0803510 0.0418257 0.1069908 0.0656903 0.0442894 0.0727876 0.0393097 0.0954804 0.0796506 0.0824431 0.0771787 0.0814125 0.1276631 0.0970161 0.1441760 0.0948089 0.0964050 0.1247844 0.0821677 0.0831880 0.1493385 0.0674549 0.1444425 0.0605774 0.0880803 0.0831441 0.1056589 0.0898352 0.0754189 0.1487765 0.0799198 0.0873480 0.0756412 0.0314570 0.0639962 0.0638353 0.1015307 0.0513194 0.0477004 0.1009829 0.1009304 0.0900545 0.0787615 0.1117400 0.0802787 0.0669456 0.0833627 0.0755841 0.0765946 0.0774423 0.0807859 0.0549301 0.0728924 0.0678893 0.0350080 0.0850059 0.0670438 0.0452192 0.0950381 0.0716121 0.0825660 0.1009613 0.0733676 0.0738593 0.0850879 0.0544732 0.0785642 0.0546007 0.0785677 0.0784788 0.0769236 0.0783654 0.0716838 0.0783682 0.0783121 0.0994293 0.0648682 0.0752527 0.0867254 0.0742342 
S0322         0.2558888 0.0877784 0.1160771 0.1100508 0.0946144 0.0882690 0.0098775 0.1019788 0.0918975 0.0903450 0.1139213 0.1021191 0.0073065 0.0545071 0.1012496 0.0000000 0.1058802 0.0978134 0.1036281 0.0075728 0.0965380 0.0857294 0.0876935 0.1038679 0.1024349 0.1015466 0.0800430 0.0945788 0.1078367 0.0091863 0.0983239 0.0860274 0.1109823 0.0663965 0.0117412 0.1053600 0.0928680 0.0845421 0.1059295 0.0933747 0.1100671 0.0995356 0.0936453 0.0891300 0.0086643 0.1597655 0.1039111 0.0069363 0.1074189 0.0943703 0.0953980 0.0794105 0.0882157 0.0811840 0.0804711 0.0971577 0.0898071 0.0873243 0.0592412 0.1074451 0.0845510 0.0883222 0.0973284 0.0220527 0.0941988 0.0983913 0.0912288 0.0935709 0.1258934 0.0876979 0.1602810 0.1008907 0.0595287 0.0816632 0.0943777 0.0963661 0.1627596 0.0812075 0.1565752 0.0849283 0.1015816 0.0969302 0.0592237 0.0974586 0.0957337 0.1589018 0.0881353 0.0941471 0.0942234 0.0926850 0.1062713 0.1038877 0.0062339 0.1003276 0.1064188 0.0592234 0.0077240 0.0095002 0.0863920 0.0598076 0.1025626 0.0878052 0.0898393 0.0831717 0.0878481 0.1032590 0.0940679 0.0963066 0.0949083 0.0890780 0.0992120 0.0905642 0.0792834 0.1145563 0.0888038 0.1105935 0.0879575 0.0888893 0.0960921 0.0919976 0.0924290 0.1126595 0.0856593 0.0959846 0.0869208 0.0918019 0.0951766 0.0975116 0.1107531 0.0948367 0.0927412 0.1142191 0.0792192 0.0900572 0.0936940 0.0920125 
S0327         0.2097309 0.0781233 0.1092683 0.0507310 0.0919103 0.0816968 0.1028844 0.0521700 0.0744409 0.0848406 0.1096559 0.0512290 0.1050542 0.1122792 0.0528800 0.1058802 0.0000000 0.0799043 0.0790027 0.1029226 0.0933903 0.0806389 0.0833069 0.0484567 0.0893887 0.0485282 0.0707079 0.0896795 0.0607107 0.1049199 0.0438739 0.0729307 0.0946339 0.1116075 0.1162075 0.0409639 0.0864081 0.0840903 0.0473383 0.0495828 0.0717741 0.0808345 0.0872119 0.0804905 0.1064450 0.1530107 0.0884143 0.1092025 0.0927799 0.0855823 0.0766805 0.0693941 0.0822072 0.0713883 0.0702813 0.0832727 0.0796922 0.0439555 0.1083570 0.0638725 0.0447334 0.0710210 0.0414175 0.0992539 0.0768371 0.0826279 0.0765608 0.0786947 0.1307946 0.1024650 0.1502427 0.0953763 0.0957887 0.1261846 0.0834162 0.0847968 0.1553486 0.0713204 0.1501888 0.0595848 0.0867951 0.0814695 0.1054699 0.0939247 0.0779398 0.1535361 0.0818246 0.0898196 0.0790653 0.0393895 0.0641484 0.0626471 0.1056922 0.0542966 0.0470530 0.1049934 0.1052824 0.0924014 0.0818963 0.1174382 0.0805546 0.0687289 0.0836343 0.0762895 0.0758774 0.0826272 0.0818855 0.0541406 0.0767733 0.0712117 0.0536106 0.0887882 0.0695978 0.0547630 0.1016878 0.0707575 0.0808060 0.1052331 0.0796352 0.0718153 0.0855106 0.0532672 0.0769311 0.0557233 0.0797171 0.0782119 0.0782125 0.0787777 0.0713549 0.0770729 0.0755566 0.1044782 0.0636802 0.0741958 0.0870664 0.0745830 
S0335         0.1973268 0.0652537 0.1049599 0.0857447 0.0868090 0.0739168 0.0962491 0.0776869 0.0518408 0.0758339 0.1037292 0.0855371 0.0975227 0.1100502 0.0813148 0.0978134 0.0799043 0.0000000 0.0476226 0.0958878 0.0815702 0.0727503 0.0736321 0.0773691 0.0809565 0.0749252 0.0670400 0.0789634 0.0864907 0.0994602 0.0713943 0.0585823 0.0813370 0.1031603 0.1085015 0.0868997 0.0744140 0.0743504 0.0837174 0.0641999 0.0829925 0.0731154 0.0785707 0.0755516 0.0977700 0.1545376 0.0780714 0.1014139 0.0837684 0.0740737 0.0631465 0.0654020 0.0729771 0.0673599 0.0669390 0.0658336 0.0751667 0.0568561 0.1064557 0.0787565 0.0604955 0.0543712 0.0798959 0.0941046 0.0621797 0.0652715 0.0608755 0.0644752 0.1172521 0.0919047 0.1496306 0.0847157 0.0907456 0.1212961 0.0683643 0.0695571 0.1541826 0.0662722 0.1510736 0.0740172 0.0678072 0.0444009 0.1029287 0.0858179 0.0592863 0.1553132 0.0722113 0.0756746 0.0487676 0.0653258 0.0780140 0.0757228 0.0995609 0.0701737 0.0863401 0.1003454 0.0974140 0.0858767 0.0716310 0.1133320 0.0421359 0.0492912 0.0735861 0.0684075 0.0644924 0.0613822 0.0771299 0.0692923 0.0533289 0.0489003 0.0795035 0.0758439 0.0652565 0.0879214 0.0918146 0.0842226 0.0727916 0.0937889 0.0553017 0.0356041 0.0723368 0.0914855 0.0677296 0.0684454 0.0679773 0.0659065 0.0395111 0.0201321 0.0857805 0.0607606 0.0594838 0.0978171 0.0594784 0.0359265 0.0778023 0.0566917 
S0345         0.2553374 0.0672467 0.1346548 0.0892281 0.0994167 0.0702482 0.1113193 0.0766134 0.0601700 0.0683050 0.1051332 0.0926855 0.1073023 0.1120956 0.0839883 0.1036281 0.0790027 0.0476226 0.0000000 0.1048724 0.0762463 0.0682759 0.0672147 0.0796443 0.0752470 0.0722414 0.0739137 0.0798571 0.0889585 0.1076667 0.0723959 0.0591343 0.0918958 0.1072566 0.1237152 0.0883130 0.0717044 0.0686065 0.0863240 0.0680953 0.0881106 0.0785617 0.0768891 0.0857052 0.1082951 0.1556785 0.0854527 0.1133204 0.0905985 0.0706864 0.0590260 0.0721687 0.0691155 0.0755367 0.0747754 0.0656043 0.0865962 0.0646011 0.1062066 0.0820547 0.0599359 0.0625304 0.0751501 0.0991345 0.0629804 0.0680434 0.0644348 0.0670953 0.1098887 0.1055794 0.1584894 0.0927161 0.1042040 0.1367382 0.0651336 0.0645728 0.1584715 0.0725292 0.1570948 0.0739712 0.0692868 0.0524176 0.1101586 0.0819038 0.0614045 0.1588356 0.0719194 0.0732103 0.0575085 0.0682880 0.0820505 0.0834215 0.1064336 0.0742533 0.0834209 0.1049556 0.1080650 0.0995023 0.0728129 0.1128879 0.0339544 0.0527709 0.0689641 0.0651424 0.0651913 0.0594398 0.0767090 0.0673666 0.0607235 0.0557117 0.0746906 0.0690631 0.0731974 0.0867758 0.1059202 0.0864106 0.0704044 0.1067758 0.0587443 0.0406002 0.0701357 0.0872887 0.0683595 0.0704473 0.0674311 0.0715347 0.0232432 0.0455795 0.0882098 0.0602304 0.0676876 0.1081824 0.0618415 0.0428534 0.0820620 0.0652201 
S0355         0.2537982 0.0857395 0.1142541 0.1073484 0.0940736 0.0867037 0.0077332 0.0995741 0.0918790 0.0893654 0.1124808 0.0997263 0.0073315 0.0522292 0.0988184 0.0075728 0.1029226 0.0958878 0.1048724 0.0000000 0.0972641 0.0841191 0.0863895 0.1001777 0.0998358 0.0994835 0.0799291 0.0900949 0.1079746 0.0064378 0.0954942 0.0848720 0.1083998 0.0632401 0.0123969 0.1040815 0.0908791 0.0853121 0.1033951 0.0893244 0.1074944 0.0960465 0.0923278 0.0890532 0.0067452 0.1580606 0.1006175 0.0085754 0.1028847 0.0923713 0.0938019 0.0785952 0.0873142 0.0803628 0.0796524 0.0981471 0.0889987 0.0828744 0.0569759 0.1041654 0.0811656 0.0894833 0.0982759 0.0197409 0.0935449 0.0973695 0.0904361 0.0919735 0.1260165 0.0857078 0.1585599 0.0971960 0.0580650 0.0791425 0.0958565 0.0985744 0.1606262 0.0803860 0.1549618 0.0854639 0.1038347 0.0956778 0.0566401 0.0939874 0.0960407 0.1586139 0.0872347 0.0914273 0.0953061 0.0895664 0.1033374 0.1002898 0.0090207 0.0962602 0.1053851 0.0568831 0.0085799 0.0058788 0.0840155 0.0578290 0.1017595 0.0880637 0.0889301 0.0810933 0.0853645 0.1028253 0.0923778 0.0949044 0.0948589 0.0897601 0.0978628 0.0889438 0.0792070 0.1089150 0.0871615 0.1070137 0.0866916 0.0868890 0.0951912 0.0912578 0.0907592 0.1112129 0.0829752 0.0923798 0.0842025 0.0913893 0.0961964 0.0956124 0.1082132 0.0947383 0.0938886 0.1155448 0.0780417 0.0896994 0.0917727 0.0935974 
S0376         0.2358771 0.0637405 0.1060497 0.0964997 0.0946477 0.0661134 0.0988764 0.0928866 0.0812863 0.0655587 0.0971887 0.0990687 0.0994656 0.1032973 0.0962355 0.0965380 0.0933903 0.0815702 0.0762463 0.0972641 0.0000000 0.0652984 0.0655424 0.0935866 0.0742692 0.0900949 0.0739275 0.0473170 0.1021339 0.0999797 0.0863582 0.0719546 0.0809897 0.1084957 0.1092148 0.1000116 0.0739580 0.0592222 0.0984072 0.0845331 0.0934581 0.0718085 0.0664542 0.0858834 0.0983209 0.1580121 0.0818806 0.1016266 0.0941832 0.0654557 0.0796537 0.0728828 0.0647700 0.0750129 0.0739211 0.0825142 0.0870053 0.0770324 0.0979943 0.0896209 0.0758575 0.0708378 0.0857077 0.0960298 0.0770878 0.0831917 0.0754710 0.0769891 0.1156632 0.0908612 0.1534015 0.0885391 0.0950218 0.1160328 0.0838234 0.0874338 0.1598390 0.0764344 0.1544213 0.0746124 0.0892029 0.0844830 0.1010802 0.0720354 0.0862392 0.1596988 0.0655195 0.0724624 0.0792499 0.0799786 0.0892810 0.0894930 0.1009941 0.0880175 0.0956174 0.1052758 0.0997247 0.0924680 0.0649295 0.1084000 0.0808162 0.0752756 0.0655563 0.0623143 0.0665218 0.0894908 0.0675305 0.0799513 0.0833984 0.0787033 0.0920963 0.0693111 0.0738187 0.0986401 0.0898563 0.0938360 0.0650001 0.0870799 0.0846538 0.0760201 0.0653031 0.1030933 0.0601269 0.0842829 0.0604556 0.0679165 0.0808276 0.0769262 0.0947899 0.0808810 0.0753177 0.1112852 0.0698223 0.0761487 0.0348222 0.0748558 
S0400         0.2125941 0.0378493 0.0932328 0.0834221 0.0793749 0.0097294 0.0842239 0.0772758 0.0658629 0.0117500 0.0507453 0.0846179 0.0883745 0.0973637 0.0795297 0.0857294 0.0806389 0.0727503 0.0682759 0.0841191 0.0652984 0.0000000 0.0157874 0.0777118 0.0681151 0.0719409 0.0562126 0.0610829 0.0890050 0.0871745 0.0703239 0.0647768 0.0701198 0.1012761 0.0985295 0.0836930 0.0270740 0.0119936 0.0828088 0.0675325 0.0829988 0.0596286 0.0140441 0.0702386 0.0870741 0.1433754 0.0655086 0.0912916 0.0767841 0.0228388 0.0707842 0.0571747 0.0094687 0.0590889 0.0584402 0.0737613 0.0708471 0.0609939 0.0960884 0.0762619 0.0601787 0.0591468 0.0747564 0.0832859 0.0705590 0.0725138 0.0674522 0.0705058 0.0718344 0.0822925 0.1368882 0.0753875 0.0853884 0.1111183 0.0771353 0.0800381 0.1449220 0.0568788 0.1394051 0.0710457 0.0795067 0.0719745 0.0939118 0.0496194 0.0726456 0.1432468 0.0089246 0.0414165 0.0648175 0.0651897 0.0747755 0.0739879 0.0873951 0.0711686 0.0849225 0.0930361 0.0873862 0.0765103 0.0151760 0.1019809 0.0767178 0.0609051 0.0111286 0.0135543 0.0403838 0.0759263 0.0402156 0.0696872 0.0688592 0.0630957 0.0807731 0.0406613 0.0567450 0.0879060 0.0804200 0.0832330 0.0102996 0.0836599 0.0704888 0.0629151 0.0231293 0.0899643 0.0343363 0.0687899 0.0334044 0.0522107 0.0690352 0.0691125 0.0836644 0.0675012 0.0632882 0.0960161 0.0566160 0.0641345 0.0590088 0.0636577 
S0405         0.2077850 0.0394015 0.0951368 0.0843264 0.0797658 0.0166549 0.0847851 0.0763273 0.0663269 0.0183973 0.0518385 0.0869071 0.0884899 0.0953800 0.0800860 0.0876935 0.0833069 0.0736321 0.0672147 0.0863895 0.0655424 0.0157874 0.0000000 0.0804759 0.0692412 0.0739672 0.0572293 0.0606497 0.0930141 0.0887247 0.0728420 0.0657417 0.0692743 0.0982988 0.0999280 0.0859820 0.0265597 0.0114100 0.0854508 0.0708962 0.0829414 0.0585007 0.0198113 0.0712560 0.0890078 0.1477801 0.0637175 0.0921353 0.0796066 0.0229139 0.0721422 0.0581953 0.0161139 0.0601171 0.0594657 0.0734091 0.0719092 0.0643971 0.0937106 0.0761543 0.0616621 0.0587815 0.0743859 0.0844608 0.0709221 0.0724658 0.0687359 0.0721692 0.0693695 0.0838860 0.1413846 0.0749515 0.0840096 0.1120147 0.0761656 0.0797596 0.1492839 0.0588324 0.1445109 0.0696776 0.0785564 0.0724997 0.0918997 0.0482201 0.0734945 0.1463290 0.0161033 0.0427714 0.0641241 0.0676629 0.0747501 0.0752710 0.0889658 0.0738254 0.0849621 0.0912980 0.0875234 0.0782457 0.0149563 0.0998749 0.0755622 0.0620217 0.0192610 0.0133322 0.0416642 0.0764039 0.0409281 0.0708857 0.0676442 0.0629097 0.0813433 0.0408341 0.0577612 0.0893539 0.0827091 0.0842236 0.0172669 0.0849528 0.0697126 0.0648104 0.0232225 0.0902763 0.0338932 0.0702911 0.0341079 0.0533399 0.0702447 0.0689725 0.0825618 0.0685523 0.0622294 0.1004063 0.0560376 0.0657133 0.0595797 0.0633012 
S0407sl       0.2101021 0.0761541 0.1088432 0.0508265 0.0926280 0.0808854 0.1001630 0.0386362 0.0752969 0.0812795 0.1078222 0.0572001 0.1041149 0.1076856 0.0409805 0.1038679 0.0484567 0.0773691 0.0796443 0.1001777 0.0935866 0.0777118 0.0804759 0.0000000 0.0858490 0.0365513 0.0712896 0.0877347 0.0637942 0.1026110 0.0430810 0.0717120 0.0915679 0.1105324 0.1135386 0.0557116 0.0843454 0.0807650 0.0507194 0.0460993 0.0726517 0.0800959 0.0853929 0.0825523 0.1021549 0.1505627 0.0833524 0.1081885 0.0880362 0.0835218 0.0765438 0.0695804 0.0810451 0.0703078 0.0702247 0.0801725 0.0828588 0.0389490 0.1059590 0.0660954 0.0415763 0.0687898 0.0414570 0.0949648 0.0779339 0.0792744 0.0761215 0.0790292 0.1304156 0.1016085 0.1444466 0.0916451 0.0947388 0.1229627 0.0839798 0.0856956 0.1526850 0.0709579 0.1468938 0.0586419 0.0871357 0.0794749 0.1051909 0.0907818 0.0789527 0.1511553 0.0796204 0.0872436 0.0725088 0.0295904 0.0649843 0.0648919 0.1035531 0.0502908 0.0506332 0.1022815 0.1031450 0.0916273 0.0784440 0.1116698 0.0792277 0.0707240 0.0809782 0.0738396 0.0743132 0.0825303 0.0815084 0.0534061 0.0769663 0.0730815 0.0408621 0.0859321 0.0698604 0.0209010 0.0999386 0.0738942 0.0812307 0.1050172 0.0789768 0.0703177 0.0823504 0.0562355 0.0765241 0.0520912 0.0754555 0.0738529 0.0745913 0.0741371 0.0717433 0.0760894 0.0749603 0.1017286 0.0648222 0.0723749 0.0838342 0.0713783 
S0412sl       0.2179480 0.0634284 0.1149862 0.0947514 0.0996213 0.0692467 0.0997848 0.0846752 0.0775830 0.0695466 0.0990526 0.0979904 0.1042581 0.1130942 0.0931845 0.1024349 0.0893887 0.0809565 0.0752470 0.0998358 0.0742692 0.0681151 0.0692412 0.0858490 0.0000000 0.0835924 0.0731305 0.0720956 0.0993731 0.1031393 0.0780532 0.0770566 0.0616250 0.1146119 0.1166929 0.0986862 0.0753406 0.0681304 0.0926753 0.0772511 0.0936964 0.0604806 0.0739908 0.0839255 0.1036441 0.1551696 0.0540873 0.1078405 0.0891667 0.0725429 0.0834663 0.0721270 0.0689931 0.0734892 0.0728135 0.0822514 0.0833737 0.0716916 0.1069179 0.0881530 0.0686983 0.0675100 0.0821665 0.0983527 0.0842903 0.0838928 0.0819202 0.0829770 0.1189397 0.1015798 0.1483290 0.0877368 0.0972463 0.1299580 0.0872426 0.0907344 0.1547217 0.0731455 0.1501952 0.0729342 0.0899525 0.0779048 0.1053207 0.0781413 0.0848302 0.1554215 0.0689144 0.0704484 0.0784770 0.0762398 0.0874225 0.0847732 0.1037702 0.0832431 0.0954053 0.1085197 0.1035094 0.0917009 0.0671996 0.1132716 0.0824719 0.0716186 0.0700036 0.0616862 0.0618941 0.0901681 0.0700443 0.0742737 0.0802600 0.0757916 0.0906015 0.0667409 0.0730069 0.0936031 0.0992645 0.0911905 0.0691057 0.0982084 0.0831270 0.0736877 0.0706829 0.0996926 0.0624372 0.0771575 0.0620532 0.0483493 0.0742912 0.0772173 0.0937792 0.0802456 0.0729727 0.1073218 0.0678688 0.0729010 0.0726152 0.0725184 
S0417         0.1995732 0.0701164 0.0969386 0.0459133 0.0841821 0.0736052 0.0978295 0.0340379 0.0677241 0.0764647 0.1029613 0.0551276 0.1006326 0.1091718 0.0355626 0.1015466 0.0485282 0.0749252 0.0722414 0.0994835 0.0900949 0.0719409 0.0739672 0.0365513 0.0835924 0.0000000 0.0646100 0.0857567 0.0625710 0.1010654 0.0409092 0.0665054 0.0887679 0.1081177 0.1109667 0.0507629 0.0774659 0.0748520 0.0510103 0.0438578 0.0646433 0.0756683 0.0789803 0.0759920 0.1005179 0.1447371 0.0802570 0.1054322 0.0832481 0.0771094 0.0698053 0.0629913 0.0731251 0.0642964 0.0634873 0.0740011 0.0765510 0.0364661 0.1065154 0.0582786 0.0381311 0.0646055 0.0408172 0.0950946 0.0708789 0.0730220 0.0684735 0.0714485 0.1248012 0.0963648 0.1392602 0.0882074 0.0954642 0.1215601 0.0761772 0.0783201 0.1454703 0.0649031 0.1414987 0.0568428 0.0807229 0.0745914 0.1052179 0.0844988 0.0718374 0.1448787 0.0741090 0.0817971 0.0701175 0.0244513 0.0579207 0.0574710 0.1017733 0.0473535 0.0467549 0.1009369 0.1011288 0.0891696 0.0712666 0.1120226 0.0739595 0.0646948 0.0762042 0.0677810 0.0681951 0.0748603 0.0769975 0.0474346 0.0692528 0.0642686 0.0377084 0.0801233 0.0628689 0.0417989 0.0943691 0.0645271 0.0736661 0.0982308 0.0721604 0.0647980 0.0771114 0.0538893 0.0710506 0.0484666 0.0703297 0.0722167 0.0698439 0.0709977 0.0654782 0.0714720 0.0690043 0.0964218 0.0599981 0.0675538 0.0831532 0.0661046 
S0419         0.1830835 0.0543144 0.0346178 0.0782602 0.0506047 0.0571763 0.0825068 0.0654697 0.0595458 0.0591104 0.0898379 0.0797344 0.0803582 0.0900415 0.0684564 0.0800430 0.0707079 0.0670400 0.0739137 0.0799291 0.0739275 0.0562126 0.0572293 0.0712896 0.0731305 0.0646100 0.0000000 0.0653902 0.0776320 0.0818201 0.0595787 0.0554305 0.0750026 0.0918962 0.0916033 0.0770775 0.0635768 0.0584825 0.0747694 0.0591531 0.0775565 0.0652684 0.0624108 0.0333247 0.0808653 0.1351104 0.0699731 0.0851837 0.0736609 0.0583290 0.0612513 0.0067973 0.0580071 0.0067888 0.0067960 0.0671323 0.0337054 0.0537238 0.0857548 0.0718288 0.0531282 0.0524808 0.0644960 0.0746575 0.0637379 0.0666206 0.0603758 0.0626777 0.1027039 0.0574208 0.1300331 0.0720517 0.0819631 0.1044093 0.0693289 0.0710261 0.1366503 0.0083923 0.1314569 0.0594681 0.0703766 0.0676770 0.0861857 0.0706621 0.0662846 0.1361205 0.0563620 0.0645398 0.0623589 0.0573815 0.0704250 0.0709202 0.0827064 0.0657671 0.0752626 0.0811487 0.0807604 0.0757756 0.0560922 0.0917873 0.0730171 0.0565782 0.0601946 0.0536720 0.0533128 0.0713091 0.0616422 0.0641098 0.0640938 0.0564985 0.0726339 0.0620551 0.0057271 0.0782263 0.0563036 0.0776240 0.0574542 0.0592818 0.0643211 0.0610168 0.0580432 0.0820392 0.0547743 0.0623560 0.0557060 0.0587260 0.0675681 0.0620533 0.0790842 0.0627267 0.0572245 0.0918191 0.0374509 0.0613246 0.0677087 0.0561448 
S0427         0.2233312 0.0587566 0.1007854 0.0937459 0.0866751 0.0618379 0.0926428 0.0853337 0.0745170 0.0635905 0.0931491 0.0970686 0.0963112 0.0991172 0.0901401 0.0945788 0.0896795 0.0789634 0.0798571 0.0900949 0.0473170 0.0610829 0.0606497 0.0877347 0.0720956 0.0857567 0.0653902 0.0000000 0.0981762 0.0953848 0.0794152 0.0704302 0.0775616 0.1013840 0.1063852 0.0953244 0.0679161 0.0607561 0.0944985 0.0730309 0.0875767 0.0655098 0.0659502 0.0756806 0.0953672 0.1525986 0.0771407 0.0995151 0.0869453 0.0642447 0.0771902 0.0651220 0.0616393 0.0673955 0.0660645 0.0790307 0.0763172 0.0701584 0.0965628 0.0831906 0.0696609 0.0655793 0.0855246 0.0866310 0.0762160 0.0793904 0.0730583 0.0761957 0.1043029 0.0840761 0.1489337 0.0845770 0.0883808 0.1157358 0.0796207 0.0814374 0.1550140 0.0676978 0.1479811 0.0736264 0.0862394 0.0766844 0.0942985 0.0643572 0.0789561 0.1540219 0.0615813 0.0664057 0.0762301 0.0757450 0.0821001 0.0815880 0.0968092 0.0793680 0.0915748 0.0965645 0.0946396 0.0834241 0.0597756 0.1037721 0.0792458 0.0689987 0.0621491 0.0569202 0.0584778 0.0841960 0.0622130 0.0761503 0.0768821 0.0727293 0.0878307 0.0638262 0.0646632 0.0954352 0.0832599 0.0862572 0.0614341 0.0855679 0.0765707 0.0674412 0.0638749 0.0998290 0.0531628 0.0769120 0.0556426 0.0615626 0.0733287 0.0725654 0.0858206 0.0732190 0.0705881 0.1070196 0.0603672 0.0692039 0.0385814 0.0693798 
S0428sl       0.2318096 0.0884430 0.0972720 0.0688023 0.1028371 0.0920021 0.1053548 0.0627101 0.0867783 0.0826696 0.1236329 0.0717608 0.1091521 0.1198402 0.0669714 0.1078367 0.0607107 0.0864907 0.0889585 0.1079746 0.1021339 0.0890050 0.0930141 0.0637942 0.0993731 0.0625710 0.0776320 0.0981762 0.0000000 0.1105622 0.0571426 0.0838804 0.1022134 0.1179326 0.1194567 0.0701177 0.0966003 0.0913806 0.0672051 0.0586307 0.0796875 0.0924484 0.0919067 0.0881232 0.1093514 0.1549183 0.1018377 0.1129080 0.0998255 0.0937823 0.0855371 0.0754437 0.0908784 0.0784648 0.0775917 0.0936627 0.0901918 0.0517464 0.1149576 0.0754968 0.0536866 0.0809291 0.0468908 0.1051456 0.0867506 0.0943845 0.0846880 0.0887840 0.1431756 0.1087634 0.1496160 0.1014339 0.1026780 0.1341518 0.0973998 0.0983104 0.1575104 0.0775600 0.1509361 0.0650233 0.0983238 0.0877828 0.1135385 0.1061739 0.0917510 0.1561608 0.0918182 0.0990341 0.0864403 0.0530173 0.0755085 0.0734982 0.1095532 0.0664796 0.0681572 0.1114598 0.1093117 0.0989248 0.0933124 0.1222991 0.0907485 0.0822122 0.0911929 0.0857934 0.0855967 0.0963700 0.0948091 0.0620796 0.0869188 0.0829372 0.0679447 0.0992957 0.0754283 0.0663637 0.1077480 0.0804997 0.0929517 0.1096222 0.0908072 0.0788155 0.0927817 0.0738923 0.0879571 0.0667185 0.0907128 0.0869749 0.0877958 0.0833092 0.0787669 0.0870412 0.0861887 0.1173424 0.0720364 0.0813902 0.0959889 0.0811252 
