131
PAFTOL_019361 0.0000000 0.1536553 0.1531334 0.1614964 0.1697916 0.1509996 0.1969441 0.1546413 0.1394989 0.1813709 0.1525983 0.1642708 0.1872422 0.2072707 0.1642411 0.1952923 0.1618013 0.1410343 0.0000010 0.1968013 0.1400534 0.1679307 0.1604868 0.1533705 0.1464882 0.1479945 0.0000010 0.1464027 0.1953677 0.1558792 0.1717243 0.1639030 0.1790613 0.1703802 0.1396309 0.1678752 0.1533718 0.0000010 0.1526134 0.1424809 0.1437501 0.1613807 0.1953677 0.1452230 0.1771199 0.0000010 0.1663032 0.1561905 0.0000010 0.1593958 0.0000010 0.0000010 0.1791377 0.1622857 0.0000010 0.1636129 0.1337431 0.0000010 0.1563740 0.1394078 0.1850815 0.1863589 0.1543885 0.1325659 0.1701021 0.1958474 0.1956769 0.2035782 0.1413615 0.1536765 0.1163957 0.1618399 0.1645417 0.1858907 0.0000010 0.1848751 0.1717918 0.1555769 0.1684844 0.1551648 0.1676452 0.1917726 0.1530612 0.1411026 0.1549936 0.1777550 0.1332390 0.1614964 0.2064866 0.0000010 0.1541328 0.1971055 0.1953677 0.1953677 0.1593958 0.0000010 0.1652901 0.1377679 0.1599927 0.1689605 0.1477775 0.1536085 0.1315401 0.1343512 0.1465903 0.1385167 0.1478712 0.1313634 0.0000010 0.1545357 0.1956769 0.1869363 0.1650834 0.1536560 0.1696615 0.1543464 0.1731660 0.1695496 0.1427049 0.1488994 0.1236166 0.1655603 0.1463523 0.1332272 0.1472440 0.1633523 0.2016981 0.1521898 0.1625436 0.1612104 0.1572266 
S0055         0.1536553 0.0000000 0.0771025 0.0863931 0.0992662 0.0753067 0.1243048 0.0894745 0.0788935 0.0792759 0.1065564 0.1040496 0.1082994 0.1026156 0.1035157 0.0964994 0.1012500 0.0936910 0.0875562 0.1208927 0.0709204 0.0783569 0.0829714 0.0899759 0.0856351 0.0805633 0.0858739 0.0838952 0.1081295 0.0837870 0.0938034 0.0774326 0.1249220 0.0658342 0.0795655 0.0813653 0.0918202 0.0790136 0.0924387 0.0792407 0.0717417 0.0887918 0.1064968 0.0802875 0.1142464 0.1077374 0.0734460 0.0917875 0.0782708 0.0720112 0.0819684 0.0886715 0.1047223 0.0980413 0.1256271 0.1152106 0.0856147 0.1015454 0.0743084 0.0814680 0.0954536 0.0896664 0.0973402 0.0951679 0.0854960 0.0845674 0.1128203 0.1778131 0.1014322 0.1487071 0.1025092 0.0927698 0.0850772 0.1688177 0.0862224 0.1675903 0.1210569 0.1028927 0.1026528 0.0791232 0.0968997 0.1705022 0.0769941 0.0944669 0.0913363 0.0917608 0.0822680 0.1065011 0.1209245 0.0946493 0.0946368 0.0942324 0.1172311 0.1195962 0.0705559 0.1261509 0.0883209 0.0848444 0.0836897 0.0592157 0.0310952 0.0930150 0.0885998 0.0998123 0.0818697 0.0849149 0.0921021 0.0808182 0.0802725 0.0815173 0.1097183 0.0932382 0.0712185 0.0912583 0.0769193 0.0894994 0.1099071 0.0831643 0.0950809 0.0798091 0.0769926 0.0923037 0.0830123 0.0949779 0.0871607 0.0788520 0.1165230 0.0818213 0.0784718 0.0806661 0.0861077 
S0196sl       0.1531334 0.0771025 0.0000000 0.0737302 0.0598276 0.0874696 0.1116460 0.0860145 0.0554274 0.0910105 0.0917259 0.0824465 0.0927719 0.0808415 0.1056457 0.0988601 0.0929937 0.0629919 0.0764872 0.1026950 0.0778603 0.0954053 0.0917155 0.0776332 0.0739078 0.0665568 0.0196126 0.0911073 0.0912379 0.0787632 0.0708112 0.0755907 0.0994399 0.0633182 0.0838422 0.1032748 0.0892989 0.0713138 0.0738759 0.0834322 0.0742424 0.0382998 0.0910743 0.0794272 0.0961908 0.1365903 0.0910671 0.0721336 0.0174449 0.0892272 0.0173946 0.0219562 0.0816426 0.0433731 0.1402960 0.0755508 0.0772852 0.0901706 0.0642152 0.0605159 0.0728262 0.0681578 0.0721337 0.0668489 0.0669951 0.0841611 0.0709968 0.1559291 0.0946841 0.1398035 0.0803455 0.0645117 0.0740944 0.1441547 0.0219770 0.1401923 0.0975128 0.0808681 0.0850091 0.0888530 0.0692876 0.1394558 0.0936907 0.0977708 0.0696127 0.0890278 0.0751070 0.0922059 0.0990734 0.0864780 0.0873993 0.1029313 0.0999702 0.1010334 0.0854901 0.1196591 0.0690594 0.0623811 0.0995542 0.0714904 0.0774141 0.0702059 0.0845185 0.0877523 0.0606740 0.0643535 0.0839023 0.0885718 0.0152384 0.0760794 0.0639601 0.0841295 0.0883852 0.0625165 0.0549062 0.1099669 0.0941117 0.0883609 0.0913778 0.0841104 0.0787088 0.0660208 0.0584275 0.0793672 0.0612821 0.0713885 0.1120484 0.0481449 0.0584950 0.0890455 0.0792187 
S0278         0.1614964 0.0863931 0.0737302 0.0000000 0.0970975 0.0888261 0.1177497 0.0499118 0.0653485 0.0913979 0.1049583 0.0570062 0.1029805 0.0939667 0.0578721 0.0913190 0.0565669 0.0842568 0.1130748 0.1105292 0.0772248 0.0935485 0.1014174 0.0621151 0.0875144 0.0436132 0.0838364 0.0884012 0.0996601 0.0548269 0.0843891 0.0853962 0.1053214 0.0330699 0.0827647 0.0963221 0.0594640 0.0592576 0.0747452 0.0809953 0.0736584 0.0888974 0.0888931 0.0755556 0.1020987 0.1344788 0.0899165 0.0881118 0.0801336 0.0854620 0.0799516 0.0909737 0.0871155 0.0949905 0.1017443 0.1039908 0.0652783 0.0784286 0.0796858 0.0701091 0.0777958 0.0713088 0.0845336 0.0936063 0.0733267 0.0981300 0.1163933 0.1703054 0.1064384 0.1292900 0.0776636 0.0894076 0.0799967 0.1614678 0.0842322 0.1602496 0.0977156 0.1022184 0.0856937 0.0948090 0.0842850 0.1631192 0.0921581 0.1056346 0.0813125 0.0439001 0.0607579 0.0768051 0.1110118 0.0716180 0.0478557 0.0956707 0.1084957 0.1108670 0.0883683 0.1550191 0.0932881 0.0740117 0.0976494 0.0772563 0.0903947 0.0772145 0.0951155 0.0776540 0.0713657 0.0740844 0.0469270 0.0970509 0.0782590 0.0605636 0.1116784 0.0708023 0.0877182 0.0787575 0.0635110 0.1060887 0.0697690 0.0910521 0.0771291 0.0909301 0.0831410 0.0940164 0.0724997 0.0790281 0.0854270 0.0857622 0.1229526 0.0771388 0.0692698 0.0884381 0.0912562 
S0281         0.1697916 0.0992662 0.0598276 0.0970975 0.0000000 0.1009761 0.1265640 0.1066064 0.0783368 0.1008133 0.1187538 0.1094769 0.1247512 0.0968058 0.1182600 0.1178025 0.1051916 0.1026743 0.1058444 0.1228605 0.1030453 0.1063222 0.1128686 0.1104244 0.0981438 0.0906837 0.0568155 0.1139938 0.1131067 0.0999477 0.0956122 0.0975997 0.1385169 0.0785552 0.1027761 0.1127048 0.1068975 0.0931542 0.0992317 0.1027071 0.0844204 0.0547152 0.1180716 0.0971148 0.1193716 0.1694177 0.1039025 0.0995793 0.0496488 0.1008284 0.0531629 0.0650233 0.0981316 0.0631688 0.1418574 0.1121389 0.0969865 0.1233863 0.0766186 0.0911078 0.1038484 0.0946695 0.0992736 0.1022268 0.0917509 0.1003699 0.0764588 0.1809185 0.1216705 0.1497197 0.1105964 0.0945556 0.0926710 0.1590474 0.0570392 0.1578095 0.1063815 0.1006857 0.1019872 0.1140969 0.0931247 0.1572034 0.1046640 0.1069440 0.0921574 0.1066223 0.0934969 0.1187219 0.1201160 0.1084538 0.1050270 0.1230721 0.1208410 0.1215452 0.1023620 0.1677004 0.0925860 0.0813384 0.1104672 0.0880123 0.0998546 0.0910338 0.1125302 0.1105198 0.0768580 0.0829028 0.1041462 0.1148918 0.0514985 0.1142623 0.0720695 0.1120656 0.0986827 0.0890056 0.0746530 0.1166321 0.1142167 0.1033288 0.1104851 0.1030395 0.0954277 0.0983688 0.0900802 0.1153822 0.0901916 0.0827287 0.1329585 0.0671115 0.0776655 0.1008850 0.0933102 
S0282         0.1509996 0.0753067 0.0874696 0.0888261 0.1009761 0.0000000 0.1349967 0.0935378 0.0764830 0.0160571 0.0885439 0.1065976 0.1254654 0.1017808 0.1127091 0.1129284 0.1018327 0.0976452 0.1139443 0.1265249 0.0808490 0.0148960 0.0290599 0.0943780 0.0789306 0.0875209 0.0866458 0.0860708 0.1169056 0.0874661 0.1013653 0.0783922 0.1322532 0.0714878 0.0410163 0.0251303 0.1005126 0.0787375 0.0957647 0.0729122 0.0167178 0.0940074 0.1153786 0.0735380 0.1182361 0.1423115 0.0160509 0.1004468 0.0791248 0.0098096 0.0827817 0.0937790 0.0990648 0.1047826 0.1186658 0.1208380 0.0908319 0.1029519 0.0853451 0.0876698 0.0969625 0.0972141 0.0955421 0.1027320 0.0929052 0.0823111 0.1135623 0.1658220 0.1106742 0.1442759 0.1013169 0.1016640 0.0860751 0.1537603 0.0831128 0.1524709 0.1219177 0.1081950 0.1020416 0.0754248 0.0944742 0.1553890 0.0161808 0.0832954 0.0950138 0.0951088 0.0874621 0.1150798 0.1254174 0.0894770 0.0970754 0.1119554 0.1245672 0.1252359 0.0160498 0.1144844 0.1037736 0.0807285 0.0240632 0.0139084 0.0756472 0.0906252 0.0803694 0.1008121 0.0811495 0.0853486 0.0915306 0.0749285 0.0811060 0.0909614 0.1089121 0.0876264 0.0136541 0.0919115 0.0791005 0.0363694 0.1203779 0.0622255 0.0945803 0.0621376 0.0690086 0.1060525 0.0914186 0.0956183 0.0912296 0.0884711 0.1224649 0.0869538 0.0850381 0.0782122 0.0943839 
S0288         0.1969441 0.1243048 0.1116460 0.1177497 0.1265640 0.1349967 0.0000000 0.1317641 0.1078425 0.1361159 0.1413375 0.1274975 0.0243525 0.0873306 0.1116431 0.0518555 0.1240292 0.1116634 0.1191963 0.0185981 0.1211020 0.1327365 0.1367239 0.1337894 0.1327438 0.1068090 0.1205214 0.1341745 0.0113625 0.1178417 0.1377224 0.1151947 0.1148147 0.0974892 0.1271764 0.1321411 0.1178717 0.1195885 0.1260065 0.1085577 0.1227396 0.1321880 0.0513952 0.1178348 0.0263595 0.1391892 0.1279188 0.1265362 0.1157094 0.1222562 0.1204991 0.1301941 0.1142861 0.1380274 0.1326947 0.1147986 0.1156419 0.1564985 0.0951775 0.1192995 0.0866357 0.1240338 0.1296365 0.1375971 0.1192073 0.1362787 0.1368334 0.2234153 0.1416707 0.0967182 0.0839634 0.1318513 0.1104359 0.2116825 0.1263091 0.2120377 0.1420740 0.1294929 0.0957798 0.1337626 0.1224791 0.2159094 0.1310434 0.1434545 0.1249769 0.1215742 0.1116048 0.1189948 0.0231318 0.1262528 0.1184037 0.0958821 0.0158269 0.0171886 0.1283717 0.1338118 0.1147587 0.1096544 0.1402446 0.1181500 0.1199213 0.1215468 0.1288597 0.1281243 0.1138158 0.1149585 0.1207761 0.1405004 0.1181509 0.1227212 0.1368474 0.1132372 0.1295782 0.1172293 0.1073029 0.1513653 0.1210185 0.1241644 0.1263567 0.1161353 0.1139366 0.1240658 0.1055914 0.1236042 0.1203962 0.0989662 0.1413217 0.1166871 0.1128591 0.1386087 0.1154533 
S0289         0.1546413 0.0894745 0.0860145 0.0499118 0.1066064 0.0935378 0.1317641 0.0000000 0.0692103 0.0976404 0.1149956 0.0621434 0.1155023 0.1020030 0.0689321 0.0976197 0.0616088 0.0934592 0.1178979 0.1206129 0.0782281 0.0914927 0.1048433 0.0598939 0.0914861 0.0456739 0.0979349 0.0915077 0.1093798 0.0602139 0.0888831 0.0930805 0.1248473 0.0251268 0.0934055 0.0996166 0.0528504 0.0567997 0.0757744 0.0852083 0.0789006 0.0932964 0.1026851 0.0844046 0.1171249 0.1394664 0.0945335 0.0928800 0.0980625 0.0899698 0.0978336 0.1097212 0.0896637 0.1043105 0.1095976 0.1169304 0.0660411 0.0736744 0.0855980 0.0619320 0.0884092 0.0816035 0.0861503 0.0985637 0.0808061 0.1007918 0.1198182 0.1718544 0.1048440 0.1487026 0.0945475 0.0891665 0.0796382 0.1552979 0.1024329 0.1557705 0.1007551 0.0990670 0.1025875 0.1024529 0.0900332 0.1586717 0.0953714 0.1155520 0.0870623 0.0529519 0.0599519 0.0808568 0.1244617 0.0671749 0.0525938 0.0983061 0.1186035 0.1193543 0.0884291 0.1330041 0.1026166 0.0736252 0.1008461 0.0785203 0.0920938 0.0828116 0.1011859 0.0775407 0.0738724 0.0763749 0.0486943 0.1047157 0.0960973 0.0552382 0.1182405 0.0733307 0.0908346 0.0813214 0.0675177 0.1110319 0.0692898 0.0957476 0.0723126 0.0956675 0.0798705 0.1083385 0.0749470 0.0798620 0.0866982 0.0918543 0.1355855 0.0812560 0.0734216 0.0977740 0.0980078 
S0292         0.1394989 0.0788935 0.0554274 0.0653485 0.0783368 0.0764830 0.1078425 0.0692103 0.0000000 0.0746388 0.0997582 0.0782084 0.1026728 0.0824801 0.0900842 0.0961303 0.0743323 0.0669424 0.0611193 0.1068952 0.0705256 0.0795322 0.0900990 0.0833963 0.0705098 0.0595638 0.0622631 0.0775968 0.0976331 0.0678597 0.0402107 0.0747030 0.1083687 0.0458316 0.0777855 0.0840367 0.0774737 0.0690056 0.0643176 0.0700565 0.0745482 0.0715968 0.0960377 0.0652392 0.0989022 0.1187003 0.0732203 0.0425698 0.0587044 0.0717901 0.0585734 0.0687738 0.0495889 0.0804098 0.1144229 0.0965861 0.0608626 0.0930849 0.0491077 0.0647715 0.0778778 0.0350369 0.0437923 0.0470953 0.0345703 0.0991177 0.0892281 0.1621527 0.0863891 0.1244963 0.0739503 0.0464876 0.0402934 0.1468323 0.0643877 0.1472692 0.0625556 0.0653083 0.0786227 0.0861388 0.0339596 0.1467180 0.0752810 0.0962300 0.0478853 0.0707761 0.0593247 0.0827875 0.1073271 0.0796058 0.0754481 0.0898564 0.1048380 0.1056125 0.0746110 0.1301245 0.0680172 0.0110117 0.0848512 0.0636004 0.0808667 0.0263670 0.0913687 0.0806102 0.0135392 0.0160052 0.0747003 0.0968815 0.0569077 0.0842619 0.0877574 0.0689601 0.0738645 0.0288930 0.0408098 0.0907646 0.0913429 0.0786441 0.0803243 0.0845696 0.0696787 0.0685364 0.0558251 0.0728453 0.0371777 0.0546982 0.0999649 0.0593580 0.0462167 0.0788595 0.0596939 
S0293         0.1813709 0.0792759 0.0910105 0.0913979 0.1008133 0.0160571 0.1361159 0.0976404 0.0746388 0.0000000 0.0910741 0.1076002 0.1284112 0.1059280 0.1137057 0.1158321 0.1059251 0.0986427 0.1146225 0.1258969 0.0819363 0.0173472 0.0315138 0.0984558 0.0800150 0.0885548 0.0847774 0.0900930 0.1163286 0.0914894 0.0992667 0.0809130 0.1331823 0.0756280 0.0421464 0.0262906 0.1046086 0.0764430 0.0968038 0.0768995 0.0165319 0.0969139 0.1195453 0.0760427 0.1208015 0.1555789 0.0184920 0.1014539 0.0772755 0.0122435 0.0809250 0.0918658 0.1000782 0.1077344 0.1232396 0.1201588 0.0903299 0.1004404 0.0878208 0.0847529 0.0981361 0.0951411 0.0996108 0.1021822 0.0939338 0.0818458 0.1133807 0.1689971 0.1116730 0.1487124 0.1029070 0.1026650 0.0871299 0.1568640 0.0812484 0.1555769 0.1228730 0.1107181 0.1077244 0.0735721 0.0939622 0.1584968 0.0199005 0.0843331 0.0975191 0.0991594 0.0884854 0.1144231 0.1247932 0.0871149 0.1026605 0.1242895 0.1239443 0.1246134 0.0197396 0.1297192 0.1032442 0.0804462 0.0278421 0.0176889 0.0781951 0.0886463 0.0814157 0.0987282 0.0807114 0.0834297 0.0925532 0.0759952 0.0792492 0.0935975 0.1087382 0.0900042 0.0173657 0.0884137 0.0815784 0.0375629 0.1213378 0.0661435 0.0955948 0.0660506 0.0761073 0.1023349 0.0939106 0.0917346 0.0907297 0.0924913 0.1217874 0.0820558 0.0875193 0.0734407 0.0984279 
S0294         0.1525983 0.1065564 0.0917259 0.1049583 0.1187538 0.0885439 0.1413375 0.1149956 0.0997582 0.0910741 0.0000000 0.1256779 0.1360771 0.1159892 0.1175835 0.1265386 0.1118667 0.1157005 0.1339211 0.1446100 0.1120319 0.0917440 0.1012215 0.1141491 0.1087244 0.1050879 0.1209768 0.1185300 0.1344956 0.1114130 0.1144038 0.0894373 0.1499093 0.0885029 0.0823517 0.0948878 0.1244177 0.1176572 0.1191741 0.1053551 0.0704881 0.1108944 0.1329274 0.1058576 0.1356222 0.1421178 0.0848927 0.1153280 0.1127535 0.0834065 0.1167158 0.1228012 0.1120363 0.1142001 0.1354280 0.1395262 0.1130062 0.1459451 0.1030731 0.1143772 0.1253021 0.1093954 0.1102437 0.1177697 0.1044592 0.0663331 0.1336535 0.1921713 0.1300488 0.1625621 0.1000428 0.1006370 0.1053225 0.1822018 0.1193960 0.1846837 0.1274718 0.1237502 0.1162407 0.0955662 0.1119685 0.1820208 0.0884833 0.1102839 0.1183031 0.1144740 0.1149462 0.1308802 0.1418147 0.1247632 0.1182397 0.1171827 0.1427177 0.1432943 0.0835376 0.1336278 0.1180160 0.1029139 0.0970388 0.0766187 0.1006714 0.1044543 0.1036576 0.1331600 0.1032320 0.1076960 0.1092091 0.1014606 0.1149685 0.1124878 0.1287076 0.1254274 0.0841874 0.1109072 0.1010294 0.1075652 0.1357466 0.0855424 0.1238601 0.0824475 0.0948915 0.1239997 0.1079649 0.1273102 0.1108597 0.1112270 0.1413454 0.1062161 0.1042544 0.1180045 0.1161841 
S0299         0.1642708 0.1040496 0.0824465 0.0570062 0.1094769 0.1065976 0.1274975 0.0621434 0.0782084 0.1076002 0.1256779 0.0000000 0.1030273 0.1049034 0.0689261 0.1016544 0.0689891 0.0961879 0.1194665 0.1144107 0.0933029 0.1099701 0.1182979 0.0686333 0.0963598 0.0511220 0.0952365 0.1078877 0.1032733 0.0689486 0.0947762 0.0932862 0.1284330 0.0361592 0.1001854 0.1128480 0.0674099 0.0777954 0.0915008 0.0965076 0.0969446 0.1027665 0.1032801 0.0940858 0.1045699 0.1539721 0.1060422 0.0973053 0.0934116 0.1013550 0.0931951 0.1048504 0.0995394 0.1108174 0.1403511 0.1196829 0.0798608 0.1112795 0.0843185 0.0553721 0.0972147 0.0911256 0.0924485 0.1030676 0.0901070 0.1099947 0.1265886 0.1927795 0.1183588 0.1491497 0.0963746 0.0990269 0.0815007 0.1740319 0.0977091 0.1764492 0.1141702 0.1087522 0.1064544 0.1147594 0.0929457 0.1793970 0.1085237 0.1204094 0.0918373 0.0628059 0.0765601 0.0922710 0.1182007 0.0907931 0.0700720 0.1089420 0.1123618 0.1147668 0.1012691 0.1615819 0.1029015 0.0842047 0.1144559 0.0931256 0.1071774 0.0890427 0.1146958 0.0865811 0.0829925 0.0857866 0.0502023 0.1135467 0.0914706 0.0670868 0.1217188 0.0905512 0.1038637 0.0875225 0.0749689 0.1132674 0.0776044 0.1041779 0.0923431 0.1020804 0.0912130 0.1053813 0.0846676 0.0929520 0.0965416 0.0905714 0.1272532 0.0920212 0.0809770 0.1095240 0.0993432 
S0303         0.1872422 0.1082994 0.0927719 0.1029805 0.1247512 0.1254654 0.0243525 0.1155023 0.1026728 0.1284112 0.1360771 0.1030273 0.0000000 0.0772046 0.1168146 0.0533153 0.1130053 0.1016998 0.1121880 0.0233987 0.1193391 0.1292194 0.1212681 0.1177823 0.1208349 0.0953326 0.1106313 0.1215232 0.0189227 0.1047936 0.1274115 0.1072109 0.1079163 0.0824175 0.1155304 0.1267094 0.1086051 0.1144981 0.1110336 0.1116612 0.1335839 0.1206387 0.0468222 0.1129519 0.0159108 0.1317873 0.1227869 0.1207998 0.1034202 0.1171922 0.1081435 0.1090869 0.1212309 0.1226290 0.1627412 0.1063368 0.1123313 0.1398822 0.0919627 0.1089056 0.0824077 0.1193576 0.1264015 0.1215114 0.1136781 0.1208622 0.1333683 0.2038252 0.1322367 0.1476279 0.0912683 0.1139181 0.1189560 0.1814705 0.1112557 0.1817301 0.1456795 0.1202086 0.0963482 0.1220935 0.1212154 0.1833979 0.1233598 0.1312400 0.1160527 0.1049645 0.1081213 0.1281930 0.0296079 0.1239003 0.1073636 0.0802047 0.0221178 0.0234598 0.1171288 0.1032321 0.1071527 0.1044083 0.1353797 0.1033660 0.1074274 0.1185222 0.1195487 0.1173495 0.1085839 0.1102971 0.1058400 0.1194428 0.1060384 0.1144471 0.1257883 0.1118039 0.1241270 0.1141899 0.0968035 0.1360316 0.1095336 0.1188479 0.1126604 0.1110751 0.1068074 0.1159522 0.0969833 0.1086466 0.1050670 0.0993109 0.1343510 0.1082194 0.1022598 0.1231481 0.1112720 
S0308         0.2072707 0.1026156 0.0808415 0.0939667 0.0968058 0.1017808 0.0873306 0.1020030 0.0824801 0.1059280 0.1159892 0.1049034 0.0772046 0.0000000 0.1059497 0.0728934 0.1018851 0.1007389 0.1154485 0.0767905 0.0951366 0.1051135 0.1133522 0.1036307 0.1100837 0.0830813 0.0917562 0.1061239 0.0694479 0.0891023 0.1050197 0.0977011 0.0909636 0.0726989 0.1047600 0.0983963 0.0954714 0.1036092 0.0976159 0.0974982 0.0981478 0.0965830 0.0708339 0.0987933 0.0722269 0.1647583 0.0996431 0.1024607 0.0860768 0.0981004 0.0878068 0.0950727 0.1058736 0.1044876 0.1542201 0.0849640 0.0937589 0.1298378 0.0869370 0.0895747 0.0664090 0.0991374 0.1048382 0.1115899 0.0916022 0.1036339 0.1119032 0.1840089 0.1123987 0.1107923 0.0666652 0.1001247 0.0968955 0.1747451 0.0877960 0.1716560 0.1243529 0.1053689 0.0661090 0.1155883 0.0992963 0.1764621 0.1020775 0.1162058 0.0918066 0.1000744 0.0903130 0.1137026 0.0785991 0.1188081 0.0989960 0.0688811 0.0760562 0.0769825 0.0965375 0.0910580 0.0975918 0.0871235 0.1094879 0.0865483 0.1019772 0.1016193 0.1166578 0.1094678 0.0874266 0.0902319 0.0960310 0.1141862 0.0861082 0.1034270 0.1071543 0.0865473 0.0990540 0.0997995 0.0760912 0.1210491 0.1103981 0.0976667 0.1138633 0.0961570 0.0956098 0.1080114 0.0840067 0.0967782 0.0930355 0.0916894 0.1284582 0.0953232 0.0791212 0.1045600 0.1040489 
S0320         0.1642411 0.1035157 0.1056457 0.0578721 0.1182600 0.1127091 0.1116431 0.0689321 0.0900842 0.1137057 0.1175835 0.0689261 0.1168146 0.1059497 0.0000000 0.1083749 0.0709591 0.1072009 0.1414308 0.1212107 0.1010005 0.1161686 0.1213807 0.0694000 0.1140806 0.0561107 0.1072542 0.1103988 0.1099119 0.0697755 0.1093063 0.1042706 0.1225010 0.0440841 0.1109042 0.1170749 0.0740521 0.0786915 0.0798054 0.1009602 0.0771276 0.1123179 0.1069515 0.1079554 0.1146924 0.1581474 0.1121133 0.1083162 0.1075086 0.1073222 0.1072542 0.1171347 0.1071373 0.1222534 0.1110992 0.1201369 0.0773632 0.1082284 0.0945101 0.0755209 0.0918980 0.0980740 0.1066281 0.1159936 0.1042214 0.1120126 0.1302363 0.1809475 0.1278781 0.1350928 0.0737620 0.1092165 0.0977303 0.1734949 0.1120250 0.1703358 0.1102630 0.1183520 0.1021120 0.1194039 0.1073098 0.1733187 0.1130106 0.1376409 0.0994842 0.0618585 0.0757953 0.0878402 0.1250848 0.0857474 0.0782652 0.1044621 0.1191946 0.1215895 0.1056487 0.1992303 0.1094012 0.0931933 0.1190976 0.0972917 0.1049063 0.0978618 0.1178927 0.0972784 0.0950864 0.0979577 0.0536806 0.1267525 0.1054956 0.0681715 0.1252676 0.0816315 0.1079372 0.0998362 0.0833725 0.1301630 0.0791220 0.1114394 0.0947128 0.1113439 0.1033473 0.1135625 0.0973520 0.0932883 0.1023696 0.1009609 0.1324119 0.1013023 0.0895552 0.1136800 0.1019340 
S0322         0.1952923 0.0964994 0.0988601 0.0913190 0.1178025 0.1129284 0.0518555 0.0976197 0.0961303 0.1158321 0.1265386 0.1016544 0.0533153 0.0728934 0.1083749 0.0000000 0.0914966 0.1087855 0.1289844 0.0447721 0.1049822 0.1147580 0.1052918 0.1075696 0.1123340 0.0843160 0.0964934 0.1088892 0.0370144 0.0911372 0.1183014 0.1028270 0.1011886 0.0677969 0.1015143 0.1141869 0.0893761 0.0976713 0.1006421 0.1012126 0.1033253 0.1064655 0.0230697 0.1043140 0.0479226 0.1431272 0.1121486 0.1119196 0.0919205 0.1067175 0.0964983 0.0973206 0.1235565 0.1158308 0.1601449 0.0996044 0.0965758 0.1165331 0.0961917 0.0813744 0.0446674 0.1159528 0.1214118 0.1144065 0.1068029 0.0968538 0.1244240 0.1818370 0.1207021 0.1299269 0.0802354 0.1149736 0.1213337 0.1654853 0.0994439 0.1657214 0.1419975 0.1077679 0.0829454 0.1114647 0.1142453 0.1673677 0.1109064 0.1238357 0.1020200 0.0912733 0.0924108 0.1176207 0.0480066 0.1092938 0.1027034 0.0918034 0.0420586 0.0448899 0.1049295 0.1273342 0.1135364 0.0978301 0.1243882 0.0873717 0.0937566 0.1056620 0.1088171 0.1067205 0.1018840 0.1053315 0.0994524 0.1127559 0.0944312 0.1006744 0.1170254 0.0959386 0.1074852 0.1057877 0.0921951 0.1336267 0.1049181 0.1063826 0.1118211 0.1003417 0.1000972 0.1126104 0.0941457 0.1059882 0.1002687 0.1035300 0.1270247 0.1035845 0.0958127 0.1104987 0.1026270 
S0327         0.1618013 0.1012500 0.0929937 0.0565669 0.1051916 0.1018327 0.1240292 0.0616088 0.0743323 0.1059251 0.1118667 0.0689891 0.1130053 0.1018851 0.0709591 0.0914966 0.0000000 0.1000234 0.1365866 0.1138448 0.0856974 0.1051215 0.1132506 0.0648063 0.1033405 0.0505542 0.0995934 0.0967421 0.1028993 0.0693909 0.0990042 0.0967886 0.1284376 0.0345011 0.1001218 0.1079472 0.0567384 0.0667830 0.0871038 0.0923149 0.0872742 0.0997865 0.0933116 0.0976140 0.1089401 0.1407448 0.1027945 0.0950061 0.0958082 0.0981999 0.0955893 0.1071532 0.0936321 0.1092507 0.1205507 0.1148911 0.0742544 0.0866597 0.0844728 0.0646267 0.0777771 0.0886374 0.0978218 0.1038398 0.0859558 0.1106260 0.1250216 0.1827891 0.1101411 0.1375666 0.0949098 0.0943905 0.0848719 0.1725068 0.1000666 0.1748972 0.1064610 0.1011467 0.0931831 0.1081523 0.0951722 0.1759288 0.1037025 0.1238033 0.0877521 0.0465897 0.0710535 0.0861832 0.1143435 0.0754373 0.0663888 0.1245788 0.1102069 0.1141934 0.0966461 0.1761257 0.1059186 0.0802179 0.1126296 0.0870131 0.0920383 0.0879631 0.1116715 0.0747604 0.0790150 0.0817581 0.0539497 0.1206401 0.0938891 0.0589532 0.1234451 0.0783350 0.0991422 0.0849879 0.0782255 0.1220653 0.0741589 0.0975726 0.0819036 0.0955888 0.0883112 0.1068554 0.0827827 0.0851234 0.0888652 0.0921506 0.1330117 0.0939399 0.0841929 0.1046018 0.0966165 
S0335         0.1410343 0.0936910 0.0629919 0.0842568 0.1026743 0.0976452 0.1116634 0.0934592 0.0669424 0.0986427 0.1157005 0.0961879 0.1016998 0.1007389 0.1072009 0.1087855 0.1000234 0.0000000 0.0618987 0.1107045 0.0892277 0.1009149 0.1074868 0.0998920 0.0910402 0.0820556 0.0866191 0.0972442 0.0998275 0.0900989 0.0864524 0.0840086 0.1151815 0.0676578 0.0959648 0.1041187 0.0906518 0.0962146 0.0971217 0.0926111 0.0964425 0.0814993 0.1021386 0.0822523 0.1045643 0.1322473 0.0937409 0.0826793 0.0828674 0.0922329 0.0826773 0.0898640 0.0921523 0.0909215 0.1398863 0.1004801 0.0871659 0.1245028 0.0728094 0.0858172 0.0964877 0.0777931 0.0883752 0.0896547 0.0767993 0.1142420 0.1075298 0.1825855 0.0988212 0.1364451 0.0931625 0.0853845 0.0803936 0.1679897 0.0850106 0.1667550 0.1013842 0.0838030 0.0917433 0.1015209 0.0797687 0.1696811 0.0944993 0.1105353 0.0685291 0.0951405 0.0823111 0.1029991 0.1111553 0.1052453 0.0936864 0.0763827 0.1052677 0.1094143 0.0925093 0.1057696 0.0761060 0.0727318 0.1015873 0.0810757 0.0959985 0.0806055 0.1020955 0.0988683 0.0669669 0.0728034 0.0845693 0.1061854 0.0809676 0.0932563 0.1044304 0.0917117 0.0949487 0.0772091 0.0508745 0.1157862 0.1154987 0.0967457 0.1066842 0.0921038 0.0856912 0.0721974 0.0371488 0.0950361 0.0811544 0.0788250 0.1158525 0.0729156 0.0536911 0.0987884 0.0827250 
S0345         0.0000010 0.0875562 0.0764872 0.1130748 0.1058444 0.1139443 0.1191963 0.1178979 0.0611193 0.1146225 0.1339211 0.1194665 0.1121880 0.1154485 0.1414308 0.1289844 0.1365866 0.0618987 0.0000000 0.1165362 0.1170458 0.1260885 0.1210717 0.1308907 0.1054602 0.1120449 0.0710633 0.1171000 0.1058617 0.1230378 0.0792561 0.0877928 0.1289591 0.0882352 0.1254372 0.1223000 0.1068245 0.1057988 0.0909510 0.0922254 0.0000010 0.0947637 0.1288070 0.1115506 0.1229847 0.1502018 0.1141285 0.0672247 0.0663652 0.1139443 0.0659428 0.0609048 0.0721934 0.0996403 0.1152877 0.1495042 0.0934433 0.1236796 0.0714210 0.0000010 0.0000010 0.0723537 0.0832299 0.0728498 0.0630107 0.0000010 0.1094183 0.2088364 0.1290770 0.1150134 0.1057776 0.0613375 0.0716576 0.1942754 0.0710429 0.1884087 0.0902760 0.1063042 0.1075345 0.1226526 0.0867181 0.1878754 0.1338097 0.1399065 0.0816398 0.1190282 0.0934433 0.1028396 0.1159009 0.1158811 0.1143812 0.1169944 0.1298732 0.1298942 0.1084917 0.1412299 0.0421237 0.0662926 0.1280129 0.0762631 0.1159662 0.0876000 0.1171973 0.1394906 0.0664741 0.0661142 0.1202846 0.1296074 0.0608625 0.1067658 0.1039215 0.0979727 0.1202551 0.0712495 0.0459011 0.1493062 0.1460435 0.1322459 0.1474600 0.1209047 0.1213140 0.0045803 0.0606784 0.1168005 0.0623336 0.0720174 0.1243700 0.0671729 0.0510615 0.1053453 0.0941255 
S0355         0.1968013 0.1208927 0.1026950 0.1105292 0.1228605 0.1265249 0.0185981 0.1206129 0.1068952 0.1258969 0.1446100 0.1144107 0.0233987 0.0767905 0.1212107 0.0447721 0.1138448 0.1107045 0.1165362 0.0000000 0.1145730 0.1268000 0.1281930 0.1236634 0.1243559 0.1040105 0.1065657 0.1301715 0.0085465 0.1053860 0.1323981 0.1117219 0.1099605 0.0875321 0.1199269 0.1260050 0.1103950 0.1077560 0.1190147 0.1147587 0.1341376 0.1164485 0.0452178 0.1153879 0.0238760 0.1301121 0.1205854 0.1244935 0.1026992 0.1158072 0.1024777 0.1143745 0.1158118 0.1246068 0.1518502 0.1020698 0.1086624 0.1365566 0.0942025 0.1104111 0.0793640 0.1214670 0.1290507 0.1342385 0.1181945 0.1401382 0.1354982 0.2166964 0.1267853 0.1326522 0.0840575 0.1257834 0.1144809 0.1991757 0.1111282 0.1998011 0.1490993 0.1256157 0.0899650 0.1308177 0.1226887 0.2047058 0.1231824 0.1391066 0.1148730 0.1088211 0.1066645 0.1257914 0.0198977 0.1167961 0.1124083 0.0881717 0.0123624 0.0135285 0.1209503 0.1167327 0.1163291 0.1099960 0.1325375 0.1095741 0.1187536 0.1220456 0.1255844 0.1127769 0.1120236 0.1133383 0.1080163 0.1365617 0.1048315 0.1127178 0.1305857 0.1096008 0.1237856 0.1168734 0.0984044 0.1422409 0.1144127 0.1172058 0.1158550 0.1128241 0.1072670 0.1243673 0.1020625 0.1089338 0.1176512 0.0990165 0.1453107 0.1099615 0.1030947 0.1280862 0.1116086 
S0376         0.1400534 0.0709204 0.0778603 0.0772248 0.1030453 0.0808490 0.1211020 0.0782281 0.0705256 0.0819363 0.1120319 0.0933029 0.1193391 0.0951366 0.1010005 0.1049822 0.0856974 0.0892277 0.1170458 0.1145730 0.0000000 0.0823873 0.0874379 0.0891453 0.0842606 0.0757918 0.0856098 0.0291263 0.1029044 0.0680684 0.0912415 0.0868371 0.0940853 0.0612651 0.0809404 0.0810476 0.0808251 0.0723662 0.0747063 0.0760161 0.0706696 0.0857583 0.1013720 0.0641446 0.1110100 0.1081152 0.0773265 0.0855721 0.0837570 0.0773290 0.0835539 0.0930593 0.0939126 0.0971928 0.1250548 0.1069932 0.0742334 0.0852802 0.0782486 0.0722368 0.0850625 0.0855770 0.0903773 0.0873486 0.0809788 0.0916203 0.1118731 0.1735694 0.0931078 0.1472789 0.0933517 0.0866855 0.0807311 0.1661291 0.0839503 0.1629307 0.1161791 0.0950608 0.1007723 0.0851068 0.0893443 0.1659588 0.0792823 0.0888273 0.0828769 0.0803887 0.0739253 0.0901834 0.1167464 0.0778706 0.0840824 0.1015358 0.1106805 0.1131890 0.0742840 0.1472980 0.0918307 0.0766467 0.0890666 0.0671544 0.0727638 0.0837251 0.0758705 0.0871593 0.0738693 0.0782265 0.0798282 0.0860825 0.0817478 0.0876295 0.1069370 0.0783757 0.0763832 0.0756835 0.0671883 0.0956509 0.1044291 0.0781961 0.0857093 0.0815873 0.0765121 0.0908417 0.0797325 0.0841302 0.0825937 0.0846135 0.1159872 0.0816990 0.0702753 0.0346177 0.0889615 
S0400         0.1679307 0.0783569 0.0954053 0.0935485 0.1063222 0.0148960 0.1327365 0.0914927 0.0795322 0.0173472 0.0917440 0.1099701 0.1292194 0.1051135 0.1161686 0.1147580 0.1051215 0.1009149 0.1260885 0.1268000 0.0823873 0.0000000 0.0303593 0.0976147 0.0820331 0.0906792 0.0893498 0.0892189 0.1171564 0.0906224 0.1046820 0.0814711 0.1341684 0.0746491 0.0437725 0.0277634 0.1037971 0.0770541 0.1025287 0.0759636 0.0145432 0.0992046 0.1151873 0.0765622 0.1232938 0.1557441 0.0185995 0.1037294 0.0836694 0.0123140 0.0873782 0.0986197 0.1023420 0.1101458 0.1242857 0.1227558 0.0923309 0.1032958 0.0884633 0.0855907 0.0969275 0.1005139 0.1018608 0.1060533 0.0961330 0.0847972 0.1190337 0.1620283 0.1109174 0.1474712 0.1051568 0.1049467 0.0892746 0.1506330 0.0877315 0.1493411 0.1233102 0.1115382 0.1084669 0.0755535 0.0976693 0.1539297 0.0174212 0.0849558 0.0982290 0.0983278 0.0906182 0.1169434 0.1256909 0.0897688 0.1034147 0.1153754 0.1248400 0.1255085 0.0185981 0.1305283 0.1071350 0.0854331 0.0253236 0.0165091 0.0787683 0.0907846 0.0834824 0.1025763 0.0842441 0.0884679 0.0947513 0.0765562 0.0856874 0.0925427 0.1143148 0.0925450 0.0162053 0.0951006 0.0821588 0.0392453 0.1222261 0.0651686 0.0932427 0.0636743 0.0751768 0.1078185 0.0945879 0.0988565 0.0944399 0.0931716 0.1260018 0.0886187 0.0881446 0.0812831 0.0976278 
S0405         0.1604868 0.0829714 0.0917155 0.1014174 0.1128686 0.0290599 0.1367239 0.1048433 0.0900990 0.0315138 0.1012215 0.1182979 0.1212681 0.1133522 0.1213807 0.1052918 0.1132506 0.1074868 0.1210717 0.1281930 0.0874379 0.0303593 0.0000000 0.1025076 0.0894245 0.0939439 0.1035108 0.0985474 0.1153367 0.0953946 0.1097449 0.0831315 0.1428889 0.0778456 0.0491667 0.0343881 0.1071847 0.0910615 0.1106508 0.0805707 0.0318285 0.1056056 0.1186494 0.0855702 0.1231220 0.1504205 0.0276093 0.1134346 0.0956975 0.0263188 0.0994793 0.1066118 0.1104485 0.1183298 0.1390155 0.1296482 0.0956409 0.1118408 0.0901536 0.0940211 0.0986798 0.1102808 0.1115021 0.1143275 0.1056966 0.0915916 0.1240836 0.1647839 0.1223107 0.1586576 0.1167103 0.1130603 0.1003313 0.1492668 0.0998860 0.1479247 0.1356210 0.1197406 0.1166671 0.0801460 0.1055801 0.1508926 0.0304522 0.0927114 0.1061879 0.1017033 0.0923525 0.1220887 0.1270874 0.0979496 0.1131439 0.1187820 0.1229994 0.1236464 0.0250241 0.1260011 0.1123048 0.0961351 0.0387424 0.0243494 0.0819543 0.1000235 0.0800299 0.1121768 0.0949520 0.0992465 0.1027313 0.0827568 0.0977783 0.0977756 0.1193140 0.0989381 0.0291526 0.1060979 0.0927476 0.0507925 0.1274898 0.0725109 0.1058701 0.0724085 0.0797309 0.1110844 0.0993679 0.0990995 0.1005348 0.0948904 0.1274153 0.0932913 0.0958526 0.0889149 0.1072060 
S0407sl       0.1533705 0.0899759 0.0776332 0.0621151 0.1104244 0.0943780 0.1337894 0.0598939 0.0833963 0.0984558 0.1141491 0.0686333 0.1177823 0.1036307 0.0694000 0.1075696 0.0648063 0.0998920 0.1308907 0.1236634 0.0891453 0.0976147 0.1025076 0.0000000 0.1020531 0.0505095 0.1027299 0.1032802 0.1125159 0.0652329 0.1071600 0.1017421 0.1387426 0.0415408 0.0896699 0.0957798 0.0566257 0.0732386 0.0888171 0.0910130 0.0800871 0.1019473 0.1027186 0.0947662 0.1186521 0.1409706 0.0923288 0.1061753 0.0988919 0.0908237 0.0986635 0.1104491 0.1095224 0.1114988 0.1243772 0.1167192 0.0669426 0.0997292 0.0906995 0.0543908 0.0886424 0.0997943 0.0961675 0.1120876 0.0984944 0.0857775 0.1168435 0.1723028 0.1188226 0.1486614 0.0936779 0.0992424 0.0958821 0.1633611 0.1032234 0.1621322 0.1112907 0.1120203 0.1045657 0.1051701 0.1046524 0.1650327 0.0962047 0.1179262 0.0955267 0.0608075 0.0623866 0.0929053 0.1221064 0.0859129 0.0649355 0.1075288 0.1216969 0.1223714 0.0862899 0.1600675 0.1082526 0.0878625 0.1016799 0.0826333 0.0941263 0.0973311 0.1070727 0.0902819 0.0882025 0.0909889 0.0538417 0.1025656 0.0969456 0.0221376 0.1121093 0.0815202 0.0916919 0.0973709 0.0769569 0.1122093 0.0709655 0.0935177 0.0851136 0.0918730 0.0946797 0.1123959 0.0842027 0.0838316 0.0963740 0.0969654 0.1356670 0.0893422 0.0799697 0.1049354 0.0983548 
S0412sl       0.1464882 0.0856351 0.0739078 0.0875144 0.0981438 0.0789306 0.1327438 0.0914861 0.0705098 0.0800150 0.1087244 0.0963598 0.1208349 0.1100837 0.1140806 0.1123340 0.1033405 0.0910402 0.1054602 0.1243559 0.0842606 0.0820331 0.0894245 0.1020531 0.0000000 0.0843309 0.0911793 0.0891369 0.1167432 0.0890779 0.0934856 0.0811297 0.1276604 0.0660261 0.0788028 0.0865923 0.0988389 0.0927484 0.1011398 0.0709707 0.0700387 0.0862697 0.1139250 0.0583434 0.1217915 0.1586406 0.0753410 0.0926323 0.0873815 0.0724424 0.0871795 0.0986262 0.0955754 0.0954688 0.1439393 0.1162204 0.0971399 0.1203909 0.0823709 0.0869953 0.0989919 0.0860493 0.0954347 0.0945403 0.0851226 0.1017833 0.1105761 0.1867654 0.1073990 0.1500511 0.0994391 0.0957343 0.0938946 0.1750707 0.0855621 0.1738417 0.1156525 0.0968265 0.1082736 0.0842373 0.0894812 0.1767751 0.0806537 0.0970942 0.0838981 0.0949666 0.0936502 0.1152004 0.1253293 0.1080177 0.0904700 0.0973756 0.1226267 0.1251607 0.0755579 0.1532536 0.1006025 0.0778608 0.0905211 0.0594707 0.0861051 0.0843928 0.0841740 0.1042765 0.0749332 0.0778692 0.0928693 0.0899613 0.0854575 0.1005360 0.1043346 0.0971759 0.0730880 0.0808724 0.0699651 0.0932399 0.1185874 0.0761124 0.1006904 0.0837994 0.0670897 0.0980585 0.0800486 0.0990202 0.0880144 0.0854945 0.1341136 0.0757901 0.0744047 0.0843288 0.0961239 
S0417         0.1479945 0.0805633 0.0665568 0.0436132 0.0906837 0.0875209 0.1068090 0.0456739 0.0595638 0.0885548 0.1050879 0.0511220 0.0953326 0.0830813 0.0561107 0.0843160 0.0505542 0.0820556 0.1120449 0.1040105 0.0757918 0.0906792 0.0939439 0.0505095 0.0843309 0.0000000 0.0776926 0.0840102 0.0932848 0.0535068 0.0815490 0.0825750 0.1098077 0.0248152 0.0858952 0.0904354 0.0453473 0.0572040 0.0687855 0.0722254 0.0671471 0.0823993 0.0886575 0.0745129 0.0976244 0.1332134 0.0841122 0.0808214 0.0740357 0.0826408 0.0738686 0.0846400 0.0869539 0.0899425 0.1086496 0.1034110 0.0566932 0.0824027 0.0679496 0.0447384 0.0738062 0.0759439 0.0758932 0.0846911 0.0719436 0.0966022 0.0989718 0.1541681 0.1030972 0.1324671 0.0879196 0.0743865 0.0738868 0.1480129 0.0780570 0.1450551 0.0964145 0.0822403 0.0886339 0.0949325 0.0767556 0.1496399 0.0892910 0.1104874 0.0694849 0.0463845 0.0522902 0.0722455 0.1076179 0.0694827 0.0476445 0.0920835 0.1019461 0.1043276 0.0796328 0.1430828 0.0885328 0.0652458 0.0962897 0.0728895 0.0813199 0.0712323 0.0967741 0.0746125 0.0626222 0.0681728 0.0465255 0.1002444 0.0721857 0.0513765 0.0974688 0.0648508 0.0848650 0.0727047 0.0619943 0.1027988 0.0538374 0.0835772 0.0711772 0.0864959 0.0686201 0.0828900 0.0689848 0.0684114 0.0719262 0.0753113 0.1211186 0.0755363 0.0648833 0.0886039 0.0823828 
S0419         0.0000010 0.0858739 0.0196126 0.0838364 0.0568155 0.0866458 0.1205214 0.0979349 0.0622631 0.0847774 0.1209768 0.0952365 0.1106313 0.0917562 0.1072542 0.0964934 0.0995934 0.0866191 0.0710633 0.1065657 0.0856098 0.0893498 0.1035108 0.1027299 0.0911793 0.0776926 0.0000000 0.1044398 0.0987196 0.0872113 0.0771812 0.0836525 0.1198614 0.0601152 0.0967179 0.0952954 0.0901556 0.0741354 0.0925821 0.0900574 0.0916039 0.0533454 0.0986612 0.0857702 0.1131944 0.1183902 0.0868117 0.0802885 0.0095658 0.0867800 0.0095455 0.0195359 0.0764552 0.0605961 0.1297615 0.1156767 0.0857731 0.0941023 0.0654813 0.1005522 0.0811137 0.0680463 0.0879933 0.0912913 0.0689440 0.1115674 0.0749914 0.1825860 0.1031046 0.1632272 0.1097659 0.0778739 0.0731527 0.1622132 0.0144562 0.1608914 0.1090550 0.1000335 0.0984191 0.1066351 0.0772849 0.1647541 0.0954183 0.1105619 0.0814805 0.0916620 0.0874075 0.1112270 0.1047977 0.0868466 0.0921559 0.1042645 0.1082275 0.1092194 0.0866991 0.1239831 0.0839715 0.0699740 0.1006772 0.0679612 0.0985836 0.0741315 0.1113325 0.1021392 0.0643614 0.0699470 0.0847232 0.1207898 0.0079614 0.0980612 0.0693968 0.0933279 0.0868445 0.0738880 0.0525428 0.1165111 0.1049735 0.0930647 0.1043135 0.0947378 0.0816359 0.0787991 0.0734802 0.1025973 0.0727884 0.0656342 0.1207967 0.0509991 0.0543906 0.0918841 0.0802006 
S0427         0.1464027 0.0838952 0.0911073 0.0884012 0.1139938 0.0860708 0.1341745 0.0915077 0.0775968 0.0900930 0.1185300 0.1078877 0.1215232 0.1061239 0.1103988 0.1088892 0.0967421 0.0972442 0.1171000 0.1301715 0.0291263 0.0892189 0.0985474 0.1032802 0.0891369 0.0840102 0.1044398 0.0000000 0.1203611 0.0839211 0.0928623 0.0931806 0.1120131 0.0706208 0.0844413 0.0892854 0.0935281 0.0874643 0.0972982 0.0858394 0.0668731 0.1020611 0.1138933 0.0742469 0.1233515 0.1260684 0.0826349 0.0825713 0.1006019 0.0811454 0.1003699 0.1101063 0.0968083 0.1115669 0.1370299 0.1227686 0.0888535 0.1064149 0.0860419 0.0839554 0.0962262 0.0853551 0.0900790 0.0892492 0.0812340 0.1009685 0.1185877 0.1910854 0.0931438 0.1532241 0.0990065 0.0882985 0.0816435 0.1816889 0.0987750 0.1804669 0.1148517 0.0930503 0.1082486 0.0933747 0.0940609 0.1834024 0.0845529 0.0983720 0.0848020 0.0949878 0.0869717 0.1030949 0.1323898 0.0968652 0.0966822 0.0834779 0.1248702 0.1272230 0.0811509 0.1334819 0.1014950 0.0835441 0.0944676 0.0713516 0.0829115 0.0900569 0.0951370 0.0921623 0.0823398 0.0864829 0.0972971 0.0939897 0.0984922 0.0949618 0.1170258 0.0899921 0.0817575 0.0868192 0.0726536 0.1000064 0.1218892 0.0803330 0.0922689 0.0865528 0.0835920 0.0972402 0.0879496 0.1002270 0.0856175 0.0907041 0.1308198 0.0882102 0.0756399 0.0395783 0.0965936 
S0430         0.1953677 0.1081295 0.0912379 0.0996601 0.1131067 0.1169056 0.0113625 0.1093798 0.0976331 0.1163286 0.1344956 0.1032733 0.0189227 0.0694479 0.1099119 0.0370144 0.1028993 0.0998275 0.1058617 0.0085465 0.1029044 0.1171564 0.1153367 0.1125159 0.1167432 0.0932848 0.0987196 0.1203611 0.0000000 0.0946471 0.1225159 0.1023729 0.0974201 0.0782528 0.1120383 0.1164277 0.0995375 0.0978251 0.1079396 0.1068932 0.1229144 0.1084685 0.0358404 0.1059424 0.0174822 0.1190957 0.1111367 0.1148277 0.0948860 0.1064375 0.0987045 0.1063340 0.1063299 0.1181589 0.1450152 0.0958871 0.0978508 0.1261024 0.0851793 0.1015361 0.0671114 0.1117212 0.1193325 0.1241141 0.1086186 0.1280167 0.1256845 0.2014210 0.1184354 0.1226489 0.0755081 0.1177163 0.1064676 0.1863178 0.1031991 0.1850024 0.1389483 0.1159630 0.0809850 0.1195001 0.1131720 0.1898403 0.1136230 0.1289031 0.1054729 0.1010922 0.0959283 0.1144367 0.0135939 0.1068298 0.1046048 0.0800273 0.0049061 0.0073332 0.1114704 0.1076135 0.1066845 0.1006851 0.1227440 0.1000601 0.1057794 0.1124740 0.1174164 0.1049461 0.1026487 0.1039606 0.0971356 0.1249625 0.0969856 0.1029225 0.1208507 0.0986872 0.1141754 0.1074112 0.0893422 0.1317716 0.1050361 0.1096998 0.1111626 0.1033784 0.0995739 0.1144849 0.0928940 0.1011956 0.1079511 0.0914029 0.1352618 0.1006556 0.0939499 0.1183397 0.1021551 
S0478         0.1558792 0.0837870 0.0787632 0.0548269 0.0999477 0.0874661 0.1178417 0.0602139 0.0678597 0.0914894 0.1114130 0.0689486 0.1047936 0.0891023 0.0697755 0.0911372 0.0693909 0.0900989 0.1230378 0.1053860 0.0680684 0.0906224 0.0953946 0.0652329 0.0890779 0.0535068 0.0872113 0.0839211 0.0946471 0.0000000 0.0922182 0.0868444 0.1073068 0.0401684 0.0858314 0.0950858 0.0683020 0.0589043 0.0656366 0.0809716 0.0745809 0.0886719 0.0916562 0.0818493 0.1021742 0.1190787 0.0854935 0.0928585 0.0835097 0.0840196 0.0833207 0.0944018 0.0900108 0.1009946 0.1129368 0.1017498 0.0578737 0.0783657 0.0780744 0.0603824 0.0672854 0.0880891 0.0895570 0.0984579 0.0839523 0.0987213 0.1113811 0.1765410 0.0959646 0.1351816 0.0787608 0.0907165 0.0843216 0.1587139 0.0876216 0.1572349 0.1041107 0.0973983 0.0927801 0.0899616 0.0870359 0.1603666 0.0892349 0.1103796 0.0798089 0.0579374 0.0534713 0.0703955 0.1090031 0.0637916 0.0620967 0.1013240 0.1033305 0.1057068 0.0825300 0.1372073 0.0869687 0.0767775 0.0961851 0.0728570 0.0889748 0.0829132 0.0905577 0.0772190 0.0755797 0.0768250 0.0597079 0.1068150 0.0816353 0.0653252 0.1067150 0.0603255 0.0848111 0.0815011 0.0662115 0.1045206 0.0861910 0.0895471 0.0754990 0.0864552 0.0787729 0.0954099 0.0752610 0.0681131 0.0867671 0.0811703 0.1243351 0.0725915 0.0691280 0.0884570 0.0868518 
