116
PAFTOL_019361 0.0000000 0.1695452 0.1769723 0.1667896 0.1856635 0.1888426 0.2062699 0.1851184 0.1985653 0.1817106 0.2003070 0.2045341 0.2323153 0.1926275 0.6580699 0.1869156 0.1947098 0.2202685 0.1888312 0.1918212 0.1828779 0.1928730 0.1831800 0.1978839 0.2113673 0.1820353 0.1743218 0.2005096 0.2296341 0.1823065 0.2025466 0.1936551 0.2077643 0.1830457 0.1921409 0.2347268 0.1990595 0.1991684 0.1925549 0.1922513 0.1858718 0.2009544 0.1938367 0.1830457 0.2177511 0.1568169 0.2138068 0.1871353 0.1899881 0.1795671 0.1724627 0.1994261 0.1840185 0.2118052 0.2035683 0.1691947 0.2398774 0.2002739 0.1687476 0.1661521 0.1651887 0.2301082 0.2319595 0.1923643 0.1698945 0.1926069 0.2041178 0.2332227 0.1913367 0.1994921 0.2025284 0.1889556 0.2052086 0.2189978 0.2011824 0.1990721 0.1800796 0.2070547 0.1774414 0.1991709 0.1519382 0.2560325 0.2155141 0.2051780 0.2388011 0.1644397 0.1970466 0.1983205 0.1922409 0.2177365 0.1980410 0.1959567 0.1922432 0.1871657 0.1681952 0.2052086 0.1788671 0.1832141 0.2041271 0.2008614 0.1992160 0.1928386 0.1832082 0.2283251 0.1707439 0.2059091 0.2469896 0.2086272 0.2152397 0.1728300 0.1899449 0.2001506 0.1821333 0.1858035 0.1843164 0.1697957 
S0055         0.1695452 0.0000000 0.0474015 0.0486098 0.0279318 0.0584843 0.0627015 0.0426923 0.0376041 0.0803067 0.0907147 0.0744261 0.1032134 0.0574156 0.1305309 0.0340584 0.0331204 0.0841978 0.0378782 0.0577610 0.0229550 0.0524982 0.0480540 0.0518216 0.0791729 0.0731121 0.0377690 0.0578233 0.0628761 0.0429006 0.0653207 0.0697561 0.0446461 0.0469615 0.0523399 0.0912033 0.0626947 0.0423687 0.0474486 0.0326864 0.0630830 0.0477501 0.0574819 0.0469615 0.0631908 0.0519013 0.0421314 0.0424659 0.0518945 0.0577698 0.0633250 0.0521412 0.0473717 0.0617972 0.0622057 0.0385995 0.1026376 0.0899226 0.0525908 0.0377879 0.0376075 0.0931455 0.0903124 0.0521009 0.0737040 0.0472183 0.0626694 0.0907138 0.0325782 0.0377036 0.0633148 0.0529268 0.0467907 0.0635272 0.0696414 0.0652592 0.0474569 0.0783523 0.0422269 0.0276991 0.0530294 0.1274306 0.0794330 0.0375143 0.0000010 0.0182597 0.0573350 0.0519475 0.0595701 0.0742254 0.0522328 0.0635242 0.0229790 0.0478961 0.0397624 0.0573975 0.0327329 0.0523469 0.0684089 0.0740715 0.0372776 0.0623596 0.0324436 0.0586798 0.0135857 0.0526160 0.1078660 0.0972669 0.0685557 0.0475110 0.0518814 0.0796522 0.0532482 0.0574968 0.0182208 0.0371970 
S0196sl       0.1769723 0.0474015 0.0000000 0.0333994 0.0585419 0.0801648 0.0525109 0.0324834 0.0579203 0.0686578 0.0797645 0.0744167 0.0976872 0.0473586 0.8047101 0.0550134 0.0586467 0.0957404 0.0687929 0.0090046 0.0374507 0.0425166 0.0691272 0.0622479 0.0906167 0.0471436 0.0633826 0.0685968 0.0520271 0.0636619 0.0593685 0.0811155 0.0497349 0.0276453 0.0423897 0.0808235 0.0735590 0.0628427 0.0279250 0.0527408 0.0136093 0.0280998 0.0681830 0.0276453 0.0849261 0.0420395 0.0728342 0.0527574 0.0420342 0.0470830 0.0324780 0.0626396 0.0577842 0.0724846 0.0729712 0.0189236 0.0863831 0.0676488 0.0425903 0.0477124 0.0474829 0.0825402 0.0800364 0.0676574 0.0632088 0.0575967 0.0524840 0.0803911 0.0525576 0.0580800 0.0530181 0.0741630 0.0672544 0.0853933 0.0329765 0.0648630 0.0682385 0.0678449 0.0325150 0.0473831 0.0429440 0.1337161 0.0374175 0.0577774 0.8114195 0.0477889 0.0472921 0.0624036 0.0708133 0.0636537 0.0423054 0.0635175 0.0424486 0.0184351 0.0194825 0.0786139 0.0528142 0.0326731 0.0630663 0.0635178 0.0574031 0.0785885 0.0574908 0.0914441 0.0426546 0.0579757 0.0965792 0.0918110 0.0796924 0.0526902 0.0420236 0.0682990 0.0332284 0.0424098 0.0325072 0.0276221 
S0281         0.1667896 0.0486098 0.0333994 0.0000000 0.0547967 0.0823221 0.0486868 0.0542618 0.0439277 0.0999023 0.0761031 0.0935124 0.0822849 0.0485647 0.1514528 0.0510957 0.0548974 0.0983278 0.0706093 0.0436094 0.0434785 0.0435973 0.0655967 0.0586057 0.0930643 0.0537124 0.0650424 0.0539832 0.0754960 0.0653379 0.0837639 0.0828641 0.0622350 0.0381252 0.0434632 0.0829330 0.0754948 0.0592237 0.0385252 0.0489409 0.0488491 0.0335445 0.0486545 0.0381252 0.0872019 0.0331810 0.0694166 0.0541179 0.0283066 0.0755041 0.0490394 0.0589817 0.0592798 0.0690137 0.0694865 0.0293888 0.0945248 0.0815726 0.0384090 0.0489373 0.0486953 0.0847403 0.0821037 0.0748676 0.0593601 0.0436041 0.0484128 0.0824770 0.0487681 0.0539944 0.0492043 0.0652761 0.0637576 0.0821269 0.0550897 0.0786064 0.0700245 0.0643213 0.0333277 0.0435195 0.0339059 0.1052464 0.0593209 0.0540678 0.0000028 0.0490172 0.0484949 0.0484575 0.0727399 0.0599560 0.0383418 0.0651856 0.0435252 0.0386925 0.0302886 0.0752772 0.0439056 0.0434691 0.0647113 0.0651861 0.0537099 0.0752441 0.0589719 0.0939351 0.0437419 0.0648723 0.0824530 0.0765369 0.0703834 0.0539147 0.0282991 0.0813261 0.0442312 0.0486360 0.0383296 0.0186986 
S0282         0.1856635 0.0279318 0.0585419 0.0547967 0.0000000 0.0698176 0.0632819 0.0233307 0.0281961 0.0989561 0.0811413 0.0982326 0.1100278 0.0689609 0.1305309 0.0142799 0.0285385 0.0851716 0.0590858 0.0693868 0.0429174 0.0638702 0.0700074 0.0630152 0.0917951 0.0745871 0.0537623 0.0478919 0.0531928 0.0644654 0.0890595 0.0821771 0.0243780 0.0579817 0.0636708 0.1045132 0.0639420 0.0329465 0.0534847 0.0137830 0.0749697 0.0589843 0.0638952 0.0579817 0.0860208 0.0631175 0.0737455 0.0637803 0.0631086 0.0801551 0.0752627 0.0634167 0.0585008 0.0733871 0.0738858 0.0390758 0.1164972 0.1145424 0.0639854 0.0589425 0.0586498 0.0947967 0.1034611 0.0738777 0.0860666 0.0583092 0.0744607 0.1039357 0.0137390 0.0484951 0.0752532 0.0751087 0.0786233 0.0971964 0.0820389 0.0889647 0.0690951 0.0745572 0.0531006 0.0184605 0.0645298 0.1490937 0.0748066 0.0231083 0.0000010 0.0379223 0.0580347 0.0631749 0.0769031 0.0749303 0.0635343 0.0865092 0.0330774 0.0591700 0.0348458 0.0905118 0.0138032 0.0529837 0.0692624 0.0865140 0.0279518 0.0848432 0.0429005 0.0760289 0.0232712 0.0640121 0.1145897 0.1039317 0.0917895 0.0536138 0.0630926 0.0912351 0.0648032 0.0690608 0.0378382 0.0478235 
S0289         0.1888426 0.0584843 0.0801648 0.0823221 0.0698176 0.0000000 0.0969620 0.0747124 0.0747356 0.0806971 0.0915807 0.0688350 0.1290878 0.0801768 0.1305309 0.0611391 0.0813486 0.1207359 0.0480399 0.0916602 0.0636265 0.0749682 0.0482652 0.0739397 0.0979084 0.1083720 0.0380721 0.1030739 0.1032846 0.0430859 0.0656303 0.1056534 0.0783229 0.0793725 0.0747290 0.1160255 0.0969428 0.0854481 0.0802488 0.0636935 0.0975973 0.0807846 0.0694864 0.0793725 0.0634794 0.0740647 0.0850166 0.0534002 0.0740538 0.0580288 0.0805443 0.0744185 0.0641205 0.0845948 0.0851790 0.0549014 0.1352405 0.1210432 0.0751058 0.0593202 0.0590236 0.1188993 0.1214727 0.0743588 0.0979107 0.0743083 0.0969115 0.1220426 0.0634649 0.0805304 0.0803706 0.0427798 0.0791362 0.0984086 0.0939659 0.0655675 0.0428209 0.0959797 0.0638151 0.0689231 0.0757508 0.1634993 0.1157687 0.0739390 0.0000010 0.0589763 0.0794479 0.0792664 0.0895002 0.1101121 0.0853280 0.0524558 0.0636941 0.0810507 0.0566161 0.0911227 0.0637816 0.0741715 0.0969119 0.0984346 0.0689406 0.0687391 0.0796796 0.0638920 0.0640176 0.0859850 0.1415010 0.1226568 0.0977999 0.0534435 0.0740351 0.0985276 0.0760766 0.0802936 0.0582379 0.0583466 
S0292         0.2062699 0.0627015 0.0525109 0.0486868 0.0632819 0.0969620 0.0000000 0.0680666 0.0574760 0.1092232 0.0909777 0.1143683 0.1025016 0.0626437 0.1305309 0.0598811 0.0525567 0.0961289 0.0850472 0.0630221 0.0575251 0.0576803 0.0799052 0.0572879 0.1076800 0.0785489 0.0741193 0.0629014 0.0785152 0.0797742 0.0996310 0.0923277 0.0712704 0.0520203 0.0575034 0.1091345 0.0844962 0.0573476 0.0475833 0.0574144 0.0684270 0.0528996 0.0631198 0.0520203 0.0907831 0.0570171 0.0889573 0.0683363 0.0570095 0.0956938 0.0632981 0.0576465 0.0630539 0.0674495 0.0627341 0.0437390 0.1093608 0.1190883 0.0577815 0.0476948 0.0474654 0.0940873 0.0967002 0.0783962 0.0791896 0.0628507 0.0476120 0.0971364 0.0572146 0.0738985 0.0633542 0.0788679 0.0831066 0.1023149 0.0751674 0.0994513 0.0843460 0.0838516 0.0472483 0.0520133 0.0530615 0.1401090 0.0231048 0.0624566 0.0000010 0.0632233 0.0424728 0.0625391 0.0875975 0.0184295 0.0090273 0.0795861 0.0575854 0.0530630 0.0450670 0.0950338 0.0574930 0.0575111 0.0580905 0.0795893 0.0620523 0.0950034 0.0731347 0.0861785 0.0578715 0.0792038 0.1069061 0.0909052 0.0853094 0.0529684 0.0569952 0.0963059 0.0585068 0.0627333 0.0522988 0.0421381 
S0293         0.1851184 0.0426923 0.0324834 0.0542618 0.0233307 0.0747124 0.0680666 0.0000000 0.0328568 0.0691346 0.0861058 0.0802922 0.1212656 0.0737974 0.8047101 0.0191139 0.0332555 0.0964255 0.0639316 0.0423986 0.0425895 0.0687008 0.0749153 0.0677792 0.0967738 0.0630512 0.0585776 0.0579910 0.0276126 0.0693401 0.0650537 0.0872035 0.0142570 0.0627381 0.0684863 0.1095964 0.0740694 0.0376084 0.0582770 0.0183563 0.0474833 0.0638218 0.0687236 0.0627381 0.0909652 0.0678903 0.0785642 0.0686028 0.0678806 0.0523553 0.0577835 0.0682107 0.0632980 0.0781822 0.0787126 0.0439069 0.1155389 0.0839335 0.0688240 0.0637772 0.0634605 0.0999316 0.1084948 0.0733025 0.0910158 0.0630920 0.0793275 0.1089920 0.0182975 0.0532808 0.0801724 0.0800174 0.0834330 0.1027403 0.0587113 0.0706610 0.0739392 0.0848356 0.0578589 0.0230497 0.0694077 0.1611718 0.0473910 0.0276975 0.8114195 0.0531501 0.0627955 0.0679518 0.0939850 0.0798247 0.0683385 0.0914844 0.0377586 0.0531042 0.0452453 0.0954178 0.0183823 0.0577305 0.0741189 0.0914905 0.0325722 0.0897212 0.0527408 0.0809935 0.0379416 0.0635115 0.1197126 0.1150339 0.0967663 0.0531018 0.0678636 0.0964055 0.0697006 0.0685211 0.0375506 0.0525442 
S0294         0.1985653 0.0376041 0.0579203 0.0439277 0.0281961 0.0747356 0.0574760 0.0328568 0.0000000 0.0915680 0.0918747 0.0971141 0.1161862 0.0682198 0.1305309 0.0240661 0.0282464 0.0845773 0.0584537 0.0686369 0.0424748 0.0631868 0.0639903 0.0572384 0.0907652 0.0737764 0.0531922 0.0476127 0.0526348 0.0637692 0.0880347 0.0752760 0.0343424 0.0573728 0.0629917 0.0919749 0.0629738 0.0326125 0.0529206 0.0231061 0.0741505 0.0583531 0.0428165 0.0573728 0.0850664 0.0624497 0.0729530 0.0630990 0.0624410 0.0792759 0.0744375 0.0575970 0.0527640 0.0673882 0.0678394 0.0491484 0.1035180 0.0907617 0.0632995 0.0531544 0.0528947 0.0883211 0.0910689 0.0678316 0.0851102 0.0426735 0.0684807 0.0914771 0.0230312 0.0479857 0.0744281 0.0742865 0.0777780 0.0966227 0.0811171 0.0879423 0.0683518 0.0790683 0.0525444 0.0182784 0.0582508 0.1404767 0.0739915 0.0278456 0.0000010 0.0478690 0.0630183 0.0523558 0.0878563 0.0741125 0.0628574 0.0855423 0.0327407 0.0585367 0.0506581 0.0895122 0.0184304 0.0630001 0.0743858 0.0855468 0.0182681 0.0732787 0.0475043 0.0698374 0.0328976 0.0633262 0.1071798 0.1034849 0.0852243 0.0529228 0.0624252 0.1025760 0.0640996 0.0683179 0.0374521 0.0473289 
S0299         0.1817106 0.0803067 0.0686578 0.0999023 0.0989561 0.0806971 0.1092232 0.0691346 0.0915680 0.0000000 0.1298024 0.0749062 0.1639474 0.1032946 0.8047101 0.0962668 0.0991356 0.1340303 0.0581756 0.0797185 0.0801165 0.0978706 0.0584525 0.0907785 0.1222536 0.1141644 0.0433360 0.1098037 0.0906860 0.0531462 0.0597565 0.1169991 0.0904021 0.1022152 0.0975481 0.1345324 0.0968846 0.1031232 0.0802103 0.0920393 0.0746437 0.1040929 0.0975535 0.1022152 0.0854888 0.0966435 0.1082112 0.0864815 0.0966278 0.0375213 0.0858369 0.0913822 0.0807525 0.1018398 0.1025583 0.0890423 0.1480272 0.1140156 0.0980568 0.0758839 0.0754955 0.1323066 0.1401077 0.0856530 0.1222464 0.1028381 0.1209536 0.1407779 0.0916853 0.1037551 0.1105696 0.0640149 0.1018973 0.1228760 0.0872926 0.0652909 0.0583130 0.1270904 0.0859659 0.0858235 0.0864116 0.1628755 0.0972954 0.0975587 0.8114195 0.0810042 0.1145962 0.1079661 0.1141285 0.1292169 0.1086264 0.0859708 0.0857900 0.0920390 0.0857456 0.1018973 0.0921624 0.1089067 0.1339458 0.1229351 0.0858452 0.0962670 0.1026211 0.0810360 0.0745482 0.1035580 0.1402929 0.1419638 0.1221717 0.0807326 0.0966037 0.1160438 0.0993441 0.0976016 0.0744602 0.0801167 
S0308         0.2003070 0.0907147 0.0797645 0.0761031 0.0811413 0.0915807 0.0909777 0.0861058 0.0918747 0.1298024 0.0000000 0.1349224 0.1080869 0.0581993 0.1305309 0.0725590 0.0930987 0.1139087 0.1036898 0.0911955 0.0851323 0.0532127 0.1042320 0.0958342 0.1147693 0.0847430 0.0865392 0.1024361 0.1211082 0.0981646 0.1258583 0.1105190 0.0903457 0.0789802 0.0530494 0.1356102 0.1086441 0.0971275 0.0691935 0.0747145 0.0970981 0.0803777 0.0908072 0.0789802 0.1213428 0.0737002 0.0962151 0.0859058 0.0736893 0.1091324 0.0863610 0.0964724 0.0913368 0.1069515 0.1008625 0.0546287 0.1405063 0.1397324 0.0747305 0.0804012 0.0799925 0.1188304 0.1341943 0.1021012 0.0974083 0.1021595 0.0964194 0.1348353 0.0744386 0.0908321 0.0863532 0.1096013 0.0901356 0.1101964 0.0706348 0.1257020 0.1027992 0.0968743 0.0427885 0.0800858 0.0753698 0.1568095 0.1032630 0.0851951 0.0000010 0.0915059 0.0790548 0.1072590 0.0951427 0.1038372 0.0849014 0.0812264 0.0852223 0.0806407 0.0563252 0.1025400 0.0748169 0.0738059 0.0906800 0.0979266 0.0801061 0.0958027 0.0898676 0.1105919 0.0856687 0.1018812 0.1342205 0.1164585 0.1155905 0.0745466 0.0736708 0.1156301 0.0649003 0.0798920 0.0794297 0.0580633 
S0320         0.2045341 0.0744261 0.0744167 0.0935124 0.0982326 0.0688350 0.1143683 0.0802922 0.0971141 0.0749062 0.1349224 0.0000000 0.1499840 0.0858327 0.6033729 0.0896873 0.0984097 0.1332480 0.0635695 0.0856982 0.0797305 0.0916284 0.0638757 0.0794551 0.1155181 0.1014366 0.0531024 0.1207617 0.0967940 0.0584788 0.0599894 0.1238511 0.0839463 0.0959745 0.0913304 0.1275742 0.1143407 0.1023772 0.0970574 0.0913782 0.0915176 0.0977157 0.0970665 0.0959745 0.0795387 0.0904960 0.0906915 0.0638482 0.0904817 0.0475498 0.0800215 0.0799747 0.0803598 0.0845707 0.0908649 0.0828022 0.1472137 0.0962696 0.0918005 0.0696727 0.0751308 0.1375072 0.1330715 0.0855174 0.1155140 0.0965509 0.1083091 0.1337000 0.0910296 0.0974025 0.0971593 0.0630935 0.0847075 0.1101607 0.0935511 0.0653057 0.0526873 0.1078897 0.0799747 0.0852150 0.0925943 0.1774857 0.1093380 0.0968557 0.3303531 0.0750645 0.1021328 0.1016225 0.1012522 0.1282417 0.1022354 0.0631787 0.0798149 0.0809509 0.0854855 0.0969109 0.0914999 0.1024938 0.1270153 0.1161532 0.0852364 0.0847022 0.0852938 0.0859350 0.0802298 0.1030346 0.1546905 0.1431492 0.1215308 0.0803405 0.0904592 0.1160655 0.0929960 0.0971138 0.0741069 0.0742512 
S0335         0.2323153 0.1032134 0.0976872 0.0822849 0.1100278 0.1290878 0.1025016 0.1212656 0.1161862 0.1639474 0.1080869 0.1499840 0.0000000 0.0856108 0.1305309 0.1138789 0.1104002 0.1522394 0.1231316 0.1097775 0.1033114 0.0867531 0.1238037 0.1088203 0.1284020 0.1197770 0.1167600 0.1170413 0.1533848 0.1173702 0.1407184 0.1448179 0.1210086 0.0966923 0.0801073 0.1441286 0.1403173 0.1274796 0.0977922 0.1088145 0.1160409 0.0984608 0.1158052 0.0966923 0.1293805 0.0911673 0.1149467 0.1042819 0.0911528 0.1287950 0.1048476 0.1095658 0.1099568 0.1203674 0.1082248 0.0769709 0.1620367 0.1484310 0.0868872 0.0984931 0.0979769 0.1519149 0.1553630 0.1211713 0.0750595 0.1083560 0.0968811 0.1488898 0.1083836 0.1093254 0.0934085 0.1159328 0.1084637 0.1300940 0.0872532 0.1341422 0.1220350 0.1212717 0.0805600 0.1091422 0.0932982 0.0857392 0.1215613 0.1084021 0.0000010 0.1041363 0.0899874 0.1205880 0.1081699 0.1158588 0.0907281 0.1170595 0.1034218 0.0987958 0.0794439 0.1217131 0.1089557 0.0965605 0.1023044 0.0806267 0.1035411 0.1032315 0.0911967 0.1372354 0.0980484 0.1283356 0.0638683 0.0325478 0.1416576 0.1043594 0.0911299 0.1357384 0.0937060 0.0635186 0.0972654 0.0747873 
S0355         0.1926275 0.0574156 0.0473586 0.0485647 0.0689609 0.0801768 0.0626437 0.0737974 0.0682198 0.1032946 0.0581993 0.0858327 0.0856108 0.0000000 0.1305309 0.0602570 0.0690838 0.1014313 0.0688010 0.0476448 0.0523114 0.0136844 0.0691354 0.0622539 0.0729936 0.0730437 0.0633891 0.0791564 0.0953661 0.0636685 0.0879010 0.0921736 0.0773177 0.0469194 0.0044658 0.0973853 0.0841744 0.0732024 0.0474056 0.0629252 0.0630243 0.0477066 0.0624731 0.0469194 0.0849398 0.0420413 0.0523362 0.0527612 0.0420360 0.0791568 0.0530323 0.0626458 0.0577892 0.0724937 0.0729804 0.0335799 0.1090446 0.0905393 0.0425922 0.0477152 0.0474856 0.0994857 0.0964229 0.0729725 0.0524500 0.0678370 0.0626116 0.0908394 0.0627023 0.0684101 0.0530220 0.0741728 0.0470799 0.0691936 0.0186235 0.0878088 0.0682464 0.0678526 0.0135832 0.0573934 0.0429460 0.1149413 0.0793572 0.0680487 0.0000010 0.0578894 0.0572827 0.0726865 0.0596974 0.0741549 0.0521854 0.0531950 0.0523661 0.0378941 0.0345866 0.0577627 0.0630112 0.0522992 0.0734707 0.0526987 0.0574079 0.0680650 0.0574445 0.0856248 0.0526236 0.0736477 0.0902439 0.0748157 0.0905376 0.0579656 0.0420254 0.0796532 0.0332000 0.0372254 0.0471687 0.0276222 
S0376         0.6580699 0.1305309 0.8047101 0.1514528 0.1305309 0.1305309 0.1305309 0.8047101 0.1305309 0.8047101 0.1305309 0.6033729 0.1305309 0.1305309 0.0000000 0.1305309 0.1305309 0.1305309 0.1305309 0.8047101 0.0000010 0.1305309 0.1305309 0.1305309 0.1305309 0.1456076 0.1305309 0.1305309 0.8047101 0.1305309 0.7945779 0.1305309 0.0000010 0.1305309 0.1305309 0.1305309 0.1305309 0.3640937 0.1305309 0.1305309 0.8047101 0.1305309 0.1305309 0.1305309 0.1305309 0.2967238 0.1305309 0.1305309 0.1305309 0.8047101 0.4220165 0.1305309 0.1305309 0.1305309 0.1305309 0.1305309 0.0000010 0.8047101 0.1305309 0.1305309 0.1305309 0.1305309 0.1305309 0.0000010 0.1305309 0.1305309 0.1305309 0.1305309 0.1305309 0.1305309 0.1305309 0.1305309 0.1305309 0.1305309 1.1632549 0.8463464 0.1305309 0.1305309 0.1305309 0.1305309 0.1305309 0.1305309 0.8047101 0.1305309 0.1305309 0.1305309 0.1305309 0.1305309 0.1305309 0.1305309 0.1305309 0.1305309 0.1305309 0.0000021 0.1305309 0.1305309 0.1305309 0.1305309 0.1305309 0.1305309 0.1305309 0.1305309 0.1305309 0.1305309 0.1305309 0.0000010 0.0000010 0.1305309 0.1305309 0.1514528 0.1305309 0.0000021 0.1305309 0.0000010 0.0000010 0.1305309 
S0400         0.1869156 0.0340584 0.0550134 0.0510957 0.0142799 0.0611391 0.0598811 0.0191139 0.0240661 0.0962668 0.0725590 0.0896873 0.1138789 0.0602570 0.1305309 0.0000000 0.0193969 0.0826813 0.0555374 0.0660780 0.0390868 0.0604495 0.0666837 0.0596228 0.0889745 0.0713993 0.0501076 0.0441797 0.0495634 0.0610282 0.0860860 0.0790824 0.0199930 0.0544743 0.0602570 0.1019644 0.0659125 0.0289257 0.0498410 0.0094063 0.0717749 0.0554398 0.0604768 0.0544743 0.0830748 0.0544743 0.0651552 0.0603641 0.0597128 0.0770875 0.0720637 0.0600122 0.0549748 0.0702239 0.0707129 0.0350533 0.1142381 0.1062753 0.0605622 0.0553986 0.0551174 0.0919648 0.1009105 0.0707046 0.0831187 0.0547893 0.0657963 0.1013857 0.0093758 0.0447370 0.0720537 0.0719118 0.0701330 0.0701330 0.0789448 0.0859923 0.0657941 0.0768770 0.0494747 0.0141753 0.0557186 0.1545732 0.0716161 0.0189276 0.0000010 0.0446252 0.0545253 0.0597772 0.0616671 0.0662229 0.0601254 0.0835568 0.0290428 0.0502673 0.0361509 0.0820575 0.0046871 0.0493638 0.0605269 0.0835610 0.0238530 0.0763394 0.0391295 0.0728169 0.0291868 0.0605897 0.1185703 0.1075390 0.0889698 0.0447958 0.0596972 0.0950036 0.0559601 0.0657595 0.0339160 0.0441034 
S0405         0.1947098 0.0331204 0.0586467 0.0548974 0.0285385 0.0813486 0.0525567 0.0332555 0.0282464 0.0991356 0.0930987 0.0984097 0.1104002 0.0690838 0.1305309 0.0193969 0.0000000 0.0916281 0.0591927 0.0695114 0.0380060 0.0639839 0.0701337 0.0631265 0.0864565 0.0747202 0.0538592 0.0432159 0.0532878 0.0645818 0.0892242 0.0758900 0.0347784 0.0580844 0.0637844 0.1047018 0.0693407 0.0330052 0.0535807 0.0233818 0.0751039 0.0590905 0.0691615 0.0580844 0.0806837 0.0530018 0.0685620 0.0638943 0.0632203 0.0802978 0.0753982 0.0635294 0.0478874 0.0735162 0.0687309 0.0497740 0.1167073 0.0964659 0.0641001 0.0590487 0.0587549 0.1011766 0.1036464 0.0740085 0.0798100 0.0584132 0.0745933 0.1041225 0.0233051 0.0485824 0.0753887 0.0638528 0.0734236 0.0811634 0.0821882 0.0834326 0.0692188 0.0800852 0.0531953 0.0184939 0.0539093 0.1561085 0.0636025 0.0281794 0.0000010 0.0484630 0.0689852 0.0581221 0.0890406 0.0637090 0.0527610 0.0866650 0.0331366 0.0592780 0.0513238 0.0851433 0.0139213 0.0637931 0.0806868 0.0749074 0.0280014 0.0849929 0.0480891 0.0707170 0.0332974 0.0582464 0.1209087 0.1042820 0.0919541 0.0587865 0.0580764 0.0916033 0.0544074 0.0691842 0.0329858 0.0479093 
S0412sl       0.2202685 0.0841978 0.0957404 0.0983278 0.0851716 0.1207359 0.0961289 0.0964255 0.0845773 0.1340303 0.1139087 0.1332480 0.1522394 0.1014313 0.1305309 0.0826813 0.0916281 0.0000000 0.1079880 0.1075505 0.0787533 0.1015224 0.1029577 0.1000848 0.1201082 0.1245635 0.0909121 0.1081325 0.1191436 0.1025007 0.1241490 0.1031134 0.1011874 0.0947855 0.1011925 0.1460281 0.0633155 0.0956092 0.0849256 0.0848443 0.1136631 0.0964835 0.1069712 0.0947855 0.1255473 0.1002659 0.1063729 0.1013579 0.0893648 0.1190907 0.1141104 0.1007456 0.0956533 0.1111425 0.1119187 0.0873016 0.1590299 0.1502824 0.0906509 0.0906318 0.0901701 0.1307228 0.1445111 0.1119118 0.1256418 0.0844920 0.1015959 0.1451983 0.0845279 0.0798511 0.1141099 0.1138747 0.1001860 0.1200406 0.1220145 0.1300148 0.1070683 0.1249300 0.0897226 0.0788663 0.1025837 0.1883567 0.1147390 0.0902071 0.0000010 0.0741512 0.0956230 0.0894605 0.1224244 0.1091379 0.0899861 0.1263229 0.0735851 0.0913909 0.0840315 0.1128175 0.0849572 0.1012065 0.1081624 0.1263407 0.0895965 0.1111084 0.0898388 0.1212161 0.0792405 0.0958980 0.1582402 0.1598706 0.1084483 0.0959733 0.0893428 0.1317429 0.0973610 0.1070287 0.0732056 0.0839196 
S0417         0.1888312 0.0378782 0.0687929 0.0706093 0.0590858 0.0480399 0.0850472 0.0639316 0.0584537 0.0581756 0.1036898 0.0635695 0.1231316 0.0688010 0.1305309 0.0555374 0.0591927 0.1079880 0.0000000 0.0798775 0.0528304 0.0637237 0.0278898 0.0628729 0.0858539 0.0960923 0.0279358 0.0746351 0.0852926 0.0230598 0.0544587 0.0931440 0.0669765 0.0681290 0.0635251 0.1092925 0.0735299 0.0634203 0.0578660 0.0532234 0.0855903 0.0693160 0.0688784 0.0681290 0.0527121 0.0527903 0.0631098 0.0532889 0.0629659 0.0474653 0.0750849 0.0632720 0.0532324 0.0732183 0.0737146 0.0547834 0.1280500 0.1142523 0.0638384 0.0484989 0.0482611 0.1183923 0.1146514 0.0632215 0.0858594 0.0685183 0.0850032 0.1151815 0.0530369 0.0586158 0.0750755 0.0426937 0.0679316 0.0862910 0.0818395 0.0544098 0.0374395 0.0905940 0.0529822 0.0478121 0.0643806 0.1488488 0.1030967 0.0583077 0.0000010 0.0482252 0.0792725 0.0734150 0.0773645 0.0920284 0.0738370 0.0529823 0.0428316 0.0695383 0.0564904 0.0794226 0.0532980 0.0740095 0.0912802 0.0863045 0.0478244 0.0627438 0.0580163 0.0482036 0.0328384 0.0743944 0.1278381 0.1167877 0.0914740 0.0585481 0.0629499 0.0921425 0.0646523 0.0689008 0.0476336 0.0477193 
S0419         0.1918212 0.0577610 0.0090046 0.0436094 0.0693868 0.0916602 0.0630221 0.0423986 0.0686369 0.0797185 0.0911955 0.0856982 0.1097775 0.0476448 0.8047101 0.0660780 0.0695114 0.1075505 0.0798775 0.0000000 0.0475315 0.0427726 0.0802739 0.0729401 0.1023328 0.0574408 0.0742919 0.0796461 0.0624333 0.0746302 0.0703782 0.0927617 0.0606554 0.0374153 0.0426443 0.0868267 0.0846947 0.0736498 0.0277933 0.0633076 0.0135470 0.0279665 0.0791544 0.0374153 0.0964531 0.0521620 0.0838440 0.0633247 0.0521551 0.0573658 0.0423884 0.0734067 0.0684711 0.0834338 0.0840020 0.0288262 0.0924877 0.0785248 0.0528595 0.0581457 0.0578606 0.0886917 0.0859711 0.0785361 0.0740872 0.0682495 0.0629906 0.0863564 0.0630817 0.0688288 0.0636429 0.0854047 0.0780598 0.0969937 0.0331744 0.0760558 0.0792211 0.0787575 0.0424395 0.0577386 0.0533023 0.1469017 0.0474841 0.0684637 0.8114195 0.0582408 0.0576263 0.0731277 0.0822657 0.0746139 0.0524980 0.0744556 0.0526808 0.0183493 0.0296908 0.0898467 0.0633950 0.0426500 0.0739215 0.0744577 0.0680123 0.0898178 0.0681201 0.1032725 0.0529412 0.0687035 0.1085051 0.1037007 0.0911051 0.0632425 0.0521420 0.0792929 0.0433837 0.0526318 0.0424305 0.0373830 
S0427         0.1828779 0.0229550 0.0374507 0.0434785 0.0429174 0.0636265 0.0575251 0.0425895 0.0424748 0.0801165 0.0851323 0.0797305 0.1033114 0.0523114 0.0000010 0.0390868 0.0380060 0.0787533 0.0528304 0.0475315 0.0000000 0.0474366 0.0530787 0.0468296 0.0737636 0.0575359 0.0476638 0.0629023 0.0627274 0.0478638 0.0653816 0.0643667 0.0445789 0.0420137 0.0472943 0.0855930 0.0575196 0.0472662 0.0424461 0.0375066 0.0527047 0.0427145 0.0523743 0.0420137 0.0683365 0.0469006 0.0569685 0.0473758 0.0468946 0.0576323 0.0529056 0.0471179 0.0423787 0.0567032 0.0570761 0.0335656 0.0857546 0.0789104 0.0475194 0.0426842 0.0424798 0.0874038 0.0847617 0.0470817 0.0683655 0.0422413 0.0574956 0.0851360 0.0373812 0.0425885 0.0580845 0.0579785 0.0516771 0.0687022 0.0589222 0.0651625 0.0524150 0.0679134 0.0373104 0.0324436 0.0479146 0.1338778 0.0686149 0.0423733 0.1305309 0.0327153 0.0522379 0.0469423 0.0705120 0.0688472 0.0471991 0.0687006 0.0276833 0.0378734 0.0345715 0.0567932 0.0375595 0.0424354 0.0682126 0.0687017 0.0421047 0.0674337 0.0421674 0.0744314 0.0278140 0.0376528 0.0966331 0.0973586 0.0737636 0.0425020 0.0468827 0.0743148 0.0481115 0.0424297 0.0044846 0.0323543 
S0430         0.1928730 0.0524982 0.0425166 0.0435973 0.0638702 0.0749682 0.0576803 0.0687008 0.0631868 0.0978706 0.0532127 0.0916284 0.0867531 0.0136844 0.1305309 0.0604495 0.0639839 0.1015224 0.0637237 0.0427726 0.0474366 0.0000000 0.0640312 0.0573225 0.0792382 0.0680029 0.0583647 0.0740197 0.0901158 0.0586190 0.0825081 0.0868232 0.0661345 0.0421243 0.0090739 0.0920173 0.0729685 0.0681505 0.0425586 0.0474855 0.0580300 0.0428283 0.0575244 0.0421243 0.0797382 0.0372785 0.0575355 0.0478426 0.0372739 0.0740199 0.0480894 0.0576822 0.0528405 0.0674928 0.0679451 0.0287097 0.1035750 0.0963497 0.0377645 0.0428361 0.0426301 0.0939958 0.0911099 0.0679373 0.0582050 0.0628322 0.0576507 0.0915187 0.0577330 0.0633621 0.0480792 0.0690491 0.0521832 0.0694125 0.0236676 0.0760576 0.0632114 0.0628473 0.0090329 0.0524779 0.0380787 0.1224733 0.0742077 0.0630290 0.0000010 0.0529313 0.0523768 0.0676712 0.0545439 0.0690357 0.0473241 0.0482355 0.0474862 0.0429587 0.0295676 0.0630651 0.0580164 0.0474261 0.0683977 0.0584872 0.0524913 0.0630442 0.0627150 0.0803817 0.0477184 0.0685636 0.0970019 0.0812526 0.0790423 0.0529999 0.0372644 0.0692832 0.0283861 0.0425797 0.0423466 0.0229620 
S0478         0.1831800 0.0480540 0.0691272 0.0655967 0.0700074 0.0482652 0.0799052 0.0749153 0.0639903 0.0584525 0.1042320 0.0638757 0.1238037 0.0691354 0.1305309 0.0666837 0.0701337 0.1029577 0.0278898 0.0802739 0.0530787 0.0640312 0.0000000 0.0579321 0.0862866 0.0965798 0.0329171 0.0859148 0.0911239 0.0231620 0.0547229 0.0936267 0.0785460 0.0684563 0.0638309 0.1098672 0.0686978 0.0743021 0.0581400 0.0638637 0.0860201 0.0696551 0.0692133 0.0684563 0.0474407 0.0632744 0.0739323 0.0535416 0.0581474 0.0476851 0.0754577 0.0582998 0.0534846 0.0682180 0.0686792 0.0550509 0.1225187 0.1148536 0.0641473 0.0487285 0.0484884 0.1128239 0.1092627 0.0635244 0.0862920 0.0688488 0.0798637 0.1097671 0.0636339 0.0694395 0.0638886 0.0428907 0.0682569 0.0867280 0.0822563 0.0546735 0.0376094 0.0910501 0.0532320 0.0582392 0.0646947 0.1434392 0.0977771 0.0690669 0.0000010 0.0484521 0.0741860 0.0737707 0.0777609 0.0923118 0.0687916 0.0532321 0.0531349 0.0698795 0.0567750 0.0798142 0.0639522 0.0743713 0.0914403 0.0867414 0.0582541 0.0630409 0.0687168 0.0534735 0.0428436 0.0747605 0.1225904 0.1174171 0.0919391 0.0588286 0.0581325 0.0926148 0.0649692 0.0692361 0.0478550 0.0429636 
S0552sl       0.1978839 0.0518216 0.0622479 0.0586057 0.0630152 0.0739397 0.0572879 0.0677792 0.0572384 0.0907785 0.0958342 0.0794551 0.1088203 0.0622539 0.1305309 0.0596228 0.0631265 0.1000848 0.0628729 0.0729401 0.0468296 0.0573225 0.0579321 0.0000000 0.0841903 0.0780502 0.0575941 0.0730181 0.0781787 0.0578412 0.0758068 0.0800244 0.0709547 0.0616628 0.0571487 0.1075230 0.0779482 0.0571111 0.0623102 0.0571772 0.0784428 0.0575102 0.0471582 0.0616628 0.0734881 0.0566677 0.0772570 0.0572456 0.0467487 0.0730182 0.0682547 0.0090396 0.0422465 0.0089850 0.0090419 0.0485163 0.1077410 0.1008609 0.0574229 0.0425501 0.0423470 0.0982973 0.0953088 0.0568858 0.0786828 0.0620051 0.0674849 0.0957327 0.0569792 0.0573398 0.0629559 0.0681181 0.0716638 0.0898881 0.0746805 0.0812531 0.0623744 0.0833160 0.0469603 0.0518017 0.0527314 0.1391930 0.0843843 0.0621969 0.0000010 0.0522423 0.0621104 0.0567180 0.0811723 0.0686156 0.0569796 0.0790741 0.0468782 0.0629041 0.0499866 0.0830530 0.0572552 0.0673021 0.0784343 0.0790771 0.0420106 0.0775990 0.0618913 0.0688795 0.0471048 0.0676461 0.1075700 0.0970058 0.0841058 0.0423690 0.0467370 0.0956725 0.0581388 0.0623425 0.0418110 0.0418837 
S0558         0.2113673 0.0791729 0.0906167 0.0930643 0.0917951 0.0979084 0.1076800 0.0967738 0.0907652 0.1222536 0.1147693 0.1155181 0.1284020 0.0729936 0.1305309 0.0889745 0.0864565 0.1201082 0.0858539 0.1023328 0.0737636 0.0792382 0.0862866 0.0841903 0.0000000 0.1074684 0.0801520 0.1139228 0.1195840 0.0805253 0.1064365 0.0982424 0.0892114 0.0897147 0.0677464 0.1164752 0.1076559 0.0904319 0.0907121 0.0851452 0.1083925 0.0913198 0.0789582 0.0897147 0.1027352 0.0843364 0.1066442 0.0736485 0.0843235 0.0856033 0.0974866 0.0847396 0.0743942 0.0949878 0.0899159 0.0652006 0.1348917 0.1325703 0.0855328 0.0803294 0.0799215 0.1191045 0.1152877 0.0847526 0.0905574 0.0794475 0.1021412 0.1094118 0.0848265 0.0801929 0.0974812 0.0914885 0.1004379 0.1210321 0.0860645 0.1063151 0.0851389 0.1077835 0.0681143 0.0791423 0.0862658 0.1671055 0.1269047 0.0905284 0.0000010 0.0798495 0.1015458 0.0844137 0.0996843 0.1211809 0.0958187 0.1033409 0.0686172 0.0916229 0.0675207 0.1131097 0.0852589 0.0903412 0.1200318 0.0913277 0.0791622 0.1013062 0.0794324 0.1033308 0.0742193 0.0851034 0.1390552 0.1219373 0.1264491 0.0799645 0.0843025 0.1085382 0.0866360 0.0790455 0.0682639 0.0683939 
S0616         0.1820353 0.0731121 0.0471436 0.0537124 0.0745871 0.1083720 0.0785489 0.0630512 0.0737764 0.1141644 0.0847430 0.1014366 0.1197770 0.0730437 0.1456076 0.0713993 0.0747202 0.1245635 0.0960923 0.0574408 0.0575359 0.0680029 0.0965798 0.0780502 0.1074684 0.0000000 0.0903007 0.0902998 0.0840994 0.0907294 0.0990538 0.0981526 0.0604594 0.0621134 0.0677928 0.1024191 0.1009368 0.0580030 0.0627706 0.0683975 0.0627297 0.0631746 0.0952053 0.0621134 0.1131575 0.0672092 0.0999042 0.0736224 0.0671997 0.0838534 0.0629687 0.0892093 0.0842047 0.0886268 0.0775361 0.0540291 0.1016960 0.1070577 0.0681242 0.0736026 0.0732376 0.1042100 0.1014079 0.0783718 0.0900517 0.0839351 0.0785087 0.1018644 0.0681517 0.0783855 0.0793356 0.1017999 0.0938727 0.1138026 0.0692393 0.0987055 0.0896292 0.0625333 0.0572853 0.0525519 0.0686955 0.1655277 0.0736782 0.0735892 0.3398543 0.0632358 0.0729412 0.0888698 0.0876182 0.0798477 0.0676482 0.0851453 0.0678907 0.0528802 0.0503759 0.1061793 0.0684905 0.0678019 0.0898541 0.0905157 0.0627632 0.1061457 0.0775788 0.1203536 0.0682323 0.0792211 0.1199439 0.1208711 0.1076957 0.0788283 0.0671830 0.0904328 0.0689821 0.0627455 0.0523083 0.0520296 
S0624         0.1743218 0.0377690 0.0633826 0.0650424 0.0537623 0.0380721 0.0741193 0.0585776 0.0531922 0.0433360 0.0865392 0.0531024 0.1167600 0.0633891 0.1305309 0.0501076 0.0538592 0.0909121 0.0279358 0.0742919 0.0476638 0.0583647 0.0329171 0.0575941 0.0801520 0.0903007 0.0000000 0.0744021 0.0690473 0.0279916 0.0491198 0.0872437 0.0613438 0.0627756 0.0581844 0.1032237 0.0688160 0.0581149 0.0531833 0.0480341 0.0692535 0.0638606 0.0634621 0.0627756 0.0475585 0.0576856 0.0578170 0.0431909 0.0576777 0.0423991 0.0642236 0.0579566 0.0480236 0.0678104 0.0682668 0.0494117 0.1216624 0.1081548 0.0584688 0.0433148 0.0431039 0.1003484 0.1085286 0.0579105 0.0801586 0.0631310 0.0793671 0.1090257 0.0478679 0.0584382 0.0695127 0.0329018 0.0575216 0.0751718 0.0760991 0.0490773 0.0136882 0.0848746 0.0477990 0.0427240 0.0586705 0.1297872 0.0916086 0.0530608 0.0000010 0.0430731 0.0737323 0.0679905 0.0716139 0.0862292 0.0683775 0.0428011 0.0427066 0.0640632 0.0509369 0.0686341 0.0481017 0.0685346 0.0850588 0.0805683 0.0427350 0.0474569 0.0578426 0.0380941 0.0429151 0.0636771 0.1152575 0.1105289 0.0856930 0.0532550 0.0576631 0.0863124 0.0589156 0.0634808 0.0425486 0.0426239 
S0641         0.2005096 0.0578233 0.0685968 0.0539832 0.0478919 0.1030739 0.0629014 0.0579910 0.0476127 0.1098037 0.1024361 0.1207617 0.1170413 0.0791564 0.1305309 0.0441797 0.0432159 0.1081325 0.0746351 0.0796461 0.0629023 0.0740197 0.0859148 0.0730181 0.1139228 0.0902998 0.0744021 0.0000000 0.0788574 0.0801865 0.1117617 0.0924112 0.0607011 0.0679359 0.0737872 0.1154740 0.0742268 0.0575377 0.0583481 0.0475588 0.0853405 0.0691163 0.0792401 0.0679359 0.1078751 0.0627967 0.0732959 0.0739119 0.0731291 0.1017083 0.0856735 0.0734857 0.0685451 0.0835234 0.0840925 0.0598880 0.1276576 0.1200304 0.0682687 0.0690680 0.0687236 0.1121262 0.1143077 0.0840844 0.0849449 0.0789018 0.0786762 0.1148344 0.0473961 0.0689042 0.0804724 0.0965860 0.0781433 0.0855748 0.0927096 0.1116330 0.0901633 0.0848709 0.0630278 0.0423064 0.0588637 0.1404735 0.0846317 0.0525351 0.0000010 0.0687304 0.0790444 0.0838318 0.0936759 0.0852880 0.0736257 0.0971168 0.0527373 0.0693371 0.0563207 0.0899440 0.0377499 0.0737972 0.0910123 0.0971244 0.0521966 0.1011189 0.0681933 0.0977710 0.0479745 0.0849603 0.1085086 0.1047849 0.0855146 0.0687603 0.0731109 0.1030823 0.0644651 0.0792704 0.0575827 0.0576362 
S0643         0.2296341 0.0628761 0.0520271 0.0754960 0.0531928 0.1032846 0.0785152 0.0276126 0.0526348 0.0906860 0.1211082 0.0967940 0.1533848 0.0953661 0.8047101 0.0495634 0.0532878 0.1191436 0.0852926 0.0624333 0.0627274 0.0901158 0.0911239 0.0781787 0.1195840 0.0840994 0.0690473 0.0788574 0.0000000 0.0909716 0.0868159 0.1099872 0.0443614 0.0836683 0.0898276 0.1332324 0.0848213 0.0575049 0.0792583 0.0475331 0.0677816 0.0851451 0.0954577 0.0836683 0.1079275 0.0890213 0.1001673 0.0848184 0.0890075 0.0727891 0.0732849 0.0732057 0.0793134 0.0887718 0.0893783 0.0759631 0.1272995 0.1057618 0.0902821 0.0850863 0.0846557 0.1179553 0.1199883 0.0895515 0.1135397 0.0841554 0.0900916 0.1205437 0.0473704 0.0741086 0.0910150 0.0967812 0.1051190 0.1258538 0.0798609 0.0927254 0.0846699 0.1069401 0.0786808 0.0422834 0.0910504 0.1874833 0.0573904 0.0525058 0.8114195 0.0739208 0.0843094 0.0891014 0.1114412 0.0852192 0.0788337 0.1083796 0.0577453 0.0738577 0.0783698 0.1178512 0.0475989 0.0898398 0.0964494 0.1141552 0.0521678 0.1007345 0.0733405 0.0919947 0.0580328 0.0847236 0.1434976 0.1466139 0.1195658 0.0790351 0.0889857 0.1191146 0.0914390 0.0898751 0.0574228 0.0730628 
S0645sl       0.1823065 0.0429006 0.0636619 0.0653379 0.0644654 0.0430859 0.0797742 0.0693401 0.0637692 0.0531462 0.0981646 0.0584788 0.1173702 0.0636685 0.1305309 0.0610282 0.0645818 0.1025007 0.0230598 0.0746302 0.0478638 0.0586190 0.0231620 0.0578412 0.0805253 0.0907294 0.0279916 0.0801865 0.0909716 0.0000000 0.0493331 0.0876646 0.0726700 0.0630488 0.0584374 0.1037365 0.0683988 0.0687788 0.0528647 0.0584672 0.0802810 0.0531623 0.0637421 0.0630488 0.0477568 0.0579336 0.0684399 0.0482777 0.0579257 0.0425739 0.0698382 0.0582078 0.0482268 0.0681096 0.0685702 0.0442183 0.1223001 0.1086954 0.0587243 0.0434969 0.0432844 0.1126218 0.1090735 0.0581616 0.0805319 0.0634077 0.0797328 0.1095760 0.0582597 0.0639477 0.0698282 0.0378196 0.0628682 0.0809378 0.0764559 0.0492899 0.0326485 0.0852720 0.0480002 0.0529536 0.0592234 0.1428509 0.0976105 0.0636082 0.0000010 0.0432530 0.0740659 0.0682913 0.0719495 0.0921554 0.0686811 0.0479999 0.0479144 0.0643490 0.0455764 0.0742088 0.0585486 0.0577978 0.0912869 0.0809464 0.0529672 0.0577220 0.0632882 0.0533894 0.0377795 0.0692000 0.1220985 0.1110961 0.0746560 0.0430356 0.0579109 0.0867240 0.0594725 0.0637611 0.0427246 0.0428005 
S0656sl       0.2025466 0.0653207 0.0593685 0.0837639 0.0890595 0.0656303 0.0996310 0.0650537 0.0880347 0.0597565 0.1258583 0.0599894 0.1407184 0.0879010 0.7945779 0.0860860 0.0892242 0.1241490 0.0544587 0.0703782 0.0653816 0.0825081 0.0547229 0.0758068 0.1064365 0.0990538 0.0491198 0.1117617 0.0868159 0.0493331 0.0000000 0.1073106 0.0805023 0.0869881 0.0822366 0.1318263 0.0938613 0.0933578 0.0879807 0.0822805 0.0760473 0.0823663 0.0818225 0.0869881 0.0336623 0.0814782 0.0928715 0.0712979 0.0759271 0.0382234 0.0764242 0.0763109 0.0712177 0.0867502 0.0873644 0.0734091 0.1460617 0.1046179 0.0826648 0.0601705 0.0598660 0.1350170 0.1375185 0.0764320 0.0946880 0.0875155 0.0995779 0.1381906 0.0819651 0.0821023 0.0948848 0.0597784 0.0867198 0.1069917 0.0721571 0.0193771 0.0540173 0.1113484 0.0708697 0.0761553 0.0833936 0.1683574 0.0767566 0.0877986 0.7287998 0.0658876 0.0934364 0.0926601 0.0861463 0.1132234 0.0876400 0.0708719 0.0707291 0.0770290 0.0758210 0.0992708 0.0823941 0.0934603 0.1121180 0.0884081 0.0761749 0.0811624 0.0763020 0.0442454 0.0711002 0.0884295 0.1394123 0.1338764 0.1124826 0.0712005 0.0759075 0.1006624 0.0837621 0.0769862 0.0598315 0.0651632 
S0689         0.1936551 0.0697561 0.0811155 0.0828641 0.0821771 0.1056534 0.0923277 0.0872035 0.0752760 0.1169991 0.1105190 0.1238511 0.1448179 0.0921736 0.1305309 0.0790824 0.0758900 0.1031134 0.0931440 0.0927617 0.0643667 0.0868232 0.0936267 0.0800244 0.0982424 0.0981526 0.0872437 0.0924112 0.1099872 0.0876646 0.1073106 0.0000000 0.0915555 0.0803044 0.0865402 0.1306739 0.0981082 0.0864629 0.0812015 0.0756518 0.0987789 0.0817499 0.0865494 0.0803044 0.1035514 0.0857490 0.1024953 0.0866873 0.0857356 0.1042169 0.0991746 0.0805518 0.0692855 0.0908926 0.0915291 0.0665751 0.1435444 0.1272067 0.0809511 0.0760640 0.0756739 0.1266991 0.1293058 0.0915210 0.0917462 0.0807805 0.0864600 0.1299245 0.0753691 0.0814903 0.0934663 0.0989661 0.0962775 0.1168710 0.1067833 0.1071870 0.0923482 0.1094163 0.0752181 0.0697284 0.0756082 0.1553725 0.1171981 0.0810389 0.0000010 0.0703567 0.0920402 0.0858287 0.0960399 0.1114685 0.0863402 0.1054976 0.0644359 0.0820224 0.0687089 0.1089707 0.0757553 0.0865522 0.1103956 0.0917462 0.0804850 0.1032768 0.0753224 0.1106307 0.0647671 0.0526936 0.1289228 0.1237966 0.1045747 0.0757144 0.0857140 0.1221119 0.0768867 0.0923087 0.0589108 0.0695238 
S0690         0.2077643 0.0446461 0.0497349 0.0622350 0.0243780 0.0783229 0.0712704 0.0142570 0.0343424 0.0904021 0.0903457 0.0839463 0.1210086 0.0773177 0.0000010 0.0199930 0.0347784 0.1011874 0.0669765 0.0606554 0.0445789 0.0661345 0.0785460 0.0709547 0.0892114 0.0604594 0.0613438 0.0607011 0.0443614 0.0726700 0.0805023 0.0915555 0.0000000 0.0656672 0.0717323 0.1022441 0.0776150 0.0340271 0.0610150 0.0191657 0.0662747 0.0668562 0.0719906 0.0656672 0.0954328 0.0656748 0.0823035 0.0718592 0.0710666 0.0715490 0.0720197 0.0714280 0.0662806 0.0818838 0.0824657 0.0405104 0.1084210 0.1063296 0.0721033 0.0668074 0.0664600 0.0922177 0.1011843 0.0714750 0.0954908 0.0660559 0.0831440 0.1016622 0.0191015 0.0557759 0.0840739 0.0839027 0.0874034 0.1078790 0.0777415 0.0897215 0.0774718 0.0770756 0.0605570 0.0240713 0.0727427 0.1699747 0.0661311 0.0289274 0.0000010 0.0556325 0.0657303 0.0711445 0.0987674 0.0836885 0.0715692 0.0960081 0.0394767 0.0663474 0.0474463 0.1000736 0.0191941 0.0604157 0.0776701 0.0960158 0.0340314 0.0940640 0.0551841 0.0849743 0.0396770 0.0665811 0.1259095 0.1209045 0.1015614 0.0608368 0.0710480 0.1129995 0.0730643 0.0718403 0.0392891 0.0549690 
S0720         0.1830457 0.0469615 0.0276453 0.0381252 0.0579817 0.0793725 0.0520203 0.0627381 0.0573728 0.1022152 0.0789802 0.0959745 0.0966923 0.0469194 0.1305309 0.0544743 0.0580844 0.0947855 0.0681290 0.0374153 0.0420137 0.0421243 0.0684563 0.0616628 0.0897147 0.0621134 0.0627756 0.0679359 0.0836683 0.0630488 0.0869881 0.0803044 0.0656672 0.0000000 0.0419994 0.0800193 0.0728489 0.0622463 0.0276720 0.0522449 0.0424224 0.0278436 0.0675303 0.0000010 0.0840888 0.0416554 0.0721383 0.0471829 0.0416502 0.0783736 0.0525275 0.0620471 0.0572390 0.0717948 0.0722726 0.0187497 0.0911615 0.1006386 0.0421964 0.0472674 0.0470416 0.0817002 0.0792469 0.0722647 0.0626060 0.0570553 0.0519938 0.0795945 0.0520649 0.0575280 0.0525173 0.0734410 0.0666193 0.0845467 0.0584894 0.0868980 0.0675847 0.0671986 0.0322206 0.0469435 0.0425435 0.1322885 0.0681064 0.0572323 0.0000010 0.0473420 0.0468540 0.0618155 0.0701097 0.0630418 0.0419167 0.0629084 0.0420573 0.0279253 0.0095512 0.0778528 0.0523166 0.0323758 0.0624662 0.0629085 0.0568646 0.0778277 0.0569516 0.0905262 0.0422595 0.0626169 0.0902191 0.0799320 0.0789099 0.0574114 0.0416397 0.0683533 0.0329208 0.0469862 0.0370483 0.0273746 
