129
PAFTOL_019361 0.0000000 0.2586288 0.2505107 0.3154123 0.2739923 0.2988958 0.3489589 0.3187040 0.2816477 0.2860270 0.3247538 0.3339736 0.3665949 0.3245015 0.3456093 0.3228052 0.2818660 0.3025220 0.3046195 0.3490284 0.3009581 0.2793791 0.2861606 0.2998025 0.2597825 0.3003162 0.2528263 0.3078075 0.2952225 0.3482440 0.2763973 0.2924076 0.3100306 0.3487240 0.3604837 0.2629696 0.2990744 0.2772426 0.3100109 0.2658564 0.2647918 0.2821685 0.2756036 0.3327384 0.3103936 0.3006552 0.3698992 0.2878385 0.2904353 0.2874256 0.2559904 0.2889426 0.2514302 0.2630062 0.2899702 0.2775118 0.2679265 0.3466138 0.2471382 0.2718701 0.2786801 0.3222447 0.3046507 0.2883372 0.2950123 0.3054609 0.3527112 0.3112056 0.3083221 0.2866074 0.3101156 0.3591413 0.3179462 0.3227277 0.3093561 0.2507595 0.2901515 0.2346378 0.2798097 0.2912946 0.3054634 0.2812702 0.3196116 0.3118844 0.2807194 0.2997536 0.2746204 0.2877760 0.3415881 0.2669264 0.3097196 0.2902330 0.3293961 0.3456313 0.2880016 0.3211765 0.2861943 0.2826472 0.2812803 0.2712089 0.2837432 0.3068790 0.2805832 0.2847080 0.2908387 0.2988679 0.3138366 0.2888172 0.2614339 0.2958488 0.3061554 0.2774621 0.3236943 0.2795607 0.2847308 0.3108280 0.2744029 0.2772763 0.2862968 0.2655007 0.2946396 0.3002938 0.2794544 0.2718428 0.3171965 0.2650799 0.2773413 0.3034640 0.2701167 
S0055         0.2586288 0.0000000 0.0744358 0.1205064 0.1064667 0.0784457 0.1769739 0.1233620 0.0929796 0.0717303 0.1090756 0.1445817 0.1845466 0.1527667 0.1316058 0.1643666 0.0985780 0.1033206 0.1068347 0.1700426 0.0859222 0.0682354 0.0716104 0.1134968 0.0669411 0.1046733 0.0740938 0.1046217 0.1035758 0.1700884 0.0980176 0.0940028 0.0939460 0.1849083 0.1645392 0.0871891 0.0796812 0.0646623 0.1320211 0.0968523 0.0662088 0.0736595 0.0957906 0.1570671 0.1965314 0.0864222 0.1904540 0.1082851 0.0738533 0.0984292 0.0750575 0.0701459 0.0725172 0.0799371 0.1167414 0.1054346 0.0917240 0.1752411 0.0856516 0.0780404 0.0935144 0.1485471 0.1029149 0.0945697 0.0951623 0.1101098 0.0720490 0.1284582 0.1916702 0.1088709 0.1611228 0.1905332 0.1147761 0.1130711 0.1897731 0.0795245 0.1745466 0.0581426 0.0866128 0.1001141 0.1652200 0.0873262 0.1311155 0.1900541 0.0672254 0.0765846 0.0786726 0.0971374 0.1678768 0.0979403 0.1231236 0.1337837 0.1747258 0.1669825 0.0728080 0.1701189 0.0948918 0.0886342 0.0711717 0.0608962 0.0451368 0.1152993 0.0713325 0.1035957 0.0952126 0.1020736 0.1200368 0.0664012 0.0781330 0.1082850 0.1273209 0.0683964 0.1136439 0.0972436 0.0695857 0.1301653 0.0684256 0.0980461 0.0697955 0.0790834 0.0958043 0.1010965 0.0827685 0.0800586 0.1764594 0.0780017 0.0954087 0.0918574 0.0795893 
S0196sl       0.2505107 0.0744358 0.0000000 0.0894200 0.0775853 0.0900221 0.1474943 0.0937137 0.0762598 0.0813223 0.1159825 0.1100143 0.1569129 0.1428214 0.1110798 0.1395912 0.0783876 0.1012006 0.0876958 0.1431245 0.0793701 0.0790316 0.0813485 0.0771959 0.0597477 0.0788181 0.0103388 0.1029341 0.0723591 0.1441995 0.0723175 0.0820864 0.0888952 0.1772391 0.1373792 0.0523800 0.0860421 0.0798075 0.1110610 0.0622913 0.0621008 0.0831361 0.0493271 0.1311905 0.1969077 0.0863925 0.1554847 0.0943299 0.0825704 0.0776784 0.0122222 0.0787766 0.0074453 0.0132389 0.1016203 0.0556610 0.0642116 0.1430270 0.0574392 0.0497123 0.0679540 0.1347631 0.0862126 0.0846162 0.0748333 0.0885449 0.1005259 0.0945808 0.1962451 0.0808173 0.1318945 0.1678420 0.1060407 0.1055737 0.2024717 0.0122203 0.1781614 0.0549346 0.0735978 0.0831334 0.1354942 0.1074314 0.1271258 0.1992811 0.0780812 0.0957070 0.0685256 0.0645592 0.1412807 0.0669612 0.0910996 0.1195939 0.1473587 0.1381945 0.0851196 0.1463351 0.0887079 0.0762950 0.0821471 0.0704013 0.0939462 0.1093643 0.0844385 0.0798138 0.0843650 0.0945679 0.0942870 0.0881961 0.0131317 0.0751135 0.0932374 0.0792448 0.1154811 0.0795104 0.0816925 0.1076841 0.0731781 0.0735499 0.0830197 0.0668633 0.0919037 0.0993650 0.0676727 0.0495775 0.1648098 0.0515978 0.0785584 0.0831830 0.0532149 
S0278         0.3154123 0.1205064 0.0894200 0.0000000 0.1462819 0.1449782 0.1907107 0.0690372 0.1282788 0.1393896 0.1750101 0.0745752 0.2033475 0.1915352 0.0856762 0.1883387 0.0664820 0.1354643 0.1303324 0.1947318 0.1259053 0.1337142 0.1377231 0.0564088 0.1010882 0.0586355 0.0985186 0.1494410 0.0650705 0.1941877 0.0738491 0.1245362 0.1196986 0.2164010 0.1761305 0.0335174 0.1386794 0.1277226 0.0854013 0.0786162 0.1003498 0.1334344 0.1258230 0.1848461 0.2330889 0.1205077 0.2066524 0.1334921 0.1350534 0.1224865 0.1018264 0.1370722 0.0990188 0.1049922 0.1448202 0.1405101 0.0840405 0.2043977 0.0818057 0.0940008 0.0456966 0.1861347 0.1344557 0.1286179 0.1189307 0.1325947 0.1380474 0.1663688 0.2241768 0.1251806 0.1907061 0.2150814 0.1531051 0.1515437 0.2382033 0.1030441 0.2177829 0.0675309 0.1130964 0.1272415 0.1970087 0.1499826 0.1659299 0.2399604 0.1297348 0.1417301 0.1136298 0.0465072 0.1888598 0.0878424 0.0582649 0.1633410 0.1971537 0.1857755 0.1352351 0.2111876 0.1248378 0.1247728 0.1354680 0.1176716 0.1440224 0.1627044 0.1353478 0.0818945 0.1328887 0.1465661 0.0600206 0.1304991 0.1051030 0.0497055 0.1678557 0.1340851 0.1577429 0.1192538 0.1362460 0.0826806 0.1268066 0.0938956 0.1377558 0.1121819 0.1230910 0.1304982 0.1130795 0.0921148 0.1981084 0.1067537 0.1183101 0.1314257 0.0929272 
S0281         0.2739923 0.1064667 0.0775853 0.1462819 0.0000000 0.1140573 0.1665240 0.1536504 0.1362599 0.1109811 0.1505964 0.1645333 0.1792111 0.1575840 0.1712062 0.1559255 0.1285543 0.1498858 0.1320708 0.1620959 0.1190573 0.1059722 0.1082231 0.1436093 0.1108642 0.1400656 0.0784821 0.1186922 0.1281984 0.1581413 0.1305409 0.1351218 0.1388383 0.1710540 0.1561823 0.1079535 0.1187076 0.1080230 0.1634472 0.1167131 0.1075899 0.1165827 0.0889776 0.1466581 0.2132208 0.1351148 0.1759190 0.1293229 0.1217126 0.1206920 0.0806666 0.1118072 0.0780015 0.0844447 0.1427101 0.0997978 0.1121963 0.1540536 0.1142050 0.0990923 0.1234632 0.1467102 0.1263168 0.1249840 0.1311369 0.1414664 0.1406154 0.0885864 0.2092544 0.1377795 0.1420117 0.1703594 0.1502403 0.1436868 0.2144905 0.0815843 0.1979432 0.0759469 0.1227863 0.1402125 0.1458556 0.1126691 0.1702537 0.2148989 0.1070702 0.1128751 0.1283086 0.1216812 0.1589897 0.1155128 0.1512464 0.1166426 0.1634815 0.1551908 0.1133393 0.1470596 0.1327826 0.1373041 0.1064568 0.1017653 0.1147412 0.1560341 0.1025695 0.1341099 0.1395221 0.1583295 0.1528554 0.1112655 0.0802773 0.1375787 0.0825701 0.1072433 0.1657162 0.1369790 0.1126626 0.1632580 0.1032567 0.1197467 0.1167317 0.1148224 0.1310514 0.1457347 0.1249293 0.1013927 0.1851673 0.0983103 0.1355952 0.1220758 0.1004090 
S0282         0.2988958 0.0784457 0.0900221 0.1449782 0.1140573 0.0000000 0.1893095 0.1497543 0.1227896 0.0258530 0.1022439 0.1540403 0.1847023 0.1653160 0.1644580 0.1686847 0.1228258 0.1442920 0.1410442 0.1751027 0.0983657 0.0247811 0.0297156 0.1376484 0.0934498 0.1346079 0.0905571 0.1191050 0.1201536 0.1730096 0.1153317 0.1225768 0.1199323 0.1992509 0.1699746 0.1043732 0.0768724 0.0276078 0.1577623 0.1126014 0.0885185 0.0282726 0.1148364 0.1628095 0.2221365 0.1063051 0.1864099 0.1322909 0.0378867 0.1156187 0.0938097 0.0237178 0.0888009 0.0939632 0.1206548 0.1261548 0.1184033 0.1781094 0.1094954 0.1062676 0.1212517 0.1649667 0.1190129 0.1136719 0.1166332 0.1233701 0.0841537 0.1491636 0.2262616 0.1333477 0.1689297 0.2001989 0.1403946 0.1401421 0.2108743 0.0962331 0.2010769 0.0788439 0.1063034 0.1305141 0.1743832 0.0982751 0.1636193 0.2177571 0.0208970 0.0788116 0.1054928 0.1199043 0.1708163 0.1206309 0.1521163 0.1467750 0.1829004 0.1713617 0.0307669 0.1828419 0.1292172 0.1194701 0.0276094 0.0283034 0.0903706 0.1567375 0.0843482 0.1364065 0.1257585 0.1357340 0.1476565 0.0664738 0.0970348 0.1346536 0.1492359 0.0248327 0.1503560 0.1189136 0.0308326 0.1627075 0.0743771 0.1208337 0.0765305 0.0962966 0.1317058 0.1373367 0.1103227 0.1059633 0.2023478 0.1080830 0.1226024 0.1131699 0.1081064 
S0288         0.3489589 0.1769739 0.1474943 0.1907107 0.1665240 0.1893095 0.0000000 0.1973805 0.2066120 0.1763170 0.2201734 0.2290380 0.0283421 0.1096809 0.2371543 0.0287979 0.1787909 0.2175328 0.2090735 0.0223150 0.1674529 0.1712824 0.1760983 0.1767673 0.1651049 0.1795006 0.1516377 0.1841781 0.1731207 0.0174690 0.1661333 0.1899243 0.1860233 0.1923475 0.0372609 0.1602948 0.1769257 0.1681996 0.2179119 0.1594098 0.1614436 0.1773422 0.1645175 0.0189415 0.2759049 0.1833251 0.0385726 0.1964362 0.1780701 0.1813064 0.1576734 0.1845486 0.1556395 0.1597279 0.1999634 0.1661920 0.1658331 0.1497693 0.1557833 0.1500195 0.1688907 0.0970225 0.1888277 0.1932642 0.1851292 0.1759641 0.1642296 0.1802612 0.2729049 0.1979517 0.1320117 0.1642937 0.2028269 0.2072251 0.2695264 0.1633827 0.2618489 0.1565885 0.1829817 0.1917322 0.1356503 0.1863525 0.2423660 0.2821715 0.1807785 0.1732405 0.1858871 0.1675519 0.0247854 0.1725011 0.2097704 0.1359291 0.0259203 0.0138918 0.1810981 0.1555682 0.1836298 0.1930117 0.1844066 0.1731910 0.1857992 0.2393498 0.1688722 0.1781221 0.2055126 0.2189912 0.2041330 0.1665606 0.1623841 0.1750543 0.1744093 0.1710958 0.2271551 0.1983092 0.1768615 0.1980736 0.1686190 0.1704348 0.1812793 0.1730740 0.1989786 0.2111804 0.1702098 0.1508936 0.2402893 0.1393720 0.2012484 0.1910536 0.1653831 
S0289         0.3187040 0.1233620 0.0937137 0.0690372 0.1536504 0.1497543 0.1973805 0.0000000 0.1344691 0.1410989 0.1731490 0.0716849 0.2118784 0.1797461 0.0775089 0.2003699 0.0675466 0.1396790 0.1385349 0.2032014 0.1304237 0.1358475 0.1417586 0.0570249 0.1092061 0.0604595 0.1039755 0.1554390 0.0609585 0.2042315 0.0766722 0.1328999 0.1311627 0.2184377 0.1912017 0.0430241 0.1454995 0.1376728 0.0851049 0.0836340 0.1131216 0.1364383 0.1257300 0.1915620 0.2364958 0.1306380 0.2168728 0.1451272 0.1409005 0.1337314 0.1085482 0.1417816 0.1032059 0.1092369 0.1518865 0.1412067 0.0898570 0.2025921 0.0880505 0.0994640 0.0518870 0.1799213 0.1429721 0.1359567 0.1258754 0.1424456 0.1357978 0.1731588 0.2327984 0.1335848 0.1920712 0.2260294 0.1601015 0.1626974 0.2407927 0.1072590 0.2208391 0.0837386 0.1238599 0.1442531 0.1958838 0.1586686 0.1733743 0.2424875 0.1371778 0.1428247 0.1191929 0.0505632 0.1972705 0.0941027 0.0633313 0.1573279 0.2078840 0.1941189 0.1453516 0.1994228 0.1328416 0.1337618 0.1429264 0.1245690 0.1414651 0.1635641 0.1430827 0.0809090 0.1378780 0.1529249 0.0749298 0.1384852 0.1093074 0.0526746 0.1746579 0.1351318 0.1496322 0.1311871 0.1428800 0.0782132 0.1362560 0.0986028 0.1423504 0.1204542 0.1350511 0.1452576 0.1235971 0.0999353 0.2149586 0.1109072 0.1349053 0.1373300 0.0987076 
S0292         0.2816477 0.0929796 0.0762598 0.1282788 0.1362599 0.1227896 0.2066120 0.1344691 0.0000000 0.1193747 0.1579156 0.1475093 0.2094046 0.1828835 0.1441793 0.1936675 0.1121761 0.0830137 0.0915354 0.1915940 0.1162329 0.1111005 0.1176380 0.1196212 0.0946467 0.1087633 0.0793805 0.1392325 0.1184492 0.1915359 0.1138749 0.0998036 0.1204093 0.2101008 0.1944930 0.0918416 0.1208783 0.1134369 0.1450526 0.1100209 0.0908473 0.1199640 0.1181107 0.1842254 0.2319506 0.1128440 0.2076241 0.1239541 0.1226548 0.0937409 0.0848562 0.1148237 0.0799654 0.0853724 0.1102789 0.1285389 0.1090896 0.2001876 0.1037873 0.0755289 0.1027986 0.1821512 0.1016141 0.0910319 0.0950536 0.1060523 0.1341158 0.1506761 0.2370011 0.1165321 0.1892871 0.2308442 0.1183169 0.1179365 0.2315993 0.0848426 0.2150475 0.0914698 0.0859499 0.0847359 0.1950274 0.1341636 0.0751046 0.2346899 0.1128525 0.1292494 0.0742891 0.1004462 0.1917606 0.1080646 0.1319031 0.1555558 0.2001712 0.1903350 0.1174309 0.1949575 0.0806491 0.0119487 0.1170536 0.1037256 0.1203041 0.0724268 0.1136304 0.1158977 0.0205798 0.0279750 0.1327753 0.1161914 0.0856519 0.1156149 0.1528336 0.1143163 0.0686115 0.0775048 0.1164179 0.1376796 0.1115598 0.1140064 0.1154554 0.0949944 0.0835387 0.0812558 0.0948834 0.0813600 0.1969696 0.0947585 0.0788659 0.1180366 0.0768280 
S0293         0.2860270 0.0717303 0.0813223 0.1393896 0.1109811 0.0258530 0.1763170 0.1410989 0.1193747 0.0000000 0.0924280 0.1499359 0.1814730 0.1514588 0.1600932 0.1684494 0.1151116 0.1323941 0.1357403 0.1725926 0.0909482 0.0179436 0.0227951 0.1309829 0.0855891 0.1266893 0.0808433 0.1088661 0.1112252 0.1698547 0.1077919 0.1137888 0.1148241 0.1897375 0.1709703 0.1003798 0.0677833 0.0207530 0.1532406 0.1051882 0.0848337 0.0189616 0.1069674 0.1603154 0.2147404 0.0976609 0.1818578 0.1184898 0.0297931 0.1068990 0.0840454 0.0169205 0.0780427 0.0816675 0.1130453 0.1180819 0.1106558 0.1674301 0.0988291 0.0963546 0.1171834 0.1508165 0.1102633 0.1010782 0.1092742 0.1145180 0.0871308 0.1390713 0.2184206 0.1253100 0.1599742 0.1911857 0.1336509 0.1349908 0.2035604 0.0864069 0.1976629 0.0645546 0.0978280 0.1176314 0.1670649 0.0910094 0.1551990 0.2100032 0.0150618 0.0708000 0.0972146 0.1146823 0.1664123 0.1140871 0.1423390 0.1405770 0.1765152 0.1654238 0.0238163 0.1679256 0.1161776 0.1131788 0.0207537 0.0212712 0.0809852 0.1471965 0.0715475 0.1296117 0.1236213 0.1281191 0.1439796 0.0597986 0.0872259 0.1292562 0.1391426 0.0160541 0.1386158 0.1063673 0.0238671 0.1566496 0.0677656 0.1127859 0.0677095 0.0913856 0.1224725 0.1324036 0.1016668 0.0960800 0.1980647 0.0994550 0.1111734 0.1003595 0.0981075 
S0294         0.3247538 0.1090756 0.1159825 0.1750101 0.1505964 0.1022439 0.2201734 0.1731490 0.1579156 0.0924280 0.0000000 0.1810392 0.2195217 0.1875796 0.1851324 0.2050965 0.1480770 0.1625467 0.1566548 0.2173935 0.1211891 0.0911664 0.0947495 0.1496476 0.1085625 0.1585263 0.1215803 0.1384903 0.1396253 0.2196855 0.1359653 0.1416019 0.1426950 0.2207325 0.2057377 0.1225928 0.1044833 0.0893653 0.1875241 0.1326144 0.1239296 0.0965808 0.1308468 0.2036107 0.2443268 0.1269960 0.2299060 0.1538295 0.0944251 0.1453916 0.1187134 0.0944300 0.1170569 0.1215841 0.1614044 0.1443187 0.1369817 0.2096398 0.1211458 0.1338587 0.1440780 0.1894044 0.1468699 0.1396628 0.1387773 0.1531431 0.0520465 0.1537576 0.2420071 0.1572728 0.2046946 0.2550847 0.1641592 0.1612347 0.2425260 0.1226552 0.2311457 0.1037443 0.1354220 0.1538412 0.2054228 0.1287866 0.1937656 0.2392691 0.0914627 0.1011213 0.1427334 0.1417414 0.2159124 0.1407938 0.1713160 0.1775033 0.2194921 0.2153880 0.0986258 0.2028691 0.1514246 0.1528872 0.0908547 0.0865643 0.1213748 0.1869400 0.1152033 0.1415449 0.1514177 0.1670007 0.1671936 0.0901081 0.1258791 0.1485665 0.1583709 0.0938445 0.1745020 0.1419690 0.0861241 0.1937070 0.0953795 0.1433815 0.0987402 0.1224718 0.1562807 0.1635519 0.1349335 0.1304335 0.2147339 0.1234087 0.1448612 0.1409469 0.1359457 
S0299         0.3339736 0.1445817 0.1100143 0.0745752 0.1645333 0.1540403 0.2290380 0.0716849 0.1475093 0.1499359 0.1810392 0.0000000 0.2209887 0.2009919 0.0851502 0.2098681 0.0792867 0.1576105 0.1493578 0.2104046 0.1456924 0.1467027 0.1521457 0.0670044 0.1322894 0.0664937 0.1179559 0.1709627 0.0752433 0.2145090 0.0861580 0.1495719 0.1363207 0.2392170 0.2056904 0.0472651 0.1502527 0.1445161 0.0923905 0.0931097 0.1256063 0.1455374 0.1419498 0.1997817 0.2451311 0.1472555 0.2250589 0.1639252 0.1554487 0.1492640 0.1240457 0.1501393 0.1183553 0.1162509 0.1626655 0.1622602 0.0985833 0.2205711 0.0975024 0.1164495 0.0653211 0.1931540 0.1562003 0.1529200 0.1434846 0.1570325 0.1514738 0.1978936 0.2394078 0.1543501 0.2120409 0.2339130 0.1771850 0.1772134 0.2476850 0.1226835 0.2281660 0.0810650 0.1379126 0.1561440 0.2147665 0.1693050 0.1925639 0.2476178 0.1454241 0.1667400 0.1374756 0.0594950 0.2089688 0.1038744 0.0786664 0.1784700 0.2216018 0.2065623 0.1524649 0.2156711 0.1436026 0.1424263 0.1513095 0.1340995 0.1612799 0.1839906 0.1548631 0.1013621 0.1497829 0.1614448 0.0716966 0.1533102 0.1221366 0.0638036 0.1994792 0.1454153 0.1742473 0.1470011 0.1513244 0.0936368 0.1478594 0.1063145 0.1532421 0.1279758 0.1453542 0.1608300 0.1369319 0.1170238 0.2318287 0.1301133 0.1533007 0.1539086 0.1157605 
S0303         0.3665949 0.1845466 0.1569129 0.2033475 0.1792111 0.1847023 0.0283421 0.2118784 0.2094046 0.1814730 0.2195217 0.2209887 0.0000000 0.1228814 0.2404332 0.0287792 0.1927465 0.2236782 0.2094891 0.0297677 0.1783916 0.1722502 0.1790721 0.1936252 0.1775020 0.1948875 0.1606468 0.1938281 0.1877004 0.0217843 0.1781073 0.2012081 0.1899488 0.1962355 0.0345512 0.1614977 0.1831989 0.1729401 0.2303226 0.1661452 0.1748083 0.1774084 0.1774957 0.0261157 0.2797880 0.1880558 0.0369034 0.2057578 0.1849948 0.1952866 0.1686769 0.1814750 0.1669141 0.1689187 0.1982145 0.1811753 0.1746447 0.1634618 0.1613908 0.1609346 0.1820353 0.1131718 0.1991267 0.1946121 0.1943295 0.1972460 0.2081284 0.1997516 0.2791730 0.2042793 0.1479397 0.1801399 0.2200552 0.2199667 0.2747083 0.1719479 0.2585390 0.1407384 0.1827178 0.2009466 0.1521358 0.2000212 0.2463696 0.2829531 0.1784233 0.1786100 0.1931529 0.1833595 0.0267327 0.1791262 0.2189723 0.1503415 0.0335194 0.0256624 0.1861103 0.1720824 0.1886611 0.1973664 0.1828185 0.1784699 0.1987692 0.2427445 0.1710227 0.1818486 0.2087826 0.2199119 0.2055743 0.1717712 0.1710839 0.1882850 0.1943799 0.1721204 0.2262054 0.1985303 0.1828238 0.2048560 0.1820234 0.1734968 0.1854639 0.1882937 0.1989371 0.2162876 0.1820820 0.1637750 0.2433848 0.1509297 0.2088356 0.1967189 0.1750538 
S0308         0.3245015 0.1527667 0.1428214 0.1915352 0.1575840 0.1653160 0.1096809 0.1797461 0.1828835 0.1514588 0.1875796 0.2009919 0.1228814 0.0000000 0.2095756 0.1078517 0.1689101 0.1893967 0.1879104 0.1152548 0.1686239 0.1509767 0.1572077 0.1773080 0.1570268 0.1674454 0.1397237 0.1808978 0.1637295 0.1172359 0.1632251 0.1764656 0.1843280 0.1605290 0.1245180 0.1421937 0.1679314 0.1490658 0.2058545 0.1561193 0.1543838 0.1575783 0.1536618 0.1117399 0.2575942 0.1729433 0.1315392 0.1797669 0.1654829 0.1681125 0.1463988 0.1599212 0.1429085 0.1416659 0.1882007 0.1613955 0.1593442 0.1376255 0.1487470 0.1416272 0.1577230 0.0977667 0.1759561 0.1767434 0.1706300 0.1773268 0.1553530 0.1679354 0.2527712 0.1748739 0.1217457 0.1485596 0.1845282 0.1900066 0.2532001 0.1462503 0.2410545 0.1303309 0.1659979 0.1845061 0.1305064 0.1766202 0.2208186 0.2603096 0.1568650 0.1511545 0.1756685 0.1593934 0.1141478 0.1628792 0.1951016 0.1167022 0.1222309 0.1164321 0.1635870 0.1318541 0.1761001 0.1768786 0.1610886 0.1537450 0.1590307 0.2108512 0.1521297 0.1704697 0.1835739 0.1929263 0.1935898 0.1487880 0.1468904 0.1712521 0.1615561 0.1483956 0.2031348 0.1741912 0.1626226 0.1924248 0.1586661 0.1629819 0.1798140 0.1657378 0.1793566 0.1874188 0.1659791 0.1442278 0.2392085 0.1442825 0.1769753 0.1879470 0.1514669 
S0320         0.3456093 0.1316058 0.1110798 0.0856762 0.1712062 0.1644580 0.2371543 0.0775089 0.1441793 0.1600932 0.1851324 0.0851502 0.2404332 0.2095756 0.0000000 0.2274151 0.0841297 0.1506336 0.1493687 0.2293900 0.1466470 0.1520008 0.1624266 0.0691642 0.1272295 0.0672476 0.1205521 0.1639334 0.0721874 0.2350124 0.0925909 0.1435222 0.1375853 0.2335800 0.2230365 0.0507065 0.1599563 0.1533689 0.0976011 0.0969743 0.1221851 0.1484833 0.1429347 0.2188860 0.2513230 0.1516563 0.2451607 0.1634687 0.1583217 0.1419713 0.1228441 0.1589339 0.1183113 0.1275039 0.1731298 0.1591654 0.1030644 0.2313700 0.0982815 0.1149726 0.0650808 0.2160209 0.1501528 0.1447618 0.1333264 0.1509913 0.1608347 0.1997313 0.2553420 0.1477057 0.2151967 0.2250228 0.1647072 0.1644966 0.2588121 0.1252997 0.2388807 0.0734083 0.1295208 0.1458590 0.2198942 0.1725478 0.1841385 0.2618957 0.1498241 0.1675113 0.1329853 0.0549175 0.2274866 0.1055702 0.0798268 0.1821278 0.2377232 0.2236351 0.1592354 0.2248258 0.1399291 0.1407934 0.1571977 0.1399466 0.1509524 0.1773110 0.1525828 0.0975964 0.1446681 0.1592269 0.0783756 0.1555928 0.1274007 0.0668992 0.2013236 0.1546199 0.1703579 0.1407605 0.1574690 0.0958612 0.1505343 0.1103489 0.1590319 0.1323532 0.1465155 0.1511510 0.1431615 0.1180198 0.2292915 0.1321752 0.1459483 0.1518228 0.1156053 
S0322         0.3228052 0.1643666 0.1395912 0.1883387 0.1559255 0.1686847 0.0287979 0.2003699 0.1936675 0.1684494 0.2050965 0.2098681 0.0287792 0.1078517 0.2274151 0.0000000 0.1778019 0.2073318 0.1919724 0.0202808 0.1637755 0.1588573 0.1643401 0.1744086 0.1628273 0.1782560 0.1404404 0.1803315 0.1723681 0.0203298 0.1662133 0.1917674 0.1793118 0.1762252 0.0296583 0.1463863 0.1690044 0.1567582 0.2152269 0.1470746 0.1557928 0.1643871 0.1547039 0.0142340 0.2609424 0.1651038 0.0330313 0.1915391 0.1711135 0.1842265 0.1520220 0.1685411 0.1455036 0.1489399 0.1890582 0.1564121 0.1550676 0.1454484 0.1451963 0.1455786 0.1681489 0.0944866 0.1908966 0.1862464 0.1850130 0.1875454 0.1707512 0.1721540 0.2620587 0.1886388 0.1296893 0.1545830 0.2075843 0.2072856 0.2573202 0.1520251 0.2448563 0.1210739 0.1773363 0.1883412 0.1343870 0.1862053 0.2376360 0.2678647 0.1652729 0.1602053 0.1786240 0.1664342 0.0213057 0.1610599 0.2064364 0.1333743 0.0317921 0.0224322 0.1704434 0.1572649 0.1738635 0.1889137 0.1684352 0.1614446 0.1766705 0.2292805 0.1578524 0.1759085 0.1961402 0.2126591 0.1887180 0.1504233 0.1512313 0.1713256 0.1666300 0.1587257 0.2216077 0.1910973 0.1655451 0.1930006 0.1550177 0.1582432 0.1687536 0.1643886 0.1888552 0.1993149 0.1731422 0.1480596 0.2253135 0.1330299 0.2000993 0.1813552 0.1589115 
S0327         0.2818660 0.0985780 0.0783876 0.0664820 0.1285543 0.1228258 0.1787909 0.0675466 0.1121761 0.1151116 0.1480770 0.0792867 0.1927465 0.1689101 0.0841297 0.1778019 0.0000000 0.1258988 0.1160810 0.1815560 0.1126709 0.1098199 0.1160557 0.0548795 0.0916049 0.0582205 0.0803507 0.1288564 0.0437916 0.1809733 0.0537786 0.1113947 0.1083907 0.2071172 0.1659014 0.0352797 0.1193200 0.1092367 0.0659103 0.0691598 0.0880691 0.1137795 0.1120238 0.1719283 0.2065788 0.1113286 0.1944291 0.1275595 0.1173825 0.1069769 0.0873896 0.1130670 0.0823936 0.0867174 0.1253807 0.1190483 0.0720828 0.1880263 0.0709905 0.0825236 0.0409700 0.1674627 0.1118832 0.1115956 0.1034398 0.1152833 0.1233308 0.1555328 0.2090782 0.1078538 0.1777211 0.2061364 0.1348561 0.1345701 0.2142730 0.0861712 0.1994656 0.0467027 0.1018512 0.1235691 0.1775671 0.1278999 0.1517329 0.2190912 0.1087963 0.1194591 0.0956810 0.0419959 0.1759423 0.0756865 0.0704497 0.1540860 0.1802145 0.1742226 0.1162792 0.1882564 0.1099409 0.1101514 0.1126298 0.0990626 0.1124307 0.1474465 0.1147681 0.0692010 0.1150777 0.1272821 0.0687325 0.1076532 0.0881911 0.0536667 0.1569779 0.1101072 0.1410504 0.1062707 0.1139273 0.0701393 0.1096320 0.0791410 0.1176115 0.0941893 0.1075082 0.1251445 0.0948508 0.0829076 0.1974623 0.0845866 0.1107705 0.1152467 0.0841275 
S0335         0.3025220 0.1033206 0.1012006 0.1354643 0.1498858 0.1442920 0.2175328 0.1396790 0.0830137 0.1323941 0.1625467 0.1576105 0.2236782 0.1893967 0.1506336 0.2073318 0.1258988 0.0000000 0.0851555 0.2064081 0.1220366 0.1263069 0.1331456 0.1285898 0.1080089 0.1219927 0.1014311 0.1476169 0.1239623 0.2090137 0.1214856 0.0961792 0.1231485 0.2166494 0.1922660 0.1029401 0.1210255 0.1287227 0.1404875 0.1215350 0.1114024 0.1339398 0.1366831 0.1954870 0.2429649 0.1289600 0.2223794 0.1227107 0.1382401 0.1069993 0.1086122 0.1288963 0.1045580 0.1105706 0.1162523 0.1477064 0.1221881 0.2110548 0.1164356 0.0880885 0.1140185 0.1890945 0.1077044 0.0950573 0.1023173 0.1122223 0.1651594 0.1583033 0.2523833 0.1238552 0.1966157 0.2404185 0.1160203 0.1170068 0.2546321 0.1098611 0.2329076 0.0977205 0.0889474 0.0881692 0.2000391 0.1392987 0.1066458 0.2515950 0.1268503 0.1335568 0.0837960 0.1115881 0.2032366 0.1273879 0.1350452 0.1682761 0.2145727 0.2061863 0.1329129 0.2023226 0.0689303 0.0799976 0.1299609 0.1179768 0.1277140 0.0982057 0.1262376 0.1287115 0.0873778 0.0852344 0.1374052 0.1267622 0.1070084 0.1255809 0.1605629 0.1258866 0.0970293 0.0751127 0.1305549 0.1443128 0.1171918 0.1280088 0.1197117 0.1089341 0.0744656 0.0406176 0.0979567 0.0991109 0.2139307 0.1039441 0.0722617 0.1285207 0.0934721 
S0345         0.3046195 0.1068347 0.0876958 0.1303324 0.1320708 0.1410442 0.2090735 0.1385349 0.0915354 0.1357403 0.1566548 0.1493578 0.2094891 0.1879104 0.1493687 0.1919724 0.1160810 0.0851555 0.0000000 0.1957696 0.1205951 0.1285387 0.1383252 0.1199948 0.1027022 0.1168653 0.0922930 0.1427624 0.1187586 0.1983555 0.1167698 0.1032646 0.1205377 0.2205225 0.1860761 0.0928819 0.1181892 0.1298113 0.1475004 0.1090386 0.1118369 0.1305937 0.1244848 0.1855223 0.2396608 0.1310252 0.2072967 0.1325938 0.1395570 0.1067211 0.0967362 0.1325028 0.0939558 0.0946800 0.1210039 0.1348332 0.1097687 0.2033607 0.1039714 0.0848713 0.1031107 0.1784462 0.1107724 0.1027196 0.0998872 0.1120370 0.1431581 0.1505893 0.2365585 0.1143393 0.1939438 0.2364377 0.1249957 0.1232735 0.2449647 0.0979588 0.2249912 0.0859357 0.0954017 0.0890732 0.1913754 0.1398581 0.1281399 0.2434560 0.1288510 0.1223813 0.0849597 0.1032022 0.1899352 0.1070298 0.1289217 0.1609146 0.2003737 0.1927189 0.1367046 0.2008375 0.0453772 0.0916949 0.1334796 0.1223235 0.1251082 0.1042868 0.1152160 0.1166178 0.0958852 0.1026564 0.1277219 0.1188895 0.0987703 0.1186161 0.1528616 0.1321311 0.1133737 0.0833955 0.1328847 0.1444847 0.1142599 0.1147202 0.1274755 0.1118235 0.0390187 0.0846066 0.0904986 0.0883661 0.2070172 0.0999373 0.0767346 0.1259910 0.0940527 
S0355         0.3490284 0.1700426 0.1431245 0.1947318 0.1620959 0.1751027 0.0223150 0.2032014 0.1915940 0.1725926 0.2173935 0.2104046 0.0297677 0.1152548 0.2293900 0.0202808 0.1815560 0.2064081 0.1957696 0.0000000 0.1715545 0.1650234 0.1675411 0.1788691 0.1622339 0.1792958 0.1507870 0.1906442 0.1783961 0.0150371 0.1679341 0.1900392 0.1844684 0.1807745 0.0268312 0.1536216 0.1716322 0.1630207 0.2165270 0.1565009 0.1629342 0.1669927 0.1596898 0.0142419 0.2646315 0.1712432 0.0328358 0.1925699 0.1706016 0.1874357 0.1619230 0.1726516 0.1569757 0.1589107 0.1902581 0.1654334 0.1653446 0.1548178 0.1545905 0.1479708 0.1724937 0.1056739 0.1879674 0.1843716 0.1833791 0.1804271 0.1845016 0.1841323 0.2658932 0.1978365 0.1386127 0.1637894 0.1983667 0.1981615 0.2613770 0.1618716 0.2479035 0.1357619 0.1800665 0.1915294 0.1430440 0.1895205 0.2389218 0.2675942 0.1695982 0.1676766 0.1844428 0.1708728 0.0179270 0.1674002 0.2069240 0.1376955 0.0227636 0.0126151 0.1744488 0.1633076 0.1773831 0.1901637 0.1725495 0.1667302 0.1821877 0.2272461 0.1689769 0.1812777 0.1950612 0.2123351 0.1995809 0.1583708 0.1610695 0.1740142 0.1819937 0.1648974 0.2222672 0.1906875 0.1712532 0.2005478 0.1642278 0.1677538 0.1743054 0.1723039 0.1883268 0.1970638 0.1764961 0.1479342 0.2480734 0.1424455 0.1992636 0.1948001 0.1616175 
S0376         0.3009581 0.0859222 0.0793701 0.1259053 0.1190573 0.0983657 0.1674529 0.1304237 0.1162329 0.0909482 0.1211891 0.1456924 0.1783916 0.1686239 0.1466470 0.1637755 0.1126709 0.1220366 0.1205951 0.1715545 0.0000000 0.0882985 0.0879079 0.1182134 0.0736338 0.1148276 0.0823364 0.0582855 0.1034705 0.1675142 0.0970391 0.1077807 0.0972006 0.1798492 0.1602121 0.0974555 0.0970471 0.0878372 0.1467228 0.0994223 0.0753281 0.0880552 0.1177104 0.1597719 0.2234609 0.0955182 0.1857175 0.1170967 0.0954984 0.1059836 0.0879767 0.0880148 0.0818378 0.0907953 0.1190043 0.1253926 0.0999148 0.1712055 0.0914992 0.0869124 0.1061856 0.1540906 0.1096368 0.0993103 0.1034167 0.1157175 0.1064525 0.1261267 0.2286806 0.1105665 0.1560994 0.1979707 0.1307809 0.1260236 0.2239687 0.0891367 0.2091474 0.0726629 0.0951625 0.1095912 0.1663133 0.1043948 0.1497060 0.2257404 0.0861362 0.1052675 0.0896344 0.1021350 0.1645146 0.1008819 0.1234653 0.1306781 0.1671395 0.1572620 0.0920398 0.1685348 0.1054957 0.1104448 0.0901772 0.0798960 0.1029705 0.1342038 0.0886667 0.1081444 0.1138249 0.1252882 0.1333639 0.1003114 0.0899530 0.1167059 0.1288584 0.0897354 0.1305577 0.1028735 0.0883580 0.1350957 0.0973258 0.1057993 0.0951673 0.0776158 0.1165619 0.1299272 0.0907225 0.0910017 0.1865023 0.0836220 0.1007196 0.0507269 0.0874008 
S0400         0.2793791 0.0682354 0.0790316 0.1337142 0.1059722 0.0247811 0.1712824 0.1358475 0.1111005 0.0179436 0.0911664 0.1467027 0.1722502 0.1509767 0.1520008 0.1588573 0.1098199 0.1263069 0.1285387 0.1650234 0.0882985 0.0000000 0.0198157 0.1254787 0.0817223 0.1237425 0.0785975 0.1084734 0.1095418 0.1608435 0.1026356 0.1080629 0.1106484 0.1846379 0.1597998 0.0966161 0.0618474 0.0159011 0.1473346 0.1048478 0.0799172 0.0188961 0.1045834 0.1514609 0.2089856 0.0938876 0.1726109 0.1196977 0.0277299 0.1036495 0.0817920 0.0159089 0.0769587 0.0819225 0.1090499 0.1132240 0.1067002 0.1663061 0.0990519 0.0926114 0.1118864 0.1487306 0.1069784 0.0993418 0.1024001 0.1111628 0.0788250 0.1364309 0.2084027 0.1210682 0.1588201 0.1884851 0.1260782 0.1273236 0.2031795 0.0841422 0.1963052 0.0646684 0.0924907 0.1142992 0.1643534 0.0847890 0.1489943 0.2100213 0.0131306 0.0675564 0.0933175 0.1094150 0.1574962 0.1125179 0.1407753 0.1329754 0.1665375 0.1575062 0.0188128 0.1666778 0.1118852 0.1078234 0.0178075 0.0182489 0.0833287 0.1408460 0.0692438 0.1254604 0.1152209 0.1237027 0.1408297 0.0555193 0.0849660 0.1237892 0.1339476 0.0131360 0.1333003 0.1032739 0.0208655 0.1536781 0.0642684 0.1129239 0.0628887 0.0875688 0.1167439 0.1276415 0.0954035 0.0923383 0.1880484 0.0955627 0.1066984 0.0979773 0.0943301 
S0405         0.2861606 0.0716104 0.0813485 0.1377231 0.1082231 0.0297156 0.1760983 0.1417586 0.1176380 0.0227951 0.0947495 0.1521457 0.1790721 0.1572077 0.1624266 0.1643401 0.1160557 0.1331456 0.1383252 0.1675411 0.0879079 0.0198157 0.0000000 0.1319115 0.0840062 0.1301380 0.0808689 0.1030410 0.1116357 0.1633710 0.1063260 0.1158659 0.1118628 0.1870499 0.1683984 0.1029323 0.0665448 0.0168641 0.1501951 0.1048697 0.0799123 0.0208278 0.1009654 0.1554035 0.2139626 0.0961331 0.1766725 0.1144492 0.0307118 0.1114215 0.0840714 0.0207050 0.0792095 0.0842069 0.1152386 0.1095478 0.1079887 0.1697837 0.0975653 0.0960978 0.1181217 0.1535005 0.1147886 0.1082434 0.1113267 0.1228497 0.0708177 0.1422918 0.2180539 0.1262429 0.1623889 0.1933100 0.1357703 0.1357347 0.2065211 0.0864332 0.1996191 0.0761409 0.1010799 0.1223620 0.1678732 0.0930265 0.1564691 0.2133868 0.0169521 0.0708127 0.0992637 0.1156235 0.1614502 0.1125421 0.1473940 0.1385550 0.1689618 0.1597954 0.0218043 0.1686251 0.1210806 0.1155089 0.0206731 0.0192418 0.0879040 0.1467863 0.0736825 0.1318984 0.1219104 0.1329311 0.1475378 0.0574847 0.0872522 0.1301843 0.1423637 0.0198561 0.1444752 0.1085245 0.0218277 0.1556743 0.0664514 0.1167003 0.0653455 0.0923366 0.1286253 0.1347323 0.1026058 0.0958247 0.1852365 0.0991507 0.1133309 0.0999089 0.1003417 
S0407sl       0.2998025 0.1134968 0.0771959 0.0564088 0.1436093 0.1376484 0.1767673 0.0570249 0.1196212 0.1309829 0.1496476 0.0670044 0.1936252 0.1773080 0.0691642 0.1744086 0.0548795 0.1285898 0.1199948 0.1788691 0.1182134 0.1254787 0.1319115 0.0000000 0.0976899 0.0428521 0.0877590 0.1385420 0.0495258 0.1798975 0.0612815 0.1201156 0.1137213 0.2088672 0.1603392 0.0278571 0.1318594 0.1248061 0.0786966 0.0712216 0.0957841 0.1240657 0.1129494 0.1710833 0.2051186 0.1102332 0.1936943 0.1283064 0.1265960 0.1159148 0.0909868 0.1287754 0.0883098 0.0939810 0.1374972 0.1282010 0.0789119 0.1905101 0.0732442 0.0859151 0.0337167 0.1683206 0.1273044 0.1193264 0.1109630 0.1230469 0.1349321 0.1650081 0.2007068 0.1130881 0.1833511 0.2021992 0.1459381 0.1443301 0.2128271 0.0921620 0.1907576 0.0521593 0.1080117 0.1223248 0.1843485 0.1420580 0.1596889 0.2162867 0.1242580 0.1338076 0.1020954 0.0325492 0.1741627 0.0780947 0.0568104 0.1545186 0.1790718 0.1691989 0.1321728 0.1948629 0.1152210 0.1162930 0.1299030 0.1132641 0.1327822 0.1473167 0.1247167 0.0681322 0.1213908 0.1309765 0.0574672 0.1229399 0.0941890 0.0197812 0.1664826 0.1258178 0.1459169 0.1142057 0.1259031 0.0750816 0.1167112 0.0836460 0.1304959 0.1015682 0.1198232 0.1285276 0.1024611 0.0836641 0.1980442 0.0943364 0.1182836 0.1199219 0.0863600 
S0412sl       0.2597825 0.0669411 0.0597477 0.1010882 0.1108642 0.0934498 0.1651049 0.1092061 0.0946467 0.0855891 0.1085625 0.1322894 0.1775020 0.1570268 0.1272295 0.1628273 0.0916049 0.1080089 0.1027022 0.1622339 0.0736338 0.0817223 0.0840062 0.0976899 0.0000000 0.0900834 0.0624674 0.0944950 0.0875326 0.1620781 0.0847355 0.0918746 0.0876225 0.1798872 0.1580127 0.0685807 0.0840031 0.0776918 0.1199831 0.0763416 0.0597317 0.0844080 0.0960364 0.1492145 0.1982144 0.0562758 0.1788719 0.0978884 0.0829766 0.0965662 0.0646959 0.0838848 0.0620155 0.0674358 0.1172095 0.1036336 0.0786188 0.1598798 0.0649122 0.0724522 0.0811600 0.1554597 0.1009091 0.0913907 0.0931173 0.1042863 0.0884547 0.1283411 0.2032349 0.0992969 0.1541653 0.1876647 0.1207357 0.1157849 0.2030858 0.0658756 0.1805134 0.0584771 0.0829254 0.0884790 0.1604246 0.1051979 0.1409043 0.2008553 0.0794638 0.0852557 0.0769991 0.0800926 0.1586632 0.0814649 0.1080209 0.1308323 0.1687789 0.1639371 0.0856310 0.1581282 0.0889832 0.0948582 0.0850278 0.0675803 0.0866096 0.1262273 0.0805977 0.0875094 0.0956200 0.1112277 0.1093018 0.0777599 0.0691272 0.0923902 0.1249786 0.0819564 0.1236606 0.0794668 0.0845679 0.1211633 0.0720621 0.0891835 0.0836108 0.0658702 0.0938319 0.1073297 0.0833589 0.0726795 0.1868166 0.0768636 0.0815496 0.0835734 0.0724944 
S0417         0.3003162 0.1046733 0.0788181 0.0586355 0.1400656 0.1346079 0.1795006 0.0604595 0.1087633 0.1266893 0.1585263 0.0664937 0.1948875 0.1674454 0.0672476 0.1782560 0.0582205 0.1219927 0.1168653 0.1792958 0.1148276 0.1237425 0.1301380 0.0428521 0.0900834 0.0000000 0.0865975 0.1360682 0.0509072 0.1798828 0.0637098 0.1071271 0.1125090 0.1988288 0.1682845 0.0289347 0.1347711 0.1206035 0.0749551 0.0668398 0.0920221 0.1199051 0.1119741 0.1709409 0.2198425 0.1082338 0.1918444 0.1276371 0.1263322 0.1026833 0.0875332 0.1270257 0.0848854 0.0928022 0.1286215 0.1240686 0.0756187 0.1854265 0.0698804 0.0788517 0.0348187 0.1608807 0.1181078 0.1090317 0.1044723 0.1148860 0.1287200 0.1634393 0.2153868 0.1157648 0.1826060 0.1970911 0.1375939 0.1359866 0.2229209 0.0909940 0.2052737 0.0475113 0.1053464 0.1245690 0.1849935 0.1350554 0.1515448 0.2230082 0.1225275 0.1354689 0.1044957 0.0245374 0.1746660 0.0770257 0.0513683 0.1446653 0.1798197 0.1713551 0.1303945 0.1906021 0.1070897 0.1096100 0.1281489 0.1103053 0.1225195 0.1441817 0.1178135 0.0647055 0.1146971 0.1267229 0.0509874 0.1251906 0.0930207 0.0366678 0.1648743 0.1215753 0.1353813 0.1136332 0.1279967 0.0703589 0.1156708 0.0813845 0.1302548 0.0980741 0.1127607 0.1209530 0.1010240 0.0792164 0.2018900 0.0956090 0.1152593 0.1233354 0.0817486 
S0419         0.2528263 0.0740938 0.0103388 0.0985186 0.0784821 0.0905571 0.1516377 0.1039755 0.0793805 0.0808433 0.1215803 0.1179559 0.1606468 0.1397237 0.1205521 0.1404404 0.0803507 0.1014311 0.0922930 0.1507870 0.0823364 0.0785975 0.0808689 0.0877590 0.0624674 0.0865975 0.0000000 0.1020188 0.0763978 0.1480641 0.0765703 0.0863805 0.0941062 0.1772516 0.1381220 0.0639243 0.0854612 0.0793596 0.1135949 0.0669259 0.0664066 0.0836525 0.0557089 0.1363449 0.2009496 0.0832125 0.1607311 0.0971188 0.0843397 0.0797924 0.0119751 0.0783478 0.0091597 0.0139376 0.1058148 0.0619964 0.0698366 0.1442600 0.0631709 0.0509338 0.0768515 0.1350960 0.0878258 0.0876962 0.0779147 0.0950168 0.1071274 0.0985607 0.2019062 0.0837469 0.1372810 0.1693677 0.1126092 0.1121896 0.2064953 0.0129331 0.1840823 0.0524280 0.0767307 0.0884962 0.1390934 0.1100733 0.1298856 0.2033240 0.0776635 0.0973594 0.0692867 0.0722977 0.1477217 0.0737569 0.1001406 0.1207489 0.1542891 0.1460159 0.0845660 0.1461050 0.0917616 0.0794175 0.0816539 0.0713511 0.0932228 0.1132381 0.0850635 0.0853515 0.0862542 0.0960821 0.0997637 0.0887581 0.0138264 0.0850289 0.0973880 0.0774400 0.1169209 0.0814588 0.0823709 0.1130677 0.0798136 0.0755545 0.0848438 0.0700971 0.0925918 0.1022316 0.0696461 0.0551474 0.1698639 0.0516403 0.0805238 0.0849552 0.0554817 
S0427         0.3078075 0.1046217 0.1029341 0.1494410 0.1186922 0.1191050 0.1841781 0.1554390 0.1392325 0.1088661 0.1384903 0.1709627 0.1938281 0.1808978 0.1639334 0.1803315 0.1288564 0.1476169 0.1427624 0.1906442 0.0582855 0.1084734 0.1030410 0.1385420 0.0944950 0.1360682 0.1020188 0.0000000 0.1182137 0.1879904 0.1252772 0.1224465 0.1144245 0.2043003 0.1804036 0.1150616 0.1159166 0.1003129 0.1630992 0.1178690 0.0911918 0.1079339 0.1309173 0.1745457 0.2495151 0.1084933 0.2032660 0.1310119 0.1118111 0.1181722 0.1042172 0.1081269 0.0976799 0.1096557 0.1328154 0.1388374 0.1260973 0.1870805 0.1146385 0.1054913 0.1258848 0.1685883 0.1219369 0.1075646 0.1260270 0.1282117 0.1039419 0.1273789 0.2557021 0.1358207 0.1769117 0.2091293 0.1468610 0.1452303 0.2432629 0.1078317 0.2333710 0.1094334 0.1070207 0.1343844 0.1790076 0.1127125 0.1643918 0.2445455 0.1062622 0.1177593 0.1094976 0.1183978 0.1797986 0.1295250 0.1431146 0.1478886 0.1847369 0.1766279 0.1150233 0.1812915 0.1287307 0.1330024 0.1104802 0.0972496 0.1149919 0.1457533 0.0971676 0.1275718 0.1375795 0.1485553 0.1534368 0.1126764 0.1086120 0.1315581 0.1319912 0.1100337 0.1525508 0.1245810 0.1071023 0.1586397 0.1111317 0.1271102 0.1077410 0.0943811 0.1306772 0.1507665 0.1136697 0.1055995 0.2002527 0.0997697 0.1320607 0.0674396 0.1061659 
S0428sl       0.2952225 0.1035758 0.0723591 0.0650705 0.1281984 0.1201536 0.1731207 0.0609585 0.1184492 0.1112252 0.1396253 0.0752433 0.1877004 0.1637295 0.0721874 0.1723681 0.0437916 0.1239623 0.1187586 0.1783961 0.1034705 0.1095418 0.1116357 0.0495258 0.0875326 0.0509072 0.0763978 0.1182137 0.0000000 0.1785869 0.0556126 0.1130426 0.1085707 0.1890345 0.1629297 0.0335320 0.1204241 0.1089551 0.0714088 0.0603337 0.0842336 0.1106201 0.1071235 0.1680699 0.2063353 0.1090759 0.1906220 0.1233593 0.1120594 0.1137008 0.0796835 0.1116434 0.0736380 0.0801751 0.1336477 0.1207877 0.0643776 0.1804054 0.0646051 0.0810310 0.0390550 0.1612665 0.1188653 0.1108089 0.1083662 0.1195827 0.1171834 0.1519036 0.2113702 0.1078341 0.1701348 0.1995189 0.1352306 0.1334561 0.2140640 0.0785005 0.1982964 0.0446118 0.1020409 0.1206945 0.1726732 0.1290092 0.1506882 0.2158458 0.1071698 0.1203833 0.0959871 0.0381258 0.1720865 0.0668437 0.0597803 0.1444712 0.1770144 0.1686516 0.1148689 0.1762806 0.1129931 0.1138272 0.1127639 0.0963990 0.1162802 0.1474227 0.1116127 0.0619631 0.1201756 0.1296392 0.0637595 0.1099077 0.0805051 0.0453741 0.1531607 0.1086824 0.1373776 0.1088376 0.1125010 0.0743609 0.1130836 0.0748867 0.1162403 0.0912056 0.1072747 0.1238915 0.1013871 0.0814112 0.2001401 0.0833507 0.1104538 0.1062202 0.0826377 
S0430         0.3482440 0.1700884 0.1441995 0.1941877 0.1581413 0.1730096 0.0174690 0.2042315 0.1915359 0.1698547 0.2196855 0.2145090 0.0217843 0.1172359 0.2350124 0.0203298 0.1809733 0.2090137 0.1983555 0.0150371 0.1675142 0.1608435 0.1633710 0.1798975 0.1620781 0.1798828 0.1480641 0.1879904 0.1785869 0.0000000 0.1652549 0.1935105 0.1838125 0.1799677 0.0230910 0.1543678 0.1670138 0.1588661 0.2190036 0.1569436 0.1617936 0.1638269 0.1596013 0.0142355 0.2580707 0.1759937 0.0248152 0.1934623 0.1706174 0.1845244 0.1559388 0.1699321 0.1542374 0.1561567 0.1940085 0.1653453 0.1640345 0.1510850 0.1544678 0.1458371 0.1703820 0.1018673 0.1914233 0.1839620 0.1880154 0.1924543 0.1919341 0.1842975 0.2556391 0.1928505 0.1313145 0.1589320 0.2081931 0.2080391 0.2526465 0.1591022 0.2378846 0.1275560 0.1781893 0.1904231 0.1357081 0.1902826 0.2361380 0.2609588 0.1668730 0.1657055 0.1812319 0.1687207 0.0159908 0.1711754 0.2080180 0.1378220 0.0173765 0.0067042 0.1717184 0.1624765 0.1796939 0.1894251 0.1698318 0.1626566 0.1838542 0.2305420 0.1669546 0.1793668 0.1952705 0.2125716 0.1963579 0.1590787 0.1583149 0.1764180 0.1790148 0.1607197 0.2195468 0.1895850 0.1685401 0.1973093 0.1691807 0.1671249 0.1724046 0.1752441 0.1879368 0.2016777 0.1746097 0.1486001 0.2378281 0.1397926 0.1981574 0.1874329 0.1594716 
