101
PAFTOL_019361 0.0000000 0.2025329 0.2126536 0.1871459 0.2612141 0.1939441 0.2379247 0.2452681 0.2718361 0.2754551 0.2310164 0.2597800 0.2529603 0.2406809 0.2189661 0.2530257 0.2533483 0.2228463 0.2100585 0.2399269 0.2645178 0.2203878 0.2356928 0.2906782 0.2474555 0.2210471 0.2364428 0.1990235 0.2608631 0.2304286 0.2454826 0.2126536 0.2267459 0.2307941 0.2122821 0.2433345 0.2225795 0.2707606 0.1949132 0.2146040 0.1739762 0.2331116 0.2442327 0.2144301 0.2487152 0.2501112 0.2092874 0.2045669 0.2722329 0.2275923 0.2619285 0.2260835 0.2231147 0.2313481 0.1957808 0.2159353 0.2775714 0.2153582 0.2235209 0.1942657 0.2596988 0.2630022 0.2359110 0.2175057 0.2079756 0.2477730 0.2125219 0.2072033 0.2247650 0.2696684 0.2246103 0.2045423 0.2486196 0.2032831 0.2206024 0.2787545 0.2321608 0.2350168 0.2590686 0.2144301 0.2502085 0.2373660 0.2241238 0.2108452 0.2078356 1.2683679 0.2598750 0.2247761 0.2279830 0.1863114 0.2357078 0.2081180 0.2297488 0.2450281 0.1940328 0.2023805 0.2378216 0.2019606 0.2300835 0.2139994 0.1950142 
S0055         0.2025329 0.0000000 0.0786963 0.0727570 0.0789263 0.0633519 0.0676786 0.0811587 0.1249463 0.1000030 0.0921620 0.0623891 0.0789883 0.0793742 0.0685815 0.0982915 0.0855529 0.0794773 0.0634782 0.0676513 0.1150959 0.0616839 0.0781573 0.1317605 0.0912678 0.0751868 0.0676786 0.0812240 0.1468524 0.0629432 0.0679118 0.0786963 0.0897337 0.0677822 0.0980564 0.0753121 0.0850184 0.1025595 0.0474099 0.0648644 0.0693071 0.0922359 0.0584595 0.0788982 0.1732247 0.1079395 0.0708896 0.0714723 0.1553323 0.0900847 0.1474285 0.0590748 0.0741697 0.0801074 0.0739075 0.0736731 0.1669316 0.0521973 0.0573435 0.0518766 0.0930858 0.0967830 0.0909498 0.0486709 0.0683638 0.0797053 0.0820137 0.0735058 0.0630095 0.0794388 0.0234947 0.0523179 0.0866306 0.0797358 0.0847433 0.1387907 0.0733009 0.1083460 0.1169069 0.0788982 0.0918588 0.0628196 0.0854417 0.0850969 0.0747758 0.8131007 0.1043955 0.0732943 0.0862145 0.0578627 0.0689464 0.0734646 0.0805145 0.0907398 0.0524964 0.0577737 0.1004663 0.0474631 0.0752148 0.0415924 0.0575745 
S0196sl       0.2126536 0.0786963 0.0000000 0.0331527 0.0810073 0.0658941 0.0754149 0.0826214 0.1178389 0.1116226 0.0877483 0.0722580 0.0755319 0.0758816 0.0604843 0.0993114 0.0992344 0.0960954 0.0550658 0.0865293 0.1163781 0.0651803 0.0747635 0.1242904 0.1031164 0.0827272 0.0647546 0.0363236 0.1683808 0.0600834 0.0703235 0.0000010 0.0085374 0.0522550 0.0411036 0.0871894 0.0806044 0.1037425 0.0554477 0.0616264 0.0570301 0.0762079 0.0812841 0.0310009 0.1978708 0.1024524 0.0614300 0.0778179 0.1772062 0.0085696 0.1690286 0.0605696 0.0651160 0.0809039 0.0825602 0.0761136 0.1757001 0.0596951 0.0453243 0.0607928 0.0937239 0.0981617 0.0875355 0.1105616 0.0850546 0.0813430 0.0934825 0.0546106 0.0703071 0.0865757 0.0724001 0.0665211 0.0818471 0.0608317 0.0866118 0.1453666 0.0755491 0.0221992 0.0990483 0.0310009 0.1042091 0.0650059 0.0456275 0.0715039 0.0610999 1.3539475 0.0881782 0.0704053 0.0818236 0.0706615 0.0771292 0.0548045 0.0714585 0.0913775 0.0507011 0.0507362 0.1045509 0.0404097 0.0768797 0.0409853 0.0604081 
S0281         0.1871459 0.0727570 0.0331527 0.0000000 0.0649552 0.0434917 0.0706745 0.0834898 0.1214322 0.0829142 0.0889769 0.0643351 0.0593753 0.0653172 0.0539035 0.0893473 0.0713587 0.0925170 0.0432031 0.0484634 0.1132051 0.0542319 0.0700151 0.1085739 0.0933404 0.0659209 0.0593753 0.0391064 0.1605799 0.0591411 0.0485501 0.0331527 0.0432333 0.0501942 0.0442668 0.0822998 0.0699080 0.0872138 0.0382737 0.0550850 0.0504538 0.0707056 0.0605183 0.0331413 0.1813647 0.0877905 0.0662650 0.0608800 0.1697709 0.0434089 0.1612365 0.0436869 0.0540182 0.0707476 0.0652108 0.0591676 0.1837876 0.0540109 0.0385002 0.0490194 0.0774314 0.0815111 0.0883616 0.0593497 0.0807867 0.0765597 0.0896395 0.0431729 0.0598040 0.0706456 0.0662843 0.0440297 0.0887898 0.0599224 0.0646437 0.1296745 0.0592406 0.0489580 0.0951879 0.0331413 0.0704790 0.0596245 0.0386627 0.0599579 0.0547639 1.0735954 0.0947767 0.0595173 0.0658249 0.0649071 0.0550297 0.0380921 0.0715385 0.0759625 0.0438621 0.0386344 0.0933134 0.0383804 0.0709299 0.0386801 0.0489755 
S0282         0.2612141 0.0789263 0.0810073 0.0649552 0.0000000 0.0826787 0.0315302 0.0779394 0.1320432 0.1190037 0.1065363 0.0532425 0.0315898 0.0413042 0.0763907 0.1003096 0.0935706 0.1150122 0.0608583 0.0811055 0.1303837 0.0315565 0.0406947 0.1377237 0.1163990 0.0879557 0.0220954 0.0943794 0.1829861 0.0758909 0.0175910 0.0810073 0.0917351 0.0591126 0.0998591 0.0880601 0.0979574 0.1102303 0.0612817 0.0789772 0.0686759 0.0942043 0.0627715 0.0756378 0.2012085 0.1087263 0.0895702 0.0843549 0.1922498 0.0920818 0.1836980 0.0564384 0.0823255 0.0990740 0.0941813 0.0933548 0.1920903 0.0266672 0.0359648 0.0556836 0.0946661 0.1045381 0.1010104 0.0792685 0.1032871 0.0462917 0.1127131 0.0816167 0.0363087 0.0315897 0.0670478 0.0667082 0.0942954 0.0999303 0.0990978 0.1395805 0.0503295 0.1042526 0.1240792 0.0756378 0.1114082 0.0221858 0.0818671 0.0823139 0.0778461 1.0311623 0.1061088 0.0409103 0.0884203 0.0554928 0.0824424 0.0763306 0.0834726 0.0981562 0.0516119 0.0720963 0.1044541 0.0509390 0.0885790 0.0606533 0.0718660 
S0292         0.1939441 0.0633519 0.0658941 0.0434917 0.0826787 0.0000000 0.0883927 0.0843546 0.1147289 0.0721858 0.0963301 0.0741686 0.0830663 0.0722704 0.0668374 0.0906052 0.0887112 0.0931364 0.0411211 0.0671050 0.1002337 0.0660714 0.0876224 0.1203070 0.1066228 0.0727383 0.0771122 0.0679389 0.1819690 0.0564064 0.0717813 0.0658941 0.0763064 0.0480780 0.0731826 0.0838101 0.0768287 0.1005351 0.0266654 0.0523108 0.0534978 0.0726286 0.0630600 0.0557933 0.1918158 0.1053400 0.0625917 0.0576296 0.1911729 0.0765977 0.1826742 0.0517803 0.0611090 0.0723906 0.0880146 0.0458501 0.2048386 0.0717813 0.0615986 0.0510801 0.0787273 0.0948958 0.0783354 0.0863548 0.0819567 0.0829934 0.0849936 0.0505874 0.0725702 0.0770410 0.0631061 0.0610725 0.0900248 0.0269904 0.0173057 0.1282677 0.0771098 0.0882878 0.1071903 0.0557933 0.0950857 0.0774142 0.0615981 0.0464300 0.0680753 1.0397225 0.0898023 0.0774662 0.0841548 0.0662265 0.0732960 0.0456755 0.0736107 0.0830531 0.0510196 0.0362554 0.1013776 0.0463412 0.0681515 0.0608712 0.0413319 
S0293         0.2379247 0.0676786 0.0754149 0.0706745 0.0315302 0.0883927 0.0000000 0.0722665 0.1254246 0.1193970 0.0944525 0.0531400 0.0267717 0.0362991 0.0656860 0.1000598 0.0994582 0.1032182 0.0661751 0.0813621 0.1238529 0.0267429 0.0357662 0.1444295 0.1101598 0.0937568 0.0174748 0.0884332 0.1810739 0.0703718 0.0314162 0.0754149 0.0859718 0.0590135 0.0938360 0.0938517 0.1038549 0.1163655 0.0666336 0.0675986 0.0576687 0.0882902 0.0561132 0.0811453 0.1900275 0.1094433 0.0836710 0.0901903 0.1902287 0.0862964 0.1817734 0.0719873 0.0766446 0.0931139 0.0828371 0.0992157 0.1886046 0.0219700 0.0359305 0.0609087 0.1006119 0.1105827 0.0824751 0.0706732 0.0918468 0.0411909 0.1064342 0.0759830 0.0314129 0.0460541 0.0725475 0.0614942 0.0883754 0.0939234 0.1104003 0.1270795 0.0554387 0.1041830 0.1176548 0.0811453 0.1113369 0.0175463 0.0875210 0.0944675 0.0722050 0.8543889 0.1060380 0.0504992 0.0883543 0.0607016 0.0823787 0.0762701 0.0777344 0.0980881 0.0515649 0.0720382 0.0925465 0.0406834 0.0885672 0.0555742 0.0614282 
S0294         0.2452681 0.0811587 0.0826214 0.0834898 0.0779394 0.0843546 0.0722665 0.0000000 0.1146418 0.1199954 0.1087241 0.0614309 0.0723829 0.0565880 0.0725815 0.1026416 0.0953513 0.1002752 0.0620784 0.1056715 0.1131937 0.0618687 0.0664137 0.1333760 0.1120768 0.1073654 0.0614539 0.0850496 0.1955488 0.0720964 0.0670909 0.0826214 0.0935656 0.0666999 0.0905241 0.0954874 0.1121953 0.1069482 0.0625174 0.0690939 0.0650760 0.0842572 0.0397074 0.0833191 0.2238928 0.1121210 0.0852684 0.0982388 0.2053742 0.0939250 0.1963317 0.0677342 0.0725920 0.1010823 0.0894551 0.0899672 0.2035554 0.0563166 0.0616912 0.0676558 0.0902751 0.1011936 0.0780778 0.0895887 0.0943008 0.0728874 0.1096137 0.0719546 0.0670755 0.0781627 0.0688009 0.0675377 0.0789126 0.0899140 0.1064804 0.1345875 0.0829404 0.1071166 0.1070960 0.0833191 0.1132909 0.0616988 0.0898820 0.0904426 0.0852559 1.1143955 0.0956403 0.0776046 0.0898956 0.0674239 0.0899872 0.0722271 0.0911011 0.0997838 0.0685764 0.0629036 0.1136419 0.0472275 0.1024917 0.0673163 0.0737640 
S0299         0.2718361 0.1249463 0.1178389 0.1214322 0.1320432 0.1147289 0.1254246 0.1146418 0.0000000 0.1579534 0.1413686 0.0905851 0.1255921 0.1067873 0.1201614 0.0368011 0.1401390 0.1495390 0.0890734 0.1510644 0.0623879 0.1135891 0.1243278 0.0622728 0.0841968 0.1466404 0.1128431 0.1090038 0.2304573 0.1193775 0.1195716 0.1178389 0.1297556 0.1053572 0.1143135 0.0722835 0.1441432 0.0900810 0.0963405 0.0971002 0.1064912 0.0900970 0.1200369 0.1188167 0.2106089 0.1063517 0.1285327 0.1362739 0.2412141 0.1302524 0.2313965 0.1147896 0.1071464 0.1384716 0.1270583 0.1263555 0.2390338 0.1069670 0.1019120 0.1088861 0.0363463 0.0845307 0.0234941 0.1677964 0.1365862 0.1327561 0.1328750 0.1005172 0.1062142 0.1386238 0.1171719 0.1087280 0.0567393 0.1072618 0.1384619 0.0742600 0.1256017 0.1451057 0.0409536 0.1188167 0.0851192 0.1132835 0.1262773 0.1214083 0.1096115 1.1067312 0.0315627 0.1197349 0.0670247 0.1141641 0.1156531 0.1009230 0.1223039 0.0727349 0.0974800 0.1023386 0.1202312 0.0906380 0.1403482 0.0970520 0.1089020 
S0308         0.2754551 0.1000030 0.1116226 0.0829142 0.1190037 0.0721858 0.1193970 0.1199954 0.1579534 0.0000000 0.1403524 0.1203790 0.1191754 0.1189096 0.1009387 0.1199775 0.1084408 0.0963959 0.0833504 0.1022365 0.1367606 0.1073793 0.1242894 0.1556732 0.1486647 0.1022511 0.1128310 0.1270449 0.2160851 0.0949917 0.1069679 0.1116226 0.1233361 0.0919384 0.1329671 0.1180798 0.0794148 0.1419359 0.0677502 0.0849624 0.0882795 0.1193073 0.0983362 0.1003962 0.2401662 0.1315333 0.1164457 0.1108506 0.2165977 0.1238072 0.2169575 0.0962233 0.0840394 0.0796883 0.1084902 0.1066016 0.2412519 0.1069679 0.0958696 0.0906018 0.1181795 0.1358015 0.1200540 0.0992036 0.0790097 0.1268057 0.0934702 0.0942807 0.1132168 0.1197602 0.0850084 0.0795409 0.1249856 0.1023108 0.0996528 0.1657100 0.1012861 0.1373625 0.1492727 0.1003962 0.1349167 0.1132703 0.1073587 0.1079677 0.1088250 1.3633553 0.1302725 0.1133682 0.1185920 0.0955249 0.0976316 0.0887804 0.1150233 0.1287854 0.0851621 0.0789251 0.1347435 0.0736284 0.1088785 0.0850654 0.0798551 
S0335         0.2310164 0.0921620 0.0877483 0.0889769 0.1065363 0.0963301 0.0944525 0.1087241 0.1413686 0.1403524 0.0000000 0.1043768 0.1005348 0.1010584 0.0953685 0.1268452 0.1267678 0.1173673 0.0782568 0.1243464 0.1453598 0.0892838 0.0995168 0.1615167 0.1306070 0.1203679 0.0886952 0.1016520 0.2220548 0.0947427 0.0948830 0.0877483 0.0987604 0.0540085 0.1072644 0.1134233 0.1112425 0.1372341 0.0736779 0.0788678 0.0633610 0.1014333 0.1052078 0.0937818 0.2469527 0.1297463 0.0843286 0.0908915 0.2325431 0.0991369 0.2229516 0.0844069 0.0891840 0.1010380 0.1145758 0.1074939 0.2304616 0.0831899 0.0783307 0.0788562 0.1207500 0.1311117 0.0950315 0.1250351 0.1106490 0.1016548 0.1205294 0.0884126 0.0948540 0.1072171 0.0977804 0.0911234 0.1076352 0.1020416 0.1190555 0.1629436 0.1005490 0.1063346 0.1387656 0.0937818 0.1320194 0.0890422 0.1005422 0.0964664 0.0506829 1.9940724 0.1264659 0.0950031 0.1076257 0.0893355 0.1024174 0.0887590 0.0219668 0.1177383 0.0737152 0.0792873 0.1264720 0.0622867 0.0607817 0.0843048 0.0790351 
S0376         0.2597800 0.0623891 0.0722580 0.0643351 0.0532425 0.0741686 0.0531400 0.0614309 0.0905851 0.1203790 0.1043768 0.0000000 0.0596703 0.0599999 0.0664102 0.0821222 0.0666985 0.0926431 0.0537130 0.0862511 0.1113873 0.0407271 0.0588703 0.1135682 0.0884000 0.0806735 0.0464994 0.0802647 0.2050022 0.0595041 0.0405500 0.0722580 0.0857211 0.0409777 0.0802072 0.0673185 0.1010991 0.0884369 0.0541987 0.0619355 0.0563201 0.0809421 0.0476009 0.0724890 0.1963464 0.1160492 0.0757997 0.0678873 0.2058592 0.0787537 0.1945726 0.0543627 0.0667382 0.0949104 0.0816786 0.0816882 0.2135727 0.0342880 0.0464759 0.0472142 0.0751904 0.0814539 0.0738121 0.0746293 0.0864249 0.0667457 0.0967916 0.0663731 0.0469448 0.0598564 0.0420643 0.0541727 0.0541926 0.0811079 0.1016391 0.1271444 0.0657052 0.1086100 0.0963993 0.0724890 0.0821435 0.0467356 0.0804104 0.0890330 0.0747727 1.2016271 0.0887325 0.0592655 0.0606914 0.0405936 0.0738620 0.0598413 0.0750885 0.0733656 0.0544480 0.0674901 0.1021953 0.0409694 0.0890242 0.0407931 0.0605932 
S0400         0.2529603 0.0789883 0.0755319 0.0593753 0.0315898 0.0830663 0.0267717 0.0723829 0.1255921 0.1191754 0.1005348 0.0596703 0.0000000 0.0363665 0.0654794 0.1065007 0.0996017 0.1089936 0.0662831 0.0868417 0.1240176 0.0267944 0.0358319 0.1446114 0.1103116 0.0938950 0.0175096 0.0885666 0.1906541 0.0651328 0.0264916 0.0755319 0.0860997 0.0649795 0.0939745 0.0939897 0.1040008 0.1165228 0.0667428 0.0678002 0.0687318 0.0884229 0.0690527 0.0812689 0.2093411 0.1095938 0.0838004 0.0903272 0.2001612 0.0864250 0.1914013 0.0721028 0.0767644 0.0823774 0.0884045 0.0993583 0.1984266 0.0220129 0.0359967 0.0610102 0.0954426 0.1107353 0.0947676 0.0633776 0.0974558 0.0361572 0.1065852 0.0761013 0.0221882 0.0461361 0.0673693 0.0667613 0.0885083 0.0940615 0.1105525 0.1332660 0.0555327 0.0976556 0.1178144 0.0812689 0.1052736 0.0175814 0.0876520 0.0946068 0.0779065 1.2016271 0.1061880 0.0505867 0.0884873 0.0608026 0.0825054 0.0763892 0.0835367 0.0982288 0.0516553 0.0721530 0.1109406 0.0509816 0.0945396 0.0607020 0.0719223 
S0405         0.2406809 0.0793742 0.0758816 0.0653172 0.0413042 0.0722704 0.0362991 0.0565880 0.1067873 0.1189096 0.1010584 0.0599999 0.0363665 0.0000000 0.0611000 0.0951426 0.0934513 0.0985156 0.0506855 0.0982346 0.1054547 0.0268868 0.0175943 0.1249764 0.1047566 0.0943715 0.0267037 0.0836513 0.1773162 0.0606913 0.0315884 0.0758816 0.0865158 0.0653119 0.0890457 0.0882722 0.1045402 0.1108966 0.0562795 0.0571493 0.0638317 0.0717778 0.0563877 0.0765180 0.1936294 0.1037418 0.0787749 0.0907875 0.1864829 0.0868444 0.1780084 0.0671705 0.0660955 0.0937193 0.0824452 0.0827774 0.1848749 0.0220852 0.0361293 0.0612764 0.0831857 0.1051613 0.0765687 0.0804610 0.0979476 0.0225144 0.1004422 0.0554194 0.0266837 0.0272030 0.0677174 0.0611675 0.0828553 0.0776248 0.0935910 0.1260761 0.0557665 0.1048725 0.0995401 0.0765180 0.1058815 0.0268126 0.0828344 0.0780766 0.0782801 1.0311623 0.0884089 0.0507937 0.0828323 0.0610669 0.0829060 0.0657604 0.0839461 0.0928097 0.0621034 0.0615238 0.0988699 0.0511919 0.0950215 0.0609656 0.0671466 
S0412sl       0.2189661 0.0685815 0.0604843 0.0539035 0.0763907 0.0668374 0.0656860 0.0725815 0.1201614 0.1009387 0.0953685 0.0664102 0.0654794 0.0611000 0.0000000 0.0956397 0.0944665 0.0822881 0.0614620 0.0606898 0.1186510 0.0606446 0.0601964 0.1390209 0.1051185 0.0780215 0.0602445 0.0617180 0.1908893 0.0308607 0.0657632 0.0604843 0.0604972 0.0594764 0.0668300 0.0889071 0.0988811 0.1112654 0.0618925 0.0619380 0.0532241 0.0833864 0.0693208 0.0659689 0.2096305 0.1044322 0.0733888 0.0799494 0.2004078 0.0709815 0.1916379 0.0563038 0.0718597 0.0823907 0.0728079 0.0832771 0.1986700 0.0552092 0.0506201 0.0562399 0.0955773 0.1055246 0.0778488 0.0715956 0.0818089 0.0663794 0.0959861 0.0609487 0.0603650 0.0715127 0.0567826 0.0518422 0.0834672 0.0781073 0.0941260 0.1254564 0.0709670 0.0830049 0.1125051 0.0659689 0.0931263 0.0604808 0.0720146 0.0785625 0.0729358 1.0375338 0.0899301 0.0658393 0.0834438 0.0660847 0.0724548 0.0611725 0.0785130 0.0931563 0.0570008 0.0672481 0.0996025 0.0413910 0.0894336 0.0461292 0.0670283 
S0417         0.2530257 0.0982915 0.0993114 0.0893473 0.1003096 0.0906052 0.1000598 0.1026416 0.0368011 0.1199775 0.1268452 0.0821222 0.1065007 0.0951426 0.0956397 0.0000000 0.1090370 0.1294501 0.0668531 0.1120433 0.0519981 0.0950679 0.1054245 0.0415916 0.0776042 0.1197524 0.0944417 0.0904924 0.1820495 0.1006068 0.0888469 0.0993114 0.1106685 0.0781752 0.0956365 0.0457194 0.1173636 0.0720220 0.0734161 0.0855917 0.0702782 0.0788924 0.0972690 0.0828680 0.1833353 0.0883404 0.1089537 0.1034707 0.1912582 0.1110912 0.1827553 0.0842329 0.0954916 0.1187124 0.1093969 0.1016629 0.2049281 0.0888469 0.0782080 0.0787867 0.0175190 0.0667836 0.0137908 0.0982929 0.1171495 0.1131740 0.1264365 0.0946641 0.0882170 0.1063129 0.0859056 0.0802022 0.0412183 0.0956013 0.1130964 0.0691450 0.0944282 0.1241341 0.0315023 0.0828680 0.0728047 0.0948109 0.0893829 0.1029747 0.0851374 0.9601173 0.0175737 0.0948841 0.0458923 0.0892690 0.1080933 0.0891365 0.1023433 0.0610937 0.0792699 0.0848305 0.0932455 0.0620225 0.1076726 0.0682007 0.0790828 
S0427         0.2533483 0.0855529 0.0992344 0.0713587 0.0935706 0.0887112 0.0994582 0.0953513 0.1401390 0.1084408 0.1267678 0.0666985 0.0996017 0.0934513 0.0944665 0.1090370 0.0000000 0.1116523 0.0718594 0.0993612 0.1317605 0.0826924 0.0985972 0.1399580 0.1248734 0.1124780 0.0878455 0.1081811 0.1996682 0.0938488 0.0823781 0.0992344 0.1105909 0.0724113 0.1139494 0.1015790 0.1057327 0.1128501 0.0668664 0.0909129 0.0705640 0.1065441 0.0694619 0.0883397 0.2215104 0.1186535 0.1088738 0.0967192 0.2028404 0.1110134 0.2004611 0.0841583 0.0831722 0.1069535 0.0943995 0.0883790 0.2222377 0.0823781 0.0719652 0.0670003 0.1016656 0.1070254 0.1085988 0.1046908 0.0998328 0.1003776 0.1211979 0.0824512 0.0939583 0.0994239 0.0848585 0.0668338 0.1082035 0.1009667 0.1108042 0.1543714 0.0878365 0.1240571 0.1318756 0.0883397 0.1197601 0.0881869 0.0949874 0.1007227 0.0962756 1.4017955 0.1134153 0.0882518 0.0908531 0.0827699 0.0787672 0.0771105 0.1022644 0.1175504 0.0734245 0.0779262 0.1065323 0.0624655 0.1075937 0.0720951 0.0788384 
S0430         0.2228463 0.0794773 0.0960954 0.0925170 0.1150122 0.0931364 0.1032182 0.1002752 0.1495390 0.0963959 0.1173673 0.0926431 0.1089936 0.0985156 0.0822881 0.1294501 0.1116523 0.0000000 0.0867012 0.0987319 0.1349691 0.0919462 0.0970391 0.1760216 0.1271609 0.1064658 0.0971104 0.1045446 0.1893178 0.0817502 0.1033431 0.0960954 0.1071116 0.0883324 0.1158053 0.1219512 0.0766153 0.1336178 0.0712518 0.0944809 0.0844522 0.1099436 0.0760447 0.1021660 0.1999182 0.1209033 0.0836872 0.0957881 0.1835776 0.1075117 0.1752680 0.0874458 0.0867400 0.0664344 0.1054869 0.1096549 0.1820149 0.0810682 0.0867857 0.0874552 0.1293444 0.1276443 0.1183703 0.0958503 0.0222679 0.0933755 0.0626947 0.0756161 0.0924626 0.1045318 0.0788739 0.0829263 0.1161691 0.0986875 0.1152268 0.1604375 0.1090060 0.1263941 0.1473324 0.1021660 0.1169689 0.0974813 0.1089968 0.1102320 0.0939344 1.1490690 0.1350443 0.1034746 0.1047131 0.0986830 0.0941969 0.0759006 0.0997799 0.1261971 0.0765353 0.0766940 0.1246173 0.0655843 0.0999698 0.0764465 0.0764533 
S0552sl       0.2100585 0.0634782 0.0550658 0.0432031 0.0608583 0.0411211 0.0661751 0.0620784 0.0890734 0.0833504 0.0782568 0.0537130 0.0662831 0.0506855 0.0614620 0.0668531 0.0718594 0.0867012 0.0000000 0.0765461 0.0879686 0.0560361 0.0655906 0.0943499 0.0820187 0.0777227 0.0556629 0.0618843 0.1485318 0.0610501 0.0506569 0.0550658 0.0651002 0.0362950 0.0670085 0.0608034 0.0707766 0.0764204 0.0266777 0.0319566 0.0375632 0.0362068 0.0386437 0.0453277 0.1677243 0.0865414 0.0622940 0.0573530 0.1568178 0.0653469 0.1490993 0.0412038 0.0456952 0.0715933 0.0723700 0.0508214 0.1696299 0.0506569 0.0410365 0.0413677 0.0560123 0.0711782 0.0595659 0.0789942 0.0757941 0.0719665 0.0781260 0.0452885 0.0554164 0.0661486 0.0521575 0.0366142 0.0664362 0.0563866 0.0607331 0.1081005 0.0556701 0.0765196 0.0823470 0.0453277 0.0772411 0.0558834 0.0508191 0.0514636 0.0515636 1.0417233 0.0662619 0.0559129 0.0610394 0.0509141 0.0621326 0.0404800 0.0567805 0.0654593 0.0366267 0.0362688 0.0812480 0.0267473 0.0616591 0.0461979 0.0413451 
S0558         0.2399269 0.0676513 0.0865293 0.0484634 0.0811055 0.0671050 0.0813621 0.1056715 0.1510644 0.1022365 0.1243464 0.0862511 0.0868417 0.0982346 0.0606898 0.1120433 0.0993612 0.0987319 0.0765461 0.0000000 0.1424615 0.0811461 0.0967660 0.1568881 0.1207977 0.0830062 0.0756411 0.0775097 0.1891421 0.0710111 0.0808411 0.0865293 0.0974099 0.0831587 0.0827934 0.1049525 0.0928726 0.1146127 0.0613536 0.0957906 0.0737329 0.1059174 0.0753838 0.0810764 0.2167288 0.0990871 0.0959177 0.0907298 0.1985586 0.0977781 0.1898790 0.0714659 0.0879331 0.0939371 0.0941661 0.0931471 0.2124266 0.0808411 0.0706153 0.0657392 0.1119607 0.1089151 0.1065187 0.0875410 0.0874032 0.0986400 0.1073729 0.0765051 0.0922011 0.0923986 0.0673941 0.0666968 0.1115322 0.0889061 0.0881596 0.1655513 0.0862003 0.1101666 0.1425828 0.0810764 0.1158264 0.0759341 0.0874426 0.0943237 0.0836168 1.1011209 0.1238716 0.0866007 0.1053942 0.0812218 0.0620489 0.0712676 0.1003174 0.1099800 0.0616299 0.0721773 0.0925581 0.0611403 0.0945077 0.0606431 0.0719465 
S0624         0.2645178 0.1150959 0.1163781 0.1132051 0.1303837 0.1002337 0.1238529 0.1131937 0.0623879 0.1367606 0.1453598 0.1113873 0.1240176 0.1054547 0.1186510 0.0519981 0.1317605 0.1349691 0.0879686 0.1424615 0.0000000 0.0992455 0.1227801 0.0674523 0.0939181 0.1516583 0.1114358 0.1076219 0.2100128 0.1178836 0.1180727 0.1163781 0.1281456 0.1038505 0.1128714 0.0713884 0.1240174 0.0998907 0.0828327 0.0958747 0.1051046 0.0889703 0.1106704 0.1173352 0.1993719 0.0938277 0.1213791 0.1289019 0.2199890 0.1286318 0.2108402 0.1133411 0.0998005 0.1126783 0.1232922 0.1167623 0.2180707 0.1056331 0.1006338 0.0946729 0.0463919 0.0942838 0.0337009 0.1061811 0.1100758 0.1310776 0.1202239 0.0989471 0.1048961 0.1368761 0.1156671 0.0998054 0.0560320 0.0880031 0.1228729 0.0793816 0.1240274 0.1490349 0.0563558 0.1173352 0.0949309 0.1118668 0.1246892 0.1007031 0.1082211 0.9786055 0.0463490 0.1182316 0.0661921 0.1132529 0.1259596 0.0993402 0.1263645 0.0822879 0.0893032 0.0885034 0.1059954 0.0894985 0.1385652 0.0885982 0.0946686 
S0641         0.2203878 0.0616839 0.0651803 0.0542319 0.0315565 0.0660714 0.0267429 0.0618687 0.1135891 0.1073793 0.0892838 0.0407271 0.0267944 0.0268868 0.0606446 0.0950679 0.0826924 0.0919462 0.0560361 0.0811461 0.0992455 0.0000000 0.0264923 0.1321262 0.0989340 0.0828553 0.0174898 0.0776308 0.1675083 0.0602417 0.0221651 0.0651803 0.0754849 0.0533120 0.0829232 0.0829675 0.0870860 0.1049620 0.0457269 0.0627288 0.0580683 0.0775414 0.0443681 0.0707279 0.1749454 0.0924705 0.0729267 0.0738121 0.1762855 0.0705734 0.1681508 0.0616398 0.0609127 0.0767077 0.0709269 0.0813361 0.1747918 0.0130185 0.0266145 0.0405030 0.0894750 0.0993163 0.0830551 0.0551333 0.0809039 0.0316380 0.0892295 0.0603786 0.0221637 0.0363947 0.0620968 0.0504539 0.0776164 0.0712890 0.0868529 0.1333131 0.0456358 0.0931184 0.1061308 0.0707279 0.0999945 0.0175614 0.0768615 0.0767062 0.0672464 1.0593681 0.0947887 0.0408070 0.0775902 0.0507382 0.0663208 0.0507212 0.0727193 0.0871987 0.0457423 0.0507510 0.0989907 0.0411300 0.0834626 0.0448939 0.0505771 
S0643         0.2356928 0.0781573 0.0747635 0.0700151 0.0406947 0.0876224 0.0357662 0.0664137 0.1243278 0.1242894 0.0995168 0.0588703 0.0358319 0.0175943 0.0601964 0.1054245 0.0985972 0.0970391 0.0655906 0.0967660 0.1227801 0.0264923 0.0000000 0.1431615 0.1092147 0.0929415 0.0263143 0.0876594 0.1887217 0.0597986 0.0311244 0.0747635 0.0852361 0.0642016 0.0875573 0.0930373 0.1029659 0.1153659 0.0660423 0.0725869 0.0679917 0.0875214 0.0681824 0.0804452 0.2068859 0.1085089 0.0775772 0.0893918 0.1981007 0.0855559 0.1894549 0.0661647 0.0759754 0.0923100 0.0825004 0.0983595 0.1963994 0.0217636 0.0356005 0.0504167 0.0997349 0.1096316 0.0937496 0.0708471 0.0964863 0.0131294 0.0998677 0.0753234 0.0311212 0.0267997 0.0666940 0.0612413 0.0876052 0.0931083 0.1094524 0.1444694 0.0549458 0.1032890 0.1166361 0.0804452 0.1103741 0.0264201 0.0867634 0.0936439 0.0770985 1.3733602 0.1051170 0.0500464 0.0875845 0.0601640 0.0816584 0.0756058 0.0826747 0.0972463 0.0611729 0.0714015 0.1097840 0.0504341 0.0935787 0.0600646 0.0711734 
S0645sl       0.2906782 0.1317605 0.1242904 0.1085739 0.1377237 0.1203070 0.1444295 0.1333760 0.0622728 0.1556732 0.1615167 0.1135682 0.1446114 0.1249764 0.1390209 0.0415916 0.1399580 0.1760216 0.0943499 0.1568881 0.0674523 0.1321262 0.1431615 0.0000000 0.0958893 0.1535768 0.1312658 0.1087145 0.2222063 0.1381208 0.1251509 0.1242904 0.1363849 0.1123446 0.1208264 0.0723544 0.1436653 0.0952100 0.0951074 0.1150900 0.1068292 0.1076216 0.1277206 0.1243609 0.2218875 0.1244316 0.1480324 0.1421241 0.2161954 0.1369068 0.2231032 0.1203699 0.1253480 0.1580674 0.1400022 0.1319981 0.2475725 0.1251509 0.1020186 0.1144216 0.0410802 0.0896248 0.0386296 0.1348466 0.1484712 0.1522157 0.1670220 0.1242764 0.1242797 0.1443649 0.1159289 0.1088318 0.0726890 0.1135966 0.1441898 0.0855600 0.1312232 0.1510111 0.0365421 0.1243609 0.0962459 0.1317750 0.1319221 0.1337108 0.1216612 1.3696178 0.0412131 0.1318994 0.0777088 0.1201324 0.1410268 0.1184079 0.1404918 0.0834321 0.1151224 0.1071685 0.1188766 0.1020984 0.1461452 0.1087305 0.1137737 
S0673         0.2474555 0.0912678 0.1031164 0.0933404 0.1163990 0.1066228 0.1101598 0.1120768 0.0841968 0.1486647 0.1306070 0.0884000 0.1103116 0.1047566 0.1051185 0.0776042 0.1248734 0.1271609 0.0820187 0.1207977 0.0939181 0.0989340 0.1092147 0.0958893 0.0000000 0.1366119 0.0873360 0.0951676 0.2030441 0.1044409 0.1045996 0.1031164 0.1144191 0.0962373 0.1062244 0.0663785 0.1220208 0.0312994 0.0941898 0.0896681 0.0854604 0.0829531 0.1249996 0.0981730 0.2238876 0.0980049 0.1073637 0.1144727 0.2128354 0.1148499 0.2038410 0.0946911 0.1047738 0.1224743 0.1128476 0.1234130 0.2109871 0.0927239 0.0878606 0.0943747 0.0722871 0.0266495 0.0591836 0.1063459 0.1150741 0.1111900 0.1306159 0.0927993 0.0978760 0.1226021 0.0964183 0.0897051 0.0611282 0.1178681 0.1296468 0.1323056 0.1103238 0.1343032 0.0773953 0.0981730 0.0268347 0.0986708 0.1049830 0.1130700 0.0949880 1.4103558 0.0773770 0.0981471 0.0714135 0.0940676 0.1067824 0.1042995 0.1123894 0.0314827 0.0890227 0.1000525 0.1100529 0.0771631 0.1185985 0.0831670 0.0886408 
S0689         0.2210471 0.0751868 0.0827272 0.0659209 0.0879557 0.0727383 0.0937568 0.1073654 0.1466404 0.1022511 0.1203679 0.0806735 0.0938950 0.0943715 0.0780215 0.1197524 0.1124780 0.1064658 0.0777227 0.0830062 0.1516583 0.0828553 0.0929415 0.1535768 0.1366119 0.0000000 0.0823091 0.0854950 0.2074924 0.0616722 0.0769108 0.0827272 0.0827472 0.0780849 0.0966405 0.0843109 0.0890903 0.1300374 0.0677527 0.0973259 0.0866721 0.1132156 0.0829929 0.0823187 0.2296873 0.1357095 0.0971173 0.0805072 0.2175781 0.0940489 0.2083229 0.0787863 0.1005147 0.0954187 0.1131748 0.0953678 0.2321292 0.0665631 0.0667028 0.0722215 0.1137671 0.1240182 0.1216510 0.0805866 0.0887624 0.0947654 0.0976639 0.0885315 0.0776573 0.0885133 0.0632473 0.0840611 0.1017166 0.0856432 0.0831924 0.1684176 0.0875253 0.1007979 0.1391560 0.0823187 0.1196307 0.0826312 0.0888021 0.0965956 0.0959405 1.1765438 0.1258941 0.0773119 0.0956403 0.0712661 0.0663902 0.0830870 0.0962193 0.1171841 0.0788967 0.0789626 0.1248656 0.0672816 0.0960045 0.0774792 0.0787112 
S0690         0.2364428 0.0676786 0.0647546 0.0593753 0.0220954 0.0771122 0.0174748 0.0614539 0.1128431 0.1128310 0.0886952 0.0464994 0.0175096 0.0267037 0.0602445 0.0944417 0.0878455 0.0971104 0.0556629 0.0756411 0.1114358 0.0174898 0.0263143 0.1312658 0.0873360 0.0823091 0.0000000 0.0771162 0.1759057 0.0598462 0.0220142 0.0647546 0.0749955 0.0529049 0.0823768 0.0824215 0.0814641 0.1042822 0.0560521 0.0623044 0.0576687 0.0770293 0.0561132 0.0601084 0.1918389 0.0976558 0.0724383 0.0786715 0.1849717 0.0752781 0.1765874 0.0612282 0.0658170 0.0817691 0.0770189 0.0876536 0.1833879 0.0129300 0.0264348 0.0505751 0.0888839 0.0986708 0.0824751 0.0633776 0.0859539 0.0314228 0.0944946 0.0551991 0.0220129 0.0361484 0.0616787 0.0560639 0.0771034 0.0824890 0.0985137 0.1324374 0.0453318 0.0925136 0.1054383 0.0601084 0.0993412 0.0086054 0.0659595 0.0829648 0.0667979 1.2016271 0.0941656 0.0405339 0.0770778 0.0504004 0.0713069 0.0654846 0.0722343 0.0866317 0.0414013 0.0612681 0.0983173 0.0408531 0.0829115 0.0503091 0.0509983 
S0720         0.1990235 0.0812240 0.0363236 0.0391064 0.0943794 0.0679389 0.0884332 0.0850496 0.1090038 0.1270449 0.1016520 0.0802647 0.0885666 0.0836513 0.0617180 0.0904924 0.1081811 0.1045446 0.0618843 0.0775097 0.1076219 0.0776308 0.0876594 0.1087145 0.0951676 0.0854950 0.0771162 0.0000000 0.1795734 0.0722373 0.0830682 0.0363236 0.0460269 0.0594614 0.0000026 0.0840142 0.0938993 0.1068083 0.0674040 0.0688859 0.0694383 0.0731942 0.0896914 0.0512849 0.2032439 0.0889364 0.0792155 0.0804298 0.1888974 0.0462044 0.1802824 0.0668520 0.0775472 0.0942540 0.1020435 0.0784787 0.1872486 0.0665722 0.0566657 0.0730967 0.0848969 0.1010509 0.0782289 0.1151951 0.0929994 0.0948126 0.0964540 0.0663759 0.0726026 0.1002975 0.0796722 0.0792456 0.0625081 0.0570779 0.0893155 0.1424086 0.0885827 0.0622298 0.0902463 0.0512849 0.0960746 0.0774199 0.0570358 0.0737376 0.0628558 1.1765438 0.0902234 0.0831704 0.0838717 0.0781808 0.0852090 0.0666244 0.0844200 0.0886863 0.0624331 0.0624810 0.1016274 0.0514534 0.0901572 0.0623521 0.0726478 
S0735         0.2608631 0.1468524 0.1683808 0.1605799 0.1829861 0.1819690 0.1810739 0.1955488 0.2304573 0.2160851 0.2220548 0.2050022 0.1906541 0.1773162 0.1908893 0.1820495 0.1996682 0.1893178 0.1485318 0.1891421 0.2100128 0.1675083 0.1887217 0.2222063 0.2030441 0.2074924 0.1759057 0.1795734 0.0000000 0.1966941 0.1692302 0.1683808 0.1815729 0.1851580 0.1928346 0.1762943 0.1754857 0.1890720 0.1608506 0.1863329 0.1618191 0.1900802 0.1821450 0.1742674 0.0588613 0.1725656 0.1598696 0.1729026 0.0130364 0.1822615 0.0085606 0.1771296 0.1897106 0.1910134 0.1770795 0.1678365 0.0265712 0.1566530 0.1568200 0.1485441 0.1837447 0.1823240 0.1739298 0.1823921 0.1752746 0.1992936 0.1809103 0.1880795 0.1555742 0.1903109 0.1543560 0.1502280 0.1698455 0.2037621 0.2082814 0.2219108 0.1758243 0.1980284 0.2054588 0.1742674 0.1843181 0.1765853 0.1961320 0.1902527 0.1648468 0.8327338 0.1844346 0.1767753 0.1699678 0.1615531 0.1724133 0.1815235 0.1923218 0.1806043 0.1555699 0.1749756 0.1456906 0.1481459 0.1831859 0.1422601 0.1673990 
S0742         0.2304286 0.0629432 0.0600834 0.0591411 0.0758909 0.0564064 0.0703718 0.0720964 0.1193775 0.0949917 0.0947427 0.0595041 0.0651328 0.0606913 0.0308607 0.1006068 0.0938488 0.0817502 0.0610501 0.0710111 0.1178836 0.0602417 0.0597986 0.1381208 0.1044409 0.0616722 0.0598462 0.0722373 0.1966941 0.0000000 0.0653288 0.0600834 0.0600962 0.0533751 0.0774666 0.0775232 0.0874817 0.1105492 0.0514780 0.0566316 0.0580150 0.0828368 0.0626218 0.0655325 0.2087768 0.1037621 0.0728948 0.0846139 0.2063286 0.0705153 0.1974645 0.0615905 0.0713839 0.0715462 0.0828224 0.0827290 0.2045411 0.0548420 0.0502796 0.0558611 0.0949488 0.1048427 0.0829634 0.0785106 0.0812761 0.0609301 0.0896407 0.0605425 0.0600447 0.0661077 0.0368610 0.0614908 0.0722416 0.0671887 0.0721336 0.1308344 0.0705011 0.0875717 0.1117757 0.0655325 0.0981471 0.0600798 0.0715372 0.0780389 0.0724476 1.0417233 0.1003118 0.0654040 0.0722131 0.0656469 0.0666462 0.0607635 0.0779899 0.0925530 0.0566141 0.0566556 0.1047727 0.0459684 0.0781590 0.0555729 0.0564632 
S0756         0.2454826 0.0679118 0.0703235 0.0485501 0.0175910 0.0717813 0.0314162 0.0670909 0.1195716 0.1069679 0.0948830 0.0405500 0.0264916 0.0315884 0.0657632 0.0888469 0.0823781 0.1033431 0.0506569 0.0808411 0.1180727 0.0221651 0.0311244 0.1251509 0.1045996 0.0769108 0.0220142 0.0830682 0.1692302 0.0653288 0.0000000 0.0703235 0.0807624 0.0474768 0.0884200 0.0770294 0.0867580 0.0986230 0.0510134 0.0680106 0.0578688 0.0829524 0.0503322 0.0651118 0.1848914 0.1039186 0.0783318 0.0732323 0.1781138 0.0810680 0.1698841 0.0462689 0.0714770 0.0877508 0.0829380 0.0822084 0.1915059 0.0174793 0.0265218 0.0456448 0.0781362 0.0930819 0.0888798 0.0554164 0.0919576 0.0315173 0.1008286 0.0708561 0.0267804 0.0221882 0.0565165 0.0562529 0.0830326 0.0885205 0.0929358 0.1210131 0.0405005 0.0813647 0.1119515 0.0651118 0.0996779 0.0221040 0.0710795 0.0832469 0.0670237 1.2016271 0.0944859 0.0312882 0.0773378 0.0454856 0.0715477 0.0657036 0.0724801 0.0869219 0.0514310 0.0614752 0.0924742 0.0409894 0.0774922 0.0504767 0.0612708 
S0760         0.2126536 0.0786963 0.0000010 0.0331527 0.0810073 0.0658941 0.0754149 0.0826214 0.1178389 0.1116226 0.0877483 0.0722580 0.0755319 0.0758816 0.0604843 0.0993114 0.0992344 0.0960954 0.0550658 0.0865293 0.1163781 0.0651803 0.0747635 0.1242904 0.1031164 0.0827272 0.0647546 0.0363236 0.1683808 0.0600834 0.0703235 0.0000000 0.0085374 0.0522550 0.0411036 0.0871894 0.0806044 0.1037425 0.0554477 0.0616264 0.0570301 0.0762079 0.0812841 0.0310009 0.1978708 0.1024524 0.0614300 0.0778179 0.1772062 0.0085696 0.1690286 0.0605696 0.0651160 0.0809039 0.0825602 0.0761136 0.1757001 0.0596951 0.0453243 0.0607928 0.0937239 0.0981617 0.0875355 0.1105616 0.0850546 0.0813430 0.0934825 0.0546106 0.0703071 0.0865757 0.0724001 0.0665211 0.0818471 0.0608317 0.0866118 0.1453666 0.0755491 0.0221992 0.0990483 0.0310009 0.1042091 0.0650059 0.0456275 0.0715039 0.0610999 1.3539475 0.0881782 0.0704053 0.0818236 0.0706615 0.0771292 0.0548045 0.0714585 0.0913775 0.0507011 0.0507362 0.1045509 0.0404097 0.0768797 0.0409853 0.0604081 
S0770         0.2267459 0.0897337 0.0085374 0.0432333 0.0917351 0.0763064 0.0859718 0.0935656 0.1297556 0.1233361 0.0987604 0.0857211 0.0860997 0.0865158 0.0604972 0.1106685 0.1105909 0.1071116 0.0651002 0.0974099 0.1281456 0.0754849 0.0852361 0.1363849 0.1144191 0.0827472 0.0749955 0.0460269 0.1815729 0.0600962 0.0807624 0.0085374 0.0000000 0.0636544 0.0509193 0.0981428 0.0912792 0.1151108 0.0655460 0.0720336 0.0622129 0.0868605 0.0944078 0.0403910 0.2137676 0.1136826 0.0718298 0.0887046 0.1907494 0.0173714 0.1822751 0.0708141 0.0754066 0.0916164 0.0934662 0.0867463 0.1891190 0.0698047 0.0551209 0.0710668 0.1049328 0.1093919 0.0933166 0.1277501 0.0957680 0.0921400 0.1046992 0.0645682 0.0807412 0.0974693 0.0831545 0.0770196 0.0926724 0.0711120 0.0974995 0.1581891 0.0861157 0.0314917 0.1103765 0.0403910 0.1156288 0.0752842 0.0554743 0.0820983 0.0714286 1.3539475 0.0992520 0.0808587 0.0926545 0.0811424 0.0879343 0.0648032 0.0820482 0.1023395 0.0607120 0.0607570 0.1165443 0.0500585 0.0876133 0.0507589 0.0706378 
S0771         0.2307941 0.0677822 0.0522550 0.0501942 0.0591126 0.0480780 0.0590135 0.0666999 0.1053572 0.0919384 0.0540085 0.0409777 0.0649795 0.0653119 0.0594764 0.0781752 0.0724113 0.0883324 0.0362950 0.0831587 0.1038505 0.0533120 0.0642016 0.1123446 0.0962373 0.0780849 0.0529049 0.0594614 0.1851580 0.0533751 0.0474768 0.0522550 0.0636544 0.0000000 0.0594245 0.0651366 0.0764059 0.0962730 0.0365944 0.0369417 0.0378136 0.0530230 0.0508272 0.0524084 0.1866247 0.0955202 0.0548217 0.0486664 0.1958759 0.0639291 0.1859852 0.0366945 0.0532557 0.0710410 0.0790197 0.0597722 0.2027230 0.0472259 0.0418020 0.0424057 0.0720671 0.0899492 0.0706620 0.0705812 0.0758433 0.0657430 0.0851409 0.0527158 0.0590868 0.0595418 0.0491714 0.0543396 0.0530510 0.0538890 0.0711688 0.1337561 0.0589026 0.0826856 0.0971062 0.0524084 0.0969244 0.0531455 0.0589036 0.0659021 0.0425182 1.0417233 0.0840128 0.0531800 0.0592656 0.0475207 0.0719875 0.0526786 0.0312012 0.0825113 0.0367549 0.0478447 0.0970095 0.0254729 0.0541397 0.0477299 0.0420451 
S0795         0.2122821 0.0980564 0.0411036 0.0442668 0.0998591 0.0731826 0.0938360 0.0905241 0.1143135 0.1329671 0.1072644 0.0802072 0.0939745 0.0890457 0.0668300 0.0956365 0.1139494 0.1158053 0.0670085 0.0827934 0.1128714 0.0829232 0.0875573 0.1208264 0.1062244 0.0966405 0.0823768 0.0000026 0.1928346 0.0774666 0.0884200 0.0411036 0.0509193 0.0594245 0.0000000 0.0944663 0.0993522 0.1124548 0.0726069 0.0741922 0.0748217 0.0784861 0.0898101 0.0562612 0.2110884 0.0943613 0.0901492 0.0915093 0.2024955 0.0511154 0.1935986 0.0720191 0.0828326 0.0997264 0.1014730 0.0838155 0.2007208 0.0769729 0.0617309 0.0730183 0.0899998 0.1066389 0.0835571 0.1238345 0.1039712 0.0946957 0.1078230 0.0715082 0.0832259 0.1058511 0.0911066 0.0788116 0.0674155 0.0619305 0.0947621 0.1480078 0.0939898 0.0673808 0.0953785 0.0562612 0.1073772 0.0826985 0.0621242 0.0790641 0.0680559 1.1765438 0.0953539 0.0885305 0.0889267 0.0888399 0.0906975 0.0717786 0.0898480 0.0941058 0.0675993 0.0676526 0.1075228 0.0564499 0.0956481 0.0675146 0.0779122 
S0827         0.2433345 0.0753121 0.0871894 0.0822998 0.0880601 0.0838101 0.0938517 0.0954874 0.0722835 0.1180798 0.1134233 0.0673185 0.0939897 0.0882722 0.0889071 0.0457194 0.1015790 0.1219512 0.0608034 0.1049525 0.0713884 0.0829675 0.0930373 0.0723544 0.0663785 0.0843109 0.0824215 0.0840142 0.1762943 0.0775232 0.0770294 0.0871894 0.0981428 0.0651366 0.0944663 0.0000000 0.1045312 0.0711554 0.0671120 0.0788957 0.0748659 0.0831412 0.0829421 0.0816990 0.1987213 0.0872772 0.0961244 0.0908124 0.1915803 0.0985155 0.1830683 0.0724975 0.0886106 0.1057269 0.1076465 0.0946064 0.2052626 0.0770294 0.0667434 0.0672475 0.0408913 0.0659796 0.0432589 0.0975280 0.1099649 0.1003252 0.1130128 0.0878470 0.0764820 0.0938193 0.0686587 0.0789017 0.0312611 0.0887153 0.0944870 0.0955355 0.0824160 0.1109934 0.0660317 0.0816990 0.0719214 0.0827434 0.0881138 0.0958138 0.0840914 1.2538812 0.0506788 0.0722878 0.0264936 0.0670185 0.0953575 0.0824550 0.0898479 0.0603619 0.0676580 0.0781940 0.0873587 0.0565257 0.0950363 0.0621293 0.0779468 
S0888         0.2225795 0.0850184 0.0806044 0.0699080 0.0979574 0.0768287 0.1038549 0.1121953 0.1441432 0.0794148 0.1112425 0.1010991 0.1040008 0.1045402 0.0988811 0.1173636 0.1057327 0.0766153 0.0707766 0.0928726 0.1240174 0.0870860 0.1029659 0.1436653 0.1220208 0.0890903 0.0814641 0.0938993 0.1754857 0.0874817 0.0867580 0.0806044 0.0912792 0.0764059 0.0993522 0.1045312 0.0000000 0.1274529 0.0558530 0.0836559 0.0736851 0.1049141 0.0957869 0.0752622 0.2002672 0.1158186 0.0892214 0.0840272 0.1845242 0.0916229 0.1761644 0.0766424 0.0819112 0.0459803 0.1002423 0.0979520 0.1980491 0.0867580 0.0659555 0.0610971 0.1115083 0.1215625 0.1063705 0.0788089 0.0605410 0.1049763 0.0464324 0.0707376 0.0983585 0.0985696 0.0785670 0.0829738 0.1110826 0.0716029 0.0981478 0.1414734 0.0922140 0.1037303 0.1238424 0.0752622 0.1288088 0.0925803 0.0814569 0.0938274 0.0825339 1.0058846 0.1233724 0.0926493 0.0937712 0.0612643 0.0782688 0.0759485 0.0880826 0.1148835 0.0505164 0.0664365 0.1240990 0.0606847 0.0825016 0.0764946 0.0560286 
S0894         0.2707606 0.1025595 0.1037425 0.0872138 0.1102303 0.1005351 0.1163655 0.1069482 0.0900810 0.1419359 0.1372341 0.0884369 0.1165228 0.1108966 0.1112654 0.0720220 0.1128501 0.1336178 0.0764204 0.1146127 0.0998907 0.1049620 0.1153659 0.0952100 0.0312994 0.1300374 0.1042822 0.1068083 0.1890720 0.1105492 0.0986230 0.1037425 0.1151108 0.0962730 0.1124548 0.0711554 0.1274529 0.0000000 0.0883437 0.0956307 0.0908061 0.0887463 0.1250493 0.0980249 0.2239726 0.0928794 0.0965093 0.0966397 0.1984795 0.1155460 0.1898081 0.0888148 0.1109014 0.1288993 0.1191935 0.1171029 0.2123336 0.0986230 0.0878880 0.0885174 0.0667912 0.0042564 0.0705626 0.0972975 0.1213232 0.1174669 0.1372653 0.1099615 0.1038408 0.1163236 0.0958904 0.0897345 0.0665220 0.1242630 0.1232299 0.1323497 0.1042618 0.1286354 0.0830945 0.0980249 0.0268435 0.1046832 0.1102769 0.1131073 0.0950191 1.7621046 0.0722615 0.1047674 0.0714365 0.0990793 0.1068176 0.1043332 0.1124262 0.0222010 0.0890517 0.1000851 0.1037274 0.0668253 0.1177730 0.0831941 0.0997909 
S0906         0.1949132 0.0474099 0.0554477 0.0382737 0.0612817 0.0266654 0.0666336 0.0625174 0.0963405 0.0677502 0.0736779 0.0541987 0.0667428 0.0562795 0.0618925 0.0734161 0.0668664 0.0712518 0.0266777 0.0613536 0.0828327 0.0457269 0.0660423 0.0951074 0.0941898 0.0677527 0.0560521 0.0674040 0.1608506 0.0514780 0.0510134 0.0554477 0.0655460 0.0365944 0.0726069 0.0671120 0.0558530 0.0883437 0.0000000 0.0422548 0.0378429 0.0565635 0.0447077 0.0456465 0.1754475 0.0877916 0.0627358 0.0577636 0.1694432 0.0657957 0.1614657 0.0414995 0.0410007 0.0565078 0.0663597 0.0501235 0.1825261 0.0510134 0.0413301 0.0315047 0.0622006 0.0828993 0.0662323 0.0476818 0.0607312 0.0673143 0.0681476 0.0406323 0.0615385 0.0616735 0.0425311 0.0409672 0.0729511 0.0411584 0.0454600 0.1160443 0.0560593 0.0770425 0.0893355 0.0456465 0.0892973 0.0562753 0.0511774 0.0507502 0.0519312 0.9247548 0.0727615 0.0563053 0.0673782 0.0512737 0.0520746 0.0358672 0.0571825 0.0768963 0.0314588 0.0085956 0.0885349 0.0269423 0.0520058 0.0408214 0.0130659 
