135
PAFTOL_019361 0.0000000 0.3963832 0.4948482 0.4852558 0.5698390 0.3963832 0.3963832 0.4852558 0.8207492 0.4852558 0.6501074 0.4852558 0.3963832 0.4963821 0.5339641 0.4900371 0.3963832 0.7339592 0.5118019 0.3963832 0.2914120 0.3963832 0.3963337 0.6021502 0.2914120 0.3064536 0.4948482 0.3963832 0.6443592 0.3963832 0.5300856 0.5323994 0.5870875 0.3721065 0.3963832 0.5813568 0.2704084 0.2914120 0.5386818 0.3285667 0.6484035 0.5323994 0.4873866 0.6637993 0.4900371 0.7137087 1.2181466 0.3963832 0.7905401 0.3963832 0.3478150 0.4948482 0.3963832 0.4948482 0.4948482 0.8774876 0.6637993 0.3710873 0.5962946 0.4900371 0.2905248 0.7248263 0.4852558 0.4886108 0.5323994 0.9593181 0.5323994 0.6417444 0.3963832 0.4255532 0.7137087 0.4900371 0.7912295 0.6597831 0.9433744 1.1695918 0.5693423 0.4948482 0.7144040 0.3963832 0.5341649 0.6613737 0.7912295 0.4900371 0.7392031 0.7137087 0.5300856 0.4287615 0.8017296 0.3963832 0.4900371 0.4900371 0.3963832 0.4546798 0.3963832 0.6597831 0.3963832 0.3963832 0.4852558 0.4948482 0.5468340 0.5947875 0.5468340 0.3963832 0.3963832 0.6416050 0.3906369 0.4546798 0.5468340 0.5947875 0.3963832 0.4287615 0.4948482 0.4852558 0.3367181 0.4900371 0.3963832 0.5468340 0.6613737 0.3963832 0.4900371 0.3654285 0.3031283 0.3963832 0.3963832 0.5468340 0.5468340 0.4900371 0.3963832 0.5468340 0.5468340 0.6641117 0.6613737 0.3654285 0.8647999 
S0055         0.3963832 0.0000000 0.0903446 0.1142091 0.0942351 0.0590386 0.1156107 0.1125148 0.0885775 0.0681769 0.0878467 0.1125305 0.1139310 0.1274594 0.1141324 0.1219387 0.0999593 0.0933842 0.1043221 0.1144870 0.0724312 0.0593983 0.0620161 0.1152281 0.0850088 0.0998972 0.0795809 0.0770774 0.0875331 0.1139490 0.0956457 0.0888777 0.0898675 0.1412898 0.1234231 0.1139303 0.0711025 0.0622563 0.1068436 0.0885724 0.1020326 0.0700518 0.0633051 0.0888633 0.1203438 0.1493903 0.0814429 0.1206324 0.0924580 0.0578440 0.0880027 0.0778530 0.0584197 0.0825257 0.0802188 0.0942063 0.0892703 0.0944071 0.1175509 0.0994993 0.0912037 0.0864133 0.0994166 0.1011866 0.0861873 0.0850349 0.0898480 0.0884822 0.0976185 0.0908718 0.1491225 0.1045608 0.1169331 0.1164266 0.0797608 0.0898261 0.1558928 0.0791338 0.1523039 0.0951926 0.0920282 0.1083223 0.1200216 0.0562962 0.0958569 0.1516089 0.0572338 0.0701318 0.0882390 0.1008885 0.0962660 0.0983461 0.1117436 0.0969938 0.1182406 0.0991074 0.1151484 0.1071363 0.0615189 0.1192532 0.1008850 0.0818429 0.0603332 0.0548318 0.0328943 0.0984871 0.0538273 0.0952258 0.0897063 0.0922609 0.1159033 0.0651539 0.0808556 0.1165611 0.0903253 0.1080255 0.0551434 0.0961678 0.0873528 0.0660847 0.1130491 0.0604628 0.1000821 0.0498264 0.0684197 0.1082867 0.0924672 0.1038348 0.0795417 0.0823484 0.1158173 0.0749457 0.0849189 0.0668728 0.0792322 
S0196sl       0.4948482 0.0903446 0.0000000 0.1049465 0.0499148 0.0891577 0.1113824 0.1087037 0.0945804 0.0974984 0.1138071 0.1061123 0.1055460 0.1299706 0.1093338 0.1154297 0.1007065 0.0986682 0.1075054 0.1053892 0.0909008 0.0886490 0.0923063 0.1062451 0.0936421 0.0994736 0.0181802 0.0970724 0.0828282 0.1074735 0.0933860 0.0953863 0.0948603 0.1233832 0.1178723 0.1103969 0.1031177 0.0877332 0.1078802 0.0823926 0.0987917 0.0920895 0.0857097 0.0498437 0.1168990 0.1411076 0.0922422 0.1113241 0.0937178 0.0820505 0.0948288 0.0165247 0.0892737 0.0190700 0.0190977 0.1060857 0.0486688 0.0924264 0.1212986 0.0979201 0.0865443 0.0898385 0.0920123 0.0991900 0.0940758 0.0930842 0.0962659 0.0949424 0.1096294 0.0593639 0.1385579 0.1132288 0.1148743 0.1121698 0.0910596 0.0952762 0.1491297 0.0182089 0.1463405 0.0890269 0.1000235 0.1059903 0.1161715 0.0879303 0.1010690 0.1461769 0.0869811 0.1032252 0.0956684 0.0973493 0.0933086 0.0979625 0.1066781 0.0948380 0.1165150 0.1063085 0.1060729 0.1008045 0.0917076 0.1217164 0.1088306 0.0865677 0.0902914 0.0852942 0.0959286 0.1041955 0.0858575 0.0925030 0.0923784 0.0980936 0.1125578 0.1007629 0.0203307 0.1008637 0.0579387 0.1041945 0.0872629 0.0949065 0.0941540 0.0930815 0.1143161 0.0893230 0.0981149 0.0798842 0.0836247 0.1189683 0.0987772 0.1022679 0.0876861 0.0884753 0.1220314 0.0545051 0.0937569 0.0888942 0.0837895 
S0278         0.4852558 0.1142091 0.1049465 0.0000000 0.1119738 0.1090985 0.1420680 0.0516123 0.1042905 0.1192391 0.1315539 0.0544790 0.1353697 0.1538724 0.0485010 0.1414990 0.0545875 0.1057830 0.1168671 0.1361145 0.1148730 0.1101354 0.1129682 0.0545658 0.1176133 0.0439947 0.0963079 0.1220417 0.0426849 0.1344627 0.0582124 0.1086957 0.1207353 0.1609745 0.1403255 0.0459352 0.1248005 0.1070556 0.0525888 0.0555057 0.0805034 0.1144617 0.1124481 0.1125009 0.1435474 0.1545459 0.1193400 0.1421500 0.1109463 0.1068801 0.1097131 0.0958189 0.1106230 0.1003394 0.0991864 0.1127464 0.1114888 0.0570740 0.1421906 0.0785665 0.0588143 0.1019972 0.0456381 0.1174345 0.1096949 0.1075097 0.1086901 0.1077220 0.1477488 0.1103494 0.1548230 0.1275289 0.1339027 0.1303241 0.1085130 0.1122861 0.1595309 0.0972344 0.1564745 0.0691273 0.1140426 0.1200327 0.1405765 0.1127978 0.1115129 0.1578406 0.1097688 0.1245830 0.1021119 0.0390798 0.0749504 0.0783107 0.1337358 0.0642855 0.0464311 0.1250192 0.1347436 0.1283095 0.1106751 0.1399220 0.1184451 0.1002958 0.1131749 0.1041078 0.1175528 0.1139851 0.1104628 0.0651575 0.1024371 0.1065066 0.0524054 0.1230348 0.1007528 0.0552167 0.1075157 0.0827385 0.1026410 0.1073407 0.1024471 0.1173255 0.0498043 0.1112802 0.0681695 0.0997073 0.1112390 0.1220940 0.1071928 0.0823640 0.0981985 0.0995140 0.1292062 0.0929267 0.1012669 0.1088584 0.0949327 
S0281         0.5698390 0.0942351 0.0499148 0.1119738 0.0000000 0.0937755 0.1264770 0.1160354 0.1030700 0.1058822 0.1173191 0.1153424 0.1191558 0.1388912 0.1207430 0.1286765 0.1067375 0.1029587 0.1025227 0.1220787 0.1005476 0.0933848 0.0988404 0.1223557 0.1089792 0.1047574 0.0405485 0.1040911 0.0896918 0.1226259 0.1000562 0.1012175 0.1078739 0.1509245 0.1320287 0.1196665 0.1065492 0.0956811 0.1124019 0.0907684 0.1139990 0.0982949 0.0988119 0.0466547 0.1300590 0.1504608 0.1034229 0.1274275 0.0973411 0.0916131 0.1050594 0.0392092 0.0960276 0.0432674 0.0426209 0.1061575 0.0456805 0.0998045 0.1303311 0.1096384 0.0939231 0.0935412 0.1016707 0.1090652 0.1005087 0.0998685 0.1003899 0.1023862 0.1282377 0.0542998 0.1532728 0.1163086 0.1172755 0.1217300 0.0964871 0.1027188 0.1563911 0.0394324 0.1537910 0.0987994 0.1072238 0.1161909 0.1250591 0.0946609 0.1089113 0.1541743 0.0934340 0.1096201 0.1000243 0.1067046 0.1057796 0.1108020 0.1189459 0.1024272 0.1245785 0.1119697 0.1210801 0.1161100 0.0982452 0.1312237 0.1094116 0.1016093 0.0976079 0.0901536 0.0987903 0.1077822 0.0930904 0.1048216 0.1019533 0.1073512 0.1226889 0.1076034 0.0428751 0.1214665 0.0536922 0.1201858 0.0920142 0.1068806 0.0981477 0.0990808 0.1199546 0.0971672 0.1097074 0.0849486 0.0904343 0.1159896 0.1067224 0.1132049 0.0934370 0.0915074 0.1264149 0.0628609 0.0977355 0.0945412 0.0854037 
S0282         0.3963832 0.0590386 0.0891577 0.1090985 0.0937755 0.0000000 0.1128215 0.1126803 0.0892378 0.0236975 0.0540411 0.1086803 0.1128250 0.1247024 0.1132979 0.1219924 0.0972406 0.0923936 0.1100828 0.1124416 0.0727127 0.0156184 0.0238193 0.1154666 0.0903242 0.0973584 0.0806984 0.0832988 0.0888097 0.1114136 0.0921237 0.0927072 0.0936840 0.1388962 0.1137333 0.1117168 0.0452849 0.0239591 0.1050273 0.0882107 0.1020612 0.0738408 0.0169934 0.0940096 0.1185552 0.1455786 0.0873781 0.1171910 0.0905055 0.0237403 0.0916468 0.0789636 0.0173209 0.0832883 0.0817419 0.0966167 0.0936482 0.0927135 0.1176523 0.0970916 0.0883128 0.0832965 0.0944431 0.0977203 0.0903639 0.0900355 0.0946184 0.0914314 0.0694495 0.0872237 0.1457067 0.1102299 0.1165564 0.1093728 0.0884099 0.0933698 0.1494428 0.0799551 0.1487986 0.0910386 0.0944261 0.1084212 0.1173322 0.0605441 0.0958067 0.1496626 0.0146049 0.0700191 0.0903376 0.0995461 0.0941708 0.0968261 0.1114973 0.0948316 0.1146640 0.1010849 0.1136708 0.1057104 0.0241433 0.1211250 0.1032061 0.0838253 0.0184878 0.0220096 0.0632250 0.0967322 0.0566952 0.0919501 0.0878544 0.0933290 0.1109366 0.0654192 0.0816243 0.1109840 0.0875100 0.1067287 0.0154065 0.0951277 0.0917291 0.0289390 0.1082623 0.0374793 0.0992527 0.0544368 0.0697623 0.1071888 0.0945615 0.1040337 0.0807195 0.0813141 0.1161060 0.0776032 0.0909496 0.0701103 0.0757857 
S0288         0.3963832 0.1156107 0.1113824 0.1420680 0.1264770 0.1128215 0.0000000 0.1406875 0.1270161 0.1268600 0.1400872 0.1480073 0.0146823 0.0991464 0.1466297 0.0365311 0.1330538 0.1306495 0.1358074 0.0142454 0.1230175 0.1127914 0.1161120 0.1426039 0.1305888 0.1304250 0.1042753 0.1240742 0.1209540 0.0148634 0.1213072 0.1326765 0.1285535 0.1176831 0.0164451 0.1418243 0.1280621 0.1141278 0.1401571 0.1140329 0.1360237 0.1251852 0.1188137 0.1218655 0.0324385 0.1639546 0.1294004 0.0181068 0.1322529 0.1108325 0.1347995 0.1044177 0.1175043 0.1102966 0.1090372 0.1359402 0.1203369 0.1274278 0.0898308 0.1313788 0.1190618 0.1226536 0.1313871 0.0485551 0.1289704 0.1278595 0.1329960 0.1318325 0.1436160 0.1209352 0.1673707 0.1472951 0.0862204 0.0864880 0.1226888 0.1312961 0.1683533 0.1063851 0.1653904 0.1169555 0.1354034 0.1465145 0.0909536 0.1224155 0.1339221 0.1658894 0.1135097 0.1344387 0.1288541 0.1318533 0.1276499 0.1335569 0.0162656 0.1272717 0.1475115 0.0790308 0.0161974 0.0134892 0.1144198 0.0895043 0.1358153 0.1176953 0.1162238 0.1086905 0.1213669 0.1369310 0.1150190 0.1297064 0.1251393 0.1258829 0.1442509 0.1303630 0.1097990 0.1405796 0.1204028 0.1399024 0.1092269 0.1329849 0.1242551 0.1218687 0.1438672 0.1211706 0.1325872 0.1077428 0.1155875 0.1468678 0.1287617 0.1357870 0.1217359 0.1199591 0.1414423 0.1092463 0.1265054 0.1212915 0.1184897 
S0289         0.4852558 0.1125148 0.1087037 0.0516123 0.1160354 0.1126803 0.1406875 0.0000000 0.1069456 0.1186613 0.1369762 0.0549931 0.1369344 0.1593063 0.0471849 0.1454894 0.0571441 0.1075306 0.1209011 0.1380415 0.1149962 0.1137297 0.1171489 0.0484151 0.1240270 0.0500101 0.0992257 0.1226182 0.0457757 0.1343512 0.0623643 0.1097023 0.1263125 0.1669335 0.1410762 0.0515779 0.1253500 0.1090994 0.0534903 0.0597235 0.0795638 0.1169850 0.1132841 0.1140954 0.1466508 0.1561145 0.1202485 0.1417692 0.1078588 0.1117526 0.1101029 0.0983030 0.1143531 0.1032988 0.1008255 0.1131776 0.1126884 0.0620029 0.1444480 0.0785783 0.0634266 0.1011004 0.0462290 0.1240793 0.1096722 0.1081324 0.1115095 0.1094298 0.1515231 0.1129279 0.1557624 0.1239460 0.1445961 0.1326475 0.1059650 0.1111748 0.1615397 0.0997165 0.1589275 0.0708551 0.1169192 0.1197229 0.1469574 0.1143847 0.1119111 0.1608693 0.1128985 0.1261962 0.0997172 0.0429360 0.0740868 0.0774542 0.1366519 0.0672839 0.0532123 0.1228345 0.1357751 0.1297844 0.1151508 0.1430278 0.1188705 0.0990168 0.1140583 0.1080829 0.1169554 0.1131982 0.1104983 0.0706253 0.1041167 0.1087246 0.0465619 0.1264781 0.1019675 0.0487622 0.1104675 0.0848728 0.1075242 0.1112167 0.1073276 0.1228117 0.0596361 0.1163754 0.0744907 0.1008872 0.1093425 0.1236324 0.1073284 0.0831878 0.1000373 0.0990456 0.1245134 0.0979209 0.1038669 0.1136490 0.0931499 
S0292         0.8207492 0.0885775 0.0945804 0.1042905 0.1030700 0.0892378 0.1270161 0.1069456 0.0000000 0.0984464 0.1159144 0.1072425 0.1258120 0.1420091 0.1069671 0.1355545 0.0941031 0.0657055 0.0812419 0.1237195 0.0925452 0.0906286 0.0925396 0.1086171 0.1020892 0.0917161 0.0877261 0.0939460 0.0875316 0.1243241 0.0936850 0.0738670 0.1042826 0.1513442 0.1286606 0.1041151 0.1019591 0.0904093 0.1025537 0.0823560 0.0963554 0.0970345 0.0919293 0.0984304 0.1330060 0.1459876 0.0963769 0.1319592 0.0669807 0.0887570 0.0758813 0.0847028 0.0915964 0.0899803 0.0875967 0.0784754 0.0962314 0.0885580 0.1275735 0.0936477 0.0834619 0.0639928 0.0917802 0.1101217 0.0739735 0.0756621 0.0756154 0.0717559 0.1366214 0.0965000 0.1444803 0.0904630 0.1265638 0.1270363 0.0719384 0.0758462 0.1533070 0.0861474 0.1484142 0.0909201 0.0792298 0.0800937 0.1304864 0.0909232 0.0455443 0.1487039 0.0884031 0.1089350 0.0679062 0.0939400 0.0894833 0.0942275 0.1250647 0.0889657 0.1131897 0.1140230 0.1289253 0.1187883 0.0910374 0.1291868 0.0754503 0.0245919 0.0907630 0.0869322 0.0961306 0.0525452 0.0910465 0.0926186 0.0346319 0.0241632 0.1086988 0.1055479 0.0899508 0.1105148 0.0941748 0.1008369 0.0867472 0.0429482 0.0589215 0.0969432 0.1054492 0.0922073 0.0940520 0.0808381 0.0891370 0.0837321 0.0697023 0.0989295 0.0619954 0.0632615 0.0946051 0.0838985 0.0575886 0.0876501 0.0586048 
S0293         0.4852558 0.0681769 0.0974984 0.1192391 0.1058822 0.0236975 0.1268600 0.1186613 0.0984464 0.0000000 0.0639994 0.1153116 0.1254473 0.1408644 0.1197064 0.1281974 0.1098877 0.1068933 0.1137158 0.1254225 0.0851031 0.0250157 0.0329517 0.1206911 0.0995736 0.1065786 0.0883435 0.0920693 0.0965745 0.1239600 0.1004234 0.1017877 0.1014458 0.1540867 0.1271055 0.1225165 0.0549305 0.0334664 0.1138695 0.0995607 0.1089158 0.0821653 0.0273199 0.1020725 0.1308304 0.1553306 0.0948776 0.1292563 0.0993928 0.0332915 0.1005687 0.0859712 0.0289186 0.0907536 0.0893962 0.1090837 0.1020465 0.1020004 0.1324596 0.1049550 0.0957214 0.0931660 0.1023295 0.1079023 0.1021199 0.0973529 0.1063595 0.1022073 0.0745285 0.0985572 0.1573110 0.1159473 0.1303006 0.1198177 0.0975395 0.1037569 0.1590594 0.0865440 0.1583448 0.1023155 0.1070609 0.1154488 0.1319932 0.0704050 0.1083033 0.1588568 0.0246780 0.0786437 0.1005296 0.1083813 0.1017039 0.1056039 0.1239339 0.1049713 0.1204059 0.1141513 0.1281676 0.1171327 0.0341347 0.1383043 0.1132653 0.0907918 0.0286457 0.0309452 0.0733272 0.1136747 0.0674128 0.1000970 0.0963448 0.1024753 0.1203079 0.0749335 0.0888887 0.1232756 0.0991156 0.1125834 0.0248278 0.1062200 0.1016578 0.0387376 0.1166105 0.0458584 0.1074097 0.0656897 0.0793941 0.1175512 0.1067924 0.1125904 0.0917249 0.0910231 0.1267693 0.0866851 0.0984739 0.0807588 0.0880862 
S0294         0.6501074 0.0878467 0.1138071 0.1315539 0.1173191 0.0540411 0.1400872 0.1369762 0.1159144 0.0639994 0.0000000 0.1380830 0.1369571 0.1506638 0.1358445 0.1466866 0.1274881 0.1248635 0.1232133 0.1376972 0.0987000 0.0524024 0.0549602 0.1417448 0.1169101 0.1268743 0.1068381 0.1097202 0.1138341 0.1370646 0.1193902 0.1209278 0.1219451 0.1635615 0.1493024 0.1352205 0.0719085 0.0546624 0.1331658 0.1179495 0.1316209 0.0997286 0.0550437 0.1160024 0.1429546 0.1649701 0.1140812 0.1443608 0.1196580 0.0520882 0.1195570 0.1042233 0.0530133 0.1083182 0.1075936 0.1216375 0.1160636 0.1206027 0.1421262 0.1270898 0.1167892 0.1107762 0.1237671 0.1219135 0.1198647 0.1181859 0.1249134 0.1211925 0.0758363 0.1134212 0.1669111 0.1392347 0.1371399 0.1316750 0.1133971 0.1197350 0.1678574 0.1056133 0.1682349 0.1215442 0.1238994 0.1349596 0.1402536 0.0826366 0.1216083 0.1676195 0.0510531 0.0964776 0.1181733 0.1251651 0.1241313 0.1269536 0.1380811 0.1223733 0.1372948 0.1252518 0.1381030 0.1303108 0.0556931 0.1462618 0.1300831 0.1156828 0.0541011 0.0510507 0.0902827 0.1299633 0.0833092 0.1222494 0.1158662 0.1212435 0.1381153 0.0924978 0.1074073 0.1391107 0.1138098 0.1337848 0.0498012 0.1277659 0.1200607 0.0607348 0.1368600 0.0638970 0.1282105 0.0845012 0.0994398 0.1335636 0.1241564 0.1331575 0.1124888 0.1088339 0.1476046 0.1026575 0.1192053 0.0967905 0.1047302 
S0299         0.4852558 0.1125305 0.1061123 0.0544790 0.1153424 0.1086803 0.1480073 0.0549931 0.1072425 0.1153116 0.1380830 0.0000000 0.1425815 0.1595801 0.0528970 0.1472055 0.0576963 0.1091287 0.1257514 0.1441646 0.1140607 0.1099545 0.1136720 0.0518802 0.1239499 0.0495596 0.1010059 0.1200320 0.0506662 0.1396277 0.0622572 0.1109603 0.1244412 0.1667914 0.1477732 0.0557477 0.1224886 0.1067769 0.0579972 0.0602336 0.0839023 0.1153975 0.1090774 0.1147298 0.1507854 0.1540537 0.1235513 0.1499622 0.1107208 0.1096197 0.1099655 0.1008021 0.1122628 0.1056036 0.1034564 0.1097274 0.1154980 0.0639022 0.1432525 0.0828275 0.0645592 0.1016296 0.0475794 0.1270135 0.1109411 0.1065553 0.1106910 0.1098042 0.1520563 0.1144179 0.1557092 0.1272872 0.1395937 0.1333436 0.1064103 0.1097569 0.1595964 0.1023680 0.1559579 0.0688569 0.1150707 0.1185879 0.1467003 0.1142415 0.1109534 0.1583983 0.1090324 0.1270927 0.1015903 0.0483817 0.0778003 0.0820631 0.1411250 0.0688235 0.0517305 0.1285171 0.1434765 0.1366736 0.1124634 0.1411702 0.1196467 0.0972787 0.1096055 0.1085928 0.1177715 0.1084216 0.1107221 0.0713091 0.1038955 0.1058134 0.0487371 0.1265363 0.1036893 0.0476580 0.1124163 0.0857990 0.1039741 0.1098741 0.1049675 0.1212490 0.0585223 0.1117228 0.0735830 0.0981997 0.1108036 0.1222238 0.1102111 0.0858435 0.0989577 0.0995145 0.1242657 0.1005494 0.1028535 0.1114870 0.0927671 
S0303         0.3963832 0.1139310 0.1055460 0.1353697 0.1191558 0.1128250 0.0146823 0.1369344 0.1258120 0.1254473 0.1369571 0.1425815 0.0000000 0.0912497 0.1402146 0.0317400 0.1298688 0.1307153 0.1356003 0.0105886 0.1182057 0.1135057 0.1141773 0.1403520 0.1274074 0.1246467 0.1013707 0.1248901 0.1144420 0.0103882 0.1219564 0.1304382 0.1293134 0.1100307 0.0139881 0.1365780 0.1248113 0.1119695 0.1367305 0.1151808 0.1320639 0.1203084 0.1141592 0.1178700 0.0268642 0.1608146 0.1280469 0.0120362 0.1260884 0.1103929 0.1325523 0.1023660 0.1158581 0.1088182 0.1058254 0.1302136 0.1163585 0.1250439 0.0833327 0.1292642 0.1175636 0.1200756 0.1295539 0.0428050 0.1248684 0.1237306 0.1310420 0.1259123 0.1490023 0.1151998 0.1641110 0.1459388 0.0781976 0.0821252 0.1207521 0.1264066 0.1653642 0.1056062 0.1631179 0.1128204 0.1318699 0.1447671 0.0831947 0.1169634 0.1375129 0.1641134 0.1121394 0.1289390 0.1258462 0.1265682 0.1252544 0.1307861 0.0132326 0.1287542 0.1414617 0.0763805 0.0127918 0.0088811 0.1142736 0.0836133 0.1344920 0.1256247 0.1165396 0.1066910 0.1175454 0.1327703 0.1096204 0.1246015 0.1247889 0.1274756 0.1396995 0.1255935 0.1074304 0.1334010 0.1160111 0.1367789 0.1086191 0.1300848 0.1224814 0.1214269 0.1435150 0.1176609 0.1284677 0.1050792 0.1133147 0.1408314 0.1279691 0.1346401 0.1173521 0.1195764 0.1430488 0.1051102 0.1227569 0.1170556 0.1166541 
S0308         0.4963821 0.1274594 0.1299706 0.1538724 0.1388912 0.1247024 0.0991464 0.1593063 0.1420091 0.1408644 0.1506638 0.1595801 0.0912497 0.0000000 0.1593051 0.0988309 0.1488770 0.1406120 0.1531437 0.0906595 0.1336635 0.1258069 0.1301580 0.1560445 0.1401042 0.1418080 0.1213408 0.1378608 0.1286856 0.0929066 0.1399680 0.1419165 0.1391180 0.1123758 0.1079545 0.1564993 0.1375639 0.1242080 0.1524143 0.1310334 0.1497736 0.1302807 0.1266942 0.1398284 0.0955222 0.1875635 0.1373179 0.0972897 0.1418326 0.1231692 0.1465316 0.1199995 0.1273158 0.1252645 0.1240708 0.1434764 0.1396404 0.1378549 0.0967450 0.1465601 0.1306923 0.1329862 0.1389468 0.0736773 0.1407057 0.1370025 0.1422097 0.1410749 0.1591753 0.1320176 0.1874401 0.1605421 0.0962588 0.0968864 0.1383093 0.1448600 0.1911839 0.1213903 0.1906128 0.1300921 0.1434683 0.1579742 0.0971214 0.1254448 0.1524878 0.1904883 0.1232206 0.1428119 0.1377600 0.1456735 0.1421086 0.1473341 0.0913540 0.1421488 0.1614673 0.0849472 0.0916708 0.0866829 0.1271735 0.0966037 0.1478079 0.1347629 0.1266737 0.1195345 0.1295466 0.1471784 0.1219261 0.1387087 0.1386900 0.1437035 0.1579625 0.1357966 0.1261155 0.1509609 0.1300002 0.1557227 0.1200317 0.1480936 0.1383712 0.1330347 0.1591575 0.1275940 0.1433950 0.1155825 0.1288078 0.1536209 0.1376829 0.1488947 0.1327616 0.1333762 0.1586108 0.1187181 0.1360352 0.1310568 0.1289748 
S0320         0.5339641 0.1141324 0.1093338 0.0485010 0.1207430 0.1132979 0.1466297 0.0471849 0.1069671 0.1197064 0.1358445 0.0528970 0.1402146 0.1593051 0.0000000 0.1453341 0.0576285 0.1079882 0.1141445 0.1424179 0.1195311 0.1129970 0.1170622 0.0494816 0.1230748 0.0480368 0.0995440 0.1238943 0.0419987 0.1399307 0.0610468 0.1113906 0.1270332 0.1699038 0.1503376 0.0471534 0.1303114 0.1111528 0.0507129 0.0559594 0.0813024 0.1163664 0.1150364 0.1162330 0.1498750 0.1520836 0.1200771 0.1482828 0.1115290 0.1128539 0.1115860 0.0999426 0.1150608 0.1042421 0.1030623 0.1129019 0.1162088 0.0593225 0.1468078 0.0805149 0.0607825 0.1042697 0.0418173 0.1275118 0.1090414 0.1092693 0.1124668 0.1106868 0.1498882 0.1127537 0.1532706 0.1263617 0.1440461 0.1338954 0.1072695 0.1108009 0.1573641 0.1004789 0.1560343 0.0707337 0.1170358 0.1209342 0.1480597 0.1175355 0.1085286 0.1554472 0.1121861 0.1296098 0.1019236 0.0398686 0.0756747 0.0780030 0.1389812 0.0651531 0.0492786 0.1294271 0.1416892 0.1332144 0.1145126 0.1428048 0.1173079 0.0988554 0.1141999 0.1107969 0.1193659 0.1152134 0.1119474 0.0643248 0.1032048 0.1066526 0.0378508 0.1279773 0.1036818 0.0475879 0.1093061 0.0861696 0.1070213 0.1095385 0.1055718 0.1214871 0.0550781 0.1180634 0.0709645 0.0992822 0.1113103 0.1256079 0.1075700 0.0828531 0.1012592 0.1010274 0.1238075 0.0958682 0.1029185 0.1144811 0.0967424 
S0322         0.4900371 0.1219387 0.1154297 0.1414990 0.1286765 0.1219924 0.0365311 0.1454894 0.1355545 0.1281974 0.1466866 0.1472055 0.0317400 0.0988309 0.1453341 0.0000000 0.1357027 0.1395961 0.1496550 0.0306961 0.1302505 0.1222076 0.1242241 0.1478313 0.1344260 0.1308067 0.1091258 0.1330314 0.1248599 0.0308086 0.1253576 0.1372993 0.1344811 0.1200217 0.0365575 0.1386902 0.1335795 0.1214752 0.1397423 0.1223692 0.1424142 0.1282364 0.1237169 0.1294331 0.0155084 0.1721647 0.1355994 0.0350028 0.1337972 0.1194713 0.1376787 0.1106636 0.1235960 0.1173045 0.1146290 0.1389506 0.1266716 0.1310624 0.0887123 0.1381260 0.1242753 0.1289661 0.1350787 0.0459646 0.1296251 0.1318423 0.1369127 0.1335922 0.1630121 0.1263179 0.1728670 0.1489861 0.0841503 0.0891898 0.1286075 0.1331796 0.1754158 0.1135230 0.1742187 0.1175117 0.1408872 0.1501847 0.0885566 0.1293417 0.1458517 0.1742235 0.1208989 0.1396018 0.1293972 0.1319862 0.1329941 0.1400960 0.0318268 0.1336688 0.1483602 0.0840375 0.0342182 0.0305813 0.1245450 0.0864907 0.1424965 0.1330947 0.1243448 0.1156581 0.1261118 0.1411606 0.1221131 0.1332212 0.1325476 0.1371936 0.1437814 0.1358019 0.1163298 0.1454036 0.1252584 0.1464719 0.1177726 0.1382075 0.1303368 0.1305654 0.1472803 0.1265511 0.1363435 0.1126926 0.1246879 0.1483535 0.1357308 0.1435770 0.1256830 0.1279973 0.1508386 0.1127510 0.1316025 0.1252876 0.1234943 
S0327         0.3963832 0.0999593 0.1007065 0.0545875 0.1067375 0.0972406 0.1330538 0.0571441 0.0941031 0.1098877 0.1274881 0.0576963 0.1298688 0.1488770 0.0576285 0.1357027 0.0000000 0.0940812 0.1119904 0.1301552 0.1029951 0.0978591 0.0993456 0.0597043 0.1116894 0.0424223 0.0890005 0.1110608 0.0390718 0.1274961 0.0513414 0.1001674 0.1124350 0.1565135 0.1376534 0.0522336 0.1111944 0.0946478 0.0545268 0.0482514 0.0707224 0.1016800 0.1006779 0.1051299 0.1376563 0.1396022 0.1072164 0.1356075 0.0999405 0.0942338 0.1020349 0.0884518 0.0970201 0.0924870 0.0930577 0.1040453 0.1059592 0.0506032 0.1302172 0.0709281 0.0510503 0.0897580 0.0442980 0.1138450 0.0993400 0.0980595 0.1006791 0.0983333 0.1412170 0.1035866 0.1403871 0.1175111 0.1286163 0.1270205 0.0970574 0.1012707 0.1459268 0.0894001 0.1423796 0.0589145 0.1039124 0.1107526 0.1325323 0.1007563 0.1015653 0.1441634 0.0969342 0.1173982 0.0920605 0.0440000 0.0664706 0.0689541 0.1281401 0.0556771 0.0624884 0.1194965 0.1291530 0.1217418 0.0987320 0.1294321 0.1095111 0.0858332 0.1002588 0.0957531 0.1066247 0.1035518 0.1003096 0.0568172 0.0934628 0.0956858 0.0572296 0.1140974 0.0937612 0.0586777 0.1007893 0.0770081 0.0921954 0.0995528 0.0965727 0.1070203 0.0528538 0.1020966 0.0626035 0.0877419 0.0965770 0.1132890 0.0976401 0.0747035 0.0877518 0.0898426 0.1186722 0.0855541 0.0936665 0.1013243 0.0828523 
S0335         0.7339592 0.0933842 0.0986682 0.1057830 0.1029587 0.0923936 0.1306495 0.1075306 0.0657055 0.1068933 0.1248635 0.1091287 0.1307153 0.1406120 0.1079882 0.1395961 0.0940812 0.0000000 0.0585814 0.1301348 0.0961335 0.0946701 0.0960771 0.1117482 0.1094078 0.0945163 0.0903874 0.0988508 0.0910990 0.1280578 0.0967005 0.0788949 0.1091315 0.1571590 0.1381114 0.1090321 0.1081231 0.0928121 0.1023574 0.0846373 0.0982252 0.1026161 0.0968759 0.1000690 0.1352897 0.1511158 0.1037356 0.1352473 0.0766247 0.0918376 0.0795617 0.0869563 0.0956135 0.0926511 0.0896737 0.0850843 0.0987165 0.0878442 0.1311170 0.0954811 0.0836552 0.0684632 0.0922207 0.1138901 0.0769844 0.0762293 0.0819773 0.0751334 0.1397843 0.0986270 0.1540660 0.0955201 0.1302256 0.1298303 0.0740267 0.0765010 0.1575179 0.0874511 0.1534580 0.0934694 0.0802094 0.0732949 0.1313218 0.0992635 0.0746954 0.1538493 0.0916127 0.1127678 0.0682275 0.0979536 0.0913394 0.0956561 0.1316749 0.0921434 0.1189359 0.1176691 0.1329493 0.1236960 0.0928680 0.1318828 0.0522918 0.0667532 0.0960140 0.0900578 0.0997182 0.0760772 0.0959782 0.0965413 0.0663441 0.0716668 0.1095709 0.1090840 0.0926207 0.1057804 0.0967743 0.1045195 0.0915549 0.0740723 0.0579949 0.1009441 0.1043147 0.1005415 0.0951631 0.0868355 0.0960648 0.0605901 0.0348928 0.1011342 0.0689666 0.0641146 0.1053451 0.0848070 0.0555138 0.0917963 0.0611687 
S0345         0.5118019 0.1043221 0.1075054 0.1168671 0.1025227 0.1100828 0.1358074 0.1209011 0.0812419 0.1137158 0.1232133 0.1257514 0.1356003 0.1531437 0.1141445 0.1496550 0.1119904 0.0585814 0.0000000 0.1364226 0.0964556 0.1072676 0.1077835 0.1167681 0.1115065 0.1096524 0.1070550 0.0986510 0.1056746 0.1399536 0.1082580 0.0812480 0.1223853 0.1440060 0.1488585 0.1234255 0.1196323 0.1078850 0.1216084 0.1082719 0.1025051 0.1115833 0.1012355 0.1103650 0.1400614 0.1524242 0.1121414 0.1403421 0.0854582 0.1020271 0.0922994 0.1020940 0.1092449 0.1080350 0.1071633 0.0938609 0.1078148 0.1124238 0.1479713 0.1030192 0.1066229 0.0709665 0.1050982 0.1276842 0.0892127 0.0839089 0.0846933 0.0798206 0.1192425 0.1040833 0.1496507 0.1061916 0.1423379 0.1460611 0.0812803 0.0823519 0.1576182 0.1041071 0.1569986 0.1033401 0.0904318 0.0888725 0.1416171 0.1084860 0.0935843 0.1531640 0.1069231 0.1209923 0.0791393 0.1071303 0.0996538 0.1019766 0.1358747 0.1147562 0.1328924 0.1352383 0.1388096 0.1265471 0.1010715 0.1512750 0.0506789 0.0781626 0.1114228 0.0969611 0.1141196 0.0871345 0.1038879 0.1117822 0.0813445 0.0845326 0.1225865 0.1221093 0.1072298 0.1154089 0.1041306 0.1074519 0.1057511 0.0829404 0.0665128 0.1112476 0.1225407 0.1125581 0.1144755 0.1032457 0.1067263 0.0375872 0.0601565 0.1054780 0.0785929 0.0705421 0.1228068 0.0985957 0.0640489 0.1031787 0.0648779 
S0355         0.3963832 0.1144870 0.1053892 0.1361145 0.1220787 0.1124416 0.0142454 0.1380415 0.1237195 0.1254225 0.1376972 0.1441646 0.0105886 0.0906595 0.1424179 0.0306961 0.1301552 0.1301348 0.1364226 0.0000000 0.1175083 0.1126586 0.1159698 0.1398673 0.1295428 0.1259906 0.1023065 0.1242327 0.1157502 0.0097348 0.1224605 0.1295071 0.1284933 0.1093608 0.0155010 0.1373648 0.1251110 0.1126022 0.1378861 0.1144307 0.1355352 0.1221791 0.1152260 0.1207301 0.0264427 0.1646203 0.1286294 0.0130946 0.1260332 0.1109652 0.1314184 0.1023776 0.1158360 0.1086572 0.1061627 0.1304070 0.1187684 0.1262568 0.0842864 0.1309456 0.1181357 0.1199450 0.1266606 0.0427076 0.1242215 0.1235009 0.1311199 0.1262131 0.1467821 0.1176123 0.1670659 0.1462339 0.0769741 0.0844530 0.1211233 0.1285096 0.1686688 0.1055314 0.1664545 0.1106414 0.1327337 0.1433067 0.0832377 0.1183844 0.1330959 0.1669324 0.1117764 0.1292532 0.1251192 0.1273973 0.1266913 0.1329048 0.0116740 0.1290131 0.1421943 0.0753086 0.0126897 0.0087915 0.1147360 0.0836152 0.1343798 0.1211126 0.1160470 0.1073407 0.1193609 0.1326300 0.1125512 0.1267023 0.1227161 0.1243777 0.1397375 0.1249544 0.1077414 0.1342904 0.1175663 0.1392442 0.1083346 0.1291980 0.1213547 0.1222340 0.1435273 0.1163516 0.1301095 0.1054653 0.1156846 0.1412524 0.1265413 0.1371308 0.1178453 0.1189653 0.1438260 0.1059719 0.1215738 0.1189487 0.1156803 
S0376         0.2914120 0.0724312 0.0909008 0.1148730 0.1005476 0.0727127 0.1230175 0.1149962 0.0925452 0.0851031 0.0987000 0.1140607 0.1182057 0.1336635 0.1195311 0.1302505 0.1029951 0.0961335 0.0964556 0.1175083 0.0000000 0.0695036 0.0738408 0.1204602 0.0975612 0.1020269 0.0876671 0.0454366 0.0920406 0.1185149 0.0984410 0.0968609 0.0965438 0.1462593 0.1368141 0.1189319 0.0818445 0.0694471 0.1105802 0.0896319 0.1040695 0.0797687 0.0775421 0.0987611 0.1238577 0.1456679 0.0895923 0.1244159 0.0972586 0.0703745 0.0934310 0.0847655 0.0747629 0.0897204 0.0888488 0.1063579 0.0967968 0.0958358 0.1281575 0.1022417 0.0914197 0.0858676 0.1004502 0.1061918 0.0975010 0.0936864 0.0970001 0.0969486 0.0878083 0.0966053 0.1464338 0.1096244 0.1263794 0.1200436 0.0908053 0.0968562 0.1526278 0.0867913 0.1492925 0.0998774 0.1008382 0.1098369 0.1256368 0.0771263 0.0997790 0.1503104 0.0730906 0.0871264 0.0971914 0.1064074 0.0979968 0.1030292 0.1190996 0.0999524 0.1248921 0.1123546 0.1204600 0.1130752 0.0759957 0.1287935 0.1012077 0.0845988 0.0728786 0.0678890 0.0754453 0.1025381 0.0740221 0.1026257 0.0931089 0.0951549 0.1181975 0.0870657 0.0891979 0.1175297 0.0949694 0.1101550 0.0693098 0.0960033 0.0960901 0.0800617 0.1142720 0.0760943 0.1018537 0.0675865 0.0752468 0.1101958 0.1000084 0.1037128 0.0846710 0.0831948 0.1173302 0.0788345 0.0937533 0.0405451 0.0830307 
S0400         0.3963832 0.0593983 0.0886490 0.1101354 0.0933848 0.0156184 0.1127914 0.1137297 0.0906286 0.0250157 0.0524024 0.1099545 0.1135057 0.1258069 0.1129970 0.1222076 0.0978591 0.0946701 0.1072676 0.1126586 0.0695036 0.0000000 0.0225075 0.1177161 0.0923056 0.0979596 0.0795215 0.0833785 0.0884124 0.1125195 0.0943890 0.0945908 0.0955004 0.1382241 0.1171398 0.1110949 0.0440570 0.0240918 0.1056736 0.0900185 0.1035732 0.0738507 0.0162097 0.0928349 0.1192674 0.1480766 0.0857691 0.1183274 0.0910926 0.0227926 0.0931609 0.0781920 0.0163657 0.0825355 0.0809821 0.0984959 0.0929387 0.0941197 0.1183430 0.0988154 0.0892667 0.0841965 0.0925765 0.0959848 0.0909178 0.0913536 0.0960505 0.0915690 0.0684688 0.0873208 0.1492942 0.1090700 0.1161962 0.1106294 0.0872718 0.0926284 0.1519763 0.0791895 0.1513154 0.0905400 0.0971557 0.1077875 0.1176124 0.0593214 0.0972644 0.1512482 0.0125694 0.0683605 0.0929974 0.0993137 0.0962675 0.0994931 0.1130705 0.0976232 0.1148471 0.1007857 0.1157150 0.1067875 0.0224760 0.1227549 0.1046213 0.0858027 0.0161050 0.0203370 0.0632164 0.0998823 0.0542968 0.0948040 0.0896469 0.0943410 0.1112997 0.0641505 0.0808651 0.1096019 0.0875817 0.1095427 0.0130024 0.0982641 0.0927289 0.0302443 0.1115724 0.0358575 0.1011384 0.0563724 0.0705756 0.1083099 0.0972019 0.1051320 0.0820194 0.0801407 0.1185435 0.0776646 0.0919399 0.0697298 0.0778734 
S0405         0.3963337 0.0620161 0.0923063 0.1129682 0.0988404 0.0238193 0.1161120 0.1171489 0.0925396 0.0329517 0.0549602 0.1136720 0.1141773 0.1301580 0.1170622 0.1242241 0.0993456 0.0960771 0.1077835 0.1159698 0.0738408 0.0225075 0.0000000 0.1186090 0.0943101 0.0998942 0.0826372 0.0852138 0.0898777 0.1131401 0.0958665 0.0933797 0.0956332 0.1416184 0.1195852 0.1139312 0.0473719 0.0206117 0.1093555 0.0902722 0.1085590 0.0761418 0.0246436 0.0956512 0.1220273 0.1443157 0.0880812 0.1207773 0.0923464 0.0252489 0.0912379 0.0829552 0.0231607 0.0873186 0.0857601 0.1003356 0.0957128 0.0947181 0.1194235 0.1043447 0.0903123 0.0869470 0.0982989 0.1011860 0.0918879 0.0932709 0.0956610 0.0912061 0.0702875 0.0917613 0.1434206 0.1106271 0.1151100 0.1136156 0.0895469 0.0944312 0.1481909 0.0835483 0.1466061 0.0962150 0.0972843 0.1096405 0.1175817 0.0615543 0.0995532 0.1479455 0.0211445 0.0726631 0.0936013 0.1024491 0.1005549 0.1045637 0.1136459 0.0973364 0.1200481 0.1032154 0.1182018 0.1079009 0.0234674 0.1238449 0.1065103 0.0893639 0.0240204 0.0195447 0.0662334 0.1026716 0.0572888 0.0969451 0.0903045 0.0966796 0.1154891 0.0656462 0.0848099 0.1112382 0.0920648 0.1119899 0.0216396 0.1001805 0.0954926 0.0342118 0.1152736 0.0395038 0.1009245 0.0597631 0.0745505 0.1101306 0.0990605 0.1100083 0.0838528 0.0836961 0.1200779 0.0799446 0.0942554 0.0728064 0.0806023 
S0407sl       0.6021502 0.1152281 0.1062451 0.0545658 0.1223557 0.1154666 0.1426039 0.0484151 0.1086171 0.1206911 0.1417448 0.0518802 0.1403520 0.1560445 0.0494816 0.1478313 0.0597043 0.1117482 0.1167681 0.1398673 0.1204602 0.1177161 0.1186090 0.0000000 0.1234073 0.0507193 0.1023183 0.1258325 0.0456380 0.1395914 0.0650887 0.1143794 0.1245045 0.1403164 0.1471356 0.0541208 0.1312148 0.1118036 0.0578072 0.0586025 0.0820908 0.1205992 0.1123266 0.1196078 0.1469202 0.1529258 0.1226517 0.1464199 0.1091401 0.1144332 0.1089671 0.1024444 0.1167458 0.1062996 0.1049957 0.1179821 0.1194976 0.0641520 0.1457992 0.0824093 0.0630971 0.1044503 0.0432849 0.1208410 0.1110281 0.1130394 0.1170158 0.1120835 0.1505084 0.1147745 0.1498847 0.1303162 0.1386402 0.1308436 0.1127159 0.1150266 0.1611260 0.1033627 0.1583114 0.0698807 0.1182347 0.1258132 0.1465115 0.1167570 0.1146339 0.1595613 0.1137744 0.1340931 0.1072669 0.0435672 0.0770570 0.0784131 0.1384240 0.0697946 0.0529491 0.1254591 0.1379792 0.1302948 0.1170350 0.1432957 0.1190607 0.1013958 0.1174068 0.1117871 0.1178438 0.1143448 0.1149717 0.0668688 0.1051952 0.1134213 0.0492515 0.1333270 0.1072229 0.0364450 0.1121026 0.0869506 0.1068179 0.1129392 0.1095993 0.1253608 0.0628841 0.1188596 0.0749627 0.1055733 0.1151160 0.1274763 0.1123838 0.0858368 0.1044717 0.1040211 0.1297850 0.0949494 0.1048882 0.1153806 0.0947843 
S0412sl       0.2914120 0.0850088 0.0936421 0.1176133 0.1089792 0.0903242 0.1305888 0.1240270 0.1020892 0.0995736 0.1169101 0.1239499 0.1274074 0.1401042 0.1230748 0.1344260 0.1116894 0.1094078 0.1115065 0.1295428 0.0975612 0.0923056 0.0943101 0.1234073 0.0000000 0.1114801 0.0907874 0.1043057 0.1015216 0.1298347 0.1073647 0.1061182 0.0783003 0.1561547 0.1353572 0.1247134 0.1047347 0.0893324 0.1228388 0.0967481 0.1181392 0.0910046 0.0931999 0.1029136 0.1331946 0.1551925 0.0693272 0.1361921 0.1034621 0.0887072 0.1089251 0.0876357 0.0911209 0.0913993 0.0910641 0.1128895 0.1034572 0.1008736 0.1330112 0.1140896 0.0949391 0.0980300 0.1086993 0.1116654 0.1063665 0.1013403 0.1067148 0.1071567 0.1254005 0.1034095 0.1593135 0.1224793 0.1313771 0.1317918 0.1024091 0.1102860 0.1607923 0.0899351 0.1596427 0.1056190 0.1101413 0.1203475 0.1346691 0.0914896 0.1108335 0.1594632 0.0873205 0.1046245 0.1044184 0.1128714 0.1100965 0.1152828 0.1286668 0.1026582 0.1299791 0.1160886 0.1317572 0.1205716 0.0941442 0.1344423 0.1125533 0.0942362 0.0916019 0.0857677 0.0888274 0.1106738 0.0877283 0.1123264 0.1006522 0.1061090 0.1280531 0.0994499 0.0917996 0.1228090 0.1023380 0.1187301 0.0858153 0.1064421 0.1009597 0.0973107 0.1252356 0.0952038 0.1062044 0.0757836 0.0887123 0.1218677 0.1103714 0.1197298 0.0959082 0.0971355 0.1245025 0.0861633 0.0968701 0.0895683 0.0948131 
S0417         0.3064536 0.0998972 0.0994736 0.0439947 0.1047574 0.0973584 0.1304250 0.0500101 0.0917161 0.1065786 0.1268743 0.0495596 0.1246467 0.1418080 0.0480368 0.1308067 0.0424223 0.0945163 0.1096524 0.1259906 0.1020269 0.0979596 0.0998942 0.0507193 0.1114801 0.0000000 0.0885139 0.1099748 0.0281691 0.1245390 0.0470017 0.0960227 0.1118851 0.1516679 0.1355195 0.0454474 0.1121047 0.0945034 0.0460035 0.0470780 0.0680838 0.1058825 0.1007660 0.0998947 0.1342403 0.1400611 0.1073140 0.1314382 0.0974694 0.0960273 0.0976331 0.0883395 0.0980666 0.0933399 0.0908980 0.0964998 0.1006976 0.0491786 0.1312970 0.0687242 0.0487586 0.0888185 0.0357768 0.1090495 0.0957716 0.0962331 0.0979643 0.0968013 0.1413272 0.1012909 0.1398723 0.1143997 0.1281915 0.1218164 0.0930294 0.0976647 0.1459314 0.0889894 0.1429246 0.0567350 0.0994468 0.1101048 0.1312242 0.1025167 0.0975644 0.1446651 0.0966006 0.1126132 0.0909721 0.0325225 0.0646449 0.0671317 0.1237213 0.0546936 0.0491929 0.1151843 0.1230481 0.1169885 0.0966307 0.1294921 0.1060280 0.0875697 0.0990501 0.0928115 0.1041066 0.0996437 0.0990507 0.0553282 0.0929788 0.0938054 0.0491706 0.1105931 0.0923512 0.0494617 0.0984824 0.0739882 0.0908052 0.0973847 0.0933415 0.1066702 0.0482996 0.1011831 0.0616629 0.0884260 0.0987716 0.1122838 0.0945437 0.0732339 0.0843433 0.0854510 0.1164573 0.0842310 0.0905180 0.1000495 0.0802444 
S0419         0.4948482 0.0795809 0.0181802 0.0963079 0.0405485 0.0806984 0.1042753 0.0992257 0.0877261 0.0883435 0.1068381 0.1010059 0.1013707 0.1213408 0.0995440 0.1091258 0.0890005 0.0903874 0.1070550 0.1023065 0.0876671 0.0795215 0.0826372 0.1023183 0.0907874 0.0885139 0.0000000 0.0912672 0.0756922 0.1016826 0.0870144 0.0903011 0.0946647 0.1362478 0.1087013 0.1005265 0.0922222 0.0803167 0.0991652 0.0744254 0.0936127 0.0835813 0.0835910 0.0408653 0.1109544 0.1303618 0.0874797 0.1064642 0.0831987 0.0786311 0.0922389 0.0058171 0.0799720 0.0092486 0.0092733 0.0955618 0.0399471 0.0827502 0.1128080 0.0899533 0.0778816 0.0816481 0.0881318 0.0922634 0.0870251 0.0887655 0.0895769 0.0884476 0.1173372 0.0482925 0.1309703 0.1033322 0.1086347 0.1081457 0.0830273 0.0900046 0.1360245 0.0078609 0.1332035 0.0804404 0.0968310 0.1008510 0.1115176 0.0819577 0.0939087 0.1334930 0.0785850 0.0958669 0.0870123 0.0889712 0.0853364 0.0913812 0.1011873 0.0839629 0.1077849 0.0968042 0.1036833 0.0980291 0.0837224 0.1137932 0.0961523 0.0830781 0.0822153 0.0767813 0.0864585 0.0939519 0.0791963 0.0859489 0.0863611 0.0922179 0.1035593 0.0937821 0.0095922 0.1031133 0.0484242 0.0973158 0.0781340 0.0898199 0.0865350 0.0860830 0.1034493 0.0818103 0.0902302 0.0714354 0.0778583 0.1067022 0.0918122 0.0934325 0.0790832 0.0796790 0.1101022 0.0482445 0.0861920 0.0817450 0.0745704 
S0427         0.3963832 0.0770774 0.0970724 0.1220417 0.1040911 0.0832988 0.1240742 0.1226182 0.0939460 0.0920693 0.1097202 0.1200320 0.1248901 0.1378608 0.1238943 0.1330314 0.1110608 0.0988508 0.0986510 0.1242327 0.0454366 0.0833785 0.0852138 0.1258325 0.1043057 0.1099748 0.0912672 0.0000000 0.0967131 0.1233517 0.1034829 0.1014923 0.1058270 0.1532265 0.1316781 0.1263036 0.0937316 0.0833984 0.1159761 0.0960841 0.1091116 0.0854824 0.0877877 0.1015206 0.1287464 0.1499067 0.0985326 0.1296115 0.0980746 0.0819762 0.0964757 0.0881633 0.0839502 0.0926248 0.0911146 0.1045482 0.1014506 0.1019761 0.1352684 0.1070553 0.0968149 0.0909902 0.1100584 0.1089506 0.0993223 0.0964177 0.1020131 0.0992844 0.1181419 0.1001965 0.1493509 0.1142090 0.1290016 0.1244139 0.0957131 0.0985870 0.1556845 0.0896345 0.1541166 0.1030238 0.1037433 0.1149940 0.1310380 0.0849782 0.1041005 0.1540821 0.0833264 0.0996710 0.0974281 0.1093987 0.1024119 0.1041192 0.1236062 0.1046281 0.1312006 0.1147275 0.1276318 0.1198238 0.0850663 0.1385282 0.1060878 0.0874524 0.0844204 0.0785580 0.0852198 0.1043161 0.0796858 0.1060908 0.0953289 0.0998551 0.1214192 0.0975011 0.0918154 0.1270099 0.0987806 0.1138167 0.0811554 0.1010027 0.0966389 0.0927135 0.1217329 0.0862054 0.1045709 0.0742332 0.0819389 0.1117297 0.0998036 0.1109210 0.0871691 0.0910767 0.1201337 0.0852683 0.0957937 0.0502582 0.0862452 
S0428sl       0.6443592 0.0875331 0.0828282 0.0426849 0.0896918 0.0888097 0.1209540 0.0457757 0.0875316 0.0965745 0.1138341 0.0506662 0.1144420 0.1286856 0.0419987 0.1248599 0.0390718 0.0910990 0.1056746 0.1157502 0.0920406 0.0884124 0.0898777 0.0456380 0.1015216 0.0281691 0.0756922 0.0967131 0.0000000 0.1176132 0.0397237 0.0867267 0.0990384 0.1172144 0.1253627 0.0485347 0.1014498 0.0857432 0.0468508 0.0440951 0.0582941 0.0969513 0.0851323 0.0908743 0.1220180 0.1289183 0.0970714 0.1232775 0.0910336 0.0872284 0.0896264 0.0747959 0.0895200 0.0771360 0.0766921 0.0901642 0.0912967 0.0483369 0.1156707 0.0580981 0.0474556 0.0789876 0.0323252 0.0972725 0.0860443 0.0829273 0.0880706 0.0863086 0.1224771 0.0838296 0.1253839 0.1057256 0.1141844 0.1168655 0.0857746 0.0870299 0.1360446 0.0761798 0.1329827 0.0493949 0.0903103 0.1017359 0.1178582 0.0884565 0.0923025 0.1331645 0.0886985 0.1008485 0.0869354 0.0318526 0.0537045 0.0550943 0.1150054 0.0539436 0.0502405 0.1037675 0.1136598 0.1061413 0.0872954 0.1177035 0.0966141 0.0817587 0.0917273 0.0844329 0.0983970 0.0914609 0.0861288 0.0493420 0.0851666 0.0897551 0.0475781 0.0987271 0.0781269 0.0448003 0.0833328 0.0631215 0.0823685 0.0939673 0.0852051 0.0943804 0.0505884 0.0932495 0.0569677 0.0804251 0.0862898 0.1062818 0.0883184 0.0638815 0.0772589 0.0780008 0.1123299 0.0772919 0.0814064 0.0895526 0.0738074 
