133
PAFTOL_019361 0.0000000 0.4049651 0.3810679 0.4607806 0.4256088 0.4168346 0.4806983 0.4383364 0.4042748 0.4162202 0.4544368 0.4607340 0.4863557 0.4334254 0.4184977 0.4951586 0.4403456 0.4120588 0.4102384 0.4715057 0.3990490 0.4241728 0.4116925 0.4893076 0.4191604 0.4317964 0.4031942 0.4256024 0.4286450 0.4917749 0.4615941 0.4291732 0.4462636 0.4496690 0.4409317 0.4395913 0.4364838 0.4090941 0.4832513 0.4156050 0.4502682 0.4088573 0.4306596 0.3943729 0.4836957 0.5065346 0.4172259 0.4829236 0.5016847 0.4299118 0.4089569 0.4038073 0.4209594 0.4024580 0.4037768 0.4374276 0.3950930 0.4245570 0.4713542 0.4232083 0.4586473 0.3996781 0.4779399 0.4308007 0.4169084 0.4069574 0.4168700 0.4494539 0.4534570 0.5300076 0.5260121 0.4446183 0.4498827 0.4476246 0.4478585 0.5310264 0.4060386 0.5134677 0.4128802 0.4131377 0.4083046 0.4583573 0.4088476 0.4286504 0.5319150 0.4136786 0.4248173 0.4031508 0.4368404 0.4243539 0.4464858 0.4974744 0.4303832 0.4455995 0.4495393 0.4853171 0.4837066 0.4206903 0.4531634 0.4042910 0.3782913 0.4205827 0.4192237 0.3733676 0.4384132 0.4108333 0.4473119 0.4152769 0.4217690 0.4656684 0.4170225 0.4126496 0.4676149 0.4529683 0.4400951 0.4147911 0.4128904 0.4002186 0.4244352 0.4558911 0.4176663 0.4289541 0.3512447 0.4079722 0.4007792 0.4656577 0.3904734 0.3953943 0.5674832 0.4313744 0.3982735 0.3985625 0.4019616 
S0055         0.4049651 0.0000000 0.1310569 0.1538205 0.1652446 0.0899659 0.1732170 0.1492785 0.1192950 0.0983393 0.1336135 0.1621825 0.1683761 0.1831899 0.1516520 0.1697589 0.1573354 0.1255153 0.1263446 0.1684089 0.1227172 0.0892957 0.0872933 0.1849589 0.1087871 0.1513801 0.1274923 0.1237383 0.1480277 0.1650667 0.1444820 0.1560258 0.1475998 0.1547686 0.1809651 0.1591938 0.1131166 0.0852525 0.1801761 0.1530697 0.1599312 0.1004299 0.0894138 0.1416013 0.1680883 0.2345859 0.1194373 0.1728734 0.1692044 0.0894212 0.1482427 0.1273091 0.0923942 0.1266757 0.1280625 0.1762033 0.1464310 0.1437302 0.1707233 0.1480335 0.1461340 0.1135336 0.1751217 0.1423819 0.1515181 0.1581687 0.1520168 0.1463232 0.1479570 0.2504081 0.1920993 0.1502937 0.1771873 0.1392418 0.1341007 0.2419103 0.1283628 0.2350558 0.1503258 0.1430111 0.1226836 0.1629931 0.1143571 0.1540260 0.2305222 0.0895569 0.1170334 0.1122031 0.1499015 0.1452863 0.1586765 0.1756823 0.1444435 0.1479222 0.1673610 0.1725632 0.1655983 0.0894086 0.1706166 0.1186275 0.1260316 0.0926926 0.0838311 0.0624156 0.1625060 0.0925850 0.1506674 0.1403042 0.1405514 0.1654906 0.0997464 0.1308957 0.1837657 0.1519118 0.1587356 0.0904370 0.1329623 0.1191260 0.1008462 0.1556973 0.0964085 0.1488188 0.0866863 0.1193480 0.1274396 0.1649210 0.1150832 0.1121725 0.2115202 0.1279229 0.1169417 0.1159773 0.1108268 
S0196sl       0.3810679 0.1310569 0.0000000 0.1162006 0.0836346 0.1181004 0.1256125 0.1329100 0.0995707 0.1251530 0.1501647 0.1444250 0.1250622 0.1309416 0.1238911 0.1258621 0.1142746 0.1115009 0.1055340 0.1231641 0.1204380 0.1141071 0.1149976 0.1581894 0.1400147 0.1182406 0.0162163 0.1339067 0.1114860 0.1209251 0.1221282 0.1281885 0.1624569 0.1234652 0.1436909 0.1282200 0.1402573 0.1106655 0.1468790 0.1229503 0.1239782 0.1157369 0.1093499 0.0549258 0.1212380 0.2204728 0.1321431 0.1216169 0.1306981 0.1157013 0.1168043 0.0158201 0.1161663 0.0158037 0.0173848 0.1377953 0.0559435 0.1134873 0.1174253 0.1218116 0.1095257 0.0963812 0.1420338 0.0992027 0.1286149 0.1252693 0.1171291 0.1621850 0.0802392 0.2320678 0.1343211 0.1028363 0.1337991 0.1349791 0.1332614 0.2250755 0.0177583 0.2227004 0.1139265 0.1283938 0.1084108 0.1085361 0.1419080 0.1251626 0.2185816 0.1111461 0.1353431 0.1067442 0.1161027 0.1114752 0.1248987 0.1277533 0.1110275 0.1246570 0.1203756 0.1288806 0.1200916 0.1206519 0.1171966 0.1053004 0.0999410 0.1159474 0.1160488 0.1092182 0.1342731 0.1177362 0.1243400 0.1166654 0.1162775 0.1311056 0.1231845 0.0216289 0.1514026 0.0830953 0.1285350 0.1144963 0.1170573 0.1029238 0.1219358 0.1316854 0.1277825 0.1152361 0.1035841 0.1072567 0.1052115 0.1292981 0.0989851 0.0947902 0.2004051 0.0563733 0.1010917 0.1168504 0.0988877 
S0278         0.4607806 0.1538205 0.1162006 0.0000000 0.1418449 0.1447053 0.1724612 0.0811808 0.1204243 0.1422473 0.1662323 0.0787871 0.1677671 0.1701910 0.0696937 0.1717482 0.0748833 0.1270779 0.1243749 0.1702167 0.1435059 0.1409888 0.1428098 0.1142805 0.1525924 0.0639506 0.1123828 0.1498753 0.0578631 0.1674426 0.0776992 0.1433320 0.1634509 0.1759918 0.1809921 0.0732374 0.1610470 0.1376465 0.0905375 0.0856902 0.1124888 0.1336091 0.1340595 0.1256426 0.1669942 0.2200452 0.1511897 0.1613081 0.1708159 0.1461506 0.1474484 0.1125198 0.1406854 0.1127419 0.1142924 0.1662211 0.1289552 0.0824200 0.1651345 0.1010310 0.0827654 0.1165750 0.0791503 0.1457746 0.1496253 0.1473732 0.1500030 0.1853133 0.1437997 0.2417888 0.1687032 0.1486403 0.1740470 0.1552986 0.1546923 0.2217054 0.1147995 0.2173460 0.0925943 0.1438096 0.1217471 0.1569042 0.1555413 0.1333276 0.2168665 0.1402498 0.1559449 0.1268654 0.0603912 0.0946623 0.1057099 0.1823835 0.0846282 0.0329595 0.1712384 0.1733883 0.1668461 0.1446862 0.1640496 0.1234943 0.1219985 0.1450126 0.1370629 0.1260178 0.1510834 0.1425464 0.0978036 0.1386531 0.1343743 0.0837875 0.1468608 0.1150192 0.0978449 0.1484521 0.1129650 0.1409923 0.1358149 0.1204905 0.1392319 0.0752980 0.1471897 0.0829619 0.1178724 0.1235028 0.1279728 0.1208505 0.1184176 0.1152720 0.2111029 0.1177381 0.1191246 0.1281182 0.1182296 
S0281         0.4256088 0.1652446 0.0836346 0.1418449 0.0000000 0.1585975 0.1343720 0.1685746 0.1293733 0.1540943 0.1807314 0.1745411 0.1312909 0.1325153 0.1588851 0.1313747 0.1401013 0.1413679 0.1343494 0.1325630 0.1560662 0.1497131 0.1525566 0.1831697 0.1617405 0.1434510 0.0746854 0.1518037 0.1281151 0.1265438 0.1498428 0.1514021 0.1823584 0.1420733 0.1468436 0.1388429 0.1724733 0.1494576 0.1504925 0.1498266 0.1405715 0.1563880 0.1469092 0.0685494 0.1316381 0.2414492 0.1706210 0.1292411 0.1591490 0.1568500 0.1412777 0.0742049 0.1560438 0.0746299 0.0761347 0.1511173 0.0709193 0.1422507 0.1308601 0.1357923 0.1367741 0.1282269 0.1464535 0.1166523 0.1441318 0.1477650 0.1412149 0.1913360 0.0775297 0.2527426 0.1592507 0.1201378 0.1270354 0.1628554 0.1547742 0.2450508 0.0770808 0.2457676 0.1330159 0.1391138 0.1381356 0.1247222 0.1563462 0.1461789 0.2378466 0.1512141 0.1759447 0.1402675 0.1351521 0.1330663 0.1445884 0.1393426 0.1387125 0.1452419 0.1388265 0.1342955 0.1268431 0.1552255 0.1328244 0.1334605 0.1319265 0.1574318 0.1504893 0.1368408 0.1556971 0.1446739 0.1548962 0.1421110 0.1408074 0.1743108 0.1592901 0.0812066 0.1870974 0.0763261 0.1406073 0.1522488 0.1416641 0.1401751 0.1546588 0.1658378 0.1600077 0.1441966 0.1283461 0.1356761 0.1390025 0.1503758 0.1314907 0.1308057 0.1811147 0.0871029 0.1350884 0.1455662 0.1337365 
S0282         0.4168346 0.0899659 0.1181004 0.1447053 0.1585975 0.0000000 0.1707449 0.1543133 0.1085357 0.0196761 0.0839375 0.1628455 0.1705505 0.1793761 0.1496773 0.1697525 0.1489974 0.1199505 0.1189608 0.1645127 0.1183624 0.0122966 0.0226786 0.1782322 0.1030151 0.1489453 0.1154053 0.1205963 0.1314362 0.1627729 0.1442674 0.1464025 0.1449163 0.1602623 0.1761512 0.1532614 0.0527006 0.0167131 0.1744759 0.1470565 0.1564269 0.1016727 0.0107987 0.1271172 0.1697376 0.2204817 0.1064978 0.1659934 0.1712786 0.0277580 0.1409964 0.1147883 0.0143600 0.1156848 0.1153238 0.1615101 0.1343177 0.1398077 0.1629309 0.1422525 0.1363781 0.1044226 0.1639395 0.1372133 0.1480181 0.1449483 0.1382191 0.1001531 0.1436311 0.2419709 0.1799059 0.1537037 0.1688764 0.1374884 0.1342638 0.2240157 0.1174670 0.2170957 0.1245336 0.1334224 0.1161643 0.1643116 0.0940060 0.1389197 0.2175373 0.0143617 0.0852737 0.1055202 0.1448745 0.1345018 0.1593068 0.1767869 0.1353966 0.1453522 0.1613952 0.1739633 0.1663790 0.0237271 0.1651254 0.1139325 0.1121416 0.0171832 0.0213552 0.0909088 0.1396964 0.0780252 0.1424088 0.1278954 0.1295031 0.1628093 0.0694801 0.1191885 0.1766151 0.1486515 0.1584852 0.0123245 0.1163543 0.1107711 0.0296918 0.1510874 0.0444872 0.1391772 0.0738666 0.1134880 0.1199358 0.1621205 0.1037175 0.0995167 0.2146491 0.1176198 0.1081820 0.1028302 0.1030811 
S0288         0.4806983 0.1732170 0.1256125 0.1724612 0.1343720 0.1707449 0.0000000 0.1852452 0.1486784 0.1722156 0.1886179 0.1893367 0.0174147 0.0961005 0.1745529 0.0216835 0.1632692 0.1702639 0.1621869 0.0225350 0.1677749 0.1646039 0.1612909 0.2033255 0.1781587 0.1677807 0.1187010 0.1692943 0.1588953 0.0108919 0.1685862 0.1757138 0.1931159 0.1144221 0.0403715 0.1678556 0.1817320 0.1661360 0.1887882 0.1705656 0.1658049 0.1671700 0.1544966 0.1187269 0.0187548 0.2772864 0.1834120 0.0158710 0.1843531 0.1676355 0.1602671 0.1221622 0.1687309 0.1210115 0.1234645 0.1884965 0.1207992 0.1595693 0.1074280 0.1542027 0.1532460 0.1480045 0.1816770 0.0673742 0.1706087 0.1743466 0.1706154 0.2038021 0.1316304 0.2847772 0.1878580 0.0926232 0.1158649 0.1811119 0.1753177 0.2824322 0.1229787 0.2759775 0.1521235 0.1658812 0.1630976 0.0976541 0.1805661 0.1649850 0.2638878 0.1623270 0.1734842 0.1599036 0.1571530 0.1457495 0.1691036 0.0216729 0.1504603 0.1718244 0.1035349 0.0142110 0.0098158 0.1689791 0.1090426 0.1545703 0.1501583 0.1685284 0.1623119 0.1604886 0.1749928 0.1582054 0.1682216 0.1678862 0.1652653 0.1934338 0.1587729 0.1260016 0.2082001 0.1351441 0.1646775 0.1683570 0.1627961 0.1578089 0.1731319 0.1788747 0.1702622 0.1636718 0.1498527 0.1563981 0.1660494 0.1739864 0.1443071 0.1480080 0.2156046 0.1123877 0.1505696 0.1613408 0.1506843 
S0289         0.4383364 0.1492785 0.1329100 0.0811808 0.1685746 0.1543133 0.1852452 0.0000000 0.1416295 0.1559673 0.1800618 0.0813576 0.1816929 0.1806224 0.0431328 0.1838774 0.0996345 0.1440960 0.1368174 0.1830107 0.1551314 0.1519095 0.1508006 0.0931360 0.1560851 0.0804491 0.1339327 0.1614487 0.0725088 0.1806220 0.0875788 0.1740637 0.1861581 0.1759528 0.1842106 0.0958778 0.1707069 0.1462159 0.1239539 0.0914507 0.1220290 0.1438057 0.1457469 0.1428006 0.1815976 0.2240675 0.1554810 0.1786417 0.1812383 0.1505688 0.1733858 0.1336513 0.1522299 0.1329373 0.1349001 0.1954585 0.1468990 0.0888739 0.1734488 0.1098156 0.0932468 0.1357928 0.1096156 0.1504040 0.1761161 0.1756168 0.1751373 0.2014841 0.1629272 0.2412709 0.1873130 0.1595361 0.1805586 0.1658796 0.1659845 0.2288581 0.1359694 0.2234410 0.1069984 0.1654779 0.1362687 0.1669310 0.1653482 0.1634501 0.2239785 0.1483005 0.1591979 0.1407516 0.0846262 0.1046862 0.1207444 0.1911347 0.0982398 0.0855847 0.1703688 0.1853530 0.1755403 0.1518103 0.1742921 0.1359598 0.1459616 0.1521895 0.1446162 0.1377348 0.1767899 0.1536896 0.1030928 0.1589735 0.1558397 0.0496317 0.1451381 0.1373736 0.0722904 0.1684445 0.1244522 0.1533816 0.1536440 0.1385450 0.1525059 0.0681403 0.1595305 0.0935645 0.1309443 0.1368672 0.1435198 0.1313130 0.1392439 0.1368057 0.2280189 0.1364742 0.1366808 0.1457380 0.1389464 
S0292         0.4042748 0.1192950 0.0995707 0.1204243 0.1293733 0.1085357 0.1486784 0.1416295 0.0000000 0.1122170 0.1382685 0.1455706 0.1425106 0.1496572 0.1347635 0.1435147 0.1237080 0.0758713 0.0736709 0.1428820 0.1222176 0.1031360 0.1074207 0.1597634 0.1179588 0.1207384 0.0978042 0.1254619 0.1165702 0.1393869 0.1257273 0.0991779 0.1451538 0.1376589 0.1606648 0.1352274 0.1274564 0.1041083 0.1544064 0.1244210 0.1210351 0.1021215 0.0990474 0.1078961 0.1405997 0.2163872 0.1170202 0.1411136 0.1571399 0.1085631 0.0952311 0.0972456 0.1055525 0.0957812 0.0972618 0.1124428 0.1121291 0.1183226 0.1414095 0.1144150 0.1183656 0.0649803 0.1418576 0.1180408 0.1015588 0.1003266 0.0958563 0.1546163 0.1303024 0.2283779 0.1492979 0.1188700 0.1391607 0.1065827 0.0999845 0.2253515 0.0993957 0.2127791 0.1170304 0.0963062 0.0734209 0.1300797 0.1208535 0.0623929 0.2172805 0.1033804 0.1293907 0.0611018 0.1202215 0.1107966 0.1209435 0.1496472 0.1133421 0.1250853 0.1412524 0.1476890 0.1408126 0.1086881 0.1358444 0.0721244 0.0216946 0.1070611 0.1027260 0.1039331 0.0753639 0.0955151 0.1271451 0.0328732 0.0289253 0.1468121 0.1149657 0.1032285 0.1613822 0.1320319 0.1290950 0.1053128 0.0593113 0.0658407 0.1108479 0.1365386 0.1127847 0.1236198 0.0788388 0.0746995 0.0730286 0.1301847 0.0675334 0.0600258 0.2080899 0.0958818 0.0626374 0.1051941 0.0637137 
S0293         0.4162202 0.0983393 0.1251530 0.1422473 0.1540943 0.0196761 0.1722156 0.1559673 0.1122170 0.0000000 0.0827452 0.1594442 0.1691895 0.1840499 0.1535311 0.1703617 0.1521050 0.1192160 0.1186013 0.1657140 0.1193317 0.0173694 0.0258762 0.1794061 0.1044370 0.1460303 0.1210122 0.1239323 0.1314528 0.1624006 0.1438155 0.1480474 0.1446647 0.1630409 0.1751261 0.1550197 0.0542746 0.0224529 0.1728569 0.1484109 0.1542105 0.1043535 0.0170329 0.1286255 0.1683756 0.2166688 0.1070788 0.1639205 0.1762777 0.0330313 0.1421790 0.1209574 0.0191438 0.1205646 0.1222422 0.1644721 0.1352711 0.1415866 0.1634574 0.1428813 0.1396975 0.1056403 0.1635378 0.1398284 0.1478066 0.1463883 0.1421473 0.0959574 0.1466039 0.2325716 0.1879238 0.1546232 0.1686947 0.1376902 0.1350917 0.2196781 0.1235555 0.2130050 0.1200437 0.1314407 0.1158497 0.1652463 0.0921936 0.1353732 0.2130729 0.0194987 0.0860343 0.1102793 0.1424450 0.1348934 0.1594629 0.1795458 0.1378431 0.1431258 0.1658279 0.1720420 0.1648714 0.0273881 0.1650170 0.1140078 0.1152243 0.0220568 0.0253330 0.0912485 0.1421909 0.0793390 0.1423821 0.1302438 0.1307608 0.1623958 0.0725286 0.1230291 0.1759488 0.1517386 0.1585330 0.0174021 0.1183870 0.1137351 0.0350298 0.1519274 0.0474249 0.1420267 0.0788946 0.1154458 0.1207785 0.1611812 0.1079624 0.1023894 0.2061093 0.1194075 0.1110658 0.1065084 0.1041887 
S0294         0.4544368 0.1336135 0.1501647 0.1662323 0.1807314 0.0839375 0.1886179 0.1800618 0.1382685 0.0827452 0.0000000 0.1772978 0.1886688 0.1984407 0.1760402 0.1858449 0.1736009 0.1431350 0.1412177 0.1829401 0.1386384 0.0815268 0.0814582 0.2035938 0.1235186 0.1730123 0.1437309 0.1412497 0.1632377 0.1785503 0.1753087 0.1582020 0.1558748 0.1747445 0.1882947 0.1710671 0.0953795 0.0772382 0.1935950 0.1760496 0.1799891 0.1240045 0.0761362 0.1534392 0.1880487 0.2406405 0.1250963 0.1845323 0.1782012 0.0844952 0.1606861 0.1442640 0.0832986 0.1441171 0.1461949 0.1718049 0.1592792 0.1649049 0.1769528 0.1699900 0.1618047 0.1343415 0.1889022 0.1614012 0.1624699 0.1586722 0.1577447 0.0713869 0.1617121 0.2502551 0.2113650 0.1648477 0.1734150 0.1513128 0.1446714 0.2434349 0.1468679 0.2367823 0.1738686 0.1504960 0.1341010 0.1759763 0.1219628 0.1564924 0.2417051 0.0818508 0.1065281 0.1346172 0.1666122 0.1596912 0.1894644 0.1942609 0.1585451 0.1707275 0.1753120 0.1887123 0.1825763 0.0837399 0.1794462 0.1392164 0.1417504 0.0860793 0.0814918 0.1087147 0.1565825 0.1079573 0.1681471 0.1520440 0.1540433 0.1876390 0.0972962 0.1463281 0.2110742 0.1676161 0.1798538 0.0825538 0.1393501 0.1420690 0.0833467 0.1728007 0.0943612 0.1617506 0.1007830 0.1386730 0.1413674 0.1888190 0.1275696 0.1314041 0.2098870 0.1493766 0.1402939 0.1331169 0.1335888 
S0299         0.4607340 0.1621825 0.1444250 0.0787871 0.1745411 0.1628455 0.1893367 0.0813576 0.1455706 0.1594442 0.1772978 0.0000000 0.1823176 0.1916235 0.0734504 0.1795108 0.0953250 0.1480705 0.1423148 0.1849273 0.1622615 0.1565976 0.1574806 0.1151314 0.1607210 0.0763575 0.1420017 0.1671205 0.0775263 0.1802003 0.0938656 0.1721593 0.1954171 0.1823234 0.1939088 0.0982026 0.1729094 0.1529326 0.1212720 0.1037182 0.1263966 0.1492318 0.1496241 0.1594707 0.1831279 0.2413170 0.1659326 0.1809053 0.1853240 0.1579267 0.1713584 0.1410713 0.1559881 0.1397349 0.1429042 0.1995867 0.1594982 0.1004348 0.1794963 0.1151164 0.0989285 0.1359615 0.1090596 0.1599899 0.1800146 0.1784411 0.1782036 0.2034719 0.1672261 0.2555546 0.1921641 0.1674064 0.1799286 0.1801419 0.1781143 0.2409256 0.1428271 0.2317059 0.0995265 0.1679931 0.1456345 0.1756609 0.1720325 0.1671609 0.2317576 0.1526786 0.1665618 0.1473925 0.0844871 0.1098378 0.1275520 0.1894683 0.1037555 0.0812380 0.1852209 0.1889521 0.1787593 0.1596728 0.1816258 0.1427358 0.1464888 0.1574104 0.1493503 0.1436243 0.1834509 0.1625480 0.1117726 0.1626720 0.1597958 0.0833536 0.1568784 0.1455189 0.0972873 0.1701328 0.1362674 0.1568535 0.1648259 0.1446605 0.1637160 0.0819707 0.1663812 0.1017631 0.1359446 0.1407015 0.1522049 0.1356761 0.1401732 0.1382411 0.2433924 0.1445678 0.1424715 0.1553268 0.1346970 
S0303         0.4863557 0.1683761 0.1250622 0.1677671 0.1312909 0.1705505 0.0174147 0.1816929 0.1425106 0.1691895 0.1886688 0.1823176 0.0000000 0.0921816 0.1757454 0.0153012 0.1617404 0.1640988 0.1577331 0.0178256 0.1655048 0.1628085 0.1608043 0.1945815 0.1751204 0.1646455 0.1160682 0.1634272 0.1573720 0.0153397 0.1632063 0.1674977 0.1869616 0.1129752 0.0316618 0.1665758 0.1780045 0.1623030 0.1856071 0.1658836 0.1635173 0.1586651 0.1566241 0.1156920 0.0132836 0.2699059 0.1800301 0.0105826 0.1752023 0.1647034 0.1538294 0.1186604 0.1667570 0.1173638 0.1212982 0.1797021 0.1176566 0.1552473 0.1038497 0.1527292 0.1510494 0.1429852 0.1808897 0.0669614 0.1634943 0.1693559 0.1627038 0.2052241 0.1307170 0.2740471 0.1843487 0.0890451 0.1159608 0.1726625 0.1670099 0.2739676 0.1207497 0.2700946 0.1431408 0.1612908 0.1535170 0.0945521 0.1765072 0.1591730 0.2571252 0.1611582 0.1726620 0.1498843 0.1533917 0.1429098 0.1626540 0.0261806 0.1452150 0.1690389 0.1022130 0.0185392 0.0127574 0.1645101 0.1054880 0.1527533 0.1455779 0.1671917 0.1607949 0.1559761 0.1676102 0.1505910 0.1633551 0.1617027 0.1601143 0.1896699 0.1562486 0.1237117 0.2055204 0.1336283 0.1576173 0.1664898 0.1570076 0.1510844 0.1711709 0.1756411 0.1713093 0.1584014 0.1417998 0.1524062 0.1621966 0.1674938 0.1388733 0.1401725 0.2061276 0.1118447 0.1447829 0.1596712 0.1457079 
S0308         0.4334254 0.1831899 0.1309416 0.1701910 0.1325153 0.1793761 0.0961005 0.1806224 0.1496572 0.1840499 0.1984407 0.1916235 0.0921816 0.0000000 0.1826222 0.0976821 0.1690315 0.1627759 0.1594415 0.0941793 0.1796854 0.1762095 0.1692161 0.1941931 0.1815110 0.1628478 0.1221745 0.1784398 0.1467452 0.0958752 0.1697905 0.1719647 0.1873569 0.1108573 0.1267569 0.1620890 0.1918708 0.1722613 0.1820263 0.1646564 0.1618837 0.1652598 0.1631885 0.1195979 0.0934074 0.2734501 0.1816171 0.0943608 0.1780210 0.1784897 0.1582217 0.1236187 0.1798487 0.1232288 0.1257331 0.1813658 0.1224180 0.1597791 0.1080060 0.1520785 0.1572662 0.1452891 0.1750294 0.0778628 0.1649255 0.1710385 0.1695894 0.2066839 0.1271713 0.2795764 0.1912809 0.0895429 0.1027770 0.1841771 0.1823423 0.2764788 0.1261949 0.2713030 0.1384954 0.1692673 0.1600254 0.0971764 0.1852650 0.1630906 0.2641130 0.1712782 0.1787901 0.1578722 0.1532929 0.1408545 0.1729986 0.1029999 0.1485973 0.1638870 0.1006708 0.0995762 0.0919481 0.1761693 0.1063178 0.1560239 0.1455039 0.1785355 0.1730444 0.1608480 0.1730088 0.1660409 0.1739278 0.1684523 0.1624152 0.1917274 0.1636049 0.1292854 0.2041994 0.1274852 0.1624219 0.1767454 0.1604734 0.1534589 0.1772430 0.1839701 0.1817052 0.1641531 0.1369734 0.1586059 0.1612287 0.1693446 0.1491351 0.1434227 0.2210508 0.1176732 0.1493471 0.1697488 0.1509184 
S0320         0.4184977 0.1516520 0.1238911 0.0696937 0.1588851 0.1496773 0.1745529 0.0431328 0.1347635 0.1535311 0.1760402 0.0734504 0.1757454 0.1826222 0.0000000 0.1772036 0.0888994 0.1391665 0.1298874 0.1741427 0.1396181 0.1486072 0.1483243 0.0820646 0.1454957 0.0707595 0.1252605 0.1480584 0.0627477 0.1682791 0.0756794 0.1652533 0.1781723 0.1652315 0.1680871 0.0843268 0.1664093 0.1455653 0.1139631 0.0876866 0.1202204 0.1358734 0.1409619 0.1384336 0.1759749 0.2189657 0.1531881 0.1710555 0.1769483 0.1513530 0.1591682 0.1250305 0.1499949 0.1241489 0.1267597 0.1867891 0.1422340 0.0837409 0.1654245 0.1028252 0.0833044 0.1311305 0.0966968 0.1505052 0.1653634 0.1645060 0.1657556 0.1915581 0.1558201 0.2372710 0.1720627 0.1603021 0.1766462 0.1589368 0.1564157 0.2221132 0.1268381 0.2167512 0.0964970 0.1583582 0.1291879 0.1651362 0.1617680 0.1559328 0.2153955 0.1481783 0.1482046 0.1366274 0.0791642 0.0993610 0.1172769 0.1763472 0.0928266 0.0784272 0.1662934 0.1742765 0.1674278 0.1496595 0.1688943 0.1295651 0.1396522 0.1536513 0.1410550 0.1308634 0.1743805 0.1500657 0.0966612 0.1522885 0.1483714 0.0416392 0.1382579 0.1271435 0.0603723 0.1589851 0.1252390 0.1497682 0.1514176 0.1326220 0.1515054 0.0607844 0.1497598 0.0922528 0.1186179 0.1268683 0.1370044 0.1329542 0.1345786 0.1291419 0.2248371 0.1208571 0.1315125 0.1252061 0.1338744 
S0322         0.4951586 0.1697589 0.1258621 0.1717482 0.1313747 0.1697525 0.0216835 0.1838774 0.1435147 0.1703617 0.1858449 0.1795108 0.0153012 0.0976821 0.1772036 0.0000000 0.1665009 0.1649221 0.1576271 0.0191270 0.1666328 0.1625217 0.1602128 0.1977743 0.1739564 0.1694813 0.1155006 0.1622189 0.1620539 0.0195890 0.1706514 0.1723988 0.1838865 0.1150991 0.0378448 0.1725800 0.1753763 0.1623658 0.1875899 0.1692809 0.1657830 0.1604764 0.1628647 0.1172561 0.0149023 0.2773384 0.1769272 0.0125651 0.1823296 0.1628097 0.1552606 0.1205514 0.1682673 0.1187055 0.1222717 0.1807697 0.1202317 0.1595998 0.1076390 0.1551139 0.1545577 0.1436137 0.1827006 0.0702393 0.1663275 0.1717368 0.1696064 0.1951572 0.1281562 0.2848850 0.1851539 0.0940738 0.1181562 0.1772746 0.1704495 0.2819517 0.1219091 0.2752908 0.1498029 0.1642121 0.1596410 0.0994980 0.1781011 0.1560718 0.2616511 0.1620651 0.1750605 0.1513466 0.1563656 0.1447508 0.1674637 0.0243616 0.1519110 0.1718751 0.1078530 0.0224063 0.0178066 0.1663126 0.1037073 0.1554009 0.1422947 0.1678440 0.1593547 0.1528722 0.1689652 0.1540121 0.1745146 0.1608027 0.1582998 0.1961021 0.1586666 0.1240528 0.2107062 0.1325416 0.1608935 0.1680701 0.1610714 0.1556277 0.1708180 0.1821951 0.1726425 0.1596170 0.1477995 0.1534019 0.1632411 0.1660241 0.1427232 0.1441372 0.2142345 0.1135668 0.1493085 0.1606339 0.1501465 
S0327         0.4403456 0.1573354 0.1142746 0.0748833 0.1401013 0.1489974 0.1632692 0.0996345 0.1237080 0.1521050 0.1736009 0.0953250 0.1617404 0.1690315 0.0888994 0.1665009 0.0000000 0.1430774 0.1340617 0.1653697 0.1584628 0.1453615 0.1452922 0.1257623 0.1534308 0.0729305 0.1139772 0.1605604 0.0655772 0.1615619 0.0959482 0.1559772 0.1777502 0.1622246 0.1826419 0.0732138 0.1667034 0.1417989 0.0869531 0.0877730 0.1100140 0.1444455 0.1414210 0.1266797 0.1647098 0.2304337 0.1595904 0.1622408 0.1676102 0.1531159 0.1461135 0.1134477 0.1481714 0.1133467 0.1151649 0.1651604 0.1273987 0.0830466 0.1552247 0.1045068 0.0867925 0.1226895 0.0691243 0.1380617 0.1595997 0.1560845 0.1558956 0.1891196 0.1396464 0.2514480 0.1560073 0.1508356 0.1682698 0.1629571 0.1593682 0.2335647 0.1161732 0.2259191 0.1060687 0.1474963 0.1351556 0.1519249 0.1583507 0.1401811 0.2268951 0.1455384 0.1645501 0.1367288 0.0627467 0.0984469 0.1143188 0.1696051 0.0891998 0.0790465 0.1616646 0.1679496 0.1614397 0.1484412 0.1601120 0.1301616 0.1284125 0.1495427 0.1414247 0.1407061 0.1574827 0.1433380 0.1100073 0.1449202 0.1411039 0.1014765 0.1522462 0.1202564 0.1198265 0.1436344 0.1081480 0.1469472 0.1443441 0.1390005 0.1518785 0.0957267 0.1553377 0.0924885 0.1299645 0.1329148 0.1395254 0.1273090 0.1306710 0.1275140 0.2048648 0.1164742 0.1346831 0.1444455 0.1305693 
S0335         0.4120588 0.1255153 0.1115009 0.1270779 0.1413679 0.1199505 0.1702639 0.1440960 0.0758713 0.1192160 0.1431350 0.1480705 0.1640988 0.1627759 0.1391665 0.1649221 0.1430774 0.0000000 0.0534332 0.1612715 0.1374420 0.1149113 0.1183914 0.1601155 0.1278033 0.1304385 0.1077680 0.1341456 0.1234297 0.1584854 0.1288614 0.1229154 0.1482841 0.1510368 0.1739363 0.1387413 0.1355634 0.1135046 0.1602376 0.1365619 0.1400761 0.1136056 0.1102388 0.1199806 0.1636781 0.2216636 0.1276041 0.1589079 0.1608822 0.1150478 0.1193450 0.1081247 0.1153542 0.1059197 0.1077232 0.1347288 0.1278479 0.1261207 0.1467120 0.1276873 0.1282333 0.0778561 0.1495608 0.1322322 0.1266484 0.1231367 0.1179925 0.1539834 0.1381745 0.2344362 0.1702172 0.1348722 0.1585761 0.1167033 0.1119904 0.2332153 0.1091632 0.2204217 0.1115636 0.1168442 0.0598906 0.1494843 0.1357719 0.1049568 0.2236930 0.1142109 0.1324711 0.0917638 0.1307503 0.1201931 0.1394541 0.1691600 0.1267023 0.1264649 0.1516735 0.1694792 0.1618134 0.1191440 0.1477347 0.0539822 0.0799944 0.1181396 0.1123746 0.1048676 0.1149653 0.1126032 0.1356805 0.0956452 0.0941532 0.1535463 0.1221090 0.1122733 0.1693385 0.1402307 0.1430666 0.1158178 0.0969751 0.0552957 0.1193070 0.1438149 0.1232709 0.1341576 0.0947231 0.0533007 0.0372120 0.1468386 0.0839009 0.0748117 0.2049043 0.1089798 0.0546897 0.1212439 0.0797648 
S0345         0.4102384 0.1263446 0.1055340 0.1243749 0.1343494 0.1189608 0.1621869 0.1368174 0.0736709 0.1186013 0.1412177 0.1423148 0.1577331 0.1594415 0.1298874 0.1576271 0.1340617 0.0534332 0.0000000 0.1522078 0.1279600 0.1164885 0.1146944 0.1528942 0.1270329 0.1179571 0.1033324 0.1272465 0.1106187 0.1505386 0.1236271 0.1201157 0.1472546 0.1526850 0.1589366 0.1324875 0.1367744 0.1121805 0.1602800 0.1268924 0.1314056 0.1139935 0.1071977 0.1158018 0.1544990 0.2231223 0.1272571 0.1557354 0.1603514 0.1199761 0.1103371 0.1039340 0.1142943 0.1015519 0.1021011 0.1378426 0.1204286 0.1166966 0.1462847 0.1217639 0.1185484 0.0749999 0.1523646 0.1225549 0.1206318 0.1198722 0.1140700 0.1539324 0.1322827 0.2374515 0.1589106 0.1342040 0.1586825 0.1149361 0.1078265 0.2318144 0.1055657 0.2200119 0.1131938 0.1105946 0.0587198 0.1427644 0.1342111 0.1029521 0.2212516 0.1135280 0.1293226 0.0829920 0.1208485 0.1126201 0.1282297 0.1647057 0.1163975 0.1226803 0.1425592 0.1596335 0.1524185 0.1179755 0.1505234 0.0303364 0.0740901 0.1163994 0.1096164 0.1071762 0.1139653 0.1108412 0.1298099 0.0917663 0.0906193 0.1384969 0.1244885 0.1063884 0.1543348 0.1371200 0.1333364 0.1152904 0.0956260 0.0546939 0.1209787 0.1388550 0.1248460 0.1279450 0.0923010 0.0279661 0.0529180 0.1392711 0.0801451 0.0757712 0.2155639 0.0960241 0.0549164 0.1175849 0.0739067 
S0355         0.4715057 0.1684089 0.1231641 0.1702167 0.1325630 0.1645127 0.0225350 0.1830107 0.1428820 0.1657140 0.1829401 0.1849273 0.0178256 0.0941793 0.1741427 0.0191270 0.1653697 0.1612715 0.1522078 0.0000000 0.1610537 0.1575543 0.1563440 0.1966704 0.1737339 0.1671156 0.1169431 0.1649475 0.1593906 0.0182176 0.1677475 0.1716700 0.1878837 0.1156412 0.0377998 0.1675861 0.1702288 0.1560650 0.1904803 0.1673088 0.1672669 0.1596027 0.1563648 0.1127462 0.0160698 0.2630251 0.1764833 0.0164204 0.1820694 0.1587889 0.1546200 0.1191309 0.1622099 0.1179867 0.1210159 0.1800376 0.1152778 0.1573699 0.1076802 0.1558775 0.1563346 0.1409075 0.1832257 0.0644278 0.1643228 0.1691523 0.1628936 0.1989222 0.1299793 0.2756676 0.1821958 0.0910519 0.1194182 0.1690930 0.1653600 0.2695474 0.1204571 0.2622778 0.1396759 0.1589797 0.1537478 0.0984345 0.1728651 0.1618629 0.2512469 0.1553259 0.1654895 0.1520213 0.1561555 0.1444490 0.1671770 0.0273598 0.1477952 0.1739870 0.0991684 0.0203656 0.0166085 0.1600830 0.1073393 0.1505168 0.1441548 0.1614134 0.1568877 0.1538211 0.1654524 0.1509456 0.1672317 0.1587461 0.1539794 0.1929960 0.1502251 0.1234750 0.2032959 0.1329398 0.1634211 0.1620069 0.1560775 0.1492928 0.1640749 0.1772692 0.1665523 0.1604322 0.1371869 0.1510631 0.1612571 0.1689822 0.1398292 0.1394429 0.2150161 0.1092936 0.1429137 0.1565810 0.1442711 
S0376         0.3990490 0.1227172 0.1204380 0.1435059 0.1560662 0.1183624 0.1677749 0.1551314 0.1222176 0.1193317 0.1386384 0.1622615 0.1655048 0.1796854 0.1396181 0.1666328 0.1584628 0.1374420 0.1279600 0.1610537 0.0000000 0.1170306 0.1185081 0.1919145 0.1164041 0.1424019 0.1262665 0.0701682 0.1429176 0.1576475 0.1413111 0.1484536 0.1506198 0.1647999 0.1752029 0.1567686 0.1383061 0.1178489 0.1787913 0.1471605 0.1644035 0.1063940 0.1094019 0.1406871 0.1625337 0.2191746 0.1213979 0.1609489 0.1796483 0.1218150 0.1392307 0.1252044 0.1178634 0.1262690 0.1272443 0.1567509 0.1459345 0.1439253 0.1638842 0.1551366 0.1382396 0.1160897 0.1726388 0.1515732 0.1513781 0.1505790 0.1454760 0.1448887 0.1551032 0.2391464 0.1845160 0.1539288 0.1618209 0.1481200 0.1439483 0.2269248 0.1287740 0.2167145 0.1356978 0.1371513 0.1250654 0.1635506 0.1297687 0.1502756 0.2174574 0.1157441 0.1275759 0.1168941 0.1428087 0.1458818 0.1656297 0.1687329 0.1372866 0.1449764 0.1653168 0.1666797 0.1589352 0.1225267 0.1662978 0.1204314 0.1289989 0.1222125 0.1132748 0.1065888 0.1622548 0.1154066 0.1541037 0.1443780 0.1422357 0.1591201 0.1107939 0.1303787 0.1817653 0.1605717 0.1683218 0.1192544 0.1342932 0.1280093 0.1174905 0.1488238 0.1248043 0.1428362 0.0872385 0.1224401 0.1351097 0.1733772 0.1249177 0.1186052 0.1938713 0.1293714 0.1235546 0.0556782 0.1203670 
S0400         0.4241728 0.0892957 0.1141071 0.1409888 0.1497131 0.0122966 0.1646039 0.1519095 0.1031360 0.0173694 0.0815268 0.1565976 0.1628085 0.1762095 0.1486072 0.1625217 0.1453615 0.1149113 0.1164885 0.1575543 0.1170306 0.0000000 0.0196062 0.1758044 0.1011853 0.1471278 0.1107472 0.1184370 0.1300885 0.1553865 0.1432434 0.1432940 0.1436112 0.1547604 0.1698483 0.1511163 0.0501714 0.0143614 0.1697543 0.1438437 0.1539606 0.0980223 0.0095702 0.1217455 0.1630311 0.2167047 0.1015977 0.1584050 0.1739499 0.0249782 0.1398017 0.1101466 0.0121982 0.1110270 0.1118531 0.1606726 0.1291099 0.1354037 0.1604698 0.1390234 0.1342455 0.0995487 0.1617745 0.1340456 0.1445381 0.1426315 0.1367737 0.0974480 0.1371639 0.2358426 0.1800981 0.1486826 0.1639629 0.1331726 0.1298394 0.2196007 0.1138536 0.2126372 0.1235864 0.1288071 0.1105197 0.1590986 0.0898018 0.1316610 0.2138694 0.0125316 0.0810630 0.1027289 0.1411793 0.1317741 0.1601680 0.1706041 0.1338557 0.1423634 0.1577648 0.1661376 0.1586829 0.0206345 0.1623805 0.1112619 0.1069852 0.0153007 0.0189942 0.0856588 0.1362969 0.0750606 0.1372449 0.1219572 0.1231500 0.1609815 0.0649177 0.1149018 0.1737697 0.1420374 0.1597210 0.0098582 0.1113828 0.1080386 0.0283265 0.1497226 0.0413517 0.1370413 0.0720657 0.1127539 0.1162268 0.1614106 0.1012803 0.0951952 0.2112450 0.1147835 0.1055068 0.1025146 0.0983766 
S0405         0.4116925 0.0872933 0.1149976 0.1428098 0.1525566 0.0226786 0.1612909 0.1508006 0.1074207 0.0258762 0.0814582 0.1574806 0.1608043 0.1692161 0.1483243 0.1602128 0.1452922 0.1183914 0.1146944 0.1563440 0.1185081 0.0196062 0.0000000 0.1743595 0.0977638 0.1484989 0.1115036 0.1196675 0.1292404 0.1541850 0.1377149 0.1430538 0.1374272 0.1557422 0.1700075 0.1522596 0.0508509 0.0121202 0.1698116 0.1445021 0.1522255 0.0961699 0.0185623 0.1220268 0.1610282 0.2138215 0.1019949 0.1564487 0.1755165 0.0255632 0.1419457 0.1109044 0.0210063 0.1101344 0.1121029 0.1623365 0.1289852 0.1372602 0.1573404 0.1340605 0.1335884 0.1012449 0.1616058 0.1303343 0.1460505 0.1409475 0.1380707 0.0942080 0.1409474 0.2298141 0.1761763 0.1456450 0.1580113 0.1352862 0.1320723 0.2136749 0.1129326 0.2103266 0.1284719 0.1340267 0.1100672 0.1546770 0.0911209 0.1383874 0.2102919 0.0202692 0.0805074 0.1043467 0.1419849 0.1273491 0.1546610 0.1652649 0.1325910 0.1443796 0.1579150 0.1636218 0.1548333 0.0185112 0.1578752 0.1122287 0.1104822 0.0224705 0.0168625 0.0856538 0.1382352 0.0749259 0.1401918 0.1261120 0.1262720 0.1622801 0.0664689 0.1150871 0.1767162 0.1458653 0.1575497 0.0189431 0.1159866 0.1078308 0.0300787 0.1508196 0.0424256 0.1363155 0.0768478 0.1127912 0.1181475 0.1580465 0.1025279 0.0973680 0.2107564 0.1151979 0.1053057 0.1045680 0.0995812 
S0407sl       0.4893076 0.1849589 0.1581894 0.1142805 0.1831697 0.1782322 0.2033255 0.0931360 0.1597634 0.1794061 0.2035938 0.1151314 0.1945815 0.1941931 0.0820646 0.1977743 0.1257623 0.1601155 0.1528942 0.1966704 0.1919145 0.1758044 0.1743595 0.0000000 0.1801907 0.1031848 0.1531655 0.1916216 0.1071545 0.1974500 0.1261698 0.1886144 0.2088838 0.1949581 0.2245497 0.1204470 0.1853590 0.1715067 0.1492200 0.1265294 0.1442843 0.1707813 0.1770659 0.1676721 0.2002596 0.2673760 0.1850748 0.1927355 0.2106628 0.1799071 0.1880917 0.1561848 0.1784182 0.1538119 0.1552748 0.2126325 0.1734386 0.1179704 0.1764016 0.1239759 0.1194607 0.1543660 0.1370735 0.1720686 0.1933397 0.1974634 0.1895850 0.2202637 0.1756730 0.2773380 0.2075279 0.1729746 0.1913328 0.1907350 0.1884326 0.2649281 0.1542465 0.2645974 0.1288399 0.1827722 0.1565042 0.1816720 0.1962232 0.1766506 0.2679272 0.1786495 0.1790927 0.1703674 0.1098596 0.1208699 0.1409264 0.1980554 0.1294276 0.1126343 0.1907510 0.1994593 0.1888438 0.1762398 0.1810964 0.1632194 0.1514907 0.1792353 0.1680809 0.1600018 0.1881664 0.1728102 0.1510594 0.1685418 0.1662211 0.0949484 0.1732913 0.1570951 0.0812347 0.1812225 0.1483397 0.1772005 0.1744970 0.1555361 0.1765584 0.1079501 0.1796599 0.1257968 0.1477344 0.1599928 0.1624134 0.1527513 0.1636655 0.1529547 0.2592810 0.1574082 0.1538125 0.1678584 0.1556737 
S0412sl       0.4191604 0.1087871 0.1400147 0.1525924 0.1617405 0.1030151 0.1781587 0.1560851 0.1179588 0.1044370 0.1235186 0.1607210 0.1751204 0.1815110 0.1454957 0.1739564 0.1534308 0.1278033 0.1270329 0.1737339 0.1164041 0.1011853 0.0977638 0.1801907 0.0000000 0.1525561 0.1341717 0.1268641 0.1478135 0.1717116 0.1532801 0.1515768 0.1212790 0.1641488 0.1848943 0.1579511 0.1141145 0.0949853 0.1819652 0.1567460 0.1620865 0.0963741 0.0942304 0.1450949 0.1719038 0.2334828 0.0796698 0.1732124 0.1835476 0.1026524 0.1468420 0.1350281 0.1029396 0.1336620 0.1349233 0.1654446 0.1512743 0.1498390 0.1691914 0.1488013 0.1439081 0.1195725 0.1754653 0.1499749 0.1528785 0.1562963 0.1447719 0.1431216 0.1593821 0.2471827 0.1968239 0.1558748 0.1706403 0.1455922 0.1411831 0.2369413 0.1380780 0.2310104 0.1485841 0.1386115 0.1260328 0.1644183 0.1213186 0.1449918 0.2296931 0.0999992 0.1102393 0.1196782 0.1464655 0.1414961 0.1668578 0.1772705 0.1459467 0.1544424 0.1611897 0.1784452 0.1698665 0.1007415 0.1687867 0.1180110 0.1189730 0.1044689 0.0936711 0.1001826 0.1515757 0.1053084 0.1540927 0.1425878 0.1401952 0.1643146 0.0971949 0.1398521 0.1751312 0.1623024 0.1617463 0.1003823 0.1293264 0.1198234 0.1052145 0.1538089 0.1033367 0.1464385 0.0829866 0.1181380 0.1291202 0.1720756 0.1176684 0.1197633 0.2239177 0.1386526 0.1167595 0.1156624 0.1170044 
S0417         0.4317964 0.1513801 0.1182406 0.0639506 0.1434510 0.1489453 0.1677807 0.0804491 0.1207384 0.1460303 0.1730123 0.0763575 0.1646455 0.1628478 0.0707595 0.1694813 0.0729305 0.1304385 0.1179571 0.1671156 0.1424019 0.1471278 0.1484989 0.1031848 0.1525561 0.0000000 0.1141645 0.1557125 0.0519731 0.1636568 0.0794093 0.1507253 0.1696473 0.1691537 0.1887726 0.0765972 0.1590313 0.1428372 0.0957696 0.0837794 0.1041811 0.1362186 0.1413202 0.1261273 0.1653760 0.2242910 0.1510528 0.1617865 0.1648950 0.1509135 0.1443701 0.1151243 0.1467593 0.1150878 0.1174038 0.1603175 0.1272690 0.0779524 0.1564938 0.0922095 0.0799478 0.1158231 0.0812214 0.1390352 0.1534345 0.1554351 0.1521833 0.1830605 0.1441286 0.2445406 0.1638673 0.1487185 0.1628539 0.1551586 0.1504639 0.2293167 0.1179140 0.2179079 0.0896231 0.1444930 0.1284932 0.1521977 0.1584858 0.1393874 0.2163284 0.1446691 0.1567437 0.1266466 0.0503751 0.0877533 0.1009133 0.1751812 0.0845776 0.0651002 0.1666673 0.1679524 0.1584909 0.1510465 0.1574279 0.1177023 0.1211253 0.1484827 0.1402560 0.1314655 0.1526636 0.1408725 0.1030809 0.1350003 0.1309558 0.0843810 0.1441862 0.1215420 0.0985101 0.1471969 0.1102508 0.1465249 0.1412058 0.1230521 0.1522202 0.0811678 0.1540504 0.0855151 0.1114148 0.1196524 0.1291831 0.1146819 0.1220379 0.1198790 0.2175315 0.1143162 0.1210871 0.1398047 0.1182916 
S0419         0.4031942 0.1274923 0.0162163 0.1123828 0.0746854 0.1154053 0.1187010 0.1339327 0.0978042 0.1210122 0.1437309 0.1420017 0.1160682 0.1221745 0.1252605 0.1155006 0.1139772 0.1077680 0.1033324 0.1169431 0.1262665 0.1107472 0.1115036 0.1531655 0.1341717 0.1141645 0.0000000 0.1300592 0.1101704 0.1143884 0.1194105 0.1227388 0.1553275 0.1192494 0.1385549 0.1230730 0.1341304 0.1086847 0.1439483 0.1202799 0.1196786 0.1111802 0.1098202 0.0475422 0.1156503 0.2139632 0.1297667 0.1118573 0.1332631 0.1156113 0.1164825 0.0048556 0.1146465 0.0051822 0.0065089 0.1390796 0.0483088 0.1080983 0.1134377 0.1107877 0.1109341 0.0920647 0.1374623 0.0915589 0.1254343 0.1236227 0.1162881 0.1574630 0.0700847 0.2254788 0.1255444 0.1000680 0.1299569 0.1293813 0.1258870 0.2170583 0.0068411 0.2125488 0.1128844 0.1285538 0.1081077 0.1040902 0.1391058 0.1207160 0.2091279 0.1085798 0.1358315 0.1015390 0.1141430 0.1064262 0.1204510 0.1249682 0.1074954 0.1169543 0.1220517 0.1207076 0.1131797 0.1168358 0.1162647 0.1011650 0.0977221 0.1143227 0.1118246 0.1072845 0.1292087 0.1153204 0.1218829 0.1149868 0.1116949 0.1364118 0.1226140 0.0101500 0.1485760 0.0729211 0.1202615 0.1119187 0.1158679 0.1003957 0.1177336 0.1316348 0.1227960 0.1136720 0.0990418 0.1034148 0.1011665 0.1259553 0.0963412 0.0921062 0.1970234 0.0478438 0.0991018 0.1187646 0.0938722 
S0427         0.4256024 0.1237383 0.1339067 0.1498753 0.1518037 0.1205963 0.1692943 0.1614487 0.1254619 0.1239323 0.1412497 0.1671205 0.1634272 0.1784398 0.1480584 0.1622189 0.1605604 0.1341456 0.1272465 0.1649475 0.0701682 0.1184370 0.1196675 0.1916216 0.1268641 0.1557125 0.1300592 0.0000000 0.1460069 0.1597030 0.1455035 0.1556686 0.1569970 0.1613522 0.1727409 0.1606117 0.1344633 0.1126739 0.1900094 0.1515461 0.1682662 0.1119943 0.1132343 0.1413721 0.1626274 0.2223107 0.1315061 0.1592739 0.1827191 0.1230610 0.1527663 0.1329619 0.1192775 0.1334280 0.1329856 0.1735183 0.1447539 0.1466372 0.1682936 0.1556160 0.1456177 0.1157066 0.1748857 0.1515905 0.1568452 0.1590155 0.1556688 0.1504896 0.1550437 0.2330818 0.1866209 0.1522171 0.1675241 0.1596168 0.1540780 0.2282777 0.1370299 0.2185638 0.1520561 0.1432837 0.1230977 0.1640235 0.1268368 0.1510664 0.2213759 0.1205507 0.1376226 0.1181023 0.1537521 0.1515244 0.1730785 0.1736001 0.1456008 0.1554605 0.1612276 0.1663498 0.1590230 0.1200364 0.1717507 0.1261128 0.1298427 0.1211531 0.1137828 0.1088648 0.1649252 0.1128283 0.1562556 0.1456106 0.1446992 0.1656734 0.1194013 0.1375880 0.1831339 0.1624136 0.1697212 0.1205483 0.1390850 0.1257479 0.1188531 0.1509335 0.1198087 0.1489520 0.0960697 0.1209601 0.1303991 0.1804621 0.1286320 0.1144408 0.2093121 0.1340181 0.1204199 0.0588123 0.1192068 
S0428sl       0.4286450 0.1480277 0.1114860 0.0578631 0.1281151 0.1314362 0.1588953 0.0725088 0.1165702 0.1314528 0.1632377 0.0775263 0.1573720 0.1467452 0.0627477 0.1620539 0.0655772 0.1234297 0.1106187 0.1593906 0.1429176 0.1300885 0.1292404 0.1071545 0.1478135 0.0519731 0.1101704 0.1460069 0.0000000 0.1529043 0.0787394 0.1373241 0.1538676 0.1472731 0.1771931 0.0643042 0.1456403 0.1236704 0.0834981 0.0738999 0.0992578 0.1237992 0.1224545 0.1209206 0.1553436 0.2079526 0.1446790 0.1534402 0.1583665 0.1374154 0.1393292 0.1108410 0.1308611 0.1100531 0.1108606 0.1515157 0.1226891 0.0739862 0.1474547 0.0888593 0.0703712 0.1094262 0.0644462 0.1235553 0.1421255 0.1413494 0.1436102 0.1725792 0.1335703 0.2220707 0.1555192 0.1407694 0.1492784 0.1461677 0.1437132 0.2133307 0.1118990 0.2042621 0.0717022 0.1337112 0.1229776 0.1449863 0.1402587 0.1336086 0.2075940 0.1282811 0.1462280 0.1164849 0.0494398 0.0848781 0.0985552 0.1664740 0.0754888 0.0622214 0.1497002 0.1591600 0.1513080 0.1315361 0.1515028 0.1197496 0.1204369 0.1321946 0.1202362 0.1238986 0.1387788 0.1261663 0.0930290 0.1277445 0.1272557 0.0775911 0.1311007 0.1147914 0.0786733 0.1366125 0.0994156 0.1304034 0.1332855 0.1199401 0.1377158 0.0819859 0.1372548 0.0752873 0.1160289 0.1172962 0.1207330 0.1100016 0.1144010 0.1108985 0.2083773 0.1103450 0.1210599 0.1319278 0.1141908 
