136
PAFTOL_019361 0.0000000 0.2524003 0.2405087 0.3042636 0.3109488 0.2605825 0.3052685 0.2719538 0.2768509 0.2749185 0.3008692 0.2895287 0.2964475 0.2954889 0.3108969 0.2801399 0.3727540 0.2756939 0.3203918 0.2938232 0.2924374 0.2537957 0.2576038 0.2906965 0.2754472 0.2826589 0.2543446 0.3081072 0.2785751 0.2908887 0.2658920 0.2842703 0.3013068 0.2764515 0.3113171 0.2710788 0.2758998 0.2589391 0.2838476 0.2571305 0.2971111 0.2859657 0.2591928 0.2781300 0.2870298 0.3085522 0.2653684 0.2806525 0.2781127 0.2562120 0.2746140 0.2563392 0.2546565 0.2541217 0.2413881 0.3003160 0.2780563 0.2775746 0.3405621 0.2644763 0.2834989 0.2393896 0.2829146 0.2887737 0.2769508 0.2713730 0.2839444 0.2898491 0.2976033 0.3001292 0.3172450 0.2743927 0.2799011 0.2859650 0.2990140 0.3050749 0.3052090 0.2587967 0.2840336 0.3278391 0.2968148 0.2873857 0.3083347 0.2876590 0.2717602 0.2821816 0.2621139 0.2912857 0.2511575 0.2593407 0.2642424 0.2836838 0.3021404 0.2728821 0.3058707 0.2751820 0.3006131 0.2901658 0.2570632 0.3097276 0.2985908 0.2814247 0.2589192 0.2566633 0.2564600 0.2672247 0.2824453 0.2491939 0.2696456 0.2654260 0.2902069 0.2856713 0.2607994 0.2777091 0.3018283 0.2877002 0.2523621 0.2965505 0.2851196 0.2658511 0.2482162 0.3111549 0.2607498 0.3009846 0.2620837 0.2851318 0.2993816 0.2830646 0.2508195 0.2611926 0.2567561 0.2841691 0.2398368 0.2664776 0.2968455 0.2488042 
S0055         0.2524003 0.0000000 0.0856732 0.1101552 0.1369654 0.0615235 0.1401435 0.1016885 0.0964489 0.0788840 0.1266067 0.1120911 0.1284055 0.1350224 0.1182323 0.1220313 0.1113050 0.1040999 0.1333050 0.1317211 0.0970366 0.0603332 0.0604045 0.1101499 0.0814640 0.0956359 0.0849789 0.1064332 0.0998846 0.1295200 0.0924436 0.0906033 0.0886667 0.1098774 0.1270403 0.1072003 0.0746470 0.0585098 0.1142928 0.0838947 0.1144980 0.0854179 0.0599593 0.1149511 0.1281061 0.1557812 0.0748833 0.1220154 0.0893672 0.0617999 0.0896970 0.0884817 0.0646338 0.0876503 0.0872415 0.1077364 0.1131967 0.0966149 0.1522963 0.0981951 0.1060203 0.0808031 0.0992198 0.1271160 0.0972441 0.0932512 0.1021853 0.0988301 0.1158119 0.1254473 0.1606312 0.1092505 0.1343953 0.1307576 0.0959788 0.1014953 0.1563417 0.0906345 0.1592653 0.1135393 0.1092851 0.1060237 0.1515684 0.0804058 0.0953345 0.1646842 0.0582705 0.0927017 0.0878803 0.0910915 0.1029060 0.1104580 0.1257986 0.0973054 0.1132677 0.1203577 0.1294547 0.1282826 0.0580291 0.1365937 0.1128313 0.0988329 0.0634879 0.0594659 0.0383556 0.1100786 0.0775635 0.0963781 0.0985868 0.0944199 0.1061726 0.0876171 0.0943837 0.1070436 0.1267852 0.1059712 0.0584853 0.1267771 0.1000132 0.0950605 0.0662511 0.1163886 0.0616340 0.1192000 0.0694036 0.0813367 0.1249514 0.1134545 0.1034345 0.0901250 0.0848545 0.1079849 0.0712322 0.0938734 0.1090580 0.0815576 
S0196sl       0.2405087 0.0856732 0.0000000 0.1150141 0.0787364 0.0840997 0.1440729 0.1003480 0.0847622 0.0822476 0.1230875 0.1156723 0.1267902 0.1220218 0.1266820 0.1229423 0.0992858 0.1029927 0.1331258 0.1334371 0.0897281 0.0763752 0.0815148 0.1121938 0.1065866 0.1046824 0.0096533 0.0969363 0.0997799 0.1318808 0.0960815 0.0885441 0.1137829 0.1211055 0.1366622 0.1044798 0.0867728 0.0773595 0.1114504 0.0807512 0.1097395 0.1055481 0.0759948 0.0451125 0.1300221 0.1555185 0.0947489 0.1227354 0.0824339 0.0755508 0.0916098 0.0118276 0.0842952 0.0118376 0.0134521 0.1037001 0.0489301 0.0991500 0.1555043 0.0964869 0.1004214 0.0716606 0.1194201 0.1218369 0.0928134 0.0986936 0.1024280 0.0926836 0.1134146 0.0693270 0.1666413 0.1023003 0.1273816 0.1224336 0.0956739 0.0949217 0.1614917 0.0108547 0.1634020 0.0984088 0.1045991 0.0957091 0.1367465 0.1030079 0.0861860 0.1669188 0.0764420 0.1014613 0.0832795 0.0971464 0.0943106 0.1067390 0.1297748 0.0956278 0.1173808 0.1216053 0.1383363 0.1309618 0.0735191 0.1315820 0.1114947 0.0973889 0.0813779 0.0738015 0.0867900 0.1071816 0.0989234 0.0931556 0.0836480 0.0892491 0.1085501 0.0968575 0.0184339 0.1081133 0.0693814 0.1123760 0.0715482 0.0759464 0.0876667 0.0901355 0.0809907 0.1209707 0.0798471 0.1218036 0.0776159 0.0910704 0.1194959 0.1073903 0.0988528 0.0966350 0.0859351 0.1097366 0.0688581 0.0902534 0.1071295 0.0818752 
S0278         0.3042636 0.1101552 0.1150141 0.0000000 0.1721158 0.1121543 0.1721607 0.0408889 0.1157317 0.1254617 0.1604534 0.0577777 0.1668239 0.1476066 0.0614505 0.1440190 0.0772366 0.1214395 0.1798186 0.1588028 0.1249229 0.1086471 0.1087136 0.0515717 0.1225237 0.0462936 0.1140352 0.1332879 0.0642203 0.1522247 0.0588004 0.1097803 0.1389911 0.1308536 0.1701050 0.0462628 0.1257890 0.1087287 0.0534922 0.0696589 0.0908026 0.1210450 0.1086587 0.1373662 0.1562366 0.1734689 0.1170420 0.1477153 0.1052335 0.1057661 0.1049264 0.1152126 0.1086153 0.1132361 0.1150511 0.1262517 0.1377944 0.0810664 0.1810048 0.0821974 0.0870717 0.0988627 0.0635679 0.1438908 0.1168742 0.1133424 0.1184033 0.1161194 0.1595273 0.1622484 0.1740535 0.1242513 0.1651368 0.1541879 0.1119079 0.1141994 0.1695919 0.1142099 0.1740387 0.0996317 0.1282166 0.1352192 0.1792594 0.1403762 0.1139108 0.1741021 0.1063401 0.1457242 0.1035498 0.0557631 0.0811809 0.0858614 0.1541259 0.0842850 0.0367118 0.1523319 0.1593412 0.1553678 0.1070027 0.1633442 0.1417782 0.1208373 0.1133752 0.1077692 0.1109614 0.1302272 0.1337587 0.0793512 0.1218390 0.1150997 0.0514498 0.1383417 0.1227847 0.0497213 0.1619383 0.0839779 0.0985353 0.1699275 0.1103997 0.1104654 0.1131979 0.0588245 0.1170152 0.0999512 0.1128100 0.1124367 0.1439819 0.1288255 0.0817335 0.1113379 0.1066332 0.1240141 0.0923076 0.1087282 0.1369462 0.0971729 
S0281         0.3109488 0.1369654 0.0787364 0.1721158 0.0000000 0.1414365 0.1848162 0.1568670 0.1337448 0.1544948 0.1789183 0.1655906 0.1743702 0.1631344 0.1843921 0.1683032 0.2243803 0.1664676 0.2077753 0.1732672 0.1422402 0.1347939 0.1401300 0.1680162 0.1621868 0.1438091 0.0791295 0.1535000 0.1553328 0.1711777 0.1480433 0.1442896 0.1705706 0.1457327 0.1952557 0.1572170 0.1469971 0.1328392 0.1654501 0.1304816 0.1652038 0.1722828 0.1381113 0.0844791 0.1735767 0.2172891 0.1563356 0.1650916 0.1529339 0.1380148 0.1449211 0.0825469 0.1429941 0.0827492 0.0819715 0.1566354 0.0859275 0.1393130 0.1929883 0.1563698 0.1537856 0.1326795 0.1798900 0.1645832 0.1463588 0.1491927 0.1546653 0.1497940 0.1690817 0.0950029 0.2201836 0.1578846 0.1754182 0.1705141 0.1519686 0.1586558 0.2193633 0.0847055 0.2290431 0.1821585 0.1608770 0.1581274 0.1909327 0.1520715 0.1427646 0.2325558 0.1364435 0.1548235 0.1346139 0.1519638 0.1501596 0.1586868 0.1722944 0.1438763 0.1572020 0.1679076 0.1774721 0.1746140 0.1296629 0.1759653 0.1697945 0.1492254 0.1424113 0.1379981 0.1359286 0.1647389 0.1440350 0.1472822 0.1388573 0.1381252 0.1667900 0.1550725 0.0917175 0.1463046 0.0938900 0.1698901 0.1341931 0.1002946 0.1417700 0.1596566 0.1411505 0.1699479 0.1359592 0.1685239 0.1382035 0.1551962 0.1861457 0.1717841 0.1569036 0.1487226 0.1439805 0.1536692 0.1224150 0.1605145 0.1642897 0.1417492 
S0282         0.2605825 0.0615235 0.0840997 0.1121543 0.1414365 0.0000000 0.1464040 0.0979020 0.0904029 0.0347326 0.1012283 0.1093871 0.1277775 0.1345280 0.1133426 0.1294329 0.0882112 0.1012683 0.1162946 0.1341667 0.0847845 0.0184740 0.0329101 0.1094981 0.0844153 0.0917467 0.0858266 0.0959691 0.0928045 0.1344011 0.0864833 0.0831379 0.0989743 0.1134625 0.1267137 0.0973712 0.0470713 0.0298442 0.1082229 0.0851017 0.1010561 0.0875058 0.0244785 0.1168798 0.1342586 0.1540668 0.0728970 0.1280784 0.0815154 0.0321965 0.0857791 0.0893266 0.0213561 0.0873949 0.0917558 0.1024150 0.1138418 0.0989558 0.1608302 0.0877422 0.1070459 0.0778262 0.0938434 0.1364120 0.0908495 0.0846599 0.0921803 0.0877861 0.1086104 0.1299153 0.1575392 0.0948582 0.1429856 0.1387968 0.0906913 0.0972250 0.1508633 0.0879914 0.1525270 0.0916012 0.1050156 0.0983877 0.1500794 0.0691170 0.0915492 0.1579075 0.0289985 0.0787751 0.0856391 0.0861462 0.0901112 0.0972597 0.1326744 0.0986850 0.1141180 0.1245642 0.1355441 0.1319775 0.0288867 0.1412939 0.1152720 0.0962944 0.0338629 0.0319979 0.0600824 0.1051996 0.0694313 0.0859520 0.0903006 0.0897054 0.1070103 0.0719529 0.0963449 0.0998368 0.1300017 0.0950560 0.0176329 0.1299934 0.0905354 0.0912259 0.0362627 0.1136867 0.0603119 0.1189982 0.0617295 0.0733725 0.1241375 0.1093480 0.0942379 0.0859887 0.0853455 0.1087828 0.0699749 0.0933849 0.1018862 0.0833630 
S0288         0.3052685 0.1401435 0.1440729 0.1721607 0.1848162 0.1464040 0.0000000 0.1558920 0.1535272 0.1689260 0.1961319 0.1727631 0.0230690 0.0804305 0.1871387 0.0322273 0.1887900 0.1471610 0.2072403 0.0376735 0.1544663 0.1522498 0.1509901 0.1631597 0.1628247 0.1488722 0.1446045 0.1665441 0.1636018 0.0161083 0.1595385 0.1299327 0.1773817 0.0910716 0.0277990 0.1573181 0.1610634 0.1372181 0.1727003 0.1465865 0.1734906 0.1675261 0.1511913 0.1598307 0.0291767 0.2062527 0.1643027 0.0258781 0.1452560 0.1459392 0.1362951 0.1471427 0.1522621 0.1462942 0.1449707 0.1616604 0.1632653 0.1587261 0.1154294 0.1617963 0.1705841 0.1274041 0.1870184 0.0843977 0.1427192 0.1307528 0.1352950 0.1376886 0.1892700 0.1649899 0.2169824 0.1679168 0.0986287 0.1018259 0.1465377 0.1532950 0.2042944 0.1431221 0.2074625 0.1825036 0.1484665 0.1616881 0.1074489 0.1607217 0.1537646 0.2078401 0.1471518 0.1673141 0.1359297 0.1497283 0.1666536 0.1689965 0.0201331 0.1611385 0.1650559 0.0943049 0.0210654 0.0161496 0.1477432 0.0990073 0.1605692 0.1552364 0.1549289 0.1463819 0.1493481 0.1723071 0.1604891 0.1625322 0.1525367 0.1444539 0.1593350 0.1618628 0.1579834 0.1584085 0.1665027 0.1747039 0.1449646 0.1651509 0.1506938 0.1486900 0.1504638 0.1678480 0.1542711 0.1874741 0.1480614 0.1549215 0.1760997 0.1585451 0.1647980 0.1339812 0.1367915 0.1717260 0.1129223 0.1536359 0.1674836 0.1341131 
S0289         0.2719538 0.1016885 0.1003480 0.0408889 0.1568670 0.0979020 0.1558920 0.0000000 0.1033931 0.1115751 0.1464599 0.0522203 0.1501989 0.1350018 0.0433400 0.1323549 0.0531276 0.1078301 0.1483141 0.1472120 0.1205370 0.0966952 0.1003651 0.0429614 0.1114736 0.0384962 0.0995237 0.1255759 0.0618522 0.1419532 0.0500070 0.1036619 0.1237463 0.1250447 0.1462669 0.0387223 0.1160642 0.0909899 0.0315439 0.0602994 0.0804897 0.1147137 0.0967671 0.1242273 0.1429195 0.1563707 0.1062970 0.1349997 0.0997244 0.0928007 0.1011691 0.1006774 0.0954671 0.0986966 0.1022150 0.1225845 0.1272412 0.0705449 0.1765052 0.0642827 0.0777507 0.0927795 0.0477163 0.1418157 0.1105372 0.1075215 0.1109113 0.1099435 0.1418415 0.1521982 0.1619621 0.1117970 0.1500926 0.1469688 0.1117080 0.1153572 0.1577636 0.0991974 0.1655587 0.0790364 0.1116875 0.1204291 0.1651544 0.1305037 0.1039289 0.1685120 0.0957309 0.1340039 0.0949432 0.0382048 0.0688932 0.0709866 0.1392142 0.0714260 0.0447723 0.1395242 0.1461078 0.1395846 0.0952761 0.1551416 0.1259313 0.1049700 0.1038347 0.0959771 0.1025554 0.1169936 0.1251240 0.0713632 0.1055776 0.1015771 0.0366359 0.1281456 0.1068554 0.0404821 0.1519097 0.0769807 0.0900107 0.1624217 0.0969351 0.1040824 0.1026852 0.0457891 0.1060395 0.0974587 0.1078272 0.1006136 0.1272216 0.1174430 0.0737263 0.1076488 0.0946813 0.1164165 0.0874622 0.1016940 0.1317775 0.0911275 
S0292         0.2768509 0.0964489 0.0847622 0.1157317 0.1337448 0.0904029 0.1535272 0.1033931 0.0000000 0.1065460 0.1425973 0.1140988 0.1522337 0.1375784 0.1215137 0.1307873 0.1330416 0.0935203 0.1392139 0.1359239 0.1005982 0.0861868 0.0906861 0.1158938 0.1136589 0.0976625 0.0886775 0.1141934 0.1020246 0.1399678 0.0917934 0.0790806 0.1235655 0.1094934 0.1543970 0.1045572 0.1083335 0.0879253 0.1113315 0.0916908 0.1142835 0.1058650 0.0892072 0.1151961 0.1354530 0.1656211 0.1046206 0.1319979 0.0815790 0.0854960 0.0794366 0.0897897 0.0907971 0.0867310 0.0898535 0.0933899 0.1156255 0.1032308 0.1641656 0.0967336 0.1058902 0.0641501 0.1199134 0.1306528 0.0821358 0.0827232 0.0859424 0.0826644 0.1323378 0.1338101 0.1678668 0.1052475 0.1401645 0.1348290 0.0936861 0.0980136 0.1661951 0.0884678 0.1718755 0.1298178 0.0956789 0.0906102 0.1635962 0.1125385 0.0470475 0.1762581 0.0850854 0.1248351 0.0706559 0.0941265 0.1005315 0.1042098 0.1372436 0.1068280 0.1150303 0.1378869 0.1467843 0.1401389 0.0846944 0.1435167 0.1070896 0.0359378 0.0928951 0.0886076 0.0954474 0.0546197 0.1041777 0.1007326 0.0241646 0.0290279 0.1113676 0.1176854 0.0934485 0.1008514 0.1376285 0.1114870 0.0842030 0.1392072 0.0471172 0.0836126 0.0916463 0.1158380 0.0952268 0.1205569 0.0992447 0.0978361 0.1073996 0.0925369 0.1019610 0.0752773 0.0705237 0.1034474 0.0627096 0.0839316 0.1144696 0.0695374 
S0293         0.2749185 0.0788840 0.0822476 0.1254617 0.1544948 0.0347326 0.1689260 0.1115751 0.1065460 0.0000000 0.1186093 0.1273684 0.1465113 0.1512559 0.1302267 0.1533696 0.1098268 0.1248500 0.1341572 0.1542173 0.0981545 0.0303007 0.0446403 0.1239285 0.0966074 0.1118204 0.0922655 0.1077303 0.0990557 0.1572747 0.0984622 0.0954933 0.1026115 0.1278735 0.1508964 0.1136733 0.0585227 0.0378585 0.1221540 0.0965016 0.1179654 0.1036129 0.0381868 0.1263969 0.1604916 0.1727232 0.0820067 0.1500849 0.0925849 0.0427407 0.0974927 0.0962551 0.0314126 0.0940828 0.0966637 0.1194114 0.1241999 0.1105845 0.1733525 0.1023573 0.1180337 0.0922618 0.1092905 0.1501976 0.0996383 0.1028957 0.1050469 0.1009615 0.1329261 0.1381629 0.1735354 0.1180423 0.1490547 0.1462597 0.1153972 0.1178417 0.1718596 0.0936686 0.1673057 0.1017998 0.1170143 0.1133001 0.1592303 0.0816550 0.0989028 0.1720617 0.0401993 0.0954541 0.0986426 0.1051038 0.1012047 0.1135204 0.1535462 0.1151957 0.1313851 0.1459449 0.1574970 0.1546991 0.0400746 0.1522713 0.1361507 0.1133607 0.0435383 0.0403429 0.0802004 0.1210463 0.0822164 0.1002975 0.1051216 0.1070875 0.1234942 0.0839887 0.1029841 0.1106133 0.1382666 0.1123146 0.0305277 0.1368911 0.1030807 0.1020040 0.0473577 0.1283711 0.0678938 0.1359358 0.0743486 0.0895040 0.1436117 0.1262765 0.1096706 0.0977384 0.1060295 0.1226605 0.0827969 0.1089911 0.1113325 0.1023703 
S0294         0.3008692 0.1266067 0.1230875 0.1604534 0.1789183 0.1012283 0.1961319 0.1464599 0.1425973 0.1186093 0.0000000 0.1586004 0.1903018 0.1805235 0.1722189 0.1785953 0.1738714 0.1559708 0.2005147 0.1876231 0.1408769 0.1024428 0.1083725 0.1587615 0.1349785 0.1476834 0.1296120 0.1520542 0.1434111 0.1817799 0.1372146 0.1262066 0.1488532 0.1622109 0.1887076 0.1451979 0.1253621 0.1039135 0.1480124 0.1207718 0.1433896 0.1423327 0.1067835 0.1585732 0.1788099 0.2031388 0.1195952 0.1713918 0.1263047 0.1088767 0.1289374 0.1293025 0.1061857 0.1276631 0.1274282 0.1377214 0.1533754 0.1427443 0.2057069 0.1358549 0.1489809 0.1260798 0.1641525 0.1768268 0.1301807 0.1326955 0.1427934 0.1366512 0.0777011 0.1693069 0.2097586 0.1472375 0.1918457 0.1786306 0.1259078 0.1296740 0.2108840 0.1268887 0.2082331 0.1498154 0.1464162 0.1466903 0.2114975 0.1325180 0.1314582 0.2142818 0.1070814 0.1364473 0.1374333 0.1397211 0.1338405 0.1421946 0.1810390 0.1374607 0.1647570 0.1714913 0.1922043 0.1823074 0.1054556 0.1804886 0.1696971 0.1522558 0.1129644 0.1120605 0.1267833 0.1671011 0.1293883 0.1388132 0.1464506 0.1474008 0.1586236 0.1340954 0.1362065 0.1491200 0.1708148 0.1487368 0.1053289 0.1735415 0.1414388 0.1417952 0.1130744 0.1633144 0.1157663 0.1640254 0.1218076 0.1245597 0.1787707 0.1664890 0.1366682 0.1253000 0.1316097 0.1592086 0.1170397 0.1436582 0.1490599 0.1343671 
S0299         0.2895287 0.1120911 0.1156723 0.0577777 0.1655906 0.1093871 0.1727631 0.0522203 0.1140988 0.1273684 0.1586004 0.0000000 0.1645052 0.1470422 0.0642798 0.1514873 0.0719120 0.1281631 0.1798358 0.1620070 0.1242772 0.1059111 0.1094257 0.0610738 0.1317886 0.0514195 0.1077406 0.1300166 0.0671209 0.1569129 0.0574907 0.1152447 0.1385185 0.1457240 0.1674324 0.0473473 0.1290288 0.1069121 0.0586461 0.0681533 0.0924795 0.1266882 0.1047359 0.1370766 0.1608486 0.1679429 0.1121211 0.1497925 0.1035690 0.1016273 0.1079549 0.1089006 0.1070589 0.1080516 0.1109706 0.1334443 0.1414864 0.0769976 0.1877827 0.0829651 0.0788307 0.0996494 0.0618921 0.1466644 0.1176366 0.1155173 0.1223932 0.1216167 0.1664915 0.1598594 0.1641440 0.1271029 0.1651448 0.1591645 0.1174731 0.1161634 0.1654665 0.1089238 0.1715793 0.0926232 0.1273014 0.1279221 0.1818700 0.1398508 0.1206262 0.1772277 0.1047671 0.1384943 0.1066055 0.0566418 0.0854464 0.0922966 0.1620768 0.0758125 0.0521018 0.1534632 0.1627466 0.1614103 0.1042707 0.1632416 0.1404031 0.1192496 0.1129146 0.1037810 0.1119595 0.1382888 0.1342930 0.0779457 0.1213629 0.1181758 0.0535122 0.1337610 0.1186721 0.0584117 0.1582509 0.0914657 0.0993275 0.1630946 0.1170812 0.1160928 0.1092004 0.0585877 0.1205070 0.0981312 0.1159081 0.1129536 0.1473115 0.1332621 0.0803423 0.1131885 0.1016074 0.1234860 0.0930568 0.1195606 0.1353155 0.1001641 
S0303         0.2964475 0.1284055 0.1267902 0.1668239 0.1743702 0.1277775 0.0230690 0.1501989 0.1522337 0.1465113 0.1903018 0.1645052 0.0000000 0.0687711 0.1655250 0.0289551 0.1935036 0.1377563 0.1852337 0.0330506 0.1499559 0.1311214 0.1408602 0.1517083 0.1572909 0.1371801 0.1381038 0.1584116 0.1559660 0.0123486 0.1497837 0.1302138 0.1720369 0.0740264 0.0220899 0.1512415 0.1446273 0.1321169 0.1558151 0.1442006 0.1723167 0.1610816 0.1363139 0.1526238 0.0218232 0.2018925 0.1555606 0.0226779 0.1398098 0.1342945 0.1382957 0.1393055 0.1344536 0.1415305 0.1347970 0.1660421 0.1519707 0.1569975 0.1184458 0.1632622 0.1713188 0.1216801 0.1663841 0.0746487 0.1406266 0.1322813 0.1367344 0.1350055 0.1896234 0.1601131 0.2123100 0.1556157 0.0911845 0.0907451 0.1402944 0.1499462 0.1964761 0.1391977 0.2002777 0.1868899 0.1506459 0.1485423 0.0960819 0.1515716 0.1452597 0.2007086 0.1405710 0.1620165 0.1265564 0.1340153 0.1650122 0.1677801 0.0132084 0.1672685 0.1608018 0.0801742 0.0169619 0.0123578 0.1398557 0.1017823 0.1580525 0.1524430 0.1419858 0.1397145 0.1392554 0.1662522 0.1606940 0.1533698 0.1460159 0.1384740 0.1518742 0.1532967 0.1522048 0.1480087 0.1567750 0.1689956 0.1213079 0.1483762 0.1479644 0.1519843 0.1377077 0.1621152 0.1460812 0.1861113 0.1429658 0.1514867 0.1659408 0.1480063 0.1582666 0.1310706 0.1317622 0.1457388 0.1054950 0.1483723 0.1591935 0.1284811 
S0308         0.2954889 0.1350224 0.1220218 0.1476066 0.1631344 0.1345280 0.0804305 0.1350018 0.1375784 0.1512559 0.1805235 0.1470422 0.0687711 0.0000000 0.1673328 0.0686320 0.1651014 0.1404499 0.1832338 0.0747607 0.1418255 0.1344328 0.1357772 0.1433709 0.1533521 0.1327722 0.1258033 0.1516804 0.1450381 0.0688840 0.1380156 0.1178849 0.1618424 0.0845699 0.0613184 0.1401200 0.1477097 0.1209587 0.1507593 0.1268675 0.1592635 0.1602405 0.1358984 0.1519166 0.0683365 0.1955416 0.1502635 0.0654503 0.1204321 0.1295689 0.1276293 0.1266349 0.1384849 0.1273655 0.1253922 0.1481074 0.1485768 0.1384323 0.1072978 0.1461260 0.1487289 0.1115669 0.1605542 0.0861296 0.1310528 0.1285923 0.1305284 0.1262728 0.1672922 0.1600773 0.1985788 0.1542839 0.1017995 0.0838118 0.1322921 0.1388617 0.1976404 0.1244628 0.2006969 0.1868154 0.1406897 0.1395295 0.1044436 0.1517140 0.1347601 0.2011097 0.1304217 0.1509643 0.1186845 0.1405686 0.1479476 0.1525699 0.0721184 0.1391047 0.1380604 0.0857629 0.0768966 0.0713546 0.1313652 0.0867579 0.1547189 0.1380829 0.1378332 0.1323971 0.1396067 0.1564291 0.1494500 0.1413486 0.1367608 0.1330707 0.1432882 0.1463970 0.1384826 0.1371126 0.1588524 0.1589943 0.1262088 0.1624080 0.1365629 0.1407026 0.1366483 0.1513185 0.1374139 0.1685652 0.1315991 0.1443543 0.1640952 0.1451759 0.1436683 0.1246410 0.1195841 0.1523291 0.1061637 0.1407106 0.1536051 0.1197646 
S0320         0.3108969 0.1182323 0.1266820 0.0614505 0.1843921 0.1133426 0.1871387 0.0433400 0.1215137 0.1302267 0.1722189 0.0642798 0.1655250 0.1673328 0.0000000 0.1510875 0.0799743 0.1297468 0.1666146 0.1718235 0.1397814 0.1075775 0.1178528 0.0616096 0.1324498 0.0491567 0.1221752 0.1468553 0.0807997 0.1690042 0.0654151 0.1257405 0.1364084 0.1539952 0.1668961 0.0625047 0.1337703 0.1165594 0.0561171 0.0727607 0.0998679 0.1309042 0.1060438 0.1452291 0.1595044 0.1761864 0.1178193 0.1572761 0.1104579 0.1070262 0.1216525 0.1219678 0.1105925 0.1210674 0.1187585 0.1487595 0.1477986 0.0860401 0.2143231 0.0876948 0.0917947 0.1094381 0.0505835 0.1775091 0.1301386 0.1308334 0.1363570 0.1308306 0.1807633 0.1729617 0.1795862 0.1260330 0.1813686 0.1736492 0.1388580 0.1406198 0.1737766 0.1206972 0.1827619 0.1020741 0.1395433 0.1332182 0.1851819 0.1467003 0.1178836 0.1847835 0.1148948 0.1522109 0.1123872 0.0500183 0.0904144 0.0931129 0.1691745 0.0887322 0.0653726 0.1733343 0.1677367 0.1647586 0.1128865 0.1954235 0.1454807 0.1284220 0.1176173 0.1125695 0.1209726 0.1437945 0.1388267 0.0800347 0.1265209 0.1206904 0.0477031 0.1426138 0.1311095 0.0616649 0.1731171 0.0934071 0.0984444 0.1749806 0.1265996 0.1241003 0.1142308 0.0648182 0.1230370 0.1038034 0.1253108 0.1207540 0.1471652 0.1343846 0.0907937 0.1257192 0.1106924 0.1260887 0.1034107 0.1158514 0.1543015 0.1033696 
S0322         0.2801399 0.1220313 0.1229423 0.1440190 0.1683032 0.1294329 0.0322273 0.1323549 0.1307873 0.1533696 0.1785953 0.1514873 0.0289551 0.0686320 0.1510875 0.0000000 0.1716940 0.1327694 0.1727333 0.0314521 0.1368831 0.1301233 0.1349467 0.1357141 0.1502943 0.1203103 0.1291788 0.1496932 0.1413847 0.0237558 0.1361984 0.1143906 0.1544463 0.0683536 0.0158045 0.1370273 0.1416671 0.1217180 0.1495373 0.1302490 0.1536241 0.1419447 0.1339803 0.1435659 0.0150786 0.1876517 0.1444754 0.0130310 0.1246296 0.1289055 0.1209089 0.1316264 0.1349728 0.1307682 0.1277565 0.1478275 0.1453289 0.1379000 0.1170038 0.1390754 0.1472433 0.1099114 0.1513519 0.0706136 0.1268267 0.1156390 0.1196161 0.1233190 0.1708815 0.1454147 0.1978477 0.1406346 0.1007354 0.0918363 0.1291809 0.1342328 0.1837599 0.1276592 0.1854508 0.1820666 0.1312682 0.1410707 0.1028498 0.1498623 0.1337749 0.1845303 0.1289094 0.1507926 0.1170431 0.1280376 0.1448064 0.1468384 0.0241151 0.1464978 0.1384822 0.0830773 0.0307539 0.0228508 0.1307086 0.0986251 0.1427922 0.1376543 0.1363505 0.1329795 0.1290637 0.1497911 0.1463087 0.1397542 0.1326263 0.1261417 0.1374155 0.1471082 0.1420222 0.1244346 0.1468464 0.1559603 0.1215681 0.1515698 0.1307421 0.1330316 0.1359955 0.1469442 0.1327941 0.1684053 0.1298011 0.1369265 0.1625102 0.1371653 0.1446792 0.1161804 0.1167730 0.1462272 0.0963052 0.1364660 0.1440087 0.1131557 
S0327         0.3727540 0.1113050 0.0992858 0.0772366 0.2243803 0.0882112 0.1887900 0.0531276 0.1330416 0.1098268 0.1738714 0.0719120 0.1935036 0.1651014 0.0799743 0.1716940 0.0000000 0.1250161 0.1810433 0.1926688 0.1571526 0.0963906 0.1176283 0.0632139 0.1273957 0.0621333 0.1034930 0.1733981 0.0554800 0.1716112 0.0424883 0.1097277 0.1253814 0.1281321 0.1710711 0.0711549 0.1313317 0.1016948 0.0528027 0.0474116 0.0801367 0.1150388 0.0970551 0.1608850 0.1732763 0.1846152 0.1131216 0.1648217 0.1096079 0.0886312 0.1087686 0.1002920 0.0965534 0.0979397 0.1007276 0.1430762 0.1595646 0.0573036 0.2529208 0.0639339 0.0828365 0.0936392 0.0519279 0.2143860 0.1096995 0.1190011 0.1154798 0.1127784 0.1913161 0.2021569 0.1856283 0.0980500 0.1813170 0.2039753 0.1197402 0.1282573 0.1914897 0.1096994 0.2063229 0.1148708 0.1261879 0.1458756 0.2002973 0.1395822 0.1215478 0.2149116 0.0970714 0.1573663 0.1148010 0.0282076 0.0748145 0.0828767 0.1884328 0.0778992 0.0694153 0.1577639 0.1802166 0.1847139 0.1016582 0.2048738 0.1603103 0.1422326 0.0970088 0.1037581 0.1271642 0.1577056 0.1262030 0.0637298 0.1255971 0.1307499 0.0660804 0.1557456 0.1155005 0.0499872 0.1981558 0.0976875 0.0886390 0.1995409 0.1319469 0.1289647 0.0974537 0.0736393 0.1139370 0.0999021 0.1107901 0.0965258 0.1700060 0.1483838 0.0654453 0.0997619 0.0963484 0.1052978 0.0821984 0.1221296 0.1789121 0.0855937 
S0335         0.2756939 0.1040999 0.1029927 0.1214395 0.1664676 0.1012683 0.1471610 0.1078301 0.0935203 0.1248500 0.1559708 0.1281631 0.1377563 0.1404499 0.1297468 0.1327694 0.1250161 0.0000000 0.0876348 0.1337247 0.1226169 0.0992071 0.0981738 0.1240527 0.1250078 0.1055662 0.1066883 0.1316752 0.1133059 0.1337023 0.1064493 0.0897354 0.1374006 0.1231154 0.1571329 0.1123792 0.1150777 0.0976496 0.1208130 0.0974316 0.1274987 0.1164778 0.1015051 0.1363019 0.1388964 0.1784422 0.1118622 0.1312986 0.0996156 0.1022477 0.0886972 0.1078474 0.1025771 0.1058788 0.1059956 0.1153562 0.1342186 0.1127072 0.1639555 0.1103638 0.1149568 0.0844491 0.1257163 0.1368309 0.0951286 0.0890419 0.0978554 0.0945629 0.1413579 0.1456524 0.1877366 0.1164783 0.1402012 0.1430891 0.1009608 0.1044119 0.1806453 0.1017126 0.1796747 0.1204548 0.0996990 0.0837696 0.1689525 0.1274083 0.0974766 0.1838329 0.0991846 0.1319930 0.0815881 0.1033273 0.1151919 0.1121026 0.1343550 0.1124354 0.1260186 0.1307509 0.1389020 0.1350823 0.0964603 0.1501169 0.0724592 0.0961803 0.1072582 0.0971007 0.1017476 0.1073384 0.1105229 0.1106109 0.0921624 0.0928102 0.1158227 0.1324822 0.1152745 0.1187521 0.1457576 0.1198653 0.0984107 0.1483186 0.0975765 0.0593126 0.1073335 0.1289953 0.1108909 0.1285907 0.1104362 0.1014599 0.0789006 0.0398949 0.1157625 0.0928578 0.0875271 0.1122045 0.0747763 0.0566291 0.1390758 0.0808852 
S0345         0.3203918 0.1333050 0.1331258 0.1798186 0.2077753 0.1162946 0.2072403 0.1483141 0.1392139 0.1341572 0.2005147 0.1798358 0.1852337 0.1832338 0.1666146 0.1727333 0.1810433 0.0876348 0.0000000 0.1819522 0.1423741 0.1144005 0.1337170 0.1686475 0.1583367 0.1586015 0.1289123 0.1567769 0.1572339 0.1881556 0.1350600 0.1322704 0.1729932 0.1503081 0.1789063 0.1570239 0.1364491 0.1317550 0.1657331 0.1387253 0.1740946 0.1498133 0.1072924 0.1522430 0.1805939 0.2161806 0.1368845 0.1761274 0.1234533 0.1324730 0.1403334 0.1285531 0.1187908 0.1310954 0.1124593 0.1552009 0.1513908 0.1716016 0.2327201 0.1588648 0.1690963 0.1228542 0.1441634 0.1927716 0.1399565 0.1361918 0.1518625 0.1395696 0.1977527 0.1779160 0.2364397 0.1598225 0.1723475 0.1927647 0.1452875 0.1446927 0.2180870 0.1247887 0.2270447 0.2432969 0.1475835 0.1088744 0.1931639 0.1419469 0.1285237 0.2277577 0.1221757 0.1609920 0.1180863 0.1394560 0.1670909 0.1609112 0.1838448 0.1711472 0.1807772 0.1699126 0.1861519 0.1813516 0.1280282 0.1989602 0.0572403 0.1401485 0.1266906 0.1240951 0.1472838 0.1508269 0.1524012 0.1440840 0.1318145 0.1236625 0.1578790 0.1640548 0.1405696 0.1639456 0.1786600 0.1726741 0.1104705 0.1761272 0.1314937 0.0860351 0.1299143 0.1850826 0.1450239 0.1852454 0.1381682 0.1312519 0.0593524 0.0982089 0.1676281 0.1380835 0.1326196 0.1525648 0.1045890 0.0820206 0.1777379 0.1252746 
S0355         0.2938232 0.1317211 0.1334371 0.1588028 0.1732672 0.1341667 0.0376735 0.1472120 0.1359239 0.1542173 0.1876231 0.1620070 0.0330506 0.0747607 0.1718235 0.0314521 0.1926688 0.1337247 0.1819522 0.0000000 0.1391653 0.1372673 0.1397576 0.1490910 0.1584740 0.1351755 0.1363730 0.1542578 0.1545340 0.0291071 0.1467231 0.1195456 0.1668064 0.0780629 0.0332997 0.1486943 0.1528820 0.1271277 0.1632249 0.1389786 0.1649545 0.1606781 0.1401469 0.1525384 0.0332891 0.1985329 0.1533619 0.0309818 0.1372741 0.1360547 0.1256857 0.1388077 0.1412892 0.1379735 0.1364528 0.1524016 0.1558138 0.1480269 0.1193004 0.1538869 0.1530795 0.1219186 0.1733169 0.0773419 0.1316273 0.1192090 0.1234615 0.1270465 0.1778705 0.1586397 0.2078571 0.1568841 0.1046385 0.0921003 0.1353604 0.1416838 0.1979866 0.1349013 0.1969578 0.1736244 0.1359380 0.1510515 0.1093477 0.1581808 0.1412344 0.1946756 0.1348197 0.1592424 0.1206585 0.1387632 0.1569915 0.1591121 0.0297981 0.1537486 0.1533718 0.0905032 0.0351047 0.0291982 0.1378186 0.1000771 0.1476421 0.1412016 0.1397127 0.1389334 0.1404198 0.1586413 0.1508934 0.1493389 0.1398400 0.1322673 0.1504918 0.1542805 0.1491732 0.1397559 0.1600927 0.1645919 0.1291238 0.1614634 0.1319127 0.1390392 0.1431537 0.1560542 0.1415326 0.1675358 0.1382110 0.1421519 0.1652024 0.1458273 0.1567607 0.1213074 0.1286051 0.1594432 0.1035442 0.1423889 0.1489284 0.1214630 
S0376         0.2924374 0.0970366 0.0897281 0.1249229 0.1422402 0.0847845 0.1544663 0.1205370 0.1005982 0.0981545 0.1408769 0.1242772 0.1499559 0.1418255 0.1397814 0.1368831 0.1571526 0.1226169 0.1423741 0.1391653 0.0000000 0.0877212 0.0875446 0.1297114 0.1114936 0.1107503 0.0956070 0.0402457 0.1182287 0.1395753 0.1136287 0.0884080 0.1301291 0.1171033 0.1611821 0.1140328 0.0994265 0.0849204 0.1324324 0.1026627 0.1208905 0.1117645 0.0836453 0.1218098 0.1463332 0.1660994 0.1068590 0.1365526 0.1013065 0.0830346 0.0952920 0.0995263 0.0892441 0.1010723 0.1011867 0.1072089 0.1196932 0.1126149 0.1582690 0.1105233 0.1188313 0.0878794 0.1286009 0.1384515 0.0962588 0.0940896 0.0985899 0.0934020 0.1335321 0.1214554 0.1698604 0.1186358 0.1334243 0.1454233 0.1013937 0.1063498 0.1658147 0.0954001 0.1665621 0.1315815 0.1171483 0.1118818 0.1569813 0.1128739 0.1018154 0.1698674 0.0815990 0.1138637 0.0913316 0.1114698 0.1081899 0.1191285 0.1427228 0.1144607 0.1298537 0.1307217 0.1444504 0.1429443 0.0849098 0.1420543 0.1270154 0.1089749 0.0877630 0.0891720 0.0919437 0.1242508 0.0997986 0.1009801 0.1042557 0.1012796 0.1256712 0.1095244 0.1071654 0.1188133 0.1229227 0.1182906 0.0844257 0.1273663 0.0978177 0.1014463 0.0897907 0.1232742 0.0888050 0.1291724 0.0919107 0.0967815 0.1437940 0.1269070 0.1116682 0.0967697 0.0951392 0.1175784 0.0824409 0.1097529 0.0402632 0.0951772 
S0400         0.2537957 0.0603332 0.0763752 0.1086471 0.1347939 0.0184740 0.1522498 0.0966952 0.0861868 0.0303007 0.1024428 0.1059111 0.1311214 0.1344328 0.1075775 0.1301233 0.0963906 0.0992071 0.1144005 0.1372673 0.0877212 0.0000000 0.0299230 0.1074516 0.0865844 0.0904559 0.0814438 0.1009906 0.0883490 0.1387262 0.0831203 0.0857142 0.0975410 0.1076908 0.1285353 0.0964459 0.0470489 0.0254242 0.1047527 0.0838053 0.0975912 0.0852756 0.0224839 0.1121809 0.1398545 0.1544992 0.0705525 0.1299150 0.0816829 0.0291921 0.0859363 0.0849062 0.0175257 0.0829768 0.0860125 0.1026081 0.1115686 0.0964750 0.1580034 0.0866097 0.1035850 0.0737041 0.0919993 0.1375944 0.0910200 0.0894656 0.0948422 0.0904110 0.1101686 0.1262215 0.1540601 0.0963562 0.1374324 0.1326510 0.0920919 0.0963708 0.1512859 0.0847678 0.1541803 0.0944623 0.1051962 0.0954603 0.1450309 0.0668030 0.0886313 0.1595903 0.0250892 0.0763808 0.0814641 0.0828047 0.0878718 0.0949531 0.1331777 0.0949245 0.1082158 0.1285903 0.1398803 0.1362745 0.0259484 0.1385442 0.1103173 0.0920337 0.0298995 0.0290132 0.0621533 0.0997299 0.0671877 0.0859287 0.0860896 0.0854749 0.1047151 0.0696168 0.0918526 0.0959890 0.1263053 0.0927751 0.0119540 0.1262973 0.0865017 0.0857613 0.0332121 0.1124271 0.0581006 0.1176540 0.0605087 0.0745926 0.1196448 0.1061437 0.0920043 0.0852573 0.0811865 0.1055008 0.0657606 0.0880862 0.1057637 0.0792047 
S0405         0.2576038 0.0604045 0.0815148 0.1087136 0.1401300 0.0329101 0.1509901 0.1003651 0.0906861 0.0446403 0.1083725 0.1094257 0.1408602 0.1357772 0.1178528 0.1349467 0.1176283 0.0981738 0.1337170 0.1397576 0.0875446 0.0299230 0.0000000 0.1098274 0.0823652 0.0916927 0.0848053 0.1022732 0.0861261 0.1400874 0.0888166 0.0846925 0.0928827 0.1123344 0.1442336 0.0999131 0.0410145 0.0232626 0.1080993 0.0838982 0.1033652 0.0840151 0.0263585 0.1133756 0.1400228 0.1583414 0.0694990 0.1310886 0.0855726 0.0301975 0.0849250 0.0882995 0.0319318 0.0863662 0.0894235 0.0993346 0.1127680 0.0988991 0.1571402 0.0911247 0.1059682 0.0770023 0.1065420 0.1402703 0.0875119 0.0862157 0.0938108 0.0916517 0.1017105 0.1292684 0.1580394 0.1062890 0.1431252 0.1376213 0.0911587 0.0965170 0.1538402 0.0881970 0.1568062 0.0889980 0.1088214 0.0989466 0.1567520 0.0700412 0.0931633 0.1620309 0.0270422 0.0764993 0.0847853 0.0862222 0.0935163 0.1007679 0.1327878 0.0984189 0.1129493 0.1299105 0.1372170 0.1364365 0.0221857 0.1414013 0.1138677 0.0954957 0.0318804 0.0203877 0.0599883 0.1088589 0.0684989 0.0904327 0.0928261 0.0911040 0.1069139 0.0741734 0.0953074 0.1013875 0.1293547 0.0949925 0.0291266 0.1293464 0.0944039 0.0903796 0.0342340 0.1137869 0.0571567 0.1190753 0.0616202 0.0778523 0.1210276 0.1085676 0.0954084 0.0820220 0.0867042 0.1076631 0.0658084 0.0914525 0.1083056 0.0825479 
S0407sl       0.2906965 0.1101499 0.1121938 0.0515717 0.1680162 0.1094981 0.1631597 0.0429614 0.1158938 0.1239285 0.1587615 0.0610738 0.1517083 0.1433709 0.0616096 0.1357141 0.0632139 0.1240527 0.1686475 0.1490910 0.1297114 0.1074516 0.1098274 0.0000000 0.1236636 0.0484779 0.1128803 0.1353714 0.0666340 0.1450387 0.0621759 0.1068151 0.1339707 0.1274360 0.1555727 0.0525731 0.1268047 0.1057407 0.0557213 0.0721248 0.0941287 0.1233253 0.1074508 0.1397876 0.1464314 0.1658367 0.1184560 0.1381000 0.1082345 0.1045411 0.1045929 0.1140554 0.1086065 0.1120787 0.1151100 0.1272217 0.1429390 0.0799443 0.1822655 0.0812795 0.0870648 0.0974370 0.0601363 0.1437543 0.1177103 0.1117793 0.1177443 0.1154311 0.1557330 0.1590326 0.1704722 0.1202141 0.1629800 0.1514048 0.1109148 0.1131683 0.1607215 0.1128743 0.1667836 0.1060981 0.1179279 0.1302037 0.1786878 0.1391534 0.1183164 0.1697025 0.1063009 0.1431890 0.1009708 0.0547859 0.0825340 0.0906154 0.1465168 0.0808010 0.0544076 0.1443861 0.1520162 0.1455292 0.1069421 0.1587797 0.1428361 0.1185876 0.1144994 0.1054180 0.1095912 0.1325132 0.1337516 0.0861556 0.1190162 0.1164618 0.0462886 0.1346105 0.1216081 0.0200467 0.1574233 0.0931513 0.0996009 0.1680954 0.1113258 0.1143019 0.1146299 0.0566736 0.1170799 0.1060040 0.1175538 0.1110124 0.1475614 0.1290668 0.0841855 0.1132909 0.0994413 0.1228540 0.0909286 0.1113271 0.1365534 0.0968696 
S0412sl       0.2754472 0.0814640 0.1065866 0.1225237 0.1621868 0.0844153 0.1628247 0.1114736 0.1136589 0.0966074 0.1349785 0.1317886 0.1572909 0.1533521 0.1324498 0.1502943 0.1273957 0.1250078 0.1583367 0.1584740 0.1114936 0.0865844 0.0823652 0.1236636 0.0000000 0.1130387 0.1072070 0.1121360 0.1158444 0.1485067 0.1126776 0.1110055 0.0951696 0.1162292 0.1524288 0.1243099 0.0901260 0.0770855 0.1329738 0.1034948 0.1320990 0.0950632 0.0841685 0.1311871 0.1488430 0.1703552 0.0689097 0.1460642 0.1043892 0.0828634 0.1111288 0.1109312 0.0867873 0.1112692 0.1117268 0.1254407 0.1289149 0.1212594 0.1746874 0.1091879 0.1245927 0.0993755 0.1295767 0.1562800 0.1192194 0.1160842 0.1205887 0.1185569 0.1252051 0.1523108 0.1712001 0.1177433 0.1556446 0.1500188 0.1152586 0.1211862 0.1709818 0.1098807 0.1739861 0.1256865 0.1263283 0.1278168 0.1769279 0.1093514 0.1134058 0.1782497 0.0789932 0.1134181 0.1033944 0.1056323 0.1166633 0.1219264 0.1454790 0.1200695 0.1258785 0.1347428 0.1510942 0.1473904 0.0797504 0.1522314 0.1347586 0.1123162 0.0844860 0.0814096 0.0824215 0.1268470 0.1017909 0.1073019 0.1146929 0.1092313 0.1229941 0.1139856 0.1207192 0.1202706 0.1537454 0.1228407 0.0813265 0.1524045 0.1123500 0.1133028 0.0876253 0.1314021 0.0925252 0.1436778 0.0893018 0.0921267 0.1479872 0.1262887 0.1153795 0.1151951 0.1081732 0.1269419 0.0925518 0.1106147 0.1161838 0.1058809 
S0417         0.2826589 0.0956359 0.1046824 0.0462936 0.1438091 0.0917467 0.1488722 0.0384962 0.0976625 0.1118204 0.1476834 0.0514195 0.1371801 0.1327722 0.0491567 0.1203103 0.0621333 0.1055662 0.1586015 0.1351755 0.1107503 0.0904559 0.0916927 0.0484779 0.1130387 0.0000000 0.0984050 0.1160219 0.0559767 0.1350447 0.0479716 0.0924607 0.1216474 0.1303557 0.1373500 0.0494570 0.1115689 0.0893538 0.0537632 0.0572628 0.0793854 0.1113520 0.0865894 0.1215748 0.1318589 0.1581929 0.1025956 0.1277974 0.0825746 0.0826157 0.0937446 0.0995951 0.0915156 0.0962313 0.0993669 0.1116932 0.1246699 0.0703540 0.1639687 0.0663980 0.0688671 0.0864683 0.0568665 0.1243833 0.1005308 0.0986509 0.1000410 0.0974639 0.1449351 0.1406968 0.1561033 0.1068814 0.1450890 0.1409995 0.1030992 0.1088532 0.1572093 0.0969760 0.1662840 0.0876627 0.1118818 0.1084896 0.1592316 0.1142049 0.1028418 0.1652703 0.0847225 0.1232431 0.0937511 0.0468377 0.0700581 0.0727043 0.1366081 0.0712579 0.0501629 0.1347135 0.1408252 0.1355104 0.0877365 0.1474943 0.1168472 0.1066138 0.0928877 0.0905382 0.0966040 0.1174714 0.1151148 0.0680288 0.1036763 0.1018627 0.0430017 0.1147982 0.1071935 0.0496189 0.1390811 0.0736128 0.0848994 0.1438286 0.0958673 0.0930509 0.0938066 0.0514915 0.1016581 0.0881766 0.0967253 0.0944704 0.1283858 0.1143100 0.0705400 0.0990155 0.0944330 0.1126320 0.0811094 0.0966479 0.1172393 0.0860132 
S0419         0.2543446 0.0849789 0.0096533 0.1140352 0.0791295 0.0858266 0.1446045 0.0995237 0.0886775 0.0922655 0.1296120 0.1077406 0.1381038 0.1258033 0.1221752 0.1291788 0.1034930 0.1066883 0.1289123 0.1363730 0.0956070 0.0814438 0.0848053 0.1128803 0.1072070 0.0984050 0.0000000 0.1093434 0.0990631 0.1353723 0.0948874 0.0886815 0.1131338 0.1129557 0.1478504 0.1003799 0.0940314 0.0775599 0.1062191 0.0820014 0.1051887 0.1048359 0.0834622 0.0472176 0.1352668 0.1539130 0.0962508 0.1278175 0.0833473 0.0796884 0.0934024 0.0054385 0.0860282 0.0063649 0.0094321 0.1053739 0.0493537 0.0945599 0.1602722 0.0930563 0.1017405 0.0728384 0.1088303 0.1303611 0.0975468 0.0947906 0.1025899 0.0956607 0.1220053 0.0707459 0.1603697 0.0969803 0.1338109 0.1280599 0.0965537 0.1008296 0.1574326 0.0082730 0.1590551 0.1075624 0.1094299 0.0978246 0.1505656 0.1106118 0.0933656 0.1620040 0.0792898 0.1156089 0.0850261 0.0900398 0.0945228 0.1026106 0.1336652 0.0979902 0.1085821 0.1241055 0.1409433 0.1371552 0.0767572 0.1438092 0.1136772 0.0990648 0.0835068 0.0838644 0.0869551 0.1092441 0.0979131 0.0908795 0.0885935 0.0901819 0.1039384 0.1097573 0.0137473 0.1034300 0.0718890 0.1050012 0.0783876 0.0764557 0.0958110 0.0953009 0.0833052 0.1153643 0.0855601 0.1197844 0.0871674 0.0942727 0.1200594 0.1090924 0.0947878 0.0927414 0.0850089 0.1009000 0.0629149 0.0942289 0.1196442 0.0827405 
S0427         0.3081072 0.1064332 0.0969363 0.1332879 0.1535000 0.0959691 0.1665441 0.1255759 0.1141934 0.1077303 0.1520542 0.1300166 0.1584116 0.1516804 0.1468553 0.1496932 0.1733981 0.1316752 0.1567769 0.1542578 0.0402457 0.1009906 0.1022732 0.1353714 0.1121360 0.1160219 0.1093434 0.0000000 0.1209983 0.1491768 0.1215004 0.1039520 0.1344517 0.1040178 0.1632943 0.1206662 0.1095181 0.0928911 0.1389514 0.1063996 0.1256846 0.1197628 0.0974142 0.1328650 0.1560969 0.1782397 0.1112545 0.1480526 0.1054751 0.0943331 0.1094208 0.1116531 0.1024101 0.1119955 0.1111014 0.1171700 0.1307343 0.1164948 0.1686981 0.1119966 0.1224569 0.0979830 0.1326622 0.1461239 0.1123126 0.1082817 0.1120753 0.1051651 0.1355100 0.1347261 0.1786106 0.1241280 0.1533507 0.1619529 0.1102108 0.1124455 0.1793006 0.1078965 0.1786219 0.1470404 0.1297456 0.1231925 0.1718731 0.1239303 0.1166762 0.1843544 0.0941538 0.1302658 0.0998281 0.1173490 0.1138568 0.1187929 0.1500416 0.1201953 0.1290725 0.1337529 0.1552190 0.1525654 0.0960161 0.1514408 0.1362303 0.1270969 0.0999317 0.1024822 0.0968352 0.1404362 0.1142504 0.1123301 0.1178468 0.1161773 0.1283485 0.1219725 0.1164773 0.1156782 0.1335557 0.1190755 0.0968955 0.1418894 0.1128444 0.1216460 0.0981596 0.1332502 0.1046960 0.1437920 0.1048314 0.1021250 0.1588155 0.1366969 0.1166622 0.1071555 0.1016564 0.1253389 0.0949369 0.1229096 0.0521459 0.1030181 
S0428sl       0.2785751 0.0998846 0.0997799 0.0642203 0.1553328 0.0928045 0.1636018 0.0618522 0.1020246 0.0990557 0.1434111 0.0671209 0.1559660 0.1450381 0.0807997 0.1413847 0.0554800 0.1133059 0.1572339 0.1545340 0.1182287 0.0883490 0.0861261 0.0666340 0.1158444 0.0559767 0.0990631 0.1209983 0.0000000 0.1480836 0.0564983 0.0979296 0.1199916 0.1339831 0.1585363 0.0629133 0.1097320 0.0853815 0.0629113 0.0591576 0.0903033 0.1103326 0.0913624 0.1276516 0.1507498 0.1561827 0.0998821 0.1401180 0.0908467 0.0854976 0.0971577 0.1001992 0.0870475 0.0982471 0.0995546 0.1216972 0.1306670 0.0715557 0.1772590 0.0707674 0.0752447 0.0878474 0.0517956 0.1475415 0.1013095 0.1054334 0.1062191 0.1040034 0.1388196 0.1478729 0.1520604 0.1192649 0.1560447 0.1478281 0.1107597 0.1141960 0.1570612 0.0990631 0.1627139 0.0950241 0.1180515 0.1161414 0.1782219 0.1192516 0.1011050 0.1684781 0.0850611 0.1329561 0.0934588 0.0502658 0.0752877 0.0785759 0.1442652 0.0712597 0.0697717 0.1454457 0.1565242 0.1526368 0.0857661 0.1530461 0.1327623 0.1116637 0.0928678 0.0885942 0.0986891 0.1175341 0.1162019 0.0765469 0.1076331 0.1059252 0.0629044 0.1247047 0.1028456 0.0623949 0.1466790 0.0800770 0.0841754 0.1509529 0.1035156 0.1004874 0.0938795 0.0690660 0.1054539 0.0887915 0.1033202 0.0998214 0.1385060 0.1181722 0.0746793 0.1011026 0.0942603 0.1095542 0.0814850 0.1025623 0.1322331 0.0862192 
