94
S0055       0.0000000 0.0609624 0.0611710 0.0942522 0.0795479 0.0517947 0.0840683 0.1160807 0.1240622 0.0902568 0.0690500 0.0686434 0.0534609 0.0658857 0.0791742 0.0745020 0.0542777 0.0848799 0.0878857 0.0686335 0.0610676 0.0779378 0.0743598 0.1057026 0.0588761 0.0651435 0.0857384 0.1112446 0.0833034 0.0844113 0.0524960 0.0657253 0.0529085 0.0567523 0.0611791 0.0570469 0.0955981 0.1038248 0.0807730 0.0799548 0.0913681 0.0972600 0.0697382 0.0988042 0.1002847 0.0764384 0.0603063 0.0606410 0.0681663 0.1084125 0.0564508 0.0607461 0.0703521 0.0797042 0.0768207 0.1243127 0.0617894 0.0798374 0.0564942 0.0996670 0.0719233 0.0523514 0.0485963 0.0245568 0.0647433 0.0321064 0.0791101 0.0559402 0.0560938 0.0688354 0.0737689 0.0615693 0.0993380 0.0610796 0.0569902 0.0893300 0.0520632 0.0617342 0.0529319 0.0912347 0.0570810 0.1120653 0.0524559 0.0787337 0.0590442 0.0687223 0.0744948 0.0601327 0.0441780 0.1377676 0.0747069 0.0653250 0.0837077 0.0522961 
S0281       0.0609624 0.0000000 0.0817560 0.0688733 0.0683945 0.0573760 0.0825196 0.1148179 0.0914009 0.0648170 0.0678529 0.0965122 0.0734976 0.0824484 0.0830444 0.0675213 0.0567338 0.0780238 0.1015101 0.0718861 0.0746050 0.0668517 0.0827534 0.1087577 0.0804451 0.0176715 0.0605206 0.1099621 0.1011833 0.0595899 0.0767214 0.0252337 0.0773734 0.0213192 0.0214000 0.0178747 0.0814297 0.0826835 0.0784183 0.0372197 0.1099375 0.0706691 0.0713630 0.0906408 0.1104646 0.0716140 0.0674291 0.0934557 0.0658386 0.1140171 0.0810634 0.0857580 0.0686304 0.0683954 0.0806144 0.0867121 0.0742865 0.0619303 0.0764289 0.0785321 0.0932677 0.0764970 0.0724640 0.0574750 0.0709410 0.0662983 0.0878086 0.0575265 0.0662854 0.0659701 0.0812058 0.0215285 0.1138561 0.0685237 0.0682064 0.0453617 0.0576848 0.0735105 0.0774114 0.0846800 0.0761427 0.1106989 0.0766585 0.0821257 0.0745597 0.0752710 0.0737163 0.0760237 0.0408191 0.1293775 0.0374587 0.0819400 0.1017416 0.0571459 
S0282       0.0611710 0.0817560 0.0000000 0.0921258 0.0779187 0.0540774 0.0775604 0.1305404 0.1227845 0.0827408 0.0710016 0.0941327 0.0140253 0.0718549 0.0767590 0.0842531 0.0397816 0.0987243 0.0886953 0.0900080 0.0289392 0.0801809 0.0794293 0.1116914 0.0046653 0.0669823 0.0834277 0.1043765 0.0933596 0.0821073 0.0102656 0.0764641 0.0138920 0.0758358 0.0716152 0.0630211 0.0891626 0.0891401 0.0876573 0.0916615 0.1025102 0.0837620 0.0785781 0.1015989 0.0884060 0.0897043 0.0717607 0.0664477 0.0667547 0.0906800 0.0173059 0.0395634 0.0723790 0.0870809 0.0996169 0.1129085 0.0818041 0.0863443 0.0173182 0.0833520 0.0886209 0.0137586 0.0138577 0.0492944 0.0765784 0.0491638 0.0824737 0.0584296 0.0543681 0.0902826 0.0359443 0.0720914 0.1045124 0.0658373 0.0101896 0.1016039 0.0543707 0.0680150 0.0247831 0.0991586 0.0210936 0.1154973 0.0173242 0.0750562 0.0701656 0.0808148 0.0770188 0.0670038 0.0664926 0.1751597 0.0768751 0.0717092 0.1031713 0.0665588 
S0288       0.0942522 0.0688733 0.0921258 0.0000000 0.0805770 0.0701371 0.0920642 0.1463794 0.0892401 0.0139694 0.0793918 0.0816622 0.0836638 0.0772164 0.0902137 0.0704088 0.0561717 0.0963622 0.0802855 0.0818860 0.0903020 0.0785774 0.0851102 0.1058892 0.0933178 0.0496273 0.0033899 0.1081435 0.1061036 0.0067648 0.0915136 0.0500665 0.0875974 0.0496747 0.0456995 0.0459180 0.0884822 0.0486441 0.0970930 0.0726039 0.1134124 0.0451422 0.1141462 0.1229533 0.0977014 0.0936998 0.0862588 0.1232398 0.0752321 0.1128311 0.0913234 0.1059901 0.0757902 0.0757057 0.0908896 0.0742741 0.0238644 0.0196720 0.0865047 0.0528545 0.1113518 0.0865828 0.0824583 0.0841979 0.0897456 0.0912323 0.0965166 0.0696478 0.0800366 0.0821317 0.0966951 0.0459904 0.1174533 0.0711038 0.0828745 0.0819730 0.0755870 0.0869592 0.1022336 0.0917964 0.0972234 0.1248398 0.0914366 0.0847360 0.0933929 0.1053565 0.0809196 0.0952887 0.0704160 0.1506252 0.0535161 0.0955289 0.0947871 0.0792409 
S0289       0.0795479 0.0683945 0.0779187 0.0805770 0.0000000 0.0449768 0.0781823 0.0342601 0.0857027 0.0819567 0.0214270 0.0635440 0.0741490 0.0901229 0.0412616 0.0532420 0.0410846 0.0708973 0.0984833 0.0194438 0.0717646 0.0290824 0.0670534 0.0949175 0.0737387 0.0580323 0.0677956 0.1138232 0.1003969 0.0711487 0.0773218 0.0622344 0.0780544 0.0579639 0.0624960 0.0499103 0.0484565 0.0905832 0.0724832 0.0817339 0.0925952 0.0690290 0.0643304 0.0711555 0.1071250 0.0681893 0.0630198 0.1012187 0.0531439 0.1112144 0.0817712 0.0727110 0.0106134 0.0625773 0.0248279 0.0952432 0.0820134 0.0854873 0.0770941 0.0766402 0.0694844 0.0727017 0.0730975 0.0712890 0.0568657 0.0761224 0.0498404 0.0491239 0.0534763 0.0145005 0.0963708 0.0629028 0.0114315 0.0455195 0.0734626 0.0818592 0.0409191 0.0639097 0.0874850 0.0378778 0.0826872 0.0706093 0.0772579 0.0844612 0.0573609 0.0807876 0.0587581 0.0627131 0.0491328 0.1283410 0.0535968 0.0721295 0.0750572 0.0574103 
S0292       0.0517947 0.0573760 0.0540774 0.0701371 0.0449768 0.0000000 0.0721962 0.0908374 0.0750051 0.0663064 0.0527900 0.0809160 0.0462842 0.0664182 0.0622489 0.0568516 0.0261537 0.0536393 0.0794482 0.0690283 0.0489083 0.0558463 0.0706151 0.0949501 0.0536662 0.0482713 0.0621088 0.0969635 0.0751102 0.0611915 0.0454405 0.0568309 0.0458006 0.0482165 0.0524688 0.0405380 0.0696969 0.0702642 0.0539498 0.0704757 0.0791323 0.0636292 0.0584155 0.0707268 0.0914013 0.0454984 0.0444525 0.0662656 0.0318017 0.0744729 0.0494147 0.0577409 0.0492421 0.0617386 0.0772799 0.0841879 0.1036305 0.0786210 0.0452744 0.0751837 0.0639976 0.0453135 0.0415174 0.0403652 0.0324073 0.0445146 0.0709508 0.0067924 0.0139123 0.0692325 0.0622754 0.0527968 0.0706116 0.0573928 0.0458808 0.0795212 0.0139139 0.0454898 0.0495925 0.0677924 0.0499721 0.0938416 0.0454053 0.0704562 0.0435459 0.0525405 0.0622867 0.0403150 0.0361052 0.1312903 0.0571253 0.0490888 0.0752033 0.0361400 
S0294       0.0840683 0.0825196 0.0775604 0.0920642 0.0781823 0.0721962 0.0000000 0.1097412 0.1356697 0.0991195 0.0756874 0.1030790 0.0786049 0.1026635 0.0817816 0.0962268 0.0719833 0.1194249 0.1205422 0.0706745 0.0821813 0.0942412 0.0945080 0.1469455 0.0869290 0.0715585 0.0888334 0.1270439 0.0863950 0.0928005 0.0679722 0.0718988 0.0825119 0.0669497 0.0716693 0.0679349 0.0756262 0.1105360 0.1200090 0.0855231 0.1389305 0.0851374 0.0989225 0.1185730 0.1148648 0.1088346 0.0818453 0.1072963 0.0767705 0.0947038 0.0862220 0.0862938 0.0637129 0.0817855 0.0920267 0.1303122 0.1081312 0.0883330 0.0862938 0.0989097 0.0940853 0.0725315 0.0774852 0.0762944 0.0722537 0.0767643 0.0879348 0.0768642 0.0625546 0.0706740 0.1012971 0.0721454 0.0843627 0.0710889 0.0776560 0.0856528 0.0723314 0.0730719 0.0823347 0.0975290 0.0824093 0.1107793 0.0769993 0.1102546 0.0709732 0.1007660 0.0856249 0.0859634 0.0758797 0.1408542 0.0816577 0.0861706 0.1056583 0.0897460 
S0299       0.1160807 0.1148179 0.1305404 0.1463794 0.0342601 0.0908374 0.1097412 0.0000000 0.1538117 0.1420514 0.0723514 0.1326546 0.1214980 0.1344703 0.0975552 0.1014817 0.0935404 0.1224447 0.1558390 0.0649085 0.1172693 0.0802996 0.1193539 0.1580601 0.1230924 0.1057830 0.1300959 0.1849440 0.1282400 0.1344424 0.1189144 0.1115176 0.1255436 0.1056518 0.1111224 0.0965861 0.0909216 0.1544533 0.1304251 0.1344972 0.1728381 0.1341454 0.1130923 0.1239415 0.1566392 0.1131889 0.1067580 0.1455578 0.0911276 0.1275391 0.1293176 0.1136505 0.0597861 0.0966332 0.0709605 0.1651258 0.1263432 0.1372552 0.1238937 0.1359947 0.1319006 0.1137554 0.1196351 0.1173049 0.0995969 0.1130320 0.0922972 0.0957875 0.1011013 0.0651051 0.1463910 0.1119110 0.0781946 0.0979319 0.1202577 0.1347002 0.0908665 0.1141767 0.1200748 0.0893682 0.1253835 0.1284442 0.1188096 0.1367608 0.1056084 0.1397398 0.1099299 0.1128229 0.0809487 0.1463990 0.1126467 0.1232761 0.1397446 0.0997965 
S0308       0.1240622 0.0914009 0.1227845 0.0892401 0.0857027 0.0750051 0.1356697 0.1538117 0.0000000 0.0815347 0.0937738 0.1158315 0.1139521 0.1144516 0.0955539 0.0934900 0.0549801 0.1005426 0.1399132 0.1028513 0.1086003 0.0837348 0.0999320 0.1488300 0.1234509 0.0804987 0.0711437 0.1492608 0.1430756 0.0795832 0.1219198 0.0904638 0.1179354 0.0804013 0.0853578 0.0720924 0.0939083 0.1002072 0.1195930 0.1013675 0.1378773 0.0734808 0.1212621 0.1272886 0.1454267 0.1029217 0.0963185 0.1458263 0.1082858 0.1479047 0.1216610 0.1268602 0.0901523 0.0904805 0.1131488 0.0793350 0.0814670 0.0779720 0.1164158 0.0945359 0.1271123 0.1165216 0.1122549 0.1155679 0.1145454 0.1164103 0.1219961 0.0879065 0.0992595 0.1031661 0.1276840 0.0859370 0.1291190 0.0944308 0.1128189 0.1115904 0.0899131 0.1021795 0.1338248 0.1102006 0.1283687 0.1207497 0.1218135 0.1292167 0.1084690 0.0999214 0.0911400 0.1107243 0.0935003 0.1768520 0.0756389 0.1110079 0.1301125 0.1029330 
S0322       0.0902568 0.0648170 0.0827408 0.0139694 0.0819567 0.0663064 0.0991195 0.1420514 0.0815347 0.0000000 0.0807316 0.0719516 0.0743816 0.0739988 0.0917822 0.0672385 0.0701305 0.0932801 0.0863034 0.0782939 0.0811241 0.0746547 0.0865756 0.0980570 0.0746454 0.0458037 0.0034564 0.0993351 0.0970985 0.0068643 0.0822009 0.0462090 0.0783012 0.0458472 0.0418846 0.0420863 0.0899911 0.0535311 0.0929819 0.0685667 0.0948846 0.0458723 0.1024865 0.1187317 0.0945939 0.0895414 0.0729630 0.1190095 0.0802172 0.1284173 0.0820312 0.0963421 0.0770767 0.0716817 0.0873851 0.0623609 0.0000020 0.0202591 0.0773343 0.0578755 0.0894495 0.0774040 0.0733228 0.0802736 0.0857620 0.0871849 0.1080865 0.0658431 0.0761136 0.0785356 0.0872216 0.0421511 0.1140359 0.0723015 0.0736904 0.0778767 0.0716824 0.0783011 0.0925815 0.0934205 0.0876984 0.1220435 0.0821324 0.0816323 0.0757474 0.0965110 0.0768337 0.0912532 0.0665698 0.1420029 0.0496619 0.0868161 0.0917424 0.0753582 
S0327       0.0690500 0.0678529 0.0710016 0.0793918 0.0214270 0.0527900 0.0756874 0.0723514 0.0937738 0.0807316 0.0000000 0.0793887 0.0630373 0.0789500 0.0286020 0.0523958 0.0000010 0.0703494 0.0818890 0.0340196 0.0754253 0.0323807 0.0525353 0.1039058 0.0781792 0.0530078 0.0668045 0.0997880 0.0925795 0.0701190 0.0618615 0.0618329 0.0668108 0.0529466 0.0573314 0.0450898 0.0432168 0.0947275 0.0719108 0.0759221 0.0968015 0.0771029 0.0762284 0.0848433 0.0941575 0.0676509 0.0531776 0.0803006 0.0568065 0.0723171 0.0704241 0.0619219 0.0211873 0.0533921 0.0348766 0.0984151 0.0896006 0.0841571 0.0704802 0.0753600 0.0679737 0.0660799 0.0621820 0.0611126 0.0648133 0.0658485 0.0446366 0.0570242 0.0614863 0.0240004 0.0888655 0.0576969 0.0413363 0.0402884 0.0624807 0.0852314 0.0406078 0.0535517 0.0711789 0.0413520 0.0667300 0.0643237 0.0618128 0.0730404 0.0601757 0.0700860 0.0488033 0.0570137 0.0444011 0.1500579 0.0487149 0.0571466 0.0778232 0.0524515 
S0376       0.0686434 0.0965122 0.0941327 0.0816622 0.0635440 0.0809160 0.1030790 0.1326546 0.1158315 0.0719516 0.0793887 0.0000000 0.0981875 0.0573690 0.0876668 0.0343613 0.0000010 0.0823598 0.0560518 0.0617806 0.0947297 0.0871961 0.0743555 0.0582600 0.0882398 0.0809847 0.0759431 0.1062804 0.0457313 0.0755625 0.1019409 0.0757043 0.0966683 0.0689777 0.0753765 0.0697431 0.0851839 0.0973243 0.0978740 0.1164626 0.0713576 0.0784178 0.0880715 0.0953871 0.0838502 0.0926396 0.0689561 0.1041916 0.0868173 0.0000010 0.0889134 0.1083856 0.0733061 0.0864499 0.0814661 0.0818847 0.0690603 0.0693733 0.0889134 0.0825863 0.0675129 0.0826401 0.0885717 0.0814519 0.0752945 0.0818909 0.0945890 0.0872886 0.0872343 0.0734026 0.1092803 0.0760538 0.0972299 0.0568823 0.0877208 0.1236544 0.0754454 0.0747653 0.1169150 0.0961509 0.1031079 0.1136882 0.1018249 0.0502184 0.0512866 0.0891601 0.0864253 0.0576442 0.0684783 0.1602140 0.0803857 0.0818858 0.0294778 0.0626795 
S0400       0.0534609 0.0734976 0.0140253 0.0836638 0.0741490 0.0462842 0.0786049 0.1214980 0.1139521 0.0743816 0.0630373 0.0981875 0.0000000 0.0695635 0.0686013 0.0775021 0.0260048 0.0900616 0.0868174 0.0849209 0.0216665 0.0810571 0.0714098 0.1030481 0.0097383 0.0590210 0.0749964 0.0898805 0.0915905 0.0738091 0.0103831 0.0683328 0.0069327 0.0677713 0.0635766 0.0550648 0.0809866 0.0885288 0.0792307 0.0832441 0.0971723 0.0739559 0.0885982 0.1049394 0.0947178 0.0810794 0.0592265 0.0585602 0.0632697 0.0740024 0.0103648 0.0285057 0.0642599 0.0787110 0.0943916 0.1142373 0.0747282 0.0755137 0.0103721 0.0827929 0.0804994 0.0068665 0.0069159 0.0416504 0.0684429 0.0415421 0.0689045 0.0505683 0.0550733 0.0851842 0.0287116 0.0633053 0.1031518 0.0580180 0.0104548 0.0930620 0.0465348 0.0599428 0.0176715 0.0904625 0.0140371 0.1068870 0.0103757 0.0773622 0.0623018 0.0726612 0.0688338 0.0590481 0.0542386 0.1652058 0.0687036 0.0636715 0.1016309 0.0586586 
S0412sl     0.0658857 0.0824484 0.0718549 0.0772164 0.0901229 0.0664182 0.1026635 0.1344703 0.1144516 0.0739988 0.0789500 0.0573690 0.0695635 0.0000000 0.0896887 0.0615258 0.0392629 0.0764476 0.0489695 0.0891668 0.0776951 0.0946727 0.0846230 0.0910142 0.0730703 0.0673894 0.0688136 0.0979695 0.0410049 0.0677534 0.0682176 0.0680136 0.0687937 0.0674573 0.0632816 0.0635865 0.0881735 0.0771804 0.0985315 0.0922573 0.0947169 0.0845160 0.0848257 0.1059086 0.0679708 0.0781847 0.0659736 0.0897150 0.0751599 0.0720569 0.0725073 0.0960065 0.0804818 0.0813127 0.0986561 0.1007115 0.0732222 0.0804381 0.0725668 0.0730999 0.0821283 0.0680181 0.0596056 0.0622338 0.0805452 0.0712728 0.0848244 0.0709153 0.0711247 0.0894375 0.0822675 0.0636994 0.1274425 0.0707142 0.0632198 0.1022759 0.0667824 0.0775866 0.0780466 0.0979790 0.0733751 0.1044560 0.0681618 0.0571223 0.0654638 0.0758094 0.0849688 0.0754545 0.0758198 0.1521794 0.0714293 0.0813090 0.0703637 0.0758957 
S0417       0.0791742 0.0830444 0.0767590 0.0902137 0.0412616 0.0622489 0.0817816 0.0975552 0.0955539 0.0917822 0.0286020 0.0876668 0.0686013 0.0896887 0.0000000 0.0617698 0.0125180 0.0807243 0.0925774 0.0401545 0.0813237 0.0488721 0.0493306 0.1088071 0.0801371 0.0625154 0.0771231 0.1058259 0.1039566 0.0804455 0.0672898 0.0718175 0.0724471 0.0624412 0.0670642 0.0542808 0.0519502 0.1064478 0.0777787 0.0867093 0.0980125 0.0831945 0.0846487 0.0960337 0.0997716 0.0781380 0.0627246 0.1010071 0.0664341 0.0888661 0.0761179 0.0673574 0.0291036 0.0629764 0.0468764 0.1102077 0.1024292 0.0986039 0.0761799 0.0860382 0.0778988 0.0716358 0.0676557 0.0709545 0.0747478 0.0714485 0.0536025 0.0666929 0.0714012 0.0402698 0.0951987 0.0675050 0.0551236 0.0449457 0.0679801 0.0899045 0.0494968 0.0536189 0.0769536 0.0588939 0.0723580 0.0741622 0.0628621 0.0833100 0.0698284 0.0757650 0.0580948 0.0666798 0.0534265 0.1653688 0.0579879 0.0668382 0.0883613 0.0618370 
S0427       0.0745020 0.0675213 0.0842531 0.0704088 0.0532420 0.0568516 0.0962268 0.1014817 0.0934900 0.0672385 0.0523958 0.0343613 0.0775021 0.0615258 0.0617698 0.0000000 0.0261537 0.0760852 0.0646114 0.0569059 0.0840930 0.0568105 0.0532409 0.0660540 0.0960823 0.0486821 0.0623480 0.0752956 0.0573500 0.0614235 0.0760037 0.0573280 0.0813567 0.0486264 0.0529211 0.0409916 0.0690156 0.0852152 0.0870576 0.0711190 0.0644495 0.0679444 0.0962167 0.0988094 0.0753886 0.0778055 0.0667874 0.1008437 0.0693036 0.0744729 0.0850201 0.0714790 0.0488725 0.0612671 0.0644828 0.0798650 0.0692415 0.0646149 0.0803668 0.0751341 0.0733130 0.0804380 0.0764138 0.0708441 0.0702704 0.0758579 0.0805197 0.0611386 0.0656654 0.0570719 0.0901739 0.0532550 0.1071894 0.0408100 0.0754693 0.0802622 0.0571538 0.0672608 0.0859622 0.0574040 0.0812568 0.0930871 0.0759420 0.0522721 0.0653267 0.0756464 0.0748643 0.0752932 0.0404423 0.1495691 0.0524925 0.0709174 0.0444742 0.0483960 
S0478       0.0542777 0.0567338 0.0397816 0.0561717 0.0410846 0.0261537 0.0719833 0.0935404 0.0549801 0.0701305 0.0000010 0.0000010 0.0260048 0.0392629 0.0125180 0.0261537 0.0000000 0.0585231 0.0392629 0.0000010 0.0567563 0.0261537 0.0260048 0.0706965 0.0000010 0.0402874 0.0272915 0.0460895 0.0713146 0.0402874 0.0260048 0.0402874 0.0260048 0.0402874 0.0402874 0.0402874 0.0689866 0.1035792 0.0585231 0.0402874 0.0000010 0.0727421 0.0000010 0.0891344 0.0404168 0.0414477 0.0562731 0.0852971 0.0261537 0.0723171 0.0543119 0.0400534 0.0134003 0.0274346 0.0000010 0.1259699 0.0000010 0.0744020 0.0544632 0.0884457 0.0535972 0.0260048 0.0267260 0.0399219 0.0563512 0.0552051 0.0405844 0.0261537 0.0264551 0.0000010 0.0400534 0.0402874 0.0000010 0.0255945 0.0262555 0.0551705 0.0128192 0.0279003 0.0260048 0.0564232 0.0400534 0.0537840 0.0260048 0.0401768 0.0392842 0.0124750 0.0128697 0.0551425 0.0401768 0.1194972 0.0263299 0.0260048 0.0255945 0.0261537 
S0552sl     0.0848799 0.0780238 0.0987243 0.0963622 0.0708973 0.0536393 0.1194249 0.1224447 0.1005426 0.0932801 0.0703494 0.0823598 0.0900616 0.0764476 0.0807243 0.0760852 0.0585231 0.0000000 0.1106866 0.0684422 0.0917451 0.0706422 0.1008581 0.1182370 0.0875343 0.0720317 0.0829180 0.1331493 0.1078726 0.0862588 0.0882370 0.0817764 0.0890185 0.0719444 0.0767894 0.0637040 0.0883364 0.1064296 0.0462521 0.0974185 0.0937049 0.0897193 0.0594125 0.0630573 0.1127961 0.0296767 0.0584379 0.0910644 0.0621430 0.1371054 0.0927996 0.1025783 0.0667563 0.0864158 0.0766099 0.0952912 0.0725110 0.0875075 0.0829969 0.0925239 0.0792143 0.0879706 0.0837781 0.0675864 0.0616848 0.0678535 0.0993365 0.0622292 0.0668552 0.0686433 0.0934414 0.0773072 0.1070367 0.0859722 0.0891788 0.1076179 0.0452844 0.0697343 0.0941386 0.0963919 0.0939599 0.1095283 0.0881619 0.0958719 0.0665040 0.0713479 0.0917276 0.0497705 0.0669667 0.1654162 0.0718425 0.0735199 0.0962993 0.0670339 
S0558       0.0878857 0.1015101 0.0886953 0.0802855 0.0984833 0.0794482 0.1205422 0.1558390 0.1399132 0.0863034 0.0818890 0.0560518 0.0868174 0.0489695 0.0925774 0.0646114 0.0392629 0.1106866 0.0000000 0.0931059 0.0949874 0.0975237 0.0786750 0.0895361 0.0968462 0.0750242 0.0809432 0.0944849 0.0616033 0.0796999 0.0803991 0.0757161 0.0858491 0.0750997 0.0709244 0.0710587 0.0910342 0.1006129 0.0902971 0.1001675 0.0836903 0.0971280 0.1105090 0.1254182 0.0666116 0.1085665 0.0891291 0.1156460 0.0837874 0.0720569 0.0895063 0.1086279 0.0834578 0.0934228 0.1025741 0.1192567 0.1022744 0.0986523 0.0895800 0.0898196 0.0862818 0.0848759 0.0763000 0.0795571 0.0941946 0.0895078 0.0987983 0.0841232 0.0752844 0.0933822 0.0883559 0.0713903 0.1142039 0.0652296 0.0798299 0.1102371 0.0798914 0.0806448 0.0905022 0.1008806 0.0857437 0.0959414 0.0803336 0.0521052 0.0739589 0.0800201 0.0926496 0.0888303 0.0788336 0.1611341 0.0790424 0.0843044 0.0647782 0.0700487 
S0624       0.0686335 0.0718861 0.0900080 0.0818860 0.0194438 0.0690283 0.0706745 0.0649085 0.1028513 0.0782939 0.0340196 0.0617806 0.0849209 0.0891668 0.0401545 0.0569059 0.0000010 0.0684422 0.0931059 0.0000000 0.0884151 0.0294958 0.0572415 0.1032832 0.0840315 0.0520526 0.0761533 0.1130502 0.0817139 0.0757707 0.0826615 0.0582425 0.0902152 0.0519700 0.0580018 0.0412107 0.0391096 0.0844954 0.0705041 0.0841063 0.0899349 0.0721923 0.0638034 0.0704302 0.1100244 0.0716547 0.0462478 0.0844678 0.0630989 0.0000010 0.0826615 0.0764869 0.0189500 0.0688190 0.0144697 0.0821098 0.0889979 0.0894137 0.0826615 0.0642948 0.0675036 0.0764869 0.0823433 0.0634393 0.0508312 0.0637870 0.0514703 0.0751774 0.0813718 0.0189745 0.1026555 0.0585127 0.0540236 0.0405305 0.0835290 0.0907256 0.0571503 0.0571986 0.0966692 0.0522647 0.0835822 0.0739355 0.0825694 0.0797805 0.0512819 0.0891421 0.0690037 0.0464168 0.0403942 0.1232346 0.0516919 0.0637640 0.0871599 0.0569892 
S0641       0.0610676 0.0746050 0.0289392 0.0903020 0.0717646 0.0489083 0.0821813 0.1172693 0.1086003 0.0811241 0.0754253 0.0947297 0.0216665 0.0776951 0.0813237 0.0840930 0.0567563 0.0917451 0.0949874 0.0884151 0.0000000 0.0875370 0.0750542 0.0970584 0.0197003 0.0657379 0.0817836 0.1041817 0.0948494 0.0805147 0.0249861 0.0750118 0.0214545 0.0744067 0.0702716 0.0618519 0.0844663 0.0968389 0.0811626 0.0898571 0.0935781 0.0728292 0.0713144 0.0855818 0.1032135 0.0726828 0.0716360 0.0766870 0.0655186 0.1140626 0.0249406 0.0363370 0.0627554 0.0806429 0.0913511 0.1088615 0.0714968 0.0790020 0.0212220 0.0909650 0.0793155 0.0212418 0.0213981 0.0492104 0.0661248 0.0490802 0.0871687 0.0531060 0.0575218 0.0886814 0.0404075 0.0707289 0.1103816 0.0531888 0.0251651 0.0899925 0.0450184 0.0634229 0.0328208 0.0971427 0.0289648 0.1103586 0.0249678 0.0763800 0.0614091 0.0707033 0.0816001 0.0668880 0.0609405 0.1444464 0.0754076 0.0670575 0.1000744 0.0610001 
S0645sl     0.0779378 0.0668517 0.0801809 0.0785774 0.0290824 0.0558463 0.0942412 0.0802996 0.0837348 0.0746547 0.0323807 0.0871961 0.0810571 0.0946727 0.0488721 0.0568105 0.0261537 0.0706422 0.0975237 0.0294958 0.0875370 0.0000000 0.0664107 0.1043874 0.0903659 0.0482301 0.0619052 0.1180440 0.0973737 0.0694142 0.0794989 0.0567830 0.0848742 0.0481755 0.0524243 0.0405022 0.0643575 0.0845768 0.0709913 0.0704170 0.1057549 0.0720072 0.0758625 0.0837498 0.1111227 0.0667877 0.0617439 0.0993527 0.0643279 0.1091145 0.0884955 0.0749799 0.0289626 0.0705444 0.0302473 0.0839123 0.0810224 0.0777355 0.0838484 0.0659685 0.0779888 0.0839219 0.0799256 0.0698450 0.0640211 0.0747759 0.0753165 0.0594762 0.0691062 0.0295794 0.1030071 0.0527518 0.0621709 0.0533383 0.0803174 0.0794566 0.0479659 0.0621783 0.0894699 0.0579686 0.0847711 0.0876731 0.0794348 0.0880986 0.0687527 0.0791281 0.0711852 0.0700667 0.0438732 0.1508701 0.0530917 0.0657934 0.0886982 0.0518205 
S0673       0.0743598 0.0827534 0.0794293 0.0851102 0.0670534 0.0706151 0.0945080 0.1193539 0.0999320 0.0865756 0.0525353 0.0743555 0.0714098 0.0846230 0.0493306 0.0532409 0.0260048 0.1008581 0.0786750 0.0572415 0.0750542 0.0664107 0.0000000 0.0912205 0.0893850 0.0623025 0.0767143 0.1016773 0.0893727 0.0755382 0.0700670 0.0670387 0.0751810 0.0578615 0.0623879 0.0540945 0.0693469 0.1060756 0.0963155 0.0770680 0.0983028 0.0814352 0.1056096 0.1174557 0.0909100 0.0985692 0.0711640 0.1057144 0.0794484 0.0740024 0.0787765 0.0616204 0.0535044 0.0488380 0.0590335 0.1001767 0.0911131 0.0858148 0.0788395 0.0950252 0.0863801 0.0743537 0.0749547 0.0752485 0.0849223 0.0750387 0.0760595 0.0751634 0.0741129 0.0574093 0.1024920 0.0627937 0.0897635 0.0172773 0.0707735 0.0865407 0.0665183 0.0716680 0.0796264 0.0584012 0.0750905 0.0933370 0.0700116 0.0613129 0.0782206 0.0891839 0.0484693 0.0753358 0.0532458 0.1354519 0.0662668 0.0707881 0.0745763 0.0616285 
S0689       0.1057026 0.1087577 0.1116914 0.1058892 0.0949175 0.0949501 0.1469455 0.1580601 0.1488300 0.0980570 0.1039058 0.0582600 0.1030481 0.0910142 0.1088071 0.0660540 0.0706965 0.1182370 0.0895361 0.1032832 0.0970584 0.1043874 0.0912205 0.0000000 0.1145591 0.0902836 0.0970616 0.1088166 0.1007153 0.0955126 0.1130154 0.0847767 0.1090083 0.0903785 0.0860017 0.0861679 0.1339621 0.1210059 0.1317421 0.1173016 0.1177757 0.1075460 0.1190162 0.1207912 0.1033710 0.1217165 0.1120065 0.1364218 0.1040448 0.0724865 0.1028424 0.1128645 0.1002744 0.1196709 0.1140897 0.1275432 0.1106095 0.1024619 0.0977958 0.1145589 0.0991312 0.1025200 0.0984307 0.1117345 0.1056016 0.1177811 0.1214529 0.0999298 0.0954326 0.1105966 0.1290088 0.0865884 0.1240244 0.0767571 0.1020365 0.1150161 0.0905999 0.1061121 0.1246917 0.1181594 0.1193109 0.1534836 0.1129168 0.0487881 0.0996919 0.1074433 0.1158561 0.1115754 0.0850073 0.1659326 0.0993730 0.1118746 0.0792709 0.0898719 
S0690       0.0588761 0.0804451 0.0046653 0.0933178 0.0737387 0.0536662 0.0869290 0.1230924 0.1234509 0.0746454 0.0781792 0.0882398 0.0097383 0.0730703 0.0801371 0.0960823 0.0000010 0.0875343 0.0968462 0.0840315 0.0197003 0.0903659 0.0893850 0.1145591 0.0000000 0.0594342 0.0871588 0.1130242 0.0889122 0.0866915 0.0143827 0.0723187 0.0096103 0.0715000 0.0657113 0.0540053 0.0718733 0.0829499 0.0730413 0.0933891 0.0960697 0.0748011 0.0726488 0.0797888 0.1098758 0.0830397 0.0535972 0.0602571 0.0713601 0.0000010 0.0047078 0.0399583 0.0717726 0.0923827 0.0933637 0.1074292 0.0714968 0.0718328 0.0047078 0.0682497 0.0776489 0.0094831 0.0094831 0.0479759 0.0718532 0.0476144 0.0869814 0.0597240 0.0658488 0.0842895 0.0349347 0.0663127 0.1052965 0.0706549 0.0000023 0.1003789 0.0482283 0.0593908 0.0246757 0.1030620 0.0145187 0.1144307 0.0143686 0.0767712 0.0588268 0.0860018 0.0794896 0.0478649 0.0649183 0.1795726 0.0666524 0.0662661 0.1246498 0.0710645 
S0720       0.0651435 0.0176715 0.0669823 0.0496273 0.0580323 0.0482713 0.0715585 0.1057830 0.0804987 0.0458037 0.0530078 0.0809847 0.0590210 0.0673894 0.0625154 0.0486821 0.0402874 0.0720317 0.0750242 0.0520526 0.0657379 0.0482301 0.0623025 0.0902836 0.0594342 0.0000000 0.0418209 0.0858679 0.0793079 0.0412137 0.0579223 0.0067804 0.0628058 0.0067346 0.0033564 0.0000024 0.0613694 0.0633667 0.0770627 0.0174702 0.0926339 0.0510474 0.0718784 0.0856422 0.0871313 0.0669473 0.0576955 0.0843516 0.0563806 0.0919639 0.0664388 0.0708066 0.0494456 0.0576522 0.0594956 0.0760141 0.0631084 0.0486894 0.0620655 0.0540435 0.0825788 0.0621197 0.0582218 0.0532112 0.0611732 0.0664496 0.0815331 0.0483929 0.0567527 0.0522062 0.0754247 0.0033752 0.1013781 0.0493662 0.0585008 0.0248261 0.0485225 0.0538312 0.0671496 0.0680903 0.0575091 0.0881023 0.0578767 0.0661464 0.0647311 0.0749341 0.0670154 0.0659643 0.0320120 0.1345819 0.0175778 0.0617252 0.0797304 0.0396054 
S0724sl     0.0857384 0.0605206 0.0834277 0.0033899 0.0677956 0.0621088 0.0888334 0.1300959 0.0711437 0.0034564 0.0668045 0.0759431 0.0749964 0.0688136 0.0771231 0.0623480 0.0272915 0.0829180 0.0809432 0.0761533 0.0817836 0.0619052 0.0767143 0.0970616 0.0871588 0.0418209 0.0000000 0.1043085 0.0972602 0.0000029 0.0828784 0.0421887 0.0789475 0.0418602 0.0379247 0.0381081 0.0756559 0.0409651 0.0835523 0.0642758 0.1070700 0.0374650 0.1077552 0.1086637 0.0888632 0.0800527 0.0682093 0.1140307 0.0758421 0.0962819 0.0827059 0.0971550 0.0631751 0.0625818 0.0849018 0.0619026 0.0156888 0.0148629 0.0779644 0.0410694 0.0933155 0.0780352 0.0739197 0.0758940 0.0812836 0.0826265 0.0973334 0.0616769 0.0717604 0.0763824 0.0879497 0.0381652 0.1101094 0.0629599 0.0742933 0.0734865 0.0630012 0.0687650 0.0933656 0.0777155 0.0884341 0.1108222 0.0828088 0.0763754 0.0758722 0.0917702 0.0680746 0.0820166 0.0623541 0.1407316 0.0416111 0.0771039 0.0862296 0.0710528 
S0735       0.1112446 0.1099621 0.1043765 0.1081435 0.1138232 0.0969635 0.1270439 0.1849440 0.1492608 0.0993351 0.0997880 0.1062804 0.0898805 0.0979695 0.1058259 0.0752956 0.0460895 0.1331493 0.0944849 0.1130502 0.1041817 0.1180440 0.1016773 0.1088166 0.1130242 0.0858679 0.1043085 0.0000000 0.1196539 0.1029250 0.0982511 0.0966104 0.0940745 0.0957449 0.0911001 0.0815621 0.1100673 0.1272517 0.1210320 0.1139350 0.0353716 0.1125785 0.1365027 0.1534802 0.0609396 0.1312770 0.0820009 0.1190388 0.1176290 0.0678572 0.0980332 0.1086822 0.0965573 0.1190423 0.1241780 0.1371833 0.1208349 0.1090902 0.0981214 0.1201162 0.0943040 0.0929088 0.0881523 0.0971029 0.1139225 0.1031089 0.1138440 0.0972646 0.1076296 0.1134047 0.1121823 0.0917578 0.1711924 0.0860356 0.0942530 0.1251287 0.0975608 0.0835272 0.0992281 0.1195089 0.0921900 0.1082672 0.0981627 0.0751368 0.0856430 0.0979821 0.1072509 0.1024518 0.0849547 0.1923956 0.0969021 0.0875020 0.1124855 0.0947097 
S0742       0.0833034 0.1011833 0.0933596 0.1061036 0.1003969 0.0751102 0.0863950 0.1282400 0.1430756 0.0970985 0.0925795 0.0457313 0.0915905 0.0410049 0.1039566 0.0573500 0.0713146 0.1078726 0.0616033 0.0817139 0.0948494 0.0973737 0.0893727 0.1007153 0.0889122 0.0793079 0.0972602 0.1196539 0.0000000 0.0957054 0.0850013 0.0754245 0.0905626 0.0704612 0.0751843 0.0710363 0.0879597 0.1080017 0.1185462 0.1047976 0.0935517 0.1043071 0.0953591 0.1199328 0.0975284 0.1084293 0.0938203 0.1006100 0.0883759 0.1108158 0.0942183 0.1037055 0.0895593 0.0954074 0.1030433 0.1273063 0.0923889 0.1065443 0.0942963 0.0967071 0.0969136 0.0804376 0.0808752 0.0796422 0.0617399 0.0756897 0.1006903 0.0797280 0.0799676 0.0943576 0.1045657 0.0756801 0.1336591 0.0707034 0.0843942 0.1097886 0.0755259 0.0800375 0.0952735 0.1130478 0.0904515 0.1141205 0.0849317 0.0700586 0.0695565 0.0939604 0.1040406 0.0843821 0.0743685 0.1575389 0.0944276 0.0889210 0.0659076 0.0834174 
S0748       0.0844113 0.0595899 0.0821073 0.0067648 0.0711487 0.0611915 0.0928005 0.1344424 0.0795832 0.0068643 0.0701190 0.0755625 0.0738091 0.0677534 0.0804455 0.0614235 0.0402874 0.0862588 0.0796999 0.0757707 0.0805147 0.0694142 0.0755382 0.0955126 0.0866915 0.0412137 0.0000029 0.1029250 0.0957054 0.0000000 0.0815755 0.0415708 0.0777023 0.0412519 0.0373752 0.0375532 0.0789297 0.0443381 0.0869096 0.0632920 0.1064844 0.0369288 0.1071615 0.1118899 0.0874381 0.0834781 0.0765328 0.1121469 0.0746925 0.0919639 0.0814082 0.0956027 0.0665383 0.0664604 0.0844585 0.0652248 0.0156888 0.0198471 0.0767492 0.0484583 0.1011517 0.0768179 0.0727658 0.0747426 0.0800304 0.0813322 0.0957762 0.0607724 0.0706731 0.0759976 0.0865532 0.0376087 0.1094139 0.0620172 0.0731282 0.0723458 0.0663586 0.0771510 0.0918663 0.0818269 0.0870233 0.1139623 0.0815080 0.0752092 0.0836585 0.0950392 0.0714411 0.0853258 0.0614295 0.1382625 0.0450255 0.0855381 0.0848882 0.0699872 
S0756       0.0524960 0.0767214 0.0102656 0.0915136 0.0773218 0.0454405 0.0679722 0.1189144 0.1219198 0.0822009 0.0618615 0.1019409 0.0103831 0.0682176 0.0672898 0.0760037 0.0260048 0.0882370 0.0803991 0.0826615 0.0249861 0.0794989 0.0700670 0.1130154 0.0143827 0.0579223 0.0828784 0.0982511 0.0850013 0.0815755 0.0000000 0.0670314 0.0102857 0.0664918 0.0623806 0.0540403 0.0794322 0.0933539 0.0776687 0.0815996 0.1011354 0.0832078 0.0861510 0.1027797 0.0878168 0.0794440 0.0625125 0.0574853 0.0620875 0.0740024 0.0136686 0.0280285 0.0630382 0.0771655 0.0917762 0.1222185 0.0922706 0.0864937 0.0136782 0.0826142 0.0789687 0.0101883 0.0102602 0.0409056 0.0671393 0.0408056 0.0773870 0.0496390 0.0456791 0.0829114 0.0319264 0.0627864 0.1112101 0.0569562 0.0137861 0.0911945 0.0456819 0.0544342 0.0137943 0.0886157 0.0102740 0.1047218 0.0067527 0.0712856 0.0611549 0.0712751 0.0765285 0.0579498 0.0532446 0.1677487 0.0673877 0.0580870 0.0946648 0.0532972 
S0760       0.0657253 0.0252337 0.0764641 0.0500665 0.0622344 0.0568309 0.0718988 0.1115176 0.0904638 0.0462090 0.0618329 0.0757043 0.0683328 0.0680136 0.0718175 0.0573280 0.0402874 0.0817764 0.0757161 0.0582425 0.0750118 0.0567830 0.0670387 0.0847767 0.0723187 0.0067804 0.0421887 0.0966104 0.0754245 0.0415708 0.0670314 0.0000000 0.0721670 0.0067857 0.0033808 0.0068805 0.0704747 0.0728280 0.0870352 0.0249411 0.1073945 0.0601905 0.0708960 0.0847761 0.0879771 0.0764249 0.0667654 0.0943596 0.0608841 0.0919639 0.0758283 0.0803447 0.0582401 0.0622690 0.0723837 0.0858277 0.0644525 0.0493033 0.0712992 0.0630716 0.0923370 0.0668486 0.0673862 0.0620801 0.0658151 0.0758357 0.0867503 0.0569777 0.0612907 0.0644360 0.0851506 0.0033998 0.1104914 0.0538260 0.0677160 0.0325538 0.0571330 0.0628143 0.0766575 0.0730372 0.0665402 0.0981459 0.0669776 0.0667467 0.0693960 0.0845776 0.0718675 0.0707355 0.0398960 0.1301992 0.0250965 0.0708954 0.0745389 0.0477316 
S0763       0.0529085 0.0773734 0.0138920 0.0875974 0.0780544 0.0458006 0.0825119 0.1255436 0.1179354 0.0783012 0.0668108 0.0966683 0.0069327 0.0687937 0.0724471 0.0813567 0.0260048 0.0890185 0.0858491 0.0902152 0.0214545 0.0848742 0.0751810 0.1090083 0.0096103 0.0628058 0.0789475 0.0940745 0.0905626 0.0777023 0.0102857 0.0721670 0.0000000 0.0715765 0.0673834 0.0588606 0.0847975 0.0941768 0.0783376 0.0871587 0.0955927 0.0792595 0.0871945 0.1037043 0.0936182 0.0801442 0.0630252 0.0579415 0.0625937 0.0740024 0.0102677 0.0320097 0.0681028 0.0826203 0.0998508 0.1182272 0.0835564 0.0810239 0.0102750 0.0882544 0.0796244 0.0068026 0.0068511 0.0412233 0.0676975 0.0411173 0.0780505 0.0500354 0.0544867 0.0904919 0.0284324 0.0678288 0.1131606 0.0617393 0.0103560 0.0969971 0.0460460 0.0592947 0.0175023 0.0944779 0.0139036 0.1107991 0.0102784 0.0765111 0.0616456 0.0718681 0.0726917 0.0584189 0.0579800 0.1694407 0.0725555 0.0629861 0.1004727 0.0580378 
S0765       0.0567523 0.0213192 0.0758358 0.0496747 0.0579639 0.0482165 0.0669497 0.1056518 0.0804013 0.0458472 0.0529466 0.0689777 0.0677713 0.0674573 0.0624412 0.0486264 0.0402874 0.0719444 0.0750997 0.0519700 0.0744067 0.0481755 0.0578615 0.0903785 0.0715000 0.0067346 0.0418602 0.0957449 0.0704612 0.0412519 0.0664918 0.0067857 0.0715765 0.0000000 0.0033590 0.0033930 0.0612979 0.0722257 0.0769684 0.0247622 0.0924748 0.0552890 0.0717583 0.0855376 0.0872238 0.0668673 0.0576278 0.0842502 0.0563161 0.0919639 0.0752100 0.0707223 0.0493882 0.0533079 0.0593978 0.0759223 0.0532800 0.0428753 0.0707223 0.0625649 0.0824814 0.0707842 0.0668405 0.0531494 0.0611021 0.0663709 0.0814333 0.0483379 0.0524899 0.0521231 0.0844446 0.0033778 0.0932134 0.0451444 0.0671648 0.0323158 0.0484671 0.0537680 0.0760261 0.0634729 0.0660087 0.0879970 0.0664388 0.0662116 0.0646563 0.0748449 0.0624809 0.0658867 0.0319771 0.1235661 0.0249153 0.0616528 0.0708350 0.0395618 
S0770       0.0611791 0.0214000 0.0716152 0.0456995 0.0624960 0.0524688 0.0716693 0.1111224 0.0853578 0.0418846 0.0573314 0.0753765 0.0635766 0.0632816 0.0670642 0.0529211 0.0402874 0.0767894 0.0709244 0.0580018 0.0702716 0.0524243 0.0623879 0.0860017 0.0657113 0.0033564 0.0379247 0.0911001 0.0751843 0.0373752 0.0623806 0.0033808 0.0673834 0.0033590 0.0000000 0.0034054 0.0658241 0.0679923 0.0819279 0.0211551 0.0997896 0.0555257 0.0784616 0.0906101 0.0828048 0.0715787 0.0621348 0.0892304 0.0607022 0.0919639 0.0710281 0.0754653 0.0537565 0.0577291 0.0657740 0.0808030 0.0537955 0.0431238 0.0665818 0.0584641 0.0873378 0.0666402 0.0627060 0.0575558 0.0656134 0.0710373 0.0864593 0.0526026 0.0568329 0.0581741 0.0801716 0.0000010 0.1009319 0.0494295 0.0630101 0.0286322 0.0527445 0.0582312 0.0717957 0.0681880 0.0619299 0.0929965 0.0623310 0.0621180 0.0691832 0.0796415 0.0671097 0.0705140 0.0358904 0.1296952 0.0212860 0.0662110 0.0755857 0.0435975 
S0795       0.0570469 0.0178747 0.0630211 0.0459180 0.0499103 0.0405380 0.0679349 0.0965861 0.0720924 0.0420863 0.0450898 0.0697431 0.0550648 0.0635865 0.0542808 0.0409916 0.0402874 0.0637040 0.0710587 0.0412107 0.0618519 0.0405022 0.0540945 0.0861679 0.0540053 0.0000024 0.0381081 0.0815621 0.0710363 0.0375532 0.0540403 0.0068805 0.0588606 0.0033930 0.0034054 0.0000000 0.0532932 0.0595563 0.0684089 0.0177361 0.0802026 0.0470334 0.0601695 0.0768908 0.0829672 0.0591775 0.0496141 0.0757419 0.0484973 0.0919639 0.0625111 0.0624562 0.0415178 0.0497217 0.0481611 0.0676780 0.0538697 0.0431663 0.0581660 0.0503062 0.0741612 0.0582170 0.0543190 0.0452581 0.0531215 0.0581836 0.0728143 0.0406384 0.0488156 0.0413321 0.0716381 0.0034248 0.0861495 0.0414485 0.0545803 0.0252094 0.0407473 0.0457837 0.0631803 0.0596096 0.0536561 0.0795002 0.0539977 0.0622357 0.0566906 0.0665363 0.0586770 0.0577619 0.0247142 0.1243288 0.0178469 0.0535972 0.0714160 0.0284188 
S0827       0.0955981 0.0814297 0.0891626 0.0884822 0.0484565 0.0696969 0.0756262 0.0909216 0.0939083 0.0899911 0.0432168 0.0851839 0.0809866 0.0881735 0.0519502 0.0690156 0.0689866 0.0883364 0.0910342 0.0391096 0.0844663 0.0643575 0.0693469 0.1339621 0.0718733 0.0613694 0.0756559 0.1100673 0.0879597 0.0789297 0.0794322 0.0704747 0.0847975 0.0612979 0.0658241 0.0532932 0.0000000 0.1043337 0.0903462 0.0850332 0.0902144 0.0770393 0.0700954 0.0941589 0.1135761 0.0859113 0.0702309 0.1087876 0.0738917 0.1643885 0.0884129 0.0884848 0.0323462 0.0619481 0.0456108 0.0985566 0.0598741 0.0906012 0.0884848 0.0843889 0.0850686 0.0838477 0.0753845 0.0784473 0.0776588 0.0835417 0.0781571 0.0741764 0.0789356 0.0392190 0.1078969 0.0662488 0.0674497 0.0562763 0.0802487 0.0851614 0.0568601 0.0619545 0.0893847 0.0709079 0.0846947 0.0401125 0.0793683 0.0907669 0.0685585 0.0879795 0.0571603 0.0654541 0.0691700 0.1620032 0.0569362 0.0743348 0.0956608 0.0778119 
S0888       0.1038248 0.0826835 0.0891401 0.0486441 0.0905832 0.0702642 0.1105360 0.1544533 0.1002072 0.0535311 0.0947275 0.0973243 0.0885288 0.0771804 0.1064478 0.0852152 0.1035792 0.1064296 0.1006129 0.0844954 0.0968389 0.0845768 0.1060756 0.1210059 0.0829499 0.0633667 0.0409651 0.1272517 0.1080017 0.0443381 0.0933539 0.0728280 0.0941768 0.0722257 0.0679923 0.0595563 0.1043337 0.0000000 0.1191510 0.0879890 0.1176686 0.0535154 0.1084109 0.1338294 0.1198978 0.1089841 0.1005457 0.1027793 0.0935979 0.1481063 0.0979594 0.1128929 0.0910777 0.0959111 0.0939019 0.0846280 0.0515205 0.0595159 0.0929756 0.0139178 0.1214283 0.0930609 0.0888394 0.0843397 0.0994521 0.0912430 0.1058250 0.0785947 0.0942585 0.0847562 0.1035502 0.0684460 0.1291495 0.0909416 0.0892967 0.0979369 0.0848694 0.0934715 0.1043230 0.1136776 0.0992029 0.1431091 0.0932739 0.1005111 0.1030985 0.1155874 0.1065099 0.1052168 0.0852244 0.1671488 0.0674017 0.0954406 0.1164958 0.0901014 
S0959       0.0807730 0.0784183 0.0876573 0.0970930 0.0724832 0.0539498 0.1200090 0.1304251 0.1195930 0.0929819 0.0719108 0.0978740 0.0792307 0.0985315 0.0777787 0.0870576 0.0585231 0.0462521 0.0902971 0.0705041 0.0811626 0.0709913 0.0963155 0.1317421 0.0730413 0.0770627 0.0835523 0.1210320 0.1185462 0.0869096 0.0776687 0.0870352 0.0783376 0.0769684 0.0819279 0.0684089 0.0903462 0.1191510 0.0000000 0.1030577 0.0874394 0.0901726 0.0596526 0.0632424 0.1150194 0.0424340 0.0639625 0.0980618 0.0665927 0.1593091 0.0820716 0.0914578 0.0682449 0.0980446 0.0790096 0.1175955 0.0957182 0.1026503 0.0773689 0.1046260 0.0761579 0.0774387 0.0690172 0.0635551 0.0577814 0.0677842 0.0965993 0.0582910 0.0628708 0.0707170 0.0720221 0.0824873 0.1019756 0.0815913 0.0784781 0.1134654 0.0414735 0.0655728 0.0879012 0.0986796 0.0830716 0.1049849 0.0776042 0.0930598 0.0582936 0.0685034 0.0938963 0.0459005 0.0629729 0.1604283 0.0782184 0.0693742 0.1188719 0.0630365 
S1083       0.0799548 0.0372197 0.0916615 0.0726039 0.0817339 0.0704757 0.0855231 0.1344972 0.1013675 0.0685667 0.0759221 0.1164626 0.0832441 0.0922573 0.0867093 0.0711190 0.0402874 0.0974185 0.1001675 0.0841063 0.0898571 0.0704170 0.0770680 0.1173016 0.0933891 0.0174702 0.0642758 0.1139350 0.1047976 0.0632920 0.0815996 0.0249411 0.0871587 0.0247622 0.0211551 0.0177361 0.0850332 0.0879890 0.1030577 0.0000000 0.1145201 0.0748253 0.1076150 0.1007389 0.1025423 0.0854077 0.0812690 0.1104399 0.0792950 0.0919639 0.0908673 0.0956338 0.0722772 0.0720334 0.0934574 0.1015837 0.0980977 0.0683077 0.0860768 0.0775060 0.1079977 0.0861541 0.0820509 0.0762447 0.0847587 0.0908686 0.1078744 0.0706645 0.0798439 0.0843651 0.1007588 0.0212797 0.1482479 0.0721670 0.0824630 0.0138133 0.0708630 0.0771730 0.0918957 0.0835322 0.0809757 0.1045774 0.0815320 0.0904489 0.0883930 0.1000443 0.0821550 0.0901689 0.0524106 0.1408028 0.0370084 0.0855638 0.1053694 0.0606488 
S1100       0.0913681 0.1099375 0.1025102 0.1134124 0.0925952 0.0791323 0.1389305 0.1728381 0.1378773 0.0948846 0.0968015 0.0713576 0.0971723 0.0947169 0.0980125 0.0644495 0.0000010 0.0937049 0.0836903 0.0899349 0.0935781 0.1057549 0.0983028 0.1177757 0.0960697 0.0926339 0.1070700 0.0353716 0.0935517 0.1064844 0.1011354 0.1073945 0.0955927 0.0924748 0.0997896 0.0802026 0.0902144 0.1176686 0.0874394 0.1145201 0.0000000 0.0969088 0.1030741 0.1114385 0.0402808 0.0893009 0.0666281 0.1034837 0.1052687 0.0000010 0.0874747 0.1218862 0.0900847 0.1118601 0.0995285 0.1001087 0.1057518 0.1062866 0.0874747 0.1010004 0.0709475 0.0940220 0.0871213 0.0796822 0.0859244 0.0801335 0.1282275 0.0857976 0.0925050 0.0902089 0.1125201 0.1007646 0.1292589 0.0787238 0.0954552 0.1219259 0.0733967 0.0727040 0.1168561 0.1059537 0.1023525 0.1106240 0.1010148 0.0784869 0.0599249 0.0877283 0.0984482 0.0668843 0.0784488 0.2057187 0.0918937 0.0801285 0.1064454 0.0849446 
