136
PAFTOL_019361 0.0000000 0.2082819 0.2271672 0.2233208 0.2113357 0.2105371 0.2286915 0.2105426 0.1989556 0.2151294 0.2285515 0.2154940 0.2306117 0.2345273 0.2144078 0.2278772 0.2012734 0.2124919 0.2245477 0.2279748 0.2111610 0.2032425 0.2039189 0.2175198 0.2087729 0.2001402 0.1946784 0.2097089 0.2389497 0.2274361 0.2038899 0.2056570 0.2268516 0.2301206 0.2415303 0.2176067 0.2140968 0.2033447 0.2073714 0.1978737 0.2032911 0.2027585 0.2140127 0.2049274 0.2251677 0.2136510 0.2172010 0.2270830 0.2277295 0.2026279 0.2110550 0.1933123 0.2035930 0.1923574 0.1928532 0.2139403 0.2029168 0.1975459 0.2302063 0.1976680 0.1967687 0.1911123 0.2349777 0.2159409 0.2097329 0.2106291 0.2074845 0.2098411 0.2554796 0.2064445 0.2214887 0.2105702 0.2398969 0.2355627 0.2086017 0.2098221 0.2138250 0.1943010 0.2137721 0.2140004 0.2136731 0.2122897 0.2253564 0.2119140 0.2132618 0.2132940 0.2003611 0.2127517 0.1954646 0.1977229 0.1967444 0.1961301 0.2339045 0.1974798 0.2337953 0.2246506 0.2277381 0.2373073 0.2037420 0.2320892 0.2152804 0.1993910 0.2037519 0.1992631 0.2176951 0.2130811 0.2047520 0.2027701 0.2037647 0.1979039 0.2145142 0.2106092 0.1948731 0.2123016 0.2064143 0.2021218 0.2012393 0.2300126 0.2066061 0.1989139 0.2107255 0.2168421 0.2007180 0.2087914 0.1981267 0.2011046 0.2096808 0.2105107 0.2106071 0.2033284 0.1931061 0.2328717 0.1915581 0.2007169 0.2049718 0.1925712 
S0055         0.2082819 0.0000000 0.0978442 0.1059607 0.0916221 0.0580496 0.1021180 0.0925267 0.0680067 0.0630103 0.0930264 0.1006865 0.1018972 0.1064896 0.0943000 0.1024795 0.0830991 0.0830927 0.0936651 0.1017675 0.0762176 0.0500724 0.0522566 0.0938337 0.0766697 0.0804820 0.0689831 0.0741613 0.1161229 0.1008354 0.0819991 0.0784727 0.0834426 0.1053544 0.1110877 0.0996684 0.0647124 0.0513086 0.0876653 0.0756346 0.0822310 0.0677429 0.0632218 0.0831907 0.0981159 0.1255968 0.0814025 0.1010555 0.0902182 0.0531710 0.0811933 0.0685784 0.0517104 0.0678129 0.0682484 0.0860514 0.0823449 0.0768284 0.1003689 0.0772220 0.0749875 0.0629649 0.1101204 0.0887322 0.0816542 0.0822151 0.0784448 0.0805163 0.1156198 0.0852548 0.1318450 0.0861390 0.1101389 0.1080504 0.0817689 0.0832019 0.1230927 0.0696320 0.1251233 0.0886712 0.0842758 0.0820893 0.1015153 0.0620879 0.0813965 0.1248028 0.0492331 0.0619771 0.0701541 0.0792991 0.0765163 0.0768428 0.1072869 0.0772925 0.1207416 0.0996299 0.1020206 0.1091086 0.0514199 0.1014666 0.0837846 0.0683830 0.0526923 0.0486717 0.0350769 0.0817537 0.0546933 0.0811038 0.0745112 0.0704805 0.0963247 0.0586232 0.0697672 0.0920259 0.0849082 0.0802219 0.0517978 0.0881478 0.0775867 0.0704739 0.0595140 0.0978974 0.0518769 0.0876113 0.0487915 0.0619758 0.0829242 0.0794729 0.0897941 0.0724948 0.0644920 0.1016287 0.0649751 0.0704123 0.0719196 0.0630185 
S0196sl       0.2271672 0.0978442 0.0000000 0.1262270 0.0698235 0.0976584 0.1125059 0.1110053 0.0856179 0.0987646 0.1162972 0.1202459 0.1132041 0.1163588 0.1144481 0.1120808 0.0970062 0.1003163 0.1120089 0.1107974 0.1007305 0.0905690 0.0923292 0.1140767 0.1011273 0.0970659 0.0386968 0.0987898 0.1500547 0.1088235 0.1004637 0.0944028 0.1091232 0.1125960 0.1177666 0.1197259 0.1031507 0.0910049 0.1045892 0.0939260 0.0979823 0.0914483 0.0960343 0.0637034 0.1060050 0.1415084 0.1058441 0.1097215 0.1128937 0.0923418 0.0989108 0.0385976 0.0909397 0.0378453 0.0384310 0.1031214 0.0634806 0.0932996 0.1110426 0.0924273 0.0951074 0.0789271 0.1378011 0.0954211 0.0981349 0.0996916 0.0934388 0.0967074 0.1394659 0.0643135 0.1476250 0.1032441 0.1158901 0.1181268 0.1010152 0.1003189 0.1404185 0.0392256 0.1412060 0.1098666 0.1056529 0.0975905 0.1102817 0.1034606 0.1006511 0.1399736 0.0891418 0.1029701 0.0869258 0.0955980 0.0915506 0.0918886 0.1178255 0.0940743 0.1389139 0.1069601 0.1112516 0.1185347 0.0914895 0.1117227 0.1030720 0.0865770 0.0930812 0.0857124 0.1043987 0.0991426 0.0952097 0.0993757 0.0918320 0.0889475 0.1149012 0.1005222 0.0401134 0.1112485 0.0627245 0.0961582 0.0917023 0.0355380 0.0944956 0.0853372 0.0980147 0.1162033 0.0921263 0.1044063 0.0904910 0.0881017 0.1003500 0.0970655 0.1058423 0.0911180 0.0803643 0.1185478 0.0611795 0.0866851 0.0945711 0.0787796 
S0278         0.2233208 0.1059607 0.1262270 0.0000000 0.1110978 0.1080019 0.1176839 0.0467229 0.0971488 0.1100428 0.1254072 0.0450770 0.1174480 0.1247976 0.0466187 0.1173039 0.0601382 0.1100392 0.1140408 0.1185254 0.1091520 0.0992066 0.1010288 0.0482587 0.1109599 0.0547283 0.0924928 0.1069251 0.0944653 0.1169024 0.0689332 0.1040994 0.1174105 0.1217793 0.1266546 0.0438256 0.1098086 0.1015023 0.0632795 0.0692870 0.0754262 0.0989682 0.1116663 0.1043921 0.1142522 0.1422109 0.1152193 0.1171563 0.1164175 0.1010658 0.1078603 0.0929356 0.0995978 0.0917016 0.0917283 0.1104303 0.1035877 0.0695929 0.1223684 0.0704916 0.0719533 0.0902562 0.0866379 0.1072199 0.1072332 0.1090681 0.1040669 0.1068238 0.1520035 0.1037664 0.1484086 0.1120244 0.1336182 0.1288812 0.1060962 0.1060355 0.1397628 0.0931189 0.1418154 0.0807575 0.1104597 0.1098827 0.1240886 0.1103140 0.1089936 0.1418880 0.0994397 0.1113302 0.0981221 0.0558145 0.0691499 0.0699435 0.1222516 0.0704882 0.0473853 0.1163025 0.1163400 0.1257146 0.1009209 0.1240092 0.1064365 0.0965439 0.1002425 0.0973299 0.1116384 0.1073361 0.1031274 0.0749204 0.1021692 0.0985656 0.0480610 0.1083736 0.0939786 0.0489687 0.1030015 0.0741620 0.0995513 0.1307837 0.1039105 0.0965572 0.1088083 0.0475330 0.0993297 0.0801353 0.0995006 0.0951781 0.1068033 0.1078343 0.0827313 0.0998265 0.0922107 0.1248857 0.0885856 0.0979077 0.1051997 0.0895054 
S0281         0.2113357 0.0916221 0.0698235 0.1110978 0.0000000 0.0919489 0.0974802 0.1009169 0.0786799 0.0963850 0.1072335 0.1077243 0.0988295 0.1005715 0.1004139 0.0978577 0.0880375 0.0914615 0.0999204 0.0978185 0.0903898 0.0851019 0.0872790 0.0978053 0.0939924 0.0880696 0.0424771 0.0891191 0.1287203 0.0959183 0.0891318 0.0872519 0.1018534 0.0990084 0.1077584 0.1059699 0.0961477 0.0868768 0.0943024 0.0843417 0.0882412 0.0858407 0.0970529 0.0519162 0.0928009 0.1299689 0.0972831 0.0969081 0.0981765 0.0866181 0.0905688 0.0425717 0.0847421 0.0418874 0.0420494 0.0950429 0.0513011 0.0819639 0.0991485 0.0833088 0.0838684 0.0723788 0.1156987 0.0860360 0.0902280 0.0913126 0.0872555 0.0886196 0.1276575 0.0543329 0.1365480 0.0950729 0.1078983 0.1022945 0.0897401 0.0897035 0.1283816 0.0435969 0.1296162 0.0949141 0.0956064 0.0884330 0.0973391 0.0964029 0.0909698 0.1292598 0.0842600 0.0952541 0.0791706 0.0866149 0.0823811 0.0835600 0.1024515 0.0847169 0.1232086 0.0964853 0.0978641 0.1048326 0.0860049 0.1001893 0.0920173 0.0782293 0.0869365 0.0825594 0.0977007 0.0884390 0.0876259 0.0872085 0.0852119 0.0801242 0.1028244 0.0934110 0.0445987 0.0982097 0.0535699 0.0863871 0.0844737 0.0449236 0.0865206 0.0789468 0.0927405 0.1055869 0.0848661 0.0916381 0.0843424 0.0803165 0.0920559 0.0901072 0.0971385 0.0834346 0.0746045 0.1074993 0.0551052 0.0794466 0.0855107 0.0735650 
S0282         0.2105371 0.0580496 0.0976584 0.1080019 0.0919489 0.0000000 0.1017889 0.0930380 0.0693961 0.0338818 0.0936371 0.1005511 0.0987795 0.1057539 0.0921726 0.1009192 0.0816810 0.0838607 0.0868261 0.1007558 0.0751915 0.0206672 0.0299093 0.0882954 0.0778178 0.0803356 0.0687051 0.0733171 0.1143499 0.0997859 0.0784638 0.0772806 0.0836731 0.1049027 0.1075889 0.1013083 0.0459719 0.0281523 0.0876746 0.0765486 0.0807410 0.0657309 0.0311574 0.0821425 0.0972050 0.1236201 0.0826146 0.0993003 0.0930132 0.0321440 0.0819466 0.0684127 0.0217307 0.0675269 0.0685803 0.0874891 0.0816440 0.0766285 0.1013465 0.0761034 0.0727008 0.0619493 0.1069744 0.0870621 0.0818734 0.0826787 0.0779414 0.0802286 0.1158721 0.0829750 0.1297945 0.0851136 0.1105121 0.1063528 0.0838407 0.0841745 0.1214324 0.0694624 0.1222305 0.0846026 0.0839876 0.0827228 0.1002168 0.0494880 0.0820314 0.1226145 0.0219105 0.0472175 0.0707475 0.0785907 0.0752795 0.0757947 0.1059215 0.0781494 0.1214033 0.0984561 0.1007979 0.1073097 0.0288252 0.1023539 0.0844319 0.0694640 0.0252862 0.0279443 0.0643939 0.0827543 0.0416349 0.0808894 0.0758085 0.0725660 0.0967715 0.0448365 0.0699158 0.0883925 0.0821008 0.0797226 0.0222509 0.0851387 0.0787621 0.0701967 0.0387388 0.0997863 0.0368151 0.0880721 0.0340209 0.0615445 0.0821253 0.0804499 0.0888279 0.0735278 0.0633953 0.0989534 0.0645450 0.0711777 0.0709980 0.0617119 
S0288         0.2286915 0.1021180 0.1125059 0.1176839 0.0974802 0.1017889 0.0000000 0.1066714 0.0877894 0.1056918 0.1174448 0.1114081 0.0240128 0.0606545 0.1073755 0.0161432 0.0950723 0.0987401 0.1053895 0.0153259 0.0978844 0.0955453 0.0960196 0.1042896 0.1009306 0.0962086 0.0794735 0.0963012 0.1328791 0.0094601 0.0984682 0.0973316 0.1102009 0.0646683 0.0333321 0.1111436 0.1074697 0.0951441 0.1026836 0.0931142 0.0973015 0.0932064 0.1061523 0.0917294 0.0131283 0.1404781 0.1083522 0.0211529 0.1083521 0.0953846 0.1002140 0.0792630 0.0946818 0.0783391 0.0783141 0.1049535 0.0904434 0.0947572 0.0626687 0.0927245 0.0953455 0.0794809 0.1212145 0.0379459 0.1002575 0.1012013 0.0982460 0.0996172 0.1422828 0.0880578 0.1490256 0.1044193 0.0733469 0.0722770 0.1003368 0.0998940 0.1399543 0.0799794 0.1406184 0.1064011 0.1038538 0.0977887 0.0635878 0.1060877 0.0998587 0.1403003 0.0950301 0.1049678 0.0839696 0.0937669 0.0917519 0.0923726 0.0166678 0.0929948 0.1283271 0.0626523 0.0120701 0.0171295 0.0941091 0.0627725 0.1002786 0.0878462 0.0975944 0.0912802 0.1076928 0.0973164 0.0974218 0.0979302 0.0944315 0.0891456 0.1100382 0.1025430 0.0800958 0.1039376 0.0879954 0.0961195 0.0958916 0.0983048 0.0963645 0.0851937 0.1019998 0.1111852 0.0944127 0.1031685 0.0944243 0.0913502 0.1001687 0.0980548 0.1049605 0.0927912 0.0817395 0.1169861 0.0768094 0.0864576 0.0939608 0.0803654 
S0289         0.2105426 0.0925267 0.1110053 0.0467229 0.1009169 0.0930380 0.1066714 0.0000000 0.0819538 0.0958321 0.1094730 0.0414651 0.1064502 0.1126010 0.0258120 0.1072387 0.0479411 0.0956372 0.1045184 0.1062285 0.0967103 0.0847779 0.0871679 0.0346319 0.0950008 0.0421115 0.0779714 0.0940975 0.0791663 0.1054495 0.0556196 0.0916241 0.1025832 0.1104347 0.1142431 0.0402914 0.0972012 0.0869997 0.0531735 0.0572125 0.0623446 0.0870058 0.0961795 0.0907416 0.1022251 0.1305759 0.1017564 0.1057225 0.1060409 0.0886502 0.0949952 0.0782662 0.0856412 0.0763860 0.0778074 0.0985246 0.0901246 0.0574739 0.1089369 0.0575810 0.0603616 0.0760975 0.0732056 0.0953681 0.0943468 0.0960954 0.0911808 0.0938979 0.1324518 0.0903261 0.1364433 0.0986679 0.1196678 0.1158555 0.0941945 0.0946560 0.1288034 0.0791450 0.1300207 0.0679047 0.0966626 0.0950325 0.1093856 0.0981923 0.0946695 0.1295775 0.0851844 0.0969875 0.0828330 0.0419785 0.0563405 0.0569296 0.1114378 0.0585784 0.0621733 0.1055296 0.1059437 0.1131783 0.0870859 0.1111555 0.0957931 0.0835425 0.0871108 0.0819932 0.0989001 0.0959293 0.0905081 0.0622415 0.0891661 0.0844597 0.0301309 0.0944720 0.0794454 0.0335976 0.0898775 0.0611813 0.0857932 0.0982242 0.0902652 0.0831888 0.0944857 0.0381328 0.0860804 0.0697454 0.0847727 0.0848187 0.0948941 0.0934660 0.0702307 0.0870864 0.0777857 0.1115578 0.0744815 0.0841048 0.0928155 0.0749765 
S0292         0.1989556 0.0680067 0.0856179 0.0971488 0.0786799 0.0693961 0.0877894 0.0819538 0.0000000 0.0750963 0.0885662 0.0904643 0.0878016 0.0917348 0.0842245 0.0877341 0.0700720 0.0561410 0.0663428 0.0866196 0.0694566 0.0622408 0.0641432 0.0825987 0.0725489 0.0679276 0.0557685 0.0690411 0.1059844 0.0868837 0.0700469 0.0402794 0.0799387 0.0903610 0.0958328 0.0903776 0.0753551 0.0631702 0.0773629 0.0645088 0.0704329 0.0630475 0.0744948 0.0692679 0.0835999 0.1133598 0.0764479 0.0857627 0.0713137 0.0646296 0.0431036 0.0556853 0.0634685 0.0548970 0.0553465 0.0497815 0.0684655 0.0649417 0.0888884 0.0659636 0.0655642 0.0440626 0.0967378 0.0727839 0.0436495 0.0443906 0.0395895 0.0419156 0.1077029 0.0711689 0.1212845 0.0654085 0.0980314 0.0913959 0.0446538 0.0451952 0.1125022 0.0565872 0.1142230 0.0750976 0.0479125 0.0583251 0.0893910 0.0750724 0.0340569 0.1129535 0.0611888 0.0752514 0.0428020 0.0663134 0.0649748 0.0656163 0.0918149 0.0648834 0.1118911 0.0852401 0.0879148 0.0945304 0.0633510 0.0901745 0.0586279 0.0123235 0.0642227 0.0590369 0.0743437 0.0327300 0.0670068 0.0700017 0.0183109 0.0114399 0.0857599 0.0727023 0.0571017 0.0809474 0.0701288 0.0691202 0.0631130 0.0758813 0.0290717 0.0440219 0.0715449 0.0883030 0.0629727 0.0753284 0.0617920 0.0566295 0.0572284 0.0540012 0.0782993 0.0361528 0.0452605 0.0802214 0.0518086 0.0441773 0.0663326 0.0444930 
S0293         0.2151294 0.0630103 0.0987646 0.1100428 0.0963850 0.0338818 0.1056918 0.0958321 0.0750963 0.0000000 0.0953976 0.1060362 0.1063879 0.1106440 0.0979332 0.1047481 0.0859562 0.0866929 0.0910426 0.1048988 0.0793388 0.0265446 0.0353490 0.0962042 0.0785955 0.0849322 0.0733704 0.0768564 0.1188209 0.1033972 0.0867014 0.0829072 0.0869157 0.1104757 0.1146024 0.1045704 0.0519690 0.0340200 0.0912823 0.0811358 0.0844221 0.0717092 0.0374995 0.0878007 0.1018279 0.1279668 0.0864042 0.1045755 0.0961932 0.0370056 0.0873979 0.0731359 0.0270206 0.0723410 0.0733210 0.0933993 0.0873006 0.0815711 0.1056041 0.0803439 0.0791846 0.0676718 0.1108058 0.0932552 0.0871389 0.0875782 0.0836329 0.0862717 0.1185950 0.0865603 0.1345088 0.0892898 0.1112622 0.1120470 0.0881347 0.0884554 0.1253797 0.0744451 0.1272261 0.0939995 0.0892526 0.0865308 0.1032067 0.0540141 0.0863757 0.1267057 0.0281031 0.0534426 0.0749473 0.0826521 0.0788922 0.0795075 0.1102699 0.0819846 0.1251101 0.1031867 0.1046391 0.1117878 0.0343171 0.1075554 0.0866537 0.0751785 0.0316705 0.0328991 0.0700956 0.0876722 0.0461078 0.0863745 0.0808556 0.0776839 0.1007936 0.0491702 0.0736588 0.0943550 0.0858082 0.0838471 0.0284961 0.0881827 0.0838863 0.0739601 0.0441553 0.1022402 0.0414222 0.0916467 0.0390228 0.0668290 0.0853297 0.0855702 0.0934693 0.0781573 0.0692563 0.1047721 0.0697442 0.0743618 0.0750595 0.0681026 
S0294         0.2285515 0.0930264 0.1162972 0.1254072 0.1072335 0.0936371 0.1174448 0.1094730 0.0885662 0.0953976 0.0000000 0.1183301 0.1204941 0.1231747 0.1134921 0.1179392 0.1000929 0.1032165 0.1149129 0.1174495 0.0963933 0.0861051 0.0867761 0.1136877 0.0844824 0.0978198 0.0878250 0.0946439 0.1373465 0.1167371 0.1015493 0.0967822 0.0914290 0.1227675 0.1296377 0.1182581 0.1000107 0.0864528 0.1068507 0.0956652 0.0989269 0.0786259 0.0978894 0.1010138 0.1136205 0.1399125 0.0881331 0.1178451 0.1113336 0.0887035 0.1014104 0.0882398 0.0861755 0.0875437 0.0868784 0.1066989 0.1005027 0.0945111 0.1200723 0.0942944 0.0947437 0.0831125 0.1323399 0.1045609 0.0998861 0.1017835 0.0962298 0.0986785 0.0815898 0.1034520 0.1469297 0.1050105 0.1302471 0.1265893 0.1024195 0.1025291 0.1380215 0.0894023 0.1401191 0.1077699 0.1044417 0.1001310 0.1199797 0.0987149 0.1010126 0.1383415 0.0855702 0.0984121 0.0886246 0.0981883 0.0934284 0.0942346 0.1234310 0.0970691 0.1402602 0.1161946 0.1180294 0.1249271 0.0868370 0.1221845 0.1039675 0.0882218 0.0886399 0.0838222 0.0993575 0.1017521 0.0882789 0.0986033 0.0949324 0.0901795 0.1132278 0.0955024 0.0895573 0.1119790 0.1027159 0.0976878 0.0860103 0.1028434 0.0972363 0.0893975 0.0963693 0.1146380 0.0857572 0.1068491 0.0847731 0.0756056 0.1029778 0.0994928 0.1084201 0.0924381 0.0844392 0.1194096 0.0843860 0.0895171 0.0919226 0.0825651 
S0299         0.2154940 0.1006865 0.1202459 0.0450770 0.1077243 0.1005511 0.1114081 0.0414651 0.0904643 0.1060362 0.1183301 0.0000000 0.1121050 0.1173329 0.0398065 0.1126732 0.0576560 0.1028253 0.1101240 0.1119095 0.1028261 0.0930811 0.0940528 0.0405193 0.1025643 0.0505911 0.0870123 0.0992986 0.0883329 0.1098961 0.0631366 0.0976325 0.1106147 0.1168471 0.1199012 0.0426546 0.1049201 0.0943610 0.0613603 0.0659102 0.0711004 0.0915561 0.1066123 0.1002713 0.1086313 0.1404167 0.1087592 0.1114938 0.1090583 0.0950315 0.1003213 0.0869958 0.0932936 0.0861684 0.0865445 0.1056210 0.0997740 0.0659843 0.1147526 0.0659395 0.0662708 0.0835301 0.0799932 0.1008414 0.1015310 0.1033041 0.0982834 0.1001044 0.1425618 0.0980108 0.1433259 0.1063274 0.1244771 0.1212182 0.0992199 0.0995202 0.1364717 0.0877247 0.1390594 0.0751843 0.1056094 0.1031443 0.1152875 0.1039234 0.1038616 0.1381977 0.0927617 0.1052219 0.0907635 0.0505346 0.0648326 0.0654983 0.1172007 0.0661449 0.0594692 0.1130324 0.1106205 0.1199839 0.0943310 0.1175079 0.1022618 0.0920087 0.0932276 0.0901583 0.1070030 0.1017253 0.0967808 0.0699910 0.0963385 0.0926428 0.0425162 0.1022849 0.0884332 0.0428122 0.0974337 0.0691257 0.0929937 0.1131671 0.0985720 0.0908875 0.1024450 0.0411332 0.0930366 0.0772969 0.0918218 0.0899626 0.1021392 0.1010244 0.0793814 0.0935412 0.0861438 0.1195348 0.0822304 0.0921900 0.0982553 0.0839745 
S0303         0.2306117 0.1018972 0.1132041 0.1174480 0.0988295 0.0987795 0.0240128 0.1064502 0.0878016 0.1063879 0.1204941 0.1121050 0.0000000 0.0595730 0.1084179 0.0239615 0.0968088 0.0986256 0.1020362 0.0219299 0.0985144 0.0953154 0.0960678 0.1065641 0.1016474 0.0977248 0.0802170 0.0952406 0.1314734 0.0213528 0.0990441 0.0958156 0.1118725 0.0680419 0.0225787 0.1133745 0.1062971 0.0954600 0.1037519 0.0943952 0.0979657 0.0922218 0.1079136 0.0932299 0.0203392 0.1401144 0.1080019 0.0120370 0.1074229 0.0959099 0.0993375 0.0797248 0.0939356 0.0789131 0.0793694 0.1050311 0.0925199 0.0955723 0.0636451 0.0933739 0.0950028 0.0799379 0.1208959 0.0383536 0.0985932 0.1001732 0.0971433 0.0981146 0.1444106 0.0886408 0.1484216 0.1037961 0.0736798 0.0728514 0.0998194 0.0986926 0.1390084 0.0808411 0.1399514 0.1051177 0.1025110 0.0986146 0.0642671 0.1051238 0.0987472 0.1395691 0.0945965 0.1037680 0.0863165 0.0966817 0.0923867 0.0928673 0.0280450 0.0947925 0.1282339 0.0635361 0.0249012 0.0302454 0.0938775 0.0641537 0.0993151 0.0876620 0.0963000 0.0910209 0.1076519 0.0981668 0.0966922 0.0981844 0.0943954 0.0893265 0.1108019 0.1008792 0.0810622 0.1051154 0.0891052 0.0968363 0.0949639 0.1002987 0.0947593 0.0856936 0.1006173 0.1128585 0.0939793 0.1037599 0.0943013 0.0913057 0.1001233 0.0976163 0.1057752 0.0924011 0.0822224 0.1162181 0.0764814 0.0871570 0.0945927 0.0806859 
S0308         0.2345273 0.1064896 0.1163588 0.1247976 0.1005715 0.1057539 0.0606545 0.1126010 0.0917348 0.1106440 0.1231747 0.1173329 0.0595730 0.0000000 0.1148987 0.0592532 0.1029576 0.1038152 0.1146455 0.0584451 0.1047547 0.0995064 0.0997699 0.1107045 0.1062624 0.1032597 0.0845381 0.1026375 0.1356027 0.0578015 0.1032519 0.1024328 0.1157623 0.0678091 0.0685830 0.1182961 0.1098586 0.0986808 0.1083601 0.0988110 0.1027589 0.0969688 0.1096010 0.0958442 0.0563574 0.1446483 0.1121438 0.0577665 0.1097906 0.0983327 0.1066791 0.0838765 0.0974843 0.0832217 0.0829830 0.1118286 0.0959315 0.0982165 0.0693223 0.0991016 0.0984868 0.0851859 0.1265265 0.0479347 0.1048520 0.1066974 0.1033837 0.1052028 0.1453459 0.0935723 0.1522496 0.1086913 0.0784260 0.0766319 0.1049588 0.1047777 0.1433006 0.0850271 0.1449797 0.1072926 0.1077977 0.1032910 0.0687713 0.1091698 0.1023323 0.1435493 0.0978954 0.1077035 0.0935089 0.1006883 0.0981328 0.0989846 0.0638435 0.0985651 0.1369485 0.0649221 0.0606820 0.0662375 0.0972960 0.0693294 0.1032941 0.0916690 0.1005118 0.0953153 0.1107423 0.1012981 0.1014145 0.1021067 0.0979940 0.0930394 0.1161637 0.1057895 0.0852318 0.1101134 0.0929118 0.1018013 0.0983770 0.0963271 0.0997949 0.0920768 0.1054690 0.1185756 0.0970715 0.1079192 0.0965558 0.0949630 0.1055596 0.1024777 0.1096155 0.0983639 0.0871589 0.1204114 0.0801653 0.0934946 0.0987992 0.0850195 
S0320         0.2144078 0.0943000 0.1144481 0.0466187 0.1004139 0.0921726 0.1073755 0.0258120 0.0842245 0.0979332 0.1134921 0.0398065 0.1084179 0.1148987 0.0000000 0.1095221 0.0494813 0.0966236 0.1040115 0.1075250 0.0983375 0.0858382 0.0887347 0.0370073 0.0966405 0.0427445 0.0809982 0.0959800 0.0798244 0.1067009 0.0573975 0.0922124 0.1050793 0.1117365 0.1155244 0.0407904 0.0989643 0.0886147 0.0540523 0.0601752 0.0626815 0.0884232 0.0973241 0.0932919 0.1044867 0.1325934 0.1029320 0.1077707 0.1080563 0.0897197 0.0956168 0.0804942 0.0875470 0.0790484 0.0803461 0.0996742 0.0919066 0.0596099 0.1104811 0.0592415 0.0619458 0.0773287 0.0753798 0.0968197 0.0962852 0.0977036 0.0922455 0.0946744 0.1365951 0.0924340 0.1383386 0.1010458 0.1202238 0.1173523 0.0948036 0.0952589 0.1307086 0.0814071 0.1315655 0.0696416 0.0984920 0.0970695 0.1102879 0.0986492 0.0972235 0.1309071 0.0875331 0.0980060 0.0847955 0.0435280 0.0579563 0.0587835 0.1127703 0.0601314 0.0620482 0.1061859 0.1081458 0.1162285 0.0874264 0.1116965 0.0989610 0.0850036 0.0892542 0.0836158 0.0994497 0.0963275 0.0903718 0.0639789 0.0919794 0.0866156 0.0244403 0.0956910 0.0819238 0.0345337 0.0921879 0.0623837 0.0872846 0.1065091 0.0927435 0.0844598 0.0953627 0.0392590 0.0878369 0.0720384 0.0864376 0.0859958 0.0981964 0.0956310 0.0713442 0.0877842 0.0790740 0.1126376 0.0764794 0.0858435 0.0937111 0.0766260 
S0322         0.2278772 0.1024795 0.1120808 0.1173039 0.0978577 0.1009192 0.0161432 0.1072387 0.0877341 0.1047481 0.1179392 0.1126732 0.0239615 0.0592532 0.1095221 0.0000000 0.0965601 0.0985395 0.1027105 0.0131467 0.0991778 0.0952038 0.0958162 0.1057388 0.1006286 0.0979723 0.0792193 0.0954385 0.1294161 0.0143915 0.0996977 0.0981156 0.1112121 0.0659751 0.0323728 0.1122271 0.1057189 0.0952257 0.1032991 0.0936040 0.0974271 0.0926636 0.1063665 0.0920954 0.0111673 0.1400708 0.1079769 0.0214213 0.1073721 0.0957731 0.1019033 0.0789184 0.0938555 0.0782173 0.0779742 0.1058895 0.0914804 0.0950506 0.0626482 0.0933034 0.0948084 0.0803718 0.1201464 0.0365457 0.1009370 0.1020030 0.0989543 0.1000918 0.1411956 0.0884863 0.1494092 0.1043440 0.0724324 0.0724847 0.1011950 0.0999103 0.1393427 0.0802161 0.1405538 0.1060121 0.1040920 0.0972305 0.0637801 0.1062930 0.0989909 0.1396362 0.0941746 0.1045534 0.0871888 0.0947874 0.0921249 0.0931571 0.0207226 0.0946721 0.1266258 0.0622374 0.0166699 0.0223218 0.0941308 0.0632572 0.0996878 0.0882698 0.0964579 0.0908125 0.1088144 0.0976716 0.0977552 0.0974595 0.0942131 0.0886889 0.1109856 0.1022852 0.0801099 0.1040588 0.0887359 0.0959966 0.0948047 0.0989269 0.0954623 0.0862332 0.1018023 0.1124031 0.0929987 0.1033298 0.0937572 0.0910108 0.0999429 0.0985331 0.1053148 0.0924117 0.0825099 0.1173425 0.0770831 0.0872901 0.0949735 0.0813368 
S0327         0.2012734 0.0830991 0.0970062 0.0601382 0.0880375 0.0816810 0.0950723 0.0479411 0.0700720 0.0859562 0.1000929 0.0576560 0.0968088 0.1029576 0.0494813 0.0965601 0.0000000 0.0840764 0.0924543 0.0954619 0.0851769 0.0752795 0.0761886 0.0477177 0.0830852 0.0327969 0.0656930 0.0828592 0.0715964 0.0947905 0.0427289 0.0801449 0.0935900 0.1006811 0.1044639 0.0543721 0.0878735 0.0761578 0.0394834 0.0458750 0.0504573 0.0732799 0.0861172 0.0785757 0.0916674 0.1199704 0.0899546 0.0953101 0.0945784 0.0765633 0.0837970 0.0649249 0.0760354 0.0640506 0.0644808 0.0881344 0.0776331 0.0456308 0.0976397 0.0461157 0.0489921 0.0638999 0.0593566 0.0841318 0.0827647 0.0850764 0.0799478 0.0823952 0.1244912 0.0809431 0.1261123 0.0873756 0.1080301 0.1056739 0.0828937 0.0827771 0.1171618 0.0659513 0.1192598 0.0566464 0.0854326 0.0836275 0.0985468 0.0886946 0.0834995 0.1186138 0.0745139 0.0876365 0.0705282 0.0322009 0.0450094 0.0457393 0.1016337 0.0470796 0.0770417 0.0951792 0.0958076 0.1027475 0.0757116 0.0999106 0.0864131 0.0707989 0.0758839 0.0721518 0.0889865 0.0827755 0.0805237 0.0496820 0.0763787 0.0721560 0.0507693 0.0851291 0.0666445 0.0462896 0.0805018 0.0494939 0.0748722 0.0846372 0.0791449 0.0711827 0.0834626 0.0532021 0.0769268 0.0567239 0.0750076 0.0712955 0.0840751 0.0816597 0.0578821 0.0741908 0.0657275 0.1046484 0.0638838 0.0722598 0.0809804 0.0636962 
S0335         0.2124919 0.0830927 0.1003163 0.1100392 0.0914615 0.0838607 0.0987401 0.0956372 0.0561410 0.0866929 0.1032165 0.1028253 0.0986256 0.1038152 0.0966236 0.0985395 0.0840764 0.0000000 0.0622758 0.0976488 0.0824767 0.0771144 0.0769455 0.0944674 0.0851731 0.0820576 0.0706469 0.0806676 0.1194685 0.0974713 0.0826757 0.0663448 0.0939289 0.1023042 0.1059323 0.1033826 0.0892928 0.0781172 0.0903113 0.0787527 0.0841199 0.0762930 0.0904821 0.0836615 0.0940378 0.1289180 0.0907711 0.0966679 0.0842668 0.0791368 0.0697898 0.0700667 0.0774995 0.0686951 0.0697379 0.0764173 0.0828228 0.0798027 0.1013013 0.0790849 0.0791185 0.0587199 0.1094744 0.0850267 0.0694047 0.0704449 0.0657485 0.0693132 0.1235602 0.0854141 0.1342568 0.0784205 0.1109626 0.1063845 0.0703334 0.0711860 0.1265536 0.0712026 0.1283211 0.0881946 0.0715423 0.0553443 0.1011862 0.0898869 0.0699667 0.1282330 0.0758261 0.0894317 0.0589663 0.0800835 0.0781850 0.0786152 0.1031778 0.0787478 0.1221801 0.0965182 0.0985673 0.1054926 0.0772616 0.1034844 0.0564704 0.0569186 0.0792727 0.0737156 0.0905000 0.0681724 0.0816229 0.0819054 0.0628626 0.0579996 0.0977903 0.0862068 0.0711426 0.0953864 0.0839151 0.0833980 0.0775317 0.0882531 0.0660597 0.0424139 0.0858710 0.1011673 0.0774742 0.0901211 0.0766701 0.0718014 0.0551969 0.0342764 0.0933696 0.0629853 0.0601533 0.0951513 0.0658786 0.0422873 0.0796353 0.0590539 
S0345         0.2245477 0.0936651 0.1120089 0.1140408 0.0999204 0.0868261 0.1053895 0.1045184 0.0663428 0.0910426 0.1149129 0.1101240 0.1020362 0.1146455 0.1040115 0.1027105 0.0924543 0.0622758 0.0000000 0.1038686 0.0902723 0.0813957 0.0833337 0.1004105 0.0890888 0.0894274 0.0809748 0.0931230 0.1231222 0.1033090 0.0950735 0.0752438 0.1005135 0.1109246 0.1086299 0.1095528 0.0960756 0.0824998 0.1011894 0.0875432 0.0893142 0.0855507 0.0949192 0.0956801 0.1005945 0.1418323 0.1022406 0.1029610 0.0902312 0.0862618 0.0776915 0.0812347 0.0831304 0.0793988 0.0806107 0.0838103 0.0946844 0.0874584 0.1054064 0.0864956 0.0864741 0.0672936 0.0991821 0.0930363 0.0779211 0.0811339 0.0748506 0.0774911 0.1372399 0.0943355 0.1508668 0.0889263 0.1159896 0.1108290 0.0804699 0.0820681 0.1391413 0.0831010 0.1424048 0.0940332 0.0825085 0.0714640 0.1062444 0.0941673 0.0788706 0.1410927 0.0818119 0.0955352 0.0666464 0.0900782 0.0855807 0.0847605 0.1053443 0.0908895 0.1296061 0.1052121 0.1037833 0.1046577 0.0820845 0.1063916 0.0284537 0.0676277 0.0835511 0.0786572 0.0999268 0.0780293 0.0888086 0.0915198 0.0725460 0.0657626 0.1051425 0.0941104 0.0818223 0.0975049 0.0945316 0.0908839 0.0831810 0.1018284 0.0749627 0.0561043 0.0909718 0.1078298 0.0831866 0.0995779 0.0813701 0.0809992 0.0310135 0.0630760 0.1002998 0.0698254 0.0701049 0.1026291 0.0732943 0.0570921 0.0893275 0.0670945 
S0355         0.2279748 0.1017675 0.1107974 0.1185254 0.0978185 0.1007558 0.0153259 0.1062285 0.0866196 0.1048988 0.1174495 0.1119095 0.0219299 0.0584451 0.1075250 0.0131467 0.0954619 0.0976488 0.1038686 0.0000000 0.0983751 0.0947502 0.0954598 0.1052253 0.1010832 0.0969829 0.0793811 0.0952053 0.1319245 0.0135292 0.0976388 0.0968443 0.1098264 0.0652519 0.0317250 0.1122113 0.1056643 0.0950613 0.1025922 0.0920981 0.0962095 0.0907399 0.1057998 0.0918965 0.0101617 0.1392411 0.1074278 0.0201504 0.1063293 0.0947925 0.1006858 0.0786930 0.0937174 0.0779964 0.0780562 0.1042860 0.0911755 0.0938384 0.0625563 0.0914111 0.0930031 0.0793147 0.1204619 0.0355477 0.0999696 0.1007924 0.0978928 0.0993241 0.1406909 0.0879129 0.1476881 0.1038753 0.0729317 0.0717797 0.0999018 0.0987051 0.1390696 0.0799814 0.1397152 0.1028452 0.1035904 0.0965934 0.0630771 0.1054432 0.0991986 0.1388989 0.0939335 0.1042067 0.0869115 0.0942461 0.0902473 0.0913469 0.0197114 0.0931538 0.1280235 0.0612772 0.0165481 0.0219809 0.0937756 0.0629479 0.0983266 0.0874650 0.0966434 0.0905024 0.1078239 0.0975530 0.0970878 0.0967693 0.0933583 0.0876263 0.1102363 0.1018534 0.0801860 0.1050559 0.0882355 0.0949058 0.0945539 0.0962651 0.0951698 0.0847183 0.1002448 0.1120807 0.0928102 0.1018979 0.0938131 0.0892224 0.0993202 0.0972766 0.1038210 0.0921388 0.0813347 0.1151262 0.0760818 0.0855650 0.0941070 0.0801559 
S0376         0.2111610 0.0762176 0.1007305 0.1091520 0.0903898 0.0751915 0.0978844 0.0967103 0.0694566 0.0793388 0.0963933 0.1028261 0.0985144 0.1047547 0.0983375 0.0991778 0.0851769 0.0824767 0.0902723 0.0983751 0.0000000 0.0681055 0.0702279 0.0965921 0.0783574 0.0849356 0.0704834 0.0325904 0.1209909 0.0972868 0.0858422 0.0797390 0.0873280 0.1034673 0.1070497 0.1022714 0.0821198 0.0685445 0.0922665 0.0779646 0.0847265 0.0699630 0.0696348 0.0839235 0.0948135 0.1248681 0.0830904 0.0968850 0.0868175 0.0702502 0.0820790 0.0701062 0.0689801 0.0697765 0.0695472 0.0913605 0.0831345 0.0794945 0.0999969 0.0792034 0.0788755 0.0644109 0.1086964 0.0862369 0.0829910 0.0853130 0.0801282 0.0834139 0.1145918 0.0832299 0.1328688 0.0858132 0.1101584 0.1064242 0.0848632 0.0851702 0.1232237 0.0713389 0.1248687 0.0806755 0.0875899 0.0846191 0.1006934 0.0805495 0.0829128 0.1240949 0.0671489 0.0795791 0.0695006 0.0833908 0.0784674 0.0784865 0.0969551 0.0793331 0.1211970 0.0986318 0.0989518 0.1054848 0.0694305 0.1014149 0.0826034 0.0689070 0.0705546 0.0655718 0.0822716 0.0842099 0.0706947 0.0837599 0.0761177 0.0701392 0.0998562 0.0764213 0.0719895 0.0946257 0.0836548 0.0822387 0.0685039 0.0956381 0.0795105 0.0717183 0.0777088 0.1022339 0.0683506 0.0879723 0.0675531 0.0647658 0.0822956 0.0821798 0.0922579 0.0749934 0.0661705 0.1026125 0.0656214 0.0724693 0.0328661 0.0645076 
S0400         0.2032425 0.0500724 0.0905690 0.0992066 0.0851019 0.0206672 0.0955453 0.0847779 0.0622408 0.0265446 0.0861051 0.0930811 0.0953154 0.0995064 0.0858382 0.0952038 0.0752795 0.0771144 0.0813957 0.0947502 0.0681055 0.0000000 0.0218191 0.0826359 0.0699811 0.0729959 0.0619333 0.0661522 0.1094642 0.0937334 0.0744421 0.0706533 0.0765398 0.0991475 0.1042785 0.0926309 0.0384765 0.0202403 0.0809456 0.0695179 0.0733906 0.0597409 0.0228714 0.0761157 0.0916176 0.1169772 0.0748232 0.0937374 0.0849336 0.0236554 0.0746769 0.0615527 0.0130992 0.0605710 0.0614075 0.0805748 0.0756174 0.0701197 0.0954428 0.0684770 0.0676065 0.0558233 0.1006243 0.0813376 0.0744996 0.0758656 0.0710071 0.0733648 0.1068637 0.0762769 0.1237567 0.0779503 0.1032556 0.1011041 0.0758505 0.0760768 0.1150421 0.0626448 0.1154133 0.0797481 0.0773725 0.0754395 0.0940099 0.0418506 0.0744094 0.1164307 0.0129298 0.0393041 0.0631467 0.0719340 0.0676747 0.0681426 0.0992508 0.0701979 0.1130514 0.0918882 0.0952432 0.1015923 0.0202125 0.0969909 0.0768899 0.0622949 0.0164802 0.0194401 0.0568125 0.0751941 0.0329696 0.0742151 0.0681095 0.0647225 0.0890760 0.0363778 0.0629695 0.0829884 0.0756268 0.0717659 0.0136732 0.0795557 0.0712554 0.0634309 0.0308301 0.0908098 0.0279476 0.0805645 0.0261453 0.0546797 0.0746452 0.0747402 0.0814115 0.0664366 0.0574971 0.0930948 0.0579385 0.0639823 0.0638442 0.0562507 
S0405         0.2039189 0.0522566 0.0923292 0.1010288 0.0872790 0.0299093 0.0960196 0.0871679 0.0641432 0.0353490 0.0867761 0.0940528 0.0960678 0.0997699 0.0887347 0.0958162 0.0761886 0.0769455 0.0833337 0.0954598 0.0702279 0.0218191 0.0000000 0.0865740 0.0714361 0.0743723 0.0640762 0.0688865 0.1095412 0.0936058 0.0759966 0.0722550 0.0778375 0.1011734 0.1053188 0.0946743 0.0404124 0.0180694 0.0822546 0.0719727 0.0745059 0.0613135 0.0354784 0.0777632 0.0914696 0.1188039 0.0770251 0.0937010 0.0879573 0.0264299 0.0761418 0.0638752 0.0233046 0.0624495 0.0639440 0.0818201 0.0776643 0.0718310 0.0962959 0.0695303 0.0700840 0.0574846 0.1034119 0.0825286 0.0760502 0.0772740 0.0729103 0.0749320 0.1098774 0.0786495 0.1249527 0.0810296 0.1047288 0.1015562 0.0772828 0.0781350 0.1169216 0.0650003 0.1180276 0.0819542 0.0788725 0.0764647 0.0942023 0.0440374 0.0764142 0.1179489 0.0216608 0.0422581 0.0641963 0.0737080 0.0686410 0.0691296 0.0998600 0.0726221 0.1159618 0.0940328 0.0958437 0.1017181 0.0207785 0.0972943 0.0786257 0.0639816 0.0255051 0.0176979 0.0587421 0.0768017 0.0354252 0.0758561 0.0705459 0.0662717 0.0907874 0.0393180 0.0654400 0.0855317 0.0783194 0.0728521 0.0235192 0.0844902 0.0728285 0.0642168 0.0341352 0.0930911 0.0307844 0.0817469 0.0286060 0.0563783 0.0765975 0.0752415 0.0824066 0.0685877 0.0589951 0.0961750 0.0606559 0.0651274 0.0655962 0.0572223 
S0407sl       0.2175198 0.0938337 0.1140767 0.0482587 0.0978053 0.0882954 0.1042896 0.0346319 0.0825987 0.0962042 0.1136877 0.0405193 0.1065641 0.1107045 0.0370073 0.1057388 0.0477177 0.0944674 0.1004105 0.1052253 0.0965921 0.0826359 0.0865740 0.0000000 0.0953132 0.0434571 0.0777899 0.0949622 0.0802046 0.1039222 0.0545389 0.0922533 0.1053361 0.1100400 0.1139892 0.0389480 0.0956729 0.0862885 0.0527204 0.0574803 0.0610949 0.0866025 0.0960429 0.0906436 0.1015191 0.1346997 0.1049581 0.1042394 0.1074214 0.0874851 0.0943743 0.0777080 0.0839889 0.0765840 0.0772888 0.1011590 0.0896662 0.0577511 0.1081845 0.0566407 0.0609126 0.0766228 0.0546596 0.0944359 0.0962112 0.0970475 0.0924968 0.0946188 0.1380971 0.0880525 0.1413720 0.0995532 0.1193382 0.1154868 0.0954507 0.0949671 0.1321011 0.0784482 0.1331743 0.0694979 0.0975912 0.0973828 0.1078081 0.0991338 0.0957217 0.1327718 0.0828870 0.0964063 0.0844005 0.0427610 0.0553619 0.0560217 0.1111481 0.0581053 0.0623821 0.1069791 0.1047208 0.1045850 0.0856749 0.1113100 0.0969328 0.0846950 0.0849839 0.0801385 0.0992731 0.0953569 0.0897682 0.0606742 0.0887628 0.0843217 0.0401623 0.0934161 0.0793496 0.0160326 0.0888227 0.0602412 0.0839021 0.0951091 0.0919835 0.0828781 0.0932851 0.0403863 0.0857433 0.0683962 0.0842114 0.0852062 0.0979032 0.0937066 0.0689222 0.0887640 0.0787518 0.1143924 0.0745955 0.0843757 0.0917411 0.0758315 
S0412sl       0.2087729 0.0766697 0.1011273 0.1109599 0.0939924 0.0778178 0.1009306 0.0950008 0.0725489 0.0785955 0.0844824 0.1025643 0.1016474 0.1062624 0.0966405 0.1006286 0.0830852 0.0851731 0.0890888 0.1010832 0.0783574 0.0699811 0.0714361 0.0953132 0.0000000 0.0806651 0.0729813 0.0777724 0.1206832 0.1001802 0.0836940 0.0820751 0.0691346 0.1043059 0.1088412 0.1022713 0.0837570 0.0707336 0.0908687 0.0792190 0.0838809 0.0651403 0.0824395 0.0868722 0.0976406 0.1243804 0.0651816 0.1006545 0.0971142 0.0731143 0.0826258 0.0723279 0.0703772 0.0712473 0.0721130 0.0907830 0.0856723 0.0787087 0.1030562 0.0793053 0.0783603 0.0678222 0.1046111 0.0894056 0.0853778 0.0869969 0.0812689 0.0852929 0.1039152 0.0860260 0.1294390 0.0874624 0.1113834 0.1054172 0.0864652 0.0874101 0.1211695 0.0739738 0.1220108 0.0899647 0.0888829 0.0837335 0.1029194 0.0815400 0.0850046 0.1219315 0.0691339 0.0827130 0.0724810 0.0802624 0.0783027 0.0774020 0.1068873 0.0800148 0.1252963 0.0989536 0.1003308 0.0986679 0.0704209 0.1047612 0.0898529 0.0706199 0.0727006 0.0673558 0.0839560 0.0855178 0.0748313 0.0824939 0.0780452 0.0720179 0.0987269 0.0798095 0.0731865 0.0947046 0.0861837 0.0823787 0.0708709 0.0897440 0.0810671 0.0732124 0.0793549 0.1001985 0.0704436 0.0888012 0.0699084 0.0610699 0.0885949 0.0843526 0.0910216 0.0778900 0.0687424 0.1042525 0.0693993 0.0740263 0.0746834 0.0671505 
S0417         0.2001402 0.0804820 0.0970659 0.0547283 0.0880696 0.0803356 0.0962086 0.0421115 0.0679276 0.0849322 0.0978198 0.0505911 0.0977248 0.1032597 0.0427445 0.0979723 0.0327969 0.0820576 0.0894274 0.0969829 0.0849356 0.0729959 0.0743723 0.0434571 0.0806651 0.0000000 0.0655305 0.0827909 0.0644621 0.0955809 0.0400899 0.0768255 0.0914515 0.0989300 0.1048308 0.0488269 0.0850336 0.0737562 0.0350431 0.0433631 0.0489299 0.0727604 0.0837870 0.0783990 0.0932846 0.1184736 0.0886960 0.0956649 0.0963886 0.0754466 0.0802045 0.0654332 0.0739543 0.0645505 0.0645104 0.0864835 0.0776539 0.0441156 0.0986529 0.0441352 0.0459520 0.0620497 0.0559840 0.0845314 0.0793281 0.0833328 0.0768897 0.0792535 0.1212848 0.0808258 0.1257228 0.0862584 0.1085361 0.1049216 0.0809387 0.0814303 0.1165749 0.0665580 0.1178912 0.0556891 0.0832674 0.0822261 0.0983780 0.0871819 0.0814562 0.1169446 0.0725232 0.0855828 0.0689543 0.0221182 0.0431235 0.0436577 0.1019768 0.0438022 0.0707613 0.0944451 0.0964641 0.1037158 0.0741174 0.0997709 0.0846066 0.0692673 0.0734996 0.0701670 0.0862114 0.0813772 0.0784338 0.0474454 0.0751264 0.0705060 0.0451325 0.0822458 0.0669651 0.0395877 0.0800761 0.0477678 0.0729647 0.0925825 0.0766439 0.0694681 0.0812370 0.0478881 0.0746108 0.0549309 0.0727379 0.0695076 0.0823344 0.0796982 0.0565927 0.0724233 0.0638867 0.1005295 0.0622741 0.0706272 0.0800110 0.0616494 
S0419         0.1946784 0.0689831 0.0386968 0.0924928 0.0424771 0.0687051 0.0794735 0.0779714 0.0557685 0.0733704 0.0878250 0.0870123 0.0802170 0.0845381 0.0809982 0.0792193 0.0656930 0.0706469 0.0809748 0.0793811 0.0704834 0.0619333 0.0640762 0.0777899 0.0729813 0.0655305 0.0000000 0.0697245 0.1043107 0.0775670 0.0672025 0.0651170 0.0806543 0.0824916 0.0885256 0.0867569 0.0744949 0.0627510 0.0730855 0.0628885 0.0663773 0.0619664 0.0730054 0.0336774 0.0747412 0.1104468 0.0764574 0.0779280 0.0784384 0.0638154 0.0686254 0.0068043 0.0621541 0.0061593 0.0077131 0.0739791 0.0335492 0.0616468 0.0795601 0.0619631 0.0636197 0.0498016 0.0934394 0.0658666 0.0682598 0.0694562 0.0648974 0.0668470 0.1108778 0.0337819 0.1157475 0.0735539 0.0892905 0.0862793 0.0707907 0.0701657 0.1077449 0.0079575 0.1099964 0.0714715 0.0735779 0.0686286 0.0786845 0.0746967 0.0690560 0.1091300 0.0612597 0.0737100 0.0567814 0.0638141 0.0609764 0.0616185 0.0842954 0.0631259 0.1054972 0.0779699 0.0792123 0.0853760 0.0620860 0.0813327 0.0732709 0.0567319 0.0646775 0.0592546 0.0755766 0.0685592 0.0665321 0.0671531 0.0625701 0.0583673 0.0819159 0.0710195 0.0083603 0.0764153 0.0327046 0.0654793 0.0627899 0.0294100 0.0651604 0.0568567 0.0695586 0.0851315 0.0632706 0.0725108 0.0616937 0.0584300 0.0704195 0.0682873 0.0744496 0.0609221 0.0512071 0.0891640 0.0316949 0.0571949 0.0660653 0.0496547 
S0427         0.2097089 0.0741613 0.0987898 0.1069251 0.0891191 0.0733171 0.0963012 0.0940975 0.0690411 0.0768564 0.0946439 0.0992986 0.0952406 0.1026375 0.0959800 0.0954385 0.0828592 0.0806676 0.0931230 0.0952053 0.0325904 0.0661522 0.0688865 0.0949622 0.0777724 0.0827909 0.0697245 0.0000000 0.1177373 0.0944090 0.0833135 0.0785482 0.0835380 0.1004992 0.1043274 0.1001724 0.0791687 0.0669868 0.0905993 0.0770297 0.0826660 0.0664870 0.0766773 0.0826544 0.0915266 0.1237195 0.0820011 0.0942319 0.0916099 0.0678488 0.0817143 0.0695274 0.0667028 0.0687409 0.0690107 0.0889962 0.0818868 0.0781539 0.0964356 0.0772717 0.0761762 0.0627408 0.1096718 0.0836583 0.0829144 0.0833441 0.0789806 0.0816828 0.1124754 0.0811913 0.1313344 0.0854497 0.1063169 0.1036239 0.0833085 0.0840095 0.1222689 0.0705706 0.1241894 0.0875591 0.0857075 0.0818383 0.0959266 0.0782845 0.0818127 0.1225886 0.0649196 0.0780080 0.0695443 0.0809057 0.0765514 0.0773029 0.1009364 0.0768573 0.1188037 0.0959685 0.0963626 0.1028906 0.0663042 0.0973679 0.0818012 0.0680828 0.0681520 0.0642596 0.0800279 0.0824484 0.0692585 0.0809295 0.0751652 0.0701044 0.0967832 0.0751049 0.0707094 0.0930471 0.0809167 0.0802337 0.0667733 0.0813406 0.0773926 0.0704737 0.0745540 0.0983541 0.0662047 0.0866593 0.0665657 0.0628241 0.0819302 0.0810362 0.0904389 0.0731644 0.0643598 0.1003257 0.0643719 0.0709757 0.0317268 0.0626192 
S0428sl       0.2389497 0.1161229 0.1500547 0.0944653 0.1287203 0.1143499 0.1328791 0.0791663 0.1059844 0.1188209 0.1373465 0.0883329 0.1314734 0.1356027 0.0798244 0.1294161 0.0715964 0.1194685 0.1231222 0.1319245 0.1209909 0.1094642 0.1095412 0.0802046 0.1206832 0.0644621 0.1043107 0.1177373 0.0000000 0.1302783 0.0789211 0.1132582 0.1301406 0.1338068 0.1276258 0.0829144 0.1204867 0.1108491 0.0750235 0.0807162 0.0858816 0.1087411 0.1222133 0.1189885 0.1274372 0.1561032 0.1272549 0.1302981 0.1164695 0.1093637 0.1149276 0.1042739 0.1089924 0.1022541 0.1038560 0.1246256 0.1177508 0.0827641 0.1349148 0.0812330 0.0852372 0.0983413 0.0674148 0.1188212 0.1153542 0.1199653 0.1136018 0.1149312 0.1464956 0.1183327 0.1637002 0.1221785 0.1458749 0.1395588 0.1171814 0.1178002 0.1533457 0.1058727 0.1555400 0.0762132 0.1201491 0.1202185 0.1342969 0.1225973 0.1182034 0.1549765 0.1094808 0.1193418 0.1041556 0.0643607 0.0800619 0.0792357 0.1386949 0.0832962 0.1094855 0.1283293 0.1301222 0.1364511 0.1099898 0.1345943 0.1199013 0.1068104 0.1097977 0.1059578 0.1230335 0.1182862 0.1146590 0.0858877 0.1144747 0.1056709 0.0820701 0.1184242 0.1043792 0.0772810 0.1179284 0.0862194 0.1091481 0.1142364 0.1144475 0.1077282 0.1157620 0.0832563 0.1088729 0.0931068 0.1084138 0.1081108 0.1194123 0.1179936 0.0950461 0.1092966 0.1011033 0.1365936 0.1010403 0.1076599 0.1152835 0.0984018 
