58
S0055       0.0000000 0.0552256 0.1226879 0.0853620 0.0585451 0.0419602 0.1108995 0.0491326 0.1030390 0.0394543 0.0457324 0.1263880 0.0354183 0.0922145 0.4163465 0.0555774 0.0979475 0.0710796 0.0854908 0.0535426 0.3651832 0.1224345 0.3461146 0.4482104 0.0930891 0.0560498 0.4122043 0.0403089 0.0538575 0.0759463 0.0404744 0.0451814 0.0405286 0.0735004 0.0885602 0.0849716 0.0303634 0.1477550 0.0405001 0.1044285 0.0766657 0.0612621 0.0501139 0.1497751 0.0400483 0.0969713 0.0393550 0.0399854 0.0623764 0.0757989 0.1343495 0.0709894 0.0717357 0.1946301 0.0654031 0.0573842 0.0307746 0.0501820 
S0282       0.0552256 0.0000000 0.1317347 0.0915820 0.0885253 0.0130038 0.0936249 0.0505125 0.1182767 0.0503909 0.0302071 0.1129680 0.0516831 0.1202630 0.4348847 0.0614542 0.1042655 0.0764845 0.0787698 0.0814201 0.3998425 0.1303827 0.3618192 0.4898896 0.0953881 0.0909851 0.4509595 0.0125254 0.0656679 0.1009785 0.0125730 0.0168486 0.0667944 0.0990328 0.1036993 0.0976276 0.0507222 0.1278707 0.0125817 0.1193859 0.1019266 0.0836675 0.0212304 0.1354252 0.0591739 0.1034124 0.0404499 0.0554640 0.0798674 0.1070368 0.1151156 0.0838496 0.0966393 0.1791619 0.0672269 0.0798748 0.0316445 0.0838134 
S0289       0.1226879 0.1317347 0.0000000 0.1456907 0.1100249 0.1176806 0.0930903 0.1327704 0.1886616 0.1411615 0.1263723 0.1033579 0.1427448 0.1441784 0.4011030 0.1725626 0.1130813 0.1265069 0.1419140 0.1329300 0.3455807 0.1300151 0.3376854 0.4577429 0.1334322 0.1637209 0.4173359 0.1176806 0.1220884 0.1299716 0.1182998 0.1194794 0.1699680 0.1523628 0.1638970 0.1468792 0.1305745 0.1295696 0.1183532 0.1302399 0.1473218 0.1267119 0.1316808 0.0898392 0.1129581 0.1063334 0.1226095 0.1390831 0.1200323 0.1448458 0.1064863 0.1435241 0.1635708 0.2091532 0.1245266 0.1177339 0.1275521 0.1388428 
S0308       0.0853620 0.0915820 0.1456907 0.0000000 0.1385706 0.0775484 0.0987337 0.1037570 0.1209145 0.0916477 0.0793976 0.1177511 0.0816085 0.0700967 0.4087467 0.1007055 0.0997482 0.0893730 0.1261516 0.1493723 0.3775539 0.1284908 0.3395115 0.4399042 0.0932117 0.1213687 0.4045584 0.0742121 0.1093947 0.0945664 0.0745483 0.0798509 0.1067284 0.1171627 0.1086351 0.1109368 0.1041587 0.1388595 0.0745906 0.0970303 0.1198065 0.1085210 0.0855907 0.1254644 0.1084101 0.1182827 0.0913003 0.0929440 0.0984911 0.1347825 0.1433908 0.0911002 0.1144707 0.1742633 0.1068676 0.1048372 0.0815786 0.1008026 
S0376       0.0585451 0.0885253 0.1100249 0.1385706 0.0000000 0.0782159 0.1620032 0.0589998 0.2085684 0.0787607 0.0683107 0.2040564 0.0813359 0.1113767 0.4044499 0.1099690 0.1102688 0.1607233 0.1759732 0.0936510 0.3257644 0.1564995 0.3335922 0.4107871 0.1601806 0.1188907 0.3989759 0.0740148 0.0786766 0.0809099 0.0744347 0.0810676 0.0803945 0.1409593 0.1779072 0.1743759 0.0524270 0.1855134 0.0744868 0.1353445 0.1352608 0.1348089 0.0740148 0.1509908 0.0931744 0.1231373 0.0585820 0.0930587 0.1381437 0.1375533 0.1662612 0.1431775 0.1342092 0.1673159 0.0955109 0.1303885 0.0602331 0.1343555 
S0400       0.0419602 0.0130038 0.1176806 0.0775484 0.0782159 0.0000000 0.0740687 0.0372003 0.1038947 0.0371074 0.0174539 0.0995131 0.0381201 0.1056607 0.4190233 0.0479208 0.0906095 0.0630126 0.0724458 0.0710257 0.3837902 0.1159944 0.3455908 0.4740770 0.0815602 0.0769848 0.4349621 0.0000010 0.0522768 0.0871236 0.0000022 0.0042568 0.0531800 0.0847934 0.0896163 0.0834725 0.0373635 0.0989837 0.0000010 0.0991081 0.0879854 0.0698625 0.0085824 0.1209042 0.0460701 0.0831307 0.0272997 0.0370849 0.0658752 0.0849397 0.0869623 0.0701015 0.0826538 0.1686346 0.0535877 0.0658521 0.0183238 0.0644938 
S0417       0.1108995 0.0936249 0.0930903 0.0987337 0.1620032 0.0740687 0.0000000 0.1057666 0.1226524 0.0892179 0.0945451 0.0518789 0.0843515 0.1376215 0.4384176 0.1197230 0.1082112 0.0875796 0.1086232 0.1356298 0.3683752 0.1349177 0.3649612 0.4576678 0.0875794 0.1454063 0.4213482 0.0764860 0.0986724 0.1168043 0.0768269 0.0820399 0.1134405 0.1151048 0.1234721 0.1027527 0.0940036 0.1103044 0.0768683 0.1359726 0.1177751 0.1129861 0.0877037 0.0823656 0.0992441 0.0728542 0.0934187 0.0880231 0.0893900 0.1284281 0.0860619 0.0946855 0.1124576 0.1986033 0.0932885 0.1093434 0.0838477 0.1070417 
S0427       0.0491326 0.0505125 0.1327704 0.1037570 0.0589998 0.0372003 0.1057666 0.0000000 0.1308064 0.0444452 0.0410626 0.1347084 0.0455773 0.0870188 0.3756031 0.0654819 0.1046026 0.0995373 0.1147574 0.0589029 0.3320507 0.1264668 0.3322278 0.4044954 0.1113432 0.0767335 0.3711200 0.0357382 0.0591798 0.0819210 0.0358845 0.0405652 0.0500123 0.1028895 0.1112188 0.1078330 0.0305202 0.1284520 0.0359079 0.1112995 0.1056940 0.0935308 0.0454524 0.1514051 0.0644927 0.1034196 0.0348837 0.0493316 0.0780413 0.1032739 0.1284562 0.0993754 0.0885900 0.1628303 0.0711001 0.0898562 0.0263038 0.0763655 
S0552sl     0.1030390 0.1182767 0.1886616 0.1209145 0.2085684 0.1038947 0.1226524 0.1308064 0.0000000 0.0926479 0.1241563 0.1063445 0.0935264 0.1469524 0.4150574 0.1191797 0.1480642 0.0412634 0.0256130 0.1542225 0.4370002 0.0827799 0.3454442 0.4666034 0.0473952 0.0858802 0.4047119 0.0991987 0.1285126 0.1164291 0.0996753 0.0932089 0.1087126 0.0610926 0.0751652 0.0753437 0.1230905 0.1840785 0.0997242 0.1312529 0.0783206 0.0625580 0.1116654 0.1821713 0.0989654 0.1470973 0.1217961 0.0989842 0.0530087 0.0775151 0.1879940 0.0315202 0.0678440 0.2303603 0.0892765 0.0636940 0.0948278 0.0668680 
S0558       0.0394543 0.0503909 0.1411615 0.0916477 0.0787607 0.0371074 0.0892179 0.0444452 0.0926479 0.0000000 0.0409628 0.0948809 0.0221195 0.0987681 0.4058663 0.0463161 0.0998329 0.0721444 0.0939062 0.0599266 0.3553784 0.1039525 0.3365318 0.4370732 0.0613170 0.0657234 0.4016224 0.0356522 0.0590881 0.0929624 0.0357978 0.0404676 0.0401682 0.0862736 0.0947154 0.0911555 0.0351148 0.1559503 0.0358211 0.0988433 0.0778219 0.0666275 0.0453430 0.1298151 0.0592319 0.1035964 0.0442590 0.0260812 0.0680095 0.0816776 0.1372464 0.0832884 0.0730603 0.1887672 0.0665238 0.0627749 0.0262407 0.0720064 
S0641       0.0457324 0.0302071 0.1263723 0.0793976 0.0683107 0.0174539 0.0945451 0.0410626 0.1241563 0.0409628 0.0000000 0.1212716 0.0420423 0.1084756 0.4085301 0.0560788 0.0935676 0.0816787 0.0984106 0.0753341 0.3581113 0.1298412 0.3392716 0.4396977 0.0946823 0.0848775 0.4043367 0.0168077 0.0663470 0.0902755 0.0168722 0.0211945 0.0568549 0.1000205 0.1029431 0.0986006 0.0412365 0.1338146 0.0168836 0.1127147 0.1029140 0.0845156 0.0256376 0.1299102 0.0597837 0.1044254 0.0408886 0.0459173 0.0806961 0.1080960 0.1209420 0.0892075 0.0975935 0.1755357 0.0679313 0.0807057 0.0224836 0.0846592 
S0645sl     0.1263880 0.1129680 0.1033579 0.1177511 0.2040564 0.0995131 0.0518789 0.1347084 0.1063445 0.0948809 0.1212716 0.0000000 0.0961033 0.1535595 0.4650918 0.1369755 0.1217977 0.0869311 0.0801704 0.1328669 0.4230450 0.1292732 0.3735641 0.4873535 0.0806726 0.1195467 0.4456155 0.0995131 0.0864374 0.1372644 0.1000261 0.0930997 0.1297147 0.0989799 0.1202791 0.1040835 0.1019133 0.1243357 0.1000782 0.1540011 0.1045673 0.0947983 0.1129141 0.0793267 0.0996926 0.0962592 0.1044269 0.0934720 0.0884771 0.1109952 0.1050812 0.1015934 0.1149527 0.2186451 0.1194839 0.0968686 0.0907493 0.1063558 
S0689       0.0354183 0.0516831 0.1427448 0.0816085 0.0813359 0.0381201 0.0843515 0.0455773 0.0935264 0.0221195 0.0420423 0.0961033 0.0000000 0.0948858 0.4353019 0.0354754 0.0949185 0.0727588 0.0879400 0.0400289 0.3822315 0.1027047 0.3624333 0.4686400 0.0786455 0.0712042 0.4312969 0.0365914 0.0605481 0.0892562 0.0367434 0.0415237 0.0354468 0.0813702 0.0821416 0.0785281 0.0360296 0.1518720 0.0367687 0.1135774 0.0844947 0.0659088 0.0465154 0.1468635 0.0542442 0.1060745 0.0453827 0.0169059 0.0565453 0.0807304 0.1316151 0.0726629 0.0683589 0.1843060 0.0619433 0.0620912 0.0269440 0.0617006 
S0724sl     0.0922145 0.1202630 0.1441784 0.0700967 0.1113767 0.1056607 0.1376215 0.0870188 0.1469524 0.0987681 0.1084756 0.1535595 0.0948858 0.0000000 0.3297535 0.1125482 0.1104958 0.1211001 0.1696253 0.1725500 0.3086592 0.1325103 0.2891943 0.3557885 0.1211158 0.1213247 0.3248187 0.1008067 0.0971247 0.0569276 0.1012995 0.1070752 0.0942158 0.1123507 0.1336857 0.1304301 0.0872977 0.1761371 0.1013491 0.0848216 0.1150971 0.1149294 0.1135155 0.1923487 0.1303470 0.1264852 0.0795658 0.1049149 0.1106360 0.1348394 0.1812313 0.1208645 0.1097221 0.1616958 0.0976031 0.1112731 0.0884233 0.1080690 
S0735       0.4163465 0.4348847 0.4011030 0.4087467 0.4044499 0.4190233 0.4384176 0.3756031 0.4150574 0.4058663 0.4085301 0.4650918 0.4353019 0.3297535 0.0000000 0.5279130 0.3322738 0.4229134 0.4918804 0.5891894 0.0472439 0.4069137 0.0083651 0.0171201 0.3971185 0.4358997 0.0126484 0.3902598 0.3726624 0.3143618 0.3805779 0.3955429 0.4229479 0.3458025 0.3871236 0.4303619 0.3985012 0.4596947 0.3931394 0.3770002 0.3849529 0.4041329 0.3882935 0.4276108 0.4517419 0.3176376 0.3624100 0.4373323 0.3791312 0.4665020 0.4296724 0.3944237 0.3806754 0.3732411 0.3685758 0.3840814 0.3794084 0.3986727 
S0742       0.0555774 0.0614542 0.1725626 0.1007055 0.1099690 0.0479208 0.1197230 0.0654819 0.1191797 0.0463161 0.0560788 0.1369755 0.0354754 0.1125482 0.5279130 0.0000000 0.1057329 0.0845631 0.1025811 0.0666675 0.4658727 0.1226050 0.4428663 0.5689095 0.1045709 0.0889108 0.5245404 0.0459869 0.0813046 0.1179651 0.0461808 0.0510343 0.0506904 0.1044607 0.0967585 0.0970393 0.0554224 0.1474011 0.0462099 0.1243548 0.1026711 0.0832431 0.0561470 0.1506880 0.0705080 0.1310824 0.0651775 0.0401688 0.0735358 0.0998207 0.1346331 0.0844391 0.1019523 0.1938185 0.0786200 0.0794817 0.0459804 0.0844033 
S0795       0.0979475 0.1042655 0.1130813 0.0997482 0.1102688 0.0906095 0.1082112 0.1046026 0.1480642 0.0998329 0.0935676 0.1217977 0.0949185 0.1104958 0.3322738 0.1057329 0.0000000 0.0984197 0.1298217 0.1102251 0.2843175 0.1540563 0.2722874 0.3576085 0.1101076 0.1225688 0.3406891 0.0867716 0.0983078 0.1408869 0.0871610 0.0924308 0.1120329 0.1142444 0.1226340 0.1272726 0.0933083 0.1591683 0.0872046 0.0756894 0.1169006 0.0998277 0.0982151 0.1298385 0.1099482 0.1228893 0.0812758 0.0947493 0.0874050 0.1226788 0.1314707 0.0985580 0.1238788 0.1677646 0.0703372 0.0961628 0.0830303 0.1099959 
S0959       0.0710796 0.0764845 0.1265069 0.0893730 0.1607233 0.0630126 0.0875796 0.0995373 0.0412634 0.0721444 0.0816787 0.0869311 0.0727588 0.1211001 0.4229134 0.0845631 0.0984197 0.0000000 0.0313466 0.1130134 0.4093421 0.0737284 0.3523823 0.4754755 0.0310310 0.0663333 0.4381968 0.0604449 0.0934188 0.1139475 0.0607037 0.0553491 0.1023033 0.0563819 0.0564387 0.0520937 0.0884469 0.1477436 0.0607389 0.1079318 0.0597395 0.0408511 0.0709669 0.1352795 0.0563010 0.1009651 0.0875792 0.0778338 0.0410518 0.0581028 0.1295898 0.0258312 0.0550735 0.2216454 0.0696552 0.0415310 0.0781833 0.0444930 
S0960       0.0854908 0.0787698 0.1419140 0.1261516 0.1759732 0.0724458 0.1086232 0.1147574 0.0256130 0.0939062 0.0984106 0.0801704 0.0879400 0.1696253 0.4918804 0.1025811 0.1298217 0.0313466 0.0000000 0.1181655 0.4985487 0.0920740 0.3719902 0.5627032 0.0557982 0.0687431 0.5130201 0.0724458 0.0922487 0.1409384 0.0728178 0.0662504 0.1247921 0.0537788 0.0630914 0.0578309 0.0864313 0.1458541 0.0728636 0.1417515 0.0546801 0.0500636 0.0853148 0.1367661 0.0614230 0.1128440 0.0987617 0.0871675 0.0379424 0.0577619 0.1250460 0.0369263 0.0939391 0.2385296 0.0923008 0.0510980 0.0769449 0.0604565 
S1052sl     0.0535426 0.0814201 0.1329300 0.1493723 0.0936510 0.0710257 0.1356298 0.0589029 0.1542225 0.0599266 0.0753341 0.1328669 0.0400289 0.1725500 0.5891894 0.0666675 0.1102251 0.1130134 0.1181655 0.0000000 0.5099537 0.1295791 0.4621318 0.5993376 0.1184690 0.0888294 0.5856887 0.0672491 0.0792953 0.1342294 0.0676263 0.0741550 0.0669607 0.1247547 0.1180790 0.1221773 0.0529920 0.1839215 0.0676752 0.1608571 0.1199781 0.0960917 0.0742459 0.1703322 0.0788956 0.1317473 0.0637332 0.0460527 0.0733108 0.0979948 0.1479323 0.0973426 0.0884202 0.2044462 0.0955203 0.0914201 0.0537625 0.0828279 
S1100       0.3651832 0.3998425 0.3455807 0.3775539 0.3257644 0.3837902 0.3683752 0.3320507 0.4370002 0.3553784 0.3581113 0.4230450 0.3822315 0.3086592 0.0472439 0.4658727 0.2843175 0.4093421 0.4985487 0.5099537 0.0000000 0.3932971 0.0323912 0.0371255 0.3840987 0.3807169 0.0319479 0.3581113 0.3483744 0.3235544 0.3488341 0.3631040 0.3779035 0.3886521 0.3992726 0.4166481 0.3553107 0.4172018 0.3607004 0.3469566 0.3971408 0.3909113 0.3563761 0.3899038 0.4083690 0.3064976 0.3384694 0.3837941 0.3664718 0.4518078 0.3897479 0.3815459 0.3679405 0.3372651 0.3561094 0.3713369 0.3620135 0.3856298 
S1129sl     0.1224345 0.1303827 0.1300151 0.1284908 0.1564995 0.1159944 0.1349177 0.1264668 0.0827799 0.1039525 0.1298412 0.1292732 0.1027047 0.1325103 0.4069137 0.1226050 0.1540563 0.0737284 0.0920740 0.1295791 0.3932971 0.0000000 0.3241714 0.4592253 0.0745433 0.1014284 0.4219954 0.1106902 0.1276187 0.1014021 0.1112302 0.1122805 0.1295910 0.1054563 0.1097901 0.1101508 0.1140769 0.1869997 0.1112803 0.1117913 0.1082896 0.0839991 0.1187756 0.1738900 0.1226852 0.1511795 0.1338311 0.1025369 0.0623472 0.0976625 0.1859758 0.0738149 0.1029835 0.2154983 0.1001857 0.0882985 0.1235034 0.1089491 
S1148       0.3461146 0.3618192 0.3376854 0.3395115 0.3335922 0.3455908 0.3649612 0.3322278 0.3454442 0.3365318 0.3392716 0.3735641 0.3624333 0.2891943 0.0083651 0.4428663 0.2722874 0.3523823 0.3719902 0.4621318 0.0323912 0.3241714 0.0000000 0.0221149 0.3294303 0.3390974 0.0174173 0.3231377 0.2967372 0.2697715 0.3142835 0.3277807 0.3631798 0.2949475 0.3322124 0.3588291 0.3180058 0.3958658 0.3254224 0.3215439 0.3075929 0.3353317 0.3216487 0.3489992 0.3681443 0.2598820 0.3090834 0.3638205 0.3134578 0.3898839 0.3574434 0.3274635 0.3143932 0.3187987 0.3038369 0.3178278 0.3142698 0.3308488 
S1180       0.4482104 0.4898896 0.4577429 0.4399042 0.4107871 0.4740770 0.4576678 0.4044954 0.4666034 0.4370732 0.4396977 0.4873535 0.4686400 0.3557885 0.0171201 0.5689095 0.3576085 0.4754755 0.5627032 0.5993376 0.0371255 0.4592253 0.0221149 0.0000000 0.4469381 0.4434084 0.0041416 0.4396977 0.4203011 0.3556203 0.4291722 0.4454700 0.4556150 0.4153715 0.4635028 0.4833804 0.4294287 0.5171409 0.4431069 0.4063904 0.4616803 0.4548336 0.4373307 0.4483815 0.5149878 0.3584312 0.4091615 0.4709942 0.4272696 0.5240353 0.4833190 0.4436269 0.4289314 0.3793163 0.4156309 0.4325306 0.4081604 0.4486024 
S1189       0.0930891 0.0953881 0.1334322 0.0932117 0.1601806 0.0815602 0.0875794 0.1113432 0.0473952 0.0613170 0.0946823 0.0806726 0.0786455 0.1211158 0.3971185 0.1045709 0.1101076 0.0310310 0.0557982 0.1184690 0.3840987 0.0745433 0.3294303 0.4469381 0.0000000 0.0815102 0.4113854 0.0780896 0.1049842 0.1022449 0.0784405 0.0726214 0.1069110 0.0668531 0.0544695 0.0670468 0.0999201 0.1585708 0.0784828 0.1165818 0.0595586 0.0551013 0.0894174 0.1274228 0.0711813 0.1129497 0.0944304 0.0823024 0.0503114 0.0734560 0.1537436 0.0406685 0.0550210 0.2363751 0.0695935 0.0560494 0.0893865 0.0644028 
S1201sl     0.0560498 0.0909851 0.1637209 0.1213687 0.1188907 0.0769848 0.1454063 0.0767335 0.0858802 0.0657234 0.0848775 0.1195467 0.0712042 0.1213247 0.4358997 0.0889108 0.1225688 0.0663333 0.0687431 0.0888294 0.3807169 0.1014284 0.3390974 0.4434084 0.0815102 0.0000000 0.4078574 0.0736839 0.0666599 0.1171972 0.0740162 0.0682114 0.0720806 0.0623109 0.0704891 0.0668077 0.0507694 0.1726434 0.0740586 0.1204240 0.0453084 0.0353269 0.0850161 0.1848111 0.0666755 0.1215129 0.0719283 0.0710439 0.0558976 0.0416270 0.1677458 0.0662520 0.0715626 0.2006007 0.0867491 0.0358935 0.0671146 0.0557650 
S1223       0.4122043 0.4509595 0.4173359 0.4045584 0.3989759 0.4349621 0.4213482 0.3711200 0.4047119 0.4016224 0.4043367 0.4456155 0.4312969 0.3248187 0.0126484 0.5245404 0.3406891 0.4381968 0.5130201 0.5856887 0.0319479 0.4219954 0.0174173 0.0041416 0.4113854 0.4078574 0.0000000 0.4043367 0.3860529 0.3253964 0.3943233 0.4098185 0.3935094 0.3821963 0.4272673 0.4458843 0.3941605 0.4617404 0.4073923 0.3724756 0.4252327 0.4187272 0.4022374 0.4091766 0.4748256 0.3285853 0.3754510 0.4333227 0.3927282 0.4836559 0.4453630 0.4084900 0.3815009 0.3477409 0.3817796 0.3978366 0.3750273 0.3997814 
S1227       0.0403089 0.0125254 0.1176806 0.0742121 0.0740148 0.0000010 0.0764860 0.0357382 0.0991987 0.0356522 0.0168077 0.0995131 0.0365914 0.1008067 0.3902598 0.0459869 0.0867716 0.0604449 0.0724458 0.0672491 0.3581113 0.1106902 0.3231377 0.4396977 0.0780896 0.0736839 0.4043367 0.0000000 0.0501812 0.0833910 0.0000022 0.0041029 0.0510120 0.0810668 0.0857016 0.0798334 0.0358895 0.1083852 0.0000010 0.1007931 0.0841885 0.0669300 0.0082698 0.1209042 0.0442730 0.0853415 0.0262487 0.0404634 0.0630816 0.0883865 0.0963373 0.0671668 0.0790936 0.1703857 0.0513962 0.0630548 0.0176145 0.0671203 
S1235sl     0.0538575 0.0656679 0.1220884 0.1093947 0.0786766 0.0522768 0.0986724 0.0591798 0.1285126 0.0590881 0.0663470 0.0864374 0.0605481 0.0971247 0.3726624 0.0813046 0.0983078 0.0934188 0.0922487 0.0792953 0.3483744 0.1276187 0.2967372 0.4203011 0.1049842 0.0666599 0.3860529 0.0501812 0.0000000 0.0938857 0.0503918 0.0552313 0.0548344 0.0849336 0.1048810 0.0894907 0.0213146 0.1336878 0.0504225 0.1167953 0.0768433 0.0764898 0.0502377 0.1202867 0.0746577 0.0850005 0.0301305 0.0642048 0.0778912 0.0922836 0.1083607 0.0932745 0.0829009 0.1631205 0.0871074 0.0727304 0.0500810 0.0709298 
S1315       0.0759463 0.1009785 0.1299716 0.0945664 0.0809099 0.0871236 0.1168043 0.0819210 0.1164291 0.0929624 0.0902755 0.1372644 0.0892562 0.0569276 0.3143618 0.1179651 0.1408869 0.1139475 0.1409384 0.1342294 0.3235544 0.1014021 0.2697715 0.3556203 0.1022449 0.1171972 0.3253964 0.0833910 0.0938857 0.0000000 0.0837689 0.0890864 0.0886187 0.0977126 0.1257812 0.1225957 0.0777098 0.1407174 0.0838127 0.1022544 0.1038506 0.1081424 0.0949004 0.1647421 0.0987156 0.1187458 0.0706304 0.0987334 0.1040362 0.1265198 0.1553148 0.1020734 0.0917918 0.1695765 0.0851377 0.1046137 0.0760457 0.1017519 
S1369       0.0404744 0.0125730 0.1182998 0.0745483 0.0744347 0.0000022 0.0768269 0.0358845 0.0996753 0.0357978 0.0168722 0.1000261 0.0367434 0.1012995 0.3805779 0.0461808 0.0871610 0.0607037 0.0728178 0.0676263 0.3488341 0.1112302 0.3142835 0.4291722 0.0784405 0.0740162 0.3943233 0.0000022 0.0503918 0.0837689 0.0000000 0.0041182 0.0512297 0.0814433 0.0860975 0.0802006 0.0358895 0.1089085 0.0000022 0.1012640 0.0845730 0.0672256 0.0083004 0.1215580 0.0444536 0.0857369 0.0263536 0.0406303 0.0633628 0.0888082 0.0967931 0.0674627 0.0794526 0.1713394 0.0516163 0.0633354 0.0176850 0.0674161 
S1370       0.0451814 0.0168486 0.1194794 0.0798509 0.0810676 0.0042568 0.0820399 0.0405652 0.0932089 0.0404676 0.0211945 0.0930997 0.0415237 0.1070752 0.3955429 0.0510343 0.0924308 0.0553491 0.0662504 0.0741550 0.3631040 0.1122805 0.3277807 0.4454700 0.0726214 0.0682114 0.4098185 0.0041029 0.0552313 0.0890864 0.0041182 0.0000000 0.0561560 0.0753931 0.0800230 0.0742187 0.0407359 0.1023008 0.0041211 0.1067856 0.0785932 0.0616293 0.0125141 0.1279984 0.0395220 0.0911878 0.0308941 0.0453614 0.0685417 0.0825123 0.0977193 0.0618752 0.0735505 0.1780903 0.0565587 0.0627329 0.0222083 0.0618274 
S1375       0.0405286 0.0667944 0.1699680 0.1067284 0.0803945 0.0531800 0.1134405 0.0500123 0.1087126 0.0401682 0.0568549 0.1297147 0.0354468 0.0942158 0.4229479 0.0506904 0.1120329 0.1023033 0.1247921 0.0669607 0.3779035 0.1295910 0.3631798 0.4556150 0.1069110 0.0720806 0.3935094 0.0510120 0.0548344 0.0886187 0.0512297 0.0561560 0.0000000 0.0982749 0.0945938 0.0910384 0.0308726 0.1577037 0.0512613 0.1189786 0.1011712 0.0775656 0.0613715 0.1859717 0.0651313 0.1115272 0.0400323 0.0353433 0.0790045 0.0936430 0.1515296 0.1021298 0.0784909 0.1840825 0.0886524 0.0737689 0.0409387 0.0728842 
S1376       0.0735004 0.0990328 0.1523628 0.1171627 0.1409593 0.0847934 0.1151048 0.1028895 0.0610926 0.0862736 0.1000205 0.0989799 0.0813702 0.1123507 0.3458025 0.1044607 0.1142444 0.0563819 0.0537788 0.1247547 0.3886521 0.1054563 0.2949475 0.4153715 0.0668531 0.0623109 0.3821963 0.0810668 0.0849336 0.0977126 0.0814433 0.0753931 0.0982749 0.0000000 0.0461036 0.0523541 0.0799125 0.1541568 0.0814879 0.1245884 0.0315790 0.0411456 0.0881575 0.1569298 0.0699077 0.1047456 0.0791178 0.0851038 0.0468886 0.0539281 0.1442304 0.0460563 0.0569144 0.2037735 0.0719947 0.0418345 0.0664655 0.0460104 
S1422       0.0885602 0.1036993 0.1638970 0.1086351 0.1779072 0.0896163 0.1234721 0.1112188 0.0751652 0.0947154 0.1029431 0.1202791 0.0821416 0.1336857 0.3871236 0.0967585 0.1226340 0.0564387 0.0630914 0.1180790 0.3992726 0.1097901 0.3322124 0.4635028 0.0544695 0.0704891 0.4272673 0.0857016 0.1048810 0.1257812 0.0860975 0.0800230 0.0945938 0.0461036 0.0000000 0.0406075 0.0998318 0.1887021 0.0861431 0.1292336 0.0495874 0.0493317 0.0974797 0.1741386 0.0673147 0.1256992 0.0943575 0.0781738 0.0403218 0.0624143 0.1686963 0.0461114 0.0758567 0.2528684 0.0696322 0.0501532 0.0893266 0.0600749 
S1449       0.0849716 0.0976276 0.1468792 0.1109368 0.1743759 0.0834725 0.1027527 0.1078330 0.0753437 0.0911555 0.0986006 0.1040835 0.0785281 0.1304301 0.4303619 0.0970393 0.1272726 0.0520937 0.0578309 0.1221773 0.4166481 0.1101508 0.3588291 0.4833804 0.0670468 0.0668077 0.4458843 0.0798334 0.0894907 0.1225957 0.0802006 0.0742187 0.0910384 0.0523541 0.0406075 0.0000000 0.0844920 0.1685530 0.0802449 0.1424905 0.0558178 0.0358206 0.0914796 0.1566686 0.0629656 0.1047354 0.0953698 0.0783603 0.0413168 0.0585513 0.1491279 0.0461842 0.0722141 0.2547292 0.0766420 0.0364029 0.0857238 0.0563130 
S1460       0.0303634 0.0507222 0.1305745 0.1041587 0.0524270 0.0373635 0.0940036 0.0305202 0.1230905 0.0351148 0.0412365 0.1019133 0.0360296 0.0872977 0.3985012 0.0554224 0.0933083 0.0884469 0.0864313 0.0529920 0.3553107 0.1140769 0.3180058 0.4294287 0.0999201 0.0507694 0.3941605 0.0358895 0.0213146 0.0777098 0.0358895 0.0407359 0.0308726 0.0799125 0.0998318 0.0844920 0.0000000 0.1288190 0.0360605 0.1116206 0.0719977 0.0716665 0.0456418 0.1436236 0.0596109 0.0802535 0.0258238 0.0398604 0.0729821 0.0800821 0.1159611 0.0883149 0.0779823 0.1638095 0.0713845 0.0678547 0.0264161 0.0661634 
S1539       0.1477550 0.1278707 0.1295696 0.1388595 0.1855134 0.0989837 0.1103044 0.1284520 0.1840785 0.1559503 0.1338146 0.1243357 0.1518720 0.1761371 0.4596947 0.1474011 0.1591683 0.1477436 0.1458541 0.1839215 0.4172018 0.1869997 0.3958658 0.5171409 0.1585708 0.1726434 0.4617404 0.1083852 0.1336878 0.1407174 0.1089085 0.1023008 0.1577037 0.1541568 0.1887021 0.1685530 0.1288190 0.0000000 0.1089590 0.1610943 0.1709044 0.1507038 0.1163566 0.1530312 0.1346382 0.1183583 0.1280461 0.1631047 0.1734907 0.1688665 0.0455627 0.1431934 0.1361581 0.2283992 0.1410677 0.1541125 0.1307969 0.1303363 
S_670       0.0405001 0.0125817 0.1183532 0.0745906 0.0744868 0.0000010 0.0768683 0.0359079 0.0997242 0.0358211 0.0168836 0.1000782 0.0367687 0.1013491 0.3931394 0.0462099 0.0872046 0.0607389 0.0728636 0.0676752 0.3607004 0.1112803 0.3254224 0.4431069 0.0784828 0.0740586 0.4073923 0.0000010 0.0504225 0.0838127 0.0000022 0.0041211 0.0512613 0.0814879 0.0861431 0.0802449 0.0360605 0.1089590 0.0000000 0.1013115 0.0846172 0.0672642 0.0083067 0.1216132 0.0444808 0.0857827 0.0263714 0.0406562 0.0634005 0.0888553 0.0968418 0.0675013 0.0794966 0.1713857 0.0516482 0.0633740 0.0176977 0.0674547 
SRR11470320 0.1044285 0.1193859 0.1302399 0.0970303 0.1353445 0.0991081 0.1359726 0.1112995 0.1312529 0.0988433 0.1127147 0.1540011 0.1135774 0.0848216 0.3770002 0.1243548 0.0756894 0.1079318 0.1417515 0.1608571 0.3469566 0.1117913 0.3215439 0.4063904 0.1165818 0.1204240 0.3724756 0.1007931 0.1167953 0.1022544 0.1012640 0.1067856 0.1189786 0.1245884 0.1292336 0.1424905 0.1116206 0.1610943 0.1013115 0.0000000 0.1270875 0.1143080 0.1129402 0.1784239 0.1296301 0.1253269 0.0987614 0.1134209 0.1105593 0.1246508 0.1611035 0.1199907 0.1217955 0.1396538 0.0909010 0.1108027 0.1008604 0.1163694 
SRR8528336  0.0766657 0.1019266 0.1473218 0.1198065 0.1352608 0.0879854 0.1177751 0.1056940 0.0783206 0.0778219 0.1029140 0.1045673 0.0844947 0.1150971 0.3849529 0.1026711 0.1169006 0.0597395 0.0546801 0.1199781 0.3971408 0.1082896 0.3075929 0.4616803 0.0595586 0.0453084 0.4252327 0.0841885 0.0768433 0.1038506 0.0845730 0.0785932 0.1011712 0.0315790 0.0495874 0.0558178 0.0719977 0.1709044 0.0846172 0.1270875 0.0000000 0.0447014 0.0957964 0.1508234 0.0731913 0.1075701 0.0822134 0.0881342 0.0504165 0.0574616 0.1516426 0.0495384 0.0602893 0.2320393 0.0751340 0.0454392 0.0839942 0.0494926 
SRR8528341  0.0612621 0.0836675 0.1267119 0.1085210 0.1348089 0.0698625 0.1129861 0.0935308 0.0625580 0.0666275 0.0845156 0.0947983 0.0659088 0.1149294 0.4041329 0.0832431 0.0998277 0.0408511 0.0500636 0.0960917 0.3909113 0.0839991 0.3353317 0.4548336 0.0551013 0.0353269 0.4187272 0.0669300 0.0764898 0.1081424 0.0672256 0.0616293 0.0775656 0.0411456 0.0493317 0.0358206 0.0716665 0.1507038 0.0672642 0.1143080 0.0447014 0.0000000 0.0778985 0.1450427 0.0510768 0.1027679 0.0709793 0.0657535 0.0355476 0.0270792 0.1321214 0.0451320 0.0601477 0.2322082 0.0542480 0.0084162 0.0725321 0.0450871 
SRR8528343  0.0501139 0.0212304 0.1316808 0.0855907 0.0740148 0.0085824 0.0877037 0.0454524 0.1116654 0.0453430 0.0256376 0.1129141 0.0465154 0.1135155 0.3882935 0.0561470 0.0982151 0.0709669 0.0853148 0.0742459 0.3563761 0.1187756 0.3216487 0.4373307 0.0894174 0.0850161 0.4022374 0.0082698 0.0502377 0.0949004 0.0083004 0.0125141 0.0613715 0.0881575 0.0974797 0.0914796 0.0456418 0.1163566 0.0083067 0.1129402 0.0957964 0.0778985 0.0000000 0.1353703 0.0540625 0.0971621 0.0355965 0.0503216 0.0740874 0.1005852 0.0845101 0.0781038 0.0905811 0.1862876 0.0617901 0.0740813 0.0268595 0.0780630 
SRR8528347  0.1497751 0.1354252 0.0898392 0.1254644 0.1509908 0.1209042 0.0823656 0.1514051 0.1821713 0.1298151 0.1299102 0.0793267 0.1468635 0.1923487 0.4276108 0.1506880 0.1298385 0.1352795 0.1367661 0.1703322 0.3899038 0.1738900 0.3489992 0.4483815 0.1274228 0.1848111 0.4091766 0.1209042 0.1202867 0.1647421 0.1215580 0.1279984 0.1859717 0.1569298 0.1741386 0.1566686 0.1436236 0.1530312 0.1216132 0.1784239 0.1508234 0.1450427 0.1353703 0.0000000 0.1354551 0.1004302 0.1208114 0.1430300 0.1233901 0.1648628 0.1234555 0.1530766 0.1846423 0.1948565 0.1423422 0.1411569 0.1182209 0.1578740 
SRR8528350  0.0400483 0.0591739 0.1129581 0.1084101 0.0931744 0.0460701 0.0992441 0.0644927 0.0989654 0.0592319 0.0597837 0.0996926 0.0542442 0.1303470 0.4517419 0.0705080 0.1099482 0.0563010 0.0614230 0.0788956 0.4083690 0.1226852 0.3681443 0.5149878 0.0711813 0.0666755 0.4748256 0.0442730 0.0746577 0.0987156 0.0444536 0.0395220 0.0651313 0.0699077 0.0673147 0.0629656 0.0596109 0.1346382 0.0444808 0.1296301 0.0731913 0.0510768 0.0540625 0.1354551 0.0000000 0.0972270 0.0590586 0.0541061 0.0564418 0.0693378 0.1299343 0.0668928 0.0831198 0.2415510 0.0656992 0.0519583 0.0502020 0.0666916 
SRR8528354  0.0969713 0.1034124 0.1063334 0.1182827 0.1231373 0.0831307 0.0728542 0.1034196 0.1470973 0.1035964 0.1044254 0.0962592 0.1060745 0.1264852 0.3176376 0.1310824 0.1228893 0.1009651 0.1128440 0.1317473 0.3064976 0.1511795 0.2598820 0.3584312 0.1129497 0.1215129 0.3285853 0.0853415 0.0850005 0.1187458 0.0857369 0.0911878 0.1115272 0.1047456 0.1256992 0.1047354 0.0802535 0.1183583 0.0857827 0.1253269 0.1075701 0.1027679 0.0971621 0.1004302 0.0972270 0.0000000 0.0912214 0.1097752 0.0852660 0.1177565 0.1056722 0.1085860 0.1144575 0.1794305 0.0950848 0.0990341 0.0932416 0.0969758 
SRR8528357  0.0393550 0.0404499 0.1226095 0.0913003 0.0585820 0.0272997 0.0934187 0.0348837 0.1217961 0.0442590 0.0408886 0.1044269 0.0453827 0.0795658 0.3624100 0.0651775 0.0812758 0.0875792 0.0987617 0.0637332 0.3384694 0.1338311 0.3090834 0.4091615 0.0944304 0.0719283 0.3754510 0.0262487 0.0301305 0.0706304 0.0263536 0.0308941 0.0400323 0.0791178 0.0943575 0.0953698 0.0258238 0.1280461 0.0263714 0.0987614 0.0822134 0.0709793 0.0355965 0.1208114 0.0590586 0.0912214 0.0000000 0.0491203 0.0667887 0.0862427 0.1152468 0.0874505 0.0772219 0.1523626 0.0602984 0.0671961 0.0262007 0.0655350 
SRR8528359  0.0399854 0.0554640 0.1390831 0.0929440 0.0930587 0.0370849 0.0880231 0.0493316 0.0989842 0.0260812 0.0459173 0.0934720 0.0169059 0.1049149 0.4373323 0.0401688 0.0947493 0.0778338 0.0871675 0.0460527 0.3837941 0.1025369 0.3638205 0.4709942 0.0823024 0.0710439 0.4333227 0.0404634 0.0642048 0.0987334 0.0406303 0.0453614 0.0353433 0.0851038 0.0781738 0.0783603 0.0398604 0.1631047 0.0406562 0.1134209 0.0881342 0.0657535 0.0503216 0.1430300 0.0541061 0.1097752 0.0491203 0.0000000 0.0563994 0.0805583 0.1353398 0.0777270 0.0720879 0.1966874 0.0617901 0.0619375 0.0308834 0.0666433 
SRR8528361  0.0623764 0.0798674 0.1200323 0.0984911 0.1381437 0.0658752 0.0893900 0.0780413 0.0530087 0.0680095 0.0806961 0.0884771 0.0565453 0.1106360 0.3791312 0.0735358 0.0874050 0.0410518 0.0379424 0.0733108 0.3664718 0.0623472 0.3134578 0.4272696 0.0503114 0.0558976 0.3927282 0.0630816 0.0778912 0.1040362 0.0633628 0.0685417 0.0790045 0.0468886 0.0403218 0.0413168 0.0729821 0.1734907 0.0634005 0.1105593 0.0504165 0.0355476 0.0740874 0.1233901 0.0564418 0.0852660 0.0667887 0.0563994 0.0000000 0.0476119 0.1447399 0.0313000 0.0664384 0.2108154 0.0551575 0.0315651 0.0629447 0.0508603 
SRR8528365  0.0757989 0.1070368 0.1448458 0.1347825 0.1375533 0.0849397 0.1284281 0.1032739 0.0775151 0.0816776 0.1080960 0.1109952 0.0807304 0.1348394 0.4665020 0.0998207 0.1226788 0.0581028 0.0577619 0.0979948 0.4518078 0.0976625 0.3898839 0.5240353 0.0734560 0.0416270 0.4836559 0.0883865 0.0922836 0.1265198 0.0888082 0.0825123 0.0936430 0.0539281 0.0624143 0.0585513 0.0800821 0.1688665 0.0888553 0.1246508 0.0574616 0.0270792 0.1005852 0.1648628 0.0693378 0.1177565 0.0862427 0.0805583 0.0476119 0.0000000 0.1493521 0.0580351 0.0744092 0.2129676 0.0787537 0.0275160 0.0881718 0.0528484 
SRR8528370  0.1343495 0.1151156 0.1064863 0.1433908 0.1662612 0.0869623 0.0860619 0.1284562 0.1879940 0.1372464 0.1209420 0.1050812 0.1316151 0.1812313 0.4296724 0.1346331 0.1314707 0.1295898 0.1250460 0.1479323 0.3897479 0.1859758 0.3574434 0.4833190 0.1537436 0.1677458 0.4453630 0.0963373 0.1083607 0.1553148 0.0967931 0.0977193 0.1515296 0.1442304 0.1686963 0.1491279 0.1159611 0.0455627 0.0968418 0.1611035 0.1516426 0.1321214 0.0845101 0.1234555 0.1299343 0.1056722 0.1152468 0.1353398 0.1447399 0.1493521 0.0000000 0.1384406 0.1449670 0.2301259 0.1278847 0.1233909 0.1177561 0.1255108 
SRR8528372  0.0709894 0.0838496 0.1435241 0.0911002 0.1431775 0.0701015 0.0946855 0.0993754 0.0315202 0.0832884 0.0892075 0.1015934 0.0726629 0.1208645 0.3944237 0.0844391 0.0985580 0.0258312 0.0369263 0.0973426 0.3815459 0.0738149 0.3274635 0.4436269 0.0406685 0.0662520 0.4084900 0.0671668 0.0932745 0.1020734 0.0674627 0.0618752 0.1021298 0.0460563 0.0461114 0.0461842 0.0883149 0.1431934 0.0675013 0.1199907 0.0495384 0.0451320 0.0781038 0.1530766 0.0668928 0.1085860 0.0874505 0.0777270 0.0313000 0.0580351 0.1384406 0.0000000 0.0549689 0.2046080 0.0592689 0.0458839 0.0780757 0.0444505 
SRR8528379  0.0717357 0.0966393 0.1635708 0.1144707 0.1342092 0.0826538 0.1124576 0.0885900 0.0678440 0.0730603 0.0975935 0.1149527 0.0683589 0.1097221 0.3806754 0.1019523 0.1238788 0.0550735 0.0939391 0.0884202 0.3679405 0.1029835 0.3143932 0.4289314 0.0550210 0.0715626 0.3815009 0.0790936 0.0829009 0.0917918 0.0794526 0.0735505 0.0784909 0.0569144 0.0758567 0.0722141 0.0779823 0.1361581 0.0794966 0.1217955 0.0602893 0.0601477 0.0905811 0.1846423 0.0831198 0.1144575 0.0772219 0.0720879 0.0664384 0.0744092 0.1449670 0.0549689 0.0000000 0.1912271 0.0702894 0.0611983 0.0789133 0.0260217 
SRR8528381  0.1946301 0.1791619 0.2091532 0.1742633 0.1673159 0.1686346 0.1986033 0.1628303 0.2303603 0.1887672 0.1755357 0.2186451 0.1843060 0.1616958 0.3732411 0.1938185 0.1677646 0.2216454 0.2385296 0.2044462 0.3372651 0.2154983 0.3187987 0.3793163 0.2363751 0.2006007 0.3477409 0.1703857 0.1631205 0.1695765 0.1713394 0.1780903 0.1840825 0.2037735 0.2528684 0.2547292 0.1638095 0.2283992 0.1713857 0.1396538 0.2320393 0.2322082 0.1862876 0.1948565 0.2415510 0.1794305 0.1523626 0.1966874 0.2108154 0.2129676 0.2301259 0.2046080 0.1912271 0.0000000 0.2138428 0.2290165 0.1534515 0.1816383 
SRR8528384  0.0654031 0.0672269 0.1245266 0.1068676 0.0955109 0.0535877 0.0932885 0.0711001 0.0892765 0.0665238 0.0679313 0.1194839 0.0619433 0.0976031 0.3685758 0.0786200 0.0703372 0.0696552 0.0923008 0.0955203 0.3561094 0.1001857 0.3038369 0.4156309 0.0695935 0.0867491 0.3817796 0.0513962 0.0871074 0.0851377 0.0516163 0.0565587 0.0886524 0.0719947 0.0696322 0.0766420 0.0713845 0.1410677 0.0516482 0.0909010 0.0751340 0.0542480 0.0617901 0.1423422 0.0656992 0.0950848 0.0602984 0.0617901 0.0551575 0.0787537 0.1278847 0.0592689 0.0702894 0.2138428 0.0000000 0.0605736 0.0512912 0.0693651 
SRR8528389  0.0573842 0.0798748 0.1177339 0.1048372 0.1303885 0.0658521 0.1093434 0.0898562 0.0636940 0.0627749 0.0807057 0.0968686 0.0620912 0.1112731 0.3840814 0.0794817 0.0961628 0.0415310 0.0510980 0.0914201 0.3713369 0.0882985 0.3178278 0.4325306 0.0560494 0.0358935 0.3978366 0.0630548 0.0727304 0.1046137 0.0633354 0.0627329 0.0737689 0.0418345 0.0501532 0.0364029 0.0678547 0.1541125 0.0633740 0.1108027 0.0454392 0.0084162 0.0740813 0.1411569 0.0519583 0.0990341 0.0671961 0.0619375 0.0315651 0.0275160 0.1233909 0.0458839 0.0611983 0.2290165 0.0605736 0.0000000 0.0686993 0.0458381 
SRR8528391  0.0307746 0.0316445 0.1275521 0.0815786 0.0602331 0.0183238 0.0838477 0.0263038 0.0948278 0.0262407 0.0224836 0.0907493 0.0269440 0.0884233 0.3794084 0.0459804 0.0830303 0.0781833 0.0769449 0.0537625 0.3620135 0.1235034 0.3142698 0.4081604 0.0893865 0.0671146 0.3750273 0.0176145 0.0500810 0.0760457 0.0176850 0.0222083 0.0409387 0.0664655 0.0893266 0.0857238 0.0264161 0.1307969 0.0176977 0.1008604 0.0839942 0.0725321 0.0268595 0.1182209 0.0502020 0.0932416 0.0262007 0.0308834 0.0629447 0.0881718 0.1177561 0.0780757 0.0789133 0.1534515 0.0512912 0.0686993 0.0000000 0.0669751 
SRR8528400  0.0501820 0.0838134 0.1388428 0.1008026 0.1343555 0.0644938 0.1070417 0.0763655 0.0668680 0.0720064 0.0846592 0.1063558 0.0617006 0.1080690 0.3986727 0.0844033 0.1099959 0.0444930 0.0604565 0.0828279 0.3856298 0.1089491 0.3308488 0.4486024 0.0644028 0.0557650 0.3997814 0.0671203 0.0709298 0.1017519 0.0674161 0.0618274 0.0728842 0.0460104 0.0600749 0.0563130 0.0661634 0.1303363 0.0674547 0.1163694 0.0494926 0.0450871 0.0780630 0.1578740 0.0666916 0.0969758 0.0655350 0.0666433 0.0508603 0.0528484 0.1255108 0.0444505 0.0260217 0.1816383 0.0693651 0.0458381 0.0669751 0.0000000 
