122
PAFTOL_019361 0.0000000 0.1994929 0.2190565 0.1929863 0.1988563 0.1744090 0.2128390 0.1797424 0.1872021 0.1852634 0.1788784 0.1768132 0.2471216 0.2455275 0.2285530 0.1897230 0.1983915 0.1593768 0.2201137 0.1895793 0.2077848 0.1848113 0.1978468 0.1957222 0.1836630 0.2025070 0.1979689 0.2247441 0.1882995 0.2129938 0.2149713 0.2280620 0.1985567 0.1707131 0.1631398 0.1963168 0.2071093 0.1929655 0.1987002 0.1622079 0.1993284 0.2211915 0.2265324 0.1865502 0.2154406 0.1903666 0.1829170 0.1752971 0.1812560 0.2312509 0.2123621 0.1858239 0.1716448 0.2080501 0.2313797 0.2220404 0.2122452 0.2134388 0.2070289 0.1978359 0.2059936 0.2523280 0.2381189 0.2433756 0.2358793 0.2172237 0.1837527 0.2053451 0.2240794 0.2037108 0.2394736 0.1882323 0.1831368 0.2066108 0.1812114 0.2077697 0.1753716 0.1892606 0.1892606 0.2118452 0.2190874 0.1930628 0.2373021 0.2201500 0.1860262 0.2096518 0.1849417 0.1745917 0.1721119 0.1699397 0.2032370 0.2045679 0.1662164 0.1891456 0.1948612 0.1764610 0.1842763 0.1935493 0.1944896 0.2023359 0.2146325 0.1926446 0.1827594 0.2224808 0.1909298 0.1756240 0.1757478 0.2020691 0.1947077 0.2339249 0.2021544 0.2035916 0.1817377 0.1834869 0.1904835 0.1836569 0.1765450 0.2707170 0.2067525 0.1762800 0.1963714 0.1730629 
S0055         0.1994929 0.0000000 0.1037666 0.1026507 0.0915193 0.0476336 0.1119691 0.0736657 0.0847959 0.0503337 0.0633208 0.0830395 0.1260648 0.1357794 0.1183790 0.0879959 0.0915923 0.0630944 0.1043328 0.0733005 0.0598077 0.0456957 0.0605700 0.0938174 0.0758866 0.0823598 0.0875113 0.1248023 0.0906860 0.1017318 0.0736929 0.1177359 0.1035626 0.0423808 0.0213298 0.1071694 0.1047854 0.0884813 0.0518150 0.0212291 0.1028021 0.1047736 0.1370591 0.0732763 0.1145185 0.0533352 0.0726924 0.0398883 0.0761801 0.1137688 0.0853854 0.0856891 0.0766455 0.1044066 0.1093505 0.1037958 0.0923309 0.1025140 0.0975135 0.1242021 0.0693351 0.0784790 0.1243443 0.0919799 0.0950456 0.1370558 0.0533375 0.1197032 0.0999199 0.0927841 0.0984231 0.0529498 0.0790500 0.1203837 0.0558930 0.0624302 0.0796666 0.0943386 0.0943386 0.1145185 0.1079300 0.0942848 0.1280636 0.1180728 0.0478457 0.0775933 0.0918331 0.0667633 0.0590005 0.0432667 0.0320782 0.0931499 0.0450076 0.1011715 0.0872444 0.0762082 0.0907657 0.0597135 0.0786315 0.1114458 0.1004680 0.1002234 0.0479222 0.1097069 0.0791773 0.0674553 0.0452825 0.1002820 0.0538848 0.1446823 0.0737931 0.0739466 0.0892776 0.0825380 0.1039596 0.0767756 0.0915538 0.1430781 0.0851950 0.0676722 0.0731423 0.0766078 
S0196sl       0.2190565 0.1037666 0.0000000 0.1114369 0.0579369 0.0817261 0.1127244 0.0891286 0.0846645 0.0818204 0.0847338 0.1251870 0.1171468 0.1159255 0.1121523 0.0943999 0.1055152 0.0795798 0.1046252 0.0876020 0.0611962 0.0826512 0.0822600 0.1037889 0.0368520 0.0946206 0.0739740 0.1229130 0.1048782 0.1162822 0.1040611 0.1117331 0.1045761 0.0756256 0.0895850 0.1086632 0.1091992 0.0941014 0.0835404 0.0890674 0.0781872 0.1050933 0.1316991 0.0850425 0.1154242 0.0886286 0.0342293 0.0757654 0.0369958 0.1086496 0.0944585 0.0883400 0.0758959 0.1166292 0.0973694 0.1149123 0.1059190 0.1207634 0.0488115 0.1158005 0.1094700 0.1331391 0.0843744 0.1083922 0.1020632 0.1293056 0.0549146 0.1321944 0.1040628 0.0926503 0.1014319 0.0938467 0.0785480 0.1325775 0.0915075 0.1124080 0.0926707 0.0877747 0.0877747 0.1154242 0.1059117 0.1018531 0.1080828 0.1191983 0.0884010 0.0929100 0.0995917 0.0743062 0.0890851 0.0741270 0.1051640 0.0873892 0.0751142 0.0958647 0.0879152 0.0755244 0.1038174 0.0931856 0.0479560 0.1058736 0.0456594 0.1035643 0.0757770 0.0652113 0.0786826 0.0632762 0.0792183 0.1006286 0.0857690 0.1406305 0.0982615 0.0951142 0.0938216 0.0957382 0.0915023 0.0854870 0.0917787 0.1393251 0.0721770 0.0603244 0.0873297 0.0727123 
S0278         0.1929863 0.1026507 0.1114369 0.0000000 0.0886976 0.0791234 0.1256234 0.0255712 0.0885396 0.0820805 0.0762660 0.0681391 0.1403089 0.1326419 0.1322521 0.0479873 0.0984198 0.0631140 0.1175817 0.0948205 0.0987937 0.0833703 0.0961202 0.0592421 0.0856388 0.1048672 0.0599443 0.1355433 0.0372604 0.1028197 0.1199901 0.1257598 0.0400656 0.0734255 0.0737456 0.0402821 0.0807052 0.0976096 0.0966443 0.0733720 0.1099796 0.1180876 0.1329496 0.1039787 0.1281901 0.0827158 0.0853401 0.0737669 0.0890729 0.1149933 0.1088795 0.0707409 0.0832984 0.0376479 0.1201326 0.1048978 0.0901411 0.1068385 0.1017873 0.1230448 0.1012523 0.1388492 0.1156261 0.1077912 0.0981271 0.1325053 0.0894711 0.1218742 0.1070129 0.0996734 0.1308836 0.0848046 0.0763048 0.1225789 0.0851928 0.1014539 0.0504810 0.0915726 0.0915726 0.1281901 0.0836902 0.0270434 0.1297034 0.1319003 0.0767743 0.1092695 0.0831510 0.0759120 0.0829077 0.0722206 0.1164163 0.0903349 0.0701738 0.0891954 0.0976652 0.0798182 0.0453882 0.0897486 0.0975735 0.0379660 0.1047857 0.1034141 0.0796200 0.1140567 0.0736529 0.0709133 0.0739824 0.0567503 0.0887876 0.1250211 0.1007896 0.1080274 0.0689043 0.0804380 0.0951504 0.0718095 0.0986038 0.1282376 0.0881850 0.0711443 0.1036020 0.0802212 
S0281         0.1988563 0.0915193 0.0579369 0.0886976 0.0000000 0.0710133 0.1268453 0.0713232 0.0744383 0.0682124 0.0676284 0.1123915 0.1345242 0.1202376 0.1335468 0.0894393 0.0959555 0.0760248 0.1187023 0.0865426 0.0766642 0.0718055 0.0834644 0.0953625 0.0512991 0.0932393 0.0803746 0.1368739 0.0920106 0.1035760 0.1045486 0.1112496 0.0954296 0.0653746 0.0649347 0.0867119 0.1032650 0.0892536 0.0786377 0.0646035 0.0764498 0.1192179 0.1361746 0.0795633 0.1294332 0.0773088 0.0483535 0.0656787 0.0486123 0.1031893 0.0889682 0.0835455 0.0750280 0.0991477 0.1039512 0.1024284 0.0939875 0.1076331 0.0574634 0.1196368 0.0766324 0.1175927 0.1088910 0.1026080 0.1001221 0.1325849 0.0595613 0.1286450 0.0985166 0.0911133 0.0928113 0.0882565 0.0687294 0.1293920 0.0799940 0.0990928 0.0717880 0.0832836 0.0832836 0.1294332 0.1064426 0.0862367 0.1149855 0.1331874 0.0739009 0.0938005 0.0785023 0.0646734 0.0776805 0.0609052 0.0985933 0.0828382 0.0678174 0.0967668 0.0892864 0.0716373 0.0924836 0.0813653 0.0594680 0.0999853 0.0602547 0.0981842 0.0714592 0.0698751 0.0718137 0.0573078 0.0686327 0.0928930 0.0719127 0.1362929 0.0923691 0.0988575 0.0852469 0.0838064 0.0867754 0.0750999 0.0872174 0.1515961 0.0684709 0.0574931 0.0892365 0.0719966 
S0282         0.1744090 0.0476336 0.0817261 0.0791234 0.0710133 0.0000000 0.1058501 0.0562365 0.0561582 0.0168469 0.0344320 0.0936401 0.1228291 0.1073664 0.1091988 0.0701615 0.0645035 0.0580703 0.1012895 0.0538830 0.0254678 0.0220809 0.0320201 0.0758254 0.0509792 0.0652316 0.0408219 0.1153454 0.0672224 0.0716705 0.0596496 0.0957653 0.0798124 0.0095459 0.0127002 0.0825350 0.0744314 0.0740403 0.0383276 0.0126407 0.0821047 0.1017163 0.1072520 0.0458057 0.1084019 0.0194250 0.0480542 0.0095789 0.0511721 0.0858253 0.0791799 0.0587163 0.0538604 0.0798549 0.0909535 0.0709125 0.0685511 0.0717889 0.0755959 0.0923683 0.0747841 0.1048601 0.0892417 0.0857981 0.0800875 0.1045653 0.0535179 0.1003339 0.0671610 0.0686581 0.0924147 0.0399429 0.0454475 0.1008950 0.0218619 0.0454169 0.0586835 0.0739525 0.0739525 0.1084019 0.0802392 0.0710039 0.0993384 0.1119007 0.0193832 0.0745301 0.0596007 0.0467024 0.0245181 0.0097323 0.0563191 0.0614051 0.0219294 0.0798203 0.0590329 0.0480993 0.0734469 0.0323318 0.0590938 0.0863446 0.0784662 0.0796268 0.0144710 0.0879418 0.0458396 0.0400000 0.0120271 0.0767245 0.0246553 0.1207035 0.0377626 0.0543511 0.0598207 0.0565187 0.0774541 0.0512141 0.0652175 0.1282628 0.0591727 0.0401245 0.0564483 0.0510517 
S0288         0.2128390 0.1119691 0.1127244 0.1256234 0.1268453 0.1058501 0.0000000 0.1040941 0.1055999 0.1090738 0.1070584 0.1475599 0.0353346 0.1149433 0.0071517 0.1027076 0.1268751 0.0798232 0.0169348 0.1017469 0.0992874 0.1062793 0.1110631 0.1151833 0.1055319 0.1090359 0.1129137 0.0071561 0.1225051 0.1267537 0.1252992 0.1082690 0.1226312 0.1026529 0.1021400 0.1330065 0.1164693 0.1204481 0.1111182 0.1015956 0.1389775 0.0169990 0.1643810 0.1117590 0.0000029 0.1130045 0.1091801 0.0969321 0.1030837 0.1360464 0.0785815 0.0933759 0.0899614 0.1277790 0.0879688 0.1287371 0.1166136 0.1246595 0.1165396 0.1341669 0.1381195 0.1158063 0.1105035 0.1297219 0.1266219 0.1583957 0.1247557 0.1458253 0.1243949 0.1103321 0.1078307 0.1116292 0.0994630 0.1466848 0.1084253 0.1270138 0.0937501 0.1140643 0.1140643 0.0047347 0.1125454 0.1166385 0.1119791 0.0047459 0.1063685 0.0832762 0.1210431 0.0993448 0.1091619 0.0953850 0.1260632 0.1144469 0.0958213 0.1188632 0.1122155 0.0904171 0.1110377 0.1241663 0.1214223 0.1244496 0.1196314 0.1265236 0.0997453 0.1222075 0.0935750 0.0870020 0.1034709 0.1191629 0.1165969 0.1595590 0.1296238 0.1293516 0.1157048 0.1170554 0.1110604 0.0997265 0.0995000 0.1695008 0.1153956 0.0872949 0.1047412 0.0868090 
S0289         0.1797424 0.0736657 0.0891286 0.0255712 0.0713232 0.0562365 0.1040941 0.0000000 0.0617973 0.0562818 0.0513100 0.0362570 0.1188237 0.1124456 0.1076737 0.0150455 0.0744412 0.0494721 0.0934637 0.0800214 0.0711891 0.0568090 0.0643819 0.0335377 0.0592180 0.0776711 0.0565176 0.1109367 0.0176922 0.0779251 0.0866921 0.0999274 0.0255595 0.0505784 0.0462335 0.0335500 0.0540201 0.0650885 0.0636034 0.0459975 0.0960323 0.0938715 0.1243302 0.0800748 0.1037882 0.0596189 0.0624062 0.0508189 0.0622961 0.0899214 0.0671483 0.0437001 0.0592538 0.0258194 0.0948223 0.0801759 0.0656312 0.0782739 0.0758636 0.1044618 0.0673953 0.0980126 0.1038781 0.0862019 0.0805076 0.1140212 0.0564301 0.1097941 0.0739019 0.0719591 0.0966689 0.0649734 0.0472593 0.1104468 0.0622839 0.0780448 0.0267563 0.0621319 0.0621319 0.1037882 0.0540301 0.0230306 0.1036891 0.1041705 0.0594748 0.0744375 0.0653929 0.0517993 0.0656632 0.0460470 0.0898916 0.0610976 0.0476286 0.0682484 0.0645827 0.0532722 0.0151192 0.0722673 0.0709587 0.0258027 0.0788539 0.0707850 0.0565985 0.0855502 0.0503815 0.0417663 0.0509707 0.0284567 0.0626995 0.0905668 0.0746280 0.0716182 0.0568716 0.0626410 0.0654457 0.0479246 0.0712071 0.1053341 0.0587521 0.0419020 0.0738332 0.0562798 
S0292         0.1872021 0.0847959 0.0846645 0.0885396 0.0744383 0.0561582 0.1055999 0.0617973 0.0000000 0.0589389 0.0514442 0.0781385 0.1194493 0.1044059 0.1119211 0.0699594 0.0622119 0.0378398 0.0981382 0.0706375 0.0672319 0.0542040 0.0670802 0.0643574 0.0593499 0.0712165 0.0873968 0.1150697 0.0761284 0.0682955 0.0825111 0.0955398 0.0826054 0.0507641 0.0349679 0.0737149 0.0742658 0.0710360 0.0661927 0.0347989 0.0826106 0.0985501 0.1143788 0.0706143 0.1081463 0.0620751 0.0595354 0.0509950 0.0595773 0.0857332 0.0852442 0.0586186 0.0565178 0.0832041 0.0878242 0.0704466 0.0652310 0.0778987 0.0695735 0.0960458 0.0644229 0.0993569 0.1040925 0.0885292 0.0828060 0.1083849 0.0491041 0.1073057 0.0730518 0.0569764 0.0952580 0.0731924 0.0346608 0.1079121 0.0591854 0.0763794 0.0559174 0.0824381 0.0824381 0.1081463 0.0800010 0.0772502 0.0991023 0.1147576 0.0619317 0.0932336 0.0569883 0.0148117 0.0568584 0.0518442 0.0947744 0.0449529 0.0535537 0.0738757 0.0319549 0.0193705 0.0761939 0.0652516 0.0676124 0.0832169 0.0724213 0.0765829 0.0565031 0.0817958 0.0376181 0.0243883 0.0537949 0.0709740 0.0617916 0.1009007 0.0673931 0.0827996 0.0575178 0.0539303 0.0858868 0.0538127 0.0623567 0.1207787 0.0645431 0.0295375 0.0676499 0.0563553 
S0293         0.1852634 0.0503337 0.0818204 0.0820805 0.0682124 0.0168469 0.1090738 0.0562818 0.0589389 0.0000000 0.0372321 0.0985235 0.1224195 0.1044509 0.1154572 0.0730430 0.0734657 0.0631406 0.1044406 0.0593414 0.0254195 0.0220990 0.0348320 0.0787450 0.0537360 0.0708416 0.0410688 0.1186356 0.0700786 0.0801702 0.0624872 0.0987009 0.0827977 0.0168568 0.0169724 0.0855315 0.0802752 0.0769883 0.0409362 0.0168927 0.0850855 0.1048823 0.1105807 0.0539388 0.1116271 0.0219367 0.0507789 0.0095891 0.0539397 0.0888570 0.0762280 0.0616328 0.0566459 0.0769997 0.0880585 0.0795352 0.0714692 0.0809912 0.0756833 0.0955312 0.0694715 0.0993443 0.0846383 0.0888289 0.0830845 0.1078003 0.0581013 0.1036014 0.0760319 0.0658511 0.0895582 0.0426028 0.0481137 0.1041825 0.0243837 0.0511258 0.0615989 0.0768966 0.0768966 0.1116271 0.0832434 0.0739241 0.1025972 0.1151595 0.0218893 0.0716547 0.0652687 0.0494929 0.0245345 0.0146959 0.0591068 0.0642105 0.0244593 0.0828056 0.0671748 0.0508269 0.0763681 0.0377914 0.0619030 0.0893966 0.0785567 0.0826055 0.0169471 0.0880396 0.0538378 0.0426640 0.0144870 0.0796830 0.0271561 0.1240042 0.0404364 0.0571632 0.0655098 0.0619503 0.0832630 0.0539848 0.0708282 0.1215882 0.0619862 0.0427972 0.0619199 0.0538138 
S0294         0.1788784 0.0633208 0.0847338 0.0762660 0.0676284 0.0344320 0.1070584 0.0513100 0.0514442 0.0372321 0.0000000 0.0854694 0.1219384 0.1132913 0.1138367 0.0696224 0.0793475 0.0577016 0.0990528 0.0550346 0.0462749 0.0349797 0.0470362 0.0758066 0.0465836 0.0703289 0.0500926 0.1172148 0.0664763 0.0837871 0.0576140 0.0961838 0.0769781 0.0289599 0.0234709 0.0798942 0.0805135 0.0799850 0.0468382 0.0233490 0.0700550 0.0994972 0.1247718 0.0550925 0.1097788 0.0344350 0.0550880 0.0290970 0.0584159 0.0929343 0.0881623 0.0694080 0.0581431 0.0762362 0.0948355 0.0760836 0.0679580 0.0877414 0.0783075 0.1043232 0.0536655 0.1030320 0.0903869 0.0890953 0.0829625 0.1147852 0.0485548 0.1169446 0.0759830 0.0742497 0.1001597 0.0458130 0.0576722 0.1176642 0.0401762 0.0454363 0.0600940 0.0738199 0.0738199 0.1097788 0.0837048 0.0735644 0.1033588 0.1135247 0.0401846 0.0840547 0.0674461 0.0503333 0.0432942 0.0295179 0.0640253 0.0632910 0.0289666 0.0895596 0.0696704 0.0518716 0.0699845 0.0344592 0.0641793 0.0839431 0.0816244 0.0892780 0.0317590 0.0884287 0.0582144 0.0430963 0.0318981 0.0767726 0.0259849 0.1164280 0.0369739 0.0614520 0.0676419 0.0640344 0.0836210 0.0520608 0.0673979 0.1318940 0.0609010 0.0432406 0.0577859 0.0550915 
S0299         0.1768132 0.0830395 0.1251870 0.0681391 0.1123915 0.0936401 0.1475599 0.0362570 0.0781385 0.0985235 0.0854694 0.0000000 0.1287989 0.1447085 0.1608904 0.0484818 0.0952061 0.0785672 0.1402464 0.1042617 0.0939924 0.0792143 0.1162564 0.0536354 0.0895989 0.1061428 0.0000010 0.1657788 0.0487135 0.1005087 0.1119042 0.1398883 0.0585471 0.0780518 0.0788466 0.0681762 0.0541365 0.0783250 0.1023425 0.0784446 0.1105840 0.1345518 0.1684949 0.1156217 0.1528129 0.0898021 0.0947860 0.0784930 0.0899891 0.1232432 0.0871684 0.0415323 0.0894552 0.0648534 0.1263977 0.1157665 0.0846509 0.1023179 0.1007685 0.1674712 0.0951438 0.1282013 0.1081552 0.1104811 0.1050921 0.1731889 0.0947860 0.1432330 0.1217340 0.1014127 0.1271257 0.0935870 0.0721535 0.1375884 0.0835735 0.1238900 0.0531470 0.0782350 0.0782350 0.1528129 0.0636653 0.0641421 0.1542789 0.1420138 0.0940285 0.0833072 0.0831363 0.0562478 0.0846321 0.0810990 0.0904552 0.0674004 0.0727128 0.0735636 0.0775901 0.0731067 0.0438223 0.1126290 0.1000227 0.0590388 0.1002791 0.0830609 0.0884847 0.1350996 0.0726388 0.0677839 0.0785826 0.0350016 0.1003822 0.0907977 0.1110372 0.0994956 0.0836732 0.0733268 0.0841321 0.0792999 0.1110399 0.1575276 0.0822296 0.0674294 0.1042718 0.0894400 
S0303         0.2471216 0.1260648 0.1171468 0.1403089 0.1345242 0.1228291 0.0353346 0.1188237 0.1194493 0.1224195 0.1219384 0.1287989 0.0000000 0.1291570 0.0459732 0.1229847 0.1417371 0.0580514 0.0246380 0.1153726 0.0981250 0.1238152 0.1372522 0.1360611 0.1159775 0.1230483 0.1749809 0.0460032 0.1370847 0.1376055 0.1503880 0.1121614 0.1372313 0.1164170 0.0903371 0.1397678 0.1263365 0.1357119 0.1216164 0.0898658 0.1504843 0.0247328 0.1910653 0.1326389 0.0377898 0.1304050 0.1197741 0.1135990 0.1135192 0.1511343 0.0918197 0.1097156 0.1032022 0.1427659 0.1012804 0.1435205 0.1310449 0.1395578 0.1316852 0.1607655 0.1195087 0.0987680 0.0942665 0.1443385 0.1378328 0.1748458 0.1069217 0.1711920 0.1389049 0.1312392 0.1216545 0.1256708 0.1130955 0.1722418 0.1254328 0.1418920 0.1065915 0.1290356 0.1290356 0.0325450 0.1255524 0.1279065 0.1197338 0.0432087 0.1234435 0.1000423 0.1357658 0.1133562 0.1263078 0.1159492 0.1372128 0.1285546 0.1092492 0.1246185 0.1160830 0.1037389 0.1249942 0.1389860 0.1323260 0.1418027 0.1278152 0.1420239 0.1164794 0.1405462 0.1034504 0.1001420 0.1204613 0.1336167 0.1302937 0.1704530 0.1477671 0.1342123 0.1303627 0.1276609 0.1332213 0.1133980 0.1131423 0.1703942 0.1294698 0.1004865 0.1184619 0.0999175 
S0308         0.2455275 0.1357794 0.1159255 0.1326419 0.1202376 0.1073664 0.1149433 0.1124456 0.1044059 0.1044509 0.1132913 0.1447085 0.1291570 0.0000000 0.1277395 0.1265907 0.1283810 0.0900082 0.1101991 0.1140487 0.1040401 0.1121460 0.1172020 0.1330573 0.1051970 0.1190840 0.1031449 0.1245845 0.1262723 0.1283170 0.1309590 0.0856072 0.1243592 0.0947059 0.1120464 0.1382339 0.1310729 0.1300092 0.1164988 0.1114493 0.1342893 0.1074835 0.1786677 0.1271205 0.1174891 0.1144579 0.1015834 0.0987173 0.0961063 0.1418183 0.0812716 0.1114964 0.1024513 0.1316128 0.0636757 0.1215468 0.1182665 0.1327380 0.1122242 0.1526778 0.1435860 0.0681583 0.1254494 0.1275671 0.1213691 0.1665224 0.1125110 0.1702560 0.1266560 0.1305096 0.0858272 0.1194719 0.0922249 0.1712949 0.1099085 0.1319483 0.1084811 0.1235102 0.1235102 0.1205172 0.1271884 0.1205596 0.0829152 0.1210668 0.1141685 0.0763982 0.1089874 0.1012774 0.1138242 0.0968469 0.1409885 0.1192528 0.1005951 0.1336412 0.1171261 0.0951885 0.1265974 0.1130274 0.1144446 0.1398053 0.1152759 0.1361678 0.1050647 0.1212360 0.0984567 0.0986568 0.1050201 0.1337204 0.1180163 0.1680951 0.1150418 0.1347155 0.1196844 0.1186511 0.1275522 0.1049937 0.1185894 0.1747610 0.1171848 0.0960341 0.1208541 0.1021459 
S0322         0.2285530 0.1183790 0.1121523 0.1322521 0.1335468 0.1091988 0.0071517 0.1076737 0.1119211 0.1154572 0.1138367 0.1608904 0.0459732 0.1277395 0.0000000 0.1090037 0.1335781 0.0969966 0.0244003 0.1079797 0.1063845 0.1126450 0.1179326 0.1216361 0.1118485 0.1154186 0.1048420 0.0144344 0.1290965 0.1334496 0.1319100 0.1147653 0.1292315 0.1089458 0.1193542 0.1397672 0.1194169 0.1269182 0.1176379 0.1187056 0.1457913 0.0244934 0.1718641 0.1216988 0.0071185 0.1194810 0.1155711 0.1031749 0.1156616 0.1428366 0.0847852 0.0997308 0.0960612 0.1345335 0.0941069 0.1353988 0.1231581 0.1313853 0.1196407 0.1411490 0.1570316 0.1331561 0.1051205 0.1323073 0.1259994 0.1656964 0.1429110 0.1530240 0.1309492 0.1168029 0.1141326 0.1180161 0.1057074 0.1539320 0.1147678 0.1337235 0.1001339 0.1204487 0.1204487 0.0119374 0.1157803 0.1231840 0.1145100 0.0119657 0.1127408 0.0861312 0.1277024 0.1057602 0.1155535 0.1016991 0.1327173 0.1208541 0.1019850 0.1253899 0.1186385 0.0965512 0.1173884 0.1308590 0.1279489 0.1311626 0.1227377 0.1330578 0.1060073 0.1255883 0.0997577 0.0930653 0.1098180 0.1257093 0.1231362 0.1587409 0.1363359 0.1360536 0.1223534 0.1236257 0.1105326 0.1059875 0.0990295 0.1772555 0.1186413 0.0933806 0.1110068 0.0928587 
S0327         0.1897230 0.0879959 0.0943999 0.0479873 0.0894393 0.0701615 0.1027076 0.0150455 0.0699594 0.0730430 0.0696224 0.0484818 0.1229847 0.1265907 0.1090037 0.0000000 0.0857079 0.0571748 0.1014132 0.0910724 0.0939343 0.0712167 0.0826408 0.0397671 0.0706105 0.0918287 0.0731778 0.1121415 0.0319794 0.0885156 0.1035734 0.1116696 0.0426489 0.0645943 0.0535642 0.0531588 0.0622585 0.0764102 0.0779567 0.0533000 0.1098683 0.1018410 0.1318452 0.0881757 0.1052581 0.0763699 0.0737922 0.0648911 0.0738453 0.1007408 0.0795299 0.0526871 0.0733723 0.0429455 0.1034709 0.0941795 0.0764914 0.0922354 0.0943307 0.1059827 0.0793180 0.1045476 0.0936802 0.0969901 0.0912089 0.1217402 0.0587129 0.1176940 0.0904647 0.0772600 0.1048817 0.0762773 0.0584679 0.1183679 0.0733556 0.0918221 0.0308917 0.0706713 0.0706713 0.1052581 0.0710629 0.0428575 0.1154241 0.1025756 0.0734270 0.0836004 0.0766933 0.0605961 0.0767327 0.0632337 0.1012241 0.0692407 0.0619099 0.0763499 0.0785836 0.0616716 0.0320917 0.0861899 0.0793009 0.0455651 0.0972728 0.0819830 0.0705970 0.1065509 0.0618191 0.0532844 0.0678062 0.0429179 0.0795129 0.1042398 0.0912291 0.0860132 0.0712107 0.0712438 0.0739580 0.0622736 0.0881159 0.1197774 0.0725935 0.0534526 0.0879034 0.0704143 
S0335         0.1983915 0.0915923 0.1055152 0.0984198 0.0959555 0.0645035 0.1268751 0.0744412 0.0622119 0.0734657 0.0793475 0.0952061 0.1417371 0.1283810 0.1335781 0.0857079 0.0000000 0.0330353 0.1187306 0.0864176 0.0759216 0.0716149 0.0805266 0.0886206 0.0774963 0.0811646 0.0859583 0.1369060 0.0914145 0.0775224 0.1020627 0.1232227 0.0960237 0.0621460 0.0497406 0.1017701 0.0937413 0.1052645 0.0850732 0.0494925 0.1075360 0.1192463 0.1220017 0.0953756 0.1294636 0.0768155 0.0714212 0.0652658 0.0720392 0.1053160 0.1062667 0.0775687 0.0739399 0.0960480 0.1145374 0.0795112 0.0715526 0.0810858 0.0893866 0.1094876 0.0810260 0.1176775 0.1310611 0.0991895 0.0932689 0.1157112 0.0646810 0.1113774 0.0940050 0.0544205 0.1221608 0.0825415 0.0484958 0.1120133 0.0794834 0.0800521 0.0773897 0.0990490 0.0990490 0.1294636 0.1027727 0.0898720 0.1271590 0.1365166 0.0709597 0.1070879 0.0429304 0.0527135 0.0829590 0.0601692 0.0984355 0.0732102 0.0678847 0.1022084 0.0651488 0.0539836 0.0952703 0.0744416 0.0861895 0.1059753 0.0923513 0.1112206 0.0710059 0.1018097 0.0572669 0.0400729 0.0681992 0.0959552 0.0799791 0.1259682 0.0917684 0.0955249 0.0432909 0.0220816 0.1027749 0.0654863 0.0829676 0.1508629 0.0771075 0.0401978 0.0773739 0.0649804 
S0345         0.1593768 0.0630944 0.0795798 0.0631140 0.0760248 0.0580703 0.0798232 0.0494721 0.0378398 0.0631406 0.0577016 0.0785672 0.0580514 0.0900082 0.0969966 0.0571748 0.0330353 0.0000000 0.0684983 0.0577798 0.0724667 0.0430993 0.0687557 0.0732060 0.0588987 0.0640932 0.0000010 0.0965435 0.0626940 0.0484063 0.0922516 0.0775666 0.0579270 0.0426645 0.0482238 0.0736045 0.0585256 0.0522463 0.0711221 0.0479674 0.0803060 0.0632719 0.1060436 0.0691861 0.0849241 0.0641731 0.0588987 0.0477457 0.0591655 0.0701547 0.0635618 0.0345632 0.0378195 0.0755379 0.0719473 0.0581074 0.0382712 0.0545806 0.0540864 0.1118668 0.0816220 0.0905829 0.0543544 0.0581098 0.0529583 0.1236517 0.0641462 0.1002363 0.0795514 0.0485325 0.0842881 0.0632965 0.0276404 0.1007523 0.0579450 0.1047344 0.0726883 0.0521853 0.0521853 0.0796126 0.0628646 0.0580780 0.0959756 0.0909018 0.0532777 0.0609322 0.0228830 0.0242675 0.0535303 0.0440301 0.0699909 0.0373206 0.0424892 0.0527326 0.0278957 0.0329007 0.0622873 0.0762042 0.0694480 0.0743756 0.0538180 0.0570881 0.0532002 0.0844202 0.0229098 0.0278762 0.0530436 0.0689316 0.0697127 0.0982159 0.0868649 0.0681211 0.0135798 0.0229252 0.0578462 0.0331626 0.0480280 0.1064256 0.0579664 0.0329007 0.0577813 0.0378125 
S0355         0.2201137 0.1043328 0.1046252 0.1175817 0.1187023 0.1012895 0.0169348 0.0934637 0.0981382 0.1044406 0.0990528 0.1402464 0.0246380 0.1101991 0.0244003 0.1014132 0.1187306 0.0684983 0.0000000 0.0944275 0.1059739 0.1020708 0.1131933 0.1137143 0.0980745 0.0983424 0.1036295 0.0244156 0.1145399 0.1186185 0.1270539 0.0943576 0.1146553 0.0952559 0.1009415 0.1247253 0.1086366 0.1200444 0.1033639 0.1004099 0.1241958 0.0047301 0.1637577 0.1105055 0.0168551 0.1082574 0.1015977 0.0925460 0.0956494 0.1247222 0.0747300 0.0923996 0.0829242 0.1162878 0.0809091 0.1206202 0.1087694 0.1165127 0.1117556 0.1292659 0.1309170 0.1093337 0.0990014 0.1246835 0.1184975 0.1491754 0.1179283 0.1452883 0.1102992 0.1089143 0.1003647 0.1040232 0.0921566 0.1461413 0.1038290 0.1188594 0.0864385 0.1136860 0.1136860 0.0119654 0.1017733 0.1026421 0.0978677 0.0218576 0.1017769 0.0794021 0.1130133 0.0888000 0.1045220 0.0943829 0.1179859 0.1067864 0.0886456 0.1110163 0.1045611 0.0833348 0.1034804 0.1160636 0.1135453 0.1228150 0.1147951 0.1260965 0.0953120 0.1142206 0.0864029 0.0800373 0.0989321 0.1112892 0.1117597 0.1504144 0.1245003 0.1181355 0.1077493 0.1091758 0.1175838 0.0923976 0.0921885 0.1595917 0.1045616 0.0803008 0.0973512 0.0798624 
S0376         0.1895793 0.0733005 0.0876020 0.0948205 0.0865426 0.0538830 0.1017469 0.0800214 0.0706375 0.0593414 0.0550346 0.1042617 0.1153726 0.1140487 0.1079797 0.0910724 0.0864176 0.0577798 0.0944275 0.0000000 0.0676822 0.0629579 0.0670535 0.0910532 0.0678646 0.0270613 0.0962648 0.1110865 0.0947373 0.0836286 0.0737398 0.1020096 0.1007481 0.0429050 0.0444914 0.0982984 0.0987447 0.0857180 0.0661016 0.0442731 0.0859652 0.0948201 0.1145847 0.0650045 0.1042763 0.0653572 0.0710205 0.0511884 0.0682161 0.1108990 0.0948617 0.0826968 0.0655065 0.0993183 0.0970379 0.0885543 0.0862138 0.0993315 0.0849809 0.0900062 0.0798990 0.0996898 0.1050954 0.0986776 0.0927880 0.1022468 0.0688180 0.1043787 0.0971316 0.0808570 0.1045736 0.0646676 0.0650360 0.1049689 0.0650951 0.0803335 0.0798726 0.0915579 0.0915579 0.1042763 0.1018528 0.0892489 0.1056534 0.1077070 0.0652045 0.0829335 0.0809635 0.0583634 0.0572227 0.0522543 0.0888423 0.0731085 0.0507914 0.0893556 0.0736617 0.0538977 0.0873605 0.0634072 0.0822356 0.1024260 0.0878919 0.0974260 0.0597026 0.0942506 0.0596016 0.0592325 0.0569577 0.0974833 0.0599608 0.1448925 0.0803564 0.0797944 0.0812700 0.0775695 0.1011325 0.0680055 0.0801099 0.1357428 0.0766394 0.0594220 0.0168802 0.0625836 
S0400         0.2077848 0.0598077 0.0611962 0.0987937 0.0766642 0.0254678 0.0992874 0.0711891 0.0672319 0.0254195 0.0462749 0.0939924 0.0981250 0.1040401 0.1063845 0.0939343 0.0759216 0.0724667 0.1059739 0.0676822 0.0000000 0.0257129 0.0321791 0.0898715 0.0495428 0.0792991 0.0604281 0.1113255 0.0904361 0.0880580 0.0610536 0.1168150 0.0953781 0.0254876 0.0191414 0.0950191 0.0756125 0.0792304 0.0470332 0.0190402 0.0914343 0.1020653 0.1002533 0.0610860 0.1025519 0.0290158 0.0460482 0.0190039 0.0463360 0.0876412 0.0817417 0.0514744 0.0643007 0.1043082 0.0941128 0.0871411 0.0765329 0.0935021 0.0617667 0.1035706 0.0787736 0.1008923 0.0875015 0.0912791 0.0833277 0.1149542 0.0545571 0.0999885 0.0864883 0.0759938 0.1032137 0.0604277 0.0636652 0.1003302 0.0286801 0.0650426 0.0732695 0.0791079 0.0791079 0.1105526 0.0752115 0.0920415 0.1124410 0.1029527 0.0322756 0.0798983 0.0758903 0.0582421 0.0289280 0.0194714 0.0607887 0.0704848 0.0357683 0.0639156 0.0669855 0.0601019 0.0942658 0.0469932 0.0637284 0.1032477 0.0615604 0.0827687 0.0190082 0.0823600 0.0602666 0.0423823 0.0223073 0.0947684 0.0394990 0.1110395 0.0430929 0.0610470 0.0727680 0.0678804 0.0874295 0.0609416 0.0832252 0.1249595 0.0638878 0.0423823 0.0710724 0.0605394 
S0405         0.1848113 0.0456957 0.0826512 0.0833703 0.0718055 0.0220809 0.1062793 0.0568090 0.0542040 0.0220990 0.0349797 0.0792143 0.1238152 0.1121460 0.1126450 0.0712167 0.0716149 0.0430993 0.1020708 0.0629579 0.0257129 0.0000000 0.0380433 0.0769719 0.0544197 0.0717669 0.0608353 0.1158160 0.0711590 0.0814643 0.0577034 0.0939114 0.0810395 0.0195777 0.0042343 0.0838039 0.0813448 0.0661266 0.0415678 0.0042151 0.0775343 0.0956420 0.1121864 0.0491550 0.1088394 0.0273379 0.0487469 0.0171529 0.0546287 0.0900492 0.0801407 0.0652202 0.0488185 0.0782129 0.0922141 0.0805856 0.0724113 0.0820814 0.0763987 0.0968695 0.0555081 0.0901375 0.1056789 0.0897698 0.0841939 0.1093259 0.0399436 0.1050891 0.0770248 0.0725267 0.0906784 0.0405489 0.0514505 0.1056870 0.0247289 0.0545988 0.0563348 0.0717265 0.0717265 0.1088394 0.0843572 0.0692673 0.1038439 0.1123545 0.0220824 0.0754119 0.0690614 0.0446067 0.0274606 0.0147912 0.0571946 0.0650313 0.0273471 0.0839069 0.0626314 0.0460706 0.0712323 0.0382811 0.0626801 0.0876906 0.0793002 0.0716860 0.0222138 0.0888582 0.0546700 0.0431956 0.0196934 0.0778978 0.0302116 0.1257502 0.0464110 0.0579021 0.0693207 0.0658217 0.0777570 0.0546751 0.0628298 0.1263897 0.0627824 0.0433319 0.0655786 0.0460278 
S0412sl       0.1978468 0.0605700 0.0822600 0.0961202 0.0834644 0.0320201 0.1110631 0.0643819 0.0670802 0.0348320 0.0470362 0.1162564 0.1372522 0.1172020 0.1179326 0.0826408 0.0805266 0.0687557 0.1131933 0.0670535 0.0321791 0.0380433 0.0000000 0.0889322 0.0579152 0.0762474 0.0671390 0.1213541 0.0864520 0.0877117 0.0461237 0.1143826 0.0928030 0.0292707 0.0247908 0.0965549 0.0939693 0.0802026 0.0295450 0.0245382 0.0960107 0.1137119 0.1137780 0.0405047 0.1137984 0.0378795 0.0581089 0.0266490 0.0581524 0.0936537 0.0820483 0.0763166 0.0675866 0.0974182 0.1020377 0.0835471 0.0807961 0.0880125 0.0751257 0.1043173 0.0939432 0.1239365 0.1138673 0.0968959 0.0938419 0.1139962 0.0680131 0.1125755 0.0797996 0.0812157 0.1003216 0.0491855 0.0611203 0.1132429 0.0377636 0.0648549 0.0739825 0.0800993 0.0800993 0.1206403 0.0972782 0.0869750 0.1184601 0.1176056 0.0349846 0.0834804 0.0716283 0.0538750 0.0437562 0.0213235 0.0670311 0.0727697 0.0320343 0.0964018 0.0763588 0.0581713 0.0794686 0.0500145 0.0698024 0.0976321 0.0782062 0.0800517 0.0322282 0.0883663 0.0612225 0.0491862 0.0294586 0.0857475 0.0440249 0.1394934 0.0528646 0.0464655 0.0783964 0.0744722 0.0866795 0.0616584 0.0833396 0.1261779 0.0734584 0.0493533 0.0666676 0.0644368 
S0417         0.1957222 0.0938174 0.1037889 0.0592421 0.0953625 0.0758254 0.1151833 0.0335377 0.0643574 0.0787450 0.0758066 0.0536354 0.1360611 0.1330573 0.1216361 0.0397671 0.0886206 0.0732060 0.1137143 0.0910532 0.0898715 0.0769719 0.0889322 0.0000000 0.0793041 0.0889400 0.0467487 0.1248459 0.0479083 0.0920625 0.1065587 0.1184018 0.0647144 0.0701940 0.0737425 0.0535316 0.0711443 0.0676313 0.0868453 0.0733688 0.1029472 0.1141991 0.1315718 0.0971624 0.1177336 0.0793492 0.0795559 0.0705179 0.0796138 0.1007183 0.0918079 0.0612751 0.0791030 0.0595791 0.1160458 0.0941592 0.0829135 0.0958575 0.0940719 0.1090337 0.1012571 0.1277215 0.1128887 0.0969689 0.0911896 0.1183699 0.0894718 0.1142872 0.0904458 0.0831102 0.1109873 0.0820449 0.0584581 0.1149393 0.0730020 0.0978334 0.0282579 0.0676173 0.0676173 0.1177336 0.0740355 0.0539935 0.1253956 0.1150339 0.0791611 0.0959184 0.0796827 0.0577675 0.0763586 0.0689355 0.1072582 0.0748247 0.0731386 0.0817376 0.0785683 0.0616610 0.0480808 0.0921524 0.0909252 0.0623041 0.0970053 0.0731016 0.0762978 0.1092672 0.0673852 0.0587188 0.0707223 0.0429115 0.0853422 0.1074813 0.0971982 0.0980117 0.0828019 0.0798028 0.0708553 0.0622627 0.0911844 0.1445131 0.0782575 0.0589048 0.0878852 0.0761012 
S0419         0.1836630 0.0758866 0.0368520 0.0856388 0.0512991 0.0509792 0.1055319 0.0592180 0.0593499 0.0537360 0.0465836 0.0895989 0.1159775 0.1051970 0.1118485 0.0706105 0.0774963 0.0588987 0.0980745 0.0678646 0.0495428 0.0544197 0.0579152 0.0793041 0.0000000 0.0711692 0.0740512 0.1149954 0.0768457 0.0868701 0.0827002 0.0949516 0.0738189 0.0456215 0.0351759 0.0830734 0.0806752 0.0733414 0.0576051 0.0350051 0.0590384 0.0984859 0.1062785 0.0736752 0.1080763 0.0568195 0.0095347 0.0458288 0.0095402 0.0865561 0.0819934 0.0616985 0.0597619 0.0840045 0.0848608 0.0859342 0.0719275 0.0906160 0.0400942 0.0884398 0.0606159 0.1061734 0.0982706 0.0894038 0.0836205 0.1004466 0.0041454 0.0994343 0.0765138 0.0720962 0.0917487 0.0677512 0.0538865 0.0999855 0.0594194 0.0807253 0.0652477 0.0676553 0.0676553 0.1080763 0.0777534 0.0743957 0.0984876 0.1115627 0.0566886 0.0805910 0.0721046 0.0498452 0.0626134 0.0465907 0.0767634 0.0618680 0.0483012 0.0803792 0.0678272 0.0511803 0.0704383 0.0690408 0.0192268 0.0869145 0.0428080 0.0818712 0.0512924 0.0525413 0.0539689 0.0429578 0.0486006 0.0796605 0.0573584 0.1152570 0.0743777 0.0772108 0.0757847 0.0688228 0.0708953 0.0598782 0.0741306 0.1290863 0.0482824 0.0430929 0.0648985 0.0568902 
S0427         0.2025070 0.0823598 0.0946206 0.1048672 0.0932393 0.0652316 0.1090359 0.0776711 0.0712165 0.0708416 0.0703289 0.1061428 0.1230483 0.1190840 0.1154186 0.0918287 0.0811646 0.0640932 0.0983424 0.0270613 0.0792991 0.0717669 0.0762474 0.0889400 0.0711692 0.0000000 0.0958471 0.1185964 0.0985412 0.0939010 0.0887349 0.0999265 0.1015941 0.0596696 0.0595659 0.1022488 0.1028025 0.0923425 0.0780824 0.0592652 0.0954941 0.0987561 0.1185083 0.0854102 0.1115896 0.0771092 0.0743801 0.0624646 0.0715405 0.1118145 0.0862976 0.0865766 0.0717243 0.1024288 0.0949632 0.0988821 0.0965315 0.1102045 0.0824479 0.0904032 0.0917899 0.1014928 0.1214563 0.1026501 0.0966756 0.1059735 0.0749097 0.1081720 0.0979167 0.0845845 0.1025686 0.0792134 0.0655690 0.1087882 0.0797879 0.0831755 0.0775082 0.0982935 0.0982935 0.1115896 0.1059638 0.0893853 0.1035800 0.1151211 0.0769265 0.0836927 0.0786167 0.0557853 0.0774790 0.0637860 0.0945631 0.0737064 0.0648012 0.0992803 0.0714649 0.0572294 0.0880790 0.0753258 0.0857297 0.1094945 0.0853669 0.1042724 0.0712774 0.0918047 0.0600897 0.0597149 0.0684596 0.0944837 0.0745266 0.1393753 0.0928241 0.0950613 0.0788368 0.0782177 0.1019854 0.0776118 0.0866405 0.1442021 0.0772717 0.0599074 0.0194569 0.0687338 
S0428sl       0.1979689 0.0875113 0.0739740 0.0599443 0.0803746 0.0408219 0.1129137 0.0565176 0.0873968 0.0410688 0.0500926 0.0000010 0.1749809 0.1031449 0.1048420 0.0731778 0.0859583 0.0000010 0.1036295 0.0962648 0.0604281 0.0608353 0.0671390 0.0467487 0.0740512 0.0958471 0.0000000 0.1128801 0.0529870 0.0970362 0.0881014 0.0930696 0.0879277 0.0472261 0.0000010 0.0807915 0.1039477 0.1030457 0.0754201 0.0000010 0.1017792 0.1119689 0.1137401 0.0886049 0.1121566 0.0532464 0.0601771 0.0473809 0.0743043 0.0801068 0.1078320 0.0969087 0.0543647 0.0656388 0.1032765 0.0819431 0.0965058 0.0896778 0.0956612 0.0808651 0.0000010 0.0000010 0.1203820 0.0886598 0.0821018 0.0875972 0.0000010 0.1118081 0.0667273 0.0741057 0.1138269 0.0604278 0.0673252 0.1118081 0.0600788 0.0533201 0.0389241 0.0888905 0.0888905 0.1121566 0.0971833 0.0596175 0.0923932 0.1197039 0.0535307 0.0997220 0.0672735 0.0873968 0.0665202 0.0472261 0.1013505 0.0866120 0.0668792 0.1033480 0.1099955 0.0740444 0.0742785 0.0537881 0.0806772 0.0738890 0.1028404 0.1102262 0.0408219 0.0881349 0.0681246 0.0607719 0.0476256 0.0532907 0.0534709 0.1487091 0.0529417 0.1052248 0.0606204 0.0740888 0.0889571 0.0544271 0.0610631 0.1366805 0.0668089 0.0542960 0.0886519 0.0349589 
S0430         0.2247441 0.1248023 0.1229130 0.1355433 0.1368739 0.1153454 0.0071561 0.1109367 0.1150697 0.1186356 0.1172148 0.1657788 0.0460032 0.1245845 0.0144344 0.1121415 0.1369060 0.0965435 0.0244156 0.1110865 0.1113255 0.1158160 0.1213541 0.1248459 0.1149954 0.1185964 0.1128801 0.0000000 0.1323704 0.1300698 0.1351930 0.1144228 0.1325106 0.1120820 0.1188093 0.1431199 0.1262558 0.1236532 0.1175967 0.1181663 0.1416049 0.0245079 0.1755536 0.1249116 0.0071223 0.1227038 0.1187529 0.1060296 0.1125543 0.1394090 0.0847576 0.1029027 0.0991065 0.1378878 0.0938373 0.1387050 0.1198556 0.1279906 0.1230306 0.1446119 0.1562719 0.1325518 0.1001929 0.1363104 0.1299345 0.1693000 0.1422385 0.1565867 0.1276414 0.1200245 0.1172706 0.1211948 0.1088209 0.1575184 0.1179261 0.1404348 0.1033206 0.1172276 0.1172276 0.0119446 0.1119826 0.1264394 0.1181947 0.0119730 0.1191310 0.0925292 0.1310131 0.1089599 0.1187360 0.1048498 0.1393726 0.1240414 0.1050601 0.1286341 0.1218349 0.0996136 0.1205492 0.1341835 0.1246553 0.1344964 0.1261394 0.1297598 0.1091296 0.1289136 0.1028430 0.0960950 0.1129811 0.1289634 0.1263882 0.1622417 0.1396664 0.1427545 0.1256605 0.1268931 0.1142082 0.1091092 0.1088642 0.1804963 0.1218384 0.0964213 0.1141285 0.0958817 
S0478         0.1882995 0.0906860 0.1048782 0.0372604 0.0920106 0.0672224 0.1225051 0.0176922 0.0761284 0.0700786 0.0664763 0.0487135 0.1370847 0.1262723 0.1290965 0.0319794 0.0914145 0.0626940 0.1145399 0.0947373 0.0904361 0.0711590 0.0864520 0.0479083 0.0768457 0.0985412 0.0529870 0.1323704 0.0000000 0.0952973 0.1074284 0.1191331 0.0428468 0.0616991 0.0586706 0.0480177 0.0686584 0.0798700 0.0844906 0.0583789 0.1097676 0.1150317 0.1431770 0.0977823 0.1250726 0.0706103 0.0765806 0.0619816 0.0801740 0.1040154 0.0927359 0.0587396 0.0796562 0.0349290 0.1136805 0.0973839 0.0829885 0.0991496 0.0982297 0.1230815 0.0744614 0.1159446 0.1097500 0.1002122 0.0943891 0.1325427 0.0787623 0.1286042 0.0936151 0.0896849 0.1181605 0.0732725 0.0643778 0.1293505 0.0703767 0.0886589 0.0363019 0.0740512 0.0740512 0.1250726 0.0715481 0.0348576 0.1229991 0.1223441 0.0704452 0.0934779 0.0765167 0.0638684 0.0737073 0.0602891 0.1039808 0.0697007 0.0590331 0.0826994 0.0849288 0.0676871 0.0348421 0.0830639 0.0885583 0.0378092 0.1012054 0.0855112 0.0676381 0.1104931 0.0678507 0.0591198 0.0621597 0.0458188 0.0764696 0.1049668 0.0880890 0.0956968 0.0681560 0.0738493 0.0803017 0.0651929 0.0947084 0.1208813 0.0787989 0.0593083 0.0944756 0.0766316 
S0552sl       0.2129938 0.1017318 0.1162822 0.1028197 0.1035760 0.0716705 0.1267537 0.0779251 0.0682955 0.0801702 0.0837871 0.1005087 0.1376055 0.1283170 0.1334496 0.0885156 0.0775224 0.0484063 0.1186185 0.0836286 0.0880580 0.0814643 0.0877117 0.0920625 0.0868701 0.0939010 0.0970362 0.1300698 0.0952973 0.0000000 0.1026620 0.1231953 0.0996789 0.0600281 0.0494766 0.1055139 0.0963545 0.0928765 0.0853250 0.0543486 0.1154231 0.1191334 0.1418041 0.0991276 0.1293400 0.0779567 0.0871526 0.0719842 0.0872181 0.0600880 0.1096057 0.0838357 0.0741089 0.1067379 0.1179494 0.0349673 0.0119910 0.0272558 0.1059842 0.1215767 0.0798547 0.1041882 0.1087066 0.0600679 0.0546076 0.1347597 0.0748840 0.1268733 0.0483078 0.0869643 0.1190750 0.0866620 0.0683468 0.1276186 0.0866053 0.1029493 0.0808841 0.0927619 0.0927619 0.1293400 0.0965403 0.0970955 0.1275132 0.1330906 0.0778460 0.1111143 0.0779963 0.0616516 0.0842891 0.0645193 0.1125814 0.0794915 0.0716811 0.0965873 0.0740973 0.0625788 0.0957205 0.0941408 0.0927881 0.1067640 0.1090224 0.0987110 0.0778965 0.1183148 0.0687751 0.0564729 0.0750122 0.0931975 0.0869117 0.1366251 0.0992872 0.1022406 0.0758298 0.0688453 0.0995154 0.0324190 0.0890116 0.1363245 0.0865359 0.0566528 0.0898603 0.0711188 
S0558         0.2149713 0.0736929 0.1040611 0.1199901 0.1045486 0.0596496 0.1252992 0.0866921 0.0825111 0.0624872 0.0576140 0.1119042 0.1503880 0.1309590 0.1319100 0.1035734 0.1020627 0.0922516 0.1270539 0.0737398 0.0610536 0.0577034 0.0461237 0.1065587 0.0827002 0.0887349 0.0881014 0.1351930 0.1074284 0.1026620 0.0000000 0.1120893 0.1136167 0.0541509 0.0500858 0.1173631 0.1116515 0.0862275 0.0545988 0.0498343 0.1013248 0.1276050 0.1380868 0.0620467 0.1278602 0.0600634 0.0829650 0.0544004 0.0772452 0.1114058 0.1078453 0.0951681 0.0831071 0.1187322 0.1130974 0.1043692 0.0991962 0.1096675 0.0877810 0.1119997 0.0974315 0.1183609 0.1199232 0.1177146 0.1116206 0.1313719 0.0855344 0.1305930 0.1007632 0.0964907 0.1211268 0.0650719 0.0824928 0.1313471 0.0683545 0.0771421 0.0960871 0.0980617 0.0980617 0.1344371 0.1148596 0.1080531 0.1289145 0.1315599 0.0655533 0.1058536 0.1025700 0.0731139 0.0660195 0.0467329 0.0893292 0.0850837 0.0510574 0.1081603 0.0915040 0.0739021 0.1065294 0.0716453 0.0944672 0.1218588 0.0940698 0.0980093 0.0600210 0.1033811 0.0826276 0.0707334 0.0572608 0.1041440 0.0625002 0.1388188 0.0710472 0.0679972 0.1029630 0.0928856 0.1048753 0.0802119 0.0983760 0.1588338 0.0886233 0.0709622 0.0763683 0.0800370 
S0616         0.2280620 0.1177359 0.1117331 0.1257598 0.1112496 0.0957653 0.1082690 0.0999274 0.0955398 0.0987009 0.0961838 0.1398883 0.1121614 0.0856072 0.1147653 0.1116696 0.1232227 0.0775666 0.0943576 0.1020096 0.1168150 0.0939114 0.1143826 0.1184018 0.0949516 0.0999265 0.0930696 0.1144228 0.1191331 0.1231953 0.1120893 0.0000000 0.1225111 0.0895921 0.0991322 0.1233396 0.1194167 0.1215259 0.1066397 0.0985940 0.1146861 0.0916126 0.1557629 0.1013251 0.1108710 0.1091932 0.0952684 0.0931020 0.0919201 0.1365365 0.0581723 0.1057416 0.0736409 0.1244897 0.0549032 0.1190171 0.1197499 0.1348044 0.1122633 0.1393166 0.1302749 0.0802461 0.0695836 0.1329919 0.1265139 0.1532311 0.1166120 0.1527592 0.1211465 0.1095251 0.0661795 0.1113288 0.0925269 0.1537003 0.0983903 0.1267420 0.0934471 0.1150193 0.1150193 0.1044823 0.1119667 0.1198070 0.0172391 0.1144641 0.1051930 0.0664442 0.1172935 0.0857262 0.1022754 0.0916234 0.1328509 0.1044835 0.0950820 0.1150411 0.0987442 0.0863552 0.1116106 0.1141323 0.1041114 0.1313983 0.1157199 0.1245268 0.0995847 0.1222104 0.0825116 0.0859971 0.0995399 0.1156606 0.1124917 0.1554530 0.1194771 0.1195594 0.1216156 0.1065375 0.1157829 0.0958756 0.0921130 0.1584058 0.1054746 0.0862921 0.1018743 0.0768191 
