87
S0055      0.0000000 0.0863236 0.1485898 0.1069091 0.0870306 0.1600798 0.0513957 0.0870580 0.1483865 0.1386617 0.0513365 0.0376917 0.1251700 0.1058841 0.0947324 0.0907888 0.1326505 0.0614746 0.1591151 0.0793255 0.0674179 0.1392582 0.0539654 0.1596132 0.1919937 0.1013488 0.2301109 0.1352130 0.0660489 0.0863236 0.0731609 0.1166562 0.1293731 0.1396337 0.2141501 0.0788282 0.0919770 0.1364007 0.1012550 0.1915938 0.1783871 0.1038455 0.1383755 0.2108898 0.1632688 0.1000710 0.1093162 0.0848686 0.0981670 0.0794582 0.0850861 0.1814072 0.1797824 0.0611658 0.0876001 0.1154734 0.0925093 0.0501293 0.0541747 0.1222526 0.0420325 0.1011293 0.0865051 0.0742997 0.0992676 0.1008856 0.1012550 0.1361895 0.0762782 0.1010617 0.1147809 0.1003582 0.1647396 0.0859720 0.1395537 0.0860312 0.0739580 0.0886195 0.1105780 0.1521045 0.0933339 0.0778134 0.1474403 0.0919052 0.0798629 0.0991758 0.0790962 
S0196sl    0.0863236 0.0000000 0.0883117 0.0369299 0.0918388 0.0970718 0.0636322 0.1113345 0.1160072 0.0870579 0.0709829 0.0497729 0.0837978 0.1206838 0.0097887 0.0483452 0.0812490 0.0942479 0.1108099 0.0905874 0.0818323 0.0942474 0.0603203 0.0578834 0.2023708 0.1162470 0.1435823 0.0850967 0.0708465 0.0000010 0.0779868 0.0252909 0.0415625 0.0875213 0.1092497 0.0488678 0.0606764 0.0770832 0.0309641 0.1842163 0.0949450 0.0685462 0.1054850 0.2148393 0.1759127 0.0808834 0.0493186 0.1052486 0.0419106 0.0842494 0.0987192 0.1292961 0.1225258 0.0805797 0.0688360 0.0550417 0.0972288 0.0636852 0.1152459 0.0732767 0.0866171 0.0731102 0.0425825 0.0372907 0.1039492 0.0097250 0.0309641 0.1038581 0.0748931 0.0489032 0.0667289 0.1149375 0.1090665 0.0907309 0.1038415 0.0907931 0.0664105 0.0677884 0.0684864 0.1183804 0.0483770 0.0368269 0.1151234 0.0147587 0.0482303 0.0822080 0.0374098 
S0278      0.1485898 0.0883117 0.0000000 0.1093820 0.1465745 0.0365383 0.1160619 0.1512195 0.0526273 0.0197676 0.0996676 0.0912077 0.0372500 0.1565146 0.0820517 0.1093207 0.1280664 0.1590586 0.0363599 0.1293057 0.1063464 0.0356644 0.1165963 0.1438103 0.2315832 0.1442168 0.1869932 0.1249214 0.1205443 0.0883117 0.1296287 0.1121954 0.1235663 0.1164701 0.2014449 0.0828483 0.1049935 0.1377705 0.1076342 0.2099718 0.1250746 0.0962089 0.1219543 0.2456674 0.2135830 0.1429632 0.1046887 0.1623714 0.0868871 0.1369367 0.1391761 0.0420544 0.1622539 0.1192012 0.1293266 0.1150818 0.1220776 0.1012343 0.1623562 0.1326415 0.1648432 0.0738154 0.0884658 0.0826625 0.1259144 0.1033153 0.1076342 0.0818812 0.1100803 0.1034375 0.1176228 0.1753128 0.0470234 0.1332319 0.1161513 0.1296127 0.1315045 0.1161141 0.0675702 0.0885435 0.0955268 0.0686463 0.1272635 0.0940259 0.1090769 0.1456096 0.0698197 
S0281      0.1069091 0.0369299 0.1093820 0.0000000 0.1300160 0.1382008 0.0928777 0.1302121 0.1586873 0.1008498 0.0846412 0.0767580 0.1155506 0.1473876 0.0492546 0.0745916 0.1118236 0.1337828 0.1535500 0.1280943 0.0980881 0.1154449 0.0877358 0.0861122 0.2383691 0.1588970 0.1757965 0.1083201 0.1055128 0.0369299 0.1140025 0.0680684 0.0616797 0.1261983 0.1474506 0.0820128 0.0692921 0.1011720 0.0489766 0.2072579 0.1048346 0.0978040 0.1400179 0.2426735 0.2107657 0.1041809 0.0761600 0.1227768 0.0732591 0.1210031 0.1304525 0.1536110 0.1451758 0.0964875 0.0913487 0.0691326 0.1355740 0.0711785 0.1496710 0.0954502 0.1030513 0.1021637 0.0681068 0.0624818 0.1356923 0.0488976 0.0489766 0.1457589 0.1120788 0.0689388 0.0815302 0.1491998 0.1353274 0.1139029 0.1378650 0.1139883 0.1014347 0.0967048 0.0978005 0.1621865 0.0745216 0.0679874 0.1492940 0.0421920 0.0743137 0.1134036 0.0691374 
S0282      0.0870306 0.0918388 0.1465745 0.1300160 0.0000000 0.1578294 0.0217232 0.1050101 0.1463765 0.1443016 0.0277328 0.0157248 0.1274693 0.0870950 0.1073328 0.0922199 0.1234487 0.0686370 0.1568921 0.0312642 0.0565174 0.1227906 0.0606955 0.1575814 0.1951771 0.0823826 0.2242342 0.1454265 0.0150581 0.0918388 0.0204940 0.1297642 0.1371173 0.1229709 0.1931979 0.0930828 0.0749884 0.1158782 0.0932046 0.2008358 0.1282771 0.1096055 0.1520807 0.2261196 0.1661355 0.1299192 0.1009748 0.0669423 0.0841432 0.0258408 0.0431667 0.1623496 0.1303713 0.0157027 0.1026154 0.0934468 0.0368604 0.0332271 0.0817786 0.0997747 0.0873279 0.0931051 0.0726702 0.0734399 0.0425436 0.1064975 0.0932046 0.1341481 0.0268534 0.0997911 0.1204084 0.0499264 0.1545564 0.0313146 0.1418008 0.0313321 0.0547217 0.1011538 0.1311665 0.1340871 0.0988854 0.0788464 0.1454599 0.0719986 0.0985904 0.1401640 0.0933905 
S0289      0.1600798 0.0970718 0.0365383 0.1382008 0.1578294 0.0000000 0.1109127 0.1362212 0.0250111 0.0483571 0.1204149 0.1003264 0.0101002 0.1854302 0.0905911 0.1189809 0.1229757 0.1711802 0.0147807 0.1396753 0.1011643 0.0545149 0.1265599 0.1316114 0.2373841 0.1727584 0.2115271 0.1466044 0.1304269 0.0970718 0.1400305 0.1222284 0.1186863 0.1028043 0.1876804 0.0833578 0.1159183 0.1436460 0.1170880 0.2053121 0.1589728 0.1053929 0.1326047 0.2519694 0.2090443 0.1462442 0.1069061 0.1634307 0.0886421 0.1476375 0.1501314 0.0370224 0.1576830 0.1363447 0.1301826 0.1248725 0.1475711 0.0959336 0.1743032 0.1411985 0.1770429 0.0885165 0.0972468 0.0912739 0.1433550 0.1039638 0.1170880 0.0834751 0.1198160 0.1204216 0.1352387 0.1881350 0.0198649 0.1359578 0.1260830 0.1400131 0.1342810 0.1168423 0.0753513 0.0902882 0.1046220 0.0765908 0.1129460 0.1029229 0.1113456 0.1488732 0.0779383 
S0293      0.0513957 0.0636322 0.1160619 0.0928777 0.0217232 0.1109127 0.0000000 0.0667033 0.1009656 0.1142477 0.0108310 0.0052600 0.0800656 0.0713677 0.0782078 0.0629625 0.0762944 0.0463893 0.1102486 0.0214534 0.0335737 0.0927893 0.0332951 0.1200376 0.1517685 0.0597516 0.1606317 0.1117875 0.0051599 0.0636322 0.0105395 0.0834500 0.0990452 0.0930770 0.1638997 0.0710477 0.0469063 0.0736083 0.0645679 0.1560875 0.1006979 0.0709566 0.1018690 0.1745934 0.1305085 0.0757883 0.0785723 0.0387565 0.0626401 0.0104246 0.0329341 0.1296417 0.1076431 0.0108078 0.0719921 0.0778990 0.0212527 0.0107693 0.0521303 0.0844217 0.0512486 0.0645548 0.0511220 0.0454963 0.0328711 0.0775888 0.0645679 0.0872352 0.0165058 0.0710189 0.0844505 0.0273768 0.1083645 0.0214895 0.1090672 0.0215015 0.0271065 0.0719735 0.0923491 0.0871956 0.0561358 0.0572537 0.1149629 0.0566157 0.0701737 0.0919506 0.0647245 
S0294      0.0870580 0.1113345 0.1512195 0.1302121 0.1050101 0.1362212 0.0667033 0.0000000 0.1200607 0.1487961 0.0662335 0.0452938 0.1142417 0.1402432 0.1119451 0.1085762 0.1121902 0.0893845 0.1259659 0.0828146 0.0510637 0.1416690 0.0622067 0.1622099 0.2503028 0.1205030 0.2366178 0.1503119 0.0817773 0.1113345 0.0897145 0.1377370 0.1313922 0.1229006 0.2215460 0.1000624 0.0835602 0.1284144 0.1206858 0.1975206 0.1865662 0.1277302 0.1605771 0.2741401 0.2101107 0.1228610 0.1168584 0.0993898 0.1240679 0.0965432 0.0954909 0.1762600 0.1659068 0.0692222 0.1001249 0.1247405 0.1107390 0.0592477 0.1090828 0.1137776 0.1007212 0.1354054 0.0946061 0.0820288 0.0965667 0.1096623 0.1206858 0.1284806 0.0868333 0.1097809 0.1464345 0.1195081 0.1512683 0.0966072 0.1576473 0.0897026 0.0975928 0.1013138 0.1276354 0.1362417 0.1016909 0.1012886 0.1210724 0.1030253 0.1224895 0.1250681 0.1030687 
S0320      0.1483865 0.1160072 0.0526273 0.1586873 0.1463765 0.0250111 0.1009656 0.1200607 0.0000000 0.0649866 0.1099103 0.0843416 0.0202370 0.1726400 0.1094466 0.1309845 0.1356046 0.1508008 0.0248928 0.1148271 0.0918011 0.0592958 0.1164390 0.1436190 0.2410326 0.1602708 0.2358232 0.1350634 0.1203852 0.1160072 0.1294555 0.1423050 0.1381174 0.1308468 0.2194979 0.1105751 0.1136655 0.1675393 0.1362743 0.2238977 0.1837213 0.1102694 0.1374084 0.2554635 0.2132395 0.1427648 0.1265856 0.1621522 0.1140608 0.1367540 0.1241581 0.0533301 0.1620350 0.1265130 0.1447121 0.1292498 0.1366937 0.0938253 0.1621370 0.1555604 0.1646180 0.1068879 0.1019503 0.0960702 0.1188357 0.1323927 0.1362743 0.1020820 0.1099312 0.1175881 0.1552948 0.1750708 0.0350584 0.1330584 0.1457145 0.1294395 0.1238153 0.1019132 0.0803032 0.1090741 0.1094735 0.0949785 0.1423657 0.1217889 0.1306396 0.1454361 0.0966489 
S0327      0.1386617 0.0870579 0.0197676 0.1008498 0.1443016 0.0483571 0.1142477 0.1487961 0.0649866 0.0000000 0.0981687 0.0898724 0.0493151 0.1700816 0.0808948 0.1077104 0.1260671 0.1564896 0.0599487 0.1273699 0.1047347 0.0352422 0.1148609 0.1271458 0.2085685 0.1419140 0.1930527 0.1229223 0.1187815 0.0870579 0.1276838 0.1104944 0.1076679 0.1147354 0.1979313 0.0816676 0.0945975 0.1353366 0.1060740 0.1867516 0.1228347 0.0948108 0.1125625 0.2215956 0.2001159 0.1406978 0.1031221 0.1598068 0.0856746 0.1348639 0.1370343 0.0541083 0.1596928 0.1247397 0.1272863 0.1133901 0.1348050 0.0927216 0.1597910 0.1306000 0.1622012 0.0728129 0.0872075 0.0814894 0.1240824 0.1017926 0.1060740 0.0940932 0.1262875 0.1019113 0.1158512 0.1724379 0.0591367 0.1423595 0.1144256 0.1276682 0.1295011 0.1143892 0.0813070 0.1008759 0.0941485 0.0677076 0.1252884 0.0926920 0.1074728 0.1432591 0.0688486 
S0400      0.0513365 0.0709829 0.0996676 0.0846412 0.0277328 0.1204149 0.0108310 0.0662335 0.1099103 0.0981687 0.0000000 0.0052560 0.1039242 0.0712863 0.0713941 0.0767162 0.1006502 0.0463343 0.1196764 0.0216870 0.0274884 0.0846056 0.0332562 0.1370459 0.1623959 0.0597835 0.1633466 0.1039830 0.0105272 0.0709829 0.0161356 0.1013058 0.1150861 0.1016756 0.1640100 0.0709668 0.0726133 0.0818640 0.0720570 0.1646467 0.1023208 0.0951609 0.1304569 0.1863504 0.1481970 0.0999341 0.0866209 0.0513540 0.0698468 0.0104139 0.0392461 0.1196678 0.1167592 0.0164657 0.0798277 0.0858492 0.0212311 0.0165032 0.0583719 0.0855507 0.0573680 0.0719552 0.0580650 0.0523187 0.0332475 0.0855009 0.0720570 0.0943193 0.0224845 0.0719391 0.0924754 0.0273486 0.1175748 0.0274266 0.1106337 0.0274425 0.0332176 0.0798080 0.0936068 0.0942753 0.0780011 0.0571886 0.1166103 0.0636480 0.0777516 0.0988181 0.0646502 
S0405      0.0376917 0.0497729 0.0912077 0.0767580 0.0157248 0.1003264 0.0052600 0.0452938 0.0843416 0.0898724 0.0052560 0.0000000 0.0849598 0.0559558 0.0568703 0.0486563 0.0840304 0.0267303 0.0997477 0.0050911 0.0211597 0.0767275 0.0209613 0.1165123 0.1366463 0.0450246 0.1599219 0.0869098 0.0000025 0.0497729 0.0050918 0.0766570 0.0961961 0.0903195 0.1477795 0.0497601 0.0468258 0.0806184 0.0504615 0.1315409 0.0908587 0.0708712 0.1017736 0.1573804 0.1251601 0.0757028 0.0634334 0.0377030 0.0490352 0.0050386 0.0264845 0.1178487 0.0960708 0.0051911 0.0572519 0.0629303 0.0153990 0.0159343 0.0440202 0.0690784 0.0435694 0.0626839 0.0380284 0.0326351 0.0264347 0.0626895 0.0504615 0.0780904 0.0105684 0.0565221 0.0754369 0.0211327 0.0981140 0.0155633 0.0914659 0.0155715 0.0267313 0.0572358 0.0708640 0.0780551 0.0560618 0.0374998 0.0973757 0.0433397 0.0619464 0.0749994 0.0439801 
S0407sl    0.1251700 0.0837978 0.0372500 0.1155506 0.1274693 0.0101002 0.0800656 0.1142417 0.0202370 0.0493151 0.1039242 0.0849598 0.0000000 0.1427291 0.0842898 0.0687949 0.1068977 0.1274437 0.0204891 0.1110635 0.0784947 0.0436991 0.1108014 0.1046550 0.1873899 0.1385410 0.1892764 0.0977217 0.1024211 0.0837978 0.1110778 0.1062733 0.0843888 0.1064828 0.1769844 0.0771721 0.0792703 0.1342478 0.1033754 0.1676395 0.1211196 0.0638099 0.1098745 0.2033254 0.1586683 0.1195457 0.0929938 0.1255311 0.0693826 0.1182572 0.1111456 0.0264905 0.1528754 0.1135204 0.1155026 0.0968325 0.1182040 0.0801959 0.1163890 0.1363105 0.1255633 0.0691987 0.0839462 0.0780460 0.1149522 0.0989038 0.1033754 0.0783278 0.0916571 0.1062563 0.1206624 0.1447255 0.0049269 0.1150814 0.1193956 0.1110635 0.1053140 0.1118988 0.0630777 0.0851638 0.0829920 0.0631308 0.1006708 0.0762799 0.0976359 0.0842150 0.0642135 
S0412sl    0.1058841 0.1206838 0.1565146 0.1473876 0.0870950 0.1854302 0.0713677 0.1402432 0.1726400 0.1700816 0.0712863 0.0559558 0.1427291 0.0000000 0.1304900 0.1072518 0.1642003 0.0936741 0.1673280 0.0857776 0.0943749 0.1472298 0.0721319 0.1923285 0.1982922 0.0545522 0.2598349 0.1645571 0.0722087 0.1206838 0.0795211 0.1546174 0.1624304 0.1635753 0.2522755 0.1121136 0.1019284 0.1546027 0.1225975 0.2378854 0.1793282 0.1333663 0.1973508 0.1952542 0.1861464 0.1631484 0.1466284 0.0870926 0.1189542 0.0859204 0.0941871 0.2088567 0.1717524 0.0557386 0.1338126 0.1229198 0.0730297 0.0769509 0.0939835 0.1298044 0.0993647 0.1152682 0.1068049 0.1079217 0.1060655 0.1369527 0.1225975 0.1851778 0.0897405 0.1371965 0.1445121 0.0936278 0.1650895 0.0925470 0.1685900 0.0926120 0.0805497 0.1392296 0.1645326 0.1850924 0.1284257 0.0971308 0.1714746 0.1124242 0.1280434 0.1458060 0.1124635 
S0419      0.0947324 0.0097887 0.0820517 0.0492546 0.1073328 0.0905911 0.0782078 0.1119451 0.1094466 0.0808948 0.0713941 0.0568703 0.0842898 0.1304900 0.0000000 0.0613128 0.0965817 0.1030946 0.1042017 0.0922880 0.0902411 0.0879757 0.0676142 0.0708800 0.2071501 0.1261049 0.1241384 0.1013341 0.0847868 0.0097887 0.0925131 0.0256974 0.0538265 0.1031664 0.1026986 0.0557949 0.0776689 0.0849550 0.0367057 0.1888261 0.0877192 0.0754116 0.1229108 0.2200425 0.1893336 0.0961244 0.0626251 0.1215236 0.0484230 0.0991195 0.1146413 0.1223075 0.1402759 0.0888579 0.0835417 0.0614640 0.1128385 0.0715328 0.1158635 0.0812023 0.0950529 0.0799165 0.0492244 0.0437890 0.1115192 0.0201216 0.0367057 0.1030665 0.0898428 0.0558676 0.0808659 0.1321872 0.1025713 0.1059767 0.0974623 0.1060539 0.0804455 0.0746921 0.0624767 0.1101973 0.0613563 0.0432110 0.1174647 0.0254540 0.0611678 0.0906914 0.0439125 
S0427      0.0907888 0.0483452 0.1093207 0.0745916 0.0922199 0.1189809 0.0629625 0.1085762 0.1309845 0.1077104 0.0767162 0.0486563 0.0687949 0.1072518 0.0613128 0.0000000 0.0949650 0.0728584 0.1333756 0.0909107 0.0874423 0.1014422 0.0790908 0.0928822 0.1640114 0.1239433 0.1970779 0.0700797 0.0772357 0.0483452 0.0846006 0.0744599 0.0672140 0.1082926 0.1901366 0.0671951 0.0526447 0.0937064 0.0734647 0.1529535 0.1051180 0.0688599 0.1206672 0.1805156 0.1386406 0.0919820 0.0678536 0.0836156 0.0477451 0.0909831 0.0838271 0.1376128 0.1451825 0.0797799 0.0735922 0.0737889 0.1042195 0.0629121 0.0794320 0.0799343 0.0783831 0.0671720 0.0603551 0.0549192 0.1110764 0.0608610 0.0734647 0.1260804 0.0817104 0.0798465 0.0859845 0.1123047 0.1095651 0.0975964 0.1153962 0.0976648 0.0728638 0.0874086 0.0816820 0.1413944 0.0604375 0.0542326 0.1227452 0.0422091 0.0662792 0.0540390 0.0551126 
S0552sl    0.1326505 0.0812490 0.1280664 0.1118236 0.1234487 0.1229757 0.0762944 0.1121902 0.1356046 0.1260671 0.1006502 0.0840304 0.1068977 0.1642003 0.0965817 0.0949650 0.0000000 0.1425021 0.1380293 0.1289024 0.0987034 0.1343978 0.1020548 0.1319714 0.2504945 0.1319906 0.2268584 0.1261998 0.1061526 0.0812490 0.1147105 0.1016363 0.1263506 0.1118201 0.2167045 0.0803402 0.0378941 0.0110916 0.0961711 0.2234909 0.1696652 0.0674905 0.0965695 0.2550242 0.2089336 0.0837647 0.0853915 0.1386161 0.0780648 0.1217605 0.1093979 0.1765794 0.1425013 0.1107399 0.0936052 0.1074695 0.1364374 0.0851897 0.1588018 0.0910558 0.1406791 0.0890162 0.0651736 0.0605328 0.1147969 0.0889600 0.0961711 0.1119259 0.1128027 0.0845995 0.1135801 0.1423785 0.1435508 0.1146097 0.1464606 0.1146962 0.0926409 0.0792458 0.0998820 0.1268357 0.0476957 0.0728924 0.1159172 0.0869078 0.0921173 0.1037755 0.0741084 
S0558      0.0614746 0.0942479 0.1590586 0.1337828 0.0686370 0.1711802 0.0463893 0.0893845 0.1508008 0.1564896 0.0463343 0.0267303 0.1274437 0.0936741 0.1030946 0.0728584 0.1425021 0.0000000 0.1701251 0.0553347 0.0627837 0.1338991 0.0428593 0.1622649 0.1778144 0.0823419 0.2341781 0.1339136 0.0488218 0.0942479 0.0554619 0.1183351 0.1411211 0.1496925 0.2018484 0.0998335 0.1037027 0.1303443 0.0956919 0.1763476 0.1531438 0.1126986 0.1740137 0.1894579 0.1491322 0.1263451 0.1078263 0.0816569 0.0929347 0.0615467 0.0885882 0.1939648 0.1742430 0.0504286 0.1279710 0.1101105 0.0741433 0.0520011 0.0750822 0.1169193 0.0616995 0.1096610 0.0944511 0.0818902 0.0741477 0.1094088 0.0956919 0.1464075 0.0502082 0.1096036 0.1237833 0.0905312 0.1674816 0.0678221 0.1624186 0.0678677 0.0560460 0.1111699 0.1273216 0.1463389 0.1015259 0.0852624 0.1230752 0.0866523 0.1012158 0.0936138 0.0866976 
S0624      0.1591151 0.1108099 0.0363599 0.1535500 0.1568921 0.0147807 0.1102486 0.1259659 0.0248928 0.0599487 0.1196764 0.0997477 0.0204891 0.1673280 0.1042017 0.1333756 0.1380293 0.1701251 0.0000000 0.1388692 0.1005754 0.0542379 0.1258290 0.1538615 0.2561299 0.1547969 0.2202591 0.1629872 0.1296897 0.1108099 0.1392206 0.1370888 0.1330259 0.1079435 0.2051365 0.0886278 0.1139416 0.1615281 0.1312275 0.2104635 0.1778377 0.1195170 0.1480406 0.2713601 0.2278027 0.1534298 0.1212990 0.1523920 0.1089348 0.1467789 0.1492440 0.0482840 0.1731367 0.1192741 0.1200412 0.1241601 0.1313878 0.0953681 0.1732535 0.1309170 0.1759608 0.1017533 0.0967007 0.0907612 0.1425457 0.1091533 0.1312275 0.0830138 0.1191249 0.1197217 0.1502291 0.1869627 0.0302062 0.1352698 0.1406516 0.1392034 0.1334985 0.1076161 0.0882344 0.0897852 0.1186310 0.0897131 0.1181717 0.1166735 0.1255021 0.1647612 0.0913080 
S0641      0.0793255 0.0905874 0.1293057 0.1280943 0.0312642 0.1396753 0.0214534 0.0828146 0.1148271 0.1273699 0.0216870 0.0050911 0.1110635 0.0857776 0.0922880 0.0909107 0.1289024 0.0553347 0.1388692 0.0000000 0.0496870 0.1068423 0.0539364 0.1552159 0.1831344 0.0746977 0.2100907 0.1278337 0.0148860 0.0905874 0.0202540 0.1135094 0.1350799 0.1282965 0.1960822 0.0852178 0.0826645 0.1237676 0.0919143 0.1912729 0.1195441 0.1080153 0.1496775 0.2127961 0.1743158 0.1279994 0.1063301 0.0660635 0.0830252 0.0255341 0.0483654 0.1435332 0.1356832 0.0155161 0.1011385 0.0921501 0.0364111 0.0270718 0.0805345 0.1050429 0.0795984 0.0983697 0.0717115 0.0724621 0.0420180 0.1049964 0.0919143 0.1320995 0.0265221 0.0983971 0.1186788 0.0492794 0.1368796 0.0309378 0.1318350 0.0309549 0.0540209 0.0997195 0.1008142 0.1320403 0.0975185 0.0715417 0.1283713 0.0710584 0.0972310 0.1231299 0.0855024 
S0643      0.0674179 0.0818323 0.1063464 0.0980881 0.0565174 0.1011643 0.0335737 0.0510637 0.0918011 0.1047347 0.0274884 0.0211597 0.0784947 0.0943749 0.0902411 0.0874423 0.0987034 0.0627837 0.1005754 0.0496870 0.0000000 0.0910147 0.0492014 0.1175639 0.2001497 0.0697360 0.2098273 0.1171785 0.0375445 0.0818323 0.0438558 0.1123604 0.0970127 0.0980605 0.1921544 0.0743771 0.0622142 0.1060464 0.0697817 0.1705403 0.1092819 0.0992216 0.1339288 0.2164186 0.1615001 0.1038169 0.0977438 0.0682786 0.0805340 0.0433372 0.0559462 0.1268443 0.1200104 0.0269663 0.0909718 0.0899357 0.0552002 0.0051534 0.0746955 0.1107579 0.0613093 0.0895304 0.0753995 0.0632348 0.0558435 0.0964833 0.0697817 0.0939147 0.0396261 0.0897121 0.1033916 0.0626677 0.0989108 0.0438233 0.1140011 0.0322460 0.0564946 0.0909520 0.1062529 0.0938710 0.0822260 0.0609415 0.1052624 0.0743598 0.1022171 0.1026481 0.0619486 
S0645sl    0.1392582 0.0942474 0.0356644 0.1154449 0.1227906 0.0545149 0.0927893 0.1416690 0.0592958 0.0352422 0.0846056 0.0767275 0.0436991 0.1472298 0.0879757 0.1014422 0.1343978 0.1338991 0.0542379 0.1068423 0.0910147 0.0000000 0.1083199 0.1351262 0.2195233 0.1350969 0.2233239 0.1161100 0.0988371 0.0942474 0.1071071 0.1184163 0.1153232 0.1225617 0.1989797 0.0888344 0.0951053 0.1448947 0.1136017 0.1978515 0.1235351 0.0886240 0.1283304 0.2330136 0.2016048 0.1336742 0.1108661 0.1376450 0.0797302 0.1140053 0.1157959 0.0603825 0.1684965 0.1037098 0.1203292 0.0934191 0.1139556 0.0858981 0.1376234 0.1238017 0.1396793 0.0795563 0.0809991 0.0753012 0.1041669 0.1094074 0.1136017 0.1014648 0.0977883 0.0954510 0.1385709 0.1492149 0.0536028 0.1211837 0.1222293 0.1070936 0.1085861 0.1078634 0.0884394 0.1083983 0.1015252 0.0744518 0.1186819 0.0866520 0.1151262 0.1363658 0.0757220 
S0689      0.0539654 0.0603203 0.1165963 0.0877358 0.0606955 0.1265599 0.0332951 0.0622067 0.1164390 0.1148609 0.0332562 0.0209613 0.1108014 0.0721319 0.0676142 0.0790908 0.1020548 0.0428593 0.1258290 0.0539364 0.0492014 0.1083199 0.0000000 0.1347751 0.1826067 0.0736825 0.1944830 0.1142132 0.0419594 0.0603203 0.0482169 0.0744305 0.1150433 0.1086009 0.1409440 0.0656577 0.0605163 0.0938184 0.0611574 0.1815164 0.1212307 0.0886662 0.1284915 0.1942106 0.1542817 0.1013837 0.0743335 0.0730853 0.0715787 0.0540271 0.0723596 0.1618273 0.1229704 0.0432961 0.0889120 0.0867509 0.0660318 0.0387220 0.0606633 0.0930670 0.0600150 0.0799843 0.0604404 0.0490140 0.0599870 0.0734355 0.0611574 0.1264276 0.0501541 0.0735582 0.0862419 0.0813197 0.1388361 0.0600067 0.1188667 0.0600442 0.0372203 0.0745051 0.0952606 0.1263703 0.0666884 0.0530515 0.1373724 0.0657262 0.0664867 0.0868715 0.0538920 
S0720      0.1596132 0.0578834 0.1438103 0.0861122 0.1575814 0.1316114 0.1200376 0.1622099 0.1436190 0.1271458 0.1370459 0.1165123 0.1046550 0.1923285 0.0708800 0.0928822 0.1319714 0.1622649 0.1538615 0.1552159 0.1175639 0.1351262 0.1347751 0.0000000 0.2340458 0.1886597 0.2284493 0.1232911 0.1313363 0.0578834 0.1405507 0.0839309 0.0147715 0.1421244 0.1804327 0.1076785 0.0932426 0.1416105 0.0848762 0.2071276 0.1381313 0.0895339 0.1414209 0.2478660 0.1975105 0.1097493 0.1231265 0.1279717 0.0848144 0.1478340 0.1505018 0.1587973 0.1655100 0.1303935 0.1483980 0.0874784 0.1630267 0.0843157 0.1707271 0.1514928 0.1225086 0.1360251 0.1131813 0.1073424 0.1557099 0.0703702 0.0848762 0.1541823 0.1396735 0.1218307 0.1283107 0.1864783 0.1363755 0.1404241 0.1700461 0.1332376 0.1204847 0.1308583 0.1324165 0.1701731 0.0864264 0.0925943 0.1702232 0.0646367 0.1199022 0.1114582 0.0941793 
S0735      0.1919937 0.2023708 0.2315832 0.2383691 0.1951771 0.2373841 0.1517685 0.2503028 0.2410326 0.2085685 0.1623959 0.1366463 0.1873899 0.1982922 0.2071501 0.1640114 0.2504945 0.1778144 0.2561299 0.1831344 0.2001497 0.2195233 0.1826067 0.2340458 0.0000000 0.2319513 0.3413590 0.1570529 0.1723503 0.2023708 0.1836020 0.2092319 0.2151728 0.2587677 0.2932435 0.1794923 0.1312370 0.2567204 0.2245013 0.0326419 0.2218047 0.1854662 0.2050333 0.0206984 0.0101766 0.2131368 0.2109025 0.1725849 0.1990234 0.1669923 0.1449145 0.2449465 0.2314729 0.1624144 0.2247478 0.2253132 0.1669158 0.1513256 0.1872447 0.2242907 0.1675228 0.1624259 0.2028637 0.1843236 0.1751837 0.2238126 0.2245013 0.2200551 0.2023080 0.2335959 0.2145748 0.1775448 0.2222457 0.2008105 0.2387610 0.2009965 0.1861864 0.2379376 0.2217810 0.2294581 0.1777682 0.1680544 0.1946013 0.1911526 0.1938103 0.1810541 0.1887586 
S0742      0.1013488 0.1162470 0.1442168 0.1588970 0.0823826 0.1727584 0.0597516 0.1205030 0.1602708 0.1419140 0.0597835 0.0450246 0.1385410 0.0545522 0.1261049 0.1239433 0.1319906 0.0823419 0.1547969 0.0746977 0.0697360 0.1350969 0.0736825 0.1886597 0.2319513 0.0000000 0.2676800 0.1685300 0.0613486 0.1162470 0.0684532 0.1504694 0.1665865 0.1509910 0.2395608 0.1185009 0.1008925 0.1273920 0.1181143 0.2296323 0.1742665 0.1367461 0.1844682 0.2185087 0.2105547 0.1463310 0.1232891 0.1030324 0.1046212 0.0748037 0.0893460 0.2050924 0.1757595 0.0509460 0.1406206 0.1334894 0.0747713 0.0655546 0.1029899 0.1438657 0.0947690 0.1177551 0.1063281 0.0949738 0.0813443 0.1326263 0.1181143 0.1394054 0.0714087 0.1217645 0.1402666 0.1056246 0.1689958 0.0813693 0.1639109 0.0684442 0.0757503 0.1235101 0.1476663 0.1393398 0.1240506 0.1033010 0.1433698 0.1079571 0.1236730 0.1571627 0.0966607 
S0748      0.2301109 0.1435823 0.1869932 0.1757965 0.2242342 0.2115271 0.1606317 0.2366178 0.2358232 0.1930527 0.1633466 0.1599219 0.1892764 0.2598349 0.1241384 0.1970779 0.2268584 0.2341781 0.2202591 0.2100907 0.2098273 0.2233239 0.1944830 0.2284493 0.3413590 0.2676800 0.0000000 0.2617836 0.1974421 0.1435823 0.1941359 0.1751918 0.1994982 0.2324310 0.2464561 0.1973434 0.2085906 0.1783227 0.1498142 0.3547894 0.1655729 0.1803042 0.2488929 0.3893517 0.2940389 0.2257161 0.1658821 0.2464041 0.1806468 0.2202253 0.2269609 0.2400092 0.2762840 0.1835655 0.2005803 0.1849698 0.2200129 0.1750056 0.2463941 0.2190709 0.2307529 0.1895666 0.1695295 0.1626860 0.2226028 0.1630889 0.1498142 0.2332787 0.1955458 0.1813301 0.1810714 0.2441945 0.2161123 0.2303147 0.1788673 0.2129875 0.1974613 0.1873392 0.1804344 0.2331126 0.1969830 0.1749320 0.2337072 0.1499425 0.1695763 0.2204681 0.1786664 
S0753      0.1352130 0.0850967 0.1249214 0.1083201 0.1454265 0.1466044 0.1117875 0.1503119 0.1350634 0.1229223 0.1039830 0.0869098 0.0977217 0.1645571 0.1013341 0.0700797 0.1261998 0.1339136 0.1629872 0.1278337 0.1171785 0.1161100 0.1142132 0.1232911 0.1570529 0.1685300 0.2617836 0.0000000 0.1185566 0.0850967 0.1279142 0.1251015 0.1073138 0.1663393 0.2511320 0.0865237 0.0483298 0.1473812 0.1156507 0.1619203 0.1214962 0.0889168 0.1279470 0.1709006 0.1470483 0.1219942 0.1094346 0.1490947 0.0838776 0.1354708 0.1045315 0.1541417 0.1842980 0.1229439 0.1159177 0.1162063 0.1512384 0.1042736 0.1458464 0.1389727 0.1205680 0.1226842 0.0995004 0.0933767 0.1279570 0.1004930 0.1156507 0.1546638 0.1264524 0.1155524 0.1227241 0.1453071 0.1272199 0.1433659 0.1663143 0.1355937 0.1145062 0.1097482 0.0961084 0.1722561 0.0786816 0.0783551 0.1667896 0.0774365 0.0921102 0.0943256 0.0797617 
S0756      0.0660489 0.0708465 0.1205443 0.1055128 0.0150581 0.1304269 0.0051599 0.0817773 0.1203852 0.1187815 0.0105272 0.0000025 0.1024211 0.0722087 0.0847868 0.0772357 0.1061526 0.0488218 0.1296897 0.0148860 0.0375445 0.0988371 0.0419594 0.1313363 0.1723503 0.0613486 0.1974421 0.1185566 0.0000000 0.0708465 0.0048816 0.1053208 0.1121425 0.1056749 0.1760917 0.0717414 0.0591699 0.0985678 0.0718314 0.1794134 0.1097819 0.0864855 0.1248044 0.2008899 0.1550190 0.1054380 0.0851657 0.0476979 0.0639789 0.0098459 0.0310471 0.1339426 0.1126023 0.0050288 0.0800027 0.0720131 0.0200518 0.0157764 0.0670183 0.0841918 0.0662827 0.0779489 0.0531062 0.0536560 0.0253045 0.0841575 0.0718314 0.1086636 0.0102097 0.0779415 0.0970163 0.0315958 0.1278777 0.0149094 0.1228472 0.0149170 0.0364084 0.0789316 0.1063625 0.1086156 0.0772918 0.0588444 0.1197005 0.0526524 0.0770643 0.1144788 0.0719876 
S0760      0.0863236 0.0000010 0.0883117 0.0369299 0.0918388 0.0970718 0.0636322 0.1113345 0.1160072 0.0870579 0.0709829 0.0497729 0.0837978 0.1206838 0.0097887 0.0483452 0.0812490 0.0942479 0.1108099 0.0905874 0.0818323 0.0942474 0.0603203 0.0578834 0.2023708 0.1162470 0.1435823 0.0850967 0.0708465 0.0000000 0.0779868 0.0252909 0.0415625 0.0875213 0.1092497 0.0488678 0.0606764 0.0770832 0.0309641 0.1842163 0.0949450 0.0685462 0.1054850 0.2148393 0.1759127 0.0808834 0.0493186 0.1052486 0.0419106 0.0842494 0.0987192 0.1292961 0.1225258 0.0805797 0.0688360 0.0550417 0.0972288 0.0636852 0.1152459 0.0732767 0.0866171 0.0731102 0.0425825 0.0372907 0.1039492 0.0097250 0.0309641 0.1038581 0.0748931 0.0489032 0.0667289 0.1149375 0.1090665 0.0907309 0.1038415 0.0907931 0.0664105 0.0677884 0.0684864 0.1183804 0.0483770 0.0368269 0.1151234 0.0147587 0.0482303 0.0822080 0.0374098 
S0763      0.0731609 0.0779868 0.1296287 0.1140025 0.0204940 0.1400305 0.0105395 0.0897145 0.1294555 0.1276838 0.0161356 0.0050918 0.1110778 0.0795211 0.0925131 0.0846006 0.1147105 0.0554619 0.1392206 0.0202540 0.0438558 0.1071071 0.0482169 0.1405507 0.1836020 0.0684532 0.1941359 0.1279142 0.0048816 0.0779868 0.0000000 0.1137886 0.1208267 0.1141811 0.1877197 0.0790006 0.0675167 0.1079518 0.0791016 0.1917965 0.1097819 0.0944118 0.1343341 0.2133397 0.1660641 0.1139197 0.0929460 0.0541484 0.0708115 0.0150685 0.0369928 0.1439069 0.1213440 0.0102661 0.0877246 0.0793045 0.0255817 0.0214904 0.0742645 0.0918508 0.0734174 0.0853973 0.0596876 0.0603130 0.0309974 0.0918119 0.0791016 0.1174995 0.0156386 0.0854010 0.1050886 0.0376677 0.1372216 0.0202862 0.1321698 0.0202969 0.0425004 0.0865186 0.1149570 0.1174468 0.0846643 0.0655979 0.1286896 0.0591615 0.0844129 0.1234152 0.0792695 
S0770      0.1166562 0.0252909 0.1121954 0.0680684 0.1297642 0.1222284 0.0834500 0.1377370 0.1423050 0.1104944 0.1013058 0.0766570 0.1062733 0.1546174 0.0256974 0.0744599 0.1016363 0.1183351 0.1370888 0.1135094 0.1123604 0.1184163 0.0744305 0.0839309 0.2092319 0.1504694 0.1751918 0.1251015 0.1053208 0.0252909 0.1137886 0.0000000 0.0662975 0.1259488 0.1349767 0.0752277 0.0838270 0.1089330 0.0609472 0.2005148 0.0884454 0.0882913 0.1279740 0.2223016 0.1880847 0.1011596 0.0760222 0.1373970 0.0731321 0.1207742 0.1375567 0.1580325 0.1653636 0.1020278 0.1053531 0.0889462 0.1353119 0.0845516 0.1414237 0.1093323 0.1099433 0.1020763 0.0744151 0.0687494 0.1280224 0.0364176 0.0609472 0.1454547 0.1118613 0.0819246 0.1018299 0.1567195 0.1347891 0.1280512 0.1295420 0.1281503 0.1012467 0.1036082 0.0905746 0.1618405 0.0664023 0.0615755 0.1333413 0.0421245 0.0806874 0.0914401 0.0626067 
S0795      0.1293731 0.0415625 0.1235663 0.0616797 0.1371173 0.1186863 0.0990452 0.1313922 0.1381174 0.1076679 0.1150861 0.0961961 0.0843888 0.1624304 0.0538265 0.0672140 0.1263506 0.1411211 0.1330259 0.1350799 0.0970127 0.1153232 0.1150433 0.0147715 0.2151728 0.1665865 0.1994982 0.1073138 0.1121425 0.0415625 0.1208267 0.0662975 0.0000000 0.1221429 0.1585275 0.0885649 0.0857835 0.1258019 0.0670173 0.1877784 0.1052693 0.0908816 0.1357335 0.2186001 0.1791782 0.1096010 0.1033063 0.0999899 0.0795061 0.1279073 0.1354887 0.1372358 0.1600606 0.1096187 0.1181116 0.0821632 0.1426518 0.0648617 0.1393113 0.1309984 0.0945526 0.1160876 0.0941208 0.0883299 0.1503177 0.0534440 0.0670173 0.1333050 0.1191664 0.1022573 0.1086170 0.1542275 0.1091328 0.1207202 0.1464575 0.1208118 0.1011578 0.1252756 0.1120309 0.1488108 0.0810241 0.0742464 0.1488435 0.0478546 0.1006630 0.0971923 0.0755085 
S0827      0.1396337 0.0875213 0.1164701 0.1261983 0.1229709 0.1028043 0.0930770 0.1229006 0.1308468 0.1147354 0.1016756 0.0903195 0.1064828 0.1635753 0.1031664 0.1082926 0.1118201 0.1496925 0.1079435 0.1282965 0.0980605 0.1225617 0.1086009 0.1421244 0.2587677 0.1509910 0.2324310 0.1663393 0.1056749 0.0875213 0.1141811 0.1259488 0.1221429 0.0000000 0.2063728 0.0997431 0.1017619 0.1126523 0.1027269 0.2331430 0.1717084 0.1350326 0.1244643 0.2737490 0.2111840 0.1337206 0.1008061 0.1413484 0.1062101 0.1211934 0.1088901 0.1534007 0.0545189 0.1093434 0.1096113 0.1210799 0.1357891 0.0929084 0.1381005 0.0999283 0.1400565 0.0819318 0.1081802 0.0884956 0.1284708 0.0862913 0.1027269 0.1113380 0.1194225 0.1095682 0.1132187 0.1299722 0.1236795 0.1212713 0.0427647 0.1141668 0.0921538 0.1221584 0.1426464 0.1261570 0.1083827 0.1009620 0.1296852 0.0931820 0.0918391 0.1518323 0.1027327 
S0888      0.2141501 0.1092497 0.2014449 0.1474506 0.1931979 0.1876804 0.1638997 0.2215460 0.2194979 0.1979313 0.1640100 0.1477795 0.1769844 0.2522755 0.1026986 0.1901366 0.2167045 0.2018484 0.2051365 0.1960822 0.1921544 0.1989797 0.1409440 0.1804327 0.2932435 0.2395608 0.2464561 0.2511320 0.1760917 0.1092497 0.1877197 0.1349767 0.1585275 0.2063728 0.0000000 0.1529960 0.1566324 0.1941166 0.1330111 0.2789799 0.1912700 0.2011362 0.2481659 0.3210733 0.2417351 0.2153227 0.1633274 0.2180869 0.1606666 0.1963470 0.1937826 0.2424720 0.2455146 0.1572212 0.1999219 0.1536676 0.2144469 0.1524807 0.2202900 0.1927982 0.1878520 0.1689943 0.1556212 0.1574628 0.1987544 0.1179351 0.1330111 0.2328186 0.1827526 0.1752546 0.1833236 0.2447995 0.2105478 0.1702063 0.2154802 0.1876973 0.1998516 0.1719770 0.1831598 0.2428938 0.1726942 0.1425628 0.2269476 0.1332943 0.1724937 0.2218157 0.1534025 
S0906      0.0788282 0.0488678 0.0828483 0.0820128 0.0930828 0.0833578 0.0710477 0.1000624 0.1105751 0.0816676 0.0709668 0.0497601 0.0771721 0.1121136 0.0557949 0.0671951 0.0803402 0.0998335 0.0886278 0.0852178 0.0743771 0.0888344 0.0656577 0.1076785 0.1794923 0.1185009 0.1973434 0.0865237 0.0717414 0.0488678 0.0790006 0.0752277 0.0885649 0.0997431 0.1529960 0.0000000 0.0455922 0.0846356 0.0743356 0.1550363 0.1146946 0.0761618 0.0999326 0.2096552 0.1589260 0.0930387 0.0607444 0.0973192 0.0471107 0.0853590 0.1000769 0.1083186 0.1391946 0.0669052 0.0369218 0.0745302 0.0985445 0.0573529 0.1208743 0.0645999 0.0919514 0.0871451 0.0365271 0.0489612 0.1053756 0.0482424 0.0743356 0.1055819 0.0825418 0.0662958 0.0870355 0.1166051 0.1036157 0.0854128 0.1275244 0.0920070 0.0865724 0.0477180 0.0434332 0.1203945 0.0550458 0.0097434 0.1066498 0.0542626 0.0547799 0.0878415 0.0201479 
S0959      0.0919770 0.0606764 0.1049935 0.0692921 0.0749884 0.1159183 0.0469063 0.0835602 0.1136655 0.0945975 0.0726133 0.0468258 0.0792703 0.1019284 0.0776689 0.0526447 0.0378941 0.1037027 0.1139416 0.0826645 0.0622142 0.0951053 0.0605163 0.0932426 0.1312370 0.1008925 0.2085906 0.0483298 0.0591699 0.0606764 0.0675167 0.0838270 0.0857835 0.1017619 0.1566324 0.0455922 0.0000000 0.0596067 0.0617500 0.1260827 0.1010275 0.0186470 0.0394234 0.1558176 0.1361028 0.0306024 0.0669523 0.0739100 0.0588093 0.0750319 0.0521284 0.1442233 0.1019604 0.0615304 0.0589582 0.0599270 0.0906792 0.0403461 0.0853903 0.0580176 0.0842100 0.0692095 0.0375750 0.0382764 0.0751748 0.0680492 0.0617500 0.1075241 0.0702563 0.0662485 0.0898324 0.0934119 0.1136655 0.0674531 0.1231310 0.0675060 0.0685466 0.0517854 0.0757770 0.1166358 0.0058825 0.0386149 0.1234885 0.0598766 0.0735424 0.0789811 0.0455965 
S0960      0.1364007 0.0770832 0.1377705 0.1011720 0.1158782 0.1436460 0.0736083 0.1284144 0.1675393 0.1353366 0.0818640 0.0806184 0.1342478 0.1546027 0.0849550 0.0937064 0.0110916 0.1303443 0.1615281 0.1237676 0.1060464 0.1448947 0.0938184 0.1416105 0.2567204 0.1273920 0.1783227 0.1473812 0.0985678 0.0770832 0.1079518 0.1089330 0.1258019 0.1126523 0.1941166 0.0846356 0.0596067 0.0000000 0.0858801 0.2244963 0.1812733 0.0856441 0.1131337 0.2454331 0.1872989 0.0894618 0.0831569 0.1343131 0.0819186 0.1158009 0.1263242 0.1903819 0.1299319 0.1040517 0.0998150 0.1077262 0.1321855 0.0903830 0.1477572 0.0822403 0.1453182 0.0867061 0.0672831 0.0620778 0.1159271 0.0855425 0.0858801 0.1192537 0.1128907 0.0679895 0.1146383 0.1298814 0.1677143 0.1078461 0.1524186 0.1159107 0.0763514 0.0906631 0.1069885 0.1276660 0.0614770 0.0760958 0.1340481 0.0833638 0.0904679 0.1033340 0.0775347 
S1083      0.1012550 0.0309641 0.1076342 0.0489766 0.0932046 0.1170880 0.0645679 0.1206858 0.1362743 0.1060740 0.0720570 0.0504615 0.1033754 0.1225975 0.0367057 0.0734647 0.0961711 0.0956919 0.1312275 0.0919143 0.0697817 0.1136017 0.0611574 0.0848762 0.2245013 0.1181143 0.1498142 0.1156507 0.0718314 0.0309641 0.0791016 0.0609472 0.0670173 0.1027269 0.1330111 0.0743356 0.0617500 0.0858801 0.0000000 0.1973008 0.1127829 0.0741409 0.1223528 0.2379766 0.1974126 0.0957187 0.0750878 0.0931762 0.0599846 0.0854687 0.1141579 0.1509140 0.1245020 0.0687327 0.0968561 0.0603659 0.0986723 0.0518049 0.1068111 0.0808478 0.0879092 0.0785909 0.0609977 0.0494445 0.0897890 0.0424904 0.0000010 0.1203809 0.0759997 0.0679838 0.0803870 0.1167632 0.1291256 0.0790385 0.1026973 0.0790915 0.0673464 0.0797030 0.0870305 0.1128244 0.0611138 0.0608749 0.1469422 0.0361182 0.0732952 0.1115403 0.0618821 
S1100      0.1915938 0.1842163 0.2099718 0.2072579 0.2008358 0.2053121 0.1560875 0.1975206 0.2238977 0.1867516 0.1646467 0.1315409 0.1676395 0.2378854 0.1888261 0.1529535 0.2234909 0.1763476 0.2104635 0.1912729 0.1705403 0.1978515 0.1815164 0.2071276 0.0326419 0.2296323 0.3547894 0.1619203 0.1794134 0.1842163 0.1917965 0.2005148 0.1877784 0.2331430 0.2789799 0.1550363 0.1260827 0.2244963 0.1973008 0.0000000 0.2021859 0.1658056 0.1762779 0.0460428 0.0108651 0.1765755 0.1931158 0.1570730 0.1809897 0.1736812 0.1574734 0.2119355 0.2438894 0.1567505 0.2003612 0.2078165 0.1735956 0.1380903 0.1860115 0.2186189 0.1565400 0.1776480 0.2037045 0.1655296 0.1918432 0.1809233 0.1973008 0.2020842 0.1920580 0.2065779 0.2060697 0.1850475 0.2041871 0.1917027 0.2415165 0.2012581 0.1759897 0.1939387 0.2037097 0.2119310 0.1585342 0.1662339 0.1530231 0.1637841 0.1935436 0.1437486 0.1662438 
S1102      0.1783871 0.0949450 0.1250746 0.1048346 0.1282771 0.1589728 0.1006979 0.1865662 0.1837213 0.1228347 0.1023208 0.0908587 0.1211196 0.1793282 0.0877192 0.1051180 0.1696652 0.1531438 0.1778377 0.1195441 0.1092819 0.1235351 0.1212307 0.1381313 0.2218047 0.1742665 0.1655729 0.1214962 0.1097819 0.0949450 0.1097819 0.0884454 0.1052693 0.1717084 0.1912700 0.1146946 0.1010275 0.1812733 0.1127829 0.2021859 0.0000000 0.1338466 0.1891028 0.2108752 0.2107440 0.1503906 0.1250124 0.1662893 0.1106872 0.1281889 0.1395230 0.1486844 0.1816976 0.0913898 0.1653183 0.1327468 0.1455472 0.0931522 0.1822218 0.1592210 0.1415558 0.1308582 0.1299013 0.1228776 0.1196721 0.1125259 0.1127829 0.1749874 0.1256446 0.1319057 0.1401978 0.1624475 0.1274531 0.1282230 0.1680102 0.1198322 0.1390345 0.1712871 0.1359559 0.1850440 0.1195556 0.0964275 0.1718292 0.0714730 0.1294797 0.1373904 0.0984018 
S1128      0.1038455 0.0685462 0.0962089 0.0978040 0.1096055 0.1053929 0.0709566 0.1277302 0.1102694 0.0948108 0.0951609 0.0708712 0.0638099 0.1333663 0.0754116 0.0688599 0.0674905 0.1126986 0.1195170 0.1080153 0.0992216 0.0886240 0.0886662 0.0895339 0.1854662 0.1367461 0.1803042 0.0889168 0.0864855 0.0685462 0.0944118 0.0882913 0.0908816 0.1350326 0.2011362 0.0761618 0.0186470 0.0856441 0.0741409 0.1658056 0.1338466 0.0000000 0.0497409 0.1978169 0.1581136 0.0672001 0.0813546 0.1096857 0.0613660 0.1011705 0.1029386 0.1232731 0.1592937 0.0977175 0.1034876 0.0602000 0.1080726 0.0719264 0.0958271 0.0936850 0.1113610 0.0739872 0.0607938 0.0492899 0.0986574 0.0825060 0.0741409 0.1236654 0.0917569 0.0804521 0.1000943 0.1351416 0.1033409 0.1081903 0.1328041 0.0999013 0.0820874 0.0794300 0.0738370 0.1314266 0.0256589 0.0623182 0.1311311 0.0616442 0.0793932 0.0789146 0.0633741 
S1129sl    0.1383755 0.1054850 0.1219543 0.1400179 0.1520807 0.1326047 0.1018690 0.1605771 0.1374084 0.1125625 0.1304569 0.1017736 0.1098745 0.1973508 0.1229108 0.1206672 0.0965695 0.1740137 0.1480406 0.1496775 0.1339288 0.1283304 0.1284915 0.1414209 0.2050333 0.1844682 0.2488929 0.1279470 0.1248044 0.1054850 0.1343341 0.1279740 0.1357335 0.1244643 0.2481659 0.0999326 0.0394234 0.1131337 0.1223528 0.1762779 0.1891028 0.0497409 0.0000000 0.2181984 0.1654225 0.0757195 0.1051583 0.1687598 0.1109371 0.1419519 0.1446497 0.1614543 0.1521930 0.1393537 0.1299681 0.1156398 0.1497507 0.1033810 0.1607335 0.1335693 0.1631082 0.1142916 0.0958040 0.0697692 0.1501822 0.1218741 0.1223528 0.1324563 0.1331437 0.1111374 0.1329618 0.1515520 0.1454788 0.1499173 0.1436406 0.1500440 0.1030444 0.0982439 0.1141764 0.1487062 0.0434006 0.0913379 0.1596526 0.1114293 0.1024830 0.1270159 0.0929919 
S1148      0.2108898 0.2148393 0.2456674 0.2426735 0.2261196 0.2519694 0.1745934 0.2741401 0.2554635 0.2215956 0.1863504 0.1573804 0.2033254 0.1952542 0.2200425 0.1805156 0.2550242 0.1894579 0.2713601 0.2127961 0.2164186 0.2330136 0.1942106 0.2478660 0.0206984 0.2185087 0.3893517 0.1709006 0.2008899 0.2148393 0.2133397 0.2223016 0.2186001 0.2737490 0.3210733 0.2096552 0.1558176 0.2454331 0.2379766 0.0460428 0.2108752 0.1978169 0.2181984 0.0000000 0.0270877 0.2339651 0.2236779 0.2078826 0.2112022 0.1955762 0.1848346 0.2602070 0.2649944 0.1942842 0.2675175 0.2588211 0.1954855 0.1740426 0.2061029 0.2576527 0.1845748 0.1735870 0.2342687 0.1960875 0.2043385 0.2372366 0.2379766 0.2335757 0.2249585 0.2473929 0.2276591 0.2239088 0.2262570 0.2317313 0.2728743 0.2319587 0.1981224 0.2521056 0.2355010 0.2433241 0.1894023 0.1969607 0.2068361 0.2030790 0.2059830 0.2091206 0.2009378 
S1180      0.1632688 0.1759127 0.2135830 0.2107657 0.1661355 0.2090443 0.1305085 0.2101107 0.2132395 0.2001159 0.1481970 0.1251601 0.1586683 0.1861464 0.1893336 0.1386406 0.2089336 0.1491322 0.2278027 0.1743158 0.1615001 0.2016048 0.1542817 0.1975105 0.0101766 0.2105547 0.2940389 0.1470483 0.1550190 0.1759127 0.1660641 0.1880847 0.1791782 0.2111840 0.2417351 0.1589260 0.1361028 0.1872989 0.1974126 0.0108651 0.2107440 0.1581136 0.1654225 0.0270877 0.0000000 0.1686186 0.1758709 0.1552386 0.1729640 0.1493935 0.1279268 0.2158193 0.1861836 0.1591490 0.2070331 0.1980427 0.1493225 0.1310748 0.1497549 0.2065869 0.1385507 0.1361804 0.1852475 0.1582013 0.1576113 0.1967845 0.1974126 0.1800868 0.1827903 0.1877991 0.1876337 0.1595728 0.1945601 0.1833676 0.2111531 0.1835390 0.1405753 0.2103504 0.1906933 0.1890744 0.1514839 0.1479693 0.1682084 0.1651197 0.1674207 0.1251029 0.1594084 
