127
PAFTOL_019361 0.0000000 0.1390252 0.1492285 0.1915084 0.1378331 0.1584617 0.1479210 0.1508858 0.1938536 0.1833116 0.1696318 0.1784364 0.1866834 0.1471018 0.1425877 0.1475466 0.1586911 0.1785628 2.2179515 0.1528342 0.1439852 0.1176280 0.2240214 0.1562279 0.1535407 0.1758030 0.1336424 0.1394955 0.1947863 2.1108180 0.1428204 0.1548987 2.1108180 0.1682892 0.1386780 0.1479700 2.1108180 0.1342335 0.1686971 0.1820999 0.1466977 0.1835652 0.1437186 0.1441764 0.1423829 0.1675090 0.1467078 0.1475823 0.1237235 0.1333899 0.1947907 0.1301170 0.1488101 0.1489396 0.1692421 0.1213261 0.1299675 0.1357311 0.1345455 0.2100517 0.1572534 0.1477545 0.2177197 2.1108180 0.1667858 0.1592705 0.1336623 0.1522806 0.1423829 0.1567758 0.1183619 0.1421753 0.1436268 0.2011853 0.1756248 0.1427138 0.1569059 0.1537366 0.1679880 0.1472466 0.1071654 0.1301986 0.1433445 0.1836429 0.1335604 0.1684712 2.1108180 0.1731541 0.1949905 0.1531505 0.1964267 0.1593901 0.1522448 0.1644225 0.1489195 0.1312486 0.1575573 0.1481836 0.1548127 0.1339379 0.1399386 0.1792169 0.1679532 0.1625914 0.1575342 0.1578671 0.1444780 0.1544317 0.1572534 0.1508133 0.1522963 0.1504533 0.1515077 0.1607283 0.1398908 0.1428324 0.1449912 0.1723801 0.1626480 0.1496721 0.1372351 0.1434644 0.1979278 0.1426103 0.1523099 0.1544606 0.1478248 
S0055         0.1390252 0.0000000 0.1012547 0.1049705 0.0739356 0.0513675 0.0751015 0.0811272 0.0672299 0.0982651 0.1027819 0.0948635 0.0932711 0.0825696 0.0626797 0.0862746 0.0714586 0.0900225 1.4458806 0.0473885 0.0509412 0.0465344 0.1303221 0.0825222 0.0785807 0.0735958 0.0662438 0.0782767 0.0826968 2.0876442 0.0785783 0.0521483 1.4080204 0.0959754 0.0786144 0.0587424 1.4080204 0.0626959 0.0742504 0.1411885 0.0655951 0.0940763 0.0545624 0.0822809 0.0699049 0.0584864 0.0736314 0.0740390 0.0631918 0.0703888 0.0964671 0.0628863 0.0869562 0.0822322 0.0980357 0.0702258 0.0777883 0.0747623 0.0741617 0.1086399 0.0706179 0.1171155 0.1136908 1.4080204 0.0810862 0.0829745 0.0661283 0.1128819 0.0699049 0.1127876 0.0677427 0.0696184 0.0827398 0.0932614 0.0748543 0.0699834 0.1128836 0.0476487 0.0514375 0.0662947 0.0497902 0.0629240 0.0628782 0.1022629 0.0748184 0.0868897 2.0876442 0.0944933 0.1032863 0.0509989 0.0971884 0.0946593 0.0740414 0.0475672 0.0511855 0.0311739 0.0820965 0.0588489 0.0918864 0.0626594 0.0631370 0.0965197 0.0587231 0.0902859 0.0870021 0.0708654 0.0747963 0.0513644 0.0706179 0.0778629 0.0741128 0.0516095 0.0942579 0.0668437 0.0790546 0.0436576 0.0593584 0.0955210 0.0990679 0.0831062 0.0664399 0.0741395 0.1079076 0.0700026 0.0741171 0.0516114 0.0856466 
S0196sl       0.1492285 0.1012547 0.0000000 0.0714367 0.0465477 0.0645299 0.0591095 0.0666427 0.0718589 0.1016859 0.0624242 0.1052249 0.0819530 0.0474753 0.0468509 0.0528966 0.0799114 0.1089346 0.0860115 0.0614049 0.0641520 0.0377029 0.0725847 0.0586132 0.0280098 0.0756675 0.0496270 0.0762063 0.0825504 0.0780805 0.0530728 0.0596001 0.0399716 0.0772784 0.0502558 0.0502272 0.0342208 0.0383242 0.0993674 0.1024221 0.0811273 0.1085627 0.0586828 0.0729948 0.0148374 0.0645202 0.0173518 0.0174342 0.0303430 0.0470645 0.0670171 0.0472533 0.0529852 0.0641467 0.0891377 0.0728987 0.0666469 0.0671066 0.0695957 0.1131774 0.0386908 0.0884834 0.1324769 0.0580201 0.0826727 0.0830006 0.0642869 0.0958000 0.0148374 0.1050684 0.0469448 0.0789453 0.0763560 0.0817227 0.0683578 0.0470026 0.1019529 0.0587858 0.0617789 0.0523363 0.0287790 0.0444943 0.0499585 0.1122405 0.0471354 0.0657368 0.0716779 0.1089414 0.1160273 0.0613367 0.0700460 0.0588901 0.0609428 0.1156618 0.0534298 0.0596025 0.0639515 0.0618610 0.0681179 0.0615041 0.0616005 0.0654310 0.0617705 0.0251703 0.0566510 0.0386908 0.0558886 0.0561439 0.0415087 0.0606912 0.0554877 0.0677830 0.0586417 0.0627501 0.0499969 0.0528468 0.0531174 0.0712465 0.0713186 0.0591571 0.0525150 0.0641467 0.1221970 0.0524741 0.0555335 0.0705432 0.0695892 
S0278         0.1915084 0.1049705 0.0714367 0.0000000 0.0797984 0.0778703 0.0431339 0.0875685 0.0870610 0.1069712 0.0367323 0.1129719 0.0976462 0.0339718 0.0452107 0.0857161 0.1231399 0.1153926 0.0850526 0.0722731 0.0746048 0.0401015 0.1158740 0.0383847 0.0746870 0.1022891 0.0476401 0.0927120 0.1045957 0.0849715 0.0361774 0.0761512 0.0395554 0.0428273 0.0530705 0.0671475 0.0338642 0.0771126 0.1077465 0.1443958 0.0846013 0.1150626 0.0748952 0.0898864 0.0646053 0.0749667 0.0669699 0.0649133 0.0752240 0.0528375 0.1049162 0.0529849 0.0627879 0.0794595 0.0934634 0.0897860 0.0767966 0.0818096 0.0868463 0.1265918 0.0804492 0.1093140 0.1268647 0.0783461 0.0931707 0.0884491 0.0748688 0.1190216 0.0646053 0.1295254 0.0473349 0.0873385 0.0830125 0.1080106 0.0809205 0.0749579 0.1267941 0.0700669 0.0703084 0.0773332 0.0280424 0.0482121 0.0551834 0.1154064 0.0556689 0.0473281 0.0784655 0.1184860 0.1213930 0.0698403 0.1079949 0.0912438 0.0826474 0.1383182 0.0730202 0.0717560 0.0877987 0.0727892 0.0678354 0.0806843 0.0807489 0.0386744 0.0752045 0.0744720 0.0479666 0.0806329 0.0578536 0.0702081 0.0831657 0.0850020 0.0777675 0.0728558 0.0500172 0.0704346 0.0603983 0.0674402 0.0702254 0.0973685 0.0973061 0.0625128 0.0667899 0.0743144 0.1249152 0.0747737 0.0803347 0.0879022 0.0765370 
S0281         0.1378331 0.0739356 0.0465477 0.0797984 0.0000000 0.0641350 0.0663397 0.0660482 0.0801890 0.0969109 0.0745097 0.0973001 0.0853950 0.0636738 0.0537821 0.0618663 0.0929346 0.0969347 0.1295371 0.0590458 0.0659866 0.0467030 0.1180110 0.0659597 0.0312015 0.0827357 0.0560093 0.0660417 0.0912495 0.1131319 0.0566070 0.0673202 0.0781026 0.0816438 0.0567617 0.0591365 0.0720192 0.0355628 0.0854978 0.1215144 0.0750947 0.0966671 0.0662365 0.0682372 0.0289290 0.0662981 0.0310566 0.0355026 0.0358675 0.0540620 0.0704058 0.0448400 0.0591645 0.0588215 0.0836071 0.0634258 0.0606960 0.0588252 0.0608105 0.1126037 0.0470451 0.0947181 0.1069017 0.0909905 0.0783971 0.0738657 0.0564660 0.1034657 0.0289290 0.1112302 0.0549398 0.0710784 0.0663441 0.0755013 0.0670427 0.0542782 0.1033222 0.0615722 0.0663519 0.0519486 0.0390647 0.0402798 0.0446850 0.0944116 0.0592023 0.0693660 0.1062516 0.0998036 0.0999140 0.0636663 0.0730876 0.0692520 0.0613641 0.0879754 0.0596686 0.0655874 0.0662166 0.0617709 0.0740194 0.0594608 0.0595031 0.0795185 0.0663444 0.0356456 0.0618680 0.0471444 0.0517148 0.0569767 0.0494180 0.0661078 0.0614943 0.0665400 0.0708625 0.0672893 0.0615047 0.0566517 0.0639323 0.0797127 0.0747466 0.0542563 0.0538523 0.0540381 0.1027218 0.0469925 0.0639063 0.0811996 0.0538440 
S0282         0.1584617 0.0513675 0.0645299 0.0778703 0.0641350 0.0000000 0.0646706 0.0614709 0.0349789 0.0923246 0.0697177 0.0961472 0.0891674 0.0545728 0.0566978 0.0595747 0.0924119 0.0985108 0.0794145 0.0204366 0.0332740 0.0471235 0.0992814 0.0690427 0.0572666 0.0658569 0.0589046 0.0667371 0.0793556 0.0793371 0.0666772 0.0317505 0.0219785 0.0722798 0.0592909 0.0497769 0.0164628 0.0476138 0.0894549 0.1197097 0.0659191 0.0955140 0.0312605 0.0689558 0.0496526 0.0268366 0.0519168 0.0475571 0.0456670 0.0519517 0.0838554 0.0497570 0.0617171 0.0618211 0.0849394 0.0640895 0.0613259 0.0593825 0.0614426 0.0823135 0.0643108 0.0931105 0.1211005 0.0727145 0.0747187 0.0697489 0.0570522 0.0970125 0.0496526 0.1044471 0.0527160 0.0665083 0.0642020 0.0892250 0.0426800 0.0497919 0.1018451 0.0226006 0.0359080 0.0520277 0.0417536 0.0451016 0.0473594 0.1011837 0.0593892 0.0722519 0.0728265 0.1014351 0.1042041 0.0268593 0.0867074 0.0718706 0.0571811 0.0715536 0.0293192 0.0414590 0.0616278 0.0313527 0.0718567 0.0526249 0.0549373 0.0779171 0.0359041 0.0617000 0.0722649 0.0644518 0.0567691 0.0226392 0.0668541 0.0615268 0.0569387 0.0314236 0.0715715 0.0406058 0.0593693 0.0248990 0.0473148 0.0749473 0.0651824 0.0618234 0.0497867 0.0569497 0.1039564 0.0522684 0.0593304 0.0544469 0.0567435 
S0289         0.1479210 0.0751015 0.0591095 0.0431339 0.0663397 0.0646706 0.0000000 0.0712918 0.0810017 0.0895642 0.0290511 0.0959534 0.0840171 0.0248092 0.0269748 0.0694186 0.1043016 0.0932176 0.0868701 0.0595337 0.0618008 0.0280549 0.1052320 0.0357305 0.0571761 0.0785885 0.0357259 0.0786551 0.0851681 0.1005215 0.0269368 0.0630553 0.0525571 0.0359377 0.0385134 0.0618815 0.0466646 0.0518619 0.0924282 0.1383737 0.0662120 0.0980374 0.0620345 0.0759877 0.0450499 0.0620924 0.0472899 0.0474837 0.0548391 0.0383498 0.0837668 0.0384542 0.0477202 0.0688094 0.0797970 0.0734664 0.0588804 0.0710980 0.0731491 0.1166371 0.0597089 0.1033283 0.1216866 0.0788125 0.0819499 0.0769086 0.0639740 0.1101637 0.0450499 0.1177228 0.0414118 0.0765003 0.0696568 0.0890478 0.0700087 0.0593108 0.1150615 0.0573710 0.0551341 0.0615909 0.0103679 0.0339360 0.0361403 0.1008896 0.0409312 0.0359238 0.0937097 0.1012301 0.1039929 0.0594794 0.0890304 0.0746108 0.0669583 0.1052204 0.0601351 0.0612324 0.0714751 0.0646070 0.0524844 0.0646271 0.0646749 0.0316760 0.0598271 0.0569264 0.0313917 0.0598400 0.0452771 0.0574822 0.0622239 0.0713562 0.0619249 0.0647623 0.0312676 0.0626311 0.0454419 0.0524711 0.0527878 0.0802954 0.0826656 0.0478469 0.0516996 0.0638591 0.1142674 0.0615440 0.0643566 0.0718613 0.0660388 
S0292         0.1508858 0.0811272 0.0666427 0.0875685 0.0660482 0.0614709 0.0712918 0.0000000 0.0773212 0.0997001 0.0825680 0.0842216 0.0729996 0.0613991 0.0631828 0.0358706 0.0495404 0.0895960 0.0918417 0.0518568 0.0563171 0.0467156 0.1045125 0.0684777 0.0639315 0.0779065 0.0607958 0.0588798 0.0922344 0.0852792 0.0661937 0.0598495 0.0524360 0.0893651 0.0616186 0.0568308 0.0465562 0.0495910 0.0853172 0.1199059 0.0728365 0.0893494 0.0539818 0.0610555 0.0516176 0.0589495 0.0538757 0.0540958 0.0496341 0.0542326 0.0779251 0.0590139 0.0640580 0.0517976 0.0764768 0.0563329 0.0514204 0.0517534 0.0537905 0.1028530 0.0708941 0.0887799 0.1122691 0.0647048 0.0737563 0.0593429 0.0449675 0.0949517 0.0516176 0.1048488 0.0605882 0.0491581 0.0494448 0.0831471 0.0619767 0.0249270 0.1022928 0.0497028 0.0613847 0.0377313 0.0390208 0.0542465 0.0565468 0.0921882 0.0614898 0.0819319 0.0787491 0.0868687 0.0925127 0.0540491 0.0806877 0.0472311 0.0142676 0.0950941 0.0545202 0.0678907 0.0291954 0.0590760 0.0693305 0.0164582 0.0206674 0.0847020 0.0613779 0.0589480 0.0669235 0.0710494 0.0661775 0.0521642 0.0734664 0.0291500 0.0335172 0.0568857 0.0733791 0.0574477 0.0617013 0.0495164 0.0566935 0.0499127 0.0498644 0.0713861 0.0380320 0.0471117 0.0923234 0.0542707 0.0357298 0.0733961 0.0469441 
S0293         0.1938536 0.0672299 0.0718589 0.0870610 0.0801890 0.0349789 0.0810017 0.0773212 0.0000000 0.1052580 0.0792668 0.1182234 0.1047373 0.0698734 0.0721215 0.0749458 0.1101282 0.1207554 0.0871552 0.0370884 0.0464389 0.0623708 0.0723963 0.0804754 0.0831336 0.0819475 0.0744810 0.0857299 0.0943971 0.0870711 0.0830859 0.0450626 0.0279554 0.0893522 0.0722446 0.0646251 0.0223364 0.0722804 0.1131610 0.1370455 0.0872075 0.1173929 0.0443275 0.0907451 0.0694052 0.0394957 0.0718712 0.0671873 0.0677735 0.0642716 0.0961615 0.0695647 0.0748692 0.0750160 0.1057360 0.0853800 0.0771276 0.0802304 0.0772365 0.0978005 0.0805150 0.1144892 0.1370785 0.0802711 0.0945166 0.0808677 0.0726015 0.1190325 0.0694052 0.1270541 0.0653833 0.0802414 0.0803247 0.1019761 0.0617027 0.0646435 0.1184452 0.0349316 0.0494861 0.0720326 0.0563067 0.0644290 0.0619662 0.1208087 0.0723697 0.0839730 0.0803962 0.1207622 0.1270897 0.0349462 0.0963073 0.0861580 0.0727756 0.0938542 0.0423310 0.0582130 0.0775294 0.0539244 0.0858942 0.0678628 0.0703698 0.0815734 0.0542486 0.0771795 0.0893317 0.0805150 0.0747076 0.0349964 0.0833138 0.0722922 0.0724460 0.0422113 0.0857836 0.0618974 0.0696277 0.0421496 0.0619041 0.0922950 0.0837207 0.0829322 0.0646369 0.0724638 0.1241118 0.0723931 0.0750515 0.0696945 0.0772305 
S0294         0.1833116 0.0982651 0.1016859 0.1069712 0.0969109 0.0923246 0.0895642 0.0997001 0.1052580 0.0000000 0.0910068 0.1287955 0.1241554 0.0895514 0.0812628 0.0979016 0.1195753 0.1256699 0.1480461 0.0867024 0.0864414 0.0716800 0.0906292 0.0971039 0.0966338 0.1041590 0.0860198 0.1045643 0.0816456 0.1557052 0.0840618 0.0851389 0.1003714 0.0976504 0.0847275 0.0841638 0.0940097 0.0890009 0.1254059 0.1683987 0.0610497 0.1253100 0.0894178 0.1073243 0.0860638 0.0895036 0.0885084 0.0888858 0.0871629 0.0767165 0.1209053 0.0843362 0.0873505 0.0909954 0.1171981 0.1045545 0.0887699 0.0994259 0.1014843 0.1291406 0.0996997 0.1234387 0.1412279 0.1158370 0.1114102 0.1059735 0.0918187 0.1415147 0.0860638 0.1559483 0.0794063 0.1054069 0.0956181 0.1188949 0.0874685 0.0868532 0.1530806 0.0844849 0.0921842 0.0842176 0.0631954 0.0791845 0.0865953 0.1285026 0.0848691 0.1086685 0.1377972 0.1288342 0.1317949 0.0866146 0.1187780 0.1115602 0.0978166 0.1209015 0.0876054 0.0918134 0.0999614 0.0792743 0.0983997 0.0927835 0.0852392 0.1038884 0.0921734 0.0994572 0.0976914 0.0999286 0.0920331 0.0846596 0.1025322 0.0946264 0.0948241 0.0873541 0.0916805 0.0852824 0.0769605 0.0791736 0.0844233 0.1007994 0.1098416 0.0977582 0.0837548 0.0912130 0.1416712 0.0841556 0.0974758 0.1052495 0.0963364 
S0299         0.1696318 0.1027819 0.0624242 0.0367323 0.0745097 0.0697177 0.0290511 0.0825680 0.0792668 0.0910068 0.0000000 0.1094715 0.0966857 0.0313580 0.0384224 0.0805881 0.1170596 0.1091651 0.0935985 0.0692338 0.0716953 0.0326676 0.0795292 0.0359929 0.0670039 0.0954389 0.0433168 0.0852965 0.1003867 0.0935100 0.0336791 0.0732696 0.0463686 0.0411814 0.0439155 0.0641188 0.0405262 0.0691384 0.1007425 0.1468531 0.0712766 0.1088349 0.0693816 0.0823673 0.0561479 0.0720636 0.0586141 0.0538860 0.0671095 0.0437141 0.1017815 0.0439811 0.0513168 0.0743164 0.0915704 0.0822705 0.0637253 0.0796454 0.0792373 0.1203346 0.0725381 0.1091539 0.1298836 0.0721971 0.0944660 0.0781267 0.0667109 0.1195396 0.0561479 0.1276192 0.0445339 0.0829702 0.0862456 0.1077353 0.0755434 0.0642020 0.1278621 0.0668991 0.0696097 0.0689953 0.0156821 0.0414496 0.0487285 0.1090767 0.0465675 0.0433302 0.0867865 0.1091711 0.1154401 0.0640613 0.1018123 0.0835427 0.0805130 0.1330035 0.0671923 0.0685632 0.0774721 0.0645033 0.0591584 0.0750861 0.0751945 0.0363594 0.0747901 0.0693630 0.0385821 0.0727117 0.0539099 0.0670411 0.0753555 0.0773325 0.0722804 0.0750312 0.0384179 0.0675625 0.0462740 0.0615065 0.0643915 0.0898657 0.0898650 0.0489177 0.0583655 0.0717086 0.1216388 0.0666223 0.0749661 0.0718119 0.0740696 
S0303         0.1784364 0.0948635 0.1052249 0.1129719 0.0973001 0.0961472 0.0959534 0.0842216 0.1182234 0.1287955 0.1094715 0.0000000 0.0711153 0.0927778 0.0894018 0.0723977 0.1154078 0.0121903 0.1257382 0.0877247 0.0799862 0.0775336 0.1360565 0.1030813 0.0899745 0.1004369 0.0817803 0.0975615 0.1213680 0.0647947 0.0980368 0.0920173 0.1007044 0.1102099 0.0931242 0.0903921 0.0943130 0.0719288 0.0111731 0.1407188 0.0973334 0.0121599 0.0849294 0.0998732 0.0764735 0.0905655 0.0788830 0.0816791 0.0694133 0.0848619 0.0708437 0.0901467 0.0958216 0.0896028 0.0269596 0.0945992 0.0790429 0.0895497 0.0916201 0.1508228 0.1006837 0.1087850 0.1360890 0.0455368 0.0642915 0.0929423 0.0745622 0.1095963 0.0764735 0.1198518 0.1021402 0.0915368 0.0928123 0.0759744 0.0942297 0.0742352 0.1171922 0.0854803 0.0850830 0.0668854 0.0686234 0.0848816 0.0924355 0.0184040 0.0929184 0.1061548 0.0585809 0.0142953 0.0163948 0.0876345 0.0735448 0.0928224 0.0823037 0.1229511 0.0782380 0.1007061 0.0745810 0.0909087 0.1042337 0.0774206 0.0774814 0.1132526 0.0850730 0.0869912 0.1070504 0.1009173 0.0952902 0.0806548 0.1035490 0.0767827 0.0768955 0.0909978 0.1058900 0.0913312 0.0932555 0.0827141 0.0876295 0.0962369 0.0883173 0.0980977 0.0741837 0.0843179 0.1121222 0.0765991 0.0794309 0.0878980 0.0840001 
S0308         0.1866834 0.0932711 0.0819530 0.0976462 0.0853950 0.0891674 0.0840171 0.0729996 0.1047373 0.1241554 0.0966857 0.0711153 0.0000000 0.0810341 0.0827342 0.0691389 0.0939207 0.0708579 0.1080348 0.0810524 0.0833814 0.0664663 0.1274730 0.0934257 0.0806923 0.0883407 0.0728963 0.0880026 0.1030374 0.0392446 0.0810256 0.0850998 0.0717034 0.0949388 0.0738567 0.0762894 0.0656569 0.0704825 0.0601807 0.1515326 0.0928876 0.0706688 0.0783616 0.0902508 0.0677792 0.0837861 0.0701057 0.0703685 0.0709179 0.0709676 0.0465871 0.0759788 0.0788966 0.0780100 0.0539715 0.0851826 0.0773803 0.0750777 0.0823520 0.1282310 0.0860016 0.1151845 0.1149299 0.0216973 0.0447332 0.0837578 0.0731003 0.1221691 0.0677792 0.1325465 0.0813617 0.0853002 0.0865477 0.0580531 0.0872680 0.0736562 0.1298459 0.0788593 0.0791285 0.0637502 0.0580290 0.0709847 0.0733315 0.0756776 0.0813674 0.0943047 0.0334590 0.0734736 0.0759850 0.0809724 0.0535327 0.0792646 0.0763156 0.1291615 0.0718158 0.0883418 0.0635491 0.0816256 0.0895098 0.0715439 0.0715980 0.1004631 0.0791194 0.0803438 0.0869098 0.0861942 0.0834537 0.0716363 0.0887019 0.0757621 0.0687831 0.0817022 0.0910958 0.0851649 0.0788677 0.0761952 0.0760984 0.0824480 0.0823217 0.0889724 0.0655554 0.0729692 0.0967947 0.0678873 0.0712437 0.0835919 0.0727019 
S0320         0.1471018 0.0825696 0.0474753 0.0339718 0.0636738 0.0545728 0.0248092 0.0613991 0.0698734 0.0895514 0.0313580 0.0927778 0.0810341 0.0000000 0.0268311 0.0595046 0.0937804 0.0951165 0.0650742 0.0496516 0.0518639 0.0280488 0.0938369 0.0247803 0.0499547 0.0728805 0.0290579 0.0685658 0.0768324 0.0650102 0.0226691 0.0504937 0.0220346 0.0403485 0.0338850 0.0473722 0.0165054 0.0495915 0.0889798 0.1281123 0.0611240 0.0948525 0.0520549 0.0636389 0.0381452 0.0521025 0.0403447 0.0405082 0.0476611 0.0337423 0.0832406 0.0338334 0.0429356 0.0589889 0.0768384 0.0659213 0.0539281 0.0612332 0.0632765 0.1034545 0.0570894 0.0898239 0.1047867 0.0586870 0.0765338 0.0667833 0.0542864 0.0988269 0.0381452 0.1089008 0.0331254 0.0664301 0.0641265 0.0884848 0.0573613 0.0497339 0.1062961 0.0475271 0.0498979 0.0519672 0.0124638 0.0293930 0.0359437 0.0977511 0.0362473 0.0357293 0.0587758 0.0979911 0.1007172 0.0496085 0.0884675 0.0620538 0.0594539 0.1087840 0.0501424 0.0534192 0.0615556 0.0499187 0.0476136 0.0548341 0.0548727 0.0360630 0.0544913 0.0497373 0.0313853 0.0572140 0.0405461 0.0476160 0.0595739 0.0590294 0.0522460 0.0546489 0.0290930 0.0551893 0.0406914 0.0428146 0.0452874 0.0674530 0.0723009 0.0407759 0.0424177 0.0541899 0.1056764 0.0519280 0.0546073 0.0616255 0.0563409 
S0327         0.1425877 0.0626797 0.0468509 0.0452107 0.0537821 0.0566978 0.0269748 0.0631828 0.0721215 0.0812628 0.0384224 0.0894018 0.0827342 0.0268311 0.0000000 0.0613102 0.0830973 0.0917138 0.0920337 0.0517585 0.0539694 0.0256162 0.0903262 0.0289349 0.0471387 0.0725629 0.0245704 0.0703178 0.0716018 0.1055993 0.0246935 0.0550427 0.0577790 0.0426306 0.0292417 0.0494486 0.0519428 0.0513259 0.0853303 0.1177517 0.0582862 0.0914619 0.0541691 0.0654096 0.0355485 0.0542186 0.0377152 0.0378655 0.0494202 0.0291202 0.0824176 0.0313573 0.0381054 0.0585247 0.0785728 0.0676792 0.0512009 0.0630135 0.0650396 0.1116747 0.0495505 0.0864269 0.1088873 0.0839477 0.0782639 0.0685581 0.0560986 0.0953121 0.0355485 0.1000074 0.0327755 0.0681986 0.0662291 0.0852292 0.0570971 0.0515683 0.0974660 0.0496364 0.0520136 0.0537898 0.0145197 0.0269843 0.0291260 0.0943081 0.0315408 0.0381495 0.0988339 0.0945366 0.0972179 0.0517134 0.0852119 0.0663133 0.0589285 0.0879481 0.0522686 0.0508303 0.0633426 0.0520354 0.0426805 0.0566605 0.0567005 0.0383269 0.0566130 0.0469369 0.0357320 0.0496568 0.0379711 0.0497295 0.0519543 0.0632396 0.0540762 0.0567768 0.0332951 0.0573034 0.0359030 0.0449101 0.0473690 0.0717567 0.0717127 0.0426522 0.0489643 0.0537672 0.1021100 0.0537488 0.0564284 0.0637590 0.0535754 
S0335         0.1475466 0.0862746 0.0528966 0.0857161 0.0618663 0.0595747 0.0694186 0.0358706 0.0749458 0.0979016 0.0805881 0.0723977 0.0691389 0.0595046 0.0613102 0.0000000 0.0503762 0.0776385 0.0930555 0.0545469 0.0520405 0.0446083 0.0997954 0.0713911 0.0597371 0.0689174 0.0565158 0.0640187 0.0903262 0.0718256 0.0643127 0.0579284 0.0461198 0.0875332 0.0597194 0.0549196 0.0403086 0.0475244 0.0722830 0.1235078 0.0709885 0.0774244 0.0520796 0.0662204 0.0474815 0.0570511 0.0497391 0.0499439 0.0407704 0.0523231 0.0736713 0.0571140 0.0621641 0.0544837 0.0673374 0.0614087 0.0540841 0.0567510 0.0588006 0.1069590 0.0639738 0.0919833 0.1131701 0.0520422 0.0694743 0.0521150 0.0449473 0.0982728 0.0474815 0.1082882 0.0553051 0.0563797 0.0381127 0.0788692 0.0600692 0.0316055 0.1056992 0.0477791 0.0594909 0.0314456 0.0346836 0.0523367 0.0593004 0.0801802 0.0595939 0.0800730 0.0654787 0.0803717 0.0804586 0.0521449 0.0764131 0.0360495 0.0338956 0.0964812 0.0479859 0.0659696 0.0270993 0.0571743 0.0699229 0.0317610 0.0317598 0.0828467 0.0548136 0.0498827 0.0698503 0.0641133 0.0642973 0.0502416 0.0665017 0.0270573 0.0226467 0.0549731 0.0715199 0.0555197 0.0597994 0.0475980 0.0547861 0.0385800 0.0206826 0.0695104 0.0427668 0.0497323 0.0899789 0.0478574 0.0247865 0.0642647 0.0495535 
S0345         0.1586911 0.0714586 0.0799114 0.1231399 0.0929346 0.0924119 0.1043016 0.0495404 0.1101282 0.1195753 0.1170596 0.1154078 0.0939207 0.0937804 0.0830973 0.0503762 0.0000000 0.1156201 0.0000010 0.0922391 0.0779271 0.0493309 0.0782108 0.0989495 0.1041679 0.0929513 0.0735615 0.0985549 0.1208173 0.0000010 0.0891701 0.0790266 0.0000010 0.1209664 0.0838563 0.0788151 0.0000010 0.0882613 0.0862304 0.1346363 0.0923327 0.1156308 0.0873739 0.1037293 0.0829938 0.0977180 0.0877004 0.0883048 0.0781164 0.0736405 0.1289068 0.0737366 0.0688234 0.0883840 0.1209376 0.0930811 0.0881895 0.0941519 0.0932010 0.1305363 0.0834950 0.1189003 0.1171816 0.0000010 0.0937061 0.1097675 0.0781394 0.1290878 0.0829938 0.1343060 0.0685104 0.0824485 0.0644339 0.1291753 0.0838002 0.0499557 0.1344426 0.0737168 0.0882855 0.0497222 0.0481716 0.0788751 0.0933005 0.1263371 0.0785704 0.1166522 0.0000010 0.1104130 0.1273702 0.0780376 0.1189491 0.0324724 0.0543306 0.1043766 0.0826823 0.0617801 0.0546306 0.0932952 0.0802956 0.0498653 0.0549247 0.1158163 0.0882656 0.1040652 0.0999078 0.0834950 0.0892041 0.0836680 0.0834950 0.0450042 0.0325126 0.0792278 0.0974303 0.0799037 0.0740068 0.0726947 0.0796537 0.0281728 0.0694954 0.1045100 0.0738320 0.0883840 0.1156398 0.0782645 0.0367635 0.0786933 0.1029982 
S0355         0.1785628 0.0900225 0.1089346 0.1153926 0.0969347 0.0985108 0.0932176 0.0895960 0.1207554 0.1256699 0.1091651 0.0121903 0.0708579 0.0951165 0.0917138 0.0776385 0.1156201 0.0000000 0.1267107 0.0900529 0.0822923 0.0827141 0.1356705 0.1054420 0.0896378 0.1027912 0.0814783 0.0971942 0.1210278 0.0717214 0.0976658 0.0943954 0.1086425 0.1100510 0.0927729 0.0927297 0.1021489 0.0693225 0.0044258 0.1508760 0.0996695 0.0039985 0.0872446 0.0994972 0.0761937 0.0929072 0.0785939 0.0813779 0.0745735 0.0845457 0.0705882 0.0898085 0.0954589 0.0892685 0.0268676 0.0939819 0.0787526 0.0892158 0.0912794 0.1470885 0.1003019 0.1200278 0.1355480 0.0519620 0.0640592 0.0952849 0.0742880 0.1209338 0.0761937 0.1314002 0.1018225 0.0943798 0.0957479 0.0756981 0.0966042 0.0794608 0.1286772 0.0878109 0.0874024 0.0720006 0.0711198 0.0845653 0.0920889 0.0100855 0.0955169 0.1057494 0.0653813 0.0060426 0.0080855 0.0899598 0.0732779 0.0983750 0.0876843 0.1176446 0.0805594 0.1031226 0.0798335 0.0932596 0.1038335 0.0827370 0.0828039 0.1156786 0.0873921 0.0866677 0.1066384 0.1005337 0.0976329 0.0803531 0.1031546 0.0770706 0.0821723 0.0881918 0.1082611 0.0934257 0.0929028 0.0850323 0.0823444 0.1018825 0.0938421 0.0977264 0.0739123 0.0840056 0.1113685 0.0763184 0.0847480 0.0899766 0.0836901 
S0376         2.2179515 1.4458806 0.0860115 0.0850526 0.1295371 0.0794145 0.0868701 0.0918417 0.0871552 0.1480461 0.0935985 0.1257382 0.1080348 0.0650742 0.0920337 0.0930555 0.0000010 0.1267107 0.0000000 0.0723348 0.0916920 0.1083182 0.1147848 0.0856218 0.0929320 0.0528000 0.0919386 0.0931680 0.1006121 0.1152191 0.1065793 0.0863893 0.0783021 0.0928915 0.0932999 0.0925928 0.0722040 0.0857245 0.1422309 0.1597881 0.1288172 0.1333812 0.0793909 0.0922708 0.0852084 0.0723348 0.0852084 0.0853693 0.0795844 0.0859015 0.0942518 0.0864023 0.0859015 0.0926716 0.1020267 0.0860096 0.0718849 0.0781989 0.0848419 0.0882313 0.1068972 0.1080337 0.1578602 0.1080348 0.1106346 0.0870100 0.0870470 0.1348712 0.0852084 0.1566821 0.0858586 0.0996927 0.0921912 0.1080348 0.0854939 0.0856888 0.1487170 0.0787967 0.0789054 0.0853206 0.0858099 0.0858457 0.0858457 0.1267107 0.1005015 0.0996865 0.1082035 0.1423139 0.1342689 0.0849664 0.0941522 0.1076976 0.0923913 1.1943237 0.0804612 0.0929536 0.0990135 0.0788174 0.1002651 0.0999365 0.0916483 0.1010093 0.0789054 0.0919767 0.1013720 0.1068972 0.0994040 0.0723348 0.1147482 0.0989622 0.0928586 0.0921407 0.0932340 0.0798860 0.0927483 0.0795247 0.0786829 0.1085350 0.1090466 0.0933756 0.0653233 0.0926716 0.1404794 0.0936550 0.0930365 0.0466896 0.0851426 
S0400         0.1528342 0.0473885 0.0614049 0.0722731 0.0590458 0.0204366 0.0595337 0.0518568 0.0370884 0.0867024 0.0692338 0.0877247 0.0810524 0.0496516 0.0517585 0.0545469 0.0922391 0.0900529 0.0723348 0.0000000 0.0245617 0.0398211 0.0933070 0.0638644 0.0522735 0.0561760 0.0539394 0.0615903 0.0739719 0.0722633 0.0615351 0.0229106 0.0162817 0.0718085 0.0496786 0.0449486 0.0108405 0.0428089 0.0803984 0.1222116 0.0608433 0.0871546 0.0225615 0.0637849 0.0448378 0.0100552 0.0470680 0.0472593 0.0408606 0.0470990 0.0758864 0.0449305 0.0566702 0.0567651 0.0768558 0.0590043 0.0563152 0.0543731 0.0564215 0.0739024 0.0592075 0.0924871 0.1148775 0.0657747 0.0716979 0.0645120 0.0520788 0.0963528 0.0448378 0.1037356 0.0497322 0.0590118 0.0591074 0.0811048 0.0379944 0.0449626 0.1011526 0.0141570 0.0313415 0.0471680 0.0369401 0.0403596 0.0425822 0.0926604 0.0543785 0.0645404 0.0658754 0.0928864 0.0955801 0.0224737 0.0786432 0.0666196 0.0476165 0.0602445 0.0206089 0.0344304 0.0565901 0.0268811 0.0666053 0.0477043 0.0499792 0.0675892 0.0313382 0.0566551 0.0669801 0.0593357 0.0518229 0.0141804 0.0616982 0.0518748 0.0519767 0.0247973 0.0663433 0.0381039 0.0543608 0.0205279 0.0425438 0.0696044 0.0670927 0.0521189 0.0449578 0.0519860 0.1032513 0.0473832 0.0543259 0.0541036 0.0517999 
S0405         0.1439852 0.0509412 0.0641520 0.0746048 0.0659866 0.0332740 0.0618008 0.0563171 0.0464389 0.0864414 0.0716953 0.0799862 0.0833814 0.0518639 0.0539694 0.0520405 0.0779271 0.0822923 0.0916920 0.0245617 0.0000000 0.0467695 0.0904843 0.0661311 0.0591492 0.0629613 0.0515591 0.0685847 0.0762859 0.0916065 0.0637955 0.0271435 0.0107018 0.0741237 0.0565173 0.0471373 0.0274762 0.0472370 0.0801298 0.1188138 0.0630777 0.0794719 0.0267294 0.0707909 0.0470220 0.0267527 0.0492576 0.0494578 0.0475895 0.0492903 0.0781922 0.0516483 0.0566126 0.0636828 0.0791909 0.0659401 0.0585393 0.0612517 0.0632951 0.0844871 0.0660458 0.0948857 0.1173705 0.0848983 0.0740098 0.0643230 0.0519300 0.0960831 0.0470220 0.1060933 0.0579907 0.0588750 0.0589702 0.0834351 0.0423209 0.0448601 0.1035052 0.0225301 0.0356079 0.0425566 0.0391553 0.0470042 0.0492536 0.0848506 0.0566104 0.0620747 0.0850278 0.0850547 0.0876913 0.0141236 0.0809663 0.0639970 0.0520747 0.0566680 0.0184487 0.0410740 0.0564595 0.0354053 0.0688925 0.0521699 0.0498640 0.0699105 0.0356041 0.0588929 0.0741091 0.0661895 0.0586384 0.0225685 0.0685793 0.0517558 0.0495051 0.0290019 0.0686216 0.0380181 0.0565922 0.0246945 0.0447172 0.0669350 0.0644484 0.0636852 0.0471467 0.0588247 0.1004353 0.0495875 0.0518311 0.0539490 0.0586120 
S0407sl       0.1176280 0.0465344 0.0377029 0.0401015 0.0467030 0.0471235 0.0280549 0.0467156 0.0623708 0.0716800 0.0326676 0.0775336 0.0664663 0.0280488 0.0256162 0.0446083 0.0493309 0.0827141 0.1083182 0.0398211 0.0467695 0.0000000 0.0835863 0.0302089 0.0445277 0.0682469 0.0278819 0.0540033 0.0669618 0.1082189 0.0212649 0.0477319 0.0591311 0.0420603 0.0281889 0.0397791 0.0531587 0.0396294 0.0806074 0.1141732 0.0535614 0.0824795 0.0469475 0.0538507 0.0348300 0.0446291 0.0370837 0.0372372 0.0351341 0.0236886 0.0711030 0.0259675 0.0328979 0.0444363 0.0668614 0.0514070 0.0440786 0.0467057 0.0488192 0.0841727 0.0470834 0.0746829 0.0917293 0.0859717 0.0619041 0.0545177 0.0420720 0.0832580 0.0348300 0.0936200 0.0182266 0.0540987 0.0494841 0.0738921 0.0426787 0.0327194 0.0910110 0.0423020 0.0447225 0.0396424 0.0127918 0.0214807 0.0258914 0.0853607 0.0328494 0.0373792 0.1012774 0.0855731 0.0883018 0.0444554 0.0739032 0.0545328 0.0423404 0.0766741 0.0424647 0.0408744 0.0468378 0.0447237 0.0398958 0.0400507 0.0400779 0.0399020 0.0494341 0.0466780 0.0062432 0.0471878 0.0303831 0.0400417 0.0495719 0.0467600 0.0398587 0.0471914 0.0280060 0.0426267 0.0306292 0.0374947 0.0376280 0.0574536 0.0571933 0.0375569 0.0325928 0.0396717 0.0909171 0.0420370 0.0422191 0.0567400 0.0418134 
S0412sl       0.2240214 0.1303221 0.0725847 0.1158740 0.1180110 0.0992814 0.1052320 0.1045125 0.0723963 0.0906292 0.0795292 0.1360565 0.1274730 0.0938369 0.0903262 0.0997954 0.0782108 0.1356705 0.1147848 0.0933070 0.0904843 0.0835863 0.0000000 0.1045040 0.1101525 0.1201723 0.0848569 0.1183468 0.0906577 0.1126418 0.1018838 0.0889423 0.0715077 0.1204412 0.0887726 0.0881560 0.0654817 0.0958351 0.1297801 0.1365246 0.0637914 0.1293970 0.0902588 0.1180274 0.0953489 0.0962831 0.0979395 0.0983779 0.0966304 0.0751749 0.1325954 0.0908761 0.0833589 0.0985187 0.1258559 0.1150666 0.0981918 0.1096177 0.1062898 0.1120521 0.1162545 0.1255895 0.1659681 0.0854967 0.1281709 0.1137487 0.0959990 0.1389482 0.0953489 0.1501891 0.0577556 0.1160541 0.1029702 0.1332423 0.0888852 0.0936226 0.1533218 0.0909860 0.0852972 0.0852657 0.0769131 0.0854253 0.0932445 0.1386996 0.0784125 0.1260649 0.1057951 0.1361449 0.1422578 0.0879269 0.1211362 0.1085780 0.1025612 0.1552827 0.0887288 0.0928412 0.1047986 0.0802685 0.0949912 0.0941669 0.0971246 0.1095885 0.0904826 0.1096510 0.1085730 0.1137286 0.0937050 0.0911848 0.1193608 0.1046087 0.0912741 0.0940989 0.1074550 0.0924668 0.0751972 0.0770863 0.0857771 0.1123941 0.1123191 0.1051065 0.0902696 0.0987670 0.1570185 0.0880918 0.0940157 0.1048620 0.1062822 
S0417         0.1562279 0.0825222 0.0586132 0.0383847 0.0659597 0.0690427 0.0357305 0.0684777 0.0804754 0.0971039 0.0359929 0.1030813 0.0934257 0.0247803 0.0289349 0.0713911 0.0989495 0.1054420 0.0856218 0.0638644 0.0661311 0.0302089 0.1045040 0.0000000 0.0591246 0.0852916 0.0333510 0.0733511 0.0847363 0.0992263 0.0247643 0.0674698 0.0519128 0.0447885 0.0405096 0.0545402 0.0460919 0.0633797 0.1002472 0.1401729 0.0729144 0.1051473 0.0663821 0.0707398 0.0470021 0.0664439 0.0492369 0.0494369 0.0614912 0.0403380 0.0980773 0.0404473 0.0497106 0.0660257 0.0867292 0.0706636 0.0585281 0.0659313 0.0679732 0.1157667 0.0616580 0.0973159 0.1098741 0.0843580 0.0863868 0.0715901 0.0566005 0.1145929 0.0470021 0.1221576 0.0411036 0.0712118 0.0691892 0.1010593 0.0647343 0.0566340 0.1194940 0.0617071 0.0618789 0.0635576 0.0210195 0.0359309 0.0381322 0.1081330 0.0429323 0.0402931 0.0925048 0.1084022 0.1111958 0.0638055 0.1010430 0.0765824 0.0665486 0.1128358 0.0645077 0.0656839 0.0686526 0.0642134 0.0544733 0.0618679 0.0619128 0.0427123 0.0666129 0.0588685 0.0358561 0.0617922 0.0472637 0.0618270 0.0641716 0.0685395 0.0639018 0.0691404 0.0423791 0.0649725 0.0474355 0.0544594 0.0547040 0.0822740 0.0846376 0.0521329 0.0468878 0.0611379 0.1135768 0.0635096 0.0663303 0.0714710 0.0633009 
S0419         0.1535407 0.0785807 0.0280098 0.0746870 0.0312015 0.0572666 0.0571761 0.0639315 0.0831336 0.0966338 0.0670039 0.0899745 0.0806923 0.0499547 0.0471387 0.0597371 0.1041679 0.0896378 0.0929320 0.0522735 0.0591492 0.0445277 0.1101525 0.0591246 0.0000000 0.0757175 0.0493501 0.0614808 0.0840564 0.0782184 0.0498742 0.0603413 0.0460598 0.0713175 0.0500102 0.0546452 0.0402558 0.0248746 0.0772727 0.1152463 0.0704967 0.0893910 0.0593707 0.0589633 0.0101389 0.0594257 0.0121906 0.0163935 0.0272492 0.0473842 0.0658363 0.0404669 0.0570166 0.0563613 0.0765152 0.0589005 0.0562175 0.0539881 0.0563233 0.1101446 0.0335929 0.0818297 0.1065166 0.0581231 0.0713852 0.0692100 0.0519887 0.0902123 0.0101389 0.0977715 0.0524873 0.0664633 0.0718779 0.0757130 0.0648953 0.0521765 0.0952337 0.0547533 0.0618819 0.0498043 0.0324245 0.0359491 0.0403279 0.0895711 0.0524125 0.0600773 0.0718053 0.0924541 0.0951320 0.0568511 0.0732925 0.0671076 0.0592514 0.0966778 0.0551797 0.0633875 0.0640950 0.0549298 0.0670153 0.0573360 0.0573770 0.0700324 0.0618749 0.0206801 0.0550669 0.0336627 0.0472850 0.0501986 0.0358601 0.0639896 0.0593769 0.0620578 0.0616619 0.0603136 0.0546924 0.0499135 0.0570857 0.0775391 0.0725795 0.0472132 0.0472011 0.0516208 0.1004543 0.0426125 0.0617854 0.0741300 0.0514364 
S0427         0.1758030 0.0735958 0.0756675 0.1022891 0.0827357 0.0658569 0.0785885 0.0779065 0.0819475 0.1041590 0.0954389 0.1004369 0.0883407 0.0728805 0.0725629 0.0689174 0.0929513 0.1027912 0.0528000 0.0561760 0.0629613 0.0682469 0.1201723 0.0852916 0.0757175 0.0000000 0.0747933 0.0878563 0.1010894 0.0986486 0.0878311 0.0617367 0.0701800 0.0888336 0.0781922 0.0654707 0.0642626 0.0656511 0.0913396 0.1462407 0.0771726 0.1025045 0.0632540 0.0901015 0.0629991 0.0633120 0.0653023 0.0655709 0.0614251 0.0752689 0.0777378 0.0754339 0.0807293 0.0876734 0.0942148 0.0850410 0.0724890 0.0801818 0.0822154 0.1023795 0.0784159 0.1043891 0.1397493 0.0785413 0.0888297 0.0811864 0.0729772 0.1171571 0.0629991 0.1247257 0.0774105 0.0831283 0.0833324 0.0883973 0.0759796 0.0705726 0.1220528 0.0563503 0.0610873 0.0681306 0.0599710 0.0752866 0.0728492 0.1054667 0.0832469 0.0913837 0.0919698 0.1057282 0.1085034 0.0606759 0.0854266 0.0838074 0.0709838 0.0952825 0.0567314 0.0722159 0.0829690 0.0681490 0.0913928 0.0761389 0.0761285 0.0943043 0.0564475 0.0753905 0.0964366 0.0785897 0.0878044 0.0587690 0.0781775 0.0828305 0.0732301 0.0634195 0.0851015 0.0689254 0.0832236 0.0538205 0.0678273 0.0870430 0.0766907 0.0933624 0.0654447 0.0825140 0.1213723 0.0729946 0.0757068 0.0493520 0.0822094 
S0478         0.1336424 0.0662438 0.0496270 0.0476401 0.0560093 0.0589046 0.0357259 0.0607958 0.0744810 0.0860198 0.0433168 0.0817803 0.0728963 0.0290579 0.0245704 0.0565158 0.0735615 0.0814783 0.0919386 0.0539394 0.0515591 0.0278819 0.0848569 0.0333510 0.0493501 0.0747933 0.0000000 0.0654424 0.0812947 0.1054898 0.0290390 0.0526101 0.0577215 0.0495447 0.0270227 0.0516514 0.0518910 0.0467402 0.0742229 0.1205342 0.0581407 0.0812567 0.0563610 0.0629202 0.0376934 0.0564125 0.0398662 0.0378156 0.0494166 0.0269120 0.0773904 0.0269836 0.0358155 0.0560313 0.0735355 0.0628531 0.0465980 0.0582425 0.0602653 0.1027354 0.0517773 0.0838528 0.1009104 0.0904403 0.0732468 0.0659579 0.0468069 0.0925870 0.0376934 0.1024647 0.0327015 0.0657110 0.0567583 0.0874561 0.0593528 0.0492532 0.0999154 0.0518187 0.0542060 0.0514643 0.0145304 0.0226717 0.0290559 0.0840096 0.0271332 0.0449782 0.0987316 0.0842096 0.0868173 0.0538920 0.0849914 0.0614384 0.0588674 0.0915718 0.0521512 0.0554438 0.0609493 0.0542288 0.0405417 0.0519217 0.0543334 0.0474544 0.0588163 0.0491381 0.0380860 0.0518875 0.0335118 0.0473353 0.0541936 0.0608505 0.0493904 0.0589866 0.0377580 0.0595679 0.0336289 0.0470712 0.0495738 0.0667741 0.0690615 0.0381115 0.0443867 0.0513193 0.1018369 0.0490929 0.0517105 0.0566100 0.0489356 
S0552sl       0.1394955 0.0782767 0.0762063 0.0927120 0.0660417 0.0667371 0.0786551 0.0588798 0.0857299 0.1045643 0.0852965 0.0975615 0.0880026 0.0685658 0.0703178 0.0640187 0.0985549 0.0971942 0.0931680 0.0615903 0.0685847 0.0540033 0.1183468 0.0733511 0.0614808 0.0878563 0.0654424 0.0000000 0.0974631 0.0988205 0.0637901 0.0699779 0.0649745 0.0894661 0.0663325 0.0686782 0.0518770 0.0541543 0.0912035 0.1303956 0.0752854 0.0969251 0.0637454 0.0228497 0.0561782 0.0689105 0.0584557 0.0586956 0.0546275 0.0588454 0.0827204 0.0543441 0.0688008 0.0449691 0.0838252 0.0185788 0.0290913 0.0164755 0.0164038 0.1042366 0.0762145 0.0944876 0.1068259 0.0775246 0.0785996 0.0452646 0.0292948 0.1062080 0.0561782 0.1163502 0.0608391 0.0338808 0.0738476 0.0880075 0.0770106 0.0544436 0.1137225 0.0641448 0.0686514 0.0563933 0.0483599 0.0542400 0.0565404 0.0895534 0.0688442 0.0818777 0.0921320 0.1000725 0.1027994 0.0662463 0.0855267 0.0763921 0.0569352 0.1082932 0.0596272 0.0682237 0.0613618 0.0642934 0.0791383 0.0523513 0.0523876 0.0898511 0.0686437 0.0683644 0.0717267 0.0763836 0.0661710 0.0595150 0.0788428 0.0612617 0.0589630 0.0668315 0.0758486 0.0674614 0.0664218 0.0591734 0.0637811 0.0795194 0.0769424 0.0637748 0.0312851 0.0448577 0.0894768 0.0542335 0.0637552 0.0788402 0.0446984 
S0558         0.1947863 0.0826968 0.0825504 0.1045957 0.0912495 0.0793556 0.0851681 0.0922344 0.0943971 0.0816456 0.1003867 0.1213680 0.1030374 0.0768324 0.0716018 0.0903262 0.1208173 0.1210278 0.1006121 0.0739719 0.0762859 0.0669618 0.0906577 0.0847363 0.0840564 0.1010894 0.0812947 0.0974631 0.0000000 0.1217867 0.0846913 0.0723302 0.0714554 0.0926086 0.0824361 0.0592700 0.0654326 0.0785426 0.1202777 0.1647885 0.0610681 0.1234524 0.0765815 0.0972128 0.0708909 0.0742862 0.0732545 0.0735614 0.0766813 0.0744592 0.1129683 0.0820564 0.0825814 0.0846606 0.1119010 0.0919384 0.0863619 0.0894611 0.0915295 0.1222002 0.0894715 0.1180084 0.1282194 0.1145511 0.0978004 0.0930755 0.0819830 0.1359024 0.0708909 0.1442540 0.0827198 0.0952693 0.0826598 0.1188091 0.0717378 0.0795587 0.1414421 0.0717836 0.0743479 0.0793519 0.0613274 0.0769213 0.0793706 0.1266491 0.0825751 0.0901181 0.1057257 0.1269773 0.1299444 0.0739005 0.1108382 0.1011601 0.0872181 0.1177971 0.0698170 0.0678586 0.0924761 0.0664529 0.0904818 0.0853517 0.0804064 0.1020290 0.0792294 0.0836898 0.0958556 0.0896748 0.0897327 0.0694690 0.0922263 0.0923170 0.0823253 0.0770101 0.0949723 0.0753150 0.0800599 0.0642963 0.0550793 0.0957316 0.1020149 0.0902770 0.0716520 0.0794377 0.1200739 0.0792929 0.0849065 0.0818959 0.0835235 
S0616         2.1108180 2.0876442 0.0780805 0.0849715 0.1131319 0.0793371 0.1005215 0.0852792 0.0870711 0.1557052 0.0935100 0.0647947 0.0392446 0.0650102 0.1055993 0.0718256 0.0000010 0.0717214 0.1152191 0.0722633 0.0916065 0.1082189 0.1126418 0.0992263 0.0782184 0.0986486 0.1054898 0.0988205 0.1217867 0.0000000 0.1064825 0.0863065 0.0782264 0.0793711 0.0932120 0.0857636 0.0721328 0.0713704 0.0782256 0.1315256 0.1360507 0.0711995 0.0519476 0.0978778 0.0709530 0.0722633 0.0709530 0.0775097 0.0649429 0.0858193 0.0277336 0.1001438 0.0858193 0.0651434 0.0337252 0.0985082 0.0837670 0.0837670 0.0904113 0.1248261 0.1053320 0.0978523 0.1403036 0.0392446 0.0400790 0.0927045 0.0927449 0.1086283 0.0709530 0.1291004 0.0857765 0.1053263 0.0907271 0.0392446 0.0854124 0.0856070 0.1217286 0.0787203 0.0710544 0.0647035 0.0857279 0.0857636 0.0857636 0.0715736 0.1004081 0.0859945 0.0164241 0.0782770 0.0716196 0.0848852 0.0334590 0.0922496 0.0857870 1.6252410 0.0665549 0.1066642 0.0585603 0.0787410 0.1001720 0.0932090 0.0851002 0.1009151 0.0710544 0.0774312 0.1012774 0.1053320 0.0857460 0.0722633 0.1130486 0.0841045 0.0781605 0.0920538 0.0931460 0.0866130 0.0926610 0.0715991 0.0774469 0.0929488 0.0865802 0.0932875 0.0708943 0.0651434 0.0852291 0.0712122 0.0783065 0.0988838 0.0583231 
S0624         0.1428204 0.0785783 0.0530728 0.0361774 0.0566070 0.0666772 0.0269368 0.0661937 0.0830859 0.0840618 0.0336791 0.0980368 0.0810256 0.0226691 0.0246935 0.0643127 0.0891701 0.0976658 0.1065793 0.0615351 0.0637955 0.0212649 0.1018838 0.0247643 0.0498742 0.0878311 0.0290390 0.0637901 0.0846913 0.1064825 0.0000000 0.0650853 0.0582339 0.0425685 0.0316706 0.0545077 0.0523517 0.0541056 0.0917602 0.1273515 0.0681921 0.0973943 0.0640370 0.0635959 0.0380842 0.0640965 0.0402803 0.0404434 0.0545781 0.0315377 0.0880765 0.0316227 0.0406640 0.0613144 0.0792825 0.0635279 0.0490839 0.0588647 0.0609075 0.1129105 0.0477390 0.0893598 0.1045508 0.0846296 0.0789684 0.0740324 0.0565874 0.1009253 0.0380842 0.1083246 0.0384511 0.0664234 0.0641786 0.0909641 0.0623725 0.0543945 0.1057347 0.0593795 0.0618437 0.0566471 0.0103322 0.0272111 0.0337270 0.1003141 0.0362338 0.0336830 0.0996570 0.1005612 0.1033036 0.0614788 0.0909470 0.0694073 0.0642571 0.1046285 0.0621538 0.0632844 0.0663628 0.0618699 0.0453099 0.0595907 0.0571464 0.0382712 0.0665745 0.0496575 0.0270151 0.0478416 0.0382954 0.0547905 0.0501504 0.0662535 0.0569515 0.0667714 0.0334202 0.0575300 0.0384319 0.0544777 0.0524072 0.0749632 0.0773059 0.0407715 0.0446405 0.0564867 0.1082814 0.0542155 0.0593426 0.0739525 0.0586414 
