73
PAFTOL_019361 0.0000000 0.2001753 0.2333005 0.2020167 0.2541721 0.1894749 0.3036024 0.2080203 0.2027721 0.2348444 0.1852425 0.2040750 0.2038980 0.2017356 0.2621728 0.1623485 0.2378865 0.2109237 0.2099317 0.2044259 0.2056137 0.2242238 0.2743617 0.2405313 0.2446796 0.2298335 0.2099317 0.1996317 0.2056137 0.2287726 0.1778870 0.1724376 0.2538665 0.2164889 0.1817490 0.1715126 0.2265878 0.2054709 0.2614567 0.2547003 0.2771167 0.2460216 0.1973472 0.2013878 0.2004530 0.2200229 0.2457719 0.1839315 0.2094513 0.2122532 0.2440947 0.2220678 0.2282409 0.1887055 0.2265878 0.2164889 0.2150103 0.1902443 0.2103807 0.1983914 0.1780656 0.1980002 0.2129639 0.2185849 0.2006084 0.2094175 0.1925463 0.2298184 0.1961272 0.2404103 0.2392807 0.1934086 0.1864719 
S0055         0.2001753 0.0000000 0.1015080 0.0922217 0.0627692 0.0776707 0.1214681 0.0911096 0.0999980 0.0709086 0.0832250 0.0363461 0.0692847 0.0685373 0.1118355 0.0683865 0.0698684 0.0357608 0.0296405 0.0558823 0.0676494 0.0698209 0.0791202 0.0617614 0.0625978 0.0421132 0.0296405 0.0990529 0.0676494 0.0989704 0.0832316 0.0798309 0.1240650 0.0638292 0.1217608 0.1124207 0.0707313 0.1082912 0.1426336 0.0902219 0.0856744 0.1163614 0.0233094 0.0756848 0.0920296 0.0358654 0.0979742 0.0775930 0.0433765 0.0360999 0.0623707 0.0555660 0.1143266 0.0295276 0.0707313 0.0638292 0.0743999 0.0296731 0.1332521 0.0825690 0.0233150 0.0836727 0.0361745 0.1085059 0.0359198 0.0549975 0.0641898 0.0916124 0.0765422 0.1387755 0.0885152 0.0919910 0.0761587 
S0281         0.2333005 0.1015080 0.0000000 0.1463003 0.0876767 0.1274536 0.1308454 0.1356621 0.1246631 0.0637373 0.1172829 0.0728355 0.1103226 0.1158930 0.1585801 0.1122773 0.1114960 0.0861985 0.0791094 0.1105890 0.0990678 0.0924942 0.0565990 0.1012964 0.0703161 0.0937418 0.0791094 0.1186839 0.0990678 0.1280264 0.1333528 0.1067262 0.1561159 0.0293211 0.1073705 0.1067504 0.0232416 0.1464529 0.1897924 0.0840419 0.1562342 0.1210757 0.0711561 0.1173448 0.1372032 0.0864546 0.0773459 0.1168600 0.0969548 0.0870755 0.0870902 0.1020936 0.1354325 0.0640304 0.0232416 0.0293211 0.0915570 0.0790835 0.1537949 0.1165933 0.0855619 0.1270403 0.0799637 0.1392549 0.1016706 0.0934942 0.1128580 0.1314939 0.1099734 0.1603979 0.0565699 0.1167840 0.1182460 
S0289         0.2020167 0.0922217 0.1463003 0.0000000 0.0930206 0.0432664 0.1848985 0.0292634 0.1072716 0.1113141 0.0762430 0.0862957 0.0236585 0.0550144 0.0755902 0.0673582 0.0840207 0.0848013 0.0778352 0.0361650 0.0493693 0.0792856 0.1500125 0.0848992 0.1011065 0.0922083 0.0778352 0.1066101 0.0493693 0.0720453 0.0904432 0.0575074 0.1363166 0.1190714 0.1019886 0.0859710 0.1109668 0.0829940 0.1339218 0.1396748 0.1031332 0.1245306 0.0841596 0.0234451 0.0295183 0.0850504 0.1407044 0.0848391 0.0776074 0.0856509 0.0858034 0.0710110 0.0918784 0.0847407 0.1109668 0.1190714 0.0696216 0.0924781 0.1147383 0.1062303 0.0841869 0.0231657 0.0762305 0.0885971 0.0999887 0.0775083 0.0785310 0.0841167 0.0625890 0.1548356 0.1503357 0.1069915 0.0692886 
S0293         0.2541721 0.0627692 0.0876767 0.0930206 0.0000000 0.0855565 0.1122630 0.0844464 0.1248830 0.0719691 0.0844674 0.0297846 0.0628430 0.0835542 0.1051322 0.0772281 0.0637010 0.0492200 0.0294350 0.0629848 0.0686096 0.0708483 0.1139526 0.0626413 0.0635023 0.0559029 0.0294350 0.1004193 0.0686096 0.1005033 0.0991303 0.0736516 0.1304120 0.0790835 0.1062179 0.0893884 0.0717850 0.1013581 0.1708355 0.1063944 0.1097756 0.1180324 0.0488942 0.0692319 0.0852952 0.0356129 0.0994699 0.0934913 0.0362946 0.0358440 0.0496853 0.0630642 0.1161383 0.0492126 0.0717850 0.0790835 0.0754676 0.0419339 0.1360993 0.0996452 0.0489078 0.0770808 0.0566452 0.1102435 0.0628555 0.0693108 0.0795706 0.1156883 0.0776774 0.1908361 0.1056789 0.1007801 0.0772821 
S0299         0.1894749 0.0776707 0.1274536 0.0432664 0.0855565 0.0000000 0.1759325 0.0362962 0.1171476 0.1024868 0.0856933 0.0645208 0.0175791 0.0847515 0.0686626 0.0693684 0.0699345 0.0634249 0.0567589 0.0298585 0.0427947 0.0865706 0.1411018 0.0706657 0.0934725 0.0704472 0.0567589 0.1177754 0.0427947 0.0722037 0.1006104 0.0662786 0.1278950 0.1109972 0.1037404 0.0873787 0.1030327 0.0927588 0.1617897 0.1397800 0.1032310 0.1368992 0.0629780 0.0234833 0.0366250 0.0636132 0.1324548 0.0948965 0.0565850 0.0640532 0.0784478 0.0639361 0.1022770 0.0634011 0.1030327 0.1109972 0.0627061 0.0706556 0.1163240 0.1077611 0.0629969 0.0299167 0.0714164 0.0809492 0.0777845 0.0846041 0.0883743 0.0930183 0.0787940 0.1672007 0.1207751 0.1084486 0.0783868 
S0308         0.3036024 0.1214681 0.1308454 0.1848985 0.1122630 0.1759325 0.0000000 0.1733358 0.2126246 0.0986808 0.1634722 0.0924368 0.1466476 0.1614163 0.1791187 0.1443757 0.1483820 0.1210931 0.1137438 0.1469975 0.1428075 0.1481729 0.1264593 0.1212225 0.0893990 0.1290082 0.1137438 0.1831581 0.1428075 0.1833837 0.1805080 0.1545504 0.1720706 0.1059473 0.2067379 0.1661757 0.1133575 0.1959991 0.2678413 0.1181568 0.1520619 0.1692217 0.1050547 0.1537153 0.1661439 0.1214358 0.1039249 0.1582664 0.1249933 0.1067756 0.1223757 0.1380263 0.1663416 0.1209401 0.1133575 0.1059473 0.1508026 0.1138960 0.2007201 0.1693901 0.1201319 0.1642950 0.1309089 0.1966954 0.1216682 0.1286569 0.1601232 0.2008323 0.1558794 0.2665598 0.1344242 0.1838778 0.1386413 
S0320         0.2080203 0.0911096 0.1356621 0.0292634 0.0844464 0.0362962 0.1733358 0.0000000 0.1059362 0.0949747 0.0620777 0.0778820 0.0173818 0.0676976 0.0678243 0.0592449 0.0758637 0.0765584 0.0697881 0.0295153 0.0422880 0.0854329 0.1389965 0.0766468 0.0855130 0.0695631 0.0697881 0.0977310 0.0422880 0.0640287 0.0821692 0.0500141 0.1260762 0.1094672 0.0930110 0.0775895 0.1016298 0.0749624 0.1485024 0.1378274 0.0948481 0.0995625 0.0760007 0.0172286 0.0231354 0.0767816 0.1306133 0.0765967 0.0695825 0.0773132 0.0774395 0.0631365 0.0693308 0.0765143 0.1016298 0.1094672 0.0619380 0.0839740 0.0907562 0.0814019 0.0760244 0.0170282 0.0848927 0.0730644 0.0912474 0.0835196 0.0638907 0.0831267 0.0619477 0.1451117 0.1392764 0.0980720 0.0553980 
S0335         0.2027721 0.0999980 0.1246631 0.1072716 0.1248830 0.1171476 0.2126246 0.1059362 0.0000000 0.1015383 0.0554521 0.1089860 0.1006695 0.0549811 0.1474654 0.0456660 0.1175204 0.0919316 0.0997892 0.1163449 0.0834842 0.0915995 0.1493841 0.1071823 0.1086112 0.1148649 0.0997892 0.0840269 0.0834842 0.1012648 0.0829937 0.0507586 0.1469951 0.1178819 0.0865435 0.0790655 0.1098396 0.0928741 0.0834372 0.1235091 0.0939123 0.1213354 0.1061958 0.0996130 0.1070356 0.1073736 0.1488695 0.0773620 0.1188749 0.1081465 0.1083764 0.0627558 0.0828083 0.0918555 0.1098396 0.1178819 0.0905338 0.0997549 0.1004914 0.0518954 0.1062326 0.0982122 0.0931705 0.1111347 0.1231034 0.0975430 0.0634633 0.0231713 0.0625227 0.1476739 0.1395845 0.0553888 0.0760521 
S0355         0.2348444 0.0709086 0.0637373 0.1113141 0.0719691 0.1024868 0.0986808 0.0949747 0.1015383 0.0000000 0.0632939 0.0509408 0.0787912 0.0777917 0.1081219 0.0786957 0.0795100 0.0433832 0.0502334 0.0789748 0.0768483 0.0794463 0.0807828 0.0707618 0.0057030 0.0637745 0.0502334 0.1020835 0.0768483 0.0942046 0.0933772 0.0749792 0.1450860 0.0499795 0.1042675 0.0986856 0.0433092 0.1041537 0.1536296 0.0487961 0.1020811 0.1213820 0.0564448 0.0854808 0.1030153 0.0570080 0.0557191 0.0876078 0.0658297 0.0574016 0.0714958 0.0712617 0.1033205 0.0568225 0.0433092 0.0499795 0.0766202 0.0569045 0.1056200 0.0754997 0.0564614 0.0940418 0.0575006 0.0866961 0.0710107 0.0776612 0.0580809 0.1008337 0.0718050 0.1427329 0.0657584 0.0859729 0.0564674 
S0376         0.1852425 0.0832250 0.1172829 0.0762430 0.0844674 0.0856933 0.1634722 0.0620777 0.0554521 0.0632939 0.0000000 0.0702088 0.0629256 0.0229792 0.1053189 0.0253052 0.0634425 0.0554512 0.0624041 0.0769736 0.0482757 0.0698737 0.1286895 0.0691107 0.0553458 0.0760278 0.0624041 0.0618081 0.0482757 0.0773074 0.0480066 0.0242545 0.1170614 0.0925772 0.0727683 0.0579219 0.0851254 0.0559695 0.1072160 0.1132243 0.0846835 0.0845941 0.0685431 0.0623124 0.0690420 0.0556134 0.1217430 0.0423762 0.0784741 0.0697047 0.0698098 0.0558802 0.0556276 0.0554377 0.0851254 0.0925772 0.0680485 0.0762483 0.0788621 0.0513668 0.0685637 0.0615044 0.0770645 0.0702456 0.0833471 0.0758401 0.0234922 0.0616792 0.0293938 0.1114540 0.1117559 0.0620096 0.0288708 
S0405         0.2040750 0.0363461 0.0728355 0.0862957 0.0297846 0.0645208 0.0924368 0.0778820 0.1089860 0.0509408 0.0702088 0.0000000 0.0565157 0.0694749 0.0984882 0.0619726 0.0569660 0.0237494 0.0056887 0.0566428 0.0551879 0.0569347 0.0900145 0.0492502 0.0432979 0.0299701 0.0056887 0.0928487 0.0551879 0.0855331 0.0844013 0.0663232 0.1259367 0.0577443 0.1070872 0.0901172 0.0508265 0.0944971 0.1531198 0.0842527 0.0942808 0.1100335 0.0236070 0.0628901 0.0786593 0.0114701 0.0775435 0.0786940 0.0178047 0.0000021 0.0430836 0.0495670 0.1006443 0.0237550 0.0508265 0.0577443 0.0618279 0.0173637 0.1288126 0.0837810 0.0236127 0.0705962 0.0303504 0.0946623 0.0363913 0.0557351 0.0650957 0.1002552 0.0635826 0.1729956 0.0821645 0.0857683 0.0632668 
S0417         0.2038980 0.0692847 0.1103226 0.0236585 0.0628430 0.0175791 0.1466476 0.0173818 0.1006695 0.0787912 0.0629256 0.0565157 0.0000000 0.0622824 0.0478064 0.0533277 0.0550818 0.0555793 0.0491353 0.0114480 0.0234180 0.0635414 0.1128927 0.0556449 0.0701008 0.0623386 0.0491353 0.0924300 0.0234180 0.0501089 0.0768054 0.0442804 0.1014587 0.0859604 0.0875176 0.0720278 0.0785841 0.0695573 0.1436200 0.1133430 0.0786512 0.1097034 0.0552047 0.0056304 0.0175303 0.0557420 0.1063971 0.0710980 0.0489848 0.0561180 0.0561912 0.0427700 0.0780090 0.0555657 0.0785841 0.0859604 0.0420027 0.0625206 0.1003547 0.0911694 0.0552205 0.0114659 0.0631705 0.0578361 0.0693817 0.0621893 0.0647917 0.0777098 0.0564165 0.1476638 0.1130868 0.0927564 0.0561412 
S0427         0.2017356 0.0685373 0.1158930 0.0550144 0.0835542 0.0847515 0.1614163 0.0676976 0.0549811 0.0777917 0.0229792 0.0694749 0.0622824 0.0000000 0.1041444 0.0316006 0.0627871 0.0549006 0.0617716 0.0761593 0.0478117 0.0691454 0.1270919 0.0683997 0.0692306 0.0752340 0.0617716 0.0611889 0.0478117 0.0764838 0.0475482 0.0302882 0.1156756 0.0915494 0.0719758 0.0573194 0.0841965 0.0554083 0.0911970 0.0971872 0.0852901 0.0902529 0.0678460 0.0616820 0.0683329 0.0550597 0.1203280 0.0419698 0.0776249 0.0689817 0.0690837 0.0553206 0.0612883 0.0548882 0.0841965 0.0915494 0.0673611 0.0754490 0.0846346 0.0582264 0.0678662 0.0608924 0.0691726 0.0927224 0.0824598 0.0750506 0.0360388 0.0480541 0.0230521 0.1123499 0.1104179 0.0613860 0.0413132 
S0478         0.2621728 0.1118355 0.1585801 0.0755902 0.1051322 0.0686626 0.1791187 0.0678243 0.1474654 0.1081219 0.1053189 0.0984882 0.0478064 0.1041444 0.0000000 0.0979266 0.0959426 0.0968125 0.0898740 0.0542577 0.0611828 0.1063905 0.1625550 0.0825200 0.0983139 0.1042185 0.0898740 0.1380799 0.0611828 0.0772919 0.1204353 0.0787040 0.1657385 0.1313646 0.1340971 0.1166173 0.1232914 0.1053020 0.1594718 0.1278113 0.1236261 0.1577561 0.0960729 0.0538600 0.0684623 0.0970871 0.1365819 0.1149959 0.0896259 0.0906103 0.0979467 0.0831072 0.1224265 0.0967271 0.1232914 0.1313646 0.0678505 0.1045127 0.1070619 0.1397269 0.0961043 0.0480155 0.1056837 0.0859902 0.1047695 0.1039497 0.1086088 0.1219577 0.0983941 0.2012135 0.1629133 0.1385938 0.0978838 
S0552sl       0.1623485 0.0683865 0.1122773 0.0673582 0.0772281 0.0693684 0.1443757 0.0592449 0.0456660 0.0786957 0.0253052 0.0619726 0.0533277 0.0316006 0.0979266 0.0000000 0.0688363 0.0390365 0.0537598 0.0606121 0.0457799 0.0691455 0.1337607 0.0608583 0.0692393 0.0608491 0.0537598 0.0456519 0.0457799 0.0772367 0.0250289 0.0062750 0.1218099 0.0939139 0.0546505 0.0398469 0.0857686 0.0387734 0.0940986 0.0998219 0.0950611 0.0759131 0.0531394 0.0527798 0.0598381 0.0610426 0.1004637 0.0257124 0.0618988 0.0614936 0.0615165 0.0539601 0.0605176 0.0390363 0.0857686 0.0939139 0.0671861 0.0685328 0.0762815 0.0494251 0.0531557 0.0520604 0.0693193 0.0857520 0.0761251 0.0680599 0.0191668 0.0534804 0.0188769 0.1135187 0.1150588 0.0537889 0.0387005 
S0558         0.2378865 0.0698684 0.1114960 0.0840207 0.0637010 0.0699345 0.1483820 0.0758637 0.1175204 0.0795100 0.0634425 0.0569660 0.0550818 0.0627871 0.0959426 0.0688363 0.0000000 0.0560132 0.0495058 0.0685970 0.0620637 0.0640698 0.1228161 0.0296040 0.0707006 0.0486273 0.0495058 0.1087286 0.0620637 0.0933953 0.0921294 0.0657080 0.1007091 0.0867699 0.1122174 0.0953794 0.0792979 0.0852476 0.1630723 0.1145157 0.0856136 0.1269539 0.0556318 0.0612982 0.0766020 0.0428870 0.1074724 0.0864180 0.0561197 0.0565611 0.0425992 0.0424618 0.1088966 0.0559988 0.0792979 0.0867699 0.0827385 0.0630293 0.1252496 0.0920988 0.0556478 0.0687792 0.0636915 0.1029123 0.0699673 0.0626921 0.0643111 0.1084719 0.0708484 0.1584560 0.1063844 0.0936541 0.0704900 
S0641         0.2109237 0.0357608 0.0861985 0.0848013 0.0492200 0.0634249 0.1210931 0.0765584 0.0919316 0.0433832 0.0554512 0.0237494 0.0555793 0.0549006 0.0968125 0.0390365 0.0560132 0.0000000 0.0174353 0.0557029 0.0542947 0.0559834 0.0960536 0.0484474 0.0361478 0.0294914 0.0174353 0.0686903 0.0542947 0.0766977 0.0545670 0.0511532 0.1236747 0.0636214 0.0802553 0.0650652 0.0567071 0.0628493 0.1334260 0.0757257 0.0926254 0.0840313 0.0232349 0.0618486 0.0773101 0.0234413 0.0832765 0.0632606 0.0303527 0.0235925 0.0489105 0.0487537 0.0841342 0.0233787 0.0567071 0.0636214 0.0608216 0.0295777 0.1103022 0.0672001 0.0232405 0.0694063 0.0298603 0.0853144 0.0358046 0.0548232 0.0502201 0.0838148 0.0490993 0.1390302 0.0804377 0.0700013 0.0488654 
S0643         0.2099317 0.0296405 0.0791094 0.0778352 0.0294350 0.0567589 0.1137438 0.0697881 0.0997892 0.0502334 0.0624041 0.0056887 0.0491353 0.0617716 0.0898740 0.0537598 0.0495058 0.0174353 0.0000000 0.0492441 0.0480062 0.0494830 0.0886585 0.0421625 0.0427133 0.0234659 0.0000010 0.0916338 0.0480062 0.0771523 0.0761611 0.0583138 0.1161321 0.0569364 0.1055747 0.0888827 0.0501220 0.0856998 0.1422933 0.0830662 0.0855023 0.1085418 0.0173346 0.0553630 0.0704662 0.0056180 0.0764543 0.0704946 0.0116185 0.0056528 0.0425607 0.0424235 0.0917776 0.0174411 0.0501220 0.0569364 0.0544502 0.0113383 0.1187406 0.0749425 0.0173386 0.0627466 0.0237572 0.0858332 0.0296759 0.0484693 0.0572468 0.0914277 0.0559498 0.1700637 0.0809378 0.0773613 0.0556790 
S0645sl       0.2044259 0.0558823 0.1105890 0.0361650 0.0629848 0.0298585 0.1469975 0.0295153 0.1163449 0.0789748 0.0769736 0.0566428 0.0114480 0.0761593 0.0542577 0.0606121 0.0685970 0.0557029 0.0492441 0.0000000 0.0357841 0.0777397 0.1131712 0.0693001 0.0702606 0.0624782 0.0492441 0.0926461 0.0357841 0.0569131 0.0769809 0.0580562 0.1017007 0.0861621 0.0952094 0.0868317 0.0787674 0.0837957 0.1610926 0.1136071 0.0936085 0.1258461 0.0553267 0.0172025 0.0297745 0.0558662 0.1066448 0.0712624 0.0490931 0.0562438 0.0700016 0.0560520 0.0927926 0.0490414 0.0787674 0.0861621 0.0420937 0.0626609 0.1159164 0.1073758 0.0423439 0.0233622 0.0633136 0.0648987 0.0695383 0.0760354 0.0578691 0.0924355 0.0702966 0.1480400 0.1133666 0.1080808 0.0699447 
S0673         0.2056137 0.0676494 0.0990678 0.0493693 0.0686096 0.0427947 0.1428075 0.0422880 0.0834842 0.0768483 0.0482757 0.0551879 0.0234180 0.0478117 0.0611828 0.0457799 0.0620637 0.0542947 0.0480062 0.0357841 0.0000000 0.0549114 0.1012591 0.0543574 0.0684247 0.0608829 0.0480062 0.0758646 0.0000010 0.0489335 0.0613580 0.0372725 0.1141354 0.0761050 0.0881221 0.0725077 0.0691087 0.0700042 0.1234442 0.1105071 0.0767106 0.0918033 0.0539385 0.0293229 0.0426719 0.0544502 0.1037416 0.0557322 0.0627466 0.0548086 0.0548770 0.0417929 0.0622741 0.0414901 0.0691087 0.0761050 0.0170220 0.0610568 0.1010441 0.0736739 0.0539535 0.0358576 0.0616746 0.0564411 0.0677414 0.0607408 0.0496427 0.0620413 0.0420820 0.1488145 0.1014149 0.0761193 0.0548288 
S0689         0.2242238 0.0698209 0.0924942 0.0792856 0.0708483 0.0865706 0.1481729 0.0854329 0.0915995 0.0794463 0.0698737 0.0569347 0.0635414 0.0691454 0.1063905 0.0691455 0.0640698 0.0559834 0.0494830 0.0777397 0.0549114 0.0000000 0.1025333 0.0560500 0.0706515 0.0628062 0.0494830 0.1000761 0.0549114 0.0933081 0.0840268 0.0659869 0.1091716 0.0697487 0.1150241 0.0976658 0.0628019 0.0792085 0.1168876 0.1143884 0.0855406 0.1073004 0.0556026 0.0700062 0.0717501 0.0561486 0.1073592 0.0783289 0.0647973 0.0565304 0.0566052 0.0424456 0.0838349 0.0489291 0.0628019 0.0697487 0.0750678 0.0629910 0.1118573 0.0833790 0.0556187 0.0779664 0.0492354 0.1028047 0.0632348 0.0234596 0.0649197 0.0835177 0.0632681 0.1594076 0.0946730 0.0853856 0.0704412 
S0720         0.2743617 0.0791202 0.0565990 0.1500125 0.1139526 0.1411018 0.1264593 0.1389965 0.1493841 0.0807828 0.1286895 0.0900145 0.1128927 0.1270919 0.1625550 0.1337607 0.1228161 0.0960536 0.0886585 0.1131712 0.1012591 0.1025333 0.0000000 0.1118612 0.0792724 0.1039573 0.0886585 0.1476784 0.1012591 0.1311542 0.1455358 0.1160557 0.1702628 0.0237673 0.1679176 0.1665864 0.0299279 0.1597177 0.2213596 0.1087420 0.1310077 0.1692732 0.0802457 0.1200946 0.1406221 0.0963447 0.1016505 0.1281780 0.1076682 0.0970585 0.1131652 0.1049812 0.1481806 0.0875612 0.0299279 0.0237673 0.0935509 0.0736643 0.1893590 0.1318556 0.0953052 0.1301097 0.0896573 0.1428017 0.0965287 0.1036709 0.1243844 0.1566592 0.1210748 0.1921783 0.0650256 0.1398643 0.1297679 
S0742         0.2405313 0.0617614 0.1012964 0.0848992 0.0626413 0.0706657 0.1212225 0.0766468 0.1071823 0.0707618 0.0691107 0.0492502 0.0556449 0.0683997 0.0825200 0.0608583 0.0296040 0.0484474 0.0421625 0.0693001 0.0543574 0.0560500 0.1118612 0.0000000 0.0624706 0.0550156 0.0421625 0.0988505 0.0543574 0.0841592 0.0830632 0.0581274 0.1061515 0.0777472 0.1134555 0.0964199 0.0705853 0.0929421 0.1504435 0.1045776 0.0628689 0.1161206 0.0481321 0.0619205 0.0774000 0.0485883 0.0977766 0.0634324 0.0567041 0.0489106 0.0355625 0.0354494 0.0990030 0.0484410 0.0705853 0.0777472 0.0742528 0.0551753 0.1104272 0.0823536 0.0481453 0.0694871 0.0557343 0.0930994 0.0618449 0.0548872 0.0562614 0.0986258 0.0625908 0.1791419 0.0961422 0.0843872 0.0622847 
S0748         0.2446796 0.0625978 0.0703161 0.1011065 0.0635023 0.0934725 0.0893990 0.0855130 0.1086112 0.0057030 0.0553458 0.0432979 0.0701008 0.0692306 0.0983139 0.0692393 0.0707006 0.0361478 0.0427133 0.0702606 0.0684247 0.0706515 0.0792724 0.0624706 0.0000000 0.0557506 0.0427133 0.1001407 0.0684247 0.0924356 0.0841069 0.0660768 0.1421177 0.0491224 0.1150665 0.0977370 0.0425756 0.0941627 0.1526223 0.0479800 0.0923618 0.1105952 0.0487622 0.0765824 0.0931837 0.0492308 0.0547705 0.0784138 0.0574862 0.0495615 0.0630946 0.0628911 0.0934548 0.0490790 0.0425756 0.0491224 0.0752654 0.0559143 0.1049578 0.0750389 0.0487758 0.0846928 0.0564890 0.0850863 0.0626837 0.0691223 0.0501285 0.0999099 0.0633544 0.1412467 0.0645626 0.0854659 0.0487802 
S0756         0.2298335 0.0421132 0.0937418 0.0922083 0.0559029 0.0704472 0.1290082 0.0695631 0.1148649 0.0637745 0.0760278 0.0299701 0.0623386 0.0752340 0.1042185 0.0608491 0.0486273 0.0294914 0.0234659 0.0624782 0.0608829 0.0628062 0.1039573 0.0550156 0.0557506 0.0000000 0.0234659 0.1063366 0.0608829 0.0914089 0.0902005 0.0723944 0.1318085 0.0706639 0.1216627 0.0963062 0.0636214 0.0935901 0.1589758 0.0972596 0.1002265 0.1240076 0.0293129 0.0686717 0.0845643 0.0295777 0.0905218 0.0846030 0.0367803 0.0297699 0.0555497 0.0553720 0.1064981 0.0294961 0.0636214 0.0706639 0.0675190 0.0358277 0.1347790 0.0747096 0.0293202 0.0764392 0.0361752 0.1006342 0.0421661 0.0614847 0.0710758 0.1060920 0.0694316 0.1887027 0.0959823 0.0916567 0.0690882 
S0763         0.2099317 0.0296405 0.0791094 0.0778352 0.0294350 0.0567589 0.1137438 0.0697881 0.0997892 0.0502334 0.0624041 0.0056887 0.0491353 0.0617716 0.0898740 0.0537598 0.0495058 0.0174353 0.0000010 0.0492441 0.0480062 0.0494830 0.0886585 0.0421625 0.0427133 0.0234659 0.0000000 0.0916338 0.0480062 0.0771523 0.0761611 0.0583138 0.1161321 0.0569364 0.1055747 0.0888827 0.0501220 0.0856998 0.1422933 0.0830662 0.0855023 0.1085418 0.0173346 0.0553630 0.0704662 0.0056180 0.0764543 0.0704946 0.0116185 0.0056528 0.0425607 0.0424235 0.0917776 0.0174411 0.0501220 0.0569364 0.0544502 0.0113383 0.1187406 0.0749425 0.0173386 0.0627466 0.0237572 0.0858332 0.0296759 0.0484693 0.0572468 0.0914277 0.0559498 0.1700637 0.0809378 0.0773613 0.0556790 
S0771         0.1996317 0.0990529 0.1186839 0.1066101 0.1004193 0.1177754 0.1831581 0.0977310 0.0840269 0.1020835 0.0618081 0.0928487 0.0924300 0.0611889 0.1380799 0.0456519 0.1087286 0.0686903 0.0916338 0.0926461 0.0758646 0.1000761 0.1476784 0.0988505 0.1001407 0.1063366 0.0916338 0.0000000 0.0758646 0.0929480 0.0478672 0.0577359 0.1352354 0.1090700 0.0576145 0.0576414 0.1012460 0.0693466 0.1407997 0.1303543 0.1350452 0.0907445 0.0979651 0.0914781 0.0987233 0.0990255 0.1393742 0.0561489 0.1099714 0.0997280 0.0849845 0.0847112 0.0908674 0.0767490 0.1012460 0.1090700 0.0827527 0.0916033 0.1175039 0.0893852 0.0835299 0.0902177 0.0926259 0.1105961 0.1143416 0.1060554 0.0500109 0.0905239 0.0554167 0.1470228 0.1298387 0.0910405 0.0686437 
S0894         0.2056137 0.0676494 0.0990678 0.0493693 0.0686096 0.0427947 0.1428075 0.0422880 0.0834842 0.0768483 0.0482757 0.0551879 0.0234180 0.0478117 0.0611828 0.0457799 0.0620637 0.0542947 0.0480062 0.0357841 0.0000010 0.0549114 0.1012591 0.0543574 0.0684247 0.0608829 0.0480062 0.0758646 0.0000000 0.0489335 0.0613580 0.0372725 0.1141354 0.0761050 0.0881221 0.0725077 0.0691087 0.0700042 0.1234442 0.1105071 0.0767106 0.0918033 0.0539385 0.0293229 0.0426719 0.0544502 0.1037416 0.0557322 0.0627466 0.0548086 0.0548770 0.0417929 0.0622741 0.0414901 0.0691087 0.0761050 0.0170220 0.0610568 0.1010441 0.0736739 0.0539535 0.0358576 0.0616746 0.0564411 0.0677414 0.0607408 0.0496427 0.0620413 0.0420820 0.1488145 0.1014149 0.0761193 0.0548288 
S0899         0.2287726 0.0989704 0.1280264 0.0720453 0.1005033 0.0722037 0.1833837 0.0640287 0.1012648 0.0942046 0.0773074 0.0855331 0.0501089 0.0764838 0.0772919 0.0772367 0.0933953 0.0766977 0.0771523 0.0569131 0.0489335 0.0933081 0.1311542 0.0841592 0.0924356 0.0914089 0.0771523 0.0929480 0.0489335 0.0000000 0.0847661 0.0594653 0.1351281 0.1021628 0.1146468 0.1062313 0.0944053 0.1022872 0.1622808 0.1221684 0.1102320 0.1266179 0.0834319 0.0431075 0.0646551 0.0843081 0.1232813 0.0860796 0.0944625 0.0848991 0.0850484 0.0703819 0.0932502 0.0840040 0.0944053 0.1021628 0.0554409 0.0771278 0.1374683 0.1079943 0.0834588 0.0569696 0.0779641 0.0299485 0.0991246 0.0911735 0.0796672 0.0928888 0.0705871 0.1935146 0.1109726 0.1086702 0.0702316 
S0959         0.1778870 0.0832316 0.1333528 0.0904432 0.0991303 0.1006104 0.1805080 0.0821692 0.0829937 0.0933772 0.0480066 0.0844013 0.0768054 0.0475482 0.1204353 0.0250289 0.0921294 0.0545670 0.0761611 0.0769809 0.0613580 0.0840268 0.1455358 0.0830632 0.0841069 0.0902005 0.0761611 0.0478672 0.0613580 0.0847661 0.0000000 0.0180158 0.1333540 0.1076364 0.0643476 0.0569526 0.0999336 0.0550670 0.1226823 0.1130353 0.1168737 0.0896256 0.0823573 0.0760415 0.0829695 0.0832084 0.1215333 0.0423834 0.0931685 0.0837839 0.0839278 0.0694868 0.0755450 0.0620521 0.0999336 0.1076364 0.0817545 0.0904598 0.1004272 0.0732218 0.0685714 0.0750335 0.0914554 0.0944287 0.0977904 0.0899716 0.0363924 0.0752646 0.0418482 0.1278814 0.1280092 0.0756768 0.0545219 
S0960         0.1724376 0.0798309 0.1067262 0.0575074 0.0736516 0.0662786 0.1545504 0.0500141 0.0507586 0.0749792 0.0242545 0.0663232 0.0442804 0.0302882 0.0787040 0.0062750 0.0657080 0.0511532 0.0583138 0.0580562 0.0372725 0.0659869 0.1160557 0.0581274 0.0660768 0.0723944 0.0583138 0.0577359 0.0372725 0.0594653 0.0180158 0.0000000 0.1230848 0.0894333 0.0603108 0.0456291 0.0817199 0.0440758 0.0966273 0.0875673 0.0984432 0.0732590 0.0576627 0.0438501 0.0504862 0.0653652 0.0958099 0.0376754 0.0662513 0.0658293 0.0659290 0.0515609 0.0510257 0.0443151 0.0817199 0.0894333 0.0573648 0.0726137 0.0589906 0.0471024 0.0647139 0.0432854 0.0734180 0.0671636 0.0799515 0.0650035 0.0312353 0.0440285 0.0243669 0.1261180 0.1092199 0.0509739 0.0370586 
S1052sl       0.2538665 0.1240650 0.1561159 0.1363166 0.1304120 0.1278950 0.1720706 0.1260762 0.1469951 0.1450860 0.1170614 0.1259367 0.1014587 0.1156756 0.1657385 0.1218099 0.1007091 0.1236747 0.1161321 0.1017007 0.1141354 0.1091716 0.1702628 0.1061515 0.1421177 0.1318085 0.1161321 0.1352354 0.1141354 0.1351281 0.1333540 0.1230848 0.0000000 0.1450284 0.1632891 0.1534656 0.1364188 0.1640078 0.1972540 0.1578404 0.1116661 0.1828820 0.1226191 0.1083608 0.1189302 0.1082077 0.1502979 0.1277910 0.1365512 0.1249408 0.1073176 0.0851881 0.1280866 0.1155389 0.1364188 0.1450284 0.1216676 0.1160902 0.1567644 0.1467957 0.1072300 0.1176929 0.0999406 0.1466010 0.1327347 0.1243305 0.0950519 0.1442472 0.1258792 0.1956578 0.1605384 0.1451806 0.1093496 
S1083         0.2164889 0.0638292 0.0293211 0.1190714 0.0790835 0.1109972 0.1059473 0.1094672 0.1178819 0.0499795 0.0925772 0.0577443 0.0859604 0.0915494 0.1313646 0.0939139 0.0867699 0.0636214 0.0569364 0.0861621 0.0761050 0.0697487 0.0237673 0.0777472 0.0491224 0.0706639 0.0569364 0.1090700 0.0761050 0.1021628 0.1076364 0.0894333 0.1450284 0.0000000 0.1246003 0.1238113 0.0055969 0.1190970 0.1818434 0.0757712 0.1280814 0.1275661 0.0496947 0.0926922 0.1106427 0.0638107 0.0692519 0.0923029 0.0729631 0.0642532 0.0785634 0.0783079 0.1252488 0.0562847 0.0055969 0.0000010 0.0690877 0.0435187 0.1560703 0.1005169 0.0631907 0.1014576 0.0575156 0.1121246 0.0639188 0.0704881 0.0877703 0.1247584 0.0856373 0.1796645 0.0362818 0.1094705 0.0933330 
S1128         0.1817490 0.1217608 0.1073705 0.1019886 0.1062179 0.1037404 0.2067379 0.0930110 0.0865435 0.1042675 0.0727683 0.1070872 0.0875176 0.0719758 0.1340971 0.0546505 0.1122174 0.0802553 0.1055747 0.0952094 0.0881221 0.1150241 0.1679176 0.1134555 0.1150665 0.1216627 0.1055747 0.0576145 0.0881221 0.1146468 0.0643476 0.0603108 0.1632891 0.1246003 0.0000000 0.0118781 0.1160178 0.0641772 0.1267071 0.1382068 0.1540570 0.0973048 0.1123409 0.0865977 0.0939735 0.1136691 0.1479504 0.0740873 0.1052690 0.1145361 0.0984157 0.0980825 0.0974583 0.0962741 0.1160178 0.1246003 0.1026349 0.1127931 0.0950887 0.0755850 0.1042878 0.0853820 0.1141785 0.1348347 0.1304922 0.1213118 0.0675062 0.0864259 0.0658756 0.1113430 0.1487180 0.0779872 0.0802093 
S1129sl       0.1715126 0.1124207 0.1067504 0.0859710 0.0893884 0.0873787 0.1661757 0.0775895 0.0790655 0.0986856 0.0579219 0.0901172 0.0720278 0.0573194 0.1166173 0.0398469 0.0953794 0.0650652 0.0888827 0.0868317 0.0725077 0.0976658 0.1665864 0.0964199 0.0977370 0.0963062 0.0888827 0.0576414 0.0725077 0.1062313 0.0569526 0.0456291 0.1534656 0.1238113 0.0118781 0.0000000 0.1153134 0.0500002 0.1094825 0.1209829 0.1254575 0.0810807 0.0955193 0.0712953 0.0703297 0.0965991 0.1302325 0.0661638 0.0886182 0.0973174 0.0819239 0.0816469 0.0811798 0.0808784 0.1153134 0.1238113 0.0947680 0.1045583 0.0793034 0.0596535 0.0955527 0.0703297 0.1058169 0.1257324 0.1126117 0.1039543 0.0596804 0.0711581 0.0512740 0.0946884 0.1390204 0.0632951 0.0579301 
S1177         0.2265878 0.0707313 0.0232416 0.1109668 0.0717850 0.1030327 0.1133575 0.1016298 0.1098396 0.0433092 0.0851254 0.0508265 0.0785841 0.0841965 0.1232914 0.0857686 0.0792979 0.0567071 0.0501220 0.0787674 0.0691087 0.0628019 0.0299279 0.0705853 0.0425756 0.0636214 0.0501220 0.1012460 0.0691087 0.0944053 0.0999336 0.0817199 0.1364188 0.0055969 0.1160178 0.1153134 0.0000000 0.1109637 0.1725522 0.0688153 0.1197471 0.1356654 0.0563161 0.0852499 0.1027061 0.0568762 0.0623706 0.0848889 0.0656649 0.0572678 0.0713149 0.0710821 0.1171363 0.0495541 0.0000010 0.0055969 0.0622173 0.0501076 0.1471722 0.1005169 0.0563325 0.0937740 0.0506242 0.1040388 0.0708328 0.0774607 0.0801989 0.1166783 0.0782736 0.1700578 0.0426421 0.1016134 0.0858215 
S1189         0.2054709 0.1082912 0.1464529 0.0829940 0.1013581 0.0927588 0.1959991 0.0749624 0.0928741 0.1041537 0.0559695 0.0944971 0.0695573 0.0554083 0.1053020 0.0387734 0.0852476 0.0628493 0.0856998 0.0837957 0.0700042 0.0792085 0.1597177 0.0929421 0.0941627 0.0935901 0.0856998 0.0693466 0.0700042 0.1022872 0.0550670 0.0440758 0.1640078 0.1190970 0.0641772 0.0500002 0.1109637 0.0000000 0.1271495 0.1409827 0.1290349 0.0997577 0.0921090 0.0688745 0.0620211 0.0931091 0.1338155 0.0638712 0.0854513 0.0937768 0.0939570 0.0787330 0.0849779 0.0780249 0.1109637 0.1190970 0.0914097 0.1007449 0.0926092 0.0831257 0.0921399 0.0614864 0.1019088 0.1208532 0.1084671 0.0853362 0.0508120 0.0846522 0.0495544 0.1357201 0.1411052 0.0851377 0.0628019 
S1201sl       0.2614567 0.1426336 0.1897924 0.1339218 0.1708355 0.1617897 0.2678413 0.1485024 0.0834372 0.1536296 0.1072160 0.1531198 0.1436200 0.0911970 0.1594718 0.0940986 0.1630723 0.1334260 0.1422933 0.1610926 0.1234442 0.1168876 0.2213596 0.1504435 0.1526223 0.1589758 0.1422933 0.1407997 0.1234442 0.1622808 0.1226823 0.0966273 0.1972540 0.1818434 0.1267071 0.1094825 0.1725522 0.1271495 0.0000000 0.1687650 0.1365942 0.1581369 0.1488975 0.1420012 0.1501829 0.1507175 0.2161479 0.1171523 0.1649817 0.1518568 0.1354077 0.1005278 0.1153303 0.1332244 0.1725522 0.1818434 0.1477101 0.1594278 0.1031635 0.0727777 0.1489551 0.1237627 0.1525823 0.1851146 0.1682295 0.1228505 0.1026476 0.0682430 0.1001430 0.1840438 0.2012828 0.0752385 0.1150278 
S1210         0.2547003 0.0902219 0.0840419 0.1396748 0.1063944 0.1397800 0.1181568 0.1378274 0.1235091 0.0487961 0.1132243 0.0842527 0.1133430 0.0971872 0.1278113 0.0998219 0.1145157 0.0757257 0.0830662 0.1136071 0.1105071 0.1143884 0.1087420 0.1045776 0.0479800 0.0972596 0.0830662 0.1303543 0.1105071 0.1221684 0.1130353 0.0875673 0.1578404 0.0757712 0.1382068 0.1209829 0.0688153 0.1409827 0.1687650 0.0000000 0.1247196 0.1496428 0.0752974 0.1201133 0.1308572 0.0901970 0.0292385 0.1232208 0.1004798 0.0908222 0.1057054 0.1053760 0.1469128 0.0758004 0.0688153 0.0757712 0.1030433 0.0830397 0.1614362 0.1314946 0.0892937 0.1295081 0.0766894 0.1326543 0.1049506 0.0970109 0.1088760 0.1302700 0.1062005 0.1617948 0.0930620 0.1308362 0.0909244 
S1211         0.2771167 0.0856744 0.1562342 0.1031332 0.1097756 0.1032310 0.1520619 0.0948481 0.0939123 0.1020811 0.0846835 0.0942808 0.0786512 0.0852901 0.1236261 0.0950611 0.0856136 0.0926254 0.0855023 0.0936085 0.0767106 0.0855406 0.1310077 0.0628689 0.0923618 0.1002265 0.0855023 0.1350452 0.0767106 0.1102320 0.1168737 0.0984432 0.1116661 0.1280814 0.1540570 0.1254575 0.1197471 0.1290349 0.1365942 0.1247196 0.0000000 0.1525502 0.0919020 0.0853461 0.0948479 0.0928982 0.1335383 0.0955538 0.1036720 0.0935633 0.0775292 0.0360065 0.1020902 0.0925471 0.1197471 0.1280814 0.0983881 0.1005205 0.1426868 0.1091182 0.0919328 0.0939150 0.0938845 0.1023912 0.1082298 0.0836208 0.0712732 0.0855736 0.0941804 0.1647370 0.1606748 0.1189254 0.0634472 
S1214sl       0.2460216 0.1163614 0.1210757 0.1245306 0.1180324 0.1368992 0.1692217 0.0995625 0.1213354 0.1213820 0.0845941 0.1100335 0.1097034 0.0902529 0.1577561 0.0759131 0.1269539 0.0840313 0.1085418 0.1258461 0.0918033 0.1073004 0.1692732 0.1161206 0.1105952 0.1240076 0.1085418 0.0907445 0.0918033 0.1266179 0.0896256 0.0732590 0.1828820 0.1275661 0.0973048 0.0810807 0.1356654 0.0997577 0.1581369 0.1496428 0.1525502 0.0000000 0.0850466 0.1085275 0.1161522 0.1163295 0.1592817 0.1004774 0.1284279 0.1171789 0.1016718 0.1067872 0.0413911 0.0855017 0.1356654 0.1275661 0.1143266 0.1086890 0.0961403 0.0837565 0.1150628 0.1069661 0.1258668 0.1392043 0.1165549 0.0837709 0.0871999 0.0976466 0.0844209 0.1523568 0.1325504 0.1009201 0.0919841 
S1235sl       0.1973472 0.0233094 0.0711561 0.0841596 0.0488942 0.0629780 0.1050547 0.0760007 0.1061958 0.0564448 0.0685431 0.0236070 0.0552047 0.0678460 0.0960729 0.0531394 0.0556318 0.0232349 0.0173346 0.0553267 0.0539385 0.0556026 0.0802457 0.0481321 0.0487622 0.0293129 0.0173346 0.0979651 0.0539385 0.0834319 0.0823573 0.0576627 0.1226191 0.0496947 0.1123409 0.0955193 0.0563161 0.0921090 0.1488975 0.0752974 0.0919020 0.0850466 0.0000000 0.0614251 0.0767404 0.0233026 0.0688229 0.0767729 0.0301634 0.0234520 0.0485888 0.0484340 0.0981152 0.0114337 0.0563161 0.0496947 0.0604134 0.0173529 0.1253476 0.0740517 0.0231042 0.0689135 0.0296772 0.0922620 0.0233363 0.0292883 0.0635237 0.0977447 0.0620836 0.1587775 0.0727516 0.0836560 0.0617827 
S1239         0.2013878 0.0756848 0.1173448 0.0234451 0.0692319 0.0234833 0.1537153 0.0172286 0.0996130 0.0854808 0.0623124 0.0628901 0.0056304 0.0616820 0.0538600 0.0527798 0.0612982 0.0618486 0.0553630 0.0172025 0.0293229 0.0700062 0.1200946 0.0619205 0.0765824 0.0686717 0.0553630 0.0914781 0.0293229 0.0431075 0.0760415 0.0438501 0.1083608 0.0926922 0.0865977 0.0712953 0.0852499 0.0688745 0.1420012 0.1201133 0.0853461 0.1085275 0.0614251 0.0000000 0.0173745 0.0620280 0.1131525 0.0703850 0.0551968 0.0624463 0.0625330 0.0489644 0.0772207 0.0618278 0.0852499 0.0926922 0.0480775 0.0688703 0.0993078 0.0901730 0.0614430 0.0113662 0.0695911 0.0643865 0.0757923 0.0685059 0.0641412 0.0769273 0.0558702 0.1459436 0.1203090 0.0917977 0.0556002 
S1251         0.2004530 0.0920296 0.1372032 0.0295183 0.0852952 0.0366250 0.1661439 0.0231354 0.1070356 0.1030153 0.0690420 0.0786593 0.0175303 0.0683329 0.0684623 0.0598381 0.0766020 0.0773101 0.0704662 0.0297745 0.0426719 0.0717501 0.1406221 0.0774000 0.0931837 0.0845643 0.0704662 0.0987233 0.0426719 0.0646551 0.0829695 0.0504862 0.1189302 0.1106427 0.0939735 0.0703297 0.1027061 0.0620211 0.1501829 0.1308572 0.0948479 0.1161522 0.0767404 0.0173745 0.0000000 0.0775374 0.1236419 0.0773487 0.0702571 0.0780797 0.0782094 0.0637451 0.0842681 0.0772641 0.1027061 0.1106427 0.0625225 0.0848122 0.1066806 0.0978589 0.0767646 0.0171708 0.0857505 0.0806944 0.0921705 0.0701717 0.0641412 0.0839480 0.0625325 0.1452586 0.1409108 0.0990715 0.0553570 
S1278         0.2200229 0.0358654 0.0864546 0.0850504 0.0356129 0.0636132 0.1214358 0.0767816 0.1073736 0.0570080 0.0556134 0.0114701 0.0557420 0.0550597 0.0970871 0.0610426 0.0428870 0.0234413 0.0056180 0.0558662 0.0544502 0.0561486 0.0963447 0.0485883 0.0492308 0.0295777 0.0056180 0.0990255 0.0544502 0.0843081 0.0832084 0.0653652 0.1082077 0.0638107 0.1136691 0.0965991 0.0568762 0.0931091 0.1507175 0.0901970 0.0928982 0.1163295 0.0233026 0.0620280 0.0775374 0.0000000 0.0835169 0.0775708 0.0175740 0.0113975 0.0490540 0.0488964 0.0991784 0.0234471 0.0568762 0.0638107 0.0609951 0.0171448 0.1268241 0.0825083 0.0233082 0.0696090 0.0299487 0.0932673 0.0359094 0.0549819 0.0641710 0.0988001 0.0627006 0.1605564 0.0884892 0.0845368 0.0623934 
S1315         0.2457719 0.0979742 0.0773459 0.1407044 0.0994699 0.1324548 0.1039249 0.1306133 0.1488695 0.0557191 0.1217430 0.0775435 0.1063971 0.1203280 0.1365819 0.1004637 0.1074724 0.0832765 0.0764543 0.1066448 0.1037416 0.1073592 0.1016505 0.0977766 0.0547705 0.0905218 0.0764543 0.1393742 0.1037416 0.1232813 0.1215333 0.0958099 0.1502979 0.0692519 0.1479504 0.1302325 0.0623706 0.1338155 0.2161479 0.0292385 0.1335383 0.1592817 0.0688229 0.1131525 0.1236419 0.0835169 0.0000000 0.1321178 0.0849076 0.0840950 0.0988238 0.0985128 0.1563298 0.0692815 0.0623706 0.0692519 0.0963498 0.0764303 0.1715099 0.1411210 0.0826867 0.1223794 0.0772485 0.1339042 0.0981244 0.0902920 0.1175306 0.1557262 0.0994440 0.1917139 0.0938854 0.1398976 0.0989229 
S1332         0.1839315 0.0775930 0.1168600 0.0848391 0.0934913 0.0948965 0.1582664 0.0765967 0.0773620 0.0876078 0.0423762 0.0786940 0.0710980 0.0419698 0.1149959 0.0257124 0.0864180 0.0632606 0.0704946 0.0712624 0.0557322 0.0783289 0.1281780 0.0634324 0.0784138 0.0846030 0.0704946 0.0561489 0.0557322 0.0860796 0.0423834 0.0376754 0.1277910 0.0923029 0.0740873 0.0661638 0.0848889 0.0638712 0.1171523 0.1232208 0.0955538 0.1004774 0.0767729 0.0703850 0.0773487 0.0775708 0.1321178 0.0000000 0.0874108 0.0781137 0.0782436 0.0637691 0.0699198 0.0563691 0.0848889 0.0923029 0.0762043 0.0848511 0.0947354 0.0672411 0.0629299 0.0694447 0.0857906 0.1033905 0.0922155 0.0843871 0.0305896 0.0696553 0.0361816 0.1221654 0.1038332 0.0700401 0.0489002 
S1369         0.2094513 0.0433765 0.0969548 0.0776074 0.0362946 0.0565850 0.1249933 0.0695825 0.1188749 0.0658297 0.0784741 0.0178047 0.0489848 0.0776249 0.0896259 0.0618988 0.0561197 0.0303527 0.0116185 0.0490931 0.0627466 0.0647973 0.1076682 0.0567041 0.0574862 0.0367803 0.0116185 0.1099714 0.0627466 0.0944625 0.0931685 0.0662513 0.1365512 0.0729631 0.1052690 0.0886182 0.0656649 0.0854513 0.1649817 0.1004798 0.1036720 0.1284279 0.0301634 0.0551968 0.0702571 0.0175740 0.0849076 0.0874108 0.0000000 0.0176874 0.0572727 0.0570844 0.1101415 0.0303564 0.0656649 0.0729631 0.0696090 0.0236540 0.1184168 0.0932192 0.0301711 0.0625592 0.0372598 0.1041122 0.0434328 0.0633887 0.0734064 0.1097088 0.0716506 0.1696323 0.0993667 0.0947273 0.0712843 
S1370         0.2122532 0.0360999 0.0870755 0.0856509 0.0358440 0.0640532 0.1067756 0.0773132 0.1081465 0.0574016 0.0697047 0.0000021 0.0561180 0.0689817 0.0906103 0.0614936 0.0565611 0.0235925 0.0056528 0.0562438 0.0548086 0.0565304 0.0970585 0.0489106 0.0495615 0.0297699 0.0056528 0.0997280 0.0548086 0.0848991 0.0837839 0.0658293 0.1249408 0.0642532 0.1145361 0.0973174 0.0572678 0.0937768 0.1518568 0.0908222 0.0935633 0.1171789 0.0234520 0.0624463 0.0780797 0.0113975 0.0840950 0.0781137 0.0176874 0.0000000 0.0493824 0.0492229 0.0998827 0.0235981 0.0572678 0.0642532 0.0548724 0.0172529 0.1277716 0.0831210 0.0234577 0.0700869 0.0301448 0.0939382 0.0361446 0.0553481 0.0646192 0.0994994 0.0631283 0.1809573 0.0891404 0.0851309 0.0628171 
S1375         0.2440947 0.0623707 0.0870902 0.0858034 0.0496853 0.0784478 0.1223757 0.0774395 0.1083764 0.0714958 0.0698098 0.0430836 0.0561912 0.0690837 0.0979467 0.0615165 0.0425992 0.0489105 0.0425607 0.0700016 0.0548770 0.0566052 0.1131652 0.0355625 0.0630946 0.0555497 0.0425607 0.0849845 0.0548770 0.0850484 0.0839278 0.0659290 0.1073176 0.0785634 0.0984157 0.0819239 0.0713149 0.0939570 0.1354077 0.1057054 0.0775292 0.1016718 0.0485888 0.0625330 0.0782094 0.0490540 0.0988238 0.0782436 0.0572727 0.0493824 0.0000000 0.0357757 0.1000811 0.0489034 0.0713149 0.0785634 0.0749937 0.0557123 0.1197813 0.0832743 0.0486023 0.0701935 0.0562828 0.0941194 0.0624559 0.0554187 0.0568207 0.0996958 0.0632177 0.1815841 0.0870306 0.0852812 0.0629053 
S1381         0.2220678 0.0555660 0.1020936 0.0710110 0.0630642 0.0639361 0.1380263 0.0631365 0.0627558 0.0712617 0.0558802 0.0495670 0.0427700 0.0553206 0.0831072 0.0539601 0.0424618 0.0487537 0.0424235 0.0560520 0.0417929 0.0424456 0.1049812 0.0354494 0.0628911 0.0553720 0.0424235 0.0847112 0.0417929 0.0703819 0.0694868 0.0515609 0.0851881 0.0783079 0.0980825 0.0816469 0.0710821 0.0787330 0.1005278 0.1053760 0.0360065 0.1067872 0.0484340 0.0489644 0.0637451 0.0488964 0.0985128 0.0637691 0.0570844 0.0492229 0.0357757 0.0000000 0.0693518 0.0487468 0.0710821 0.0783079 0.0611989 0.0555338 0.0962434 0.0677779 0.0484474 0.0561900 0.0561007 0.0788456 0.0622564 0.0415982 0.0432348 0.0555059 0.0494739 0.1718741 0.1046014 0.0705732 0.0492363 
S1449         0.2282409 0.1143266 0.1354325 0.0918784 0.1161383 0.1022770 0.1663416 0.0693308 0.0828083 0.1033205 0.0556276 0.1006443 0.0780090 0.0612883 0.1224265 0.0605176 0.1088966 0.0841342 0.0917776 0.0927926 0.0622741 0.0838349 0.1481806 0.0990030 0.0934548 0.1064981 0.0917776 0.0908674 0.0622741 0.0932502 0.0755450 0.0510257 0.1280866 0.1252488 0.0974583 0.0811798 0.1171363 0.0849779 0.1153303 0.1469128 0.1020902 0.0413911 0.0981152 0.0772207 0.0842681 0.0991784 0.1563298 0.0699198 0.1101415 0.0998827 0.1000811 0.0693518 0.0000000 0.0840754 0.1171363 0.1252488 0.0830131 0.1068051 0.0654190 0.0748384 0.0981482 0.0761797 0.1080348 0.1038224 0.1145127 0.0897584 0.0572436 0.0615796 0.0555093 0.1712124 0.1300380 0.0845316 0.0624046 
