102
PAFTOL_019361 0.0000000 0.6726071 0.6726071 0.6726071 0.6717522 0.6726071 0.6726071 1.1420356 1.1453326 1.0787193 0.7953198 2.5418786 1.0350385 0.6726071 0.9486012 0.6717522 1.3018283 0.6726071 0.6726071 0.6726071 0.6726071 0.7953198 1.3901263 0.8611648 0.5588384 0.6726071 0.6726071 0.6717522 0.6726071 0.7252748 0.6726071 1.1754106 0.6726071 0.6726071 0.5600134 0.7238889 0.7242169 0.6726071 0.6717522 0.7238879 0.8611648 0.6726071 1.3018283 0.6726071 0.7236563 0.7953198 0.8611648 1.0109020 0.8611648 0.0000010 0.8820245 0.6726071 0.6726071 1.1453326 1.0109020 1.0109020 0.6726071 0.6726071 0.6726071 0.8611648 0.7252748 0.6726071 1.0616385 0.6726071 0.6717522 0.8817636 0.6726071 0.6726071 1.1453326 0.6717522 0.6726071 0.6726071 0.6717522 0.5472185 0.6726071 0.7953198 0.6717522 0.6726071 0.6726071 0.6726071 0.6726071 0.6726071 1.3018283 0.6726071 0.6717522 0.6726071 0.7953198 0.8067769 0.6726071 0.6717522 0.6726071 0.6717522 0.6726071 0.6726071 0.6726071 0.8611648 0.7236563 0.0000010 0.7230568 0.6726071 0.6726071 0.7236563 
S0055         0.6726071 0.0000000 0.1014419 0.1066438 0.0409743 0.0938633 0.0862946 0.0607699 0.1150798 0.2097782 0.2131771 0.4992245 0.1105831 0.0414161 0.0344587 0.0199618 0.1249320 0.0789941 0.0866897 0.1113881 0.0553215 0.2066287 0.0755868 0.1250184 0.1334226 0.0941669 0.0483474 0.0199618 0.1278065 0.0947256 0.0645516 0.0354134 0.0943840 0.2175604 0.0703418 0.1943111 0.0339967 0.1113881 0.0279506 0.1153894 0.1336033 0.1026316 0.0842164 0.0858209 0.1020402 0.2116616 0.1263790 0.1087823 0.1457606 0.0000010 0.0885267 0.1226035 0.2442391 0.1167772 0.1472167 0.1392666 0.2197635 0.1291474 0.2175945 0.1187493 0.1542688 0.0337703 0.1686155 0.2036726 0.0202421 0.0559534 0.0932390 0.1269107 0.1162439 0.0270031 0.0934111 0.0959342 0.0341379 0.0285355 0.0202936 0.1139836 0.0413077 0.1121332 0.1111378 0.1023929 0.0267605 0.1195153 0.1087850 0.1066377 0.0347631 0.0558552 0.1031370 0.0716329 0.0784435 0.0341262 0.1853583 0.0336964 0.0551692 0.1011736 0.1247345 0.1252955 0.1029688 0.0000010 0.1198484 0.1031370 0.0485489 0.0938927 
S0278         0.6726071 0.1014419 0.0000000 0.1317365 0.1164084 0.0405381 0.0847621 0.1650935 0.0485547 0.2157231 0.1999655 0.4992245 0.0611712 0.1094545 0.1177736 0.1076718 0.0566021 0.1267427 0.0400066 0.1358980 0.1242883 0.1710046 0.0906516 0.1331518 0.1688053 0.0473232 0.0920022 0.1076718 0.0688821 0.1010458 0.1036465 0.1122717 0.1346342 0.1759805 0.1167967 0.1811647 0.1247710 0.1358980 0.1120544 0.1408555 0.1329338 0.1607825 0.0909602 0.0691378 0.0781255 0.1985739 0.1427544 0.1163586 0.1628501 0.0000010 0.1058142 0.1574402 0.1998451 0.1426097 0.1644807 0.1564352 0.1873226 0.1456151 0.1760073 0.1265241 0.1534691 0.1079054 0.1932531 0.1716148 0.1008145 0.1512113 0.1087166 0.0615540 0.0346459 0.1165850 0.1334942 0.0942098 0.1262826 0.0908400 0.1175398 0.0877585 0.1095528 0.1183370 0.1091400 0.0539654 0.1154853 0.1360632 0.0647143 0.1499067 0.1278275 0.0705491 0.1442609 0.1705087 0.0398058 0.1253113 0.1531235 0.1236372 0.1001697 0.1250993 0.1495860 0.1424526 0.0946082 0.0000010 0.1260898 0.1442609 0.1013066 0.1013999 
S0281         0.6726071 0.1066438 0.1317365 0.0000000 0.1141135 0.1511037 0.1240149 0.1648435 0.1765047 0.2932925 0.2517966 0.4992245 0.1600476 0.1071542 0.1247461 0.1050336 0.1404793 0.1334717 0.1331855 0.0557981 0.1226662 0.2600812 0.1330415 0.1401471 0.1557612 0.1414133 0.1062457 0.1050336 0.1613864 0.1423200 0.1244270 0.1286135 0.0635658 0.2376546 0.1228910 0.2414802 0.1228212 0.0557981 0.1188074 0.0576851 0.1581208 0.0790100 0.1335453 0.1318002 0.1327151 0.2499186 0.1417498 0.1400542 0.1627474 0.0000010 0.1187254 0.1039779 0.2665671 0.1299902 0.1710262 0.1656193 0.2381189 0.0788729 0.2251304 0.1414120 0.1415160 0.1052715 0.1980332 0.2343568 0.1066891 0.1411512 0.0980813 0.1893740 0.1497853 0.1142949 0.1323484 0.1182289 0.1331564 0.0957847 0.1069342 0.1202072 0.1151406 0.1357969 0.1345186 0.1507885 0.1131695 0.0631379 0.1418492 0.0958840 0.1259636 0.0823362 0.1258510 0.1520956 0.1324873 0.1233758 0.2460682 0.1216559 0.0879622 0.1235684 0.1577736 0.1504342 0.1148875 0.0000010 0.1217281 0.1258510 0.1060457 0.1240045 
S0282         0.6717522 0.0409743 0.1164084 0.1141135 0.0000000 0.1260850 0.1091534 0.0603214 0.1309682 0.2688033 0.2407039 0.4992245 0.1343104 0.0778455 0.0342266 0.0198314 0.1325113 0.0939590 0.1096659 0.1353235 0.0921722 0.2474126 0.0995204 0.1406222 0.1500795 0.1172973 0.0551821 0.0198314 0.1437556 0.1180012 0.0871045 0.0351680 0.1175984 0.2254660 0.0849531 0.2324304 0.0200002 0.1353235 0.0277597 0.1402391 0.1661914 0.1261698 0.1085631 0.0928417 0.1089419 0.2389802 0.1421539 0.1321074 0.1621458 0.0000010 0.1050877 0.1560665 0.2524146 0.1419773 0.1637630 0.1557523 0.2277390 0.1624340 0.2255012 0.1427229 0.1884512 0.0475845 0.1673257 0.2117229 0.0201087 0.0703984 0.1082725 0.1610543 0.1237877 0.0268241 0.1007765 0.1113967 0.0412787 0.0284665 0.0410820 0.1131503 0.0269952 0.1278986 0.1267594 0.1258410 0.0404001 0.1436857 0.1337343 0.1396391 0.0345271 0.0777322 0.1103726 0.0711351 0.0933054 0.0338982 0.1930507 0.0334747 0.0694072 0.1085918 0.1322961 0.1501592 0.0942194 0.0000010 0.1185895 0.1025347 0.0853442 0.1009660 
S0289         0.6726071 0.0938633 0.0405381 0.1511037 0.1260850 0.0000000 0.1108921 0.1460997 0.0573079 0.2184768 0.1900298 0.4992245 0.0627582 0.1027419 0.1108115 0.1010538 0.0736681 0.1199820 0.0410330 0.1290839 0.1176406 0.1732799 0.0674325 0.1249022 0.1714010 0.0485511 0.1183930 0.1010538 0.0706871 0.0787744 0.0968059 0.1051745 0.1113277 0.1877049 0.1101198 0.1834789 0.1181017 0.1290839 0.1049708 0.1338207 0.1328221 0.1367405 0.0676571 0.0480204 0.1027037 0.2010108 0.1343122 0.1162659 0.1540004 0.0000010 0.1347988 0.1591483 0.2125127 0.1536411 0.1555376 0.1475569 0.1994690 0.1387554 0.1877339 0.1264186 0.1732472 0.0856485 0.2186136 0.1835177 0.0939455 0.1444890 0.1181848 0.0548559 0.0504846 0.1004628 0.1436452 0.1131757 0.0999908 0.0921172 0.1191276 0.1236256 0.1191352 0.1386783 0.1287815 0.0553587 0.1088732 0.1374907 0.0823968 0.1424035 0.1110282 0.0790775 0.1638870 0.1637317 0.0408221 0.1186143 0.1291442 0.1170194 0.0780892 0.1350175 0.1601160 0.1423286 0.1121284 0.0000010 0.1193617 0.1638870 0.0946018 0.1107293 
S0292         0.6726071 0.0862946 0.0847621 0.1240149 0.1091534 0.1108921 0.0000000 0.1181547 0.1050627 0.2197944 0.1847552 0.4992245 0.1090960 0.1021689 0.0941337 0.0850274 0.1231536 0.0936581 0.0855507 0.1117515 0.1169713 0.1856417 0.1009097 0.1173330 0.1317869 0.0929247 0.1080789 0.0850274 0.1179869 0.1110910 0.1042425 0.0880395 0.1107153 0.2280971 0.0936626 0.1846059 0.1014064 0.1117515 0.0713040 0.1157744 0.1255347 0.1359480 0.1012635 0.0860814 0.0852562 0.1834607 0.1186083 0.0933120 0.1376699 0.0000010 0.1067193 0.1402410 0.2554521 0.1001423 0.1390452 0.1311346 0.2409801 0.1379386 0.2281329 0.0947772 0.1457642 0.0852099 0.1639028 0.2247071 0.0779460 0.1267860 0.0770977 0.1080426 0.1146021 0.0934903 0.1003414 0.0404736 0.1026200 0.0832756 0.1022694 0.0791831 0.1012184 0.0483424 0.0541767 0.1010280 0.0926148 0.1117480 0.1242763 0.1327411 0.0949754 0.0487615 0.1283176 0.1452186 0.0851257 0.1018344 0.2047800 0.1004871 0.0627384 0.0924713 0.1334476 0.1264471 0.0862052 0.0000010 0.1543520 0.1283176 0.1005639 0.0851428 
S0293         1.1420356 0.0607699 0.1650935 0.1648435 0.0603214 0.1460997 0.1181547 0.0000000 0.1767896 0.3157438 0.2748118 0.0000010 0.1473036 0.1026170 0.0295610 0.0366580 0.1790001 0.1105354 0.1390282 0.1591484 0.1101675 0.3048888 0.1199313 0.1619137 0.1737754 0.1293589 0.0934493 0.0366580 0.1561164 0.1486300 0.1038217 0.0221196 0.1389301 0.2865067 0.1105447 0.2840408 0.0525337 0.1591484 0.0146299 0.1591484 0.1712980 0.1486731 0.1296272 0.1375265 0.1473521 0.2889270 0.1638275 0.1435705 0.1864496 0.0000010 0.1478553 0.1932282 0.3087027 0.1648098 0.1688421 0.1601849 0.2897481 0.1591484 0.2865560 0.1645448 0.2298401 0.0680052 0.1877713 0.2718720 0.0293154 0.0844392 0.1105944 0.1981379 0.1691717 0.0288858 0.1263708 0.1207731 0.0445297 0.0478486 0.0691163 0.1582048 0.0524151 0.1603274 0.1374492 0.1575037 0.0598256 0.1685933 0.1807965 0.1746042 0.0293426 0.1024748 0.1495147 0.0952990 0.1202388 0.0442380 0.2582575 0.0520266 0.0927382 0.1350872 0.1735295 0.1726608 0.1307096 0.0000010 0.1685229 0.1495147 0.1008771 0.1289188 
S0299         1.1453326 0.1150798 0.0485547 0.1765047 0.1309682 0.0573079 0.1050627 0.1767896 0.0000000 0.2531581 0.2417101 0.0000010 0.0344106 0.1150027 0.1149576 0.1215300 0.0723750 0.1422722 0.0418224 0.1705636 0.1393725 0.2135050 0.1000661 0.1669260 0.1986243 0.0568372 0.1296320 0.1215300 0.0796888 0.1145984 0.1177077 0.1074489 0.1506723 0.2264238 0.1314210 0.2227754 0.1226538 0.1705636 0.1263555 0.1759598 0.1666471 0.1787815 0.1004141 0.0648382 0.1234385 0.2399122 0.1777826 0.1397308 0.1906089 0.0000010 0.1407266 0.1950157 0.2546004 0.1720412 0.2026871 0.1940095 0.2396868 0.1815375 0.2264606 0.1600351 0.1900725 0.1218083 0.2210774 0.2228849 0.1139668 0.1684352 0.1400400 0.0719082 0.0569584 0.1311733 0.1673901 0.1136842 0.1417336 0.1134795 0.1412220 0.1349692 0.1412282 0.1417877 0.1293882 0.0564429 0.1298700 0.1705647 0.0809323 0.1770095 0.1435757 0.0983460 0.1895236 0.1893449 0.0487602 0.1405865 0.1522093 0.1386051 0.1135548 0.1581163 0.1849343 0.1773971 0.1425084 0.0000010 0.1594630 0.1895236 0.1231720 0.1321873 
S0303         1.0787193 0.2097782 0.2157231 0.2932925 0.2688033 0.2184768 0.2197944 0.3157438 0.2531581 0.0000000 0.1057505 0.0000010 0.2369654 0.2404894 0.2421234 0.2356639 0.2562556 0.2315720 0.2283509 0.2192546 0.2374623 0.0379359 0.2073464 0.2701938 0.2432622 0.2619215 0.2594448 0.2356639 0.2937874 0.1873336 0.2007506 0.2339548 0.2371576 0.2699873 0.2486239 0.0211741 0.2586994 0.2192546 0.2590777 0.2281444 0.2282329 0.2692421 0.1984702 0.1962275 0.2304850 0.0567510 0.2838095 0.2277401 0.2896421 0.0000010 0.2307428 0.2781519 0.2889474 0.2504828 0.2649999 0.2720186 0.2844654 0.2313741 0.2700316 0.2276497 0.2628613 0.2162321 0.3557190 0.2420718 0.2397859 0.2722596 0.2386875 0.2826908 0.2556833 0.2481662 0.2392087 0.2463583 0.2623364 0.2242636 0.2504771 0.2398659 0.2715023 0.2204676 0.2650670 0.2053821 0.2253132 0.2291084 0.2375152 0.2700183 0.2447112 0.1807069 0.2653143 0.2872883 0.2474697 0.2490108 0.2751869 0.2560976 0.2037528 0.2391940 0.2145808 0.2615967 0.2392134 0.0000010 0.1976491 0.2872609 0.2505922 0.1997028 
S0308         0.7953198 0.2131771 0.1999655 0.2517966 0.2407039 0.1900298 0.1847552 0.2748118 0.2417101 0.1057505 0.0000000 0.4992245 0.2414821 0.2233374 0.2232981 0.2096641 0.2446513 0.2052980 0.2118773 0.1932700 0.2403352 0.0965297 0.2060773 0.2092725 0.2290298 0.2437217 0.2518826 0.2096641 0.2533873 0.1903643 0.2143148 0.2191195 0.2006690 0.3091647 0.2216563 0.0738819 0.2311720 0.1932700 0.2069066 0.2007630 0.1901965 0.2302672 0.1842510 0.1901563 0.2137744 0.0553607 0.2209100 0.1716364 0.2251424 0.0000010 0.2120988 0.2799060 0.3181899 0.2178209 0.2037252 0.2087511 0.3245167 0.2239413 0.3092147 0.1715483 0.2381120 0.2002362 0.3365999 0.2956160 0.2019457 0.2436778 0.2024537 0.2635522 0.2440988 0.2083029 0.2127035 0.2087168 0.2207915 0.2069442 0.2232413 0.2021438 0.2430283 0.1852597 0.2066502 0.2116796 0.1999334 0.2025450 0.2471485 0.2719768 0.2042673 0.1663007 0.2168464 0.2674358 0.2107837 0.2219660 0.2819752 0.2289227 0.1792123 0.2028570 0.1989839 0.2105187 0.2028560 0.0000010 0.1794970 0.2369186 0.2329674 0.1844627 
S0322         2.5418786 0.4992245 0.4992245 0.4992245 0.4992245 0.4992245 0.4992245 0.0000010 0.0000010 0.0000010 0.4992245 0.0000000 0.4051819 0.4992245 0.5258029 0.4992245 0.0000010 0.4992245 0.4992245 0.4992245 0.4992245 0.4992245 0.0000010 0.4992245 0.4992245 0.4992245 0.4992245 0.4992245 0.4992245 0.4992245 0.4992245 0.4055939 0.4992245 0.4992245 0.4992245 0.4992245 0.4992245 0.4992245 0.4992245 9.0000000 0.4992245 0.4992245 0.0000010 0.4992245 0.4992245 0.4992245 0.4992245 0.8751791 0.4992245 2.5418786 0.4992245 0.4992245 2.5418786 0.0000010 0.4992245 0.4992245 0.4992245 1.2681977 0.4992245 0.4992245 0.4992245 0.4992245 2.5418786 0.4992245 0.4992245 0.4992245 0.4992245 0.4992245 0.0000010 0.4992245 0.4992245 0.4992245 0.4992245 0.8751791 0.4992245 2.5418786 0.4992245 0.4992245 0.4992245 0.4992245 0.4992245 0.4992245 0.0000010 0.4992245 0.4992245 0.4992245 0.4992245 0.4992245 0.4992245 0.4992245 0.4992245 0.4992245 0.4992245 0.4992245 0.4992245 0.4992245 0.4992245 0.4992245 0.4992245 0.4992245 0.4992245 0.4992245 
S0327         1.0350385 0.1105831 0.0611712 0.1600476 0.1343104 0.0627582 0.1090960 0.1473036 0.0344106 0.2369654 0.2414821 0.4051819 0.0000000 0.1025788 0.0947838 0.1089214 0.0493752 0.1282561 0.0334256 0.1548980 0.1257461 0.2143310 0.0749280 0.1517211 0.1806884 0.0549429 0.1166225 0.1089214 0.0769838 0.1022282 0.1048887 0.1052078 0.1362406 0.2069877 0.1181689 0.2232314 0.1262395 0.1548980 0.1130498 0.1606868 0.1688917 0.1627240 0.0751794 0.0699251 0.1356776 0.2397490 0.1618472 0.1511493 0.1737007 0.7409710 0.1441377 0.1775570 0.2329449 0.1434236 0.1849139 0.1766551 0.2192564 0.1651348 0.2070199 0.1625144 0.1916084 0.1091603 0.2245060 0.2031805 0.1016785 0.1530240 0.1263274 0.0769838 0.0420069 0.1179526 0.1521224 0.1113377 0.1363156 0.1004350 0.1273429 0.1299673 0.1273500 0.1278365 0.1266980 0.0473447 0.1168281 0.1548975 0.0573463 0.1604892 0.1293674 0.0867907 0.1727479 0.1725864 0.0471659 0.1267927 0.1549780 0.1250805 0.1013325 0.1433812 0.1687521 0.1793192 0.1372465 0.3133426 0.1445582 0.1727479 0.1187404 0.1188269 
S0376         0.6726071 0.0414161 0.1094545 0.1071542 0.0778455 0.1027419 0.1021689 0.1026170 0.1150027 0.2404894 0.2233374 0.4992245 0.1025788 0.0000000 0.0714534 0.0551451 0.1251105 0.1028539 0.0868293 0.1117608 0.0410246 0.2067696 0.0757214 0.1171523 0.1340441 0.0943133 0.0781338 0.0551451 0.1365719 0.0948733 0.0723911 0.0734971 0.0947034 0.1981475 0.0935314 0.1944519 0.0704519 0.1117608 0.0652402 0.1157859 0.1253434 0.1029763 0.0843609 0.0859589 0.0941470 0.2217405 0.1184242 0.1089183 0.1183599 0.0000010 0.0706357 0.1314672 0.2236505 0.1001268 0.1476941 0.1309285 0.2001381 0.1210002 0.1981783 0.1188923 0.1455429 0.0552607 0.1783033 0.1941526 0.0559463 0.0942580 0.0857141 0.1365772 0.1164169 0.0629540 0.1015269 0.0881895 0.0789773 0.0514735 0.0560875 0.1059188 0.0785002 0.1042112 0.1032898 0.1025469 0.0623748 0.1199108 0.1262683 0.1153231 0.0721015 0.0414141 0.0953640 0.1114246 0.0863754 0.0707362 0.1855529 0.0698196 0.0554367 0.0935557 0.1168892 0.1181689 0.1033156 0.0000010 0.1118511 0.0953640 0.0342874 0.0785155 
S0400         0.9486012 0.0344587 0.1177736 0.1247461 0.0342266 0.1108115 0.0941337 0.0295610 0.1149576 0.2421234 0.2232981 0.5258029 0.0947838 0.0714534 0.0000000 0.0133376 0.1163192 0.0875921 0.0945699 0.1291415 0.0859061 0.2413302 0.0762403 0.1253328 0.1437561 0.1021247 0.0557979 0.0133376 0.1280123 0.1117494 0.0806431 0.0208978 0.1113682 0.2300302 0.0786269 0.2265360 0.0272627 0.1291415 0.0207114 0.1338853 0.1505068 0.1199681 0.0849542 0.1023434 0.1108775 0.2334160 0.1267002 0.1169705 0.1461439 0.5671860 0.1161826 0.1411325 0.2577255 0.1178704 0.1476075 0.1396356 0.2323926 0.1563730 0.2300667 0.1272043 0.1825803 0.0411601 0.1506701 0.2139912 0.0133377 0.0639644 0.1020571 0.1450359 0.1077423 0.0133376 0.1022487 0.0960714 0.0273682 0.0289644 0.0417742 0.1141623 0.0345062 0.1123051 0.1113063 0.1104880 0.0339706 0.1291415 0.1173899 0.1247006 0.0205988 0.0713437 0.1123592 0.0646417 0.0785464 0.0273661 0.2063102 0.0270199 0.0630546 0.1101878 0.1342714 0.1346206 0.0958897 0.2780421 0.1290623 0.1123592 0.0789917 0.0946813 
S0405         0.6717522 0.0199618 0.1076718 0.1050336 0.0198314 0.1010538 0.0850274 0.0366580 0.1215300 0.2356639 0.2096641 0.4992245 0.1089214 0.0551451 0.0133376 0.0000000 0.1229503 0.0703729 0.0854107 0.1097493 0.0690571 0.2130560 0.0744193 0.1152681 0.1228805 0.0927742 0.0476632 0.0000010 0.1177986 0.0933166 0.0636046 0.0136962 0.0930206 0.2139064 0.0620593 0.2005007 0.0131659 0.1097493 0.0067586 0.1136329 0.1396654 0.1011370 0.0829001 0.0845666 0.0926132 0.2081965 0.1165012 0.1071732 0.1351796 0.0000010 0.0955684 0.1290136 0.2399798 0.1149763 0.1365091 0.1287328 0.2160387 0.1354418 0.2139395 0.1169546 0.1603475 0.0264992 0.1393994 0.2001975 0.0000020 0.0479951 0.0843462 0.1343010 0.1144114 0.0065365 0.0844987 0.0867467 0.0201091 0.0139578 0.0268823 0.1041506 0.0199880 0.1024983 0.1016058 0.1008652 0.0196892 0.1177492 0.1240697 0.1131644 0.0134526 0.0550561 0.0938102 0.0484876 0.0698897 0.0132136 0.1823439 0.0130515 0.0473349 0.0920580 0.1150135 0.1242039 0.0782014 0.0000010 0.1096706 0.0938102 0.0623357 0.0772435 
S0407sl       1.3018283 0.1249320 0.0566021 0.1404793 0.1325113 0.0736681 0.1231536 0.1790001 0.0723750 0.2562556 0.2446513 0.0000010 0.0493752 0.1251105 0.1163192 0.1229503 0.0000000 0.1439782 0.0422971 0.1539637 0.1410138 0.2163393 0.1012679 0.1689100 0.2011387 0.0652582 0.1141097 0.1229503 0.0887225 0.0974427 0.1191309 0.1087304 0.1345029 0.1780011 0.1329735 0.2256005 0.1220265 0.1539637 0.1278869 0.1588241 0.1873115 0.1621421 0.0833339 0.0812680 0.1426762 0.2428126 0.1799171 0.1593009 0.2030195 0.0000010 0.1528586 0.1776472 0.2033776 0.1552756 0.2051930 0.1964185 0.1900431 0.1646540 0.1780298 0.1807037 0.1700931 0.1232348 0.2346991 0.1734257 0.1153065 0.1426697 0.1241894 0.0887232 0.0501772 0.1327206 0.1693849 0.1258159 0.1525766 0.1057960 0.1338804 0.1279277 0.1252386 0.1434829 0.1421337 0.0422392 0.1143196 0.1539631 0.0067329 0.1597820 0.1453134 0.0911268 0.1630477 0.1511405 0.0568573 0.1331059 0.1540466 0.1402295 0.1148843 0.1599954 0.1871347 0.1986554 0.1444051 0.0000010 0.1431811 0.1630477 0.1336560 0.1337574 
S0412sl       0.6726071 0.0789941 0.1267427 0.1334717 0.0939590 0.1199820 0.0936581 0.1105354 0.1422722 0.2315720 0.2052980 0.4992245 0.1282561 0.1028539 0.0875921 0.0703729 0.1439782 0.0000000 0.1034847 0.1207074 0.1177621 0.2193113 0.1016293 0.1181287 0.0893283 0.1111758 0.1023098 0.0703729 0.1377206 0.1118498 0.0566696 0.0814662 0.1114684 0.2400874 0.0338532 0.1958113 0.0863333 0.1207074 0.0725128 0.1251075 0.1431710 0.1369032 0.1019875 0.1024409 0.1274955 0.1849060 0.1194215 0.1098192 0.1299289 0.0000010 0.1052641 0.1680988 0.2683455 0.1180159 0.1400442 0.1320741 0.2533685 0.1474842 0.2401255 0.1114305 0.1826578 0.0705232 0.1582145 0.2262194 0.0714161 0.1111158 0.1021543 0.1551170 0.1349626 0.0785690 0.0855232 0.0955754 0.0953432 0.0432982 0.0870625 0.1131953 0.0862740 0.1113709 0.0946941 0.1197479 0.0778346 0.1290086 0.1453389 0.1512133 0.0645000 0.0791700 0.1374845 0.1290622 0.1029598 0.0866925 0.2063709 0.0855492 0.0781947 0.0931743 0.1426407 0.1442295 0.1122708 0.0000010 0.1554670 0.1374845 0.0935667 0.1108472 
S0417         0.6726071 0.0866897 0.0400066 0.1331855 0.1096659 0.0410330 0.0855507 0.1390282 0.0418224 0.2283509 0.2118773 0.4992245 0.0334256 0.0868293 0.0945699 0.0854107 0.0422971 0.1034847 0.0000000 0.1289728 0.1014821 0.1832274 0.0673943 0.1263474 0.1527309 0.0336800 0.0928747 0.0854107 0.0477074 0.0787274 0.0807531 0.0887491 0.1112423 0.1782473 0.0940940 0.1931083 0.1018781 0.1289728 0.0885813 0.1336987 0.1428755 0.1366184 0.0676186 0.0480000 0.1026296 0.2103813 0.1358836 0.1258730 0.1558434 0.0000010 0.1253818 0.1501320 0.2024798 0.1353625 0.1574151 0.1493428 0.1897582 0.1386287 0.1782747 0.1364317 0.1641435 0.0855949 0.1731385 0.1738817 0.0782959 0.1274015 0.0924713 0.0549115 0.0349844 0.0939202 0.1266729 0.0872910 0.1112878 0.0756254 0.1027494 0.1048232 0.1027577 0.1031494 0.1022457 0.0265408 0.0930365 0.1289704 0.0501483 0.1335537 0.1043477 0.0637989 0.1460888 0.1459469 0.0264423 0.1023103 0.1290330 0.1009502 0.0780433 0.1182971 0.1427738 0.1527052 0.1037995 0.0000010 0.1192656 0.1460888 0.0945375 0.0946072 
S0419         0.6726071 0.1113881 0.1358980 0.0557981 0.1353235 0.1290839 0.1117515 0.1591484 0.1705636 0.2192546 0.1932700 0.4992245 0.1548980 0.1117608 0.1291415 0.1097493 0.1539637 0.1207074 0.1289728 0.0000000 0.1268830 0.1973068 0.1109016 0.1355768 0.1423635 0.1369317 0.1274894 0.1097493 0.1561579 0.1208079 0.1039248 0.1330399 0.0265108 0.2105468 0.1190702 0.1841534 0.1271970 0.0000010 0.1234226 0.0000010 0.1614530 0.0474191 0.1112995 0.1111295 0.1283516 0.1830331 0.1370798 0.1269680 0.1395675 0.0000010 0.1456744 0.0699394 0.2370920 0.1167600 0.1472069 0.1506986 0.2230817 0.0197682 0.2105800 0.1376372 0.1477452 0.0940599 0.1905596 0.2067588 0.1114350 0.1368676 0.0869765 0.1831428 0.1631885 0.1188512 0.1112323 0.1058633 0.1373556 0.1010346 0.1200452 0.1157836 0.1365242 0.1138768 0.1214566 0.1459692 0.1177112 0.0064536 0.1554350 0.0630358 0.1303691 0.0719135 0.1300682 0.1558970 0.1283156 0.1277581 0.2173894 0.1260225 0.0775455 0.1030153 0.1352332 0.1626652 0.1029903 0.0000010 0.1096551 0.1300682 0.1198264 0.1115926 
S0427         0.6726071 0.0553215 0.1242883 0.1226662 0.0921722 0.1176406 0.1169713 0.1101675 0.1393725 0.2374623 0.2403352 0.4992245 0.1257461 0.0410246 0.0859061 0.0690571 0.1410138 0.1177621 0.1014821 0.1268830 0.0000000 0.2040092 0.0910406 0.1320463 0.1500650 0.1012846 0.0925071 0.0690571 0.1520228 0.1096729 0.0715500 0.0883645 0.1094650 0.1957066 0.1081199 0.1919938 0.0846948 0.1268830 0.0716235 0.1314590 0.1323405 0.1178967 0.0998943 0.1004756 0.1088322 0.2190486 0.1253208 0.1236745 0.1530180 0.0000010 0.0875180 0.1471906 0.2208136 0.1242372 0.1549887 0.1297531 0.1976519 0.1281740 0.1957367 0.1340051 0.1611675 0.0546506 0.1948842 0.2017086 0.0700620 0.1089656 0.0926021 0.1520300 0.1321939 0.0770836 0.1162456 0.1030589 0.0935060 0.0663090 0.0702359 0.1212726 0.0929482 0.1193058 0.1182513 0.1174156 0.0763758 0.1351361 0.1423204 0.1309290 0.0866841 0.0553205 0.1102384 0.1265215 0.1009567 0.0850403 0.2020741 0.0839389 0.0694204 0.1081471 0.1155552 0.1168290 0.1182921 0.0000010 0.1105453 0.1102384 0.0480878 0.0929608 
S0430         0.7953198 0.2066287 0.1710046 0.2600812 0.2474126 0.1732799 0.1856417 0.3048888 0.2135050 0.0379359 0.0965297 0.4992245 0.2143310 0.2067696 0.2413302 0.2130560 0.2163393 0.2193113 0.1832274 0.1973068 0.2040092 0.0000000 0.1768872 0.2157425 0.2115781 0.2164687 0.2375796 0.2130560 0.2486506 0.1414306 0.1883611 0.2370161 0.2162497 0.2570150 0.2263372 0.0074098 0.2368593 0.1973068 0.2364281 0.2058468 0.1843844 0.2499020 0.1544132 0.1503974 0.1964723 0.0606510 0.2288697 0.1839700 0.2206029 0.0000010 0.1771691 0.2708577 0.2790155 0.2223957 0.2340044 0.2268870 0.2743934 0.2098512 0.2591878 0.1723221 0.2295489 0.1928248 0.3553816 0.2439441 0.2170008 0.2507873 0.2051278 0.2260470 0.2157836 0.2258876 0.2164502 0.2121255 0.2278872 0.1993909 0.2281222 0.2049020 0.2500493 0.1861977 0.2316026 0.1608088 0.2023274 0.2076527 0.2187246 0.2620595 0.2330806 0.1457120 0.2317982 0.2871382 0.2025663 0.2266901 0.1603742 0.2343248 0.1718739 0.2055781 0.1809895 0.2288740 0.2182353 0.0000010 0.1734226 0.2543510 0.2044249 0.1651398 
S0478         1.3901263 0.0755868 0.0906516 0.1330415 0.0995204 0.0674325 0.1009097 0.1199313 0.1000661 0.2073464 0.2060773 0.0000010 0.0749280 0.0757214 0.0762403 0.0744193 0.1012679 0.1016293 0.0673943 0.1109016 0.0910406 0.1768872 0.0000000 0.1258125 0.1414034 0.0925629 0.0902150 0.0744193 0.1180515 0.0516682 0.0761031 0.0687096 0.0928093 0.1772344 0.0917471 0.1762638 0.0914153 0.1109016 0.0864288 0.1109016 0.1433093 0.1188756 0.0439009 0.0511442 0.1093413 0.1950173 0.1359048 0.1167918 0.1570874 0.0000010 0.1137713 0.1408233 0.1960018 0.1257795 0.1587679 0.1501965 0.1892271 0.1109016 0.1772629 0.1364856 0.1659016 0.0588382 0.1936363 0.1726547 0.0755870 0.1178671 0.1000366 0.1180548 0.0927647 0.0831586 0.1153035 0.0845454 0.1010710 0.0548062 0.0922339 0.1190941 0.1004247 0.1206446 0.1194968 0.0834275 0.0823373 0.1195667 0.1022037 0.1234821 0.0937376 0.0515504 0.1372518 0.1371090 0.0748284 0.0918194 0.1488306 0.0905388 0.0511942 0.1067447 0.1432010 0.1537356 0.1106654 0.0000010 0.0924394 0.1372518 0.0837322 0.0922759 
S0552sl       0.8611648 0.1250184 0.1331518 0.1401471 0.1406222 0.1249022 0.1173330 0.1619137 0.1669260 0.2701938 0.2092725 0.4992245 0.1517211 0.1171523 0.1253328 0.1152681 0.1689100 0.1181287 0.1263474 0.1355768 0.1320463 0.2157425 0.1258125 0.0000000 0.1411990 0.1422653 0.1496588 0.1152681 0.1615341 0.1268694 0.1114187 0.1206889 0.1343192 0.2358916 0.1084516 0.2230919 0.1325840 0.1355768 0.1197193 0.1405091 0.0751993 0.1603891 0.1177867 0.1171850 0.1073907 0.2300160 0.0264182 0.0606322 0.0407933 0.0000010 0.1328204 0.1929418 0.2635139 0.1159547 0.0780401 0.0632653 0.2488859 0.1627345 0.2359285 0.0617025 0.1616783 0.1155188 0.1955690 0.2326902 0.1081942 0.1593344 0.1004882 0.1793376 0.1596817 0.1145955 0.1248318 0.1033824 0.1244173 0.1070094 0.1337338 0.1216604 0.1418514 0.1196814 0.1024287 0.1429858 0.1231464 0.1439530 0.1705121 0.1853549 0.1255775 0.0778857 0.1270430 0.1788816 0.1257145 0.1331620 0.2229659 0.1313801 0.1000776 0.1165853 0.1159087 0.0611570 0.1007738 0.0000010 0.1709160 0.1270430 0.1170597 0.0917430 
S0558         0.5588384 0.1334226 0.1688053 0.1557612 0.1500795 0.1714010 0.1317869 0.1737754 0.1986243 0.2432622 0.2290298 0.4992245 0.1806884 0.1340441 0.1437561 0.1228805 0.2011387 0.0893283 0.1527309 0.1423635 0.1500650 0.2115781 0.1414034 0.1411990 0.0000000 0.1612231 0.1480777 0.1228805 0.1916667 0.1622827 0.0886657 0.1379591 0.1501637 0.2106780 0.0972272 0.1966622 0.1414791 0.1423635 0.1269443 0.1477981 0.1682576 0.1781002 0.1544184 0.1511287 0.1515121 0.2273530 0.1428255 0.1321974 0.1455222 0.0000010 0.1291027 0.2128685 0.2372371 0.1525558 0.1417257 0.1360245 0.2232194 0.1710474 0.2107113 0.1342534 0.1801556 0.1231644 0.2200164 0.2068918 0.1248601 0.1702543 0.1329529 0.2113211 0.1909294 0.1326280 0.1042531 0.1261234 0.1524302 0.0862727 0.1427861 0.1277145 0.1414077 0.1255352 0.1248994 0.1505554 0.1312994 0.1511825 0.2032012 0.1933693 0.1249342 0.0985526 0.1627904 0.1913730 0.1427824 0.1421382 0.2596902 0.1313017 0.0969399 0.0960531 0.1386227 0.1695722 0.1329655 0.0000010 0.1889347 0.1627904 0.1234738 0.1335045 
S0624         0.6726071 0.0941669 0.0473232 0.1414133 0.1172973 0.0485511 0.0929247 0.1293589 0.0568372 0.2619215 0.2437217 0.4992245 0.0549429 0.0943133 0.1021247 0.0927742 0.0652582 0.1111758 0.0336800 0.1369317 0.1012846 0.2164687 0.0925629 0.1422653 0.1612231 0.0000000 0.1002866 0.0927742 0.0626555 0.1030726 0.0883264 0.1050979 0.1189775 0.2089022 0.1016027 0.2253701 0.1094489 0.1369317 0.0881262 0.1419625 0.1339264 0.1446068 0.0928847 0.0704802 0.1022769 0.2419571 0.1438313 0.1336446 0.1641011 0.0000010 0.1341470 0.1584735 0.2351856 0.1437446 0.1371066 0.1292989 0.2213185 0.1295264 0.2089350 0.1444134 0.1724515 0.0929747 0.1850018 0.2051036 0.0856432 0.1352727 0.0936770 0.0626548 0.0425926 0.1014162 0.1344946 0.0868650 0.1190312 0.0834227 0.1103882 0.0962684 0.1103962 0.1108158 0.1017488 0.0477089 0.1004613 0.1369298 0.0737162 0.1418026 0.1121111 0.0710749 0.1542129 0.1540653 0.0335083 0.1099164 0.1563274 0.1084530 0.0853631 0.1260348 0.1589848 0.1607949 0.1034392 0.0000010 0.1457959 0.1542129 0.0863297 0.1021585 
S0641         0.6726071 0.0483474 0.0920022 0.1062457 0.0551821 0.1183930 0.1080789 0.0934493 0.1296320 0.2594448 0.2518826 0.4992245 0.1166225 0.0781338 0.0557979 0.0476632 0.1141097 0.1023098 0.0928747 0.1274894 0.0925071 0.2375796 0.0902150 0.1496588 0.1480777 0.1002866 0.0000000 0.0476632 0.1422900 0.1103724 0.0707414 0.0573585 0.1099803 0.1847252 0.0930426 0.2232287 0.0626253 0.1274894 0.0495128 0.1321089 0.1582560 0.1184553 0.1005667 0.1011072 0.1175126 0.2500626 0.1513011 0.1409842 0.1717885 0.0000010 0.0958121 0.1306956 0.2090310 0.1516241 0.1735122 0.1654117 0.1865423 0.1370182 0.1847534 0.1519132 0.1622269 0.0622060 0.1744727 0.1709185 0.0409720 0.0859172 0.1167610 0.1256099 0.1057127 0.0552705 0.1071271 0.1102790 0.0709015 0.0357400 0.0557041 0.1119966 0.0556353 0.1266004 0.1254838 0.1084780 0.0547668 0.1276453 0.1151390 0.1146454 0.0640728 0.0625399 0.1272398 0.1026768 0.1000879 0.0628738 0.2034570 0.0620675 0.0846902 0.1149189 0.1493075 0.1509830 0.1188465 0.0000010 0.1110653 0.1272398 0.0856584 0.1093952 
S0643         0.6717522 0.0199618 0.1076718 0.1050336 0.0198314 0.1010538 0.0850274 0.0366580 0.1215300 0.2356639 0.2096641 0.4992245 0.1089214 0.0551451 0.0133376 0.0000010 0.1229503 0.0703729 0.0854107 0.1097493 0.0690571 0.2130560 0.0744193 0.1152681 0.1228805 0.0927742 0.0476632 0.0000000 0.1177986 0.0933166 0.0636046 0.0136962 0.0930206 0.2139064 0.0620593 0.2005007 0.0131659 0.1097493 0.0067586 0.1136329 0.1396654 0.1011370 0.0829001 0.0845666 0.0926132 0.2081965 0.1165012 0.1071732 0.1351796 0.0000010 0.0955684 0.1290136 0.2399798 0.1149763 0.1365091 0.1287328 0.2160387 0.1354418 0.2139395 0.1169546 0.1603475 0.0264992 0.1393994 0.2001975 0.0000020 0.0479951 0.0843462 0.1343010 0.1144114 0.0065365 0.0844987 0.0867467 0.0201091 0.0139578 0.0268823 0.1041506 0.0199880 0.1024983 0.1016058 0.1008652 0.0196892 0.1177492 0.1240697 0.1131644 0.0134526 0.0550561 0.0938102 0.0484876 0.0698897 0.0132136 0.1823439 0.0130515 0.0473349 0.0920580 0.1150135 0.1242039 0.0782014 0.0000010 0.1096706 0.0938102 0.0623357 0.0772435 
S0645sl       0.6726071 0.1278065 0.0688821 0.1613864 0.1437556 0.0706871 0.1179869 0.1561164 0.0796888 0.2937874 0.2533873 0.4992245 0.0769838 0.1365719 0.1280123 0.1177986 0.0887225 0.1377206 0.0477074 0.1561579 0.1520228 0.2486506 0.1180515 0.1615341 0.1916667 0.0626555 0.1422900 0.1177986 0.0000000 0.1275646 0.1309430 0.1225656 0.1373424 0.2286309 0.1273113 0.2564320 0.1355337 0.1561579 0.1223228 0.1620361 0.1790378 0.1640402 0.1184732 0.0933756 0.1281800 0.2515486 0.1719408 0.1436523 0.1721990 0.0000010 0.1851996 0.1980456 0.2560514 0.1734431 0.1769412 0.1781758 0.2415435 0.1848569 0.2286670 0.1726589 0.2216906 0.1180600 0.2062697 0.2252480 0.1104703 0.1454328 0.1188215 0.0851220 0.0651570 0.1270779 0.1619677 0.1120484 0.1459205 0.1183125 0.1367341 0.1223626 0.1367405 0.1372661 0.1274919 0.0694524 0.1095872 0.1561576 0.0977304 0.1805225 0.1389371 0.1115043 0.1831687 0.1829995 0.0404554 0.1258666 0.1832359 0.1342793 0.1100851 0.1530415 0.1611424 0.1987820 0.1128814 0.0000010 0.1720489 0.1649571 0.1279109 0.1450308 
S0656sl       0.7252748 0.0947256 0.1010458 0.1423200 0.1180012 0.0787744 0.1110910 0.1486300 0.1145984 0.1873336 0.1903643 0.4992245 0.1022282 0.0948733 0.1117494 0.0933166 0.0974427 0.1118498 0.0787274 0.1208079 0.1096729 0.1414306 0.0516682 0.1268694 0.1622827 0.1030726 0.1103724 0.0933166 0.1275646 0.0000000 0.0968042 0.1060811 0.1033272 0.1974758 0.1022063 0.1422478 0.0926479 0.1208079 0.1058737 0.1252167 0.1434768 0.1284154 0.0137684 0.0477448 0.1191988 0.1803070 0.1364558 0.1263911 0.1565256 0.0000010 0.1350665 0.1590214 0.2228862 0.1446830 0.1581102 0.1500006 0.2095051 0.1303059 0.1975065 0.1370087 0.1530240 0.0780787 0.2289785 0.1934761 0.0947264 0.1361042 0.1101806 0.1275688 0.1074124 0.1020177 0.1353162 0.1049288 0.1021043 0.0839415 0.1110530 0.1324409 0.1190316 0.1302302 0.1290505 0.0941813 0.1010517 0.1291210 0.0983101 0.1422832 0.1127970 0.0714891 0.1551845 0.1353511 0.0938028 0.1105757 0.1378214 0.1090949 0.0706001 0.1267990 0.1516321 0.1533600 0.1205704 0.0000010 0.0939932 0.1551845 0.1026933 0.1027688 
S0689         0.6726071 0.0645516 0.1036465 0.1244270 0.0871045 0.0968059 0.1042425 0.1038217 0.1177077 0.2007506 0.2143148 0.4992245 0.1048887 0.0723911 0.0806431 0.0636046 0.1191309 0.0566696 0.0807531 0.1039248 0.0715500 0.1883611 0.0761031 0.1114187 0.0886657 0.0883264 0.0707414 0.0636046 0.1309430 0.0968042 0.0000000 0.0830072 0.0870886 0.1990625 0.0485763 0.1660009 0.0794818 0.1039248 0.0744051 0.1076580 0.1196868 0.1113950 0.0861740 0.0799275 0.1042310 0.1936553 0.1126487 0.1031163 0.1317838 0.0000010 0.0802138 0.1230614 0.2247442 0.1108656 0.1222322 0.1251078 0.2112150 0.1130245 0.1990936 0.1046379 0.1576774 0.0637411 0.1633480 0.1850269 0.0645516 0.0955747 0.0954300 0.1309477 0.1103466 0.0717341 0.0861829 0.0982481 0.0883971 0.0363105 0.0801552 0.1167918 0.0878549 0.1148511 0.0973188 0.0966200 0.0710595 0.1120063 0.1281244 0.1070391 0.0813917 0.0491911 0.1220148 0.1220136 0.0881474 0.0798125 0.1803331 0.0787544 0.0629377 0.0938999 0.1276583 0.1291224 0.0955681 0.0000010 0.1120914 0.1220148 0.0800255 0.0880312 
S0690         1.1754106 0.0354134 0.1122717 0.1286135 0.0351680 0.1051745 0.0880395 0.0221196 0.1074489 0.2339548 0.2191195 0.4055939 0.1052078 0.0734971 0.0208978 0.0136962 0.1087304 0.0814662 0.0887491 0.1330399 0.0883645 0.2370161 0.0687096 0.1206889 0.1379591 0.1050979 0.0573585 0.0136962 0.1225656 0.1060811 0.0830072 0.0000000 0.1146625 0.2258566 0.0808751 0.2221943 0.0280101 0.1330399 0.0139776 0.1380763 0.1550006 0.1235482 0.0773399 0.0966224 0.1141443 0.2293956 0.1304557 0.1203760 0.1506045 1.3252307 0.1104647 0.1455229 0.2539341 0.1195707 0.1521550 0.1439383 0.2282244 0.1612137 0.2258932 0.1309910 0.1883090 0.0422942 0.1434490 0.2115663 0.0136962 0.0657863 0.1050249 0.1398105 0.1001927 0.0136962 0.0884195 0.0898820 0.0281215 0.0298096 0.0429419 0.1176268 0.0351690 0.1156552 0.1052978 0.1048605 0.0348990 0.1330399 0.1097327 0.1285666 0.0209930 0.0733831 0.1157136 0.0665027 0.0725713 0.0281193 0.1922516 0.0277539 0.0648250 0.0963513 0.1214501 0.1386226 0.0987125 0.3861958 0.1235878 0.1157136 0.0728401 0.0974353 
S0720         0.6726071 0.0943840 0.1346342 0.0635658 0.1175984 0.1113277 0.1107153 0.1389301 0.1506723 0.2371576 0.2006690 0.4992245 0.1362406 0.0947034 0.1113682 0.0930206 0.1345029 0.1114684 0.1112423 0.0265108 0.1094650 0.2162497 0.0928093 0.1343192 0.1501637 0.1189775 0.1099803 0.0930206 0.1373424 0.1033272 0.0870886 0.1146625 0.0000000 0.2187668 0.1018709 0.2017941 0.1097338 0.0265108 0.0974209 0.0273627 0.1599417 0.0196405 0.0931317 0.0941661 0.1271543 0.1998029 0.1357957 0.1257952 0.1557342 0.0000010 0.1441278 0.0856310 0.2456183 0.1156310 0.1458108 0.1492388 0.2314314 0.0476525 0.2188012 0.1363430 0.1463396 0.0778416 0.1984847 0.2151743 0.0944205 0.1189161 0.0861811 0.1633805 0.1433789 0.1016836 0.1265940 0.1048647 0.1193397 0.0918041 0.1026879 0.1234413 0.1186210 0.1214054 0.1203151 0.1276478 0.1007244 0.0333261 0.1357608 0.0709266 0.1124081 0.0712554 0.1288402 0.1370995 0.1106800 0.1102035 0.1959072 0.1087335 0.0620725 0.1182257 0.1508910 0.1611323 0.1020420 0.0000010 0.1104413 0.1288402 0.1025028 0.1105584 
S0735         0.6726071 0.2175604 0.1759805 0.2376546 0.2254660 0.1877049 0.2280971 0.2865067 0.2264238 0.2699873 0.3091647 0.4992245 0.2069877 0.1981475 0.2300302 0.2139064 0.1780011 0.2400874 0.1782473 0.2105468 0.1957066 0.2570150 0.1772344 0.2358916 0.2106780 0.2089022 0.1847252 0.2139064 0.2286309 0.1974758 0.1990625 0.2258566 0.2187668 0.0000000 0.2365372 0.2305976 0.2359428 0.2105468 0.2153681 0.2190777 0.2559780 0.2392706 0.1915393 0.1855050 0.2175317 0.2720609 0.2277581 0.2452444 0.2515826 0.0000010 0.1888771 0.2370653 0.0133762 0.2440584 0.3009960 0.2692879 0.0065684 0.2225199 0.0000020 0.2603095 0.2360537 0.1951334 0.3079083 0.0000020 0.2079065 0.2241433 0.1865739 0.2286533 0.1852106 0.2257951 0.1937562 0.2128860 0.2496785 0.1889984 0.2278687 0.2061784 0.2180657 0.2125519 0.2308843 0.1575138 0.2039519 0.2004635 0.1797762 0.2166915 0.2300690 0.1384631 0.2180192 0.2711132 0.1864657 0.2170558 0.2639529 0.2336051 0.1769944 0.1834168 0.2351950 0.2689480 0.2306349 0.0000010 0.1893045 0.2180192 0.2076021 0.2076167 
S0742         0.5600134 0.0703418 0.1167967 0.1228910 0.0849531 0.1101198 0.0936626 0.1105447 0.1314210 0.2486239 0.2216563 0.4992245 0.1181689 0.0935314 0.0786269 0.0620593 0.1329735 0.0338532 0.0940940 0.1190702 0.1081199 0.2263372 0.0917471 0.1084516 0.0972272 0.1016027 0.0930426 0.0620593 0.1273113 0.1022063 0.0485763 0.0808751 0.1018709 0.2365372 0.0000000 0.2127741 0.0775221 0.1190702 0.0725137 0.1233529 0.1327934 0.1265678 0.0920632 0.0931564 0.1174817 0.2009368 0.1096185 0.1003850 0.1281492 0.0000010 0.1133946 0.1565933 0.2642374 0.1077240 0.1208677 0.1131381 0.2495669 0.1454487 0.2365743 0.1018283 0.1532582 0.0621893 0.1679290 0.2228128 0.0629612 0.1015457 0.0929054 0.1442122 0.1242218 0.0699720 0.1009887 0.0955805 0.0861847 0.0283437 0.0781631 0.1135431 0.0856676 0.1117077 0.0946990 0.1099101 0.0693292 0.1272544 0.1342042 0.1401186 0.0715795 0.0704955 0.1270844 0.1109385 0.0936229 0.0778365 0.1750640 0.0620391 0.0696442 0.1088199 0.1242392 0.1337570 0.1025872 0.0000010 0.1445275 0.1270844 0.1012338 0.1013073 
S0748         0.7238889 0.1943111 0.1811647 0.2414802 0.2324304 0.1834789 0.1846059 0.2840408 0.2227754 0.0211741 0.0738819 0.4992245 0.2232314 0.1944519 0.2265360 0.2005007 0.2256005 0.1958113 0.1931083 0.1841534 0.1919938 0.0074098 0.1762638 0.2230919 0.1966622 0.2253701 0.2232287 0.2005007 0.2564320 0.1422478 0.1660009 0.2221943 0.2017941 0.2305976 0.2127741 0.0000000 0.2225929 0.1841534 0.2216780 0.1915891 0.1929736 0.2223061 0.1545980 0.1622557 0.1948781 0.0349628 0.2357364 0.1925590 0.2405473 0.0000010 0.1756038 0.2516541 0.2479564 0.2082179 0.2280194 0.2340552 0.2416401 0.1956655 0.2306356 0.1924651 0.2239323 0.1815804 0.3313419 0.2160993 0.2039960 0.2354136 0.2030967 0.2456500 0.2122871 0.2123712 0.2035196 0.2096689 0.2257085 0.1849428 0.2143526 0.2134958 0.2347621 0.1851324 0.2174547 0.1712390 0.1904960 0.1937412 0.2279842 0.2433988 0.2081758 0.1466665 0.2154363 0.2475061 0.2118008 0.2130753 0.2379821 0.2203407 0.1698502 0.2035196 0.1705918 0.2042310 0.2035189 0.0000010 0.1610892 0.2361662 0.2041172 0.1651402 
S0756         0.7242169 0.0339967 0.1247710 0.1228212 0.0200002 0.1181017 0.1014064 0.0525337 0.1226538 0.2586994 0.2311720 0.4992245 0.1262395 0.0704519 0.0272627 0.0131659 0.1220265 0.0863333 0.1018781 0.1271970 0.0846948 0.2368593 0.0914153 0.1325840 0.1414791 0.1094489 0.0626253 0.0131659 0.1355337 0.0926479 0.0794818 0.0280101 0.1097338 0.2359428 0.0775221 0.2225929 0.0000000 0.1271970 0.0207287 0.1317949 0.1578594 0.1181870 0.0822722 0.0853060 0.1092555 0.2295238 0.1340245 0.1241763 0.1536600 0.0000010 0.1142772 0.1475332 0.2635465 0.1334102 0.1551905 0.1472280 0.2383334 0.1539416 0.2359797 0.1345580 0.1591768 0.0406104 0.1585490 0.2222443 0.0133489 0.0630739 0.1005873 0.1526335 0.1327369 0.0200333 0.1007732 0.1034869 0.0342503 0.0285587 0.0412074 0.1217856 0.0340439 0.1198026 0.1187397 0.1178749 0.0335229 0.1354705 0.1231297 0.1312357 0.0275014 0.0703453 0.1106938 0.0481414 0.0857332 0.0270026 0.1840548 0.0266661 0.0621893 0.1085860 0.1322809 0.1419585 0.0944949 0.0000010 0.1271185 0.1106938 0.0778765 0.0933209 
S0760         0.6726071 0.1113881 0.1358980 0.0557981 0.1353235 0.1290839 0.1117515 0.1591484 0.1705636 0.2192546 0.1932700 0.4992245 0.1548980 0.1117608 0.1291415 0.1097493 0.1539637 0.1207074 0.1289728 0.0000010 0.1268830 0.1973068 0.1109016 0.1355768 0.1423635 0.1369317 0.1274894 0.1097493 0.1561579 0.1208079 0.1039248 0.1330399 0.0265108 0.2105468 0.1190702 0.1841534 0.1271970 0.0000000 0.1234226 0.0000010 0.1614530 0.0474191 0.1112995 0.1111295 0.1283516 0.1830331 0.1370798 0.1269680 0.1395675 0.0000010 0.1456744 0.0699394 0.2370920 0.1167600 0.1472069 0.1506986 0.2230817 0.0197682 0.2105800 0.1376372 0.1477452 0.0940599 0.1905596 0.2067588 0.1114350 0.1368676 0.0869765 0.1831428 0.1631885 0.1188512 0.1112323 0.1058633 0.1373556 0.1010346 0.1200452 0.1157836 0.1365242 0.1138768 0.1214566 0.1459692 0.1177112 0.0064536 0.1554350 0.0630358 0.1303691 0.0719135 0.1300682 0.1558970 0.1283156 0.1277581 0.2173894 0.1260225 0.0775455 0.1030153 0.1352332 0.1626652 0.1029903 0.0000010 0.1096551 0.1300682 0.1198264 0.1115926 
