118
S0055       0.0000000 0.0709436 0.1323319 0.0772660 0.0434292 0.1353732 0.1344298 0.1160326 0.0361377 0.0643968 0.1237722 0.1050180 0.0800154 0.1114297 0.1431067 0.0968863 0.0707500 0.0350721 0.0517334 0.1595381 0.0532330 0.1225607 0.0610531 0.0851209 0.0786227 0.0905667 0.1091700 0.0870299 0.0671268 0.1021682 0.1446997 0.0512777 0.1400287 0.1203482 0.1249186 0.0568221 0.0414627 0.0779516 0.0975873 0.1570100 0.0606375 0.1012279 0.0517805 0.0639948 0.0349721 0.0645257 0.0641781 0.1213112 0.0850888 0.1231101 0.1209383 0.1524902 0.0940597 0.0844863 0.0973254 0.1041040 0.0594569 0.1008927 0.0609540 0.1144430 0.0932328 0.1318413 0.1628931 0.0612029 0.1322467 0.0953975 0.0814417 0.1191012 0.0642273 0.0843260 0.0324155 0.0514609 0.0982078 0.1327388 0.1215109 0.1241972 0.0660523 0.1161486 0.0867864 0.0839873 0.1055244 0.1503688 0.0377411 0.1140832 0.0684293 0.0349718 0.0383453 0.0333128 0.0983848 0.0469345 0.1078961 0.1106243 0.1130583 0.0405245 0.0699404 0.1382603 0.1045478 0.1259696 0.0348355 0.1018621 0.0985338 0.0615031 0.0378866 0.1485435 0.0376435 0.1366700 0.0516627 0.0465116 0.0709609 0.0868517 0.1248635 0.0825646 0.0957769 0.1132050 0.0654671 0.0556255 0.0961345 0.0743189 
S0196sl     0.0709436 0.0000000 0.1102358 0.0540809 0.0781073 0.1112113 0.1160832 0.1179917 0.0775915 0.0968160 0.1066923 0.0865441 0.0693881 0.0821326 0.1127124 0.0960842 0.0811558 0.0618044 0.0812375 0.1132182 0.0809366 0.1012156 0.0244636 0.0773017 0.0591933 0.0765060 0.0827251 0.0735960 0.1176073 0.0762488 0.1132558 0.0804345 0.1170110 0.0949483 0.0962658 0.0893551 0.0655946 0.0494304 0.0801910 0.1107631 0.0774740 0.0865035 0.0659985 0.0219296 0.0652950 0.0220962 0.0194599 0.1049639 0.0555964 0.0945111 0.0958164 0.1233805 0.0826050 0.0834696 0.0798611 0.0845725 0.0968297 0.0805724 0.0446029 0.0934280 0.0702053 0.1230625 0.1361902 0.0136582 0.0825669 0.0877207 0.0673413 0.1053694 0.0944096 0.1042782 0.0652777 0.0684120 0.0838047 0.1141764 0.1033138 0.0989218 0.0325445 0.0915122 0.0724783 0.0587885 0.0869499 0.1278779 0.0713548 0.0819036 0.0728760 0.0711701 0.0690907 0.0578261 0.1088260 0.0594495 0.0808525 0.1201532 0.1150455 0.0594817 0.0270297 0.0938798 0.0807854 0.1006080 0.0677891 0.0816169 0.1079983 0.0513843 0.0778831 0.1247945 0.0582972 0.1438760 0.0799023 0.0753763 0.0753540 0.0829877 0.0994124 0.0777216 0.0744202 0.1158556 0.0414634 0.0489608 0.1041916 0.0734489 
S0278       0.1323319 0.1102358 0.0000000 0.1270995 0.1155830 0.2674327 0.0328872 0.1525863 0.1178701 0.1342185 0.0253495 0.1310026 0.1217741 0.1406732 0.0417092 0.1195622 0.1375758 0.1139414 0.1196181 0.0423715 0.1474135 0.0223674 0.0911498 0.1375257 0.0507095 0.1310894 0.0477885 0.1375951 0.1736182 0.1340766 0.0257910 0.1204122 0.0304004 0.0617787 0.0672142 0.1482994 0.1203159 0.1193579 0.1270432 0.2089206 0.1495247 0.1366053 0.1222518 0.0914314 0.1041296 0.0922707 0.0914315 0.1414271 0.1231651 0.0644337 0.1635790 0.0835605 0.1309608 0.1368562 0.1498724 0.1669178 0.1530611 0.1335611 0.1187512 0.1550738 0.1235855 0.1745857 0.1943547 0.1041527 0.2189773 0.1550657 0.1194339 0.1602741 0.1363714 0.1421300 0.1088415 0.1437990 0.1228058 0.0281314 0.0705703 0.0668862 0.0949179 0.0608896 0.0101539 0.1289306 0.1460979 0.2094626 0.1038000 0.1494650 0.0988753 0.1088031 0.1225160 0.1080630 0.1488080 0.1060368 0.0456292 0.1598538 0.1639755 0.1173672 0.0945634 0.0179462 0.1296422 0.0773085 0.1082355 0.1293401 0.1327089 0.0885286 0.1180115 0.0363710 0.1008875 0.0840861 0.1118032 0.1180452 0.0993242 0.1156731 0.0605184 0.1320324 0.1352436 0.1541240 0.0917811 0.0962431 0.1537939 0.1222141 
S0281       0.0772660 0.0540809 0.1270995 0.0000000 0.0920132 0.1177481 0.1294208 0.1034607 0.0954998 0.1084687 0.1226845 0.1031375 0.0786005 0.1099057 0.1250271 0.0892776 0.0975660 0.0812651 0.0919310 0.1319129 0.0952803 0.1133348 0.0418746 0.0896679 0.0917984 0.0888414 0.1046708 0.0667172 0.1012333 0.0898034 0.1243725 0.0910560 0.1266703 0.1052163 0.1049780 0.1111579 0.0837115 0.0364082 0.0928614 0.1368225 0.0766962 0.0995975 0.0883019 0.0390923 0.0780458 0.0394099 0.0392026 0.0971492 0.0423473 0.1052514 0.1171452 0.1297307 0.0597244 0.0696924 0.0737768 0.0937030 0.1283198 0.0799156 0.0826330 0.1041930 0.0923196 0.0931439 0.1120940 0.0390501 0.1480528 0.0702240 0.0665978 0.1092561 0.0916391 0.1007238 0.0813086 0.0768406 0.0870893 0.1267807 0.1125208 0.1077485 0.0778375 0.1093916 0.0858396 0.0865308 0.1035992 0.1361705 0.0846011 0.0950075 0.0733481 0.0843707 0.0818739 0.0658532 0.0831785 0.0561138 0.0949865 0.0945489 0.0966123 0.0645324 0.0418608 0.1324401 0.0833918 0.1078256 0.0806452 0.0838668 0.0939719 0.0536462 0.0804373 0.1262208 0.0640631 0.1337163 0.0829905 0.0892495 0.0632379 0.0839561 0.1083177 0.0665089 0.0638443 0.1165997 0.0551486 0.0540886 0.0882330 0.0606182 
S0282       0.0434292 0.0781073 0.1155830 0.0920132 0.0000000 0.1485020 0.1140798 0.1070574 0.0228209 0.0618566 0.1235242 0.1030211 0.0947031 0.1094835 0.1184834 0.1066820 0.0750255 0.0197108 0.0298611 0.1476620 0.0609004 0.1065328 0.0530299 0.0771312 0.0726346 0.0950655 0.0975427 0.0980358 0.0905905 0.1217950 0.1308413 0.0402744 0.1187230 0.0956181 0.1136679 0.0638708 0.0225798 0.0886057 0.0955558 0.1604836 0.0648846 0.0958454 0.0462590 0.0559356 0.0144279 0.0563985 0.0560959 0.1282964 0.0928018 0.0983204 0.1172622 0.1243119 0.0953574 0.0954646 0.1088000 0.1279563 0.0664180 0.0998411 0.0679132 0.1196563 0.0977658 0.1489670 0.1712402 0.0586670 0.1247771 0.1069554 0.0792945 0.1243328 0.0652264 0.0790622 0.0144698 0.0571492 0.0894788 0.1122239 0.1178230 0.1130240 0.0731494 0.0953197 0.0658946 0.0987112 0.1035234 0.1485090 0.0169521 0.1157130 0.0713452 0.0169127 0.0331544 0.0447721 0.0930192 0.0476500 0.0926109 0.1052928 0.1040838 0.0378752 0.0618105 0.1244609 0.1035606 0.1261572 0.0143751 0.1008179 0.1001940 0.0592829 0.0433631 0.1270978 0.0353859 0.1383010 0.0432583 0.0532433 0.0749695 0.0816017 0.1084495 0.0936305 0.1005949 0.1317770 0.0639964 0.0597786 0.0964982 0.0850776 
S0288       0.1353732 0.1112113 0.2674327 0.1177481 0.1485020 0.0000000 0.2621235 0.1576049 0.1472277 0.1619137 0.3320245 0.0075098 0.0498164 0.0152458 0.3603171 0.1920674 0.1817334 0.1344343 0.1607657 0.2456867 0.1000092 0.2943438 0.1004118 0.1611215 0.0000010 0.0075098 0.2423949 0.0886077 0.1844933 0.0918067 0.2892209 0.1691345 0.2826938 0.1988390 0.2592784 0.1675882 0.1218952 0.1367776 0.0000010 0.0000010 0.1784226 0.0000010 0.1485020 0.1111487 0.1251747 0.1121370 0.1111487 0.1888721 0.1488345 0.1988390 0.0890378 0.2416936 0.1749084 0.1093259 0.1222705 0.1124479 0.1351466 0.1766548 0.0000010 0.0788497 0.0821784 0.2198368 0.1995892 0.0992189 0.0000010 0.1004860 0.1666913 0.0789520 0.1609143 0.1472207 0.1218952 0.1716634 0.1331322 0.3013865 0.2334168 0.2679092 0.0000010 0.2296036 0.2674327 0.0802804 0.0000020 0.0000010 0.1365932 0.0992563 0.1768973 0.1218952 0.1357589 0.1446441 0.1721379 0.1359135 0.2366970 0.1770812 0.1623388 0.1841767 0.1220562 0.2480979 0.1766548 0.2597339 0.1330649 0.1799547 0.1786989 0.1734680 0.1219878 0.2978527 0.1278219 0.2296205 0.1702984 0.1842931 0.1553780 0.1982205 0.2504359 0.1354868 0.1782016 0.1225668 0.1557058 0.1767608 0.1622717 0.1466628 
S0289       0.1344298 0.1160832 0.0328872 0.1294208 0.1140798 0.2621235 0.0000000 0.1585819 0.1207332 0.1422367 0.0445762 0.1402813 0.1222849 0.1446695 0.0499647 0.1216205 0.1397318 0.1165543 0.1217787 0.0628649 0.1521172 0.0275264 0.0934068 0.1357220 0.0552335 0.1313979 0.0534775 0.1396987 0.1817213 0.1446027 0.0365658 0.1263812 0.0411702 0.0710706 0.0736155 0.1502865 0.1225414 0.1215857 0.1274418 0.1817890 0.1394937 0.1367909 0.1244495 0.0937489 0.1063695 0.0946027 0.0940419 0.1415783 0.1217142 0.0675781 0.1696526 0.0936875 0.1256251 0.1332798 0.1586063 0.1746416 0.1570673 0.1435909 0.1107391 0.1618353 0.1341092 0.1915488 0.1991781 0.1071183 0.1595479 0.1508694 0.1175977 0.1663790 0.1385220 0.1543750 0.1114390 0.1419192 0.1292167 0.0331632 0.0770548 0.0732505 0.0982248 0.0708563 0.0259734 0.1349922 0.1460615 0.2046588 0.1060361 0.1559891 0.1115830 0.1110349 0.1192765 0.1178718 0.1612449 0.1002146 0.0642724 0.1679543 0.1635940 0.1196391 0.0968607 0.0372465 0.1401072 0.0839565 0.1104601 0.1353898 0.1446571 0.0976359 0.1202872 0.0474037 0.1032180 0.1014727 0.1067241 0.1316753 0.1120986 0.1289980 0.0667353 0.1341994 0.1302303 0.1618124 0.0981250 0.0985697 0.1558421 0.1207139 
S0292       0.1160326 0.1179917 0.1525863 0.1034607 0.1070574 0.1576049 0.1585819 0.0000000 0.1003803 0.1346406 0.1568382 0.1427961 0.1332055 0.1477729 0.1655002 0.1055643 0.1214775 0.0893238 0.1105205 0.1437888 0.1341900 0.1533274 0.0960668 0.1198126 0.1092419 0.1391291 0.1304875 0.0828669 0.1412378 0.1392987 0.1700523 0.0991621 0.1661679 0.1456631 0.1575002 0.1257803 0.1058544 0.1076286 0.1366385 0.1774275 0.1249339 0.1440375 0.1095755 0.0928468 0.0957081 0.0936577 0.0931249 0.1398043 0.1191594 0.1404545 0.1486719 0.1809659 0.1001099 0.0832100 0.0993970 0.1324031 0.1530450 0.1125835 0.1051207 0.1438122 0.1312564 0.1306550 0.1598159 0.0815063 0.1667771 0.1072296 0.0872319 0.1482667 0.1023655 0.0645501 0.0960367 0.1219984 0.0925993 0.1547319 0.1623334 0.1565227 0.1075236 0.1451785 0.0992395 0.1285125 0.1491724 0.1937212 0.0993928 0.1390101 0.0876644 0.0991240 0.1084252 0.1058575 0.0556355 0.0973686 0.1251517 0.0523095 0.0192692 0.1031183 0.0993598 0.1652164 0.1164253 0.1671407 0.0952479 0.1176525 0.0529818 0.0798130 0.0983123 0.1629599 0.0845307 0.2015644 0.0984147 0.1179633 0.0845262 0.0953062 0.1610480 0.1041561 0.1088264 0.1919020 0.0824860 0.0805097 0.1347676 0.0866722 
S0293       0.0361377 0.0775915 0.1178701 0.0954998 0.0228209 0.1472277 0.1207332 0.1003803 0.0000000 0.0670988 0.1170189 0.0989382 0.0981667 0.1099383 0.1209019 0.1022008 0.0744197 0.0125751 0.0281310 0.1418907 0.0567695 0.1083400 0.0548320 0.0765933 0.0587675 0.0950599 0.0952682 0.1016301 0.0827364 0.1171570 0.1297882 0.0415739 0.1211626 0.1056354 0.1198025 0.0504538 0.0233090 0.0918346 0.0955656 0.1568429 0.0665167 0.0993399 0.0449385 0.0578441 0.0123738 0.0583391 0.0580154 0.1255814 0.0996973 0.1090160 0.1267847 0.1371681 0.0919927 0.0989789 0.1057560 0.1290865 0.0626605 0.0955668 0.0602101 0.1147354 0.1013423 0.1461003 0.1713006 0.0539708 0.1423963 0.1065358 0.0821626 0.1169633 0.0643679 0.0688862 0.0124105 0.0649877 0.0859315 0.1182278 0.1242291 0.1190859 0.0657039 0.1015111 0.0697296 0.0988198 0.1037880 0.1505010 0.0149572 0.1236284 0.0706618 0.0149214 0.0287734 0.0372670 0.0861181 0.0491412 0.0973356 0.0986312 0.0973381 0.0391023 0.0639358 0.1273044 0.0958712 0.1289340 0.0123274 0.0965143 0.0933656 0.0613290 0.0419711 0.1340070 0.0365343 0.1459970 0.0391988 0.0486681 0.0743875 0.0838478 0.1141921 0.0901733 0.0964707 0.1248318 0.0623202 0.0552070 0.1052936 0.0881560 
S0294       0.0643968 0.0968160 0.1342185 0.1084687 0.0618566 0.1619137 0.1422367 0.1346406 0.0670988 0.0000000 0.1305207 0.1168563 0.1185213 0.1348697 0.1423897 0.1342728 0.0903189 0.0621290 0.0810550 0.1692735 0.0984515 0.1291985 0.0824608 0.0954605 0.0894384 0.1189570 0.1084893 0.1115878 0.0953656 0.1408711 0.1424641 0.0805289 0.1433912 0.1212575 0.1360081 0.0867601 0.0733833 0.1007910 0.1196152 0.1575278 0.0882475 0.1163267 0.0720060 0.0857069 0.0619521 0.0864687 0.0859690 0.1628138 0.1053298 0.1288704 0.1315535 0.1413928 0.1079274 0.1125070 0.1267878 0.1425328 0.0462977 0.1116205 0.0872843 0.1387000 0.1110730 0.1614656 0.1756853 0.0857808 0.1087565 0.1288504 0.1089334 0.1433693 0.0955575 0.1148697 0.0621517 0.0869423 0.1203902 0.1397825 0.1405492 0.1351915 0.0887546 0.1211485 0.0913075 0.1156741 0.1285791 0.1842172 0.0651393 0.1264490 0.1100796 0.0619722 0.0630308 0.0611125 0.1234131 0.0703152 0.1184271 0.1329033 0.1359173 0.0624418 0.0922692 0.1458387 0.1155238 0.1454109 0.0616833 0.1127522 0.1314816 0.0963472 0.0655951 0.1438122 0.0621355 0.1614849 0.0780125 0.0600183 0.1057536 0.1027442 0.1359472 0.1218844 0.1117386 0.1268153 0.0811912 0.0896161 0.1138443 0.1003755 
S0299       0.1237722 0.1066923 0.0253495 0.1226845 0.1235242 0.3320245 0.0445762 0.1568382 0.1170189 0.1305207 0.0000000 0.1433254 0.1336393 0.1622603 0.0470379 0.1261879 0.1376670 0.1223866 0.1276781 0.0355773 0.1328094 0.0303465 0.0982892 0.1419333 0.0388590 0.1434190 0.0477409 0.1476482 0.1640478 0.1263663 0.0281901 0.1243221 0.0271458 0.0714148 0.0857808 0.1393466 0.1286598 0.1157690 0.1392044 0.1951053 0.1404812 0.1492466 0.1186672 0.0948751 0.1117551 0.0957516 0.0951758 0.1477266 0.1195547 0.0749774 0.1679338 0.0892628 0.1349777 0.1409967 0.1609845 0.1683291 0.1426605 0.1207018 0.1116777 0.1643274 0.1359949 0.1769712 0.1887609 0.1097617 0.1970375 0.1594974 0.1178920 0.1689180 0.1364954 0.1532284 0.1170488 0.1400478 0.1367562 0.0333294 0.0894752 0.0853318 0.0926710 0.0679834 0.0152695 0.1233708 0.1591893 0.2279348 0.1113982 0.1541306 0.1101391 0.1166161 0.1191079 0.0960787 0.1577129 0.1070133 0.0552148 0.1623835 0.1617901 0.1137370 0.0980339 0.0206969 0.1173193 0.0933364 0.1159955 0.1302986 0.1456255 0.0919571 0.1143656 0.0298979 0.1045317 0.1003469 0.1122435 0.1134976 0.1106561 0.1239130 0.0783579 0.1360861 0.1357868 0.1502372 0.0894028 0.0885361 0.1493756 0.1260921 
S0303       0.1050180 0.0865441 0.1310026 0.1031375 0.1030211 0.0075098 0.1402813 0.1427961 0.0989382 0.1168563 0.1433254 0.0000000 0.0493639 0.0245316 0.1510607 0.1267835 0.1211445 0.0921290 0.1133795 0.1595884 0.1086501 0.1339515 0.0610323 0.1091624 0.0827657 0.0143726 0.1204286 0.0864189 0.1537817 0.0640791 0.1514930 0.1054019 0.1390596 0.1242907 0.1336001 0.1180958 0.1017607 0.1005841 0.0144299 0.1379806 0.1203595 0.0120067 0.0966574 0.0639742 0.0889013 0.0645050 0.0641574 0.1368265 0.1083725 0.1236567 0.0873220 0.1653700 0.0970859 0.1042772 0.1187563 0.1294682 0.1340190 0.1316632 0.0791719 0.0687647 0.0620012 0.1652915 0.1772127 0.0606178 0.1197907 0.1090735 0.1040139 0.0735208 0.1360153 0.1191454 0.0921843 0.1197515 0.1035835 0.1491135 0.1336240 0.1363012 0.0182627 0.1280802 0.0975097 0.0506804 0.0195991 0.0509772 0.0954934 0.0797651 0.1103872 0.0886355 0.0992182 0.0910853 0.1283252 0.0956500 0.1231054 0.1458421 0.1433772 0.0978963 0.0699206 0.1401365 0.1316070 0.1388285 0.0914353 0.1330358 0.1379513 0.0986424 0.0908466 0.1608664 0.0833049 0.1689346 0.1008659 0.1106129 0.1091416 0.1198980 0.1370508 0.1090078 0.1020208 0.1430696 0.0783858 0.0995398 0.1360096 0.0970325 
S0308       0.0800154 0.0693881 0.1217741 0.0786005 0.0947031 0.0498164 0.1222849 0.1332055 0.0981667 0.1185213 0.1336393 0.0493639 0.0000000 0.0521974 0.1435067 0.1100408 0.0937043 0.0874592 0.0979957 0.1527923 0.0870182 0.1090267 0.0512642 0.0937569 0.0647867 0.0353397 0.1036728 0.0826823 0.1291342 0.0368510 0.1413108 0.0905520 0.1219658 0.1064648 0.1153243 0.1097493 0.0933361 0.0731018 0.0382902 0.1253248 0.0904686 0.0437858 0.0950433 0.0540643 0.0811235 0.0544977 0.0542144 0.1038328 0.0768860 0.1021381 0.0640328 0.1443103 0.0892384 0.0864567 0.0970878 0.1060198 0.1238679 0.1073635 0.0794301 0.0650311 0.0435530 0.1381433 0.1550131 0.0564493 0.1071088 0.0907710 0.0957793 0.0638211 0.1119616 0.1152928 0.0842933 0.1041757 0.1000672 0.1300559 0.1153454 0.1179911 0.0329579 0.1132679 0.0896610 0.0276077 0.0469273 0.0851041 0.0874904 0.0517247 0.0922625 0.0872602 0.0949860 0.0831106 0.1346267 0.0784241 0.0948351 0.1393692 0.1337527 0.0910459 0.0597231 0.1303149 0.1110893 0.1200813 0.0836269 0.1050407 0.1191686 0.0688659 0.0879191 0.1411299 0.0699261 0.1424705 0.0867425 0.0953407 0.0944409 0.1095778 0.1065608 0.0907051 0.0905829 0.1282441 0.0588220 0.0694371 0.1276351 0.0764100 
S0322       0.1114297 0.0821326 0.1406732 0.1099057 0.1094835 0.0152458 0.1446695 0.1477729 0.1099383 0.1348697 0.1622603 0.0245316 0.0521974 0.0000000 0.1555536 0.1226366 0.1278420 0.0910638 0.1199624 0.1722131 0.1040612 0.1383113 0.0699003 0.1226837 0.0885170 0.0143365 0.1281977 0.0924577 0.1454695 0.0678813 0.1664568 0.1049786 0.1576987 0.1322717 0.1340080 0.1286067 0.0997483 0.1072003 0.0143935 0.1095864 0.1166603 0.0169099 0.1099585 0.0729145 0.0951501 0.0735264 0.0701018 0.1258955 0.1049080 0.1273672 0.0841008 0.1743464 0.1033367 0.1038640 0.1037179 0.1131880 0.1377915 0.1351848 0.0659981 0.0652271 0.0590157 0.1645152 0.1811353 0.0634317 0.0824134 0.1086301 0.1103297 0.0765742 0.1354120 0.1237429 0.0951323 0.1263445 0.0965639 0.1537297 0.1340319 0.1367103 0.0088260 0.1318386 0.1054677 0.0537316 0.0169803 0.0508101 0.1018215 0.0797454 0.1065392 0.1015479 0.1094230 0.1043742 0.1258319 0.1062268 0.1230482 0.1509611 0.1483781 0.1109779 0.0790050 0.1356071 0.1355833 0.1392481 0.0976688 0.1366762 0.1396616 0.0953630 0.1006804 0.1618909 0.0893297 0.1847512 0.1109608 0.1172028 0.1120092 0.1212644 0.1374632 0.1154963 0.1049999 0.1626564 0.0821519 0.0962229 0.1474547 0.1032753 
S0327       0.1431067 0.1127124 0.0417092 0.1250271 0.1184834 0.3603171 0.0499647 0.1655002 0.1209019 0.1423897 0.0470379 0.1510607 0.1435067 0.1555536 0.0000000 0.1350464 0.1440618 0.1098293 0.1225290 0.0699526 0.1388761 0.0244158 0.0938916 0.1327447 0.0438014 0.1416301 0.0497956 0.1595845 0.1851458 0.1506229 0.0356892 0.1343429 0.0556960 0.0808138 0.0880170 0.1432435 0.1233216 0.1251072 0.1374882 0.1777174 0.1483119 0.1473439 0.1210695 0.0905511 0.1070054 0.0913747 0.0908343 0.1653576 0.1340942 0.0844973 0.1803154 0.1043919 0.1465624 0.1447669 0.1689530 0.1986317 0.1684436 0.1334009 0.1040624 0.1662995 0.1460162 0.1971159 0.2001780 0.1083735 0.1623750 0.1719459 0.1202823 0.1708112 0.1467000 0.1559138 0.1121187 0.1502624 0.1390941 0.0272142 0.0916910 0.0875595 0.0858123 0.0805679 0.0229132 0.1430588 0.1570993 0.2198673 0.1066680 0.1602507 0.1121789 0.1117106 0.1288678 0.1124673 0.1622157 0.1169354 0.0737438 0.1664320 0.1705694 0.1199608 0.0936511 0.0458810 0.1299280 0.0990590 0.1111281 0.1354535 0.1535575 0.1047127 0.1243697 0.0470049 0.1070205 0.1233812 0.1220727 0.1403401 0.1127005 0.1297234 0.0806248 0.1398049 0.1515602 0.1732307 0.0982857 0.1057321 0.1603811 0.1373769 
S0335       0.0968863 0.0960842 0.1195622 0.0892776 0.1066820 0.1920674 0.1216205 0.1055643 0.1022008 0.1342728 0.1261879 0.1267835 0.1100408 0.1226366 0.1350464 0.0000000 0.1006158 0.0956541 0.1101285 0.1530148 0.1113466 0.1171954 0.0789416 0.1059427 0.1068997 0.1176907 0.1195350 0.0764355 0.1202241 0.1103926 0.1312093 0.1125110 0.1345739 0.1163283 0.1324442 0.1276908 0.1019558 0.0829226 0.1190664 0.1674053 0.1119733 0.1261797 0.1061289 0.0759035 0.0923975 0.0765429 0.0761237 0.1038127 0.0893427 0.1051437 0.1190036 0.1390801 0.0857713 0.0730524 0.0926266 0.1024360 0.1422156 0.1045458 0.1118969 0.1334139 0.1040304 0.1049222 0.1283847 0.0818711 0.1808405 0.0895675 0.0711245 0.1379620 0.0989386 0.0876791 0.0882319 0.1339693 0.0911888 0.1277820 0.1368262 0.1316728 0.0825182 0.1092164 0.0843484 0.1026229 0.1309710 0.1811642 0.0990551 0.1179544 0.0528984 0.0912378 0.1079813 0.0904124 0.0916470 0.0883108 0.0983575 0.0958714 0.0989062 0.1058389 0.0820420 0.1282235 0.1082505 0.1313442 0.0949310 0.1093644 0.0850228 0.0491617 0.1063632 0.1353921 0.0871840 0.1750169 0.1151296 0.1129569 0.0620801 0.0653509 0.1323863 0.0734980 0.0873369 0.1465284 0.0626753 0.0517985 0.1450562 0.0724261 
S0376       0.0707500 0.0811558 0.1375758 0.0975660 0.0750255 0.1817334 0.1397318 0.1214775 0.0744197 0.0903189 0.1376670 0.1211445 0.0937043 0.1278420 0.1440618 0.1006158 0.0000000 0.0653050 0.0812529 0.1699445 0.0805962 0.1233848 0.0709380 0.0576336 0.1004924 0.1087606 0.1028492 0.0948705 0.1116600 0.1038871 0.1416560 0.0682016 0.1409717 0.1117536 0.1219276 0.0862046 0.0733884 0.0842523 0.1131929 0.1406464 0.0841814 0.1170739 0.0742004 0.0679233 0.0651197 0.0684967 0.0681207 0.1285825 0.0883162 0.1144931 0.1162306 0.1303311 0.0992471 0.0879380 0.0855929 0.1168697 0.0976879 0.1072561 0.0871795 0.1240145 0.1101875 0.1373356 0.1594653 0.0801990 0.1214651 0.0990057 0.0751577 0.1214116 0.0590367 0.1059439 0.0653301 0.0836864 0.1000775 0.1335613 0.1262079 0.1212240 0.0864964 0.1041763 0.0836865 0.0934097 0.1217418 0.1516758 0.0653082 0.1128212 0.0954174 0.0681742 0.0727131 0.0639664 0.1067915 0.0468005 0.0967197 0.1123536 0.1184429 0.0683056 0.0740120 0.1433225 0.1110788 0.1209177 0.0648344 0.1122534 0.1021686 0.0714912 0.0686453 0.1495394 0.0524066 0.1631791 0.0707247 0.0689649 0.0913888 0.0917857 0.1164125 0.0960316 0.0977212 0.1432124 0.0674790 0.0689813 0.0596240 0.0745449 
S0400       0.0350721 0.0618044 0.1139414 0.0812651 0.0197108 0.1344343 0.1165543 0.0893238 0.0125751 0.0621290 0.1223866 0.0921290 0.0874592 0.0910638 0.1098293 0.0956541 0.0653050 0.0000000 0.0249027 0.1420708 0.0504890 0.1051548 0.0441689 0.0674491 0.0678349 0.0845678 0.0960600 0.0874779 0.0803684 0.1098613 0.1297995 0.0378514 0.1217443 0.0989361 0.1071249 0.0491206 0.0148033 0.0783234 0.0849915 0.1423894 0.0614557 0.0884978 0.0437999 0.0469781 0.0096247 0.0473599 0.0469781 0.1292264 0.0854955 0.1017215 0.1142604 0.1289386 0.0848242 0.0849249 0.0969710 0.1145149 0.0631625 0.0890323 0.0498164 0.1069825 0.0805207 0.1438225 0.1679354 0.0444426 0.1181596 0.0958959 0.0692943 0.1126813 0.0559024 0.0629897 0.0096276 0.0573661 0.0724570 0.1146593 0.1112229 0.1065211 0.0548233 0.0986171 0.0674496 0.0880698 0.0855959 0.1342449 0.0121167 0.1109346 0.0687868 0.0120884 0.0224649 0.0393041 0.0760773 0.0389119 0.0910302 0.0879009 0.0864418 0.0326631 0.0526585 0.1143932 0.0923098 0.1194445 0.0095897 0.0832831 0.0828271 0.0501562 0.0380743 0.1299119 0.0272686 0.1394185 0.0408152 0.0443449 0.0652523 0.0778303 0.1070770 0.0765591 0.0894273 0.1250176 0.0544773 0.0505614 0.0938429 0.0749442 
S0405       0.0517334 0.0812375 0.1196181 0.0919310 0.0298611 0.1607657 0.1217787 0.1105205 0.0281310 0.0810550 0.1276781 0.1133795 0.0979957 0.1199624 0.1225290 0.1101285 0.0812529 0.0249027 0.0000000 0.1522422 0.0688454 0.1104017 0.0559092 0.0802169 0.0842847 0.1051014 0.1012381 0.1013522 0.0904924 0.1251188 0.1221551 0.0429494 0.1227860 0.1075014 0.1091991 0.0698038 0.0304871 0.0918578 0.1025478 0.1530614 0.0801452 0.1094312 0.0491584 0.0588392 0.0194399 0.0593291 0.0590084 0.1226586 0.0994765 0.1031231 0.1293601 0.1338476 0.0986733 0.0987818 0.1122228 0.1317692 0.0666089 0.1032353 0.0736942 0.1302656 0.1010738 0.1607207 0.1864182 0.0620471 0.1500335 0.1060998 0.0889679 0.1304825 0.0743404 0.0758593 0.0194971 0.0599823 0.0927689 0.1199685 0.1132685 0.1085895 0.0789640 0.1071596 0.0698040 0.1020528 0.1139344 0.1612868 0.0118809 0.1262871 0.0743971 0.0219745 0.0327858 0.0504484 0.1031203 0.0504927 0.0925840 0.1086890 0.1075333 0.0377336 0.0557647 0.1287549 0.1069954 0.1214297 0.0193676 0.1042531 0.1035940 0.0622340 0.0516505 0.1219916 0.0435068 0.1481750 0.0545102 0.0620242 0.0780728 0.0912583 0.1041251 0.0969826 0.0997911 0.1354507 0.0670646 0.0627581 0.1067141 0.0882906 
S0407sl     0.1595381 0.1132182 0.0423715 0.1319129 0.1476620 0.2456867 0.0628649 0.1437888 0.1418907 0.1692735 0.0355773 0.1595884 0.1527923 0.1722131 0.0699526 0.1530148 0.1699445 0.1420708 0.1522422 0.0000000 0.1739623 0.0451727 0.1083275 0.1706897 0.0676547 0.1595464 0.0624555 0.1505974 0.1953284 0.1436218 0.0502195 0.1432110 0.0447789 0.0627626 0.0913961 0.1726352 0.1501471 0.1145939 0.1602471 0.2004299 0.1863514 0.1715774 0.1396702 0.1042817 0.1331676 0.1046288 0.1046682 0.1487804 0.1189180 0.0704749 0.1613212 0.0746551 0.1507674 0.1383677 0.1563842 0.1673751 0.1638489 0.1384022 0.1527588 0.1623922 0.1558987 0.1769797 0.1991437 0.1113350 0.2261849 0.1547064 0.1327111 0.1675844 0.1610991 0.1582054 0.1399616 0.1553095 0.1372223 0.0486740 0.0909001 0.0908480 0.1291534 0.0665713 0.0240747 0.1388933 0.1786054 0.2471479 0.1326720 0.1461254 0.1263400 0.1440454 0.1462468 0.1253635 0.1554842 0.1209721 0.0531947 0.1720407 0.1589241 0.1360876 0.1080004 0.0290386 0.1344060 0.1042694 0.1384577 0.1502282 0.1454268 0.1049125 0.1296798 0.0521203 0.1186780 0.0704650 0.1338776 0.1458490 0.1219368 0.1528356 0.0870606 0.1463205 0.1613847 0.1752535 0.1162534 0.1103202 0.1622384 0.1384544 
S0412sl     0.0532330 0.0809366 0.1474135 0.0952803 0.0609004 0.1000092 0.1521172 0.1341900 0.0567695 0.0984515 0.1328094 0.1086501 0.0870182 0.1040612 0.1388761 0.1113466 0.0805962 0.0504890 0.0688454 0.1739623 0.0000000 0.1290237 0.0684211 0.0787488 0.1034340 0.0912730 0.1087747 0.0921753 0.0809125 0.1146606 0.1596547 0.0791128 0.1521770 0.1374776 0.1303083 0.0820906 0.0667975 0.0929764 0.0957188 0.1351621 0.0604685 0.1000448 0.0833906 0.0684211 0.0472439 0.0689014 0.0686608 0.1196028 0.1021835 0.1360700 0.1257292 0.1720314 0.1141386 0.0975979 0.1148570 0.1142042 0.1047977 0.1107627 0.0652766 0.1212431 0.1135590 0.1374895 0.1614595 0.0679103 0.1317681 0.1108806 0.0770847 0.1311302 0.0791063 0.0984323 0.0472016 0.0946518 0.1059825 0.1406086 0.1363779 0.1303083 0.0883353 0.1275415 0.0781470 0.0882172 0.1043861 0.1603952 0.0540999 0.1263916 0.0933797 0.0504610 0.0474462 0.0582565 0.0979450 0.0613142 0.1119584 0.1231810 0.1252075 0.0571838 0.0757481 0.1561761 0.1153938 0.1316774 0.0502083 0.1200430 0.1154906 0.0727134 0.0712206 0.1577452 0.0527747 0.1573456 0.0711596 0.0620611 0.0930082 0.0974812 0.1357848 0.1208350 0.1168043 0.1309804 0.0670122 0.0693566 0.1121684 0.0964707 
S0417       0.1225607 0.1012156 0.0223674 0.1133348 0.1065328 0.2943438 0.0275264 0.1533274 0.1083400 0.1291985 0.0303465 0.1339515 0.1090267 0.1383113 0.0244158 0.1171954 0.1233848 0.1051548 0.1104017 0.0451727 0.1290237 0.0000000 0.0831923 0.1277354 0.0333090 0.1251713 0.0329432 0.1291545 0.1541894 0.1269488 0.0225924 0.1144063 0.0275121 0.0546982 0.0678478 0.1379345 0.1107817 0.1059254 0.1212507 0.1764837 0.1390446 0.1304758 0.1091178 0.0799669 0.0955293 0.0806783 0.0802118 0.1311251 0.1060399 0.0579558 0.1522962 0.0754604 0.1173166 0.1227700 0.1416036 0.1626843 0.1408905 0.1270752 0.1033378 0.1443869 0.1181681 0.1668134 0.1808995 0.0953204 0.1791901 0.1399322 0.1095883 0.1490584 0.1311581 0.1456729 0.1003127 0.1294345 0.1187734 0.0119883 0.0712430 0.0675133 0.0793091 0.0545380 0.0125608 0.1189296 0.1396434 0.2023443 0.0952322 0.1392963 0.0970061 0.0999549 0.1129958 0.1023273 0.1478639 0.0977289 0.0484228 0.1541933 0.1582411 0.1042100 0.0829822 0.0230816 0.1236922 0.0780618 0.0994499 0.1289819 0.1318746 0.0836307 0.1047783 0.0357005 0.0886949 0.0910093 0.1028853 0.1198134 0.0974371 0.1133942 0.0610743 0.1182592 0.1217640 0.1436864 0.0836071 0.0844003 0.1387989 0.1090824 
S0419       0.0610531 0.0244636 0.0911498 0.0418746 0.0530299 0.1004118 0.0934068 0.0960668 0.0548320 0.0824608 0.0982892 0.0610323 0.0512642 0.0699003 0.0938916 0.0789416 0.0709380 0.0441689 0.0559092 0.1083275 0.0684211 0.0831923 0.0000000 0.0582742 0.0478821 0.0519864 0.0722168 0.0606974 0.0990845 0.0688905 0.1008359 0.0583047 0.0978268 0.0771942 0.0747361 0.0757384 0.0511322 0.0378159 0.0552156 0.1107631 0.0613396 0.0610201 0.0590460 0.0023263 0.0414044 0.0023432 0.0023322 0.0966933 0.0435923 0.0768591 0.0880182 0.1034795 0.0605378 0.0700085 0.0731497 0.0946212 0.0999264 0.0642605 0.0446029 0.0862965 0.0633228 0.1141204 0.1266475 0.0000028 0.0825669 0.0738981 0.0578239 0.0909110 0.0802008 0.0770420 0.0441784 0.0673793 0.0735165 0.0950558 0.0812870 0.0773620 0.0325445 0.0804119 0.0559014 0.0522110 0.0644687 0.0959809 0.0469801 0.0776643 0.0631776 0.0468637 0.0561433 0.0481860 0.0873189 0.0472391 0.0640426 0.0977582 0.0932427 0.0470988 0.0070368 0.0984041 0.0674152 0.0852716 0.0438610 0.0618650 0.0867004 0.0345903 0.0645799 0.1051088 0.0407153 0.1216078 0.0607955 0.0621815 0.0598587 0.0728042 0.0777220 0.0644646 0.0645467 0.1010187 0.0275072 0.0348462 0.0963405 0.0577146 
S0427       0.0851209 0.0773017 0.1375257 0.0896679 0.0771312 0.1611215 0.1357220 0.1198126 0.0765933 0.0954605 0.1419333 0.1091624 0.0937569 0.1226837 0.1327447 0.1059427 0.0576336 0.0674491 0.0802169 0.1706897 0.0787488 0.1277354 0.0582742 0.0000000 0.0919184 0.1040623 0.1073362 0.0904876 0.1132074 0.1131495 0.1459716 0.0763803 0.1451765 0.1116294 0.1181071 0.0819896 0.0693243 0.0959901 0.1052631 0.1514655 0.0828525 0.1121497 0.0795917 0.0611985 0.0645017 0.0617052 0.0613735 0.1305754 0.1035499 0.1110965 0.1217121 0.1372093 0.0908204 0.0866003 0.1041680 0.1264741 0.1075671 0.1058285 0.0675016 0.1371108 0.1187824 0.1419835 0.1567560 0.0650751 0.1201213 0.0974702 0.0864621 0.1342247 0.0917626 0.1045782 0.0674764 0.1017734 0.1090100 0.1378678 0.1222261 0.1174476 0.0786481 0.1080615 0.0920912 0.0889649 0.1096924 0.1459029 0.0704789 0.1076650 0.1075036 0.0702994 0.0713127 0.0721132 0.1192132 0.0525449 0.0975784 0.1146926 0.1168189 0.0734780 0.0671094 0.1476480 0.1095920 0.1171587 0.0669677 0.1068694 0.1075734 0.0829146 0.0894485 0.1536468 0.0630142 0.1483983 0.0728086 0.0651226 0.1033138 0.1037694 0.1180560 0.0968380 0.0927761 0.1211167 0.0759750 0.0804464 0.0716939 0.0828809 
S0428sl     0.0786227 0.0591933 0.0507095 0.0917984 0.0726346 0.0000010 0.0552335 0.1092419 0.0587675 0.0894384 0.0388590 0.0827657 0.0647867 0.0885170 0.0438014 0.1068997 0.1004924 0.0678349 0.0842847 0.0676547 0.1034340 0.0333090 0.0478821 0.0919184 0.0000000 0.0701276 0.0225501 0.0964689 0.1101453 0.0745804 0.0688289 0.0603704 0.0548484 0.0609724 0.0537483 0.0785531 0.0850782 0.0701125 0.0701276 0.1633307 0.0792363 0.0752176 0.0843217 0.0478821 0.0658859 0.0478821 0.0481300 0.1024041 0.0707751 0.0735779 0.1168391 0.0867278 0.0696622 0.0980388 0.1176208 0.1035173 0.0774493 0.1045600 0.0797950 0.1142432 0.0703896 0.1179239 0.1575939 0.0491161 0.1449640 0.1124127 0.0747512 0.1229101 0.1197605 0.1053247 0.0662457 0.0726343 0.0732714 0.0500603 0.0537483 0.0537483 0.0769376 0.0671379 0.0146019 0.0642583 0.0884732 0.1802083 0.0715881 0.0889348 0.0741990 0.0715881 0.0737662 0.0618415 0.1196136 0.0560000 0.0385743 0.1262259 0.1084069 0.0502936 0.0531254 0.0562950 0.0987330 0.0598956 0.0658859 0.1120547 0.1270128 0.0530937 0.0677776 0.0598520 0.0497951 0.0891392 0.0388665 0.0571991 0.0939969 0.0895632 0.0537803 0.0978189 0.0766750 0.1122060 0.0439200 0.0475316 0.0926479 0.0705662 
S0430       0.0905667 0.0765060 0.1310894 0.0888414 0.0950655 0.0075098 0.1313979 0.1391291 0.0950599 0.1189570 0.1434190 0.0143726 0.0353397 0.0143365 0.1416301 0.1176907 0.1087606 0.0845678 0.1051014 0.1595464 0.0912730 0.1251713 0.0519864 0.1040623 0.0701276 0.0000000 0.1085504 0.0854097 0.1368488 0.0519508 0.1515929 0.0974420 0.1391508 0.1118800 0.1207520 0.1135779 0.0936997 0.0867257 0.0046865 0.1157850 0.1019203 0.0070783 0.0918362 0.0548298 0.0814314 0.0552754 0.0549839 0.1178221 0.0908348 0.1073935 0.0771800 0.1509882 0.0894812 0.0964288 0.1036856 0.1131519 0.1288128 0.1195798 0.0604345 0.0592365 0.0527937 0.1478091 0.1588279 0.0503315 0.0930156 0.1009863 0.1027433 0.0639892 0.1229457 0.1156409 0.0846134 0.1113138 0.0993779 0.1397102 0.1207740 0.1234455 0.0043802 0.1115207 0.0935830 0.0390069 0.0095443 0.0384746 0.0878227 0.0700152 0.1056566 0.0875909 0.0950094 0.0899594 0.1247817 0.0883523 0.1069369 0.1420869 0.1396952 0.0902131 0.0605772 0.1402309 0.1235033 0.1256764 0.0839422 0.1208557 0.1270253 0.0820412 0.0868641 0.1511402 0.0701292 0.1596918 0.0966859 0.1023748 0.1044833 0.1202347 0.1241030 0.1009202 0.0941554 0.1454871 0.0718250 0.0827539 0.1268171 0.0860253 
S0478       0.1091700 0.0827251 0.0477885 0.1046708 0.0975427 0.2423949 0.0534775 0.1304875 0.0952682 0.1084893 0.0477409 0.1204286 0.1036728 0.1281977 0.0497956 0.1195350 0.1028492 0.0960600 0.1012381 0.0624555 0.1087747 0.0329432 0.0722168 0.1073362 0.0225501 0.1085504 0.0000000 0.1203187 0.1391389 0.1020550 0.0457347 0.1015660 0.0470221 0.0504935 0.0532605 0.1200866 0.1013165 0.0972769 0.1048791 0.1464348 0.1210135 0.1171048 0.0966949 0.0691379 0.0870139 0.0697334 0.0693431 0.1235182 0.1052193 0.0508485 0.1355928 0.0670286 0.1124604 0.1177424 0.1286130 0.1446850 0.1255808 0.1108559 0.0798971 0.1262484 0.1054042 0.1584102 0.1722980 0.0775418 0.1578276 0.1344818 0.1005169 0.1309806 0.1209885 0.1304384 0.0915061 0.1158339 0.1106779 0.0418211 0.0563485 0.0530164 0.0646949 0.0446410 0.0231180 0.0953062 0.1219137 0.1787555 0.0867495 0.1184183 0.0910197 0.0946375 0.0964845 0.0905361 0.1314905 0.0855721 0.0388879 0.1389457 0.1349968 0.0883475 0.0720390 0.0494172 0.1075883 0.0565934 0.0907429 0.1124667 0.1216548 0.0757230 0.0888791 0.0564578 0.0771924 0.0850279 0.0906656 0.1029313 0.0955719 0.1006742 0.0471263 0.1222534 0.1095747 0.1209544 0.0655484 0.0731784 0.1172158 0.1044313 
S0552sl     0.0870299 0.0735960 0.1375951 0.0667172 0.0980358 0.0886077 0.1396987 0.0828669 0.1016301 0.1115878 0.1476482 0.0864189 0.0826823 0.0924577 0.1595845 0.0764355 0.0948705 0.0874779 0.1013522 0.1505974 0.0921753 0.1291545 0.0606974 0.0904876 0.0964689 0.0854097 0.1203187 0.0000000 0.1029499 0.1051330 0.1559929 0.0905435 0.1468394 0.1147810 0.1243058 0.1126494 0.0967201 0.0803717 0.0829238 0.1335284 0.0978593 0.0892572 0.0874474 0.0578187 0.0843335 0.0582915 0.0579820 0.0646077 0.0804600 0.1095063 0.0957978 0.1458337 0.0665906 0.0244778 0.0296804 0.0551387 0.1229866 0.0967228 0.0666108 0.1011873 0.0873396 0.0640014 0.0805627 0.0644545 0.1181188 0.0325696 0.0584541 0.1058120 0.1054199 0.0857242 0.0875278 0.0863244 0.0598458 0.1439056 0.1320195 0.1269868 0.0706193 0.1136070 0.1018844 0.0882388 0.0932448 0.1264762 0.0907478 0.0920958 0.0611337 0.0905086 0.0913948 0.0734875 0.0737629 0.0790498 0.0951083 0.0808505 0.0767491 0.0841671 0.0636284 0.1494040 0.1003019 0.1327913 0.0868323 0.1013108 0.0744297 0.0602629 0.0796809 0.1473429 0.0705112 0.1665787 0.0964086 0.0854447 0.0673035 0.0769550 0.1276655 0.0436506 0.0707828 0.1325727 0.0598394 0.0607523 0.1106479 0.0464130 
S0558       0.0671268 0.1176073 0.1736182 0.1012333 0.0905905 0.1844933 0.1817213 0.1412378 0.0827364 0.0953656 0.1640478 0.1537817 0.1291342 0.1454695 0.1851458 0.1202241 0.1116600 0.0803684 0.0904924 0.1953284 0.0809125 0.1541894 0.0990845 0.1132074 0.1101453 0.1368488 0.1391389 0.1029499 0.0000000 0.1555634 0.1810930 0.0928721 0.1735049 0.1534419 0.1656334 0.1010883 0.0891763 0.1261516 0.1450292 0.1760024 0.0769265 0.1492663 0.1072256 0.1023777 0.0801457 0.1032798 0.1026866 0.1504369 0.1274542 0.1619053 0.1577780 0.1771066 0.1235031 0.0989114 0.1069294 0.1292830 0.1076522 0.1449690 0.0920051 0.1534944 0.1488819 0.1274801 0.1697213 0.0978700 0.1468539 0.1170513 0.1036339 0.1579184 0.1003824 0.1035240 0.0772446 0.0932615 0.1147589 0.1705029 0.1704614 0.1646177 0.1168415 0.1488729 0.1127788 0.1371665 0.1545506 0.2045275 0.0772741 0.1557930 0.0998716 0.0801457 0.0850843 0.0783930 0.1045768 0.0812044 0.1383875 0.1327755 0.1303028 0.0837521 0.1056314 0.1817363 0.1491889 0.1757011 0.0797831 0.1464965 0.1217880 0.0855801 0.0935788 0.1782536 0.0790079 0.2120695 0.0955070 0.0798561 0.1039805 0.0929723 0.1655619 0.1260991 0.1258348 0.1389594 0.1048942 0.0793074 0.1384727 0.1061690 
S0616       0.1021682 0.0762488 0.1340766 0.0898034 0.1217950 0.0918067 0.1446027 0.1392987 0.1171570 0.1408711 0.1263663 0.0640791 0.0368510 0.0678813 0.1506229 0.1103926 0.1038871 0.1098613 0.1251188 0.1436218 0.1146606 0.1269488 0.0688905 0.1131495 0.0745804 0.0519508 0.1020550 0.1051330 0.1555634 0.0000000 0.1361289 0.1132406 0.1354385 0.1141882 0.1227617 0.1189773 0.1133510 0.0868279 0.0553499 0.1755869 0.1095406 0.0614653 0.1041294 0.0658549 0.1063902 0.0664167 0.0660487 0.1148517 0.0910816 0.1028121 0.0643537 0.1542483 0.1079548 0.1095232 0.1132780 0.1251653 0.1332837 0.1099405 0.0910490 0.0643787 0.0517937 0.1424612 0.1638869 0.0739264 0.1815328 0.1101319 0.1036954 0.0606211 0.1174015 0.1338198 0.1099423 0.1247462 0.1213164 0.1263163 0.1227848 0.1255587 0.0413267 0.1064213 0.0896656 0.0126038 0.0651059 0.1103150 0.1135164 0.0573807 0.1014849 0.1131972 0.1196181 0.0947531 0.1472827 0.0962067 0.1109968 0.1424027 0.1441766 0.1103159 0.0719852 0.1385268 0.1102967 0.1199218 0.1089928 0.1151873 0.1304634 0.0819856 0.1033586 0.1419696 0.0833472 0.1650860 0.1123895 0.1152062 0.1034235 0.1086048 0.1222213 0.1063601 0.0983525 0.1254283 0.0583920 0.0753773 0.1277532 0.0937939 
S0624       0.1446997 0.1132558 0.0257910 0.1243725 0.1308413 0.2892209 0.0365658 0.1700523 0.1297882 0.1424641 0.0281901 0.1514930 0.1413108 0.1664568 0.0356892 0.1312093 0.1416560 0.1297995 0.1221551 0.0502195 0.1596547 0.0225924 0.1008359 0.1459716 0.0688289 0.1515929 0.0457347 0.1559929 0.1810930 0.1361289 0.0000000 0.1317193 0.0335450 0.0729825 0.0728365 0.1574433 0.1364599 0.1189904 0.1471818 0.1984294 0.1630028 0.1577469 0.1334926 0.0973233 0.1185608 0.0982456 0.0976395 0.1496030 0.1228950 0.0766400 0.1728645 0.0878249 0.1388116 0.1491259 0.1656123 0.1801583 0.1517666 0.1415105 0.1445392 0.1735956 0.1438690 0.1851999 0.1884595 0.1174518 0.1991730 0.1685144 0.1287950 0.1782005 0.1389394 0.1601536 0.1241598 0.1564062 0.1447166 0.0281332 0.0763748 0.0724650 0.1248761 0.0662783 0.0154286 0.1367037 0.1681964 0.2367412 0.1181723 0.1585741 0.1127978 0.1236874 0.1304866 0.1044751 0.1623602 0.1088487 0.0628060 0.1710323 0.1753071 0.1240303 0.0970404 0.0293471 0.1379041 0.0767461 0.1230051 0.1437681 0.1494065 0.1014317 0.1292994 0.0364053 0.1110645 0.1110555 0.1268202 0.1330500 0.1133414 0.1232017 0.0657672 0.1439604 0.1357226 0.1634239 0.0979116 0.1023559 0.1584789 0.1334526 
S0641       0.0512777 0.0804345 0.1204122 0.0910560 0.0402744 0.1691345 0.1263812 0.0991621 0.0415739 0.0805289 0.1243221 0.1054019 0.0905520 0.1049786 0.1343429 0.1125110 0.0682016 0.0378514 0.0429494 0.1432110 0.0791128 0.1144063 0.0583047 0.0763803 0.0603704 0.0974420 0.1015660 0.0905435 0.0928721 0.1132406 0.1317193 0.0000000 0.1194784 0.1085176 0.1223316 0.0627296 0.0382926 0.0877476 0.0979425 0.1508459 0.0642793 0.1015968 0.0458599 0.0554230 0.0320085 0.0558782 0.0555803 0.1306694 0.0885887 0.1112688 0.1214028 0.1351739 0.0744689 0.0879936 0.0942926 0.1265710 0.0848589 0.0921847 0.0613400 0.1184118 0.0968127 0.1473729 0.1808068 0.0613931 0.1214651 0.0990760 0.0816688 0.1159731 0.0646286 0.0846328 0.0321041 0.0538167 0.0822118 0.1241695 0.1266309 0.1216230 0.0664679 0.1081694 0.0733256 0.0944088 0.1059116 0.1467792 0.0347162 0.1145222 0.0736921 0.0346340 0.0468098 0.0388178 0.0823127 0.0388235 0.0897255 0.0975602 0.0962453 0.0402205 0.0554191 0.1252909 0.0957806 0.1352558 0.0318856 0.0967550 0.0991937 0.0587573 0.0376181 0.1241012 0.0350869 0.1465398 0.0403086 0.0411276 0.0804882 0.0871847 0.1168544 0.0959926 0.0789917 0.1377485 0.0633960 0.0652041 0.1039088 0.0710559 
S0645sl     0.1400287 0.1170110 0.0304004 0.1266703 0.1187230 0.2826938 0.0411702 0.1661679 0.1211626 0.1433912 0.0271458 0.1390596 0.1219658 0.1576987 0.0556960 0.1345739 0.1409717 0.1217443 0.1227860 0.0447789 0.1521770 0.0275121 0.0978268 0.1451765 0.0548484 0.1391508 0.0470221 0.1468394 0.1735049 0.1354385 0.0335450 0.1194784 0.0000000 0.0740395 0.0741192 0.1562890 0.1235904 0.1115506 0.1349993 0.1850908 0.1575919 0.1448635 0.1213179 0.0944329 0.1071995 0.0918544 0.0947306 0.1465111 0.1152784 0.0746020 0.1593356 0.0851587 0.1304917 0.1402298 0.1600739 0.1762030 0.1527871 0.1369363 0.1270360 0.1513415 0.1318145 0.1840189 0.1899038 0.1090746 0.1808818 0.1585847 0.1260323 0.1560337 0.1397398 0.1559501 0.1123348 0.1506493 0.1360187 0.0416301 0.0775868 0.0737491 0.0998817 0.0738161 0.0205657 0.1269858 0.1546375 0.2227623 0.1068604 0.1458727 0.1043405 0.1119245 0.1301254 0.1146449 0.1604363 0.1054452 0.0578096 0.1719059 0.1712732 0.1239643 0.0975731 0.0313895 0.1334522 0.0845461 0.1113387 0.1390484 0.1483685 0.0915298 0.1246379 0.0352443 0.1040185 0.1073084 0.1223273 0.1294169 0.1133679 0.1305436 0.0700657 0.1353585 0.1352181 0.1597510 0.0936276 0.0993122 0.1572878 0.1254420 
