125
PAFTOL_019361 0.0000000 0.2084178 0.1922139 0.1842932 0.1802074 0.1743072 0.1741989 0.1814724 0.1401512 0.1928864 0.2226835 0.1725081 0.1546703 0.1725081 0.1725081 0.1470486 0.2070386 0.1937791 0.1734772 0.1542950 0.1742018 0.2661445 0.1906164 0.1935431 0.2252216 0.1925873 0.2188238 0.1489924 0.1914664 0.1702168 0.1925873 0.1949779 0.1954879 0.1814724 0.1795524 0.1946450 0.2116530 0.1791124 0.1978838 0.2158184 0.2288219 0.2076018 0.1783189 0.1828208 0.1720870 0.2016833 0.1628546 0.2016225 0.2016021 0.1876557 0.2172412 0.2255777 0.1778525 0.1825167 0.1739751 0.1549536 0.1635908 0.1940704 0.0000010 0.1928151 0.1892024 0.1941409 0.1989739 0.2505805 0.1980410 0.1784966 0.1893646 0.1829254 0.2245759 0.1742879 0.1749796 0.1896772 0.2096266 0.1745946 0.2199161 0.1874066 0.1806059 0.2149965 0.1725081 0.1943223 0.2031723 0.1978228 0.1669335 0.1931585 0.1542560 0.1915754 0.1978838 0.1662251 0.2214379 0.1815269 0.0000010 0.1650785 0.1698814 0.1699236 0.1838925 0.1909090 0.1967260 0.1465534 0.1886355 0.1992259 0.1806059 0.1922139 0.2168664 0.2023051 0.2042461 0.1648281 0.2022440 0.1638836 0.1505666 0.1806059 0.1847864 0.1648489 0.1759919 0.1929206 0.1838013 0.1713012 0.1731673 0.2010749 0.1637748 0.1895105 0.1706595 0.1829254 0.1649087 0.2160352 0.1542491 
S0055         0.2084178 0.0000000 0.0534350 0.0683589 0.0713943 0.0549318 0.1057459 0.0716547 0.0867378 0.0680574 0.0929572 0.0743889 0.1136259 0.0638233 0.0616734 0.0741081 0.1236990 0.0537097 0.0508109 0.0585239 0.0772719 0.1018549 0.0705400 0.0652393 0.0779657 0.0592771 0.0665225 0.0923529 0.0605245 0.1027315 0.0570908 0.0645817 0.0696553 0.0721839 0.0656861 0.0664237 0.0669887 0.0642520 0.1126200 0.1335389 0.0730085 0.1093395 0.0583552 0.0524109 0.1097802 0.0591853 0.0647142 0.0635098 0.0673335 0.0728278 0.1122584 0.0675845 0.0762528 0.0690561 0.0887371 0.1033797 0.0918869 0.1149340 0.0864109 0.0554936 0.1130460 0.1139689 0.0988591 0.1297084 0.1023892 0.0960219 0.1291878 0.0652997 0.1141585 0.0992606 0.0873103 0.1081289 0.0604944 0.0939935 0.1093697 0.0519192 0.0601194 0.0820325 0.0722036 0.0689492 0.0713642 0.1617798 0.0701207 0.0823684 0.0648681 0.1113319 0.1727804 0.0588691 0.1145061 0.0697681 0.0982544 0.0528877 0.0405644 0.0387824 0.1048111 0.0895287 0.0627029 0.0931017 0.0900872 0.0678314 0.0542818 0.0611550 0.0707144 0.0535478 0.0659243 0.0527246 0.0557468 0.0972121 0.0711742 0.0563238 0.0702187 0.0606791 0.0820793 0.0600359 0.0586209 0.1007733 0.0735857 0.0639052 0.0762743 0.0700765 0.0846211 0.0612960 0.0717668 0.0757506 0.0728239 
S0196sl       0.1922139 0.0534350 0.0000000 0.0685007 0.0536535 0.0449499 0.0876172 0.0645633 0.0681334 0.0585571 0.1012926 0.0674121 0.1011215 0.0557385 0.0555426 0.0619247 0.0952015 0.0490405 0.0475902 0.0534558 0.0671990 0.0735602 0.0751159 0.0048489 0.0779930 0.0618015 0.0658575 0.0677682 0.0532333 0.0919009 0.0701321 0.0507730 0.0774066 0.0738347 0.0618895 0.0650979 0.0544916 0.0254853 0.0804152 0.1051887 0.0589699 0.0969725 0.0585989 0.0532779 0.0860919 0.0048378 0.0594435 0.0048375 0.0072870 0.0336079 0.1003817 0.0669564 0.0650507 0.0526428 0.0785109 0.0833992 0.0775423 0.0908047 0.0965623 0.0250802 0.0863409 0.0895839 0.0723699 0.1253189 0.0857891 0.0818713 0.0944535 0.0048376 0.0902833 0.0653459 0.0591710 0.0905103 0.0531824 0.0805182 0.0836465 0.0482516 0.0621356 0.0858043 0.0645930 0.0626546 0.0657136 0.0933360 0.0561135 0.0674836 0.0396429 0.0940781 0.0967028 0.0600178 0.1038991 0.0646654 0.0851831 0.0449714 0.0396347 0.0629993 0.0810905 0.0768245 0.0628079 0.0612150 0.0717351 0.0647330 0.0503915 0.0024086 0.0717228 0.0277074 0.0645343 0.0507664 0.0277053 0.0811875 0.0482969 0.0505266 0.0677116 0.0626066 0.0769085 0.0567004 0.0495857 0.0644038 0.0649073 0.0619103 0.0529232 0.0537228 0.0586760 0.0383715 0.0526461 0.0742713 0.0439232 
S0278         0.1842932 0.0683589 0.0685007 0.0000000 0.0700218 0.0575858 0.0949019 0.0252492 0.0606814 0.0692084 0.1051544 0.0199446 0.0849028 0.0147663 0.0198956 0.0600964 0.1073552 0.0645167 0.0616690 0.0746759 0.0364124 0.1120698 0.0237423 0.0588805 0.0832142 0.0389949 0.0312015 0.0770288 0.0831099 0.0848641 0.0216470 0.0819286 0.0869446 0.0268661 0.0305717 0.0422303 0.0692258 0.0555413 0.0965883 0.1031081 0.0950120 0.1010935 0.0404410 0.0680009 0.0919900 0.0568375 0.0738424 0.0610553 0.0589620 0.0657120 0.0907400 0.0450885 0.0361231 0.0662806 0.0705403 0.0793786 0.0610876 0.0859467 0.1104742 0.0575354 0.0870816 0.0801019 0.0811046 0.1036205 0.0646900 0.0652542 0.1082053 0.0589336 0.0833975 0.0784150 0.0729476 0.0867658 0.0642332 0.0679124 0.0811735 0.0608552 0.0762960 0.0713648 0.0236398 0.0426185 0.0465344 0.1792631 0.0325240 0.0214525 0.0509792 0.1008746 0.1754031 0.0751319 0.0928927 0.0556569 0.0690320 0.0596948 0.0595393 0.0555660 0.0805827 0.0860266 0.0292210 0.0612219 0.0641561 0.0235643 0.0720490 0.0548990 0.0273815 0.0595109 0.0459120 0.0661612 0.0617350 0.0700052 0.0526420 0.0637271 0.0183561 0.0705830 0.0436337 0.0726999 0.0656508 0.0880096 0.0636728 0.0422052 0.0579808 0.0756088 0.0658719 0.0492698 0.0599421 0.0725885 0.0640234 
S0281         0.1802074 0.0713943 0.0536535 0.0700218 0.0000000 0.0701473 0.1085141 0.0716673 0.0802498 0.0860762 0.1187387 0.0760440 0.1096369 0.0614774 0.0633246 0.0765585 0.1160580 0.0741258 0.0696955 0.0767720 0.1009044 0.1037983 0.0725833 0.0512236 0.0805050 0.0846002 0.0685471 0.0838919 0.0859947 0.1125190 0.0689449 0.0854386 0.0912615 0.0759050 0.0717631 0.0720212 0.0608388 0.0474850 0.0982914 0.1244298 0.0941511 0.1139237 0.0668686 0.0720475 0.1013513 0.0492353 0.0868568 0.0533261 0.0532099 0.0554370 0.1098833 0.0736729 0.0741452 0.0718347 0.0893584 0.0927128 0.0784769 0.1040034 0.1035622 0.0477179 0.1118661 0.0956674 0.1058690 0.1147185 0.0884039 0.0821855 0.1201828 0.0474564 0.1150313 0.0921366 0.0886975 0.0990045 0.0804945 0.0874552 0.1102788 0.0690048 0.0847177 0.0884339 0.0763814 0.0727086 0.0770657 0.1838620 0.0700959 0.0756463 0.0624080 0.1093010 0.1878081 0.0814330 0.1142569 0.0758631 0.0857613 0.0695400 0.0680783 0.0639045 0.1024492 0.1155364 0.0688210 0.0823975 0.0923787 0.0674998 0.0781731 0.0473383 0.0742677 0.0496307 0.0714809 0.0743973 0.0517497 0.0922395 0.0715795 0.0657060 0.0698725 0.0769710 0.0841596 0.0716324 0.0652414 0.1187926 0.0844195 0.0694454 0.0744899 0.0770525 0.0893943 0.0531844 0.0729719 0.0761728 0.0674774 
S0282         0.1743072 0.0549318 0.0449499 0.0575858 0.0701473 0.0000000 0.0871629 0.0658292 0.0595180 0.0214561 0.0770366 0.0593142 0.0836277 0.0557028 0.0537541 0.0624212 0.0957025 0.0584173 0.0097353 0.0216866 0.0682794 0.0839489 0.0603327 0.0457718 0.0659633 0.0564340 0.0544290 0.0822811 0.0634659 0.0828968 0.0612095 0.0344795 0.0330549 0.0704158 0.0552251 0.0708158 0.0468072 0.0544444 0.0890964 0.1238592 0.0578321 0.0937799 0.0464728 0.0181763 0.0972285 0.0475617 0.0250796 0.0516436 0.0515305 0.0626977 0.0879021 0.0675006 0.0613615 0.0537414 0.0620902 0.0933545 0.0812194 0.1047231 0.0746985 0.0460805 0.0994197 0.0987516 0.0727901 0.1116996 0.0993392 0.0971357 0.1146065 0.0495909 0.1073399 0.0973310 0.0708900 0.0839749 0.0474949 0.0780587 0.1026167 0.0099183 0.0358496 0.0782710 0.0579728 0.0647999 0.0651428 0.1613758 0.0555136 0.0711150 0.0444568 0.0869461 0.1651464 0.0201173 0.0900226 0.0646987 0.0729470 0.0131239 0.0083228 0.0387892 0.0951105 0.0775435 0.0520717 0.0664329 0.0758093 0.0597581 0.0268933 0.0456659 0.0665509 0.0479957 0.0662331 0.0117877 0.0501117 0.0737747 0.0573103 0.0252128 0.0644058 0.0218078 0.0696162 0.0235218 0.0379277 0.0916153 0.0685843 0.0619085 0.0704803 0.0624515 0.0828347 0.0476687 0.0580672 0.0598410 0.0515637 
S0288         0.1741989 0.1057459 0.0876172 0.0949019 0.1085141 0.0871629 0.0000000 0.0960401 0.0899189 0.1059431 0.1389243 0.0892331 0.0549717 0.0846441 0.0817210 0.0955271 0.0108349 0.1079433 0.0841886 0.1016048 0.0985159 0.1449744 0.0843668 0.0766966 0.1262470 0.0899159 0.0827998 0.1101108 0.1235118 0.0570992 0.0903274 0.0997861 0.1001474 0.1015895 0.0837126 0.0926156 0.1112713 0.0798446 0.0081038 0.1608385 0.1102024 0.0050868 0.0722367 0.0940306 0.1296377 0.0763897 0.1013231 0.0813934 0.0834264 0.0848481 0.0674578 0.0875450 0.0885864 0.0981895 0.0228751 0.1278640 0.1109230 0.1308654 0.1360903 0.0896957 0.1375278 0.1131227 0.0736836 0.0766590 0.1172976 0.1178972 0.1561364 0.0811564 0.1359433 0.1246151 0.1089814 0.0589638 0.1213058 0.0981149 0.1298931 0.0886845 0.0991106 0.1084169 0.0797083 0.0885125 0.0887230 0.0565912 0.0839558 0.1081418 0.0456782 0.0050776 0.0595564 0.0977381 0.0627783 0.0934580 0.0870404 0.0893673 0.0801386 0.0924538 0.1286129 0.1273213 0.0804481 0.1035762 0.0952811 0.0940711 0.0976856 0.0765012 0.0898341 0.0895615 0.0875469 0.0825620 0.0947854 0.0981256 0.0914919 0.0994328 0.0899679 0.0998408 0.0929412 0.0986512 0.0826303 0.1300860 0.0977900 0.0825248 0.1022981 0.1096979 0.0934488 0.0882395 0.0927456 0.1209940 0.1002809 
S0289         0.1814724 0.0716547 0.0645633 0.0252492 0.0716673 0.0658292 0.0960401 0.0000000 0.0709038 0.0712467 0.1087696 0.0305058 0.0953626 0.0232949 0.0249621 0.0677657 0.1169866 0.0714003 0.0654088 0.0785327 0.0413946 0.1167785 0.0289387 0.0624725 0.0869483 0.0303908 0.0346953 0.0761116 0.0888476 0.0838257 0.0267420 0.0873347 0.0909373 0.0357616 0.0434524 0.0476768 0.0752298 0.0630636 0.1060510 0.1196363 0.0982794 0.1043866 0.0436659 0.0717938 0.0908706 0.0623699 0.0802061 0.0666585 0.0665087 0.0734191 0.0900087 0.0506793 0.0492957 0.0679858 0.0738383 0.0784500 0.0649773 0.0849279 0.1196228 0.0631376 0.1004299 0.0859511 0.0800089 0.1068539 0.0663591 0.0710815 0.1163769 0.0645011 0.0989350 0.0847257 0.0808781 0.0900745 0.0651499 0.0802846 0.0966189 0.0646548 0.0801400 0.0819399 0.0323918 0.0481151 0.0520879 0.1732353 0.0436730 0.0375266 0.0535728 0.1041621 0.1694586 0.0790110 0.0898231 0.0655692 0.0851865 0.0652625 0.0657021 0.0634992 0.0912492 0.0918195 0.0348273 0.0712358 0.0743882 0.0287203 0.0758637 0.0604109 0.0362835 0.0651341 0.0513890 0.0700623 0.0674015 0.0761687 0.0582573 0.0674810 0.0269547 0.0744177 0.0547601 0.0759116 0.0689226 0.0955009 0.0713482 0.0476502 0.0596376 0.0752227 0.0702738 0.0509061 0.0675922 0.0783273 0.0677112 
S0292         0.1401512 0.0867378 0.0681334 0.0606814 0.0802498 0.0595180 0.0899189 0.0709038 0.0000000 0.0688831 0.1113685 0.0666450 0.0803101 0.0580784 0.0559901 0.0402537 0.0858909 0.0722102 0.0614117 0.0741126 0.0784327 0.1280967 0.0567745 0.0595586 0.0891189 0.0686297 0.0609256 0.0553231 0.0893884 0.0876016 0.0705212 0.0786635 0.0893800 0.0664855 0.0602330 0.0666745 0.0707570 0.0685735 0.0754387 0.1265521 0.0870239 0.0953982 0.0554373 0.0672724 0.0711473 0.0614021 0.0718562 0.0657395 0.0655899 0.0730572 0.0874901 0.0678090 0.0665922 0.0558384 0.0657607 0.0684471 0.0609449 0.0810843 0.1178409 0.0523950 0.1055381 0.0867420 0.0614598 0.1189252 0.0694957 0.0695163 0.1149134 0.0635574 0.1145346 0.0782674 0.0539367 0.0879088 0.0686799 0.0419923 0.1097161 0.0605803 0.0728253 0.0516982 0.0625550 0.0607151 0.0630384 0.1675972 0.0585462 0.0706705 0.0368950 0.0916065 0.1714641 0.0724821 0.0896491 0.0458148 0.0072451 0.0636902 0.0566285 0.0650028 0.0383152 0.0692882 0.0612822 0.0199773 0.0237655 0.0732245 0.0709866 0.0594191 0.0672213 0.0543656 0.0621658 0.0592130 0.0565661 0.0311232 0.0425550 0.0719007 0.0648717 0.0639006 0.0682923 0.0715215 0.0562761 0.0791718 0.0459386 0.0622110 0.0497575 0.0626125 0.0751462 0.0595660 0.0440762 0.0734266 0.0575497 
S0293         0.1928864 0.0680574 0.0585571 0.0692084 0.0860762 0.0214561 0.1059431 0.0712467 0.0688831 0.0000000 0.0980894 0.0686534 0.0923120 0.0641426 0.0617504 0.0670706 0.1100512 0.0684186 0.0173324 0.0298054 0.0661205 0.1112288 0.0596358 0.0587826 0.0786894 0.0579083 0.0626701 0.0940812 0.0924751 0.0788319 0.0685316 0.0498170 0.0460175 0.0767683 0.0664246 0.0696848 0.0572698 0.0720254 0.0992973 0.1377643 0.0762608 0.1100720 0.0506476 0.0316686 0.1149993 0.0609236 0.0338546 0.0632025 0.0657922 0.0822910 0.0945331 0.0657989 0.0711930 0.0662146 0.0689871 0.1045043 0.0870808 0.1182980 0.0992174 0.0592711 0.1085791 0.1045823 0.0861686 0.1229639 0.1055715 0.1001701 0.1263419 0.0634279 0.1215078 0.1035028 0.0871958 0.0899741 0.0610044 0.0857230 0.1182443 0.0177549 0.0534748 0.0878963 0.0621211 0.0626715 0.0654192 0.2066443 0.0687283 0.0834914 0.0534938 0.1043869 0.2015820 0.0279482 0.0944713 0.0722234 0.0786329 0.0193919 0.0180064 0.0506396 0.0984108 0.0880025 0.0629645 0.0670708 0.0780019 0.0690427 0.0401462 0.0586219 0.0706761 0.0616024 0.0667317 0.0180179 0.0642400 0.0780902 0.0633886 0.0382472 0.0771732 0.0298337 0.0784020 0.0362164 0.0491355 0.1068095 0.0720064 0.0616757 0.0792686 0.0743853 0.1003356 0.0564517 0.0665218 0.0685083 0.0612358 
S0294         0.2226835 0.0929572 0.1012926 0.1051544 0.1187387 0.0770366 0.1389243 0.1087696 0.1113685 0.0980894 0.0000000 0.1097266 0.1342745 0.1044647 0.0996137 0.1125081 0.1350547 0.0998058 0.0787427 0.0802836 0.1363925 0.1277859 0.1076204 0.0920012 0.1057396 0.1195830 0.0942267 0.1272968 0.0997473 0.1329294 0.1125522 0.0833894 0.0979652 0.1163815 0.0995276 0.1111900 0.0833558 0.0903651 0.1234068 0.1612062 0.0886997 0.1411335 0.0905249 0.0846021 0.1437025 0.0874960 0.0830238 0.0967684 0.0921894 0.1019039 0.1283364 0.1156625 0.1067695 0.0994605 0.1142740 0.1390882 0.1238074 0.1493390 0.0446533 0.0900782 0.1385780 0.1362662 0.1432227 0.1636768 0.1428755 0.1412232 0.1592711 0.0942878 0.1450874 0.1396263 0.1074370 0.1337432 0.0874796 0.1263660 0.1399069 0.0759052 0.0975718 0.1224191 0.1073192 0.1121137 0.1150571 0.2410531 0.1022954 0.1202594 0.0673491 0.1357187 0.2455077 0.0808282 0.1305654 0.1074193 0.1223161 0.0812433 0.0675292 0.0725469 0.1480743 0.1064665 0.0943792 0.1136320 0.1250384 0.1060326 0.0957170 0.0896592 0.1221931 0.0879029 0.1129760 0.0819638 0.0948640 0.1226551 0.0928560 0.0889784 0.1141497 0.0876839 0.1017334 0.0825713 0.0781185 0.1393804 0.1026030 0.1157265 0.1158458 0.1009537 0.1075542 0.0989521 0.0973551 0.1074922 0.0966265 
S0299         0.1725081 0.0743889 0.0674121 0.0199446 0.0760440 0.0593142 0.0892331 0.0305058 0.0666450 0.0686534 0.1097266 0.0000000 0.0878078 0.0214834 0.0214796 0.0659971 0.1136540 0.0688860 0.0610638 0.0736800 0.0385649 0.1165214 0.0201264 0.0604039 0.0808368 0.0357240 0.0328106 0.0744806 0.0845458 0.0869475 0.0268255 0.0811529 0.0908922 0.0322919 0.0378242 0.0478330 0.0757300 0.0612491 0.1073282 0.1121907 0.0994793 0.0980698 0.0461561 0.0653480 0.0892651 0.0583637 0.0776460 0.0625777 0.0624386 0.0715739 0.0879017 0.0466978 0.0435332 0.0658783 0.0680106 0.0789633 0.0646931 0.0854858 0.1070415 0.0633470 0.0934946 0.0774669 0.0947829 0.1036833 0.0686481 0.0713255 0.1150172 0.0604584 0.0898149 0.0893277 0.0790776 0.0839714 0.0701211 0.0766037 0.0875572 0.0580972 0.0755251 0.0754050 0.0217068 0.0442139 0.0481246 0.1697100 0.0398571 0.0320010 0.0673727 0.0978599 0.1659535 0.0743660 0.0900241 0.0639341 0.0720841 0.0630628 0.0612121 0.0571902 0.0875096 0.0961050 0.0292425 0.0651022 0.0681089 0.0252909 0.0713269 0.0564305 0.0272714 0.0653506 0.0474833 0.0634561 0.0676270 0.0721217 0.0565655 0.0674416 0.0218355 0.0698720 0.0470655 0.0741333 0.0632138 0.0977840 0.0681268 0.0437879 0.0595317 0.0751316 0.0655753 0.0490481 0.0638993 0.0764419 0.0635657 
S0308         0.1546703 0.1136259 0.1011215 0.0849028 0.1096369 0.0836277 0.0549717 0.0953626 0.0803101 0.0923120 0.1342745 0.0878078 0.0000000 0.0826095 0.0804893 0.0887239 0.0587072 0.1212849 0.0830752 0.0970821 0.0916352 0.1710031 0.0838372 0.0819301 0.1259492 0.0947048 0.0815340 0.0983182 0.1296441 0.0577434 0.0836820 0.1042407 0.1105275 0.0909357 0.0762060 0.0857748 0.1085366 0.0927170 0.0495543 0.1493201 0.1128636 0.0562767 0.0732643 0.0942985 0.1138844 0.0838385 0.1032852 0.0885550 0.0840899 0.1020194 0.0664409 0.0879862 0.0807692 0.1052537 0.0363080 0.1091595 0.1046039 0.1095451 0.1375880 0.0844851 0.1257910 0.1216015 0.0590139 0.0743048 0.1144742 0.1126282 0.1423894 0.0861812 0.1271156 0.1307681 0.0990462 0.0623782 0.1076657 0.0871446 0.1222256 0.0849981 0.0983892 0.1040266 0.0766790 0.0824053 0.0849367 0.1170648 0.0766225 0.1000424 0.0352470 0.0522345 0.1137537 0.0977891 0.0640725 0.0860343 0.0684814 0.0855313 0.0818369 0.0969914 0.1075012 0.1043142 0.0818650 0.0865376 0.0923819 0.0913584 0.0957411 0.0817332 0.0881133 0.0866197 0.0837432 0.0857909 0.0891221 0.0809963 0.0886796 0.0963679 0.0852859 0.0928306 0.0888922 0.0986470 0.0899568 0.1151536 0.0816550 0.0811601 0.1018835 0.1114578 0.0927569 0.0862908 0.0877866 0.1210853 0.1024066 
S0320         0.1725081 0.0638233 0.0557385 0.0147663 0.0614774 0.0557028 0.0846441 0.0232949 0.0580784 0.0641426 0.1044647 0.0214834 0.0826095 0.0000000 0.0113517 0.0578437 0.1066529 0.0593662 0.0553529 0.0679763 0.0386254 0.1030154 0.0252892 0.0525698 0.0763001 0.0277287 0.0255422 0.0633098 0.0779388 0.0731366 0.0231790 0.0749827 0.0798249 0.0320471 0.0323290 0.0362939 0.0671911 0.0492647 0.0959640 0.0974074 0.0898990 0.0911054 0.0381136 0.0615063 0.0775795 0.0505905 0.0716810 0.0546661 0.0545471 0.0591400 0.0812162 0.0389539 0.0379119 0.0596385 0.0617715 0.0703039 0.0525608 0.0766436 0.1098613 0.0512006 0.0861865 0.0686908 0.0731500 0.0937057 0.0580510 0.0625832 0.1000717 0.0526163 0.0760970 0.0739415 0.0705410 0.0773316 0.0641086 0.0691459 0.0739381 0.0544509 0.0695943 0.0644767 0.0251812 0.0366214 0.0404195 0.1575924 0.0342983 0.0266017 0.0506692 0.0909128 0.1539377 0.0683872 0.0832992 0.0534669 0.0684016 0.0534259 0.0553151 0.0531034 0.0798713 0.0854799 0.0256384 0.0586657 0.0615174 0.0182086 0.0614604 0.0487037 0.0289192 0.0531228 0.0398885 0.0595116 0.0552645 0.0672798 0.0504495 0.0534599 0.0199104 0.0680383 0.0432327 0.0660415 0.0612065 0.0828454 0.0613973 0.0362712 0.0515929 0.0686243 0.0631899 0.0432101 0.0576961 0.0679375 0.0574645 
S0327         0.1725081 0.0616734 0.0555426 0.0198956 0.0633246 0.0537541 0.0817210 0.0249621 0.0559901 0.0617504 0.0996137 0.0214796 0.0804893 0.0113517 0.0000000 0.0515782 0.0953523 0.0591457 0.0534175 0.0679409 0.0439626 0.1084269 0.0216610 0.0465750 0.0788068 0.0303099 0.0201071 0.0677955 0.0749962 0.0751386 0.0248385 0.0722826 0.0824124 0.0302101 0.0320714 0.0343675 0.0627597 0.0491283 0.0850581 0.1045668 0.0855678 0.0882246 0.0379025 0.0595276 0.0822866 0.0446517 0.0696393 0.0486006 0.0484971 0.0589723 0.0785120 0.0330848 0.0376048 0.0571984 0.0593632 0.0702660 0.0543658 0.0765990 0.1093566 0.0491807 0.0929758 0.0705208 0.0731500 0.0956992 0.0578845 0.0624007 0.1027041 0.0466148 0.0827363 0.0757810 0.0639072 0.0746706 0.0596096 0.0676110 0.0783800 0.0524873 0.0675669 0.0623273 0.0232636 0.0308784 0.0345690 0.1600248 0.0322294 0.0319209 0.0476390 0.0880403 0.1563777 0.0663450 0.0805659 0.0534446 0.0651861 0.0532982 0.0533171 0.0512610 0.0803370 0.0813445 0.0236823 0.0566173 0.0594195 0.0198673 0.0654266 0.0428105 0.0269389 0.0510873 0.0341227 0.0574833 0.0532044 0.0676683 0.0443188 0.0596318 0.0215731 0.0660072 0.0410697 0.0634959 0.0549162 0.0830954 0.0574594 0.0305862 0.0492787 0.0660204 0.0603647 0.0374365 0.0514479 0.0722294 0.0569749 
S0335         0.1470486 0.0741081 0.0619247 0.0600964 0.0765585 0.0624212 0.0955271 0.0677657 0.0402537 0.0670706 0.1125081 0.0659971 0.0887239 0.0578437 0.0515782 0.0000000 0.1052993 0.0635802 0.0620210 0.0703767 0.0716740 0.1147738 0.0622157 0.0648821 0.0831933 0.0593942 0.0564436 0.0608597 0.0786830 0.0872607 0.0698325 0.0789252 0.0894139 0.0678611 0.0616478 0.0619891 0.0658115 0.0703156 0.0947610 0.1244539 0.0805789 0.0983457 0.0482394 0.0677634 0.0769920 0.0627941 0.0725453 0.0671161 0.0669642 0.0790625 0.0915532 0.0630272 0.0660313 0.0568365 0.0721691 0.0614169 0.0564477 0.0715316 0.1057596 0.0577739 0.1084324 0.0819251 0.0940759 0.1225485 0.0708293 0.0687822 0.1177741 0.0609767 0.1080894 0.0795787 0.0395752 0.0919850 0.0611984 0.0611577 0.1034121 0.0612170 0.0777134 0.0492357 0.0619513 0.0600877 0.0623813 0.1651209 0.0599776 0.0761782 0.0538290 0.0968958 0.1614723 0.0728731 0.0893897 0.0336994 0.0327745 0.0642570 0.0551618 0.0514141 0.0652522 0.0801393 0.0566668 0.0429571 0.0492262 0.0683728 0.0714007 0.0608208 0.0686258 0.0597568 0.0615271 0.0622043 0.0599053 0.0595350 0.0273724 0.0723010 0.0663116 0.0724986 0.0717112 0.0678387 0.0515811 0.0613890 0.0146888 0.0533539 0.0552995 0.0615804 0.0694675 0.0551040 0.0324829 0.0723478 0.0566151 
S0355         0.2070386 0.1236990 0.0952015 0.1073552 0.1160580 0.0957025 0.0108349 0.1169866 0.0858909 0.1100512 0.1350547 0.1136540 0.0587072 0.1066529 0.0953523 0.1052993 0.0000000 0.1205766 0.0920694 0.1061946 0.1176313 0.2086707 0.0983458 0.0809634 0.1372876 0.1218695 0.0938387 0.1161505 0.1522702 0.0673351 0.1022316 0.1115994 0.1043927 0.1141220 0.0915555 0.1013280 0.1158696 0.0857489 0.0125927 0.1875020 0.1200977 0.0205702 0.0818415 0.1097568 0.1304348 0.0773411 0.1159376 0.0880449 0.0844128 0.0894936 0.0778985 0.1051016 0.0945523 0.1172420 0.0344794 0.1266131 0.1149204 0.1342534 0.1277165 0.1036264 0.1602064 0.1265759 0.0966901 0.0904192 0.1227538 0.1276181 0.1737891 0.0843615 0.1626256 0.1333247 0.1266692 0.0680841 0.1209272 0.1123069 0.1571482 0.0981742 0.1061516 0.1185046 0.0852940 0.1030166 0.1030792 0.1469495 0.0953035 0.1297743 0.0541233 0.0126840 0.1469862 0.1069793 0.0740972 0.1061498 0.0671421 0.0986896 0.0893243 0.0927624 0.1400281 0.1259171 0.0938287 0.1103369 0.1108182 0.1148455 0.1125952 0.0775063 0.1030496 0.1033975 0.1045167 0.0899200 0.1114789 0.1042082 0.0955472 0.1174293 0.1085591 0.1105239 0.1014543 0.1125040 0.0892707 0.1660989 0.1052713 0.1001109 0.1165588 0.1194261 0.1233178 0.0841805 0.1045949 0.1351135 0.1133705 
S0376         0.1937791 0.0537097 0.0490405 0.0645167 0.0741258 0.0584173 0.1079433 0.0714003 0.0722102 0.0684186 0.0998058 0.0688860 0.1212849 0.0593662 0.0591457 0.0635802 0.1205766 0.0000000 0.0579770 0.0648705 0.0643782 0.0963645 0.0668801 0.0658294 0.0505224 0.0598885 0.0676652 0.0742090 0.0742794 0.1002685 0.0636306 0.0685683 0.0873886 0.0694431 0.0715316 0.0696151 0.0646862 0.0620490 0.1092764 0.1279104 0.0778978 0.1080439 0.0592753 0.0528936 0.0864807 0.0632880 0.0728912 0.0637376 0.0683677 0.0748008 0.1097482 0.0680700 0.0765383 0.0580113 0.0923706 0.0821902 0.0727573 0.0953672 0.0809811 0.0591122 0.1058662 0.1040925 0.0866730 0.1374035 0.0850607 0.0832006 0.1198940 0.0610801 0.1093628 0.0773303 0.0806618 0.1020950 0.0675700 0.0872601 0.1061745 0.0541131 0.0577059 0.0827777 0.0668901 0.0647959 0.0701600 0.2180560 0.0739458 0.0739514 0.0702404 0.1146745 0.2235368 0.0630241 0.1043267 0.0763343 0.0895244 0.0533617 0.0500085 0.0496243 0.0917847 0.0841948 0.0679954 0.0750344 0.0739651 0.0645762 0.0550911 0.0608906 0.0663969 0.0615217 0.0714561 0.0556043 0.0642484 0.0850114 0.0593507 0.0552836 0.0723477 0.0554068 0.0841008 0.0605275 0.0526819 0.1176711 0.0734896 0.0690859 0.0630668 0.0609767 0.0962874 0.0610223 0.0649454 0.0456244 0.0554401 
S0400         0.1734772 0.0508109 0.0475902 0.0616690 0.0696955 0.0097353 0.0841886 0.0654088 0.0614117 0.0173324 0.0787427 0.0610638 0.0830752 0.0553529 0.0534175 0.0620210 0.0920694 0.0579770 0.0000000 0.0181800 0.0709998 0.0862021 0.0599475 0.0454897 0.0655413 0.0591131 0.0540840 0.0841612 0.0696489 0.0823279 0.0608245 0.0342720 0.0273727 0.0680899 0.0592452 0.0663054 0.0465127 0.0540996 0.0848488 0.1254314 0.0574670 0.0931451 0.0461710 0.0180717 0.0991165 0.0472696 0.0215000 0.0513222 0.0512105 0.0622939 0.0873189 0.0629988 0.0654804 0.0534048 0.0616943 0.0952077 0.0806728 0.1065936 0.0774736 0.0457949 0.1010126 0.0936839 0.0720541 0.1132467 0.0986556 0.0964683 0.1162078 0.0492840 0.1089279 0.0966743 0.0726007 0.0834178 0.0472035 0.0775416 0.1042142 0.0065511 0.0356359 0.0777505 0.0577054 0.0603846 0.0626910 0.1607655 0.0595575 0.0753518 0.0410857 0.0863629 0.1645204 0.0148431 0.0894241 0.0642811 0.0725751 0.0097369 0.0066281 0.0366915 0.0944704 0.0735916 0.0542958 0.0660048 0.0753085 0.0593800 0.0267349 0.0453862 0.0681581 0.0476974 0.0618287 0.0083266 0.0497982 0.0755990 0.0569401 0.0250647 0.0660133 0.0216803 0.0691714 0.0233840 0.0376993 0.0937903 0.0681408 0.0575971 0.0700244 0.0620508 0.0850017 0.0492715 0.0576989 0.0594622 0.0512424 
S0405         0.1542950 0.0585239 0.0534558 0.0746759 0.0767720 0.0216866 0.1016048 0.0785327 0.0741126 0.0298054 0.0802836 0.0736800 0.0970821 0.0679763 0.0679409 0.0703767 0.1061946 0.0648705 0.0181800 0.0000000 0.0773051 0.0911096 0.0726866 0.0595214 0.0759960 0.0654914 0.0688099 0.0930740 0.0719594 0.0946708 0.0736172 0.0379347 0.0365666 0.0833906 0.0681226 0.0796298 0.0549143 0.0668109 0.0994288 0.1371537 0.0653786 0.1078119 0.0566051 0.0266579 0.1083066 0.0613621 0.0340698 0.0656925 0.0655432 0.0754397 0.1038211 0.0784194 0.0765260 0.0653941 0.0746032 0.1017459 0.0919770 0.1133120 0.0733840 0.0579850 0.1139625 0.1074296 0.0716881 0.1265340 0.1105705 0.1083182 0.1276407 0.0635140 0.1223065 0.1091481 0.0855157 0.0997935 0.0567650 0.0863279 0.1173910 0.0185287 0.0429141 0.0885732 0.0724255 0.0755277 0.0780259 0.1723831 0.0683193 0.0889036 0.0442599 0.1006877 0.1762367 0.0181162 0.1060344 0.0747214 0.0923578 0.0217263 0.0116455 0.0442237 0.1059222 0.0762204 0.0689624 0.0785993 0.0884205 0.0722079 0.0355917 0.0593820 0.0814982 0.0599762 0.0769203 0.0205973 0.0622197 0.0869796 0.0693827 0.0284374 0.0771562 0.0304477 0.0802537 0.0321897 0.0489405 0.1011966 0.0745302 0.0724044 0.0827512 0.0745128 0.0895523 0.0615040 0.0699283 0.0697100 0.0631022 
S0407sl       0.1742018 0.0772719 0.0671990 0.0364124 0.1009044 0.0682794 0.0985159 0.0413946 0.0784327 0.0661205 0.1363925 0.0385649 0.0916352 0.0386254 0.0439626 0.0716740 0.1176313 0.0643782 0.0709998 0.0773051 0.0000000 0.1160705 0.0478287 0.0763723 0.1044599 0.0332746 0.0421983 0.0880685 0.0654658 0.0849200 0.0384509 0.0870041 0.1107083 0.0471151 0.0443302 0.0535002 0.0859847 0.0813127 0.1018849 0.1270821 0.1055388 0.1074794 0.0557712 0.0770422 0.1040605 0.0761825 0.0837433 0.0761742 0.0792338 0.0910534 0.0987131 0.0611424 0.0472726 0.0709887 0.0756874 0.0907507 0.0839867 0.0984581 0.1701725 0.0764378 0.1066809 0.0866945 0.0592704 0.1259420 0.0796541 0.0795306 0.1299385 0.0761753 0.1111047 0.0944173 0.0812962 0.0953111 0.0677765 0.0913600 0.1075397 0.0719965 0.0865233 0.0871987 0.0305538 0.0540317 0.0539966 0.0969900 0.0387981 0.0441332 0.0457209 0.1080217 0.0936438 0.0845659 0.1022653 0.0684362 0.1123519 0.0683159 0.0657445 0.0877469 0.0853268 0.0768286 0.0421320 0.0708382 0.0820543 0.0360398 0.0709684 0.0731404 0.0255597 0.0795170 0.0618820 0.0745276 0.0795082 0.0821578 0.0699395 0.0680669 0.0333154 0.0774119 0.0585622 0.0808959 0.0763998 0.0738927 0.0747710 0.0592524 0.0625449 0.0851672 0.0657364 0.0733391 0.0740343 0.0968335 0.0675556 
S0412sl       0.2661445 0.1018549 0.0735602 0.1120698 0.1037983 0.0839489 0.1449744 0.1167785 0.1280967 0.1112288 0.1277859 0.1165214 0.1710031 0.1030154 0.1084269 0.1147738 0.2086707 0.0963645 0.0862021 0.0911096 0.1160705 0.0000000 0.1175846 0.0954496 0.1046369 0.0915005 0.1103405 0.1151682 0.0944355 0.1569444 0.1042071 0.0953234 0.0954564 0.1202507 0.1095687 0.1193444 0.0804710 0.0902368 0.1961149 0.1670218 0.0539260 0.1618334 0.1040533 0.0872840 0.1358783 0.0926680 0.1049265 0.0985053 0.0952436 0.1038006 0.1606473 0.1276665 0.1125725 0.1079669 0.1324063 0.1328528 0.1107413 0.1420636 0.1029893 0.0845890 0.1517969 0.1366551 0.1546837 0.1620533 0.1355313 0.1207035 0.1684463 0.0903845 0.1624661 0.1357841 0.1055821 0.1615165 0.1026092 0.1410773 0.1551903 0.0798758 0.1094776 0.1355607 0.1184434 0.1234007 0.1240546 0.1966356 0.1034752 0.1160644 0.0992310 0.1562642 0.2088130 0.0971433 0.1605941 0.1111249 0.1411362 0.0837436 0.0780300 0.0751043 0.1357168 0.1292550 0.1000776 0.1248120 0.1319683 0.1051896 0.0902587 0.0900921 0.1230373 0.0871189 0.1274045 0.0853949 0.0850675 0.1419060 0.0974612 0.0778929 0.1174623 0.0994279 0.1233903 0.0856373 0.0753220 0.1217566 0.1254668 0.1247605 0.1130143 0.1098780 0.1132837 0.0956199 0.0922166 0.1097377 0.0996033 
S0417         0.1906164 0.0705400 0.0751159 0.0237423 0.0725833 0.0603327 0.0843668 0.0289387 0.0567745 0.0596358 0.1076204 0.0201264 0.0838372 0.0252892 0.0216610 0.0622157 0.0983458 0.0668801 0.0599475 0.0726866 0.0478287 0.1175846 0.0000000 0.0548230 0.0909820 0.0303540 0.0310754 0.0729558 0.0849618 0.0797895 0.0287922 0.0771353 0.0900328 0.0306078 0.0360965 0.0460514 0.0718504 0.0618836 0.0880094 0.1156019 0.0954034 0.0908144 0.0421944 0.0662620 0.0878005 0.0547288 0.0766814 0.0588951 0.0587650 0.0723238 0.0809688 0.0448915 0.0417825 0.0659704 0.0615991 0.0746308 0.0611131 0.0810641 0.1148265 0.0576491 0.0965513 0.0801915 0.0869911 0.1033794 0.0646130 0.0672315 0.1161909 0.0567996 0.0950368 0.0831179 0.0751729 0.0770984 0.0683920 0.0685627 0.0900565 0.0612984 0.0745411 0.0666350 0.0199765 0.0423328 0.0444232 0.1693473 0.0343066 0.0360965 0.0504677 0.0906232 0.1656002 0.0733592 0.0830435 0.0620969 0.0635114 0.0621600 0.0600606 0.0600549 0.0792397 0.0803619 0.0311932 0.0573938 0.0602477 0.0308189 0.0697222 0.0528092 0.0310090 0.0596276 0.0438334 0.0643707 0.0618554 0.0686218 0.0547255 0.0708549 0.0254603 0.0647206 0.0433354 0.0703474 0.0618255 0.0965252 0.0663513 0.0420269 0.0580131 0.0752391 0.0580377 0.0472292 0.0620557 0.0820766 0.0657050 
S0419         0.1935431 0.0652393 0.0048489 0.0588805 0.0512236 0.0457718 0.0766966 0.0624725 0.0595586 0.0587826 0.0920012 0.0604039 0.0819301 0.0525698 0.0465750 0.0648821 0.0809634 0.0658294 0.0454897 0.0595214 0.0763723 0.0954496 0.0548230 0.0000000 0.0822065 0.0670758 0.0470597 0.0756129 0.0857159 0.0790212 0.0579757 0.0558136 0.0692060 0.0645032 0.0484153 0.0564629 0.0563278 0.0286591 0.0711730 0.1089632 0.0643574 0.0854586 0.0453431 0.0513961 0.0923961 0.0047853 0.0612073 0.0080563 0.0080412 0.0377619 0.0812030 0.0535053 0.0542873 0.0584385 0.0608619 0.0863851 0.0703734 0.0929724 0.0919723 0.0286447 0.0906513 0.0825007 0.0727901 0.1042670 0.0848610 0.0808849 0.1025087 0.0064126 0.0935117 0.0753291 0.0694841 0.0755405 0.0631570 0.0708476 0.0890403 0.0464831 0.0631550 0.0738985 0.0545133 0.0508434 0.0529835 0.1524800 0.0486607 0.0682919 0.0411979 0.0788900 0.1561556 0.0579253 0.0834557 0.0628146 0.0612504 0.0475305 0.0432327 0.0573896 0.0880146 0.0836614 0.0472395 0.0620605 0.0649626 0.0584443 0.0571356 0.0031813 0.0567407 0.0304175 0.0522845 0.0491623 0.0323165 0.0692352 0.0534970 0.0595729 0.0606836 0.0597607 0.0578418 0.0552508 0.0507419 0.0921352 0.0709543 0.0523425 0.0606429 0.0591385 0.0686145 0.0317137 0.0568608 0.0737941 0.0543714 
S0427         0.2252216 0.0779657 0.0779930 0.0832142 0.0805050 0.0659633 0.1262470 0.0869483 0.0891189 0.0786894 0.1057396 0.0808368 0.1259492 0.0763001 0.0788068 0.0831933 0.1372876 0.0505224 0.0655413 0.0759960 0.1044599 0.1046369 0.0909820 0.0822065 0.0000000 0.0914583 0.0845929 0.0877659 0.0880460 0.1139165 0.0822362 0.0832167 0.0818391 0.0811277 0.0897533 0.0924480 0.0708233 0.0788172 0.1256548 0.1410876 0.0822284 0.1287636 0.0799715 0.0653628 0.0936626 0.0799695 0.0824700 0.0804550 0.0844335 0.0898753 0.1192089 0.0918486 0.0967809 0.0638945 0.1024139 0.0925334 0.0830394 0.1037886 0.1081169 0.0679452 0.1209013 0.1004090 0.1093839 0.1210856 0.0919624 0.0929686 0.1401356 0.0822867 0.1294120 0.1112484 0.0874594 0.1150256 0.0777978 0.0969227 0.1244260 0.0625908 0.0776533 0.0844175 0.0904421 0.0933638 0.0958285 0.2041950 0.0902566 0.0933236 0.0660261 0.1286955 0.2083617 0.0764560 0.1144806 0.0783634 0.0958654 0.0635514 0.0590327 0.0589628 0.1096110 0.0861159 0.0869080 0.0934046 0.0971598 0.0850858 0.0713420 0.0778790 0.0924103 0.0699899 0.0966541 0.0659255 0.0723297 0.1020616 0.0735567 0.0611657 0.0834268 0.0701039 0.1028765 0.0679147 0.0547654 0.1119387 0.0826543 0.0901652 0.0739886 0.0749215 0.0977877 0.0678261 0.0756410 0.0504618 0.0674907 
S0428sl       0.1925873 0.0592771 0.0618015 0.0389949 0.0846002 0.0564340 0.0899159 0.0303908 0.0686297 0.0579083 0.1195830 0.0357240 0.0947048 0.0277287 0.0303099 0.0593942 0.1218695 0.0598885 0.0591131 0.0654914 0.0332746 0.0915005 0.0303540 0.0670758 0.0914583 0.0000000 0.0309702 0.0650764 0.0506616 0.0733691 0.0382971 0.0711881 0.0970555 0.0442085 0.0386198 0.0447499 0.0732826 0.0656618 0.1063158 0.1125543 0.0925811 0.0954325 0.0465155 0.0649726 0.0834908 0.0669110 0.0713971 0.0669034 0.0698768 0.0749520 0.0872406 0.0489166 0.0414848 0.0617130 0.0652510 0.0714718 0.0534558 0.0785640 0.1372122 0.0612916 0.1031833 0.0831389 0.0724990 0.1066448 0.0599502 0.0690214 0.1155552 0.0669051 0.1006464 0.0841509 0.0686207 0.0839976 0.0560230 0.0814180 0.0931524 0.0599386 0.0741249 0.0739525 0.0301919 0.0422865 0.0451559 0.0992445 0.0303616 0.0467415 0.0446153 0.0959070 0.1025257 0.0724307 0.0842992 0.0591263 0.0929302 0.0564624 0.0541476 0.0656478 0.0788285 0.0685110 0.0336892 0.0587105 0.0753741 0.0358594 0.0583768 0.0639562 0.0476909 0.0642368 0.0500230 0.0624599 0.0584299 0.0786168 0.0575125 0.0562612 0.0385809 0.0652791 0.0525601 0.0686042 0.0644415 0.0678607 0.0594512 0.0474340 0.0505022 0.0752924 0.0416717 0.0583363 0.0617682 0.0906254 0.0584313 
S0478         0.2188238 0.0665225 0.0658575 0.0312015 0.0685471 0.0544290 0.0827998 0.0346953 0.0609256 0.0626701 0.0942267 0.0328106 0.0815340 0.0255422 0.0201071 0.0564436 0.0938387 0.0676652 0.0540840 0.0688099 0.0421983 0.1103405 0.0310754 0.0470597 0.0845929 0.0309702 0.0000000 0.0688489 0.0806067 0.0738784 0.0325387 0.0732140 0.0835062 0.0458757 0.0253428 0.0348081 0.0660236 0.0519490 0.0834085 0.1090851 0.0866935 0.0871346 0.0268855 0.0602779 0.0838663 0.0451900 0.0705277 0.0491929 0.0490868 0.0600470 0.0750537 0.0334582 0.0307979 0.0540107 0.0560975 0.0736658 0.0573680 0.0780355 0.0988864 0.0497872 0.0948603 0.0718313 0.0995952 0.0875799 0.0654126 0.0701903 0.1119182 0.0471803 0.0933327 0.0835746 0.0691958 0.0734857 0.0583614 0.0748864 0.0910253 0.0551715 0.0725521 0.0675993 0.0309403 0.0311946 0.0350143 0.1679898 0.0272446 0.0439259 0.0485831 0.0821614 0.1642055 0.0671970 0.0773130 0.0524557 0.0559986 0.0562422 0.0540042 0.0605458 0.0861385 0.0796632 0.0202387 0.0596245 0.0686273 0.0309836 0.0642614 0.0433256 0.0292061 0.0517187 0.0382362 0.0582292 0.0538659 0.0709678 0.0423807 0.0647608 0.0329597 0.0668507 0.0324586 0.0642997 0.0578846 0.0899568 0.0625081 0.0346188 0.0543486 0.0621632 0.0513319 0.0378852 0.0562984 0.0820745 0.0537981 
S0552sl       0.1489924 0.0923529 0.0677682 0.0770288 0.0838919 0.0822811 0.1101108 0.0761116 0.0553231 0.0940812 0.1272968 0.0744806 0.0983182 0.0633098 0.0677955 0.0608597 0.1161505 0.0742090 0.0841612 0.0930740 0.0880685 0.1151682 0.0729558 0.0756129 0.0877659 0.0650764 0.0688489 0.0000000 0.0990804 0.0854734 0.0804479 0.0961447 0.1116664 0.0897094 0.0744375 0.0719789 0.0832654 0.0803069 0.1095073 0.1204949 0.0900757 0.1135909 0.0622934 0.0860010 0.0099075 0.0733764 0.1004250 0.0738270 0.0778416 0.0916290 0.1031077 0.0783169 0.0812771 0.0654390 0.0863751 0.0219826 0.0454164 0.0291183 0.1331579 0.0655310 0.1077498 0.0958605 0.0956362 0.1187358 0.0533508 0.0495363 0.1153816 0.0714700 0.1097899 0.0691941 0.0693008 0.1079132 0.0851982 0.0747379 0.1073308 0.0812051 0.0899690 0.0697935 0.0746668 0.0749365 0.0774756 0.1954687 0.0748553 0.0806772 0.0559375 0.1144559 0.2039262 0.0963402 0.1052387 0.0625732 0.0582850 0.0867174 0.0795242 0.0726228 0.0707224 0.0943181 0.0691617 0.0580555 0.0670940 0.0790304 0.0833484 0.0712778 0.0820779 0.0676102 0.0763581 0.0874479 0.0657046 0.0584353 0.0616160 0.0815318 0.0701547 0.0848145 0.0852534 0.0795042 0.0677009 0.1002777 0.0642214 0.0700804 0.0491433 0.0727403 0.0884414 0.0737546 0.0671959 0.0869052 0.0610780 
S0558         0.1914664 0.0605245 0.0532333 0.0831099 0.0859947 0.0634659 0.1235118 0.0888476 0.0893884 0.0924751 0.0997473 0.0845458 0.1296441 0.0779388 0.0749962 0.0786830 0.1522702 0.0742794 0.0696489 0.0719594 0.0654658 0.0944355 0.0849618 0.0857159 0.0880460 0.0506616 0.0806067 0.0990804 0.0000000 0.1149059 0.0818501 0.0744519 0.0873677 0.0917810 0.0863889 0.0899216 0.0737457 0.0849913 0.1394796 0.1402426 0.0713321 0.1256038 0.0738070 0.0712981 0.1104445 0.0808677 0.0810437 0.0883285 0.0881047 0.0923380 0.1312244 0.0875977 0.0937340 0.0735121 0.0977101 0.1064306 0.0854906 0.1139526 0.1019757 0.0683138 0.1310827 0.1279068 0.0942859 0.1463192 0.1053957 0.1031257 0.1389015 0.0858054 0.1221998 0.1134030 0.0854615 0.1180513 0.0612286 0.1007019 0.1206021 0.0640875 0.0800855 0.0942142 0.0822657 0.0923778 0.0905688 0.1568716 0.0823413 0.0886415 0.0763288 0.1241425 0.1681256 0.0739878 0.1287103 0.0855017 0.1096798 0.0720194 0.0563332 0.0518263 0.1169604 0.0884058 0.0786252 0.0947887 0.0993828 0.0821847 0.0777450 0.0810801 0.0897201 0.0681323 0.0886249 0.0724179 0.0686534 0.1092377 0.0753731 0.0761661 0.0850310 0.0787021 0.1001261 0.0693442 0.0673081 0.1258847 0.0806367 0.0886946 0.0874712 0.0746131 0.0954420 0.0813011 0.0716927 0.0827620 0.0712444 
S0616         0.1702168 0.1027315 0.0919009 0.0848641 0.1125190 0.0828968 0.0570992 0.0838257 0.0876016 0.0788319 0.1329294 0.0869475 0.0577434 0.0731366 0.0751386 0.0872607 0.0673351 0.1002685 0.0823279 0.0946708 0.0849200 0.1569444 0.0797895 0.0790212 0.1139165 0.0733691 0.0738784 0.0854734 0.1149059 0.0000000 0.0831385 0.0974165 0.1087227 0.0934975 0.0771569 0.0725937 0.1065104 0.0903339 0.0580235 0.1373082 0.1046445 0.0583598 0.0704333 0.0894962 0.1062130 0.0809964 0.0962769 0.0815069 0.0856393 0.0999568 0.0601908 0.0853616 0.0841027 0.1006987 0.0299269 0.0969688 0.0882556 0.0973237 0.1371295 0.0758838 0.1169872 0.1098127 0.0399036 0.0766605 0.0947703 0.1057951 0.1247881 0.0834072 0.1265601 0.1138219 0.1075794 0.0539699 0.1036592 0.0996483 0.1208292 0.0821044 0.0964521 0.1057919 0.0802499 0.0753288 0.0778860 0.1211286 0.0727474 0.0975788 0.0103097 0.0581989 0.1175981 0.0976057 0.0557106 0.0869224 0.0928255 0.0848744 0.0765365 0.0926591 0.1146880 0.0974718 0.0742836 0.0941011 0.0958669 0.0819945 0.0930736 0.0788244 0.0887753 0.0780729 0.0789138 0.0804970 0.0782831 0.0857396 0.0868535 0.0874497 0.0824362 0.0925219 0.0902493 0.0871670 0.0827816 0.1236433 0.0822188 0.0762287 0.0926276 0.1089695 0.0887714 0.0836708 0.0903260 0.1091302 0.0955699 
S0624         0.1925873 0.0570908 0.0701321 0.0216470 0.0689449 0.0612095 0.0903274 0.0267420 0.0705212 0.0685316 0.1125522 0.0268255 0.0836820 0.0231790 0.0248385 0.0698325 0.1022316 0.0636306 0.0608245 0.0736172 0.0384509 0.1042071 0.0287922 0.0579757 0.0822362 0.0382971 0.0325387 0.0804479 0.0818501 0.0831385 0.0000000 0.0800660 0.0856650 0.0250130 0.0357252 0.0434483 0.0707448 0.0585108 0.0917474 0.1111478 0.0934236 0.0965377 0.0379221 0.0670545 0.0976097 0.0559689 0.0773277 0.0601109 0.0599791 0.0686223 0.0913847 0.0462988 0.0413480 0.0672291 0.0670026 0.0848484 0.0646724 0.0914533 0.1175426 0.0585777 0.0948526 0.0808711 0.0724990 0.1040894 0.0680783 0.0646135 0.1163127 0.0580276 0.0933561 0.0864114 0.0830477 0.0874664 0.0715934 0.0775695 0.0910956 0.0600090 0.0752173 0.0731332 0.0251663 0.0438420 0.0477170 0.1619866 0.0377200 0.0337481 0.0442766 0.0963344 0.1655415 0.0740605 0.0892247 0.0573734 0.0743929 0.0606897 0.0609644 0.0590495 0.0907565 0.0846902 0.0326616 0.0708595 0.0739892 0.0215186 0.0710394 0.0540629 0.0252366 0.0605300 0.0470868 0.0652152 0.0588428 0.0757614 0.0622908 0.0628505 0.0198987 0.0695892 0.0466756 0.0710826 0.0665987 0.0973796 0.0734249 0.0434229 0.0632880 0.0764519 0.0694994 0.0429768 0.0696533 0.0779090 0.0669606 
