136
PAFTOL_019361 0.0000000 0.2147694 0.1888926 0.2397597 0.2173231 0.2163109 0.2485666 0.2204483 0.2285264 0.2102289 0.2202362 0.2261762 0.2412852 0.2490084 0.2175726 0.2423293 0.2128469 0.2380593 0.2615278 0.2431942 0.2131882 0.2106056 0.2160006 0.2297448 0.2377630 0.2052742 0.2148788 0.2182867 0.2198378 0.2403969 0.2088097 0.2351327 0.2460102 0.2348314 0.2588589 0.2186679 0.2239759 0.2072390 0.2214033 0.2308871 0.2144097 0.1964886 0.2139477 0.2168863 0.2474578 0.2014426 0.2234063 0.2482286 0.2188653 0.2145912 0.2256403 0.2029650 0.2118616 0.2099812 0.2092034 0.2482232 0.2124903 0.2448411 0.2332001 0.2083462 0.2248857 0.1993261 0.2224304 0.2207517 0.2403926 0.2344857 0.2301927 0.2570965 0.2199017 0.2215799 0.2057192 0.2232170 0.2635132 0.2198565 0.2860588 0.2820008 0.1963204 0.2089119 0.2037672 0.1825920 0.2441567 0.2346868 0.2269300 0.2247734 0.2555366 0.2028411 0.2121711 0.2215482 0.2225637 0.2029518 0.2094257 0.2139540 0.2464507 0.2648679 0.2325291 0.1995507 0.2398186 0.2306308 0.2094449 0.2390390 0.2468557 0.2246448 0.2188502 0.1952834 0.2202614 0.2540336 0.2292531 0.2038694 0.2339358 0.2361512 0.2349330 0.2015408 0.2162469 0.2082375 0.2227859 0.2149193 0.2131943 0.2220438 0.2534374 0.2221940 0.2092086 0.2335370 0.2142368 0.2618074 0.2075605 0.1981298 0.2319885 0.2362933 0.2124587 0.2376788 0.2005642 0.2278120 0.2101957 0.2233393 0.2100203 0.1965764 
S0055         0.2147694 0.0000000 0.0915314 0.1212068 0.1060331 0.0601395 0.1312340 0.1036195 0.1167982 0.0598848 0.0733770 0.1111294 0.1277460 0.1367726 0.1033968 0.1284570 0.0957463 0.1028835 0.1232135 0.1328550 0.0782211 0.0521653 0.0608878 0.1158043 0.0885619 0.0927997 0.0982823 0.0841867 0.0900422 0.1286059 0.1009327 0.1324263 0.1021023 0.1375699 0.1502050 0.1081367 0.0666953 0.0579397 0.1028520 0.1185306 0.1022125 0.0674863 0.0585887 0.1043843 0.1355325 0.1312013 0.0781262 0.1336295 0.1105185 0.0635672 0.1245896 0.0945868 0.0579539 0.0967374 0.0958270 0.1391512 0.0997675 0.1252942 0.1330640 0.1002808 0.1111139 0.0843949 0.1129951 0.1092561 0.1308866 0.1369843 0.1287644 0.1522790 0.0848223 0.1052571 0.1469396 0.1132236 0.1540821 0.1188383 0.1728168 0.1624295 0.1358380 0.0956455 0.1400977 0.0914678 0.1406876 0.1016559 0.1267147 0.0697595 0.1403453 0.1387936 0.0573081 0.0682796 0.1006146 0.0945410 0.1023501 0.1053310 0.1341026 0.1701386 0.1159970 0.1040759 0.1294390 0.1255973 0.0550368 0.1402401 0.1084134 0.1131561 0.0554150 0.0525016 0.0422949 0.1379183 0.0701470 0.0980810 0.1155516 0.1192556 0.1166014 0.0547190 0.1011650 0.1066729 0.1054227 0.1035169 0.0619733 0.1113478 0.1343164 0.0975012 0.0662348 0.1113469 0.0611702 0.1360871 0.0606996 0.0742544 0.1029286 0.1087618 0.1015284 0.1208925 0.0810039 0.1174933 0.0877637 0.0956123 0.0820924 0.0809899 
S0196sl       0.1888926 0.0915314 0.0000000 0.1067616 0.0503254 0.0878130 0.1058790 0.0956435 0.1130811 0.0915691 0.0918718 0.1003157 0.1018384 0.1067918 0.0875165 0.0997620 0.0757834 0.0977703 0.1187395 0.1042165 0.0832419 0.0789679 0.0840620 0.0910215 0.1072416 0.0787397 0.0152376 0.0981418 0.0691135 0.1001817 0.0790854 0.1121657 0.1123676 0.1106937 0.1119721 0.0911900 0.0958805 0.0848949 0.0878371 0.1065492 0.0858091 0.0738879 0.0856040 0.0280481 0.1088114 0.1149016 0.0932880 0.1071045 0.0878115 0.0843570 0.1114831 0.0089835 0.0863250 0.0107668 0.0098805 0.1263423 0.0257700 0.1074753 0.1020298 0.0834941 0.0901376 0.0677197 0.0994897 0.0817102 0.1145149 0.1143416 0.1095415 0.1428080 0.1026470 0.0424652 0.1263863 0.0924589 0.0964216 0.0892292 0.1764670 0.1751111 0.1176459 0.0134328 0.1179478 0.0722307 0.1292005 0.0833499 0.0975047 0.0964154 0.1350729 0.1159719 0.0836414 0.1044421 0.0861106 0.0768041 0.0854868 0.0866941 0.1086988 0.1561342 0.1010190 0.0739969 0.1053810 0.0942253 0.0826305 0.1102696 0.1094511 0.0979541 0.0844517 0.0694661 0.0957765 0.1300121 0.1041573 0.0758732 0.1014229 0.1114851 0.0997763 0.0832838 0.0134482 0.0884421 0.0420126 0.0836874 0.0910054 0.0453400 0.1308739 0.0831212 0.0894136 0.0982661 0.0872808 0.1243849 0.0875316 0.0745295 0.0999437 0.0926285 0.0866037 0.1017786 0.0666024 0.0967811 0.0563656 0.0841197 0.0913719 0.0664354 
S0278         0.2397597 0.1212068 0.1067616 0.0000000 0.1267084 0.1214242 0.1362076 0.0535859 0.1207713 0.1222785 0.1307706 0.0589344 0.1352317 0.1466887 0.0493590 0.1337279 0.0485578 0.1232997 0.1408859 0.1373380 0.1070064 0.1138242 0.1233210 0.0635676 0.1297803 0.0454903 0.1101426 0.1253704 0.0529026 0.1355796 0.0659297 0.1384286 0.1349485 0.1482014 0.1522103 0.0526639 0.1282128 0.1210968 0.0533383 0.0901631 0.0792129 0.1021735 0.1213675 0.1168432 0.1412513 0.1472287 0.1267189 0.1408700 0.1189951 0.1226646 0.1389434 0.1055091 0.1194587 0.1060871 0.1085321 0.1451051 0.1130625 0.0990379 0.1447292 0.0758154 0.0797681 0.0976971 0.0617107 0.1245285 0.1336898 0.1408922 0.1381184 0.1679231 0.1399535 0.1250361 0.1575719 0.1188519 0.1594950 0.1334609 0.1771305 0.1791438 0.1456390 0.1081968 0.1550356 0.0713087 0.1493021 0.1125590 0.1350058 0.1302817 0.1488975 0.1498452 0.1201472 0.1308931 0.1160944 0.0430912 0.0774297 0.0806501 0.1406637 0.1471054 0.0541775 0.1136587 0.1360680 0.1306440 0.1187287 0.1511421 0.1353930 0.1170685 0.1235882 0.1084865 0.1254261 0.1490257 0.1359774 0.0713895 0.1217955 0.1289893 0.0567350 0.1093401 0.1100790 0.0519934 0.1234283 0.0778835 0.1220028 0.1302339 0.1407270 0.1119311 0.1245211 0.0569779 0.1158547 0.1128448 0.1138144 0.1068794 0.1246982 0.1238390 0.0777257 0.1235024 0.0963113 0.1244528 0.0980741 0.1115352 0.1163007 0.0925989 
S0281         0.2173231 0.1060331 0.0503254 0.1267084 0.0000000 0.1116814 0.1327312 0.1175739 0.1142004 0.1153449 0.1199352 0.1229442 0.1292004 0.1425469 0.1107125 0.1308119 0.1078160 0.1091110 0.1326581 0.1340320 0.1049396 0.1026375 0.1069512 0.1233845 0.1248013 0.1060139 0.0521808 0.1125130 0.1015380 0.1306894 0.1106597 0.1168333 0.1237624 0.1380607 0.1486232 0.1184673 0.1140782 0.1066103 0.1102398 0.1192407 0.1112748 0.0959249 0.1071958 0.0523302 0.1381445 0.1448952 0.1118840 0.1355713 0.1149320 0.1060010 0.1147252 0.0467412 0.1061390 0.0491888 0.0483717 0.1302253 0.0505436 0.1172783 0.1326032 0.1096841 0.1007642 0.0916115 0.1273128 0.1158339 0.1137871 0.1238008 0.1160540 0.1443808 0.1292334 0.0569784 0.1556213 0.1200419 0.1545593 0.1218529 0.1606611 0.1556349 0.1468415 0.0491044 0.1501112 0.1104720 0.1349887 0.0980578 0.1265113 0.1104554 0.1464805 0.1525539 0.1063007 0.1139602 0.1090399 0.1042183 0.1112607 0.1152901 0.1382289 0.1509911 0.1212935 0.1113877 0.1302670 0.1283908 0.1082611 0.1396050 0.1101450 0.1084485 0.1072875 0.0957196 0.1089408 0.1340387 0.1105943 0.1019168 0.1156845 0.1159910 0.1185148 0.0979302 0.0530154 0.1180497 0.0561565 0.1128102 0.1151383 0.0598047 0.1341485 0.1014347 0.1114105 0.1244939 0.1101662 0.1278920 0.1117462 0.1041051 0.1019467 0.1079063 0.1140650 0.1147369 0.0888079 0.1270329 0.0867592 0.0991520 0.1081158 0.0876974 
S0282         0.2163109 0.0601395 0.0878130 0.1214242 0.1116814 0.0000000 0.1213599 0.1030544 0.1129619 0.0218736 0.0701289 0.1145589 0.1191646 0.1262506 0.1012126 0.1187639 0.0886179 0.1098045 0.1447464 0.1207688 0.0801963 0.0128777 0.0208597 0.1171934 0.0899970 0.0906469 0.0929965 0.0942734 0.0846686 0.1151299 0.0990621 0.1276483 0.1018203 0.1238269 0.1365853 0.1109125 0.0538413 0.0164818 0.1027088 0.1176603 0.0960077 0.0677723 0.0175364 0.0990143 0.1247157 0.1363231 0.0809351 0.1219775 0.0946972 0.0262780 0.1204964 0.0885734 0.0201169 0.0894060 0.0892843 0.1429949 0.0948399 0.1166503 0.1162922 0.0937250 0.1060318 0.0789230 0.1130632 0.1047651 0.1307930 0.1323935 0.1282232 0.1548640 0.0824331 0.1077296 0.1466918 0.0969187 0.1384927 0.1103810 0.1756855 0.1706397 0.1376519 0.0921854 0.1454319 0.0860534 0.1367462 0.0974921 0.1128695 0.0708550 0.1441749 0.1449269 0.0172215 0.0597527 0.0997929 0.0948137 0.0938233 0.0987464 0.1222454 0.1649577 0.1111819 0.0947944 0.1210726 0.1123005 0.0178505 0.1243058 0.1166814 0.1090094 0.0198069 0.0171596 0.0658340 0.1395051 0.0727764 0.0965071 0.1124911 0.1147369 0.1184822 0.0456694 0.0904272 0.1031043 0.1061697 0.0964502 0.0228848 0.1119916 0.1387538 0.1004142 0.0326352 0.1100163 0.0493533 0.1330874 0.0485336 0.0691838 0.1086932 0.1114312 0.0933559 0.1224614 0.0802575 0.1069750 0.0871336 0.1009153 0.0846353 0.0767114 
S0288         0.2485666 0.1312340 0.1058790 0.1362076 0.1327312 0.1213599 0.0000000 0.1278319 0.1341752 0.1182276 0.1351836 0.1393362 0.0152618 0.0707275 0.1210032 0.0117566 0.1167811 0.1354593 0.1544137 0.0151545 0.1171310 0.1148347 0.1198798 0.1363146 0.1426810 0.1127727 0.1160893 0.1330554 0.1108567 0.0103463 0.1146706 0.1493743 0.1496439 0.0781327 0.0309725 0.1274187 0.1327208 0.1191312 0.1274495 0.1230362 0.1224742 0.1132402 0.1193555 0.1177455 0.0166031 0.1526391 0.1348449 0.0137746 0.1169215 0.1197254 0.1530108 0.1098124 0.1211224 0.1124353 0.1131739 0.1610729 0.1158263 0.1386271 0.0732792 0.1199861 0.1209457 0.1051305 0.1241923 0.0475809 0.1498199 0.1492061 0.1475613 0.1811467 0.1476318 0.1303816 0.1653770 0.1268447 0.0924933 0.0729538 0.1951263 0.1938072 0.1574438 0.1146833 0.1634630 0.1084640 0.1626712 0.1292739 0.0682018 0.1318506 0.1679833 0.1638503 0.1216339 0.1416624 0.1269495 0.1136755 0.1225174 0.1215239 0.0155388 0.1797078 0.1364309 0.0557402 0.0132207 0.0097301 0.1188277 0.0793606 0.1568686 0.1367476 0.1222466 0.1051707 0.1348729 0.1579696 0.1431698 0.1177518 0.1336990 0.1365730 0.1381122 0.1149040 0.1152527 0.1226152 0.1312556 0.1193879 0.1231429 0.1359370 0.1613313 0.1295820 0.1258768 0.1320347 0.1225759 0.1510760 0.1166874 0.1106801 0.1344959 0.1402044 0.1247309 0.1495683 0.1001688 0.1323204 0.0990890 0.1297002 0.1179134 0.1040787 
S0289         0.2204483 0.1036195 0.0956435 0.0535859 0.1175739 0.1030544 0.1278319 0.0000000 0.1155553 0.1073661 0.1148204 0.0525210 0.1256255 0.1361323 0.0448904 0.1271339 0.0390744 0.1147974 0.1353367 0.1267057 0.1015216 0.0984538 0.1048959 0.0497097 0.1257704 0.0368980 0.0995701 0.1211106 0.0442022 0.1244193 0.0530807 0.1275076 0.1313022 0.1371147 0.1437905 0.0464959 0.1135074 0.1030109 0.0433221 0.0792109 0.0655648 0.0917325 0.1034128 0.1065462 0.1319512 0.1364638 0.1135191 0.1295923 0.1130096 0.1049014 0.1249645 0.0943300 0.1027426 0.0961248 0.0963326 0.1388670 0.1019301 0.0881086 0.1266148 0.0617018 0.0790922 0.0837000 0.0563371 0.1119228 0.1250922 0.1295438 0.1275557 0.1545186 0.1208154 0.1168046 0.1444818 0.1112147 0.1479122 0.1197906 0.1730230 0.1710390 0.1381668 0.0968889 0.1427206 0.0627365 0.1377949 0.1008677 0.1225451 0.1179903 0.1497769 0.1430108 0.1033347 0.1150603 0.1005722 0.0362030 0.0633168 0.0655676 0.1309846 0.1379212 0.0502939 0.1051412 0.1248385 0.1197743 0.1025041 0.1345557 0.1241573 0.1137598 0.1061277 0.0892181 0.1076174 0.1426589 0.1211999 0.0655002 0.1183662 0.1225694 0.0536421 0.0948757 0.1000294 0.0444352 0.1139436 0.0659686 0.1039242 0.1194809 0.1355279 0.1047814 0.1086641 0.0496443 0.1031407 0.1017106 0.1027388 0.0975426 0.1143524 0.1129485 0.0659308 0.1172379 0.0840315 0.1182764 0.0865002 0.1049392 0.1096599 0.0795924 
S0292         0.2285264 0.1167982 0.1130811 0.1207713 0.1142004 0.1129619 0.1341752 0.1155553 0.0000000 0.1213655 0.1270547 0.1184710 0.1330873 0.1474647 0.1050150 0.1334153 0.1012483 0.0886377 0.1221017 0.1336484 0.1131758 0.1056917 0.1122296 0.1231623 0.1236266 0.1064863 0.1084951 0.1244091 0.1061917 0.1317024 0.1117520 0.0931885 0.1315112 0.1414375 0.1587301 0.1177587 0.1248118 0.1104058 0.1104617 0.1127992 0.1056556 0.0969141 0.1118639 0.1179630 0.1412956 0.1596503 0.1174416 0.1347619 0.1149065 0.1135382 0.0906445 0.1024641 0.1096157 0.1061293 0.1054636 0.1004070 0.1118665 0.1097752 0.1474590 0.1043563 0.0959942 0.0821361 0.1254452 0.1230067 0.0941567 0.1036788 0.0914718 0.1139062 0.1428503 0.1145742 0.1681650 0.1151890 0.1627882 0.1324508 0.1333088 0.1322798 0.1581419 0.1063755 0.1678690 0.1037623 0.1048883 0.0918438 0.1362577 0.1208838 0.0766295 0.1644310 0.1094592 0.1251803 0.0923013 0.1018132 0.1068691 0.1091821 0.1352255 0.1474681 0.1166421 0.1170566 0.1323690 0.1337143 0.1077398 0.1582857 0.1071964 0.0298944 0.1124392 0.0968281 0.1124152 0.0735389 0.1224343 0.1058866 0.0504031 0.0336982 0.1175056 0.1044594 0.1085154 0.1157014 0.1135352 0.1064256 0.1150554 0.1185678 0.0834347 0.0854222 0.1134276 0.1157966 0.1129508 0.1278837 0.1123123 0.0968559 0.0887424 0.0868419 0.1046471 0.0935666 0.0851170 0.1267691 0.0972419 0.0855414 0.1206427 0.0772314 
S0293         0.2102289 0.0598848 0.0915691 0.1222785 0.1153449 0.0218736 0.1182276 0.1073661 0.1213655 0.0000000 0.0700285 0.1108803 0.1139792 0.1290435 0.0986839 0.1179671 0.0916233 0.1130240 0.1301150 0.1216102 0.0787558 0.0151635 0.0223242 0.1142427 0.0947378 0.0905928 0.0978145 0.0934546 0.0829524 0.1137503 0.0960560 0.1282464 0.1057009 0.1298034 0.1210696 0.1082401 0.0577718 0.0182513 0.0989568 0.1215339 0.0980955 0.0703304 0.0211279 0.1011770 0.1237372 0.1344333 0.0848575 0.1213135 0.1036543 0.0319639 0.1249766 0.0924259 0.0236222 0.0940920 0.0920657 0.1425964 0.0951260 0.1183006 0.1209052 0.0970871 0.1001216 0.0784634 0.1155242 0.1081863 0.1303914 0.1359253 0.1251656 0.1568691 0.0848246 0.1127623 0.1449880 0.1026874 0.1144241 0.1096052 0.1856223 0.1779228 0.1382951 0.0979818 0.1411600 0.0869891 0.1359638 0.1018364 0.1138275 0.0779750 0.1446888 0.1415445 0.0213808 0.0676534 0.1091675 0.0934572 0.0976876 0.1007230 0.1251216 0.1586465 0.1119508 0.0902760 0.1249011 0.1108984 0.0209511 0.1272315 0.1221297 0.1117813 0.0245498 0.0196262 0.0681523 0.1426148 0.0794837 0.0938007 0.1144206 0.1196886 0.1214473 0.0528174 0.0940100 0.1054521 0.1113394 0.0991843 0.0245545 0.1190257 0.1370256 0.1052049 0.0401469 0.1139688 0.0586427 0.1332941 0.0570656 0.0683496 0.1189560 0.1103457 0.0973609 0.1263572 0.0779665 0.1098088 0.0867740 0.1022014 0.0821964 0.0766770 
S0294         0.2202362 0.0733770 0.0918718 0.1307706 0.1199352 0.0701289 0.1351836 0.1148204 0.1270547 0.0700285 0.0000000 0.1216957 0.1329143 0.1394815 0.1131169 0.1299809 0.1044642 0.1181035 0.1522956 0.1361565 0.0871312 0.0621559 0.0697664 0.1186076 0.0992138 0.1047482 0.1019759 0.0953959 0.0994935 0.1311553 0.1048724 0.1398890 0.1130333 0.1424281 0.1511198 0.1193687 0.0819977 0.0677461 0.1087543 0.1268161 0.1099862 0.0707355 0.0650190 0.1045483 0.1381172 0.1305147 0.0867248 0.1362484 0.1059957 0.0699821 0.1393915 0.0968849 0.0682847 0.0968879 0.0967978 0.1495500 0.1010166 0.1299202 0.1309359 0.1059515 0.1163494 0.0926335 0.1265165 0.1141432 0.1453333 0.1434144 0.1391255 0.1701616 0.0476373 0.1140173 0.1424368 0.1055548 0.1472410 0.1211177 0.1904780 0.1850081 0.1352161 0.1002432 0.1397411 0.1015781 0.1493839 0.1069732 0.1236361 0.0888321 0.1535811 0.1400220 0.0675438 0.0886532 0.1035618 0.1039748 0.1083876 0.1106531 0.1384445 0.1707340 0.1283129 0.1057771 0.1324821 0.1255135 0.0666580 0.1373113 0.1269416 0.1270557 0.0668198 0.0629491 0.0795525 0.1475148 0.0912375 0.1105883 0.1248261 0.1295243 0.1313291 0.0740813 0.0995245 0.1087621 0.1129799 0.1099326 0.0692639 0.1183102 0.1465889 0.1095810 0.0771982 0.1276165 0.0789502 0.1435282 0.0782781 0.0769324 0.1180943 0.1261868 0.1064482 0.1369773 0.0937884 0.1183917 0.0957074 0.1126953 0.0910280 0.0931235 
S0299         0.2261762 0.1111294 0.1003157 0.0589344 0.1229442 0.1145589 0.1393362 0.0525210 0.1184710 0.1108803 0.1216957 0.0000000 0.1348866 0.1356236 0.0471277 0.1344664 0.0447626 0.1186941 0.1409947 0.1368448 0.1056486 0.1060257 0.1130268 0.0593411 0.1293446 0.0422015 0.1007722 0.1222300 0.0492912 0.1334246 0.0596800 0.1299074 0.1344835 0.1418253 0.1509952 0.0503487 0.1209720 0.1106730 0.0510192 0.0929619 0.0723047 0.0949599 0.1149936 0.1068294 0.1393729 0.1495256 0.1191177 0.1377750 0.1184164 0.1124906 0.1295565 0.0970291 0.1113614 0.0983098 0.0971568 0.1380441 0.1004160 0.0988482 0.1316818 0.0678252 0.0836498 0.0857198 0.0583342 0.1164460 0.1282670 0.1377000 0.1332843 0.1590415 0.1293984 0.1181663 0.1539989 0.1148280 0.1468998 0.1203804 0.1757743 0.1732186 0.1502338 0.0988059 0.1556986 0.0683664 0.1422913 0.1073722 0.1249687 0.1239335 0.1517270 0.1536693 0.1124800 0.1225945 0.1101826 0.0404425 0.0698739 0.0735386 0.1386238 0.1454917 0.0556168 0.1089438 0.1331017 0.1325825 0.1090233 0.1397477 0.1296142 0.1158113 0.1149054 0.1008358 0.1183394 0.1450695 0.1313667 0.0729854 0.1240675 0.1283003 0.0541032 0.1033767 0.1029595 0.0527254 0.1165958 0.0738982 0.1178856 0.1246282 0.1430105 0.1064489 0.1176622 0.0551363 0.1108986 0.1114952 0.1072014 0.1007187 0.1216252 0.1144360 0.0726702 0.1202070 0.0863910 0.1250440 0.0913033 0.1081645 0.1107077 0.0823881 
S0303         0.2412852 0.1277460 0.1018384 0.1352317 0.1292004 0.1191646 0.0152618 0.1256255 0.1330873 0.1139792 0.1329143 0.1348866 0.0000000 0.0669819 0.1163075 0.0113802 0.1145629 0.1340615 0.1570879 0.0136336 0.1146472 0.1131530 0.1187142 0.1310135 0.1410801 0.1094119 0.1143192 0.1269680 0.1098071 0.0103139 0.1107128 0.1459416 0.1424504 0.0741493 0.0292987 0.1252804 0.1308687 0.1180251 0.1253029 0.1246763 0.1211397 0.1104051 0.1183450 0.1154428 0.0150162 0.1528340 0.1299811 0.0129691 0.1135785 0.1190466 0.1512559 0.1060293 0.1194717 0.1103822 0.1101354 0.1607159 0.1130380 0.1374039 0.0688579 0.1176784 0.1205824 0.1010230 0.1223917 0.0447239 0.1470204 0.1484344 0.1465428 0.1784900 0.1444185 0.1288915 0.1612548 0.1228418 0.0901048 0.0718478 0.1945623 0.1906393 0.1564435 0.1120286 0.1601370 0.1061111 0.1603775 0.1267201 0.0659598 0.1305428 0.1650822 0.1614363 0.1192220 0.1386114 0.1234692 0.1106302 0.1201269 0.1202789 0.0139352 0.1795950 0.1341776 0.0536575 0.0127537 0.0090296 0.1162243 0.0733398 0.1540148 0.1360776 0.1215444 0.1034659 0.1303373 0.1587277 0.1402082 0.1162405 0.1315407 0.1362913 0.1352533 0.1140516 0.1119346 0.1196422 0.1308165 0.1180663 0.1213212 0.1346632 0.1582445 0.1277311 0.1228368 0.1284828 0.1209207 0.1499835 0.1136789 0.1054272 0.1348221 0.1398614 0.1222435 0.1444598 0.0944630 0.1302868 0.0964339 0.1276732 0.1126609 0.1023974 
S0308         0.2490084 0.1367726 0.1067918 0.1466887 0.1425469 0.1262506 0.0707275 0.1361323 0.1474647 0.1290435 0.1394815 0.1356236 0.0669819 0.0000000 0.1274589 0.0649035 0.1246109 0.1491987 0.1760635 0.0687000 0.1269971 0.1206851 0.1263481 0.1429410 0.1440714 0.1164234 0.1182693 0.1410638 0.1144581 0.0660583 0.1199469 0.1585222 0.1601783 0.0743122 0.0851363 0.1344968 0.1378130 0.1249724 0.1354912 0.1410776 0.1310414 0.1210024 0.1276736 0.1232658 0.0704137 0.1649557 0.1380291 0.0665351 0.1242907 0.1285471 0.1640788 0.1112626 0.1288615 0.1160234 0.1148859 0.1724663 0.1219710 0.1458649 0.0765603 0.1280510 0.1346390 0.1097458 0.1343606 0.0544752 0.1618207 0.1617819 0.1570580 0.1920597 0.1514339 0.1349111 0.1757289 0.1345021 0.0936550 0.0736745 0.2122105 0.2119129 0.1689814 0.1181786 0.1749839 0.1177403 0.1742011 0.1346391 0.0731523 0.1401779 0.1816734 0.1727563 0.1290987 0.1455009 0.1312934 0.1175629 0.1295038 0.1312201 0.0694410 0.2030631 0.1400687 0.0582098 0.0705266 0.0664081 0.1227643 0.0827857 0.1659312 0.1486607 0.1320821 0.1141157 0.1378832 0.1695064 0.1491519 0.1210226 0.1484267 0.1541784 0.1484565 0.1271962 0.1165892 0.1281206 0.1377573 0.1300987 0.1319446 0.1386866 0.1711257 0.1425124 0.1375278 0.1405887 0.1314532 0.1647386 0.1247570 0.1226819 0.1515445 0.1519302 0.1301208 0.1541204 0.1010623 0.1390187 0.1119389 0.1378238 0.1289465 0.1072614 
S0320         0.2175726 0.1033968 0.0875165 0.0493590 0.1107125 0.1012126 0.1210032 0.0448904 0.1050150 0.0986839 0.1131169 0.0471277 0.1163075 0.1274589 0.0000000 0.1195490 0.0312100 0.1105027 0.1336362 0.1207937 0.0938190 0.0929288 0.1007423 0.0478185 0.1180853 0.0287145 0.0926748 0.1106031 0.0337163 0.1174627 0.0464303 0.1257954 0.1298892 0.1313403 0.1396061 0.0406042 0.1103179 0.0996492 0.0376451 0.0758712 0.0571763 0.0857250 0.1017330 0.0982911 0.1242222 0.1316332 0.1093477 0.1219502 0.1033564 0.1008888 0.1228882 0.0861834 0.0993239 0.0891840 0.0894021 0.1348748 0.0949117 0.0843669 0.1214826 0.0548697 0.0725907 0.0765191 0.0470909 0.1047242 0.1267209 0.1251302 0.1277954 0.1523078 0.1235694 0.1075535 0.1389314 0.1036946 0.1373939 0.1145257 0.1737482 0.1735370 0.1334347 0.0895129 0.1379680 0.0549745 0.1384170 0.0984565 0.1147525 0.1129836 0.1390174 0.1371660 0.1000494 0.1125183 0.0966295 0.0301990 0.0564803 0.0582119 0.1219614 0.1407349 0.0471487 0.0979006 0.1187289 0.1135765 0.0973842 0.1283809 0.1183057 0.1056350 0.1037268 0.0888477 0.1059963 0.1336565 0.1213469 0.0559829 0.1100762 0.1128306 0.0435561 0.0941533 0.0913016 0.0406157 0.1056201 0.0583241 0.1028328 0.1137809 0.1327363 0.1011788 0.1032969 0.0438432 0.0990976 0.0942312 0.0968022 0.0873849 0.1098568 0.1091198 0.0592695 0.1112621 0.0768262 0.1124461 0.0801317 0.0967233 0.1039172 0.0730549 
S0322         0.2423293 0.1284570 0.0997620 0.1337279 0.1308119 0.1187639 0.0117566 0.1271339 0.1334153 0.1179671 0.1299809 0.1344664 0.0113802 0.0649035 0.1195490 0.0000000 0.1146058 0.1322992 0.1538021 0.0117019 0.1121425 0.1125817 0.1174160 0.1334239 0.1405387 0.1104879 0.1118744 0.1276720 0.1079395 0.0075272 0.1111736 0.1459697 0.1436404 0.0742478 0.0252085 0.1251361 0.1301100 0.1170163 0.1248150 0.1272694 0.1209280 0.1084602 0.1184343 0.1166163 0.0117271 0.1502584 0.1294707 0.0097655 0.1128621 0.1203636 0.1507754 0.1051741 0.1190393 0.1076578 0.1078568 0.1589388 0.1137604 0.1345089 0.0686421 0.1175369 0.1225158 0.1025016 0.1221947 0.0424436 0.1484403 0.1486156 0.1462574 0.1797039 0.1398788 0.1289666 0.1582262 0.1199638 0.0887820 0.0686477 0.1935985 0.1904112 0.1539668 0.1101439 0.1591242 0.1041198 0.1585716 0.1256896 0.0665339 0.1325742 0.1665352 0.1588629 0.1182113 0.1371479 0.1248370 0.1106438 0.1199768 0.1200101 0.0109645 0.1816432 0.1341513 0.0532914 0.0111593 0.0067498 0.1158069 0.0730080 0.1510862 0.1364236 0.1210677 0.1020308 0.1310861 0.1581343 0.1430590 0.1130576 0.1322901 0.1363722 0.1348818 0.1129498 0.1105355 0.1191909 0.1308435 0.1184042 0.1223063 0.1350053 0.1596746 0.1281070 0.1250634 0.1280968 0.1200803 0.1523383 0.1147249 0.1075222 0.1328436 0.1367900 0.1206399 0.1446791 0.0964652 0.1303555 0.0973008 0.1276063 0.1118593 0.1015305 
S0327         0.2128469 0.0957463 0.0757834 0.0485578 0.1078160 0.0886179 0.1167811 0.0390744 0.1012483 0.0916233 0.1044642 0.0447626 0.1145629 0.1246109 0.0312100 0.1146058 0.0000000 0.1045842 0.1293381 0.1160358 0.0858168 0.0828323 0.0909703 0.0409657 0.1130599 0.0230369 0.0826035 0.1046043 0.0284769 0.1132054 0.0419730 0.1237889 0.1238083 0.1243403 0.1327559 0.0396492 0.1041367 0.0893428 0.0350642 0.0720472 0.0499863 0.0756741 0.0897679 0.0892082 0.1202565 0.1289098 0.1036002 0.1176246 0.0968316 0.0913553 0.1195301 0.0767792 0.0895072 0.0784190 0.0786510 0.1312368 0.0865338 0.0798539 0.1178812 0.0474288 0.0702301 0.0690198 0.0422002 0.0997243 0.1227855 0.1241457 0.1259700 0.1519451 0.1086458 0.1007597 0.1345430 0.0947789 0.1317813 0.1072620 0.1705495 0.1698460 0.1288589 0.0791532 0.1351070 0.0482555 0.1307348 0.0930725 0.1108315 0.1035514 0.1378413 0.1312705 0.0900770 0.1029675 0.0904936 0.0251344 0.0490233 0.0510951 0.1192642 0.1413163 0.0456757 0.0913275 0.1123514 0.1090705 0.0888341 0.1245796 0.1160094 0.1007050 0.0936082 0.0778669 0.0982729 0.1313738 0.1107210 0.0519628 0.1074768 0.1092394 0.0465792 0.0849117 0.0807303 0.0336164 0.0984643 0.0503637 0.0938745 0.1036720 0.1369833 0.0947944 0.0927470 0.0462309 0.0897495 0.0961965 0.0879418 0.0792011 0.1074469 0.1040001 0.0531622 0.1098417 0.0715799 0.1021796 0.0723227 0.0919473 0.0944078 0.0649627 
S0335         0.2380593 0.1028835 0.0977703 0.1232997 0.1091110 0.1098045 0.1354593 0.1147974 0.0886377 0.1130240 0.1181035 0.1186941 0.1340615 0.1491987 0.1105027 0.1322992 0.1045842 0.0000000 0.0798098 0.1366740 0.1061765 0.1015236 0.1051028 0.1195090 0.1148775 0.1054167 0.1006725 0.1130933 0.1013072 0.1332515 0.1058918 0.1009197 0.1143095 0.1428968 0.1432548 0.1177294 0.1173634 0.1066727 0.1112814 0.1164114 0.1066891 0.0975389 0.1041815 0.1055387 0.1415660 0.1493067 0.1069479 0.1379210 0.1119151 0.1065808 0.1007620 0.0935566 0.1079582 0.0962518 0.0969088 0.1054758 0.0983149 0.1198715 0.1358021 0.1049843 0.1005891 0.0841554 0.1251987 0.1225004 0.1059488 0.1106647 0.0994784 0.1295665 0.1262458 0.1078702 0.1624014 0.1149562 0.1566419 0.1255919 0.1388636 0.1348184 0.1527008 0.0978045 0.1555422 0.1027906 0.1127716 0.0721538 0.1307972 0.1147083 0.1081169 0.1559075 0.1061015 0.1152133 0.0926225 0.1042307 0.1070116 0.1091329 0.1399397 0.1478100 0.1190105 0.1097799 0.1328543 0.1320141 0.1059405 0.1439075 0.0697413 0.0795093 0.1095198 0.0926447 0.1094708 0.1011621 0.1149025 0.1089065 0.0936566 0.0913047 0.1229345 0.0947775 0.0997845 0.1110040 0.1056555 0.1073421 0.1113316 0.1109631 0.1134351 0.0670045 0.1085857 0.1184508 0.1051397 0.1327554 0.1060897 0.0981055 0.0618534 0.0381081 0.1058421 0.0996740 0.0801362 0.1182719 0.0871040 0.0649651 0.1082563 0.0808368 
S0345         0.2615278 0.1232135 0.1187395 0.1408859 0.1326581 0.1447464 0.1544137 0.1353367 0.1221017 0.1301150 0.1522956 0.1409947 0.1570879 0.1760635 0.1336362 0.1538021 0.1293381 0.0798098 0.0000000 0.1572102 0.1233562 0.1313805 0.1356111 0.1462380 0.1339833 0.1295117 0.1218875 0.1280146 0.1220754 0.1549486 0.1236918 0.1190175 0.1473508 0.1660151 0.1502623 0.1380471 0.1385926 0.1371876 0.1228890 0.1434886 0.1398787 0.1156310 0.1348888 0.1315434 0.1625584 0.1691412 0.1322421 0.1615155 0.1415526 0.1304561 0.1215073 0.1160979 0.1351042 0.1180906 0.1185627 0.1216167 0.1254054 0.1391946 0.1595478 0.1351167 0.1150095 0.1050397 0.1581208 0.1490900 0.1200856 0.1326416 0.1171534 0.1522907 0.1512343 0.1251485 0.1784712 0.1445278 0.1480765 0.1494051 0.1612921 0.1600290 0.1742481 0.1181710 0.1762441 0.1221236 0.1279323 0.0907441 0.1507269 0.1322459 0.1359184 0.1742389 0.1370481 0.1399908 0.1116081 0.1267427 0.1365992 0.1408542 0.1631233 0.1547742 0.1336198 0.1441023 0.1586601 0.1609421 0.1345439 0.1654668 0.0572570 0.1123262 0.1359857 0.1234096 0.1307713 0.1294249 0.1336343 0.1193536 0.1166894 0.1205047 0.1455967 0.1196149 0.1236021 0.1337074 0.1204678 0.1387296 0.1401245 0.1295852 0.1276323 0.0818947 0.1393245 0.1341806 0.1320351 0.1425395 0.1313963 0.1232497 0.0351829 0.0724570 0.1379922 0.1185934 0.1064358 0.1412071 0.1139102 0.0777994 0.1254688 0.1072750 
S0355         0.2431942 0.1328550 0.1042165 0.1373380 0.1340320 0.1207688 0.0151545 0.1267057 0.1336484 0.1216102 0.1361565 0.1368448 0.0136336 0.0687000 0.1207937 0.0117019 0.1160358 0.1366740 0.1572102 0.0000000 0.1194363 0.1155402 0.1217869 0.1358007 0.1446330 0.1122520 0.1131249 0.1325419 0.1105227 0.0090151 0.1139699 0.1461715 0.1494546 0.0748994 0.0244513 0.1258139 0.1340547 0.1202077 0.1270415 0.1290905 0.1231128 0.1102374 0.1203689 0.1187691 0.0154935 0.1547671 0.1318957 0.0099847 0.1171566 0.1232967 0.1512169 0.1072819 0.1223938 0.1097045 0.1094677 0.1619260 0.1152029 0.1392030 0.0715054 0.1211965 0.1229132 0.1046470 0.1239494 0.0438116 0.1492952 0.1511106 0.1471589 0.1790505 0.1480533 0.1314156 0.1646810 0.1240178 0.0910037 0.0719502 0.1940461 0.1919544 0.1599071 0.1127599 0.1648365 0.1036893 0.1594896 0.1294999 0.0682953 0.1358515 0.1704582 0.1632324 0.1226436 0.1408042 0.1250840 0.1136572 0.1230784 0.1227693 0.0138092 0.1875624 0.1349937 0.0561944 0.0132967 0.0087103 0.1194122 0.0779918 0.1537726 0.1366755 0.1239772 0.1063241 0.1359197 0.1595967 0.1471900 0.1162690 0.1333051 0.1388266 0.1381195 0.1166975 0.1109235 0.1228121 0.1333094 0.1200407 0.1252205 0.1374259 0.1628860 0.1317007 0.1274189 0.1314389 0.1254183 0.1581038 0.1192300 0.1112341 0.1351477 0.1387451 0.1232588 0.1459361 0.0985133 0.1328940 0.1003009 0.1294991 0.1194408 0.1047039 
S0376         0.2131882 0.0782211 0.0832419 0.1070064 0.1049396 0.0801963 0.1171310 0.1015216 0.1131758 0.0787558 0.0871312 0.1056486 0.1146472 0.1269971 0.0938190 0.1121425 0.0858168 0.1061765 0.1233562 0.1194363 0.0000000 0.0731347 0.0785664 0.1061557 0.0933731 0.0857206 0.0908443 0.0617927 0.0838687 0.1155405 0.0906883 0.1204586 0.0933628 0.1267864 0.1396396 0.1000109 0.0857897 0.0781999 0.0918976 0.1091482 0.0961081 0.0656812 0.0771014 0.0937928 0.1225810 0.1195751 0.0821218 0.1198819 0.0928848 0.0790308 0.1118753 0.0848030 0.0785838 0.0869368 0.0880325 0.1284037 0.0901293 0.1087609 0.1226351 0.0939039 0.0922212 0.0781442 0.1063766 0.1007132 0.1231000 0.1201250 0.1217232 0.1535945 0.0949189 0.0948173 0.1367909 0.0930795 0.1382830 0.1123198 0.1636190 0.1574594 0.1260345 0.0879615 0.1308330 0.0750557 0.1314396 0.0984811 0.1151836 0.0851624 0.1373577 0.1277136 0.0795609 0.0869510 0.0996014 0.0879356 0.0954949 0.0972665 0.1209309 0.1528276 0.1049219 0.0991215 0.1166275 0.1138665 0.0764888 0.1277607 0.1057484 0.1081053 0.0792425 0.0659939 0.0815269 0.1352121 0.0892264 0.0928355 0.1103389 0.1119511 0.1091378 0.0686989 0.0897762 0.0941434 0.0941190 0.0957404 0.0852222 0.0968925 0.1283759 0.0962594 0.0871367 0.1049293 0.0754388 0.1229357 0.0757415 0.0675849 0.1019174 0.1051636 0.0916071 0.1080844 0.0742206 0.1043803 0.0783339 0.0933442 0.0498656 0.0755364 
S0400         0.2106056 0.0521653 0.0789679 0.1138242 0.1026375 0.0128777 0.1148347 0.0984538 0.1056917 0.0151635 0.0621559 0.1060257 0.1131530 0.1206851 0.0929288 0.1125817 0.0828323 0.1015236 0.1313805 0.1155402 0.0731347 0.0000000 0.0161435 0.1081910 0.0833244 0.0827614 0.0854652 0.0854093 0.0786260 0.1091658 0.0922518 0.1198714 0.0955770 0.1181187 0.1304117 0.1040569 0.0471526 0.0118801 0.0948473 0.1099847 0.0875394 0.0612923 0.0128118 0.0923825 0.1189566 0.1275952 0.0737406 0.1153536 0.0890981 0.0214231 0.1108725 0.0820417 0.0151155 0.0820231 0.0819143 0.1339945 0.0882634 0.1084449 0.1123948 0.0852659 0.0974247 0.0722304 0.1052544 0.0990735 0.1203975 0.1237302 0.1182881 0.1427574 0.0747442 0.1009327 0.1385501 0.0896442 0.1323199 0.1056443 0.1662232 0.1640759 0.1308354 0.0847451 0.1375421 0.0754966 0.1262467 0.0893942 0.1083958 0.0657174 0.1375517 0.1362795 0.0135484 0.0536223 0.0909001 0.0867913 0.0863974 0.0905934 0.1173866 0.1547228 0.1047668 0.0883375 0.1144552 0.1069758 0.0135294 0.1202665 0.1084768 0.1019966 0.0148150 0.0124526 0.0599239 0.1340494 0.0656533 0.0894113 0.1036342 0.1075174 0.1114917 0.0409062 0.0838123 0.0927941 0.0985856 0.0879687 0.0191129 0.1046211 0.1289022 0.0923928 0.0269487 0.1041609 0.0438409 0.1256687 0.0430598 0.0616359 0.1015031 0.1033791 0.0873367 0.1140780 0.0726435 0.1012426 0.0782380 0.0911069 0.0763138 0.0696833 
S0405         0.2160006 0.0608878 0.0840620 0.1233210 0.1069512 0.0208597 0.1198798 0.1048959 0.1122296 0.0223242 0.0697664 0.1130268 0.1187142 0.1263481 0.1007423 0.1174160 0.0909703 0.1051028 0.1356111 0.1217869 0.0785664 0.0161435 0.0000000 0.1153147 0.0899789 0.0919529 0.0923330 0.0917671 0.0878035 0.1147564 0.0978231 0.1258438 0.1031150 0.1242244 0.1380224 0.1096177 0.0546086 0.0171013 0.1025701 0.1166717 0.0960124 0.0688928 0.0199061 0.0979102 0.1247918 0.1314848 0.0802997 0.1210863 0.0961302 0.0279855 0.1212375 0.0887799 0.0231227 0.0891729 0.0886276 0.1427302 0.0941645 0.1184006 0.1190815 0.0941157 0.1077177 0.0783103 0.1115195 0.1053636 0.1285202 0.1296719 0.1248115 0.1526324 0.0832907 0.1050651 0.1426992 0.0955212 0.1393545 0.1143948 0.1720928 0.1695784 0.1343976 0.0923864 0.1411618 0.0855598 0.1338931 0.0958484 0.1149930 0.0732765 0.1443480 0.1403998 0.0201666 0.0600507 0.0993831 0.0956390 0.0948131 0.0987385 0.1233156 0.1630577 0.1131408 0.0959257 0.1206006 0.1119833 0.0198219 0.1257929 0.1126932 0.1080520 0.0231828 0.0121201 0.0682112 0.1386191 0.0739832 0.0972676 0.1134444 0.1131872 0.1194480 0.0468045 0.0924967 0.0983373 0.1043772 0.0972963 0.0259373 0.1083711 0.1358980 0.1009698 0.0347535 0.1084243 0.0501253 0.1337275 0.0496941 0.0704088 0.1064827 0.1079583 0.0958228 0.1207941 0.0777432 0.1084384 0.0872403 0.0979587 0.0820966 0.0783120 
S0407sl       0.2297448 0.1158043 0.0910215 0.0635676 0.1233845 0.1171934 0.1363146 0.0497097 0.1231623 0.1142427 0.1186076 0.0593411 0.1310135 0.1429410 0.0478185 0.1334239 0.0409657 0.1195090 0.1462380 0.1358007 0.1061557 0.1081910 0.1153147 0.0000000 0.1323378 0.0402041 0.1003867 0.1226955 0.0482494 0.1322378 0.0573535 0.1406716 0.1363087 0.1457372 0.1564441 0.0543800 0.1215497 0.1160032 0.0464600 0.0830803 0.0706939 0.0966766 0.1150773 0.1050414 0.1397757 0.1441952 0.1159470 0.1364877 0.1164971 0.1164133 0.1348314 0.0949449 0.1157410 0.0976449 0.0969554 0.1469544 0.1009069 0.0993386 0.1370575 0.0659877 0.0868983 0.0915114 0.0520368 0.1166092 0.1384280 0.1380116 0.1403260 0.1666493 0.1265857 0.1191047 0.1500995 0.1134342 0.1538859 0.1263185 0.1814165 0.1806295 0.1456191 0.0960461 0.1508177 0.0645838 0.1454808 0.1053030 0.1299265 0.1275324 0.1558346 0.1512909 0.1149886 0.1242271 0.1130888 0.0410876 0.0680146 0.0703248 0.1385853 0.1475475 0.0581950 0.1090838 0.1317655 0.1288139 0.1139649 0.1415416 0.1289085 0.1188234 0.1149402 0.1004872 0.1190457 0.1554490 0.1348840 0.0696536 0.1263811 0.1299545 0.0578637 0.1056889 0.1018933 0.0301563 0.1156885 0.0711063 0.1160837 0.1211089 0.1539041 0.1078352 0.1149889 0.0579950 0.1120569 0.1125217 0.1102277 0.1011786 0.1197816 0.1197698 0.0669767 0.1253981 0.0915759 0.1172016 0.0893355 0.1067723 0.1097088 0.0866131 
S0412sl       0.2377630 0.0885619 0.1072416 0.1297803 0.1248013 0.0899970 0.1426810 0.1257704 0.1236266 0.0947378 0.0992138 0.1293446 0.1410801 0.1440714 0.1180853 0.1405387 0.1130599 0.1148775 0.1339833 0.1446330 0.0933731 0.0833244 0.0899789 0.1323378 0.0000000 0.1116802 0.1165224 0.0961151 0.1035157 0.1408401 0.1158259 0.1321053 0.0948582 0.1439551 0.1607631 0.1273027 0.0948139 0.0871013 0.1216328 0.1247309 0.1130442 0.0778199 0.0874106 0.1179758 0.1483915 0.1408259 0.0716202 0.1444555 0.1134183 0.0888862 0.1277684 0.1110596 0.0900779 0.1126236 0.1117906 0.1370937 0.1135475 0.1275768 0.1411616 0.1112096 0.1094788 0.0976821 0.1305589 0.1237179 0.1271979 0.1379146 0.1265190 0.1569579 0.1115589 0.1171445 0.1524406 0.1184383 0.1585199 0.1306025 0.1695151 0.1669997 0.1402861 0.1137261 0.1485221 0.0994758 0.1388508 0.1095719 0.1326499 0.0916617 0.1552381 0.1451088 0.0889616 0.1014152 0.1181051 0.1134069 0.1122838 0.1148016 0.1443396 0.1570716 0.1305175 0.1067874 0.1400751 0.1368189 0.0835639 0.1462693 0.1154467 0.1217090 0.0881269 0.0771343 0.0909010 0.1490093 0.0992157 0.1048510 0.1229054 0.1285245 0.1352883 0.0851960 0.1114915 0.1166807 0.1145512 0.1121981 0.0923210 0.1209070 0.1549980 0.1103703 0.0941629 0.1249024 0.0931823 0.1394712 0.0947895 0.0867497 0.1108428 0.1173926 0.1150700 0.1241296 0.0950711 0.1234024 0.1034931 0.1091946 0.0931883 0.0910490 
S0417         0.2052742 0.0927997 0.0787397 0.0454903 0.1060139 0.0906469 0.1127727 0.0368980 0.1064863 0.0905928 0.1047482 0.0422015 0.1094119 0.1164234 0.0287145 0.1104879 0.0230369 0.1054167 0.1295117 0.1122520 0.0857206 0.0827614 0.0919529 0.0402041 0.1116802 0.0000000 0.0813202 0.1019860 0.0280318 0.1086050 0.0401205 0.1232987 0.1215889 0.1209420 0.1243127 0.0366450 0.1005647 0.0879637 0.0340533 0.0709589 0.0508509 0.0754144 0.0897311 0.0874029 0.1145108 0.1239841 0.0998571 0.1133586 0.0911950 0.0912754 0.1209085 0.0759449 0.0894187 0.0779830 0.0782155 0.1301361 0.0842699 0.0790976 0.1128206 0.0471684 0.0677602 0.0661822 0.0376957 0.0938547 0.1212016 0.1212570 0.1239313 0.1513114 0.1131992 0.1004147 0.1291861 0.0914470 0.1316332 0.1039684 0.1690723 0.1685817 0.1255705 0.0783092 0.1302645 0.0462084 0.1298764 0.0895913 0.1087445 0.1042608 0.1391021 0.1299025 0.0895527 0.0976887 0.0910687 0.0233777 0.0483977 0.0504684 0.1149411 0.1346138 0.0441910 0.0882375 0.1092621 0.1047593 0.0874480 0.1194101 0.1180567 0.1025014 0.0921981 0.0783151 0.0964291 0.1325348 0.1097418 0.0479361 0.1078250 0.1123284 0.0451231 0.0816308 0.0810926 0.0323864 0.0981203 0.0501049 0.0929602 0.1037382 0.1326470 0.0962255 0.0926194 0.0424170 0.0850723 0.0932664 0.0844431 0.0780031 0.1072295 0.1041454 0.0500350 0.1085522 0.0691426 0.0980275 0.0690539 0.0929010 0.0923793 0.0657261 
S0419         0.2148788 0.0982823 0.0152376 0.1101426 0.0521808 0.0929965 0.1160893 0.0995701 0.1084951 0.0978145 0.1019759 0.1007722 0.1143192 0.1182693 0.0926748 0.1118744 0.0826035 0.1006725 0.1218875 0.1131249 0.0908443 0.0854652 0.0923330 0.1003867 0.1165224 0.0813202 0.0000000 0.1026250 0.0750169 0.1119151 0.0851555 0.1182997 0.1177385 0.1192911 0.1277438 0.0954632 0.1011591 0.0911986 0.0927524 0.1087402 0.0895086 0.0802211 0.0917471 0.0331052 0.1179053 0.1230171 0.1013479 0.1162313 0.0958398 0.0906832 0.1167115 0.0108842 0.0935095 0.0122055 0.0134629 0.1319391 0.0308332 0.1117125 0.1123571 0.0860066 0.0958242 0.0734155 0.1010991 0.0927213 0.1186003 0.1214640 0.1179037 0.1467740 0.1176371 0.0437420 0.1336546 0.0974595 0.1310423 0.1019510 0.1676837 0.1697170 0.1266925 0.0137965 0.1298803 0.0811814 0.1345674 0.0887320 0.1088670 0.1051045 0.1402302 0.1275257 0.0917218 0.1041886 0.0913966 0.0816525 0.0880039 0.0913124 0.1197515 0.1646845 0.1016069 0.0899777 0.1125365 0.1067060 0.0925765 0.1207916 0.1099808 0.1004476 0.0936659 0.0803764 0.1053353 0.1286015 0.1083966 0.0820773 0.1074558 0.1064093 0.1018814 0.0855131 0.0164546 0.0903944 0.0430196 0.0875387 0.0959283 0.0465346 0.1337964 0.0874718 0.0978153 0.1034747 0.0934962 0.1250529 0.0941399 0.0848896 0.1011643 0.0994772 0.0870893 0.1078369 0.0698128 0.1080846 0.0614403 0.0856624 0.0977732 0.0737880 
S0427         0.2182867 0.0841867 0.0981418 0.1253704 0.1125130 0.0942734 0.1330554 0.1211106 0.1244091 0.0934546 0.0953959 0.1222300 0.1269680 0.1410638 0.1106031 0.1276720 0.1046043 0.1130933 0.1280146 0.1325419 0.0617927 0.0854093 0.0917671 0.1226955 0.0961151 0.1019860 0.1026250 0.0000000 0.0996513 0.1292170 0.1077131 0.1260343 0.1002572 0.1376408 0.1495935 0.1202125 0.0941086 0.0919161 0.1077105 0.1270586 0.1122943 0.0678160 0.0926421 0.1075289 0.1376405 0.1214198 0.0870553 0.1347144 0.1057267 0.0903389 0.1265454 0.0963095 0.0943222 0.0984616 0.0983647 0.1371272 0.1039072 0.1294586 0.1345027 0.1079970 0.1108085 0.0889237 0.1213513 0.1172912 0.1281240 0.1330119 0.1242972 0.1623812 0.1000029 0.1065124 0.1336234 0.1038887 0.1515293 0.1230823 0.1723954 0.1660343 0.1263721 0.1012960 0.1330464 0.0977384 0.1360641 0.1061930 0.1280132 0.0922315 0.1486781 0.1319970 0.0916026 0.0969156 0.1062872 0.1076328 0.1100131 0.1118273 0.1348235 0.1700036 0.1246322 0.1113349 0.1315901 0.1270560 0.0879296 0.1427665 0.1103057 0.1219482 0.0921231 0.0765998 0.0861573 0.1456263 0.0999207 0.1075275 0.1248916 0.1270356 0.1295465 0.0802014 0.1024274 0.1119077 0.1058105 0.1091074 0.0953130 0.1121947 0.1464148 0.1025798 0.0938163 0.1248240 0.0854716 0.1394821 0.0876531 0.0771762 0.1065924 0.1117237 0.1078519 0.1190946 0.0870571 0.1173553 0.0928860 0.1018059 0.0438109 0.0867831 
S0428sl       0.2198378 0.0900422 0.0691135 0.0529026 0.1015380 0.0846686 0.1108567 0.0442022 0.1061917 0.0829524 0.0994935 0.0492912 0.1098071 0.1144581 0.0337163 0.1079395 0.0284769 0.1013072 0.1220754 0.1105227 0.0838687 0.0786260 0.0878035 0.0482494 0.1035157 0.0280318 0.0750169 0.0996513 0.0000000 0.1052823 0.0380156 0.1230315 0.1151841 0.1151951 0.1244768 0.0417021 0.0957225 0.0842215 0.0420295 0.0562339 0.0531777 0.0780007 0.0846284 0.0803849 0.1119527 0.1204397 0.1016323 0.1117213 0.0948458 0.0843253 0.1173029 0.0689074 0.0853391 0.0696277 0.0710041 0.1288093 0.0780996 0.0741745 0.1063294 0.0482162 0.0638998 0.0660630 0.0452810 0.0926685 0.1214994 0.1190189 0.1241967 0.1498095 0.1115870 0.0920645 0.1282668 0.0906047 0.1271939 0.1022510 0.1652683 0.1689851 0.1244183 0.0719861 0.1270271 0.0441201 0.1325159 0.0927182 0.1002325 0.0972471 0.1419329 0.1280351 0.0839706 0.0994532 0.0936754 0.0288540 0.0511300 0.0530765 0.1136624 0.1285796 0.0463980 0.0792594 0.1062791 0.1047497 0.0840788 0.1115079 0.1165586 0.1019161 0.0864595 0.0746496 0.0930373 0.1335210 0.1091235 0.0485558 0.1088195 0.1125966 0.0509159 0.0820612 0.0723291 0.0387905 0.0909445 0.0518712 0.0874967 0.0963521 0.1327276 0.0929289 0.0907964 0.0486478 0.0847363 0.0873849 0.0797385 0.0768521 0.1053865 0.1000144 0.0513405 0.1069318 0.0690887 0.1000671 0.0673434 0.0904600 0.0898697 0.0640990 
