106
S0055       0.0000000 0.0846357 0.1079787 0.0663333 0.0803800 0.1430836 0.1219516 0.0693430 0.1122643 0.1310211 0.1187738 0.0898850 0.0662683 0.0716019 0.0878317 0.0950733 0.1126783 0.1158350 0.1008672 0.0994850 0.1143748 0.0668865 0.0668634 0.1266728 0.0788177 0.0788483 0.0654697 0.1230372 0.0987453 0.0872702 0.1876231 0.0774140 0.1056675 0.1095461 0.1325872 0.0934152 0.0720684 0.0873458 0.1432430 0.0910853 0.0846831 0.0804904 0.0834450 0.1370139 0.1503573 0.0641427 0.1243078 0.1842612 0.0864543 0.1185989 0.0829916 0.0925454 0.1675534 0.0859995 0.1770360 0.1644815 0.1415985 0.0931186 0.0794426 0.1426286 0.0658677 0.0932640 0.0988750 0.0962130 0.0716504 0.0777822 0.1283148 0.0981595 0.0955525 0.0655561 0.0722698 0.1360315 0.1374853 0.0658677 0.0598337 0.0488440 0.1166539 0.0595848 0.0960319 0.1366218 0.1031393 0.1298963 0.0674678 0.0859995 0.1104431 0.0939361 0.0537535 0.1138794 0.1549310 0.1247833 0.0782987 0.1397536 0.0920091 0.0771095 0.0653439 0.0429207 0.1128744 0.1467314 0.0944341 0.1142007 0.1056228 0.1079278 0.0778820 0.1286709 0.1168153 0.0917962 
S0196sl     0.0846357 0.0000000 0.0464948 0.0846882 0.0592013 0.1116399 0.0856299 0.0683914 0.0737756 0.0911928 0.0737277 0.0764499 0.0787633 0.0827777 0.0592048 0.0419997 0.0988257 0.0719108 0.0652553 0.0623276 0.1220866 0.0795299 0.0781835 0.1182234 0.0591057 0.0966443 0.0777854 0.0977101 0.0354402 0.0533539 0.1577449 0.0593238 0.0681281 0.0992114 0.0916070 0.0248701 0.0846962 0.0248701 0.1011369 0.0298136 0.0646274 0.0355049 0.0637387 0.0970920 0.0993708 0.1002347 0.0460949 0.1550459 0.0406515 0.0989325 0.0818830 0.0771577 0.1395171 0.0195998 0.1481768 0.1098404 0.0903744 0.0461460 0.1120426 0.0962121 0.0782914 0.0931033 0.0660387 0.0540422 0.0817368 0.0702334 0.0460590 0.0738012 0.0657713 0.0706913 0.0295610 0.0932910 0.0993514 0.0782914 0.0708763 0.0809558 0.0737861 0.0862781 0.0836758 0.0987739 0.0682141 0.0866404 0.0674192 0.0195998 0.0352132 0.1043964 0.0718698 0.0407420 0.1136311 0.0932508 0.0848237 0.1188221 0.1053576 0.0712158 0.0776393 0.0482356 0.0785306 0.0965951 0.0662427 0.0796901 0.0920860 0.1076796 0.0143087 0.1003016 0.0957082 0.0852095 
S0281       0.1079787 0.0464948 0.0000000 0.1218593 0.0934112 0.1363328 0.0787073 0.1112001 0.0945553 0.1266988 0.0989539 0.0858321 0.1153285 0.1207788 0.0927034 0.0598425 0.0989608 0.0854263 0.1003134 0.0763753 0.1114617 0.1166251 0.1163630 0.1417309 0.0853467 0.1003462 0.1067641 0.1513522 0.0772601 0.0868018 0.1981920 0.0779834 0.1050593 0.1258879 0.0876494 0.0650873 0.1218707 0.0595186 0.1053685 0.0703518 0.0847847 0.0522312 0.0899218 0.1230431 0.1023900 0.1079278 0.0630886 0.2038237 0.0708227 0.1001958 0.0969913 0.0770113 0.1862547 0.0586792 0.1963334 0.1145557 0.1027391 0.0769781 0.1381522 0.0746059 0.1146384 0.1245927 0.1027003 0.0801806 0.0847347 0.0782990 0.0835757 0.0957282 0.1012513 0.1053978 0.0579478 0.1070270 0.1055897 0.1146384 0.1074498 0.0870776 0.0606751 0.1162385 0.1052834 0.1049724 0.0735164 0.1228845 0.0960600 0.0586792 0.0573086 0.0989511 0.0987725 0.0632998 0.1101977 0.1069301 0.1200998 0.1298084 0.1316780 0.0988277 0.1135264 0.0816109 0.0924407 0.1178419 0.0743570 0.0964850 0.1157217 0.1213133 0.0518454 0.1143388 0.1032892 0.1081381 
S0282       0.0663333 0.0846882 0.1218593 0.0000000 0.0725023 0.1367623 0.1106825 0.0119740 0.1370799 0.1177350 0.1390677 0.0755616 0.0145051 0.0243035 0.1038127 0.0894835 0.0890650 0.1100139 0.0870246 0.0749535 0.0845192 0.0247757 0.0196218 0.1530225 0.0768399 0.0857572 0.0353562 0.0478173 0.0932962 0.0802236 0.1481512 0.0688661 0.0979258 0.0944208 0.0972111 0.0934766 0.0095269 0.0841997 0.0983853 0.0792043 0.0825288 0.0805406 0.0813583 0.1144762 0.1039144 0.0508104 0.1244011 0.1456760 0.0865099 0.1283555 0.0671543 0.0613872 0.1306268 0.0860540 0.1389719 0.0971734 0.1067554 0.0931807 0.0631491 0.1230610 0.0144211 0.0355473 0.0976844 0.0849669 0.0782990 0.0638996 0.1096859 0.0888947 0.0795692 0.0192909 0.0723116 0.0903773 0.0975877 0.0144211 0.0095181 0.0537863 0.0938243 0.0522731 0.1091155 0.1105391 0.0861809 0.1239432 0.0252770 0.0860540 0.1105211 0.1053473 0.0095230 0.1139636 0.1203013 0.0931943 0.0244567 0.1376659 0.0350909 0.0752210 0.0143353 0.0202510 0.0915705 0.1180719 0.0784857 0.0775964 0.0827025 0.0753557 0.0779282 0.0959688 0.1032728 0.0642097 
S0288       0.0803800 0.0592013 0.0934112 0.0725023 0.0000000 0.1448297 0.1212370 0.0969932 0.1239710 0.0772050 0.1353306 0.0981592 0.0806352 0.0847238 0.0916330 0.0851949 0.1233528 0.0988903 0.0244631 0.0909983 0.1491043 0.0814455 0.0800299 0.1625758 0.0669023 0.0923577 0.0866269 0.1317486 0.0792990 0.0144164 0.1494908 0.1131858 0.0254410 0.1024492 0.1171473 0.0667381 0.0867420 0.0667381 0.0990149 0.0721478 0.0726630 0.0422840 0.0716201 0.0967424 0.1229971 0.0877871 0.1052655 0.1469818 0.0476732 0.0864583 0.0744710 0.0690674 0.1318385 0.0601202 0.1402437 0.1142881 0.1452854 0.0534772 0.0913077 0.1348435 0.0801412 0.1095913 0.1065900 0.0776208 0.0846865 0.0785215 0.1051612 0.0488641 0.0143342 0.0784128 0.0358827 0.1480665 0.1445324 0.0801412 0.0724850 0.0972150 0.1251980 0.0793621 0.0993107 0.1378952 0.1043611 0.1386086 0.0821227 0.0601202 0.0917879 0.1148177 0.0735243 0.0856549 0.1553236 0.1252052 0.0933571 0.1412208 0.1080968 0.0796828 0.0794525 0.0617753 0.1296729 0.1499490 0.1011828 0.1094606 0.1158911 0.1333976 0.0416379 0.1291015 0.1192030 0.1013350 
S0289       0.1430836 0.1116399 0.1363328 0.1367623 0.1448297 0.0000000 0.1482405 0.1331112 0.0977678 0.1831969 0.0731237 0.1559832 0.1300540 0.1344836 0.0593422 0.0723150 0.1752627 0.0791636 0.1386091 0.1249071 0.1703004 0.1315776 0.1385164 0.0794299 0.1086558 0.1757100 0.1381241 0.1578734 0.1432086 0.1462667 0.2196150 0.1205180 0.1715454 0.1333460 0.1700252 0.1378436 0.1367747 0.1255652 0.1798739 0.1261831 0.1150201 0.1385284 0.1132000 0.1725605 0.1512960 0.1150108 0.1458309 0.2154739 0.1455518 0.1687487 0.1689252 0.1610944 0.1973332 0.1286132 0.2078043 0.1635392 0.1593802 0.1536944 0.1657702 0.1515282 0.1188355 0.1552142 0.1300468 0.0731448 0.1483470 0.1279885 0.0739029 0.1698196 0.1648483 0.1207992 0.1269378 0.1695881 0.1581817 0.1188355 0.1288215 0.1460784 0.1570011 0.1436747 0.0990623 0.1641471 0.1443329 0.0650898 0.1421693 0.1286132 0.1458977 0.1827430 0.1215651 0.1457400 0.1773291 0.1584695 0.1291421 0.0929460 0.1613936 0.0902788 0.1279776 0.1212523 0.1641099 0.1972878 0.1239965 0.1682104 0.1222807 0.1715195 0.1182486 0.1704427 0.1947212 0.1220399 
S0292       0.1219516 0.0856299 0.0787073 0.1106825 0.1212370 0.1482405 0.0000000 0.1082747 0.1240910 0.1168922 0.1171180 0.0968548 0.1044742 0.1163857 0.1104987 0.0904532 0.0952947 0.0884150 0.1286535 0.0620462 0.0713040 0.1194191 0.1120560 0.1204036 0.0956929 0.1235460 0.1031028 0.1564672 0.1080064 0.1141783 0.2147308 0.0973139 0.1348969 0.1066418 0.0936855 0.1019923 0.1106928 0.0921777 0.0929072 0.0999363 0.1015604 0.1042256 0.1000755 0.0987019 0.0845411 0.0707005 0.0910688 0.2108036 0.1205855 0.1101927 0.0830287 0.0770805 0.1932848 0.0942464 0.2033756 0.1167795 0.1015238 0.1135580 0.1176479 0.0300178 0.1038618 0.1290476 0.1023995 0.1029800 0.1172557 0.0944841 0.1108470 0.0957237 0.1299724 0.1097181 0.1045285 0.0787743 0.0192724 0.1038618 0.1035514 0.0656337 0.0423478 0.1127892 0.1156377 0.0292844 0.0145487 0.1288916 0.1077314 0.0942464 0.0782190 0.1325351 0.0903926 0.0849180 0.0518029 0.0573236 0.1175009 0.1217954 0.1250084 0.1092331 0.1029173 0.0791589 0.0800080 0.0859664 0.0909834 0.0851056 0.1046709 0.1174504 0.0916381 0.0696904 0.1172106 0.0910566 
S0293       0.0693430 0.0683914 0.1112001 0.0119740 0.0969932 0.1331112 0.1082747 0.0000000 0.1412407 0.1276893 0.1334656 0.0813919 0.0119627 0.0240795 0.1009106 0.0754400 0.0987103 0.1086550 0.1052417 0.0651136 0.0850172 0.0246612 0.0182671 0.1509661 0.0733829 0.0676400 0.0378790 0.0403287 0.0920320 0.0962502 0.1563035 0.0512927 0.1208394 0.0853982 0.0929659 0.0864602 0.0180163 0.0754793 0.1058594 0.0845524 0.0903075 0.0868316 0.0886934 0.1233248 0.1035188 0.0502175 0.1160334 0.1529754 0.0851282 0.1393702 0.0638369 0.0815964 0.1432083 0.0775226 0.1444309 0.1147081 0.0864919 0.0932992 0.0743621 0.1236190 0.0118768 0.0314148 0.0841227 0.0775300 0.0680828 0.0517444 0.0825612 0.1212542 0.1071762 0.0117938 0.0763332 0.0840989 0.1088896 0.0118768 0.0118625 0.0610738 0.0876775 0.0609645 0.1159022 0.1081020 0.0780688 0.1173497 0.0187448 0.0775226 0.0993053 0.1016485 0.0058698 0.1029667 0.1129032 0.0681236 0.0179971 0.1395959 0.0375240 0.0809245 0.0117903 0.0188821 0.0697768 0.1101805 0.0774402 0.0762448 0.0905485 0.0888650 0.0679198 0.0680944 0.1171105 0.0666847 
S0299       0.1122643 0.0737756 0.0945553 0.1370799 0.1239710 0.0977678 0.1240910 0.1412407 0.0000000 0.1658181 0.0576363 0.1440784 0.1455737 0.1347852 0.0520586 0.0525991 0.1613674 0.0707983 0.1253682 0.1124182 0.1594776 0.1473558 0.1388473 0.1040383 0.0928881 0.1479122 0.1434461 0.1483456 0.0744520 0.1252059 0.1696755 0.1075679 0.1476232 0.1450772 0.1394097 0.0958239 0.1370924 0.0807701 0.1482521 0.0673164 0.0989521 0.1043625 0.0974572 0.1389847 0.1473699 0.1342394 0.1016559 0.1666778 0.1006168 0.1408359 0.1352443 0.1277239 0.1575208 0.0881543 0.1595780 0.1194201 0.1457931 0.1075621 0.1473440 0.1480705 0.1447265 0.1640049 0.1069679 0.0532168 0.1287730 0.1248029 0.0656072 0.1541957 0.1420598 0.1210343 0.1006265 0.1480497 0.1246943 0.1447265 0.1217464 0.1349352 0.1240390 0.1491066 0.0841764 0.1545365 0.1169924 0.0833384 0.1327207 0.0881543 0.0878920 0.1485339 0.1273501 0.1090563 0.1502532 0.1553846 0.1445607 0.1104732 0.1621529 0.0908269 0.1431907 0.1036031 0.1426609 0.1548755 0.1238323 0.1230192 0.1413609 0.1499236 0.0797573 0.1644672 0.1691423 0.1334039 
S0308       0.1310211 0.0911928 0.1266988 0.1177350 0.0772050 0.1831969 0.1168922 0.1276893 0.1658181 0.0000000 0.1717491 0.1273765 0.1111098 0.1148500 0.1363159 0.1287893 0.1369186 0.1346603 0.0710562 0.1215909 0.1538585 0.1020375 0.1103134 0.1919173 0.1142590 0.1388302 0.1225973 0.1590130 0.1141528 0.0710808 0.2171798 0.1517414 0.0873164 0.1279173 0.1601430 0.0941574 0.1177463 0.0941574 0.1461410 0.1059001 0.1205908 0.0582468 0.0990540 0.1252361 0.1390803 0.1329892 0.1180579 0.2131462 0.0785792 0.1064650 0.1182800 0.1214389 0.1953148 0.0866444 0.2055959 0.1566374 0.1501824 0.0850121 0.1242341 0.1296600 0.1104275 0.1436250 0.1450123 0.1052526 0.1292559 0.1214844 0.1277200 0.1027539 0.0842809 0.1079173 0.0650162 0.1306956 0.1316055 0.1104275 0.1015042 0.1078173 0.0993245 0.1308947 0.1515604 0.1253431 0.0935736 0.1660409 0.1041345 0.0866444 0.1042704 0.1517158 0.1029683 0.0980533 0.1213378 0.1365854 0.1250355 0.1766875 0.1272789 0.1160942 0.1093472 0.0953353 0.1206660 0.1418270 0.1182234 0.1423917 0.1397877 0.1288870 0.0842613 0.1407729 0.1259498 0.1241142 
S0320       0.1187738 0.0737277 0.0989539 0.1390677 0.1353306 0.0731237 0.1171180 0.1334656 0.0576363 0.1717491 0.0000000 0.1210605 0.1322021 0.1388199 0.0470275 0.0475115 0.1377885 0.0656244 0.1368673 0.0839244 0.1164583 0.1162960 0.1408872 0.0587178 0.0793509 0.1418514 0.1302828 0.1507716 0.0875252 0.1366823 0.2074285 0.1005254 0.1607473 0.1317329 0.1226399 0.0806974 0.1390804 0.0861133 0.1343369 0.0736059 0.0852775 0.1102436 0.0840176 0.1348681 0.1316739 0.1259176 0.0951018 0.2035981 0.1004568 0.1684992 0.1137833 0.1065072 0.1860505 0.0880514 0.1961153 0.1388433 0.1206320 0.1073656 0.1470047 0.1348903 0.1314096 0.1501910 0.1083804 0.0598513 0.1228321 0.1122064 0.0530641 0.1471068 0.1545433 0.1303938 0.1004664 0.1171560 0.1176883 0.1314096 0.1309209 0.1200661 0.1040131 0.1333226 0.0776724 0.1252773 0.1116048 0.0536542 0.1193843 0.0880514 0.0951394 0.1427402 0.1142919 0.1167046 0.1224637 0.1346082 0.1391786 0.0959824 0.1643671 0.0776148 0.1300440 0.0978121 0.1117273 0.1256178 0.1255819 0.1245385 0.1213791 0.1588425 0.0796891 0.1432036 0.1550113 0.1137462 
S0376       0.0898850 0.0764499 0.0858321 0.0755616 0.0981592 0.1559832 0.0968548 0.0813919 0.1440784 0.1273765 0.1210605 0.0000000 0.0699286 0.0748867 0.0839875 0.0766749 0.0300521 0.1096455 0.1050114 0.0689729 0.0971673 0.0577556 0.0703408 0.1449557 0.0890808 0.0895199 0.0691071 0.1253921 0.1109402 0.0916010 0.1657544 0.0807330 0.1098987 0.1060635 0.0854967 0.0831774 0.0755685 0.0902770 0.1072994 0.0964132 0.0948602 0.0849023 0.0872204 0.1119536 0.1000013 0.0761283 0.0884117 0.1628893 0.0766688 0.1278860 0.0802029 0.0820613 0.1470987 0.0902770 0.1559466 0.1249192 0.1035648 0.0705952 0.1013100 0.1223749 0.0695211 0.0962333 0.0907641 0.0902878 0.0821703 0.0756770 0.1026120 0.0658298 0.1059895 0.0690061 0.0766759 0.0758730 0.0972904 0.0695211 0.0634472 0.0655773 0.0797758 0.0894348 0.1222350 0.0908220 0.0858439 0.1270390 0.0711487 0.0902770 0.0759768 0.1039136 0.0634787 0.0781030 0.1115611 0.1045561 0.0816336 0.1370867 0.0878566 0.1022924 0.0689791 0.0530970 0.0757646 0.0811377 0.0706130 0.0828018 0.0638475 0.1035295 0.0700193 0.1076332 0.0246546 0.0524274 
S0400       0.0662683 0.0787633 0.1153285 0.0145051 0.0806352 0.1300540 0.1044742 0.0119627 0.1455737 0.1111098 0.1322021 0.0699286 0.0000000 0.0193824 0.0977043 0.0836129 0.0832024 0.1038664 0.0809138 0.0760456 0.0786142 0.0197548 0.0146688 0.1463772 0.0711146 0.0856675 0.0302026 0.0407872 0.1007023 0.0742020 0.1775174 0.0633571 0.0914379 0.0881679 0.1063395 0.0873096 0.0145062 0.0783098 0.1077206 0.0862139 0.0767682 0.0744941 0.0756864 0.1080639 0.1133651 0.0384485 0.1180662 0.1743761 0.0804193 0.1217616 0.0681013 0.0756956 0.1580336 0.0800308 0.1672547 0.1148582 0.1004561 0.0870085 0.0705054 0.1164133 0.0095831 0.0303690 0.0915805 0.0790365 0.0782200 0.0583729 0.1035479 0.0981181 0.0881192 0.0144229 0.0665023 0.0906923 0.1049523 0.0095831 0.0095741 0.0482362 0.0876264 0.0592327 0.1030049 0.1043408 0.0801325 0.1176374 0.0201554 0.0800308 0.1043406 0.0991225 0.0047467 0.1075573 0.1138415 0.0930946 0.0195022 0.1309476 0.0299776 0.0696198 0.0095272 0.0151367 0.0855205 0.1117660 0.0726210 0.0718028 0.0769285 0.0819573 0.0721061 0.0958629 0.0972006 0.0586612 
S0405       0.0716019 0.0827777 0.1207788 0.0243035 0.0847238 0.1344836 0.1163857 0.0240795 0.1347852 0.1148500 0.1388199 0.0748867 0.0193824 0.0000000 0.0961693 0.0950272 0.0946061 0.1156649 0.0850051 0.0880451 0.0901288 0.0297884 0.0144829 0.1441579 0.0823256 0.0910747 0.0404726 0.0334391 0.1044869 0.0783788 0.1741677 0.0741892 0.0955364 0.0867485 0.1184069 0.0912993 0.0243055 0.0771206 0.1137255 0.0901691 0.0880138 0.0786805 0.0867656 0.1117535 0.1255432 0.0565209 0.1215016 0.1711423 0.0845074 0.1058284 0.0733490 0.0877025 0.1551478 0.0840833 0.1641564 0.1129548 0.1125724 0.0910071 0.0816710 0.1290607 0.0192709 0.0406867 0.0774632 0.0905969 0.0835426 0.0692664 0.0948599 0.1020991 0.0921480 0.0142432 0.0706959 0.1023697 0.1169170 0.0192709 0.0094559 0.0592270 0.0928751 0.0584538 0.1147412 0.1162341 0.0919182 0.1296219 0.0303878 0.0840833 0.1079763 0.0975368 0.0143172 0.1112536 0.1121391 0.1050533 0.0294032 0.1435845 0.0401678 0.0805972 0.0191541 0.0201052 0.0908998 0.1153169 0.0840964 0.0831443 0.0694446 0.0931497 0.0761910 0.1081507 0.1009217 0.0633103 
S0407sl     0.0878317 0.0592048 0.0927034 0.1038127 0.0916330 0.0593422 0.1104987 0.1009106 0.0520586 0.1363159 0.0470275 0.0839875 0.0977043 0.0961693 0.0000000 0.0295242 0.1050340 0.0457440 0.0926685 0.0755508 0.1142181 0.0987107 0.0916658 0.0750116 0.0582482 0.1043429 0.0964442 0.1187735 0.0845585 0.0925610 0.1376324 0.0831698 0.1111497 0.0973553 0.1137868 0.0792570 0.1038223 0.0656230 0.1362727 0.0711938 0.0636985 0.0794792 0.0628337 0.1133620 0.1210912 0.0910130 0.0663186 0.1353974 0.0853527 0.1278492 0.1184660 0.1189008 0.1208848 0.0723204 0.1288791 0.1177301 0.1178504 0.0789623 0.1324633 0.1375782 0.0971302 0.1271977 0.0701629 0.0297953 0.0835237 0.0812633 0.0533727 0.1029946 0.1071517 0.0771371 0.0714063 0.1276177 0.1110034 0.0971302 0.0838788 0.0936446 0.1089624 0.1057734 0.0513112 0.1103563 0.0993732 0.0349993 0.0994408 0.0723204 0.0663416 0.1109659 0.0903521 0.0855815 0.1343972 0.1186261 0.0970280 0.0691249 0.1255419 0.0570570 0.0962695 0.0671601 0.1153826 0.1416898 0.0917601 0.1126281 0.1116359 0.1282610 0.0648188 0.1281935 0.1256226 0.1043882 
S0417       0.0950733 0.0419997 0.0598425 0.0894835 0.0851949 0.0723150 0.0904532 0.0754400 0.0525991 0.1287893 0.0475115 0.0766749 0.0836129 0.0950272 0.0295242 0.0000000 0.0903663 0.0346096 0.0861623 0.0496876 0.1125607 0.0844250 0.0905704 0.0882868 0.0463139 0.0779367 0.0825809 0.1075708 0.0729430 0.0860642 0.1357033 0.0581427 0.1040075 0.1123310 0.0852410 0.0606544 0.0894918 0.0531130 0.0924201 0.0599571 0.0515775 0.0732376 0.0509022 0.0929092 0.0919601 0.0897234 0.0602839 0.1335362 0.0790300 0.1192560 0.0821265 0.0756706 0.1192819 0.0542272 0.1271263 0.0882162 0.0751000 0.0854572 0.1166609 0.1011724 0.0831226 0.0979258 0.0781836 0.0193307 0.0640311 0.0568375 0.0414845 0.1015036 0.1002897 0.0762732 0.0654509 0.0849457 0.0908555 0.0831226 0.0829135 0.0730583 0.0740187 0.0911370 0.0518348 0.0903441 0.0732384 0.0462315 0.0723913 0.0542272 0.0484083 0.0962118 0.0767163 0.0665563 0.1044814 0.0849342 0.0830380 0.0820083 0.1100430 0.0576542 0.0824304 0.0543228 0.0862824 0.1057754 0.0655263 0.0719446 0.0839200 0.1124151 0.0474159 0.0916408 0.1047569 0.0773417 
S0427       0.1126783 0.0988257 0.0989608 0.0890650 0.1233528 0.1752627 0.0952947 0.0987103 0.1613674 0.1369186 0.1377885 0.0300521 0.0832024 0.0946061 0.1050340 0.0903663 0.0000000 0.1251476 0.1309078 0.0831350 0.0956043 0.0639552 0.0901463 0.1701320 0.1033767 0.1204816 0.0821783 0.1502603 0.1370982 0.1161660 0.1872800 0.0943183 0.1373593 0.1389382 0.0927488 0.1062673 0.0890732 0.1117328 0.1153591 0.1209317 0.1040307 0.0922220 0.0948105 0.1301389 0.1078013 0.0826056 0.0826744 0.1839043 0.0991746 0.1329975 0.0952226 0.0969986 0.1671193 0.1142796 0.1766417 0.1415504 0.0875302 0.0925344 0.0956428 0.1042334 0.0827149 0.1017320 0.0969999 0.0975594 0.1117602 0.0891832 0.1247932 0.0954295 0.1322776 0.0883547 0.0991841 0.0677286 0.0957163 0.0827149 0.0825074 0.0586288 0.0782740 0.1038481 0.1383103 0.0893587 0.0844428 0.1264614 0.0704404 0.1142796 0.0703509 0.1206060 0.0763245 0.0723021 0.1021046 0.0882352 0.0954357 0.1461050 0.1022992 0.1038109 0.0820276 0.0600024 0.0687081 0.0743038 0.0988465 0.0970833 0.0767859 0.1085014 0.0916913 0.0907242 0.0406670 0.0769453 
S0428sl     0.1158350 0.0719108 0.0854263 0.1100139 0.0988903 0.0791636 0.0884150 0.1086550 0.0707983 0.1346603 0.0656244 0.1096455 0.1038664 0.1156649 0.0457440 0.0346096 0.1251476 0.0000000 0.1000018 0.0798215 0.1206715 0.1049513 0.1113667 0.0825444 0.0638310 0.1173302 0.0838157 0.1470491 0.0929269 0.0998833 0.1532999 0.0766349 0.1108016 0.1202984 0.1255872 0.0870840 0.1100239 0.0781525 0.1337059 0.0789593 0.0576565 0.0934087 0.0683680 0.1059737 0.1164955 0.0835442 0.0926946 0.1507635 0.0994625 0.1344464 0.1162385 0.1256512 0.1357866 0.0798591 0.1441198 0.1301286 0.1245250 0.1062886 0.1245613 0.1125430 0.1032623 0.1195305 0.1037437 0.0349328 0.0957590 0.0870450 0.0710181 0.1181821 0.1148821 0.0958170 0.0846721 0.1277808 0.1017085 0.1032623 0.1029575 0.1068033 0.0996151 0.1120883 0.0697181 0.1143822 0.0971194 0.0758226 0.0923657 0.0798591 0.0925875 0.1314617 0.0963887 0.1133752 0.1101681 0.1250373 0.0901272 0.0888527 0.1117966 0.0759357 0.1023329 0.0794494 0.1225484 0.1361935 0.0978921 0.1105353 0.1179427 0.1205279 0.0776965 0.1348102 0.1347431 0.1106003 
S0430       0.1008672 0.0652553 0.1003134 0.0870246 0.0244631 0.1386091 0.1286535 0.1052417 0.1253682 0.0710562 0.1368673 0.1050114 0.0809138 0.0850051 0.0926685 0.0861623 0.1309078 0.1000018 0.0000000 0.0911085 0.1572077 0.0817290 0.0803047 0.1642942 0.0860081 0.1191768 0.0933808 0.1207003 0.0858579 0.0094248 0.1686841 0.1203769 0.0199323 0.1097166 0.1426510 0.0730753 0.0870330 0.0730753 0.1222153 0.0785126 0.0919711 0.0480722 0.0906045 0.1034717 0.1408446 0.1024357 0.1122849 0.1657298 0.0535318 0.0932333 0.0884428 0.0906117 0.1496826 0.0662767 0.1586902 0.1317109 0.1535455 0.0594478 0.1136053 0.1428900 0.0804164 0.1099344 0.1137507 0.0784982 0.1105993 0.0980534 0.0985795 0.0681806 0.0192960 0.0786794 0.0414281 0.1561783 0.1523912 0.0804164 0.0727376 0.1044276 0.1328887 0.1009164 0.1062628 0.1456537 0.1116983 0.1327008 0.0821803 0.0662767 0.0985602 0.1368589 0.0737824 0.0923462 0.1635307 0.1395509 0.0936624 0.1427766 0.1084343 0.0930508 0.0797242 0.0618422 0.1372929 0.1578152 0.0943619 0.1168019 0.1232730 0.1316899 0.0473293 0.1438968 0.1264553 0.1084261 
S0552sl     0.0994850 0.0623276 0.0763753 0.0749535 0.0909983 0.1249071 0.0620462 0.0651136 0.1124182 0.1215909 0.0839244 0.0689729 0.0760456 0.0880451 0.0755508 0.0496876 0.0831350 0.0798215 0.0911085 0.0000000 0.0703823 0.0768104 0.0753816 0.1314223 0.0745049 0.0842204 0.0750687 0.0959258 0.0692695 0.0841782 0.1514482 0.0682076 0.1029309 0.0985917 0.0098931 0.0639096 0.0749535 0.0558550 0.0257414 0.0560005 0.0804182 0.0839417 0.0792337 0.0486895 0.0098808 0.0739165 0.0830331 0.1487626 0.0901290 0.1206215 0.0266210 0.0391175 0.1327494 0.0570866 0.1416422 0.0492439 0.0730486 0.0833750 0.0941698 0.0930012 0.0755699 0.0908677 0.0835793 0.0754318 0.0689910 0.0550287 0.0553433 0.0794374 0.0911085 0.0749535 0.0753098 0.0641266 0.0623248 0.0755699 0.0753816 0.0645036 0.0647576 0.0763979 0.0874834 0.0692360 0.0576916 0.0838277 0.0642651 0.0570866 0.0698102 0.0969677 0.0689371 0.0766692 0.0884834 0.0584154 0.0748690 0.0908209 0.0965786 0.0877612 0.0749207 0.0513759 0.0651722 0.0769918 0.0759506 0.0420091 0.0829027 0.1133222 0.0617653 0.0649525 0.1052356 0.0694584 
S0558       0.1143748 0.1220866 0.1114617 0.0845192 0.1491043 0.1703004 0.0713040 0.0850172 0.1594776 0.1538585 0.1164583 0.0971673 0.0786142 0.0901288 0.1142181 0.1125607 0.0956043 0.1206715 0.1572077 0.0703823 0.0000000 0.0923420 0.0855605 0.1417172 0.1050633 0.1304262 0.0654133 0.1320281 0.1325340 0.1414327 0.2493193 0.0830125 0.1651723 0.1406547 0.0934024 0.1329183 0.0845271 0.1213422 0.1161779 0.1163438 0.0977865 0.1222165 0.1094680 0.1165108 0.1085656 0.0576861 0.0908091 0.2446129 0.1402326 0.1500182 0.0810798 0.0891721 0.2258159 0.1241709 0.2368320 0.1425584 0.0828520 0.1327079 0.0969031 0.0984018 0.0781446 0.0930429 0.1369292 0.1204906 0.1071857 0.0846396 0.1346024 0.1371462 0.1589926 0.0838454 0.1226058 0.0902460 0.0716146 0.0781446 0.0779536 0.0468388 0.0658835 0.0920634 0.1405555 0.0837503 0.0661299 0.1391769 0.0736875 0.1241709 0.1039277 0.1122852 0.0646902 0.1210872 0.0711093 0.0926170 0.0909190 0.1415361 0.0847621 0.1193057 0.0774959 0.0612843 0.0787929 0.0976014 0.1078690 0.0848787 0.1049775 0.0970041 0.1285481 0.1012081 0.1236159 0.0849119 
S0641       0.0668865 0.0795299 0.1166251 0.0247757 0.0814455 0.1315776 0.1194191 0.0246612 0.1473558 0.1020375 0.1162960 0.0577556 0.0197548 0.0297884 0.0987107 0.0844250 0.0639552 0.1049513 0.0817290 0.0768104 0.0923420 0.0000000 0.0250601 0.1480962 0.0717755 0.0865320 0.0413125 0.0563337 0.1017772 0.0749312 0.1799535 0.0639163 0.0924306 0.0890861 0.1074803 0.0737095 0.0247778 0.0790669 0.1089023 0.0870841 0.0774923 0.0677104 0.0698873 0.1092479 0.1146091 0.0578645 0.1117101 0.1767189 0.0671183 0.1231531 0.0687553 0.0764565 0.1600862 0.0808238 0.1694816 0.1161387 0.1050336 0.0734168 0.0646794 0.1326795 0.0196390 0.0415349 0.0925154 0.0798069 0.0789779 0.0588855 0.1046274 0.0835198 0.0890376 0.0246271 0.0671247 0.0899547 0.1199801 0.0196390 0.0196165 0.0422417 0.1022313 0.0597618 0.1040731 0.1130011 0.0942352 0.1189171 0.0200334 0.0808238 0.0980860 0.0928092 0.0145858 0.1010896 0.1295839 0.1077739 0.0299838 0.1476473 0.0409943 0.0638894 0.0195175 0.0258837 0.0848295 0.1034218 0.0733140 0.0851411 0.0776560 0.0827350 0.0727887 0.1110394 0.0769104 0.0651105 
S0643       0.0668634 0.0781835 0.1163630 0.0196218 0.0800299 0.1385164 0.1120560 0.0182671 0.1388473 0.1103134 0.1408872 0.0703408 0.0146688 0.0144829 0.0916658 0.0905704 0.0901463 0.1113667 0.0803047 0.0753816 0.0855605 0.0250601 0.0000000 0.1549112 0.0777689 0.0864375 0.0357663 0.0338061 0.0926655 0.0736370 0.1608491 0.0696772 0.0907395 0.0819777 0.1140520 0.0866649 0.0196234 0.0724637 0.1156026 0.0786542 0.0835235 0.0739247 0.0823254 0.1073044 0.1134871 0.0514602 0.1172810 0.1580407 0.0798161 0.1152972 0.0685254 0.0750341 0.1421581 0.0794352 0.1510299 0.1084885 0.1081081 0.0863652 0.0771223 0.1246642 0.0145830 0.0359615 0.0855419 0.0860173 0.0789152 0.0646608 0.0974901 0.0898228 0.0874606 0.0095790 0.0659974 0.0979162 0.1125760 0.0145830 0.0047687 0.0544412 0.0881887 0.0656294 0.1104515 0.1119089 0.0872661 0.1254701 0.0255728 0.0794352 0.1036216 0.0929738 0.0096293 0.1068010 0.1218292 0.1005317 0.0247338 0.1394317 0.0299738 0.0761128 0.0144952 0.0152194 0.0862855 0.1110054 0.0794556 0.0785449 0.0837015 0.0887541 0.0715699 0.1035532 0.0965221 0.0649771 
S0645sl     0.1266728 0.1182234 0.1417309 0.1530225 0.1625758 0.0794299 0.1204036 0.1509661 0.1040383 0.1919173 0.0587178 0.1449557 0.1463772 0.1441579 0.0750116 0.0882868 0.1701320 0.0825444 0.1642942 0.1314223 0.1417172 0.1480962 0.1549112 0.0000000 0.1042857 0.1777120 0.1443221 0.2033934 0.1334237 0.1640699 0.2402629 0.1227978 0.1898406 0.1278356 0.1597758 0.1431628 0.1530352 0.1313972 0.1697276 0.1178939 0.1103598 0.1438480 0.0954566 0.1388615 0.1665083 0.1192154 0.1314621 0.2358521 0.1504471 0.1713730 0.1236153 0.1426238 0.2177679 0.1343875 0.2283208 0.1753192 0.1635386 0.1581056 0.1542231 0.1566267 0.1455620 0.1799294 0.1469844 0.0893159 0.1511543 0.1447377 0.0833147 0.1792744 0.1827530 0.1444208 0.1327610 0.1492775 0.1356589 0.1455620 0.1450108 0.1139848 0.1240971 0.1411020 0.0890211 0.1498902 0.1384914 0.0953596 0.1414973 0.1343875 0.1315156 0.1844920 0.1306461 0.1506096 0.1469085 0.1597215 0.1531060 0.1002633 0.1719572 0.1019850 0.1299179 0.1200119 0.1518471 0.1739869 0.1542654 0.1566533 0.1386966 0.1501597 0.1244658 0.1712479 0.1880693 0.1309275 
S0656sl     0.0788177 0.0591057 0.0853467 0.0768399 0.0669023 0.1086558 0.0956929 0.0733829 0.0928881 0.1142590 0.0793509 0.0890808 0.0711146 0.0823256 0.0582482 0.0463139 0.1033767 0.0638310 0.0860081 0.0745049 0.1050633 0.0717755 0.0777689 0.1042857 0.0000000 0.0776890 0.0702650 0.0957882 0.0790508 0.0731517 0.1664449 0.0699618 0.0899629 0.0985535 0.1066273 0.0665904 0.0768470 0.0587788 0.1059206 0.0658138 0.0249323 0.0667490 0.0246223 0.0928826 0.1122678 0.0648630 0.0915238 0.1635940 0.0724619 0.0984332 0.0888536 0.0818030 0.1479157 0.0600176 0.1488163 0.1161103 0.1082936 0.0787660 0.0900396 0.1129255 0.0706947 0.0978975 0.0832987 0.0467767 0.0587456 0.0517310 0.0701788 0.0958957 0.0867604 0.0762537 0.0592556 0.1115779 0.0961165 0.0706947 0.0705352 0.0607213 0.0930897 0.0659117 0.0467028 0.0955767 0.0848380 0.0904587 0.0723726 0.0600176 0.0786156 0.0836863 0.0586436 0.0984201 0.1105251 0.0976013 0.0830159 0.0990969 0.0966149 0.0303635 0.0701334 0.0542899 0.1063989 0.1339030 0.0777480 0.0845625 0.0966859 0.0856159 0.0646968 0.1062445 0.1183120 0.0835131 
S0673       0.0788483 0.0966443 0.1003462 0.0857572 0.0923577 0.1757100 0.1235460 0.0676400 0.1479122 0.1388302 0.1418514 0.0895199 0.0856675 0.0910747 0.1043429 0.0779367 0.1204816 0.1173302 0.1191768 0.0842204 0.1304262 0.0865320 0.0864375 0.1777120 0.0776890 0.0000000 0.0845730 0.0988409 0.1091794 0.1051986 0.1908561 0.1051417 0.1248408 0.1049673 0.1269062 0.1059088 0.0917597 0.0997643 0.1260353 0.0969696 0.0834688 0.0849283 0.0770683 0.1123293 0.1329168 0.0944862 0.1190899 0.1965568 0.0908275 0.1278874 0.0914703 0.1007023 0.1791370 0.0982064 0.1890902 0.1301989 0.1516376 0.0974425 0.0979930 0.1310795 0.0851503 0.1090796 0.1039038 0.0973301 0.0144598 0.0407707 0.1127247 0.1082666 0.1139947 0.0846746 0.0766657 0.1329958 0.1241171 0.0851503 0.0786827 0.0812858 0.1061634 0.1009402 0.1051191 0.1233812 0.0986968 0.1449613 0.0817201 0.0982064 0.1051638 0.0590011 0.0785086 0.1125349 0.1336983 0.0985145 0.0983782 0.1618202 0.0975053 0.0907053 0.0844139 0.0544246 0.1139805 0.1497311 0.0657589 0.0929614 0.1131846 0.1397441 0.0896895 0.1076789 0.1245340 0.0989414 
S0689       0.0654697 0.0777854 0.1067641 0.0353562 0.0866269 0.1381241 0.1031028 0.0378790 0.1434461 0.1225973 0.1302828 0.0691071 0.0302026 0.0404726 0.0964442 0.0825809 0.0821783 0.0838157 0.0933808 0.0750687 0.0654133 0.0413125 0.0357663 0.1443221 0.0702650 0.0845730 0.0000000 0.0723837 0.0861576 0.0801478 0.1746952 0.0513246 0.0879125 0.1004329 0.1049228 0.0861784 0.0353592 0.0773433 0.1138747 0.0724819 0.0639190 0.0735535 0.0747880 0.1079551 0.1203726 0.0385304 0.1030955 0.1716534 0.0793941 0.1200634 0.0676737 0.0817567 0.1556127 0.0790206 0.1646496 0.1394941 0.0991211 0.0858811 0.0696674 0.1147767 0.0300253 0.0416147 0.0904033 0.0835309 0.0772534 0.0577054 0.1022036 0.0967651 0.0942298 0.0351330 0.0656986 0.0895403 0.0970039 0.0300253 0.0299845 0.0476864 0.0799656 0.0585445 0.1016746 0.1029733 0.0727825 0.1335540 0.0253935 0.0790206 0.1029767 0.0978201 0.0247697 0.1061015 0.1122855 0.0918813 0.0355681 0.1290856 0.0298476 0.0826836 0.0298293 0.0149831 0.0844340 0.1102740 0.0777743 0.0709339 0.0640472 0.0652867 0.0712294 0.0945759 0.0959543 0.0579876 
S0690       0.1230372 0.0977101 0.1513522 0.0478173 0.1317486 0.1578734 0.1564672 0.0403287 0.1483456 0.1590130 0.1507716 0.1253921 0.0407872 0.0334391 0.1187735 0.1075708 0.1502603 0.1470491 0.1207003 0.0959258 0.1320281 0.0563337 0.0338061 0.2033934 0.0957882 0.0988409 0.0723837 0.0000000 0.1158271 0.1108314 0.2133605 0.0968518 0.1387890 0.1015478 0.1404990 0.1102377 0.0327459 0.0899203 0.1553536 0.1075191 0.0976796 0.1108599 0.1133076 0.1426501 0.1510369 0.0716777 0.1459899 0.2080266 0.1084590 0.1544445 0.1074769 0.1391174 0.1959328 0.0998213 0.1978844 0.1341457 0.1391641 0.1177261 0.1256922 0.1703817 0.0404694 0.0565689 0.0747375 0.1108886 0.0995685 0.0792183 0.0860641 0.1619328 0.1319765 0.0260861 0.0982189 0.1330718 0.1574792 0.0404694 0.0262551 0.0920506 0.1255143 0.1103066 0.1380591 0.1561630 0.1214127 0.1497594 0.0421279 0.0998213 0.1265202 0.1197771 0.0332561 0.1387070 0.1565821 0.1232184 0.0327076 0.1742739 0.0715890 0.1043984 0.0401015 0.0426763 0.1065409 0.1526816 0.1094169 0.1113287 0.1320762 0.1344914 0.0969724 0.1231490 0.1575399 0.0960215 
S0720       0.0987453 0.0354402 0.0772601 0.0932962 0.0792990 0.1432086 0.1080064 0.0920320 0.0744520 0.1141528 0.0875252 0.1109402 0.1007023 0.1044869 0.0845585 0.0729430 0.1370982 0.0929269 0.0858579 0.0692695 0.1325340 0.1017772 0.0926655 0.1334237 0.0790508 0.1091794 0.0861576 0.1158271 0.0000000 0.0729956 0.1634759 0.0923062 0.0898107 0.1038877 0.1059997 0.0417495 0.0933051 0.0417495 0.1164248 0.0000023 0.0848912 0.0532624 0.0836554 0.1115854 0.1004722 0.1179815 0.0765436 0.1605949 0.0586997 0.1227718 0.0963415 0.0860207 0.1445186 0.0359596 0.1535142 0.1166800 0.1210976 0.0646186 0.1218921 0.1359512 0.1000966 0.1165071 0.0923862 0.0867593 0.1030881 0.0908393 0.0764761 0.0822549 0.0866104 0.0915008 0.0464933 0.1242857 0.1085135 0.1000966 0.0852207 0.1036322 0.1096943 0.1090853 0.0975658 0.1368567 0.0966923 0.1150131 0.0887485 0.0359596 0.0644402 0.1283181 0.0930796 0.0706999 0.1385008 0.1251103 0.1071435 0.1343034 0.1151274 0.0845961 0.0991775 0.0676513 0.1142636 0.1194184 0.1005671 0.0937195 0.1151145 0.1032862 0.0406438 0.1332049 0.1324541 0.1145200 
S0724sl     0.0872702 0.0533539 0.0868018 0.0802236 0.0144164 0.1462667 0.1141783 0.0962502 0.1252059 0.0710808 0.1366823 0.0916010 0.0742020 0.0783788 0.0925610 0.0860642 0.1161660 0.0998833 0.0094248 0.0841782 0.1414327 0.0749312 0.0736370 0.1640699 0.0731517 0.1051986 0.0801478 0.1108314 0.0729956 0.0000000 0.1684465 0.1063260 0.0097894 0.0955132 0.1271533 0.0606320 0.0802314 0.0606320 0.1078875 0.0660200 0.0789786 0.0366706 0.0778318 0.0902974 0.1331748 0.0877871 0.0985602 0.1655005 0.0420003 0.0799632 0.0751570 0.0769354 0.1494797 0.0541764 0.1584713 0.1239789 0.1374644 0.0477042 0.0997431 0.1272172 0.0737447 0.1025799 0.0997574 0.0784118 0.0971201 0.0849100 0.0984642 0.0557013 0.0094787 0.0721652 0.0304931 0.1403912 0.1370875 0.0737447 0.0663093 0.0903170 0.1178872 0.0873709 0.1061357 0.1305331 0.0973533 0.1399421 0.0755735 0.0541764 0.0852996 0.1220201 0.0672637 0.0792363 0.1475688 0.1244511 0.0867420 0.1425859 0.1011743 0.0861916 0.0731270 0.0556594 0.1224337 0.1425048 0.0943989 0.1024580 0.1088545 0.1259529 0.0361163 0.1283092 0.1122938 0.0945533 
S0735       0.1876231 0.1577449 0.1981920 0.1481512 0.1494908 0.2196150 0.2147308 0.1563035 0.1696755 0.2171798 0.2074285 0.1657544 0.1775174 0.1741677 0.1376324 0.1357033 0.1872800 0.1532999 0.1686841 0.1514482 0.2493193 0.1799535 0.1608491 0.2402629 0.1664449 0.1908561 0.1746952 0.2133605 0.1634759 0.1684465 0.0000000 0.1730375 0.1953696 0.1888695 0.2054978 0.1640854 0.1679753 0.1441543 0.2095969 0.1450522 0.1735411 0.1435477 0.1705272 0.2213624 0.1893190 0.1734563 0.2234318 0.0095284 0.1435265 0.2132040 0.1908562 0.1607415 0.0095284 0.1539072 0.0047473 0.1947369 0.2278354 0.1515537 0.1781406 0.2203615 0.1764842 0.2171116 0.1600063 0.1376115 0.1711496 0.1405937 0.1656765 0.1448876 0.1665784 0.1497459 0.1318655 0.2088772 0.1975332 0.1764842 0.1506919 0.1746462 0.1840128 0.1567749 0.1563557 0.2078960 0.1867425 0.1996492 0.1808657 0.1539072 0.2048698 0.1812418 0.1672547 0.2048295 0.2307120 0.1842293 0.1762706 0.2011759 0.1963544 0.1845348 0.1743761 0.1298455 0.2034907 0.2360231 0.1852329 0.2081795 0.1927437 0.2106695 0.1558015 0.1820192 0.1859149 0.1646403 
S0742       0.0774140 0.0593238 0.0779834 0.0688661 0.1131858 0.1205180 0.0973139 0.0512927 0.1075679 0.1517414 0.1005254 0.0807330 0.0633571 0.0741892 0.0831698 0.0581427 0.0943183 0.0766349 0.1203769 0.0682076 0.0830125 0.0639163 0.0696772 0.1227978 0.0699618 0.1051417 0.0513246 0.0968518 0.0923062 0.1063260 0.1730375 0.0000000 0.1261123 0.1196956 0.0963040 0.0793935 0.0688723 0.0709313 0.1131620 0.0784324 0.0636454 0.0927794 0.0744702 0.1277743 0.1125620 0.0558719 0.0834079 0.1700455 0.0987975 0.1281787 0.0735003 0.0807532 0.1541426 0.0724522 0.1630938 0.1235694 0.0923576 0.1055805 0.0762953 0.0990487 0.0508358 0.0591752 0.0846884 0.0707479 0.0894644 0.0690718 0.0826898 0.1248252 0.1215672 0.0568119 0.0841122 0.0890131 0.0977525 0.0508358 0.0628619 0.0532406 0.0726730 0.0582927 0.0883331 0.0971932 0.0797570 0.1047107 0.0414654 0.0724522 0.0833165 0.1033694 0.0514805 0.0988767 0.1179634 0.1050422 0.0629295 0.1484644 0.0754397 0.0823229 0.0625158 0.0415294 0.0839324 0.1096062 0.0774308 0.0827766 0.0827750 0.0771637 0.0649426 0.1122923 0.1085611 0.0814195 
S0748       0.1056675 0.0681281 0.1050593 0.0979258 0.0254410 0.1715454 0.1348969 0.1208394 0.1476232 0.0873164 0.1607473 0.1098987 0.0914379 0.0955364 0.1111497 0.1040075 0.1373593 0.1108016 0.0199323 0.1029309 0.1651723 0.0924306 0.0907395 0.1898406 0.0899629 0.1248408 0.0879125 0.1387890 0.0898107 0.0097894 0.1953696 0.1261123 0.0000000 0.1151094 0.1499210 0.0606231 0.0979355 0.0606231 0.1281454 0.0820638 0.0962033 0.0501647 0.0947081 0.1003176 0.1562630 0.1076973 0.1175773 0.1917393 0.0558639 0.0976165 0.0926375 0.0950296 0.1742863 0.0541690 0.1842325 0.1460339 0.1615357 0.0620579 0.1190012 0.1502664 0.0908580 0.1226801 0.1192147 0.0954358 0.1061431 0.1025739 0.1174521 0.0713202 0.0200575 0.0887972 0.0431746 0.1641182 0.1599333 0.0908580 0.0825040 0.1095637 0.1395396 0.1056956 0.1259130 0.1528466 0.1172187 0.1635044 0.0931898 0.0541690 0.1031456 0.1435878 0.0837285 0.0966374 0.1718417 0.1465033 0.0969130 0.1666205 0.1097062 0.1042706 0.0900127 0.0712425 0.1440456 0.1655617 0.1134784 0.1225278 0.1292795 0.1483457 0.0493548 0.1512555 0.1324705 0.1136270 
S0753       0.1095461 0.0992114 0.1258879 0.0944208 0.1024492 0.1333460 0.1066418 0.0853982 0.1450772 0.1279173 0.1317329 0.1060635 0.0881679 0.0867485 0.0973553 0.1123310 0.1389382 0.1202984 0.1097166 0.0985917 0.1406547 0.0890861 0.0819777 0.1278356 0.0985535 0.1049673 0.1004329 0.1015478 0.1038877 0.0955132 0.1888695 0.1196956 0.1151094 0.0000000 0.1343569 0.1088898 0.0944300 0.0931511 0.1102347 0.0916004 0.1046330 0.1032499 0.0961696 0.1019418 0.1404100 0.1116924 0.1529529 0.1854635 0.1096378 0.1335082 0.0861595 0.0842757 0.1686283 0.1008668 0.1781887 0.1209573 0.1525378 0.1169002 0.1385085 0.1190629 0.0876241 0.1181334 0.0912468 0.1078608 0.1045244 0.0974229 0.1058359 0.1073030 0.1108062 0.0802822 0.0937500 0.1316174 0.1214780 0.0876241 0.0742154 0.0884494 0.0975855 0.1164555 0.1026436 0.1207348 0.1023150 0.1350098 0.0898073 0.1008668 0.1374531 0.1197677 0.0807773 0.1394432 0.1205311 0.1090713 0.1012412 0.1302692 0.1065043 0.0963695 0.0868415 0.0763589 0.1172561 0.1545640 0.1118504 0.1133937 0.1163004 0.1174506 0.0996209 0.1012402 0.1464116 0.1016610 
S0758       0.1325872 0.0916070 0.0876494 0.0972111 0.1171473 0.1700252 0.0936855 0.0929659 0.1394097 0.1601430 0.1226399 0.0854967 0.1063395 0.1184069 0.1137868 0.0852410 0.0927488 0.1255872 0.1426510 0.0098931 0.0934024 0.1074803 0.1140520 0.1597758 0.1066273 0.1269062 0.1049228 0.1404990 0.1059997 0.1271533 0.2054978 0.0963040 0.1499210 0.1343569 0.0000000 0.1007289 0.1126491 0.0910745 0.0305877 0.0914586 0.1128147 0.1092228 0.1110781 0.0659315 0.0195791 0.0992284 0.0911182 0.2017715 0.1215605 0.1490475 0.0422486 0.0504239 0.1845658 0.0930962 0.1944284 0.0534187 0.0886985 0.1144915 0.1032117 0.1292835 0.1057101 0.1222556 0.1250240 0.0998437 0.1090033 0.0919377 0.0903227 0.1129825 0.1258980 0.1034116 0.1053890 0.0870508 0.0941209 0.1057101 0.1053868 0.0880570 0.0837976 0.0990324 0.1335093 0.1017935 0.0903748 0.1236658 0.0944240 0.0930962 0.0782784 0.1395028 0.0986489 0.0998435 0.1227960 0.0839357 0.1110360 0.1082604 0.1208340 0.1211363 0.1047321 0.0812925 0.0884588 0.1001313 0.1160920 0.0464630 0.1065385 0.1299807 0.0908185 0.0910406 0.1216876 0.0926367 
S0760       0.0934152 0.0248701 0.0650873 0.0934766 0.0667381 0.1378436 0.1019923 0.0864602 0.0958239 0.0941574 0.0806974 0.0831774 0.0873096 0.0912993 0.0792570 0.0606544 0.1062673 0.0870840 0.0730753 0.0639096 0.1329183 0.0737095 0.0866649 0.1431628 0.0665904 0.1059088 0.0861784 0.1102377 0.0417495 0.0606320 0.1640854 0.0793935 0.0606231 0.1088898 0.1007289 0.0000000 0.0934856 0.0095141 0.1110007 0.0358345 0.0723158 0.0418421 0.0712842 0.1063730 0.1026573 0.1105816 0.0644961 0.1611759 0.0355232 0.1085531 0.0908762 0.0861482 0.1449923 0.0046889 0.1540498 0.1202924 0.0960469 0.0409627 0.1222109 0.1141495 0.0867769 0.1024594 0.0870044 0.0738899 0.0819259 0.0781369 0.0644413 0.0680012 0.0736849 0.0786773 0.0355263 0.0872740 0.1167605 0.0867769 0.0789015 0.0898236 0.0895553 0.0952850 0.0922996 0.1096828 0.0836877 0.1096558 0.0755509 0.0046889 0.0527689 0.1141451 0.0800271 0.0587909 0.1322493 0.1107341 0.0936168 0.1292016 0.1152211 0.0792844 0.0860147 0.0553566 0.0727872 0.0907358 0.0871971 0.0883755 0.1152078 0.1178109 0.0299540 0.1184651 0.0899159 0.1007713 
S0763       0.0720684 0.0846962 0.1218707 0.0095269 0.0867420 0.1367747 0.1106928 0.0180163 0.1370924 0.1177463 0.1390804 0.0755685 0.0145062 0.0243055 0.1038223 0.0894918 0.0890732 0.1100239 0.0870330 0.0749535 0.0845271 0.0247778 0.0196234 0.1530352 0.0768470 0.0917597 0.0353592 0.0327459 0.0933051 0.0802314 0.1679753 0.0688723 0.0979355 0.0944300 0.1126491 0.0934856 0.0000000 0.0842076 0.1141559 0.0792118 0.0825364 0.0805484 0.0813657 0.1144870 0.1197645 0.0443844 0.1244123 0.1650382 0.0865182 0.1283673 0.0740519 0.0752214 0.1490312 0.0860623 0.1580118 0.1126588 0.1067655 0.0931897 0.0762111 0.1230727 0.0144223 0.0355504 0.0922786 0.0849749 0.0841319 0.0639054 0.1096959 0.1046710 0.0943867 0.0192924 0.0723184 0.0903858 0.0975968 0.0144223 0.0095188 0.0476088 0.0938334 0.0648518 0.1037705 0.1105493 0.0861891 0.1239543 0.0252792 0.0860623 0.1105312 0.1053572 0.0095238 0.1139743 0.1203125 0.0992905 0.0142478 0.1376783 0.0350939 0.0752278 0.0143364 0.0202527 0.0915791 0.1180827 0.0784931 0.0776037 0.0827102 0.0753626 0.0779355 0.1022424 0.1032823 0.0642155 
