127
PAFTOL_019361 0.0000000 0.2721083 0.2559796 0.3251334 0.3226303 0.2687741 0.2740262 0.2772348 0.2579065 0.2615527 0.2835413 0.3196662 0.3019727 0.2874502 0.3053994 0.2895497 0.3152920 0.3125785 0.3199105 0.2486936 0.2551260 0.2627186 0.3114813 0.2721612 0.2673067 0.2487894 0.2701579 0.2796284 0.3158954 0.2477034 0.2969360 0.3339674 0.2899894 0.2713188 0.2427755 0.2605312 0.2695240 0.2297756 0.2685585 0.2582289 0.3211238 0.2628599 0.2483732 0.3155063 0.2709959 0.2664435 0.3056383 0.2389352 0.2680391 0.2479475 0.2506355 0.3120660 0.2518677 0.2743061 0.3194491 0.2796469 0.2423058 0.2957036 0.2798016 0.2896922 0.3371568 0.2886722 0.3070251 0.2761374 0.3133866 0.2408303 0.2290198 0.3479907 0.3219897 0.3180377 0.3231647 0.2425598 0.2433812 0.2483994 0.2647574 0.3329322 0.3086253 0.3398214 0.2794746 0.3071876 0.2532343 0.2598623 0.2714109 0.2420631 0.2914304 0.3194989 0.2696791 0.2691785 0.2806582 0.3193084 0.3194747 0.2512469 0.3455932 0.3120780 0.2941877 0.2518056 0.2446202 0.2758357 0.3123824 0.2508454 0.2564747 0.2902530 0.2963299 0.2752882 0.2656436 0.2200285 0.2885969 0.3045590 0.2628293 0.3081979 0.3071984 0.2963482 0.2571474 0.2816921 0.2719761 0.2714279 0.2604908 0.2479565 0.3003409 0.3073112 0.3058042 0.2490399 0.4762324 0.2401491 0.2987710 0.2772085 0.2351886 
S0055         0.2721083 0.0000000 0.1116782 0.1767570 0.1472536 0.0682574 0.1530019 0.1302342 0.0691847 0.0932391 0.1343368 0.1747122 0.1660565 0.1579644 0.1757355 0.1428487 0.1429083 0.1559728 0.1688262 0.0841216 0.0664572 0.0660880 0.1615189 0.0849027 0.1343929 0.1093728 0.0813289 0.1335659 0.1683221 0.1356295 0.1437919 0.1246687 0.1480185 0.0731242 0.0635867 0.1389175 0.1417891 0.0589738 0.0647736 0.1079693 0.1755113 0.2175830 0.0813561 0.1736784 0.1159474 0.0684437 0.1600391 0.1048880 0.0665656 0.1112583 0.1097390 0.1461805 0.0996698 0.1406023 0.1707503 0.1381622 0.0952824 0.1488554 0.1448166 0.1419916 0.1614963 0.1542553 0.1526271 0.0950177 0.1556181 0.1938612 0.1126644 0.1773768 0.1664814 0.1537185 0.1615157 0.2017398 0.1057150 0.2166161 0.1449635 0.1509392 0.1208005 0.1801402 0.0837370 0.1478364 0.2234481 0.0678284 0.0770168 0.1102366 0.1402933 0.1679334 0.1389376 0.1607591 0.1498468 0.1736036 0.1724653 0.0618807 0.1842481 0.1623187 0.1360103 0.0632011 0.0615796 0.0526254 0.1520875 0.0570862 0.1425237 0.1383976 0.1310426 0.1517999 0.0612037 0.0938443 0.1438331 0.1427456 0.0597755 0.1455075 0.1368996 0.1300936 0.0649913 0.1558937 0.0611848 0.1446546 0.0582026 0.0773236 0.1534947 0.1349754 0.1348281 0.1053522 0.2633243 0.1040434 0.1203354 0.0898009 0.0953853 
S0196sl       0.2559796 0.1116782 0.0000000 0.1587761 0.1302344 0.1163165 0.1339029 0.1154505 0.1154481 0.1314570 0.1109491 0.1344498 0.1413842 0.1437361 0.1327372 0.1255742 0.1446526 0.1624034 0.1319376 0.1176960 0.1167047 0.1185975 0.1498643 0.1231946 0.1308102 0.0210972 0.1354891 0.1199137 0.1276033 0.1283611 0.1359250 0.1597924 0.1393049 0.1192917 0.1119941 0.1203339 0.1135365 0.0845276 0.1126505 0.0616079 0.1351499 0.1834533 0.1080965 0.1347989 0.1047987 0.1229418 0.1454292 0.0169915 0.1154333 0.0224272 0.0211013 0.1298512 0.0516214 0.1196222 0.1485872 0.1145752 0.0831961 0.1492213 0.1058100 0.1380584 0.1422683 0.1408599 0.1429284 0.1284216 0.1400565 0.1717017 0.0985231 0.1640643 0.1272408 0.1435442 0.1441900 0.1728568 0.0169944 0.1874273 0.1242933 0.1385412 0.1224181 0.1626648 0.1479900 0.1268745 0.1916883 0.1180520 0.1357450 0.0862665 0.1251565 0.1310612 0.1136696 0.1379412 0.1306987 0.1338864 0.1275850 0.1107937 0.1689729 0.1848200 0.1208971 0.1133808 0.1055552 0.1248091 0.1259313 0.1281059 0.1290670 0.1169455 0.1239047 0.1433137 0.1255446 0.0141046 0.1375652 0.1278220 0.1083971 0.1359699 0.1224881 0.1286097 0.1163205 0.1463013 0.1125045 0.1173154 0.1172043 0.0865218 0.1654401 0.1407444 0.1017699 0.0844456 0.2561920 0.0763264 0.1178339 0.1314513 0.0804185 
S0278         0.3251334 0.1767570 0.1587761 0.0000000 0.2561322 0.1722451 0.0779026 0.1716650 0.1735467 0.1890946 0.0832576 0.1971416 0.2083758 0.0752522 0.1776613 0.0719329 0.2094693 0.2216338 0.1938831 0.1888877 0.1739189 0.1810527 0.0861324 0.1926206 0.0668771 0.1494177 0.1976405 0.0952502 0.1886844 0.0830129 0.1969284 0.2477242 0.0614266 0.1731688 0.1680473 0.0545545 0.1008072 0.1225026 0.1760730 0.1702245 0.1960992 0.2212884 0.1743002 0.1934628 0.1630337 0.1760031 0.2136524 0.1453737 0.1800871 0.1573767 0.1546491 0.2070034 0.1814786 0.1037917 0.2081041 0.1036179 0.1475277 0.0908281 0.1697039 0.1929064 0.2177989 0.1965665 0.2107843 0.1721010 0.2979366 0.2160684 0.1593464 0.2109800 0.2035189 0.2254210 0.2260527 0.2116617 0.1487750 0.2253637 0.0888975 0.2211279 0.1874637 0.2104209 0.2263482 0.1905038 0.2327098 0.1784163 0.1940273 0.1446893 0.0697394 0.1924756 0.1021531 0.0595263 0.1913262 0.1970975 0.1901799 0.1711542 0.2298306 0.2515772 0.1889417 0.1725733 0.1632612 0.1858318 0.1929950 0.1922547 0.1039494 0.1740766 0.1848568 0.0812875 0.1795038 0.1298361 0.0743605 0.2665282 0.1670381 0.2805766 0.1924157 0.1989867 0.1749644 0.0678773 0.1687314 0.1124631 0.1698971 0.1489490 0.2516877 0.2016705 0.1755268 0.1493319 0.3445046 0.1362076 0.1815433 0.1978530 0.1470755 
S0281         0.3226303 0.1472536 0.1302344 0.2561322 0.0000000 0.1685307 0.2092735 0.1591312 0.1690108 0.1944687 0.1697129 0.2054049 0.2034933 0.2153239 0.2216516 0.2086450 0.1713371 0.1565634 0.2022782 0.1536990 0.1623508 0.1668917 0.2232510 0.1529167 0.1980118 0.1168116 0.1572578 0.1695692 0.2006403 0.2009517 0.1648616 0.1717075 0.1921767 0.1684972 0.1613785 0.1859594 0.1989618 0.1457121 0.1660633 0.0969995 0.2060784 0.2665909 0.1504582 0.2020129 0.1759902 0.1596133 0.1802268 0.1109782 0.1684252 0.1174938 0.1169892 0.1686812 0.0841095 0.2002058 0.2136088 0.1927213 0.1349620 0.2003750 0.1701077 0.1650191 0.1687450 0.1723677 0.1751059 0.1831237 0.1174207 0.2591834 0.1781658 0.2283670 0.2072386 0.1716212 0.1759370 0.2519027 0.1129764 0.2703494 0.2116305 0.1732525 0.1597339 0.2278417 0.1704878 0.1620136 0.2671473 0.1628319 0.1736148 0.1470791 0.1869310 0.2006640 0.1915005 0.2086854 0.1771746 0.2073844 0.2081520 0.1591063 0.2312248 0.1772498 0.1660759 0.1591851 0.1547661 0.1468112 0.1837998 0.1462083 0.2021902 0.1631162 0.1652174 0.2038502 0.1553275 0.1075540 0.2051012 0.1126472 0.1581338 0.1224660 0.1675667 0.1767845 0.1653710 0.2158923 0.1542864 0.2013402 0.1575085 0.1473161 0.1751242 0.1665264 0.1528845 0.1447076 0.2729990 0.1473695 0.1643286 0.1629927 0.1368290 
S0282         0.2687741 0.0682574 0.1163165 0.1722451 0.1685307 0.0000000 0.1452596 0.1274202 0.0181503 0.0940936 0.1268969 0.1690148 0.1632945 0.1578736 0.1705456 0.1398001 0.1471262 0.1518875 0.1624222 0.0866302 0.0138712 0.0206624 0.1591869 0.0931905 0.1276072 0.1109122 0.0873450 0.1217231 0.1626819 0.1310622 0.1541759 0.1324427 0.1408416 0.0569571 0.0190554 0.1353003 0.1297379 0.0561374 0.0114516 0.1069536 0.1690483 0.2158059 0.0850354 0.1657000 0.1181241 0.0312210 0.1744099 0.1063754 0.0144819 0.1128157 0.1131860 0.1495307 0.0982265 0.1353058 0.1693505 0.1305277 0.0949959 0.1416647 0.1368615 0.1521201 0.1735361 0.1602223 0.1661725 0.0931785 0.1722227 0.1969042 0.1072493 0.1777345 0.1562145 0.1568009 0.1651706 0.1979436 0.1063932 0.2140110 0.1317420 0.1615855 0.1245459 0.1764989 0.0832840 0.1508462 0.2242895 0.0195391 0.0635894 0.1031748 0.1351412 0.1605300 0.1315696 0.1546636 0.1403674 0.1665986 0.1686815 0.0190967 0.1848987 0.1639596 0.1365421 0.0180211 0.0182423 0.0795040 0.1503111 0.0611758 0.1378720 0.1356525 0.1314605 0.1427680 0.0491923 0.0933426 0.1430793 0.1562953 0.0129271 0.1684283 0.1397705 0.1300298 0.0291028 0.1525392 0.0423319 0.1325182 0.0444131 0.0723123 0.1581999 0.1391566 0.1330121 0.1006682 0.2819618 0.1035983 0.1246335 0.0967805 0.0969534 
S0289         0.2740262 0.1530019 0.1339029 0.0779026 0.2092735 0.1452596 0.0000000 0.1426888 0.1441291 0.1607535 0.0551818 0.1794160 0.1769363 0.0595595 0.1696086 0.0560707 0.1736787 0.1919963 0.1734123 0.1584747 0.1431649 0.1462056 0.0689043 0.1697047 0.0493128 0.1267266 0.1740841 0.0675284 0.1698642 0.0751383 0.1783110 0.2117471 0.0645742 0.1471373 0.1394970 0.0482046 0.0724307 0.1214706 0.1434853 0.1342061 0.1774678 0.2056108 0.1572053 0.1764150 0.1389402 0.1441243 0.1858489 0.1234773 0.1426914 0.1286624 0.1295157 0.1724537 0.1311971 0.0810466 0.1883557 0.0738446 0.1285635 0.0863213 0.1507193 0.1679708 0.1874024 0.1686297 0.1806703 0.1528160 0.2301908 0.1938696 0.1286371 0.1954021 0.1800099 0.1753269 0.1827984 0.1916080 0.1228280 0.2110542 0.0908437 0.1849804 0.1576689 0.1911384 0.1943320 0.1561710 0.2118531 0.1453640 0.1625420 0.1288721 0.0528236 0.1730144 0.0801976 0.0624015 0.1730028 0.1750262 0.1731210 0.1424868 0.2027042 0.2063193 0.1487874 0.1395777 0.1366208 0.1591958 0.1670699 0.1594271 0.0807303 0.1498279 0.1513621 0.0617836 0.1488095 0.1115533 0.0577526 0.2123546 0.1349850 0.2217552 0.1556724 0.1684956 0.1419020 0.0656531 0.1466717 0.0763689 0.1419216 0.1300153 0.2003367 0.1672243 0.1514763 0.1343127 0.2978447 0.1195148 0.1628474 0.1697045 0.1309520 
S0292         0.2772348 0.1302342 0.1154505 0.1716650 0.1591312 0.1274202 0.1426888 0.0000000 0.1291142 0.1510290 0.1263032 0.1585840 0.1498431 0.1540127 0.1535576 0.1372518 0.1027730 0.1003353 0.1526392 0.1334488 0.1247708 0.1262762 0.1592055 0.1387353 0.1360589 0.1103438 0.1445618 0.1398918 0.1543474 0.1407441 0.1155116 0.1601265 0.1394512 0.1306003 0.1245203 0.1283234 0.1293153 0.0881143 0.1247237 0.1065098 0.1594566 0.2143977 0.1327506 0.1583939 0.1172564 0.1298607 0.1203832 0.1045605 0.1282246 0.1115472 0.1107188 0.1187588 0.1057208 0.1292820 0.1653856 0.1279210 0.0871559 0.1423866 0.1312860 0.1062914 0.1302346 0.1134469 0.1179716 0.1497010 0.1722876 0.1935248 0.1079160 0.1743883 0.1587510 0.1233800 0.1289625 0.1967458 0.1073474 0.2115645 0.1372330 0.1291674 0.0943387 0.1736128 0.1539326 0.0477133 0.2185674 0.1250957 0.1481519 0.0799798 0.1379554 0.1546374 0.1255358 0.1507221 0.1372393 0.1591755 0.1583610 0.1223160 0.1798893 0.1372956 0.0245275 0.1191851 0.1146078 0.1264847 0.0556901 0.1286665 0.1313001 0.0260051 0.0234889 0.1589649 0.1334862 0.0977303 0.1473661 0.1656985 0.1183466 0.1695961 0.0583782 0.1005969 0.1275150 0.1488437 0.1235730 0.1336746 0.1249973 0.1060987 0.1167961 0.1069621 0.0993182 0.0900785 0.2420417 0.1068144 0.0878726 0.1338303 0.0908566 
S0293         0.2579065 0.0691847 0.1154481 0.1735467 0.1690108 0.0181503 0.1441291 0.1291142 0.0000000 0.0965749 0.1226284 0.1639513 0.1619434 0.1544217 0.1651445 0.1378200 0.1465881 0.1574723 0.1592176 0.0902235 0.0169747 0.0244078 0.1601623 0.0949152 0.1264159 0.1094306 0.0888696 0.1219898 0.1594714 0.1252906 0.1516480 0.1344338 0.1377391 0.0571993 0.0212176 0.1329721 0.1341038 0.0620042 0.0161191 0.1120774 0.1658139 0.2114862 0.0886240 0.1605840 0.1205702 0.0351462 0.1712734 0.1055586 0.0186713 0.1100215 0.1123803 0.1483936 0.1019868 0.1356285 0.1677852 0.1333045 0.0955098 0.1411296 0.1369985 0.1479798 0.1708238 0.1584501 0.1651589 0.0956551 0.1684606 0.1906381 0.1079137 0.1770264 0.1583367 0.1572688 0.1640740 0.1933096 0.1057323 0.2091870 0.1316402 0.1600455 0.1260700 0.1754207 0.0847166 0.1506923 0.2193659 0.0217046 0.0633753 0.1042637 0.1339867 0.1585549 0.1333407 0.1548978 0.1403974 0.1606476 0.1634601 0.0222864 0.1841286 0.1595203 0.1346374 0.0217333 0.0220176 0.0829492 0.1536565 0.0636598 0.1377577 0.1380803 0.1333246 0.1445487 0.0506452 0.0903326 0.1426789 0.1522414 0.0170619 0.1654909 0.1435812 0.1283088 0.0329766 0.1521423 0.0435826 0.1323058 0.0462729 0.0738445 0.1552394 0.1392191 0.1345917 0.1019173 0.2701254 0.1062449 0.1213004 0.1026339 0.1006605 
S0294         0.2615527 0.0932391 0.1314570 0.1890946 0.1944687 0.0940936 0.1607535 0.1510290 0.0965749 0.0000000 0.1487702 0.1937986 0.1898516 0.1781296 0.1942484 0.1573499 0.1666070 0.1788023 0.1899036 0.1055274 0.0933131 0.0922893 0.1875814 0.1146300 0.1541083 0.1288721 0.1117292 0.1555782 0.1886525 0.1589159 0.1834719 0.1547073 0.1657380 0.1025830 0.0901572 0.1513733 0.1583043 0.0874133 0.0943500 0.1245184 0.1945870 0.2303765 0.1000323 0.1946532 0.1448823 0.0948932 0.1956089 0.1260957 0.0928912 0.1308886 0.1334792 0.1727267 0.1181651 0.1545721 0.2018683 0.1535088 0.1174604 0.1629082 0.1671713 0.1797438 0.1961890 0.1847982 0.1876387 0.0614885 0.1864820 0.2112853 0.1347038 0.2068970 0.1856156 0.1865318 0.1997453 0.2167732 0.1263251 0.2289529 0.1666449 0.1809611 0.1528736 0.2048967 0.1223010 0.1629085 0.2326434 0.0941618 0.1049992 0.1330939 0.1582874 0.1864689 0.1551271 0.1713933 0.1713819 0.1936379 0.1910687 0.0881479 0.2163464 0.1960981 0.1568711 0.0911261 0.0836911 0.1039938 0.1723175 0.0930281 0.1576399 0.1607564 0.1570520 0.1702866 0.0923580 0.1158857 0.1718270 0.1711682 0.0873466 0.1822571 0.1589162 0.1582647 0.0938800 0.1727934 0.0937832 0.1601775 0.0907116 0.1022809 0.1830785 0.1629182 0.1581848 0.1274717 0.2999137 0.1262855 0.1537285 0.1151124 0.1162819 
S0299         0.2835413 0.1343368 0.1109491 0.0832576 0.1697129 0.1268969 0.0551818 0.1263032 0.1226284 0.1487702 0.0000000 0.1612329 0.1586221 0.0593231 0.1582075 0.0556460 0.1497347 0.1765313 0.1598099 0.1385231 0.1240381 0.1304835 0.0676313 0.1510280 0.0579647 0.1196556 0.1555267 0.0679238 0.1581339 0.0762858 0.1464481 0.1697360 0.0545929 0.1297317 0.1189538 0.0447097 0.0739231 0.0995523 0.1245389 0.1207509 0.1654433 0.1762129 0.1371802 0.1624058 0.1233969 0.1247066 0.1593461 0.1141978 0.1223684 0.1237786 0.1179206 0.1495120 0.1144915 0.0818890 0.1698076 0.0747255 0.1075750 0.0725547 0.1412750 0.1369767 0.1642495 0.1475112 0.1562508 0.1405510 0.1905072 0.1711355 0.1191949 0.1709043 0.1785716 0.1440727 0.1500048 0.1612070 0.1142621 0.1792122 0.0807177 0.1560016 0.1327985 0.1668036 0.1675975 0.1348489 0.1728232 0.1194274 0.1428352 0.1106912 0.0623760 0.1614141 0.0815770 0.0578598 0.1570243 0.1600909 0.1672479 0.1243226 0.1825659 0.1780966 0.1319061 0.1172308 0.1121814 0.1398179 0.1547208 0.1377799 0.0806917 0.1365775 0.1350170 0.0563229 0.1252817 0.1001660 0.0577554 0.1770544 0.1143636 0.1876314 0.1373786 0.1446138 0.1199266 0.0638529 0.1259897 0.0796085 0.1276401 0.1185911 0.1565788 0.1468888 0.1296137 0.1131945 0.2608648 0.1118636 0.1442425 0.1489193 0.1126071 
S0303         0.3196662 0.1747122 0.1344498 0.1971416 0.2054049 0.1690148 0.1794160 0.1585840 0.1639513 0.1937986 0.1612329 0.0000000 0.1027535 0.1894041 0.0195466 0.1676590 0.1894005 0.2058322 0.0141992 0.1785280 0.1648287 0.1691627 0.1885627 0.1813480 0.1555263 0.1310209 0.2018325 0.1506477 0.0146849 0.1645102 0.1817571 0.2254511 0.1800250 0.1813205 0.1632597 0.1601373 0.1634034 0.1322129 0.1665962 0.1389647 0.0182335 0.2361360 0.1606743 0.0121605 0.1570477 0.1640990 0.1961760 0.1275926 0.1675419 0.1328078 0.1353394 0.1857307 0.1243360 0.1621418 0.1275837 0.1623364 0.1252950 0.1784228 0.0586991 0.1845317 0.2034748 0.1854580 0.1950580 0.1845899 0.2279279 0.2251102 0.1438740 0.1343902 0.1113715 0.1933677 0.2052278 0.2198675 0.1273424 0.2374016 0.1542340 0.1865550 0.1699847 0.1326530 0.2065590 0.1707485 0.2459143 0.1653845 0.1851566 0.1300877 0.1651533 0.0157652 0.1575286 0.1774112 0.0970155 0.0150869 0.0130082 0.1653559 0.1400823 0.2254417 0.1647986 0.1625487 0.1522537 0.1836611 0.1789859 0.1784332 0.1680194 0.1638337 0.1619037 0.1834181 0.1675345 0.1179896 0.1776298 0.2047078 0.1609480 0.2213159 0.1729603 0.1840769 0.1685836 0.1806463 0.1649500 0.1660396 0.1634671 0.1394334 0.1962866 0.1818056 0.1679691 0.1329734 0.2900332 0.1336825 0.1652939 0.1913991 0.1225803 
S0308         0.3019727 0.1660565 0.1413842 0.2083758 0.2034933 0.1632945 0.1769363 0.1498431 0.1619434 0.1898516 0.1586221 0.1027535 0.0000000 0.1870947 0.1138277 0.1730315 0.1649230 0.1807293 0.1001093 0.1787984 0.1604856 0.1645976 0.1912990 0.1736020 0.1564046 0.1308576 0.1869897 0.1646406 0.0999366 0.1641545 0.1724010 0.2045262 0.1789865 0.1751884 0.1595310 0.1591279 0.1668649 0.1360136 0.1617032 0.1351551 0.1051913 0.2376583 0.1574165 0.1024717 0.1467252 0.1632642 0.1757228 0.1297356 0.1642095 0.1335850 0.1367883 0.1740170 0.1295547 0.1654972 0.1256748 0.1604015 0.1194519 0.1716440 0.0779009 0.1635359 0.1839472 0.1676025 0.1755208 0.1829743 0.2106394 0.2138796 0.1389155 0.1367606 0.1157046 0.1740328 0.1829890 0.2143837 0.1274373 0.2324069 0.1912619 0.1721444 0.1632126 0.1352803 0.1912752 0.1606984 0.2424757 0.1612946 0.1800155 0.1230848 0.1678690 0.1002190 0.1626667 0.1819997 0.0974176 0.1001447 0.1012326 0.1590222 0.1382599 0.2024897 0.1559924 0.1562568 0.1520584 0.1715534 0.1687736 0.1659786 0.1584537 0.1533771 0.1504727 0.1863820 0.1654098 0.1174788 0.1824384 0.1979944 0.1554797 0.2076300 0.1652975 0.1681761 0.1621353 0.1767844 0.1537834 0.1647961 0.1647516 0.1351580 0.1781145 0.1627246 0.1582592 0.1262922 0.2740158 0.1277775 0.1560648 0.1805826 0.1211599 
S0320         0.2874502 0.1579644 0.1437361 0.0752522 0.2153239 0.1578736 0.0595595 0.1540127 0.1544217 0.1781296 0.0593231 0.1894041 0.1870947 0.0000000 0.1860958 0.0620360 0.1894944 0.2005070 0.1871808 0.1641784 0.1534439 0.1594972 0.0765001 0.1757619 0.0598144 0.1403964 0.1721655 0.0774231 0.1835879 0.0787018 0.1836823 0.2080744 0.0605645 0.1577914 0.1493226 0.0438449 0.0843508 0.1259471 0.1540406 0.1460132 0.1921601 0.2115931 0.1623437 0.1907044 0.1533140 0.1537699 0.1941788 0.1348344 0.1557024 0.1416455 0.1418819 0.1802528 0.1491606 0.0870099 0.1967457 0.0857667 0.1339632 0.0697848 0.1619910 0.1740530 0.2004180 0.1820763 0.1905197 0.1641804 0.2351767 0.2018457 0.1454088 0.2022582 0.1966748 0.1794187 0.1934847 0.2004335 0.1356171 0.2196899 0.0957194 0.1932525 0.1626544 0.1967671 0.1982740 0.1703015 0.2186346 0.1568261 0.1737832 0.1327155 0.0592897 0.1862733 0.0868004 0.0685518 0.1845565 0.1900076 0.1899303 0.1538326 0.2168112 0.2232392 0.1650173 0.1501997 0.1456715 0.1642157 0.1778686 0.1659726 0.0929288 0.1615341 0.1638343 0.0709120 0.1589029 0.1253748 0.0601973 0.2111754 0.1446824 0.2299279 0.1681735 0.1733563 0.1545532 0.0680761 0.1462884 0.0895439 0.1501989 0.1352514 0.2098697 0.1816375 0.1604099 0.1407368 0.3116630 0.1274318 0.1688704 0.1758310 0.1370301 
S0322         0.3053994 0.1757355 0.1327372 0.1776613 0.2216516 0.1705456 0.1696086 0.1535576 0.1651445 0.1942484 0.1582075 0.0195466 0.1138277 0.1860958 0.0000000 0.1607249 0.2013513 0.2175946 0.0109343 0.1839964 0.1640286 0.1706638 0.1957618 0.1957809 0.1546074 0.1268328 0.2093116 0.1537796 0.0115786 0.1579411 0.1877739 0.2379308 0.1778284 0.1747915 0.1672409 0.1636758 0.1543192 0.1277029 0.1688791 0.1413780 0.0109282 0.2347099 0.1635401 0.0129015 0.1524780 0.1680827 0.1953679 0.1248415 0.1684430 0.1298787 0.1311520 0.1919477 0.1214983 0.1532553 0.1380754 0.1500859 0.1284081 0.1680435 0.0618851 0.1921353 0.2014737 0.1863958 0.1990143 0.1805382 0.2531136 0.2203580 0.1453069 0.1400965 0.1106295 0.2107942 0.2111936 0.2174812 0.1256011 0.2386387 0.1537738 0.1896776 0.1817919 0.1418823 0.2154595 0.1668104 0.2476995 0.1685527 0.1892329 0.1336289 0.1646859 0.0120407 0.1518061 0.1698716 0.1017269 0.0138756 0.0099031 0.1648271 0.1562427 0.2425309 0.1639565 0.1670853 0.1526845 0.1858682 0.1679163 0.1843691 0.1652052 0.1616362 0.1615126 0.1761761 0.1733799 0.1195991 0.1780732 0.2370612 0.1639778 0.2469675 0.1695148 0.1855952 0.1737086 0.1763360 0.1647745 0.1585713 0.1616497 0.1351097 0.2096483 0.1896834 0.1654746 0.1341671 0.2997967 0.1290615 0.1718776 0.2022924 0.1281307 
S0327         0.2895497 0.1428487 0.1255742 0.0719329 0.2086450 0.1398001 0.0560707 0.1372518 0.1378200 0.1573499 0.0556460 0.1676590 0.1730315 0.0620360 0.1607249 0.0000000 0.1696838 0.1819212 0.1633940 0.1545600 0.1378331 0.1424965 0.0684514 0.1536880 0.0453972 0.1255660 0.1639820 0.0526329 0.1614437 0.0609834 0.1792087 0.2060466 0.0554642 0.1397186 0.1358520 0.0453436 0.0659989 0.1075169 0.1364468 0.1371894 0.1666253 0.2034838 0.1504749 0.1682084 0.1377774 0.1345961 0.1845013 0.1236823 0.1377989 0.1295359 0.1306472 0.1759340 0.1324291 0.0703337 0.1722890 0.0662164 0.1215408 0.0683907 0.1405313 0.1690575 0.1970589 0.1726246 0.1849767 0.1504933 0.2284907 0.1874189 0.1229571 0.1748838 0.1710771 0.1823266 0.1911546 0.1875418 0.1223649 0.2013443 0.0685701 0.1840596 0.1498604 0.1761525 0.1813363 0.1578787 0.2127785 0.1392184 0.1578980 0.1210637 0.0483178 0.1624292 0.0710955 0.0553426 0.1642227 0.1643205 0.1675825 0.1392304 0.1889824 0.2077971 0.1445336 0.1342707 0.1313007 0.1542983 0.1619148 0.1486074 0.0735756 0.1447942 0.1440699 0.0587377 0.1423679 0.1121184 0.0550656 0.2003974 0.1311741 0.2219887 0.1549350 0.1590751 0.1383880 0.0673165 0.1379440 0.0721186 0.1323870 0.1250550 0.2000710 0.1677515 0.1540951 0.1253954 0.2943978 0.1111963 0.1577921 0.1624758 0.1232946 
S0335         0.3152920 0.1429083 0.1446526 0.2094693 0.1713371 0.1471262 0.1736787 0.1027730 0.1465881 0.1666070 0.1497347 0.1894005 0.1649230 0.1894944 0.2013513 0.1696838 0.0000000 0.0630357 0.1833147 0.1515146 0.1404462 0.1429827 0.1820276 0.1497159 0.1654048 0.1398500 0.1649774 0.1676446 0.1851772 0.1742544 0.1337038 0.1783001 0.1775493 0.1492016 0.1413621 0.1549788 0.1677528 0.1147574 0.1429792 0.1296963 0.1881908 0.2461501 0.1441154 0.1871339 0.1349326 0.1462545 0.1368283 0.1307866 0.1432001 0.1401136 0.1395575 0.1409101 0.1253593 0.1685293 0.1883893 0.1645860 0.1081142 0.1930176 0.1582995 0.1223086 0.1416239 0.1283874 0.1258731 0.1632789 0.1962047 0.2318043 0.1302467 0.1897515 0.1813423 0.1472717 0.1503186 0.2341977 0.1337969 0.2409514 0.1873830 0.1381799 0.0925375 0.1927693 0.1648611 0.1065000 0.2537805 0.1460817 0.1562184 0.1091289 0.1679773 0.1831420 0.1644731 0.1833215 0.1638517 0.1921969 0.1901037 0.1396935 0.2003269 0.0924236 0.1143706 0.1377655 0.1332266 0.1418510 0.1158649 0.1453900 0.1657261 0.1056085 0.1093678 0.1850191 0.1450642 0.1232410 0.1722616 0.1764872 0.1406907 0.1903281 0.1096233 0.0828580 0.1416153 0.1866167 0.1420890 0.1724553 0.1437064 0.1271314 0.0779098 0.0336398 0.1218019 0.1190333 0.2583423 0.1214365 0.0693493 0.1601940 0.1151120 
S0345         0.3125785 0.1559728 0.1624034 0.2216338 0.1565634 0.1518875 0.1919963 0.1003353 0.1574723 0.1788023 0.1765313 0.2058322 0.1807293 0.2005070 0.2175946 0.1819212 0.0630357 0.0000000 0.1966253 0.1638145 0.1483248 0.1528284 0.1901624 0.1579767 0.1725051 0.1489796 0.1726692 0.1921272 0.1989147 0.1815532 0.1441927 0.1887269 0.1851066 0.1528684 0.1463211 0.1585149 0.1830263 0.1372663 0.1584180 0.1445940 0.2036930 0.2520340 0.1568170 0.2013462 0.1605843 0.1532406 0.1396092 0.1418396 0.1520834 0.1502492 0.1477089 0.1518484 0.1435136 0.1795097 0.2081614 0.1817199 0.1145481 0.2071654 0.1695675 0.1218309 0.1601826 0.1281725 0.1313180 0.1679868 0.1965333 0.2231707 0.1310658 0.2134743 0.2061820 0.1483318 0.1475070 0.2297278 0.1454044 0.2393849 0.1908897 0.1786785 0.1033762 0.2088991 0.1688759 0.1110103 0.2430399 0.1567350 0.1607554 0.1059117 0.1950397 0.1963836 0.1716130 0.1816542 0.1844185 0.2022293 0.1953279 0.1429638 0.2184661 0.0621759 0.1126917 0.1522691 0.1319513 0.1499478 0.1199708 0.1537764 0.1791680 0.1071066 0.1136835 0.1871423 0.1523530 0.1297669 0.1831223 0.1890235 0.1523056 0.1958949 0.1132119 0.0911526 0.1459034 0.1902075 0.1624751 0.1872112 0.1488002 0.1528597 0.0446955 0.0656508 0.1231913 0.1246607 0.6628522 0.1440032 0.0753997 0.1725067 0.1264028 
S0355         0.3199105 0.1688262 0.1319376 0.1938831 0.2022782 0.1624222 0.1734123 0.1526392 0.1592176 0.1899036 0.1598099 0.0141992 0.1001093 0.1871808 0.0109343 0.1633940 0.1833147 0.1966253 0.0000000 0.1718716 0.1583586 0.1626146 0.1864075 0.1761332 0.1520694 0.1287491 0.1970955 0.1491029 0.0067548 0.1611051 0.1770918 0.2187492 0.1751836 0.1749187 0.1582686 0.1582627 0.1621957 0.1254401 0.1600442 0.1364499 0.0087178 0.2376191 0.1565039 0.0097234 0.1565630 0.1590938 0.1929570 0.1251111 0.1617319 0.1302801 0.1327849 0.1825212 0.1213204 0.1587303 0.1235670 0.1589063 0.1208232 0.1709370 0.0552368 0.1764874 0.1988513 0.1799832 0.1910161 0.1791936 0.2233888 0.2215474 0.1383373 0.1293391 0.1043825 0.1908795 0.2021232 0.2179188 0.1250944 0.2354623 0.1539108 0.1779370 0.1683333 0.1285737 0.1996432 0.1652720 0.2457959 0.1588889 0.1832752 0.1264645 0.1609174 0.0064993 0.1541451 0.1749685 0.0930559 0.0079449 0.0053429 0.1588868 0.1358880 0.2226301 0.1580743 0.1560883 0.1473467 0.1783309 0.1701751 0.1711816 0.1638153 0.1571983 0.1566120 0.1783584 0.1637398 0.1158439 0.1747512 0.2044438 0.1554331 0.2182003 0.1653413 0.1750301 0.1619660 0.1762200 0.1577974 0.1640519 0.1555515 0.1327255 0.1929145 0.1728025 0.1640871 0.1283884 0.2858833 0.1284114 0.1573700 0.1859952 0.1194704 
S0376         0.2486936 0.0841216 0.1176960 0.1888877 0.1536990 0.0866302 0.1584747 0.1334488 0.0902235 0.1055274 0.1385231 0.1785280 0.1787984 0.1641784 0.1839964 0.1545600 0.1515146 0.1638145 0.1718716 0.0000000 0.0838000 0.0832923 0.1740083 0.1036337 0.1464919 0.1135912 0.0545360 0.1400706 0.1706435 0.1523873 0.1634209 0.1352976 0.1607890 0.0889729 0.0827384 0.1471678 0.1472564 0.0785106 0.0847975 0.1083014 0.1763018 0.2228263 0.0924693 0.1744538 0.1308918 0.0851467 0.1776248 0.1057217 0.0854832 0.1148182 0.1121394 0.1586056 0.0966530 0.1497222 0.1850690 0.1450801 0.1086294 0.1659374 0.1467163 0.1549596 0.1799485 0.1661148 0.1683844 0.1077978 0.1447105 0.2060904 0.1194336 0.1986902 0.1685402 0.1629946 0.1683349 0.2092659 0.1091885 0.2217603 0.1620096 0.1678162 0.1337255 0.1935099 0.1028563 0.1524822 0.2307827 0.0860637 0.0935022 0.1149181 0.1496795 0.1684788 0.1441129 0.1685166 0.1598144 0.1744948 0.1755324 0.0800181 0.1974555 0.1616853 0.1441230 0.0817184 0.0744270 0.0814498 0.1573469 0.0752864 0.1450732 0.1465523 0.1428906 0.1600441 0.0810401 0.0986970 0.1567341 0.1348790 0.0780986 0.1398901 0.1471709 0.1394892 0.0811980 0.1671598 0.0809691 0.1496378 0.0818354 0.0958960 0.1591297 0.1452344 0.1396928 0.1175990 0.2583964 0.1161659 0.1332153 0.0513696 0.1114236 
S0400         0.2551260 0.0664572 0.1167047 0.1739189 0.1623508 0.0138712 0.1431649 0.1247708 0.0169747 0.0933131 0.1240381 0.1648287 0.1604856 0.1534439 0.1640286 0.1378331 0.1404462 0.1483248 0.1583586 0.0838000 0.0000000 0.0194591 0.1608362 0.0916532 0.1271548 0.1091317 0.0857045 0.1232853 0.1586080 0.1279751 0.1495748 0.1300999 0.1407778 0.0552965 0.0168568 0.1300907 0.1324688 0.0569925 0.0108689 0.1039557 0.1648603 0.2107452 0.0835793 0.1615756 0.1118846 0.0283129 0.1673266 0.1046603 0.0143911 0.1096883 0.1113725 0.1453593 0.0936573 0.1351780 0.1640431 0.1303012 0.0921478 0.1396748 0.1337332 0.1456138 0.1679380 0.1540931 0.1606545 0.0905402 0.1665323 0.1922190 0.1070409 0.1725231 0.1548081 0.1522870 0.1610023 0.1931750 0.1054848 0.2098371 0.1313581 0.1560646 0.1236975 0.1702268 0.0787529 0.1492423 0.2207233 0.0183543 0.0630708 0.0995020 0.1346256 0.1563672 0.1314789 0.1532675 0.1365129 0.1608080 0.1643246 0.0168628 0.1792591 0.1570493 0.1337315 0.0168516 0.0155349 0.0767556 0.1487630 0.0575937 0.1387025 0.1315676 0.1296774 0.1386819 0.0476605 0.0917333 0.1424882 0.1479133 0.0118162 0.1619640 0.1391251 0.1253393 0.0267548 0.1525599 0.0397771 0.1317893 0.0423725 0.0679760 0.1520703 0.1319362 0.1295574 0.0977789 0.2698592 0.1013389 0.1213422 0.0944777 0.0954870 
S0405         0.2627186 0.0660880 0.1185975 0.1810527 0.1668917 0.0206624 0.1462056 0.1262762 0.0244078 0.0922893 0.1304835 0.1691627 0.1645976 0.1594972 0.1706638 0.1424965 0.1429827 0.1528284 0.1626146 0.0832923 0.0194591 0.0000000 0.1628823 0.0938165 0.1303479 0.1112755 0.0826501 0.1268046 0.1643905 0.1328427 0.1482878 0.1305010 0.1462085 0.0571983 0.0164007 0.1351412 0.1333206 0.0571247 0.0165403 0.1087319 0.1691961 0.2075058 0.0854728 0.1658704 0.1170068 0.0304947 0.1670474 0.1067695 0.0211986 0.1131648 0.1119594 0.1469407 0.1036493 0.1346232 0.1670909 0.1297130 0.0960675 0.1467980 0.1383767 0.1478938 0.1703748 0.1549798 0.1615587 0.0939035 0.1672233 0.1883690 0.1043037 0.1751555 0.1564655 0.1562237 0.1651959 0.1911144 0.1076017 0.2066175 0.1438086 0.1589616 0.1268364 0.1721594 0.0820450 0.1486742 0.2157694 0.0210386 0.0627076 0.1041853 0.1378665 0.1615294 0.1323305 0.1574203 0.1390292 0.1659692 0.1691257 0.0149094 0.1832313 0.1630611 0.1351712 0.0205495 0.0150603 0.0771680 0.1506240 0.0619082 0.1360705 0.1350980 0.1346604 0.1483431 0.0477575 0.0931816 0.1458654 0.1512815 0.0159677 0.1657734 0.1406650 0.1311723 0.0284036 0.1545043 0.0398853 0.1329622 0.0446989 0.0724181 0.1554815 0.1371957 0.1339045 0.1004876 0.2655273 0.1053727 0.1221939 0.0939661 0.0981692 
S0407sl       0.3114813 0.1615189 0.1498643 0.0861324 0.2232510 0.1591869 0.0689043 0.1592055 0.1601623 0.1875814 0.0676313 0.1885627 0.1912990 0.0765001 0.1957618 0.0684514 0.1820276 0.1901624 0.1864075 0.1740083 0.1608362 0.1628823 0.0000000 0.1775060 0.0605040 0.1454737 0.1839109 0.0785612 0.1843531 0.0816883 0.1917171 0.2221421 0.0674368 0.1600568 0.1519914 0.0638157 0.0915597 0.1314614 0.1589785 0.1567950 0.1905416 0.2174176 0.1640670 0.1915053 0.1447838 0.1607917 0.1994404 0.1405620 0.1602221 0.1481853 0.1473242 0.1880748 0.1433476 0.0962063 0.2023942 0.0924610 0.1395936 0.0890085 0.1593214 0.1831593 0.2087716 0.1881517 0.1960040 0.1739929 0.2441135 0.2054916 0.1463890 0.2013898 0.1972582 0.1874509 0.1975866 0.2091927 0.1406279 0.2211101 0.0846402 0.1995582 0.1686690 0.2016650 0.1998096 0.1738980 0.2262543 0.1602388 0.1739163 0.1347991 0.0613564 0.1852416 0.0907291 0.0763635 0.1816605 0.1888625 0.1885542 0.1586398 0.2156523 0.2273081 0.1638384 0.1543287 0.1512735 0.1690816 0.1787518 0.1705472 0.0960755 0.1632548 0.1633958 0.0706256 0.1645594 0.1311590 0.0283419 0.2159676 0.1495056 0.2391647 0.1745294 0.1762767 0.1589155 0.0764791 0.1565313 0.0946196 0.1586063 0.1402937 0.2214257 0.1808540 0.1632505 0.1427537 0.3216253 0.1284341 0.1717581 0.1816340 0.1389729 
S0412sl       0.2721612 0.0849027 0.1231946 0.1926206 0.1529167 0.0931905 0.1697047 0.1387353 0.0949152 0.1146300 0.1510280 0.1813480 0.1736020 0.1757619 0.1957809 0.1536880 0.1497159 0.1579767 0.1761332 0.1036337 0.0916532 0.0938165 0.1775060 0.0000000 0.1485513 0.1229063 0.1045009 0.1445609 0.1748470 0.1531289 0.1434022 0.1113178 0.1645180 0.0944601 0.0923106 0.1477613 0.1477528 0.0789965 0.0894524 0.1163403 0.1828337 0.2374640 0.0744269 0.1790794 0.1279956 0.0937114 0.1608199 0.1168851 0.0939426 0.1235004 0.1212569 0.1508550 0.1134640 0.1475685 0.1797216 0.1457809 0.1031288 0.1748102 0.1523687 0.1491599 0.1668143 0.1540819 0.1547523 0.1109808 0.1693740 0.2196070 0.1249505 0.2012021 0.1743224 0.1505164 0.1590622 0.2225029 0.1190995 0.2350660 0.1578035 0.1493407 0.1345513 0.1952282 0.1095218 0.1573783 0.2446899 0.0944469 0.1034184 0.1147489 0.1503141 0.1723468 0.1423456 0.1659131 0.1536371 0.1823633 0.1795058 0.0882549 0.1989271 0.1761422 0.1467230 0.0876455 0.0838441 0.0944808 0.1620883 0.0865706 0.1496248 0.1431718 0.1473790 0.1702891 0.0858628 0.1075428 0.1598475 0.1552579 0.0877572 0.1576635 0.1501559 0.1394590 0.0913929 0.1679249 0.0887565 0.1535679 0.0872216 0.0866093 0.1711731 0.1472750 0.1400549 0.1152394 0.2559006 0.1139990 0.1372991 0.1104084 0.1074994 
S0417         0.2673067 0.1343929 0.1308102 0.0668771 0.1980118 0.1276072 0.0493128 0.1360589 0.1264159 0.1541083 0.0579647 0.1555263 0.1564046 0.0598144 0.1546074 0.0453972 0.1654048 0.1725051 0.1520694 0.1464919 0.1271548 0.1303479 0.0605040 0.1485513 0.0000000 0.1166766 0.1567892 0.0507739 0.1501077 0.0560951 0.1653248 0.1951882 0.0542366 0.1344574 0.1208981 0.0447984 0.0595169 0.1033136 0.1250411 0.1311102 0.1552196 0.1908657 0.1386868 0.1567658 0.1310448 0.1249376 0.1758920 0.1142826 0.1263063 0.1193920 0.1179143 0.1666841 0.1267945 0.0666610 0.1656640 0.0608944 0.1127637 0.0626768 0.1297363 0.1572352 0.1809713 0.1588833 0.1705078 0.1415976 0.2225613 0.1759801 0.1205926 0.1705752 0.1606525 0.1703894 0.1818499 0.1817891 0.1136716 0.1978476 0.0723390 0.1694239 0.1446629 0.1676726 0.1738364 0.1542647 0.2012073 0.1284857 0.1475638 0.1116516 0.0354294 0.1507207 0.0643715 0.0561945 0.1485446 0.1548081 0.1557253 0.1264655 0.1800918 0.1958967 0.1402452 0.1236240 0.1190219 0.1396928 0.1600568 0.1379987 0.0724236 0.1428745 0.1391152 0.0576071 0.1334269 0.1038642 0.0474140 0.1991886 0.1200558 0.2161742 0.1498451 0.1537618 0.1251392 0.0617610 0.1258628 0.0651917 0.1250448 0.1117547 0.1901967 0.1609235 0.1409635 0.1165618 0.3021580 0.1044931 0.1503967 0.1555986 0.1118158 
S0419         0.2487894 0.1093728 0.0210972 0.1494177 0.1168116 0.1109122 0.1267266 0.1103438 0.1094306 0.1288721 0.1196556 0.1310209 0.1308576 0.1403964 0.1268328 0.1255660 0.1398500 0.1489796 0.1287491 0.1135912 0.1091317 0.1112755 0.1454737 0.1229063 0.1166766 0.0000000 0.1295880 0.1153189 0.1259917 0.1209679 0.1337503 0.1580582 0.1330348 0.1186367 0.1063671 0.1131795 0.1150826 0.0820189 0.1076193 0.0523755 0.1352019 0.1889028 0.1091496 0.1304725 0.1020538 0.1131969 0.1459683 0.0117458 0.1097065 0.0147772 0.0158180 0.1291847 0.0482067 0.1172619 0.1379294 0.1164627 0.0759958 0.1327480 0.1032455 0.1355514 0.1399030 0.1333575 0.1398229 0.1301826 0.1247021 0.1675430 0.0955336 0.1507369 0.1289722 0.1393785 0.1435204 0.1703188 0.0087597 0.1864683 0.1151344 0.1339768 0.1148467 0.1469856 0.1476296 0.1220712 0.1895404 0.1088794 0.1312804 0.0783006 0.1176160 0.1280571 0.1114236 0.1393011 0.1191833 0.1313992 0.1297201 0.1048341 0.1530189 0.1657380 0.1165145 0.1055574 0.1005188 0.1200577 0.1318549 0.1203449 0.1188332 0.1129985 0.1160220 0.1386194 0.1213773 0.0065529 0.1311951 0.1095128 0.1031407 0.1236205 0.1208000 0.1247457 0.1102194 0.1386712 0.1089123 0.1150111 0.1120886 0.0878000 0.1536415 0.1342262 0.1071005 0.0808006 0.2488550 0.0731085 0.1171070 0.1247653 0.0768944 
S0427         0.2701579 0.0813289 0.1354891 0.1976405 0.1572578 0.0873450 0.1740841 0.1445618 0.0888696 0.1117292 0.1555267 0.2018325 0.1869897 0.1721655 0.2093116 0.1639820 0.1649774 0.1726692 0.1970955 0.0545360 0.0857045 0.0826501 0.1839109 0.1045009 0.1567892 0.1295880 0.0000000 0.1585414 0.1966008 0.1563817 0.1673970 0.1335749 0.1714637 0.0921517 0.0852420 0.1522576 0.1574399 0.0773629 0.0841173 0.1182176 0.2040953 0.2363751 0.0929836 0.1998123 0.1378481 0.0819629 0.1807772 0.1226325 0.0874501 0.1315837 0.1297456 0.1658799 0.1163020 0.1566277 0.2013327 0.1551212 0.1139846 0.1735244 0.1671739 0.1602655 0.1902909 0.1647021 0.1728972 0.1140735 0.1525230 0.2154917 0.1305658 0.2170930 0.1903151 0.1689645 0.1797762 0.2257741 0.1256210 0.2396610 0.1751776 0.1763390 0.1481607 0.2095648 0.0972940 0.1671663 0.2451316 0.0873971 0.0980685 0.1224308 0.1642464 0.1956937 0.1531606 0.1792465 0.1723506 0.1971785 0.2047321 0.0794135 0.2186535 0.1682670 0.1517873 0.0823466 0.0793588 0.0843449 0.1733394 0.0730516 0.1550042 0.1547670 0.1528532 0.1731122 0.0812905 0.1136455 0.1677393 0.1500198 0.0775435 0.1532989 0.1616999 0.1537346 0.0836378 0.1751715 0.0825170 0.1587756 0.0805955 0.0932535 0.1683176 0.1587031 0.1483580 0.1212614 0.2730588 0.1198082 0.1425244 0.0581769 0.1159813 
S0428sl       0.2796284 0.1335659 0.1199137 0.0952502 0.1695692 0.1217231 0.0675284 0.1398918 0.1219898 0.1555782 0.0679238 0.1506477 0.1646406 0.0774231 0.1537796 0.0526329 0.1676446 0.1921272 0.1491029 0.1400706 0.1232853 0.1268046 0.0785612 0.1445609 0.0507739 0.1153189 0.1585414 0.0000000 0.1493083 0.0625985 0.1701376 0.1803845 0.0613926 0.1318413 0.1164954 0.0469419 0.0706598 0.1157556 0.1196356 0.1157910 0.1518689 0.2056287 0.1347695 0.1522350 0.1366357 0.1254790 0.1891178 0.1118010 0.1179628 0.1189328 0.1133589 0.1682302 0.1186654 0.0665747 0.1763057 0.0684282 0.1100960 0.0559214 0.1342174 0.1642481 0.1895628 0.1743196 0.1827172 0.1479817 0.1983664 0.1872928 0.1204942 0.1815605 0.1698112 0.1701950 0.1822805 0.1872065 0.1088698 0.1988244 0.0726033 0.1750872 0.1469123 0.1788261 0.1693951 0.1637476 0.2052423 0.1178017 0.1464264 0.1206463 0.0546293 0.1532261 0.0683000 0.0686988 0.1605025 0.1527683 0.1553497 0.1247449 0.1952257 0.1961308 0.1452585 0.1133239 0.1165216 0.1352220 0.1818526 0.1315664 0.0620018 0.1492137 0.1437346 0.0668697 0.1227127 0.0988312 0.0668214 0.1910585 0.1141894 0.1884342 0.1512642 0.1606347 0.1225624 0.0704987 0.1231212 0.0694946 0.1195540 0.1130300 0.1866805 0.1706369 0.1490512 0.1174548 0.2574082 0.1067623 0.1581816 0.1478568 0.1116492 
S0430         0.3158954 0.1683221 0.1276033 0.1886844 0.2006403 0.1626819 0.1698642 0.1543474 0.1594714 0.1886525 0.1581339 0.0146849 0.0999366 0.1835879 0.0115786 0.1614437 0.1851772 0.1989147 0.0067548 0.1706435 0.1586080 0.1643905 0.1843531 0.1748470 0.1501077 0.1259917 0.1966008 0.1493083 0.0000000 0.1591397 0.1766356 0.2191736 0.1754376 0.1737015 0.1585177 0.1553203 0.1588044 0.1246392 0.1602991 0.1352483 0.0106828 0.2380963 0.1553004 0.0116986 0.1545445 0.1593447 0.1933170 0.1225994 0.1604801 0.1277452 0.1295273 0.1813264 0.1186409 0.1575247 0.1238075 0.1576946 0.1216907 0.1698802 0.0552070 0.1783464 0.1997184 0.1810490 0.1905693 0.1772650 0.2229236 0.2219350 0.1356848 0.1302866 0.1052245 0.1912514 0.2022419 0.2166775 0.1223609 0.2359329 0.1490109 0.1802704 0.1678320 0.1287957 0.1999804 0.1670974 0.2462402 0.1591400 0.1820503 0.1266533 0.1589376 0.0085167 0.1514932 0.1706575 0.0938220 0.0084469 0.0058813 0.1591369 0.1345269 0.2230667 0.1597625 0.1555838 0.1476569 0.1786272 0.1726847 0.1713450 0.1625936 0.1596109 0.1583712 0.1742580 0.1615743 0.1137361 0.1727269 0.2019819 0.1549281 0.2166803 0.1663553 0.1768499 0.1615501 0.1757142 0.1587464 0.1628375 0.1557949 0.1335935 0.1940432 0.1746115 0.1621510 0.1292850 0.2877319 0.1272393 0.1605580 0.1863030 0.1210123 
S0478         0.2477034 0.1356295 0.1283611 0.0830129 0.2009517 0.1310622 0.0751383 0.1407441 0.1252906 0.1589159 0.0762858 0.1645102 0.1641545 0.0787018 0.1579411 0.0609834 0.1742544 0.1815532 0.1611051 0.1523873 0.1279751 0.1328427 0.0816883 0.1531289 0.0560951 0.1209679 0.1563817 0.0625985 0.1591397 0.0000000 0.1684109 0.2012925 0.0661547 0.1349697 0.1234377 0.0571760 0.0698459 0.1071386 0.1267201 0.1299571 0.1642933 0.1965090 0.1412756 0.1643047 0.1366146 0.1266818 0.1827337 0.1171149 0.1282555 0.1214874 0.1239234 0.1662197 0.1153618 0.0709151 0.1695271 0.0712561 0.1164771 0.0784742 0.1356697 0.1655509 0.1834079 0.1672040 0.1792460 0.1450929 0.2227876 0.1788911 0.1288099 0.1736268 0.1695478 0.1761192 0.1850625 0.1835242 0.1158187 0.1936138 0.0613364 0.1796285 0.1550396 0.1739678 0.1729511 0.1623001 0.2021548 0.1289521 0.1487572 0.1111319 0.0627972 0.1592603 0.0687561 0.0785408 0.1531604 0.1650992 0.1633163 0.1272905 0.1864527 0.2095242 0.1496390 0.1240225 0.1229902 0.1459268 0.1658658 0.1399477 0.0720324 0.1474586 0.1441298 0.0799811 0.1370633 0.1049611 0.0724021 0.1906350 0.1219090 0.2176967 0.1562273 0.1609171 0.1294447 0.0820371 0.1301205 0.0738159 0.1276135 0.1175723 0.2023317 0.1682125 0.1446328 0.1200632 0.3207322 0.1049011 0.1539419 0.1583487 0.1145167 
S0552sl       0.2969360 0.1437919 0.1359250 0.1969284 0.1648616 0.1541759 0.1783110 0.1155116 0.1516480 0.1834719 0.1464481 0.1817571 0.1724010 0.1836823 0.1877739 0.1792087 0.1337038 0.1441927 0.1770918 0.1634209 0.1495748 0.1482878 0.1917171 0.1434022 0.1653248 0.1337503 0.1673970 0.1701376 0.1766356 0.1684109 0.0000000 0.1588806 0.1769613 0.1581140 0.1464538 0.1496165 0.1659041 0.1300171 0.1491409 0.1207485 0.1807887 0.2483188 0.1519906 0.1792442 0.1333294 0.1535314 0.0362552 0.1260516 0.1514363 0.1343195 0.1338228 0.0718064 0.1296185 0.1704838 0.1835464 0.1686071 0.1153844 0.1772867 0.1523953 0.0303209 0.0673018 0.0371455 0.0332845 0.1736000 0.1797365 0.2458959 0.1420798 0.1908237 0.1726664 0.0766991 0.0807592 0.2339682 0.1290913 0.2501347 0.1851431 0.0716491 0.1444448 0.1933953 0.1700797 0.1216943 0.2474490 0.1508982 0.1680073 0.1205047 0.1708802 0.1765292 0.1617646 0.1850247 0.1629236 0.1817135 0.1762286 0.1459058 0.1968434 0.1688999 0.1244132 0.1457223 0.1362291 0.1493793 0.1284499 0.1549041 0.1731070 0.1227152 0.1258682 0.1895761 0.1532652 0.1185173 0.1791853 0.1746899 0.1424353 0.1793651 0.1370782 0.1419973 0.1497610 0.1825786 0.1530063 0.1691616 0.1530560 0.1336573 0.1556831 0.1334145 0.0856117 0.1264599 0.1994804 0.1357342 0.1310458 0.1634553 0.1243763 
