135
PAFTOL_019361 0.0000000 0.2217438 0.2247067 0.2462540 0.2836700 0.2078969 0.2660737 0.2460446 0.2361500 0.2272165 0.2634363 0.2455100 0.2583558 0.2798150 0.2493769 0.2762281 0.2124412 0.2734792 0.2796452 0.2588266 0.2173230 0.2137591 0.2064535 0.2367861 0.2453612 0.2058572 0.2228746 0.2397811 0.2195637 0.2622696 0.2099952 0.2223600 0.2737323 0.2318819 0.2626736 0.2266472 0.2110692 0.2058541 0.2445011 0.2240607 0.2096484 0.2263701 0.2279893 0.2468374 0.2577419 0.2917464 0.2251571 0.2740046 0.2810865 0.1837910 0.2445553 0.2212848 0.1994317 0.2161449 0.2159700 0.2617928 0.2640481 0.2055951 0.2475157 0.1942188 0.1952015 0.2035500 0.2171627 0.2567500 0.2744269 0.2603403 0.2202716 0.2682826 0.2187660 0.2923621 0.2388998 0.2194404 0.2459113 0.2352964 0.2519410 0.2297780 0.2813513 0.2160856 0.2485931 0.2396012 0.2343939 0.2514642 0.2601142 0.2452800 0.2913748 0.2119466 0.2146450 0.2498624 0.2104704 0.1898675 0.1961260 0.2623761 0.1839001 0.2474509 0.2347124 0.2697053 0.0000010 0.2093687 0.2431755 0.2419117 0.2652622 0.2054071 0.2084643 0.2238016 0.2577459 0.2193425 0.2310772 0.2612770 0.2680532 0.2315421 0.2063821 0.2161449 0.2310262 0.2715046 0.2063539 0.1964392 0.3103862 0.2670240 0.2337632 0.2002551 0.2473451 0.2391762 0.2260423 0.2035044 0.2183008 0.2689032 0.2143009 0.2042574 0.2252806 0.2317112 0.2752529 0.2087080 0.2432432 0.2439521 0.2452161 
S0055         0.2217438 0.0000000 0.0653438 0.1175736 0.1236941 0.0433022 0.1291063 0.1189382 0.0979991 0.0501588 0.0789657 0.1273314 0.1209444 0.1265025 0.1213992 0.1270405 0.1050241 0.1275581 0.1010361 0.1175609 0.0729084 0.0407350 0.0377182 0.1207530 0.0716223 0.1040125 0.0647104 0.0803219 0.0937922 0.1238775 0.1172795 0.0748228 0.0902422 0.1070498 0.1297110 0.1136653 0.0580067 0.0404272 0.1206676 0.1053621 0.1238909 0.0738277 0.0400932 0.1008803 0.1321167 0.1966875 0.0792650 0.1297049 0.1895910 0.0311287 0.1036433 0.0784941 0.0373385 0.0782762 0.0784658 0.1236275 0.1096298 0.1303879 0.1142315 0.1196446 0.0942230 0.0756426 0.0824108 0.1058391 0.1102257 0.1150925 0.0868748 0.1051727 0.1153842 0.1314545 0.1283330 0.1206068 0.1300339 0.1138334 0.1083611 0.0992986 0.1792224 0.0749182 0.1546284 0.0953233 0.1096091 0.1072292 0.0904387 0.1341083 0.1874610 0.0416878 0.0585485 0.1030805 0.1022592 0.1146158 0.1207573 0.1256197 0.0915595 0.1302098 0.1030660 0.1309671 0.1659995 0.0389010 0.1168314 0.1148173 0.0821844 0.0390326 0.0353198 0.0226358 0.1039698 0.0514289 0.1103325 0.1269905 0.1075389 0.1176514 0.0576602 0.0717028 0.1226608 0.1290529 0.1240023 0.0308674 0.1397785 0.1333015 0.0953546 0.0359262 0.1409342 0.0560008 0.1221298 0.0585232 0.0573888 0.1188794 0.1041106 0.1158450 0.0926977 0.0888504 0.1421801 0.0816303 0.1063039 0.0866122 0.0810771 
S0196sl       0.2247067 0.0653438 0.0000000 0.1116109 0.0987019 0.0448827 0.1049301 0.0780209 0.0707271 0.0735611 0.1043734 0.0882523 0.0932882 0.0939468 0.0744956 0.1105062 0.0464295 0.0772075 0.0877383 0.0999831 0.0493100 0.0404407 0.0358128 0.0923099 0.0597482 0.0400340 0.0126675 0.0703286 0.0783137 0.0997979 0.0828265 0.0597720 0.0805320 0.0826938 0.0940878 0.0763629 0.0508161 0.0306907 0.0866424 0.0493879 0.0641508 0.0503534 0.0446057 0.0745692 0.0993209 0.1353518 0.0496368 0.1122152 0.1002467 0.0263644 0.0738022 0.0041473 0.0305143 0.0000010 0.0000010 0.0827780 0.0951453 0.0741233 0.1096262 0.0592731 0.0180879 0.0387397 0.0885639 0.0932787 0.1101241 0.1099000 0.0627803 0.1052433 0.0456933 0.0897645 0.0959459 0.0440753 0.1141261 0.0896787 0.0682562 0.0729025 0.1373136 0.0041116 0.1007295 0.0555142 0.0767145 0.1007852 0.1062938 0.0748582 0.1372206 0.0402017 0.0764892 0.0867623 0.0714813 0.0595428 0.0596275 0.1055115 0.0274604 0.1046869 0.0771917 0.1022667 0.0000010 0.0397946 0.1166359 0.0934521 0.0546301 0.0308662 0.0305143 0.0572014 0.0863882 0.0507005 0.0700836 0.0845674 0.0663245 0.0863114 0.0722841 0.0000010 0.0815463 0.1012114 0.0549364 0.0305143 0.1015733 0.0978944 0.0643189 0.0354506 0.1199534 0.0780147 0.0600065 0.0538511 0.0495763 0.0996637 0.0624202 0.0649623 0.0812122 0.0604364 0.1212476 0.0262454 0.0649264 0.0700719 0.0664932 
S0278         0.2462540 0.1175736 0.1116109 0.0000000 0.1189846 0.1206946 0.1337730 0.0292805 0.0807277 0.1157771 0.1089932 0.0459879 0.1253647 0.1287889 0.0467124 0.1353894 0.0527078 0.1043065 0.1328178 0.1218972 0.1007513 0.1106501 0.1066196 0.0400427 0.1026399 0.0436870 0.0800246 0.0994819 0.0372673 0.1284114 0.0677005 0.0785782 0.1207879 0.1200942 0.1344146 0.0358328 0.1316472 0.1045375 0.0498887 0.0731802 0.0713199 0.1075360 0.1054699 0.1038683 0.1308401 0.2047633 0.1162269 0.1351251 0.1783087 0.0974246 0.1025680 0.0988131 0.1036177 0.0931189 0.0919180 0.1167955 0.1153119 0.0739876 0.1329164 0.0806838 0.0491135 0.0749633 0.0446686 0.1093875 0.0981326 0.1052628 0.0819213 0.1093633 0.1369549 0.1193581 0.1610064 0.1047418 0.1315345 0.1182215 0.0985234 0.0894290 0.1937473 0.0914487 0.1834884 0.1032563 0.0935243 0.1115142 0.1131325 0.1069776 0.2034293 0.1127882 0.1120083 0.0865101 0.0376781 0.0772890 0.0808334 0.1283021 0.0537645 0.0291969 0.1095750 0.1339378 0.1500203 0.1147266 0.1317451 0.0989513 0.1040614 0.1082556 0.0951328 0.0845663 0.0914205 0.0934761 0.0646161 0.1112156 0.0953314 0.0308691 0.1114167 0.0914610 0.0374905 0.1213141 0.0749597 0.1004104 0.1241164 0.1019896 0.0897994 0.1071917 0.0484951 0.1243226 0.0721588 0.1175426 0.1014624 0.0977363 0.0851689 0.0761661 0.0791695 0.0847194 0.1380818 0.0823985 0.0991204 0.0952868 0.0925868 
S0281         0.2836700 0.1236941 0.0987019 0.1189846 0.0000000 0.1168054 0.1484912 0.1220442 0.0974396 0.1211181 0.1136565 0.1296548 0.1316491 0.1385231 0.1242906 0.1436651 0.1235190 0.1205238 0.1180737 0.1359940 0.1029301 0.1144110 0.1103759 0.1267463 0.1143514 0.1122627 0.0951056 0.1066697 0.1032299 0.1429066 0.1260543 0.0914149 0.1288602 0.1206337 0.1449319 0.1155879 0.1253331 0.1084686 0.1201387 0.1179672 0.1180320 0.1234252 0.1096357 0.0670614 0.1433043 0.1676524 0.1218306 0.1428896 0.1877051 0.0953783 0.1129831 0.0666477 0.1093408 0.0696676 0.0666202 0.1190439 0.0632891 0.1292977 0.1417865 0.1284134 0.1006397 0.0884571 0.1221442 0.1297661 0.1142579 0.1005641 0.1081061 0.1190813 0.1430268 0.0672430 0.1502059 0.1286238 0.1507532 0.1446554 0.1057190 0.1000720 0.1598998 0.0662866 0.1516919 0.1049731 0.1015553 0.1481492 0.1233629 0.1195583 0.1762298 0.1151678 0.1235288 0.1063133 0.1058217 0.1224910 0.1264317 0.1447701 0.1004133 0.1246167 0.1133431 0.1550739 0.1421731 0.1133780 0.1482920 0.1104670 0.0924922 0.1049206 0.1006195 0.1100997 0.0986785 0.0992952 0.1205598 0.1239648 0.0947744 0.1223459 0.1289029 0.0630382 0.1136026 0.0701128 0.1247763 0.1058487 0.0769965 0.1123003 0.1017264 0.1017224 0.1345410 0.1195104 0.1341064 0.1283031 0.1089495 0.1196663 0.1022162 0.1235172 0.0975902 0.1069391 0.1571222 0.0867091 0.1099949 0.1084575 0.1052479 
S0282         0.2078969 0.0433022 0.0448827 0.1206946 0.1168054 0.0000000 0.1092657 0.1203228 0.1060753 0.0324316 0.0837197 0.1287250 0.1086125 0.1173589 0.1299223 0.1177948 0.1118338 0.1223204 0.0959233 0.1053354 0.0741993 0.0210211 0.0236337 0.1263484 0.0679363 0.1037411 0.0560033 0.0831343 0.0953270 0.1077255 0.1161928 0.0835986 0.0882449 0.1025343 0.1152257 0.1150720 0.0396741 0.0276487 0.1276098 0.0945243 0.1199479 0.0752875 0.0284536 0.1034763 0.1192116 0.1864933 0.0679383 0.1169326 0.1831927 0.0198747 0.1101521 0.0816043 0.0207275 0.0830489 0.0832517 0.1234328 0.1120946 0.1153617 0.1113603 0.1193253 0.0887046 0.0787770 0.0760609 0.0939651 0.1218833 0.1106403 0.0970247 0.1209425 0.1064668 0.1301851 0.1173764 0.1130749 0.1157055 0.1034400 0.1082745 0.0991316 0.1749934 0.0796480 0.1525668 0.1019546 0.1015166 0.0845686 0.0831967 0.1312681 0.1871329 0.0248195 0.0523609 0.1037677 0.0984695 0.1143098 0.1204317 0.1130288 0.0824524 0.1298558 0.0983557 0.1198007 0.1506429 0.0275590 0.1174460 0.1155704 0.0862483 0.0276813 0.0253017 0.0471693 0.1049307 0.0497529 0.1098889 0.1260764 0.1102699 0.1136381 0.0511786 0.0763965 0.1223335 0.1278144 0.1164671 0.0170167 0.1423296 0.1304514 0.0894434 0.0247623 0.1307141 0.0482536 0.1163069 0.0523380 0.0587298 0.1196101 0.0961504 0.1090485 0.0957872 0.0915001 0.1436832 0.0847380 0.1002205 0.0863385 0.0837454 
S0288         0.2660737 0.1291063 0.1049301 0.1337730 0.1484912 0.1092657 0.0000000 0.1280971 0.1077062 0.1108997 0.1251376 0.1312436 0.0127727 0.0658939 0.1746461 0.0180660 0.1307692 0.1252472 0.1162737 0.0089018 0.1104327 0.1112668 0.1088747 0.1407231 0.1149929 0.1203239 0.0876534 0.1109765 0.1010583 0.0037651 0.1361962 0.1032648 0.1440808 0.0625724 0.0154353 0.1246791 0.1089585 0.1086023 0.1280855 0.1270913 0.1454138 0.1196360 0.1158620 0.1259703 0.0222949 0.2075516 0.1238671 0.0154937 0.1874858 0.0942409 0.1192694 0.1043480 0.1094231 0.1005010 0.1041877 0.1472757 0.1374260 0.1382764 0.0796988 0.1405897 0.1034121 0.0801372 0.0935323 0.0339505 0.1319787 0.1251757 0.1043408 0.1328136 0.1555392 0.1574823 0.1386106 0.1177763 0.0838405 0.0620520 0.1204858 0.1096594 0.1930905 0.1002373 0.1629431 0.1216648 0.1142846 0.0750333 0.1406102 0.1324542 0.1941336 0.1131415 0.1189118 0.1071425 0.1184695 0.1392782 0.1435362 0.0075736 0.1048587 0.1427002 0.0769614 0.0103839 0.0000010 0.1135026 0.0822019 0.1201504 0.0935940 0.1157850 0.0970285 0.0929643 0.1112166 0.1136382 0.1302558 0.1310600 0.1219407 0.1255431 0.1131973 0.1002510 0.1365310 0.1507334 0.1342863 0.1043461 0.1642318 0.1307551 0.0995548 0.1059642 0.1527170 0.1215874 0.1303624 0.1147504 0.1089384 0.1159651 0.1098562 0.1353744 0.1009467 0.0928997 0.1322167 0.1101177 0.1107952 0.1103438 0.0887177 
S0289         0.2460446 0.1189382 0.0780209 0.0292805 0.1220442 0.1203228 0.1280971 0.0000000 0.0868725 0.1127940 0.1140617 0.0433391 0.1244057 0.1265965 0.0419286 0.1362863 0.0546817 0.1041938 0.1192222 0.1209222 0.1057441 0.1101819 0.1061159 0.0466088 0.1109747 0.0456714 0.0792556 0.1060840 0.0408243 0.1227834 0.0734023 0.0811735 0.1281466 0.1197133 0.1287070 0.0407212 0.1285956 0.0998799 0.0440505 0.0808477 0.0738847 0.1120029 0.1047081 0.1090631 0.1298934 0.2032915 0.1195775 0.1312301 0.1725112 0.0968311 0.1066704 0.0965833 0.1030912 0.0927921 0.0896493 0.1207237 0.1236152 0.0849433 0.1385190 0.0834561 0.0495351 0.0793018 0.0479960 0.1125349 0.1134682 0.1071152 0.0898673 0.1092979 0.1419248 0.1255899 0.1654760 0.0939630 0.1313659 0.1176036 0.1010556 0.0938047 0.1874208 0.0891879 0.1789742 0.1074874 0.1016137 0.1145722 0.1234595 0.1157882 0.1960930 0.1082235 0.1115539 0.0912212 0.0394024 0.0799967 0.0836125 0.1245528 0.0573972 0.0423995 0.1072786 0.1281128 0.1639025 0.1143009 0.1353249 0.1057033 0.1020502 0.1054797 0.0963039 0.0901676 0.0994946 0.0910264 0.0672086 0.1164925 0.1018378 0.0354045 0.1109526 0.0892000 0.0437992 0.1293933 0.0727621 0.0998461 0.1341913 0.1105120 0.0892534 0.1066985 0.0534276 0.1222104 0.0727600 0.1153772 0.1045337 0.1036612 0.0857080 0.0755651 0.0833940 0.0874572 0.1378689 0.0806447 0.0986754 0.1052312 0.0951760 
S0292         0.2361500 0.0979991 0.0707271 0.0807277 0.0974396 0.1060753 0.1077062 0.0868725 0.0000000 0.1084161 0.1064091 0.0858016 0.1004316 0.1017186 0.0840385 0.1097876 0.0773134 0.0727003 0.0782538 0.1005920 0.0947570 0.0984749 0.0945270 0.0805201 0.0953599 0.0698447 0.0448657 0.1027713 0.0640209 0.1025677 0.0900371 0.0570503 0.1224277 0.0916664 0.1106945 0.0757750 0.1190674 0.0907361 0.0893434 0.0924012 0.0927151 0.1042981 0.0992756 0.0959240 0.1126198 0.1727319 0.1028829 0.1131006 0.1385032 0.0889943 0.0844027 0.0804586 0.0952059 0.0781742 0.0803286 0.0914419 0.0989677 0.0952546 0.1119532 0.0926748 0.0614077 0.0528407 0.0693557 0.0910423 0.0868915 0.0709241 0.0674202 0.0876120 0.1330509 0.1212341 0.1105384 0.0778967 0.1085621 0.0961109 0.0851542 0.0799812 0.1607151 0.0766136 0.1422872 0.0656714 0.0725134 0.0800723 0.1238861 0.0384868 0.1614375 0.1007291 0.1022754 0.0655586 0.0751913 0.0890479 0.0948724 0.1023406 0.0662649 0.0771467 0.0893584 0.1088240 0.1581309 0.1026386 0.1091239 0.0743720 0.0178258 0.0978520 0.0811133 0.0603206 0.0290000 0.0879509 0.0880014 0.0280803 0.0132068 0.0788416 0.1013305 0.0766238 0.0766921 0.1143634 0.0942865 0.0915801 0.1251041 0.0371617 0.0536778 0.0911996 0.1017423 0.1105089 0.0918011 0.1035539 0.0942612 0.0680546 0.0557644 0.0876496 0.0557853 0.0558851 0.1248889 0.0698252 0.0662180 0.0989678 0.0660536 
S0293         0.2272165 0.0501588 0.0735611 0.1157771 0.1211181 0.0324316 0.1108997 0.1127940 0.1084161 0.0000000 0.0708725 0.1247517 0.1147350 0.1164004 0.1243784 0.1249823 0.1146762 0.1283318 0.0998845 0.1110039 0.0692735 0.0233536 0.0263340 0.1204026 0.0679341 0.1072054 0.0693478 0.0809119 0.0885269 0.1113172 0.1226059 0.0803143 0.0978010 0.1032733 0.1217826 0.1136032 0.0429206 0.0246794 0.1192636 0.1045583 0.1259628 0.0775380 0.0159780 0.1041293 0.1289756 0.1865261 0.0676604 0.1192629 0.1850532 0.0206106 0.1065408 0.0810541 0.0230920 0.0771761 0.0792122 0.1348004 0.1157009 0.1240342 0.1212282 0.1212491 0.0883326 0.0818680 0.0836817 0.0979435 0.1209320 0.1118729 0.0934009 0.1206917 0.1043539 0.1328024 0.1263665 0.1198069 0.1182807 0.1182454 0.1109175 0.1001786 0.1838937 0.0752628 0.1671720 0.1037401 0.0943622 0.0895653 0.0886945 0.1378320 0.1879575 0.0231533 0.0521286 0.1046384 0.1015245 0.1194770 0.1246194 0.1173342 0.0874029 0.1278971 0.0988277 0.1138010 0.1517905 0.0322904 0.1219833 0.1136567 0.0976881 0.0277619 0.0251985 0.0545720 0.1040557 0.0458714 0.1062345 0.1277282 0.1177890 0.1152580 0.0510268 0.0752736 0.1182344 0.1259404 0.1220371 0.0204942 0.1398343 0.1342486 0.0867005 0.0245986 0.1337559 0.0476248 0.1258342 0.0455507 0.0590464 0.1139405 0.0938912 0.1175811 0.0876841 0.0945600 0.1441649 0.0863509 0.0968086 0.0858792 0.0858744 
S0294         0.2634363 0.0789657 0.1043734 0.1089932 0.1136565 0.0837197 0.1251376 0.1140617 0.1064091 0.0708725 0.0000000 0.1259876 0.1169793 0.1145776 0.1362197 0.1265624 0.1197931 0.1104997 0.1053510 0.1135825 0.0674563 0.0776995 0.0725435 0.1246649 0.0763180 0.1087592 0.0845616 0.0798590 0.0971590 0.1198885 0.1128617 0.0764246 0.0914646 0.1071569 0.1258953 0.1151036 0.0849027 0.0739696 0.1227110 0.1069245 0.1170185 0.0795599 0.0743182 0.0985072 0.1242625 0.1972355 0.0857199 0.1257223 0.1936091 0.0624771 0.0927401 0.0859586 0.0749597 0.0837818 0.0826664 0.1159882 0.1066463 0.1210247 0.1139335 0.1169018 0.0920420 0.0777163 0.0926709 0.1058725 0.1061014 0.1078443 0.0934957 0.1121519 0.1028133 0.1186048 0.1518838 0.1258065 0.1245536 0.1098645 0.0958130 0.0816020 0.1871936 0.0822529 0.1681241 0.0987982 0.1083666 0.1030671 0.0943372 0.1296298 0.1982525 0.0750952 0.0710044 0.1131190 0.1059244 0.1120234 0.1163154 0.1196272 0.0907906 0.1195254 0.1032281 0.1265481 0.1485184 0.0767823 0.1201544 0.1109912 0.0955645 0.0772424 0.0670649 0.0807532 0.1059534 0.0662879 0.1080965 0.1275787 0.1060733 0.1121919 0.0764494 0.0789447 0.1184852 0.1163136 0.1177914 0.0682648 0.1288685 0.1288044 0.0947086 0.0702260 0.1350685 0.0782521 0.1210228 0.0743677 0.0632644 0.1097947 0.0930124 0.1109489 0.0916424 0.0940157 0.1391397 0.0870561 0.1057550 0.0851091 0.0889313 
S0299         0.2455100 0.1273314 0.0882523 0.0459879 0.1296548 0.1287250 0.1312436 0.0433391 0.0858016 0.1247517 0.1259876 0.0000000 0.1191477 0.1237372 0.0377130 0.1309179 0.0568871 0.0971538 0.1228108 0.1193397 0.1141866 0.1163317 0.1102531 0.0403238 0.1196565 0.0478761 0.0833563 0.1084189 0.0498620 0.1258592 0.0722883 0.0867634 0.1291348 0.1225847 0.1281007 0.0332909 0.1373688 0.1120049 0.0539517 0.0742107 0.0796146 0.1109724 0.1132498 0.1189659 0.1282873 0.1949960 0.1245866 0.1302539 0.1771808 0.1047609 0.1053544 0.1042712 0.1109965 0.1003675 0.0971715 0.1192880 0.1327772 0.0824698 0.1365957 0.0839802 0.0469492 0.0765065 0.0546582 0.1134714 0.1174332 0.1103127 0.0941181 0.1159160 0.1480332 0.1311084 0.1512492 0.1041815 0.1278463 0.1208998 0.1009113 0.0909014 0.1908424 0.0966636 0.1782635 0.1101343 0.1007156 0.0993913 0.1389829 0.1129445 0.1923830 0.1131774 0.1197609 0.0913379 0.0443840 0.0821437 0.0824073 0.1276534 0.0482545 0.0476541 0.1139684 0.1309096 0.1693050 0.1225156 0.1363780 0.1045582 0.1010159 0.1177278 0.1023528 0.0856848 0.1003488 0.1086084 0.0727896 0.1172646 0.1013104 0.0388515 0.1192235 0.0966760 0.0445354 0.1331808 0.0763930 0.1041150 0.1419623 0.1070298 0.0896023 0.1129513 0.0639233 0.1286561 0.0683697 0.1236902 0.1143930 0.1033914 0.0780281 0.0827030 0.0857177 0.0813981 0.1338995 0.0857205 0.0989402 0.1110688 0.0961291 
S0303         0.2583558 0.1209444 0.0932882 0.1253647 0.1316491 0.1086125 0.0127727 0.1244057 0.1004316 0.1147350 0.1169793 0.1191477 0.0000000 0.0562983 0.1614780 0.0101160 0.1185843 0.1134999 0.1037620 0.0063031 0.1010206 0.1105903 0.1082170 0.1282222 0.1144373 0.1088124 0.0732137 0.1051048 0.0927832 0.0089073 0.1240197 0.0955323 0.1452972 0.0560903 0.0101839 0.1126901 0.1125668 0.1079480 0.1208042 0.1206332 0.1348189 0.1153052 0.1133945 0.1107571 0.0141331 0.2008501 0.1193666 0.0102221 0.1808836 0.0936711 0.1077284 0.0951360 0.1087680 0.0914107 0.0949887 0.1338881 0.1237820 0.1316273 0.0727493 0.1264469 0.0937837 0.0697739 0.0761072 0.0281270 0.1200929 0.1172566 0.1004381 0.1208446 0.1520370 0.1468517 0.1299982 0.1081555 0.0735213 0.0585416 0.1125208 0.1018975 0.1865872 0.0911742 0.1613296 0.1138152 0.1029975 0.0609155 0.1358098 0.1241342 0.1921758 0.1124614 0.1144657 0.0960505 0.1070199 0.1251245 0.1292142 0.0101916 0.0987704 0.1304191 0.0700263 0.0157984 0.0061617 0.1128185 0.0721007 0.1051671 0.0822929 0.1150838 0.0969758 0.0779621 0.1015800 0.1092679 0.1220620 0.1192599 0.1144602 0.1137615 0.1088464 0.0911864 0.1244577 0.1403124 0.1258371 0.1037133 0.1534022 0.1188428 0.0956269 0.1053308 0.1440141 0.1170777 0.1219557 0.1140520 0.1012240 0.1062755 0.0984602 0.1232712 0.0901243 0.0824157 0.1297617 0.0990009 0.1085462 0.1045095 0.0782655 
S0308         0.2798150 0.1265025 0.0939468 0.1287889 0.1385231 0.1173589 0.0658939 0.1265965 0.1017186 0.1164004 0.1145776 0.1237372 0.0562983 0.0000000 0.1479197 0.0626629 0.1259041 0.1169847 0.0883607 0.0563822 0.1004943 0.1213678 0.1172062 0.1364022 0.1135628 0.1162955 0.0963307 0.1104109 0.1045853 0.0613693 0.1291595 0.1030048 0.1462052 0.0716353 0.0612275 0.1191863 0.1171105 0.1150477 0.1350750 0.1211957 0.1321939 0.1218415 0.1227405 0.1239307 0.0697258 0.2017298 0.1188122 0.0665186 0.1745759 0.1041678 0.1096514 0.1080431 0.1176806 0.1057960 0.1078775 0.1397436 0.1304352 0.1319332 0.0770633 0.1276584 0.0978337 0.0730195 0.1014207 0.0452251 0.1240895 0.1228075 0.1098589 0.1343756 0.1377933 0.1508428 0.1577041 0.1248745 0.0777693 0.0583403 0.1189696 0.1063407 0.1951486 0.1038711 0.1707084 0.1112756 0.1045478 0.0803294 0.1580571 0.1293587 0.1996446 0.1161926 0.1176100 0.1014015 0.1143697 0.1262127 0.1265278 0.0597278 0.0946910 0.1306332 0.0754892 0.0694489 0.0705747 0.1254254 0.0763787 0.1105162 0.0914010 0.1260578 0.1077223 0.0954453 0.1087972 0.1164644 0.1173219 0.1239450 0.1137171 0.1194705 0.1116220 0.1038853 0.1301285 0.1442269 0.1278933 0.1126704 0.1555428 0.1257525 0.0985875 0.1176879 0.1546094 0.1300355 0.1260535 0.1170559 0.1031029 0.1128288 0.0925513 0.1183724 0.1058768 0.0838812 0.1405143 0.1077094 0.1080167 0.1011108 0.0857808 
S0320         0.2493769 0.1213992 0.0744956 0.0467124 0.1242906 0.1299223 0.1746461 0.0419286 0.0840385 0.1243784 0.1362197 0.0377130 0.1614780 0.1479197 0.0000000 0.1713180 0.0629640 0.0880398 0.1181304 0.1657338 0.1216119 0.1195852 0.1152672 0.0566998 0.1200615 0.0472083 0.0777843 0.1195429 0.0478199 0.1691140 0.0755394 0.0846342 0.1353608 0.1576132 0.1697632 0.0443517 0.1464803 0.1096472 0.0495495 0.0811540 0.0739863 0.1326823 0.1153423 0.1238750 0.1705009 0.2259866 0.1187486 0.1617405 0.1907392 0.0979819 0.0998435 0.1198988 0.1034924 0.1136263 0.1141630 0.1236132 0.1419265 0.0851474 0.1674120 0.0825408 0.0649685 0.0830651 0.0562040 0.1406855 0.1145554 0.1059512 0.0957243 0.1144974 0.1747702 0.1271598 0.1569189 0.1013938 0.1593423 0.1588383 0.0950816 0.0861729 0.1928105 0.1105580 0.2117613 0.0980532 0.1123785 0.1273351 0.1520996 0.1111182 0.2094895 0.1121633 0.1237295 0.1031259 0.0442319 0.0848595 0.0820137 0.1720824 0.0660228 0.0542306 0.1378890 0.1645870 0.2127110 0.1204032 0.1770506 0.1006548 0.0934066 0.1101523 0.0966398 0.0750423 0.1018072 0.1124194 0.0575752 0.1118135 0.0920437 0.0336596 0.1288281 0.1077581 0.0494059 0.1333305 0.0720140 0.0954499 0.1312813 0.1106183 0.0946939 0.1120946 0.0668309 0.1352061 0.0919582 0.1306519 0.1212253 0.1041855 0.0791528 0.0926268 0.0944536 0.0999468 0.1555379 0.0984840 0.1018150 0.1308788 0.1019169 
S0322         0.2762281 0.1270405 0.1105062 0.1353894 0.1436651 0.1177948 0.0180660 0.1362863 0.1097876 0.1249823 0.1265624 0.1309179 0.0101160 0.0626629 0.1713180 0.0000000 0.1304420 0.1249421 0.1194449 0.0114621 0.1102496 0.1199598 0.1174900 0.1382906 0.1185725 0.1200341 0.0817734 0.1071487 0.1008878 0.0141417 0.1340467 0.1033104 0.1438369 0.0640021 0.0141355 0.1243688 0.1165785 0.1171903 0.1305193 0.1304403 0.1468726 0.1193456 0.1230447 0.1239153 0.0168158 0.2015517 0.1289175 0.0154918 0.1970438 0.1009349 0.1133584 0.1041788 0.1179621 0.1003387 0.1040189 0.1440345 0.1373765 0.1376779 0.0764019 0.1342543 0.1050434 0.0765375 0.0874370 0.0352630 0.1260533 0.1212711 0.1062807 0.1230257 0.1570442 0.1572158 0.1336892 0.1193048 0.0819329 0.0635234 0.1183354 0.1058814 0.1938876 0.1000757 0.1620945 0.1177928 0.1086433 0.0691175 0.1437869 0.1321303 0.1930850 0.1180553 0.1239483 0.0981655 0.1181847 0.1329389 0.1371176 0.0154452 0.1083391 0.1423481 0.0768929 0.0212879 0.0124746 0.1185810 0.0757159 0.1144089 0.0939037 0.1207482 0.1042650 0.0866466 0.1054006 0.1186388 0.1279695 0.1307427 0.1241132 0.1252366 0.1181799 0.1000893 0.1343654 0.1504799 0.1357294 0.1092672 0.1641610 0.1304352 0.1010979 0.1144519 0.1564639 0.1228537 0.1300003 0.1234909 0.1033677 0.1120442 0.1041568 0.1313021 0.1007095 0.0910738 0.1378685 0.1080254 0.1121998 0.1138286 0.0868995 
S0327         0.2124412 0.1050241 0.0464295 0.0527078 0.1235190 0.1118338 0.1307692 0.0546817 0.0773134 0.1146762 0.1197931 0.0568871 0.1185843 0.1259041 0.0629640 0.1304420 0.0000000 0.0957621 0.1220173 0.1187769 0.0938880 0.1037101 0.0975947 0.0589660 0.0986581 0.0355316 0.0616080 0.0926949 0.0282626 0.1253427 0.0597038 0.0734304 0.1295581 0.1169313 0.1276002 0.0542482 0.1184028 0.0958625 0.0609172 0.0696078 0.0676456 0.0960894 0.1025065 0.1030078 0.1260975 0.2006864 0.1092961 0.1282841 0.1604828 0.0812274 0.0993620 0.0865700 0.0930904 0.0846793 0.0848939 0.1184237 0.1138698 0.0756699 0.1301298 0.0710827 0.0437877 0.0645032 0.0349941 0.1103181 0.1080419 0.1011416 0.0786681 0.1063204 0.1144811 0.1338585 0.1143358 0.0879163 0.1231822 0.1176761 0.0952983 0.0885760 0.1843961 0.0811437 0.1725280 0.0865011 0.0888486 0.0859359 0.1208504 0.1002533 0.1973025 0.1020179 0.1050890 0.0831962 0.0326261 0.0692993 0.0715155 0.1271507 0.0530654 0.0607847 0.1101730 0.1349537 0.1935628 0.1042721 0.1291024 0.0992361 0.0725138 0.1029601 0.0839765 0.0577793 0.0859397 0.0906900 0.0616180 0.1046165 0.0906795 0.0448923 0.1007681 0.0793801 0.0538255 0.1295244 0.0660475 0.0915708 0.1384081 0.1007662 0.0814738 0.0952020 0.0695154 0.1133605 0.0600951 0.1064380 0.0962375 0.0962634 0.0749022 0.0740467 0.0778160 0.0723665 0.1347130 0.0764492 0.0943051 0.0971168 0.0804565 
S0335         0.2734792 0.1275581 0.0772075 0.1043065 0.1205238 0.1223204 0.1252472 0.1041938 0.0727003 0.1283318 0.1104997 0.0971538 0.1134999 0.1169847 0.0880398 0.1249421 0.0957621 0.0000000 0.0621405 0.1136798 0.1209846 0.1208839 0.1148481 0.1093367 0.1107239 0.0845000 0.0792274 0.1177261 0.0741943 0.1177428 0.0987604 0.0787220 0.1356551 0.1143909 0.1240610 0.0982424 0.1342603 0.1163572 0.1105060 0.0999256 0.1029822 0.1171021 0.1203578 0.1139832 0.1282396 0.2087692 0.1199203 0.1221574 0.1530692 0.1076684 0.1018767 0.0927141 0.1171522 0.0958289 0.0960748 0.1097188 0.1245285 0.1174767 0.1348410 0.1028783 0.0778607 0.0596072 0.0954208 0.1004134 0.1060986 0.0901755 0.0870281 0.1085848 0.1606105 0.1325241 0.1576770 0.0954355 0.1364172 0.1089108 0.0990938 0.0906678 0.1968982 0.0922069 0.1824902 0.0893413 0.0860779 0.1094675 0.1333620 0.0899259 0.1993007 0.1119753 0.1243639 0.0859534 0.0877063 0.1009352 0.1015167 0.1217431 0.0747427 0.1121070 0.1054765 0.1308657 0.1491838 0.1213796 0.1356140 0.0718692 0.0897014 0.1182382 0.1049025 0.0926602 0.0764171 0.1067033 0.1030244 0.0952902 0.0815390 0.0882437 0.1233201 0.0887605 0.1006755 0.1300682 0.0995817 0.1048368 0.1434537 0.0905350 0.0507953 0.1153230 0.1254397 0.1321188 0.1103419 0.1298727 0.1107069 0.0695177 0.0311103 0.1079869 0.0850521 0.0724024 0.1295882 0.0873356 0.0611628 0.1191717 0.0765010 
S0345         0.2796452 0.1010361 0.0877383 0.1328178 0.1180737 0.0959233 0.1162737 0.1192222 0.0782538 0.0998845 0.1053510 0.1228108 0.1037620 0.0883607 0.1181304 0.1194449 0.1220173 0.0621405 0.0000000 0.1074136 0.1079331 0.0986696 0.0948843 0.1193107 0.1038942 0.0948507 0.0937608 0.1311993 0.0881379 0.1106448 0.1209890 0.0829727 0.1481552 0.1039866 0.1136790 0.1213270 0.1094684 0.0850961 0.1266264 0.1015190 0.1215959 0.1197736 0.0968166 0.1127908 0.1212414 0.1933238 0.1099574 0.1135542 0.1596668 0.0839822 0.0809268 0.1007471 0.0903700 0.0945025 0.0972755 0.0987049 0.1350971 0.1275676 0.1234588 0.1254686 0.0721890 0.0396430 0.1135221 0.0914923 0.1041979 0.1152434 0.0947716 0.1145454 0.1328481 0.1478726 0.1333392 0.1170312 0.1253290 0.0952704 0.1106327 0.1038703 0.1803499 0.1003183 0.1659795 0.0974249 0.0921002 0.1029056 0.1363171 0.0944506 0.1822849 0.0937413 0.1214954 0.0841362 0.1088147 0.1247483 0.1177194 0.1135889 0.0767207 0.1260386 0.0944991 0.1199901 0.1380688 0.0966741 0.1227925 0.0540817 0.0521001 0.0914761 0.0868499 0.0812849 0.0808998 0.1012538 0.1063195 0.0850116 0.0729501 0.1167874 0.1127359 0.0972755 0.1169701 0.1480845 0.1197186 0.0825748 0.1561036 0.1074551 0.0546707 0.0965327 0.1440445 0.1094450 0.1157399 0.1202775 0.1009555 0.0455795 0.0441392 0.1045462 0.1012780 0.0700869 0.1402118 0.0925606 0.0597544 0.1080054 0.0704174 
S0355         0.2588266 0.1175609 0.0999831 0.1218972 0.1359940 0.1053354 0.0089018 0.1209222 0.1005920 0.1110039 0.1135825 0.1193397 0.0063031 0.0563822 0.1657338 0.0114621 0.1187769 0.1136798 0.1074136 0.0000000 0.1011801 0.1072527 0.1049072 0.1284315 0.1074126 0.1089833 0.0733305 0.1052692 0.0926340 0.0050666 0.1242186 0.0956903 0.1378089 0.0561737 0.0115389 0.1128726 0.1074318 0.1046482 0.1209964 0.1208264 0.1368659 0.1119128 0.1099663 0.1144713 0.0155299 0.2021776 0.1159870 0.0115831 0.1851622 0.0904086 0.1078984 0.0952828 0.1054874 0.0915512 0.0951352 0.1386960 0.1276191 0.1318392 0.0728597 0.1284441 0.0939363 0.0698823 0.0762289 0.0238871 0.1202826 0.1174405 0.1006009 0.1204142 0.1478380 0.1470885 0.1312024 0.1083244 0.0736340 0.0555661 0.1127002 0.1041514 0.1923927 0.0913140 0.1623697 0.1139936 0.1031582 0.0610135 0.1323053 0.1243313 0.1934405 0.1091554 0.1110979 0.0962002 0.1071877 0.1271230 0.1312368 0.0063418 0.0989307 0.1306272 0.0701332 0.0117954 0.0000010 0.1095028 0.0722093 0.1088265 0.0824259 0.1117436 0.0936988 0.0780897 0.0999591 0.1059261 0.1184453 0.1194474 0.1146432 0.1139422 0.1055169 0.0913263 0.1246556 0.1405372 0.1260391 0.1004067 0.1536508 0.1190316 0.0922304 0.1020675 0.1442476 0.1136778 0.1202694 0.1106985 0.0979515 0.1046550 0.0986170 0.1234682 0.0902634 0.0825412 0.1262953 0.0991545 0.1033298 0.1046722 0.0783855 
S0376         0.2173230 0.0729084 0.0493100 0.1007513 0.1029301 0.0741993 0.1104327 0.1057441 0.0947570 0.0692735 0.0674563 0.1141866 0.1010206 0.1004943 0.1216119 0.1102496 0.0938880 0.1209846 0.1079331 0.1011801 0.0000000 0.0650812 0.0632639 0.1054710 0.0690672 0.0879410 0.0410341 0.0279470 0.0781492 0.1053126 0.1128490 0.0579201 0.0831930 0.0979687 0.1093294 0.1025221 0.0794293 0.0599565 0.1109076 0.0935300 0.1089909 0.0759571 0.0617470 0.0762181 0.1078757 0.1843681 0.0812544 0.1074594 0.1803416 0.0499326 0.0860968 0.0662226 0.0595282 0.0612831 0.0630132 0.1082730 0.0839361 0.0945183 0.0977015 0.1032181 0.0720402 0.0688513 0.0579433 0.0914269 0.0942636 0.0926929 0.0695333 0.0944709 0.1025009 0.1061166 0.1153677 0.1139205 0.1039030 0.0998895 0.0828246 0.0668338 0.1700537 0.0596414 0.1476116 0.0838916 0.0997865 0.0743786 0.0927873 0.1260492 0.1803176 0.0674414 0.0782723 0.0950741 0.0844833 0.1000602 0.1060098 0.1052812 0.0747037 0.1095250 0.0882067 0.1153499 0.1619563 0.0691102 0.1002265 0.1024817 0.0679351 0.0694402 0.0513063 0.0345609 0.0993957 0.0591124 0.0902426 0.1218178 0.1021509 0.0974244 0.0753782 0.0596489 0.1001146 0.1003281 0.1056814 0.0590075 0.1061753 0.1232551 0.0870063 0.0595319 0.1234425 0.0823045 0.1054739 0.0766888 0.0573336 0.1137961 0.0936671 0.1025663 0.0790001 0.0861190 0.1361064 0.0696212 0.1001853 0.0453720 0.0758916 
S0400         0.2137591 0.0407350 0.0404407 0.1106501 0.1144110 0.0210211 0.1112668 0.1101819 0.0984749 0.0233536 0.0776995 0.1163317 0.1105903 0.1213678 0.1195852 0.1199598 0.1037101 0.1208839 0.0986696 0.1072527 0.0650812 0.0000000 0.0156196 0.1157778 0.0640207 0.0975490 0.0568940 0.0723321 0.0864544 0.1096995 0.1101501 0.0772039 0.0873220 0.0967986 0.1172091 0.1047054 0.0386328 0.0196295 0.1173581 0.0952030 0.1171229 0.0709342 0.0187855 0.0995979 0.1214268 0.1825965 0.0622052 0.1190948 0.1813399 0.0145534 0.1039819 0.0756964 0.0141977 0.0723586 0.0740539 0.1249370 0.1099307 0.1125007 0.1145399 0.1146616 0.0802898 0.0763839 0.0712597 0.0936633 0.1143228 0.1067737 0.0833140 0.1145687 0.1062726 0.1318225 0.1123452 0.1084980 0.1155118 0.1034388 0.1054342 0.0962544 0.1707701 0.0705462 0.1479519 0.0957773 0.0941218 0.0862985 0.0858159 0.1274423 0.1787840 0.0182206 0.0467911 0.0998752 0.0923245 0.1114898 0.1153696 0.1151084 0.0833071 0.1195433 0.0963296 0.1220686 0.1584161 0.0222789 0.1169971 0.1134232 0.0849983 0.0223777 0.0185732 0.0425076 0.1010036 0.0456614 0.1017056 0.1221186 0.1100333 0.1050359 0.0457619 0.0705552 0.1122750 0.1255975 0.1136397 0.0117487 0.1401735 0.1246921 0.0855420 0.0195217 0.1261096 0.0457023 0.1115703 0.0438109 0.0560682 0.1157683 0.0940720 0.1079433 0.0880114 0.0843722 0.1406499 0.0788135 0.0963828 0.0836267 0.0798617 
S0405         0.2064535 0.0377182 0.0358128 0.1066196 0.1103759 0.0236337 0.1088747 0.1061159 0.0945270 0.0263340 0.0725435 0.1102531 0.1082170 0.1172062 0.1152672 0.1174900 0.0975947 0.1148481 0.0948843 0.1049072 0.0632639 0.0156196 0.0000000 0.1099716 0.0606995 0.0919664 0.0518308 0.0688944 0.0845252 0.1073185 0.1046334 0.0716496 0.0820214 0.0964847 0.1166176 0.1007941 0.0369939 0.0129093 0.1132041 0.0876852 0.1111245 0.0643621 0.0215027 0.0957225 0.1189181 0.1658409 0.0586090 0.1166171 0.1771307 0.0118138 0.1000209 0.0722076 0.0154414 0.0704022 0.0705717 0.1149278 0.1059323 0.1064074 0.1067900 0.1103950 0.0764328 0.0711076 0.0659303 0.0915892 0.1102443 0.1044536 0.0832741 0.1086516 0.1014785 0.1255852 0.1004102 0.1027100 0.1167949 0.1029320 0.0995936 0.0904900 0.1567695 0.0671203 0.1393098 0.0902273 0.0903217 0.0836152 0.0803433 0.1212991 0.1737345 0.0194626 0.0422242 0.0959820 0.0885538 0.1038793 0.1113461 0.1126748 0.0720855 0.1153503 0.0924815 0.1195081 0.1609374 0.0168445 0.1110761 0.1110158 0.0795011 0.0195916 0.0117468 0.0375471 0.0952737 0.0408743 0.0960623 0.1179786 0.1006605 0.1031910 0.0426471 0.0655400 0.1041780 0.1213699 0.1076937 0.0117147 0.1357239 0.1238732 0.0784103 0.0167883 0.1178919 0.0455059 0.1055259 0.0407500 0.0513256 0.1063716 0.0917461 0.1038144 0.0842013 0.0821932 0.1361781 0.0736483 0.0890877 0.0783857 0.0746153 
S0407sl       0.2367861 0.1207530 0.0923099 0.0400427 0.1267463 0.1263484 0.1407231 0.0466088 0.0805201 0.1204026 0.1246649 0.0403238 0.1282222 0.1364022 0.0566998 0.1382906 0.0589660 0.1093367 0.1193107 0.1284315 0.1054710 0.1157778 0.1099716 0.0000000 0.1152705 0.0433899 0.0823235 0.1076572 0.0402159 0.1352005 0.0713050 0.0904620 0.1373023 0.1277063 0.1375329 0.0290198 0.1378812 0.1095635 0.0527173 0.0775546 0.0788301 0.1122185 0.1107536 0.1129021 0.1338714 0.2070726 0.1279091 0.1338151 0.1848941 0.1022562 0.1170361 0.1019789 0.1085706 0.0924049 0.0948434 0.1150376 0.1269169 0.0734140 0.1429436 0.0831064 0.0505388 0.0697622 0.0389619 0.1201659 0.1166460 0.1112680 0.0921919 0.1224236 0.1509082 0.1381243 0.1493047 0.1017472 0.1379588 0.1278642 0.1030550 0.0895701 0.1919847 0.0943443 0.1829421 0.1078623 0.1034800 0.1079374 0.1308628 0.1045184 0.2032822 0.1162672 0.1174608 0.0854858 0.0372800 0.0797098 0.0814354 0.1348992 0.0556955 0.0402078 0.1167625 0.1452763 0.1972220 0.1201243 0.1357900 0.0966536 0.0964527 0.1153056 0.0978046 0.0758829 0.0954451 0.1061505 0.0716048 0.1046919 0.0956253 0.0359521 0.1188162 0.0943574 0.0144218 0.1362161 0.0755823 0.1035182 0.1387458 0.1009189 0.0906476 0.1105303 0.0485956 0.1282683 0.0706216 0.1207936 0.1102062 0.1026603 0.0860180 0.0751064 0.0816297 0.0889076 0.1396132 0.0763935 0.0983197 0.1068697 0.0931069 
S0412sl       0.2453612 0.0716223 0.0597482 0.1026399 0.1143514 0.0679363 0.1149929 0.1109747 0.0953599 0.0679341 0.0763180 0.1196565 0.1144373 0.1135628 0.1200615 0.1185725 0.0986581 0.1107239 0.1038942 0.1074126 0.0690672 0.0640207 0.0606995 0.1152705 0.0000000 0.0982279 0.0519166 0.0698844 0.0871526 0.1098646 0.1038725 0.0847726 0.0746869 0.1173248 0.1149930 0.1074455 0.0726910 0.0575133 0.1231990 0.1010822 0.1097105 0.0681898 0.0655385 0.0828385 0.1198917 0.1981457 0.0542606 0.1192769 0.1929794 0.0506652 0.1122202 0.0780335 0.0585898 0.0745150 0.0746971 0.1213634 0.0928447 0.1119272 0.1145777 0.1090577 0.0774874 0.0773178 0.0684069 0.1067081 0.1190144 0.1056739 0.0932060 0.1192706 0.1012737 0.1237468 0.1188446 0.1165426 0.1319453 0.1098989 0.0965471 0.0876235 0.1830813 0.0711522 0.1581301 0.0930277 0.0897095 0.0954559 0.0779947 0.1229144 0.1850796 0.0679219 0.0699340 0.0975036 0.0946079 0.1059100 0.1100933 0.1152830 0.0873230 0.1166160 0.1035567 0.1222422 0.1646563 0.0664925 0.1170345 0.1056193 0.0790907 0.0668045 0.0504921 0.0553916 0.0925620 0.0550582 0.0989953 0.1286571 0.1088908 0.1062417 0.0655995 0.0711615 0.1076876 0.1176045 0.1044986 0.0579335 0.1300333 0.1233841 0.0851371 0.0586615 0.1226125 0.0725679 0.1082301 0.0648915 0.0550329 0.1097407 0.0946046 0.1031373 0.0887194 0.0886012 0.1480886 0.0811666 0.0977934 0.0778477 0.0775077 
S0417         0.2058572 0.1040125 0.0400340 0.0436870 0.1122627 0.1037411 0.1203239 0.0456714 0.0698447 0.1072054 0.1087592 0.0478761 0.1088124 0.1162955 0.0472083 0.1200341 0.0355316 0.0845000 0.0948507 0.1089833 0.0879410 0.0975490 0.0919664 0.0433899 0.0982279 0.0000000 0.0548100 0.0867500 0.0201358 0.1151546 0.0597320 0.0697024 0.1152517 0.1048669 0.1172703 0.0374909 0.1156720 0.0917344 0.0502436 0.0586567 0.0617889 0.0922707 0.0981202 0.0935331 0.1138462 0.1773769 0.1065051 0.1196542 0.1434039 0.0793981 0.1000408 0.0747977 0.0892287 0.0728122 0.0747695 0.1028858 0.1057221 0.0673868 0.1126308 0.0684374 0.0352213 0.0578743 0.0364904 0.0993916 0.1048662 0.0936471 0.0780021 0.1015040 0.1364011 0.1159062 0.1174843 0.0760438 0.1131239 0.1061404 0.0831214 0.0744472 0.1602854 0.0712230 0.1514595 0.0849461 0.0846578 0.0795924 0.1194097 0.0919235 0.1770167 0.0979986 0.0972290 0.0775323 0.0249358 0.0635897 0.0635449 0.1150598 0.0412176 0.0423005 0.1009517 0.1240138 0.1770497 0.0981029 0.1135081 0.0866336 0.0786846 0.0952079 0.0808348 0.0588796 0.0784190 0.0887016 0.0614989 0.0943566 0.0791283 0.0350780 0.1000817 0.0679965 0.0376446 0.1136229 0.0583984 0.0841914 0.1255964 0.0943197 0.0693309 0.0909467 0.0552230 0.1088211 0.0543386 0.1025367 0.0887191 0.0852776 0.0647846 0.0627397 0.0710325 0.0675758 0.1224585 0.0600365 0.0832510 0.0878661 0.0734741 
S0419         0.2228746 0.0647104 0.0126675 0.0800246 0.0951056 0.0560033 0.0876534 0.0792556 0.0448657 0.0693478 0.0845616 0.0833563 0.0732137 0.0963307 0.0777843 0.0817734 0.0616080 0.0792274 0.0937608 0.0733305 0.0410341 0.0568940 0.0518308 0.0823235 0.0519166 0.0548100 0.0000000 0.0589641 0.0564880 0.0794650 0.0765086 0.0503286 0.0753324 0.0618014 0.0768141 0.0657410 0.0657022 0.0517037 0.0947387 0.0594704 0.0649584 0.0470903 0.0627473 0.0476957 0.0820710 0.1561371 0.0646120 0.0886951 0.0999508 0.0443516 0.0686167 0.0108517 0.0511750 0.0086087 0.0086039 0.0736252 0.0604918 0.0646265 0.0781196 0.0595761 0.0334816 0.0454462 0.0654212 0.0756898 0.0867106 0.0757180 0.0465743 0.0881630 0.0733992 0.0826722 0.1085468 0.0620794 0.0856449 0.0693092 0.0720381 0.0642738 0.1489416 0.0086071 0.1016841 0.0569079 0.0623602 0.0821401 0.0883713 0.0745845 0.1453621 0.0590585 0.0649529 0.0668972 0.0654709 0.0520813 0.0630334 0.0822294 0.0385889 0.0860633 0.0626676 0.0850554 0.0000010 0.0615729 0.0752791 0.0646323 0.0673573 0.0593841 0.0464572 0.0550080 0.0694443 0.0497014 0.0702896 0.0817126 0.0704775 0.0712096 0.0599604 0.0086087 0.0762617 0.0848731 0.0598923 0.0487921 0.0883345 0.0785839 0.0456180 0.0488042 0.1088477 0.0634572 0.0573772 0.0612620 0.0517284 0.0784978 0.0528035 0.0600617 0.0595364 0.0487465 0.1060295 0.0340428 0.0459025 0.0593868 0.0571687 
S0427         0.2397811 0.0803219 0.0703286 0.0994819 0.1066697 0.0831343 0.1109765 0.1060840 0.1027713 0.0809119 0.0798590 0.1084189 0.1051048 0.1104109 0.1195429 0.1071487 0.0926949 0.1177261 0.1311993 0.1052692 0.0279470 0.0723321 0.0688944 0.1076572 0.0698844 0.0867500 0.0589641 0.0000000 0.0752774 0.1094145 0.1133382 0.0587277 0.0642820 0.0986133 0.1134376 0.1029925 0.0847056 0.0687050 0.1058148 0.0907229 0.1093752 0.0750560 0.0739839 0.0837980 0.1119964 0.1815893 0.0754710 0.1115687 0.1741171 0.0587711 0.0796014 0.0733375 0.0682147 0.0683404 0.0701007 0.1064308 0.0915393 0.1043215 0.0949371 0.1035299 0.0783019 0.0713367 0.0775264 0.0973375 0.0908319 0.0951997 0.0653299 0.0877292 0.1071562 0.1095813 0.1229545 0.1142282 0.1053149 0.0987724 0.0830755 0.0692150 0.1674852 0.0666758 0.1470050 0.0863767 0.1019983 0.0882481 0.1026361 0.1266498 0.1734758 0.0730207 0.0839759 0.0967707 0.0867406 0.1004097 0.1045048 0.1093818 0.0789606 0.1134979 0.0838687 0.1195197 0.1352527 0.0716588 0.0969173 0.1099638 0.0879417 0.0750569 0.0600885 0.0524716 0.1018246 0.0662772 0.0930983 0.1298199 0.1101277 0.0929340 0.0827434 0.0666843 0.1022730 0.1038230 0.1061009 0.0630382 0.1137922 0.1247344 0.0913478 0.0682184 0.1273990 0.0914937 0.1129176 0.0823896 0.0645680 0.1159116 0.0959494 0.1064764 0.0882135 0.0900764 0.1266897 0.0735336 0.1075275 0.0403327 0.0814623 
S0428sl       0.2195637 0.0937922 0.0783137 0.0372673 0.1032299 0.0953270 0.1010583 0.0408243 0.0640209 0.0885269 0.0971590 0.0498620 0.0927832 0.1045853 0.0478199 0.1008878 0.0282626 0.0741943 0.0881379 0.0926340 0.0781492 0.0864544 0.0845252 0.0402159 0.0871526 0.0201358 0.0564880 0.0752774 0.0000000 0.0994372 0.0493386 0.0612911 0.1159366 0.0841910 0.0997930 0.0385754 0.1041587 0.0822364 0.0441640 0.0500328 0.0484383 0.0827502 0.0775243 0.0811654 0.1038729 0.1776856 0.0965268 0.1022356 0.1495538 0.0740413 0.0940109 0.0748033 0.0798107 0.0709468 0.0711388 0.0973364 0.0948332 0.0563285 0.0971712 0.0554220 0.0309513 0.0484714 0.0235266 0.0847303 0.0944537 0.0804598 0.0683274 0.0964725 0.1298380 0.1085743 0.1239430 0.0746035 0.0996322 0.0900806 0.0777808 0.0718751 0.1655118 0.0672641 0.1489066 0.0782287 0.0725292 0.0739234 0.1051807 0.0865184 0.1739691 0.0853308 0.0866286 0.0595293 0.0170894 0.0519615 0.0556683 0.1012894 0.0374254 0.0422321 0.0834009 0.1102825 0.1412402 0.0894853 0.0962363 0.0748589 0.0687405 0.0860095 0.0720870 0.0507668 0.0694472 0.0768689 0.0479185 0.0857947 0.0776234 0.0292060 0.0854218 0.0672737 0.0340289 0.1017962 0.0484695 0.0778545 0.1146170 0.0890868 0.0544098 0.0814795 0.0492924 0.0991366 0.0503059 0.0901227 0.0773438 0.0752567 0.0528323 0.0530569 0.0566411 0.0558408 0.1029051 0.0568043 0.0694532 0.0782285 0.0586913 
