134
PAFTOL_019361 0.0000000 0.1901740 0.1837204 0.2194337 0.1991701 0.1957783 0.2237816 0.2027525 0.1989090 0.1896464 0.2520884 0.2191465 0.2022734 0.2381238 0.1985791 0.2114750 0.1889040 0.2019554 0.1706334 0.2138677 0.2022935 0.1930927 0.2089886 0.2155422 0.2303662 0.1900266 0.1796763 0.2066159 0.1841000 0.2156828 0.1933544 0.1920724 0.2249300 0.2389223 0.3029181 0.2115548 0.2191150 0.1992123 0.2065409 0.2016881 0.1910234 0.2086184 0.1798678 0.2086707 0.2176940 0.2099159 0.2232944 0.2202385 0.1906402 0.1916323 0.1783864 0.1893403 0.1794201 0.1760444 0.2047911 0.2134123 0.1991624 0.2244623 0.1877899 0.1897852 0.1894709 0.1902123 0.2100971 0.1900561 0.1973974 0.1935829 0.1921611 0.2550693 0.2054718 0.2249958 0.2061855 0.2200737 0.2446860 0.1898219 0.1915404 0.2219813 0.1601036 0.2150456 0.2178921 0.1989389 0.2053621 0.2245807 0.1832877 0.2027401 0.2083391 0.1924971 0.2120284 0.1886381 0.1834701 0.1855080 0.1899040 0.2185748 0.1893947 0.2356021 0.2445624 0.2194056 0.2206347 0.1988263 0.2339757 0.2055636 0.2079340 0.1981983 0.1967288 0.2121153 0.2156064 0.1874596 0.1814130 0.1921130 0.1973215 0.2138318 0.2001227 0.1858613 0.1922344 0.2010076 0.1890465 0.1901430 0.1991228 0.1881273 0.1983970 0.2142563 0.1977613 0.1974360 0.1892837 0.2015691 0.1915636 0.1941429 0.1958984 0.1897396 0.2087855 0.2340775 0.1832976 0.1870290 0.2144104 0.1949370 
S0055         0.1901740 0.0000000 0.0691948 0.1077162 0.0912105 0.0210496 0.1317548 0.1073570 0.0789673 0.0234188 0.0944232 0.1138818 0.0986291 0.1341716 0.1010671 0.1189843 0.0895270 0.0911801 0.0846098 0.1191140 0.0749904 0.0250615 0.0309646 0.1058319 0.1034874 0.0857499 0.0695588 0.0865962 0.0834021 0.1175193 0.0866653 0.1006938 0.0935969 0.1325535 0.1375015 0.1053753 0.0522526 0.0322073 0.1057056 0.0905967 0.0904693 0.0789695 0.0229145 0.0945293 0.1201002 0.1644529 0.0893269 0.1134247 0.0308826 0.0970421 0.0620237 0.0213397 0.0702522 0.0591132 0.1096937 0.0945823 0.0914934 0.1237308 0.0846153 0.0854014 0.0618150 0.0816222 0.1069895 0.0987745 0.0983240 0.1243920 0.0968845 0.0701668 0.0962649 0.1620579 0.0947052 0.1190913 0.1243169 0.0963955 0.1007704 0.1644299 0.0498238 0.1640325 0.0928202 0.0959067 0.0875585 0.1227907 0.0442568 0.0937578 0.1573915 0.0206577 0.0710927 0.0788991 0.0799397 0.0837004 0.1027831 0.1207932 0.0851221 0.1204196 0.1356494 0.1149914 0.1176713 0.0283693 0.1283261 0.0951709 0.0869870 0.0225882 0.0289845 0.0404940 0.1055137 0.0440844 0.0863823 0.0814533 0.0765627 0.1049434 0.0596844 0.0732961 0.1049980 0.0946832 0.0848734 0.0211517 0.0771913 0.0758254 0.0389738 0.1176121 0.0586406 0.0948157 0.0487150 0.0729832 0.0845734 0.0851288 0.0936483 0.0831740 0.0775899 0.1213914 0.0610339 0.0747447 0.0769040 0.0708588 
S0196sl       0.1837204 0.0691948 0.0000000 0.0870242 0.0435267 0.0635381 0.1258374 0.0885295 0.0587799 0.0645664 0.1226077 0.0949299 0.1057706 0.1184746 0.0838441 0.1106448 0.0721400 0.0749803 0.0615919 0.1134689 0.0781607 0.0648016 0.0726753 0.0852859 0.1017306 0.0666249 0.0125853 0.0889121 0.0701602 0.1116345 0.0764705 0.0832902 0.1066464 0.1256321 0.1304932 0.0884962 0.0898677 0.0685810 0.0841649 0.0729766 0.0739178 0.0805059 0.0575750 0.0438704 0.1131131 0.1555213 0.0946574 0.1066867 0.0718985 0.0788296 0.0082399 0.0594768 0.0114854 0.0106980 0.0904227 0.0432562 0.0741943 0.1162207 0.0688554 0.0674461 0.0409729 0.0726971 0.0954727 0.0841730 0.0796613 0.0989900 0.0772747 0.1107355 0.0424211 0.1440267 0.0820149 0.1051342 0.1189438 0.0783489 0.0847894 0.1583639 0.0053110 0.1557250 0.0769501 0.0785750 0.0678602 0.1133838 0.0763738 0.0699658 0.1350624 0.0605245 0.0914182 0.0574915 0.0638374 0.0677549 0.0842687 0.1159623 0.0691349 0.1025277 0.1343273 0.1100641 0.1110844 0.0664737 0.1206880 0.0726751 0.0641216 0.0635809 0.0682507 0.0902608 0.0823669 0.0702234 0.0699566 0.0652139 0.0542845 0.0950150 0.0769758 0.0125988 0.0864246 0.0412193 0.0693379 0.0609165 0.0577591 0.0545416 0.0769883 0.0971096 0.0736040 0.0828420 0.0650416 0.0836406 0.0636761 0.0673838 0.0750112 0.0636774 0.0549005 0.0979262 0.0355206 0.0535392 0.0803696 0.0461768 
S0278         0.2194337 0.1077162 0.0870242 0.0000000 0.1162206 0.0977184 0.1450744 0.0580427 0.1022431 0.0989583 0.1569281 0.0580814 0.1345150 0.1479536 0.0589316 0.1327898 0.0542335 0.1140078 0.0932127 0.1337439 0.1096461 0.0987004 0.1057059 0.0656738 0.1387452 0.0358007 0.0900865 0.1190021 0.0533821 0.1364582 0.0682842 0.1208613 0.1379040 0.1564553 0.1569520 0.0386893 0.1248348 0.1024774 0.0411283 0.0774403 0.0824209 0.1126440 0.0920187 0.1203637 0.1316863 0.1860521 0.1251988 0.1312137 0.1080024 0.1226980 0.0820480 0.0931452 0.0914716 0.0822750 0.1233980 0.1209630 0.0798819 0.1436903 0.0754741 0.0757454 0.0841078 0.0587668 0.1250920 0.1207966 0.1151410 0.1332378 0.1107006 0.1540349 0.1168856 0.1761196 0.1251479 0.1450196 0.1496793 0.1100020 0.1168435 0.1893662 0.0688057 0.1857894 0.0892034 0.1155344 0.1085054 0.1474945 0.1048639 0.1120157 0.1688178 0.0956074 0.1155902 0.0959559 0.0424857 0.0742911 0.0888771 0.1417744 0.0742121 0.0556736 0.1656171 0.1369507 0.1365239 0.1018990 0.1529963 0.1126951 0.1092988 0.0946359 0.1023447 0.1259088 0.1235266 0.1016918 0.0762676 0.1086684 0.0950086 0.0623222 0.1004533 0.0927543 0.0553401 0.1154502 0.0732750 0.0962710 0.0984174 0.0918618 0.1068652 0.0728898 0.1054731 0.0892791 0.0989332 0.1136256 0.1007198 0.1030059 0.0807652 0.0974097 0.1001607 0.1369288 0.0782575 0.0929421 0.1091042 0.0879428 
S0281         0.1991701 0.0912105 0.0435267 0.1162206 0.0000000 0.0926806 0.1516582 0.1183860 0.0863340 0.0921856 0.1544699 0.1230678 0.1309108 0.1491328 0.1130692 0.1373657 0.1002906 0.1071934 0.0887178 0.1406829 0.1047374 0.0919449 0.0995800 0.1126735 0.1287761 0.0931123 0.0472834 0.1216740 0.0940370 0.1384331 0.1042156 0.1088618 0.1351260 0.1640436 0.1651418 0.1146557 0.1172000 0.0953876 0.1115854 0.1012341 0.1010164 0.1080906 0.0889638 0.0584000 0.1393102 0.1796186 0.1274843 0.1346363 0.0961062 0.1031887 0.0418913 0.0867281 0.0461511 0.0439241 0.1183486 0.0602080 0.1017893 0.1481629 0.0958325 0.0943512 0.0675448 0.1049452 0.1233608 0.1099885 0.1059029 0.1231187 0.0998523 0.1479042 0.0606601 0.1580166 0.1104301 0.1364617 0.1485764 0.1030234 0.1085129 0.1786677 0.0369576 0.1791317 0.1061137 0.1066802 0.1006269 0.1440070 0.0972107 0.0979490 0.1522833 0.0878220 0.1173158 0.0885880 0.0916015 0.0940127 0.1121578 0.1432842 0.0984812 0.1317260 0.1660086 0.1375185 0.1371959 0.0923982 0.1520473 0.1061806 0.0900041 0.0910555 0.0948841 0.1140625 0.1106722 0.0933229 0.1001268 0.0918774 0.0824208 0.1217107 0.1037565 0.0479414 0.1132372 0.0594011 0.0969317 0.0881965 0.0868876 0.0847465 0.1018853 0.1220542 0.0996217 0.1083319 0.0948201 0.1137141 0.0947487 0.0977777 0.1007791 0.0887891 0.0841815 0.1283455 0.0677329 0.0858323 0.1096545 0.0727075 
S0282         0.1957783 0.0210496 0.0635381 0.0977184 0.0926806 0.0000000 0.1277244 0.0972743 0.0713706 0.0065187 0.0800208 0.1031021 0.1036903 0.1160513 0.0907454 0.1100821 0.0807015 0.0861118 0.0729628 0.1107323 0.0603242 0.0044106 0.0179692 0.0984624 0.0898008 0.0751716 0.0672511 0.0715424 0.0772143 0.1117783 0.0813846 0.0990400 0.0846947 0.1292173 0.1286498 0.0998491 0.0379514 0.0228653 0.0951354 0.0779317 0.0848552 0.0662117 0.0034623 0.0940182 0.1111077 0.1635957 0.0803868 0.1067413 0.0219417 0.0936321 0.0579690 0.0023473 0.0679597 0.0531840 0.1099480 0.0918352 0.0798646 0.1126944 0.0790113 0.0736283 0.0583164 0.0806643 0.0953677 0.0979748 0.0913406 0.1167855 0.0895449 0.0638721 0.0962412 0.1563093 0.0934125 0.1060620 0.1181641 0.0957863 0.1013212 0.1635874 0.0451146 0.1647031 0.0856696 0.0902865 0.0789872 0.1125765 0.0393351 0.0888435 0.1481019 0.0011458 0.0614241 0.0746053 0.0729505 0.0784187 0.0948712 0.1158622 0.0753114 0.1099795 0.1336929 0.1108739 0.1112031 0.0162839 0.1194721 0.0869655 0.0798015 0.0034298 0.0185387 0.0397439 0.0960866 0.0354958 0.0760916 0.0789447 0.0713645 0.1004312 0.0500920 0.0685787 0.0971152 0.0948406 0.0761371 0.0035442 0.0737691 0.0693710 0.0324175 0.1110705 0.0486135 0.0842639 0.0390659 0.0611215 0.0764800 0.0814591 0.0844810 0.0798965 0.0755574 0.1151944 0.0498179 0.0683516 0.0651515 0.0641521 
S0288         0.2237816 0.1317548 0.1258374 0.1450744 0.1516582 0.1277244 0.0000000 0.1467493 0.1342034 0.1262152 0.1939552 0.1513770 0.0402540 0.1064417 0.1339756 0.0466850 0.1301434 0.1439825 0.1161120 0.0431475 0.1471349 0.1293975 0.1355539 0.1512689 0.1668371 0.1239799 0.1290930 0.1450085 0.1257254 0.0234968 0.1373169 0.1562555 0.1728250 0.1085342 0.0572183 0.1538826 0.1551152 0.1285307 0.1463917 0.1357038 0.1391888 0.1513272 0.1184990 0.1553938 0.0464174 0.2224662 0.1662175 0.0241418 0.1350930 0.1325919 0.1239490 0.1071737 0.1307437 0.1162406 0.1644111 0.1560529 0.1356285 0.1132424 0.1160516 0.1342892 0.1217288 0.1273635 0.0776628 0.1539439 0.1485791 0.1556080 0.1529550 0.1935337 0.1515041 0.2153324 0.1639375 0.1096488 0.1112579 0.1522234 0.1606055 0.2263822 0.1088073 0.2248242 0.1430599 0.1497772 0.1460063 0.1123201 0.1277350 0.1558936 0.1996191 0.1222643 0.1515773 0.1353772 0.1212173 0.1316369 0.1314807 0.0259279 0.1334015 0.1677896 0.1112178 0.0279271 0.0260657 0.1308496 0.1178957 0.1523273 0.1416664 0.1246986 0.1307057 0.1545374 0.1573373 0.1273146 0.1344129 0.1386891 0.1325154 0.1526071 0.1330706 0.1331357 0.1419860 0.1489909 0.1317624 0.1286098 0.1389428 0.1294729 0.1344826 0.1583387 0.1371740 0.1396718 0.1293267 0.1529906 0.1447528 0.1425598 0.1405604 0.1352675 0.1489186 0.1733811 0.1204801 0.1292501 0.1495638 0.1287915 
S0289         0.2027525 0.1073570 0.0885295 0.0580427 0.1183860 0.0972743 0.1467493 0.0000000 0.1018020 0.0984697 0.1574786 0.0578558 0.1334535 0.1394661 0.0522913 0.1311866 0.0503665 0.1127863 0.0903639 0.1341919 0.1117993 0.0982913 0.1039477 0.0623490 0.1302938 0.0368325 0.0916448 0.1162692 0.0499018 0.1368533 0.0650357 0.1211522 0.1316294 0.1543354 0.1658735 0.0599295 0.1228596 0.1020574 0.0509708 0.0758547 0.0814768 0.1095141 0.0909123 0.1219577 0.1321930 0.1835937 0.1198598 0.1324596 0.1069591 0.1205429 0.0836982 0.0920280 0.0937015 0.0832623 0.1231731 0.1225553 0.0782883 0.1388020 0.0738588 0.0755338 0.0803852 0.0466708 0.1209275 0.1196511 0.1173981 0.1344270 0.1098012 0.1448073 0.1177796 0.1672105 0.1205713 0.1369123 0.1484617 0.1107309 0.1161549 0.1856599 0.0726780 0.1847153 0.0836607 0.1149700 0.1079466 0.1410942 0.1056662 0.1141910 0.1575825 0.0937533 0.1190086 0.0941237 0.0370051 0.0727720 0.0885261 0.1399109 0.0732900 0.0734201 0.1592552 0.1373422 0.1377530 0.1014206 0.1471189 0.1162485 0.1066620 0.0949085 0.1012302 0.1239450 0.1203528 0.1039916 0.0754368 0.1086746 0.0952370 0.0608970 0.1004371 0.0949838 0.0533117 0.1163468 0.0717794 0.0953143 0.1000508 0.0927641 0.1068517 0.0707772 0.1049326 0.0862685 0.0978531 0.1139231 0.1043682 0.1070888 0.0811952 0.0982079 0.0930644 0.1333488 0.0798892 0.0950988 0.1093467 0.0848750 
S0292         0.1989090 0.0789673 0.0587799 0.1022431 0.0863340 0.0713706 0.1342034 0.1018020 0.0000000 0.0736713 0.1339816 0.1082321 0.1125152 0.1216500 0.0975564 0.1163415 0.0875286 0.0776776 0.0724215 0.1157060 0.0925717 0.0732319 0.0824552 0.0985959 0.1154887 0.0816925 0.0606236 0.1022468 0.0797844 0.1146696 0.0872759 0.0917623 0.1127349 0.1312080 0.1380629 0.1063507 0.0965799 0.0804380 0.0971065 0.0838784 0.0921674 0.0910619 0.0703744 0.0857757 0.1159300 0.1592336 0.1049864 0.1110940 0.0848683 0.0837829 0.0515595 0.0731797 0.0600936 0.0493750 0.1023315 0.0863491 0.0870118 0.1225317 0.0845810 0.0759789 0.0496664 0.0892825 0.0987575 0.0907210 0.0870267 0.1027397 0.0763086 0.1253948 0.0898149 0.1430782 0.0922378 0.1077641 0.1259580 0.0889130 0.0948377 0.1628013 0.0387869 0.1594421 0.0966261 0.0878644 0.0717392 0.1191007 0.0869900 0.0499723 0.1347799 0.0725204 0.0937635 0.0621670 0.0791287 0.0818849 0.0993472 0.1197538 0.0775309 0.1089182 0.1387407 0.1117539 0.1154620 0.0781992 0.1271148 0.0823252 0.0175855 0.0734799 0.0818058 0.1016917 0.0590888 0.0814790 0.0803105 0.0205244 0.0155331 0.1082080 0.0766515 0.0625198 0.1018709 0.0884672 0.0860794 0.0726397 0.0354874 0.0596568 0.0864228 0.1132937 0.0772152 0.0894865 0.0729406 0.0905014 0.0701820 0.0713312 0.0861191 0.0733166 0.0662337 0.1033336 0.0516526 0.0605183 0.0942050 0.0541711 
S0293         0.1896464 0.0234188 0.0645664 0.0989583 0.0921856 0.0065187 0.1262152 0.0984697 0.0736713 0.0000000 0.0833280 0.1053930 0.1061089 0.1198909 0.0920043 0.1135710 0.0798587 0.0875546 0.0730737 0.1135303 0.0619688 0.0098701 0.0206098 0.1035548 0.0908370 0.0761270 0.0678907 0.0772301 0.0784837 0.1131502 0.0824923 0.0942490 0.0890698 0.1270458 0.1337698 0.1026146 0.0404473 0.0239219 0.0984339 0.0788586 0.0846893 0.0688126 0.0066646 0.0964983 0.1132117 0.1607597 0.0844556 0.1064020 0.0235830 0.0885790 0.0588007 0.0055657 0.0679919 0.0536610 0.1075268 0.0949288 0.0809646 0.1171043 0.0800290 0.0743133 0.0561693 0.0787862 0.0978366 0.0943395 0.0917386 0.1126483 0.0842123 0.0661988 0.0968328 0.1494114 0.0925197 0.1130285 0.1199746 0.0907651 0.0970526 0.1615068 0.0443064 0.1610316 0.0849799 0.0926885 0.0787607 0.1168226 0.0393184 0.0870643 0.1412850 0.0042000 0.0609948 0.0694870 0.0737249 0.0786617 0.0946982 0.1163004 0.0747420 0.1127347 0.1344663 0.1114071 0.1132478 0.0182472 0.1220289 0.0883797 0.0796119 0.0066086 0.0218304 0.0429161 0.0959973 0.0391031 0.0755116 0.0807212 0.0701346 0.1017079 0.0493127 0.0699666 0.0986560 0.0953667 0.0777503 0.0061800 0.0720235 0.0660188 0.0351904 0.1144101 0.0495948 0.0839013 0.0415779 0.0654445 0.0760577 0.0799067 0.0852330 0.0789386 0.0724527 0.1160457 0.0502434 0.0663033 0.0663328 0.0624147 
S0294         0.2520884 0.0944232 0.1226077 0.1569281 0.1544699 0.0800208 0.1939552 0.1574786 0.1339816 0.0833280 0.0000000 0.1657119 0.1726887 0.1857927 0.1559776 0.1775674 0.1443683 0.1530890 0.1220332 0.1800669 0.1218839 0.0835716 0.0866801 0.1625754 0.1475618 0.1389297 0.1302999 0.1337841 0.1387621 0.1817877 0.1473357 0.1581297 0.1454103 0.1912311 0.2513696 0.1668795 0.1076619 0.0885278 0.1559350 0.1386953 0.1460232 0.1265139 0.0769578 0.1569805 0.1786228 0.2224965 0.1374214 0.1735774 0.0890240 0.1606955 0.1208620 0.0781029 0.1269277 0.1152368 0.1727299 0.1553113 0.1421930 0.1750767 0.1412697 0.1382667 0.1170281 0.1477375 0.1646282 0.1575118 0.1546248 0.1818640 0.1539042 0.1072507 0.1614840 0.2147958 0.1592828 0.1777899 0.1864989 0.1550787 0.1593485 0.2235997 0.1060426 0.2246814 0.1598075 0.1476287 0.1440946 0.1772143 0.0947920 0.1483530 0.2009632 0.0772745 0.1198706 0.1376246 0.1320335 0.1398209 0.1573229 0.1895693 0.1385796 0.1722100 0.1953205 0.1791294 0.1801878 0.0841195 0.1807949 0.1544095 0.1424079 0.0790171 0.0879689 0.1073603 0.1622418 0.0935129 0.1374361 0.1388486 0.1308653 0.1670113 0.1069431 0.1290516 0.1593864 0.1598916 0.1370038 0.0818840 0.1367154 0.1332473 0.0939975 0.1701171 0.1093069 0.1459241 0.1005668 0.1213317 0.1382062 0.1457449 0.1426931 0.1377831 0.1443133 0.1730618 0.1105218 0.1314483 0.1258736 0.1273580 
S0299         0.2191465 0.1138818 0.0949299 0.0580814 0.1230678 0.1031021 0.1513770 0.0578558 0.1082321 0.1053930 0.1657119 0.0000000 0.1367983 0.1498570 0.0589380 0.1408378 0.0574313 0.1215065 0.0980239 0.1418475 0.1216820 0.1053767 0.1118130 0.0754904 0.1398610 0.0421389 0.0986915 0.1266033 0.0563041 0.1415219 0.0735604 0.1299092 0.1440667 0.1630504 0.1832738 0.0573953 0.1301109 0.1065736 0.0508822 0.0837042 0.0869705 0.1194579 0.0968757 0.1286127 0.1404402 0.1961765 0.1283496 0.1370950 0.1147953 0.1302264 0.0899078 0.0965968 0.0988081 0.0877326 0.1319486 0.1292108 0.0842973 0.1453930 0.0794184 0.0817740 0.0897639 0.0547907 0.1263699 0.1306553 0.1240256 0.1444177 0.1179418 0.1591341 0.1222998 0.1865511 0.1310226 0.1450848 0.1457273 0.1209726 0.1264918 0.2000500 0.0785793 0.1964068 0.0853538 0.1228678 0.1143572 0.1493527 0.1124260 0.1241761 0.1751659 0.1017744 0.1278081 0.1072794 0.0435330 0.0788340 0.0940822 0.1473255 0.0812866 0.0712650 0.1727140 0.1420068 0.1410384 0.1079010 0.1538186 0.1200262 0.1153272 0.1001195 0.1076983 0.1306757 0.1300447 0.1105678 0.0835561 0.1160803 0.1044640 0.0620028 0.1103562 0.1007141 0.0657987 0.1208559 0.0796557 0.1013811 0.1078316 0.0990710 0.1141378 0.0673523 0.1128197 0.0939213 0.1036646 0.1253149 0.1128545 0.1156129 0.0855082 0.1067525 0.1077607 0.1458993 0.0860904 0.1014865 0.1178774 0.0976445 
S0303         0.2022734 0.0986291 0.1057706 0.1345150 0.1309108 0.1036903 0.0402540 0.1334535 0.1125152 0.1061089 0.1726887 0.1367983 0.0000000 0.0911147 0.1290221 0.0398470 0.1195343 0.1250045 0.0989175 0.0366842 0.1265102 0.1069729 0.1134538 0.1345425 0.1461769 0.1119839 0.1068427 0.1326071 0.1061913 0.0233805 0.1216853 0.1416354 0.1506701 0.1133737 0.0150510 0.1405365 0.1291675 0.1103059 0.1326560 0.1187736 0.1201769 0.1310119 0.0984226 0.1344853 0.0402817 0.1981924 0.1422070 0.0188179 0.1138638 0.1298068 0.0986789 0.1003605 0.1082690 0.0964241 0.1484063 0.1364933 0.1201250 0.1030010 0.1149817 0.1123664 0.1018769 0.1255193 0.0669343 0.1401786 0.1353884 0.1447713 0.1208943 0.1627277 0.1336860 0.1815833 0.1388573 0.0926170 0.1097750 0.1372633 0.1438343 0.2029113 0.0865102 0.1992923 0.1283228 0.1328083 0.1250763 0.1036114 0.1163561 0.1292011 0.1677659 0.1012664 0.1304823 0.1178174 0.1102120 0.1136069 0.1245540 0.0230077 0.1139065 0.1495026 0.1152100 0.0233342 0.0239952 0.1082112 0.1161081 0.1299676 0.1176607 0.1029623 0.1053822 0.1298842 0.1379598 0.1158050 0.1114203 0.1182743 0.1119898 0.1374511 0.1156690 0.1110063 0.1336905 0.1315072 0.1165484 0.1057974 0.1132578 0.1098756 0.1157460 0.1490162 0.1187291 0.1215445 0.1064225 0.1271011 0.1215641 0.1225116 0.1234645 0.1210310 0.1201456 0.1540934 0.0983305 0.1088072 0.1262748 0.1085287 
S0308         0.2381238 0.1341716 0.1184746 0.1479536 0.1491328 0.1160513 0.1064417 0.1394661 0.1216500 0.1198909 0.1857927 0.1498570 0.0911147 0.0000000 0.1449346 0.0893019 0.1317996 0.1319987 0.1147374 0.0869917 0.1423096 0.1224367 0.1291444 0.1412253 0.1590173 0.1230453 0.1206327 0.1504763 0.1271282 0.0906713 0.1345199 0.1459685 0.1593522 0.1215716 0.0912681 0.1497411 0.1452978 0.1295014 0.1411963 0.1306038 0.1349928 0.1397354 0.1158826 0.1481732 0.0901906 0.2115803 0.1554430 0.0841695 0.1281500 0.1482443 0.1105836 0.1146120 0.1206351 0.1076671 0.1521648 0.1506895 0.1298392 0.1064830 0.1253914 0.1273200 0.1145538 0.1355375 0.0585982 0.1459402 0.1440015 0.1635430 0.1446387 0.1736648 0.1451909 0.2044997 0.1561621 0.1082248 0.1149658 0.1410156 0.1473968 0.2125433 0.0986804 0.2103488 0.1390583 0.1386668 0.1342423 0.1045306 0.1353811 0.1387433 0.1947435 0.1208329 0.1440634 0.1275724 0.1227521 0.1257246 0.1427203 0.0898698 0.1286082 0.1601903 0.1270400 0.0873175 0.0914642 0.1237801 0.1173862 0.1385150 0.1304462 0.1205571 0.1242669 0.1428505 0.1443666 0.1285629 0.1253878 0.1264679 0.1221173 0.1498196 0.1320997 0.1214210 0.1461490 0.1443759 0.1278970 0.1210382 0.1241749 0.1208970 0.1355412 0.1586151 0.1362201 0.1379023 0.1259479 0.1381968 0.1317323 0.1296655 0.1362547 0.1303092 0.1299064 0.1584667 0.1067903 0.1218888 0.1404747 0.1183456 
S0320         0.1985791 0.1010671 0.0838441 0.0589316 0.1130692 0.0907454 0.1339756 0.0522913 0.0975564 0.0920043 0.1559776 0.0589380 0.1290221 0.1449346 0.0000000 0.1288619 0.0482760 0.1137352 0.0815196 0.1338223 0.1033985 0.0922188 0.0989783 0.0664011 0.1281025 0.0353333 0.0879360 0.1097101 0.0510156 0.1304644 0.0667814 0.1150725 0.1338158 0.1538752 0.1922771 0.0571508 0.1161779 0.0925502 0.0533518 0.0757679 0.0817520 0.1046199 0.0839643 0.1181833 0.1299281 0.1863058 0.1165735 0.1295883 0.1014791 0.1137666 0.0811351 0.0874625 0.0900999 0.0756991 0.1172642 0.1197123 0.0784386 0.1388045 0.0714386 0.0713081 0.0789691 0.0518261 0.1110665 0.1157028 0.1097339 0.1139433 0.1093478 0.1429551 0.1167885 0.1703117 0.1246745 0.1318944 0.1428877 0.1075659 0.1127553 0.1896873 0.0650323 0.1850491 0.0904105 0.1086109 0.1047613 0.1355978 0.0987618 0.1116852 0.1574430 0.0873680 0.1077130 0.0943169 0.0376381 0.0716131 0.0732786 0.1411265 0.0723808 0.0735785 0.1603204 0.1340075 0.1321050 0.0955293 0.1462876 0.1123812 0.1035357 0.0903788 0.0953357 0.1211847 0.1100884 0.0944781 0.0719458 0.1035685 0.0924726 0.0343315 0.0951736 0.0900948 0.0524060 0.1145191 0.0733211 0.0920948 0.0924880 0.0898428 0.0998703 0.0716275 0.0955802 0.0830754 0.0889741 0.1021512 0.1008560 0.1039822 0.0807256 0.0872878 0.0980777 0.1355630 0.0783751 0.0909483 0.1061093 0.0861198 
S0322         0.2114750 0.1189843 0.1106448 0.1327898 0.1373657 0.1100821 0.0466850 0.1311866 0.1163415 0.1135710 0.1775674 0.1408378 0.0398470 0.0893019 0.1288619 0.0000000 0.1209985 0.1282745 0.1138261 0.0143946 0.1363313 0.1138869 0.1210557 0.1344246 0.1523929 0.1100369 0.1135523 0.1424735 0.1142215 0.0323443 0.1229591 0.1436416 0.1565564 0.1074528 0.0344502 0.1416362 0.1397939 0.1200035 0.1331956 0.1200140 0.1249109 0.1330914 0.1062531 0.1384770 0.0169804 0.2013207 0.1488182 0.0271840 0.1201148 0.1367622 0.1041535 0.1062645 0.1143283 0.1019376 0.1475460 0.1413073 0.1206026 0.0982581 0.1163008 0.1157202 0.1077852 0.1258708 0.0633738 0.1414779 0.1389208 0.1546373 0.1332318 0.1676279 0.1335950 0.1941891 0.1459384 0.0938273 0.1030588 0.1391481 0.1442850 0.2044933 0.0911895 0.2024263 0.1341771 0.1354979 0.1291742 0.0975096 0.1233934 0.1347561 0.1798025 0.1083952 0.1367678 0.1232688 0.1115008 0.1163113 0.1286144 0.0310932 0.1172757 0.1520037 0.1045899 0.0323135 0.0329790 0.1157811 0.1098071 0.1369362 0.1214717 0.1109511 0.1149332 0.1376525 0.1386379 0.1195348 0.1120394 0.1195137 0.1145803 0.1354975 0.1212417 0.1156594 0.1327319 0.1321005 0.1192311 0.1148414 0.1194834 0.1165225 0.1248942 0.1496003 0.1251483 0.1269847 0.1125710 0.1326494 0.1292316 0.1273048 0.1240172 0.1223953 0.1277049 0.1603663 0.1023702 0.1148269 0.1346886 0.1150316 
S0327         0.1889040 0.0895270 0.0721400 0.0542335 0.1002906 0.0807015 0.1301434 0.0503665 0.0875286 0.0798587 0.1443683 0.0574313 0.1195343 0.1317996 0.0482760 0.1209985 0.0000000 0.1002581 0.0711347 0.1225470 0.0979300 0.0821798 0.0870304 0.0614094 0.1221337 0.0283648 0.0752221 0.1064128 0.0352029 0.1230857 0.0502200 0.1089676 0.1211868 0.1457970 0.1336312 0.0553406 0.1072264 0.0869842 0.0470975 0.0600974 0.0636665 0.1016121 0.0750701 0.1050844 0.1213591 0.1679532 0.1088721 0.1188257 0.0913114 0.1105569 0.0666823 0.0744800 0.0759032 0.0666603 0.1096397 0.1056744 0.0618794 0.1297768 0.0578100 0.0583095 0.0667977 0.0385543 0.1120415 0.1101363 0.1046031 0.1228646 0.0970201 0.1340027 0.1057434 0.1503987 0.1099429 0.1238340 0.1360976 0.0986401 0.1039193 0.1708392 0.0541401 0.1674345 0.0725127 0.1022210 0.0961381 0.1283130 0.0923822 0.1003285 0.1404431 0.0798607 0.1016901 0.0828217 0.0271423 0.0558686 0.0710663 0.1290446 0.0564417 0.0685502 0.1510409 0.1215391 0.1239442 0.0859014 0.1358094 0.0997604 0.0936931 0.0796153 0.0857417 0.1069903 0.1095259 0.0894900 0.0590874 0.0949632 0.0836948 0.0557183 0.0862475 0.0765993 0.0513665 0.1043536 0.0585885 0.0816688 0.0843066 0.0783094 0.0903366 0.0629895 0.0877936 0.0696008 0.0819426 0.0997899 0.0880487 0.0922813 0.0641023 0.0853949 0.0816956 0.1248137 0.0655101 0.0786665 0.0975639 0.0738566 
S0335         0.2019554 0.0911801 0.0749803 0.1140078 0.1071934 0.0861118 0.1439825 0.1127863 0.0776776 0.0875546 0.1530890 0.1215065 0.1250045 0.1319987 0.1137352 0.1282745 0.1002581 0.0000000 0.0528554 0.1271277 0.1074590 0.0886561 0.0968765 0.1149759 0.1333901 0.0934983 0.0748840 0.1151854 0.0947103 0.1285076 0.1032823 0.1081576 0.1271679 0.1454017 0.1498467 0.1160845 0.1146724 0.0943230 0.1113645 0.0979401 0.1053958 0.1103112 0.0825739 0.1038583 0.1272095 0.1813253 0.1255436 0.1242623 0.0999019 0.1024848 0.0689902 0.0841195 0.0774611 0.0682754 0.1174153 0.1051514 0.0986759 0.1373480 0.0961101 0.0922801 0.0640109 0.1012511 0.1139527 0.1092631 0.1031582 0.1216409 0.0968714 0.1347876 0.1059154 0.1635970 0.1010833 0.1237339 0.1409388 0.1017143 0.1089702 0.1821177 0.0572675 0.1778332 0.1119487 0.1039714 0.0786644 0.1340907 0.1039150 0.0920794 0.1540830 0.0846230 0.1163251 0.0818750 0.0899337 0.0963976 0.1134999 0.1313278 0.0947257 0.1314381 0.1544637 0.1277014 0.1294403 0.0918443 0.1442837 0.0666017 0.0902728 0.0864231 0.0898502 0.1177926 0.1038691 0.0968030 0.0961133 0.0862307 0.0745169 0.1232007 0.1023653 0.0799917 0.1159234 0.1045312 0.0953974 0.0857006 0.0781627 0.0566880 0.1002752 0.1270597 0.0938581 0.1051095 0.0917176 0.1105663 0.0554374 0.0302998 0.0980007 0.0866104 0.0807297 0.1230519 0.0647114 0.0557666 0.1077363 0.0677018 
S0345         0.1706334 0.0846098 0.0615919 0.0932127 0.0887178 0.0729628 0.1161120 0.0903639 0.0724215 0.0730737 0.1220332 0.0980239 0.0989175 0.1147374 0.0815196 0.1138261 0.0711347 0.0528554 0.0000000 0.1179485 0.0878849 0.0746651 0.0832185 0.0885601 0.1009164 0.0672227 0.0617355 0.0935538 0.0686247 0.1195024 0.0728504 0.0802860 0.0901207 0.1329148 0.0000010 0.0959964 0.1048395 0.0732993 0.0904709 0.0728501 0.0754909 0.0796383 0.0702566 0.0849555 0.1208030 0.1495770 0.0933197 0.1164529 0.0770579 0.0882757 0.0589413 0.0690211 0.0645291 0.0630471 0.0915667 0.0912482 0.0730763 0.1120098 0.0697339 0.0652834 0.0586776 0.0760141 0.0901833 0.0794601 0.0872723 0.0865341 0.0821658 0.1311122 0.1018125 0.1639794 0.0729809 0.1155384 0.1332591 0.0852086 0.0877759 0.1517172 0.0463867 0.1515678 0.0943578 0.0784266 0.0730526 0.1147115 0.0762688 0.0843535 0.1456488 0.0723369 0.0859402 0.0657168 0.0614197 0.0684906 0.0739499 0.1348019 0.0742842 0.1030535 0.1381233 0.1193661 0.1215954 0.0818814 0.1182127 0.0296832 0.0866198 0.0750669 0.0801284 0.0940065 0.0874856 0.0784015 0.0685418 0.0788102 0.0722765 0.0967809 0.0771534 0.0690978 0.0818724 0.0986389 0.0769328 0.0673119 0.0648376 0.0487033 0.0748869 0.0875664 0.0753396 0.0773445 0.0742528 0.0868687 0.0218540 0.0416488 0.0696484 0.0653297 0.0744982 0.1043225 0.0556598 0.0516917 0.0889661 0.0642122 
S0355         0.2138677 0.1191140 0.1134689 0.1337439 0.1406829 0.1107323 0.0431475 0.1341919 0.1157060 0.1135303 0.1800669 0.1418475 0.0366842 0.0869917 0.1338223 0.0143946 0.1225470 0.1271277 0.1179485 0.0000000 0.1373438 0.1159697 0.1225709 0.1364887 0.1548218 0.1118708 0.1163978 0.1435645 0.1127063 0.0263049 0.1251524 0.1445998 0.1584531 0.1118433 0.0214524 0.1413305 0.1422806 0.1215232 0.1355558 0.1215184 0.1271216 0.1354671 0.1075743 0.1418641 0.0121086 0.2036675 0.1506554 0.0234234 0.1216140 0.1423841 0.1062079 0.1075872 0.1171893 0.1053383 0.1525248 0.1431136 0.1228169 0.0993499 0.1199506 0.1171946 0.1069239 0.1271883 0.0621508 0.1439651 0.1386103 0.1578999 0.1358086 0.1661180 0.1373871 0.1968268 0.1420349 0.0941748 0.1078618 0.1409636 0.1483203 0.2077382 0.0951399 0.2047912 0.1399777 0.1378548 0.1329218 0.0986049 0.1235048 0.1371382 0.1815096 0.1090250 0.1392012 0.1220752 0.1142010 0.1170974 0.1317670 0.0271220 0.1165691 0.1524791 0.1075522 0.0274208 0.0292503 0.1172253 0.1124060 0.1351535 0.1188630 0.1123942 0.1163639 0.1387681 0.1422635 0.1203607 0.1141134 0.1203017 0.1159753 0.1401263 0.1241569 0.1171801 0.1366142 0.1351810 0.1220145 0.1162291 0.1193360 0.1167022 0.1243985 0.1507271 0.1252747 0.1262363 0.1119455 0.1344990 0.1287655 0.1268558 0.1255685 0.1246359 0.1255677 0.1558230 0.1029521 0.1148237 0.1356780 0.1144012 
S0376         0.2022935 0.0749904 0.0781607 0.1096461 0.1047374 0.0603242 0.1471349 0.1117993 0.0925717 0.0619688 0.1218839 0.1216820 0.1265102 0.1423096 0.1033985 0.1363313 0.0979300 0.1074590 0.0878849 0.1373438 0.0000000 0.0622942 0.0688937 0.1167037 0.0978913 0.0922508 0.0805054 0.0498485 0.0927396 0.1336826 0.1011885 0.1159125 0.1075966 0.1561608 0.1552782 0.1156572 0.0818983 0.0661054 0.1125056 0.0995879 0.1021143 0.0865372 0.0461762 0.1081248 0.1366114 0.1762764 0.0994648 0.1305083 0.0692693 0.1170331 0.0713979 0.0569089 0.0824727 0.0693632 0.1260154 0.1093428 0.1015926 0.1390431 0.0964970 0.0945139 0.0759611 0.0949356 0.1174371 0.1164194 0.1096421 0.1355139 0.1009703 0.1113326 0.1088728 0.1578058 0.1164819 0.1277382 0.1404529 0.1099870 0.1167399 0.1812285 0.0582447 0.1786453 0.1025825 0.1097130 0.1009942 0.1392490 0.0742930 0.1062589 0.1515226 0.0592904 0.0854809 0.0910339 0.0895110 0.0961646 0.1077154 0.1392123 0.0957196 0.1281009 0.1583690 0.1362107 0.1357850 0.0640478 0.1475292 0.1108876 0.0995747 0.0596853 0.0657342 0.0888098 0.1203234 0.0696130 0.0966966 0.1008611 0.0892895 0.1191511 0.0722529 0.0818277 0.1136444 0.1074681 0.0965748 0.0610717 0.0892701 0.0896708 0.0731232 0.1263998 0.0709848 0.1068645 0.0619844 0.0833747 0.0984525 0.1000298 0.1009313 0.0991785 0.0940341 0.1298844 0.0709300 0.0881738 0.0415545 0.0817305 
S0400         0.1930927 0.0250615 0.0648016 0.0987004 0.0919449 0.0044106 0.1293975 0.0982913 0.0732319 0.0098701 0.0835716 0.1053767 0.1069729 0.1224367 0.0922188 0.1138869 0.0821798 0.0886561 0.0746651 0.1159697 0.0622942 0.0000000 0.0208192 0.1006934 0.0917291 0.0762425 0.0690231 0.0726226 0.0797249 0.1155244 0.0834738 0.0994129 0.0867520 0.1287657 0.1540114 0.1001325 0.0392345 0.0250957 0.0955576 0.0788220 0.0861693 0.0686637 0.0062075 0.0950882 0.1148664 0.1675289 0.0850540 0.1105708 0.0241432 0.0928734 0.0594070 0.0045921 0.0691014 0.0547623 0.1093463 0.0922829 0.0820013 0.1170258 0.0805595 0.0741104 0.0599140 0.0820763 0.0995007 0.0977356 0.0918671 0.1179647 0.0906149 0.0695010 0.0973298 0.1578190 0.0943809 0.1115629 0.1193899 0.0957522 0.1016727 0.1690290 0.0464073 0.1686602 0.0866886 0.0914604 0.0818251 0.1169545 0.0418092 0.0902350 0.1498002 0.0044807 0.0627305 0.0749394 0.0739553 0.0798949 0.0952836 0.1196135 0.0756292 0.1135715 0.1338554 0.1146293 0.1149644 0.0186206 0.1223542 0.0914491 0.0833022 0.0061522 0.0219504 0.0433112 0.0992457 0.0380731 0.0764234 0.0831200 0.0731985 0.1001144 0.0511848 0.0703285 0.0969417 0.0959634 0.0783370 0.0075178 0.0756085 0.0704621 0.0344440 0.1117909 0.0490271 0.0850057 0.0408942 0.0643467 0.0799221 0.0822462 0.0857995 0.0801026 0.0754754 0.1171365 0.0526282 0.0694718 0.0670143 0.0649651 
S0405         0.2089886 0.0309646 0.0726753 0.1057059 0.0995800 0.0179692 0.1355539 0.1039477 0.0824552 0.0206098 0.0866801 0.1118130 0.1134538 0.1291444 0.0989783 0.1210557 0.0870304 0.0968765 0.0832185 0.1225709 0.0688937 0.0208192 0.0000000 0.1074126 0.0959912 0.0812885 0.0762634 0.0806455 0.0858565 0.1220792 0.0883663 0.1050844 0.0957299 0.1373027 0.1504993 0.1077887 0.0462075 0.0302132 0.1039022 0.0856062 0.0910923 0.0753593 0.0183132 0.1034181 0.1198748 0.1737946 0.0898509 0.1177214 0.0274705 0.1058616 0.0666419 0.0186752 0.0763505 0.0620608 0.1177488 0.1033252 0.0868945 0.1213871 0.0855624 0.0823070 0.0669050 0.0874787 0.1046558 0.1042184 0.1008161 0.1232212 0.0994204 0.0791381 0.1022957 0.1620338 0.1030664 0.1165871 0.1236538 0.1035007 0.1101376 0.1738672 0.0514165 0.1749479 0.0952444 0.0977085 0.0905958 0.1212613 0.0470957 0.0970482 0.1532609 0.0182243 0.0693171 0.0809681 0.0800751 0.0847819 0.1029224 0.1278415 0.0829859 0.1221401 0.1443416 0.1217718 0.1221279 0.0219345 0.1267213 0.0983624 0.0900034 0.0198977 0.0263969 0.0473259 0.1055229 0.0433076 0.0831976 0.0885760 0.0798922 0.1071089 0.0577246 0.0775884 0.1047728 0.1022137 0.0831967 0.0199487 0.0804598 0.0783778 0.0372912 0.1203020 0.0562346 0.0925023 0.0460591 0.0722885 0.0867591 0.0909196 0.0908131 0.0874955 0.0817622 0.1261836 0.0585738 0.0774015 0.0724116 0.0712330 
S0407sl       0.2155422 0.1058319 0.0852859 0.0656738 0.1126735 0.0984624 0.1512689 0.0623490 0.0985959 0.1035548 0.1625754 0.0754904 0.1345425 0.1412253 0.0664011 0.1344246 0.0614094 0.1149759 0.0885601 0.1364887 0.1167037 0.1006934 0.1074126 0.0000000 0.1411789 0.0483148 0.0896284 0.1197383 0.0565431 0.1369697 0.0709776 0.1210647 0.1398265 0.1464990 0.1627737 0.0691544 0.1243043 0.1002718 0.0561324 0.0795596 0.0823666 0.1139444 0.0908781 0.1182502 0.1362530 0.1900852 0.1257479 0.1359148 0.1079500 0.1224776 0.0802049 0.0932606 0.0890257 0.0770341 0.1258237 0.1206880 0.0817368 0.1462237 0.0799658 0.0800685 0.0796051 0.0584452 0.1088424 0.1182814 0.1157619 0.1312903 0.1114371 0.1484219 0.1184207 0.1792433 0.1259580 0.1326738 0.1494479 0.1132344 0.1188315 0.1939330 0.0633161 0.1894108 0.0843493 0.1121490 0.1101253 0.1449835 0.1054255 0.1093110 0.1635463 0.0963427 0.1213541 0.0921259 0.0474568 0.0765654 0.0900549 0.1490110 0.0742692 0.0878992 0.1590643 0.1401101 0.1413127 0.0997606 0.1537924 0.1153089 0.1075688 0.0977303 0.1034838 0.1281999 0.1144619 0.1001742 0.0796162 0.1006123 0.0922801 0.0718656 0.1000277 0.0913125 0.0254279 0.1159180 0.0768492 0.0937725 0.0972633 0.0910560 0.1102551 0.0845656 0.1091844 0.0857907 0.0963594 0.1167906 0.1046219 0.1020140 0.0859016 0.0962740 0.0990514 0.1415624 0.0756404 0.0897244 0.1163830 0.0863825 
S0412sl       0.2303662 0.1034874 0.1017306 0.1387452 0.1287761 0.0898008 0.1668371 0.1302938 0.1154887 0.0908370 0.1475618 0.1398610 0.1461769 0.1590173 0.1281025 0.1523929 0.1221337 0.1333901 0.1009164 0.1548218 0.0978913 0.0917291 0.0959912 0.1411789 0.0000000 0.1123587 0.1059942 0.1086248 0.1163540 0.1549299 0.1227720 0.1370481 0.1088136 0.1735004 0.1963541 0.1325684 0.1135520 0.0929107 0.1317582 0.1261153 0.1334649 0.0966406 0.0854712 0.1255134 0.1547112 0.1963711 0.0779088 0.1476135 0.0959273 0.1437827 0.0972846 0.0899045 0.1048039 0.0896534 0.1501715 0.1246982 0.1253185 0.1562562 0.1211479 0.1191289 0.1023246 0.1257930 0.1402310 0.1366089 0.1343669 0.1502384 0.1275183 0.1435807 0.1348064 0.1913456 0.1468108 0.1525243 0.1638308 0.1350847 0.1416091 0.1966200 0.0866942 0.1952482 0.1343977 0.1289738 0.1275773 0.1584135 0.1018370 0.1280866 0.1739921 0.0875892 0.1146793 0.1154803 0.1092223 0.1181908 0.1340120 0.1589855 0.1198249 0.1497107 0.1755543 0.1540257 0.1515602 0.0929143 0.1627977 0.1332327 0.1200486 0.0874586 0.0941049 0.1093731 0.1404744 0.0960326 0.1202472 0.1203257 0.1136823 0.1360419 0.1030435 0.1074435 0.1339354 0.1333030 0.1268000 0.0908563 0.1163510 0.1163607 0.1044511 0.1484595 0.0963339 0.1287831 0.0849002 0.0962305 0.1221206 0.1234637 0.1230121 0.1199770 0.1211278 0.1505226 0.0974261 0.1160457 0.0994811 0.1083382 
S0417         0.1900266 0.0857499 0.0666249 0.0358007 0.0931123 0.0751716 0.1239799 0.0368325 0.0816925 0.0761270 0.1389297 0.0421389 0.1119839 0.1230453 0.0353333 0.1100369 0.0283648 0.0934983 0.0672227 0.1118708 0.0922508 0.0762425 0.0812885 0.0483148 0.1123587 0.0000000 0.0705127 0.0974522 0.0270616 0.1136399 0.0445268 0.0973781 0.1115023 0.1343434 0.1347099 0.0347617 0.1010443 0.0796853 0.0294986 0.0550592 0.0600089 0.0912703 0.0706488 0.0993627 0.1103936 0.1596969 0.1034057 0.1100515 0.0842809 0.1005570 0.0617199 0.0710955 0.0712043 0.0614326 0.1026523 0.0999480 0.0568400 0.1195467 0.0538389 0.0524915 0.0618846 0.0330681 0.1013643 0.0983656 0.0950359 0.1110800 0.0886336 0.1268025 0.0948144 0.1455920 0.0986929 0.1173993 0.1283008 0.0930786 0.0970824 0.1625952 0.0497380 0.1591387 0.0621949 0.0926439 0.0880692 0.1215844 0.0824593 0.0921220 0.1387861 0.0721783 0.0953183 0.0756771 0.0180608 0.0532411 0.0682194 0.1180927 0.0507270 0.0494706 0.1421663 0.1141870 0.1152137 0.0787619 0.1270568 0.0934980 0.0873466 0.0737634 0.0798863 0.1013309 0.1013559 0.0800751 0.0539881 0.0885382 0.0758169 0.0409264 0.0795890 0.0724699 0.0332755 0.0934194 0.0554340 0.0752462 0.0757296 0.0742759 0.0858478 0.0494807 0.0823873 0.0653322 0.0746540 0.0926834 0.0842396 0.0860553 0.0597740 0.0769434 0.0738187 0.1185764 0.0592501 0.0726529 0.0891818 0.0699385 
S0419         0.1796763 0.0695588 0.0125853 0.0900865 0.0472834 0.0672511 0.1290930 0.0916448 0.0606236 0.0678907 0.1302999 0.0986915 0.1068427 0.1206327 0.0879360 0.1135523 0.0752221 0.0748840 0.0617355 0.1163978 0.0805054 0.0690231 0.0762634 0.0896284 0.1059942 0.0705127 0.0000000 0.0912392 0.0704320 0.1132794 0.0813923 0.0882617 0.1082372 0.1294377 0.1266937 0.0921784 0.0913894 0.0716104 0.0885063 0.0778896 0.0795582 0.0847508 0.0601609 0.0475720 0.1153197 0.1598839 0.0989620 0.1096777 0.0754823 0.0799757 0.0092910 0.0627351 0.0119057 0.0111522 0.0973237 0.0487079 0.0791037 0.1204513 0.0739924 0.0724558 0.0437712 0.0764960 0.0971696 0.0891930 0.0847003 0.0985512 0.0749350 0.1156678 0.0478720 0.1403006 0.0867751 0.1046267 0.1222403 0.0812861 0.0876900 0.1612997 0.0046963 0.1586628 0.0845505 0.0841913 0.0715747 0.1170042 0.0806779 0.0722368 0.1336234 0.0643077 0.0930040 0.0612002 0.0675564 0.0734377 0.0880511 0.1184956 0.0740933 0.1041374 0.1374816 0.1130427 0.1140679 0.0700848 0.1242665 0.0776111 0.0666079 0.0673228 0.0718514 0.0925264 0.0840604 0.0739036 0.0748860 0.0670234 0.0555311 0.0979473 0.0786830 0.0129997 0.0901824 0.0466662 0.0724703 0.0641015 0.0602281 0.0570603 0.0806096 0.1016301 0.0779146 0.0865020 0.0674510 0.0879576 0.0674068 0.0673479 0.0805652 0.0686332 0.0591817 0.0996937 0.0399568 0.0560711 0.0833405 0.0476548 
S0427         0.2066159 0.0865962 0.0889121 0.1190021 0.1216740 0.0715424 0.1450085 0.1162692 0.1022468 0.0772301 0.1337841 0.1266033 0.1326071 0.1504763 0.1097101 0.1424735 0.1064128 0.1151854 0.0935538 0.1435645 0.0498485 0.0726226 0.0806455 0.1197383 0.1086248 0.0974522 0.0912392 0.0000000 0.0984068 0.1412429 0.1075454 0.1190564 0.1111387 0.1589747 0.1534979 0.1181270 0.0924783 0.0753900 0.1155969 0.1079187 0.1086242 0.0909007 0.0561168 0.1165763 0.1434592 0.1860896 0.1059822 0.1344681 0.0823013 0.1193145 0.0833516 0.0685644 0.0925855 0.0795479 0.1347284 0.1177995 0.1100432 0.1387853 0.1051945 0.1003560 0.0837685 0.0996442 0.1212797 0.1195942 0.1162191 0.1373667 0.1044834 0.1235005 0.1194195 0.1655384 0.1286417 0.1372206 0.1484378 0.1185733 0.1254101 0.1860247 0.0708407 0.1857880 0.1162294 0.1149830 0.1106835 0.1425134 0.0819196 0.1194257 0.1591131 0.0699722 0.0981918 0.1012679 0.0945714 0.1053633 0.1214581 0.1443884 0.1020284 0.1351283 0.1677708 0.1395559 0.1397825 0.0763125 0.1478589 0.1206626 0.1081468 0.0723451 0.0761766 0.1002751 0.1234316 0.0783544 0.1043140 0.1121661 0.1004003 0.1243992 0.0829782 0.0932062 0.1189119 0.1179857 0.1049220 0.0714929 0.1023433 0.0993982 0.0843844 0.1353269 0.0805414 0.1140066 0.0735608 0.0910691 0.1067799 0.1144725 0.1069037 0.1055551 0.1004175 0.1366753 0.0783349 0.0971250 0.0497353 0.0881415 
S0428sl       0.1841000 0.0834021 0.0701602 0.0533821 0.0940370 0.0772143 0.1257254 0.0499018 0.0797844 0.0784837 0.1387621 0.0563041 0.1061913 0.1271282 0.0510156 0.1142215 0.0352029 0.0947103 0.0686247 0.1127063 0.0927396 0.0797249 0.0858565 0.0565431 0.1163540 0.0270616 0.0704320 0.0984068 0.0000000 0.1166352 0.0457059 0.0937964 0.1157732 0.1378577 0.1297808 0.0526943 0.1051809 0.0828398 0.0461895 0.0550920 0.0618058 0.0974738 0.0735590 0.0979486 0.1138089 0.1519683 0.1015423 0.1120355 0.0855226 0.1010382 0.0633133 0.0728389 0.0697567 0.0638723 0.1032018 0.1002596 0.0563869 0.1210902 0.0552072 0.0557983 0.0658855 0.0321970 0.1050475 0.0949253 0.0938462 0.1151260 0.0876117 0.1229404 0.0996571 0.1442130 0.1065999 0.1183154 0.1273380 0.0928849 0.0955289 0.1541538 0.0511928 0.1498803 0.0637440 0.0923954 0.0915409 0.1225730 0.0864837 0.0946375 0.1349795 0.0757646 0.1003531 0.0789719 0.0265728 0.0538488 0.0714068 0.1205694 0.0517795 0.0667125 0.1450236 0.1157670 0.1159427 0.0824137 0.1284358 0.0967709 0.0880546 0.0769276 0.0821547 0.1034748 0.1077721 0.0848065 0.0539291 0.0864361 0.0774283 0.0555864 0.0811775 0.0711645 0.0482385 0.0981327 0.0555135 0.0779403 0.0780536 0.0753229 0.0835031 0.0632539 0.0856153 0.0648803 0.0792391 0.0999277 0.0851952 0.0893681 0.0650805 0.0802628 0.0796776 0.1228082 0.0638787 0.0755784 0.0915613 0.0724649 
