129
PAFTOL_019361 0.0000000 0.2538587 0.2158092 0.2025575 0.2492948 0.1947609 0.2786115 0.2243711 0.1922309 0.1981422 0.2233666 0.2052143 0.2184880 0.1960593 0.2263666 0.2181908 0.1956804 0.2320931 0.2551059 0.2680269 0.0000010 0.2335211 0.2125535 0.2466970 0.2195488 0.2486035 0.2054312 0.2544794 0.1847235 0.2273358 0.2950207 0.2982220 0.1918549 0.2078128 0.2056246 0.2063545 0.2377583 0.1994352 0.2447647 0.2209817 0.3152943 0.5107541 0.2308742 0.2378391 0.3577791 0.2121466 0.2069204 0.2486035 0.2071684 0.2788006 0.2504124 0.2636779 0.2904005 0.2663325 0.1960976 0.2232654 0.1824863 0.2147954 0.2276721 0.2341954 0.2098550 0.2173138 0.2636268 0.2687230 0.4744171 0.2531488 0.2713929 0.3050389 0.2561391 0.2653745 0.5236194 0.2620480 0.4769516 0.1681986 0.2837254 0.2323501 0.2450549 0.2147129 0.2315334 0.4653340 0.2064192 0.2370880 0.2195187 0.1960593 0.1984160 0.2417469 0.2486863 0.2115215 0.2104957 0.2474870 0.2285640 0.2339492 0.2152778 0.2702466 0.2504693 0.1868474 0.0000010 0.1873560 0.2700630 0.2183799 0.1979074 0.2419230 0.2260914 0.1800816 0.1912276 0.2363619 0.2586541 0.2300301 0.2687230 0.1992503 0.1987508 0.2258960 0.1914937 0.2424781 0.2024374 0.2308857 0.2126002 0.2133952 0.2127672 0.2261807 0.1953894 0.2259885 0.2563476 0.2056878 0.3098721 0.2157239 0.1901907 0.2278880 0.1781313 
S0055         0.2538587 0.0000000 0.0869798 0.0842568 0.1076542 0.0532971 0.1084473 0.0939401 0.0651356 0.0472865 0.0767029 0.0908631 0.1181160 0.0909609 0.0916525 0.0674744 0.0665304 0.0729302 0.0932439 0.0760626 0.9487520 0.0527848 0.0947757 0.0736122 0.0855547 0.0921682 0.0618352 0.0959549 0.0863226 0.0919878 0.0837129 0.1217659 0.0815579 0.0555861 0.0440321 0.0853393 0.0985735 0.0997997 0.0730247 0.0650378 0.1504222 0.2000430 0.0707963 0.1009509 0.1352707 0.0531426 0.0858584 0.0921682 0.0409081 0.1073272 0.0968682 0.1059387 0.1526594 0.1206492 0.0774341 0.0988371 0.0579180 0.0739490 0.0914954 0.1037787 0.0816085 0.0958046 0.1110464 0.1452571 0.2334923 0.0904399 0.1285482 0.1275468 0.0881319 0.0956197 0.2126181 0.0999667 0.2053686 0.0762383 0.0974830 0.0683267 0.1220891 0.0518843 0.0888852 0.2160230 0.0381215 0.0598346 0.0678879 0.0768351 0.0973371 0.0941769 0.1061523 0.1100509 0.1042445 0.1248409 0.0954797 0.0923528 0.0488624 0.1206419 0.0691013 0.0554753 0.0269539 0.0343644 0.0424093 0.0913837 0.0499698 0.0794642 0.0654887 0.0491487 0.0944427 0.0432622 0.0996359 0.1022402 0.1363365 0.1143180 0.0397905 0.0894142 0.0787082 0.0592971 0.0851374 0.0595542 0.1096199 0.0424174 0.0584094 0.0554204 0.0638268 0.0912800 0.0717793 0.0710381 0.1266190 0.1053468 0.0807114 0.0548980 0.0643480 
S0196sl       0.2158092 0.0869798 0.0000000 0.0896514 0.0565638 0.0709058 0.1038157 0.0921068 0.0667187 0.0718174 0.0982588 0.0877924 0.1162418 0.0891453 0.0770180 0.0727608 0.0721362 0.0937002 0.0927460 0.0944708 0.9487520 0.0772199 0.0848028 0.0882486 0.0790379 0.0214496 0.0755997 0.0884827 0.0725153 0.0639930 0.0694997 0.0868724 0.0766179 0.0797452 0.0716241 0.0752612 0.0829845 0.0829359 0.0846425 0.0830331 0.0651233 0.1739147 0.0854648 0.0926536 0.1544809 0.0736915 0.0580372 0.0214496 0.0649781 0.0328556 0.0273957 0.0849457 0.0588980 0.1084142 0.0737626 0.0868007 0.0492971 0.0570035 0.0636817 0.0835970 0.0576912 0.0675190 0.1453792 0.0579599 0.2089533 0.1035653 0.0993649 0.1098993 0.0674797 0.0745035 0.1799821 0.0271694 0.1788874 0.0653889 0.0864448 0.0617237 0.0989185 0.0685828 0.0868728 0.1796799 0.0653575 0.0767854 0.0524428 0.0753468 0.0852752 0.0935536 0.0835527 0.0936986 0.1025523 0.0737928 0.0806616 0.0812587 0.0726549 0.1029206 0.0777621 0.0668546 0.0266299 0.0607094 0.0841048 0.0932251 0.0819509 0.0724198 0.0775070 0.0603563 0.0969519 0.0732515 0.0270984 0.1031144 0.0581679 0.0929480 0.0633524 0.0843007 0.0782293 0.0844573 0.0936761 0.0733007 0.1017854 0.0615136 0.0586197 0.0810715 0.0693428 0.0761171 0.0736937 0.0555923 0.1111257 0.0333729 0.0803085 0.0765431 0.0457016 
S0278         0.2025575 0.0842568 0.0896514 0.0000000 0.1262598 0.0801647 0.1087351 0.0365382 0.0677398 0.0775361 0.1052201 0.0215125 0.1096683 0.0269472 0.0951072 0.0324673 0.0796827 0.0975967 0.1046524 0.0931745 0.9487520 0.0865743 0.0491647 0.0865542 0.0272426 0.0942336 0.0711754 0.1001495 0.0390234 0.0901854 0.0867898 0.1139490 0.0211715 0.0817467 0.0810153 0.0360531 0.0690322 0.0594679 0.0928671 0.0923053 0.1564003 0.2230723 0.0691490 0.1045309 0.1386570 0.0799541 0.0845358 0.0942336 0.0674688 0.1092571 0.0989082 0.1084725 0.1587130 0.1273246 0.0629849 0.0692191 0.0713939 0.0777020 0.0861867 0.1057835 0.0838267 0.0939945 0.1607044 0.1477259 0.2376363 0.0976358 0.1105124 0.1374832 0.0845130 0.0920266 0.2242876 0.1019672 0.2383526 0.0483590 0.0882887 0.0739040 0.1131632 0.0639423 0.0844027 0.2289609 0.0638498 0.0748857 0.0803361 0.0212879 0.0629452 0.0780456 0.1025715 0.0794582 0.0271775 0.0991687 0.0919612 0.0926527 0.0854547 0.1314879 0.0931967 0.0615483 0.0555336 0.0663737 0.0960421 0.0935340 0.0729849 0.0626243 0.0782094 0.0584811 0.0357666 0.0788119 0.0940046 0.0489636 0.1485007 0.0823855 0.0654021 0.0996571 0.0802051 0.0863811 0.0213078 0.0788287 0.0863524 0.0703490 0.0643476 0.0820394 0.0701356 0.0627326 0.0860562 0.0851524 0.1176942 0.1047895 0.0831958 0.0720468 0.0694431 
S0281         0.2492948 0.1076542 0.0565638 0.1262598 0.0000000 0.0816626 0.1457920 0.1300958 0.0721905 0.0867864 0.1068663 0.1179748 0.1506618 0.1254609 0.1216575 0.1070687 0.0860134 0.1099302 0.1364024 0.1278226 0.9487520 0.1044585 0.1303887 0.1083168 0.1107081 0.0534470 0.0987456 0.1356783 0.0972431 0.1004632 0.0831236 0.1038564 0.1117091 0.0948126 0.0907411 0.1048016 0.1232068 0.1082052 0.1184613 0.1024827 0.0568392 0.1762631 0.1055061 0.1217686 0.1467614 0.0964875 0.0900358 0.0534470 0.0793466 0.0599169 0.0572850 0.1286161 0.0575567 0.1421242 0.0908082 0.1277545 0.0846441 0.1044193 0.0998889 0.1064301 0.0894657 0.1045197 0.1665385 0.0572915 0.2254939 0.1251966 0.1393151 0.1458195 0.0970926 0.1089493 0.1879613 0.0602246 0.1814097 0.0982423 0.1103968 0.0820030 0.1386468 0.0947389 0.1055040 0.1770332 0.0840121 0.0912026 0.0860599 0.1171304 0.1032165 0.1082256 0.1335201 0.1402223 0.1419498 0.0940608 0.1260515 0.1270769 0.1030388 0.1353300 0.0924593 0.0763277 0.0277854 0.0821217 0.1172013 0.1005243 0.1110333 0.1032599 0.0876399 0.0694878 0.1314370 0.0839297 0.0600451 0.1346305 0.0640043 0.1158088 0.0849078 0.1067649 0.0970756 0.0910356 0.1269003 0.0982784 0.1182974 0.0871665 0.0987019 0.1000288 0.0761801 0.0975832 0.0770110 0.0920090 0.1350310 0.0544485 0.0950976 0.1157238 0.0830867 
S0282         0.1947609 0.0532971 0.0709058 0.0801647 0.0816626 0.0000000 0.1048506 0.0786994 0.0442488 0.0054031 0.0534786 0.0781642 0.1077952 0.0761280 0.0769165 0.0700147 0.0463989 0.0575834 0.0965644 0.0573767 0.9487520 0.0283158 0.0794079 0.0512975 0.0697253 0.0751957 0.0499267 0.0888565 0.0747809 0.0717517 0.0614472 0.1046637 0.0702137 0.0503362 0.0228044 0.0695460 0.0808895 0.0938316 0.0608288 0.0190407 0.1075288 0.2056123 0.0548864 0.0932068 0.1220290 0.0253669 0.0656716 0.0751957 0.0027130 0.0859802 0.0795869 0.0871038 0.1090729 0.1049086 0.0684794 0.0811103 0.0438431 0.0694837 0.0713882 0.0798364 0.0615463 0.0754058 0.0682572 0.1179400 0.2296437 0.0810574 0.1149567 0.1271273 0.0696125 0.0768440 0.2178530 0.0826654 0.2063122 0.0638559 0.0735121 0.0468786 0.1088164 0.0434160 0.0708764 0.2115047 0.0055182 0.0540778 0.0402251 0.0656845 0.0841467 0.0927969 0.0875372 0.0918782 0.0926933 0.1030881 0.0807078 0.0813308 0.0279905 0.1088718 0.0539332 0.0412755 0.0000027 0.0225796 0.0572174 0.0699143 0.0411181 0.0748138 0.0511222 0.0351255 0.0873377 0.0409309 0.0823994 0.0819250 0.1185193 0.0961829 0.0053740 0.0712675 0.0580711 0.0283943 0.0804877 0.0508718 0.0921030 0.0335296 0.0466704 0.0480924 0.0407283 0.0790213 0.0570729 0.0501511 0.1311139 0.0768515 0.0569916 0.0572447 0.0461154 
S0288         0.2786115 0.1084473 0.1038157 0.1087351 0.1457920 0.1048506 0.0000000 0.1111079 0.0870583 0.0971786 0.1014771 0.1039606 0.0789981 0.1080763 0.0189189 0.1080079 0.1108820 0.1250221 0.0307531 0.1105780 0.9487520 0.1061760 0.1121600 0.1209069 0.1056253 0.1040103 0.0932310 0.0219814 0.1140741 0.1332046 0.1127756 0.0783301 0.1051825 0.1058455 0.0981892 0.0980973 0.1145001 0.1314028 0.1312307 0.1221081 0.1457845 0.2349291 0.1295089 0.0192914 0.1903374 0.1085770 0.1269448 0.1040103 0.0861276 0.1196941 0.1132682 0.1394004 0.1379301 0.0938198 0.1291796 0.1191485 0.1002173 0.0368208 0.1368267 0.1434248 0.1257983 0.1421291 0.1758193 0.1463480 0.2505431 0.1448351 0.0921584 0.0827361 0.1072941 0.1164676 0.2339573 0.1121077 0.2311182 0.0974287 0.1322287 0.1053411 0.0954903 0.1002740 0.1151240 0.2139912 0.0836395 0.1108664 0.1005463 0.1073945 0.1355913 0.1336545 0.0245867 0.1310857 0.1155508 0.0797066 0.0162092 0.0163166 0.1101321 0.0812711 0.1198345 0.0812730 0.0267774 0.0928848 0.1007605 0.1087219 0.0998929 0.1154719 0.0844063 0.0812888 0.1167307 0.0947361 0.1117261 0.1192734 0.1427338 0.1519551 0.0916972 0.1026978 0.1133600 0.1198856 0.1036221 0.1109841 0.1407838 0.0851691 0.1003863 0.1070490 0.1007962 0.1251091 0.1042343 0.1156850 0.1267899 0.1104106 0.1150473 0.1105345 0.1023258 
S0289         0.2243711 0.0939401 0.0921068 0.0365382 0.1300958 0.0786994 0.1111079 0.0000000 0.0727010 0.0721733 0.1002425 0.0433189 0.1121594 0.0363581 0.0970983 0.0555538 0.0781338 0.0965075 0.1069211 0.0996658 0.0000010 0.0889444 0.0214633 0.0965902 0.0337618 0.0968586 0.0730253 0.1022894 0.0457370 0.0926727 0.0962023 0.1247732 0.0307792 0.0766650 0.0832456 0.0366918 0.0593776 0.0738540 0.0903254 0.0948271 0.1496187 0.2308418 0.0709488 0.1028310 0.1606135 0.0821255 0.0866639 0.0968586 0.0691085 0.1123823 0.1017091 0.1197600 0.1518368 0.1252337 0.0638260 0.0666989 0.0732583 0.0868399 0.0961937 0.1161912 0.0861304 0.0966090 0.1387699 0.1375198 0.2321329 0.1004663 0.1171018 0.1500536 0.1018024 0.1099391 0.2214885 0.1048543 0.2367283 0.0495468 0.0972812 0.0722379 0.1197985 0.0652685 0.0928853 0.2367745 0.0655468 0.0768539 0.0824395 0.0245276 0.0668124 0.0718869 0.1047461 0.0733381 0.0368375 0.1011353 0.0938857 0.0946067 0.0877610 0.1294272 0.0881580 0.0663050 0.0685617 0.0645845 0.0873739 0.0948008 0.0786562 0.0634534 0.0802807 0.0631374 0.0394872 0.0809137 0.0966158 0.0274254 0.1382328 0.0796789 0.0671048 0.0929818 0.0909663 0.0925516 0.0428852 0.0847273 0.0839178 0.0687251 0.0729638 0.0842384 0.0684155 0.0746957 0.0883907 0.0874415 0.1331161 0.0996652 0.0971719 0.0812136 0.0756752 
S0292         0.1922309 0.0651356 0.0667187 0.0677398 0.0721905 0.0442488 0.0870583 0.0727010 0.0000000 0.0414960 0.0738732 0.0697281 0.0980595 0.0704894 0.0611818 0.0550311 0.0388583 0.0532323 0.0862849 0.0663494 0.9487520 0.0537070 0.0805320 0.0536202 0.0613403 0.0741639 0.0493106 0.0721965 0.0685559 0.0529511 0.0501740 0.0994208 0.0614112 0.0464352 0.0447001 0.0641399 0.0877370 0.0726809 0.0593227 0.0559811 0.1016865 0.1827185 0.0571711 0.0761756 0.1177463 0.0470449 0.0439344 0.0741639 0.0353395 0.0885536 0.0784829 0.0595362 0.1031113 0.1009336 0.0671300 0.0879744 0.0523242 0.0538017 0.0527086 0.0468374 0.0436684 0.0562915 0.0804783 0.1183008 0.2051463 0.0795565 0.1012203 0.1076933 0.0441987 0.0471928 0.1931110 0.0815238 0.1921729 0.0549366 0.0541444 0.0366390 0.0956017 0.0492532 0.0392038 0.1927976 0.0354149 0.0567112 0.0336555 0.0542520 0.0737134 0.0821447 0.0747844 0.0989127 0.0825098 0.0888127 0.0647014 0.0651807 0.0496944 0.1048475 0.0464371 0.0134298 0.0178831 0.0378466 0.0687965 0.0326810 0.0541871 0.0778487 0.0161659 0.0080025 0.0746794 0.0500518 0.0812652 0.0833813 0.1188848 0.0910147 0.0312919 0.0331441 0.0427977 0.0535552 0.0682197 0.0529595 0.0898493 0.0426919 0.0492758 0.0400135 0.0332484 0.0776349 0.0433400 0.0586655 0.1207910 0.0837207 0.0455130 0.0594674 0.0483843 
S0293         0.1981422 0.0472865 0.0718174 0.0775361 0.0867864 0.0054031 0.0971786 0.0721733 0.0414960 0.0000000 0.0507193 0.0754877 0.1098037 0.0735032 0.0698144 0.0638471 0.0499034 0.0586744 0.0851219 0.0546465 0.9487520 0.0255942 0.0728230 0.0485311 0.0635248 0.0761830 0.0472252 0.0776582 0.0687511 0.0690225 0.0586965 0.1020887 0.0675364 0.0442869 0.0199905 0.0668933 0.0790946 0.0911808 0.0580999 0.0163853 0.1167141 0.2020002 0.0446693 0.0857214 0.1276016 0.0226431 0.0588762 0.0761830 0.0027495 0.0871389 0.0806519 0.0844077 0.1184283 0.1028248 0.0657368 0.0793153 0.0473472 0.0667107 0.0686727 0.0771087 0.0587844 0.0726878 0.0620580 0.1151777 0.2389252 0.0782957 0.1079772 0.1186120 0.0668410 0.0740892 0.2075960 0.0837739 0.2075091 0.0579222 0.0707275 0.0441654 0.1020102 0.0407134 0.0681806 0.2151305 0.0027625 0.0476863 0.0375276 0.0595723 0.0764855 0.0858477 0.0840933 0.0813867 0.0900629 0.1004506 0.0735287 0.0738711 0.0223387 0.1068259 0.0478530 0.0352981 0.0000027 0.0198900 0.0578659 0.0672470 0.0386504 0.0724460 0.0450140 0.0322592 0.0809497 0.0350097 0.0835003 0.0753954 0.1157444 0.0934875 0.0026968 0.0685544 0.0619268 0.0286509 0.0778518 0.0447485 0.0976595 0.0311713 0.0439685 0.0453131 0.0441745 0.0763177 0.0543558 0.0537664 0.1286491 0.0778022 0.0607588 0.0545186 0.0434393 
S0294         0.2233666 0.0767029 0.0982588 0.1052201 0.1068663 0.0534786 0.1014771 0.1002425 0.0738732 0.0507193 0.0000000 0.1069526 0.1333660 0.0940687 0.1028858 0.1014435 0.0755001 0.0865270 0.1164081 0.0809855 0.9487520 0.0629839 0.1013553 0.0679666 0.0940396 0.0883885 0.0691173 0.1158518 0.1025240 0.1002878 0.0847727 0.1346893 0.0947725 0.0664949 0.0475247 0.0869605 0.1192334 0.1230294 0.0958171 0.0685901 0.1346501 0.1849703 0.0822141 0.1129753 0.1425727 0.0595567 0.0936348 0.0883885 0.0443706 0.1033314 0.0854125 0.1095813 0.1321877 0.1192287 0.0923070 0.1195502 0.0762611 0.0942769 0.0997330 0.1054974 0.0896444 0.1005220 0.0660384 0.1320231 0.2031313 0.1100088 0.1354890 0.1347152 0.0755771 0.0789299 0.1878411 0.0960676 0.1813041 0.0875277 0.1068584 0.0620819 0.1287054 0.0689584 0.0956965 0.1820848 0.0384041 0.0844811 0.0688291 0.0895470 0.1131810 0.1142603 0.1182563 0.1230078 0.1117140 0.1292273 0.1069713 0.1078115 0.0587698 0.1149281 0.0775192 0.0606609 0.0363735 0.0472553 0.0847209 0.0943852 0.0609069 0.0993217 0.0712402 0.0573859 0.0980027 0.0635754 0.0957533 0.1037303 0.1284880 0.1104100 0.0497317 0.0925063 0.0855990 0.0594397 0.1056459 0.0810976 0.1396440 0.0589119 0.0759240 0.0716255 0.0697473 0.1152850 0.0808016 0.0830924 0.1271271 0.1013194 0.0875994 0.0807835 0.0750528 
S0299         0.2052143 0.0908631 0.0877924 0.0215125 0.1179748 0.0781642 0.1039606 0.0433189 0.0697281 0.0754877 0.1069526 0.0000000 0.1033320 0.0331935 0.0868344 0.0420824 0.0757934 0.0939392 0.1036104 0.0951906 0.9487520 0.0846747 0.0564783 0.0883023 0.0276839 0.0924011 0.0560116 0.0917956 0.0430834 0.0882891 0.0780909 0.1011296 0.0271584 0.0696250 0.0790318 0.0366515 0.0600802 0.0577128 0.0940790 0.0904545 0.1394439 0.2267168 0.0705471 0.0961535 0.1428400 0.0779572 0.0825576 0.0924011 0.0654144 0.1075652 0.0971060 0.1147937 0.1415090 0.1181492 0.0543848 0.0636317 0.0693817 0.0762921 0.0917402 0.1040187 0.0818554 0.0921305 0.1358160 0.1307177 0.2307832 0.0867040 0.1015155 0.1174213 0.0896454 0.1010587 0.2172666 0.0959902 0.2325505 0.0397809 0.0863402 0.0689675 0.1042243 0.0588675 0.0879521 0.2183898 0.0613624 0.0663887 0.0784126 0.0273117 0.0509155 0.0729139 0.0906821 0.0738500 0.0334924 0.0863430 0.0836367 0.0842773 0.0835680 0.1222880 0.0882634 0.0633534 0.0563002 0.0677938 0.0955453 0.0929548 0.0674742 0.0506800 0.0772403 0.0601964 0.0364662 0.0662862 0.0921746 0.0526724 0.1313858 0.0768402 0.0633802 0.0961177 0.0792978 0.0881840 0.0188946 0.0805776 0.0746275 0.0619862 0.0626562 0.0780942 0.0660354 0.0478232 0.0852441 0.0832688 0.1132815 0.0956725 0.0860501 0.0771370 0.0674642 
S0308         0.2184880 0.1181160 0.1162418 0.1096683 0.1506618 0.1077952 0.0789981 0.1121594 0.0980595 0.1098037 0.1333660 0.1033320 0.0000000 0.1089939 0.0636815 0.0980609 0.1164451 0.1282871 0.0718938 0.1244110 1.8482344 0.1150362 0.1192286 0.1347546 0.1065154 0.1210867 0.1066872 0.0671791 0.1102549 0.1227240 0.1265333 0.0847348 0.1060634 0.1231878 0.1106638 0.1022431 0.1248818 0.1230721 0.1297113 0.1252395 0.1680340 0.2434693 0.1261856 0.0640622 0.1960438 0.1161914 0.1123018 0.1210867 0.0892420 0.1382869 0.1223244 0.1449428 0.1752472 0.1079357 0.1169905 0.1252709 0.1108433 0.0541204 0.1263901 0.1344436 0.1152869 0.1235946 0.1589666 0.1769343 0.2697674 0.1424189 0.1109120 0.0988543 0.1156778 0.1245362 0.2528813 0.1300026 0.2494137 0.1030327 0.1378962 0.1183524 0.1100966 0.0975509 0.1177525 0.2313271 0.0866378 0.1203289 0.1058244 0.1082970 0.1231130 0.1302585 0.0738135 0.1375922 0.1201234 0.0787539 0.0638494 0.0641469 0.1191315 0.1071111 0.1198463 0.1028946 0.0693023 0.0979043 0.1101332 0.1161122 0.1034271 0.1216251 0.1027603 0.0960269 0.1254152 0.1037938 0.1295214 0.1187377 0.1779838 0.1425078 0.1001025 0.1141065 0.1175825 0.1250413 0.1094402 0.1244723 0.1457730 0.0897391 0.1106248 0.1186154 0.1127038 0.1167563 0.1051196 0.1272532 0.1539667 0.1393335 0.1283788 0.1164483 0.1095378 
S0320         0.1960593 0.0909609 0.0891453 0.0269472 0.1254609 0.0761280 0.1080763 0.0363581 0.0704894 0.0735032 0.0940687 0.0331935 0.1089939 0.0000000 0.0945558 0.0447812 0.0729055 0.0901705 0.1040222 0.0932633 0.9487520 0.0825030 0.0489126 0.0934454 0.0357637 0.0936918 0.0644573 0.0995564 0.0449523 0.0896725 0.0930810 0.1132647 0.0213477 0.0747750 0.0735739 0.0299742 0.0686584 0.0659533 0.0923419 0.0917857 0.1475335 0.2122045 0.0757616 0.1039039 0.1502224 0.0795079 0.0840535 0.0936918 0.0704589 0.1086093 0.0983296 0.1085741 0.1496892 0.1150839 0.0626458 0.0688434 0.0710105 0.0840225 0.0930656 0.0942591 0.0797143 0.0866287 0.1252578 0.1467805 0.2170910 0.0970507 0.1098506 0.1359762 0.0914719 0.0991343 0.1983676 0.1013700 0.2177903 0.0481152 0.0840144 0.0735095 0.1124874 0.0702957 0.0844823 0.2180767 0.0602110 0.0744809 0.0799028 0.0211899 0.0690582 0.0813342 0.1019683 0.0790175 0.0274092 0.0985867 0.0914288 0.0921119 0.0814503 0.1231467 0.0859151 0.0580611 0.0555336 0.0660136 0.0954972 0.0864534 0.0761883 0.0622893 0.0713160 0.0580775 0.0270252 0.0783793 0.0934647 0.0487134 0.1475441 0.0750639 0.0650524 0.0922666 0.0814508 0.0895649 0.0328724 0.0820437 0.0821921 0.0699771 0.0707377 0.0750343 0.0635275 0.0688205 0.0855754 0.0846807 0.1178024 0.1041581 0.0874236 0.0721152 0.0733678 
S0322         0.2263666 0.0916525 0.0770180 0.0951072 0.1216575 0.0769165 0.0189189 0.0970983 0.0611818 0.0698144 0.1028858 0.0868344 0.0636815 0.0945558 0.0000000 0.0808060 0.0836581 0.0954739 0.0215988 0.0973624 0.9487520 0.0786750 0.0979885 0.0989376 0.0920838 0.0839181 0.0810051 0.0079068 0.0929181 0.1029071 0.0842184 0.0606351 0.0917008 0.0784877 0.0740690 0.0849281 0.0931954 0.1089433 0.1015553 0.0932822 0.1221877 0.2282036 0.0994911 0.0106473 0.1710641 0.0835186 0.0967982 0.0839181 0.0596122 0.0985371 0.0923288 0.1124037 0.1147759 0.0809480 0.0992177 0.0974480 0.0772062 0.0275002 0.1063797 0.1120687 0.0959430 0.1110842 0.1424771 0.1232152 0.2594013 0.1202429 0.0729610 0.0806605 0.0861263 0.0939884 0.2368932 0.0914212 0.2340153 0.0775874 0.1013775 0.0781232 0.0761276 0.0737186 0.0867017 0.2170722 0.0639075 0.0898821 0.0739229 0.0939735 0.1047206 0.1131321 0.0104870 0.1086527 0.1012387 0.0616516 0.0025926 0.0026091 0.0823180 0.0762728 0.0909075 0.0588036 0.0175990 0.0694605 0.0808016 0.0813104 0.0800082 0.0978480 0.0584786 0.0554688 0.1026448 0.0785865 0.0911281 0.1048100 0.1238174 0.1271278 0.0651958 0.0753636 0.0853821 0.0909621 0.0903970 0.0829292 0.1174754 0.0663574 0.0805385 0.0793100 0.0740957 0.0954941 0.0905197 0.0915747 0.1268363 0.0856195 0.0873785 0.0933490 0.0759499 
S0327         0.2181908 0.0674744 0.0727608 0.0324673 0.1070687 0.0700147 0.1080079 0.0555538 0.0550311 0.0638471 0.1014435 0.0420824 0.0980609 0.0447812 0.0808060 0.0000000 0.0637212 0.0802924 0.0968046 0.0822936 0.9487520 0.0764396 0.0692217 0.0763279 0.0482096 0.0843109 0.0678385 0.0924571 0.0517927 0.0732812 0.0765278 0.1060329 0.0355139 0.0649383 0.0672158 0.0544468 0.0694682 0.0738145 0.0825612 0.0820370 0.1363947 0.2104824 0.0630789 0.0967031 0.1432330 0.0728042 0.0708925 0.0843109 0.0608168 0.0990481 0.0888187 0.1022699 0.1383779 0.1232238 0.0637894 0.0696574 0.0616921 0.0741678 0.0764805 0.0880187 0.0669411 0.0804945 0.1440858 0.1280982 0.2208373 0.0938128 0.1194675 0.1351673 0.0886936 0.0920217 0.2020312 0.0918743 0.2159534 0.0486409 0.0711658 0.0580109 0.1172898 0.0481746 0.0819911 0.2162621 0.0574921 0.0724169 0.0642400 0.0386898 0.0703334 0.0829156 0.0949124 0.0799739 0.0480901 0.0953470 0.0845041 0.0851327 0.0753524 0.1273390 0.0761850 0.0521059 0.0456868 0.0532473 0.0856860 0.0769946 0.0664948 0.0630142 0.0619612 0.0460049 0.0511679 0.0688665 0.0841095 0.0689407 0.1287387 0.0905993 0.0557677 0.0824602 0.0641098 0.0761683 0.0445690 0.0724247 0.0869238 0.0608022 0.0610921 0.0720254 0.0610027 0.0700856 0.0758981 0.0750897 0.1343633 0.0897908 0.0733775 0.0686639 0.0600269 
S0335         0.1956804 0.0665304 0.0721362 0.0796827 0.0860134 0.0463989 0.1108820 0.0781338 0.0388583 0.0499034 0.0755001 0.0757934 0.1164451 0.0729055 0.0836581 0.0637212 0.0000000 0.0425122 0.0996956 0.0780890 0.9487520 0.0653604 0.0927730 0.0653477 0.0710183 0.0830022 0.0546003 0.0953301 0.0745361 0.0686927 0.0549127 0.1169515 0.0701735 0.0459675 0.0531937 0.0637290 0.0897718 0.0866861 0.0751437 0.0641486 0.0967086 0.1949108 0.0625731 0.0995877 0.1278376 0.0524424 0.0628763 0.0830022 0.0435431 0.0974589 0.0874150 0.0794640 0.0980395 0.1075128 0.0693946 0.0900099 0.0546458 0.0727512 0.0683622 0.0793524 0.0591322 0.0721674 0.0880828 0.1186671 0.2162174 0.0921814 0.1078112 0.1303043 0.0668096 0.0737135 0.2016495 0.0904198 0.2000658 0.0648950 0.0733187 0.0478163 0.1020422 0.0545425 0.0571281 0.1954006 0.0439995 0.0624696 0.0359928 0.0597129 0.0768713 0.0885770 0.0977515 0.1008149 0.0849320 0.1040257 0.0873599 0.0880073 0.0611321 0.1114589 0.0392612 0.0331500 0.0550400 0.0495686 0.0773721 0.0596741 0.0593104 0.0800088 0.0422019 0.0272530 0.0636083 0.0553907 0.0901321 0.0931733 0.1192372 0.0962112 0.0423632 0.0574000 0.0389759 0.0618211 0.0770776 0.0688813 0.0930106 0.0450783 0.0545422 0.0359087 0.0184138 0.0751937 0.0575982 0.0547460 0.1298151 0.0890756 0.0326179 0.0610328 0.0507054 
S0345         0.2320931 0.0729302 0.0937002 0.0975967 0.1099302 0.0575834 0.1250221 0.0965075 0.0532323 0.0586744 0.0865270 0.0939392 0.1282871 0.0901705 0.0954739 0.0802924 0.0425122 0.0000000 0.1129853 0.0840572 0.9487520 0.0718956 0.1053389 0.0791909 0.0884204 0.0985488 0.0594843 0.1081742 0.0923346 0.0828857 0.0676845 0.1278651 0.0873308 0.0612560 0.0621380 0.0802854 0.0921603 0.1002920 0.0937229 0.0776880 0.1197481 0.2218515 0.0726974 0.1128375 0.1482676 0.0652069 0.0767093 0.0985488 0.0451658 0.1143427 0.1034979 0.0987366 0.1214971 0.1112741 0.0819349 0.0924102 0.0740225 0.0873913 0.0824483 0.0945578 0.0725468 0.0866740 0.1216746 0.1505553 0.2455722 0.0953688 0.1217813 0.1467351 0.0849970 0.0926733 0.2245029 0.1066881 0.2218906 0.0818753 0.0881816 0.0564810 0.1153112 0.0672262 0.0735390 0.2109814 0.0563080 0.0761298 0.0596764 0.0823342 0.0899779 0.0986736 0.1106319 0.1035376 0.1037667 0.1176229 0.0994840 0.1002629 0.0744382 0.1153787 0.0305048 0.0440147 0.0380317 0.0582500 0.0726106 0.0690241 0.0682727 0.0987636 0.0538567 0.0376003 0.0869087 0.0683207 0.1023829 0.1132129 0.1513790 0.1107434 0.0540863 0.0739472 0.0566350 0.0753196 0.0948997 0.0830868 0.1025628 0.0592559 0.0672083 0.0160707 0.0397879 0.0878975 0.0704943 0.0809176 0.1453965 0.1015773 0.0556102 0.0661995 0.0693937 
S0355         0.2551059 0.0932439 0.0927460 0.1046524 0.1364024 0.0965644 0.0307531 0.1069211 0.0862849 0.0851219 0.1164081 0.1036104 0.0718938 0.1040222 0.0215988 0.0968046 0.0996956 0.1129853 0.0000000 0.1146540 0.9487520 0.0980260 0.1079297 0.1203052 0.1015516 0.0929284 0.0899454 0.0189717 0.0981692 0.1161915 0.1046809 0.0683210 0.1011245 0.0868263 0.0899656 0.0940964 0.1028591 0.1146918 0.1191963 0.1136001 0.1395236 0.2382484 0.1173152 0.0220239 0.1731672 0.1002253 0.1099791 0.0929284 0.0782291 0.1082051 0.1018225 0.1392306 0.1318246 0.0718561 0.1123354 0.1073447 0.0929655 0.0339090 0.1197542 0.1337812 0.1089918 0.1247485 0.1699997 0.1418768 0.2700050 0.1336132 0.0706373 0.0856480 0.1066033 0.1115300 0.2475982 0.1007897 0.2443422 0.0864071 0.1227395 0.1012853 0.0738364 0.0855507 0.1141273 0.2319258 0.0751261 0.0954818 0.0965727 0.1033674 0.1182684 0.1227611 0.0272892 0.1190261 0.1112969 0.0695037 0.0188905 0.0161952 0.0903658 0.0673381 0.0998400 0.0730523 0.0368076 0.0853318 0.0861376 0.1077898 0.0924956 0.1077691 0.0761383 0.0767772 0.1125529 0.0799332 0.1004528 0.1149956 0.1426185 0.1453832 0.0838156 0.1017961 0.1092003 0.1075074 0.0996347 0.0990670 0.1316894 0.0745907 0.0894006 0.1029148 0.0968110 0.1160177 0.1000996 0.1082014 0.1419670 0.0989448 0.1109381 0.1029768 0.0914225 
S0376         0.2680269 0.0760626 0.0944708 0.0931745 0.1278226 0.0573767 0.1105780 0.0996658 0.0663494 0.0546465 0.0809855 0.0951906 0.1244110 0.0932633 0.0973624 0.0822936 0.0780890 0.0840572 0.1146540 0.0000000 0.9487520 0.0706726 0.0966015 0.0705172 0.0861737 0.1070236 0.0423947 0.1025574 0.0955012 0.0918607 0.0762380 0.1151988 0.0904417 0.0796506 0.0575193 0.0895328 0.0992153 0.1058659 0.0876116 0.0660177 0.1264160 0.2037464 0.0743680 0.1070600 0.1587452 0.0538215 0.0822175 0.1070236 0.0517051 0.1153554 0.1120144 0.1000611 0.1282064 0.1256042 0.0951270 0.1112994 0.0723160 0.0785189 0.0913710 0.0894191 0.0852477 0.0886736 0.1184484 0.1665820 0.2225565 0.0946055 0.1292133 0.1336050 0.0863166 0.0943340 0.2169079 0.1151430 0.2092407 0.0838940 0.0980149 0.0688153 0.1227252 0.0519330 0.0943638 0.2096387 0.0518130 0.0772032 0.0616219 0.0853817 0.1034415 0.1083026 0.1050107 0.1186736 0.1102688 0.1179665 0.0941500 0.0948730 0.0627090 0.1212856 0.0719625 0.0600155 0.0088000 0.0506434 0.0914375 0.0930864 0.0570145 0.0922212 0.0737748 0.0568778 0.1082602 0.0530828 0.1074976 0.1068072 0.1629368 0.1140354 0.0502439 0.0912158 0.0880932 0.0634846 0.0935457 0.0809262 0.1308802 0.0614658 0.0588351 0.0627323 0.0688364 0.1056001 0.0775860 0.0719951 0.1333114 0.1143105 0.0864042 0.0525263 0.0711826 
S0400         0.0000010 0.9487520 0.9487520 0.9487520 0.9487520 0.9487520 0.9487520 0.0000010 0.9487520 0.9487520 0.9487520 0.9487520 1.8482344 0.9487520 0.9487520 0.9487520 0.9487520 0.9487520 0.9487520 0.9487520 0.0000000 0.9487520 0.9487520 0.9487520 0.9487520 0.9487520 0.9487520 0.9487520 0.9487520 0.9487520 0.9487520 0.9487520 0.9487520 0.9487520 0.9487520 0.0000010 0.9487520 0.9487520 0.9487520 0.9487520 0.9487520 0.9487520 1.8482344 1.9536682 0.9487520 0.9487520 0.9487520 0.9487520 0.9487520 0.9487520 0.9487520 0.9487520 0.9487520 0.9487520 0.9487520 0.9487520 0.9487520 0.9487520 0.9487520 0.9487520 0.9487520 0.9487520 1.8482344 0.9487520 0.9487520 0.9487520 0.9487520 0.9487520 0.9487520 0.9487520 0.9487520 0.9487520 0.9487520 0.9487520 0.9487520 0.9487520 0.9487520 0.9487520 0.9487520 0.9487520 0.9487520 0.9487520 0.9487520 0.9487520 0.9487520 0.9487520 0.9487520 0.9487520 0.0000010 1.8482344 0.9487520 0.9487520 0.9487520 0.9487520 0.0000010 0.9487520 0.9487520 0.0000010 0.9487520 0.9487520 0.9487520 0.9487520 0.9487520 0.9487520 0.9487520 0.9487520 0.9487520 0.9487520 0.9487520 0.9487520 0.9487520 0.9487520 0.9487520 0.9487520 0.9487520 0.9487520 0.9487520 0.9487520 0.9487520 0.9487520 0.9487520 0.9487520 0.9487520 0.9487520 1.9536682 0.9487520 0.9487520 0.9487520 0.9487520 
S0405         0.2335211 0.0527848 0.0772199 0.0865743 0.1044585 0.0283158 0.1061760 0.0889444 0.0537070 0.0255942 0.0629839 0.0846747 0.1150362 0.0825030 0.0786750 0.0764396 0.0653604 0.0718956 0.0980260 0.0706726 0.9487520 0.0000000 0.0857434 0.0609713 0.0760011 0.0816151 0.0627385 0.0904405 0.0776248 0.0745114 0.0750502 0.0989743 0.0765464 0.0632623 0.0138769 0.0722953 0.0922905 0.0966064 0.0602706 0.0306834 0.1349471 0.2142840 0.0577217 0.0947276 0.1469190 0.0337355 0.0686616 0.0816151 0.0196825 0.0963771 0.0861083 0.0939420 0.1324744 0.1143165 0.0677611 0.0925413 0.0561622 0.0714236 0.0743477 0.0821547 0.0610777 0.0783953 0.0531864 0.1420922 0.2341518 0.0880571 0.1102533 0.1263707 0.0761824 0.0833497 0.2222900 0.0891839 0.2198847 0.0632000 0.0800153 0.0529336 0.1085117 0.0493916 0.0737498 0.2201459 0.0197007 0.0565477 0.0461190 0.0718644 0.0909244 0.0995589 0.0929480 0.0962378 0.0993749 0.1013749 0.0824107 0.0830339 0.0190907 0.1184349 0.0670827 0.0473761 0.0000027 0.0167531 0.0634337 0.0763474 0.0544542 0.0779273 0.0574513 0.0411569 0.0864003 0.0535356 0.0888949 0.0883476 0.1428380 0.0911088 0.0220714 0.0741977 0.0671966 0.0404987 0.0869215 0.0497501 0.1112789 0.0428075 0.0530229 0.0543178 0.0596249 0.0893260 0.0702887 0.0552283 0.1382490 0.0949466 0.0693738 0.0635123 0.0520771 
S0407sl       0.2125535 0.0947757 0.0848028 0.0491647 0.1303887 0.0794079 0.1121600 0.0214633 0.0805320 0.0728230 0.1013553 0.0564783 0.1192286 0.0489126 0.0979885 0.0692217 0.0927730 0.1053389 0.1079297 0.0966015 0.9487520 0.0857434 0.0000000 0.0975051 0.0463257 0.0971080 0.0808944 0.1032433 0.0554918 0.0935153 0.1049958 0.1259493 0.0431990 0.0846703 0.0840066 0.0526053 0.0809885 0.0887787 0.0911241 0.0917931 0.1566670 0.2372933 0.0788068 0.1077963 0.1637182 0.0790725 0.0874573 0.0971080 0.0697310 0.1126515 0.0980878 0.1208785 0.1590360 0.1449946 0.0783004 0.0812097 0.0811719 0.0832202 0.0970705 0.1020676 0.0907882 0.0974931 0.1291415 0.1378078 0.2503213 0.1055660 0.1269943 0.1492765 0.1069053 0.1152529 0.2278024 0.0978679 0.2433757 0.0630203 0.1062301 0.0800019 0.1336806 0.0731217 0.0974229 0.2433385 0.0621245 0.0848734 0.0867678 0.0364417 0.0813408 0.0820265 0.1057137 0.0843217 0.0632168 0.1186929 0.0947480 0.0954819 0.0847138 0.1494732 0.1045087 0.0739579 0.0578482 0.0723714 0.0918736 0.0924827 0.0710451 0.0706104 0.0884236 0.0707029 0.0522480 0.0816312 0.0968642 0.0271710 0.1385226 0.0920945 0.0676921 0.1098386 0.0943964 0.0896295 0.0559032 0.0931024 0.0992828 0.0693132 0.0808229 0.0925516 0.0760083 0.0898030 0.0968770 0.0882195 0.1386468 0.0999249 0.1058104 0.0894703 0.0835745 
S0412sl       0.2466970 0.0736122 0.0882486 0.0865542 0.1083168 0.0512975 0.1209069 0.0965902 0.0536202 0.0485311 0.0679666 0.0883023 0.1347546 0.0934454 0.0989376 0.0763279 0.0653477 0.0791909 0.1203052 0.0705172 0.9487520 0.0609713 0.0975051 0.0000000 0.0867847 0.0858956 0.0560182 0.1117231 0.0781752 0.0777449 0.0502252 0.1319298 0.0837974 0.0556786 0.0553584 0.0793229 0.0999820 0.1012390 0.0815372 0.0564615 0.1275735 0.1969185 0.0335018 0.1164230 0.1351288 0.0576037 0.0717123 0.0858956 0.0422457 0.1009096 0.0828908 0.1015140 0.1275250 0.1237092 0.0748330 0.0911036 0.0627801 0.0873223 0.0773484 0.0831997 0.0677120 0.0814102 0.1003095 0.1382488 0.2062869 0.0976684 0.1165759 0.1174347 0.0725624 0.0802123 0.1957705 0.0936050 0.1843892 0.0701875 0.0844988 0.0562058 0.1105005 0.0494136 0.0670071 0.1787568 0.0359472 0.0742141 0.0460784 0.0789041 0.0915099 0.1003811 0.1141486 0.1116152 0.0978072 0.1222572 0.1029709 0.1037761 0.0538628 0.1278323 0.0705202 0.0470184 0.0085234 0.0409252 0.0859097 0.0629316 0.0545125 0.0841924 0.0532365 0.0408565 0.0976782 0.0636734 0.0932973 0.1037259 0.1389670 0.0957535 0.0410567 0.0700611 0.0710663 0.0444932 0.0943613 0.0645348 0.1193603 0.0589671 0.0559568 0.0576849 0.0562199 0.0938368 0.0630562 0.0693742 0.1369090 0.1027950 0.0732129 0.0669120 0.0585201 
S0417         0.2195488 0.0855547 0.0790379 0.0272426 0.1107081 0.0697253 0.1056253 0.0337618 0.0613403 0.0635248 0.0940396 0.0276839 0.1065154 0.0357637 0.0920838 0.0482096 0.0710183 0.0884204 0.1015516 0.0861737 0.9487520 0.0760011 0.0463257 0.0867847 0.0000000 0.0907703 0.0583105 0.0970794 0.0486854 0.0764802 0.0767489 0.0953808 0.0273638 0.0684558 0.0704528 0.0245898 0.0623629 0.0700897 0.0822065 0.0816862 0.1356827 0.2123644 0.0658296 0.1014370 0.1346193 0.0695451 0.0672911 0.0907703 0.0608033 0.1056489 0.0953735 0.1018307 0.1376439 0.1079003 0.0601910 0.0625327 0.0614529 0.0676990 0.0798026 0.0984049 0.0702357 0.0838593 0.1257721 0.1265378 0.2228690 0.0900911 0.0920340 0.1169344 0.0847851 0.0885407 0.2085235 0.0984221 0.2235012 0.0422465 0.0811894 0.0611291 0.0947110 0.0578958 0.0857047 0.2145317 0.0538220 0.0585560 0.0702728 0.0241433 0.0567291 0.0706749 0.0995317 0.0690180 0.0396757 0.0812006 0.0889297 0.0896008 0.0750391 0.1118653 0.0794877 0.0552293 0.0456144 0.0597455 0.0900462 0.0876879 0.0667582 0.0498085 0.0723388 0.0522013 0.0301150 0.0622005 0.0905516 0.0396752 0.1271607 0.0794891 0.0589527 0.0936259 0.0796211 0.0794141 0.0304812 0.0677483 0.0763038 0.0544265 0.0550245 0.0731212 0.0615238 0.0599734 0.0800880 0.0747789 0.1067913 0.0862760 0.0820091 0.0688216 0.0638609 
S0419         0.2486035 0.0921682 0.0214496 0.0942336 0.0534470 0.0751957 0.1040103 0.0968586 0.0741639 0.0761830 0.0883885 0.0924011 0.1210867 0.0936918 0.0839181 0.0843109 0.0830022 0.0985488 0.0929284 0.1070236 0.9487520 0.0816151 0.0971080 0.0858956 0.0907703 0.0000000 0.0871619 0.0956291 0.0767466 0.0790047 0.0736697 0.0938727 0.0846149 0.0915882 0.0724767 0.0867812 0.0949983 0.0873906 0.0969066 0.0874983 0.0648510 0.1840492 0.0900976 0.0928357 0.1670071 0.0817362 0.0728698 0.0000010 0.0691958 0.0105007 0.0052512 0.1051875 0.0586578 0.1086151 0.0780896 0.0990161 0.0596954 0.0635941 0.0785941 0.0994497 0.0687873 0.0789301 0.1491568 0.0580807 0.2146408 0.1172336 0.0995539 0.1151662 0.0753075 0.0863471 0.1862252 0.0052107 0.1804709 0.0765043 0.0949951 0.0725855 0.0991064 0.0798090 0.0883701 0.1812449 0.0661359 0.0885572 0.0625776 0.0863238 0.0898980 0.0984033 0.0905192 0.1102526 0.1114713 0.0806554 0.0876319 0.0882831 0.0805858 0.1031133 0.0821893 0.0710226 0.0266152 0.0614146 0.0892436 0.0909460 0.0942323 0.0838867 0.0819264 0.0643973 0.1055373 0.0780396 0.0051979 0.1080948 0.0582895 0.0977502 0.0710016 0.0888660 0.0827078 0.0890103 0.0970392 0.0849376 0.1147493 0.0658640 0.0693653 0.0893528 0.0735108 0.0804268 0.0747998 0.0662567 0.1254693 0.0392924 0.0847572 0.0882840 0.0521688 
S0427         0.2054312 0.0618352 0.0755997 0.0711754 0.0987456 0.0499267 0.0932310 0.0730253 0.0493106 0.0472252 0.0691173 0.0560116 0.1066872 0.0644573 0.0810051 0.0678385 0.0546003 0.0594843 0.0899454 0.0423947 0.9487520 0.0627385 0.0808944 0.0560182 0.0583105 0.0871619 0.0000000 0.0857029 0.0659012 0.0735375 0.0561761 0.0878898 0.0616802 0.0427336 0.0500482 0.0615478 0.0691704 0.0690122 0.0622742 0.0615691 0.1013900 0.1862328 0.0532131 0.0898591 0.1219649 0.0498005 0.0642237 0.0871619 0.0411123 0.1018625 0.0916826 0.0880622 0.1027591 0.0930463 0.0592818 0.0764093 0.0485903 0.0574113 0.0731703 0.0777594 0.0636895 0.0704602 0.0862298 0.1184310 0.2079367 0.0755837 0.1004223 0.0981211 0.0706401 0.0780751 0.1982813 0.0947148 0.1914517 0.0522984 0.0783978 0.0486293 0.0948742 0.0393032 0.0756060 0.1870208 0.0444441 0.0465244 0.0511442 0.0575038 0.0664470 0.0776648 0.0882025 0.0868793 0.0828748 0.0860790 0.0779031 0.0784826 0.0585422 0.0891707 0.0519114 0.0432947 0.0273546 0.0436812 0.0762493 0.0746048 0.0374234 0.0564822 0.0561468 0.0403128 0.0714714 0.0368507 0.0944101 0.0869611 0.1149841 0.0746114 0.0368811 0.0760236 0.0695567 0.0525912 0.0583690 0.0623604 0.0908681 0.0391279 0.0365169 0.0428472 0.0518777 0.0688933 0.0563772 0.0613383 0.1075738 0.0789427 0.0682771 0.0364711 0.0541779 
S0430         0.2544794 0.0959549 0.0884827 0.1001495 0.1356783 0.0888565 0.0219814 0.1022894 0.0721965 0.0776582 0.1158518 0.0917956 0.0671791 0.0995564 0.0079068 0.0924571 0.0953301 0.1081742 0.0189717 0.1025574 0.9487520 0.0904405 0.1032433 0.1117231 0.0970794 0.0956291 0.0857029 0.0000000 0.0979823 0.1159465 0.0964533 0.0646359 0.0966725 0.0826141 0.0814621 0.0897523 0.0982947 0.1144547 0.1143316 0.1056647 0.1358998 0.2375267 0.1124041 0.0135283 0.1785907 0.0924521 0.1097501 0.0956291 0.0708840 0.1108552 0.1045241 0.1259739 0.1282369 0.0819606 0.1121024 0.1026779 0.0886934 0.0307619 0.1194992 0.1255984 0.1087676 0.1244760 0.1730699 0.1366624 0.2693645 0.1263714 0.0738524 0.0817342 0.0948541 0.1036055 0.2468146 0.1034713 0.2435931 0.0822142 0.1146417 0.0897711 0.0770593 0.0850694 0.0988904 0.2314310 0.0716934 0.0910705 0.0853040 0.0989347 0.1180135 0.1224911 0.0133203 0.1141544 0.1065611 0.0657405 0.0052678 0.0000030 0.0865273 0.0772082 0.0953196 0.0592510 0.0175990 0.0810459 0.0924372 0.0930512 0.0880924 0.1030920 0.0623079 0.0628213 0.1078914 0.0827160 0.1031281 0.1102062 0.1373620 0.1415427 0.0764855 0.0870433 0.0973739 0.1033801 0.0952693 0.0910920 0.1232619 0.0773367 0.0851946 0.0911798 0.0855098 0.1082191 0.0955709 0.1036503 0.1330338 0.0944778 0.0992487 0.0984310 0.0872326 
S0478         0.1847235 0.0863226 0.0725153 0.0390234 0.0972431 0.0747809 0.1140741 0.0457370 0.0685559 0.0687511 0.1025240 0.0430834 0.1102549 0.0449523 0.0929181 0.0517927 0.0745361 0.0923346 0.0981692 0.0955012 0.9487520 0.0776248 0.0554918 0.0781752 0.0486854 0.0767466 0.0659012 0.0979823 0.0000000 0.0801721 0.0852531 0.1161415 0.0393659 0.0764918 0.0756122 0.0453855 0.0463537 0.0362825 0.0907030 0.0797594 0.1266125 0.2245067 0.0637699 0.1023964 0.1414525 0.0745838 0.0779444 0.0767466 0.0653608 0.0910890 0.0810728 0.1104835 0.1284134 0.1298071 0.0335260 0.0496783 0.0661216 0.0791293 0.0763013 0.0984657 0.0738679 0.0838865 0.1458406 0.1352415 0.2256259 0.0871017 0.1208863 0.1351957 0.0816095 0.0887280 0.2196639 0.0840891 0.2302893 0.0275676 0.0848638 0.0686807 0.1235719 0.0654251 0.0752702 0.2358602 0.0578692 0.0696326 0.0682372 0.0388347 0.0362807 0.0497090 0.1004528 0.0593680 0.0587251 0.1009335 0.0897317 0.0904162 0.0771815 0.1340655 0.0879479 0.0622813 0.0362276 0.0644653 0.0877989 0.0802508 0.0784192 0.0464085 0.0759367 0.0591735 0.0545478 0.0735163 0.0765672 0.0627536 0.1359284 0.0592534 0.0600384 0.0902087 0.0863802 0.0816976 0.0516900 0.0741832 0.0658740 0.0651446 0.0658482 0.0767646 0.0717732 0.0456960 0.0807782 0.0799343 0.1274607 0.0863391 0.0894591 0.0738040 0.0685596 
S0552sl       0.2273358 0.0919878 0.0639930 0.0901854 0.1004632 0.0717517 0.1332046 0.0926727 0.0529511 0.0690225 0.1002878 0.0882891 0.1227240 0.0896725 0.1029071 0.0732812 0.0686927 0.0828857 0.1161915 0.0918607 0.9487520 0.0745114 0.0935153 0.0777449 0.0764802 0.0790047 0.0735375 0.1159465 0.0801721 0.0000000 0.0744503 0.1105368 0.0770600 0.0696209 0.0689436 0.0753289 0.1045890 0.0841083 0.0740611 0.0763330 0.1188219 0.1865047 0.0779329 0.1207526 0.1512684 0.0709604 0.0052564 0.0790047 0.0587480 0.0856084 0.0834999 0.0558993 0.1154251 0.1201278 0.0668271 0.1048732 0.0531171 0.0804628 0.0104502 0.0393983 0.0026057 0.0132057 0.1016743 0.1256881 0.2379620 0.0918040 0.1159321 0.1239248 0.0503660 0.0533197 0.1926214 0.0866060 0.1916979 0.0731460 0.0399628 0.0592014 0.1140680 0.0699989 0.0803300 0.1973284 0.0549650 0.0742584 0.0526973 0.0752842 0.0769089 0.0950591 0.1183657 0.1041892 0.1031991 0.0993389 0.1070131 0.1078587 0.0670448 0.1243670 0.0675069 0.0496913 0.0379327 0.0610330 0.1014821 0.0824064 0.0762271 0.0941629 0.0559030 0.0435392 0.0907650 0.0711323 0.0863237 0.0920446 0.1263194 0.0824613 0.0498545 0.0762066 0.0533950 0.0786695 0.0874814 0.0822147 0.1122130 0.0627262 0.0634353 0.0702932 0.0594830 0.0808632 0.0527202 0.0632761 0.1302891 0.0923979 0.0593116 0.0812342 0.0522915 
