81
S0281      0.0000000 0.1315703 0.1233840 0.1567985 0.1647506 0.1450416 0.1005118 0.1150757 0.1299209 0.1161934 0.1001491 0.1213653 0.1225500 0.1101065 0.1470274 0.1149010 0.1219151 0.1059357 0.1150121 0.1099598 0.1650312 0.1094720 0.1618538 0.1217985 0.1001491 0.0565243 0.0932834 0.1073743 0.1149533 0.1570207 0.1591470 0.1057021 0.1032986 0.1428829 0.1001491 0.1422553 0.1138972 0.1441212 0.1255882 0.1304889 0.1455179 0.1217985 0.1104694 0.1381120 0.1299412 0.1371880 0.1346450 0.1201983 0.0920170 0.1024713 0.1297756 0.1279664 0.1302772 0.1150121 0.1031944 0.1501052 0.1487569 0.1668577 0.1452431 0.1119343 0.1157314 0.0923954 0.1209067 0.1149209 0.1366262 0.1232589 0.1453390 0.1444645 0.0959513 0.1468214 0.1182151 0.0881765 0.1602553 0.1236448 0.1370603 0.0752216 0.1065154 0.0816551 0.1300021 0.1372140 0.0934943 
S0282      0.1315703 0.0000000 0.0381664 0.1824542 0.1841735 0.1849511 0.1206892 0.0225864 0.0326095 0.1311807 0.0936540 0.1077969 0.0899971 0.1099440 0.0386077 0.0323563 0.1400939 0.1278460 0.0157700 0.1313169 0.1723995 0.0972307 0.0562004 0.0211512 0.0871336 0.1005240 0.1062373 0.0941635 0.1014736 0.1061773 0.1823714 0.1140052 0.0973134 0.1499697 0.0871336 0.1493113 0.1005617 0.1441312 0.0445412 0.1164072 0.1527569 0.0211512 0.0680342 0.1452798 0.1548241 0.1625842 0.1587732 0.1505148 0.0918402 0.1177420 0.0326072 0.1434821 0.0268779 0.0213117 0.0679242 0.0634390 0.1139668 0.1447170 0.1777675 0.0450137 0.1390146 0.1831487 0.1377349 0.0321076 0.1225108 0.1374275 0.0325630 0.1696806 0.0554721 0.1806065 0.0622915 0.0827465 0.1390672 0.1618226 0.1543115 0.0751238 0.1197789 0.0945209 0.1299729 0.1303868 0.0999133 
S0293      0.1233840 0.0381664 0.0000000 0.1809225 0.1666988 0.1912895 0.1264772 0.0282196 0.0380245 0.1295747 0.0803506 0.0938621 0.0889479 0.1228499 0.0440979 0.0377272 0.1457250 0.1203038 0.0210194 0.1452751 0.1676854 0.0960809 0.0491562 0.0156583 0.0865336 0.1129715 0.1120870 0.0935008 0.1007430 0.1225330 0.1772665 0.1131231 0.0966021 0.1562354 0.0865336 0.1453598 0.0934888 0.1502654 0.0500745 0.1224742 0.1591294 0.0156583 0.0605865 0.1441276 0.1460559 0.1536269 0.1574962 0.1493262 0.1047004 0.1166829 0.0323776 0.1423622 0.0212189 0.0266290 0.0674083 0.0691418 0.1064875 0.1353046 0.1762607 0.0506034 0.1379188 0.1988176 0.1294922 0.0264057 0.1285558 0.1435629 0.0494344 0.1682655 0.0609632 0.1790472 0.0678891 0.0817990 0.1452720 0.1681152 0.1455773 0.0746145 0.1256861 0.0810753 0.1360698 0.1223229 0.0992075 
S0299      0.1567985 0.1824542 0.1809225 0.0000000 0.0732063 0.2273538 0.1586378 0.1509454 0.1709265 0.1709143 0.1467635 0.1525710 0.1896067 0.1595310 0.1996084 0.1692081 0.0425199 0.1815436 0.1634285 0.2269816 0.2321752 0.1795479 0.2236958 0.1707544 0.1395852 0.1763241 0.1459631 0.1379993 0.1460755 0.2088035 0.2435303 0.1619024 0.1430178 0.2083404 0.1395852 0.2074669 0.1379432 0.2033038 0.2082534 0.1885204 0.2123002 0.1707544 0.2061199 0.0605639 0.0722586 0.0783878 0.0709590 0.0590024 0.1403485 0.1903928 0.1895695 0.1494254 0.1805054 0.1547727 0.1782514 0.2000873 0.1995201 0.2042324 0.0594581 0.1768659 0.0669266 0.2035759 0.0845695 0.1782372 0.1794487 0.1960785 0.1971865 0.0536758 0.1880717 0.0981004 0.2156689 0.1575592 0.1701366 0.2031815 0.0720417 0.1247094 0.1604484 0.1455919 0.1877799 0.1846372 0.1462960 
S0320      0.1647506 0.1841735 0.1666988 0.0732063 0.0000000 0.2227669 0.1666070 0.1510923 0.1720327 0.1791770 0.1321440 0.1527824 0.1828601 0.1522789 0.2022474 0.1702192 0.0558721 0.1911191 0.1641664 0.2220777 0.2189087 0.1725366 0.2276400 0.1718508 0.1391993 0.1776834 0.1458693 0.1375468 0.1459868 0.2209922 0.2160952 0.1625899 0.1427826 0.1943776 0.1391993 0.2019493 0.1374883 0.1977443 0.2113641 0.1905415 0.1871298 0.1718508 0.2437241 0.0562115 0.0754545 0.0818912 0.0802575 0.0797883 0.1231880 0.1628724 0.1834067 0.1647098 0.1821061 0.1550907 0.1711234 0.2199464 0.2185759 0.2070722 0.0804602 0.2032891 0.0823418 0.2256121 0.0883870 0.1797060 0.1970925 0.1902181 0.1996672 0.0741405 0.2065761 0.1094779 0.2367370 0.1498127 0.1552533 0.1976219 0.0815564 0.1236705 0.1534904 0.1310684 0.1816174 0.1784732 0.1388645 
S0335      0.1450416 0.1849511 0.1912895 0.2273538 0.2227669 0.0000000 0.1343626 0.1455538 0.1806690 0.1999081 0.1558189 0.1428735 0.1612481 0.1530512 0.1950699 0.1560763 0.1909151 0.1726359 0.1655767 0.1632891 0.2402922 0.1704860 0.2268819 0.1730151 0.1484395 0.1274187 0.1386556 0.1422926 0.1507096 0.2207916 0.2604795 0.1551995 0.1550174 0.2047423 0.1484395 0.2316757 0.1493108 0.0669016 0.1861642 0.1336209 0.2197135 0.1730151 0.2000891 0.1839061 0.1829420 0.1909902 0.1942717 0.1705182 0.1330722 0.1347729 0.1764467 0.1256055 0.1829440 0.1640037 0.1320532 0.2028144 0.1377393 0.1268558 0.1908747 0.1953795 0.1972617 0.2054269 0.1648164 0.1724326 0.1396153 0.1045404 0.1999099 0.1984350 0.1828295 0.2353154 0.1983547 0.1346822 0.1346161 0.0529514 0.1980916 0.1354660 0.1184048 0.1338229 0.0978888 0.1536857 0.1070883 
S0376      0.1005118 0.1206892 0.1264772 0.1586378 0.1666070 0.1343626 0.0000000 0.0977088 0.1067464 0.1269270 0.1230980 0.0964337 0.1067920 0.1132057 0.1282870 0.1057808 0.1194340 0.1177171 0.0985287 0.1269882 0.1894340 0.1073519 0.1493432 0.1049473 0.1163843 0.0726868 0.0966724 0.0837146 0.0904811 0.1545412 0.1995294 0.1080655 0.0992173 0.1595435 0.1163843 0.1817382 0.1085778 0.1188639 0.1080453 0.1061344 0.1624342 0.1049473 0.1070381 0.1430127 0.1352860 0.1425369 0.1607751 0.1456479 0.0955846 0.1231835 0.1202021 0.1117060 0.1127752 0.1058805 0.0793877 0.1215650 0.1304350 0.1400392 0.1685044 0.1084166 0.1275457 0.1280326 0.1061749 0.0984508 0.1120184 0.1260747 0.1268850 0.1391653 0.1060398 0.1820500 0.1282005 0.0740338 0.0988104 0.1414360 0.1491183 0.0838865 0.0967993 0.1109756 0.1190136 0.0669172 0.0906196 
S0400      0.1150757 0.0225864 0.0282196 0.1509454 0.1510923 0.1455538 0.0977088 0.0000000 0.0224992 0.1074895 0.0775278 0.0849092 0.0603307 0.0865629 0.0285520 0.0166519 0.1089041 0.1118963 0.0054352 0.1168223 0.1557040 0.0666287 0.0465809 0.0109368 0.0710099 0.0843618 0.0902173 0.0714969 0.0785630 0.0988574 0.1736434 0.0890150 0.0732593 0.1330911 0.0710099 0.1324834 0.0713826 0.1135124 0.0286488 0.0999304 0.1356150 0.0109368 0.0525488 0.1063097 0.1159375 0.1234003 0.1278671 0.1199175 0.0682962 0.0989057 0.0224972 0.1130078 0.0166860 0.0110219 0.0369933 0.0410062 0.0978201 0.1141926 0.1458126 0.0347918 0.1224740 0.1649340 0.1000304 0.0221444 0.0984255 0.1210454 0.0341440 0.1379804 0.0399661 0.1639206 0.0466485 0.0597720 0.1081210 0.1302977 0.1155444 0.0588539 0.1037831 0.0782535 0.1135978 0.1068325 0.0838408 
S0405      0.1299209 0.0326095 0.0380245 0.1709265 0.1720327 0.1806690 0.1067464 0.0224992 0.0000000 0.1213745 0.0998269 0.1141532 0.0817066 0.1164371 0.0384623 0.0209297 0.1299948 0.1359869 0.0157132 0.1383637 0.1717561 0.0886308 0.0559851 0.0210745 0.0932439 0.1067782 0.1058739 0.1003761 0.1077985 0.1067238 0.1816812 0.1207623 0.1037550 0.1418069 0.0932439 0.1487606 0.1068217 0.1436179 0.0443718 0.1159953 0.1444139 0.0210745 0.0677719 0.1351178 0.1368861 0.1442384 0.1481938 0.1402877 0.0982923 0.1255950 0.0210745 0.1429728 0.0267790 0.0103427 0.0681065 0.0631895 0.1135721 0.1441997 0.1662311 0.0448412 0.1290312 0.1804154 0.1073684 0.0319900 0.1220794 0.1369372 0.0438075 0.1506252 0.0552626 0.1687958 0.0620517 0.0824145 0.1313342 0.1581775 0.1364439 0.0811727 0.1193661 0.0941950 0.1295118 0.1158733 0.0995718 
S0412sl    0.1161934 0.1311807 0.1295747 0.1709143 0.1791770 0.1999081 0.1269270 0.1074895 0.1213745 0.0000000 0.1125822 0.1346634 0.0798308 0.1453969 0.1319147 0.1293658 0.1267777 0.1180624 0.1078244 0.1623310 0.1609540 0.0609157 0.1365974 0.1145190 0.1128537 0.1067365 0.1326517 0.1203156 0.1281635 0.1598423 0.1861185 0.1353049 0.1175167 0.1393661 0.1128537 0.1387653 0.1269597 0.1729414 0.1251041 0.1298573 0.1418777 0.1145190 0.1240174 0.1669519 0.1513064 0.1588476 0.1481944 0.1616552 0.1267961 0.1347073 0.1122002 0.1539239 0.1228009 0.1155788 0.1102614 0.1495751 0.1699365 0.1812278 0.1631161 0.1047142 0.1431692 0.1574881 0.1589191 0.1213289 0.1359820 0.1660495 0.1304290 0.1584877 0.1089629 0.1687846 0.1252500 0.0742255 0.1835047 0.1693256 0.1364500 0.0942714 0.1468187 0.0986778 0.1581964 0.1019276 0.1261046 
S0419      0.1001491 0.0936540 0.0803506 0.1467635 0.1321440 0.1558189 0.1230980 0.0775278 0.0998269 0.1125822 0.0000000 0.0668205 0.0930093 0.1195660 0.1074018 0.0989374 0.1275560 0.1031202 0.0793328 0.1485336 0.1203870 0.0683205 0.1276508 0.0855069 0.0050830 0.0909168 0.0840186 0.0786809 0.0730839 0.1378437 0.1426947 0.0964062 0.0811669 0.1007538 0.0050830 0.1003261 0.0847169 0.1185659 0.1010268 0.1058121 0.1024521 0.0855069 0.1134338 0.1284520 0.1279097 0.1350427 0.1185600 0.1382161 0.1019074 0.1146408 0.0805755 0.1180423 0.0928231 0.0862413 0.0870505 0.1233350 0.1167122 0.1123533 0.1419354 0.0883066 0.1202671 0.1591235 0.1125164 0.0917738 0.1116793 0.0991359 0.1062645 0.1488239 0.0992287 0.1440310 0.1073954 0.0796947 0.1135478 0.1205989 0.1275029 0.0607529 0.0965641 0.0668524 0.0924899 0.1123060 0.0720539 
S0552sl    0.1213653 0.1077969 0.0938621 0.1525710 0.1527824 0.1428735 0.0964337 0.0849092 0.1141532 0.1346634 0.0668205 0.0000000 0.1141388 0.1487110 0.1221481 0.1131009 0.1269857 0.1184943 0.0926876 0.1655030 0.1675794 0.0882049 0.1431298 0.0862807 0.0608029 0.0916931 0.0973124 0.0206713 0.0154984 0.1725245 0.1834252 0.0826243 0.0681935 0.1458610 0.0608029 0.1452364 0.0535605 0.1063044 0.1155647 0.0808626 0.1411134 0.0862807 0.1423486 0.1440042 0.1433653 0.1507767 0.1403752 0.1395818 0.1164914 0.1499264 0.1007693 0.1398250 0.0936817 0.0999547 0.0865988 0.1293567 0.1046592 0.0808839 0.1478276 0.1159569 0.1214444 0.1775050 0.1271765 0.0926133 0.0995416 0.1133562 0.1208158 0.1405361 0.1133821 0.1500078 0.1361168 0.0807285 0.1261816 0.1358183 0.1429033 0.0545111 0.1103165 0.0796731 0.1064351 0.1180150 0.0849519 
S0558      0.1225500 0.0899971 0.0889479 0.1896067 0.1828601 0.1612481 0.1067920 0.0603307 0.0817066 0.0798308 0.0930093 0.1141388 0.0000000 0.1305322 0.0760170 0.0759716 0.1290673 0.1042968 0.0691206 0.1461656 0.1874893 0.0621145 0.1176865 0.0753496 0.0932368 0.0872568 0.1124780 0.1003667 0.1077865 0.1162864 0.2145272 0.1207444 0.1037441 0.1646527 0.0932368 0.1639382 0.1068101 0.1508442 0.0762367 0.1229241 0.1677375 0.0753496 0.1015101 0.1625608 0.1542080 0.1619305 0.1582030 0.1500020 0.1121790 0.1258484 0.0739027 0.1329187 0.0826213 0.0760037 0.0824112 0.0909993 0.1341411 0.1441424 0.1850046 0.0765636 0.1458630 0.1535149 0.1372070 0.0819441 0.1290301 0.1441113 0.0818581 0.1690489 0.0875572 0.1799097 0.0954625 0.0560421 0.1373525 0.1687955 0.1462291 0.0811688 0.1261366 0.0938643 0.1204182 0.1019366 0.1061151 
S0620      0.1101065 0.1099440 0.1228499 0.1595310 0.1522789 0.1530512 0.1132057 0.0865629 0.1164371 0.1453969 0.1195660 0.1487110 0.1305322 0.0000000 0.1166695 0.1018067 0.1326939 0.1480276 0.0944651 0.0578587 0.1807040 0.1457765 0.1389024 0.1009906 0.1127336 0.1065661 0.1325063 0.1339762 0.1421183 0.1417341 0.1825931 0.1347629 0.1315726 0.1656020 0.1127336 0.1806214 0.1268910 0.1432917 0.1022173 0.1586200 0.1687192 0.1009906 0.1308483 0.1260702 0.1253351 0.1326678 0.1298459 0.1363090 0.0162572 0.0188730 0.1164414 0.1498452 0.1089089 0.1019045 0.1266264 0.1570486 0.1411482 0.1740908 0.1405552 0.1253376 0.1529519 0.1567546 0.1233556 0.0943882 0.1648137 0.1510216 0.1232497 0.1545661 0.1438308 0.1724989 0.1390150 0.1020946 0.1382507 0.1382167 0.1393675 0.1003889 0.1326885 0.1344835 0.1434042 0.1438357 0.1124845 
S0641      0.1470274 0.0386077 0.0440979 0.1996084 0.2022474 0.1950699 0.1282870 0.0285520 0.0384623 0.1319147 0.1074018 0.1221481 0.0760170 0.1166695 0.0000000 0.0381587 0.1560578 0.1450483 0.0212470 0.1386627 0.1815591 0.1046096 0.0625289 0.0267181 0.1006559 0.1145447 0.1203337 0.1080083 0.1156703 0.0983770 0.1918535 0.1293676 0.1117210 0.1586719 0.1006559 0.1579738 0.1145965 0.1598882 0.0383044 0.1312883 0.1616629 0.0267181 0.0494878 0.1542953 0.1634360 0.1713680 0.1673385 0.1595433 0.0984878 0.1258982 0.0384598 0.1591456 0.0326012 0.0269241 0.0755678 0.0447050 0.1219916 0.1536631 0.1877517 0.0272843 0.1548128 0.1824466 0.1458545 0.0378603 0.1374857 0.1530138 0.0378250 0.1715071 0.0490748 0.1899705 0.0439306 0.0897305 0.1548770 0.1784858 0.1552224 0.0883585 0.1343375 0.1084215 0.1452680 0.1311112 0.1138331 
S0643      0.1149010 0.0323563 0.0377272 0.1692081 0.1702192 0.1560763 0.1057808 0.0166519 0.0209297 0.1293658 0.0989374 0.1131009 0.0759716 0.1018067 0.0381587 0.0000000 0.1287456 0.1346096 0.0155979 0.1221221 0.1699469 0.0896852 0.0555278 0.0209180 0.0924236 0.0928282 0.1049245 0.0994759 0.1068118 0.1056346 0.1640359 0.1120953 0.1027892 0.1478854 0.0924236 0.1472449 0.1058543 0.1422131 0.0325816 0.1149056 0.1505926 0.0209180 0.0552824 0.1338248 0.1355576 0.1428213 0.1467591 0.1389518 0.0840459 0.0999708 0.0322349 0.1415813 0.0265756 0.0102683 0.0546241 0.0567996 0.1125307 0.1427851 0.1645442 0.0444781 0.1278022 0.1616130 0.1197851 0.0209008 0.1209291 0.1356070 0.0434608 0.1569066 0.0548168 0.1670519 0.0615372 0.0753465 0.1444124 0.1488468 0.1351240 0.0804689 0.1182702 0.0933569 0.1282714 0.1216394 0.0986870 
S0645sl    0.1219151 0.1400939 0.1457250 0.0425199 0.0558721 0.1909151 0.1194340 0.1089041 0.1299948 0.1267777 0.1275560 0.1269857 0.1290673 0.1326939 0.1560578 0.1287456 0.0000000 0.1340901 0.1229132 0.1801679 0.1870444 0.1206787 0.1790118 0.1298763 0.1278638 0.1355491 0.1136629 0.1129241 0.1205727 0.1771033 0.1973478 0.1346277 0.1169447 0.1642733 0.1278638 0.1635615 0.1128774 0.1677626 0.1641835 0.1534262 0.1673427 0.1298763 0.1779361 0.0496467 0.0612775 0.0673463 0.0601800 0.0371720 0.1136622 0.1540138 0.1365473 0.1205946 0.1386778 0.1150258 0.1244767 0.1564506 0.1798191 0.1685751 0.0487446 0.1417949 0.0441462 0.1560007 0.0734729 0.1369686 0.1597001 0.1607136 0.1542215 0.0318796 0.1458622 0.0867781 0.1713486 0.1008117 0.1363893 0.1676727 0.0610919 0.0999687 0.1275097 0.1130480 0.1528338 0.1499427 0.1207543 
S0689      0.1059357 0.1278460 0.1203038 0.1815436 0.1911191 0.1726359 0.1177171 0.1118963 0.1359869 0.1180624 0.1031202 0.1184943 0.1042968 0.1480276 0.1450483 0.1346096 0.1340901 0.0000000 0.1120041 0.1655320 0.2128729 0.0979681 0.1682204 0.1190080 0.1033797 0.1107397 0.1237235 0.0972752 0.1118712 0.1638951 0.2424865 0.1256654 0.1077480 0.1779413 0.1033797 0.1874040 0.1108132 0.1393426 0.1378208 0.1183996 0.1919921 0.1190080 0.1439046 0.1614889 0.1528656 0.1608835 0.1570590 0.1486484 0.1289649 0.1361197 0.1257439 0.1286439 0.1277392 0.1201605 0.0820207 0.1371769 0.1441812 0.1547638 0.1686276 0.1158990 0.1366338 0.1419540 0.1352683 0.1261416 0.1106469 0.1325631 0.1433193 0.1603959 0.1131753 0.1795981 0.1372893 0.0768882 0.1566582 0.1648266 0.1523411 0.0840824 0.1382091 0.0973091 0.1250590 0.1345119 0.1100607 
S0690      0.1150121 0.0157700 0.0210194 0.1634285 0.1641664 0.1655767 0.0985287 0.0054352 0.0157132 0.1078244 0.0793328 0.0926876 0.0691206 0.0944651 0.0212470 0.0155979 0.1229132 0.1120041 0.0000000 0.1139363 0.1533638 0.0758016 0.0378666 0.0051020 0.0731237 0.0858413 0.0914005 0.0797426 0.0866074 0.0911171 0.1626133 0.0978082 0.0822994 0.1320323 0.0731237 0.1314616 0.0858666 0.1271005 0.0268030 0.1006543 0.1343955 0.0051020 0.0491068 0.1280600 0.1297219 0.1369711 0.1410235 0.1332512 0.0769429 0.0989057 0.0157118 0.1265533 0.0103668 0.0051388 0.0476836 0.0443563 0.0986357 0.1276190 0.1586721 0.0270799 0.1220146 0.1617943 0.1140623 0.0154837 0.1065745 0.1206664 0.0264759 0.1510576 0.0374018 0.1610959 0.0435939 0.0624679 0.1220556 0.1436099 0.1293040 0.0615559 0.1042942 0.0800387 0.1136122 0.1071997 0.0853375 
S0724sl    0.1099598 0.1313169 0.1452751 0.2269816 0.2220777 0.1632891 0.1269882 0.1168223 0.1383637 0.1623310 0.1485336 0.1655030 0.1461656 0.0578587 0.1386627 0.1221221 0.1801679 0.1655320 0.1139363 0.0000000 0.1634837 0.1628137 0.1632638 0.1210572 0.1409440 0.1198217 0.1330874 0.1494822 0.1584351 0.1789226 0.1939327 0.1433211 0.1397034 0.1641528 0.1409440 0.1634124 0.1567880 0.1597446 0.1326661 0.1607309 0.1673488 0.1210572 0.1465449 0.1792145 0.1881466 0.1967799 0.1757882 0.1757147 0.0470859 0.0532568 0.1383733 0.1667648 0.1299596 0.1222481 0.1432057 0.1755219 0.1422178 0.1768629 0.1892661 0.1475176 0.1706425 0.1641420 0.1846966 0.1138412 0.1672735 0.1525885 0.1458193 0.2050162 0.1604617 0.2086676 0.1555323 0.1010458 0.1545237 0.1473213 0.2043786 0.1132197 0.1332025 0.1351025 0.1445324 0.1449901 0.1119346 
S0735      0.1650312 0.1723995 0.1676854 0.2321752 0.2189087 0.2402922 0.1894340 0.1557040 0.1717561 0.1609540 0.1203870 0.1675794 0.1874893 0.1807040 0.1815591 0.1699469 0.1870444 0.2128729 0.1533638 0.1634837 0.0000000 0.1422822 0.1822155 0.1607783 0.1134929 0.1516056 0.1501588 0.1668738 0.1606830 0.2198831 0.0494098 0.1864606 0.1653254 0.0211910 0.1134929 0.0155185 0.1741637 0.1853511 0.1740587 0.1784194 0.0215099 0.1607783 0.1690944 0.2039298 0.1861026 0.1943198 0.1523263 0.2049935 0.1683141 0.2050368 0.1796367 0.1612146 0.1705354 0.1548313 0.1538453 0.2023405 0.1743649 0.1688121 0.1989836 0.1589527 0.1926456 0.1929835 0.1745164 0.1683489 0.1848204 0.1474900 0.1793347 0.2026098 0.1401965 0.1898207 0.1742453 0.1623334 0.1966098 0.1904694 0.1942257 0.1381746 0.1431381 0.1307777 0.1546351 0.1626961 0.1220616 
S0742      0.1094720 0.0972307 0.0960809 0.1795479 0.1725366 0.1704860 0.1073519 0.0666287 0.0886308 0.0609157 0.0683205 0.0882049 0.0621145 0.1457765 0.1046096 0.0896852 0.1206787 0.0979681 0.0758016 0.1628137 0.1422822 0.0000000 0.1255178 0.0821487 0.0684912 0.0877418 0.0934429 0.0878640 0.0820335 0.1525092 0.1671095 0.0916005 0.0763316 0.1207975 0.0684912 0.1202597 0.0942084 0.1302041 0.0980318 0.1097596 0.1229921 0.0821487 0.1108496 0.1605132 0.1449643 0.1524693 0.1563300 0.1554282 0.1271037 0.1423221 0.0805469 0.1268882 0.0896379 0.0828743 0.0610156 0.1048702 0.1349596 0.1306336 0.1749043 0.0849243 0.1369029 0.1385908 0.1379865 0.0885935 0.1158516 0.1235910 0.1034667 0.1669839 0.0830422 0.1667269 0.1046038 0.0563040 0.1395169 0.1546482 0.1444925 0.0690100 0.1066839 0.0678492 0.1163260 0.1092767 0.0936062 
S0756      0.1618538 0.0562004 0.0491562 0.2236958 0.2276400 0.2268819 0.1493432 0.0465809 0.0559851 0.1365974 0.1276508 0.1431298 0.1176865 0.1389024 0.0625289 0.0555278 0.1790118 0.1682204 0.0378666 0.1632638 0.1822155 0.1255178 0.0000000 0.0435350 0.1206436 0.1351169 0.1409478 0.1284017 0.1365060 0.1485293 0.1841778 0.1517971 0.1329388 0.1708480 0.1206436 0.1594546 0.1351930 0.1824731 0.0688648 0.1383484 0.1740376 0.0435350 0.0794752 0.1840382 0.1866305 0.1948663 0.1981383 0.1891189 0.1202703 0.1445654 0.0559828 0.1816022 0.0498134 0.0438818 0.0964406 0.0892536 0.1495599 0.1737743 0.2069414 0.0634664 0.1697224 0.2206986 0.1680385 0.0550803 0.1592059 0.1754432 0.0434762 0.2105978 0.0799945 0.2230994 0.0812276 0.1097621 0.1621699 0.1784097 0.1860068 0.1014348 0.1554678 0.1288929 0.1673684 0.1602171 0.1342614 
S0763      0.1217985 0.0211512 0.0156583 0.1707544 0.1718508 0.1730151 0.1049473 0.0109368 0.0210745 0.1145190 0.0855069 0.0862807 0.0753496 0.1009906 0.0267181 0.0209180 0.1298763 0.1190080 0.0051020 0.1210572 0.1607783 0.0821487 0.0435350 0.0000000 0.0792189 0.0921122 0.0976882 0.0859549 0.0929470 0.0983200 0.1702187 0.1045968 0.0887368 0.1392115 0.0792189 0.1386119 0.0921422 0.1339693 0.0323567 0.1072381 0.1417181 0.0000010 0.0548869 0.1349942 0.1367587 0.1441012 0.1480542 0.1401591 0.0833794 0.1067525 0.0210727 0.1333874 0.0051487 0.0103373 0.0539979 0.0502088 0.0921812 0.1276190 0.1660630 0.0326915 0.1289147 0.1700010 0.1208062 0.0102542 0.1131827 0.1274836 0.0319585 0.1583361 0.0429951 0.1686216 0.0493383 0.0685644 0.1289597 0.1507955 0.1363175 0.0675589 0.1107402 0.0862743 0.1203304 0.1138514 0.0915679 
S0765      0.1001491 0.0871336 0.0865336 0.1395852 0.1391993 0.1484395 0.1163843 0.0710099 0.0932439 0.1128537 0.0050830 0.0608029 0.0932368 0.1127336 0.1006559 0.0924236 0.1278638 0.1033797 0.0731237 0.1409440 0.1134929 0.0684912 0.1206436 0.0792189 0.0000000 0.0846146 0.0778508 0.0725251 0.0669615 0.1297975 0.1354319 0.0896695 0.0747919 0.0941017 0.0000010 0.0937015 0.0784910 0.1117920 0.0943537 0.0991777 0.0956761 0.0792189 0.1066492 0.1213805 0.1208786 0.1279097 0.1117878 0.1312209 0.0951850 0.1146408 0.0805095 0.1179514 0.0863724 0.0798915 0.0870505 0.1162464 0.1100638 0.1056444 0.1347097 0.0817906 0.1133841 0.1509107 0.1057922 0.0854037 0.1050129 0.0925989 0.0996011 0.1415283 0.0926929 0.1366776 0.1006516 0.0798897 0.1067499 0.1136855 0.1204952 0.0548251 0.0902261 0.0727904 0.0860561 0.1188173 0.0660305 
S0795      0.0565243 0.1005240 0.1129715 0.1763241 0.1776834 0.1274187 0.0726868 0.0843618 0.1067782 0.1067365 0.0909168 0.0916931 0.0872568 0.1065661 0.1145447 0.0928282 0.1355491 0.1107397 0.0858413 0.1198217 0.1516056 0.0877418 0.1351169 0.0921122 0.0846146 0.0000000 0.0781322 0.0789047 0.0856823 0.1383961 0.1607112 0.0964242 0.0878579 0.1305494 0.0846146 0.1299907 0.0975318 0.1122057 0.0947760 0.0995465 0.1328585 0.0921122 0.0939598 0.1503165 0.1491425 0.1565638 0.1536094 0.1386965 0.0890393 0.1150470 0.1067808 0.1183856 0.0996175 0.0929146 0.0672113 0.1308814 0.1236702 0.1193707 0.1717291 0.0952120 0.1345445 0.0823606 0.1328498 0.0860503 0.1054006 0.1059596 0.1136800 0.1639888 0.0803941 0.1667271 0.1145356 0.0679145 0.1345172 0.1344027 0.1564116 0.0729388 0.1031727 0.0916848 0.1123448 0.1126951 0.0844407 
S0906      0.0932834 0.1062373 0.1120870 0.1459631 0.1458693 0.1386556 0.0966724 0.0902173 0.1058739 0.1326517 0.0840186 0.0973124 0.1124780 0.1325063 0.1203337 0.1049245 0.1136629 0.1237235 0.0914005 0.1330874 0.1501588 0.0934429 0.1409478 0.0976882 0.0778508 0.0781322 0.0000000 0.0844503 0.0912963 0.1612582 0.1742819 0.0894210 0.0808284 0.1293200 0.0778508 0.1287708 0.0905207 0.0843022 0.1138603 0.0724523 0.1315856 0.0976882 0.1263271 0.1277445 0.1412168 0.1484970 0.1383190 0.1239596 0.1147625 0.1370237 0.1124950 0.0659129 0.1052750 0.0921436 0.0936835 0.1368210 0.0953407 0.1035404 0.1555235 0.1142432 0.0997797 0.1424219 0.1253333 0.1040740 0.0780529 0.0663621 0.1190421 0.1339338 0.1117441 0.1439093 0.1340581 0.0734525 0.0792642 0.1050922 0.1407683 0.0663988 0.0421317 0.0725199 0.0603236 0.1318784 0.0541355 
S0960      0.1073743 0.0941635 0.0935008 0.1379993 0.1375468 0.1422926 0.0837146 0.0714969 0.1003761 0.1203156 0.0786809 0.0206713 0.1003667 0.1339762 0.1080083 0.0994759 0.1129241 0.0972752 0.0797426 0.1494822 0.1668738 0.0878640 0.1284017 0.0859549 0.0725251 0.0789047 0.0844503 0.0000000 0.0154453 0.1549674 0.1921544 0.0695911 0.0558691 0.1452557 0.0725251 0.1446359 0.0421745 0.0928765 0.1015905 0.0681242 0.1405208 0.0859549 0.1277226 0.1291417 0.1285924 0.1357748 0.1259715 0.1252697 0.1024247 0.1321254 0.1003777 0.1254930 0.0933228 0.0866977 0.0728888 0.1149922 0.1042597 0.0997588 0.1194445 0.1019462 0.1074016 0.1601197 0.1130890 0.0922616 0.0863406 0.0996774 0.1068570 0.1126031 0.0997181 0.1350857 0.1215801 0.0680294 0.1122288 0.1352691 0.1281812 0.0429046 0.0970750 0.0671535 0.0929866 0.1044479 0.0724143 
S0964      0.1149533 0.1014736 0.1007430 0.1460755 0.1459868 0.1507096 0.0904811 0.0785630 0.1077985 0.1281635 0.0730839 0.0154984 0.1077865 0.1421183 0.1156703 0.1068118 0.1205727 0.1118712 0.0866074 0.1584351 0.1606830 0.0820335 0.1365060 0.0929470 0.0669615 0.0856823 0.0912963 0.0154453 0.0000000 0.1549674 0.1858554 0.0764474 0.0622831 0.1390963 0.0669615 0.1384965 0.0480387 0.1049574 0.1091258 0.0748178 0.1342753 0.0929470 0.1357670 0.1373241 0.1367221 0.1440746 0.1338825 0.1331270 0.1100151 0.1419458 0.1078012 0.1333631 0.1005472 0.0937655 0.0801191 0.1228175 0.1115854 0.0939449 0.1251018 0.1095038 0.1150076 0.1601197 0.1207526 0.0993865 0.0933765 0.1205684 0.1144145 0.1340393 0.1070762 0.1433370 0.1295384 0.0747022 0.1198145 0.1435330 0.1362804 0.0488850 0.1041911 0.0737279 0.1135102 0.1117813 0.0790256 
S1052sl    0.1570207 0.1061773 0.1225330 0.2088035 0.2209922 0.2207916 0.1545412 0.0988574 0.1067238 0.1598423 0.1378437 0.1725245 0.1162864 0.1417341 0.0983770 0.1056346 0.1771033 0.1638951 0.0911171 0.1789226 0.2198831 0.1525092 0.1485293 0.0983200 0.1297975 0.1383961 0.1612582 0.1549674 0.1549674 0.0000000 0.2531057 0.1737974 0.1512827 0.1908596 0.1297975 0.1915498 0.1629425 0.1884892 0.1080569 0.1570149 0.1953109 0.0983200 0.1378791 0.1867907 0.1468085 0.1551835 0.1800543 0.1891941 0.1198132 0.1473029 0.1154028 0.2070837 0.1070539 0.0911171 0.1203062 0.1152220 0.1456653 0.1919816 0.1847278 0.1084767 0.1754741 0.1897742 0.1551101 0.1056527 0.1640191 0.1632780 0.1139708 0.1947862 0.1057960 0.1971001 0.1218347 0.1167844 0.2002394 0.2198690 0.1466515 0.1310328 0.1614866 0.1392216 0.1715977 0.1583808 0.1535076 
S1100      0.1591470 0.1823714 0.1772665 0.2435303 0.2160952 0.2604795 0.1995294 0.1736434 0.1816812 0.1861185 0.1426947 0.1834252 0.2145272 0.1825931 0.1918535 0.1640359 0.1973478 0.2424865 0.1626133 0.1939327 0.0494098 0.1671095 0.1841778 0.1702187 0.1354319 0.1607112 0.1742819 0.1921544 0.1858554 0.2531057 0.0000000 0.2136578 0.1997021 0.0503709 0.1354319 0.0436514 0.1997768 0.2120498 0.1841641 0.2048752 0.0448152 0.1702187 0.1787895 0.2147448 0.1963492 0.2047997 0.1767699 0.2154966 0.1700725 0.2177187 0.1897763 0.2026796 0.1803468 0.1642082 0.1811424 0.2310847 0.2162077 0.2189316 0.2094248 0.1765888 0.1869072 0.2189731 0.1842550 0.1624892 0.2113818 0.1722556 0.1813112 0.2133125 0.1645276 0.2003655 0.2009351 0.1797568 0.2156978 0.2088213 0.2046948 0.1620629 0.1669344 0.1542552 0.1797272 0.1801883 0.1447862 
S1128      0.1057021 0.1140052 0.1131231 0.1619024 0.1625899 0.1551995 0.1080655 0.0890150 0.1207623 0.1353049 0.0964062 0.0826243 0.1207444 0.1347629 0.1293676 0.1120953 0.1346277 0.1256654 0.0978082 0.1433211 0.1864606 0.0916005 0.1517971 0.1045968 0.0896695 0.0964242 0.0894210 0.0695911 0.0764474 0.1737974 0.2136578 0.0000000 0.0105480 0.1628715 0.0896695 0.1621393 0.0695266 0.1267981 0.1146588 0.0905217 0.1649615 0.1045968 0.1354288 0.1607883 0.1600001 0.1680747 0.1564054 0.1554622 0.1157850 0.1302059 0.1207676 0.1334750 0.1128858 0.1055811 0.0749670 0.1297053 0.1388701 0.1344705 0.1569685 0.1227807 0.1360997 0.1335055 0.1495760 0.1042133 0.1033610 0.1200355 0.1278662 0.1491211 0.1198923 0.1672950 0.1442974 0.0829188 0.1264454 0.1330097 0.1594540 0.0452407 0.1028998 0.0839735 0.1126319 0.1221031 0.0830220 
S1129sl    0.1032986 0.0973134 0.0966021 0.1430178 0.1427826 0.1550174 0.0992173 0.0732593 0.1037550 0.1175167 0.0811669 0.0681935 0.1037441 0.1315726 0.1117210 0.1027892 0.1169447 0.1077480 0.0822994 0.1397034 0.1653254 0.0763316 0.1329388 0.0887368 0.0747919 0.0878579 0.0808284 0.0558691 0.0622831 0.1512827 0.1997021 0.0105480 0.0000000 0.1430231 0.0747919 0.1423911 0.0617779 0.1095932 0.1050567 0.0754682 0.1456784 0.0887368 0.1322062 0.1412522 0.1406100 0.1482134 0.1375998 0.1368001 0.1130526 0.1277349 0.1037571 0.1228719 0.0964112 0.0895314 0.0680411 0.1120082 0.1145267 0.1099789 0.1380533 0.1054328 0.1181645 0.1300531 0.1310802 0.0952768 0.0813719 0.1099205 0.1104858 0.1306898 0.1030485 0.1475404 0.1258393 0.0765223 0.1161301 0.1400966 0.1401433 0.0384134 0.0937549 0.0692538 0.1028522 0.1146867 0.0746737 
S1148      0.1428829 0.1499697 0.1562354 0.2083404 0.1943776 0.2047423 0.1595435 0.1330911 0.1418069 0.1393661 0.1007538 0.1458610 0.1646527 0.1656020 0.1586719 0.1478854 0.1642733 0.1779413 0.1320323 0.1641528 0.0211910 0.1207975 0.1708480 0.1392115 0.0941017 0.1305494 0.1293200 0.1452557 0.1390963 0.1908596 0.0503709 0.1628715 0.1430231 0.0000000 0.0941017 0.0157984 0.1523479 0.1535894 0.1513841 0.1469138 0.0000026 0.1392115 0.1575552 0.1805095 0.1634336 0.1713621 0.1604323 0.1822482 0.1521255 0.1846422 0.1570313 0.1454735 0.1484037 0.1332571 0.1291630 0.1679208 0.1582874 0.1542847 0.1762205 0.1367561 0.1699394 0.1662634 0.1451904 0.1465307 0.1532011 0.1178055 0.1567709 0.1693423 0.1190895 0.1825939 0.1515558 0.1405355 0.1559830 0.1576817 0.1712871 0.1174108 0.1224999 0.1242694 0.1246004 0.1481903 0.1021053 
S1177      0.1001491 0.0871336 0.0865336 0.1395852 0.1391993 0.1484395 0.1163843 0.0710099 0.0932439 0.1128537 0.0050830 0.0608029 0.0932368 0.1127336 0.1006559 0.0924236 0.1278638 0.1033797 0.0731237 0.1409440 0.1134929 0.0684912 0.1206436 0.0792189 0.0000010 0.0846146 0.0778508 0.0725251 0.0669615 0.1297975 0.1354319 0.0896695 0.0747919 0.0941017 0.0000000 0.0937015 0.0784910 0.1117920 0.0943537 0.0991777 0.0956761 0.0792189 0.1066492 0.1213805 0.1208786 0.1279097 0.1117878 0.1312209 0.0951850 0.1146408 0.0805095 0.1179514 0.0863724 0.0798915 0.0870505 0.1162464 0.1100638 0.1056444 0.1347097 0.0817906 0.1133841 0.1509107 0.1057922 0.0854037 0.1050129 0.0925989 0.0996011 0.1415283 0.0926929 0.1366776 0.1006516 0.0798897 0.1067499 0.1136855 0.1204952 0.0548251 0.0902261 0.0727904 0.0860561 0.1188173 0.0660305 
S1180      0.1422553 0.1493113 0.1453598 0.2074669 0.2019493 0.2316757 0.1817382 0.1324834 0.1487606 0.1387653 0.1003261 0.1452364 0.1639382 0.1806214 0.1579738 0.1472449 0.1635615 0.1874040 0.1314616 0.1634124 0.0155185 0.1202597 0.1594546 0.1386119 0.0937015 0.1299907 0.1287708 0.1446359 0.1384965 0.1915498 0.0436514 0.1621393 0.1423911 0.0157984 0.0937015 0.0000000 0.1517008 0.1775489 0.1507150 0.1552934 0.0160345 0.1386119 0.1465439 0.1877579 0.1782679 0.1863801 0.1449489 0.1814849 0.1682404 0.2049119 0.1563469 0.1689270 0.1477594 0.1326762 0.1378387 0.1774987 0.1667241 0.1611654 0.1754739 0.1361472 0.1692131 0.1668085 0.1669678 0.1459011 0.1616469 0.1401257 0.1560887 0.1786168 0.1185668 0.1658827 0.1508848 0.1399253 0.1885558 0.1824206 0.1705491 0.1169019 0.1360358 0.1098047 0.1471981 0.1551526 0.1152093 
S1189      0.1138972 0.1005617 0.0934888 0.1379432 0.1374883 0.1493108 0.1085778 0.0713826 0.1068217 0.1269597 0.0847169 0.0535605 0.1068101 0.1268910 0.1145965 0.1058543 0.1128774 0.1108132 0.0858666 0.1567880 0.1741637 0.0942084 0.1351930 0.0921422 0.0784910 0.0975318 0.0905207 0.0421745 0.0480387 0.1629425 0.1997768 0.0695266 0.0617779 0.1523479 0.0784910 0.1517008 0.0000000 0.1123990 0.1081231 0.0867569 0.1476778 0.0921422 0.1344697 0.1360691 0.1354799 0.1427479 0.1326964 0.1319541 0.1160038 0.1404649 0.1068242 0.1185951 0.0996541 0.0929454 0.0663807 0.1148807 0.1105919 0.1129657 0.1331114 0.1084951 0.1276502 0.1680007 0.1197022 0.0985150 0.0925632 0.1194552 0.1133656 0.1260680 0.1061137 0.1563990 0.1283063 0.0740742 0.1121227 0.1280890 0.1350463 0.0428681 0.1032837 0.0731165 0.1124782 0.1173877 0.0783699 
S1201sl    0.1441212 0.1441312 0.1502654 0.2033038 0.1977443 0.0669016 0.1188639 0.1135124 0.1436179 0.1729414 0.1185659 0.1063044 0.1508442 0.1432917 0.1598882 0.1422131 0.1677626 0.1393426 0.1271005 0.1597446 0.1853511 0.1302041 0.1824731 0.1339693 0.1117920 0.1122057 0.0843022 0.0928765 0.1049574 0.1884892 0.2120498 0.1267981 0.1095932 0.1535894 0.1117920 0.1775489 0.1123990 0.0000000 0.1528489 0.0916335 0.1657925 0.1339693 0.1661637 0.1761148 0.1600648 0.1678088 0.1714583 0.1779407 0.1238660 0.1401808 0.1364303 0.0724803 0.1426948 0.1282290 0.1159579 0.1671337 0.1087584 0.0980908 0.1571149 0.1533281 0.1740617 0.1681293 0.1429346 0.1409661 0.0973671 0.0428216 0.1580381 0.1749451 0.1425834 0.2028172 0.1569174 0.1212598 0.0862467 0.0609592 0.1747333 0.0995443 0.0662435 0.1062901 0.0371639 0.1570079 0.0673114 
S1211      0.1255882 0.0445412 0.0500745 0.2082534 0.2113641 0.1861642 0.1080453 0.0286488 0.0443718 0.1251041 0.1010268 0.1155647 0.0762367 0.1022173 0.0383044 0.0325816 0.1641835 0.1378208 0.0268030 0.1326661 0.1740587 0.0980318 0.0688648 0.0323567 0.0943537 0.0947760 0.1138603 0.1015905 0.1091258 0.1080569 0.1841641 0.1146588 0.1050567 0.1513841 0.0943537 0.1507150 0.1081231 0.1528489 0.0000000 0.1245047 0.1542247 0.0323567 0.0438214 0.1693051 0.1716670 0.1797284 0.1754537 0.1744791 0.0995290 0.1001027 0.0443693 0.1521449 0.0383894 0.0326096 0.0621906 0.0507734 0.1218398 0.1534671 0.2037888 0.0388313 0.1628533 0.1656480 0.1536820 0.0323291 0.1306909 0.1460170 0.0436258 0.1870858 0.0434579 0.1987467 0.0498822 0.0769099 0.1477877 0.1628370 0.1633009 0.0821303 0.1277195 0.1019796 0.1383651 0.1173014 0.1074097 
S1214sl    0.1304889 0.1164072 0.1224742 0.1885204 0.1905415 0.1336209 0.1061344 0.0999304 0.1159953 0.1298573 0.1058121 0.0808626 0.1229241 0.1586200 0.1312883 0.1149056 0.1534262 0.1183996 0.1006543 0.1607309 0.1784194 0.1097596 0.1383484 0.1072381 0.0991777 0.0995465 0.0724523 0.0681242 0.0748178 0.1570149 0.2048752 0.0905217 0.0754682 0.1469138 0.0991777 0.1552934 0.0867569 0.0916335 0.1245047 0.0000000 0.1512224 0.1072381 0.1520937 0.1692328 0.1684175 0.1763088 0.1647324 0.1637694 0.1314077 0.1495624 0.1229478 0.1104992 0.1062889 0.1015111 0.0744243 0.1382715 0.0660696 0.0734007 0.1839221 0.1180370 0.1378305 0.1706114 0.1508484 0.1139326 0.0434743 0.0983207 0.1298152 0.1757878 0.1220847 0.1868606 0.1457162 0.0756063 0.1260854 0.1132510 0.1678624 0.0744475 0.0972960 0.0808583 0.0917402 0.1290788 0.0862155 
S1223      0.1455179 0.1527569 0.1591294 0.2123002 0.1871298 0.2197135 0.1624342 0.1356150 0.1444139 0.1418777 0.1024521 0.1411134 0.1677375 0.1687192 0.1616629 0.1505926 0.1673427 0.1919921 0.1343955 0.1673488 0.0215099 0.1229921 0.1740376 0.1417181 0.0956761 0.1328585 0.1315856 0.1405208 0.1342753 0.1953109 0.0448152 0.1649615 0.1456784 0.0000026 0.0956761 0.0160345 0.1476778 0.1657925 0.1542247 0.1512224 0.0000000 0.1417181 0.1605004 0.1839406 0.1664749 0.1745746 0.1633555 0.1856095 0.1561529 0.1905989 0.1599582 0.1572356 0.1511282 0.1356671 0.1403103 0.1817793 0.1704936 0.1665483 0.1794860 0.1392945 0.1730941 0.1699176 0.1477984 0.1491861 0.1653417 0.1283816 0.1596883 0.1724750 0.1212181 0.1861106 0.1544022 0.1413766 0.1604536 0.1703810 0.1744957 0.1194778 0.1246357 0.1264693 0.1354649 0.1509091 0.1038525 
S1227      0.1217985 0.0211512 0.0156583 0.1707544 0.1718508 0.1730151 0.1049473 0.0109368 0.0210745 0.1145190 0.0855069 0.0862807 0.0753496 0.1009906 0.0267181 0.0209180 0.1298763 0.1190080 0.0051020 0.1210572 0.1607783 0.0821487 0.0435350 0.0000010 0.0792189 0.0921122 0.0976882 0.0859549 0.0929470 0.0983200 0.1702187 0.1045968 0.0887368 0.1392115 0.0792189 0.1386119 0.0921422 0.1339693 0.0323567 0.1072381 0.1417181 0.0000000 0.0548869 0.1349942 0.1367587 0.1441012 0.1480542 0.1401591 0.0833794 0.1067525 0.0210727 0.1333874 0.0051487 0.0103373 0.0539979 0.0502088 0.0921812 0.1276190 0.1660630 0.0326915 0.1289147 0.1700010 0.1208062 0.0102542 0.1131827 0.1274836 0.0319585 0.1583361 0.0429951 0.1686216 0.0493383 0.0685644 0.1289597 0.1507955 0.1363175 0.0675589 0.1107402 0.0862743 0.1203304 0.1138514 0.0915679 
S1235sl    0.1104694 0.0680342 0.0605865 0.2061199 0.2437241 0.2000891 0.1070381 0.0525488 0.0677719 0.1240174 0.1134338 0.1423486 0.1015101 0.1308483 0.0494878 0.0552824 0.1779361 0.1439046 0.0491068 0.1465449 0.1690944 0.1108496 0.0794752 0.0548869 0.1066492 0.0939598 0.1263271 0.1277226 0.1357670 0.1378791 0.1787895 0.1354288 0.1322062 0.1575552 0.1066492 0.1465439 0.1344697 0.1661637 0.0438214 0.1520937 0.1605004 0.0548869 0.0000000 0.1829374 0.1854963 0.1936655 0.1890339 0.1879937 0.1124506 0.1346303 0.0677702 0.1362742 0.0614110 0.0553311 0.0749877 0.0503443 0.1487385 0.1727684 0.2180157 0.0271645 0.1764770 0.1393050 0.1670643 0.0548390 0.1437614 0.1592953 0.0665904 0.2010618 0.0431270 0.2131192 0.0379978 0.1024232 0.1612300 0.1764937 0.1769859 0.1075120 0.1403869 0.1282086 0.1515128 0.1302431 0.1198151 
S1239      0.1381120 0.1452798 0.1441276 0.0605639 0.0562115 0.1839061 0.1430127 0.1063097 0.1351178 0.1669519 0.1284520 0.1440042 0.1625608 0.1260702 0.1542953 0.1338248 0.0496467 0.1614889 0.1280600 0.1792145 0.2039298 0.1605132 0.1840382 0.1349942 0.1213805 0.1503165 0.1277445 0.1291417 0.1373241 0.1867907 0.2147448 0.1607883 0.1412522 0.1805095 0.1213805 0.1877579 0.1360691 0.1761148 0.1693051 0.1692328 0.1839406 0.1349942 0.1829374 0.0000000 0.0496103 0.0555378 0.0544980 0.0372353 0.1070602 0.1379925 0.1521013 0.1306794 0.1438168 0.1201599 0.1578743 0.1803955 0.1806536 0.1617086 0.0554471 0.1558682 0.0620169 0.1996521 0.0615262 0.1491207 0.1755764 0.1689605 0.1667079 0.0495384 0.1509689 0.0806872 0.1764193 0.1387304 0.1542480 0.1760166 0.0553169 0.1223986 0.1349223 0.1274396 0.1609138 0.1844425 0.1211037 
S1245      0.1299412 0.1548241 0.1460559 0.0722586 0.0754545 0.1829420 0.1352860 0.1159375 0.1368861 0.1513064 0.1279097 0.1433653 0.1542080 0.1253351 0.1634360 0.1355576 0.0612775 0.1528656 0.1297219 0.1881466 0.1861026 0.1449643 0.1866305 0.1367587 0.1208786 0.1491425 0.1412168 0.1285924 0.1367221 0.1468085 0.1963492 0.1600001 0.1406100 0.1634336 0.1208786 0.1782679 0.1354799 0.1600648 0.1716670 0.1684175 0.1664749 0.1367587 0.1854963 0.0496103 0.0000000 0.0050533 0.0429121 0.0656499 0.1064502 0.1475040 0.1541630 0.1445110 0.1457353 0.1216932 0.1581431 0.1829838 0.1796711 0.1684276 0.0671635 0.1490305 0.0740164 0.1890117 0.0208709 0.1439296 0.1747246 0.1456512 0.1614985 0.0731681 0.1306664 0.0607655 0.1710711 0.1238286 0.1610758 0.1599819 0.0209305 0.1218869 0.1273854 0.1269072 0.1457864 0.1605134 0.1004575 
S1246      0.1371880 0.1625842 0.1536269 0.0783878 0.0818912 0.1909902 0.1425369 0.1234003 0.1442384 0.1588476 0.1350427 0.1507767 0.1619305 0.1326678 0.1713680 0.1428213 0.0673463 0.1608835 0.1369711 0.1967799 0.1943198 0.1524693 0.1948663 0.1441012 0.1279097 0.1565638 0.1484970 0.1357748 0.1440746 0.1551835 0.2047997 0.1680747 0.1482134 0.1713621 0.1279097 0.1863801 0.1427479 0.1678088 0.1797284 0.1763088 0.1745746 0.1441012 0.1936655 0.0555378 0.0050533 0.0000000 0.0486258 0.0716346 0.1136352 0.1568103 0.1618865 0.1520001 0.1532845 0.1287740 0.1664457 0.1913508 0.1875404 0.1763030 0.0733076 0.1567794 0.0803134 0.1980298 0.0262764 0.1513708 0.1826357 0.1532165 0.1693163 0.0793831 0.1379864 0.0667829 0.1791031 0.1310563 0.1688698 0.1677188 0.0263512 0.1289895 0.1344865 0.1339696 0.1533532 0.1682691 0.1071931 
S1250sl    0.1346450 0.1587732 0.1574962 0.0709590 0.0802575 0.1942717 0.1607751 0.1278671 0.1481938 0.1481944 0.1185600 0.1403752 0.1582030 0.1298459 0.1673385 0.1467591 0.0601800 0.1570590 0.1410235 0.1757882 0.1523263 0.1563300 0.1981383 0.1480542 0.1117878 0.1536094 0.1383190 0.1259715 0.1338825 0.1800543 0.1767699 0.1564054 0.1375998 0.1604323 0.1117878 0.1449489 0.1326964 0.1714583 0.1754537 0.1647324 0.1633555 0.1480542 0.1890339 0.0544980 0.0429121 0.0486258 0.0000000 0.0644920 0.1112368 0.1526596 0.1656528 0.1558630 0.1571500 0.1329022 0.1725787 0.1866598 0.1611684 0.1501209 0.0659499 0.1531489 0.0726514 0.1848011 0.0543989 0.1552221 0.1709048 0.1650295 0.1653872 0.0600494 0.1424882 0.0433783 0.1748569 0.1352213 0.1725198 0.1713669 0.0316999 0.1194208 0.1385086 0.1110646 0.1572266 0.1426193 0.1115537 
S1251      0.1201983 0.1505148 0.1493262 0.0590024 0.0797883 0.1705182 0.1456479 0.1199175 0.1402877 0.1616552 0.1382161 0.1395818 0.1500020 0.1363090 0.1595433 0.1389518 0.0371720 0.1486484 0.1332512 0.1757147 0.2049935 0.1554282 0.1891189 0.1401591 0.1312209 0.1386965 0.1239596 0.1252697 0.1331270 0.1891941 0.2154966 0.1554622 0.1368001 0.1822482 0.1312209 0.1814849 0.1319541 0.1779407 0.1744791 0.1637694 0.1856095 0.1401591 0.1879937 0.0372353 0.0656499 0.0716346 0.0644920 0.0000000 0.1177624 0.1520531 0.1572922 0.1267079 0.1490046 0.1253357 0.1634417 0.1856044 0.1748617 0.1492529 0.0540117 0.1523701 0.0487964 0.1755292 0.0776720 0.1476540 0.1699097 0.1709855 0.1649907 0.0370930 0.1561264 0.0908134 0.1815437 0.1344511 0.1566630 0.1630252 0.0654552 0.1187574 0.1377363 0.1236773 0.1631467 0.1860413 0.1242384 
