132
PAFTOL_019361 0.0000000 0.1861521 0.1740092 0.2048583 0.1803098 0.2147288 0.2160438 0.1908015 0.1772496 0.2054404 0.2568859 0.2193836 0.2015473 0.2326197 0.2119130 0.2366805 0.2286972 0.2114470 0.2161335 0.1963974 0.1819357 0.1790264 0.2333112 0.2204479 0.2316220 0.1759962 0.2097344 0.2745505 0.2137915 0.2021262 0.1987275 0.2380480 0.2040211 0.2074174 0.2558293 0.1891567 0.1883768 0.2485287 0.1815608 0.2031700 0.1763911 0.1756477 0.2066178 0.2124285 0.2466303 0.2044679 0.2139610 0.1752307 0.1906227 0.2115336 0.1759962 0.1944282 0.1821872 0.1759962 0.2358273 0.1931142 0.1948954 0.1989538 0.1909916 0.2016263 0.1988218 0.2067731 0.2018836 0.2076875 0.2125893 0.1777323 0.1969744 0.2053375 0.2151743 0.1870613 0.2084744 0.2000481 0.1910980 0.1910980 0.2303187 0.1759962 0.2438231 0.2531088 0.2350421 0.2014165 0.2050373 0.1778970 3.2364954 0.1745502 0.2064560 0.1779829 0.2280923 0.1817556 0.1926580 0.2098442 0.1712057 0.2419886 0.1964087 0.2146967 0.2119130 0.1975786 0.2144386 0.2259793 0.2017064 0.1809003 0.1990600 0.1589239 0.1935263 0.2069816 0.1901417 0.1733443 0.1744422 0.2412185 0.2006449 0.1753284 0.2401383 0.2104387 0.1828630 0.1756477 0.2152329 0.2214733 0.2000512 0.2322440 0.1771757 0.1884787 0.2159249 0.1972660 0.2344704 0.2215351 0.2107884 0.2155746 0.1796431 0.2045526 0.2183918 0.2051592 0.2385935 0.1788236 
S0055         0.1861521 0.0000000 0.0900787 0.1113173 0.0629583 0.1026618 0.1143315 0.0955779 0.0557592 0.1132600 0.1361609 0.1346855 0.1151051 0.1255309 0.1390517 0.1240694 0.1103124 0.1189657 0.1364603 0.0717088 0.0590975 0.0628632 0.1257347 0.1166755 0.1216054 0.0772528 0.0959428 0.1443960 0.1371020 0.1126458 0.1138437 0.1104705 0.1181485 0.1323507 0.1236921 0.0800507 0.0651662 0.1346893 0.0954599 0.0983808 0.0955419 0.0570247 0.1023836 0.1370406 0.1962294 0.1192528 0.1349532 0.0864488 0.0610612 0.1198043 0.0749723 0.0613299 0.0794226 0.0795776 0.1261800 0.0941940 0.0950970 0.0882093 0.0954299 0.1009164 0.0961874 0.0767045 0.1217725 0.1109842 0.1165783 0.1105125 0.1034728 0.0859416 0.1879088 0.0884115 0.1247151 0.1148678 0.1132369 0.1198092 0.1884006 0.0772655 0.2138817 0.1319481 0.1097544 0.1182621 0.0634723 0.1109588 0.2983630 0.0635020 0.0866160 0.0803560 0.1115351 0.0890298 0.0953803 0.1399394 0.1020900 0.1395662 0.0983461 0.1351517 0.1256155 0.0653012 0.1084116 0.1280212 0.1103817 0.0670150 0.0618779 0.0294254 0.1071704 0.0799821 0.1005119 0.1018783 0.1080233 0.1182701 0.0889932 0.0836545 0.1214711 0.0840972 0.0977012 0.0571120 0.0977885 0.1004319 0.0635445 0.1194828 0.0725655 0.1074974 0.0634790 0.0860627 0.1250155 0.1185951 0.1064890 0.0715563 0.0961792 0.1123284 0.1055140 0.0903306 0.1016540 0.0993615 
S0196sl       0.1740092 0.0900787 0.0000000 0.0568607 0.0763804 0.1097199 0.0841816 0.0620177 0.0746424 0.1309192 0.1010365 0.1189769 0.0891692 0.0975466 0.1209237 0.0967858 0.0778524 0.0934617 0.1176558 0.0963825 0.0846791 0.0784966 0.1012656 0.1331617 0.0898655 0.0095264 0.1249332 0.1239614 0.1160736 0.0868547 0.0953948 0.1407687 0.0878329 0.1184495 0.0967416 0.0991849 0.0813208 0.1072684 0.0839778 0.1034329 0.0944422 0.0787363 0.0342507 0.1156194 0.2061356 0.1416752 0.1218620 0.0740730 0.0913660 0.1170777 0.0114543 0.0786745 0.0154199 0.0154546 0.1079481 0.0332147 0.0863322 0.0796628 0.0977045 0.0875933 0.0570508 0.0599189 0.1000628 0.1014536 0.0979195 0.1013046 0.1104537 0.0327010 0.1797637 0.0779971 0.0970911 0.0892532 0.0895037 0.0936346 0.1834254 0.0134380 0.1970883 0.1118502 0.0854145 0.0960170 0.0987031 0.0783025 0.2279494 0.0842792 0.1124761 0.0559687 0.0813635 0.0928046 0.0919450 0.1159654 0.0874741 0.1056030 0.0717450 0.1077937 0.1070408 0.0869601 0.0908178 0.0889896 0.0799844 0.0839515 0.0701019 0.0799713 0.0812477 0.0931847 0.0814650 0.0748095 0.0682247 0.0850465 0.0974450 0.0193880 0.0849014 0.0346586 0.1104979 0.0815829 0.0856357 0.0704915 0.1106270 0.0895970 0.0996860 0.1040347 0.1099158 0.0856900 0.0840566 0.0810902 0.1015979 0.0588763 0.0550563 0.0977301 0.0448761 0.0602048 0.1214529 0.0640890 
S0281         0.2048583 0.1113173 0.0568607 0.0000000 0.0999690 0.1150089 0.1076808 0.0771766 0.0936653 0.1211727 0.1139058 0.1319608 0.0894089 0.1097975 0.1385800 0.1162422 0.0888058 0.1052344 0.1307865 0.0959565 0.1030847 0.0998259 0.1198118 0.1488908 0.1070881 0.0456069 0.1176661 0.1421030 0.1265693 0.1008245 0.1146154 0.1491051 0.1010981 0.1343468 0.1181097 0.1240087 0.1026211 0.1217258 0.0976319 0.1132299 0.1075234 0.0975274 0.0537042 0.1317770 0.2235926 0.1606185 0.1399204 0.0852193 0.1195435 0.1251865 0.0436333 0.1051145 0.0475228 0.0476149 0.1328240 0.0535853 0.1070120 0.1078622 0.1125215 0.1036680 0.0773342 0.0849037 0.1225885 0.1226006 0.1167041 0.1160403 0.1186049 0.0568224 0.2132885 0.0948114 0.1383459 0.1045801 0.1096616 0.1136856 0.2051023 0.0456075 0.2312887 0.1338148 0.0889793 0.1315160 0.1217556 0.1059109 0.3278380 0.1023598 0.1156188 0.0856667 0.1004202 0.1084529 0.1124583 0.1293143 0.1067791 0.1254216 0.1008556 0.1292940 0.1162221 0.1028334 0.1198251 0.1019501 0.0928126 0.1090999 0.0915186 0.0892128 0.1042768 0.1187614 0.0936855 0.0864904 0.0909749 0.1067804 0.1039337 0.0513059 0.1053631 0.0585248 0.1226958 0.0955958 0.0969757 0.0768626 0.1170802 0.1078478 0.1224685 0.1112759 0.1219236 0.1042617 0.0991659 0.0899144 0.1170029 0.0851276 0.0841736 0.1220608 0.0683546 0.0654573 0.1263472 0.0902612 
S0282         0.1803098 0.0629583 0.0763804 0.0999690 0.0000000 0.0935276 0.0853662 0.0725775 0.0097677 0.0626559 0.1186479 0.1199289 0.0924841 0.0997032 0.1263272 0.0997341 0.0921869 0.0993939 0.1236712 0.0667949 0.0114551 0.0097013 0.1033944 0.1064919 0.0909682 0.0638676 0.0751502 0.1202932 0.1174361 0.0899945 0.0945052 0.1121287 0.0970623 0.1222205 0.1026294 0.0458307 0.0114013 0.1126820 0.0724314 0.0865932 0.0767874 0.0080580 0.0871451 0.1221768 0.1963341 0.0963241 0.1247086 0.0745796 0.0326405 0.1010745 0.0658009 0.0113213 0.0700635 0.0701985 0.1218243 0.0817532 0.0742082 0.0981640 0.0835346 0.0793694 0.0799776 0.0687501 0.1061394 0.0974023 0.0970118 0.0954137 0.0603648 0.0878051 0.1793471 0.0699572 0.1207899 0.0974537 0.0962725 0.0980174 0.1832080 0.0679866 0.2052038 0.1121182 0.0960735 0.1145097 0.0397503 0.0893464 0.2689704 0.0147859 0.0594741 0.0689385 0.0871857 0.0796825 0.0834941 0.1200714 0.0823284 0.1082565 0.0831020 0.1155422 0.1065443 0.0130978 0.1076582 0.1039562 0.0907013 0.0163685 0.0098442 0.0372199 0.0924848 0.0615380 0.0790836 0.0862647 0.0780993 0.0930082 0.0484918 0.0741420 0.0897982 0.0912305 0.0987935 0.0097301 0.0978135 0.0850898 0.0418297 0.0963740 0.0380551 0.0902184 0.0380545 0.0658030 0.0948967 0.0978201 0.0964907 0.0731271 0.0825895 0.1047977 0.0881183 0.0823317 0.0874650 0.0842248 
S0288         0.2147288 0.1026618 0.1097199 0.1150089 0.0935276 0.0000000 0.1136890 0.1036681 0.0924273 0.1155322 0.1349875 0.0342928 0.0668837 0.1355771 0.0413784 0.1358617 0.1146113 0.1293313 0.0443910 0.0856739 0.1000212 0.0997235 0.1309980 0.1480589 0.1197792 0.1009766 0.0981392 0.1530220 0.0200371 0.1208963 0.1173711 0.1367645 0.0984956 0.0416170 0.1391408 0.0941884 0.0934976 0.1507622 0.1109266 0.1154443 0.1001986 0.0934352 0.1106378 0.0365677 0.1885906 0.1474308 0.0341754 0.0745484 0.0987005 0.1139016 0.0977017 0.0975483 0.1010962 0.1043232 0.1300785 0.0978219 0.1229641 0.0735399 0.1248384 0.1212266 0.0895295 0.0536642 0.1269456 0.1337844 0.1244923 0.1091823 0.1178598 0.1070056 0.1406168 0.0970046 0.0886449 0.0913725 0.0998075 0.1017403 0.1693994 0.0977017 0.1807930 0.1476256 0.1136517 0.0877367 0.0926008 0.1226027 0.2235708 0.0997641 0.1100091 0.0774277 0.1231706 0.1187763 0.1217557 0.0247788 0.1199579 0.1395651 0.0931696 0.0154265 0.0248259 0.1028837 0.0893188 0.1320777 0.1173575 0.1055438 0.0861010 0.0734628 0.1361697 0.1175289 0.1085373 0.1140325 0.1186072 0.1148769 0.0939278 0.1069252 0.1216093 0.1095266 0.1186362 0.0934352 0.1257431 0.1010712 0.1003013 0.1341440 0.1059501 0.1221439 0.1015248 0.1058534 0.1388433 0.1208911 0.1263465 0.0979753 0.0933259 0.1115835 0.1229511 0.0978512 0.0971327 0.0989659 
S0289         0.2160438 0.1143315 0.0841816 0.1076808 0.0853662 0.1136890 0.0000000 0.0769379 0.0840785 0.1237466 0.0452676 0.1264301 0.0771423 0.0289506 0.1280058 0.0415015 0.0905014 0.1068452 0.1303326 0.1130178 0.0859014 0.0852414 0.0449547 0.1356305 0.0328595 0.0726283 0.1248635 0.0600013 0.1190020 0.0436869 0.0924933 0.1257434 0.1018038 0.1267652 0.0355945 0.1072765 0.0878370 0.0529628 0.0434132 0.0684021 0.0971177 0.0830616 0.0955035 0.1287301 0.1658393 0.1319341 0.1351075 0.0825036 0.0986928 0.1067898 0.0725002 0.0901713 0.0768877 0.0727813 0.1212697 0.0921562 0.0490086 0.1060718 0.0658893 0.0476299 0.0746690 0.0741391 0.1046972 0.1108483 0.0949848 0.0908886 0.1106605 0.0881804 0.1584229 0.0961935 0.1237140 0.1055281 0.0992203 0.0859998 0.1507263 0.0747585 0.1762820 0.1137026 0.1052854 0.1173394 0.0946809 0.1013120 0.2195354 0.0856501 0.1262640 0.0821467 0.0340352 0.0621800 0.0658610 0.1216750 0.0538286 0.0412740 0.0990411 0.1216503 0.1111911 0.0827831 0.1153852 0.0990578 0.0952875 0.0830161 0.0754468 0.0752204 0.1086917 0.0956261 0.0472539 0.0836014 0.0823328 0.0233640 0.1084395 0.0810659 0.0338825 0.0915977 0.0761657 0.0855417 0.1007983 0.0876846 0.1105428 0.0414544 0.0994484 0.0659040 0.1056045 0.0961369 0.1008336 0.0912572 0.0714353 0.0803925 0.0812860 0.1316361 0.0947599 0.0869806 0.1133110 0.0782213 
S0292         0.1908015 0.0955779 0.0620177 0.0771766 0.0725775 0.1036681 0.0769379 0.0000000 0.0670785 0.1003614 0.1083586 0.1084968 0.0935612 0.0830435 0.1147998 0.0919070 0.0654593 0.0772646 0.1120395 0.0776164 0.0752663 0.0724689 0.0995925 0.1309471 0.0847844 0.0559003 0.1042755 0.1071362 0.1086585 0.0776154 0.0815396 0.1155195 0.0837425 0.1107403 0.0829072 0.0848696 0.0729765 0.0981874 0.0703263 0.0824992 0.0825607 0.0703675 0.0749264 0.1107001 0.1901155 0.1236441 0.1186050 0.0575758 0.0848674 0.0928995 0.0538227 0.0730540 0.0579038 0.0580167 0.0928388 0.0640257 0.0787778 0.0853657 0.0776326 0.0771866 0.0497208 0.0598638 0.0885260 0.0860603 0.0773168 0.0782234 0.1001041 0.0796196 0.1788956 0.0576607 0.1044954 0.0893080 0.0767026 0.0777673 0.1757685 0.0559036 0.1916208 0.1009145 0.0733184 0.0986178 0.0866413 0.0376062 0.2283937 0.0773298 0.0988718 0.0543142 0.0740595 0.0737916 0.0775961 0.1112374 0.0780619 0.1022978 0.0796444 0.1112079 0.1009520 0.0771881 0.0936056 0.0832926 0.0247246 0.0789517 0.0693212 0.0622939 0.0433119 0.0882749 0.0623571 0.0182600 0.0212917 0.0843336 0.0908421 0.0618420 0.0816686 0.0733399 0.0929134 0.0727195 0.0451718 0.0515146 0.0915843 0.0807184 0.0913010 0.0868901 0.0913045 0.0801640 0.0760070 0.0621607 0.0856713 0.0593042 0.0538776 0.0900808 0.0645231 0.0492390 0.1183367 0.0595042 
S0293         0.1772496 0.0557592 0.0746424 0.0936653 0.0097677 0.0924273 0.0840785 0.0670785 0.0000000 0.0632854 0.1129976 0.1165416 0.0988648 0.0984898 0.1229660 0.0985421 0.0879176 0.0953542 0.1202568 0.0591845 0.0081879 0.0097512 0.1022128 0.0961528 0.0875317 0.0601481 0.0718163 0.1145703 0.1140512 0.0876265 0.0930323 0.1063001 0.0936449 0.1188390 0.0992504 0.0424913 0.0097699 0.1115574 0.0670300 0.0842269 0.0733832 0.0048375 0.0855618 0.1187959 0.1800395 0.0919398 0.1188981 0.0710940 0.0293264 0.0996225 0.0580255 0.0131481 0.0621896 0.0623110 0.1183177 0.0774653 0.0688204 0.0924238 0.0812078 0.0738936 0.0766153 0.0652435 0.1046986 0.0958050 0.0955423 0.0939316 0.0608335 0.0778075 0.1631668 0.0625960 0.1146001 0.0940225 0.0904192 0.0920643 0.1671952 0.0601535 0.1845160 0.1129360 0.0926860 0.1110733 0.0364444 0.0878369 0.2354799 0.0081363 0.0579010 0.0655160 0.0859120 0.0773718 0.0811690 0.1166841 0.0767954 0.1071014 0.0797033 0.1097639 0.1031281 0.0131665 0.1041450 0.1003116 0.0873374 0.0131046 0.0098949 0.0335946 0.0867103 0.0581777 0.0715702 0.0828325 0.0786249 0.0917533 0.0449224 0.0661961 0.0883755 0.0827946 0.0943842 0.0064906 0.0901773 0.0816963 0.0385067 0.0951506 0.0364562 0.0825895 0.0347414 0.0665539 0.0912548 0.0925474 0.0921083 0.0697884 0.0792104 0.1012930 0.0820066 0.0789587 0.0818800 0.0829451 
S0294         0.2054404 0.1132600 0.1309192 0.1211727 0.0626559 0.1155322 0.1237466 0.1003614 0.0632854 0.0000000 0.1454904 0.1391993 0.1262685 0.1243223 0.1407777 0.1328852 0.1205044 0.1338320 0.1301143 0.1010423 0.0632910 0.0647749 0.1348700 0.1369483 0.1143373 0.1082775 0.1173302 0.1648992 0.1413149 0.1172531 0.1227095 0.1445111 0.1267756 0.1364790 0.1347380 0.0901703 0.0671569 0.1364237 0.1208060 0.1132329 0.1081430 0.0627101 0.1335702 0.1364295 0.2084938 0.1268247 0.1421592 0.0951866 0.0762658 0.1207495 0.1083205 0.0652921 0.1133535 0.1135739 0.1348663 0.1317230 0.1169636 0.1248031 0.1147981 0.1136250 0.1092778 0.0959718 0.1309355 0.1328092 0.1255581 0.1148116 0.0553244 0.1297800 0.1977796 0.0986304 0.1613691 0.1190333 0.1273141 0.1270291 0.1983189 0.1109566 0.2179113 0.1452382 0.1300038 0.1537627 0.0650588 0.1148231 0.3060123 0.0694990 0.0891747 0.0968290 0.1154704 0.1107239 0.1147331 0.1390115 0.1278080 0.1464412 0.1144716 0.1421063 0.1296350 0.0693743 0.1374358 0.1301553 0.1150179 0.0731144 0.0613343 0.0717143 0.1249205 0.0859566 0.1061067 0.1162099 0.1113835 0.1305426 0.0934503 0.1131830 0.1196712 0.1339350 0.1212018 0.0649974 0.1222467 0.1081636 0.0828801 0.1257001 0.0751924 0.1380921 0.0867754 0.1046974 0.1158069 0.1175773 0.1236585 0.1118986 0.1149803 0.1373624 0.1253078 0.1075074 0.1220543 0.1250563 
S0299         0.2568859 0.1361609 0.1010365 0.1139058 0.1186479 0.1349875 0.0452676 0.1083586 0.1129976 0.1454904 0.0000000 0.1350948 0.1046962 0.0515223 0.1369740 0.0633536 0.1044139 0.1182094 0.1391312 0.1365432 0.1148765 0.1184856 0.0673688 0.1496759 0.0603145 0.0959114 0.1548982 0.0970641 0.1352725 0.0788036 0.1141091 0.1359039 0.1267676 0.1354440 0.0608787 0.1374629 0.1110627 0.0588808 0.0738209 0.1118834 0.1152679 0.1115800 0.1157274 0.1349080 0.1828912 0.1412367 0.1439691 0.1124619 0.1279079 0.1282708 0.0957347 0.1241449 0.1005380 0.0961185 0.1436381 0.1131708 0.0754112 0.1179752 0.1084329 0.0739381 0.1089205 0.0952929 0.1241301 0.1254744 0.1161910 0.1117117 0.1274894 0.1164585 0.1732941 0.1179221 0.1405066 0.1209267 0.1136296 0.1021634 0.1671161 0.0982352 0.1940208 0.1340064 0.1233285 0.1337193 0.1314556 0.1250716 0.2394635 0.1145575 0.1419660 0.0961243 0.0632913 0.1021919 0.1060943 0.1380633 0.0786250 0.0530088 0.1236905 0.1360143 0.1273825 0.1156804 0.1271868 0.1063762 0.1250206 0.1160435 0.1056658 0.1003517 0.1310360 0.1284657 0.0735910 0.1236039 0.1162013 0.0530522 0.1064908 0.1050449 0.0572404 0.1068420 0.1180395 0.1143880 0.1238095 0.1065845 0.1356510 0.0576034 0.1350379 0.0993125 0.1350391 0.1210015 0.1076769 0.1082986 0.1098350 0.1033014 0.1190641 0.1497351 0.1076148 0.1057169 0.1402100 0.1129233 
S0303         0.2193836 0.1346855 0.1189769 0.1319608 0.1199289 0.0342928 0.1264301 0.1084968 0.1165416 0.1391993 0.1350948 0.0000000 0.0725161 0.1367145 0.0216128 0.1423967 0.1111192 0.1289120 0.0133017 0.1218737 0.1208619 0.1197667 0.1502920 0.1681754 0.1363430 0.1127611 0.1319562 0.1673954 0.0458333 0.1258916 0.1346394 0.1714737 0.1019980 0.0114894 0.1403252 0.1258279 0.1123784 0.1443665 0.1212035 0.1304726 0.1299026 0.1173694 0.1202977 0.0114848 0.2208240 0.1623802 0.0132415 0.0939470 0.1242096 0.1294378 0.1102005 0.1208252 0.1151488 0.1153674 0.1394177 0.1121597 0.1281869 0.0781841 0.1401165 0.1195505 0.1015256 0.0607953 0.1396560 0.1393796 0.1425783 0.1258727 0.1306052 0.1238695 0.1791684 0.0988132 0.1066716 0.0991669 0.1175630 0.1195790 0.2083194 0.1127946 0.2104786 0.1525423 0.1170489 0.1007522 0.1327012 0.1243572 0.2782469 0.1256370 0.1335870 0.0839995 0.1256230 0.1333674 0.1400302 0.0499185 0.1184808 0.1452221 0.0911402 0.0478286 0.0503938 0.1253746 0.0892535 0.1272560 0.1273657 0.1294336 0.1070244 0.1139824 0.1337373 0.1446281 0.1092629 0.1237690 0.1304953 0.1282047 0.1114651 0.1174583 0.1371939 0.1190086 0.1437389 0.1202102 0.1305425 0.0993341 0.1294135 0.1363306 0.1365696 0.1329001 0.1238273 0.1341500 0.1316469 0.1134649 0.1475125 0.1032844 0.1049338 0.1411018 0.1325075 0.1018362 0.1444481 0.1171405 
S0308         0.2015473 0.1151051 0.0891692 0.0894089 0.0924841 0.0668837 0.0771423 0.0935612 0.0988648 0.1262685 0.1046962 0.0725161 0.0000000 0.1021883 0.0907535 0.1034828 0.0947735 0.1114823 0.0831170 0.0880917 0.1106740 0.0963758 0.0926635 0.1240744 0.0916547 0.0854826 0.1012081 0.1341785 0.0678329 0.1063472 0.0872522 0.1096506 0.0805050 0.0836537 0.1153053 0.0927050 0.0924435 0.1022478 0.0851243 0.1069541 0.0787793 0.0963758 0.1042010 0.0837641 0.2082087 0.1245693 0.0800661 0.0785002 0.0896271 0.1158677 0.0854826 0.1100336 0.0898932 0.0854826 0.1545872 0.0912219 0.0842568 0.0950608 0.1102919 0.0929706 0.0824730 0.0857713 0.1111157 0.1131136 0.1000021 0.0914727 0.1247721 0.1076350 0.1580444 0.0929975 0.1095369 0.0965332 0.1078814 0.1078814 0.1779202 0.0854826 0.1907510 0.1363656 0.1033925 0.1046322 0.1070506 0.1092099 1.9198616 0.0928719 0.1304058 0.0784027 0.0813740 0.1065833 0.1193610 0.0761179 0.0860541 0.0995775 0.0886997 0.0760186 0.0720313 0.1052633 0.1236182 0.1117013 0.1000076 0.0923722 0.0929442 0.0846961 0.1245556 0.1188956 0.0767085 0.0903828 0.1011367 0.0896704 0.1044472 0.0894594 0.0931043 0.1223374 0.1120563 0.0963758 0.1111256 0.0984310 0.0929319 0.0888953 0.1235696 0.0956851 0.1027287 0.0818011 0.1344330 0.1015231 0.1223824 0.0894803 0.0852600 0.1129767 0.1075728 0.0808725 0.0993936 0.0866801 
S0320         0.2326197 0.1255309 0.0975466 0.1097975 0.0997032 0.1355771 0.0289506 0.0830435 0.0984898 0.1243223 0.0515223 0.1367145 0.1021883 0.0000000 0.1378595 0.0437618 0.0923696 0.1160962 0.1379412 0.1195403 0.0978134 0.0995608 0.0538094 0.1402129 0.0407790 0.0836235 0.1339248 0.0682829 0.1305536 0.0478784 0.1012597 0.1178984 0.1022530 0.1338312 0.0340606 0.1216411 0.1023425 0.0433797 0.0510002 0.0791166 0.1126877 0.0972725 0.1041418 0.1362271 0.1675712 0.1482125 0.1423587 0.0912148 0.1142443 0.1115392 0.0834729 0.1004170 0.0880387 0.0838008 0.1167314 0.1010185 0.0612711 0.1132508 0.0784430 0.0553445 0.0878896 0.0824956 0.1134700 0.1103319 0.0987810 0.0954055 0.1149671 0.1005951 0.1628875 0.1027230 0.1418802 0.1051913 0.1030953 0.0874866 0.1602163 0.0858357 0.1811506 0.1088061 0.1049138 0.1350130 0.1073104 0.1026687 0.2351906 0.1000607 0.1314621 0.0887491 0.0397127 0.0746552 0.0784065 0.1340408 0.0617353 0.0514840 0.1020094 0.1368520 0.1261445 0.1025535 0.1281525 0.0993497 0.0995046 0.0972304 0.0894368 0.0858180 0.1130991 0.1003177 0.0591248 0.0947838 0.0884454 0.0290844 0.1306889 0.0899119 0.0421663 0.0938929 0.0827986 0.0999226 0.1076588 0.0832136 0.1217466 0.0417493 0.1166485 0.0791972 0.1261817 0.1079026 0.0967693 0.0931406 0.0823788 0.0782832 0.0947945 0.1271168 0.1001083 0.0825474 0.1246049 0.0945032 
S0322         0.2119130 0.1390517 0.1209237 0.1385800 0.1263272 0.0413784 0.1280058 0.1147998 0.1229660 0.1407777 0.1369740 0.0216128 0.0907535 0.1378595 0.0000000 0.1392178 0.1222646 0.1416919 0.0149314 0.1283842 0.1224418 0.1261598 0.1521980 0.1616270 0.1430716 0.1190837 0.1335281 0.1660366 0.0495110 0.1324002 0.1361664 0.1650011 0.0945055 0.0198707 0.1395664 0.1323340 0.1186811 0.1535989 0.1249385 0.1371176 0.1267678 0.1237369 0.1195742 0.0130702 0.2102559 0.1614766 0.0252149 0.0912013 0.1307275 0.1309723 0.1164858 0.1272812 0.1214992 0.1217276 0.1444748 0.1093152 0.1347126 0.0862206 0.1468355 0.1236886 0.1077476 0.0667561 0.1411735 0.1438548 0.1440954 0.1274253 0.1347952 0.1318973 0.1751910 0.0958707 0.1133631 0.1008088 0.1191412 0.1211761 0.1980552 0.1191220 0.2062508 0.1565277 0.1233986 0.1072950 0.1393584 0.1284548 0.2853350 0.1321319 0.1351522 0.0836510 0.1299371 0.1375976 0.1391151 0.0476875 0.1272898 0.1471029 0.0972953 0.0533531 0.0481361 0.1318536 0.0932358 0.1388865 0.1292112 0.1359294 0.1133486 0.1158676 0.1378102 0.1438648 0.1156004 0.1302786 0.1369513 0.1348187 0.1179374 0.1190350 0.1390927 0.1230821 0.1479637 0.1266281 0.1421480 0.1055342 0.1360002 0.1355914 0.1384667 0.1419846 0.1300178 0.1357376 0.1433584 0.1224495 0.1543865 0.1141586 0.1112371 0.1403535 0.1390599 0.1080765 0.1460141 0.1235913 
S0327         0.2366805 0.1240694 0.0967858 0.1162422 0.0997341 0.1358617 0.0415015 0.0919070 0.0985421 0.1328852 0.0633536 0.1423967 0.1034828 0.0437618 0.1392178 0.0000000 0.0941864 0.1165169 0.1443073 0.1225480 0.0979717 0.0995944 0.0493107 0.1476034 0.0418823 0.0876268 0.1368760 0.0788248 0.1425771 0.0554615 0.1078504 0.1367253 0.1172355 0.1400601 0.0413986 0.1248427 0.0994640 0.0529552 0.0566724 0.0877260 0.1089275 0.0973456 0.1116704 0.1447515 0.1810147 0.1450355 0.1486787 0.0912580 0.1159860 0.1197592 0.0874692 0.1047655 0.0920815 0.0878119 0.1356900 0.1087203 0.0624803 0.1227268 0.0846834 0.0569517 0.0891765 0.1009237 0.1128538 0.1239551 0.1104922 0.1010968 0.1176986 0.1110228 0.1675255 0.0985141 0.1406468 0.1219332 0.1149575 0.0990239 0.1643533 0.0898606 0.1905679 0.1287813 0.1095495 0.1338586 0.1096714 0.1189923 0.2309375 0.1000854 0.1230691 0.0867874 0.0451846 0.0787713 0.0825186 0.1476678 0.0654981 0.0534001 0.1143121 0.1476613 0.1369096 0.1025347 0.1400416 0.0982282 0.1056907 0.0973043 0.0896467 0.0893914 0.1250767 0.1094399 0.0628441 0.1040373 0.0973597 0.0437732 0.1242169 0.0964311 0.0396644 0.1032283 0.0938704 0.0999495 0.1193808 0.0922686 0.1259871 0.0397452 0.1098573 0.0780921 0.1231422 0.1125915 0.1100131 0.1000338 0.0911653 0.0926160 0.0960502 0.1359329 0.1042795 0.0915248 0.1370964 0.0885541 
S0335         0.2286972 0.1103124 0.0778524 0.0888058 0.0921869 0.1146113 0.0905014 0.0654593 0.0879176 0.1205044 0.1044139 0.1111192 0.0947735 0.0923696 0.1222646 0.0941864 0.0000000 0.0517093 0.1195597 0.0999229 0.0951632 0.0920538 0.1098295 0.1384587 0.0965946 0.0668571 0.1057475 0.1193974 0.1083774 0.0905651 0.0924955 0.1193097 0.0956330 0.1181569 0.1055312 0.1083145 0.0919357 0.0971049 0.0794852 0.0996742 0.0980873 0.0898238 0.0822366 0.1181143 0.1916553 0.1163052 0.1213258 0.0641056 0.1103100 0.1083069 0.0647210 0.0971380 0.0645147 0.0690339 0.1029741 0.0808043 0.0858565 0.0849625 0.0988208 0.0820954 0.0555969 0.0667362 0.0990567 0.0925509 0.0902997 0.0899416 0.1016307 0.0942780 0.1753466 0.0717784 0.1113153 0.0933810 0.0941512 0.0888433 0.1717755 0.0668649 0.1931644 0.1043479 0.0568141 0.1052728 0.0929458 0.0927453 0.2316459 0.0964023 0.1212914 0.0735061 0.0840244 0.0948888 0.0987692 0.1134137 0.0851938 0.1046678 0.0860224 0.1133862 0.1078105 0.0971553 0.0991311 0.0512110 0.0805595 0.1010527 0.0843070 0.0778726 0.0915977 0.1156126 0.0782591 0.0784720 0.0710275 0.0919079 0.1162948 0.0729053 0.0977421 0.0745859 0.1107886 0.0923826 0.0842675 0.0440196 0.1133037 0.0907951 0.1195976 0.1076701 0.1126128 0.0852230 0.0590681 0.0251910 0.1126185 0.0675250 0.0638206 0.1035392 0.0763333 0.0418340 0.1090606 0.0659632 
S0345         0.2114470 0.1189657 0.0934617 0.1052344 0.0993939 0.1293313 0.1068452 0.0772646 0.0953542 0.1338320 0.1182094 0.1289120 0.1114823 0.1160962 0.1416919 0.1165169 0.0517093 0.0000000 0.1416945 0.1098387 0.0979630 0.0942011 0.1322158 0.1454651 0.1167664 0.0837868 0.1178373 0.1365078 0.1241250 0.1093381 0.1211919 0.1545506 0.1158637 0.1372140 0.1276014 0.1214812 0.0890130 0.1174908 0.0919287 0.1175152 0.0952986 0.0919481 0.0917607 0.1371595 0.1799796 0.1434131 0.1410878 0.0927757 0.1257801 0.1378299 0.0812218 0.1017594 0.0862190 0.0864035 0.1362293 0.0962114 0.0964192 0.1073158 0.1135595 0.0972435 0.0783706 0.0854335 0.1266070 0.1210474 0.1211663 0.1074792 0.1136421 0.1089713 0.1661216 0.0896429 0.1387208 0.1232544 0.0986537 0.0977741 0.1644993 0.0838036 0.1781746 0.1269603 0.0762680 0.1311860 0.1133584 0.0967502 0.1956402 0.1000036 0.1342790 0.0936697 0.0972185 0.1088297 0.1134887 0.1310260 0.0957487 0.1217935 0.1071058 0.1282120 0.1239685 0.0999301 0.1243767 0.0284792 0.0994982 0.1016797 0.0907653 0.0932816 0.1013503 0.1269899 0.0953149 0.0900578 0.0856166 0.1091938 0.1248317 0.0909573 0.1184102 0.0958350 0.1305532 0.0944502 0.0987846 0.0593095 0.1260252 0.1078658 0.1371355 0.1148427 0.1174810 0.0944578 0.0324645 0.0500070 0.1297902 0.0889202 0.0826098 0.1258219 0.0895290 0.0495720 0.1327035 0.0723722 
S0355         0.2161335 0.1364603 0.1176558 0.1307865 0.1236712 0.0443910 0.1303326 0.1120395 0.1202568 0.1301143 0.1391312 0.0133017 0.0831170 0.1379412 0.0149314 0.1443073 0.1195597 0.1416945 0.0000000 0.1282060 0.1197386 0.1235039 0.1523512 0.1648196 0.1404996 0.1139693 0.1359734 0.1665819 0.0541153 0.1297764 0.1336252 0.1652827 0.1007577 0.0115919 0.1444755 0.1322154 0.1183663 0.1486302 0.1222535 0.1345000 0.1339731 0.1210612 0.1217043 0.0115697 0.2172537 0.1618197 0.0168136 0.0881167 0.1280787 0.1283912 0.1113751 0.1246135 0.1163868 0.1166096 0.1442165 0.1162421 0.1321117 0.0744867 0.1443171 0.1209715 0.1026008 0.0634532 0.1364229 0.1413021 0.1416147 0.1247951 0.1292501 0.1283305 0.1753250 0.0954696 0.1078344 0.1002328 0.1164240 0.1184358 0.2047103 0.1140039 0.2068543 0.1541643 0.1207262 0.1018298 0.1367647 0.1258190 0.2826509 0.1295100 0.1328359 0.0891824 0.1319970 0.1374591 0.1390247 0.0504021 0.1198990 0.1494604 0.0943846 0.0560085 0.0505470 0.1292346 0.0833105 0.1362992 0.1266064 0.1333558 0.1105597 0.1129969 0.1326938 0.1439217 0.1128350 0.1276269 0.1344068 0.1321836 0.1151330 0.1117535 0.1390506 0.1203288 0.1480997 0.1239678 0.1370492 0.1027046 0.1333919 0.1404277 0.1406857 0.1394236 0.1276826 0.1382727 0.1408153 0.1221200 0.1492147 0.1114108 0.1060578 0.1377494 0.1339699 0.1052603 0.1514488 0.1184194 
S0376         0.1963974 0.0717088 0.0963825 0.0959565 0.0667949 0.0856739 0.1130178 0.0776164 0.0591845 0.1010423 0.1365432 0.1218737 0.0880917 0.1195403 0.1283842 0.1225480 0.0999229 0.1098387 0.1282060 0.0000000 0.0693442 0.0666951 0.1286072 0.1256977 0.1152977 0.0805016 0.0439336 0.1398515 0.1092696 0.1095379 0.1135858 0.1209452 0.1071148 0.1242078 0.1149672 0.0756375 0.0606408 0.1188578 0.0990830 0.0984480 0.0823853 0.0628176 0.0943004 0.1241632 0.1899518 0.1256450 0.1194833 0.0713769 0.0737575 0.1243582 0.0782214 0.0672153 0.0826665 0.0828257 0.1276777 0.0838858 0.1006086 0.0926002 0.0997589 0.1018996 0.0821124 0.0736818 0.1214849 0.1127415 0.1210784 0.1105275 0.0978725 0.0826677 0.1740272 0.0712472 0.1116551 0.0972955 0.1113863 0.1207684 0.1752994 0.0805157 0.1892595 0.1365000 0.1060675 0.1109176 0.0719193 0.1011751 0.2500669 0.0713306 0.0827716 0.0774555 0.0993099 0.0957884 0.0997061 0.1118689 0.1077790 0.1258585 0.0950860 0.1095634 0.1007430 0.0691757 0.1066243 0.1169587 0.1004121 0.0748561 0.0637129 0.0575173 0.1135048 0.0843547 0.1017057 0.0960156 0.0960686 0.1146508 0.0798541 0.0868836 0.1112891 0.0899119 0.1093235 0.0650471 0.1055006 0.0818178 0.0780736 0.1158430 0.0869358 0.1074657 0.0778522 0.0753964 0.1164074 0.0945602 0.1111818 0.0829493 0.0865236 0.0932435 0.0931109 0.0744486 0.0500591 0.0926516 
S0400         0.1819357 0.0590975 0.0846791 0.1030847 0.0114551 0.1000212 0.0859014 0.0752663 0.0081879 0.0632910 0.1148765 0.1208619 0.1106740 0.0978134 0.1224418 0.0979717 0.0951632 0.0979630 0.1197386 0.0693442 0.0000000 0.0114350 0.1065235 0.1004509 0.0915499 0.0705876 0.0778202 0.1190794 0.1207643 0.0899872 0.0906796 0.1106152 0.0955347 0.1183333 0.1032862 0.0481062 0.0131661 0.1134176 0.0687662 0.0865862 0.0795364 0.0064838 0.0905793 0.1182907 0.1895416 0.0994132 0.1208096 0.0704508 0.0347256 0.0972144 0.0683740 0.0148685 0.0727030 0.0728447 0.1194158 0.0823327 0.0728277 0.0966256 0.0835290 0.0759050 0.0827380 0.0714662 0.1022380 0.0934565 0.0931611 0.0915518 0.0608411 0.0911379 0.1723296 0.0644133 0.1242533 0.1005259 0.0904859 0.0921310 0.1764680 0.0705976 0.1982739 0.1082093 0.0990868 0.1178443 0.0419239 0.0901185 0.2560172 0.0132214 0.0558225 0.0715916 0.0877323 0.0796777 0.0834886 0.1185949 0.0788334 0.1089606 0.0859388 0.1188549 0.1097386 0.0148890 0.1109602 0.1026877 0.0936156 0.0148191 0.0116059 0.0372233 0.0911675 0.0599752 0.0777134 0.0891745 0.0808406 0.0936036 0.0508396 0.0725906 0.0927298 0.0914775 0.0987820 0.0081563 0.0965335 0.0879498 0.0440410 0.0969884 0.0402117 0.0888950 0.0402096 0.0725605 0.0935853 0.1009055 0.0940569 0.0757729 0.0854010 0.1032440 0.0910430 0.0851346 0.0903582 0.0818792 
S0405         0.1790264 0.0628632 0.0784966 0.0998259 0.0097013 0.0997235 0.0852414 0.0724689 0.0097512 0.0647749 0.1184856 0.1197667 0.0963758 0.0995608 0.1261598 0.0995944 0.0920538 0.0942011 0.1235039 0.0666951 0.0114350 0.0000000 0.1032492 0.1016092 0.0888097 0.0678758 0.0750399 0.1201273 0.1172766 0.0898650 0.0943722 0.1119721 0.0969231 0.1220562 0.1024859 0.0457582 0.0080772 0.1098679 0.0723225 0.0864655 0.0766727 0.0080445 0.0896689 0.1220126 0.1961019 0.0941162 0.1245419 0.0744650 0.0325875 0.1009342 0.0657009 0.0130576 0.0699578 0.0700933 0.1216542 0.0816287 0.0740975 0.0980227 0.0834112 0.0792511 0.0798606 0.0686423 0.1029611 0.0972624 0.0968756 0.0952786 0.0578805 0.0876501 0.1791154 0.0698518 0.1206239 0.0973138 0.0961349 0.0978763 0.1829835 0.0678845 0.2049632 0.1119664 0.0959369 0.1143508 0.0396870 0.0892174 0.2611916 0.0147612 0.0593829 0.0688331 0.0870591 0.0795625 0.0833709 0.1199091 0.0794362 0.1081058 0.0829806 0.1130080 0.1063949 0.0064664 0.1075033 0.1038105 0.0905717 0.0163414 0.0081624 0.0371586 0.0903314 0.0575705 0.0789659 0.0861376 0.0779842 0.0928733 0.0484145 0.0740314 0.0896683 0.0910969 0.0986505 0.0097138 0.0956551 0.0825732 0.0380299 0.0937353 0.0379941 0.0900874 0.0379936 0.0698246 0.0947598 0.0976794 0.0963505 0.0730191 0.0824687 0.1046464 0.0837887 0.0822114 0.0849520 0.0841028 
S0407sl       0.2333112 0.1257347 0.1012656 0.1198118 0.1033944 0.1309980 0.0449547 0.0995925 0.1022128 0.1348700 0.0673688 0.1502920 0.0926635 0.0538094 0.1521980 0.0493107 0.1098295 0.1322158 0.1523512 0.1286072 0.1065235 0.1032492 0.0000000 0.1453152 0.0521597 0.0952045 0.1409835 0.0861793 0.1475344 0.0637884 0.1149968 0.1347547 0.1243003 0.1527695 0.0549518 0.1254487 0.1037864 0.0734251 0.0631785 0.0928625 0.1042168 0.1009551 0.1200319 0.1527166 0.1828053 0.1422261 0.1564481 0.0948183 0.1170775 0.1283552 0.0950295 0.1085468 0.0954515 0.0954082 0.1369364 0.1119497 0.0691441 0.1271476 0.0897201 0.0639133 0.0996153 0.1021303 0.1232876 0.1328604 0.1177131 0.1111273 0.1211660 0.0991680 0.1757620 0.1108640 0.1416811 0.1256459 0.1209933 0.1093933 0.1719689 0.0975082 0.1967718 0.1396759 0.1249328 0.1368748 0.1082193 0.1283202 0.2655248 0.1037678 0.1376190 0.0965888 0.0568547 0.0837136 0.0875097 0.1504505 0.0703101 0.0554461 0.1212524 0.1504465 0.1395047 0.1006149 0.1421768 0.1100223 0.1170330 0.1009148 0.0931390 0.0905695 0.1337878 0.1099332 0.0673357 0.1067883 0.1051198 0.0474348 0.1207159 0.1042627 0.0231535 0.1029320 0.0989806 0.1036230 0.1229169 0.0995656 0.1291767 0.0476607 0.1160633 0.0828119 0.1264668 0.1075178 0.1184384 0.1127548 0.0952192 0.1031126 0.1067921 0.1402770 0.1051498 0.1011706 0.1364518 0.0988881 
S0412sl       0.2204479 0.1166755 0.1331617 0.1488908 0.1064919 0.1480589 0.1356305 0.1309471 0.0961528 0.1369483 0.1496759 0.1681754 0.1240744 0.1402129 0.1616270 0.1476034 0.1384587 0.1454651 0.1648196 0.1256977 0.1004509 0.1016092 0.1453152 0.0000000 0.1424147 0.1223249 0.1388456 0.1618010 0.1735713 0.1328601 0.1424997 0.0881445 0.1514391 0.1624673 0.1392624 0.1203450 0.1021518 0.1617189 0.1210663 0.1314054 0.0761123 0.0995056 0.1417772 0.1595211 0.2021728 0.0905968 0.1664247 0.1172886 0.1189455 0.1575555 0.1195883 0.1072839 0.1191488 0.1251089 0.1650007 0.1280525 0.1277414 0.1342927 0.1302619 0.1280027 0.1220000 0.1214607 0.1516684 0.1260253 0.1508870 0.1328483 0.1254532 0.1381815 0.1810270 0.1133320 0.1718078 0.1494410 0.1379114 0.1398790 0.2043143 0.1223665 0.2134276 0.1609262 0.1465234 0.1640327 0.1102501 0.1429643 0.3037833 0.1075082 0.1340232 0.1231120 0.1445927 0.1232819 0.1275121 0.1710636 0.1346470 0.1582418 0.1366430 0.1682257 0.1609307 0.1070232 0.1647981 0.1482334 0.1477831 0.1113502 0.0924654 0.1087392 0.1609357 0.1293682 0.1266150 0.1481984 0.1471923 0.1375807 0.1200922 0.1246770 0.1318678 0.1381839 0.1393895 0.0996606 0.1496286 0.1311223 0.1189548 0.1366455 0.1361925 0.1375919 0.1313325 0.0783259 0.1455281 0.1388714 0.1433843 0.1297874 0.1342778 0.1431351 0.1494749 0.1252446 0.1332670 0.1245269 
S0417         0.2316220 0.1216054 0.0898655 0.1070881 0.0909682 0.1197792 0.0328595 0.0847844 0.0875317 0.1143373 0.0603145 0.1363430 0.0916547 0.0407790 0.1430716 0.0418823 0.0965946 0.1167664 0.1404996 0.1152977 0.0915499 0.0888097 0.0521597 0.1424147 0.0000000 0.0827882 0.1324284 0.0760905 0.1336655 0.0485295 0.0987442 0.1329527 0.1085849 0.1387737 0.0419626 0.1177159 0.0935249 0.0536636 0.0537814 0.0727399 0.1082721 0.0885961 0.1017944 0.1387244 0.1754857 0.1314904 0.1444744 0.0883074 0.1047683 0.1135687 0.0826379 0.0953312 0.0872560 0.0829666 0.1299901 0.0985494 0.0554014 0.1177329 0.0699260 0.0583084 0.0820966 0.0888390 0.1082993 0.1264428 0.1010658 0.0991645 0.1047065 0.0992050 0.1666514 0.1024560 0.1402328 0.1078086 0.1142807 0.0981957 0.1612995 0.0850266 0.1822118 0.1243641 0.1077185 0.1333668 0.0981225 0.1121795 0.2218831 0.0891187 0.1233226 0.0877595 0.0382400 0.0661892 0.0698951 0.1360843 0.0605284 0.0563393 0.1056954 0.1344132 0.1279216 0.0937196 0.1231077 0.1099736 0.0985949 0.0885512 0.0808337 0.0838601 0.1049399 0.0955307 0.0517799 0.0912842 0.0902944 0.0351520 0.1137893 0.0916250 0.0405140 0.0979051 0.0799213 0.0911619 0.1074251 0.0871513 0.1166724 0.0441647 0.1022162 0.0732760 0.1118685 0.1079965 0.1101505 0.0997038 0.0732949 0.0831581 0.0889388 0.1255754 0.1039107 0.0842271 0.1277958 0.0856951 
S0419         0.1759962 0.0772528 0.0095264 0.0456069 0.0638676 0.1009766 0.0726283 0.0559003 0.0601481 0.1082775 0.0959114 0.1127611 0.0854826 0.0836235 0.1190837 0.0876268 0.0668571 0.0837868 0.1139693 0.0805016 0.0705876 0.0678758 0.0952045 0.1223249 0.0827882 0.0000000 0.1032423 0.1093990 0.1103208 0.0766296 0.0838829 0.1227688 0.0818963 0.1150170 0.0894854 0.0868985 0.0702669 0.0989035 0.0679531 0.0879081 0.0892672 0.0658140 0.0305456 0.1126090 0.1944056 0.1262110 0.1181265 0.0696949 0.0780500 0.1020174 0.0015855 0.0724448 0.0047962 0.0031927 0.1017032 0.0260470 0.0763971 0.0725591 0.0832700 0.0773312 0.0477942 0.0602100 0.0951579 0.0938229 0.0906505 0.0890442 0.0961236 0.0286417 0.1752285 0.0693581 0.1022057 0.0866589 0.0813605 0.0845557 0.1744056 0.0031861 0.1925435 0.1040531 0.0794336 0.0985990 0.0822008 0.0762646 0.2441433 0.0680304 0.1026523 0.0569971 0.0726203 0.0794298 0.0832298 0.1128994 0.0800449 0.0971330 0.0685581 0.1081784 0.1003231 0.0724843 0.0940373 0.0851731 0.0732532 0.0700658 0.0626626 0.0650380 0.0829865 0.0820757 0.0682364 0.0665044 0.0630990 0.0800808 0.0904315 0.0080332 0.0796198 0.0290320 0.0984476 0.0681079 0.0781940 0.0634361 0.0938180 0.0793037 0.0848337 0.0884919 0.0910515 0.0797651 0.0759656 0.0716451 0.0911446 0.0496896 0.0499053 0.0958139 0.0395250 0.0566572 0.1024046 0.0554785 
S0427         0.2097344 0.0959428 0.1249332 0.1176661 0.0751502 0.0981392 0.1248635 0.1042755 0.0718163 0.1173302 0.1548982 0.1319562 0.1012081 0.1339248 0.1335281 0.1368760 0.1057475 0.1178373 0.1359734 0.0439336 0.0778202 0.0750399 0.1409835 0.1388456 0.1324284 0.1032423 0.0000000 0.1590527 0.1111743 0.1219515 0.1257819 0.1360821 0.1093349 0.1343407 0.1367322 0.0886248 0.0732943 0.1385159 0.1062628 0.1098344 0.1000182 0.0729643 0.1181127 0.1342931 0.2014849 0.1413927 0.1318963 0.0790935 0.0784276 0.1345822 0.1030526 0.0756370 0.1078906 0.1034617 0.1433767 0.1049632 0.1100084 0.0917198 0.1114606 0.1114434 0.0892750 0.0824807 0.1290672 0.1276638 0.1335563 0.1197271 0.1142753 0.0996387 0.1883492 0.0902373 0.1220862 0.0991606 0.1263484 0.1333641 0.1891156 0.1055802 0.2030801 0.1443887 0.1144303 0.1157291 0.0890169 0.1199163 0.2967786 0.0733712 0.0960493 0.0912133 0.1110506 0.1074305 0.1113987 0.1137788 0.1155427 0.1435815 0.1064743 0.1113705 0.1003310 0.0776324 0.1066169 0.1185445 0.1238180 0.0791805 0.0720987 0.0721242 0.1233527 0.0975508 0.1042856 0.1196166 0.1192134 0.1269558 0.0953638 0.1124092 0.1335602 0.1086291 0.1188942 0.0752951 0.1078386 0.0996001 0.0842496 0.1303554 0.0934901 0.1221092 0.0824916 0.0897461 0.1205091 0.1026665 0.1233100 0.0939873 0.0957041 0.1141645 0.1173724 0.0878811 0.0592582 0.1041630 
S0428sl       0.2745505 0.1443960 0.1239614 0.1421030 0.1202932 0.1530220 0.0600013 0.1071362 0.1145703 0.1648992 0.0970641 0.1673954 0.1341785 0.0682829 0.1660366 0.0788248 0.1193974 0.1365078 0.1665819 0.1398515 0.1190794 0.1201273 0.0861793 0.1618010 0.0760905 0.1093990 0.1590527 0.0000000 0.1576045 0.0687156 0.1250041 0.1562884 0.1478464 0.1673214 0.0754213 0.1374421 0.1231822 0.0916465 0.0651869 0.0905909 0.1294598 0.1131150 0.1328672 0.1699383 0.2022009 0.1711590 0.1769287 0.1074071 0.1335179 0.1377359 0.1091903 0.1258881 0.1142723 0.1096392 0.1566973 0.1335145 0.0713537 0.1360994 0.0874208 0.0700829 0.0921638 0.1148696 0.1359737 0.1439819 0.1278816 0.1210276 0.1471573 0.1360778 0.1865665 0.1205837 0.1647850 0.1414457 0.1228132 0.1062550 0.1917241 0.1118531 0.2115805 0.1460678 0.1244814 0.1570738 0.1255144 0.1396993 0.2139279 0.1106565 0.1695337 0.1082545 0.0661624 0.0834837 0.0829201 0.1591927 0.0726448 0.0904933 0.1414999 0.1646835 0.1479548 0.1234348 0.1441669 0.1212506 0.1273052 0.1076711 0.1116923 0.1046823 0.1328456 0.1298703 0.0697108 0.1202981 0.1106154 0.0627600 0.1507833 0.1190030 0.0731308 0.1288724 0.0991738 0.1159730 0.1318750 0.1237779 0.1406108 0.0744578 0.1418135 0.0858100 0.1436208 0.1363165 0.1387923 0.1225217 0.0986300 0.1107294 0.1045213 0.1650391 0.1220233 0.1181278 0.1523200 0.1009202 
S0430         0.2137915 0.1371020 0.1160736 0.1265693 0.1174361 0.0200371 0.1190020 0.1086585 0.1140512 0.1413149 0.1352725 0.0458333 0.0678329 0.1305536 0.0495110 0.1425771 0.1083774 0.1241250 0.0541153 0.1092696 0.1207643 0.1172766 0.1475344 0.1735713 0.1336655 0.1103208 0.1111743 0.1576045 0.0000000 0.1256774 0.1348141 0.1660404 0.0921291 0.0515934 0.1341295 0.1232739 0.1099473 0.1505799 0.1141641 0.1302477 0.1292838 0.1127925 0.1151400 0.0515736 0.2152524 0.1623299 0.0538512 0.0838259 0.1170912 0.1296097 0.1077831 0.1183075 0.1126902 0.1129043 0.1362849 0.1099121 0.1256184 0.0921472 0.1398756 0.1215927 0.1016818 0.0568562 0.1398331 0.1450827 0.1427571 0.1260443 0.1379896 0.1214678 0.1798556 0.1056058 0.1042155 0.0951995 0.1177305 0.1197501 0.2028708 0.1103527 0.2082510 0.1552210 0.1122889 0.0983653 0.1298485 0.1211909 0.2749191 0.1203904 0.1290801 0.0815320 0.1223710 0.1356766 0.1397896 0.0098664 0.1205377 0.1374798 0.0859752 0.0081676 0.0099475 0.1228324 0.0917972 0.1269048 0.1185330 0.1268716 0.1046025 0.1114215 0.1340327 0.1392394 0.1112671 0.1239420 0.1306686 0.1255999 0.1116324 0.1172605 0.1345374 0.1189113 0.1410997 0.1155857 0.1303206 0.1011201 0.1229712 0.1301866 0.1367497 0.1298685 0.1286224 0.1339173 0.1312821 0.1131535 0.1472557 0.1009190 0.1019992 0.1412862 0.1299129 0.1015640 0.1201512 0.1127767 
