75
S0055       0.0000000 0.0494998 0.0303640 0.0829362 0.0629181 0.0300417 0.0430521 0.0919793 0.0922524 0.0641048 0.0303015 0.0447610 0.0626127 0.0764405 0.0430742 0.0631176 0.0560469 0.0559995 0.0187181 0.0627875 0.0431794 0.0494294 0.0361532 0.0364275 0.0364275 0.0569234 0.0432281 0.0558675 0.0299191 0.0361234 0.0701662 0.0627610 0.0708457 0.0432119 0.0426842 0.0559350 0.0426877 0.0429527 0.0698306 0.0363185 0.0301200 0.0299136 0.0492862 0.0697492 0.0921975 0.0186284 0.1171509 0.0299074 0.0301200 0.0189966 0.0058681 0.0435838 0.0423882 0.0183437 0.0501163 0.0303105 0.0632436 0.0361688 0.0237848 0.0238000 0.0560449 0.0238000 0.0556721 0.0363830 0.0558841 0.0238043 0.0697142 0.0432281 0.0177377 0.0301269 0.1056490 0.0365432 0.0298945 0.0367019 0.0301269 
S0281       0.0494998 0.0000000 0.0496853 0.0412121 0.0683145 0.0435915 0.0493830 0.0693378 0.0562592 0.0911983 0.0387954 0.0516756 0.0733977 0.0434898 0.0557914 0.0608988 0.0501335 0.0732411 0.0282864 0.0749898 0.0555714 0.0803899 0.0433833 0.0104332 0.0104332 0.0382309 0.0493444 0.0497688 0.0377265 0.0433511 0.0623134 0.0212465 0.0676303 0.0557412 0.0379607 0.0928498 0.0737487 0.0496092 0.0501337 0.0435625 0.0379542 0.0433604 0.0441176 0.0738702 0.0559267 0.0281630 0.1230188 0.0491016 0.0437724 0.0227949 0.0443025 0.0324769 0.0435991 0.0397750 0.0555249 0.0214573 0.0213837 0.0434001 0.0433283 0.0321726 0.0674103 0.0321726 0.0556458 0.0495625 0.0554378 0.0321779 0.0737523 0.0493444 0.0322792 0.0379622 0.1130184 0.0325036 0.0489857 0.0613891 0.0379622 
S0282       0.0303640 0.0496853 0.0000000 0.0795918 0.0680483 0.0212861 0.0619254 0.1015366 0.0880549 0.0841049 0.0218013 0.0514691 0.0673496 0.0736419 0.0555757 0.0618088 0.0617939 0.0554033 0.0168719 0.0746954 0.0497203 0.0804895 0.0266752 0.0379977 0.0379977 0.0445469 0.0557520 0.0612525 0.0321504 0.0377138 0.0620697 0.0556463 0.0810003 0.0498715 0.0435937 0.0929675 0.0738384 0.0438391 0.0875795 0.0378961 0.0213356 0.0266616 0.0555339 0.0737741 0.0875127 0.0225323 0.1298475 0.0433930 0.0269089 0.0170980 0.0272284 0.0444128 0.0492869 0.0223435 0.0621228 0.0214548 0.0560255 0.0377562 0.0266420 0.0158273 0.0734589 0.0158273 0.0668402 0.0324984 0.0612812 0.0266616 0.0676715 0.0557520 0.0267443 0.0323506 0.1195741 0.0381051 0.0321266 0.0554793 0.0323506 
S0288       0.0829362 0.0412121 0.0795918 0.0000000 0.0966753 0.0711355 0.0636676 0.0501232 0.0000028 0.1133663 0.0654624 0.0740555 0.1117375 0.0065359 0.0876154 0.0781133 0.0634888 0.0860405 0.0523803 0.0895413 0.0718818 0.1046150 0.0706938 0.0408965 0.0408965 0.0410041 0.0708493 0.0793884 0.0631195 0.0706268 0.0881974 0.0484792 0.0631382 0.0706445 0.0626566 0.1211849 0.0956367 0.0788887 0.0641778 0.0634888 0.0636157 0.0706445 0.0955421 0.0953055 0.0000021 0.0524473 0.1478257 0.0707107 0.0715296 0.0521094 0.0648988 0.0483237 0.0487654 0.0666834 0.0792221 0.0491653 0.0484792 0.0557414 0.0630451 0.0557414 0.0954891 0.0557414 0.0958001 0.0630353 0.0794145 0.0484228 0.0951006 0.0708493 0.0559875 0.0484228 0.1476713 0.0564939 0.0630451 0.0953936 0.0484228 
S0289       0.0629181 0.0683145 0.0680483 0.0966753 0.0000000 0.0615457 0.0617881 0.1385549 0.1091561 0.1068437 0.0569347 0.0220058 0.0928425 0.0935320 0.0378721 0.0871486 0.0811451 0.0926386 0.0468214 0.0384697 0.0742177 0.1005278 0.0612447 0.0616767 0.0616767 0.0814941 0.0436659 0.0377601 0.0553259 0.0611986 0.0561941 0.0866952 0.1077833 0.0683188 0.0675468 0.1135783 0.0934431 0.0679407 0.1004212 0.0615062 0.0556680 0.0612112 0.0377304 0.0268365 0.1084631 0.0466080 0.1457251 0.0612676 0.0618125 0.0474649 0.0625839 0.0688613 0.0735489 0.0580408 0.0497474 0.0559918 0.0873095 0.0495454 0.0611650 0.0495350 0.0382849 0.0495350 0.0676145 0.0678770 0.0863794 0.0495438 0.0933101 0.0436659 0.0497064 0.0556809 0.1486328 0.0494566 0.0670634 0.0802774 0.0556809 
S0293       0.0300417 0.0435915 0.0212861 0.0711355 0.0615457 0.0000000 0.0555502 0.1018123 0.0810536 0.0764576 0.0161409 0.0451342 0.0609239 0.0670726 0.0493624 0.0554480 0.0554338 0.0492134 0.0110987 0.0680186 0.0436219 0.0737302 0.0210718 0.0321522 0.0321522 0.0384678 0.0495181 0.0549552 0.0264540 0.0319161 0.0556776 0.0551728 0.0741943 0.0437528 0.0376556 0.0859693 0.0672475 0.0378644 0.0806218 0.0320681 0.0158004 0.0210612 0.0493266 0.0671923 0.0805614 0.0166752 0.1218878 0.0374844 0.0212536 0.0112459 0.0269692 0.0383534 0.0432467 0.0165373 0.0557242 0.0158876 0.0555450 0.0319516 0.0263930 0.0104193 0.0669095 0.0104193 0.0670047 0.0267361 0.0549811 0.0210612 0.0612097 0.0495181 0.0211253 0.0266164 0.1120137 0.0322426 0.0318268 0.0492802 0.0266164 
S0299       0.0430521 0.0493830 0.0619254 0.0636676 0.0617881 0.0555502 0.0000000 0.0946072 0.0875023 0.0841530 0.0508670 0.0453096 0.0864008 0.0731910 0.0495507 0.0673396 0.0807236 0.0679708 0.0406596 0.0682915 0.0621240 0.0802128 0.0552800 0.0490812 0.0490812 0.0678771 0.0266107 0.0551654 0.0494390 0.0552387 0.0937324 0.0611221 0.0866777 0.0682227 0.0614723 0.0926478 0.0735862 0.0618284 0.0870325 0.0555139 0.0497435 0.0552502 0.0612341 0.0674580 0.0869667 0.0404763 0.1526752 0.0611833 0.0557874 0.0349643 0.0503260 0.0383883 0.0555603 0.0459091 0.0323291 0.0500306 0.0615385 0.0553016 0.0552089 0.0437189 0.0671729 0.0437189 0.0549943 0.0617703 0.0800316 0.0437266 0.0868310 0.0266107 0.0438682 0.0497547 0.1346857 0.0436497 0.0610358 0.0680660 0.0497547 
S0308       0.0919793 0.0693378 0.1015366 0.0501232 0.1385549 0.1018123 0.0946072 0.0000000 0.0581830 0.1595152 0.0976287 0.1208402 0.1369534 0.0449214 0.1232215 0.1083071 0.0880132 0.1299166 0.0880164 0.1009337 0.0963036 0.1228705 0.1012802 0.0688912 0.0688912 0.0884304 0.1148324 0.1159149 0.0946860 0.1012008 0.1315654 0.0759494 0.1165705 0.0946526 0.0876657 0.1366716 0.1152325 0.1091691 0.0745006 0.0879618 0.0953125 0.1012194 0.1162153 0.1306359 0.0578277 0.0875765 0.1982685 0.1009145 0.1022965 0.0816326 0.0888791 0.0892028 0.0821858 0.0862815 0.1225788 0.0759220 0.0764930 0.1013202 0.1011401 0.0882805 0.1300166 0.0882805 0.1012172 0.0945826 0.1159647 0.0882986 0.1377125 0.1148324 0.0886199 0.0953386 0.1620717 0.0758282 0.1076615 0.1163525 0.0953386 
S0322       0.0922524 0.0562592 0.0880549 0.0000028 0.1091561 0.0810536 0.0875023 0.0581830 0.0000000 0.1235260 0.0766341 0.0910914 0.1142073 0.0105768 0.1011531 0.0872381 0.0683084 0.1139472 0.0667341 0.0966756 0.0817438 0.1224210 0.0806435 0.0559060 0.0559060 0.0623435 0.0934494 0.0943033 0.0743978 0.0805820 0.1025657 0.0683870 0.0948186 0.0810419 0.0739511 0.1361637 0.1148176 0.0879100 0.0754126 0.0810022 0.0748740 0.0805977 0.1010739 0.1004075 0.0106327 0.0664157 0.1632261 0.0869554 0.0814208 0.0676744 0.0761045 0.0689960 0.0686514 0.0721851 0.1006412 0.0630259 0.0688642 0.0747514 0.0805359 0.0683084 0.1014133 0.0683084 0.1079153 0.0743175 0.0943454 0.0683216 0.1148114 0.0934494 0.0685578 0.0748928 0.1512373 0.0690630 0.0867365 0.1009439 0.0748928 
S0376       0.0641048 0.0911983 0.0841049 0.1133663 0.1068437 0.0764576 0.0841530 0.1595152 0.1235260 0.0000000 0.0714920 0.0803667 0.0488674 0.1134837 0.0913155 0.0984023 0.1064031 0.1126195 0.0599897 0.1152962 0.0912709 0.1141831 0.0625876 0.0766444 0.0766444 0.0999818 0.0916534 0.0839136 0.0691971 0.0759676 0.1219076 0.0984816 0.1221834 0.0915986 0.0833972 0.1291869 0.1059613 0.0770462 0.1391991 0.0697588 0.0696846 0.0759843 0.0984191 0.1136080 0.1235260 0.0600567 0.1794862 0.0760485 0.0768384 0.0524605 0.0706266 0.0847003 0.0903329 0.0660402 0.0997023 0.0701454 0.0984816 0.0694518 0.0691240 0.0625361 0.1130314 0.0625361 0.0986561 0.0838652 0.0980745 0.0559166 0.0980122 0.0916534 0.0627855 0.0625361 0.1788858 0.0769043 0.0624308 0.0488287 0.0625361 
S0405       0.0303015 0.0387954 0.0218013 0.0654624 0.0569347 0.0161409 0.0508670 0.0976287 0.0766341 0.0714920 0.0000000 0.0401918 0.0563497 0.0625629 0.0446337 0.0507722 0.0507582 0.0444967 0.0000025 0.0634607 0.0388231 0.0692708 0.0160648 0.0272446 0.0272446 0.0335413 0.0447763 0.0503134 0.0215148 0.0270408 0.0509859 0.0505165 0.0697159 0.0389416 0.0328209 0.0753788 0.0627278 0.0330065 0.0699308 0.0271715 0.0107075 0.0160566 0.0445998 0.0626771 0.0761602 0.0054974 0.1180171 0.0326689 0.0162054 0.0000021 0.0276301 0.0334399 0.0384834 0.0112157 0.0510287 0.0107676 0.0508628 0.0270714 0.0270268 0.0052951 0.0624090 0.0052951 0.0624984 0.0217474 0.0503379 0.0160566 0.0566169 0.0447763 0.0161060 0.0216488 0.1010671 0.0273220 0.0325931 0.0445582 0.0216488 
S0417       0.0447610 0.0516756 0.0514691 0.0740555 0.0220058 0.0451342 0.0453096 0.1208402 0.0910914 0.0803667 0.0401918 0.0000000 0.0698242 0.0760885 0.0274237 0.0576200 0.0638290 0.0759334 0.0295145 0.0278603 0.0515148 0.0828840 0.0449111 0.0452292 0.0452292 0.0645957 0.0275101 0.0329764 0.0390453 0.0448768 0.0637907 0.0699635 0.0906459 0.0513655 0.0510874 0.0957681 0.0760056 0.0451368 0.0899607 0.0451033 0.0392894 0.0448867 0.0218158 0.0329672 0.0905107 0.0293801 0.1425162 0.0449192 0.0453285 0.0299271 0.0458974 0.0460234 0.0570582 0.0412442 0.0334346 0.0395201 0.0704634 0.0390751 0.0448524 0.0332913 0.0334668 0.0332913 0.0511381 0.0513374 0.0697062 0.0332970 0.0764841 0.0275101 0.0334053 0.0334857 0.1313324 0.0332371 0.0507185 0.0636212 0.0334857 
S0427       0.0626127 0.0733977 0.0673496 0.1117375 0.0928425 0.0609239 0.0864008 0.1369534 0.1142073 0.0488674 0.0563497 0.0698242 0.0000000 0.0985366 0.0674763 0.0862276 0.0862125 0.0916616 0.0463292 0.0999808 0.0614209 0.0990487 0.0490786 0.0610516 0.0610516 0.0806327 0.0798485 0.0732397 0.0547737 0.0605837 0.0992595 0.0857837 0.1066042 0.0736778 0.0668584 0.1118906 0.0920844 0.0553836 0.1135772 0.0551605 0.0551091 0.0605960 0.0673625 0.0987123 0.1134889 0.0461205 0.1584153 0.0665451 0.0611844 0.0469586 0.0619401 0.0561168 0.0727944 0.0517049 0.0866872 0.0554264 0.0863851 0.0549511 0.0605510 0.0490439 0.0982782 0.0490439 0.0858965 0.0671818 0.0854746 0.0490526 0.0923187 0.0798485 0.0492119 0.0551217 0.1469419 0.0612304 0.0663851 0.0317990 0.0551217 
S0430       0.0764405 0.0434898 0.0736419 0.0065359 0.0935320 0.0670726 0.0731910 0.0449214 0.0105768 0.1134837 0.0625629 0.0760885 0.0985366 0.0000000 0.0860856 0.0729820 0.0549844 0.0983203 0.0526204 0.0815465 0.0676247 0.1061703 0.0667446 0.0432257 0.0432257 0.0616282 0.0789166 0.0796135 0.0607975 0.0666948 0.0872499 0.0550452 0.0800334 0.0670634 0.0604458 0.1192437 0.0990356 0.0735255 0.0615980 0.0670301 0.0611735 0.0667081 0.0860199 0.0854804 0.0105183 0.0523802 0.1518743 0.0727539 0.0673635 0.0533399 0.0621395 0.0555187 0.0552516 0.0579967 0.0856641 0.0497973 0.0554156 0.0610801 0.0666583 0.0549844 0.0863095 0.0549844 0.0924994 0.0607334 0.0796496 0.0549943 0.0990344 0.0789166 0.0551755 0.0611879 0.1334832 0.0555684 0.0725773 0.0859194 0.0611879 
S0478       0.0430742 0.0557914 0.0555757 0.0876154 0.0378721 0.0493624 0.0495507 0.1232215 0.1011531 0.0913155 0.0446337 0.0274237 0.0674763 0.0860856 0.0000000 0.0739936 0.0739781 0.0794201 0.0343888 0.0495937 0.0553988 0.0806509 0.0491262 0.0494645 0.0494645 0.0684294 0.0321165 0.0374287 0.0433958 0.0490898 0.0616638 0.0736163 0.0938115 0.0499590 0.0551747 0.0931623 0.0739818 0.0554898 0.0805762 0.0493309 0.0436597 0.0491002 0.0376300 0.0546416 0.1005220 0.0342364 0.1442487 0.0434660 0.0495705 0.0348542 0.0501758 0.0562261 0.0609979 0.0339181 0.0379355 0.0439086 0.0741271 0.0491453 0.0490638 0.0377772 0.0436513 0.0377772 0.0552283 0.0554378 0.0733535 0.0377836 0.0799805 0.0321165 0.0379037 0.0436692 0.1333506 0.0377176 0.0547876 0.0674254 0.0436692 
S0552sl     0.0631176 0.0608988 0.0618088 0.0781133 0.0871486 0.0554480 0.0673396 0.1083071 0.0872381 0.0984023 0.0507722 0.0576200 0.0862276 0.0729820 0.0739936 0.0000000 0.0805631 0.0860401 0.0405834 0.0814356 0.0678802 0.0933367 0.0551788 0.0489935 0.0489935 0.0677474 0.0611327 0.0798378 0.0268152 0.0436397 0.0935391 0.0728860 0.0865033 0.0438778 0.0496623 0.1061363 0.0864324 0.0268125 0.0995462 0.0554119 0.0496534 0.0551490 0.0739366 0.0804175 0.0867059 0.0344143 0.1523036 0.0552611 0.0556841 0.0411371 0.0563724 0.0498055 0.0672742 0.0460148 0.0675547 0.0499394 0.0733865 0.0552003 0.0551076 0.0436414 0.0800691 0.0436414 0.0927596 0.0616542 0.0798740 0.0436490 0.0866559 0.0611327 0.0437901 0.0496645 0.1267944 0.0557262 0.0609227 0.0738557 0.0496645 
S0558       0.0560469 0.0501335 0.0617939 0.0634888 0.0811451 0.0554338 0.0807236 0.0880132 0.0683084 0.1064031 0.0507582 0.0638290 0.0862125 0.0549844 0.0739781 0.0805631 0.0000000 0.0860250 0.0405707 0.0818302 0.0559377 0.0927189 0.0551646 0.0383330 0.0383330 0.0627176 0.0742169 0.0676694 0.0493370 0.0551233 0.0749736 0.0620616 0.0816775 0.0554268 0.0434567 0.1054231 0.0858688 0.0616972 0.0808562 0.0553977 0.0496399 0.0493915 0.0679925 0.0857875 0.0679002 0.0403883 0.1310393 0.0610549 0.0493283 0.0348878 0.0563579 0.0625251 0.0672590 0.0460534 0.0809908 0.0326081 0.0624907 0.0495668 0.0550933 0.0436290 0.0866226 0.0436290 0.0802515 0.0492849 0.0499862 0.0436366 0.0742557 0.0742169 0.0437777 0.0496510 0.1138468 0.0440859 0.0609079 0.0738404 0.0496510 
S0641       0.0559995 0.0732411 0.0554033 0.0860405 0.0926386 0.0492134 0.0679708 0.1299166 0.1139472 0.1126195 0.0444967 0.0759334 0.0916616 0.0983203 0.0794201 0.0860401 0.0860250 0.0000000 0.0402059 0.0997581 0.0613479 0.0994557 0.0489777 0.0609237 0.0609237 0.0682079 0.0675484 0.0730152 0.0546606 0.0604578 0.0734404 0.0855981 0.0926638 0.0735201 0.0667178 0.1123469 0.0924618 0.0671016 0.1133199 0.0549801 0.0435287 0.0489517 0.0793601 0.0984952 0.1132321 0.0460204 0.1580355 0.0664058 0.0494189 0.0407494 0.0618085 0.0553676 0.0726404 0.0396844 0.0741363 0.0437762 0.0861969 0.0547719 0.0604252 0.0376660 0.0980631 0.0376660 0.0796365 0.0552662 0.0852904 0.0489517 0.0921170 0.0675484 0.0491105 0.0550075 0.1194173 0.0611018 0.0662464 0.0672114 0.0550075 
S0643       0.0187181 0.0282864 0.0168719 0.0523803 0.0468214 0.0110987 0.0406596 0.0880164 0.0667341 0.0599897 0.0000025 0.0295145 0.0463292 0.0526204 0.0343888 0.0405834 0.0405707 0.0402059 0.0000000 0.0533964 0.0284837 0.0531414 0.0110448 0.0167807 0.0167807 0.0288671 0.0345009 0.0402058 0.0110390 0.0166521 0.0404320 0.0403731 0.0530576 0.0285729 0.0224652 0.0656731 0.0466474 0.0225958 0.0599493 0.0167344 0.0055199 0.0110390 0.0343618 0.0527204 0.0663093 0.0000028 0.1088809 0.0223590 0.0111443 0.0000028 0.0170241 0.0229001 0.0282278 0.0057597 0.0345009 0.0055520 0.0406572 0.0166716 0.0166433 0.0000022 0.0524891 0.0000022 0.0525646 0.0168288 0.0402264 0.0054914 0.0401969 0.0345009 0.0055085 0.0111094 0.0989595 0.0168294 0.0223053 0.0343308 0.0111094 
S0645sl     0.0627875 0.0749898 0.0746954 0.0895413 0.0384697 0.0680186 0.0682915 0.1009337 0.0966756 0.1152962 0.0634607 0.0278603 0.0999808 0.0815465 0.0495937 0.0814356 0.0818302 0.0997581 0.0533964 0.0000000 0.0809919 0.1074794 0.0676815 0.0681656 0.0681656 0.0885010 0.0497501 0.0552123 0.0616450 0.0676301 0.0810812 0.0937228 0.1153601 0.0812499 0.0741374 0.1207366 0.1002383 0.0745757 0.0921883 0.0679748 0.0620309 0.0676438 0.0496009 0.0439484 0.0960637 0.0531490 0.1691856 0.0674422 0.0683182 0.0541372 0.0620826 0.0756001 0.0802525 0.0588445 0.0559890 0.0623968 0.0943964 0.0557578 0.0675920 0.0557461 0.0385438 0.0557461 0.0742124 0.0745057 0.0933769 0.0557564 0.1004938 0.0497501 0.0559431 0.0620458 0.1495817 0.0556571 0.0736003 0.0871633 0.0620458 
S0689       0.0431794 0.0555714 0.0497203 0.0718818 0.0742177 0.0436219 0.0621240 0.0963036 0.0817438 0.0912709 0.0388231 0.0515148 0.0614209 0.0676247 0.0553988 0.0678802 0.0559377 0.0613479 0.0284837 0.0809919 0.0000000 0.0742412 0.0434136 0.0437106 0.0437106 0.0623411 0.0617381 0.0672657 0.0377523 0.0433815 0.0804177 0.0675364 0.0748175 0.0557809 0.0493642 0.0865724 0.0677076 0.0496441 0.0940634 0.0435929 0.0379805 0.0433908 0.0497253 0.0799847 0.0812432 0.0283586 0.1370066 0.0491358 0.0438031 0.0288679 0.0385606 0.0386635 0.0435913 0.0339163 0.0682299 0.0381961 0.0680016 0.0434304 0.0433587 0.0321956 0.0796402 0.0321956 0.0738010 0.0495974 0.0554768 0.0322009 0.0617687 0.0617381 0.0323011 0.0379886 0.1000591 0.0438358 0.0490198 0.0497225 0.0379886 
S0735       0.0494294 0.0803899 0.0804895 0.1046150 0.1005278 0.0737302 0.0802128 0.1228705 0.1224210 0.1141831 0.0692708 0.0828840 0.0990487 0.1061703 0.0806509 0.0933367 0.0927189 0.0994557 0.0531414 0.1074794 0.0742412 0.0000000 0.0733645 0.0677140 0.0677140 0.0878949 0.0868050 0.0992314 0.0672882 0.0733091 0.1006319 0.0930861 0.1002906 0.0746517 0.0798872 0.0211550 0.0051778 0.0803601 0.1012393 0.0736838 0.0677106 0.0675398 0.0803977 0.1131209 0.1216380 0.0590909 0.1688847 0.0555066 0.0614532 0.0601881 0.0687182 0.0684448 0.0860357 0.0462736 0.0938453 0.0681092 0.0937507 0.0733932 0.0732682 0.0613566 0.0996223 0.0613566 0.0988930 0.0802853 0.0932255 0.0613680 0.1000473 0.0868050 0.0615745 0.0611087 0.1565530 0.0741128 0.0793084 0.0869007 0.0611087 
S0756       0.0361532 0.0433833 0.0266752 0.0706938 0.0612447 0.0210718 0.0552800 0.1012802 0.0806435 0.0625876 0.0160648 0.0449111 0.0490786 0.0667446 0.0491262 0.0551788 0.0551646 0.0489777 0.0110448 0.0676815 0.0434136 0.0733645 0.0000000 0.0320020 0.0320020 0.0382825 0.0492797 0.0432888 0.0263318 0.0317673 0.0554067 0.0549064 0.0738242 0.0435432 0.0374781 0.0855391 0.0669178 0.0376848 0.0802162 0.0319179 0.0157275 0.0209639 0.0490898 0.0668633 0.0801564 0.0109991 0.1212434 0.0373086 0.0211547 0.0111904 0.0324456 0.0381693 0.0430419 0.0164574 0.0554526 0.0158139 0.0552749 0.0318025 0.0317512 0.0103726 0.0665832 0.0103726 0.0549690 0.0266107 0.0547164 0.0209639 0.0609116 0.0492797 0.0210275 0.0264921 0.0985089 0.0320911 0.0372228 0.0490439 0.0264921 
S0760       0.0364275 0.0104332 0.0379977 0.0408965 0.0616767 0.0321522 0.0490812 0.0688912 0.0559060 0.0766444 0.0272446 0.0452292 0.0610516 0.0432257 0.0494645 0.0489935 0.0383330 0.0609237 0.0167807 0.0681656 0.0437106 0.0677140 0.0320020 0.0000000 0.0000010 0.0268550 0.0432184 0.0435847 0.0265055 0.0319786 0.0557947 0.0211203 0.0553997 0.0438420 0.0266674 0.0798307 0.0613340 0.0379403 0.0556166 0.0321303 0.0266630 0.0319856 0.0380310 0.0673348 0.0555778 0.0167088 0.1087020 0.0375588 0.0322827 0.0112687 0.0326663 0.0322803 0.0433334 0.0279216 0.0492317 0.0105515 0.0212558 0.0320143 0.0319623 0.0210983 0.0670513 0.0210983 0.0553510 0.0379049 0.0436058 0.0211016 0.0613387 0.0432184 0.0211659 0.0266684 0.0993353 0.0213104 0.0374718 0.0493806 0.0266684 
S0765       0.0364275 0.0104332 0.0379977 0.0408965 0.0616767 0.0321522 0.0490812 0.0688912 0.0559060 0.0766444 0.0272446 0.0452292 0.0610516 0.0432257 0.0494645 0.0489935 0.0383330 0.0609237 0.0167807 0.0681656 0.0437106 0.0677140 0.0320020 0.0000010 0.0000000 0.0268550 0.0432184 0.0435847 0.0265055 0.0319786 0.0557947 0.0211203 0.0553997 0.0438420 0.0266674 0.0798307 0.0613340 0.0379403 0.0556166 0.0321303 0.0266630 0.0319856 0.0380310 0.0673348 0.0555778 0.0167088 0.1087020 0.0375588 0.0322827 0.0112687 0.0326663 0.0322803 0.0433334 0.0279216 0.0492317 0.0105515 0.0212558 0.0320143 0.0319623 0.0210983 0.0670513 0.0210983 0.0553510 0.0379049 0.0436058 0.0211016 0.0613387 0.0432184 0.0211659 0.0266684 0.0993353 0.0213104 0.0374718 0.0493806 0.0266684 
S0795       0.0569234 0.0382309 0.0445469 0.0410041 0.0814941 0.0384678 0.0678771 0.0884304 0.0623435 0.0999818 0.0335413 0.0645957 0.0806327 0.0616282 0.0684294 0.0677474 0.0627176 0.0682079 0.0288671 0.0885010 0.0623411 0.0878949 0.0382825 0.0268550 0.0268550 0.0000000 0.0616185 0.0621597 0.0439473 0.0497153 0.0630025 0.0497721 0.0747399 0.0625356 0.0558838 0.1006875 0.0810293 0.0562070 0.0750444 0.0436671 0.0328076 0.0382623 0.0683770 0.0873773 0.0619726 0.0346954 0.1246937 0.0556200 0.0386282 0.0292617 0.0508292 0.0502019 0.0617836 0.0343964 0.0680956 0.0217606 0.0501083 0.0497721 0.0496886 0.0270350 0.0869929 0.0270350 0.0746735 0.0444355 0.0621892 0.0382623 0.0810321 0.0616185 0.0383856 0.0442271 0.1146701 0.0325819 0.0554868 0.0683035 0.0442271 
S0894       0.0432281 0.0493444 0.0557520 0.0708493 0.0436659 0.0495181 0.0266107 0.1148324 0.0934494 0.0916534 0.0447763 0.0275101 0.0798485 0.0789166 0.0321165 0.0611327 0.0742169 0.0675484 0.0345009 0.0497501 0.0617381 0.0868050 0.0492797 0.0432184 0.0432184 0.0616185 0.0000000 0.0375436 0.0435308 0.0492430 0.0739166 0.0667605 0.0800994 0.0619289 0.0553488 0.0994393 0.0800313 0.0556651 0.0857297 0.0494854 0.0437962 0.0492534 0.0432832 0.0548115 0.0928770 0.0343485 0.1304724 0.0550899 0.0497269 0.0349703 0.0503358 0.0439286 0.0611910 0.0459178 0.0051825 0.0440466 0.0672152 0.0492988 0.0492169 0.0378940 0.0553267 0.0378940 0.0554027 0.0556125 0.0735891 0.0379005 0.0802403 0.0000010 0.0380213 0.0438057 0.1338024 0.0378342 0.0549591 0.0676420 0.0438057 
S0899       0.0558675 0.0497688 0.0612525 0.0793884 0.0377601 0.0549552 0.0551654 0.1159149 0.0943033 0.0839136 0.0503134 0.0329764 0.0732397 0.0796135 0.0374287 0.0798378 0.0676694 0.0730152 0.0402058 0.0552123 0.0672657 0.0992314 0.0432888 0.0435847 0.0435847 0.0621597 0.0375436 0.0000000 0.0489158 0.0546503 0.0555591 0.0673426 0.0871296 0.0674733 0.0608096 0.1120969 0.0922533 0.0611568 0.0864967 0.0549196 0.0492140 0.0546616 0.0486392 0.0487514 0.0937203 0.0400266 0.1298987 0.0605265 0.0551873 0.0407494 0.0558629 0.0619708 0.0666705 0.0515938 0.0434412 0.0380853 0.0678055 0.0547119 0.0546212 0.0432584 0.0607845 0.0432584 0.0267712 0.0611007 0.0671046 0.0432659 0.0858569 0.0375436 0.0434052 0.0492249 0.1260683 0.0320525 0.0603821 0.0731849 0.0492249 
S0959       0.0299191 0.0377265 0.0321504 0.0631195 0.0553259 0.0264540 0.0494390 0.0946860 0.0743978 0.0691971 0.0215148 0.0390453 0.0547737 0.0607975 0.0433958 0.0268152 0.0493370 0.0546606 0.0110390 0.0616450 0.0377523 0.0672882 0.0263318 0.0265055 0.0265055 0.0439473 0.0435308 0.0489158 0.0000000 0.0156250 0.0612224 0.0491083 0.0677089 0.0267615 0.0210645 0.0793237 0.0609529 0.0104708 0.0740055 0.0264359 0.0210612 0.0263185 0.0433637 0.0609056 0.0739509 0.0109925 0.1144081 0.0317846 0.0265593 0.0111845 0.0268706 0.0325128 0.0374313 0.0220426 0.0495920 0.0211773 0.0494352 0.0263418 0.0262995 0.0156261 0.0606525 0.0156261 0.0607366 0.0320734 0.0489392 0.0156285 0.0550265 0.0435308 0.0156753 0.0210653 0.0983203 0.0265787 0.0317120 0.0433245 0.0210653 
S0960       0.0361234 0.0433511 0.0377138 0.0706268 0.0611986 0.0319161 0.0552387 0.1012008 0.0805820 0.0759676 0.0270408 0.0448768 0.0605837 0.0666948 0.0490898 0.0436397 0.0551233 0.0604578 0.0166521 0.0676301 0.0433815 0.0733091 0.0317673 0.0319786 0.0319786 0.0497153 0.0492430 0.0546503 0.0156250 0.0000000 0.0671637 0.0548656 0.0737681 0.0322878 0.0264717 0.0732682 0.0668676 0.0266165 0.0801549 0.0318946 0.0264674 0.0317512 0.0490535 0.0550801 0.0739362 0.0165812 0.1077929 0.0372815 0.0320441 0.0168724 0.0324216 0.0381409 0.0319213 0.0277075 0.0554110 0.0211740 0.0552336 0.0317794 0.0317281 0.0209455 0.0665336 0.0209455 0.0666276 0.0376223 0.0546755 0.0209488 0.0608662 0.0492430 0.0210122 0.0264727 0.1047048 0.0320676 0.0371958 0.0490076 0.0264727 
S1052sl     0.0701662 0.0623134 0.0620697 0.0881974 0.0561941 0.0556776 0.0937324 0.1315654 0.1025657 0.1219076 0.0509859 0.0637907 0.0992595 0.0872499 0.0616638 0.0935391 0.0749736 0.0734404 0.0404320 0.0810812 0.0804177 0.1006319 0.0554067 0.0557947 0.0557947 0.0630025 0.0739166 0.0555591 0.0612224 0.0671637 0.0000000 0.0805150 0.0739160 0.0683843 0.0736194 0.1136985 0.0935378 0.0740516 0.0876995 0.0675038 0.0498572 0.0553767 0.0677207 0.0800551 0.1019178 0.0527658 0.1461289 0.0613247 0.0559166 0.0474728 0.0686948 0.0750613 0.0796886 0.0462092 0.0673548 0.0385791 0.0810826 0.0553781 0.0671266 0.0438174 0.0745143 0.0438174 0.0871581 0.0619145 0.0802230 0.0553767 0.0997648 0.0739166 0.0555606 0.0616184 0.1417154 0.0559589 0.0730899 0.0865422 0.0616184 
S1083       0.0627610 0.0212465 0.0556463 0.0484792 0.0866952 0.0551728 0.0611221 0.0759494 0.0683870 0.0984816 0.0505165 0.0699635 0.0857837 0.0550452 0.0736163 0.0728860 0.0620616 0.0855981 0.0403731 0.0937228 0.0675364 0.0930861 0.0549064 0.0211203 0.0211203 0.0497721 0.0667605 0.0673426 0.0491083 0.0548656 0.0805150 0.0000000 0.0799245 0.0677457 0.0494167 0.1058425 0.0862058 0.0614022 0.0680276 0.0551369 0.0494078 0.0548770 0.0615645 0.0925396 0.0679778 0.0401925 0.1372009 0.0607661 0.0554070 0.0348621 0.0560879 0.0438446 0.0551828 0.0518073 0.0732600 0.0325857 0.0104436 0.0549277 0.0548361 0.0434285 0.0785516 0.0434285 0.0739916 0.0613449 0.0606338 0.0434360 0.0862075 0.0667605 0.0435758 0.0494189 0.1265988 0.0438821 0.0606207 0.0734801 0.0494189 
S1120       0.0708457 0.0676303 0.0810003 0.0631382 0.1077833 0.0741943 0.0866777 0.1165705 0.0948186 0.1221834 0.0697159 0.0906459 0.1066042 0.0800334 0.0938115 0.0865033 0.0816775 0.0926638 0.0530576 0.1153601 0.0748175 0.1002906 0.0738242 0.0553997 0.0553997 0.0747399 0.0800994 0.0871296 0.0677089 0.0737681 0.0739160 0.0799245 0.0000000 0.0876618 0.0803910 0.1002310 0.0932275 0.0808697 0.1074149 0.0741474 0.0681363 0.0616940 0.0937387 0.1138463 0.0942293 0.0594823 0.1184643 0.0800036 0.0686434 0.0605940 0.0692370 0.0683550 0.0679242 0.0588927 0.0734154 0.0564884 0.0804838 0.0738531 0.0737267 0.0617395 0.1133281 0.0617395 0.1004202 0.0807937 0.0746347 0.0617511 0.1071572 0.0800994 0.0619603 0.0554873 0.1431204 0.0624105 0.0798051 0.0936232 0.0554873 
S1128       0.0432119 0.0557412 0.0498715 0.0706445 0.0683188 0.0437528 0.0682227 0.0946526 0.0810419 0.0915986 0.0389416 0.0513655 0.0736778 0.0670634 0.0499590 0.0438778 0.0554268 0.0735201 0.0285729 0.0812499 0.0557809 0.0746517 0.0435432 0.0438420 0.0438420 0.0625356 0.0619289 0.0674733 0.0267615 0.0322878 0.0683843 0.0677457 0.0876618 0.0000000 0.0157885 0.0870553 0.0680777 0.0267588 0.0683320 0.0437236 0.0380939 0.0435203 0.0558815 0.0802363 0.0805493 0.0284470 0.1374739 0.0323579 0.0439351 0.0289587 0.0444692 0.0504526 0.0495132 0.0340217 0.0684436 0.0383108 0.0682138 0.0435601 0.0434880 0.0322896 0.0677310 0.0322896 0.0800094 0.0267110 0.0675046 0.0322950 0.0740352 0.0619289 0.0323969 0.0381020 0.1198837 0.0439680 0.0491667 0.0616213 0.0381020 
S1129sl     0.0426842 0.0379607 0.0435937 0.0626566 0.0675468 0.0376556 0.0614723 0.0876657 0.0739511 0.0833972 0.0328209 0.0510874 0.0668584 0.0604458 0.0551747 0.0496623 0.0434567 0.0667178 0.0224652 0.0741374 0.0493642 0.0798872 0.0374781 0.0266674 0.0266674 0.0558838 0.0553488 0.0608096 0.0210645 0.0264717 0.0736194 0.0494167 0.0803910 0.0157885 0.0000000 0.0922639 0.0732928 0.0323004 0.0735637 0.0376305 0.0321176 0.0374587 0.0436349 0.0732297 0.0735096 0.0223678 0.1288021 0.0430883 0.0378092 0.0169724 0.0382605 0.0440934 0.0489367 0.0336393 0.0616674 0.0267637 0.0497485 0.0374925 0.0374313 0.0264733 0.0729192 0.0264733 0.0730250 0.0210255 0.0608379 0.0264776 0.0671755 0.0553488 0.0265593 0.0321242 0.1118628 0.0378371 0.0429880 0.0550791 0.0321242 
S1148       0.0559350 0.0928498 0.0929675 0.1211849 0.1135783 0.0859693 0.0926478 0.1366716 0.1361637 0.1291869 0.0753788 0.0957681 0.1118906 0.1192437 0.0931623 0.1061363 0.1054231 0.1123469 0.0656731 0.1207366 0.0865724 0.0211550 0.0855391 0.0798307 0.0798307 0.1006875 0.0994393 0.1120969 0.0793237 0.0732682 0.1136985 0.1058425 0.1002310 0.0870553 0.0922639 0.0000000 0.0156883 0.0928163 0.1143954 0.0859168 0.0798262 0.0796193 0.0928680 0.1130525 0.1283340 0.0716937 0.1539208 0.0673019 0.0733841 0.0730361 0.0810299 0.0807079 0.0796555 0.0584673 0.1067275 0.0803002 0.1066064 0.0855723 0.0854257 0.0732686 0.1125412 0.0732686 0.1117068 0.0927305 0.1059995 0.0732827 0.1130276 0.0994393 0.0735348 0.0729674 0.1642178 0.0864229 0.0915894 0.0995388 0.0729674 
S1180       0.0426877 0.0737487 0.0738384 0.0956367 0.0934431 0.0672475 0.0735862 0.1152325 0.1148176 0.1059613 0.0627278 0.0760056 0.0920844 0.0990356 0.0739818 0.0864324 0.0858688 0.0924618 0.0466474 0.1002383 0.0677076 0.0051778 0.0669178 0.0613340 0.0613340 0.0810293 0.0800313 0.0922533 0.0609529 0.0668676 0.0935378 0.0862058 0.0932275 0.0680777 0.0732928 0.0156883 0.0000000 0.0737213 0.0940939 0.0672048 0.0613310 0.0611796 0.0737518 0.1058362 0.1140907 0.0525195 0.1602217 0.0493697 0.0552100 0.0534845 0.0622313 0.0619851 0.0793349 0.0399965 0.0868946 0.0616879 0.0868135 0.0669438 0.0668309 0.0551226 0.0926129 0.0551226 0.0919442 0.0736527 0.0863347 0.0551326 0.0930027 0.0800313 0.0553153 0.0549037 0.1483491 0.0675912 0.0727678 0.0801233 0.0549037 
S1189       0.0429527 0.0496092 0.0438391 0.0788887 0.0679407 0.0378644 0.0618284 0.1091691 0.0879100 0.0770462 0.0330065 0.0451368 0.0553836 0.0735255 0.0554898 0.0268125 0.0616972 0.0671016 0.0225958 0.0745757 0.0496441 0.0803601 0.0376848 0.0379403 0.0379403 0.0562070 0.0556651 0.0611568 0.0104708 0.0266165 0.0740516 0.0614022 0.0808697 0.0267588 0.0323004 0.0928163 0.0737213 0.0000000 0.0874363 0.0378390 0.0322950 0.0376653 0.0554482 0.0736573 0.0873700 0.0224977 0.1296233 0.0377389 0.0380198 0.0228987 0.0384765 0.0443445 0.0492119 0.0338344 0.0620255 0.0324777 0.0618215 0.0376994 0.0376376 0.0266181 0.0733430 0.0266181 0.0734502 0.0437313 0.0611856 0.0266224 0.0675651 0.0556651 0.0267048 0.0323016 0.1125469 0.0380480 0.0376376 0.0438020 0.0323016 
S1210       0.0698306 0.0501337 0.0875795 0.0641778 0.1004212 0.0806218 0.0870325 0.0745006 0.0754126 0.1391991 0.0699308 0.0899607 0.1135772 0.0615980 0.0805762 0.0995462 0.0808562 0.1133199 0.0599493 0.0921883 0.0940634 0.1012393 0.0802162 0.0556166 0.0556166 0.0750444 0.0857297 0.0864967 0.0740055 0.0801549 0.0876995 0.0680276 0.1074149 0.0683320 0.0735637 0.1143954 0.0940939 0.0874363 0.0000000 0.0805714 0.0744768 0.0801705 0.0869199 0.1062331 0.0749537 0.0596686 0.1701095 0.0677598 0.0809855 0.0607875 0.0745420 0.0686310 0.0806376 0.0717847 0.0926614 0.0626928 0.0685000 0.0802477 0.0801093 0.0679494 0.1007015 0.0679494 0.0879020 0.0739262 0.0938339 0.0679625 0.1008893 0.0857297 0.0681967 0.0744954 0.1578743 0.0686962 0.0862751 0.1003932 0.0744954 
S1214sl     0.0363185 0.0435625 0.0378961 0.0634888 0.0615062 0.0320681 0.0555139 0.0879618 0.0810022 0.0697588 0.0271715 0.0451033 0.0551605 0.0670301 0.0493309 0.0554119 0.0553977 0.0549801 0.0167344 0.0679748 0.0435929 0.0736838 0.0319179 0.0321303 0.0321303 0.0436671 0.0494854 0.0549196 0.0264359 0.0318946 0.0675038 0.0551369 0.0741474 0.0437236 0.0376305 0.0859168 0.0672048 0.0378390 0.0805714 0.0000000 0.0265929 0.0319016 0.0492942 0.0671497 0.0805110 0.0166629 0.1218173 0.0374594 0.0321968 0.0169569 0.0325786 0.0326995 0.0432181 0.0278445 0.0556875 0.0267410 0.0555087 0.0104143 0.0318784 0.0210434 0.0668672 0.0210434 0.0669623 0.0378037 0.0549455 0.0210467 0.0611703 0.0494854 0.0211107 0.0265982 0.1056710 0.0210918 0.0373726 0.0436276 0.0265982 
S1227       0.0301200 0.0379542 0.0213356 0.0636157 0.0556680 0.0158004 0.0497435 0.0953125 0.0748740 0.0696846 0.0107075 0.0392894 0.0551091 0.0611735 0.0436597 0.0496534 0.0496399 0.0435287 0.0055199 0.0620309 0.0379805 0.0677106 0.0157275 0.0266630 0.0266630 0.0328076 0.0437962 0.0492140 0.0210612 0.0264674 0.0498572 0.0494078 0.0681363 0.0380939 0.0321176 0.0798262 0.0613310 0.0322950 0.0744768 0.0265929 0.0000000 0.0157197 0.0436273 0.0612830 0.0744214 0.0110601 0.1151748 0.0319732 0.0051730 0.0055933 0.0270324 0.0327103 0.0376556 0.0109690 0.0498982 0.0105402 0.0497396 0.0264969 0.0264540 0.0051850 0.0610268 0.0051850 0.0611120 0.0212840 0.0492374 0.0157197 0.0553655 0.0437962 0.0157670 0.0211895 0.1055675 0.0267371 0.0318998 0.0435877 0.0211895 
S1235sl     0.0299136 0.0433604 0.0266616 0.0706445 0.0612112 0.0210612 0.0552502 0.1012194 0.0805977 0.0759843 0.0160566 0.0448867 0.0605960 0.0667081 0.0491002 0.0551490 0.0493915 0.0489517 0.0110390 0.0676438 0.0433908 0.0675398 0.0209639 0.0319856 0.0319856 0.0382623 0.0492534 0.0546616 0.0263185 0.0317512 0.0553767 0.0548770 0.0616940 0.0435203 0.0374587 0.0796193 0.0611796 0.0376653 0.0801705 0.0319016 0.0157197 0.0000000 0.0490638 0.0668266 0.0801108 0.0165852 0.1077008 0.0372895 0.0158280 0.0111845 0.0324288 0.0381493 0.0430195 0.0054196 0.0554226 0.0158060 0.0552451 0.0317863 0.0317350 0.0103676 0.0665468 0.0103676 0.0666409 0.0265972 0.0432500 0.0209535 0.0492767 0.0492534 0.0210170 0.0264786 0.1113734 0.0320746 0.0372038 0.0490179 0.0264786 
S1239       0.0492862 0.0441176 0.0555339 0.0955421 0.0377304 0.0493266 0.0612341 0.1162153 0.1010739 0.0984191 0.0445998 0.0218158 0.0673625 0.0860199 0.0376300 0.0739366 0.0679925 0.0793601 0.0343618 0.0496009 0.0497253 0.0803977 0.0490898 0.0380310 0.0380310 0.0683770 0.0432832 0.0486392 0.0433637 0.0490535 0.0677207 0.0615645 0.0937387 0.0558815 0.0436349 0.0928680 0.0737518 0.0554482 0.0869199 0.0492942 0.0436273 0.0490638 0.0000000 0.0546499 0.1004437 0.0342096 0.1441328 0.0492211 0.0495335 0.0288456 0.0501378 0.0444160 0.0609524 0.0396158 0.0493073 0.0381708 0.0619863 0.0491088 0.0490275 0.0377493 0.0494752 0.0377493 0.0670075 0.0553963 0.0732981 0.0377557 0.0799195 0.0432832 0.0378756 0.0436367 0.1332463 0.0376899 0.0547470 0.0673753 0.0436367 
S1251       0.0697492 0.0738702 0.0737741 0.0953055 0.0268365 0.0671923 0.0674580 0.1306359 0.1004075 0.1136080 0.0626771 0.0329672 0.0987123 0.0854804 0.0546416 0.0804175 0.0857875 0.0984952 0.0527204 0.0439484 0.0799847 0.1131209 0.0668633 0.0673348 0.0673348 0.0873773 0.0548115 0.0487514 0.0609056 0.0550801 0.0800551 0.0925396 0.1138463 0.0802363 0.0732297 0.1130525 0.1058362 0.0736573 0.1062331 0.0671497 0.0612830 0.0668266 0.0546499 0.0000000 0.0933550 0.0524793 0.1378315 0.0728831 0.0674842 0.0534425 0.0683279 0.0746556 0.0672050 0.0581053 0.0610616 0.0616393 0.0931961 0.0610315 0.0667766 0.0550816 0.0437241 0.0550816 0.0731161 0.0735888 0.0922025 0.0550917 0.0992118 0.0548115 0.0552742 0.0612974 0.1475633 0.0549957 0.0727058 0.0860730 0.0612974 
S1269       0.0921975 0.0559267 0.0875127 0.0000021 0.1084631 0.0805614 0.0869667 0.0578277 0.0106327 0.1235260 0.0761602 0.0905107 0.1134889 0.0105183 0.1005220 0.0867059 0.0679002 0.1132321 0.0663093 0.0960637 0.0812432 0.1216380 0.0801564 0.0555778 0.0555778 0.0619726 0.0928770 0.0937203 0.0739509 0.0739362 0.1019178 0.0679778 0.0942293 0.0805493 0.0735096 0.1283340 0.1140907 0.0873700 0.0749537 0.0805110 0.0744214 0.0801108 0.1004437 0.0933550 0.0000000 0.0659951 0.1546320 0.0864267 0.0809245 0.0672376 0.0756368 0.0685802 0.0621850 0.0717296 0.1000165 0.0626467 0.0684494 0.0743004 0.0800497 0.0679002 0.1007793 0.0679002 0.1072372 0.0738716 0.0937620 0.0679132 0.1140849 0.0928770 0.0681465 0.0744399 0.1502476 0.0686456 0.0862105 0.1003157 0.0744399 
S1278       0.0186284 0.0281630 0.0225323 0.0524473 0.0466080 0.0166752 0.0404763 0.0875765 0.0664157 0.0600567 0.0054974 0.0293801 0.0461205 0.0523802 0.0342364 0.0344143 0.0403883 0.0460204 0.0000028 0.0531490 0.0283586 0.0590909 0.0109991 0.0167088 0.0167088 0.0346954 0.0343485 0.0400266 0.0109925 0.0165812 0.0527658 0.0401925 0.0594823 0.0284470 0.0223678 0.0716937 0.0525195 0.0224977 0.0596686 0.0166629 0.0110601 0.0165852 0.0342096 0.0524793 0.0659951 0.0000000 0.1012924 0.0222630 0.0167441 0.0000022 0.0169500 0.0227994 0.0281050 0.0116032 0.0406071 0.0111242 0.0404740 0.0166006 0.0165725 0.0054676 0.0522502 0.0054676 0.0523249 0.0224746 0.0400471 0.0054684 0.0463428 0.0343485 0.0054854 0.0110623 0.0917372 0.0167571 0.0222097 0.0341789 0.0110623 
S1315       0.1171509 0.1230188 0.1298475 0.1478257 0.1457251 0.1218878 0.1526752 0.1982685 0.1632261 0.1794862 0.1180171 0.1425162 0.1584153 0.1518743 0.1442487 0.1523036 0.1310393 0.1580355 0.1088809 0.1691856 0.1370066 0.1688847 0.1212434 0.1087020 0.1087020 0.1246937 0.1304724 0.1298987 0.1144081 0.1077929 0.1461289 0.1372009 0.1184643 0.1374739 0.1288021 0.1539208 0.1602217 0.1296233 0.1701095 0.1218173 0.1151748 0.1077008 0.1441328 0.1378315 0.1546320 0.1012924 0.0000000 0.1281461 0.1160850 0.1083542 0.1241643 0.1167623 0.1149252 0.1071551 0.1386551 0.1025133 0.1382500 0.1212903 0.1210729 0.1077891 0.1659851 0.1077891 0.1517013 0.1295017 0.1226693 0.1078122 0.1517268 0.1304724 0.1082177 0.1152083 0.2080531 0.1090528 0.1278076 0.1439083 0.1152083 
S1332       0.0299074 0.0491016 0.0433930 0.0707107 0.0612676 0.0374844 0.0611833 0.1009145 0.0869554 0.0760485 0.0326689 0.0449192 0.0665451 0.0727539 0.0434660 0.0552611 0.0610549 0.0664058 0.0223590 0.0674422 0.0491358 0.0555066 0.0373086 0.0375588 0.0375588 0.0556200 0.0550899 0.0605265 0.0317846 0.0372815 0.0613247 0.0607661 0.0800036 0.0323579 0.0430883 0.0673019 0.0493697 0.0377389 0.0677598 0.0374594 0.0319732 0.0372895 0.0492211 0.0728831 0.0864267 0.0222630 0.1281461 0.0000000 0.0376366 0.0226559 0.0324173 0.0438882 0.0487124 0.0277380 0.0613763 0.0321509 0.0611766 0.0373220 0.0263185 0.0263551 0.0607528 0.0263551 0.0726802 0.0432869 0.0605545 0.0156398 0.0550675 0.0550899 0.0264396 0.0319797 0.1180569 0.0376643 0.0317350 0.0548238 0.0319797 
S1369       0.0301200 0.0437724 0.0269089 0.0715296 0.0618125 0.0212536 0.0557874 0.1022965 0.0814208 0.0768384 0.0162054 0.0453285 0.0611844 0.0673635 0.0495705 0.0556841 0.0493283 0.0494189 0.0111443 0.0683182 0.0438031 0.0614532 0.0211547 0.0322827 0.0322827 0.0386282 0.0497269 0.0551873 0.0265593 0.0320441 0.0559166 0.0554070 0.0686434 0.0439351 0.0378092 0.0733841 0.0552100 0.0380198 0.0809855 0.0321968 0.0051730 0.0158280 0.0495335 0.0674842 0.0809245 0.0167441 0.1160850 0.0376366 0.0000000 0.0112927 0.0327347 0.0385128 0.0434246 0.0110482 0.0559634 0.0159501 0.0557821 0.0320799 0.0320277 0.0104598 0.0671989 0.0104598 0.0672950 0.0268434 0.0495911 0.0211440 0.0614725 0.0497269 0.0212086 0.0267228 0.1125407 0.0323735 0.0375492 0.0494865 0.0267228 
S1370       0.0189966 0.0227949 0.0170980 0.0521094 0.0474649 0.0112459 0.0349643 0.0816326 0.0676744 0.0524605 0.0000021 0.0299271 0.0469586 0.0533399 0.0348542 0.0411371 0.0348878 0.0407494 0.0000028 0.0541372 0.0288679 0.0601881 0.0111904 0.0112687 0.0112687 0.0292617 0.0349703 0.0407494 0.0111845 0.0168724 0.0474728 0.0348621 0.0605940 0.0289587 0.0169724 0.0730361 0.0534845 0.0228987 0.0607875 0.0169569 0.0055933 0.0111845 0.0288456 0.0534425 0.0672376 0.0000022 0.1083542 0.0226559 0.0112927 0.0000000 0.0171459 0.0232116 0.0286053 0.0058721 0.0413503 0.0055923 0.0288705 0.0168924 0.0168634 0.0000028 0.0532049 0.0000028 0.0532825 0.0170537 0.0407705 0.0055628 0.0410701 0.0349703 0.0055805 0.0112569 0.1003561 0.0170544 0.0226007 0.0347945 0.0112569 
S1375       0.0058681 0.0443025 0.0272284 0.0648988 0.0625839 0.0269692 0.0503260 0.0888791 0.0761045 0.0706266 0.0276301 0.0458974 0.0619401 0.0621395 0.0501758 0.0563724 0.0563579 0.0618085 0.0170241 0.0620826 0.0385606 0.0687182 0.0324456 0.0326663 0.0326663 0.0508292 0.0503358 0.0558629 0.0268706 0.0324216 0.0686948 0.0560879 0.0692370 0.0444692 0.0382605 0.0810299 0.0622313 0.0384765 0.0745420 0.0325786 0.0270324 0.0324288 0.0501378 0.0683279 0.0756368 0.0169500 0.1241643 0.0324173 0.0327347 0.0171459 0.0000000 0.0389812 0.0382254 0.0283269 0.0566585 0.0271849 0.0564727 0.0324583 0.0213745 0.0213868 0.0680353 0.0213868 0.0681340 0.0384397 0.0558896 0.0213903 0.0622360 0.0503358 0.0105338 0.0270379 0.1062298 0.0327592 0.0268508 0.0500896 0.0270379 
S1422       0.0435838 0.0324769 0.0444128 0.0483237 0.0688613 0.0383534 0.0383883 0.0892028 0.0689960 0.0847003 0.0334399 0.0460234 0.0561168 0.0555187 0.0562261 0.0498055 0.0625251 0.0553676 0.0229001 0.0756001 0.0386635 0.0684448 0.0381693 0.0322803 0.0322803 0.0502019 0.0439286 0.0619708 0.0325128 0.0381409 0.0750613 0.0438446 0.0683550 0.0504526 0.0440934 0.0807079 0.0619851 0.0443445 0.0686310 0.0326995 0.0327103 0.0381493 0.0444160 0.0746556 0.0685802 0.0227994 0.1167623 0.0438882 0.0385128 0.0232116 0.0389812 0.0000000 0.0383601 0.0342892 0.0500519 0.0328970 0.0441379 0.0325783 0.0381209 0.0269559 0.0743334 0.0269559 0.0744429 0.0443022 0.0620001 0.0269603 0.0684756 0.0439286 0.0270449 0.0327171 0.1210823 0.0385418 0.0437842 0.0561272 0.0327171 
