134
PAFTOL_019361 0.0000000 0.1204213 0.1212783 0.1210784 0.1323240 0.1204787 0.1256209 0.1208476 0.1352265 0.1210733 0.1148855 0.1365493 0.1360876 0.1584926 0.1185670 0.1420733 0.1176780 0.1552664 0.1695035 0.1222829 0.1953373 0.1204787 0.1174914 0.1299935 0.1585984 0.1136598 0.1172946 0.1382832 0.1113456 0.1305037 0.1165666 0.1812630 0.1722090 0.1980623 0.1421175 0.1213471 0.1293503 0.1243694 0.1247940 0.1297192 0.1247358 0.1164973 0.1188557 0.1214702 0.1389569 0.1334344 0.1633278 0.1294751 0.1216573 0.1970969 0.1172946 0.1207404 0.1214971 0.1213970 0.1901025 0.1360413 0.1250611 0.1392409 0.1205777 0.1331474 0.1371719 0.1146153 0.1234570 0.1654886 0.1634314 0.1718756 0.1858273 0.1540329 0.1419032 0.1257281 0.0967316 0.1250271 0.1388697 0.1770700 0.1750635 0.1293500 0.1278621 0.1298230 0.1698885 0.1864418 0.1470264 0.1274580 0.1413854 0.1345798 0.1251303 0.1402617 0.1400138 0.1503602 0.1178421 0.1205777 0.1205777 0.1215418 0.1334803 0.1219910 0.1632356 0.1477940 0.1303185 0.1203636 0.1264283 0.1412424 0.1392543 0.1318486 0.1051793 0.1126355 0.1339373 0.1381637 0.1497652 0.1554544 0.1420801 0.1212980 0.1208362 0.1172946 0.1136314 0.1374831 0.1235465 0.1243940 0.1439343 0.1419950 0.1399920 0.1279425 0.1146843 0.1329467 0.1315728 0.1207093 0.1303288 0.1543250 0.1241399 0.1641004 0.1284191 0.1290473 0.1245147 0.1469826 0.1365899 0.1463211 
S0055         0.1204213 0.0000000 0.0630699 0.0972856 0.0833858 0.0475186 0.1113038 0.1352680 0.0885555 0.0523167 0.0553091 0.0986784 0.0940497 0.1088458 0.0694851 0.0908901 0.1006312 0.0908224 0.1055483 0.0925734 0.0805600 0.0448916 0.0468753 0.0972397 0.0768082 0.1072028 0.0685851 0.0728816 0.0969804 0.0917135 0.0946778 0.1082093 0.0783833 0.1205799 0.0934436 0.1138435 0.0557878 0.0448702 0.1193872 0.1042017 0.1170435 0.0625969 0.0479362 0.0749449 0.0903151 0.1454789 0.0748214 0.0908512 0.0455470 0.1096616 0.0633596 0.0488985 0.0626521 0.0640014 0.1128927 0.0785579 0.1052844 0.0963215 0.0851727 0.0884685 0.0923781 0.1032636 0.0842034 0.1081723 0.1046499 0.1099774 0.1064877 0.0849878 0.0831578 0.1432495 0.0457540 0.0979714 0.1017655 0.1062647 0.1032634 0.1423183 0.0650351 0.1396646 0.0915244 0.1115032 0.0861556 0.0955769 0.0526016 0.0976549 0.1385638 0.0494907 0.0496261 0.0814584 0.1116098 0.1111336 0.1030057 0.0893374 0.1032276 0.1404384 0.1086307 0.0958633 0.0902373 0.0480688 0.0892662 0.0930922 0.0862642 0.0523562 0.0364635 0.0308872 0.0931587 0.0500385 0.0937671 0.0997623 0.0905371 0.1222117 0.0470006 0.0669388 0.1305506 0.0829287 0.1161331 0.0464007 0.0871493 0.1000807 0.0782525 0.0539897 0.1236868 0.0449864 0.1087341 0.0448069 0.0560862 0.0832904 0.1074791 0.0923765 0.0901826 0.0980315 0.0669968 0.0765225 0.0779360 0.0761453 
S0196sl       0.1212783 0.0630699 0.0000000 0.1105705 0.0394010 0.0553088 0.0620046 0.1422723 0.0756935 0.0673042 0.0708366 0.1090657 0.0623907 0.0831344 0.0494580 0.0608753 0.1068806 0.0712010 0.1261543 0.0654236 0.0736246 0.0628531 0.0607402 0.1018717 0.0718676 0.1133073 0.0131911 0.0612924 0.1054956 0.0590970 0.1001164 0.1066478 0.0883834 0.0867690 0.0629232 0.1121384 0.0707596 0.0585673 0.1309958 0.1131669 0.1146824 0.0624704 0.0562692 0.0267638 0.0619879 0.1219576 0.0786888 0.0588726 0.0597172 0.0957702 0.0095790 0.0594058 0.0078145 0.0095838 0.1109987 0.0286370 0.1180102 0.0658541 0.0791777 0.0864110 0.0644974 0.1195009 0.0497325 0.0995878 0.0987080 0.1058694 0.1030065 0.0757571 0.0387124 0.1118127 0.0268765 0.0592639 0.0799057 0.0974059 0.0931865 0.1214617 0.0104216 0.1180384 0.1130792 0.1040763 0.0619400 0.0621734 0.0686680 0.0884388 0.1190694 0.0670051 0.0589848 0.0585819 0.1219248 0.1043028 0.1018420 0.0608798 0.1133034 0.1549821 0.0755906 0.0654468 0.0610365 0.0636112 0.0572817 0.0765363 0.0731947 0.0651026 0.0469020 0.0519394 0.0789273 0.0666979 0.1023111 0.0786431 0.0801908 0.1354146 0.0620645 0.0113537 0.1169928 0.0356645 0.1143458 0.0610745 0.0433877 0.0917253 0.0587517 0.0652730 0.1334598 0.0567436 0.1054692 0.0555555 0.0663116 0.0654235 0.1004693 0.0852761 0.0678915 0.0904709 0.0269039 0.0584541 0.0631928 0.0567908 
S0278         0.1210784 0.0972856 0.1105705 0.0000000 0.1046020 0.0953327 0.1389824 0.0510305 0.0876806 0.1019869 0.0996467 0.0472682 0.1174116 0.1239440 0.0283295 0.1132094 0.0345179 0.1008903 0.1180219 0.1131897 0.1171262 0.0980337 0.0960829 0.0518361 0.1189339 0.0363682 0.0915263 0.1102424 0.0429247 0.1101151 0.0512551 0.1040234 0.1317808 0.1387542 0.1220833 0.0370963 0.1032049 0.0950412 0.0425951 0.0471535 0.0854176 0.1010121 0.0990132 0.0995881 0.1144494 0.1720746 0.1218286 0.1147796 0.1042555 0.0997164 0.0887401 0.0994265 0.0878317 0.0917135 0.1077001 0.1044925 0.0486316 0.1176904 0.0730028 0.0484402 0.0939006 0.0522806 0.1035545 0.1057845 0.1021461 0.1006094 0.1045553 0.1472842 0.0993178 0.1757506 0.0590564 0.1196519 0.1188508 0.1036077 0.1007295 0.1695944 0.0962536 0.1688912 0.1023480 0.1077320 0.1009759 0.1153550 0.1008718 0.0996047 0.1719655 0.1003804 0.1039330 0.0956126 0.0387774 0.0746507 0.0747662 0.1127333 0.0542055 0.0394883 0.1255806 0.1137380 0.1111905 0.0975911 0.1133022 0.1030584 0.0910105 0.1067468 0.0937781 0.0905536 0.1040607 0.1009436 0.0583590 0.1051265 0.0881213 0.0481463 0.1072396 0.0916152 0.0726673 0.0992068 0.0793334 0.0927079 0.1048574 0.0962657 0.0907722 0.1082650 0.0501443 0.0963683 0.0652193 0.0976462 0.1000136 0.1035877 0.0756678 0.0932033 0.0868809 0.1038569 0.0801874 0.0900868 0.1041230 0.0816945 
S0281         0.1323240 0.0833858 0.0394010 0.1046020 0.0000000 0.0804091 0.1178449 0.1345317 0.0821553 0.0860913 0.0951993 0.1039854 0.0974411 0.1061130 0.0807230 0.0947805 0.1059835 0.0860650 0.1158363 0.0935857 0.0907139 0.0821653 0.0827947 0.0962498 0.0958010 0.1105596 0.0364712 0.0807593 0.1051700 0.0942062 0.1047860 0.1063845 0.1111352 0.1205690 0.1006890 0.1142689 0.0915641 0.0805038 0.1271054 0.1095352 0.1194632 0.0830853 0.0795501 0.0421830 0.0942059 0.1564894 0.0994232 0.0970497 0.0847544 0.1026527 0.0306101 0.0812744 0.0312248 0.0331619 0.1059078 0.0461198 0.1130257 0.0997244 0.0890170 0.0973709 0.0812529 0.1073899 0.0874974 0.1011681 0.1038144 0.1097847 0.1068106 0.1283322 0.0470972 0.1564296 0.0483934 0.0920705 0.1065072 0.1024054 0.0989732 0.1505690 0.0324648 0.1514733 0.1007322 0.1076927 0.0847056 0.0972886 0.0846425 0.0979689 0.1506018 0.0833099 0.0852443 0.0858284 0.1162326 0.1094133 0.1046686 0.0926127 0.1112081 0.1391604 0.1084078 0.0990770 0.0942512 0.0832528 0.0917587 0.0888050 0.0856170 0.0850931 0.0689776 0.0770850 0.0936776 0.0856322 0.0987933 0.0959510 0.0858853 0.1327711 0.0853267 0.0356943 0.1296713 0.0456678 0.1183172 0.0800217 0.0522703 0.0995003 0.0786212 0.0916750 0.1268476 0.0817194 0.1135259 0.0784851 0.0781411 0.0840295 0.1050134 0.0930204 0.0790298 0.1069790 0.0507800 0.0767503 0.0842971 0.0706201 
S0282         0.1204787 0.0475186 0.0553088 0.0953327 0.0804091 0.0000000 0.0999938 0.1301105 0.0798609 0.0183944 0.0377294 0.0954841 0.0907997 0.0992313 0.0731119 0.0847561 0.0966694 0.0889477 0.0978729 0.0861967 0.0805668 0.0145816 0.0194269 0.0974984 0.0785964 0.1022305 0.0661015 0.0739585 0.0905523 0.0870040 0.0930940 0.0993154 0.0852835 0.1168039 0.0886771 0.1090336 0.0527729 0.0176026 0.1158190 0.1021438 0.1148666 0.0620585 0.0114000 0.0752629 0.0849172 0.1419985 0.0787532 0.0868929 0.0212797 0.0996220 0.0616255 0.0139640 0.0582258 0.0609067 0.1055751 0.0788618 0.1024603 0.0847431 0.0827652 0.0844239 0.0861898 0.0993452 0.0774314 0.0991991 0.0951939 0.1026148 0.0993416 0.0690253 0.0820594 0.1364495 0.0454571 0.0880687 0.0956940 0.0985423 0.0973972 0.1379043 0.0662325 0.1379395 0.0819291 0.1018950 0.0818743 0.0874776 0.0515568 0.0907308 0.1355064 0.0217928 0.0480997 0.0734925 0.1060822 0.1053564 0.0989571 0.0839655 0.1014550 0.1357427 0.1060334 0.0903255 0.0848460 0.0199851 0.0801176 0.0917646 0.0793508 0.0218735 0.0155027 0.0450760 0.0836039 0.0470646 0.0925541 0.0892081 0.0818165 0.1201598 0.0487649 0.0637988 0.1282069 0.0803925 0.1126170 0.0176432 0.0869506 0.0928486 0.0763771 0.0269873 0.1184419 0.0453722 0.1030082 0.0406799 0.0569748 0.0812808 0.1017980 0.0857670 0.0819283 0.0970877 0.0603501 0.0746434 0.0729016 0.0698863 
S0288         0.1256209 0.1113038 0.0620046 0.1389824 0.1178449 0.0999938 0.0000000 0.1741815 0.1187424 0.1051110 0.1091974 0.1440084 0.0287119 0.0826218 0.1207000 0.0279287 0.1356371 0.1157898 0.1183402 0.0247933 0.1165050 0.0864356 0.0995338 0.1344094 0.1179872 0.1395656 0.0983889 0.1206891 0.1169808 0.0253757 0.1301287 0.1340276 0.1277245 0.0938377 0.0164760 0.1494202 0.1175990 0.1026551 0.1572614 0.1364304 0.1575268 0.1080498 0.1041824 0.1089147 0.0279580 0.1778823 0.1250825 0.0247352 0.1069989 0.1345745 0.0949741 0.1034620 0.0934327 0.0958726 0.1429874 0.1135749 0.1438419 0.0793161 0.1281324 0.1241339 0.1223491 0.1316250 0.0491569 0.1313334 0.1321107 0.1349882 0.1392297 0.1246214 0.1204373 0.1770739 0.0714103 0.0720136 0.0801325 0.1361385 0.1299015 0.1732565 0.1010863 0.1714259 0.1296306 0.1342012 0.1130157 0.0688673 0.1131281 0.1346603 0.1737966 0.1107419 0.1108492 0.1081552 0.1465346 0.1484129 0.1414677 0.0278485 0.1420038 0.1734993 0.0865214 0.0260238 0.0253766 0.1038013 0.0771125 0.1222777 0.1218544 0.1120239 0.0922358 0.1038345 0.1258173 0.1118515 0.1278483 0.1234982 0.1249276 0.1596783 0.1111269 0.0951850 0.1456799 0.1184714 0.1509919 0.1073266 0.1249795 0.1326951 0.1091537 0.1102042 0.1572128 0.1052818 0.1343875 0.1023163 0.1054323 0.1096142 0.1442510 0.1217823 0.1175867 0.1337065 0.1004617 0.1052800 0.1170106 0.1073904 
S0289         0.1208476 0.1352680 0.1422723 0.0510305 0.1345317 0.1301105 0.1741815 0.0000000 0.1190608 0.1385006 0.1402727 0.0460363 0.1547821 0.1684038 0.0323746 0.1524771 0.0496212 0.1392603 0.1202806 0.1508535 0.1511068 0.1304570 0.1307016 0.0549892 0.1521333 0.0402848 0.1193383 0.1472867 0.0595057 0.1470610 0.0687283 0.1384408 0.1597481 0.1747261 0.1651526 0.0520302 0.1400172 0.1333061 0.0587590 0.0608479 0.1041150 0.1340625 0.1425499 0.1286602 0.1500691 0.2197493 0.1532174 0.1520894 0.1401868 0.1394040 0.1158428 0.1328893 0.1141842 0.1192067 0.1358496 0.1328331 0.0613793 0.1471491 0.0853310 0.0652810 0.1293353 0.0556555 0.1419016 0.1347566 0.1291855 0.1377870 0.1425548 0.1778520 0.1317017 0.2159564 0.0842565 0.1525222 0.1529557 0.1275876 0.1239606 0.2124813 0.1280125 0.2139693 0.1073929 0.1364465 0.1269186 0.1506763 0.1409663 0.1311467 0.2131129 0.1398643 0.1367992 0.1294073 0.0409566 0.0965380 0.1001504 0.1492831 0.0711714 0.0725171 0.1641909 0.1511611 0.1461014 0.1349298 0.1452408 0.1388563 0.1221344 0.1448640 0.1213325 0.1318913 0.1290316 0.1388995 0.0731915 0.1376189 0.1218493 0.0576397 0.1390886 0.1200975 0.0725662 0.1305210 0.1016704 0.1353522 0.1329722 0.1241533 0.1227818 0.1455885 0.0562240 0.1315237 0.0782350 0.1320944 0.1366190 0.1320985 0.0948055 0.1222451 0.1220292 0.1483462 0.1182759 0.1194398 0.1412295 0.1186773 
S0292         0.1352265 0.0885555 0.0756935 0.0876806 0.0821553 0.0798609 0.1187424 0.1190608 0.0000000 0.0880283 0.0963833 0.0939152 0.1040404 0.1093522 0.0662595 0.1032152 0.0936419 0.0903713 0.1000584 0.1002053 0.0947724 0.0864186 0.0861495 0.0901786 0.0982672 0.0987305 0.0720972 0.0907718 0.0980852 0.0974867 0.0962848 0.0672048 0.1083352 0.1181864 0.1013332 0.1058134 0.0956114 0.0845303 0.1098872 0.0966671 0.1144157 0.0873660 0.0859937 0.0778187 0.1026355 0.1601074 0.1042514 0.1006562 0.0904933 0.0689706 0.0675120 0.0838291 0.0674597 0.0696882 0.0699021 0.0814889 0.0969987 0.1001931 0.0813099 0.0877708 0.0848875 0.0925064 0.0872884 0.0685194 0.0705370 0.0754563 0.0697322 0.1293276 0.0856606 0.1610598 0.0464925 0.1042711 0.1058533 0.0731590 0.0699534 0.1576760 0.0677063 0.1552145 0.0797757 0.0741736 0.0879010 0.1059741 0.0847657 0.0446697 0.1570717 0.0875495 0.0880393 0.0548389 0.0998721 0.1059642 0.1015157 0.0968325 0.1000714 0.1214574 0.1086630 0.1025448 0.0992692 0.0859062 0.0938812 0.0899208 0.0213109 0.0916260 0.0697144 0.0809289 0.0416078 0.0865875 0.0847326 0.0366043 0.0288973 0.1133043 0.0875080 0.0704369 0.1195505 0.0841395 0.1130128 0.0864538 0.0915567 0.0438839 0.0782193 0.0975141 0.1109377 0.0832976 0.1003164 0.0829711 0.0811469 0.0803793 0.1000455 0.0556934 0.0804215 0.0985024 0.0639572 0.0755555 0.0909396 0.0711640 
S0293         0.1210733 0.0523167 0.0673042 0.1019869 0.0860913 0.0183944 0.1051110 0.1385006 0.0880283 0.0000000 0.0449169 0.1068836 0.0955871 0.1062481 0.0722186 0.0893299 0.1048016 0.0948356 0.1096246 0.0893288 0.0904734 0.0224677 0.0234521 0.1058958 0.0822139 0.1128392 0.0743068 0.0830427 0.1019536 0.0916430 0.1010566 0.1061068 0.0905413 0.1181129 0.0926609 0.1198623 0.0564468 0.0228096 0.1278403 0.1112029 0.1228966 0.0632192 0.0177022 0.0808134 0.0895032 0.1426171 0.0815409 0.0900410 0.0272107 0.1073219 0.0696297 0.0184355 0.0661100 0.0688805 0.1073434 0.0844915 0.1106890 0.0877566 0.0923572 0.0936663 0.0928378 0.1121922 0.0825164 0.1059925 0.1049275 0.1079992 0.1039631 0.0766423 0.0900465 0.1387764 0.0484542 0.0931497 0.1012717 0.1015379 0.0995937 0.1384608 0.0754580 0.1384113 0.0955411 0.1103292 0.0839621 0.0920746 0.0543480 0.1004240 0.1368089 0.0258426 0.0528583 0.0823086 0.1169124 0.1136725 0.1092859 0.0870409 0.1105062 0.1461585 0.1080077 0.0950769 0.0879482 0.0252587 0.0822870 0.0939820 0.0866992 0.0240250 0.0176048 0.0491803 0.0924579 0.0510569 0.1022678 0.0983872 0.0900329 0.1282109 0.0536800 0.0718935 0.1419478 0.0883048 0.1205303 0.0209537 0.0935749 0.1005325 0.0797407 0.0286690 0.1273259 0.0488425 0.1104423 0.0440171 0.0586929 0.0883878 0.1109092 0.0950413 0.0884522 0.0992839 0.0697224 0.0765220 0.0796827 0.0788428 
S0294         0.1148855 0.0553091 0.0708366 0.0996467 0.0951993 0.0377294 0.1091974 0.1402727 0.0963833 0.0449169 0.0000000 0.1046367 0.0942275 0.1129977 0.0783023 0.0925128 0.1051190 0.1019577 0.1109431 0.0942078 0.0938449 0.0380891 0.0358109 0.1036350 0.0896833 0.1130958 0.0802465 0.0878410 0.0958195 0.0948322 0.0972370 0.1182673 0.0914229 0.1172577 0.0986841 0.1161061 0.0572728 0.0345089 0.1273218 0.1064641 0.1183507 0.0717659 0.0358538 0.0891051 0.0926920 0.1489543 0.0854346 0.0939590 0.0397476 0.1154197 0.0726919 0.0377433 0.0726555 0.0754486 0.1223662 0.0928639 0.1106686 0.0925492 0.0909587 0.0893072 0.0983012 0.1071603 0.0871099 0.1129882 0.1101422 0.1164967 0.1145777 0.0587389 0.0929677 0.1441426 0.0576276 0.0987509 0.1061796 0.1123397 0.1086928 0.1470018 0.0811512 0.1469033 0.0963141 0.1146812 0.0954702 0.0970741 0.0601673 0.1037734 0.1442516 0.0416267 0.0565117 0.0906033 0.1170680 0.1131515 0.1043517 0.0924318 0.1115320 0.1387239 0.1106998 0.0975384 0.0917572 0.0363583 0.0894121 0.1025696 0.0959540 0.0430879 0.0300239 0.0514897 0.1032998 0.0569870 0.0999196 0.1035748 0.0994093 0.1290614 0.0539542 0.0770819 0.1400102 0.0890382 0.1171968 0.0379278 0.0972702 0.1062994 0.0903211 0.0438531 0.1293724 0.0510811 0.1081126 0.0469075 0.0629392 0.0955452 0.1087098 0.1026559 0.0938888 0.1073756 0.0734843 0.0869987 0.0877543 0.0833299 
S0299         0.1365493 0.0986784 0.1090657 0.0472682 0.1039854 0.0954841 0.1440084 0.0460363 0.0939152 0.1068836 0.1046367 0.0000000 0.1197891 0.1345022 0.0339213 0.1193590 0.0376013 0.1035096 0.1163658 0.1139131 0.1248162 0.0951623 0.0951194 0.0475238 0.1102190 0.0334309 0.0991369 0.1116594 0.0442271 0.1104203 0.0566070 0.1101213 0.1327651 0.1419557 0.1199074 0.0378516 0.0995319 0.0964885 0.0480591 0.0490904 0.0890868 0.0986301 0.0950074 0.1035072 0.1175365 0.1780423 0.1172027 0.1145644 0.1012943 0.1068206 0.0959089 0.0990871 0.0937893 0.0992869 0.1057859 0.1149663 0.0508123 0.1216095 0.0760689 0.0496900 0.1000975 0.0437616 0.1103621 0.1138553 0.1080468 0.1124573 0.1144567 0.1567719 0.1068035 0.1761434 0.0601262 0.1193197 0.1281187 0.1082204 0.1047862 0.1754511 0.1059938 0.1722888 0.1003856 0.1093922 0.0975671 0.1170940 0.1041452 0.0994578 0.1749310 0.1020201 0.1040799 0.1079834 0.0360406 0.0782871 0.0802965 0.1166001 0.0607895 0.0438216 0.1279018 0.1166741 0.1114511 0.0982477 0.1175768 0.1086425 0.0954105 0.1059786 0.0958965 0.0936728 0.1038194 0.1064835 0.0655664 0.1073009 0.0976681 0.0466125 0.1027330 0.0992279 0.0655136 0.1066698 0.0842541 0.0970526 0.1130556 0.0970503 0.0969947 0.1089174 0.0470670 0.0925946 0.0705467 0.0983821 0.1009344 0.1059605 0.0821007 0.1028214 0.0945956 0.1074284 0.0905781 0.0963126 0.1054411 0.0910369 
S0303         0.1360876 0.0940497 0.0623907 0.1174116 0.0974411 0.0907997 0.0287119 0.1547821 0.1040404 0.0955871 0.0942275 0.1197891 0.0000000 0.0606998 0.0891144 0.0159076 0.1190911 0.1011357 0.1285820 0.0141137 0.1035313 0.0900860 0.0888669 0.1122626 0.0998031 0.1206365 0.0806254 0.1046823 0.1170269 0.0140905 0.1092779 0.1186538 0.1154589 0.0776985 0.0170428 0.1281547 0.0985532 0.0911198 0.1356721 0.1191770 0.1370460 0.0898207 0.0863050 0.0927492 0.0147292 0.1557728 0.1069247 0.0140817 0.0951945 0.1203972 0.0774489 0.0926704 0.0759936 0.0781923 0.1262138 0.0935385 0.1237911 0.0623718 0.1078655 0.1089981 0.1055227 0.1202888 0.0359702 0.1152981 0.1174679 0.1195642 0.1219846 0.1268948 0.1021561 0.1554552 0.0537266 0.0524463 0.0645274 0.1204409 0.1176655 0.1514275 0.0818942 0.1507347 0.1166843 0.1168754 0.0972428 0.0523223 0.0973940 0.1178015 0.1540683 0.0978777 0.0944968 0.0875089 0.1238492 0.1287383 0.1211622 0.0152732 0.1252732 0.1557924 0.0699305 0.0165558 0.0140907 0.0922598 0.0588463 0.1064272 0.1055835 0.1000341 0.0831291 0.0862997 0.1078064 0.0946560 0.1083037 0.1112308 0.1085644 0.1392021 0.0923124 0.0790502 0.1499636 0.1018636 0.1311787 0.0955290 0.1065112 0.1176191 0.0922432 0.1012344 0.1363415 0.0877003 0.1174560 0.0842829 0.0858280 0.0956703 0.1248707 0.1064227 0.0994854 0.1139933 0.0833381 0.0908327 0.0998117 0.0898081 
S0308         0.1584926 0.1088458 0.0831344 0.1239440 0.1061130 0.0992313 0.0826218 0.1684038 0.1093522 0.1062481 0.1129977 0.1345022 0.0606998 0.0000000 0.1009235 0.0644237 0.1314200 0.1114298 0.1372118 0.0616686 0.1182093 0.1046836 0.1028465 0.1215540 0.1173199 0.1341509 0.0888889 0.1133627 0.1319555 0.0628283 0.1238432 0.1297492 0.1270790 0.0878706 0.0591842 0.1382720 0.1126766 0.1023761 0.1476437 0.1376139 0.1437343 0.1028800 0.0976265 0.0995224 0.0631562 0.1568375 0.1198947 0.0621955 0.1066492 0.1270363 0.0841612 0.1026904 0.0811979 0.0857090 0.1346734 0.0993436 0.1394832 0.0716544 0.1101441 0.1204923 0.1105864 0.1321335 0.0496412 0.1277208 0.1262160 0.1278942 0.1279781 0.1557685 0.1092858 0.1588058 0.0661136 0.0657827 0.0720735 0.1285180 0.1249694 0.1526641 0.0908808 0.1517838 0.1230733 0.1323978 0.1094274 0.0669078 0.1039983 0.1263762 0.1559233 0.1057679 0.1082342 0.0987948 0.1373258 0.1318315 0.1260671 0.0594450 0.1356556 0.1705206 0.0820805 0.0658923 0.0615959 0.1022279 0.0683803 0.1122797 0.1100891 0.1108558 0.0936838 0.1024043 0.1201831 0.1030510 0.1233541 0.1212792 0.1090714 0.1531244 0.1069743 0.0871959 0.1618896 0.1074180 0.1371291 0.1077895 0.1113009 0.1247809 0.0957062 0.1152778 0.1500708 0.1045179 0.1281778 0.1001412 0.0961853 0.1072354 0.1296355 0.1147225 0.1039884 0.1214901 0.0878828 0.0965094 0.1108824 0.0972051 
S0320         0.1185670 0.0694851 0.0494580 0.0283295 0.0807230 0.0731119 0.1207000 0.0323746 0.0662595 0.0722186 0.0783023 0.0339213 0.0891144 0.1009235 0.0000000 0.0923540 0.0242870 0.0774432 0.0823235 0.0840927 0.0859296 0.0669115 0.0730985 0.0308273 0.0928266 0.0205493 0.0678242 0.0752254 0.0281087 0.0843598 0.0414504 0.0800981 0.1027676 0.1175819 0.0915428 0.0313335 0.0767370 0.0730179 0.0326395 0.0315962 0.0526062 0.0715307 0.0792647 0.0744338 0.0887755 0.1394090 0.0927802 0.0852409 0.0821275 0.0950420 0.0627782 0.0794962 0.0653037 0.0666064 0.0804134 0.0819232 0.0270335 0.0932330 0.0476664 0.0370688 0.0785446 0.0324935 0.0806432 0.0852370 0.0789590 0.0826251 0.0768073 0.1492112 0.0797878 0.1525422 0.0482675 0.0820618 0.0913595 0.0882105 0.0904557 0.1314995 0.0717732 0.1352075 0.0725258 0.0851171 0.0788738 0.0888779 0.0744705 0.0810786 0.1300514 0.0769904 0.0801248 0.0711989 0.0226101 0.0476612 0.0477053 0.0866463 0.0395264 0.0283314 0.0998383 0.0902245 0.0857610 0.0752841 0.0899698 0.0798436 0.0708211 0.0822982 0.0685424 0.0643807 0.0698464 0.0778981 0.0457778 0.0841340 0.0683191 0.0261766 0.0745500 0.0641737 0.0623771 0.0822158 0.0558028 0.0754488 0.0846237 0.0747857 0.0713133 0.0888059 0.0346520 0.0647891 0.0520343 0.0728890 0.0704740 0.0790708 0.0475528 0.0685812 0.0668782 0.0813285 0.0616487 0.0696136 0.0719261 0.0622318 
S0322         0.1420733 0.0908901 0.0608753 0.1132094 0.0947805 0.0847561 0.0279287 0.1524771 0.1032152 0.0893299 0.0925128 0.1193590 0.0159076 0.0644237 0.0923540 0.0000000 0.1152802 0.0984645 0.1221129 0.0122216 0.1017409 0.0877149 0.0842925 0.1121849 0.0988470 0.1186962 0.0760936 0.1045204 0.1188562 0.0127933 0.1098212 0.1159477 0.1128270 0.0763119 0.0169101 0.1277471 0.0969574 0.0865004 0.1351867 0.1163889 0.1330566 0.0912186 0.0845527 0.0887081 0.0074891 0.1584865 0.1068117 0.0133762 0.0912563 0.1166108 0.0729990 0.0872544 0.0715754 0.0738060 0.1233651 0.0902014 0.1217413 0.0633384 0.1038303 0.1071641 0.1020789 0.1212544 0.0345079 0.1126489 0.1157127 0.1184521 0.1200350 0.1270098 0.0978887 0.1560578 0.0571323 0.0538359 0.0621222 0.1168180 0.1140731 0.1541363 0.0751744 0.1534450 0.1123679 0.1184954 0.0955657 0.0519768 0.0964916 0.1152706 0.1546758 0.0940728 0.0927402 0.0861165 0.1251034 0.1239289 0.1163615 0.0133712 0.1232361 0.1521277 0.0700117 0.0140133 0.0128008 0.0876338 0.0605802 0.1046079 0.1039842 0.0967028 0.0778742 0.0854265 0.1084460 0.0944610 0.1045202 0.1117931 0.1060228 0.1377724 0.0914864 0.0745586 0.1507008 0.0976132 0.1279636 0.0907935 0.1021683 0.1157461 0.0889695 0.0963683 0.1341959 0.0877343 0.1179577 0.0843889 0.0888886 0.0923291 0.1209525 0.1039808 0.0961435 0.1148610 0.0795652 0.0869626 0.0989279 0.0849918 
S0327         0.1176780 0.1006312 0.1068806 0.0345179 0.1059835 0.0966694 0.1356371 0.0496212 0.0936419 0.1048016 0.1051190 0.0376013 0.1190911 0.1314200 0.0242870 0.1152802 0.0000000 0.1143344 0.1022808 0.1139780 0.1180105 0.0983154 0.0965607 0.0342554 0.1180416 0.0278426 0.0908053 0.1155484 0.0358549 0.1129242 0.0443469 0.1177726 0.1295221 0.1390743 0.1205933 0.0355260 0.1111396 0.0999677 0.0423447 0.0377675 0.0794937 0.1021982 0.1004431 0.1020685 0.1156908 0.1844643 0.1164813 0.1168213 0.1049182 0.1152874 0.0868200 0.1007721 0.0852142 0.0899448 0.1145709 0.1043041 0.0395756 0.1172751 0.0601134 0.0441579 0.1056458 0.0403435 0.1075030 0.1122064 0.1078232 0.1142653 0.1169883 0.1467858 0.1056511 0.1772503 0.0554715 0.1243963 0.1231886 0.1037861 0.1012067 0.1785485 0.0939953 0.1790218 0.0778483 0.1119281 0.1045943 0.1212036 0.1057898 0.1075641 0.1791698 0.1048953 0.1105367 0.0974451 0.0284945 0.0716014 0.0698601 0.1126682 0.0481414 0.0610159 0.1319941 0.1158097 0.1130251 0.1028273 0.1141986 0.1096061 0.0940716 0.1102400 0.0873269 0.0979659 0.1061016 0.1056095 0.0409680 0.1049439 0.0932519 0.0502462 0.1095717 0.0915650 0.0560958 0.1045948 0.0752229 0.1022108 0.1093463 0.1020198 0.0949205 0.1119744 0.0495373 0.1001700 0.0575205 0.1020998 0.1001663 0.1076922 0.0692935 0.0931044 0.0980891 0.1111860 0.0883256 0.0952892 0.1121653 0.0877776 
S0335         0.1552664 0.0908224 0.0712010 0.1008903 0.0860650 0.0889477 0.1157898 0.1392603 0.0903713 0.0948356 0.1019577 0.1035096 0.1011357 0.1114298 0.0774432 0.0984645 0.1143344 0.0000000 0.0657684 0.0994781 0.1014781 0.0894418 0.0899469 0.1069702 0.1055913 0.1153635 0.0734481 0.0949080 0.1110328 0.0963054 0.1101215 0.1029073 0.1125153 0.1163323 0.0957529 0.1219794 0.0969801 0.0905190 0.1268130 0.1139189 0.1264843 0.0906253 0.0930942 0.0770673 0.0978878 0.1532429 0.1127382 0.0984661 0.0928729 0.1029078 0.0660684 0.0905482 0.0667329 0.0681267 0.1071119 0.0812057 0.1166835 0.1013593 0.1009543 0.1012684 0.0849662 0.1215423 0.0908287 0.1003126 0.1102027 0.1039952 0.1035054 0.1336216 0.0894722 0.1617554 0.0492962 0.0994428 0.1061965 0.0996138 0.0976633 0.1482427 0.0663316 0.1465069 0.1003521 0.1141226 0.0599098 0.0992330 0.0904195 0.1014964 0.1473907 0.0920818 0.0920694 0.0847164 0.1218476 0.1163481 0.1172387 0.0984185 0.1077309 0.1424847 0.1082604 0.1010972 0.0970998 0.0940710 0.0974379 0.0563026 0.0883425 0.0975120 0.0772732 0.0846479 0.0977269 0.0877166 0.1003775 0.0947347 0.0932546 0.1407584 0.0924373 0.0710675 0.1354316 0.0877564 0.1260010 0.0878759 0.0935195 0.1047209 0.0461097 0.0997189 0.1319848 0.0831654 0.1088540 0.0835346 0.0871104 0.0355821 0.1161674 0.0966522 0.0800051 0.1091057 0.0697332 0.0445532 0.0939114 0.0711538 
S0345         0.1695035 0.1055483 0.1261543 0.1180219 0.1158363 0.0978729 0.1183402 0.1202806 0.1000584 0.1096246 0.1109431 0.1163658 0.1285820 0.1372118 0.0823235 0.1221129 0.1022808 0.0657684 0.0000000 0.1216887 0.1008219 0.0994377 0.1009569 0.1143682 0.1265940 0.1003734 0.1036254 0.1087994 0.1103199 0.1251385 0.1113288 0.1076566 0.1198653 0.1585673 0.1076159 0.1079137 0.1264560 0.1073286 0.1174681 0.0985170 0.1199510 0.1068508 0.1241637 0.1059009 0.1238004 0.1710198 0.1304738 0.1269152 0.1075218 0.1099390 0.0940199 0.1009275 0.0988241 0.0986915 0.1010647 0.1059120 0.1015031 0.1245831 0.1101141 0.1074273 0.1193836 0.1228228 0.1191589 0.1131067 0.1055646 0.1091955 0.1065221 0.1314592 0.1171807 0.1708585 0.0793929 0.1259016 0.1180429 0.1077586 0.1006600 0.1699273 0.0876452 0.1621814 0.0990143 0.1174784 0.0871172 0.1276901 0.1155790 0.1081721 0.1676207 0.1142988 0.1276274 0.0951396 0.1064597 0.1098688 0.1100108 0.1202771 0.1036842 0.1243814 0.1429077 0.1224971 0.1219465 0.1038717 0.1184019 0.0503958 0.0934031 0.1207386 0.0939661 0.1058801 0.1093555 0.1188033 0.0786997 0.0944361 0.0981845 0.1267905 0.1088569 0.1020921 0.0937014 0.1188069 0.1180463 0.1031901 0.1219000 0.1081708 0.0673496 0.1199843 0.1260270 0.1047846 0.1015990 0.1040581 0.1171866 0.0731908 0.1108938 0.1008633 0.0979903 0.1273594 0.0909142 0.0669676 0.1018972 0.0916717 
S0355         0.1222829 0.0925734 0.0654236 0.1131897 0.0935857 0.0861967 0.0247933 0.1508535 0.1002053 0.0893288 0.0942078 0.1139131 0.0141137 0.0616686 0.0840927 0.0122216 0.1139780 0.0994781 0.1216887 0.0000000 0.1020145 0.0877102 0.0873815 0.1102921 0.0989251 0.1163417 0.0784824 0.1047980 0.1178983 0.0098528 0.1075106 0.1094424 0.1097229 0.0757284 0.0120966 0.1269709 0.0954564 0.0896095 0.1327270 0.1148768 0.1341975 0.0882619 0.0862913 0.0904406 0.0110628 0.1574674 0.1075196 0.0104334 0.0944188 0.1135037 0.0739456 0.0887069 0.0739177 0.0761706 0.1201665 0.0919438 0.1202181 0.0598953 0.1040831 0.1047700 0.1023055 0.1239215 0.0332443 0.1087898 0.1110849 0.1137132 0.1153138 0.1303182 0.0979714 0.1558390 0.0534442 0.0523798 0.0606249 0.1137064 0.1109493 0.1531301 0.0777812 0.1533982 0.1110233 0.1130811 0.0957773 0.0513004 0.0934991 0.1137563 0.1545264 0.0955487 0.0929441 0.0852227 0.1227061 0.1250741 0.1174590 0.0116055 0.1208378 0.1507322 0.0678872 0.0122617 0.0092533 0.0892802 0.0578382 0.1055629 0.1009900 0.0949922 0.0787656 0.0856145 0.1061835 0.0937466 0.1018668 0.1087306 0.1030038 0.1352704 0.0916878 0.0769308 0.1493767 0.0979097 0.1291267 0.0922662 0.1040010 0.1126581 0.0891642 0.0980912 0.1317560 0.0862685 0.1156060 0.0815007 0.0867306 0.0918305 0.1212797 0.1001872 0.0956126 0.1101477 0.0811648 0.0857048 0.0991869 0.0882780 
S0376         0.1953373 0.0805600 0.0736246 0.1171262 0.0907139 0.0805668 0.1165050 0.1511068 0.0947724 0.0904734 0.0938449 0.1248162 0.1035313 0.1182093 0.0859296 0.1017409 0.1180105 0.1014781 0.1008219 0.1020145 0.0000000 0.0789933 0.0846911 0.1176039 0.0991692 0.1197715 0.0803503 0.0421621 0.1228615 0.1025970 0.1159960 0.1169646 0.1072662 0.1243514 0.0842631 0.1295307 0.0941796 0.0837973 0.1371585 0.1207274 0.1405621 0.0856156 0.0896248 0.0876289 0.1006176 0.1624745 0.0994827 0.1016728 0.0874977 0.1192688 0.0740314 0.0823404 0.0732799 0.0710996 0.1148560 0.0907192 0.1229520 0.0962981 0.1105862 0.1058102 0.1011279 0.1288487 0.0932444 0.1167768 0.1125374 0.1155398 0.1149093 0.1240834 0.0891151 0.1606959 0.0576454 0.1006852 0.1081552 0.1129279 0.1094915 0.1591473 0.0626908 0.1563257 0.0939149 0.1173026 0.0915881 0.1001409 0.0832469 0.1094329 0.1563538 0.0861400 0.0871373 0.0731335 0.1247752 0.1289622 0.1251174 0.1016899 0.1256791 0.1631723 0.1174021 0.1035378 0.1011082 0.0873867 0.0921224 0.1002084 0.0917929 0.0925455 0.0742164 0.0754777 0.0995284 0.0829299 0.0979757 0.0989031 0.0991593 0.1402885 0.0903339 0.0778318 0.1285377 0.0873558 0.1345073 0.0850277 0.0949626 0.1086553 0.0907521 0.0904178 0.1373918 0.0810847 0.1262545 0.0799756 0.0871315 0.0925057 0.1260100 0.1009941 0.0995661 0.1142728 0.0755761 0.0863986 0.0380286 0.0858061 
S0400         0.1204787 0.0448916 0.0628531 0.0980337 0.0821653 0.0145816 0.0864356 0.1304570 0.0864186 0.0224677 0.0380891 0.0951623 0.0900860 0.1046836 0.0669115 0.0877149 0.0983154 0.0894418 0.0994377 0.0877102 0.0789933 0.0000000 0.0190121 0.0952841 0.0778231 0.1042270 0.0664388 0.0729717 0.0969555 0.0878356 0.0952403 0.1037415 0.0792444 0.1198279 0.0918107 0.1130649 0.0517404 0.0177406 0.1181713 0.1054822 0.1147485 0.0570901 0.0141524 0.0744969 0.0863676 0.1367526 0.0763834 0.0876764 0.0247324 0.1014015 0.0624670 0.0152165 0.0589092 0.0617141 0.1117792 0.0789740 0.1066913 0.0875469 0.0810495 0.0886038 0.0900307 0.0984333 0.0799363 0.1036126 0.0975306 0.1054470 0.1028421 0.0524298 0.0830103 0.1331076 0.0446171 0.0952284 0.0970609 0.0994453 0.0955091 0.1325246 0.0674320 0.1315978 0.0834155 0.1071237 0.0813493 0.0929692 0.0484111 0.0945248 0.1300772 0.0227663 0.0468835 0.0786707 0.1099346 0.1067369 0.1009209 0.0838452 0.1047641 0.1368199 0.1094737 0.0911769 0.0862915 0.0214861 0.0834733 0.0898171 0.0843189 0.0228543 0.0155525 0.0430045 0.0878775 0.0458730 0.0941527 0.0874171 0.0869518 0.1182213 0.0454768 0.0639212 0.1163492 0.0812649 0.1118536 0.0184299 0.0881271 0.0967635 0.0794933 0.0262106 0.1221277 0.0427088 0.1030904 0.0378533 0.0539842 0.0822415 0.1039150 0.0909506 0.0862795 0.0978254 0.0610711 0.0776545 0.0758280 0.0741140 
S0405         0.1174914 0.0468753 0.0607402 0.0960829 0.0827947 0.0194269 0.0995338 0.1307016 0.0861495 0.0234521 0.0358109 0.0951194 0.0888669 0.1028465 0.0730985 0.0842925 0.0965607 0.0899469 0.1009569 0.0873815 0.0846911 0.0190121 0.0000000 0.0991601 0.0741988 0.1035939 0.0690610 0.0769068 0.0904406 0.0850964 0.0905145 0.1053204 0.0814587 0.1143105 0.0891116 0.1088336 0.0481705 0.0122254 0.1180549 0.1010824 0.1161935 0.0580408 0.0142143 0.0774648 0.0844527 0.1429452 0.0734800 0.0864331 0.0219043 0.1030967 0.0638422 0.0176420 0.0604157 0.0644822 0.1098987 0.0819814 0.1053822 0.0887396 0.0826651 0.0832456 0.0871736 0.0996641 0.0785468 0.1041864 0.0992216 0.1077009 0.1034436 0.0690794 0.0829923 0.1382251 0.0440926 0.0926810 0.0977863 0.1027111 0.0999364 0.1378941 0.0687267 0.1388772 0.0844975 0.1027899 0.0811752 0.0909490 0.0509056 0.0939670 0.1364331 0.0224927 0.0455014 0.0786240 0.1065368 0.1077097 0.0988828 0.0835276 0.1018144 0.1368851 0.1051897 0.0898689 0.0850956 0.0145810 0.0848797 0.0875206 0.0855396 0.0225761 0.0106618 0.0417683 0.0905622 0.0458377 0.0917046 0.0965742 0.0881270 0.1189493 0.0461796 0.0660366 0.1333943 0.0820419 0.1116570 0.0183212 0.0886401 0.0993633 0.0773145 0.0238993 0.1148397 0.0408638 0.0986078 0.0362385 0.0516702 0.0829788 0.1041252 0.0912586 0.0827911 0.0964475 0.0639272 0.0755689 0.0782638 0.0743140 
S0407sl       0.1299935 0.0972397 0.1018717 0.0518361 0.0962498 0.0974984 0.1344094 0.0549892 0.0901786 0.1058958 0.1036350 0.0475238 0.1122626 0.1215540 0.0308273 0.1121849 0.0342554 0.1069702 0.1143682 0.1102921 0.1176039 0.0952841 0.0991601 0.0000000 0.1185445 0.0299510 0.0906497 0.1103570 0.0406441 0.1079113 0.0505096 0.1104566 0.1305791 0.1377260 0.1141162 0.0383168 0.1064109 0.0993352 0.0496948 0.0425415 0.0725305 0.0981279 0.1004042 0.0983524 0.1082378 0.1781176 0.1171855 0.1118222 0.1049738 0.1099469 0.0869593 0.1024034 0.0852161 0.0898109 0.1103935 0.0999798 0.0448463 0.1169537 0.0653181 0.0526983 0.1051370 0.0387984 0.1016444 0.1153876 0.1040964 0.1133226 0.1119078 0.1519434 0.0988769 0.1783828 0.0622081 0.1141278 0.1217903 0.1069834 0.1007175 0.1698942 0.0916063 0.1716459 0.0907665 0.1132123 0.1002173 0.1143792 0.0999918 0.1034485 0.1733625 0.1042809 0.1039202 0.0952047 0.0352130 0.0678511 0.0679514 0.1098654 0.0558382 0.0541130 0.1260794 0.1093515 0.1072316 0.0988540 0.1129084 0.1118172 0.0951701 0.1083997 0.0935941 0.0947840 0.1055043 0.1020838 0.0522552 0.1091433 0.0925711 0.0474412 0.0975396 0.0898820 0.0440460 0.1005737 0.0719999 0.0981034 0.1042259 0.1025292 0.0948022 0.1113869 0.0500995 0.0928787 0.0613676 0.0977965 0.0982778 0.1027071 0.0661221 0.0981919 0.0974881 0.1029664 0.0876096 0.0941081 0.1078115 0.0897343 
S0412sl       0.1585984 0.0768082 0.0718676 0.1189339 0.0958010 0.0785964 0.1179872 0.1521333 0.0982672 0.0822139 0.0896833 0.1102190 0.0998031 0.1173199 0.0928266 0.0988470 0.1180416 0.1055913 0.1265940 0.0989251 0.0991692 0.0778231 0.0741988 0.1185445 0.0000000 0.1231390 0.0838749 0.0917562 0.1173362 0.0957296 0.1088651 0.1126812 0.0806941 0.1242797 0.0953595 0.1271557 0.0803758 0.0734709 0.1384076 0.1120098 0.1369359 0.0769548 0.0713356 0.0850044 0.0990687 0.1557726 0.0487656 0.0979070 0.0803070 0.1096149 0.0782729 0.0780339 0.0775198 0.0798425 0.1174744 0.0912024 0.1177990 0.1067320 0.1033746 0.0996714 0.1039157 0.1171942 0.0911731 0.1134114 0.1124426 0.1225928 0.1123871 0.1215778 0.1031260 0.1576903 0.0569043 0.0954568 0.1136544 0.1112136 0.1122356 0.1533327 0.0816598 0.1507635 0.1076866 0.1176280 0.0974601 0.0973620 0.0805915 0.1070397 0.1507488 0.0787704 0.0813331 0.0993597 0.1295089 0.1252393 0.1222680 0.0933812 0.1216925 0.1560286 0.1152340 0.1007793 0.0942625 0.0763039 0.0986403 0.1077964 0.0946860 0.0842019 0.0611032 0.0693065 0.1030559 0.0778664 0.1081943 0.1039860 0.1011587 0.1432771 0.0849630 0.0820805 0.1550646 0.1028277 0.1321682 0.0783962 0.1075280 0.1100211 0.0912678 0.0844467 0.1398842 0.0714289 0.1234796 0.0685302 0.0738939 0.0958221 0.1221391 0.1020817 0.0930655 0.1111861 0.0820097 0.0900951 0.0957681 0.0893116 
S0417         0.1136598 0.1072028 0.1133073 0.0363682 0.1105596 0.1022305 0.1395656 0.0402848 0.0987305 0.1128392 0.1130958 0.0334309 0.1206365 0.1341509 0.0205493 0.1186962 0.0278426 0.1153635 0.1003734 0.1163417 0.1197715 0.1042270 0.1035939 0.0299510 0.1231390 0.0000000 0.0970792 0.1165990 0.0382626 0.1126561 0.0470709 0.1236739 0.1352658 0.1450346 0.1244679 0.0318649 0.1134807 0.1070276 0.0393777 0.0412173 0.0846344 0.1103636 0.1119791 0.1060335 0.1173727 0.1826591 0.1234460 0.1175675 0.1122318 0.1209180 0.0923680 0.1047543 0.0915321 0.0962117 0.1202248 0.1099574 0.0443448 0.1204928 0.0673419 0.0461038 0.1072762 0.0367150 0.1102433 0.1190022 0.1122029 0.1198471 0.1205198 0.1546737 0.1062665 0.1782423 0.0609412 0.1207065 0.1279966 0.1103535 0.1077424 0.1759014 0.1003748 0.1761304 0.0823921 0.1161215 0.1081183 0.1197670 0.1121317 0.1099425 0.1778399 0.1104012 0.1130396 0.1023789 0.0212801 0.0745955 0.0784996 0.1150369 0.0520978 0.0551385 0.1343220 0.1180073 0.1138125 0.1098741 0.1168928 0.1122573 0.0998441 0.1173651 0.0945422 0.1035679 0.1094118 0.1111907 0.0463100 0.1131473 0.1015607 0.0374554 0.1126933 0.0970360 0.0489959 0.1052224 0.0803445 0.1084819 0.1099121 0.1067683 0.1001064 0.1182988 0.0401849 0.1049429 0.0608157 0.1052843 0.1063465 0.1093422 0.0737211 0.0977711 0.0989807 0.1203831 0.0923329 0.1004521 0.1147192 0.0941599 
S0419         0.1172946 0.0685851 0.0131911 0.0915263 0.0364712 0.0661015 0.0983889 0.1193383 0.0720972 0.0743068 0.0802465 0.0991369 0.0806254 0.0888889 0.0678242 0.0760936 0.0908053 0.0734481 0.1036254 0.0784824 0.0803503 0.0664388 0.0690610 0.0906497 0.0838749 0.0970792 0.0000000 0.0730934 0.0903232 0.0755177 0.0890471 0.0926615 0.0949746 0.1046483 0.0795580 0.1020103 0.0773617 0.0682499 0.1110018 0.0958019 0.0989865 0.0684586 0.0688141 0.0268989 0.0762551 0.1404354 0.0865360 0.0789969 0.0711730 0.0916118 0.0092843 0.0696570 0.0098693 0.0116574 0.0954112 0.0319159 0.0977006 0.0836519 0.0732514 0.0848841 0.0702692 0.0987130 0.0697093 0.0932819 0.0905063 0.0952875 0.0918118 0.1075164 0.0380026 0.1394119 0.0333461 0.0712581 0.0861574 0.0918039 0.0885154 0.1364820 0.0117820 0.1355535 0.0974457 0.0947258 0.0723017 0.0781360 0.0746939 0.0873149 0.1323450 0.0726228 0.0678410 0.0680131 0.1023278 0.0901566 0.0872832 0.0754517 0.0989486 0.1283046 0.0922227 0.0808460 0.0762594 0.0707770 0.0753553 0.0791934 0.0738737 0.0750343 0.0575613 0.0642882 0.0802449 0.0748936 0.0848881 0.0830704 0.0749788 0.1171487 0.0657981 0.0140356 0.1199470 0.0379075 0.0994411 0.0700355 0.0417884 0.0870208 0.0656641 0.0789469 0.1156892 0.0615636 0.0959251 0.0648723 0.0693086 0.0717973 0.0868174 0.0763085 0.0668599 0.0902931 0.0337560 0.0625345 0.0741168 0.0571437 
S0427         0.1382832 0.0728816 0.0612924 0.1102424 0.0807593 0.0739585 0.1206891 0.1472867 0.0907718 0.0830427 0.0878410 0.1116594 0.1046823 0.1133627 0.0752254 0.1045204 0.1155484 0.0949080 0.1087994 0.1047980 0.0421621 0.0729717 0.0769068 0.1103570 0.0917562 0.1165990 0.0730934 0.0000000 0.1109970 0.1028915 0.1121507 0.1066402 0.1025559 0.1176044 0.1004592 0.1268246 0.0853427 0.0746420 0.1355508 0.1185034 0.1313150 0.0756237 0.0776816 0.0801471 0.1049514 0.1558353 0.0957002 0.1052869 0.0804369 0.1080314 0.0670225 0.0762761 0.0662984 0.0648856 0.1097138 0.0845827 0.1203891 0.0959375 0.0997449 0.1003350 0.0933238 0.1155260 0.0912822 0.1083274 0.1078186 0.1131990 0.1101307 0.1158314 0.0860471 0.1570006 0.0551284 0.0965110 0.1097920 0.1052611 0.1058592 0.1526259 0.0688683 0.1490364 0.1068320 0.1090501 0.0891429 0.0996512 0.0770984 0.1008348 0.1508147 0.0747726 0.0793240 0.0852233 0.1228610 0.1213390 0.1163789 0.1029394 0.1230403 0.1584485 0.1116840 0.1072139 0.1038972 0.0788423 0.0903481 0.0925940 0.0893676 0.0813749 0.0646563 0.0697747 0.0937028 0.0769794 0.1081374 0.0973536 0.0935980 0.1388292 0.0809216 0.0706849 0.1445667 0.0850720 0.1308742 0.0758041 0.0910285 0.1002856 0.0840539 0.0802358 0.1325704 0.0727662 0.1219869 0.0703211 0.0816997 0.0890858 0.1185036 0.0939538 0.0918128 0.1087986 0.0714539 0.0830216 0.0359561 0.0775954 
S0428sl       0.1113456 0.0969804 0.1054956 0.0429247 0.1051700 0.0905523 0.1169808 0.0595057 0.0980852 0.1019536 0.0958195 0.0442271 0.1170269 0.1319555 0.0281087 0.1188562 0.0358549 0.1110328 0.1103199 0.1178983 0.1228615 0.0969555 0.0904406 0.0406441 0.1173362 0.0382626 0.0903232 0.1109970 0.0000000 0.1167415 0.0438407 0.1148365 0.1274518 0.1434324 0.1229903 0.0422637 0.1056178 0.0923635 0.0501976 0.0447190 0.0731472 0.1038426 0.0975515 0.0985096 0.1191813 0.1781007 0.1225024 0.1166083 0.0977792 0.1138681 0.0875846 0.0960895 0.0858752 0.0912631 0.1101024 0.1013766 0.0459798 0.1164329 0.0593170 0.0493884 0.1025417 0.0453425 0.1046945 0.1158315 0.1118582 0.1127920 0.1185763 0.1177728 0.1008630 0.1771686 0.0567885 0.1194884 0.1253477 0.1001757 0.0987240 0.1722420 0.0977609 0.1705403 0.0778386 0.1166231 0.1052588 0.1182656 0.1017609 0.1046161 0.1744948 0.0951894 0.1062121 0.1003917 0.0367451 0.0693586 0.0711631 0.1145835 0.0552829 0.0618556 0.1327302 0.1191271 0.1159284 0.0928789 0.1152858 0.1070788 0.0965847 0.1011472 0.0852831 0.0962422 0.1107015 0.1015056 0.0516615 0.1026450 0.0950191 0.0539138 0.1027961 0.0911501 0.0480175 0.1017752 0.0718214 0.0938175 0.1044623 0.1010613 0.0981816 0.1058918 0.0576846 0.0926074 0.0613703 0.0983271 0.0980407 0.1075954 0.0692888 0.0997569 0.0931157 0.1087708 0.0794266 0.0974028 0.1079790 0.0910868 
