135
PAFTOL_019361 0.0000000 0.1814964 0.2089819 0.2048563 0.2007237 0.1781447 0.2013660 0.2065620 0.1801439 0.1866760 0.2119560 0.2060720 0.1983443 0.2269804 0.2180721 0.2008205 0.2010118 0.1802471 0.1962265 0.1963189 0.1930484 0.1816076 0.1807690 0.2031896 0.2044601 0.1989938 0.1780929 0.1982468 0.2019604 0.1996348 0.1795591 0.1949623 0.2158498 0.2142274 0.2229952 0.2052525 0.1876907 0.1800430 0.2007715 0.1810506 0.1839880 0.1533952 0.1904112 0.1892518 0.1980404 0.1809929 0.2011821 0.2021718 0.2234962 0.1824921 0.2017712 0.1627936 0.1772646 0.1692864 0.1766867 0.1947379 0.1873716 0.1942211 0.2311145 0.1869569 0.1758488 0.1800853 0.1997259 0.2069073 0.1921570 0.1987386 0.1992088 0.2024298 0.1916037 0.1991025 0.2194739 0.2083885 0.2084139 0.2023918 0.1961861 0.1829189 0.1665598 0.1825323 0.2141488 0.1890856 0.1937700 0.2108149 0.1923634 0.1812205 0.1865442 0.1821479 0.2049132 0.1800740 0.1958191 0.1861318 0.1904451 0.1929304 0.1849965 0.2041385 0.2037206 0.1933985 0.1997201 0.1811146 0.2205275 0.1941462 0.1822868 0.1861788 0.1864332 0.1825555 0.1837770 0.1830792 0.1861181 0.1816710 0.1839526 0.1988073 0.1837363 0.1788993 0.2109345 0.1924158 0.1857424 0.1717303 0.1924452 0.1969537 0.1741771 0.1840511 0.1987717 0.1808200 0.1694681 0.1799879 0.1766973 0.2027409 0.1846061 0.1945017 0.1738138 0.1841152 0.1969477 0.1758535 0.1770668 0.1974275 0.1851100 
S0055         0.1814964 0.0000000 0.0523603 0.0830959 0.0855790 0.0419578 0.0802209 0.0741356 0.0654632 0.0549975 0.0782086 0.0801609 0.0781473 0.0940525 0.0802028 0.0811926 0.0724160 0.0675272 0.0836009 0.0767831 0.0705033 0.0426409 0.0414271 0.0771959 0.0694508 0.0668651 0.0619194 0.0743641 0.0698735 0.0775886 0.0645710 0.0835041 0.0771918 0.0925747 0.0773296 0.0803613 0.0553619 0.0427640 0.0793524 0.0645890 0.0575724 0.0445678 0.0441414 0.0680591 0.0768224 0.1060439 0.0704483 0.0793368 0.0921193 0.0462954 0.0900568 0.0470492 0.0450800 0.0521864 0.0572876 0.0791083 0.0687406 0.0698283 0.0935887 0.0582790 0.0550999 0.0595775 0.0705505 0.0901184 0.0804323 0.0860123 0.0880097 0.0756041 0.0698490 0.1084478 0.0869707 0.0797501 0.0844024 0.0917567 0.0887577 0.1053659 0.0453929 0.1060433 0.0732324 0.0829597 0.0750018 0.0800190 0.0583452 0.0630971 0.1090883 0.0455007 0.0647488 0.0592909 0.0672654 0.0613145 0.0635240 0.0728308 0.0674373 0.0861203 0.0812436 0.0696589 0.0792155 0.0477946 0.0854043 0.0691234 0.0623719 0.0485156 0.0479109 0.0402688 0.0700520 0.0513564 0.0697425 0.0647462 0.0679058 0.0819304 0.0567694 0.0618657 0.0776037 0.0689935 0.0630371 0.0412244 0.0690025 0.0764000 0.0598136 0.0469862 0.0762288 0.0475830 0.0608123 0.0446941 0.0548784 0.0762358 0.0640800 0.0634047 0.0613537 0.0593673 0.0763121 0.0568461 0.0584106 0.0743931 0.0648807 
S0196sl       0.2089819 0.0523603 0.0000000 0.0793346 0.0530807 0.0469258 0.0670435 0.0804838 0.0667043 0.0551191 0.0907122 0.0838124 0.0678506 0.0914741 0.0814400 0.0757921 0.0723200 0.0690082 0.0699494 0.0657285 0.0795970 0.0492489 0.0483076 0.0881056 0.0762504 0.0595142 0.0323150 0.0903522 0.0712402 0.0670074 0.0579631 0.0897348 0.0817077 0.0870939 0.0677443 0.0817379 0.0656015 0.0479237 0.0845181 0.0558266 0.0514624 0.0328808 0.0491164 0.0386427 0.0645746 0.1147513 0.0754230 0.0695581 0.0878276 0.0503146 0.0866422 0.0184497 0.0531246 0.0213675 0.0259778 0.0736616 0.0418662 0.0614663 0.0896119 0.0558789 0.0492322 0.0563753 0.0550169 0.0882754 0.0731051 0.0912107 0.0944769 0.0849688 0.0506984 0.1153373 0.0841853 0.0682806 0.0819096 0.0902176 0.0884305 0.1162019 0.0141712 0.1131737 0.0614512 0.0867063 0.0768436 0.0720006 0.0668559 0.0713225 0.1150806 0.0502568 0.0807821 0.0533769 0.0672738 0.0549039 0.0527904 0.0666008 0.0607262 0.0821068 0.0688828 0.0599693 0.0694222 0.0583823 0.0798628 0.0684424 0.0563937 0.0536497 0.0573388 0.0491122 0.0763445 0.0555273 0.0630651 0.0617078 0.0702608 0.0833045 0.0644324 0.0322736 0.0802458 0.0472433 0.0547308 0.0435223 0.0450226 0.0857405 0.0571902 0.0561059 0.0805770 0.0500462 0.0502390 0.0558906 0.0561466 0.0740419 0.0630219 0.0631766 0.0580452 0.0559771 0.0792186 0.0388877 0.0572494 0.0842015 0.0585130 
S0278         0.2048563 0.0830959 0.0793346 0.0000000 0.0955334 0.0695871 0.0968881 0.0411572 0.0793739 0.0798082 0.0999407 0.0470923 0.0879751 0.1171152 0.0475869 0.0979381 0.0373559 0.0791074 0.0798966 0.0915697 0.0960157 0.0704855 0.0718303 0.0454414 0.0910454 0.0346560 0.0770019 0.1072387 0.0456941 0.0916092 0.0527686 0.0993801 0.0975261 0.1164200 0.0888393 0.0419080 0.0802712 0.0668269 0.0388804 0.0440490 0.0577180 0.0471987 0.0684028 0.0830709 0.0924672 0.1201532 0.0933467 0.0932126 0.0970002 0.0760525 0.0993676 0.0601225 0.0676508 0.0689816 0.0737183 0.0902140 0.0847884 0.0452923 0.1102628 0.0591785 0.0492990 0.0752930 0.0910109 0.1043681 0.0877736 0.1020015 0.1015264 0.1093562 0.0852973 0.1293551 0.0910112 0.1023988 0.1083779 0.1062250 0.1006480 0.1195202 0.0612725 0.1201533 0.0719295 0.0962632 0.0886940 0.1027356 0.0860790 0.0817070 0.1251671 0.0743722 0.0935557 0.0805443 0.0362722 0.0624251 0.0601972 0.0857759 0.0449125 0.0373788 0.0998238 0.0832466 0.0941445 0.0761370 0.0969488 0.0854477 0.0792480 0.0761362 0.0754338 0.0750794 0.0878107 0.0760446 0.0586895 0.0778512 0.0811540 0.0380836 0.0811556 0.0785248 0.0407569 0.0827521 0.0624231 0.0697340 0.0827632 0.0935857 0.0744587 0.0729042 0.0404004 0.0734411 0.0488295 0.0710624 0.0730571 0.0910377 0.0780718 0.0594633 0.0762827 0.0748810 0.0819470 0.0682781 0.0738033 0.1055781 0.0851346 
S0281         0.2007237 0.0855790 0.0530807 0.0955334 0.0000000 0.0694020 0.0863773 0.0948968 0.0785626 0.0836147 0.1093331 0.0890186 0.0867925 0.1054820 0.0960828 0.0940681 0.0867929 0.0809339 0.0878542 0.0836485 0.0972786 0.0717940 0.0706082 0.0965335 0.0889056 0.0809291 0.0379700 0.1081010 0.0845350 0.0836695 0.0749555 0.0940761 0.1051813 0.1087624 0.0840702 0.0893837 0.0839629 0.0703504 0.0932991 0.0742381 0.0725243 0.0611306 0.0700101 0.0413986 0.0861527 0.1199228 0.0972655 0.0879431 0.1085586 0.0732770 0.0925396 0.0300248 0.0729712 0.0351726 0.0357551 0.0878458 0.0428887 0.0787371 0.1075198 0.0732553 0.0672888 0.0697479 0.0840269 0.0983206 0.0906115 0.0957359 0.0952944 0.0907792 0.0485567 0.1292824 0.0951614 0.0937119 0.0942583 0.1016810 0.0949177 0.1172146 0.0294614 0.1190334 0.0928013 0.0958710 0.0802677 0.0940392 0.0848360 0.0760955 0.1186997 0.0741304 0.0950734 0.0756624 0.0846935 0.0746851 0.0750217 0.0810936 0.0774994 0.0955066 0.0976997 0.0758371 0.0886350 0.0783200 0.1015303 0.0799640 0.0750075 0.0791069 0.0775986 0.0822935 0.0797346 0.0776505 0.0831377 0.0756149 0.0777220 0.0965670 0.0858529 0.0372304 0.0914646 0.0470287 0.0783248 0.0670361 0.0455646 0.0862290 0.0668505 0.0781650 0.0869021 0.0795138 0.0668837 0.0747704 0.0782694 0.0904592 0.0789076 0.0822288 0.0708756 0.0708886 0.0852544 0.0481489 0.0693296 0.0990520 0.0728486 
S0282         0.1781447 0.0419578 0.0469258 0.0695871 0.0694020 0.0000000 0.0684513 0.0647540 0.0550347 0.0200788 0.0580139 0.0675309 0.0634571 0.0826752 0.0684487 0.0709144 0.0611610 0.0569770 0.0676442 0.0621286 0.0628583 0.0069303 0.0115202 0.0689255 0.0561747 0.0566976 0.0454617 0.0638108 0.0606955 0.0644194 0.0512836 0.0722649 0.0687308 0.0812225 0.0696589 0.0624316 0.0310608 0.0088875 0.0653867 0.0514631 0.0422539 0.0273235 0.0073161 0.0520486 0.0636797 0.0899004 0.0599544 0.0660744 0.0755903 0.0127688 0.0758965 0.0305175 0.0082536 0.0384314 0.0425190 0.0635993 0.0541894 0.0572066 0.0814000 0.0444643 0.0456554 0.0473581 0.0576412 0.0769046 0.0640632 0.0729456 0.0764910 0.0546015 0.0588308 0.0958920 0.0716884 0.0687243 0.0782865 0.0794081 0.0733415 0.0900645 0.0307482 0.0898992 0.0601526 0.0704541 0.0643276 0.0681877 0.0381805 0.0543650 0.0935909 0.0101228 0.0434072 0.0522995 0.0601889 0.0475014 0.0485085 0.0614531 0.0570365 0.0711441 0.0702440 0.0599397 0.0659756 0.0140591 0.0733154 0.0533924 0.0514465 0.0133780 0.0147416 0.0379495 0.0625364 0.0299937 0.0570809 0.0513881 0.0566286 0.0671509 0.0345568 0.0468657 0.0657330 0.0565044 0.0475003 0.0088788 0.0565116 0.0663815 0.0460338 0.0160378 0.0647480 0.0281559 0.0445073 0.0240813 0.0397086 0.0600196 0.0529748 0.0498590 0.0507742 0.0456594 0.0666775 0.0411171 0.0469465 0.0629043 0.0517303 
S0288         0.2013660 0.0802209 0.0670435 0.0968881 0.0863773 0.0684513 0.0000000 0.0946431 0.0831601 0.0828582 0.0971651 0.0964568 0.0146911 0.0483686 0.0979882 0.0173638 0.0874332 0.0859280 0.0996554 0.0094940 0.0950172 0.0676279 0.0663711 0.0961781 0.0931632 0.0826475 0.0701067 0.1106652 0.0851879 0.0094759 0.0758962 0.1046777 0.0986174 0.0606927 0.0135700 0.0942574 0.0848274 0.0632315 0.0967129 0.0770767 0.0686315 0.0527671 0.0699665 0.0782022 0.0114314 0.1145536 0.0914299 0.0153450 0.1067270 0.0683088 0.1056178 0.0481529 0.0703942 0.0595016 0.0646137 0.0930533 0.0797051 0.0796908 0.0576984 0.0701283 0.0721773 0.0832742 0.0255116 0.1069700 0.0960271 0.1076028 0.1076599 0.0964869 0.0800018 0.1235735 0.1043589 0.0476757 0.0517755 0.1056207 0.1031766 0.1165355 0.0498122 0.1145535 0.0923411 0.1054576 0.0857075 0.0478258 0.0885423 0.0804509 0.1174309 0.0714612 0.0935500 0.0800628 0.0848206 0.0735131 0.0731251 0.0167404 0.0832379 0.0979464 0.0526929 0.0133980 0.0107635 0.0700983 0.0518024 0.0920603 0.0841341 0.0747604 0.0686212 0.0764525 0.0893979 0.0734468 0.0783751 0.0840601 0.0881872 0.0970787 0.0849455 0.0684976 0.0902823 0.0783222 0.0735270 0.0645860 0.0767351 0.0991664 0.0732228 0.0675846 0.0923843 0.0754290 0.0682851 0.0732204 0.0754239 0.0976695 0.0831331 0.0753495 0.0824414 0.0794147 0.0869657 0.0611329 0.0750916 0.1043942 0.0823944 
S0289         0.2065620 0.0741356 0.0804838 0.0411572 0.0948968 0.0647540 0.0946431 0.0000000 0.0774295 0.0790385 0.0943733 0.0465819 0.0882922 0.1097330 0.0431682 0.0956782 0.0309436 0.0741062 0.0875507 0.0877460 0.0937895 0.0639376 0.0635852 0.0446078 0.0917860 0.0282179 0.0703088 0.1023999 0.0404880 0.0877893 0.0481483 0.0922429 0.0829399 0.1076287 0.0945793 0.0397633 0.0727843 0.0586972 0.0402905 0.0368393 0.0529802 0.0476671 0.0657479 0.0790388 0.0902717 0.1198592 0.0863254 0.0920552 0.0972096 0.0686273 0.0958801 0.0544309 0.0658867 0.0613930 0.0671016 0.0856444 0.0797363 0.0423364 0.1007367 0.0536807 0.0447392 0.0678197 0.0861868 0.0971346 0.0859362 0.0931582 0.0943692 0.0947137 0.0769674 0.1241760 0.0900557 0.0967593 0.1046673 0.1031111 0.1014805 0.1183436 0.0567224 0.1198593 0.0770286 0.0990289 0.0825862 0.0962344 0.0818065 0.0759476 0.1248584 0.0659081 0.0894891 0.0743665 0.0318951 0.0583467 0.0602010 0.0866878 0.0435117 0.0448321 0.0930057 0.0812870 0.0927562 0.0662491 0.0894888 0.0784902 0.0740507 0.0685298 0.0680067 0.0675870 0.0840895 0.0699780 0.0531573 0.0702543 0.0744260 0.0374271 0.0791439 0.0718056 0.0421452 0.0760813 0.0583445 0.0640273 0.0768728 0.0829362 0.0653736 0.0670976 0.0352984 0.0707540 0.0435578 0.0668639 0.0689791 0.0872372 0.0744904 0.0593143 0.0719189 0.0674535 0.0820368 0.0679309 0.0677948 0.1015813 0.0766153 
S0292         0.1801439 0.0654632 0.0667043 0.0793739 0.0785626 0.0550347 0.0831601 0.0774295 0.0000000 0.0673669 0.0915652 0.0795104 0.0780920 0.0942527 0.0787815 0.0833521 0.0689189 0.0522918 0.0687826 0.0781124 0.0791321 0.0550031 0.0561805 0.0833397 0.0754714 0.0651100 0.0572797 0.0847348 0.0677820 0.0781458 0.0603039 0.0665527 0.0836503 0.0978572 0.0828765 0.0783184 0.0689458 0.0536957 0.0748237 0.0575286 0.0550307 0.0435118 0.0597029 0.0640930 0.0789628 0.1054107 0.0710300 0.0822672 0.0909076 0.0602690 0.0697941 0.0438839 0.0553561 0.0497557 0.0527537 0.0590643 0.0662876 0.0603265 0.0994367 0.0557355 0.0472985 0.0554254 0.0760043 0.0711146 0.0580055 0.0657018 0.0676943 0.0855291 0.0673737 0.1163502 0.0833446 0.0884041 0.0968101 0.0760637 0.0709881 0.1067213 0.0451772 0.1065204 0.0841268 0.0695218 0.0619501 0.0870722 0.0697093 0.0310184 0.1112862 0.0572037 0.0775510 0.0529728 0.0669563 0.0572935 0.0574425 0.0738564 0.0600491 0.0767943 0.0883284 0.0738089 0.0813618 0.0610969 0.0892969 0.0561712 0.0180598 0.0588337 0.0603903 0.0617279 0.0299272 0.0572345 0.0571958 0.0200068 0.0186259 0.0780576 0.0627574 0.0572303 0.0798401 0.0649853 0.0574300 0.0550876 0.0649937 0.0439909 0.0444188 0.0574112 0.0773600 0.0593268 0.0451926 0.0555887 0.0514071 0.0635845 0.0505618 0.0615333 0.0492114 0.0520484 0.0663989 0.0483045 0.0460352 0.0807517 0.0615342 
S0293         0.1866760 0.0549975 0.0551191 0.0798082 0.0836147 0.0200788 0.0828582 0.0790385 0.0673669 0.0000000 0.0653637 0.0755659 0.0758402 0.1009630 0.0807029 0.0821203 0.0737112 0.0764993 0.0829799 0.0760207 0.0718482 0.0208813 0.0257788 0.0838680 0.0724313 0.0665141 0.0602515 0.0775885 0.0734188 0.0779576 0.0644091 0.0868104 0.0753326 0.0902174 0.0812419 0.0761397 0.0478488 0.0240148 0.0740824 0.0602660 0.0553385 0.0390807 0.0224420 0.0672670 0.0770728 0.1098951 0.0703801 0.0799675 0.0876600 0.0263516 0.0948136 0.0460190 0.0202248 0.0484347 0.0566816 0.0786748 0.0698269 0.0689357 0.0964266 0.0588723 0.0569036 0.0616528 0.0705313 0.0926206 0.0791099 0.0859004 0.0873732 0.0635125 0.0745214 0.1149941 0.0897621 0.0789953 0.0915267 0.0937865 0.0903337 0.1081608 0.0421812 0.1079260 0.0718065 0.0867112 0.0819536 0.0774718 0.0462602 0.0674236 0.1091574 0.0224180 0.0585550 0.0613062 0.0708459 0.0590147 0.0565725 0.0716594 0.0697400 0.0780627 0.0781089 0.0679859 0.0789134 0.0279572 0.0866533 0.0689872 0.0639580 0.0255693 0.0296447 0.0476670 0.0717521 0.0358376 0.0648814 0.0619169 0.0701780 0.0770216 0.0470589 0.0610562 0.0776907 0.0717025 0.0580255 0.0240555 0.0717134 0.0811283 0.0598724 0.0311928 0.0770974 0.0376892 0.0502289 0.0352413 0.0481140 0.0723037 0.0711762 0.0665415 0.0632252 0.0577922 0.0732609 0.0531078 0.0591478 0.0794496 0.0641519 
S0294         0.2119560 0.0782086 0.0907122 0.0999407 0.1093331 0.0580139 0.0971651 0.0943733 0.0915652 0.0653637 0.0000000 0.0969290 0.0940099 0.1104024 0.0978931 0.1016182 0.0905637 0.0888067 0.1087741 0.0926526 0.0987451 0.0572143 0.0576835 0.1017600 0.0929678 0.0873450 0.0805473 0.1002345 0.0872026 0.0960151 0.0846938 0.1063133 0.0956218 0.1155741 0.1068729 0.0920151 0.0667782 0.0535902 0.0980390 0.0842983 0.0736707 0.0586654 0.0603441 0.0889480 0.0943538 0.1217149 0.0932711 0.0978967 0.1126647 0.0578955 0.1173249 0.0644643 0.0591039 0.0681277 0.0756263 0.0992105 0.0931938 0.0887870 0.1123437 0.0759759 0.0767466 0.0814828 0.0918994 0.1092573 0.0993596 0.1098427 0.1110183 0.0451875 0.0914159 0.1300874 0.1139175 0.1052283 0.1069381 0.1169466 0.1138766 0.1171456 0.0604266 0.1199313 0.0898159 0.1114314 0.0940165 0.1018894 0.0663330 0.0875841 0.1249659 0.0600767 0.0770391 0.0894940 0.0906083 0.0762565 0.0791542 0.0986991 0.0863470 0.1024969 0.1061187 0.0933556 0.0977427 0.0602084 0.1034583 0.0941101 0.0863695 0.0625022 0.0620487 0.0711079 0.0978936 0.0564814 0.0819974 0.0867081 0.0926125 0.1000078 0.0606577 0.0788708 0.0959604 0.0887984 0.0786615 0.0558664 0.0888105 0.0993363 0.0797480 0.0612178 0.0962181 0.0548671 0.0724601 0.0527401 0.0721843 0.0978599 0.0850489 0.0813508 0.0840790 0.0812559 0.0961677 0.0800387 0.0816940 0.0956109 0.0862975 
S0299         0.2060720 0.0801609 0.0838124 0.0470923 0.0890186 0.0675309 0.0964568 0.0465819 0.0795104 0.0755659 0.0969290 0.0000000 0.0921100 0.1146920 0.0508393 0.1000566 0.0399032 0.0752139 0.0807673 0.0927901 0.0994362 0.0676649 0.0681676 0.0540419 0.0895725 0.0391988 0.0775365 0.1036792 0.0483873 0.0911491 0.0538472 0.0953517 0.0934685 0.1178278 0.0957967 0.0473674 0.0757965 0.0655257 0.0493196 0.0401077 0.0558198 0.0450998 0.0696756 0.0770177 0.0928608 0.1225481 0.0931533 0.0954909 0.1041775 0.0739857 0.0996547 0.0598820 0.0703486 0.0685499 0.0734196 0.0913548 0.0787111 0.0428120 0.1089831 0.0550308 0.0473923 0.0749083 0.0933113 0.0994429 0.0907889 0.0962817 0.1016514 0.1063107 0.0774232 0.1277871 0.0937614 0.1028297 0.1073578 0.1095217 0.1035859 0.1201303 0.0588638 0.1207885 0.0713627 0.0999369 0.0840562 0.1023116 0.0799561 0.0804370 0.1267111 0.0723098 0.0903623 0.0810564 0.0415803 0.0596189 0.0606077 0.0895963 0.0445257 0.0486921 0.1065059 0.0863278 0.0961992 0.0709314 0.0948076 0.0851742 0.0772690 0.0740675 0.0717298 0.0714572 0.0900390 0.0697551 0.0559691 0.0765779 0.0772800 0.0501697 0.0804917 0.0782522 0.0480564 0.0757264 0.0605258 0.0685468 0.0773416 0.0897960 0.0723885 0.0741754 0.0435371 0.0729343 0.0456097 0.0674708 0.0709918 0.0924615 0.0741932 0.0599853 0.0777583 0.0753676 0.0807527 0.0671679 0.0734919 0.0974808 0.0848603 
S0303         0.1983443 0.0781473 0.0678506 0.0879751 0.0867925 0.0634571 0.0146911 0.0882922 0.0780920 0.0758402 0.0940099 0.0921100 0.0000000 0.0461504 0.0888853 0.0114391 0.0820446 0.0832026 0.0937406 0.0082031 0.0882341 0.0626512 0.0598894 0.0947230 0.0871827 0.0773413 0.0673976 0.1073670 0.0829673 0.0088441 0.0707330 0.1020264 0.0924180 0.0551032 0.0126852 0.0870516 0.0811170 0.0613280 0.0886590 0.0718686 0.0636105 0.0474529 0.0632461 0.0753884 0.0082073 0.1103532 0.0851421 0.0094990 0.0988704 0.0648387 0.1000780 0.0463531 0.0638145 0.0584349 0.0619723 0.0876081 0.0768761 0.0744696 0.0537705 0.0650844 0.0677501 0.0795489 0.0220658 0.1036278 0.0929590 0.1049230 0.1050198 0.0962767 0.0779481 0.1177642 0.0952461 0.0453414 0.0500040 0.0996048 0.0980650 0.1122992 0.0479040 0.1103528 0.0831272 0.1013934 0.0854049 0.0440433 0.0855183 0.0779948 0.1140538 0.0664193 0.0870290 0.0725124 0.0802458 0.0683915 0.0676680 0.0124612 0.0778868 0.0906378 0.0457774 0.0119750 0.0101303 0.0635497 0.0486771 0.0900831 0.0782450 0.0696495 0.0658969 0.0744013 0.0856167 0.0698385 0.0739165 0.0789737 0.0838568 0.0908998 0.0804000 0.0658091 0.0862452 0.0754773 0.0668532 0.0611693 0.0739088 0.0938049 0.0723561 0.0656429 0.0868609 0.0726324 0.0624977 0.0712041 0.0694868 0.0956535 0.0796470 0.0684582 0.0787613 0.0757696 0.0856772 0.0585222 0.0732610 0.1028661 0.0811039 
S0308         0.2269804 0.0940525 0.0914741 0.1171152 0.1054820 0.0826752 0.0483686 0.1097330 0.0942527 0.1009630 0.1104024 0.1146920 0.0461504 0.0000000 0.1125908 0.0507896 0.1049617 0.1001485 0.1223406 0.0432816 0.1143020 0.0818047 0.0796470 0.1152436 0.1129400 0.0990766 0.0844281 0.1262484 0.1030980 0.0446202 0.0878611 0.1056276 0.1101825 0.0730037 0.0570101 0.1096654 0.1007572 0.0804499 0.1096319 0.0949351 0.0843199 0.0764064 0.0845530 0.0921071 0.0447418 0.1278770 0.1052389 0.0462484 0.1231859 0.0859041 0.1115549 0.0635664 0.0847845 0.0753583 0.0794690 0.1050089 0.0944677 0.0975556 0.0737853 0.0858742 0.0865459 0.0974375 0.0383217 0.1028427 0.1080359 0.1068823 0.1086307 0.1070230 0.0924505 0.1296462 0.1217562 0.0598942 0.0705399 0.1168747 0.1117151 0.1258041 0.0684307 0.1268281 0.1058186 0.1225468 0.1065971 0.0609175 0.1063753 0.0963850 0.1317923 0.0841832 0.1073243 0.0938666 0.1041851 0.0903068 0.0918603 0.0498749 0.0998371 0.1144711 0.0661698 0.0506117 0.0460796 0.0860382 0.0652279 0.1086887 0.0952454 0.0852079 0.0853299 0.0935505 0.1029061 0.0922397 0.0935410 0.0959963 0.0986283 0.1136583 0.0975062 0.0851620 0.1089275 0.0906736 0.0870516 0.0786365 0.0890270 0.1127827 0.0879029 0.0851520 0.1128984 0.0891398 0.0821846 0.0860382 0.0933129 0.1110773 0.0948084 0.0920492 0.0957066 0.0933374 0.0987247 0.0783274 0.0897219 0.1241407 0.1026071 
S0320         0.2180721 0.0802028 0.0814400 0.0475869 0.0960828 0.0684487 0.0979882 0.0431682 0.0787815 0.0807029 0.0978931 0.0508393 0.0888853 0.1125908 0.0000000 0.0971252 0.0372466 0.0744879 0.0839835 0.0926811 0.0974740 0.0676253 0.0697218 0.0497596 0.0942900 0.0330843 0.0732654 0.1068593 0.0502174 0.0927208 0.0524907 0.0979846 0.0917152 0.1101637 0.0955124 0.0446629 0.0804204 0.0662907 0.0445493 0.0417730 0.0550349 0.0460135 0.0726906 0.0820257 0.0935768 0.1233505 0.0858771 0.0961882 0.0996196 0.0731118 0.1019728 0.0573603 0.0687550 0.0636299 0.0700384 0.0912974 0.0819231 0.0465919 0.1084801 0.0549966 0.0507020 0.0707503 0.0902594 0.1012602 0.0924141 0.0989109 0.1009313 0.0955947 0.0823478 0.1337486 0.0942536 0.1009538 0.1091584 0.1055837 0.1029057 0.1218045 0.0574256 0.1242413 0.0691432 0.1029338 0.0863520 0.1004589 0.0837676 0.0778964 0.1292999 0.0714585 0.0918729 0.0774899 0.0368521 0.0596690 0.0607964 0.0927875 0.0478322 0.0522362 0.0937123 0.0885241 0.0960800 0.0714848 0.0952963 0.0814931 0.0741007 0.0731917 0.0724949 0.0714170 0.0871094 0.0714358 0.0591759 0.0772736 0.0789413 0.0452532 0.0787050 0.0747672 0.0474690 0.0798361 0.0596676 0.0654293 0.0798467 0.0877071 0.0715139 0.0717217 0.0401998 0.0713024 0.0485483 0.0674183 0.0719050 0.0886300 0.0758439 0.0590000 0.0766482 0.0711454 0.0841583 0.0645293 0.0708630 0.1015309 0.0804083 
S0322         0.2008205 0.0811926 0.0757921 0.0979381 0.0940681 0.0709144 0.0173638 0.0956782 0.0833521 0.0821203 0.1016182 0.1000566 0.0114391 0.0507896 0.0971252 0.0000000 0.0900695 0.0896433 0.1087653 0.0108003 0.0970236 0.0700829 0.0672795 0.1014657 0.0979113 0.0852483 0.0733809 0.1161242 0.0895587 0.0114481 0.0760505 0.1057695 0.0990984 0.0608270 0.0153198 0.0942324 0.0872511 0.0671979 0.0966872 0.0756422 0.0703093 0.0596046 0.0718561 0.0831723 0.0094951 0.1192196 0.0932892 0.0147183 0.1086275 0.0723172 0.1068233 0.0536821 0.0713210 0.0651847 0.0693770 0.0965796 0.0846905 0.0790575 0.0585676 0.0718134 0.0747424 0.0850958 0.0283573 0.1090909 0.1013281 0.1078581 0.1087848 0.1036422 0.0850542 0.1256616 0.1061693 0.0499576 0.0563600 0.1070223 0.1057417 0.1212330 0.0541308 0.1192197 0.0924592 0.1091499 0.0942613 0.0486514 0.0928317 0.0840542 0.1230346 0.0739449 0.0943318 0.0834606 0.0874541 0.0752234 0.0749496 0.0160577 0.0817928 0.0990030 0.0535422 0.0163586 0.0127488 0.0725775 0.0533801 0.0975276 0.0859509 0.0772751 0.0734348 0.0797693 0.0912567 0.0767666 0.0825746 0.0858751 0.0900296 0.0981233 0.0891917 0.0733167 0.0939654 0.0833471 0.0752376 0.0685661 0.0817391 0.1019252 0.0767244 0.0731469 0.0950823 0.0777507 0.0693787 0.0780775 0.0779647 0.1023735 0.0859820 0.0752977 0.0858615 0.0828117 0.0924532 0.0658769 0.0786301 0.1114871 0.0883230 
S0327         0.2010118 0.0724160 0.0723200 0.0373559 0.0867929 0.0611610 0.0874332 0.0309436 0.0689189 0.0737112 0.0905637 0.0399032 0.0820446 0.1049617 0.0372466 0.0900695 0.0000000 0.0694959 0.0841669 0.0839195 0.0924325 0.0603621 0.0608269 0.0408654 0.0838616 0.0213686 0.0643088 0.0960397 0.0345623 0.0823518 0.0407130 0.0827029 0.0813074 0.1043028 0.0902222 0.0353719 0.0712793 0.0575287 0.0351322 0.0316986 0.0452463 0.0435478 0.0623200 0.0728424 0.0847869 0.1099500 0.0788689 0.0865299 0.0923506 0.0657140 0.0872175 0.0485570 0.0614991 0.0561391 0.0611834 0.0786586 0.0727530 0.0350510 0.0975179 0.0452158 0.0410592 0.0603051 0.0799787 0.0874643 0.0796984 0.0843857 0.0848009 0.0899510 0.0755368 0.1217790 0.0895405 0.0894537 0.0991242 0.0958960 0.0915518 0.1101577 0.0494776 0.1099496 0.0667085 0.0889828 0.0763041 0.0888213 0.0770814 0.0659545 0.1139013 0.0641084 0.0849795 0.0699652 0.0242332 0.0497161 0.0509408 0.0843909 0.0375837 0.0403788 0.0910192 0.0808687 0.0872245 0.0619911 0.0847809 0.0714310 0.0634635 0.0657850 0.0641912 0.0610401 0.0745037 0.0648603 0.0470253 0.0643903 0.0675196 0.0358816 0.0728988 0.0657770 0.0360404 0.0730833 0.0497138 0.0597088 0.0715199 0.0752860 0.0611505 0.0642071 0.0331369 0.0639859 0.0408439 0.0602054 0.0629634 0.0783794 0.0660628 0.0506259 0.0619693 0.0630115 0.0774212 0.0582195 0.0620093 0.0908854 0.0712049 
S0335         0.1802471 0.0675272 0.0690082 0.0791074 0.0809339 0.0569770 0.0859280 0.0741062 0.0522918 0.0764993 0.0888067 0.0752139 0.0832026 0.1001485 0.0744879 0.0896433 0.0694959 0.0000000 0.0640147 0.0818321 0.0811950 0.0576796 0.0596367 0.0822630 0.0741044 0.0663827 0.0583397 0.0840050 0.0699526 0.0800583 0.0593035 0.0760154 0.0835638 0.0960316 0.0926658 0.0748184 0.0670247 0.0571000 0.0748008 0.0634020 0.0525085 0.0411267 0.0617411 0.0668858 0.0826972 0.1070486 0.0747636 0.0860679 0.0941475 0.0621072 0.0783017 0.0447976 0.0587374 0.0508182 0.0552514 0.0648858 0.0675708 0.0676983 0.0953347 0.0539541 0.0544226 0.0574856 0.0763008 0.0790218 0.0670516 0.0727699 0.0794165 0.0807930 0.0654043 0.1130401 0.0828698 0.0879798 0.0922406 0.0813889 0.0754512 0.1063700 0.0469315 0.1044561 0.0801964 0.0749793 0.0532445 0.0882801 0.0718123 0.0500242 0.1092187 0.0614210 0.0765874 0.0594681 0.0691822 0.0562651 0.0577551 0.0785967 0.0611839 0.0781094 0.0848112 0.0758652 0.0833012 0.0630882 0.0841767 0.0540995 0.0517698 0.0630896 0.0631496 0.0591388 0.0597925 0.0638070 0.0614723 0.0495134 0.0538753 0.0729932 0.0663373 0.0582786 0.0795370 0.0630178 0.0579040 0.0562588 0.0630260 0.0627986 0.0382532 0.0631638 0.0770455 0.0635747 0.0496552 0.0582664 0.0601529 0.0616413 0.0255847 0.0597574 0.0526761 0.0571793 0.0743118 0.0530975 0.0397429 0.0813926 0.0644438 
S0345         0.1962265 0.0836009 0.0699494 0.0798966 0.0878542 0.0676442 0.0996554 0.0875507 0.0687826 0.0829799 0.1087741 0.0807673 0.0937406 0.1223406 0.0839835 0.1087653 0.0841669 0.0640147 0.0000000 0.0968047 0.0824553 0.0664328 0.0735882 0.0959918 0.0900790 0.0772891 0.0741397 0.1007934 0.0847386 0.0952047 0.0824614 0.0994268 0.0953973 0.1246945 0.0985311 0.0873637 0.0833812 0.0641545 0.0898581 0.0720814 0.0703644 0.0530800 0.0678735 0.0763550 0.0954904 0.1302553 0.0887025 0.0983009 0.1084982 0.0668986 0.0964054 0.0571919 0.0752510 0.0622760 0.0662603 0.0744788 0.0788558 0.0757486 0.1183587 0.0726209 0.0661221 0.0709713 0.0916974 0.1020870 0.0791487 0.0963208 0.1057047 0.0618120 0.0812896 0.1407966 0.0852663 0.1110467 0.1235572 0.0890831 0.0854906 0.1323358 0.0593256 0.1323445 0.0991716 0.0900590 0.0568485 0.1133147 0.0819276 0.0598309 0.1358694 0.0689429 0.0921121 0.0719380 0.0843292 0.0716206 0.0760052 0.0997840 0.0696770 0.0828923 0.1021330 0.0860025 0.0980623 0.0727952 0.1076138 0.0293057 0.0651949 0.0728278 0.0755380 0.0740709 0.0795376 0.0703177 0.0724534 0.0678960 0.0700527 0.0891793 0.0713796 0.0699841 0.0926963 0.0799616 0.0743404 0.0676586 0.0786549 0.0819839 0.0545370 0.0714590 0.0881940 0.0749378 0.0678295 0.0684226 0.0718641 0.0270261 0.0597201 0.0746961 0.0632429 0.0665221 0.0804251 0.0666591 0.0521917 0.0868889 0.0754151 
S0355         0.1963189 0.0767831 0.0657285 0.0915697 0.0836485 0.0621286 0.0094940 0.0877460 0.0781124 0.0760207 0.0926526 0.0927901 0.0082031 0.0432816 0.0926811 0.0108003 0.0839195 0.0818321 0.0968047 0.0000000 0.0893812 0.0613244 0.0600660 0.0958566 0.0910386 0.0791833 0.0652793 0.1076811 0.0832456 0.0056504 0.0709589 0.0976530 0.0943508 0.0560085 0.0092288 0.0889830 0.0781637 0.0584897 0.0903630 0.0721003 0.0638134 0.0488756 0.0625854 0.0732443 0.0050185 0.1098075 0.0878468 0.0088433 0.1003395 0.0627515 0.0980410 0.0442019 0.0640040 0.0554245 0.0598719 0.0878571 0.0747306 0.0747088 0.0530553 0.0652916 0.0671101 0.0781747 0.0221259 0.0992177 0.0907222 0.1005027 0.1006046 0.0937015 0.0749606 0.1160255 0.0985213 0.0432094 0.0486812 0.1018532 0.0986141 0.1117554 0.0447028 0.1098071 0.0847434 0.0974728 0.0848405 0.0433441 0.0849890 0.0772251 0.1135123 0.0650915 0.0883211 0.0750533 0.0813118 0.0686120 0.0679004 0.0096365 0.0781412 0.0926017 0.0481035 0.0105269 0.0069215 0.0637375 0.0472377 0.0887028 0.0782852 0.0683175 0.0645645 0.0730786 0.0857535 0.0700456 0.0725537 0.0789944 0.0830575 0.0917888 0.0798637 0.0636973 0.0882564 0.0733098 0.0686247 0.0590432 0.0717452 0.0946378 0.0700600 0.0627964 0.0887867 0.0705265 0.0635249 0.0690978 0.0712492 0.0942746 0.0782835 0.0704061 0.0773999 0.0744064 0.0841730 0.0579153 0.0719022 0.1023123 0.0788229 
S0376         0.1930484 0.0705033 0.0795970 0.0960157 0.0972786 0.0628583 0.0950172 0.0937895 0.0791321 0.0718482 0.0987451 0.0994362 0.0882341 0.1143020 0.0974740 0.0970236 0.0924325 0.0811950 0.0824553 0.0893812 0.0000000 0.0620878 0.0625702 0.0960243 0.0873625 0.0870090 0.0790107 0.0466253 0.0881016 0.0894221 0.0813142 0.1019592 0.0998750 0.1069177 0.0926819 0.0901858 0.0763473 0.0606234 0.0942904 0.0802540 0.0738756 0.0459342 0.0648509 0.0799564 0.0903190 0.1164091 0.0859196 0.0913562 0.1005816 0.0643305 0.1004052 0.0629049 0.0666049 0.0685721 0.0720686 0.0898160 0.0806983 0.0841411 0.1089562 0.0754380 0.0721489 0.0737284 0.0858457 0.1044443 0.0880452 0.1018092 0.1048686 0.0850466 0.0855182 0.1213506 0.0958702 0.0986833 0.1056657 0.1044767 0.0993717 0.1155553 0.0597113 0.1154613 0.0884798 0.0911072 0.0827249 0.0981496 0.0741128 0.0843738 0.1158902 0.0644989 0.0858773 0.0726060 0.0895889 0.0782198 0.0800340 0.0913495 0.0796556 0.0949645 0.0952924 0.0805780 0.0912160 0.0622310 0.1015760 0.0850444 0.0776019 0.0671266 0.0646941 0.0648629 0.0842556 0.0685813 0.0777540 0.0756354 0.0817925 0.0964598 0.0703923 0.0779824 0.1023458 0.0856332 0.0758175 0.0630849 0.0874011 0.0905610 0.0719500 0.0671700 0.0914540 0.0658439 0.0620012 0.0668064 0.0666641 0.0863664 0.0753404 0.0847686 0.0802326 0.0743260 0.0882101 0.0721934 0.0737721 0.0450817 0.0799088 
S0400         0.1816076 0.0426409 0.0492489 0.0704855 0.0717940 0.0069303 0.0676279 0.0639376 0.0550031 0.0208813 0.0572143 0.0676649 0.0626512 0.0818047 0.0676253 0.0700829 0.0603621 0.0576796 0.0664328 0.0613244 0.0620878 0.0000000 0.0108622 0.0696483 0.0570162 0.0559097 0.0469280 0.0637588 0.0606488 0.0636089 0.0505135 0.0714316 0.0671316 0.0803547 0.0686688 0.0616221 0.0317267 0.0082390 0.0645711 0.0506892 0.0415126 0.0249874 0.0088025 0.0513520 0.0613585 0.0914848 0.0591538 0.0652580 0.0766555 0.0134099 0.0759482 0.0304945 0.0082472 0.0376928 0.0425389 0.0627917 0.0534910 0.0549426 0.0805299 0.0437162 0.0448853 0.0473206 0.0568477 0.0760594 0.0632486 0.0728903 0.0756511 0.0569988 0.0565937 0.0983275 0.0734161 0.0688410 0.0774327 0.0803483 0.0758527 0.0916522 0.0307644 0.0914837 0.0624583 0.0711751 0.0642760 0.0683035 0.0388582 0.0535838 0.0951930 0.0069224 0.0426535 0.0515222 0.0593854 0.0467436 0.0485337 0.0614943 0.0562427 0.0697075 0.0701912 0.0599804 0.0651608 0.0133976 0.0724682 0.0540966 0.0528865 0.0101378 0.0134280 0.0386210 0.0617257 0.0292775 0.0562864 0.0513588 0.0565961 0.0678670 0.0317473 0.0468877 0.0664841 0.0542814 0.0467415 0.0095144 0.0542884 0.0655604 0.0452793 0.0153708 0.0646982 0.0274550 0.0435570 0.0233913 0.0397723 0.0592180 0.0536701 0.0490914 0.0500019 0.0449006 0.0658252 0.0411363 0.0461868 0.0613419 0.0509522 
S0405         0.1807690 0.0414271 0.0483076 0.0718303 0.0706082 0.0115202 0.0663711 0.0635852 0.0561805 0.0257788 0.0576835 0.0681676 0.0598894 0.0796470 0.0697218 0.0672795 0.0608269 0.0596367 0.0735882 0.0600660 0.0625702 0.0108622 0.0000000 0.0717681 0.0599207 0.0578378 0.0479045 0.0650518 0.0611000 0.0623520 0.0531115 0.0735768 0.0676013 0.0765962 0.0677677 0.0620983 0.0340677 0.0102444 0.0659274 0.0518785 0.0433543 0.0312510 0.0134102 0.0508787 0.0616129 0.0912220 0.0588672 0.0640003 0.0791239 0.0148244 0.0799600 0.0314250 0.0115801 0.0386365 0.0434486 0.0639767 0.0530265 0.0575996 0.0784873 0.0454818 0.0459694 0.0477013 0.0555855 0.0782613 0.0645257 0.0750511 0.0778369 0.0572802 0.0591813 0.0981389 0.0767045 0.0675778 0.0745992 0.0798922 0.0753820 0.0913896 0.0309177 0.0912208 0.0616539 0.0749120 0.0662838 0.0654021 0.0384545 0.0531303 0.0949471 0.0141172 0.0458416 0.0510590 0.0613704 0.0485503 0.0504849 0.0625536 0.0574318 0.0726176 0.0672693 0.0611121 0.0639048 0.0154698 0.0721366 0.0560158 0.0540446 0.0174460 0.0161624 0.0403225 0.0629870 0.0287737 0.0574762 0.0524992 0.0577921 0.0684276 0.0362069 0.0478629 0.0686562 0.0568397 0.0485481 0.0108785 0.0568470 0.0668622 0.0470668 0.0167899 0.0659762 0.0297255 0.0457047 0.0256059 0.0400869 0.0611951 0.0555700 0.0509315 0.0495330 0.0452592 0.0605756 0.0421720 0.0472706 0.0626064 0.0497576 
S0407sl       0.2031896 0.0771959 0.0881056 0.0454414 0.0965335 0.0689255 0.0961781 0.0446078 0.0833397 0.0838680 0.1017600 0.0540419 0.0947230 0.1152436 0.0497596 0.1014657 0.0408654 0.0822630 0.0959918 0.0958566 0.0960243 0.0696483 0.0717681 0.0000000 0.0917269 0.0359577 0.0793083 0.1045567 0.0434720 0.0942303 0.0550951 0.1003962 0.0909403 0.1098628 0.1040944 0.0447729 0.0809852 0.0652113 0.0452640 0.0463058 0.0576633 0.0540704 0.0741990 0.0856168 0.0967666 0.1145288 0.0864581 0.0985966 0.1012229 0.0751995 0.1035705 0.0642103 0.0715869 0.0713456 0.0760068 0.0936307 0.0873498 0.0497275 0.1063794 0.0606271 0.0531917 0.0749761 0.0925962 0.1037037 0.0936685 0.1013551 0.1042315 0.0991078 0.0876408 0.1219356 0.0989829 0.1025616 0.1123191 0.1049631 0.1030861 0.1165101 0.0646697 0.1162866 0.0736647 0.1000342 0.0902334 0.1020441 0.0844173 0.0792711 0.1203658 0.0735248 0.0961655 0.0786779 0.0390728 0.0631250 0.0644361 0.0945695 0.0503284 0.0484556 0.0986386 0.0892188 0.0976235 0.0737050 0.0921660 0.0853633 0.0800058 0.0744766 0.0730077 0.0709269 0.0883194 0.0751970 0.0610020 0.0794100 0.0802953 0.0439178 0.0842851 0.0808365 0.0174448 0.0875606 0.0631373 0.0705430 0.0875723 0.0885528 0.0726476 0.0705099 0.0426042 0.0725915 0.0506074 0.0694640 0.0712763 0.0915321 0.0746347 0.0656720 0.0770119 0.0754557 0.0892923 0.0713359 0.0712270 0.1003510 0.0842677 
S0412sl       0.2044601 0.0694508 0.0762504 0.0910454 0.0889056 0.0561747 0.0931632 0.0917860 0.0754714 0.0724313 0.0929678 0.0895725 0.0871827 0.1129400 0.0942900 0.0979113 0.0838616 0.0741044 0.0900790 0.0910386 0.0873625 0.0570162 0.0599207 0.0917269 0.0000000 0.0805960 0.0745219 0.0852095 0.0818577 0.0919494 0.0785266 0.1000500 0.0827603 0.1136346 0.0989292 0.0925840 0.0714548 0.0596074 0.0914803 0.0789514 0.0690260 0.0453164 0.0509894 0.0752683 0.0911006 0.1116776 0.0658529 0.0912575 0.1016712 0.0627088 0.0945894 0.0570124 0.0574146 0.0654583 0.0675448 0.0895329 0.0760190 0.0818135 0.1063436 0.0724776 0.0621072 0.0697716 0.0838622 0.1020548 0.0837586 0.1008110 0.1029928 0.0763508 0.0763051 0.1286346 0.0903663 0.1007603 0.1104613 0.1012350 0.0999692 0.1127070 0.0569363 0.1107186 0.0895036 0.0915442 0.0826184 0.1001438 0.0761440 0.0798909 0.1158731 0.0592618 0.0826043 0.0764052 0.0856241 0.0752916 0.0785635 0.0875064 0.0802241 0.0909703 0.0947739 0.0839834 0.0938097 0.0619005 0.1013793 0.0831723 0.0711516 0.0618628 0.0662744 0.0672326 0.0787270 0.0679811 0.0800178 0.0754421 0.0806310 0.0901096 0.0732691 0.0734959 0.0873136 0.0736202 0.0736780 0.0587683 0.0753585 0.0905784 0.0716528 0.0628901 0.0871453 0.0636018 0.0620805 0.0620554 0.0542128 0.0897031 0.0702917 0.0739093 0.0763824 0.0719446 0.0834513 0.0624968 0.0726357 0.0826206 0.0762347 
S0417         0.1989938 0.0668651 0.0595142 0.0346560 0.0809291 0.0566976 0.0826475 0.0282179 0.0651100 0.0665141 0.0873450 0.0391988 0.0773413 0.0990766 0.0330843 0.0852483 0.0213686 0.0663827 0.0772891 0.0791833 0.0870090 0.0559097 0.0578378 0.0359577 0.0805960 0.0000000 0.0560771 0.0933543 0.0310487 0.0792167 0.0365221 0.0835411 0.0756117 0.0992324 0.0827356 0.0296809 0.0666989 0.0531064 0.0324509 0.0275623 0.0424057 0.0360295 0.0588941 0.0659479 0.0800385 0.1085950 0.0759414 0.0817578 0.0890024 0.0612023 0.0881419 0.0425870 0.0570087 0.0492541 0.0530223 0.0763289 0.0658676 0.0308568 0.0890619 0.0423768 0.0359606 0.0588206 0.0752620 0.0883134 0.0781509 0.0860306 0.0856415 0.0830005 0.0691941 0.1186316 0.0852269 0.0836401 0.0958483 0.0926285 0.0899409 0.1088004 0.0421505 0.1085945 0.0598535 0.0874002 0.0709542 0.0830958 0.0724224 0.0644585 0.1134034 0.0596187 0.0794225 0.0614212 0.0121437 0.0468375 0.0470399 0.0780577 0.0326051 0.0360579 0.0842923 0.0757095 0.0824518 0.0597605 0.0800094 0.0699059 0.0604733 0.0612687 0.0605823 0.0579433 0.0720146 0.0595527 0.0419945 0.0629032 0.0637157 0.0324225 0.0667644 0.0575226 0.0317317 0.0667851 0.0468358 0.0567431 0.0652487 0.0737457 0.0543361 0.0597102 0.0296891 0.0602526 0.0317115 0.0557652 0.0592255 0.0768348 0.0630423 0.0470054 0.0615321 0.0599744 0.0699366 0.0537815 0.0558999 0.0909288 0.0681331 
S0419         0.1780929 0.0619194 0.0323150 0.0770019 0.0379700 0.0454617 0.0701067 0.0703088 0.0572797 0.0602515 0.0805473 0.0775365 0.0673976 0.0844281 0.0732654 0.0733809 0.0643088 0.0583397 0.0741397 0.0652793 0.0790107 0.0469280 0.0479045 0.0793083 0.0745219 0.0560771 0.0000000 0.0859312 0.0638841 0.0668296 0.0521320 0.0720491 0.0796825 0.0860108 0.0727231 0.0704485 0.0596544 0.0463386 0.0735409 0.0529708 0.0513484 0.0358944 0.0492774 0.0240917 0.0676179 0.0994355 0.0723752 0.0700452 0.0813059 0.0497624 0.0758828 0.0046054 0.0479437 0.0052419 0.0062936 0.0683032 0.0260868 0.0588061 0.0862379 0.0527786 0.0480254 0.0494551 0.0622834 0.0798026 0.0711409 0.0750583 0.0770398 0.0737402 0.0306316 0.1099890 0.0771446 0.0735463 0.0766817 0.0832113 0.0788021 0.0977288 0.0057091 0.0994346 0.0705192 0.0798726 0.0620612 0.0737903 0.0652253 0.0564716 0.1032586 0.0505467 0.0735826 0.0519490 0.0626080 0.0543122 0.0575301 0.0665867 0.0547143 0.0769874 0.0725725 0.0649526 0.0699408 0.0521325 0.0798592 0.0608933 0.0536066 0.0536091 0.0529298 0.0571383 0.0633042 0.0512992 0.0587019 0.0543643 0.0603883 0.0719447 0.0597296 0.0088490 0.0747470 0.0285232 0.0566840 0.0425697 0.0271486 0.0686939 0.0454109 0.0536700 0.0702880 0.0541161 0.0455210 0.0497114 0.0538101 0.0661011 0.0534667 0.0607751 0.0512565 0.0499294 0.0651073 0.0303491 0.0483924 0.0791241 0.0545857 
S0427         0.1982468 0.0743641 0.0903522 0.1072387 0.1081010 0.0638108 0.1106652 0.1023999 0.0847348 0.0775885 0.1002345 0.1036792 0.1073670 0.1262484 0.1068593 0.1161242 0.0960397 0.0840050 0.1007934 0.1076811 0.0466253 0.0637588 0.0650518 0.1045567 0.0852095 0.0933543 0.0859312 0.0000000 0.0956791 0.1085649 0.0839670 0.1015906 0.0994506 0.1189598 0.1161255 0.1008545 0.0748445 0.0616806 0.0982700 0.0886778 0.0765510 0.0563756 0.0688312 0.0849836 0.1094608 0.1200915 0.0875198 0.1105189 0.1166055 0.0701391 0.1052048 0.0700068 0.0672366 0.0780923 0.0808989 0.0954821 0.0856827 0.0931837 0.1291248 0.0780713 0.0794513 0.0802154 0.0981564 0.1067322 0.0955707 0.1007325 0.1052788 0.0954914 0.0911372 0.1268974 0.1070478 0.1146267 0.1189780 0.1115337 0.1067358 0.1203237 0.0717998 0.1200916 0.1071671 0.0977116 0.0907453 0.1141576 0.0764168 0.0840202 0.1194623 0.0637335 0.0860885 0.0812210 0.0958562 0.0806916 0.0834551 0.1080363 0.0899487 0.1018229 0.1094564 0.0960888 0.1103433 0.0646947 0.1172282 0.0894102 0.0793643 0.0661705 0.0671357 0.0690551 0.0854169 0.0707833 0.0873794 0.0788077 0.0865271 0.1011249 0.0733391 0.0858545 0.1091786 0.0902040 0.0799720 0.0629583 0.0918767 0.0940597 0.0756986 0.0670048 0.1008866 0.0675320 0.0719556 0.0634362 0.0730103 0.0922959 0.0785165 0.0850692 0.0845288 0.0829397 0.0960951 0.0783620 0.0774264 0.0352767 0.0874805 
S0428sl       0.2019604 0.0698735 0.0712402 0.0456941 0.0845350 0.0606955 0.0851879 0.0404880 0.0677820 0.0734188 0.0872026 0.0483873 0.0829673 0.1030980 0.0502174 0.0895587 0.0345623 0.0699526 0.0847386 0.0832456 0.0881016 0.0606488 0.0611000 0.0434720 0.0818577 0.0310487 0.0638841 0.0956791 0.0000000 0.0816357 0.0439388 0.0884887 0.0800196 0.1022433 0.0881634 0.0451117 0.0685545 0.0562098 0.0427059 0.0353574 0.0480665 0.0452453 0.0645229 0.0723005 0.0841358 0.1132497 0.0746223 0.0859246 0.0885349 0.0645896 0.0956676 0.0466571 0.0618204 0.0538197 0.0606763 0.0827218 0.0739869 0.0358569 0.0989211 0.0480328 0.0404644 0.0637288 0.0799912 0.0935427 0.0789753 0.0901417 0.0915839 0.0837718 0.0751410 0.1243894 0.0867430 0.0878372 0.0969501 0.0963527 0.0938126 0.1116820 0.0491987 0.1123555 0.0645280 0.0901211 0.0754207 0.0889701 0.0736467 0.0694674 0.1173308 0.0645032 0.0842684 0.0673358 0.0333583 0.0518815 0.0532271 0.0804750 0.0398183 0.0480878 0.0875153 0.0780846 0.0849794 0.0630997 0.0902472 0.0710740 0.0654005 0.0662296 0.0614894 0.0636655 0.0801063 0.0620170 0.0468150 0.0670899 0.0687161 0.0465577 0.0719663 0.0653907 0.0401258 0.0726301 0.0527001 0.0599488 0.0734488 0.0776428 0.0606765 0.0599483 0.0450234 0.0589578 0.0418137 0.0612707 0.0624728 0.0781030 0.0632713 0.0536570 0.0639064 0.0657311 0.0720006 0.0592119 0.0592418 0.0937823 0.0734089 
