132
S0055      0.0000000 0.0916293 0.1012475 0.1007638 0.0667098 0.1263767 0.1034104 0.0958091 0.0841981 0.1115281 0.0995454 0.1371931 0.1237623 0.1008793 0.1450988 0.0924371 0.1193529 0.1094421 0.1396697 0.0886565 0.0609888 0.0670225 0.1149311 0.1063611 0.0922177 0.0795877 0.1002615 0.0971800 0.1204493 0.0843612 0.1100577 0.1127958 0.1307887 0.0993940 0.0602712 0.0615488 0.1022271 0.1160052 0.0980657 0.1104279 0.0569647 0.0948985 0.1410233 0.1541001 0.1118512 0.1430450 0.1254344 0.0710440 0.1166066 0.0775122 0.0687319 0.0826882 0.0845339 0.1117384 0.0967095 0.0940974 0.1248883 0.0927023 0.0941789 0.0938021 0.1136792 0.1084383 0.1205773 0.1112655 0.1209342 0.1217004 0.1015471 0.0988477 0.0921504 0.1121900 0.1338876 0.1424162 0.1096260 0.1131224 0.1678102 0.0813939 0.1091558 0.1122921 0.1164878 0.1046811 0.1265480 0.0575365 0.1076490 0.1362798 0.0590852 0.0516091 0.0970212 0.0911409 0.0875383 0.0895618 0.1405863 0.0997312 0.1025246 0.1227658 0.1382937 0.1483064 0.0650522 0.1191469 0.1112020 0.0943481 0.0688272 0.0679067 0.0375967 0.1019111 0.0572609 0.0864515 0.1045963 0.1040545 0.1086264 0.0498303 0.0823956 0.0979632 0.0986788 0.0907089 0.0547836 0.1060696 0.0915099 0.0780393 0.1019488 0.0548621 0.1036433 0.0507001 0.0572672 0.1018413 0.0955672 0.1053400 0.0927498 0.1316134 0.0786736 0.0819088 0.1048580 0.0815613 
S0196sl    0.0916293 0.0000000 0.1034763 0.0324959 0.1191503 0.1742822 0.0977951 0.0665169 0.1244281 0.1015342 0.0945860 0.1841537 0.1638490 0.1040956 0.1841537 0.0880910 0.0950184 0.0967102 0.2022158 0.0960355 0.1031964 0.1184665 0.1043728 0.1196622 0.0846156 0.0120685 0.1123756 0.0771015 0.1815497 0.0666479 0.1020490 0.1461171 0.1174935 0.1087808 0.1057396 0.1058219 0.1081543 0.0942613 0.1075299 0.0861039 0.0899696 0.0351938 0.1804991 0.2034190 0.1388862 0.2106243 0.1133332 0.1007124 0.1225287 0.0096606 0.1201485 0.0096643 0.0196879 0.0988519 0.0409657 0.0787091 0.1152555 0.1005201 0.0811352 0.0741556 0.0990877 0.1135128 0.1047735 0.0897441 0.1108461 0.1195139 0.0870911 0.0353865 0.0000010 0.0975119 0.1207834 0.1421581 0.0872389 0.0964934 0.2001451 0.0121143 0.0000010 0.0769524 0.1256273 0.0984683 0.1277610 0.0870213 0.0901847 0.0000010 0.1155791 0.0874252 0.0568987 0.0812569 0.0873964 0.0907183 0.2056045 0.0876168 0.0943432 0.1088020 0.1963116 0.1969022 0.1055137 0.1153675 0.1137582 0.0666226 0.1155791 0.1093610 0.0889207 0.0658089 0.0898096 0.0819288 0.0697830 0.0719493 0.1003585 0.0905142 0.0120870 0.0971569 0.0325062 0.1003824 0.0934835 0.0680309 0.0658405 0.1416455 0.1186309 0.0779596 0.0973291 0.0749173 0.0877180 0.0817510 0.0898219 0.0831149 0.0596029 0.1111796 0.0523063 0.0716204 0.1212685 0.0486356 
S0278      0.1012475 0.1034763 0.0000000 0.0971502 0.1066976 0.1427408 0.0414691 0.0996969 0.1202140 0.1387944 0.0310110 0.1476051 0.1417463 0.0317988 0.1611047 0.0381534 0.1262547 0.1003748 0.1594964 0.1181028 0.1012537 0.1059656 0.0358903 0.1434490 0.0381057 0.0779385 0.1326096 0.0322143 0.1344062 0.0544819 0.1072858 0.1458189 0.1394687 0.0310634 0.0972969 0.1033183 0.0371254 0.0745708 0.0774279 0.1431940 0.0988330 0.0910831 0.1569300 0.1849622 0.1353139 0.1622924 0.1742632 0.1042417 0.1127169 0.0758712 0.1037833 0.0809819 0.0808853 0.1034735 0.0918313 0.0674803 0.1415086 0.0763032 0.0682235 0.0906049 0.0352970 0.1203819 0.1209261 0.1095484 0.1168833 0.1222492 0.1325384 0.0949497 0.1331008 0.1190508 0.1433286 0.1413029 0.0983475 0.1036553 0.1936317 0.0816402 0.1532466 0.0850359 0.1135420 0.0965848 0.1289652 0.1119248 0.1165475 0.2054833 0.0980909 0.0956031 0.0892009 0.0283418 0.0704187 0.0704377 0.1550750 0.0735344 0.0337105 0.1347373 0.1515345 0.1550208 0.1057515 0.1322344 0.1094487 0.0971608 0.1033750 0.1014386 0.0989334 0.1077427 0.1042475 0.0659065 0.1086011 0.1061675 0.0389852 0.0971571 0.0826483 0.0370608 0.0947726 0.0733745 0.0932151 0.1100085 0.0981555 0.1199000 0.0395939 0.0920232 0.0754678 0.1009021 0.0906620 0.1152001 0.0760860 0.1126579 0.0872254 0.1289137 0.0812867 0.0906614 0.1380557 0.0824404 
S0281      0.1007638 0.0324959 0.0971502 0.0000000 0.1115768 0.1339689 0.1032915 0.0908908 0.1316194 0.1408509 0.0921691 0.1492527 0.1471437 0.1009279 0.1569469 0.0871317 0.1065215 0.0939298 0.1541497 0.1145853 0.1028923 0.1110863 0.1175024 0.1382047 0.0857854 0.0399868 0.1351633 0.0926139 0.1358206 0.0721098 0.1004937 0.1488068 0.1493698 0.0939735 0.0980515 0.1095506 0.1023908 0.1027490 0.0921871 0.1477080 0.1040479 0.0516336 0.1539552 0.1563852 0.1461151 0.1579009 0.1305040 0.1125692 0.1102124 0.0390849 0.1139327 0.0427175 0.0453046 0.1040630 0.0529041 0.0878154 0.1393221 0.0870544 0.0888998 0.0872915 0.1185806 0.1242511 0.1096220 0.1017896 0.1104477 0.1148417 0.1281096 0.0574236 0.1298982 0.1092027 0.1419377 0.1347606 0.0981454 0.1011913 0.1761672 0.0443242 0.1442507 0.1073746 0.1098705 0.0910211 0.1360706 0.1009008 0.0987457 0.1681070 0.1060136 0.0897043 0.0749683 0.0807742 0.0808656 0.0829216 0.1509133 0.0943180 0.1021190 0.1375442 0.1507862 0.1564120 0.1047175 0.1355634 0.0965818 0.0915604 0.1125571 0.1117217 0.1069343 0.1020438 0.1019726 0.0823077 0.0941451 0.0960639 0.1043317 0.0919289 0.0425393 0.0979947 0.0562165 0.0860059 0.1012949 0.0994300 0.0911883 0.1271908 0.0999828 0.0917300 0.0971398 0.0956946 0.0905444 0.0965651 0.0858024 0.1024172 0.0810470 0.1272487 0.0698644 0.0801250 0.1410119 0.0760935 
S0282      0.0667098 0.1191503 0.1066976 0.1115768 0.0000000 0.1280908 0.1159730 0.1068132 0.0447519 0.1071812 0.1114524 0.1381016 0.1304433 0.1125809 0.1470884 0.1051033 0.1276300 0.1178833 0.1427862 0.0936464 0.0200882 0.0294395 0.1469014 0.1180847 0.1025805 0.0889880 0.1108251 0.0972784 0.1222389 0.0955540 0.1160944 0.1218251 0.1383645 0.1132121 0.0557579 0.0279179 0.1174864 0.1340445 0.1041865 0.1199059 0.0223078 0.1056387 0.1429826 0.1664132 0.1168476 0.1492420 0.1504925 0.0312385 0.1252218 0.0868719 0.0242861 0.0921554 0.0910075 0.1151852 0.1076464 0.1075815 0.1322144 0.1039900 0.1045831 0.1063151 0.1471578 0.1087726 0.1282234 0.1215744 0.1275069 0.1266089 0.0970958 0.1097460 0.1151536 0.1165158 0.1437808 0.1386426 0.1135911 0.1169878 0.1830024 0.0908077 0.1347468 0.1195350 0.1248193 0.1169272 0.1272378 0.0662647 0.1186526 0.1711663 0.0209081 0.0603798 0.1037152 0.1015173 0.0955442 0.0976029 0.1448890 0.1166146 0.1143390 0.1265519 0.1437347 0.1519398 0.0293918 0.1242260 0.1262143 0.1042724 0.0312321 0.0319938 0.0731428 0.1151495 0.0691010 0.1010342 0.1105997 0.1097840 0.1183986 0.0569022 0.0918271 0.1148665 0.1095384 0.1028694 0.0210034 0.1164960 0.1105868 0.0444587 0.1170803 0.0569018 0.1153228 0.0540235 0.0662996 0.1239277 0.1003084 0.1234581 0.1048804 0.1391195 0.0903137 0.0990425 0.1210249 0.0904452 
S0288      0.1263767 0.1742822 0.1427408 0.1339689 0.1280908 0.0000000 0.1522170 0.1493882 0.1427601 0.1667710 0.1455682 0.0205723 0.0639798 0.1386991 0.0366079 0.1331942 0.1629323 0.1607917 0.0335998 0.1502231 0.1304590 0.1342912 0.1869862 0.1792088 0.1342166 0.1212157 0.1621996 0.1428069 0.0141192 0.1291854 0.1439234 0.1766915 0.1010529 0.1409725 0.1317200 0.1294950 0.1553385 0.1701344 0.1396946 0.1984663 0.1186567 0.1398163 0.0306244 0.1817159 0.1769722 0.0226568 0.2064560 0.1286892 0.1426009 0.1184472 0.1287735 0.1214934 0.1246499 0.1521699 0.1366882 0.1306158 0.1099980 0.1358435 0.1345836 0.1378210 0.1915866 0.0463646 0.1533123 0.1513836 0.1522969 0.1503424 0.1694102 0.1329106 0.1330398 0.1580687 0.1161715 0.1152149 0.1431150 0.1466616 0.2035963 0.1244965 0.1537066 0.1652867 0.1486412 0.1439104 0.1094039 0.1371311 0.1595931 0.1664808 0.1235723 0.1288990 0.1252198 0.1361408 0.1302032 0.1302216 0.0187137 0.1324628 0.1562193 0.1084322 0.0186557 0.0203609 0.1353089 0.1019526 0.1568728 0.1554414 0.1350696 0.1324987 0.1314130 0.1556201 0.1282786 0.1328835 0.1510169 0.1563987 0.1597410 0.1223930 0.1235419 0.1525639 0.1367922 0.1316617 0.1230791 0.1665187 0.1532994 0.1414106 0.1426474 0.1279761 0.1356411 0.1329354 0.1152835 0.1587835 0.1357662 0.1607524 0.1327509 0.1735187 0.1210636 0.1352166 0.1697903 0.1283488 
S0289      0.1034104 0.0977951 0.0414691 0.1032915 0.1159730 0.1522170 0.0000000 0.1049047 0.1299959 0.1534200 0.0416644 0.1520613 0.1524280 0.0344034 0.1669283 0.0429183 0.1319366 0.1092680 0.1653176 0.1224968 0.1083229 0.1155582 0.0388680 0.1455153 0.0418609 0.0848098 0.1384708 0.0419387 0.1463609 0.0623872 0.1082043 0.1535513 0.1479559 0.0357344 0.1056027 0.1118577 0.0391218 0.0834636 0.0892185 0.1513336 0.1010319 0.0950125 0.1627030 0.1927268 0.1405219 0.1652688 0.1829269 0.1128460 0.1126042 0.0826773 0.1130785 0.0879441 0.0888032 0.1074575 0.0968421 0.0698486 0.1549550 0.0850720 0.0723256 0.1021471 0.0457358 0.1293041 0.1209021 0.1093969 0.1121006 0.1233230 0.1442159 0.1011139 0.1455737 0.1284106 0.1566573 0.1555539 0.1010681 0.1033561 0.1999098 0.0866123 0.1822655 0.0922937 0.1198362 0.1017062 0.1356348 0.1129543 0.1256728 0.2243018 0.1074258 0.0986943 0.0966230 0.0336967 0.0789888 0.0809593 0.1608347 0.0768231 0.0372995 0.1456198 0.1571971 0.1604134 0.1143082 0.1452990 0.1125678 0.1033328 0.1128782 0.1119760 0.1010628 0.1194349 0.1030964 0.0722146 0.1164596 0.1115216 0.0416192 0.1002900 0.0896314 0.0370743 0.0975751 0.0830096 0.0992004 0.1177132 0.1033317 0.1276052 0.0444431 0.0983272 0.0808499 0.1040882 0.0946904 0.1184904 0.0838366 0.1170965 0.0910899 0.1407429 0.0890769 0.0978730 0.1407705 0.0894459 
S0292      0.0958091 0.0665169 0.0996969 0.0908908 0.1068132 0.1493882 0.1049047 0.0000000 0.1288356 0.1373484 0.1019888 0.1545742 0.1519977 0.0980233 0.1663529 0.0843126 0.0893372 0.0828985 0.1695653 0.1333118 0.0996054 0.1055781 0.1139760 0.1357875 0.0923588 0.0680306 0.1425681 0.0972039 0.1478303 0.0833956 0.0844952 0.1396174 0.1551387 0.0977177 0.0997051 0.1050333 0.1060667 0.1118024 0.1026961 0.1469885 0.1005136 0.0808838 0.1681300 0.1637796 0.1302073 0.1639661 0.1558857 0.1098708 0.0908065 0.0660422 0.1042150 0.0709934 0.0708820 0.0869290 0.0796302 0.0873489 0.1511385 0.0953661 0.0936415 0.0687648 0.1275307 0.1305259 0.0840702 0.0836953 0.0880842 0.0952403 0.1260729 0.0813645 0.1320454 0.1277671 0.1538227 0.1660281 0.0769168 0.0809365 0.1835740 0.0716818 0.1330105 0.1097318 0.0828832 0.0686207 0.1515976 0.0997257 0.0525100 0.1609797 0.1004939 0.0940352 0.0713440 0.0905501 0.0890906 0.0911134 0.1578188 0.0979560 0.1053079 0.1483090 0.1581376 0.1634622 0.1074287 0.1449805 0.0808342 0.0176346 0.1073209 0.0997590 0.0958163 0.0407767 0.0982716 0.0900306 0.0312307 0.0168200 0.1003818 0.0953270 0.0726481 0.0992455 0.0841645 0.0942743 0.0967885 0.0472572 0.0722613 0.1188243 0.1043481 0.0966730 0.0985652 0.0950034 0.0941115 0.0798234 0.0975507 0.0791946 0.0667016 0.1208874 0.0701551 0.0655079 0.1392625 0.0573328 
S0293      0.0841981 0.1244281 0.1202140 0.1316194 0.0447519 0.1427601 0.1299959 0.1288356 0.0000000 0.1262246 0.1210528 0.1481915 0.1533660 0.1192879 0.1571492 0.1198904 0.1660290 0.1317891 0.1563309 0.1091193 0.0413810 0.0579586 0.1325194 0.1317562 0.1168186 0.1033274 0.1229093 0.0884188 0.1302685 0.1141289 0.1316622 0.1378583 0.1306261 0.1262191 0.0684334 0.0463294 0.1314258 0.1227162 0.1202895 0.1493752 0.0441202 0.1270357 0.1607578 0.1735344 0.1313248 0.1597608 0.1309940 0.0494701 0.1376263 0.1044670 0.0461233 0.1102371 0.1100684 0.1352023 0.1265183 0.1184118 0.1479403 0.1130333 0.1172144 0.1274037 0.1230867 0.1307194 0.1507208 0.1375015 0.1449116 0.1427435 0.1256544 0.1296903 0.2392060 0.1123922 0.1704918 0.1651607 0.1317085 0.1372364 0.1935280 0.1112552 0.2802484 0.1505264 0.1387230 0.1354097 0.1153519 0.0850002 0.1433782 0.2871921 0.0425378 0.0779369 0.1245603 0.1149720 0.1059997 0.1101004 0.1584976 0.1286483 0.1301578 0.1433927 0.1544242 0.1406703 0.0509065 0.1447654 0.1563739 0.1282312 0.0519382 0.0555447 0.0913531 0.1402101 0.0874028 0.1220661 0.1333933 0.1343986 0.1299154 0.0746390 0.1111499 0.1237832 0.1293588 0.1158235 0.0404473 0.1416150 0.1326668 0.0675164 0.1296637 0.0767808 0.1270216 0.0765585 0.0831389 0.1513593 0.1122946 0.1467166 0.1173046 0.1447003 0.1147673 0.1250142 0.1256414 0.1096945 
S0294      0.1115281 0.1015342 0.1387944 0.1408509 0.1071812 0.1667710 0.1534200 0.1373484 0.1262246 0.0000000 0.1453600 0.1757272 0.1539397 0.1454124 0.1763082 0.1390742 0.1707816 0.1578312 0.1753970 0.1274354 0.1017606 0.1119824 0.1674666 0.1428906 0.1365275 0.1148485 0.1323621 0.1528208 0.1566889 0.1299584 0.1500848 0.1428253 0.1608016 0.1453794 0.1041842 0.1031163 0.1522679 0.1605261 0.1424872 0.1439374 0.0927345 0.1378367 0.1744568 0.1909063 0.1290619 0.1836939 0.1830940 0.1014471 0.1590016 0.1135939 0.1095108 0.1183273 0.1213978 0.1546703 0.1357204 0.1398579 0.1521801 0.1410962 0.1397285 0.1291044 0.1852982 0.1324954 0.1485548 0.1511292 0.1594245 0.1635976 0.0583213 0.1389004 0.1116836 0.1470691 0.1662759 0.1590505 0.1451742 0.1490265 0.1992592 0.1221811 0.1311156 0.1544792 0.1602179 0.1547375 0.1535770 0.1042626 0.1519842 0.1677225 0.1006198 0.0986496 0.1336138 0.1379826 0.1339117 0.1361998 0.1795924 0.1510856 0.1506023 0.1598575 0.1781753 0.1807700 0.1052234 0.1459617 0.1651343 0.1356103 0.1107950 0.1117871 0.1125429 0.1457876 0.1044683 0.1371369 0.1430528 0.1454215 0.1496634 0.0958694 0.1189729 0.1442303 0.1374835 0.1365025 0.0948354 0.1504238 0.1485550 0.1055724 0.1490542 0.1021428 0.1554111 0.0975916 0.1021683 0.1615914 0.1391819 0.1487943 0.1225173 0.1733757 0.1259285 0.1393698 0.1441269 0.1228630 
S0299      0.0995454 0.0945860 0.0310110 0.0921691 0.1114524 0.1455682 0.0416644 0.1019888 0.1210528 0.1453600 0.0000000 0.1515986 0.1470029 0.0302477 0.1640321 0.0410490 0.1269746 0.1016279 0.1624221 0.1176504 0.1038973 0.1117506 0.0390141 0.1380445 0.0418421 0.0780223 0.1273299 0.0418126 0.1376160 0.0573110 0.1068686 0.1398789 0.1458719 0.0269798 0.1029461 0.1091340 0.0399057 0.0847567 0.0807720 0.1485542 0.1006004 0.0903484 0.1598309 0.1851226 0.1347182 0.1628568 0.1859956 0.1090641 0.1123235 0.0759528 0.1085798 0.0810704 0.0819180 0.1025786 0.0920253 0.0685956 0.1457345 0.0767362 0.0693072 0.0920980 0.0353978 0.1264296 0.1177200 0.1091352 0.1140247 0.1218969 0.1414598 0.0950505 0.1390239 0.1238038 0.1514972 0.1406947 0.1008656 0.1063259 0.1937971 0.0817285 0.1594692 0.0886942 0.1152686 0.0978524 0.1353002 0.1133789 0.1203607 0.1984374 0.1017204 0.0981938 0.0927069 0.0242293 0.0708146 0.0727366 0.1579687 0.0718630 0.0312182 0.1363103 0.1530555 0.1585061 0.1094947 0.1363277 0.1063753 0.0994243 0.1047194 0.1092673 0.1017977 0.1132131 0.1046125 0.0682470 0.1088822 0.1085110 0.0373398 0.0987293 0.0827377 0.0363719 0.0958937 0.0766387 0.0916520 0.1092241 0.1006992 0.1282363 0.0337487 0.0945453 0.0756837 0.1045411 0.0919768 0.1158411 0.0795835 0.1143387 0.0898542 0.1285326 0.0866428 0.0911141 0.1297436 0.0848423 
S0303      0.1371931 0.1841537 0.1476051 0.1492527 0.1381016 0.0205723 0.1520613 0.1545742 0.1481915 0.1757272 0.1515986 0.0000000 0.0708071 0.1428965 0.0309143 0.1382890 0.1755068 0.1580155 0.0258555 0.1608135 0.1372888 0.1455701 0.1876486 0.1860990 0.1404918 0.1308753 0.1752652 0.1400968 0.0161462 0.1362524 0.1569053 0.1841542 0.1143483 0.1492070 0.1407468 0.1378142 0.1584805 0.1653650 0.1482768 0.1987903 0.1272515 0.1495862 0.0275566 0.2106162 0.1811946 0.0167069 0.2002696 0.1374856 0.1583280 0.1284429 0.1361653 0.1311371 0.1364859 0.1656990 0.1495846 0.1381097 0.1144534 0.1445119 0.1373495 0.1465670 0.1786517 0.0526075 0.1684470 0.1614172 0.1619183 0.1691095 0.1719797 0.1510968 0.1390272 0.1661554 0.1258169 0.1076843 0.1521780 0.1578679 0.2317721 0.1372595 0.1600362 0.1684002 0.1654157 0.1542066 0.1143823 0.1464306 0.1738542 0.1601764 0.1360809 0.1371747 0.1394878 0.1435257 0.1384642 0.1396928 0.0167131 0.1430684 0.1594285 0.1137265 0.0133780 0.0135375 0.1415495 0.1085417 0.1697354 0.1598225 0.1448418 0.1417067 0.1395579 0.1635479 0.1401653 0.1426523 0.1583817 0.1595398 0.1622620 0.1317272 0.1339711 0.1562850 0.1519608 0.1421383 0.1323312 0.1690781 0.1592322 0.1583983 0.1528574 0.1329543 0.1431219 0.1382354 0.1284278 0.1673508 0.1454885 0.1710242 0.1383277 0.1834447 0.1323686 0.1400889 0.1758000 0.1346957 
S0308      0.1237623 0.1638490 0.1417463 0.1471437 0.1304433 0.0639798 0.1524280 0.1519977 0.1533660 0.1539397 0.1470029 0.0708071 0.0000000 0.1427638 0.0760173 0.1363011 0.1672482 0.1622173 0.0700186 0.1601796 0.1275331 0.1367427 0.1857379 0.1702585 0.1342187 0.1285741 0.1756540 0.1417238 0.0601335 0.1311139 0.1588647 0.1737547 0.0979211 0.1396816 0.1294250 0.1283153 0.1489747 0.1735253 0.1409847 0.1844376 0.1187781 0.1459405 0.0721519 0.1947007 0.1741462 0.0740571 0.1956578 0.1335954 0.1649398 0.1248318 0.1275277 0.1288412 0.1329564 0.1682854 0.1472382 0.1378561 0.1028453 0.1373899 0.1370002 0.1472025 0.1843725 0.0572180 0.1746251 0.1674409 0.1678041 0.1724121 0.1491919 0.1525520 0.0976972 0.1671352 0.1146981 0.1001416 0.1558163 0.1618536 0.2100794 0.1350343 0.1338453 0.1543407 0.1734553 0.1580606 0.1113835 0.1335543 0.1686413 0.1608791 0.1263580 0.1222789 0.1426741 0.1383853 0.1302484 0.1314676 0.0719914 0.1451724 0.1520134 0.1062801 0.0748486 0.0809844 0.1331334 0.0959531 0.1586228 0.1601647 0.1351799 0.1341492 0.1234715 0.1611243 0.1277887 0.1323898 0.1574731 0.1642316 0.1530675 0.1115299 0.1317112 0.1503777 0.1510866 0.1338935 0.1237217 0.1665236 0.1536517 0.1481065 0.1434205 0.1253510 0.1463480 0.1255106 0.1198315 0.1630422 0.1346529 0.1607979 0.1421948 0.1720720 0.1257795 0.1379051 0.1781524 0.1345308 
S0320      0.1008793 0.1040956 0.0317988 0.1009279 0.1125809 0.1386991 0.0344034 0.0980233 0.1192879 0.1454124 0.0302477 0.1428965 0.1427638 0.0000000 0.1538737 0.0374732 0.1316250 0.1047738 0.1522597 0.1240479 0.1037094 0.1108456 0.0388793 0.1407413 0.0427504 0.0824260 0.1389402 0.0416994 0.1333904 0.0584111 0.1109382 0.1479649 0.1325336 0.0321596 0.0999636 0.1081750 0.0389674 0.0779511 0.0809966 0.1450291 0.1015999 0.0925354 0.1497383 0.1918968 0.1402289 0.1561767 0.1770699 0.1057171 0.1143483 0.0803173 0.1104565 0.0855271 0.0863817 0.1089056 0.0933003 0.0646787 0.1405179 0.0788726 0.0634782 0.0943127 0.0385921 0.1214461 0.1217306 0.1132338 0.1183129 0.1261221 0.1376010 0.0997757 0.1487446 0.1231173 0.1450351 0.1465428 0.1028397 0.1050794 0.2005748 0.0842163 0.1865073 0.0910050 0.1183703 0.1011105 0.1222182 0.1092412 0.1183031 0.2111933 0.1017878 0.0962227 0.0918585 0.0284913 0.0729043 0.0748407 0.1490526 0.0688020 0.0338686 0.1359031 0.1455965 0.1487328 0.1085405 0.1322972 0.1121767 0.0984446 0.1040808 0.1062305 0.0955243 0.1098613 0.1026089 0.0662405 0.1091522 0.1043967 0.0311225 0.0957545 0.0872063 0.0337338 0.0975240 0.0768501 0.0967631 0.1081258 0.1019925 0.1250773 0.0398863 0.0936298 0.0735580 0.1015618 0.0890726 0.1192510 0.0788297 0.1166974 0.0908667 0.1355295 0.0859269 0.0943523 0.1389443 0.0828890 
S0322      0.1450988 0.1841537 0.1611047 0.1569469 0.1470884 0.0366079 0.1669283 0.1663529 0.1571492 0.1763082 0.1640321 0.0309143 0.0760173 0.1538737 0.0000000 0.1503017 0.1808723 0.1669439 0.0174754 0.1635752 0.1462732 0.1547785 0.2049087 0.1915048 0.1537542 0.1370800 0.1811685 0.1515881 0.0289705 0.1470968 0.1631871 0.1958697 0.1172100 0.1616504 0.1463526 0.1480628 0.1711747 0.1845757 0.1618403 0.2077016 0.1362719 0.1604124 0.0094125 0.2193435 0.1915607 0.0354264 0.2142118 0.1488301 0.1681390 0.1368459 0.1436228 0.1396236 0.1450693 0.1810636 0.1581115 0.1500177 0.1158458 0.1567621 0.1494711 0.1561334 0.1914915 0.0545471 0.1701396 0.1686413 0.1710668 0.1744641 0.1775646 0.1596696 0.1337861 0.1734461 0.1289808 0.1105402 0.1576147 0.1657693 0.2372107 0.1458386 0.1546054 0.1684324 0.1731315 0.1655432 0.1172506 0.1475885 0.1838761 0.1674699 0.1450410 0.1439048 0.1504681 0.1557370 0.1505217 0.1517904 0.0292931 0.1549271 0.1722178 0.1207727 0.0291730 0.0309864 0.1506548 0.1120071 0.1835897 0.1717083 0.1528277 0.1508250 0.1447964 0.1739334 0.1469166 0.1509298 0.1678665 0.1702623 0.1726391 0.1372651 0.1424877 0.1665212 0.1605351 0.1543183 0.1412706 0.1815846 0.1642870 0.1690850 0.1646574 0.1422429 0.1586722 0.1449772 0.1320495 0.1761708 0.1550780 0.1737755 0.1423498 0.1888872 0.1386104 0.1494908 0.1860569 0.1431962 
S0327      0.0924371 0.0880910 0.0381534 0.0871317 0.1051033 0.1331942 0.0429183 0.0843126 0.1198904 0.1390742 0.0410490 0.1382890 0.1363011 0.0374732 0.1503017 0.0000000 0.1144926 0.0991905 0.1486853 0.1158496 0.0966456 0.1043852 0.0409272 0.1326542 0.0294996 0.0683549 0.1346928 0.0295180 0.1273216 0.0434762 0.1013660 0.1367512 0.1410027 0.0360467 0.0957192 0.0997352 0.0466655 0.0765581 0.0726134 0.1428749 0.0910516 0.0843085 0.1461867 0.1656025 0.1404058 0.1486386 0.1770815 0.1017728 0.1077937 0.0663449 0.0968550 0.0713216 0.0721653 0.1008686 0.0849978 0.0571382 0.1371692 0.0694848 0.0663895 0.0799061 0.0390634 0.1125564 0.1106666 0.1025731 0.1083622 0.1137564 0.1272126 0.0858931 0.1177689 0.1176228 0.1406812 0.1374276 0.0937587 0.0969865 0.1718849 0.0710309 0.1240366 0.0827719 0.1055082 0.0841477 0.1304236 0.1018955 0.1046113 0.1581475 0.0975539 0.0881442 0.0764368 0.0295575 0.0638364 0.0657173 0.1443417 0.0638253 0.0430050 0.1289205 0.1409507 0.1499947 0.1021522 0.1279103 0.1004387 0.0839897 0.1040043 0.0968435 0.0914815 0.0968356 0.0923117 0.0575552 0.0949657 0.0906247 0.0449233 0.0884108 0.0729840 0.0393128 0.0857340 0.0685833 0.0938598 0.0924911 0.0869372 0.1183941 0.0429537 0.0821383 0.0666198 0.0921234 0.0840246 0.1038145 0.0687861 0.1031795 0.0764025 0.1272361 0.0733450 0.0808640 0.1357858 0.0738173 
S0335      0.1193529 0.0950184 0.1262547 0.1065215 0.1276300 0.1629323 0.1319366 0.0893372 0.1660290 0.1707816 0.1269746 0.1755068 0.1672482 0.1316250 0.1808723 0.1144926 0.0000000 0.0654708 0.1842102 0.1451887 0.1239677 0.1281569 0.1390449 0.1604518 0.1160187 0.0847958 0.1589354 0.1116335 0.1639838 0.1090232 0.1007796 0.1550731 0.1653619 0.1241594 0.1236989 0.1243617 0.1318693 0.1279476 0.1162424 0.1657693 0.1245021 0.1111694 0.1802616 0.1736800 0.1509792 0.1847985 0.1960775 0.1352251 0.1063606 0.0817618 0.1343895 0.0869030 0.0867655 0.1000107 0.1119126 0.1184361 0.1650832 0.1173231 0.1151817 0.0974872 0.1445565 0.1466308 0.1058843 0.0986451 0.1118033 0.1122408 0.1590854 0.1075226 0.1382184 0.1436684 0.1662838 0.1723292 0.1010272 0.1063564 0.1887523 0.0875554 0.1507370 0.1447843 0.1021937 0.0830542 0.1660886 0.1295411 0.0992321 0.1602550 0.1270362 0.1091367 0.0967196 0.1138748 0.1086362 0.1097007 0.1812765 0.1146621 0.1343991 0.1678488 0.1797081 0.1874895 0.1279726 0.1605985 0.0737850 0.0940049 0.1329217 0.1287931 0.1250873 0.0961865 0.1205444 0.1161207 0.0956949 0.0964999 0.1364297 0.1104875 0.0865990 0.1239734 0.1070527 0.1130314 0.1219443 0.0988713 0.0782428 0.1484836 0.1277314 0.1142006 0.1261138 0.1135007 0.1190943 0.0361794 0.1201678 0.0972443 0.0973854 0.1500566 0.0770649 0.0723434 0.1618201 0.0855560 
S0345      0.1094421 0.0967102 0.1003748 0.0939298 0.1178833 0.1607917 0.1092680 0.0828985 0.1317891 0.1578312 0.1016279 0.1580155 0.1622173 0.1047738 0.1669439 0.0991905 0.0654708 0.0000000 0.1674126 0.1220397 0.1146747 0.1092529 0.1205486 0.1512407 0.0956184 0.0712617 0.1317248 0.0917866 0.1658927 0.0920334 0.0887962 0.1468087 0.1542004 0.0978227 0.1037435 0.1139347 0.1058722 0.1107903 0.1124845 0.1802469 0.1113177 0.0981801 0.1638091 0.1579302 0.1412891 0.1674331 0.1820955 0.1181054 0.0979931 0.0684475 0.1227898 0.0743339 0.0768604 0.0815592 0.0989789 0.1062626 0.1534896 0.1095068 0.1062883 0.0902225 0.1285622 0.1418342 0.0903069 0.0988086 0.1003829 0.0998614 0.1498449 0.0866769 0.0000010 0.1365845 0.1547089 0.1687618 0.0798646 0.0855653 0.1918128 0.0724038 0.0000010 0.1501481 0.1027729 0.0697814 0.1431228 0.1138247 0.0742412 0.0000010 0.1114136 0.1049522 0.0866932 0.0928536 0.1015502 0.1002853 0.1657644 0.1034083 0.1108311 0.1483855 0.1592722 0.1582782 0.1198430 0.1427547 0.0469462 0.0824704 0.1248372 0.1131698 0.1143061 0.0815152 0.1128175 0.0969141 0.0803970 0.0845995 0.1131858 0.1082108 0.0752772 0.1083260 0.0849358 0.1063102 0.1084802 0.0852240 0.0683486 0.1295117 0.1062845 0.1026808 0.1171990 0.1081843 0.1009532 0.0630620 0.1175458 0.0827302 0.0926197 0.1406295 0.0745612 0.0599806 0.1368255 0.0796328 
S0355      0.1396697 0.2022158 0.1594964 0.1541497 0.1427862 0.0335998 0.1653176 0.1695653 0.1563309 0.1753970 0.1624221 0.0258555 0.0700186 0.1522597 0.0174754 0.1486853 0.1842102 0.1674126 0.0000000 0.1654907 0.1419978 0.1504080 0.2109428 0.1911670 0.1521415 0.1365749 0.1856682 0.1484824 0.0246389 0.1431830 0.1687278 0.1949461 0.1145756 0.1600281 0.1458743 0.1437313 0.1695635 0.1860329 0.1578915 0.2084169 0.1319648 0.1576125 0.0142453 0.2198382 0.1944962 0.0319694 0.2102023 0.1445019 0.1737557 0.1352145 0.1393736 0.1379892 0.1434426 0.1794628 0.1575785 0.1461586 0.1128285 0.1528369 0.1454581 0.1545223 0.1952827 0.0527804 0.1783718 0.1767271 0.1769494 0.1802113 0.1699692 0.1592258 0.1288874 0.1755753 0.1294510 0.1118401 0.1630881 0.1689329 0.2384396 0.1419304 0.1495801 0.1794745 0.1788551 0.1635526 0.1146683 0.1505141 0.1834796 0.1624139 0.1407754 0.1359428 0.1511715 0.1525356 0.1466246 0.1478873 0.0259091 0.1524077 0.1705991 0.1188033 0.0258034 0.0278101 0.1463278 0.1090221 0.1808193 0.1725272 0.1484897 0.1464919 0.1405118 0.1747637 0.1441626 0.1491645 0.1710980 0.1722989 0.1734664 0.1319036 0.1408614 0.1649033 0.1600947 0.1504023 0.1370097 0.1824841 0.1651041 0.1645927 0.1625986 0.1394785 0.1536052 0.1395527 0.1337384 0.1770175 0.1511681 0.1746043 0.1475295 0.1892724 0.1381119 0.1502129 0.1832532 0.1402220 
S0376      0.0886565 0.0960355 0.1181028 0.1145853 0.0936464 0.1502231 0.1224968 0.1333118 0.1091193 0.1274354 0.1176504 0.1608135 0.1601796 0.1240479 0.1635752 0.1158496 0.1451887 0.1220397 0.1654907 0.0000000 0.0904500 0.0951161 0.1246389 0.1146570 0.1080185 0.0988930 0.0461629 0.1048741 0.1461472 0.1101841 0.1231867 0.1258823 0.1476359 0.1162581 0.0984324 0.0924238 0.1226586 0.1315972 0.1145929 0.1370497 0.0858481 0.1190141 0.1617611 0.1692938 0.1189091 0.1663475 0.1483068 0.0984283 0.1312767 0.0997337 0.0968394 0.1031392 0.1029718 0.1387685 0.1168147 0.1139990 0.1500135 0.1083736 0.1097825 0.1200008 0.1129253 0.1317831 0.1222173 0.1229900 0.1326374 0.1328606 0.1225307 0.1222656 0.1486087 0.1178330 0.1521006 0.1575653 0.1276575 0.1279462 0.1840894 0.1057934 0.1492740 0.1337617 0.1363183 0.1282427 0.1338573 0.0996504 0.1406842 0.1796649 0.0913401 0.0892067 0.1133331 0.1099801 0.1050109 0.1070987 0.1638226 0.1155722 0.1216259 0.1409613 0.1624283 0.1599508 0.0929670 0.1406012 0.1401113 0.1305269 0.1019934 0.0969957 0.0980367 0.1373143 0.0982035 0.1064685 0.1370805 0.1363298 0.1258031 0.0865268 0.1048133 0.1211066 0.1167022 0.1093431 0.0888459 0.1370337 0.1250072 0.1120677 0.1211982 0.0875377 0.1228507 0.0872394 0.0755769 0.1333053 0.1121820 0.1266726 0.1156640 0.1508931 0.1104126 0.1137995 0.0574263 0.1101578 
S0400      0.0609888 0.1031964 0.1012537 0.1028923 0.0200882 0.1304590 0.1083229 0.0996054 0.0413810 0.1017606 0.1038973 0.1372888 0.1275331 0.1037094 0.1462732 0.0966456 0.1239677 0.1146747 0.1419978 0.0904500 0.0000000 0.0251662 0.1314031 0.1117262 0.0952154 0.0818868 0.1046140 0.0938955 0.1263173 0.0863290 0.1095412 0.1140481 0.1319901 0.1045440 0.0476096 0.0219670 0.1107904 0.1244645 0.1008458 0.1141085 0.0163717 0.0959386 0.1421920 0.1623038 0.1102384 0.1465341 0.1445634 0.0286128 0.1174305 0.0798157 0.0192594 0.0849863 0.0858373 0.1096256 0.0988470 0.1001400 0.1286188 0.0986130 0.0991816 0.0998820 0.1398945 0.1071389 0.1200397 0.1149182 0.1168299 0.1187770 0.0927854 0.1021978 0.1149227 0.1123457 0.1370472 0.1379166 0.1059970 0.1082742 0.1788127 0.0836871 0.1344718 0.1127413 0.1180607 0.1123814 0.1195270 0.0577029 0.1112579 0.1708059 0.0159807 0.0521348 0.0973377 0.0941719 0.0902898 0.0923205 0.1440865 0.1089777 0.1087386 0.1232337 0.1418142 0.1495777 0.0234609 0.1207121 0.1193836 0.0981452 0.0261302 0.0276930 0.0664087 0.1088634 0.0604793 0.0967105 0.1054016 0.1046004 0.1093633 0.0495975 0.0835059 0.1051784 0.1020060 0.0975104 0.0160529 0.1121526 0.1031003 0.0390983 0.1094079 0.0504813 0.1077204 0.0476674 0.0615366 0.1151554 0.0939996 0.1167937 0.0975251 0.1306240 0.0851229 0.0924827 0.1132853 0.0852945 
S0405      0.0670225 0.1184665 0.1059656 0.1110863 0.0294395 0.1342912 0.1155582 0.1055781 0.0579586 0.1119824 0.1117506 0.1455701 0.1367427 0.1108456 0.1547785 0.1043852 0.1281569 0.1092529 0.1504080 0.0951161 0.0251662 0.0000000 0.1354574 0.1187589 0.1018625 0.0914337 0.1155356 0.0978625 0.1302263 0.0958418 0.1156336 0.1232908 0.1477697 0.1102199 0.0533023 0.0228594 0.1154247 0.1230987 0.1067989 0.1272257 0.0266927 0.1061742 0.1506180 0.1682420 0.1184760 0.1574573 0.1466362 0.0356143 0.1237028 0.0892934 0.0329041 0.0946351 0.0954953 0.1168823 0.1092574 0.1035337 0.1372931 0.1065772 0.1014410 0.1088835 0.1338135 0.1145298 0.1214826 0.1197459 0.1237105 0.1239894 0.1008927 0.1103092 0.1088170 0.1266687 0.1423737 0.1430791 0.1131052 0.1154518 0.1853598 0.0912735 0.1279470 0.1193795 0.1243746 0.1143020 0.1335445 0.0682774 0.1139596 0.1634614 0.0277235 0.0625006 0.1019644 0.0997689 0.0980443 0.0980720 0.1526029 0.1124768 0.1147235 0.1271161 0.1502123 0.1617488 0.0226303 0.1302722 0.1222423 0.1040184 0.0365396 0.0251742 0.0744439 0.1126675 0.0711334 0.1024259 0.1104613 0.1106633 0.1153178 0.0617556 0.0932848 0.1106774 0.1122132 0.1013169 0.0270033 0.1171662 0.1057723 0.0464431 0.1163747 0.0570222 0.1133027 0.0579061 0.0703695 0.1202346 0.1008255 0.1230779 0.1054080 0.1384415 0.0885665 0.0942725 0.1224167 0.0918536 
S0407sl    0.1149311 0.1043728 0.0358903 0.1175024 0.1469014 0.1869862 0.0388680 0.1139760 0.1325194 0.1674666 0.0390141 0.1876486 0.1857379 0.0388793 0.2049087 0.0409272 0.1390449 0.1205486 0.2109428 0.1246389 0.1314031 0.1354574 0.0000000 0.1564731 0.0346716 0.0953450 0.1446408 0.0421289 0.1903340 0.0655008 0.1280670 0.1741968 0.1711257 0.0262359 0.1167730 0.1332608 0.0362269 0.0786779 0.0912333 0.2015140 0.1184361 0.1136430 0.1989409 0.2577905 0.1464626 0.2065841 0.1781695 0.1289312 0.1319270 0.0938528 0.1356629 0.0961081 0.0993970 0.1357117 0.1135411 0.0733572 0.1647833 0.0941608 0.0831451 0.1074556 0.0287423 0.1502673 0.1576705 0.1160353 0.1361941 0.1390822 0.1518004 0.1105863 0.0000010 0.1417943 0.1484587 0.1775620 0.1285398 0.1326264 0.2510438 0.1006778 0.0000010 0.1074347 0.1367812 0.1254419 0.1544249 0.1256352 0.1333310 0.0000010 0.1310600 0.1076655 0.1110631 0.0287883 0.0906104 0.0941480 0.1998696 0.0739685 0.0390111 0.1600180 0.1991326 0.1979705 0.1348507 0.1543406 0.1356811 0.1096850 0.1347314 0.1387254 0.1131974 0.1205905 0.1114693 0.0725966 0.1225629 0.1138961 0.0303016 0.1117387 0.1005817 0.0147876 0.1081409 0.0924259 0.1201099 0.1235546 0.1231454 0.1510619 0.0408490 0.1113910 0.0871402 0.1147160 0.1078335 0.1349127 0.0973053 0.1221339 0.0964702 0.1595126 0.1029954 0.1131879 0.1443078 0.0947595 
S0412sl    0.1063611 0.1196622 0.1434490 0.1382047 0.1180847 0.1792088 0.1455153 0.1357875 0.1317562 0.1428906 0.1380445 0.1860990 0.1702585 0.1407413 0.1915048 0.1326542 0.1604518 0.1512407 0.1911670 0.1146570 0.1117262 0.1187589 0.1564731 0.0000000 0.1314012 0.1187005 0.1265614 0.1335306 0.1789515 0.1338309 0.1453766 0.1310110 0.1786776 0.1310655 0.1142494 0.1175196 0.1422466 0.1638964 0.1457855 0.1476716 0.1138712 0.1331206 0.1884322 0.1873863 0.1098038 0.1930449 0.1912871 0.1205422 0.1502469 0.1174383 0.1186160 0.1186033 0.1230459 0.1534651 0.1343820 0.1414144 0.1715389 0.1406088 0.1408338 0.1390238 0.1501061 0.1592432 0.1457575 0.1459757 0.1473919 0.1482040 0.1394117 0.1365088 0.1267170 0.1586340 0.1701798 0.1813844 0.1468896 0.1445205 0.1985665 0.1205777 0.1595916 0.1691142 0.1527020 0.1401115 0.1645520 0.1010658 0.1500986 0.1916530 0.1069420 0.0998383 0.1317735 0.1337046 0.1382649 0.1405538 0.1915279 0.1477712 0.1502992 0.1643776 0.1885707 0.1920326 0.1156252 0.1668082 0.1506845 0.1354994 0.1174086 0.1199557 0.1081711 0.1432016 0.1011088 0.1376788 0.1399178 0.1392053 0.1471154 0.0960495 0.1227949 0.1435652 0.1329193 0.1408536 0.1046854 0.1332808 0.1345325 0.1343249 0.1455541 0.1020472 0.1522387 0.0987488 0.0946703 0.1504543 0.1380291 0.1408355 0.1308802 0.1773079 0.1203390 0.1272066 0.1353215 0.1275172 
S0417      0.0922177 0.0846156 0.0381057 0.0857854 0.1025805 0.1342166 0.0418609 0.0923588 0.1168186 0.1365275 0.0418421 0.1404918 0.1342187 0.0427504 0.1537542 0.0294996 0.1160187 0.0956184 0.1521415 0.1080185 0.0952154 0.1018625 0.0346716 0.1314012 0.0000000 0.0652382 0.1231504 0.0268243 0.1268759 0.0453674 0.1028635 0.1345369 0.1369549 0.0350179 0.0932860 0.0983509 0.0420226 0.0697477 0.0716751 0.1339769 0.0886027 0.0810552 0.1496232 0.1635702 0.1338135 0.1521931 0.1541758 0.0961632 0.1092829 0.0632553 0.0987262 0.0681691 0.0690076 0.1049906 0.0817137 0.0570550 0.1348641 0.0677007 0.0624382 0.0868571 0.0338189 0.1150940 0.1153592 0.1040707 0.1145757 0.1152427 0.1281362 0.0833358 0.1067841 0.1154239 0.1303888 0.1371403 0.0965643 0.1008336 0.1670865 0.0688517 0.1254718 0.0789039 0.1111688 0.0891741 0.1292015 0.1026785 0.1051857 0.1600978 0.0941016 0.0837458 0.0803306 0.0277996 0.0610272 0.0629462 0.1466253 0.0637034 0.0401718 0.1256933 0.1443403 0.1510486 0.0996539 0.1257215 0.1007323 0.0887964 0.1004716 0.0997357 0.0911276 0.0996909 0.0971147 0.0536479 0.0988655 0.0975553 0.0484070 0.0861971 0.0707702 0.0364359 0.0831826 0.0667461 0.0925634 0.0986217 0.0897512 0.1146441 0.0410029 0.0831701 0.0684890 0.0898900 0.0787710 0.1043618 0.0667594 0.1051732 0.0792103 0.1210799 0.0712677 0.0814802 0.1310572 0.0756609 
S0419      0.0795877 0.0120685 0.0779385 0.0399868 0.0889880 0.1212157 0.0848098 0.0680306 0.1033274 0.1148485 0.0780223 0.1308753 0.1285741 0.0824260 0.1370800 0.0683549 0.0847958 0.0712617 0.1365749 0.0988930 0.0818868 0.0914337 0.0953450 0.1187005 0.0652382 0.0000000 0.1134345 0.0642232 0.1175914 0.0532717 0.0794444 0.1277629 0.1288101 0.0777615 0.0780658 0.0868662 0.0806211 0.0773592 0.0729721 0.1225444 0.0792737 0.0355815 0.1364011 0.1376074 0.1241656 0.1413368 0.1137003 0.0887543 0.0886535 0.0047063 0.0901863 0.0086965 0.0110878 0.0835853 0.0350061 0.0662166 0.1163633 0.0681029 0.0698840 0.0646729 0.0906014 0.1029353 0.0900415 0.0833959 0.0881133 0.0919744 0.1087762 0.0304908 0.1126029 0.0840936 0.1187107 0.1247982 0.0748150 0.0797830 0.1495847 0.0110632 0.1261360 0.0865894 0.0878417 0.0722658 0.1135846 0.0841213 0.0776786 0.1347307 0.0827738 0.0730042 0.0549786 0.0633253 0.0613299 0.0632661 0.1311690 0.0700936 0.0839464 0.1118890 0.1345458 0.1419225 0.0863212 0.1117902 0.0880844 0.0706261 0.0900706 0.0881139 0.0844971 0.0766300 0.0807236 0.0628643 0.0729867 0.0757521 0.0848909 0.0731859 0.0110656 0.0815496 0.0312665 0.0661740 0.0782055 0.0763755 0.0677095 0.1035757 0.0844389 0.0711408 0.0788636 0.0739156 0.0729966 0.0786864 0.0679326 0.0771466 0.0590168 0.1056184 0.0420540 0.0619805 0.1199025 0.0535114 
S0427      0.1002615 0.1123756 0.1326096 0.1351633 0.1108251 0.1621996 0.1384708 0.1425681 0.1229093 0.1323621 0.1273299 0.1752652 0.1756540 0.1389402 0.1811685 0.1346928 0.1589354 0.1317248 0.1856682 0.0461629 0.1046140 0.1155356 0.1446408 0.1265614 0.1231504 0.1134345 0.0000000 0.1169645 0.1605850 0.1286787 0.1359623 0.1248741 0.1572659 0.1331083 0.1153025 0.1046307 0.1338907 0.1509139 0.1388966 0.1469806 0.1032557 0.1380154 0.1817513 0.1869169 0.1217612 0.1824600 0.1704276 0.1120338 0.1432839 0.1122026 0.1144533 0.1147099 0.1155775 0.1418370 0.1344462 0.1348601 0.1675324 0.1323735 0.1327337 0.1315919 0.1311032 0.1487549 0.1418587 0.1307686 0.1453099 0.1452070 0.1376532 0.1312841 0.1868459 0.1369158 0.1723917 0.1661760 0.1340940 0.1401009 0.2002505 0.1184702 0.1877356 0.1691107 0.1488621 0.1450789 0.1513856 0.1098601 0.1527865 0.2229708 0.1075696 0.1019874 0.1276277 0.1252945 0.1286896 0.1309069 0.1785733 0.1366125 0.1314070 0.1551825 0.1806693 0.1723175 0.1124747 0.1599718 0.1600982 0.1407443 0.1166099 0.1146367 0.1146968 0.1443983 0.1030583 0.1277092 0.1475713 0.1489786 0.1396540 0.0992572 0.1174620 0.1369779 0.1299348 0.1333258 0.1040581 0.1450252 0.1442473 0.1226558 0.1323747 0.1015776 0.1420186 0.0979394 0.0900559 0.1502511 0.1340997 0.1400098 0.1218054 0.1683198 0.1235566 0.1280719 0.0526903 0.1179757 
S0428sl    0.0971800 0.0771015 0.0322143 0.0926139 0.0972784 0.1428069 0.0419387 0.0972039 0.0884188 0.1528208 0.0418126 0.1400968 0.1417238 0.0416994 0.1515881 0.0295180 0.1116335 0.0917866 0.1484824 0.1048741 0.0938955 0.0978625 0.0421289 0.1335306 0.0268243 0.0642232 0.1169645 0.0000000 0.1454546 0.0472091 0.1032627 0.1330533 0.1432852 0.0323711 0.0970882 0.0962426 0.0407075 0.0709818 0.0693459 0.1606573 0.0883200 0.0814914 0.1430129 0.1593693 0.1308616 0.1505638 0.1841280 0.0898222 0.1047828 0.0612302 0.0921280 0.0674705 0.0670730 0.0919643 0.0805584 0.0617834 0.1367839 0.0646128 0.0662096 0.0777186 0.0407678 0.1163442 0.1181756 0.1012355 0.1081511 0.1122059 0.1372628 0.0785210 0.0000010 0.1209993 0.1462692 0.1426968 0.0856831 0.0920143 0.1860240 0.0684001 0.0000010 0.0916711 0.1056018 0.0876655 0.1330209 0.1072143 0.1062797 0.0000010 0.0906798 0.0920331 0.0827751 0.0269342 0.0573246 0.0574155 0.1467572 0.0618542 0.0435443 0.1360479 0.1437689 0.1426833 0.0976076 0.1274352 0.1024958 0.0882580 0.1022710 0.0907811 0.1035385 0.0962301 0.0968046 0.0508902 0.1048179 0.1013554 0.0476761 0.0907303 0.0685174 0.0377000 0.0782455 0.0632033 0.0861034 0.1039968 0.1024072 0.1098965 0.0405494 0.0923864 0.0709296 0.0970004 0.0743935 0.1048483 0.0633719 0.0950758 0.0830843 0.1212972 0.0671415 0.0904520 0.1285260 0.0741421 
S0430      0.1204493 0.1815497 0.1344062 0.1358206 0.1222389 0.0141192 0.1463609 0.1478303 0.1302685 0.1566889 0.1376160 0.0161462 0.0601335 0.1333904 0.0289705 0.1273216 0.1639838 0.1658927 0.0246389 0.1461472 0.1263173 0.1302263 0.1903340 0.1789515 0.1268759 0.1175914 0.1605850 0.1454546 0.0000000 0.1243833 0.1425826 0.1689372 0.1126299 0.1338941 0.1247235 0.1264834 0.1478496 0.1741697 0.1297301 0.2048072 0.1163790 0.1394508 0.0257682 0.1726872 0.1763027 0.0162554 0.2002994 0.1242159 0.1428612 0.1146211 0.1202102 0.1163835 0.1212937 0.1493972 0.1360523 0.1247735 0.1073241 0.1254908 0.1304740 0.1328333 0.1849674 0.0437753 0.1580124 0.1536705 0.1518740 0.1524655 0.1629836 0.1360483 0.1212043 0.1547636 0.1228841 0.1113994 0.1411750 0.1434356 0.1939501 0.1238809 0.1411918 0.1618078 0.1467756 0.1404513 0.1165438 0.1307857 0.1624852 0.1536510 0.1162621 0.1215382 0.1276809 0.1304584 0.1211840 0.1212028 0.0141064 0.1281348 0.1503882 0.1117313 0.0140594 0.0171786 0.1296641 0.1012349 0.1562090 0.1526506 0.1271007 0.1268997 0.1243263 0.1530782 0.1254170 0.1269381 0.1492666 0.1544609 0.1574133 0.1177209 0.1200974 0.1445398 0.1374067 0.1227149 0.1170713 0.1648665 0.1536943 0.1351041 0.1345839 0.1250921 0.1317226 0.1304486 0.1097698 0.1594801 0.1253109 0.1557849 0.1215125 0.1708926 0.1173852 0.1341178 0.1727798 0.1254733 
S0478      0.0843612 0.0666479 0.0544819 0.0721098 0.0955540 0.1291854 0.0623872 0.0833956 0.1141289 0.1299584 0.0573110 0.1362524 0.1311139 0.0584111 0.1470968 0.0434762 0.1090232 0.0920334 0.1431830 0.1101841 0.0863290 0.0958418 0.0655008 0.1338309 0.0453674 0.0532717 0.1286787 0.0472091 0.1243833 0.0000000 0.0916882 0.1368732 0.1315382 0.0569428 0.0882724 0.0913258 0.0615904 0.0525456 0.0584043 0.1287788 0.0858153 0.0704914 0.1441415 0.1612616 0.1320959 0.1434072 0.1554455 0.0911358 0.0959373 0.0531804 0.0967885 0.0579600 0.0597236 0.0926385 0.0729107 0.0435762 0.1293159 0.0536811 0.0513967 0.0789496 0.0637323 0.1080233 0.1003348 0.0918441 0.1023603 0.1016391 0.1230536 0.0748155 0.0929126 0.1104582 0.1251472 0.1291513 0.0812955 0.0873768 0.1693142 0.0605175 0.1055527 0.0633252 0.0966563 0.0879717 0.1257314 0.0936396 0.0992819 0.1390320 0.0882033 0.0811761 0.0734435 0.0436091 0.0481906 0.0491000 0.1388715 0.0464524 0.0606068 0.1198417 0.1364509 0.1518914 0.0915464 0.1202209 0.0941105 0.0840822 0.0944856 0.0914601 0.0884621 0.0946159 0.0882243 0.0430452 0.0897488 0.0894833 0.0644507 0.0794604 0.0596112 0.0548728 0.0756496 0.0527591 0.0855551 0.0915623 0.0859953 0.1070228 0.0595179 0.0820650 0.0564038 0.0850813 0.0790443 0.0975882 0.0556249 0.0938914 0.0705693 0.1207962 0.0618903 0.0777876 0.1318856 0.0642700 
