134
PAFTOL_019361 0.0000000 0.2022699 0.2258315 0.2387447 0.2262475 0.2229686 0.2842423 0.2200962 0.2280199 0.2135796 0.2303094 0.2439904 0.2446499 0.2629434 0.2435856 0.2627960 0.2019190 0.2200676 0.2134136 0.2601148 0.2470416 0.2117683 0.2263293 0.2083665 0.2338084 0.2310450 0.2011963 0.2426313 0.2424534 0.2066696 0.2658996 0.2431758 0.2389405 0.2286897 0.2124668 0.2132585 0.2322165 0.2100353 0.2125278 0.2023144 0.2442800 0.2085989 0.2534175 0.2157676 0.2415285 0.2576636 0.2010040 0.2074922 0.2329781 0.1987903 0.2212084 0.2051310 0.2121240 0.2642179 0.2089553 0.2166436 0.2375436 0.2041908 0.2247265 0.1973001 0.2545547 0.2262183 0.2612118 0.2576539 0.2515270 0.2804043 0.2532457 0.2108278 0.2240110 0.2132025 0.3199452 0.2287876 0.2398590 0.2537911 0.2131242 0.2061099 0.2344644 0.2379416 0.2663584 0.2390890 0.2365877 0.2101782 0.2467542 0.2431083 0.2125585 0.2260876 0.2253294 0.2130726 0.2028142 0.2063893 0.2567148 0.2283818 0.2517694 0.2125550 0.2697841 0.2571148 0.2147197 0.2403078 0.2274071 0.2393167 0.2162422 0.2169239 0.2005339 0.2451721 0.2104227 0.2043552 0.2418458 0.2350196 0.2385450 0.2228007 0.2066595 0.2283815 0.2146359 0.2037349 0.2134742 0.2164395 0.2372995 0.2272567 0.2199485 0.2312146 0.2122674 0.2125532 0.2035227 0.2161454 0.2148752 0.2153808 0.2080798 0.2411569 0.1969023 0.4637711 0.1989356 0.2215762 0.2302230 0.1846668 
S0055         0.2022699 0.0000000 0.0871000 0.1013910 0.0969529 0.0526645 0.1554055 0.0884803 0.1011841 0.0566933 0.0828408 0.1071225 0.1392958 0.1508919 0.0969432 0.1465775 0.0701671 0.1046910 0.1061128 0.1435976 0.0785736 0.0461719 0.0556814 0.0741130 0.0872808 0.0820490 0.0771482 0.0872003 0.1023217 0.0797165 0.1491689 0.0987262 0.1254514 0.0933360 0.0677342 0.0524749 0.0940517 0.0825970 0.0849421 0.0587244 0.0634402 0.0761955 0.1404838 0.1650854 0.0818475 0.1354583 0.0925607 0.0428910 0.1275820 0.0703848 0.0522759 0.0716136 0.0784081 0.1463493 0.0775990 0.0849877 0.1161283 0.0814635 0.0932383 0.0766226 0.0943241 0.1127628 0.1468834 0.1236232 0.1408405 0.1600397 0.0863053 0.0912945 0.1621007 0.0852910 0.1886084 0.1212186 0.1225251 0.1261286 0.1668805 0.0725370 0.1796730 0.0910452 0.1349125 0.0983340 0.1212057 0.0588180 0.1119357 0.1790893 0.0483082 0.0651733 0.0997033 0.0817403 0.0775771 0.0799679 0.1396059 0.0944142 0.1084219 0.1012140 0.1528419 0.1407325 0.0514706 0.1169765 0.1104862 0.1060944 0.0535410 0.0492889 0.0249829 0.1164959 0.0556169 0.0869477 0.1066245 0.1048435 0.0900527 0.0602911 0.0737533 0.0905931 0.0930756 0.0884586 0.0474091 0.0935643 0.1059888 0.1034935 0.0531282 0.0950796 0.0502550 0.0845245 0.0564780 0.0642868 0.0987472 0.0971603 0.0866980 0.1109455 0.0716895 0.3220440 0.0784503 0.0933932 0.0818966 0.0704617 
S0196sl       0.2258315 0.0871000 0.0000000 0.0975065 0.0624993 0.0870748 0.1334121 0.0874929 0.1035363 0.0870009 0.1087645 0.0922223 0.1042525 0.1239815 0.0889880 0.1248928 0.0688070 0.1029360 0.1041976 0.1191202 0.1291376 0.0802197 0.0917749 0.0876608 0.1178149 0.0832838 0.0287768 0.1164976 0.0966714 0.0786864 0.1499489 0.1327706 0.1156837 0.0920141 0.1002417 0.0855072 0.0886629 0.0741285 0.0817207 0.1002624 0.1015280 0.0427355 0.1149238 0.1601674 0.1204154 0.1110258 0.1008253 0.0766464 0.1486462 0.0246108 0.0842309 0.0246654 0.0298719 0.1414006 0.0440160 0.0754290 0.0974423 0.0744354 0.0830825 0.0858928 0.1047296 0.0944777 0.1531002 0.1377845 0.1559104 0.1721151 0.1292385 0.0493329 0.1669527 0.0948972 0.1949819 0.1095959 0.1251562 0.1274295 0.1629214 0.0256324 0.1814062 0.0821532 0.1404943 0.0976988 0.1096473 0.0965946 0.1186528 0.1666910 0.0828803 0.0950298 0.1033333 0.0778061 0.0738530 0.0775511 0.1140010 0.0869368 0.1043671 0.0902844 0.1212090 0.1182203 0.0842013 0.1006750 0.1189111 0.1084879 0.0890707 0.0792320 0.0747421 0.1177317 0.0931920 0.0779877 0.1107009 0.1067877 0.0901438 0.0870136 0.0267053 0.0871702 0.0497273 0.0867548 0.0805640 0.0515692 0.1076160 0.0918200 0.0886965 0.0857128 0.0863937 0.0758494 0.0836037 0.1042239 0.0983031 0.0969568 0.0825131 0.1254247 0.0829097 0.2930434 0.0351062 0.0911044 0.1144257 0.0804351 
S0278         0.2387447 0.1013910 0.0975065 0.0000000 0.1025681 0.0936134 0.1440996 0.0248953 0.1003817 0.0953904 0.1207899 0.0422552 0.1267231 0.1314855 0.0256082 0.1328778 0.0330477 0.1138647 0.1262547 0.1345249 0.1262795 0.0840262 0.0947198 0.0300686 0.1414593 0.0239537 0.0823033 0.1215290 0.0391372 0.0515105 0.1559772 0.1394986 0.1220702 0.0205989 0.1112717 0.0878224 0.0323297 0.0485173 0.0722848 0.0982867 0.1037321 0.0884767 0.1290121 0.1892266 0.1365682 0.1239160 0.1063086 0.0868355 0.1304944 0.0786813 0.0912584 0.0777789 0.0812167 0.1489387 0.0909963 0.0546900 0.1062143 0.0678515 0.0599808 0.0846252 0.0351595 0.1026758 0.1590905 0.1298044 0.1552114 0.1742417 0.1380996 0.0910711 0.1911896 0.0955885 0.1807488 0.1197695 0.1375704 0.1363472 0.1770023 0.0752373 0.1900104 0.0870157 0.1419717 0.1111643 0.1124876 0.1041283 0.1266278 0.1863578 0.0851304 0.1062832 0.1094947 0.0280556 0.0641944 0.0685993 0.1279624 0.0546316 0.0253127 0.0943788 0.1350225 0.1247378 0.0901896 0.1130339 0.1168620 0.1080688 0.0913467 0.0831017 0.0833345 0.1191424 0.0992745 0.0539657 0.1179884 0.1122424 0.0269729 0.0971406 0.0799685 0.0252576 0.0952122 0.0764982 0.0879670 0.0935010 0.1127468 0.1101603 0.0977768 0.0263902 0.0921003 0.0518709 0.0871581 0.1088879 0.1104760 0.1040835 0.0709427 0.1252814 0.0786892 0.3282121 0.0800551 0.1046752 0.1120429 0.0783435 
S0281         0.2262475 0.0969529 0.0624993 0.1025681 0.0000000 0.0990443 0.1290725 0.0882908 0.1018789 0.0989263 0.1123223 0.1047931 0.1172416 0.1275254 0.0994359 0.1248212 0.0739737 0.1127747 0.1137633 0.1267935 0.1174768 0.0913463 0.0960865 0.0892837 0.1272324 0.0908761 0.0471392 0.1072324 0.0946434 0.0838563 0.1571296 0.1309563 0.1197159 0.0971820 0.1042419 0.0918291 0.0930724 0.0834554 0.0925696 0.1007088 0.1071431 0.0512797 0.1177998 0.1833221 0.1229529 0.1189527 0.1013930 0.0861496 0.1516063 0.0459651 0.0963074 0.0440699 0.0470992 0.1562498 0.0535239 0.0847000 0.1059905 0.0856463 0.0950022 0.1001833 0.0972428 0.1042547 0.1641440 0.1407872 0.1530424 0.1737689 0.1174005 0.0484292 0.1730762 0.0959605 0.1934810 0.1139074 0.1369164 0.1438308 0.1759357 0.0440037 0.1904450 0.0928148 0.1418686 0.0965877 0.1135683 0.1067624 0.1236212 0.1904979 0.0916242 0.1032984 0.1162247 0.0856114 0.0839124 0.0851890 0.1167658 0.0938078 0.1040127 0.0980520 0.1316318 0.1203172 0.0953108 0.1068274 0.1226008 0.1156576 0.0984289 0.0881820 0.0857293 0.1218059 0.1011385 0.0842890 0.1182371 0.1159588 0.0937727 0.0957573 0.0460540 0.0965724 0.0497838 0.0924065 0.0918184 0.0485007 0.1178159 0.0993183 0.0922257 0.0929299 0.0926405 0.0871159 0.0945593 0.1109032 0.1011331 0.0996584 0.0930925 0.1266816 0.0940496 0.3013507 0.0502777 0.0906317 0.1074346 0.0987118 
S0282         0.2229686 0.0526645 0.0870748 0.0936134 0.0990443 0.0000000 0.1516129 0.0834938 0.0961789 0.0235276 0.0705380 0.1037938 0.1384367 0.1393987 0.0880907 0.1455225 0.0663109 0.1011636 0.1056310 0.1439107 0.0763052 0.0150703 0.0273095 0.0722925 0.0930458 0.0796383 0.0752562 0.0817438 0.0901341 0.0761071 0.1463707 0.0903426 0.1219972 0.0846864 0.0472635 0.0197057 0.0882076 0.0721054 0.0779335 0.0629786 0.0276872 0.0765125 0.1383690 0.1693891 0.0845499 0.1357556 0.0881638 0.0163017 0.1297892 0.0706308 0.0196953 0.0697329 0.0765102 0.1440565 0.0790353 0.0765799 0.1105214 0.0745342 0.0837291 0.0741357 0.0894822 0.1102881 0.1415501 0.1207158 0.1399608 0.1591778 0.0705352 0.0915919 0.1688910 0.0774148 0.1856361 0.1170364 0.1210262 0.1258073 0.1625039 0.0706585 0.1754907 0.0850571 0.1340659 0.0925883 0.1120311 0.0586393 0.1085715 0.1689210 0.0169264 0.0530256 0.0900554 0.0769570 0.0707689 0.0752665 0.1373127 0.0838120 0.1027668 0.0970119 0.1445607 0.1383226 0.0197142 0.1138663 0.1068931 0.0985814 0.0234248 0.0196602 0.0422052 0.1028479 0.0545564 0.0738975 0.1025632 0.0973622 0.0875704 0.0460963 0.0707665 0.0840742 0.0922687 0.0813695 0.0151435 0.0951188 0.0985012 0.0938918 0.0286540 0.0900646 0.0215512 0.0785965 0.0328578 0.0695221 0.0940245 0.0924184 0.0810043 0.1131828 0.0735379 0.3287324 0.0740428 0.0875006 0.0736068 0.0690718 
S0288         0.2842423 0.1554055 0.1334121 0.1440996 0.1290725 0.1516129 0.0000000 0.1354452 0.1522754 0.1405497 0.1626952 0.1570930 0.0166865 0.1074972 0.1391686 0.0237956 0.1115724 0.1611809 0.1555963 0.0191583 0.1417598 0.1408613 0.1483355 0.1278772 0.1748690 0.1369689 0.1238779 0.1675707 0.1315454 0.1208141 0.1984417 0.1724085 0.1019562 0.1379849 0.1589586 0.1385864 0.1453659 0.1185517 0.1368756 0.1431179 0.1405752 0.1324751 0.0168179 0.2340685 0.1848267 0.0145723 0.1547628 0.1404572 0.1832509 0.1170593 0.1501156 0.1189421 0.1221284 0.2016694 0.1364949 0.1174893 0.0996063 0.1281667 0.1324481 0.1330013 0.1407455 0.0575537 0.1989583 0.1762563 0.2034128 0.1976670 0.1844570 0.1246883 0.2373048 0.1574446 0.1195284 0.1059412 0.1699276 0.1842057 0.2314323 0.1186760 0.2427295 0.1714347 0.1832812 0.1355444 0.1122753 0.1684593 0.1719837 0.2324336 0.1374864 0.1459385 0.1632470 0.1416183 0.1255711 0.1257649 0.0134201 0.1316514 0.1607088 0.0823110 0.0263555 0.0122523 0.1412478 0.1104550 0.1600653 0.1564455 0.1463579 0.1396816 0.1373045 0.1747066 0.1533136 0.1135811 0.1700424 0.1621183 0.1388030 0.1314695 0.1220271 0.1323011 0.1275059 0.1342285 0.1452821 0.1264205 0.1581695 0.1423124 0.1405748 0.1432493 0.1405547 0.1212973 0.1424315 0.1555227 0.1400945 0.1507230 0.1291077 0.1846080 0.1255774 0.3305412 0.1120141 0.1340452 0.1554443 0.1272880 
S0289         0.2200962 0.0884803 0.0874929 0.0248953 0.0882908 0.0834938 0.1354452 0.0000000 0.0905384 0.0862363 0.1071851 0.0334007 0.1126880 0.1201335 0.0187777 0.1265855 0.0210193 0.1047031 0.1037079 0.1270208 0.1167995 0.0745093 0.0834293 0.0289394 0.1196544 0.0190817 0.0710112 0.1120049 0.0323547 0.0433033 0.1416220 0.1236917 0.1042516 0.0186337 0.0944287 0.0810126 0.0248144 0.0411503 0.0642415 0.0805628 0.0960698 0.0749183 0.1209310 0.1626454 0.1184511 0.1141996 0.0925417 0.0785665 0.1038209 0.0660218 0.0834382 0.0662085 0.0686533 0.1355615 0.0799335 0.0466755 0.0938794 0.0619105 0.0522533 0.0738972 0.0240074 0.0942791 0.1477235 0.1179811 0.1386139 0.1593964 0.1150164 0.0789415 0.1768416 0.0809198 0.1685124 0.1043440 0.1189207 0.1210062 0.1583347 0.0659625 0.1687022 0.0754451 0.1329170 0.0978787 0.0936977 0.0922812 0.1059059 0.1598061 0.0771596 0.0905661 0.1002756 0.0230816 0.0581489 0.0628903 0.1198003 0.0467297 0.0311856 0.0826812 0.1245454 0.1152811 0.0822805 0.0995310 0.1091240 0.0966211 0.0807735 0.0746948 0.0697648 0.1060801 0.0881966 0.0459041 0.1053479 0.1017408 0.0201684 0.0849162 0.0660946 0.0236107 0.0832362 0.0665474 0.0797284 0.0816513 0.1055095 0.0980019 0.0876315 0.0248029 0.0819211 0.0457625 0.0755318 0.0934105 0.0954358 0.0925835 0.0701296 0.1155551 0.0677686 0.3142005 0.0650211 0.0908772 0.1060653 0.0670643 
S0292         0.2280199 0.1011841 0.1035363 0.1003817 0.1018789 0.0961789 0.1522754 0.0905384 0.0000000 0.0987119 0.1115381 0.1113963 0.1344212 0.1341229 0.0948491 0.1477825 0.0776481 0.0658927 0.0762700 0.1436816 0.1120299 0.0851228 0.0924721 0.0768455 0.1082736 0.0923266 0.0828346 0.1008919 0.1029136 0.0841050 0.1024875 0.1039125 0.1250701 0.0991038 0.1028691 0.0913340 0.0985363 0.0844057 0.0975986 0.0968869 0.1060398 0.0920916 0.1405942 0.1748585 0.1182561 0.1379320 0.1083905 0.0891600 0.0727095 0.0802516 0.0924359 0.0804206 0.0863953 0.1038646 0.0959884 0.0899790 0.1161313 0.0927787 0.0938268 0.0731580 0.1035113 0.1095402 0.0972221 0.0946459 0.0969192 0.1178754 0.1336219 0.0943334 0.1803669 0.1018079 0.1909770 0.1284818 0.0922242 0.0944756 0.1707485 0.0801383 0.1792378 0.1184466 0.1061918 0.0693895 0.1181676 0.0986257 0.0587106 0.1755262 0.0888178 0.0997967 0.0791004 0.0858415 0.0886734 0.0899026 0.1395217 0.0922630 0.1057358 0.1019304 0.1473101 0.1390794 0.0900634 0.1244834 0.0758695 0.0189803 0.0937449 0.0864967 0.0721298 0.0630749 0.0955823 0.0911597 0.0380083 0.0247391 0.0912652 0.0872031 0.0804142 0.0998590 0.0912914 0.0990188 0.0853816 0.0979011 0.0459758 0.0606086 0.0966271 0.0977534 0.0887385 0.0888452 0.0804184 0.0994315 0.0636851 0.0614629 0.0949585 0.0820848 0.0664266 0.2639902 0.0887673 0.0580615 0.0926497 0.0760293 
S0293         0.2135796 0.0566933 0.0870009 0.0953904 0.0989263 0.0235276 0.1405497 0.0862363 0.0987119 0.0000000 0.0703934 0.1025140 0.1270613 0.1315111 0.0872681 0.1324473 0.0675572 0.0944663 0.0915271 0.1308990 0.0780003 0.0169167 0.0283023 0.0742325 0.0918370 0.0798215 0.0740637 0.0852888 0.0902745 0.0762762 0.1488599 0.0894077 0.1137820 0.0863585 0.0463426 0.0225017 0.0918620 0.0769053 0.0792359 0.0660974 0.0266429 0.0729166 0.1255235 0.1743690 0.0856007 0.1229783 0.0869685 0.0200632 0.1388453 0.0684148 0.0215804 0.0696525 0.0764212 0.1453277 0.0753944 0.0779003 0.1014549 0.0747007 0.0888241 0.0754183 0.0897861 0.0999582 0.1471671 0.1223049 0.1411471 0.1564017 0.0743648 0.0892185 0.1756467 0.0781339 0.1789061 0.1065298 0.1238821 0.1287273 0.1653005 0.0705771 0.1787486 0.0887947 0.1396578 0.0936427 0.1006061 0.0606466 0.1097636 0.1776869 0.0169600 0.0499262 0.0925521 0.0816460 0.0709248 0.0754340 0.1244743 0.0888506 0.1034140 0.0868806 0.1332785 0.1285375 0.0216013 0.1046742 0.1041941 0.1024295 0.0253383 0.0215198 0.0451900 0.1098959 0.0534900 0.0765494 0.1064732 0.1035301 0.0876449 0.0451823 0.0717867 0.0852720 0.0883524 0.0815538 0.0188341 0.0927213 0.1023442 0.0917636 0.0296665 0.0925697 0.0234501 0.0836315 0.0319599 0.0694422 0.0916048 0.0922875 0.0834080 0.1118825 0.0748087 0.3394511 0.0785861 0.0853829 0.0759398 0.0724963 
S0294         0.2303094 0.0828408 0.1087645 0.1207899 0.1123223 0.0705380 0.1626952 0.1071851 0.1115381 0.0703934 0.0000000 0.1259911 0.1337874 0.1487347 0.1092662 0.1455491 0.0900204 0.1206844 0.1123983 0.1436303 0.0805579 0.0622523 0.0740128 0.1032493 0.1083156 0.1008267 0.0906801 0.0968726 0.1143398 0.0911684 0.1667653 0.1032713 0.1349640 0.1134950 0.0777023 0.0647364 0.1105200 0.0929275 0.0943526 0.0769645 0.0761547 0.0953149 0.1381511 0.1867108 0.1022266 0.1367765 0.1072508 0.0612601 0.1671003 0.0913800 0.0691094 0.0916319 0.0967467 0.1558608 0.0992057 0.0940896 0.1184604 0.0869429 0.1092175 0.0944041 0.1191764 0.1193825 0.1672631 0.1431486 0.1580003 0.1790322 0.0402465 0.1021326 0.1927485 0.0912035 0.1806457 0.1269046 0.1400485 0.1430795 0.1820979 0.0912948 0.1949231 0.1158573 0.1568060 0.1098021 0.1163362 0.0725595 0.1215749 0.1895253 0.0624138 0.0704895 0.1126289 0.0995091 0.0852013 0.0889357 0.1384010 0.1109215 0.1278977 0.1074030 0.1437555 0.1408887 0.0655899 0.1246485 0.1268946 0.1242791 0.0725805 0.0634884 0.0696798 0.1323774 0.0728122 0.0858094 0.1248920 0.1239655 0.1099847 0.0663982 0.0939758 0.1117108 0.1031809 0.0893056 0.0636808 0.1098055 0.1166043 0.1117258 0.0739606 0.1041494 0.0645392 0.1057861 0.0578080 0.0829181 0.1116285 0.1071988 0.0901544 0.1217440 0.0928722 0.3109705 0.0917534 0.1035782 0.0856934 0.0905161 
S0299         0.2439904 0.1071225 0.0922223 0.0422552 0.1047931 0.1037938 0.1570930 0.0334007 0.1113963 0.1025140 0.1259911 0.0000000 0.1371261 0.1336384 0.0353755 0.1452476 0.0415478 0.1233825 0.1315575 0.1399155 0.1493719 0.0969830 0.1057335 0.0423166 0.1417893 0.0336885 0.0808846 0.1372417 0.0557803 0.0610464 0.1738932 0.1459972 0.1296070 0.0351639 0.1162551 0.1021879 0.0352901 0.0567631 0.0791859 0.1082217 0.1164164 0.0869401 0.1382636 0.1990372 0.1415659 0.1319003 0.1180961 0.0965827 0.1351084 0.0772354 0.1017893 0.0763360 0.0797455 0.1627990 0.0894363 0.0598175 0.1142057 0.0735874 0.0664519 0.0938274 0.0444094 0.1082846 0.1730016 0.1435214 0.1682183 0.1877290 0.1465811 0.0967077 0.2055647 0.1000818 0.1829152 0.1205114 0.1465089 0.1515623 0.1880780 0.0772656 0.2043211 0.0934516 0.1587288 0.1158076 0.1168215 0.1154043 0.1350953 0.1952848 0.0982761 0.1120232 0.1158490 0.0360800 0.0719754 0.0764983 0.1372166 0.0655369 0.0453738 0.1026461 0.1476328 0.1395835 0.1007704 0.1174692 0.1302793 0.1214436 0.1046204 0.0937508 0.0930408 0.1348870 0.1100117 0.0671167 0.1291225 0.1205136 0.0378526 0.1056266 0.0785087 0.0350820 0.1009327 0.0860366 0.0976023 0.0991712 0.1294730 0.1172159 0.1099046 0.0380375 0.1018044 0.0627311 0.0990489 0.1163733 0.1167984 0.1120704 0.0822691 0.1342812 0.0911203 0.3657850 0.0788916 0.1102939 0.1216169 0.0841196 
S0303         0.2446499 0.1392958 0.1042525 0.1267231 0.1172416 0.1384367 0.0166865 0.1126880 0.1344212 0.1270613 0.1337874 0.1371261 0.0000000 0.0878240 0.1190883 0.0167402 0.1014241 0.1374422 0.1343910 0.0167581 0.1420015 0.1230011 0.1321248 0.1122357 0.1628894 0.1145879 0.1039409 0.1498014 0.1126402 0.1035777 0.1811016 0.1682033 0.0872341 0.1253303 0.1365004 0.1235997 0.1276174 0.1036928 0.1108138 0.1254562 0.1456172 0.1136417 0.0097008 0.1997141 0.1717520 0.0107185 0.1250952 0.1237089 0.1666876 0.1009028 0.1334504 0.1024523 0.1051813 0.1806029 0.1183204 0.1081617 0.0821600 0.1081924 0.1176445 0.1151700 0.1308476 0.0438220 0.1865076 0.1619315 0.1769511 0.1953199 0.1741192 0.1069753 0.2119956 0.1270194 0.1774711 0.0901032 0.1551796 0.1651375 0.1953504 0.1022577 0.2057034 0.1680044 0.1766119 0.1309134 0.0956717 0.1454829 0.1502381 0.2051234 0.1202309 0.1274348 0.1336628 0.1122479 0.1051108 0.1080468 0.0097470 0.1194718 0.1394942 0.0663527 0.0127216 0.0097427 0.1262644 0.0867499 0.1384358 0.1397701 0.1254000 0.1259629 0.1139810 0.1543216 0.1353888 0.0898013 0.1522299 0.1408705 0.1211638 0.1151399 0.1037702 0.1143380 0.1048417 0.1156013 0.1263661 0.1097721 0.1436789 0.1310111 0.1231998 0.1182170 0.1301973 0.1108098 0.1213224 0.1404694 0.1270478 0.1283754 0.1094817 0.1604071 0.1117685 0.3309484 0.0980254 0.1203586 0.1446733 0.1105265 
S0308         0.2629434 0.1508919 0.1239815 0.1314855 0.1275254 0.1393987 0.1074972 0.1201335 0.1341229 0.1315111 0.1487347 0.1336384 0.0878240 0.0000000 0.1239138 0.0983641 0.1008070 0.1456793 0.1311210 0.0923441 0.1602421 0.1278571 0.1350148 0.1118240 0.1664549 0.1144756 0.1140399 0.1537417 0.1330673 0.1010493 0.1804477 0.1798425 0.0919320 0.1254180 0.1445610 0.1311024 0.1211462 0.0998486 0.1111670 0.1276387 0.1474202 0.1253907 0.0910009 0.2172952 0.1749225 0.0884622 0.1297472 0.1246169 0.1633438 0.1086663 0.1336535 0.1113672 0.1175081 0.1819891 0.1297658 0.1037361 0.0984384 0.1036707 0.1177148 0.1196406 0.1286315 0.0633380 0.1877088 0.1612547 0.1853471 0.1883165 0.1794033 0.1150066 0.2239100 0.1293299 0.1734890 0.0999127 0.1667423 0.1722387 0.2047573 0.1111739 0.2288833 0.1414733 0.1769605 0.1306800 0.1018150 0.1559964 0.1525162 0.2258466 0.1253898 0.1418234 0.1409444 0.1140364 0.1018201 0.1055990 0.0876834 0.1205927 0.1387892 0.0722261 0.0990964 0.0899260 0.1291031 0.1013213 0.1444135 0.1444417 0.1333344 0.1282378 0.1301262 0.1518715 0.1402452 0.1011678 0.1555609 0.1482185 0.1201928 0.1262079 0.1137531 0.1169828 0.1130560 0.1126678 0.1298828 0.1188126 0.1472975 0.1370054 0.1298895 0.1201101 0.1331947 0.1094887 0.1238338 0.1353484 0.1302746 0.1331815 0.1120490 0.1577625 0.1162548 0.3671246 0.1111621 0.1287579 0.1474364 0.1129605 
S0320         0.2435856 0.0969432 0.0889880 0.0256082 0.0994359 0.0880907 0.1391686 0.0187777 0.0948491 0.0872681 0.1092662 0.0353755 0.1190883 0.1239138 0.0000000 0.1359181 0.0302630 0.1073235 0.1120200 0.1294419 0.1266666 0.0786280 0.0869278 0.0197227 0.1260080 0.0222105 0.0757306 0.1159268 0.0403828 0.0487287 0.1470530 0.1333854 0.1159787 0.0208378 0.1029986 0.0835294 0.0276151 0.0424785 0.0683877 0.0929691 0.0974409 0.0828520 0.1265096 0.1815898 0.1251680 0.1202027 0.1027014 0.0813121 0.1098199 0.0710702 0.0857623 0.0701668 0.0735331 0.1400598 0.0853245 0.0495813 0.1003962 0.0627910 0.0536494 0.0770452 0.0264655 0.0957467 0.1501249 0.1188775 0.1470838 0.1653345 0.1235949 0.0902473 0.1850644 0.0897707 0.1654993 0.1149164 0.1246617 0.1253365 0.1713998 0.0710982 0.1844912 0.0883762 0.1353224 0.1015339 0.1017340 0.1023303 0.1168194 0.1800886 0.0810944 0.0993924 0.1013634 0.0262728 0.0603578 0.0647385 0.1240013 0.0528559 0.0324835 0.0901603 0.1297038 0.1235275 0.0846991 0.1070845 0.1128482 0.1025793 0.0858444 0.0777014 0.0793079 0.1195226 0.0987086 0.0489781 0.1112792 0.1063559 0.0241750 0.0903611 0.0723188 0.0253914 0.0943879 0.0750611 0.0824973 0.0926786 0.1070417 0.1006612 0.0921148 0.0245639 0.0854472 0.0488284 0.0794192 0.1023466 0.1044455 0.0977287 0.0703240 0.1156234 0.0726023 0.3467196 0.0713116 0.0952564 0.1077954 0.0743390 
S0322         0.2627960 0.1465775 0.1248928 0.1328778 0.1248212 0.1455225 0.0237956 0.1265855 0.1477825 0.1324473 0.1455491 0.1452476 0.0167402 0.0983641 0.1359181 0.0000000 0.1061702 0.1532877 0.1451213 0.0187416 0.1471707 0.1299621 0.1341321 0.1287982 0.1697216 0.1251723 0.1157218 0.1575138 0.1208482 0.1130816 0.1967640 0.1665192 0.0968096 0.1317069 0.1410978 0.1307021 0.1337747 0.1117974 0.1228303 0.1326532 0.1512303 0.1225054 0.0123331 0.2201102 0.1764450 0.0187018 0.1343062 0.1295050 0.1941242 0.1104616 0.1396025 0.1107065 0.1131946 0.1932151 0.1268723 0.1149465 0.0931662 0.1162446 0.1263284 0.1191351 0.1482462 0.0558072 0.2000055 0.1768320 0.1992008 0.2096771 0.1797114 0.1174053 0.2251514 0.1377990 0.1842191 0.1005952 0.1721199 0.1816476 0.2096741 0.1105133 0.2206006 0.1543141 0.1868478 0.1409436 0.1035952 0.1504231 0.1621573 0.2176280 0.1273739 0.1326646 0.1483570 0.1247946 0.1131062 0.1158337 0.0150486 0.1237042 0.1480393 0.0762791 0.0291254 0.0159785 0.1329884 0.0974771 0.1515080 0.1510597 0.1354167 0.1315658 0.1212944 0.1616916 0.1362886 0.1064837 0.1602745 0.1509760 0.1297706 0.1214625 0.1131012 0.1192968 0.1158424 0.1238931 0.1345901 0.1199524 0.1534740 0.1410600 0.1257599 0.1304611 0.1378349 0.1152066 0.1271065 0.1446795 0.1377107 0.1426179 0.1184121 0.1640610 0.1181680 0.2917182 0.1129106 0.1301984 0.1498703 0.1160077 
S0327         0.2019190 0.0701671 0.0688070 0.0330477 0.0739737 0.0663109 0.1115724 0.0210193 0.0776481 0.0675572 0.0900204 0.0415478 0.1014241 0.1008070 0.0302630 0.1061702 0.0000000 0.0838201 0.0963020 0.1041382 0.0953430 0.0570236 0.0663202 0.0101667 0.1009131 0.0212499 0.0523243 0.0885897 0.0346195 0.0318770 0.1213539 0.0985711 0.0945435 0.0268194 0.0785210 0.0594584 0.0343504 0.0331323 0.0481910 0.0685973 0.0762738 0.0603091 0.0998091 0.1495302 0.0977537 0.0962275 0.0795382 0.0580135 0.0849139 0.0489029 0.0650435 0.0479626 0.0499951 0.1114002 0.0626782 0.0372674 0.0792561 0.0428084 0.0432885 0.0600950 0.0331326 0.0779159 0.1233781 0.0982205 0.1215942 0.1324572 0.0970068 0.0648977 0.1517252 0.0727581 0.1464906 0.0936903 0.1027814 0.1033837 0.1477676 0.0489231 0.1609690 0.0741768 0.1100923 0.0783103 0.0828545 0.0695816 0.0923851 0.1572271 0.0593937 0.0777883 0.0796125 0.0194197 0.0404176 0.0447031 0.0988949 0.0424876 0.0383770 0.0709606 0.1071764 0.0999856 0.0605758 0.0832392 0.0854958 0.0798226 0.0627825 0.0571540 0.0581786 0.0861851 0.0697032 0.0396249 0.0853260 0.0835002 0.0338740 0.0699899 0.0500859 0.0275712 0.0675646 0.0502284 0.0617505 0.0670877 0.0790313 0.0719515 0.0647810 0.0320923 0.0637458 0.0380744 0.0603863 0.0768895 0.0762894 0.0734705 0.0501659 0.0908485 0.0565768 0.2898368 0.0558131 0.0711497 0.0819144 0.0527005 
S0335         0.2200676 0.1046910 0.1029360 0.1138647 0.1127747 0.1011636 0.1611809 0.1047031 0.0658927 0.0944663 0.1206844 0.1233825 0.1374422 0.1456793 0.1073235 0.1532877 0.0838201 0.0000000 0.0233310 0.1516713 0.1171371 0.0879479 0.0973187 0.0766625 0.1189328 0.1046577 0.0824234 0.1108666 0.1176926 0.0965554 0.1272125 0.1108615 0.1299674 0.1104456 0.1040878 0.0908862 0.1153822 0.0970341 0.1030661 0.0996715 0.1119991 0.0897082 0.1466909 0.1590233 0.1324726 0.1438690 0.1048739 0.0859975 0.0818819 0.0831727 0.0930106 0.0834067 0.0897552 0.1191760 0.0949923 0.1018524 0.1133277 0.1005367 0.1062572 0.0778776 0.1081550 0.1121279 0.1209003 0.0990464 0.1082495 0.1274162 0.1326599 0.0898866 0.1756486 0.1007854 0.1878153 0.1289512 0.1079576 0.1084143 0.1598565 0.0832433 0.1728449 0.1381701 0.1192774 0.0619525 0.1128914 0.0995890 0.0796231 0.1650783 0.0894420 0.1019317 0.0817726 0.0978199 0.0962775 0.1014948 0.1472288 0.1064664 0.1238140 0.1023015 0.1509053 0.1503765 0.0894381 0.1153420 0.0313884 0.0737045 0.0944747 0.0893796 0.0789534 0.0802201 0.0962234 0.0931277 0.0754839 0.0723698 0.1097787 0.0938922 0.0845788 0.1122162 0.0842750 0.1022441 0.0945867 0.0924298 0.0809472 0.0632820 0.1000646 0.1094539 0.0942002 0.1041006 0.0865670 0.1046037 0.0183787 0.0221615 0.1044051 0.0959799 0.0762710 0.3093811 0.0860955 0.0581506 0.1102726 0.0758696 
S0345         0.2134136 0.1061128 0.1041976 0.1262547 0.1137633 0.1056310 0.1555963 0.1037079 0.0762700 0.0915271 0.1123983 0.1315575 0.1343910 0.1311210 0.1120200 0.1451213 0.0963020 0.0233310 0.0000000 0.1454827 0.1114693 0.0880277 0.0964675 0.0686897 0.1136199 0.1184574 0.0967509 0.1077197 0.1395687 0.0959663 0.1382563 0.1107724 0.1349060 0.1238184 0.1011005 0.0960363 0.1201546 0.0965741 0.1109555 0.0972903 0.1204124 0.1051338 0.1400133 0.1776288 0.1239525 0.1346936 0.1193657 0.0912303 0.0775459 0.0919785 0.0958365 0.0952365 0.0983306 0.1310552 0.1119675 0.1076670 0.1232008 0.1029727 0.1131214 0.0766733 0.1280342 0.1141459 0.1296617 0.0999754 0.1267765 0.1416305 0.1346344 0.1027283 0.2002334 0.1118804 0.2331360 0.1371051 0.1116273 0.1091423 0.1863754 0.0949572 0.2040661 0.1261634 0.1182864 0.0744501 0.1245924 0.1025163 0.0847510 0.1979475 0.0867541 0.1020584 0.0923362 0.1059921 0.0989362 0.1053483 0.1389293 0.1121642 0.1278259 0.1112421 0.1403789 0.1440569 0.0898177 0.1240526 0.0273790 0.0815109 0.0909227 0.0881207 0.0799850 0.0898126 0.0981952 0.1045044 0.0813479 0.0765317 0.1196471 0.0909880 0.0949416 0.1206787 0.0991701 0.1126998 0.0914268 0.1021449 0.0817993 0.0661553 0.1053399 0.1174745 0.0928882 0.1068541 0.0836579 0.1023273 0.0187484 0.0165914 0.1086702 0.0946403 0.0761272 0.2805981 0.0983318 0.0632432 0.1037552 0.0788453 
S0355         0.2601148 0.1435976 0.1191202 0.1345249 0.1267935 0.1439107 0.0191583 0.1270208 0.1436816 0.1308990 0.1436303 0.1399155 0.0167581 0.0923441 0.1294419 0.0187416 0.1041382 0.1516713 0.1454827 0.0000000 0.1433570 0.1284380 0.1342875 0.1223756 0.1666168 0.1225639 0.1119503 0.1518054 0.1210724 0.1094207 0.1950031 0.1695761 0.0966337 0.1296111 0.1408750 0.1278364 0.1323811 0.1104409 0.1177775 0.1298570 0.1497611 0.1211179 0.0168754 0.2135899 0.1724780 0.0141596 0.1348662 0.1279623 0.1893512 0.1067503 0.1380256 0.1069858 0.1118519 0.1950872 0.1254606 0.1135681 0.0918992 0.1112823 0.1248735 0.1177467 0.1357686 0.0537009 0.2018886 0.1772686 0.2011076 0.2070759 0.1779536 0.1164754 0.2145348 0.1348507 0.1879976 0.1020277 0.1739721 0.1807493 0.2063787 0.1068002 0.2157239 0.1581711 0.1859432 0.1356884 0.1076121 0.1541076 0.1607168 0.2112115 0.1258626 0.1298904 0.1481864 0.1234548 0.1082051 0.1108903 0.0141771 0.1251654 0.1485172 0.0749273 0.0282434 0.0169239 0.1301098 0.0973090 0.1498891 0.1496317 0.1338628 0.1287007 0.1170670 0.1635277 0.1425042 0.1040099 0.1560376 0.1449373 0.1271917 0.1187987 0.1093592 0.1204870 0.1161532 0.1175607 0.1330353 0.1190225 0.1506549 0.1358101 0.1267822 0.1266165 0.1362712 0.1125156 0.1268878 0.1404483 0.1308670 0.1410549 0.1111206 0.1685021 0.1143722 0.3102509 0.1091765 0.1275598 0.1496162 0.1158712 
S0376         0.2470416 0.0785736 0.1291376 0.1262795 0.1174768 0.0763052 0.1417598 0.1167995 0.1120299 0.0780003 0.0805579 0.1493719 0.1420015 0.1602421 0.1266666 0.1471707 0.0953430 0.1171371 0.1114693 0.1433570 0.0000000 0.0660771 0.0747983 0.0924979 0.0758655 0.1175900 0.1011274 0.0371925 0.1129256 0.0960094 0.1614588 0.0849056 0.1351640 0.1189228 0.0763130 0.0736457 0.1292445 0.1024934 0.1091841 0.0557946 0.0840552 0.1063961 0.1433689 0.1866672 0.0689667 0.1391013 0.1049387 0.0648700 0.1357772 0.0963096 0.0778871 0.0950226 0.1019240 0.1672964 0.1088288 0.1008764 0.1314487 0.0994727 0.1163423 0.0931173 0.1223257 0.1191524 0.1641595 0.1348793 0.1537715 0.1737666 0.0865885 0.1115753 0.1884093 0.0792027 0.1328921 0.1373251 0.1356843 0.1480743 0.1832474 0.0963002 0.1862233 0.1273936 0.1444736 0.0977342 0.1359931 0.0690021 0.1159481 0.1830973 0.0646673 0.0732033 0.1033850 0.1141636 0.0987507 0.1022312 0.1415740 0.1154058 0.1396007 0.1186999 0.1495052 0.1415081 0.0706943 0.1411666 0.1134272 0.1175575 0.0764376 0.0705098 0.0533324 0.1079993 0.0716329 0.1085236 0.1095618 0.1161332 0.1263897 0.0677523 0.0965466 0.1250823 0.1109935 0.1042170 0.0707834 0.1167154 0.1043360 0.0994634 0.0677936 0.1273396 0.0646928 0.1065345 0.0614925 0.0590954 0.1021906 0.1047377 0.1052346 0.1083239 0.0922278 0.3548352 0.0998370 0.0896326 0.0440021 0.0825945 
S0400         0.2117683 0.0461719 0.0802197 0.0840262 0.0913463 0.0150703 0.1408613 0.0745093 0.0851228 0.0169167 0.0622523 0.0969830 0.1230011 0.1278571 0.0786280 0.1299621 0.0570236 0.0879479 0.0880277 0.1284380 0.0660771 0.0000000 0.0169349 0.0617989 0.0824348 0.0679244 0.0671441 0.0702912 0.0807482 0.0658875 0.1337550 0.0820626 0.1116789 0.0754235 0.0399678 0.0105428 0.0773294 0.0643007 0.0729523 0.0572024 0.0201393 0.0694153 0.1231362 0.1630788 0.0753000 0.1206239 0.0785803 0.0080004 0.1224444 0.0626699 0.0114252 0.0617782 0.0683479 0.1326897 0.0718499 0.0686610 0.0969043 0.0685367 0.0765747 0.0639458 0.0798710 0.0965685 0.1290642 0.1116208 0.1273631 0.1457982 0.0648036 0.0829759 0.1657794 0.0691398 0.1741776 0.1076777 0.1092385 0.1137762 0.1586885 0.0626944 0.1687268 0.0824316 0.1246031 0.0839617 0.1009761 0.0470237 0.0972121 0.1669687 0.0069800 0.0456242 0.0791995 0.0662682 0.0648898 0.0692782 0.1220969 0.0745481 0.0939656 0.0836971 0.1320848 0.1261035 0.0096526 0.1000240 0.0933897 0.0875924 0.0114429 0.0096276 0.0338925 0.0962177 0.0480648 0.0659834 0.0914039 0.0886582 0.0754081 0.0369152 0.0638600 0.0753889 0.0835784 0.0763157 0.0105453 0.0864014 0.0886575 0.0832282 0.0180946 0.0802798 0.0132234 0.0704440 0.0223415 0.0615978 0.0807544 0.0795299 0.0748737 0.0993065 0.0624297 0.3195608 0.0704603 0.0769775 0.0666712 0.0600659 
S0405         0.2263293 0.0556814 0.0917749 0.0947198 0.0960865 0.0273095 0.1483355 0.0834293 0.0924721 0.0283023 0.0740128 0.1057335 0.1321248 0.1350148 0.0869278 0.1341321 0.0663202 0.0973187 0.0964675 0.1342875 0.0747983 0.0169349 0.0000000 0.0721314 0.0887169 0.0770859 0.0760351 0.0760155 0.0910446 0.0725991 0.1425501 0.0869130 0.1158764 0.0871623 0.0514650 0.0188503 0.0866334 0.0732210 0.0797089 0.0671965 0.0320448 0.0783822 0.1301524 0.1709964 0.0811051 0.1288747 0.0833670 0.0191453 0.1295827 0.0714156 0.0234599 0.0705211 0.0761899 0.1485637 0.0809131 0.0755265 0.1042738 0.0764351 0.0859967 0.0730029 0.0890709 0.1005167 0.1364540 0.1236320 0.1348308 0.1538843 0.0773869 0.0886784 0.1773345 0.0749257 0.1887715 0.1165835 0.1186720 0.1275799 0.1700745 0.0714435 0.1803524 0.0827640 0.1371246 0.0880451 0.1115613 0.0565227 0.1027051 0.1774931 0.0188103 0.0529895 0.0826955 0.0799710 0.0726541 0.0771601 0.1303941 0.0860540 0.1038810 0.0841173 0.1375311 0.1345046 0.0170236 0.1075163 0.1029742 0.0936922 0.0253658 0.0178841 0.0431049 0.1048663 0.0576083 0.0773421 0.0930006 0.0902250 0.0860337 0.0450370 0.0726537 0.0836825 0.0892249 0.0844184 0.0225561 0.0921577 0.0974207 0.0872512 0.0306427 0.0908162 0.0253426 0.0763773 0.0329591 0.0694595 0.0904695 0.0886537 0.0829086 0.1095369 0.0713793 0.3202009 0.0794515 0.0809139 0.0790471 0.0711289 
S0407sl       0.2083665 0.0741130 0.0876608 0.0300686 0.0892837 0.0722925 0.1278772 0.0289394 0.0768455 0.0742325 0.1032493 0.0423166 0.1122357 0.1118240 0.0197227 0.1287982 0.0101667 0.0766625 0.0686897 0.1223756 0.0924979 0.0617989 0.0721314 0.0000000 0.1153025 0.0153752 0.0580594 0.0928178 0.0313287 0.0315283 0.1187869 0.1121171 0.1079158 0.0268189 0.0938481 0.0672506 0.0326645 0.0362462 0.0604678 0.0774484 0.0702820 0.0660051 0.1223080 0.1698956 0.1135779 0.1126595 0.0822583 0.0599964 0.1139984 0.0576894 0.0637201 0.0579170 0.0596714 0.1068933 0.0694262 0.0408036 0.0814293 0.0605764 0.0503356 0.0533988 0.0213933 0.0880776 0.1147630 0.1013200 0.1066289 0.1177669 0.1095647 0.0735828 0.1909491 0.0776882 0.1420584 0.0978874 0.0988759 0.1032240 0.1769058 0.0577414 0.1928220 0.0926572 0.1126492 0.0730936 0.0808104 0.0822536 0.0945445 0.1853560 0.0653669 0.0876965 0.0882898 0.0238742 0.0568851 0.0600938 0.1206114 0.0456988 0.0407903 0.0710439 0.1382782 0.1271879 0.0688173 0.0889127 0.0915971 0.0815963 0.0704976 0.0587748 0.0746078 0.0949912 0.0775338 0.0398674 0.0932851 0.0867751 0.0261117 0.0859373 0.0563143 0.0203838 0.0774565 0.0620440 0.0669829 0.0738089 0.0855114 0.0770103 0.0761144 0.0268105 0.0632771 0.0343934 0.0701101 0.0904079 0.0748309 0.0785906 0.0654419 0.0965139 0.0516744 0.0000010 0.0633747 0.0678010 0.0888062 0.0503227 
S0412sl       0.2338084 0.0872808 0.1178149 0.1414593 0.1272324 0.0930458 0.1748690 0.1196544 0.1082736 0.0918370 0.1083156 0.1417893 0.1628894 0.1664549 0.1260080 0.1697216 0.1009131 0.1189328 0.1136199 0.1666168 0.0758655 0.0824348 0.0887169 0.1153025 0.0000000 0.1225926 0.1044695 0.0958836 0.1408501 0.1092126 0.1616615 0.0942579 0.1392104 0.1326977 0.0982228 0.0884668 0.1259033 0.1092999 0.1126790 0.0722704 0.0973073 0.1059587 0.1649033 0.1852546 0.0754562 0.1634309 0.1254068 0.0817904 0.1596518 0.0993692 0.0895955 0.1007733 0.1035320 0.1661383 0.1088048 0.1119722 0.1410467 0.1092679 0.1213876 0.1005074 0.1328136 0.1332252 0.1686296 0.1410913 0.1631274 0.1781571 0.1233153 0.1159016 0.1829601 0.1026958 0.2170038 0.1466460 0.1454841 0.1538939 0.1800786 0.1017144 0.1935269 0.1241582 0.1571484 0.1189635 0.1418227 0.0910990 0.1260811 0.1824053 0.0849149 0.0998386 0.1085904 0.1217256 0.1060784 0.1111099 0.1651438 0.1220584 0.1402291 0.1238576 0.1730637 0.1642133 0.0871226 0.1436913 0.1192397 0.1208288 0.0896872 0.0859831 0.0713647 0.1291010 0.0937669 0.1216761 0.1194489 0.1189838 0.1304864 0.0934896 0.1018915 0.1352217 0.1143966 0.1100398 0.0862563 0.1195816 0.1236969 0.1172155 0.0901905 0.1305306 0.0881780 0.1173482 0.0811605 0.0777737 0.1044157 0.1085242 0.1147857 0.1299668 0.0940298 0.3487088 0.1030682 0.1081287 0.0873733 0.0906296 
S0417         0.2310450 0.0820490 0.0832838 0.0239537 0.0908761 0.0796383 0.1369689 0.0190817 0.0923266 0.0798215 0.1008267 0.0336885 0.1145879 0.1144756 0.0222105 0.1251723 0.0212499 0.1046577 0.1184574 0.1225639 0.1175900 0.0679244 0.0770859 0.0153752 0.1225926 0.0000000 0.0652962 0.1054972 0.0259700 0.0377081 0.1477014 0.1231022 0.1100918 0.0172549 0.0940728 0.0715593 0.0201470 0.0380011 0.0567004 0.0817393 0.0849364 0.0765732 0.1171847 0.1763170 0.1217876 0.1121888 0.0914407 0.0691075 0.1082193 0.0629008 0.0735963 0.0619914 0.0653010 0.1381530 0.0790059 0.0451061 0.0909711 0.0525221 0.0500243 0.0711150 0.0154427 0.0827526 0.1494127 0.1188061 0.1456716 0.1651802 0.1178491 0.0806211 0.1885308 0.0838377 0.1624132 0.1076004 0.1236104 0.1241155 0.1702536 0.0629258 0.1822224 0.0849572 0.1316108 0.0991851 0.1021191 0.0899185 0.1144646 0.1781476 0.0703095 0.0883492 0.0916997 0.0118747 0.0501633 0.0544292 0.1161368 0.0494679 0.0318666 0.0817431 0.1260700 0.1184615 0.0738098 0.0961659 0.1075877 0.0954312 0.0727182 0.0669933 0.0658334 0.1110994 0.0840381 0.0443311 0.1071986 0.1003403 0.0224601 0.0793782 0.0641156 0.0138620 0.0846354 0.0622694 0.0716152 0.0840999 0.1044806 0.0973447 0.0794734 0.0219704 0.0757263 0.0441411 0.0699283 0.0922699 0.0986551 0.0953492 0.0577375 0.1094256 0.0685508 0.3301837 0.0667683 0.0906758 0.1001253 0.0648278 
S0419         0.2011963 0.0771482 0.0287768 0.0823033 0.0471392 0.0752562 0.1238779 0.0710112 0.0828346 0.0740637 0.0906801 0.0808846 0.1039409 0.1140399 0.0757306 0.1157218 0.0523243 0.0824234 0.0967509 0.1119503 0.1011274 0.0671441 0.0760351 0.0580594 0.1044695 0.0652962 0.0000000 0.1000161 0.0710268 0.0635485 0.1309365 0.1144290 0.0988912 0.0741172 0.0869806 0.0696135 0.0733549 0.0607192 0.0715657 0.0849304 0.0837888 0.0281221 0.1069189 0.1490855 0.1112993 0.1045221 0.0850424 0.0641292 0.1137835 0.0132308 0.0706353 0.0114616 0.0160151 0.1274244 0.0291845 0.0629186 0.0848569 0.0650750 0.0706189 0.0732915 0.0791490 0.0822939 0.1349924 0.1149388 0.1320644 0.1496609 0.1082956 0.0359357 0.1509843 0.0746927 0.1582799 0.0886038 0.1105347 0.1151140 0.1442694 0.0123349 0.1618928 0.0849764 0.1184677 0.0839529 0.0910478 0.0814798 0.1019648 0.1552754 0.0694614 0.0803141 0.0863668 0.0625245 0.0635707 0.0668387 0.1059024 0.0718979 0.0895315 0.0750786 0.1153068 0.1096991 0.0728619 0.0888532 0.0949056 0.0920364 0.0761180 0.0662421 0.0652834 0.0989725 0.0763627 0.0624331 0.0949780 0.0930892 0.0745084 0.0731447 0.0132547 0.0727684 0.0361946 0.0717094 0.0685608 0.0369444 0.0935978 0.0788180 0.0753494 0.0708745 0.0725819 0.0624416 0.0690944 0.0904212 0.0789290 0.0764330 0.0713356 0.1009697 0.0695609 0.3032704 0.0271822 0.0748721 0.0959724 0.0693469 
S0427         0.2426313 0.0872003 0.1164976 0.1215290 0.1072324 0.0817438 0.1675707 0.1120049 0.1008919 0.0852888 0.0968726 0.1372417 0.1498014 0.1537417 0.1159268 0.1575138 0.0885897 0.1108666 0.1077197 0.1518054 0.0371925 0.0702912 0.0760155 0.0928178 0.0958836 0.1054972 0.1000161 0.0000000 0.1187147 0.0978677 0.1455555 0.0931540 0.1393722 0.1128928 0.0885945 0.0727929 0.1177308 0.0994611 0.1016185 0.0732928 0.0886370 0.1025969 0.1501888 0.1873012 0.0869510 0.1474919 0.1004929 0.0705490 0.1279394 0.0949729 0.0770353 0.0940674 0.0990920 0.1471047 0.1077846 0.1039554 0.1266859 0.0967776 0.1120513 0.0885409 0.1122201 0.1213466 0.1525405 0.1221087 0.1440098 0.1596499 0.0987724 0.1075399 0.1891860 0.0945117 0.2062178 0.1422811 0.1284317 0.1317849 0.1910205 0.0950092 0.1986762 0.1151851 0.1304163 0.0907742 0.1349536 0.0774014 0.1124437 0.1959329 0.0704952 0.0781873 0.1027892 0.1051463 0.0926325 0.0951546 0.1491181 0.1106941 0.1242233 0.1150513 0.1600655 0.1534662 0.0717506 0.1328158 0.1129435 0.1045196 0.0793455 0.0715170 0.0615582 0.1079111 0.0858094 0.1026370 0.1011275 0.1043229 0.1166985 0.0753296 0.0917828 0.1131954 0.1097601 0.1029637 0.0749918 0.1126462 0.1019451 0.1057760 0.0719972 0.1150295 0.0714808 0.1049805 0.0669763 0.0755297 0.0971510 0.1031708 0.0998694 0.1159808 0.0867261 0.3287599 0.0978679 0.0980171 0.0461310 0.0845439 
S0428sl       0.2424534 0.1023217 0.0966714 0.0391372 0.0946434 0.0901341 0.1315454 0.0323547 0.1029136 0.0902745 0.1143398 0.0557803 0.1126402 0.1330673 0.0403828 0.1208482 0.0346195 0.1176926 0.1395687 0.1210724 0.1129256 0.0807482 0.0910446 0.0313287 0.1408501 0.0259700 0.0710268 0.1187147 0.0000000 0.0429908 0.1633764 0.1340346 0.1075839 0.0314471 0.0960122 0.0854347 0.0392499 0.0458496 0.0647396 0.0924191 0.1048140 0.0786690 0.1161774 0.1977557 0.1360144 0.1130043 0.1034181 0.0827657 0.1175707 0.0641485 0.0927920 0.0629528 0.0685499 0.1598369 0.0804873 0.0523157 0.0986543 0.0592387 0.0559872 0.0833629 0.0374476 0.0930093 0.1638399 0.1271730 0.1653081 0.1866640 0.1277084 0.0848610 0.1940575 0.0903170 0.1267129 0.1077189 0.1372451 0.1430137 0.1767438 0.0641427 0.1901196 0.0998167 0.1449139 0.1110578 0.1088665 0.0956805 0.1247658 0.1880908 0.0837205 0.0997626 0.1018718 0.0237906 0.0562187 0.0590479 0.1146874 0.0536086 0.0536061 0.0856259 0.1254267 0.1128266 0.0883487 0.1099229 0.1105677 0.1087405 0.0854619 0.0808532 0.0811409 0.1262888 0.0937631 0.0487899 0.1209796 0.1107367 0.0404764 0.0864845 0.0669760 0.0291746 0.0894919 0.0685550 0.0838793 0.0880402 0.1191504 0.1018109 0.0901766 0.0389724 0.0893310 0.0447961 0.0774396 0.0970005 0.1123704 0.1108732 0.0672338 0.1111225 0.0787275 0.3515297 0.0704686 0.0987241 0.1155433 0.0762139 
