127
PAFTOL_019361 0.0000000 0.0737868 0.0850792 0.1590095 0.0916683 0.0958281 0.1242716 0.1489244 0.1166416 0.0908829 0.0934077 0.1180421 0.1170161 0.1343352 0.1193676 0.1074100 0.1150127 0.1138466 0.1110934 0.0857358 0.0887805 0.0968373 0.1124494 0.1002755 0.1022892 0.1164822 0.1373546 0.1264544 0.0893678 0.1151742 0.1859281 0.0921607 0.1003875 0.1187941 0.0892280 0.1120694 0.0799711 0.0887054 0.1169102 0.1152968 0.0923784 0.0993408 0.1204016 0.0854929 0.1149616 0.0955560 0.0892942 0.1002755 0.1143630 0.1250041 0.0979020 0.1057853 0.1213630 0.1062639 0.1180475 0.1091342 0.0937467 0.1157039 0.1057217 0.1167894 0.1180004 0.0993118 0.1343105 0.1280262 0.1175600 0.1018245 0.1023618 0.1020447 0.1068994 0.0992536 0.1021442 0.1155133 0.1116486 0.1188297 0.1136293 0.0935708 0.1261706 0.0946371 0.0885645 0.0973700 0.1026411 0.1214098 0.1041944 0.1050609 0.1116463 0.1022958 0.1886465 0.1244716 0.1205305 0.0812574 0.0984072 0.0949309 0.1026222 0.0976370 0.0894129 0.1007727 0.1094418 0.0855971 0.1189874 0.1129423 0.1079915 0.1227992 0.1006635 0.1040641 0.1075459 0.0996955 0.1129125 0.0975358 0.0993118 0.1037688 0.0938265 0.0934469 0.1272822 0.0984153 0.1303574 0.1130145 0.0928022 0.0980766 0.1049472 0.1087734 0.1085242 0.0925592 0.1287000 0.0911940 0.0943009 0.0945506 0.0841058 
S0055         0.0737868 0.0000000 0.0329446 0.0458416 0.0259295 0.0165919 0.0421786 0.0451756 0.0258703 0.0146788 0.0282889 0.0228623 0.0354054 0.0349304 0.0392637 0.0167908 0.0544679 0.0422022 0.0274825 0.0110419 0.0109753 0.0213350 0.0227972 0.0258419 0.0167040 0.0384334 0.0477853 0.0394372 0.0222351 0.0354429 0.0991150 0.0137718 0.0138632 0.0260043 0.0165880 0.0350276 0.0027274 0.0109655 0.0321200 0.0428557 0.0323538 0.0259451 0.0415642 0.0138171 0.0261466 0.0226760 0.0138636 0.0258419 0.0349486 0.0415498 0.0256013 0.0318245 0.0321115 0.0253681 0.0261470 0.0284866 0.0166695 0.0391759 0.0291380 0.0362407 0.0396788 0.0226568 0.0589162 0.0384444 0.0314466 0.0365848 0.0228025 0.0290141 0.0350969 0.0286493 0.0416126 0.0480929 0.0361318 0.0315652 0.0284426 0.0197752 0.0417486 0.0416041 0.0137611 0.0253787 0.0224948 0.0290005 0.0348949 0.0258992 0.0360663 0.0284427 0.0655392 0.0352348 0.0416069 0.0109563 0.0259170 0.0317219 0.0227658 0.0168538 0.0225002 0.0137190 0.0222692 0.0138990 0.0377253 0.0193437 0.0377504 0.0325926 0.0165779 0.0288375 0.0287310 0.0227343 0.0288190 0.0197613 0.0226568 0.0199120 0.0255950 0.0137890 0.0385247 0.0138825 0.0445536 0.0230680 0.0026731 0.0349815 0.0409033 0.0382971 0.0261753 0.0226159 0.0683095 0.0139031 0.0287318 0.0200307 0.0083344 
S0196sl       0.0850792 0.0329446 0.0000000 0.0323269 0.0396498 0.0463574 0.0754305 0.0392392 0.0549851 0.0391907 0.0608737 0.0472349 0.1092199 0.0610516 0.0859606 0.0252844 0.0573689 0.0742653 0.0759009 0.0391907 0.0394390 0.0867610 0.0254403 0.0122331 0.0537577 0.0814322 0.0387895 0.0633728 0.0393423 0.0997741 0.1323013 0.0391907 0.0472644 0.0323269 0.0252844 0.0533066 0.0396873 0.0394201 0.0461388 0.0859606 0.0263275 0.0470974 0.0986985 0.0391907 0.0320608 0.0059521 0.0394094 0.0122331 0.0446601 0.0461178 0.0326657 0.0487278 0.0541400 0.0252844 0.0568721 0.0547977 0.0551074 0.0541635 0.0549398 0.0398960 0.0479437 0.0320367 0.0728907 0.0620101 0.0472644 0.1049646 0.0319747 0.0392663 0.0462461 0.0246736 0.0465031 0.0697063 0.0840158 0.0518702 0.0472644 0.0463574 0.0785010 0.0394692 0.0463923 0.0617514 0.0464630 0.0400029 0.0320845 0.0391051 0.0754305 0.0459098 0.0468413 0.0700306 0.0814322 0.0463574 0.0474339 0.0474007 0.0637641 0.0546299 0.0465753 0.0396715 0.0458349 0.0610722 0.0394020 0.0456240 0.0547342 0.0478953 0.0615945 0.0185196 0.0320367 0.0320367 0.0460134 0.0465556 0.0320367 0.0479960 0.0549401 0.0463574 0.0555086 0.0540422 0.0478227 0.0714356 0.0392499 0.0613059 0.0550837 0.0320845 0.0473416 0.0322060 0.1041842 0.0252844 0.0474007 0.0565025 0.0260672 
S0278         0.1590095 0.0458416 0.0323269 0.0000000 0.0769868 0.0726896 0.1025145 0.0484503 0.0775274 0.0703079 0.0822791 0.0414393 0.1034386 0.0409321 0.0991521 0.0350339 0.1041426 0.1023205 0.0781609 0.0663182 0.0658407 0.0820941 0.0317517 0.0693887 0.0719621 0.0968023 0.0617711 0.0910513 0.0867553 0.0944363 0.1083353 0.0729900 0.0663846 0.0385352 0.0349086 0.0724825 0.0519545 0.0657814 0.0846274 0.1092013 0.0832585 0.0817279 0.1005634 0.0695353 0.0739459 0.0653216 0.0697972 0.0693887 0.0808617 0.0881590 0.0515270 0.0858742 0.0657708 0.0381431 0.0737589 0.0275844 0.0731071 0.0902034 0.0853884 0.0780063 0.0867017 0.0687483 0.1245015 0.0851819 0.0773906 0.0987272 0.0744027 0.0825070 0.0975988 0.0759539 0.0945787 0.0846027 0.1103301 0.0875500 0.0737736 0.0732659 0.0984050 0.0982952 0.0691881 0.0865745 0.0761593 0.0347580 0.0721773 0.0661439 0.0908588 0.0548287 0.0315801 0.0979466 0.1006714 0.0657199 0.0789214 0.0837770 0.0777315 0.0740490 0.0805024 0.0582266 0.0757617 0.0772625 0.0727415 0.0720450 0.0878392 0.0386968 0.0798889 0.0728597 0.0448156 0.0690020 0.0694305 0.0776671 0.0687483 0.0745132 0.0840260 0.0803002 0.0477379 0.0700450 0.0698382 0.0830808 0.0548805 0.0923392 0.0873911 0.0764229 0.0869032 0.0716708 0.1240643 0.0515021 0.0844466 0.0820266 0.0593281 
S0281         0.0916683 0.0259295 0.0396498 0.0769868 0.0000000 0.0499095 0.0750955 0.0676898 0.0467617 0.0502354 0.0528128 0.0474256 0.0619370 0.0568282 0.0736375 0.0371811 0.0700086 0.0730904 0.0611605 0.0439907 0.0437002 0.0527533 0.0436822 0.0283431 0.0601464 0.0719949 0.0634279 0.0673611 0.0496852 0.0723038 0.1282330 0.0337879 0.0471362 0.0509591 0.0252837 0.0498114 0.0349025 0.0436620 0.0407340 0.0782907 0.0545700 0.0654074 0.0754373 0.0469648 0.0553229 0.0251861 0.0471322 0.0283431 0.0500237 0.0502532 0.0341553 0.0647305 0.0501337 0.0368570 0.0472647 0.0602016 0.0469639 0.0514427 0.0546392 0.0553189 0.0591895 0.0340477 0.0880863 0.0570452 0.0671827 0.0716217 0.0441134 0.0470984 0.0682523 0.0341429 0.0711153 0.0595907 0.0706510 0.0565190 0.0638053 0.0540694 0.0681483 0.0643029 0.0403980 0.0532489 0.0372799 0.0471346 0.0433757 0.0406200 0.0703544 0.0433449 0.0990976 0.0683680 0.0755158 0.0436238 0.0580004 0.0529685 0.0435635 0.0507676 0.0503139 0.0435252 0.0432731 0.0472551 0.0566078 0.0400911 0.0403144 0.0584378 0.0434572 0.0313105 0.0499023 0.0341639 0.0436839 0.0540187 0.0340477 0.0437185 0.0462423 0.0373673 0.0689853 0.0504976 0.0571365 0.0618388 0.0340973 0.0466663 0.0623111 0.0531583 0.0442621 0.0343622 0.0711980 0.0251118 0.0464400 0.0519173 0.0223881 
S0282         0.0958281 0.0165919 0.0463574 0.0726896 0.0499095 0.0000000 0.0586706 0.0671174 0.0466176 0.0083944 0.0512730 0.0438324 0.0538888 0.0565288 0.0544403 0.0368799 0.0765582 0.0573491 0.0496830 0.0106232 0.0105624 0.0518290 0.0402593 0.0497394 0.0396961 0.0532898 0.0730504 0.0625113 0.0422713 0.0568998 0.1343178 0.0304341 0.0188451 0.0472779 0.0335979 0.0600601 0.0191638 0.0052278 0.0565366 0.0621376 0.0504321 0.0536142 0.0564785 0.0132934 0.0545519 0.0462103 0.0133374 0.0497394 0.0522875 0.0665021 0.0493098 0.0496148 0.0537243 0.0488467 0.0471176 0.0461928 0.0306250 0.0620830 0.0572192 0.0591321 0.0631064 0.0493099 0.0817678 0.0711301 0.0490115 0.0518569 0.0460839 0.0527739 0.0563933 0.0557825 0.0633275 0.0628542 0.0653902 0.0555875 0.0459013 0.0462932 0.0628100 0.0633138 0.0132416 0.0487211 0.0427110 0.0532570 0.0598208 0.0540130 0.0480841 0.0458139 0.0961323 0.0533120 0.0501083 0.0105437 0.0397997 0.0594101 0.0467374 0.0162056 0.0216324 0.0393177 0.0456777 0.0398531 0.0621027 0.0425138 0.0588145 0.0545598 0.0393237 0.0528847 0.0494923 0.0494807 0.0571278 0.0189964 0.0493099 0.0438138 0.0525089 0.0395043 0.0605959 0.0367525 0.0734239 0.0469940 0.0216773 0.0594371 0.0621183 0.0634645 0.0541158 0.0496010 0.0915564 0.0338060 0.0527375 0.0440769 0.0342333 
S0288         0.1242716 0.0421786 0.0754305 0.1025145 0.0750955 0.0586706 0.0000000 0.1015567 0.0667740 0.0556241 0.0774277 0.0763432 0.0630103 0.0879947 0.0028671 0.0670277 0.1044281 0.0057531 0.0618975 0.0485262 0.0517144 0.0626226 0.0707765 0.0748016 0.0617798 0.0028234 0.1043306 0.0872036 0.0722681 0.0746764 0.1853633 0.0623153 0.0556308 0.0808614 0.0602590 0.0832870 0.0412471 0.0516653 0.0746825 0.0088499 0.0601709 0.0711153 0.0114905 0.0554062 0.0652357 0.0748016 0.0520142 0.0793924 0.0918212 0.0861063 0.0824669 0.0662764 0.0720832 0.0815433 0.0724003 0.0643489 0.0240886 0.0919835 0.0650273 0.0791629 0.0743542 0.0735614 0.1110258 0.0798033 0.0582196 0.0616978 0.0705291 0.0788662 0.0759600 0.0823101 0.0711646 0.0946965 0.0857391 0.0733550 0.0546836 0.0709099 0.0836581 0.0748985 0.0551256 0.0542166 0.0629745 0.0831681 0.0794090 0.0759376 0.0028607 0.0812751 0.1315498 0.0673496 0.0056765 0.0479197 0.0627399 0.0913985 0.0758903 0.0516341 0.0592027 0.0619669 0.0664438 0.0591008 0.0897724 0.0587276 0.0815603 0.0905668 0.0578908 0.0832349 0.0786072 0.0735614 0.0842834 0.0561352 0.0735614 0.0636234 0.0825997 0.0581260 0.0672203 0.0627865 0.0993141 0.0760130 0.0476558 0.0788313 0.0904658 0.0918094 0.0762240 0.0753787 0.1265985 0.0594772 0.0830404 0.0639903 0.0598419 
S0289         0.1489244 0.0451756 0.0392392 0.0484503 0.0676898 0.0671174 0.1015567 0.0000000 0.0613449 0.0687078 0.0773138 0.0342460 0.0962139 0.0338441 0.0973003 0.0282105 0.0825713 0.1004135 0.0816526 0.0609695 0.0605468 0.0715266 0.0313541 0.0605409 0.0744832 0.0950373 0.0540241 0.0780994 0.0770461 0.0769122 0.0885115 0.0672272 0.0643125 0.0314329 0.0299550 0.0716343 0.0513411 0.0604941 0.0748811 0.1071002 0.0734134 0.0807297 0.0987220 0.0640698 0.0726502 0.0567519 0.0643036 0.0605409 0.0713318 0.0782403 0.0501539 0.0795802 0.0650094 0.0371665 0.0578833 0.0275133 0.0674869 0.0763847 0.0680853 0.0694463 0.0776817 0.0600024 0.0945089 0.0762892 0.0644847 0.0794134 0.0517014 0.0588895 0.0834651 0.0668175 0.0840547 0.0679726 0.0851848 0.0743479 0.0610989 0.0575067 0.0717809 0.0840340 0.0637631 0.0744521 0.0669847 0.0313459 0.0713366 0.0653729 0.0938459 0.0501744 0.0760504 0.0910699 0.0988263 0.0604395 0.0588554 0.0821265 0.0615051 0.0683248 0.0701759 0.0500518 0.0533481 0.0679164 0.0639446 0.0566022 0.0747116 0.0315610 0.0637642 0.0638363 0.0277747 0.0602164 0.0686188 0.0607263 0.0600024 0.0550244 0.0743772 0.0675303 0.0472192 0.0610817 0.0642018 0.0731889 0.0468747 0.0821585 0.0742284 0.0718283 0.0768111 0.0672640 0.1178030 0.0436800 0.0747310 0.0845715 0.0509625 
S0292         0.1166416 0.0258703 0.0549851 0.0775274 0.0467617 0.0466176 0.0667740 0.0613449 0.0000000 0.0433271 0.0663939 0.0477115 0.0726803 0.0506721 0.0618520 0.0373910 0.0555210 0.0682039 0.0468090 0.0407424 0.0404760 0.0578772 0.0439381 0.0538182 0.0461918 0.0638250 0.0706490 0.0754311 0.0495735 0.0687472 0.1225284 0.0466896 0.0370386 0.0479658 0.0344335 0.0607630 0.0317130 0.0404405 0.0608399 0.0734500 0.0540247 0.0652555 0.0671389 0.0375055 0.0555948 0.0501587 0.0438477 0.0538182 0.0574574 0.0678733 0.0500139 0.0641217 0.0543462 0.0495372 0.0345891 0.0536025 0.0468575 0.0701607 0.0580719 0.0671557 0.0713529 0.0533439 0.0989757 0.0618109 0.0632976 0.0394499 0.0443838 0.0512371 0.0714608 0.0600073 0.0706908 0.0610292 0.0630996 0.0429770 0.0599790 0.0474901 0.0411407 0.0706753 0.0434975 0.0597840 0.0534492 0.0540352 0.0605178 0.0546417 0.0620599 0.0435004 0.1016750 0.0647188 0.0672075 0.0404054 0.0543929 0.0403374 0.0164157 0.0404188 0.0533717 0.0432012 0.0340913 0.0471466 0.0705046 0.0221514 0.0248598 0.0553779 0.0497624 0.0497229 0.0502020 0.0535325 0.0577959 0.0442389 0.0533439 0.0221711 0.0399974 0.0435677 0.0694508 0.0405984 0.0745427 0.0512787 0.0279999 0.0432675 0.0492549 0.0576370 0.0411905 0.0472606 0.0932626 0.0342567 0.0401649 0.0542954 0.0346256 
S0293         0.0908829 0.0146788 0.0391907 0.0703079 0.0502354 0.0083944 0.0556241 0.0687078 0.0433271 0.0000000 0.0484233 0.0437350 0.0545057 0.0573281 0.0551041 0.0363184 0.0752109 0.0582205 0.0467463 0.0084614 0.0084094 0.0438097 0.0363476 0.0500522 0.0393234 0.0538568 0.0630205 0.0590256 0.0354692 0.0577310 0.1208729 0.0294655 0.0171700 0.0398774 0.0291380 0.0572555 0.0174306 0.0027730 0.0573373 0.0633918 0.0474005 0.0503038 0.0572733 0.0084201 0.0552251 0.0462766 0.0113343 0.0500522 0.0494418 0.0680333 0.0495907 0.0499181 0.0505609 0.0490931 0.0470726 0.0399347 0.0296624 0.0550800 0.0580786 0.0519733 0.0560256 0.0495910 0.0807480 0.0643517 0.0492701 0.0443951 0.0461413 0.0532987 0.0537522 0.0565185 0.0576228 0.0570733 0.0631337 0.0563074 0.0459469 0.0463654 0.0640601 0.0610947 0.0112478 0.0454103 0.0393191 0.0499481 0.0570142 0.0508489 0.0516358 0.0526515 0.0848131 0.0461349 0.0573352 0.0083944 0.0324168 0.0534675 0.0434459 0.0143573 0.0201265 0.0389246 0.0457080 0.0394905 0.0560734 0.0423314 0.0529016 0.0472509 0.0389310 0.0534183 0.0497862 0.0495910 0.0541434 0.0173167 0.0495910 0.0437155 0.0496644 0.0391217 0.0504105 0.0361847 0.0754775 0.0471168 0.0201712 0.0569953 0.0564566 0.0572836 0.0512849 0.0464940 0.0951836 0.0294043 0.0498939 0.0439961 0.0334896 
S0294         0.0934077 0.0282889 0.0608737 0.0822791 0.0528128 0.0512730 0.0774277 0.0773138 0.0663939 0.0484233 0.0000000 0.0598141 0.0672829 0.0730575 0.0751363 0.0522385 0.0773730 0.0745911 0.0603370 0.0455344 0.0452423 0.0602544 0.0590953 0.0526331 0.0523287 0.0734971 0.0764090 0.0797196 0.0518092 0.0744455 0.1553543 0.0456878 0.0485901 0.0635158 0.0425797 0.0736006 0.0310210 0.0452042 0.0660388 0.0797120 0.0475442 0.0639587 0.0768696 0.0484188 0.0754261 0.0490695 0.0485859 0.0526331 0.0554261 0.0762243 0.0587894 0.0700054 0.0634516 0.0582283 0.0708113 0.0653365 0.0522212 0.0721290 0.0743483 0.0691830 0.0698241 0.0585155 0.0719207 0.0768502 0.0623185 0.0624450 0.0559260 0.0629477 0.0535941 0.0586799 0.0569733 0.0728640 0.0833414 0.0757307 0.0590580 0.0561806 0.0730048 0.0504791 0.0482063 0.0521349 0.0518561 0.0696312 0.0665708 0.0637975 0.0719253 0.0652852 0.1098747 0.0773978 0.0769477 0.0451660 0.0497226 0.0626394 0.0665622 0.0488057 0.0516761 0.0425008 0.0649890 0.0432183 0.0524737 0.0550369 0.0659990 0.0713825 0.0425671 0.0557876 0.0655162 0.0587191 0.0670703 0.0552831 0.0585155 0.0566452 0.0694323 0.0364992 0.0775209 0.0494177 0.0804647 0.0638818 0.0423904 0.0632055 0.0727984 0.0771552 0.0747883 0.0525727 0.1001162 0.0489091 0.0697521 0.0538222 0.0432442 
S0299         0.1180421 0.0228623 0.0472349 0.0414393 0.0474256 0.0438324 0.0763432 0.0342460 0.0477115 0.0437350 0.0598141 0.0000000 0.0620228 0.0218213 0.0702497 0.0194626 0.0679254 0.0735626 0.0587177 0.0379387 0.0376913 0.0496404 0.0254779 0.0472622 0.0505213 0.0689383 0.0537312 0.0553984 0.0564290 0.0692364 0.0787617 0.0471044 0.0410458 0.0135400 0.0303414 0.0437282 0.0286638 0.0376579 0.0540853 0.0791462 0.0623173 0.0578589 0.0723767 0.0408972 0.0442987 0.0437307 0.0410431 0.0472622 0.0507840 0.0641165 0.0373239 0.0540636 0.0376598 0.0309982 0.0377201 0.0278930 0.0440579 0.0509675 0.0510489 0.0446048 0.0517737 0.0468498 0.0882423 0.0651144 0.0508153 0.0684177 0.0447829 0.0517077 0.0685876 0.0533584 0.0760730 0.0601430 0.0666759 0.0537114 0.0475794 0.0441510 0.0690038 0.0760551 0.0407146 0.0603296 0.0406806 0.0254703 0.0435613 0.0378552 0.0672293 0.0373405 0.0677708 0.0653275 0.0724525 0.0376250 0.0517377 0.0608385 0.0478358 0.0445800 0.0505611 0.0373614 0.0467260 0.0475704 0.0503481 0.0434810 0.0570914 0.0135932 0.0502062 0.0504288 0.0250456 0.0470139 0.0408533 0.0440350 0.0468498 0.0448431 0.0537445 0.0504484 0.0282394 0.0442814 0.0540017 0.0553085 0.0223726 0.0608664 0.0536393 0.0503176 0.0554304 0.0432841 0.0944047 0.0312700 0.0539846 0.0590776 0.0285869 
S0308         0.1170161 0.0354054 0.1092199 0.1034386 0.0619370 0.0538888 0.0630103 0.0962139 0.0726803 0.0545057 0.0672829 0.0620228 0.0000000 0.0839991 0.0583938 0.0614257 0.1025425 0.0613419 0.0700778 0.0406931 0.0475277 0.0758654 0.0688655 0.0687876 0.0575473 0.0571401 0.1025439 0.0905890 0.0665759 0.0686733 0.1610051 0.0537120 0.0510765 0.0658916 0.0700260 0.0766706 0.0348241 0.0474857 0.0722033 0.0583827 0.0699336 0.0650554 0.0672911 0.0508871 0.0652877 0.0647611 0.0437938 0.0687876 0.0787135 0.0829091 0.0647978 0.0567407 0.0770933 0.0746622 0.0656392 0.0851013 0.0339038 0.0821406 0.0693258 0.0868669 0.0915254 0.0611559 0.0931831 0.0790297 0.0565025 0.0646094 0.0568409 0.0639992 0.0726803 0.0716162 0.0802014 0.0905882 0.0817428 0.0751444 0.0532584 0.0647484 0.0798439 0.0801820 0.0441246 0.0637400 0.0643753 0.0803032 0.0877031 0.0687501 0.0552544 0.0747803 0.1196972 0.0648046 0.0604565 0.0441532 0.0609832 0.0870460 0.0647299 0.0548351 0.0508463 0.0601753 0.0598136 0.0575779 0.0898010 0.0597155 0.0860952 0.0741311 0.0568749 0.0722286 0.0720459 0.0613785 0.0723824 0.0505593 0.0611559 0.0616556 0.0790448 0.0504858 0.0835723 0.0543185 0.1031077 0.0695978 0.0438563 0.0832141 0.0898199 0.0919678 0.0730642 0.0720998 0.1032523 0.0545658 0.0794305 0.0594580 0.0481517 
S0320         0.1343352 0.0349304 0.0610516 0.0409321 0.0568282 0.0565288 0.0879947 0.0338441 0.0506721 0.0573281 0.0730575 0.0218213 0.0839991 0.0000000 0.0775952 0.0252371 0.0778749 0.0842606 0.0658416 0.0505292 0.0501894 0.0707480 0.0251837 0.0601475 0.0635438 0.0793655 0.0602100 0.0689701 0.0695313 0.0833503 0.0824321 0.0599491 0.0537458 0.0191144 0.0391735 0.0498209 0.0408681 0.0501457 0.0673120 0.0902460 0.0691497 0.0645046 0.0828842 0.0535477 0.0571404 0.0563884 0.0537401 0.0601475 0.0638748 0.0777127 0.0434283 0.0716169 0.0436893 0.0369403 0.0472301 0.0392527 0.0568291 0.0641050 0.0642178 0.0575350 0.0617018 0.0564269 0.0994265 0.0789564 0.0639207 0.0757298 0.0577796 0.0650756 0.0825531 0.0663813 0.0831297 0.0708805 0.0808782 0.0668405 0.0605667 0.0569486 0.0759330 0.0831095 0.0533006 0.0737082 0.0597363 0.0251769 0.0496288 0.0439176 0.0778640 0.0403471 0.0668470 0.0792154 0.0829709 0.0501014 0.0651080 0.0705956 0.0573304 0.0575169 0.0635977 0.0497374 0.0594519 0.0605524 0.0633193 0.0496938 0.0600652 0.0191887 0.0631423 0.0634194 0.0247614 0.0566264 0.0469413 0.0567934 0.0564269 0.0544065 0.0632639 0.0634509 0.0338092 0.0571264 0.0605155 0.0688816 0.0402503 0.0706255 0.0631398 0.0565313 0.0652710 0.0493099 0.1016884 0.0434085 0.0635526 0.0728656 0.0377503 
S0322         0.1193676 0.0392637 0.0859606 0.0991521 0.0736375 0.0544403 0.0028671 0.0973003 0.0618520 0.0551041 0.0751363 0.0702497 0.0583938 0.0775952 0.0000000 0.0620702 0.0999938 0.0026775 0.0589310 0.0450461 0.0480116 0.0633583 0.0696005 0.0699162 0.0573379 0.0000027 0.1036967 0.0841521 0.0708432 0.0732528 0.1720986 0.0577981 0.0516019 0.0746172 0.0611007 0.0849582 0.0384513 0.0479685 0.0691001 0.0054819 0.0626920 0.0699132 0.0080232 0.0514085 0.0638723 0.0692002 0.0482689 0.0733669 0.0883759 0.0795947 0.0762421 0.0614259 0.0743929 0.0754525 0.0665371 0.0729641 0.0195606 0.0923805 0.0601236 0.0804384 0.0759386 0.0681376 0.1059753 0.0821805 0.0540509 0.0570326 0.0687246 0.0764321 0.0773998 0.0761030 0.0765317 0.0910656 0.0829795 0.0679604 0.0507859 0.0690692 0.0772595 0.0765144 0.0511679 0.0539105 0.0617129 0.0811827 0.0812996 0.0780323 0.0000025 0.0719857 0.1312196 0.0623482 0.0026447 0.0445228 0.0581606 0.0880001 0.0736567 0.0479417 0.0548967 0.0607935 0.0649402 0.0548097 0.0907793 0.0544866 0.0794822 0.0833851 0.0537696 0.0768938 0.0726947 0.0683878 0.0859140 0.0553488 0.0681376 0.0623047 0.0798947 0.0577396 0.0737298 0.0582000 0.0953131 0.0702314 0.0442957 0.0800016 0.0907984 0.0929963 0.0776502 0.0696940 0.1160791 0.0551316 0.0802892 0.0592339 0.0554459 
S0327         0.1074100 0.0167908 0.0252844 0.0350339 0.0371811 0.0368799 0.0670277 0.0282105 0.0373910 0.0363184 0.0522385 0.0194626 0.0614257 0.0252371 0.0620702 0.0000000 0.0597333 0.0650395 0.0537785 0.0311640 0.0309672 0.0403434 0.0108350 0.0370570 0.0432586 0.0607246 0.0370885 0.0596227 0.0458552 0.0609825 0.0915943 0.0340275 0.0341494 0.0166990 0.0122028 0.0405024 0.0224551 0.0309401 0.0434697 0.0701883 0.0445677 0.0478714 0.0640246 0.0340296 0.0481427 0.0337745 0.0341480 0.0370570 0.0403449 0.0529875 0.0219789 0.0503917 0.0344975 0.0161892 0.0377891 0.0219504 0.0370623 0.0549943 0.0475623 0.0520671 0.0558829 0.0367441 0.0748313 0.0506848 0.0435023 0.0599014 0.0345539 0.0410425 0.0570321 0.0429118 0.0606449 0.0498823 0.0628319 0.0462235 0.0403968 0.0375466 0.0574081 0.0573966 0.0338835 0.0462499 0.0368097 0.0194052 0.0403496 0.0346747 0.0588959 0.0248462 0.0604366 0.0572837 0.0640903 0.0309138 0.0442653 0.0498622 0.0374882 0.0374883 0.0432904 0.0308339 0.0366523 0.0372871 0.0400098 0.0335880 0.0463771 0.0228133 0.0368140 0.0400733 0.0135711 0.0368688 0.0376445 0.0405696 0.0367441 0.0345974 0.0432101 0.0400850 0.0381566 0.0341767 0.0341912 0.0444061 0.0190960 0.0498865 0.0461671 0.0437411 0.0445111 0.0369693 0.0902641 0.0219696 0.0400865 0.0512230 0.0223061 
S0335         0.1150127 0.0544679 0.0573689 0.1041426 0.0700086 0.0765582 0.1044281 0.0825713 0.0555210 0.0752109 0.0773730 0.0679254 0.1025425 0.0778749 0.0999938 0.0597333 0.0000000 0.0992360 0.0880658 0.0669490 0.0632414 0.0799999 0.0602714 0.0778886 0.0840900 0.0976873 0.0884676 0.1051670 0.0728716 0.1017260 0.1416987 0.0766840 0.0658747 0.0718383 0.0493134 0.0821699 0.0573860 0.0698508 0.0928275 0.1097874 0.0685146 0.0907369 0.1013522 0.0735135 0.0839495 0.0737667 0.0702954 0.0778886 0.0819475 0.0966498 0.0665652 0.0963654 0.0754054 0.0659103 0.0703860 0.0534835 0.0701702 0.0914394 0.0745356 0.0884561 0.0930354 0.0771816 0.0989776 0.0982700 0.0950463 0.0799371 0.0781129 0.0859825 0.0861021 0.0843764 0.0940155 0.0786333 0.0843318 0.0701775 0.0914258 0.0769634 0.0766150 0.0866840 0.0731574 0.0874745 0.0773503 0.0710518 0.0748218 0.0758340 0.0965654 0.0695147 0.1273319 0.0934028 0.1014581 0.0697876 0.0858786 0.0460088 0.0516546 0.0779415 0.0671919 0.0763297 0.0562102 0.0727773 0.0707552 0.0658090 0.0689491 0.0715861 0.0764735 0.0730968 0.0633610 0.0774625 0.0791377 0.0746046 0.0771816 0.0557366 0.0517898 0.0803885 0.0915741 0.0701643 0.0889344 0.0791291 0.0559158 0.0522640 0.0275119 0.0860211 0.0666477 0.0776650 0.1035359 0.0665330 0.0520118 0.0946501 0.0637408 
S0355         0.1138466 0.0422022 0.0742653 0.1023205 0.0730904 0.0573491 0.0057531 0.1004135 0.0682039 0.0582205 0.0745911 0.0735626 0.0613419 0.0842606 0.0026775 0.0650395 0.0992360 0.0000000 0.0656439 0.0479564 0.0509116 0.0671333 0.0726081 0.0693989 0.0602332 0.0026271 0.1067811 0.0783001 0.0703362 0.0762697 0.1701970 0.0607162 0.0545288 0.0776911 0.0604297 0.0880254 0.0413289 0.0508670 0.0720867 0.0026706 0.0622322 0.0647853 0.0106801 0.0543249 0.0588903 0.0686932 0.0511851 0.0728236 0.0825568 0.0825949 0.0756816 0.0643650 0.0774580 0.0749033 0.0737360 0.0706001 0.0223164 0.0861831 0.0552951 0.0747188 0.0704337 0.0710857 0.1051540 0.0852745 0.0569403 0.0602605 0.0716959 0.0794441 0.0804454 0.0755440 0.0795447 0.0941010 0.0807563 0.0709012 0.0536682 0.0720553 0.0838873 0.0759500 0.0540703 0.0567927 0.0646653 0.0842413 0.0806897 0.0811034 0.0026870 0.0749009 0.1345825 0.0653286 0.0052809 0.0474006 0.0612660 0.0910490 0.0766907 0.0508385 0.0545019 0.0637019 0.0678900 0.0577378 0.0901057 0.0606919 0.0824212 0.0865228 0.0566429 0.0763235 0.0756928 0.0713458 0.0890132 0.0583056 0.0710857 0.0616025 0.0829041 0.0606556 0.0767690 0.0611395 0.0945985 0.0732680 0.0471585 0.0830183 0.0897572 0.0960906 0.0807033 0.0691800 0.1151574 0.0580777 0.0833138 0.0622231 0.0584073 
S0376         0.1110934 0.0274825 0.0759009 0.0781609 0.0611605 0.0496830 0.0618975 0.0816526 0.0468090 0.0467463 0.0603370 0.0587177 0.0700778 0.0658416 0.0589310 0.0537785 0.0880658 0.0656439 0.0000000 0.0434279 0.0365982 0.0565799 0.0572509 0.0725490 0.0324727 0.0610699 0.0879711 0.0928821 0.0491824 0.0581454 0.1579616 0.0497649 0.0434671 0.0661887 0.0471585 0.0691805 0.0304644 0.0430851 0.0806436 0.0674074 0.0542525 0.0618574 0.0645610 0.0465708 0.0711850 0.0682614 0.0467463 0.0725490 0.0731053 0.0845859 0.0644319 0.0649951 0.0621898 0.0673189 0.0585948 0.0591385 0.0499562 0.0799793 0.0702122 0.0810040 0.0858297 0.0646674 0.0982702 0.0855172 0.0675740 0.0608641 0.0656002 0.0736284 0.0691840 0.0794098 0.0647284 0.0924526 0.0876279 0.0598228 0.0640172 0.0500253 0.0655342 0.0682628 0.0396434 0.0531065 0.0605153 0.0651675 0.0616921 0.0625572 0.0589560 0.0638932 0.1030592 0.0582827 0.0646310 0.0430453 0.0617143 0.0688204 0.0617708 0.0430604 0.0569348 0.0395149 0.0602079 0.0502841 0.0748700 0.0462626 0.0603175 0.0713344 0.0530457 0.0761863 0.0683264 0.0646674 0.0659858 0.0506108 0.0646674 0.0505745 0.0681402 0.0459694 0.0657943 0.0467955 0.0886990 0.0585648 0.0360941 0.0721600 0.0754106 0.0729740 0.0704752 0.0684957 0.1258865 0.0537780 0.0684770 0.0402233 0.0509345 
S0400         0.0857358 0.0110419 0.0391907 0.0663182 0.0439907 0.0106232 0.0485262 0.0609695 0.0407424 0.0084614 0.0455344 0.0379387 0.0406931 0.0505292 0.0450461 0.0311640 0.0669490 0.0479564 0.0434279 0.0000000 0.0052715 0.0399379 0.0344639 0.0438405 0.0339843 0.0440994 0.0669227 0.0562070 0.0426154 0.0508628 0.1302293 0.0248665 0.0134378 0.0413165 0.0248145 0.0540061 0.0136661 0.0052667 0.0505351 0.0524435 0.0412461 0.0443686 0.0472344 0.0079614 0.0411761 0.0403883 0.0025952 0.0438405 0.0464328 0.0604099 0.0434639 0.0437306 0.0477040 0.0430569 0.0411796 0.0339332 0.0221129 0.0558226 0.0478498 0.0528516 0.0567398 0.0434615 0.0754452 0.0614292 0.0432017 0.0457045 0.0402797 0.0468622 0.0471668 0.0498651 0.0539201 0.0568224 0.0591148 0.0496898 0.0401198 0.0404615 0.0567856 0.0539087 0.0079306 0.0429459 0.0369725 0.0472894 0.0537920 0.0479597 0.0419903 0.0463361 0.0930220 0.0473411 0.0472823 0.0052624 0.0340718 0.0534235 0.0408485 0.0107842 0.0134214 0.0336621 0.0368614 0.0341191 0.0561463 0.0368034 0.0528890 0.0484421 0.0336663 0.0469612 0.0436227 0.0436124 0.0510637 0.0079179 0.0434615 0.0379247 0.0466305 0.0338209 0.0544854 0.0310569 0.0672654 0.0410684 0.0162326 0.0534490 0.0561611 0.0573730 0.0480532 0.0437181 0.0849767 0.0281328 0.0468317 0.0381518 0.0284880 
S0405         0.0887805 0.0109753 0.0394390 0.0658407 0.0437002 0.0105624 0.0517144 0.0605468 0.0404760 0.0084094 0.0452423 0.0376913 0.0475277 0.0501894 0.0480116 0.0309672 0.0632414 0.0509116 0.0365982 0.0052715 0.0000000 0.0400791 0.0342420 0.0435520 0.0337693 0.0470037 0.0664586 0.0558088 0.0363637 0.0505186 0.1288892 0.0247141 0.0133596 0.0410431 0.0249144 0.0472260 0.0135844 0.0052370 0.0501945 0.0554784 0.0441582 0.0472895 0.0501458 0.0079159 0.0481068 0.0401266 0.0079420 0.0435520 0.0461289 0.0534847 0.0431804 0.0434435 0.0410610 0.0427789 0.0409083 0.0341196 0.0248669 0.0554301 0.0507991 0.0524791 0.0563335 0.0370698 0.0710106 0.0644363 0.0429217 0.0453907 0.0400195 0.0465524 0.0500730 0.0464187 0.0568609 0.0564373 0.0586973 0.0493614 0.0398616 0.0401989 0.0564006 0.0568493 0.0078855 0.0426693 0.0367369 0.0469738 0.0470428 0.0412765 0.0449562 0.0460338 0.0922849 0.0470250 0.0501964 0.0052325 0.0338556 0.0467263 0.0405807 0.0079442 0.0161026 0.0334513 0.0396700 0.0339024 0.0557701 0.0365700 0.0525371 0.0481111 0.0334553 0.0435430 0.0433371 0.0371967 0.0443196 0.0134657 0.0370698 0.0376767 0.0463241 0.0336079 0.0541114 0.0308616 0.0667965 0.0407986 0.0161362 0.0530887 0.0557848 0.0504976 0.0477280 0.0434312 0.0843395 0.0279568 0.0465225 0.0379014 0.0283076 
S0412sl       0.0968373 0.0213350 0.0867610 0.0820941 0.0527533 0.0518290 0.0626226 0.0715266 0.0578772 0.0438097 0.0602544 0.0496404 0.0758654 0.0707480 0.0633583 0.0403434 0.0799999 0.0671333 0.0565799 0.0399379 0.0400791 0.0000000 0.0442996 0.0531155 0.0524017 0.0616192 0.0611019 0.0733028 0.0356589 0.0695919 0.1686321 0.0322279 0.0483394 0.0535223 0.0435599 0.0577729 0.0252726 0.0439529 0.0407859 0.0688884 0.0675375 0.0371580 0.0658050 0.0441336 0.0628799 0.0485001 0.0438097 0.0440458 0.0659982 0.0529242 0.0524019 0.0705060 0.0539482 0.0478556 0.0627342 0.0606269 0.0484113 0.0732624 0.0499628 0.0644269 0.0651929 0.0484153 0.0949931 0.0454321 0.0735972 0.0700188 0.0576908 0.0672187 0.0708451 0.0609717 0.0671093 0.0754546 0.0540719 0.0569995 0.0692852 0.0448776 0.0723916 0.0758328 0.0439229 0.0355697 0.0402622 0.0528616 0.0532989 0.0456307 0.0588173 0.0600273 0.1003985 0.0739933 0.0658904 0.0439046 0.0615017 0.0618492 0.0535728 0.0529574 0.0564103 0.0322105 0.0519877 0.0405054 0.0644151 0.0518299 0.0651162 0.0632200 0.0244444 0.0572166 0.0526532 0.0484153 0.0496731 0.0403801 0.0484153 0.0539290 0.0611876 0.0320242 0.0536542 0.0361734 0.0657897 0.0536244 0.0245633 0.0705299 0.0654691 0.0537702 0.0580204 0.0443919 0.1098677 0.0399275 0.0615408 0.0589142 0.0287059 
S0417         0.1124494 0.0227972 0.0254403 0.0317517 0.0436822 0.0402593 0.0707765 0.0313541 0.0439381 0.0363476 0.0590953 0.0254779 0.0688655 0.0251837 0.0696005 0.0108350 0.0602714 0.0726081 0.0572509 0.0344639 0.0342420 0.0442996 0.0000000 0.0435341 0.0499220 0.0680651 0.0435734 0.0671910 0.0525196 0.0683557 0.0907505 0.0433902 0.0405692 0.0166661 0.0080575 0.0471384 0.0253949 0.0342125 0.0501712 0.0780844 0.0548513 0.0548781 0.0714533 0.0373709 0.0551935 0.0401117 0.0375024 0.0435341 0.0469510 0.0599607 0.0279620 0.0573730 0.0409883 0.0219644 0.0444122 0.0222155 0.0435440 0.0622732 0.0545137 0.0593155 0.0633010 0.0431606 0.0870653 0.0608729 0.0502081 0.0675162 0.0410572 0.0477864 0.0677229 0.0495114 0.0648469 0.0504820 0.0634281 0.0529506 0.0470151 0.0441248 0.0646471 0.0681662 0.0372076 0.0524216 0.0432407 0.0134984 0.0469559 0.0412044 0.0623257 0.0279573 0.0497568 0.0645082 0.0715272 0.0341830 0.0511087 0.0567556 0.0440516 0.0409330 0.0468157 0.0370959 0.0369636 0.0438117 0.0434269 0.0398865 0.0531252 0.0227650 0.0464260 0.0466297 0.0163516 0.0433093 0.0442390 0.0440731 0.0431606 0.0411113 0.0498627 0.0466461 0.0313892 0.0406045 0.0406603 0.0512805 0.0249885 0.0567828 0.0528811 0.0504857 0.0513960 0.0434272 0.0911729 0.0279499 0.0500794 0.0583395 0.0283864 
S0419         0.1002755 0.0258419 0.0122331 0.0693887 0.0283431 0.0497394 0.0748016 0.0605409 0.0538182 0.0500522 0.0526331 0.0472622 0.0687876 0.0601475 0.0699162 0.0370570 0.0778886 0.0693989 0.0725490 0.0438405 0.0435520 0.0531155 0.0435341 0.0000000 0.0599375 0.0683667 0.0596548 0.0671122 0.0495165 0.0720428 0.1265814 0.0402975 0.0469746 0.0507818 0.0254728 0.0569490 0.0315614 0.0435140 0.0306911 0.0744663 0.0581710 0.0583927 0.0717723 0.0468044 0.0551256 0.0026120 0.0439486 0.0052869 0.0428566 0.0335852 0.0370756 0.0645005 0.0573279 0.0307053 0.0544084 0.0608679 0.0437183 0.0621992 0.0544479 0.0592439 0.0632263 0.0219082 0.0829424 0.0568469 0.0636669 0.0671444 0.0371150 0.0435945 0.0604077 0.0106162 0.0675287 0.0566862 0.0703900 0.0461140 0.0603293 0.0466373 0.0611410 0.0607958 0.0465937 0.0530662 0.0401592 0.0469731 0.0502761 0.0474870 0.0659772 0.0431991 0.0906649 0.0752874 0.0718469 0.0434761 0.0545448 0.0602109 0.0505027 0.0505915 0.0501409 0.0401285 0.0493362 0.0401401 0.0564126 0.0460939 0.0566920 0.0582297 0.0433106 0.0079630 0.0497322 0.0219807 0.0506428 0.0538307 0.0219082 0.0475301 0.0532017 0.0372419 0.0687374 0.0471850 0.0601490 0.0583097 0.0339840 0.0561422 0.0698179 0.0570985 0.0440927 0.0342472 0.0796480 0.0192284 0.0534367 0.0549888 0.0224933 
S0427         0.1022892 0.0167040 0.0537577 0.0719621 0.0601464 0.0396961 0.0617798 0.0744832 0.0461918 0.0393234 0.0523287 0.0505213 0.0575473 0.0635438 0.0573379 0.0432586 0.0840900 0.0602332 0.0324727 0.0339843 0.0337693 0.0524017 0.0499220 0.0599375 0.0000000 0.0561296 0.0772472 0.0773757 0.0486860 0.0573255 0.1462459 0.0397554 0.0340112 0.0540998 0.0336975 0.0603143 0.0223372 0.0337400 0.0670746 0.0650921 0.0499627 0.0509117 0.0593207 0.0339494 0.0583702 0.0561933 0.0369771 0.0599375 0.0703715 0.0774375 0.0495108 0.0563836 0.0607190 0.0554923 0.0539087 0.0463820 0.0398930 0.0768281 0.0643309 0.0738415 0.0745400 0.0529690 0.0895963 0.0714411 0.0556832 0.0521750 0.0569005 0.0640621 0.0633848 0.0661504 0.0627247 0.0810281 0.0728823 0.0550755 0.0524921 0.0429832 0.0634258 0.0627113 0.0366906 0.0523250 0.0524708 0.0601819 0.0669232 0.0610515 0.0509815 0.0589273 0.0988439 0.0602408 0.0593801 0.0337114 0.0502324 0.0664553 0.0534664 0.0337224 0.0398823 0.0364480 0.0522308 0.0401343 0.0691541 0.0456921 0.0622368 0.0616822 0.0427241 0.0631978 0.0562420 0.0531549 0.0573699 0.0434420 0.0529690 0.0434132 0.0593154 0.0397147 0.0678097 0.0370098 0.0776475 0.0473376 0.0275298 0.0629006 0.0691707 0.0707020 0.0611650 0.0563681 0.1099868 0.0432600 0.0595804 0.0251515 0.0406051 
S0430         0.1164822 0.0384334 0.0814322 0.0968023 0.0719949 0.0532898 0.0028234 0.0950373 0.0638250 0.0538568 0.0734971 0.0689383 0.0571401 0.0793655 0.0000027 0.0607246 0.0976873 0.0026271 0.0610699 0.0440994 0.0470037 0.0616192 0.0680651 0.0683667 0.0561296 0.0000000 0.1012957 0.0821842 0.0693226 0.0716282 0.1672850 0.0565701 0.0505066 0.0729294 0.0591178 0.0830278 0.0376549 0.0469626 0.0675868 0.0053894 0.0613214 0.0683650 0.0078720 0.0503213 0.0624483 0.0676820 0.0472502 0.0717360 0.0863662 0.0778314 0.0745562 0.0601085 0.0727150 0.0738012 0.0690996 0.0696704 0.0191760 0.0901875 0.0587950 0.0785635 0.0741929 0.0666655 0.1034705 0.0802999 0.0529165 0.0559368 0.0672276 0.0747361 0.0756624 0.0744218 0.0748339 0.0890084 0.0810655 0.0664959 0.0497250 0.0675570 0.0790264 0.0748167 0.0500911 0.0527820 0.0603832 0.0793479 0.0794603 0.0762659 0.0000020 0.0737992 0.1278425 0.0609916 0.0025954 0.0435979 0.0570699 0.0860082 0.0720136 0.0469369 0.0537265 0.0595025 0.0635391 0.0536432 0.0887373 0.0565458 0.0811877 0.0814495 0.0526476 0.0751781 0.0710930 0.0669051 0.0839407 0.0541594 0.0666655 0.0609496 0.0781191 0.0565138 0.0720823 0.0569539 0.0931424 0.0686670 0.0433806 0.0782206 0.0887559 0.0908529 0.0759024 0.0681544 0.1132576 0.0539512 0.0784955 0.0579440 0.0542522 
S0478         0.1373546 0.0477853 0.0387895 0.0617711 0.0634279 0.0730504 0.1043306 0.0540241 0.0706490 0.0630205 0.0764090 0.0537312 0.1025439 0.0602100 0.1036967 0.0370885 0.0884676 0.1067811 0.0879711 0.0669227 0.0664586 0.0611019 0.0435734 0.0596548 0.0772472 0.1012957 0.0000000 0.0841781 0.0726797 0.0827764 0.1258161 0.0731697 0.0702814 0.0435937 0.0249071 0.0673581 0.0572713 0.0664018 0.0737501 0.1096148 0.0795977 0.0787395 0.1049891 0.0592633 0.0799363 0.0559328 0.0702705 0.0596548 0.0635525 0.0770550 0.0494400 0.0857209 0.0678184 0.0366558 0.0749875 0.0396795 0.0734536 0.0717578 0.0751731 0.0688273 0.0729494 0.0591319 0.1147637 0.0737586 0.0775737 0.0847692 0.0574876 0.0647407 0.0896453 0.0658358 0.0830262 0.0569439 0.0890204 0.0765509 0.0740968 0.0745006 0.0936819 0.0902538 0.0696809 0.0804602 0.0594400 0.0470170 0.0670835 0.0612014 0.0958020 0.0525943 0.0783510 0.0881189 0.1050988 0.0663421 0.0638568 0.0704562 0.0708292 0.0743626 0.0805637 0.0529494 0.0725454 0.0739171 0.0564692 0.0690113 0.0804137 0.0506585 0.0696841 0.0628977 0.0497794 0.0593397 0.0643856 0.0778400 0.0591319 0.0643541 0.0732621 0.0697962 0.0758032 0.0670474 0.0562153 0.0793631 0.0526408 0.0739839 0.0766818 0.0574376 0.0756222 0.0628932 0.1197745 0.0393872 0.0736048 0.0870572 0.0502252 
S0552sl       0.1264544 0.0394372 0.0633728 0.0910513 0.0673611 0.0625113 0.0872036 0.0780994 0.0754311 0.0590256 0.0797196 0.0553984 0.0905890 0.0689701 0.0841521 0.0596227 0.1051670 0.0783001 0.0928821 0.0562070 0.0558088 0.0733028 0.0671910 0.0671122 0.0773757 0.0821842 0.0841781 0.0000000 0.0759811 0.0951930 0.1340721 0.0624149 0.0596137 0.0548260 0.0562105 0.0690907 0.0527869 0.0557581 0.0748682 0.0751940 0.0815802 0.0732812 0.0823657 0.0558146 0.0315411 0.0630220 0.0596060 0.0671122 0.0584821 0.0860681 0.0665834 0.0864066 0.0624220 0.0658963 0.0802933 0.0541520 0.0700780 0.0250707 0.0443617 0.0164162 0.0193899 0.0664831 0.1165371 0.0761383 0.0814560 0.0835071 0.0636136 0.0713720 0.0807691 0.0737602 0.0927355 0.0860897 0.0579512 0.0710453 0.0777855 0.0734567 0.0893228 0.0927109 0.0590928 0.0804687 0.0659047 0.0677971 0.0688023 0.0549721 0.0806943 0.0736686 0.1126447 0.0892601 0.0859283 0.0557064 0.0669747 0.0825784 0.0671133 0.0636635 0.0700545 0.0692422 0.0655822 0.0630700 0.0804533 0.0654346 0.0858963 0.0625306 0.0692566 0.0706213 0.0658965 0.0667330 0.0614272 0.0628182 0.0664831 0.0592800 0.0783143 0.0660841 0.0697538 0.0704734 0.0940286 0.0836019 0.0519398 0.0819393 0.0894582 0.0728218 0.0635824 0.0587414 0.1047174 0.0451856 0.0787087 0.0838142 0.0461717 
S0558         0.0893678 0.0222351 0.0393423 0.0867553 0.0496852 0.0422713 0.0722681 0.0770461 0.0495735 0.0354692 0.0518092 0.0564290 0.0665759 0.0695313 0.0708432 0.0458552 0.0728716 0.0703362 0.0491824 0.0426154 0.0363637 0.0356589 0.0525196 0.0495165 0.0486860 0.0693226 0.0726797 0.0759811 0.0000000 0.0629677 0.1443303 0.0362477 0.0456539 0.0567305 0.0291808 0.0597004 0.0278983 0.0363326 0.0627938 0.0752621 0.0599355 0.0532951 0.0726247 0.0394431 0.0641113 0.0460051 0.0456503 0.0495165 0.0692719 0.0628032 0.0522517 0.0619394 0.0600967 0.0517600 0.0565297 0.0524857 0.0453371 0.0754530 0.0633226 0.0725122 0.0731860 0.0490908 0.0846800 0.0739917 0.0611719 0.0518619 0.0464066 0.0531539 0.0657441 0.0490760 0.0661759 0.0732653 0.0579114 0.0650085 0.0579768 0.0367255 0.0735350 0.0661615 0.0452946 0.0363095 0.0550319 0.0627714 0.0596553 0.0535574 0.0676897 0.0487147 0.1032758 0.0560204 0.0726977 0.0361948 0.0525667 0.0559596 0.0463653 0.0491475 0.0487225 0.0361014 0.0514532 0.0305826 0.0579833 0.0482464 0.0554036 0.0643276 0.0391528 0.0526475 0.0522828 0.0492601 0.0600958 0.0522846 0.0490908 0.0497271 0.0618712 0.0393318 0.0701865 0.0335408 0.0733362 0.0435411 0.0301068 0.0622557 0.0716904 0.0633907 0.0602072 0.0431761 0.0962821 0.0426751 0.0621466 0.0534697 0.0370069 
S0616         0.1151742 0.0354429 0.0997741 0.0944363 0.0723038 0.0568998 0.0746764 0.0769122 0.0687472 0.0577310 0.0744455 0.0692364 0.0686733 0.0833503 0.0732528 0.0609825 0.1017260 0.0762697 0.0581454 0.0508628 0.0505186 0.0695919 0.0683557 0.0720428 0.0573255 0.0716282 0.0827764 0.0951930 0.0629677 0.0000000 0.1705130 0.0635870 0.0474772 0.0732462 0.0705808 0.0833843 0.0446614 0.0504743 0.0872468 0.0774735 0.0659446 0.0802403 0.0784732 0.0539004 0.0817749 0.0679696 0.0540952 0.0640158 0.0907848 0.0863067 0.0713667 0.0574311 0.0804408 0.0638000 0.0695279 0.0922892 0.0467502 0.0865435 0.0731375 0.0914066 0.0961909 0.0645505 0.0968117 0.0965243 0.0599080 0.0537098 0.0544840 0.0616842 0.0690072 0.0747368 0.0764177 0.0836146 0.0771302 0.0818492 0.0566279 0.0645258 0.0882914 0.0763986 0.0470879 0.0603398 0.0709010 0.0759179 0.0870209 0.0765957 0.0664564 0.0667904 0.1256296 0.0377720 0.0751270 0.0470395 0.0510566 0.0863743 0.0689256 0.0579008 0.0571867 0.0565547 0.0672396 0.0606237 0.0819709 0.0637003 0.0807906 0.0818077 0.0601771 0.0754991 0.0713947 0.0647861 0.0843036 0.0579754 0.0645505 0.0583466 0.0784498 0.0594533 0.0794539 0.0539797 0.1022812 0.0655713 0.0435613 0.0824464 0.0817096 0.0875047 0.0810517 0.0753639 0.1062334 0.0541801 0.0788293 0.0584630 0.0582841 
S0624         0.1859281 0.0991150 0.1323013 0.1083353 0.1282330 0.1343178 0.1853633 0.0885115 0.1225284 0.1208729 0.1553543 0.0787617 0.1610051 0.0824321 0.1720986 0.0915943 0.1416987 0.1701970 0.1579616 0.1302293 0.1288892 0.1686321 0.0907505 0.1265814 0.1462459 0.1672850 0.1258161 0.1340721 0.1443303 0.1705130 0.0000000 0.1327400 0.1218249 0.0646742 0.1582582 0.1265263 0.1014902 0.1234872 0.1325673 0.1831274 0.1411000 0.1217555 0.1672176 0.1293022 0.1351526 0.1199775 0.1302293 0.1265814 0.1391090 0.1498505 0.1051496 0.1292235 0.1223547 0.1048395 0.1237935 0.1312106 0.1273028 0.1195160 0.1352919 0.1150650 0.1272253 0.1317052 0.1789128 0.1497964 0.1348099 0.1458310 0.1363869 0.1425823 0.1528608 0.1357694 0.1469497 0.1341568 0.1573561 0.1447743 0.1348099 0.1267427 0.1516112 0.1468858 0.1231014 0.1575483 0.1390847 0.0911595 0.1312461 0.1233321 0.1670120 0.1215251 0.1241224 0.1475053 0.1732268 0.1285761 0.1240193 0.1457123 0.1118571 0.1428769 0.1383470 0.1166276 0.1326505 0.1272496 0.1322137 0.1218727 0.1289126 0.0600532 0.1394464 0.1184628 0.0889260 0.1323726 0.1279873 0.1401015 0.1317052 0.1199849 0.1337017 0.1459217 0.0906309 0.1235555 0.1224274 0.1303913 0.1113252 0.1391674 0.1322755 0.1261134 0.1328220 0.1254188 0.1842820 0.1038240 0.1346630 0.1565618 0.1071079 
