130
S0055       0.0000000 0.1145730 0.2068749 0.1381447 0.0715449 0.1604003 0.2154980 0.1515349 0.0738876 0.1172989 0.2289572 0.1997135 0.1824180 0.1720345 0.1680583 0.1291658 0.1251215 0.1872185 0.1045794 0.0649725 0.0767240 0.2110627 0.0660454 0.1785609 0.1259464 0.1173260 0.1737736 0.1896309 0.1505521 0.1077909 0.1778071 0.2001687 0.0712948 0.0684949 0.2124400 0.1651812 0.1834705 0.0902555 0.0691114 0.1264581 0.2150231 0.2857195 0.0793326 0.2196788 0.1278119 0.0716177 0.1652976 0.1306959 0.0758270 0.1277223 0.1295802 0.1698128 0.1312593 0.1869955 0.1653353 0.1683416 0.1680999 0.1121697 0.1680143 0.1572875 0.1472291 0.1525676 0.1488547 0.0916172 0.1217478 0.2423918 0.1167722 0.1744240 0.1640893 0.1434252 0.1552999 0.2831266 0.1146396 0.2799588 0.1558710 0.1360874 0.1732839 0.0726545 0.1577652 0.2868674 0.0726111 0.0790389 0.1302753 0.1715727 0.1675248 0.1712530 0.1977995 0.1672752 0.2050856 0.1469744 0.1747839 0.1609039 0.0766413 0.1706634 0.1294038 0.1194636 0.0677740 0.0601251 0.0247698 0.1522038 0.0565548 0.1676151 0.1524104 0.1477727 0.1945503 0.0671416 0.1319719 0.2073446 0.1239798 0.1731697 0.0710396 0.1306286 0.1480964 0.1128607 0.0702114 0.1942152 0.0509578 0.1791998 0.0704780 0.0851518 0.1237802 0.1248221 0.1648518 0.1313074 0.1173012 0.2919808 0.1328371 0.1181342 0.1094418 0.1120844 
S0196sl     0.1145730 0.0000000 0.1607820 0.1105807 0.1121506 0.1227461 0.1730241 0.1106163 0.1164392 0.1775285 0.2253807 0.1475074 0.1377379 0.1360770 0.1314008 0.1128841 0.1067824 0.1242187 0.1779909 0.1031096 0.1168193 0.1728251 0.1126941 0.1138746 0.0165760 0.1840973 0.1075658 0.1152417 0.1408925 0.1349205 0.1140411 0.1558015 0.1168874 0.1130613 0.1727245 0.1035202 0.1277547 0.1025129 0.1052572 0.0625051 0.1389609 0.3114524 0.1311167 0.1557527 0.0849078 0.1066974 0.1473771 0.0186739 0.1149490 0.0165055 0.0133094 0.1646205 0.0726754 0.1124533 0.1072367 0.1047720 0.1174187 0.0693627 0.0986604 0.1483346 0.1468321 0.1400822 0.1435658 0.1671094 0.0551102 0.2414702 0.0901177 0.1212785 0.1130118 0.1417130 0.1621490 0.2761360 0.0136241 0.2940353 0.1558994 0.1092205 0.1195505 0.1334968 0.1424977 0.2924733 0.1128141 0.1334177 0.0885647 0.1069725 0.1052695 0.1079305 0.1540090 0.1029555 0.1762236 0.0893092 0.1137473 0.1076222 0.1240146 0.1132220 0.1155469 0.0791342 0.1074663 0.0929500 0.1126959 0.1328682 0.1163343 0.1243098 0.1101227 0.1031875 0.1341275 0.1222751 0.0152982 0.1615780 0.0538705 0.1146474 0.1102728 0.0653273 0.1304589 0.0793641 0.1072370 0.1407715 0.1126825 0.1158254 0.1107622 0.0906407 0.0910940 0.1125813 0.1056466 0.1191738 0.0880059 0.3246529 0.0487919 0.0804059 0.1746063 0.0641380 
S0278       0.2068749 0.1607820 0.0000000 0.1948886 0.1843486 0.2239465 0.0865161 0.1823344 0.1965497 0.2474021 0.0959597 0.2881562 0.0723216 0.2352568 0.1104820 0.1819719 0.1726150 0.2437562 0.2468059 0.1743450 0.1862498 0.1304049 0.2031070 0.0733857 0.1521710 0.2529054 0.2125829 0.1063005 0.1994193 0.2422975 0.2095260 0.0597194 0.1790970 0.1886411 0.0767078 0.0983187 0.1259823 0.1742484 0.1807788 0.1753095 0.2670583 0.3216606 0.1971376 0.2649376 0.1754338 0.1888859 0.2090209 0.1508194 0.1818398 0.1497629 0.1495777 0.2152803 0.1810298 0.0976244 0.1979244 0.1180449 0.0887082 0.1476546 0.2145676 0.2046676 0.2041022 0.2037941 0.2049758 0.2336809 0.1822058 0.2603883 0.1685033 0.2095845 0.1973044 0.1937922 0.2238894 0.2862148 0.1379498 0.3044464 0.2114897 0.1808788 0.2094200 0.2026753 0.2036895 0.3419020 0.1908023 0.2181606 0.1778758 0.0665129 0.1090809 0.1127795 0.2486890 0.0946118 0.0834886 0.2013505 0.2240961 0.2020904 0.1953163 0.2047247 0.1813132 0.1369221 0.1877421 0.1675294 0.1963025 0.2031547 0.1762956 0.1199664 0.1874695 0.1879321 0.0717239 0.2048750 0.1509098 0.1007069 0.1838756 0.1208879 0.1842270 0.1773398 0.1993191 0.1628008 0.1928079 0.0669976 0.1830126 0.1081188 0.1947222 0.1838492 0.1659074 0.1794390 0.1221735 0.1726295 0.1577890 0.3868908 0.1584954 0.1610337 0.2456784 0.1462449 
S0281       0.1381447 0.1105807 0.1948886 0.0000000 0.1346672 0.1728723 0.2246618 0.1808531 0.1474971 0.1947063 0.2252637 0.2333635 0.1696911 0.1965635 0.1951044 0.1576734 0.1391412 0.2140262 0.1803399 0.1318214 0.1410585 0.2509794 0.1500634 0.1984739 0.1075736 0.1859395 0.1882631 0.1912827 0.1645931 0.1696641 0.1868051 0.1914595 0.1352507 0.1377402 0.2069822 0.1770822 0.1695707 0.1383957 0.1305118 0.0986626 0.2431326 0.3228592 0.1573590 0.2473236 0.1620551 0.1389582 0.1605866 0.1104307 0.1356656 0.1105491 0.1094388 0.1814292 0.1078804 0.1941108 0.1698563 0.1546808 0.1744294 0.1363729 0.1702393 0.1538222 0.1623478 0.1507515 0.1534691 0.1584047 0.1062808 0.2652078 0.1522872 0.1702417 0.1545380 0.1652127 0.1824871 0.3107215 0.1055299 0.3038601 0.1645381 0.1620531 0.1702742 0.1513897 0.1865039 0.3222400 0.1400758 0.1607445 0.1411351 0.1825859 0.1613545 0.1652378 0.2039651 0.1741105 0.1979419 0.1680578 0.1938520 0.1728962 0.1473695 0.1752724 0.1555364 0.1433081 0.1335594 0.1245157 0.1294566 0.1823041 0.1353398 0.1657212 0.1769173 0.1774754 0.1815583 0.1440662 0.1100110 0.1922127 0.1085681 0.1658698 0.1342155 0.1119775 0.1938562 0.1294018 0.1416962 0.1892575 0.1424282 0.1865809 0.1431401 0.1450452 0.1438752 0.1591561 0.1660057 0.1528984 0.1443846 0.3024196 0.1244649 0.1347504 0.1773616 0.1409208 
S0282       0.0715449 0.1121506 0.1843486 0.1346672 0.0000000 0.1614564 0.2057421 0.1422517 0.0236254 0.1371012 0.2222271 0.2158300 0.1653790 0.1842752 0.1663213 0.1242260 0.1172520 0.1996948 0.1224185 0.0114747 0.0249893 0.1863770 0.0916571 0.1658619 0.1162828 0.1341532 0.1757179 0.1736625 0.1340401 0.1148284 0.1784372 0.1978741 0.0337964 0.0207542 0.1939706 0.1515861 0.1706030 0.0856435 0.0164193 0.1180509 0.2165031 0.2932013 0.0937537 0.2242109 0.1124934 0.0242786 0.1448670 0.1177707 0.0192054 0.1159497 0.1167013 0.1614091 0.1218444 0.1727981 0.1670013 0.1650494 0.1544196 0.1036107 0.1720401 0.1386577 0.1334020 0.1354936 0.1364374 0.1057768 0.1201372 0.2471125 0.1071356 0.1758522 0.1704244 0.1332831 0.1497608 0.2845385 0.1028350 0.2816533 0.1457995 0.1305571 0.1736193 0.0749028 0.1492876 0.2929560 0.0207291 0.0771875 0.1189568 0.1587639 0.1558238 0.1658531 0.2078149 0.1592641 0.1926186 0.1559083 0.1794618 0.1646471 0.0264338 0.1723452 0.1235405 0.1132779 0.0178873 0.0159816 0.0632744 0.1407751 0.0664050 0.1646221 0.1367590 0.1409845 0.1804299 0.0663416 0.1186578 0.1946128 0.1223626 0.1665066 0.0157371 0.1275596 0.1450134 0.1034520 0.0256381 0.1792699 0.0576355 0.1673144 0.0589184 0.0831985 0.1102579 0.1218027 0.1590235 0.1134896 0.1161733 0.3204872 0.1248206 0.1098054 0.1284023 0.1022412 
S0288       0.1604003 0.1227461 0.2239465 0.1728723 0.1614564 0.0000000 0.2365212 0.1619232 0.1637507 0.2183447 0.3571296 0.1286930 0.1818172 0.0639873 0.2020840 0.1584286 0.1612745 0.0511425 0.2032697 0.1520846 0.1638602 0.2003834 0.1342053 0.1857268 0.1148338 0.2141745 0.0275819 0.1825045 0.1607560 0.1687936 0.1241135 0.2116265 0.1665381 0.1618682 0.2098920 0.1758446 0.2121807 0.1501576 0.1511923 0.1524382 0.0428677 0.3862746 0.1498658 0.0493913 0.1448942 0.1590394 0.1712579 0.1228293 0.1579354 0.1178901 0.1159275 0.2003795 0.1635241 0.1794923 0.1225138 0.1928477 0.1849194 0.1316793 0.0725918 0.1754576 0.1700030 0.1570454 0.1688422 0.2632196 0.1479579 0.3054326 0.1491156 0.1222023 0.0990668 0.1726593 0.2062640 0.3351740 0.1175319 0.3522001 0.1867220 0.1470499 0.1182779 0.1775673 0.1958321 0.3567936 0.1512359 0.1624351 0.1376519 0.1662755 0.1929387 0.1995673 0.0528136 0.1713460 0.2322240 0.1247555 0.0259831 0.0231793 0.1661413 0.1228380 0.1536727 0.1733913 0.1442911 0.1380000 0.1474164 0.1714736 0.1504188 0.2041106 0.1636942 0.1583873 0.1889715 0.1620041 0.1207822 0.2017192 0.1511367 0.1901070 0.1595226 0.1506491 0.1733738 0.1229853 0.1490519 0.1950695 0.1525795 0.1875679 0.1419243 0.1315902 0.1477546 0.1672413 0.1970814 0.1655930 0.1509267 0.4087099 0.1393429 0.1241503 0.2016807 0.1318944 
S0289       0.2154980 0.1730241 0.0865161 0.2246618 0.2057421 0.2365212 0.0000000 0.2079159 0.2220753 0.2696214 0.1340968 0.2646974 0.0915640 0.2201278 0.1206219 0.2134131 0.2230640 0.2520394 0.2569368 0.1994488 0.2121406 0.1153817 0.2142464 0.0882634 0.1762412 0.2734518 0.2222142 0.1284837 0.2049146 0.2455218 0.2198632 0.0935482 0.2060190 0.2141472 0.1123511 0.1056631 0.1469938 0.1979938 0.2065206 0.1881142 0.2794180 0.3617386 0.2084346 0.2801149 0.1883735 0.2140832 0.2098229 0.1734486 0.2133079 0.1723823 0.1721777 0.2358826 0.1932400 0.1113952 0.2112407 0.1332497 0.1024345 0.1751302 0.2282739 0.2127295 0.2167125 0.2068939 0.2100892 0.2544843 0.1886679 0.2891666 0.1856123 0.2258478 0.2101325 0.2110851 0.2352338 0.3138564 0.1633797 0.3371251 0.2252346 0.2200344 0.2256441 0.2289182 0.2261197 0.3657589 0.2159976 0.2352878 0.1973621 0.0836119 0.1336690 0.1309924 0.2519577 0.1030537 0.1108104 0.2086421 0.2296350 0.2060400 0.2144789 0.2204372 0.2127789 0.1621943 0.2129284 0.1942374 0.2081187 0.2136973 0.1978969 0.1454377 0.2092300 0.2044101 0.0855972 0.2261484 0.1728897 0.1279257 0.1903096 0.1425737 0.2104118 0.1969707 0.2143223 0.1902112 0.2124136 0.0943316 0.1959879 0.1107295 0.2160413 0.2034439 0.1951535 0.2068389 0.1443729 0.2018621 0.1836806 0.4023711 0.1733335 0.1897366 0.2650528 0.1637120 
S0292       0.1515349 0.1106163 0.1823344 0.1808531 0.1422517 0.1619232 0.2079159 0.0000000 0.1515269 0.2204809 0.2319189 0.2339989 0.1716585 0.1825256 0.1782836 0.1022034 0.1146142 0.2059467 0.2154321 0.1310136 0.1468084 0.2674164 0.1508264 0.1627676 0.1128885 0.2310670 0.1838463 0.1602581 0.1381116 0.1873890 0.2034699 0.1768132 0.1401303 0.1424703 0.2018365 0.1631219 0.1683723 0.1337069 0.1386610 0.1264972 0.2302860 0.3167823 0.1584360 0.2384692 0.1343596 0.1432089 0.1425938 0.1136849 0.1444527 0.1126431 0.1126311 0.1676267 0.1349231 0.1655726 0.1789078 0.1558370 0.1656968 0.1163105 0.1784009 0.1419717 0.1507599 0.1343249 0.1413753 0.2174251 0.1329780 0.2538842 0.1416119 0.1760663 0.1880156 0.1319110 0.1458325 0.2989050 0.1026973 0.2917394 0.1594169 0.1145985 0.1749233 0.1660843 0.0807919 0.3148199 0.1433586 0.1755743 0.1090136 0.1631181 0.1529299 0.1575237 0.2008101 0.1590417 0.1932039 0.1780476 0.1821510 0.1625334 0.1509997 0.1876595 0.1106712 0.0281186 0.1405605 0.1328698 0.1498449 0.0798385 0.1511429 0.1663436 0.0382543 0.0226861 0.1784269 0.1645342 0.1110289 0.2047172 0.1353005 0.1634334 0.1390905 0.1424138 0.0748936 0.0993429 0.1515102 0.1840342 0.1506589 0.1711621 0.1459060 0.1406395 0.0990388 0.1012318 0.1558910 0.1200994 0.1202103 0.3903322 0.1230472 0.1044492 0.2165876 0.1060303 
S0293       0.0738876 0.1164392 0.1965497 0.1474971 0.0236254 0.1637507 0.2220753 0.1515269 0.0000000 0.1414781 0.2374206 0.2155971 0.1783966 0.1843087 0.1734337 0.1294396 0.1247603 0.2030041 0.1168155 0.0171719 0.0318754 0.1982527 0.0941288 0.1790487 0.1226568 0.1356919 0.1827803 0.1826035 0.1447320 0.1220698 0.1848095 0.2066580 0.0393070 0.0275036 0.2101600 0.1616406 0.1843972 0.0931050 0.0237380 0.1252268 0.2269673 0.3005213 0.0935617 0.2337144 0.1166717 0.0310459 0.1536547 0.1241656 0.0265628 0.1212138 0.1219728 0.1639322 0.1291212 0.1867295 0.1709804 0.1723173 0.1657195 0.1104032 0.1753103 0.1471860 0.1417931 0.1439252 0.1449446 0.1044419 0.1232631 0.2571004 0.1112375 0.1816644 0.1805876 0.1382785 0.1575779 0.2926125 0.1079312 0.2877406 0.1521307 0.1349896 0.1793774 0.0817652 0.1589471 0.2960748 0.0267022 0.0860030 0.1282164 0.1740140 0.1679426 0.1735835 0.2061862 0.1693624 0.2048036 0.1583457 0.1866675 0.1671439 0.0340859 0.1764362 0.1278491 0.1174958 0.0238166 0.0226739 0.0654474 0.1506617 0.0757113 0.1697652 0.1463520 0.1488021 0.1959903 0.0747720 0.1229827 0.2080916 0.1255297 0.1810353 0.0200798 0.1330675 0.1521184 0.1073244 0.0309408 0.1945358 0.0614898 0.1766777 0.0660687 0.0857103 0.1191626 0.1269482 0.1686394 0.1171471 0.1220776 0.3179054 0.1322110 0.1156056 0.1310139 0.1090455 
S0294       0.1172989 0.1775285 0.2474021 0.1947063 0.1371012 0.2183447 0.2696214 0.2204809 0.1414781 0.0000000 0.2525975 0.2930766 0.2348293 0.2302166 0.2048440 0.1956958 0.1885057 0.2515259 0.1271349 0.1298168 0.1415297 0.2198373 0.1293176 0.2305026 0.1930703 0.1489577 0.2414396 0.2509747 0.1945746 0.1560971 0.2378833 0.2493248 0.1293656 0.1367436 0.2543690 0.2178615 0.2263413 0.1439137 0.1339596 0.1795627 0.2843018 0.3182906 0.1383689 0.2903555 0.1777377 0.1356479 0.2126733 0.1935876 0.1388960 0.1936044 0.1922229 0.2129022 0.1871564 0.2413660 0.2346854 0.2132785 0.2065641 0.1756644 0.2406097 0.2078880 0.1917851 0.2017892 0.1955554 0.1014824 0.1865176 0.2797302 0.1637674 0.2425518 0.2241692 0.2049066 0.2093913 0.3090341 0.1734308 0.3124780 0.2134743 0.1971829 0.2437800 0.1298232 0.2147375 0.3113855 0.1365250 0.1292587 0.1941464 0.2230197 0.2163106 0.2253097 0.2552238 0.2036570 0.2618683 0.2162261 0.2445770 0.2219859 0.1429945 0.2383261 0.1836911 0.1855396 0.1327537 0.1193095 0.1099461 0.2038574 0.1115775 0.1978640 0.2142091 0.2216185 0.2301153 0.1243906 0.1969101 0.2396584 0.1868720 0.2185934 0.1368207 0.1977327 0.2128406 0.1725659 0.1334062 0.2364831 0.1094549 0.2251181 0.1234548 0.1342878 0.1767294 0.1855325 0.2239839 0.1793966 0.1893780 0.3000021 0.1964337 0.1807204 0.1385050 0.1803403 
S0299       0.2289572 0.2253807 0.0959597 0.2252637 0.2222271 0.3571296 0.1340968 0.2319189 0.2374206 0.2525975 0.0000000 0.4101290 0.1136279 0.3654572 0.1428835 0.2211551 0.1963098 0.3133860 0.2588853 0.2171160 0.2256242 0.1181299 0.2203857 0.1192689 0.1928201 0.2572157 0.2788173 0.1579718 0.2174162 0.2585633 0.2591388 0.1175196 0.2216524 0.2289839 0.1164069 0.1370484 0.1526083 0.2117052 0.2196105 0.2026933 0.3547565 0.3002839 0.2340501 0.3305994 0.2098822 0.2284943 0.2293885 0.1878254 0.2209959 0.1910747 0.1874960 0.2389703 0.2140087 0.1442815 0.2551298 0.1366870 0.1246211 0.1872061 0.2694878 0.2231559 0.2159231 0.2248158 0.2272884 0.2103177 0.2149211 0.2880787 0.2000717 0.2584902 0.2554505 0.2255504 0.2382164 0.2920930 0.1675781 0.2869682 0.2284078 0.2279977 0.2601908 0.2363171 0.2262019 0.3281127 0.2369719 0.2578989 0.2090335 0.1064271 0.1395837 0.1400337 0.3228751 0.1345573 0.1053693 0.2406977 0.2901199 0.2628523 0.2345739 0.2530977 0.2318683 0.1763143 0.2318348 0.2128313 0.2147440 0.2465237 0.2078459 0.1370989 0.2281921 0.2265608 0.1073160 0.2401206 0.1942033 0.1124804 0.2152086 0.1448432 0.2239169 0.2145949 0.2273508 0.2083540 0.2289834 0.1005864 0.2130498 0.1436314 0.2339875 0.2305863 0.2108713 0.2134913 0.1602180 0.2044049 0.1938210 0.3868656 0.2064498 0.2074257 0.2621095 0.1870115 
S0303       0.1997135 0.1475074 0.2881562 0.2333635 0.2158300 0.1286930 0.2646974 0.2339989 0.2155971 0.2930766 0.4101290 0.0000000 0.2765351 0.0771091 0.2307184 0.2281361 0.1975475 0.1650782 0.2421009 0.2008782 0.2293013 0.2928089 0.2162307 0.2258519 0.1429807 0.2485563 0.0682842 0.2187758 0.2503241 0.2560000 0.2035355 0.2518466 0.2036541 0.2186549 0.2734718 0.2129540 0.2613021 0.2322704 0.2182705 0.1801650 0.1104301 0.4694065 0.2314025 0.1388360 0.2183481 0.2200752 0.2572868 0.1528939 0.2255171 0.1413998 0.1417819 0.2674748 0.2050550 0.2203072 0.1941312 0.2296983 0.2152526 0.1735708 0.1663933 0.2661222 0.2472935 0.2356300 0.2469455 0.3075990 0.1743769 0.4554761 0.2289461 0.1878040 0.1661183 0.2366332 0.2761928 0.4699250 0.1458265 0.4249971 0.2656492 0.2067841 0.1875729 0.2177520 0.2529874 0.3926046 0.2133446 0.2046790 0.1987201 0.2074131 0.2284093 0.2271707 0.2660438 0.2047696 0.2804096 0.1718106 0.0889267 0.1730367 0.2305813 0.1970849 0.1996439 0.2342410 0.2131645 0.1897027 0.1952440 0.2460664 0.2129649 0.2161892 0.2217370 0.2242466 0.2201749 0.1999604 0.1468953 0.2933548 0.1791745 0.2379557 0.2181676 0.1876857 0.2257337 0.1768058 0.2097135 0.2473624 0.1771699 0.2283534 0.1956898 0.2040448 0.1835142 0.2085076 0.2274738 0.2296325 0.1884608 0.5620479 0.1726724 0.1916970 0.2512221 0.1623230 
S0320       0.1824180 0.1377379 0.0723216 0.1696911 0.1653790 0.1818172 0.0915640 0.1716585 0.1783966 0.2348293 0.1136279 0.2765351 0.0000000 0.1956298 0.0923139 0.1690287 0.1643494 0.2152699 0.2170441 0.1566408 0.1700659 0.0771767 0.1830002 0.0728860 0.1317931 0.2341320 0.1916532 0.1091019 0.1830490 0.2036587 0.1971532 0.0862337 0.1657977 0.1737984 0.0903185 0.0884705 0.1231983 0.1551731 0.1639574 0.1508206 0.2491904 0.3080919 0.1732603 0.2485772 0.1589581 0.1712355 0.1908722 0.1293576 0.1628890 0.1292106 0.1280402 0.1975951 0.1546636 0.0954370 0.1782865 0.1097220 0.0941761 0.1379729 0.1934221 0.1871702 0.1946096 0.1811997 0.1875667 0.2123236 0.1552960 0.2511694 0.1523526 0.1887850 0.1849390 0.1820094 0.2094663 0.2727963 0.1168124 0.2842874 0.2038692 0.1683173 0.1887311 0.1838226 0.1994717 0.3253771 0.1704818 0.1944266 0.1563746 0.0676749 0.1079092 0.1077074 0.2144300 0.0872114 0.0909153 0.1780453 0.1947345 0.1719371 0.1757382 0.1826064 0.1596345 0.1296365 0.1674018 0.1499350 0.1730187 0.1779412 0.1565827 0.1127080 0.1756134 0.1724050 0.0511199 0.1814831 0.1304640 0.1069321 0.1568507 0.1185745 0.1638357 0.1622082 0.1800674 0.1416044 0.1726843 0.0827182 0.1581008 0.0896136 0.1729834 0.1630272 0.1473685 0.1620080 0.1181138 0.1619041 0.1403528 0.3433877 0.1339521 0.1413747 0.2281385 0.1299292 
S0322       0.1720345 0.1360770 0.2352568 0.1965635 0.1842752 0.0639873 0.2201278 0.1825256 0.1843087 0.2302166 0.3654572 0.0771091 0.1956298 0.0000000 0.2137046 0.1774072 0.1933712 0.0592989 0.2360581 0.1732522 0.1861204 0.0000010 0.1969760 0.1992692 0.1462770 0.2568436 0.0449003 0.2123879 0.1724480 0.2045632 0.1545690 0.2207836 0.1767297 0.1835697 0.2338943 0.1834539 0.2231304 0.1834961 0.1778408 0.1495055 0.0462687 0.3916524 0.1940388 0.0687679 0.1526039 0.1822536 0.1931701 0.1508585 0.1821003 0.1425042 0.1479511 0.1829982 0.1476378 0.1984390 0.1453630 0.1964791 0.1834987 0.1459488 0.0851970 0.1902887 0.1964479 0.1743479 0.1806319 0.2167748 0.1572289 0.2636677 0.1621156 0.1633927 0.1397594 0.1652201 0.1967249 0.3099727 0.1294532 0.3431438 0.2086601 0.1611633 0.1601774 0.2081329 0.1942312 0.3324367 0.1801288 0.2100693 0.1587231 0.1824837 0.1921993 0.2001430 0.0605732 0.1863435 0.2298470 0.1358207 0.0350239 0.0333164 0.1855175 0.1504958 0.1827580 0.1457796 0.1759947 0.1509316 0.1578951 0.1791587 0.1866105 0.2397148 0.1791050 0.1867727 0.2017853 0.2120732 0.1534726 0.2283206 0.1604730 0.1963494 0.1852209 0.1597149 0.1839822 0.1424613 0.1847665 0.2190319 0.1763182 0.2180016 0.1782763 0.1940228 0.1414988 0.1736516 0.1900381 0.1621226 0.1504227 0.3740989 0.1519592 0.1387885 0.2156144 0.1429737 
S0327       0.1680583 0.1314008 0.1104820 0.1951044 0.1663213 0.2020840 0.1206219 0.1782836 0.1734337 0.2048440 0.1428835 0.2307184 0.0923139 0.2137046 0.0000000 0.1769966 0.1878654 0.2189764 0.2113227 0.1552697 0.1699563 0.1218276 0.1707639 0.0778936 0.1305347 0.2253304 0.1932636 0.1066996 0.2056553 0.2106080 0.1946903 0.1052849 0.1623870 0.1721321 0.1193812 0.0728135 0.1156102 0.1623433 0.1646195 0.1629173 0.2459485 0.3005459 0.1687093 0.2431956 0.1509232 0.1677283 0.2125325 0.1300518 0.1681704 0.1283133 0.1280093 0.2313939 0.1653951 0.0775678 0.1779585 0.1085000 0.0740249 0.1344196 0.1961694 0.2097933 0.2185484 0.2067941 0.2125583 0.1861961 0.1486031 0.2327104 0.1472657 0.1971672 0.1887294 0.1944665 0.2131392 0.2659599 0.1171966 0.2838280 0.2216662 0.1735002 0.1971025 0.1849987 0.2065361 0.3014774 0.1690515 0.1938344 0.1739506 0.0729499 0.1076428 0.1133721 0.2380585 0.0733324 0.1248594 0.1735074 0.1987291 0.1855275 0.1727381 0.1818973 0.1786652 0.1353090 0.1662467 0.1476682 0.1615166 0.1953335 0.1520040 0.1107650 0.1814827 0.1768998 0.0934037 0.1764372 0.1321774 0.1182851 0.1500114 0.1179154 0.1665667 0.1644109 0.1924445 0.1529657 0.1674502 0.0968762 0.1531496 0.0854850 0.1727736 0.1610729 0.1606126 0.1748991 0.1168289 0.1822222 0.1366751 0.3761580 0.1393333 0.1537325 0.2227106 0.1297870 
S0335       0.1291658 0.1128841 0.1819719 0.1576734 0.1242260 0.1584286 0.2134131 0.1022034 0.1294396 0.1956958 0.2211551 0.2281361 0.1690287 0.1774072 0.1769966 0.0000000 0.0465132 0.1793548 0.1838093 0.1159131 0.1271810 0.2073365 0.1292429 0.1606426 0.1053716 0.2019139 0.1576356 0.1567288 0.1271355 0.1693739 0.1728427 0.1896176 0.1246512 0.1239189 0.2023695 0.1572646 0.1714517 0.1242719 0.1225413 0.1253447 0.2072407 0.3168707 0.1418553 0.2094891 0.1134590 0.1244004 0.1312524 0.1070545 0.1272126 0.1060213 0.1040213 0.1517198 0.1313411 0.1637610 0.1609369 0.1435967 0.1677912 0.0871874 0.1536613 0.1318531 0.1266206 0.1243595 0.1253481 0.1466025 0.1237773 0.2494487 0.1178711 0.1684862 0.1522183 0.1315745 0.1462778 0.3077268 0.0956545 0.3002721 0.1311405 0.0735777 0.1651591 0.1493534 0.1327378 0.3128057 0.1290409 0.1533076 0.0977439 0.1525613 0.1516539 0.1514818 0.1796110 0.1514597 0.1979407 0.1525417 0.1594776 0.1474843 0.1299614 0.1640507 0.0596471 0.0858512 0.1253459 0.1146808 0.1241934 0.1243111 0.1338196 0.1526818 0.1038249 0.1044221 0.1749606 0.1373515 0.1060346 0.2002162 0.1260566 0.1550584 0.1219391 0.1351043 0.1222863 0.0576641 0.1312215 0.1803019 0.1287782 0.1664742 0.1257306 0.1253558 0.0530138 0.0360282 0.1523054 0.0980976 0.0927838 0.3357864 0.1111969 0.0606302 0.1890016 0.0813954 
S0345       0.1251215 0.1067824 0.1726150 0.1391412 0.1172520 0.1612745 0.2230640 0.1146142 0.1247603 0.1885057 0.1963098 0.1975475 0.1643494 0.1933712 0.1878654 0.0465132 0.0000000 0.1943778 0.1718292 0.1070617 0.1219441 0.2111081 0.1308273 0.1590520 0.1082994 0.1877228 0.1659332 0.1608802 0.1353985 0.1630456 0.1769559 0.1880981 0.1239585 0.1194388 0.1972899 0.1646514 0.1670266 0.1208305 0.1191080 0.1251536 0.2166651 0.3201705 0.1375607 0.2219436 0.1264476 0.1200736 0.1391203 0.1059188 0.1235787 0.1067390 0.1068861 0.1405018 0.1287706 0.1650914 0.1584947 0.1474473 0.1730482 0.0951524 0.1634663 0.1371096 0.1292560 0.1372601 0.1349628 0.1479276 0.1213457 0.2306841 0.1179980 0.1646776 0.1546116 0.1366895 0.1475905 0.2903994 0.0942619 0.3023044 0.1323155 0.0631210 0.1619261 0.1409825 0.1342112 0.3073482 0.1218168 0.1516566 0.0991525 0.1554789 0.1577110 0.1554373 0.1760595 0.1561507 0.1997170 0.1532491 0.1649003 0.1512386 0.1284296 0.1602278 0.0390787 0.0911075 0.1221134 0.1048211 0.1253351 0.1261921 0.1256437 0.1509177 0.1183521 0.1200780 0.1803090 0.1285740 0.1033997 0.2049887 0.1229428 0.1601436 0.1179513 0.1329705 0.1328182 0.0581598 0.1196134 0.1965655 0.1165432 0.1695890 0.1222441 0.1226336 0.0317449 0.0524356 0.1576324 0.0987396 0.1020699 0.3389575 0.1163949 0.0630425 0.1799849 0.0898986 
S0355       0.1872185 0.1242187 0.2437562 0.2140262 0.1996948 0.0511425 0.2520394 0.2059467 0.2030041 0.2515259 0.3133860 0.1650782 0.2152699 0.0592989 0.2189764 0.1793548 0.1943778 0.0000000 0.2427847 0.1841865 0.1902824 0.3510478 0.1879136 0.2122343 0.1644813 0.2656191 0.0414083 0.2183408 0.2033691 0.2250259 0.1483425 0.2465187 0.1953046 0.1922566 0.2488979 0.2187048 0.2310027 0.1863575 0.1970313 0.1750573 0.0637564 0.4004381 0.1932814 0.0680927 0.1635600 0.2010653 0.2199174 0.1650399 0.1922905 0.1653036 0.1639542 0.2292671 0.1829842 0.2195959 0.1421051 0.2060512 0.2119060 0.1567813 0.0874035 0.2256041 0.2188492 0.2136003 0.2105547 0.2360640 0.1740200 0.3111132 0.1786202 0.1480864 0.1441444 0.1979793 0.2217585 0.3622771 0.1524433 0.3712900 0.2275867 0.1801265 0.1456774 0.2202956 0.2312645 0.3970985 0.1950493 0.2173787 0.1736501 0.2070704 0.2139662 0.2110637 0.0633991 0.2008733 0.2562655 0.1319073 0.0351066 0.0271639 0.1959722 0.1463241 0.1805293 0.1755838 0.1925238 0.1796936 0.1833390 0.2178225 0.1929391 0.2412854 0.2046542 0.2007760 0.2287320 0.2108356 0.1704325 0.2708585 0.1757241 0.2209688 0.1968127 0.1930923 0.2193053 0.1511363 0.1949883 0.2393239 0.1856988 0.2213022 0.1902847 0.1895294 0.1685436 0.1831051 0.2085382 0.1887174 0.1668742 0.4537631 0.1685492 0.1529779 0.2486934 0.1577030 
S0376       0.1045794 0.1779909 0.2468059 0.1803399 0.1224185 0.2032697 0.2569368 0.2154321 0.1168155 0.1271349 0.2588853 0.2421009 0.2170441 0.2360581 0.2113227 0.1838093 0.1718292 0.2427847 0.0000000 0.1135898 0.1283318 0.2196600 0.1198864 0.2246428 0.1859472 0.0315472 0.2317696 0.2354620 0.1943656 0.1446714 0.2422915 0.2461656 0.1182408 0.1186587 0.2520166 0.2139386 0.2311248 0.1320943 0.1191938 0.1706430 0.2633259 0.2967382 0.1299075 0.2791113 0.1627866 0.1186503 0.2010215 0.1895841 0.1234239 0.1867238 0.1865611 0.2074290 0.1791269 0.2341837 0.2292490 0.2256980 0.2203659 0.1735919 0.2382495 0.1944569 0.1852846 0.1915408 0.1879737 0.1321634 0.1810891 0.2633628 0.1655503 0.2451848 0.2152770 0.1809948 0.1924071 0.2846535 0.1659164 0.2947787 0.1998999 0.1786706 0.2430245 0.1154773 0.2112149 0.2801220 0.1194715 0.0961935 0.1919028 0.2088797 0.2195770 0.2239643 0.2797051 0.2106542 0.2433603 0.2201894 0.2336758 0.2264687 0.1257593 0.2333815 0.1713442 0.1675970 0.1148684 0.0993032 0.0873453 0.2014709 0.1018467 0.2222516 0.2175286 0.2106662 0.2294031 0.1041892 0.1877949 0.2376088 0.1829230 0.2154215 0.1183051 0.1811245 0.2005954 0.1696331 0.1202526 0.2300279 0.0940786 0.2240389 0.1220908 0.1143347 0.1703298 0.1675064 0.2134593 0.1657256 0.1866736 0.2952356 0.1797740 0.1761934 0.0333098 0.1684354 
S0400       0.0649725 0.1031096 0.1743450 0.1318214 0.0114747 0.1520846 0.1994488 0.1310136 0.0171719 0.1298168 0.2171160 0.2008782 0.1566408 0.1732522 0.1552697 0.1159131 0.1070617 0.1841865 0.1135898 0.0000000 0.0200021 0.1798038 0.0821301 0.1557631 0.1074878 0.1254027 0.1627199 0.1634897 0.1274988 0.1132803 0.1709820 0.1840887 0.0278857 0.0158098 0.1853771 0.1408123 0.1625855 0.0799042 0.0129447 0.1108462 0.2050835 0.2812218 0.0859799 0.2129500 0.1016243 0.0199638 0.1367243 0.1081002 0.0156893 0.1052819 0.1070577 0.1491176 0.1145863 0.1658629 0.1591748 0.1567101 0.1479308 0.0950908 0.1616926 0.1308091 0.1276449 0.1277073 0.1285898 0.0956567 0.1089464 0.2362301 0.0964260 0.1678995 0.1606454 0.1253720 0.1416863 0.2774537 0.0933548 0.2722237 0.1377823 0.1191616 0.1656996 0.0674840 0.1398442 0.2828491 0.0157690 0.0723756 0.1082737 0.1508157 0.1480498 0.1577958 0.1973565 0.1503975 0.1820008 0.1455131 0.1662868 0.1543934 0.0214264 0.1644070 0.1134980 0.1026646 0.0129705 0.0103446 0.0566877 0.1301883 0.0622711 0.1578618 0.1252758 0.1276585 0.1748408 0.0616383 0.1080149 0.1883827 0.1110937 0.1574032 0.0108635 0.1190120 0.1333166 0.0930851 0.0213179 0.1676012 0.0498497 0.1594056 0.0534122 0.0764602 0.1003511 0.1117727 0.1501837 0.1041827 0.1034541 0.3040678 0.1148372 0.1010529 0.1210558 0.0910902 
S0405       0.0767240 0.1168193 0.1862498 0.1410585 0.0249893 0.1638602 0.2121406 0.1468084 0.0318754 0.1415297 0.2256242 0.2293013 0.1700659 0.1861204 0.1699563 0.1271810 0.1219441 0.1902824 0.1283318 0.0200021 0.0000000 0.2080439 0.0919397 0.1713143 0.1206296 0.1365354 0.1727375 0.1748682 0.1401352 0.1211709 0.1797660 0.1959843 0.0383378 0.0221897 0.1969887 0.1564172 0.1691463 0.0858535 0.0221772 0.1232469 0.2111898 0.2814322 0.0955227 0.2236035 0.1083316 0.0301430 0.1512960 0.1202810 0.0264637 0.1183166 0.1201411 0.1621189 0.1270977 0.1763288 0.1673638 0.1662974 0.1598504 0.1059188 0.1660320 0.1448450 0.1395409 0.1416280 0.1426218 0.1042978 0.1222519 0.2435446 0.1051636 0.1762361 0.1660265 0.1414766 0.1560405 0.2794709 0.1059841 0.2745725 0.1520503 0.1307228 0.1739977 0.0767717 0.1570186 0.2830625 0.0280656 0.0758410 0.1208737 0.1651283 0.1559619 0.1660021 0.2000459 0.1630439 0.1950969 0.1562159 0.1764442 0.1577880 0.0235473 0.1717182 0.1254158 0.1182646 0.0259072 0.0188486 0.0658508 0.1469845 0.0680131 0.1722632 0.1408436 0.1475164 0.1877726 0.0663218 0.1210310 0.1962385 0.1244959 0.1656874 0.0236508 0.1308849 0.1513066 0.1053345 0.0307792 0.1838890 0.0593616 0.1717704 0.0597937 0.0825695 0.1121004 0.1236849 0.1583204 0.1170172 0.1141384 0.3022768 0.1301567 0.1116359 0.1327120 0.1044561 
S0407sl     0.2110627 0.1728251 0.1304049 0.2509794 0.1863770 0.2003834 0.1153817 0.2674164 0.1982527 0.2198373 0.1181299 0.2928089 0.0771767 0.0000010 0.1218276 0.2073365 0.2111081 0.3510478 0.2196600 0.1798038 0.2080439 0.0000000 0.2418340 0.0941068 0.1675159 0.1991843 0.2478046 0.1191908 0.2364072 0.2187278 0.2492029 0.0000010 0.1835694 0.2033080 0.1159154 0.0955347 0.1681476 0.2153141 0.1836341 0.2163843 0.3016333 0.3356781 0.2170520 0.2726535 0.1836955 0.1784052 0.2376516 0.1800122 0.2011009 0.1557908 0.1603999 0.2440668 0.2566912 0.1253668 0.2485603 0.1494687 0.1004877 0.2014044 0.2824625 0.2319934 0.2428953 0.2408645 0.2318545 0.2158848 0.1939335 0.2942175 0.1725584 0.2607999 0.2462375 0.2447660 0.2929414 0.2943053 0.1848953 0.2853117 0.2597432 0.2120402 0.2673339 0.2147721 0.2861088 0.3268486 0.1953258 0.1757542 0.2257244 0.0845205 0.1486202 0.1307511 0.0000010 0.0989240 0.0970291 0.2212301 0.2856125 0.0000010 0.2001639 0.2485603 0.2303091 0.0000010 0.2010023 0.1712414 0.1914933 0.2705331 0.1744814 0.1258564 0.2702441 0.2693614 0.0907229 0.1847879 0.1604634 0.0751586 0.1939335 0.1665421 0.1835198 0.2012597 0.2625682 0.1848702 0.1744086 0.0937243 0.1720910 0.1154520 0.2203458 0.2180539 0.2220221 0.1998873 0.1505111 0.2403757 0.1997054 0.3181805 0.1811056 0.1849928 0.2407210 0.1864536 
S0412sl     0.0660454 0.1126941 0.2031070 0.1500634 0.0916571 0.1342053 0.2142464 0.1508264 0.0941288 0.1293176 0.2203857 0.2162307 0.1830002 0.1969760 0.1707639 0.1292429 0.1308273 0.1879136 0.1198864 0.0821301 0.0919397 0.2418340 0.0000000 0.1775217 0.1280416 0.1282897 0.1739453 0.1890135 0.1563137 0.0985418 0.1672649 0.1881548 0.0836949 0.0885933 0.2151998 0.1746967 0.1820890 0.0774995 0.0834121 0.1235648 0.2236767 0.3230461 0.0632334 0.2245771 0.1173969 0.0871268 0.1655480 0.1277080 0.0902717 0.1275660 0.1275564 0.1753987 0.1316440 0.1889698 0.1691529 0.1721924 0.1778584 0.1139239 0.1710368 0.1583133 0.1483641 0.1543552 0.1541871 0.1139948 0.1297532 0.2592133 0.1105160 0.1681417 0.1682245 0.1479113 0.1612738 0.2988480 0.1130964 0.2996477 0.1625492 0.1450039 0.1658306 0.0838815 0.1576674 0.3073399 0.0870991 0.0872945 0.1362409 0.1647630 0.1697049 0.1707230 0.2035833 0.1687045 0.2041465 0.1458809 0.1830130 0.1581685 0.0944602 0.1711340 0.1290783 0.1138092 0.0819477 0.0710209 0.0683916 0.1589001 0.0747964 0.1707463 0.1433525 0.1508190 0.1905720 0.0797840 0.1309560 0.2106288 0.1320915 0.1741779 0.0875201 0.1355151 0.1620845 0.1157955 0.0881978 0.1831026 0.0671078 0.1871621 0.0758873 0.0714531 0.1246341 0.1273771 0.1632725 0.1337092 0.1252843 0.3021314 0.1282422 0.1201854 0.1158669 0.1102883 
S0417       0.1785609 0.1138746 0.0733857 0.1984739 0.1658619 0.1857268 0.0882634 0.1627676 0.1790487 0.2305026 0.1192689 0.2258519 0.0728860 0.1992692 0.0778936 0.1606426 0.1590520 0.2122343 0.2246428 0.1557631 0.1713143 0.0941068 0.1775217 0.0000000 0.1216515 0.2381335 0.1869687 0.0772630 0.1861788 0.2102750 0.1906241 0.0749182 0.1642674 0.1715617 0.0947406 0.0602760 0.1003732 0.1537863 0.1624893 0.1489666 0.2372617 0.3092898 0.1794965 0.2390496 0.1431589 0.1686771 0.1910594 0.1217254 0.1682434 0.1187798 0.1194177 0.2099539 0.1536623 0.0661908 0.1736897 0.0836729 0.0649250 0.1297780 0.1886878 0.1929150 0.1959859 0.1863995 0.1868157 0.2109535 0.1499996 0.2329175 0.1399797 0.1869359 0.1737642 0.1751697 0.2020619 0.2648758 0.1137150 0.2907403 0.1986582 0.1594806 0.1857427 0.1903649 0.1844299 0.3092120 0.1690646 0.1940840 0.1529462 0.0419376 0.0908416 0.0937722 0.2275934 0.0635432 0.0896555 0.1662528 0.1894130 0.1752770 0.1748178 0.1775030 0.1625951 0.1244916 0.1688499 0.1505969 0.1721058 0.1760637 0.1617774 0.0858917 0.1671062 0.1633682 0.0691828 0.1805619 0.1235512 0.1032863 0.1514219 0.0995781 0.1645053 0.1580925 0.1662299 0.1371750 0.1716359 0.0750282 0.1566585 0.0806418 0.1634519 0.1601165 0.1458308 0.1589127 0.0990335 0.1622031 0.1334212 0.3758695 0.1240897 0.1379393 0.2354226 0.1228368 
S0419       0.1259464 0.0165760 0.1521710 0.1075736 0.1162828 0.1148338 0.1762412 0.1128885 0.1226568 0.1930703 0.1928201 0.1429807 0.1317931 0.1462770 0.1305347 0.1053716 0.1082994 0.1644813 0.1859472 0.1074878 0.1206296 0.1675159 0.1280416 0.1216515 0.0000000 0.1908450 0.1337142 0.1186059 0.1504052 0.1547453 0.1380101 0.1551661 0.1235508 0.1202961 0.1667436 0.1161497 0.1182781 0.1107452 0.1139294 0.0689945 0.1792040 0.3020286 0.1323792 0.1860698 0.0978996 0.1187237 0.1572302 0.0046958 0.1144339 0.0067514 0.0046981 0.1691963 0.0750612 0.1192766 0.1171249 0.1037371 0.1176217 0.0699750 0.1277413 0.1566784 0.1489061 0.1423490 0.1502991 0.1811424 0.0640337 0.2177174 0.0985677 0.1247108 0.1285316 0.1471905 0.1632250 0.2710195 0.0075328 0.2842099 0.1595232 0.1123781 0.1237124 0.1403281 0.1387564 0.2961984 0.1215656 0.1551804 0.1017260 0.1160454 0.1063173 0.1035614 0.1630910 0.1115824 0.1763037 0.1109768 0.1416241 0.1305443 0.1285244 0.1234769 0.1101141 0.0901132 0.1167453 0.1031564 0.1201586 0.1390949 0.1178417 0.1253830 0.1108887 0.1104788 0.1353520 0.1340229 0.0087787 0.1724770 0.0658423 0.1180218 0.1133173 0.0693988 0.1351645 0.0785589 0.1207103 0.1383553 0.1225232 0.1187830 0.1155660 0.1082805 0.0943595 0.1088070 0.1082979 0.1141766 0.0779334 0.3423405 0.0542174 0.0809752 0.1886849 0.0663820 
S0427       0.1173260 0.1840973 0.2529054 0.1859395 0.1341532 0.2141745 0.2734518 0.2310670 0.1356919 0.1489577 0.2572157 0.2485563 0.2341320 0.2568436 0.2253304 0.2019139 0.1877228 0.2656191 0.0315472 0.1254027 0.1365354 0.1991843 0.1282897 0.2381335 0.1908450 0.0000000 0.2460644 0.2563510 0.2146368 0.1487253 0.2394222 0.2717072 0.1320256 0.1352431 0.2624791 0.2289619 0.2382655 0.1329263 0.1313633 0.1871199 0.2860585 0.3012885 0.1386855 0.2939167 0.1711536 0.1300687 0.2270833 0.1940397 0.1351442 0.1915195 0.1926834 0.2274599 0.1961697 0.2499554 0.2290975 0.2281437 0.2249822 0.1869121 0.2393208 0.2155097 0.1956761 0.2123369 0.2071257 0.1220593 0.1930167 0.2682654 0.1698084 0.2385617 0.2296755 0.1961276 0.2129112 0.2978336 0.1721024 0.2897947 0.2130093 0.1987886 0.2346861 0.1221260 0.2337802 0.2905944 0.1340247 0.1110877 0.2052051 0.2290212 0.2254397 0.2281844 0.2976388 0.2295324 0.2543407 0.2123276 0.2489307 0.2416299 0.1355808 0.2344720 0.1906472 0.1973456 0.1260208 0.1139311 0.0996856 0.2195533 0.1171303 0.2271532 0.2312373 0.2313956 0.2398288 0.1139547 0.1958994 0.2606485 0.1958411 0.2275037 0.1307336 0.1872005 0.2304250 0.1806732 0.1314095 0.2392477 0.1086529 0.2405994 0.1299080 0.1198438 0.1809602 0.1845940 0.2261669 0.1875699 0.2014988 0.2922451 0.1946531 0.1857807 0.0370087 0.1841734 
S0430       0.1737736 0.1075658 0.2125829 0.1882631 0.1757179 0.0275819 0.2222142 0.1838463 0.1827803 0.2414396 0.2788173 0.0682842 0.1916532 0.0449003 0.1932636 0.1576356 0.1659332 0.0414083 0.2317696 0.1627199 0.1727375 0.2478046 0.1739453 0.1869687 0.1337142 0.2460644 0.0000000 0.1853714 0.1830353 0.2055049 0.1278430 0.2295848 0.1739069 0.1720550 0.2183894 0.1825411 0.1984131 0.1629916 0.1740704 0.1562558 0.0491363 0.3774523 0.1751346 0.0546236 0.1508074 0.1786427 0.1961615 0.1365651 0.1705681 0.1344671 0.1333413 0.2074632 0.1667248 0.1876089 0.1218453 0.1740744 0.1837228 0.1378353 0.0740834 0.2035820 0.2000393 0.1935042 0.1894221 0.2326118 0.1494688 0.2924050 0.1579201 0.1207373 0.1219398 0.1795632 0.2049215 0.3308420 0.1235881 0.3433503 0.2111273 0.1575767 0.1187216 0.1955004 0.2129357 0.3596411 0.1738016 0.1974862 0.1526758 0.1779342 0.1811336 0.1800039 0.0539174 0.1673712 0.2311660 0.1098234 0.0205655 0.0146911 0.1776664 0.1243872 0.1588080 0.1560622 0.1712516 0.1560264 0.1637561 0.2024396 0.1744132 0.2024041 0.1811782 0.1794747 0.2000261 0.1867614 0.1389064 0.2402821 0.1520792 0.1916146 0.1748075 0.1603859 0.2045840 0.1335560 0.1731223 0.2114144 0.1646917 0.1862921 0.1638219 0.1725866 0.1435611 0.1604658 0.1831857 0.1717058 0.1473286 0.4158685 0.1431144 0.1364341 0.2328268 0.1333458 
S0478       0.1896309 0.1152417 0.1063005 0.1912827 0.1736625 0.1825045 0.1284837 0.1602581 0.1826035 0.2509747 0.1579718 0.2187758 0.1091019 0.2123879 0.1066996 0.1567288 0.1608802 0.2183408 0.2354620 0.1634897 0.1748682 0.1191908 0.1890135 0.0772630 0.1186059 0.2563510 0.1853714 0.0000000 0.1923066 0.2249866 0.1914783 0.1109605 0.1702119 0.1774262 0.1313804 0.0674731 0.0931344 0.1572913 0.1683899 0.1484568 0.2380632 0.3352418 0.1876719 0.2367925 0.1374765 0.1738670 0.2002639 0.1194061 0.1728170 0.1164226 0.1151976 0.2089352 0.1558449 0.0697724 0.1719870 0.0813937 0.0822662 0.1177785 0.1913893 0.2020184 0.1988335 0.1899633 0.1958136 0.2262480 0.1441830 0.2463790 0.1421186 0.1756413 0.1686096 0.1821118 0.2104613 0.2972137 0.1114885 0.3145386 0.2072023 0.1634731 0.1755147 0.1964634 0.1830136 0.3376609 0.1752653 0.2072195 0.1509263 0.0767238 0.0849498 0.0878093 0.2237297 0.0757691 0.1308871 0.1702114 0.1919199 0.1784770 0.1819197 0.1808314 0.1605883 0.1348378 0.1746754 0.1545263 0.1837848 0.1902685 0.1759045 0.0852397 0.1628164 0.1612838 0.1083768 0.1920302 0.1184177 0.1322366 0.1466786 0.0939433 0.1702190 0.1569310 0.1813721 0.1304789 0.1763631 0.1126629 0.1748104 0.0883272 0.1721149 0.1640816 0.1433242 0.1544875 0.0988210 0.1628710 0.1192483 0.3830023 0.1201822 0.1331559 0.2465101 0.1125205 
S0552sl     0.1505521 0.1408925 0.1994193 0.1645931 0.1340401 0.1607560 0.2049146 0.1381116 0.1447320 0.1945746 0.2174162 0.2503241 0.1830490 0.1724480 0.2056553 0.1271355 0.1353985 0.2033691 0.1943656 0.1274988 0.1401352 0.2364072 0.1563137 0.1861788 0.1504052 0.2146368 0.1830353 0.1923066 0.0000000 0.1716138 0.2087370 0.2013501 0.1287469 0.1356152 0.2102453 0.1807932 0.1894402 0.1456345 0.1342562 0.1297471 0.2343178 0.3323874 0.1514255 0.2334505 0.1467453 0.1352363 0.0197892 0.1534070 0.1380390 0.1507814 0.1509620 0.0768092 0.1387048 0.1966976 0.1959570 0.1785098 0.1777453 0.1282989 0.1765196 0.0213675 0.0536180 0.0272229 0.0193023 0.1684475 0.1491498 0.2596304 0.1398109 0.2036792 0.1855114 0.0714146 0.0771431 0.2925178 0.1383872 0.3071278 0.0718069 0.1350788 0.2024354 0.1485484 0.1412676 0.3400867 0.1365235 0.1612363 0.1295611 0.1765743 0.1768359 0.1753796 0.1854795 0.1725651 0.2132107 0.1812851 0.1897112 0.1624847 0.1374052 0.2039559 0.1285081 0.1054016 0.1337087 0.1246856 0.1387493 0.1361371 0.1443821 0.1783333 0.1324878 0.1425313 0.2035435 0.1495946 0.1508368 0.2152210 0.1516076 0.1883672 0.1350071 0.1589992 0.1403335 0.1234172 0.1377412 0.1866390 0.1293071 0.1815657 0.1447701 0.1395709 0.1242883 0.1310783 0.1801144 0.0832729 0.1325276 0.3388537 0.1543753 0.1266940 0.1982367 0.1266526 
S0558       0.1077909 0.1349205 0.2422975 0.1696641 0.1148284 0.1687936 0.2455218 0.1873890 0.1220698 0.1560971 0.2585633 0.2560000 0.2036587 0.2045632 0.2106080 0.1693739 0.1630456 0.2250259 0.1446714 0.1132803 0.1211709 0.2187278 0.0985418 0.2102750 0.1547453 0.1487253 0.2055049 0.2249866 0.1716138 0.0000000 0.1908694 0.2317310 0.1128320 0.1205444 0.2381799 0.1965982 0.2071254 0.1068507 0.1119785 0.1494113 0.2554739 0.3104982 0.0968684 0.2548370 0.1477241 0.1196900 0.1846572 0.1543060 0.1225203 0.1521765 0.1530994 0.1907685 0.1595551 0.2168297 0.1930886 0.1914675 0.2024276 0.1501591 0.1893370 0.1765272 0.1714193 0.1707296 0.1724763 0.1498848 0.1540646 0.2811310 0.1431927 0.1961222 0.1922533 0.1713652 0.1833698 0.2948858 0.1381151 0.2955726 0.1826201 0.1738243 0.1926227 0.1290606 0.1976344 0.3042827 0.1180688 0.1193443 0.1665848 0.2032847 0.1948187 0.1903186 0.2208527 0.1875287 0.2423905 0.1734121 0.2105878 0.1937688 0.1250250 0.1967401 0.1682983 0.1493172 0.1135453 0.1013707 0.0993683 0.1802204 0.1137408 0.2020217 0.1829889 0.1877380 0.2146737 0.1082339 0.1566030 0.2344173 0.1565828 0.1939376 0.1153533 0.1595751 0.1849985 0.1522211 0.1144997 0.2275674 0.1098329 0.1975335 0.1174605 0.0915143 0.1584754 0.1646500 0.1922434 0.1634302 0.1592548 0.2898030 0.1567345 0.1529395 0.1381933 0.1468227 
