129
PAFTOL_019361 0.0000000 0.1560388 0.1785428 0.1076056 0.1766932 0.1483198 0.1832351 0.1298111 0.1444426 0.1491455 0.1669172 0.1458082 0.1758208 0.1772586 0.1766846 0.1290475 0.1586223 0.1968857 0.1742633 0.2158857 0.1483198 0.1483198 0.1384424 0.1631955 0.1304377 0.1285699 0.1984762 0.1200826 0.1601546 0.1891183 0.1948348 0.1165148 0.1636907 0.1887735 0.1154609 0.1349072 0.1199706 0.1706607 0.1556439 0.1337121 0.1755198 0.2089620 0.1481860 0.1832351 0.1279394 0.1642440 0.1576418 0.1256791 0.1483198 0.1301679 0.1285699 0.1695868 0.1503491 0.1490076 0.1975435 0.1267807 0.1288369 0.1222797 0.1517679 0.1523175 0.1577099 0.1589510 0.1758992 0.1896167 0.1513161 0.1690796 0.1733251 1.0672186 0.1596323 0.1604119 0.1614643 0.1887069 0.1285699 1.0186449 0.1426213 0.1498042 0.1809340 0.1739498 0.1415788 0.1441880 0.1791984 0.1483198 0.1654352 0.1163157 0.1283350 0.1352283 0.1696624 0.1428244 0.1161919 0.1776396 0.1856476 0.1677323 0.1483198 0.1905725 0.1775532 0.1369854 0.1571240 0.1422855 0.1232032 0.1932099 0.1346330 0.1225982 0.1621856 0.1514538 0.1453093 0.1746140 0.1285699 0.1513161 0.1407973 1.7330840 0.1661231 0.1773597 0.1577070 0.1483198 0.1374394 0.1720872 0.1141477 0.1411886 0.1900436 0.2019777 0.1751900 0.1199706 0.1285239 0.1600015 0.1367825 0.1419970 0.1648544 0.1804316 0.1529749 
S0055         0.1560388 0.0000000 0.0891452 0.0820560 0.1034864 0.0143420 0.1016227 0.0879371 0.0585646 0.0308345 0.0399989 0.0795586 0.1079713 0.1208442 0.0991922 0.0615449 0.0979584 0.0960570 0.1020428 0.0700564 0.0143030 0.0167301 0.0896708 0.0533019 0.0851371 0.0684092 0.0790441 0.0701753 0.0755524 0.0448296 0.0936921 0.0881622 0.0345266 0.0346406 0.0886337 0.0669416 0.0642672 0.0578670 0.0167387 0.0848514 0.1016604 0.1518204 0.0449662 0.1019567 0.0926676 0.0344054 0.0727914 0.0678923 0.0191895 0.0676377 0.0697003 0.0695277 0.0900860 0.0695643 0.0921344 0.0645840 0.0726878 0.0652614 0.0870059 0.0617703 0.0696386 0.0696619 0.0759178 0.0314703 0.1035436 0.1423602 0.0983166 0.0888138 0.0792890 0.0671513 0.0678622 0.1476087 0.0753279 0.4452963 0.0760053 0.0906429 0.0900768 0.0891002 0.0266453 0.0581963 0.1468822 0.0191895 0.0345295 0.0851565 0.0649208 0.0706085 0.1053285 0.0730307 0.0864879 0.0790592 0.1035928 0.0989847 0.0217131 0.0868059 0.1005928 0.0555455 0.0192570 0.0152952 0.0175295 0.0817161 0.0292514 0.0569839 0.0590176 0.0640803 0.0850473 0.0345382 0.0697003 0.1005111 0.0759691 0.1458161 0.1102642 0.0702116 0.0719422 0.0192676 0.0850475 0.0368582 0.0750989 0.0216347 0.0531135 0.0983429 0.0732519 0.0704423 0.0572794 0.0758437 0.1132582 0.0663037 0.0721641 0.0638184 0.0616298 
S0196sl       0.1785428 0.0891452 0.0000000 0.0921010 0.0898968 0.0796772 0.1077642 0.0885636 0.0805615 0.0833374 0.0943362 0.0889452 0.1116119 0.1185282 0.1015449 0.0774902 0.1170812 0.1220162 0.1082761 0.0841736 0.0761278 0.0856970 0.0730073 0.1294524 0.0920660 0.0165972 0.0975478 0.0986305 0.0935112 0.0960091 0.0977285 0.0955883 0.1036479 0.0933645 0.0884885 0.0773273 0.0807009 0.0996411 0.0793445 0.0484340 0.1078101 0.1497660 0.1106651 0.1081721 0.1153204 0.0999117 0.0978933 0.0135722 0.0762122 0.0163461 0.0161603 0.0865588 0.0466028 0.0771007 0.0966083 0.0877678 0.0840697 0.0755805 0.0932068 0.0977103 0.0906863 0.0907265 0.0940366 0.1331238 0.0577983 0.1515129 0.0888073 0.0909930 0.0952741 0.0841173 0.0851538 0.1532555 0.0216921 1.6434538 0.0844965 0.1126031 0.0972217 0.0931479 0.0891792 0.0864369 0.1530095 0.0825840 0.0930481 0.0920910 0.0883045 0.0951658 0.1191455 0.0842145 0.1000973 0.0911273 0.1066532 0.1004886 0.0861286 0.0972486 0.1092027 0.0768227 0.0829363 0.1135582 0.0724098 0.1156797 0.0928731 0.0786130 0.0844371 0.0806440 0.0987587 0.0930860 0.0161603 0.0547242 0.0982434 0.1397711 0.0643941 0.0946684 0.0699474 0.0830178 0.0953504 0.0928801 0.1000844 0.0793118 0.0876847 0.1029932 0.0943508 0.0881714 0.0717664 0.0882033 0.1129671 0.0579376 0.0733341 0.0861178 0.0746734 
S0278         0.1076056 0.0820560 0.0921010 0.0000000 0.0789089 0.0679904 0.1133251 0.0244850 0.0715148 0.0842376 0.1017214 0.0296955 0.1137633 0.1248498 0.1108462 0.0270362 0.1137949 0.0840926 0.1138069 0.1022585 0.0649203 0.0733139 0.0367836 0.1047459 0.0296171 0.0675143 0.1091483 0.0486808 0.0985977 0.1035849 0.1183680 0.0245426 0.0888380 0.0891553 0.0221017 0.0427280 0.0349404 0.1061868 0.0677380 0.0904158 0.1133683 0.1567553 0.1010195 0.1137096 0.0988016 0.0849627 0.0927526 0.0698405 0.0649843 0.0696154 0.0717223 0.0956385 0.0959973 0.0452743 0.1071757 0.0403557 0.0481434 0.0197842 0.0957689 0.0927633 0.0921464 0.0892640 0.0922992 0.0905082 0.1129994 0.1470954 0.1190870 0.1235639 0.0930188 0.0896137 0.0906108 0.1525993 0.0775279 0.4118550 0.0429491 0.1080154 0.1080971 0.1039431 0.0849805 0.0767141 0.1518210 0.0705737 0.0860427 0.0195288 0.0405609 0.0459478 0.1236071 0.0483664 0.0325147 0.0990313 0.1124241 0.1106061 0.0680015 0.1045046 0.0997722 0.0739312 0.0708415 0.0596650 0.0739372 0.1083791 0.0882491 0.0354906 0.0776696 0.0769025 0.0351786 0.0860733 0.0717223 0.1098279 0.0537989 0.2118035 0.1200750 0.0895910 0.0712335 0.0708999 0.0321100 0.0853301 0.0559388 0.0677131 0.0955102 0.1007311 0.0962839 0.0405155 0.0734924 0.0900702 0.1100927 0.0711068 0.0830052 0.0902313 0.0692407 
S0281         0.1766932 0.1034864 0.0898968 0.0789089 0.0000000 0.1034864 0.1116589 0.0858951 0.0986533 0.1149892 0.1489232 0.0932841 0.1052841 0.1080228 0.1063641 0.0792223 0.1133930 0.1048543 0.1058682 0.1421136 0.1034864 0.1034864 0.0996272 0.1113160 0.0923903 0.0550471 0.1331064 0.0855414 0.0928393 0.1184984 0.0876636 0.0925935 0.1240582 0.1240721 0.1066598 0.0606349 0.0673286 0.1034276 0.1100075 0.0612593 0.1051179 0.2085929 0.1042774 0.1116589 0.0849520 0.1174092 0.0852400 0.0507749 0.1034864 0.0556625 0.0550471 0.1138764 0.0739728 0.0725119 0.0793886 0.0729907 0.0609541 0.0732042 0.0733154 0.0861397 0.0982405 0.0920776 0.0996012 0.1296370 0.0676721 0.1834250 0.1263895 0.0000010 0.0795073 0.0932151 0.0937725 0.1884050 0.0550471 0.4452963 0.0609303 0.1106561 0.1114198 0.0854068 0.1033452 0.0857797 0.1865449 0.1034864 0.1049801 0.0860697 0.0738226 0.0860027 0.1190720 0.0609214 0.1005591 0.0683463 0.1136572 0.1051179 0.1034864 0.0858909 0.1136501 0.0920791 0.1109937 0.1106401 0.0404698 0.1272024 0.1099402 0.0553814 0.0931264 0.0920791 0.0928975 0.1124941 0.0550471 0.0676721 0.0853613 1.6838801 0.0799507 0.1206617 0.1044214 0.1034864 0.0861893 0.1242084 0.0665180 0.1099195 0.1057328 0.1207681 0.1185194 0.0669583 0.0708983 0.1008463 0.1130662 0.0786447 0.0853078 0.1143545 0.0867544 
S0282         0.1483198 0.0143420 0.0796772 0.0679904 0.1034864 0.0000000 0.0930217 0.0794470 0.0506182 0.0177681 0.0323025 0.0711558 0.0992529 0.1119065 0.0905839 0.0535237 0.0892278 0.0960570 0.0934052 0.0618704 0.0023567 0.0095011 0.0896708 0.0480082 0.0766766 0.0601416 0.0706993 0.0652092 0.0673204 0.0371345 0.0851275 0.0796487 0.0219385 0.0220103 0.0770533 0.0643263 0.0562097 0.0500176 0.0047279 0.0736122 0.0930562 0.1385676 0.0424422 0.0933261 0.0897091 0.0218624 0.0645911 0.0596887 0.0071138 0.0594655 0.0615784 0.0611162 0.0784757 0.0669457 0.0837249 0.0564843 0.0700470 0.0570745 0.0786119 0.0564375 0.0670171 0.0615407 0.0676430 0.0314703 0.0947677 0.1295260 0.0993129 0.0731633 0.0709175 0.0590376 0.0596581 0.1345081 0.0671241 0.4452963 0.0677231 0.0820972 0.0816237 0.0807453 0.0242086 0.0502997 0.1338586 0.0071138 0.0269684 0.0766926 0.0567768 0.0623730 0.0966206 0.0703774 0.0748545 0.0707139 0.0948146 0.0903961 0.0095396 0.0784330 0.0918564 0.0476821 0.0071386 0.0050381 0.0175463 0.0733507 0.0267976 0.0543590 0.0510069 0.0560470 0.0765934 0.0269748 0.0615784 0.0917785 0.0676915 0.1316567 0.1013508 0.0620258 0.0638454 0.0071421 0.0765941 0.0242883 0.0724635 0.0095055 0.0452533 0.0895787 0.0649997 0.0622296 0.0491620 0.0675763 0.1043120 0.0582991 0.0640404 0.0554896 0.0535959 
S0288         0.1832351 0.1016227 0.1077642 0.1133251 0.1116589 0.0930217 0.0000000 0.1124664 0.0880819 0.1042105 0.1098244 0.1038471 0.0095059 0.0644545 0.0023612 0.0997223 0.1270624 0.1380789 0.0047308 0.1261775 0.0897314 0.0925881 0.1093783 0.1255670 0.1064659 0.0934315 0.1272790 0.1008687 0.0936194 0.1117863 0.0676310 0.1189756 0.1049430 0.1083379 0.1165581 0.0995695 0.0967344 0.0933561 0.0926723 0.1037095 0.0047147 0.1552313 0.1339096 0.0047268 0.1213575 0.1081874 0.0999420 0.0926985 0.0898208 0.0953727 0.0942882 0.0944664 0.1030116 0.1023266 0.0556827 0.1001765 0.1028898 0.0953370 0.0370134 0.0970781 0.0875144 0.0964873 0.0967156 0.1107095 0.1181913 0.1649810 0.1374671 0.0572269 0.0484980 0.0911330 0.0921325 0.1509524 0.0943572 0.8273471 0.1063018 0.1033380 0.1224361 0.0610411 0.1015653 0.0845249 0.1469442 0.0956319 0.1022404 0.1028319 0.1007242 0.1038885 0.0119527 0.1063679 0.1197739 0.0569588 0.0047937 0.0047384 0.0989016 0.0532778 0.1335684 0.0846720 0.0959979 0.1102906 0.0910555 0.1261003 0.1021841 0.0921934 0.0880307 0.0969853 0.1195761 0.1022790 0.0942882 0.1150165 0.1125837 0.2159293 0.1252940 0.1007696 0.1024379 0.0932868 0.1156028 0.1171903 0.1143242 0.0897817 0.0943854 0.1321658 0.1096695 0.1036767 0.0844844 0.1010452 0.1381930 0.0818146 0.0967858 0.1010507 0.0857556 
S0289         0.1298111 0.0879371 0.0885636 0.0244850 0.0858951 0.0794470 0.1124664 0.0000000 0.0831329 0.0933688 0.0988173 0.0295762 0.1128979 0.1238819 0.1100034 0.0269286 0.1169072 0.0974214 0.1129411 0.1085304 0.0762605 0.0790774 0.0367184 0.1077809 0.0320056 0.0704901 0.1155032 0.0484736 0.0986740 0.1036640 0.1113175 0.0194508 0.0948943 0.1012469 0.0245697 0.0399348 0.0347979 0.1062674 0.0791491 0.0965035 0.1125090 0.1536707 0.1072054 0.1128451 0.0953152 0.0976173 0.1018150 0.0728082 0.0763365 0.0725737 0.0746644 0.0926064 0.0991469 0.0424607 0.1032988 0.0401881 0.0452880 0.0197058 0.0950472 0.0988952 0.0982321 0.0953220 0.0983982 0.1040961 0.1099239 0.1440935 0.1154161 0.1045082 0.0961268 0.0924056 0.0934343 0.1495412 0.0805093 0.4118550 0.0427701 0.1214888 0.0929310 0.0882396 0.0908978 0.0825597 0.1487807 0.0820561 0.0949150 0.0219176 0.0403917 0.0457534 0.1226579 0.0454973 0.0350305 0.0961735 0.1115578 0.1097662 0.0794604 0.0977927 0.1060072 0.0797485 0.0823702 0.0841636 0.0797526 0.1147246 0.0942297 0.0353435 0.0866376 0.0891126 0.0350341 0.0949503 0.0746644 0.1067688 0.0535689 0.2045510 0.1169488 0.0927841 0.0770271 0.0824426 0.0319809 0.0942446 0.0530192 0.0791198 0.0955845 0.1070303 0.1024889 0.0403467 0.0794858 0.0930402 0.1074274 0.0740218 0.0889609 0.0808673 0.0720865 
S0292         0.1444426 0.0585646 0.0805615 0.0715148 0.0986533 0.0506182 0.0880819 0.0831329 0.0000000 0.0650767 0.0736231 0.0713366 0.0942943 0.1099272 0.0856210 0.0595719 0.0717463 0.0778872 0.0884472 0.0822632 0.0477617 0.0557514 0.0848275 0.0912439 0.0803228 0.0579004 0.0799594 0.0743889 0.0619966 0.0758305 0.0824828 0.0798514 0.0673900 0.0705411 0.0749358 0.0677240 0.0594856 0.0754558 0.0504361 0.0685529 0.0881147 0.1503375 0.0817968 0.0883715 0.0842277 0.0700387 0.0593567 0.0574613 0.0478074 0.0572452 0.0593891 0.0670059 0.0732847 0.0703768 0.0816393 0.0653647 0.0678879 0.0604115 0.0764880 0.0593621 0.0616552 0.0590083 0.0650767 0.0852934 0.0867042 0.1376835 0.0968729 0.0676542 0.0716650 0.0591849 0.0598084 0.1428050 0.0649567 0.4452963 0.0712038 0.0881414 0.0704619 0.0729778 0.0613096 0.0317440 0.1354513 0.0531272 0.0703087 0.0774795 0.0657096 0.0714715 0.0976213 0.0738945 0.0874913 0.0683767 0.0897873 0.0854430 0.0559927 0.0763137 0.0717828 0.0119345 0.0533231 0.0665284 0.0497957 0.0507667 0.0588064 0.0518772 0.0270116 0.0269094 0.0802359 0.0670698 0.0593891 0.0837369 0.0711956 0.1566633 0.0932049 0.0374061 0.0478229 0.0533620 0.0767885 0.0726240 0.0816997 0.0451160 0.0623396 0.0722158 0.0541317 0.0656284 0.0357225 0.0566518 0.0924893 0.0507176 0.0479656 0.0672717 0.0429901 
S0293         0.1491455 0.0308345 0.0833374 0.0842376 0.1149892 0.0177681 0.1042105 0.0933688 0.0650767 0.0000000 0.0480119 0.0777026 0.1109237 0.1283753 0.1010849 0.0681273 0.0944436 0.1207202 0.1046638 0.0799919 0.0151247 0.0228777 0.0988135 0.0621560 0.0903885 0.0788601 0.0902558 0.0809938 0.0824603 0.0475145 0.1019111 0.0904694 0.0337196 0.0367111 0.0877508 0.0768074 0.0708470 0.0671282 0.0177039 0.0934742 0.0980428 0.1545412 0.0448211 0.1045713 0.1060436 0.0337649 0.0797507 0.0777428 0.0202997 0.0779110 0.0800298 0.0731528 0.0888783 0.0796068 0.1006783 0.0714097 0.0740288 0.0722041 0.0952472 0.0709655 0.0792726 0.0732192 0.0831082 0.0468168 0.1128158 0.1514121 0.1159574 0.0912054 0.0870737 0.0737429 0.0743572 0.1500618 0.0861123 0.0000010 0.0836593 0.0956485 0.1021239 0.0943479 0.0389068 0.0675378 0.1457622 0.0202997 0.0420668 0.0870448 0.0718059 0.0746152 0.1081415 0.0802687 0.0852139 0.0900573 0.1057298 0.1014340 0.0202941 0.0889073 0.1137313 0.0618076 0.0203749 0.0167928 0.0323506 0.0899253 0.0390546 0.0692641 0.0685546 0.0739522 0.0933990 0.0392887 0.0800298 0.1095702 0.0805739 0.1334146 0.1200584 0.0743406 0.0793800 0.0203869 0.0933984 0.0390449 0.0854454 0.0202867 0.0534441 0.1113880 0.0809233 0.0741649 0.0638571 0.0835504 0.1207920 0.0703718 0.0796419 0.0734667 0.0713559 
S0294         0.1669172 0.0399989 0.0943362 0.1017214 0.1489232 0.0323025 0.1098244 0.0988173 0.0736231 0.0480119 0.0000000 0.0991742 0.1164213 0.1285926 0.1073512 0.0798257 0.1156250 0.1046799 0.1102897 0.0860042 0.0296168 0.0373227 0.1328605 0.0710911 0.1050194 0.0874357 0.0924683 0.0926593 0.0917992 0.0619652 0.1078082 0.1082431 0.0484517 0.0512921 0.1088388 0.0913538 0.0798974 0.0756535 0.0321883 0.1015087 0.1098662 0.1539190 0.0649216 0.1101957 0.1214774 0.0509319 0.0889086 0.0867523 0.0347750 0.0830906 0.0884043 0.0859998 0.1074328 0.0941035 0.1027667 0.0831233 0.0975580 0.0840219 0.0975865 0.0802359 0.0911646 0.0855450 0.0922608 0.0556439 0.1149736 0.1477374 0.1283477 0.0732068 0.0927640 0.0829639 0.0838736 0.1496316 0.0943589 0.4452963 0.0892920 0.1140249 0.0979343 0.0967727 0.0400301 0.0761039 0.1488841 0.0347750 0.0511230 0.1050469 0.0835735 0.0896114 0.1137135 0.0980353 0.1067483 0.0890910 0.1120114 0.1071209 0.0374812 0.0972861 0.1183296 0.0676806 0.0295053 0.0430524 0.0417902 0.1012861 0.0507883 0.0781884 0.0772147 0.0794233 0.1049116 0.0511379 0.0884043 0.1118185 0.0951923 0.1428993 0.1220208 0.0890867 0.0877165 0.0296168 0.1049099 0.0534722 0.1000022 0.0373413 0.0708195 0.1057498 0.0865188 0.0893859 0.0665567 0.0827191 0.1307808 0.0846524 0.0879985 0.0768811 0.0741680 
S0299         0.1458082 0.0795586 0.0889452 0.0296955 0.0932841 0.0711558 0.1038471 0.0295762 0.0713366 0.0777026 0.0991742 0.0000000 0.1042434 0.1243211 0.1013689 0.0295571 0.1070865 0.0846909 0.1042855 0.1058480 0.0680399 0.0765249 0.0482652 0.1080814 0.0321634 0.0737058 0.1065336 0.0432534 0.0863982 0.1010641 0.1055630 0.0244248 0.0892251 0.0859543 0.0272724 0.0400813 0.0323373 0.1036753 0.0708897 0.0908173 0.1038864 0.1613043 0.1045547 0.1041961 0.0993561 0.0890573 0.0835165 0.0702083 0.0681075 0.0728445 0.0749415 0.0831551 0.0964388 0.0426175 0.1006436 0.0322566 0.0454573 0.0223057 0.0894003 0.0806874 0.0801604 0.0773358 0.0802879 0.0990942 0.1104097 0.1445833 0.1127212 0.1101107 0.0874087 0.0776329 0.0784842 0.1570750 0.0808117 0.4118550 0.0351051 0.1085069 0.0987205 0.1005389 0.0824818 0.0708485 0.1562643 0.0737579 0.0832798 0.0270721 0.0324179 0.0376615 0.1138697 0.0456673 0.0352053 0.0907111 0.1059053 0.1011522 0.0711676 0.0951315 0.0997345 0.0653267 0.0740397 0.0851262 0.0713360 0.0958371 0.0857399 0.0302312 0.0718407 0.0743132 0.0377730 0.0740224 0.0749415 0.1072382 0.0453581 0.1942575 0.1174740 0.0777641 0.0739551 0.0741022 0.0218718 0.0946040 0.0505046 0.0708635 0.0929695 0.0974377 0.0870934 0.0378563 0.0646309 0.0838628 0.1166587 0.0685990 0.0712812 0.0810818 0.0633551 
S0303         0.1758208 0.1079713 0.1116119 0.1137633 0.1052841 0.0992529 0.0095059 0.1128979 0.0942943 0.1109237 0.1164213 0.1042434 0.0000000 0.0646838 0.0071437 0.1000971 0.1340116 0.1314531 0.0095421 0.1266267 0.0958895 0.0987863 0.1031412 0.1324167 0.1035057 0.0937888 0.1342363 0.1012524 0.0998971 0.1183508 0.0735047 0.1194366 0.1113585 0.1148267 0.1170107 0.0999433 0.0970968 0.0996131 0.0988770 0.1041048 0.0095092 0.1594330 0.1344340 0.0095340 0.1218734 0.1146692 0.1063421 0.0930508 0.0959858 0.0957347 0.0946420 0.1009962 0.1034121 0.1027111 0.0612893 0.1005550 0.1032787 0.0956984 0.0423172 0.1034401 0.0936846 0.1028068 0.1030487 0.1307721 0.1186566 0.1692786 0.1344421 0.0626593 0.0432892 0.0974029 0.0984816 0.1550854 0.0947114 0.8273471 0.1067065 0.1098131 0.1229135 0.0667218 0.1079100 0.0906431 0.1510139 0.1018834 0.1026241 0.1032202 0.1011070 0.1042853 0.0168775 0.1067733 0.1202412 0.0627081 0.0096695 0.0095577 0.1052217 0.0588768 0.1341011 0.0908014 0.1022763 0.1169381 0.0975081 0.1329830 0.1085706 0.0925415 0.0942399 0.1033402 0.1200421 0.1026631 0.0946420 0.1154686 0.1130162 0.2291258 0.1257945 0.1072329 0.1028233 0.0995386 0.1160482 0.1238021 0.1147596 0.0959427 0.1007192 0.1326988 0.1162552 0.1040716 0.0907974 0.1075271 0.1387517 0.0821143 0.0971485 0.1045147 0.0860752 
S0308         0.1772586 0.1208442 0.1185282 0.1248498 0.1080228 0.1119065 0.0644545 0.1238819 0.1099272 0.1283753 0.1285926 0.1243211 0.0646838 0.0000000 0.0620198 0.1067666 0.1382986 0.1550900 0.0618895 0.1274737 0.1084007 0.1113729 0.1185801 0.1428374 0.1176808 0.0973329 0.1382036 0.1172584 0.1200813 0.1254055 0.0854833 0.1306536 0.1285228 0.1217218 0.1313791 0.1065630 0.1068663 0.1123195 0.1054512 0.1212274 0.0644780 0.1742216 0.1351905 0.0646604 0.1365013 0.1215569 0.1233657 0.0995537 0.1085112 0.0957771 0.0981228 0.1076725 0.1208665 0.1154769 0.0698266 0.1104528 0.1223871 0.1023932 0.0617148 0.1203553 0.1132876 0.1196055 0.1198829 0.1619860 0.1194453 0.1721279 0.1385804 0.0622217 0.0599472 0.1069000 0.1080988 0.1663027 0.0981943 0.4452963 0.1232111 0.1300949 0.1331024 0.0811052 0.1239858 0.1030862 0.1654561 0.1145721 0.1122257 0.1209543 0.1110682 0.1112449 0.0705935 0.1260997 0.1390978 0.0740212 0.0656606 0.0621455 0.1180433 0.0643670 0.1491131 0.1062376 0.1079613 0.1386138 0.1071273 0.1402644 0.1276585 0.1052813 0.1068619 0.1129559 0.1240119 0.1122703 0.0981228 0.1162368 0.1232290 0.2348732 0.1266327 0.1203476 0.1003106 0.1122347 0.1271394 0.1308371 0.1216082 0.1114348 0.1135816 0.1388244 0.1274025 0.1140921 0.0999728 0.1176703 0.1327616 0.1002862 0.1066802 0.1179837 0.0985593 
S0322         0.1766846 0.0991922 0.1015449 0.1108462 0.1063641 0.0905839 0.0023612 0.1100034 0.0856210 0.1010849 0.1073512 0.1013689 0.0071437 0.0620198 0.0000000 0.0972678 0.1245671 0.1328321 0.0023701 0.1230049 0.0873020 0.0901605 0.1041777 0.1230981 0.1039978 0.0909124 0.1247821 0.0983886 0.0911672 0.1093367 0.0648414 0.1165097 0.1025074 0.1058954 0.1140793 0.0971183 0.0940288 0.0909104 0.0902427 0.1012337 0.0023620 0.1527286 0.1314660 0.0023681 0.1186605 0.1057466 0.0974816 0.0901968 0.0873893 0.0928795 0.0918207 0.0919218 0.1004845 0.0998812 0.0532712 0.0977108 0.1004325 0.0928443 0.0346201 0.0946147 0.0850667 0.0940366 0.0942610 0.1186840 0.1156788 0.1624941 0.1348027 0.0572269 0.0460482 0.0886685 0.0896436 0.1484588 0.0918880 1.5527385 0.1038378 0.1008701 0.1199660 0.0586297 0.0991360 0.0820794 0.1444589 0.0932021 0.0997977 0.1003765 0.0982464 0.1014084 0.0095815 0.1039020 0.1172941 0.0544950 0.0023902 0.0023739 0.0964654 0.0508547 0.1310790 0.0822230 0.0935600 0.1050529 0.0885191 0.1236229 0.0997426 0.0897031 0.0855707 0.0945240 0.1170985 0.0998352 0.0918207 0.1125037 0.1101185 0.2184360 0.1227745 0.0982903 0.0999903 0.0908426 0.1131396 0.1147562 0.1118851 0.0873515 0.0919160 0.1296439 0.1071990 0.1012027 0.0819610 0.0985604 0.1356851 0.0793649 0.0943292 0.0979443 0.0832776 
S0327         0.1290475 0.0615449 0.0774902 0.0270362 0.0792223 0.0535237 0.0997223 0.0269286 0.0595719 0.0681273 0.0798257 0.0295571 0.1000971 0.1067666 0.0972678 0.0000000 0.0997544 0.0723111 0.1001381 0.0861010 0.0506273 0.0586971 0.0311094 0.0913851 0.0345997 0.0525807 0.0925747 0.0296512 0.0768807 0.0818146 0.0977082 0.0269921 0.0734302 0.0736865 0.0271296 0.0242534 0.0168609 0.0843622 0.0533298 0.0775188 0.0997596 0.1445342 0.0792973 0.1000529 0.0912229 0.0704305 0.0740686 0.0577080 0.0506761 0.0547501 0.0569181 0.0793456 0.0825819 0.0266993 0.0901913 0.0219007 0.0293339 0.0072001 0.0850198 0.0713061 0.0765239 0.0708750 0.0709587 0.0785789 0.0961732 0.1353634 0.1004940 0.0968338 0.0715067 0.0740198 0.0748212 0.1405540 0.0624832 0.4452963 0.0269920 0.1043546 0.0917177 0.0871424 0.0643188 0.0591701 0.1398572 0.0560493 0.0678194 0.0244451 0.0220080 0.0270794 0.1095385 0.0294655 0.0376781 0.0832212 0.0986194 0.0970630 0.0589530 0.0848230 0.0963442 0.0564932 0.0562573 0.0599324 0.0558355 0.0890908 0.0673440 0.0171171 0.0627362 0.0651889 0.0244132 0.0678411 0.0569181 0.0931360 0.0345904 0.1799174 0.1028722 0.0714450 0.0565404 0.0562993 0.0294647 0.0701478 0.0367950 0.0533105 0.0739793 0.0940450 0.0745461 0.0219855 0.0582870 0.0771823 0.1029191 0.0564418 0.0677966 0.0679058 0.0571531 
S0335         0.1586223 0.0979584 0.1170812 0.1137949 0.1133930 0.0892278 0.1270624 0.1169072 0.0717463 0.0944436 0.1156250 0.1070865 0.1340116 0.1382986 0.1245671 0.0997544 0.0000000 0.0607890 0.1276115 0.1290569 0.0859063 0.0947543 0.1051661 0.1339861 0.1203093 0.0883337 0.1291113 0.1033944 0.1017589 0.1164712 0.1294637 0.1164117 0.1011328 0.1014975 0.1178414 0.1057383 0.0937588 0.1199856 0.0888864 0.0962695 0.1207623 0.1844263 0.1085960 0.1275022 0.1225793 0.1109750 0.1023188 0.0910385 0.0859935 0.0906795 0.0926666 0.0993346 0.1056155 0.1085911 0.1144213 0.1004196 0.1059141 0.0982811 0.1153272 0.0993834 0.0949360 0.0987645 0.1058533 0.1125584 0.1157557 0.1721085 0.1297778 0.1111787 0.1104625 0.0901205 0.0911289 0.1760599 0.0987526 0.4452963 0.1099518 0.1210052 0.0832286 0.1018968 0.0949769 0.0741612 0.1712218 0.0888294 0.1114404 0.1161594 0.1009853 0.1073932 0.1304740 0.1128543 0.1277184 0.1100139 0.1260436 0.1201926 0.0951902 0.1088008 0.0595627 0.0656958 0.0922443 0.0980198 0.0868177 0.1028211 0.0952168 0.0852863 0.0781089 0.0749837 0.1130943 0.1045612 0.0926666 0.1125764 0.1132068 0.2112931 0.1228615 0.0872175 0.0540121 0.0923306 0.1129643 0.1137387 0.1211111 0.0857664 0.0958859 0.0786467 0.0245532 0.1008413 0.0359815 0.0934968 0.1092411 0.0856371 0.0541774 0.1104290 0.0782403 
S0345         0.1968857 0.0960570 0.1220162 0.0840926 0.1048543 0.0960570 0.1380789 0.0974214 0.0778872 0.1207202 0.1046799 0.0846909 0.1314531 0.1550900 0.1328321 0.0723111 0.0607890 0.0000000 0.1393458 0.1616354 0.0960570 0.0960570 0.1048914 0.1102577 0.1041575 0.0778968 0.1383236 0.0907491 0.0842998 0.1371179 0.1343107 0.0840833 0.1160773 0.1305095 0.1056387 0.0777367 0.0784105 0.0960036 0.1024168 0.0844451 0.1312429 0.2051474 0.0907441 0.1380789 0.0961113 0.1095903 0.0771052 0.0741553 0.0960570 0.0726978 0.0778968 0.1105155 0.0984806 0.0898901 0.1172211 0.0840668 0.0904411 0.0784169 0.0979099 0.0719832 0.0895673 0.0836254 0.0907671 0.1175370 0.0837977 0.1733347 0.1324355 1.0672186 0.0854397 0.0905392 0.0910649 0.1853720 0.0778968 0.4452963 0.0780610 0.1015192 0.0775964 0.1236792 0.0835937 0.0600405 0.1917203 0.0960570 0.1035444 0.0913073 0.0850235 0.0972835 0.1459972 0.0842683 0.1058686 0.0868189 0.1405995 0.1243877 0.0960570 0.1111247 0.0600899 0.0658988 0.0966488 0.0966717 0.0575577 0.0980552 0.0898522 0.0665790 0.0854275 0.0542401 0.0981571 0.0966502 0.0778968 0.0837977 0.0965562 1.6166340 0.0961500 0.0919248 0.0596048 0.0960570 0.0779379 0.1294681 0.0837524 0.1023361 0.1109672 0.0733857 0.0485960 0.0779796 0.0390514 0.0979482 0.1023609 0.0961859 0.0425312 0.1137540 0.0784296 
S0355         0.1742633 0.1020428 0.1082761 0.1138069 0.1058682 0.0934052 0.0047308 0.1129411 0.0884472 0.1046638 0.1102897 0.1042855 0.0095421 0.0618895 0.0023701 0.1001381 0.1276115 0.1393458 0.0000000 0.1267188 0.0900992 0.0929681 0.1103525 0.1187226 0.1069144 0.0938295 0.1278295 0.1012940 0.0940078 0.1122554 0.0679069 0.1194808 0.1053788 0.1087901 0.1170548 0.0999842 0.0935005 0.0937423 0.0930530 0.1041468 0.0047324 0.1559189 0.1269869 0.0047447 0.1219221 0.1086386 0.1003598 0.0930911 0.0901893 0.0957754 0.0946820 0.0948729 0.1034549 0.1027524 0.0559046 0.0968974 0.1033202 0.0957391 0.0371581 0.0974837 0.0878753 0.0968881 0.0971181 0.1250494 0.1187015 0.1657127 0.1381065 0.0572269 0.0486933 0.0915123 0.0925204 0.1516163 0.0947515 0.8273471 0.1067488 0.1037723 0.1229581 0.0612839 0.1019850 0.0848725 0.1475863 0.0960255 0.1026653 0.1032617 0.0974240 0.1005554 0.0119984 0.1068156 0.1202857 0.0571909 0.0048121 0.0047564 0.0993107 0.0534907 0.1341471 0.0850207 0.0963945 0.1112808 0.0914455 0.1266411 0.1026087 0.0925815 0.0883956 0.0973901 0.1200865 0.1027044 0.0946820 0.1155131 0.1091877 0.2164212 0.1258404 0.1011943 0.1028646 0.0936724 0.1160919 0.1176808 0.1148027 0.0901499 0.0947799 0.1327453 0.1101329 0.1003536 0.0848429 0.0977327 0.1310115 0.0821511 0.0971888 0.1014893 0.0861135 
S0376         0.2158857 0.0700564 0.0841736 0.1022585 0.1421136 0.0618704 0.1261775 0.1085304 0.0822632 0.0799919 0.0860042 0.1058480 0.1266267 0.1274737 0.1230049 0.0861010 0.1290569 0.1616354 0.1267188 0.0000000 0.0588853 0.0616102 0.1328016 0.1039930 0.1118154 0.0753481 0.0403201 0.1148143 0.0982620 0.0794104 0.1070584 0.1151030 0.0822400 0.0767760 0.1123928 0.1069917 0.0918408 0.0875187 0.0561985 0.0952489 0.1262260 0.1437281 0.1000871 0.1266109 0.1257650 0.0819313 0.0953288 0.0776171 0.0589426 0.0773966 0.0765336 0.0985723 0.0975284 0.1098047 0.1097053 0.0985721 0.1134569 0.0904611 0.1034580 0.0953894 0.0977894 0.0918804 0.0956328 0.1119797 0.1178213 0.1308021 0.1073095 0.0793419 0.0963818 0.0952317 0.0962926 0.1395637 0.0823313 0.7576146 0.0988723 0.1146334 0.1105949 0.1064291 0.0842505 0.0874862 0.1354516 0.0644208 0.0850268 0.1118459 0.0991164 0.0992722 0.1368152 0.1108651 0.1166490 0.0961882 0.1247698 0.1203972 0.0674073 0.1133849 0.1320681 0.0789213 0.0646611 0.0727656 0.0699903 0.1043540 0.0874847 0.0935853 0.0829259 0.0881726 0.1117018 0.0850566 0.0765336 0.1146575 0.1110963 0.1750823 0.1249005 0.0949277 0.0911047 0.0620237 0.1054657 0.0788418 0.1221548 0.0671470 0.0741317 0.1092982 0.1018588 0.1051143 0.0849301 0.0957252 0.1315393 0.0880897 0.0973234 0.0385052 0.0833371 
S0400         0.1483198 0.0143030 0.0761278 0.0649203 0.1034864 0.0023567 0.0897314 0.0762605 0.0477617 0.0151247 0.0296168 0.0680399 0.0958895 0.1084007 0.0873020 0.0506273 0.0859063 0.0960570 0.0900992 0.0588853 0.0000000 0.0070798 0.0896708 0.0451729 0.0735139 0.0571261 0.0676070 0.0621661 0.0642848 0.0344281 0.0818871 0.0764527 0.0193724 0.0194354 0.0738727 0.0613299 0.0532880 0.0471986 0.0023487 0.0704879 0.0897644 0.1346636 0.0396779 0.0900230 0.0861536 0.0193056 0.0615797 0.0566985 0.0047120 0.0564882 0.0586092 0.0580446 0.0752271 0.0639299 0.0805487 0.0535463 0.0669872 0.0541019 0.0754648 0.0535024 0.0639976 0.0585721 0.0645905 0.0314703 0.0914032 0.1257802 0.0956546 0.0674074 0.0678143 0.0560828 0.0566682 0.1306651 0.0640996 0.4452963 0.0646673 0.0788900 0.0784409 0.0776029 0.0216453 0.0474627 0.1300403 0.0047120 0.0243544 0.0735288 0.0538217 0.0593591 0.0932733 0.0673013 0.0716688 0.0676212 0.0914490 0.0871223 0.0071083 0.0752945 0.0885215 0.0448684 0.0047283 0.0050381 0.0174961 0.0702387 0.0242011 0.0514120 0.0481259 0.0531351 0.0734338 0.0243601 0.0586092 0.0884455 0.0646375 0.1260046 0.0979032 0.0590312 0.0608747 0.0047306 0.0734346 0.0217159 0.0693954 0.0070831 0.0424518 0.0862427 0.0619672 0.0592243 0.0462518 0.0645269 0.1008379 0.0553869 0.0610591 0.0524749 0.0506947 
S0405         0.1483198 0.0167301 0.0856970 0.0733139 0.1034864 0.0095011 0.0925881 0.0790774 0.0557514 0.0228777 0.0373227 0.0765249 0.0987863 0.1113729 0.0901605 0.0586971 0.0947543 0.0960570 0.0929681 0.0616102 0.0070798 0.0000000 0.0896708 0.0477944 0.0820673 0.0654545 0.0760331 0.0705161 0.0670137 0.0369724 0.0847298 0.0850649 0.0268499 0.0269378 0.0824703 0.0695606 0.0613991 0.0497979 0.0094689 0.0789702 0.0926223 0.1445151 0.0474970 0.0928896 0.0861274 0.0267566 0.0698495 0.0649625 0.0118728 0.0647195 0.0667950 0.0608303 0.0810361 0.0721861 0.0833404 0.0617000 0.0753310 0.0623447 0.0782501 0.0616489 0.0667357 0.0667569 0.0729406 0.0314703 0.0943177 0.1353202 0.0924366 0.0725387 0.0705416 0.0642553 0.0649321 0.1404029 0.0723778 0.4452963 0.0730251 0.0760162 0.0812463 0.0803759 0.0290888 0.0554019 0.1397215 0.0118728 0.0319145 0.0820856 0.0620202 0.0676597 0.0961660 0.0756863 0.0803043 0.0703882 0.0943643 0.0899744 0.0143291 0.0780728 0.0973794 0.0527696 0.0119141 0.0050381 0.0252010 0.0786904 0.0317123 0.0596145 0.0561804 0.0612217 0.0819803 0.0319224 0.0667950 0.0913448 0.0729908 0.1404032 0.1008647 0.0672816 0.0690396 0.0119203 0.0819807 0.0291851 0.0777361 0.0142779 0.0450528 0.0951252 0.0702898 0.0675021 0.0544085 0.0728694 0.1038110 0.0634492 0.0692513 0.0552313 0.0587772 
S0407sl       0.1384424 0.0896708 0.0730073 0.0367836 0.0996272 0.0896708 0.1093783 0.0367184 0.0848275 0.0988135 0.1328605 0.0482652 0.1031412 0.1185801 0.1041777 0.0311094 0.1051661 0.1048914 0.1103525 0.1328016 0.0896708 0.0896708 0.0000000 0.1101178 0.0423509 0.0543633 0.1241775 0.0597374 0.0850053 0.1300592 0.1052772 0.0368564 0.1093650 0.1235384 0.0484627 0.0478796 0.0482725 0.0896215 0.0959378 0.0723345 0.1029816 0.1536217 0.0900951 0.1093783 0.0710536 0.0969080 0.0777301 0.0500614 0.0896708 0.0549619 0.0543633 0.1053925 0.0858659 0.0591943 0.0948489 0.0536766 0.0595414 0.0311709 0.0779295 0.0725647 0.0780992 0.0783033 0.0778170 0.1117434 0.0788921 0.1266175 0.0863287 1.0617312 0.0719178 0.0854072 0.0859068 0.1365675 0.0543633 0.4118550 0.0537343 0.0899428 0.1099496 0.0885940 0.0895515 0.0724599 0.1426218 0.0896708 0.0969873 0.0313374 0.0542610 0.0657214 0.1166111 0.0538062 0.0429741 0.0860513 0.1112959 0.0965934 0.0959378 0.0890822 0.1057434 0.0785215 0.0967793 0.0912615 0.0517830 0.0971409 0.0958806 0.0372035 0.0862658 0.0785215 0.0481051 0.1042233 0.0543633 0.0788921 0.0652566 1.5760902 0.0847639 0.0861825 0.0782182 0.0896708 0.0423512 0.1095709 0.0534885 0.0958625 0.1042568 0.1126650 0.1039042 0.0480189 0.0575343 0.0927738 0.0923216 0.0776485 0.0842144 0.0919391 0.0732624 
S0412sl       0.1631955 0.0533019 0.1294524 0.1047459 0.1113160 0.0480082 0.1255670 0.1077809 0.0912439 0.0621560 0.0710911 0.1080814 0.1324167 0.1428374 0.1230981 0.0913851 0.1339861 0.1102577 0.1187226 0.1039930 0.0451729 0.0477944 0.1101178 0.0000000 0.1078042 0.0993716 0.1140182 0.1046170 0.0948142 0.0731055 0.1236313 0.1143002 0.0675907 0.0678247 0.1149297 0.1002494 0.0848999 0.0785710 0.0478357 0.1203736 0.1256151 0.1949694 0.0589266 0.1259966 0.1144674 0.0644992 0.0979040 0.1019442 0.0505153 0.1015428 0.1034376 0.0890257 0.1204650 0.1030246 0.1214572 0.0911773 0.1065773 0.0868650 0.1038994 0.0890881 0.1003524 0.0944415 0.1013490 0.0430346 0.1345178 0.1822108 0.1379603 0.1318031 0.1080398 0.0918484 0.0928645 0.1865760 0.1095776 0.4452963 0.1072059 0.1141968 0.1195094 0.1181465 0.0614723 0.0878585 0.1891359 0.0505153 0.0589152 0.1049147 0.0916709 0.0977638 0.1296776 0.1009994 0.1092577 0.1046991 0.1244791 0.1228283 0.0480155 0.1158597 0.1336098 0.0877895 0.0507013 0.0261298 0.0587228 0.1168538 0.0618030 0.0895913 0.0860595 0.0972838 0.1076558 0.0620752 0.1034376 0.1312434 0.1031892 0.1910471 0.1419205 0.1042560 0.1027774 0.0481236 0.1138654 0.0699240 0.0969501 0.0531592 0.0737332 0.1291350 0.1067574 0.0975147 0.0899054 0.0916488 0.1247049 0.0965260 0.1059813 0.0855220 0.0888576 
S0417         0.1304377 0.0851371 0.0920660 0.0296171 0.0923903 0.0766766 0.1064659 0.0320056 0.0803228 0.0903885 0.1050194 0.0321634 0.1035057 0.1176808 0.1039978 0.0345997 0.1203093 0.1041575 0.1069144 0.1118154 0.0735139 0.0820673 0.0423509 0.1078042 0.0000000 0.0705923 0.1157403 0.0566765 0.1018675 0.1036483 0.1083301 0.0320822 0.0980019 0.0983548 0.0322461 0.0505425 0.0426620 0.1094738 0.0763894 0.0966371 0.1065062 0.1644806 0.1042902 0.1068232 0.1057441 0.0916854 0.0989032 0.0729075 0.0735871 0.0726715 0.0747645 0.0951790 0.1024509 0.0531069 0.1064158 0.0481875 0.0533491 0.0273570 0.0891824 0.0959928 0.0953512 0.0924495 0.0955111 0.1109542 0.1164458 0.1545443 0.1192810 0.1220727 0.0898007 0.0891994 0.0901867 0.1602279 0.0806180 0.4118550 0.0454763 0.1218119 0.1114528 0.1032083 0.0880851 0.0855959 0.1593996 0.0792833 0.0861544 0.0194575 0.0484339 0.0539030 0.1165172 0.0563093 0.0351109 0.0962139 0.1085731 0.1037757 0.0766895 0.1008868 0.1092893 0.0769665 0.0795865 0.0906370 0.0738316 0.1117462 0.0913920 0.0406704 0.0837945 0.0862737 0.0376820 0.0861851 0.0747645 0.1132479 0.0618189 0.1985637 0.1235962 0.0899083 0.0800324 0.0796556 0.0345723 0.0943719 0.0639084 0.0763611 0.0987512 0.1103478 0.0995575 0.0483783 0.0766185 0.0901891 0.1172801 0.0798611 0.0861275 0.0900560 0.0693278 
S0419         0.1285699 0.0684092 0.0165972 0.0675143 0.0550471 0.0601416 0.0934315 0.0704901 0.0579004 0.0788601 0.0874357 0.0737058 0.0937888 0.0973329 0.0909124 0.0525807 0.0883337 0.0778968 0.0938295 0.0753481 0.0571261 0.0654545 0.0543633 0.0993716 0.0705923 0.0000000 0.0780450 0.0704331 0.0719875 0.0830083 0.0852713 0.0736137 0.0778086 0.0780340 0.0675254 0.0580578 0.0553492 0.0802519 0.0599184 0.0278250 0.0934672 0.1271603 0.0868397 0.0937477 0.0853487 0.0775131 0.0755911 0.0000024 0.0571825 0.0000023 0.0000029 0.0688760 0.0312159 0.0607410 0.0779435 0.0612958 0.0638744 0.0505812 0.0720572 0.0727706 0.0722957 0.0723219 0.0723445 0.0905734 0.0468328 0.1281026 0.0718807 0.0836051 0.0705848 0.0639905 0.0646892 0.1299280 0.0048389 0.4452963 0.0643107 0.0878128 0.0722340 0.0749089 0.0712757 0.0602935 0.1292831 0.0599184 0.0749657 0.0706010 0.0616256 0.0674705 0.1033414 0.0641840 0.0836665 0.0732822 0.0950225 0.0870698 0.0657470 0.0754480 0.0821227 0.0547869 0.0629668 0.0714380 0.0508253 0.0847555 0.0744279 0.0561193 0.0610991 0.0579482 0.0705063 0.0749910 0.0000029 0.0440966 0.0730003 0.1869491 0.0526415 0.0757424 0.0490133 0.0630167 0.0734471 0.0686872 0.0692796 0.0598962 0.0697099 0.0830715 0.0693482 0.0584531 0.0505007 0.0671132 0.0880556 0.0411452 0.0574178 0.0686519 0.0527096 
S0427         0.1984762 0.0790441 0.0975478 0.1091483 0.1331064 0.0706993 0.1272790 0.1155032 0.0799594 0.0902558 0.0924683 0.1065336 0.1342363 0.1382036 0.1247821 0.0925747 0.1291113 0.1383236 0.1278295 0.0403201 0.0676070 0.0760331 0.1241775 0.1140182 0.1157403 0.0780450 0.0000000 0.1155647 0.1081736 0.0879899 0.1085127 0.1222173 0.0916501 0.0889183 0.1229010 0.1076740 0.0986741 0.0852414 0.0648590 0.0982420 0.1273283 0.1504671 0.1060269 0.1277200 0.1285305 0.0854209 0.1022189 0.0805885 0.0676737 0.0832318 0.0822986 0.1020626 0.1006005 0.1105064 0.1165865 0.0991960 0.1141894 0.0971108 0.1043373 0.1022316 0.1076430 0.1015952 0.1025507 0.0913242 0.1178688 0.1449187 0.1276430 0.0980494 0.1033999 0.0989657 0.1000807 0.1462241 0.0881650 0.4452963 0.1056354 0.1346619 0.1066998 0.1071037 0.0877499 0.0910437 0.1533785 0.0732842 0.0885678 0.1188929 0.0997483 0.0999058 0.1380272 0.1147608 0.1273644 0.0998947 0.1265984 0.1204009 0.0763722 0.1141154 0.1256485 0.0823647 0.0735625 0.0659222 0.0764018 0.1111540 0.0910420 0.0972816 0.0834337 0.0917654 0.1187395 0.0885986 0.0822986 0.1147031 0.1118142 0.2047709 0.1249527 0.0986450 0.0970406 0.0736241 0.1123843 0.0939764 0.1166494 0.0760736 0.0833643 0.1063522 0.1018960 0.1057890 0.0849590 0.0919216 0.1447021 0.0916787 0.0973583 0.0416867 0.0769493 
S0478         0.1200826 0.0701753 0.0986305 0.0486808 0.0855414 0.0652092 0.1008687 0.0484736 0.0743889 0.0809938 0.0926593 0.0432534 0.1012524 0.1172584 0.0983886 0.0296512 0.1033944 0.0907491 0.1012940 0.1148143 0.0621661 0.0705161 0.0597374 0.1046170 0.0566765 0.0704331 0.1155647 0.0000000 0.0895964 0.0945853 0.1018234 0.0485927 0.0800729 0.0832314 0.0488476 0.0347297 0.0270975 0.1031902 0.0649679 0.0903929 0.1009069 0.1464854 0.0979936 0.1012061 0.1019086 0.0827842 0.0866941 0.0727975 0.0622273 0.0725159 0.0746056 0.0803456 0.0959722 0.0372375 0.0941079 0.0297638 0.0400088 0.0275010 0.0888728 0.0838444 0.0832935 0.0833288 0.0900492 0.0847773 0.1065521 0.1371488 0.1142117 0.1166263 0.0781636 0.0779572 0.0788152 0.1424388 0.0804453 0.4452963 0.0376547 0.1056719 0.0989138 0.1000717 0.0763630 0.0652734 0.1417229 0.0677875 0.0801160 0.0458569 0.0299125 0.0351359 0.1046400 0.0401924 0.0602653 0.0900225 0.0997719 0.0981782 0.0708301 0.0886634 0.1040837 0.0711074 0.0680440 0.0658273 0.0680717 0.1085223 0.0795433 0.0222054 0.0777769 0.0802531 0.0457968 0.0801436 0.0746056 0.1034223 0.0428214 0.2054340 0.1135052 0.0839900 0.0713511 0.0680992 0.0511850 0.0882606 0.0372109 0.0649440 0.0858318 0.1047831 0.0904089 0.0324868 0.0677724 0.0899922 0.1168935 0.0682976 0.0715774 0.0870582 0.0691807 
S0552sl       0.1601546 0.0755524 0.0935112 0.0985977 0.0928393 0.0673204 0.0936194 0.0986740 0.0619966 0.0824603 0.0917992 0.0863982 0.0998971 0.1200813 0.0911672 0.0768807 0.1017589 0.0842998 0.0940078 0.0982620 0.0642848 0.0670137 0.0850053 0.0948142 0.1018675 0.0719875 0.1081736 0.0895964 0.0000000 0.0849256 0.0894506 0.0982779 0.0731985 0.0852698 0.0926857 0.0883379 0.0797349 0.0873652 0.0670731 0.0859043 0.0936543 0.1539000 0.1029820 0.0939277 0.1012433 0.0848360 0.0120398 0.0714374 0.0643476 0.0711660 0.0732283 0.0334300 0.0849250 0.0910758 0.0793479 0.0830110 0.0885101 0.0810064 0.0822225 0.0120484 0.0269522 0.0095631 0.0095658 0.0859867 0.1087000 0.1487265 0.1111697 0.0794132 0.0808013 0.0373812 0.0351407 0.1498125 0.0789528 0.4452963 0.0862622 0.0456595 0.0941702 0.0849778 0.0700697 0.0616172 0.1422203 0.0698790 0.0821667 0.0985431 0.0834598 0.0894891 0.1032676 0.0890161 0.1092973 0.0691746 0.0923985 0.0909769 0.0729124 0.0797293 0.1082174 0.0508103 0.0701415 0.0725693 0.0673421 0.0917314 0.0787231 0.0751810 0.0652143 0.0676554 0.1017625 0.0759559 0.0732283 0.1055832 0.0950633 0.1786071 0.1093176 0.0768976 0.0756427 0.0701986 0.0862572 0.0902542 0.0940212 0.0642848 0.0655100 0.0905388 0.0737245 0.0863526 0.0579719 0.0768356 0.1116372 0.0731523 0.0702333 0.0830414 0.0651762 
S0558         0.1891183 0.0448296 0.0960091 0.1035849 0.1184984 0.0371345 0.1117863 0.1036640 0.0758305 0.0475145 0.0619652 0.1010641 0.1183508 0.1254055 0.1093367 0.0818146 0.1164712 0.1371179 0.1122554 0.0794104 0.0344281 0.0369724 0.1300592 0.0731055 0.1036483 0.0830083 0.0879899 0.0945853 0.0849256 0.0000000 0.1096291 0.1100665 0.0532236 0.0535563 0.1045000 0.0816906 0.0846683 0.0693584 0.0318982 0.0998462 0.1118284 0.1677376 0.0726237 0.1121604 0.1027256 0.0504575 0.0908449 0.0823724 0.0395954 0.0820591 0.0840421 0.0816593 0.1025200 0.0901559 0.1048874 0.0850994 0.0843828 0.0860105 0.1056497 0.0850784 0.0932733 0.0874947 0.0941817 0.0662586 0.1068798 0.1608333 0.1157707 0.0891717 0.1007975 0.0907538 0.0917457 0.1702330 0.0898517 0.8273471 0.0912325 0.1066851 0.1051015 0.1016967 0.0527718 0.0810124 0.1588300 0.0395954 0.0560151 0.1038994 0.0855554 0.0856849 0.1156647 0.0909962 0.1055630 0.0915577 0.1139943 0.1023563 0.0423196 0.1053984 0.1224568 0.0725888 0.0397386 0.0482568 0.0469441 0.1062793 0.0502998 0.0801863 0.0821887 0.0873896 0.0969695 0.0560316 0.0840421 0.1099466 0.0970918 0.1507095 0.1199427 0.0940732 0.0919828 0.0397648 0.1067535 0.0583353 0.1018491 0.0369906 0.0645654 0.1170015 0.0937000 0.0913278 0.0772740 0.1000287 0.1167326 0.0781306 0.0922756 0.0761059 0.0849113 
