100
S0055      0.0000000 0.1070221 0.0761134 0.0466883 0.1101576 0.0759161 0.0522809 0.0871670 0.0789491 0.1448303 0.0793358 0.0899109 0.0983209 0.1000767 0.0471867 0.0307945 0.0825233 0.0993868 0.0777925 0.0589003 0.0604632 0.0746475 0.0758487 0.0416350 0.1053027 0.0642548 0.0794295 0.0755634 0.0412640 0.0753920 0.0843847 0.1252053 0.0357850 0.0626697 0.0527690 0.0702194 0.0642760 0.0750251 0.1040798 0.0793429 0.0740666 0.0814007 0.0581556 0.0712747 0.0873385 0.1062950 0.1063860 0.1059601 0.0889581 0.1186096 0.1180088 0.0872169 0.0703605 0.0827528 0.0572021 0.0810353 0.1111587 0.0361591 0.0806945 0.0581233 0.0851890 0.0793429 0.0860771 0.0877018 0.0770795 0.0903325 0.0413328 0.1014857 0.0591515 0.0759908 0.0370372 0.0413610 0.0254217 0.0630290 0.0638743 0.0643591 0.0760418 0.0755449 0.0582206 0.0697246 0.1062950 0.0671426 0.0470249 0.0892144 0.0581867 0.0530558 0.1052828 0.0304540 0.1012729 0.0638835 0.0613110 0.0874830 0.0791167 0.0695851 0.0523800 0.1226578 0.0702513 0.0699735 0.1642339 0.0623854 
S0278      0.1070221 0.0000000 0.0909300 0.1399520 0.0739461 0.1187026 0.1341989 0.0330916 0.1354481 0.1953558 0.0606093 0.1580002 0.0628325 0.1646715 0.1292043 0.1047446 0.0409373 0.1390418 0.1392705 0.0851250 0.0886344 0.1647157 0.1619714 0.1106402 0.0747989 0.0690079 0.1010708 0.1134197 0.1153987 0.1198713 0.1463516 0.1547177 0.1097342 0.0855599 0.1136030 0.1320478 0.1260528 0.1193107 0.1345383 0.1016658 0.1097380 0.1555245 0.0969786 0.0988478 0.1649111 0.1591682 0.1371213 0.1555582 0.1495301 0.1544445 0.1537115 0.1631672 0.1570380 0.1144695 0.1187246 0.1239000 0.1603961 0.1166492 0.1794596 0.1143494 0.0480922 0.0953757 0.1018586 0.0232648 0.1206423 0.1398358 0.1161257 0.1254505 0.1339484 0.1188340 0.1069902 0.1341790 0.1336595 0.1150241 0.0792438 0.1072712 0.1117580 0.1881032 0.1078815 0.0467340 0.1591682 0.0837652 0.1287619 0.1335249 0.1314410 0.1370267 0.0530450 0.1101895 0.0963219 0.0952830 0.1444992 0.1585523 0.0951163 0.1384635 0.1133892 0.1848877 0.1145258 0.1257370 0.1758732 0.1104873 
S0281      0.0761134 0.0909300 0.0000000 0.0982759 0.1068016 0.0912205 0.1091954 0.0958947 0.1178971 0.1600226 0.0948187 0.1400894 0.1290514 0.1148060 0.0933450 0.0811157 0.0864154 0.1263649 0.1218786 0.0853779 0.0724500 0.1268473 0.1293524 0.0872915 0.1242481 0.0799205 0.1016821 0.0907543 0.0809399 0.0380671 0.1286678 0.1311842 0.0756010 0.0692045 0.0378626 0.0431615 0.0912090 0.0379019 0.1171579 0.1022842 0.0967513 0.1189020 0.0798955 0.0882299 0.1463316 0.0911430 0.1014905 0.1201283 0.1168401 0.1250618 0.1244784 0.1257580 0.1089152 0.0913309 0.0903050 0.0897229 0.1307564 0.0817655 0.1402167 0.0696640 0.1027166 0.0959543 0.1024793 0.0964415 0.0967329 0.1223639 0.0868983 0.1029577 0.1103373 0.0913097 0.0666665 0.0982461 0.0978769 0.0975373 0.0741921 0.0802664 0.0913666 0.1415898 0.0427105 0.0932688 0.0911430 0.0842740 0.0930338 0.1103301 0.0963637 0.1120525 0.1185682 0.0812427 0.1092314 0.0796529 0.1136920 0.1146421 0.0956917 0.1027083 0.0796215 0.1293815 0.0381273 0.0909944 0.1657574 0.0798495 
S0282      0.0466883 0.1399520 0.0982759 0.0000000 0.1373235 0.1151616 0.0898959 0.1085615 0.1393610 0.1920086 0.1016918 0.1559812 0.1366003 0.1406136 0.0481622 0.0479432 0.1121187 0.1270431 0.1432515 0.0976977 0.0842914 0.1021595 0.0851907 0.0586055 0.1371873 0.1031044 0.1191949 0.1029996 0.0479412 0.1092652 0.1506012 0.1782872 0.0525089 0.0872313 0.0701967 0.0871652 0.0924274 0.1087539 0.1572571 0.1199171 0.1096049 0.1148061 0.0920035 0.1010625 0.1304912 0.1328747 0.1391460 0.1339259 0.1321555 0.1714229 0.1705789 0.1397625 0.1404495 0.1280850 0.0843818 0.1199180 0.1632925 0.0479813 0.0844607 0.0913492 0.1230729 0.1133289 0.1201496 0.1205832 0.1281859 0.1567290 0.0527912 0.1470857 0.1358798 0.1152894 0.0441416 0.0630765 0.0526538 0.0903044 0.1025236 0.1035900 0.1153631 0.0962022 0.0754279 0.1045900 0.1328747 0.1012882 0.0480103 0.1358910 0.1204858 0.0749696 0.1438973 0.0476970 0.1286863 0.0914949 0.1275153 0.1346582 0.1130082 0.1157875 0.0858545 0.1758430 0.0982825 0.1278141 0.1837937 0.0801796 
S0289      0.1101576 0.0739461 0.1068016 0.1373235 0.0000000 0.1180158 0.1429556 0.0574767 0.1483914 0.2003920 0.0653187 0.1712894 0.0777285 0.1429408 0.1324238 0.1083154 0.0626303 0.1350693 0.1521061 0.1062160 0.0822435 0.1414047 0.1519414 0.1141274 0.0850092 0.0896521 0.1113404 0.1225783 0.1187862 0.1176203 0.1594328 0.1733894 0.1132102 0.0793019 0.1059814 0.1237979 0.1179781 0.1170817 0.1407385 0.1119960 0.1014510 0.1349980 0.0842324 0.0979328 0.1647564 0.1559094 0.1478144 0.1480291 0.1284588 0.1730644 0.1722342 0.1420979 0.1425155 0.1134117 0.1234043 0.1173387 0.1791823 0.1200529 0.1817679 0.1122197 0.0587237 0.1056394 0.1122077 0.0577817 0.1195110 0.1402659 0.1195239 0.1314281 0.1322597 0.1181452 0.1170522 0.1314062 0.1367726 0.1128677 0.1000786 0.1066745 0.1055224 0.1754943 0.1004335 0.0680984 0.1559094 0.0826527 0.1257825 0.1205327 0.1230927 0.1401481 0.0781758 0.1136721 0.1120500 0.1109593 0.1302174 0.1371241 0.1053501 0.1299565 0.1100582 0.1710642 0.1068160 0.1190522 0.2047841 0.0962358 
S0292      0.0759161 0.1187026 0.0912205 0.1151616 0.1180158 0.0000000 0.1266546 0.1069346 0.1037962 0.1289801 0.0999989 0.1252317 0.1288892 0.1024245 0.1046895 0.0927287 0.1043150 0.1264015 0.1078134 0.0852338 0.0607880 0.1085416 0.1356028 0.0984589 0.1179285 0.0797816 0.1073844 0.1017319 0.0918753 0.0907989 0.1142314 0.1085821 0.0974092 0.0628260 0.0796340 0.0966635 0.0794304 0.0903859 0.1108340 0.1080247 0.0840963 0.0952253 0.0635477 0.0707536 0.1529725 0.1393815 0.1073375 0.1071377 0.0978996 0.1026922 0.1022173 0.0960554 0.0900140 0.0910066 0.1022803 0.0581957 0.1082248 0.0928282 0.1525429 0.0579494 0.0891134 0.1016140 0.1082318 0.1006741 0.0910944 0.1082280 0.0980166 0.1025706 0.0865257 0.0183821 0.0893446 0.0980889 0.1091920 0.1087977 0.0793437 0.0090993 0.0183927 0.1541648 0.0848468 0.0983580 0.1393815 0.0898225 0.1043379 0.0489558 0.0679575 0.1121961 0.1072472 0.0922258 0.1148584 0.0903883 0.0890892 0.0969195 0.1013330 0.0743565 0.0638570 0.1203302 0.0802402 0.0686997 0.1662323 0.0732683 
S0294      0.0522809 0.1341989 0.1091954 0.0898959 0.1429556 0.1266546 0.0000000 0.1143466 0.1397781 0.1861221 0.1132538 0.1564683 0.1430333 0.1593456 0.0799061 0.0636298 0.1183532 0.1506602 0.1436796 0.1033913 0.1077985 0.1245570 0.1084228 0.0802256 0.1198573 0.0976798 0.1153740 0.1259362 0.0795313 0.1203891 0.1510660 0.1719354 0.0734569 0.1116393 0.1084030 0.1267359 0.1032508 0.1198235 0.1447815 0.1038181 0.1153537 0.1319907 0.1030337 0.1183464 0.0847685 0.1461561 0.1277404 0.1393777 0.1379867 0.1651428 0.1643319 0.1452331 0.1341606 0.1164174 0.0950373 0.1313866 0.1571387 0.0689363 0.1127659 0.1023016 0.1150724 0.0973630 0.1040197 0.1150261 0.1107060 0.1442848 0.0738779 0.1232092 0.1354946 0.1268023 0.0651841 0.0846650 0.0843578 0.1011137 0.0971299 0.1148753 0.1268837 0.1143870 0.1138876 0.1048506 0.1461561 0.0972480 0.0796483 0.1359994 0.1261686 0.0975359 0.1261598 0.0685138 0.1229853 0.1139300 0.1333993 0.1532319 0.1091146 0.1390846 0.1138711 0.1822342 0.1150182 0.1336185 0.1980330 0.1038941 
S0299      0.0871670 0.0330916 0.0958947 0.1085615 0.0574767 0.1069346 0.1143466 0.0000000 0.1364455 0.1876788 0.0441383 0.1591622 0.0469877 0.1434149 0.1094566 0.0862957 0.0354267 0.1251978 0.1402829 0.0579131 0.0659562 0.1317291 0.1269394 0.0918998 0.0581072 0.0526794 0.0886534 0.1007063 0.0965879 0.1010765 0.1474262 0.1552552 0.0911677 0.0681696 0.0844884 0.1015894 0.0959719 0.1006171 0.1290305 0.0891607 0.0902981 0.1236882 0.0688170 0.0759260 0.1435930 0.1380980 0.1234296 0.1308734 0.1225958 0.1549798 0.1542418 0.1305927 0.1425725 0.1023989 0.1125490 0.1173660 0.1609539 0.0975884 0.1451690 0.0957501 0.0366757 0.0831183 0.0893259 0.0184897 0.1083829 0.1408564 0.0971644 0.1201060 0.1207478 0.1070464 0.0942114 0.1143318 0.1139015 0.0960354 0.0625394 0.0957733 0.1002681 0.1651563 0.0791199 0.0302281 0.1380980 0.0718829 0.1090917 0.1138133 0.1121045 0.1166911 0.0375032 0.0915316 0.0683755 0.0894986 0.1176680 0.1375686 0.0774523 0.1075036 0.0949849 0.1625514 0.0842121 0.1190816 0.1641209 0.0795371 
S0303      0.0789491 0.1354481 0.1178971 0.1393610 0.1483914 0.1037962 0.1397781 0.1364455 0.0000000 0.1152445 0.1300830 0.0140343 0.1603489 0.1571337 0.1410392 0.1275365 0.1345413 0.1643049 0.0000010 0.1248164 0.1045898 0.1368852 0.1759530 0.1339201 0.1758777 0.1067407 0.1452028 0.1243143 0.1262659 0.1369173 0.0046567 0.1825914 0.1323697 0.1083966 0.1121374 0.1311931 0.1238404 0.1362467 0.0977129 0.1529304 0.1177266 0.1540083 0.1061572 0.1153566 0.1747576 0.1776311 0.1055984 0.1557025 0.1251098 0.1755421 0.1746593 0.1618231 0.1437860 0.0716143 0.1300449 0.1275329 0.1819737 0.1277091 0.1646867 0.1118699 0.1189676 0.1454672 0.1532518 0.1232834 0.0770943 0.0093396 0.1333030 0.0895957 0.1391343 0.1164807 0.1178916 0.1462091 0.1328489 0.1449993 0.1180330 0.1046657 0.1165558 0.1596815 0.1178185 0.1362122 0.1776311 0.1320697 0.1405350 0.1395800 0.1292225 0.1629019 0.1620234 0.1268061 0.1587792 0.1119776 0.1306363 0.1422818 0.1450066 0.1365318 0.1119186 0.1539715 0.1252504 0.1294803 0.1887609 0.1060308 
S0308      0.1448303 0.1953558 0.1600226 0.1920086 0.2003920 0.1289801 0.1861221 0.1876788 0.1152445 0.0000000 0.1830460 0.1379992 0.1993281 0.1876500 0.1779444 0.1716539 0.1750745 0.2044990 0.1193580 0.1620595 0.1353834 0.2037500 0.2333052 0.1864144 0.2004411 0.1428876 0.1858672 0.1614269 0.1775589 0.1748479 0.1262915 0.1901214 0.1841423 0.1404187 0.1484369 0.1689095 0.1669569 0.1739720 0.1403484 0.1871583 0.1513354 0.1926131 0.1420493 0.1463843 0.2387073 0.1967963 0.1221632 0.1947952 0.1738788 0.1829375 0.1820086 0.1941730 0.1627552 0.1179193 0.1611090 0.1518752 0.1894755 0.1708284 0.2219407 0.1356040 0.1686663 0.1791272 0.1875621 0.1889456 0.1047719 0.1322319 0.1855814 0.1247853 0.1699807 0.1487455 0.1612216 0.1996607 0.1848846 0.1840046 0.1547138 0.1360556 0.1488439 0.1956994 0.1543771 0.1773869 0.1967963 0.1649425 0.1937667 0.1655355 0.1728456 0.2051045 0.1884672 0.1783951 0.1759785 0.1482503 0.1630600 0.1812510 0.1785241 0.1743644 0.1421422 0.2077614 0.1627113 0.1666321 0.2218438 0.1519262 
S0320      0.0793358 0.0606093 0.0948187 0.1016918 0.0653187 0.0999989 0.1132538 0.0441383 0.1300830 0.1830460 0.0000000 0.1341397 0.0698612 0.1123249 0.0909803 0.0789805 0.0466837 0.1196273 0.1341397 0.0658624 0.0631425 0.1197346 0.1282747 0.0847560 0.0769137 0.0603073 0.0989456 0.0998470 0.0782400 0.1059825 0.1414719 0.1434309 0.0897943 0.0653440 0.0940631 0.1122878 0.0942879 0.1054785 0.1225041 0.0995465 0.0799284 0.1111077 0.0716248 0.0734890 0.1260296 0.1265326 0.1180753 0.1304842 0.1218370 0.1441454 0.1434309 0.1301931 0.1305845 0.0952671 0.1061879 0.0991539 0.1503066 0.0906151 0.1521400 0.0827920 0.0422786 0.0930721 0.0997415 0.0443768 0.1014040 0.1347071 0.0902061 0.1134575 0.1021917 0.1001042 0.0810948 0.1079334 0.1075107 0.0896738 0.0706961 0.0885305 0.0932205 0.1605072 0.0940631 0.0413063 0.1265326 0.0811139 0.0906667 0.1070031 0.0997887 0.1102550 0.0650672 0.0844015 0.0879112 0.0881592 0.0979726 0.1065402 0.0868375 0.1062339 0.0826977 0.1447889 0.0948240 0.1064930 0.1727061 0.0804617 
S0322      0.0899109 0.1580002 0.1400894 0.1559812 0.1712894 0.1252317 0.1564683 0.1591622 0.0140343 0.1379992 0.1341397 0.0000000 0.1704043 0.1805858 0.1578711 0.1440962 0.1521230 0.1880434 0.0138645 0.1473295 0.1273292 0.1406601 0.1867822 0.1505707 0.1996513 0.1288218 0.1694396 0.1467544 0.1426593 0.1596863 0.0186730 0.2064976 0.1488241 0.1319778 0.1342447 0.1539064 0.1461875 0.1589034 0.1201371 0.1775103 0.1345815 0.1769598 0.1280942 0.1381308 0.1920639 0.2016355 0.1274394 0.1722901 0.1447345 0.1992358 0.1982331 0.1851424 0.1668462 0.0926092 0.1462037 0.1374011 0.2058108 0.1443039 0.1813672 0.1277744 0.1368716 0.1697427 0.1778856 0.1455354 0.0982020 0.0234085 0.1498930 0.1113215 0.1623464 0.1384354 0.1346692 0.1629717 0.1493741 0.1614317 0.1402931 0.1263045 0.1385242 0.1766660 0.1400113 0.1540371 0.2016355 0.1559576 0.1573102 0.1628791 0.1516036 0.1801909 0.1854199 0.1432790 0.1824773 0.1340692 0.1542695 0.1650836 0.1556664 0.1592472 0.1339889 0.1715535 0.1478832 0.1518822 0.2135997 0.1228111 
S0327      0.0983209 0.0628325 0.1290514 0.1366003 0.0777285 0.1288892 0.1430333 0.0469877 0.1603489 0.1993281 0.0698612 0.1704043 0.0000000 0.1667132 0.1381436 0.1137997 0.0456402 0.1602022 0.1639397 0.0885711 0.0983718 0.1606335 0.1645736 0.1137584 0.0577872 0.0726965 0.1108996 0.1223164 0.1243124 0.1063115 0.1714551 0.1667196 0.1186987 0.1017279 0.0943758 0.1116578 0.1406159 0.1111655 0.1462032 0.1115503 0.1070472 0.1456641 0.1002623 0.1027007 0.1672767 0.1494014 0.1470805 0.1593188 0.1593623 0.1664140 0.1656198 0.1652242 0.1598103 0.1244267 0.1235427 0.1394565 0.1663066 0.1256473 0.1626280 0.1173488 0.0528091 0.1052194 0.1117604 0.0472312 0.1306395 0.1775772 0.1250917 0.1427502 0.1435465 0.1290369 0.1227426 0.1430115 0.1190924 0.1299928 0.0827644 0.1173841 0.1217991 0.1831897 0.0889689 0.0403869 0.1494014 0.0935898 0.1376791 0.1361990 0.1341164 0.1459909 0.0569344 0.1191857 0.0995952 0.1107215 0.1408460 0.1607272 0.1049323 0.1410205 0.1051783 0.1615158 0.1175248 0.1415294 0.1946262 0.1077596 
S0335      0.1000767 0.1646715 0.1148060 0.1406136 0.1429408 0.1024245 0.1593456 0.1434149 0.1571337 0.1876500 0.1123249 0.1805858 0.1667132 0.0000000 0.1298264 0.1224497 0.1256803 0.1528397 0.1608216 0.1144835 0.0609505 0.1596688 0.1622789 0.1353429 0.1550887 0.1085802 0.1136610 0.1263330 0.1159537 0.1093075 0.1684195 0.1657562 0.1277520 0.0629988 0.1086834 0.1270433 0.1015201 0.1087963 0.1352068 0.1143460 0.1082006 0.0901935 0.0743771 0.0709383 0.1687629 0.1546112 0.1317419 0.1190593 0.1096070 0.1590453 0.1582677 0.1065182 0.0959788 0.1014869 0.1152196 0.1018444 0.1652041 0.1293182 0.1938029 0.0970681 0.1086173 0.1078274 0.1088285 0.1442973 0.1266913 0.1486652 0.1347400 0.1203847 0.0861468 0.1025302 0.1202486 0.1288295 0.1466814 0.1337607 0.1137279 0.0912462 0.1025946 0.1895503 0.1141756 0.1319033 0.1546112 0.0843074 0.1230628 0.1159955 0.0683407 0.1634412 0.1558173 0.1284314 0.1404336 0.1256863 0.0776407 0.0233832 0.1075249 0.0909246 0.0916002 0.1227357 0.1095640 0.0742728 0.2254241 0.0969616 
S0400      0.0471867 0.1292043 0.0933450 0.0481622 0.1324238 0.1046895 0.0799061 0.1094566 0.1410392 0.1779444 0.0909803 0.1578711 0.1381436 0.1298264 0.0000000 0.0282390 0.1068229 0.1281174 0.1449588 0.0984972 0.0913788 0.0963051 0.0751541 0.0383388 0.1210795 0.0927919 0.1151741 0.1041226 0.0282364 0.1043422 0.1524253 0.1672400 0.0429541 0.0946315 0.0870635 0.1047857 0.0988125 0.1038521 0.1460788 0.1158796 0.0986530 0.1157619 0.0927516 0.1019202 0.1144585 0.1279273 0.1284698 0.1412728 0.1462513 0.1604482 0.1596558 0.1409632 0.1413913 0.1114359 0.0744464 0.1095031 0.1524773 0.0232142 0.0961446 0.0811905 0.1113643 0.1092467 0.1161071 0.1101073 0.1043196 0.1455746 0.0329757 0.1362296 0.1181249 0.1048013 0.0189708 0.0428583 0.0531731 0.0802687 0.0922669 0.0932200 0.0933432 0.0972302 0.0924529 0.0935932 0.1279273 0.0971034 0.0282768 0.1250267 0.1100170 0.0596426 0.1332659 0.0381483 0.1223247 0.0924733 0.1226728 0.1239032 0.1089351 0.1167589 0.0867638 0.1771147 0.0933483 0.1171760 0.1901233 0.0872881 
S0405      0.0307945 0.1047446 0.0811157 0.0479432 0.1083154 0.0927287 0.0636298 0.0862957 0.1275365 0.1716539 0.0789805 0.1440962 0.1137997 0.1224497 0.0282390 0.0000000 0.0879117 0.1155505 0.1315524 0.0867643 0.0680068 0.0912587 0.0694950 0.0187116 0.0913400 0.0703049 0.0849009 0.0922447 0.0281113 0.0924441 0.1387224 0.1410753 0.0329339 0.0703643 0.0756402 0.0928266 0.0870290 0.0920158 0.1201336 0.0853949 0.0803835 0.1151755 0.0702885 0.0782956 0.1022695 0.0980845 0.1218265 0.1282804 0.1256753 0.1346544 0.1340043 0.1279981 0.1223694 0.1050171 0.0635580 0.0975221 0.1272831 0.0185743 0.0847225 0.0699568 0.0915432 0.0792759 0.0855559 0.0867891 0.1051128 0.1320985 0.0232227 0.1172849 0.1062952 0.0928216 0.0190621 0.0328616 0.0428761 0.0586934 0.0807493 0.0815618 0.0928805 0.0801970 0.0809156 0.0753666 0.0980845 0.0678810 0.0281513 0.1122687 0.0979676 0.0438623 0.1089414 0.0282031 0.0994436 0.0809267 0.1157569 0.1166478 0.0790649 0.1044525 0.0808939 0.1563720 0.0816790 0.1048136 0.1642170 0.0809231 
S0407sl    0.0825233 0.0409373 0.0864154 0.1121187 0.0626303 0.1043150 0.1183532 0.0354267 0.1345413 0.1750745 0.0466837 0.1521230 0.0456402 0.1256803 0.1068229 0.0879117 0.0000000 0.1371544 0.1386713 0.0686314 0.0549464 0.1364823 0.1329191 0.0942546 0.0576254 0.0464997 0.0790547 0.0973251 0.0930477 0.0928012 0.1462995 0.1151024 0.0989264 0.0566574 0.0806110 0.0990444 0.1234844 0.0923448 0.1212270 0.0795421 0.0868558 0.1229873 0.0692723 0.0716492 0.1439765 0.1325205 0.1289592 0.1376470 0.1214309 0.1226750 0.1220620 0.1434796 0.1242698 0.0989056 0.0971621 0.0973007 0.1220620 0.1001616 0.1646469 0.0924394 0.0262234 0.0730987 0.0797014 0.0356235 0.1052998 0.1392778 0.0996906 0.1119079 0.1201412 0.1111434 0.0894536 0.1183362 0.1178543 0.0929071 0.0571097 0.0988151 0.1036883 0.1668313 0.0803842 0.0249353 0.1325205 0.0610718 0.1064389 0.1185948 0.1107639 0.1209831 0.0407088 0.0878044 0.0744947 0.1039144 0.1217254 0.1319779 0.0728935 0.1178911 0.0801594 0.1460759 0.0872111 0.1048449 0.1718614 0.0874836 
S0412sl    0.0993868 0.1390418 0.1263649 0.1270431 0.1350693 0.1264015 0.1506602 0.1251978 0.1643049 0.2044990 0.1196273 0.1880434 0.1602022 0.1528397 0.1281174 0.1155505 0.1371544 0.0000000 0.1679413 0.1142234 0.1071983 0.1256685 0.1399776 0.1159326 0.1548203 0.1256229 0.1513740 0.1138045 0.1144628 0.1260841 0.1757099 0.1841795 0.1088512 0.1109913 0.1253608 0.1442791 0.1205648 0.1254905 0.1825974 0.1441823 0.1155593 0.1559290 0.1140482 0.1176752 0.1694765 0.1791444 0.1758710 0.1576064 0.1575261 0.1838138 0.1829045 0.1509993 0.1514583 0.1382263 0.0965903 0.1311222 0.1901869 0.1156914 0.1634024 0.1200726 0.1221356 0.1451952 0.1466034 0.1259482 0.1518918 0.1686611 0.1209822 0.1715171 0.1349991 0.1133106 0.1125790 0.1271243 0.1325393 0.0955658 0.1176089 0.1146555 0.1204656 0.1447673 0.1195191 0.1230674 0.1791444 0.1323540 0.1276826 0.1338461 0.1317755 0.1340843 0.1371729 0.1149203 0.1580346 0.1021244 0.1453462 0.1467880 0.1447548 0.1078528 0.1070001 0.1791248 0.1264005 0.1391876 0.1939785 0.1040751 
S0430      0.0777925 0.1392705 0.1218786 0.1432515 0.1521061 0.1078134 0.1436796 0.1402829 0.0000010 0.1193580 0.1341397 0.0138645 0.1639397 0.1608216 0.1449588 0.1315524 0.1386713 0.1679413 0.0000000 0.1287676 0.1088374 0.1407316 0.1795802 0.1378826 0.1793662 0.1108395 0.1491735 0.1282589 0.1302561 0.1407578 0.0046007 0.1860095 0.1363035 0.1127486 0.1161754 0.1350976 0.1277742 0.1400771 0.1019880 0.1568501 0.1218914 0.1576592 0.1102375 0.1194724 0.1783664 0.1811295 0.1096684 0.1593724 0.1251098 0.1790238 0.1781353 0.1654295 0.1475855 0.0759289 0.1339362 0.1313689 0.1853901 0.1317309 0.1683297 0.1159050 0.1233720 0.1494406 0.1571756 0.1272076 0.0813674 0.0092267 0.1372579 0.0938388 0.1430178 0.1204369 0.1220737 0.1500506 0.1367937 0.1488197 0.1220245 0.1087094 0.1205135 0.1634100 0.1218015 0.1403767 0.1811295 0.1361600 0.1444475 0.1434719 0.1330945 0.1666563 0.1656382 0.1308092 0.1624840 0.1160144 0.1347025 0.1460588 0.1489714 0.1403682 0.1159526 0.1516770 0.1292159 0.1333532 0.1922236 0.1103173 
S0478      0.0589003 0.0851250 0.0853779 0.0976977 0.1062160 0.0852338 0.1033913 0.0579131 0.1248164 0.1620595 0.0658624 0.1473295 0.0885711 0.1144835 0.0984972 0.0867643 0.0686314 0.1142234 0.1287676 0.0000000 0.0450126 0.1091549 0.1346747 0.0923985 0.0896721 0.0429081 0.0722644 0.0902353 0.0859752 0.0796519 0.1357266 0.1146771 0.0914256 0.0465039 0.0636508 0.0685152 0.0800643 0.0792940 0.1176335 0.0671751 0.0846474 0.0959844 0.0535892 0.0601760 0.1458146 0.1267831 0.1135486 0.1026066 0.0987777 0.1087042 0.1081985 0.0970222 0.1138233 0.0916835 0.0962587 0.0954739 0.1142993 0.0868538 0.1336433 0.0691072 0.0711723 0.0668459 0.0728021 0.0684490 0.0809338 0.1292887 0.0864782 0.1090867 0.0982800 0.0853143 0.0832964 0.1033787 0.1029910 0.0970701 0.0426802 0.0744580 0.0853670 0.1410881 0.0687344 0.0630633 0.1267831 0.0559134 0.0924863 0.0916629 0.0849344 0.1057928 0.0785928 0.0862975 0.0642436 0.0739976 0.0890654 0.1088535 0.0666758 0.0748744 0.0738707 0.1269414 0.0745655 0.0912487 0.1711260 0.0627011 
S0552sl    0.0604632 0.0886344 0.0724500 0.0842914 0.0822435 0.0607880 0.1077985 0.0659562 0.1045898 0.1353834 0.0631425 0.1273292 0.0983718 0.0609505 0.0913788 0.0680068 0.0549464 0.1071983 0.1088374 0.0450126 0.0000000 0.0961905 0.1286557 0.0736750 0.0996632 0.0500890 0.0832320 0.0666219 0.0785862 0.0721169 0.1156552 0.1138675 0.0842030 0.0000021 0.0504052 0.0669987 0.0498428 0.0717814 0.0976269 0.0837055 0.0473720 0.0497835 0.0000027 0.0096041 0.1393603 0.1083522 0.0884496 0.0606717 0.0483628 0.1076627 0.1071420 0.0494731 0.0551594 0.0722653 0.0778855 0.0604592 0.1134771 0.0794151 0.1276412 0.0554553 0.0666475 0.0777317 0.0838599 0.0771489 0.0668270 0.1092811 0.0847307 0.0895361 0.0451159 0.0608403 0.0755799 0.0847453 0.0960872 0.0728722 0.0603876 0.0501439 0.0608786 0.1344421 0.0556038 0.0606757 0.1083522 0.0665890 0.0910629 0.0726697 0.0442379 0.0860720 0.0878671 0.0788898 0.0728213 0.0659925 0.0463336 0.0608783 0.0775296 0.0396803 0.0605833 0.0842005 0.0614394 0.0498562 0.1475913 0.0365170 
S0558      0.0746475 0.1647157 0.1268473 0.1021595 0.1414047 0.1085416 0.1245570 0.1317291 0.1368852 0.2037500 0.1197346 0.1406601 0.1606335 0.1596688 0.0963051 0.0912587 0.1364823 0.1256685 0.1407316 0.1091549 0.0961905 0.0000000 0.1274663 0.1034197 0.1613379 0.1260994 0.1584968 0.1379557 0.0904331 0.1382170 0.1479078 0.1785349 0.0958684 0.0937715 0.1087179 0.1271205 0.1096925 0.1375598 0.1574507 0.1595215 0.1151968 0.1327474 0.0921163 0.1066596 0.1480797 0.1800586 0.1517125 0.1459214 0.1450945 0.1716552 0.1708085 0.1337605 0.1586957 0.1268397 0.1061695 0.1317602 0.1635058 0.0913550 0.1359216 0.1082134 0.1221135 0.1522285 0.1598460 0.1383344 0.1328247 0.1413093 0.0964548 0.1472606 0.1422552 0.1212909 0.0879029 0.1022253 0.1074271 0.1124243 0.1253814 0.1094518 0.1213687 0.1360558 0.1142215 0.1224845 0.1800586 0.1391676 0.1026515 0.1358773 0.1263972 0.1160082 0.1684682 0.0800399 0.1392834 0.1256684 0.1403103 0.1535425 0.1517584 0.1100202 0.1185485 0.1760573 0.1268836 0.1338644 0.2114359 0.0920426 
S0641      0.0758487 0.1619714 0.1293524 0.0851907 0.1519414 0.1356028 0.1084228 0.1269394 0.1759530 0.2333052 0.1282747 0.1867822 0.1645736 0.1622789 0.0751541 0.0694950 0.1329191 0.1399776 0.1795802 0.1346747 0.1286557 0.1274663 0.0000000 0.0809777 0.1585909 0.1285741 0.1542371 0.1407221 0.0747992 0.1290569 0.1878154 0.1959543 0.0635780 0.1334201 0.1223612 0.1416386 0.1351660 0.1284333 0.1809503 0.1552444 0.1299970 0.1595015 0.1284767 0.1396091 0.1573839 0.1663641 0.1589915 0.1795799 0.1894234 0.1886912 0.1877295 0.1674282 0.1812968 0.1356013 0.0967774 0.1340052 0.1799805 0.0695591 0.0843792 0.1098500 0.1387775 0.1479085 0.1555640 0.1412401 0.1415467 0.1666851 0.0745515 0.1696297 0.1443717 0.1417524 0.0658343 0.0854586 0.0851453 0.0968752 0.1278265 0.1292393 0.1418459 0.0853029 0.1280635 0.1187471 0.1663641 0.1220853 0.0694247 0.1573706 0.1471199 0.0871801 0.1596753 0.0581638 0.1689374 0.1281256 0.1416339 0.1560285 0.1412208 0.1358009 0.1149492 0.2206906 0.1162033 0.1552262 0.2025409 0.1181138 
S0643      0.0416350 0.1106402 0.0872915 0.0586055 0.1141274 0.0984589 0.0802256 0.0918998 0.1339201 0.1864144 0.0847560 0.1505707 0.1137584 0.1353429 0.0383388 0.0187116 0.0942546 0.1159326 0.1378826 0.0923985 0.0736750 0.1034197 0.0809777 0.0000000 0.0917824 0.0757607 0.0966099 0.0979365 0.0381630 0.0981454 0.1451750 0.1599270 0.0431159 0.0762438 0.0756197 0.0927972 0.0926864 0.0976885 0.1389425 0.0971824 0.0862654 0.1093392 0.0757394 0.0840152 0.1205948 0.1096097 0.1339279 0.1283747 0.1257745 0.1532659 0.1525167 0.1341297 0.1345303 0.1109304 0.0747417 0.1032525 0.1531558 0.0283630 0.0965363 0.0753843 0.0978992 0.0908788 0.0973683 0.0924298 0.1110281 0.1384597 0.0330969 0.1294134 0.1122871 0.0985604 0.0291211 0.0430194 0.0481953 0.0697832 0.0862923 0.0871695 0.0986232 0.0976314 0.0808925 0.0814642 0.1096097 0.0792176 0.0382181 0.1125257 0.1037293 0.0546240 0.1148021 0.0281156 0.1111544 0.0864831 0.1220247 0.1293982 0.0906307 0.1103233 0.0864463 0.1634160 0.0872922 0.1107100 0.1712605 0.0868472 
S0645sl    0.1053027 0.0747989 0.1242481 0.1371873 0.0850092 0.1179285 0.1198573 0.0581072 0.1758777 0.2004411 0.0769137 0.1996513 0.0577872 0.1550887 0.1210795 0.0913400 0.0576254 0.1548203 0.1793662 0.0896721 0.0996632 0.1613379 0.1585909 0.0917824 0.0000000 0.0735823 0.1066541 0.1417416 0.1077991 0.1243645 0.1872734 0.1492130 0.1076761 0.1031105 0.1067166 0.1246826 0.1424979 0.1237877 0.1545916 0.1072849 0.1085066 0.1356188 0.1015373 0.1099130 0.1761806 0.1575657 0.1555352 0.1434839 0.1484399 0.1489537 0.1482469 0.1675010 0.1483420 0.1260786 0.1237221 0.1413062 0.1488471 0.1089346 0.1756600 0.1065620 0.0596437 0.1009296 0.1074890 0.0584196 0.1323896 0.1801375 0.1084570 0.1388399 0.1332610 0.1180576 0.1057397 0.1259621 0.1310477 0.1188287 0.0837811 0.1065909 0.1181313 0.1777907 0.1011251 0.0462427 0.1575657 0.0892324 0.1206738 0.1250244 0.1231293 0.1342785 0.0684845 0.1081134 0.1022495 0.1295598 0.1303632 0.1491713 0.1006529 0.1429128 0.1178827 0.1685114 0.1190582 0.1303258 0.1894252 0.1092382 
S0656sl    0.0642548 0.0690079 0.0799205 0.1031044 0.0896521 0.0797816 0.0976798 0.0526794 0.1067407 0.1428876 0.0603073 0.1288218 0.0726965 0.1085802 0.0927919 0.0703049 0.0464997 0.1256229 0.1108395 0.0429081 0.0500890 0.1260994 0.1285741 0.0757607 0.0735823 0.0000000 0.0612626 0.0902321 0.0804679 0.0742701 0.1174808 0.1255228 0.0740899 0.0517501 0.0687012 0.0852409 0.0906816 0.0739376 0.0999473 0.0616001 0.0731852 0.1068100 0.0534010 0.0599590 0.1396662 0.1091691 0.0965220 0.1136435 0.1044032 0.1194540 0.1188976 0.1133955 0.1137147 0.0751903 0.0906953 0.0899666 0.1251122 0.0812843 0.1393801 0.0690977 0.0481777 0.0559412 0.0617109 0.0529576 0.0752703 0.1112793 0.0809344 0.0920222 0.0924852 0.0798549 0.0776405 0.0976682 0.0973032 0.0858522 0.0280241 0.0691102 0.0799041 0.1469457 0.0738099 0.0411439 0.1091691 0.0452472 0.0924840 0.0860955 0.0794213 0.0996720 0.0628778 0.0807674 0.0380169 0.0791968 0.0889841 0.1030004 0.0558022 0.0909475 0.0685715 0.1206735 0.0692110 0.0912458 0.1520580 0.0736640 
S0673      0.0794295 0.1010708 0.1016821 0.1191949 0.1113404 0.1073844 0.1153740 0.0886534 0.1452028 0.1858672 0.0989456 0.1694396 0.1108996 0.1136610 0.1151741 0.0849009 0.0790547 0.1513740 0.1491735 0.0722644 0.0832320 0.1584968 0.1542371 0.0966099 0.1066541 0.0612626 0.0000000 0.0941911 0.1015117 0.1012567 0.1568930 0.1400217 0.1073355 0.0860920 0.0950233 0.1134388 0.1076549 0.1007718 0.1437214 0.0395551 0.1016745 0.1062722 0.0780273 0.0954465 0.1543138 0.1145535 0.1259671 0.1188143 0.1025553 0.1334141 0.1327504 0.0942318 0.1020988 0.1074499 0.1134348 0.1183782 0.1395377 0.1026202 0.1656805 0.1014967 0.0860259 0.0343009 0.0396230 0.0891739 0.1027504 0.1498244 0.1021518 0.1215820 0.0913210 0.1075029 0.1057529 0.1080515 0.1067202 0.0966485 0.0609165 0.0956225 0.1075734 0.1474321 0.1005879 0.0850346 0.1145535 0.0242312 0.1147714 0.1212373 0.0837513 0.1097629 0.1001754 0.1019220 0.0848959 0.1002102 0.1000466 0.1205915 0.0242515 0.1197645 0.0943829 0.1266146 0.0957998 0.1019416 0.1762225 0.1016044 
S0689      0.0755634 0.1134197 0.0907543 0.1029996 0.1225783 0.1017319 0.1259362 0.1007063 0.1243143 0.1614269 0.0998470 0.1467544 0.1223164 0.1263330 0.1041226 0.0922447 0.0973251 0.1138045 0.1282589 0.0902353 0.0666219 0.1379557 0.1407221 0.0979365 0.1417416 0.0902321 0.0941911 0.0000000 0.0914010 0.1014088 0.1351897 0.1382072 0.0968989 0.0688817 0.0792432 0.0906144 0.1017113 0.1009466 0.1415426 0.1061165 0.1015157 0.1184095 0.0741871 0.0766953 0.1576215 0.1508577 0.1247035 0.1252683 0.1229488 0.1319464 0.1313229 0.1138895 0.0961639 0.1140068 0.0960729 0.1011598 0.1377529 0.0923427 0.1392208 0.0799091 0.1014089 0.0998439 0.1063160 0.1012807 0.1141033 0.1410650 0.0974990 0.1321482 0.1041022 0.1018360 0.0888719 0.1090094 0.0972065 0.0859860 0.0897363 0.0906332 0.0961226 0.1467728 0.0844250 0.0914932 0.1508577 0.0882885 0.0926321 0.1213096 0.0959587 0.1232085 0.1234334 0.0917484 0.1082646 0.0380955 0.1131948 0.1205916 0.0883823 0.1022754 0.0790940 0.1530276 0.0907562 0.1026202 0.1794047 0.0904398 
S0690      0.0412640 0.1153987 0.0809399 0.0479412 0.1187862 0.0918753 0.0795313 0.0965879 0.1262659 0.1775589 0.0782400 0.1426593 0.1243124 0.1159537 0.0282364 0.0281113 0.0930477 0.1144628 0.1302561 0.0859752 0.0785862 0.0904331 0.0747992 0.0381630 0.1077991 0.0804679 0.1015117 0.0914010 0.0000000 0.0915973 0.1373374 0.1519669 0.0427584 0.0813120 0.0749608 0.0919724 0.0809944 0.0911768 0.1312482 0.1021122 0.0854242 0.1026150 0.0804432 0.0888733 0.1195071 0.1272989 0.1147709 0.1270511 0.1308477 0.1454687 0.1447678 0.1267732 0.1271437 0.1040298 0.0630064 0.0966279 0.1379352 0.0281308 0.0956907 0.0693345 0.0968803 0.0957887 0.1023069 0.0971438 0.1041247 0.1307920 0.0328266 0.1220926 0.1111991 0.0919662 0.0239509 0.0426634 0.0425363 0.0685730 0.0800233 0.0808205 0.0920240 0.0967657 0.0801869 0.0804466 0.1272989 0.0841206 0.0281487 0.1111917 0.0970648 0.0646630 0.1194947 0.0379742 0.1159259 0.0801974 0.1085740 0.1102333 0.0955268 0.0923727 0.0747079 0.1611987 0.0809353 0.1038309 0.1825027 0.0744147 
S0720      0.0753920 0.1198713 0.0380671 0.1092652 0.1176203 0.0907989 0.1203891 0.1010765 0.1369173 0.1748479 0.1059825 0.1596863 0.1063115 0.1093075 0.1043422 0.0924441 0.0928012 0.1260841 0.1407578 0.0796519 0.0721169 0.1382170 0.1290569 0.0981454 0.1243645 0.0742701 0.1012567 0.1014088 0.0915973 0.0000000 0.1479230 0.1364316 0.0971041 0.0745722 0.0377111 0.0529369 0.1019222 0.0000026 0.1177344 0.1018532 0.0962739 0.1183227 0.0795375 0.0878141 0.1400581 0.0636520 0.1249465 0.1195362 0.1230561 0.1302794 0.1296728 0.1251322 0.1141333 0.0973778 0.0802731 0.1011077 0.1359894 0.0925434 0.1280773 0.0693569 0.0960318 0.0955577 0.0964287 0.1016550 0.1028507 0.1413343 0.0977064 0.1149956 0.1097960 0.0908871 0.0890696 0.1092347 0.0976667 0.1084322 0.0686456 0.0799044 0.0909435 0.1474928 0.0425379 0.0986287 0.0636520 0.0839360 0.1039938 0.1097885 0.0959153 0.1234578 0.1123752 0.0919460 0.1087823 0.0901217 0.1131155 0.1091499 0.0952976 0.1022208 0.0688258 0.1230015 0.0379736 0.1025647 0.1802922 0.0794679 
S0724sl    0.0843847 0.1463516 0.1286678 0.1506012 0.1594328 0.1142314 0.1510660 0.1474262 0.0046567 0.1262915 0.1414719 0.0186730 0.1714551 0.1684195 0.1524253 0.1387224 0.1462995 0.1757099 0.0046007 0.1357266 0.1156552 0.1479078 0.1878154 0.1451750 0.1872734 0.1174808 0.1568930 0.1351897 0.1373374 0.1479230 0.0000000 0.1940349 0.1434895 0.1198607 0.1228796 0.1421851 0.1346717 0.1471998 0.1086396 0.1647663 0.1289936 0.1650621 0.1168302 0.1264129 0.1865068 0.1891330 0.1162257 0.1668780 0.1324430 0.1869011 0.1859631 0.1730349 0.1549147 0.0819030 0.1409628 0.1382099 0.1933854 0.1389188 0.1761280 0.1225962 0.1309360 0.1571756 0.1651128 0.1340698 0.0874271 0.0139808 0.1445160 0.1002016 0.1503461 0.1271385 0.1292137 0.1575538 0.1440170 0.1562352 0.1288351 0.1151967 0.1272201 0.1711928 0.1285897 0.1481331 0.1891330 0.1436243 0.1375557 0.1508317 0.1400578 0.1746255 0.1732703 0.1379324 0.1701795 0.1227119 0.1420713 0.1532902 0.1566714 0.1475122 0.1226431 0.1592640 0.1362149 0.1403259 0.2006303 0.1172446 
S0735      0.1252053 0.1547177 0.1311842 0.1782872 0.1733894 0.1085821 0.1719354 0.1552552 0.1825914 0.1901214 0.1434309 0.2064976 0.1667196 0.1657562 0.1672400 0.1410753 0.1151024 0.1841795 0.1860095 0.1146771 0.1138675 0.1785349 0.1959543 0.1599270 0.1492130 0.1255228 0.1400217 0.1382072 0.1519669 0.1364316 0.1940349 0.0000000 0.1517933 0.1111308 0.1372724 0.1566322 0.1567940 0.1357929 0.1531022 0.1534772 0.1334061 0.1625051 0.1201221 0.1305681 0.2143837 0.1773173 0.1498048 0.1622208 0.1700649 0.0045660 0.0045469 0.1522044 0.1447384 0.1500663 0.1551658 0.1246904 0.0091587 0.1537071 0.2132318 0.1251997 0.1333245 0.1462665 0.1537885 0.1562241 0.1383430 0.1868147 0.1465737 0.1375937 0.1543375 0.1256819 0.1440424 0.1722381 0.1715569 0.1584841 0.1248124 0.1138951 0.1257617 0.1959033 0.1369096 0.1225393 0.1773173 0.1333144 0.1666554 0.1465937 0.1250616 0.1703970 0.1558147 0.1526262 0.1523258 0.1301886 0.1526869 0.1595980 0.1334818 0.1452442 0.1254841 0.1737242 0.1384323 0.1193165 0.1710228 0.1217352 
S0756      0.0357850 0.1097342 0.0756010 0.0525089 0.1132102 0.0974092 0.0734569 0.0911677 0.1323697 0.1841423 0.0897943 0.1488241 0.1186987 0.1277520 0.0429541 0.0329339 0.0989264 0.1088512 0.1363035 0.0914256 0.0842030 0.0958684 0.0635780 0.0431159 0.1076761 0.0740899 0.1073355 0.0968989 0.0427584 0.0971041 0.1434895 0.1517933 0.0000000 0.0812401 0.0803057 0.0865411 0.0917067 0.0966569 0.1373404 0.1079753 0.0913837 0.1198034 0.0858397 0.0945262 0.1125151 0.1200316 0.1324407 0.1385993 0.1371735 0.1515225 0.1507902 0.1207000 0.1330297 0.1097209 0.0681414 0.1021554 0.1438665 0.0329574 0.0785597 0.0746101 0.1030250 0.1015670 0.1081822 0.0916892 0.1098176 0.1368680 0.0376735 0.1279689 0.1052107 0.0975081 0.0288545 0.0476024 0.0474360 0.0737833 0.0853944 0.0862525 0.0975696 0.0794042 0.0748996 0.0747467 0.1200316 0.0897800 0.0428196 0.1170181 0.0969531 0.0485207 0.1138724 0.0327672 0.1085718 0.0855811 0.1084235 0.1219319 0.1012863 0.0976812 0.0855454 0.1675108 0.0863722 0.1095062 0.1890827 0.0802728 
S0758      0.0626697 0.0855599 0.0692045 0.0872313 0.0793019 0.0628260 0.1116393 0.0681696 0.1083966 0.1404187 0.0653440 0.1319778 0.1017279 0.0629988 0.0946315 0.0703643 0.0566574 0.1109913 0.1127486 0.0465039 0.0000021 0.0937715 0.1334201 0.0762438 0.1031105 0.0517501 0.0860920 0.0688817 0.0813120 0.0745722 0.1198607 0.1111308 0.0812401 0.0000000 0.0520882 0.0636104 0.0514873 0.0742139 0.0886761 0.0865992 0.0490254 0.0514244 0.0000021 0.0099098 0.1444783 0.1122260 0.0914881 0.0569155 0.0500869 0.1047975 0.1042783 0.0510931 0.0569900 0.0747339 0.0805620 0.0569671 0.1107396 0.0822008 0.1261762 0.0573063 0.0683863 0.0803946 0.0867644 0.0797713 0.0691008 0.1132254 0.0877031 0.0806793 0.0466142 0.0628824 0.0776918 0.0877174 0.0994814 0.0753829 0.0623979 0.0518102 0.0629233 0.1394214 0.0574648 0.0565553 0.1122260 0.0688454 0.0942933 0.0751662 0.0456773 0.0891377 0.0908662 0.0759613 0.0753266 0.0623419 0.0479148 0.0629218 0.0801778 0.0409843 0.0626064 0.0871295 0.0635223 0.0461089 0.1455683 0.0377816 
S0765      0.0527690 0.1136030 0.0378626 0.0701967 0.1059814 0.0796340 0.1084030 0.0844884 0.1121374 0.1484369 0.0940631 0.1342447 0.0943758 0.1086834 0.0870635 0.0756402 0.0806110 0.1253608 0.1161754 0.0636508 0.0504052 0.1087179 0.1223612 0.0756197 0.1067166 0.0687012 0.0950233 0.0792432 0.0749608 0.0377111 0.1228796 0.1372724 0.0803057 0.0520882 0.0000000 0.0138748 0.0798253 0.0375492 0.1114421 0.0955759 0.0843818 0.0847494 0.0584242 0.0657090 0.1452167 0.0849739 0.1129971 0.1076788 0.1041994 0.1310690 0.1304544 0.1020749 0.0969037 0.0859502 0.0851119 0.0897972 0.1309663 0.0757134 0.1096800 0.0586576 0.0894719 0.0893978 0.0957554 0.0957008 0.0913215 0.1286434 0.0807821 0.1031269 0.0979827 0.0797070 0.0719903 0.0919242 0.0805492 0.0912745 0.0631769 0.0689858 0.0797560 0.1282430 0.0045449 0.0863074 0.0849739 0.0779528 0.0867760 0.0979693 0.0846827 0.1053613 0.1062975 0.0752362 0.0916664 0.0684735 0.0950983 0.1085274 0.0891585 0.0800597 0.0580867 0.1165465 0.0281131 0.0910712 0.1660905 0.0569886 
S0770      0.0702194 0.1320478 0.0431615 0.0871652 0.1237979 0.0966635 0.1267359 0.1015894 0.1311931 0.1689095 0.1122878 0.1539064 0.1116578 0.1270433 0.1047857 0.0928266 0.0990444 0.1442791 0.1350976 0.0685152 0.0669987 0.1271205 0.1416386 0.0927972 0.1246826 0.0852409 0.1134388 0.0906144 0.0919724 0.0529369 0.1421851 0.1566322 0.0865411 0.0636104 0.0138748 0.0000000 0.0968968 0.0527047 0.1303383 0.1141209 0.1025418 0.1019084 0.0746077 0.0826986 0.1651739 0.1021760 0.1313108 0.1258372 0.1235482 0.1501516 0.1494342 0.1200347 0.1147402 0.1033975 0.1023752 0.1070714 0.1500441 0.0929264 0.1282796 0.0695545 0.1088939 0.1076184 0.1143410 0.1132787 0.1089364 0.1481462 0.0981137 0.1212921 0.1160514 0.0967605 0.0837311 0.1097006 0.0978173 0.1088909 0.0794416 0.0856157 0.0968209 0.1477287 0.0185496 0.0931020 0.1021760 0.0956950 0.0986563 0.1160477 0.1018264 0.1240084 0.1242018 0.0923234 0.1093528 0.0795300 0.1135443 0.1268643 0.1073172 0.0971825 0.0741720 0.1355376 0.0430549 0.1086306 0.1871345 0.0742109 
S0771      0.0642760 0.1260528 0.0912090 0.0924274 0.1179781 0.0794304 0.1032508 0.0959719 0.1238404 0.1669569 0.0942879 0.1461875 0.1406159 0.1015201 0.0988125 0.0870290 0.1234844 0.1205648 0.1277742 0.0800643 0.0498428 0.1096925 0.1351660 0.0926864 0.1424979 0.0906816 0.1076549 0.1017113 0.0809944 0.1019222 0.1346717 0.1567940 0.0917067 0.0514873 0.0798253 0.0968968 0.0000000 0.1014551 0.1287287 0.0963942 0.0781112 0.0629789 0.0529357 0.0596646 0.1464740 0.1453458 0.1242459 0.0687134 0.0684045 0.1502967 0.1495770 0.0686895 0.0901514 0.1021739 0.1078638 0.0895667 0.1562792 0.0871194 0.1220258 0.0739602 0.1082410 0.0901528 0.0965769 0.1075276 0.0913143 0.1282874 0.0922687 0.1198345 0.0750927 0.0795030 0.0835532 0.0923390 0.1033222 0.1087697 0.0901809 0.0688116 0.0795517 0.1410434 0.0850500 0.1173148 0.1453458 0.0900491 0.0984824 0.0921439 0.0680607 0.1177343 0.1300389 0.0865592 0.1151379 0.0903776 0.0661610 0.0960722 0.1015881 0.0583417 0.0850328 0.1394645 0.0912112 0.0739640 0.1810077 0.0565822 
S0795      0.0750251 0.1193107 0.0379019 0.1087539 0.1170817 0.0903859 0.1198235 0.1006171 0.1362467 0.1739720 0.1054785 0.1589034 0.1111655 0.1087963 0.1038521 0.0920158 0.0923448 0.1254905 0.1400771 0.0792940 0.0717814 0.1375598 0.1284333 0.0976885 0.1237877 0.0739376 0.1007718 0.1009466 0.0911768 0.0000026 0.1471998 0.1357929 0.0966569 0.0742139 0.0375492 0.0527047 0.1014551 0.0000000 0.1171695 0.1013624 0.0958115 0.1177773 0.0791807 0.0874053 0.1393828 0.0633697 0.1243641 0.1189795 0.1224410 0.1296730 0.1290720 0.1245483 0.1136019 0.0969282 0.0799088 0.1006481 0.1353545 0.0921130 0.1274639 0.0690447 0.0955433 0.0951013 0.0959638 0.1011903 0.1023750 0.1406483 0.0972533 0.1144565 0.1092803 0.0904732 0.0886488 0.1087236 0.0972139 0.1079294 0.0683409 0.0795437 0.0905290 0.1467713 0.0423545 0.0981424 0.0633697 0.0835389 0.1035068 0.1092725 0.0954794 0.1228636 0.1118597 0.0915221 0.1082764 0.0897150 0.1125689 0.1086400 0.0948438 0.1017511 0.0685195 0.1224117 0.0378093 0.1020917 0.1793893 0.0790875 
S0888      0.1040798 0.1345383 0.1171579 0.1572571 0.1407385 0.1108340 0.1447815 0.1290305 0.0977129 0.1403484 0.1225041 0.1201371 0.1462032 0.1352068 0.1460788 0.1201336 0.1212270 0.1825974 0.1019880 0.1176335 0.0976269 0.1574507 0.1809503 0.1389425 0.1545916 0.0999473 0.1437214 0.1415426 0.1312482 0.1177344 0.1086396 0.1531022 0.1373404 0.0886761 0.1114421 0.1303383 0.1287287 0.1171695 0.0000000 0.1446574 0.1311553 0.1394582 0.0939159 0.1082310 0.1708525 0.1712246 0.0932613 0.1341343 0.1194754 0.1465727 0.1458640 0.1538268 0.1421194 0.0496496 0.1228643 0.1146002 0.1525933 0.1327453 0.1849185 0.0995033 0.1124346 0.1374126 0.1449558 0.1298281 0.0717117 0.1023980 0.1383098 0.0141156 0.1377844 0.1109559 0.1230317 0.1512004 0.1441787 0.1499505 0.1110286 0.0992292 0.1110274 0.2009862 0.1170809 0.1226953 0.1712246 0.1243481 0.1455602 0.1257124 0.1280277 0.1649640 0.1414059 0.1139187 0.1507051 0.1158314 0.1293598 0.1491157 0.1369890 0.1291149 0.1168197 0.1522385 0.1123704 0.1222653 0.1753459 0.1192048 
