134
PAFTOL_019361 0.0000000 0.1821315 0.1858967 0.2069142 0.1984900 0.1824688 0.2283867 0.2148295 0.2128639 0.2072475 0.1932605 0.2284792 0.2040728 0.2026029 0.2323239 0.2123140 0.1903602 0.2066811 0.1946460 0.2045831 0.1956547 0.1703627 0.1860677 0.2081084 0.1942186 0.1984507 0.1723062 0.1957700 0.1896899 0.2085105 0.1766693 0.2060237 0.2051777 0.1899419 0.2019624 0.1918594 0.1984939 0.1800751 0.2075241 0.1800124 0.2033559 0.1799510 0.1891074 0.1818665 0.2076256 0.1837002 0.1909964 0.2034172 0.1907846 0.2152775 0.1743709 0.1862557 0.1784095 0.1759251 0.2163018 0.1964988 0.1740635 0.1972668 0.1891992 0.1794363 0.1877984 0.1840883 0.2026603 0.2057608 0.2288547 0.2211855 0.2092912 0.1893932 0.1857910 0.1769894 0.2138650 0.1936241 0.1816744 0.2418450 0.2371511 0.1704359 0.1738067 0.1755688 0.2186227 0.2216140 0.1825037 0.2099122 0.2214981 0.1796429 0.1751196 0.1923780 0.1881299 0.1948572 0.1889571 0.1897879 0.1966425 0.1772842 0.2065366 0.1858682 0.2101257 0.1978223 0.1848435 0.1864022 0.2268416 0.2319557 0.1795421 0.1805601 0.1875416 0.2326597 0.1860145 0.1837230 0.2158135 0.2079344 0.2227729 0.1891389 0.1807453 0.2079216 0.1862920 0.1880604 0.1793571 0.1990897 0.2260839 0.1945946 0.1843887 0.2064567 0.2020833 0.1778564 0.2041308 0.1870953 0.2214483 0.2044646 0.2151931 0.2154896 0.1949219 0.2944253 0.1782849 0.1952193 0.2006700 0.1847793 
S0055         0.1821315 0.0000000 0.0434192 0.0854438 0.0743613 0.0152028 0.0711626 0.0843017 0.0767391 0.0601118 0.0501295 0.0836600 0.0628216 0.0664839 0.0760337 0.0657466 0.0603755 0.0611720 0.0934522 0.0587137 0.0464695 0.0152970 0.0158369 0.0690847 0.0489542 0.0567233 0.0477884 0.0491463 0.0559001 0.0629012 0.0447922 0.0654416 0.0561542 0.0613509 0.0603625 0.0631556 0.0338745 0.0193277 0.0735008 0.0537889 0.0641024 0.0435290 0.0241041 0.0504757 0.0611207 0.0951593 0.0470279 0.0630499 0.0292332 0.0669455 0.0440711 0.0196224 0.0480246 0.0471544 0.0669953 0.0599396 0.0531778 0.0627469 0.0635497 0.0600395 0.0473610 0.0789075 0.0535830 0.0619557 0.0613628 0.0643158 0.0692088 0.0466761 0.0470341 0.0977645 0.0693810 0.0652422 0.0483697 0.0750772 0.0794275 0.0844355 0.0502424 0.0936957 0.0689372 0.0649032 0.0602122 0.0483833 0.0785462 0.0908260 0.0193313 0.0346678 0.0492715 0.0679459 0.0573801 0.0555460 0.0614706 0.0549639 0.0799765 0.0666511 0.0680861 0.0629633 0.0166552 0.0602957 0.0652725 0.0841323 0.0193222 0.0175771 0.0202800 0.0807589 0.0453368 0.0647998 0.0815562 0.0742941 0.0746749 0.0283447 0.0480363 0.0711040 0.0471016 0.0641884 0.0161597 0.0621470 0.0889212 0.0487158 0.0254948 0.0679177 0.0367860 0.0663423 0.0299699 0.0349094 0.0747126 0.0568317 0.0721577 0.0584511 0.0461951 0.1311829 0.0493767 0.0499282 0.0507205 0.0463554 
S0196sl       0.1858967 0.0434192 0.0000000 0.0857026 0.0394310 0.0482487 0.0635904 0.0941425 0.0782566 0.1259607 0.0823974 0.0887218 0.0617497 0.0760876 0.0744816 0.0672828 0.0559313 0.0665812 0.0621073 0.0710180 0.0766201 0.0498356 0.0477100 0.0729381 0.0678562 0.0627790 0.0091752 0.0743331 0.0532897 0.0658454 0.0539290 0.0823024 0.0807377 0.0711366 0.0697819 0.0626898 0.0591629 0.0495632 0.0719101 0.0579225 0.0706330 0.0668594 0.0504138 0.0221283 0.0662725 0.0909665 0.0713617 0.0658311 0.0597028 0.0858395 0.0030152 0.0578714 0.0076162 0.0045336 0.0911082 0.0358510 0.0620759 0.0639128 0.0526111 0.0656495 0.0657622 0.0974708 0.0596259 0.0736786 0.0914989 0.0856827 0.0814231 0.0000010 0.0155083 0.0981684 0.0597446 0.0640315 0.0521380 0.0969074 0.0974300 0.0803877 0.0066610 0.0876098 0.0875375 0.0674319 0.0625652 0.0720142 0.0953018 0.0927470 0.0499324 0.0624736 0.0540610 0.0744934 0.0545242 0.0548132 0.0706093 0.0658446 0.0876793 0.0616768 0.0742531 0.0760333 0.0493425 0.0613511 0.0933782 0.0918705 0.0479630 0.0462251 0.0519827 0.1001626 0.0636284 0.0487737 0.0842466 0.0756970 0.1076230 0.0594772 0.0091613 0.0712705 0.0155548 0.0641946 0.0470565 0.0306041 0.0948570 0.0571120 0.0459726 0.0728075 0.0750511 0.0660309 0.0498346 0.0540946 0.0856727 0.0645219 0.0789106 0.0794109 0.0558084 0.1684872 0.0288396 0.0571120 0.0807110 0.0598995 
S0278         0.2069142 0.0854438 0.0857026 0.0000000 0.1152778 0.0887528 0.1222880 0.0664783 0.1163044 0.1404809 0.1089646 0.0623354 0.1116280 0.1111752 0.0597037 0.1156747 0.0575593 0.1048272 0.1339524 0.1051767 0.1000149 0.0856220 0.0907562 0.0549705 0.1127649 0.0434544 0.0911011 0.1055120 0.0603331 0.1132676 0.0615538 0.1110767 0.1217919 0.1021384 0.1038184 0.0422894 0.1013784 0.0918638 0.0507547 0.0678421 0.0917173 0.1026319 0.0891130 0.0942713 0.1099171 0.1252939 0.1083417 0.1092845 0.0986623 0.1147850 0.0867951 0.0908171 0.0915264 0.0906010 0.1142290 0.1072596 0.0725964 0.1053751 0.0932378 0.0812985 0.0944675 0.0441641 0.0995545 0.1102570 0.1104854 0.1111247 0.1164778 0.0803662 0.0964658 0.1316875 0.1213855 0.1059129 0.0947130 0.1259532 0.1250908 0.1212877 0.0875253 0.1276567 0.1117824 0.1128429 0.0966090 0.1092623 0.1204046 0.1273374 0.0872588 0.1049092 0.0952602 0.0457995 0.0852826 0.0855569 0.1049931 0.0731390 0.0419419 0.1141779 0.1158384 0.1095715 0.0892154 0.0951711 0.1272873 0.1240430 0.0920022 0.0885898 0.0834289 0.1233419 0.0957207 0.0882509 0.1228553 0.1118698 0.0587986 0.0970450 0.0893881 0.0491431 0.0977356 0.0920098 0.0891216 0.1067194 0.1255311 0.0938910 0.0889098 0.0470491 0.1004294 0.0864416 0.0996231 0.0892179 0.1186975 0.1069839 0.0958066 0.1124134 0.0949026 0.2002561 0.0870327 0.0930143 0.1035331 0.0993955 
S0281         0.1984900 0.0743613 0.0394310 0.1152778 0.0000000 0.0796964 0.0968849 0.1187707 0.0978157 0.1392247 0.1058140 0.1260712 0.0865431 0.0983927 0.1174316 0.0909948 0.0934404 0.0892353 0.0846275 0.0774041 0.0921392 0.0754774 0.0783233 0.1060896 0.0988823 0.0983479 0.0456358 0.0914723 0.0893542 0.0871609 0.0900172 0.1029203 0.1045019 0.0859200 0.0800884 0.1018591 0.0920715 0.0805900 0.1063629 0.0845438 0.1146974 0.0904138 0.0858163 0.0402267 0.0858823 0.1276545 0.0978779 0.0878979 0.0831601 0.1083018 0.0398878 0.0851868 0.0446732 0.0419027 0.1079140 0.0512681 0.0862742 0.0979474 0.1053421 0.0909145 0.0781960 0.1127682 0.0839637 0.1021665 0.1074360 0.1071076 0.1071438 0.0798371 0.0505410 0.1252759 0.1029914 0.0989013 0.0824761 0.1122311 0.1209181 0.1218427 0.0370349 0.1264530 0.1087596 0.0908123 0.0829155 0.0938710 0.1113122 0.1243919 0.0816849 0.0940433 0.0876392 0.1085835 0.1010276 0.1013569 0.0794907 0.0869599 0.1235969 0.0974539 0.0945437 0.0829223 0.0801148 0.0937189 0.1000599 0.1056782 0.0816460 0.0774006 0.0775765 0.1105108 0.0857712 0.0988108 0.0990270 0.0991104 0.1272980 0.0863878 0.0465439 0.1073044 0.0506131 0.1101358 0.0800147 0.0615176 0.1217274 0.0860143 0.0784231 0.1071357 0.0958831 0.0974872 0.0846382 0.0769026 0.0960602 0.0818518 0.1147597 0.1052253 0.0795344 0.1889938 0.0524910 0.0843544 0.0948713 0.0777323 
S0282         0.1824688 0.0152028 0.0482487 0.0887528 0.0796964 0.0000000 0.0732915 0.0913527 0.0748025 0.0461252 0.0584017 0.0888576 0.0648714 0.0695854 0.0805343 0.0668081 0.0666609 0.0644215 0.0783336 0.0590519 0.0494879 0.0075481 0.0090743 0.0725966 0.0469880 0.0599886 0.0487796 0.0484038 0.0591815 0.0637691 0.0498450 0.0666899 0.0585118 0.0613829 0.0607067 0.0675430 0.0320185 0.0107699 0.0759226 0.0528154 0.0672036 0.0492131 0.0167514 0.0535625 0.0631700 0.1023082 0.0481186 0.0651074 0.0248156 0.0702669 0.0460657 0.0100396 0.0490993 0.0491830 0.0668651 0.0642731 0.0521990 0.0670326 0.0646666 0.0600491 0.0493916 0.0746116 0.0545708 0.0610574 0.0615044 0.0655544 0.0693141 0.0267167 0.0490570 0.1029942 0.0750621 0.0662951 0.0523886 0.0706893 0.0762553 0.0903637 0.0506456 0.0997404 0.0672377 0.0670134 0.0605368 0.0475496 0.0811674 0.0964422 0.0107715 0.0319263 0.0512064 0.0691680 0.0604256 0.0585322 0.0618345 0.0528911 0.0860876 0.0689538 0.0691723 0.0633246 0.0082099 0.0602576 0.0716243 0.0821470 0.0116097 0.0090829 0.0211891 0.0821462 0.0425203 0.0647549 0.0776361 0.0714701 0.0817806 0.0256329 0.0500688 0.0757401 0.0500855 0.0671764 0.0066833 0.0632957 0.0869513 0.0458997 0.0220197 0.0747587 0.0348744 0.0611861 0.0271868 0.0349148 0.0706567 0.0578195 0.0731050 0.0531838 0.0472394 0.1407942 0.0492161 0.0489805 0.0528868 0.0484799 
S0288         0.2283867 0.0711626 0.0635904 0.1222880 0.0968849 0.0732915 0.0000000 0.1265929 0.0960137 0.1154755 0.0951437 0.1281331 0.0132676 0.0520779 0.1178075 0.0142960 0.0929659 0.0872666 0.0899105 0.0131371 0.0869350 0.0693153 0.0730526 0.1061179 0.0894768 0.0962713 0.0695816 0.0876185 0.0900419 0.0128127 0.0752101 0.0964946 0.1028131 0.0487114 0.0150321 0.1037598 0.0821363 0.0711361 0.1073778 0.0819919 0.1027639 0.0862975 0.0797518 0.0756000 0.0124797 0.1303109 0.0835237 0.0133098 0.0781493 0.1012701 0.0676209 0.0765425 0.0709818 0.0700654 0.0946336 0.0853737 0.0792347 0.0647636 0.0991398 0.0873363 0.0704454 0.1138048 0.0273304 0.0943953 0.0949985 0.0997485 0.1048803 0.1470825 0.0722577 0.1349208 0.0906760 0.0631010 0.0529791 0.1008801 0.1030327 0.1218944 0.0700773 0.1303555 0.0983784 0.0896947 0.0530395 0.0903492 0.0990562 0.1339108 0.0732016 0.0866195 0.0731475 0.1042650 0.0953040 0.0943188 0.0134416 0.0832727 0.1229926 0.0602832 0.0167539 0.0150826 0.0727491 0.0560253 0.0953541 0.1038841 0.0752195 0.0721673 0.0721483 0.1001973 0.0865689 0.0934622 0.1041131 0.0981256 0.1260373 0.0791514 0.0720110 0.1119182 0.0723681 0.1011376 0.0714046 0.0825597 0.1021119 0.0692727 0.0732202 0.1017828 0.0893301 0.0936945 0.0798865 0.0748349 0.0967610 0.0849479 0.1094942 0.0893052 0.0680697 0.1741886 0.0792752 0.0686605 0.0867042 0.0685613 
S0289         0.2148295 0.0843017 0.0941425 0.0664783 0.1187707 0.0913527 0.1265929 0.0000000 0.1130627 0.1472059 0.1100267 0.0492540 0.1145894 0.1225206 0.0545652 0.1186236 0.0462925 0.1133434 0.1531441 0.1118298 0.1031623 0.0918146 0.0931238 0.0466267 0.1179757 0.0396018 0.0981985 0.1057645 0.0578839 0.1185970 0.0714091 0.1135314 0.1287001 0.1114166 0.1090176 0.0424271 0.1012347 0.0908309 0.0467152 0.0801097 0.0996333 0.1074738 0.0966804 0.1028188 0.1139911 0.1322440 0.1051072 0.1150546 0.1022093 0.1184292 0.0937418 0.0932351 0.0985982 0.0976662 0.1190767 0.1162916 0.0826753 0.1152512 0.0970517 0.0902648 0.0948947 0.0277535 0.1070696 0.1116709 0.1098889 0.1173177 0.1202471 0.0683982 0.1044947 0.1430903 0.1200183 0.1124927 0.1066406 0.1179081 0.1239953 0.1337976 0.0987177 0.1380447 0.1134808 0.1092256 0.1081139 0.1070261 0.1201101 0.1259052 0.0921069 0.1085675 0.0970272 0.0412814 0.0916649 0.0919658 0.1116685 0.0822225 0.0562351 0.1208568 0.1194978 0.1163218 0.0904485 0.1060488 0.1212963 0.1236785 0.0954722 0.0920621 0.0878741 0.1266139 0.1025973 0.0937058 0.1208593 0.1077313 0.0522462 0.0983301 0.0975102 0.0462319 0.1046645 0.0986147 0.0916037 0.1187873 0.1183908 0.0914189 0.0945286 0.0393691 0.1090521 0.0948290 0.1048815 0.0948689 0.1137526 0.1066362 0.1029021 0.1173309 0.0972627 0.1932804 0.0963788 0.0902637 0.1053832 0.0985267 
S0292         0.2128639 0.0767391 0.0782566 0.1163044 0.0978157 0.0748025 0.0960137 0.1130627 0.0000000 0.1192471 0.1009721 0.1152991 0.0898597 0.1063754 0.1146512 0.0922572 0.0908396 0.0736850 0.1239066 0.0849420 0.0811479 0.0738796 0.0777655 0.1012083 0.0897389 0.0915350 0.0798698 0.0878275 0.0881070 0.0886260 0.0860429 0.0713648 0.0950492 0.0930097 0.0907017 0.1003027 0.0820948 0.0777730 0.1092598 0.0891041 0.1071492 0.0886083 0.0848869 0.0840079 0.0891999 0.1310362 0.0908188 0.0912528 0.0869424 0.0762145 0.0757462 0.0770256 0.0812776 0.0793259 0.0826557 0.0962866 0.0935402 0.0943613 0.1000255 0.0938394 0.0634807 0.0874607 0.0850948 0.0692404 0.0816057 0.0794369 0.0776706 0.0355718 0.0792770 0.1344344 0.1090453 0.0937995 0.0863837 0.0843696 0.0877235 0.1240261 0.0839714 0.1333243 0.0859083 0.0817872 0.0905827 0.0858661 0.0406412 0.1235009 0.0744704 0.0811904 0.0684657 0.0994047 0.0949060 0.0952148 0.0889344 0.0919936 0.1176220 0.0978919 0.0925275 0.0882915 0.0753554 0.0885595 0.0906708 0.0138761 0.0764730 0.0767634 0.0677328 0.0350115 0.0828610 0.1003635 0.0270307 0.0182862 0.1191372 0.0757771 0.0802505 0.1040408 0.0793990 0.1005874 0.0704290 0.0980404 0.0455192 0.0673744 0.0800839 0.1003331 0.0836143 0.0982026 0.0833646 0.0728367 0.0873673 0.0713119 0.1055026 0.0712832 0.0640045 0.1736115 0.0784933 0.0665063 0.0864387 0.0651321 
S0293         0.2072475 0.0601118 0.1259607 0.1404809 0.1392247 0.0461252 0.1154755 0.1472059 0.1192471 0.0000000 0.1180192 0.1388687 0.1067517 0.1139590 0.1264696 0.1066617 0.1178841 0.0939000 0.1334504 0.0868639 0.0806125 0.0362269 0.0497283 0.1356716 0.0843459 0.1131038 0.1015929 0.0862132 0.1194770 0.0934271 0.0904164 0.1021511 0.1060640 0.0861057 0.0948190 0.1214933 0.0641070 0.0530354 0.1438237 0.0996743 0.1163822 0.0952795 0.0525847 0.0974976 0.1016264 0.1478035 0.0933285 0.1017694 0.0628132 0.1080799 0.1001210 0.0461309 0.1022068 0.1046459 0.1113182 0.1161335 0.0927252 0.1112313 0.1175029 0.0989061 0.0786675 0.1014489 0.1011575 0.1009389 0.1033497 0.0940889 0.1087150 0.0361073 0.0984208 0.1584041 0.1314655 0.1037363 0.1109402 0.1041031 0.1162446 0.1398239 0.0850315 0.1497956 0.1086524 0.0930762 0.0873872 0.0835529 0.1205865 0.1622500 0.0496799 0.0710586 0.0887487 0.1192684 0.1062818 0.1028047 0.0875998 0.0923783 0.1449214 0.1131901 0.1084781 0.0914230 0.0465305 0.0999015 0.0973266 0.1312179 0.0498095 0.0512758 0.0589020 0.1340112 0.0813782 0.1207798 0.1252916 0.1228337 0.1272481 0.0560561 0.1004965 0.1351780 0.0985258 0.1152578 0.0446911 0.1135184 0.1406415 0.0895941 0.0626401 0.1357320 0.0628959 0.0945160 0.0651236 0.0707563 0.1126670 0.0894028 0.1084255 0.0903942 0.0864880 0.1610942 0.1014197 0.0955808 0.0847247 0.0894769 
S0294         0.1932605 0.0501295 0.0823974 0.1089646 0.1058140 0.0584017 0.0951437 0.1100267 0.1009721 0.1180192 0.0000000 0.1112210 0.0844731 0.0895563 0.1120378 0.0868171 0.0855127 0.0911725 0.1389291 0.0820545 0.0807895 0.0599131 0.0595700 0.0877388 0.0819585 0.0878661 0.0807975 0.0836178 0.0793523 0.0864647 0.0796660 0.0998498 0.0870046 0.0819112 0.0835626 0.0957680 0.0748583 0.0607663 0.1033450 0.0884408 0.0939153 0.0757751 0.0697816 0.0862616 0.0827452 0.1139746 0.0723609 0.0847984 0.0672884 0.1056206 0.0775984 0.0637271 0.0800530 0.0812385 0.0988924 0.0999204 0.0844707 0.0878969 0.0925540 0.0943821 0.0759298 0.1160461 0.0764658 0.1025206 0.0940099 0.1056874 0.1096155 0.0460143 0.0821124 0.1161837 0.0971469 0.0873656 0.0763532 0.1076339 0.1069824 0.1083308 0.0838819 0.1174167 0.1029374 0.0982783 0.0822390 0.0684513 0.1017495 0.1067995 0.0617994 0.0692432 0.0811681 0.0964993 0.0863417 0.0866202 0.0841022 0.0886458 0.1146797 0.0850877 0.0880364 0.0852051 0.0604105 0.0821620 0.1034344 0.1076848 0.0637632 0.0587739 0.0587432 0.0973669 0.0659016 0.0993657 0.1046103 0.0991483 0.1095351 0.0628202 0.0800732 0.0967514 0.0822398 0.0927071 0.0596766 0.0979981 0.1079229 0.0834779 0.0606089 0.0967879 0.0746872 0.0990344 0.0724300 0.0600632 0.1052340 0.0950047 0.1072699 0.0914873 0.0744946 0.1520202 0.0800445 0.0817858 0.0783105 0.0736433 
S0299         0.2284792 0.0836600 0.0887218 0.0623354 0.1260712 0.0888576 0.1281331 0.0492540 0.1152991 0.1388687 0.1112210 0.0000000 0.1169796 0.1201558 0.0566791 0.1212465 0.0554752 0.1187528 0.1524063 0.1205395 0.0970326 0.0893152 0.0918159 0.0514438 0.1124674 0.0453481 0.1001571 0.1030763 0.0576185 0.1172444 0.0754234 0.1134996 0.1251009 0.1170224 0.1188918 0.0441236 0.1020318 0.0919111 0.0524228 0.0842518 0.1120542 0.1089438 0.0925878 0.1009622 0.1152334 0.1427586 0.1114324 0.1162177 0.1036198 0.1166962 0.0956000 0.0893948 0.1005737 0.0996240 0.1174032 0.1140102 0.0870242 0.1072224 0.1092311 0.0944316 0.0999901 0.0381842 0.1045375 0.1138089 0.1142855 0.1135284 0.1197308 0.0692053 0.1050194 0.1474886 0.1258979 0.1073385 0.1025742 0.1217721 0.1250686 0.1406342 0.1080627 0.1439137 0.1183563 0.1118965 0.1097069 0.1126226 0.1248169 0.1277548 0.0896584 0.1072033 0.0982459 0.0518605 0.1034936 0.1038469 0.1221211 0.0865327 0.0520888 0.1184617 0.1237711 0.1251365 0.0879892 0.1003304 0.1269505 0.1207563 0.0930746 0.0907705 0.0841428 0.1243187 0.1051724 0.0976525 0.1208537 0.1121371 0.0556486 0.1006090 0.0994616 0.0478014 0.1051926 0.1109991 0.0879354 0.1207350 0.1178896 0.0925797 0.0934790 0.0406767 0.1091747 0.0973585 0.1050319 0.0948194 0.1190126 0.1103545 0.1121198 0.1125630 0.1001653 0.1971339 0.0972251 0.0923419 0.1060389 0.1066308 
S0303         0.2040728 0.0628216 0.0617497 0.1116280 0.0865431 0.0648714 0.0132676 0.1145894 0.0898597 0.1067517 0.0844731 0.1169796 0.0000000 0.0436432 0.1061022 0.0090254 0.0836819 0.0821121 0.0960991 0.0078646 0.0799957 0.0610171 0.0647701 0.0960669 0.0830806 0.0868441 0.0623852 0.0786266 0.0789664 0.0074987 0.0708735 0.0914003 0.0910260 0.0410271 0.0057980 0.0939003 0.0775097 0.0629067 0.0974594 0.0722504 0.0942425 0.0750481 0.0707688 0.0693982 0.0056711 0.1219950 0.0756516 0.0048345 0.0705292 0.0960788 0.0604840 0.0679939 0.0637025 0.0628067 0.0896311 0.0788037 0.0706437 0.0577047 0.0910049 0.0785068 0.0662957 0.1014889 0.0216607 0.0894096 0.0899684 0.0945690 0.0995762 0.0684282 0.0660226 0.1265093 0.0882734 0.0560095 0.0443777 0.0990595 0.1024619 0.1138468 0.0626829 0.1219681 0.0910242 0.0837880 0.0462533 0.0812017 0.0971876 0.1233930 0.0648984 0.0797141 0.0740941 0.0944409 0.0860151 0.0850591 0.0080497 0.0733979 0.1098542 0.0514795 0.0114440 0.0097837 0.0655238 0.0491237 0.0925255 0.0963536 0.0668504 0.0648815 0.0627889 0.0960937 0.0797442 0.0874752 0.0977006 0.0919137 0.1161842 0.0745979 0.0646968 0.1016381 0.0661211 0.0915065 0.0630306 0.0816299 0.1005243 0.0671479 0.0669532 0.0953502 0.0822942 0.0833973 0.0778045 0.0640436 0.0917413 0.0799847 0.0994175 0.0835408 0.0649602 0.1612685 0.0717140 0.0694877 0.0807509 0.0644425 
S0308         0.2026029 0.0664839 0.0760876 0.1111752 0.0983927 0.0695854 0.0520779 0.1225206 0.1063754 0.1139590 0.0895563 0.1201558 0.0436432 0.0000000 0.1113298 0.0461061 0.0873415 0.0936577 0.1109489 0.0362486 0.0846874 0.0687206 0.0694079 0.1039135 0.0936071 0.0943204 0.0751375 0.0858374 0.0808362 0.0440908 0.0699969 0.0991659 0.0929158 0.0444011 0.0347605 0.0944498 0.0804363 0.0695944 0.1017631 0.0767059 0.0968895 0.0767898 0.0784922 0.0772530 0.0429202 0.1280527 0.0838320 0.0417803 0.0805675 0.1051214 0.0699912 0.0749199 0.0732803 0.0724406 0.0939846 0.0881184 0.0741014 0.0619821 0.0958224 0.0799234 0.0736793 0.1010686 0.0372381 0.0974624 0.0949332 0.1037721 0.1074689 0.0576479 0.0753864 0.1318523 0.0945064 0.0590759 0.0473436 0.1101437 0.1137480 0.1185640 0.0634758 0.1290869 0.0977849 0.0910611 0.0414073 0.0839905 0.1105368 0.1198841 0.0716381 0.0846794 0.0789235 0.0983747 0.0906729 0.0930938 0.0360250 0.0758921 0.1152080 0.0610259 0.0456040 0.0381195 0.0701598 0.0564601 0.0988787 0.1131578 0.0736361 0.0695293 0.0663475 0.1056380 0.0867831 0.0912001 0.1111364 0.1085056 0.1211315 0.0762720 0.0722786 0.1096351 0.0775452 0.0974390 0.0708972 0.0950555 0.1154476 0.0747361 0.0736316 0.1008023 0.0819483 0.0867473 0.0774713 0.0709560 0.0992385 0.0886798 0.1076591 0.0950843 0.0682542 0.1739800 0.0774317 0.0761823 0.0844807 0.0707644 
S0320         0.2323239 0.0760337 0.0744816 0.0597037 0.1174316 0.0805343 0.1178075 0.0545652 0.1146512 0.1264696 0.1120378 0.0566791 0.1061022 0.1113298 0.0000000 0.1112038 0.0520142 0.1068654 0.1234614 0.1020189 0.0952783 0.0796610 0.0813034 0.0471121 0.1060772 0.0380462 0.0892958 0.0996292 0.0577323 0.1002266 0.0669423 0.1027371 0.1229303 0.0989397 0.0993752 0.0440082 0.0926090 0.0814502 0.0533480 0.0754153 0.1047465 0.1031085 0.0853106 0.0960829 0.1054734 0.1402206 0.1048247 0.1065304 0.0898456 0.1098732 0.0874324 0.0824080 0.0922056 0.0912737 0.1179143 0.1069437 0.0796454 0.1059644 0.1022217 0.0869069 0.0895140 0.0297508 0.0978778 0.1031053 0.1020924 0.1016979 0.1115307 0.0691936 0.0919604 0.1429273 0.1108219 0.1044785 0.0935958 0.1138364 0.1192435 0.1361462 0.0934470 0.1403882 0.1052642 0.1143494 0.0972441 0.1050580 0.1262884 0.1345300 0.0800521 0.0997853 0.0934990 0.0454688 0.0954297 0.0957489 0.1031174 0.0759982 0.0578188 0.1162010 0.1124815 0.1036521 0.0798588 0.0983285 0.1259644 0.1240479 0.0836231 0.0814148 0.0794701 0.1235788 0.0955235 0.0929575 0.1195613 0.1063252 0.0511320 0.0874418 0.0911287 0.0437413 0.0921070 0.1037092 0.0807525 0.1037064 0.1169860 0.0906251 0.0872324 0.0469453 0.1006380 0.0867997 0.0959187 0.0867652 0.1210073 0.1003586 0.1063807 0.1087577 0.0899769 0.1852930 0.0961681 0.0920022 0.0949148 0.0956197 
S0322         0.2123140 0.0657466 0.0672828 0.1156747 0.0909948 0.0668081 0.0142960 0.1186236 0.0922572 0.1066617 0.0868171 0.1212465 0.0090254 0.0461061 0.1112038 0.0000000 0.0870430 0.0857347 0.0899105 0.0088885 0.0790744 0.0628905 0.0666745 0.0997865 0.0855122 0.0903094 0.0652393 0.0808127 0.0775330 0.0067223 0.0739162 0.0927545 0.0955881 0.0433028 0.0107756 0.0960062 0.0807073 0.0647821 0.1011400 0.0763420 0.0965220 0.0771218 0.0694770 0.0712193 0.0065503 0.1225239 0.0767396 0.0090531 0.0735598 0.0974980 0.0633034 0.0699887 0.0665969 0.0656877 0.0909454 0.0807948 0.0737163 0.0585061 0.0919822 0.0827429 0.0672350 0.0935847 0.0219142 0.0907174 0.0912928 0.0959725 0.1010558 0.0371303 0.0689772 0.1266486 0.0917031 0.0557991 0.0459325 0.1005384 0.1017790 0.1154876 0.0664401 0.1237547 0.0946279 0.0850021 0.0464113 0.0823828 0.0997124 0.1223703 0.0668086 0.0819229 0.0751494 0.0980674 0.0881476 0.0871777 0.0090997 0.0765123 0.1163346 0.0541084 0.0124318 0.0108112 0.0674343 0.0498121 0.0914578 0.0988704 0.0687934 0.0657939 0.0656671 0.0963988 0.0829951 0.0898427 0.1002481 0.0943466 0.1192279 0.0767140 0.0676109 0.1054788 0.0690819 0.0937553 0.0649400 0.0860956 0.0997880 0.0690616 0.0698907 0.0968253 0.0856141 0.0877800 0.0811000 0.0682457 0.0881388 0.0835691 0.1018241 0.0869806 0.0658747 0.1639560 0.0747676 0.0704649 0.0808801 0.0663454 
S0327         0.1903602 0.0603755 0.0559313 0.0575593 0.0934404 0.0666609 0.0929659 0.0462925 0.0908396 0.1178841 0.0855127 0.0554752 0.0836819 0.0873415 0.0520142 0.0870430 0.0000000 0.0806461 0.0957602 0.0801027 0.0809114 0.0637221 0.0675892 0.0420530 0.0948083 0.0313122 0.0674084 0.0826433 0.0314265 0.0866631 0.0440976 0.0961719 0.1045553 0.0800767 0.0791070 0.0351496 0.0729149 0.0666595 0.0432088 0.0490609 0.0679658 0.0781199 0.0708951 0.0733739 0.0819860 0.1037226 0.0838514 0.0815400 0.0777869 0.1020175 0.0633630 0.0674056 0.0664033 0.0667639 0.0987919 0.0852209 0.0523675 0.0846618 0.0664726 0.0543867 0.0732761 0.0319592 0.0748471 0.0908600 0.0955640 0.0982381 0.1010043 0.0578249 0.0718907 0.1124336 0.0903629 0.0840078 0.0779573 0.0980684 0.1030353 0.1020973 0.0678473 0.1024412 0.0976048 0.0810263 0.0789330 0.0863037 0.1019108 0.0987792 0.0656514 0.0815855 0.0652264 0.0339354 0.0611255 0.0613139 0.0753381 0.0521049 0.0517709 0.0946400 0.0884699 0.0844106 0.0662808 0.0780349 0.1002474 0.1007592 0.0687245 0.0666062 0.0607215 0.1029792 0.0766033 0.0630310 0.0986686 0.0862990 0.0521281 0.0732665 0.0656671 0.0379667 0.0720002 0.0650051 0.0647759 0.0880681 0.0984622 0.0678432 0.0709036 0.0408318 0.0853926 0.0621198 0.0753851 0.0700458 0.0943856 0.0799992 0.0727550 0.0895515 0.0728371 0.1741813 0.0666497 0.0627187 0.0818989 0.0734125 
S0335         0.2066811 0.0611720 0.0665812 0.1048272 0.0892353 0.0644215 0.0872666 0.1133434 0.0736850 0.0939000 0.0911725 0.1187528 0.0821121 0.0936577 0.1068654 0.0857347 0.0806461 0.0000000 0.0734860 0.0739345 0.0811291 0.0600043 0.0653892 0.0942279 0.0879060 0.0838686 0.0771625 0.0869502 0.0736009 0.0819000 0.0620710 0.0808089 0.0979443 0.0757346 0.0781788 0.0912483 0.0624319 0.0644844 0.1026497 0.0735140 0.0890031 0.0848095 0.0740159 0.0778708 0.0828431 0.1226765 0.0817050 0.0798601 0.0712664 0.0861571 0.0718672 0.0676914 0.0760939 0.0754499 0.0830953 0.0887773 0.0751787 0.0866639 0.0821208 0.0813358 0.0566841 0.0848996 0.0744954 0.0804783 0.0827897 0.0820661 0.0861621 0.0668452 0.0773144 0.1241383 0.0955990 0.0816121 0.0754031 0.0865671 0.0926534 0.1160852 0.0744503 0.1208562 0.0821597 0.0528192 0.0743734 0.0807430 0.0825165 0.1169590 0.0643906 0.0717534 0.0572013 0.0940993 0.0772911 0.0775392 0.0800545 0.0759533 0.1127335 0.0935488 0.0862054 0.0785244 0.0640825 0.0779189 0.0558492 0.0868204 0.0663817 0.0633995 0.0564731 0.0861067 0.0720173 0.0859948 0.0826144 0.0759050 0.1059969 0.0595889 0.0742996 0.0986788 0.0763499 0.0836071 0.0646771 0.0868674 0.0956314 0.0396698 0.0667342 0.0952288 0.0732262 0.0883543 0.0684618 0.0623492 0.0593623 0.0232971 0.0937233 0.0722720 0.0581795 0.1635533 0.0722229 0.0398319 0.0829276 0.0596254 
S0345         0.1946460 0.0934522 0.0621073 0.1339524 0.0846275 0.0783336 0.0899105 0.1531441 0.1239066 0.1334504 0.1389291 0.1524063 0.0960991 0.1109489 0.1234614 0.0899105 0.0957602 0.0734860 0.0000000 0.0962958 0.0965009 0.0900811 0.0956025 0.1315010 0.0967938 0.1154811 0.1014924 0.1138531 0.0707000 0.0905483 0.0853507 0.1296337 0.1102268 0.0754600 0.0960991 0.1296540 0.0850570 0.1089408 0.1241417 0.0761750 0.1183998 0.0900709 0.0826812 0.0844641 0.0964997 0.1314775 0.1074714 0.0960991 0.1029796 0.1296337 0.0906124 0.0879267 0.0906124 0.0906124 0.1027312 0.1034721 0.0810634 0.0781962 0.0847105 0.0800650 0.0643113 0.0985239 0.1016804 0.1285015 0.1335718 0.1211403 0.1224086 0.0000010 0.0794350 0.1383813 0.0965776 0.0730981 0.0896357 0.1341882 0.1414981 0.1542650 0.0906124 0.1655975 0.1023982 0.0833599 0.0730981 0.0965826 0.1293436 0.1320588 0.1018794 0.1076892 0.0799035 0.1304456 0.0843412 0.0847104 0.0976733 0.0930192 0.1597818 0.0846522 0.1074746 0.1017361 0.0954250 0.0617933 0.0529922 0.1300190 0.0964112 0.0914122 0.0887881 0.1006160 0.0845393 0.0795640 0.1225398 0.0870754 0.1626435 0.0910040 0.0959894 0.1311044 0.0746190 0.0955924 0.0889522 0.0856436 0.1284793 0.0830645 0.1092438 0.1236214 0.0977073 0.0874174 0.0954250 0.0692349 0.0636569 0.0742168 0.1017474 0.0964320 0.0636573 0.1562080 0.0904795 0.0777711 0.0948161 0.0751164 
S0355         0.2045831 0.0587137 0.0710180 0.1051767 0.0774041 0.0590519 0.0131371 0.1118298 0.0849420 0.0868639 0.0820545 0.1205395 0.0078646 0.0362486 0.1020189 0.0088885 0.0801027 0.0739345 0.0962958 0.0000000 0.0683034 0.0528946 0.0590569 0.0907696 0.0748482 0.0836343 0.0608158 0.0692854 0.0745637 0.0060839 0.0648705 0.0848736 0.0863727 0.0412381 0.0058747 0.0908634 0.0703826 0.0591620 0.0940815 0.0690682 0.0892900 0.0752710 0.0655012 0.0664037 0.0068995 0.1157422 0.0642384 0.0068760 0.0656476 0.0920331 0.0596948 0.0613026 0.0610312 0.0624819 0.0771824 0.0761756 0.0658859 0.0481955 0.0868948 0.0739373 0.0582603 0.0917838 0.0169670 0.0853349 0.0841730 0.0900153 0.0948275 0.0371303 0.0625560 0.1191713 0.0829439 0.0460070 0.0422422 0.0927556 0.0967272 0.1086539 0.0608977 0.1133747 0.0842830 0.0733519 0.0433269 0.0731335 0.0928913 0.1199016 0.0577451 0.0743240 0.0652046 0.0887949 0.0796537 0.0784391 0.0060706 0.0680063 0.1110912 0.0478791 0.0098759 0.0078693 0.0611443 0.0389754 0.0717671 0.0904582 0.0601640 0.0591786 0.0578495 0.0900214 0.0741584 0.0874104 0.0904629 0.0847775 0.1159938 0.0666205 0.0622174 0.0999443 0.0626677 0.0859513 0.0578230 0.0793495 0.0954857 0.0604956 0.0615618 0.0909789 0.0717859 0.0811356 0.0738011 0.0605098 0.0769146 0.0727799 0.0971522 0.0819981 0.0589780 0.1477098 0.0708238 0.0620723 0.0677617 0.0593393 
S0376         0.1956547 0.0464695 0.0766201 0.1000149 0.0921392 0.0494879 0.0869350 0.1031623 0.0811479 0.0806125 0.0807895 0.0970326 0.0799957 0.0846874 0.0952783 0.0790744 0.0809114 0.0811291 0.0965009 0.0683034 0.0000000 0.0487091 0.0534935 0.0889899 0.0627397 0.0770882 0.0707468 0.0261761 0.0783675 0.0784964 0.0642993 0.0833652 0.0716182 0.0682799 0.0722979 0.0792200 0.0639314 0.0545334 0.0864014 0.0663882 0.0890604 0.0631553 0.0598982 0.0726007 0.0772820 0.1028531 0.0609272 0.0802933 0.0569500 0.0885117 0.0656789 0.0554293 0.0699644 0.0690763 0.0773362 0.0853191 0.0669089 0.0782034 0.0822862 0.0736414 0.0633955 0.0745532 0.0693580 0.0787559 0.0791192 0.0843452 0.0875236 0.0267836 0.0628968 0.1063042 0.0880858 0.0785248 0.0619751 0.0956966 0.0970078 0.0977196 0.0672857 0.1014248 0.0874687 0.0762465 0.0649663 0.0603551 0.0860297 0.1058721 0.0526358 0.0607654 0.0608908 0.0817378 0.0785681 0.0766856 0.0698715 0.0688242 0.0995047 0.0741755 0.0803525 0.0700554 0.0513605 0.0748096 0.0828501 0.0929973 0.0545210 0.0487672 0.0440656 0.0872227 0.0561378 0.0815836 0.0858320 0.0815977 0.0942106 0.0558505 0.0699817 0.0931675 0.0649671 0.0849535 0.0516311 0.0813183 0.0925732 0.0632224 0.0518064 0.0842352 0.0639991 0.0802000 0.0604236 0.0483359 0.0774740 0.0761029 0.0921212 0.0771230 0.0586581 0.1506548 0.0683804 0.0623579 0.0229473 0.0666085 
S0400         0.1703627 0.0152970 0.0498356 0.0856220 0.0754774 0.0075481 0.0693153 0.0918146 0.0738796 0.0362269 0.0599131 0.0893152 0.0610171 0.0687206 0.0796610 0.0628905 0.0637221 0.0600043 0.0900811 0.0528946 0.0487091 0.0000000 0.0099533 0.0740287 0.0515523 0.0613215 0.0480531 0.0485710 0.0551073 0.0620603 0.0470377 0.0671959 0.0597116 0.0603253 0.0558946 0.0666983 0.0284865 0.0108116 0.0784159 0.0509648 0.0650422 0.0484538 0.0123231 0.0537150 0.0593099 0.0944719 0.0502672 0.0600536 0.0240471 0.0707984 0.0453310 0.0092560 0.0493288 0.0484520 0.0681805 0.0644682 0.0503384 0.0661830 0.0604612 0.0581681 0.0476794 0.0730708 0.0548158 0.0635358 0.0650633 0.0649229 0.0688351 0.0267167 0.0502347 0.0972266 0.0763685 0.0665777 0.0535579 0.0733576 0.0800529 0.0871600 0.0483964 0.0937446 0.0708779 0.0662763 0.0591267 0.0447806 0.0804550 0.0925503 0.0066001 0.0293310 0.0484907 0.0672657 0.0563471 0.0545171 0.0554262 0.0511432 0.0852076 0.0663674 0.0674606 0.0570553 0.0082420 0.0595211 0.0708921 0.0825027 0.0065970 0.0091181 0.0203956 0.0847481 0.0416487 0.0629496 0.0801381 0.0739118 0.0832747 0.0248012 0.0493410 0.0771972 0.0503075 0.0609382 0.0058716 0.0645586 0.0896794 0.0470745 0.0230225 0.0751335 0.0322599 0.0582618 0.0254286 0.0321998 0.0731676 0.0570349 0.0679808 0.0546216 0.0473863 0.1384233 0.0505214 0.0501850 0.0520887 0.0507709 
S0405         0.1860677 0.0158369 0.0477100 0.0907562 0.0783233 0.0090743 0.0730526 0.0931238 0.0777655 0.0497283 0.0595700 0.0918159 0.0647701 0.0694079 0.0813034 0.0666745 0.0675892 0.0653892 0.0956025 0.0590569 0.0534935 0.0099533 0.0000000 0.0735248 0.0536474 0.0629306 0.0479739 0.0485500 0.0598390 0.0659202 0.0509672 0.0718528 0.0604968 0.0629134 0.0606815 0.0695368 0.0333189 0.0097801 0.0788468 0.0529487 0.0691702 0.0512774 0.0192318 0.0546183 0.0630951 0.0994114 0.0511324 0.0650020 0.0279872 0.0733209 0.0453053 0.0141546 0.0492231 0.0473712 0.0698703 0.0653323 0.0523423 0.0668970 0.0666321 0.0600786 0.0505091 0.0804761 0.0546472 0.0671615 0.0666515 0.0707070 0.0744479 0.0366891 0.0482416 0.1011765 0.0718170 0.0661706 0.0534693 0.0769267 0.0825440 0.0899102 0.0496464 0.0969020 0.0703083 0.0679282 0.0605147 0.0477136 0.0830337 0.0986569 0.0122799 0.0341191 0.0532543 0.0711328 0.0614299 0.0596106 0.0617866 0.0541011 0.0879436 0.0689316 0.0702075 0.0632512 0.0097351 0.0613892 0.0724857 0.0850541 0.0139430 0.0089482 0.0234652 0.0840012 0.0437243 0.0668352 0.0816669 0.0765621 0.0858178 0.0287745 0.0492351 0.0766295 0.0483103 0.0692630 0.0107905 0.0621233 0.0921599 0.0480181 0.0251839 0.0767264 0.0380345 0.0621935 0.0276306 0.0370983 0.0757435 0.0598981 0.0772738 0.0584585 0.0502970 0.1381663 0.0524674 0.0510835 0.0558977 0.0496723 
S0407sl       0.2081084 0.0690847 0.0729381 0.0549705 0.1060896 0.0725966 0.1061179 0.0466267 0.1012083 0.1356716 0.0877388 0.0514438 0.0960669 0.1039135 0.0471121 0.0997865 0.0420530 0.0942279 0.1315010 0.0907696 0.0889899 0.0740287 0.0735248 0.0000000 0.0948278 0.0334266 0.0831093 0.0897422 0.0444072 0.0960213 0.0582047 0.0937265 0.1013845 0.0904064 0.0922661 0.0343117 0.0834109 0.0715142 0.0405137 0.0620992 0.0851707 0.0858841 0.0823789 0.0886202 0.0943353 0.1200567 0.0899824 0.0964455 0.0842008 0.1020957 0.0787953 0.0743170 0.0834388 0.0825106 0.1059880 0.1003436 0.0591683 0.0907972 0.0802937 0.0696335 0.0826227 0.0316497 0.0845181 0.0966323 0.0989055 0.0982532 0.1037459 0.0826599 0.0869353 0.1278628 0.0983635 0.0908912 0.0839171 0.1000718 0.1027216 0.1157677 0.0842676 0.1186068 0.1013631 0.0976791 0.0860087 0.0896050 0.1117814 0.1183666 0.0702653 0.0902916 0.0824001 0.0359740 0.0765094 0.0767563 0.0947256 0.0623369 0.0489420 0.0996379 0.1012440 0.0966231 0.0721398 0.0852110 0.1137697 0.1139177 0.0746987 0.0725058 0.0693589 0.1137098 0.0827663 0.0691171 0.1111749 0.0948112 0.0479369 0.0804848 0.0823809 0.0141984 0.0870736 0.0840083 0.0737728 0.1035639 0.1052985 0.0777279 0.0769900 0.0339526 0.0905828 0.0728850 0.0840526 0.0726682 0.1102819 0.0897484 0.0929414 0.0968194 0.0787525 0.1750857 0.0808778 0.0768498 0.0880847 0.0849386 
S0412sl       0.1942186 0.0489542 0.0678562 0.1127649 0.0988823 0.0469880 0.0894768 0.1179757 0.0897389 0.0843459 0.0819585 0.1124674 0.0830806 0.0936071 0.1060772 0.0855122 0.0948083 0.0879060 0.0967938 0.0748482 0.0627397 0.0515523 0.0536474 0.0948278 0.0000000 0.0937529 0.0736807 0.0649628 0.0860988 0.0833525 0.0771959 0.0953815 0.0648729 0.0779625 0.0808847 0.0937785 0.0657078 0.0526624 0.1045249 0.0783468 0.0991909 0.0612362 0.0591727 0.0769138 0.0823550 0.1101713 0.0452555 0.0845238 0.0639109 0.0956586 0.0713768 0.0556356 0.0739387 0.0740615 0.0950213 0.0871232 0.0776166 0.0912451 0.0953984 0.0791193 0.0667106 0.1062599 0.0727968 0.0896962 0.0895753 0.0953872 0.0983826 0.0466785 0.0725058 0.1092001 0.0891920 0.0937517 0.0730787 0.0948198 0.0963287 0.0978304 0.0740155 0.1021268 0.1002701 0.0838964 0.0840421 0.0665554 0.0904210 0.1046500 0.0558768 0.0667196 0.0719280 0.1012426 0.0897764 0.0900915 0.0793219 0.0797049 0.1215137 0.0884542 0.0858318 0.0812189 0.0523738 0.0855511 0.0879184 0.1018955 0.0558472 0.0484796 0.0504700 0.0916698 0.0593902 0.0897456 0.0979500 0.0932110 0.1057539 0.0558868 0.0750559 0.1024111 0.0704293 0.0970207 0.0493982 0.0924388 0.0999151 0.0734470 0.0591200 0.0962391 0.0658202 0.0822470 0.0633939 0.0549989 0.0894350 0.0871637 0.0962627 0.0821763 0.0642460 0.1349592 0.0706653 0.0750147 0.0647561 0.0655360 
S0417         0.1984507 0.0567233 0.0627790 0.0434544 0.0983479 0.0599886 0.0962713 0.0396018 0.0915350 0.1131038 0.0878661 0.0453481 0.0868441 0.0943204 0.0380462 0.0903094 0.0313122 0.0838686 0.1154811 0.0836343 0.0770882 0.0613215 0.0629306 0.0334266 0.0937529 0.0000000 0.0709960 0.0808783 0.0295687 0.0899845 0.0436143 0.0880404 0.0999802 0.0823851 0.0825796 0.0276183 0.0717357 0.0631400 0.0357514 0.0514677 0.0763301 0.0781418 0.0680925 0.0750837 0.0851322 0.1133302 0.0813339 0.0871762 0.0721934 0.0926922 0.0668863 0.0628411 0.0712659 0.0703609 0.0931248 0.0871042 0.0538976 0.0853298 0.0739125 0.0596315 0.0717371 0.0220612 0.0756789 0.0884812 0.0870916 0.0896854 0.0942400 0.0481404 0.0779779 0.1191395 0.0972577 0.0825142 0.0777217 0.0988556 0.1012780 0.1081892 0.0720011 0.1132720 0.0904519 0.0884081 0.0807274 0.0824366 0.1038709 0.1080340 0.0621187 0.0760039 0.0737904 0.0192509 0.0682413 0.0684566 0.0857988 0.0536240 0.0437080 0.0935753 0.0917387 0.0879948 0.0607617 0.0777059 0.1045963 0.1015418 0.0651870 0.0620937 0.0572432 0.1037680 0.0737766 0.0677518 0.1005108 0.0858157 0.0422115 0.0676693 0.0692427 0.0321692 0.0780991 0.0754908 0.0611860 0.0923138 0.0991465 0.0650159 0.0644143 0.0309320 0.0797543 0.0657584 0.0727971 0.0665828 0.0988490 0.0796504 0.0781955 0.0831127 0.0678531 0.1706344 0.0725934 0.0641543 0.0776732 0.0729020 
S0419         0.1723062 0.0477884 0.0091752 0.0911011 0.0456358 0.0487796 0.0695816 0.0981985 0.0798698 0.1015929 0.0807975 0.1001571 0.0623852 0.0751375 0.0892958 0.0652393 0.0674084 0.0771625 0.1014924 0.0608158 0.0707468 0.0480531 0.0479739 0.0831093 0.0736807 0.0709960 0.0000000 0.0703968 0.0609438 0.0643757 0.0635784 0.0872193 0.0881540 0.0638471 0.0624122 0.0741875 0.0600258 0.0499581 0.0779747 0.0636505 0.0831137 0.0724518 0.0530185 0.0218093 0.0607191 0.1032834 0.0756008 0.0626064 0.0601412 0.0886443 0.0048295 0.0536727 0.0089408 0.0081391 0.0925515 0.0318927 0.0609453 0.0689173 0.0753931 0.0688870 0.0567899 0.0859306 0.0571930 0.0801151 0.0892057 0.0878720 0.0898438 0.0573520 0.0217137 0.1079182 0.0726722 0.0702694 0.0594030 0.0895274 0.0977017 0.0923852 0.0058219 0.1020299 0.0885372 0.0776154 0.0663099 0.0709308 0.0875268 0.0965075 0.0500138 0.0637617 0.0633605 0.0814612 0.0708855 0.0711056 0.0611687 0.0607389 0.0949667 0.0679986 0.0667150 0.0649735 0.0506358 0.0634650 0.0903529 0.0872612 0.0518626 0.0490033 0.0511372 0.0888053 0.0653381 0.0731539 0.0864203 0.0786566 0.0969194 0.0550583 0.0105933 0.0822482 0.0234696 0.0801047 0.0499130 0.0352801 0.0938126 0.0636787 0.0508476 0.0826604 0.0643965 0.0741760 0.0565908 0.0575185 0.0896460 0.0693055 0.0818184 0.0825912 0.0562446 0.1596553 0.0332940 0.0650081 0.0743782 0.0567657 
S0427         0.1957700 0.0491463 0.0743331 0.1055120 0.0914723 0.0484038 0.0876185 0.1057645 0.0878275 0.0862132 0.0836178 0.1030763 0.0786266 0.0858374 0.0996292 0.0808127 0.0826433 0.0869502 0.1138531 0.0692854 0.0261761 0.0485710 0.0485500 0.0897422 0.0649628 0.0808783 0.0703968 0.0000000 0.0816440 0.0814204 0.0670274 0.0894820 0.0723763 0.0733813 0.0708469 0.0823556 0.0656633 0.0515027 0.0930905 0.0672766 0.0865935 0.0638833 0.0608674 0.0733897 0.0759261 0.1073579 0.0619209 0.0789175 0.0568321 0.0952767 0.0673900 0.0562671 0.0696830 0.0707962 0.0869431 0.0850323 0.0664241 0.0799836 0.0829976 0.0724371 0.0702575 0.0869605 0.0720845 0.0855069 0.0849059 0.0901474 0.0942858 0.0264866 0.0656823 0.1097843 0.0888863 0.0813813 0.0650098 0.1015677 0.1028993 0.1000429 0.0694611 0.1037062 0.0902031 0.0822708 0.0684050 0.0592386 0.0974120 0.1087581 0.0515611 0.0605410 0.0656083 0.0847811 0.0782622 0.0763878 0.0696668 0.0685604 0.1016727 0.0791137 0.0800529 0.0710271 0.0502985 0.0755429 0.0886023 0.1008864 0.0553464 0.0486470 0.0506362 0.0975208 0.0578980 0.0823192 0.0950414 0.0907424 0.1035520 0.0615677 0.0716991 0.0952653 0.0677631 0.0815196 0.0514837 0.0842740 0.0983092 0.0659531 0.0526358 0.0910821 0.0670209 0.0726798 0.0602791 0.0558960 0.0842570 0.0817425 0.0918159 0.0851278 0.0656093 0.1357050 0.0752632 0.0670519 0.0228983 0.0650220 
S0428sl       0.1896899 0.0559001 0.0532897 0.0603331 0.0893542 0.0591815 0.0900419 0.0578839 0.0881070 0.1194770 0.0793523 0.0576185 0.0789664 0.0808362 0.0577323 0.0775330 0.0314265 0.0736009 0.0707000 0.0745637 0.0783675 0.0551073 0.0598390 0.0444072 0.0860988 0.0295687 0.0609438 0.0816440 0.0000000 0.0794758 0.0380745 0.0898937 0.0926794 0.0696095 0.0737297 0.0387370 0.0690000 0.0586469 0.0443143 0.0483692 0.0653253 0.0725867 0.0608982 0.0696553 0.0780714 0.0968021 0.0764945 0.0749661 0.0717278 0.0949811 0.0574579 0.0590924 0.0612150 0.0600950 0.0943351 0.0809739 0.0473301 0.0748808 0.0601731 0.0533604 0.0680369 0.0465053 0.0675178 0.0869019 0.0874736 0.0944755 0.0924017 0.0573717 0.0705490 0.0967858 0.0859189 0.0737837 0.0590301 0.0925499 0.0984013 0.0918446 0.0615903 0.0962988 0.0942811 0.0846157 0.0673228 0.0795428 0.1045608 0.1041280 0.0564304 0.0670869 0.0663922 0.0360644 0.0537128 0.0525899 0.0721739 0.0483563 0.0559347 0.0774097 0.0820993 0.0756208 0.0595478 0.0667362 0.1041024 0.1014827 0.0574598 0.0586707 0.0529026 0.1047387 0.0675644 0.0516517 0.0945404 0.0823920 0.0587363 0.0651048 0.0587191 0.0470625 0.0707010 0.0587925 0.0582367 0.0826048 0.1004493 0.0615200 0.0638252 0.0419506 0.0742123 0.0531315 0.0643284 0.0643801 0.0960817 0.0732572 0.0720837 0.0904595 0.0685786 0.1715671 0.0650526 0.0616377 0.0776643 0.0689972 
