132
PAFTOL_019361 0.0000000 0.2212937 0.2176689 0.2226864 0.2814983 0.2253152 0.2178155 0.2275961 0.2332368 0.2476442 0.2579693 0.2285967 0.2187880 0.2858602 0.2178999 0.2146773 0.2149265 0.2289092 0.2259446 0.2382851 0.2094749 0.2130468 0.2367508 0.2438672 0.2378041 0.2175139 0.2283972 0.2344016 0.2176242 0.2234846 0.2344050 0.2746385 0.2294364 0.2231393 0.2453362 0.2250285 0.2459135 0.2531826 0.2495002 0.2247571 0.2089342 0.2262893 0.2282405 0.2257543 0.2469186 0.2204544 0.2268244 0.3058321 0.2123917 0.2265080 0.2114639 0.3248302 0.2694585 0.2452836 0.2347193 0.2286606 0.2375177 0.2140505 0.2299242 0.2185863 0.2417196 0.2434749 0.2376221 0.2345455 0.2286476 0.2359360 0.2300022 0.2215043 0.2611400 0.1893568 0.2690504 0.2748909 0.2295625 0.2243522 0.2258930 0.2169149 0.2730422 0.2032249 0.2573844 0.2266916 0.2518553 0.2413089 0.2286305 0.2356261 0.2211772 0.2287848 0.2433156 0.2432384 0.2708364 0.2339113 0.2439678 0.2488337 0.2265244 0.2225695 0.2198924 0.2343116 0.2349091 0.2200002 0.2323846 0.2149453 0.2176018 0.2519175 0.2346871 0.2672565 0.2340216 0.2370708 0.2059210 0.2041246 0.2156342 0.2232367 0.2330150 0.2411634 0.2149217 0.2338651 0.2678891 0.2162291 0.2481257 0.2225444 0.2078963 0.2289729 0.1964122 0.2192525 0.2106378 0.2216350 0.2410941 0.2324041 0.2242061 0.2740928 0.2109344 0.2077859 0.2465780 0.2063204 
S0055         0.2212937 0.0000000 0.0666436 0.0955627 0.1246157 0.0443846 0.0836784 0.0924073 0.0763532 0.0496010 0.0637067 0.1101164 0.0828357 0.1749816 0.0871731 0.0840594 0.0815009 0.0830466 0.0881684 0.0715356 0.0320066 0.0406921 0.0940266 0.0686437 0.0918856 0.0599217 0.0691645 0.0885650 0.0824416 0.0798228 0.0739726 0.0868039 0.0817754 0.0879538 0.0610490 0.0353913 0.0949713 0.0984733 0.0873356 0.0407390 0.0409391 0.0805350 0.0880039 0.1533965 0.0756630 0.0850418 0.0479781 0.0916832 0.0612381 0.0454469 0.0626174 0.1175169 0.0887413 0.0925650 0.0929716 0.1055068 0.0832069 0.0720898 0.0664018 0.0709753 0.0714103 0.0722021 0.0713546 0.0737538 0.0613078 0.0737786 0.1524801 0.0614123 0.1515520 0.0874557 0.0993262 0.0995651 0.1610741 0.0627487 0.1488516 0.0685414 0.0946977 0.0678565 0.1480825 0.0431515 0.0922901 0.1687253 0.0393239 0.0492195 0.0535749 0.0857221 0.0901957 0.0916430 0.0919025 0.1032261 0.1032414 0.1007117 0.0824604 0.0941574 0.0404797 0.1028212 0.0910074 0.0679147 0.0454191 0.0370805 0.0321391 0.1017940 0.0467698 0.0987494 0.0811248 0.0916937 0.0899656 0.0381742 0.0585468 0.1035285 0.0724195 0.0876740 0.0369327 0.0711392 0.0960290 0.0613176 0.0559995 0.0962468 0.0341749 0.0933406 0.0320285 0.0444302 0.0774736 0.0828653 0.0905438 0.0668503 0.0678973 0.1397606 0.0829866 0.0628459 0.0730512 0.0572603 
S0196sl       0.2176689 0.0666436 0.0000000 0.0760397 0.0784340 0.0814396 0.0913308 0.0809112 0.0912882 0.0846297 0.1023471 0.1006118 0.0863145 0.1665097 0.0752755 0.0876013 0.0715426 0.0884655 0.0917550 0.0846501 0.0720276 0.0798257 0.0793847 0.1004734 0.0792147 0.0100388 0.0807608 0.0667835 0.0878202 0.0619692 0.0891592 0.1206346 0.0915273 0.0758002 0.0888488 0.0703473 0.0750877 0.0856052 0.0699107 0.0719453 0.0813272 0.0418088 0.0852469 0.1544122 0.1019823 0.0858005 0.0809216 0.1033862 0.0129556 0.0722451 0.0100660 0.0788856 0.1023243 0.0514124 0.0738428 0.1005827 0.0648029 0.0675228 0.0595285 0.0800434 0.0881737 0.0803242 0.0857836 0.0932472 0.0970073 0.0282722 0.1577905 0.0684834 0.1367813 0.1002661 0.1046408 0.1023854 0.1620359 0.0130429 0.1403098 0.0581876 0.0994472 0.0704882 0.1366961 0.0848490 0.0990518 0.1728810 0.0754287 0.0815350 0.0601836 0.0697891 0.0734337 0.0752743 0.0932889 0.0750094 0.0778262 0.1065514 0.0859853 0.0837747 0.0721439 0.1025282 0.0855456 0.0759511 0.0789107 0.0707027 0.0837440 0.1093749 0.0924680 0.0761983 0.0839322 0.0980883 0.0805618 0.0672876 0.0115249 0.0750280 0.0282722 0.0735193 0.0741968 0.0327974 0.0928982 0.0650545 0.0947882 0.0901796 0.0626719 0.0665688 0.0635563 0.0720123 0.0770927 0.0751895 0.0716887 0.0738918 0.0635173 0.1449487 0.0487785 0.0600797 0.1097366 0.0568726 
S0278         0.2226864 0.0955627 0.0760397 0.0000000 0.1325441 0.0971926 0.1064879 0.0430911 0.0994500 0.1180971 0.1215460 0.0523545 0.1041916 0.1847659 0.0307554 0.1068840 0.0285236 0.0917861 0.1083312 0.1100458 0.0927644 0.0955285 0.0450055 0.1125704 0.0359353 0.0680394 0.1038727 0.0486627 0.1022406 0.0554115 0.0940892 0.1392892 0.1015431 0.0308833 0.1095402 0.1004748 0.0393591 0.0816401 0.0562470 0.0898389 0.1028902 0.0898768 0.1066199 0.1667100 0.1209755 0.1049532 0.1013095 0.1102422 0.0693717 0.1001637 0.0694976 0.1212995 0.1164205 0.1033847 0.0711898 0.1199004 0.0524175 0.0579005 0.0890497 0.0914207 0.0914397 0.0928670 0.0942410 0.0980689 0.1281238 0.0836271 0.1561071 0.0766078 0.1679905 0.1134991 0.1201837 0.1280143 0.1766958 0.0738337 0.1523148 0.0568958 0.1176237 0.0862804 0.1643833 0.1049777 0.1104369 0.1800199 0.1000684 0.1046534 0.0791233 0.0333172 0.0588741 0.0575869 0.1000071 0.0792068 0.0276475 0.1203506 0.1067234 0.1123418 0.0968517 0.1171462 0.1015527 0.0911847 0.1000252 0.0884939 0.0977115 0.1222047 0.1105160 0.0835335 0.1046152 0.1093975 0.0394213 0.0914378 0.0655209 0.0495127 0.0822307 0.0577495 0.0959441 0.0823253 0.1140380 0.0820199 0.1126583 0.0480051 0.0789528 0.0684647 0.0815789 0.0893308 0.0875719 0.0944063 0.0552199 0.0834432 0.0925032 0.1637631 0.0919131 0.0823022 0.1162777 0.0813165 
S0281         0.2814983 0.1246157 0.0784340 0.1325441 0.0000000 0.1382310 0.1424559 0.1376252 0.1211827 0.1488524 0.1654611 0.1411176 0.1365078 0.1996493 0.1167985 0.1430104 0.1155005 0.1253562 0.1445835 0.1448544 0.1246334 0.1317945 0.1283505 0.1565892 0.1288154 0.0739565 0.1354855 0.1152984 0.1378660 0.1233406 0.1188314 0.1656836 0.1359282 0.1291920 0.1566175 0.1342438 0.1308431 0.1384480 0.1334927 0.1291381 0.1297864 0.0815385 0.1371421 0.1906542 0.1571598 0.1376612 0.1275863 0.1592666 0.0766345 0.1328993 0.0754507 0.1353045 0.1437647 0.0862917 0.1224000 0.1486613 0.1258112 0.1082746 0.1148571 0.1211866 0.1269851 0.1174230 0.1205065 0.1261953 0.1659730 0.0750133 0.1850837 0.1150957 0.1839887 0.1329951 0.1372493 0.1380712 0.1851943 0.0772548 0.1968296 0.1049404 0.1436428 0.1169646 0.1776902 0.1354920 0.1333029 0.2045492 0.1274283 0.1302094 0.1160460 0.1188065 0.1305250 0.1321619 0.1490058 0.1421006 0.1444564 0.1436923 0.1362903 0.1357114 0.1264563 0.1483836 0.1329901 0.1123681 0.1319715 0.1186618 0.1357341 0.1393343 0.1410444 0.1469447 0.1360859 0.1337262 0.1265389 0.1207026 0.0754569 0.1253037 0.0736520 0.1350921 0.1281976 0.0766409 0.1353225 0.1124613 0.1385033 0.1217096 0.1186937 0.1134541 0.1205345 0.1321985 0.1143387 0.1085652 0.1299336 0.1209795 0.1152871 0.1726191 0.1026388 0.1107784 0.1521134 0.1036370 
S0282         0.2253152 0.0443846 0.0814396 0.0971926 0.1382310 0.0000000 0.0929770 0.1003087 0.0864291 0.0320936 0.0764169 0.1133762 0.0936022 0.1815940 0.0961045 0.0976655 0.0891547 0.0965253 0.0990817 0.0841823 0.0143724 0.0249461 0.0974075 0.0732430 0.0966452 0.0681328 0.0708643 0.1041496 0.0931459 0.0854836 0.0858439 0.0991215 0.0941543 0.1012639 0.0669861 0.0277648 0.0997383 0.1096564 0.0908149 0.0509886 0.0214723 0.0956345 0.0988907 0.1660591 0.0845715 0.0958121 0.0319789 0.1116063 0.0681745 0.0223151 0.0695932 0.1181630 0.1059632 0.1065789 0.1055103 0.1170623 0.0893683 0.0838079 0.0736725 0.0812258 0.0846210 0.0825308 0.0845539 0.0869443 0.0840120 0.0796567 0.1606326 0.0783411 0.1617563 0.1023187 0.1125658 0.1171157 0.1724488 0.0698066 0.1563758 0.0858605 0.1069062 0.0779158 0.1581808 0.0524571 0.1032658 0.1766545 0.0212317 0.0483875 0.0705727 0.0903586 0.0965026 0.0979820 0.0984822 0.1116517 0.1123395 0.1077107 0.0960668 0.1080942 0.0271870 0.1122829 0.0976815 0.0780367 0.0246893 0.0249833 0.0461203 0.1162686 0.0534236 0.1158337 0.0914269 0.1007835 0.0975417 0.0358710 0.0682991 0.1137468 0.0782711 0.0968307 0.0155439 0.0797344 0.1130738 0.0725336 0.0383256 0.1011774 0.0367909 0.1012060 0.0335140 0.0562243 0.0865499 0.0948855 0.0968808 0.0783141 0.0738512 0.1691313 0.0877332 0.0727802 0.0931592 0.0617079 
S0288         0.2178155 0.0836784 0.0913308 0.1064879 0.1424559 0.0929770 0.0000000 0.1033029 0.1016069 0.1042461 0.1111809 0.1153947 0.0098540 0.1062179 0.0893135 0.0109470 0.0894050 0.1043967 0.0120563 0.1093697 0.0811811 0.0869599 0.0897672 0.1060517 0.0965593 0.0782217 0.0993157 0.0986017 0.0076140 0.0888638 0.0961137 0.1294638 0.0470398 0.1030064 0.1076367 0.0890502 0.1069217 0.1129635 0.0966291 0.0825308 0.0894145 0.0944787 0.0131965 0.1423019 0.1088382 0.0098014 0.0880802 0.1065806 0.0809296 0.0911045 0.0810818 0.1286250 0.1168873 0.1055982 0.1023449 0.0641158 0.0937597 0.0866894 0.0892562 0.0294954 0.0965644 0.0973045 0.0948027 0.0972114 0.1178262 0.0856239 0.1370127 0.0838517 0.1091823 0.0692389 0.1290063 0.1392638 0.1547613 0.0871183 0.1309837 0.0838689 0.1215137 0.0967463 0.1061127 0.0945889 0.1237756 0.1522326 0.0896855 0.0969384 0.0845728 0.0902818 0.1009758 0.0981728 0.0127453 0.1177839 0.1150838 0.0620249 0.0109316 0.0184291 0.0851981 0.0628736 0.1068557 0.0963506 0.0925001 0.0800321 0.0903882 0.1296248 0.1029042 0.1149417 0.1116827 0.1135513 0.0949112 0.0853991 0.0755971 0.1044475 0.0842120 0.0997911 0.0842344 0.0885426 0.1246572 0.0852505 0.1004756 0.0991516 0.0789738 0.0934291 0.0771001 0.0852733 0.0941074 0.0951229 0.0980283 0.0843227 0.0880446 0.1615309 0.0928603 0.0883759 0.1186790 0.0825718 
S0289         0.2275961 0.0924073 0.0809112 0.0430911 0.1376252 0.1003087 0.1033029 0.0000000 0.1064561 0.1198404 0.1139105 0.0617723 0.1039833 0.1758098 0.0363534 0.1047512 0.0327199 0.0980317 0.1081690 0.1055146 0.0895560 0.0984856 0.0457110 0.1106620 0.0391609 0.0734355 0.1059154 0.0512491 0.1020131 0.0549096 0.0932491 0.1347029 0.1031051 0.0378812 0.1076894 0.1019259 0.0480125 0.0830131 0.0598270 0.0883914 0.1010004 0.0958503 0.1064397 0.1585958 0.1194775 0.1047544 0.1010801 0.1209754 0.0761957 0.0999218 0.0763391 0.1328382 0.1251334 0.1066747 0.0723591 0.1176943 0.0571817 0.0575159 0.0862149 0.0940299 0.0980940 0.0900776 0.0977181 0.1001619 0.1304462 0.0878194 0.1504165 0.0748073 0.1638632 0.1079542 0.1286624 0.1296402 0.1666753 0.0809144 0.1473703 0.0485428 0.1202108 0.0980918 0.1602337 0.0997351 0.1210990 0.1692775 0.0998257 0.1044580 0.0834565 0.0364521 0.0638179 0.0611714 0.1110091 0.0732404 0.0491283 0.1235387 0.1035329 0.1140931 0.0980446 0.1158508 0.1106768 0.0964061 0.1027454 0.0867368 0.0947374 0.1299110 0.1059726 0.0820909 0.1086504 0.1153010 0.0414658 0.0911065 0.0708646 0.0504476 0.0863881 0.0626422 0.0956589 0.0879056 0.1186589 0.0822884 0.1080572 0.0530236 0.0771263 0.0679790 0.0839876 0.0940525 0.0962434 0.0974447 0.0571892 0.0869290 0.0924842 0.1697590 0.0959865 0.0840433 0.1151580 0.0869687 
S0292         0.2332368 0.0763532 0.0912882 0.0994500 0.1211827 0.0864291 0.1016069 0.1064561 0.0000000 0.1062938 0.1005921 0.1095795 0.1022649 0.1892578 0.0945773 0.1049410 0.0888039 0.0582603 0.1063783 0.1094309 0.0779836 0.0867816 0.1002586 0.1101645 0.0994475 0.0736133 0.0946610 0.1006824 0.1003380 0.0963434 0.0628854 0.1156533 0.1029495 0.0993584 0.1010027 0.0968694 0.1054541 0.1060929 0.0915777 0.0779880 0.0874949 0.0882140 0.1061703 0.1691087 0.0977179 0.1030324 0.0876244 0.0890416 0.0749664 0.0850488 0.0751051 0.1365673 0.0849386 0.0977181 0.0975267 0.1213649 0.0902237 0.0765380 0.0675383 0.0895483 0.0642601 0.0636001 0.0629312 0.0652593 0.1285528 0.0881985 0.1672938 0.0776437 0.1561992 0.1070894 0.0857347 0.0899352 0.1817707 0.0782722 0.1656447 0.0879213 0.0827414 0.0593550 0.1526718 0.0924745 0.0432204 0.1904038 0.0836565 0.0920496 0.0603469 0.0931115 0.0945598 0.0946492 0.1033988 0.1080414 0.1124150 0.1122875 0.1033077 0.1205100 0.0877520 0.1215920 0.0719921 0.0148042 0.0891545 0.0769686 0.0759900 0.0473593 0.0948658 0.1110979 0.0346796 0.0224796 0.0946028 0.0838112 0.0695469 0.1201560 0.0867816 0.0976511 0.0809894 0.0837516 0.0518783 0.0480812 0.0966096 0.0968310 0.0757550 0.0981783 0.0739534 0.0820638 0.0659733 0.0568690 0.0977112 0.0574140 0.0680517 0.1498975 0.0935778 0.0519944 0.1153125 0.0574789 
S0293         0.2476442 0.0496010 0.0846297 0.1180971 0.1488524 0.0320936 0.1042461 0.1198404 0.1062938 0.0000000 0.0955166 0.1297099 0.1048623 0.1881768 0.1129537 0.1047866 0.1087888 0.1096258 0.1085543 0.0839682 0.0244045 0.0355157 0.1195537 0.0759575 0.1231847 0.0843625 0.0769696 0.1055111 0.1045057 0.0984030 0.1040701 0.0984615 0.1125191 0.1254295 0.0828469 0.0275920 0.1126081 0.1268394 0.1054127 0.0636422 0.0320535 0.1093033 0.1060999 0.1883234 0.0859412 0.1060748 0.0446246 0.1057986 0.0861680 0.0274374 0.0863478 0.1545251 0.1157477 0.1201920 0.1153711 0.1261928 0.1072069 0.1022698 0.0954440 0.0964928 0.1052027 0.0996782 0.1010346 0.1101171 0.0937800 0.0924080 0.1911723 0.0910535 0.1657988 0.1241017 0.1241757 0.1278689 0.1969105 0.0863807 0.1846875 0.0920236 0.1210557 0.0851613 0.1656995 0.0670281 0.1225193 0.2076180 0.0305037 0.0600794 0.0833058 0.1125334 0.1129074 0.1149447 0.1065577 0.1313606 0.1293740 0.1259519 0.1064404 0.1003174 0.0337218 0.1222852 0.1029492 0.0946123 0.0350381 0.0387245 0.0598682 0.1358854 0.0684059 0.1076607 0.1064841 0.1213574 0.1168133 0.0483441 0.0845711 0.1144410 0.0924080 0.1112249 0.0260223 0.0902118 0.1195598 0.0814490 0.0547918 0.1235698 0.0463349 0.1149214 0.0451427 0.0583550 0.0999975 0.1035019 0.1134790 0.0965586 0.0995133 0.1820357 0.1070379 0.0782005 0.1030070 0.0828969 
S0294         0.2579693 0.0637067 0.1023471 0.1215460 0.1654611 0.0764169 0.1111809 0.1139105 0.1005921 0.0955166 0.0000000 0.1348421 0.1104451 0.2024292 0.1122656 0.1146394 0.1047082 0.1054067 0.1161133 0.0943353 0.0679695 0.0745995 0.1164013 0.0884412 0.1129097 0.0903750 0.1007031 0.1233256 0.1098929 0.1071498 0.0923382 0.1041661 0.1141254 0.1112912 0.0886030 0.0808217 0.1206480 0.1249901 0.1017123 0.0692374 0.0798253 0.1085582 0.1143538 0.1911946 0.0957653 0.1126422 0.0784300 0.1189015 0.0904311 0.0802631 0.0919613 0.1434917 0.1138159 0.1243233 0.1187218 0.1330163 0.0974442 0.0978359 0.0852205 0.1015622 0.0925346 0.0979514 0.0924621 0.0949060 0.0634392 0.1013271 0.1878963 0.0862464 0.1838900 0.1161145 0.1267296 0.1281502 0.2016161 0.0964607 0.1753581 0.0991856 0.1233559 0.0952011 0.1801374 0.0680026 0.1142161 0.2079085 0.0761644 0.0841290 0.0841719 0.1062883 0.1017667 0.1004502 0.1183941 0.1252206 0.1332375 0.1266353 0.1069157 0.1245550 0.0785420 0.1323311 0.1079161 0.0875551 0.0774727 0.0721503 0.0642534 0.1295470 0.0759995 0.1275506 0.1038939 0.1135384 0.1122536 0.0747000 0.0891742 0.1281296 0.0998621 0.1021131 0.0709195 0.1042629 0.1168350 0.0810825 0.0831673 0.1222092 0.0631084 0.1177137 0.0651735 0.0788930 0.0969133 0.1022854 0.1064478 0.0903953 0.0817900 0.1784083 0.1146034 0.0868933 0.1122526 0.0787661 
S0299         0.2285967 0.1101164 0.1006118 0.0523545 0.1411176 0.1133762 0.1153947 0.0617723 0.1095795 0.1297099 0.1348421 0.0000000 0.1130508 0.1840667 0.0480565 0.1158375 0.0470297 0.1054310 0.1173453 0.1162844 0.1052225 0.1083175 0.0566291 0.1202930 0.0510574 0.0860011 0.1147938 0.0635582 0.1109788 0.0638922 0.1098368 0.1435072 0.1064430 0.0551266 0.1284172 0.1214366 0.0602975 0.0989088 0.0771692 0.1040779 0.1129644 0.1049516 0.1155425 0.1758697 0.1306761 0.1137894 0.1130683 0.1302800 0.0902490 0.1084723 0.0904253 0.1365649 0.1222135 0.1142604 0.0847077 0.1196052 0.0744316 0.0731912 0.1024274 0.1060569 0.1022343 0.1104313 0.1041287 0.1066098 0.1483324 0.1009505 0.1622827 0.0872527 0.1575540 0.1153158 0.1358555 0.1429880 0.1844462 0.0935331 0.1651398 0.0749318 0.1349031 0.1118795 0.1610592 0.1171667 0.1258725 0.1925430 0.1128993 0.1085200 0.0872280 0.0481737 0.0800448 0.0800716 0.1162871 0.0945655 0.0628597 0.1322086 0.1156589 0.1290332 0.1114114 0.1214197 0.1224044 0.1003184 0.1144226 0.1012239 0.1091673 0.1354706 0.1245477 0.0965106 0.1167765 0.1182882 0.0563624 0.1027547 0.0846865 0.0675031 0.0994536 0.0802588 0.1085968 0.1012255 0.1181971 0.0938996 0.1266895 0.0659709 0.0971748 0.0819146 0.0983844 0.1039096 0.1058338 0.1075579 0.0704669 0.1016924 0.1052657 0.1641629 0.1003506 0.1015838 0.1196280 0.0948134 
S0303         0.2187880 0.0828357 0.0863145 0.1041916 0.1365078 0.0936022 0.0098540 0.1039833 0.1022649 0.1048623 0.1104451 0.1130508 0.0000000 0.1080466 0.0898792 0.0098855 0.0871264 0.1065058 0.0087689 0.1115120 0.0803258 0.0861263 0.0903386 0.1068244 0.0942821 0.0759431 0.1013602 0.0936370 0.0043511 0.0894319 0.0967340 0.1288075 0.0486004 0.1007188 0.1068885 0.0895657 0.1046456 0.1122993 0.0943506 0.0816821 0.0885822 0.0921528 0.0121380 0.1416291 0.1111037 0.0065341 0.0872536 0.1096595 0.0786527 0.0889052 0.0788007 0.1272003 0.1191334 0.1032914 0.1014872 0.0631472 0.0914801 0.0827612 0.0869806 0.0284612 0.0955540 0.0979482 0.0954147 0.0978376 0.1186385 0.0875449 0.1363191 0.0857486 0.1068020 0.0668063 0.1314765 0.1418532 0.1541396 0.0848264 0.1334377 0.0758071 0.1223308 0.0973664 0.1037336 0.0937839 0.1246049 0.1549308 0.0888642 0.0961467 0.0806712 0.0880161 0.0986984 0.0958926 0.0099038 0.1171502 0.1127463 0.0623750 0.0076529 0.0156061 0.0843605 0.0617425 0.1075563 0.0969825 0.0916906 0.0791700 0.0895640 0.1305068 0.1021368 0.1156971 0.1124224 0.1142974 0.0926376 0.0845606 0.0733147 0.1013852 0.0861189 0.0975078 0.0833896 0.0876306 0.1270354 0.0857887 0.0996954 0.0968815 0.0781180 0.0951468 0.0762286 0.0844354 0.0989582 0.0957304 0.0957505 0.0846687 0.0857636 0.1605055 0.0905696 0.0889387 0.1209212 0.0802873 
S0308         0.2858602 0.1749816 0.1665097 0.1847659 0.1996493 0.1815940 0.1062179 0.1758098 0.1892578 0.1881768 0.2024292 0.1840667 0.1080466 0.0000000 0.1681968 0.1111800 0.1649079 0.1916084 0.1066050 0.1982505 0.1688227 0.1727230 0.1806561 0.1968288 0.1780002 0.1670200 0.1824557 0.1643150 0.1049409 0.1602133 0.1643393 0.2091204 0.1257660 0.1796702 0.1910789 0.1713092 0.1910457 0.1927380 0.1799413 0.1706197 0.1750969 0.1817660 0.1143695 0.2318273 0.1968427 0.1092173 0.1685784 0.1972039 0.1703831 0.1761409 0.1707615 0.2506280 0.2081998 0.1941167 0.1750403 0.1212408 0.1765143 0.1569654 0.1791412 0.1126023 0.1836947 0.1752003 0.1719766 0.1751419 0.2114691 0.1720309 0.2154090 0.1677510 0.1299654 0.1193934 0.2009272 0.2168568 0.2419827 0.1791290 0.2200696 0.1530261 0.2042977 0.1777715 0.1267299 0.1856157 0.2210709 0.2444266 0.1778961 0.1870825 0.1638597 0.1714144 0.1854871 0.1820738 0.1306572 0.1914388 0.1824259 0.1415196 0.1081169 0.0982565 0.1728846 0.1144425 0.1893417 0.1821314 0.1778358 0.1673966 0.1793213 0.2252300 0.1828536 0.1913363 0.1936318 0.1969069 0.1750282 0.1725117 0.1638732 0.1765790 0.1702674 0.1817380 0.1729324 0.1719683 0.2168231 0.1691579 0.1840332 0.1724825 0.1602798 0.1640442 0.1613814 0.1722462 0.1806579 0.1778927 0.1818091 0.1685334 0.1738298 0.2322433 0.1598602 0.1804015 0.2140608 0.1554068 
S0320         0.2178999 0.0871731 0.0752755 0.0307554 0.1167985 0.0961045 0.0893135 0.0363534 0.0945773 0.1129537 0.1122656 0.0480565 0.0898792 0.1681968 0.0000000 0.0924895 0.0201553 0.0854340 0.0938797 0.1012913 0.0843981 0.0901652 0.0322544 0.1032068 0.0272105 0.0608785 0.0984598 0.0418994 0.0880696 0.0472859 0.0864989 0.1256953 0.0873025 0.0308659 0.1002828 0.0993462 0.0379649 0.0683447 0.0504745 0.0830272 0.0940861 0.0805527 0.0922685 0.1533201 0.1103947 0.0906929 0.0926733 0.1049232 0.0647310 0.0915436 0.0648472 0.1129449 0.1107849 0.0937541 0.0610679 0.1063140 0.0467429 0.0457800 0.0782792 0.0774315 0.0865866 0.0831105 0.0866373 0.0875909 0.1296199 0.0705964 0.1472556 0.0675659 0.1486857 0.1008307 0.1162203 0.1191911 0.1627969 0.0704143 0.1419872 0.0485569 0.1089163 0.0827174 0.1452613 0.0962384 0.1083111 0.1637464 0.0914585 0.0973259 0.0728975 0.0247256 0.0530294 0.0543208 0.0845551 0.0661674 0.0388932 0.1037306 0.0923529 0.1056250 0.0897755 0.1065108 0.0962020 0.0863004 0.0942546 0.0789386 0.0879163 0.1183417 0.1002359 0.0703495 0.0982288 0.1043749 0.0307525 0.0858875 0.0622625 0.0428675 0.0692562 0.0544371 0.0874518 0.0733566 0.1073095 0.0744421 0.1035796 0.0404233 0.0751385 0.0558936 0.0776602 0.0826628 0.0824847 0.0869694 0.0481845 0.0774595 0.0815395 0.1594530 0.0805856 0.0760695 0.1044003 0.0747854 
S0322         0.2146773 0.0840594 0.0876013 0.1068840 0.1430104 0.0976655 0.0109470 0.1047512 0.1049410 0.1047866 0.1146394 0.1158375 0.0098855 0.1111800 0.0924895 0.0000000 0.0897286 0.1077574 0.0098632 0.1098810 0.0842799 0.0901270 0.0929621 0.1081439 0.0969114 0.0785016 0.0997757 0.0953659 0.0076383 0.0906646 0.0993977 0.1300971 0.0485201 0.1005395 0.1110402 0.0895031 0.1044590 0.1164472 0.0969817 0.0829070 0.0911869 0.0948297 0.0109960 0.1428498 0.1123603 0.0076225 0.0912500 0.1101301 0.0812198 0.0943125 0.0813731 0.1311066 0.1204005 0.1059924 0.1056642 0.0643401 0.0941009 0.0884174 0.0895788 0.0295928 0.0998675 0.0977703 0.0980767 0.1004968 0.1185382 0.0887778 0.1359224 0.0842343 0.1095935 0.0666546 0.1322316 0.1425662 0.1552594 0.0874347 0.1330503 0.0796281 0.1221030 0.1000120 0.1065110 0.0978539 0.1273837 0.1544676 0.0900982 0.1002125 0.0820467 0.0906070 0.1013459 0.0985319 0.0128086 0.1178236 0.1125371 0.0649106 0.0109665 0.0155975 0.0883345 0.0644579 0.1102707 0.0996895 0.0957226 0.0831263 0.0936112 0.1333285 0.1062476 0.1154868 0.1151604 0.1170179 0.0952561 0.0885443 0.0758673 0.1049907 0.0873505 0.1001573 0.0873747 0.0888646 0.1283370 0.0883881 0.1038083 0.0995131 0.0820194 0.0995412 0.0801572 0.0856620 0.1003582 0.0983655 0.0983865 0.0874664 0.0883632 0.1623458 0.0931996 0.0915585 0.1192408 0.0828693 
S0327         0.2149265 0.0815009 0.0715426 0.0285236 0.1155005 0.0891547 0.0894050 0.0327199 0.0888039 0.1087888 0.1047082 0.0470297 0.0871264 0.1649079 0.0201553 0.0897286 0.0000000 0.0868640 0.0911120 0.0971598 0.0817883 0.0875245 0.0285736 0.0968747 0.0261760 0.0596849 0.0943479 0.0386350 0.0853370 0.0461022 0.0794587 0.1228834 0.0829483 0.0273419 0.0975541 0.0935672 0.0295995 0.0682482 0.0492998 0.0746976 0.0913997 0.0792980 0.0895148 0.1476779 0.1028236 0.0879520 0.0900290 0.0991204 0.0635330 0.0888977 0.0636470 0.1154997 0.1047286 0.0910784 0.0583905 0.1049243 0.0455731 0.0419644 0.0727773 0.0764929 0.0809122 0.0788732 0.0809593 0.0805535 0.1198724 0.0747701 0.1421454 0.0622208 0.1510980 0.1012411 0.1113367 0.1142753 0.1586173 0.0692019 0.1331756 0.0426022 0.1028347 0.0811285 0.1476416 0.0903999 0.0993871 0.1593890 0.0888152 0.0914896 0.0659224 0.0236906 0.0505775 0.0493350 0.0905016 0.0689209 0.0352360 0.1023431 0.0895961 0.0960051 0.0871469 0.1051178 0.0945138 0.0805037 0.0888604 0.0763523 0.0849813 0.1121303 0.0943545 0.0649564 0.0923588 0.0957012 0.0248684 0.0818695 0.0584676 0.0349803 0.0734134 0.0507121 0.0834701 0.0708005 0.0993144 0.0689831 0.1008657 0.0369782 0.0712588 0.0572799 0.0721203 0.0773056 0.0824134 0.0839566 0.0470079 0.0706351 0.0759562 0.1465664 0.0796932 0.0718915 0.0984676 0.0692988 
S0335         0.2289092 0.0830466 0.0884655 0.0917861 0.1253562 0.0965253 0.1043967 0.0980317 0.0582603 0.1096258 0.1054067 0.1054310 0.1065058 0.1916084 0.0854340 0.1077574 0.0868640 0.0000000 0.1092012 0.1030577 0.0791782 0.0905149 0.0996432 0.1049200 0.0988419 0.0785416 0.0926335 0.0960643 0.1031258 0.0929060 0.0802161 0.1256372 0.1056108 0.0987541 0.1078560 0.0941554 0.1015646 0.1023633 0.0953244 0.0789160 0.0930105 0.0901101 0.1089866 0.1782465 0.1015298 0.1058286 0.0913396 0.0859357 0.0799031 0.0946608 0.0783990 0.1346436 0.0820180 0.1038629 0.0971246 0.1241694 0.0911405 0.0747425 0.0721381 0.0964376 0.0762398 0.0713132 0.0747501 0.0813031 0.1103370 0.0905049 0.1717230 0.0809509 0.1577782 0.1077535 0.0851027 0.0887059 0.1812157 0.0846429 0.1736302 0.0876672 0.0936542 0.0490491 0.1577049 0.0919963 0.0747291 0.1962981 0.0932398 0.0957890 0.0681477 0.0898196 0.0954660 0.0969273 0.1054569 0.1027001 0.1104037 0.1225245 0.1061122 0.1199158 0.0914725 0.1222997 0.0609097 0.0569343 0.0931991 0.0791523 0.0825007 0.0809668 0.0973995 0.1163256 0.0733169 0.0700476 0.0954305 0.0858087 0.0787351 0.1126724 0.0890872 0.0999322 0.0849802 0.0846040 0.0774023 0.0475824 0.1065805 0.0962413 0.0780430 0.0976238 0.0732728 0.0885135 0.0484653 0.0282779 0.0957439 0.0716748 0.0753672 0.1532998 0.1003302 0.0501886 0.1161629 0.0633928 
S0355         0.2259446 0.0881684 0.0917550 0.1083312 0.1445835 0.0990817 0.0120563 0.1081690 0.1063783 0.1085543 0.1161133 0.1173453 0.0087689 0.1066050 0.0938797 0.0098632 0.0911120 0.1092012 0.0000000 0.1142038 0.0856508 0.0915176 0.0943598 0.1127183 0.0983156 0.0798520 0.1040187 0.0990549 0.0043253 0.0934697 0.1008230 0.1347029 0.0510822 0.1018633 0.1124968 0.0931333 0.1087528 0.1179287 0.0983873 0.0870170 0.0940551 0.0962578 0.0121104 0.1460182 0.1167407 0.0065201 0.0926398 0.1155904 0.0825774 0.0957136 0.0827335 0.1329185 0.1189249 0.1074446 0.1070938 0.0629875 0.0954982 0.0897983 0.0909599 0.0307693 0.1013003 0.1021476 0.0995002 0.1019209 0.1229995 0.0901653 0.1406628 0.0883524 0.1080236 0.0652314 0.1343913 0.1448155 0.1586328 0.0888193 0.1377705 0.0843164 0.1266374 0.1014283 0.1049539 0.0992739 0.1288992 0.1594086 0.0942738 0.1016321 0.0862869 0.0919852 0.1027644 0.0999434 0.0127914 0.1227700 0.1170266 0.0648832 0.0098490 0.0185022 0.0897146 0.0631028 0.1088177 0.1011374 0.0971276 0.0844978 0.0950202 0.1348743 0.1076867 0.1198943 0.1166420 0.1184911 0.0966534 0.0899281 0.0772121 0.1087062 0.0887336 0.1015757 0.0887588 0.0888848 0.1298813 0.0897677 0.1052458 0.1009214 0.0833705 0.1009499 0.0815171 0.0897926 0.1017983 0.0997746 0.0997960 0.0888516 0.0897439 0.1661800 0.0946018 0.0929521 0.1236551 0.0842357 
S0376         0.2382851 0.0715356 0.0846501 0.1100458 0.1448544 0.0841823 0.1093697 0.1055146 0.1094309 0.0839682 0.0943353 0.1162844 0.1115120 0.1982505 0.1012913 0.1098810 0.0971598 0.1030577 0.1142038 0.0000000 0.0715462 0.0797953 0.1086312 0.0725284 0.1033324 0.0800102 0.0418421 0.0921942 0.1081030 0.0997777 0.0936373 0.1011089 0.1099273 0.1036899 0.0916185 0.0697257 0.1095416 0.1196291 0.1027945 0.0646210 0.0776280 0.0994292 0.1139788 0.1693658 0.0890917 0.1108042 0.0808976 0.1076044 0.0840570 0.0811343 0.0814528 0.1373859 0.1079214 0.1103770 0.1119911 0.1242076 0.1001344 0.0957706 0.0908317 0.0990080 0.0908603 0.0847040 0.0894896 0.0947161 0.0856854 0.0933336 0.1494495 0.0819983 0.1585497 0.1129586 0.1244566 0.1259510 0.1823843 0.0858661 0.1606696 0.0893416 0.1134374 0.0956813 0.1584759 0.0701911 0.1237729 0.1886050 0.0784043 0.0812704 0.0825371 0.0969440 0.1074020 0.1089131 0.1162896 0.1213664 0.1171909 0.1204222 0.1096097 0.1093645 0.0781200 0.1230187 0.1099893 0.0934255 0.0851274 0.0705157 0.0774749 0.1312071 0.0784762 0.1230056 0.1101307 0.1180307 0.1027399 0.0676315 0.0828872 0.1130814 0.0919069 0.1048311 0.0744491 0.0905785 0.1216984 0.0869023 0.0898997 0.1018391 0.0643974 0.1092129 0.0650966 0.0620195 0.0915449 0.1029090 0.1019339 0.0845989 0.0897500 0.1501576 0.1060868 0.0886149 0.0542392 0.0798457 
S0400         0.2094749 0.0320066 0.0720276 0.0927644 0.1246334 0.0143724 0.0811811 0.0895560 0.0779836 0.0244045 0.0679695 0.1052225 0.0803258 0.1688227 0.0843981 0.0842799 0.0817883 0.0791782 0.0856508 0.0715462 0.0000000 0.0155939 0.0911990 0.0644128 0.0904926 0.0586073 0.0638754 0.0942136 0.0799438 0.0770359 0.0743030 0.0899605 0.0834625 0.0950111 0.0574427 0.0186533 0.0963428 0.0972907 0.0833335 0.0408757 0.0110806 0.0822221 0.0854914 0.1556295 0.0759270 0.0825414 0.0212759 0.1029639 0.0586428 0.0143165 0.0600102 0.1086119 0.0937831 0.0943264 0.0933942 0.1058006 0.0819217 0.0724088 0.0652965 0.0685266 0.0730967 0.0752361 0.0730401 0.0754048 0.0754312 0.0697225 0.1503449 0.0671057 0.1487416 0.0923781 0.1061558 0.1106392 0.1634177 0.0627582 0.1494241 0.0728961 0.0978483 0.0667499 0.1452823 0.0408700 0.0958058 0.1693851 0.0109598 0.0382391 0.0620245 0.0843560 0.0888962 0.0903401 0.0850329 0.1037013 0.1076706 0.0996089 0.0827547 0.0944786 0.0166617 0.1031071 0.0899184 0.0682690 0.0143081 0.0156239 0.0384447 0.1055059 0.0457086 0.1033941 0.0813975 0.0905882 0.0885853 0.0273132 0.0587476 0.1093599 0.0683773 0.0891945 0.0043489 0.0697906 0.1007819 0.0615291 0.0308718 0.0920722 0.0259257 0.0920306 0.0238333 0.0483130 0.0762287 0.0831579 0.0892389 0.0670831 0.0667897 0.1565249 0.0801976 0.0617336 0.0828521 0.0536261 
S0405         0.2130468 0.0406921 0.0798257 0.0955285 0.1317945 0.0249461 0.0869599 0.0984856 0.0867816 0.0355157 0.0745995 0.1083175 0.0861263 0.1727230 0.0901652 0.0901270 0.0875245 0.0905149 0.0915176 0.0797953 0.0155939 0.0000000 0.0956816 0.0687805 0.0963862 0.0667841 0.0679589 0.0983700 0.0857126 0.0827493 0.0799721 0.0944365 0.0877131 0.0977712 0.0601120 0.0157633 0.0994243 0.1050265 0.0891052 0.0484657 0.0227757 0.0912410 0.0913447 0.1598477 0.0801586 0.0883396 0.0236345 0.1034036 0.0668250 0.0260233 0.0682370 0.1162249 0.0997559 0.1002936 0.0993365 0.1120672 0.0876693 0.0780105 0.0707552 0.0740797 0.0787585 0.0810847 0.0786974 0.0810738 0.0757109 0.0768892 0.1495538 0.0712839 0.1559402 0.0975079 0.1126033 0.1171545 0.1677647 0.0710728 0.1464514 0.0816743 0.1009879 0.0722402 0.1524196 0.0472131 0.1032573 0.1703337 0.0225182 0.0432443 0.0675982 0.0901197 0.0947538 0.0962226 0.0869436 0.1098183 0.1090462 0.1027723 0.0885698 0.0984960 0.0189782 0.1093442 0.0958530 0.0752678 0.0260078 0.0156503 0.0446716 0.1132041 0.0533824 0.1079770 0.0874584 0.0964887 0.0930090 0.0309376 0.0669468 0.1136694 0.0755131 0.0950746 0.0179312 0.0755784 0.1099986 0.0669429 0.0344638 0.0979997 0.0330761 0.0965688 0.0286152 0.0496575 0.0804510 0.0889149 0.0951233 0.0698977 0.0722854 0.1544742 0.0891039 0.0671678 0.0872350 0.0589069 
S0407sl       0.2367508 0.0940266 0.0793847 0.0450055 0.1283505 0.0974075 0.0897672 0.0457110 0.1002586 0.1195537 0.1164013 0.0566291 0.0903386 0.1806561 0.0322544 0.0929621 0.0285736 0.0996432 0.0943598 0.1086312 0.0911990 0.0956816 0.0000000 0.1058021 0.0287019 0.0669602 0.1012481 0.0484485 0.0885173 0.0487052 0.0873324 0.1304197 0.0927169 0.0348602 0.1095090 0.1019906 0.0421569 0.0845099 0.0548475 0.0883549 0.1012538 0.0857748 0.0927388 0.1526025 0.1193186 0.0911539 0.0997030 0.0950218 0.0709147 0.0985589 0.0710449 0.1135477 0.1162191 0.0993999 0.0753214 0.1107108 0.0523232 0.0565485 0.0820501 0.0815171 0.0888345 0.0879934 0.0888864 0.0912840 0.1344643 0.0811369 0.1486478 0.0711453 0.1562883 0.1068726 0.1203621 0.1249772 0.1603955 0.0767907 0.1347108 0.0562549 0.1174178 0.0936213 0.1527597 0.1034008 0.1159260 0.1629534 0.0970168 0.1011722 0.0737661 0.0286212 0.0587676 0.0574900 0.0868824 0.0864798 0.0496600 0.1064966 0.0928242 0.1002152 0.0967150 0.1109182 0.1016969 0.0903819 0.0998828 0.0855882 0.0934211 0.1214296 0.1089862 0.0822785 0.1085527 0.1118075 0.0335499 0.0870351 0.0657179 0.0229311 0.0797446 0.0576152 0.0943589 0.0826234 0.1079660 0.0809401 0.1095925 0.0498940 0.0788468 0.0696578 0.0828624 0.0854397 0.0876417 0.0965874 0.0553058 0.0825753 0.0854103 0.1499234 0.0904679 0.0840153 0.1134463 0.0799066 
S0412sl       0.2438672 0.0686437 0.1004734 0.1125704 0.1565892 0.0732430 0.1060517 0.1106620 0.1101645 0.0759575 0.0884412 0.1202930 0.1068244 0.1968288 0.1032068 0.1081439 0.0968747 0.1049200 0.1127183 0.0725284 0.0644128 0.0687805 0.1058021 0.0000000 0.1052438 0.0924956 0.0768730 0.1091581 0.1062685 0.0978275 0.0930363 0.0868021 0.1155386 0.1054944 0.0876990 0.0671665 0.1071251 0.1159056 0.1038866 0.0599320 0.0753164 0.1237347 0.1124834 0.1788206 0.0652383 0.1091281 0.0756236 0.1010477 0.0939848 0.0786009 0.0911814 0.1485363 0.1079266 0.1323944 0.1091449 0.1276134 0.0994063 0.0866050 0.0935192 0.1054429 0.0917536 0.0858446 0.0901777 0.0941805 0.1002607 0.1025345 0.1628430 0.0851248 0.1856934 0.1256188 0.1164930 0.1196833 0.1855647 0.0957604 0.1715292 0.0964383 0.1087068 0.0935710 0.1856039 0.0759665 0.1181046 0.1920384 0.0701710 0.0773173 0.0827857 0.0984670 0.1070058 0.1055123 0.1161479 0.1221910 0.1247461 0.1203381 0.1094373 0.1130243 0.0726366 0.1263325 0.1073316 0.0895608 0.0742636 0.0674572 0.0660295 0.1216608 0.0844245 0.1005235 0.1119658 0.1191296 0.1061599 0.0674428 0.0882608 0.1105234 0.1025345 0.1027827 0.0674735 0.1069603 0.1213379 0.0908398 0.0863608 0.1083721 0.0641003 0.1133968 0.0618681 0.0572227 0.0930038 0.1001285 0.1080319 0.0868732 0.0922512 0.1487243 0.1124005 0.0941635 0.0924525 0.0818626 
S0417         0.2378041 0.0918856 0.0792147 0.0359353 0.1288154 0.0966452 0.0965593 0.0391609 0.0994475 0.1231847 0.1129097 0.0510574 0.0942821 0.1780002 0.0272105 0.0969114 0.0261760 0.0988419 0.0983156 0.1033324 0.0904926 0.0963862 0.0287019 0.1052438 0.0000000 0.0638367 0.1019119 0.0419409 0.0924351 0.0486745 0.0895332 0.1348049 0.0892327 0.0311189 0.1085128 0.1055055 0.0356845 0.0755034 0.0482161 0.0848681 0.1004518 0.0837115 0.0966783 0.1499112 0.1138811 0.0950787 0.0974973 0.1100051 0.0677353 0.0977889 0.0678582 0.1177444 0.1154722 0.0971939 0.0666640 0.1128633 0.0457434 0.0523387 0.0800561 0.0823095 0.0892887 0.0831476 0.0910888 0.0934731 0.1376082 0.0805326 0.1405585 0.0690158 0.1586773 0.1126099 0.1195528 0.1241339 0.1609540 0.0749686 0.1385702 0.0467027 0.1072706 0.0914556 0.1551511 0.1011260 0.1104326 0.1634970 0.0976969 0.0985238 0.0717807 0.0132427 0.0520451 0.0507933 0.0937317 0.0774941 0.0429316 0.1072342 0.0967678 0.1099549 0.0959635 0.1115539 0.1042349 0.0925195 0.1005476 0.0849289 0.0926779 0.1252538 0.1022453 0.0734847 0.1076587 0.1108922 0.0346037 0.0863635 0.0626083 0.0383327 0.0791518 0.0507319 0.0936233 0.0792427 0.1026402 0.0803064 0.1071240 0.0417995 0.0782514 0.0614111 0.0822261 0.0875449 0.0930809 0.0958148 0.0459272 0.0820646 0.0833810 0.1565932 0.0869421 0.0833528 0.1093989 0.0779248 
S0419         0.2175139 0.0599217 0.0100388 0.0680394 0.0739565 0.0681328 0.0782217 0.0734355 0.0736133 0.0843625 0.0903750 0.0860011 0.0759431 0.1670200 0.0608785 0.0785016 0.0596849 0.0785416 0.0798520 0.0800102 0.0586073 0.0667841 0.0669602 0.0924956 0.0638367 0.0000000 0.0719846 0.0617670 0.0742460 0.0619527 0.0712435 0.1095829 0.0775735 0.0639973 0.0805563 0.0703918 0.0732442 0.0765677 0.0648726 0.0624574 0.0673424 0.0312722 0.0766247 0.1437661 0.0901382 0.0741428 0.0678953 0.0995241 0.0054080 0.0678970 0.0054164 0.0498782 0.0918002 0.0421149 0.0690922 0.0937808 0.0584499 0.0546131 0.0519765 0.0630482 0.0713013 0.0677215 0.0671901 0.0710329 0.0923266 0.0212458 0.1379850 0.0597256 0.1375305 0.0859136 0.0973387 0.0955944 0.1494043 0.0109749 0.1282858 0.0542314 0.0927109 0.0650308 0.1341809 0.0705042 0.0865908 0.1539407 0.0636167 0.0680719 0.0525295 0.0582768 0.0649058 0.0662455 0.0756597 0.0786741 0.0766350 0.0906356 0.0742627 0.0852766 0.0625665 0.0954283 0.0821583 0.0613800 0.0662139 0.0575157 0.0685376 0.0944798 0.0790243 0.0828628 0.0725952 0.0829679 0.0647896 0.0601074 0.0043288 0.0760128 0.0200934 0.0690446 0.0613915 0.0258948 0.0877136 0.0546484 0.0807194 0.0717749 0.0554065 0.0612626 0.0549305 0.0692312 0.0674682 0.0688079 0.0649140 0.0585089 0.0535941 0.1371360 0.0464007 0.0535511 0.0928697 0.0460536 
S0427         0.2283972 0.0691645 0.0807608 0.1038727 0.1354855 0.0708643 0.0993157 0.1059154 0.0946610 0.0769696 0.1007031 0.1147938 0.1013602 0.1824557 0.0984598 0.0997757 0.0943479 0.0926335 0.1040187 0.0418421 0.0638754 0.0679589 0.1012481 0.0768730 0.1019119 0.0719846 0.0000000 0.0902942 0.0980592 0.0898840 0.0877650 0.0939186 0.0991988 0.1004712 0.0904376 0.0646656 0.1050929 0.1091334 0.0987600 0.0557234 0.0699975 0.0939594 0.1038179 0.1639077 0.0781988 0.1007237 0.0730941 0.1101945 0.0759655 0.0706178 0.0733944 0.1208875 0.0989694 0.1033551 0.0990492 0.1166969 0.0945225 0.0818605 0.0800341 0.0891854 0.0864335 0.0773370 0.0850770 0.0902039 0.0961512 0.0878109 0.1570935 0.0738255 0.1612157 0.1094540 0.1102445 0.1161667 0.1751067 0.0790046 0.1506069 0.0917234 0.0999154 0.0827666 0.1576577 0.0709399 0.1113867 0.1797069 0.0663524 0.0733634 0.0697587 0.0955495 0.1017053 0.1031963 0.0992984 0.1080735 0.1137607 0.1110821 0.1009899 0.1089597 0.0702994 0.1155085 0.0966642 0.0846508 0.0758974 0.0562981 0.0764449 0.1185016 0.0774526 0.1165988 0.0997575 0.1029969 0.0998983 0.0599580 0.0747981 0.1143472 0.0864009 0.1020513 0.0667145 0.0819493 0.1122554 0.0772267 0.0846844 0.1019887 0.0568421 0.1020604 0.0574545 0.0530968 0.0842007 0.0897139 0.0991575 0.0748825 0.0789423 0.1419697 0.0959769 0.0774885 0.0545188 0.0653159 
S0428sl       0.2344016 0.0885650 0.0667835 0.0486627 0.1152984 0.1041496 0.0986017 0.0512491 0.1006824 0.1055111 0.1233256 0.0635582 0.0936370 0.1643150 0.0418994 0.0953659 0.0386350 0.0960643 0.0990549 0.0921942 0.0942136 0.0983700 0.0484485 0.1091581 0.0419409 0.0617670 0.0902942 0.0000000 0.0951131 0.0389422 0.0922453 0.1419564 0.0932448 0.0469879 0.1150402 0.0885999 0.0449855 0.0733912 0.0500557 0.0797869 0.1002415 0.0795569 0.0966974 0.1531064 0.1031596 0.0966732 0.0956558 0.0995645 0.0684283 0.0908276 0.0669154 0.1439908 0.1063740 0.0932784 0.0584904 0.1014740 0.0484489 0.0562358 0.0809832 0.0873162 0.0930645 0.0835314 0.0874103 0.0944749 0.1253690 0.0760141 0.1539392 0.0667684 0.1405320 0.1117872 0.1122718 0.1157622 0.1654423 0.0723967 0.1428522 0.0445806 0.0985847 0.0811468 0.1404463 0.1062440 0.1059357 0.1756380 0.1019912 0.1015133 0.0746582 0.0369346 0.0533337 0.0550298 0.0982448 0.0738241 0.0482833 0.1100687 0.0988690 0.0876362 0.0938892 0.1052672 0.0986506 0.0907364 0.1056532 0.0889526 0.0964642 0.1204952 0.1074637 0.0495940 0.1070972 0.1092831 0.0498847 0.0889936 0.0652232 0.0432900 0.0760141 0.0533930 0.0965846 0.0724481 0.1029694 0.0794707 0.1099379 0.0600107 0.0786770 0.0585238 0.0869015 0.0812251 0.0919420 0.0939447 0.0519238 0.0889729 0.0888316 0.1552762 0.0803120 0.0796779 0.1052022 0.0798910 
S0430         0.2176242 0.0824416 0.0878202 0.1022406 0.1378660 0.0931459 0.0076140 0.1020131 0.1003380 0.1045057 0.1098929 0.1109788 0.0043511 0.1049409 0.0880696 0.0076383 0.0853370 0.1031258 0.0043253 0.1081030 0.0799438 0.0857126 0.0885173 0.1062685 0.0924351 0.0742460 0.0980592 0.0951131 0.0000000 0.0876081 0.0948479 0.1281417 0.0458388 0.0988066 0.1063589 0.0892681 0.1027084 0.1116713 0.0925009 0.0812924 0.0881508 0.0902839 0.0098655 0.1393499 0.1105513 0.0043280 0.0868342 0.1097056 0.0769345 0.0898525 0.0770783 0.1252276 0.1155954 0.1013395 0.1010836 0.0602841 0.0896541 0.0840380 0.0851958 0.0260070 0.0952926 0.0960060 0.0935370 0.0959473 0.1181673 0.0843780 0.1340930 0.0826127 0.1048715 0.0650859 0.1276451 0.1378876 0.1517350 0.0830469 0.1312332 0.0798568 0.1202014 0.0954893 0.1018286 0.0933261 0.1224688 0.1525300 0.0884355 0.0956787 0.0804488 0.0862304 0.0968123 0.0940285 0.0070368 0.1164978 0.1106828 0.0594984 0.0054296 0.0155619 0.0839569 0.0603943 0.1055715 0.0950644 0.0912475 0.0787926 0.0891292 0.1283004 0.1016354 0.1136574 0.1103891 0.1122670 0.0908065 0.0841559 0.0716364 0.1028390 0.0829680 0.0956271 0.0829898 0.0844605 0.1233271 0.0840090 0.0992044 0.0950170 0.0777512 0.0950435 0.0758675 0.0840313 0.0957588 0.0938701 0.0938895 0.0830769 0.0839840 0.1599775 0.0887412 0.0871272 0.1173975 0.0785512 
