120
S0055      0.0000000 0.1126606 0.1480534 0.1238234 0.0965604 0.1755896 0.1164271 0.1098447 0.1011136 0.1586457 0.1406243 0.1372195 0.2219495 0.1615552 0.1697464 0.1171979 0.1538662 0.0969997 0.0788877 0.0841295 0.1714064 0.1009036 0.1685798 0.1094596 0.1271232 0.1276161 0.1512898 0.0857184 0.1398279 0.1333665 0.1459926 0.0788640 0.0836934 0.1750980 0.1627886 0.1316465 0.0965797 0.1034477 0.1536372 0.1907112 0.0954773 0.1470593 0.1022137 0.1429279 0.0963648 0.1436448 0.1471490 0.1345001 0.1111267 0.1551962 0.1286603 0.0971192 0.1521925 0.1026888 0.1427477 0.1428555 0.1343747 0.1592016 0.1297778 0.0844681 0.1381113 0.1805219 0.1226577 0.1075242 0.1233656 0.1384653 0.1859838 0.1904987 0.1481162 0.1229849 0.1354070 0.0620362 0.1358484 0.1626632 0.0842246 0.0845436 0.1218580 0.1788809 0.1629466 0.1628939 0.1619825 0.1953155 0.1218069 0.1539910 0.0841249 0.1515356 0.1370701 0.1321006 0.0842246 0.0904113 0.0449452 0.1342063 0.0678795 0.1155980 0.1225995 0.1899436 0.0798097 0.1582163 0.1806375 0.1381113 0.1569920 0.0905541 0.1214982 0.1088119 0.1434500 0.1824418 0.0688347 0.1629299 0.0786154 0.1587207 0.1264774 0.1148962 0.1559920 0.1236031 0.1148231 0.2135843 0.1352269 0.1088119 0.0904118 0.1031968 
S0196sl    0.1126606 0.0000000 0.0818805 0.0508904 0.0924020 0.1117800 0.0700100 0.1057695 0.1220644 0.1346243 0.0849138 0.0976883 0.1307790 0.0972886 0.0860267 0.0864206 0.0908004 0.1002445 0.0740392 0.0798913 0.1051694 0.1059842 0.1091002 0.1244627 0.0786445 0.0569654 0.0747590 0.1001491 0.0973089 0.0729735 0.0774002 0.0737057 0.0794719 0.0994811 0.0794689 0.1058730 0.0924216 0.0465603 0.0906780 0.1372927 0.1064112 0.0848399 0.0981196 0.0616139 0.0922120 0.0738793 0.0591786 0.0620618 0.0639537 0.0795102 0.1001135 0.0456759 0.0722264 0.0401111 0.0802202 0.0624976 0.0731854 0.0737674 0.0682527 0.1192018 0.0872910 0.1677505 0.0808943 0.0927717 0.0563010 0.0806247 0.1457332 0.1504683 0.0731985 0.0925848 0.0809225 0.0861967 0.0926171 0.1171114 0.0799830 0.0921264 0.0685446 0.0987535 0.0911657 0.0911399 0.0795794 0.1214838 0.0870909 0.0908818 0.0798869 0.1153993 0.1116477 0.0823361 0.0799830 0.0862073 0.0986993 0.0975034 0.0691241 0.0629012 0.0804830 0.1120018 0.0802187 0.0731448 0.1121340 0.0872910 0.0857145 0.0863456 0.0739944 0.0737377 0.1328945 0.1263534 0.0819167 0.0976206 0.0743205 0.1249616 0.0858538 0.0737549 0.0794912 0.0518284 0.0615841 0.1793568 0.0623912 0.0737377 0.0934879 0.0571892 
S0278      0.1480534 0.0818805 0.0000000 0.1003232 0.1125186 0.0510303 0.0892854 0.1186630 0.1310901 0.0704151 0.1110801 0.1459543 0.0895030 0.1310337 0.0623618 0.1000908 0.1320208 0.1498850 0.0998155 0.0991706 0.0712957 0.1607294 0.0731480 0.1555400 0.1118413 0.0504909 0.0867050 0.1343650 0.1390852 0.1118912 0.0416998 0.0925522 0.0986322 0.0457163 0.0732431 0.1336591 0.1125383 0.0758407 0.1318252 0.1887657 0.1614392 0.1253175 0.1047598 0.1189519 0.1122813 0.1272821 0.1125866 0.0802903 0.0949687 0.0740736 0.1343164 0.0393421 0.0426856 0.0692695 0.1269229 0.0808705 0.0804033 0.0926602 0.0799009 0.1550592 0.1272532 0.2004576 0.0931767 0.1414658 0.0868111 0.0940631 0.1671941 0.1812352 0.0920179 0.0931726 0.1131424 0.1186180 0.0990327 0.1521923 0.0992877 0.1121748 0.0873603 0.0454024 0.0847256 0.0847019 0.0510780 0.0516999 0.1153875 0.1321348 0.0991654 0.1424247 0.1331998 0.1024522 0.0992877 0.1059324 0.1178287 0.1178894 0.0880075 0.0814069 0.0866806 0.0399497 0.1138559 0.1258879 0.0566541 0.1272532 0.0793459 0.0926386 0.0930523 0.0867024 0.1630009 0.0628063 0.1294263 0.0744557 0.0933425 0.1541099 0.1056261 0.0797751 0.0732633 0.0754916 0.0927973 0.2097335 0.0807326 0.0867024 0.1351840 0.0753475 
S0281      0.1238234 0.0508904 0.1003232 0.0000000 0.0912155 0.1363930 0.0991835 0.1043773 0.1358848 0.1257707 0.1012698 0.1095778 0.1653485 0.1079204 0.1150349 0.1105985 0.1133525 0.1319412 0.0731153 0.0788869 0.1339444 0.1489040 0.1207445 0.1571842 0.0890857 0.0855369 0.0979990 0.1243998 0.1080481 0.0948245 0.1034685 0.0727901 0.0784779 0.1106120 0.1029558 0.1230444 0.0912348 0.0507700 0.1131962 0.1826001 0.1495317 0.1071753 0.0968557 0.0449683 0.0840674 0.0564502 0.0424883 0.0899508 0.0678231 0.1084336 0.1236929 0.0634889 0.0903758 0.0666546 0.1027097 0.0909867 0.0898730 0.0913660 0.0909788 0.1434278 0.0860861 0.1725266 0.0856431 0.1158376 0.0840218 0.0972023 0.1778656 0.1824004 0.1082651 0.1101794 0.0974797 0.1089031 0.1163093 0.1483449 0.0789763 0.0909468 0.0970765 0.1291214 0.1276054 0.1275673 0.1145690 0.1283521 0.0979176 0.1134490 0.0788826 0.1330307 0.1428816 0.1123614 0.0789763 0.0851103 0.1219286 0.1274407 0.0797235 0.0911445 0.0915899 0.1383932 0.0792058 0.0616906 0.1434544 0.0860861 0.1096002 0.0852452 0.1027174 0.0905580 0.1377584 0.1333445 0.1117001 0.1151902 0.0733900 0.1425048 0.1030144 0.0847524 0.1151246 0.0795258 0.0892154 0.1835765 0.0620251 0.0905580 0.1244620 0.0850867 
S0282      0.0965604 0.0924020 0.1125186 0.0912155 0.0000000 0.1425106 0.0976175 0.0294540 0.0882122 0.1246788 0.1194598 0.1413643 0.1941199 0.1264574 0.1336254 0.1028838 0.1319880 0.0976364 0.0094775 0.0192950 0.1595468 0.1137922 0.1456666 0.1210681 0.1067569 0.0940457 0.1225425 0.0909485 0.1266174 0.1126892 0.1228057 0.0449279 0.0192031 0.1244224 0.1210725 0.0908676 0.0192154 0.0783297 0.1318007 0.1731567 0.1142390 0.1255671 0.0345191 0.1150200 0.0191709 0.1229828 0.1171305 0.1074407 0.0968190 0.1266330 0.1281774 0.0763412 0.1155898 0.0835508 0.1211935 0.1149517 0.1073458 0.1361413 0.1149444 0.1085367 0.1165488 0.1699505 0.0902274 0.1349415 0.1150651 0.1230456 0.1684490 0.1596282 0.1264314 0.1024989 0.1020198 0.0774077 0.1084673 0.1398378 0.0094338 0.0396923 0.1015997 0.1416607 0.1337144 0.1336741 0.1266206 0.1196057 0.1164395 0.1255772 0.0192957 0.1375587 0.1342533 0.1044902 0.0094338 0.0243789 0.0892359 0.1193771 0.0398684 0.0897369 0.0961541 0.1580461 0.0402326 0.1287766 0.1563987 0.1165488 0.1280231 0.0143105 0.0953237 0.0835041 0.0681573 0.1246000 0.0798768 0.1337082 0.0243305 0.1029128 0.0955957 0.1009193 0.1211083 0.0969019 0.1069145 0.1909234 0.0960142 0.0835041 0.0909975 0.0781502 
S0289      0.1755896 0.1117800 0.0510303 0.1363930 0.1425106 0.0000000 0.1133582 0.1488434 0.1530561 0.0901036 0.1468428 0.1660259 0.0891065 0.1680091 0.0786588 0.1233075 0.1693048 0.2000946 0.1222047 0.1302773 0.0646892 0.2108748 0.0839098 0.2058410 0.1478715 0.0716102 0.1169695 0.1765401 0.1703997 0.1479397 0.0645618 0.1358823 0.1295519 0.0680647 0.0911687 0.1648842 0.1425273 0.1183369 0.1690443 0.2222668 0.1969966 0.1622199 0.1360278 0.1559509 0.1422091 0.1588265 0.1389272 0.1154839 0.1395601 0.0849734 0.1681390 0.0573722 0.0596111 0.0849150 0.1579668 0.0985040 0.1091810 0.1040128 0.1094641 0.1901300 0.1532687 0.2272179 0.1368265 0.1803751 0.1153796 0.1252475 0.1998294 0.2143889 0.1224431 0.1310173 0.1590079 0.1646013 0.1229102 0.1952899 0.1285430 0.1425106 0.0913815 0.0446181 0.1030558 0.0911354 0.0670101 0.0744155 0.1463128 0.1557706 0.1432742 0.1917857 0.1656638 0.1272152 0.1285430 0.1375986 0.1634658 0.1294690 0.1123742 0.1047032 0.1100130 0.0725067 0.1509611 0.1649477 0.0616785 0.1532687 0.0976224 0.1214649 0.1167217 0.1100423 0.2140212 0.0802944 0.1553767 0.0738250 0.1370700 0.1861627 0.1170648 0.0965162 0.1030943 0.1107903 0.0966430 0.2080613 0.1038332 0.1100423 0.1837910 0.0923172 
S0292      0.1164271 0.0700100 0.0892854 0.0991835 0.0976175 0.1133582 0.0000000 0.1041425 0.1093216 0.1361558 0.1096175 0.1229850 0.1237833 0.1228402 0.0858056 0.0512277 0.1158463 0.1260077 0.0855681 0.0850346 0.1316188 0.1300210 0.0908781 0.1378839 0.1028549 0.0579536 0.0752322 0.1123999 0.1228750 0.0968693 0.0986008 0.0914552 0.0845892 0.1073619 0.0799038 0.1047482 0.0976370 0.0628314 0.1156829 0.1647875 0.1040314 0.1095189 0.1033348 0.1112390 0.0974178 0.1192445 0.0928823 0.0676399 0.0809099 0.0852874 0.1117933 0.0459561 0.0726438 0.0350372 0.1049788 0.0628884 0.0675826 0.0875176 0.0686806 0.1245710 0.1111370 0.1569949 0.0921400 0.0980860 0.0799631 0.0811706 0.1599141 0.1646099 0.0736836 0.0510338 0.0921720 0.0913817 0.0510510 0.1378813 0.0851316 0.0973279 0.0458819 0.0927262 0.0916670 0.0916409 0.0795572 0.1302478 0.1125217 0.1159464 0.0850299 0.1193610 0.0735573 0.0353346 0.0851316 0.0913938 0.1039436 0.0552316 0.0686083 0.0193088 0.0345917 0.1133265 0.0987375 0.1251248 0.1122051 0.1111370 0.0861867 0.0915396 0.0347133 0.0345988 0.1451256 0.1351593 0.1005844 0.0916689 0.0794595 0.1365052 0.0452912 0.0563251 0.0682330 0.0628602 0.0509707 0.1738829 0.0568791 0.0345988 0.0997841 0.0245202 
S0293      0.1098447 0.1057695 0.1186630 0.1043773 0.0294540 0.1488434 0.1041425 0.0000000 0.1016795 0.1471157 0.1334243 0.1486212 0.1742814 0.1407618 0.1482840 0.1164389 0.1335002 0.1110969 0.0193750 0.0295901 0.1420761 0.1150798 0.1540228 0.1224588 0.1201991 0.1022520 0.1369560 0.1040696 0.1409506 0.1263354 0.1379613 0.0561620 0.0294460 0.1372222 0.1352801 0.1039786 0.0294642 0.0908517 0.1462041 0.1892693 0.1281149 0.1397458 0.0396117 0.1290178 0.0293962 0.1374747 0.1321718 0.1209889 0.1101450 0.1156213 0.1427332 0.0904122 0.1236748 0.0961850 0.1354114 0.1289325 0.1208789 0.1511530 0.1289273 0.1222473 0.1307703 0.1777633 0.1032290 0.1431435 0.1290666 0.1375357 0.1845692 0.1752317 0.1407352 0.1159987 0.1154435 0.0897572 0.1221751 0.1546990 0.0192853 0.0507421 0.1149517 0.1479501 0.1352677 0.1483467 0.1409517 0.1342949 0.1306474 0.1397594 0.0295898 0.1527670 0.1489996 0.1119479 0.0192853 0.0297356 0.1020672 0.1333342 0.0402925 0.1026526 0.1093723 0.1508924 0.0514442 0.1434221 0.1628757 0.1307703 0.1425582 0.0243799 0.1084073 0.0961329 0.0689738 0.1393194 0.0926849 0.1353973 0.0348263 0.1164765 0.1087201 0.1141667 0.1353214 0.1102466 0.1203800 0.1698832 0.1092116 0.0961329 0.1041241 0.0906374 
S0294      0.1011136 0.1220644 0.1310901 0.1358848 0.0882122 0.1530561 0.1093216 0.1016795 0.0000000 0.1726219 0.1467470 0.1705315 0.1863435 0.1757657 0.1336189 0.1077695 0.1675247 0.0949107 0.0760888 0.0756057 0.1615250 0.1192029 0.1403935 0.0989687 0.1391071 0.0740174 0.1285237 0.1010210 0.1480074 0.1457111 0.1446044 0.0940462 0.0752030 0.1510544 0.1075107 0.1583146 0.0882320 0.1076299 0.1672612 0.2064903 0.1133594 0.1446901 0.0940020 0.1630658 0.0880277 0.1729787 0.1527376 0.1124584 0.1157117 0.1269459 0.1639565 0.0726660 0.1080464 0.0939843 0.1488992 0.1076063 0.1124046 0.1146619 0.1140780 0.0583838 0.1654496 0.2114518 0.1277302 0.1716333 0.1206324 0.1011404 0.2016629 0.2062458 0.1259884 0.1144327 0.1410665 0.0819542 0.0999956 0.1545151 0.0756941 0.0879445 0.1133635 0.1430347 0.1203534 0.1203164 0.1205380 0.1700423 0.1288702 0.1603080 0.0756016 0.1678455 0.1418483 0.0959482 0.0756941 0.0819637 0.0814213 0.1193433 0.0642919 0.1006535 0.1075872 0.1675073 0.0892440 0.1709325 0.1574199 0.1654496 0.1068559 0.0820975 0.1066042 0.0939311 0.1157824 0.1751963 0.0477720 0.1146180 0.0640495 0.1878209 0.1069232 0.1125119 0.1140245 0.1139928 0.1063013 0.2201253 0.1202620 0.0939311 0.0881168 0.0882493 
S0299      0.1586457 0.1346243 0.0704151 0.1257707 0.1246788 0.0901036 0.1361558 0.1471157 0.1726219 0.0000000 0.1800130 0.1582629 0.1098996 0.1880552 0.0962928 0.1423084 0.1881878 0.1838220 0.1244376 0.1326437 0.1116849 0.1963141 0.1025004 0.2006984 0.1632963 0.0820394 0.1197795 0.1490759 0.1898803 0.1708857 0.1087211 0.1175566 0.1318195 0.0955730 0.0950085 0.1649691 0.1391023 0.1027053 0.1804673 0.1928698 0.2074294 0.1878788 0.1472885 0.1495437 0.1314896 0.1667477 0.1508535 0.1245454 0.1320158 0.1029768 0.1493979 0.0576133 0.0675549 0.1184502 0.1832817 0.1107077 0.1243379 0.1417289 0.1183582 0.1786970 0.1599016 0.1961487 0.1419598 0.1921348 0.1328821 0.1424246 0.1783093 0.1847288 0.1312420 0.1425699 0.1659170 0.1556068 0.1577789 0.1680151 0.1237009 0.1407632 0.1192699 0.0895454 0.1220328 0.1151311 0.0826259 0.0843091 0.1620471 0.1964766 0.1399097 0.1771378 0.1908876 0.1525543 0.1237009 0.1408449 0.1545180 0.1471124 0.1262258 0.1265512 0.1409375 0.0904643 0.1356863 0.1656714 0.0970292 0.1599016 0.1022054 0.1237009 0.1405626 0.1256029 0.2102585 0.0632476 0.1699501 0.0969469 0.1246788 0.1729317 0.1472310 0.1113126 0.1083861 0.1044030 0.1184502 0.2053923 0.1180151 0.1256029 0.1928102 0.1261402 
S0303      0.1406243 0.0849138 0.1110801 0.1012698 0.1194598 0.1468428 0.1096175 0.1334243 0.1467470 0.1800130 0.0000000 0.0834882 0.2087261 0.0291500 0.1461539 0.1132990 0.0339965 0.1490444 0.1004287 0.1064454 0.1642060 0.1463520 0.1581235 0.1677987 0.0093875 0.0917113 0.1146124 0.1354644 0.0719135 0.0093908 0.1015420 0.1001262 0.1058874 0.1505595 0.1396071 0.1550028 0.1194783 0.0838430 0.0239952 0.1883000 0.1339846 0.0190880 0.1252329 0.1190759 0.1192176 0.1336364 0.1150001 0.0781253 0.1025459 0.1325647 0.0844054 0.0948434 0.1274355 0.0765462 0.0343965 0.0965653 0.0780589 0.1019609 0.1073010 0.1539875 0.1268012 0.1922426 0.0610908 0.0777089 0.0892915 0.1226582 0.1836159 0.1743411 0.1020424 0.1207630 0.0666112 0.1191596 0.1012374 0.1607760 0.1065667 0.1010949 0.1012244 0.1479498 0.1526335 0.1525861 0.1389531 0.1594767 0.0558239 0.0240475 0.1064404 0.0794125 0.1276160 0.1229189 0.1065667 0.1130496 0.1322837 0.1012494 0.0956610 0.1013465 0.1008534 0.1621888 0.0941155 0.1266871 0.1696248 0.1268012 0.1468582 0.1132301 0.1010527 0.1065155 0.1684105 0.1594735 0.1153259 0.1460312 0.1007955 0.1755295 0.1132600 0.0879686 0.1396495 0.0907179 0.0992175 0.1809118 0.1137695 0.1065155 0.1350160 0.0952425 
S0308      0.1372195 0.0976883 0.1459543 0.1095778 0.1413643 0.1660259 0.1229850 0.1486212 0.1705315 0.1582629 0.0834882 0.0000000 0.2139071 0.1072454 0.1497789 0.1414397 0.1006974 0.1577035 0.1209905 0.1149943 0.1834041 0.1634498 0.1619078 0.1764777 0.0772022 0.1083660 0.1581135 0.1449825 0.1027133 0.0827815 0.1295964 0.1083065 0.1143745 0.1681287 0.1473532 0.1866838 0.1413811 0.1095719 0.1005620 0.2152370 0.1504993 0.0947162 0.1345367 0.1408320 0.1410679 0.1566454 0.1371021 0.1156341 0.1299076 0.1486597 0.0980757 0.1175729 0.1452852 0.1012662 0.0902196 0.1362788 0.1203196 0.1353167 0.1495053 0.1853735 0.1215535 0.1945070 0.0793698 0.0968339 0.1156957 0.1453135 0.2105596 0.2149843 0.1420964 0.1295159 0.0910002 0.1409536 0.1281450 0.1785455 0.1275378 0.1154768 0.1157162 0.1719794 0.1741326 0.1606192 0.1420653 0.1777255 0.0854342 0.1007845 0.1273816 0.1191189 0.1705395 0.1388722 0.1275378 0.1218896 0.1481843 0.1408090 0.1161467 0.1283163 0.1358375 0.1848914 0.1020699 0.1491504 0.1880813 0.1215535 0.1548034 0.1347275 0.1406565 0.1274690 0.1873082 0.1753830 0.1364033 0.1562739 0.1214407 0.2088119 0.1410674 0.1211122 0.1605682 0.1172462 0.1132148 0.1715975 0.1353308 0.1274690 0.1563316 0.1217260 
S0320      0.2219495 0.1307790 0.0895030 0.1653485 0.1941199 0.0891065 0.1237833 0.1742814 0.1863435 0.1098996 0.2087261 0.2139071 0.0000000 0.1994648 0.1058828 0.1579285 0.1860612 0.2416718 0.1788169 0.1703096 0.0956312 0.2279255 0.0990988 0.2113605 0.1995958 0.0825353 0.1508425 0.1883573 0.2180384 0.1921323 0.0988523 0.1692319 0.1692937 0.0949976 0.1121664 0.2125128 0.1941260 0.1279138 0.2007940 0.2473625 0.2293593 0.2085074 0.1934193 0.1720532 0.1936739 0.1899840 0.1537755 0.1397456 0.1569753 0.0881890 0.1979911 0.0929661 0.0673052 0.1145114 0.2044533 0.1350249 0.1396098 0.1498936 0.1421113 0.2179982 0.1845263 0.2511404 0.1704842 0.2066254 0.1400814 0.1498328 0.2233137 0.2388790 0.1474103 0.1572950 0.1876899 0.1935369 0.1481400 0.2076477 0.1777705 0.1934791 0.1218850 0.0873323 0.1121597 0.1185021 0.0873056 0.1238481 0.1996718 0.2012934 0.1775324 0.2363703 0.1874878 0.1384249 0.1777705 0.1713377 0.1921202 0.1612412 0.1370734 0.1218850 0.1418387 0.1078148 0.1966816 0.1865321 0.1005128 0.1845263 0.1191470 0.1693990 0.1346810 0.1341625 0.2401760 0.1139732 0.2088536 0.1073394 0.1707994 0.2200833 0.1487702 0.1208253 0.1249930 0.1349904 0.1342719 0.2378421 0.1207002 0.1341625 0.2152322 0.1149779 
S0322      0.1615552 0.0972886 0.1310337 0.1079204 0.1264574 0.1680091 0.1228402 0.1407618 0.1757657 0.1880552 0.0291500 0.1072454 0.1994648 0.0000000 0.1603801 0.1327099 0.0238809 0.1705956 0.1070155 0.1131479 0.1782241 0.1541011 0.1703214 0.1828565 0.0240137 0.1073204 0.1299030 0.1427976 0.0894459 0.0191041 0.1280866 0.1066873 0.1125478 0.1493572 0.1536286 0.1626960 0.1264755 0.0960397 0.0141598 0.1970003 0.1479005 0.0291269 0.1323188 0.1198054 0.1261984 0.1344803 0.1222306 0.0901457 0.1154415 0.1463017 0.0966916 0.1166116 0.1497451 0.0882972 0.0450006 0.1092764 0.0959654 0.1287177 0.1282631 0.1685668 0.1275930 0.2159372 0.0661110 0.0896581 0.1076368 0.1429712 0.1824986 0.1827372 0.1148622 0.1406999 0.0725282 0.1323935 0.1340168 0.1755784 0.1132788 0.1077329 0.1139291 0.1535009 0.1670631 0.1670095 0.1528889 0.1676316 0.0727708 0.0342497 0.1131432 0.0990390 0.1413327 0.1366472 0.1132788 0.1199087 0.1376833 0.1139598 0.1082731 0.1140662 0.1275096 0.1842949 0.1005560 0.1274776 0.1752900 0.1275930 0.1611751 0.1124968 0.1137334 0.1255158 0.1765286 0.1722671 0.1286788 0.1584440 0.1074082 0.1836171 0.1079951 0.1134040 0.1536768 0.1032632 0.1116331 0.2306701 0.1144667 0.1255158 0.1408084 0.1018678 
S0327      0.1697464 0.0860267 0.0623618 0.1150349 0.1336254 0.0786588 0.0858056 0.1482840 0.1336189 0.0962928 0.1461539 0.1497789 0.1058828 0.1603801 0.0000000 0.1088645 0.1527655 0.1650554 0.1207815 0.1078790 0.0903407 0.1617266 0.0769756 0.1635920 0.1387794 0.0430702 0.0850628 0.1569259 0.1604411 0.1324458 0.0639182 0.1132282 0.1073060 0.0732048 0.0661894 0.1484431 0.1336429 0.0906595 0.1525400 0.1818509 0.1490796 0.1460189 0.1269647 0.1336492 0.1271045 0.1421394 0.1090659 0.0885924 0.1099041 0.0551173 0.1491614 0.0501000 0.0361786 0.0666840 0.1417299 0.0726080 0.0885169 0.1095519 0.0784151 0.1697674 0.1372613 0.1929161 0.1278860 0.1562943 0.0897516 0.0970333 0.1771296 0.1746550 0.0948827 0.1084576 0.1279304 0.1332789 0.1084949 0.1611128 0.1201500 0.1332255 0.0727095 0.0447700 0.0885580 0.0772605 0.0389521 0.0869053 0.1369906 0.1528887 0.1200047 0.1667529 0.1340870 0.0983806 0.1201500 0.1145913 0.1469865 0.1132625 0.1029412 0.0783164 0.0961797 0.0787203 0.1287652 0.1480419 0.0667373 0.1372613 0.0720536 0.1271423 0.0894904 0.0891817 0.1848657 0.0799440 0.1313510 0.0607943 0.1141764 0.1687525 0.1015223 0.0949497 0.0772394 0.0725767 0.0892553 0.2073360 0.0776909 0.0891817 0.1436011 0.0725085 
S0335      0.1171979 0.0864206 0.1000908 0.1105985 0.1028838 0.1233075 0.0512277 0.1164389 0.1077695 0.1423084 0.1132990 0.1414397 0.1579285 0.1327099 0.1088645 0.0000000 0.1256702 0.1315098 0.0907832 0.0902183 0.1366268 0.1484189 0.1143021 0.1432270 0.1007775 0.0712968 0.0792410 0.1163045 0.1218139 0.1066419 0.1097831 0.0897965 0.0897465 0.1246708 0.1027331 0.1103206 0.1029032 0.0850244 0.1254937 0.1474695 0.1216432 0.1193352 0.1086050 0.1355194 0.1026742 0.1441730 0.1106326 0.0897590 0.1040319 0.1081998 0.1218231 0.0638187 0.0902585 0.0558567 0.1149310 0.0727351 0.0782568 0.0913919 0.0615981 0.1298799 0.1373717 0.1440421 0.0962620 0.1350168 0.0792797 0.0737050 0.1426565 0.1473187 0.0834793 0.0506542 0.1082023 0.0965222 0.0560102 0.1221678 0.0903209 0.0953478 0.0500701 0.1086172 0.1149417 0.1149081 0.1022762 0.1415281 0.1101654 0.1257751 0.0902133 0.1228257 0.0729311 0.0571066 0.0903209 0.0966260 0.1091392 0.0719178 0.0737826 0.0396877 0.0452225 0.1314844 0.0969137 0.1501626 0.1237507 0.1373717 0.1093614 0.0967796 0.0447914 0.0343483 0.1506528 0.1329229 0.0991098 0.0967399 0.0846344 0.1509019 0.0555517 0.0667154 0.0966837 0.0850644 0.0668186 0.1741066 0.0787116 0.0343483 0.1175853 0.0396127 
S0355      0.1538662 0.0908004 0.1320208 0.1133525 0.1319880 0.1693048 0.1158463 0.1335002 0.1675247 0.1881878 0.0339965 0.1006974 0.1860612 0.0238809 0.1527655 0.1256702 0.0000000 0.1626469 0.1124035 0.1185707 0.1797935 0.1336511 0.1716063 0.1610574 0.0288070 0.0990879 0.1227458 0.1420424 0.0832149 0.0238722 0.1290723 0.1120569 0.1179417 0.1574035 0.1461390 0.1618148 0.1320055 0.0896482 0.0188739 0.1886236 0.1404804 0.0339695 0.1378614 0.1252872 0.1317181 0.1401185 0.1280879 0.0838599 0.1086379 0.1263094 0.0902515 0.1090089 0.1419155 0.0821572 0.0499810 0.1025842 0.0895808 0.1216380 0.1212156 0.1607432 0.1331750 0.2070352 0.0721597 0.0834109 0.1010592 0.1355678 0.1839327 0.1746341 0.1081001 0.1334426 0.0721839 0.1253728 0.1268900 0.1676182 0.1187083 0.1131563 0.1072302 0.1546584 0.1461257 0.1592735 0.1454472 0.1834547 0.0667979 0.0391280 0.1185665 0.0924207 0.1340340 0.1229486 0.1187083 0.1192061 0.1386861 0.1072577 0.0898575 0.1073591 0.1205117 0.1715454 0.0999693 0.1330551 0.1766549 0.1331750 0.1535096 0.1255969 0.1070476 0.1186479 0.1824129 0.1736314 0.1216030 0.1509451 0.1128136 0.1825957 0.1134295 0.1067415 0.1461839 0.0966717 0.1050926 0.2058539 0.1199531 0.1186479 0.1335435 0.0953809 
S0376      0.0969997 0.1002445 0.1498850 0.1319412 0.0976364 0.2000946 0.1260077 0.1110969 0.0949107 0.1838220 0.1490444 0.1577035 0.2416718 0.1705956 0.1650554 0.1315098 0.1626469 0.0000000 0.0855833 0.0792431 0.1808179 0.0903264 0.1776927 0.0778364 0.1351489 0.1030984 0.1531280 0.0988834 0.1570426 0.1415497 0.1459025 0.0914720 0.0846039 0.1773183 0.1647687 0.1536049 0.0976559 0.1046175 0.1560898 0.1835246 0.0966927 0.1405857 0.1033555 0.1582621 0.0974365 0.1677783 0.1637318 0.1231714 0.1126160 0.1570585 0.1438366 0.1050058 0.1390701 0.1100988 0.1513433 0.1371417 0.1359395 0.1681071 0.1445536 0.1032009 0.1605093 0.1949668 0.1240791 0.1571137 0.1382160 0.1538018 0.1931571 0.1976322 0.1567902 0.1310035 0.1369969 0.0913985 0.1374490 0.1625689 0.0851466 0.0973466 0.1297760 0.1811225 0.1788194 0.1787592 0.1572348 0.1979211 0.1316518 0.1627785 0.0850448 0.1539846 0.1591697 0.1190136 0.0851466 0.0914106 0.0968232 0.1489458 0.0742975 0.1169196 0.1240192 0.1749207 0.0987569 0.1740180 0.1977363 0.1605093 0.1727167 0.0915565 0.1228921 0.0978174 0.1383576 0.1951857 0.0741704 0.1649133 0.0794730 0.1821336 0.1361571 0.1288649 0.1648227 0.1250471 0.1353581 0.2416803 0.1368126 0.0978174 0.0342731 0.1043599 
S0400      0.0788877 0.0740392 0.0998155 0.0731153 0.0094775 0.1222047 0.0855681 0.0193750 0.0760888 0.1244376 0.1004287 0.1209905 0.1788169 0.1070155 0.1207815 0.0907832 0.1124035 0.0855833 0.0000000 0.0095188 0.1354868 0.1015444 0.1325894 0.1085314 0.0883532 0.0787282 0.1098362 0.0791440 0.1071408 0.0940434 0.1030511 0.0344775 0.0094749 0.1178387 0.1085323 0.0790725 0.0094813 0.0669636 0.1122499 0.1593405 0.1019359 0.1062825 0.0243286 0.0959327 0.0094591 0.1035257 0.0967037 0.0953745 0.0848759 0.1140195 0.1153878 0.0636103 0.1025067 0.0661090 0.1018450 0.1025634 0.0952916 0.1160927 0.1025555 0.0963383 0.0971788 0.1559501 0.0785224 0.1148472 0.0959722 0.1102787 0.1545996 0.1461518 0.1138416 0.0904439 0.0900267 0.0661856 0.0962721 0.1268608 0.0000028 0.0293723 0.0896644 0.1284786 0.1208553 0.1208197 0.1140091 0.1066499 0.0970870 0.1062886 0.0095203 0.1242808 0.1213401 0.0921814 0.0000028 0.0144328 0.0776712 0.1070370 0.0295004 0.0781024 0.0842998 0.1442011 0.0244906 0.1091544 0.1427304 0.0971788 0.1152498 0.0047070 0.0835798 0.0720782 0.0568853 0.1116500 0.0679274 0.1208523 0.0144053 0.0908057 0.0838180 0.0890695 0.1085636 0.0849445 0.0884809 0.1759162 0.0841771 0.0720782 0.0791881 0.0668121 
S0405      0.0841295 0.0798913 0.0991706 0.0788869 0.0192950 0.1302773 0.0850346 0.0295901 0.0756057 0.1326437 0.1064454 0.1149943 0.1703096 0.1131479 0.1078790 0.0902183 0.1185707 0.0792431 0.0095188 0.0000000 0.1272559 0.1009124 0.1194131 0.1018221 0.0941952 0.0641945 0.1091341 0.0786565 0.1132834 0.0999513 0.1087395 0.0342756 0.0000028 0.1047007 0.0959733 0.0913255 0.0193022 0.0665596 0.1184071 0.1453382 0.1012989 0.1123678 0.0143559 0.1019738 0.0192572 0.1095079 0.1031586 0.0947856 0.0843508 0.1013668 0.1146490 0.0631795 0.0889518 0.0716857 0.1079571 0.1019186 0.0947038 0.1222163 0.1019107 0.0957377 0.0913876 0.1417851 0.0780423 0.1211666 0.1020151 0.1095702 0.1405854 0.1325329 0.1131226 0.0898829 0.0894708 0.0657909 0.0956721 0.1138042 0.0094764 0.0292010 0.0777625 0.1152195 0.1200813 0.1079079 0.1013583 0.1075079 0.1032073 0.1123750 0.0094656 0.1234618 0.1205602 0.0915993 0.0094764 0.0047310 0.0772014 0.1063697 0.0293276 0.0776274 0.0837817 0.1432286 0.0295935 0.1151703 0.1289425 0.0913876 0.1024390 0.0143746 0.0830703 0.0661266 0.0565399 0.1125440 0.0678500 0.1079385 0.0143221 0.1034380 0.0833058 0.0885254 0.1078770 0.0844184 0.0943319 0.1774644 0.0836604 0.0661266 0.0730053 0.0664105 
S0407sl    0.1714064 0.1051694 0.0712957 0.1339444 0.1595468 0.0646892 0.1316188 0.1420761 0.1615250 0.1116849 0.1642060 0.1834041 0.0956312 0.1782241 0.0903407 0.1366268 0.1797935 0.1808179 0.1354868 0.1272559 0.0000000 0.1859468 0.0897632 0.1884755 0.1628198 0.0881374 0.1291917 0.1711102 0.1641048 0.1552482 0.0919342 0.1343956 0.1272559 0.0773127 0.1112922 0.1542513 0.1504851 0.1144698 0.1717671 0.2175858 0.1954947 0.1716456 0.1345588 0.1482812 0.1514555 0.1513302 0.1416842 0.1113126 0.1299119 0.0773328 0.1603935 0.0798183 0.0717516 0.0976343 0.1490494 0.1193793 0.1181547 0.1197425 0.1062913 0.1399227 0.1540358 0.2231932 0.1428154 0.1765626 0.1113447 0.1221604 0.1922435 0.2088043 0.1119227 0.1513086 0.1513438 0.1214084 0.1513576 0.1666447 0.1429442 0.1589819 0.1139590 0.0578917 0.1252502 0.1112446 0.0773328 0.1011682 0.1604017 0.1642675 0.1427398 0.1717115 0.1691452 0.1381457 0.1429442 0.1363169 0.1278622 0.1655326 0.1287525 0.1210446 0.1441079 0.0915964 0.1514443 0.1494375 0.0280657 0.1540358 0.1189910 0.1345391 0.1350969 0.1271986 0.1854746 0.1138789 0.1331198 0.0983450 0.1357249 0.1783294 0.1506075 0.1200276 0.1253051 0.1129857 0.1253961 0.1907881 0.1126787 0.1271986 0.1641770 0.1065068 
S0412sl    0.1009036 0.1059842 0.1607294 0.1489040 0.1137922 0.2108748 0.1300210 0.1150798 0.1192029 0.1963141 0.1463520 0.1634498 0.2279255 0.1541011 0.1617266 0.1484189 0.1336511 0.0903264 0.1015444 0.1009124 0.1859468 0.0000000 0.1808568 0.1026329 0.1389656 0.1267206 0.1372198 0.0786976 0.1606620 0.1326229 0.1664472 0.1014442 0.1003845 0.1667491 0.1683126 0.1438343 0.1138111 0.1087614 0.1463707 0.1683139 0.0550442 0.1462166 0.1195406 0.1484492 0.1135614 0.1574841 0.1530572 0.1272580 0.1165334 0.1473539 0.1361470 0.1096072 0.1651374 0.1141681 0.1419240 0.1483382 0.1397679 0.1791003 0.1553204 0.1145976 0.1577723 0.2077816 0.1094399 0.1345203 0.1485015 0.1711956 0.1844028 0.1819874 0.1604065 0.1331763 0.1094778 0.0886435 0.1479081 0.1612441 0.1010271 0.1016358 0.1196214 0.1844968 0.1547328 0.1682423 0.1674781 0.2019132 0.1420073 0.1530970 0.1009073 0.1530625 0.1559300 0.1310611 0.1010271 0.0896785 0.0891259 0.1332190 0.0785937 0.1209446 0.1344236 0.1743934 0.1088579 0.1635465 0.1863030 0.1577723 0.1761785 0.1076128 0.1145195 0.1263900 0.1553757 0.2134506 0.0741040 0.1757152 0.0952914 0.1713256 0.1273408 0.1326807 0.1547962 0.1148228 0.1326951 0.1966332 0.1406546 0.1263900 0.0784985 0.0965541 
S0417      0.1685798 0.1091002 0.0731480 0.1207445 0.1456666 0.0839098 0.0908781 0.1540228 0.1403935 0.1025004 0.1581235 0.1619078 0.0990988 0.1703214 0.0769756 0.1143021 0.1716063 0.1776927 0.1325894 0.1194131 0.0897632 0.1808568 0.0000000 0.1900463 0.1443003 0.0433926 0.0959956 0.1625240 0.1527613 0.1506443 0.0754450 0.1247857 0.1187752 0.0783962 0.0936869 0.1475218 0.1456825 0.1017738 0.1713477 0.1876322 0.1679895 0.1646612 0.1388702 0.1263749 0.1453643 0.1345956 0.1026016 0.1053810 0.1214248 0.0764292 0.1547037 0.0556009 0.0526327 0.0829872 0.1605281 0.1008471 0.0937267 0.1208845 0.1008392 0.1894288 0.1493484 0.1915442 0.1072362 0.1416929 0.1067726 0.1083934 0.1736038 0.1874273 0.1119277 0.1138771 0.1333437 0.1516104 0.1199289 0.1666385 0.1318922 0.1452300 0.0892796 0.0497513 0.1052398 0.0936537 0.0709862 0.0983063 0.1426770 0.1717398 0.1317324 0.1651140 0.1525411 0.1160947 0.1318922 0.1139130 0.1506135 0.1308818 0.1145001 0.0950321 0.1073917 0.0838146 0.1473840 0.1404120 0.0775546 0.1493484 0.0999723 0.1248993 0.1064611 0.0944306 0.1980104 0.0971625 0.1500564 0.0713420 0.1258329 0.1676813 0.1188632 0.1060121 0.0823145 0.1008114 0.1061742 0.2050923 0.0942721 0.0944306 0.1693414 0.0890344 
S0427      0.1094596 0.1244627 0.1555400 0.1571842 0.1210681 0.2058410 0.1378839 0.1224588 0.0989687 0.2006984 0.1677987 0.1764777 0.2113605 0.1828565 0.1635920 0.1432270 0.1610574 0.0778364 0.1085314 0.1018221 0.1884755 0.1026329 0.1900463 0.0000000 0.1599400 0.1172677 0.1657442 0.1100355 0.1760500 0.1533069 0.1516389 0.1024522 0.1072726 0.1686455 0.1770397 0.1454304 0.1210867 0.1159872 0.1744721 0.1980768 0.1152926 0.1522583 0.1269261 0.1567001 0.1208193 0.1505459 0.1619961 0.1478374 0.1240327 0.1423395 0.1713857 0.1331869 0.1526467 0.1214725 0.1634583 0.1565753 0.1608943 0.1882768 0.1637438 0.1082100 0.1638854 0.2098840 0.1488005 0.1789211 0.1636419 0.1720196 0.1933713 0.1978530 0.1688798 0.1492145 0.1488531 0.0965787 0.1412083 0.1627231 0.1079700 0.1083927 0.1348667 0.1794774 0.1770228 0.1911993 0.1624979 0.2038001 0.1635530 0.1748787 0.1078404 0.1903850 0.1555923 0.1179594 0.1079700 0.1084241 0.0784506 0.1344744 0.0850983 0.1284416 0.1422829 0.1737287 0.1099627 0.1722569 0.1958980 0.1638854 0.1851487 0.1147414 0.1344641 0.1212934 0.1708768 0.2083794 0.0734484 0.1700616 0.1021152 0.1876851 0.1479322 0.1340590 0.1770986 0.1368349 0.1340734 0.2397994 0.1486526 0.1212934 0.0608056 0.1156983 
S0430      0.1271232 0.0786445 0.1118413 0.0890857 0.1067569 0.1478715 0.1028549 0.1201991 0.1391071 0.1632963 0.0093875 0.0772022 0.1995958 0.0240137 0.1387794 0.1007775 0.0288070 0.1351489 0.0883532 0.0941952 0.1628198 0.1389656 0.1443003 0.1599400 0.0000000 0.0846026 0.1091317 0.1281860 0.0606210 0.0046419 0.1085389 0.0880948 0.0937093 0.1429064 0.1323554 0.1473602 0.1067759 0.0776645 0.0189780 0.1800640 0.1268030 0.0141536 0.1124047 0.1122812 0.1065429 0.1264720 0.1141541 0.0720504 0.0959665 0.1254763 0.0781811 0.0883897 0.1209600 0.0706080 0.0291431 0.0900950 0.0719899 0.1022524 0.1019110 0.1464119 0.1197906 0.1769558 0.0500711 0.0716701 0.0774686 0.1095671 0.1753779 0.1663749 0.0955018 0.1079060 0.0607642 0.1123622 0.1076006 0.1530673 0.0943007 0.0889323 0.0947432 0.1404599 0.1451373 0.1450931 0.1317457 0.1606496 0.0449199 0.0190192 0.0941902 0.0740921 0.1205534 0.1158644 0.0943007 0.1005563 0.1252121 0.0947655 0.0835995 0.0948574 0.1015133 0.1633586 0.0822679 0.1196835 0.1616587 0.1197906 0.1394367 0.1007137 0.0945839 0.0942583 0.1540244 0.1449795 0.1084802 0.1324680 0.0886758 0.1674893 0.1065614 0.0885302 0.1323949 0.0843476 0.0928848 0.1967589 0.1070327 0.0942583 0.1277658 0.0888735 
S0478      0.1276161 0.0569654 0.0504909 0.0855369 0.0940457 0.0716102 0.0579536 0.1022520 0.0740174 0.0820394 0.0917113 0.1083660 0.0825353 0.1073204 0.0430702 0.0712968 0.0990879 0.1030984 0.0787282 0.0641945 0.0881374 0.1267206 0.0433926 0.1172677 0.0846026 0.0000000 0.0643313 0.1194269 0.0996879 0.0846026 0.0585298 0.0705973 0.0641945 0.0646207 0.0433222 0.1099648 0.0859155 0.0721149 0.0917841 0.1399266 0.1107839 0.0775344 0.0720976 0.0998026 0.0864657 0.1011592 0.0880780 0.0700660 0.0871512 0.0366368 0.1090544 0.0401123 0.0303274 0.0371805 0.0852840 0.0638749 0.0569539 0.0782595 0.0638262 0.1109065 0.0868157 0.1503311 0.0932275 0.1177425 0.0638102 0.0719617 0.1339232 0.1240218 0.0705900 0.0642151 0.0781704 0.0937696 0.0785499 0.1076242 0.0787282 0.0858078 0.0648395 0.0438894 0.0700391 0.0565053 0.0303332 0.0721315 0.1021557 0.0990085 0.0786117 0.1018134 0.0931983 0.0509671 0.0787282 0.0720768 0.1019147 0.0852202 0.0719839 0.0569654 0.0642593 0.0780428 0.0710975 0.1080286 0.0637530 0.0868157 0.0498354 0.0865598 0.0640828 0.0569654 0.1096013 0.0872117 0.0931177 0.0369102 0.0717744 0.1502044 0.0783384 0.0775898 0.0564864 0.0647114 0.0637819 0.1091521 0.0710793 0.0569654 0.0799453 0.0439603 
S0552sl    0.1512898 0.0747590 0.0867050 0.0979990 0.1225425 0.1169695 0.0752322 0.1369560 0.1285237 0.1197795 0.1146124 0.1581135 0.1508425 0.1299030 0.0850628 0.0792410 0.1227458 0.1531280 0.1098362 0.1091341 0.1291917 0.1372198 0.0959956 0.1657442 0.1091317 0.0643313 0.0000000 0.1178098 0.1351482 0.1093752 0.0956490 0.1024702 0.1085478 0.1120092 0.0792155 0.1164063 0.1225612 0.0734005 0.1225701 0.1421892 0.1377944 0.1224433 0.1284751 0.0967317 0.1222878 0.1041653 0.0718941 0.0671280 0.0918152 0.0845534 0.1249101 0.0332008 0.0595879 0.0565302 0.1306932 0.0293515 0.0506196 0.0502322 0.0240230 0.1584660 0.1303613 0.1561118 0.0982471 0.1317736 0.0734580 0.0679419 0.1438454 0.1420441 0.0551322 0.0916206 0.1046022 0.1086541 0.0790156 0.1275445 0.1092618 0.1221737 0.0736641 0.0919100 0.0792094 0.0791873 0.0788748 0.1196636 0.1320182 0.1290760 0.1091292 0.1259343 0.1231885 0.0812339 0.1092618 0.1036066 0.1295269 0.0849942 0.0921220 0.0680044 0.0729553 0.1105860 0.1176143 0.1098282 0.1109891 0.1303613 0.0854372 0.1161297 0.0678038 0.0729919 0.1730996 0.1117355 0.1130450 0.0792847 0.1033324 0.1420877 0.0794152 0.0666272 0.0678456 0.0623242 0.0789075 0.1729370 0.0557738 0.0729919 0.1326595 0.0513149 
S0558      0.0857184 0.1001491 0.1343650 0.1243998 0.0909485 0.1765401 0.1123999 0.1040696 0.1010210 0.1490759 0.1354644 0.1449825 0.1883573 0.1427976 0.1569259 0.1163045 0.1420424 0.0988834 0.0791440 0.0786565 0.1711102 0.0786976 0.1625240 0.1100355 0.1281860 0.1194269 0.1178098 0.0000000 0.1496198 0.1218822 0.1459196 0.0790646 0.0782498 0.1383978 0.1500867 0.1115800 0.0909678 0.0918960 0.1418331 0.1541102 0.0789935 0.1353388 0.0965734 0.1240135 0.0907642 0.1324106 0.1191991 0.1164808 0.0873259 0.1426852 0.1123112 0.0983232 0.1459485 0.0972894 0.1309189 0.1162450 0.1349664 0.1446877 0.1227828 0.0903681 0.1257089 0.1712132 0.0914737 0.1320032 0.1436561 0.1438297 0.1559187 0.1539508 0.1340842 0.1158652 0.0915052 0.0725650 0.1301062 0.1141453 0.0787455 0.0847608 0.1027171 0.1657596 0.1500725 0.1500250 0.1493544 0.1726047 0.1246087 0.1421607 0.0786522 0.1416894 0.1445680 0.1197345 0.0787455 0.0733553 0.0787024 0.1224272 0.0737965 0.1038444 0.1169475 0.1911951 0.0859678 0.1383882 0.1817093 0.1257089 0.1577145 0.0849954 0.1096702 0.1092760 0.1373493 0.1848403 0.0692348 0.1636812 0.0731746 0.1306384 0.1161177 0.1154383 0.1368297 0.1115534 0.1154541 0.1907143 0.1166547 0.1092760 0.0803875 0.0916756 
S0616      0.1398279 0.0973089 0.1390852 0.1080481 0.1266174 0.1703997 0.1228750 0.1409506 0.1480074 0.1898803 0.0719135 0.1027133 0.2180384 0.0894459 0.1604411 0.1218139 0.0832149 0.1570426 0.1071408 0.1132834 0.1641048 0.1606620 0.1527613 0.1760500 0.0606210 0.0996879 0.1351482 0.1496198 0.0000000 0.0660167 0.1298933 0.1143180 0.1126817 0.1653821 0.1536843 0.1630121 0.1266355 0.0960591 0.0831060 0.1940063 0.1479522 0.0774611 0.1324891 0.1261513 0.1263576 0.1411174 0.1290329 0.1019060 0.1154715 0.1380179 0.0967354 0.1097719 0.1293002 0.0883128 0.0609766 0.1216071 0.1138028 0.1347886 0.1343086 0.1552048 0.1341424 0.1911062 0.0735651 0.0909310 0.1076620 0.1430197 0.1893703 0.1937927 0.1146393 0.1340118 0.0850515 0.1200377 0.1403398 0.1663819 0.1134147 0.1078601 0.1139579 0.1489589 0.1671295 0.1670758 0.1529437 0.1847095 0.0563802 0.0832891 0.1132788 0.1049245 0.1544544 0.1224386 0.1134147 0.1200565 0.1396634 0.1325297 0.1023441 0.1140951 0.1147736 0.1870055 0.1080040 0.1339910 0.1849683 0.1341424 0.1612370 0.1202518 0.1260044 0.1133580 0.1767966 0.1521520 0.1100605 0.1538161 0.1075345 0.1909873 0.1263666 0.1194163 0.1537325 0.1032865 0.1116601 0.2344439 0.1269512 0.1133580 0.1491168 0.1077812 
S0620      0.1333665 0.0729735 0.1118912 0.0948245 0.1126892 0.1479397 0.0968693 0.1263354 0.1457111 0.1708857 0.0093908 0.0827815 0.1921323 0.0191041 0.1324458 0.1066419 0.0238722 0.1415497 0.0940434 0.0999513 0.1552482 0.1326229 0.1506443 0.1533069 0.0046419 0.0846026 0.1093752 0.1218822 0.0660167 0.0000000 0.1085882 0.0937652 0.0994332 0.1363596 0.1260945 0.1408445 0.1127080 0.0720695 0.0141547 0.1732195 0.1205746 0.0093836 0.1183797 0.1063137 0.1124627 0.1202568 0.1077766 0.0665202 0.0901067 0.1193204 0.0725478 0.0883897 0.1209600 0.0651933 0.0241499 0.0843022 0.0775376 0.1024797 0.1021368 0.1399470 0.1136739 0.1838638 0.0553654 0.0661704 0.0830693 0.1156704 0.1685102 0.1596847 0.0896736 0.1139063 0.0553838 0.1063924 0.1076466 0.1465242 0.1000638 0.0946614 0.0889634 0.1340379 0.1387328 0.1386911 0.1255191 0.1607277 0.0501728 0.0141855 0.0999462 0.0742611 0.1143959 0.1096911 0.1000638 0.1064084 0.1190694 0.0889836 0.0892957 0.0890711 0.1015563 0.1634365 0.0878677 0.1135723 0.1549455 0.1136739 0.1330670 0.1065759 0.0888143 0.1000175 0.1605946 0.1516238 0.1024494 0.1387252 0.0943857 0.1607441 0.1006489 0.0885666 0.1261317 0.0786151 0.0872262 0.1968594 0.1010897 0.1000175 0.1214840 0.0831639 
S0624      0.1459926 0.0774002 0.0416998 0.1034685 0.1228057 0.0645618 0.0986008 0.1379613 0.1446044 0.1087211 0.1015420 0.1295964 0.0988523 0.1280866 0.0639182 0.1097831 0.1290723 0.1459025 0.1030511 0.1087395 0.0919342 0.1664472 0.0754450 0.1516389 0.1085389 0.0585298 0.0956490 0.1459196 0.1298933 0.1085882 0.0000000 0.1017601 0.1081269 0.0703732 0.0943662 0.1451217 0.1228253 0.0843802 0.1288773 0.2029562 0.1600749 0.1222463 0.1290347 0.1227293 0.1225377 0.1316582 0.1189281 0.0823179 0.1045154 0.0764290 0.1319272 0.0592262 0.0498628 0.0713577 0.1175454 0.0895520 0.0762250 0.0890164 0.0824544 0.1676704 0.1469210 0.1999618 0.0899233 0.1321579 0.0834433 0.0971785 0.1802798 0.1950186 0.0827673 0.1165878 0.1102932 0.1291769 0.1016633 0.1644411 0.1088729 0.1093255 0.0963982 0.0584702 0.1068022 0.1067703 0.0582376 0.0772112 0.1057922 0.1291871 0.1087343 0.1402111 0.1308031 0.1124745 0.1088729 0.1158750 0.1282857 0.1283521 0.0966044 0.0901671 0.0956220 0.0580754 0.1174952 0.1167846 0.0701427 0.1469210 0.1010784 0.1018581 0.1023284 0.0956474 0.1760900 0.0893770 0.1260888 0.0827836 0.1026581 0.1666062 0.1026397 0.0882964 0.0943939 0.0713778 0.0956501 0.2019847 0.0893962 0.0956474 0.1310935 0.0838102 
S0641      0.0788640 0.0737057 0.0925522 0.0727901 0.0449279 0.1358823 0.0914552 0.0561620 0.0940462 0.1175566 0.1001262 0.1083065 0.1692319 0.1066873 0.1132282 0.0897965 0.1120569 0.0914720 0.0344775 0.0342756 0.1343956 0.1014442 0.1247857 0.1024522 0.0880948 0.0705973 0.1024702 0.0790646 0.1143180 0.0937652 0.1017601 0.0000000 0.0341104 0.1101701 0.1131954 0.0849575 0.0449417 0.0668973 0.1119043 0.1508401 0.1018350 0.1059590 0.0500618 0.0954951 0.0448399 0.1028126 0.0962328 0.0885056 0.0847908 0.1066630 0.1080859 0.0627912 0.0950033 0.0777184 0.1015336 0.0954458 0.0884302 0.1152854 0.0954379 0.1022888 0.1100969 0.1473772 0.0721284 0.1144848 0.0955343 0.1028736 0.1461283 0.1379824 0.1008616 0.0903536 0.0833795 0.0662416 0.1022210 0.1191711 0.0343155 0.0344359 0.0895755 0.1206570 0.1254857 0.1254489 0.1066538 0.1195754 0.0967896 0.1121517 0.0342761 0.1166306 0.1276164 0.0981886 0.0343155 0.0396003 0.0720454 0.1010501 0.0346170 0.0837945 0.0845307 0.1358410 0.0244098 0.1084029 0.1344856 0.1100969 0.1199169 0.0396653 0.0893205 0.0776741 0.0736425 0.1310332 0.0735755 0.1132917 0.0292911 0.1089455 0.0895750 0.0833105 0.1132280 0.0782384 0.0890862 0.1670695 0.0775436 0.0776741 0.0849642 0.0723700 
S0643      0.0836934 0.0794719 0.0986322 0.0784779 0.0192031 0.1295519 0.0845892 0.0294460 0.0752030 0.1318195 0.1058874 0.1143745 0.1692937 0.1125478 0.1073060 0.0897465 0.1179417 0.0846039 0.0094749 0.0000028 0.1272559 0.1003845 0.1187752 0.1072726 0.0937093 0.0641945 0.1085478 0.0782498 0.1126817 0.0994332 0.1081269 0.0341104 0.0000000 0.1041323 0.0954689 0.0908419 0.0192102 0.0662234 0.1177799 0.1445404 0.1007670 0.1117758 0.0142881 0.1014346 0.0191658 0.1089171 0.1025760 0.0942937 0.0839124 0.1008340 0.1140327 0.0628216 0.0889518 0.0713236 0.1073833 0.1013802 0.0942127 0.1215481 0.1013723 0.0952361 0.0909036 0.1409952 0.0776418 0.1205100 0.1014756 0.1089792 0.1398090 0.1318137 0.1125227 0.0894144 0.0890065 0.0654623 0.0951710 0.1131973 0.0094312 0.0290607 0.0773650 0.1145971 0.1194360 0.1073344 0.1008256 0.1069092 0.1026560 0.1117829 0.0094205 0.1227810 0.1199101 0.0911130 0.0094312 0.0047093 0.0768094 0.1058124 0.0291860 0.0772312 0.0833492 0.1424217 0.0294494 0.1145483 0.1282315 0.0909036 0.1018948 0.0143066 0.0826450 0.0712824 0.0562532 0.1119202 0.0675006 0.1073647 0.0142546 0.1028833 0.0828782 0.0880708 0.1073038 0.0839792 0.0938447 0.1763992 0.0832290 0.0712824 0.0782931 0.0660757 
