118
S0055      0.0000000 0.0560192 0.0598705 0.0809798 0.1140347 0.0610310 0.1003158 0.0339042 0.1226046 0.1008278 0.1080298 0.0904100 0.0635169 0.0501072 0.0544500 0.0480019 0.1051717 0.0798508 0.0845225 0.0630425 0.0657039 0.0938237 0.1043860 0.0969219 0.0827567 0.0755812 0.1566506 0.1027168 0.0624710 0.0513418 0.0968287 0.0752400 0.0529158 0.0445398 0.0662630 0.1110148 0.1070588 0.0752584 0.1150153 0.0884900 0.0573140 0.0688981 0.0598341 0.0600593 0.0655511 0.0869231 0.0554667 0.0805221 0.1232322 0.0668293 0.0817250 0.0630149 0.1030735 0.0805696 0.0894944 0.0879711 0.0747849 0.1012451 0.1078821 0.1209076 0.1518946 0.0888515 0.0811075 0.1316924 0.0658896 0.1115066 0.0488857 0.0862484 0.0633509 0.1205463 0.0597026 0.0663089 0.0971249 0.0568962 0.0518905 0.0658391 0.0956529 0.0759402 0.0754282 0.0776271 0.0986158 0.1098123 0.1048877 0.0568962 0.1239682 0.0581625 0.0397796 0.0419566 0.0520945 0.0469855 0.0815362 0.0783153 0.0751664 0.0551699 0.0526960 0.1123273 0.0466752 0.0600593 0.0723300 0.0721460 0.0600451 0.0583454 0.0457913 0.0516959 0.1004483 0.0453699 0.0870793 0.0600295 0.0501760 0.0548864 0.0693335 0.0633652 0.0632477 0.1136362 0.0485474 0.0537787 0.0652123 0.0547048 
S0281      0.0560192 0.0000000 0.0919350 0.0943156 0.1173847 0.0797572 0.1513636 0.0569423 0.1168378 0.1099934 0.1021834 0.0980060 0.0707669 0.0623935 0.0888720 0.0762855 0.1222035 0.1269132 0.0856231 0.0650581 0.0723548 0.1166501 0.0926956 0.1043260 0.0955381 0.0868630 0.1400359 0.1006227 0.1041742 0.0889474 0.1017337 0.0854874 0.0815538 0.0675067 0.0491260 0.0990112 0.1152782 0.0927150 0.1027147 0.0998361 0.0892225 0.0706035 0.0918792 0.0647724 0.0645191 0.0779389 0.0466506 0.0903133 0.1188903 0.0744313 0.0945266 0.0766633 0.1022671 0.0657676 0.0868724 0.1162702 0.0680884 0.1136758 0.1159633 0.1106984 0.1359675 0.0951786 0.0896223 0.1408711 0.0649000 0.1304286 0.0925917 0.0880126 0.0572272 0.1103725 0.0858135 0.0766348 0.1092816 0.0885364 0.0832380 0.0764084 0.1025362 0.0836250 0.0897591 0.0941020 0.0995803 0.1046852 0.1052708 0.0885364 0.1342774 0.0707658 0.0613430 0.0698292 0.0806562 0.0740346 0.0855540 0.1065924 0.0856228 0.0770896 0.0683724 0.1042801 0.0741263 0.0618373 0.0601960 0.0892917 0.0922190 0.0683754 0.0506373 0.0800603 0.0952754 0.0739342 0.1039591 0.0863422 0.0628115 0.0680015 0.0805658 0.0658508 0.0769514 0.1054886 0.0559677 0.0615078 0.0761099 0.0653169 
S0282      0.0598705 0.0919350 0.0000000 0.0885826 0.1278528 0.0819388 0.0365348 0.0304355 0.1394330 0.1280173 0.1240918 0.1010600 0.0845424 0.0482056 0.0110887 0.0114262 0.1176408 0.0852401 0.1004914 0.0843380 0.0721128 0.0864229 0.1203400 0.1040201 0.1120490 0.0914136 0.1557180 0.1159452 0.0547166 0.0110975 0.1061070 0.0816077 0.0438615 0.0203641 0.0816259 0.1207002 0.1178797 0.0593245 0.1316184 0.0834313 0.0296915 0.0843241 0.0088472 0.0782571 0.0807934 0.0935560 0.0708706 0.0875336 0.1263081 0.0849268 0.0887528 0.0723744 0.1095545 0.0907966 0.1093437 0.0702315 0.1081516 0.1182102 0.0987610 0.1336948 0.1616669 0.0982862 0.0935893 0.1351032 0.0812106 0.1249665 0.0656520 0.1015532 0.0904912 0.1372704 0.0421882 0.0873782 0.1006743 0.0110534 0.0423155 0.0755223 0.1117037 0.0947758 0.0882759 0.0875688 0.1151899 0.1293301 0.1209136 0.0110534 0.1418097 0.0848474 0.0551508 0.0113049 0.0134764 0.0477718 0.1003125 0.0590175 0.0878571 0.0789983 0.0705570 0.1256634 0.0371464 0.0751894 0.0997114 0.0813854 0.0088755 0.0849694 0.0612318 0.0319327 0.1013656 0.0387439 0.0942381 0.0667009 0.0764564 0.0726760 0.0877916 0.0839721 0.0638979 0.1208618 0.0554377 0.0663487 0.0664049 0.0560509 
S0288      0.0809798 0.0943156 0.0885826 0.0000000 0.1266981 0.0882922 0.0000010 0.0746810 0.1467448 0.0722766 0.0039432 0.0890747 0.0788692 0.0901119 0.0892770 0.0952419 0.1180393 0.0000010 0.0887150 0.0947721 0.0939180 0.0000010 0.0079308 0.1070305 0.1044847 0.1148685 0.1091301 0.1020808 0.1173797 0.0894123 0.1037604 0.0715334 0.0837747 0.0951997 0.0988354 0.0160572 0.1054996 0.1311270 0.0119682 0.0765644 0.0945463 0.0948468 0.0892443 0.0893583 0.0887746 0.0983462 0.0776951 0.0777227 0.0923900 0.0773677 0.1010607 0.0666841 0.0421448 0.0834452 0.0930168 0.0860325 0.1055280 0.1220386 0.0885701 0.0974177 0.0937629 0.1238542 0.1110063 0.0938984 0.0887746 0.0987881 0.0847938 0.0945925 0.1000468 0.0969380 0.1102783 0.0775771 0.0752190 0.0885722 0.1045881 0.0885990 0.0983750 0.0827683 0.0828275 0.0939638 0.1027752 0.0778973 0.0079873 0.0939025 0.0879157 0.0731565 0.0646314 0.0885722 0.0946146 0.0877874 0.1124912 0.0782748 0.0999653 0.0771142 0.0834130 0.1230511 0.1001193 0.0835385 0.0955844 0.0884554 0.0938746 0.0937609 0.0651961 0.0886521 0.1127721 0.0626766 0.0880750 0.0924854 0.0738322 0.0775123 0.0709607 0.0879781 0.0623172 0.1385871 0.0790350 0.0599368 0.1109834 0.0621977 
S0289      0.1140347 0.1173847 0.1278528 0.1266981 0.0000000 0.1370291 0.1603995 0.0933507 0.0834025 0.1458277 0.1449544 0.0801244 0.1358600 0.1240693 0.1245199 0.1121792 0.0789785 0.1738769 0.0749784 0.1173759 0.1240987 0.0823393 0.1409998 0.1189638 0.1390307 0.1510524 0.1927309 0.0812107 0.1545084 0.1214035 0.0558953 0.1085332 0.1306419 0.1219349 0.1145339 0.1381511 0.1769812 0.1610715 0.1528658 0.1471440 0.1378304 0.1205652 0.1277769 0.1167795 0.1133280 0.1431543 0.1214419 0.0892525 0.1573127 0.0899744 0.0867807 0.1245682 0.1361949 0.1465047 0.1375810 0.1608398 0.1253556 0.1730063 0.1732503 0.1696697 0.1935986 0.1480296 0.1332746 0.1910856 0.1200840 0.1841394 0.1026722 0.1517337 0.1220377 0.1691537 0.1262258 0.1249589 0.1615352 0.1178163 0.1343106 0.1147303 0.0578450 0.0965124 0.0864023 0.0779985 0.0707581 0.1510010 0.1482990 0.1240359 0.1741375 0.1287900 0.1139990 0.0983577 0.1222308 0.1323206 0.1497136 0.1479806 0.1268196 0.1367916 0.1271977 0.0532881 0.1280856 0.1132821 0.1098151 0.1082271 0.1282645 0.1418457 0.1059139 0.1338528 0.0860869 0.1298529 0.0929600 0.1095668 0.1258338 0.1251203 0.1022742 0.1316765 0.1207844 0.1643064 0.1120613 0.1225019 0.1133438 0.1148704 
S0292      0.0610310 0.0797572 0.0819388 0.0882922 0.1370291 0.0000000 0.1145353 0.0499099 0.1320697 0.1201218 0.1163011 0.0840849 0.0664535 0.0574375 0.0818494 0.0668476 0.1089558 0.1134626 0.0925722 0.0663000 0.0698561 0.0762928 0.1126785 0.0837296 0.1097475 0.0882596 0.1570015 0.1065736 0.0937715 0.0819179 0.1046844 0.0752156 0.0622260 0.0724362 0.0605780 0.1192290 0.1424446 0.0851311 0.1235740 0.0925236 0.0821651 0.0662892 0.0847647 0.0606578 0.0630970 0.0979219 0.0403230 0.0740289 0.1246713 0.0664722 0.0777892 0.0783841 0.1143594 0.0790406 0.0940407 0.0998515 0.0951895 0.1220479 0.1068690 0.1370156 0.1444715 0.1096029 0.0910872 0.1393189 0.0634106 0.1265295 0.0740980 0.0961749 0.0719521 0.1366090 0.0817045 0.0502353 0.1091795 0.0815468 0.0820437 0.0469825 0.1034428 0.0751849 0.0781348 0.0774536 0.1168774 0.1148339 0.1132065 0.0815468 0.1268692 0.0728025 0.0136920 0.0627272 0.0763453 0.0819932 0.0424444 0.1019370 0.0750365 0.0250852 0.0202289 0.1304111 0.0764707 0.0578254 0.0870122 0.0756320 0.0850712 0.0399776 0.0440559 0.0845834 0.0925666 0.0584583 0.0774998 0.0836342 0.0561598 0.0580389 0.0784329 0.0697483 0.0697099 0.1090713 0.0308756 0.0520452 0.0784636 0.0644208 
S0293      0.1003158 0.1513636 0.0365348 0.0000010 0.1603995 0.1145353 0.0000000 0.0461263 0.1506984 0.1875880 0.1856307 0.1301094 0.1145499 0.0000010 0.0361674 0.0324963 0.1508589 0.1045862 0.1385478 0.0998835 0.1297616 0.1075031 0.1678074 0.1220244 0.1713733 0.1170754 0.2098785 0.1561004 0.0774522 0.0361682 0.1432345 0.1005279 0.0680998 0.0000010 0.1157695 0.1688294 0.1550465 0.0851659 0.1892839 0.1297242 0.0524140 0.1066154 0.0361877 0.0989506 0.1056521 0.1045710 0.1029547 0.1285761 0.1778914 0.1070783 0.1216018 0.1203992 0.1818048 0.1462602 0.1663790 0.1405347 0.1611586 0.1241363 0.1716946 0.1963234 0.2291913 0.1330155 0.1295800 0.2019499 0.1069261 0.1848440 0.0000010 0.1316430 0.1433590 0.1963234 0.0917008 0.1312977 0.1848440 0.0307812 0.0845500 0.1000711 0.1449278 0.1144218 0.1059531 0.1134806 0.1631478 0.1737188 0.1677519 0.0307812 0.2090898 0.1142469 0.0883566 0.0265872 0.0311536 0.0792628 0.1372420 0.1149410 0.1132474 0.1230236 0.0999819 0.1710839 0.0778479 0.0989506 0.1443873 0.0989625 0.0312563 0.1170877 0.0906031 0.0765895 0.1443872 0.0589361 0.1216577 0.0774139 0.1068039 0.0925381 0.1056264 0.1123562 0.1064547 0.1463896 0.0711252 0.1089654 0.0930631 0.0919252 
S0294      0.0339042 0.0569423 0.0304355 0.0746810 0.0933507 0.0499099 0.0461263 0.0000000 0.0942786 0.0988514 0.0982754 0.0680322 0.0528145 0.0471403 0.0330669 0.0314184 0.0732734 0.0523460 0.0587984 0.0500725 0.0385451 0.0640123 0.0945538 0.0685342 0.0709513 0.0480080 0.1268803 0.0775833 0.0468233 0.0302937 0.0787457 0.0627279 0.0254767 0.0371444 0.0444397 0.0980935 0.1014757 0.0441328 0.1019353 0.0634411 0.0358814 0.0529089 0.0330754 0.0470094 0.0440810 0.0619934 0.0420470 0.0528321 0.1007600 0.0567633 0.0559308 0.0525979 0.0870748 0.0559518 0.0651667 0.0238775 0.0670461 0.0918931 0.0735558 0.1059070 0.1370126 0.0673105 0.0590382 0.1058982 0.0499014 0.0954012 0.0332847 0.0554572 0.0615436 0.1055755 0.0251009 0.0561416 0.0805027 0.0329458 0.0276034 0.0496205 0.0705488 0.0630248 0.0596696 0.0500120 0.0779514 0.0937453 0.0950291 0.0302937 0.1127638 0.0561128 0.0284163 0.0254887 0.0306052 0.0222388 0.0587078 0.0507399 0.0497681 0.0504774 0.0387390 0.0840776 0.0305187 0.0440632 0.0616603 0.0564482 0.0331951 0.0530685 0.0286671 0.0330355 0.0685272 0.0204354 0.0590964 0.0411770 0.0446535 0.0382469 0.0567177 0.0496574 0.0471636 0.0785195 0.0284250 0.0312668 0.0440283 0.0385848 
S0299      0.1226046 0.1168378 0.1394330 0.1467448 0.0834025 0.1320697 0.1506984 0.0942786 0.0000000 0.1518862 0.1476981 0.0679294 0.1277550 0.1362543 0.1359665 0.1260892 0.0694169 0.1491439 0.0865110 0.1039570 0.1215473 0.0813902 0.1437233 0.1113499 0.1498731 0.1504482 0.2103232 0.0774717 0.1600290 0.1327386 0.0635811 0.1203813 0.1372945 0.1480017 0.1041401 0.1507927 0.1911618 0.1619590 0.1556470 0.1478202 0.1398582 0.1099498 0.1393496 0.1034406 0.0943688 0.1472498 0.1048045 0.1004807 0.1681299 0.1102394 0.1018372 0.1209480 0.1420600 0.1459736 0.1437224 0.1629771 0.1124554 0.1818433 0.1672710 0.1738021 0.1889813 0.1387509 0.1340041 0.1919344 0.1065936 0.1849542 0.1125853 0.1412064 0.1343067 0.1732698 0.1324698 0.1307647 0.1622458 0.1289830 0.1265123 0.1194219 0.0686771 0.1203150 0.1205203 0.0926529 0.0770874 0.1605118 0.1378796 0.1354265 0.1892528 0.1147131 0.1038207 0.1116385 0.1265418 0.1233092 0.1410471 0.1640062 0.1169874 0.1298122 0.1102684 0.0784607 0.1203016 0.1001232 0.0939530 0.1273585 0.1333253 0.1271375 0.1055195 0.1325083 0.0829756 0.1232156 0.1083133 0.1257301 0.1138784 0.1173609 0.1179961 0.1279780 0.1172215 0.1402071 0.1014142 0.1146273 0.1381586 0.1174851 
S0308      0.1008278 0.1099934 0.1280173 0.0722766 0.1458277 0.1201218 0.1875880 0.0988514 0.1518862 0.0000000 0.0530123 0.1211511 0.1219623 0.1206755 0.1344480 0.1179627 0.1202923 0.1461942 0.1069162 0.1001097 0.1243150 0.1208457 0.0480762 0.1253207 0.1306617 0.1538445 0.0908358 0.1246481 0.1391086 0.1311954 0.1186663 0.0972641 0.1259460 0.1107856 0.0976831 0.0507496 0.1621775 0.1516303 0.0456206 0.1333519 0.1350157 0.0942344 0.1267844 0.0945481 0.1001228 0.1012133 0.0957332 0.1125881 0.0666636 0.0943043 0.1205743 0.1092421 0.0530462 0.0941807 0.1246670 0.1573498 0.1318421 0.1668159 0.1300617 0.0674515 0.0795709 0.1276521 0.1238456 0.1653829 0.1006613 0.1536757 0.0644750 0.1184223 0.1340377 0.0672716 0.1244978 0.1125848 0.1351994 0.1339095 0.1347917 0.1136151 0.1212927 0.0972110 0.1004268 0.1168114 0.1208277 0.0598990 0.0587342 0.1339095 0.0732878 0.1214282 0.0977118 0.1135869 0.1315192 0.1348353 0.1329715 0.1390907 0.1234957 0.1136080 0.1073845 0.1504774 0.1252470 0.0941423 0.1222428 0.1038441 0.1317996 0.1163315 0.0828732 0.1375394 0.1078802 0.1156977 0.1274888 0.1095585 0.1121315 0.1177852 0.1008378 0.1046128 0.0996510 0.1423023 0.0854317 0.0952080 0.1194027 0.0909957 
S0322      0.1080298 0.1021834 0.1240918 0.0039432 0.1449544 0.1163011 0.1856307 0.0982754 0.1476981 0.0530123 0.0000000 0.1140120 0.1087577 0.0962124 0.1240043 0.1178219 0.1286870 0.1447295 0.1002597 0.1065400 0.1161854 0.1196271 0.0065672 0.1278813 0.1212911 0.1379604 0.1019701 0.1271490 0.1442896 0.1241109 0.1243456 0.0967932 0.1087282 0.1013907 0.1066535 0.0132999 0.1088672 0.1357420 0.0110459 0.1125271 0.1245195 0.1065220 0.1134425 0.0999422 0.0995333 0.1064538 0.0922477 0.0998599 0.0835122 0.0879256 0.1167864 0.0966186 0.0446912 0.1043710 0.1217510 0.1570039 0.1278458 0.1292315 0.1259856 0.0865985 0.0884434 0.1342940 0.1209846 0.1316500 0.1031311 0.1280446 0.0956872 0.1094571 0.1236316 0.0863633 0.1270077 0.1006425 0.1141492 0.1202788 0.1199513 0.1038226 0.1175816 0.0937449 0.0969130 0.1130869 0.1108599 0.0710396 0.0110595 0.1235138 0.0935608 0.1081483 0.0907325 0.1035629 0.1211264 0.1137090 0.1238425 0.1317790 0.1240001 0.1038158 0.1007789 0.1394754 0.1150042 0.0965935 0.1183672 0.1033483 0.1244965 0.1135380 0.0733298 0.1270268 0.1072456 0.1023233 0.1162024 0.1029788 0.1022561 0.0977304 0.0964700 0.0971026 0.0873967 0.1394626 0.0850118 0.0822806 0.1136404 0.0846966 
S0327      0.0904100 0.0980060 0.1010600 0.0890747 0.0801244 0.0840849 0.1301094 0.0680322 0.0679294 0.1211511 0.1140120 0.0000000 0.0787844 0.0776656 0.0978334 0.0877825 0.0630542 0.1238687 0.0413857 0.0718298 0.0880059 0.0446880 0.1103066 0.0468444 0.1167961 0.1203789 0.1624011 0.0662676 0.1198987 0.0947864 0.0577406 0.0787682 0.1093525 0.0876100 0.0719272 0.1170187 0.1489083 0.1146940 0.1176262 0.1036325 0.0939831 0.0746640 0.1009970 0.0686637 0.0712200 0.1050525 0.0664841 0.0489934 0.1303237 0.0631595 0.0523248 0.0845942 0.1183837 0.1109520 0.1075694 0.1147695 0.1002027 0.1411011 0.1262647 0.1382507 0.1568368 0.1205192 0.1087201 0.1597713 0.0715909 0.1530493 0.0799560 0.1035484 0.0970098 0.1382507 0.1006497 0.0904732 0.1304973 0.0913748 0.0979772 0.0745486 0.0383694 0.0660954 0.0754050 0.0467951 0.0567515 0.1153581 0.1108382 0.0974498 0.1464637 0.0666961 0.0591939 0.0746390 0.0854819 0.0953233 0.1004452 0.1172829 0.0743263 0.0838645 0.0723853 0.0598899 0.0889039 0.0656400 0.0882829 0.0851162 0.1013848 0.0875111 0.0601241 0.1038125 0.0519259 0.0850177 0.0606692 0.1009748 0.0640138 0.0723774 0.0815117 0.0850929 0.0751403 0.1259685 0.0596735 0.0688400 0.0883540 0.0785331 
S0335      0.0635169 0.0707669 0.0845424 0.0788692 0.1358600 0.0664535 0.1145499 0.0528145 0.1277550 0.1219623 0.1087577 0.0787844 0.0000000 0.0623192 0.0815867 0.0720049 0.1305782 0.0787759 0.0881301 0.0639782 0.0756391 0.0846417 0.1051754 0.0899787 0.0993800 0.0937402 0.1561073 0.1022010 0.0927423 0.0788512 0.1062985 0.0847158 0.0701924 0.0770435 0.0667702 0.1116881 0.1362012 0.0842030 0.1159585 0.0779955 0.0790871 0.0639678 0.0844917 0.0583508 0.0607952 0.0887293 0.0562059 0.0751510 0.1309364 0.0763057 0.0846858 0.0617087 0.1129623 0.0697714 0.0813614 0.1042374 0.0827536 0.1387384 0.1007280 0.1359012 0.1516183 0.1093081 0.0937568 0.1577433 0.0610980 0.1471402 0.0847314 0.0843036 0.0604757 0.1354933 0.0786375 0.0716562 0.1258879 0.0812861 0.0761307 0.0501076 0.0960786 0.0854855 0.0885915 0.0814371 0.1093779 0.1102795 0.1056716 0.0812861 0.1468098 0.0533065 0.0460835 0.0542164 0.0730241 0.0733353 0.0752219 0.0948803 0.0810304 0.0615245 0.0557186 0.1260480 0.0673511 0.0555289 0.0720786 0.0823563 0.0847968 0.0585260 0.0336746 0.0786474 0.0999854 0.0608104 0.0907987 0.0722595 0.0401972 0.0226501 0.0738523 0.0587768 0.0619311 0.1025847 0.0442682 0.0359664 0.0703937 0.0561869 
S0376      0.0501072 0.0623935 0.0482056 0.0901119 0.1240693 0.0574375 0.0000010 0.0471403 0.1362543 0.1206755 0.0962124 0.0776656 0.0623192 0.0000000 0.0485143 0.0536113 0.1641786 0.0000010 0.0895166 0.0673246 0.0428776 0.0000010 0.1016456 0.0939520 0.0879360 0.0927833 0.1478531 0.0873929 0.0784313 0.0485864 0.1064600 0.0733016 0.0443562 0.0535884 0.0665750 0.1072219 0.1120255 0.0786395 0.1071959 0.0771606 0.0580483 0.0673774 0.0532979 0.0623784 0.0619918 0.0884678 0.0474509 0.0624922 0.1250958 0.0582621 0.0792135 0.0672071 0.0894479 0.0727272 0.0872054 0.0835562 0.0772320 0.1157370 0.0782198 0.1199371 0.1402921 0.1062261 0.0835460 0.1167626 0.0619918 0.1107033 0.1052567 0.0886652 0.0527866 0.1193023 0.0577416 0.0622597 0.0754046 0.0481538 0.0734880 0.0666990 0.0993263 0.0744745 0.0693403 0.0779522 0.1222846 0.1099575 0.0969359 0.0529001 0.1203282 0.0619195 0.0346601 0.0529001 0.0484932 0.0668207 0.0676066 0.0633060 0.0785561 0.0580379 0.0481252 0.1128754 0.0630319 0.0571881 0.0734494 0.0743964 0.0577141 0.0570565 0.0349002 0.0529131 0.0956463 0.0411597 0.0724041 0.0880075 0.0481222 0.0671461 0.0777444 0.0722050 0.0628068 0.1123798 0.0386131 0.0349551 0.0484931 0.0578239 
S0400      0.0544500 0.0888720 0.0110887 0.0892770 0.1245199 0.0818494 0.0361674 0.0330669 0.1359665 0.1344480 0.1240043 0.0978334 0.0815867 0.0485143 0.0000000 0.0114192 0.1167368 0.0843145 0.0973695 0.0813906 0.0692975 0.0854054 0.1202556 0.1008559 0.1058841 0.0883702 0.1661625 0.1126938 0.0520974 0.0088383 0.1029508 0.0786781 0.0438138 0.0162867 0.0786958 0.1206153 0.1220675 0.0673479 0.1315244 0.0833765 0.0272842 0.0813771 0.0110822 0.0753721 0.0778968 0.0963573 0.0680107 0.0845506 0.1294581 0.0819560 0.0857231 0.0750347 0.1126229 0.0935874 0.1061563 0.0697567 0.1050033 0.1293010 0.1018767 0.1401641 0.1615476 0.1010831 0.0905502 0.1484005 0.0782973 0.1379634 0.0656520 0.0984741 0.0874826 0.1437961 0.0446227 0.0844005 0.1131167 0.0088034 0.0422805 0.0726573 0.1085147 0.0916929 0.0852640 0.0845843 0.1181337 0.1292373 0.1208281 0.0088034 0.1418031 0.0876137 0.0550832 0.0090022 0.0111793 0.0477320 0.1002013 0.0616051 0.0906428 0.0760826 0.0704805 0.1223267 0.0346659 0.0723384 0.0966166 0.0784647 0.0111178 0.0819963 0.0611558 0.0295188 0.1042688 0.0361500 0.0911754 0.0639276 0.0735516 0.0726136 0.0847981 0.0810393 0.0665009 0.1175291 0.0553888 0.0634860 0.0636451 0.0586160 
S0405      0.0480019 0.0762855 0.0114262 0.0952419 0.1121792 0.0668476 0.0324963 0.0314184 0.1260892 0.1179627 0.1178219 0.0877825 0.0720049 0.0536113 0.0114192 0.0000000 0.0969462 0.0763509 0.0880194 0.0687225 0.0628740 0.0550449 0.1140541 0.0910729 0.0995348 0.0754077 0.1449898 0.1026016 0.0432894 0.0091135 0.0897794 0.0660304 0.0396376 0.0206086 0.0689576 0.1144013 0.1302530 0.0610134 0.1253908 0.0802273 0.0281585 0.0656617 0.0137586 0.0628481 0.0653753 0.0834076 0.0556682 0.0721209 0.1137323 0.0723336 0.0727860 0.0686045 0.0967433 0.0842360 0.0968063 0.0774217 0.0957867 0.1354312 0.0889992 0.1242595 0.1444165 0.0885832 0.0776744 0.1350134 0.0657120 0.1181167 0.0853489 0.0888250 0.0810492 0.1278363 0.0384297 0.0660739 0.0967774 0.0113819 0.0411177 0.0661772 0.0992753 0.0819446 0.0755871 0.0718238 0.1088783 0.1054090 0.1146081 0.0113819 0.1290122 0.0779865 0.0429205 0.0115677 0.0138182 0.0493377 0.0815489 0.0607408 0.0813058 0.0639633 0.0583970 0.1130477 0.0332994 0.0598997 0.0873281 0.0658511 0.0138039 0.0667196 0.0543716 0.0304630 0.0909318 0.0345225 0.0814782 0.0603695 0.0639440 0.0661367 0.0751705 0.0631211 0.0600320 0.1080695 0.0455477 0.0567637 0.0571997 0.0494320 
S0407sl    0.1051717 0.1222035 0.1176408 0.1180393 0.0789785 0.1089558 0.1508589 0.0732734 0.0694169 0.1202923 0.1286870 0.0630542 0.1305782 0.1641786 0.1167368 0.0969462 0.0000000 0.1566751 0.0459511 0.0904592 0.1022982 0.0624477 0.1231803 0.0793517 0.1325093 0.1387770 0.1791281 0.0694650 0.1422462 0.1174917 0.0385365 0.0882350 0.1316714 0.1344108 0.0869704 0.1182548 0.1588972 0.1251705 0.1398420 0.1157057 0.1277092 0.0990286 0.1222566 0.0851419 0.0810507 0.1259526 0.0921149 0.0529574 0.1433744 0.0705048 0.0454951 0.1188382 0.1272490 0.1258616 0.1234631 0.1391730 0.1061272 0.1211600 0.1464005 0.1441399 0.1791552 0.1061241 0.0984382 0.1746632 0.0900031 0.1704759 0.1048848 0.1224554 0.1097687 0.1435106 0.1311318 0.1155873 0.1621829 0.1121684 0.1215847 0.1046208 0.0689053 0.0659212 0.0841701 0.0457486 0.0742683 0.1359872 0.1240354 0.1121459 0.1654101 0.1142925 0.0844849 0.0870785 0.1131402 0.1271130 0.1095945 0.1556969 0.1001098 0.1151188 0.0915846 0.0701362 0.1179348 0.0851419 0.1054631 0.0831483 0.1181812 0.1203539 0.0860743 0.1313723 0.0610030 0.1048835 0.0697825 0.0971367 0.1056168 0.1143351 0.0934091 0.1091988 0.1044762 0.1497726 0.0728281 0.1000261 0.1052795 0.0874298 
S0412sl    0.0798508 0.1269132 0.0852401 0.0000010 0.1738769 0.1134626 0.1045862 0.0523460 0.1491439 0.1461942 0.1447295 0.1238687 0.0787759 0.0000010 0.0843145 0.0763509 0.1566751 0.0000000 0.1368784 0.0990356 0.0989751 0.1052976 0.1287352 0.1448796 0.1432811 0.1000690 0.1670145 0.1392937 0.0780721 0.0843155 0.1596160 0.1222378 0.0602695 0.0000010 0.1076812 0.1294803 0.1341792 0.0589358 0.1474687 0.1355442 0.0787796 0.0989037 0.0843645 0.0914977 0.0980249 0.0989008 0.1018688 0.1343197 0.1230929 0.1228948 0.1273296 0.0924405 0.1418507 0.1135128 0.1226218 0.1055727 0.1271169 0.1244232 0.1542561 0.1390092 0.1634994 0.1112497 0.1074849 0.1910271 0.0991869 0.1744140 0.0000010 0.1190348 0.0980905 0.1390092 0.0660757 0.1229535 0.1744140 0.0781196 0.0595980 0.0861153 0.1431835 0.1210701 0.1203704 0.1191358 0.1535712 0.1406266 0.1286953 0.0781196 0.1651829 0.0929658 0.0941502 0.0438542 0.0722974 0.0674185 0.1359180 0.1231008 0.1121656 0.1218502 0.0990665 0.1849230 0.0602796 0.0914977 0.1121136 0.0980379 0.0725516 0.1020880 0.0681185 0.0717150 0.1123054 0.0712753 0.1343948 0.0531761 0.0795807 0.0537047 0.1065211 0.0851716 0.0922832 0.1275460 0.0646612 0.0728345 0.0794275 0.0716990 
S0417      0.0845225 0.0856231 0.1004914 0.0887150 0.0749784 0.0925722 0.1385478 0.0587984 0.0865110 0.1069162 0.1002597 0.0413857 0.0881301 0.0895166 0.0973695 0.0880194 0.0459511 0.1368784 0.0000000 0.0807508 0.0874195 0.0324030 0.0968453 0.0644518 0.1202793 0.1249628 0.1494961 0.0696853 0.1287200 0.0944200 0.0672617 0.0753970 0.1026263 0.1000513 0.0724656 0.1031119 0.1581477 0.1100030 0.1071288 0.1084510 0.1037681 0.0807375 0.1004308 0.0747862 0.0718075 0.1052070 0.0674463 0.0448424 0.1177243 0.0614779 0.0505648 0.0877761 0.1146227 0.1012477 0.1112114 0.1086414 0.0933311 0.1652373 0.1248527 0.1253840 0.1515221 0.1130913 0.1113966 0.1585798 0.0776857 0.1479113 0.0745657 0.1063212 0.0969455 0.1250208 0.1092079 0.0967856 0.1265423 0.0911179 0.1065975 0.0838084 0.0419281 0.0585034 0.0672625 0.0477725 0.0555945 0.1049901 0.0972896 0.0939834 0.1325679 0.0791281 0.0629809 0.0752245 0.0920340 0.1004850 0.0972653 0.1220118 0.0717927 0.0902854 0.0726597 0.0555738 0.1006796 0.0717800 0.0850991 0.0814287 0.1008042 0.0935349 0.0556601 0.1032367 0.0610685 0.0852575 0.0586257 0.1037630 0.0764406 0.0760364 0.0786227 0.0941398 0.0787842 0.1250056 0.0663833 0.0668554 0.0935971 0.0789574 
S0419      0.0630425 0.0650581 0.0843380 0.0947721 0.1173759 0.0663000 0.0998835 0.0500725 0.1039570 0.1001097 0.1065400 0.0718298 0.0639782 0.0673246 0.0813906 0.0687225 0.0904592 0.0990356 0.0807508 0.0000000 0.0640147 0.0498485 0.0970812 0.0694636 0.0992454 0.1003655 0.1462309 0.0943207 0.0953208 0.0785872 0.0895788 0.0810233 0.0797176 0.0822562 0.0374105 0.1033440 0.1259538 0.0972351 0.1073938 0.0751436 0.0788968 0.0134526 0.0842876 0.0088688 0.0110904 0.0820946 0.0376370 0.0656664 0.1220154 0.0693893 0.0719851 0.0637449 0.0900918 0.0786581 0.0877726 0.1003282 0.0587275 0.1285272 0.0997270 0.1266292 0.1316628 0.1021811 0.0821345 0.1353356 0.0111410 0.1248720 0.0813999 0.0807026 0.0749265 0.1262589 0.0784588 0.0720017 0.1077135 0.0810914 0.0759577 0.0551366 0.0913652 0.0782111 0.0811963 0.0630819 0.1041725 0.1019833 0.1035227 0.0810914 0.1371909 0.0579313 0.0434008 0.0654099 0.0759198 0.0815328 0.0806053 0.0948834 0.0808370 0.0640323 0.0555927 0.1080932 0.0760436 0.0066083 0.0511128 0.0752371 0.0845912 0.0636957 0.0440155 0.0841083 0.0836288 0.0608968 0.0777688 0.0838846 0.0532855 0.0608516 0.0758880 0.0667713 0.0555390 0.0995283 0.0258388 0.0518136 0.0752018 0.0453568 
S0427      0.0657039 0.0723548 0.0721128 0.0939180 0.1240987 0.0698561 0.1297616 0.0385451 0.1215473 0.1243150 0.1161854 0.0880059 0.0756391 0.0428776 0.0692975 0.0628740 0.1022982 0.0989751 0.0874195 0.0640147 0.0000000 0.0924106 0.1125676 0.0900444 0.1123874 0.0909272 0.1552126 0.1082762 0.0919692 0.0666052 0.1004521 0.0841274 0.0705729 0.0610669 0.0722580 0.1160485 0.1355004 0.0872332 0.1202443 0.0922520 0.0695557 0.0640042 0.0720700 0.0583835 0.0581722 0.0844544 0.0618121 0.0724300 0.1366041 0.0785555 0.0790619 0.0753572 0.1226017 0.0873990 0.1004985 0.0871207 0.0863531 0.1275341 0.1172755 0.1449577 0.1539824 0.0956641 0.0732240 0.1560968 0.0611326 0.1487647 0.0826265 0.0865950 0.0807922 0.1445209 0.0719118 0.0668929 0.1272703 0.0690495 0.0694573 0.0610612 0.0953981 0.0877397 0.0843510 0.0724579 0.0986685 0.1158863 0.1099576 0.0690495 0.1526638 0.0643860 0.0465349 0.0567432 0.0616122 0.0635411 0.0726109 0.0852630 0.0817107 0.0675077 0.0615829 0.1155562 0.0641281 0.0555598 0.0783187 0.0748934 0.0723227 0.0639990 0.0524920 0.0719206 0.0905233 0.0605822 0.0780334 0.0869738 0.0564608 0.0668642 0.0754986 0.0813923 0.0701000 0.1128993 0.0443235 0.0577526 0.0471280 0.0615394 
S0428sl    0.0938237 0.1166501 0.0864229 0.0000010 0.0823393 0.0762928 0.1075031 0.0640123 0.0813902 0.1208457 0.1196271 0.0446880 0.0846417 0.0000010 0.0854054 0.0550449 0.0624477 0.1052976 0.0324030 0.0498485 0.0924106 0.0000000 0.1042193 0.0636874 0.1313190 0.1176649 0.1341251 0.0840789 0.1063121 0.0854065 0.0699295 0.0583583 0.0946708 0.0000010 0.0568181 0.1048223 0.1634647 0.0854673 0.1219117 0.1134347 0.0931568 0.0497802 0.0854604 0.0435142 0.0493595 0.0923817 0.0579277 0.0321098 0.1199243 0.0574756 0.0265763 0.0574442 0.1172255 0.1149261 0.1253086 0.1448008 0.1054003 0.1215313 0.1379148 0.1285458 0.1283763 0.1054232 0.0942105 0.1358244 0.0499182 0.1208215 0.0000010 0.1041217 0.0984408 0.1285458 0.0855668 0.0912832 0.1208215 0.0786777 0.0780531 0.0507479 0.0498238 0.0568254 0.0636306 0.0268375 0.0692384 0.1006796 0.1041874 0.0786777 0.1531149 0.0845638 0.0511374 0.0479072 0.0723621 0.1017114 0.0904985 0.1438752 0.0756488 0.0771695 0.0629825 0.0755909 0.0790458 0.0435142 0.0905685 0.0637540 0.0796342 0.0779603 0.0526638 0.0992651 0.0628953 0.0845023 0.0384926 0.0578604 0.0708399 0.0575189 0.0714030 0.0765107 0.0506535 0.1225415 0.0347022 0.0718603 0.0579073 0.0388519 
S0430      0.1043860 0.0926956 0.1203400 0.0079308 0.1409998 0.1126785 0.1678074 0.0945538 0.1437233 0.0480762 0.0065672 0.1103066 0.1051754 0.1016456 0.1202556 0.1140541 0.1231803 0.1287352 0.0968453 0.0970812 0.1125676 0.1042193 0.0000000 0.1240692 0.1175783 0.1340222 0.0927432 0.1234429 0.1402837 0.1203585 0.1206636 0.0934337 0.1051456 0.1068720 0.0971810 0.0065614 0.1175504 0.1318058 0.0066107 0.1089676 0.1207513 0.0970649 0.1129542 0.0906901 0.0903235 0.0970044 0.0830821 0.1023986 0.0782663 0.0846702 0.1131462 0.0874772 0.0371153 0.0948999 0.1117164 0.1510374 0.1176804 0.1344245 0.1220757 0.0813133 0.0830421 0.1239724 0.1110221 0.1343136 0.0937852 0.1306964 0.1055513 0.1059333 0.1198973 0.0810930 0.1232286 0.0972120 0.1168201 0.1165881 0.1162729 0.1003511 0.1170810 0.0904233 0.0935482 0.1095056 0.1073636 0.0655085 0.0087864 0.1197834 0.0881546 0.1045898 0.0873524 0.1000116 0.1174030 0.1101029 0.1200995 0.1324276 0.1202517 0.1003444 0.0973430 0.1355607 0.1113482 0.0874546 0.1084289 0.0998957 0.1207288 0.1099390 0.0733303 0.1232468 0.1037232 0.0987301 0.1125844 0.0995415 0.0987597 0.0943322 0.0931240 0.0879110 0.0785208 0.1354722 0.0758777 0.0789846 0.1100373 0.0758720 
S0478      0.0969219 0.1043260 0.1040201 0.1070305 0.1189638 0.0837296 0.1220244 0.0685342 0.1113499 0.1253207 0.1278813 0.0468444 0.0899787 0.0939520 0.1008559 0.0910729 0.0793517 0.1448796 0.0644518 0.0694636 0.0900444 0.0636874 0.1240692 0.0000000 0.1230777 0.1203841 0.1741495 0.0933613 0.1188626 0.0978707 0.0821462 0.0785957 0.1015135 0.0991937 0.0695193 0.1309085 0.1464907 0.1136771 0.1355255 0.0999568 0.1004434 0.0694522 0.1039571 0.0637271 0.0661913 0.1140839 0.0669848 0.0609946 0.1511424 0.0635104 0.0645139 0.1020900 0.1193818 0.1100894 0.1170706 0.1234515 0.1117262 0.1398313 0.1119321 0.1599279 0.1644169 0.1198833 0.1131801 0.1499759 0.0665234 0.1396023 0.0958095 0.1150756 0.1055317 0.1594358 0.1006481 0.0920410 0.1181180 0.0945162 0.0980460 0.0745643 0.0747974 0.0663502 0.0753483 0.0588725 0.0966048 0.1266495 0.1246647 0.1004697 0.1680306 0.0839001 0.0571462 0.0778603 0.0950606 0.1040141 0.1019853 0.1162805 0.0749039 0.0871336 0.0724225 0.0965637 0.0981636 0.0608456 0.1001739 0.0847198 0.1043468 0.0895771 0.0637436 0.1098171 0.0727314 0.0758317 0.0696711 0.1094889 0.0756095 0.0835767 0.0812438 0.0908521 0.0927650 0.1214194 0.0628769 0.0722743 0.0874785 0.0814947 
S0552sl    0.0827567 0.0955381 0.1120490 0.1044847 0.1390307 0.1097475 0.1713733 0.0709513 0.1498731 0.1306617 0.1212911 0.1167961 0.0993800 0.0879360 0.1058841 0.0995348 0.1325093 0.1432811 0.1202793 0.0992454 0.1123874 0.1313190 0.1175783 0.1230777 0.0000000 0.1019111 0.1741074 0.1354414 0.1313106 0.1089405 0.1165662 0.1153262 0.0852717 0.0916280 0.0906060 0.1243233 0.1346430 0.1230143 0.1249370 0.1039587 0.1092848 0.0992288 0.1119821 0.0928585 0.0896581 0.0787727 0.0764439 0.1115997 0.1332481 0.1032217 0.1120618 0.0866797 0.1224739 0.0555880 0.0274473 0.1371642 0.1025423 0.1378570 0.1176129 0.1601277 0.1642539 0.0898477 0.0848613 0.1665026 0.0959502 0.1556053 0.1127605 0.0747215 0.1025337 0.1596345 0.0987901 0.1093062 0.1339041 0.1084325 0.1030552 0.0994756 0.1255489 0.1132584 0.1093399 0.1096162 0.1217487 0.1266326 0.1245197 0.1084325 0.1478878 0.1018852 0.0900504 0.0918720 0.1030176 0.1131851 0.1265104 0.1202582 0.1223872 0.1024832 0.1003985 0.1238925 0.0972047 0.0896226 0.0970947 0.1160054 0.1124016 0.1192225 0.0607079 0.1117351 0.1129407 0.0879786 0.1263338 0.1054749 0.0874287 0.0898724 0.1129218 0.0724059 0.0870049 0.0976237 0.0781389 0.0657887 0.0939688 0.0807543 
S0558      0.0755812 0.0868630 0.0914136 0.1148685 0.1510524 0.0882596 0.1170754 0.0480080 0.1504482 0.1538445 0.1379604 0.1203789 0.0937402 0.0927833 0.0883702 0.0754077 0.1387770 0.1000690 0.1249628 0.1003655 0.0909272 0.1176649 0.1340222 0.1203841 0.1019111 0.0000000 0.1910526 0.1364813 0.1035737 0.0884448 0.1276063 0.0967395 0.0489239 0.0773140 0.0887156 0.1410689 0.1260472 0.0704211 0.1417765 0.1113817 0.0887167 0.1033793 0.0913584 0.0968656 0.0935911 0.0990619 0.0744598 0.1128611 0.1600787 0.0887266 0.1177461 0.0964168 0.1291553 0.0897690 0.0924877 0.1148883 0.0997867 0.1269275 0.1285372 0.1569637 0.1721583 0.1055914 0.0908078 0.1270937 0.1000243 0.1172179 0.0758414 0.1021586 0.1088332 0.1564813 0.0874897 0.0815596 0.1000358 0.0850926 0.0885628 0.0930898 0.1434676 0.1014585 0.0978254 0.1160869 0.1264065 0.1416304 0.1346719 0.0880384 0.1702837 0.1000829 0.0662262 0.0688260 0.0827487 0.0893163 0.0941971 0.1080938 0.1206741 0.0844579 0.0823177 0.1521863 0.0799578 0.0935536 0.0914199 0.0972965 0.0916944 0.0942914 0.0694688 0.0853528 0.1381615 0.0677042 0.1181460 0.0670636 0.0791261 0.0901023 0.0819021 0.0893498 0.0909072 0.1077650 0.0638621 0.0714645 0.0964651 0.0816462 
S0616      0.1566506 0.1400359 0.1557180 0.1091301 0.1927309 0.1570015 0.2098785 0.1268803 0.2103232 0.0908358 0.1019701 0.1624011 0.1561073 0.1478531 0.1661625 0.1449898 0.1791281 0.1670145 0.1494961 0.1462309 0.1552126 0.1341251 0.0927432 0.1741495 0.1741074 0.1910526 0.0000000 0.1720853 0.1691379 0.1663067 0.1675228 0.1534341 0.1453867 0.1575336 0.1392544 0.0872215 0.2041278 0.1634627 0.1027733 0.1460070 0.1740048 0.1416285 0.1661849 0.1387921 0.1415657 0.1245941 0.1275007 0.1555706 0.0999948 0.1466469 0.1565064 0.1383299 0.0838345 0.1277502 0.1569739 0.2061334 0.1850863 0.2261361 0.1376997 0.1093942 0.1151149 0.1524055 0.1497039 0.1916489 0.1390963 0.1799993 0.1193858 0.1415641 0.1654819 0.1090835 0.1554362 0.1520658 0.1679022 0.1654762 0.1647975 0.1367361 0.1684755 0.1499110 0.1536749 0.1605927 0.1642677 0.0301013 0.1019422 0.1654762 0.1108912 0.1623248 0.1297603 0.1442078 0.1526953 0.1579586 0.1586864 0.1769765 0.1487694 0.1535019 0.1432823 0.1923152 0.1626051 0.1349790 0.1707620 0.1476050 0.1626177 0.1481937 0.1117642 0.1765568 0.1458805 0.1393180 0.1727103 0.1536427 0.1489112 0.1432334 0.1442619 0.1325231 0.1279455 0.1762997 0.1169626 0.1212295 0.1375746 0.1094549 
S0624      0.1027168 0.1006227 0.1159452 0.1020808 0.0812107 0.1065736 0.1561004 0.0775833 0.0774717 0.1246481 0.1271490 0.0662676 0.1022010 0.0873929 0.1126938 0.1026016 0.0694650 0.1392937 0.0696853 0.0943207 0.1082762 0.0840789 0.1234429 0.0933613 0.1354414 0.1364813 0.1720853 0.0000000 0.1386371 0.1096403 0.0478823 0.0991070 0.1175394 0.1136643 0.0831143 0.1263489 0.1598443 0.1369650 0.1345778 0.1209452 0.1193778 0.0943738 0.1158756 0.0909899 0.0935275 0.1263652 0.0864474 0.0683127 0.1433089 0.0953679 0.0719528 0.1047221 0.1219978 0.1220931 0.1261733 0.1495464 0.0927099 0.1441542 0.1366677 0.1484307 0.1746388 0.1355968 0.1263739 0.1757529 0.0940105 0.1646835 0.0823276 0.1303126 0.1015164 0.1479900 0.1187063 0.1080929 0.1428377 0.1061666 0.1119031 0.0917905 0.0659370 0.1050064 0.1082625 0.0609137 0.0748885 0.1291909 0.1240198 0.1061529 0.1593922 0.0987546 0.0795594 0.0895173 0.1067488 0.1006967 0.1208025 0.1319844 0.1018069 0.1043099 0.0861180 0.0876091 0.1100290 0.0878310 0.0848435 0.1026053 0.1163142 0.1047300 0.0808014 0.1156176 0.0724973 0.1032295 0.0805261 0.0941604 0.0959905 0.0926079 0.0967269 0.1053271 0.0953583 0.1370566 0.0796508 0.0864329 0.1027105 0.0955678 
S0641      0.0624710 0.1041742 0.0547166 0.1173797 0.1545084 0.0937715 0.0774522 0.0468233 0.1600290 0.1391086 0.1442896 0.1198987 0.0927423 0.0784313 0.0520974 0.0432894 0.1422462 0.0780721 0.1287200 0.0953208 0.0919692 0.1063121 0.1402837 0.1188626 0.1313106 0.1035737 0.1691379 0.1386371 0.0000000 0.0470865 0.1313303 0.1090644 0.0626212 0.0562796 0.0959020 0.1407146 0.1302147 0.0959639 0.1523067 0.1069513 0.0548549 0.0953750 0.0546846 0.0927468 0.0953330 0.1139535 0.0852489 0.1085011 0.1485993 0.1027569 0.1194410 0.0923120 0.1214660 0.1181653 0.1252542 0.0949893 0.1269622 0.1451985 0.1203515 0.1530208 0.1716957 0.1186685 0.1079427 0.1655664 0.0958346 0.1472515 0.0929526 0.1231234 0.0995832 0.1567585 0.0601407 0.0834527 0.1285970 0.0519192 0.0629863 0.0870898 0.1340004 0.1132391 0.1094603 0.1146376 0.1508996 0.1321075 0.1409654 0.0519192 0.1581585 0.1057223 0.0690982 0.0454820 0.0473646 0.0667872 0.1128123 0.0755449 0.1120147 0.0878048 0.0820195 0.1624949 0.0578139 0.0895152 0.1182382 0.0989266 0.0523164 0.0816969 0.0842698 0.0545703 0.1397629 0.0388624 0.1250758 0.0834263 0.0910429 0.0862879 0.0938380 0.0899883 0.0889812 0.1426659 0.0751549 0.0865898 0.0802951 0.0751093 
S0643      0.0513418 0.0889474 0.0110975 0.0894123 0.1214035 0.0819179 0.0361682 0.0302937 0.1327386 0.1311954 0.1241109 0.0947864 0.0788512 0.0485864 0.0088383 0.0091135 0.1174917 0.0843155 0.0944200 0.0785872 0.0666052 0.0854065 0.1203585 0.0978707 0.1089405 0.0884448 0.1663067 0.1096403 0.0470865 0.0000000 0.0999755 0.0787437 0.0438503 0.0163099 0.0787614 0.1207188 0.1178334 0.0674034 0.1316381 0.0834453 0.0273059 0.0785742 0.0110910 0.0726207 0.0751374 0.0964381 0.0680677 0.0760816 0.1295686 0.0820247 0.0828470 0.0750966 0.1127183 0.0936659 0.1062460 0.0701511 0.1020376 0.1294796 0.1019664 0.1402844 0.1616890 0.1011669 0.0906261 0.1485291 0.0755225 0.1380826 0.0758770 0.0985561 0.0875558 0.1439198 0.0446585 0.0844710 0.1132152 0.0088103 0.0423145 0.0727176 0.1055148 0.0917706 0.0853358 0.0817495 0.1150615 0.1293498 0.1209323 0.0088103 0.1452310 0.0847543 0.0521939 0.0090094 0.0089224 0.0477706 0.1002859 0.0590032 0.0907188 0.0761464 0.0705393 0.1192044 0.0346936 0.0696158 0.0936918 0.0785300 0.0111266 0.0820659 0.0612080 0.0295422 0.1012516 0.0361801 0.0882744 0.0639802 0.0736132 0.0726737 0.0848692 0.0811065 0.0665555 0.1144048 0.0554359 0.0635400 0.0636972 0.0586642 
S0645sl    0.0968287 0.1017337 0.1061070 0.1037604 0.0558953 0.1046844 0.1432345 0.0787457 0.0635811 0.1186663 0.1243456 0.0577406 0.1062985 0.1064600 0.1029508 0.0897794 0.0385365 0.1596160 0.0672617 0.0895788 0.1004521 0.0699295 0.1206636 0.0821462 0.1165662 0.1276063 0.1675228 0.0478823 0.1313303 0.0999755 0.0000000 0.0841356 0.1073444 0.1045951 0.0840238 0.1241069 0.1525289 0.1338608 0.1317289 0.1050348 0.1063545 0.0953869 0.1060434 0.0891392 0.0916965 0.1160248 0.0816464 0.0669123 0.1404586 0.0775659 0.0672269 0.1020190 0.1161521 0.1160818 0.1006194 0.1341143 0.1035415 0.1454115 0.1282746 0.1455332 0.1630966 0.1187544 0.1037503 0.1656132 0.0921737 0.1589635 0.0654975 0.1138737 0.0966862 0.1451012 0.1127640 0.1052875 0.1371610 0.0966244 0.1101357 0.0927849 0.0556179 0.0869807 0.0900562 0.0593965 0.0605701 0.1183088 0.1212275 0.1025589 0.1564437 0.0961059 0.0804280 0.0835194 0.1001706 0.1110763 0.1189555 0.1279521 0.0991998 0.1016177 0.0870450 0.0536829 0.1041532 0.0859689 0.0887248 0.0903605 0.1064386 0.1088913 0.0788097 0.1027774 0.0529559 0.0964801 0.0792828 0.0884962 0.0875408 0.0995232 0.0817712 0.0899259 0.0927017 0.1353804 0.0780209 0.0844774 0.0999926 0.0871297 
S0673      0.0752400 0.0854874 0.0816077 0.0715334 0.1085332 0.0752156 0.1005279 0.0627279 0.1203813 0.0972641 0.0967932 0.0787682 0.0847158 0.0733016 0.0786781 0.0660304 0.0882350 0.1222378 0.0753970 0.0810233 0.0841274 0.0583583 0.0934337 0.0785957 0.1153262 0.0967395 0.1534341 0.0991070 0.1090644 0.0787437 0.0841356 0.0000000 0.0826980 0.0872014 0.0725592 0.0995955 0.1576818 0.1113605 0.0975569 0.0959150 0.0904166 0.0782302 0.0815587 0.0778228 0.0803451 0.1006069 0.0732027 0.0695550 0.1123446 0.0253896 0.0760923 0.0780616 0.0960302 0.0997855 0.1095803 0.1233676 0.1023796 0.1510870 0.1143037 0.1231734 0.1407362 0.1185333 0.1035858 0.1627220 0.0807578 0.1518997 0.0645281 0.1017669 0.0964386 0.1228151 0.0848821 0.0749890 0.1303355 0.0783893 0.0939509 0.0750953 0.0923891 0.0277757 0.0302536 0.0729481 0.1015042 0.1115193 0.0997789 0.0783893 0.1270238 0.0815190 0.0575201 0.0682316 0.0763654 0.0968979 0.0959796 0.1175890 0.0837498 0.0750985 0.0723251 0.1145657 0.0817615 0.0747747 0.0970018 0.0229164 0.0762058 0.0812565 0.0613549 0.0928324 0.0788670 0.0788316 0.0758127 0.0818271 0.0704619 0.0756278 0.0398881 0.0784919 0.0727843 0.1274293 0.0578350 0.0664824 0.0753409 0.0641599 
S0689      0.0529158 0.0815538 0.0438615 0.0837747 0.1306419 0.0622260 0.0680998 0.0254767 0.1372945 0.1259460 0.1087282 0.1093525 0.0701924 0.0443562 0.0438138 0.0396376 0.1316714 0.0602695 0.1026263 0.0797176 0.0705729 0.0946708 0.1051456 0.1015135 0.0852717 0.0489239 0.1453867 0.1175394 0.0626212 0.0438503 0.1073444 0.0826980 0.0000000 0.0253788 0.0769953 0.1023925 0.1095045 0.0514661 0.1159304 0.0785382 0.0518442 0.0797042 0.0438347 0.0736533 0.0733922 0.0851275 0.0549537 0.0857487 0.1259369 0.0686026 0.0890783 0.0705294 0.1043601 0.0729366 0.0847681 0.0752776 0.0878977 0.1187952 0.0930395 0.1442508 0.1520691 0.0873812 0.0787911 0.1226147 0.0766017 0.1127261 0.0754273 0.0844182 0.0703331 0.1438092 0.0542217 0.0620734 0.0954260 0.0385395 0.0515438 0.0616488 0.1172533 0.0834100 0.0771210 0.0916338 0.1176948 0.1137018 0.1056417 0.0436600 0.1383319 0.0738390 0.0390361 0.0286820 0.0413309 0.0599997 0.0735006 0.0781693 0.0827933 0.0594807 0.0541191 0.1284165 0.0518290 0.0705989 0.0794952 0.0767775 0.0439869 0.0650983 0.0498479 0.0542284 0.1016736 0.0318735 0.0945946 0.0536509 0.0596762 0.0586455 0.0739280 0.0669026 0.0652716 0.0890998 0.0449456 0.0496300 0.0594089 0.0514502 
