88
S0055      0.0000000 0.0740505 0.0474548 0.1042324 0.0435806 0.0867956 0.0999176 0.0973393 0.0490565 0.0391336 0.0555878 0.0638622 0.0991814 0.0764689 0.0904655 0.0820667 0.0467169 0.0433411 0.1366536 0.0597524 0.0377047 0.0847447 0.1314633 0.0693658 0.1395308 0.0512150 0.0852041 0.0757679 0.1125218 0.1320309 0.0592219 0.1041458 0.0765468 0.0897763 0.1009642 0.1439369 0.0590375 0.0555667 0.2144984 0.0757679 0.2330853 0.0636549 0.0867363 0.0686092 0.0828679 0.0394292 0.0590006 0.0725981 0.0948730 0.1297504 0.1364945 0.0706086 0.0427627 0.1146551 0.0916103 0.0856724 0.0394292 0.0507388 0.0251162 0.0909049 0.0519329 0.1035069 0.0692900 0.0949326 0.0709810 0.0638168 0.0800832 0.0852964 0.1539599 0.0354097 0.0965448 0.0817789 0.0594846 0.1544259 0.0551839 0.1430280 0.0514469 0.0690913 0.1000138 0.0907373 0.0951387 0.0765325 0.0765791 0.0946610 0.0713072 0.0812743 0.0671984 0.0856341 
S0196sl    0.0740505 0.0000000 0.0654137 0.1109177 0.0609470 0.1116194 0.0939982 0.1166040 0.0688753 0.0512085 0.0608097 0.0833616 0.0997695 0.0636627 0.0654671 0.0802775 0.0557398 0.0560730 0.1412636 0.0790981 0.0555409 0.0186820 0.1388846 0.0811971 0.1479161 0.0600840 0.0740204 0.0000010 0.1082451 0.1363238 0.0511630 0.0792359 0.0860953 0.0518585 0.0766222 0.1319156 0.0509969 0.0516148 0.1761793 0.0000010 0.1881943 0.0471652 0.0433024 0.0801882 0.0434819 0.0516405 0.0599346 0.0429389 0.0953180 0.1321904 0.1287701 0.0809477 0.0512794 0.1195493 0.0611454 0.0556298 0.0516405 0.0643184 0.0614650 0.0474064 0.0617904 0.1221723 0.0434945 0.0514691 0.0826817 0.0649388 0.0036304 0.0475360 0.1200726 0.0512085 0.0522278 0.0471174 0.0744342 0.1549149 0.0652396 0.1486103 0.0519860 0.0761542 0.0559272 0.0516457 0.0996335 0.0558365 0.0511998 0.0649925 0.0382790 0.0429965 0.0598126 0.0600872 
S0282      0.0474548 0.0654137 0.0000000 0.1057090 0.0247910 0.0970653 0.0945803 0.1048868 0.0532227 0.0172319 0.0322844 0.0718973 0.0946845 0.0804783 0.0813151 0.0761241 0.0243719 0.0209860 0.1316974 0.0636274 0.0222748 0.0761904 0.1244265 0.0691456 0.1321162 0.0283315 0.0808762 0.0674391 0.1077410 0.1324229 0.0551901 0.0995983 0.0838866 0.0909327 0.0920098 0.1365944 0.0550206 0.0556458 0.1935756 0.0674391 0.1971050 0.0595557 0.0823079 0.0552957 0.0784528 0.0173553 0.0357065 0.0683709 0.0904073 0.1239449 0.1315545 0.0710629 0.0207202 0.0999029 0.0963841 0.0902712 0.0173553 0.0280839 0.0366276 0.0864551 0.0479276 0.0873723 0.0736914 0.0904638 0.0619841 0.0436152 0.0716602 0.0863743 0.1385436 0.0172319 0.0919883 0.0858825 0.0318015 0.1436111 0.0516709 0.1336944 0.0284570 0.0596850 0.0954774 0.0862892 0.0897894 0.0593206 0.0723284 0.0902125 0.0671669 0.0769574 0.0710847 0.0812758 
S0289      0.1042324 0.1109177 0.1057090 0.0000000 0.1123775 0.1449810 0.0650160 0.1309490 0.1203213 0.0913901 0.1224588 0.1225541 0.0390963 0.1301046 0.1265475 0.1338166 0.1059082 0.1065686 0.0846990 0.1026877 0.1028866 0.1251566 0.1632784 0.1255445 0.1639565 0.1117749 0.1258115 0.1146938 0.0685984 0.0729509 0.0958891 0.1218837 0.1270032 0.1486539 0.1129021 0.1711789 0.0955393 0.0967375 0.2144312 0.1146938 0.2264795 0.0965369 0.1178324 0.1320285 0.1222035 0.1016350 0.1060792 0.1117116 0.0430451 0.0856815 0.0644918 0.1222206 0.1008312 0.1485341 0.1420834 0.1347171 0.1016350 0.1152121 0.0845485 0.1307664 0.1071359 0.0491281 0.1165022 0.1248609 0.0434057 0.0971218 0.1196392 0.1432056 0.1120862 0.0961516 0.1321710 0.1267035 0.1100794 0.0776083 0.1228836 0.0819350 0.1072075 0.1175155 0.1487825 0.1436451 0.0701484 0.1093972 0.1062582 0.1477217 0.1141557 0.1265732 0.1235679 0.1266067 
S0293      0.0435806 0.0609470 0.0247910 0.1123775 0.0000000 0.0971903 0.1083521 0.1065083 0.0533410 0.0137259 0.0285595 0.0720252 0.1008992 0.0806072 0.0716990 0.0774205 0.0207974 0.0174113 0.1392843 0.0637514 0.0184753 0.0719457 0.1370140 0.0735250 0.1453146 0.0246734 0.0711054 0.0633288 0.1145983 0.1321853 0.0553064 0.0889015 0.0840515 0.0864055 0.0969109 0.1445897 0.0551364 0.0428213 0.2183951 0.0633288 0.2218297 0.0596768 0.0824396 0.0599683 0.0785855 0.0138244 0.0319801 0.0684987 0.0965047 0.1369904 0.1391127 0.0711966 0.0171924 0.1052051 0.0965095 0.0903985 0.0138244 0.0244608 0.0406043 0.0865852 0.0480370 0.1013102 0.0688333 0.0905914 0.0740082 0.0397756 0.0674925 0.0819157 0.1356168 0.0137259 0.0921170 0.0860117 0.0322278 0.1575330 0.0517844 0.1334489 0.0172170 0.0649866 0.0956023 0.0910848 0.1015295 0.0639488 0.0724571 0.0813925 0.0672919 0.0726579 0.0712109 0.0814058 
S0294      0.0867956 0.1116194 0.0970653 0.1449810 0.0971903 0.0000000 0.1232219 0.1482111 0.0779803 0.0863737 0.1067397 0.1020565 0.1281748 0.1123181 0.0955904 0.1236245 0.0952116 0.0917964 0.1770716 0.0877171 0.0878100 0.1164302 0.1492850 0.0985302 0.1585071 0.1012288 0.1030981 0.1061871 0.1499242 0.1556094 0.0876742 0.1188606 0.0626795 0.1124264 0.1288715 0.1422582 0.0873615 0.0884474 0.2559659 0.1061871 0.2316406 0.0927951 0.1291107 0.1228537 0.1133962 0.0871178 0.0906865 0.1020230 0.1336458 0.1468761 0.1538258 0.0964105 0.0818959 0.1162677 0.1325178 0.1159446 0.0871178 0.1001224 0.0714164 0.1286454 0.1076926 0.1394797 0.0937341 0.1137929 0.0871467 0.1021445 0.1063775 0.1074862 0.1670802 0.0820050 0.1407138 0.1043862 0.1112387 0.1859176 0.1021660 0.1799442 0.0923140 0.0885461 0.1299424 0.1199408 0.1312014 0.1073793 0.1025814 0.1259178 0.0877732 0.1128777 0.0837290 0.1081517 
S0299      0.0999176 0.0939982 0.0945803 0.0650160 0.1083521 0.1232219 0.0000000 0.1102536 0.1057032 0.0876227 0.1135532 0.1083479 0.0429244 0.1181123 0.1081162 0.1220543 0.1001558 0.0951344 0.0481890 0.0909817 0.0997115 0.1006197 0.1430351 0.0845689 0.1368435 0.0935692 0.1010702 0.0939982 0.0335500 0.0549022 0.0819382 0.1213815 0.1036404 0.1134949 0.1048397 0.1331999 0.0815687 0.0828689 0.1870501 0.0939982 0.1923239 0.0825013 0.0961289 0.0943344 0.0876654 0.0946689 0.0997380 0.0838035 0.0284108 0.0441840 0.0336640 0.1014142 0.0937209 0.1219291 0.0954140 0.1060586 0.0946689 0.1120685 0.0822762 0.1072050 0.0773728 0.0433039 0.1019783 0.1052923 0.0532262 0.1137818 0.1001053 0.1134949 0.0761735 0.0876227 0.0878646 0.1001540 0.0992839 0.0233126 0.1073843 0.0598953 0.0887370 0.1010858 0.0889184 0.0944463 0.0562479 0.0872668 0.0886835 0.1138248 0.1052417 0.1005158 0.1051892 0.1002914 
S0308      0.0973393 0.1166040 0.1048868 0.1309490 0.1065083 0.1482111 0.1102536 0.0000000 0.1308661 0.0999777 0.1054210 0.1359611 0.1053984 0.1249008 0.1257605 0.1466287 0.0956996 0.1057307 0.1371313 0.1259322 0.1081254 0.1293415 0.1114231 0.1341540 0.1069428 0.1155699 0.1162539 0.1138390 0.1030971 0.1157383 0.0866075 0.1318940 0.1300253 0.1429942 0.1388564 0.1033679 0.0863029 0.0827605 0.2608332 0.1138390 0.2658430 0.0872169 0.1156138 0.1156490 0.1161973 0.1008634 0.1058664 0.1207150 0.1011635 0.1250663 0.1421919 0.0736090 0.1000761 0.0936773 0.1203120 0.1144705 0.1008634 0.1046701 0.0846687 0.1156675 0.0875857 0.1109207 0.1065486 0.1246740 0.1010868 0.1143295 0.1187151 0.1376550 0.1780185 0.0999777 0.1145621 0.1162838 0.1029976 0.1542897 0.1099742 0.1315220 0.1161374 0.0977826 0.1316654 0.1317270 0.0881954 0.1092092 0.1158417 0.1263178 0.1043813 0.1154654 0.1185428 0.1316215 
S0376      0.0490565 0.0688753 0.0532227 0.1203213 0.0533410 0.0779803 0.1057032 0.1308661 0.0000000 0.0444165 0.0536028 0.0572981 0.1092972 0.0530208 0.0839061 0.0758861 0.0523511 0.0488739 0.1440813 0.0451907 0.0496138 0.0745022 0.1490096 0.0586059 0.1581200 0.0571390 0.0792641 0.0655505 0.1189125 0.1402838 0.0612859 0.1033995 0.0762591 0.0937247 0.0963604 0.1557613 0.0610878 0.0618102 0.1927705 0.0655505 0.1896548 0.0658915 0.0757785 0.0710428 0.0762536 0.0447665 0.0652795 0.0751859 0.1047021 0.1261679 0.1281409 0.0922662 0.0481931 0.1132512 0.0994352 0.0843151 0.0447665 0.0565826 0.0417823 0.0891775 0.0622574 0.1346193 0.0584070 0.0841716 0.0718844 0.0704105 0.0698710 0.0890279 0.1179501 0.0444165 0.0900345 0.0711494 0.0573367 0.1413162 0.0658387 0.1521068 0.0491107 0.0627646 0.0984708 0.0938205 0.1099732 0.0617389 0.0793038 0.0892695 0.0738007 0.0753933 0.0405526 0.0887095 
S0400      0.0391336 0.0512085 0.0172319 0.0913901 0.0137259 0.0863737 0.0876227 0.0999777 0.0444165 0.0000000 0.0208425 0.0625980 0.0810410 0.0708197 0.0717601 0.0676311 0.0135035 0.0101725 0.1161151 0.0546611 0.0107777 0.0625302 0.1144385 0.0638565 0.1217265 0.0171549 0.0711653 0.0543084 0.1026391 0.1269147 0.0465975 0.0889805 0.0713957 0.0762116 0.0763948 0.1308499 0.0464610 0.0469730 0.2001671 0.0543084 0.2036553 0.0507471 0.0723549 0.0550471 0.0686095 0.0067319 0.0170831 0.0591314 0.0769071 0.1238181 0.1160204 0.0613735 0.0100492 0.0936663 0.0857518 0.0800823 0.0067319 0.0170119 0.0323012 0.0763625 0.0395126 0.0821142 0.0641071 0.0802388 0.0615531 0.0243186 0.0582969 0.0719223 0.1330834 0.0066853 0.0815364 0.0674128 0.0243879 0.1327713 0.0431434 0.1281091 0.0172295 0.0556781 0.0849865 0.0806488 0.0900597 0.0548199 0.0629604 0.0800357 0.0581311 0.0673548 0.0619248 0.0714931 
S0405      0.0555878 0.0608097 0.0322844 0.1224588 0.0285595 0.1067397 0.1135532 0.1054210 0.0536028 0.0208425 0.0000000 0.0806554 0.1105081 0.0810309 0.0906864 0.0863183 0.0244148 0.0246791 0.1502066 0.0721801 0.0262048 0.0676581 0.1423034 0.0734533 0.1508140 0.0321251 0.0898903 0.0631987 0.1132725 0.1373119 0.0593804 0.1091575 0.0891882 0.0818572 0.1018787 0.1417931 0.0591949 0.0598727 0.1984701 0.0631987 0.2101176 0.0638254 0.0869695 0.0591338 0.0876421 0.0209934 0.0395816 0.0771264 0.1060205 0.1396260 0.1499932 0.0756887 0.0243620 0.1102296 0.1011607 0.0908954 0.0209934 0.0208425 0.0486072 0.0957510 0.0512853 0.1134093 0.0742106 0.0998164 0.0823876 0.0394267 0.0673545 0.0774283 0.1514306 0.0208425 0.1015334 0.0859515 0.0398947 0.1690610 0.0557815 0.1396755 0.0322689 0.0692795 0.0955403 0.0910235 0.1056365 0.0630657 0.0811477 0.0947809 0.0671546 0.0770304 0.0673089 0.0802318 
S0412sl    0.0638622 0.0833616 0.0718973 0.1225541 0.0720252 0.1020565 0.1083479 0.1359611 0.0572981 0.0625980 0.0806554 0.0000000 0.1099927 0.0762223 0.0993224 0.0722906 0.0706746 0.0673187 0.1451208 0.0509817 0.0627052 0.0838274 0.1588213 0.0515127 0.1680343 0.0758090 0.0892267 0.0841645 0.1200313 0.1459062 0.0586235 0.1133004 0.0775862 0.1044464 0.0999967 0.1646660 0.0670606 0.0678369 0.2419267 0.0841645 0.2381167 0.0718441 0.0956142 0.0949220 0.0917129 0.0630956 0.0754291 0.0810504 0.1014522 0.1381086 0.1392403 0.0985554 0.0663715 0.1299676 0.1102143 0.1036663 0.0630956 0.0750557 0.0567640 0.0998326 0.0769185 0.1251982 0.0822243 0.1039064 0.0725011 0.0806688 0.0885754 0.0997348 0.1576192 0.0545426 0.1057026 0.0808866 0.0847793 0.1637722 0.0808575 0.1575934 0.0676570 0.0646865 0.1091381 0.1045060 0.1165548 0.0762856 0.0850811 0.1130787 0.0795805 0.0899154 0.0753887 0.0943648 
S0417      0.0991814 0.0997695 0.0946845 0.0390963 0.1008992 0.1281748 0.0429244 0.1053984 0.1092972 0.0810410 0.1105081 0.1099927 0.0000000 0.1133532 0.1098538 0.1106673 0.0948753 0.0954458 0.0542122 0.1004948 0.0971595 0.0992401 0.1435565 0.1125587 0.1441522 0.1049410 0.1092355 0.0988587 0.0431716 0.0591625 0.0810575 0.1150851 0.1258318 0.1256176 0.1070675 0.1543572 0.0807809 0.0817529 0.2189307 0.0988587 0.2157227 0.0815869 0.1014177 0.1098940 0.1056349 0.0907407 0.0859125 0.0866067 0.0239643 0.0679465 0.0433067 0.1056721 0.0900596 0.1326228 0.1097916 0.0943611 0.0907407 0.1037887 0.0661348 0.1043163 0.0823624 0.0299638 0.0958482 0.1084139 0.0250902 0.0955697 0.0942737 0.1205553 0.0916223 0.0855788 0.1150483 0.1099413 0.0989104 0.0634880 0.1108579 0.0675855 0.0867789 0.1011710 0.1156201 0.1208010 0.0404043 0.0939187 0.0999871 0.1196355 0.0984192 0.1098343 0.1073748 0.1196684 
S0427      0.0764689 0.0636627 0.0804783 0.1301046 0.0806072 0.1123181 0.1181123 0.1249008 0.0530208 0.0708197 0.0810309 0.0762223 0.1133532 0.0000000 0.0712751 0.0823543 0.0752967 0.0757245 0.1474686 0.0678535 0.0761906 0.0744653 0.1417971 0.0778229 0.1502642 0.0844360 0.0631143 0.0659659 0.1277346 0.1534899 0.0505241 0.0850976 0.0888924 0.0844255 0.1049439 0.1423767 0.0503738 0.0509331 0.2108789 0.0659659 0.1999167 0.0547440 0.0761281 0.1001518 0.0559570 0.0713926 0.0716013 0.0547317 0.1089130 0.1458826 0.1391861 0.0828230 0.0709012 0.1138832 0.0852231 0.0671974 0.0713926 0.0835780 0.0607295 0.0715715 0.0817829 0.1402446 0.0435268 0.0753873 0.0933395 0.0894722 0.0700699 0.0800606 0.1262824 0.0708197 0.0723639 0.0677083 0.0936528 0.1658405 0.0896887 0.1430876 0.0761164 0.0775074 0.0804287 0.0668198 0.0986376 0.0588771 0.0585010 0.0984828 0.0617474 0.0673166 0.0620386 0.0710868 
S0552sl    0.0904655 0.0654671 0.0813151 0.1265475 0.0716990 0.0955904 0.1081162 0.1257605 0.0839061 0.0717601 0.0906864 0.0993224 0.1098538 0.0712751 0.0000000 0.0958174 0.0763058 0.0767454 0.1439203 0.0903535 0.0729251 0.0721066 0.1446195 0.0969151 0.1533580 0.0855895 0.0245899 0.0634718 0.1241075 0.1399814 0.0396441 0.0359848 0.0850251 0.0867168 0.1010230 0.1355091 0.0395292 0.0358005 0.2153825 0.0634718 0.1916853 0.0398390 0.0864037 0.1056421 0.0734321 0.0723489 0.0808423 0.0724996 0.1054064 0.1422017 0.1339670 0.0932411 0.0637782 0.1295097 0.1010280 0.0767045 0.0723489 0.0847067 0.0741465 0.0812840 0.0829193 0.1129910 0.0595969 0.0686063 0.0760937 0.0946578 0.0676435 0.0822108 0.1547335 0.0717601 0.0689942 0.0908164 0.0949513 0.1622043 0.0818585 0.1404146 0.0673592 0.0870035 0.1046429 0.0863777 0.1110535 0.0517766 0.0638315 0.1045232 0.0594880 0.0772472 0.0793094 0.0815060 
S0558      0.0820667 0.0802775 0.0761241 0.1338166 0.0774205 0.1236245 0.1220543 0.1466287 0.0758861 0.0676311 0.0863183 0.0722906 0.1106673 0.0823543 0.0958174 0.0000000 0.0759317 0.0725345 0.1460981 0.0639736 0.0728164 0.0769785 0.1614333 0.0738040 0.1709106 0.0812904 0.1044732 0.0855066 0.1259050 0.1581660 0.0811998 0.1142871 0.1092345 0.1157315 0.1226388 0.1909085 0.0809223 0.0818972 0.2304700 0.0855066 0.2479009 0.0817298 0.1010241 0.1060237 0.0970698 0.0681823 0.0808712 0.0867589 0.1118247 0.1443860 0.1404043 0.1083966 0.0714878 0.1354054 0.1103045 0.1037497 0.0681823 0.0804590 0.0616122 0.0999136 0.0871403 0.1312118 0.0913604 0.1135370 0.0821896 0.0863369 0.0900042 0.1108016 0.1845489 0.0676311 0.1057893 0.1060660 0.0815739 0.1704880 0.0865467 0.1586803 0.0643748 0.0677369 0.1116273 0.1013169 0.1273256 0.0818144 0.0908893 0.1299015 0.0941263 0.1053442 0.0808238 0.1004916 
S0641      0.0467169 0.0557398 0.0243719 0.1059082 0.0207974 0.0952116 0.1001558 0.0956996 0.0523511 0.0135035 0.0244148 0.0706746 0.0948753 0.0752967 0.0763058 0.0759317 0.0000000 0.0135986 0.1318943 0.0625762 0.0181511 0.0668709 0.1198049 0.0721155 0.1273191 0.0242587 0.0756648 0.0585004 0.1079442 0.1222983 0.0428996 0.0938096 0.0819863 0.0721959 0.0813036 0.1260656 0.0427754 0.0432449 0.2123771 0.0585004 0.2157701 0.0469969 0.0683473 0.0551715 0.0731787 0.0135985 0.0314341 0.0634628 0.0905955 0.1295531 0.1317509 0.0573667 0.0100674 0.0893109 0.0906013 0.0847593 0.0135985 0.0169775 0.0398804 0.0810124 0.0395964 0.0937839 0.0685770 0.0849311 0.0814168 0.0390804 0.0625539 0.0679448 0.1387301 0.0135035 0.0863243 0.0718828 0.0316740 0.1494637 0.0508503 0.1338922 0.0243647 0.0555412 0.0808904 0.0765824 0.0952045 0.0590593 0.0673361 0.0847076 0.0623729 0.0634369 0.0661848 0.0759945 
S0643      0.0433411 0.0560730 0.0209860 0.1065686 0.0174113 0.0917964 0.0951344 0.1057307 0.0488739 0.0101725 0.0246791 0.0673187 0.0954458 0.0757245 0.0767454 0.0725345 0.0135986 0.0000000 0.1327606 0.0513963 0.0145922 0.0672451 0.1213083 0.0686971 0.1289755 0.0208902 0.0760966 0.0588217 0.1086317 0.1334933 0.0509502 0.0943659 0.0777111 0.0768149 0.0912835 0.1377273 0.0507972 0.0513664 0.2092356 0.0588217 0.2126977 0.0552125 0.0774060 0.0596353 0.0736052 0.0102445 0.0280749 0.0638196 0.0911377 0.1304153 0.1326134 0.0662877 0.0135914 0.0994479 0.0911435 0.0852539 0.0102445 0.0207127 0.0326553 0.0814857 0.0437678 0.0944893 0.0689711 0.0854282 0.0727728 0.0357014 0.0629000 0.0724880 0.1396258 0.0101725 0.0868388 0.0809571 0.0282898 0.1504814 0.0474592 0.1347846 0.0209813 0.0603337 0.0817938 0.0858795 0.0958053 0.0593870 0.0677157 0.0852014 0.0627170 0.0722299 0.0665758 0.0764600 
S0645sl    0.1366536 0.1412636 0.1316974 0.0846990 0.1392843 0.1770716 0.0481890 0.1371313 0.1440813 0.1161151 0.1502066 0.1451208 0.0542122 0.1474686 0.1439203 0.1460981 0.1318943 0.1327606 0.0000000 0.1275240 0.1371057 0.1317150 0.1761423 0.1359562 0.1830274 0.1436545 0.1324543 0.1311408 0.0605184 0.0730284 0.1113827 0.1553195 0.1539781 0.1492860 0.1263341 0.2004770 0.1109499 0.1123949 0.2565478 0.1311408 0.2523938 0.1121579 0.1349192 0.1329866 0.1314804 0.1274177 0.1218337 0.1333507 0.0470253 0.0829302 0.0726595 0.1390949 0.1263182 0.1562842 0.1278453 0.1364750 0.1274177 0.1418737 0.1103284 0.1270457 0.1081728 0.0694229 0.1282650 0.1402126 0.0854121 0.1330203 0.1260136 0.1438137 0.1258798 0.1212934 0.1322092 0.1441103 0.1206887 0.0678041 0.1508202 0.0910845 0.1336350 0.1397053 0.1397743 0.1455534 0.0832794 0.1203185 0.1328413 0.1549464 0.1354810 0.1439537 0.1349455 0.1550071 
S0689      0.0597524 0.0790981 0.0636274 0.1026877 0.0637514 0.0877171 0.0909817 0.1259322 0.0451907 0.0546611 0.0721801 0.0509817 0.1004948 0.0678535 0.0903535 0.0639736 0.0625762 0.0513963 0.1275240 0.0000000 0.0587169 0.0846450 0.1383548 0.0519895 0.1467951 0.0674930 0.0805802 0.0756852 0.1100708 0.1247635 0.0591657 0.0945982 0.0839158 0.0998219 0.0915496 0.1482353 0.0589816 0.0596543 0.2245073 0.0756852 0.2278877 0.0635917 0.0866309 0.0860262 0.0827693 0.0550885 0.0671620 0.0599877 0.0967874 0.1275368 0.1232195 0.0892630 0.0583901 0.1148393 0.1008384 0.0946038 0.0550885 0.0668366 0.0407324 0.0907918 0.0684676 0.1318308 0.0735582 0.0902395 0.0633565 0.0637532 0.0799927 0.0951719 0.1466029 0.0546611 0.0964174 0.0816843 0.0762293 0.1469967 0.0723499 0.1357689 0.0594984 0.0605422 0.0865256 0.0953362 0.1067549 0.0679100 0.0637019 0.1037996 0.0712324 0.0811803 0.0671302 0.0767346 
S0690      0.0377047 0.0555409 0.0222748 0.1028866 0.0184753 0.0878100 0.0997115 0.1081254 0.0496138 0.0107777 0.0262048 0.0627052 0.0971595 0.0761906 0.0729251 0.0728164 0.0181511 0.0145922 0.1371057 0.0587169 0.0000000 0.0630108 0.1297949 0.0687513 0.1382568 0.0182375 0.0722757 0.0542097 0.1113021 0.1327696 0.0499994 0.0866826 0.0768228 0.0726812 0.0890237 0.1410396 0.0498412 0.0504312 0.1903256 0.0542097 0.1955076 0.0544943 0.0731076 0.0591511 0.0643111 0.0108583 0.0258079 0.0635884 0.0879689 0.1287236 0.1263033 0.0658674 0.0144001 0.1004973 0.0874215 0.0813401 0.0108583 0.0219654 0.0384569 0.0773793 0.0424069 0.0933889 0.0643154 0.0771276 0.0815468 0.0339149 0.0584764 0.0681632 0.1387538 0.0107777 0.0829183 0.0720708 0.0300443 0.1502520 0.0460501 0.1341354 0.0222689 0.0598977 0.0815142 0.0819565 0.0927888 0.0589031 0.0677117 0.0815477 0.0624273 0.0677707 0.0623572 0.0769748 
S0720      0.0847447 0.0186820 0.0761904 0.1251566 0.0719457 0.1164302 0.1006197 0.1293415 0.0745022 0.0625302 0.0676581 0.0838274 0.0992401 0.0744653 0.0721066 0.0769785 0.0668709 0.0672451 0.1317150 0.0846450 0.0630108 0.0000000 0.1404835 0.0867328 0.1488354 0.0757255 0.0757620 0.0205999 0.1174629 0.1384194 0.0501480 0.0849963 0.0953846 0.0514924 0.0804368 0.1388614 0.0582485 0.0589048 0.1895274 0.0205999 0.1867816 0.0547069 0.0553056 0.0857490 0.0598407 0.0630268 0.0753465 0.0468131 0.1042576 0.1405930 0.1322275 0.0868843 0.0626054 0.1284701 0.0724008 0.0628143 0.0630268 0.0749739 0.0690404 0.0591799 0.0685874 0.1290386 0.0555218 0.0632267 0.0833596 0.0844288 0.0241810 0.0475028 0.1378038 0.0625302 0.0723500 0.0631058 0.0759841 0.1604020 0.0896471 0.1497117 0.0593038 0.0820214 0.0717848 0.0675974 0.1039718 0.0628567 0.0584630 0.0932656 0.0540335 0.0549308 0.0545278 0.0668209 
S0724sl    0.1314633 0.1388846 0.1244265 0.1632784 0.1370140 0.1492850 0.1430351 0.1114231 0.1490096 0.1144385 0.1423034 0.1588213 0.1435565 0.1417971 0.1446195 0.1614333 0.1198049 0.1213083 0.1761423 0.1383548 0.1297949 0.1404835 0.0000000 0.1574367 0.0173059 0.1362762 0.1324945 0.1295776 0.1338937 0.1583897 0.1101289 0.1584502 0.1690877 0.1608148 0.1648019 0.1140555 0.1097084 0.1111147 0.2701035 0.1295776 0.2567597 0.1156371 0.1543610 0.1572217 0.1555981 0.1132978 0.1207564 0.1263831 0.1397428 0.1609425 0.1719846 0.0922048 0.1244063 0.0968643 0.1571953 0.1530342 0.1132978 0.1293200 0.1199791 0.1504201 0.1262035 0.1479079 0.1397584 0.1488493 0.1426911 0.1413464 0.1347009 0.1551843 0.2018693 0.1243026 0.1664684 0.1222318 0.1394609 0.1846676 0.1482269 0.1762638 0.1315131 0.1296872 0.1598304 0.1478769 0.1281396 0.1341211 0.1366091 0.1752881 0.1289495 0.1315642 0.1255123 0.1477658 
S0742      0.0693658 0.0811971 0.0691456 0.1255445 0.0735250 0.0985302 0.0845689 0.1341540 0.0586059 0.0638565 0.0734533 0.0515127 0.1125587 0.0778229 0.0969151 0.0738040 0.0721155 0.0686971 0.1359562 0.0519895 0.0687513 0.0867328 0.1574367 0.0000000 0.1668159 0.0773909 0.0867043 0.0774988 0.1230066 0.1496648 0.0686539 0.1111043 0.0799649 0.0977652 0.1087790 0.1619702 0.0684287 0.0692380 0.2424385 0.0774988 0.2301053 0.0733364 0.0921306 0.0922182 0.0875029 0.0643753 0.0769939 0.0827794 0.1038016 0.1410881 0.1427626 0.1008197 0.0677093 0.1126621 0.0976976 0.1059764 0.0643753 0.0722906 0.0455458 0.1020591 0.0737532 0.1215490 0.0840053 0.0956618 0.0637312 0.0823800 0.0819330 0.0930209 0.1514692 0.0638565 0.0972995 0.0739368 0.0776910 0.1469048 0.0825777 0.1617487 0.0599937 0.0660363 0.0967653 0.0921826 0.1145376 0.0648244 0.0869021 0.1156409 0.0729127 0.0734872 0.0686966 0.0830355 
S0748      0.1395308 0.1479161 0.1321162 0.1639565 0.1453146 0.1585071 0.1368435 0.1069428 0.1581200 0.1217265 0.1508140 0.1680343 0.1441522 0.1502642 0.1533580 0.1709106 0.1273191 0.1289755 0.1830274 0.1467951 0.1382568 0.1488354 0.0173059 0.1668159 0.0000000 0.1445142 0.1406643 0.1374624 0.1344588 0.1590530 0.1172939 0.1585948 0.1819341 0.1702360 0.1748829 0.1216473 0.1168275 0.1183699 0.2499826 0.1374624 0.2288236 0.1230447 0.1634613 0.1662730 0.1593271 0.1204746 0.1283804 0.1342491 0.1403310 0.1616242 0.1727024 0.0987694 0.1320710 0.1086876 0.1662706 0.1619943 0.1204746 0.1371749 0.1277969 0.1627462 0.1290249 0.1486670 0.1483374 0.1517935 0.1304457 0.1497780 0.1427860 0.1643669 0.1970344 0.1319659 0.1705176 0.1300068 0.1477065 0.1854310 0.1570285 0.1769898 0.1395811 0.1379002 0.1691516 0.1566637 0.1286975 0.1421445 0.1448782 0.1851555 0.1367704 0.1396450 0.1278476 0.1565144 
S0756      0.0512150 0.0600840 0.0283315 0.1117749 0.0246734 0.1012288 0.0935692 0.1155699 0.0571390 0.0171549 0.0321251 0.0758090 0.1049410 0.0844360 0.0855895 0.0812904 0.0242587 0.0208902 0.1436545 0.0674930 0.0182375 0.0757255 0.1362762 0.0773909 0.1445142 0.0000000 0.0848505 0.0670458 0.1139726 0.1392746 0.0589871 0.0992041 0.0710101 0.0903305 0.0963793 0.1314684 0.0588042 0.0594739 0.1951461 0.0670458 0.1986845 0.0633995 0.0863681 0.0592324 0.0825161 0.0172770 0.0355288 0.0638448 0.1005314 0.1362249 0.1434677 0.0708224 0.0206261 0.1046323 0.1005352 0.0943232 0.0172770 0.0279505 0.0442868 0.0905195 0.0517274 0.0876644 0.0777045 0.0945287 0.0713474 0.0395797 0.0712337 0.0858141 0.1504192 0.0171549 0.0961264 0.0899160 0.0282872 0.1620436 0.0554790 0.1406508 0.0283206 0.0688065 0.0995842 0.0950509 0.1057680 0.0677049 0.0762646 0.0942600 0.0710205 0.0809367 0.0666042 0.0759319 
S0758      0.0852041 0.0740204 0.0808762 0.1258115 0.0711054 0.1030981 0.1010702 0.1162539 0.0792641 0.0711653 0.0898903 0.0892267 0.1092355 0.0631143 0.0245899 0.1044732 0.0756648 0.0760966 0.1324543 0.0805802 0.0722757 0.0757620 0.1324945 0.0867043 0.1406643 0.0848505 0.0000000 0.0670871 0.1233735 0.1391411 0.0355375 0.0357074 0.0851813 0.0859568 0.0956739 0.1397866 0.0354370 0.0317754 0.1943123 0.0670871 0.1849608 0.0395290 0.0859313 0.0953259 0.0733037 0.0717436 0.0719545 0.0719744 0.1048135 0.1413338 0.1252006 0.0930697 0.0712473 0.1147796 0.0863168 0.0765722 0.0717436 0.0839843 0.0737743 0.0811423 0.0821929 0.1235642 0.0592626 0.0684888 0.0631128 0.0938243 0.0712729 0.0814974 0.1548521 0.0711653 0.0775522 0.0894543 0.0941125 0.1612083 0.0812101 0.1395689 0.0668070 0.0822093 0.0899122 0.0767090 0.1109548 0.0473206 0.0592027 0.1029142 0.0627831 0.0761235 0.0793203 0.0805705 
S0760      0.0757679 0.0000010 0.0674391 0.1146938 0.0633288 0.1061871 0.0939982 0.1138390 0.0655505 0.0543084 0.0631987 0.0841645 0.0988587 0.0659659 0.0634718 0.0855066 0.0585004 0.0588217 0.1311408 0.0756852 0.0542097 0.0205999 0.1295776 0.0774988 0.1374624 0.0670458 0.0670871 0.0000000 0.1070649 0.1219941 0.0503286 0.0759913 0.0834772 0.0513253 0.0807776 0.1289256 0.0501795 0.0507345 0.1822105 0.0000010 0.1857841 0.0466766 0.0471714 0.0854336 0.0515205 0.0547303 0.0667194 0.0466660 0.0945662 0.1238367 0.1265011 0.0776493 0.0543762 0.1176763 0.0637103 0.0626051 0.0547303 0.0663984 0.0603681 0.0509647 0.0599614 0.1221723 0.0473607 0.0508557 0.0826817 0.0711712 0.0033240 0.0473510 0.1271629 0.0543084 0.0595479 0.0547978 0.0757169 0.1485757 0.0718633 0.1327448 0.0591069 0.0729557 0.0631864 0.0591078 0.0939358 0.0545827 0.0503620 0.0754580 0.0385507 0.0468616 0.0543520 0.0584566 
S0827      0.1125218 0.1082451 0.1077410 0.0685984 0.1145983 0.1499242 0.0335500 0.1030971 0.1189125 0.1026391 0.1132725 0.1200313 0.0431716 0.1277346 0.1241075 0.1259050 0.1079442 0.1086317 0.0605184 0.1100708 0.1113021 0.1174629 0.1338937 0.1230066 0.1344588 0.1139726 0.1233735 0.1070649 0.0000000 0.0353063 0.0931051 0.1405462 0.1370078 0.1465076 0.1332572 0.1436628 0.0927627 0.0939413 0.2137462 0.1070649 0.2185370 0.0937433 0.1152414 0.1189001 0.1196856 0.0921687 0.1181606 0.1040068 0.0322274 0.0357278 0.0519106 0.1027803 0.1027421 0.1278291 0.1237995 0.1168808 0.0921687 0.1174651 0.0869247 0.1283938 0.0898076 0.0400183 0.1139290 0.1327954 0.0345327 0.1175381 0.1119943 0.1409775 0.0947597 0.0979570 0.1297400 0.1348240 0.1122045 0.0606201 0.1199753 0.0393995 0.1041831 0.1149295 0.1356646 0.1414104 0.0580861 0.1067830 0.1134979 0.1342899 0.1065629 0.1241255 0.1163383 0.1347141 
S0899      0.1320309 0.1363238 0.1324229 0.0729509 0.1321853 0.1556094 0.0549022 0.1157383 0.1402838 0.1269147 0.1373119 0.1459062 0.0591625 0.1534899 0.1399814 0.1581660 0.1222983 0.1334933 0.0730284 0.1247635 0.1327696 0.1384194 0.1583897 0.1496648 0.1590530 0.1392746 0.1391411 0.1219941 0.0353063 0.0000000 0.1069338 0.1571784 0.1520546 0.1580168 0.1439193 0.1590626 0.1065240 0.1012460 0.2255648 0.1219941 0.2381654 0.1076747 0.1301347 0.1444478 0.1454331 0.1281305 0.1435271 0.1341408 0.0515789 0.0434010 0.0563067 0.1169285 0.1270205 0.1427644 0.1496610 0.1474152 0.1281305 0.1320742 0.1109859 0.1543156 0.1088117 0.0551206 0.1391431 0.1488734 0.0632976 0.1363878 0.1271232 0.1523274 0.0994197 0.1219773 0.1506837 0.1501645 0.1370104 0.0735203 0.1457955 0.0313298 0.1343752 0.1297579 0.1511339 0.1571320 0.0711970 0.1311195 0.1281047 0.1606192 0.1307970 0.1391182 0.1315817 0.1500351 
S0959      0.0592219 0.0511630 0.0551901 0.0958891 0.0553064 0.0876742 0.0819382 0.0866075 0.0612859 0.0465975 0.0593804 0.0586235 0.0810575 0.0505241 0.0396441 0.0811998 0.0428996 0.0509502 0.1113827 0.0591657 0.0499994 0.0501480 0.1101289 0.0686539 0.1172939 0.0589871 0.0355375 0.0503286 0.0931051 0.1069338 0.0000000 0.0513107 0.0671117 0.0677156 0.0581684 0.1094757 0.0067105 0.0067797 0.2029146 0.0503286 0.1998950 0.0101997 0.0515454 0.0813305 0.0479075 0.0469540 0.0547514 0.0470936 0.0769228 0.1185436 0.1160441 0.0570956 0.0466580 0.0892273 0.0683206 0.0590240 0.0469540 0.0504896 0.0482385 0.0553867 0.0560646 0.1042217 0.0437777 0.0591222 0.0723853 0.0672445 0.0542639 0.0635342 0.1230957 0.0465975 0.0600288 0.0550577 0.0674453 0.1277597 0.0636297 0.1171407 0.0511906 0.0520649 0.0634945 0.0512988 0.0811860 0.0280853 0.0354135 0.0756577 0.0388900 0.0470789 0.0619370 0.0550279 
S0960      0.1041458 0.0792359 0.0995983 0.1218837 0.0889015 0.1188606 0.1213815 0.1318940 0.1033995 0.0889805 0.1091575 0.1133004 0.1150851 0.0850976 0.0359848 0.1142871 0.0938096 0.0943659 0.1553195 0.0945982 0.0866826 0.0849963 0.1584502 0.1111043 0.1585948 0.0992041 0.0357074 0.0759913 0.1405462 0.1571784 0.0513107 0.0000000 0.1092600 0.1051214 0.1115282 0.1564811 0.0511552 0.0473198 0.1909523 0.0759913 0.1748365 0.0475834 0.1004931 0.1151458 0.0833276 0.0897373 0.0986327 0.0812211 0.1204380 0.1597699 0.1507520 0.1080226 0.0890736 0.1407732 0.1153161 0.0816084 0.0897373 0.1025775 0.0786932 0.0954193 0.0918854 0.1443524 0.0772574 0.0689625 0.0732107 0.1037417 0.0803197 0.1003767 0.1740857 0.0889805 0.0917986 0.1086077 0.1135975 0.1805354 0.1000068 0.1520192 0.0843144 0.1016352 0.1147774 0.1045750 0.1217429 0.0681818 0.0764119 0.1228628 0.0800711 0.0944257 0.0929142 0.0991566 
S1052sl    0.0765468 0.0860953 0.0838866 0.1270032 0.0840515 0.0626795 0.1036404 0.1300253 0.0762591 0.0713957 0.0891882 0.0775862 0.1258318 0.0888924 0.0850251 0.1092345 0.0819863 0.0777111 0.1539781 0.0839158 0.0768228 0.0953846 0.1690877 0.0799649 0.1819341 0.0710101 0.0851813 0.0834772 0.1370078 0.1520546 0.0671117 0.1092600 0.0000000 0.0910110 0.1171523 0.1524628 0.0668359 0.0678329 0.2488634 0.0834772 0.2437361 0.0730023 0.1030770 0.0952515 0.0837142 0.0660820 0.0719116 0.0889264 0.1141958 0.1483636 0.1650255 0.0996902 0.0711798 0.1415123 0.1166309 0.1075882 0.0660820 0.0878257 0.0738139 0.1085473 0.0903936 0.1340653 0.0852896 0.0956923 0.1042288 0.0840516 0.0891639 0.0851841 0.1510923 0.0661880 0.1093663 0.0743131 0.0821829 0.1793807 0.0757987 0.1754373 0.0782312 0.0850704 0.1082553 0.1090991 0.1019582 0.0786882 0.0841960 0.1086339 0.0671881 0.0850934 0.0717249 0.0830467 
S1083      0.0897763 0.0518585 0.0909327 0.1486539 0.0864055 0.1124264 0.1134949 0.1429942 0.0937247 0.0762116 0.0818572 0.1044464 0.1256176 0.0844255 0.0867168 0.1157315 0.0721959 0.0768149 0.1492860 0.0998219 0.0726812 0.0514924 0.1608148 0.0977652 0.1702360 0.0903305 0.0859568 0.0513253 0.1465076 0.1580168 0.0677156 0.1051214 0.0910110 0.0000000 0.0983119 0.1668392 0.0674972 0.0682838 0.1983162 0.0513253 0.2032707 0.0723187 0.0863548 0.1108400 0.0692399 0.0768452 0.0811820 0.0723030 0.1258264 0.1662031 0.1623521 0.0928744 0.0762980 0.1373007 0.0815366 0.0673717 0.0768452 0.0893832 0.0788320 0.0772580 0.0863636 0.1571470 0.0518153 0.0687989 0.1444387 0.0950935 0.0514088 0.0033198 0.1457139 0.0762116 0.0812386 0.0730757 0.0998791 0.1790399 0.0948068 0.1639995 0.0817559 0.0837547 0.0851229 0.0721220 0.1265478 0.0724103 0.0597417 0.1074630 0.0589009 0.0726384 0.0766679 0.0683213 
S1102      0.1009642 0.0766222 0.0920098 0.1129021 0.0969109 0.1288715 0.1048397 0.1388564 0.0963604 0.0763948 0.1018787 0.0999967 0.1070675 0.1049439 0.1010230 0.1226388 0.0813036 0.0912835 0.1263341 0.0915496 0.0890237 0.0804368 0.1648019 0.1087790 0.1748829 0.0963793 0.0956739 0.0807776 0.1332572 0.1439193 0.0581684 0.1115282 0.1171523 0.0983119 0.0000000 0.1413800 0.0671130 0.0679387 0.2485361 0.0807776 0.2427022 0.0579545 0.0776180 0.1083073 0.0871807 0.0864059 0.0862108 0.0669008 0.1072937 0.1573493 0.1426711 0.1080930 0.0809752 0.1206907 0.0921789 0.0934269 0.0864059 0.0854829 0.0784486 0.0909494 0.0879727 0.1277279 0.0762826 0.0998834 0.0967601 0.0867298 0.0808893 0.0935573 0.1749320 0.0856366 0.0910768 0.0771095 0.1067133 0.1475768 0.0949006 0.1742607 0.0918204 0.0922864 0.0758697 0.0772149 0.1348746 0.0911164 0.0802263 0.0953610 0.0849252 0.0819574 0.1086661 0.0953722 
S1120      0.1439369 0.1319156 0.1365944 0.1711789 0.1445897 0.1422582 0.1331999 0.1033679 0.1557613 0.1308499 0.1417931 0.1646660 0.1543572 0.1423767 0.1355091 0.1909085 0.1260656 0.1377273 0.2004770 0.1482353 0.1410396 0.1388614 0.1140555 0.1619702 0.1216473 0.1314684 0.1397866 0.1289256 0.1436628 0.1590626 0.1094757 0.1564811 0.1524628 0.1668392 0.1413800 0.0000000 0.1202352 0.1218798 0.2562376 0.1289256 0.2307780 0.1216612 0.1418415 0.1234545 0.1427083 0.1321497 0.1380168 0.1189488 0.1546263 0.1644479 0.1808810 0.0751833 0.1212053 0.0790869 0.1414705 0.1413220 0.1321497 0.1362132 0.1082467 0.1409596 0.1095842 0.1432021 0.1269705 0.1309385 0.0952476 0.1607136 0.1342145 0.1609250 0.1980924 0.1308499 0.1535354 0.1328746 0.1391852 0.1890809 0.1381054 0.1770252 0.1499209 0.1344878 0.1404020 0.1543032 0.1099353 0.1384211 0.1291067 0.1678176 0.1194581 0.1318407 0.1418044 0.1340441 
S1128      0.0590375 0.0509969 0.0550206 0.0955393 0.0551364 0.0873615 0.0815687 0.0863029 0.0610878 0.0464610 0.0591949 0.0670606 0.0807809 0.0503738 0.0395292 0.0809223 0.0427754 0.0507972 0.1109499 0.0589816 0.0498412 0.0582485 0.1097084 0.0684287 0.1168275 0.0588042 0.0354370 0.0501795 0.0927627 0.1065240 0.0067105 0.0511552 0.0668359 0.0674972 0.0671130 0.1202352 0.0000000 0.0067627 0.2018090 0.0501795 0.1988292 0.0101737 0.0513884 0.0810524 0.0477636 0.0468153 0.0545850 0.0469540 0.0766636 0.1180651 0.1155880 0.0569134 0.0465212 0.0889013 0.0680977 0.0588409 0.0468153 0.0503395 0.0480908 0.0552161 0.0558903 0.1037440 0.0436480 0.0589383 0.0619509 0.0670293 0.0541007 0.0633325 0.1226122 0.0464610 0.0598388 0.0548893 0.0672288 0.1218962 0.0634272 0.1166751 0.0510360 0.0519042 0.0632930 0.0511433 0.0808940 0.0280081 0.0353136 0.0754083 0.0387797 0.0469394 0.0617464 0.0548597 
S1129sl    0.0555667 0.0516148 0.0556458 0.0967375 0.0428213 0.0884474 0.0828689 0.0827605 0.0618102 0.0469730 0.0598727 0.0678369 0.0817529 0.0509331 0.0358005 0.0818972 0.0432449 0.0513664 0.1123949 0.0596543 0.0504312 0.0589048 0.1111147 0.0692380 0.1183699 0.0594739 0.0317754 0.0507345 0.0939413 0.1012460 0.0067797 0.0473198 0.0678329 0.0682838 0.0679387 0.1218798 0.0067627 0.0000000 0.2050651 0.0507345 0.2019786 0.0102796 0.0519720 0.0778238 0.0483058 0.0473353 0.0551994 0.0474773 0.0775814 0.1196440 0.1170995 0.0575834 0.0470343 0.0900312 0.0688997 0.0595112 0.0473353 0.0508983 0.0486408 0.0558453 0.0565354 0.1053607 0.0439602 0.0596113 0.0640679 0.0678049 0.0547036 0.0640648 0.1241964 0.0469730 0.0605329 0.0555106 0.0680089 0.1289501 0.0641622 0.1111864 0.0472098 0.0525008 0.0640244 0.0517214 0.0819200 0.0283086 0.0356968 0.0762934 0.0392001 0.0436436 0.0624401 0.0554804 
S1148      0.2144984 0.1761793 0.1935756 0.2144312 0.2183951 0.2559659 0.1870501 0.2608332 0.1927705 0.2001671 0.1984701 0.2419267 0.2189307 0.2108789 0.2153825 0.2304700 0.2123771 0.2092356 0.2565478 0.2245073 0.1903256 0.1895274 0.2701035 0.2424385 0.2499826 0.1951461 0.1943123 0.1822105 0.2137462 0.2255648 0.2029146 0.1909523 0.2488634 0.1983162 0.2485361 0.2562376 0.2018090 0.2050651 0.0000000 0.1822105 0.0141793 0.1976290 0.2177860 0.1923554 0.2318805 0.2024893 0.1906182 0.2185302 0.2351966 0.2214568 0.2249583 0.2153907 0.2049596 0.2084579 0.2182600 0.2136214 0.2024893 0.2132669 0.1810947 0.2277450 0.2155335 0.2281892 0.1907253 0.2137534 0.1445709 0.1893316 0.1760170 0.1917575 0.2114073 0.2001671 0.2310948 0.2611250 0.2193336 0.2463732 0.1962944 0.2077678 0.2110499 0.2084824 0.2416458 0.2138283 0.2158409 0.2026338 0.1834008 0.2341039 0.1988518 0.2460090 0.2031381 0.1947919 
S1177      0.0757679 0.0000010 0.0674391 0.1146938 0.0633288 0.1061871 0.0939982 0.1138390 0.0655505 0.0543084 0.0631987 0.0841645 0.0988587 0.0659659 0.0634718 0.0855066 0.0585004 0.0588217 0.1311408 0.0756852 0.0542097 0.0205999 0.1295776 0.0774988 0.1374624 0.0670458 0.0670871 0.0000010 0.1070649 0.1219941 0.0503286 0.0759913 0.0834772 0.0513253 0.0807776 0.1289256 0.0501795 0.0507345 0.1822105 0.0000000 0.1857841 0.0466766 0.0471714 0.0854336 0.0515205 0.0547303 0.0667194 0.0466660 0.0945662 0.1238367 0.1265011 0.0776493 0.0543762 0.1176763 0.0637103 0.0626051 0.0547303 0.0663984 0.0603681 0.0509647 0.0599614 0.1221723 0.0473607 0.0508557 0.0826817 0.0711712 0.0033240 0.0473510 0.1271629 0.0543084 0.0595479 0.0547978 0.0757169 0.1485757 0.0718633 0.1327448 0.0591069 0.0729557 0.0631864 0.0591078 0.0939358 0.0545827 0.0503620 0.0754580 0.0385507 0.0468616 0.0543520 0.0584566 
S1180      0.2330853 0.1881943 0.1971050 0.2264795 0.2218297 0.2316406 0.1923239 0.2658430 0.1896548 0.2036553 0.2101176 0.2381167 0.2157227 0.1999167 0.1916853 0.2479009 0.2157701 0.2126977 0.2523938 0.2278877 0.1955076 0.1867816 0.2567597 0.2301053 0.2288236 0.1986845 0.1849608 0.1857841 0.2185370 0.2381654 0.1998950 0.1748365 0.2437361 0.2032707 0.2427022 0.2307780 0.1988292 0.2019786 0.0141793 0.1857841 0.0000000 0.1947035 0.2263983 0.1958638 0.2210682 0.2059986 0.1942254 0.2062983 0.2316205 0.2353829 0.2149818 0.2115820 0.2028368 0.2051943 0.2285815 0.2239760 0.2059986 0.2101176 0.1990055 0.2172545 0.2056753 0.2259806 0.1999085 0.2037286 0.1202823 0.2002816 0.1796225 0.1966843 0.2067902 0.2036553 0.2203250 0.2506941 0.2226803 0.2424981 0.2121707 0.2327843 0.2145309 0.2099157 0.2521734 0.2242382 0.2083674 0.1996284 0.1997465 0.2456911 0.1967722 0.2221510 0.1921575 0.2101558 
S1189      0.0636549 0.0471652 0.0595557 0.0965369 0.0596768 0.0927951 0.0825013 0.0872169 0.0658915 0.0507471 0.0638254 0.0718441 0.0815869 0.0547440 0.0398390 0.0817298 0.0469969 0.0552125 0.1121579 0.0635917 0.0544943 0.0547069 0.1156371 0.0733364 0.1230447 0.0633995 0.0395290 0.0466766 0.0937433 0.1076747 0.0101997 0.0475834 0.0730023 0.0723187 0.0579545 0.1216612 0.0101737 0.0102796 0.1976290 0.0466766 0.1947035 0.0000000 0.0518681 0.0773508 0.0482274 0.0511408 0.0590708 0.0512956 0.0774229 0.1193879 0.1168531 0.0574881 0.0508120 0.0898760 0.0729784 0.0594161 0.0511408 0.0506658 0.0484818 0.0557557 0.0522555 0.1050925 0.0440670 0.0595159 0.0619509 0.0718101 0.0505843 0.0680595 0.1287809 0.0507471 0.0604350 0.0594045 0.0720264 0.1286739 0.0681663 0.1179647 0.0554784 0.0524152 0.0680171 0.0556027 0.0816306 0.0319489 0.0393906 0.0803727 0.0428983 0.0512782 0.0663184 0.0593717 
S1201sl    0.0867363 0.0433024 0.0823079 0.1178324 0.0824396 0.1291107 0.0961289 0.1156138 0.0757785 0.0723549 0.0869695 0.0956142 0.1014177 0.0761281 0.0864037 0.1010241 0.0683473 0.0774060 0.1349192 0.0866309 0.0731076 0.0553056 0.1543610 0.0921306 0.1634613 0.0863681 0.0859313 0.0471714 0.1152414 0.1301347 0.0515454 0.1004931 0.1030770 0.0863548 0.0776180 0.1418415 0.0513884 0.0519720 0.2177860 0.0471714 0.2263983 0.0518681 0.0000000 0.1069922 0.0516804 0.0729544 0.0859138 0.0558593 0.0969933 0.1431593 0.1399524 0.0694142 0.0724393 0.1193941 0.0560703 0.0628041 0.0729544 0.0766635 0.0703946 0.0511209 0.0792362 0.1182406 0.0475048 0.0629112 0.0840537 0.0911039 0.0511280 0.0818645 0.1418756 0.0723549 0.0638801 0.0510503 0.0913894 0.1405159 0.0873038 0.1524592 0.0727868 0.0684792 0.0553554 0.0513442 0.1016749 0.0771678 0.0597167 0.0819728 0.0630282 0.0431779 0.0802670 0.0726336 
S1211      0.0686092 0.0801882 0.0552957 0.1320285 0.0599683 0.1228537 0.0943344 0.1156490 0.0710428 0.0550471 0.0591338 0.0949220 0.1098940 0.1001518 0.1056421 0.1060237 0.0551715 0.0596353 0.1329866 0.0860262 0.0591511 0.0857490 0.1572217 0.0922182 0.1662730 0.0592324 0.0953259 0.0854336 0.1189001 0.1444478 0.0813305 0.1151458 0.0952515 0.1108400 0.1083073 0.1234545 0.0810524 0.0778238 0.1923554 0.0854336 0.1958638 0.0773508 0.1069922 0.0000000 0.1030101 0.0554808 0.0761506 0.0961007 0.1054378 0.1315068 0.1382461 0.0890632 0.0510493 0.1248795 0.0910370 0.1153210 0.0554808 0.0673219 0.0490099 0.1113954 0.0353792 0.1052899 0.0932615 0.1156128 0.0429743 0.0814549 0.0899242 0.1059784 0.1449149 0.0550471 0.1124859 0.1013003 0.0768021 0.1507683 0.0816476 0.1559671 0.0640046 0.0920836 0.1012651 0.1061938 0.1000610 0.0939915 0.1002966 0.1006099 0.0896354 0.0918178 0.0852351 0.0935731 
