81
PAFTOL_019361 0.0000000 0.2689195 0.2809118 0.3283230 0.3087674 0.2380544 0.2311370 0.2199741 0.2719969 0.2755188 0.1624478 0.2573621 0.2447975 0.2902511 0.2377055 0.2393634 0.2269718 0.2561679 0.2202763 0.3023326 0.2800578 0.2255554 0.2941203 0.2459243 0.2657386 0.2140010 0.3252669 0.3015606 0.2849262 0.2950723 0.2147718 0.2135327 0.2561018 0.2641999 0.2016130 0.2345444 0.2625590 0.2997794 0.2055717 0.2741435 0.2719969 0.2855438 0.2082463 0.2108778 0.2341250 0.2342868 0.2214472 0.2572451 0.2749649 0.2438391 0.2537826 0.2983247 0.2758064 0.2693642 0.2055717 0.2861061 0.1994017 0.2141220 0.2719660 0.2255554 0.2398401 0.2785944 0.2717294 0.2114529 0.2603152 0.2593038 0.2386109 0.2653188 0.2618505 0.2597275 0.2273943 0.2753622 0.2190510 0.2430384 0.2505185 0.2173230 0.3164498 0.2051553 0.2381045 0.3049316 0.2264056 
S0055         0.2689195 0.0000000 0.0356001 0.0622765 0.1756678 0.1244256 0.2023911 0.1426840 0.0355643 0.0357601 0.0487295 0.1812692 0.0712154 0.0410555 0.1719228 0.1494428 0.0627727 0.0353892 0.1097304 0.1938872 0.0396540 0.0980209 0.0572218 0.0987568 0.1355560 0.1164465 0.0998028 0.1583060 0.1700304 0.1422640 0.1019713 0.1039935 0.1638028 0.1620791 0.1103698 0.1265363 0.1879219 0.0751004 0.1074323 0.1755787 0.0355643 0.0579792 0.1076588 0.1675642 0.1718456 0.1774948 0.1424809 0.1354073 0.1514816 0.1279934 0.1221538 0.0444755 0.0358280 0.0541237 0.0927990 0.0614641 0.1136191 0.1191149 0.0538565 0.0980209 0.1612932 0.0441811 0.1715573 0.1044258 0.1294833 0.0441238 0.1889368 0.0361946 0.1563879 0.0439935 0.0824628 0.1397825 0.1287523 0.1659072 0.1187304 0.1027382 0.1786797 0.0950786 0.1292805 0.0865189 0.1076990 
S0282         0.2809118 0.0356001 0.0000000 0.0400499 0.1718852 0.1478108 0.1917858 0.1249275 0.0075555 0.0153557 0.0620558 0.1499166 0.0709823 0.0175441 0.1630232 0.1271824 0.0578477 0.0112705 0.0934731 0.1786129 0.0191621 0.0824878 0.0273199 0.0830864 0.1284683 0.1051990 0.0870717 0.1400052 0.1626150 0.1349532 0.0962277 0.0981017 0.1571519 0.1432320 0.1042880 0.1304924 0.1790491 0.0523438 0.1015689 0.1614121 0.0075555 0.0444689 0.1017674 0.1567366 0.1413841 0.1467166 0.1140505 0.1176522 0.1329418 0.1290983 0.1367153 0.0154410 0.0153856 0.0448893 0.0871999 0.0395666 0.1175321 0.1077155 0.0404323 0.0824878 0.1313407 0.0153477 0.1411276 0.0985081 0.1125860 0.0192034 0.1684086 0.0235653 0.1225167 0.0231856 0.0770932 0.1329583 0.1224113 0.1358468 0.1123324 0.0969377 0.1704492 0.0893020 0.1123906 0.0811125 0.1120420 
S0294         0.3283230 0.0622765 0.0400499 0.0000000 0.1445420 0.1630988 0.2102041 0.1368731 0.0317308 0.0319052 0.0912452 0.1891506 0.0817207 0.0366543 0.1912733 0.1502632 0.0775377 0.0356170 0.1164841 0.1829656 0.0275468 0.1043548 0.0355213 0.1051563 0.1251797 0.1348038 0.0673861 0.1545710 0.1663801 0.1378130 0.1188899 0.1213547 0.1607530 0.1463758 0.1282520 0.1426569 0.1706584 0.0532161 0.1246592 0.1651105 0.0317308 0.0531832 0.1249780 0.1721756 0.1681630 0.1738598 0.1386308 0.1200350 0.1358243 0.1416062 0.1470143 0.0405905 0.0319667 0.0637782 0.1093626 0.0488093 0.1419410 0.1316263 0.0577951 0.1043548 0.1575146 0.0360914 0.1558729 0.1218595 0.1348114 0.0402699 0.1970773 0.0494623 0.1519991 0.0487460 0.0984238 0.1454179 0.1340628 0.1621853 0.1374972 0.1198279 0.1953751 0.1121767 0.1346085 0.0868695 0.1360426 
S0303         0.3087674 0.1756678 0.1718852 0.1445420 0.0000000 0.0627046 0.1281212 0.1525583 0.1529175 0.1432310 0.1498345 0.1469407 0.1247144 0.1418060 0.1382524 0.1204304 0.1217325 0.1529175 0.0924853 0.0807703 0.1426086 0.0865681 0.1821227 0.0876161 0.0471970 0.1052231 0.1925432 0.1085078 0.0971252 0.0613774 0.1222283 0.1337114 0.0723466 0.0719122 0.0957975 0.1304082 0.0698646 0.1049452 0.1311381 0.0795513 0.1529175 0.1628113 0.1316460 0.1290162 0.1118742 0.1108754 0.1300380 0.0794222 0.0950464 0.1711284 0.1633816 0.1529175 0.1553255 0.1175427 0.1225696 0.1324438 0.1418952 0.1258346 0.1409735 0.0865681 0.0949335 0.1513166 0.1251998 0.1225499 0.1309511 0.1645921 0.1647656 0.1735552 0.1090715 0.1244587 0.1327234 0.1644296 0.1729917 0.1206055 0.1342496 0.1407497 0.1357539 0.0957351 0.1416332 0.1421228 0.1629558 
S0308         0.2380544 0.1244256 0.1478108 0.1630988 0.0627046 0.0000000 0.1542172 0.1536785 0.1367875 0.1378278 0.1177976 0.1699471 0.1316732 0.1357016 0.1725435 0.1129298 0.1406724 0.1491143 0.0904188 0.1631885 0.1308018 0.1009377 0.1667817 0.1016860 0.0489744 0.1250461 0.2185705 0.1213414 0.1533678 0.0629898 0.1166251 0.1189893 0.1362536 0.1348855 0.1035912 0.1340953 0.1100027 0.1346198 0.1379422 0.1364216 0.1367875 0.1555746 0.1221081 0.1351336 0.1500795 0.1501923 0.1120659 0.0722721 0.0948042 0.1381430 0.1801385 0.1505072 0.1380470 0.1391464 0.1225689 0.1300471 0.1448083 0.1300525 0.1427322 0.1009377 0.1400416 0.1365075 0.1260601 0.1353993 0.1533838 0.1488795 0.1771643 0.1486339 0.1130494 0.1252511 0.1290138 0.1502055 0.1517253 0.1445123 0.1341326 0.1396895 0.1743709 0.0984575 0.1456251 0.1601184 0.1466790 
S0320         0.2311370 0.2023911 0.1917858 0.2102041 0.1281212 0.1542172 0.0000000 0.1244725 0.1780460 0.1797673 0.1375490 0.0529146 0.1636774 0.1836122 0.0482549 0.0541589 0.1412755 0.1539966 0.1129162 0.1475012 0.1765892 0.0956857 0.1941993 0.1081585 0.1526326 0.1239141 0.2260203 0.1591625 0.1449735 0.1390720 0.1272153 0.1438325 0.1382046 0.1306361 0.0981536 0.1391581 0.1780862 0.1678251 0.1274344 0.1563661 0.1780460 0.2022168 0.1101751 0.0375901 0.0691883 0.0744972 0.0641490 0.1466942 0.1439915 0.1486316 0.1392870 0.1961925 0.1800538 0.1524554 0.1274344 0.1753593 0.1104834 0.1231518 0.1792340 0.0956857 0.0862789 0.1775152 0.1360824 0.1242661 0.1044958 0.1935178 0.0378084 0.1867003 0.0760771 0.1762733 0.1620868 0.1606059 0.1493268 0.0746815 0.1216264 0.1165591 0.1657571 0.0810365 0.0985500 0.1947009 0.1351375 
S0335         0.2199741 0.1426840 0.1249275 0.1368731 0.1525583 0.1536785 0.1244725 0.0000000 0.1144750 0.1152934 0.1205681 0.1349059 0.1266548 0.1166996 0.1304469 0.1024491 0.1043314 0.0895717 0.1034473 0.1669462 0.1194825 0.0775182 0.1314212 0.0878298 0.1474123 0.0641908 0.1947653 0.1622327 0.1634329 0.1535024 0.0586410 0.0693070 0.1460836 0.1325681 0.0553709 0.0824361 0.1685050 0.1151411 0.0534536 0.1622162 0.1144750 0.1209704 0.0321018 0.1088949 0.0994191 0.1043992 0.0997465 0.1205296 0.1511747 0.0507678 0.0735057 0.1270786 0.1154871 0.1176033 0.0578124 0.1087023 0.0583548 0.0454346 0.1375813 0.0775182 0.0947730 0.1214504 0.1412995 0.0587589 0.0596697 0.1154269 0.1303770 0.1147848 0.1172090 0.1317817 0.1159716 0.0591468 0.0453471 0.0943319 0.0757404 0.0452603 0.1449538 0.0741813 0.0544122 0.1487420 0.0585640 
S0400         0.2719969 0.0355643 0.0075555 0.0317308 0.1529175 0.1367875 0.1780460 0.1144750 0.0000000 0.0076061 0.0620558 0.1503063 0.0620299 0.0086793 0.1518994 0.1146651 0.0491005 0.0000010 0.0836942 0.1665664 0.0113913 0.0730631 0.0193326 0.0735857 0.1180602 0.0999411 0.0744195 0.1293377 0.1511203 0.1243544 0.0866083 0.0882675 0.1457597 0.1322807 0.0942311 0.1198994 0.1672449 0.0438735 0.0918238 0.1500289 0.0000010 0.0360345 0.0919825 0.1457506 0.1305999 0.1358468 0.1038452 0.1074844 0.1221062 0.1182109 0.1204645 0.0076473 0.0076212 0.0363688 0.0776965 0.0313576 0.1074175 0.0977471 0.0403899 0.0730631 0.1206889 0.0076026 0.1303557 0.0886362 0.1025436 0.0153549 0.1571876 0.0235430 0.1105131 0.0153138 0.0678400 0.1221359 0.1121910 0.1251750 0.1018809 0.0872356 0.1580656 0.0795365 0.1023546 0.0810071 0.1020413 
S0405         0.2755188 0.0357601 0.0153557 0.0319052 0.1432310 0.1378278 0.1797673 0.1152934 0.0076061 0.0000000 0.0487295 0.1514540 0.0624009 0.0087298 0.1530739 0.1156455 0.0493859 0.0056270 0.0842460 0.1679700 0.0114493 0.0735254 0.0275156 0.0740551 0.1189011 0.1006366 0.0750521 0.1302869 0.1523270 0.1252590 0.0871708 0.0888540 0.1469113 0.1332785 0.0948729 0.1207693 0.1686260 0.0441202 0.0924294 0.1512148 0.0076061 0.0362356 0.0925915 0.1468605 0.1315693 0.1368656 0.1045659 0.1082287 0.1230131 0.1190914 0.1128993 0.0155482 0.0076598 0.0365740 0.0781932 0.0315277 0.1081579 0.1035719 0.0406188 0.0735254 0.1215697 0.0154537 0.1313221 0.0892275 0.1136452 0.0154346 0.1584165 0.0236694 0.1114177 0.0233488 0.0682605 0.1230421 0.1129737 0.1260922 0.1026044 0.0878072 0.1594303 0.0800593 0.1134473 0.0815212 0.1027349 
S0412sl       0.1624478 0.0487295 0.0620558 0.0912452 0.1498345 0.1177976 0.1375490 0.1205681 0.0620558 0.0487295 0.0000000 0.1056047 0.0880666 0.0799718 0.1061114 0.1375744 0.0479453 0.0620558 0.0752929 0.1341838 0.0619224 0.0763710 0.0758846 0.0780122 0.1336512 0.0605807 0.0619224 0.1339497 0.1014437 0.1039085 0.0745834 0.0910080 0.1162293 0.1162293 0.0605807 0.1068070 0.1154419 0.0474189 0.1019124 0.1459977 0.0620558 0.0487295 0.1025287 0.1345503 0.1191142 0.1191142 0.1202346 0.1196951 0.1009987 0.1041606 0.1025597 0.0620558 0.0487295 0.0356457 0.0881019 0.0478454 0.0881019 0.1050560 0.0353232 0.0763710 0.1039263 0.0358282 0.1188495 0.0745834 0.1389580 0.0619224 0.1039263 0.0489012 0.1041425 0.0612504 0.0742425 0.1214991 0.1186589 0.1193801 0.0751690 0.0741259 0.1226967 0.0763710 0.1589901 0.0474189 0.1187183 
S0417         0.2573621 0.1812692 0.1499166 0.1891506 0.1469407 0.1699471 0.0529146 0.1349059 0.1503063 0.1514540 0.1056047 0.0000000 0.1754949 0.1496338 0.0396424 0.0590844 0.1494407 0.1369494 0.1179252 0.1775713 0.1555142 0.0983219 0.1691938 0.0990270 0.1636270 0.1233369 0.2174353 0.1647230 0.1576551 0.1518042 0.1249764 0.1311628 0.1632546 0.1495668 0.1110411 0.1408950 0.2166486 0.1485593 0.1301407 0.1791416 0.1503063 0.1604915 0.1204865 0.0357914 0.0576576 0.0620350 0.0707548 0.1418336 0.1633263 0.1543820 0.1661324 0.1642353 0.1516785 0.1480912 0.1351624 0.1546176 0.1156338 0.1379352 0.1511528 0.0983219 0.0715748 0.1499810 0.1340819 0.1377654 0.1216486 0.1560924 0.0359087 0.1570234 0.0662563 0.1604325 0.1533185 0.1634466 0.1550650 0.0621599 0.1312854 0.1155575 0.1545896 0.0953137 0.1114887 0.1763501 0.1310461 
S0558         0.2447975 0.0712154 0.0709823 0.0817207 0.1247144 0.1316732 0.1636774 0.1266548 0.0620299 0.0624009 0.0880666 0.1754949 0.0000000 0.0668255 0.1829622 0.1212983 0.0585256 0.0747183 0.1046568 0.1595012 0.0574242 0.0835236 0.0856175 0.0841382 0.1131807 0.1112420 0.1378377 0.1413640 0.1561966 0.1194012 0.0970970 0.0990067 0.1392169 0.1338096 0.1002413 0.1257803 0.1618644 0.0662621 0.0927811 0.1434601 0.0620299 0.0761566 0.0929451 0.1474341 0.1549878 0.1605172 0.1155930 0.1130637 0.1229875 0.1227764 0.1122983 0.0720188 0.0625146 0.0598580 0.0879839 0.0528811 0.1085735 0.0988631 0.0811387 0.0835236 0.1331898 0.0714995 0.1540179 0.0895733 0.1140839 0.0713998 0.1830294 0.0621767 0.1369804 0.0711689 0.0831975 0.1342748 0.1235633 0.1492156 0.1082044 0.0981874 0.1665552 0.0852336 0.1138853 0.1061030 0.1135268 
S0643         0.2902511 0.0410555 0.0175441 0.0366543 0.1418060 0.1357016 0.1836122 0.1166996 0.0086793 0.0087298 0.0799718 0.1496338 0.0668255 0.0000000 0.1513071 0.1089217 0.0514743 0.0138887 0.0863308 0.1610350 0.0130709 0.0740460 0.0315413 0.0746553 0.1201177 0.0991905 0.0839034 0.1207175 0.1587265 0.1273995 0.0836382 0.0790257 0.1456120 0.1301437 0.0926523 0.1225652 0.1847601 0.0409587 0.0850516 0.1505292 0.0086793 0.0365694 0.0904650 0.1454759 0.1281363 0.1341350 0.0977365 0.1138683 0.1312738 0.1273819 0.1144782 0.0177969 0.0087486 0.0372158 0.0743020 0.0267693 0.1084818 0.0917219 0.0416777 0.0740460 0.1230882 0.0176728 0.1216814 0.0923997 0.1205998 0.0176477 0.1653491 0.0271494 0.0951355 0.0221634 0.0678916 0.1318752 0.1140069 0.1157390 0.1010466 0.0964841 0.1611079 0.0815446 0.1203700 0.0777511 0.1016171 
S0645sl       0.2377055 0.1719228 0.1630232 0.1912733 0.1382524 0.1725435 0.0482549 0.1304469 0.1518994 0.1530739 0.1061114 0.0396424 0.1829622 0.1513071 0.0000000 0.0547461 0.1398188 0.1217198 0.1234357 0.1674712 0.1571663 0.1035543 0.1591970 0.1143469 0.1660912 0.1342949 0.2008355 0.1656897 0.1478576 0.1540378 0.1306852 0.1257054 0.1534393 0.1451489 0.1165913 0.1365664 0.2203347 0.1501140 0.1258481 0.1637921 0.1518994 0.1566693 0.1161775 0.0402464 0.0623499 0.0667853 0.0763361 0.1494081 0.1771196 0.1434945 0.1396757 0.1660274 0.1533016 0.1496882 0.1308704 0.1562506 0.1113377 0.1335547 0.1527623 0.1035543 0.0664388 0.1515650 0.1348837 0.1333872 0.1172968 0.1642114 0.0403808 0.1587084 0.0721210 0.1621342 0.1437540 0.1589165 0.1506229 0.0669221 0.1309345 0.1112531 0.1611096 0.0857537 0.1071477 0.1782363 0.1267117 
S0656sl       0.2393634 0.1494428 0.1271824 0.1502632 0.1204304 0.1129298 0.0541589 0.1024491 0.1146651 0.1156455 0.1375744 0.0590844 0.1212983 0.1089217 0.0547461 0.0000000 0.1009257 0.1233932 0.0865726 0.1360384 0.1206535 0.0698855 0.1359951 0.0757218 0.1118724 0.1092592 0.1918278 0.1262851 0.1423826 0.1109565 0.1120739 0.1217319 0.1290471 0.1214835 0.0774046 0.1240125 0.1407589 0.1252169 0.1122963 0.1340411 0.1146651 0.1357261 0.0949751 0.0488288 0.0545889 0.0598628 0.0186583 0.0926737 0.1152462 0.1322021 0.1338073 0.1298217 0.1158777 0.1034895 0.1122963 0.1198382 0.1074687 0.1150170 0.1154527 0.0698855 0.0550534 0.1144260 0.1036524 0.1087772 0.1008912 0.1282300 0.0592841 0.1279861 0.0163114 0.1264469 0.1202753 0.1454157 0.1337366 0.0492934 0.0999234 0.1012684 0.1553022 0.0606396 0.0948570 0.1380943 0.1197483 
S0689         0.2269718 0.0627727 0.0578477 0.0775377 0.1217325 0.1406724 0.1412755 0.1043314 0.0491005 0.0493859 0.0479453 0.1494407 0.0585256 0.0514743 0.1398188 0.1009257 0.0000000 0.0489288 0.0779540 0.1470237 0.0533818 0.0586815 0.0627984 0.0683519 0.1219405 0.0837323 0.1159958 0.1224625 0.1326558 0.1282341 0.0667080 0.0633917 0.1222459 0.1149012 0.0737222 0.1091956 0.1567599 0.0665666 0.0727858 0.1317473 0.0491005 0.0628059 0.0728796 0.1338805 0.1241362 0.1292815 0.1034439 0.1170007 0.1260961 0.1130924 0.0733422 0.0586718 0.0494788 0.0503401 0.0682109 0.0531095 0.0876314 0.0783628 0.0623965 0.0586815 0.1143974 0.0582608 0.1342287 0.0646822 0.0927813 0.0581806 0.1449508 0.0492150 0.1152766 0.0579983 0.0449723 0.1111976 0.1018824 0.1188289 0.0804794 0.0683042 0.1197944 0.0598139 0.0926005 0.0958337 0.0824982 
S0690         0.2561679 0.0353892 0.0112705 0.0356170 0.1529175 0.1491143 0.1539966 0.0895717 0.0000010 0.0056270 0.0620558 0.1369494 0.0747183 0.0138887 0.1217198 0.1233932 0.0489288 0.0000000 0.0918738 0.1646041 0.0170338 0.0761051 0.0231904 0.0769114 0.1481209 0.0984709 0.0790023 0.1359451 0.1502704 0.1464226 0.0903021 0.0991381 0.1334171 0.1326246 0.0903020 0.0991996 0.1382977 0.0478937 0.0747405 0.1573704 0.0000010 0.0424208 0.0822772 0.1379818 0.1393473 0.1472262 0.1227441 0.1238271 0.1392882 0.1086212 0.1204645 0.0114780 0.0114177 0.0298174 0.0680853 0.0414076 0.0823947 0.0976138 0.0489958 0.0761051 0.1229194 0.0113232 0.1375280 0.0622006 0.0833824 0.0172042 0.1448970 0.0357942 0.1353928 0.0171352 0.0844373 0.1145280 0.1050454 0.1312071 0.1141948 0.0680735 0.1557413 0.0911960 0.0913644 0.0897374 0.0893976 
S0720         0.2202763 0.1097304 0.0934731 0.1164841 0.0924853 0.0904188 0.1129162 0.1034473 0.0836942 0.0842460 0.0752929 0.1179252 0.1046568 0.0863308 0.1234357 0.0865726 0.0779540 0.0918738 0.0000000 0.1141891 0.0884260 0.0316442 0.0993069 0.0402667 0.0854012 0.0646776 0.1693951 0.0574397 0.1120368 0.0848933 0.0627351 0.0685279 0.0971547 0.0861253 0.0498866 0.0716756 0.1363601 0.0923391 0.0764117 0.1015776 0.0836942 0.1097477 0.0765150 0.1032807 0.0804894 0.0805614 0.0804630 0.0821124 0.0881679 0.1063081 0.0980675 0.0949710 0.0843984 0.0702794 0.0628751 0.0879427 0.0815243 0.0729453 0.0938740 0.0316442 0.0761529 0.0835805 0.0614620 0.0730913 0.0959826 0.0940734 0.1233709 0.0939313 0.0872469 0.0831702 0.0773884 0.0996695 0.1021445 0.0758347 0.0701864 0.0719700 0.1002329 0.0493601 0.0958020 0.1275852 0.0958408 
S0735         0.3023326 0.1938872 0.1786129 0.1829656 0.0807703 0.1631885 0.1475012 0.1669462 0.1665664 0.1679700 0.1341838 0.1775713 0.1595012 0.1610350 0.1674712 0.1360384 0.1470237 0.1646041 0.1141891 0.0000000 0.1598834 0.1104606 0.1865822 0.1221712 0.1448813 0.1475151 0.2182223 0.1417659 0.0279472 0.1329533 0.1486220 0.1578001 0.0198908 0.0198542 0.1279418 0.1639221 0.1944993 0.1350553 0.1433940 0.0320837 0.1665664 0.1813769 0.1438325 0.1438881 0.1507473 0.1498967 0.1259229 0.1654534 0.1592543 0.1870692 0.1339833 0.1821929 0.1682203 0.1578336 0.1380268 0.1531094 0.1617022 0.1347406 0.1802065 0.1104606 0.1457963 0.1661474 0.1639086 0.1408608 0.1603588 0.1739527 0.1729208 0.1797064 0.1267650 0.1651275 0.1408629 0.1862295 0.1821547 0.1449901 0.1274344 0.1499564 0.1518648 0.1078302 0.1601543 0.1639053 0.1674282 
S0756         0.2800578 0.0396540 0.0191621 0.0275468 0.1426086 0.1308018 0.1765892 0.1194825 0.0113913 0.0114493 0.0619224 0.1555142 0.0574242 0.0130709 0.1571663 0.1206535 0.0533818 0.0170338 0.0884260 0.1598834 0.0000000 0.0776400 0.0313866 0.0781984 0.1124823 0.1048747 0.0678995 0.1235714 0.1448123 0.1186473 0.0912598 0.0930194 0.1395325 0.1263511 0.0990809 0.1249653 0.1606938 0.0395733 0.0965284 0.1437852 0.0113913 0.0401801 0.0967055 0.1397387 0.1357402 0.1410193 0.1087515 0.1020781 0.1162871 0.1234186 0.1282113 0.0194030 0.0114715 0.0405558 0.0823050 0.0272280 0.1122759 0.1026278 0.0445875 0.0776400 0.1257818 0.0192846 0.1245301 0.0934058 0.1177733 0.0192608 0.1624914 0.0275648 0.1162653 0.0271908 0.0723412 0.1273071 0.1170918 0.1302705 0.1069079 0.0919257 0.1639142 0.0842681 0.1175755 0.0760920 0.1068529 
S0760         0.2255554 0.0980209 0.0824878 0.1043548 0.0865681 0.1009377 0.0956857 0.0775182 0.0730631 0.0735254 0.0763710 0.0983219 0.0835236 0.0740460 0.1035543 0.0698855 0.0586815 0.0761051 0.0316442 0.1104606 0.0776400 0.0000000 0.0880222 0.0076636 0.0957217 0.0552576 0.1502201 0.0701985 0.1083599 0.0854442 0.0445817 0.0497566 0.0934009 0.0823740 0.0367464 0.0712999 0.1489438 0.0918267 0.0575929 0.0974961 0.0730631 0.0980460 0.0489901 0.0842278 0.0621554 0.0665773 0.0621455 0.0816673 0.0989024 0.0847642 0.0815116 0.0837588 0.0736598 0.0750214 0.0532600 0.0772258 0.0625503 0.0541970 0.0926929 0.0000010 0.0579217 0.0831192 0.0708971 0.0541208 0.0670066 0.0829986 0.1034946 0.0828770 0.0719030 0.0827137 0.0678313 0.0834604 0.0815935 0.0576943 0.0464905 0.0534800 0.0783523 0.0278046 0.0668629 0.1167932 0.0669008 
S0763         0.2941203 0.0572218 0.0273199 0.0355213 0.1821227 0.1667817 0.1941993 0.1314212 0.0193326 0.0275156 0.0758846 0.1691938 0.0856175 0.0315413 0.1591970 0.1359951 0.0627984 0.0231904 0.0993069 0.1865822 0.0313866 0.0880222 0.0000000 0.0987709 0.1400534 0.1164463 0.0793391 0.1361068 0.1700845 0.1530300 0.1019830 0.1040039 0.1645079 0.1501892 0.1103751 0.1265251 0.1997358 0.0660057 0.0976516 0.1687965 0.0193326 0.0483497 0.1076663 0.1528937 0.1374565 0.1428123 0.1262183 0.1194844 0.1514338 0.1359072 0.1283646 0.0276733 0.0275685 0.0585750 0.0928166 0.0526835 0.1237529 0.1137719 0.0528417 0.0880222 0.1273599 0.0274992 0.1372018 0.1044360 0.1187251 0.0357117 0.1646045 0.0446507 0.1363630 0.0356090 0.0824850 0.1397535 0.1287387 0.1319045 0.1187278 0.1027495 0.1478273 0.0950952 0.1084603 0.1006508 0.1181520 
S0770         0.2459243 0.0987568 0.0830864 0.1051563 0.0876161 0.1016860 0.1081585 0.0878298 0.0735857 0.0740551 0.0780122 0.0990270 0.0841382 0.0746553 0.1143469 0.0757218 0.0683519 0.0769114 0.0402667 0.1221712 0.0781984 0.0076636 0.0987709 0.0000000 0.0964226 0.0650076 0.1519272 0.0799176 0.1197972 0.0860550 0.0536614 0.0591548 0.1043569 0.0928329 0.0457498 0.0812197 0.1501871 0.0925010 0.0670381 0.1084936 0.0735857 0.0987816 0.0582210 0.0944073 0.0717728 0.0763159 0.0668994 0.0868065 0.0996532 0.0956298 0.0980589 0.0843773 0.0741913 0.0755735 0.0625887 0.0777782 0.0722265 0.0637203 0.0933794 0.0076636 0.0674507 0.0837274 0.0807392 0.0636304 0.0768184 0.0836050 0.1142837 0.0834816 0.0778685 0.0833156 0.0777897 0.0941107 0.0919596 0.0671738 0.0560023 0.0628693 0.0893753 0.0363944 0.0766594 0.1176837 0.0766990 
S0952         0.2657386 0.1355560 0.1284683 0.1251797 0.0471970 0.0489744 0.1526326 0.1474123 0.1180602 0.1189011 0.1336512 0.1636270 0.1131807 0.1201177 0.1660912 0.1118724 0.1219405 0.1481209 0.0854012 0.1448813 0.1124823 0.0957217 0.1400534 0.0964226 0.0000000 0.1071486 0.2204720 0.1055910 0.1419789 0.0358288 0.1111495 0.1133713 0.1257541 0.1182992 0.1080818 0.1326934 0.0637833 0.1060168 0.1423946 0.1089844 0.1180602 0.1187604 0.1165311 0.1369485 0.1330133 0.1331185 0.1066302 0.0529619 0.0594604 0.1373501 0.1698501 0.1306721 0.1190966 0.1200414 0.1270344 0.1118581 0.1493035 0.1242485 0.1113830 0.0957217 0.1340915 0.1178511 0.1101875 0.1399459 0.1337429 0.1293451 0.1706644 0.1291414 0.1124618 0.1172306 0.1335260 0.1439040 0.1455471 0.1385264 0.1280960 0.1337550 0.1604862 0.0931526 0.1266565 0.1213571 0.1501654 
S0959         0.2140010 0.1164465 0.1051990 0.1348038 0.1052231 0.1250461 0.1239141 0.0641908 0.0999411 0.1006366 0.0605807 0.1233369 0.1112420 0.0991905 0.1342949 0.1092592 0.0837323 0.0984709 0.0646776 0.1475151 0.1048747 0.0552576 0.1164463 0.0650076 0.1071486 0.0000000 0.1992856 0.1189308 0.1445066 0.1076069 0.0370836 0.0468509 0.1279567 0.1152924 0.0244511 0.0740535 0.1461191 0.1032318 0.0584984 0.1434864 0.0999411 0.1164582 0.0452227 0.1128029 0.0940734 0.0989872 0.0993963 0.0926227 0.0983820 0.0712720 0.0745492 0.1120488 0.1008139 0.1016431 0.0453637 0.1042843 0.0635587 0.0506353 0.1106588 0.0552576 0.0894713 0.0997825 0.1096613 0.0549764 0.0690822 0.1039450 0.1342251 0.1002067 0.1166743 0.0992681 0.0997478 0.0644418 0.0787012 0.0890632 0.0477331 0.0590710 0.1229551 0.0607522 0.0681923 0.1345825 0.0729561 
S1052sl       0.3252669 0.0998028 0.0870717 0.0673861 0.1925432 0.2185705 0.2260203 0.1947653 0.0744195 0.0750521 0.0619224 0.2174353 0.1378377 0.0839034 0.2008355 0.1918278 0.1159958 0.0790023 0.1693951 0.2182223 0.0678995 0.1502201 0.0793391 0.1519272 0.2204720 0.1992856 0.0000000 0.1993447 0.2076840 0.2427997 0.1617222 0.1832179 0.1981997 0.2066386 0.1663368 0.1988454 0.2318846 0.1081730 0.1753566 0.2335681 0.0744195 0.1011844 0.1842071 0.1891657 0.2232074 0.2317466 0.2042535 0.1865340 0.2269341 0.2108791 0.2179005 0.0818403 0.0676350 0.1039137 0.1675810 0.0943804 0.1857104 0.1885875 0.0871638 0.1502201 0.2046172 0.0875391 0.2108778 0.1726406 0.2147480 0.0814370 0.2260733 0.1030369 0.2232583 0.1007453 0.1483912 0.2111476 0.2014674 0.2140729 0.1943032 0.1662744 0.2486254 0.1680166 0.2247544 0.1394926 0.1918812 
S1083         0.3015606 0.1583060 0.1400052 0.1545710 0.1085078 0.1213414 0.1591625 0.1622327 0.1293377 0.1302869 0.1339497 0.1647230 0.1413640 0.1207175 0.1656897 0.1262851 0.1224625 0.1359451 0.0574397 0.1417659 0.1235714 0.0701985 0.1361068 0.0799176 0.1055910 0.1189308 0.1993447 0.0000000 0.1389967 0.0950120 0.1151228 0.1174174 0.1232049 0.1111550 0.0900153 0.1049814 0.1578573 0.1167947 0.1104127 0.1068707 0.1293377 0.1467649 0.1305025 0.1381562 0.1243988 0.1194680 0.1238253 0.1063761 0.1075505 0.1673563 0.1462646 0.1424710 0.1304949 0.1152394 0.1055631 0.1123500 0.1469715 0.1326046 0.1405608 0.0701985 0.1150219 0.1290894 0.0355815 0.1275582 0.1414355 0.1298981 0.1708295 0.1407582 0.1269718 0.1283915 0.1214577 0.1418622 0.1602151 0.1192877 0.1202895 0.1361161 0.1217342 0.0951847 0.1418275 0.1430281 0.1522111 
S1100         0.2849262 0.1700304 0.1626150 0.1663801 0.0971252 0.1533678 0.1449735 0.1634329 0.1511203 0.1523270 0.1014437 0.1576551 0.1561966 0.1587265 0.1478576 0.1423826 0.1326558 0.1502704 0.1120368 0.0279472 0.1448123 0.1083599 0.1700845 0.1197972 0.1419789 0.1445066 0.2076840 0.1389967 0.0000000 0.1303416 0.1456724 0.1545721 0.0155712 0.0195297 0.1254377 0.1659906 0.2023270 0.1212718 0.1405609 0.0315544 0.1511203 0.1650141 0.1409735 0.1358116 0.1477150 0.1468959 0.1234959 0.1620066 0.1559632 0.1771495 0.1284144 0.1657161 0.1525619 0.1425539 0.1353103 0.1384098 0.1584271 0.1320582 0.1640261 0.1083599 0.1428615 0.1507779 0.1606485 0.1380249 0.1570207 0.1580327 0.1530794 0.1635618 0.1205985 0.1498964 0.1216685 0.1822135 0.1783166 0.1420917 0.1356683 0.1356976 0.1616353 0.0941008 0.1568176 0.1487994 0.1523748 
S1120         0.2950723 0.1422640 0.1349532 0.1378130 0.0613774 0.0629898 0.1390720 0.1535024 0.1243544 0.1252590 0.1039085 0.1518042 0.1194012 0.1273995 0.1540378 0.1109565 0.1282341 0.1464226 0.0848933 0.1329533 0.1186473 0.0854442 0.1530300 0.0860550 0.0358288 0.1076069 0.2427997 0.0950120 0.1303416 0.0000000 0.1215681 0.1240425 0.1145860 0.1075127 0.1073441 0.1436734 0.0820269 0.1021360 0.1490145 0.0983563 0.1243544 0.1310415 0.1270963 0.1258214 0.1428622 0.1429706 0.1059156 0.0670511 0.0492652 0.1374275 0.1764536 0.1373132 0.1254626 0.1264582 0.1334071 0.1179809 0.1561144 0.1291687 0.1300401 0.0854442 0.1330685 0.1139302 0.0995010 0.1466638 0.1147463 0.1358909 0.1585410 0.1356738 0.1060053 0.1234567 0.1400787 0.1411588 0.1701139 0.1374574 0.1271128 0.1448320 0.1590112 0.0925578 0.1271996 0.1329446 0.1615917 
S1128         0.2147718 0.1019713 0.0962277 0.1188899 0.1222283 0.1166251 0.1272153 0.0586410 0.0866083 0.0871708 0.0745834 0.1249764 0.0970970 0.0836382 0.1306852 0.1120739 0.0667080 0.0903021 0.0627351 0.1486220 0.0912598 0.0445817 0.1019830 0.0536614 0.1111495 0.0370836 0.1617222 0.1151228 0.1456724 0.1215681 0.0000000 0.0157354 0.1295388 0.1171514 0.0239367 0.0685052 0.1531875 0.1057279 0.0489273 0.1446699 0.0866083 0.1019937 0.0318101 0.1098892 0.0864909 0.0912006 0.0962601 0.0966385 0.1136923 0.0558063 0.0665851 0.0977441 0.0873240 0.0987317 0.0362330 0.0907705 0.0537223 0.0363030 0.1012708 0.0445817 0.0820553 0.0969780 0.1061527 0.0453726 0.0683409 0.0968352 0.1306178 0.0868256 0.1123628 0.0964934 0.0807955 0.0594350 0.0538243 0.0817000 0.0374952 0.0448363 0.0954635 0.0453202 0.0681923 0.1430636 0.0491350 
S1129sl       0.2135327 0.1039935 0.0981017 0.1213547 0.1337114 0.1189893 0.1438325 0.0693070 0.0882675 0.0888540 0.0910080 0.1311628 0.0990067 0.0790257 0.1257054 0.1217319 0.0633917 0.0991381 0.0685279 0.1578001 0.0930194 0.0497566 0.1040039 0.0591548 0.1133713 0.0468509 0.1832179 0.1174174 0.1545721 0.1240425 0.0157354 0.0000000 0.1371172 0.1248719 0.0329432 0.0690514 0.1565924 0.1078154 0.0589601 0.1477678 0.0882675 0.0924350 0.0410394 0.1229385 0.0985098 0.1034366 0.1036218 0.0985296 0.1160291 0.0666732 0.0831899 0.0996835 0.0890124 0.1007092 0.0457247 0.0925106 0.0640636 0.0370437 0.1032611 0.0497566 0.0883687 0.0988839 0.1139141 0.0504759 0.0795691 0.0987350 0.1337353 0.0884937 0.1145339 0.0983782 0.0823067 0.0702978 0.0642090 0.0934777 0.0376527 0.0547474 0.0964346 0.0504243 0.0794009 0.1460944 0.0685308 
S1148         0.2561018 0.1638028 0.1571519 0.1607530 0.0723466 0.1362536 0.1382046 0.1460836 0.1457597 0.1469113 0.1162293 0.1632546 0.1392169 0.1456120 0.1534393 0.1290471 0.1222459 0.1334171 0.0971547 0.0198908 0.1395325 0.0934009 0.1645079 0.1043569 0.1257541 0.1279567 0.1981997 0.1232049 0.0155712 0.1145860 0.1295388 0.1371172 0.0000000 0.0077127 0.1098057 0.1488934 0.1834260 0.1162577 0.1245679 0.0194724 0.1457597 0.1594489 0.1248855 0.1188507 0.1313350 0.1306068 0.1081258 0.1448493 0.1390283 0.1576792 0.1144311 0.1601190 0.1471421 0.1371874 0.1194540 0.1332099 0.1417789 0.1160706 0.1585122 0.0934009 0.1265433 0.1454400 0.1442593 0.1153887 0.1399483 0.1525652 0.1586887 0.1580576 0.1145601 0.1445979 0.1217810 0.1641564 0.1607227 0.1258931 0.1139131 0.1306264 0.1381185 0.0856177 0.1397387 0.1435362 0.1471527 
S1180         0.2641999 0.1620791 0.1432320 0.1463758 0.0719122 0.1348855 0.1306361 0.1325681 0.1322807 0.1332785 0.1162293 0.1495668 0.1338096 0.1301437 0.1451489 0.1214835 0.1149012 0.1326246 0.0861253 0.0198542 0.1263511 0.0823740 0.1501892 0.0928329 0.1182992 0.1152924 0.2066386 0.1111550 0.0195297 0.1075127 0.1171514 0.1248719 0.0077127 0.0000000 0.0980618 0.1406716 0.1737872 0.1041035 0.1123524 0.0194372 0.1322807 0.1452425 0.1126018 0.1126921 0.1187390 0.1180900 0.0965950 0.1366676 0.1259207 0.1591716 0.1137448 0.1458249 0.1334939 0.1238342 0.1074117 0.1203271 0.1288330 0.1039829 0.1444441 0.0823740 0.1140653 0.1320171 0.1314675 0.1094216 0.1267265 0.1387125 0.1450778 0.1440236 0.1010899 0.1312838 0.1094260 0.1498467 0.1468113 0.1135085 0.1066973 0.1180897 0.1353834 0.0793690 0.1265201 0.1303268 0.1339806 
S1189         0.2016130 0.1103698 0.1042880 0.1282520 0.0957975 0.1035912 0.0981536 0.0553709 0.0942311 0.0948729 0.0605807 0.1110411 0.1002413 0.0926523 0.1165913 0.0774046 0.0737222 0.0903020 0.0498866 0.1279418 0.0990809 0.0367464 0.1103751 0.0457498 0.1080818 0.0244511 0.1663368 0.0900153 0.1254377 0.1073441 0.0239367 0.0329432 0.1098057 0.0980618 0.0000000 0.0601016 0.1356440 0.1029890 0.0496835 0.1246070 0.0942311 0.1103867 0.0322878 0.0962320 0.0731519 0.0777853 0.0779292 0.0934195 0.0873714 0.0613686 0.0665674 0.1060100 0.0950413 0.0908497 0.0410472 0.0985304 0.0457679 0.0370919 0.1047308 0.0367464 0.0687480 0.0940902 0.0813316 0.0373666 0.0694547 0.1049764 0.1165265 0.0944774 0.0907984 0.0936139 0.0781813 0.0599779 0.0688625 0.0684609 0.0376822 0.0455295 0.0923366 0.0459085 0.0693021 0.1232117 0.0589185 
S1201sl       0.2345444 0.1265363 0.1304924 0.1426569 0.1304082 0.1340953 0.1391581 0.0824361 0.1198994 0.1207693 0.1068070 0.1408950 0.1257803 0.1225652 0.1365664 0.1240125 0.1091956 0.0991996 0.0716756 0.1639221 0.1249653 0.0712999 0.1265251 0.0812197 0.1326934 0.0740535 0.1988454 0.1049814 0.1659906 0.1436734 0.0685052 0.0690514 0.1488934 0.1406716 0.0601016 0.0000000 0.1875435 0.1287857 0.0624083 0.1647725 0.1198994 0.1371330 0.0672792 0.1253125 0.1012810 0.1061318 0.1213078 0.1075075 0.1549456 0.0793114 0.0984754 0.1327724 0.1209697 0.1219413 0.0580042 0.1242526 0.0816125 0.0823143 0.1434013 0.0712999 0.0967604 0.1196806 0.1216490 0.0637870 0.0719403 0.1313990 0.1467848 0.1202269 0.1421967 0.1190400 0.1083135 0.0781848 0.0719703 0.0963199 0.0802608 0.0720482 0.1183960 0.0725301 0.0667268 0.1682797 0.0861732 
S1210         0.2625590 0.1879219 0.1790491 0.1706584 0.0698646 0.1100027 0.1780862 0.1685050 0.1672449 0.1686260 0.1154419 0.2166486 0.1618644 0.1847601 0.2203347 0.1407589 0.1567599 0.1382977 0.1363601 0.1944993 0.1606938 0.1489438 0.1997358 0.1501871 0.0637833 0.1461191 0.2318846 0.1578573 0.2023270 0.0820269 0.1531875 0.1565924 0.1834260 0.1737872 0.1356440 0.1875435 0.0000000 0.1418320 0.1883267 0.1636290 0.1672449 0.1515539 0.1593844 0.1860454 0.1781964 0.1783207 0.1623034 0.0938368 0.0674325 0.1781469 0.1490511 0.1825651 0.1688712 0.1646921 0.1712598 0.1371785 0.1966266 0.1689115 0.1806137 0.1489438 0.1797898 0.1608834 0.1513304 0.1770320 0.1728439 0.1688426 0.2253472 0.1801233 0.1855060 0.1658280 0.1787811 0.1721665 0.1813575 0.1844625 0.1493034 0.1794639 0.2269615 0.1420694 0.1801576 0.1794659 0.1980284 
S1211         0.2997794 0.0751004 0.0523438 0.0532161 0.1049452 0.1346198 0.1678251 0.1151411 0.0438735 0.0441202 0.0474189 0.1485593 0.0662621 0.0409587 0.1501140 0.1252169 0.0665666 0.0478937 0.0923391 0.1350553 0.0395733 0.0918267 0.0660057 0.0925010 0.1060168 0.1032318 0.1081730 0.1167947 0.1212718 0.1021360 0.1057279 0.1078154 0.1162577 0.1041035 0.1029890 0.1287857 0.1418320 0.0000000 0.1111798 0.1204655 0.0438735 0.0572774 0.1114215 0.1330805 0.1395039 0.1447509 0.1126108 0.0864175 0.1095178 0.1398048 0.1281304 0.0530642 0.0442025 0.0540089 0.0966048 0.0192476 0.1274763 0.1176276 0.0707757 0.0918267 0.1296137 0.0438359 0.1072737 0.1082574 0.1229625 0.0441609 0.1553268 0.0525652 0.1204693 0.0521696 0.0812117 0.1435867 0.1222605 0.1340580 0.1226315 0.1065204 0.1825465 0.0989691 0.1227626 0.0660733 0.1218883 
S1214sl       0.2055717 0.1074323 0.1015689 0.1246592 0.1311381 0.1379422 0.1274344 0.0534536 0.0918238 0.0924294 0.1019124 0.1301407 0.0927811 0.0850516 0.1258481 0.1122963 0.0727858 0.0747405 0.0764117 0.1433940 0.0965284 0.0575929 0.0976516 0.0670381 0.1423946 0.0584984 0.1753566 0.1104127 0.1405609 0.1490145 0.0489273 0.0589601 0.1245679 0.1123524 0.0496835 0.0624083 0.1883267 0.1111798 0.0000000 0.1396036 0.0918238 0.1074510 0.0354710 0.1052325 0.0913734 0.0961216 0.1012357 0.1271079 0.1413362 0.0685964 0.0446741 0.1031916 0.0925901 0.0943421 0.0114745 0.0960071 0.0355826 0.0360212 0.1130426 0.0575929 0.0869162 0.1023705 0.1112272 0.0276227 0.0629188 0.1022182 0.1257816 0.0920566 0.1125625 0.0922044 0.0779635 0.0720584 0.0574003 0.0865341 0.0649242 0.0396993 0.1014806 0.0541524 0.0534001 0.1277736 0.0484300 
S1223         0.2741435 0.1755787 0.1614121 0.1651105 0.0795513 0.1364216 0.1563661 0.1622162 0.1500289 0.1512148 0.1459977 0.1791416 0.1434601 0.1505292 0.1637921 0.1340411 0.1317473 0.1573704 0.1015776 0.0320837 0.1437852 0.0974961 0.1687965 0.1084936 0.1089844 0.1434864 0.2335681 0.1068707 0.0315544 0.0983563 0.1446699 0.1477678 0.0194724 0.0194372 0.1246070 0.1647725 0.1636290 0.1204655 0.1396036 0.0000000 0.1500289 0.1637695 0.1400072 0.1400677 0.1354958 0.1347506 0.1122143 0.1382467 0.1325365 0.1815874 0.1384132 0.1644586 0.1514471 0.1415273 0.1343982 0.1374460 0.1572979 0.1311614 0.1628008 0.0974961 0.1366126 0.1496937 0.1271787 0.1370703 0.1558727 0.1568649 0.1746007 0.1623423 0.1192585 0.1488269 0.1259848 0.1807949 0.1769656 0.1411110 0.1291115 0.1459241 0.1548551 0.0998944 0.1556705 0.1477452 0.1628239 
S1227         0.2719969 0.0355643 0.0075555 0.0317308 0.1529175 0.1367875 0.1780460 0.1144750 0.0000010 0.0076061 0.0620558 0.1503063 0.0620299 0.0086793 0.1518994 0.1146651 0.0491005 0.0000010 0.0836942 0.1665664 0.0113913 0.0730631 0.0193326 0.0735857 0.1180602 0.0999411 0.0744195 0.1293377 0.1511203 0.1243544 0.0866083 0.0882675 0.1457597 0.1322807 0.0942311 0.1198994 0.1672449 0.0438735 0.0918238 0.1500289 0.0000000 0.0360345 0.0919825 0.1457506 0.1305999 0.1358468 0.1038452 0.1074844 0.1221062 0.1182109 0.1204645 0.0076473 0.0076212 0.0363688 0.0776965 0.0313576 0.1074175 0.0977471 0.0403899 0.0730631 0.1206889 0.0076026 0.1303557 0.0886362 0.1025436 0.0153549 0.1571876 0.0235430 0.1105131 0.0153138 0.0678400 0.1221359 0.1121910 0.1251750 0.1018809 0.0872356 0.1580656 0.0795365 0.1023546 0.0810071 0.1020413 
S1235sl       0.2855438 0.0579792 0.0444689 0.0531832 0.1628113 0.1555746 0.2022168 0.1209704 0.0360345 0.0362356 0.0487295 0.1604915 0.0761566 0.0365694 0.1566693 0.1357261 0.0628059 0.0424208 0.1097477 0.1813769 0.0401801 0.0980460 0.0483497 0.0987816 0.1187604 0.1164582 0.1011844 0.1467649 0.1650141 0.1310415 0.1019937 0.0924350 0.1594489 0.1452425 0.1103867 0.1371330 0.1515539 0.0572774 0.1074510 0.1637695 0.0360345 0.0000000 0.1076775 0.1645809 0.1488878 0.1543492 0.1208086 0.1244295 0.1289195 0.1359200 0.0964639 0.0450776 0.0363051 0.0686874 0.0928268 0.0357627 0.1237648 0.1191237 0.0358600 0.0980460 0.1386238 0.0447757 0.1479644 0.1044471 0.1192131 0.0362688 0.1765772 0.0361165 0.1232130 0.0533040 0.0824943 0.1397662 0.1185184 0.1432002 0.1078123 0.1027603 0.1508530 0.0852672 0.1190125 0.0722151 0.1181637 
S1238sl       0.2082463 0.1076588 0.1017674 0.1249780 0.1316460 0.1221081 0.1101751 0.0321018 0.0919825 0.0925915 0.1025287 0.1204865 0.0929451 0.0904650 0.1161775 0.0949751 0.0728796 0.0822772 0.0765150 0.1438325 0.0967055 0.0489901 0.1076663 0.0582210 0.1165311 0.0452227 0.1842071 0.1305025 0.1409735 0.1270963 0.0318101 0.0410394 0.1248855 0.1126018 0.0322878 0.0672792 0.1593844 0.1114215 0.0354710 0.1400072 0.0919825 0.1076775 0.0000000 0.0958388 0.0820944 0.0867890 0.0823538 0.1116530 0.1192366 0.0372782 0.0657271 0.1034005 0.0927531 0.0945151 0.0314022 0.0961812 0.0399227 0.0277036 0.1132970 0.0489901 0.0776603 0.1025741 0.1214150 0.0318759 0.0456709 0.1024208 0.1161127 0.0922166 0.0902744 0.1020519 0.0875199 0.0409846 0.0447877 0.0679029 0.0463807 0.0195408 0.1014536 0.0454604 0.0407886 0.1384424 0.0235541 
S1239         0.2108778 0.1675642 0.1567366 0.1721756 0.1290162 0.1351336 0.0375901 0.1088949 0.1457506 0.1468605 0.1345503 0.0357914 0.1474341 0.1454759 0.0402464 0.0488288 0.1338805 0.1379818 0.1032807 0.1438881 0.1397387 0.0842278 0.1528937 0.0944073 0.1369485 0.1128029 0.1891657 0.1381562 0.1358116 0.1258214 0.1098892 0.1229385 0.1188507 0.1126921 0.0962320 0.1253125 0.1860454 0.1330805 0.1052325 0.1400677 0.1457506 0.1645809 0.0958388 0.0000000 0.0446233 0.0488856 0.0533481 0.1212971 0.1358489 0.1143905 0.1398950 0.1595866 0.1470831 0.1434505 0.1100715 0.1389401 0.0912155 0.1071395 0.1465781 0.0842278 0.0580421 0.1454409 0.1087680 0.1120990 0.0967241 0.1578649 0.0318063 0.1524299 0.0616336 0.1559007 0.1378231 0.1359180 0.1283815 0.0489801 0.1153642 0.1010141 0.1500911 0.0719180 0.0869864 0.1602656 0.1161247 
S1245         0.2341250 0.1718456 0.1413841 0.1681630 0.1118742 0.1500795 0.0691883 0.0994191 0.1305999 0.1315693 0.1191142 0.0576576 0.1549878 0.1281363 0.0623499 0.0545889 0.1241362 0.1393473 0.0804894 0.1507473 0.1357402 0.0621554 0.1374565 0.0717728 0.1330133 0.0940734 0.2232074 0.1243988 0.1477150 0.1428622 0.0864909 0.0985098 0.1313350 0.1187390 0.0731519 0.1012810 0.1781964 0.1395039 0.0913734 0.1354958 0.1305999 0.1488878 0.0820944 0.0446233 0.0000000 0.0037819 0.0494212 0.1177990 0.1430917 0.1117873 0.1330368 0.1439027 0.1317804 0.1333949 0.0961319 0.1349596 0.0869238 0.0980006 0.1313495 0.0621554 0.0194263 0.1303455 0.1052656 0.0866502 0.0923722 0.1423836 0.0623073 0.1370462 0.0571319 0.1406625 0.1231001 0.1208175 0.1136879 0.0114892 0.0907486 0.0871210 0.1287329 0.0587449 0.0826680 0.1563608 0.1019049 
S1246         0.2342868 0.1774948 0.1467166 0.1738598 0.1108754 0.1501923 0.0744972 0.1043992 0.1358468 0.1368656 0.1191142 0.0620350 0.1605172 0.1341350 0.0667853 0.0598628 0.1292815 0.1472262 0.0805614 0.1498967 0.1410193 0.0665773 0.1428123 0.0763159 0.1331185 0.0989872 0.2317466 0.1194680 0.1468959 0.1429706 0.0912006 0.1034366 0.1306068 0.1180900 0.0777853 0.1061318 0.1783207 0.1447509 0.0961216 0.1347506 0.1358468 0.1543492 0.0867890 0.0488856 0.0037819 0.0000000 0.0537670 0.1228547 0.1432047 0.1169897 0.1413724 0.1493529 0.1370813 0.1387608 0.1009146 0.1402057 0.0916512 0.1028904 0.1366246 0.0665773 0.0234096 0.1355736 0.1053545 0.0913635 0.0971900 0.1477619 0.0667404 0.1423829 0.0571319 0.1459550 0.1281896 0.1156315 0.1187523 0.0153825 0.0957058 0.0918734 0.1342739 0.0632119 0.0874064 0.1617556 0.1067905 
S1250sl       0.2214472 0.1424809 0.1140505 0.1386308 0.1300380 0.1120659 0.0641490 0.0997465 0.1038452 0.1045659 0.1202346 0.0707548 0.1155930 0.0977365 0.0763361 0.0186583 0.1034439 0.1227441 0.0804630 0.1259229 0.1087515 0.0621455 0.1262183 0.0668994 0.1066302 0.0993963 0.2042535 0.1238253 0.1234959 0.1059156 0.0962601 0.1036218 0.1081258 0.0965950 0.0779292 0.1213078 0.1623034 0.1126108 0.1012357 0.1122143 0.1038452 0.1208086 0.0823538 0.0533481 0.0494212 0.0537670 0.0000000 0.0907910 0.1052932 0.1179563 0.1330060 0.1159643 0.1047462 0.1060100 0.0964371 0.1081444 0.0970868 0.0983181 0.1044403 0.0621455 0.0497694 0.1036779 0.1048165 0.0981837 0.0926686 0.1148140 0.0624970 0.1146352 0.0132403 0.1135263 0.1026278 0.1218711 0.1140637 0.0450554 0.0853822 0.0873982 0.1286239 0.0544108 0.0924880 0.1284891 0.1022335 
S1260         0.2572451 0.1354073 0.1176522 0.1200350 0.0794222 0.0722721 0.1466942 0.1205296 0.1074844 0.1082287 0.1196951 0.1418336 0.1130637 0.1138683 0.1494081 0.0926737 0.1170007 0.1238271 0.0821124 0.1654534 0.1020781 0.0816673 0.1194844 0.0868065 0.0529619 0.0926227 0.1865340 0.1063761 0.1620066 0.0670511 0.0966385 0.0985296 0.1448493 0.1366676 0.0934195 0.1075075 0.0938368 0.0864175 0.1271079 0.1382467 0.1074844 0.1244295 0.1116530 0.1212971 0.1177990 0.1228547 0.0907910 0.0000000 0.0780375 0.1285406 0.1616059 0.1196193 0.1084114 0.1199141 0.1220617 0.0918721 0.1441151 0.1192172 0.1229988 0.0816673 0.1082133 0.1073089 0.0973646 0.1347799 0.1390261 0.1083506 0.1487689 0.1182532 0.1102871 0.1171097 0.1284513 0.1382004 0.1298203 0.1125972 0.1053409 0.1286641 0.1508810 0.0981112 0.1216881 0.1230196 0.1449303 
