126
PAFTOL_019361 0.0000000 0.2695806 0.3257981 0.2854366 0.2862281 0.2740123 0.3548233 0.2662683 0.2785623 0.2572759 0.2932604 0.2559062 0.3009468 0.3011568 0.3026712 0.2911736 0.2607130 0.2609809 0.3167529 0.2859703 0.2798243 0.2636695 0.2518733 0.2970664 0.3175241 0.2607265 0.2665979 0.3107917 0.2986281 0.3030166 0.3021536 0.2958757 0.2731280 0.2900710 0.2630040 0.2878197 0.3257058 0.2846725 0.2856732 0.2721589 0.2541308 0.2927255 0.2888351 0.3033193 0.3060875 0.2736985 0.2635585 0.2660961 0.2650764 0.3056382 0.2678569 0.2645444 0.2906401 0.2790532 0.2927037 0.2904524 0.2808472 0.3164933 0.3009187 0.3507435 0.2654695 0.3212265 0.3061935 0.3203270 0.2964169 0.2844807 0.2870859 0.2690947 0.2878578 0.3074123 0.3156670 0.2767850 0.2990863 0.3001917 0.2825828 0.2900813 0.2631067 0.3055968 0.2555002 0.2618949 0.2579762 0.2793862 0.3873785 0.2779686 0.2880320 0.2624194 0.2877200 0.2848368 0.2666371 0.3143945 0.2682627 0.2752636 0.2801590 0.2669100 0.2689758 0.2701118 0.2635667 0.2886917 0.2716455 0.2650711 0.3490500 0.2830281 0.2622826 0.2947222 0.2609217 0.2881548 0.2530371 0.2595990 0.2711422 0.2627341 0.2620980 0.2700190 0.2794319 0.2940094 0.2768842 0.2664374 0.2904139 0.2667246 0.2652738 0.2800933 0.2867012 0.3247087 0.2570140 0.2699884 0.2902907 0.2857742 
S0055         0.2695806 0.0000000 0.1508011 0.1374904 0.1340562 0.0769595 0.1616741 0.1236977 0.0975919 0.0810934 0.0862426 0.1422913 0.1395378 0.1535556 0.1531374 0.1279610 0.1083091 0.1001169 0.1153053 0.1513213 0.0902396 0.0701287 0.0712359 0.1304534 0.0914332 0.1128752 0.1041893 0.1018014 0.1045251 0.1266921 0.0986578 0.1549984 0.1409541 0.0871122 0.0721145 0.1249666 0.1420559 0.1476432 0.0856172 0.0930754 0.0961736 0.1333284 0.1767790 0.0939647 0.1432715 0.0812613 0.1015886 0.0764618 0.1034833 0.1219571 0.1014253 0.1171414 0.1340925 0.1320334 0.0956756 0.1232488 0.1263530 0.1412332 0.1370554 0.1035188 0.1254683 0.1851470 0.1288073 0.1475927 0.1331353 0.1286115 0.1708039 0.1071738 0.1750657 0.1612898 0.1370639 0.1122095 0.1292580 0.1197285 0.1250580 0.1777434 0.0712856 0.1103234 0.1015575 0.1086420 0.1262742 0.1421288 0.1830999 0.1292294 0.1256503 0.1138025 0.1457958 0.1412123 0.0736598 0.1403588 0.0958006 0.1023998 0.0801641 0.0700498 0.0362778 0.1169712 0.0801944 0.1151924 0.0945394 0.0938608 0.1444841 0.0884374 0.0998969 0.1269702 0.1112370 0.1405741 0.0673760 0.1208336 0.1016354 0.0982605 0.0760894 0.1244587 0.0781503 0.1345305 0.0721642 0.0842547 0.1201970 0.0975882 0.1285528 0.1042067 0.0924365 0.1610911 0.0900894 0.0996048 0.0969569 0.0890145 
S0196sl       0.3257981 0.1508011 0.0000000 0.1447454 0.0563919 0.1539870 0.1310652 0.1517890 0.1206310 0.1470031 0.1057664 0.1506846 0.1439256 0.1664999 0.1968223 0.1242082 0.1305538 0.1229602 0.1319372 0.1483980 0.1248827 0.1206487 0.1201061 0.1379794 0.1254256 0.1267781 0.0185439 0.1547021 0.1278430 0.1271203 0.1490667 0.1551675 0.1306191 0.1436508 0.1205500 0.1420410 0.1471681 0.1496399 0.1148543 0.1201721 0.0751842 0.1552574 0.2078551 0.1450061 0.1555954 0.1420133 0.0184563 0.1320618 0.0217256 0.1381100 0.0753826 0.1317721 0.1272479 0.1565510 0.0861522 0.1376487 0.1371467 0.1651990 0.1393315 0.1413064 0.0865330 0.2127769 0.1244226 0.1432821 0.1735679 0.1590227 0.1905509 0.0184665 0.1953603 0.1319697 0.1442700 0.1326361 0.1439178 0.1565046 0.1149348 0.1911856 0.1249707 0.1625515 0.0822763 0.1242309 0.1080546 0.1283479 0.1970398 0.1338020 0.1365438 0.1253834 0.1302766 0.1386766 0.1291709 0.1451166 0.1242632 0.1225659 0.1324694 0.1249418 0.1732918 0.1199618 0.0917698 0.1079142 0.1057251 0.1097641 0.1518698 0.1446435 0.0184665 0.1365403 0.0899218 0.1522086 0.1242435 0.0704231 0.1272322 0.1027769 0.1285350 0.1355253 0.1593890 0.1425134 0.1156200 0.1201913 0.1405654 0.1189749 0.1243486 0.1177754 0.0906017 0.1658635 0.0895649 0.1066273 0.1453459 0.0859036 
S0278         0.2854366 0.1374904 0.1447454 0.0000000 0.1337060 0.1268867 0.1461289 0.0670346 0.1202384 0.1167068 0.1414935 0.0714594 0.1463683 0.1670421 0.0795548 0.1422166 0.0501498 0.1144578 0.1142974 0.1554506 0.1168947 0.1141999 0.1086842 0.0743967 0.1376804 0.0515140 0.1135541 0.1337266 0.0649871 0.1389031 0.1441427 0.1599000 0.0699821 0.1296560 0.1144616 0.0650553 0.1326664 0.1033555 0.1225559 0.1343003 0.1046644 0.1369551 0.2019155 0.1543809 0.1491144 0.1101353 0.1094846 0.1194292 0.1213401 0.1457050 0.1116094 0.0677582 0.1700144 0.0861119 0.1096989 0.1255758 0.1400909 0.1480706 0.1591309 0.1702101 0.1310170 0.2134300 0.1646789 0.1449194 0.1684381 0.1554197 0.1971222 0.1175807 0.1983750 0.1583904 0.1562025 0.1189663 0.1596639 0.1418249 0.1379802 0.1968044 0.1158026 0.1408899 0.1140051 0.0540200 0.0811146 0.0932677 0.1902680 0.0779216 0.0677609 0.1304769 0.1492714 0.1409713 0.1128238 0.1625516 0.1096251 0.1185105 0.1273352 0.1172084 0.1335948 0.1223521 0.1103131 0.0864745 0.1183406 0.1118329 0.0944111 0.1127684 0.1118110 0.0764162 0.1221456 0.0854497 0.1112551 0.1280512 0.1182066 0.1076913 0.1168763 0.0583167 0.1263810 0.0959557 0.1134857 0.1257623 0.1256750 0.1143122 0.0823541 0.1172119 0.1133372 0.1745128 0.1030760 0.1160890 0.1317440 0.1154269 
S0281         0.2862281 0.1340562 0.0563919 0.1337060 0.0000000 0.1200852 0.1383304 0.1358351 0.1126276 0.1175116 0.1224842 0.1501806 0.1372119 0.1576753 0.1659720 0.1201619 0.1179845 0.1037829 0.1133638 0.1399498 0.1141147 0.1140374 0.1109454 0.1230231 0.1318348 0.1209232 0.0664810 0.1352400 0.1348303 0.1245538 0.1306926 0.1496122 0.1368197 0.1214397 0.1149767 0.1330327 0.1613262 0.1401959 0.1188884 0.1356517 0.0803820 0.1274243 0.1883410 0.1479172 0.1342497 0.1207643 0.0620102 0.1188868 0.0642502 0.1328131 0.0877428 0.1225262 0.1454888 0.1332004 0.1044777 0.1269722 0.1223004 0.1328781 0.1384239 0.1452612 0.0843039 0.1993965 0.1346765 0.1457472 0.1409493 0.1335481 0.1828603 0.0695467 0.1856934 0.1688212 0.1395848 0.1181225 0.1381523 0.1415942 0.1204865 0.1867033 0.1152757 0.1427916 0.0969404 0.1166375 0.1170537 0.1299275 0.1558865 0.1270025 0.1350864 0.1225606 0.1347052 0.1342750 0.1164628 0.1439242 0.1061508 0.1101437 0.1253770 0.1166751 0.1372877 0.1193144 0.1033481 0.1320680 0.1058609 0.0998523 0.1660503 0.1243504 0.0618113 0.1469453 0.0823291 0.1285632 0.1079703 0.0766744 0.1125457 0.0999431 0.1219342 0.1278911 0.1157124 0.1385484 0.1157699 0.1174498 0.1359282 0.1009170 0.1173683 0.1061106 0.1024588 0.1569490 0.0947359 0.1098097 0.1147951 0.1057469 
S0282         0.2740123 0.0769595 0.1539870 0.1268867 0.1200852 0.0000000 0.1636424 0.1190492 0.0955796 0.0301226 0.0842324 0.1294066 0.1469362 0.1564640 0.1395383 0.1260958 0.1068338 0.0972794 0.1112401 0.1409907 0.0889910 0.0214138 0.0224766 0.1348151 0.1077586 0.1123811 0.1036123 0.1029713 0.1327874 0.1268440 0.0966319 0.1578569 0.1275485 0.0444789 0.0189011 0.1251298 0.1584389 0.1455145 0.0843599 0.0373910 0.0976482 0.1266574 0.1799972 0.1060377 0.1379459 0.0314449 0.0965684 0.0247406 0.1075310 0.1233990 0.0998147 0.1176190 0.1451582 0.1278230 0.0981045 0.1248220 0.1195227 0.1364316 0.1388092 0.1192673 0.1170231 0.1918382 0.1424873 0.1506174 0.1347874 0.1301985 0.1754744 0.1052292 0.1766216 0.1908830 0.1361729 0.1122071 0.1415170 0.1060096 0.1233135 0.1738099 0.0202977 0.0877379 0.0966514 0.1043560 0.1162874 0.1351585 0.1800911 0.1215243 0.1315472 0.1221802 0.1378973 0.1376421 0.0224585 0.1527280 0.0970371 0.0978371 0.0291695 0.0213930 0.0844221 0.1123731 0.0660264 0.1184789 0.0953883 0.0907008 0.1499204 0.0655681 0.0979387 0.1418014 0.1039963 0.1309353 0.0191534 0.1129547 0.1021475 0.0947744 0.0314160 0.1242637 0.0621239 0.1282802 0.0587680 0.0864496 0.1188136 0.0997445 0.1218898 0.1083964 0.0974566 0.1509225 0.0816184 0.0974059 0.0994550 0.0923623 
S0288         0.3548233 0.1616741 0.1310652 0.1461289 0.1383304 0.1636424 0.0000000 0.1580606 0.1319535 0.1674124 0.1350553 0.1862742 0.0401563 0.1064966 0.2026884 0.0222880 0.1449048 0.1313706 0.1146019 0.0259716 0.1362034 0.1407197 0.1406248 0.1624387 0.1403009 0.1461950 0.1085069 0.1521078 0.1612570 0.1626344 0.1597886 0.1056450 0.1609944 0.1670178 0.1406077 0.1777388 0.1660740 0.1463712 0.1361919 0.1441511 0.1123708 0.0254764 0.2317015 0.1570252 0.0336657 0.1447366 0.1079721 0.1566698 0.1121659 0.1723934 0.1288043 0.1544024 0.1022965 0.1744147 0.1246475 0.0744301 0.1592323 0.1855300 0.1728760 0.1904657 0.1468939 0.2198581 0.1250366 0.0925009 0.1933489 0.1861105 0.1998228 0.1080358 0.2041503 0.1437580 0.1699510 0.1321591 0.1293423 0.1615912 0.1356295 0.2004179 0.1493817 0.1538975 0.1040361 0.1509770 0.1179810 0.1312817 0.0690499 0.1734452 0.1604076 0.0777549 0.0112277 0.0109623 0.1486702 0.1187226 0.0964404 0.1471401 0.1604402 0.1486519 0.1794855 0.1306330 0.1106062 0.1216048 0.1265729 0.1224640 0.1403932 0.1279182 0.1080358 0.1605530 0.1463197 0.1496829 0.1439899 0.1188722 0.1558439 0.1117856 0.1518519 0.1572926 0.1521841 0.1600192 0.1218041 0.1175486 0.1383243 0.1188955 0.1129785 0.1299516 0.1244213 0.1848017 0.1047606 0.1108662 0.1634072 0.1162998 
S0289         0.2662683 0.1236977 0.1517890 0.0670346 0.1358351 0.1190492 0.1580606 0.0000000 0.1225565 0.1146517 0.1461622 0.0583705 0.1367912 0.1614913 0.0705824 0.1248724 0.0493645 0.1182268 0.1415509 0.1427108 0.1230266 0.1066800 0.1012674 0.0643697 0.1449773 0.0445048 0.1128638 0.1403307 0.0611883 0.1430583 0.1368864 0.1516245 0.0705804 0.1259729 0.1065784 0.0566233 0.1118736 0.0993731 0.1241185 0.1275567 0.1153996 0.1269118 0.1947903 0.1560341 0.1327398 0.1136572 0.1058812 0.1108227 0.1156973 0.1496418 0.1251740 0.0590396 0.1511670 0.0798016 0.1104070 0.1202250 0.1416097 0.1631944 0.1700248 0.1579284 0.1373821 0.2131525 0.1432224 0.1319550 0.1514574 0.1453065 0.1951085 0.1169168 0.1963460 0.1408483 0.1577444 0.1263741 0.1421612 0.1479042 0.1341663 0.1972599 0.1082406 0.1475717 0.1163767 0.0457810 0.0784359 0.0937108 0.1699396 0.0773096 0.0683132 0.1329304 0.1338704 0.1324621 0.1053292 0.1474922 0.1156377 0.1256764 0.1167031 0.1096199 0.1276845 0.1210628 0.1083883 0.0893393 0.1129644 0.1165103 0.0692542 0.1246309 0.1111230 0.0624845 0.1281935 0.0939760 0.1010602 0.1270530 0.1163993 0.1113474 0.1079479 0.0566897 0.1198815 0.0868370 0.1162978 0.1185565 0.1315128 0.1265752 0.0826078 0.1190663 0.1124602 0.1634183 0.1050852 0.1137818 0.1358933 0.1162256 
S0292         0.2785623 0.0975919 0.1206310 0.1202384 0.1126276 0.0955796 0.1319535 0.1225565 0.0000000 0.0976309 0.0965024 0.1192902 0.1234412 0.1468324 0.1395145 0.1226346 0.0999581 0.0729930 0.0897372 0.1355926 0.0894649 0.0938493 0.0857470 0.1261203 0.0902626 0.0996648 0.0854202 0.1059174 0.1216630 0.1020327 0.1185927 0.1428952 0.1231154 0.1108472 0.0942749 0.1180723 0.1427701 0.1175695 0.0936397 0.1093894 0.0740206 0.1202169 0.1790378 0.1130546 0.1322441 0.0989910 0.0801831 0.0959315 0.0890529 0.0968660 0.0845339 0.1069800 0.1273081 0.1245236 0.0683383 0.1091510 0.0939160 0.1138301 0.1178598 0.1165534 0.1095530 0.1830101 0.1229108 0.1356632 0.1086462 0.1014944 0.1649001 0.0897180 0.1724288 0.1342022 0.1000653 0.0860967 0.1252767 0.1124357 0.0593043 0.1753624 0.0924078 0.1191090 0.0633447 0.1016124 0.0850946 0.1003534 0.1623589 0.1138147 0.1148857 0.1056774 0.1358579 0.1324657 0.0949041 0.1338986 0.0719881 0.0360438 0.1032563 0.0937344 0.1071907 0.0540178 0.0733644 0.1161483 0.0203013 0.0214394 0.1396661 0.1001714 0.0827629 0.1235513 0.0980734 0.1179302 0.0881811 0.0965762 0.0525400 0.0683917 0.0961388 0.1055759 0.0946497 0.1273237 0.0916912 0.0966200 0.0801302 0.0703543 0.1012828 0.0798618 0.0691419 0.1512769 0.0782827 0.0709317 0.0954499 0.0733231 
S0293         0.2572759 0.0810934 0.1470031 0.1167068 0.1175116 0.0301226 0.1674124 0.1146517 0.0976309 0.0000000 0.0786783 0.1335553 0.1490699 0.1443501 0.1444494 0.1275454 0.1109023 0.0966871 0.1091077 0.1495750 0.0866383 0.0234912 0.0221398 0.1312789 0.0924369 0.1125970 0.1104480 0.1061143 0.1175436 0.1280564 0.1024514 0.1606663 0.1239501 0.0435469 0.0216596 0.1212706 0.1508020 0.1433838 0.0870280 0.0402168 0.0924018 0.1302129 0.1733739 0.1029099 0.1423910 0.0364388 0.1075221 0.0286261 0.1124638 0.1249450 0.0982993 0.1140789 0.1387017 0.1293536 0.1002710 0.1259673 0.1226250 0.1419490 0.1382641 0.1083622 0.1163029 0.1894630 0.1339719 0.1423378 0.1376445 0.1290154 0.1723733 0.1125038 0.1718286 0.1598806 0.1435123 0.1042026 0.1314439 0.0951943 0.1172436 0.1726377 0.0221563 0.0824821 0.1006714 0.1058294 0.1126929 0.1329786 0.1977530 0.1227953 0.1269627 0.1244800 0.1404762 0.1344474 0.0272887 0.1445157 0.0939421 0.0986739 0.0298408 0.0234705 0.0865045 0.1103065 0.0606306 0.1190909 0.0954517 0.0906638 0.1546044 0.0647607 0.1039165 0.1451202 0.1010965 0.1332214 0.0234307 0.1066811 0.1054432 0.0902919 0.0336898 0.1278047 0.0640186 0.1304577 0.0600562 0.0813213 0.1174147 0.0963122 0.1213168 0.0996349 0.0965303 0.1507592 0.0862391 0.0917427 0.1018311 0.0956768 
S0294         0.2932604 0.0862426 0.1057664 0.1414935 0.1224842 0.0842324 0.1350553 0.1461622 0.0965024 0.0786783 0.0000000 0.1661036 0.1533976 0.1615144 0.1555093 0.1283614 0.1188312 0.1066241 0.1116439 0.1517736 0.0932453 0.0797489 0.0783133 0.1217067 0.0668657 0.1307613 0.1028214 0.1145790 0.1180635 0.1296260 0.0998716 0.1539857 0.1500468 0.0920316 0.0792937 0.1367847 0.1256417 0.1529435 0.0901899 0.0951266 0.0982301 0.1387281 0.1743972 0.1044552 0.1417103 0.0873139 0.1002205 0.0818036 0.1051717 0.1248197 0.0995567 0.1296882 0.1464328 0.1366539 0.0949361 0.1346188 0.1235974 0.1414222 0.1448854 0.0685651 0.1232993 0.1869650 0.1360981 0.1571104 0.1372219 0.1282644 0.1715460 0.1057888 0.1691471 0.1387422 0.1395549 0.1220128 0.1409526 0.1061235 0.1247307 0.1737435 0.0809280 0.1114109 0.1033766 0.1267567 0.1286252 0.1418330 0.1729987 0.1337545 0.1418826 0.1156142 0.1465257 0.1402019 0.0833579 0.1548906 0.1077277 0.0997864 0.0901258 0.0822097 0.0955027 0.1149112 0.0776804 0.1287296 0.0959658 0.0916753 0.1692949 0.0972257 0.0985376 0.1349876 0.1087796 0.1455549 0.0768746 0.1126394 0.1079742 0.1053652 0.0820028 0.1352472 0.0884251 0.1499957 0.0802972 0.0910749 0.1283933 0.1037007 0.1309758 0.1138625 0.0916607 0.1444756 0.0981104 0.1040363 0.1031752 0.0906794 
S0299         0.2559062 0.1422913 0.1506846 0.0714594 0.1501806 0.1294066 0.1862742 0.0583705 0.1192902 0.1335553 0.1661036 0.0000000 0.1522233 0.1790323 0.0776866 0.1626503 0.0628942 0.1216498 0.1370300 0.1715221 0.1299700 0.1187739 0.1091320 0.0669379 0.1518765 0.0483858 0.1346104 0.1434031 0.0717959 0.1404169 0.1566575 0.1997283 0.0648434 0.1439055 0.1188415 0.0613165 0.1272795 0.1030649 0.1549886 0.1115063 0.1294746 0.1654047 0.2137861 0.1499185 0.1682727 0.1267362 0.1267575 0.1268564 0.1379702 0.1492453 0.1334417 0.0665207 0.1777243 0.0938813 0.1263781 0.1572645 0.1484542 0.1689354 0.1635470 0.1413599 0.1576176 0.2161300 0.1652376 0.1633130 0.1684684 0.1544751 0.1951745 0.1342464 0.1926258 0.1327181 0.1638407 0.1269274 0.1632119 0.1468278 0.1324297 0.1885669 0.1166904 0.1518554 0.1099259 0.0530472 0.0804282 0.0945805 0.2084869 0.0826239 0.0683809 0.1446257 0.1569177 0.1591605 0.1189056 0.1847414 0.1247362 0.1217057 0.1322031 0.1208124 0.1563491 0.1199123 0.1277232 0.1063855 0.1204339 0.1139328 0.0804925 0.1318515 0.1300213 0.0597532 0.1442143 0.1064716 0.1148836 0.1513860 0.1187909 0.1096729 0.1244252 0.0617341 0.1383880 0.0873566 0.1270589 0.1360656 0.1384568 0.1230350 0.0865718 0.1112464 0.1218442 0.1928883 0.1125436 0.1135053 0.1399097 0.1267869 
S0303         0.3009468 0.1395378 0.1439256 0.1463683 0.1372119 0.1469362 0.0401563 0.1367912 0.1234412 0.1490699 0.1533976 0.1522233 0.0000000 0.1262376 0.1739345 0.0584605 0.1323439 0.1151530 0.1234917 0.0781528 0.1417250 0.1365510 0.1361698 0.1364279 0.1315458 0.1272620 0.1206013 0.1509009 0.1365767 0.1567847 0.1403039 0.1327267 0.1430458 0.1467554 0.1397176 0.1479637 0.1510787 0.1551498 0.1394379 0.1733531 0.1011292 0.0600754 0.2030037 0.1621605 0.0740820 0.1381554 0.1230190 0.1409459 0.1157990 0.1377103 0.1131148 0.1381959 0.1127954 0.1559304 0.1208664 0.1004744 0.1489962 0.1653642 0.1700017 0.1538174 0.1359305 0.2075638 0.1276571 0.1118986 0.1743623 0.1691009 0.1940653 0.1174651 0.1971483 0.1736954 0.1560771 0.1271249 0.1174458 0.1594539 0.1473610 0.1943802 0.1383104 0.1509055 0.1023170 0.1293900 0.1338106 0.1453709 0.0764682 0.1449054 0.1404369 0.1075570 0.0740820 0.0777387 0.1380286 0.1269839 0.1063632 0.1306155 0.1527385 0.1400092 0.1471832 0.1387934 0.1182367 0.1344371 0.1242089 0.1120312 0.1610242 0.1323896 0.1208603 0.1594397 0.1282603 0.1443169 0.1325808 0.1251489 0.1342844 0.1115664 0.1427788 0.1322559 0.1472741 0.1448234 0.1302527 0.1262219 0.1392385 0.1083566 0.1266530 0.1255190 0.1145220 0.1849790 0.1132907 0.1124613 0.1533237 0.1124725 
S0308         0.3011568 0.1535556 0.1664999 0.1670421 0.1576753 0.1564640 0.1064966 0.1614913 0.1468324 0.1443501 0.1615144 0.1790323 0.1262376 0.0000000 0.1946285 0.0807864 0.1420664 0.1406464 0.1409836 0.0954827 0.1527932 0.1475997 0.1397203 0.1580046 0.1388754 0.1541373 0.1394044 0.1628061 0.1574879 0.1771843 0.1589546 0.1093888 0.1821489 0.1575748 0.1472210 0.1750940 0.1886045 0.1659077 0.1449025 0.1644272 0.1381317 0.0752736 0.2261672 0.1728351 0.0937051 0.1517409 0.1367215 0.1481649 0.1455849 0.1812210 0.1457165 0.1663151 0.1009918 0.1684288 0.1361260 0.0819134 0.1753634 0.1833174 0.2000155 0.1832296 0.1455717 0.2326655 0.1025488 0.0997377 0.1882445 0.1818069 0.2157556 0.1458443 0.2153946 0.1738227 0.1825121 0.1511122 0.1033054 0.1632569 0.1595714 0.2103602 0.1458979 0.1711351 0.1452221 0.1550160 0.1425882 0.1588707 0.1202782 0.1723595 0.1781787 0.0937338 0.0907350 0.0911208 0.1486213 0.1074024 0.1355233 0.1564776 0.1567344 0.1426035 0.1516238 0.1589820 0.1345779 0.1659148 0.1486244 0.1377139 0.2036135 0.1535889 0.1376745 0.1681309 0.1432112 0.1755098 0.1379900 0.1337269 0.1462427 0.1239857 0.1498793 0.1659580 0.1441415 0.1681701 0.1455724 0.1385557 0.1664299 0.1374026 0.1537069 0.1548718 0.1351326 0.1931413 0.1217882 0.1282973 0.1666399 0.1355451 
S0320         0.3026712 0.1531374 0.1968223 0.0795548 0.1659720 0.1395383 0.2026884 0.0705824 0.1395145 0.1444494 0.1555093 0.0776866 0.1739345 0.1946285 0.0000000 0.1730406 0.0624080 0.1381642 0.1540922 0.1686301 0.1417441 0.1312326 0.1212003 0.0838391 0.1858850 0.0609891 0.1323865 0.1540078 0.0803344 0.1574025 0.1630468 0.1848179 0.0809548 0.1384904 0.1296386 0.0748204 0.1322631 0.1198004 0.1563967 0.1583528 0.1292822 0.1666124 0.2183800 0.1758967 0.1811368 0.1398343 0.1240237 0.1341022 0.1405890 0.1706562 0.1414455 0.0716071 0.1784228 0.0839315 0.1355338 0.1545606 0.1471032 0.1618226 0.1781031 0.1956895 0.1540331 0.2492396 0.1728210 0.1789589 0.1840557 0.1679159 0.2242530 0.1357894 0.2235000 0.1300449 0.1724417 0.1487698 0.1687405 0.1665627 0.1559421 0.2248912 0.1332191 0.1678068 0.1448886 0.0700038 0.0953982 0.1093622 0.1727152 0.0870678 0.0894668 0.1554191 0.1773704 0.1719779 0.1255796 0.1848164 0.1389008 0.1361599 0.1456081 0.1281510 0.1523725 0.1476688 0.1302373 0.1036637 0.1330821 0.1313341 0.1014186 0.1396453 0.1287717 0.0729991 0.1357915 0.1126501 0.1272600 0.1454739 0.1424683 0.1383294 0.1362231 0.0682767 0.1487821 0.0909538 0.1356575 0.1514591 0.1614518 0.1434003 0.0987566 0.1393097 0.1402370 0.1900477 0.1274152 0.1393565 0.1551056 0.1447033 
S0322         0.2911736 0.1279610 0.1242082 0.1422166 0.1201619 0.1260958 0.0222880 0.1248724 0.1226346 0.1275454 0.1283614 0.1626503 0.0584605 0.0807864 0.1730406 0.0000000 0.1230284 0.1184523 0.1216815 0.0318436 0.1236032 0.1179488 0.1161906 0.1289317 0.1251620 0.1250034 0.1100404 0.1415146 0.1303533 0.1481563 0.1367902 0.1007756 0.1431834 0.1346824 0.1190327 0.1475242 0.1445678 0.1371766 0.1298463 0.1432623 0.1032047 0.0187746 0.1868081 0.1540650 0.0239622 0.1190307 0.1104786 0.1214409 0.1102075 0.1484614 0.1115504 0.1333432 0.0874955 0.1505045 0.1195981 0.0674454 0.1438378 0.1550985 0.1654174 0.1365364 0.1222846 0.1955577 0.0939711 0.0844304 0.1584659 0.1576362 0.1735044 0.1134660 0.1799801 0.1540293 0.1563328 0.1258377 0.0908902 0.1372273 0.1385961 0.1810159 0.1177567 0.1380994 0.1108040 0.1268607 0.1166690 0.1283289 0.0501706 0.1459645 0.1459596 0.0725863 0.0267144 0.0252891 0.1204083 0.0989434 0.1041287 0.1230369 0.1280830 0.1162994 0.1356848 0.1284423 0.1101855 0.1343681 0.1187643 0.1125952 0.1635857 0.1209503 0.1072984 0.1523324 0.1120359 0.1407989 0.1102735 0.1161933 0.1261499 0.1010574 0.1245641 0.1467437 0.1250065 0.1479813 0.1203764 0.1188538 0.1389918 0.1122737 0.1259348 0.1278573 0.1187724 0.1711221 0.0958134 0.1052434 0.1370667 0.1162033 
S0327         0.2607130 0.1083091 0.1305538 0.0501498 0.1179845 0.1068338 0.1449048 0.0493645 0.0999581 0.1109023 0.1188312 0.0628942 0.1323439 0.1420664 0.0624080 0.1230284 0.0000000 0.0973493 0.1131677 0.1330025 0.1006067 0.0962861 0.0910207 0.0501198 0.1294383 0.0324717 0.0889424 0.1213900 0.0386753 0.1234514 0.1300918 0.1370263 0.0549754 0.1136254 0.0939738 0.0503216 0.1009896 0.0867053 0.1096836 0.1175836 0.0911478 0.1223252 0.1835766 0.1360098 0.1294788 0.1003748 0.0840297 0.1013245 0.0927673 0.1276281 0.0991672 0.0465223 0.1436635 0.0646722 0.0899382 0.1142582 0.1256916 0.1305864 0.1475060 0.1421919 0.1182607 0.1947127 0.1321387 0.1310246 0.1416191 0.1305907 0.1758152 0.0916771 0.1785075 0.1087445 0.1387298 0.1078191 0.1309177 0.1337665 0.1206239 0.1788000 0.0977876 0.1262904 0.0964962 0.0303072 0.0634456 0.0796928 0.1699916 0.0610912 0.0541412 0.1070792 0.1307925 0.1260171 0.0949717 0.1430620 0.0975865 0.1026508 0.1074230 0.0964277 0.1115530 0.1072439 0.0977222 0.0675817 0.0978420 0.0931651 0.0765131 0.1033513 0.0862999 0.0409564 0.1067835 0.0809398 0.0908662 0.1072670 0.1005802 0.0991074 0.0961807 0.0482954 0.1122206 0.0740422 0.0970014 0.1068809 0.1176572 0.1052301 0.0637434 0.1027545 0.0893493 0.1519242 0.0804804 0.1002118 0.1157038 0.0951740 
S0335         0.2609809 0.1001169 0.1229602 0.1144578 0.1037829 0.0972794 0.1313706 0.1182268 0.0729930 0.0966871 0.1066241 0.1216498 0.1151530 0.1406464 0.1381642 0.1184523 0.0973493 0.0000000 0.0596578 0.1330929 0.0905710 0.0912677 0.0858514 0.1314415 0.1020739 0.1068566 0.0882408 0.1003049 0.1328943 0.0998863 0.1054018 0.1414997 0.1258007 0.1051711 0.0885863 0.1221033 0.1642636 0.1235827 0.0925367 0.1062239 0.0812299 0.1188734 0.1863654 0.1068981 0.1319584 0.0897758 0.0846526 0.0933278 0.0923602 0.1032056 0.0904954 0.1154993 0.1300563 0.1269568 0.0660880 0.1126058 0.0874331 0.1112789 0.1162367 0.1296911 0.1040163 0.1930621 0.1332814 0.1285797 0.1131528 0.1005712 0.1725015 0.0912487 0.1774273 0.1573379 0.1073371 0.0674764 0.1365887 0.1084121 0.0878712 0.1752696 0.0898546 0.1048124 0.0584955 0.1002487 0.1008534 0.1135099 0.1623105 0.1181373 0.1189035 0.1107698 0.1345280 0.1313998 0.0897131 0.1327746 0.0543418 0.0735358 0.1005084 0.0911586 0.1100242 0.0790377 0.0791985 0.1129451 0.0685021 0.0597375 0.1372774 0.0896467 0.0843415 0.1233402 0.0955832 0.1164659 0.0805478 0.1006185 0.0818017 0.0488216 0.0908968 0.1148230 0.0945298 0.1312260 0.0830146 0.0872759 0.0674416 0.0201045 0.1053756 0.0829296 0.0695673 0.1450727 0.0827486 0.0521997 0.0975212 0.0724585 
S0345         0.3167529 0.1153053 0.1319372 0.1142974 0.1133638 0.1112401 0.1146019 0.1415509 0.0897372 0.1091077 0.1116439 0.1370300 0.1234917 0.1409836 0.1540922 0.1216815 0.1131677 0.0596578 0.0000000 0.1268339 0.0980636 0.1018873 0.0905035 0.1494458 0.1032573 0.1131630 0.0952774 0.0998353 0.1499444 0.0998058 0.1211307 0.1370136 0.1341037 0.1199600 0.0957107 0.1297065 0.1765210 0.1264883 0.1076908 0.0955079 0.0861182 0.1172783 0.2142778 0.1229535 0.1280187 0.0985696 0.0919630 0.1044021 0.1044851 0.1181685 0.1005499 0.1251860 0.1179787 0.1339761 0.0838188 0.1023762 0.0988293 0.1178099 0.1130279 0.1232101 0.1295235 0.2307333 0.1390792 0.1248401 0.1243825 0.1066821 0.1842182 0.1009692 0.1964037 0.1098662 0.1101282 0.0910097 0.1422183 0.1175829 0.0953332 0.2051837 0.1016725 0.1026806 0.0725876 0.1256553 0.1043308 0.1102382 0.1278994 0.1423732 0.1321445 0.0930289 0.1210576 0.1165264 0.1068340 0.1256876 0.0475862 0.0973266 0.1095799 0.0953818 0.1280263 0.0831784 0.0879456 0.1049328 0.0807097 0.0801909 0.1333715 0.0840841 0.0918677 0.1315431 0.1268109 0.1262182 0.0981891 0.1209767 0.1117786 0.0675475 0.1040755 0.1253038 0.1153383 0.1471621 0.0902982 0.0963974 0.0429596 0.0572209 0.1124518 0.0976778 0.0866433 0.1378804 0.0885944 0.0674953 0.1053495 0.0946494 
S0355         0.2859703 0.1513213 0.1483980 0.1554506 0.1399498 0.1409907 0.0259716 0.1427108 0.1355926 0.1495750 0.1517736 0.1715221 0.0781528 0.0954827 0.1686301 0.0318436 0.1330025 0.1330929 0.1268339 0.0000000 0.1435030 0.1320094 0.1318910 0.1498363 0.1459618 0.1497617 0.1291250 0.1583044 0.1429349 0.1609464 0.1539376 0.1114334 0.1612838 0.1519005 0.1228558 0.1623385 0.1518135 0.1639371 0.1515217 0.1573731 0.1264152 0.0191057 0.2029686 0.1715919 0.0351060 0.1349475 0.1279292 0.1373928 0.1316062 0.1711270 0.1358057 0.1516550 0.0974969 0.1631524 0.1326036 0.0760406 0.1574738 0.1515626 0.1756935 0.1922233 0.1317579 0.2135144 0.1014319 0.1008275 0.1744276 0.1719732 0.1905781 0.1342178 0.1939868 0.1871534 0.1658877 0.1406019 0.1082346 0.1594021 0.1503335 0.1950324 0.1335666 0.1535082 0.1313393 0.1438743 0.1363664 0.1528215 0.0604204 0.1632351 0.1617427 0.0839759 0.0357395 0.0378335 0.1363475 0.1080200 0.1224998 0.1389398 0.1445323 0.1320209 0.1608863 0.1378096 0.1243228 0.1454755 0.1344241 0.1234171 0.1769824 0.1368106 0.1259518 0.1489923 0.1209508 0.1584324 0.1255938 0.1181473 0.1372962 0.1157914 0.1407583 0.1539030 0.1400234 0.1611743 0.1320638 0.1377661 0.1580180 0.1326997 0.1440222 0.1477412 0.1304273 0.1849838 0.1105372 0.1216559 0.1551063 0.1337552 
S0376         0.2798243 0.0902396 0.1248827 0.1168947 0.1141147 0.0889910 0.1362034 0.1230266 0.0894649 0.0866383 0.0932453 0.1299700 0.1417250 0.1527932 0.1417441 0.1236032 0.1006067 0.0905710 0.0980636 0.1435030 0.0000000 0.0815162 0.0764367 0.1180076 0.1018969 0.1147451 0.0960386 0.0634614 0.1206759 0.1067401 0.1050551 0.1495514 0.1301162 0.0949595 0.0830306 0.1273450 0.1412116 0.1293628 0.0892596 0.1032642 0.0889284 0.1258477 0.1785033 0.1109178 0.1393066 0.0881645 0.0962306 0.0814323 0.1022568 0.1186432 0.0940886 0.1086454 0.1347164 0.1216517 0.0840838 0.1073158 0.1065509 0.1244331 0.1200877 0.1002685 0.1260348 0.1893257 0.1323733 0.1401063 0.1266167 0.1121567 0.1702175 0.1017502 0.1751620 0.1468516 0.1205502 0.1033558 0.1313040 0.1207007 0.1156935 0.1793183 0.0829975 0.1119006 0.0896156 0.1011136 0.1030269 0.1171512 0.1682645 0.1175172 0.1260080 0.1134662 0.1387189 0.1308386 0.0841924 0.1393783 0.0890764 0.0902385 0.0909662 0.0827130 0.0966127 0.0989843 0.0796480 0.1170908 0.0894041 0.0848406 0.1615110 0.0965257 0.0945726 0.1303039 0.1115556 0.1118375 0.0788863 0.1174446 0.0947327 0.0851711 0.0840426 0.1175074 0.0922851 0.1272061 0.0820910 0.0824032 0.1136579 0.0930648 0.1019153 0.0931877 0.0821387 0.1349592 0.0827041 0.0893695 0.0541206 0.0814307 
S0400         0.2636695 0.0701287 0.1206487 0.1141999 0.1140374 0.0214138 0.1407197 0.1066800 0.0938493 0.0234912 0.0797489 0.1187739 0.1365510 0.1475997 0.1312326 0.1179488 0.0962861 0.0912677 0.1018873 0.1320094 0.0815162 0.0000000 0.0158281 0.1130096 0.0838517 0.1034103 0.0991099 0.0952035 0.1140718 0.1229693 0.0936231 0.1504733 0.1195582 0.0372570 0.0131775 0.1139444 0.1418426 0.1385165 0.0791864 0.0301371 0.0889105 0.1166977 0.1726711 0.1041608 0.1296198 0.0267947 0.0952247 0.0202034 0.0994318 0.1210631 0.0966575 0.1079734 0.1352432 0.1193062 0.0933719 0.1167542 0.1162429 0.1371187 0.1348217 0.1039476 0.1091938 0.1820163 0.1312846 0.1396050 0.1313156 0.1267746 0.1682627 0.1007504 0.1693524 0.1712286 0.1337022 0.1017543 0.1302328 0.1028484 0.1152818 0.1666262 0.0126200 0.0741271 0.0919360 0.0952117 0.1110644 0.1282928 0.1694248 0.1133485 0.1229244 0.1144813 0.1294201 0.1292611 0.0158152 0.1395964 0.0909287 0.0930931 0.0212687 0.0147636 0.0786497 0.1032798 0.0607513 0.1060460 0.0906735 0.0860949 0.1401563 0.0565072 0.0935676 0.1323418 0.0963901 0.1208920 0.0125894 0.1111316 0.0946714 0.0875010 0.0256534 0.1126921 0.0592461 0.1183908 0.0488582 0.0794218 0.1091477 0.0923896 0.1154045 0.1025585 0.0927617 0.1459217 0.0761885 0.0900785 0.0917368 0.0851414 
S0405         0.2518733 0.0712359 0.1201061 0.1086842 0.1109454 0.0224766 0.1406248 0.1012674 0.0857470 0.0221398 0.0783133 0.1091320 0.1361698 0.1397203 0.1212003 0.1161906 0.0910207 0.0858514 0.0905035 0.1318910 0.0764367 0.0158281 0.0000000 0.1175097 0.0834655 0.0980556 0.0905822 0.0900564 0.1142167 0.1183940 0.0878113 0.1441166 0.1135897 0.0383365 0.0142721 0.1084432 0.1420919 0.1294683 0.0726978 0.0336241 0.0821975 0.1165971 0.1684374 0.0984936 0.1249435 0.0278563 0.0883794 0.0201641 0.0978840 0.1179510 0.0898431 0.1025503 0.1274999 0.1137615 0.0892411 0.1095298 0.1091311 0.1304627 0.1301264 0.1036106 0.1034471 0.1800127 0.1280536 0.1344318 0.1266764 0.1193087 0.1625459 0.0964659 0.1651628 0.1638824 0.1290992 0.1002043 0.1270332 0.1025971 0.1064554 0.1624103 0.0147404 0.0805099 0.0894381 0.0896275 0.1022619 0.1193536 0.1625617 0.1078798 0.1173117 0.1128600 0.1231772 0.1216452 0.0147202 0.1331146 0.0893685 0.0876531 0.0234220 0.0158134 0.0733684 0.0990867 0.0593874 0.1006037 0.0852539 0.0794927 0.1334792 0.0577662 0.0893797 0.1246928 0.0907754 0.1136367 0.0115088 0.1053979 0.0905072 0.0847168 0.0245090 0.1084622 0.0554973 0.1128343 0.0523096 0.0741733 0.1078703 0.0869681 0.1081965 0.0969594 0.0886611 0.1382874 0.0694743 0.0872750 0.0892300 0.0823926 
S0407sl       0.2970664 0.1304534 0.1379794 0.0743967 0.1230231 0.1348151 0.1624387 0.0643697 0.1261203 0.1312789 0.1217067 0.0669379 0.1364279 0.1580046 0.0838391 0.1289317 0.0501198 0.1314415 0.1494458 0.1498363 0.1180076 0.1130096 0.1175097 0.0000000 0.1349721 0.0543168 0.0976120 0.1435890 0.0671345 0.1403260 0.1405201 0.1329387 0.0800353 0.1343407 0.1182885 0.0799686 0.0986170 0.1108760 0.1116165 0.1385305 0.1127534 0.1370170 0.1962820 0.1605856 0.1428804 0.1221923 0.0997097 0.1213676 0.0997535 0.1464459 0.1202968 0.0738815 0.1526664 0.0843613 0.1070443 0.1188030 0.1380627 0.1475872 0.1711577 0.1728306 0.1242823 0.2054660 0.1505757 0.1223252 0.1545006 0.1468769 0.1924183 0.0994744 0.1942690 0.1085988 0.1432479 0.1307811 0.1380935 0.1484963 0.1493445 0.1879922 0.1154917 0.1467305 0.1154429 0.0603777 0.0791861 0.0966761 0.1784561 0.0860686 0.0801100 0.1084940 0.1376053 0.1392101 0.1198797 0.1488602 0.1233362 0.1383092 0.1238285 0.1197762 0.1338336 0.1294936 0.0971883 0.0862885 0.1175289 0.1193087 0.1045166 0.1254762 0.0994744 0.0654915 0.1266816 0.1019461 0.1171828 0.1111000 0.1092464 0.1196914 0.1126156 0.0659743 0.1428741 0.0922015 0.1145011 0.1174039 0.1438567 0.1266696 0.0843190 0.1246192 0.1152110 0.1490170 0.1029873 0.1263004 0.1271874 0.1172342 
S0412sl       0.3175241 0.0914332 0.1254256 0.1376804 0.1318348 0.1077586 0.1403009 0.1449773 0.0902626 0.0924369 0.0668657 0.1518765 0.1315458 0.1388754 0.1858850 0.1251620 0.1294383 0.1020739 0.1032573 0.1459618 0.1018969 0.0838517 0.0834655 0.1349721 0.0000000 0.1156435 0.1175007 0.1005085 0.1337954 0.1282119 0.0865025 0.1389465 0.1505589 0.1066357 0.0755163 0.1351527 0.1471327 0.1348746 0.0668872 0.0835141 0.0920760 0.1538159 0.2017377 0.0430541 0.1561400 0.0967369 0.1167663 0.0925025 0.1221986 0.1541829 0.1065588 0.1235685 0.1271374 0.1428829 0.0837161 0.1171378 0.1505186 0.1873168 0.1419338 0.1097375 0.1543559 0.2042102 0.1319329 0.1352466 0.1791968 0.1580274 0.1751461 0.1168537 0.1751536 0.1246804 0.1589474 0.1112141 0.1367805 0.0835003 0.1069362 0.1706610 0.0881740 0.0971368 0.0924798 0.1207512 0.1029451 0.1209700 0.1605729 0.1331677 0.1261047 0.1027410 0.1307830 0.1423749 0.0924044 0.1423914 0.0982326 0.0945366 0.0961225 0.0881482 0.1153507 0.1066484 0.0570338 0.0971471 0.0890061 0.0843598 0.1268701 0.0891592 0.1122375 0.1391151 0.1533389 0.1480743 0.0876367 0.1370513 0.1021048 0.0934109 0.0961396 0.1425007 0.1142875 0.1287854 0.0711787 0.0592301 0.1159971 0.0885903 0.1211471 0.1193845 0.0883358 0.1489188 0.0923738 0.0933261 0.1277761 0.0835093 
S0417         0.2607265 0.1128752 0.1267781 0.0515140 0.1209232 0.1123811 0.1461950 0.0445048 0.0996648 0.1125970 0.1307613 0.0483858 0.1272620 0.1541373 0.0609891 0.1250034 0.0324717 0.1068566 0.1131630 0.1497617 0.1147451 0.1034103 0.0980556 0.0543168 0.1156435 0.0000000 0.0987005 0.1290642 0.0384798 0.1278736 0.1317551 0.1526097 0.0488699 0.1192722 0.1031374 0.0466549 0.0921680 0.0883493 0.1175497 0.1253858 0.0982259 0.1301021 0.1979087 0.1421329 0.1389737 0.1103096 0.0905881 0.1085156 0.1004642 0.1320148 0.1079552 0.0429102 0.1527051 0.0647041 0.0936284 0.1246620 0.1271702 0.1419035 0.1550801 0.1376536 0.1239704 0.2083799 0.1464246 0.1336066 0.1456411 0.1380411 0.1914841 0.0986737 0.1926843 0.1087885 0.1447491 0.1107033 0.1402913 0.1352801 0.1202644 0.1935952 0.1049490 0.1325652 0.1006280 0.0336879 0.0675307 0.0824575 0.1616572 0.0623217 0.0526045 0.1257886 0.1404964 0.1354987 0.1020737 0.1506044 0.1047118 0.1040831 0.1161222 0.1063139 0.1177751 0.1114677 0.1033438 0.0728526 0.0992997 0.0958917 0.0659009 0.1078505 0.0958601 0.0474420 0.1138211 0.0851603 0.1005675 0.1155524 0.1050529 0.1019380 0.1060204 0.0460212 0.1168872 0.0740653 0.1067936 0.1142501 0.1233531 0.1067446 0.0689640 0.1059013 0.0956774 0.1619127 0.0873494 0.1057430 0.1246725 0.1019812 
S0419         0.2665979 0.1041893 0.0185439 0.1135541 0.0664810 0.1036123 0.1085069 0.1128638 0.0854202 0.1104480 0.1028214 0.1346104 0.1206013 0.1394044 0.1323865 0.1100404 0.0889424 0.0882408 0.0952774 0.1291250 0.0960386 0.0991099 0.0905822 0.0976120 0.1175007 0.0987005 0.0000000 0.1165719 0.1084847 0.1076357 0.1087151 0.1287792 0.1094006 0.1137091 0.0997820 0.1113378 0.1223893 0.1221383 0.0860691 0.1193577 0.0602991 0.1148893 0.1634366 0.1185182 0.1221125 0.1029648 0.0137495 0.1012076 0.0151054 0.1088109 0.0663874 0.1004917 0.1254061 0.1088984 0.0769741 0.1044801 0.1115286 0.1193038 0.1213301 0.1166870 0.0726463 0.1794813 0.1083475 0.1279007 0.1220211 0.1162865 0.1635284 0.0170127 0.1677472 0.1353896 0.1233554 0.0904309 0.1089678 0.1264255 0.0991115 0.1686874 0.0976298 0.1284310 0.0715966 0.0949218 0.0956849 0.1087690 0.1414034 0.0990232 0.1078986 0.1010665 0.1203243 0.1186348 0.1001727 0.1232679 0.0873280 0.0859046 0.1087269 0.0974639 0.1087338 0.0918837 0.0802447 0.1064386 0.0780138 0.0779493 0.1443646 0.1105217 0.0115735 0.1129182 0.0722967 0.1186933 0.0932949 0.0645901 0.0849732 0.0738501 0.1027469 0.1043050 0.1062858 0.1213997 0.0996012 0.0901089 0.1119517 0.0867798 0.1005473 0.0845653 0.0751707 0.1566596 0.0738979 0.0789988 0.1009290 0.0768949 
S0427         0.3107917 0.1018014 0.1547021 0.1337266 0.1352400 0.1029713 0.1521078 0.1403307 0.1059174 0.1061143 0.1145790 0.1434031 0.1509009 0.1628061 0.1540078 0.1415146 0.1213900 0.1003049 0.0998353 0.1583044 0.0634614 0.0952035 0.0900564 0.1435890 0.1005085 0.1290642 0.1165719 0.0000000 0.1276596 0.1116367 0.1098103 0.1614210 0.1446983 0.1120021 0.0944583 0.1369193 0.1618205 0.1416909 0.1005648 0.1120675 0.1148264 0.1413859 0.2044546 0.1188262 0.1561624 0.0993008 0.1068965 0.0992397 0.1219273 0.1316560 0.1160301 0.1171186 0.1498074 0.1391164 0.1009815 0.1211068 0.1164309 0.1232451 0.1245875 0.1421288 0.1401455 0.2090492 0.1468331 0.1567383 0.1353297 0.1250229 0.1922913 0.1167205 0.1977038 0.1728387 0.1384575 0.1153598 0.1471564 0.1395651 0.1252451 0.1987464 0.0967431 0.1165221 0.0983989 0.1147698 0.1197518 0.1341010 0.1926225 0.1376613 0.1424402 0.1328150 0.1579333 0.1527920 0.0952626 0.1604145 0.1023170 0.1103444 0.1048930 0.0950887 0.1138816 0.1139899 0.0912187 0.1269119 0.1024359 0.0950454 0.1713080 0.1052028 0.1106181 0.1478996 0.1269262 0.1292060 0.0925095 0.1289473 0.1037798 0.1008734 0.0977382 0.1328332 0.1048597 0.1500277 0.0962951 0.0948034 0.1213095 0.1015126 0.1218035 0.1077135 0.0988532 0.1550475 0.0981279 0.1008661 0.0710215 0.0989272 
S0478         0.2986281 0.1045251 0.1278430 0.0649871 0.1348303 0.1327874 0.1612570 0.0611883 0.1216630 0.1175436 0.1180635 0.0717959 0.1365767 0.1574879 0.0803344 0.1303533 0.0386753 0.1328943 0.1499444 0.1429349 0.1206759 0.1140718 0.1142167 0.0671345 0.1337954 0.0384798 0.1084847 0.1276596 0.0000000 0.1443665 0.1447438 0.1417014 0.0785454 0.1252817 0.1170961 0.0550945 0.1046825 0.1090116 0.1212494 0.1496983 0.1050386 0.1376742 0.2005457 0.1484407 0.1438867 0.1320059 0.1048388 0.1245940 0.1115644 0.1605099 0.1053731 0.0460562 0.1537040 0.0702734 0.0940033 0.1189600 0.1369659 0.1450447 0.1653543 0.1597258 0.1440972 0.1948103 0.1491716 0.1402678 0.1701535 0.1560242 0.1832704 0.1046292 0.1844846 0.0972025 0.1654547 0.1262773 0.1441873 0.1543811 0.1518205 0.1857047 0.1211729 0.1517392 0.1119266 0.0480336 0.0774344 0.0989312 0.1521136 0.0787183 0.0627708 0.1213652 0.1422379 0.1399780 0.1140454 0.1511617 0.1201279 0.1289951 0.1324467 0.1164892 0.1199834 0.1365896 0.1087305 0.0711978 0.1115882 0.1156988 0.0910580 0.1214986 0.1046292 0.0637157 0.1328606 0.0976062 0.1115815 0.1248779 0.1348823 0.1226708 0.1180326 0.0555505 0.1409459 0.0745286 0.1128238 0.1311364 0.1512609 0.1307965 0.0847430 0.1242746 0.1023458 0.1677394 0.0975173 0.1266885 0.1296858 0.1067351 
S0552sl       0.3030166 0.1266921 0.1271203 0.1389031 0.1245538 0.1268440 0.1626344 0.1430583 0.1020327 0.1280564 0.1296260 0.1404169 0.1567847 0.1771843 0.1574025 0.1481563 0.1234514 0.0998863 0.0998058 0.1609464 0.1067401 0.1229693 0.1183940 0.1403260 0.1282119 0.1278736 0.1076357 0.1116367 0.1443665 0.0000000 0.1378676 0.1674876 0.1461343 0.1392299 0.1215532 0.1396569 0.1803683 0.1555790 0.1221247 0.1378106 0.1083547 0.1490233 0.1994688 0.1377851 0.1625178 0.1211995 0.1007485 0.1236417 0.1138975 0.0810314 0.1123118 0.1298272 0.1636225 0.1411881 0.0894757 0.1427528 0.0764369 0.0471736 0.0431884 0.1496098 0.1305227 0.2196003 0.1697435 0.1658386 0.0968747 0.0858694 0.2005286 0.1107657 0.2001097 0.1724196 0.0757135 0.1154054 0.1646223 0.1429295 0.1180203 0.1994711 0.1213870 0.1374112 0.0964843 0.1296795 0.1317689 0.1430137 0.2012830 0.1452149 0.1453273 0.1446341 0.1660792 0.1589197 0.1240109 0.1683776 0.1006831 0.1000953 0.1330431 0.1228076 0.1363214 0.1054260 0.1027690 0.1423610 0.0929195 0.0941968 0.1810683 0.1276804 0.1006409 0.1425322 0.1160950 0.1436253 0.1167783 0.1199833 0.1080317 0.1038978 0.1140386 0.1247735 0.1276744 0.1527594 0.1175854 0.1177512 0.1198590 0.1024146 0.1320122 0.0760535 0.0942090 0.1611430 0.1116789 0.1022307 0.1089596 0.0946530 
S0558         0.3021536 0.0986578 0.1490667 0.1441427 0.1306926 0.0966319 0.1597886 0.1368864 0.1185927 0.1024514 0.0998716 0.1566575 0.1403039 0.1589546 0.1630468 0.1367902 0.1300918 0.1054018 0.1211307 0.1539376 0.1050551 0.0936231 0.0878113 0.1405201 0.0865025 0.1317551 0.1087151 0.1098103 0.1447438 0.1378676 0.0000000 0.1601334 0.1500075 0.1033665 0.0926330 0.1417691 0.1674237 0.1582488 0.0865668 0.1121675 0.1151775 0.1387153 0.1875289 0.1046746 0.1493260 0.0921038 0.1050920 0.0946854 0.1148525 0.1369968 0.1219414 0.1323206 0.1480030 0.1424400 0.1028547 0.1308508 0.1267174 0.1539788 0.1532262 0.1237641 0.1230187 0.1986023 0.1345519 0.1590893 0.1483273 0.1437179 0.1805266 0.1103112 0.1824082 0.1857290 0.1431291 0.1197448 0.1364643 0.1254006 0.1397786 0.1834219 0.0921855 0.1249275 0.1034651 0.1208964 0.1371056 0.1537785 0.1750022 0.1439254 0.1454506 0.1286787 0.1523634 0.1474303 0.0933445 0.1570399 0.1067159 0.1173817 0.1016532 0.0905480 0.1054374 0.1297171 0.0779521 0.1342210 0.1148862 0.1085109 0.1750797 0.1091457 0.1060375 0.1493329 0.1199559 0.1514975 0.0879696 0.1210296 0.1180187 0.1093018 0.0972444 0.1388302 0.0950063 0.1509278 0.0914795 0.0747448 0.1290529 0.1038846 0.1354040 0.1102357 0.0998787 0.1741186 0.0992737 0.1117145 0.1135490 0.0947983 
