133
PAFTOL_019361 0.0000000 0.2749818 0.2568196 0.3813052 0.2849689 0.2598813 0.3795180 0.3569198 0.3933710 0.2868195 0.2050168 0.3985122 0.3650143 0.4009376 0.3761930 0.3144561 0.3397012 0.3238308 0.3561880 0.2860454 0.2851400 0.2789560 0.3905704 0.3187748 0.3271265 0.2929405 0.2972881 0.4854021 0.3637394 0.3074216 0.5096417 0.3939472 0.3375558 0.4030780 0.3724547 0.2856438 0.2764588 0.3523543 0.2838255 0.3583230 0.3326504 0.2866082 0.2794060 0.3586397 0.3685185 0.2957412 0.3612874 0.3610305 0.2838041 0.7782467 0.2836336 0.2765828 0.2805115 0.2807506 0.5007926 0.2857232 0.2887629 0.3270361 0.3404768 0.3031398 0.3295258 0.4494482 0.3296302 0.6200643 0.4905657 0.5254992 0.4715855 0.3134293 0.2879603 0.3256947 0.3610084 0.3090410 0.4460432 0.4594523 0.3557020 0.2793786 0.3510140 0.5248122 0.3007000 0.3457723 0.3014128 0.4414734 0.3415526 0.2793875 0.2900326 0.2940702 0.3329272 0.3178652 0.3202362 0.3495402 0.2951724 0.3724605 0.2946414 0.3444765 0.3646186 0.2737375 0.3376396 0.3288193 0.3061518 0.2807570 0.2638932 0.3293709 0.4079796 0.3124368 0.2851215 0.3861953 0.3665614 0.3884294 0.2924238 0.2844535 0.3582628 0.2893458 0.3445714 0.2839898 0.2967288 0.4101492 0.3134153 0.2976056 0.3681820 0.3114099 0.3163879 0.2857938 0.3451706 0.3195834 0.3200202 0.3407716 0.3347053 0.3468834 0.3823523 0.2973865 0.3209159 0.3417274 0.3712899 
S0055         0.2749818 0.0000000 0.0682651 0.1597776 0.0869382 0.0336861 0.1459070 0.1463675 0.1310792 0.0481966 0.0204587 0.1940241 0.1440837 0.1675535 0.1275559 0.1013768 0.1170657 0.1086769 0.1340955 0.0658745 0.0465967 0.0545643 0.1347146 0.0810881 0.0983502 0.0790846 0.0795658 0.1507547 0.1308225 0.0724253 0.2526211 0.1396778 0.1242154 0.1388212 0.1359285 0.0508933 0.0452162 0.1414490 0.0940380 0.1078252 0.0761862 0.0481153 0.0905037 0.1260229 0.2006670 0.0938126 0.1387189 0.1271215 0.0492553 0.2664979 0.0790247 0.0450745 0.0761842 0.0772976 0.2654056 0.0950056 0.0973217 0.1180029 0.1028051 0.0963763 0.0782514 0.1252697 0.1076491 0.2702746 0.2573306 0.2402565 0.2403111 0.0897180 0.0885056 0.0966404 0.1255511 0.1172627 0.2383340 0.2470409 0.1880222 0.0761731 0.1880445 0.2693305 0.1038216 0.1219496 0.0817056 0.1706999 0.1866854 0.0418273 0.0520631 0.0781253 0.1081194 0.1069897 0.1063104 0.1308067 0.1105471 0.1591694 0.1022661 0.1204061 0.1339661 0.0501067 0.1262759 0.1132205 0.1182731 0.0513748 0.0462718 0.0419415 0.1808025 0.0697999 0.0931288 0.1257000 0.1429312 0.1717179 0.0456178 0.0736983 0.1264022 0.0867759 0.1025641 0.0493994 0.0905961 0.1514919 0.0940196 0.0574279 0.1545745 0.0499520 0.1090769 0.0461619 0.0769855 0.1080112 0.1195563 0.1138208 0.1102351 0.0998683 0.1519107 0.0809937 0.0925129 0.0877977 0.1050708 
S0196sl       0.2568196 0.0682651 0.0000000 0.1619860 0.0746549 0.0730866 0.1309895 0.1503050 0.1494929 0.0827785 0.0539027 0.1893593 0.1511769 0.1738734 0.1182615 0.1118438 0.1360086 0.1206212 0.1224633 0.0762492 0.0837562 0.0948989 0.1160636 0.0964715 0.1017587 0.0245503 0.0972325 0.1481990 0.1232504 0.0800886 0.2179240 0.1447687 0.1259966 0.1386118 0.1448756 0.0914915 0.0837375 0.1372039 0.0948311 0.1144967 0.1002588 0.0817846 0.0636301 0.1185944 0.2077054 0.1033193 0.1278332 0.1413813 0.0831353 0.2206023 0.0244341 0.0766526 0.0230782 0.0213284 0.2381637 0.0707716 0.1005536 0.1185214 0.0899292 0.0951966 0.0763148 0.1175701 0.0974149 0.2380675 0.2664076 0.2251604 0.2402141 0.1286320 0.0759349 0.0944830 0.1295924 0.1034356 0.2297520 0.2383303 0.1798435 0.0199108 0.1884715 0.2776358 0.0947832 0.1246391 0.0906923 0.1890168 0.1822696 0.0763122 0.0910373 0.0904844 0.1029554 0.0939816 0.1024293 0.1196122 0.1087582 0.1543700 0.1040357 0.1080603 0.1221415 0.0840463 0.1292328 0.1254007 0.1246360 0.0864328 0.0796737 0.0968950 0.1937469 0.1004194 0.1063349 0.1535002 0.1595368 0.1676218 0.0804074 0.0229385 0.1273624 0.0738283 0.1022061 0.0851433 0.0755981 0.1697773 0.1018876 0.0863339 0.1572396 0.0850490 0.1158490 0.0819860 0.0933791 0.1351287 0.1259638 0.1094302 0.1090656 0.1002037 0.1644295 0.0580948 0.0950824 0.0972422 0.1061277 
S0278         0.3813052 0.1597776 0.1619860 0.0000000 0.1332231 0.1533113 0.2302971 0.0742303 0.1755180 0.1672666 0.1114693 0.1001122 0.2044686 0.0872921 0.2122641 0.1103827 0.1700796 0.1521013 0.2220922 0.1537111 0.1794814 0.1857672 0.0890761 0.1742740 0.0906631 0.1616859 0.1550403 0.1305130 0.2193785 0.1040705 0.2454448 0.2053165 0.2078090 0.2154080 0.0541500 0.1728578 0.1727583 0.0630240 0.1211891 0.1258573 0.1823337 0.1789137 0.1668918 0.2089071 0.2612360 0.1799993 0.2204434 0.1884100 0.1820741 0.2397485 0.1596518 0.1703822 0.1549069 0.1508577 0.2227713 0.1701554 0.1199592 0.2045312 0.1131549 0.1126082 0.1455175 0.0696415 0.1828527 0.2799685 0.2572483 0.2484705 0.2749766 0.2337030 0.1659111 0.1806878 0.2101445 0.1836847 0.1961216 0.2032520 0.2571117 0.1526758 0.2491968 0.2639328 0.1520860 0.1977498 0.1546162 0.1789541 0.2497159 0.1677403 0.1768086 0.1389764 0.0753570 0.1089125 0.1094324 0.2091192 0.1422314 0.0487389 0.1979062 0.2011226 0.2215253 0.1817379 0.2140049 0.1639839 0.1603432 0.1703652 0.1748443 0.1943784 0.2091596 0.1671934 0.1334502 0.1849242 0.1769249 0.0902678 0.1700145 0.1497295 0.0739049 0.1648595 0.1244324 0.1706217 0.1631903 0.1789266 0.1617089 0.1912183 0.0643939 0.1636398 0.1289145 0.1717394 0.1742794 0.1629124 0.1870927 0.1195171 0.1505521 0.1634911 0.2003704 0.1542023 0.1666337 0.1660980 0.1794644 
S0281         0.2849689 0.0869382 0.0746549 0.1332231 0.0000000 0.0791369 0.1396596 0.1254333 0.1338399 0.0842007 0.0559813 0.1569957 0.1432159 0.1573777 0.1269134 0.1079020 0.1161145 0.0983693 0.1369802 0.0953131 0.0940180 0.1064622 0.1227049 0.0952393 0.1022409 0.0736381 0.1028437 0.1285752 0.1288245 0.0897669 0.2160845 0.1365959 0.1269289 0.1286261 0.1286449 0.0925082 0.0950978 0.1253252 0.1018718 0.1094006 0.0991138 0.0960727 0.0677926 0.1330155 0.2198036 0.1019804 0.1336447 0.1379087 0.0974572 0.2136995 0.0734047 0.0931977 0.0721778 0.0729083 0.2283673 0.0709374 0.1036334 0.1213086 0.0886135 0.0966916 0.0845929 0.1326074 0.1184773 0.2160013 0.2324277 0.2166454 0.2028234 0.1393066 0.0752178 0.1017721 0.1243588 0.1058624 0.2011941 0.2118617 0.1902294 0.0693275 0.1843913 0.2364840 0.0958742 0.1165099 0.0916237 0.1490792 0.1869960 0.0949957 0.1031400 0.0867752 0.0921301 0.0828309 0.0875301 0.1274517 0.1117597 0.1378796 0.1093718 0.1150656 0.1342794 0.0971560 0.1238578 0.1058776 0.1186043 0.0986772 0.0934571 0.1091904 0.1644380 0.0935688 0.1009170 0.1401702 0.1460883 0.1453452 0.0970144 0.0705813 0.1184813 0.0710814 0.1083369 0.0965060 0.0660582 0.1466545 0.1050019 0.1069865 0.1323796 0.0913564 0.1176140 0.0939364 0.0981330 0.1120356 0.1128464 0.0911621 0.1097718 0.1006967 0.1680667 0.0742018 0.1062264 0.1036619 0.1081414 
S0282         0.2598813 0.0336861 0.0730866 0.1533113 0.0791369 0.0000000 0.1383684 0.1463369 0.1342349 0.0000023 0.0147239 0.1913550 0.1362469 0.1756023 0.1275222 0.0950447 0.1205816 0.1121740 0.1344226 0.0682548 0.0049061 0.0171391 0.1412001 0.0783019 0.0982479 0.0746152 0.0826715 0.1513204 0.1280701 0.0765488 0.2491758 0.1396526 0.1183942 0.1321653 0.1413329 0.0235137 0.0069132 0.1449942 0.0853983 0.1040359 0.0758753 0.0089921 0.0845834 0.1235513 0.2080941 0.0853495 0.1337509 0.1294003 0.0141654 0.2632943 0.0754542 0.0039026 0.0743043 0.0763207 0.2614594 0.0905332 0.0927593 0.1088591 0.0915757 0.0888650 0.0735238 0.1387544 0.1036663 0.2899080 0.2602815 0.2484503 0.2410214 0.0673697 0.0882149 0.1006759 0.1287214 0.1158262 0.2329211 0.2384058 0.1952703 0.0713303 0.1924467 0.2623797 0.0994679 0.1238995 0.0701552 0.1696366 0.1894632 0.0069063 0.0403375 0.0746878 0.1034565 0.0984666 0.1031034 0.1231142 0.1051852 0.1493168 0.1027382 0.1143230 0.1279696 0.0110049 0.1216104 0.1174403 0.1131022 0.0099686 0.0099032 0.0624994 0.1756552 0.0647031 0.0940555 0.1318462 0.1505390 0.1744749 0.0292390 0.0727476 0.1267815 0.0864481 0.0947940 0.0089890 0.0877672 0.1525612 0.0979984 0.0193503 0.1560093 0.0521447 0.1041959 0.0298810 0.0716978 0.1181107 0.1210230 0.1088662 0.1109462 0.0964176 0.1493098 0.0752580 0.0995230 0.0853695 0.1018521 
S0288         0.3795180 0.1459070 0.1309895 0.2302971 0.1396596 0.1383684 0.0000000 0.2049958 0.2046116 0.1483563 0.1067684 0.2632083 0.1131764 0.2301332 0.0272741 0.1907118 0.1924530 0.1723173 0.0347595 0.1608047 0.1569493 0.1635517 0.1919400 0.1681118 0.1622470 0.1578662 0.1717558 0.1399028 0.0260549 0.1424712 0.2841342 0.2139910 0.1337862 0.0355236 0.2097746 0.1617584 0.1491204 0.2064719 0.1547074 0.1620582 0.1759852 0.1532658 0.1669068 0.0259757 0.3147118 0.1607686 0.0251300 0.2130109 0.1529255 0.2515464 0.1625248 0.1561189 0.1538185 0.1598282 0.3026547 0.1634685 0.1682979 0.1153945 0.1653541 0.1611588 0.1395445 0.2112855 0.0786797 0.2700402 0.3179279 0.2853022 0.2754554 0.2084207 0.1564548 0.1839380 0.1208117 0.1159880 0.2564967 0.2585931 0.2755934 0.1569759 0.2776928 0.3118568 0.1689153 0.1176940 0.1598057 0.2240851 0.2755514 0.1526515 0.1615886 0.1517637 0.1686919 0.1651981 0.1717282 0.0251912 0.1739094 0.2208740 0.1124872 0.0131259 0.0273114 0.1567855 0.1248243 0.1920039 0.1724320 0.1585147 0.1525123 0.1796344 0.2080452 0.1667434 0.1484562 0.2070644 0.2093826 0.2441802 0.1517695 0.1553889 0.2032593 0.1524552 0.1586092 0.1452934 0.1491549 0.2108159 0.1591315 0.1518964 0.2247636 0.1672853 0.1797318 0.1733877 0.1572109 0.1806479 0.1908216 0.1571303 0.1687115 0.1661706 0.2221193 0.1595429 0.1635901 0.1859369 0.1627788 
S0289         0.3569198 0.1463675 0.1503050 0.0742303 0.1254333 0.1463369 0.2049958 0.0000000 0.1417305 0.1566503 0.0990264 0.0988426 0.1827508 0.0853594 0.1843121 0.1127801 0.1498707 0.1429743 0.1947967 0.1460388 0.1647588 0.1726310 0.0791588 0.1619148 0.0882040 0.1528263 0.1463802 0.1025165 0.2006442 0.0997361 0.2158511 0.1925508 0.1922247 0.1819660 0.0734079 0.1496879 0.1552070 0.0705643 0.1194068 0.1096811 0.1607145 0.1636497 0.1579889 0.1899399 0.2617209 0.1725657 0.1954397 0.1784760 0.1723317 0.1832312 0.1540276 0.1552787 0.1492538 0.1481235 0.1992714 0.1671869 0.1152503 0.1895080 0.0977142 0.1142025 0.1317017 0.0674976 0.1732362 0.2091735 0.2247885 0.2325285 0.2496554 0.2282886 0.1645439 0.1732950 0.1975926 0.1673411 0.1776176 0.1845181 0.2562354 0.1470308 0.2492408 0.2330659 0.1386521 0.1854272 0.1422631 0.1723705 0.2452560 0.1572134 0.1694391 0.1279372 0.0737381 0.1001951 0.1051994 0.1917941 0.1437801 0.0744699 0.1860404 0.1771159 0.1993971 0.1636387 0.1954494 0.1536222 0.1465502 0.1596776 0.1618941 0.1818761 0.1832124 0.1585125 0.1265026 0.1650391 0.1443032 0.0713252 0.1558851 0.1485788 0.0641396 0.1604712 0.1092696 0.1529886 0.1576133 0.1570996 0.1441334 0.1824505 0.0845988 0.1555839 0.1254196 0.1509504 0.1639878 0.1523477 0.1614818 0.1153843 0.1364309 0.1522842 0.1971989 0.1463296 0.1384072 0.1569372 0.1584588 
S0292         0.3933710 0.1310792 0.1494929 0.1755180 0.1338399 0.1342349 0.2046116 0.1417305 0.0000000 0.1490473 0.1030808 0.2204798 0.1951230 0.1927900 0.1861046 0.1662695 0.1255620 0.1300167 0.2007318 0.1605277 0.1523683 0.1625755 0.1459151 0.1621587 0.1371032 0.1627479 0.1808252 0.1202211 0.1882696 0.1368842 0.1788559 0.1973402 0.1856060 0.1891635 0.1665313 0.1363073 0.1441721 0.1594781 0.1552267 0.1494045 0.1543546 0.1435551 0.1564398 0.1896689 0.3169794 0.1678873 0.1922679 0.1916882 0.1509910 0.1799139 0.1608729 0.1443134 0.1554471 0.1580664 0.1898801 0.1607053 0.1547861 0.1812843 0.1289908 0.1510893 0.1205398 0.1234265 0.1628977 0.2145182 0.1831255 0.1766873 0.1917755 0.2225696 0.1823109 0.1991507 0.1972325 0.1798574 0.1897948 0.1905616 0.3010873 0.1554112 0.2893945 0.2073963 0.1116834 0.1896406 0.1565991 0.1077263 0.2879114 0.1446205 0.1531751 0.1085884 0.1291070 0.1335743 0.1365004 0.1861684 0.1784887 0.1805281 0.1701397 0.1786001 0.1849530 0.1511781 0.1852264 0.1329945 0.0573397 0.1470791 0.1481815 0.1535409 0.1080021 0.1550487 0.1590932 0.0412830 0.0382981 0.1834316 0.1422104 0.1569469 0.1356845 0.1780932 0.1399616 0.1480554 0.1750942 0.0745121 0.1150008 0.1664878 0.1690154 0.1540043 0.1611713 0.1493441 0.1599278 0.1415246 0.1371360 0.1494085 0.1043261 0.1449128 0.2253993 0.1530447 0.1156045 0.1684317 0.1482337 
S0293         0.2868195 0.0481966 0.0827785 0.1672666 0.0842007 0.0000023 0.1483563 0.1566503 0.1490473 0.0000000 0.0177351 0.2083101 0.1469970 0.1819765 0.1401237 0.1008412 0.1354598 0.1281923 0.1392848 0.0805120 0.0134115 0.0243183 0.1522814 0.0921694 0.1042420 0.0859874 0.0993209 0.1550421 0.1373789 0.0868261 0.2672000 0.1507098 0.1337692 0.1441023 0.1539761 0.0333037 0.0155770 0.1538448 0.0963724 0.1141512 0.0847867 0.0167887 0.0899024 0.1344256 0.2269466 0.1003920 0.1417223 0.1455658 0.0223424 0.2799389 0.0856761 0.0123326 0.0829073 0.0836714 0.2808723 0.0958007 0.1040627 0.1194208 0.0995184 0.0999763 0.0865569 0.1453854 0.1100793 0.3033396 0.2862358 0.2704143 0.2574804 0.0780138 0.0947808 0.1157441 0.1401711 0.1256689 0.2576339 0.2593660 0.2157099 0.0811970 0.2129959 0.2875297 0.1141152 0.1398240 0.0850261 0.1868094 0.2103605 0.0144981 0.0468508 0.0860228 0.1108441 0.1101907 0.1151191 0.1338616 0.1159989 0.1612281 0.1153666 0.1245599 0.1390715 0.0178289 0.1280330 0.1341032 0.1246746 0.0188790 0.0176736 0.0770245 0.1909044 0.0762549 0.1042764 0.1488976 0.1646816 0.1843218 0.0361986 0.0812187 0.1363362 0.0915681 0.1012664 0.0156603 0.0914842 0.1728226 0.1156660 0.0279306 0.1704696 0.0601911 0.1147944 0.0366310 0.0801021 0.1327682 0.1377933 0.1181846 0.1219541 0.1131404 0.1624391 0.0837025 0.1175227 0.0971937 0.0998133 
S0294         0.2050168 0.0204587 0.0539027 0.1114693 0.0559813 0.0147239 0.1067684 0.0990264 0.1030808 0.0177351 0.0000000 0.1402982 0.1061745 0.1209437 0.0927145 0.0656851 0.0873584 0.0779231 0.0971015 0.0464655 0.0215115 0.0309739 0.1013117 0.0424080 0.0723105 0.0519389 0.0584233 0.0744266 0.0984431 0.0451842 0.1993520 0.0876891 0.0933091 0.0989365 0.1002489 0.0248940 0.0226148 0.0987654 0.0659202 0.0728890 0.0467365 0.0251966 0.0612020 0.0927435 0.1471183 0.0541545 0.1043027 0.0883187 0.0275832 0.1745078 0.0475312 0.0178805 0.0477520 0.0500892 0.2016797 0.0645018 0.0676533 0.0792772 0.0626582 0.0647988 0.0517122 0.0802381 0.0793332 0.1930178 0.2106458 0.1957706 0.1948234 0.0449562 0.0639592 0.0675547 0.0957697 0.0805177 0.1787304 0.1887026 0.1350075 0.0463475 0.1340135 0.2110750 0.0595318 0.0930187 0.0461301 0.1374411 0.1393576 0.0189991 0.0423939 0.0483753 0.0736939 0.0613926 0.0684648 0.0937534 0.0770419 0.1058978 0.0802433 0.0864136 0.0968533 0.0202827 0.0896150 0.0755595 0.0804982 0.0238372 0.0225207 0.0443191 0.1434786 0.0438568 0.0640215 0.1007791 0.1150975 0.1237048 0.0325594 0.0462530 0.0869922 0.0623819 0.0659688 0.0227409 0.0623715 0.1234831 0.0631592 0.0312054 0.1125972 0.0388366 0.0707956 0.0295671 0.0387268 0.0776624 0.0861408 0.0773543 0.0770817 0.0718301 0.1035833 0.0511041 0.0680643 0.0583876 0.0714648 
S0299         0.3985122 0.1940241 0.1893593 0.1001122 0.1569957 0.1913550 0.2632083 0.0988426 0.2204798 0.2083101 0.1402982 0.0000000 0.2339291 0.0969855 0.2471625 0.1722875 0.2066808 0.1923921 0.2544241 0.1859719 0.2146010 0.2179384 0.1604359 0.2192334 0.1558174 0.1996410 0.1998146 0.1754266 0.2512801 0.1534158 0.2600298 0.2423861 0.2447531 0.2484064 0.0989573 0.2075209 0.2116646 0.1082659 0.1572256 0.1723385 0.2334691 0.2150395 0.2037193 0.2389834 0.2757914 0.2108856 0.2526757 0.2207258 0.2139484 0.2331677 0.2027748 0.2048297 0.2002305 0.1921987 0.2330723 0.2132686 0.1625950 0.2545301 0.1530441 0.1581559 0.1920992 0.1056944 0.2266028 0.2636580 0.2614864 0.2816656 0.2783357 0.2768838 0.2041263 0.2326734 0.2458636 0.2243025 0.1993600 0.2037290 0.2588286 0.1940720 0.2603506 0.2668890 0.1904263 0.2376503 0.1968116 0.2139617 0.2578946 0.2105762 0.2201615 0.1925000 0.1248369 0.1512655 0.1574573 0.2432025 0.1859545 0.1017483 0.2490324 0.2303326 0.2536372 0.2182792 0.2586892 0.1993750 0.2112575 0.2139396 0.2174426 0.2355071 0.2512122 0.2257610 0.1690750 0.2318838 0.2280627 0.0830283 0.2058298 0.1992733 0.1385371 0.2030130 0.1682839 0.2064716 0.1962861 0.2164738 0.2066931 0.2363571 0.1039835 0.2150502 0.1696341 0.2009180 0.2152634 0.2046482 0.2112074 0.1554514 0.1778076 0.2103396 0.2290323 0.1962587 0.2076120 0.1956477 0.2405334 
S0308         0.3650143 0.1440837 0.1511769 0.2044686 0.1432159 0.1362469 0.1131764 0.1827508 0.1951230 0.1469970 0.1061745 0.2339291 0.0000000 0.2160954 0.1043916 0.1759096 0.1913085 0.1747415 0.1097010 0.1608666 0.1568682 0.1662590 0.1918769 0.1700083 0.1653325 0.1594937 0.1553961 0.1890436 0.1063914 0.1493932 0.2980436 0.2070741 0.1427138 0.1144226 0.1924879 0.1588955 0.1529024 0.1797675 0.1671944 0.1808826 0.1718716 0.1583618 0.1561087 0.1009364 0.2764167 0.1595666 0.1074388 0.1902936 0.1607387 0.2842142 0.1570947 0.1476111 0.1509227 0.1552042 0.3178643 0.1626698 0.1698533 0.1157969 0.1738883 0.1606753 0.1602483 0.1829221 0.0774624 0.3073390 0.3193912 0.2929780 0.2798692 0.2134777 0.1475145 0.1998450 0.1303328 0.1174681 0.2706437 0.2706128 0.2558299 0.1523933 0.2564532 0.3127009 0.1566289 0.1252218 0.1494905 0.2340297 0.2522798 0.1495754 0.1600770 0.1456845 0.1629268 0.1640731 0.1715606 0.1024699 0.1809387 0.2085335 0.1016558 0.0907489 0.1011256 0.1557848 0.1237908 0.1788458 0.1716173 0.1590090 0.1526987 0.1700101 0.2293653 0.1548286 0.1546413 0.1936715 0.1951301 0.2169764 0.1501612 0.1525463 0.1927495 0.1465853 0.1739627 0.1521379 0.1433542 0.2085138 0.1594793 0.1648356 0.1921775 0.1563313 0.1752555 0.1529558 0.1645604 0.1830258 0.1816489 0.1507821 0.1699763 0.1736197 0.2188227 0.1693089 0.1653037 0.1585858 0.1814485 
S0320         0.4009376 0.1675535 0.1738734 0.0872921 0.1573777 0.1756023 0.2301332 0.0853594 0.1927900 0.1819765 0.1209437 0.0969855 0.2160954 0.0000000 0.2095818 0.1274382 0.1837647 0.1662676 0.2221982 0.1601627 0.1951013 0.1981249 0.0932447 0.2003676 0.1100338 0.1858947 0.1792761 0.1144475 0.2210019 0.1245398 0.2628316 0.2200010 0.2212343 0.2090846 0.0898906 0.1809536 0.1899534 0.0826306 0.1353450 0.1270210 0.2070270 0.1965884 0.1948065 0.2097756 0.2971210 0.1999882 0.2221750 0.2164157 0.1913364 0.2185976 0.1826664 0.1876637 0.1802014 0.1757580 0.2322817 0.1966427 0.1399093 0.2197836 0.1181648 0.1315130 0.1633133 0.0883038 0.1986586 0.2609017 0.2578842 0.2565727 0.2636885 0.2361487 0.2062008 0.2068663 0.2250415 0.2030503 0.2080602 0.2143024 0.2747700 0.1744698 0.2815533 0.2695461 0.1594619 0.2122173 0.1791416 0.1957761 0.2849285 0.1903905 0.2005287 0.1637724 0.0973549 0.1198857 0.1191568 0.2150678 0.1591757 0.0948500 0.2011429 0.2050082 0.2194651 0.1974615 0.2270990 0.1762027 0.1770185 0.1950434 0.1968504 0.2050284 0.2288820 0.1968488 0.1344752 0.2015336 0.1985043 0.0592097 0.1917884 0.1760966 0.0933167 0.2050871 0.1289360 0.1858925 0.2033485 0.1946022 0.1709929 0.2092615 0.0911345 0.1951665 0.1458098 0.1898853 0.1990189 0.1768780 0.1857979 0.1247117 0.1526762 0.1859181 0.2157663 0.1718778 0.1715123 0.1829039 0.1993328 
S0322         0.3761930 0.1275559 0.1182615 0.2122641 0.1269134 0.1275222 0.0272741 0.1843121 0.1861046 0.1401237 0.0927145 0.2471625 0.1043916 0.2095818 0.0000000 0.1750322 0.1919651 0.1690087 0.0203831 0.1411604 0.1377019 0.1484044 0.1842832 0.1533852 0.1506906 0.1408829 0.1480884 0.2021872 0.0225447 0.1252925 0.2794191 0.2104580 0.1207229 0.0261045 0.1898812 0.1493809 0.1317265 0.1866635 0.1444946 0.1546729 0.1545880 0.1336371 0.1484837 0.0094348 0.2890162 0.1513855 0.0137076 0.2033982 0.1420106 0.2575280 0.1410639 0.1357771 0.1336135 0.1382497 0.3061745 0.1425429 0.1468667 0.0954754 0.1484682 0.1448056 0.1250887 0.2044625 0.0643425 0.3058389 0.3216884 0.3013483 0.2785205 0.1842389 0.1368683 0.1757727 0.0970463 0.0987944 0.2637641 0.2639472 0.2568167 0.1333460 0.2552353 0.3102781 0.1534686 0.0965349 0.1423116 0.2176897 0.2518642 0.1334736 0.1495754 0.1329649 0.1546086 0.1456504 0.1538381 0.0238703 0.1630865 0.2008410 0.0976949 0.0142422 0.0273065 0.1415466 0.1069246 0.1867117 0.1617001 0.1392917 0.1336355 0.1666437 0.2064807 0.1503560 0.1380419 0.1909841 0.1959698 0.2246097 0.1367853 0.1353296 0.1799926 0.1313504 0.1496125 0.1314256 0.1343035 0.1948544 0.1499758 0.1479288 0.2103089 0.1526232 0.1658588 0.1486979 0.1396131 0.1766156 0.1852995 0.1423479 0.1501766 0.1493281 0.2108523 0.1410047 0.1540544 0.1641765 0.1317842 
S0327         0.3144561 0.1013768 0.1118438 0.1103827 0.1079020 0.0950447 0.1907118 0.1127801 0.1662695 0.1008412 0.0656851 0.1722875 0.1759096 0.1274382 0.1750322 0.0000000 0.1380729 0.1325657 0.1822502 0.1076925 0.1107418 0.1189989 0.0896053 0.1142057 0.0571467 0.1111498 0.1237434 0.0820643 0.1821439 0.0629890 0.2625787 0.1632537 0.1656306 0.1809307 0.0922681 0.1116386 0.1040772 0.1028829 0.0713166 0.0992164 0.1326257 0.1128095 0.1106350 0.1691411 0.2308930 0.1191814 0.1823960 0.1294369 0.1127101 0.2570629 0.1094282 0.1034015 0.1066465 0.1058348 0.2661936 0.1183893 0.0679938 0.1588601 0.0884393 0.0717972 0.1060508 0.1004980 0.1377944 0.2557759 0.2899576 0.2590209 0.2518417 0.1533074 0.1218847 0.1255529 0.1654415 0.1485381 0.2450741 0.2459342 0.2179999 0.1033703 0.2066732 0.2831407 0.1045103 0.1544020 0.1194268 0.1839235 0.2103233 0.1030636 0.1256902 0.0927666 0.0653920 0.0925081 0.0924845 0.1757481 0.0842140 0.1050318 0.1383158 0.1638083 0.1886757 0.1096391 0.1747272 0.1431078 0.1549567 0.1121118 0.1085446 0.1341446 0.1922908 0.1187843 0.0750812 0.1601653 0.1737921 0.1326563 0.1114878 0.1033749 0.0851301 0.1183895 0.0907936 0.1017406 0.1184181 0.1712107 0.1202411 0.1261249 0.1130795 0.1121538 0.0780420 0.1098890 0.1211536 0.1435460 0.1534023 0.0883781 0.1296372 0.1212612 0.1806587 0.1037510 0.1277536 0.1339922 0.1222555 
S0335         0.3397012 0.1170657 0.1360086 0.1700796 0.1161145 0.1205816 0.1924530 0.1498707 0.1255620 0.1354598 0.0873584 0.2066808 0.1913085 0.1837647 0.1919651 0.1380729 0.0000000 0.0601992 0.1981178 0.1451301 0.1384803 0.1425651 0.1377317 0.1516860 0.1308075 0.1355873 0.1557912 0.1862697 0.1921339 0.1207932 0.2067766 0.1917094 0.1816601 0.1867516 0.1636801 0.1236864 0.1234750 0.1583967 0.1339807 0.1541867 0.1507460 0.1367096 0.1244360 0.1876495 0.2782773 0.1533500 0.1862976 0.1630564 0.1376984 0.2013453 0.1364140 0.1248981 0.1313177 0.1374483 0.2257451 0.1323586 0.1375575 0.1910174 0.1245916 0.1341681 0.0986587 0.1291884 0.1632564 0.2059379 0.2274646 0.2015171 0.1988678 0.1914171 0.1476442 0.1475531 0.1818035 0.1602074 0.2023587 0.2061132 0.2678119 0.1334149 0.2585867 0.2305550 0.0827693 0.1797390 0.1361739 0.1419074 0.2576288 0.1331836 0.1400154 0.1004216 0.1203037 0.1257485 0.1328192 0.1838910 0.1530003 0.1765716 0.1591544 0.1764349 0.1846093 0.1359249 0.1879698 0.0654654 0.0966206 0.1339434 0.1329772 0.1335380 0.1472756 0.1519774 0.1362699 0.1295148 0.1270650 0.1722436 0.1284114 0.1348886 0.1434768 0.1438721 0.1334337 0.1290966 0.1439074 0.1358710 0.0770255 0.1520819 0.1720184 0.1313961 0.1482722 0.1319694 0.1458356 0.0739932 0.0535610 0.1423767 0.1016497 0.1226687 0.1936288 0.1216792 0.0753713 0.1630112 0.1366940 
S0345         0.3238308 0.1086769 0.1206212 0.1521013 0.0983693 0.1121740 0.1723173 0.1429743 0.1300167 0.1281923 0.0779231 0.1923921 0.1747415 0.1662676 0.1690087 0.1325657 0.0601992 0.0000000 0.1743955 0.1298870 0.1297271 0.1290062 0.1256076 0.1286965 0.1179083 0.1252528 0.1380461 0.1413169 0.1654723 0.1101039 0.2116190 0.1719927 0.1641748 0.1713352 0.1396272 0.1191415 0.1220195 0.1431335 0.1196908 0.1336041 0.1463543 0.1309613 0.1177009 0.1655544 0.2562316 0.1347675 0.1688073 0.1673353 0.1321256 0.2234914 0.1228055 0.1214439 0.1151850 0.1224525 0.2181127 0.1212023 0.1236242 0.1640587 0.1133316 0.1223849 0.0913812 0.1128820 0.1494022 0.2268544 0.2319513 0.2218968 0.2158312 0.1772194 0.1266652 0.1401076 0.1631305 0.1432405 0.1950024 0.2010167 0.2378969 0.1185374 0.2270952 0.2210390 0.0800624 0.1583426 0.1181041 0.1218230 0.2288016 0.1246197 0.1299734 0.0943052 0.1119444 0.1090954 0.1151061 0.1591534 0.1355245 0.1534103 0.1466287 0.1506858 0.1642036 0.1301558 0.1633465 0.0258390 0.0844525 0.1267539 0.1259461 0.1298362 0.1298835 0.1382908 0.1261815 0.1309982 0.1314023 0.1525451 0.1233654 0.1171191 0.1224597 0.1231634 0.1154895 0.1198647 0.1231929 0.1211774 0.0766983 0.1422193 0.1504467 0.1242740 0.1325093 0.1277916 0.1421101 0.0196298 0.0615432 0.1207076 0.0976055 0.1105966 0.1852540 0.1081910 0.0796811 0.1377810 0.1362765 
S0355         0.3561880 0.1340955 0.1224633 0.2220922 0.1369802 0.1344226 0.0347595 0.1947967 0.2007318 0.1392848 0.0971015 0.2544241 0.1097010 0.2221982 0.0203831 0.1822502 0.1981178 0.1743955 0.0000000 0.1475800 0.1481476 0.1548347 0.1906535 0.1632863 0.1612131 0.1462358 0.1604213 0.2019736 0.0323752 0.1363425 0.2875783 0.2133600 0.1277942 0.0340833 0.1967110 0.1605961 0.1427498 0.1933910 0.1536701 0.1594825 0.1642697 0.1445051 0.1578039 0.0187292 0.2932606 0.1543549 0.0249854 0.2126396 0.1504959 0.2798782 0.1461375 0.1413321 0.1377440 0.1420641 0.3158030 0.1608853 0.1639673 0.1076968 0.1634692 0.1601220 0.1341359 0.2117434 0.0636801 0.3034965 0.3249971 0.3019680 0.2900410 0.1956178 0.1492340 0.1796392 0.1068308 0.1017709 0.2691104 0.2712415 0.2631649 0.1393036 0.2651372 0.3202922 0.1642434 0.1045745 0.1530975 0.2411325 0.2607513 0.1424100 0.1511721 0.1400093 0.1684931 0.1579317 0.1643253 0.0303573 0.1743682 0.2090256 0.1047788 0.0204955 0.0314389 0.1499067 0.1197567 0.1942132 0.1709985 0.1496782 0.1425181 0.1730913 0.2276135 0.1630659 0.1458559 0.2060363 0.2129378 0.2411116 0.1428919 0.1408223 0.1967909 0.1453491 0.1599746 0.1409106 0.1421231 0.2149825 0.1594034 0.1475463 0.2237302 0.1527284 0.1719233 0.1532849 0.1461115 0.1795143 0.2000335 0.1530436 0.1675811 0.1555143 0.2190870 0.1476587 0.1622950 0.1732605 0.1524073 
S0376         0.2860454 0.0658745 0.0762492 0.1537111 0.0953131 0.0682548 0.1608047 0.1460388 0.1605277 0.0805120 0.0464655 0.1859719 0.1608666 0.1601627 0.1411604 0.1076925 0.1451301 0.1298870 0.1475800 0.0000000 0.0819979 0.0868328 0.1223866 0.0841162 0.1005021 0.0850335 0.0448291 0.1483519 0.1459855 0.0901572 0.2603445 0.1492570 0.1451586 0.1460145 0.1326735 0.0859453 0.0802793 0.1417333 0.1050146 0.1116495 0.0904185 0.0849662 0.0944186 0.1425427 0.2227055 0.0942153 0.1499406 0.1463269 0.0840520 0.2725023 0.0833563 0.0753967 0.0837404 0.0832148 0.2642312 0.1016909 0.1063830 0.1278267 0.1084492 0.1038673 0.0907059 0.1146477 0.1225110 0.2664114 0.2756784 0.2486193 0.2550695 0.1240319 0.0929572 0.1126487 0.1330057 0.1327926 0.2395368 0.2437619 0.1927964 0.0808279 0.1965708 0.2828556 0.1194711 0.1276891 0.0862187 0.1862739 0.1960938 0.0751648 0.0834226 0.0853142 0.1110178 0.1062667 0.1051533 0.1420090 0.1180509 0.1404815 0.1242065 0.1322095 0.1502120 0.0847422 0.1439608 0.1349919 0.1516721 0.0861653 0.0813931 0.1004380 0.2046695 0.0797316 0.0992578 0.1689304 0.1753552 0.1635074 0.0774758 0.0795647 0.1212408 0.0911551 0.1028040 0.0828680 0.0911757 0.1824613 0.1120566 0.0969697 0.1495639 0.0772024 0.1115504 0.0749306 0.0923959 0.1350967 0.1444579 0.1124025 0.1149791 0.1145974 0.1549775 0.0894930 0.1119950 0.0520468 0.1114044 
S0400         0.2851400 0.0465967 0.0837562 0.1794814 0.0940180 0.0049061 0.1569493 0.1647588 0.1523683 0.0134115 0.0215115 0.2146010 0.1568682 0.1951013 0.1377019 0.1107418 0.1384803 0.1297271 0.1481476 0.0819979 0.0000000 0.0260155 0.1593306 0.0939746 0.1128036 0.0908594 0.1007413 0.1594985 0.1429097 0.0882202 0.2694942 0.1565478 0.1337036 0.1478812 0.1628458 0.0369206 0.0156874 0.1629387 0.1011762 0.1202092 0.0844129 0.0168321 0.1000077 0.1367834 0.2221385 0.1019157 0.1472008 0.1431333 0.0241454 0.2781917 0.0905468 0.0136475 0.0878927 0.0898629 0.2837393 0.1061006 0.1086358 0.1252402 0.1082640 0.1047320 0.0885811 0.1483891 0.1153181 0.3043212 0.2849294 0.2686361 0.2593381 0.0814112 0.1034632 0.1135786 0.1428575 0.1292704 0.2563444 0.2619356 0.2074531 0.0862350 0.2060123 0.2766639 0.1191229 0.1443317 0.0861272 0.1908758 0.2003444 0.0146682 0.0530449 0.0882468 0.1162409 0.1173582 0.1223043 0.1378426 0.1184743 0.1704797 0.1195762 0.1296513 0.1410491 0.0167389 0.1353097 0.1353359 0.1241464 0.0188047 0.0176670 0.0774025 0.1946745 0.0831808 0.1119501 0.1527415 0.1692173 0.1998893 0.0406923 0.0875202 0.1447614 0.1002721 0.1090321 0.0178807 0.1002952 0.1700916 0.1106731 0.0315620 0.1741720 0.0629760 0.1158731 0.0400252 0.0852294 0.1326914 0.1406979 0.1248533 0.1285770 0.1095464 0.1681969 0.0881015 0.1137061 0.1032867 0.1139261 
S0405         0.2789560 0.0545643 0.0948989 0.1857672 0.1064622 0.0171391 0.1635517 0.1726310 0.1625755 0.0243183 0.0309739 0.2179384 0.1662590 0.1981249 0.1484044 0.1189989 0.1425651 0.1290062 0.1548347 0.0868328 0.0260155 0.0000000 0.1628864 0.0992262 0.1195931 0.0958828 0.1044925 0.1490902 0.1493571 0.0934106 0.2795142 0.1592972 0.1440179 0.1587989 0.1673218 0.0434593 0.0176192 0.1688935 0.1064197 0.1198330 0.0973477 0.0272658 0.1051077 0.1462733 0.2388487 0.1015873 0.1569122 0.1441140 0.0304545 0.3023625 0.0955522 0.0238567 0.0928656 0.0948274 0.2889073 0.1112168 0.1126474 0.1352749 0.1136131 0.1088440 0.0922363 0.1665302 0.1249585 0.3269974 0.2925910 0.2865077 0.2685443 0.0864713 0.1060223 0.1201831 0.1544903 0.1394874 0.2600440 0.2676432 0.2181661 0.0911701 0.2202931 0.3024323 0.1244509 0.1516930 0.0966438 0.2018196 0.2148533 0.0227775 0.0576405 0.0958824 0.1259506 0.1228427 0.1263578 0.1465002 0.1269136 0.1781146 0.1251600 0.1366591 0.1567386 0.0207853 0.1424278 0.1345761 0.1446028 0.0292735 0.0195974 0.0888032 0.2011104 0.0915090 0.1130337 0.1654831 0.1816971 0.1961084 0.0521618 0.0873781 0.1486836 0.1081407 0.1114952 0.0283712 0.1081658 0.1813038 0.1201687 0.0402177 0.1796528 0.0712433 0.1239505 0.0477483 0.0940683 0.1319525 0.1478392 0.1258138 0.1369893 0.1161854 0.1674408 0.0973919 0.1233917 0.1084679 0.1209308 
S0407sl       0.3905704 0.1347146 0.1160636 0.0890761 0.1227049 0.1412001 0.1919400 0.0791588 0.1459151 0.1522814 0.1013117 0.1604359 0.1918769 0.0932447 0.1842832 0.0896053 0.1377317 0.1256076 0.1906535 0.1223866 0.1593306 0.1628864 0.0000000 0.1562380 0.0575461 0.1424683 0.1502731 0.0445991 0.1852015 0.0900210 0.2513053 0.1944222 0.1826004 0.1800159 0.0768477 0.1481443 0.1510718 0.0834317 0.1033940 0.1128671 0.1564223 0.1603591 0.1470903 0.1797668 0.2705309 0.1569822 0.1832373 0.1779216 0.1599990 0.2197800 0.1397454 0.1531428 0.1404038 0.1368546 0.2373417 0.1428676 0.0995503 0.1628782 0.1006618 0.1059479 0.1130672 0.0724676 0.1617217 0.2305801 0.2669198 0.2567805 0.2552069 0.2066331 0.1523909 0.1503408 0.1595940 0.1700517 0.2088853 0.2178919 0.2420342 0.1342561 0.2337908 0.2567061 0.1214813 0.1535349 0.1461490 0.1612032 0.2347407 0.1451113 0.1517328 0.1208438 0.0601932 0.0989108 0.1029908 0.1780487 0.1213577 0.0878882 0.1471823 0.1605487 0.1864388 0.1601607 0.1695318 0.1285508 0.1426661 0.1556845 0.1565650 0.1767797 0.1914268 0.1414328 0.1057569 0.1619199 0.1461067 0.0930054 0.1469073 0.1329596 0.0258420 0.1448998 0.1031580 0.1439803 0.1478826 0.1635446 0.1246834 0.1798419 0.0902061 0.1480103 0.1148693 0.1477505 0.1455415 0.1333227 0.1499906 0.1000060 0.1195337 0.1344910 0.1801050 0.1349858 0.1180752 0.1464306 0.1293460 
S0412sl       0.3187748 0.0810881 0.0964715 0.1742740 0.0952393 0.0783019 0.1681118 0.1619148 0.1621587 0.0921694 0.0424080 0.2192334 0.1700083 0.2003676 0.1533852 0.1142057 0.1516860 0.1286965 0.1632863 0.0841162 0.0939746 0.0992262 0.1562380 0.0000000 0.1219991 0.1026808 0.0968733 0.1502617 0.1557324 0.0982530 0.2876637 0.1244525 0.1642787 0.1732475 0.1572137 0.0992374 0.0934325 0.1725934 0.1150987 0.1326959 0.0892953 0.0926115 0.1077716 0.1526592 0.2433103 0.0678396 0.1623354 0.1519510 0.1002653 0.3334405 0.0977811 0.0905084 0.1010227 0.0989788 0.2894886 0.1112491 0.1233775 0.1387917 0.1156719 0.1163926 0.0965826 0.1815620 0.1439456 0.3374001 0.2972020 0.2703744 0.2532215 0.1456585 0.0966953 0.1268170 0.1622585 0.1302297 0.2584361 0.2641739 0.2224539 0.0977828 0.2117184 0.2918587 0.1109301 0.1570650 0.0877087 0.1892959 0.2112984 0.0902158 0.1049369 0.0948100 0.1230347 0.1139347 0.1187129 0.1522435 0.1302599 0.1716943 0.1368108 0.1382652 0.1627712 0.0968009 0.1562884 0.1284846 0.1461566 0.0952743 0.0946428 0.1139383 0.2079804 0.0852172 0.1213172 0.1615967 0.1733945 0.1947098 0.1032097 0.0937906 0.1363858 0.0947952 0.1277814 0.0898335 0.0974673 0.1843666 0.1193594 0.1069769 0.1664763 0.1000109 0.1323713 0.0982258 0.0849991 0.1322850 0.1375759 0.1330767 0.1335367 0.1181921 0.1891928 0.0960629 0.1241873 0.1012311 0.1240682 
S0417         0.3271265 0.0983502 0.1017587 0.0906631 0.1022409 0.0982479 0.1622470 0.0882040 0.1371032 0.1042420 0.0723105 0.1558174 0.1653325 0.1100338 0.1506906 0.0571467 0.1308075 0.1179083 0.1612131 0.1005021 0.1128036 0.1195931 0.0575461 0.1219991 0.0000000 0.1031408 0.1210077 0.0384329 0.1542079 0.0615470 0.2310417 0.1657220 0.1468082 0.1461546 0.0815315 0.1140223 0.1075564 0.0865381 0.0685931 0.0853495 0.1227292 0.1121437 0.1114957 0.1444152 0.2431382 0.1318219 0.1550228 0.1347974 0.1167773 0.2212998 0.1030669 0.1109279 0.1003782 0.0966974 0.2281541 0.1128718 0.0729856 0.1371696 0.0761975 0.0705859 0.0932324 0.0687806 0.1344567 0.2446415 0.2540988 0.2196907 0.2326026 0.1659060 0.1161102 0.1171078 0.1458579 0.1323091 0.2138697 0.2177757 0.2233147 0.0972355 0.2150002 0.2508829 0.1059921 0.1378547 0.1162292 0.1702043 0.2196746 0.1065009 0.1207637 0.0901597 0.0494950 0.0759897 0.0804607 0.1447301 0.0947159 0.0935604 0.1292927 0.1364712 0.1593516 0.1088720 0.1455838 0.1193105 0.1287096 0.1127584 0.1105956 0.1394562 0.1829926 0.1095030 0.0753513 0.1452587 0.1448525 0.1066822 0.1110548 0.0959022 0.0554615 0.1127237 0.0742650 0.1032600 0.1154450 0.1518337 0.1107425 0.1297548 0.0876853 0.1117194 0.0809300 0.1100945 0.1152152 0.1250795 0.1412421 0.0857842 0.1039333 0.1135738 0.1725193 0.0989494 0.1140618 0.1297680 0.1138864 
S0419         0.2929405 0.0790846 0.0245503 0.1616859 0.0736381 0.0746152 0.1578662 0.1528263 0.1627479 0.0859874 0.0519389 0.1996410 0.1594937 0.1858947 0.1408829 0.1111498 0.1355873 0.1252528 0.1462358 0.0850335 0.0908594 0.0958828 0.1424683 0.1026808 0.1031408 0.0000000 0.0984566 0.1619818 0.1492230 0.0905309 0.2643687 0.1606844 0.1289634 0.1536292 0.1531601 0.0929180 0.0836806 0.1427724 0.1002597 0.1230965 0.1005365 0.0914271 0.0674934 0.1397012 0.2286176 0.1106233 0.1462667 0.1265369 0.0956404 0.2719794 0.0146753 0.0828757 0.0146862 0.0145966 0.2808149 0.0727461 0.1034708 0.1238078 0.1051439 0.1050162 0.0834934 0.1353472 0.1197393 0.2552152 0.2839500 0.2616306 0.2491926 0.1318233 0.0733025 0.0924143 0.1324231 0.1138313 0.2448646 0.2519576 0.2050216 0.0126309 0.2020414 0.2944657 0.1065857 0.1306237 0.1046097 0.1952993 0.2014159 0.0839028 0.1024111 0.0897525 0.1112963 0.1009292 0.1082850 0.1419862 0.1184434 0.1621347 0.1104861 0.1309133 0.1504785 0.0883949 0.1363126 0.1303415 0.1320582 0.0899618 0.0864781 0.1063685 0.2118640 0.1012190 0.0998187 0.1642909 0.1705542 0.1736205 0.0923108 0.0136269 0.1359950 0.0705316 0.1144509 0.0893822 0.0705457 0.1773883 0.1119808 0.1031072 0.1668026 0.0944645 0.1166118 0.0937726 0.0994827 0.1359921 0.1358377 0.1165478 0.1105756 0.0968677 0.1615901 0.0537433 0.1119191 0.1026258 0.0964468 
S0427         0.2972881 0.0795658 0.0972325 0.1550403 0.1028437 0.0826715 0.1717558 0.1463802 0.1808252 0.0993209 0.0584233 0.1998146 0.1553961 0.1792761 0.1480884 0.1237434 0.1557912 0.1380461 0.1604213 0.0448291 0.1007413 0.1044925 0.1502731 0.0968733 0.1210077 0.0984566 0.0000000 0.1912222 0.1564542 0.0997736 0.2870601 0.1634296 0.1623608 0.1536022 0.1382884 0.1024654 0.0970245 0.1600215 0.1223668 0.1289895 0.1059584 0.1052853 0.1085572 0.1528798 0.2362290 0.1123041 0.1605754 0.1538771 0.1084370 0.3008084 0.0979287 0.0936412 0.0983860 0.0963953 0.2763215 0.1175115 0.1175057 0.1457641 0.1219980 0.1164904 0.1015112 0.1488908 0.1391061 0.2972725 0.2812616 0.2595775 0.2769959 0.1393200 0.1055688 0.1202655 0.1435189 0.1373214 0.2516317 0.2542421 0.2055512 0.0952858 0.2086865 0.2971293 0.1211637 0.1389651 0.0893641 0.2081058 0.2048865 0.0956370 0.0963912 0.0972578 0.1289269 0.1196673 0.1221883 0.1531523 0.1287148 0.1579784 0.1334407 0.1425608 0.1631310 0.1050027 0.1606618 0.1433053 0.1624500 0.1037900 0.1012840 0.1156452 0.2142047 0.0875794 0.1174829 0.1868552 0.1915267 0.1729441 0.0939161 0.0914497 0.1430754 0.1062643 0.1256345 0.0991733 0.1076551 0.1988415 0.1203979 0.1181077 0.1519002 0.0938115 0.1297907 0.0891959 0.1003327 0.1389346 0.1586874 0.1290094 0.1250317 0.1264381 0.1605326 0.1045767 0.1217244 0.0595983 0.1256000 
S0428sl       0.4854021 0.1507547 0.1481990 0.1305130 0.1285752 0.1513204 0.1399028 0.1025165 0.1202211 0.1550421 0.0744266 0.1754266 0.1890436 0.1144475 0.2021872 0.0820643 0.1862697 0.1413169 0.2019736 0.1483519 0.1594985 0.1490902 0.0445991 0.1502617 0.0384329 0.1619818 0.1912222 0.0000000 0.1615170 0.0464080 0.2024331 0.1286229 0.2034581 0.1694797 0.0910801 0.1312084 0.1385374 0.1090452 0.0512594 0.1099608 0.1318003 0.1596626 0.1592383 0.2017818 0.2965287 0.1382712 0.2049593 0.1972577 0.1359334 0.2202415 0.1708191 0.1691291 0.1505397 0.1778654 0.2431362 0.1368045 0.0650505 0.1389078 0.1092243 0.0587850 0.1087272 0.0988095 0.1560256 0.2732194 0.3172227 0.2140992 0.2335042 0.2155472 0.1459954 0.1206543 0.1518479 0.1585747 0.2548761 0.2548761 0.2627247 0.1591043 0.2634700 0.2698534 0.1091477 0.1315771 0.1209332 0.1125388 0.2370698 0.1576161 0.1201083 0.1063952 0.0247892 0.1092243 0.1105293 0.1628280 0.1159252 0.1538485 0.1574799 0.1563380 0.1584425 0.1319653 0.1461619 0.1304905 0.1366875 0.1504862 0.1385374 0.1948891 0.1025681 0.1399896 0.1002460 0.1207621 0.1100464 0.1005186 0.1196731 0.1413052 0.0450745 0.1459954 0.0939707 0.1774711 0.1459954 0.0925618 0.1265166 0.1406683 0.0831403 0.1118684 0.0983658 0.1203792 0.1049300 0.1506751 0.1543005 0.1184798 0.1542882 0.1187117 0.1706394 0.1139657 0.1217476 0.1714326 0.0934393 
S0430         0.3637394 0.1308225 0.1232504 0.2193785 0.1288245 0.1280701 0.0260549 0.2006442 0.1882696 0.1373789 0.0984431 0.2512801 0.1063914 0.2210019 0.0225447 0.1821439 0.1921339 0.1654723 0.0323752 0.1459855 0.1429097 0.1493571 0.1852015 0.1557324 0.1542079 0.1492230 0.1564542 0.1615170 0.0000000 0.1387203 0.2867342 0.1964037 0.1290794 0.0306928 0.1949425 0.1490205 0.1354858 0.1880133 0.1481937 0.1512859 0.1589557 0.1391663 0.1508941 0.0228233 0.2908147 0.1534083 0.0198225 0.2018612 0.1419568 0.2754793 0.1506340 0.1421731 0.1406594 0.1480870 0.3071805 0.1507523 0.1601110 0.1060048 0.1514190 0.1531188 0.1311279 0.2108221 0.0696315 0.3117236 0.3167174 0.2937943 0.2819015 0.1907999 0.1461764 0.1752374 0.1024382 0.1100876 0.2665601 0.2686911 0.2629173 0.1452992 0.2648875 0.3098859 0.1644543 0.1030625 0.1470962 0.2234891 0.2627250 0.1403400 0.1490250 0.1430805 0.1645946 0.1472033 0.1533263 0.0198455 0.1687822 0.2053206 0.1059982 0.0099936 0.0208838 0.1446369 0.1154155 0.1846746 0.1507439 0.1444200 0.1401565 0.1659459 0.2122266 0.1514507 0.1364331 0.1979038 0.1997340 0.2327088 0.1423993 0.1437593 0.1943559 0.1423281 0.1464178 0.1371187 0.1407073 0.2052423 0.1542887 0.1459675 0.2094235 0.1536309 0.1712898 0.1572753 0.1482753 0.1736144 0.1855469 0.1395166 0.1581084 0.1508814 0.2207022 0.1506087 0.1601465 0.1715579 0.1499581 
