122
PAFTOL_019361 0.0000000 0.1270827 0.1362542 0.1949012 0.1538628 0.1409803 0.1311796 0.0981108 0.0983184 0.1417338 0.1291185 0.1462982 2.2978713 0.1246428 0.1452209 2.2978713 0.0794546 0.1404012 0.0000010 0.1245611 0.1567143 0.1562124 0.1295248 0.1195422 0.1413401 0.1330658 0.1727295 0.1250676 0.1356172 0.1368574 0.1451514 0.1554651 0.1193909 0.1445848 0.1343186 0.1258941 0.1549757 0.1584309 0.1371640 0.1573362 0.1346673 0.1412659 0.1511541 0.1269965 0.1434173 0.1330658 0.1356908 0.1218130 0.1539478 0.1568100 0.1141297 0.1506352 0.1387147 0.1283060 0.1247897 0.1614049 0.1084602 0.1642766 0.1403410 0.1324397 0.1376566 0.1167930 0.0890845 0.1213038 0.1057792 0.1375445 0.1391903 0.1428109 0.1578574 0.1300435 0.1112284 0.1254689 0.1044909 0.1391903 0.1260384 0.1146009 0.1069508 0.1300743 0.1336621 0.1412033 0.1174847 0.1353641 0.1384670 0.1158699 0.1352964 0.1323835 0.1381537 0.1428662 0.0994966 0.1334702 0.1253675 0.1374322 0.1184223 0.1399145 0.1050742 0.0991115 0.1598006 0.1368532 0.1515924 0.1248186 0.1525766 0.1592842 0.0000010 0.1710679 0.1144876 0.1284583 0.1755605 0.1422364 0.1239390 0.1336289 0.1496591 0.1213619 0.1329931 0.1242062 0.1479875 0.1295488 0.1458642 0.1600541 0.1390892 0.1297381 0.1509272 0.1259569 
S0055         0.1270827 0.0000000 0.0483807 0.1286219 0.0597969 0.0375757 0.0746464 0.0675564 0.0636715 0.0377301 0.0330029 0.0937468 1.6358533 0.0860455 0.0955272 1.6358533 0.0570294 0.0721805 0.0000010 0.0941275 0.0381496 0.0478427 0.0425160 0.0375203 0.1021822 0.0425265 0.0570851 0.0634569 0.0699443 0.0593234 0.0596684 0.1022626 0.0771955 0.0434863 0.0378674 0.1156617 0.0775677 0.0754675 0.0426239 0.0481141 0.0539687 0.1286063 0.0420421 0.0556105 0.0379118 0.0425265 0.0384672 0.0650364 0.0597588 0.0783825 0.0712531 0.0812707 0.0730252 0.0537586 0.0708241 0.0946119 0.0771639 0.0639887 0.0582244 0.0899333 0.0778813 0.1005566 0.0647494 0.0429281 0.0385660 0.1011424 0.0960475 0.0717716 0.0953768 0.0651474 0.0954676 0.0226687 0.0594424 0.0960475 0.0477730 0.0377755 0.0599692 0.0833307 0.0702505 0.0747916 0.0785079 0.0665240 0.1170438 0.0542385 0.0705622 0.0477027 0.0866710 0.0642256 0.0587849 0.0325589 0.0487718 0.0836242 0.0274665 0.0707516 0.0691388 0.0596317 0.1301320 0.0371933 0.0538114 0.0970920 0.0651517 0.0875690 0.0000010 0.0712979 0.0704411 0.0535652 0.0590511 0.1018486 0.0226402 0.0760657 0.0440881 0.0329847 0.0609793 0.0430787 0.0636756 0.0706398 0.0586881 0.0737569 0.0769095 0.0649364 0.0271801 0.0530477 
S0196sl       0.1362542 0.0483807 0.0000000 0.0924555 0.0181115 0.0474383 0.0508919 0.0340369 0.0322125 0.0474383 0.0228813 0.0586131 2.5928495 0.0523035 0.0595968 2.5928495 0.0510317 0.0643405 0.0000010 0.0701639 0.0502239 0.0579431 0.0524664 0.0274269 0.0654037 0.0043616 0.0642738 0.0458845 0.0375110 0.0488174 0.0600421 0.0655004 0.0433878 0.0482619 0.0478165 0.0772574 0.0484257 0.0475350 0.0422852 0.0582735 0.0044198 0.1215986 0.0533030 0.0551528 0.0426135 0.0043616 0.0432946 0.0535326 0.0089928 0.0540328 0.0486617 0.0476636 0.0608386 0.0548022 0.0377872 0.0644748 0.0721306 0.0779620 0.0087965 0.1031035 0.0433650 0.0644720 0.0414413 0.0380589 0.0493009 0.0774485 0.0902794 0.0482219 0.0837690 0.0769835 0.0596076 0.0425596 0.0482917 0.0902794 0.0372255 0.0703130 0.0381883 0.0595968 0.0376786 0.0421532 0.0584501 0.0433099 0.0763761 0.0329740 0.0458982 0.0577737 0.0526636 0.0636234 0.0375295 0.0422939 0.0853850 0.0588503 0.0477450 0.0475983 0.0371190 0.0430284 0.0877507 0.0690927 0.0088542 0.0494882 0.0135237 0.0524449 0.0000010 0.0043616 0.0532258 0.0531025 0.0657155 0.0766457 0.0425058 0.0428089 0.0483832 0.0541416 0.0494132 0.0427315 0.0524448 0.0377883 0.0598276 0.0500139 0.0598570 0.0534507 0.0379333 0.0540638 
S0278         0.1949012 0.1286219 0.0924555 0.0000000 0.1157406 0.1039100 0.1009777 0.0235080 0.0805882 0.1044061 0.0803370 0.0619602 1.6333848 0.0985285 0.0232727 1.6333848 0.0571958 0.1458913 0.0000010 0.1184489 0.1340194 0.1080838 0.1099960 0.0789980 0.0497786 0.0972089 0.1006192 0.0920757 0.0551799 0.1033712 0.1224287 0.1140356 0.0333512 0.1195574 0.1109163 0.0621249 0.0754186 0.0793981 0.0974885 0.1087689 0.0993831 0.1745531 0.1070468 0.0951284 0.1114392 0.0972089 0.0937560 0.1219749 0.0954628 0.0907735 0.1024123 0.0753104 0.0871556 0.1125873 0.0861766 0.0954037 0.1152600 0.1245398 0.0843774 0.1213294 0.1310286 0.1049905 0.0782481 0.0920311 0.1070214 0.1196863 0.1349689 0.0623514 0.1189806 0.1473691 0.0934481 0.1112967 0.1020173 0.1349689 0.0911575 0.1341479 0.0793849 0.0331722 0.0696835 0.0686108 0.0995936 0.0677540 0.0401841 0.0845196 0.0938168 0.1165656 0.1062630 0.0900639 0.0877645 0.1102968 0.1573425 0.1016765 0.1048387 0.0730268 0.0866620 0.0923416 0.0444074 0.1312615 0.1122628 0.0390965 0.1057484 0.0818645 0.0000010 0.1070968 0.1077880 0.1073017 0.1127847 0.0382710 0.1041121 0.1006854 0.1315407 0.1280439 0.0979168 0.0893737 0.0806154 0.1080798 0.0881520 0.0779680 0.1080589 0.1082386 0.1018205 0.1181933 
S0281         0.1538628 0.0597969 0.0181115 0.1157406 0.0000000 0.0585701 0.0571089 0.0446023 0.0426079 0.0585701 0.0329529 0.0704225 2.5928495 0.0636090 0.0792460 2.5928495 0.0690638 0.0650735 0.0000010 0.0784771 0.0621123 0.0695635 0.0638006 0.0478766 0.0735782 0.0228309 0.0763877 0.0514145 0.0589719 0.0603740 0.0722319 0.0779023 0.0601118 0.0596394 0.0590601 0.1028014 0.0598599 0.0587262 0.0531697 0.0699709 0.0231557 0.1343320 0.0648567 0.0557854 0.0536072 0.0228309 0.0544729 0.0651630 0.0282947 0.0657928 0.0600996 0.0588819 0.0615453 0.0667742 0.0486336 0.0766508 0.0850458 0.0833402 0.0276296 0.1072750 0.0438370 0.0766406 0.0476697 0.0501153 0.0625767 0.0930097 0.1066291 0.0553844 0.0972188 0.0778977 0.0716602 0.0535388 0.0543293 0.1066291 0.0584834 0.0828156 0.0545385 0.0792460 0.0484773 0.0530134 0.0651013 0.0656575 0.0902033 0.0436444 0.0577272 0.0693560 0.0640585 0.0817174 0.0430253 0.0531808 0.1059078 0.0652127 0.0589758 0.0546314 0.0477371 0.0542337 0.1110544 0.0813071 0.0278313 0.0669223 0.0330877 0.0530244 0.0000010 0.0228309 0.0593819 0.0536860 0.0781862 0.0977750 0.0534707 0.0538713 0.0597999 0.0659260 0.0610953 0.0495579 0.0530244 0.0486422 0.0795757 0.0618141 0.0765647 0.0540428 0.0488270 0.0658333 
S0282         0.1409803 0.0375757 0.0474383 0.1039100 0.0585701 0.0000000 0.0503000 0.0604144 0.0518825 0.0000025 0.0227321 0.0800546 2.5046921 0.0730296 0.0814810 2.5046921 0.0506681 0.0706334 0.0000010 0.0701639 0.0720782 0.0087430 0.0223717 0.0271406 0.0876856 0.0417266 0.0635319 0.0452809 0.0576844 0.0701194 0.0547784 0.0877713 0.0642853 0.0374899 0.0179242 0.1002798 0.0536440 0.0629084 0.0224274 0.0087884 0.0528910 0.1277947 0.0423571 0.0553099 0.0321973 0.0417266 0.0000025 0.0636949 0.0585319 0.0541950 0.0587668 0.0683788 0.0492226 0.0541754 0.0693195 0.0863889 0.0885871 0.0708910 0.0570656 0.0894183 0.0761610 0.0863714 0.0637990 0.0531695 0.0488874 0.1005611 0.0954941 0.0591089 0.1072953 0.0760795 0.0756435 0.0321569 0.0476660 0.0954941 0.0087316 0.0584876 0.0427872 0.0700104 0.0579339 0.0623803 0.0470695 0.0434402 0.1006567 0.0427126 0.0460324 0.0271026 0.0680983 0.0629205 0.0471726 0.0132236 0.0725989 0.0748745 0.0273347 0.0583164 0.0570531 0.0478193 0.1130651 0.0575214 0.0527377 0.0827623 0.0637924 0.0742720 0.0000010 0.0697705 0.0580626 0.0525139 0.0591281 0.0874125 0.0321166 0.0634034 0.0438482 0.0429932 0.0597137 0.0422659 0.0623940 0.0635135 0.0702863 0.0607388 0.0697323 0.0528540 0.0479627 0.0429471 
S0288         0.1311796 0.0746464 0.0508919 0.1009777 0.0571089 0.0503000 0.0000000 0.0404741 0.0342032 0.0505211 0.0401063 0.0622393 1.6358533 0.0435791 0.0771501 1.6358533 0.0587608 0.0639778 0.0000010 0.0232701 0.1036271 0.0614577 0.0489816 0.0342527 0.0837535 0.0556305 0.0802173 0.0000024 0.0619966 0.0576652 0.0682395 0.0506511 0.0574089 0.0555695 0.0619966 0.0906169 0.0461090 0.0618175 0.0448386 0.0618279 0.0496082 0.1006376 0.0497825 0.0364593 0.0562720 0.0556305 0.0459606 0.0500781 0.0628789 0.0466118 0.0396747 0.0561922 0.0469935 0.0515152 0.0289491 0.0626963 0.0630846 0.1025454 0.0611882 0.0964562 0.0693419 0.0556195 0.0363902 0.0524490 0.0475431 0.0824310 0.0701847 0.0591246 0.0614814 0.0544100 0.0506323 0.0676291 0.0243248 0.0701847 0.0448282 0.0870035 0.0405574 0.0649232 0.0509056 0.0501574 0.0000029 0.0465054 0.0883770 0.0289477 0.0000022 0.0599398 0.0335063 0.0564107 0.0240895 0.0558010 0.0690011 0.0453076 0.0619059 0.0700925 0.0394164 0.0186725 0.0974604 0.0853400 0.0681434 0.0765789 0.0641774 0.0621925 0.0000010 0.0750168 0.0292490 0.0345746 0.0822033 0.0710433 0.0675401 0.0563570 0.0735047 0.0692755 0.0468722 0.0409167 0.0612825 0.0624482 0.0583175 0.0653989 0.0551098 0.0303008 0.0748740 0.0566461 
S0289         0.0981108 0.0675564 0.0340369 0.0235080 0.0446023 0.0604144 0.0404741 0.0000000 0.0284433 0.0606804 0.0289690 0.0137008 1.8615913 0.0333153 0.0044762 1.8615913 0.0191430 0.0747159 0.0000010 0.0636809 0.0702636 0.0661056 0.0492898 0.0285271 0.0137321 0.0386919 0.0614037 0.0350397 0.0235019 0.0453651 0.0569696 0.0504039 0.0000028 0.0559299 0.0550975 0.0183702 0.0341540 0.0286187 0.0440396 0.0665023 0.0392804 0.0983640 0.0501015 0.0463020 0.0552948 0.0386919 0.0506602 0.0558482 0.0391130 0.0402485 0.0345860 0.0236776 0.0388172 0.0569367 0.0185624 0.0395161 0.0448613 0.0744583 0.0385074 0.0629155 0.0681585 0.0333580 0.0197249 0.0393970 0.0511014 0.0621961 0.0746532 0.0190386 0.0509370 0.0722337 0.0236472 0.0497651 0.0395183 0.0746532 0.0493435 0.0676183 0.0338315 0.0044762 0.0188685 0.0186107 0.0424718 0.0237471 0.0144655 0.0234767 0.0413283 0.0547557 0.0388568 0.0386518 0.0287652 0.0548391 0.0886759 0.0502153 0.0497651 0.0287456 0.0334732 0.0391187 0.0188079 0.0664073 0.0501043 0.0044877 0.0447193 0.0288437 0.0000010 0.0452050 0.0445614 0.0444681 0.0622739 0.0184203 0.0441217 0.0444000 0.0686337 0.0680919 0.0405384 0.0442279 0.0284468 0.0500939 0.0451627 0.0445887 0.0569337 0.0447589 0.0451237 0.0621107 
S0292         0.0983184 0.0636715 0.0322125 0.0805882 0.0426079 0.0518825 0.0342032 0.0284433 0.0000000 0.0520955 0.0226692 0.0524821 1.6358533 0.0365321 0.0491465 1.6358533 0.0504333 0.0538707 0.0000010 0.0493107 0.0776300 0.0623917 0.0466059 0.0223440 0.0547437 0.0366259 0.0687923 0.0293162 0.0320642 0.0327502 0.0537004 0.0642208 0.0326334 0.0527849 0.0522959 0.0703405 0.0427531 0.0417953 0.0367328 0.0627449 0.0373047 0.1019544 0.0473279 0.0337823 0.0470858 0.0366259 0.0478293 0.0373350 0.0425593 0.0431877 0.0327089 0.0320236 0.0488350 0.0284816 0.0324316 0.0373524 0.0435419 0.0946493 0.0415396 0.0861990 0.0429026 0.0373577 0.0241810 0.0383965 0.0497053 0.0779465 0.0786554 0.0387438 0.0651588 0.0590829 0.0327219 0.0574361 0.0227313 0.0786554 0.0416511 0.0637102 0.0181349 0.0491465 0.0273505 0.0269891 0.0358257 0.0430956 0.0690741 0.0374940 0.0350517 0.0622111 0.0367750 0.0420635 0.0043446 0.0467299 0.0901040 0.0226659 0.0522214 0.0486523 0.0043006 0.0133769 0.0828636 0.0735640 0.0473273 0.0487172 0.0475791 0.0371190 0.0000010 0.0531421 0.0178959 0.0273038 0.0703349 0.0656744 0.0573648 0.0321109 0.0829943 0.0587156 0.0382675 0.0329328 0.0366259 0.0274141 0.0341962 0.0661367 0.0538750 0.0274585 0.0530504 0.0332424 
S0293         0.1417338 0.0377301 0.0474383 0.1044061 0.0585701 0.0000025 0.0505211 0.0606804 0.0520955 0.0000000 0.0227321 0.0804040 2.8543800 0.0733402 0.0818445 2.8543800 0.0506684 0.0709443 0.0000027 0.0701639 0.0724028 0.0087762 0.0224591 0.0272479 0.0880818 0.0418953 0.0638037 0.0454795 0.0579266 0.0704280 0.0550171 0.0881678 0.0645633 0.0376435 0.0179939 0.1007430 0.0538735 0.0631742 0.0225153 0.0088219 0.0528908 0.1277946 0.0425315 0.0553099 0.0323269 0.0418953 0.0000021 0.0639680 0.0587824 0.0541950 0.0590179 0.0686702 0.0494343 0.0544096 0.0693198 0.0867725 0.0889919 0.0712062 0.0573028 0.0898325 0.0708022 0.0867547 0.0640951 0.0533947 0.0490966 0.1010276 0.0959389 0.0591089 0.1077991 0.0764165 0.0759779 0.0322862 0.0478650 0.0959389 0.0087647 0.0587383 0.0429652 0.0703183 0.0581781 0.0626419 0.0470695 0.0434402 0.1011504 0.0428902 0.0460324 0.0272096 0.0683878 0.0631863 0.0473672 0.0132745 0.0729292 0.0752013 0.0274436 0.0583164 0.0572902 0.0480194 0.1136232 0.0577623 0.0529595 0.0831375 0.0637926 0.0742720 0.0000027 0.0638904 0.0583094 0.0527336 0.0593842 0.0878061 0.0322456 0.0636737 0.0384302 0.0431731 0.0599735 0.0424401 0.0626558 0.0637850 0.0705965 0.0610069 0.0700363 0.0530768 0.0479626 0.0431266 
S0294         0.1291185 0.0330029 0.0228813 0.0803370 0.0329529 0.0227321 0.0401063 0.0289690 0.0226692 0.0227321 0.0000000 0.0481175 1.8615913 0.0421722 0.0488966 1.8615913 0.0456004 0.0548176 0.0000027 0.0569747 0.0448716 0.0324035 0.0226703 0.0088448 0.0544860 0.0274314 0.0430190 0.0298273 0.0326025 0.0384462 0.0284177 0.0647068 0.0332266 0.0230905 0.0228973 0.0659244 0.0430771 0.0374591 0.0133949 0.0325813 0.0278237 0.1016817 0.0230038 0.0342182 0.0181334 0.0274314 0.0184226 0.0483395 0.0330518 0.0433361 0.0383697 0.0375633 0.0386648 0.0435016 0.0378993 0.0537316 0.0608504 0.0607493 0.0322704 0.0786084 0.0380970 0.0537334 0.0296090 0.0280609 0.0388669 0.0776975 0.0726334 0.0282279 0.0721618 0.0601261 0.0489172 0.0276634 0.0330512 0.0726334 0.0323584 0.0485283 0.0282048 0.0488966 0.0327486 0.0323045 0.0418681 0.0330244 0.0699515 0.0231921 0.0355200 0.0323111 0.0424583 0.0530464 0.0228818 0.0180124 0.0618787 0.0431645 0.0228595 0.0328075 0.0274294 0.0280542 0.0826114 0.0477436 0.0378107 0.0496396 0.0378561 0.0426895 0.0000027 0.0379177 0.0378563 0.0326923 0.0439181 0.0654150 0.0276284 0.0423463 0.0440589 0.0282417 0.0547546 0.0277817 0.0422836 0.0378532 0.0490800 0.0449612 0.0539760 0.0328861 0.0231001 0.0488144 
S0299         0.1462982 0.0937468 0.0586131 0.0619602 0.0704225 0.0800546 0.0622393 0.0137008 0.0524821 0.0804040 0.0481175 0.0000000 1.6358533 0.0573620 0.0331121 1.6358533 0.0497834 0.0952448 0.0000010 0.1020904 0.0973991 0.0916455 0.0741574 0.0473882 0.0487355 0.0631303 0.0872216 0.0628869 0.0583715 0.0710105 0.0774538 0.0825674 0.0274186 0.0816065 0.0747154 0.0531204 0.0595183 0.0581299 0.0633126 0.0921922 0.0643874 0.1539550 0.0754014 0.0793817 0.0750008 0.0631303 0.0705349 0.0874140 0.0703773 0.0601345 0.0594677 0.0477042 0.0579953 0.0832245 0.0470392 0.0536123 0.0700941 0.0958713 0.0628193 0.1049908 0.0826683 0.0627292 0.0446609 0.0662807 0.0793866 0.0910849 0.1178242 0.0498845 0.0720205 0.0888751 0.0527306 0.0749071 0.0590679 0.1178242 0.0799352 0.0938791 0.0585852 0.0331121 0.0427743 0.0421848 0.0715562 0.0477485 0.0293328 0.0420608 0.0638722 0.0798322 0.0633956 0.0585117 0.0477839 0.0743564 0.1039654 0.0699826 0.0693366 0.0601115 0.0577245 0.0589599 0.0636076 0.0921319 0.0754518 0.0327877 0.0698564 0.0532270 0.0000010 0.0706387 0.0641102 0.0639367 0.0893190 0.0486048 0.0689020 0.0584458 0.1031564 0.0884943 0.0441204 0.0711178 0.0524928 0.0755362 0.0787160 0.0642892 0.0770174 0.0643785 0.0705117 0.0883414 
S0303         2.2978713 1.6358533 2.5928495 1.6333848 2.5928495 2.5046921 1.6358533 1.8615913 1.6358533 2.8543800 1.8615913 1.6358533 0.0000000 1.6358533 1.6358533 0.0000010 2.1324187 1.6358533 0.0000010 0.0000010 1.6358533 2.5046921 1.0846572 1.6358533 2.3585176 1.6358533 1.6439730 1.6358533 1.6358533 1.6358533 1.6358533 1.6358533 1.6358533 1.6358533 1.6358533 2.3399811 2.3585176 1.6358533 1.6358533 2.5046921 1.8615913 1.8615913 1.6358533 2.5928495 1.6358533 1.6358533 2.5046921 1.6358533 1.6358533 2.5928495 1.6450637 1.6358533 1.6358533 1.6358533 1.8615913 1.6358533 1.6358533 3.4301055 1.6358533 1.6358533 2.2677310 1.5745069 0.9854483 1.6358533 1.6358533 1.6358533 1.6358533 2.5444475 1.6358533 1.6439730 1.8613737 1.6358533 1.6358533 1.6358533 2.5046921 1.0846572 1.6358533 1.6358533 1.6358533 1.6358533 1.9293259 2.5928495 1.5892954 1.6358533 3.3322235 1.6358533 1.0846572 1.6358533 1.6358533 1.6358533 1.6378017 1.6358533 1.6358533 2.5928495 1.6358533 1.6358533 2.3585176 1.0846572 2.3585176 2.3399811 1.8615913 2.5928495 0.0000010 4.9182451 1.6358533 1.6358533 1.6358533 1.0846572 1.6358533 1.6358533 4.9182451 1.6358533 1.6358533 1.1798204 1.6358533 2.4056057 1.6358533 1.9407939 1.9407939 1.6358533 1.8615913 2.5046921 
S0308         0.1246428 0.0860455 0.0523035 0.0985285 0.0636090 0.0730296 0.0435791 0.0333153 0.0365321 0.0733402 0.0421722 0.0573620 1.6358533 0.0000000 0.0651558 1.6358533 0.0501013 0.0758381 0.0000010 0.0679606 0.1016116 0.0841926 0.0567609 0.0415488 0.0710485 0.0567384 0.0913648 0.0387242 0.0626336 0.0532592 0.0644926 0.0640438 0.0475901 0.0633434 0.0627367 0.0809053 0.0530663 0.0623813 0.0569007 0.0846815 0.0525824 0.0952713 0.0576611 0.0605220 0.0681028 0.0567384 0.0691732 0.0579094 0.0635617 0.0536062 0.0326204 0.0520030 0.0528416 0.0645221 0.0273695 0.0579439 0.0485084 0.1067947 0.0515323 0.0786449 0.0753267 0.0421323 0.0240002 0.0487163 0.0605757 0.0777378 0.0784426 0.0491748 0.0703076 0.0739881 0.0374948 0.0790943 0.0423281 0.0784426 0.0621222 0.0980080 0.0426183 0.0651558 0.0471074 0.0464639 0.0456324 0.0479887 0.0745376 0.0322976 0.0446524 0.0728314 0.0366774 0.0627842 0.0320046 0.0675429 0.0838231 0.0525300 0.0735578 0.0592500 0.0414320 0.0372587 0.0928130 0.0961975 0.0684919 0.0646593 0.0579824 0.0575218 0.0000010 0.0749297 0.0471270 0.0470293 0.0935457 0.0823855 0.0679351 0.0627239 0.1005469 0.0809393 0.0593562 0.0534341 0.0567384 0.0577333 0.0713886 0.0700885 0.0646401 0.0473243 0.0747956 0.0694580 
S0320         0.1452209 0.0955272 0.0595968 0.0232727 0.0792460 0.0814810 0.0771501 0.0044762 0.0491465 0.0818445 0.0488966 0.0331121 1.6358533 0.0651558 0.0000000 1.6358533 0.0285004 0.1056150 0.0000010 0.0976612 0.0993264 0.0933351 0.0754515 0.0481428 0.0227829 0.0641916 0.0888378 0.0635403 0.0275458 0.0680037 0.0847955 0.0781776 0.0087417 0.0830963 0.0760297 0.0330718 0.0551372 0.0483265 0.0643800 0.0939035 0.0654967 0.1289778 0.0767431 0.0690030 0.0763275 0.0641916 0.0717818 0.0848576 0.0716219 0.0684664 0.0676302 0.0442292 0.0659171 0.0805093 0.0542489 0.0614203 0.0788784 0.0977435 0.0638688 0.0842045 0.0923181 0.0708357 0.0521839 0.0593507 0.0718591 0.0832028 0.0962642 0.0332115 0.0811663 0.1117643 0.0603416 0.0762304 0.0672055 0.0962642 0.0699048 0.0956671 0.0483974 0.0086986 0.0391735 0.0386178 0.0812576 0.0485149 0.0300064 0.0531715 0.0706520 0.0812503 0.0716250 0.0582140 0.0551519 0.0756575 0.1195638 0.0787465 0.0705403 0.0429463 0.0545104 0.0595341 0.0238017 0.0938455 0.0767980 0.0134242 0.0710810 0.0498630 0.0000010 0.0718942 0.0724917 0.0722671 0.0832109 0.0131707 0.0700892 0.0664509 0.1052320 0.0901619 0.0629959 0.0641067 0.0491562 0.0726874 0.0599551 0.0543073 0.0784172 0.0728016 0.0717621 0.0857839 
S0322         2.2978713 1.6358533 2.5928495 1.6333848 2.5928495 2.5046921 1.6358533 1.8615913 1.6358533 2.8543800 1.8615913 1.6358533 0.0000010 1.6358533 1.6358533 0.0000000 2.1324187 1.6358533 0.0000010 0.0000010 1.6358533 2.5046921 1.0846572 1.6358533 2.3585176 1.6358533 1.6439730 1.6358533 1.6358533 1.6358533 1.6358533 1.6358533 1.6358533 1.6358533 1.6358533 2.3399811 2.3585176 1.6358533 1.6358533 2.5046921 1.8615913 1.8615913 1.6358533 2.5928495 1.6358533 1.6358533 2.5046921 1.6358533 1.6358533 2.5928495 1.6450637 1.6358533 1.6358533 1.6358533 1.8615913 1.6358533 1.6358533 3.4301055 1.6358533 1.6358533 2.2677310 1.5745069 0.9854483 1.6358533 1.6358533 1.6358533 1.6358533 2.5444475 1.6358533 1.6439730 1.8613737 1.6358533 1.6358533 1.6358533 2.5046921 1.0846572 1.6358533 1.6358533 1.6358533 1.6358533 1.9293259 2.5928495 1.5892954 1.6358533 3.3322235 1.6358533 1.0846572 1.6358533 1.6358533 1.6358533 1.6378017 1.6358533 1.6358533 2.5928495 1.6358533 1.6358533 2.3585176 1.0846572 2.3585176 2.3399811 1.8615913 2.5928495 0.0000010 4.9182451 1.6358533 1.6358533 1.6358533 1.0846572 1.6358533 1.6358533 4.9182451 1.6358533 1.6358533 1.1798204 1.6358533 2.4056057 1.6358533 1.9407939 1.9407939 1.6358533 1.8615913 2.5046921 
S0327         0.0794546 0.0570294 0.0510317 0.0571958 0.0690638 0.0506681 0.0587608 0.0191430 0.0504333 0.0506684 0.0456004 0.0497834 2.1324187 0.0501013 0.0285004 2.1324187 0.0000000 0.0829555 0.0000027 0.0709543 0.0841486 0.0619790 0.0505221 0.0396966 0.0392418 0.0449988 0.0865038 0.0528282 0.0288998 0.0634167 0.0760882 0.0570065 0.0186481 0.0573806 0.0453494 0.0496316 0.0401811 0.0453730 0.0562172 0.0623576 0.0567087 0.0998458 0.0628619 0.0523484 0.0567110 0.0449988 0.0463451 0.0572942 0.0634213 0.0526177 0.0463803 0.0453743 0.0508811 0.0647141 0.0497519 0.0751336 0.0623334 0.0756918 0.0557678 0.0581177 0.0828683 0.0613596 0.0429111 0.0510431 0.0463406 0.0814739 0.0822577 0.0403883 0.0815665 0.0734573 0.0507652 0.0397052 0.0513843 0.0822577 0.0396976 0.0687828 0.0454189 0.0186470 0.0346287 0.0395841 0.0612230 0.0346829 0.0412362 0.0395258 0.0597822 0.0505225 0.0619543 0.0503773 0.0509607 0.0451388 0.0838472 0.0810928 0.0344330 0.0398483 0.0559680 0.0567144 0.0454597 0.0675281 0.0570542 0.0285767 0.0626396 0.0453876 0.0000027 0.0572196 0.0626937 0.0625168 0.0688730 0.0335788 0.0342201 0.0627653 0.0516367 0.0633650 0.0471454 0.0508142 0.0395918 0.0628818 0.0577482 0.0571305 0.0764743 0.0629731 0.0569387 0.0637568 
S0335         0.1404012 0.0721805 0.0643405 0.1458913 0.0650735 0.0706334 0.0639778 0.0747159 0.0538707 0.0709443 0.0548176 0.0952448 1.6358533 0.0758381 0.1056150 1.6358533 0.0829555 0.0000000 0.0000010 0.0892908 0.1042412 0.0706359 0.0760740 0.0594193 0.1126015 0.0688790 0.1017981 0.0586878 0.0827456 0.0729175 0.0854751 0.0833120 0.0844542 0.0663889 0.0712536 0.1308840 0.0788964 0.0885037 0.0649712 0.0710545 0.0702727 0.1360612 0.0773796 0.0634632 0.0600887 0.0688790 0.0666081 0.0661961 0.0764319 0.0678454 0.0724851 0.0826204 0.0743112 0.0563469 0.0720500 0.0721481 0.0741684 0.1185905 0.0744022 0.1099644 0.0792192 0.0778272 0.0604482 0.0509559 0.0520367 0.1135693 0.1082626 0.0807598 0.0987006 0.0450181 0.0727928 0.0768625 0.0552152 0.1082626 0.0705267 0.0963195 0.0554297 0.0928618 0.0693679 0.0760509 0.0672741 0.0795700 0.1018239 0.0607608 0.0656960 0.0759525 0.0763876 0.0600460 0.0385011 0.0540316 0.1075266 0.0662476 0.0711577 0.0677610 0.0592410 0.0442828 0.1506793 0.1068183 0.0815761 0.0964991 0.0820300 0.0889959 0.0000010 0.0885651 0.0493696 0.0334860 0.0898925 0.1122220 0.0767648 0.0773630 0.1059050 0.0669819 0.0508048 0.0291815 0.0760583 0.0605072 0.0688068 0.0675123 0.0902528 0.0441202 0.0842497 0.0555663 
S0345         0.0000010 0.0000010 0.0000010 0.0000010 0.0000010 0.0000010 0.0000010 0.0000010 0.0000010 0.0000027 0.0000027 0.0000010 0.0000010 0.0000010 0.0000010 0.0000010 0.0000027 0.0000010 0.0000000 0.0000010 0.0000010 0.0000010 0.0000010 0.0000010 0.0000010 0.0000010 0.0000010 0.0000010 0.0000010 0.0000010 0.0000010 0.0000010 0.0000010 0.0000010 0.0000010 0.0000010 0.4569286 0.0000010 0.0000010 0.0000010 0.0000027 0.0000027 0.0000010 0.0000010 0.0000010 0.0000010 0.0000010 0.0000010 0.0000010 0.0000010 0.0000010 0.0000010 0.0000010 0.0000010 0.0000027 0.0000010 0.0000010 1.9867764 0.0000010 0.0000010 1.6231672 0.0000010 0.0000010 0.0000010 0.0000010 0.0000010 0.0000010 0.0000010 0.0000010 0.0000010 0.0000010 0.0000010 0.0000010 0.0000010 0.0000010 0.0000010 0.0000010 0.0000010 0.0000010 0.0000010 0.0000010 0.0000010 0.0000010 0.0000010 0.0000010 0.0000010 0.0000010 0.0000010 0.0000010 0.0000010 0.0000010 0.0000010 0.0000010 0.0000010 0.0000010 0.0000010 0.4569286 0.0000010 0.4569286 0.0000010 0.0000027 0.0000010 0.0000010 7.3498096 0.0000010 0.0000010 0.0000010 0.0000010 0.0000010 0.0000010 7.3498096 0.0000010 0.0000010 0.0000010 0.0000010 0.2431172 0.0000010 0.0000027 0.0000027 0.0000010 0.0000027 0.0000010 
S0355         0.1245611 0.0941275 0.0701639 0.1184489 0.0784771 0.0701639 0.0232701 0.0636809 0.0493107 0.0701639 0.0569747 0.1020904 0.0000010 0.0679606 0.0976612 0.0000010 0.0709543 0.0892908 0.0000010 0.0000000 0.1242976 0.0847777 0.0680904 0.0561533 0.1065288 0.0773249 0.0783719 0.0174021 0.0773249 0.0724959 0.0783208 0.0703254 0.0718237 0.0846475 0.0934534 0.1055643 0.0568452 0.0771816 0.0701607 0.0854257 0.0689305 0.1387828 0.0766743 0.0514074 0.0783434 0.0773249 0.0650371 0.0772809 0.0876796 0.0652593 0.0480526 0.0781936 0.0746140 0.0799291 0.0424142 0.0951056 0.0872869 0.1226429 0.0846142 0.1234317 0.0710758 0.0631872 0.0516823 0.0733301 0.0748462 0.1130114 0.0965972 0.0726507 0.0918346 0.0608157 0.0635428 0.0847559 0.0502327 0.0965972 0.0630190 0.1022663 0.0652784 0.0895897 0.0635005 0.0700294 0.0242147 0.0723686 0.0845351 0.0627559 0.0235546 0.0970978 0.0483058 0.0937856 0.0493104 0.0847703 0.0930692 0.0641278 0.0847559 0.0727704 0.0560467 0.0417702 0.1144819 0.0922000 0.0856208 0.0871984 0.0858994 0.0774513 0.0000010 0.0773249 0.0566331 0.0639453 0.1044876 0.0976612 0.0846215 0.0712138 0.0675959 0.0950917 0.0900233 0.0729061 0.0846215 0.0792375 0.0818616 0.1075592 0.0906322 0.0568440 0.0863396 0.0788603 
S0376         0.1567143 0.0381496 0.0502239 0.1340194 0.0621123 0.0720782 0.1036271 0.0702636 0.0776300 0.0724028 0.0448716 0.0973991 1.6358533 0.1016116 0.0993264 1.6358533 0.0841486 0.1042412 0.0000010 0.1242976 0.0000000 0.0838865 0.0776587 0.0605803 0.1002449 0.0549206 0.0484719 0.0914302 0.0726268 0.0852307 0.0736967 0.1197440 0.0802257 0.0605743 0.0599770 0.1203406 0.0931226 0.0785752 0.0662702 0.0844029 0.0560417 0.1491507 0.0652764 0.0819121 0.0668639 0.0549206 0.0679790 0.1043836 0.0620742 0.0941308 0.0986049 0.0787773 0.0884155 0.0911950 0.0856578 0.1045516 0.1125636 0.0966703 0.0604212 0.1338250 0.0935275 0.1176349 0.0802073 0.0667759 0.0802564 0.1319800 0.1266959 0.0745983 0.1122185 0.1041728 0.1123310 0.0546113 0.0920822 0.1266959 0.0837502 0.0725535 0.0862285 0.0993264 0.0674344 0.0721405 0.1093739 0.0813354 0.1149060 0.0797654 0.0998229 0.0836257 0.1023869 0.1158064 0.0784582 0.0662843 0.0795440 0.0995478 0.0601504 0.0734956 0.0834903 0.0796730 0.1440544 0.0658730 0.0672916 0.0880874 0.0676763 0.0852493 0.0000010 0.0623057 0.0895762 0.0770569 0.0730872 0.1192671 0.0545407 0.0912071 0.0808969 0.0672578 0.1138274 0.0788310 0.0839737 0.0914262 0.0965762 0.0830374 0.0923096 0.0776313 0.0184547 0.0898264 
S0400         0.1562124 0.0478427 0.0579431 0.1080838 0.0695635 0.0087430 0.0614577 0.0661056 0.0623917 0.0087762 0.0324035 0.0916455 2.5046921 0.0841926 0.0933351 2.5046921 0.0619790 0.0706359 0.0000010 0.0847777 0.0838865 0.0000000 0.0318824 0.0368350 0.0997856 0.0519034 0.0746344 0.0563579 0.0684945 0.0816095 0.0659405 0.0998658 0.0755249 0.0477266 0.0273775 0.1128417 0.0645753 0.0738758 0.0319619 0.0000010 0.0636334 0.1421523 0.0527099 0.0609632 0.0421498 0.0519034 0.0089363 0.0748171 0.0637141 0.0652389 0.0697503 0.0795252 0.0601458 0.0652323 0.0806396 0.0982726 0.1008377 0.0825404 0.0677418 0.1018327 0.0879002 0.0982442 0.0758381 0.0639918 0.0597889 0.1131811 0.1080903 0.0702368 0.1201711 0.0877262 0.0872759 0.0420970 0.0582413 0.1080903 0.0177779 0.0695026 0.0532540 0.0814860 0.0687876 0.0732317 0.0586253 0.0540922 0.1073574 0.0531597 0.0573101 0.0367828 0.0791823 0.0738845 0.0576136 0.0132228 0.0845765 0.0863750 0.0371111 0.0692644 0.0677242 0.0584240 0.1192103 0.0683116 0.0634628 0.0948238 0.0749404 0.0856460 0.0000010 0.0811904 0.0689672 0.0631710 0.0702815 0.0994687 0.0420443 0.0744605 0.0546370 0.0535294 0.0709335 0.0525937 0.0732494 0.0746058 0.0818154 0.0664424 0.0811426 0.0636005 0.0586222 0.0534647 
S0405         0.1295248 0.0425160 0.0524664 0.1099960 0.0638006 0.0223717 0.0489816 0.0492898 0.0466059 0.0224591 0.0226703 0.0741574 1.0846572 0.0567609 0.0754515 1.0846572 0.0505221 0.0760740 0.0000010 0.0680904 0.0776587 0.0318824 0.0000000 0.0223450 0.0815157 0.0466143 0.0688130 0.0388390 0.0628309 0.0643057 0.0386257 0.0754767 0.0586120 0.0323981 0.0225316 0.0874248 0.0640733 0.0573729 0.0177257 0.0320547 0.0527472 0.1067993 0.0273969 0.0496338 0.0370030 0.0466143 0.0228774 0.0580801 0.0637651 0.0647273 0.0368717 0.0627374 0.0596757 0.0537576 0.0528587 0.0803290 0.0707327 0.0763985 0.0621506 0.0713454 0.0643148 0.0581380 0.0452775 0.0583321 0.0540975 0.0821290 0.0771270 0.0479992 0.0940734 0.0742145 0.0533719 0.0369568 0.0423734 0.0771270 0.0318387 0.0425324 0.0375643 0.0642050 0.0524690 0.0569020 0.0403241 0.0536760 0.0875185 0.0276201 0.0447881 0.0223140 0.0417844 0.0573859 0.0419453 0.0177292 0.0662799 0.0690385 0.0320699 0.0635259 0.0516802 0.0374743 0.0973928 0.0418697 0.0578559 0.0766259 0.0690824 0.0684988 0.0000010 0.0751741 0.0525753 0.0471643 0.0535178 0.0698344 0.0369106 0.0629217 0.0542112 0.0480466 0.0595482 0.0472231 0.0569139 0.0687782 0.0644536 0.0661562 0.0583901 0.0474611 0.0530615 0.0586435 
S0412sl       0.1195422 0.0375203 0.0274269 0.0789980 0.0478766 0.0271406 0.0342527 0.0285271 0.0223440 0.0272479 0.0088448 0.0473882 1.6358533 0.0415488 0.0481428 1.6358533 0.0396966 0.0594193 0.0000010 0.0561533 0.0605803 0.0368350 0.0223450 0.0000000 0.0536364 0.0318387 0.0527376 0.0242613 0.0370624 0.0378626 0.0380463 0.0588763 0.0327280 0.0275708 0.0273388 0.0648746 0.0480485 0.0320720 0.0132055 0.0370361 0.0324231 0.0936582 0.0226689 0.0338316 0.0225570 0.0318387 0.0229123 0.0424775 0.0375743 0.0485392 0.0377910 0.0370065 0.0543249 0.0380992 0.0374849 0.0529053 0.0598795 0.0654154 0.0366851 0.0773168 0.0589433 0.0529073 0.0345782 0.0375969 0.0382051 0.0650213 0.0655780 0.0379304 0.0709955 0.0647150 0.0481639 0.0321100 0.0275889 0.0655780 0.0271026 0.0477853 0.0181863 0.0378014 0.0322656 0.0318335 0.0358810 0.0380441 0.0691878 0.0276551 0.0298343 0.0367307 0.0418279 0.0419881 0.0225506 0.0224051 0.0607746 0.0475649 0.0272949 0.0476683 0.0270334 0.0227719 0.0811930 0.0470250 0.0423089 0.0488631 0.0425332 0.0422235 0.0000010 0.0479845 0.0322608 0.0322100 0.0432411 0.0534797 0.0320699 0.0472233 0.0545541 0.0327802 0.0435446 0.0322454 0.0416570 0.0423551 0.0379365 0.0496474 0.0486615 0.0323979 0.0376195 0.0428833 
S0417         0.1413401 0.1021822 0.0654037 0.0497786 0.0735782 0.0876856 0.0837535 0.0137321 0.0547437 0.0880818 0.0544860 0.0487355 2.3585176 0.0710485 0.0227829 2.3585176 0.0392418 0.1126015 0.0000010 0.1065288 0.1002449 0.0997856 0.0815157 0.0536364 0.0000000 0.0700179 0.0953118 0.0697496 0.0434165 0.0742147 0.0913440 0.0989081 0.0229074 0.0838150 0.0766675 0.0425014 0.0739196 0.0329991 0.0702226 0.1004001 0.0714634 0.1367862 0.0829334 0.0830947 0.0824813 0.0700179 0.0779188 0.0913388 0.0777611 0.0747131 0.0737569 0.0390953 0.0718948 0.0870289 0.0599197 0.0792385 0.0852438 0.1178347 0.0696604 0.1032753 0.0990509 0.0709446 0.0524191 0.0651294 0.0780246 0.1019764 0.1029823 0.0384464 0.1006211 0.1188612 0.0604267 0.0823774 0.0733278 0.1029823 0.0758612 0.1023476 0.0539153 0.0324894 0.0340850 0.0336040 0.0882671 0.0540546 0.0519089 0.0587406 0.0771146 0.0874351 0.0777171 0.0750085 0.0609337 0.0817379 0.1270268 0.0850990 0.0765674 0.0483229 0.0602168 0.0653331 0.0510409 0.0881667 0.0830062 0.0324598 0.0771665 0.0340843 0.0000010 0.0780656 0.0744373 0.0728796 0.0977090 0.0374913 0.0760714 0.0724828 0.1123185 0.0967523 0.0812673 0.0699126 0.0336100 0.0788983 0.0658070 0.0713279 0.0970850 0.0734245 0.0779205 0.0923495 
S0419         0.1330658 0.0425265 0.0043616 0.0972089 0.0228309 0.0417266 0.0556305 0.0386919 0.0366259 0.0418953 0.0274314 0.0631303 1.6358533 0.0567384 0.0641916 1.6358533 0.0449988 0.0688790 0.0000010 0.0773249 0.0549206 0.0519034 0.0466143 0.0318387 0.0700179 0.0000000 0.0688108 0.0506649 0.0419786 0.0534062 0.0646771 0.0701151 0.0479485 0.0527958 0.0420484 0.0818947 0.0481486 0.0520054 0.0467289 0.0521929 0.0088348 0.1270948 0.0578192 0.0606971 0.0470944 0.0000010 0.0427010 0.0580681 0.0134296 0.0486414 0.0427928 0.0521427 0.0544440 0.0594450 0.0424623 0.0690263 0.0707057 0.0881934 0.0131359 0.0952327 0.0590633 0.0690211 0.0463376 0.0425930 0.0486069 0.0821004 0.0949692 0.0534978 0.0884348 0.0815721 0.0641972 0.0369664 0.0473990 0.0949692 0.0318399 0.0637379 0.0427322 0.0641916 0.0371720 0.0465859 0.0643129 0.0381188 0.0812992 0.0325300 0.0514314 0.0517544 0.0571263 0.0573742 0.0419970 0.0367456 0.0840925 0.0633893 0.0419847 0.0527947 0.0415396 0.0475511 0.0931115 0.0626687 0.0088022 0.0541360 0.0180202 0.0576791 0.0000010 0.0228620 0.0577419 0.0576008 0.0644413 0.0812484 0.0369202 0.0473093 0.0599753 0.0587292 0.0434233 0.0472236 0.0465949 0.0473868 0.0644401 0.0549934 0.0648121 0.0579806 0.0426305 0.0586429 
S0427         0.1727295 0.0570851 0.0642738 0.1006192 0.0763877 0.0635319 0.0802173 0.0614037 0.0687923 0.0638037 0.0430190 0.0872216 1.6439730 0.0913648 0.0888378 1.6439730 0.0865038 0.1017981 0.0000010 0.0783719 0.0484719 0.0746344 0.0688130 0.0527376 0.0953118 0.0688108 0.0000000 0.0749045 0.0751830 0.0757803 0.0538781 0.1268914 0.0709632 0.0760592 0.0752844 0.1084434 0.0767362 0.0748826 0.0580856 0.0750723 0.0702024 0.1207421 0.0522400 0.0723922 0.0695870 0.0688108 0.0595011 0.1060127 0.0763584 0.0775344 0.0883019 0.0750700 0.0722403 0.0932173 0.0761325 0.0938538 0.1012629 0.0811569 0.0743314 0.1081184 0.1012698 0.1061424 0.0747536 0.0694942 0.0826386 0.0943699 0.0893202 0.0656323 0.1009725 0.0936183 0.1010613 0.0576210 0.0821375 0.0893202 0.0745197 0.0751111 0.0766229 0.0888378 0.0698020 0.0687945 0.0843732 0.0658222 0.1110686 0.0705815 0.0762281 0.0858405 0.0920301 0.1045848 0.0694910 0.0689991 0.1004080 0.0876239 0.0630119 0.0760556 0.0743098 0.0705092 0.1299365 0.0738026 0.0815014 0.0902732 0.0819549 0.0812035 0.0000010 0.0766506 0.0874075 0.0810831 0.0702744 0.1075261 0.0575493 0.0868654 0.0715100 0.0699791 0.1087952 0.0755102 0.0800417 0.0934493 0.0928567 0.0978119 0.0884445 0.0816876 0.0271474 0.0982685 
S0430         0.1250676 0.0634569 0.0458845 0.0920757 0.0514145 0.0452809 0.0000024 0.0350397 0.0293162 0.0454795 0.0298273 0.0628869 1.6358533 0.0387242 0.0635403 1.6358533 0.0528282 0.0586878 0.0000010 0.0174021 0.0914302 0.0563579 0.0388390 0.0242613 0.0697496 0.0506649 0.0749045 0.0000000 0.0512463 0.0524264 0.0571854 0.0400750 0.0519598 0.0450483 0.0512463 0.0793036 0.0465142 0.0510949 0.0345884 0.0566979 0.0447074 0.0785287 0.0394627 0.0255062 0.0456595 0.0506649 0.0408613 0.0450545 0.0577446 0.0470256 0.0294545 0.0510953 0.0474127 0.0463669 0.0241071 0.0574831 0.0578040 0.0895119 0.0561961 0.0754522 0.0700819 0.0505479 0.0311668 0.0403041 0.0354822 0.0686137 0.0569994 0.0464511 0.0563487 0.0494576 0.0455508 0.0567630 0.0194541 0.0569994 0.0398532 0.0755069 0.0353299 0.0519596 0.0455529 0.0451512 0.0000023 0.0413374 0.0825276 0.0241433 0.0000030 0.0549427 0.0236764 0.0450912 0.0192680 0.0452908 0.0578390 0.0402748 0.0511663 0.0570201 0.0344910 0.0139379 0.0825462 0.0740957 0.0630186 0.0707955 0.0589637 0.0513342 0.0000010 0.0697957 0.0243690 0.0296331 0.0706336 0.0577451 0.0566872 0.0569380 0.0682510 0.0581240 0.0473659 0.0294793 0.0561964 0.0572581 0.0458387 0.0538194 0.0496742 0.0252568 0.0636479 0.0515087 
S0478         0.1356172 0.0699443 0.0375110 0.0551799 0.0589719 0.0576844 0.0619966 0.0235019 0.0320642 0.0579266 0.0326025 0.0583715 1.6358533 0.0626336 0.0275458 1.6358533 0.0288998 0.0827456 0.0000010 0.0773249 0.0726268 0.0684945 0.0628309 0.0370624 0.0434165 0.0419786 0.0751830 0.0512463 0.0000000 0.0594186 0.0710730 0.0750789 0.0227223 0.0587191 0.0581582 0.0543274 0.0425681 0.0371870 0.0523719 0.0688895 0.0427741 0.1359139 0.0638532 0.0602644 0.0527958 0.0419786 0.0483570 0.0532883 0.0482125 0.0545671 0.0591584 0.0372899 0.0605695 0.0610551 0.0587629 0.0641960 0.0836324 0.0896251 0.0470278 0.1026542 0.0767258 0.0754164 0.0525490 0.0482460 0.0600334 0.1013715 0.1023656 0.0382291 0.0834036 0.0883893 0.0649238 0.0527293 0.0480694 0.1023656 0.0471551 0.0814870 0.0483978 0.0374122 0.0325095 0.0320707 0.0651013 0.0437254 0.0510281 0.0535167 0.0578185 0.0682932 0.0630688 0.0633525 0.0373559 0.0523827 0.0974779 0.0585836 0.0475377 0.0377462 0.0369492 0.0428295 0.0566007 0.0800291 0.0530781 0.0379556 0.0533649 0.0425540 0.0000010 0.0483732 0.0529837 0.0636052 0.0698408 0.0424986 0.0526631 0.0426213 0.0779787 0.0648884 0.0601322 0.0529428 0.0419786 0.0531343 0.0549800 0.0500628 0.0828024 0.0640408 0.0482895 0.0602109 
S0552sl       0.1368574 0.0593234 0.0488174 0.1033712 0.0603740 0.0701194 0.0576652 0.0453651 0.0327502 0.0704280 0.0384462 0.0710105 1.6358533 0.0532592 0.0680037 1.6358533 0.0634167 0.0729175 0.0000010 0.0724959 0.0852307 0.0816095 0.0643057 0.0378626 0.0742147 0.0534062 0.0757803 0.0524264 0.0594186 0.0000000 0.0602561 0.0842152 0.0495250 0.0605052 0.0707341 0.0911391 0.0606232 0.0591689 0.0535650 0.0820999 0.0429132 0.0927573 0.0653820 0.0450722 0.0543586 0.0534062 0.0660912 0.0429521 0.0483748 0.0612621 0.0495611 0.0380918 0.0675441 0.0500549 0.0491898 0.0428980 0.0279631 0.1028891 0.0587590 0.0992898 0.0723910 0.0657409 0.0408694 0.0237647 0.0451478 0.0855821 0.0806348 0.0566472 0.0372244 0.0657908 0.0607695 0.0639335 0.0491808 0.0806348 0.0589210 0.0821426 0.0336507 0.0680037 0.0331990 0.0327411 0.0537182 0.0611321 0.0911002 0.0547662 0.0591993 0.0813616 0.0536337 0.0487050 0.0381787 0.0644827 0.0924140 0.0599810 0.0585269 0.0672350 0.0377533 0.0490990 0.1065611 0.0806606 0.0654099 0.0674757 0.0535490 0.0434904 0.0000010 0.0719962 0.0542204 0.0434279 0.0794270 0.0861519 0.0638530 0.0486645 0.0908063 0.0477933 0.0496652 0.0499175 0.0428897 0.0377975 0.0566775 0.0867718 0.0849353 0.0544539 0.0594910 0.0550807 
S0558         0.1451514 0.0596684 0.0600421 0.1224287 0.0722319 0.0547784 0.0682395 0.0569696 0.0537004 0.0550171 0.0284177 0.0774538 1.6358533 0.0644926 0.0847955 1.6358533 0.0760882 0.0854751 0.0000010 0.0783208 0.0736967 0.0659405 0.0386257 0.0380463 0.0913440 0.0646771 0.0538781 0.0571854 0.0710730 0.0602561 0.0000000 0.0972752 0.0667275 0.0494058 0.0552432 0.0976992 0.0845662 0.0707795 0.0387265 0.0663353 0.0603859 0.1031454 0.0438139 0.0564966 0.0543016 0.0646771 0.0505384 0.0777452 0.0721995 0.0854670 0.0609375 0.0709634 0.0799505 0.0806333 0.0605244 0.0899237 0.0728870 0.0910194 0.0702565 0.0792180 0.0849197 0.0778241 0.0524449 0.0542473 0.0667531 0.0782890 0.0731733 0.0613199 0.0904126 0.0762441 0.0727451 0.0534157 0.0663475 0.0731733 0.0658379 0.0587936 0.0539867 0.0847955 0.0656250 0.0646620 0.0645195 0.0731925 0.1043391 0.0441943 0.0640688 0.0546243 0.0585652 0.0886000 0.0542445 0.0493137 0.0865767 0.0778126 0.0481433 0.0719095 0.0590942 0.0550306 0.1164881 0.0697527 0.0774295 0.0861931 0.0778698 0.0771528 0.0000010 0.0844582 0.0716014 0.0655163 0.0794184 0.1037570 0.0533477 0.0828897 0.0728079 0.0546236 0.0922043 0.0656150 0.0760284 0.0775051 0.0851555 0.0874080 0.0782207 0.0659841 0.0489164 0.0859312 
S0616         0.1554651 0.1022626 0.0655004 0.1140356 0.0779023 0.0877713 0.0506511 0.0504039 0.0642208 0.0881678 0.0647068 0.0825674 1.6358533 0.0640438 0.0781776 1.6358533 0.0570065 0.0833120 0.0000010 0.0703254 0.1197440 0.0998658 0.0754767 0.0588763 0.0989081 0.0701151 0.1268914 0.0400750 0.0750789 0.0842152 0.0972752 0.0000000 0.0593431 0.0775637 0.0885827 0.1095881 0.0582199 0.0878561 0.0756669 0.1004802 0.0658807 0.1384799 0.0767674 0.0733389 0.0825688 0.0701151 0.0839169 0.0716567 0.0778620 0.0712743 0.0495188 0.0819868 0.0776416 0.0712891 0.0491591 0.0772084 0.0857191 0.1393073 0.0757524 0.1177788 0.0944459 0.0772098 0.0515662 0.0736954 0.0751453 0.1033288 0.1043581 0.0924724 0.1039269 0.0890419 0.0721868 0.0944738 0.0600947 0.1043581 0.0759476 0.1213173 0.0661118 0.0665392 0.0651555 0.0754421 0.0412424 0.0711305 0.0754125 0.0602114 0.0519593 0.0758600 0.0535857 0.0823198 0.0538940 0.0818245 0.1005903 0.0829435 0.0884763 0.0977504 0.0640377 0.0545070 0.0949924 0.1188639 0.0831061 0.0660401 0.0835777 0.0765527 0.0000010 0.0902672 0.0652321 0.0650501 0.0953718 0.0841941 0.0943550 0.0805430 0.1185214 0.0968370 0.0723731 0.0669333 0.0870556 0.0831843 0.0925789 0.0808807 0.0971692 0.0655092 0.1025823 0.0843254 
