132
PAFTOL_019361 0.0000000 0.1877446 0.1308527 0.2002461 0.1423633 0.1626516 0.1965123 0.1911086 0.1750924 0.1521304 0.1668239 0.1925537 0.2073312 0.1752151 0.1636573 0.2080737 0.1649038 0.1797020 0.1714317 0.2222206 0.1639100 0.1585200 0.1508043 0.2179460 0.1331636 0.1724382 0.1903637 0.1953944 0.1939342 0.1969318 0.1612180 0.1849982 0.1793606 0.1750855 0.1896987 0.1681015 0.1780862 0.1929240 0.1915860 0.1721696 9.0000000 0.1445489 0.1946288 0.1723249 0.1796493 0.1977319 0.1733216 0.1806427 0.1816736 0.1569848 0.1727767 0.1831773 0.1491412 0.1990919 0.1823185 0.1953850 0.1791283 0.1791223 0.1379563 0.1521706 0.1575306 0.1682800 0.1592897 0.1614381 0.1792393 0.1500659 0.1354331 0.1789210 0.1899578 0.1711643 0.1606764 0.1638771 0.1520206 0.1816557 0.1520206 0.1900973 0.1724844 0.1629966 0.2093811 0.1800127 0.1685619 0.1549868 0.1676181 0.2007420 0.1647522 0.1776827 0.1854931 0.1877069 0.1955954 0.1959929 0.2254445 0.1997261 0.1977984 0.1840590 0.1647200 0.1780822 0.1924677 0.1733526 0.1438614 0.1563457 0.1761996 0.1915768 0.1924008 0.1243935 0.1856395 0.1881527 0.2042250 0.1768383 0.1721513 0.1631500 0.1500659 0.1971588 0.1351213 0.1543053 0.1627524 0.1696347 0.1520384 0.1610217 0.2086486 0.1797760 0.2171081 0.1707820 0.1927887 0.1691825 0.1852954 0.1654000 0.1883669 0.1487153 0.1602101 0.1586342 0.1934889 0.1819215 
S0055         0.1877446 0.0000000 0.0366905 0.0904666 0.0618272 0.0339008 0.1121378 0.0859612 0.0700808 0.0321432 0.0437918 0.0932589 0.1207459 0.0974287 0.0950033 0.1194880 0.0636492 0.0644715 0.1046355 0.0406796 0.0341941 0.0298884 0.0672336 0.0698410 0.0593804 0.0532594 0.0418448 0.0934492 0.1057542 0.0815559 0.0651401 0.0434031 0.0778414 0.1168765 0.0408703 0.0283198 0.0899130 0.0719657 0.0945117 0.0407388 0.0321048 0.0596189 0.1148631 0.1332714 0.0398527 0.1188767 0.0339993 0.0681391 0.0532594 0.0298838 0.0531834 0.0798831 0.0499456 0.0779937 0.0899715 0.0889563 0.0787481 0.0534927 0.0763096 0.0707969 0.0659781 0.0789864 0.0671039 0.0617277 0.0630072 0.0816389 0.0879067 0.0763281 0.1038672 0.0744962 0.0714465 0.0771052 0.1273230 0.0511226 0.1281388 0.0714418 0.0846216 0.0709823 0.1111547 0.0380574 0.0847857 0.1205872 0.0362059 0.0323214 0.0670121 0.0810131 0.0811696 0.0858505 0.1061114 0.0869942 0.1251698 0.0743113 0.1217498 0.0940186 0.0340615 0.0922899 0.0900861 0.0681510 0.0321363 0.0261960 0.0108322 0.0823615 0.0357434 0.0775478 0.0757825 0.0773013 0.0984616 0.0343087 0.0510560 0.0777325 0.0716359 0.0830661 0.0355218 0.0792760 0.0733099 0.0598992 0.0359693 0.0918289 0.0370613 0.0773541 0.0439839 0.0384782 0.0825159 0.0674864 0.0973951 0.0673007 0.0601035 0.0624672 0.0626657 0.0583557 0.0261855 0.0535960 
S0196sl       0.1308527 0.0366905 0.0000000 0.0735875 0.0311519 0.0433401 0.0979532 0.0578063 0.0534480 0.0406940 0.0551109 0.0904653 0.1110249 0.0898398 0.0745106 0.1001883 0.0480742 0.0467217 0.0916518 0.0512988 0.0407141 0.0339949 0.0596008 0.0637762 0.0383880 0.0106975 0.0435781 0.0774112 0.0920679 0.0613800 0.0509291 0.0432794 0.0694601 0.1227392 0.0575525 0.0439777 0.0623771 0.0489013 0.0723859 0.0376465 0.0367412 0.0251622 0.0829862 0.1022926 0.0519897 0.1079356 0.0400547 0.0578335 0.0134327 0.0340223 0.0079723 0.0634209 0.0141079 0.0511447 0.0599371 0.0682886 0.0497765 0.0376287 0.0476022 0.0663485 0.0548257 0.0608154 0.0469552 0.0464847 0.0679714 0.0671210 0.0558426 0.0491582 0.0765841 0.0702431 0.0481101 0.0585269 0.0953228 0.0106955 0.0961766 0.0000010 0.0634500 0.0681816 0.0873694 0.0469320 0.0677935 0.0910928 0.0494196 0.0542488 0.0468892 0.0628093 0.0641851 0.0641851 0.0565191 0.0791742 0.0960370 0.0630696 0.1159344 0.0492103 0.0339768 0.0752014 0.0571318 0.0470585 0.0694049 0.0285296 0.0409861 0.0727412 0.0403278 0.0686043 0.0591884 0.0529243 0.0745205 0.0510620 0.0079723 0.0593167 0.0531634 0.0637633 0.0459492 0.0604499 0.0495784 0.0370214 0.0371396 0.0682567 0.0441896 0.0524591 0.0479928 0.0373115 0.0530415 0.0468458 0.0793845 0.0438925 0.0403914 0.0570344 0.0342077 0.0279856 0.0406757 0.0368636 
S0278         0.2002461 0.0904666 0.0735875 0.0000000 0.0949287 0.0977946 0.1153786 0.0495345 0.0917381 0.1008673 0.1106674 0.0593212 0.1307663 0.1060340 0.0585985 0.1364803 0.0369572 0.0959748 0.1254831 0.1000606 0.1009731 0.0999996 0.0517203 0.1424966 0.0310515 0.0875685 0.1105995 0.0664377 0.1192702 0.0610113 0.0808562 0.0996511 0.0907148 0.0821020 0.0947539 0.0949891 0.0408357 0.0618792 0.0725537 0.1007196 0.0700777 0.0862682 0.1189856 0.1199107 0.1045420 0.1288906 0.0936015 0.0864316 0.0875685 0.0974086 0.0874293 0.0915932 0.0741827 0.0643830 0.1018354 0.0675670 0.0489504 0.0886942 0.0554387 0.0671311 0.0834714 0.0964108 0.0802811 0.0762198 0.1077681 0.1001820 0.0914233 0.1119641 0.0998893 0.0744374 0.0833128 0.0875004 0.1144749 0.0851663 0.1151846 0.0550003 0.0947962 0.1061897 0.1045136 0.1035994 0.0992922 0.1079322 0.1032582 0.1004939 0.0902787 0.0518943 0.0678443 0.0700753 0.1297093 0.0731903 0.0596177 0.0790871 0.1318926 0.1165918 0.1040609 0.0975600 0.1159418 0.0893107 0.1116951 0.0875498 0.0978066 0.0911389 0.1001544 0.0592247 0.1000998 0.1022810 0.0521523 0.0975276 0.0850407 0.0573469 0.0915927 0.0702801 0.0992323 0.0998964 0.0921904 0.0831574 0.1053672 0.0433396 0.0961059 0.0551078 0.1177792 0.0924434 0.1069359 0.0961831 0.0807113 0.0906573 0.0962800 0.1030865 0.0772359 0.0839006 0.0930012 0.0888289 
S0281         0.1423633 0.0618272 0.0311519 0.0949287 0.0000000 0.0693561 0.1053241 0.0727582 0.0738596 0.0675782 0.0843103 0.0885971 0.1137003 0.0791867 0.0780304 0.1179238 0.0564996 0.0567146 0.1004230 0.0729411 0.0699850 0.0645591 0.0619177 0.0893447 0.0550505 0.0487560 0.0737449 0.0768146 0.1059766 0.0687985 0.0667817 0.0755798 0.0756068 0.0937326 0.0700563 0.0670270 0.0817004 0.0627105 0.0860332 0.0599561 0.0791045 0.0480615 0.1057747 0.1192394 0.0706682 0.1169035 0.0762126 0.0629409 0.0487560 0.0647111 0.0486876 0.0736463 0.0346544 0.0672155 0.0767716 0.0834001 0.0612132 0.0579764 0.0604148 0.0631549 0.0675227 0.0789090 0.0598394 0.0585187 0.1045254 0.0601337 0.0864846 0.0762774 0.0879722 0.0717178 0.0679401 0.0756728 0.1043342 0.0466567 0.1049734 0.0677471 0.0766903 0.0685432 0.0954011 0.0672049 0.0837249 0.1052553 0.0695644 0.0599511 0.0589100 0.0761680 0.0758090 0.0803988 0.0984311 0.0663288 0.1036308 0.0788870 0.1244551 0.0869663 0.0669473 0.0840522 0.0778656 0.0694429 0.0623227 0.0604534 0.0583059 0.0837540 0.0681860 0.0674129 0.0704142 0.0810864 0.0948797 0.0600005 0.0465971 0.0687193 0.0555435 0.0756990 0.0684199 0.0510302 0.0634916 0.0596964 0.0689918 0.0772773 0.0662383 0.0770877 0.0811301 0.0636960 0.0754942 0.0550682 0.0916079 0.0642064 0.0572709 0.0715661 0.0481476 0.0579361 0.0622184 0.0577677 
S0282         0.1626516 0.0339008 0.0433401 0.0977946 0.0693561 0.0000000 0.1127153 0.0879221 0.0765776 0.0089006 0.0307435 0.0914931 0.1187244 0.0902817 0.1075441 0.1123920 0.0751593 0.0717511 0.1201858 0.0469241 0.0145282 0.0143521 0.0652936 0.0655633 0.0546366 0.0581186 0.0372850 0.0985368 0.1060190 0.0862315 0.0622461 0.0526947 0.0777762 0.1295988 0.0446293 0.0145598 0.0852635 0.0789106 0.0944315 0.0425771 0.0152068 0.0553004 0.1163922 0.1359250 0.0507901 0.1168421 0.0181471 0.0623613 0.0624598 0.0070358 0.0580339 0.0766958 0.0500301 0.0800785 0.0764321 0.0937089 0.0870062 0.0650810 0.0846315 0.0710034 0.0651080 0.0713756 0.0641866 0.0583437 0.0567625 0.0764750 0.0951784 0.0769087 0.0972586 0.0822217 0.0661569 0.0785296 0.1300966 0.0602527 0.1280660 0.0783312 0.0862940 0.0780035 0.0974096 0.0359134 0.0793598 0.1211098 0.0180078 0.0420099 0.0669546 0.0763892 0.0858227 0.0905411 0.0992028 0.0996966 0.1252796 0.0787762 0.1197111 0.0906639 0.0183036 0.0811714 0.0982777 0.0701378 0.0199306 0.0089800 0.0387205 0.0815825 0.0354531 0.0883766 0.0822513 0.0839003 0.1065845 0.0380134 0.0558597 0.0781029 0.0730575 0.0877125 0.0088433 0.0741596 0.0703053 0.0670370 0.0162245 0.0919208 0.0408387 0.0794228 0.0497497 0.0403055 0.0924958 0.0718987 0.1022675 0.0600349 0.0719871 0.0628774 0.0626116 0.0610955 0.0337617 0.0651971 
S0288         0.1965123 0.1121378 0.0979532 0.1153786 0.1053241 0.1127153 0.0000000 0.1096360 0.0918353 0.1183275 0.1331350 0.1314055 0.0071090 0.0808910 0.1307556 0.0183107 0.1001068 0.1036793 0.1167223 0.1333023 0.1208099 0.1172658 0.0853093 0.1577755 0.0871122 0.1128440 0.1305968 0.1322127 0.0118306 0.1118083 0.0920252 0.1220347 0.0881520 0.1238894 0.1190341 0.1059484 0.1167563 0.1158239 0.1410671 0.1102540 0.1614139 0.0987010 0.0206834 0.1593495 0.1176392 0.0089519 0.1203599 0.0918321 0.1076720 0.1088634 0.1074868 0.0963165 0.0854572 0.1159389 0.0760767 0.1404694 0.1137478 0.1056715 0.0767336 0.0377006 0.0926769 0.0971570 0.0841380 0.0737347 0.1144228 0.1116139 0.1257662 0.1471757 0.0921889 0.0891876 0.0983969 0.0948406 0.1590165 0.1101950 0.1584615 0.1013767 0.0978070 0.1100760 0.0873975 0.1261106 0.1037381 0.1424297 0.1151764 0.1208484 0.0937754 0.1055354 0.1411273 0.1439220 0.0137410 0.1222066 0.1576435 0.0819326 0.0090533 0.0053997 0.1207871 0.0729811 0.1211319 0.0802616 0.0977128 0.1065593 0.1157854 0.1026296 0.1232580 0.0932477 0.0954074 0.1023521 0.1545772 0.1120447 0.1048781 0.1148462 0.0994182 0.1380727 0.1215805 0.0977299 0.0955515 0.1028142 0.1149854 0.1218352 0.1200981 0.1038571 0.1332283 0.1037624 0.1266565 0.1012210 0.1590485 0.0924054 0.1058409 0.1243946 0.0867296 0.1014544 0.1125901 0.1058108 
S0289         0.1911086 0.0859612 0.0578063 0.0495345 0.0727582 0.0879221 0.1096360 0.0000000 0.0822054 0.0861077 0.0919235 0.0610770 0.1215937 0.0896748 0.0519552 0.1271385 0.0352052 0.0735097 0.1067298 0.0907026 0.0861928 0.0806723 0.0497767 0.1281331 0.0354425 0.0733764 0.1004333 0.0577773 0.1036711 0.0495112 0.0713805 0.0865589 0.0763500 0.0807964 0.0849987 0.0859181 0.0539785 0.0492183 0.0700155 0.0798878 0.0635967 0.0737935 0.1165303 0.1240740 0.1024702 0.1197141 0.0873238 0.0767409 0.0733764 0.0828740 0.0732629 0.0865156 0.0599772 0.0581233 0.0953387 0.0649422 0.0383650 0.0731176 0.0569123 0.0691981 0.0745012 0.0864722 0.0663352 0.0653597 0.0981222 0.0912899 0.0986152 0.0987913 0.1023437 0.0851554 0.0716322 0.0797028 0.1202862 0.0662602 0.1210551 0.0622466 0.0846933 0.0837214 0.1096604 0.0935358 0.0884444 0.1210164 0.0954526 0.0909051 0.0728539 0.0516902 0.0652157 0.0674933 0.1119612 0.0695556 0.0656427 0.0733495 0.1226124 0.0995151 0.0891044 0.1001057 0.0902755 0.0798254 0.0958213 0.0737166 0.0928098 0.0892284 0.0854928 0.0491245 0.0953604 0.0925147 0.0578401 0.0829730 0.0709499 0.0541461 0.0841395 0.0676977 0.0823183 0.0888681 0.0747980 0.0714200 0.0857555 0.0473451 0.0865025 0.0576891 0.0960892 0.0722787 0.0797393 0.0736656 0.0783159 0.0702466 0.0809260 0.0911376 0.0606792 0.0674378 0.0807125 0.0732422 
S0292         0.1750924 0.0700808 0.0534480 0.0917381 0.0738596 0.0765776 0.0918353 0.0822054 0.0000000 0.0793590 0.0927337 0.0972356 0.1024757 0.0991320 0.0878372 0.1014380 0.0575653 0.0580779 0.0927807 0.0945660 0.0851017 0.0786963 0.0575971 0.1171510 0.0577947 0.0706481 0.0939749 0.0934769 0.0944361 0.0848768 0.0362179 0.0925357 0.0959332 0.0922194 0.0794537 0.0800614 0.0884267 0.0785750 0.0934641 0.0721790 0.0898543 0.0744353 0.0953554 0.1540582 0.0870112 0.1006169 0.0813027 0.0407324 0.0661368 0.0763013 0.0705401 0.0422715 0.0602320 0.0754925 0.0792897 0.0905316 0.0792461 0.0472011 0.0551205 0.0561246 0.0407002 0.0405319 0.0380085 0.0366130 0.0984613 0.0961553 0.1066950 0.0996658 0.0903633 0.0717573 0.0475677 0.0471152 0.1411178 0.0683513 0.1391032 0.0645303 0.0469496 0.0660572 0.1004644 0.0825592 0.0444977 0.1363296 0.0826479 0.0796521 0.0485766 0.0722208 0.0849566 0.0873580 0.0729869 0.0935841 0.1188491 0.0873353 0.1075660 0.0690801 0.0871935 0.0871971 0.0932219 0.0071153 0.0695456 0.0681690 0.0713630 0.0476992 0.0763479 0.0635339 0.0178856 0.0088670 0.1067279 0.0780318 0.0682550 0.0770095 0.0779685 0.0876086 0.0856382 0.0857260 0.0377310 0.0517921 0.0814937 0.0870225 0.0821676 0.0808553 0.0919242 0.0718871 0.0833425 0.0581951 0.0991459 0.0360800 0.0494536 0.0899686 0.0491770 0.0522296 0.0747563 0.0472966 
S0293         0.1521304 0.0321432 0.0406940 0.1008673 0.0675782 0.0089006 0.1183275 0.0861077 0.0793590 0.0000000 0.0329794 0.0945274 0.1243258 0.0884741 0.1057141 0.1178728 0.0733566 0.0699685 0.1112821 0.0451462 0.0127632 0.0126088 0.0680680 0.0637602 0.0527068 0.0563336 0.0355583 0.0966724 0.1064321 0.0844052 0.0648438 0.0508707 0.0760195 0.1203782 0.0428561 0.0127664 0.0881960 0.0770807 0.0925948 0.0408017 0.0210983 0.0535315 0.1198097 0.1340920 0.0532300 0.1224528 0.0163975 0.0649649 0.0606799 0.0052978 0.0562514 0.0794835 0.0482213 0.0755719 0.0816100 0.0918854 0.0817602 0.0632927 0.0692303 0.0737696 0.0677639 0.0740801 0.0667961 0.0562066 0.0546533 0.0746950 0.0933714 0.0751173 0.0954657 0.0850940 0.0688584 0.0767076 0.1282954 0.0584710 0.1291228 0.0783312 0.0891909 0.0761873 0.1004614 0.0341583 0.0821932 0.1215143 0.0162711 0.0402566 0.0651755 0.0791683 0.0840034 0.0887281 0.0982111 0.0978606 0.1286683 0.0770005 0.1253729 0.0897809 0.0165388 0.0840749 0.0964627 0.0728646 0.0140103 0.0072130 0.0369299 0.0843622 0.0337177 0.0804046 0.0850542 0.0867697 0.1047669 0.0362539 0.0540753 0.0808746 0.0712984 0.0859034 0.0112503 0.0723783 0.0729636 0.0628338 0.0144787 0.0900849 0.0390501 0.0822557 0.0479491 0.0385372 0.0906902 0.0701130 0.0909099 0.0626054 0.0702009 0.0587965 0.0608291 0.0592908 0.0320107 0.0634078 
S0294         0.1668239 0.0437918 0.0551109 0.1106674 0.0843103 0.0307435 0.1331350 0.0919235 0.0927337 0.0329794 0.0000000 0.1024416 0.1363651 0.1105190 0.1030556 0.1324051 0.0864008 0.0874744 0.1224064 0.0580132 0.0372182 0.0286387 0.0782823 0.0888669 0.0642555 0.0744527 0.0518752 0.1092820 0.1203242 0.0840531 0.0733025 0.0640281 0.0884447 0.1418166 0.0594465 0.0312415 0.0993298 0.0936013 0.1119363 0.0624183 0.0505972 0.0740126 0.1372156 0.1294763 0.0644645 0.1375360 0.0391041 0.0788737 0.0791299 0.0306521 0.0743358 0.0951693 0.0665334 0.0927043 0.0922343 0.1110195 0.0960991 0.0850356 0.0738324 0.0867043 0.0792479 0.0893379 0.0762469 0.0758794 0.0526492 0.0946884 0.1035920 0.0877094 0.1119584 0.0927838 0.0813926 0.0955069 0.1195378 0.0718154 0.1174182 0.0906091 0.1008033 0.0969432 0.1197107 0.0567063 0.0979288 0.1171516 0.0369275 0.0546181 0.0869984 0.0899131 0.1024121 0.1074769 0.1213016 0.1096878 0.1329441 0.0870550 0.1407221 0.1080579 0.0373424 0.0999527 0.1080301 0.0907258 0.0366842 0.0290301 0.0491861 0.1000699 0.0540352 0.0929902 0.1035661 0.0957621 0.1156697 0.0525935 0.0719875 0.0938354 0.0862504 0.1043581 0.0334609 0.0921650 0.0855962 0.0871136 0.0369059 0.1040833 0.0577794 0.0909233 0.0658058 0.0576114 0.0986544 0.0786376 0.1164268 0.0793017 0.0926437 0.0725356 0.0822342 0.0776230 0.0436471 0.0851701 
S0299         0.1925537 0.0932589 0.0904653 0.0593212 0.0885971 0.0914931 0.1314055 0.0610770 0.0972356 0.0945274 0.1024416 0.0000000 0.1400342 0.1123274 0.0565559 0.1365135 0.0350032 0.0879629 0.1494613 0.1120710 0.0992869 0.0909363 0.0558422 0.1359947 0.0311793 0.0919050 0.1011341 0.0782583 0.1323563 0.0587666 0.0857034 0.1091771 0.0895921 0.0903388 0.0973908 0.0963910 0.0507924 0.0560476 0.0754190 0.1001183 0.0569234 0.0931467 0.1351706 0.1271006 0.1190432 0.1413443 0.0945537 0.0888597 0.0967903 0.0911356 0.0966310 0.1043894 0.0781965 0.0549641 0.1049269 0.0748768 0.0456954 0.0744392 0.1338001 0.0766794 0.0839611 0.0883592 0.0830182 0.0818951 0.1200699 0.1054759 0.0977363 0.1059369 0.1038936 0.0867805 0.0925681 0.0962967 0.1220628 0.0890767 0.1228555 0.0489500 0.0990948 0.1070346 0.1086110 0.0902377 0.1021458 0.1152258 0.1013527 0.1069129 0.0931311 0.0560544 0.0698085 0.0720402 0.1345879 0.0665140 0.0632814 0.0829542 0.1484549 0.1212548 0.0997535 0.0988032 0.1175924 0.0947669 0.1180882 0.0862580 0.0976874 0.1152250 0.0932418 0.0739533 0.1079866 0.1079729 0.0496847 0.0989142 0.0941486 0.0570968 0.1094743 0.0722486 0.0759526 0.1078315 0.0950498 0.0801371 0.0931591 0.0499130 0.0914730 0.0633164 0.1248788 0.0936978 0.1100855 0.0879011 0.0884805 0.0869610 0.0874391 0.0852847 0.0795569 0.0759827 0.1014873 0.0770203 
S0303         0.2073312 0.1207459 0.1110249 0.1307663 0.1137003 0.1187244 0.0071090 0.1215937 0.1024757 0.1243258 0.1363651 0.1400342 0.0000000 0.0845361 0.1490089 0.0236909 0.1120194 0.1143855 0.1167223 0.1389844 0.1266277 0.1232256 0.0948631 0.1702673 0.0988243 0.1217070 0.1394544 0.1507847 0.0218695 0.1146738 0.1026972 0.1280718 0.0917429 0.1326054 0.1271815 0.1149787 0.1317120 0.1282170 0.1462715 0.1183268 0.1784712 0.1129336 0.0303028 0.1750365 0.1263713 0.0052669 0.1263187 0.1024886 0.1165250 0.1148307 0.1163251 0.1045589 0.0974215 0.1222294 0.0890283 0.1456588 0.1288779 0.1137930 0.0767336 0.0521416 0.1063900 0.1078867 0.0923553 0.0828683 0.1216161 0.1256902 0.1436543 0.1531096 0.1027089 0.0959926 0.1095720 0.1085664 0.1779681 0.1190503 0.1740760 0.1013767 0.1061459 0.1183104 0.0978856 0.1320739 0.1154434 0.1575871 0.1232006 0.1289310 0.1044154 0.1167303 0.1463301 0.1490942 0.0137410 0.1395912 0.1700219 0.0805757 0.0144994 0.0053997 0.1267706 0.0889892 0.1350381 0.0906038 0.0977128 0.1128706 0.1267318 0.1131985 0.1313202 0.1013450 0.1059405 0.1131084 0.1667760 0.1200774 0.1137078 0.1266364 0.1132467 0.1432929 0.1288844 0.1116378 0.1037372 0.1109327 0.1209684 0.1397880 0.1255502 0.1132146 0.1415207 0.1122044 0.1378846 0.1146328 0.1613307 0.1031216 0.1167486 0.1305495 0.0999466 0.1096516 0.1232493 0.1139303 
S0308         0.1752151 0.0974287 0.0898398 0.1060340 0.0791867 0.0902817 0.0808910 0.0896748 0.0991320 0.0884741 0.1105190 0.1123274 0.0845361 0.0000000 0.1102542 0.0847811 0.0808536 0.0918942 0.1110766 0.1050291 0.0945874 0.0830064 0.0806756 0.1164463 0.0652156 0.0907707 0.1024186 0.1089983 0.0797852 0.0945987 0.0817651 0.1128943 0.0681104 0.1012690 0.1037013 0.0832117 0.1003147 0.0881687 0.1082778 0.0956726 0.1323224 0.0853943 0.0769467 0.1545335 0.1103905 0.0850408 0.0956217 0.0825832 0.0955778 0.0852112 0.0906248 0.0913273 0.0753397 0.0966488 0.0649080 0.1078550 0.0851470 0.0924717 0.0633809 0.0480424 0.0800813 0.0902091 0.0721140 0.0751529 0.0966540 0.0868372 0.1151345 0.1140139 0.0759943 0.0758935 0.0805518 0.0831886 0.1358044 0.0931213 0.1427252 0.0558954 0.0894560 0.0990695 0.0783521 0.1084012 0.1043235 0.1387380 0.0947660 0.0959271 0.0814804 0.0881270 0.0987028 0.1043828 0.0697792 0.0916530 0.1216544 0.0642339 0.0889645 0.0623235 0.0967345 0.0627862 0.1173483 0.0862794 0.0672064 0.0787566 0.0976475 0.1108839 0.0960612 0.0779856 0.1003642 0.1069477 0.1290544 0.0880514 0.0882048 0.0959667 0.0900689 0.0991987 0.0929855 0.0859658 0.0929284 0.0897846 0.0881132 0.1001860 0.0956935 0.0882557 0.1115355 0.0901118 0.1080565 0.0870161 0.1118353 0.0892538 0.0923965 0.1073887 0.0839254 0.0905843 0.0966976 0.0901021 
S0320         0.1636573 0.0950033 0.0745106 0.0585985 0.0780304 0.1075441 0.1307556 0.0519552 0.0878372 0.1057141 0.1030556 0.0565559 0.1490089 0.1102542 0.0000000 0.1450846 0.0397204 0.0821262 0.1122084 0.1119559 0.1151664 0.0998189 0.0503507 0.1244305 0.0448375 0.0896083 0.1145649 0.0670604 0.1375150 0.0617850 0.0788315 0.0989892 0.0980061 0.0879594 0.0933731 0.0968005 0.0586888 0.0586287 0.0902957 0.0909755 0.0901099 0.0930341 0.1281485 0.1115647 0.1154662 0.1471641 0.1013616 0.0848332 0.0896083 0.1021201 0.0894623 0.0948831 0.0783147 0.0619537 0.0975084 0.0847899 0.0468766 0.0707576 0.0718774 0.0765662 0.0767480 0.0943273 0.0736454 0.0772074 0.1243278 0.1114000 0.0804572 0.0986731 0.1087007 0.0825994 0.0817077 0.0907016 0.1080256 0.0820220 0.1086955 0.0646743 0.0841985 0.0973541 0.1161889 0.0980733 0.0970644 0.1118312 0.1130782 0.0998434 0.0839392 0.0547293 0.0793758 0.0817260 0.1328491 0.0764521 0.0669238 0.0832147 0.1560330 0.1194055 0.1090296 0.0899800 0.1009534 0.0828392 0.1165779 0.0954826 0.0875145 0.1035966 0.0937354 0.0422789 0.0964787 0.0983414 0.0424819 0.0919643 0.0870135 0.0553785 0.0915459 0.0819624 0.0851292 0.1050057 0.0808298 0.0799895 0.1015593 0.0399446 0.0951658 0.0642645 0.1201496 0.0874274 0.0799974 0.0870910 0.0931572 0.0779967 0.0840171 0.0938202 0.0697146 0.0775686 0.0948283 0.0683815 
S0322         0.2080737 0.1194880 0.1001883 0.1364803 0.1179238 0.1123920 0.0183107 0.1271385 0.1014380 0.1178728 0.1324051 0.1365135 0.0236909 0.0847811 0.1450846 0.0000000 0.1111507 0.1110981 0.1249554 0.1394368 0.1248959 0.1168389 0.0857106 0.1603556 0.0977868 0.1204304 0.1321923 0.1467756 0.0304618 0.1196145 0.0995476 0.1310165 0.0919344 0.1410881 0.1304820 0.1087715 0.1309503 0.1295696 0.1506590 0.1099928 0.1450944 0.1117590 0.0246470 0.1707712 0.1250505 0.0219139 0.1198600 0.0993456 0.1204304 0.1086312 0.1202246 0.1077218 0.0939397 0.1271963 0.0822436 0.1556295 0.1198192 0.1131871 0.0693964 0.0453024 0.1031582 0.1019148 0.0893478 0.0821977 0.1189667 0.1318993 0.1287033 0.1444131 0.0983934 0.0926527 0.1038504 0.1004103 0.1672476 0.1229484 0.1698386 0.1170955 0.1050608 0.1170755 0.0935865 0.1254728 0.1142427 0.1536159 0.1173918 0.1322232 0.1012562 0.1160999 0.1486672 0.1514313 0.0193750 0.1411961 0.1666486 0.0822398 0.0221750 0.0108774 0.1202751 0.0822082 0.1366460 0.0905846 0.1056221 0.1074130 0.1265950 0.1134589 0.1226992 0.1093186 0.1048798 0.1119555 0.1599877 0.1232580 0.1176125 0.1202604 0.1163800 0.1456222 0.1244386 0.1198875 0.1006089 0.1103458 0.1146105 0.1360035 0.1248382 0.1120314 0.1450339 0.1040592 0.1341665 0.1057158 0.1637143 0.0999545 0.1156487 0.1269812 0.0964590 0.1087542 0.1264757 0.1129993 
S0327         0.1649038 0.0636492 0.0480742 0.0369572 0.0564996 0.0751593 0.1001068 0.0352052 0.0575653 0.0733566 0.0864008 0.0350032 0.1120194 0.0808536 0.0397204 0.1111507 0.0000000 0.0546546 0.1112704 0.0825546 0.0764824 0.0682187 0.0378503 0.1101205 0.0189243 0.0570804 0.0846272 0.0463376 0.1036510 0.0502591 0.0544641 0.0774419 0.0673945 0.0532643 0.0709311 0.0706069 0.0434569 0.0290417 0.0486279 0.0683332 0.0463422 0.0652368 0.1066616 0.1091696 0.0821102 0.1101422 0.0718730 0.0571708 0.0617204 0.0703541 0.0616276 0.0663847 0.0531415 0.0363174 0.0813772 0.0462472 0.0362538 0.0502693 0.0553372 0.0525952 0.0502932 0.0639821 0.0519067 0.0518281 0.0908015 0.0829821 0.0775131 0.0811636 0.0838771 0.0655200 0.0596646 0.0602403 0.0972175 0.0594687 0.0978090 0.0482540 0.0709423 0.0743324 0.0907921 0.0733901 0.0735164 0.0955689 0.0775550 0.0709032 0.0566935 0.0384751 0.0416906 0.0437865 0.1087496 0.0411749 0.0500743 0.0568186 0.1166288 0.0966866 0.0761511 0.0774747 0.0834758 0.0552638 0.0858385 0.0641367 0.0674005 0.0766713 0.0656447 0.0414339 0.0700824 0.0669790 0.0485425 0.0682829 0.0593868 0.0400734 0.0724660 0.0417398 0.0701693 0.0802027 0.0607313 0.0501769 0.0752025 0.0351944 0.0679400 0.0450167 0.0863710 0.0608414 0.0768612 0.0547666 0.0533165 0.0569462 0.0594874 0.0680314 0.0454628 0.0506051 0.0662010 0.0530619 
S0335         0.1797020 0.0644715 0.0467217 0.0959748 0.0567146 0.0717511 0.1036793 0.0735097 0.0580779 0.0699685 0.0874744 0.0879629 0.1143855 0.0918942 0.0821262 0.1110981 0.0546546 0.0000000 0.0694543 0.0706889 0.0747749 0.0649585 0.0626519 0.0993096 0.0574776 0.0558442 0.0764642 0.0875817 0.1043855 0.0814907 0.0469219 0.0689678 0.0836686 0.0944216 0.0698719 0.0698101 0.0876034 0.0705637 0.0850476 0.0624711 0.0703525 0.0660881 0.0988925 0.1442662 0.0801384 0.1125510 0.0767056 0.0448317 0.0558442 0.0670553 0.0557634 0.0581593 0.0544521 0.0721586 0.0797088 0.0822281 0.0711612 0.0448220 0.0692349 0.0536381 0.0495073 0.0575831 0.0465874 0.0438250 0.0931132 0.0906987 0.1003873 0.0817884 0.1018698 0.0774622 0.0572599 0.0595060 0.1305850 0.0536759 0.1314283 0.0361923 0.0620785 0.0423027 0.1091541 0.0654944 0.0646920 0.1290200 0.0787174 0.0719928 0.0379175 0.0668576 0.0768564 0.0791964 0.0788388 0.0879809 0.1032319 0.0772559 0.1198721 0.0681144 0.0671506 0.0845559 0.0553122 0.0561769 0.0776374 0.0609126 0.0607057 0.0589164 0.0642346 0.0734212 0.0637035 0.0605689 0.0915635 0.0675770 0.0536049 0.0786740 0.0829243 0.0794276 0.0675423 0.0850661 0.0524987 0.0279403 0.0717553 0.0803773 0.0722085 0.0730052 0.0786875 0.0618922 0.0429789 0.0144107 0.0879036 0.0467326 0.0461431 0.0689983 0.0379717 0.0301720 0.0626004 0.0449139 
S0345         0.1714317 0.1046355 0.0916518 0.1254831 0.1004230 0.1201858 0.1167223 0.1067298 0.0927807 0.1112821 0.1224064 0.1494613 0.1167223 0.1110766 0.1122084 0.1249554 0.1112704 0.0694543 0.0000000 0.1197733 0.1211206 0.1243148 0.0862260 0.1455351 0.0912554 0.1085721 0.1063031 0.1432537 0.1054925 0.1117166 0.0892992 0.0944820 0.1008138 0.1204702 0.1072492 0.1147247 0.1177243 0.1212756 0.1339090 0.0822337 8.9999990 0.1010363 0.1008457 0.1989623 0.1024028 0.1138638 0.1237305 0.0935195 0.1046858 0.1154735 0.1082946 0.0961378 0.0865156 0.1307563 0.1094373 0.1292120 0.1205155 0.0912441 0.0788740 0.0789555 0.0859748 0.1017565 0.0810216 0.0821242 0.1342830 0.0928119 0.1297548 0.1520575 0.1203939 0.0863499 0.0736255 0.0753224 0.1721708 0.1046697 0.1721708 0.0780231 0.0967743 0.0563632 0.1363252 0.1086707 0.0792664 0.1742970 0.1245210 0.1189168 0.0834632 0.1157878 0.1247178 0.1287792 0.1065578 0.1408863 0.1508515 0.1087691 0.1089197 0.0944066 0.1295826 0.1119468 0.0189332 0.1012472 0.0950267 0.1150358 0.0956197 0.0937663 0.1152962 0.0647365 0.0990787 0.0984131 0.1372997 0.1069786 0.1044197 0.1298807 0.0928119 0.1246929 0.1267851 0.0964556 0.0875071 0.0754285 0.1143914 0.0933045 0.1018274 0.1016937 0.1333746 0.0818756 0.0161967 0.0657183 0.1295701 0.0923323 0.0895229 0.0961501 0.0707834 0.0760924 0.1024013 0.0835657 
S0376         0.2222206 0.0406796 0.0512988 0.1000606 0.0729411 0.0469241 0.1333023 0.0907026 0.0945660 0.0451462 0.0580132 0.1120710 0.1389844 0.1050291 0.1119559 0.1394368 0.0825546 0.0706889 0.1197733 0.0000000 0.0448379 0.0469192 0.0798114 0.0739818 0.0754787 0.0686809 0.0382524 0.1073193 0.1222034 0.0889368 0.0739225 0.0530357 0.0936489 0.1347295 0.0412014 0.0450377 0.0953658 0.0794645 0.1019343 0.0481446 0.0502381 0.0776860 0.1347744 0.1362327 0.0603370 0.1371271 0.0470503 0.0771649 0.0686809 0.0426481 0.0685759 0.0947280 0.0629924 0.0860476 0.0973920 0.0959184 0.0926629 0.0663329 0.0986921 0.0825225 0.0821490 0.0936143 0.0762392 0.0771546 0.0632408 0.0905697 0.0905705 0.0830898 0.1146075 0.0991848 0.0883745 0.0943802 0.1193347 0.0663861 0.1258939 0.0863791 0.1001749 0.0868222 0.1222513 0.0471584 0.1027261 0.1234617 0.0511753 0.0324506 0.0761303 0.0863430 0.0940855 0.0990446 0.1349665 0.1048577 0.1345261 0.0960743 0.1379742 0.1215997 0.0493172 0.1053931 0.1019496 0.0925710 0.0426886 0.0325907 0.0370120 0.0885707 0.0425260 0.0922576 0.1004443 0.0975964 0.1079902 0.0284944 0.0662928 0.0950605 0.0825281 0.0960303 0.0494503 0.0906205 0.0825399 0.0683240 0.0491313 0.1080275 0.0397816 0.0943706 0.0374855 0.0497126 0.0891259 0.0714874 0.1113039 0.0811379 0.0685594 0.0830694 0.0689753 0.0644033 0.0204374 0.0664520 
S0400         0.1639100 0.0341941 0.0407141 0.1009731 0.0699850 0.0145282 0.1208099 0.0861928 0.0851017 0.0127632 0.0372182 0.0992869 0.1266277 0.0945874 0.1151664 0.1248959 0.0764824 0.0747749 0.1211206 0.0448379 0.0000000 0.0183788 0.0767907 0.0685159 0.0624764 0.0586421 0.0399577 0.1003817 0.1126018 0.0890602 0.0725107 0.0505112 0.0809111 0.1218098 0.0472071 0.0205659 0.0968776 0.0854665 0.0860508 0.0476451 0.0267256 0.0607947 0.1229868 0.1446275 0.0576897 0.1284073 0.0223115 0.0726498 0.0630229 0.0108076 0.0585558 0.0877184 0.0529502 0.0837345 0.0850276 0.0854097 0.0940855 0.0680005 0.0783044 0.0794606 0.0756044 0.0820631 0.0744967 0.0671833 0.0600904 0.0796291 0.0996259 0.0745040 0.1017329 0.0935877 0.0768351 0.0850424 0.1355837 0.0607955 0.1393468 0.0861034 0.0977632 0.0811917 0.1068744 0.0406920 0.0905689 0.1315069 0.0202067 0.0445125 0.0728953 0.0873787 0.0809146 0.0855840 0.1077655 0.1070500 0.1279817 0.0821451 0.1285505 0.0989731 0.0184598 0.0900950 0.1018156 0.0784696 0.0171103 0.0090786 0.0368976 0.0893474 0.0401619 0.0890867 0.0933375 0.0927286 0.1085463 0.0404547 0.0563615 0.0890612 0.0761143 0.0828077 0.0184604 0.0772748 0.0808077 0.0699779 0.0203167 0.0936027 0.0458829 0.0906292 0.0524600 0.0452735 0.0959127 0.0756219 0.0970973 0.0701921 0.0726441 0.0625788 0.0660656 0.0639733 0.0361167 0.0681201 
S0405         0.1585200 0.0298884 0.0339949 0.0999996 0.0645591 0.0143521 0.1172658 0.0806723 0.0786963 0.0126088 0.0286387 0.0909363 0.1232256 0.0830064 0.0998189 0.1168389 0.0682187 0.0649585 0.1243148 0.0469192 0.0183788 0.0000000 0.0696939 0.0608828 0.0544264 0.0536377 0.0415006 0.0880451 0.1083525 0.0809921 0.0643108 0.0504448 0.0709572 0.1258163 0.0446263 0.0164252 0.0894617 0.0743596 0.0869533 0.0404730 0.0153720 0.0530961 0.1159371 0.1223553 0.0527997 0.1213632 0.0181530 0.0672560 0.0579190 0.0106784 0.0535606 0.0788186 0.0501071 0.0802082 0.0733531 0.0862984 0.0815776 0.0627678 0.0767577 0.0731449 0.0672012 0.0734674 0.0662485 0.0608483 0.0489659 0.0760276 0.0878075 0.0720948 0.0915590 0.0792764 0.0682787 0.0760518 0.1169358 0.0557442 0.1176773 0.0942060 0.0884402 0.0755396 0.0964448 0.0377464 0.0815008 0.1102478 0.0218652 0.0420088 0.0646370 0.0785074 0.0785949 0.0832387 0.1109857 0.0941828 0.1193831 0.0718632 0.1242541 0.1021503 0.0183096 0.0853758 0.0976811 0.0722543 0.0229083 0.0089844 0.0345459 0.0840990 0.0354557 0.0849021 0.0843521 0.0860404 0.1010005 0.0380148 0.0514180 0.0776494 0.0663262 0.0804882 0.0135069 0.0737264 0.0723681 0.0647161 0.0162313 0.0865495 0.0408384 0.0724322 0.0497422 0.0382283 0.0899150 0.0650910 0.0946385 0.0620919 0.0696160 0.0585222 0.0603273 0.0587964 0.0337651 0.0628816 
S0407sl       0.1508043 0.0672336 0.0596008 0.0517203 0.0619177 0.0652936 0.0853093 0.0497767 0.0575971 0.0680680 0.0782823 0.0558422 0.0948631 0.0806756 0.0503507 0.0857106 0.0378503 0.0626519 0.0862260 0.0798114 0.0767907 0.0696939 0.0000000 0.1135406 0.0271049 0.0700387 0.0697386 0.0459949 0.0848962 0.0406222 0.0573289 0.0733253 0.0736375 0.0652542 0.0756585 0.0693592 0.0427220 0.0341761 0.0648733 0.0694362 0.0502873 0.0642103 0.0842882 0.0927229 0.0901171 0.0928044 0.0661450 0.0579530 0.0700387 0.0674528 0.0699222 0.0675784 0.0483557 0.0398264 0.0504392 0.0649802 0.0373032 0.0576656 0.0602482 0.0480550 0.0577517 0.0727906 0.0498887 0.0500072 0.0940252 0.0773586 0.0718876 0.0915126 0.0654791 0.0333277 0.0605624 0.0711061 0.0928004 0.0675418 0.0955760 0.0246681 0.0669656 0.0732602 0.0682083 0.0777632 0.0737183 0.0818179 0.0831275 0.0804230 0.0596332 0.0540345 0.0596528 0.0620323 0.0839681 0.0569539 0.0642776 0.0614077 0.0867532 0.0724651 0.0758877 0.0574580 0.0837820 0.0527536 0.0917341 0.0652516 0.0796334 0.0714868 0.0746707 0.0460663 0.0685742 0.0653420 0.0602851 0.0724783 0.0674384 0.0263012 0.0721276 0.0622345 0.0671283 0.0777476 0.0592342 0.0547085 0.0748507 0.0454657 0.0796435 0.0351905 0.0942586 0.0718967 0.0790287 0.0526669 0.0675569 0.0600714 0.0600328 0.0746969 0.0447635 0.0531518 0.0780537 0.0552857 
S0412sl       0.2179460 0.0698410 0.0637762 0.1424966 0.0893447 0.0655633 0.1577755 0.1281331 0.1171510 0.0637602 0.0888669 0.1359947 0.1702673 0.1164463 0.1244305 0.1603556 0.1101205 0.0993096 0.1455351 0.0739818 0.0685159 0.0608828 0.1135406 0.0000000 0.0898362 0.0877740 0.0811427 0.1224195 0.1699138 0.1221800 0.1031308 0.0727155 0.1074828 0.1712104 0.0724667 0.0636119 0.1179259 0.1003264 0.1212927 0.0579020 0.0791232 0.0949184 0.1586358 0.1649244 0.0506836 0.1677189 0.0684888 0.1069486 0.0925427 0.0609174 0.0876339 0.1201713 0.0842678 0.1106338 0.1178059 0.1261046 0.1027119 0.0844519 0.0986293 0.1132418 0.1042171 0.1138306 0.1029394 0.1047301 0.1090215 0.1104696 0.1236920 0.1037462 0.1327012 0.1291132 0.1055577 0.1156557 0.1570404 0.0901066 0.1581243 0.1389995 0.1180437 0.1024527 0.1407591 0.0643777 0.1224333 0.1555178 0.0635106 0.0692016 0.0923767 0.1090690 0.1171993 0.1223679 0.1504554 0.1199360 0.1664298 0.1117570 0.1807145 0.1404852 0.0630004 0.1244478 0.1223386 0.1069461 0.0561449 0.0456977 0.0581299 0.1182119 0.0643832 0.1150796 0.1128980 0.1256204 0.1303148 0.0604587 0.0852348 0.1216414 0.1026679 0.1191138 0.0599473 0.1063908 0.1096211 0.0975721 0.0655728 0.1170301 0.0739266 0.1254176 0.0811808 0.0572660 0.1140551 0.1058444 0.1286818 0.1005450 0.0841462 0.1033682 0.0960845 0.0931411 0.0650359 0.0841960 
S0417         0.1331636 0.0593804 0.0383880 0.0310515 0.0550505 0.0546366 0.0871122 0.0354425 0.0577947 0.0527068 0.0642555 0.0311793 0.0988243 0.0652156 0.0448375 0.0977868 0.0189243 0.0574776 0.0912554 0.0754787 0.0624764 0.0544264 0.0271049 0.0898362 0.0000000 0.0443165 0.0639429 0.0469484 0.0819187 0.0374188 0.0458569 0.0677214 0.0566387 0.0452180 0.0641097 0.0572694 0.0331216 0.0291978 0.0536504 0.0578345 0.0568715 0.0480987 0.0934621 0.1061697 0.0726017 0.0968878 0.0584147 0.0485203 0.0486206 0.0522717 0.0485497 0.0574050 0.0383852 0.0302399 0.0653762 0.0532793 0.0302817 0.0529733 0.0180120 0.0421406 0.0461571 0.0525652 0.0434052 0.0397608 0.0761194 0.0625210 0.0717850 0.0721092 0.0709957 0.0600599 0.0466722 0.0538058 0.1016574 0.0442158 0.1022899 0.0361881 0.0590820 0.0705696 0.0776713 0.0643320 0.0648575 0.0950667 0.0659414 0.0685461 0.0481395 0.0225590 0.0485484 0.0507003 0.0803468 0.0329249 0.0596142 0.0505057 0.0996165 0.0689256 0.0575303 0.0701889 0.0856148 0.0533037 0.0616584 0.0460201 0.0704819 0.0676098 0.0548219 0.0235797 0.0658059 0.0672519 0.0531334 0.0612681 0.0463764 0.0344097 0.0594344 0.0508596 0.0496865 0.0623423 0.0520215 0.0459502 0.0591286 0.0357293 0.0654900 0.0412732 0.0807472 0.0550745 0.0754001 0.0575967 0.0580025 0.0503709 0.0623739 0.0672283 0.0392558 0.0463417 0.0642969 0.0533124 
S0419         0.1724382 0.0532594 0.0106975 0.0875685 0.0487560 0.0581186 0.1128440 0.0733764 0.0706481 0.0563336 0.0744527 0.0919050 0.1217070 0.0907707 0.0896083 0.1204304 0.0570804 0.0558442 0.1085721 0.0686809 0.0586421 0.0536377 0.0700387 0.0877740 0.0443165 0.0000000 0.0560284 0.0931622 0.1040921 0.0736653 0.0587956 0.0641785 0.0734081 0.1221484 0.0711950 0.0562015 0.0820364 0.0703868 0.0772235 0.0498610 0.0433436 0.0423776 0.1137771 0.1408356 0.0754764 0.1198273 0.0628391 0.0616888 0.0070180 0.0536414 0.0070098 0.0707556 0.0289346 0.0731927 0.0830382 0.0766541 0.0716473 0.0561393 0.0680615 0.0711045 0.0616373 0.0684399 0.0583741 0.0570890 0.0747005 0.0722436 0.0880190 0.0680920 0.0942309 0.0796976 0.0559004 0.0633266 0.1234711 0.0052466 0.1242497 0.0580826 0.0778069 0.0726980 0.1013771 0.0586230 0.0801526 0.1258203 0.0671704 0.0658206 0.0582950 0.0719755 0.0714461 0.0737328 0.1068583 0.0920709 0.1172605 0.0743499 0.1198570 0.0946782 0.0584003 0.0829619 0.0826467 0.0687043 0.0713470 0.0476647 0.0569239 0.0781681 0.0559326 0.0779374 0.0739798 0.0779331 0.0935307 0.0614263 0.0052411 0.0780615 0.0669657 0.0739495 0.0639486 0.0699427 0.0645130 0.0491757 0.0558995 0.0861641 0.0650069 0.0749476 0.0731881 0.0519869 0.0752556 0.0587011 0.0847107 0.0585515 0.0625102 0.0650336 0.0472759 0.0473912 0.0565328 0.0559350 
S0427         0.1903637 0.0418448 0.0435781 0.1105995 0.0737449 0.0372850 0.1305968 0.1004333 0.0939749 0.0355583 0.0518752 0.1011341 0.1394544 0.1024186 0.1145649 0.1321923 0.0846272 0.0764642 0.1063031 0.0382524 0.0399577 0.0415006 0.0697386 0.0811427 0.0639429 0.0560284 0.0000000 0.1141229 0.1102466 0.0962864 0.0739285 0.0590802 0.0867411 0.1283636 0.0529086 0.0396738 0.0972795 0.0788287 0.0996353 0.0468210 0.0372931 0.0574945 0.1316795 0.1311438 0.0677600 0.1376282 0.0457877 0.0740692 0.0603525 0.0332840 0.0602640 0.0941316 0.0478533 0.0848668 0.0950580 0.0988648 0.0895729 0.0717782 0.0844170 0.0824703 0.0771888 0.0883767 0.0807173 0.0661917 0.0672727 0.0770717 0.1047833 0.0906983 0.1090616 0.0815118 0.0808594 0.0915850 0.1176962 0.0581550 0.1240123 0.0567733 0.1015633 0.0892973 0.1164279 0.0398688 0.0944483 0.1165828 0.0454205 0.0378257 0.0806044 0.0951220 0.0932153 0.0956205 0.1207089 0.1018505 0.1413876 0.0928573 0.1347208 0.1082904 0.0462262 0.0975725 0.1002274 0.0920364 0.0378894 0.0359003 0.0468584 0.0942023 0.0393592 0.0764795 0.0949704 0.0969122 0.1112648 0.0378529 0.0580769 0.0992686 0.0736182 0.0927356 0.0399871 0.0747368 0.0824640 0.0737429 0.0394741 0.1036910 0.0471052 0.0936708 0.0495276 0.0486253 0.0944267 0.0718279 0.1075771 0.0809409 0.0735976 0.0740833 0.0642454 0.0699223 0.0296281 0.0715155 
S0428sl       0.1953944 0.0934492 0.0774112 0.0664377 0.0768146 0.0985368 0.1322127 0.0577773 0.0934769 0.0966724 0.1092820 0.0782583 0.1507847 0.1089983 0.0670604 0.1467756 0.0463376 0.0875817 0.1432537 0.1073193 0.1003817 0.0880451 0.0459949 0.1224195 0.0469484 0.0931622 0.1141229 0.0000000 0.1391054 0.0559217 0.0842156 0.1016548 0.0944372 0.0784703 0.1011071 0.0927900 0.0569563 0.0524802 0.0858538 0.0938946 0.0653061 0.0894161 0.1399208 0.1198761 0.1076165 0.1489159 0.0999000 0.0851435 0.0957769 0.0931673 0.0956169 0.0979130 0.0791305 0.0519530 0.0908793 0.0802246 0.0412345 0.0938702 0.0906625 0.0777257 0.0821015 0.1001371 0.0788894 0.0832074 0.1170851 0.1072231 0.0971548 0.1072711 0.1051490 0.0797522 0.0795608 0.0827851 0.1213324 0.0932428 0.1221161 0.0697528 0.0941674 0.1044746 0.1150212 0.1062450 0.1043687 0.1145301 0.1013690 0.1060557 0.0867572 0.0713185 0.0727029 0.0773625 0.1476966 0.0606920 0.0734387 0.0795320 0.1579896 0.1335624 0.0957457 0.0965222 0.1147447 0.0909940 0.1212128 0.0857502 0.1004022 0.1067359 0.1016459 0.0684865 0.1070032 0.1042720 0.0726815 0.0975384 0.0930976 0.0588006 0.0948748 0.0775912 0.0987473 0.1031454 0.0885193 0.0854110 0.1034196 0.0438807 0.1026113 0.0525382 0.1109847 0.0902594 0.1090679 0.0877734 0.0825905 0.0871305 0.1017818 0.1065817 0.0783091 0.0861946 0.0928977 0.0940090 
S0430         0.1939342 0.1057542 0.0920679 0.1192702 0.1059766 0.1060190 0.0118306 0.1036711 0.0944361 0.1064321 0.1203242 0.1323563 0.0218695 0.0797852 0.1375150 0.0304618 0.1036510 0.1043855 0.1054925 0.1222034 0.1126018 0.1083525 0.0848962 0.1699138 0.0819187 0.1040921 0.1102466 0.1391054 0.0000000 0.1092622 0.0915675 0.1099933 0.0892674 0.1211312 0.1082483 0.1019042 0.1240797 0.1185995 0.1258238 0.1081974 0.1813726 0.0999550 0.0246391 0.1635471 0.1260390 0.0199249 0.1145305 0.0913603 0.0986918 0.0996678 0.0985141 0.0992912 0.0829542 0.1110107 0.0774025 0.1291732 0.1189835 0.1025665 0.0633870 0.0431156 0.0923133 0.0937477 0.0806055 0.0792666 0.1091923 0.1075012 0.1247845 0.1474826 0.0888909 0.0798756 0.0955532 0.0948734 0.1597711 0.1013287 0.1631864 0.0936982 0.0921513 0.1073640 0.0863500 0.1174846 0.1082401 0.1457628 0.1174794 0.1158584 0.0937855 0.1083612 0.1298101 0.1327142 0.0082027 0.1274960 0.1688777 0.0853721 0.0116747 0.0000025 0.1119522 0.0746314 0.1300418 0.0791939 0.0859725 0.0975670 0.1168334 0.1061057 0.1162710 0.0903785 0.1035192 0.1058723 0.1539748 0.1066233 0.0957951 0.1120812 0.0991818 0.1266703 0.1195352 0.1027059 0.0958672 0.0961864 0.1089026 0.1282394 0.1142278 0.0978293 0.1291355 0.1081534 0.1292772 0.0930607 0.1433469 0.0919738 0.1051970 0.1270624 0.0836415 0.0953644 0.1133782 0.0998284 
