101
PAFTOL_019361 0.0000000 0.1697998 0.1833690 0.1953683 0.2005027 0.1536419 0.1682018 0.1964367 0.2107455 0.1793625 0.1651226 0.2147863 0.1959075 0.2079191 0.2067405 0.1749281 0.1942494 0.1532931 0.1782198 0.1851509 0.2064412 0.1860111 0.1810518 0.1944881 0.1654426 0.1822365 0.1943634 0.1466729 0.2149545 0.1851844 0.1763758 0.1800703 0.1927393 0.2042876 0.1729698 0.1851507 0.1527331 0.1756847 0.1527218 0.1885177 0.2389869 0.1711572 0.1906601 0.2074900 0.2131531 0.1992428 0.1909945 0.1858421 0.1365370 0.2374201 0.1938268 0.1982392 0.1716290 0.2108772 0.1965696 0.2047116 0.1767451 0.1965089 0.1589400 0.1757667 0.2159127 0.1787267 0.1837521 0.2125820 0.2038583 0.1715797 0.1875925 0.1868240 0.1592506 0.1945340 0.1855778 0.1526904 0.1526904 0.1848665 0.2054662 0.1602746 0.2102805 0.2226593 0.1966586 0.1708033 0.1761574 0.1917730 0.1837718 0.1473456 0.2174876 0.2020043 0.1645427 0.2063926 0.1655920 0.2316867 0.1727791 0.1978978 0.1688594 0.1836242 0.1820044 0.1872174 0.1912937 0.1744570 0.1886398 0.1549576 0.1760480 
S0055         0.1697998 0.0000000 0.0352740 0.0545857 0.0466072 0.0203999 0.0583755 0.0628671 0.0714503 0.0301578 0.0279184 0.0793223 0.0507465 0.0633519 0.0585554 0.0503350 0.0671025 0.0168343 0.0352298 0.0510449 0.0545126 0.0649708 0.0553254 0.0543930 0.0509469 0.0589828 0.0622628 0.0316401 0.0630291 0.0509933 0.0485580 0.0386736 0.0625298 0.1069895 0.0468818 0.0595758 0.0134284 0.0312663 0.0273478 0.0389168 0.0633788 0.0552992 0.0430757 0.0624899 0.0553085 0.0522411 0.0431607 0.0976772 0.0450406 0.0806741 0.0510879 0.1023229 0.0387690 0.0636472 0.0554610 0.0686773 0.0311327 0.0588966 0.0273835 0.0238954 0.0673061 0.0468949 0.0506111 0.0546105 0.0800814 0.0388007 0.0586436 0.0584517 0.0203901 0.0681861 0.0515922 0.0237081 0.0167844 0.0171377 0.0628637 0.0211659 0.0577419 0.0581589 0.0555596 0.0134278 0.0386461 0.0434326 0.0504035 0.0238960 0.0676517 0.0553898 0.0238015 0.0932974 0.0348211 0.0631389 0.0546693 0.0640402 0.0425297 0.0466554 0.0393522 0.0387397 0.0581545 0.0310969 0.0550745 0.0395001 0.0313398 
S0196sl       0.1833690 0.0352740 0.0000000 0.0504484 0.0169185 0.0277606 0.0492244 0.0538896 0.0548295 0.0441305 0.0358073 0.0748000 0.0276102 0.0550878 0.0502551 0.0500553 0.0507326 0.0240519 0.0431641 0.0549238 0.0388662 0.0440303 0.0394252 0.0462395 0.0467223 0.0506187 0.0383671 0.0394860 0.0669980 0.0428684 0.0442518 0.0099609 0.0464852 0.0930869 0.0389086 0.0434178 0.0277860 0.0032814 0.0348870 0.0100198 0.0640302 0.0423451 0.0279152 0.0464564 0.0434192 0.0441238 0.0205459 0.0935612 0.0343626 0.0634683 0.0354697 0.0885990 0.0099832 0.0514344 0.0473681 0.0518975 0.0465387 0.0469611 0.0349343 0.0465535 0.0586708 0.0389204 0.0382832 0.0547535 0.0755079 0.0240075 0.0427537 0.0426183 0.0277469 0.0554670 0.0435798 0.0311051 0.0239789 0.0395776 0.0354708 0.0365518 0.0531847 0.0454785 0.0395956 0.0352117 0.0099546 0.0206678 0.0423792 0.0313556 0.0589679 0.0473076 0.0386967 0.0885193 0.0504528 0.0637854 0.0464735 0.0517461 0.0422953 0.0387243 0.0317330 0.0239725 0.0542556 0.0168022 0.0392561 0.0316971 0.0169305 
S0278         0.1953683 0.0545857 0.0504484 0.0000000 0.0622598 0.0505948 0.0672607 0.0274546 0.0883404 0.0794695 0.0637269 0.0345851 0.0580009 0.0793231 0.0202023 0.0623124 0.0745360 0.0465140 0.0674547 0.0825404 0.0167203 0.0822571 0.0627029 0.0312110 0.0589675 0.0627109 0.0785472 0.0595482 0.0275273 0.0351354 0.0606596 0.0538651 0.0616749 0.0924833 0.0547701 0.0670152 0.0506416 0.0461293 0.0581152 0.0421865 0.0353095 0.0674622 0.0586695 0.0698301 0.0678052 0.0603388 0.0587928 0.0840414 0.0554644 0.0894624 0.0551465 0.0880293 0.0540022 0.0848918 0.0760863 0.0762778 0.0708380 0.0797264 0.0582009 0.0708541 0.0274953 0.0313227 0.0348758 0.0430524 0.0273387 0.0540423 0.0659693 0.0657530 0.0505685 0.0673990 0.0670794 0.0539707 0.0463659 0.0637316 0.0751700 0.0569323 0.0211163 0.0750005 0.0678078 0.0586747 0.0538240 0.0591738 0.0347392 0.0544172 0.0844599 0.0720360 0.0538037 0.0462326 0.0750616 0.0351834 0.0666698 0.0799934 0.0542916 0.0240283 0.0589899 0.0539512 0.0664191 0.0458719 0.0631993 0.0550245 0.0462355 
S0281         0.2005027 0.0466072 0.0169185 0.0622598 0.0000000 0.0387931 0.0580337 0.0661362 0.0581947 0.0579006 0.0473239 0.0874266 0.0347403 0.0628548 0.0620164 0.0575848 0.0583687 0.0349179 0.0506974 0.0728742 0.0502709 0.0559512 0.0469101 0.0492997 0.0500740 0.0624662 0.0456399 0.0510876 0.0794475 0.0544605 0.0519820 0.0202407 0.0539956 0.1064523 0.0503281 0.0509980 0.0388286 0.0133354 0.0460874 0.0203627 0.0765799 0.0548472 0.0351264 0.0539618 0.0427970 0.0475658 0.0313198 0.1069961 0.0449119 0.0584666 0.0388340 0.1018085 0.0202878 0.0506897 0.0513918 0.0597153 0.0582154 0.0503287 0.0461523 0.0582315 0.0708159 0.0503422 0.0540552 0.0667778 0.0882709 0.0310711 0.0502141 0.0500535 0.0387735 0.0632871 0.0553728 0.0421435 0.0348098 0.0427390 0.0314922 0.0483265 0.0612085 0.0490198 0.0470846 0.0465223 0.0202277 0.0315099 0.0538335 0.0424856 0.0623385 0.0591858 0.0500511 0.1017106 0.0622663 0.0762822 0.0504147 0.0638792 0.0496698 0.0500856 0.0430034 0.0347992 0.0661612 0.0273148 0.0507833 0.0429534 0.0275261 
S0282         0.1536419 0.0203999 0.0277606 0.0505948 0.0387931 0.0000000 0.0492244 0.0545577 0.0628750 0.0177507 0.0206967 0.0750145 0.0427852 0.0549748 0.0504004 0.0424454 0.0586659 0.0032840 0.0206088 0.0513585 0.0464750 0.0526474 0.0471544 0.0463731 0.0426877 0.0431317 0.0540426 0.0171357 0.0589080 0.0429934 0.0365534 0.0311311 0.0542705 0.1020186 0.0316433 0.0512629 0.0066379 0.0239268 0.0133378 0.0313237 0.0642193 0.0465619 0.0353105 0.0542364 0.0471426 0.0480378 0.0353774 0.0976554 0.0396417 0.0717763 0.0430712 0.0974268 0.0312060 0.0552291 0.0472724 0.0558881 0.0239384 0.0422716 0.0133544 0.0239476 0.0588414 0.0390336 0.0426729 0.0556016 0.0675527 0.0312329 0.0504716 0.0503095 0.0066287 0.0596021 0.0434923 0.0099116 0.0032746 0.0206940 0.0545550 0.0175518 0.0533467 0.0537258 0.0473555 0.0134570 0.0311096 0.0355961 0.0425015 0.0099889 0.0591401 0.0472121 0.0168085 0.0800193 0.0275395 0.0639731 0.0390911 0.0555646 0.0348696 0.0388363 0.0316718 0.0311855 0.0581593 0.0237999 0.0469466 0.0245045 0.0239834 
S0288         0.1682018 0.0583755 0.0492244 0.0672607 0.0580337 0.0492244 0.0000000 0.0875391 0.0898854 3.5090022 0.0506499 0.1001088 0.0411940 0.0327345 0.0875391 0.0492244 0.0414241 0.0492244 0.0789646 0.0877626 0.0779577 0.0811652 0.0242290 0.0677715 0.0593788 0.1002530 0.0686604 0.0698279 0.1078941 0.0787537 0.0789177 0.0492244 0.0323008 0.0781261 0.0896630 0.0248672 0.0593657 0.0492244 0.0583755 0.0495722 0.0875391 0.0337699 0.0408424 0.0418226 0.0601840 0.0520443 0.0413358 0.0687140 0.0347479 0.0599190 0.0503523 0.0781261 0.0492244 0.0710279 0.0599190 0.0614554 0.0766356 0.0605839 0.0680547 0.0677937 0.0972964 0.0677715 0.0677715 0.0792342 0.0882260 0.0411117 0.0240071 0.0238381 0.0492244 0.0332742 0.0690982 0.0580337 0.0492244 0.0583755 0.0886375 0.0695126 0.0607110 0.0528525 0.0806936 0.0593573 0.0583562 0.0416433 0.0586823 0.0405902 0.0813170 0.0791824 0.0583755 0.0779697 0.0698603 0.0692470 0.1092335 0.0792533 0.0492244 0.0677715 0.0597279 0.0495066 0.0408220 0.0492179 0.0791824 0.0605927 0.0405850 
S0289         0.1964367 0.0628671 0.0538896 0.0274546 0.0661362 0.0545577 0.0875391 0.0000000 0.0976044 0.0794233 0.0679252 0.0421548 0.0621928 0.0838831 0.0202404 0.0746421 0.0789927 0.0504118 0.0674353 0.0874577 0.0167518 0.0916054 0.0670113 0.0347900 0.0755812 0.0712264 0.0830586 0.0636879 0.0275817 0.0352076 0.0650694 0.0620270 0.0659031 0.1064500 0.0711260 0.0671712 0.0546081 0.0540763 0.0621461 0.0499986 0.0392225 0.0676297 0.0629154 0.0741856 0.0805657 0.0821729 0.0672200 0.0977110 0.0613029 0.0942488 0.0716205 0.1018108 0.0621883 0.0895996 0.0850772 0.0808521 0.0750595 0.0799198 0.0622390 0.0750753 0.0275497 0.0313859 0.0273904 0.0551104 0.0349521 0.0581741 0.0702790 0.0700463 0.0545290 0.0718109 0.0809361 0.0579380 0.0502501 0.0633236 0.0840432 0.0611389 0.0212440 0.0893968 0.0765827 0.0627475 0.0619781 0.0676640 0.0423442 0.0584196 0.0936595 0.0849665 0.0577567 0.0463314 0.0793384 0.0468277 0.0752776 0.0945902 0.0663275 0.0313795 0.0674420 0.0621233 0.0836338 0.0537689 0.0757292 0.0633730 0.0541999 
S0292         0.2107455 0.0714503 0.0548295 0.0883404 0.0581947 0.0628750 0.0898854 0.0976044 0.0000000 0.0579120 0.0684712 0.1066956 0.0546735 0.0755740 0.0879772 0.0792988 0.0717613 0.0585837 0.0722477 0.0978766 0.0753074 0.0964407 0.0641437 0.0751433 0.0708968 0.0845949 0.0752319 0.0765901 0.1071444 0.0717173 0.0659516 0.0582780 0.0755633 0.1364921 0.0714821 0.0685626 0.0629340 0.0503847 0.0706188 0.0586571 0.1044830 0.0735426 0.0632398 0.0755139 0.0717004 0.0687819 0.0554234 0.1372001 0.0679346 0.0890124 0.0589358 0.1314500 0.0584289 0.0804585 0.0770455 0.0866016 0.0839530 0.0421888 0.0707277 0.0839677 0.0977400 0.0626731 0.0711767 0.1034089 0.1167730 0.0507123 0.0715366 0.0712955 0.0628414 0.0860226 0.0729503 0.0662694 0.0583922 0.0767590 0.0579548 0.0742196 0.0934195 0.0103620 0.0099904 0.0713115 0.0582325 0.0517042 0.0708712 0.0588810 0.0498588 0.0853911 0.0749741 0.1123326 0.0704363 0.0952154 0.0798277 0.0863722 0.0707179 0.0669318 0.0635879 0.0545127 0.0753652 0.0500992 0.0761086 0.0635100 0.0505009 
S0293         0.1793625 0.0301578 0.0441305 0.0794695 0.0579006 0.0177507 3.5090022 0.0794233 0.0579120 0.0000000 0.0242623 0.0950418 0.0648044 0.0819550 0.0714859 0.0715933 0.0800510 0.0116378 0.0239794 0.0960045 0.0573738 0.0672992 0.0662263 0.0645437 0.0715877 0.0437324 0.0640460 0.0239929 0.0729193 0.0576113 0.0394817 0.0435307 0.0725267 0.1458134 0.0368361 0.0725267 0.0115786 0.0368326 0.0236031 0.0504110 0.0990622 0.0820953 0.0575282 0.0710652 0.0722584 0.0596164 0.0510499 0.1457909 0.0479491 0.1044276 0.0722404 0.1369164 0.0503424 0.0790357 0.0587258 0.0806662 0.0303623 0.0641987 0.0174984 0.0365783 0.0803522 0.0580267 0.0647001 0.0738178 0.0806559 0.0433551 0.0725267 0.0725267 0.0177359 0.1117129 0.0516808 0.0174984 0.0115786 0.0375674 0.0646134 0.0251084 0.0793411 0.0558706 0.0443196 0.0236956 0.0432953 0.0513289 0.0573738 0.0177373 0.0645125 0.0585700 0.0299185 0.1217131 0.0297211 0.0824225 0.0371019 0.0661424 0.0571574 0.0575027 0.0439236 0.0500456 0.0943508 0.0364843 0.0579879 0.0306311 0.0434699 
S0294         0.1651226 0.0279184 0.0358073 0.0637269 0.0473239 0.0206967 0.0506499 0.0679252 0.0684712 0.0242623 0.0000000 0.0764356 0.0476368 0.0603032 0.0634720 0.0506539 0.0640967 0.0170778 0.0319631 0.0656230 0.0514388 0.0563906 0.0522136 0.0552355 0.0592824 0.0510725 0.0592538 0.0244507 0.0725888 0.0597221 0.0452062 0.0392564 0.0595107 0.0985673 0.0476067 0.0564844 0.0136211 0.0317317 0.0277478 0.0395071 0.0827491 0.0517797 0.0437385 0.0594723 0.0436732 0.0485653 0.0399901 0.0988014 0.0454391 0.0777454 0.0435293 0.0985673 0.0393549 0.0520046 0.0479447 0.0607035 0.0315941 0.0558324 0.0277846 0.0243615 0.0725068 0.0554425 0.0592689 0.0734369 0.0771018 0.0356442 0.0555898 0.0554060 0.0206866 0.0692937 0.0480023 0.0240522 0.0170265 0.0283308 0.0592320 0.0252460 0.0623069 0.0549114 0.0522158 0.0207152 0.0392281 0.0402441 0.0590186 0.0206870 0.0728857 0.0518022 0.0241478 0.0906887 0.0316628 0.0781402 0.0431768 0.0604069 0.0427528 0.0512452 0.0358025 0.0317317 0.0589894 0.0315571 0.0515061 0.0359377 0.0318074 
S0299         0.2147863 0.0793223 0.0748000 0.0345851 0.0874266 0.0750145 0.1001088 0.0421548 0.1066956 0.0950418 0.0764356 0.0000000 0.0745732 0.0971448 0.0344585 0.0874826 0.0919975 0.0705511 0.0844121 0.1117580 0.0308011 0.1003798 0.0796974 0.0463686 0.0926298 0.0837295 0.0961853 0.0850178 0.0422643 0.0583313 0.0738454 0.0782504 0.0783563 0.1151230 0.0879274 0.0798873 0.0750858 0.0699555 0.0829101 0.0656527 0.0506061 0.0812054 0.0796176 0.0869375 0.1025685 0.0906592 0.0756211 0.1157089 0.0723688 0.1080733 0.0797377 0.1199182 0.0784584 0.1032386 0.0939591 0.0984793 0.0882228 0.0806081 0.0830426 0.0967450 0.0422160 0.0541655 0.0578981 0.0630601 0.0499899 0.0704151 0.0829339 0.0826534 0.0749739 0.0847558 0.0984026 0.0783956 0.0703166 0.0895177 0.1014298 0.0828514 0.0283489 0.0932222 0.0852888 0.0837309 0.0781838 0.0761277 0.0576595 0.0668826 0.0939810 0.1025508 0.0781375 0.0462750 0.0926682 0.0506686 0.0922354 0.1127052 0.0788638 0.0462997 0.0841830 0.0783620 0.0835034 0.0695477 0.0928126 0.0757717 0.0701117 
S0308         0.1959075 0.0507465 0.0276102 0.0580009 0.0347403 0.0427852 0.0411940 0.0621928 0.0546735 0.0648044 0.0476368 0.0745732 0.0000000 0.0391842 0.0498729 0.0502799 0.0351582 0.0388307 0.0510423 0.0644106 0.0462146 0.0643733 0.0243370 0.0346639 0.0627846 0.0630224 0.0311031 0.0553477 0.0748713 0.0503178 0.0367024 0.0309628 0.0312284 0.1013934 0.0507758 0.0280748 0.0428245 0.0237992 0.0501749 0.0237413 0.0719815 0.0381357 0.0353640 0.0312098 0.0513453 0.0604971 0.0278945 0.1019081 0.0291582 0.0554815 0.0431390 0.0968332 0.0310368 0.0595834 0.0556782 0.0436468 0.0625351 0.0390838 0.0502468 0.0625514 0.0663942 0.0462795 0.0499450 0.0543299 0.0835334 0.0241112 0.0276563 0.0275718 0.0427633 0.0433740 0.0597231 0.0461531 0.0387090 0.0512758 0.0504152 0.0526396 0.0527564 0.0453469 0.0394883 0.0506528 0.0309415 0.0280638 0.0497429 0.0390240 0.0507439 0.0635854 0.0460136 0.0882362 0.0587273 0.0553427 0.0586427 0.0683955 0.0424828 0.0460456 0.0471027 0.0386967 0.0626203 0.0310622 0.0550139 0.0432117 0.0313047 
S0322         0.2079191 0.0633519 0.0550878 0.0793231 0.0628548 0.0549748 0.0327345 0.0838831 0.0755740 0.0819550 0.0603032 0.0971448 0.0391842 0.0000000 0.0790027 0.0587100 0.0240524 0.0507951 0.0637318 0.0978953 0.0666632 0.0922730 0.0102343 0.0622275 0.0722070 0.0847709 0.0510177 0.0683057 0.0885165 0.0661291 0.0531448 0.0465690 0.0134462 0.1168939 0.0757693 0.0101947 0.0550262 0.0506182 0.0626200 0.0504849 0.0948146 0.0468735 0.0552927 0.0354899 0.0681759 0.0686014 0.0556872 0.1266946 0.0287866 0.0688220 0.0637125 0.1120933 0.0509097 0.0769247 0.0645056 0.0478301 0.0756397 0.0767450 0.0548479 0.0756555 0.0800290 0.0574375 0.0706218 0.0852778 0.0981043 0.0355709 0.0100467 0.0100172 0.0549458 0.0512894 0.0686827 0.0506309 0.0506309 0.0640279 0.0847355 0.0653936 0.0698672 0.0619602 0.0595529 0.0632304 0.0585057 0.0560514 0.0499651 0.0510526 0.0727097 0.0726477 0.0504741 0.0926875 0.0635870 0.0686328 0.0842156 0.0819407 0.0506324 0.0664136 0.0596025 0.0547679 0.0801474 0.0503300 0.0722238 0.0596555 0.0507354 
S0327         0.2067405 0.0585554 0.0502551 0.0202023 0.0620164 0.0504004 0.0875391 0.0202404 0.0879772 0.0714859 0.0634720 0.0344585 0.0498729 0.0790027 0.0000000 0.0699780 0.0742391 0.0463372 0.0671849 0.0821631 0.0098642 0.0819127 0.0624562 0.0238615 0.0666631 0.0624642 0.0782328 0.0593121 0.0274275 0.0350049 0.0604145 0.0536592 0.0614362 0.0965679 0.0623764 0.0626040 0.0504469 0.0459554 0.0578903 0.0420293 0.0314703 0.0671766 0.0584403 0.0695558 0.0756991 0.0728228 0.0585625 0.0970557 0.0611009 0.0890901 0.0628045 0.0920810 0.0537951 0.0845414 0.0757769 0.0759671 0.0705558 0.0708582 0.0579752 0.0705719 0.0202708 0.0312077 0.0347472 0.0390797 0.0347521 0.0538350 0.0657111 0.0654965 0.0503743 0.0671298 0.0717491 0.0537640 0.0461903 0.0634769 0.0748679 0.0486926 0.0174773 0.0795411 0.0675351 0.0584455 0.0536183 0.0589405 0.0346116 0.0542071 0.0841130 0.0756794 0.0535983 0.0460580 0.0747605 0.0388536 0.0664063 0.0849321 0.0618284 0.0239415 0.0587582 0.0537446 0.0745163 0.0456999 0.0667915 0.0548097 0.0460609 
S0335         0.1749281 0.0503350 0.0500553 0.0623124 0.0575848 0.0424454 0.0492244 0.0746421 0.0792988 0.0715933 0.0506539 0.0874826 0.0502799 0.0587100 0.0699780 0.0000000 0.0624047 0.0385262 0.0506259 0.0677936 0.0658361 0.0719953 0.0469575 0.0537570 0.0501212 0.0500821 0.0616837 0.0502266 0.0791068 0.0664293 0.0480984 0.0495432 0.0579580 0.1179801 0.0543378 0.0549925 0.0424842 0.0457754 0.0497725 0.0537871 0.0895058 0.0634968 0.0502380 0.0619066 0.0501387 0.0553760 0.0505866 0.1185745 0.0608016 0.0798893 0.0539058 0.1132783 0.0535814 0.0660115 0.0389209 0.0720680 0.0542440 0.0709196 0.0498432 0.0620337 0.0790206 0.0621396 0.0621433 0.0886035 0.0968542 0.0384545 0.0541436 0.0539693 0.0424238 0.0595003 0.0502526 0.0457872 0.0384064 0.0508555 0.0734546 0.0482382 0.0603487 0.0706190 0.0587299 0.0464511 0.0458837 0.0509080 0.0656593 0.0387175 0.0754845 0.0539504 0.0461988 0.0972817 0.0582431 0.0806930 0.0651654 0.0623501 0.0099350 0.0577983 0.0417953 0.0535315 0.0534204 0.0381858 0.0536508 0.0506985 0.0458801 
S0355         0.1942494 0.0671025 0.0507326 0.0745360 0.0583687 0.0586659 0.0414241 0.0789927 0.0717613 0.0800510 0.0640967 0.0919975 0.0351582 0.0240524 0.0742391 0.0624047 0.0000000 0.0544501 0.0675051 0.0922428 0.0621271 0.0870273 0.0135943 0.0577965 0.0674828 0.0798224 0.0467479 0.0721229 0.0923742 0.0616349 0.0567931 0.0499354 0.0167448 0.1113075 0.0710123 0.0135413 0.0587206 0.0463858 0.0663275 0.0462656 0.0896167 0.0423594 0.0509201 0.0315259 0.0719858 0.0778241 0.0512782 0.1209093 0.0290372 0.0641130 0.0591599 0.1066040 0.0466491 0.0807881 0.0683220 0.0435638 0.0794414 0.0719163 0.0585305 0.0794567 0.0751922 0.0574617 0.0660171 0.0802946 0.0928932 0.0315963 0.0133463 0.0133071 0.0586348 0.0469959 0.0725176 0.0542738 0.0542738 0.0678185 0.0797838 0.0649581 0.0698260 0.0716636 0.0641304 0.0669735 0.0541255 0.0475906 0.0457962 0.0547252 0.0679469 0.0682329 0.0541049 0.0960718 0.0673506 0.0639429 0.0793039 0.0858567 0.0542755 0.0618965 0.0633509 0.0542540 0.0753029 0.0461256 0.0594662 0.0551780 0.0464931 
S0400         0.1532931 0.0168343 0.0240519 0.0465140 0.0349179 0.0032840 0.0492244 0.0504118 0.0585837 0.0116378 0.0170778 0.0705511 0.0388307 0.0507951 0.0463372 0.0385262 0.0544501 0.0000000 0.0170053 0.0468901 0.0424763 0.0483855 0.0430898 0.0423833 0.0428234 0.0391448 0.0499411 0.0135739 0.0546735 0.0390194 0.0325620 0.0274019 0.0501495 0.0971016 0.0278493 0.0471216 0.0032870 0.0203093 0.0099075 0.0275697 0.0598272 0.0422236 0.0314652 0.0501183 0.0430803 0.0438908 0.0315235 0.0927991 0.0398177 0.0673110 0.0390891 0.0925838 0.0274669 0.0510286 0.0431986 0.0516321 0.0203191 0.0465957 0.0099196 0.0203270 0.0546115 0.0351343 0.0387299 0.0513705 0.0631547 0.0274910 0.0464004 0.0462530 0.0032825 0.0553126 0.0394687 0.0065447 0.0000010 0.0170755 0.0504095 0.0139001 0.0490193 0.0493620 0.0432741 0.0099952 0.0273833 0.0317161 0.0385763 0.0065952 0.0548868 0.0431438 0.0133172 0.0798393 0.0238622 0.0596002 0.0351862 0.0513355 0.0310761 0.0349582 0.0278745 0.0274502 0.0539847 0.0202029 0.0429032 0.0207960 0.0203574 
S0405         0.1782198 0.0352298 0.0431641 0.0674547 0.0506974 0.0206088 0.0789646 0.0674353 0.0722477 0.0239794 0.0319631 0.0844121 0.0510423 0.0637318 0.0671849 0.0506259 0.0675051 0.0170053 0.0000000 0.0698985 0.0630068 0.0658288 0.0556538 0.0547290 0.0595071 0.0596308 0.0626298 0.0319744 0.0763757 0.0594398 0.0448823 0.0466012 0.0629000 0.1076716 0.0473879 0.0559317 0.0206279 0.0389604 0.0276289 0.0469001 0.0823287 0.0645628 0.0433242 0.0628596 0.0433501 0.0526627 0.0467859 0.1127190 0.0570120 0.0758028 0.0474773 0.1124479 0.0426933 0.0513502 0.0641216 0.0648127 0.0389802 0.0675887 0.0276654 0.0389936 0.0762907 0.0551839 0.0589907 0.0730727 0.0856702 0.0390197 0.0589895 0.0587953 0.0205988 0.0686016 0.0601483 0.0239498 0.0169544 0.0318674 0.0716706 0.0326753 0.0538286 0.0632152 0.0561739 0.0278838 0.0465671 0.0470813 0.0587429 0.0241414 0.0723621 0.0640385 0.0313416 0.0943183 0.0389684 0.0820011 0.0552641 0.0639346 0.0427719 0.0548974 0.0435618 0.0466794 0.0753748 0.0387443 0.0636684 0.0399254 0.0390518 
S0412sl       0.1851509 0.0510449 0.0549238 0.0825404 0.0728742 0.0513585 0.0877626 0.0874577 0.0978766 0.0960045 0.0656230 0.1117580 0.0644106 0.0978953 0.0821631 0.0677936 0.0922428 0.0468901 0.0698985 0.0000000 0.0821570 0.0762533 0.0787730 0.0772767 0.0786017 0.0475450 0.0863458 0.0656507 0.1026448 0.0782546 0.0573151 0.0633884 0.0867626 0.1502255 0.0384613 0.0837823 0.0514105 0.0547399 0.0595939 0.0638372 0.0928966 0.0640835 0.0689121 0.0867007 0.0883498 0.0855786 0.0642842 0.1397773 0.0500651 0.0961084 0.0737274 0.1445821 0.0635669 0.1034681 0.0796412 0.0844784 0.0735976 0.0833918 0.0596903 0.0551913 0.0975049 0.0733528 0.0685081 0.0689923 0.0932482 0.0636155 0.0823207 0.0820162 0.0513293 0.0886515 0.0788669 0.0550465 0.0467269 0.0610203 0.0877462 0.0443463 0.0762105 0.0718344 0.0795423 0.0470906 0.0633328 0.0647414 0.0772518 0.0552950 0.0886393 0.0827398 0.0555982 0.1235439 0.0782546 0.0879553 0.0557413 0.0888034 0.0770680 0.0729344 0.0552441 0.0634936 0.0685388 0.0461834 0.0785883 0.0474643 0.0548756 
S0417         0.2064412 0.0545126 0.0388662 0.0167203 0.0502709 0.0464750 0.0779577 0.0167518 0.0753074 0.0573738 0.0514388 0.0308011 0.0462146 0.0666632 0.0098642 0.0658361 0.0621271 0.0424763 0.0630068 0.0821570 0.0000000 0.0774554 0.0506267 0.0274518 0.0625193 0.0583811 0.0660159 0.0552128 0.0238343 0.0312873 0.0562321 0.0422581 0.0498121 0.0836644 0.0582988 0.0507465 0.0465178 0.0347992 0.0538974 0.0310320 0.0277795 0.0544003 0.0467386 0.0576690 0.0633323 0.0603439 0.0468320 0.0840861 0.0502800 0.0762516 0.0509101 0.0793233 0.0423627 0.0718663 0.0633947 0.0635588 0.0663768 0.0669922 0.0539753 0.0663930 0.0167766 0.0275495 0.0310575 0.0429201 0.0310609 0.0423966 0.0539097 0.0537369 0.0464511 0.0589980 0.0594683 0.0498338 0.0423427 0.0593226 0.0626391 0.0525384 0.0138819 0.0664909 0.0553919 0.0544114 0.0422275 0.0471282 0.0309375 0.0502424 0.0797271 0.0633134 0.0496820 0.0422228 0.0705279 0.0350771 0.0622827 0.0721887 0.0577903 0.0203806 0.0469928 0.0423288 0.0623565 0.0346099 0.0547832 0.0507991 0.0348804 
S0427         0.1860111 0.0649708 0.0440303 0.0822571 0.0559512 0.0526474 0.0811652 0.0916054 0.0964407 0.0672992 0.0563906 0.1003798 0.0643733 0.0922730 0.0819127 0.0719953 0.0870273 0.0483855 0.0658288 0.0762533 0.0774554 0.0000000 0.0695514 0.0730484 0.0727767 0.0553575 0.0765097 0.0610652 0.1012449 0.0781839 0.0631913 0.0475310 0.0819300 0.1265471 0.0567192 0.0790593 0.0526979 0.0397338 0.0604758 0.0478415 0.1032577 0.0711980 0.0693293 0.0818748 0.0822451 0.0790549 0.0563652 0.1323680 0.0622366 0.1068025 0.0685179 0.1266962 0.0476537 0.0914806 0.0641741 0.0830854 0.0737725 0.0873646 0.0605688 0.0692231 0.0917374 0.0735393 0.0775800 0.0740164 0.0877567 0.0602077 0.0777569 0.0774862 0.0526189 0.0842975 0.0737941 0.0561467 0.0482249 0.0659986 0.0677405 0.0588244 0.0715047 0.0825850 0.0741672 0.0567019 0.0474950 0.0567381 0.0728776 0.0525863 0.0877738 0.0779739 0.0648179 0.1110918 0.0738994 0.0934871 0.0599170 0.0832056 0.0676200 0.0688231 0.0601713 0.0641779 0.0761067 0.0555224 0.0687878 0.0242898 0.0559810 
S0430         0.1810518 0.0553254 0.0394252 0.0627029 0.0469101 0.0471544 0.0242290 0.0670113 0.0641437 0.0662263 0.0522136 0.0796974 0.0243370 0.0102343 0.0624562 0.0469575 0.0135943 0.0430898 0.0556538 0.0787730 0.0506267 0.0695514 0.0000000 0.0464610 0.0556406 0.0677185 0.0355656 0.0600904 0.0800214 0.0502283 0.0449280 0.0352898 0.0033239 0.0934903 0.0591724 0.0000025 0.0471983 0.0352918 0.0546921 0.0352014 0.0771409 0.0301805 0.0395718 0.0207820 0.0599789 0.0654485 0.0398463 0.1026952 0.0243559 0.0522306 0.0475502 0.0889822 0.0354887 0.0685276 0.0562708 0.0323130 0.0673874 0.0599213 0.0470462 0.0674038 0.0632528 0.0461971 0.0544376 0.0681171 0.0804638 0.0208271 0.0000027 0.0000027 0.0471297 0.0320359 0.0603627 0.0429522 0.0429522 0.0559124 0.0632523 0.0572319 0.0575551 0.0590509 0.0522468 0.0552210 0.0390870 0.0400993 0.0348509 0.0433077 0.0560200 0.0642686 0.0428219 0.0802833 0.0555305 0.0521010 0.0672776 0.0733020 0.0391599 0.0504390 0.0516160 0.0429379 0.0632826 0.0350971 0.0555925 0.0436637 0.0353751 
S0478         0.1944881 0.0543930 0.0462395 0.0312110 0.0492997 0.0463731 0.0677715 0.0347900 0.0751433 0.0645437 0.0552355 0.0463686 0.0346639 0.0622275 0.0238615 0.0537570 0.0577965 0.0423833 0.0547290 0.0772767 0.0274518 0.0730484 0.0464610 0.0000000 0.0623827 0.0582534 0.0616273 0.0550902 0.0465462 0.0312186 0.0521154 0.0496282 0.0457213 0.0918647 0.0581715 0.0505029 0.0464156 0.0420363 0.0537802 0.0381793 0.0511523 0.0542727 0.0501880 0.0534423 0.0668585 0.0683451 0.0467285 0.0923271 0.0441351 0.0715864 0.0585687 0.0874440 0.0497524 0.0754221 0.0632545 0.0630532 0.0662325 0.0586037 0.0538578 0.0662486 0.0388065 0.0274892 0.0309897 0.0428253 0.0544570 0.0384134 0.0497342 0.0495767 0.0463493 0.0507938 0.0673463 0.0497256 0.0422502 0.0504342 0.0704738 0.0524189 0.0325867 0.0663375 0.0552687 0.0542921 0.0495910 0.0470234 0.0308702 0.0425939 0.0713474 0.0712335 0.0495744 0.0587022 0.0624172 0.0432986 0.0621471 0.0803213 0.0460095 0.0203360 0.0545815 0.0497083 0.0622206 0.0418050 0.0625019 0.0468337 0.0421330 
S0552sl       0.1654426 0.0509469 0.0467223 0.0589675 0.0500740 0.0426877 0.0593788 0.0755812 0.0708968 0.0715877 0.0592824 0.0926298 0.0627846 0.0722070 0.0666631 0.0501212 0.0674828 0.0428234 0.0595071 0.0786017 0.0625193 0.0727767 0.0556406 0.0623827 0.0000000 0.0622156 0.0665737 0.0548505 0.0845147 0.0590230 0.0652030 0.0501433 0.0628816 0.0882064 0.0509865 0.0553583 0.0469014 0.0424696 0.0543441 0.0504644 0.0861328 0.0597189 0.0471263 0.0668190 0.0458380 0.0278953 0.0549753 0.0972105 0.0451793 0.0798987 0.0344431 0.0837962 0.0427081 0.0613669 0.0669905 0.0690739 0.0589790 0.0621789 0.0467517 0.0669569 0.0675193 0.0547998 0.0547611 0.0852570 0.0935386 0.0427417 0.0589740 0.0587800 0.0468342 0.0684575 0.0630593 0.0426877 0.0426877 0.0598293 0.0614695 0.0570432 0.0654110 0.0619869 0.0550085 0.0548662 0.0501062 0.0553300 0.0505948 0.0506586 0.0661299 0.0669050 0.0507026 0.1025833 0.0630842 0.0857903 0.0618797 0.0758335 0.0498067 0.0544755 0.0422228 0.0426735 0.0738539 0.0422337 0.0583242 0.0512240 0.0351614 
S0558         0.1822365 0.0589828 0.0506187 0.0627109 0.0624662 0.0431317 0.1002530 0.0712264 0.0845949 0.0437324 0.0510725 0.0837295 0.0630224 0.0847709 0.0624642 0.0500821 0.0798224 0.0391448 0.0596308 0.0475450 0.0583811 0.0553575 0.0677185 0.0582534 0.0622156 0.0000000 0.0788009 0.0510456 0.0800207 0.0589100 0.0487859 0.0540445 0.0665878 0.1145418 0.0393997 0.0721581 0.0431716 0.0462847 0.0505769 0.0504229 0.0771179 0.0635441 0.0588662 0.0749587 0.0751063 0.0682990 0.0550712 0.1151226 0.0676183 0.0984143 0.0623234 0.1098456 0.0541825 0.0838709 0.0591233 0.0815792 0.0551324 0.0760190 0.0506499 0.0548752 0.0713287 0.0546984 0.0584688 0.0682425 0.0676764 0.0542227 0.0710129 0.0707754 0.0431094 0.0854140 0.0589924 0.0465227 0.0390212 0.0598856 0.0704255 0.0450039 0.0610587 0.0759807 0.0635419 0.0393979 0.0540032 0.0554271 0.0543186 0.0469066 0.0764918 0.0670135 0.0469472 0.0980091 0.0671870 0.0769724 0.0425953 0.0717256 0.0536778 0.0504494 0.0503316 0.0541311 0.0658390 0.0386070 0.0584230 0.0352854 0.0463915 
S0616         0.1943634 0.0622628 0.0383671 0.0785472 0.0456399 0.0540426 0.0686604 0.0830586 0.0752319 0.0640460 0.0592538 0.0961853 0.0311031 0.0510177 0.0782328 0.0616837 0.0467479 0.0499411 0.0626298 0.0863458 0.0660159 0.0765097 0.0355656 0.0616273 0.0665737 0.0788009 0.0000000 0.0671124 0.0965804 0.0704591 0.0520536 0.0417177 0.0425826 0.1110823 0.0621857 0.0356553 0.0540924 0.0343587 0.0615551 0.0419770 0.0938617 0.0508006 0.0464617 0.0425565 0.0629996 0.0725951 0.0387658 0.1206716 0.0506848 0.0545102 0.0544913 0.1063853 0.0345454 0.0630833 0.0675084 0.0558293 0.0743255 0.0669240 0.0539198 0.0659993 0.0792402 0.0661120 0.0699358 0.0833491 0.1016786 0.0237169 0.0388920 0.0387700 0.0540145 0.0554719 0.0665826 0.0497823 0.0497823 0.0629167 0.0706090 0.0603837 0.0739839 0.0664196 0.0592871 0.0621455 0.0416874 0.0390049 0.0617698 0.0501902 0.0710747 0.0704237 0.0579160 0.1108594 0.0577071 0.0761670 0.0742016 0.0752916 0.0536557 0.0657708 0.0585774 0.0497650 0.0744155 0.0418521 0.0618048 0.0545800 0.0421807 
S0641         0.1466729 0.0316401 0.0394860 0.0595482 0.0510876 0.0171357 0.0698279 0.0636879 0.0765901 0.0239929 0.0244507 0.0850178 0.0553477 0.0683057 0.0593121 0.0502266 0.0721229 0.0135739 0.0319744 0.0656507 0.0552128 0.0610652 0.0600904 0.0550902 0.0548505 0.0510456 0.0671124 0.0000000 0.0682702 0.0556190 0.0492266 0.0429302 0.0674055 0.0974069 0.0436551 0.0644599 0.0171512 0.0353453 0.0205907 0.0432049 0.0782704 0.0604051 0.0474981 0.0673617 0.0511049 0.0520813 0.0475947 0.0930886 0.0514198 0.0860889 0.0469668 0.0928720 0.0430384 0.0593031 0.0553402 0.0694763 0.0353632 0.0637136 0.0241550 0.0353758 0.0681924 0.0514056 0.0551974 0.0691018 0.0773523 0.0430731 0.0634352 0.0632236 0.0171275 0.0733056 0.0514790 0.0204837 0.0135334 0.0321096 0.0585772 0.0290737 0.0618947 0.0676701 0.0514992 0.0243455 0.0428988 0.0477437 0.0549664 0.0206475 0.0727219 0.0552693 0.0278000 0.0950065 0.0391609 0.0779600 0.0429223 0.0639015 0.0386034 0.0472480 0.0354198 0.0430031 0.0663728 0.0351500 0.0549552 0.0362214 0.0354289 
S0645sl       0.2149545 0.0630291 0.0669980 0.0275273 0.0794475 0.0589080 0.1078941 0.0275817 0.1071444 0.0729193 0.0725888 0.0422643 0.0748713 0.0885165 0.0274275 0.0791068 0.0923742 0.0546735 0.0763757 0.1026448 0.0238343 0.1012449 0.0800214 0.0465462 0.0845147 0.0800207 0.0965804 0.0682702 0.0000000 0.0429451 0.0736952 0.0704614 0.0786697 0.1161989 0.0756539 0.0802132 0.0589630 0.0622919 0.0666005 0.0580768 0.0431618 0.0769170 0.0664325 0.0872892 0.0852008 0.0869137 0.0712248 0.1072537 0.0670924 0.1085333 0.0804679 0.1114310 0.0706479 0.0943772 0.0852923 0.0902564 0.0797723 0.0980650 0.0667020 0.0797876 0.0350030 0.0389904 0.0426254 0.0592919 0.0350443 0.0706950 0.0832687 0.0829860 0.0588767 0.0851048 0.0811424 0.0623059 0.0544959 0.0725873 0.0931960 0.0659664 0.0326431 0.0992210 0.0856424 0.0672515 0.0704035 0.0716974 0.0502085 0.0628286 0.1031379 0.0851812 0.0621078 0.0464520 0.0841270 0.0508654 0.0841627 0.0948277 0.0706668 0.0389831 0.0676157 0.0615400 0.0838425 0.0619313 0.0846817 0.0720011 0.0536961 
S0673         0.1851844 0.0509933 0.0428684 0.0351354 0.0544605 0.0429934 0.0787537 0.0352076 0.0717173 0.0576113 0.0597221 0.0583313 0.0503178 0.0661291 0.0350049 0.0664293 0.0616349 0.0390194 0.0594398 0.0782546 0.0312873 0.0781839 0.0502283 0.0312186 0.0590230 0.0589100 0.0704591 0.0556190 0.0429451 0.0000000 0.0609819 0.0462828 0.0494260 0.0927535 0.0547801 0.0543167 0.0430331 0.0386982 0.0504165 0.0348553 0.0477144 0.0458847 0.0508940 0.0619490 0.0719415 0.0690156 0.0509979 0.0932241 0.0500208 0.0809762 0.0591272 0.0882879 0.0463990 0.0807349 0.0721397 0.0630444 0.0628361 0.0715109 0.0504891 0.0628524 0.0428956 0.0032907 0.0135231 0.0472457 0.0508023 0.0464353 0.0534882 0.0533180 0.0429713 0.0506452 0.0600160 0.0463752 0.0388966 0.0557458 0.0711483 0.0488980 0.0369941 0.0712386 0.0637697 0.0508987 0.0462486 0.0513245 0.0133203 0.0467569 0.0761194 0.0720463 0.0462344 0.0628920 0.0669750 0.0475370 0.0627372 0.0728591 0.0582071 0.0170164 0.0551006 0.0463594 0.0709377 0.0384849 0.0632096 0.0472774 0.0387884 
S0689         0.1763758 0.0485580 0.0442518 0.0606596 0.0519820 0.0365534 0.0789177 0.0650694 0.0659516 0.0394817 0.0452062 0.0738454 0.0367024 0.0531448 0.0604145 0.0480984 0.0567931 0.0325620 0.0448823 0.0573151 0.0562321 0.0631913 0.0449280 0.0521154 0.0652030 0.0487859 0.0520536 0.0492266 0.0736952 0.0609819 0.0000000 0.0438974 0.0522798 0.1256172 0.0366837 0.0491498 0.0365880 0.0399276 0.0441009 0.0441847 0.0754239 0.0433333 0.0444198 0.0522460 0.0570706 0.0711542 0.0404848 0.1262845 0.0571283 0.0660821 0.0526989 0.1205741 0.0478953 0.0648230 0.0530494 0.0531816 0.0521301 0.0574595 0.0441649 0.0566410 0.0694883 0.0525913 0.0605105 0.0703870 0.0699661 0.0324220 0.0483665 0.0482063 0.0365343 0.0447083 0.0617827 0.0400343 0.0324577 0.0446360 0.0695327 0.0503868 0.0550916 0.0562776 0.0496512 0.0445314 0.0477348 0.0407462 0.0602495 0.0327301 0.0618337 0.0659005 0.0481917 0.0871492 0.0527297 0.0622296 0.0360632 0.0707288 0.0401013 0.0563017 0.0445777 0.0401252 0.0644231 0.0397006 0.0612220 0.0330028 0.0400233 
S0720         0.1800703 0.0386736 0.0099609 0.0538651 0.0202407 0.0311311 0.0492244 0.0620270 0.0582780 0.0435307 0.0392564 0.0782504 0.0309628 0.0465690 0.0536592 0.0495432 0.0499354 0.0274019 0.0466012 0.0633884 0.0422581 0.0475310 0.0352898 0.0496282 0.0501433 0.0540445 0.0417177 0.0429302 0.0704614 0.0462828 0.0438974 0.0000000 0.0383820 0.0965901 0.0423044 0.0352937 0.0311594 0.0065443 0.0382507 0.0066010 0.0675450 0.0379906 0.0313036 0.0498601 0.0468750 0.0476328 0.0238959 0.0970788 0.0393584 0.0589911 0.0388867 0.0920965 0.0132723 0.0549121 0.0468735 0.0475887 0.0499480 0.0503993 0.0383027 0.0499631 0.0621161 0.0423158 0.0459413 0.0581964 0.0789892 0.0273517 0.0347655 0.0346583 0.0311157 0.0511254 0.0431254 0.0344509 0.0273189 0.0430284 0.0388886 0.0399409 0.0567752 0.0490922 0.0430475 0.0386052 0.0132342 0.0240377 0.0457576 0.0347266 0.0624290 0.0468142 0.0420752 0.0788162 0.0538700 0.0672877 0.0498769 0.0511995 0.0418670 0.0421046 0.0351427 0.0273113 0.0536956 0.0201016 0.0388529 0.0351029 0.0202546 
S0724sl       0.1927393 0.0625298 0.0464852 0.0616749 0.0539956 0.0542705 0.0323008 0.0659031 0.0755633 0.0725267 0.0595107 0.0783563 0.0312284 0.0134462 0.0614362 0.0579580 0.0167448 0.0501495 0.0629000 0.0867626 0.0498121 0.0819300 0.0033239 0.0457213 0.0628816 0.0665878 0.0425826 0.0674055 0.0786697 0.0494260 0.0522798 0.0383820 0.0000000 0.0967103 0.0663799 0.0033119 0.0543206 0.0422563 0.0618162 0.0383771 0.0758226 0.0379645 0.0466558 0.0276565 0.0672797 0.0729199 0.0469794 0.1058895 0.0287806 0.0595270 0.0547229 0.0922138 0.0424926 0.0759022 0.0636543 0.0394022 0.0746492 0.0672154 0.0541466 0.0746649 0.0622073 0.0454663 0.0535583 0.0669733 0.0790968 0.0277170 0.0032649 0.0032556 0.0542421 0.0428075 0.0677733 0.0499894 0.0499894 0.0631894 0.0749663 0.0602968 0.0565733 0.0667238 0.0595442 0.0624115 0.0498536 0.0472775 0.0343089 0.0504007 0.0633087 0.0716854 0.0498366 0.0741712 0.0627590 0.0512396 0.0745240 0.0808376 0.0499908 0.0496301 0.0588284 0.0499719 0.0705869 0.0420226 0.0628926 0.0508131 0.0423540 
S0735         0.2042876 0.1069895 0.0930869 0.0924833 0.1064523 0.1020186 0.0781261 0.1064500 0.1364921 0.1458134 0.0985673 0.1151230 0.1013934 0.1168939 0.0965679 0.1179801 0.1113075 0.0971016 0.1076716 0.1502255 0.0836644 0.1265471 0.0934903 0.0918647 0.0882064 0.1145418 0.1110823 0.0974069 0.1161989 0.0927535 0.1256172 0.0965901 0.0967103 0.0000000 0.1112666 0.1033320 0.1021213 0.0877923 0.1103687 0.0831756 0.1091581 0.0963950 0.0939089 0.1058188 0.1111940 0.0814407 0.1028802 0.0201914 0.0795849 0.1148157 0.0879086 0.0032701 0.0841318 0.1258166 0.1212125 0.1140214 0.1164003 0.1267492 0.1017737 0.1255188 0.0892394 0.0880321 0.0920601 0.1170494 0.1260371 0.0800091 0.1016346 0.1012776 0.1019610 0.1036428 0.1122691 0.0967628 0.0967628 0.1181458 0.0958606 0.1067460 0.0915611 0.1295750 0.1124478 0.1114992 0.0965006 0.1036051 0.0832920 0.1063369 0.1323247 0.1165214 0.0964281 0.1307435 0.1071363 0.1177839 0.1138904 0.1271214 0.1038390 0.0833483 0.0969265 0.0882101 0.1190822 0.0872612 0.1063642 0.1075576 0.0796383 
S0742         0.1729698 0.0468818 0.0389086 0.0547701 0.0503281 0.0316433 0.0896630 0.0711260 0.0714821 0.0368361 0.0476067 0.0879274 0.0507758 0.0757693 0.0623764 0.0543378 0.0710123 0.0278493 0.0473879 0.0384613 0.0582988 0.0567192 0.0591724 0.0581715 0.0509865 0.0393997 0.0621857 0.0436551 0.0756539 0.0547801 0.0366837 0.0423044 0.0663799 0.1112666 0.0000000 0.0634671 0.0316725 0.0348363 0.0388803 0.0425712 0.0770317 0.0505549 0.0467915 0.0663374 0.0594489 0.0564187 0.0468850 0.1118364 0.0498019 0.0793131 0.0471446 0.1065599 0.0424093 0.0761233 0.0636326 0.0593617 0.0507845 0.0632150 0.0389340 0.0507999 0.0712280 0.0506373 0.0543705 0.0680258 0.0667582 0.0424433 0.0624727 0.0622675 0.0316274 0.0680720 0.0595858 0.0350140 0.0277637 0.0475896 0.0628950 0.0323733 0.0660894 0.0625205 0.0555903 0.0392464 0.0422738 0.0471820 0.0541464 0.0352989 0.0676836 0.0586717 0.0427717 0.0978723 0.0547753 0.0767307 0.0354133 0.0724606 0.0464221 0.0503780 0.0430465 0.0423753 0.0703869 0.0346466 0.0549875 0.0281578 0.0349177 
S0748         0.1851507 0.0595758 0.0434178 0.0670152 0.0509980 0.0512629 0.0248672 0.0671712 0.0685626 0.0725267 0.0564844 0.0798873 0.0280748 0.0101947 0.0626040 0.0549925 0.0135413 0.0471216 0.0559317 0.0837823 0.0507465 0.0790593 0.0000025 0.0505029 0.0553583 0.0721581 0.0356553 0.0644599 0.0802132 0.0543167 0.0491498 0.0352937 0.0033119 0.1033320 0.0634671 0.0000000 0.0513108 0.0391858 0.0588876 0.0390839 0.0773287 0.0345974 0.0435798 0.0244739 0.0596713 0.0651042 0.0438852 0.1128427 0.0243593 0.0565005 0.0473119 0.0986745 0.0394070 0.0681708 0.0606619 0.0362456 0.0718064 0.0642762 0.0511444 0.0675744 0.0634042 0.0502121 0.0586114 0.0725863 0.0806574 0.0245268 0.0000023 0.0000023 0.0512358 0.0397049 0.0648185 0.0469696 0.0469696 0.0602118 0.0721150 0.0570528 0.0576984 0.0593624 0.0525100 0.0594619 0.0468399 0.0441666 0.0386906 0.0473614 0.0557895 0.0687743 0.0468250 0.0756129 0.0597975 0.0563557 0.0716859 0.0779903 0.0469709 0.0545468 0.0513554 0.0469533 0.0677072 0.0389671 0.0599250 0.0477536 0.0392782 
S0756         0.1527331 0.0134284 0.0277860 0.0506416 0.0388286 0.0066379 0.0593657 0.0546081 0.0629340 0.0115786 0.0136211 0.0750858 0.0428245 0.0550262 0.0504469 0.0424842 0.0587206 0.0032870 0.0206279 0.0514105 0.0465178 0.0526979 0.0471983 0.0464156 0.0469014 0.0431716 0.0540924 0.0171512 0.0589630 0.0430331 0.0365880 0.0311594 0.0543206 0.1021213 0.0316725 0.0513108 0.0000000 0.0239486 0.0133501 0.0313523 0.0642807 0.0466078 0.0353429 0.0542865 0.0471864 0.0480830 0.0354100 0.0977530 0.0454967 0.0718450 0.0431111 0.0975239 0.0312345 0.0552809 0.0473164 0.0559418 0.0168822 0.0507330 0.0133667 0.0168890 0.0588964 0.0390685 0.0427121 0.0556540 0.0676169 0.0312613 0.0505182 0.0503558 0.0066349 0.0596584 0.0435328 0.0099208 0.0032776 0.0136198 0.0546056 0.0103926 0.0533987 0.0537786 0.0473996 0.0066436 0.0311380 0.0356291 0.0425405 0.0099977 0.0591957 0.0472561 0.0099587 0.0845758 0.0203935 0.0640341 0.0391271 0.0556170 0.0349014 0.0388719 0.0317010 0.0312139 0.0582132 0.0238215 0.0469901 0.0245272 0.0240052 
S0760         0.1756847 0.0312663 0.0032814 0.0461293 0.0133354 0.0239268 0.0492244 0.0540763 0.0503847 0.0368326 0.0317317 0.0699555 0.0237992 0.0506182 0.0459554 0.0457754 0.0463858 0.0203093 0.0389604 0.0547399 0.0347992 0.0397338 0.0352918 0.0420363 0.0424696 0.0462847 0.0343587 0.0353453 0.0622919 0.0386982 0.0399276 0.0065443 0.0422563 0.0877923 0.0348363 0.0391858 0.0239486 0.0000000 0.0309283 0.0065824 0.0593153 0.0378648 0.0240584 0.0422305 0.0391881 0.0398141 0.0168673 0.0882350 0.0342201 0.0588006 0.0314376 0.0834059 0.0065586 0.0470193 0.0430488 0.0474365 0.0423043 0.0426830 0.0309692 0.0423182 0.0541545 0.0348472 0.0384131 0.0503172 0.0706062 0.0202722 0.0385946 0.0384743 0.0239152 0.0509630 0.0393320 0.0272376 0.0202487 0.0354269 0.0314379 0.0323810 0.0485928 0.0410152 0.0354433 0.0312122 0.0065402 0.0169653 0.0382620 0.0274543 0.0544253 0.0429944 0.0346490 0.0833336 0.0461329 0.0590921 0.0422474 0.0472998 0.0381877 0.0346738 0.0277802 0.0202436 0.0498665 0.0132452 0.0351431 0.0277493 0.0133451 
S0763         0.1527218 0.0273478 0.0348870 0.0581152 0.0460874 0.0133378 0.0583755 0.0621461 0.0706188 0.0236031 0.0277478 0.0829101 0.0501749 0.0626200 0.0578903 0.0497725 0.0663275 0.0099075 0.0276289 0.0595939 0.0538974 0.0604758 0.0546921 0.0537802 0.0543441 0.0505769 0.0615551 0.0205907 0.0666005 0.0504165 0.0441009 0.0382507 0.0618162 0.1103687 0.0388803 0.0588876 0.0133501 0.0309283 0.0000000 0.0384886 0.0721280 0.0546218 0.0425951 0.0617771 0.0546755 0.0557174 0.0426781 0.1059550 0.0450406 0.0797176 0.0505089 0.1057063 0.0383438 0.0629087 0.0548247 0.0636636 0.0309435 0.0582236 0.0201414 0.0309546 0.0665265 0.0463697 0.0500425 0.0633323 0.0754284 0.0383752 0.0579762 0.0577886 0.0133316 0.0673867 0.0510021 0.0166100 0.0098788 0.0277429 0.0621426 0.0247129 0.0612883 0.0617306 0.0509036 0.0202962 0.0382235 0.0429442 0.0498395 0.0167390 0.0668644 0.0547550 0.0236598 0.0926055 0.0346076 0.0718502 0.0464368 0.0632927 0.0420608 0.0461349 0.0389147 0.0383152 0.0657515 0.0307624 0.0544468 0.0316757 0.0310004 
