109
S0055       0.0000000 0.1417054 0.0651614 0.1506893 0.0853928 0.0787437 0.1192042 0.1447985 0.1488967 0.1452395 0.2330194 0.1219291 0.2112708 0.1340860 0.1116313 0.0518727 0.0650334 0.0740518 0.1696528 0.1693761 0.1144731 0.1168033 0.1043068 0.1629065 0.0833075 0.0774876 0.1817429 0.0825661 0.0571090 0.1331455 0.1243242 0.1316873 0.1135357 0.1418963 0.0546944 0.0968595 0.0991346 0.0705787 0.1028571 0.1057480 0.1140201 0.1434355 0.1560064 0.0766646 0.1363889 0.1042510 0.1209577 0.1239098 0.1169971 0.1807180 0.1480688 0.1870431 0.1183683 0.1240452 0.1433899 0.2311642 0.1473001 0.1389463 0.1142398 0.1913498 0.0966080 0.1075595 0.1588027 0.0647954 0.0828469 0.0947617 0.1398917 0.1551966 0.2855438 0.1773245 0.1737089 0.1168900 0.0623853 0.1245563 0.1014792 0.0675518 0.0561575 0.0417589 0.1076565 0.0941086 0.2032264 0.1072688 0.0889659 0.1750843 0.0895093 0.1118093 0.1650526 0.1796498 0.1760875 0.0544012 0.1730982 0.1535054 0.1446556 0.0739003 0.1849377 0.0811826 0.1920226 0.0602358 0.0681659 0.1354261 0.1311985 0.2017907 0.0912856 0.0855027 0.2371851 0.1180999 0.1237445 0.1418758 0.0887717 
S0281       0.1417054 0.0000000 0.1405835 0.1291093 0.0810682 0.1522181 0.1579990 0.1126961 0.1169863 0.1339799 0.1904089 0.1071252 0.3098042 0.1138398 0.1818618 0.1230967 0.1402361 0.0991522 0.1435477 0.2186762 0.0959601 0.1339185 0.1225771 0.1249341 0.1364145 0.1525955 0.1549511 0.1126309 0.1373882 0.0606850 0.1070726 0.1644741 0.1258079 0.1171535 0.1303013 0.1235589 0.0634439 0.1476760 0.0665420 0.0691643 0.1263647 0.1444810 0.1517571 0.0932693 0.1101356 0.1685169 0.1338341 0.1465910 0.1334970 0.0688084 0.1724283 0.1476487 0.1344173 0.1371271 0.1819021 0.1665629 0.1700464 0.1556657 0.1222095 0.1616609 0.1572292 0.1270755 0.1905691 0.1396172 0.1311557 0.1054630 0.1213877 0.1637556 0.2474040 0.1265981 0.1535372 0.1034887 0.1400638 0.1152385 0.1221967 0.1465798 0.1025936 0.1237501 0.1034323 0.1621484 0.2146112 0.0963742 0.0965416 0.1234038 0.1394119 0.0635543 0.1206867 0.0683968 0.1868813 0.1273495 0.0634421 0.1267403 0.1259416 0.1367569 0.1254935 0.1581197 0.2118210 0.1264499 0.0938713 0.1440137 0.1220817 0.1925157 0.1094910 0.1028352 0.2468314 0.0831883 0.1091386 0.2050970 0.0925092 
S0282       0.0651614 0.1405835 0.0000000 0.1339586 0.0623133 0.0218994 0.1111410 0.1201868 0.1396461 0.1420103 0.2016133 0.1123747 0.2950607 0.1220992 0.0846424 0.0108918 0.0198912 0.0657342 0.1384459 0.1385892 0.1262307 0.1028812 0.0881968 0.1326291 0.0395458 0.0303835 0.1552808 0.0652257 0.0199784 0.1209407 0.1238215 0.1156295 0.0855108 0.1340643 0.0247084 0.1042081 0.0853500 0.0176068 0.0856851 0.0915146 0.1066930 0.1490000 0.1388996 0.0702248 0.1333232 0.1067224 0.1129323 0.1089687 0.1031258 0.1496947 0.1153007 0.1656051 0.1041942 0.1133975 0.1209189 0.2341387 0.1249840 0.1155876 0.1009474 0.1915837 0.0573364 0.1004821 0.1364148 0.0175181 0.0495977 0.0825545 0.1211798 0.1479310 0.2290063 0.1406097 0.1649957 0.1218805 0.0269093 0.1289482 0.1180643 0.0220555 0.0205482 0.0439564 0.0890880 0.0625053 0.1805866 0.0821821 0.0766937 0.1517319 0.0500567 0.0972285 0.1170652 0.1562160 0.1654576 0.0267466 0.1505584 0.1371406 0.1300216 0.0390094 0.1675469 0.0513255 0.1778643 0.0318783 0.0489909 0.1323426 0.1340037 0.1834820 0.0819849 0.0787542 0.2043849 0.0946392 0.1101542 0.1328211 0.0909438 
S0289       0.1506893 0.1291093 0.1339586 0.0000000 0.1034482 0.1576862 0.1705244 0.0816169 0.1475156 0.1702559 0.1009368 0.1273848 0.2569164 0.1500121 0.1695268 0.1246020 0.1416055 0.1340829 0.0890273 0.2091899 0.1298478 0.1357074 0.1480125 0.1624489 0.1287145 0.1530086 0.0982800 0.1235705 0.1278700 0.1229400 0.1305899 0.1875418 0.1472935 0.1484459 0.1284111 0.1159820 0.1092672 0.1424649 0.1160618 0.1097260 0.1437077 0.1572573 0.1181410 0.0980228 0.1444112 0.1429604 0.1385844 0.1395072 0.1250311 0.1313461 0.1937030 0.1618422 0.1325873 0.1425233 0.1833293 0.2427874 0.1883415 0.1491647 0.1275637 0.1774247 0.1640148 0.1017521 0.2143713 0.1409856 0.1435907 0.1143517 0.0711302 0.1177859 0.1937672 0.1792930 0.1772151 0.1345748 0.1490597 0.1289418 0.1290128 0.1446316 0.1184478 0.1255113 0.0932238 0.1756147 0.2382929 0.1071032 0.0833535 0.0678016 0.1522008 0.1218881 0.0498601 0.1368700 0.1366287 0.1350698 0.1395767 0.0823925 0.1518367 0.1460355 0.0753095 0.1578393 0.1696286 0.1311359 0.1107673 0.1331187 0.1211451 0.1626371 0.1114839 0.1076341 0.2278492 0.1197542 0.1336267 0.2009469 0.1055182 
S0292       0.0853928 0.0810682 0.0623133 0.1034482 0.0000000 0.0754862 0.1016771 0.0888745 0.1010034 0.1141723 0.1441975 0.0592631 0.1647439 0.0924309 0.0942766 0.0491949 0.0647552 0.0662623 0.1029402 0.1404805 0.0954536 0.0602965 0.0797947 0.1256618 0.0769327 0.0681364 0.1126869 0.0655182 0.0597730 0.0655917 0.0940909 0.1004782 0.0826544 0.1011467 0.0544759 0.0682754 0.0365779 0.0676601 0.0392186 0.0416135 0.0776341 0.1163125 0.1139898 0.0269439 0.0913434 0.0747905 0.0714094 0.0653417 0.0657708 0.1017847 0.1076497 0.1350125 0.0662052 0.0771113 0.1072598 0.1314668 0.1052194 0.0851280 0.0572678 0.1500057 0.0909620 0.0496441 0.1203304 0.0619670 0.0657641 0.0418487 0.0764832 0.1267873 0.2244744 0.1190254 0.1291847 0.0880573 0.0676822 0.1067681 0.0715328 0.0672586 0.0479076 0.0706720 0.0443029 0.1057546 0.1725731 0.0246734 0.0201285 0.0979029 0.0775081 0.0465012 0.1092888 0.1096126 0.1501391 0.0621020 0.1024643 0.0990955 0.0909908 0.0736333 0.1253540 0.0729878 0.1615718 0.0575840 0.0493707 0.0922973 0.0887309 0.1613428 0.0392713 0.0341811 0.1674414 0.0513720 0.0736077 0.1382176 0.0365298 
S0293       0.0787437 0.1522181 0.0218994 0.1576862 0.0754862 0.0000000 0.1231753 0.1270339 0.1704763 0.1615905 0.1958584 0.1249428 0.2898639 0.1437509 0.1016327 0.0162089 0.0333123 0.0593905 0.1547995 0.1742559 0.1575533 0.1082565 0.0973488 0.1538024 0.0429669 0.0275645 0.1774484 0.0721419 0.0276567 0.1230600 0.1488647 0.1483182 0.0901863 0.1513371 0.0306821 0.1052502 0.0979874 0.0274893 0.0945834 0.1059846 0.1095810 0.1756189 0.1618141 0.0852352 0.1518315 0.1229105 0.1124870 0.1163817 0.1012424 0.1499783 0.1488495 0.1827575 0.1015388 0.1128344 0.1442982 0.2306644 0.1556010 0.1159542 0.1227368 0.2102025 0.0622586 0.1216186 0.1648401 0.0246249 0.0659014 0.0975857 0.1449604 0.1743504 0.2717872 0.1604828 0.1552258 0.1481586 0.0334570 0.1426249 0.1318183 0.0274845 0.0284884 0.0486907 0.1026028 0.0826086 0.2115652 0.0934333 0.0830739 0.1902678 0.0600058 0.1094888 0.1341223 0.1527064 0.1889939 0.0273642 0.1452604 0.1524800 0.1506229 0.0423638 0.1985810 0.0582424 0.1958977 0.0395990 0.0550490 0.1489832 0.1538857 0.2116803 0.0856059 0.0963159 0.2306954 0.1100547 0.1292659 0.1636496 0.1045624 
S0294       0.1192042 0.1579990 0.1111410 0.1705244 0.1016771 0.1231753 0.0000000 0.1605101 0.1772413 0.2022213 0.2363803 0.1392433 0.5087112 0.1728892 0.1187470 0.0987493 0.1138054 0.0921598 0.1710115 0.1666124 0.1532896 0.1567644 0.1088963 0.1964272 0.1261083 0.1210795 0.1764246 0.0878584 0.0985847 0.1293750 0.1633227 0.1537821 0.1090696 0.1768651 0.1056899 0.1456309 0.1181339 0.1173599 0.1181719 0.1152750 0.1746794 0.1928375 0.1601724 0.1121313 0.1682199 0.2456964 0.1694985 0.1629937 0.1605591 0.1806924 0.1605049 0.1991911 0.1626764 0.1735491 0.1521428 0.2980696 0.1499107 0.1747275 0.1640235 0.2104039 0.1457802 0.1468176 0.1657286 0.1135072 0.1128079 0.1393840 0.1534078 0.1843804 0.2872415 0.1922951 0.2041936 0.1511120 0.1142906 0.1679418 0.1626889 0.1196847 0.0892064 0.1061477 0.1289201 0.1528815 0.2072950 0.1244687 0.1151843 0.1771844 0.1171637 0.1312364 0.1557845 0.1844020 0.2077378 0.1137868 0.1766295 0.1760301 0.1731403 0.1184808 0.1773462 0.1219211 0.2298028 0.0991132 0.0650368 0.1830856 0.1807189 0.2301443 0.1315494 0.1220840 0.2796870 0.1322669 0.1576111 0.1362172 0.1180849 
S0299       0.1447985 0.1126961 0.1201868 0.0816169 0.0888745 0.1270339 0.1605101 0.0000000 0.1281993 0.1558301 0.0557394 0.1240717 0.0000010 0.1444716 0.1492581 0.1208399 0.1392531 0.0914699 0.0589048 0.1766128 0.1332371 0.1120769 0.1339917 0.1522256 0.1301040 0.1209704 0.0482590 0.0982267 0.1214399 0.0863144 0.1480720 0.1995153 0.1054369 0.1381851 0.1259718 0.1163569 0.0814450 0.1348923 0.0898248 0.0815413 0.1214415 0.1189138 0.0857726 0.0942116 0.1274159 0.1469508 0.1111311 0.1224503 0.1067155 0.1266012 0.1805014 0.1209225 0.1175924 0.1254131 0.2049587 0.0000010 0.1826607 0.1158328 0.1103033 0.1305092 0.1610816 0.0942089 0.2202706 0.1293816 0.1341913 0.1211522 0.0480895 0.1112238 0.1756739 0.1494970 0.1766518 0.1393648 0.1399657 0.1130218 0.1268035 0.1339169 0.0948680 0.1252527 0.1026780 0.1672068 0.1967673 0.0773900 0.0982637 0.0628458 0.1505030 0.0932747 0.0438095 0.1287137 0.1330353 0.1335066 0.1226117 0.0514337 0.1493821 0.1166345 0.0781426 0.1576759 0.1464937 0.1353100 0.0939661 0.1354803 0.1443054 0.1591903 0.0983895 0.1072077 0.2037208 0.1014758 0.1252932 0.1885036 0.1059993 
S0303       0.1488967 0.1169863 0.1396461 0.1475156 0.1010034 0.1704763 0.1772413 0.1281993 0.0000000 0.0715223 0.2193993 0.1341776 0.1889263 0.0174841 0.1477520 0.1266834 0.1436452 0.1224066 0.1628552 0.1961499 0.0127538 0.1358108 0.1439112 0.1096144 0.1439715 0.1560398 0.1683638 0.1296753 0.1340455 0.1069830 0.0181368 0.1815965 0.1441332 0.0199349 0.1315323 0.1254408 0.1066644 0.1440321 0.1104573 0.1009858 0.1280561 0.1050387 0.1646641 0.0946322 0.0678192 0.1682735 0.1215846 0.1485891 0.1319830 0.1379288 0.2051320 0.1005442 0.1281210 0.1218388 0.1991691 0.2207930 0.1993857 0.1531033 0.1449222 0.1189666 0.1747259 0.1194832 0.2073877 0.1430203 0.1263148 0.1176067 0.1168858 0.1508674 0.2863165 0.1078987 0.0363128 0.0200026 0.1445467 0.0881239 0.1182515 0.1499054 0.1105309 0.1470554 0.1283355 0.1771685 0.2158413 0.1079621 0.1077712 0.1639932 0.1377353 0.1131003 0.1472376 0.1360770 0.1691936 0.1371319 0.1313290 0.1360820 0.1629785 0.1472397 0.1563204 0.1501736 0.2264198 0.1273185 0.1121848 0.1615853 0.1524230 0.1826870 0.1181829 0.1040980 0.2630594 0.1195144 0.1374819 0.1873586 0.1106684 
S0308       0.1452395 0.1339799 0.1420103 0.1702559 0.1141723 0.1615905 0.2022213 0.1558301 0.0715223 0.0000000 0.2413430 0.1494232 0.2419344 0.0424116 0.1746041 0.1279559 0.1451203 0.1278455 0.2012222 0.2196999 0.0595714 0.1563007 0.1653182 0.0991412 0.1458234 0.1533603 0.2120765 0.1486027 0.1354108 0.1376770 0.0569895 0.2092590 0.1737886 0.0580515 0.1396322 0.1381096 0.1228947 0.1490436 0.1234226 0.1169926 0.1547861 0.0866567 0.2039793 0.1146074 0.0600436 0.1334982 0.1558977 0.1717172 0.1518848 0.1566204 0.2249429 0.1052882 0.1520252 0.1410693 0.2149095 0.3602333 0.2183831 0.1775876 0.1577241 0.1328326 0.1763682 0.1521908 0.2367020 0.1410435 0.1529686 0.1247220 0.1566831 0.1876080 0.3212646 0.0963989 0.0826538 0.0521274 0.1449431 0.0783706 0.1293143 0.1479477 0.1144009 0.1606735 0.1385558 0.1912543 0.2708298 0.1248087 0.1182700 0.2042962 0.1620071 0.1231535 0.1820262 0.1584067 0.2082877 0.1385321 0.1496546 0.1707220 0.1675965 0.1541267 0.1925659 0.1743742 0.2560320 0.1498758 0.1235098 0.1618960 0.1739944 0.2141098 0.1291393 0.1248473 0.3031863 0.1238747 0.1348177 0.1917974 0.1309095 
S0320       0.2330194 0.1904089 0.2016133 0.1009368 0.1441975 0.1958584 0.2363803 0.0557394 0.2193993 0.2413430 0.0000000 0.1918933 0.3445432 0.2331210 0.2591204 0.1897902 0.2067363 0.2120923 0.1007894 0.2579632 0.2084749 0.1860422 0.2260409 0.2045661 0.1978448 0.2145408 0.1200437 0.1913990 0.1937452 0.1716197 0.1900013 0.2384381 0.2025178 0.2209573 0.1932433 0.1622965 0.1552705 0.2116621 0.1634051 0.1514985 0.2028028 0.2128509 0.1525123 0.1503221 0.2131666 0.1025879 0.1917397 0.1523974 0.1812766 0.1902923 0.2653496 0.2567416 0.2027066 0.2052382 0.2500924 0.2891939 0.2605581 0.2129165 0.1889885 0.2101072 0.2273959 0.1449296 0.2908123 0.2095480 0.1886961 0.1813584 0.1042320 0.1730324 0.1630456 0.2229523 0.2651020 0.2182594 0.2160356 0.1881761 0.1876174 0.2140762 0.1762785 0.1778642 0.1493812 0.2438183 0.3228051 0.1525484 0.1483414 0.0913916 0.2074194 0.1737301 0.0491902 0.2000548 0.1909814 0.2028181 0.1914870 0.1201471 0.2073889 0.2026847 0.1171944 0.2182691 0.2143484 0.1943251 0.1724113 0.1969932 0.1846313 0.2178301 0.1655601 0.1694413 0.2582606 0.1647285 0.1812451 0.2400301 0.1691374 
S0335       0.1219291 0.1071252 0.1123747 0.1273848 0.0592631 0.1249428 0.1392433 0.1240717 0.1341776 0.1494232 0.1918933 0.0000000 0.1339348 0.1285957 0.1223511 0.0968462 0.1150694 0.1329589 0.1443426 0.1638324 0.1216346 0.0980086 0.1302950 0.1525514 0.1175452 0.1123338 0.1415853 0.1108161 0.1033563 0.1028062 0.1199367 0.1371485 0.1212643 0.1343713 0.1031955 0.0883739 0.0807063 0.1158721 0.0813404 0.0810200 0.0946753 0.1657731 0.1596847 0.0568341 0.1195432 0.1348674 0.1013516 0.1032191 0.0948116 0.1338144 0.1454143 0.1633763 0.0922011 0.1039944 0.1485598 0.2123531 0.1466176 0.1103234 0.0702670 0.1885108 0.1343178 0.0822895 0.1654035 0.1116698 0.1128079 0.0546657 0.1164527 0.1585852 0.2365142 0.1503718 0.1653684 0.1159627 0.1089141 0.1468468 0.0656011 0.1178749 0.0967084 0.1067938 0.0711466 0.1456520 0.2087418 0.0677399 0.0626978 0.1184645 0.1268491 0.0921571 0.1266928 0.1399239 0.1845294 0.1119466 0.1419838 0.1353215 0.1187705 0.1257487 0.1509440 0.1338640 0.1933142 0.1098737 0.0885222 0.0773762 0.0657708 0.1972104 0.0710823 0.0623814 0.1922988 0.0863931 0.0997786 0.1639807 0.0650976 
S0345       0.2112708 0.3098042 0.2950607 0.2569164 0.1647439 0.2898639 0.5087112 0.0000010 0.1889263 0.2419344 0.3445432 0.1339348 0.0000000 0.1909374 0.2221289 0.1974413 0.2278418 0.2863883 0.2605952 0.3121571 0.0000010 0.1923382 0.1372579 0.2498928 0.1974413 0.1974413 0.5238712 0.2256752 0.2191496 0.3216021 0.0816106 0.3924705 0.2588313 0.1909374 0.1644891 0.0000010 0.3165764 0.2950607 0.3165764 0.3165764 0.1682254 0.2691048 0.2913372 0.1885679 0.2482112 0.0540914 0.1929969 0.1923382 0.2316082 0.2803277 0.7408816 0.3019006 0.1920535 0.2294740 0.4836799 0.4264144 0.5523381 0.3011625 0.1291494 0.4144966 0.2285233 0.1703406 0.4400118 0.2651897 0.2213320 0.1372640 0.2562019 0.2901213 0.0000010 0.3258817 0.1909374 0.0000010 0.1665105 0.0000010 0.0886247 0.2651897 0.2274332 0.2406803 0.1926718 0.2805704 0.0000010 0.1647439 0.1923382 0.5964389 0.2529000 0.3565768 0.0000010 0.2803277 0.2901213 0.2150743 0.2426791 0.2912871 0.1826735 0.2596977 0.3348916 0.1902723 0.2483582 0.1974413 0.2238069 0.0901508 0.1594846 0.2511509 0.2291038 0.1885679 0.3455126 0.2167936 0.2103597 0.2652170 0.2218014 
S0355       0.1340860 0.1138398 0.1220992 0.1500121 0.0924309 0.1437509 0.1728892 0.1444716 0.0174841 0.0424116 0.2331210 0.1285957 0.1909374 0.0000000 0.1369343 0.1037173 0.1178134 0.1120841 0.1724468 0.1953563 0.0058497 0.1272146 0.1363591 0.0858731 0.1303120 0.1315011 0.1872744 0.1248587 0.1114358 0.1132406 0.0076011 0.1850582 0.1491725 0.0048990 0.1152587 0.1171630 0.1025790 0.1295952 0.1068040 0.0959612 0.1266554 0.0736262 0.1736456 0.0923183 0.0566802 0.1334982 0.1268059 0.1449854 0.1268033 0.1445340 0.2042578 0.0843240 0.1227163 0.1193611 0.1914737 0.2475954 0.2013057 0.1460335 0.1409693 0.1111826 0.1588149 0.1279745 0.2066648 0.1211990 0.1182170 0.1146242 0.1298484 0.1571669 0.2989704 0.0870076 0.0279142 0.0058241 0.1186112 0.0579651 0.1075301 0.1285638 0.0945952 0.1334330 0.1297953 0.1567752 0.2245609 0.0930983 0.0930412 0.1784775 0.1305469 0.1097849 0.1744722 0.1441916 0.1742755 0.1147636 0.1369717 0.1444087 0.1577140 0.1266251 0.1555005 0.1329039 0.2260640 0.1112820 0.0988239 0.1465119 0.1462246 0.1844781 0.1111150 0.0956451 0.2959055 0.1105981 0.1256550 0.1749623 0.1060111 
S0376       0.1116313 0.1818618 0.0846424 0.1695268 0.0942766 0.1016327 0.1187470 0.1492581 0.1477520 0.1746041 0.2591204 0.1223511 0.2221289 0.1369343 0.0000000 0.0759405 0.0941413 0.1106116 0.1871247 0.0876609 0.1317574 0.1317024 0.1015964 0.1764578 0.0860948 0.1014459 0.1796400 0.0856796 0.0823371 0.1351285 0.1323338 0.1522560 0.1060327 0.1406566 0.0853699 0.1363274 0.1083376 0.0852804 0.1083389 0.1155032 0.1435654 0.1820287 0.1774180 0.0973832 0.1605168 0.1300719 0.1313433 0.1450196 0.1325495 0.1890180 0.1605653 0.1849147 0.1329395 0.1436876 0.1473360 0.2548371 0.1556864 0.1354748 0.1223246 0.2143451 0.1187573 0.1235159 0.1637780 0.0783407 0.1019745 0.1150567 0.1622556 0.1990422 0.2547652 0.1771235 0.1400093 0.1282647 0.0914426 0.1523792 0.1304446 0.0842956 0.0753267 0.1011152 0.1126028 0.1284629 0.2095087 0.1047425 0.1055154 0.1954045 0.1063848 0.1214199 0.1312657 0.1984622 0.2263494 0.0878289 0.1885964 0.1769479 0.1762963 0.1013984 0.2036673 0.1067560 0.2088215 0.0827962 0.0727991 0.1458099 0.1495615 0.2444101 0.1104122 0.1074439 0.2694696 0.1181809 0.1595777 0.0923943 0.1121281 
S0400       0.0518727 0.1230967 0.0108918 0.1246020 0.0491949 0.0162089 0.0987493 0.1208399 0.1266834 0.1279559 0.1897902 0.0968462 0.1974413 0.1037173 0.0759405 0.0000000 0.0130795 0.0526785 0.1286638 0.1353992 0.1180572 0.0878128 0.0737736 0.1221647 0.0296852 0.0173395 0.1483041 0.0545890 0.0086938 0.1047430 0.1137355 0.1181106 0.0738478 0.1172147 0.0131917 0.0956259 0.0710627 0.0153617 0.0713321 0.0768979 0.0948426 0.1343644 0.1290955 0.0567880 0.1166003 0.1042510 0.0972930 0.0924727 0.0907327 0.1318990 0.1144647 0.1530464 0.0888868 0.1005392 0.1231847 0.1547252 0.1271985 0.0998835 0.0949845 0.1770004 0.0494141 0.0888415 0.1385340 0.0108391 0.0418851 0.0710224 0.1086942 0.1345854 0.2300904 0.1298219 0.1466692 0.1129487 0.0153652 0.1205446 0.1019396 0.0152829 0.0089370 0.0363863 0.0773103 0.0570502 0.1813114 0.0680856 0.0628229 0.1410602 0.0447930 0.0823762 0.1181407 0.1374724 0.1586892 0.0152762 0.1326349 0.1241926 0.1164381 0.0269389 0.1565819 0.0387871 0.1671206 0.0200511 0.0365053 0.1184539 0.1241396 0.1687506 0.0679242 0.0649016 0.1998107 0.0798572 0.0974453 0.1220997 0.0764402 
S0405       0.0650334 0.1402361 0.0198912 0.1416055 0.0647552 0.0333123 0.1138054 0.1392531 0.1436452 0.1451203 0.2067363 0.1150694 0.2278418 0.1178134 0.0941413 0.0130795 0.0000000 0.0649887 0.1457559 0.1420810 0.1335321 0.1055309 0.0817400 0.1354983 0.0370043 0.0223961 0.1664897 0.0651126 0.0222142 0.1202048 0.1270902 0.1293666 0.0850905 0.1337445 0.0245241 0.1126987 0.0879247 0.0291653 0.0882709 0.0941261 0.1131684 0.1486226 0.1462278 0.0726978 0.1330072 0.1042510 0.1126777 0.1052601 0.1086019 0.1526359 0.1211996 0.1614266 0.1068819 0.1191257 0.1336517 0.1797100 0.1375808 0.1183013 0.1133224 0.1870569 0.0650778 0.1039010 0.1489067 0.0243691 0.0519985 0.0821521 0.1280693 0.1483209 0.2537887 0.1435342 0.1645758 0.1250314 0.0198360 0.1364407 0.1177918 0.0290102 0.0134810 0.0511853 0.0946604 0.0594450 0.1919769 0.0847332 0.0792236 0.1596219 0.0550891 0.0998609 0.1390946 0.1592909 0.1586226 0.0289956 0.1535190 0.1443540 0.1359705 0.0413344 0.1757239 0.0486473 0.1783718 0.0341802 0.0513605 0.1384135 0.1443019 0.1879768 0.0845304 0.0812731 0.2031341 0.0972686 0.1158350 0.1357600 0.0935360 
S0412sl     0.0740518 0.0991522 0.0657342 0.1340829 0.0662623 0.0593905 0.0921598 0.0914699 0.1224066 0.1278455 0.2120923 0.1329589 0.2863883 0.1120841 0.1106116 0.0526785 0.0649887 0.0000000 0.1399727 0.1597966 0.1003837 0.1148921 0.0567916 0.1292439 0.0788746 0.0604906 0.1346644 0.0690479 0.0567932 0.0882082 0.1103364 0.1351213 0.0482076 0.1123919 0.0658459 0.1193308 0.0615105 0.0744599 0.0707600 0.0746987 0.1101928 0.0976522 0.1135944 0.0704215 0.0970106 0.1417031 0.1143141 0.1086170 0.1132727 0.1187428 0.1357894 0.1357813 0.1000724 0.1098090 0.1303348 0.7848603 0.1388717 0.1083846 0.1187994 0.1346359 0.1070234 0.1159362 0.1482398 0.0692099 0.0699664 0.1042524 0.1023432 0.1170634 0.2499140 0.1262145 0.1646343 0.1055466 0.0694526 0.1003975 0.1141720 0.0778854 0.0448144 0.0830365 0.1086474 0.1126077 0.2033708 0.0750014 0.0935751 0.1245670 0.0882560 0.0791557 0.1555988 0.1183678 0.1380995 0.0569030 0.1142279 0.1161979 0.1243015 0.0698822 0.1451495 0.0776266 0.1644201 0.0525129 0.0441440 0.1353285 0.1434822 0.1631448 0.0791962 0.0747989 0.2678865 0.0801050 0.0987285 0.1298150 0.0792752 
S0417       0.1696528 0.1435477 0.1384459 0.0890273 0.1029402 0.1547995 0.1710115 0.0589048 0.1628552 0.2012222 0.1007894 0.1443426 0.2605952 0.1724468 0.1871247 0.1286638 0.1457559 0.1399727 0.0000000 0.1884767 0.1586783 0.1504779 0.1582237 0.1762228 0.1498403 0.1579720 0.0625640 0.1340629 0.1319877 0.1235356 0.1530643 0.1964943 0.1356329 0.1678927 0.1384868 0.1562070 0.1066821 0.1463971 0.1134492 0.1034891 0.1640104 0.1675098 0.0954516 0.1080461 0.1618693 0.0733968 0.1553285 0.1518551 0.1463061 0.1618918 0.2099282 0.1785536 0.1564726 0.1672154 0.2034985 0.2179878 0.2083545 0.1667380 0.1375768 0.1815782 0.1720080 0.1178788 0.2298862 0.1453251 0.1442674 0.1281931 0.0417159 0.1341115 0.1900413 0.1797552 0.2058685 0.1676444 0.1535763 0.1487407 0.1547438 0.1455340 0.1151556 0.1357826 0.1152882 0.1859812 0.2083639 0.1045032 0.1105062 0.0651030 0.1529460 0.1224857 0.0437365 0.1645616 0.1500031 0.1358960 0.1581591 0.0598243 0.1729952 0.1502884 0.0895734 0.1698329 0.1505134 0.1421877 0.1171015 0.1509848 0.1478847 0.1780234 0.1212485 0.1180634 0.2185473 0.1168879 0.1569372 0.1823255 0.1076299 
S0427       0.1693761 0.2186762 0.1385892 0.2091899 0.1404805 0.1742559 0.1666124 0.1766128 0.1961499 0.2196999 0.2579632 0.1638324 0.3121571 0.1953563 0.0876609 0.1353992 0.1420810 0.1597966 0.1884767 0.0000000 0.1791164 0.1934749 0.1633406 0.1885674 0.1360400 0.1715407 0.1836859 0.1322849 0.1387115 0.1696055 0.1717037 0.1656788 0.1352463 0.1925005 0.1419872 0.2065958 0.1507774 0.1493443 0.1508405 0.1546977 0.2066261 0.2146878 0.1525028 0.1562878 0.1830985 0.1345784 0.1936832 0.1987856 0.1937615 0.2200715 0.1903381 0.2381795 0.2046311 0.2208289 0.2012267 0.2670802 0.1894007 0.2195570 0.1805531 0.2596984 0.1734996 0.1741361 0.2183476 0.1376694 0.1315470 0.1718196 0.1698753 0.1800461 0.1837902 0.2001000 0.2210304 0.1799659 0.1566982 0.1864116 0.1912331 0.1443743 0.1260554 0.1554435 0.1777225 0.1699224 0.2309001 0.1594248 0.1603218 0.1782486 0.1319871 0.1605695 0.1488122 0.2317997 0.1880451 0.1588097 0.2178035 0.1960909 0.2308769 0.1493073 0.2175218 0.1722846 0.1727982 0.1386283 0.1312074 0.2207023 0.2165121 0.2218030 0.1610405 0.1605723 0.3131341 0.1590257 0.2121991 0.0684380 0.1640876 
S0430       0.1144731 0.0959601 0.1262307 0.1298478 0.0954536 0.1575533 0.1532896 0.1332371 0.0127538 0.0595714 0.2084749 0.1216346 0.0000010 0.0058497 0.1317574 0.1180572 0.1335321 0.1003837 0.1586783 0.1791164 0.0000000 0.1395088 0.1416409 0.0886996 0.1378082 0.1558472 0.1469042 0.1168755 0.1185532 0.0919891 0.0102198 0.1702116 0.1334605 0.0050460 0.1228556 0.1251570 0.0884228 0.1340388 0.0924920 0.0888405 0.1145189 0.0722814 0.1620854 0.0850454 0.0553001 0.2060143 0.1152005 0.1460841 0.1300753 0.1269429 0.1756434 0.0753838 0.1227737 0.1261901 0.1751751 0.0000010 0.1768680 0.1466021 0.1431878 0.0903533 0.1628918 0.1122948 0.1952168 0.1287449 0.1134131 0.1104873 0.1066172 0.1384970 0.2880397 0.0898053 0.0343228 0.0112511 0.1341070 0.0715270 0.1115491 0.1364670 0.0960167 0.1299946 0.1267794 0.1632291 0.2115634 0.1033749 0.0926182 0.1429863 0.1223100 0.0920286 0.1403664 0.1244538 0.1593377 0.1223387 0.1235417 0.1248803 0.1589024 0.1301693 0.1218268 0.1406467 0.2285479 0.1187380 0.0984853 0.1516448 0.1429515 0.1796377 0.1072600 0.0957338 0.2632554 0.1063622 0.1182834 0.1846314 0.0993516 
S0552sl     0.1168033 0.1339185 0.1028812 0.1357074 0.0602965 0.1082565 0.1567644 0.1120769 0.1358108 0.1563007 0.1860422 0.0980086 0.1923382 0.1272146 0.1317024 0.0878128 0.1055309 0.1148921 0.1504779 0.1934749 0.1395088 0.0000000 0.1130966 0.1675024 0.1133367 0.1077034 0.1537225 0.1041432 0.1000524 0.1250123 0.1284517 0.1345454 0.1308896 0.1354171 0.0905046 0.0186189 0.0976326 0.1053122 0.1012725 0.0917141 0.0449507 0.1738979 0.1475579 0.0600506 0.1252802 0.0222252 0.0369947 0.0241006 0.0155808 0.1391567 0.1564073 0.1807908 0.0373550 0.0422647 0.1458327 0.1551921 0.1469425 0.0467501 0.1018326 0.1935248 0.1163176 0.0873638 0.1682382 0.1022492 0.1102214 0.0752360 0.1327987 0.1772977 0.2374050 0.1847255 0.1608392 0.1273630 0.1061342 0.1547801 0.0970175 0.1022319 0.0906159 0.0938844 0.0926839 0.1282911 0.2036021 0.0686835 0.0722563 0.1493381 0.1242175 0.0978223 0.1310860 0.1487482 0.1971287 0.1024969 0.1469527 0.1426175 0.1300726 0.1087512 0.1672758 0.1209001 0.1913097 0.0975918 0.0881398 0.1269922 0.1123930 0.2188958 0.0397037 0.0683503 0.1850172 0.1037933 0.1170160 0.1719317 0.0745323 
S0558       0.1043068 0.1225771 0.0881968 0.1480125 0.0797947 0.0973488 0.1088963 0.1339917 0.1439112 0.1653182 0.2260409 0.1302950 0.1372579 0.1363591 0.1015964 0.0737736 0.0817400 0.0567916 0.1582237 0.1633406 0.1416409 0.1130966 0.0000000 0.1617835 0.0914881 0.0871370 0.1749445 0.0707184 0.0854582 0.1072871 0.1375177 0.1548261 0.0764604 0.1439083 0.0764206 0.1137068 0.0977531 0.0940639 0.1007976 0.1073208 0.1249467 0.1606935 0.1496381 0.0910181 0.1443271 0.1045889 0.1185883 0.1127311 0.1068937 0.1494967 0.1605436 0.1623572 0.1176069 0.1303482 0.1580666 0.1805527 0.1672531 0.1503645 0.1342893 0.1876613 0.1129631 0.1257809 0.1778567 0.0876707 0.0948140 0.1051352 0.1333101 0.1746892 0.2753812 0.1700627 0.1831298 0.1470491 0.0879513 0.1488789 0.1221897 0.0934626 0.0560684 0.0964860 0.1144274 0.1147136 0.1992745 0.1041599 0.0924161 0.1553831 0.0988047 0.1070845 0.1373023 0.1510074 0.2016903 0.0875864 0.1461391 0.1571602 0.1374538 0.0968625 0.1836587 0.1023272 0.2043038 0.0801629 0.0597447 0.1544204 0.1656294 0.2135555 0.1039036 0.1003000 0.2127243 0.1105813 0.1267525 0.1581478 0.1037644 
S0616       0.1629065 0.1249341 0.1326291 0.1624489 0.1256618 0.1538024 0.1964272 0.1522256 0.1096144 0.0991412 0.2045661 0.1525514 0.2498928 0.0858731 0.1764578 0.1221647 0.1354983 0.1292439 0.1762228 0.1885674 0.0886996 0.1675024 0.1617835 0.0000000 0.1353564 0.1499930 0.1809055 0.1537194 0.1254282 0.1178345 0.0851644 0.2087623 0.1590968 0.0949897 0.1371120 0.1515744 0.1252510 0.1422890 0.1258008 0.1258064 0.1390095 0.0978460 0.1619209 0.1086530 0.1007054 0.1367928 0.1582295 0.1705405 0.1628978 0.1250355 0.2154415 0.1098896 0.1556721 0.1700804 0.2316435 0.3058404 0.2270344 0.1830975 0.1740719 0.1249661 0.1777004 0.1562361 0.2454399 0.1352126 0.1249269 0.1278550 0.1405965 0.1578648 0.2726600 0.0562311 0.1225566 0.0879644 0.1389684 0.0794881 0.1368193 0.1420503 0.1158105 0.1393395 0.1517097 0.1580618 0.2398454 0.1300623 0.1336914 0.1781203 0.1398850 0.1255210 0.1495463 0.1222245 0.1674457 0.1293176 0.1186414 0.1621592 0.1455756 0.1294422 0.1542629 0.1644849 0.2131868 0.1288242 0.1186316 0.1633104 0.1635966 0.1518824 0.1404199 0.1252765 0.2892544 0.1230270 0.1148302 0.2095779 0.1319277 
S0641       0.0833075 0.1364145 0.0395458 0.1287145 0.0769327 0.0429669 0.1261083 0.1301040 0.1439715 0.1458234 0.1978448 0.1175452 0.1974413 0.1303120 0.0860948 0.0296852 0.0370043 0.0788746 0.1498403 0.1360400 0.1378082 0.1133367 0.0914881 0.1353564 0.0000000 0.0391391 0.1600794 0.0658324 0.0396034 0.1176995 0.1307535 0.1391629 0.0915698 0.1340419 0.0397863 0.1089833 0.0888131 0.0418810 0.0921119 0.0980888 0.1143754 0.1482114 0.1395564 0.0792734 0.1333007 0.1023829 0.1032298 0.1099542 0.1137122 0.1454178 0.1337335 0.1569232 0.1080096 0.1204071 0.1480073 0.1547252 0.1477668 0.1231560 0.1057477 0.1869533 0.0742997 0.1048873 0.1634265 0.0418103 0.0605344 0.0923489 0.1179154 0.1306329 0.1943780 0.1398844 0.1649667 0.1399899 0.0420524 0.1360101 0.1193297 0.0468162 0.0305953 0.0569454 0.0993950 0.0857382 0.1872888 0.0917876 0.0834455 0.1562347 0.0665489 0.1039383 0.1024072 0.1516823 0.1472610 0.0467880 0.1462477 0.1337370 0.1341049 0.0495555 0.1608397 0.0628054 0.1633987 0.0474832 0.0598472 0.1446824 0.1512325 0.1638744 0.0853717 0.0881604 0.2166136 0.1013042 0.1170718 0.1261436 0.0981787 
S0643       0.0774876 0.1525955 0.0303835 0.1530086 0.0681364 0.0275645 0.1210795 0.1209704 0.1560398 0.1533603 0.2145408 0.1123338 0.1974413 0.1315011 0.1014459 0.0173395 0.0223961 0.0604906 0.1579720 0.1715407 0.1558472 0.1077034 0.0871370 0.1499930 0.0391391 0.0000000 0.1742724 0.0714457 0.0278407 0.1253443 0.1361960 0.1493261 0.0909896 0.1484317 0.0304974 0.1042413 0.0884436 0.0330479 0.0853914 0.0955097 0.1163730 0.1698024 0.1656794 0.0772184 0.1360654 0.0557176 0.1154455 0.0919910 0.1082198 0.1545714 0.1441916 0.1751465 0.1055182 0.1160043 0.1491564 0.1547252 0.1575927 0.1186446 0.1208041 0.1872952 0.0716240 0.1168863 0.1659363 0.0302766 0.0595244 0.0915803 0.1375682 0.1558945 0.2592074 0.1471599 0.1476918 0.1483369 0.0224821 0.1530339 0.1258048 0.0356177 0.0204953 0.0585185 0.1028699 0.0773701 0.2071470 0.0844616 0.0784840 0.1762416 0.0662492 0.1020553 0.1326185 0.1572644 0.1768166 0.0329776 0.1501735 0.1443530 0.1467729 0.0499543 0.1899681 0.0556329 0.1926584 0.0416942 0.0528171 0.1499404 0.1499134 0.1975674 0.0873528 0.0870872 0.2180805 0.1025140 0.1161323 0.1607710 0.0943627 
S0645sl     0.1817429 0.1549511 0.1552808 0.0982800 0.1126869 0.1774484 0.1764246 0.0482590 0.1683638 0.2120765 0.1200437 0.1415853 0.5238712 0.1872744 0.1796400 0.1483041 0.1664897 0.1346644 0.0625640 0.1836859 0.1469042 0.1537225 0.1749445 0.1809055 0.1600794 0.1742724 0.0000000 0.1352757 0.1517862 0.1343398 0.1620649 0.1890257 0.1472991 0.1768556 0.1562947 0.1412618 0.1103223 0.1675578 0.1172074 0.1107908 0.1659460 0.1584032 0.1144014 0.1181574 0.1642743 0.0739880 0.1572893 0.1594448 0.1384886 0.1724649 0.1864158 0.1765388 0.1596886 0.1696793 0.1931546 0.3444914 0.1858668 0.1608599 0.1477454 0.1841315 0.1874871 0.1178145 0.2161454 0.1657320 0.1474006 0.1390574 0.0574287 0.1462046 0.1851431 0.1909190 0.2084215 0.1586053 0.1710553 0.1208417 0.1606583 0.1696532 0.1298188 0.1488120 0.1261320 0.2020082 0.2152552 0.1131688 0.1146426 0.0569753 0.1634120 0.1263666 0.0387787 0.1811833 0.1632476 0.1595715 0.1701054 0.0731900 0.1919224 0.1586778 0.0868053 0.1852522 0.1711671 0.1552593 0.1283000 0.1681200 0.1635166 0.1888196 0.1352220 0.1285594 0.2377212 0.1302774 0.1712094 0.1767619 0.1221264 
S0689       0.0825661 0.1126309 0.0652257 0.1235705 0.0655182 0.0721419 0.0878584 0.0982267 0.1296753 0.1486027 0.1913990 0.1108161 0.2256752 0.1248587 0.0856796 0.0545890 0.0651126 0.0690479 0.1340629 0.1322849 0.1168755 0.1041432 0.0707184 0.1537194 0.0658324 0.0714457 0.1352757 0.0000000 0.0654372 0.0943412 0.1161802 0.1355101 0.0798051 0.1231307 0.0574527 0.1059591 0.0739771 0.0735059 0.0799316 0.0826148 0.1112185 0.1552380 0.1278225 0.0655762 0.1271275 0.1373404 0.1079949 0.1136316 0.1043203 0.1419641 0.1407498 0.1568932 0.1014250 0.1135582 0.1318585 0.1333138 0.1327544 0.1197024 0.1117674 0.1761500 0.0942618 0.0964986 0.1553487 0.0676435 0.0739370 0.0925338 0.1076771 0.1371617 0.2522163 0.1580678 0.1529345 0.1242631 0.0735308 0.1387333 0.1125612 0.0730609 0.0480664 0.0740366 0.0925534 0.0937588 0.1821787 0.0831431 0.0747684 0.1342271 0.0803049 0.0881817 0.0981375 0.1399672 0.1541234 0.0730077 0.1352772 0.1328203 0.1407357 0.0763236 0.1321430 0.0813537 0.1814734 0.0603939 0.0294712 0.1471403 0.1315405 0.1802224 0.0829414 0.0740593 0.2350707 0.0947238 0.1232029 0.1145990 0.0828466 
S0690       0.0571090 0.1373882 0.0199784 0.1278700 0.0597730 0.0276567 0.0985847 0.1214399 0.1340455 0.1354108 0.1937452 0.1033563 0.2191496 0.1114358 0.0823371 0.0086938 0.0222142 0.0567932 0.1319877 0.1387115 0.1185532 0.1000524 0.0854582 0.1254282 0.0396034 0.0278407 0.1517862 0.0654372 0.0000000 0.1115588 0.1209353 0.1297225 0.0822423 0.1243479 0.0224094 0.1044647 0.0826317 0.0246036 0.0829541 0.0829616 0.1075365 0.1345348 0.1392622 0.0676391 0.1206170 0.1042510 0.1100174 0.0986454 0.1030917 0.1352436 0.1284738 0.1622678 0.1013216 0.1134432 0.1299976 0.2097428 0.1339542 0.1126671 0.1011221 0.1882003 0.0600621 0.1012626 0.1458453 0.0198789 0.0468349 0.0825804 0.1118264 0.1379441 0.2214768 0.1374166 0.1545336 0.1134713 0.0246096 0.1210629 0.1087144 0.0244737 0.0182217 0.0412929 0.0892438 0.0679761 0.1863693 0.0794938 0.0740373 0.1446150 0.0498277 0.0944280 0.1109494 0.1409862 0.1622673 0.0198054 0.1360025 0.1283813 0.1300805 0.0342064 0.1521608 0.0386021 0.1707966 0.0246561 0.0415693 0.1256884 0.1314764 0.1724724 0.0793032 0.0761059 0.2139784 0.0918461 0.1101975 0.1262679 0.0881969 
S0720       0.1331455 0.0606850 0.1209407 0.1229400 0.0655917 0.1230600 0.1293750 0.0863144 0.1069830 0.1376770 0.1716197 0.1028062 0.3216021 0.1132406 0.1351285 0.1047430 0.1202048 0.0882082 0.1235356 0.1696055 0.0919891 0.1250123 0.1072871 0.1178345 0.1176995 0.1253443 0.1343398 0.0943412 0.1115588 0.0000000 0.0997427 0.1545485 0.1168165 0.1133693 0.1078481 0.1129213 0.0369187 0.1275132 0.0445975 0.0420098 0.1249399 0.1357986 0.1238201 0.0770989 0.1129996 0.1656628 0.1210816 0.1221444 0.1246377 0.0555026 0.1656479 0.1433128 0.1183440 0.1250040 0.1708354 0.0692432 0.1596604 0.1306242 0.1100474 0.1520960 0.1439694 0.1083469 0.1842809 0.1201558 0.1061707 0.0947448 0.0886239 0.1317844 0.2213603 0.1250552 0.1294765 0.0916502 0.1239932 0.1031619 0.1051562 0.1266224 0.0975519 0.1180132 0.0983274 0.1371647 0.1832186 0.0799206 0.0800613 0.1086005 0.1134872 0.0419243 0.0997971 0.0574223 0.1523189 0.1085733 0.0528436 0.1126346 0.1171733 0.1174296 0.1196459 0.1303445 0.1789886 0.1047710 0.0773198 0.1322524 0.1107961 0.1725389 0.0981225 0.0859854 0.2346970 0.0651862 0.1103079 0.1648038 0.0853302 
S0724sl     0.1243242 0.1070726 0.1238215 0.1305899 0.0940909 0.1488647 0.1633227 0.1480720 0.0181368 0.0569895 0.1900013 0.1199367 0.0816106 0.0076011 0.1323338 0.1137355 0.1270902 0.1103364 0.1530643 0.1717037 0.0102198 0.1284517 0.1375177 0.0851644 0.1307535 0.1361960 0.1620649 0.1161802 0.1209353 0.0997427 0.0000000 0.1623047 0.1408909 0.0135333 0.1178535 0.1260078 0.0969176 0.1308897 0.1006241 0.0912454 0.1171996 0.0800441 0.1466184 0.0849741 0.0586087 0.1373312 0.1142675 0.1365828 0.1246589 0.1343399 0.1845192 0.0771387 0.1246634 0.1180690 0.1859277 0.1328864 0.1864551 0.1489177 0.1422731 0.1017594 0.1561426 0.1189814 0.1990949 0.1263093 0.1097368 0.1071764 0.1139375 0.1310723 0.3110751 0.0892511 0.0349595 0.0142138 0.1275641 0.0820207 0.1013036 0.1330273 0.0976780 0.1307274 0.1212315 0.1524411 0.2261830 0.1041110 0.0946528 0.1575293 0.1174047 0.1032859 0.1477697 0.1323606 0.1452504 0.1209531 0.1276775 0.1300918 0.1487645 0.1212179 0.1320734 0.1337082 0.2059009 0.1143055 0.0967466 0.1393599 0.1388859 0.1658358 0.1075420 0.0943319 0.2658953 0.1041371 0.1171941 0.1710208 0.1008222 
S0735       0.1316873 0.1644741 0.1156295 0.1875418 0.1004782 0.1483182 0.1537821 0.1995153 0.1815965 0.2092590 0.2384381 0.1371485 0.3924705 0.1850582 0.1522560 0.1181106 0.1293666 0.1351213 0.1964943 0.1656788 0.1702116 0.1345454 0.1548261 0.2087623 0.1391629 0.1493261 0.1890257 0.1355101 0.1297225 0.1545485 0.1623047 0.0000000 0.1641191 0.1810746 0.1271386 0.1312442 0.1144661 0.1295102 0.1189665 0.1186520 0.1588735 0.2083194 0.1688270 0.1038498 0.1778342 0.1738042 0.1392911 0.1475607 0.1393206 0.1742318 0.0102308 0.2307276 0.1311202 0.1299695 0.0025513 0.3558739 0.0000020 0.1670628 0.1209847 0.2565643 0.1292197 0.1448480 0.0024946 0.1362970 0.1516145 0.1229846 0.1785020 0.1875340 0.2769623 0.2076468 0.2187207 0.1642172 0.1336230 0.1833935 0.1440859 0.1324860 0.1208397 0.0998946 0.1316470 0.1373673 0.1891168 0.1119772 0.1198860 0.1689988 0.1494716 0.1255228 0.2054409 0.1793553 0.1877379 0.1256637 0.1815726 0.1884407 0.1455207 0.1455093 0.2025683 0.1400829 0.2141491 0.1230000 0.1251337 0.1611623 0.1688307 0.2237919 0.1154508 0.1150702 0.2297846 0.1185487 0.1363016 0.1733919 0.1148679 
S0742       0.1135357 0.1258079 0.0855108 0.1472935 0.0826544 0.0901863 0.1090696 0.1054369 0.1441332 0.1737886 0.2025178 0.1212643 0.2588313 0.1491725 0.1060327 0.0738478 0.0850905 0.0482076 0.1356329 0.1352463 0.1334605 0.1308896 0.0764604 0.1590968 0.0915698 0.0909896 0.1472991 0.0798051 0.0822423 0.1168165 0.1408909 0.1641191 0.0000000 0.1444366 0.0859774 0.1282695 0.0944113 0.0882935 0.1007352 0.1038314 0.1353146 0.1691689 0.1228170 0.0977175 0.1357141 0.2123328 0.1268864 0.1342838 0.1342558 0.1522654 0.1647417 0.1759813 0.1394892 0.1460554 0.1703370 0.2467610 0.1634097 0.1556498 0.1386859 0.2030397 0.1205840 0.1226560 0.1869344 0.0820400 0.1063066 0.0990223 0.1125361 0.1463931 0.2090439 0.1581297 0.1674918 0.1380828 0.0879902 0.1512495 0.1432355 0.0877362 0.0510121 0.0969176 0.1115937 0.1334158 0.1669466 0.0888394 0.1044976 0.1360729 0.1105132 0.1097491 0.0879602 0.1584886 0.1709704 0.0876658 0.1454113 0.1382995 0.1517748 0.0939836 0.1606004 0.0991064 0.1795888 0.0823790 0.0627660 0.1543814 0.1637714 0.1872391 0.1040640 0.1072766 0.2259220 0.1170686 0.1405559 0.1287019 0.1039230 
S0748       0.1418963 0.1171535 0.1340643 0.1484459 0.1011467 0.1513371 0.1768651 0.1381851 0.0199349 0.0580515 0.2209573 0.1343713 0.1909374 0.0048990 0.1406566 0.1172147 0.1337445 0.1123919 0.1678927 0.1925005 0.0050460 0.1354171 0.1439083 0.0949897 0.1340419 0.1484317 0.1768556 0.1231307 0.1243479 0.1133693 0.0135333 0.1810746 0.1444366 0.0000000 0.1250510 0.1301535 0.1066633 0.1365930 0.1104560 0.1071109 0.1211287 0.0869097 0.1684381 0.0947659 0.0652465 0.1334982 0.1147931 0.1447098 0.1314126 0.1450301 0.2050211 0.0944552 0.1211878 0.1247776 0.1947445 0.2475954 0.1992812 0.1526364 0.1496407 0.1150575 0.1674568 0.1302764 0.2072761 0.1331716 0.1198379 0.1177758 0.1240778 0.1555067 0.2983842 0.0961820 0.0292040 0.0112461 0.1345699 0.0745591 0.1182498 0.1398845 0.1012548 0.1328466 0.1318732 0.1696504 0.2114135 0.1081167 0.1017465 0.1729234 0.1309877 0.1130988 0.1483685 0.1433553 0.1742020 0.1273708 0.1382999 0.1437465 0.1632164 0.1310161 0.1540591 0.1401324 0.2266242 0.1177934 0.1031923 0.1573960 0.1573086 0.1880145 0.1144183 0.1042459 0.2776413 0.1137486 0.1309324 0.1776025 0.1108265 
S0756       0.0546944 0.1303013 0.0247084 0.1284111 0.0544759 0.0306821 0.1056899 0.1259718 0.1315323 0.1396322 0.1932433 0.1031955 0.1644891 0.1152587 0.0853699 0.0131917 0.0245241 0.0658459 0.1384868 0.1419872 0.1228556 0.0905046 0.0764206 0.1371120 0.0397863 0.0304974 0.1562947 0.0574527 0.0224094 0.1078481 0.1178535 0.1271386 0.0859774 0.1250510 0.0000000 0.1041044 0.0797810 0.0294259 0.0800909 0.0824862 0.1012179 0.1502129 0.1366300 0.0569681 0.1309946 0.1042510 0.0976391 0.0920958 0.0965158 0.1392519 0.1222904 0.1718756 0.0951274 0.1070255 0.1316294 0.1525166 0.1391246 0.1124897 0.1013661 0.1882566 0.0599738 0.0950754 0.1505651 0.0245834 0.0496700 0.0768097 0.1154828 0.1362319 0.2398477 0.1452816 0.1554544 0.1175840 0.0269451 0.1334248 0.1118651 0.0292682 0.0182460 0.0466037 0.0832898 0.0676317 0.1881442 0.0737957 0.0684319 0.1489213 0.0553498 0.0914692 0.1260379 0.1415989 0.1607325 0.0292533 0.1400420 0.1279833 0.1233112 0.0367942 0.1609910 0.0491027 0.1621711 0.0296627 0.0467635 0.1254825 0.1380335 0.1709988 0.0736195 0.0651122 0.1847514 0.0858672 0.1038529 0.1257224 0.0766973 
S0758       0.0968595 0.1235589 0.1042081 0.1159820 0.0682754 0.1052502 0.1456309 0.1163569 0.1254408 0.1381096 0.1622965 0.0883739 0.0000010 0.1171630 0.1363274 0.0956259 0.1126987 0.1193308 0.1562070 0.2065958 0.1251570 0.0186189 0.1137068 0.1515744 0.1089833 0.1042413 0.1412618 0.1059591 0.1044647 0.1129213 0.1260078 0.1312442 0.1282695 0.1301535 0.1041044 0.0000000 0.0849391 0.1039382 0.0854568 0.0769597 0.0423696 0.1648030 0.1479559 0.0565576 0.1113741 0.0000010 0.0283680 0.0336494 0.0091198 0.1229857 0.1380050 0.1614475 0.0391429 0.0389519 0.1330888 0.0000010 0.1309593 0.0489368 0.0977916 0.1763022 0.1266536 0.0647348 0.1533944 0.1075460 0.1199157 0.0767932 0.1357607 0.1737411 0.2422398 0.1478160 0.1165884 0.1145348 0.1171670 0.1508580 0.0647736 0.1117976 0.0910802 0.0845264 0.0806329 0.1303176 0.2201387 0.0725561 0.0575334 0.1406055 0.1263784 0.0892401 0.1255946 0.1296394 0.1854473 0.1042661 0.1276572 0.1304507 0.1365478 0.1219312 0.1461165 0.1345913 0.1907402 0.1098514 0.0918929 0.1014708 0.0983032 0.2254986 0.0354536 0.0680489 0.1708576 0.1056403 0.1044977 0.2108294 0.0648362 
