108
S0055       0.0000000 0.0653277 0.1115196 0.0371607 0.1035003 0.0874900 0.0540664 0.0631164 0.1081793 0.0893959 0.1049034 0.0870178 0.0916879 0.1105714 0.0475240 0.0337493 0.0474269 0.0449815 0.0623457 0.0616941 0.1048206 0.0935424 0.0656875 0.0942868 0.1128675 0.0341007 0.0353938 0.2098579 0.0461984 0.0480027 0.0843143 0.1006257 0.1431307 0.0515271 0.1049902 0.0404817 0.0818391 0.0604013 0.0421795 0.0604974 0.0642048 0.1083273 0.0954430 0.0881068 0.0856433 0.1015827 0.0920844 0.0909289 0.0933252 0.0775883 0.0539710 0.0791821 0.1543772 0.0776318 0.0836475 0.1009542 0.0620877 0.0925200 0.1521304 0.0639278 0.1410917 0.0985832 0.0953607 0.0728656 0.0548227 0.0996593 0.1456557 0.0401912 0.0502963 0.0893050 0.0925205 0.1978505 0.0838346 0.1091209 0.1067637 0.0437130 0.0843276 0.0952942 0.0832307 0.0419293 0.0435859 0.0165862 0.1086783 0.0594271 0.0872527 0.0943278 0.0509257 0.0677878 0.2026330 0.0775678 0.0686843 0.0360439 0.0877832 0.0988863 0.0790628 0.0454641 0.0373120 0.1915406 0.0410957 0.0565152 0.0821703 0.0815112 0.0829066 0.0833964 0.0789526 0.0751993 0.0496454 0.0841544 
S0196sl     0.0653277 0.0000000 0.0798981 0.0748633 0.0939783 0.0447209 0.0921485 0.0970013 0.1073053 0.0720305 0.1008996 0.0603709 0.0737579 0.1028659 0.0698617 0.0652924 0.0826354 0.0621998 0.0018449 0.0865984 0.1006041 0.0658113 0.1066038 0.0724108 0.0984406 0.0753744 0.0651254 0.1968718 0.0833095 0.0856907 0.0407487 0.1502361 0.1616378 0.0799770 0.0988454 0.0798146 0.0562182 0.0018449 0.0655250 0.0018449 0.0055824 0.0888334 0.0467234 0.0732436 0.0882797 0.0810925 0.0591194 0.0649607 0.0609874 0.0625500 0.0944351 0.0335438 0.1580480 0.0811083 0.0629367 0.0823141 0.0424489 0.0878612 0.1670725 0.0074342 0.1565871 0.0784222 0.0609646 0.0650748 0.0855280 0.0681937 0.1635438 0.0744611 0.0864871 0.0559690 0.0920328 0.2090788 0.0573891 0.1010138 0.1026469 0.0702047 0.0682283 0.0682064 0.0426176 0.0747238 0.0000010 0.0758324 0.0731812 0.0889241 0.0468775 0.0533123 0.1001741 0.0112676 0.2000938 0.0315980 0.0676445 0.0688733 0.0404233 0.0748097 0.0584697 0.0824206 0.0701285 0.1838823 0.0812111 0.0978432 0.0526267 0.0586331 0.0533880 0.0785849 0.0339556 0.0583345 0.0749214 0.0815025 
S0281       0.1115196 0.0798981 0.0000000 0.1207943 0.1069558 0.0799617 0.1282015 0.1261535 0.1159865 0.1171963 0.1199094 0.0913974 0.0956818 0.1167652 0.1216471 0.1102087 0.1242916 0.0999262 0.0731986 0.1214512 0.1167195 0.0942029 0.1340515 0.1233790 0.1210725 0.1134805 0.1123027 0.1983198 0.1247644 0.1334845 0.0599956 0.1086317 0.1612195 0.1127002 0.1172174 0.1102967 0.0815915 0.0711289 0.1216681 0.0712457 0.0751632 0.1074253 0.0613353 0.1171656 0.0895447 0.1191180 0.0929508 0.0829873 0.0838975 0.0871263 0.1407930 0.0615404 0.1709422 0.1333876 0.1160993 0.1131010 0.0651722 0.0944132 0.1738964 0.0711654 0.1525899 0.1095099 0.0828269 0.1139905 0.1155206 0.0947794 0.1609301 0.1143214 0.1211930 0.0815419 0.1157609 0.1974123 0.1054611 0.1146236 0.1082904 0.1233163 0.1108380 0.0928660 0.0736850 0.1145786 0.0931269 0.1103242 0.1071785 0.1236086 0.0793920 0.0886101 0.1225603 0.0808003 0.1991119 0.0581276 0.0939474 0.1078947 0.0600042 0.1064282 0.0866444 0.1211113 0.1088452 0.1889376 0.1235010 0.1345110 0.0815470 0.0870723 0.1021985 0.0854882 0.0672778 0.0863773 0.1221505 0.0884387 
S0282       0.0371607 0.0748633 0.1207943 0.0000000 0.0984487 0.0885764 0.0257394 0.0625497 0.0948451 0.0906603 0.1067861 0.0930459 0.0910090 0.1097740 0.0488735 0.0193572 0.0339584 0.0515571 0.0676477 0.0634451 0.0980194 0.0926586 0.0686214 0.0880370 0.1054294 0.0405127 0.0194712 0.2121462 0.0508603 0.0338033 0.0937823 0.1071036 0.1252803 0.0561936 0.0913737 0.0321046 0.0828942 0.0656669 0.0241668 0.0657718 0.0695346 0.1174395 0.1010344 0.0835173 0.0887017 0.0988595 0.0911726 0.0995116 0.0924456 0.0861924 0.0676638 0.0847064 0.1298801 0.0907548 0.0830369 0.0981490 0.0632435 0.0956682 0.1390410 0.0656999 0.1225869 0.1034811 0.0984868 0.0749006 0.0540606 0.1006749 0.1269395 0.0255051 0.0466225 0.0866570 0.0925756 0.2341389 0.0779904 0.1041851 0.1019160 0.0304934 0.0798650 0.0883723 0.0843377 0.0239935 0.0353888 0.0340233 0.1118431 0.0624318 0.0901772 0.0953633 0.0488306 0.0731575 0.2239335 0.0792791 0.0605268 0.0104691 0.0933087 0.1000716 0.0807056 0.0371671 0.0386272 0.2122237 0.0424080 0.0596218 0.0760179 0.0813089 0.0799278 0.0864468 0.0844614 0.0768347 0.0562013 0.0872280 
S0288       0.1035003 0.0939783 0.1069558 0.0984487 0.0000000 0.1054934 0.1111258 0.1121265 0.0156432 0.0684413 0.0074693 0.1091703 0.1200619 0.0134609 0.0991389 0.0922469 0.1031565 0.1013894 0.0928213 0.1277745 0.0089188 0.1096837 0.1284047 0.0904318 0.0110723 0.1078070 0.1002642 0.2433454 0.1129522 0.1112791 0.1036517 0.0270902 0.1616611 0.1097656 0.0063576 0.1046489 0.0947639 0.0925534 0.1010212 0.0927093 0.0968990 0.1254818 0.1077076 0.0789268 0.1182716 0.0620870 0.1038547 0.1008298 0.0930147 0.0983641 0.1171533 0.1006104 0.1567196 0.1205459 0.0841838 0.1105214 0.0726875 0.1043343 0.1587708 0.0926010 0.1568966 0.1127908 0.1130652 0.0748341 0.1033373 0.1125815 0.1615578 0.0961422 0.1147508 0.1013296 0.0076787 0.2169193 0.0796063 0.0074343 0.0059318 0.1087446 0.0751052 0.1132077 0.1009500 0.0963941 0.1175374 0.0999736 0.1173369 0.1053319 0.1091381 0.1086076 0.1222159 0.1028405 0.2020325 0.0948995 0.0850595 0.0959536 0.1041539 0.1231250 0.1002711 0.1108749 0.1048953 0.2194799 0.1119695 0.1181836 0.1061624 0.1052867 0.0993311 0.1199492 0.1033247 0.0981810 0.1059479 0.1190676 
S0292       0.0874900 0.0447209 0.0799617 0.0885764 0.1054934 0.0000000 0.0989242 0.0995631 0.1083959 0.0970979 0.1159754 0.0719334 0.0858410 0.1162927 0.0833472 0.0771691 0.0932599 0.0847717 0.0496903 0.1009718 0.1129279 0.0736355 0.1083933 0.0971663 0.1170660 0.0916894 0.0845864 0.1877678 0.0894553 0.0957768 0.0725681 0.1461428 0.1690126 0.0933678 0.1159066 0.0907898 0.0605443 0.0495595 0.0872191 0.0496369 0.0531961 0.0878901 0.0775032 0.0878197 0.0818761 0.0863538 0.0645718 0.0690035 0.0638088 0.0673443 0.0994965 0.0640921 0.1567734 0.0993817 0.0812356 0.0994634 0.0495120 0.0790799 0.1683314 0.0529297 0.1654891 0.0837784 0.0659773 0.0678141 0.0994774 0.0324354 0.1702423 0.0826544 0.0963818 0.0258658 0.0981739 0.1828541 0.0749321 0.1132959 0.1109059 0.0888082 0.0880301 0.0832814 0.0149586 0.0866504 0.1042054 0.0860573 0.0441692 0.1024243 0.0242470 0.0241222 0.1072184 0.0565381 0.1928616 0.0606913 0.0428703 0.0767234 0.0720573 0.0456012 0.0605926 0.0967096 0.0852568 0.1795544 0.0942361 0.1010245 0.0672462 0.0702419 0.0581348 0.0760307 0.0714315 0.0605103 0.0952533 0.0804206 
S0293       0.0540664 0.0921485 0.1282015 0.0257394 0.1111258 0.0989242 0.0000000 0.0775216 0.1159421 0.1049955 0.1197672 0.1015990 0.0994089 0.1227391 0.0646522 0.0272667 0.0390754 0.0606877 0.0791488 0.0763510 0.1106324 0.1012548 0.0818146 0.1015927 0.1186198 0.0525253 0.0305877 0.2315043 0.0633300 0.0355845 0.1024937 0.0997964 0.1452287 0.0688804 0.1067805 0.0404505 0.0930761 0.0770712 0.0354740 0.0771964 0.0811126 0.1287664 0.1079468 0.1015030 0.1008660 0.1197360 0.1016737 0.1101292 0.0990178 0.0964201 0.0788475 0.0930561 0.1528425 0.1031500 0.0990144 0.1009041 0.0754840 0.1081023 0.1574174 0.0771100 0.1458132 0.1144047 0.1050749 0.0922474 0.0683614 0.1114389 0.1503512 0.0335801 0.0553565 0.0969469 0.1057823 0.2433508 0.0891808 0.1149491 0.1146470 0.0355046 0.0977064 0.0966469 0.0945103 0.0320388 0.0210881 0.0491987 0.1271350 0.0734840 0.1005416 0.1058283 0.0573543 0.0848554 0.2338702 0.0836281 0.0856450 0.0198246 0.1019699 0.1146763 0.0943819 0.0457101 0.0488102 0.2187406 0.0545586 0.0760100 0.0877714 0.0914783 0.0898939 0.0946987 0.0965645 0.0903511 0.0741929 0.0930335 
S0294       0.0631164 0.0970013 0.1261535 0.0625497 0.1121265 0.0995631 0.0775216 0.0000000 0.1114592 0.1055362 0.1185646 0.1045388 0.1106710 0.1153764 0.0664013 0.0518531 0.0648726 0.0642178 0.0830120 0.0899878 0.1092595 0.0954793 0.0729643 0.1192491 0.1178642 0.0608327 0.0587545 0.2389839 0.0650283 0.0724704 0.0983504 0.1010144 0.1584104 0.0745138 0.1051696 0.0716773 0.0835408 0.0827754 0.0611021 0.0829134 0.0869849 0.1146767 0.1081004 0.0974944 0.1014353 0.1123543 0.0939250 0.0923081 0.0952218 0.0849573 0.0544669 0.1013766 0.1615649 0.0881703 0.0908412 0.1118982 0.0673642 0.1007895 0.1570921 0.0828180 0.1458426 0.1006661 0.1037549 0.0862721 0.0761800 0.1084935 0.1505038 0.0587947 0.0734584 0.0995455 0.1007871 0.2257541 0.0959769 0.1180124 0.1155390 0.0643758 0.0978988 0.1043237 0.0931543 0.0571354 0.0525623 0.0578095 0.1262625 0.0734955 0.0968212 0.1068572 0.0780121 0.0927971 0.2279831 0.1038249 0.0520459 0.0562244 0.1123279 0.1177989 0.0835037 0.0759200 0.0628222 0.2305351 0.0710344 0.0799116 0.0964874 0.0900868 0.0888883 0.0990046 0.0952827 0.0833893 0.0762409 0.0999326 
S0303       0.1081793 0.1073053 0.1159865 0.0948451 0.0156432 0.1083959 0.1159421 0.1114592 0.0000000 0.0727265 0.0237088 0.1187850 0.1275364 0.0255724 0.1027521 0.0920387 0.1083368 0.1056480 0.1046458 0.1345012 0.0175176 0.1166422 0.1279830 0.0806730 0.0123191 0.1119409 0.0940548 0.2668677 0.1186980 0.1196283 0.1139024 0.1502361 0.1724580 0.1125414 0.0082111 0.1131672 0.0974038 0.1046458 0.0923858 0.1046458 0.1102355 0.1525714 0.1190657 0.0789573 0.1314948 0.0749418 0.1036735 0.1132229 0.1045992 0.1043669 0.1204414 0.1072927 0.1629321 0.1302445 0.0806313 0.1092972 0.0803177 0.1215034 0.1592773 0.1047147 0.1639738 0.1038573 0.1268569 0.0828575 0.1063398 0.1298243 0.1702561 0.0970669 0.1152432 0.1172314 0.0117479 0.2801052 0.0750835 0.0215458 0.0214580 0.1048591 0.0713410 0.1162449 0.1087116 0.0998567 0.0000010 0.1091285 0.1280268 0.1081188 0.1137127 0.1185729 0.1331903 0.1183203 0.2322297 0.1051793 0.0719826 0.0990683 0.1197157 0.1405444 0.1048141 0.1188729 0.1049874 0.2366445 0.1143066 0.1338392 0.1069997 0.1049914 0.0989585 0.1342404 0.1221912 0.1020287 0.1113367 0.1324704 
S0308       0.0893959 0.0720305 0.1171963 0.0906603 0.0684413 0.0970979 0.1049955 0.1055362 0.0727265 0.0000000 0.0702804 0.1016186 0.1096501 0.0715310 0.0885067 0.0772072 0.0914150 0.0850295 0.0789959 0.1197493 0.0679759 0.0902875 0.1082787 0.0903693 0.0707541 0.0935811 0.0864938 0.2199503 0.0938129 0.0985044 0.0941975 0.0753727 0.1697444 0.0885987 0.0655947 0.0927345 0.0816427 0.0789959 0.0872615 0.0791245 0.0830657 0.1170374 0.0954165 0.0755525 0.1076585 0.0523895 0.0862914 0.0852465 0.0797071 0.0797344 0.1075329 0.0870293 0.1658116 0.1110295 0.0733468 0.0840225 0.0552574 0.0844239 0.1636740 0.0826942 0.1683193 0.0999649 0.1045660 0.0595779 0.0929085 0.1083458 0.1730476 0.0845805 0.0945158 0.1030517 0.0564557 0.1740892 0.0760895 0.0736329 0.0659875 0.0926412 0.0814699 0.1072789 0.0928459 0.0774734 0.1376159 0.0879165 0.1255911 0.0961820 0.1046544 0.1062439 0.1033810 0.0887067 0.1994363 0.0854041 0.0506438 0.0900832 0.0996730 0.1223723 0.0925894 0.0986817 0.0872862 0.1928512 0.0961482 0.1091370 0.0938759 0.0935710 0.0859978 0.1091078 0.0848106 0.0905237 0.0934768 0.1061852 
S0322       0.1049034 0.1008996 0.1199094 0.1067861 0.0074693 0.1159754 0.1197672 0.1185646 0.0237088 0.0702804 0.0000000 0.1132971 0.1263960 0.0165290 0.1052796 0.0983733 0.1117126 0.1055322 0.0962113 0.1343905 0.0150147 0.1159974 0.1350259 0.0964058 0.0159319 0.1119444 0.1063478 0.2692833 0.1168693 0.1180986 0.1097768 0.0200851 0.1719433 0.1139179 0.0112078 0.1110907 0.1008254 0.0959341 0.1073336 0.0960953 0.1003020 0.1393707 0.1160465 0.0847395 0.1268495 0.0714128 0.1101017 0.1089936 0.0990654 0.1024406 0.1259389 0.1066396 0.1634715 0.1293099 0.0880463 0.1167835 0.0817176 0.1128930 0.1656187 0.0959832 0.1674704 0.1191971 0.1214810 0.0820364 0.1119372 0.1258354 0.1722276 0.1023278 0.1189057 0.1117023 0.0156094 0.2170361 0.0874637 0.0119837 0.0104579 0.1149649 0.0829517 0.1198172 0.1112783 0.1025977 0.1077294 0.1013908 0.1286275 0.1115408 0.1196693 0.1190832 0.1264729 0.1062536 0.2321484 0.1029508 0.1066081 0.1064576 0.1146061 0.1341012 0.1042919 0.1174225 0.1113547 0.2403630 0.1161445 0.1224089 0.1103002 0.1114961 0.1076108 0.1285321 0.1073797 0.1021807 0.1100755 0.1277066 
S0335       0.0870178 0.0603709 0.0913974 0.0930459 0.1091703 0.0719334 0.1015990 0.1045388 0.1187850 0.1016186 0.1132971 0.0000000 0.0566159 0.1102560 0.0956523 0.0813061 0.1017597 0.0785459 0.0569481 0.1011263 0.1124190 0.0910750 0.1108848 0.0999350 0.1145284 0.0935869 0.0832990 0.2112860 0.0960512 0.0964280 0.0700844 0.1193402 0.1651661 0.0869985 0.1111876 0.0951425 0.0772202 0.0550459 0.0896926 0.0551329 0.0568443 0.1017245 0.0728675 0.0962952 0.0778321 0.0988668 0.0894663 0.0886036 0.0792694 0.0842984 0.1082759 0.0654959 0.1597755 0.1029690 0.0915283 0.0995550 0.0634615 0.0972156 0.1704449 0.0567823 0.1637062 0.1045735 0.0793655 0.0846818 0.1074698 0.0840124 0.1684028 0.0887773 0.0950265 0.0718369 0.0972396 0.2072341 0.0810003 0.1100867 0.1104072 0.0892035 0.0922134 0.0528318 0.0660843 0.0890054 0.0778203 0.0860780 0.0979881 0.1110796 0.0734709 0.0746360 0.1039528 0.0640712 0.2214648 0.0639123 0.0941164 0.0868200 0.0712156 0.0971206 0.0474682 0.0992845 0.0910180 0.2030964 0.0987034 0.1031304 0.0481972 0.0258451 0.0760362 0.0780283 0.0714724 0.0440172 0.0973314 0.0806127 
S0345       0.0916879 0.0737579 0.0956818 0.0910090 0.1200619 0.0858410 0.0994089 0.1106710 0.1275364 0.1096501 0.1263960 0.0566159 0.0000000 0.1231575 0.0935583 0.0811871 0.0976635 0.0847605 0.0687465 0.0989810 0.1254011 0.0994307 0.1166724 0.1038215 0.1280596 0.0940199 0.0849819 0.2287030 0.0997656 0.0984862 0.0745361 0.1175175 0.1659526 0.0930165 0.1204346 0.0988207 0.0870944 0.0667274 0.0914007 0.0668357 0.0668099 0.0972762 0.0812552 0.1006136 0.0897439 0.1129185 0.0974536 0.0968519 0.0929917 0.0923785 0.1039773 0.0735049 0.1629770 0.1197443 0.1036040 0.0984151 0.0698894 0.1077271 0.1833737 0.0703560 0.1617322 0.1153738 0.0814454 0.0978468 0.1032514 0.1007411 0.1664308 0.0886516 0.1006674 0.0895854 0.1138885 0.2460961 0.0911608 0.1236977 0.1233290 0.0949128 0.1028059 0.0341464 0.0815928 0.0889082 0.0603149 0.0864744 0.1127050 0.1088066 0.0893530 0.0904372 0.1116901 0.0743574 0.2480294 0.0681912 0.0853282 0.0867217 0.0775169 0.1056404 0.0584396 0.0932105 0.0914036 0.2351980 0.0945302 0.1107612 0.0263502 0.0512837 0.0861455 0.0780508 0.0736990 0.0548309 0.1016114 0.0826782 
S0355       0.1105714 0.1028659 0.1167652 0.1097740 0.0134609 0.1162927 0.1227391 0.1153764 0.0255724 0.0715310 0.0165290 0.1102560 0.1231575 0.0000000 0.1082841 0.0993894 0.1126525 0.1065291 0.0997792 0.1373619 0.0210442 0.1189905 0.1316212 0.0994065 0.0207386 0.1128847 0.1073130 0.2619590 0.1202375 0.1190417 0.1107314 0.0270902 0.1739435 0.1129082 0.0127774 0.1120299 0.1038308 0.0994915 0.1083001 0.0996586 0.1038922 0.1423422 0.1190383 0.0877624 0.1320519 0.0660986 0.1131156 0.1100318 0.1001616 0.1074415 0.1268069 0.1076041 0.1700071 0.1259680 0.0891214 0.1197452 0.0809024 0.1118688 0.1722453 0.0995422 0.1695403 0.1201905 0.1223525 0.0764008 0.1149389 0.1260315 0.1743035 0.1033182 0.1197911 0.1162516 0.0134699 0.2526758 0.0905061 0.0179971 0.0103964 0.1158774 0.0859825 0.1166761 0.1116513 0.1035890 0.1175374 0.1070515 0.1353663 0.1124807 0.1226420 0.1193600 0.1232337 0.1098669 0.2280960 0.1059513 0.0679391 0.1094888 0.1176163 0.1344347 0.1052700 0.1183201 0.1122943 0.2362572 0.1170572 0.1232790 0.1072744 0.1084728 0.1105718 0.1337242 0.1103811 0.1031716 0.1110295 0.1329398 
S0376       0.0475240 0.0698617 0.1216471 0.0488735 0.0991389 0.0833472 0.0646522 0.0664013 0.1027521 0.0885067 0.1052796 0.0956523 0.0935583 0.1082841 0.0000000 0.0437171 0.0578470 0.0555013 0.0644384 0.0492037 0.0944725 0.0830463 0.0762907 0.0866768 0.1059853 0.0511852 0.0454208 0.2101622 0.0528798 0.0591276 0.0946233 0.0999807 0.1370036 0.0636336 0.0981147 0.0523407 0.0758659 0.0642630 0.0491235 0.0643661 0.0681335 0.0956025 0.0996884 0.0859949 0.0891048 0.0907324 0.0796487 0.0823142 0.0790553 0.0694981 0.0555146 0.0831921 0.1467933 0.0797193 0.0814382 0.0986345 0.0595071 0.0851428 0.1421159 0.0678362 0.1347466 0.0877314 0.0931746 0.0698103 0.0563995 0.0933205 0.1392143 0.0469597 0.0642478 0.0851422 0.0952865 0.2059818 0.0728033 0.1027168 0.1004151 0.0505926 0.0843664 0.0874410 0.0791629 0.0521612 0.0691568 0.0460840 0.1016771 0.0593295 0.0849238 0.0903149 0.0667767 0.0717648 0.2011568 0.0815705 0.0937368 0.0461983 0.0900953 0.0962764 0.0810660 0.0596975 0.0474376 0.1869201 0.0532178 0.0581903 0.0821665 0.0894000 0.0713428 0.0868367 0.0830910 0.0809575 0.0390339 0.0876253 
S0400       0.0337493 0.0652924 0.1102087 0.0193572 0.0922469 0.0771691 0.0272667 0.0518531 0.0920387 0.0772072 0.0983733 0.0813061 0.0811871 0.0993894 0.0437171 0.0000000 0.0227342 0.0428786 0.0585001 0.0648905 0.0918482 0.0829932 0.0596471 0.0857846 0.0987255 0.0322428 0.0118105 0.2111435 0.0456445 0.0188772 0.0782447 0.0980190 0.1336273 0.0525451 0.0889672 0.0210187 0.0716947 0.0565928 0.0103472 0.0566821 0.0603283 0.1051297 0.0892019 0.0812786 0.0826677 0.0886932 0.0815341 0.0841890 0.0828036 0.0731445 0.0515611 0.0697119 0.1381872 0.0772832 0.0825218 0.0883236 0.0534649 0.0874974 0.1432520 0.0566211 0.1312568 0.0838674 0.0829380 0.0721600 0.0521460 0.0888821 0.1333641 0.0058249 0.0351041 0.0753036 0.0798663 0.2171185 0.0757976 0.0979040 0.0956863 0.0164124 0.0813238 0.0787130 0.0730978 0.0102897 0.0137284 0.0323149 0.1035003 0.0536267 0.0787595 0.0838643 0.0403542 0.0638619 0.2150892 0.0681110 0.0517548 0.0134943 0.0816733 0.0920892 0.0748357 0.0258511 0.0304523 0.2073474 0.0340455 0.0558850 0.0683845 0.0717763 0.0688886 0.0768446 0.0730829 0.0710410 0.0490972 0.0811940 
S0405       0.0474269 0.0826354 0.1242916 0.0339584 0.1031565 0.0932599 0.0390754 0.0648726 0.1083368 0.0914150 0.1117126 0.1017597 0.0976635 0.1126525 0.0578470 0.0227342 0.0000000 0.0573113 0.0755456 0.0748161 0.1027302 0.0935730 0.0727995 0.1022523 0.1085073 0.0458876 0.0195060 0.2143068 0.0547987 0.0359987 0.0965957 0.1010785 0.1529081 0.0655544 0.1005598 0.0306376 0.0838247 0.0753366 0.0308670 0.0754589 0.0793608 0.1205809 0.1080350 0.0955140 0.0952339 0.0988273 0.0921149 0.0985301 0.0933559 0.0833168 0.0628633 0.0912631 0.1559935 0.0974043 0.0911623 0.1028869 0.0678411 0.0964575 0.1616129 0.0753746 0.1490205 0.1025088 0.0973210 0.0848844 0.0636472 0.0986233 0.1536038 0.0258728 0.0520734 0.0932666 0.0930630 0.2096358 0.0899659 0.1091181 0.1088327 0.0273971 0.0897050 0.0954918 0.0908614 0.0306868 0.0205491 0.0459897 0.1183246 0.0612330 0.0968491 0.1021223 0.0543908 0.0830937 0.2113052 0.0896283 0.0523970 0.0279908 0.1042074 0.1108930 0.0869486 0.0356921 0.0355304 0.2098731 0.0478556 0.0672681 0.0842575 0.0895935 0.0886230 0.0891441 0.0929298 0.0868326 0.0619364 0.0956856 
S0412sl     0.0449815 0.0621998 0.0999262 0.0515571 0.1013894 0.0847717 0.0606877 0.0642178 0.1056480 0.0850295 0.1055322 0.0785459 0.0847605 0.1065291 0.0555013 0.0428786 0.0573113 0.0000000 0.0579155 0.0740581 0.1007203 0.0790726 0.0557714 0.0748996 0.1082901 0.0451118 0.0462972 0.1993675 0.0522734 0.0564265 0.0757023 0.0907277 0.1261211 0.0345951 0.0981874 0.0517054 0.0694123 0.0559766 0.0517755 0.0560665 0.0597753 0.0902976 0.0849275 0.0780124 0.0827943 0.0914655 0.0714168 0.0785058 0.0770803 0.0729206 0.0659814 0.0730380 0.1370867 0.0678158 0.0732906 0.0850243 0.0465186 0.0786341 0.1286970 0.0595158 0.1205073 0.0850565 0.0805705 0.0672003 0.0648533 0.0956837 0.1249193 0.0496140 0.0549064 0.0808801 0.0898726 0.1519750 0.0722774 0.0982716 0.1026824 0.0498614 0.0818824 0.0805205 0.0748828 0.0480693 0.0505301 0.0453701 0.0982536 0.0606388 0.0844386 0.0876009 0.0573187 0.0633226 0.1691217 0.0732765 0.0681820 0.0453584 0.0816700 0.1021139 0.0747851 0.0551999 0.0380174 0.1715919 0.0436005 0.0722555 0.0738207 0.0728648 0.0781774 0.0748866 0.0690231 0.0709084 0.0630273 0.0718022 
S0419       0.0623457 0.0018449 0.0731986 0.0676477 0.0928213 0.0496903 0.0791488 0.0830120 0.1046458 0.0789959 0.0962113 0.0569481 0.0687465 0.0997792 0.0644384 0.0585001 0.0755456 0.0579155 0.0000000 0.0750490 0.0980091 0.0661666 0.0971799 0.0793212 0.0987896 0.0661715 0.0603190 0.1935633 0.0738146 0.0716409 0.0380558 0.0902972 0.1369109 0.0736021 0.0975462 0.0731386 0.0496187 0.0014489 0.0643534 0.0014510 0.0043803 0.0803202 0.0461670 0.0738816 0.0758721 0.0786851 0.0626132 0.0618196 0.0552163 0.0600794 0.0867079 0.0357816 0.1344663 0.0761667 0.0659876 0.0813785 0.0381032 0.0769065 0.1440720 0.0058277 0.1316670 0.0760402 0.0570162 0.0627565 0.0795474 0.0625263 0.1366406 0.0655100 0.0784637 0.0530164 0.0894647 0.2090788 0.0615926 0.0983213 0.0960606 0.0659520 0.0703672 0.0664090 0.0443395 0.0674696 0.0594895 0.0648862 0.0755295 0.0782665 0.0512040 0.0561353 0.0830804 0.0088129 0.1960348 0.0342496 0.0593907 0.0613326 0.0428567 0.0730653 0.0515896 0.0751407 0.0642962 0.1837484 0.0725189 0.0791452 0.0579873 0.0555967 0.0528261 0.0683362 0.0294006 0.0497642 0.0718989 0.0707749 
S0427       0.0616941 0.0865984 0.1214512 0.0634451 0.1277745 0.1009718 0.0763510 0.0899878 0.1345012 0.1197493 0.1343905 0.1011263 0.0989810 0.1373619 0.0492037 0.0648905 0.0748161 0.0740581 0.0750490 0.0000000 0.1225642 0.1026450 0.1002317 0.1095072 0.1318097 0.0616458 0.0632457 0.2029638 0.0713812 0.0745637 0.1041047 0.1182244 0.1456392 0.0809325 0.1290234 0.0706327 0.0930876 0.0730114 0.0708263 0.0731290 0.0769807 0.1203401 0.1091775 0.1025944 0.0977352 0.1282374 0.0991682 0.1017221 0.1024075 0.0920363 0.0782711 0.0885798 0.1568185 0.0991099 0.1056169 0.1203067 0.0756119 0.1014664 0.1624147 0.0766412 0.1437252 0.1116711 0.1071566 0.1004394 0.0769771 0.1096146 0.1482511 0.0719312 0.0795091 0.1028257 0.1203658 0.2453516 0.0945525 0.1293412 0.1248137 0.0722953 0.1048654 0.0948003 0.0965267 0.0739155 0.0606898 0.0641987 0.1173655 0.0780217 0.1045383 0.1081159 0.0823368 0.0806699 0.2357061 0.0906915 0.1136916 0.0591116 0.0954459 0.1212556 0.0869063 0.0727209 0.0637251 0.2016285 0.0718589 0.0729460 0.0837712 0.1013217 0.0961514 0.0915765 0.0884728 0.0849560 0.0473959 0.0943101 
S0430       0.1048206 0.1006041 0.1167195 0.0980194 0.0089188 0.1129279 0.1106324 0.1092595 0.0175176 0.0679759 0.0150147 0.1124190 0.1254011 0.0210442 0.0944725 0.0918482 0.1027302 0.1007203 0.0980091 0.1225642 0.0000000 0.1089645 0.1253539 0.0898300 0.0094198 0.1071012 0.0975911 0.2583657 0.1101039 0.1107587 0.1089259 0.0270902 0.1668516 0.1090456 0.0047213 0.1062584 0.0941586 0.0977266 0.1005772 0.0978907 0.1021115 0.1359579 0.1129972 0.0784345 0.1217595 0.0662392 0.1031766 0.1060581 0.0962594 0.0977349 0.1163833 0.1057877 0.1629637 0.1218946 0.0836584 0.1098032 0.0748243 0.1015502 0.1605722 0.0977764 0.1622325 0.1120426 0.1205329 0.0742541 0.1029678 0.1226202 0.1669428 0.0957251 0.1139632 0.1086806 0.0076465 0.2357360 0.0771277 0.0118959 0.0134144 0.1059590 0.0728756 0.1125960 0.1083077 0.0959748 0.1175374 0.1013110 0.1275059 0.1026066 0.1165814 0.1160159 0.1213635 0.1080754 0.2200984 0.1000660 0.0850595 0.0975746 0.1115614 0.1307394 0.1034957 0.1124848 0.1065429 0.2283550 0.1112324 0.1173623 0.1094402 0.1064851 0.0989337 0.1234297 0.1085817 0.1014028 0.1011372 0.1225759 
S0552sl     0.0935424 0.0658113 0.0942029 0.0926586 0.1096837 0.0736355 0.1012548 0.0954793 0.1166422 0.0902875 0.1159974 0.0910750 0.0994307 0.1189905 0.0830463 0.0829932 0.0935730 0.0790726 0.0661666 0.1026450 0.1089645 0.0000000 0.1106095 0.0973169 0.1130878 0.0913550 0.0905269 0.2173247 0.0920950 0.1050653 0.0806635 0.1000431 0.1691667 0.0917306 0.1093804 0.0949112 0.0311314 0.0659864 0.0932494 0.0660922 0.0698760 0.0716215 0.0818768 0.0904580 0.0881674 0.0969752 0.0313193 0.0491353 0.0229083 0.0307051 0.0993691 0.0833801 0.1537194 0.0988877 0.0856726 0.0984552 0.0290748 0.0581281 0.1641301 0.0713387 0.1551045 0.0607294 0.0855832 0.0779337 0.1038496 0.0798048 0.1597658 0.0904767 0.1063873 0.0749912 0.1062316 0.1734179 0.0770316 0.1091236 0.1109243 0.0967641 0.0905911 0.0992187 0.0676506 0.0869724 0.0940473 0.0879713 0.0965863 0.1067997 0.0734221 0.0822444 0.1111878 0.0753394 0.2081960 0.0798127 0.0669330 0.0846176 0.0901457 0.0905912 0.0772592 0.1028836 0.0913513 0.1883037 0.1004547 0.1008317 0.0824835 0.0855944 0.0544994 0.0822477 0.0738968 0.0771555 0.0931241 0.0866308 
S0558       0.0656875 0.1066038 0.1340515 0.0686214 0.1284047 0.1083933 0.0818146 0.0729643 0.1279830 0.1082787 0.1350259 0.1108848 0.1166724 0.1316212 0.0762907 0.0596471 0.0727995 0.0557714 0.0971799 0.1002317 0.1253539 0.1106095 0.0000000 0.1119055 0.1330373 0.0677488 0.0630918 0.2457527 0.0582466 0.0827275 0.1118147 0.1238891 0.1663807 0.0605489 0.1220860 0.0759818 0.0958613 0.0949503 0.0689857 0.0951084 0.0972737 0.1315791 0.1234123 0.1007457 0.1123813 0.1272898 0.1031035 0.1098712 0.1103484 0.0997567 0.0877393 0.1117895 0.1626157 0.1045728 0.1039406 0.1223580 0.0808842 0.1055266 0.1651262 0.0988067 0.1631867 0.1112591 0.1173351 0.0938530 0.0787756 0.1193535 0.1679260 0.0666069 0.0737006 0.1122765 0.1144612 0.2318815 0.1065177 0.1343925 0.1318083 0.0685959 0.1049243 0.1099012 0.1057393 0.0649542 0.0501578 0.0588780 0.1292788 0.0743627 0.1120143 0.1196162 0.0800192 0.1051505 0.2137697 0.1142958 0.0874409 0.0586083 0.1238863 0.1327586 0.1055891 0.0820312 0.0672872 0.2230078 0.0603659 0.0761741 0.1041194 0.0983390 0.1072477 0.0997394 0.1096251 0.1013914 0.0826310 0.1026395 
S0616       0.0942868 0.0724108 0.1233790 0.0880370 0.0904318 0.0971663 0.1015927 0.1192491 0.0806730 0.0903693 0.0964058 0.0999350 0.1038215 0.0994065 0.0866768 0.0857846 0.1022523 0.0748996 0.0793212 0.1095072 0.0898300 0.0973169 0.1119055 0.0000000 0.0924102 0.0947378 0.0840746 0.2227462 0.1008447 0.1013690 0.0961239 0.1511728 0.1692238 0.0839425 0.0846602 0.0939736 0.0848056 0.0772381 0.0904083 0.0773638 0.0812903 0.1163484 0.0972290 0.0657707 0.1097735 0.0683953 0.0913346 0.0940274 0.0908295 0.0864554 0.1048016 0.0889824 0.1642644 0.1001648 0.0651397 0.0805285 0.0609223 0.0993414 0.1749946 0.0809268 0.1605297 0.1048755 0.1065536 0.0525354 0.1021741 0.1103060 0.1652466 0.0932334 0.0976511 0.0933271 0.0713489 0.1988982 0.0296520 0.0939185 0.0917307 0.0976391 0.0641137 0.1036002 0.0946900 0.0916569 0.1035374 0.0908851 0.1130045 0.1117640 0.1007026 0.1042673 0.1085708 0.0869159 0.1787124 0.0834845 0.0748346 0.0856228 0.0977556 0.1133150 0.0946188 0.1024371 0.0903546 0.1743592 0.0988443 0.1070076 0.0883394 0.0954717 0.0873019 0.1053792 0.0904863 0.0886886 0.1031570 0.1038174 
S0620       0.1128675 0.0984406 0.1210725 0.1054294 0.0110723 0.1170660 0.1186198 0.1178642 0.0123191 0.0707541 0.0159319 0.1145284 0.1280596 0.0207386 0.1059853 0.0987255 0.1085073 0.1082901 0.0987896 0.1318097 0.0094198 0.1130878 0.1330373 0.0924102 0.0000000 0.1127659 0.1049351 0.2697490 0.1186920 0.1197828 0.1130418 0.0348320 0.1744856 0.1104456 0.0032546 0.1143846 0.0949970 0.0984864 0.1059648 0.0986625 0.1009893 0.1423008 0.1174283 0.0861864 0.1292383 0.0645301 0.1068630 0.1099266 0.0969213 0.1009614 0.1221875 0.1074372 0.1732236 0.1288001 0.0918134 0.1113852 0.0762145 0.1051915 0.1671222 0.0985399 0.1653341 0.1137878 0.1255277 0.0805965 0.1087760 0.1278638 0.1702702 0.1029219 0.1184306 0.1150258 0.0061086 0.2434964 0.0804866 0.0142410 0.0142679 0.1118040 0.0781294 0.1190215 0.1123549 0.1032091 0.1303600 0.1068812 0.1284509 0.1083022 0.1189226 0.1206449 0.1308481 0.1073217 0.2135400 0.1034754 0.0825279 0.1050611 0.1136293 0.1368095 0.1071482 0.1188725 0.1126183 0.2181775 0.1198500 0.1242123 0.1111544 0.1081965 0.1000927 0.1310269 0.1126582 0.1048944 0.1133684 0.1301676 
S0641       0.0341007 0.0753744 0.1134805 0.0405127 0.1078070 0.0916894 0.0525253 0.0608327 0.1119409 0.0935811 0.1119444 0.0935869 0.0940199 0.1128847 0.0511852 0.0322428 0.0458876 0.0451118 0.0661715 0.0616458 0.1071012 0.0913550 0.0677488 0.0947378 0.1127659 0.0000000 0.0338840 0.2289734 0.0498113 0.0482525 0.0884563 0.0983138 0.1484401 0.0569112 0.1074416 0.0422252 0.0822316 0.0641927 0.0406532 0.0642955 0.0680585 0.1190931 0.0978025 0.0941608 0.0898214 0.1078676 0.0923701 0.0989722 0.0976023 0.0874178 0.0559997 0.0832416 0.1552243 0.0855474 0.0915707 0.0994916 0.0683341 0.0990688 0.1586220 0.0677619 0.1466066 0.1029798 0.0977611 0.0832426 0.0549851 0.1020629 0.1512297 0.0386793 0.0421123 0.0935233 0.0960164 0.2383062 0.0824417 0.1072572 0.1090559 0.0421894 0.0922739 0.0918948 0.0873560 0.0404121 0.0279815 0.0359858 0.1125436 0.0544654 0.0909237 0.0986111 0.0442673 0.0716857 0.2231501 0.0816189 0.0595115 0.0361654 0.0857029 0.1072892 0.0854203 0.0475349 0.0293074 0.2217409 0.0294884 0.0620593 0.0806798 0.0879695 0.0870150 0.0831827 0.0829991 0.0814594 0.0550718 0.0883316 
S0643       0.0353938 0.0651254 0.1123027 0.0194712 0.1002642 0.0845864 0.0305877 0.0587545 0.0940548 0.0864938 0.1063478 0.0832990 0.0849819 0.1073130 0.0454208 0.0118105 0.0195060 0.0462972 0.0603190 0.0632457 0.0975911 0.0905269 0.0630918 0.0840746 0.1049351 0.0338840 0.0000000 0.2073128 0.0456427 0.0255207 0.0838616 0.1255220 0.1365596 0.0543096 0.0950970 0.0210370 0.0790291 0.0583969 0.0164721 0.0584893 0.0621589 0.1130864 0.0949241 0.0832422 0.0808929 0.0884562 0.0890797 0.0916878 0.0903195 0.0804669 0.0549778 0.0769932 0.1456926 0.0865822 0.0808102 0.0940561 0.0612535 0.0893861 0.1509895 0.0584261 0.1390447 0.0954491 0.0885530 0.0719724 0.0507282 0.0965307 0.1435371 0.0178511 0.0367438 0.0826888 0.0818922 0.2074557 0.0684456 0.1058377 0.1035634 0.0163073 0.0757556 0.0829166 0.0804130 0.0194258 0.0204474 0.0339598 0.1114603 0.0536245 0.0861814 0.0913308 0.0420378 0.0657109 0.2024179 0.0716585 0.0517548 0.0166516 0.0892312 0.0997383 0.0821705 0.0274573 0.0320745 0.1993766 0.0357053 0.0542691 0.0702816 0.0753488 0.0782800 0.0750921 0.0749294 0.0783011 0.0525539 0.0794159 
S0673       0.2098579 0.1968718 0.1983198 0.2121462 0.2433454 0.1877678 0.2315043 0.2389839 0.2668677 0.2199503 0.2692833 0.2112860 0.2287030 0.2619590 0.2101622 0.2111435 0.2143068 0.1993675 0.1935633 0.2029638 0.2583657 0.2173247 0.2457527 0.2227462 0.2697490 0.2289734 0.2073128 0.0000000 0.2082905 0.2457721 0.2149123 0.3442542 0.3216648 0.2068828 0.2612753 0.2261984 0.2011393 0.1935633 0.2120299 0.1935633 0.2007481 0.2216468 0.2186431 0.2210981 0.2482972 0.2417875 0.2039983 0.2040752 0.2137014 0.2041329 0.2490533 0.1866696 0.3275406 0.2208122 0.2178457 0.2200839 0.1644006 0.2175868 0.3192768 0.1966769 0.3296627 0.2421763 0.2086573 0.2205591 0.2190349 0.2167982 0.3375354 0.2144009 0.2215385 0.1989017 0.2531296 0.0909991 0.2067747 0.2470361 0.2605997 0.2126548 0.2272027 0.2162764 0.1793282 0.2184732 0.0000010 0.2142426 0.2161988 0.2251540 0.1880023 0.1966859 0.2337995 0.2075497 0.1719525 0.1936048 0.3036644 0.2089589 0.2108802 0.2087719 0.2206132 0.2334214 0.2035662 0.1535119 0.2053275 0.2158740 0.1857558 0.2038668 0.2162599 0.2478626 0.2038490 0.2201167 0.2167944 0.2518508 
S0689       0.0461984 0.0833095 0.1247644 0.0508603 0.1129522 0.0894553 0.0633300 0.0650283 0.1186980 0.0938129 0.1168693 0.0960512 0.0997656 0.1202375 0.0528798 0.0456445 0.0547987 0.0522734 0.0738146 0.0713812 0.1101039 0.0920950 0.0582466 0.1008447 0.1186920 0.0498113 0.0456427 0.2082905 0.0000000 0.0632278 0.0990773 0.0900669 0.1491136 0.0640585 0.1037085 0.0544317 0.0784845 0.0717710 0.0545108 0.0718872 0.0757536 0.1167224 0.1082908 0.0882896 0.0897823 0.1130874 0.0906290 0.0894887 0.0918815 0.0799272 0.0577636 0.0913159 0.1515156 0.0803350 0.0858656 0.1070196 0.0663045 0.0886744 0.1541519 0.0736297 0.1479060 0.1009961 0.1015732 0.0785983 0.0512978 0.0978297 0.1525140 0.0506784 0.0625778 0.0912773 0.1053872 0.2127849 0.0808467 0.1187880 0.1163328 0.0542967 0.0849864 0.0937511 0.0871748 0.0541783 0.0352737 0.0447468 0.1050195 0.0510811 0.0910712 0.0945632 0.0650804 0.0794614 0.1999167 0.0896800 0.0691757 0.0429803 0.0964972 0.1067931 0.0796741 0.0600246 0.0460503 0.2007822 0.0518419 0.0359091 0.0882177 0.0821472 0.0851021 0.0856035 0.0890844 0.0776195 0.0516582 0.0839010 
S0690       0.0480027 0.0856907 0.1334845 0.0338033 0.1112791 0.0957768 0.0355845 0.0724704 0.1196283 0.0985044 0.1180986 0.0964280 0.0984862 0.1190417 0.0591276 0.0188772 0.0359987 0.0564265 0.0716409 0.0745637 0.1107587 0.1050653 0.0827275 0.1013690 0.1197828 0.0482525 0.0255207 0.2457721 0.0632278 0.0000000 0.0978786 0.0905303 0.1490843 0.0649457 0.1090563 0.0357325 0.0922797 0.0695214 0.0272562 0.0696391 0.0736556 0.1280192 0.1099378 0.1031265 0.1024195 0.1151175 0.1014034 0.1040346 0.0985131 0.0939448 0.0720741 0.0842100 0.1586572 0.0986680 0.1003086 0.1046549 0.0739014 0.1104869 0.1621696 0.0695214 0.1496702 0.1084299 0.0982847 0.0963168 0.0646114 0.1087760 0.1544787 0.0237242 0.0529563 0.0936739 0.1050948 0.3226891 0.0948016 0.1149498 0.1149891 0.0306546 0.0989479 0.0914261 0.0912080 0.0270908 0.0138553 0.0447858 0.1251082 0.0719319 0.0955088 0.0983817 0.0554032 0.0775142 0.2581651 0.0864160 0.0593900 0.0275743 0.1016052 0.1101502 0.0875170 0.0411677 0.0442950 0.2397276 0.0465036 0.0746248 0.0867379 0.0882738 0.0827773 0.0959147 0.0917943 0.0833598 0.0629547 0.0984502 
S0720       0.0843143 0.0407487 0.0599956 0.0937823 0.1036517 0.0725681 0.1024937 0.0983504 0.1139024 0.0941975 0.1097768 0.0700844 0.0745361 0.1107314 0.0946233 0.0782447 0.0965957 0.0757023 0.0380558 0.1041047 0.1089259 0.0806635 0.1118147 0.0961239 0.1130418 0.0884563 0.0838616 0.2149123 0.0990773 0.0978786 0.0000000 0.1088521 0.1642619 0.0901367 0.1118579 0.0914562 0.0652248 0.0362916 0.0884562 0.0363479 0.0379880 0.0827524 0.0180409 0.0905204 0.0819517 0.0899559 0.0750571 0.0719169 0.0690543 0.0740865 0.1088169 0.0357986 0.1600690 0.1000919 0.0877584 0.0924820 0.0444988 0.0798191 0.1711278 0.0396103 0.1556356 0.0892471 0.0700127 0.0805415 0.0945923 0.0848435 0.1640852 0.0857255 0.0996055 0.0761915 0.0952786 0.2125512 0.0836649 0.1092796 0.1048641 0.0899785 0.0883625 0.0758763 0.0685021 0.0878713 0.0684291 0.0872859 0.1009409 0.1040979 0.0759966 0.0772890 0.1067176 0.0448259 0.2037787 0.0292260 0.0678424 0.0813923 0.0428772 0.0961096 0.0702153 0.0961389 0.0864186 0.2164122 0.0870110 0.1067602 0.0655599 0.0647641 0.0735392 0.0705059 0.0392058 0.0646394 0.0965935 0.0729853 
S0724sl     0.1006257 0.1502361 0.1086317 0.1071036 0.0270902 0.1461428 0.0997964 0.1010144 0.1502361 0.0753727 0.0200851 0.1193402 0.1175175 0.0270902 0.0999807 0.0980190 0.1010785 0.0907277 0.0902972 0.1182244 0.0270902 0.1000431 0.1238891 0.1511728 0.0348320 0.0983138 0.1255220 0.3442542 0.0900669 0.0905303 0.1088521 0.0000000 0.1254799 0.0920390 0.0287263 0.0818367 0.0994171 0.0891882 0.1460556 0.0898314 0.0897571 0.1090267 0.1093655 0.0923727 0.1161355 0.1502361 0.1078352 0.0986847 0.0659104 0.0829611 0.1015456 0.0989841 0.1385164 0.1208284 0.1202753 0.1395903 0.0636636 0.0535368 0.1284090 0.0891882 0.1233081 0.1360411 0.1162720 0.1502361 0.0920967 0.1160186 0.1233081 0.0980190 0.1164742 0.1146579 0.1502361 0.0000010 0.1185879 0.0270902 0.0205950 0.1166095 0.1037762 0.1179464 0.1233979 0.0980190 0.0970284 0.0828280 0.1354236 0.1100394 0.1434452 0.1240771 0.0903144 0.0891882 0.0000010 0.0989841 0.0000010 0.0994757 0.1011242 0.1255749 0.0984744 0.0983683 0.1192457 0.0000010 0.1080959 0.0812174 0.1389947 0.1109839 0.1151457 0.1145572 0.0894038 0.0986847 0.1122331 0.1166473 
S0735       0.1431307 0.1616378 0.1612195 0.1252803 0.1616611 0.1690126 0.1452287 0.1584104 0.1724580 0.1697444 0.1719433 0.1651661 0.1659526 0.1739435 0.1370036 0.1336273 0.1529081 0.1261211 0.1369109 0.1456392 0.1668516 0.1691667 0.1663807 0.1692238 0.1744856 0.1484401 0.1365596 0.3216648 0.1491136 0.1490843 0.1642619 0.1254799 0.0000000 0.1462351 0.1493056 0.1432048 0.1424212 0.1342643 0.1416452 0.1345057 0.1393409 0.1960448 0.1722083 0.1556584 0.1668447 0.1826782 0.1654412 0.1741582 0.1584592 0.1596570 0.1557584 0.1492310 0.0596205 0.1690452 0.1519607 0.1725141 0.1306777 0.1680192 0.0528894 0.1386288 0.0175368 0.1863050 0.1653577 0.1619345 0.1430389 0.1848494 0.0191556 0.1423041 0.1609669 0.1761600 0.1656631 0.2997881 0.1456807 0.1685726 0.1693039 0.1460481 0.1555248 0.1495219 0.1632676 0.1362789 0.1152918 0.1459662 0.1885715 0.1597322 0.1757912 0.1744538 0.1565389 0.1437885 0.2586372 0.1427128 0.1408268 0.1296292 0.1539348 0.1902836 0.1521857 0.1571093 0.1295389 0.2452270 0.1561825 0.1592905 0.1411870 0.1506221 0.1399260 0.1682790 0.1474850 0.1473204 0.1469946 0.1677033 
S0742       0.0515271 0.0799770 0.1127002 0.0561936 0.1097656 0.0933678 0.0688804 0.0745138 0.1125414 0.0885987 0.1139179 0.0869985 0.0930165 0.1129082 0.0636336 0.0525451 0.0655544 0.0345951 0.0736021 0.0809325 0.1090456 0.0917306 0.0605489 0.0839425 0.1104456 0.0569112 0.0543096 0.2068828 0.0640585 0.0649457 0.0901367 0.0920390 0.1462351 0.0000000 0.1044636 0.0598175 0.0837741 0.0715647 0.0616441 0.0716803 0.0755354 0.1144766 0.1031771 0.0896802 0.0834159 0.1036102 0.0877823 0.0948411 0.0891436 0.0834631 0.0781150 0.0867857 0.1481387 0.0858979 0.0851749 0.0964761 0.0636899 0.0963993 0.1514858 0.0752013 0.1417451 0.1001220 0.0924061 0.0771464 0.0636922 0.1084120 0.1462691 0.0593713 0.0702083 0.0932130 0.0976032 0.2089730 0.0841586 0.1106823 0.1090782 0.0596668 0.0899234 0.0924309 0.0870677 0.0543392 0.0510637 0.0446914 0.1130289 0.0687694 0.0890519 0.1003096 0.0693046 0.0810803 0.2034690 0.0851092 0.0692377 0.0518201 0.0957406 0.1108000 0.0770744 0.0673336 0.0511300 0.2075078 0.0517311 0.0732031 0.0799041 0.0791656 0.0806162 0.0810585 0.0826484 0.0732375 0.0696084 0.0817903 
S0748       0.1049902 0.0988454 0.1172174 0.0913737 0.0063576 0.1159066 0.1067805 0.1051696 0.0082111 0.0655947 0.0112078 0.1111876 0.1204346 0.0127774 0.0981147 0.0889672 0.1005598 0.0981874 0.0975462 0.1290234 0.0047213 0.1093804 0.1220860 0.0846602 0.0032546 0.1074416 0.0950970 0.2612753 0.1037085 0.1090563 0.1118579 0.0287263 0.1493056 0.1044636 0.0000000 0.1021366 0.0937298 0.0972449 0.0939382 0.0974199 0.0995954 0.1355634 0.1162680 0.0789106 0.1277909 0.0627036 0.1007512 0.1061692 0.0909147 0.0997277 0.1166649 0.1083734 0.1467613 0.1187979 0.0802628 0.1059818 0.0675839 0.0994954 0.1416450 0.0952138 0.1453146 0.1075332 0.1244182 0.0707563 0.0983290 0.1267485 0.1501682 0.0931032 0.1103501 0.1137912 0.0020362 0.2492361 0.0772941 0.0111599 0.0095637 0.1018298 0.0729274 0.1135656 0.1111735 0.0933633 0.1122388 0.1012200 0.1275899 0.1003944 0.1155920 0.1195113 0.1182925 0.1083398 0.2222490 0.1021957 0.0832700 0.0928480 0.1101697 0.1307405 0.1014275 0.1089529 0.1046411 0.2270830 0.1118840 0.1112277 0.1054886 0.1025635 0.1010077 0.1272410 0.1114760 0.0995887 0.1056455 0.1263504 
S0756       0.0404817 0.0798146 0.1102967 0.0321046 0.1046489 0.0907898 0.0404505 0.0716773 0.1131672 0.0927345 0.1110907 0.0951425 0.0988207 0.1120299 0.0523407 0.0210187 0.0306376 0.0517054 0.0731386 0.0706327 0.1062584 0.0949112 0.0759818 0.0939736 0.1143846 0.0422252 0.0210370 0.2261984 0.0544317 0.0357325 0.0914562 0.0818367 0.1432048 0.0598175 0.1021366 0.0000000 0.0888567 0.0711163 0.0290425 0.0712306 0.0750580 0.1199137 0.1026637 0.0932306 0.0881987 0.0958582 0.0934231 0.0980003 0.0946921 0.0846716 0.0605979 0.0754596 0.1532108 0.0947736 0.0944327 0.1042736 0.0715546 0.0979753 0.1587388 0.0711520 0.1434983 0.1058438 0.0961444 0.0869478 0.0596657 0.0984780 0.1480201 0.0272310 0.0450751 0.0888552 0.1030912 0.2178547 0.0838193 0.1105532 0.1082320 0.0289677 0.0889429 0.0986129 0.0865066 0.0257443 0.0137606 0.0423194 0.1095482 0.0625654 0.0923971 0.0938536 0.0505918 0.0787289 0.2189461 0.0795386 0.0953442 0.0261800 0.0859099 0.1062243 0.0920125 0.0258548 0.0352843 0.2058163 0.0441412 0.0632250 0.0798345 0.0908508 0.0898721 0.0822941 0.0822528 0.0880233 0.0579306 0.0867314 
