121
CRNC          0.0000000 0.2106017 0.2968539 0.3568429 0.5355152 0.3882643 0.2932982 0.3599717 0.3129204 0.3965339 0.3625762 0.3579219 0.3725854 0.3334845 0.3938391 0.3655278 0.3461681 0.3731253 0.3624582 0.4014528 0.3581023 0.3684445 0.3488359 0.4901079 0.3480876 0.3818576 0.3581650 0.3869658 0.3750153 0.3811161 0.3866645 0.3438174 0.3526249 0.3518316 0.3908099 0.3608026 0.3926279 0.3625329 0.3527211 0.3520498 0.3560720 0.3511335 0.3564193 0.2783039 0.3631905 0.3602703 0.3568377 0.3253313 0.3764962 0.3489335 0.4067304 0.3914081 0.3675319 0.3453533 0.3493709 0.3440600 0.3394137 0.3413771 0.3423974 0.3468919 0.3863310 0.3482296 0.3314807 0.3463455 0.4006166 0.3682836 0.3986816 0.3333334 0.3576055 0.3554202 0.4160492 0.3464998 0.3451005 0.3656000 0.3856638 0.3620871 0.3308964 0.3306660 0.3309946 0.3636718 0.3134997 0.3348652 0.3804415 0.3610922 0.3763727 0.3711254 0.3501635 0.3248459 0.3453374 0.3993028 0.3508854 0.3692630 0.3483366 0.3461650 0.3615508 0.3322041 0.3808059 0.3550190 0.3423792 0.3579319 0.3668252 0.3690187 0.3452242 0.3315555 0.3763299 0.3431873 0.3409163 0.3442784 0.3449728 0.3715707 0.3516613 0.3528074 0.3764269 0.3761646 0.3444904 0.3973212 0.3411836 0.3438147 0.3581773 0.3313544 0.3854625 
HYZL          0.2106017 0.0000000 0.1393541 0.3241741 0.3109900 0.3327703 0.2250117 0.3298363 0.3591855 0.3573229 0.3301616 0.3281071 0.3196989 0.2964183 0.3861511 0.3016233 0.3100294 0.3333876 0.3250778 0.3578563 0.3079264 0.3205122 0.3177764 0.4529433 0.3440353 0.3650839 0.3315955 0.3419846 0.3413906 0.3480878 0.3401837 0.2927925 0.3270124 0.3077379 0.3461786 0.3342726 0.3595098 0.3188997 0.3090074 0.3180976 0.3166358 0.3196318 0.3211724 0.1985940 0.3298584 0.3451078 0.3040458 0.2825762 0.3392636 0.3016446 0.3747049 0.3535523 0.3162852 0.3233952 0.3199619 0.3348875 0.3177010 0.2988289 0.3270834 0.3331862 0.3216999 0.3249983 0.3078223 0.3223174 0.3588972 0.3191197 0.3363712 0.2850195 0.3154969 0.3216311 0.3629323 0.3211974 0.3121121 0.3776412 0.3441198 0.3568720 0.3054989 0.3019780 0.2890736 0.3476536 0.2865866 0.2995767 0.3194134 0.3020075 0.3195577 0.3130344 0.3143269 0.2975184 0.3181719 0.3371321 0.3322311 0.3290349 0.3168583 0.3230606 0.2605823 0.3045474 0.3476022 0.3248157 0.2712444 0.3057691 0.3365730 0.3265714 0.2807639 0.2980735 0.3401345 0.3123462 0.3194237 0.3173847 0.3106756 0.3321649 0.3276200 0.3184914 0.3441979 0.3173882 0.3256373 0.3670088 0.3192093 0.3085571 0.3175825 0.3162503 0.3225307 
MYZV          0.2968539 0.1393541 0.0000000 0.4098037 0.5083462 0.4094611 0.3271923 0.4266800 0.4363179 0.4241179 0.4202731 0.3913626 0.4083213 0.3800188 0.4868569 0.3913664 0.3953773 0.3637147 0.3834469 0.4371479 0.3567106 0.3909534 0.3950421 0.5390548 0.4325965 0.4334932 0.4094856 0.4414483 0.4243093 0.4489294 0.4280262 0.3346208 0.3955804 0.3738513 0.4242775 0.3984667 0.3991028 0.4014971 0.3888893 0.4053743 0.4134633 0.3993352 0.4273513 0.2948275 0.3932146 0.4355548 0.3520615 0.3707532 0.4307907 0.3487696 0.4644011 0.4280522 0.3931887 0.4054507 0.3914582 0.4190714 0.3948708 0.3758943 0.4142452 0.4111215 0.3977122 0.4277669 0.3894096 0.4004899 0.4541354 0.3812708 0.4426551 0.3596679 0.3942361 0.3760080 0.4453554 0.4237305 0.3855318 0.4688742 0.3942778 0.4215280 0.3713827 0.3782078 0.3877887 0.4290259 0.3786284 0.3851398 0.3920985 0.3799704 0.3777934 0.3966941 0.3866393 0.3855546 0.3806971 0.4297070 0.4088868 0.4091133 0.4181745 0.4251410 0.3525737 0.3802215 0.4352461 0.3886046 0.3421481 0.3501679 0.4097296 0.4207391 0.3685146 0.3788056 0.4011393 0.3824796 0.4147758 0.3892707 0.3858066 0.4105660 0.4063554 0.4070716 0.4170973 0.3873238 0.4145408 0.4517895 0.4217542 0.4081738 0.3920918 0.4074489 0.3873112 
SRR6441723    0.3568429 0.3241741 0.4098037 0.0000000 0.1258889 0.0993975 0.2019537 0.0840438 0.0975402 0.1004282 0.0831046 0.0801496 0.0949888 0.0593468 0.0965775 0.0881307 0.0864008 0.1020170 0.1091278 0.1073544 0.1022327 0.0919886 0.0706176 0.1328778 0.1144530 0.0953206 0.0760542 0.0938803 0.0902142 0.1002698 0.1196991 0.0923079 0.0642315 0.0860540 0.1060365 0.1047948 0.1144385 0.0823284 0.0824714 0.0947899 0.0942037 0.0814761 0.0803371 0.0690185 0.0918221 0.0944853 0.0933524 0.1390572 0.0875266 0.0959659 0.1163866 0.0853158 0.0977599 0.0851882 0.0820887 0.0873661 0.0871101 0.1012182 0.0804206 0.0872262 0.1296740 0.0825855 0.0645514 0.0797879 0.1078322 0.1014975 0.1288035 0.0931287 0.0895904 0.0886022 0.1192103 0.0899305 0.1224354 0.1130179 0.1139759 0.1187350 0.0912436 0.0907294 0.1308961 0.0905283 0.1327225 0.0710435 0.1015149 0.0749729 0.1270808 0.0927157 0.0863105 0.1346539 0.0829858 0.1022383 0.0819892 0.0818540 0.0758333 0.0800678 0.1059994 0.0732546 0.1057468 0.0996278 0.1014082 0.0997768 0.0929994 0.1283731 0.0677145 0.0551264 0.0996775 0.0781410 0.0902666 0.0730597 0.1064729 0.0904632 0.0738896 0.0639484 0.0891111 0.0859028 0.0893877 0.1375300 0.0902697 0.0782326 0.0819781 0.0779544 0.0756576 
ERR4210213    0.5355152 0.3109900 0.5083462 0.1258889 0.0000000 0.0770237 0.2449010 0.0687263 0.0000010 0.1328505 0.1164860 0.0866759 0.1244517 0.0854231 0.0578942 0.1066540 0.0891425 0.1101222 0.1355758 0.1337549 0.1262573 0.1126065 0.0755395 0.0769290 0.0867493 0.0735214 0.0784431 0.0308973 0.1330195 0.0575303 0.1240739 0.1163068 0.1078104 0.1066331 0.0765341 0.1277365 0.1539641 0.1414168 0.1056923 0.0777662 0.1351110 0.1068623 0.0765300 0.0246619 0.0764708 0.1041887 0.1163068 0.2001047 0.0863395 0.1216873 0.0860826 0.0982578 0.0939263 0.0874719 0.0769622 0.1089021 0.0965054 0.1179230 0.1038142 0.1433999 0.1391607 0.0765300 0.0632907 0.0767905 0.1256694 0.1065356 0.0969582 0.1160843 0.1180377 0.0952046 0.1278308 0.0958560 0.1608844 0.1236861 0.1469906 0.1435924 0.1157439 0.1047003 0.1700898 0.0575303 0.1962782 0.0748866 0.1265673 0.1025898 0.1475796 0.0603460 0.0797414 0.2002341 0.0865017 0.0850652 0.0957254 0.1024523 0.0772823 0.0765300 0.1274811 0.1026634 0.1696980 0.1160940 0.1303310 0.1185290 0.0764708 0.1613022 0.0771514 0.0936433 0.0871222 0.0764708 0.0947249 0.0851269 0.1082272 0.0841781 0.0863930 0.0852549 0.1211707 0.0679636 0.1186184 0.1013713 0.0958560 0.0765300 0.0769622 0.0934308 0.0597449 
ERR2789774    0.3882643 0.3327703 0.4094611 0.0993975 0.0770237 0.0000000 0.1989712 0.0700707 0.0706894 0.1066248 0.0816961 0.0637575 0.0988138 0.0821533 0.0736574 0.0645468 0.0842610 0.0939020 0.0957222 0.1141267 0.0987107 0.0957893 0.0766530 0.1376791 0.0934955 0.0706572 0.0734304 0.0895679 0.0965573 0.0731709 0.0925533 0.0887830 0.0742998 0.0762864 0.0809812 0.1049762 0.0974857 0.0959071 0.0707187 0.0717188 0.1039557 0.0791296 0.0709366 0.0160612 0.0759089 0.0780034 0.0894163 0.1310133 0.0859363 0.0943325 0.1070733 0.0813059 0.0861862 0.0694856 0.0635521 0.0791152 0.0645493 0.0837982 0.0764755 0.0920807 0.1178620 0.0731971 0.0739249 0.0728450 0.1018384 0.0902968 0.1104921 0.0683308 0.0691557 0.0687744 0.0961958 0.0854297 0.1097697 0.1114101 0.0997358 0.1105438 0.0731388 0.0782913 0.1256365 0.0641194 0.1275394 0.0589288 0.0963771 0.0642525 0.1132770 0.0806818 0.0937025 0.1295392 0.0668082 0.0732407 0.0905626 0.0873063 0.0662441 0.0706978 0.0971267 0.0783280 0.1119389 0.0988207 0.1075673 0.0987249 0.0783572 0.1161684 0.0776499 0.0702304 0.0773591 0.0640650 0.0833903 0.0719424 0.0841554 0.0680970 0.0832439 0.0799789 0.1001730 0.0622790 0.0716979 0.1542197 0.0857578 0.0663923 0.0657876 0.0857020 0.0636449 
PAFTOL_019361 0.2932982 0.2250117 0.3271923 0.2019537 0.2449010 0.1989712 0.0000000 0.1941160 0.2051339 0.2058841 0.1903571 0.1869208 0.2151296 0.1801466 0.2234584 0.1791906 0.1830608 0.2176493 0.2238202 0.2242192 0.1933493 0.1937406 0.1687540 0.3192787 0.1906641 0.2219346 0.1891355 0.2323921 0.2024564 0.2108589 0.2413384 0.1959190 0.1820288 0.1775591 0.2063234 0.2115530 0.2502717 0.1917043 0.1842227 0.2009023 0.2088805 0.1677713 0.1737999 0.1220644 0.1831252 0.1743550 0.1994890 0.1818426 0.2153341 0.1989994 0.2177216 0.2042707 0.1863112 0.1763918 0.1829065 0.1741234 0.1748629 0.1972888 0.1819953 0.1690307 0.2291996 0.1697265 0.1561404 0.1718750 0.2453783 0.2111304 0.2294809 0.1707097 0.2001517 0.1862773 0.2321889 0.1806327 0.1784501 0.2361558 0.2445774 0.1519518 0.1792147 0.1819442 0.1650903 0.1967278 0.1804528 0.1916079 0.1994256 0.1778148 0.2267751 0.1916628 0.1976297 0.1786665 0.1947889 0.2016502 0.1905643 0.1850712 0.1727063 0.1685253 0.1931333 0.1789921 0.2216592 0.1990868 0.2169825 0.2042474 0.1918600 0.2169551 0.1573135 0.1668161 0.2120277 0.1870325 0.1882390 0.1920405 0.2048085 0.2053224 0.1807644 0.1865170 0.2084923 0.2008006 0.1898287 0.2671048 0.1816147 0.1694309 0.1798284 0.1708620 0.1911118 
S0055         0.3599717 0.3298363 0.4266800 0.0840438 0.0687263 0.0700707 0.1941160 0.0000000 0.0410576 0.1012813 0.0716873 0.0491449 0.0888061 0.0698750 0.0499432 0.0670303 0.0823243 0.0826279 0.0915411 0.1038177 0.0876616 0.0855531 0.0517944 0.1212967 0.0676062 0.0557163 0.0516018 0.0538186 0.0840447 0.0593515 0.0849072 0.0806204 0.0673378 0.0625770 0.0804140 0.0895976 0.0940055 0.0905409 0.0488380 0.0623799 0.1006476 0.0653813 0.0717475 0.0497899 0.0625303 0.0667684 0.0765912 0.1088809 0.0645497 0.0836080 0.0767452 0.0588404 0.0701340 0.0604862 0.0512579 0.0697913 0.0558369 0.0686776 0.0676506 0.0755802 0.1097626 0.0719247 0.0560502 0.0666360 0.0936039 0.0723046 0.0942529 0.0561104 0.0602194 0.0598844 0.0961518 0.0692900 0.1003966 0.0968374 0.0927378 0.0892910 0.0693355 0.0716070 0.0989545 0.0511755 0.1052258 0.0484439 0.0762949 0.0551316 0.1104368 0.0508691 0.0806333 0.1071778 0.0562597 0.0575615 0.0833857 0.0782424 0.0672984 0.0715096 0.0923627 0.0649824 0.1082899 0.0865639 0.0909230 0.0874299 0.0583706 0.1116715 0.0507612 0.0586804 0.0669402 0.0494812 0.0385364 0.0651363 0.0706184 0.0685039 0.0633513 0.0678060 0.0876079 0.0513150 0.0676348 0.1343252 0.0671669 0.0672714 0.0511746 0.0691843 0.0602714 
S0196sl       0.3129204 0.3591855 0.4363179 0.0975402 0.0000010 0.0706894 0.2051339 0.0410576 0.0000000 0.1125736 0.0460648 0.0643094 0.1035537 0.0648991 0.0580916 0.0842971 0.0887731 0.0532585 0.0528658 0.0831626 0.0594736 0.1098423 0.0534226 0.2033339 0.0774337 0.0705487 0.0646072 0.0588753 0.0836377 0.0048271 0.1034275 0.0584655 0.0758037 0.0643977 0.0946944 0.0769872 0.0699183 0.1029679 0.0570664 0.0488765 0.1088889 0.0711291 0.0822910 0.0456746 0.0705741 0.0517329 0.0581856 0.1006806 0.0755940 0.0588653 0.0997251 0.0649143 0.0638196 0.0000010 0.0702046 0.0146908 0.0000010 0.0649481 0.0480113 0.0695061 0.0489172 0.0698977 0.0752562 0.0634384 0.1005802 0.0408498 0.1512461 0.0415116 0.0639821 0.0582340 0.1093166 0.0351159 0.0931008 0.1061169 0.0634131 0.0763901 0.0750291 0.0815290 0.1095941 0.0000010 0.1017420 0.0280107 0.0889764 0.0299493 0.0751716 0.0576910 0.0824261 0.1083079 0.0600637 0.0825175 0.0819640 0.0827262 0.0702786 0.0698977 0.0000010 0.0840692 0.0821579 0.0836670 0.1056016 0.0593859 0.0777116 0.0487448 0.0418675 0.0710378 0.0822265 0.0718526 0.0468946 0.0639836 0.0723327 0.0635909 0.0769258 0.0724297 0.0942807 0.0535035 0.0048018 0.0839199 0.0351159 0.0763986 0.0695691 0.0353644 0.0821125 
S0278         0.3965339 0.3573229 0.4241179 0.1004282 0.1328505 0.1066248 0.2058841 0.1012813 0.1125736 0.0000000 0.1059276 0.0843981 0.0443942 0.0699289 0.1033220 0.1007260 0.0385557 0.1215326 0.1120960 0.0482703 0.1129270 0.0400202 0.0927427 0.1736744 0.1291464 0.0901105 0.0920948 0.1122024 0.0360628 0.1012731 0.1349688 0.1027227 0.0512051 0.0983323 0.1160377 0.1139429 0.1279623 0.0318982 0.0935480 0.1068363 0.0481575 0.0628043 0.0646594 0.0508253 0.0972021 0.0974448 0.1036376 0.1402558 0.1160838 0.1117061 0.1132592 0.0947437 0.1087701 0.0952778 0.0888989 0.1077879 0.0972171 0.1061655 0.0981758 0.0771170 0.1349833 0.0688532 0.0600020 0.0732387 0.0488267 0.1043730 0.1345013 0.0949255 0.0946081 0.0930456 0.1302587 0.1031990 0.1308565 0.1350422 0.1362315 0.1157718 0.1048431 0.1073836 0.1111144 0.0963726 0.1312737 0.0539832 0.1248042 0.0964633 0.1378317 0.0999311 0.0816337 0.1332231 0.0878541 0.1073996 0.1029252 0.0277927 0.0623127 0.0664539 0.1016546 0.0690384 0.0544396 0.1034203 0.1048993 0.1126293 0.0969897 0.1302409 0.0822158 0.0694421 0.1018357 0.0870941 0.1080329 0.0753609 0.1061548 0.0611640 0.0769205 0.0719604 0.0395977 0.0955674 0.1137623 0.0864653 0.1036019 0.0601835 0.0865941 0.1030711 0.0922547 
S0281         0.3625762 0.3301616 0.4202731 0.0831046 0.1164860 0.0816961 0.1903571 0.0716873 0.0460648 0.1059276 0.0000000 0.0707986 0.0977140 0.0641892 0.0861065 0.0732253 0.0908924 0.0835018 0.0947039 0.1096766 0.0856252 0.0921687 0.0686111 0.1330234 0.0953411 0.0812193 0.0715133 0.0810783 0.0880910 0.0632450 0.1119162 0.0814067 0.0762434 0.0808507 0.0846209 0.0926365 0.0976043 0.0850928 0.0659787 0.0720873 0.0973218 0.0835317 0.0747529 0.0415039 0.0779491 0.0587032 0.0820135 0.1298487 0.0997017 0.0816607 0.1087285 0.0760410 0.0939896 0.0566179 0.0751618 0.0681937 0.0587853 0.0812723 0.0571496 0.0915531 0.0995406 0.0818603 0.0785352 0.0766886 0.1081568 0.0730712 0.1203766 0.0709713 0.0815611 0.0763213 0.1203738 0.0571968 0.1088645 0.1073431 0.0906996 0.1054932 0.0835225 0.0830554 0.1218977 0.0604908 0.1235790 0.0650870 0.0878884 0.0611721 0.1034211 0.0718183 0.0891806 0.1254997 0.0645370 0.0718329 0.0841959 0.0848302 0.0751590 0.0793635 0.0939245 0.0827063 0.1052028 0.0853448 0.0949053 0.0909022 0.0807873 0.0960246 0.0652115 0.0597473 0.0846618 0.0623692 0.0744232 0.0710988 0.1015458 0.0922554 0.0739678 0.0665176 0.0917399 0.0659843 0.0708866 0.1476898 0.0573955 0.0751286 0.0750560 0.0551387 0.0705770 
S0282         0.3579219 0.3281071 0.3913626 0.0801496 0.0866759 0.0637575 0.1869208 0.0491449 0.0643094 0.0843981 0.0707986 0.0000000 0.0745966 0.0573205 0.0248319 0.0562527 0.0620927 0.0798240 0.0870359 0.0885878 0.0830924 0.0696170 0.0484660 0.0991634 0.0875367 0.0185388 0.0144889 0.0728681 0.0701401 0.0654254 0.0956702 0.0762787 0.0548514 0.0610540 0.0813285 0.0774162 0.0938649 0.0697782 0.0458883 0.0256673 0.0833812 0.0528213 0.0589285 0.0701652 0.0181894 0.0626418 0.0750201 0.1103652 0.0746199 0.0793481 0.0813789 0.0241756 0.0578550 0.0566422 0.0106950 0.0634201 0.0521770 0.0709128 0.0634462 0.0606577 0.1078352 0.0610347 0.0463872 0.0542203 0.0696686 0.0755103 0.0915397 0.0590255 0.0545101 0.0569422 0.0714135 0.0655924 0.0944866 0.0809134 0.0936124 0.1022239 0.0609517 0.0654342 0.0975936 0.0577842 0.1036219 0.0341665 0.0797180 0.0520249 0.1038166 0.0520208 0.0650942 0.1055095 0.0126843 0.0519723 0.0721279 0.0648554 0.0547287 0.0587440 0.0770272 0.0483858 0.0996568 0.0734354 0.0915702 0.0807791 0.0182424 0.1067651 0.0497710 0.0446660 0.0238858 0.0107713 0.0614656 0.0484259 0.0593876 0.0696471 0.0578606 0.0511319 0.0649446 0.0378701 0.0661748 0.1225522 0.0658241 0.0547081 0.0125260 0.0660945 0.0501605 
S0289         0.3725854 0.3196989 0.4083213 0.0949888 0.1244517 0.0988138 0.2151296 0.0888061 0.1035537 0.0443942 0.0977140 0.0745966 0.0000000 0.0641742 0.0996109 0.0877405 0.0264217 0.1127235 0.1032216 0.0356026 0.1056907 0.0277018 0.0897391 0.1638743 0.1232651 0.0921725 0.0819692 0.1211364 0.0221069 0.0938944 0.1274131 0.0958168 0.0463922 0.0878781 0.1138722 0.1156540 0.1256624 0.0338230 0.0909606 0.0929009 0.0334753 0.0578216 0.0571043 0.0493359 0.0889578 0.0942528 0.0967917 0.1190966 0.1024111 0.1044318 0.1240756 0.0866921 0.0942592 0.0895646 0.0789617 0.0949297 0.0844615 0.1062437 0.0902846 0.0699176 0.1316373 0.0617943 0.0554380 0.0725488 0.0355422 0.0974592 0.1232509 0.0926122 0.0839484 0.0828016 0.1206993 0.0896452 0.1238939 0.1278339 0.1291318 0.1224204 0.0942378 0.0992775 0.1124131 0.0902068 0.1218349 0.0374681 0.1133667 0.0887132 0.1317609 0.0932602 0.0787768 0.1205864 0.0824454 0.1036839 0.0997776 0.0220265 0.0554066 0.0594717 0.0881868 0.0639512 0.0500660 0.1053992 0.0968113 0.1057113 0.0866972 0.1303230 0.0734259 0.0645168 0.0961505 0.0771561 0.1048582 0.0681654 0.1062331 0.0602690 0.0712501 0.0667688 0.0297363 0.0899616 0.1005939 0.0690733 0.0899820 0.0508427 0.0740370 0.0941661 0.0867660 
S0292         0.3334845 0.2964183 0.3800188 0.0593468 0.0854231 0.0821533 0.1801466 0.0698750 0.0648991 0.0699289 0.0641892 0.0573205 0.0641742 0.0000000 0.0801148 0.0731869 0.0607878 0.0723822 0.0666386 0.0806593 0.0691557 0.0598464 0.0505313 0.1102679 0.0902852 0.0737208 0.0598672 0.0801732 0.0623543 0.0690142 0.1006225 0.0603541 0.0444059 0.0556616 0.0751507 0.0785654 0.0829164 0.0596800 0.0612281 0.0690521 0.0666131 0.0451863 0.0441359 0.0322377 0.0635487 0.0703614 0.0616840 0.1094248 0.0748639 0.0631616 0.0868046 0.0664130 0.0670877 0.0613339 0.0615263 0.0708550 0.0635475 0.0693122 0.0661618 0.0614747 0.0949940 0.0481470 0.0450688 0.0375940 0.0804796 0.0594806 0.0937681 0.0618838 0.0529269 0.0599371 0.0925400 0.0568493 0.0988340 0.1079993 0.0863205 0.0774553 0.0574498 0.0571377 0.0943322 0.0711622 0.0929788 0.0469128 0.0710160 0.0548688 0.0945099 0.0614509 0.0446950 0.1002000 0.0597045 0.0701149 0.0633513 0.0552347 0.0443639 0.0483123 0.0652491 0.0424344 0.0823868 0.0713164 0.0663467 0.0670341 0.0640615 0.0938468 0.0422707 0.0107855 0.0754260 0.0551114 0.0691141 0.0318071 0.0786815 0.0636526 0.0203236 0.0126112 0.0659105 0.0619888 0.0759692 0.1088270 0.0570459 0.0443476 0.0568846 0.0567591 0.0615480 
S0293         0.3938391 0.3861511 0.4868569 0.0965775 0.0578942 0.0736574 0.2234584 0.0499432 0.0580916 0.1033220 0.0861065 0.0248319 0.0996109 0.0801148 0.0000000 0.0698232 0.0801610 0.1042874 0.0987872 0.1195308 0.0935085 0.0922825 0.0556092 0.0701831 0.0777474 0.0404082 0.0329148 0.0735512 0.0992035 0.0672626 0.0954662 0.0898475 0.0734377 0.0747790 0.0975456 0.0859572 0.1052998 0.0953502 0.0606170 0.0407788 0.1120929 0.0704505 0.0729212 0.0490435 0.0301786 0.0720963 0.0885743 0.1396220 0.0721017 0.0944982 0.0991875 0.0412693 0.0689236 0.0637578 0.0246589 0.0668448 0.0606588 0.0939228 0.0729352 0.0777053 0.1151570 0.0668902 0.0619654 0.0637645 0.0962594 0.0887551 0.0781957 0.0788145 0.0698063 0.0628711 0.0938421 0.0729520 0.1105179 0.1073148 0.1039286 0.0741709 0.0813554 0.0777811 0.1183529 0.0577907 0.1338632 0.0502529 0.0983157 0.0576180 0.1131059 0.0576768 0.0722805 0.1333757 0.0330548 0.0659878 0.0793500 0.0913442 0.0638199 0.0637462 0.1028026 0.0731012 0.1287874 0.0895872 0.1035715 0.0970628 0.0412095 0.1155412 0.0542072 0.0620203 0.0407580 0.0301693 0.0673694 0.0611883 0.0621670 0.0837448 0.0747686 0.0710949 0.0946275 0.0465012 0.0766938 0.1545922 0.0694401 0.0640830 0.0221606 0.0825550 0.0517154 
S0294         0.3655278 0.3016233 0.3913664 0.0881307 0.1066540 0.0645468 0.1791906 0.0670303 0.0842971 0.1007260 0.0732253 0.0562527 0.0877405 0.0731869 0.0698232 0.0000000 0.0782978 0.0870233 0.0941224 0.0923831 0.0897829 0.0844625 0.0613420 0.1333584 0.0908311 0.0755828 0.0612726 0.0895130 0.0829302 0.0692155 0.0875427 0.0797921 0.0591363 0.0613916 0.0898591 0.0964172 0.0965249 0.0844061 0.0676444 0.0589456 0.0913112 0.0636649 0.0655947 0.0428322 0.0678579 0.0684061 0.0811302 0.1108939 0.0769149 0.0881085 0.0994410 0.0685282 0.0655908 0.0638291 0.0585212 0.0712345 0.0590493 0.0780766 0.0740073 0.0739169 0.1038822 0.0678076 0.0567832 0.0698340 0.0916466 0.0864461 0.0985849 0.0636485 0.0611376 0.0591005 0.0579627 0.0819812 0.0997800 0.0984372 0.0985577 0.1150787 0.0661112 0.0663543 0.1029839 0.0633320 0.0990490 0.0454644 0.0834332 0.0523256 0.1085835 0.0701522 0.0790886 0.0959897 0.0544593 0.0773994 0.0893568 0.0721374 0.0611774 0.0653787 0.0812446 0.0501321 0.1053794 0.0992245 0.0870614 0.0895417 0.0658518 0.1118410 0.0616034 0.0617501 0.0721028 0.0523393 0.0751938 0.0687455 0.0781753 0.0629879 0.0715886 0.0687560 0.0843705 0.0662231 0.0719737 0.1313461 0.0822919 0.0611530 0.0604336 0.0800452 0.0537237 
S0299         0.3461681 0.3100294 0.3953773 0.0864008 0.0891425 0.0842610 0.1830608 0.0823243 0.0887731 0.0385557 0.0908924 0.0620927 0.0264217 0.0607878 0.0801610 0.0782978 0.0000000 0.1104106 0.1000584 0.0383652 0.1007961 0.0241948 0.0812656 0.1565191 0.1039126 0.0713682 0.0692107 0.1071872 0.0185078 0.0835707 0.1075452 0.0933126 0.0385721 0.0744927 0.1076719 0.1042765 0.1232446 0.0281463 0.0801558 0.0843196 0.0361933 0.0452344 0.0491806 0.0597521 0.0737478 0.0828744 0.0943356 0.1188611 0.0926708 0.0990507 0.1027785 0.0762649 0.0807796 0.0803570 0.0663750 0.0832021 0.0753985 0.0921184 0.0812588 0.0530314 0.1279408 0.0491364 0.0410782 0.0596228 0.0310862 0.0947916 0.1158501 0.0836979 0.0723497 0.0695984 0.1039203 0.0881325 0.1097991 0.1126836 0.1218443 0.1034099 0.0830052 0.0878155 0.1059597 0.0768703 0.1121769 0.0323209 0.1015276 0.0803330 0.1228990 0.0878426 0.0655263 0.1171946 0.0696182 0.0804024 0.0833877 0.0183193 0.0450222 0.0469136 0.0965605 0.0470517 0.0462653 0.0991104 0.0973667 0.1033582 0.0738244 0.1239091 0.0668143 0.0542314 0.0830715 0.0645367 0.0928308 0.0600466 0.0915538 0.0486653 0.0656943 0.0563145 0.0202198 0.0672591 0.0888000 0.0677143 0.0884660 0.0428938 0.0641826 0.0880130 0.0783780 
S0303         0.3731253 0.3333876 0.3637147 0.1020170 0.1101222 0.0939020 0.2176493 0.0826279 0.0532585 0.1215326 0.0835018 0.0798240 0.1127235 0.0723822 0.1042874 0.0870233 0.1104106 0.0000000 0.0457409 0.1262598 0.0063952 0.1135570 0.0728822 0.1347077 0.1093387 0.0991577 0.0723009 0.1048599 0.1118776 0.0598095 0.1115602 0.0021140 0.0802665 0.0782770 0.1121301 0.0603492 0.0087446 0.1202010 0.0739382 0.0823969 0.1133260 0.0790456 0.0829001 0.0533359 0.0945047 0.0711875 0.0020842 0.1048482 0.0982306 0.0021199 0.0990280 0.0988830 0.0902662 0.0606243 0.0828498 0.0738094 0.0632341 0.0814498 0.0696071 0.0882867 0.0655013 0.0916228 0.0804761 0.0912814 0.1265833 0.0241647 0.1287319 0.0831923 0.0816844 0.0811141 0.1013532 0.0603239 0.1020596 0.1219866 0.0532803 0.0754826 0.0867342 0.0862751 0.1063698 0.0661798 0.0950139 0.0649662 0.1020167 0.0661718 0.0632681 0.0852924 0.1061362 0.0970262 0.0809362 0.0915563 0.0769655 0.1042149 0.0831856 0.0885391 0.0038139 0.0761835 0.1333344 0.0504357 0.0129896 0.0042487 0.0923439 0.0650195 0.0757575 0.0729237 0.1030509 0.0782507 0.0951490 0.0896276 0.1148980 0.0799699 0.0870682 0.0786345 0.1131912 0.0841192 0.0661479 0.1767191 0.0606979 0.0834029 0.0795585 0.0634642 0.0861195 
S0308         0.3624582 0.3250778 0.3834469 0.1091278 0.1355758 0.0957222 0.2238202 0.0915411 0.0528658 0.1120960 0.0947039 0.0870359 0.1032216 0.0666386 0.0987872 0.0941224 0.1000584 0.0457409 0.0000000 0.1171020 0.0448211 0.1028204 0.0831522 0.1517098 0.1111365 0.0926424 0.0879396 0.1090838 0.1040669 0.0721070 0.1164294 0.0385911 0.0760291 0.0829325 0.1074641 0.0719896 0.0521700 0.1083361 0.0819214 0.0923671 0.1087188 0.0774171 0.0732788 0.0322630 0.0968406 0.0708965 0.0401732 0.1179227 0.1098215 0.0410096 0.1031853 0.1007439 0.0882122 0.0730520 0.0869758 0.0830888 0.0753674 0.0943790 0.0764279 0.0925052 0.0691839 0.0804279 0.0770994 0.0822246 0.1328404 0.0339874 0.1148615 0.0849391 0.0787465 0.0829340 0.1135380 0.0768027 0.1171691 0.1395385 0.0628800 0.0609573 0.0879677 0.0875505 0.1157301 0.0742764 0.1137957 0.0884287 0.1032981 0.0679891 0.0722243 0.0845518 0.0892539 0.1214530 0.0874890 0.0895808 0.0872409 0.0957227 0.0736803 0.0779184 0.0472812 0.0766711 0.1246959 0.0611041 0.0579763 0.0447909 0.0924064 0.0738250 0.0809408 0.0646393 0.1038973 0.0807438 0.1002009 0.0805907 0.1066672 0.0781782 0.0770977 0.0742444 0.1099235 0.0788558 0.0838652 0.1602722 0.0722631 0.0736503 0.0863781 0.0725602 0.0848963 
S0320         0.4014528 0.3578563 0.4371479 0.1073544 0.1337549 0.1141267 0.2242192 0.1038177 0.0831626 0.0482703 0.1096766 0.0885878 0.0356026 0.0806593 0.1195308 0.0923831 0.0383652 0.1262598 0.1171020 0.0000000 0.1172741 0.0436373 0.0973525 0.1864259 0.1380922 0.1029230 0.0963619 0.1267954 0.0318113 0.1058041 0.1439384 0.1044876 0.0549805 0.0950274 0.1217562 0.1351886 0.1411370 0.0417591 0.1035520 0.1037104 0.0373854 0.0598099 0.0683849 0.0495292 0.1036256 0.0996646 0.1078894 0.1376500 0.1179253 0.1160966 0.1351628 0.1007770 0.1079875 0.0994476 0.0910430 0.1050109 0.0941616 0.1133862 0.0981035 0.0719105 0.1441080 0.0705597 0.0574120 0.0864950 0.0485441 0.1086559 0.1336341 0.1021811 0.0911500 0.0921235 0.1334735 0.1074216 0.1349279 0.1469079 0.1466932 0.1125757 0.1037910 0.1089614 0.1203204 0.0984136 0.1354231 0.0572965 0.1235007 0.0984959 0.1462562 0.1053525 0.0906150 0.1340246 0.0915027 0.1190206 0.1099912 0.0219228 0.0640401 0.0681634 0.1228692 0.0681649 0.0519418 0.1221253 0.1103299 0.1173080 0.1012880 0.1420943 0.0874079 0.0782959 0.1078970 0.0892456 0.1152530 0.0819490 0.1157501 0.0547981 0.0763003 0.0806466 0.0375409 0.1048300 0.1087240 0.0762759 0.1078425 0.0619185 0.0907959 0.1046131 0.0939550 
S0322         0.3581023 0.3079264 0.3567106 0.1022327 0.1262573 0.0987107 0.1933493 0.0876616 0.0594736 0.1129270 0.0856252 0.0830924 0.1056907 0.0691557 0.0935085 0.0897829 0.1007961 0.0063952 0.0448211 0.1172741 0.0000000 0.1035839 0.0766628 0.1428147 0.0975142 0.0994127 0.0792417 0.1012854 0.1071943 0.0675120 0.1069361 0.0036245 0.0791446 0.0796290 0.1083829 0.0617883 0.0087353 0.1115669 0.0780153 0.0801456 0.1059240 0.0779305 0.0762966 0.0601628 0.0827201 0.0761138 0.0035778 0.1155961 0.1008415 0.0036470 0.0903978 0.0966802 0.0806942 0.0712012 0.0830331 0.0785660 0.0735131 0.0850890 0.0771247 0.0907788 0.0661094 0.0763516 0.0777007 0.0780464 0.1271033 0.0242725 0.1160633 0.0813838 0.0802258 0.0819052 0.1070290 0.0753632 0.1054502 0.1306928 0.0483827 0.0570191 0.0891805 0.0886760 0.1088553 0.0696875 0.1075982 0.0685568 0.0972504 0.0709119 0.0572081 0.0801785 0.0980124 0.1096065 0.0862308 0.0924764 0.0711957 0.0964419 0.0767194 0.0738651 0.0087940 0.0752107 0.1305677 0.0532786 0.0152270 0.0072890 0.0910062 0.0608293 0.0712008 0.0674865 0.1029594 0.0744860 0.0985813 0.0863041 0.1074626 0.0783876 0.0817624 0.0743918 0.1107280 0.0816611 0.0819714 0.1574067 0.0734933 0.0743649 0.0824604 0.0759530 0.0812982 
S0327         0.3684445 0.3205122 0.3909534 0.0919886 0.1126065 0.0957893 0.1937406 0.0855531 0.1098423 0.0400202 0.0921687 0.0696170 0.0277018 0.0598464 0.0922825 0.0844625 0.0241948 0.1135570 0.1028204 0.0436373 0.1035839 0.0000000 0.0816859 0.1660480 0.1102204 0.0808452 0.0768110 0.1117310 0.0257194 0.0937726 0.1141972 0.0937245 0.0484062 0.0796858 0.1112838 0.1101528 0.1266396 0.0296896 0.0856418 0.0925256 0.0354446 0.0527582 0.0572140 0.0322905 0.0836652 0.0888294 0.0923479 0.1211054 0.1016531 0.1023039 0.1044716 0.0838982 0.0872426 0.0887826 0.0739036 0.0940949 0.0837287 0.0973798 0.0849063 0.0670983 0.1193308 0.0613471 0.0528044 0.0675960 0.0276958 0.0928588 0.1158812 0.0842743 0.0756257 0.0772055 0.1165915 0.0917678 0.1124220 0.1268143 0.1185334 0.1077193 0.0858932 0.0861954 0.1034529 0.0868067 0.1099816 0.0401630 0.1021404 0.0834330 0.1198361 0.0884592 0.0670827 0.1143824 0.0772552 0.0959877 0.0942167 0.0256261 0.0550068 0.0590430 0.0929969 0.0546332 0.0518799 0.1026190 0.0886300 0.1036024 0.0814437 0.1182923 0.0670454 0.0554134 0.0907144 0.0721035 0.0941550 0.0590447 0.0926544 0.0529879 0.0619349 0.0533545 0.0333579 0.0825345 0.0997012 0.0730124 0.0921129 0.0509420 0.0717083 0.0916475 0.0815048 
S0335         0.3488359 0.3177764 0.3950421 0.0706176 0.0755395 0.0766530 0.1687540 0.0517944 0.0534226 0.0927427 0.0686111 0.0484660 0.0897391 0.0505313 0.0556092 0.0613420 0.0812656 0.0728822 0.0831522 0.0973525 0.0766628 0.0816859 0.0000000 0.0890840 0.0746754 0.0604307 0.0467560 0.0557626 0.0803714 0.0691937 0.0795153 0.0676222 0.0618515 0.0642603 0.0779588 0.0814495 0.0835148 0.0820611 0.0525302 0.0593790 0.0989611 0.0578129 0.0635501 0.0683077 0.0590300 0.0612452 0.0687540 0.0981972 0.0638135 0.0727505 0.0819837 0.0551965 0.0662502 0.0611735 0.0525565 0.0704164 0.0589204 0.0715533 0.0614637 0.0722463 0.0931786 0.0637091 0.0532796 0.0563145 0.0980225 0.0624435 0.1007329 0.0596531 0.0641696 0.0663303 0.0764124 0.0680221 0.0959032 0.0793136 0.0863442 0.0862164 0.0687227 0.0683451 0.0872388 0.0606987 0.1027653 0.0533651 0.0738159 0.0399571 0.0966339 0.0612633 0.0619571 0.0997533 0.0506613 0.0615582 0.0680599 0.0792924 0.0592797 0.0633479 0.0919102 0.0567629 0.1112001 0.0765371 0.0879828 0.0743682 0.0527422 0.0920670 0.0395824 0.0422490 0.0638288 0.0463957 0.0553837 0.0525453 0.0688315 0.0708522 0.0533817 0.0485781 0.0885452 0.0552592 0.0709259 0.1354174 0.0681410 0.0592569 0.0524725 0.0685465 0.0527480 
S0345         0.4901079 0.4529433 0.5390548 0.1328778 0.0769290 0.1376791 0.3192787 0.1212967 0.2033339 0.1736744 0.1330234 0.0991634 0.1638743 0.1102679 0.0701831 0.1333584 0.1565191 0.1347077 0.1517098 0.1864259 0.1428147 0.1660480 0.0890840 0.0000000 0.1677516 0.1275062 0.0939824 0.1356695 0.1601812 0.1285129 0.1748777 0.1327302 0.1254436 0.1165197 0.1465823 0.1510657 0.1476246 0.1524367 0.1110824 0.0699223 0.1738261 0.1086091 0.1316257 1.9294569 0.1122019 0.1343152 0.1338908 0.1646761 0.1169941 0.1362932 0.0858605 0.1133720 0.0752493 0.1113691 0.1082887 0.1212354 0.1121460 0.1402581 0.1299927 0.1242468 0.1641192 0.1392351 0.1125037 0.1239577 0.1486138 0.1350888 0.1509195 0.1259930 0.1288959 0.1318046 0.0755273 0.1119855 0.1493585 0.1169217 0.1486494 0.2767910 0.1264687 0.1299586 0.1515605 0.1276974 0.1583300 0.0911823 0.1405941 0.0910917 0.1622751 0.1176783 0.1316407 0.1601010 0.0949238 0.1092508 0.1345798 0.1550971 0.1321263 0.1382654 0.0867736 0.1140795 0.1815177 0.1588351 0.1642038 0.1439066 0.1193213 0.1700696 0.1070583 0.1014284 0.1244655 0.0948849 0.1230591 0.1135213 0.1410362 0.1488230 0.1210410 0.1016555 0.1585094 0.1167685 0.1212943 0.2306397 0.1153098 0.1324950 0.1054550 0.1222977 0.1255195 
S0376         0.3480876 0.3440353 0.4325965 0.1144530 0.0867493 0.0934955 0.1906641 0.0676062 0.0774337 0.1291464 0.0953411 0.0875367 0.1232651 0.0902852 0.0777474 0.0908311 0.1039126 0.1093387 0.1111365 0.1380922 0.0975142 0.1102204 0.0746754 0.1677516 0.0000000 0.0895837 0.0739317 0.0807219 0.1187395 0.0749559 0.0442684 0.0952648 0.0903858 0.0869723 0.0959877 0.1010594 0.1091828 0.1231483 0.0732780 0.0819477 0.1172977 0.0914483 0.0933420 0.0591057 0.0929516 0.0806768 0.0934431 0.1436377 0.0871208 0.1012040 0.0934530 0.0990026 0.0870082 0.0904364 0.0827777 0.0908889 0.0852806 0.0916589 0.0864856 0.1067742 0.1276992 0.0839694 0.0861251 0.0849844 0.1356782 0.0861315 0.1251938 0.0859573 0.0901776 0.0910461 0.1112737 0.0871164 0.1212147 0.1244225 0.1134446 0.0906573 0.1040428 0.1016681 0.1349927 0.0693022 0.1350557 0.0785159 0.1036546 0.0845961 0.1149066 0.0823093 0.1055853 0.1342426 0.0959439 0.0868646 0.0806562 0.1098590 0.0886433 0.0834852 0.1234675 0.0934828 0.1396017 0.1008464 0.1118579 0.1026028 0.0929420 0.1209679 0.0887318 0.0834643 0.1049019 0.0787482 0.0806969 0.0983084 0.0869394 0.0931504 0.0992604 0.0842689 0.1222124 0.0734544 0.0940778 0.1736025 0.0874423 0.0862097 0.0842614 0.0896465 0.0909088 
S0400         0.3818576 0.3650839 0.4334932 0.0953206 0.0735214 0.0706572 0.2219346 0.0557163 0.0705487 0.0901105 0.0812193 0.0185388 0.0921725 0.0737208 0.0404082 0.0755828 0.0713682 0.0991577 0.0926424 0.1029230 0.0994127 0.0808452 0.0604307 0.1275062 0.0895837 0.0000000 0.0273405 0.0731347 0.0866567 0.0752864 0.0996744 0.0904440 0.0680962 0.0835725 0.0857505 0.0842025 0.1167086 0.0810118 0.0550245 0.0393739 0.0999504 0.0586738 0.0700761 0.0595497 0.0294752 0.0767987 0.0891431 0.1318271 0.0777315 0.0944482 0.0930903 0.0344276 0.0826524 0.0674572 0.0205724 0.0780790 0.0648042 0.0904253 0.0779199 0.0676329 0.1193748 0.0725271 0.0559819 0.0673468 0.0916326 0.0869697 0.1220515 0.0809527 0.0762061 0.0727913 0.0941292 0.0780364 0.1125595 0.1098835 0.1055171 0.1018062 0.0784154 0.0805073 0.1163038 0.0697663 0.1262871 0.0540899 0.1002929 0.0619870 0.1092170 0.0570556 0.0723273 0.1288363 0.0209403 0.0568317 0.0884056 0.0801536 0.0651828 0.0698199 0.1035509 0.0577640 0.1164172 0.0848122 0.1096614 0.0936162 0.0296724 0.1248753 0.0611601 0.0611753 0.0294021 0.0229438 0.0729201 0.0578654 0.0608697 0.0768203 0.0716543 0.0664568 0.0802735 0.0384923 0.0813019 0.1452146 0.0781948 0.0651540 0.0206380 0.0787247 0.0571976 
S0405         0.3581650 0.3315955 0.4094856 0.0760542 0.0784431 0.0734304 0.1891355 0.0516018 0.0646072 0.0920948 0.0715133 0.0144889 0.0819692 0.0598672 0.0329148 0.0612726 0.0692107 0.0723009 0.0879396 0.0963619 0.0792417 0.0768110 0.0467560 0.0939824 0.0739317 0.0273405 0.0000000 0.0706389 0.0773942 0.0660270 0.0940932 0.0724260 0.0616939 0.0616537 0.0843339 0.0736142 0.0859336 0.0769940 0.0482782 0.0237310 0.0839663 0.0576552 0.0615642 0.0809619 0.0259795 0.0632525 0.0712256 0.1090509 0.0707326 0.0754582 0.0821776 0.0303472 0.0607917 0.0571929 0.0163143 0.0640464 0.0526780 0.0716288 0.0640729 0.0656118 0.1011382 0.0636992 0.0485412 0.0568808 0.0782597 0.0738532 0.0999475 0.0596036 0.0617068 0.0618521 0.0746086 0.0640392 0.0930950 0.0814835 0.0859157 0.0990727 0.0615492 0.0660813 0.0983789 0.0583064 0.1022587 0.0373753 0.0759144 0.0525232 0.0973646 0.0567663 0.0699575 0.1041637 0.0203341 0.0567146 0.0704531 0.0718885 0.0573054 0.0613688 0.0817761 0.0530952 0.1027968 0.0740830 0.0868298 0.0769273 0.0183428 0.1001240 0.0527050 0.0470428 0.0318699 0.0108527 0.0641763 0.0550899 0.0643796 0.0753634 0.0648817 0.0536036 0.0719858 0.0402675 0.0643039 0.1229404 0.0642667 0.0572834 0.0181975 0.0642242 0.0548815 
S0412sl       0.3869658 0.3419846 0.4414483 0.0938803 0.0308973 0.0895679 0.2323921 0.0538186 0.0588753 0.1122024 0.0810783 0.0728681 0.1211364 0.0801732 0.0735512 0.0895130 0.1071872 0.1048599 0.1090838 0.1267954 0.1012854 0.1117310 0.0557626 0.1356695 0.0807219 0.0731347 0.0706389 0.0000000 0.1177077 0.0740979 0.0929236 0.0926327 0.0919638 0.0921397 0.0800307 0.1188947 0.1142965 0.1058486 0.0677582 0.0856015 0.1203280 0.0847390 0.0850074 0.0324240 0.0731629 0.0882143 0.0936742 0.1362871 0.0648321 0.0936261 0.1072732 0.0794450 0.1017871 0.0727156 0.0651195 0.0943605 0.0777873 0.0838654 0.0866088 0.0964220 0.1248040 0.0909117 0.0737763 0.0853030 0.1308387 0.0895266 0.1265069 0.0833673 0.0903404 0.0858448 0.1157300 0.0803193 0.1289900 0.1392812 0.1267735 0.0944484 0.0977484 0.0973883 0.1185218 0.0707914 0.1374588 0.0843260 0.1005310 0.0672827 0.1260025 0.0697187 0.0794651 0.1400740 0.0664478 0.0675460 0.0924423 0.1053396 0.0855325 0.0903331 0.1280741 0.0806743 0.1280636 0.1093108 0.1162305 0.1014361 0.0816632 0.1266095 0.0672450 0.0703349 0.0808774 0.0634423 0.0660122 0.0808890 0.0715077 0.0865480 0.0761482 0.0754997 0.1215879 0.0656781 0.0896967 0.1759161 0.0780759 0.0854925 0.0698872 0.0834049 0.0698848 
S0417         0.3750153 0.3413906 0.4243093 0.0902142 0.1330195 0.0965573 0.2024564 0.0840447 0.0836377 0.0360628 0.0880910 0.0701401 0.0221069 0.0623543 0.0992035 0.0829302 0.0185078 0.1118776 0.1040669 0.0318113 0.1071943 0.0257194 0.0803714 0.1601812 0.1187395 0.0866567 0.0773942 0.1177077 0.0000000 0.0945619 0.1245426 0.0971735 0.0400435 0.0807532 0.1121505 0.1138368 0.1246355 0.0258721 0.0862930 0.0932815 0.0315864 0.0512620 0.0553439 0.0586502 0.0843022 0.0873047 0.0981448 0.1284202 0.0995903 0.1059330 0.1160283 0.0845382 0.0914206 0.0848724 0.0744595 0.0901518 0.0798484 0.1012831 0.0855603 0.0632254 0.1292316 0.0574554 0.0489477 0.0681046 0.0279546 0.0939170 0.1203106 0.0831447 0.0791432 0.0757944 0.1145887 0.0924759 0.1194254 0.1213595 0.1232736 0.1124023 0.0894919 0.0944649 0.1102358 0.0875255 0.1196137 0.0315873 0.1033191 0.0794582 0.1294318 0.0915959 0.0716949 0.1215477 0.0778445 0.0963233 0.0847477 0.0144424 0.0511372 0.0551712 0.1025379 0.0573152 0.0417800 0.1035748 0.0981879 0.1072167 0.0820638 0.1279356 0.0680612 0.0601189 0.0890559 0.0726477 0.0999485 0.0637688 0.1012645 0.0581943 0.0667672 0.0623416 0.0180356 0.0828120 0.0957153 0.0547733 0.0928277 0.0490729 0.0722473 0.0901904 0.0821261 
S0419         0.3811161 0.3480878 0.4489294 0.1002698 0.0575303 0.0731709 0.2108589 0.0593515 0.0048271 0.1012731 0.0632450 0.0654254 0.0938944 0.0690142 0.0672626 0.0692155 0.0835707 0.0598095 0.0721070 0.1058041 0.0675120 0.0937726 0.0691937 0.1285129 0.0749559 0.0752864 0.0660270 0.0740979 0.0945619 0.0000000 0.0965393 0.0672080 0.0715473 0.0723599 0.0957477 0.0884626 0.0685365 0.0993749 0.0681985 0.0554941 0.1108195 0.0727066 0.0686276 0.0810759 0.0629765 0.0524349 0.0689535 0.1285091 0.0871463 0.0733124 0.0826954 0.0748544 0.0732412 0.0102084 0.0675941 0.0166782 0.0123109 0.0717000 0.0507349 0.0816359 0.0992158 0.0663407 0.0673148 0.0660818 0.1008126 0.0590823 0.1163681 0.0671283 0.0754527 0.0639694 0.1034256 0.0524154 0.1094159 0.1063383 0.0821369 0.0901172 0.0829148 0.0774470 0.1159992 0.0081505 0.1269189 0.0354023 0.0914784 0.0462824 0.0899098 0.0656537 0.0869083 0.1295169 0.0635635 0.0635636 0.0720208 0.0853152 0.0690499 0.0636492 0.0716632 0.0794651 0.1058118 0.0880250 0.0869746 0.0756060 0.0739711 0.0955626 0.0656509 0.0645658 0.0756171 0.0634516 0.0766797 0.0745071 0.0727465 0.0692316 0.0721704 0.0697574 0.0955529 0.0514575 0.0255662 0.1533312 0.0525130 0.0664687 0.0622544 0.0557114 0.0633199 
S0427         0.3866645 0.3401837 0.4280262 0.1196991 0.1240739 0.0925533 0.2413384 0.0849072 0.1034275 0.1349688 0.1119162 0.0956702 0.1274131 0.1006225 0.0954662 0.0875427 0.1075452 0.1115602 0.1164294 0.1439384 0.1069361 0.1141972 0.0795153 0.1748777 0.0442684 0.0996744 0.0940932 0.0929236 0.1245426 0.0965393 0.0000000 0.1023760 0.1023258 0.1027224 0.1025337 0.1115617 0.1114586 0.1260374 0.0813004 0.0963768 0.1281972 0.1028477 0.1027534 0.0681888 0.1077428 0.0966984 0.0954422 0.1534024 0.0977437 0.1008687 0.1130723 0.1123741 0.1022582 0.1020910 0.0956088 0.1125801 0.0967590 0.1123550 0.0970615 0.1183056 0.1272599 0.1029809 0.0973287 0.1001647 0.1434517 0.0953448 0.1370309 0.0990912 0.0956899 0.0994220 0.1059337 0.1140434 0.1488404 0.1307827 0.1222803 0.1129339 0.1126030 0.1031131 0.1501716 0.0869963 0.1502178 0.1031310 0.1098577 0.0933085 0.1224833 0.0928634 0.0951323 0.1493116 0.0985757 0.0881777 0.0990990 0.1156022 0.0979650 0.1023894 0.1219967 0.0965812 0.1479961 0.1113340 0.1130037 0.1046719 0.1017462 0.1256868 0.1006723 0.0864170 0.1133106 0.0889430 0.0934572 0.0991108 0.0865366 0.0956721 0.1075582 0.0915434 0.1279551 0.0748696 0.1087350 0.1954837 0.1144915 0.0979222 0.1001526 0.1149725 0.0964872 
S0430         0.3438174 0.2927925 0.3346208 0.0923079 0.1163068 0.0887830 0.1959190 0.0806204 0.0584655 0.1027227 0.0814067 0.0762787 0.0958168 0.0603541 0.0898475 0.0797921 0.0933126 0.0021140 0.0385911 0.1044876 0.0036245 0.0937245 0.0676222 0.1327302 0.0952648 0.0904440 0.0724260 0.0926327 0.0971735 0.0672080 0.1023760 0.0000000 0.0723405 0.0727803 0.0986718 0.0553795 0.0065557 0.1014856 0.0713071 0.0753417 0.1009540 0.0732411 0.0695723 0.0415097 0.0858624 0.0694124 0.0000021 0.1107790 0.0910867 0.0000020 0.0869684 0.0869354 0.0844694 0.0646035 0.0762214 0.0789313 0.0668748 0.0807864 0.0703351 0.0861950 0.0618144 0.0767052 0.0708496 0.0737840 0.1204695 0.0244270 0.1091627 0.0770492 0.0705987 0.0727007 0.1017175 0.0687310 0.1059990 0.1169723 0.0512548 0.0528654 0.0821813 0.0817159 0.1040646 0.0693740 0.0998202 0.0651488 0.0927516 0.0619918 0.0641601 0.0711774 0.0883344 0.1018232 0.0794762 0.0831584 0.0715215 0.0867455 0.0698108 0.0742059 0.0029276 0.0684140 0.1170908 0.0469928 0.0107941 0.0036270 0.0840187 0.0634501 0.0632680 0.0607548 0.0957982 0.0700251 0.0914503 0.0768486 0.0976502 0.0699572 0.0725272 0.0655346 0.1007360 0.0724795 0.0750905 0.1456815 0.0668596 0.0699268 0.0756959 0.0692660 0.0697123 
