142
CRNC          0.0000000 0.2182873 0.2776721 0.3665216 0.6132411 0.3683833 0.2965548 0.3384784 0.4394082 0.3509823 0.3479142 0.3603644 0.3726463 0.3026717 0.3421655 0.3543392 0.3334161 0.3222718 0.3682760 0.3417932 0.3117161 0.3975186 0.3273340 0.3638936 0.4098628 0.3850014 0.3612697 0.3584574 0.3349183 0.3170903 0.3546934 0.3490344 0.3751381 0.3557267 0.3391492 0.3787846 0.3297465 0.3504400 0.3407448 0.4207546 0.3816109 0.3089700 0.3445493 0.3457635 0.3217400 0.3425178 0.3617790 0.3056276 0.3459746 0.3480929 0.3867249 0.3692346 0.3596947 0.3787399 0.3349079 0.3336587 0.3641475 0.3786361 0.3615238 0.3805163 0.3752503 0.3578140 0.3464942 0.3323123 0.3406228 0.3439521 0.3743473 0.3513963 0.3328221 0.3436718 0.3738629 0.3861016 0.3670664 0.3762993 0.3802940 0.3804543 0.3467591 0.3067445 0.3376245 0.3488351 0.3734752 0.3775087 0.3750166 0.3753960 0.3622696 0.6330393 0.3738216 0.3551658 0.3392968 0.3442114 0.3593990 0.3445671 0.3587509 0.3321615 0.3634561 0.3177356 0.3345430 0.3418088 0.3836228 0.3487198 0.3239933 0.3923766 0.3787900 0.3678281 0.3714084 0.3416728 0.3572859 0.3515839 0.3573590 0.3448905 0.3335897 0.3657623 0.3366768 0.3661105 0.3495827 0.3469069 0.3313379 0.3499815 0.3788246 0.2823974 0.3871383 0.3375202 0.3436822 0.3681393 0.3491104 0.3498321 0.3488281 0.3006497 0.3240986 0.3627138 0.3397340 0.3582642 0.3387233 0.3417474 0.3325130 0.3466896 0.3698527 0.3487581 0.3570882 0.3495234 0.3371183 0.3522494 
HYZL          0.2182873 0.0000000 0.1010763 0.3745062 0.6291026 0.3502054 0.2597899 0.3226449 0.4024060 0.3518235 0.3297064 0.3559130 0.3419344 0.2996674 0.3421536 0.3326439 0.3335037 0.3335246 0.3397410 0.3326981 0.3348999 0.3979834 0.3353954 0.3550986 0.4264743 0.3628427 0.3467417 0.3453534 0.3138243 0.3410320 0.3491053 0.3426258 0.3484787 0.3254972 0.3206454 0.3492484 0.3581970 0.3363381 0.3377058 0.4069434 0.3660958 0.3267820 0.3486985 0.3396750 0.3239295 0.3336630 0.3396683 0.2946915 0.3924629 0.3411035 0.3598689 0.3552816 0.3434363 0.3447303 0.3221955 0.3254867 0.3313579 0.3516881 0.3439720 0.3533042 0.3485750 0.3469807 0.3427912 0.3359376 0.3460090 0.3351913 0.3370087 0.3127294 0.3573040 0.3329635 0.3312400 0.3462516 0.3381688 0.3510671 0.3678674 0.3444074 0.3402635 0.3168626 0.3304471 0.3466745 0.3392211 0.3467410 0.3556571 0.3487008 0.3750539 0.8258811 0.3412240 0.3295122 0.3276865 0.3278995 0.3570941 0.3488176 0.3413622 0.3228060 0.3370575 0.3302912 0.3264164 0.3331539 0.4113939 0.3456614 0.3379376 0.3876349 0.3499823 0.3462269 0.3312988 0.3256374 0.3385337 0.3586271 0.3315932 0.3243116 0.3224120 0.3888538 0.3208144 0.3527085 0.3504500 0.3526128 0.3451250 0.3248017 0.3518512 0.2793447 0.3502472 0.3260196 0.3078348 0.3422563 0.3799616 0.3449978 0.3490904 0.3198156 0.3275717 0.3651936 0.3280853 0.3620096 0.3462367 0.3301661 0.3238363 0.3374538 0.3201057 0.3474610 0.3547542 0.3447101 0.3527567 0.3110453 
MYZV          0.2776721 0.1010763 0.0000000 0.4445604 0.7563582 0.3879620 0.3294067 0.3719295 0.5009043 0.3720728 0.3904083 0.3987996 0.4415460 0.3407964 0.3830428 0.3706198 0.3656195 0.3809586 0.3933547 0.3549627 0.3860970 0.4320983 0.3851760 0.4069589 0.4893922 0.4147156 0.4089894 0.3924059 0.3577770 0.3694581 0.3882424 0.3754787 0.4095981 0.3886850 0.3549960 0.4039128 0.4155518 0.3822888 0.3742675 0.4744282 0.4361911 0.3501085 0.3814505 0.3765694 0.3605492 0.3642774 0.4041549 0.3381519 0.4586966 0.3952128 0.4158466 0.4025922 0.3953199 0.4087508 0.3850606 0.3797429 0.3852350 0.4032345 0.3776402 0.4150291 0.4097173 0.3974725 0.3865677 0.3856808 0.3964663 0.3845353 0.3821471 0.3689431 0.4066663 0.3756804 0.3766761 0.3970761 0.3930615 0.4072944 0.4301465 0.4061639 0.3956116 0.3783348 0.3893997 0.3986601 0.3885995 0.4133727 0.3835269 0.4098712 0.4092447 0.6738460 0.4064682 0.3940588 0.3859836 0.3593943 0.4190918 0.4050112 0.3880504 0.3550231 0.4063582 0.3772010 0.3748177 0.3825114 0.4694524 0.3693504 0.3696066 0.4532935 0.4053594 0.4007803 0.3957529 0.3741286 0.4049187 0.3992698 0.3772456 0.3694657 0.3625242 0.4241558 0.3703715 0.4047432 0.4017991 0.3945275 0.3974003 0.3649483 0.4132346 0.3333093 0.4128507 0.3885216 0.3511131 0.4024428 0.4129142 0.3959675 0.3804005 0.3492606 0.3735303 0.3964628 0.3687707 0.3819766 0.4035114 0.3888852 0.3840699 0.4046800 0.3824485 0.4164734 0.3980471 0.3909769 0.4062866 0.3675642 
SRR6441723    0.3665216 0.3745062 0.4445604 0.0000000 0.1787265 0.1003799 0.2015420 0.0943645 0.0883952 0.1038051 0.0735981 0.0966725 0.1620771 0.0864502 0.0625361 0.0922981 0.0999006 0.1109130 0.1268997 0.1316277 0.1037530 0.1470789 0.0875087 0.0579346 0.0744017 0.1394441 0.0962094 0.0877084 0.0829346 0.1184001 0.1063089 0.0907503 0.0725339 0.0959975 0.1141298 0.1271085 0.0967618 0.0887646 0.0956505 0.1236444 0.1346040 0.0951607 0.1006108 0.0848229 0.1068380 0.0994820 0.0948218 0.0627442 0.0973333 0.0644727 0.1355730 0.1342029 0.0914649 0.1347504 0.1038672 0.0899387 0.0802885 0.0732134 0.0903715 0.0714659 0.0735488 0.0854979 0.0724039 0.1056933 0.1144343 0.0946892 0.0961052 0.0758054 0.1123312 0.1080200 0.0876640 0.0865219 0.0937248 0.0927074 0.1245891 0.0781870 0.1308229 0.0801539 0.1223047 0.1072695 0.0984719 0.0985640 0.1311664 0.0723057 0.1418984 0.1025873 0.0900444 0.0541764 0.1259504 0.0840659 0.0829362 0.1278829 0.0885783 0.0887637 0.0717645 0.0892290 0.0873200 0.0901001 0.1531431 0.1044747 0.1046547 0.1057237 0.1280649 0.1279080 0.0889083 0.1200338 0.0569636 0.0652710 0.0879953 0.0823046 0.0885988 0.0951560 0.0925957 0.0954205 0.0777499 0.0700233 0.0987678 0.0828669 0.0751685 0.1146801 0.0740490 0.0891100 0.0811124 0.0750901 0.0777390 0.0543548 0.0851398 0.0849574 0.0828264 0.1084373 0.0888813 0.0838832 0.0565818 0.0620012 0.1056622 0.0826517 0.0834628 0.1411188 0.0690423 0.0551833 0.0910517 0.0754454 
ERR4210213    0.6132411 0.6291026 0.7563582 0.1787265 0.0000000 0.1971760 0.3454318 0.1750537 0.1760440 0.2150278 0.1678019 0.1987811 0.1261031 0.2034930 0.1164693 0.1889433 0.2262636 0.2350888 0.2218104 0.2494509 0.2164463 0.2349629 0.2172133 0.0917419 0.1172741 0.2202991 0.2078368 0.1959308 0.1943463 0.2218887 0.1951063 0.2501338 0.1701012 0.1773319 0.2139231 0.2202991 0.2058283 0.1717665 0.1956825 0.2784259 0.2286729 0.2194301 0.1866943 0.1828004 0.2371454 0.2117245 0.1847998 0.1608230 0.1885775 0.1598599 0.2320153 0.2071154 0.1939750 0.2202991 0.1564021 0.1974141 0.1413581 0.1701012 0.1892089 0.1762161 0.1708489 0.1716578 0.1683291 0.1942124 0.2156733 0.2036967 0.2116031 0.1527966 0.2169984 0.2047974 0.1705905 0.1554354 0.1707541 0.1665797 0.2315571 0.1812801 0.1986267 0.1391808 0.2317548 0.2344230 0.1471298 0.1939511 0.2072681 0.1709417 0.2293916 4.1452982 0.1547984 0.1241065 0.2186150 0.1762591 0.1349822 0.1939046 0.2014117 0.1902684 0.1338279 0.2178252 0.1981822 0.2049791 0.2318839 0.2027147 0.2376717 0.2666799 0.2223422 0.2116411 0.1959358 0.2286198 0.1151132 0.1249077 0.2001325 0.1837219 0.1985906 0.1455381 0.1758768 0.2289974 0.1188104 0.1144249 0.2470521 0.1812403 0.1752013 0.2553191 0.1812801 0.1875774 0.1738494 0.1756425 0.1159641 0.1296706 0.1812216 0.2003177 0.1773225 0.2423339 0.1749376 0.1549242 0.1333978 0.1004173 0.1798210 0.1670075 0.1718614 0.2758235 0.1424670 0.1249520 0.1864211 0.1628704 
ERR2789774    0.3683833 0.3502054 0.3879620 0.1003799 0.1971760 0.0000000 0.2100249 0.0610183 0.1003334 0.0927504 0.0765627 0.0400674 0.1580468 0.0856381 0.0812341 0.0402744 0.0665312 0.1049677 0.1250667 0.1301327 0.0918586 0.1415216 0.0918135 0.0868646 0.1128678 0.1270475 0.0794282 0.0324792 0.0335217 0.1130339 0.0717343 0.0870061 0.0788863 0.0756484 0.1038231 0.1231529 0.0956811 0.1005969 0.0675783 0.1113099 0.1268106 0.0856609 0.0437201 0.0307897 0.1034548 0.0895396 0.0898784 0.0398235 0.0415013 0.0724007 0.1304914 0.1421343 0.0620605 0.1362038 0.1079908 0.0419044 0.0830506 0.0797752 0.0340502 0.0798829 0.0820549 0.0979442 0.0792748 0.0954205 0.1016892 0.0919124 0.0936693 0.0811618 0.1061621 0.1000354 0.0952366 0.0923188 0.0977255 0.0967000 0.0889000 0.0812796 0.1347034 0.0818948 0.1012172 0.1044525 0.0972540 0.1009376 0.1343693 0.0807384 0.1482362 0.1013901 0.0979274 0.0934941 0.1058157 0.0536131 0.0989016 0.1317593 0.0341824 0.0556291 0.0720965 0.0918524 0.0878131 0.0882924 0.1393562 0.0976165 0.1015009 0.1007128 0.1182674 0.1229405 0.0376575 0.1025195 0.0908945 0.0860627 0.0352037 0.0327298 0.0520001 0.1119548 0.0542217 0.0964828 0.0952122 0.0921326 0.0994702 0.0466320 0.0837000 0.1113200 0.0791701 0.0890571 0.0270620 0.0800278 0.0926688 0.0889688 0.0410558 0.0778807 0.0448414 0.0977220 0.0534954 0.0553667 0.0924446 0.0859063 0.1020951 0.0883322 0.0882265 0.1413743 0.0774088 0.0917815 0.0726852 0.0819288 
PAFTOL_019361 0.2965548 0.2597899 0.3294067 0.2015420 0.3454318 0.2100249 0.0000000 0.1904944 0.1866459 0.1950572 0.1739323 0.2061970 0.2575524 0.1752024 0.1778643 0.2058892 0.1941201 0.1977157 0.2076195 0.2151550 0.1940287 0.2240915 0.1778775 0.1847471 0.2320930 0.2310947 0.1772008 0.1994769 0.1953010 0.2062873 0.2095367 0.1889471 0.1711983 0.1799034 0.1835175 0.2061505 0.2007976 0.1870270 0.1900762 0.2172589 0.2136224 0.1885670 0.2134091 0.1889694 0.1998140 0.1942864 0.1954425 0.1486408 0.2158525 0.1718831 0.2115971 0.2102398 0.1914816 0.2176173 0.1862358 0.1947539 0.1761899 0.1720962 0.1990486 0.1698705 0.1690563 0.1785920 0.1799639 0.1945820 0.1948490 0.1920183 0.1833839 0.1631878 0.2066585 0.1881603 0.1825391 0.1795373 0.1856060 0.1817552 0.2122487 0.1835413 0.2030102 0.1709496 0.2049937 0.1973048 0.1918830 0.1977810 0.2070921 0.1721483 0.2185086 0.2238889 0.1822396 0.1774885 0.2106859 0.1761330 0.1888784 0.2005826 0.1993826 0.1994625 0.1724648 0.1837291 0.1886055 0.1847542 0.2282202 0.1912265 0.1968554 0.2053883 0.1977345 0.1978802 0.1993617 0.1997723 0.1809855 0.1777356 0.1938240 0.1966669 0.1866937 0.1953953 0.1910638 0.1877873 0.1913083 0.1698589 0.1986857 0.1895984 0.1762171 0.1858748 0.1824653 0.1864360 0.1938897 0.1793523 0.1872944 0.1903716 0.2096266 0.1884833 0.1787020 0.2137900 0.1877896 0.1899302 0.1854758 0.1853131 0.1994701 0.1721225 0.1751229 0.2161267 0.1764215 0.1911344 0.1873118 0.1673661 
S0055         0.3384784 0.3226449 0.3719295 0.0943645 0.1750537 0.0610183 0.1904944 0.0000000 0.0791085 0.0902635 0.0661923 0.0559864 0.1414157 0.0733137 0.0653507 0.0527386 0.0697407 0.0942936 0.1162789 0.1163499 0.0830711 0.1298081 0.0777135 0.0776148 0.0964698 0.1234059 0.0729509 0.0480143 0.0473479 0.1028461 0.0561470 0.0757813 0.0651644 0.0702045 0.1080991 0.1154265 0.0832438 0.0862864 0.0568128 0.1052233 0.0878027 0.0764248 0.0591791 0.0480156 0.0898450 0.0822944 0.0836040 0.0271256 0.0594804 0.0628312 0.1214963 0.1338594 0.0469352 0.1228596 0.0960060 0.0534030 0.0716620 0.0667574 0.0478868 0.0650310 0.0634213 0.0833386 0.0697457 0.0833770 0.0998372 0.0825330 0.0861670 0.0663610 0.0993525 0.0880941 0.0864224 0.0807514 0.0847221 0.0846957 0.0934592 0.0758880 0.1214419 0.0658767 0.0996173 0.0807959 0.0875438 0.0902642 0.1252917 0.0658634 0.1364612 0.1019165 0.0890039 0.0810482 0.1031963 0.0450282 0.0892273 0.1217455 0.0462369 0.0471888 0.0604564 0.0812126 0.0784955 0.0810867 0.1362906 0.0811282 0.0918891 0.0936448 0.1091567 0.1136781 0.0490096 0.1006248 0.0812820 0.0690299 0.0472885 0.0438741 0.0299106 0.0950642 0.0361912 0.0872426 0.0795495 0.0730035 0.0843280 0.0444831 0.0686738 0.1010819 0.0717806 0.0811195 0.0451895 0.0698702 0.0807521 0.0794328 0.0542416 0.0644604 0.0392776 0.0877277 0.0416555 0.0409861 0.0839348 0.0811037 0.0924871 0.0783854 0.0758963 0.1378000 0.0661353 0.0802921 0.0672012 0.0689707 
S0196sl       0.4394082 0.4024060 0.5009043 0.0883952 0.1760440 0.1003334 0.1866459 0.0791085 0.0000000 0.0861897 0.0308614 0.0852474 0.1318022 0.0736961 0.0632972 0.0858594 0.0941192 0.0920512 0.1207839 0.1198143 0.0788754 0.1395795 0.0747949 0.0645410 0.0663880 0.1250616 0.0773376 0.0793900 0.0751146 0.0999938 0.0853457 0.0789739 0.0129163 0.0704957 0.1250064 0.1172340 0.0864961 0.0761122 0.0830022 0.1018163 0.0959205 0.0809690 0.0932566 0.0772004 0.0914225 0.0911659 0.0869813 0.0449179 0.0939690 0.0254008 0.1272239 0.1255653 0.0780244 0.1262760 0.0764239 0.0853442 0.0544660 0.0128830 0.0826223 0.0119617 0.0119728 0.0726071 0.0337229 0.0944243 0.1000506 0.0868699 0.0854885 0.0657954 0.1004667 0.0912183 0.0761400 0.0706415 0.0718582 0.0763050 0.1040805 0.0438927 0.1197157 0.0520068 0.1019067 0.0883855 0.0819089 0.0804219 0.1156019 0.0128828 0.1302798 0.0941079 0.0778876 0.0756495 0.1063462 0.0709186 0.0907819 0.1139265 0.0793451 0.0794904 0.0577608 0.0770569 0.0808076 0.0791013 0.1464398 0.0914511 0.0938978 0.0924206 0.1131329 0.1122157 0.0807175 0.1005928 0.0699056 0.0666511 0.0774669 0.0774023 0.0780770 0.0907470 0.0678991 0.0894976 0.0770600 0.0703018 0.0841574 0.0714751 0.0157116 0.1020153 0.0395114 0.0860230 0.0760539 0.0395965 0.0747216 0.0744606 0.0796828 0.0581253 0.0654541 0.0851685 0.0719480 0.0648064 0.0706854 0.0771668 0.0887178 0.0617890 0.0703843 0.1305374 0.0440027 0.0708354 0.0627280 0.0620604 
S0278         0.3509823 0.3518235 0.3720728 0.1038051 0.2150278 0.0927504 0.1950572 0.0902635 0.0861897 0.0000000 0.0804987 0.0890674 0.1425463 0.0364112 0.0810061 0.0925640 0.0987221 0.0383969 0.1260549 0.1262435 0.0463516 0.1407392 0.0380259 0.0912160 0.1033386 0.1305062 0.0917583 0.0830575 0.0832113 0.0524221 0.0938681 0.0376594 0.0772915 0.0911027 0.0544969 0.1229757 0.0550957 0.0924033 0.1004947 0.1217870 0.1044971 0.0372069 0.0917261 0.0801673 0.0514682 0.0437736 0.0613417 0.0563618 0.0943663 0.0694687 0.1314585 0.1232542 0.0885056 0.1361053 0.1053310 0.0802484 0.0840753 0.0780434 0.0828220 0.0762400 0.0772421 0.0952535 0.0765076 0.0439974 0.1147009 0.0587121 0.0483160 0.0811105 0.0509131 0.1000522 0.0944992 0.0915659 0.0947830 0.0978420 0.1277992 0.0896578 0.1168608 0.0809587 0.1095126 0.1102533 0.1044868 0.1059544 0.1183427 0.0771036 0.1253487 0.0791620 0.0979702 0.0943252 0.1130387 0.0789377 0.0991654 0.1174444 0.0829576 0.0873999 0.0658757 0.0348147 0.0545821 0.0560848 0.1453197 0.0448252 0.0376039 0.1074577 0.1144642 0.1214779 0.0871900 0.1083294 0.0918284 0.0827283 0.0785048 0.0783771 0.0802442 0.1063741 0.0790826 0.0473191 0.0953488 0.0880688 0.0423317 0.0783748 0.0800750 0.0509563 0.0852248 0.0588372 0.0802882 0.0852657 0.0924238 0.0931819 0.0798956 0.0315463 0.0711993 0.0486954 0.0828339 0.0763602 0.0927393 0.0959143 0.0656163 0.0892461 0.0879447 0.1444933 0.0765372 0.0941530 0.0885348 0.0835258 
S0281         0.3479142 0.3297064 0.3904083 0.0735981 0.1678019 0.0765627 0.1739323 0.0661923 0.0308614 0.0804987 0.0000000 0.0701487 0.1216381 0.0655134 0.0504728 0.0714763 0.0731575 0.0840904 0.0991448 0.0940220 0.0713656 0.1154449 0.0720958 0.0549679 0.0740771 0.1055929 0.0676313 0.0635588 0.0617355 0.0908441 0.0704102 0.0671838 0.0220839 0.0647722 0.1056926 0.0993137 0.0774395 0.0652832 0.0680788 0.0841319 0.0833675 0.0693695 0.0765196 0.0644674 0.0830968 0.0725101 0.0731381 0.0355743 0.0793956 0.0186569 0.1072235 0.1061681 0.0606274 0.1072761 0.0666651 0.0674253 0.0474876 0.0228258 0.0661285 0.0203960 0.0229052 0.0642853 0.0240182 0.0845529 0.0823424 0.0702407 0.0777323 0.0545101 0.0850010 0.0737235 0.0625413 0.0626493 0.0608768 0.0645038 0.1054738 0.0313054 0.0998476 0.0499915 0.0837510 0.0749759 0.0686412 0.0697082 0.0993351 0.0212076 0.1100613 0.0855699 0.0677166 0.0640513 0.0873862 0.0566737 0.0705716 0.0990729 0.0653066 0.0636835 0.0460937 0.0688406 0.0661574 0.0639427 0.1227525 0.0803415 0.0796179 0.0709737 0.0952422 0.0963208 0.0674132 0.0848414 0.0568292 0.0513748 0.0646602 0.0619736 0.0634964 0.0780980 0.0443918 0.0743096 0.0633575 0.0586608 0.0724203 0.0561741 0.0244851 0.0854162 0.0286906 0.0676452 0.0607668 0.0286386 0.0623691 0.0541125 0.0694810 0.0542469 0.0537042 0.0824098 0.0585015 0.0596641 0.0636641 0.0608565 0.0855376 0.0598853 0.0590537 0.1092437 0.0338967 0.0549503 0.0595028 0.0542581 
S0282         0.3603644 0.3559130 0.3987996 0.0966725 0.1987811 0.0400674 0.2061970 0.0559864 0.0852474 0.0890674 0.0701487 0.0000000 0.1464148 0.0780831 0.0738664 0.0250024 0.0601696 0.0990921 0.1198604 0.1181832 0.0884839 0.1311943 0.0863095 0.0802946 0.0994488 0.1310218 0.0752878 0.0160989 0.0242374 0.1080185 0.0651467 0.0824937 0.0661400 0.0743237 0.1102333 0.1190049 0.0878845 0.0916230 0.0614521 0.1006984 0.1134960 0.0791758 0.0426566 0.0216827 0.0976477 0.0881187 0.0834274 0.0341815 0.0254292 0.0640755 0.1230047 0.1277311 0.0552192 0.1307969 0.1014290 0.0356359 0.0766277 0.0669537 0.0184257 0.0670922 0.0691455 0.0923020 0.0690597 0.0939305 0.0966877 0.0832930 0.0912835 0.0779393 0.1002127 0.0913522 0.0876969 0.0857658 0.0898686 0.0869427 0.0851551 0.0749967 0.1219242 0.0723871 0.0994087 0.0960445 0.0914671 0.0941087 0.1215448 0.0679292 0.1326652 0.0904480 0.0931692 0.0882313 0.1029801 0.0461673 0.0922449 0.1169975 0.0216604 0.0489316 0.0659161 0.0870343 0.0792543 0.0797512 0.1349345 0.0909234 0.0956763 0.0886381 0.1136743 0.1174694 0.0266229 0.0984607 0.0854002 0.0776327 0.0217723 0.0218449 0.0462628 0.1016616 0.0432080 0.0880317 0.0884264 0.0854799 0.0925084 0.0410372 0.0707651 0.1043234 0.0729804 0.0825556 0.0131618 0.0729138 0.0851189 0.0844722 0.0379147 0.0722656 0.0437472 0.0918584 0.0452095 0.0474850 0.0881054 0.0861409 0.0941042 0.0825882 0.0856578 0.1366936 0.0683116 0.0823589 0.0722149 0.0756023 
S0288         0.3726463 0.3419344 0.4415460 0.1620771 0.1261031 0.1580468 0.2575524 0.1414157 0.1318022 0.1425463 0.1216381 0.1464148 0.0000000 0.1176548 0.1255514 0.1456805 0.1337412 0.1624034 0.0183148 0.0930198 0.1414319 0.0214426 0.1346314 0.1240165 0.1279571 0.0228075 0.1428428 0.1410416 0.1285356 0.1546109 0.1431696 0.1449090 0.1333799 0.1422008 0.1342930 0.0126059 0.1426986 0.1490093 0.1278251 0.1074766 0.0165075 0.1325863 0.1625007 0.1387956 0.1497878 0.1475134 0.1326779 0.1002009 0.1476039 0.1162520 0.0243968 0.1773916 0.1290490 0.0212490 0.1392041 0.1556940 0.1321758 0.1309997 0.1447397 0.1353852 0.1356005 0.1560674 0.1250010 0.1535149 0.1060173 0.1422781 0.1111838 0.1266910 0.1167544 0.0493903 0.1564630 0.1538697 0.1485624 0.1414440 0.1401650 0.1348435 0.1763437 0.1298094 0.0993688 0.0664957 0.1592427 0.1635139 0.1851809 0.1350869 0.1972210 0.1643130 0.1543734 0.1324832 0.1023357 0.1242533 0.1332156 0.1713184 0.1471606 0.1300143 0.1252998 0.1406393 0.1386149 0.1354004 0.0169240 0.1562431 0.1538153 0.0884491 0.0070030 0.0128525 0.1412040 0.0952800 0.1254769 0.1343542 0.1418788 0.1386430 0.1309233 0.1663332 0.0896677 0.1394394 0.1598423 0.1441976 0.1358690 0.1075600 0.1407508 0.1658927 0.1299047 0.1424568 0.1435260 0.1280579 0.1366047 0.1417544 0.1486477 0.0897891 0.1152446 0.1596500 0.1200764 0.1193673 0.1329157 0.1344334 0.1488093 0.1413571 0.1238095 0.1853137 0.1170830 0.1427521 0.1328098 0.1181109 
S0289         0.3026717 0.2996674 0.3407964 0.0864502 0.2034930 0.0856381 0.1752024 0.0733137 0.0736961 0.0364112 0.0655134 0.0780831 0.1176548 0.0000000 0.0685360 0.0803413 0.0869112 0.0333144 0.1070505 0.1085881 0.0291400 0.1207487 0.0248843 0.0746178 0.0886504 0.1125888 0.0829533 0.0741034 0.0722154 0.0398943 0.0795715 0.0320574 0.0627726 0.0832427 0.0442192 0.1060271 0.0424082 0.0832151 0.0835763 0.1038119 0.0858118 0.0194190 0.0806082 0.0703474 0.0410457 0.0387164 0.0493760 0.0463752 0.0846429 0.0562319 0.1153284 0.1164898 0.0794878 0.1157819 0.0930156 0.0703513 0.0692239 0.0643682 0.0758631 0.0626406 0.0647181 0.0790500 0.0643250 0.0417643 0.0981975 0.0467759 0.0423360 0.0648476 0.0403775 0.0871301 0.0804316 0.0783870 0.0845811 0.0845670 0.1147974 0.0743806 0.1079546 0.0691859 0.0980007 0.0829766 0.0858612 0.0857077 0.1124475 0.0634330 0.1196997 0.0676205 0.0837165 0.0800421 0.1015306 0.0680306 0.0890255 0.1106328 0.0712146 0.0763150 0.0596619 0.0239390 0.0436047 0.0442502 0.1263794 0.0435576 0.0343722 0.0899297 0.0986512 0.1054477 0.0753276 0.0966887 0.0793412 0.0692352 0.0715047 0.0704503 0.0695393 0.0933124 0.0574667 0.0422120 0.0854904 0.0763480 0.0281264 0.0705755 0.0663810 0.0389124 0.0712100 0.0450995 0.0703466 0.0712164 0.0827345 0.0745551 0.0729189 0.0155216 0.0622121 0.0482885 0.0701479 0.0626602 0.0781232 0.0830718 0.0539164 0.0739809 0.0686627 0.1295687 0.0648250 0.0754373 0.0750178 0.0675421 
S0292         0.3421655 0.3421536 0.3830428 0.0625361 0.1164693 0.0812341 0.1778643 0.0653507 0.0632972 0.0810061 0.0504728 0.0738664 0.1255514 0.0685360 0.0000000 0.0696204 0.0771111 0.0866384 0.1063898 0.1037039 0.0770493 0.1189029 0.0707767 0.0446413 0.0607939 0.1087266 0.0722857 0.0654479 0.0636551 0.0894994 0.0741943 0.0708600 0.0471603 0.0741919 0.1046948 0.1055452 0.0735298 0.0591899 0.0738170 0.1008711 0.0847022 0.0755677 0.0811785 0.0636287 0.0837721 0.0781316 0.0711503 0.0386268 0.0783243 0.0417024 0.1134699 0.1034333 0.0680803 0.1169132 0.0760937 0.0683996 0.0514820 0.0444403 0.0680119 0.0462053 0.0480830 0.0663420 0.0477290 0.0812079 0.0968681 0.0719844 0.0784510 0.0492092 0.0859992 0.0808832 0.0591133 0.0611052 0.0648455 0.0619274 0.1085169 0.0571174 0.0982623 0.0522055 0.0996110 0.0831521 0.0728569 0.0726461 0.1020506 0.0470163 0.1134202 0.0803221 0.0670052 0.0506272 0.1031826 0.0577261 0.0342707 0.0974719 0.0662788 0.0675103 0.0418854 0.0687800 0.0670410 0.0666717 0.1268314 0.0767622 0.0845605 0.0864497 0.0995698 0.1027881 0.0683682 0.0975425 0.0497697 0.0068194 0.0647413 0.0611733 0.0663175 0.0403347 0.0564297 0.0781050 0.0201749 0.0107017 0.0773878 0.0636100 0.0496701 0.0870625 0.0532841 0.0694172 0.0617441 0.0514920 0.0253293 0.0470796 0.0677148 0.0571133 0.0574786 0.0843692 0.0631058 0.0588917 0.0511005 0.0537407 0.0812606 0.0572590 0.0581183 0.1208991 0.0445089 0.0463003 0.0684632 0.0516013 
S0293         0.3543392 0.3326439 0.3706198 0.0922981 0.1889433 0.0402744 0.2058892 0.0527386 0.0858594 0.0925640 0.0714763 0.0250024 0.1456805 0.0803413 0.0696204 0.0000000 0.0566007 0.0984002 0.1216446 0.1210030 0.0860515 0.1356894 0.0846357 0.0800128 0.0937590 0.1291273 0.0766460 0.0177663 0.0243580 0.1062982 0.0634039 0.0810409 0.0683255 0.0766621 0.1039222 0.1207829 0.0872801 0.0902622 0.0590495 0.1076681 0.1051278 0.0783404 0.0394950 0.0217902 0.0939423 0.0845546 0.0855847 0.0335306 0.0299082 0.0671764 0.1259175 0.1278982 0.0555106 0.1294506 0.0966792 0.0340902 0.0742048 0.0701215 0.0201008 0.0692886 0.0695144 0.0889285 0.0741443 0.0955119 0.1035118 0.0876050 0.0872922 0.0764684 0.0996222 0.0948557 0.0862587 0.0805429 0.0884208 0.0864557 0.0758256 0.0782918 0.1201878 0.0671918 0.1030206 0.0977759 0.0857974 0.0927235 0.1219070 0.0701317 0.1342381 0.0924444 0.0898344 0.0858272 0.1066251 0.0472729 0.0908002 0.1194037 0.0201202 0.0473578 0.0662726 0.0855800 0.0825794 0.0840218 0.1379510 0.0882230 0.0942147 0.0954308 0.1155393 0.1189617 0.0267566 0.1053723 0.0829956 0.0724307 0.0218253 0.0203438 0.0448060 0.0979431 0.0422055 0.0885400 0.0840981 0.0793212 0.0890491 0.0412825 0.0729997 0.1023242 0.0761844 0.0838086 0.0140008 0.0751788 0.0835256 0.0811100 0.0371724 0.0687881 0.0439829 0.0944145 0.0471765 0.0505295 0.0856902 0.0818688 0.0977442 0.0801456 0.0822758 0.1321436 0.0686759 0.0829350 0.0707943 0.0761036 
S0294         0.3334161 0.3335037 0.3656195 0.0999006 0.2262636 0.0665312 0.1941201 0.0697407 0.0941192 0.0987221 0.0731575 0.0601696 0.1337412 0.0869112 0.0771111 0.0566007 0.0000000 0.1018446 0.1225198 0.1204121 0.1002811 0.1397484 0.0974914 0.0835778 0.1101307 0.1225344 0.0765040 0.0546110 0.0519043 0.1095184 0.0683136 0.0901906 0.0738901 0.0766359 0.1323116 0.1205293 0.0974890 0.1032847 0.0648814 0.1142834 0.0990699 0.0881928 0.0642271 0.0546122 0.1114658 0.0996138 0.0990374 0.0390636 0.0679090 0.0716670 0.1267525 0.1256794 0.0602547 0.1316866 0.1001279 0.0537057 0.0850961 0.0745947 0.0553761 0.0727725 0.0749506 0.0942676 0.0760036 0.1049965 0.1007530 0.0959435 0.1048180 0.0863049 0.1055508 0.0937694 0.1000365 0.0939471 0.1024001 0.0992447 0.0633463 0.0833965 0.1277725 0.0705583 0.1017115 0.0978878 0.1075366 0.1129635 0.1233558 0.0736468 0.1334836 0.1176132 0.0987590 0.0909182 0.1066348 0.0562397 0.1017587 0.1214966 0.0545408 0.0614363 0.0757172 0.0931244 0.0906655 0.0891158 0.1436499 0.1008206 0.1068590 0.1017043 0.1129718 0.1175487 0.0565235 0.1051997 0.0891874 0.0798558 0.0529313 0.0493135 0.0573703 0.0978298 0.0427768 0.1019095 0.0903554 0.0878553 0.1013800 0.0498516 0.0766376 0.1021087 0.0800724 0.0971644 0.0498748 0.0797846 0.0874421 0.0879667 0.0481827 0.0807970 0.0541563 0.1031340 0.0553317 0.0614139 0.0843940 0.0862851 0.1059677 0.0873673 0.0934780 0.1307876 0.0770626 0.0888693 0.0701181 0.0891073 
S0299         0.3222718 0.3335246 0.3809586 0.1109130 0.2350888 0.1049677 0.1977157 0.0942936 0.0920512 0.0383969 0.0840904 0.0990921 0.1624034 0.0333144 0.0866384 0.0984002 0.1018446 0.0000000 0.1328413 0.1350418 0.0379486 0.1500540 0.0363389 0.0960962 0.1038015 0.1448014 0.1010912 0.0909448 0.0869801 0.0448114 0.0956664 0.0438074 0.0839105 0.1015291 0.0706235 0.1294300 0.0600965 0.1026106 0.1049506 0.1332152 0.1066321 0.0250752 0.0987895 0.0879971 0.0517604 0.0454391 0.0678938 0.0611178 0.1017225 0.0749281 0.1393875 0.1352856 0.0965232 0.1442680 0.1083703 0.0880774 0.0901254 0.0845869 0.0916726 0.0827688 0.0849871 0.0971575 0.0818821 0.0510578 0.1190867 0.0652104 0.0532666 0.0889257 0.0476970 0.1084788 0.1027353 0.0952013 0.1040104 0.1070588 0.1319763 0.0952962 0.1255626 0.0867382 0.1191464 0.1092773 0.1089530 0.1067000 0.1311082 0.0835503 0.1395164 0.0816493 0.1097054 0.1011045 0.1226944 0.0836812 0.1062808 0.1280200 0.0888784 0.0935176 0.0724035 0.0362606 0.0630001 0.0644894 0.1548854 0.0493525 0.0418977 0.1170671 0.1258537 0.1306715 0.0951672 0.1168871 0.0987052 0.0873882 0.0882949 0.0881352 0.0852934 0.1106221 0.0773470 0.0574144 0.1001599 0.0939030 0.0426927 0.0825840 0.0866529 0.0431149 0.0907971 0.0672532 0.0893373 0.0926838 0.0976503 0.0980301 0.0922022 0.0270907 0.0741597 0.0555598 0.0867652 0.0741708 0.0986330 0.0989661 0.0727412 0.0945588 0.0929722 0.1376901 0.0841441 0.0989254 0.0906023 0.0884793 
S0303         0.3682760 0.3397410 0.3933547 0.1268997 0.2218104 0.1250667 0.2076195 0.1162789 0.1207839 0.1260549 0.0991448 0.1198604 0.0183148 0.1070505 0.1063898 0.1216446 0.1225198 0.1328413 0.0000000 0.0913934 0.1233436 0.0178765 0.1140890 0.1059031 0.1326746 0.0085637 0.1132211 0.1123414 0.1081563 0.1431820 0.1202530 0.1198352 0.1055610 0.1112578 0.1346055 0.0106397 0.1227842 0.1257194 0.1091096 0.1017646 0.0092355 0.1173212 0.1218110 0.1113277 0.1289218 0.1231699 0.1178483 0.0779702 0.1278023 0.0940064 0.0106778 0.1518023 0.1049916 0.0113952 0.1270870 0.1165460 0.1138726 0.1042792 0.1140938 0.1044134 0.1068031 0.1319237 0.0996831 0.1287530 0.0930962 0.1166252 0.1102276 0.1081470 0.1277684 0.0411863 0.1269441 0.1280971 0.1275668 0.1240667 0.1392537 0.1060861 0.1521874 0.1103949 0.0939899 0.0799399 0.1321935 0.1352094 0.1550831 0.1052982 0.1638249 0.1355206 0.1322463 0.1121008 0.0954173 0.1009180 0.1091901 0.1462148 0.1132392 0.1121420 0.1075824 0.1182283 0.1124504 0.1106763 0.0291487 0.1285053 0.1336994 0.0802730 0.0116612 0.0140532 0.1168404 0.0908597 0.1057792 0.1125660 0.1127104 0.1072608 0.1106668 0.1382997 0.0814891 0.1236677 0.1269644 0.1189226 0.1255931 0.0994544 0.1084828 0.1376226 0.1024476 0.1200417 0.1119958 0.1013406 0.1182776 0.1124351 0.1169263 0.0901051 0.0997231 0.1327544 0.1062631 0.1030663 0.1176000 0.1139069 0.1350102 0.1211226 0.1143974 0.1645267 0.1035191 0.1124096 0.1123683 0.0994459 
S0308         0.3417932 0.3326981 0.3549627 0.1316277 0.2494509 0.1301327 0.2151550 0.1163499 0.1198143 0.1262435 0.0940220 0.1181832 0.0930198 0.1085881 0.1037039 0.1210030 0.1204121 0.1350418 0.0913934 0.0000000 0.1255213 0.1036494 0.1207565 0.1085953 0.1334769 0.0905629 0.1152075 0.1141629 0.1101014 0.1495778 0.1238673 0.1214938 0.1050002 0.1171803 0.1364891 0.0895820 0.1222002 0.1232971 0.1125865 0.1030995 0.0749943 0.1150925 0.1236540 0.1141646 0.1327938 0.1204459 0.1214317 0.0865457 0.1306788 0.0933152 0.0968769 0.1518823 0.1122022 0.0975416 0.1292662 0.1218277 0.1093627 0.1036292 0.1127923 0.1037621 0.1051301 0.1245266 0.1031888 0.1285202 0.0867929 0.1202205 0.1190661 0.1072236 0.1329763 0.0655769 0.1236517 0.1221659 0.1273901 0.1188346 0.1561843 0.1061248 0.1466268 0.1109115 0.0931889 0.0898680 0.1270617 0.1318417 0.1452565 0.1036290 0.1582912 0.1381076 0.1212700 0.1204070 0.0955989 0.1039575 0.1160676 0.1451662 0.1160799 0.1114345 0.1089767 0.1208936 0.1160217 0.1164026 0.1096512 0.1253308 0.1287623 0.0833728 0.0857273 0.0865779 0.1176220 0.0864664 0.1111985 0.1108700 0.1176347 0.1112507 0.1087770 0.1337055 0.0896477 0.1231002 0.1210442 0.1172190 0.1271101 0.1079067 0.1078384 0.1283060 0.1017791 0.1150364 0.1148734 0.1016791 0.1215178 0.1146421 0.1270679 0.0958988 0.1034711 0.1336485 0.1052795 0.1076936 0.1202121 0.1167783 0.1359768 0.1189382 0.1184298 0.1716677 0.0999366 0.1128045 0.1151748 0.1107738 
S0320         0.3117161 0.3348999 0.3860970 0.1037530 0.2164463 0.0918586 0.1940287 0.0830711 0.0788754 0.0463516 0.0713656 0.0884839 0.1414319 0.0291400 0.0770493 0.0860515 0.1002811 0.0379486 0.1233436 0.1255213 0.0000000 0.1386614 0.0303182 0.0851939 0.1032519 0.1271365 0.0914532 0.0796378 0.0749654 0.0462238 0.0925373 0.0349604 0.0672493 0.0935506 0.0513081 0.1224774 0.0506819 0.0913493 0.0921006 0.1177307 0.1027856 0.0274952 0.0861576 0.0758314 0.0438442 0.0489143 0.0574177 0.0541503 0.0917761 0.0641585 0.1296715 0.1285670 0.0881464 0.1322848 0.0962508 0.0740108 0.0771949 0.0699881 0.0803673 0.0682195 0.0703138 0.0858549 0.0730359 0.0473334 0.1142751 0.0539114 0.0552413 0.0733643 0.0436877 0.1028012 0.0904599 0.0855127 0.0926912 0.0916618 0.1287536 0.0842616 0.1197589 0.0750343 0.1122149 0.0964516 0.0973481 0.0918630 0.1202265 0.0690001 0.1294799 0.0730525 0.0938926 0.0976788 0.1168058 0.0756560 0.1007893 0.1182364 0.0766814 0.0891228 0.0650146 0.0285213 0.0509316 0.0533232 0.1458612 0.0465131 0.0425670 0.1060740 0.1161703 0.1195489 0.0815431 0.1110175 0.0897103 0.0778055 0.0770098 0.0769963 0.0771935 0.1059527 0.0723322 0.0533221 0.0951952 0.0850999 0.0303404 0.0802669 0.0719597 0.0427871 0.0808906 0.0560005 0.0769634 0.0789040 0.0902841 0.0857207 0.0829538 0.0238587 0.0720578 0.0583789 0.0784556 0.0742038 0.0887142 0.0968614 0.0576425 0.0830726 0.0782268 0.1379746 0.0694697 0.0866004 0.0863674 0.0758515 
S0322         0.3975186 0.3979834 0.4320983 0.1470789 0.2349629 0.1415216 0.2240915 0.1298081 0.1395795 0.1407392 0.1154449 0.1311943 0.0214426 0.1207487 0.1189029 0.1356894 0.1397484 0.1500540 0.0178765 0.1036494 0.1386614 0.0000000 0.1313157 0.1236300 0.1437842 0.0165658 0.1245639 0.1291384 0.1236656 0.1596224 0.1339426 0.1375747 0.1155361 0.1251354 0.1436976 0.0219045 0.1342559 0.1413657 0.1225096 0.1066242 0.0201916 0.1328327 0.1358815 0.1248395 0.1460690 0.1387741 0.1302028 0.0913906 0.1372840 0.1074801 0.0211534 0.1649546 0.1160900 0.0235132 0.1448165 0.1324667 0.1279182 0.1177396 0.1298539 0.1178952 0.1204351 0.1478333 0.1118802 0.1456287 0.1045592 0.1282190 0.1272033 0.1218788 0.1380123 0.0533146 0.1424700 0.1438677 0.1432728 0.1381630 0.1486061 0.1197139 0.1652184 0.1273667 0.1052799 0.0959423 0.1432196 0.1510701 0.1683306 0.1188055 0.1712945 0.1288020 0.1471749 0.1290917 0.1066973 0.1183687 0.1194111 0.1590655 0.1289804 0.1280250 0.1244214 0.1347027 0.1261362 0.1229145 0.0387710 0.1445664 0.1524355 0.0914000 0.0215737 0.0248644 0.1328090 0.1033522 0.1234513 0.1253523 0.1252476 0.1239876 0.1250638 0.1523447 0.0976203 0.1380333 0.1402811 0.1320027 0.1360792 0.1157847 0.1221517 0.1532103 0.1158399 0.1327847 0.1268449 0.1157263 0.1302872 0.1283288 0.1297413 0.1046243 0.1142063 0.1419168 0.1163058 0.1168817 0.1360808 0.1299292 0.1438736 0.1371380 0.1257928 0.1818923 0.1134220 0.1294588 0.1277757 0.1136855 
S0327         0.3273340 0.3353954 0.3851760 0.0875087 0.2172133 0.0918135 0.1778775 0.0777135 0.0747949 0.0380259 0.0720958 0.0863095 0.1346314 0.0248843 0.0707767 0.0846357 0.0974914 0.0363389 0.1140890 0.1207565 0.0303182 0.1313157 0.0000000 0.0777552 0.0901357 0.1245989 0.0830664 0.0766893 0.0768090 0.0417496 0.0879483 0.0277742 0.0681804 0.0853297 0.0367876 0.1132605 0.0395716 0.0847799 0.0905979 0.1115868 0.0958928 0.0250516 0.0849985 0.0738731 0.0395673 0.0377162 0.0542278 0.0468191 0.0881489 0.0591532 0.1213756 0.1226405 0.0807310 0.1248410 0.0928217 0.0739342 0.0729161 0.0688673 0.0773999 0.0671278 0.0691828 0.0825276 0.0700461 0.0389547 0.1050376 0.0490471 0.0420237 0.0682919 0.0426511 0.0951135 0.0858290 0.0829915 0.0878989 0.0867642 0.1204698 0.0770698 0.1120326 0.0658290 0.1057407 0.0932196 0.0942285 0.0946628 0.1152509 0.0679654 0.1278099 0.0692432 0.0913418 0.0811738 0.1091809 0.0679180 0.0910456 0.1146530 0.0745283 0.0806624 0.0611494 0.0227414 0.0459584 0.0483211 0.1357912 0.0379609 0.0357083 0.0978581 0.1071321 0.1126848 0.0806532 0.1057416 0.0783875 0.0725479 0.0748422 0.0739847 0.0710792 0.0993931 0.0661194 0.0429275 0.0853826 0.0776056 0.0277155 0.0721916 0.0708036 0.0408082 0.0748720 0.0518112 0.0740090 0.0738796 0.0826791 0.0747057 0.0792991 0.0238284 0.0678015 0.0468297 0.0734648 0.0686905 0.0780905 0.0859634 0.0552076 0.0773643 0.0739313 0.1352617 0.0674319 0.0746223 0.0775133 0.0697967 
S0335         0.3638936 0.3550986 0.4069589 0.0579346 0.0917419 0.0868646 0.1847471 0.0776148 0.0645410 0.0912160 0.0549679 0.0802946 0.1240165 0.0746178 0.0446413 0.0800128 0.0835778 0.0960962 0.1059031 0.1085953 0.0851939 0.1236300 0.0777552 0.0000000 0.0440622 0.1048851 0.0807139 0.0738091 0.0701322 0.1021666 0.0900194 0.0806642 0.0533136 0.0817043 0.1113642 0.1069740 0.0832991 0.0752148 0.0832980 0.1037039 0.0930960 0.0847635 0.0860810 0.0738096 0.0969100 0.0900572 0.0848449 0.0505353 0.0834136 0.0498926 0.1150209 0.1167586 0.0729314 0.1153371 0.0877576 0.0777701 0.0604180 0.0522712 0.0764057 0.0523320 0.0542583 0.0756284 0.0549899 0.0942542 0.0993856 0.0828226 0.0875730 0.0625841 0.0971392 0.0893665 0.0704552 0.0721585 0.0741738 0.0741416 0.1141786 0.0625622 0.1123275 0.0601363 0.1021573 0.0958225 0.0785393 0.0821917 0.1122141 0.0531495 0.1259267 0.0972998 0.0781755 0.0435224 0.1057154 0.0651211 0.0659465 0.1044200 0.0746480 0.0768478 0.0542957 0.0814857 0.0778145 0.0772650 0.1315754 0.0899250 0.0950629 0.0876463 0.1063829 0.1075662 0.0758743 0.0969198 0.0382621 0.0489745 0.0741498 0.0712682 0.0736361 0.0742540 0.0561562 0.0925162 0.0590267 0.0534146 0.0879756 0.0669460 0.0558530 0.0970760 0.0586483 0.0811626 0.0711290 0.0566743 0.0533505 0.0377247 0.0749862 0.0691505 0.0642493 0.0921335 0.0697041 0.0658153 0.0447218 0.0266712 0.0917028 0.0669459 0.0670356 0.1295659 0.0506730 0.0376995 0.0762545 0.0615555 
S0345         0.4098628 0.4264743 0.4893922 0.0744017 0.1172741 0.1128678 0.2320930 0.0964698 0.0663880 0.1033386 0.0740771 0.0994488 0.1279571 0.0886504 0.0607939 0.0937590 0.1101307 0.1038015 0.1326746 0.1334769 0.1032519 0.1437842 0.0901357 0.0440622 0.0000000 0.1300560 0.1067125 0.0944339 0.0894069 0.1218327 0.1005504 0.0974126 0.0680105 0.1014834 0.1206120 0.1286056 0.1046742 0.0929678 0.1034807 0.1268155 0.1099692 0.0950654 0.1101745 0.0932314 0.1091039 0.1076530 0.1038991 0.0637775 0.1086683 0.0606969 0.1398996 0.1383334 0.0991273 0.1402359 0.0988875 0.0983289 0.0714801 0.0678698 0.0994216 0.0667594 0.0668308 0.0882735 0.0688438 0.1099982 0.1217662 0.1052713 0.1009132 0.0757236 0.1107845 0.1109852 0.0943063 0.0861055 0.0834342 0.0926888 0.1262758 0.0795033 0.1331077 0.0727075 0.1269099 0.1221488 0.0974500 0.1064355 0.1297574 0.0678698 0.1434356 0.1255593 0.0905017 0.0521290 0.1319681 0.0842820 0.0794661 0.1263910 0.0956612 0.0932616 0.0729591 0.0873972 0.0984883 0.0989429 0.1597697 0.1131140 0.1053415 0.1092841 0.1256187 0.1264371 0.0973058 0.1209835 0.0382823 0.0665957 0.0935816 0.0923270 0.0948652 0.0974595 0.0795867 0.1117505 0.0721304 0.0721667 0.0986252 0.0849286 0.0715621 0.1223402 0.0763818 0.1042464 0.0920528 0.0727427 0.0706926 0.0511550 0.0913839 0.0837889 0.0817715 0.1143093 0.0893983 0.0765827 0.0405441 0.0511896 0.1003724 0.0818351 0.0819920 0.1376430 0.0642926 0.0488478 0.0935651 0.0744281 
S0355         0.3850014 0.3628427 0.4147156 0.1394441 0.2202991 0.1270475 0.2310947 0.1234059 0.1250616 0.1305062 0.1055929 0.1310218 0.0228075 0.1125888 0.1087266 0.1291273 0.1225344 0.1448014 0.0085637 0.0905629 0.1271365 0.0165658 0.1245989 0.1048851 0.1300560 0.0000000 0.1243725 0.1186610 0.1133426 0.1504213 0.1255589 0.1323329 0.1125782 0.1271151 0.1464674 0.0124602 0.1284102 0.1318781 0.1159000 0.1003408 0.0067017 0.1242175 0.1337376 0.1172898 0.1376160 0.1316234 0.1228936 0.0849945 0.1308900 0.0992955 0.0115468 0.1668327 0.1128567 0.0124309 0.1336145 0.1268211 0.1166341 0.1125122 0.1210084 0.1152685 0.1167097 0.1381904 0.1036027 0.1429934 0.0993346 0.1250371 0.1175522 0.1093686 0.1359665 0.0483206 0.1347528 0.1335652 0.1351378 0.1298496 0.1146394 0.1158163 0.1617155 0.1165614 0.0949017 0.0778449 0.1374877 0.1463307 0.1741170 0.1150968 0.1808351 0.1431068 0.1412579 0.1223235 0.0955624 0.1064834 0.1187108 0.1566443 0.1225612 0.1187192 0.1094870 0.1296393 0.1212802 0.1188141 0.0233961 0.1419560 0.1447441 0.0823077 0.0116773 0.0157205 0.1203796 0.0949391 0.1165046 0.1192934 0.1203727 0.1150310 0.1120143 0.1498754 0.0816435 0.1328717 0.1336205 0.1219674 0.1362189 0.1004756 0.1177115 0.1491958 0.1127067 0.1267933 0.1177950 0.1112995 0.1202776 0.1170083 0.1227620 0.0925190 0.1047363 0.1437015 0.1052990 0.1084606 0.1185163 0.1126355 0.1335280 0.1243363 0.1084739 0.1705603 0.1030456 0.1155039 0.1160365 0.1019523 
S0376         0.3612697 0.3467417 0.4089894 0.0962094 0.2078368 0.0794282 0.1772008 0.0729509 0.0773376 0.0917583 0.0676313 0.0752878 0.1428428 0.0829533 0.0722857 0.0766460 0.0765040 0.1010912 0.1132211 0.1152075 0.0914532 0.1245639 0.0830664 0.0807139 0.1067125 0.1243725 0.0000000 0.0704914 0.0687517 0.1054121 0.0767840 0.0860854 0.0664444 0.0386155 0.1048149 0.1102319 0.0889856 0.0829739 0.0748315 0.1092954 0.1079804 0.0882172 0.0756248 0.0704920 0.1026798 0.0926452 0.0872386 0.0264167 0.0839849 0.0624529 0.1151555 0.1216610 0.0607322 0.1207196 0.1052368 0.0677534 0.0739988 0.0653713 0.0721520 0.0654500 0.0674954 0.0879088 0.0713335 0.0983449 0.1002559 0.0851701 0.0975880 0.0726928 0.1014497 0.0905448 0.0847807 0.0872405 0.0871028 0.0842639 0.1076582 0.0784933 0.1237231 0.0720611 0.0969137 0.0958503 0.0996513 0.0980316 0.1180351 0.0662876 0.1334341 0.1090228 0.0876061 0.0903607 0.1004840 0.0589905 0.0866929 0.1197604 0.0694859 0.0657658 0.0702745 0.0835219 0.0789458 0.0806694 0.1318864 0.0968238 0.0976868 0.0956070 0.1019156 0.1063244 0.0714100 0.0980498 0.0836799 0.0779260 0.0688442 0.0661603 0.0701815 0.1040996 0.0611581 0.0898196 0.0899746 0.0820543 0.0923385 0.0638057 0.0691187 0.1025120 0.0742972 0.0892592 0.0668351 0.0714408 0.0840551 0.0847267 0.0771101 0.0769808 0.0577223 0.0973171 0.0633621 0.0611960 0.0831963 0.0873339 0.1016138 0.0830501 0.0793287 0.1376148 0.0695495 0.0857649 0.0382425 0.0750880 
