106
CRNC          0.0000000 0.1946603 0.3240910 0.4950694 0.3799901 0.3534578 0.3507566 0.4069249 0.4426547 0.4401090 0.3981990 0.3994392 0.4025450 0.4273317 0.3348514 0.4229189 0.4967617 0.3900946 0.4553933 0.4458907 0.4218210 0.4171846 0.4101740 0.4101740 0.3842410 0.4238500 0.4238356 0.4283418 0.3784685 0.4391083 0.5819243 0.4478832 0.4479558 0.4587199 0.4049987 0.4152065 0.4563759 0.4173996 0.4218912 0.3609234 0.3903979 0.4716436 0.4414166 0.3949821 0.4610704 0.4248411 0.4076203 0.4283418 0.4443400 0.4027377 0.3924237 0.4461590 0.3724376 0.4582502 0.4075749 0.4896419 0.4472695 0.3974252 0.4191753 0.4308833 0.3933799 0.4434239 0.5246691 0.3916194 0.4414937 0.5256446 0.5532028 0.4532028 0.4443400 0.4367288 0.4819584 0.4142107 0.3744113 0.4399852 0.4367288 0.3808624 0.3962358 0.4200205 0.4152065 0.3955989 0.3887075 0.4296069 0.4145242 0.3923278 0.4352207 0.4247859 0.3952928 0.4461590 0.4658802 0.4025450 0.3808624 0.4261790 0.4172845 0.4465295 0.3986125 0.3864347 0.4512445 0.4391443 0.4188140 0.4030373 0.4123946 0.4434239 0.4058652 0.4261790 0.4118130 0.4537545 
HYZL          0.1946603 0.0000000 0.1309111 0.3935837 0.3368973 0.2793104 0.3407975 0.3031579 0.3522505 0.3650678 0.3397129 0.3287858 0.3599385 0.3637417 0.3443276 0.3211576 0.3979901 0.3450951 0.3890746 0.3693314 0.3637594 0.3222777 0.3504603 0.3504603 0.2334211 0.3549796 0.3240522 0.3279778 0.3024759 0.3049320 0.9500092 0.3955085 0.3690917 0.4040756 0.3454569 0.3423442 0.3377974 0.3697004 0.3988147 0.3192283 0.3202919 0.4017552 0.2826258 0.3757081 0.3934848 0.3633211 0.3379039 0.3279778 0.3409139 0.3537397 0.3251118 0.3793403 0.3474847 0.4050049 0.3378905 0.3717159 0.3826705 0.3287078 0.3481883 0.3566848 0.3258286 0.3674953 0.3352955 0.3575086 0.3767310 0.4246131 0.4464647 0.2836653 0.3409139 0.2951306 0.3874183 0.3211922 0.3323615 0.3790083 0.2951306 0.3248317 0.3248936 0.3486026 0.3423442 0.3625218 0.3566558 0.3913054 0.3671125 0.3758322 0.3992878 0.3812043 0.3505110 0.3793403 0.3957738 0.3599385 0.3248317 0.3643527 0.3421913 0.3840536 0.3531117 0.3695466 0.3864292 0.3915013 0.3706627 0.3316169 0.3030837 0.3674953 0.3489448 0.3643527 0.3409139 0.3590030 
MYZV          0.3240910 0.1309111 0.0000000 0.5048758 0.4169494 0.3743591 0.4249292 0.3719133 0.4518866 0.4371486 0.3916187 0.4085356 0.4600598 0.4347694 0.4418854 0.4298773 0.4738202 0.4609696 0.4960475 0.4402832 0.4651803 0.3847666 0.4034398 0.4034398 0.2626211 0.4462267 0.4018647 0.4233116 0.3892479 0.3217424 0.5523697 0.4648262 0.4288775 0.4983778 0.4616690 0.4244107 0.4196708 0.4564475 0.4914454 0.3923396 0.4183654 0.5148482 0.3686270 0.4622993 0.5552728 0.4178846 0.3919066 0.4233116 0.4387920 0.4539950 0.4190247 0.4515745 0.4316717 0.4999353 0.4342892 0.4105806 0.4721873 0.3822463 0.4457657 0.4134332 0.3785941 0.4706791 0.3855782 0.4594755 0.4666413 0.5598419 0.5601704 0.3518000 0.4387920 0.3650640 0.4957566 0.4420763 0.4108479 0.4841744 0.3650640 0.3745926 0.4030397 0.4467553 0.4244107 0.4495562 0.4416229 0.4995797 0.4535034 0.4515528 0.4920375 0.4881034 0.4020882 0.4515745 0.5150936 0.4600598 0.3745926 0.4191856 0.4096871 0.4747561 0.4549290 0.4563779 0.4949010 0.4990100 0.4581996 0.4097531 0.4223009 0.4706791 0.4157553 0.4020882 0.4387920 0.4462055 
SRR6441723    0.4950694 0.3935837 0.5048758 0.0000000 0.0716500 0.2791728 0.0585800 0.0539996 0.0814722 0.0883403 0.0723819 0.0801492 0.0638278 0.0737156 0.0821242 0.0952933 0.0970615 0.0731697 0.0977462 0.0571229 0.0489753 0.0567248 0.0642230 0.0642230 0.0535279 0.0800214 0.0898035 0.0487468 0.0718893 0.0776935 0.5122878 0.0905199 0.0729385 0.0800965 0.0971056 0.0646523 0.0718222 0.0724754 0.0900998 0.0504113 0.0518045 0.1088102 0.1551231 0.0793402 0.1068301 0.0719058 0.0488887 0.0487468 0.0561463 0.0412185 0.0563504 0.0802476 0.0915120 0.0910237 0.0409435 0.0802865 0.1136676 0.0560920 0.0720895 0.0486439 0.0491432 0.0486567 0.2052017 0.0894217 0.1005423 0.1418685 0.1413215 0.1539508 0.0561463 0.1538712 0.1141715 0.0557694 0.0802891 0.0722369 0.1538712 0.0797301 0.0565529 0.0415822 0.0646523 0.1179246 0.0990618 0.1066018 0.1179901 0.0585540 0.0973021 0.1181757 0.0566359 0.0802476 0.0613234 0.0638278 0.0797301 0.0720169 0.0648651 0.0730566 0.0721352 0.0486843 0.0641574 0.0978907 0.0728068 0.0568620 0.0486781 0.0486567 0.0808402 0.0720169 0.0342211 0.0731638 
ERR2789774    0.3799901 0.3368973 0.4169494 0.0716500 0.0000000 0.2350410 0.0346318 0.0805769 0.0634860 0.1054600 0.0625868 0.0625176 0.0959304 0.0636885 0.0481022 0.0705503 0.1136657 0.0632823 0.0957549 0.0563749 0.0800727 0.0559873 0.0548841 0.0548841 0.0526283 0.0779768 0.0712366 0.0640851 0.0625027 0.0763109 0.3640884 0.0717701 0.0979612 0.0699308 0.1033555 0.0479742 0.0621237 0.0552924 0.0488506 0.0270481 0.0684198 0.1065131 0.1526421 0.0547083 0.1215903 0.0621937 0.0708872 0.0640851 0.0717689 0.0714320 0.0722586 0.0786679 0.0571940 0.0721253 0.0709094 0.0675176 0.1113300 0.0792466 0.1050850 0.0794933 0.0803476 0.0639660 0.2016859 0.0633191 0.0984357 0.2041509 0.2032800 0.1515098 0.0717689 0.1514319 0.1721572 0.0869844 0.0542442 0.1053080 0.1514319 0.0696273 0.0475991 0.0630931 0.0479742 0.0809215 0.0643018 0.1043976 0.0715105 0.0735675 0.0872367 0.1156440 0.0476649 0.0786679 0.0873384 0.0959304 0.0696273 0.0622840 0.0481231 0.1065747 0.0553529 0.0481231 0.0883256 0.1134639 0.0483592 0.0400803 0.0795485 0.0639660 0.0643230 0.0622840 0.0640421 0.0632313 
PAFTOL_019361 0.3534578 0.2793104 0.3743591 0.2791728 0.2350410 0.0000000 0.1955545 0.2509207 0.2199945 0.2899000 0.2208277 0.2642313 0.2338505 0.2258216 0.2615234 0.2568914 0.3268293 0.2297840 0.2967109 0.2610129 0.2460254 0.2591739 0.2089561 0.2089561 0.2710099 0.2661000 0.2445832 0.2378327 0.2490420 0.2751690 0.5729099 0.2389864 0.2544765 0.2828878 0.2832410 0.2429854 0.2401089 0.2234179 0.2723906 0.2266040 0.2299748 0.3186315 0.1980983 0.2505652 0.3236178 0.2190419 0.2745423 0.2378327 0.2489009 0.2484163 0.2045761 0.2753943 0.2533042 0.2880662 0.2357470 0.3335054 0.2937004 0.2714440 0.2440202 0.2723318 0.2760743 0.2485087 0.2502897 0.2230656 0.3068775 0.3896271 0.4120397 0.1867163 0.2489009 0.1964939 0.3549003 0.2321117 0.2759479 0.2480344 0.1964939 0.2197435 0.2295313 0.2451291 0.2429854 0.2789990 0.2618928 0.2995576 0.3023230 0.2319640 0.2965319 0.2895551 0.2090393 0.2753943 0.2737488 0.2338505 0.2197435 0.2195335 0.2222583 0.2291109 0.2424766 0.2439945 0.2382413 0.2885389 0.2395448 0.2314084 0.2272168 0.2485087 0.2748000 0.2195335 0.2375457 0.2457391 
S0055         0.3507566 0.3407975 0.4249292 0.0585800 0.0346318 0.1955545 0.0000000 0.0476577 0.0429557 0.0825569 0.0415474 0.0343093 0.0578912 0.0422704 0.0350864 0.0641004 0.0814780 0.0344416 0.0653995 0.0278250 0.0502872 0.0428803 0.0341577 0.0341577 0.0212031 0.0380882 0.0421980 0.0500698 0.0737557 0.0439344 0.3640884 0.0425037 0.0665865 0.0571532 0.0808427 0.0203076 0.0412440 0.0273089 0.0349686 0.0067859 0.0532731 0.0750197 0.1013153 0.0410843 0.0899510 0.0412910 0.0501960 0.0500698 0.0576805 0.0506556 0.0503039 0.0580923 0.0429388 0.0426883 0.0347912 0.0491424 0.0805887 0.0497809 0.0740667 0.0499377 0.0504639 0.0424777 0.1466958 0.0420336 0.0672133 0.1677409 0.1670442 0.1093400 0.0576805 0.1005334 0.1374213 0.0572540 0.0415407 0.0663577 0.1005334 0.0485391 0.0270857 0.0346105 0.0203076 0.0662733 0.0500635 0.0735489 0.0584051 0.0435528 0.0574291 0.0836258 0.0271212 0.0580923 0.0631223 0.0578912 0.0485391 0.0413479 0.0203687 0.0671239 0.0415646 0.0134626 0.0426327 0.0923024 0.0203076 0.0272201 0.0575954 0.0424777 0.0500815 0.0413479 0.0351213 0.0419693 
S0196sl       0.4069249 0.3031579 0.3719133 0.0539996 0.0805769 0.2509207 0.0476577 0.0000000 0.0913463 0.0297502 0.0799499 0.0885150 0.0526475 0.0815839 0.0819272 0.1144154 0.1065501 0.0550169 0.1073796 0.0629907 0.0539022 0.0812058 0.0708440 0.0708440 0.0548029 0.0894887 0.0985985 0.0143790 0.0899378 0.0796133 0.5077425 0.0802438 0.0537715 0.1087731 0.1065949 0.0713235 0.0792672 0.0800107 0.0815666 0.0551356 0.0389968 0.1199155 0.1274322 0.0875309 0.1083227 0.0708440 0.0537974 0.0143790 0.0217411 0.0538068 0.0448071 0.1205754 0.0811776 0.1009666 0.0449558 0.0808929 0.1156103 0.0617365 0.0709992 0.0534996 0.0541042 0.0217154 0.1578068 0.0705932 0.1088771 0.1074518 0.1070263 0.1362097 0.0217411 0.1263646 0.0625683 0.0613448 0.0886895 0.0613401 0.1263646 0.0880644 0.0707250 0.0457301 0.0713235 0.1089495 0.0892102 0.1172436 0.0725509 0.0561584 0.1068360 0.1206250 0.0708440 0.1205754 0.0681330 0.0526475 0.0880644 0.0795056 0.0630933 0.0536053 0.0796019 0.0535490 0.0371449 0.0880967 0.0719936 0.0711651 0.0292153 0.0217154 0.0893629 0.0795056 0.0217411 0.0809080 
S0278         0.4426547 0.3522505 0.4518866 0.0814722 0.0634860 0.2199945 0.0429557 0.0913463 0.0000000 0.1262959 0.0486939 0.0482182 0.0804797 0.0573777 0.0656693 0.0706633 0.1259434 0.0562428 0.0984431 0.0419083 0.0649404 0.0564152 0.0486445 0.0486445 0.0202852 0.0708989 0.0564985 0.0815308 0.0969804 0.0419711 0.5729099 0.0569141 0.1094668 0.0794402 0.1148953 0.0339747 0.0559502 0.0411189 0.0733549 0.0352188 0.0873642 0.1096248 0.1149940 0.0710965 0.1251632 0.0560144 0.0821170 0.0815308 0.0896846 0.0812181 0.0903873 0.0728639 0.0744908 0.0740810 0.0727937 0.0476529 0.1144997 0.0813987 0.1081051 0.0816587 0.0825617 0.0816892 0.1602167 0.0728377 0.1012819 0.2111071 0.2101721 0.1137585 0.0896846 0.1141200 0.1777452 0.0718739 0.0719307 0.0894857 0.1141200 0.0635119 0.0486096 0.0647431 0.0339747 0.0997754 0.0818847 0.1073813 0.0997987 0.0348427 0.0979917 0.1190834 0.0486784 0.0728639 0.0793067 0.0804797 0.0635119 0.0560958 0.0493449 0.0905448 0.0719762 0.0493449 0.0991915 0.1167634 0.0412836 0.0488669 0.0814034 0.0816892 0.0819099 0.0560958 0.0657438 0.0569600 
S0281         0.4401090 0.3650678 0.4371486 0.0883403 0.1054600 0.2899000 0.0825569 0.0297502 0.1262959 0.0000000 0.1130751 0.1045013 0.0776743 0.1152753 0.1157189 0.1372878 0.1193929 0.0809860 0.1034025 0.0884856 0.0794335 0.1062631 0.1040141 0.1040141 0.0776204 0.1081943 0.1130636 0.0406286 0.1058605 0.1035787 0.3640884 0.1050538 0.0562574 0.1153328 0.1111299 0.0964176 0.1121576 0.0885353 0.0966334 0.0818360 0.0663330 0.1320220 0.1842335 0.1116413 0.1296234 0.1122888 0.0715433 0.0406286 0.0477543 0.0880684 0.0701540 0.1326788 0.0795922 0.1146658 0.0628724 0.0910825 0.1362125 0.0789873 0.0960123 0.0559970 0.0555441 0.0477009 0.2158934 0.1037787 0.1236582 0.1816366 0.1808908 0.1929836 0.0335711 0.1827169 0.1422689 0.0862848 0.1047007 0.0862852 0.1827169 0.1123399 0.0876374 0.0715373 0.0964176 0.1042074 0.0867521 0.1293550 0.0799094 0.0825593 0.1196788 0.1416393 0.0958167 0.1326788 0.0952153 0.0776743 0.1123399 0.1124835 0.0886244 0.0790259 0.1042667 0.0789369 0.0704392 0.1123228 0.0972739 0.0962376 0.0549716 0.0477009 0.0868847 0.1124835 0.0477543 0.1143727 
S0282         0.3981990 0.3397129 0.3916187 0.0723819 0.0625868 0.2208277 0.0415474 0.0799499 0.0486939 0.1130751 0.0000000 0.0620167 0.0871157 0.0132949 0.0634457 0.0700772 0.1045421 0.0703249 0.0949173 0.0559179 0.0716231 0.0641006 0.0064578 0.0064578 0.0421823 0.0528539 0.0706460 0.0636025 0.0954851 0.0655491 0.4988734 0.0711696 0.0971220 0.0631716 0.1107042 0.0475988 0.0263949 0.0548537 0.0708442 0.0340879 0.0758547 0.0971373 0.1418907 0.0542795 0.1039202 0.0130073 0.0714938 0.0636025 0.0712252 0.0721596 0.0793149 0.0792798 0.0719033 0.0715186 0.0628245 0.0683663 0.1103399 0.0559884 0.0959677 0.0711167 0.0718675 0.0711402 0.1895019 0.0703655 0.0975491 0.1920247 0.1912229 0.1318502 0.0712252 0.1407866 0.1610176 0.0784667 0.0548810 0.0961680 0.1407866 0.0196521 0.0264240 0.0480198 0.0475988 0.0961571 0.0790300 0.1034671 0.0961729 0.0348405 0.0945014 0.1145708 0.0130231 0.0792798 0.0865160 0.0871157 0.0196521 0.0130231 0.0477445 0.0972996 0.0549131 0.0406220 0.0875879 0.1234629 0.0550810 0.0265507 0.0635096 0.0711402 0.0790539 0.0130231 0.0560315 0.0199628 
S0289         0.3994392 0.3287858 0.4085356 0.0801492 0.0625176 0.2642313 0.0343093 0.0885150 0.0482182 0.1045013 0.0620167 0.0000000 0.0714537 0.0630978 0.0558740 0.0400484 0.1124884 0.0332675 0.0867672 0.0335061 0.0714858 0.0640287 0.0543938 0.0543938 0.0099613 0.0688411 0.0334094 0.0789052 0.0953772 0.0525443 0.3640884 0.0477278 0.0808477 0.0781856 0.0865005 0.0128887 0.0472554 0.0329044 0.0631588 0.0270273 0.0756985 0.0970218 0.1241132 0.0613183 0.1118204 0.0616309 0.0562995 0.0789052 0.0867565 0.0799031 0.0791573 0.0715322 0.0640994 0.0637513 0.0481237 0.0368455 0.0862317 0.0558412 0.0799006 0.0560129 0.0565929 0.0710051 0.1517476 0.0627445 0.0808828 0.1722328 0.1715322 0.1321384 0.0867565 0.1231613 0.1424165 0.0632086 0.0335438 0.0800650 0.1231613 0.0544693 0.0332610 0.0551199 0.0128887 0.0878972 0.0711661 0.0793606 0.0878993 0.0488600 0.0863955 0.0894256 0.0472435 0.0715322 0.0863242 0.0714537 0.0544693 0.0617194 0.0405585 0.0970867 0.0476166 0.0405585 0.0874071 0.1062271 0.0195599 0.0474205 0.0787864 0.0710051 0.0711885 0.0617194 0.0559329 0.0626486 
S0292         0.4025450 0.3599385 0.4600598 0.0638278 0.0959304 0.2338505 0.0578912 0.0526475 0.0804797 0.0776743 0.0871157 0.0714537 0.0000000 0.0887340 0.0890704 0.0942264 0.1031200 0.0645717 0.1038395 0.0639344 0.0404145 0.0712463 0.0787348 0.0787348 0.0648051 0.0972784 0.0967090 0.0472556 0.0962802 0.0895992 0.4885513 0.0794900 0.0629995 0.1050493 0.1031616 0.0714537 0.0864384 0.0792817 0.0970353 0.0573211 0.0426061 0.1149375 0.1229556 0.0860660 0.1128765 0.0865381 0.0555991 0.0472556 0.0544094 0.0636343 0.0334112 0.1066677 0.0725481 0.0980277 0.0335113 0.0790303 0.1031616 0.0627823 0.0788637 0.0553199 0.0558854 0.0401180 0.1685583 0.0785730 0.0981017 0.1696355 0.1689569 0.1309033 0.0544094 0.1220213 0.1403590 0.0469845 0.0715726 0.0196134 0.1220213 0.0944892 0.0709122 0.0482848 0.0714537 0.0888979 0.0719420 0.0962209 0.1052385 0.0572644 0.1033698 0.1071148 0.0710200 0.1066677 0.0514599 0.0000010 0.0944892 0.0866760 0.0716884 0.0334566 0.0636769 0.0553663 0.0266704 0.0267827 0.0642565 0.0713105 0.0471912 0.0401180 0.0720529 0.0866760 0.0263569 0.0880660 
S0293         0.4273317 0.3637417 0.4347694 0.0737156 0.0636885 0.2258216 0.0422704 0.0815839 0.0573777 0.1152753 0.0132949 0.0630978 0.0887340 0.0000000 0.0645786 0.0637888 0.1065554 0.0715811 0.0966980 0.0569056 0.0729286 0.0652591 0.0065609 0.0065609 0.0423778 0.0538631 0.0719145 0.0647427 0.0972860 0.0658791 0.4988734 0.0724583 0.0989868 0.0642953 0.1128120 0.0484131 0.0268284 0.0558027 0.0721211 0.0346698 0.0773223 0.0980839 0.1448130 0.0552079 0.0976831 0.0132170 0.0727945 0.0647427 0.0725158 0.0734860 0.0807743 0.0807391 0.0732186 0.0728214 0.0639351 0.0686756 0.1124324 0.0724509 0.0977874 0.0724031 0.0731817 0.0724277 0.1936325 0.0716232 0.0994323 0.1962690 0.1954307 0.1345127 0.0725158 0.1436621 0.1644225 0.0798934 0.0558312 0.0979955 0.1436621 0.0199727 0.0268583 0.0488493 0.0484131 0.0979833 0.0804784 0.1054390 0.0980028 0.0506918 0.0962644 0.1168362 0.0132333 0.0807391 0.0882618 0.0887340 0.0199727 0.0132333 0.0485648 0.0991725 0.0558644 0.0413132 0.0892250 0.1259352 0.0560385 0.0269912 0.0646465 0.0724277 0.0805028 0.0132333 0.0570234 0.0272861 
S0294         0.3348514 0.3443276 0.4418854 0.0821242 0.0481022 0.2615234 0.0350864 0.0819272 0.0656693 0.1157189 0.0634457 0.0558740 0.0890704 0.0645786 0.0000000 0.0870383 0.0977059 0.0641712 0.0803762 0.0495933 0.0732055 0.0572821 0.0556252 0.0556252 0.0316369 0.0460363 0.0644678 0.0808163 0.0879455 0.0546318 0.3640884 0.0649513 0.0993699 0.0565230 0.0878948 0.0413370 0.0629696 0.0486410 0.0567076 0.0203902 0.0776325 0.0814550 0.1455558 0.0409950 0.1055209 0.0630414 0.0641522 0.0808163 0.0808163 0.0818662 0.0810807 0.0730210 0.0575647 0.0572424 0.0641732 0.0586047 0.0957371 0.0724480 0.0981617 0.0726760 0.0734603 0.0727008 0.1845484 0.0482753 0.0826120 0.1629832 0.1623271 0.1539637 0.0888809 0.1443934 0.1553670 0.0647773 0.0477154 0.0983713 0.1443934 0.0705855 0.0482348 0.0563868 0.0413370 0.0811358 0.0647131 0.0887551 0.0721838 0.0665867 0.0721290 0.0993902 0.0483024 0.0730210 0.0880094 0.0890704 0.0705855 0.0631344 0.0414655 0.0995574 0.0634696 0.0414655 0.0895650 0.1065414 0.0488422 0.0406048 0.0728846 0.0727008 0.0647344 0.0631344 0.0572383 0.0641086 
S0299         0.4229189 0.3211576 0.4298773 0.0952933 0.0705503 0.2568914 0.0641004 0.1144154 0.0706633 0.1372878 0.0700772 0.0400484 0.0942264 0.0637888 0.0870383 0.0000000 0.1399649 0.0620875 0.1203246 0.0625518 0.0942714 0.0879916 0.0622194 0.0622194 0.0201382 0.0952340 0.0623647 0.0858596 0.0965752 0.0637530 0.3640884 0.0628161 0.1210037 0.0948210 0.1199121 0.0400484 0.0549082 0.0471077 0.0947991 0.0560755 0.0754421 0.1235216 0.1805783 0.0694731 0.1218929 0.0696323 0.0941000 0.0858596 0.0937359 0.0950033 0.0789011 0.0955055 0.0802885 0.0957435 0.0847801 0.0465180 0.1195066 0.0857245 0.1112470 0.0935851 0.0945874 0.0936218 0.2114864 0.0941000 0.1148075 0.1899470 0.1989167 0.1695217 0.0937359 0.1791207 0.1778451 0.0854746 0.0702674 0.1033895 0.1791207 0.0771743 0.0548154 0.0783738 0.0400484 0.1051607 0.0875137 0.1125938 0.1219772 0.0708015 0.1033271 0.1159382 0.0548930 0.0955055 0.1027872 0.0942264 0.0771743 0.0697358 0.0701199 0.1212469 0.0554932 0.0616870 0.1108311 0.1309021 0.0472958 0.0551046 0.0857299 0.0936218 0.0875391 0.0697358 0.0780082 0.0708069 
S0308         0.4967617 0.3979901 0.4738202 0.0970615 0.1136657 0.3268293 0.0814780 0.1065501 0.1259434 0.1193929 0.1045421 0.1124884 0.1031200 0.1065554 0.0977059 0.1399649 0.0000000 0.1227356 0.0478048 0.0881948 0.1055959 0.0958396 0.0956691 0.0956691 0.0792079 0.1075344 0.1046948 0.0947897 0.1321977 0.1058686 0.4278107 0.1047351 0.1054757 0.1128659 0.0475470 0.0961126 0.1037018 0.1044299 0.0874135 0.0735368 0.0924169 0.0562840 0.1938488 0.1032326 0.0554746 0.1038231 0.0973665 0.0947897 0.0950845 0.1151234 0.0950968 0.0874744 0.0788170 0.0882799 0.0953934 0.0928176 0.0619479 0.1048500 0.1323771 0.1047874 0.0959617 0.0865883 0.2370595 0.0871639 0.0490513 0.2140756 0.2131530 0.2026947 0.1029058 0.1922394 0.1815146 0.1126190 0.0961955 0.1126281 0.1922394 0.1121463 0.0874568 0.0792651 0.0961126 0.1109601 0.0859090 0.0552487 0.0953489 0.1188158 0.0474936 0.0641142 0.0875983 0.0874744 0.1148044 0.1031200 0.1121463 0.1039991 0.0964440 0.1139859 0.1045805 0.0883329 0.1036970 0.1320581 0.1049552 0.0802430 0.0946421 0.0865883 0.0860390 0.1039991 0.0710204 0.1057275 
S0320         0.3900946 0.3450951 0.4609696 0.0731697 0.0632823 0.2297840 0.0344416 0.0550169 0.0562428 0.0809860 0.0703249 0.0332675 0.0645717 0.0715811 0.0641712 0.0620875 0.1227356 0.0000000 0.0960633 0.0410069 0.0646004 0.0726721 0.0624312 0.0624312 0.0309941 0.0782434 0.0552582 0.0491519 0.0884309 0.0534738 0.3640884 0.0556550 0.0809478 0.0871194 0.0954476 0.0332675 0.0697976 0.0402517 0.0639405 0.0344585 0.0684288 0.1068684 0.1531764 0.0695122 0.1133414 0.0698766 0.0644834 0.0491519 0.0566170 0.0729426 0.0722661 0.0803927 0.0727468 0.0723540 0.0559645 0.0474029 0.0954476 0.0639469 0.0887940 0.0641457 0.0648233 0.0565503 0.2024181 0.0711717 0.0902079 0.1842521 0.1834829 0.1615670 0.0566170 0.1519578 0.1347222 0.0714944 0.0554884 0.0730949 0.1519578 0.0774522 0.0549975 0.0484132 0.0332675 0.0973330 0.0799599 0.0884789 0.0729115 0.0420377 0.0956366 0.0990808 0.0550757 0.0803927 0.0788382 0.0645717 0.0774522 0.0699809 0.0482686 0.0814817 0.0480106 0.0482686 0.0719151 0.0991036 0.0194991 0.0552888 0.0565739 0.0565503 0.0799842 0.0699809 0.0491292 0.0710606 
S0322         0.4553933 0.3890746 0.4960475 0.0977462 0.0957549 0.2967109 0.0653995 0.1073796 0.0984431 0.1034025 0.0949173 0.0867672 0.1038395 0.0966980 0.0803762 0.1203246 0.0478048 0.0960633 0.0000000 0.0807613 0.1063527 0.0883826 0.0863734 0.0863734 0.0787156 0.1060735 0.0793138 0.0954412 0.1150600 0.1051911 0.4278107 0.0793244 0.0975370 0.1029864 0.0400384 0.0712966 0.0941733 0.0791168 0.0632492 0.0571805 0.0930871 0.0339703 0.1854413 0.0937610 0.0330675 0.0942819 0.1061498 0.0954412 0.0957400 0.1159689 0.0957526 0.0633077 0.0553452 0.0638437 0.0960524 0.0922933 0.0399319 0.1051963 0.1333704 0.0888570 0.0966301 0.0871741 0.2284264 0.0784102 0.0270736 0.1947966 0.1939701 0.1942914 0.0872803 0.1838987 0.1829916 0.1134246 0.0948891 0.1134341 0.1838987 0.1023469 0.0784284 0.0876216 0.0712966 0.0856483 0.0622200 0.0195065 0.0782015 0.0998478 0.0399943 0.0267842 0.0785502 0.0633077 0.1157045 0.1038395 0.1023469 0.0944354 0.0715306 0.1148122 0.0949524 0.0715306 0.1044253 0.1421663 0.0794814 0.0788762 0.0952914 0.0871741 0.0787991 0.0944354 0.0714885 0.0959640 
S0327         0.4458907 0.3693314 0.4402832 0.0571229 0.0563749 0.2610129 0.0278250 0.0629907 0.0419083 0.0884856 0.0559179 0.0335061 0.0639344 0.0569056 0.0495933 0.0625518 0.0881948 0.0410069 0.0807613 0.0000000 0.0490585 0.0418364 0.0482624 0.0482624 0.0204069 0.0621781 0.0411870 0.0562679 0.0719131 0.0422322 0.3640884 0.0414781 0.0730614 0.0721491 0.0965290 0.0198379 0.0555024 0.0266718 0.0569556 0.0205420 0.0518970 0.0909983 0.1156585 0.0552810 0.1060731 0.0555656 0.0489716 0.0562679 0.0637997 0.0569474 0.0564453 0.0733644 0.0578207 0.0574956 0.0410124 0.0374870 0.0962150 0.0485766 0.0722098 0.0487260 0.0492269 0.0487388 0.1611620 0.0565827 0.0830218 0.1630653 0.1624078 0.1236258 0.0637997 0.1147752 0.1337056 0.0558625 0.0559058 0.0723576 0.1147752 0.0629927 0.0409974 0.0337930 0.0198379 0.0818376 0.0650067 0.0891943 0.0818311 0.0424765 0.0804131 0.0999112 0.0410534 0.0733644 0.0614348 0.0639344 0.0629927 0.0556456 0.0342605 0.0731799 0.0559392 0.0342605 0.0642650 0.0980524 0.0267718 0.0412079 0.0561871 0.0487388 0.0488628 0.0556456 0.0342797 0.0564951 
S0335         0.4218210 0.3637594 0.4651803 0.0489753 0.0800727 0.2460254 0.0502872 0.0539022 0.0649404 0.0794335 0.0716231 0.0714858 0.0404145 0.0729286 0.0732055 0.0942714 0.1055959 0.0646004 0.1063527 0.0490585 0.0000000 0.0562331 0.0635621 0.0635621 0.0534329 0.0798628 0.0807118 0.0482615 0.0803503 0.0775488 0.3640884 0.0813384 0.0644034 0.0888011 0.1056376 0.0563999 0.0710752 0.0640035 0.0809600 0.0424081 0.0435581 0.1178312 0.1230209 0.0707783 0.1156618 0.0711571 0.0411502 0.0482615 0.0555806 0.0488268 0.0484109 0.0986838 0.0822104 0.0817679 0.0335240 0.0684773 0.1224871 0.0481939 0.0636676 0.0409501 0.0413619 0.0409598 0.1686559 0.0803764 0.1094239 0.1513400 0.1507474 0.1309737 0.0555806 0.1220855 0.1230388 0.0331381 0.0716049 0.0479733 0.1220855 0.0788898 0.0559788 0.0271017 0.0563999 0.1077849 0.0896149 0.1154149 0.1078250 0.0423652 0.1058574 0.1274164 0.0560600 0.0986838 0.0211409 0.0404145 0.0788898 0.0712657 0.0565811 0.0484817 0.0637047 0.0409827 0.0559765 0.0712689 0.0642849 0.0562813 0.0481942 0.0409598 0.0720857 0.0712657 0.0268969 0.0723880 
S0376         0.4171846 0.3222777 0.3847666 0.0567248 0.0559873 0.2591739 0.0428803 0.0812058 0.0564152 0.1062631 0.0641006 0.0640287 0.0712463 0.0652591 0.0572821 0.0879916 0.0958396 0.0726721 0.0883826 0.0418364 0.0562331 0.0000000 0.0561859 0.0561859 0.0427337 0.0801238 0.0730163 0.0645131 0.0555443 0.0664562 0.3640884 0.0735781 0.0902306 0.0553867 0.1042750 0.0491046 0.0636140 0.0566142 0.0642745 0.0351570 0.0600724 0.0989062 0.1237638 0.0709796 0.1140155 0.0636874 0.0647127 0.0645131 0.0644695 0.0565516 0.0725328 0.0715056 0.0652489 0.0648892 0.0561523 0.0586759 0.1039312 0.0641718 0.0891494 0.0643722 0.0650552 0.0643924 0.1602130 0.0727155 0.0908620 0.1853223 0.1845422 0.1228861 0.0722593 0.1228165 0.1542064 0.0630251 0.0718113 0.0798326 0.1228165 0.0713220 0.0487110 0.0485689 0.0491046 0.0812399 0.0724502 0.0969391 0.0895608 0.0669804 0.0879952 0.1079498 0.0487801 0.0715056 0.0605312 0.0712463 0.0713220 0.0637825 0.0492608 0.0807466 0.0718566 0.0492608 0.0807818 0.1059233 0.0568577 0.0489694 0.0644176 0.0643924 0.0560064 0.0637825 0.0492901 0.0647785 
S0400         0.4101740 0.3504603 0.4034398 0.0642230 0.0548841 0.2089561 0.0341577 0.0708440 0.0486445 0.1040141 0.0064578 0.0543938 0.0787348 0.0065609 0.0556252 0.0622194 0.0956691 0.0624312 0.0863734 0.0482624 0.0635621 0.0561859 0.0000000 0.0000010 0.0309941 0.0446419 0.0627127 0.0557580 0.0868884 0.0534738 0.4988734 0.0631690 0.0883569 0.0553870 0.1018584 0.0402610 0.0195418 0.0473609 0.0628776 0.0269092 0.0672648 0.0965689 0.1319784 0.0468725 0.0951050 0.0064212 0.0634488 0.0557580 0.0632155 0.0640271 0.0710961 0.0710587 0.0638101 0.0634648 0.0550886 0.0574904 0.1015319 0.0631641 0.0873200 0.0631222 0.0637781 0.0631414 0.1784365 0.0624670 0.0887370 0.1807759 0.1800366 0.1222391 0.0632155 0.1309660 0.1506150 0.0703503 0.0473827 0.0875000 0.1309660 0.0129348 0.0195632 0.0406092 0.0402610 0.0874935 0.0708462 0.0946963 0.0874950 0.0420908 0.0860053 0.1053535 0.0064287 0.0710587 0.0774460 0.0787348 0.0129348 0.0064287 0.0403826 0.0885106 0.0474096 0.0334057 0.0791525 0.1140274 0.0475511 0.0196552 0.0556786 0.0631414 0.0708684 0.0064287 0.0483580 0.0198637 
S0405         0.4101740 0.3504603 0.4034398 0.0642230 0.0548841 0.2089561 0.0341577 0.0708440 0.0486445 0.1040141 0.0064578 0.0543938 0.0787348 0.0065609 0.0556252 0.0622194 0.0956691 0.0624312 0.0863734 0.0482624 0.0635621 0.0561859 0.0000010 0.0000000 0.0309941 0.0446419 0.0627127 0.0557580 0.0868884 0.0534738 0.4988734 0.0631690 0.0883569 0.0553870 0.1018584 0.0402610 0.0195418 0.0473609 0.0628776 0.0269092 0.0672648 0.0965689 0.1319784 0.0468725 0.0951050 0.0064212 0.0634488 0.0557580 0.0632155 0.0640271 0.0710961 0.0710587 0.0638101 0.0634648 0.0550886 0.0574904 0.1015319 0.0631641 0.0873200 0.0631222 0.0637781 0.0631414 0.1784365 0.0624670 0.0887370 0.1807759 0.1800366 0.1222391 0.0632155 0.1309660 0.1506150 0.0703503 0.0473827 0.0875000 0.1309660 0.0129348 0.0195632 0.0406092 0.0402610 0.0874935 0.0708462 0.0946963 0.0874950 0.0420908 0.0860053 0.1053535 0.0064287 0.0710587 0.0774460 0.0787348 0.0129348 0.0064287 0.0403826 0.0885106 0.0474096 0.0334057 0.0791525 0.1140274 0.0475511 0.0196552 0.0556786 0.0631414 0.0708684 0.0064287 0.0483580 0.0198637 
S0407sl       0.3842410 0.2334211 0.2626211 0.0535279 0.0526283 0.2710099 0.0212031 0.0548029 0.0202852 0.0776204 0.0421823 0.0099613 0.0648051 0.0423778 0.0316369 0.0201382 0.0792079 0.0309941 0.0787156 0.0204069 0.0534329 0.0427337 0.0309941 0.0309941 0.0000000 0.0308794 0.0099635 0.0536092 0.0655785 0.0415725 0.3784749 0.0531947 0.0786466 0.0533491 0.1029368 0.0000010 0.0204356 0.0305346 0.0659951 0.0207617 0.0690264 0.0791701 0.0893111 0.0417139 0.1051753 0.0309941 0.0417858 0.0536092 0.0650951 0.0418011 0.0775168 0.0653990 0.0672153 0.0543284 0.0527197 0.0311575 0.0660941 0.0528333 0.0907755 0.0417858 0.0417858 0.0650951 0.1020669 0.0542923 0.0789714 0.0926182 0.1036688 0.0883289 0.0536092 0.0883289 0.0907755 0.0309405 0.0417858 0.0777466 0.0883289 0.0528333 0.0309316 0.0421150 0.0000010 0.0911355 0.0783212 0.0918919 0.0660300 0.0424822 0.0781993 0.0955774 0.0309941 0.0653990 0.0472496 0.0648051 0.0528333 0.0418734 0.0203961 0.0777466 0.0535864 0.0203961 0.0778733 0.0765010 0.0202852 0.0203961 0.0534924 0.0650951 0.0653527 0.0309941 0.0423870 0.0428368 
S0412sl       0.4238500 0.3549796 0.4462267 0.0800214 0.0779768 0.2661000 0.0380882 0.0894887 0.0708989 0.1081943 0.0528539 0.0688411 0.0972784 0.0538631 0.0460363 0.0952340 0.1075344 0.0782434 0.1060735 0.0621781 0.0798628 0.0801238 0.0446419 0.0446419 0.0308794 0.0000000 0.0780077 0.0881883 0.1069038 0.0532631 0.3784749 0.0792957 0.1088217 0.0294880 0.1238443 0.0527649 0.0524316 0.0608593 0.0788989 0.0374698 0.0843243 0.1086789 0.1256604 0.0368153 0.1163655 0.0446419 0.0797022 0.0881883 0.0970547 0.0797278 0.0885026 0.0978474 0.0713835 0.0797413 0.0698426 0.0540576 0.1142076 0.0792853 0.0982780 0.0792296 0.0801636 0.0792606 0.1755529 0.0697778 0.1075351 0.1375385 0.1369617 0.1343129 0.0970547 0.1246220 0.1075803 0.0704646 0.0608946 0.1076269 0.1246220 0.0604912 0.0445751 0.0532859 0.0527649 0.0982154 0.0792486 0.1157980 0.1076498 0.0727162 0.1055441 0.1190959 0.0446419 0.0978474 0.0975758 0.0972784 0.0604912 0.0525772 0.0529455 0.1090544 0.0609345 0.0450134 0.0888020 0.1388762 0.0611432 0.0448255 0.0880384 0.0792606 0.0792749 0.0525772 0.0623198 0.0534434 
S0417         0.4238356 0.3240522 0.4018647 0.0898035 0.0712366 0.2445832 0.0421980 0.0985985 0.0564985 0.1130636 0.0706460 0.0334094 0.0967090 0.0719145 0.0644678 0.0623647 0.1046948 0.0552582 0.0793138 0.0411870 0.0807118 0.0730163 0.0627127 0.0627127 0.0099635 0.0780077 0.0000000 0.0883631 0.1055243 0.0525660 0.3640884 0.0559054 0.1072602 0.0875333 0.0947584 0.0197808 0.0553364 0.0404246 0.0559860 0.0346110 0.0856012 0.0892994 0.1352302 0.0698259 0.1040716 0.0701938 0.0805627 0.0883631 0.0965047 0.0895234 0.0886524 0.0720589 0.0642274 0.0565067 0.0714594 0.0372098 0.0944577 0.0798725 0.1059542 0.0801229 0.0718751 0.0801519 0.1542942 0.0637727 0.0814903 0.1757600 0.1750281 0.1434848 0.0965047 0.1341659 0.1637755 0.0720459 0.0706289 0.0977257 0.1341659 0.0778075 0.0552419 0.0635758 0.0197808 0.0880827 0.0713096 0.0875641 0.0880852 0.0572665 0.0789792 0.0980082 0.0553210 0.0720589 0.0969301 0.0967090 0.0778075 0.0702991 0.0340670 0.1074686 0.0706726 0.0484832 0.0893224 0.1346409 0.0405832 0.0555361 0.0882251 0.0801519 0.0713321 0.0702991 0.0645399 0.0713893 
S0419         0.4283418 0.3279778 0.4233116 0.0487468 0.0640851 0.2378327 0.0500698 0.0143790 0.0815308 0.0406286 0.0636025 0.0789052 0.0472556 0.0647427 0.0808163 0.0858596 0.0947897 0.0491519 0.0954412 0.0562679 0.0482615 0.0645131 0.0557580 0.0557580 0.0536092 0.0881883 0.0883631 0.0000000 0.0799441 0.0778136 0.3640884 0.0715435 0.0481589 0.0883421 0.0948333 0.0636736 0.0631239 0.0713626 0.0725822 0.0496552 0.0351522 0.1061507 0.1522970 0.0781227 0.1042678 0.0631962 0.0481774 0.0000010 0.0064275 0.0485997 0.0402447 0.0977805 0.0722847 0.0895390 0.0403651 0.0686840 0.1109606 0.0552684 0.0709883 0.0479400 0.0484246 0.0195628 0.2011953 0.0707294 0.0981039 0.1598470 0.1592168 0.1419232 0.0064275 0.1510924 0.1137004 0.0549555 0.0790401 0.0549507 0.1510924 0.0707645 0.0483454 0.0409851 0.0636736 0.0966939 0.0794516 0.1040498 0.0646394 0.0576556 0.0950196 0.1152439 0.0484134 0.0977805 0.0603364 0.0472556 0.0707645 0.0632897 0.0638798 0.0480229 0.0710323 0.0479791 0.0403966 0.0785716 0.0642054 0.0485997 0.0129454 0.0195628 0.0795738 0.0632897 0.0195836 0.0642698 
S0427         0.3784685 0.3024759 0.3892479 0.0718893 0.0625027 0.2490420 0.0737557 0.0899378 0.0969804 0.1058605 0.0954851 0.0953772 0.0962802 0.0972860 0.0879455 0.0965752 0.1321977 0.0884309 0.1150600 0.0719131 0.0803503 0.0555443 0.0868884 0.0868884 0.0655785 0.1069038 0.1055243 0.0799441 0.0000000 0.0907297 0.3640884 0.0983708 0.0898975 0.1034439 0.1152735 0.0795749 0.0947323 0.0799630 0.1059003 0.0497224 0.0361547 0.1455926 0.1727157 0.0865958 0.1519855 0.0948420 0.0637614 0.0799441 0.0879166 0.0716699 0.0563688 0.1135515 0.0908277 0.1070058 0.0711433 0.0908465 0.1318769 0.0795179 0.0797104 0.0641538 0.0806271 0.0797951 0.2239030 0.0970719 0.1276622 0.1526405 0.1644919 0.1713962 0.0720090 0.1713144 0.1421257 0.0872884 0.0938827 0.1057078 0.1713144 0.1029530 0.0788959 0.0632949 0.0795749 0.1170245 0.0983238 0.1425235 0.1151715 0.0918973 0.1155224 0.1172716 0.0790192 0.1135515 0.0876748 0.0962802 0.1029530 0.0949975 0.0798410 0.1069855 0.0793958 0.0798410 0.0968190 0.1227676 0.0879927 0.0631093 0.0798219 0.0797951 0.0802559 0.0949975 0.0642504 0.0965439 
S0428sl       0.4391083 0.3049320 0.3217424 0.0776935 0.0763109 0.2751690 0.0439344 0.0796133 0.0419711 0.1035787 0.0655491 0.0525443 0.0895992 0.0658791 0.0546318 0.0637530 0.1058686 0.0534738 0.1051911 0.0422322 0.0775488 0.0664562 0.0534738 0.0534738 0.0415725 0.0532631 0.0525660 0.0778136 0.0907297 0.0000000 0.3784749 0.0771893 0.1050174 0.0774120 0.1307904 0.0415725 0.0421150 0.0526352 0.0913681 0.0429892 0.0824817 0.1058080 0.0902879 0.0647864 0.1338479 0.0534738 0.0649035 0.0778136 0.0900278 0.0649344 0.1034611 0.0429124 0.0930950 0.0789377 0.0764500 0.0425853 0.0914951 0.0766259 0.1179324 0.0649035 0.0649035 0.0900278 0.1289311 0.0788403 0.0798356 0.1479209 0.1592822 0.0892833 0.0778136 0.0892833 0.1179324 0.0763165 0.0421886 0.1037846 0.0892833 0.0766259 0.0533564 0.0654552 0.0415725 0.1183926 0.1045935 0.1195259 0.0914159 0.0660436 0.1044410 0.1245179 0.0534738 0.0429124 0.0737632 0.0895992 0.0766259 0.0422780 0.0422042 0.0785819 0.0541250 0.0422042 0.1039694 0.1020393 0.0419711 0.0422042 0.0776324 0.0900278 0.0903961 0.0534738 0.0658888 0.0666190 
S0430         0.5819243 0.9500092 0.5523697 0.5122878 0.3640884 0.5729099 0.3640884 0.5077425 0.5729099 0.3640884 0.4988734 0.3640884 0.4885513 0.4988734 0.3640884 0.3640884 0.4278107 0.3640884 0.4278107 0.3640884 0.3640884 0.3640884 0.4988734 0.4988734 0.3784749 0.3784749 0.3640884 0.3640884 0.3640884 0.3784749 0.0000000 0.3640884 0.3640884 0.3640884 0.4278107 0.3640884 0.4988734 0.3640884 0.3640884 0.3640884 0.3640884 0.4278107 0.6466270 0.3640884 0.5807305 0.4988734 0.3640884 0.3640884 0.3640884 0.3640884 0.3640884 0.4278107 0.3995541 0.3640884 0.3640884 0.3640884 0.4278107 0.3640884 0.3640884 0.3640884 0.3640884 0.3640884 0.5729099 0.3640884 0.4709445 0.6889058 0.6889058 0.5729099 0.3640884 0.5729099 0.6889058 0.3640884 0.3640884 0.3640884 0.5729099 0.4988734 0.3640884 0.3640884 0.3640884 0.4885513 0.4885513 0.4278107 0.3640884 0.3640884 0.4278107 0.4278107 0.3640884 0.4278107 0.3005150 0.4885513 0.4988734 0.4988734 0.3640884 0.3640884 0.3640884 0.3640884 0.4885513 0.4885513 0.3640884 0.3640884 0.3640884 0.3640884 0.4885513 0.4988734 0.3640884 0.4988734 
S0478         0.4478832 0.3955085 0.4648262 0.0905199 0.0717701 0.2389864 0.0425037 0.0802438 0.0569141 0.1050538 0.0711696 0.0477278 0.0794900 0.0724583 0.0649513 0.0628161 0.1047351 0.0556550 0.0793244 0.0414781 0.0813384 0.0735781 0.0631690 0.0631690 0.0531947 0.0792957 0.0559054 0.0715435 0.0983708 0.0771893 0.3640884 0.0000000 0.0803324 0.0882115 0.0790851 0.0336376 0.0706299 0.0267749 0.0725432 0.0348564 0.0601396 0.0893205 0.1364062 0.0703372 0.1041108 0.0707108 0.0724921 0.0715435 0.0793233 0.0822881 0.0643433 0.0897475 0.0568169 0.0732523 0.0719959 0.0681970 0.0944840 0.0718796 0.0817827 0.0721042 0.0728761 0.0637324 0.1847729 0.0556220 0.0730885 0.1881089 0.1974178 0.1447402 0.0793233 0.1353238 0.1462250 0.0883558 0.0711522 0.0883567 0.1353238 0.0783877 0.0556384 0.0640458 0.0336376 0.0803634 0.0638759 0.0875829 0.0803551 0.0576934 0.0637248 0.0901243 0.0557186 0.0897475 0.0977683 0.0794900 0.0783877 0.0708178 0.0488306 0.0893875 0.0711967 0.0488306 0.0799154 0.1151981 0.0408664 0.0559369 0.0714370 0.0637324 0.0809849 0.0631690 0.0488023 0.0719249 
S0552sl       0.4479558 0.3690917 0.4288775 0.0729385 0.0979612 0.2544765 0.0665865 0.0537715 0.1094668 0.0562574 0.0971220 0.0808477 0.0629995 0.0989868 0.0993699 0.1210037 0.1054757 0.0809478 0.0975370 0.0730614 0.0644034 0.0902306 0.0883569 0.0883569 0.0786466 0.1088217 0.1072602 0.0481589 0.0898975 0.1050174 0.3640884 0.0803324 0.0000000 0.1159538 0.0972184 0.0808477 0.0963429 0.0889828 0.0991168 0.0663347 0.0511133 0.1263987 0.1565693 0.0959108 0.1240596 0.0964563 0.0340162 0.0481589 0.0554584 0.0727129 0.0556306 0.1270402 0.0901920 0.1087944 0.0412860 0.0921887 0.1308314 0.0409778 0.0727144 0.0199888 0.0341906 0.0408758 0.2071376 0.0801986 0.1179042 0.1636760 0.1536400 0.1651576 0.0409216 0.1552956 0.1347052 0.0712747 0.0809902 0.0712719 0.1552956 0.0884953 0.0647126 0.0567061 0.0808477 0.1161218 0.0976224 0.1237964 0.1075162 0.0749346 0.1140413 0.1361372 0.0803450 0.1270402 0.0785671 0.0629995 0.0884953 0.0966176 0.0811223 0.0720684 0.0885672 0.0640081 0.0629362 0.0964876 0.0808477 0.0806876 0.0553800 0.0408758 0.0977760 0.0880797 0.0338083 0.0982183 
S0558         0.4587199 0.4040756 0.4983778 0.0800965 0.0699308 0.2828878 0.0571532 0.1087731 0.0794402 0.1153328 0.0631716 0.0781856 0.1050493 0.0642953 0.0565230 0.0948210 0.1128659 0.0871194 0.1029864 0.0721491 0.0888011 0.0553867 0.0553870 0.0553870 0.0533491 0.0294880 0.0875333 0.0883421 0.1034439 0.0774120 0.3640884 0.0882115 0.1159538 0.0000000 0.1189613 0.0631015 0.0626990 0.0707150 0.0785027 0.0492094 0.0942288 0.1052569 0.1732654 0.0480140 0.1121931 0.0627703 0.0886357 0.0883421 0.0882865 0.0798506 0.0968652 0.0857199 0.0717073 0.0792592 0.0792485 0.0683736 0.1185628 0.0881982 0.1145298 0.0881427 0.0891078 0.0881768 0.2139434 0.0871698 0.1058600 0.2169033 0.2159550 0.1719385 0.0964842 0.1718565 0.1838117 0.0799092 0.0707559 0.1147769 0.1718565 0.0553079 0.0480285 0.0636883 0.0631015 0.0717733 0.0788166 0.1117006 0.1043622 0.0822788 0.1025252 0.1231592 0.0480956 0.0857199 0.0959924 0.1050493 0.0553079 0.0628625 0.0633039 0.1161891 0.0707999 0.0558456 0.1056502 0.1439019 0.0710290 0.0482793 0.0882041 0.0881768 0.0788404 0.0628625 0.0723039 0.0638290 
S0616         0.4049987 0.3454569 0.4616690 0.0971056 0.1033555 0.2832410 0.0808427 0.1065949 0.1148953 0.1111299 0.1107042 0.0865005 0.1031616 0.1128120 0.0878948 0.1199121 0.0475470 0.0954476 0.0400384 0.0965290 0.1056376 0.1042750 0.1018584 0.1018584 0.1029368 0.1238443 0.0947584 0.0948333 0.1152735 0.1307904 0.4278107 0.0790851 0.0972184 0.1189613 0.0000000 0.0865005 0.1098247 0.0788789 0.0781569 0.0645421 0.0844077 0.0480854 0.1846399 0.1093309 0.0544756 0.1099507 0.0812389 0.0948333 0.0951281 0.1151615 0.0874782 0.0782175 0.0699274 0.0789059 0.0796273 0.1145683 0.0537996 0.0882970 0.1065995 0.0885758 0.0800968 0.0866329 0.2273331 0.0779405 0.0410581 0.2038146 0.2130755 0.1934380 0.1029473 0.1831120 0.1531967 0.1126574 0.0865708 0.1126665 0.1831120 0.1020181 0.0781952 0.0870749 0.0865005 0.1009786 0.0768548 0.0472215 0.0858299 0.0991769 0.0261839 0.0484930 0.0938416 0.0782175 0.1148452 0.1031616 0.1020181 0.1101367 0.0867895 0.1140241 0.1021004 0.0867895 0.1037386 0.1320857 0.0949786 0.0865754 0.0946857 0.0866329 0.0941301 0.1101367 0.0710645 0.1119471 
S0624         0.4152065 0.3423442 0.4244107 0.0646523 0.0479742 0.2429854 0.0203076 0.0713235 0.0339747 0.0964176 0.0475988 0.0128887 0.0714537 0.0484131 0.0413370 0.0400484 0.0961126 0.0332675 0.0712966 0.0198379 0.0563999 0.0491046 0.0402610 0.0402610 0.0000010 0.0527649 0.0197808 0.0636736 0.0795749 0.0415725 0.3640884 0.0336376 0.0808477 0.0631015 0.0865005 0.0000000 0.0333115 0.0194900 0.0484473 0.0133336 0.0596807 0.0809166 0.1241132 0.0470740 0.0955443 0.0473081 0.0562995 0.0636736 0.0713038 0.0644538 0.0638750 0.0641247 0.0491656 0.0488906 0.0481237 0.0273591 0.0862317 0.0558412 0.0799006 0.0560129 0.0565929 0.0560289 0.1517476 0.0481464 0.0732343 0.1535261 0.1529161 0.1321384 0.0713038 0.1231613 0.1424165 0.0484957 0.0475894 0.0800650 0.1231613 0.0544693 0.0332610 0.0407870 0.0000010 0.0722267 0.0561529 0.0793606 0.0722093 0.0344245 0.0710032 0.0894256 0.0333045 0.0641247 0.0695622 0.0714537 0.0544693 0.0473730 0.0266815 0.0809839 0.0476166 0.0266815 0.0718285 0.1062271 0.0195599 0.0334249 0.0635807 0.0560289 0.0561720 0.0473730 0.0413787 0.0480740 
S0641         0.4563759 0.3377974 0.4196708 0.0718222 0.0621237 0.2401089 0.0412440 0.0792672 0.0559502 0.1121576 0.0263949 0.0472554 0.0864384 0.0268284 0.0629696 0.0549082 0.1037018 0.0697976 0.0941733 0.0555024 0.0710752 0.0636140 0.0195418 0.0195418 0.0204356 0.0524316 0.0553364 0.0631239 0.0947323 0.0421150 0.4988734 0.0706299 0.0963429 0.0626990 0.1098247 0.0333115 0.0000000 0.0544545 0.0703083 0.0338424 0.0670770 0.1046868 0.1228073 0.0538886 0.1030897 0.0262402 0.0709478 0.0631239 0.0706834 0.0716032 0.0787026 0.0632837 0.0713514 0.0709718 0.0623568 0.0372820 0.1094667 0.0706225 0.0952071 0.0705767 0.0713160 0.0705998 0.1500976 0.0698376 0.0804614 0.1711827 0.1704904 0.1133179 0.0706834 0.1218754 0.1596097 0.0628493 0.0402150 0.0954042 0.1218754 0.0330391 0.0262402 0.0476703 0.0333115 0.0953938 0.0784233 0.1026440 0.0954081 0.0646317 0.0937640 0.1136271 0.0262734 0.0632837 0.0857869 0.0864384 0.0330391 0.0129343 0.0473998 0.0965166 0.0402373 0.0403319 0.0869026 0.1224342 0.0546774 0.0263660 0.0630327 0.0705998 0.0784468 0.0262734 0.0556142 0.0266473 
