114
CRNC          0.0000000 0.1891531 0.2407949 0.3682853 0.3027160 0.4078834 0.2452362 0.3696977 0.3766561 0.3155382 0.3330859 0.3763671 0.3130049 0.3877503 0.3177221 0.3481634 0.2464179 0.3970129 0.4164868 0.3371377 0.3610117 0.3552869 0.3284593 0.3557084 0.3789214 0.3318038 0.3866941 0.3045389 0.3604765 0.3690774 0.3309956 0.3555996 0.3307110 0.3569215 0.3497964 0.3770435 0.3487081 0.3333610 0.3271456 0.3553014 0.3681636 0.3593911 0.3949582 0.4096308 0.3568096 0.3536568 0.4182197 0.3710345 0.3563791 0.3704210 0.3597527 0.3660762 0.3596841 0.3626528 0.3563532 0.3809805 0.4357188 0.3579642 0.3667893 0.3904532 0.4223874 0.3740164 0.3364465 0.3841507 0.3905538 0.3755258 0.3515811 0.2870056 0.3359365 0.3850114 0.3655378 0.3720063 0.3792169 0.2975556 0.3533492 0.3530211 0.3414227 0.3974972 0.3998945 0.3779849 0.4326028 0.3208044 0.3520892 0.3805547 0.3487804 0.3449670 0.3612161 0.3570565 0.4124935 0.3610884 0.3103139 0.3687444 0.4146819 0.3952285 0.3661304 0.3863890 0.3253638 0.3468187 0.3629313 0.3523911 0.3428692 0.3995866 0.3891921 0.2848482 0.3873949 0.4168423 0.2860413 0.3788477 0.3607590 0.3270404 0.3642825 0.3440584 0.3404402 0.3612929 
HYZL          0.1891531 0.0000000 0.0826847 0.3207684 0.2531968 0.3419865 0.2191386 0.3200955 0.2902601 0.2951841 0.2952398 0.3292512 0.2640923 0.3119170 0.2880610 0.2823247 0.2429015 0.3287190 0.3392356 0.2642918 0.2724941 0.3247196 0.2458652 0.3219739 0.3156910 0.2830360 0.3119526 0.2577535 0.3032541 0.3134758 0.2751442 0.2993001 0.2655883 0.3008701 0.2988116 0.3757801 0.2880902 0.2555783 0.2752207 0.2756607 0.2985417 0.3210982 0.3182477 0.3306816 0.3122946 0.2868475 0.3376272 0.3180857 0.3010656 0.3364678 0.3046926 0.3205368 0.3046922 0.3074911 0.3386199 0.3157306 0.3577561 0.2862283 0.2965356 0.3149230 0.3109539 0.3427505 0.3268247 0.3442754 0.3339054 0.2852009 0.2990195 0.2788321 0.2957839 0.3173707 0.3034862 0.3212990 0.3320945 0.2959625 0.2981250 0.3264731 0.2939798 0.3366494 0.3378806 0.2876495 0.3776886 0.3163278 0.3130820 0.3380404 0.2922995 0.2831019 0.2862283 0.2846110 0.3432578 0.3135720 0.2881420 0.3055889 0.3507511 0.3306596 0.3010395 0.3119639 0.2979079 0.2615836 0.3080191 0.2903251 0.3133301 0.3176921 0.3501085 0.2126177 0.3136061 0.3274530 0.2431062 0.3162941 0.3076417 0.2969712 0.3012750 0.2753211 0.3089263 0.2935389 
MYZV          0.2407949 0.0826847 0.0000000 0.3418450 0.3572663 0.3939710 0.3200723 0.3451897 0.3575691 0.3441504 0.3136453 0.3535708 0.3417521 0.3454552 0.3331677 0.3345934 0.3153139 0.3740100 0.4171137 0.3512524 0.3258735 0.3197159 0.2986860 0.3462641 0.3308067 0.3439229 0.3543105 0.3346526 0.3433445 0.3342210 0.3401901 0.3423413 0.3232602 0.3325609 0.3612162 0.3905753 0.3471158 0.3293579 0.3520442 0.3243435 0.3545679 0.3256367 0.3542351 0.3875845 0.4168222 0.3265173 0.3969022 0.3651516 0.3208614 0.3805727 0.3440541 0.3272028 0.3429664 0.3518792 0.3403280 0.3524617 0.4291517 0.3468554 0.3334895 0.3763125 0.4004072 0.3915064 0.3564529 0.3407454 0.3256661 0.3303702 0.3454526 0.3293081 0.3336526 0.4042530 0.3460951 0.3485944 0.3471114 0.3468107 0.3378478 0.3755744 0.3480177 0.3777259 0.4173815 0.2867829 0.3556675 0.3509506 0.3262488 0.3642895 0.3726189 0.3467273 0.3414059 0.3457674 0.4107335 0.3852939 0.3375600 0.3313706 0.4004697 0.3789181 0.3224707 0.3612576 0.3398661 0.3267716 0.3291127 0.3039511 0.2980292 0.3327135 0.3597922 0.3222720 0.3710494 0.3449315 0.2941066 0.3611490 0.3396224 0.3494667 0.3409606 0.3283095 0.3220674 0.3438120 
SRR6441723    0.3682853 0.3207684 0.3418450 0.0000000 0.0530367 0.1476504 0.2996596 0.1239905 0.0986759 0.1419949 0.1197300 0.1170452 0.1164806 0.1020176 0.1117278 0.1003989 0.0952777 0.1742145 0.1567078 0.1573917 0.1437567 0.0519578 0.1297820 0.1146683 0.1175078 0.1151144 0.1176044 0.1053541 0.0862111 0.1466017 0.1401188 0.1300135 0.0965666 0.1493769 0.1297185 0.1444558 0.1164105 0.1250532 0.1168849 0.1221883 0.1140771 0.1053729 0.1128596 0.1660090 0.2242537 0.1213969 0.1701872 0.1208533 0.1046767 0.1582971 0.0919165 0.1053395 0.0918658 0.0921283 0.1211032 0.1137504 0.1915139 0.1252491 0.1355076 0.1090539 0.1439862 0.1706557 0.1193596 0.1255625 0.1280886 0.1092384 0.1084430 0.1617096 0.1039324 0.1537760 0.1136239 0.1144453 0.1110806 0.1686399 0.0860723 0.1986351 0.1144195 0.0550581 0.1566456 0.1140944 0.1495437 0.1736589 0.1106825 0.1315029 0.0967106 0.1298773 0.1312950 0.1318600 0.1749924 0.1438174 0.1381637 0.1336569 0.1767588 0.1729984 0.1159100 0.1440116 0.0530341 0.1155492 0.1053270 0.0950735 0.1321170 0.1190242 0.1234331 0.1439821 0.0947906 0.1245070 0.1049095 0.1126808 0.0949315 0.1294794 0.1018745 0.1220786 0.0968518 0.1089685 
ERR4210213    0.3027160 0.2531968 0.3572663 0.0530367 0.0000000 0.1183584 0.2581650 0.1369845 0.1104600 0.1324869 0.1442611 0.1601894 0.1356075 0.1156499 0.1186019 0.0921431 0.0944627 0.1931999 0.1859505 0.1357586 0.1640302 0.0625772 0.1416112 0.1273128 0.1261391 0.1248963 0.1116195 0.1160833 0.1188182 0.1416156 0.1025028 0.1379871 0.1265721 0.2204561 0.1543527 0.1585236 0.1088426 0.1361535 0.1194202 0.1074848 0.1013931 0.1355335 0.1280369 0.2035412 0.1807003 0.1369869 0.2035412 0.1558591 0.1263542 0.1379871 0.1085528 0.1191285 0.1166363 0.1085528 0.1385651 0.1280369 0.2396457 0.1244003 0.1354650 0.1575374 0.1626974 0.1490346 0.1560926 0.1563395 0.1406808 0.1304271 0.1248492 0.1439121 0.1606738 0.1249374 0.1562873 0.1250674 0.1249831 0.1642239 0.0981332 0.1781197 0.1398119 0.0776741 0.1482568 0.1469829 0.1642895 0.1658129 0.1281420 0.1416500 0.1024984 0.1168931 0.1152854 0.1152854 0.2035412 0.1608227 0.1694264 0.1851511 0.2283726 0.1916737 0.1167683 0.1770685 0.0625933 0.1272301 0.1191116 0.1132429 0.1776406 0.0932357 0.1582955 0.1397547 0.1198801 0.1482923 0.1225463 0.1158575 0.1164394 0.1332056 0.1245884 0.1018718 0.1189971 0.0970536 
ERR2789774    0.4078834 0.3419865 0.3939710 0.1476504 0.1183584 0.0000000 0.3540643 0.1100047 0.1445452 0.1990258 0.1342137 0.0679114 0.1909367 0.1562822 0.0729106 0.0997009 0.1488565 0.1837651 0.1901431 0.2236995 0.1967341 0.1552088 0.1575157 0.0444741 0.0620853 0.1839673 0.1009577 0.1968121 0.1427983 0.1499908 0.1968439 0.1512556 0.1133535 0.1376170 0.1926809 0.0801694 0.0681394 0.1975167 0.1874653 0.1753118 0.1279325 0.0604704 0.1704087 0.1832745 0.2908987 0.1152544 0.1873075 0.1613791 0.0589383 0.1732205 0.1418190 0.0571025 0.1417051 0.1421697 0.1269520 0.1644435 0.1916628 0.1785512 0.1653994 0.1270476 0.1796635 0.1872607 0.1511995 0.1456596 0.1461609 0.1289640 0.1550673 0.2013341 0.1426363 0.1545063 0.1291583 0.1256006 0.1252812 0.2200239 0.1378599 0.2067439 0.1361584 0.1486219 0.1624493 0.1094279 0.2055152 0.2266887 0.0621822 0.1021933 0.1405776 0.1992443 0.1827244 0.1794067 0.2150093 0.2022701 0.2061499 0.1507751 0.1991819 0.1870421 0.0589306 0.1725017 0.1496414 0.1678787 0.0544482 0.0495102 0.1201384 0.1646221 0.1193372 0.1873592 0.1690277 0.1813622 0.1522897 0.0845874 0.1453513 0.1674614 0.1508394 0.1846276 0.0545644 0.0786772 
PAFTOL_019361 0.2452362 0.2191386 0.3200723 0.2996596 0.2581650 0.3540643 0.0000000 0.3540377 0.3086408 0.2904147 0.3070447 0.3367063 0.2646247 0.2496984 0.2830614 0.2845977 0.2307071 0.3244435 0.3116554 0.2747431 0.2741619 0.3244086 0.2816262 0.3074959 0.3152286 0.2705797 0.3426833 0.2523698 0.2952890 0.2879702 0.2528587 0.3184986 0.2593974 0.2737139 0.3165634 0.3646403 0.3101487 0.2647544 0.2539485 0.2403271 0.2867802 0.2989176 0.2994413 0.3235635 0.2381256 0.3316040 0.3326340 0.2860282 0.3021954 0.3184986 0.2862425 0.3091019 0.2853041 0.2900085 0.2994560 0.2956589 0.3502666 0.2519312 0.2997017 0.2838759 0.3130757 0.3232387 0.3075192 0.3190277 0.3182554 0.2755063 0.3030753 0.2131358 0.2450619 0.3253690 0.2941806 0.3235359 0.3137977 0.2218084 0.2801594 0.2477748 0.2990163 0.3016130 0.3507078 0.3211760 0.3458613 0.2329159 0.3080935 0.3118228 0.2674163 0.2597158 0.2496410 0.2457070 0.3512683 0.3091539 0.2923591 0.2944550 0.3221775 0.3150553 0.2922760 0.2907466 0.2787681 0.2367665 0.2929389 0.2832356 0.3427900 0.2992883 0.3507436 0.2377388 0.2915994 0.2549633 0.2488158 0.3034002 0.2903689 0.2756013 0.3075064 0.2445114 0.3136562 0.2908521 
S0055         0.3696977 0.3200955 0.3451897 0.1239905 0.1369845 0.1100047 0.3540377 0.0000000 0.1188479 0.1573168 0.0814378 0.0993419 0.1365512 0.1384219 0.0952984 0.0895186 0.1473391 0.1025022 0.1218087 0.1554031 0.1548807 0.1198197 0.1026581 0.0897376 0.1005179 0.1443995 0.1011616 0.1603183 0.1094586 0.1018915 0.1346259 0.1128130 0.0991742 0.0963508 0.1475366 0.1156616 0.1060738 0.1444173 0.1301836 0.1403369 0.1030163 0.0966324 0.1314883 0.1081561 0.2558776 0.1003843 0.1115080 0.1417435 0.0848049 0.1349968 0.1127106 0.0880178 0.1126376 0.1129749 0.0980456 0.1260221 0.1352071 0.1436128 0.1255206 0.1075867 0.1151613 0.1458877 0.1063034 0.1080748 0.1071632 0.0883178 0.1306880 0.1868501 0.1263902 0.1272789 0.1019909 0.1036913 0.0941122 0.1950923 0.1064918 0.2217222 0.0970337 0.1161304 0.1297493 0.0721530 0.1739699 0.2017352 0.0932340 0.0889976 0.1042817 0.1475888 0.1500230 0.1443997 0.1088962 0.1553685 0.1563293 0.0920941 0.1172543 0.1079149 0.0991483 0.1199861 0.1332709 0.1471498 0.0853392 0.0782731 0.0417569 0.1534140 0.0779871 0.1546428 0.1368483 0.1618423 0.1219213 0.0872643 0.1158998 0.1524694 0.1206221 0.1441415 0.0819106 0.0868391 
S0196sl       0.3766561 0.2902601 0.3575691 0.0986759 0.1104600 0.1445452 0.3086408 0.1188479 0.0000000 0.1385584 0.0555845 0.1127570 0.1159051 0.0913584 0.1095231 0.0959704 0.1183366 0.1675683 0.1498128 0.1551000 0.1270926 0.0893268 0.1329963 0.1044522 0.1113333 0.1101466 0.1013474 0.1082500 0.0151276 0.1149264 0.1378061 0.1300996 0.0776549 0.1550229 0.1270044 0.1374912 0.1043494 0.1264644 0.1106910 0.1161912 0.0939023 0.0978819 0.0444547 0.1625443 0.2302120 0.1100259 0.1630586 0.0922648 0.1019129 0.1497114 0.0176307 0.1021788 0.0176267 0.0176731 0.1185334 0.0447278 0.1830084 0.1154610 0.1202945 0.0914286 0.1403560 0.1622312 0.0944504 0.1093645 0.1157063 0.1165160 0.0596314 0.1520854 0.0829530 0.1477033 0.1275432 0.1077479 0.1040076 0.1745382 0.0202874 0.1972327 0.0917121 0.0919924 0.1561307 0.0955677 0.1247596 0.1857401 0.1013715 0.1247445 0.0757228 0.1241813 0.1257237 0.1197178 0.1842353 0.1285864 0.1433233 0.1447878 0.1747242 0.1620772 0.1112337 0.1499744 0.1051926 0.0999956 0.0888865 0.0936533 0.1219151 0.1130383 0.1089303 0.1298740 0.1041662 0.1161368 0.0868803 0.1038797 0.0176873 0.1100963 0.0534933 0.1188315 0.0959470 0.0863296 
S0278         0.3155382 0.2951841 0.3441504 0.1419949 0.1324869 0.1990258 0.2904147 0.1573168 0.1385584 0.0000000 0.1572230 0.1720262 0.0499129 0.1585302 0.1686066 0.1329792 0.0685799 0.2062758 0.1846775 0.0580031 0.0886688 0.1405377 0.1569922 0.1675929 0.1611035 0.0542421 0.1675450 0.0609560 0.1395700 0.1827302 0.0720620 0.1935388 0.1295550 0.1930000 0.0515008 0.1878240 0.1566189 0.0573943 0.0580880 0.0662401 0.1376277 0.1655878 0.1635718 0.2046486 0.2421954 0.1751860 0.2093649 0.1451241 0.1468634 0.2361629 0.1424374 0.1613837 0.1423293 0.1427690 0.1853166 0.1585239 0.2405336 0.0717971 0.0760164 0.1634901 0.1817260 0.2513660 0.1736770 0.1974508 0.2033933 0.1176243 0.1767673 0.1738694 0.1477319 0.1980591 0.1689247 0.1813800 0.1659851 0.1966083 0.1358561 0.2311320 0.1673233 0.1384906 0.2108913 0.1522226 0.1803309 0.2101943 0.1672177 0.1906999 0.1536688 0.0618711 0.0739155 0.0751447 0.2258240 0.0797072 0.0445921 0.1778807 0.2163783 0.2040966 0.1499068 0.1933112 0.1354033 0.1582322 0.1619436 0.1439234 0.1854380 0.1600347 0.1638294 0.1171213 0.1547680 0.1740952 0.0372796 0.1686108 0.1397560 0.0602572 0.1687925 0.0731914 0.1553155 0.1615323 
S0281         0.3330859 0.2952398 0.3136453 0.1197300 0.1442611 0.1342137 0.3070447 0.0814378 0.0555845 0.1572230 0.0000000 0.1053459 0.1299623 0.1041642 0.1079707 0.1085137 0.1185348 0.1251059 0.1173886 0.1470957 0.1502104 0.1125127 0.1201168 0.1055288 0.1091270 0.1347520 0.1199117 0.1450384 0.0431604 0.1256167 0.1407164 0.1211488 0.0968819 0.1131324 0.1556212 0.1233673 0.1124170 0.1439158 0.1352243 0.1402878 0.1078596 0.0989079 0.0647578 0.1212112 0.2250049 0.1270697 0.1248921 0.1231073 0.0983851 0.1294588 0.0457842 0.0964503 0.0457685 0.0458875 0.1164498 0.0624313 0.1362163 0.1408825 0.1338294 0.0938335 0.1090266 0.1430447 0.0973062 0.1114534 0.1101302 0.1010865 0.0564255 0.1710594 0.1114957 0.1296176 0.1047264 0.1036814 0.1032886 0.1901105 0.0485052 0.2025976 0.1001971 0.1173482 0.1254494 0.0803187 0.1346890 0.2007473 0.1018685 0.1114553 0.1014691 0.1481030 0.1473751 0.1416666 0.1247483 0.1581010 0.1560044 0.1037326 0.1310811 0.1209207 0.1076023 0.1116485 0.1152178 0.1034835 0.0997986 0.0883110 0.0856864 0.1314376 0.0841256 0.1274542 0.1131281 0.1238975 0.1062026 0.0991102 0.0454987 0.1396774 0.0482667 0.1313408 0.0870456 0.0952925 
S0282         0.3763671 0.3292512 0.3535708 0.1170452 0.1601894 0.0679114 0.3367063 0.0993419 0.1127570 0.1720262 0.1053459 0.0000000 0.1599331 0.1291246 0.0340774 0.0753153 0.1297666 0.1673632 0.1636651 0.1819200 0.1688257 0.1240765 0.1473931 0.0234773 0.0366056 0.1548166 0.0735735 0.1623104 0.1072917 0.1336772 0.1574188 0.1286031 0.0872480 0.1461700 0.1642719 0.0621991 0.0445244 0.1595987 0.1553642 0.1531661 0.0976547 0.0211214 0.1250884 0.1630243 0.2420159 0.0798036 0.1670985 0.1299517 0.0315202 0.1507058 0.1065852 0.0177369 0.1065195 0.1068325 0.1216765 0.1261580 0.1860175 0.1565223 0.1338567 0.1178414 0.1475036 0.1665466 0.1306905 0.1257441 0.1336525 0.1062893 0.1235086 0.1651059 0.1134491 0.1705522 0.1138341 0.1170457 0.1203610 0.1864727 0.1098808 0.2003199 0.1269546 0.1156971 0.1730530 0.0733674 0.1813576 0.1930776 0.0176103 0.0868759 0.1123274 0.1676887 0.1630324 0.1573772 0.1755717 0.1718246 0.1806316 0.1305593 0.1735363 0.1626191 0.0339631 0.1552855 0.1226092 0.1397844 0.0201834 0.0227237 0.0990225 0.1508715 0.0895375 0.1473946 0.1382518 0.1520301 0.1430037 0.0627380 0.1097055 0.1646507 0.1201607 0.1537434 0.0155092 0.0545046 
S0289         0.3130049 0.2640923 0.3417521 0.1164806 0.1356075 0.1909367 0.2646247 0.1365512 0.1159051 0.0499129 0.1299623 0.1599331 0.0000000 0.1390757 0.1513878 0.1124604 0.0518903 0.1866749 0.1591600 0.0475126 0.0688146 0.1214405 0.1470874 0.1544461 0.1523169 0.0226912 0.1608837 0.0388506 0.1101318 0.1604560 0.0587976 0.1817845 0.1219472 0.1619403 0.0450324 0.1865670 0.1438240 0.0327078 0.0424055 0.0509826 0.1267902 0.1528075 0.1224733 0.1851889 0.2267301 0.1673397 0.1897120 0.1265099 0.1314010 0.2074116 0.1094080 0.1489142 0.1093393 0.1096619 0.1573271 0.1204511 0.2048908 0.0563501 0.0585095 0.1399387 0.1536268 0.2253124 0.1428295 0.1702853 0.1699430 0.0948771 0.1410184 0.1637607 0.1225224 0.1712936 0.1417636 0.1564833 0.1416946 0.1767655 0.1032954 0.2031551 0.1364662 0.1101596 0.1805523 0.1255099 0.1618652 0.1865701 0.1551855 0.1801232 0.1212918 0.0449561 0.0615692 0.0594999 0.2080889 0.0672558 0.0481373 0.1580557 0.1886361 0.1846954 0.1405314 0.1544809 0.1269820 0.1409632 0.1451533 0.1248362 0.1587608 0.1489841 0.1575856 0.1112245 0.1485217 0.1598544 0.0299893 0.1542368 0.1125445 0.0341810 0.1340728 0.0574404 0.1393686 0.1473341 
S0292         0.3877503 0.3119170 0.3454552 0.1020176 0.1156499 0.1562822 0.2496984 0.1384219 0.0913584 0.1585302 0.1041642 0.1291246 0.1390757 0.0000000 0.1310583 0.1117166 0.1241695 0.1437488 0.1404867 0.1693799 0.1601030 0.1152857 0.1251622 0.1334395 0.1325321 0.1441045 0.1298226 0.1271176 0.0825825 0.1239962 0.1527438 0.1158242 0.0891012 0.1570493 0.1437332 0.1542829 0.1346697 0.1509746 0.1436096 0.1404031 0.0986641 0.1207602 0.0930011 0.1397108 0.2283916 0.1362422 0.1435139 0.1081224 0.1249570 0.1498149 0.0820428 0.1228924 0.0820017 0.0822284 0.1162206 0.0909366 0.2051309 0.1375573 0.1343700 0.1074032 0.1247606 0.1647150 0.1206117 0.1208456 0.1201576 0.1212758 0.1080714 0.1720978 0.1059526 0.1588112 0.1076731 0.1029367 0.0997422 0.1779912 0.0850612 0.2157046 0.1022771 0.1095343 0.1687595 0.1278170 0.0795015 0.1858500 0.1283706 0.1277959 0.1041627 0.1453509 0.1395137 0.1382902 0.1584988 0.1541145 0.1508969 0.1274964 0.1497348 0.1393744 0.1307190 0.1481872 0.1234331 0.0177218 0.1195221 0.1153404 0.1253568 0.0572583 0.1313548 0.1417572 0.0320384 0.0221208 0.1145451 0.1096411 0.0849446 0.1646492 0.1015297 0.1349177 0.1172289 0.1175661 
S0293         0.3177221 0.2880610 0.3331677 0.1117278 0.1186019 0.0729106 0.2830614 0.0952984 0.1095231 0.1686066 0.1079707 0.0340774 0.1513878 0.1310583 0.0000000 0.0821119 0.0986796 0.1662824 0.1716227 0.1834178 0.1581468 0.1325136 0.1190022 0.0263225 0.0376301 0.1385001 0.0692718 0.1510133 0.1052980 0.1331003 0.1474673 0.1123161 0.0880194 0.1281768 0.1707497 0.0582301 0.0407004 0.1571501 0.1552443 0.1350617 0.0851732 0.0212342 0.1161828 0.1653004 0.2752194 0.0882281 0.1709279 0.1407397 0.0403469 0.1477620 0.0962468 0.0149953 0.1000331 0.1004226 0.0998383 0.1172018 0.2031091 0.1393643 0.1332551 0.1084500 0.1601999 0.1632263 0.1288627 0.1122806 0.1251656 0.1045945 0.1183985 0.1627718 0.1067043 0.1905965 0.1119050 0.1142841 0.1137555 0.1771955 0.1087762 0.2033147 0.1168541 0.1229822 0.1932818 0.0918805 0.1648441 0.1971500 0.0274811 0.0688420 0.1126994 0.1612514 0.1430160 0.1356246 0.1760187 0.1793090 0.1822697 0.1263589 0.1747201 0.1598454 0.0307265 0.1591886 0.1342060 0.1359079 0.0213608 0.0250483 0.1016240 0.1410999 0.0954873 0.1355722 0.1319962 0.1419281 0.1336713 0.0655187 0.1085442 0.1258777 0.1186359 0.1385332 0.0181928 0.0686815 
S0294         0.3481634 0.2823247 0.3345934 0.1003989 0.0921431 0.0997009 0.2845977 0.0895186 0.0959704 0.1329792 0.1085137 0.0753153 0.1124604 0.1117166 0.0821119 0.0000000 0.1021094 0.1557826 0.1443468 0.1361524 0.1276217 0.1045966 0.0983529 0.0703256 0.0687855 0.1117237 0.0674644 0.1070397 0.0932767 0.1017102 0.1147682 0.1277172 0.0639814 0.1380372 0.1306144 0.1052555 0.0621701 0.1240400 0.1096808 0.1128516 0.0638667 0.0706333 0.1140219 0.1514798 0.2273320 0.0872021 0.1555258 0.1105798 0.0604368 0.1433389 0.0831973 0.0668066 0.0926044 0.0928713 0.1205086 0.1083051 0.1792784 0.1118196 0.1043161 0.1070997 0.1385353 0.1541070 0.1067128 0.1176696 0.1259469 0.0360619 0.1022277 0.1517518 0.1057531 0.1567187 0.0984790 0.1163343 0.1094761 0.1675648 0.0902477 0.1952344 0.1104354 0.0894812 0.1600312 0.0634809 0.1362935 0.1743612 0.0718710 0.0944967 0.0941877 0.1194867 0.1177911 0.1124157 0.1696096 0.1094127 0.1384282 0.1195652 0.1620271 0.1510990 0.0685127 0.1376731 0.1094737 0.1075954 0.0585115 0.0513447 0.0916194 0.1150044 0.0778421 0.1254589 0.1259398 0.1308751 0.1019701 0.0714607 0.0928721 0.1329852 0.0956514 0.1155269 0.0582457 0.0628449 
S0299         0.2464179 0.2429015 0.3153139 0.0952777 0.0944627 0.1488565 0.2307071 0.1473391 0.1183366 0.0685799 0.1185348 0.1297666 0.0518903 0.1241695 0.0986796 0.1021094 0.0000000 0.1910997 0.1502001 0.0705947 0.0784389 0.1078756 0.1286948 0.1116635 0.1155640 0.0513445 0.1113796 0.0540220 0.1122023 0.1378543 0.0767783 0.1154938 0.1121970 0.1577568 0.0686142 0.1542013 0.0913285 0.0860460 0.0715582 0.0752893 0.1052365 0.1102578 0.1285340 0.1976457 0.1738455 0.1432610 0.1903129 0.1272531 0.1212700 0.1379222 0.1112760 0.1176418 0.1166993 0.1057927 0.1609386 0.1289809 0.1924909 0.0707064 0.0802510 0.1281467 0.1308518 0.1388598 0.1195837 0.1313664 0.1566822 0.1014756 0.1287022 0.1512090 0.1314582 0.1416755 0.1438730 0.1167792 0.1167327 0.1524195 0.1108153 0.1714598 0.1149138 0.0852052 0.1372371 0.1286045 0.2050618 0.1659352 0.1111321 0.1390866 0.1068876 0.0645116 0.0756582 0.0705461 0.1873234 0.0916925 0.0834612 0.1304487 0.2210184 0.1976381 0.1167397 0.1558862 0.0916011 0.1125625 0.1017156 0.1028994 0.1396440 0.1482649 0.1432550 0.0795682 0.1228254 0.1553341 0.0443571 0.1229968 0.1107744 0.0566198 0.1333826 0.0715413 0.1120571 0.1203066 
S0303         0.3970129 0.3287190 0.3740100 0.1742145 0.1931999 0.1837651 0.3244435 0.1025022 0.1675683 0.2062758 0.1251059 0.1673632 0.1866749 0.1437488 0.1662824 0.1557826 0.1910997 0.0000000 0.0784587 0.2087262 0.2106428 0.1548498 0.1450589 0.1566326 0.1692743 0.1879818 0.1814956 0.2000173 0.1501750 0.1421779 0.1789639 0.1273438 0.1486508 0.0766061 0.1974162 0.1878164 0.1643034 0.1915973 0.1801509 0.1843848 0.1608329 0.1609144 0.1520992 0.0043520 0.2981980 0.1646189 0.0065647 0.1717936 0.1502575 0.1690148 0.1539944 0.1575599 0.1492644 0.1518024 0.1388710 0.1501224 0.1121214 0.1855388 0.1884409 0.1348311 0.0639644 0.1877237 0.1464737 0.1386286 0.1387112 0.1610794 0.1600627 0.2445680 0.1659195 0.1080413 0.0997903 0.1227472 0.1159158 0.2515581 0.1468231 0.2918532 0.1224229 0.1729945 0.1104500 0.1380220 0.2041998 0.2521327 0.1599464 0.1425708 0.1555977 0.1952096 0.1928241 0.1866280 0.0084883 0.2116675 0.1937563 0.0837811 0.0109941 0.0065430 0.1660090 0.0946963 0.1892377 0.1454293 0.1541452 0.1439366 0.1225817 0.1804233 0.1288566 0.1777811 0.1632544 0.1645786 0.1666108 0.1392361 0.1576041 0.2063626 0.1487921 0.1799566 0.1509228 0.1454985 
S0308         0.4164868 0.3392356 0.4171137 0.1567078 0.1859505 0.1901431 0.3116554 0.1218087 0.1498128 0.1846775 0.1173886 0.1636651 0.1591600 0.1404867 0.1716227 0.1443468 0.1502001 0.0784587 0.0000000 0.1794742 0.1804034 0.1590812 0.1411374 0.1485302 0.1613863 0.1644713 0.1541650 0.1785178 0.1324649 0.1236551 0.1487233 0.1680317 0.1252691 0.0907519 0.1699755 0.1767496 0.1672452 0.1678215 0.1572374 0.1664261 0.1448489 0.1602342 0.1561247 0.0724450 0.2639195 0.1526732 0.0754461 0.1538710 0.1467653 0.1771200 0.1359801 0.1508893 0.1358777 0.1267706 0.1511753 0.1504492 0.1228461 0.1714445 0.1518153 0.1281859 0.0511192 0.1955218 0.1470064 0.1564153 0.1560202 0.1374664 0.1436058 0.2047210 0.1440876 0.1059222 0.0796731 0.1370648 0.1334453 0.2024495 0.1334930 0.2461033 0.1379328 0.1509097 0.1054648 0.1344866 0.1937946 0.2169624 0.1597136 0.1698560 0.1343974 0.1706550 0.1783128 0.1724130 0.0779723 0.1616643 0.1849839 0.0765776 0.0808771 0.0779890 0.1590997 0.0932987 0.1581292 0.1487877 0.1471007 0.1368858 0.1443530 0.1642323 0.1233228 0.1773609 0.1471595 0.1642010 0.1472221 0.1574448 0.1393583 0.1820252 0.1360973 0.1645045 0.1443393 0.1411737 
S0320         0.3371377 0.2642918 0.3512524 0.1573917 0.1357586 0.2236995 0.2747431 0.1554031 0.1551000 0.0580031 0.1470957 0.1819200 0.0475126 0.1693799 0.1834178 0.1361524 0.0705947 0.2087262 0.1794742 0.0000000 0.0844097 0.1504146 0.1912273 0.1806249 0.1615345 0.0557552 0.1820643 0.0713394 0.1386482 0.1865165 0.0520685 0.2080020 0.1419416 0.1821951 0.0674191 0.2059955 0.1632651 0.0560973 0.0562799 0.0681698 0.1429778 0.1702623 0.1633975 0.2075682 0.2103331 0.1866558 0.2129416 0.1619260 0.1487059 0.1908096 0.1466757 0.1727034 0.1465470 0.1470625 0.1853006 0.1608482 0.2125716 0.0743700 0.0709545 0.1631717 0.1773914 0.1939227 0.1731903 0.1930975 0.2000210 0.1185107 0.1741923 0.1983283 0.1499977 0.1867690 0.1653922 0.1799193 0.1683356 0.2101875 0.1391637 0.2237497 0.1643447 0.1421256 0.2003866 0.1488370 0.1824620 0.2260951 0.1799809 0.1873427 0.1402705 0.0637491 0.0771025 0.0722038 0.2446369 0.0868397 0.0620298 0.1698535 0.2115410 0.2069342 0.1598326 0.1757890 0.1434092 0.1601785 0.1689252 0.1449303 0.1746073 0.1690541 0.1758006 0.1039756 0.1698528 0.1940575 0.0430766 0.1682172 0.1458923 0.0753415 0.1657598 0.0700588 0.1616586 0.1658390 
S0327         0.3610117 0.2724941 0.3258735 0.1437567 0.1640302 0.1967341 0.2741619 0.1548807 0.1270926 0.0886688 0.1502104 0.1688257 0.0688146 0.1601030 0.1581468 0.1276217 0.0784389 0.2106428 0.1804034 0.0844097 0.0000000 0.1373808 0.1509698 0.1605556 0.1610812 0.0731424 0.1631802 0.0578383 0.1181755 0.1668692 0.0836233 0.1830468 0.1304432 0.1740286 0.0926639 0.1766774 0.1541051 0.0819182 0.0502018 0.0781105 0.1385058 0.1583999 0.1418271 0.2089696 0.2167182 0.1635260 0.2137713 0.1382200 0.1465642 0.2205437 0.1249545 0.1580828 0.1248676 0.1252471 0.1712873 0.1395363 0.2290758 0.0837571 0.0765001 0.1470917 0.1694656 0.2393995 0.1608223 0.1848333 0.1912836 0.1104465 0.1528309 0.1661210 0.1394214 0.1906775 0.1617418 0.1703124 0.1585227 0.1780479 0.1185766 0.1858103 0.1476471 0.1404687 0.1979933 0.1474129 0.1960808 0.1845867 0.1639833 0.1735801 0.1387792 0.0596189 0.0891472 0.0818786 0.2324990 0.0798405 0.0849451 0.1718670 0.2043292 0.2084001 0.1526457 0.1918271 0.1391367 0.1553051 0.1543435 0.1367435 0.1754967 0.1643196 0.1611657 0.1221842 0.1689013 0.1749967 0.0466557 0.1629837 0.1282075 0.0837135 0.1481514 0.0826517 0.1519485 0.1559656 
S0335         0.3552869 0.3247196 0.3197159 0.0519578 0.0625772 0.1552088 0.3244086 0.1198197 0.0893268 0.1405377 0.1125127 0.1240765 0.1214405 0.1152857 0.1325136 0.1045966 0.1078756 0.1548498 0.1590812 0.1504146 0.1373808 0.0000000 0.1386769 0.1245412 0.1310015 0.1229010 0.1282709 0.1228592 0.0770708 0.1348190 0.1464696 0.1284200 0.0970711 0.1482338 0.1259305 0.1556240 0.1456635 0.1271514 0.1185130 0.1242341 0.1127177 0.1185371 0.1043486 0.1582789 0.2096680 0.1091222 0.1623437 0.1278036 0.1110570 0.1461924 0.0892451 0.1145122 0.0891968 0.0894507 0.1178609 0.1051621 0.1864205 0.1309223 0.1410466 0.1163220 0.1463216 0.1649625 0.1200449 0.1219351 0.1202887 0.1104466 0.1031040 0.1606004 0.1167064 0.1486956 0.1252305 0.1140858 0.1107368 0.1684117 0.0868541 0.1943376 0.1169617 0.0767597 0.1559725 0.1206753 0.1486174 0.1768899 0.1199389 0.1374399 0.1031796 0.1385279 0.1371264 0.1377250 0.1780308 0.1393630 0.1334927 0.1397171 0.1688100 0.1578836 0.1291945 0.1564124 0.0565376 0.1124861 0.1150564 0.1046537 0.1238991 0.1227843 0.1302868 0.1613622 0.1083429 0.1319836 0.1105469 0.1193848 0.0922428 0.1348311 0.0966184 0.1241650 0.1089121 0.1039542 
S0376         0.3284593 0.2458652 0.2986860 0.1297820 0.1416112 0.1575157 0.2816262 0.1026581 0.1329963 0.1569922 0.1201168 0.1473931 0.1470874 0.1251622 0.1190022 0.0983529 0.1286948 0.1450589 0.1411374 0.1912273 0.1509698 0.1386769 0.0000000 0.1210444 0.1131340 0.1414570 0.1079296 0.1405076 0.1083105 0.0478958 0.1600752 0.1278545 0.0964384 0.1244610 0.1767049 0.1455907 0.1030466 0.1597554 0.1566330 0.1412487 0.1068824 0.1246263 0.1251266 0.1502884 0.2690556 0.1528725 0.1509167 0.1419636 0.1234662 0.1847437 0.1088464 0.1144883 0.1137210 0.1088464 0.1166028 0.1199090 0.2486304 0.1530338 0.1406113 0.1369681 0.1494156 0.1920370 0.1244115 0.1180155 0.1326569 0.0999558 0.1212376 0.1705129 0.1326384 0.2063447 0.1307924 0.1098492 0.1038095 0.1789155 0.1086601 0.2493718 0.1087098 0.1275760 0.2040419 0.1083359 0.1571472 0.1966138 0.1246500 0.1317954 0.1417293 0.1353829 0.1576731 0.1471588 0.1496656 0.1686154 0.1668400 0.1351153 0.1617348 0.1437774 0.1077176 0.1819793 0.1487347 0.1362087 0.1042068 0.1073669 0.1355997 0.1274133 0.1085225 0.1488366 0.1419951 0.1599574 0.1375117 0.1395471 0.1198448 0.1461006 0.1215436 0.1438159 0.1207101 0.1317073 
S0400         0.3557084 0.3219739 0.3462641 0.1146683 0.1273128 0.0444741 0.3074959 0.0897376 0.1044522 0.1675929 0.1055288 0.0234773 0.1544461 0.1334395 0.0263225 0.0703256 0.1116635 0.1566326 0.1485302 0.1806249 0.1605556 0.1245412 0.1210444 0.0000000 0.0309686 0.1488446 0.0720763 0.1560298 0.1103216 0.1307828 0.1524332 0.1184030 0.0835163 0.1333734 0.1593830 0.0493617 0.0375558 0.1611790 0.1498794 0.1478693 0.0901892 0.0171854 0.1292007 0.1518041 0.2509532 0.0786306 0.1555558 0.1212030 0.0305984 0.1424185 0.1095576 0.0138726 0.1094851 0.1073117 0.1194160 0.1303702 0.1649913 0.1509647 0.1279291 0.1151306 0.1326317 0.1579039 0.1255197 0.1162908 0.1252616 0.0933981 0.1215925 0.1615337 0.1108414 0.1422213 0.1021307 0.1179066 0.1175987 0.1874443 0.1130576 0.1957622 0.1216386 0.1128814 0.1497030 0.0744750 0.1851013 0.1944097 0.0185717 0.0860469 0.0961040 0.1630210 0.1548655 0.1516732 0.1620243 0.1630672 0.1725885 0.1189534 0.1630655 0.1518025 0.0282772 0.1423072 0.1142970 0.1455075 0.0187956 0.0165202 0.0921218 0.1356278 0.0802429 0.1452528 0.1364258 0.1545775 0.1381130 0.0631132 0.1128648 0.1599523 0.1181247 0.1446605 0.0115804 0.0546010 
S0405         0.3789214 0.3156910 0.3308067 0.1175078 0.1261391 0.0620853 0.3152286 0.1005179 0.1113333 0.1611035 0.1091270 0.0366056 0.1523169 0.1325321 0.0376301 0.0687855 0.1155640 0.1692743 0.1613863 0.1615345 0.1610812 0.1310015 0.1131340 0.0309686 0.0000000 0.1466689 0.0680271 0.1401896 0.1072102 0.1261532 0.1575479 0.1253876 0.0811097 0.1442410 0.1549264 0.0652893 0.0229358 0.1582440 0.1434403 0.1456918 0.0880742 0.0261632 0.1286733 0.1648657 0.2509309 0.0885117 0.1690047 0.1298663 0.0338415 0.1513766 0.1065043 0.0271219 0.1037399 0.1067514 0.1191871 0.1196765 0.1887751 0.1489708 0.1232984 0.1153704 0.1551902 0.1597082 0.1277652 0.1197567 0.1341994 0.0854114 0.1182533 0.1689640 0.1053882 0.1759431 0.1086528 0.1207471 0.1208506 0.1905828 0.1097990 0.2094450 0.1153199 0.1185526 0.1779269 0.0785453 0.1747374 0.1971705 0.0316905 0.0841145 0.1146224 0.1537794 0.1553606 0.1497777 0.1694476 0.1559948 0.1697812 0.1262588 0.1755256 0.1644507 0.0222704 0.1542603 0.1263454 0.1400004 0.0272037 0.0180318 0.1026427 0.1439851 0.0929036 0.1396378 0.1420321 0.1555954 0.1312726 0.0649496 0.1066735 0.1631225 0.1149347 0.1496093 0.0248428 0.0566941 
S0407sl       0.3318038 0.2830360 0.3439229 0.1151144 0.1248963 0.1839673 0.2705797 0.1443995 0.1101466 0.0542421 0.1347520 0.1548166 0.0226912 0.1441045 0.1385001 0.1117237 0.0513445 0.1879818 0.1644713 0.0557552 0.0731424 0.1229010 0.1414570 0.1488446 0.1466689 0.0000000 0.1525035 0.0354704 0.1116576 0.1587636 0.0668931 0.1769126 0.1175968 0.1669121 0.0442065 0.1808802 0.1275089 0.0420727 0.0417870 0.0501618 0.1223058 0.1439110 0.1303474 0.1864999 0.2464815 0.1588769 0.1909947 0.1307586 0.1333584 0.2160925 0.1109318 0.1444162 0.1108622 0.1111866 0.1620737 0.1283708 0.2049638 0.0554361 0.0575692 0.1412478 0.1618740 0.2298089 0.1425218 0.1708748 0.1816670 0.1022227 0.1426870 0.1692863 0.1239229 0.1797284 0.1431850 0.1576946 0.1395656 0.1823910 0.1048624 0.2181095 0.1388158 0.1088750 0.1832697 0.1274922 0.1723641 0.1959335 0.1501803 0.1671589 0.1233759 0.0493058 0.0605670 0.0585250 0.1974107 0.0690939 0.0525355 0.1627963 0.1899184 0.1860063 0.1325664 0.1671308 0.1313240 0.1516850 0.1373126 0.1235798 0.1547894 0.1541359 0.1524558 0.1025273 0.1465970 0.1648819 0.0238286 0.1492733 0.1140442 0.0212608 0.1354086 0.0564920 0.1384352 0.1425162 
S0412sl       0.3866941 0.3119526 0.3543105 0.1176044 0.1116195 0.1009577 0.3426833 0.1011616 0.1013474 0.1675450 0.1199117 0.0735735 0.1608837 0.1298226 0.0692718 0.0674644 0.1113796 0.1814956 0.1541650 0.1820643 0.1631802 0.1282709 0.1079296 0.0720763 0.0680271 0.1525035 0.0000000 0.1480616 0.1072916 0.1211831 0.1668011 0.1429122 0.0853270 0.1515271 0.1652470 0.0964684 0.0584449 0.1669469 0.1416215 0.1503379 0.0926368 0.0635360 0.1316264 0.1768844 0.2505821 0.0661101 0.1807391 0.1422990 0.0677022 0.1596875 0.1065843 0.0629903 0.1065186 0.1068319 0.1352664 0.1261855 0.1936785 0.1571256 0.1402361 0.1096663 0.1525477 0.1676638 0.1242399 0.1295707 0.1446337 0.0745809 0.1052991 0.1705448 0.1197608 0.1806704 0.1183827 0.1273880 0.1210292 0.1879129 0.1098841 0.2194899 0.1245220 0.1222732 0.1826602 0.0844940 0.1599234 0.1977780 0.0650139 0.0902398 0.1181614 0.1721970 0.1640691 0.1583782 0.1861566 0.1444928 0.1855407 0.1357115 0.1879025 0.1764278 0.0702744 0.1614272 0.1346403 0.1329883 0.0629663 0.0583748 0.1032391 0.1389480 0.0917783 0.1686539 0.1307096 0.1528638 0.1359960 0.0758999 0.1097086 0.1684571 0.1082587 0.1544325 0.0605132 0.0622807 
S0417         0.3045389 0.2577535 0.3346526 0.1053541 0.1160833 0.1968121 0.2523698 0.1603183 0.1082500 0.0609560 0.1450384 0.1623104 0.0388506 0.1271176 0.1510133 0.1070397 0.0540220 0.2000173 0.1785178 0.0713394 0.0578383 0.1228592 0.1405076 0.1560298 0.1401896 0.0354704 0.1480616 0.0000000 0.1058117 0.1578483 0.0576198 0.1677041 0.1231009 0.1826728 0.0682361 0.1901500 0.1438446 0.0417912 0.0317381 0.0384603 0.1244905 0.1492838 0.1164553 0.1988372 0.2506061 0.1798589 0.2048178 0.1376769 0.1427707 0.2266058 0.0972759 0.1396009 0.1008452 0.1012152 0.1359466 0.1136085 0.2461471 0.0448818 0.0621775 0.1375797 0.1747393 0.2394478 0.1470902 0.1676568 0.1817856 0.0998442 0.1463142 0.1562894 0.1197418 0.2004827 0.1473015 0.1492282 0.1439226 0.1658793 0.0973006 0.2102507 0.1354509 0.1017136 0.2124490 0.1403259 0.1726742 0.1873487 0.1563161 0.1704169 0.1151085 0.0418108 0.0478781 0.0481320 0.2043387 0.0628413 0.0591089 0.1674374 0.1981586 0.1930725 0.1335209 0.1755231 0.1244779 0.1308476 0.1436607 0.1265010 0.1883118 0.1480555 0.1641562 0.0939391 0.1522735 0.1412797 0.0291712 0.1560545 0.1088647 0.0486529 0.1419778 0.0456590 0.1446421 0.1559986 
S0419         0.3604765 0.3032541 0.3433445 0.0862111 0.1188182 0.1427983 0.2952890 0.1094586 0.0151276 0.1395700 0.0431604 0.1072917 0.1101318 0.0825825 0.1052980 0.0932767 0.1122023 0.1501750 0.1324649 0.1386482 0.1181755 0.0770708 0.1083105 0.1103216 0.1072102 0.1116576 0.1072916 0.1058117 0.0000000 0.1084524 0.1286262 0.1207911 0.0766023 0.1424747 0.1307204 0.1312078 0.1018257 0.1232142 0.1043238 0.1098938 0.0906014 0.0976967 0.0389964 0.1459814 0.2033149 0.1180617 0.1499278 0.0922861 0.1001463 0.1387353 0.0087679 0.0980051 0.0087665 0.0087864 0.1027720 0.0368602 0.1635698 0.1123767 0.1239863 0.0820519 0.1204796 0.1562212 0.0904916 0.1101974 0.1097373 0.0947000 0.0498204 0.1482319 0.0729708 0.1416650 0.1069618 0.1027070 0.0994409 0.1672871 0.0110263 0.1901745 0.0907817 0.0863189 0.1448552 0.0979930 0.1078433 0.1736117 0.1033520 0.1141988 0.0716598 0.1204844 0.1182389 0.1129643 0.1629322 0.1280405 0.1359148 0.1279384 0.1563212 0.1456197 0.1057415 0.1293232 0.0975347 0.0854594 0.0920115 0.0874775 0.1145200 0.1013103 0.1092998 0.1186611 0.0959977 0.1011852 0.0912161 0.0995492 0.0110194 0.1183401 0.0444746 0.1127192 0.0925074 0.0840857 
S0427         0.3690774 0.3134758 0.3342210 0.1466017 0.1416156 0.1499908 0.2879702 0.1018915 0.1149264 0.1827302 0.1256167 0.1336772 0.1604560 0.1239962 0.1331003 0.1017102 0.1378543 0.1421779 0.1236551 0.1865165 0.1668692 0.1348190 0.0478958 0.1307828 0.1261532 0.1587636 0.1211831 0.1578483 0.1084524 0.0000000 0.1617829 0.1327448 0.1079109 0.1444654 0.1718442 0.1587245 0.1318267 0.1661722 0.1430297 0.1588763 0.1121646 0.1242948 0.1201332 0.1485381 0.2294105 0.1472942 0.1524268 0.1432543 0.1219238 0.1580838 0.1117360 0.1267956 0.1116632 0.1120014 0.1264721 0.1147084 0.1986111 0.1623949 0.1467926 0.1090852 0.1279310 0.1759569 0.1235638 0.1255664 0.1261557 0.1095183 0.1253416 0.1707476 0.1244544 0.1720552 0.1216310 0.1228058 0.1157297 0.1830089 0.1092693 0.2229082 0.1206326 0.1414482 0.1765634 0.1111585 0.1723763 0.1899608 0.1193750 0.1384419 0.1165057 0.1478882 0.1691974 0.1633142 0.1640147 0.1667401 0.1665442 0.1507474 0.1587031 0.1481776 0.1218959 0.1663437 0.1511180 0.1342935 0.1194055 0.1088938 0.1098709 0.1460991 0.1043313 0.1717453 0.1364614 0.1415776 0.1337793 0.1246605 0.1149586 0.1785587 0.1181751 0.1633676 0.1238807 0.1136642 
S0478         0.3309956 0.2751442 0.3401901 0.1401188 0.1025028 0.1968439 0.2528587 0.1346259 0.1378061 0.0720620 0.1407164 0.1574188 0.0587976 0.1527438 0.1474673 0.1147682 0.0767783 0.1789639 0.1487233 0.0520685 0.0836233 0.1464696 0.1600752 0.1524332 0.1575479 0.0668931 0.1668011 0.0576198 0.1286262 0.1617829 0.0000000 0.1783567 0.1303089 0.1723087 0.0759358 0.1951312 0.1516205 0.0666031 0.0482088 0.0632237 0.1412272 0.1577096 0.1356618 0.1779518 0.2025131 0.1509790 0.1829790 0.1398058 0.1263895 0.1667356 0.1276654 0.1449263 0.1275626 0.1241613 0.1670907 0.1330470 0.1964681 0.0694383 0.0611167 0.1325985 0.1465103 0.1811593 0.1549494 0.1803697 0.1755705 0.1071194 0.1607315 0.1747141 0.1245441 0.1563269 0.1365546 0.1556734 0.1480480 0.1935785 0.1203604 0.1916579 0.1558616 0.1248836 0.1606800 0.1294812 0.1806886 0.2068386 0.1564839 0.1839618 0.1267823 0.0596487 0.0722017 0.0727840 0.2026782 0.0737216 0.0709322 0.1506464 0.1907549 0.1774197 0.1550334 0.1448574 0.1250833 0.1414000 0.1495242 0.1288460 0.1476174 0.1474160 0.1530154 0.0769874 0.1615012 0.1770987 0.0483749 0.1569523 0.1269982 0.0813625 0.1518343 0.0647607 0.1386353 0.1510789 
S0552sl       0.3555996 0.2993001 0.3423413 0.1300135 0.1379871 0.1512556 0.3184986 0.1128130 0.1300996 0.1935388 0.1211488 0.1286031 0.1817845 0.1158242 0.1123161 0.1277172 0.1154938 0.1273438 0.1680317 0.2080020 0.1830468 0.1284200 0.1278545 0.1184030 0.1253876 0.1769126 0.1429122 0.1677041 0.1207911 0.1327448 0.1783567 0.0000000 0.1249547 0.1436920 0.1873686 0.1424265 0.1204329 0.1770461 0.1635869 0.1583681 0.1274263 0.1110781 0.1304846 0.1350997 0.2816261 0.1356197 0.1395421 0.1497999 0.1240263 0.0311719 0.1209469 0.1064661 0.1206674 0.1251886 0.0584205 0.1314449 0.2064586 0.1548935 0.1806448 0.1071530 0.1449810 0.0467455 0.0783983 0.0081159 0.0102392 0.1324294 0.1540230 0.2057184 0.1135865 0.1783380 0.1144566 0.0475688 0.0474026 0.2227052 0.1290400 0.2637746 0.0523433 0.1401444 0.1888957 0.1167963 0.1804124 0.2277914 0.1173269 0.1288579 0.0999972 0.1833408 0.1581757 0.1558988 0.1447626 0.1991657 0.1851134 0.1398917 0.1427737 0.1307585 0.1158673 0.1495827 0.1411500 0.1214041 0.1101839 0.1093914 0.1184772 0.1489989 0.1238996 0.1638299 0.1248993 0.1196025 0.1323898 0.1238517 0.1287680 0.1897669 0.1461274 0.1515225 0.1076588 0.1360344 
S0558         0.3307110 0.2655883 0.3232602 0.0965666 0.1265721 0.1133535 0.2593974 0.0991742 0.0776549 0.1295550 0.0968819 0.0872480 0.1219472 0.0891012 0.0880194 0.0639814 0.1121970 0.1486508 0.1252691 0.1419416 0.1304432 0.0970711 0.0964384 0.0835163 0.0811097 0.1175968 0.0853270 0.1231009 0.0766023 0.1079109 0.1303089 0.1249547 0.0000000 0.1214266 0.1350103 0.1122318 0.0824034 0.1205735 0.1124001 0.1158210 0.0522068 0.0782819 0.0988174 0.1445160 0.2134159 0.0792569 0.1484079 0.1056656 0.0732358 0.1430722 0.0761034 0.0763378 0.0760675 0.0762742 0.1175721 0.0905066 0.1666657 0.1164328 0.1139820 0.0968517 0.1200331 0.1501997 0.1028371 0.1155232 0.1238478 0.0978582 0.0988444 0.1472392 0.0860525 0.1341239 0.0874440 0.1143283 0.1105132 0.1596861 0.0737762 0.1903467 0.1022133 0.0995273 0.1428273 0.0792141 0.1259633 0.1772072 0.0814010 0.1010531 0.0868071 0.1329013 0.1223959 0.1170486 0.1608845 0.1252900 0.1348853 0.1044426 0.1547270 0.1441627 0.0837385 0.1246573 0.1037070 0.0959853 0.0707832 0.0638268 0.0986643 0.1045263 0.0975155 0.1324377 0.0948977 0.1042427 0.0992018 0.0836795 0.0762375 0.1288909 0.0925116 0.1097109 0.0711608 0.0728429 
S0616         0.3569215 0.3008701 0.3325609 0.1493769 0.2204561 0.1376170 0.2737139 0.0963508 0.1550229 0.1930000 0.1131324 0.1461700 0.1619403 0.1570493 0.1281768 0.1380372 0.1577568 0.0766061 0.0907519 0.1821951 0.1740286 0.1482338 0.1244610 0.1333734 0.1442410 0.1669121 0.1515271 0.1826728 0.1424747 0.1444654 0.1723087 0.1436920 0.1214266 0.0000000 0.1781101 0.1489704 0.1454476 0.1732105 0.1590796 0.1519695 0.1379173 0.1275745 0.1600528 0.0763593 0.2699708 0.1561124 0.0793688 0.1569094 0.1226294 0.1624177 0.1462562 0.1331340 0.1461346 0.1440293 0.1314401 0.1541209 0.0850722 0.1565249 0.1682140 0.1137996 0.0827624 0.1716375 0.1394184 0.1319811 0.1433424 0.1181423 0.1683153 0.2059043 0.1503498 0.0734081 0.0605293 0.1162669 0.1088450 0.2127662 0.1436454 0.2382385 0.1177137 0.1602523 0.0745613 0.1288206 0.1983386 0.2233237 0.1390021 0.1391690 0.1434146 0.1811065 0.1605401 0.1546188 0.0839546 0.2013868 0.1773055 0.0307809 0.0854837 0.0824133 0.1358927 0.0594340 0.1628204 0.1637142 0.1297856 0.1157325 0.1099649 0.1819653 0.1138295 0.1528102 0.1591208 0.1791007 0.1379686 0.1375229 0.1498573 0.1835817 0.1561704 0.1457670 0.1237016 0.1454395 
