113
CRNC          0.0000000 0.2143094 0.3503707 0.3994595 0.2130038 0.4468233 0.3119346 0.4030605 0.4031794 0.4339695 0.4165690 0.4136667 0.4075621 0.4121098 0.3969369 0.4191424 0.4427053 0.4542404 0.3865615 0.4256889 0.4081353 0.3794010 0.3948511 0.3961631 0.4136807 0.3967951 0.4383262 0.4119114 0.3946310 0.4061771 0.4186395 0.4034918 0.4043556 0.4331487 0.3790063 0.4012563 0.4027542 0.4110289 0.3947793 0.4109501 0.4213202 0.4171278 0.3999649 0.4439244 0.3810636 0.4193588 0.4265757 0.4036495 0.4319150 0.3946310 0.3874937 0.4053470 0.3960919 0.4214191 0.4082566 0.4000646 0.3929650 0.4298645 0.3968312 0.4076546 0.4218351 0.4718050 0.4144664 0.4895337 0.4522832 0.3601655 0.4194787 0.4444785 0.4382336 0.4163026 0.4155941 0.3638371 0.3665301 0.4580055 0.3940225 0.3964090 0.3943142 0.4161556 0.4062819 0.3764976 0.4157929 0.4229451 0.4068973 0.4005395 0.4189781 0.4445985 0.4537405 0.3941297 0.4096821 0.3922912 0.4051494 0.4128648 0.4192540 0.3953055 0.4091661 0.4170317 0.4035904 0.4073665 0.3776847 0.4042576 0.4081076 0.4000191 0.4209742 0.4032854 0.4383748 0.4051571 0.4079297 0.4457420 0.4471244 0.4371242 0.4021888 0.4439141 0.4062950 
HYZL          0.2143094 0.0000000 0.1858885 0.3712572 0.2523535 0.3805691 0.3053993 0.3653084 0.3698033 0.4055684 0.3435500 0.3609845 0.3543688 0.3552832 0.3579527 0.3810282 0.3917427 0.4195097 0.3524248 0.3913694 0.3597131 0.3907804 0.3682085 0.3538249 0.3462018 0.3546115 0.3659122 0.3890392 0.3573039 0.3641903 0.3701270 0.3753556 0.3768224 0.3941674 0.3873120 0.3537101 0.3459820 0.3411423 0.3567126 0.3770094 0.3772539 0.4081501 0.3467740 0.3928521 0.3307198 0.3801842 0.3975040 0.3505542 0.3537845 0.3573039 0.3513347 0.3572966 0.3585860 0.3983450 0.3436435 0.3894847 0.3573038 0.3902845 0.3503276 0.3800102 0.3984371 0.4332451 0.3968403 0.4554943 0.4109124 0.2994853 0.3362327 0.3861565 0.4420302 0.3930902 0.3979228 0.3204956 0.3202984 0.4577785 0.3798871 0.3680495 0.3724993 0.3574927 0.3679586 0.3159428 0.3382541 0.3781849 0.3792505 0.3626510 0.3799966 0.3879881 0.4154155 0.3612304 0.3609875 0.3900698 0.3773083 0.3845573 0.3511788 0.3694934 0.3947526 0.3726936 0.3418440 0.3192474 0.3499958 0.3763150 0.3550150 0.3733111 0.3592110 0.3706060 0.4088454 0.3565855 0.3798878 0.4354512 0.4212243 0.3812775 0.3378117 0.4132910 0.3618685 
MYZV          0.3503707 0.1858885 0.0000000 0.4420312 0.4298945 0.5294705 0.4073493 0.4747896 0.4476873 0.4753384 0.4831900 0.4406167 0.4395472 0.5117456 0.4733318 0.4684482 0.4829833 0.5140585 0.4044663 0.4763329 0.4861365 0.4525802 0.4235806 0.5129304 0.4858600 0.4512964 0.4317691 0.4729811 0.4433587 0.4604499 0.4759180 0.4750776 0.4590816 0.4903284 0.4896631 0.4346347 0.4730032 0.4785191 0.4634499 0.4822353 0.4713768 0.5756850 0.4376025 0.4902123 0.4276667 0.4670115 0.5016957 0.4923218 0.4586116 0.4433587 0.4744676 0.4547582 0.4450396 0.5018216 0.4430057 0.5181310 0.4640690 0.4810149 0.4334212 0.4686458 0.4603920 0.5317528 0.4796454 0.6030892 0.4990145 0.4124223 0.3855852 0.4808128 0.5554675 0.4855607 0.4895212 0.4121905 0.4126235 0.5439580 0.4692688 0.4605521 0.4889325 0.4656154 0.4532243 0.4202516 0.4765457 0.4790615 0.4459061 0.4482978 0.4665506 0.4847730 0.4773146 0.4633318 0.4817794 0.4880698 0.4832060 0.4803580 0.4920649 0.4783857 0.4685057 0.4878306 0.4807583 0.4623489 0.4613512 0.4817958 0.4589270 0.4771429 0.4466178 0.4657334 0.5056278 0.4597356 0.4628247 0.6332161 0.4990745 0.4766527 0.4732658 0.5019912 0.4828378 
SRR6441723    0.3994595 0.3712572 0.4420312 0.0000000 0.0000010 0.0972813 0.1962954 0.0725135 0.1017344 0.0941143 0.0821093 0.1018474 0.0297989 0.0879587 0.1107204 0.1038242 0.0753881 0.0979588 0.0963098 0.0915471 0.0858024 0.0367784 0.0909541 0.0794146 0.0762897 0.0965406 0.0637398 0.0974512 0.0521553 0.0948338 0.0705064 0.0915638 0.0445461 0.0952192 0.0841399 0.0859827 0.0846020 0.0774280 0.1041951 0.0968343 0.0771371 0.0916331 0.0473035 0.0808463 0.1078107 0.0736740 0.0842146 0.0823381 0.0612359 0.0521553 0.0845353 0.0598273 0.0522853 0.0679799 0.0476734 0.1344308 0.0885491 0.0771832 0.0521359 0.0497012 0.0707756 0.0928601 0.0549860 0.1474359 0.0712569 0.1088851 0.0627150 0.0990467 0.0964672 0.0659452 0.0653162 0.1060137 0.1054973 0.1246843 0.0654140 0.0268553 0.0852831 0.0732916 0.0348785 0.1014413 0.0738720 0.0885278 0.0283954 0.0863028 0.0775405 0.0779033 0.0877629 0.0973339 0.0957501 0.0887309 0.0754426 0.0725066 0.0790219 0.0972997 0.0200506 0.0369834 0.0854710 0.0803412 0.0851325 0.0461004 0.0750208 0.1054681 0.0412599 0.0342292 0.1245523 0.0685690 0.0652895 0.1324857 0.0827252 0.0832998 0.0737910 0.0683317 0.0874406 
ERR4210213    0.2130038 0.2523535 0.4298945 0.0000010 0.0000000 0.0698418 0.2276068 0.0318187 0.0000010 0.0318187 0.0318187 0.0718274 0.0000010 0.0734513 0.1531236 0.1165914 0.1519503 0.3441300 0.0000010 0.1519503 0.0718274 0.0000010 0.1576776 0.0318187 0.0318187 0.0000010 0.1172990 0.1131224 0.0318187 0.1035352 0.0662975 0.0718274 0.0000010 0.0318187 0.0000010 0.0000010 0.0318187 0.0351315 0.0746664 0.1095774 0.0698766 0.0000010 0.0000022 0.1621910 0.1678407 0.0721632 0.1097354 0.0318187 0.0000010 0.0318187 0.0318187 0.0318187 0.0318187 0.0332741 0.0000026 0.0666077 0.1445496 0.1618420 0.0000010 0.0000010 0.0343044 0.0000010 0.0695734 0.4214614 0.0318187 0.2265620 0.0000010 0.3434570 0.1739488 0.0353318 0.0319830 0.1156238 0.1616149 0.0319830 0.0318395 0.0000010 0.1501234 0.0318187 0.0000010 0.1616149 0.0318187 0.0698427 0.0000010 0.0718274 0.0698766 0.0723580 0.1519503 0.0720367 0.0718274 0.1738280 0.0662975 0.0662975 0.0318187 0.1883253 0.0000010 0.0699875 0.0318187 0.0666077 0.0662975 0.0000010 0.0318187 0.0666077 0.0695734 0.0000010 0.0000010 0.0723183 0.0318187 0.0000010 0.0698418 0.0698766 0.0318187 0.0318187 0.1041083 
ERR2789774    0.4468233 0.3805691 0.5294705 0.0972813 0.0698418 0.0000000 0.2094141 0.0519184 0.0803942 0.1005892 0.0293004 0.0873225 0.0755586 0.0388703 0.0859497 0.0865479 0.0760344 0.0981778 0.0724112 0.0868160 0.0671898 0.1094626 0.0640247 0.0323650 0.0245415 0.0677316 0.0608924 0.0779819 0.0623805 0.0686139 0.0711099 0.0719903 0.0858275 0.0769996 0.0762247 0.0714968 0.0341397 0.0202291 0.0840987 0.0700780 0.0617617 0.0348295 0.0577632 0.0818611 0.1183429 0.0519032 0.0849515 0.0341005 0.1086879 0.0623805 0.0315311 0.0702364 0.0625377 0.1103532 0.0639553 0.1150212 0.0873429 0.0674685 0.0860495 0.0948152 0.1058805 0.1425977 0.0979197 0.1166844 0.0881909 0.1240901 0.0832455 0.1085656 0.0950402 0.1144697 0.1132822 0.1270563 0.1269826 0.1095107 0.1097334 0.0906835 0.0869261 0.0463384 0.0818977 0.1225409 0.0269407 0.0494692 0.0814322 0.0728354 0.0620705 0.0623424 0.0974111 0.0757680 0.0821866 0.0806214 0.0760899 0.0731239 0.0268596 0.0878844 0.0880800 0.0721851 0.0342290 0.0296245 0.0595723 0.0997346 0.0395934 0.0780655 0.0881743 0.0860799 0.1014703 0.0418657 0.0758714 0.1195431 0.0853046 0.0674330 0.0222974 0.0850738 0.0442511 
PAFTOL_019361 0.3119346 0.3053993 0.4073493 0.1962954 0.2276068 0.2094141 0.0000000 0.1959651 0.1826807 0.2084062 0.1858143 0.2162878 0.1748443 0.2072779 0.1874321 0.2159082 0.2136120 0.1992591 0.1838131 0.2009374 0.2050047 0.1824430 0.1676959 0.2017631 0.1807470 0.1865480 0.1902883 0.2044646 0.1826640 0.1759477 0.2062342 0.1960351 0.1795287 0.2214426 0.1869532 0.1822036 0.1856847 0.1802199 0.2021126 0.1798831 0.1879831 0.2091629 0.1634791 0.2103448 0.1620364 0.1796157 0.1902634 0.1846913 0.2589246 0.1826640 0.1730778 0.1903091 0.1832763 0.2019998 0.1697021 0.2411758 0.1943488 0.2018052 0.1920472 0.1965483 0.2027340 0.2623197 0.1975912 0.2617432 0.2000075 0.1493565 0.2068830 0.2254379 0.2158032 0.2189283 0.2160073 0.1626428 0.1627387 0.2345576 0.1912276 0.1934046 0.1952822 0.1776542 0.1742943 0.1574506 0.1855714 0.1770457 0.1752560 0.1967683 0.1852244 0.1945741 0.2218394 0.1871066 0.2071271 0.1930188 0.2054503 0.2002274 0.1847304 0.2037071 0.1862241 0.1626601 0.1955130 0.1807047 0.1716265 0.1978718 0.1654861 0.1921739 0.2034337 0.1770392 0.2283263 0.1699042 0.1995494 0.2159032 0.2066098 0.1899238 0.1774566 0.2010939 0.1976141 
S0055         0.4030605 0.3653084 0.4747896 0.0725135 0.0318187 0.0519184 0.1959651 0.0000000 0.0637881 0.0905262 0.0439206 0.0708674 0.0523592 0.0503389 0.0667878 0.0730234 0.0563461 0.0937903 0.0596708 0.0716326 0.0543397 0.0836172 0.0539756 0.0410866 0.0388920 0.0544931 0.0395097 0.0700028 0.0513781 0.0576298 0.0491446 0.0646626 0.0676978 0.0655823 0.0723158 0.0607064 0.0462440 0.0345816 0.0653131 0.0695894 0.0566440 0.0484468 0.0602409 0.0640435 0.1024562 0.0365254 0.0645276 0.0464202 0.0929464 0.0513781 0.0413375 0.0589251 0.0515044 0.0871226 0.0637141 0.1075706 0.0740431 0.0566768 0.0758576 0.0760424 0.0928973 0.1206605 0.0789159 0.1114060 0.0759400 0.1040983 0.0782274 0.0883855 0.0933381 0.0851349 0.0843031 0.1039875 0.1030794 0.0927727 0.0899762 0.0692532 0.0737092 0.0363548 0.0581611 0.0991517 0.0414441 0.0545080 0.0598446 0.0597545 0.0569260 0.0571728 0.0604215 0.0699301 0.0604591 0.0684642 0.0563867 0.0536781 0.0388373 0.0823441 0.0642144 0.0521048 0.0491599 0.0395069 0.0441234 0.0696257 0.0371493 0.0669865 0.0656417 0.0621873 0.0840561 0.0367108 0.0617298 0.1071680 0.0785660 0.0622110 0.0365837 0.0729924 0.0512740 
S0278         0.4031794 0.3698033 0.4476873 0.1017344 0.0000010 0.0803942 0.1826807 0.0637881 0.0000000 0.1050975 0.0718442 0.0415016 0.0813359 0.0760895 0.0803322 0.0383735 0.0762173 0.1092098 0.0163747 0.0937297 0.0310189 0.1114964 0.0858988 0.0675810 0.0659566 0.0308957 0.0457112 0.0309085 0.0669309 0.0861841 0.0769882 0.0310598 0.0901409 0.0977619 0.0914050 0.0310583 0.0723135 0.0636790 0.0162506 0.0442384 0.0554689 0.0712215 0.0681088 0.0817775 0.1215807 0.0580857 0.0887251 0.0777251 0.0967957 0.0669309 0.0632552 0.0697281 0.0671117 0.1252355 0.0691797 0.0786501 0.0908893 0.0528450 0.1059220 0.0999543 0.1145157 0.1332948 0.0967145 0.1204668 0.0949670 0.1169656 0.0791266 0.0968290 0.0922954 0.1161375 0.1158166 0.1272403 0.1194349 0.0995437 0.1097885 0.0976101 0.0961413 0.0634307 0.0852092 0.1180830 0.0689798 0.0718319 0.0800393 0.0311911 0.0557637 0.0585940 0.0800660 0.0469760 0.0188544 0.0775907 0.0786921 0.0791291 0.0687389 0.1035494 0.0917817 0.0744147 0.0723680 0.0642752 0.0609626 0.0982035 0.0589088 0.0603550 0.0881831 0.0896583 0.0363795 0.0664996 0.0700280 0.0837601 0.0907614 0.0614077 0.0633852 0.0915616 0.0809176 
S0281         0.4339695 0.4055684 0.4753384 0.0941143 0.0318187 0.1005892 0.2084062 0.0905262 0.1050975 0.0000000 0.0936426 0.1103409 0.0717657 0.1016690 0.1291001 0.1090927 0.1058958 0.1307825 0.0949383 0.1203246 0.0946912 0.1090490 0.0951536 0.0934454 0.0876066 0.1092266 0.0901200 0.1125470 0.0440213 0.1138228 0.1007149 0.1035075 0.0758932 0.1140852 0.0972735 0.1047142 0.0961694 0.0833038 0.1063815 0.1000835 0.0904157 0.1088803 0.0388929 0.1148931 0.1405115 0.0905376 0.1158453 0.0996393 0.1010968 0.0440213 0.0931179 0.0514440 0.0441286 0.0993602 0.0419406 0.1332987 0.1264065 0.0934595 0.0889940 0.0878370 0.0956611 0.1290106 0.0843344 0.1609475 0.0597646 0.1429426 0.1020939 0.1451906 0.1224526 0.1001277 0.1019780 0.1322472 0.1446553 0.1145487 0.0994333 0.0931699 0.1257557 0.0844789 0.0718349 0.1398463 0.0907339 0.0966782 0.0843741 0.1010393 0.0877814 0.0943477 0.0868060 0.1006030 0.1110732 0.1115771 0.1030683 0.1026390 0.0904191 0.1225992 0.0877762 0.0658506 0.1000374 0.0862767 0.1027207 0.0871005 0.0805938 0.1058802 0.0839073 0.0728989 0.1348033 0.0880163 0.0516425 0.1731314 0.0653962 0.0968158 0.0850627 0.0569943 0.1087671 
S0282         0.4165690 0.3435500 0.4831900 0.0821093 0.0318187 0.0293004 0.1858143 0.0439206 0.0718442 0.0936426 0.0000000 0.0787231 0.0612174 0.0148950 0.0716854 0.0780347 0.0620223 0.0811257 0.0690752 0.0697294 0.0566397 0.0937060 0.0538821 0.0077366 0.0086492 0.0622654 0.0484758 0.0723325 0.0440912 0.0651776 0.0572356 0.0613683 0.0711774 0.0628035 0.0621791 0.0631603 0.0199140 0.0087626 0.0676545 0.0666876 0.0436664 0.0152717 0.0440893 0.0675349 0.1027750 0.0390487 0.0704422 0.0176177 0.0787694 0.0440912 0.0197621 0.0515279 0.0441989 0.0887283 0.0472395 0.1038205 0.0728104 0.0489364 0.0713568 0.0797024 0.0903555 0.1259823 0.0826403 0.1146134 0.0681546 0.1082734 0.0790348 0.0872006 0.0855612 0.0953286 0.0943699 0.1072584 0.1071967 0.0803955 0.0939242 0.0759329 0.0724764 0.0338542 0.0671511 0.1031546 0.0108775 0.0464414 0.0693683 0.0569347 0.0438782 0.0440606 0.0720431 0.0670119 0.0710000 0.0634445 0.0620675 0.0592764 0.0108460 0.0812363 0.0734095 0.0580972 0.0176837 0.0132439 0.0463961 0.0790633 0.0272193 0.0745067 0.0754623 0.0713777 0.0983870 0.0294488 0.0567890 0.1122437 0.0707485 0.0489148 0.0064830 0.0652767 0.0270265 
S0289         0.4136667 0.3609845 0.4406167 0.1018474 0.0718274 0.0873225 0.2162878 0.0708674 0.0415016 0.1103409 0.0787231 0.0000000 0.0853337 0.0871499 0.1070737 0.0416580 0.1063261 0.1162737 0.0338364 0.1120632 0.0364290 0.1143593 0.1088576 0.0724719 0.0730030 0.0409627 0.0802918 0.0363132 0.0713499 0.1010944 0.1011183 0.0412816 0.0966850 0.0923074 0.0945401 0.0334246 0.0846909 0.0713917 0.0365860 0.0494837 0.0657738 0.0710359 0.0730912 0.1064403 0.1400582 0.0763616 0.1163371 0.0789389 0.1174246 0.0713499 0.0757378 0.0794913 0.0715340 0.1245916 0.0769097 0.0762042 0.1080007 0.0687427 0.0935816 0.1085323 0.1239061 0.1676832 0.1124770 0.1533774 0.0983062 0.1327272 0.0869853 0.1425695 0.1030865 0.1227561 0.1214518 0.1423052 0.1409555 0.0946862 0.1218512 0.0921531 0.1142243 0.0753772 0.0888103 0.1362224 0.0759491 0.0840650 0.0886131 0.0318430 0.0661112 0.0690658 0.1235857 0.0523569 0.0270600 0.0995900 0.1005697 0.0972776 0.0703536 0.1174248 0.0923810 0.0787849 0.0847560 0.0656492 0.0733121 0.0985154 0.0684683 0.0545389 0.0982064 0.0932800 0.0575395 0.0790501 0.0798216 0.0912627 0.0974789 0.0716528 0.0705318 0.0950341 0.0931073 
S0292         0.4075621 0.3543688 0.4395472 0.0297989 0.0000010 0.0755586 0.1748443 0.0523592 0.0813359 0.0717657 0.0612174 0.0853337 0.0000000 0.0672035 0.0884710 0.0845241 0.0548545 0.0680223 0.0721167 0.0675916 0.0672547 0.0320866 0.0861413 0.0580203 0.0505367 0.0767097 0.0436010 0.0784633 0.0375659 0.0758473 0.0500719 0.0728003 0.0250203 0.0763223 0.0630829 0.0720260 0.0636758 0.0565278 0.0819846 0.0724644 0.0561897 0.0658656 0.0399722 0.0600586 0.0851665 0.0531733 0.0631389 0.0667285 0.0269853 0.0375659 0.0636235 0.0450296 0.0376588 0.0470716 0.0431227 0.1052026 0.0623207 0.0589742 0.0296832 0.0322879 0.0496758 0.0728685 0.0347726 0.1431679 0.0587250 0.0825785 0.0404394 0.0674051 0.0709572 0.0423394 0.0419493 0.0832225 0.0856943 0.1079186 0.0421416 0.0246625 0.0593746 0.0477864 0.0134949 0.0819628 0.0557995 0.0642477 0.0163808 0.0676429 0.0564787 0.0595116 0.0682529 0.0617630 0.0793409 0.0670694 0.0548947 0.0521542 0.0531244 0.0758370 0.0249512 0.0066274 0.0639701 0.0592893 0.0668532 0.0199587 0.0437084 0.0779460 0.0139145 0.0043640 0.1021812 0.0507611 0.0502860 0.1232866 0.0669348 0.0619503 0.0532591 0.0558971 0.0689138 
S0293         0.4121098 0.3552832 0.5117456 0.0879587 0.0734513 0.0388703 0.2072779 0.0503389 0.0760895 0.1016690 0.0148950 0.0871499 0.0672035 0.0000000 0.0702219 0.0767833 0.0652155 0.0871747 0.0694815 0.0800645 0.0619197 0.1017709 0.0778790 0.0051555 0.0148298 0.0625481 0.0501966 0.0799914 0.0503598 0.0661273 0.0658975 0.0643742 0.0788355 0.0691236 0.0774387 0.0667071 0.0279098 0.0149410 0.0744443 0.0797692 0.0528305 0.0121079 0.0473593 0.0745467 0.1230606 0.0447173 0.0782471 0.0225456 0.0921551 0.0503598 0.0276658 0.0560578 0.0476738 0.1093350 0.0510134 0.0845567 0.0809455 0.0531161 0.0821736 0.0887598 0.0978413 0.1457748 0.0854764 0.1033643 0.0722558 0.1296152 0.0776787 0.0879652 0.0968336 0.0991554 0.1021576 0.1260631 0.1282668 0.0638585 0.1050357 0.0842675 0.0805166 0.0386708 0.0743324 0.1235992 0.0174219 0.0501965 0.0739274 0.0681950 0.0531247 0.0532421 0.0842248 0.0771753 0.0752332 0.0669547 0.0714690 0.0681864 0.0173640 0.0876386 0.0779294 0.0637537 0.0253444 0.0202431 0.0532023 0.0879404 0.0306567 0.0827889 0.0773957 0.0790923 0.1036486 0.0336440 0.0650355 0.1179861 0.0752280 0.0590122 0.0123179 0.0689421 0.0362524 
S0294         0.3969369 0.3579527 0.4733318 0.1107204 0.1531236 0.0859497 0.1874321 0.0667878 0.0803322 0.1291001 0.0716854 0.1070737 0.0884710 0.0702219 0.0000000 0.0975806 0.0924081 0.1218137 0.0713834 0.0971297 0.0749898 0.1229054 0.1182536 0.0642324 0.0662036 0.0815329 0.0598313 0.0942770 0.0802578 0.0872283 0.0873945 0.0777809 0.0938608 0.0790707 0.1037837 0.0827402 0.0746464 0.0643230 0.0895542 0.0853515 0.0747248 0.0477529 0.0827310 0.0945842 0.1309522 0.0586203 0.0925348 0.0713529 0.0792786 0.0802578 0.0740225 0.0829349 0.0804620 0.1303291 0.0837280 0.1153695 0.0919276 0.0830914 0.1144828 0.1030175 0.1085293 0.1533808 0.1061831 0.0898948 0.1131276 0.1362965 0.1003068 0.1140226 0.1195980 0.1194967 0.1182617 0.1329965 0.1317712 0.1236910 0.1094238 0.1038415 0.0970558 0.0690128 0.0950429 0.1272879 0.0663973 0.0720641 0.0892564 0.0835246 0.0751041 0.0808076 0.1131551 0.0857745 0.0848808 0.0973029 0.0924750 0.0893415 0.0687948 0.1008459 0.0975935 0.0877391 0.0667987 0.0646629 0.0666452 0.1071024 0.0620122 0.0990661 0.1049346 0.0990906 0.1065558 0.0589343 0.0887374 0.1312006 0.1121167 0.0776827 0.0638074 0.1097761 0.0801203 
S0299         0.4191424 0.3810282 0.4684482 0.1038242 0.1165914 0.0865479 0.2159082 0.0730234 0.0383735 0.1090927 0.0780347 0.0416580 0.0845241 0.0767833 0.0975806 0.0000000 0.0931788 0.1202796 0.0190965 0.1044016 0.0364891 0.1162874 0.1065891 0.0718426 0.0723717 0.0382924 0.0700245 0.0462990 0.0733864 0.1005034 0.0915780 0.0365259 0.0986543 0.1029319 0.0995937 0.0414009 0.0839413 0.0650118 0.0387909 0.0516661 0.0599818 0.0703524 0.0726092 0.0932730 0.1334650 0.0756712 0.1033734 0.0809599 0.1152511 0.0733864 0.0750802 0.0814989 0.0735752 0.1296403 0.0763947 0.0791956 0.1020473 0.0572871 0.1018522 0.1081018 0.1196246 0.1504998 0.1045987 0.1596426 0.1002778 0.1261399 0.0828731 0.1077583 0.1086747 0.1144254 0.1202478 0.1355900 0.1343161 0.0946144 0.1237196 0.0941500 0.0958380 0.0752804 0.0910842 0.1297098 0.0752878 0.0837542 0.0912225 0.0318964 0.0602851 0.0603004 0.0913801 0.0519147 0.0392741 0.0954387 0.0958541 0.0963634 0.0750370 0.1113181 0.0915352 0.0838031 0.0840050 0.0708809 0.0730557 0.1062964 0.0710649 0.0567143 0.0878219 0.0923923 0.0570941 0.0760658 0.0818358 0.0838171 0.0937193 0.0656924 0.0699231 0.0970128 0.0922740 
S0303         0.4427053 0.3917427 0.4829833 0.0753881 0.1519503 0.0760344 0.2136120 0.0563461 0.0762173 0.1058958 0.0620223 0.1063261 0.0548545 0.0652155 0.0924081 0.0931788 0.0000000 0.0606968 0.0741749 0.0220676 0.0791942 0.0837145 0.0579031 0.0625552 0.0617585 0.0777622 0.0695981 0.0904890 0.0569359 0.0625476 0.0086995 0.0786999 0.0596274 0.0855039 0.0561906 0.0789335 0.0644367 0.0521908 0.0798275 0.0955455 0.0728906 0.0598828 0.0636187 0.0176479 0.0998339 0.0648699 0.0199120 0.0726799 0.0559582 0.0569359 0.0748286 0.0646560 0.0570778 0.0929663 0.0671947 0.1404867 0.0583571 0.0648231 0.0675669 0.0677447 0.0841865 0.1131408 0.0596548 0.1335225 0.0821867 0.1082135 0.0646310 0.0534986 0.0634361 0.0823460 0.0873276 0.1072369 0.1071380 0.1264558 0.0813404 0.0720711 0.0581031 0.0589653 0.0689537 0.1031002 0.0645596 0.0754395 0.0600294 0.0851596 0.0732628 0.0762613 0.0091706 0.0960327 0.0862139 0.0468625 0.0130634 0.0108188 0.0643489 0.0662651 0.0669911 0.0656333 0.0676810 0.0653848 0.0758954 0.0724610 0.0603059 0.0983609 0.0599599 0.0649675 0.1039972 0.0595635 0.0701713 0.1248902 0.0876967 0.0788457 0.0593518 0.0791459 0.0698100 
S0308         0.4542404 0.4195097 0.5140585 0.0979588 0.3441300 0.0981778 0.1992591 0.0937903 0.1092098 0.1307825 0.0811257 0.1162737 0.0680223 0.0871747 0.1218137 0.1202796 0.0606968 0.0000000 0.1133808 0.0556328 0.1111772 0.1010423 0.1038708 0.0920495 0.0862133 0.1135973 0.0887505 0.1115264 0.0811965 0.0984661 0.0614563 0.1104422 0.0755518 0.1151642 0.0693147 0.1091728 0.0946239 0.0762817 0.1181045 0.1044071 0.0816379 0.0778054 0.0897111 0.0609853 0.1084241 0.0923888 0.0719897 0.0980224 0.0601245 0.0811965 0.0945512 0.0865211 0.0814055 0.1046699 0.0905642 0.1559032 0.0611808 0.0786986 0.0895304 0.0895789 0.1040844 0.1374503 0.0809589 0.1561296 0.1086031 0.1161514 0.0809101 0.0633913 0.0524597 0.1026354 0.1077489 0.1190776 0.1159622 0.1407835 0.0982807 0.0968287 0.0635484 0.0940918 0.0856430 0.1117753 0.0838046 0.0923976 0.0674880 0.1059318 0.0820617 0.0907629 0.0783586 0.1024375 0.1220076 0.0594917 0.0611481 0.0584061 0.0889763 0.0692656 0.0914962 0.0738364 0.0955969 0.0848817 0.1163906 0.0943990 0.0850808 0.1078554 0.0823192 0.0811514 0.1396560 0.0840412 0.0924412 0.1647752 0.1144640 0.0878203 0.0837112 0.1052639 0.0919116 
S0320         0.3865615 0.3524248 0.4044663 0.0963098 0.0000010 0.0724112 0.1838131 0.0596708 0.0163747 0.0949383 0.0690752 0.0338364 0.0721167 0.0694815 0.0713834 0.0190965 0.0741749 0.1133808 0.0000000 0.0908440 0.0249252 0.1032141 0.0811214 0.0545898 0.0590429 0.0219656 0.0560264 0.0277776 0.0631559 0.0744045 0.0750589 0.0249567 0.0822061 0.0952745 0.0884829 0.0278185 0.0696051 0.0592262 0.0135877 0.0369607 0.0531862 0.0574442 0.0638834 0.0769400 0.1237006 0.0589961 0.0888988 0.0654381 0.1063987 0.0631559 0.0622562 0.0730451 0.0633555 0.1192301 0.0646851 0.0675539 0.0949780 0.0501162 0.1042569 0.0900615 0.0995794 0.0853165 0.0897335 0.1105808 0.0960125 0.1100717 0.0847715 0.0992631 0.1045144 0.1086653 0.1083158 0.1268660 0.1246268 0.1054665 0.1050783 0.0805746 0.0905641 0.0560976 0.0688460 0.1195510 0.0625138 0.0723742 0.0740901 0.0192832 0.0535180 0.0500419 0.0827653 0.0400974 0.0195109 0.0790411 0.0775953 0.0775953 0.0622562 0.0989298 0.0805720 0.0643384 0.0694595 0.0630917 0.0563835 0.0916094 0.0537864 0.0461937 0.0795811 0.0776771 0.0080574 0.0628293 0.0734165 0.0615929 0.0875596 0.0563638 0.0592261 0.0919878 0.0763227 
S0322         0.4256889 0.3913694 0.4763329 0.0915471 0.1519503 0.0868160 0.2009374 0.0716326 0.0937297 0.1203246 0.0697294 0.1120632 0.0675916 0.0800645 0.0971297 0.1044016 0.0220676 0.0556328 0.0908440 0.0000000 0.0957150 0.1002021 0.0780385 0.0745735 0.0720475 0.0950552 0.0880385 0.1016966 0.0724023 0.0787307 0.0223260 0.0951017 0.0671836 0.0910001 0.0561244 0.0965213 0.0748004 0.0595686 0.0964950 0.1125904 0.0835389 0.0627092 0.0803482 0.0086520 0.1054944 0.0753164 0.0340804 0.0832924 0.0656404 0.0724023 0.0854204 0.0803932 0.0725854 0.1068608 0.0842495 0.1529407 0.0633293 0.0806077 0.0752358 0.0808240 0.0921798 0.1302151 0.0724559 0.1502957 0.0988583 0.1140948 0.0807102 0.0657790 0.0603963 0.0903957 0.0954068 0.1160476 0.1129525 0.1371914 0.0892825 0.0879656 0.0630509 0.0743702 0.0768169 0.1088165 0.0749476 0.0807072 0.0763975 0.1019767 0.0839700 0.0926399 0.0220059 0.1131713 0.1032612 0.0492917 0.0222175 0.0198696 0.0746995 0.0713423 0.0827453 0.0787479 0.0782154 0.0759156 0.0921794 0.0801871 0.0731356 0.1155005 0.0733693 0.0779410 0.1227503 0.0646462 0.0861660 0.1416964 0.1045553 0.0866136 0.0696108 0.0956490 0.0803219 
S0327         0.4081353 0.3597131 0.4861365 0.0858024 0.0718274 0.0671898 0.2050047 0.0543397 0.0310189 0.0946912 0.0566397 0.0364290 0.0672547 0.0619197 0.0749898 0.0364891 0.0791942 0.1111772 0.0249252 0.0957150 0.0000000 0.0976306 0.0856666 0.0529143 0.0513750 0.0255994 0.0577918 0.0266536 0.0520721 0.0799227 0.0742242 0.0220458 0.0807731 0.0768001 0.0876506 0.0235088 0.0621098 0.0521021 0.0315258 0.0389500 0.0443874 0.0520235 0.0527543 0.0847800 0.1138119 0.0543249 0.0882537 0.0619123 0.0966584 0.0520721 0.0589642 0.0597320 0.0522016 0.1102026 0.0561194 0.0665953 0.0927087 0.0470757 0.0866322 0.0896920 0.1007615 0.1431084 0.0927712 0.1261129 0.0770329 0.1126479 0.0727210 0.1151930 0.1022694 0.0993661 0.1012584 0.1155714 0.1145235 0.0783378 0.1045276 0.0822229 0.0922629 0.0540570 0.0706073 0.1103095 0.0487035 0.0645459 0.0697332 0.0176015 0.0446060 0.0472821 0.0852797 0.0416430 0.0247746 0.0867026 0.0792523 0.0762368 0.0538889 0.1016842 0.0769164 0.0638955 0.0565962 0.0496618 0.0518461 0.0882462 0.0497874 0.0462416 0.0789039 0.0748758 0.0542953 0.0546042 0.0599685 0.0715306 0.0764136 0.0497367 0.0490129 0.0740338 0.0699537 
S0335         0.3794010 0.3907804 0.4525802 0.0367784 0.0000010 0.1094626 0.1824430 0.0836172 0.1114964 0.1090490 0.0937060 0.1143593 0.0320866 0.1017709 0.1229054 0.1162874 0.0837145 0.1010423 0.1032141 0.1002021 0.0976306 0.0000000 0.1068460 0.0935447 0.0876658 0.1093000 0.0699905 0.1002555 0.0653127 0.1030662 0.0787741 0.1004703 0.0467759 0.1048912 0.0927155 0.0986014 0.0932288 0.0889947 0.1134646 0.1030799 0.0886626 0.1048913 0.0552938 0.0892981 0.0989994 0.0849874 0.0900399 0.0939742 0.0664669 0.0653127 0.0961593 0.0732538 0.0654784 0.0677186 0.0559666 0.1428559 0.0915495 0.0831197 0.0570172 0.0469279 0.0730125 0.0890002 0.0521392 0.1721672 0.0742035 0.0973264 0.0691539 0.0987152 0.0930665 0.0656924 0.0650677 0.0971959 0.0967413 0.1436809 0.0676526 0.0290979 0.0882380 0.0845359 0.0420961 0.0929378 0.0878251 0.0975211 0.0307582 0.0982084 0.0863056 0.0895623 0.0960008 0.1036164 0.1080511 0.0975776 0.0837751 0.0807468 0.0904802 0.1060865 0.0341705 0.0392852 0.0936800 0.0920156 0.0901843 0.0507563 0.0809341 0.1118550 0.0488453 0.0317512 0.1334724 0.0825243 0.0789637 0.1455896 0.0858013 0.0950923 0.0851210 0.0712402 0.0924560 
S0376         0.3948511 0.3682085 0.4235806 0.0909541 0.1576776 0.0640247 0.1676959 0.0539756 0.0858988 0.0951536 0.0538821 0.1088576 0.0861413 0.0778790 0.1182536 0.1065891 0.0579031 0.1038708 0.0811214 0.0780385 0.0856666 0.1068460 0.0000000 0.0730115 0.0538480 0.0773280 0.0891343 0.1185108 0.0636126 0.0437997 0.0685972 0.1011684 0.0906861 0.0910178 0.0992231 0.0919879 0.0538431 0.0448910 0.1146141 0.0944357 0.0790491 0.0666325 0.0738652 0.0786224 0.1193677 0.0697090 0.0791385 0.0640692 0.0452697 0.0636126 0.0635755 0.0686348 0.0636123 0.0955837 0.0686180 0.1740466 0.1056726 0.0785556 0.0842890 0.0839015 0.1116787 0.1936272 0.0800809 0.1737846 0.0845872 0.1324710 0.1026647 0.1251097 0.1359102 0.1013922 0.1010767 0.1285420 0.1205997 0.1489020 0.1007884 0.1068268 0.1045955 0.0586810 0.0973740 0.1193918 0.0590724 0.0690696 0.0719907 0.0963067 0.0794350 0.0857672 0.0737300 0.0947620 0.1035895 0.0842826 0.0785472 0.0729683 0.0587079 0.1165078 0.0799114 0.0912988 0.0539289 0.0547781 0.0586358 0.0960031 0.0605079 0.1097258 0.0848117 0.0966153 0.1536656 0.0589340 0.0741766 0.0995049 0.0957869 0.0854499 0.0493094 0.0845872 0.0790828 
S0400         0.3961631 0.3538249 0.5129304 0.0794146 0.0318187 0.0323650 0.2017631 0.0410866 0.0675810 0.0934454 0.0077366 0.0724719 0.0580203 0.0051555 0.0642324 0.0718426 0.0625552 0.0920495 0.0545898 0.0745735 0.0529143 0.0935447 0.0730115 0.0000000 0.0077013 0.0530401 0.0426028 0.0684633 0.0411031 0.0630524 0.0568485 0.0554913 0.0700283 0.0601234 0.0687424 0.0572939 0.0184065 0.0078029 0.0598399 0.0681110 0.0436898 0.0090560 0.0437898 0.0688376 0.1154007 0.0353404 0.0726366 0.0156208 0.0875220 0.0411031 0.0209155 0.0469306 0.0411031 0.1012516 0.0475588 0.0719610 0.0786464 0.0499676 0.0734323 0.0801689 0.0895503 0.1378261 0.0836773 0.1057961 0.0633226 0.1183246 0.0671869 0.0859550 0.0846298 0.0916121 0.0939019 0.1185217 0.1206699 0.0421358 0.0969014 0.0725069 0.0782124 0.0292891 0.0652113 0.1159166 0.0103428 0.0409677 0.0677936 0.0562649 0.0439417 0.0441590 0.0814096 0.0654088 0.0603151 0.0674714 0.0626093 0.0592824 0.0103070 0.0856038 0.0691913 0.0576181 0.0184471 0.0131543 0.0411080 0.0794041 0.0210500 0.0711925 0.0716778 0.0702625 0.0917604 0.0240582 0.0560807 0.1113580 0.0663790 0.0498135 0.0051168 0.0599622 0.0267457 
S0405         0.4136807 0.3462018 0.4858600 0.0762897 0.0318187 0.0245415 0.1807470 0.0388920 0.0659566 0.0876066 0.0086492 0.0730030 0.0505367 0.0148298 0.0662036 0.0723717 0.0617585 0.0862133 0.0590429 0.0720475 0.0513750 0.0876658 0.0538480 0.0077013 0.0000000 0.0566529 0.0397744 0.0667926 0.0439090 0.0597026 0.0569918 0.0560558 0.0655530 0.0573506 0.0619132 0.0574560 0.0153344 0.0043378 0.0673618 0.0612727 0.0434875 0.0121027 0.0438970 0.0672432 0.0994054 0.0340991 0.0701365 0.0130818 0.0781300 0.0439090 0.0152179 0.0513123 0.0440158 0.0883239 0.0470302 0.0970117 0.0724938 0.0487331 0.0657167 0.0739047 0.0844022 0.1182576 0.0767807 0.1099939 0.0678574 0.1047653 0.0687212 0.0835555 0.0851508 0.0920045 0.0910869 0.1037920 0.1037325 0.0840535 0.0878651 0.0702701 0.0721628 0.0244250 0.0562020 0.0997686 0.0064622 0.0413650 0.0635008 0.0566931 0.0436978 0.0438785 0.0757612 0.0564736 0.0653887 0.0658223 0.0618031 0.0590260 0.0021350 0.0808776 0.0677775 0.0475881 0.0131305 0.0087403 0.0413251 0.0679938 0.0178501 0.0689640 0.0638743 0.0604719 0.0919888 0.0246651 0.0565484 0.1075922 0.0704388 0.0487116 0.0021398 0.0649941 0.0245870 
S0407sl       0.3967951 0.3546115 0.4512964 0.0965406 0.0000010 0.0677316 0.1865480 0.0544931 0.0308957 0.1092266 0.0622654 0.0409627 0.0767097 0.0625481 0.0815329 0.0382924 0.0777622 0.1135973 0.0219656 0.0950552 0.0255994 0.1093000 0.0773280 0.0530401 0.0566529 0.0000000 0.0543989 0.0354392 0.0628635 0.0756699 0.0697368 0.0353876 0.0911995 0.0868527 0.0955731 0.0332130 0.0679651 0.0574992 0.0307614 0.0408550 0.0517425 0.0522659 0.0637777 0.0832504 0.1222886 0.0569390 0.0839556 0.0678843 0.1024797 0.0628635 0.0647131 0.0711053 0.0630302 0.1192724 0.0677106 0.0706709 0.0919131 0.0546358 0.0973121 0.1008463 0.1151381 0.1452573 0.1041847 0.0966083 0.0900051 0.1050738 0.0757163 0.1067668 0.1079855 0.1113367 0.1101294 0.1246058 0.1202056 0.0925057 0.1168564 0.0867033 0.0912019 0.0595180 0.0833548 0.1188481 0.0595238 0.0676862 0.0754805 0.0257317 0.0520113 0.0548908 0.0921047 0.0435115 0.0236659 0.0879608 0.0778220 0.0746752 0.0593227 0.0983292 0.0869216 0.0700426 0.0681598 0.0575961 0.0545406 0.0991118 0.0523947 0.0512765 0.0865710 0.0848193 0.0439676 0.0571057 0.0714066 0.0437750 0.0859797 0.0574908 0.0541594 0.0867185 0.0736744 
S0412sl       0.4383262 0.3659122 0.4317691 0.0637398 0.1172990 0.0608924 0.1902883 0.0395097 0.0457112 0.0901200 0.0484758 0.0802918 0.0436010 0.0501966 0.0598313 0.0700245 0.0695981 0.0887505 0.0560264 0.0880385 0.0577918 0.0699905 0.0891343 0.0426028 0.0397744 0.0543989 0.0000000 0.0667288 0.0514069 0.0552670 0.0640097 0.0638335 0.0670889 0.0708963 0.0789204 0.0485457 0.0511829 0.0431366 0.0607346 0.0543991 0.0575426 0.0395472 0.0520680 0.0789008 0.1048046 0.0230616 0.0765002 0.0515161 0.0720681 0.0514069 0.0511220 0.0542973 0.0515534 0.0802263 0.0493802 0.0950202 0.0632327 0.0575822 0.0798162 0.0705568 0.0900435 0.0645399 0.0800978 0.1195720 0.0832867 0.1066680 0.0688377 0.0827116 0.0875064 0.0842987 0.0833437 0.1037478 0.1055118 0.1073572 0.0867121 0.0599998 0.0658703 0.0313406 0.0465886 0.1012008 0.0427450 0.0486593 0.0453760 0.0579244 0.0578756 0.0547603 0.0809080 0.0547232 0.0552914 0.0711779 0.0663430 0.0663430 0.0425883 0.0850790 0.0604988 0.0432149 0.0545128 0.0459713 0.0458189 0.0754257 0.0293393 0.0692309 0.0646892 0.0517045 0.0577427 0.0341184 0.0545407 0.1003989 0.0762374 0.0606571 0.0398854 0.0797761 0.0541941 
S0417         0.4119114 0.3890392 0.4729811 0.0974512 0.1131224 0.0779819 0.2044646 0.0700028 0.0309085 0.1125470 0.0723325 0.0363132 0.0784633 0.0799914 0.0942770 0.0462990 0.0904890 0.1115264 0.0277776 0.1016966 0.0266536 0.1002555 0.1185108 0.0684633 0.0667926 0.0354392 0.0667288 0.0000000 0.0677187 0.0970624 0.0854411 0.0313177 0.0810183 0.0880061 0.0908657 0.0282956 0.0781046 0.0677578 0.0314201 0.0488448 0.0545658 0.0664284 0.0666160 0.0962448 0.1226095 0.0647615 0.0998989 0.0778591 0.0972038 0.0677187 0.0694494 0.0756860 0.0678905 0.1165714 0.0731006 0.0785937 0.1043686 0.0573726 0.1013038 0.0957243 0.1069431 0.1423142 0.0988655 0.1389573 0.0910238 0.1215580 0.0760087 0.1255930 0.0981624 0.1086017 0.1074801 0.1245193 0.1233784 0.0939811 0.1048590 0.0936595 0.1038548 0.0696321 0.0791901 0.1190159 0.0696387 0.0806073 0.0756298 0.0267913 0.0548387 0.0576311 0.1141667 0.0516729 0.0293557 0.0899720 0.0849889 0.0819056 0.0694100 0.1136463 0.0882300 0.0749044 0.0781618 0.0652452 0.0674170 0.0941913 0.0654131 0.0563332 0.0909345 0.0862264 0.0540891 0.0703506 0.0759944 0.0859874 0.0902765 0.0601372 0.0643738 0.0878756 0.0808253 
S0419         0.3946310 0.3573039 0.4433587 0.0521553 0.0318187 0.0623805 0.1826640 0.0513781 0.0669309 0.0440213 0.0440912 0.0713499 0.0375659 0.0503598 0.0802578 0.0733864 0.0569359 0.0811965 0.0631559 0.0724023 0.0520721 0.0653127 0.0636126 0.0411031 0.0439090 0.0628635 0.0514069 0.0677187 0.0000000 0.0683796 0.0521754 0.0623851 0.0497414 0.0740416 0.0595389 0.0582913 0.0513879 0.0445240 0.0682846 0.0621112 0.0489112 0.0522760 0.0045478 0.0647241 0.0970805 0.0464134 0.0652188 0.0541897 0.0619932 0.0000010 0.0513461 0.0064443 0.0000029 0.0678929 0.0069179 0.0981615 0.0723276 0.0489397 0.0500633 0.0548948 0.0649525 0.0999989 0.0575830 0.1282746 0.0246388 0.0957382 0.0596077 0.0897145 0.0797310 0.0632297 0.0652336 0.0952505 0.0976717 0.0933411 0.0680768 0.0516833 0.0719983 0.0461900 0.0400385 0.0938223 0.0465196 0.0618895 0.0416568 0.0574716 0.0491511 0.0493599 0.0567124 0.0624149 0.0716698 0.0688343 0.0569773 0.0542355 0.0463730 0.0745420 0.0467872 0.0348197 0.0543986 0.0470986 0.0543047 0.0570256 0.0447059 0.0699169 0.0497789 0.0446941 0.0933960 0.0466495 0.0108430 0.1119252 0.0292890 0.0543019 0.0415749 0.0222594 0.0594987 
S0427         0.4061771 0.3641903 0.4604499 0.0948338 0.1035352 0.0686139 0.1759477 0.0576298 0.0861841 0.1138228 0.0651776 0.1010944 0.0758473 0.0661273 0.0872283 0.1005034 0.0625476 0.0984661 0.0744045 0.0787307 0.0799227 0.1030662 0.0437997 0.0630524 0.0597026 0.0756699 0.0552670 0.0970624 0.0683796 0.0000000 0.0577171 0.0821640 0.0833696 0.0918720 0.0903088 0.0769287 0.0649926 0.0552516 0.0950752 0.0815541 0.0735445 0.0560456 0.0698673 0.0738096 0.1027870 0.0602256 0.0683949 0.0706501 0.0788938 0.0683796 0.0675289 0.0737652 0.0685548 0.1070119 0.0704797 0.1226276 0.0794390 0.0765681 0.0922182 0.0824253 0.1025987 0.1472101 0.0896957 0.1457770 0.0949947 0.1083028 0.0767196 0.0936770 0.1085555 0.1020607 0.1010184 0.1073237 0.1072245 0.1314224 0.1005264 0.0910768 0.0845096 0.0543639 0.0847840 0.1060878 0.0625067 0.0707940 0.0728836 0.0859562 0.0739237 0.0742633 0.0768649 0.0875067 0.0894794 0.0803712 0.0625933 0.0597740 0.0623017 0.0909353 0.0856563 0.0782999 0.0623390 0.0606795 0.0596624 0.0972710 0.0529048 0.0925876 0.0945355 0.0864185 0.1114262 0.0544579 0.0795280 0.1307985 0.1007504 0.0793846 0.0572826 0.0917688 0.0730374 
S0430         0.4186395 0.3701270 0.4759180 0.0705064 0.0662975 0.0711099 0.2062342 0.0491446 0.0769882 0.1007149 0.0572356 0.1011183 0.0500719 0.0658975 0.0873945 0.0915780 0.0086995 0.0614563 0.0750589 0.0223260 0.0742242 0.0787741 0.0685972 0.0568485 0.0569918 0.0697368 0.0640097 0.0854411 0.0521754 0.0577171 0.0000000 0.0737618 0.0548423 0.0804530 0.0465343 0.0736469 0.0596478 0.0526675 0.0778288 0.0904981 0.0680119 0.0568523 0.0583737 0.0178546 0.0946973 0.0600458 0.0109929 0.0678164 0.0514337 0.0521754 0.0673708 0.0598500 0.0523054 0.0879217 0.0618593 0.1304374 0.0462572 0.0709644 0.0627269 0.0628903 0.0792182 0.1068724 0.0656566 0.1258738 0.0744637 0.1029165 0.0653622 0.0513762 0.0556099 0.0831356 0.0823175 0.1019893 0.1018954 0.1225064 0.0763938 0.0672522 0.0460609 0.0542325 0.0640109 0.0979278 0.0597606 0.0705549 0.0550109 0.0801296 0.0683588 0.0713195 0.0092507 0.0909599 0.0811210 0.0499724 0.0043275 0.0021498 0.0595660 0.0539329 0.0621899 0.0607561 0.0628296 0.0605242 0.0709794 0.0650083 0.0554650 0.0905028 0.0660982 0.0601397 0.0984976 0.0547820 0.0624642 0.1136633 0.0799115 0.0738985 0.0545878 0.0714862 0.0649787 
S0478         0.4034918 0.3753556 0.4750776 0.0915638 0.0718274 0.0719903 0.1960351 0.0646626 0.0310598 0.1035075 0.0613683 0.0412816 0.0728003 0.0643742 0.0777809 0.0365259 0.0786999 0.1104422 0.0249567 0.0951017 0.0220458 0.1004703 0.1011684 0.0554913 0.0560558 0.0353876 0.0638335 0.0313177 0.0623851 0.0821640 0.0737618 0.0000000 0.0747686 0.0879976 0.0816102 0.0284247 0.0617393 0.0568486 0.0315650 0.0438520 0.0441307 0.0550362 0.0582265 0.0873269 0.1038800 0.0646476 0.0821375 0.0666807 0.0793067 0.0623851 0.0586170 0.0702428 0.0625423 0.1163789 0.0645063 0.0695793 0.0928446 0.0494660 0.0832471 0.0834848 0.1000982 0.1315872 0.0836525 0.1336942 0.0882027 0.1156233 0.0721459 0.1118725 0.0954162 0.1024316 0.1013819 0.1054562 0.1144004 0.0780629 0.0980113 0.0878806 0.0868381 0.0587673 0.0790413 0.1101904 0.0587727 0.0693306 0.0755073 0.0221589 0.0443468 0.0470048 0.0928098 0.0466114 0.0342330 0.0805612 0.0787572 0.0757648 0.0585845 0.1018363 0.0825135 0.0693435 0.0617800 0.0544027 0.0594210 0.0883760 0.0545402 0.0462894 0.0848529 0.0804906 0.0543713 0.0593615 0.0705255 0.0788067 0.0874820 0.0494441 0.0536918 0.0850846 0.0669142 
S0552sl       0.4043556 0.3768224 0.4590816 0.0445461 0.0000010 0.0858275 0.1795287 0.0676978 0.0901409 0.0758932 0.0711774 0.0966850 0.0250203 0.0788355 0.0938608 0.0986543 0.0596274 0.0755518 0.0822061 0.0671836 0.0807731 0.0467759 0.0906861 0.0700283 0.0655530 0.0911995 0.0670889 0.0810183 0.0497414 0.0833696 0.0548423 0.0747686 0.0000000 0.0784945 0.0626988 0.0865874 0.0683068 0.0665166 0.0894857 0.0917598 0.0603911 0.0726574 0.0474299 0.0677222 0.0840504 0.0634675 0.0679984 0.0767914 0.0041894 0.0497414 0.0735794 0.0573837 0.0498652 0.0462603 0.0506909 0.1277132 0.0728925 0.0660424 0.0441973 0.0131914 0.0222921 0.0516037 0.0108764 0.1427370 0.0686609 0.0910493 0.0521322 0.0798698 0.0761398 0.0392954 0.0389400 0.0791581 0.0910067 0.1244146 0.0200172 0.0413718 0.0725578 0.0626722 0.0249938 0.0871970 0.0656615 0.0797294 0.0286365 0.0812446 0.0606979 0.0637359 0.0756962 0.0922344 0.0936470 0.0666525 0.0545640 0.0518416 0.0682122 0.0813253 0.0366201 0.0320308 0.0686224 0.0693347 0.0801230 0.0316410 0.0641292 0.1003493 0.0361073 0.0268776 0.1113109 0.0605767 0.0628144 0.1309297 0.0800518 0.0661422 0.0630924 0.0657596 0.0762437 
S0558         0.4331487 0.3941674 0.4903284 0.0952192 0.0318187 0.0769996 0.2214426 0.0655823 0.0977619 0.1140852 0.0628035 0.0923074 0.0763223 0.0691236 0.0790707 0.1029319 0.0855039 0.1151642 0.0952745 0.0910001 0.0768001 0.1048912 0.0910178 0.0601234 0.0573506 0.0868527 0.0708963 0.0880061 0.0740416 0.0918720 0.0804530 0.0879976 0.0784945 0.0000000 0.0913897 0.0881851 0.0682437 0.0581815 0.1003884 0.0923621 0.0595880 0.0606152 0.0818308 0.0940662 0.1333686 0.0553342 0.0948285 0.0629696 0.0914584 0.0740416 0.0704380 0.0822304 0.0742331 0.1109401 0.0825305 0.1323080 0.1109727 0.0676642 0.0907382 0.0931545 0.1043616 0.1364275 0.0962837 0.1254211 0.0917329 0.1388656 0.0960641 0.1299634 0.1227349 0.1089822 0.1078523 0.1354900 0.1374030 0.1097248 0.1022620 0.0979212 0.1104172 0.0601349 0.0739758 0.1327442 0.0575192 0.0683600 0.0859826 0.0826341 0.0598873 0.0653680 0.0944870 0.0928305 0.0956198 0.0905007 0.0800261 0.0769757 0.0547932 0.1204681 0.0923792 0.0815865 0.0626503 0.0609146 0.0678575 0.0953985 0.0558191 0.1007806 0.0925454 0.0873237 0.1268553 0.0555475 0.0881561 0.1588347 0.0944995 0.0652514 0.0549304 0.0885563 0.0765751 
