119
CRNC          0.0000000 0.3804388 0.5123961 0.4414154 0.3314280 0.4155423 0.4164285 0.4383560 0.6331769 0.4452940 0.3733352 0.4500731 0.4684214 0.4359456 0.4603327 0.4474865 0.4827503 0.3787749 0.4507146 0.4538339 0.4135008 0.4719145 0.4422223 0.3958791 0.4312262 0.4460089 0.4756988 0.4671578 0.4140767 0.3952284 0.4465330 0.4863600 0.3822814 0.4119525 0.3879305 0.4290703 0.3786667 0.5095726 0.4136825 0.5002966 0.4456145 0.4769824 0.4586583 0.5312572 0.3816293 0.4222279 0.4056053 0.4705321 0.4152715 0.4008277 0.4247431 0.4261287 0.4063753 0.4476408 0.4074533 0.4125738 0.3980208 0.4164171 0.4747350 0.4329639 0.4893992 0.4645445 0.4136681 0.4685533 0.3967408 0.3994544 0.4508089 0.4123077 0.4083057 0.2983178 0.4143965 0.4624326 0.4627954 0.3388056 0.3882139 0.3888302 0.3909141 0.4318527 0.4060906 0.4729530 1.6844254 0.4670343 0.4384462 0.4102389 0.4376431 0.4076592 0.4692061 0.4367642 0.4406085 0.4535036 0.4375489 0.4887338 0.3925013 0.3870140 0.4405360 0.3769248 0.3555401 0.3951148 0.4482917 0.4141897 0.4364618 0.3968751 0.4333249 0.4259987 0.4820315 0.4486577 0.4687748 0.4959141 0.4382694 0.4133602 0.4198761 0.4411082 0.4089703 0.4356292 0.4158506 0.5102492 0.4510117 0.4209777 0.4339307 
HYZL          0.3804388 0.0000000 0.2745151 0.4212031 0.3679272 0.3815811 0.3358771 0.3690264 0.5701108 0.4160711 0.3708095 0.3754737 0.4163651 0.4167918 0.4091822 0.3724893 0.4201662 0.3738510 0.4213285 0.4033781 0.3600054 0.4266816 0.4172218 0.3824404 0.4182970 0.3604216 0.3984435 0.4856987 0.3845451 0.3436137 0.3961646 0.4427553 0.3483848 0.4295514 0.3907006 0.4009945 0.3423945 0.4285897 0.3970443 0.4054118 0.3718651 0.4253393 0.3904479 0.4989384 0.3662365 0.3437873 0.3500623 0.4329035 0.4028949 0.3903971 0.3518766 0.3988402 0.3336071 0.3671519 0.3406333 0.3452385 0.3932063 0.3559034 0.3923858 0.3935074 0.4669026 0.4200095 0.4127405 0.3982331 0.3848998 0.4138544 0.4028275 0.3793363 0.3918998 0.3889086 0.3523457 0.4569581 0.3693231 0.4150968 0.3416660 0.3792408 0.3864461 0.4161856 0.3352471 0.4521440 1.6844254 0.3919581 0.4557511 0.3510311 0.3829114 0.4207249 0.4293495 0.3740497 0.3844951 0.3906159 0.4015575 0.4575126 0.4027327 0.3403945 0.3826060 0.3195173 0.3516337 0.4015499 0.3692530 0.3704127 0.4202514 0.4004409 0.3718906 0.3657358 0.3898030 0.4070171 0.3684692 0.4280004 0.4173249 0.4175198 0.3799920 0.3691070 0.3319060 0.4075172 0.3535554 0.4540171 0.3759702 0.3686768 0.3841529 
MYZV          0.5123961 0.2745151 0.0000000 0.5279152 0.4815740 0.5357176 0.4611172 0.5224181 0.7187556 0.5236258 0.4823287 0.5374558 0.5643452 0.5551152 0.5329241 0.5298510 0.5651527 0.4880927 0.5893213 0.5402981 0.5191397 0.5651605 0.5673193 0.5270992 0.5709379 0.4909335 0.5063052 0.5291993 0.5071648 0.4553284 0.5472339 0.5478361 0.4977083 0.5595720 0.5130279 0.5276161 0.4485204 0.6145251 0.5303104 0.5275832 0.5004607 0.5610736 0.5323399 0.5817042 0.5313599 0.4528779 0.5152254 0.5590442 0.5117948 0.5059279 0.4876401 0.5097608 0.4693021 0.5403788 0.4706060 0.4653508 0.5003782 0.4546175 0.5303223 0.5079081 0.5346420 0.5506344 0.5420131 0.5284325 0.4954193 0.5294699 0.5229899 0.5041129 0.5080908 0.4001822 0.4678483 0.5554308 0.4881162 0.5367899 0.4463094 0.5233366 0.5124984 0.5328050 0.4673224 0.5816238 1.6844254 0.4869547 0.5994524 0.4449221 0.4633922 0.5413997 0.5581437 0.5179409 0.5050395 0.5594497 0.5307306 0.5443221 0.5371560 0.4788975 0.5310355 0.4477357 0.4566895 0.5188530 0.5070721 0.4792871 0.5710656 0.5519281 0.5148824 0.4852161 0.5446047 0.5465138 0.4725729 0.5566002 0.5466722 0.5485157 0.4889130 0.4869798 0.4736068 0.5237946 0.4694863 0.5594826 0.5399735 0.4882766 0.5234729 
SRR6441723    0.4414154 0.4212031 0.5279152 0.0000000 0.0326957 0.0806243 0.2737744 0.0744996 0.2025347 0.0818591 0.0660286 0.0778204 0.0904010 0.0315833 0.0983411 0.0645683 0.1071432 0.1033659 0.1210733 0.0846449 0.1137556 0.0786982 0.0305605 0.0866778 0.0952577 0.0698836 0.1028848 0.1183195 0.0753565 0.0616551 0.0963063 0.1068152 0.1001648 0.0710623 0.0935551 0.0988303 0.1031607 0.1438417 0.0745991 0.0847244 0.0784881 0.0844445 0.0901448 0.1398528 0.0750664 0.0794647 0.1092637 0.2079734 0.0833683 0.1120864 0.0701391 0.1091330 0.0616655 0.0770724 0.0586843 0.0612203 0.0858136 0.0740344 0.0980868 0.1337529 0.1324806 0.0963512 0.0428156 0.0813237 0.0951028 0.1070008 0.1008365 0.1027763 0.1019881 0.0704011 0.0812688 0.2415461 0.0725351 0.1168903 0.1220531 0.0762660 0.0796959 0.2209345 0.0668790 0.2209083 1.6844254 0.1005646 0.0458814 0.1040124 0.0864695 0.0499039 0.2112356 0.0730098 0.0698276 0.0564575 0.0749179 0.1315910 0.1251128 0.0679330 0.1027652 0.0833752 0.0885186 0.1342314 0.0669166 0.0950607 0.0335149 0.0349784 0.0727167 0.0734718 0.0724940 0.0503263 0.0811949 0.1021020 0.0260410 0.0334377 0.0969416 0.0592040 0.0669972 0.1047863 0.0867785 0.1461562 0.0836012 0.0875875 0.0614903 
ERR4210213    0.3314280 0.3679272 0.4815740 0.0326957 0.0000000 0.0532068 0.2636030 0.0683950 0.0545294 0.0849517 0.0778155 0.0614916 0.0676106 0.0128244 0.0553286 0.0693736 0.0879594 0.1098523 0.1459402 0.0683382 0.1160013 0.0609448 0.0248663 0.0392289 0.0628143 0.0538691 0.0781435 0.0798482 0.0479013 0.0540014 0.0696466 0.0360717 0.1058659 0.0672155 0.0819132 0.0693690 0.1046155 0.2510147 0.0616326 0.0606970 0.0619296 0.0687549 0.0609926 0.1143098 0.0614916 0.0995342 0.1087249 0.1400157 0.0956713 0.1263466 0.0532068 0.0890461 0.0540014 0.0614916 0.0540014 0.0613093 0.0779315 0.0911826 0.0618593 0.1069778 0.1228618 0.0768688 0.0392562 0.0713081 0.0799534 0.1102667 0.1125932 0.0888847 0.0790369 0.0736291 0.0888331 0.1897116 0.0704881 0.0998018 0.1302411 0.0844320 0.0857175 0.1626808 0.0540014 0.1466352 0.0000010 0.0893938 0.0531565 0.1090526 0.0892718 0.0252121 0.1480276 0.0622906 0.0621787 0.0553168 0.0406449 0.1228618 0.1034902 0.0682950 0.0839116 0.0831478 0.0958126 0.0991787 0.0538691 0.0965158 0.0121571 0.0134879 0.0700125 0.0699095 0.0533482 0.0318141 0.0810892 0.0695942 0.0251773 0.0319617 0.0884588 0.0542709 0.0540014 0.0613921 0.0967558 0.1237042 0.0614916 0.1263721 0.0461299 
ERR2789774    0.4155423 0.3815811 0.5357176 0.0806243 0.0532068 0.0000000 0.2426611 0.0504395 0.1914348 0.0948164 0.0581983 0.0389998 0.1045333 0.0737395 0.0520253 0.0419438 0.1159003 0.0882479 0.1107656 0.0919006 0.0966693 0.0920930 0.0823321 0.0540648 0.0542324 0.0252477 0.0910145 0.0812834 0.0892557 0.0486622 0.0792477 0.1078703 0.0908210 0.0840609 0.0762009 0.0615836 0.0870832 0.1329310 0.0854792 0.0442250 0.0343078 0.1003999 0.0874627 0.1419741 0.0343128 0.0725418 0.0992122 0.1545044 0.0483881 0.1019052 0.0171030 0.0928374 0.0486825 0.0367466 0.0460080 0.0483439 0.0660294 0.0674481 0.0801223 0.1282942 0.1277158 0.0899130 0.0685933 0.0935516 0.0679183 0.0884414 0.0817775 0.0842371 0.0836088 0.0434424 0.0634733 0.1911703 0.0767565 0.0942702 0.0937111 0.0662460 0.0750884 0.1654213 0.0561214 0.1671727 1.6844254 0.0673803 0.0935083 0.0842192 0.0539217 0.0845867 0.1627500 0.0297931 0.0393237 0.0826998 0.0886410 0.1333751 0.1197650 0.0683509 0.1036919 0.0699818 0.0768672 0.1063006 0.0251005 0.0777719 0.0920216 0.0696756 0.0296843 0.0277311 0.0540659 0.0638449 0.0573150 0.0950372 0.0639184 0.0704002 0.1016067 0.0301224 0.0558906 0.0909423 0.0660562 0.1474858 0.0387021 0.0641295 0.0208632 
PAFTOL_019361 0.4164285 0.3358771 0.4611172 0.2737744 0.2636030 0.2426611 0.0000000 0.2420163 0.2175895 0.2621364 0.2233936 0.2413238 0.2732664 0.2458439 0.2385122 0.2151419 0.2584883 0.2331975 0.2417761 0.2613164 0.2197180 0.2650316 0.2605496 0.2605592 0.2450446 0.2269010 0.2481709 0.2387512 0.2702788 0.1909465 0.2678602 0.2595629 0.2389938 0.2246104 0.2305199 0.2501371 0.2494963 0.3073651 0.2473988 0.2467225 0.2328505 0.2792965 0.2775804 0.3306866 0.2033334 0.2255206 0.2270880 0.2835398 0.2350036 0.2375978 0.2283399 0.2317375 0.1928806 0.2350402 0.1928806 0.1969011 0.2199483 0.2272303 0.2817968 0.2437199 0.3029251 0.2718023 0.2462134 0.2826549 0.2255119 0.2452133 0.2075860 0.2382982 0.2275026 0.2328186 0.2104300 0.3071887 0.2473775 0.2119794 0.2579883 0.2300520 0.2410146 0.2772264 0.1940474 0.2948630 0.0000010 0.2401069 0.2785270 0.2107380 0.2319094 0.2592968 0.2951264 0.2336410 0.2525171 0.2122581 0.2599150 0.3077742 0.2402327 0.2131442 0.2726766 0.2295923 0.2260322 0.2405877 0.2317040 0.2400857 0.2956121 0.2286626 0.2206964 0.2130974 0.2517646 0.2568546 0.2464168 0.2709405 0.2531592 0.2633294 0.2600716 0.2334039 0.1980007 0.2640105 0.2235066 0.3169030 0.2363797 0.2199050 0.2280727 
S0055         0.4383560 0.3690264 0.5224181 0.0744996 0.0683950 0.0504395 0.2420163 0.0000000 0.1957190 0.0917770 0.0657578 0.0482704 0.0972748 0.0598655 0.0621122 0.0439429 0.1046405 0.0791840 0.0951702 0.0906859 0.0813166 0.0852522 0.0708572 0.0670518 0.0696023 0.0341050 0.0934919 0.0925982 0.0826299 0.0507913 0.0756741 0.1138795 0.0757386 0.0908245 0.0758966 0.0766119 0.0872457 0.1240496 0.0762867 0.0641738 0.0435923 0.0933283 0.0750662 0.1383176 0.0482844 0.0723017 0.0833946 0.1934382 0.0688137 0.0859992 0.0427745 0.0810249 0.0508102 0.0455148 0.0481190 0.0504589 0.0662374 0.0672238 0.0868747 0.1210361 0.1273533 0.0883413 0.0604656 0.0810251 0.0681412 0.0852090 0.0759150 0.0727829 0.0722413 0.0428527 0.0687354 0.2181275 0.0730754 0.1115527 0.1036030 0.0664553 0.0646365 0.1910613 0.0532596 0.1964822 1.6844254 0.0787151 0.0883349 0.0817173 0.0487807 0.0762693 0.1883503 0.0385355 0.0507985 0.0765109 0.0791183 0.1265303 0.1097598 0.0678090 0.0990459 0.0670776 0.0648065 0.1055449 0.0340191 0.0805329 0.0855420 0.0588467 0.0410198 0.0344332 0.0367532 0.0555166 0.0598787 0.0850355 0.0558965 0.0568921 0.1034096 0.0390832 0.0580331 0.1036454 0.0713684 0.1403228 0.0503539 0.0799353 0.0317248 
S0196sl       0.6331769 0.5701108 0.7187556 0.2025347 0.0545294 0.1914348 0.2175895 0.1957190 0.0000000 0.2305461 0.1900400 0.1899243 0.2442452 0.2109648 0.1887875 0.1965274 0.2620531 0.2487389 0.2826695 0.2356055 0.2723338 0.2158839 0.2055647 0.0577071 0.0659687 0.1700132 0.2534627 0.4290331 0.2375008 0.1474977 0.2486439 0.0859527 0.2470348 0.3702465 0.2104691 0.2511943 0.1883797 0.3439045 0.2381693 0.2109573 0.1971900 0.2303368 0.2222184 0.2825269 0.3236565 0.2077455 0.2665848 0.3315209 0.2198989 0.2641775 0.2046109 0.2270593 0.1385583 0.1852841 0.1434092 0.1471974 0.2058595 0.2029531 0.2345094 0.2563495 0.2719981 0.2382758 0.2206236 0.2299656 0.0488929 0.2277138 0.2267208 0.2190050 0.2169672 0.0494100 0.1786945 0.4106888 0.2057400 0.0785187 0.0741053 0.2096198 0.2062593 0.3398261 0.1556736 0.3655351 0.0000010 0.2179100 0.2316656 0.2147969 0.2116277 0.2232810 0.3468450 0.1831740 0.1958686 0.2059598 0.2284767 0.2815196 0.2522092 0.2622585 0.2315771 0.1796415 0.2197224 0.2178902 0.1774128 0.2161090 0.2176563 0.2132780 0.1873941 0.1785150 0.2060730 0.2147629 0.2203316 0.2412382 0.2060290 0.2139441 0.2546277 0.1862747 0.1560682 0.0812751 0.1825623 0.3071822 0.1901630 0.2006776 0.1840338 
S0278         0.4452940 0.4160711 0.5236258 0.0818591 0.0849517 0.0948164 0.2621364 0.0917770 0.2305461 0.0000000 0.0716500 0.0911339 0.0299557 0.0696058 0.1166191 0.0969735 0.0366865 0.0868334 0.1275748 0.0163827 0.0958253 0.0251647 0.0861034 0.0876890 0.0879360 0.0753419 0.0439388 0.0978235 0.0258508 0.0727963 0.0957466 0.0540868 0.0835184 0.0350467 0.0817379 0.1024352 0.0996505 0.1234635 0.0174363 0.1084365 0.0949519 0.0250886 0.0532217 0.0953931 0.0659917 0.0993223 0.0914686 0.1807118 0.0975338 0.0940913 0.0842176 0.0890483 0.0727926 0.0914665 0.0697469 0.0722860 0.0798242 0.0996951 0.0643805 0.1226083 0.0680186 0.0611025 0.0755025 0.0246247 0.0931295 0.0846966 0.0888650 0.0833409 0.0827248 0.0608735 0.0890433 0.1983552 0.0918353 0.1052034 0.1147679 0.0825539 0.0860099 0.1922570 0.0780273 0.1978938 1.6844254 0.0985054 0.1080513 0.0878791 0.0891878 0.0775764 0.1851204 0.0894106 0.0872319 0.0847928 0.0232995 0.0729842 0.1144138 0.0584452 0.0392490 0.0815154 0.0760080 0.1115606 0.0831076 0.0779136 0.0898822 0.0710935 0.0890582 0.0816090 0.0816487 0.0596294 0.1057991 0.0558731 0.0596275 0.0706128 0.0252382 0.0793378 0.0754963 0.0383142 0.0944718 0.0892158 0.1000498 0.1011977 0.0755262 
S0281         0.3733352 0.3708095 0.4823287 0.0660286 0.0778155 0.0581983 0.2233936 0.0657578 0.1900400 0.0716500 0.0000000 0.0602866 0.0866533 0.0547598 0.0644937 0.0619296 0.0964520 0.0838927 0.0991768 0.0720281 0.0839253 0.0721865 0.0824435 0.0533317 0.0734138 0.0480083 0.0841343 0.0836327 0.0686192 0.0381544 0.0672491 0.0895888 0.0717819 0.0613434 0.0439033 0.0836996 0.0661520 0.1066887 0.0681370 0.0699651 0.0554602 0.0776498 0.0814920 0.1161859 0.0560817 0.0515227 0.0794191 0.1586270 0.0585119 0.0823252 0.0499279 0.0593278 0.0381791 0.0578254 0.0355636 0.0379030 0.0406239 0.0413822 0.0793841 0.1002966 0.0999978 0.0839781 0.0606748 0.0775772 0.0650007 0.0548972 0.0625054 0.0514171 0.0510177 0.0499628 0.0407189 0.1774887 0.0577131 0.1012277 0.0891639 0.0405546 0.0433809 0.1735079 0.0405721 0.1726917 1.6844254 0.0591724 0.0984939 0.0841170 0.0660765 0.0577361 0.1664247 0.0531969 0.0587628 0.0750389 0.0682728 0.0993529 0.0962302 0.0621946 0.0809443 0.0526804 0.0612466 0.0992768 0.0477101 0.0631454 0.0781492 0.0556066 0.0529907 0.0484568 0.0614422 0.0660327 0.0730070 0.0810064 0.0502337 0.0589064 0.0812618 0.0435715 0.0453907 0.0741893 0.0455421 0.1097156 0.0630994 0.0510713 0.0432281 
S0282         0.4500731 0.3754737 0.5374558 0.0778204 0.0614916 0.0389998 0.2413238 0.0482704 0.1899243 0.0911339 0.0602866 0.0000000 0.0940976 0.0736286 0.0221410 0.0302379 0.1091575 0.0763159 0.1038989 0.0857319 0.0872514 0.0832149 0.0822141 0.0612377 0.0300122 0.0186308 0.0857962 0.1014143 0.0853560 0.0513801 0.0672439 0.1183029 0.0784839 0.0754142 0.0785348 0.0806611 0.0865470 0.1248360 0.0851585 0.0496329 0.0230802 0.0909479 0.0781603 0.1482407 0.0028873 0.0727100 0.0895050 0.1751088 0.0642302 0.0921413 0.0286580 0.0835209 0.0513991 0.0122109 0.0486751 0.0510406 0.0638211 0.0676034 0.0733784 0.1278725 0.1369451 0.0769732 0.0737819 0.0931951 0.0717515 0.0879345 0.0763641 0.0752335 0.0746761 0.0317995 0.0688034 0.2005225 0.0710002 0.0940893 0.0980797 0.0639004 0.0670406 0.1773544 0.0563666 0.1747168 1.6844254 0.0678005 0.0967648 0.0812202 0.0467671 0.0899944 0.1694699 0.0165937 0.0489444 0.0822372 0.0845200 0.1390012 0.1124652 0.0710961 0.1002265 0.0669310 0.0675846 0.1049729 0.0143271 0.0777362 0.0918920 0.0669051 0.0165336 0.0210315 0.0547669 0.0689766 0.0550699 0.0882318 0.0638215 0.0702942 0.0951530 0.0349787 0.0587014 0.0899072 0.0714388 0.1571513 0.0164475 0.0745673 0.0277701 
S0289         0.4684214 0.4163651 0.5643452 0.0904010 0.0676106 0.1045333 0.2732664 0.0972748 0.2442452 0.0299557 0.0866533 0.0940976 0.0000000 0.0746790 0.1247546 0.1000768 0.0391858 0.0763011 0.1120590 0.0187874 0.0818874 0.0297305 0.0828002 0.0730707 0.0955635 0.0843537 0.0348627 0.1214771 0.0258727 0.0810373 0.0937592 0.0610663 0.0672857 0.0313756 0.1006185 0.1093484 0.1044304 0.1034404 0.0270865 0.1052122 0.1020122 0.0273744 0.0517064 0.1077171 0.0671457 0.1060748 0.0774775 0.1798038 0.1173033 0.0800491 0.0909687 0.1122888 0.0810212 0.0974061 0.0778599 0.0804588 0.0949511 0.1064754 0.0598686 0.1373492 0.0875173 0.0512442 0.0839233 0.0322113 0.0863518 0.1105579 0.1072794 0.1060236 0.1052298 0.0752048 0.1048409 0.2025153 0.0947334 0.1053275 0.1216921 0.0952307 0.0989493 0.1958352 0.0863934 0.1948244 1.6844254 0.1062720 0.1138702 0.0919586 0.0960195 0.0916664 0.1791113 0.0963109 0.0959181 0.0930359 0.0280096 0.0840900 0.1064425 0.0554578 0.0420530 0.0855032 0.0626436 0.1035258 0.0897711 0.0881566 0.0918094 0.0770637 0.0959247 0.0883147 0.0844749 0.0776491 0.1063584 0.0611052 0.0672811 0.0759809 0.0302950 0.0794766 0.0838012 0.0248125 0.1105643 0.1012442 0.1072265 0.1178029 0.0786154 
S0292         0.4359456 0.4167918 0.5551152 0.0315833 0.0128244 0.0737395 0.2458439 0.0598655 0.2109648 0.0696058 0.0547598 0.0736286 0.0746790 0.0000000 0.0817834 0.0663193 0.0847235 0.0866804 0.1072459 0.0692777 0.0955966 0.0640012 0.0349854 0.0775720 0.0889128 0.0606954 0.0781642 0.1020120 0.0604501 0.0582118 0.0751897 0.1041879 0.0830119 0.0504825 0.0665726 0.0856691 0.0952551 0.1226202 0.0620682 0.0827263 0.0716342 0.0718686 0.0721970 0.1189004 0.0576823 0.0783649 0.0914324 0.1849015 0.0853682 0.0939278 0.0608475 0.0838603 0.0582260 0.0653005 0.0553297 0.0578101 0.0634356 0.0730147 0.0794646 0.1237656 0.1088613 0.0836609 0.0326981 0.0687731 0.0790367 0.0755126 0.0820047 0.0780718 0.0774760 0.0589167 0.0751281 0.2139429 0.0681483 0.0950274 0.1181692 0.0680195 0.0712951 0.1920140 0.0633191 0.1903830 1.6844254 0.0904549 0.0558407 0.0969519 0.0768439 0.0236936 0.1846141 0.0663469 0.0634406 0.0453574 0.0570603 0.1081555 0.1148422 0.0445954 0.0834053 0.0803942 0.0722522 0.1149887 0.0605184 0.0829526 0.0404770 0.0106837 0.0660863 0.0614805 0.0634887 0.0350569 0.0750789 0.0775540 0.0146778 0.0104664 0.0813530 0.0482797 0.0634332 0.0752292 0.0805060 0.1248659 0.0738441 0.0837484 0.0527320 
S0293         0.4603327 0.4091822 0.5329241 0.0983411 0.0553286 0.0520253 0.2385122 0.0621122 0.1887875 0.1166191 0.0644937 0.0221410 0.1247546 0.0817834 0.0000000 0.0449103 0.1373481 0.1034200 0.1277873 0.1104954 0.1133764 0.1042619 0.0942183 0.0546361 0.0349433 0.0316353 0.1015848 0.1173626 0.1116615 0.0684219 0.0875911 0.1146335 0.1069189 0.0972990 0.0930307 0.0985830 0.1160999 0.1590963 0.1078832 0.0548424 0.0366693 0.1166636 0.0953303 0.1606060 0.0233411 0.0903870 0.1166131 0.2080852 0.0801243 0.1192752 0.0438268 0.1017913 0.0685595 0.0244100 0.0654194 0.0680565 0.0741686 0.0846812 0.0897945 0.1407681 0.1518323 0.0979380 0.0878659 0.1165562 0.0725351 0.1029045 0.0907021 0.0924927 0.0917693 0.0264429 0.0825604 0.2407106 0.0845328 0.0931234 0.1080715 0.0792980 0.0828940 0.2142871 0.0741538 0.2161073 1.6844254 0.0777959 0.1135689 0.0968799 0.0608434 0.1029474 0.2064639 0.0270343 0.0574657 0.0996881 0.1107969 0.1580922 0.1144310 0.0924759 0.1271398 0.0928646 0.0880871 0.1234051 0.0267901 0.0895302 0.1111835 0.0778388 0.0269287 0.0317874 0.0697385 0.0825965 0.0703309 0.1011193 0.0768889 0.0787160 0.1083228 0.0449221 0.0767282 0.0905775 0.0854917 0.1702966 0.0291573 0.0890539 0.0394888 
S0294         0.4474865 0.3724893 0.5298510 0.0645683 0.0693736 0.0419438 0.2151419 0.0439429 0.1965274 0.0969735 0.0619296 0.0302379 0.1000768 0.0663193 0.0449103 0.0000000 0.1114467 0.0829908 0.0962010 0.0875028 0.0882016 0.0876895 0.0724389 0.0619781 0.0334814 0.0188700 0.0901606 0.0942368 0.0881985 0.0418965 0.0826574 0.1177055 0.0824574 0.0796615 0.0800040 0.0676078 0.0856047 0.1263541 0.0810493 0.0479456 0.0278922 0.0959909 0.0788929 0.1459452 0.0214841 0.0631383 0.0905043 0.1831023 0.0593806 0.0903678 0.0339991 0.0878450 0.0419198 0.0277299 0.0393144 0.0416245 0.0674199 0.0607648 0.0803622 0.1303740 0.1378828 0.0815095 0.0694160 0.0890375 0.0789274 0.0896076 0.0833545 0.0793226 0.0787265 0.0265539 0.0569246 0.1997142 0.0645313 0.1050808 0.0994132 0.0702455 0.0733792 0.1882392 0.0492441 0.1827747 1.6844254 0.0695861 0.0868173 0.0891507 0.0449826 0.0887912 0.1773087 0.0212082 0.0523276 0.0775665 0.0844874 0.1403268 0.1147749 0.0751559 0.1023187 0.0711716 0.0711588 0.1166205 0.0188305 0.0792216 0.0818063 0.0654167 0.0211301 0.0258102 0.0496999 0.0643612 0.0530170 0.0870909 0.0543187 0.0631819 0.0973487 0.0377134 0.0418678 0.0993473 0.0594885 0.1550133 0.0300050 0.0624693 0.0279448 
S0299         0.4827503 0.4201662 0.5651527 0.1071432 0.0879594 0.1159003 0.2584883 0.1046405 0.2620531 0.0366865 0.0964520 0.1091575 0.0391858 0.0847235 0.1373481 0.1114467 0.0000000 0.1051625 0.1370043 0.0274769 0.1046551 0.0344960 0.1005886 0.0910403 0.0985866 0.0951661 0.0487310 0.1126946 0.0357369 0.0901997 0.1169309 0.0707262 0.0960225 0.0533552 0.1002688 0.1090112 0.1142761 0.1389764 0.0269421 0.1206721 0.1133446 0.0343898 0.0617005 0.1248090 0.0783678 0.1150591 0.1043782 0.1812786 0.1169364 0.1072983 0.1055177 0.1051949 0.0901680 0.1084772 0.0868627 0.0895401 0.0950765 0.1154932 0.0759925 0.1318416 0.1007158 0.0775211 0.0956818 0.0449343 0.0864112 0.1034504 0.1044738 0.0991092 0.0983712 0.0548494 0.1076674 0.2096617 0.0948578 0.1134821 0.1133060 0.0927470 0.0964306 0.1884819 0.0903148 0.1917752 1.6844254 0.1153311 0.1238224 0.0985698 0.1102796 0.0962836 0.1824255 0.1074994 0.1070644 0.0927588 0.0329252 0.1000790 0.1357488 0.0561551 0.0517545 0.1041676 0.0913053 0.1329715 0.1007044 0.0913842 0.1023812 0.0896919 0.1037261 0.0964030 0.0938095 0.0829235 0.1283726 0.0614199 0.0819795 0.0940590 0.0417224 0.0907010 0.0930464 0.0443767 0.1102241 0.1144729 0.1186430 0.1237517 0.0892388 
S0303         0.3787749 0.3738510 0.4880927 0.1033659 0.1098523 0.0882479 0.2331975 0.0791840 0.2487389 0.0868334 0.0838927 0.0763159 0.0763011 0.0866804 0.1034200 0.0829908 0.1051625 0.0000000 0.0734602 0.0784118 0.0215742 0.0757385 0.0984295 0.0915152 0.0909754 0.0663091 0.0845980 0.1181876 0.0777944 0.0657088 0.0827796 0.1091820 0.0083155 0.0846446 0.0937720 0.1065188 0.0757111 0.0456904 0.0804762 0.0990314 0.0831354 0.0779569 0.0762924 0.1571439 0.0648309 0.0925712 0.0173358 0.1967366 0.1084264 0.0171955 0.0748540 0.1028543 0.0657145 0.0814914 0.0627333 0.0652500 0.0958469 0.0897202 0.0891224 0.1130054 0.1386559 0.0876103 0.0844279 0.0843970 0.0672942 0.1038570 0.1040730 0.0975810 0.0968460 0.1011672 0.0975689 0.2242868 0.0922548 0.0661570 0.1133132 0.0903491 0.0876330 0.2001505 0.0708922 0.2064667 1.6844254 0.1044625 0.1280853 0.0670002 0.0739668 0.0981760 0.1936315 0.0747199 0.0794276 0.0988222 0.0775516 0.1377405 0.0480733 0.0727119 0.1020972 0.0709106 0.0041600 0.0332676 0.0715324 0.0755504 0.1053796 0.0895020 0.0744240 0.0668534 0.0822535 0.0759001 0.0831665 0.0927336 0.0759904 0.0830243 0.0843924 0.0691891 0.0708624 0.0827314 0.1032506 0.1628316 0.0880443 0.1065207 0.0661976 
S0308         0.4507146 0.4213285 0.5893213 0.1210733 0.1459402 0.1107656 0.2417761 0.0951702 0.2826695 0.1275748 0.0991768 0.1038989 0.1120590 0.1072459 0.1277873 0.0962010 0.1370043 0.0734602 0.0000000 0.1117221 0.0729406 0.1087461 0.1076371 0.1085690 0.1127859 0.0960057 0.1209975 0.1407215 0.0991683 0.0840044 0.1076082 0.1273682 0.0674911 0.1016571 0.1078271 0.1282088 0.0988941 0.1035180 0.1084900 0.1248348 0.1055071 0.1203178 0.1289328 0.1926979 0.0874805 0.1184514 0.0716506 0.2309232 0.1133546 0.0741321 0.0978990 0.1207224 0.0839837 0.1060990 0.0807727 0.0833989 0.1042586 0.1126118 0.1215061 0.1375424 0.1656443 0.1382507 0.0981403 0.1135300 0.0754308 0.1219061 0.1272528 0.1150574 0.1171671 0.1367895 0.1016799 0.2764917 0.1093362 0.1034896 0.1163988 0.1008751 0.1041530 0.2299627 0.0894180 0.2439521 1.6844254 0.1118063 0.1328416 0.0990080 0.1073090 0.1096771 0.2342427 0.1022086 0.0930666 0.1048137 0.1115465 0.1645045 0.1060852 0.1232630 0.1337326 0.0806229 0.0624902 0.0967078 0.0956958 0.1041664 0.1337942 0.1037101 0.1017958 0.0942876 0.1022248 0.1042911 0.0983061 0.1181550 0.1013116 0.1031632 0.1253408 0.0795755 0.0921284 0.1227568 0.1017872 0.1869522 0.1132874 0.1083237 0.0873881 
S0320         0.4538339 0.4033781 0.5402981 0.0846449 0.0683382 0.0919006 0.2613164 0.0906859 0.2356055 0.0163827 0.0720281 0.0857319 0.0187874 0.0692777 0.1104954 0.0875028 0.0274769 0.0784118 0.1117221 0.0000000 0.0811271 0.0185174 0.0825696 0.0734840 0.0805957 0.0726023 0.0275924 0.1031918 0.0191537 0.0697841 0.0888732 0.0511799 0.0694445 0.0248169 0.0879330 0.0971886 0.1034961 0.1096905 0.0152210 0.1026673 0.0894509 0.0184609 0.0436258 0.1016941 0.0588552 0.0966543 0.0767493 0.1796087 0.0985472 0.0792978 0.0813992 0.0927501 0.0697839 0.0851935 0.0667918 0.0692999 0.0831610 0.0970178 0.0515681 0.1234426 0.0792545 0.0535104 0.0784727 0.0246728 0.0860290 0.0909711 0.0947054 0.0869320 0.0862859 0.0617021 0.0868332 0.2067826 0.0802063 0.0935498 0.1138175 0.0808754 0.0843386 0.1909518 0.0749502 0.1966817 1.6844254 0.0964593 0.1078828 0.0849837 0.0866074 0.0861191 0.1839834 0.0839855 0.0836433 0.0812365 0.0167440 0.0787699 0.1054326 0.0520075 0.0253747 0.0818478 0.0648265 0.1057171 0.0778118 0.0784957 0.0862523 0.0714779 0.0836552 0.0762675 0.0676388 0.0639280 0.1030836 0.0531399 0.0569702 0.0732194 0.0144659 0.0707312 0.0724511 0.0222426 0.0922586 0.0953554 0.0945021 0.0989627 0.0671421 
S0322         0.4135008 0.3600054 0.5191397 0.1137556 0.1160013 0.0966693 0.2197180 0.0813166 0.2723338 0.0958253 0.0839253 0.0872514 0.0818874 0.0955966 0.1133764 0.0882016 0.1046551 0.0215742 0.0729406 0.0811271 0.0000000 0.0783537 0.0992474 0.0868563 0.0896879 0.0736787 0.0897602 0.1074312 0.0863996 0.0735683 0.0883771 0.1060601 0.0128282 0.0885777 0.0903654 0.1158992 0.0782477 0.0409361 0.0833775 0.1081334 0.0913457 0.0865701 0.0849024 0.1510562 0.0667959 0.0882240 0.0063313 0.2090166 0.1047427 0.0130574 0.0826919 0.0995590 0.0735630 0.0895005 0.0703823 0.0730302 0.0924903 0.0854298 0.0983452 0.1173823 0.1476991 0.1000299 0.0925957 0.0873542 0.0563460 0.1005501 0.1098175 0.0942033 0.0934770 0.0906965 0.0903355 0.2430244 0.0892196 0.0654002 0.0952126 0.0869177 0.0906025 0.2081084 0.0763234 0.2195956 1.6844254 0.1011509 0.1200246 0.0726873 0.0874916 0.1078193 0.2057749 0.0854373 0.0840795 0.0949538 0.0832809 0.1466847 0.0492110 0.0745793 0.1059669 0.0759580 0.0108824 0.0394786 0.0791331 0.0785862 0.1119357 0.0944922 0.0850872 0.0775322 0.0871247 0.0901331 0.0941403 0.1020888 0.0843805 0.0919441 0.0904727 0.0735311 0.0789878 0.0826513 0.0933018 0.1545400 0.0934451 0.0965177 0.0735458 
S0327         0.4719145 0.4266816 0.5651605 0.0786982 0.0609448 0.0920930 0.2650316 0.0852522 0.2158839 0.0251647 0.0721865 0.0832149 0.0297305 0.0640012 0.1042619 0.0876895 0.0344960 0.0757385 0.1087461 0.0185174 0.0783537 0.0000000 0.0748228 0.0737527 0.0808880 0.0727577 0.0343544 0.1078138 0.0193180 0.0620278 0.0890603 0.0454933 0.0667818 0.0244681 0.0858939 0.1037101 0.0975515 0.1032268 0.0198630 0.1028851 0.0896400 0.0206379 0.0457866 0.1043335 0.0627468 0.0909998 0.0711503 0.1791944 0.0987552 0.0765066 0.0815783 0.0849860 0.0646398 0.0853720 0.0617147 0.0641896 0.0778089 0.0913423 0.0535728 0.1104621 0.0817835 0.0552577 0.0783010 0.0223715 0.0766449 0.0831683 0.0890378 0.0792791 0.0786840 0.0556702 0.0870176 0.2019234 0.0776188 0.0874851 0.1069395 0.0753841 0.0787531 0.1830575 0.0670848 0.1887380 1.6844254 0.0975089 0.0994528 0.0756506 0.0867909 0.0807125 0.1762232 0.0841641 0.0838208 0.0758746 0.0190277 0.0812833 0.0994962 0.0551378 0.0368713 0.0736241 0.0621709 0.1027160 0.0779761 0.0699177 0.0810391 0.0660243 0.0838327 0.0764319 0.0677851 0.0671641 0.1033028 0.0554470 0.0570944 0.0679745 0.0344601 0.0708845 0.0672631 0.0274645 0.0924535 0.0979528 0.0947001 0.0991721 0.0672866 
S0335         0.4422223 0.4172218 0.5673193 0.0305605 0.0248663 0.0823321 0.2605496 0.0708572 0.2055647 0.0861034 0.0824435 0.0822141 0.0828002 0.0349854 0.0942183 0.0724389 0.1005886 0.0984295 0.1076371 0.0825696 0.0992474 0.0748228 0.0000000 0.0880862 0.0959805 0.0692880 0.0913181 0.1161296 0.0717277 0.0694988 0.0913901 0.1156428 0.0952807 0.0741973 0.0980767 0.0995644 0.1053273 0.1360758 0.0733118 0.0840871 0.0751404 0.0796499 0.0856525 0.1490932 0.0702389 0.0928890 0.1037774 0.1962610 0.1027738 0.1064601 0.0696379 0.1076481 0.0694999 0.0764304 0.0665179 0.0690180 0.0793507 0.0874681 0.0932576 0.1449221 0.1384901 0.0972725 0.0505359 0.0810077 0.0895471 0.1087674 0.1050157 0.1070766 0.1062857 0.0694662 0.0922016 0.2414903 0.0742242 0.1242151 0.1216792 0.0874127 0.0909342 0.2004901 0.0746489 0.2084714 1.6844254 0.1025096 0.0412885 0.1095181 0.0886619 0.0553907 0.1993239 0.0749902 0.0720508 0.0615463 0.0763957 0.1375919 0.1216459 0.0611766 0.0997060 0.0872286 0.0842215 0.1274093 0.0690850 0.0974031 0.0340075 0.0359431 0.0747005 0.0701662 0.0742199 0.0527974 0.0869867 0.0990911 0.0340206 0.0367252 0.0947849 0.0617581 0.0747678 0.1010351 0.0978874 0.1484358 0.0852091 0.1047412 0.0612590 
S0376         0.3958791 0.3824404 0.5270992 0.0866778 0.0392289 0.0540648 0.2605592 0.0670518 0.0577071 0.0876890 0.0533317 0.0612377 0.0730707 0.0775720 0.0546361 0.0619781 0.0910403 0.0915152 0.1085690 0.0734840 0.0868563 0.0737527 0.0880862 0.0000000 0.0687048 0.0479145 0.0761275 0.0564026 0.0700897 0.0487331 0.0545144 0.0741300 0.0872848 0.0594142 0.0800751 0.0852939 0.1058769 0.1392494 0.0764289 0.0574497 0.0644169 0.0836312 0.0890500 0.1207172 0.0411800 0.0654479 0.0896427 0.1433922 0.0744765 0.0884705 0.0466237 0.0904768 0.0514458 0.0545424 0.0514458 0.0545102 0.0539925 0.0690070 0.0831103 0.1184045 0.1162929 0.0883262 0.0771271 0.0877251 0.0718029 0.0923191 0.0795704 0.0834557 0.0793439 0.0264967 0.0579625 0.1678052 0.0611211 0.0790379 0.0950840 0.0638854 0.0751248 0.1443019 0.0546351 0.1550260 0.0000010 0.0684143 0.0922137 0.0818225 0.0645699 0.0846712 0.1472767 0.0580031 0.0513809 0.0930495 0.0798171 0.1199804 0.0878444 0.0599466 0.0916250 0.0751506 0.0764525 0.0899935 0.0510600 0.0855521 0.0930783 0.0721025 0.0577228 0.0487197 0.0551168 0.0709723 0.0685628 0.0777965 0.0643432 0.0785640 0.0923988 0.0418257 0.0579600 0.0779833 0.0612345 0.1281150 0.0576116 0.0715115 0.0452035 
S0400         0.4312262 0.4182970 0.5709379 0.0952577 0.0628143 0.0542324 0.2450446 0.0696023 0.0659687 0.0879360 0.0734138 0.0300122 0.0955635 0.0889128 0.0349433 0.0334814 0.0985866 0.0909754 0.1127859 0.0805957 0.0896879 0.0808880 0.0959805 0.0687048 0.0000000 0.0268344 0.0875575 0.0672201 0.0848411 0.0548998 0.0794778 0.0853104 0.0901302 0.0906514 0.0988132 0.0854039 0.1153073 0.1386586 0.0838733 0.0585866 0.0418013 0.0909763 0.0846816 0.1479121 0.0156998 0.0789751 0.0964714 0.1550212 0.0784781 0.1042387 0.0433654 0.1007228 0.0543983 0.0299176 0.0543983 0.0574765 0.0679772 0.0829278 0.0787054 0.1491764 0.1517551 0.0874097 0.0879888 0.0918658 0.0896256 0.1076619 0.0834632 0.0935544 0.0892988 0.0386083 0.0713842 0.1698572 0.0678295 0.0956894 0.1039211 0.0821214 0.0900956 0.1568897 0.0576828 0.1649054 0.0000010 0.0832577 0.1084595 0.1023718 0.0616683 0.1033210 0.1569818 0.0329653 0.0679920 0.0927968 0.0836779 0.1557713 0.0914243 0.0871874 0.0992230 0.0907196 0.0788856 0.0928447 0.0297076 0.1018125 0.0967493 0.0793641 0.0328106 0.0360279 0.0653022 0.0816726 0.0801106 0.0839608 0.0748060 0.0896237 0.0926543 0.0547214 0.0578130 0.0852922 0.0748103 0.1605635 0.0386859 0.0856086 0.0451184 
S0405         0.4460089 0.3604216 0.4909335 0.0698836 0.0538691 0.0252477 0.2269010 0.0341050 0.1700132 0.0753419 0.0480083 0.0186308 0.0843537 0.0606954 0.0316353 0.0188700 0.0951661 0.0663091 0.0960057 0.0726023 0.0736787 0.0727577 0.0692880 0.0479145 0.0268344 0.0000000 0.0751292 0.0815078 0.0753994 0.0367472 0.0654534 0.1006931 0.0681773 0.0719847 0.0655156 0.0616593 0.0790465 0.1089279 0.0685491 0.0348943 0.0122708 0.0806356 0.0650671 0.1231604 0.0119690 0.0569247 0.0755551 0.1658673 0.0537650 0.0781424 0.0216733 0.0730175 0.0367711 0.0165222 0.0342623 0.0365139 0.0563310 0.0571364 0.0631093 0.1131420 0.1126438 0.0700763 0.0611996 0.0758943 0.0623117 0.0744662 0.0709072 0.0649749 0.0644885 0.0261817 0.0509681 0.1855350 0.0535018 0.0938902 0.0844817 0.0588789 0.0619391 0.1706372 0.0438851 0.1688166 1.6844254 0.0600944 0.0859539 0.0674775 0.0324364 0.0768849 0.1608335 0.0101648 0.0394830 0.0693057 0.0719963 0.1181718 0.0949494 0.0590116 0.0865448 0.0596850 0.0547260 0.0912132 0.0039900 0.0646016 0.0812568 0.0565687 0.0101283 0.0102285 0.0397463 0.0514793 0.0450083 0.0722506 0.0465913 0.0575952 0.0815642 0.0256680 0.0437069 0.0777569 0.0534416 0.1317087 0.0184908 0.0588359 0.0166206 
S0407sl       0.4756988 0.3984435 0.5063052 0.1028848 0.0781435 0.0910145 0.2481709 0.0934919 0.2534627 0.0439388 0.0841343 0.0857962 0.0348627 0.0781642 0.1015848 0.0901606 0.0487310 0.0845980 0.1209975 0.0275924 0.0897602 0.0343544 0.0913181 0.0761275 0.0875575 0.0751292 0.0000000 0.1075600 0.0332361 0.0839932 0.0927793 0.0736835 0.0814481 0.0492921 0.1003052 0.1062357 0.1007588 0.1213519 0.0342024 0.1054417 0.0921008 0.0389110 0.0568113 0.1121494 0.0555701 0.1026379 0.0893577 0.1719949 0.1036284 0.0919876 0.0781233 0.1085529 0.0839723 0.0852571 0.0807657 0.0833892 0.0801681 0.1030242 0.0574449 0.1336059 0.0915364 0.0668035 0.0890251 0.0397752 0.0886604 0.1068167 0.1006987 0.1023910 0.1016275 0.0673910 0.0898121 0.1946456 0.0899999 0.0999332 0.1131063 0.0918100 0.0991134 0.1792749 0.0895752 0.1887773 1.6844254 0.1024304 0.1183599 0.0816318 0.0894129 0.0953538 0.1764360 0.0809913 0.0889780 0.0949960 0.0376835 0.0909656 0.1192943 0.0617793 0.0467836 0.0825243 0.0767569 0.1196119 0.0803678 0.0821883 0.1038554 0.0774026 0.0806750 0.0758748 0.0789681 0.0780717 0.1022713 0.0614249 0.0702482 0.0794298 0.0302286 0.0733660 0.0867823 0.0253641 0.0980999 0.1022397 0.0971726 0.1049674 0.0696266 
S0412sl       0.4671578 0.4856987 0.5291993 0.1183195 0.0798482 0.0812834 0.2387512 0.0925982 0.4290331 0.0978235 0.0836327 0.1014143 0.1214771 0.1020120 0.1173626 0.0942368 0.1126946 0.1181876 0.1407215 0.1031918 0.1074312 0.1078138 0.1161296 0.0564026 0.0672201 0.0815078 0.1075600 0.0000000 0.0935094 0.0827835 0.1144318 0.1237994 0.1147833 0.0911211 0.0947233 0.0735311 0.1130770 0.1766191 0.0845669 0.1064887 0.0972274 0.1159167 0.1088509 0.1512212 0.0681253 0.1056990 0.1065149 0.2121909 0.0655471 0.1255003 0.0705555 0.1018842 0.0914311 0.1024222 0.0866719 0.0905193 0.0814803 0.0937809 0.1164111 0.1419766 0.1286799 0.1264429 0.0854045 0.1104904 0.0995856 0.1036884 0.1103810 0.0931961 0.0884870 0.0383118 0.0850123 0.2440454 0.1110091 0.1077996 0.1220947 0.0890398 0.0983099 0.2223237 0.0869768 0.2208882 1.6844254 0.0976860 0.1307228 0.1285030 0.0844842 0.1051916 0.2141223 0.0933739 0.0994568 0.1168286 0.0846281 0.1321214 0.1648652 0.1113269 0.1372889 0.0942573 0.1044406 0.1565992 0.0887307 0.0987870 0.1260962 0.0957088 0.0928489 0.0736555 0.0811821 0.1028178 0.0865351 0.1041567 0.0898114 0.0995195 0.1031892 0.0794953 0.0952487 0.1110327 0.0884725 0.1362736 0.1048347 0.1062067 0.0734966 
S0417         0.4140767 0.3845451 0.5071648 0.0753565 0.0479013 0.0892557 0.2702788 0.0826299 0.2375008 0.0258508 0.0686192 0.0853560 0.0258727 0.0604501 0.1116615 0.0881985 0.0357369 0.0777944 0.0991683 0.0191537 0.0863996 0.0193180 0.0717277 0.0700897 0.0848411 0.0753994 0.0332361 0.0935094 0.0000000 0.0669371 0.0886404 0.0494896 0.0711499 0.0256222 0.0820075 0.0976819 0.0817532 0.1125869 0.0180260 0.1002319 0.0930099 0.0236284 0.0452397 0.0958774 0.0615867 0.0878175 0.0790994 0.1705742 0.0837417 0.0818814 0.0753539 0.0903124 0.0669414 0.0886952 0.0638889 0.0664601 0.0718922 0.0881579 0.0509734 0.1143449 0.0758271 0.0572656 0.0720182 0.0181100 0.0755949 0.0884667 0.0890163 0.0843557 0.0837078 0.0523229 0.0869376 0.1904372 0.0777668 0.0930813 0.1036683 0.0693004 0.0703263 0.1831544 0.0696101 0.1801084 1.6844254 0.0899470 0.0935866 0.0815184 0.0782067 0.0718570 0.1708527 0.0871256 0.0784709 0.0785029 0.0171151 0.0723513 0.1077925 0.0475522 0.0309889 0.0666758 0.0664769 0.1055570 0.0808296 0.0692933 0.0691115 0.0594151 0.0869449 0.0792573 0.0673324 0.0606849 0.0937702 0.0526326 0.0507628 0.0618082 0.0308262 0.0703638 0.0696717 0.0255925 0.0870296 0.0867395 0.0982726 0.0938157 0.0668229 
S0419         0.3952284 0.3436137 0.4553284 0.0616551 0.0540014 0.0486622 0.1909465 0.0507913 0.1474977 0.0727963 0.0381544 0.0513801 0.0810373 0.0582118 0.0684219 0.0418965 0.0901997 0.0657088 0.0840044 0.0697841 0.0735683 0.0620278 0.0694988 0.0487331 0.0548998 0.0367472 0.0839932 0.0827835 0.0669371 0.0000000 0.0679980 0.0870221 0.0620853 0.0642429 0.0502837 0.0697438 0.0652687 0.1071316 0.0630819 0.0547486 0.0464246 0.0723120 0.0704837 0.1327573 0.0488905 0.0352245 0.0688640 0.1422951 0.0642883 0.0715322 0.0408828 0.0579699 0.0040256 0.0485414 0.0019928 0.0039969 0.0468785 0.0305838 0.0740161 0.1011849 0.1098178 0.0731601 0.0592160 0.0698114 0.0480050 0.0560586 0.0528050 0.0502548 0.0450866 0.0441359 0.0255375 0.1845795 0.0540541 0.0734037 0.0631114 0.0445169 0.0473575 0.1495728 0.0101764 0.1547080 1.6844254 0.0552807 0.0817919 0.0647116 0.0561255 0.0693199 0.1502492 0.0416839 0.0566922 0.0571439 0.0637094 0.1153272 0.0916585 0.0646204 0.0835699 0.0508147 0.0492193 0.0910323 0.0366526 0.0668379 0.0732455 0.0600311 0.0415290 0.0372007 0.0513881 0.0589528 0.0595621 0.0777639 0.0541776 0.0625803 0.0814631 0.0444623 0.0101699 0.0745460 0.0299854 0.1291878 0.0485310 0.0396793 0.0344639 
S0427         0.4465330 0.3961646 0.5472339 0.0963063 0.0696466 0.0792477 0.2678602 0.0756741 0.2486439 0.0957466 0.0672491 0.0672439 0.0937592 0.0751897 0.0875911 0.0826574 0.1169309 0.0827796 0.1076082 0.0888732 0.0883771 0.0890603 0.0913901 0.0545144 0.0794778 0.0654534 0.0927793 0.1144318 0.0886404 0.0679980 0.0000000 0.1271636 0.0762342 0.0794275 0.1028089 0.0959617 0.0968310 0.1139983 0.0886092 0.0852750 0.0820710 0.0941476 0.0959663 0.1373629 0.0602512 0.0886251 0.0841291 0.1785659 0.0967656 0.0898825 0.0549445 0.1183479 0.0730888 0.0728255 0.0700262 0.0725771 0.0898492 0.0889607 0.0971222 0.1201760 0.1300299 0.0949131 0.0920567 0.0990039 0.0901342 0.1166406 0.1028929 0.1128997 0.1063679 0.0773099 0.0727775 0.2007745 0.0891605 0.0900896 0.0921936 0.0924978 0.0961751 0.1913701 0.0783489 0.1765651 1.6844254 0.1064461 0.1165942 0.0892515 0.0730218 0.0865711 0.1675185 0.0766638 0.0585965 0.0967274 0.0906431 0.1256629 0.1140825 0.0681978 0.1035672 0.0789969 0.0685779 0.1105317 0.0706152 0.0879001 0.1044488 0.0803171 0.0763619 0.0689962 0.0676676 0.0702441 0.0794683 0.0955612 0.0674333 0.0713193 0.1019217 0.0518391 0.0809879 0.0874679 0.0779797 0.1368360 0.0789625 0.0757281 0.0628739 
S0428sl       0.4863600 0.4427553 0.5478361 0.1068152 0.0360717 0.1078703 0.2595629 0.1138795 0.0859527 0.0540868 0.0895888 0.1183029 0.0610663 0.1041879 0.1146335 0.1177055 0.0707262 0.1091820 0.1273682 0.0511799 0.1060601 0.0454933 0.1156428 0.0741300 0.0853104 0.1006931 0.0736835 0.1237994 0.0494896 0.0870221 0.1271636 0.0000000 0.0979136 0.0872485 0.0995880 0.1471404 0.1147973 0.1460787 0.0546406 0.1251165 0.1156808 0.0512025 0.0903289 0.1279129 0.1027563 0.1058661 0.1037528 0.1859619 0.1266402 0.1068390 0.1060284 0.1044987 0.0830950 0.1175880 0.0830950 0.0862660 0.1003406 0.1100442 0.0912462 0.1388573 0.1176969 0.0865111 0.1110562 0.0473342 0.0733850 0.1071036 0.0989651 0.1013673 0.1046619 0.0539233 0.1046330 0.2229651 0.1151026 0.0787876 0.1149610 0.1009662 0.1055686 0.1994667 0.0895798 0.2127603 0.0000010 0.1207723 0.1414595 0.1002697 0.1160150 0.1140035 0.1952119 0.1123299 0.1118788 0.1164960 0.0552947 0.1136636 0.1012090 0.0988520 0.0738945 0.0980885 0.0911799 0.0940612 0.1042789 0.0952362 0.1244883 0.1000702 0.1120552 0.1023997 0.0941782 0.1040324 0.1381698 0.0957187 0.0867343 0.1013532 0.0705854 0.0985878 0.0867393 0.0350087 0.1114885 0.1284344 0.1262258 0.1171581 0.0904486 
S0430         0.3822814 0.3483848 0.4977083 0.1001648 0.1058659 0.0908210 0.2389938 0.0757386 0.2470348 0.0835184 0.0717819 0.0784839 0.0672857 0.0830119 0.1069189 0.0824574 0.0960225 0.0083155 0.0674911 0.0694445 0.0128282 0.0667818 0.0952807 0.0872848 0.0901302 0.0681773 0.0814481 0.1147833 0.0711499 0.0620853 0.0762342 0.0979136 0.0000000 0.0757220 0.0846238 0.1097297 0.0636449 0.0329906 0.0737945 0.1020157 0.0855513 0.0691786 0.0729705 0.1445641 0.0634573 0.0833131 0.0085581 0.1991351 0.1029954 0.0085762 0.0770773 0.0936701 0.0620953 0.0838180 0.0590931 0.0616449 0.0867561 0.0805307 0.0856719 0.1073562 0.1329961 0.0844566 0.0868542 0.0742032 0.0565782 0.0946020 0.1009510 0.0883694 0.0876855 0.1003758 0.0851114 0.2233146 0.0835511 0.0603087 0.0992530 0.0812563 0.0848482 0.2026523 0.0647369 0.2091429 1.6844254 0.0951704 0.1253825 0.0638073 0.0760674 0.0950292 0.1959457 0.0797334 0.0784626 0.0928047 0.0682224 0.1254241 0.0362216 0.0719646 0.0931525 0.0642372 0.0000021 0.0246993 0.0735604 0.0694520 0.0988932 0.0850335 0.0794075 0.0719096 0.0788403 0.0780436 0.0855856 0.0894965 0.0725203 0.0796006 0.0839692 0.0711556 0.0673146 0.0720746 0.0907256 0.1470455 0.0876570 0.0939242 0.0680585 
