67
CRNC          0.0000000 0.1328887 0.1663857 0.2095354 2.7858204 0.2115905 0.1995228 0.1748982 0.2169358 0.1905369 0.2247222 0.2362220 0.2817915 0.2403016 0.3627564 0.2374151 0.2404130 0.2039727 0.2469288 0.2285963 0.2057849 0.2091944 0.2486599 0.2251918 0.2595834 0.2434185 0.1943202 0.1182210 0.2429231 0.1880029 0.2335794 0.2775346 0.2085479 0.2925333 0.2095354 0.1907440 0.1754869 0.1919219 0.2393889 0.1749208 0.2668434 0.2295879 0.2615014 0.2521243 0.2288228 0.2578536 0.2438978 0.2105662 0.2235468 0.2078681 0.1444136 0.2713689 0.2640272 0.2787333 0.2539965 0.2603731 0.1967610 0.3392189 0.1846366 0.2220808 0.2346333 0.1634899 0.2431589 0.2267690 0.2109278 0.2656609 0.2215618 
HYZL          0.1328887 0.0000000 0.0830293 0.2475364 2.8164785 0.2335870 0.2490098 0.2109540 0.2386744 0.2158830 0.2057094 0.2238076 0.3262381 0.3109734 0.2812418 0.1933113 0.2436946 0.2415011 0.2696932 0.2423027 0.2376041 0.2457562 0.2541079 0.2513985 0.3101907 0.2416758 0.2068727 0.1473506 0.2747587 0.2213047 0.2427838 0.2833283 0.2222100 0.3405771 0.2240242 0.2223759 0.1916898 0.2232841 0.2443003 0.1673895 0.2838712 0.2286423 0.2565319 0.2417098 0.2855152 0.2525063 0.2577887 0.2332006 0.2842343 0.2044931 0.1817984 0.3248376 0.2844512 0.2987748 0.2724965 0.2780000 0.2160422 0.3558165 0.2530099 0.2268207 0.2749460 0.2025314 0.2445298 0.2547489 0.2335870 0.2569865 0.2466510 
MYZV          0.1663857 0.0830293 0.0000000 0.2852771 3.5096429 0.2142345 0.2262389 0.2651949 0.2364500 0.2532758 0.2208427 0.3287634 0.2746109 0.2888603 0.2985710 0.2032426 0.2833742 0.3048620 0.2399057 0.3360285 0.2259101 0.3080987 0.2844484 0.3043407 0.3032045 0.2274613 0.2692427 0.2157602 0.2640350 0.2507318 0.2832243 0.3138159 0.2868951 0.3440566 0.2852771 0.2882112 0.2332182 0.2413194 0.2404711 0.1847498 0.2631356 0.2248934 0.2728605 0.2941889 0.3204866 0.2692538 0.2500190 0.2295717 0.3241540 0.2861582 0.2312386 0.2793937 0.2483037 0.2889054 0.2621787 0.2665973 0.2380600 0.3074947 0.2898441 0.2115786 0.3145410 0.2508935 0.2629008 0.2804057 0.2299014 0.2826694 0.2407668 
SRR6441723    0.2095354 0.2475364 0.2852771 0.0000000 1.8964652 0.0422332 0.0840220 0.0664753 0.0416483 0.0226637 0.0608753 0.0703575 0.0780624 0.0623200 0.1197094 0.0845151 0.0646454 0.0431610 0.0763859 0.0405159 0.0365536 0.0597519 0.0535411 0.0618728 0.0613689 0.0889358 0.0281605 0.0305333 0.0345346 0.0358521 0.0677564 0.0470787 0.0408196 0.0612378 0.0346290 0.0363304 0.0353723 0.0679046 0.1043326 0.0614798 0.0668900 0.0919492 0.0749962 0.0342677 0.0339692 0.0816984 0.0530611 0.0484477 0.0431811 0.0349934 0.0179917 0.0820218 0.0834371 0.0471565 0.0342527 0.0602613 0.0472043 0.0704339 0.0538833 0.0482082 0.0345389 0.0549325 0.0612523 0.0281578 0.0344252 0.0599658 0.0405018 
ERR4210213    2.7858204 2.8164785 3.5096429 1.8964652 0.0000000 2.0123461 2.2563744 2.0376171 2.0123461 2.2854190 2.7435619 2.7301171 3.6240239 3.0469279 5.0157927 2.0578305 2.2854358 1.5387754 3.1690964 2.2826131 2.3822593 3.0189810 2.8911043 2.1269274 2.2583620 3.7924654 1.5387754 1.6156478 1.9229854 1.5387754 2.4074478 1.9229854 2.7424767 3.6196915 1.5387754 1.5387754 1.9497891 2.0174636 3.4905769 1.6335423 2.8557228 3.6349266 2.7424767 2.3805530 1.8964652 2.7424767 2.4105920 2.0123461 3.4328312 2.2887721 2.3693858 3.1727567 3.1690964 1.9229854 2.3805530 2.4105920 2.0123461 2.3840469 2.2555428 2.0123461 2.3805530 3.8696995 2.0123461 1.9229854 2.0123461 2.4041314 2.0123461 
ERR2789774    0.2115905 0.2335870 0.2142345 0.0422332 2.0123461 0.0000000 0.0794269 0.0555534 0.0115634 0.0305367 0.0432873 0.0927343 0.1032053 0.0678629 0.1001933 0.0453029 0.0699750 0.0592133 0.0368088 0.0642661 0.0000021 0.0794315 0.0484181 0.0440303 0.0737381 0.0972853 0.0499154 0.0385723 0.0298997 0.0365141 0.0566572 0.0798283 0.0507362 0.0665696 0.0576831 0.0512310 0.0501879 0.0368445 0.1229523 0.0449574 0.0649369 0.0980415 0.0899396 0.0433909 0.0549770 0.0974044 0.0229352 0.0176381 0.0689797 0.0444033 0.0257472 0.0967000 0.0985129 0.0652367 0.0296431 0.0292773 0.0172093 0.0441057 0.0777604 0.0175410 0.0426326 0.0685496 0.0297335 0.0366296 0.0055770 0.0650402 0.0112500 
PAFTOL_019361 0.1995228 0.2490098 0.2262389 0.0840220 2.2563744 0.0794269 0.0000000 0.1145355 0.1019989 0.0878154 0.1060833 0.1543720 0.1438514 0.0956363 0.1778633 0.1216311 0.1142663 0.1016598 0.0997382 0.0944667 0.0734660 0.1229724 0.1105918 0.1273588 0.0981106 0.1426969 0.1093561 0.0786381 0.1029676 0.0918072 0.1169103 0.1073314 0.0953880 0.1400642 0.1072746 0.0922999 0.0904083 0.1174825 0.1532438 0.1100543 0.1170813 0.1378375 0.1181312 0.1018797 0.0980788 0.1338976 0.1142851 0.1110373 0.1017270 0.0797814 0.0618360 0.1226849 0.1427518 0.0921250 0.1021215 0.1240663 0.1077387 0.1526489 0.0977058 0.0751093 0.1072657 0.1186045 0.1264196 0.0936653 0.0915122 0.1375650 0.0989004 
S0281         0.1748982 0.2109540 0.2651949 0.0664753 2.0376171 0.0555534 0.1145355 0.0000000 0.0683012 0.0489006 0.0606850 0.1111371 0.1150118 0.0895190 0.1619582 0.0937238 0.0937647 0.0698432 0.0695943 0.0896373 0.0498864 0.1053088 0.0868038 0.0618171 0.0929095 0.1063811 0.0749046 0.0429565 0.0830790 0.0615227 0.0473199 0.1044602 0.0759854 0.1130786 0.0754679 0.0623326 0.0535920 0.0678311 0.1388904 0.0629512 0.0905896 0.1094227 0.0993103 0.0822899 0.0720339 0.1064866 0.0661124 0.0758778 0.0961194 0.0697355 0.0669016 0.1234028 0.1256336 0.1048785 0.0824140 0.0737308 0.0601763 0.1165153 0.0668530 0.0688975 0.0599300 0.0722843 0.0894777 0.0748978 0.0598554 0.0619476 0.0663702 
S0282         0.2169358 0.2386744 0.2364500 0.0416483 2.0123461 0.0115634 0.1019989 0.0683012 0.0000000 0.0301107 0.0426730 0.0830785 0.0916042 0.0835181 0.0895480 0.0581690 0.0758211 0.0583161 0.0574281 0.0628338 0.0119104 0.0782113 0.0626931 0.0433959 0.0876565 0.0957048 0.0422409 0.0380045 0.0294913 0.0360052 0.0558374 0.0785973 0.0638616 0.0654349 0.0568313 0.0508644 0.0494647 0.0494777 0.1208573 0.0582240 0.0639624 0.1052879 0.0884920 0.0361969 0.0542037 0.0958233 0.0226351 0.0174018 0.0678804 0.0575120 0.0251761 0.0951376 0.0968922 0.0787377 0.0292417 0.0288854 0.0169845 0.0533779 0.0765908 0.0171868 0.0417340 0.0673469 0.0231681 0.0361168 0.0055061 0.0640631 0.0111066 
S0289         0.1905369 0.2158830 0.2532758 0.0226637 2.2854190 0.0305367 0.0878154 0.0489006 0.0301107 0.0000000 0.0499593 0.0361165 0.0735824 0.0577536 0.0961791 0.0639212 0.0538245 0.0591690 0.0727508 0.0294024 0.0313502 0.0348270 0.0329988 0.0371427 0.0573043 0.0548156 0.0418136 0.0376952 0.0292468 0.0434664 0.0569303 0.0488818 0.0296194 0.0567183 0.0490331 0.0515911 0.0425715 0.0640616 0.0855065 0.0436084 0.0630727 0.0714508 0.0491602 0.0295475 0.0480567 0.0556395 0.0354239 0.0367781 0.0313746 0.0236881 0.0059726 0.0786381 0.0800501 0.0626523 0.0230966 0.0422377 0.0233335 0.0825640 0.0700853 0.0365843 0.0426035 0.0196833 0.0496069 0.0292468 0.0232134 0.0562528 0.0292683 
S0294         0.2247222 0.2057094 0.2208427 0.0608753 2.7435619 0.0432873 0.1060833 0.0606850 0.0426730 0.0499593 0.0000000 0.0966452 0.0871227 0.0871954 0.1382977 0.0890938 0.1045091 0.0795881 0.0614868 0.0841878 0.0237624 0.0999574 0.0974703 0.0634309 0.0907801 0.1186545 0.0692197 0.0584176 0.0475806 0.0706186 0.0620080 0.0663861 0.0849624 0.0697026 0.0775417 0.0715731 0.0620689 0.0408338 0.1454139 0.0794857 0.0531109 0.1317439 0.1112002 0.0625399 0.0738671 0.1187484 0.0413075 0.0496575 0.0903771 0.0785215 0.0533613 0.0980002 0.0997360 0.0664963 0.0625856 0.0482518 0.0483509 0.0804439 0.0829214 0.0354534 0.0614482 0.0747760 0.0627859 0.0406998 0.0352431 0.0562864 0.0414706 
S0299         0.2362220 0.2238076 0.3287634 0.0703575 2.7301171 0.0927343 0.1543720 0.1111371 0.0830785 0.0361165 0.0966452 0.0000000 0.1231054 0.1055754 0.1380887 0.1140048 0.0630350 0.0984028 0.1355386 0.0556725 0.0866138 0.0629879 0.0805908 0.0917012 0.0989074 0.1161143 0.0763145 0.0761680 0.0882484 0.0883325 0.1137787 0.1039515 0.0631792 0.1033843 0.0782139 0.0895587 0.0869453 0.1066747 0.1485513 0.0902658 0.1215897 0.1309395 0.1104821 0.0510157 0.1020419 0.1017469 0.0951504 0.0912374 0.0698512 0.0568948 0.0323732 0.1236211 0.1259852 0.1208143 0.0639087 0.1045265 0.0813258 0.1402004 0.1224090 0.0914305 0.0886829 0.0657700 0.0754095 0.0794310 0.0808332 0.1034382 0.0883325 
S0303         0.2817915 0.3262381 0.2746109 0.0780624 3.6240239 0.1032053 0.1438514 0.1150118 0.0916042 0.0735824 0.0871227 0.1231054 0.0000000 0.0461461 0.1485586 0.1522639 0.1204539 0.0952549 0.0990299 0.0894304 0.0853412 0.1155599 0.0994217 0.0887656 0.0534595 0.0980476 0.0797486 0.0791026 0.0545854 0.1021209 0.0889123 0.1112873 0.0886429 0.0678944 0.0975823 0.0940229 0.0905905 0.0872947 0.1415486 0.0880926 0.0778912 0.1289015 0.1065489 0.0973534 0.0964460 0.0970422 0.0882729 0.1013888 0.0625818 0.0900414 0.0627385 0.0184531 0.0252574 0.1115092 0.0806582 0.0982835 0.1078288 0.1504037 0.0996738 0.1024584 0.0986875 0.0820435 0.1119525 0.0465504 0.0894189 0.0984249 0.0977943 
S0322         0.2403016 0.3109734 0.2888603 0.0623200 3.0469279 0.0678629 0.0956363 0.0895190 0.0835181 0.0577536 0.0871954 0.1055754 0.0461461 0.0000000 0.1378104 0.1233915 0.0786349 0.0954394 0.0653134 0.0650710 0.0515576 0.0896492 0.0742027 0.0645662 0.0060128 0.1191674 0.0798142 0.0699734 0.0544846 0.0841890 0.0889879 0.0864104 0.0490309 0.0530302 0.0805224 0.0855185 0.0827051 0.0554177 0.1281838 0.0658955 0.0777533 0.1133638 0.1196930 0.0803782 0.0962793 0.1095020 0.0883478 0.0835322 0.0404945 0.0497664 0.0371087 0.0390863 0.0468738 0.0780284 0.0805118 0.0983701 0.0820966 0.1360054 0.0822000 0.0844365 0.0985143 0.0741977 0.1015968 0.0464646 0.0726291 0.0985111 0.0806697 
S0376         0.3627564 0.2812418 0.2985710 0.1197094 5.0157927 0.1001933 0.1778633 0.1619582 0.0895480 0.0961791 0.1382977 0.1380887 0.1485586 0.1378104 0.0000000 0.0614451 0.1284191 0.1642168 0.1528921 0.1060907 0.1041714 0.1741372 0.1111619 0.1399759 0.1687896 0.1110105 0.1412271 0.1230466 0.1121698 0.1257630 0.1458681 0.1439426 0.1316828 0.1162697 0.1537591 0.1519303 0.1313853 0.1581560 0.1634710 0.1385010 0.1643575 0.1217506 0.1205067 0.0879754 0.1425277 0.1287341 0.1039130 0.1083381 0.0852220 0.1231627 0.0682160 0.1777336 0.1918989 0.1442511 0.1028179 0.1143705 0.1047780 0.1485394 0.1776813 0.0987003 0.1257614 0.0930596 0.0891765 0.1226824 0.0869506 0.1551302 0.0950791 
S0427         0.2374151 0.1933113 0.2032426 0.0845151 2.0578305 0.0453029 0.1216311 0.0937238 0.0581690 0.0639212 0.0890938 0.1140048 0.1522639 0.1233915 0.0614451 0.0000000 0.0996203 0.1098005 0.1004832 0.1011874 0.0468193 0.1283459 0.0976670 0.0995576 0.1062900 0.1070143 0.0941917 0.0767297 0.0709220 0.0807997 0.0956909 0.1034436 0.0959188 0.1207223 0.1037303 0.1003780 0.0783696 0.0902463 0.1455321 0.0748051 0.1121249 0.1078075 0.0999195 0.0792486 0.1026659 0.1071196 0.0631968 0.0663826 0.1195063 0.0802825 0.0522370 0.1489282 0.1517685 0.0879420 0.0703308 0.0711459 0.0645108 0.0927360 0.1390003 0.0655340 0.0954653 0.0952060 0.0728898 0.0790667 0.0501344 0.1032711 0.0568799 
S0478         0.2404130 0.2436946 0.2833742 0.0646454 2.2854358 0.0699750 0.1142663 0.0937647 0.0758211 0.0538245 0.1045091 0.0630350 0.1204539 0.0786349 0.1284191 0.0996203 0.0000000 0.0933656 0.1071445 0.0662994 0.0642861 0.0664295 0.0763326 0.0835722 0.0757659 0.1114051 0.0865817 0.0787259 0.0806884 0.0906013 0.1107289 0.0804695 0.0602870 0.1009364 0.0808716 0.0917947 0.0892445 0.0825535 0.1188575 0.0748832 0.1025323 0.1064840 0.0967033 0.0463786 0.0866515 0.0887303 0.0806070 0.0831487 0.0637059 0.0542955 0.0439625 0.1197112 0.1218216 0.0807863 0.0800558 0.0887959 0.0743513 0.1272877 0.1043447 0.0833063 0.0810337 0.0857364 0.0688710 0.0727820 0.0739410 0.1180207 0.0807432 
S0552sl       0.2039727 0.2415011 0.3048620 0.0431610 1.5387754 0.0592133 0.1016598 0.0698432 0.0583161 0.0591690 0.0795881 0.0984028 0.0952549 0.0954394 0.1642168 0.1098005 0.0933656 0.0000000 0.0862570 0.0631471 0.0532006 0.0957678 0.0644443 0.0809642 0.0983491 0.1229068 0.0360436 0.0116015 0.0518382 0.0170415 0.0712576 0.0959502 0.0636925 0.1034666 0.0290726 0.0054406 0.0297023 0.0874801 0.1497219 0.0725228 0.0809124 0.1361131 0.1065525 0.0634576 0.0559676 0.1142861 0.0705185 0.0660494 0.0867172 0.0573643 0.0475717 0.1058663 0.1078788 0.0961280 0.0651487 0.0787677 0.0641914 0.1028809 0.0783831 0.0565325 0.0570237 0.0750128 0.0704339 0.0442612 0.0498619 0.0885487 0.0565853 
S0558         0.2469288 0.2696932 0.2399057 0.0763859 3.1690964 0.0368088 0.0997382 0.0695943 0.0574281 0.0727508 0.0614868 0.1355386 0.0990299 0.0653134 0.1528921 0.1004832 0.1071445 0.0862570 0.0000000 0.1016995 0.0310563 0.1186355 0.0829246 0.0650264 0.0859770 0.0964992 0.0856128 0.0649991 0.0621906 0.0771011 0.0709937 0.0988960 0.0871437 0.0716294 0.0840517 0.0781307 0.0759615 0.0549782 0.1219120 0.0713949 0.0769663 0.0993783 0.1051573 0.0785465 0.0754860 0.1127685 0.0694510 0.0650196 0.0928366 0.0805487 0.0700832 0.1088202 0.1108007 0.0841398 0.0786579 0.0775436 0.0632205 0.0817444 0.0929541 0.0492712 0.0628019 0.0825283 0.0789178 0.0546713 0.0491335 0.0800658 0.0557489 
S0624         0.2285963 0.2423027 0.3360285 0.0405159 2.2826131 0.0642661 0.0944667 0.0896373 0.0628338 0.0294024 0.0841878 0.0556725 0.0894304 0.0650710 0.1060907 0.1011874 0.0662994 0.0631471 0.1016995 0.0000000 0.0584467 0.0610981 0.0320795 0.0707814 0.0779544 0.0991403 0.0460877 0.0581034 0.0550266 0.0550713 0.0916457 0.0686147 0.0284730 0.0713514 0.0531394 0.0557994 0.0704072 0.0919539 0.1153421 0.0703159 0.0904825 0.1025917 0.0845051 0.0479053 0.0674482 0.0915082 0.0751826 0.0709622 0.0310535 0.0227786 0.0058798 0.0920835 0.1093248 0.0830809 0.0545729 0.0833527 0.0551680 0.1198621 0.0764203 0.0700859 0.0682033 0.0491422 0.0773022 0.0478013 0.0548673 0.0906030 0.0614798 
S0643         0.2057849 0.2376041 0.2259101 0.0365536 2.3822593 0.0000021 0.0734660 0.0498864 0.0119104 0.0313502 0.0237624 0.0866138 0.0853412 0.0515576 0.1041714 0.0468193 0.0642861 0.0532006 0.0310563 0.0584467 0.0000000 0.0736040 0.0425654 0.0381336 0.0591001 0.0905849 0.0441194 0.0324792 0.0239416 0.0376642 0.0508899 0.0574435 0.0448464 0.0506201 0.0518079 0.0456566 0.0443671 0.0240831 0.1079784 0.0389330 0.0435985 0.1010012 0.0832426 0.0375673 0.0493600 0.0907090 0.0236158 0.0181766 0.0627825 0.0384447 0.0264715 0.0812138 0.0827219 0.0438242 0.0305549 0.0301653 0.0177209 0.0470298 0.0720351 0.0118043 0.0369042 0.0616995 0.0306509 0.0239416 0.0057387 0.0591557 0.0115791 
S0645sl       0.2091944 0.2457562 0.3080987 0.0597519 3.0189810 0.0794315 0.1229724 0.1053088 0.0782113 0.0348270 0.0999574 0.0629879 0.1155599 0.0896492 0.1741372 0.1283459 0.0664295 0.0957678 0.1186355 0.0610981 0.0736040 0.0000000 0.0783103 0.0786343 0.0853413 0.0975778 0.0744249 0.0657753 0.0758373 0.0860210 0.1076951 0.0902607 0.0616069 0.0879453 0.0685965 0.0871901 0.0926566 0.0924849 0.1145277 0.0774641 0.0912058 0.1106734 0.0919995 0.0685506 0.0886985 0.0839371 0.0757724 0.0782050 0.0583748 0.0554729 0.0312407 0.1080212 0.1012032 0.1056931 0.0686169 0.0840200 0.0624091 0.1548443 0.0881765 0.0859882 0.0835610 0.0621436 0.0935440 0.0678912 0.0689990 0.1064806 0.0759036 
S0673         0.2486599 0.2541079 0.2844484 0.0535411 2.8911043 0.0484181 0.1105918 0.0868038 0.0626931 0.0329988 0.0974703 0.0805908 0.0994217 0.0742027 0.1111619 0.0976670 0.0763326 0.0644443 0.0829246 0.0320795 0.0425654 0.0783103 0.0000000 0.0734425 0.0820162 0.0881780 0.0525410 0.0592738 0.0536410 0.0536887 0.1061567 0.0874039 0.0186792 0.0972825 0.0607728 0.0561038 0.0814088 0.0893365 0.1060376 0.0649934 0.1046656 0.0810240 0.0885902 0.0705088 0.0856998 0.0965754 0.0757276 0.0711008 0.0393600 0.0189278 0.0205564 0.0982708 0.1089703 0.0878038 0.0460884 0.0847270 0.0537898 0.0922018 0.1058969 0.0707329 0.0876018 0.0737934 0.0789845 0.0547750 0.0534691 0.1048081 0.0607040 
S0689         0.2251918 0.2513985 0.3043407 0.0618728 2.1269274 0.0440303 0.1273588 0.0618171 0.0433959 0.0371427 0.0634309 0.0917012 0.0887656 0.0645662 0.1399759 0.0995576 0.0835722 0.0809642 0.0650264 0.0707814 0.0381336 0.0786343 0.0734425 0.0000000 0.0778798 0.0956443 0.0703760 0.0518468 0.0641824 0.0718189 0.0773657 0.0865149 0.0714134 0.0553727 0.0788536 0.0728024 0.0707435 0.0636600 0.1101315 0.0573862 0.0865318 0.1075315 0.0884370 0.0635897 0.0750626 0.0879758 0.0483165 0.0428601 0.0606394 0.0649851 0.0467028 0.0920140 0.0936577 0.1023076 0.0636396 0.0555840 0.0360172 0.1026494 0.0829599 0.0502472 0.0624638 0.0580297 0.0561573 0.0563903 0.0358267 0.0866551 0.0421538 
S0724sl       0.2595834 0.3101907 0.3032045 0.0613689 2.2583620 0.0737381 0.0981106 0.0929095 0.0876565 0.0573043 0.0907801 0.0989074 0.0534595 0.0060128 0.1687896 0.1062900 0.0757659 0.0983491 0.0859770 0.0779544 0.0591001 0.0853413 0.0820162 0.0778798 0.0000000 0.1361353 0.0841815 0.0757650 0.0612149 0.0882817 0.1021334 0.0685198 0.0642044 0.0599701 0.0848547 0.0895070 0.0868948 0.0692428 0.1443217 0.0718265 0.0822471 0.1311937 0.1197755 0.0772442 0.0912047 0.1107487 0.0918560 0.0876844 0.0680820 0.0578392 0.0460806 0.0533920 0.0542714 0.0614334 0.0773480 0.1008418 0.0863251 0.1595272 0.0860766 0.0885164 0.0930577 0.0661257 0.1037570 0.0538370 0.0777936 0.1009531 0.0849989 
S0735         0.2434185 0.2416758 0.2274613 0.0889358 3.7924654 0.0972853 0.1426969 0.1063811 0.0957048 0.0548156 0.1186545 0.1161143 0.0980476 0.1191674 0.1110105 0.1070143 0.1114051 0.1229068 0.0964992 0.0991403 0.0905849 0.0975778 0.0881780 0.0956443 0.1361353 0.0000000 0.1140049 0.1047105 0.0853721 0.1122253 0.1088237 0.1074681 0.0849286 0.1158139 0.1240415 0.1214376 0.1058563 0.1353260 0.0411976 0.0996402 0.1241548 0.0228191 0.0164950 0.0987700 0.0767916 0.0221256 0.1007570 0.1046193 0.0823029 0.0847196 0.0667063 0.1071261 0.1003521 0.1239561 0.0919677 0.1101224 0.0784739 0.1495061 0.1255476 0.1041769 0.0776661 0.0818610 0.1199250 0.0836584 0.0854319 0.1164337 0.0927834 
S0742         0.1943202 0.2068727 0.2692427 0.0281605 1.5387754 0.0499154 0.1093561 0.0749046 0.0422409 0.0418136 0.0692197 0.0763145 0.0797486 0.0798142 0.1412271 0.0941917 0.0865817 0.0360436 0.0856128 0.0460877 0.0441194 0.0744249 0.0525410 0.0703760 0.0841815 0.1140049 0.0000000 0.0306592 0.0416038 0.0291267 0.0763856 0.0822768 0.0464366 0.0783333 0.0281605 0.0295098 0.0298233 0.0765876 0.1307003 0.0699158 0.0754016 0.1179556 0.0989443 0.0541359 0.0536701 0.1060985 0.0609012 0.0563686 0.0651933 0.0406453 0.0307728 0.1065034 0.1084049 0.0824184 0.0541559 0.0685174 0.0548673 0.1005766 0.0758095 0.0560913 0.0546383 0.0719599 0.0696867 0.0348695 0.0414754 0.0755095 0.0478048 
S0758         0.1182210 0.1473506 0.2157602 0.0305333 1.6156478 0.0385723 0.0786381 0.0429565 0.0380045 0.0376952 0.0584176 0.0761680 0.0791026 0.0699734 0.1230466 0.0767297 0.0787259 0.0116015 0.0649991 0.0581034 0.0324792 0.0657753 0.0592738 0.0518468 0.0757650 0.1047105 0.0306592 0.0000000 0.0453290 0.0115776 0.0507196 0.0815706 0.0586113 0.0691415 0.0237205 0.0057011 0.0176456 0.0586351 0.1122063 0.0437583 0.0593516 0.1096318 0.0900181 0.0518019 0.0429625 0.0895387 0.0501834 0.0375186 0.0637113 0.0517229 0.0404911 0.0833400 0.0849269 0.0817220 0.0449232 0.0577845 0.0439481 0.0868786 0.0569129 0.0368420 0.0437572 0.0417552 0.0437038 0.0379115 0.0304666 0.0666560 0.0368902 
S0770         0.2429231 0.2747587 0.2640350 0.0345346 1.9229854 0.0298997 0.1029676 0.0830790 0.0294913 0.0292468 0.0475806 0.0882484 0.0545854 0.0544846 0.1121698 0.0709220 0.0806884 0.0518382 0.0621906 0.0550266 0.0239416 0.0758373 0.0536410 0.0641824 0.0612149 0.0853721 0.0416038 0.0453290 0.0000000 0.0363025 0.0702688 0.0598949 0.0554788 0.0535633 0.0487813 0.0513137 0.0498894 0.0542890 0.1170423 0.0637597 0.0407734 0.1019553 0.0710350 0.0482386 0.0478149 0.0779391 0.0409220 0.0360090 0.0588556 0.0493384 0.0248122 0.0678514 0.0690062 0.0599944 0.0346648 0.0477878 0.0351011 0.0715159 0.0841416 0.0358224 0.0486755 0.0649987 0.0485599 0.0053913 0.0227522 0.0694480 0.0286824 
S0771         0.1880029 0.2213047 0.2507318 0.0358521 1.5387754 0.0365141 0.0918072 0.0615227 0.0360052 0.0434664 0.0706186 0.0883325 0.1021209 0.0841890 0.1257630 0.0807997 0.0906013 0.0170415 0.0771011 0.0550713 0.0376642 0.0860210 0.0536887 0.0718189 0.0882817 0.1122253 0.0291267 0.0115776 0.0363025 0.0000000 0.0627375 0.0861880 0.0555243 0.0919867 0.0225713 0.0111692 0.0230445 0.0781514 0.1296526 0.0638147 0.0789523 0.1137782 0.0965136 0.0640505 0.0547026 0.1039840 0.0475525 0.0427499 0.0767559 0.0493785 0.0320270 0.1118571 0.1139477 0.0863434 0.0490128 0.0546744 0.0416482 0.0811273 0.0695600 0.0349602 0.0557099 0.0650623 0.0555759 0.0432406 0.0289282 0.0790685 0.0350049 
S0795         0.2335794 0.2427838 0.2832243 0.0677564 2.4074478 0.0566572 0.1169103 0.0473199 0.0558374 0.0569303 0.0620080 0.1137787 0.0889123 0.0889879 0.1458681 0.0956909 0.1107289 0.0712576 0.0709937 0.0916457 0.0508899 0.1076951 0.1061567 0.0773657 0.1021334 0.1088237 0.0763856 0.0507196 0.0702688 0.0627375 0.0000000 0.0913873 0.0925033 0.0980831 0.0769734 0.0635771 0.0546207 0.0758186 0.1420953 0.0788857 0.0776300 0.1211951 0.1015937 0.0696162 0.0734072 0.1089287 0.0540358 0.0631764 0.0984163 0.0860413 0.0608453 0.1097405 0.1117490 0.0915488 0.0696874 0.0613754 0.0614788 0.1093086 0.0823717 0.0563124 0.0610825 0.0644572 0.0766390 0.0623852 0.0478283 0.0495046 0.0542494 
S0888         0.2775346 0.2833283 0.3138159 0.0470787 1.9229854 0.0798283 0.1073314 0.1044602 0.0785973 0.0488818 0.0663861 0.1039515 0.1112873 0.0864104 0.1439426 0.1034436 0.0804695 0.0959502 0.0988960 0.0686147 0.0574435 0.0902607 0.0874039 0.0865149 0.0685198 0.1074681 0.0822768 0.0815706 0.0598949 0.0861880 0.0913873 0.0000000 0.0692061 0.0764681 0.0909563 0.0873603 0.0848668 0.0894925 0.1169270 0.0930238 0.0718107 0.1112355 0.0924615 0.0755026 0.0823470 0.0996129 0.0906556 0.0867968 0.0734754 0.0629699 0.0526677 0.1115961 0.1135553 0.0108148 0.0755968 0.0994552 0.0697318 0.1214602 0.1075311 0.0697927 0.0839608 0.0732142 0.1012654 0.0527022 0.0693379 0.1059475 0.0762706 
S0894         0.2085479 0.2222100 0.2868951 0.0408196 2.7424767 0.0507362 0.0953880 0.0759854 0.0638616 0.0296194 0.0849624 0.0631792 0.0886429 0.0490309 0.1316828 0.0959188 0.0602870 0.0636925 0.0871437 0.0284730 0.0448464 0.0616069 0.0186792 0.0714134 0.0642044 0.0849286 0.0464366 0.0586113 0.0554788 0.0555243 0.0925033 0.0692061 0.0000000 0.0707472 0.0535589 0.0562649 0.0710317 0.0779076 0.1007026 0.0568212 0.0913197 0.0795934 0.0852861 0.0549948 0.0680193 0.0923667 0.0758422 0.0715997 0.0374666 0.0054006 0.0247217 0.0929521 0.0946283 0.0694878 0.0550174 0.0841129 0.0556231 0.1226473 0.0918692 0.0712604 0.0693103 0.0487298 0.0856109 0.0481782 0.0553171 0.0914417 0.0619955 
S0952         0.2925333 0.3405771 0.3440566 0.0612378 3.6196915 0.0665696 0.1400642 0.1130786 0.0654349 0.0567183 0.0697026 0.1033843 0.0678944 0.0530302 0.1162697 0.1207223 0.1009364 0.1034666 0.0716294 0.0713514 0.0506201 0.0879453 0.0972825 0.0553727 0.0599701 0.1158139 0.0783333 0.0691415 0.0535633 0.0919867 0.0980831 0.0764681 0.0707472 0.0000000 0.0879963 0.0934147 0.0903661 0.0621212 0.1154505 0.0812157 0.0686661 0.1302519 0.1257836 0.0631089 0.0779302 0.1156274 0.0705542 0.0653887 0.0466871 0.0718168 0.0290469 0.0525735 0.0607707 0.0766132 0.0631621 0.0796683 0.0562092 0.0972483 0.0977678 0.0738846 0.0798473 0.0825494 0.0822494 0.0457089 0.0557121 0.0968207 0.0632744 
S0959         0.2095354 0.2240242 0.2852771 0.0346290 1.5387754 0.0576831 0.1072746 0.0754679 0.0568313 0.0490331 0.0775417 0.0782139 0.0975823 0.0805224 0.1537591 0.1037303 0.0808716 0.0290726 0.0840517 0.0531394 0.0518079 0.0685965 0.0607728 0.0788536 0.0848547 0.1240415 0.0281605 0.0237205 0.0487813 0.0225713 0.0769734 0.0909563 0.0535589 0.0879963 0.0000000 0.0228615 0.0353723 0.0852121 0.1413611 0.0614798 0.0759742 0.1284019 0.1084275 0.0617004 0.0611697 0.1158070 0.0550897 0.0643409 0.0736995 0.0476312 0.0379242 0.1074208 0.1093574 0.0911163 0.0554667 0.0626171 0.0625762 0.1127726 0.0763905 0.0551323 0.0623103 0.0623781 0.0781045 0.0417127 0.0486335 0.0760840 0.0551838 
S0960         0.1907440 0.2223759 0.2882112 0.0363304 1.5387754 0.0512310 0.0922999 0.0623326 0.0508644 0.0515911 0.0715731 0.0895587 0.0940229 0.0855185 0.1519303 0.1003780 0.0917947 0.0054406 0.0781307 0.0557994 0.0456566 0.0871901 0.0561038 0.0728024 0.0895070 0.1214376 0.0295098 0.0057011 0.0513137 0.0111692 0.0635771 0.0873603 0.0562649 0.0934147 0.0228615 0.0000000 0.0233473 0.0792087 0.1393354 0.0646818 0.0800318 0.1258794 0.1053093 0.0649227 0.0554209 0.1129430 0.0629204 0.0583024 0.0778701 0.0500442 0.0399727 0.1046397 0.1066046 0.0875196 0.0575121 0.0708300 0.0566987 0.0917037 0.0704899 0.0493253 0.0564550 0.0660638 0.0628383 0.0438294 0.0428354 0.0801507 0.0493777 
S0964         0.1754869 0.1916898 0.2332182 0.0353723 1.9497891 0.0501879 0.0904083 0.0535920 0.0494647 0.0425715 0.0620689 0.0869453 0.0905905 0.0827051 0.1313853 0.0783696 0.0892445 0.0297023 0.0759615 0.0704072 0.0443671 0.0926566 0.0814088 0.0707435 0.0868948 0.1058563 0.0298233 0.0176456 0.0498894 0.0230445 0.0546207 0.0848668 0.0710317 0.0903661 0.0353723 0.0233473 0.0000000 0.0769792 0.1351758 0.0628828 0.0777537 0.1095148 0.0911048 0.0631128 0.0539463 0.0981402 0.0540717 0.0566713 0.0755257 0.0646411 0.0467327 0.1100437 0.1120698 0.0850175 0.0631607 0.0614337 0.0551552 0.1012021 0.0685472 0.0480050 0.0549241 0.0556665 0.0700495 0.0426388 0.0416955 0.0700308 0.0480565 
S1052sl       0.1919219 0.2232841 0.2413194 0.0679046 2.0174636 0.0368445 0.1174825 0.0678311 0.0494777 0.0640616 0.0408338 0.1066747 0.0872947 0.0554177 0.1581560 0.0902463 0.0825535 0.0874801 0.0549782 0.0919539 0.0240831 0.0924849 0.0893365 0.0636600 0.0692428 0.1353260 0.0765876 0.0586351 0.0542890 0.0781514 0.0758186 0.0894925 0.0779076 0.0621212 0.0852121 0.0792087 0.0769792 0.0000000 0.1525167 0.0645122 0.0750050 0.1393879 0.1276217 0.0697785 0.0811197 0.1184062 0.0612341 0.0494116 0.0826501 0.0714902 0.0535667 0.0906699 0.0922709 0.0753133 0.0698507 0.0688950 0.0551714 0.1007515 0.0836616 0.0564091 0.0685493 0.0828254 0.0633814 0.0471641 0.0417041 0.0762043 0.0480683 
S1100         0.2393889 0.2443003 0.2404711 0.1043326 3.4905769 0.1229523 0.1532438 0.1388904 0.1208573 0.0855065 0.1454139 0.1485513 0.1415486 0.1281838 0.1634710 0.1455321 0.1188575 0.1497219 0.1219120 0.1153421 0.1079784 0.1145277 0.1060376 0.1101315 0.1443217 0.0411976 0.1307003 0.1122063 0.1170423 0.1296526 0.1420953 0.1169270 0.1007026 0.1154505 0.1413611 0.1393354 0.1351758 0.1525167 0.0000000 0.1109097 0.1603282 0.0358611 0.0473751 0.1231123 0.0918152 0.0467754 0.1333050 0.1090187 0.0899675 0.1004371 0.0665612 0.1469502 0.1399524 0.1338712 0.1161199 0.1438702 0.1020774 0.1618049 0.1297351 0.1225579 0.1168818 0.0965255 0.1328185 0.1146329 0.1093437 0.1502052 0.1171162 
S1102         0.1749208 0.1673895 0.1847498 0.0614798 1.6335423 0.0449574 0.1100543 0.0629512 0.0582240 0.0436084 0.0794857 0.0902658 0.0880926 0.0658955 0.1385010 0.0748051 0.0748832 0.0725228 0.0713949 0.0703159 0.0389330 0.0774641 0.0649934 0.0573862 0.0718265 0.0996402 0.0699158 0.0437583 0.0637597 0.0638147 0.0788857 0.0930238 0.0568212 0.0812157 0.0614798 0.0646818 0.0628828 0.0645122 0.1109097 0.0000000 0.0778417 0.1098108 0.0996462 0.0631751 0.0913699 0.0983494 0.0704220 0.0495858 0.0672007 0.0505354 0.0387252 0.0838322 0.0853108 0.0934094 0.0632234 0.0786671 0.0500573 0.1159460 0.0975269 0.0564442 0.0782382 0.0396637 0.0701235 0.0560266 0.0497793 0.0779560 0.0564970 
S1110         0.2668434 0.2838712 0.2631356 0.0668900 2.8557228 0.0649369 0.1170813 0.0905896 0.0639624 0.0630727 0.0531109 0.1215897 0.0778912 0.0777533 0.1643575 0.1121249 0.1025323 0.0809124 0.0769663 0.0904825 0.0435985 0.0912058 0.1046656 0.0865318 0.0822471 0.1241548 0.0754016 0.0593516 0.0407734 0.0789523 0.0776300 0.0718107 0.0913197 0.0686661 0.0759742 0.0800318 0.0777537 0.0750050 0.1603282 0.0778417 0.0000000 0.1550347 0.1167268 0.0687080 0.0821666 0.1242394 0.0759571 0.0717123 0.0971017 0.0849179 0.0599775 0.0749513 0.0762390 0.0719284 0.0687751 0.0842398 0.0697147 0.1114458 0.1071186 0.0493199 0.0694166 0.0899651 0.0857417 0.0341843 0.0554036 0.0767275 0.0620915 
S1148         0.2295879 0.2286423 0.2248934 0.0919492 3.6349266 0.0980415 0.1378375 0.1094227 0.1052879 0.0714508 0.1317439 0.1309395 0.1289015 0.1133638 0.1217506 0.1078075 0.1064840 0.1361131 0.0993783 0.1025917 0.1010012 0.1106734 0.0810240 0.1075315 0.1311937 0.0228191 0.1179556 0.1096318 0.1019553 0.1137782 0.1211951 0.1112355 0.0795934 0.1302519 0.1284019 0.1258794 0.1095148 0.1393879 0.0358611 0.1098108 0.1550347 0.0000000 0.0287011 0.1103608 0.0946186 0.0346440 0.1102646 0.1146052 0.0853441 0.0793991 0.0690102 0.1438007 0.1366225 0.1189903 0.1011282 0.1200769 0.0872882 0.1590129 0.1300111 0.1141376 0.1039660 0.0958561 0.1303638 0.1019553 0.0944363 0.1292026 0.1020229 
S1180         0.2615014 0.2565319 0.2728605 0.0749962 2.7424767 0.0899396 0.1181312 0.0993103 0.0884920 0.0491602 0.1112002 0.1104821 0.1065489 0.1196930 0.1205067 0.0999195 0.0967033 0.1065525 0.1051573 0.0845051 0.0832426 0.0919995 0.0885902 0.0884370 0.1197755 0.0164950 0.0989443 0.0900181 0.0710350 0.0965136 0.1015937 0.0924615 0.0852861 0.1257836 0.1084275 0.1053093 0.0911048 0.1276217 0.0473751 0.0996462 0.1167268 0.0287011 0.0000000 0.0917976 0.0629542 0.0053468 0.0936548 0.0972118 0.0826701 0.0704878 0.0529258 0.1229950 0.1161140 0.1083360 0.0850271 0.1027955 0.0716303 0.1621018 0.1097106 0.0967856 0.0708865 0.0925318 0.1123509 0.0696263 0.0785294 0.1091183 0.0857921 
S1201sl       0.2521243 0.2417098 0.2941889 0.0342677 2.3805530 0.0433909 0.1018797 0.0822899 0.0361969 0.0295475 0.0625399 0.0510157 0.0973534 0.0803782 0.0879754 0.0792486 0.0463786 0.0634576 0.0785465 0.0479053 0.0375673 0.0685506 0.0705088 0.0635897 0.0772442 0.0987700 0.0541359 0.0518019 0.0482386 0.0640505 0.0696162 0.0755026 0.0549948 0.0631089 0.0617004 0.0649227 0.0631128 0.0697785 0.1231123 0.0631751 0.0687080 0.1103608 0.0917976 0.0000000 0.0604835 0.0988816 0.0544728 0.0497777 0.0583083 0.0489141 0.0184077 0.0843078 0.0857997 0.0756325 0.0351419 0.0618956 0.0484647 0.0816426 0.0833267 0.0427715 0.0417032 0.0648812 0.0359855 0.0412624 0.0353227 0.0688101 0.0415655 
S1214sl       0.2288228 0.2855152 0.3204866 0.0339692 1.8964652 0.0549770 0.0980788 0.0720339 0.0542037 0.0480567 0.0738671 0.1020419 0.0964460 0.0962793 0.1425277 0.1026659 0.0866515 0.0559676 0.0754860 0.0674482 0.0493600 0.0886985 0.0856998 0.0750626 0.0912047 0.0767916 0.0536701 0.0429625 0.0478149 0.0547026 0.0734072 0.0823470 0.0680193 0.0779302 0.0611697 0.0554209 0.0539463 0.0811197 0.0918152 0.0913699 0.0821666 0.0946186 0.0629542 0.0604835 0.0000000 0.0696433 0.0655962 0.0613042 0.0721441 0.0550021 0.0377735 0.0984509 0.1001994 0.0824889 0.0605213 0.0731463 0.0597038 0.0783070 0.0533055 0.0610161 0.0223383 0.0881442 0.0743669 0.0408997 0.0464701 0.0820936 0.0527038 
S1223         0.2578536 0.2525063 0.2692538 0.0816984 2.7424767 0.0974044 0.1338976 0.1064866 0.0958233 0.0556395 0.1187484 0.1017469 0.0970422 0.1095020 0.1287341 0.1071196 0.0887303 0.1142861 0.1127685 0.0915082 0.0907090 0.0839371 0.0965754 0.0879758 0.1107487 0.0221256 0.1060985 0.0895387 0.0779391 0.1039840 0.1089287 0.0996129 0.0923667 0.1156274 0.1158070 0.1129430 0.0981402 0.1184062 0.0467754 0.0983494 0.1242394 0.0346440 0.0053468 0.0988816 0.0696433 0.0000000 0.1008690 0.0958857 0.0743882 0.0773427 0.0526554 0.1141615 0.1073796 0.1157180 0.0920839 0.1102272 0.0785934 0.1726570 0.1096710 0.1042900 0.0777845 0.0911237 0.1123019 0.0763886 0.0855507 0.1165293 0.0929001 
S1227         0.2438978 0.2577887 0.2500190 0.0530611 2.4105920 0.0229352 0.1142851 0.0661124 0.0226351 0.0354239 0.0413075 0.0951504 0.0882729 0.0883478 0.1039130 0.0631968 0.0806070 0.0705185 0.0694510 0.0751826 0.0236158 0.0757724 0.0757276 0.0483165 0.0918560 0.1007570 0.0609012 0.0501834 0.0409220 0.0475525 0.0540358 0.0906556 0.0758422 0.0705542 0.0550897 0.0629204 0.0540717 0.0612341 0.1333050 0.0704220 0.0759571 0.1102646 0.0936548 0.0544728 0.0655962 0.1008690 0.0000000 0.0287641 0.0805365 0.0695835 0.0376975 0.0991848 0.1009648 0.0908148 0.0405879 0.0053761 0.0280724 0.0683733 0.0742473 0.0286163 0.0535477 0.0647590 0.0407089 0.0477198 0.0163940 0.0619361 0.0220378 
S1235sl       0.2105662 0.2332006 0.2295717 0.0484477 2.0123461 0.0176381 0.1110373 0.0758778 0.0174018 0.0367781 0.0496575 0.0912374 0.1013888 0.0835322 0.1083381 0.0663826 0.0831487 0.0660494 0.0650196 0.0709622 0.0181766 0.0782050 0.0711008 0.0428601 0.0876844 0.1046193 0.0563686 0.0375186 0.0360090 0.0427499 0.0631764 0.0867968 0.0715997 0.0653887 0.0643409 0.0583024 0.0566713 0.0494116 0.1090187 0.0495858 0.0717123 0.1146052 0.0972118 0.0497777 0.0613042 0.0958857 0.0287641 0.0000000 0.0678428 0.0651372 0.0250349 0.0951968 0.0969602 0.0869545 0.0357032 0.0352567 0.0230216 0.0547779 0.0746627 0.0234736 0.0489063 0.0570262 0.0286363 0.0428965 0.0111895 0.0718222 0.0169296 
S1239         0.2235468 0.2842343 0.3241540 0.0431811 3.4328312 0.0689797 0.1017270 0.0961194 0.0678804 0.0313746 0.0903771 0.0698512 0.0625818 0.0404945 0.0852220 0.1195063 0.0637059 0.0867172 0.0928366 0.0310535 0.0627825 0.0583748 0.0393600 0.0606394 0.0680820 0.0823029 0.0651933 0.0637113 0.0588556 0.0767559 0.0984163 0.0734754 0.0374666 0.0466871 0.0736995 0.0778701 0.0755257 0.0826501 0.0899675 0.0672007 0.0971017 0.0853441 0.0826701 0.0583083 0.0721441 0.0743882 0.0805365 0.0678428 0.0000000 0.0379675 0.0130772 0.0749009 0.0921821 0.0890954 0.0583419 0.0894354 0.0590228 0.1191453 0.0747211 0.0758100 0.0736011 0.0329054 0.0836312 0.0510496 0.0586787 0.0972332 0.0657836 
S1245         0.2078681 0.2044931 0.2861582 0.0349934 2.2887721 0.0444033 0.0797814 0.0697355 0.0575120 0.0236881 0.0785215 0.0568948 0.0900414 0.0497664 0.1231627 0.0802825 0.0542955 0.0573643 0.0805487 0.0227786 0.0384447 0.0554729 0.0189278 0.0649851 0.0578392 0.0847196 0.0406453 0.0517229 0.0493384 0.0493785 0.0860413 0.0629699 0.0054006 0.0718168 0.0476312 0.0500442 0.0646411 0.0714902 0.1004371 0.0505354 0.0849179 0.0793991 0.0704878 0.0489141 0.0550021 0.0773427 0.0695835 0.0651372 0.0379675 0.0000000 0.0183979 0.1018568 0.1037230 0.0632286 0.0489219 0.0777180 0.0494594 0.1141688 0.0854175 0.0648177 0.0630534 0.0494576 0.0791025 0.0421726 0.0491878 0.0850374 0.0558252 
S1250sl       0.1444136 0.1817984 0.2312386 0.0179917 2.3693858 0.0257472 0.0618360 0.0669016 0.0251761 0.0059726 0.0533613 0.0323732 0.0627385 0.0371087 0.0682160 0.0522370 0.0439625 0.0475717 0.0700832 0.0058798 0.0264715 0.0312407 0.0205564 0.0467028 0.0460806 0.0667063 0.0307728 0.0404911 0.0248122 0.0320270 0.0608453 0.0526677 0.0247217 0.0290469 0.0379242 0.0399727 0.0467327 0.0535667 0.0665612 0.0387252 0.0599775 0.0690102 0.0529258 0.0184077 0.0377735 0.0526554 0.0376975 0.0250349 0.0130772 0.0183979 0.0000000 0.0536759 0.0699238 0.0600383 0.0182003 0.0450144 0.0183979 0.0773345 0.0453624 0.0318779 0.0310625 0.0211986 0.0315143 0.0248122 0.0182968 0.0526963 0.0246213 
S1266sl       0.2713689 0.3248376 0.2793937 0.0820218 3.1727567 0.0967000 0.1226849 0.1234028 0.0951376 0.0786381 0.0980002 0.1236211 0.0184531 0.0390863 0.1777336 0.1489282 0.1197112 0.1058663 0.1088202 0.0920835 0.0812138 0.1080212 0.0982708 0.0920140 0.0533920 0.1071261 0.1065034 0.0833400 0.0678514 0.1118571 0.1097405 0.1115961 0.0929521 0.0525735 0.1074208 0.1046397 0.1100437 0.0906699 0.1469502 0.0838322 0.0749513 0.1438007 0.1229950 0.0843078 0.0984509 0.1141615 0.0991848 0.0951968 0.0749009 0.1018568 0.0536759 0.0000000 0.0109640 0.1117932 0.0699677 0.1084189 0.1009181 0.1602117 0.0934210 0.0960877 0.0852660 0.0911441 0.1043081 0.0602696 0.0849352 0.1084841 0.0922464 
S1269         0.2640272 0.2844512 0.2483037 0.0834371 3.1690964 0.0985129 0.1427518 0.1256336 0.0968922 0.0800501 0.0997360 0.1259852 0.0252574 0.0468738 0.1918989 0.1517685 0.1218216 0.1078788 0.1108007 0.1093248 0.0827219 0.1012032 0.1089703 0.0936577 0.0542714 0.1003521 0.1084049 0.0849269 0.0690062 0.1139477 0.1117490 0.1135553 0.0946283 0.0607707 0.1093574 0.1066046 0.1120698 0.0922709 0.1399524 0.0853108 0.0762390 0.1366225 0.1161140 0.0857997 0.1001994 0.1073796 0.1009648 0.0969602 0.0921821 0.1037230 0.0699238 0.0109640 0.0000000 0.1137592 0.0711967 0.1104007 0.0929173 0.1640516 0.1110261 0.0978783 0.0867966 0.1017601 0.1062576 0.0612745 0.0864534 0.1104537 0.0939015 
S1315         0.2787333 0.2987748 0.2889054 0.0471565 1.9229854 0.0652367 0.0921250 0.1048785 0.0787377 0.0626523 0.0664963 0.1208143 0.1115092 0.0780284 0.1442511 0.0879420 0.0807863 0.0961280 0.0841398 0.0830809 0.0438242 0.1056931 0.0878038 0.1023076 0.0614334 0.1239561 0.0824184 0.0817220 0.0599944 0.0863434 0.0915488 0.0108148 0.0694878 0.0766132 0.0911163 0.0875196 0.0850175 0.0753133 0.1338712 0.0934094 0.0719284 0.1189903 0.1083360 0.0756325 0.0824889 0.1157180 0.0908148 0.0869545 0.0890954 0.0632286 0.0600383 0.1117932 0.1137592 0.0000000 0.0757274 0.0996335 0.0844722 0.1113359 0.1077254 0.0699144 0.0841084 0.0903706 0.1014501 0.0527884 0.0694581 0.1061366 0.0764032 
S1332         0.2539965 0.2724965 0.2621787 0.0342527 2.3805530 0.0296431 0.1021215 0.0824140 0.0292417 0.0230966 0.0625856 0.0639087 0.0806582 0.0805118 0.1028179 0.0703308 0.0800558 0.0651487 0.0786579 0.0545729 0.0305549 0.0686169 0.0460884 0.0636396 0.0773480 0.0919677 0.0541559 0.0449232 0.0346648 0.0490128 0.0696874 0.0755968 0.0550174 0.0631621 0.0554667 0.0575121 0.0631607 0.0698507 0.1161199 0.0632234 0.0687751 0.1011282 0.0850271 0.0351419 0.0605213 0.0920839 0.0405879 0.0357032 0.0583419 0.0489219 0.0182003 0.0699677 0.0711967 0.0757274 0.0000000 0.0473953 0.0348102 0.0707822 0.0834578 0.0355195 0.0482688 0.0649428 0.0420520 0.0412558 0.0225634 0.0688776 0.0284458 
S1369         0.2603731 0.2780000 0.2665973 0.0602613 2.4105920 0.0292773 0.1240663 0.0737308 0.0288854 0.0422377 0.0482518 0.1045265 0.0982835 0.0983701 0.1143705 0.0711459 0.0887959 0.0787677 0.0775436 0.0833527 0.0301653 0.0840200 0.0847270 0.0555840 0.1008418 0.1101224 0.0685174 0.0577845 0.0477878 0.0546744 0.0613754 0.0994552 0.0841129 0.0796683 0.0626171 0.0708300 0.0614337 0.0688950 0.1438702 0.0786671 0.0842398 0.1200769 0.1027955 0.0618956 0.0731463 0.1102272 0.0053761 0.0352567 0.0894354 0.0777180 0.0450144 0.1084189 0.1104007 0.0996335 0.0473953 0.0000000 0.0343869 0.0781184 0.0822957 0.0350778 0.0608238 0.0738937 0.0475398 0.0548850 0.0223001 0.0697149 0.0281087 
S1370         0.1967610 0.2160422 0.2380600 0.0472043 2.0123461 0.0172093 0.1077387 0.0601763 0.0169845 0.0233335 0.0483509 0.0813258 0.1078288 0.0820966 0.1047780 0.0645108 0.0743513 0.0641914 0.0632205 0.0551680 0.0177209 0.0624091 0.0537898 0.0360172 0.0863251 0.0784739 0.0548673 0.0439481 0.0351011 0.0416482 0.0614788 0.0697318 0.0556231 0.0562092 0.0625762 0.0566987 0.0551552 0.0551714 0.1020774 0.0500573 0.0697147 0.0872882 0.0716303 0.0484647 0.0597038 0.0785934 0.0280724 0.0230216 0.0590228 0.0494594 0.0183979 0.1009181 0.0929173 0.0844722 0.0348102 0.0343869 0.0000000 0.0608780 0.0822032 0.0229002 0.0476391 0.0576401 0.0349141 0.0417855 0.0109323 0.0698199 0.0165346 
S1375         0.3392189 0.3558165 0.3074947 0.0704339 2.3840469 0.0441057 0.1526489 0.1165153 0.0533779 0.0825640 0.0804439 0.1402004 0.1504037 0.1360054 0.1485394 0.0927360 0.1272877 0.1028809 0.0817444 0.1198621 0.0470298 0.1548443 0.0922018 0.1026494 0.1595272 0.1495061 0.1005766 0.0868786 0.0715159 0.0811273 0.1093086 0.1214602 0.1226473 0.0972483 0.1127726 0.0917037 0.1012021 0.1007515 0.1618049 0.1159460 0.1114458 0.1590129 0.1621018 0.0816426 0.0783070 0.1726570 0.0683733 0.0547779 0.1191453 0.1141688 0.0773345 0.1602117 0.1640516 0.1113359 0.0707822 0.0781184 0.0608780 0.0000000 0.1403493 0.0528657 0.0696050 0.1254688 0.0528657 0.0816426 0.0441057 0.1123103 0.0362084 
