113
HYZL          0.0000000 0.1367948 0.2643424 0.2980698 0.3058960 0.2632875 0.2368957 0.2534726 0.2319341 0.2572200 0.2748396 0.2818395 0.2459584 0.2532385 0.2559676 0.2962381 0.2590103 0.2485349 0.4840444 0.2709227 0.2821572 0.2494838 0.2474432 0.2388715 0.2823542 0.2713836 0.2428326 0.3019277 0.1946925 0.2445776 0.2222656 0.3288165 0.3682964 0.4123201 0.2391291 0.2543884 0.2657844 0.2942837 0.1958011 0.2900016 0.2568412 0.2488196 0.2445776 0.3182266 0.2758977 0.2583898 0.2714183 0.3726735 0.2274962 0.2683817 0.2427837 0.1978276 0.2611351 0.3102300 0.3723997 0.2344123 0.2307971 0.2766146 0.2290247 0.1872755 0.5730277 0.3162733 0.2765955 0.3421380 0.7377852 0.3091235 0.2606722 0.3015602 0.3062471 0.4262995 0.2042035 0.2873979 0.3192218 0.2354740 0.3259938 0.2184903 0.2659394 0.3914474 0.2822464 0.2298450 0.3020934 0.2759796 0.2579881 0.2460823 0.2431660 0.2307971 0.2442111 0.2732966 0.2693095 0.2431224 0.2615836 0.2441063 0.2564642 0.2301775 0.3476582 0.2612906 0.2561882 0.2944779 0.2405108 0.3264527 0.2787329 0.2528457 0.2803935 0.4019595 0.2088371 0.2579881 0.2354740 0.2388715 0.3091235 0.2659972 0.2604798 0.3407032 0.2986710 
MYZV          0.1367948 0.0000000 0.4007082 0.6476676 0.4546539 0.4168440 0.3387636 0.3813714 0.3548330 0.3848991 0.3751035 0.4007272 0.3705275 0.3775213 0.3701447 0.4010725 0.3754608 0.3630447 0.6895474 0.4058672 0.4036262 0.3686285 0.3650715 0.3317951 0.4036361 0.3569053 0.3432706 0.4188018 0.2696242 0.3561090 0.2996525 0.4885064 0.4439439 0.5395231 0.3555720 0.3510051 0.3939329 0.4387395 0.2772948 0.3977359 0.3840361 0.3785403 0.3561090 0.4529528 0.3566624 0.3453719 0.4045710 0.5512679 0.3470013 0.3988540 0.3681929 0.2921250 0.3947277 0.4621658 0.4385922 0.3647893 0.3485155 0.3419779 0.3468801 0.2599746 0.7951251 0.4724333 0.4157840 0.5057659 0.8327719 0.4028714 0.3884216 0.4011227 0.4375874 0.5631057 0.4720531 0.4312466 0.4518715 0.3510069 0.4579216 0.3784799 0.4146083 0.4861403 0.3905518 0.3178735 0.4253191 0.4116034 0.3858738 0.3584108 0.3323952 0.3485155 0.3553276 0.3654158 0.3542996 0.3387585 0.3796176 0.3288555 0.3831787 0.3368056 0.4436346 0.3735253 0.3631615 0.4490255 0.3476595 0.4901681 0.3944245 0.3128806 0.3827411 0.5912305 0.3022602 0.3858738 0.3451846 0.3317951 0.4028714 0.3939869 0.4231251 0.4424907 0.4308603 
SRR6441723    0.2643424 0.4007082 0.0000000 0.0387596 0.0886283 0.1624457 0.0819747 0.0877067 0.0711140 0.1177444 0.1158645 0.1413675 0.0994378 0.1254548 0.1183081 0.1327095 0.0972374 0.1084140 0.1481728 0.0370958 0.1289783 0.1006343 0.0999336 0.0892111 0.1186273 0.1074400 0.0836947 0.1779375 0.0420904 0.1091718 0.0911959 0.0615276 0.1460406 0.1644144 0.0938090 0.1003977 0.1163954 0.1182227 0.0686167 0.1404415 0.1081781 0.0810299 0.1091718 0.0865802 0.1414860 0.0900975 0.1181760 0.0802122 0.0700398 0.0987966 0.0794160 0.0609479 0.0887248 0.0985746 0.1529053 0.1400235 0.0989232 0.1188055 0.0742676 0.0301275 0.2360382 0.0619874 0.0534573 0.0696188 0.2143831 0.1069524 0.0859144 0.1293649 0.1382072 0.1534700 0.0000010 0.0973639 0.0755568 0.0815243 0.1017349 0.0879632 0.0625715 0.2668221 0.1187985 0.1780584 0.0933878 0.1201007 0.1281470 0.1076567 0.1083146 0.0989232 0.1189159 0.0988219 0.1257575 0.1394934 0.1180285 0.1072349 0.1172154 0.1187228 0.0621736 0.1406128 0.1129399 0.1722999 0.1000605 0.1532356 0.1090237 0.0860524 0.1610670 0.2389962 0.0327497 0.1281470 0.0721416 0.0892111 0.1069524 0.1167125 0.1283644 0.1268691 0.1302449 
ERR4210213    0.2980698 0.6476676 0.0387596 0.0000000 0.1323321 0.2766902 0.0922119 0.0387596 0.0868931 0.2499128 0.2630400 0.4909685 0.1323321 0.1882011 0.2068948 3.1907657 0.1966698 0.1972029 0.2295878 0.0387596 0.2585231 0.1882011 0.1882011 0.0000010 0.1323321 0.0882728 0.1323321 0.2585231 0.0000010 0.2068948 0.0947225 0.2128951 0.2517373 0.5967264 0.0000010 0.0000010 0.1882011 0.1882011 0.1384912 0.1882011 0.1882011 0.0866552 0.2068948 0.0000010 0.4080463 0.1871887 0.1882011 0.2128951 0.0387596 0.1882011 0.0387596 0.0464568 0.0387596 0.3094214 0.5495447 0.1443661 0.1323321 0.1384912 0.0882728 0.0000010 0.3540641 0.0387596 0.0387596 0.2128951 0.2751022 0.2135578 0.0387596 0.1958001 0.5418230 0.0916863 0.0387596 0.0387596 0.0818809 0.1323321 0.0818809 0.0846643 0.0885675 0.2055589 0.1882011 0.3878468 0.1296984 0.1882011 0.2499128 0.1966698 0.1877262 0.1323321 0.2068948 0.1323321 0.1966698 0.2178037 0.2630400 0.0000010 0.1882011 0.1517546 0.0818957 0.2717721 0.1882011 1.9853470 0.1408786 0.3677754 0.2765881 0.2017843 0.5699537 1.4733537 0.0000010 0.2499128 0.0426721 0.0000010 0.2135578 0.1323321 0.1750849 0.2135578 0.2509221 
ERR2789774    0.3058960 0.4546539 0.0886283 0.1323321 0.0000000 0.1999189 0.0544657 0.1140091 0.0968645 0.0703985 0.1349968 0.1718303 0.0539846 0.0778538 0.1469159 0.1552028 0.1241466 0.1560173 0.2175529 0.1206916 0.0688376 0.0627529 0.0623439 0.0987909 0.0789549 0.1053230 0.0558013 0.1236623 0.0408363 0.1572267 0.0904037 0.1159488 0.1249155 0.1964277 0.1271698 0.1100455 0.0696689 0.0525593 0.0969238 0.1258385 0.0619395 0.1076541 0.1572267 0.1383250 0.0985615 0.0818675 0.0705875 0.1387335 0.0953537 0.0536444 0.1054555 0.0508648 0.1444474 0.1259208 0.1729607 0.1786795 0.0781702 0.1475231 0.0471872 0.0292741 0.3327476 0.1386142 0.1068615 0.1249700 0.1138392 0.1345343 0.1212743 0.0690252 0.1885303 0.1141857 0.0787281 0.1579448 0.1153481 0.0710982 0.1367568 0.1431386 0.1320613 0.3875973 0.0528024 0.1896138 0.1362028 0.0716920 0.0967835 0.1548144 0.0868554 0.0781702 0.1678835 0.0977031 0.1541908 0.1694317 0.1664893 0.1417584 0.0700927 0.1674981 0.1548113 0.1718171 0.0644886 0.1189127 0.0622269 0.1604133 0.0533804 0.0749753 0.1576966 0.2774828 0.0437591 0.0967835 0.0799593 0.0987909 0.1345343 0.1038410 0.0794740 0.1556531 0.0773373 
PAFTOL_019361 0.2632875 0.4168440 0.1624457 0.2766902 0.1999189 0.0000000 0.1252269 0.1238975 0.1162919 0.1653561 0.1443682 0.1613366 0.1430699 0.1818269 0.1236122 0.1451059 0.1343048 0.1256591 0.2178908 0.1703012 0.1568774 0.1471443 0.1555746 0.1121251 0.1528749 0.1462581 0.1196606 0.1755287 0.0766148 0.1147218 0.1172938 0.1413400 0.2693739 0.1494325 0.1180551 0.1238794 0.1526430 0.1905373 0.0846026 0.1776531 0.1639711 0.1472796 0.1147218 0.1524399 0.1437428 0.1812089 0.1751419 0.1670475 0.1047780 0.1735701 0.1152057 0.0863879 0.1568318 0.1300025 0.1633510 0.1328322 0.1238393 0.1451310 0.1197082 0.0854411 0.2124423 0.1750937 0.1485181 0.1310639 0.5719723 0.1409972 0.1412943 0.1669656 0.1265788 0.3286030 0.1916802 0.1880804 0.1682637 0.1165191 0.1866988 0.1152057 0.1738603 0.2322924 0.1914540 0.1945403 0.1766936 0.1531503 0.1859220 0.1247606 0.1239315 0.1238393 0.1137763 0.1446385 0.1430388 0.1530482 0.1354480 0.1325556 0.1735701 0.1325422 0.2032517 0.1335264 0.1613708 0.1893024 0.1333835 0.1490515 0.1938927 0.1115398 0.1814614 0.2174093 0.0810071 0.1859220 0.1080015 0.1121251 0.1409972 0.1329175 0.1863000 0.1618860 0.1699399 
S0055         0.2368957 0.3387636 0.0819747 0.0922119 0.0544657 0.1252269 0.0000000 0.0693598 0.0535042 0.0222789 0.0956323 0.1424037 0.0073262 0.0218953 0.0705850 0.1307547 0.0867726 0.0787282 0.1479888 0.1011750 0.0302832 0.0148893 0.0147963 0.0770469 0.0146451 0.0610373 0.0074509 0.0615793 0.0306106 0.0792216 0.0461447 0.1095768 0.0926501 0.1525864 0.0698906 0.0877280 0.0145153 0.0388068 0.0404505 0.0542454 0.0147054 0.0626304 0.0792216 0.1126146 0.0223226 0.0227738 0.0223201 0.1324414 0.0527304 0.0221839 0.0614320 0.0078322 0.0886283 0.0993618 0.1398538 0.0974881 0.0145175 0.0879973 0.0000029 0.0297245 0.2367077 0.0819482 0.0713413 0.1187128 0.0787826 0.0947020 0.0765528 0.0387184 0.1275582 0.0679880 0.0409569 0.1181126 0.0973230 0.0221692 0.1047376 0.0878703 0.0732562 0.1628966 0.0307579 0.1409736 0.0961357 0.0224841 0.0377141 0.0782311 0.0145175 0.0145175 0.0880532 0.0301480 0.0949261 0.1066030 0.0874668 0.0820413 0.0221839 0.0798154 0.1333218 0.1172465 0.0151608 0.0823042 0.0000025 0.1425573 0.0311030 0.0152125 0.1394332 0.2236460 0.0212144 0.0377141 0.0375170 0.0770469 0.0947020 0.0370513 0.0301466 0.1133406 0.0468743 
S0196sl       0.2534726 0.3813714 0.0877067 0.0387596 0.1140091 0.1238975 0.0693598 0.0000000 0.0288969 0.1024921 0.0853133 0.1085824 0.0773608 0.1097894 0.0857519 0.0957969 0.0684193 0.0770417 0.1481728 0.0800723 0.1053506 0.0782221 0.0859659 0.0559008 0.0860225 0.0684582 0.0382494 0.1388747 0.0415468 0.0775140 0.0453124 0.0793013 0.1803384 0.1188926 0.0797075 0.0660141 0.0845241 0.1240155 0.0320847 0.1327035 0.0936902 0.0525458 0.0775140 0.1002393 0.1238512 0.1058201 0.1028196 0.0994360 0.0140409 0.1020565 0.0214468 0.0240654 0.0857105 0.0701833 0.1190134 0.1046552 0.0851722 0.0693470 0.0460252 0.0507750 0.2360382 0.0883625 0.0528516 0.0877565 0.2143831 0.0599391 0.0506972 0.1349980 0.1247288 0.1454182 0.0000010 0.0962004 0.0858205 0.0373366 0.0930529 0.0850016 0.0794863 0.1908627 0.1246013 0.0989729 0.0848272 0.0950540 0.1119679 0.0765666 0.0938223 0.0851722 0.0861499 0.0872697 0.0762627 0.0868574 0.0855894 0.0921170 0.1020565 0.0860557 0.0998649 0.0967054 0.0889097 0.1776256 0.0860930 0.0999135 0.1260769 0.0644854 0.1268516 0.1718650 0.0438360 0.1119679 0.0144235 0.0559008 0.0599391 0.0934505 0.1121379 0.0768244 0.1358873 
S0281         0.2319341 0.3548330 0.0711140 0.0868931 0.0968645 0.1162919 0.0535042 0.0288969 0.0000000 0.0860218 0.0609376 0.0713110 0.0694307 0.0933687 0.0695599 0.0647069 0.0447914 0.0611124 0.1420073 0.0634595 0.0883918 0.0620446 0.0697469 0.0269853 0.0866430 0.0527937 0.0385230 0.1215423 0.0099881 0.0614731 0.0299498 0.0628561 0.1828953 0.1109998 0.0480151 0.0364110 0.0685922 0.1065708 0.0321771 0.1151751 0.0774326 0.0214938 0.0614731 0.0676270 0.1064556 0.0888118 0.0862725 0.0820675 0.0141336 0.0856536 0.0215908 0.0159938 0.0695321 0.0371256 0.1010766 0.0878067 0.0691263 0.0534647 0.0304207 0.0195589 0.1528328 0.0716452 0.0374190 0.0711462 0.2931359 0.0435514 0.0359181 0.1171378 0.1071644 0.2019823 0.0388777 0.0794508 0.0696166 0.0375975 0.0769092 0.0689633 0.0630413 0.2040036 0.1070801 0.1002358 0.0688355 0.0876047 0.0951918 0.0526528 0.0775609 0.0691263 0.0698767 0.0879086 0.0524424 0.0704444 0.0694384 0.0591336 0.0856536 0.0698154 0.0917589 0.0798649 0.0721252 0.1429185 0.0698729 0.1012052 0.1083440 0.0479392 0.0882398 0.1581386 0.0105226 0.0951918 0.0145216 0.0269853 0.0435514 0.0772494 0.0953291 0.0594914 0.1179224 
S0282         0.2572200 0.3848991 0.1177444 0.2499128 0.0703985 0.1653561 0.0222789 0.1024921 0.0860218 0.0000000 0.1241732 0.1829523 0.0143671 0.0445829 0.1065082 0.1430701 0.1137282 0.1053849 0.1561153 0.1357087 0.0623374 0.0071600 0.0071171 0.0879110 0.0451779 0.0950237 0.0305786 0.0862577 0.0308399 0.1158866 0.0620514 0.1470417 0.1303452 0.2081194 0.0804052 0.0988961 0.0217501 0.0298020 0.0758198 0.0877249 0.0070748 0.0961650 0.1158866 0.1261099 0.0625143 0.0467571 0.0143100 0.1724178 0.0847304 0.0142273 0.0942722 0.0239886 0.1214945 0.1358445 0.1841349 0.1148479 0.0447625 0.1339967 0.0226401 0.0299402 0.3526656 0.1154584 0.1036369 0.1566250 0.1720328 0.1402970 0.1095935 0.0636782 0.1693408 0.1983297 0.1756939 0.1526425 0.1249883 0.0454673 0.1323610 0.1122268 0.1073020 0.2807604 0.0384041 0.1839235 0.1233668 0.0218183 0.0451979 0.1046742 0.0527237 0.0447625 0.1255173 0.0620258 0.1221753 0.1447214 0.1146667 0.0929363 0.0142273 0.1045480 0.1698256 0.1669964 0.0147093 0.0909273 0.0220568 0.1712480 0.0388332 0.0478292 0.1788911 0.2914394 0.0212144 0.0451979 0.0610639 0.0879110 0.1402970 0.0685414 0.0217331 0.1610321 0.0630489 
S0289         0.2748396 0.3751035 0.1158645 0.2630400 0.1349968 0.1443682 0.0956323 0.0853133 0.0609376 0.1241732 0.0000000 0.1404520 0.1244080 0.1504344 0.0859111 0.0855294 0.0140784 0.0685321 0.0940688 0.1081219 0.1461222 0.1168352 0.1250333 0.0270584 0.1429049 0.0779099 0.0813058 0.1833687 0.0203003 0.0776589 0.0375129 0.1070327 0.2068213 0.1593868 0.0691647 0.0365120 0.1227738 0.1681102 0.0483867 0.1760733 0.1332038 0.0872144 0.0776589 0.0900166 0.1425090 0.1465767 0.1435269 0.1292514 0.0681971 0.1423269 0.0772696 0.0585003 0.0949628 0.1073992 0.1085433 0.0958179 0.1227926 0.0606508 0.0810431 0.0195589 0.2332354 0.1167489 0.0782534 0.1159529 0.5384056 0.0756598 0.0924451 0.1700967 0.1249568 0.3798239 0.1839889 0.1248151 0.1149040 0.0880724 0.1222701 0.1039107 0.1087718 0.2333512 0.1689196 0.1298348 0.1134508 0.1458053 0.1536757 0.0364031 0.1228826 0.1227926 0.0863097 0.1451702 0.0362591 0.0863598 0.0769003 0.0811903 0.1423269 0.0855679 0.1401654 0.1239575 0.1295647 0.1661582 0.1147441 0.1429489 0.1710356 0.0728440 0.1495608 0.1825229 0.0105226 0.1536757 0.0701862 0.0270584 0.0756598 0.1317910 0.1539529 0.0930981 0.1805384 
S0292         0.2818395 0.4007272 0.1413675 0.4909685 0.1718303 0.1613366 0.1424037 0.1085824 0.0713110 0.1829523 0.1404520 0.0000000 0.1621765 0.1907990 0.1627749 0.0874674 0.1303382 0.1515328 0.6331822 0.1431982 0.1748251 0.1541954 0.1630771 0.0470358 0.1843271 0.1301044 0.1258200 0.2290711 0.0314917 0.1527371 0.1130954 0.1019135 0.2655845 0.1581827 0.0705030 0.0571500 0.1598321 0.1837001 0.1228642 0.2231266 0.1719271 0.0991900 0.1527371 0.0912285 0.2123772 0.1896996 0.1838737 0.1247552 0.0895503 0.1821127 0.0998066 0.1031106 0.1504259 0.0718348 0.1369981 0.1876374 0.1611043 0.1427569 0.1150932 0.0410552 0.7178515 0.1687303 0.1220012 0.1111362 0.9291070 0.1161371 0.1160973 0.1971855 0.1317771 0.6791893 0.3529493 0.1611780 0.1378753 0.1223422 0.1705699 0.1489990 0.1570509 0.4963772 0.1846063 0.1300956 0.1605139 0.1869650 0.1953594 0.1400395 0.1719660 0.1611043 0.1513815 0.1875712 0.1394517 0.1652446 0.1622895 0.0828108 0.1821127 0.1633056 0.1741565 0.1306106 0.1694917 0.1818787 0.1630657 0.1116914 0.1870071 0.1407111 0.0215090 0.1553674 0.0332542 0.1953594 0.0923577 0.0470358 0.1161371 0.1712553 0.1957906 0.1364685 0.1754781 
S0293         0.2459584 0.3705275 0.0994378 0.1323321 0.0539846 0.1430699 0.0073262 0.0773608 0.0694307 0.0143671 0.1244080 0.1621765 0.0000000 0.0293308 0.0971169 0.1442951 0.1139424 0.1055855 0.2175529 0.1170440 0.0461088 0.0072007 0.0071575 0.0886332 0.0221616 0.0781270 0.0074965 0.0696204 0.0311084 0.1062986 0.0541007 0.1278530 0.1113082 0.1728682 0.0810847 0.0997177 0.0218773 0.0299822 0.0577200 0.0707968 0.0071147 0.0790402 0.1062986 0.1272192 0.0462367 0.0307387 0.0143912 0.1519310 0.0604744 0.0143085 0.0693673 0.0078318 0.1038780 0.1171686 0.1632621 0.1053847 0.0294494 0.1156162 0.0074441 0.0301926 0.3327476 0.0975588 0.0865083 0.1372064 0.1225599 0.1133448 0.0927151 0.0550446 0.1584148 0.1080043 0.0787281 0.1337964 0.1068005 0.0223067 0.1142390 0.1029957 0.0895444 0.2346926 0.0386455 0.1631278 0.1054632 0.0143626 0.0454778 0.1048721 0.0371650 0.0294494 0.1157175 0.0380255 0.1224031 0.1355691 0.1148842 0.0937433 0.0143085 0.0960960 0.1497112 0.1472748 0.0147954 0.1019736 0.0146514 0.1509799 0.0390800 0.0314382 0.1586846 0.2654171 0.0214053 0.0454778 0.0374574 0.0886332 0.1133448 0.0526147 0.0218601 0.1330089 0.0634630 
S0294         0.2532385 0.3775213 0.1254548 0.1882011 0.0778538 0.1818269 0.0218953 0.1097894 0.0933687 0.0445829 0.1504344 0.1907990 0.0293308 0.0000000 0.1039523 0.1768208 0.1394552 0.1123164 0.2947379 0.1463041 0.0450069 0.0372536 0.0370226 0.1080444 0.0443862 0.0932692 0.0300362 0.0679351 0.0517995 0.1130720 0.0784229 0.1547391 0.0901446 0.2160062 0.1019348 0.1193030 0.0363146 0.0621337 0.0837879 0.0690558 0.0367942 0.1036276 0.1130720 0.1243119 0.0613752 0.0459099 0.0446800 0.1802965 0.0919715 0.0443954 0.1015985 0.0320247 0.1313621 0.1434753 0.1920000 0.1429490 0.0439861 0.1415275 0.0222440 0.0502686 0.2442545 0.1254476 0.1130937 0.1642900 0.0349394 0.1476647 0.0997466 0.0704485 0.1862375 0.1033621 0.1248616 0.1634887 0.1141754 0.0446664 0.1214904 0.1302134 0.1171399 0.2885958 0.0538748 0.1917589 0.1127441 0.0450080 0.0603642 0.1300895 0.0518003 0.0439861 0.1224288 0.0609063 0.1479798 0.1421401 0.1215504 0.1152357 0.0443954 0.1328792 0.1815921 0.1746451 0.0379373 0.1211482 0.0291877 0.1790524 0.0544753 0.0469433 0.1865709 0.2845766 0.0431033 0.0603642 0.0687752 0.1080444 0.1476647 0.0673258 0.0527863 0.1684380 0.0789447 
S0303         0.2559676 0.3701447 0.1183081 0.2068948 0.1469159 0.1236122 0.0705850 0.0857519 0.0695599 0.1065082 0.0859111 0.1627749 0.0971169 0.1039523 0.0000000 0.0635411 0.0688860 0.0141834 0.1528328 0.1296069 0.0992016 0.0895281 0.0975884 0.0560602 0.1157685 0.0959303 0.0821152 0.1334786 0.0416691 0.0069606 0.0535190 0.1282390 0.1755368 0.1169320 0.0182680 0.0662046 0.0958763 0.1380985 0.0573350 0.1463811 0.1056287 0.0965765 0.0069606 0.1011705 0.1154429 0.1188081 0.1153316 0.1524668 0.0685334 0.1144218 0.0677916 0.0501089 0.0875007 0.1174968 0.1287794 0.0611682 0.1145286 0.0777436 0.0728984 0.0509242 0.0439896 0.1090850 0.0972549 0.1376408 0.3075487 0.1017921 0.0762534 0.1280032 0.0788415 0.3297881 0.1354167 0.1469507 0.1155524 0.0885411 0.1229604 0.0951153 0.1283113 0.1140026 0.1387719 0.1514323 0.1140802 0.1171645 0.1036518 0.0607290 0.1146079 0.1145286 0.0140515 0.1365538 0.0604853 0.0359802 0.0214748 0.0280838 0.1144218 0.0521632 0.1642464 0.1033603 0.1010698 0.1431734 0.0880895 0.1492257 0.1404874 0.0822168 0.1831633 0.1656198 0.0439729 0.1036518 0.0705429 0.0560602 0.1017921 0.1234747 0.1252175 0.1089537 0.1600770 
S0308         0.2962381 0.4010725 0.1327095 3.1907657 0.1552028 0.1451059 0.1307547 0.0957969 0.0647069 0.1430701 0.0855294 0.0874674 0.1442951 0.1768208 0.0635411 0.0000000 0.0750985 0.0540991 3.1907657 0.1525212 0.1452438 0.1229784 0.1330449 0.0268546 0.1692028 0.0961799 0.1028861 0.2050023 0.0201323 0.0540991 0.0661442 0.0537032 0.2315996 0.0344612 0.0089252 0.0362315 0.1300949 0.1559237 0.0731609 0.2129031 0.1430701 0.0867341 0.0540991 0.0676446 0.1545276 0.1618941 0.1559888 0.0752068 0.0744642 0.1543593 0.0734759 0.0846097 0.1202494 0.0255887 0.0539272 0.1092523 0.1432548 0.0869987 0.1010263 0.0295565 8.9999987 0.1638354 0.1105762 0.0630786 8.6574947 0.1044973 0.0839152 0.1690919 0.0343424 4.7288161 3.1907657 0.1743105 0.0961714 0.0996415 0.1308581 0.1418633 0.1352397 0.7904326 0.1568179 0.1136666 0.1085497 0.1590215 0.1281030 0.0852335 0.1432548 0.1432548 0.0638794 0.1726036 0.0647215 0.0638749 0.0540991 0.0182827 0.1543593 0.0854304 0.1699524 0.0858349 0.1390094 0.1045200 0.1432548 0.0539716 0.1438965 0.1050149 0.1101091 0.0551569 0.0212144 0.1281030 0.0761267 0.0268546 0.1044973 0.1546753 0.1543593 0.1131450 0.1465391 
S0320         0.2590103 0.3754608 0.0972374 0.1966698 0.1241466 0.1343048 0.0867726 0.0684193 0.0447914 0.1137282 0.0140784 0.1303382 0.1139424 0.1394552 0.0688860 0.0750985 0.0000000 0.0522528 0.0441611 0.0895362 0.1359110 0.1064356 0.1145023 0.0178199 0.1329733 0.0610790 0.0724078 0.1712967 0.0203003 0.0608834 0.0220666 0.0886582 0.2184148 0.1385354 0.0585307 0.0270502 0.1124757 0.1561490 0.0399021 0.1652748 0.1225441 0.0699099 0.0608834 0.1007511 0.1326046 0.1364662 0.1325250 0.1095578 0.0520052 0.1314517 0.0605875 0.0496072 0.0775587 0.0889406 0.0898842 0.0869235 0.1133416 0.0445895 0.0721755 0.0195589 0.1619613 0.0979724 0.0613449 0.0972993 0.4436513 0.0756599 0.0755380 0.1591764 0.1060425 0.3133417 0.1300824 0.1059136 0.1143391 0.0792387 0.1216722 0.0861674 0.1082291 0.1920744 0.1568973 0.1298721 0.1129012 0.1346090 0.1423939 0.0214253 0.1134185 0.1133416 0.0691965 0.1350507 0.0213410 0.0692238 0.0603044 0.0701209 0.1314517 0.0686162 0.1199354 0.1051911 0.1185857 0.1645929 0.1053694 0.1522787 0.1588319 0.0640742 0.1496183 0.1710917 0.0105226 0.1423939 0.0534981 0.0178199 0.0756599 0.1221771 0.1426387 0.0931065 0.1694205 
S0322         0.2485349 0.3630447 0.1084140 0.1972029 0.1560173 0.1256591 0.0787282 0.0770417 0.0611124 0.1053849 0.0685321 0.1515328 0.1055855 0.1123164 0.0141834 0.0540991 0.0522528 0.0000000 0.0896994 0.1193327 0.1078591 0.0980369 0.1061013 0.0463900 0.1244270 0.0868742 0.0815824 0.1422459 0.0310045 0.0070521 0.0456150 0.1180953 0.1852279 0.1071765 0.0090699 0.0563499 0.1042314 0.1471726 0.0485548 0.1359641 0.1141422 0.0874557 0.0070521 0.0903919 0.1240802 0.1276931 0.1239830 0.1414618 0.0602248 0.1229921 0.0595853 0.0497955 0.0785801 0.1076922 0.1186036 0.0620841 0.1050423 0.0691499 0.0724387 0.0404334 0.1001018 0.1092538 0.0880488 0.1273082 0.2918878 0.0928546 0.0678430 0.1500324 0.0800711 0.3143763 0.1303259 0.1364457 0.1059391 0.0795234 0.1133315 0.0966160 0.1182065 0.1542649 0.1478834 0.1405642 0.1046243 0.1259425 0.1119833 0.0444312 0.1051090 0.1050423 0.0142398 0.1263640 0.0442537 0.0289145 0.0069906 0.0185884 0.1229921 0.0449282 0.1528813 0.0942648 0.1098858 0.1544941 0.0970704 0.1385376 0.1497081 0.0730924 0.1714879 0.1541335 0.0327115 0.1119833 0.0619727 0.0463900 0.0928546 0.1138115 0.1339813 0.0999943 0.1602032 
S0327         0.4840444 0.6895474 0.1481728 0.2295878 0.2175529 0.2178908 0.1479888 0.1481728 0.1420073 0.1561153 0.0940688 0.6331822 0.2175529 0.2947379 0.1528328 3.1907657 0.0441611 0.0896994 0.0000000 0.1481728 0.4014037 0.2175529 0.2175529 0.0000010 0.2175529 0.2175529 0.2175529 0.4014037 0.0000010 0.1528328 0.0474644 0.4451663 0.3849040 0.6110019 0.0000010 0.0000010 0.2175529 0.2175529 0.1389146 0.2947379 0.2175529 0.1958202 0.1528328 0.0000010 0.3140844 0.2919920 0.2175529 0.4451663 0.1481728 0.2175529 0.1481728 0.0993691 0.1481728 0.5044253 0.5088802 0.0950232 0.2175529 0.1389146 0.2175529 0.0000010 0.1462343 0.1481728 0.1481728 0.4451663 0.2947379 0.1340481 0.1481728 0.2432991 0.4583693 0.2281600 0.1481728 0.1481728 0.1481728 0.2175529 0.1481728 0.1634702 0.2342454 0.1521144 0.2175529 0.5615961 0.2106227 0.2175529 0.2919920 0.0441611 0.2192945 0.2175529 0.1528328 0.2175529 0.0441611 0.1536888 0.1432335 0.0000010 0.2175529 0.0953549 0.2113958 0.2715024 0.2175529 0.6142555 0.1633543 0.7094814 0.3293502 0.1420615 0.7432702 1.0210704 0.0000010 0.2919920 0.1556726 0.0000010 0.1340481 0.2175529 0.3196234 0.1340481 0.2934914 
S0335         0.2709227 0.4058672 0.0370958 0.0387596 0.1206916 0.1703012 0.1011750 0.0800723 0.0634595 0.1357087 0.1081219 0.1431982 0.1170440 0.1463041 0.1296069 0.1525212 0.0895362 0.1193327 0.1481728 0.0000000 0.1428317 0.1093376 0.1176369 0.1054259 0.1395601 0.0998130 0.0850450 0.1803395 0.0809611 0.1201996 0.0730439 0.0725242 0.1951765 0.1841518 0.1208724 0.1175966 0.1177686 0.1608131 0.0793207 0.1628051 0.1259122 0.0910449 0.1201996 0.1020556 0.1640824 0.1094820 0.1362473 0.0927072 0.0624997 0.1162972 0.0717667 0.0609479 0.0699428 0.1124039 0.1715166 0.1388570 0.1187151 0.1108636 0.0754407 0.0774761 0.2360382 0.0528948 0.0293397 0.0810866 0.2354472 0.0991811 0.0784285 0.1774952 0.1765140 0.1567517 0.0000010 0.0522468 0.0870151 0.0828032 0.0943446 0.0693668 0.0533840 0.1560814 0.1652424 0.1534567 0.0859918 0.1272472 0.1495695 0.1184681 0.1285891 0.1187151 0.1201084 0.1185869 0.1179738 0.1314820 0.1292795 0.1359253 0.1351045 0.1177804 0.0372846 0.1187086 0.1109923 0.2288436 0.1201093 0.1552848 0.1539898 0.0874822 0.1632217 0.2429771 0.0579520 0.1495695 0.0549453 0.1054259 0.0991811 0.1180914 0.1467194 0.1190101 0.1787103 
S0376         0.2821572 0.4036262 0.1289783 0.2585231 0.0688376 0.1568774 0.0302832 0.1053506 0.0883918 0.0623374 0.1461222 0.1748251 0.0461088 0.0450069 0.0992016 0.1452438 0.1359110 0.1078591 0.4014037 0.1428317 0.0000000 0.0466151 0.0543479 0.0783803 0.0456134 0.0794340 0.0310088 0.0530599 0.0200550 0.1086061 0.0728935 0.1391704 0.0800432 0.1998623 0.0711461 0.0892645 0.0374480 0.0534177 0.0869098 0.0710606 0.0539967 0.1172413 0.1086061 0.1147817 0.0460224 0.0556775 0.0624968 0.1642919 0.0870270 0.0620654 0.0968871 0.0331336 0.1275022 0.1280665 0.1759844 0.1382468 0.0451898 0.1380063 0.0229518 0.0294397 0.3485896 0.1212741 0.1086253 0.1487632 0.0745169 0.1444324 0.1126307 0.0452301 0.1706473 0.1166678 0.1799937 0.1607100 0.1163950 0.0461108 0.1352264 0.1263460 0.1311527 0.4588289 0.0453783 0.1787517 0.1260018 0.0629774 0.0791960 0.1262327 0.0532367 0.0451898 0.1182604 0.0626534 0.1447557 0.1386267 0.1173865 0.0835564 0.0620654 0.1290385 0.1794169 0.1389310 0.0475102 0.0882818 0.0299769 0.1726571 0.0458766 0.0485444 0.1604015 0.2560210 0.0215338 0.0791960 0.0630713 0.0783803 0.1444324 0.0530211 0.0712347 0.1659270 0.0532154 
S0400         0.2494838 0.3686285 0.1006343 0.1882011 0.0627529 0.1471443 0.0148893 0.0782221 0.0620446 0.0071600 0.1168352 0.1541954 0.0072007 0.0372536 0.0895281 0.1229784 0.1064356 0.0980369 0.2175529 0.1093376 0.0466151 0.0000000 0.0000025 0.0685306 0.0377510 0.0707032 0.0227037 0.0703943 0.0308400 0.0986956 0.0466194 0.1200660 0.1221156 0.1782638 0.0604423 0.0793134 0.0072271 0.0224079 0.0666830 0.0800105 0.0000025 0.0799402 0.0986956 0.1054150 0.0548585 0.0390737 0.0071713 0.1439320 0.0611297 0.0071303 0.0701362 0.0158263 0.0964459 0.1094583 0.1552536 0.0978630 0.0374052 0.1080061 0.0150366 0.0301926 0.3327476 0.0899371 0.0790824 0.1294416 0.1221071 0.1146744 0.0854660 0.0639993 0.1506195 0.1513746 0.1248616 0.1262163 0.0991663 0.0300365 0.1067183 0.0956222 0.0905958 0.2722793 0.0308025 0.1551450 0.0979292 0.0145815 0.0300430 0.0973770 0.0453216 0.0374052 0.1080949 0.0544343 0.1149441 0.1279052 0.1073211 0.0724608 0.0071303 0.0886024 0.1418274 0.1395127 0.0073273 0.0923277 0.0223326 0.1430496 0.0311484 0.0394467 0.1508744 0.2569262 0.0212146 0.0300430 0.0378562 0.0685306 0.1146744 0.0531800 0.0145247 0.1346154 0.0553289 
S0405         0.2474432 0.3650715 0.0999336 0.1882011 0.0623439 0.1555746 0.0147963 0.0859659 0.0697469 0.0071171 0.1250333 0.1630771 0.0071575 0.0370226 0.0975884 0.1330449 0.1145023 0.1061013 0.2175529 0.1176369 0.0543479 0.0000025 0.0000000 0.0782360 0.0375137 0.0784881 0.0227037 0.0781505 0.0308396 0.1068222 0.0543438 0.1285168 0.1212347 0.1873962 0.0704390 0.0891221 0.0144468 0.0222682 0.0666832 0.0794800 0.0000025 0.0794103 0.1068222 0.1157842 0.0545004 0.0388194 0.0071283 0.1527663 0.0687154 0.0070876 0.0778635 0.0158257 0.1043764 0.1177625 0.1641730 0.1058974 0.0371724 0.1161934 0.0150369 0.0299402 0.3327476 0.0980347 0.0869131 0.1379253 0.1221071 0.1227251 0.0931423 0.0635739 0.1592702 0.1513746 0.1248616 0.1344778 0.1073291 0.0300365 0.1148016 0.1034854 0.0899786 0.2722793 0.0306052 0.1640347 0.1059773 0.0144920 0.0298546 0.1053803 0.0450368 0.0371724 0.1162962 0.0540822 0.1230074 0.1362687 0.1154536 0.0827160 0.0070876 0.0965559 0.1505202 0.1480560 0.0073270 0.0916221 0.0221938 0.1518018 0.0309460 0.0394467 0.1595434 0.2671549 0.0212146 0.0298546 0.0453933 0.0782360 0.1227251 0.0607243 0.0144358 0.1428471 0.0549662 
S0407sl       0.2388715 0.3317951 0.0892111 0.0000010 0.0987909 0.1121251 0.0770469 0.0559008 0.0269853 0.0879110 0.0270584 0.0470358 0.0886332 0.1080444 0.0560602 0.0268546 0.0178199 0.0463900 0.0000010 0.1054259 0.0783803 0.0685306 0.0782360 0.0000000 0.1111572 0.0269874 0.0388531 0.1321308 0.0000024 0.0463900 0.0088956 0.0461923 0.1522581 0.0665388 0.0374824 0.0086890 0.0766048 0.0993615 0.0200316 0.1370070 0.0879110 0.0468585 0.0463900 0.0772812 0.0985549 0.1030044 0.0992720 0.0680305 0.0362315 0.0983535 0.0463646 0.0406926 0.0891068 0.0175822 0.0178949 0.0885714 0.0881066 0.0274801 0.0483281 0.0095412 0.0000010 0.1163930 0.0683040 0.0558225 0.4464921 0.0647192 0.0647192 0.1111425 0.0450801 2.2148434 0.0000010 0.1266481 0.0762582 0.0476816 0.1096627 0.0984626 0.0909152 0.6356621 0.0999402 0.0691372 0.0879824 0.1011977 0.0994381 0.0269875 0.0881066 0.0881066 0.0563658 0.1132613 0.0268546 0.0563590 0.0463900 0.0480490 0.0983535 0.0658716 0.1333592 0.0791516 0.0816236 0.0921156 0.0881066 0.0684286 0.0884930 0.0396151 0.0571567 0.0584345 0.0000025 0.0994381 0.0367001 0.0000010 0.0647192 0.0986056 0.0983535 0.0857998 0.1013962 
S0412sl       0.2823542 0.4036361 0.1186273 0.1323321 0.0789549 0.1528749 0.0146451 0.0860225 0.0866430 0.0451779 0.1429049 0.1843271 0.0221616 0.0443862 0.1157685 0.1692028 0.1329733 0.1244270 0.2175529 0.1395601 0.0456134 0.0377510 0.0375137 0.1111572 0.0000000 0.0865518 0.0074177 0.0858648 0.0527864 0.1253078 0.0714598 0.1481336 0.0890914 0.1971284 0.1049896 0.1227792 0.0367870 0.0630061 0.0669369 0.0700143 0.0372792 0.0968682 0.1253078 0.1509569 0.0457386 0.0383990 0.0452780 0.1737220 0.0687696 0.0449856 0.0779197 0.0159802 0.1247545 0.1368473 0.1855214 0.1352033 0.0291484 0.1349727 0.0148797 0.0511966 0.3327476 0.1186158 0.1063532 0.1577805 0.0735456 0.1130212 0.1103617 0.0544380 0.1798842 0.0658477 0.0787281 0.1569940 0.1249451 0.0220744 0.1323170 0.1236498 0.1093506 0.2823536 0.0546224 0.1853034 0.1233244 0.0374946 0.0611860 0.1235490 0.0367798 0.0291484 0.1351134 0.0298006 0.1416072 0.1558009 0.1340927 0.1187867 0.0449856 0.1262277 0.1749788 0.1682232 0.0384533 0.1343433 0.0145029 0.1820148 0.0552405 0.0392694 0.1802076 0.2936715 0.0439547 0.0611860 0.0456960 0.1111572 0.1130212 0.0520614 0.0535035 0.1326170 0.0627564 
S0417         0.2713836 0.3569053 0.1074400 0.0882728 0.1053230 0.1462581 0.0610373 0.0684582 0.0527937 0.0950237 0.0779099 0.1301044 0.0781270 0.0932692 0.0959303 0.0961799 0.0610790 0.0868742 0.2175529 0.0998130 0.0794340 0.0707032 0.0784881 0.0269874 0.0865518 0.0000000 0.0304879 0.1030736 0.0202460 0.0874284 0.0146922 0.0986467 0.1293821 0.1313262 0.0583325 0.0364094 0.0685256 0.1067391 0.0583129 0.1150347 0.0862537 0.0784703 0.0874284 0.1117395 0.1063306 0.0798203 0.0953179 0.1204575 0.0520395 0.0946155 0.0606248 0.0408182 0.0870480 0.0888585 0.1001370 0.1071925 0.0690584 0.0619086 0.0379659 0.0401395 0.3327476 0.1084598 0.0703897 0.1075166 0.0758982 0.1034426 0.0755779 0.1074021 0.1266010 0.0315471 0.0394182 0.1165702 0.0959621 0.0375642 0.1124713 0.1041411 0.0989710 0.3036664 0.0976205 0.1190931 0.1038361 0.0960584 0.0950877 0.0692198 0.0774827 0.0690584 0.0963896 0.0878141 0.0525704 0.0793216 0.0957354 0.0698628 0.0946155 0.0880786 0.1315324 0.1268183 0.0805567 0.1800535 0.0698035 0.1415272 0.0987597 0.0395047 0.1274814 0.1979955 0.0213371 0.0950877 0.0370134 0.0269874 0.1034426 0.0771721 0.1045855 0.1225213 0.1081206 
S0419         0.2428326 0.3432706 0.0836947 0.1323321 0.0558013 0.1196606 0.0074509 0.0382494 0.0385230 0.0305786 0.0813058 0.1258200 0.0074965 0.0300362 0.0821152 0.1028861 0.0724078 0.0815824 0.2175529 0.0850450 0.0310088 0.0227037 0.0227037 0.0388531 0.0074177 0.0304879 0.0000000 0.0630689 0.0308750 0.0821152 0.0153786 0.0935561 0.1043897 0.1372210 0.0513870 0.0491776 0.0148503 0.0479983 0.0492122 0.0553210 0.0227037 0.0555772 0.0821152 0.0838160 0.0390988 0.0312793 0.0306406 0.1158731 0.0224272 0.0304451 0.0304823 0.0078906 0.0817448 0.0835410 0.1163422 0.1011489 0.0147889 0.0734474 0.0073987 0.0302264 0.3327476 0.0743425 0.0559421 0.1026934 0.0735456 0.0720431 0.0617617 0.0478868 0.1325980 0.0658477 0.0787281 0.1021599 0.0731969 0.0000025 0.0808296 0.0810361 0.0660712 0.2924771 0.0396224 0.1266988 0.0723301 0.0228315 0.0386120 0.0722056 0.0223974 0.0147889 0.0913081 0.0151216 0.0807058 0.1015383 0.0906739 0.0633922 0.0304451 0.0827507 0.1166358 0.1124219 0.0232761 0.1173933 0.0074308 0.1259780 0.0400789 0.0231172 0.1232089 0.2221809 0.0214053 0.0386120 0.0000028 0.0388531 0.0720431 0.0300362 0.0388056 0.0904045 0.0475283 
S0427         0.3019277 0.4188018 0.1779375 0.2585231 0.1236623 0.1755287 0.0615793 0.1388747 0.1215423 0.0862577 0.1833687 0.2290711 0.0696204 0.0679351 0.1334786 0.2050023 0.1712967 0.1422459 0.4014037 0.1803395 0.0530599 0.0703943 0.0781505 0.1321308 0.0858648 0.1030736 0.0630689 0.0000000 0.0626259 0.1432891 0.1061584 0.1890472 0.1385616 0.2315011 0.1267676 0.1440837 0.0603161 0.1068771 0.1142753 0.0958154 0.0776439 0.1519518 0.1432891 0.1752789 0.0866446 0.0800539 0.0865114 0.2177377 0.1196275 0.0858883 0.1302398 0.0674264 0.1629450 0.1765398 0.2304515 0.1757686 0.0685078 0.1739789 0.0544614 0.0956295 0.3485896 0.1574885 0.1433378 0.1781381 0.0745169 0.1798619 0.1459266 0.1160564 0.2231455 0.1465903 0.1799937 0.1982884 0.1644594 0.0781079 0.1717256 0.1421478 0.1688858 0.3481571 0.0977311 0.2300190 0.1621451 0.0871790 0.1035992 0.1611742 0.0768673 0.0685078 0.1534012 0.0952059 0.1596546 0.1538995 0.1521979 0.1412968 0.0858883 0.1648281 0.2194557 0.1856765 0.0717617 0.1537956 0.0692410 0.2159842 0.0988749 0.0736466 0.2235873 0.3227831 0.0794251 0.1035992 0.0953806 0.1321308 0.1798619 0.0765610 0.0955952 0.2025079 0.1254060 
S0428sl       0.1946925 0.2696242 0.0420904 0.0000010 0.0408363 0.0766148 0.0306106 0.0415468 0.0099881 0.0308399 0.0203003 0.0314917 0.0311084 0.0517995 0.0416691 0.0201323 0.0203003 0.0310045 0.0000010 0.0809611 0.0200550 0.0308400 0.0308396 0.0000024 0.0527864 0.0202460 0.0308750 0.0626259 0.0000000 0.0310045 0.0101320 0.0200480 0.0643338 0.0419019 0.0209053 0.0098648 0.0306106 0.0304407 0.0211496 0.0772649 0.0308399 0.0206226 0.0310045 0.0415449 0.0411274 0.0542417 0.0418147 0.0423463 0.0201323 0.0414438 0.0309955 0.0215438 0.0661510 0.0000024 0.0203977 0.0761348 0.0306106 0.0314278 0.0204239 0.0000029 0.0000010 0.0801272 0.0425406 0.0303058 0.4464921 0.0514982 0.0408880 0.0409081 0.0300436 1.1549879 0.0000010 0.1042644 0.0409465 0.0306107 0.0752109 0.0648522 0.0429712 0.5812868 0.0306363 0.0554157 0.0525775 0.0427077 0.0531180 0.0202421 0.0306106 0.0306106 0.0419197 0.0419019 0.0201323 0.0419076 0.0310045 0.0322525 0.0414438 0.0525097 0.1102870 0.0434126 0.0322626 0.0209244 0.0306106 0.0428400 0.0200813 0.0315172 0.0314917 0.0547692 0.0000020 0.0531180 0.0204239 0.0000024 0.0514982 0.0521114 0.0414438 0.0745966 0.0307820 
S0430         0.2445776 0.3561090 0.1091718 0.2068948 0.1572267 0.1147218 0.0792216 0.0775140 0.0614731 0.1158866 0.0776589 0.1527371 0.1062986 0.1130720 0.0069606 0.0540991 0.0608834 0.0070521 0.1528328 0.1201996 0.1086061 0.0986956 0.1068222 0.0463900 0.1253078 0.0874284 0.0821152 0.1432891 0.0310045 0.0000000 0.0456150 0.1189423 0.1868127 0.1079151 0.0090699 0.0563499 0.1049247 0.1482967 0.0488520 0.1369665 0.1149262 0.0880178 0.0000010 0.0903919 0.1249557 0.1286254 0.1248591 0.1425628 0.0605751 0.1238519 0.0599277 0.0501089 0.0790730 0.1084382 0.1194571 0.0532180 0.1057464 0.0695669 0.0728984 0.0404334 0.0439896 0.1100234 0.0886199 0.1282390 0.3075487 0.0934400 0.0682431 0.1379633 0.0705410 0.3297881 0.1354167 0.1374599 0.1066591 0.0800279 0.1141028 0.0866930 0.1190513 0.1140026 0.1490181 0.1416450 0.1053233 0.1268474 0.1127334 0.0528374 0.1058136 0.1057464 0.0069876 0.1272750 0.0526242 0.0286282 0.0142375 0.0185884 0.1238519 0.0444598 0.1541094 0.0948700 0.1106630 0.1544941 0.0970704 0.1395853 0.1508738 0.0735609 0.1729003 0.1553844 0.0327115 0.1127334 0.0623447 0.0463900 0.0934400 0.1145893 0.1349530 0.1006270 0.1614792 
S0478         0.2222656 0.2996525 0.0911959 0.0947225 0.0904037 0.1172938 0.0461447 0.0453124 0.0299498 0.0620514 0.0375129 0.1130954 0.0541007 0.0784229 0.0535190 0.0661442 0.0220666 0.0456150 0.0474644 0.0730439 0.0728935 0.0466194 0.0543438 0.0088956 0.0714598 0.0146922 0.0153786 0.1061584 0.0101320 0.0456150 0.0000000 0.0824486 0.1442364 0.1228442 0.0480151 0.0180024 0.0537596 0.0902860 0.0242823 0.0995252 0.0620514 0.0545256 0.0456150 0.0904272 0.0807883 0.0732652 0.0706902 0.1035482 0.0295297 0.0701947 0.0376187 0.0242560 0.0619058 0.0729245 0.0655305 0.0621349 0.0541902 0.0301037 0.0231285 0.0198336 0.1073822 0.0814288 0.0458954 0.0912517 0.0885464 0.0696136 0.0525377 0.0912074 0.0895725 0.0775366 0.0421040 0.0893816 0.0717808 0.0227332 0.0792794 0.0693557 0.0725238 0.1216982 0.0913320 0.0942542 0.0709486 0.0712034 0.0799508 0.0296499 0.0541902 0.0541902 0.0537570 0.0725057 0.0295297 0.0537509 0.0537448 0.0591336 0.0701947 0.0449775 0.1024854 0.0901743 0.0557353 0.1650950 0.0541902 0.1242304 0.0924219 0.0156162 0.1215351 0.1643278 0.0105226 0.0799508 0.0221609 0.0088956 0.0696136 0.0622858 0.0795581 0.0872716 0.1019185 
S0552sl       0.3288165 0.4885064 0.0615276 0.2128951 0.1159488 0.1413400 0.1095768 0.0793013 0.0628561 0.1470417 0.1070327 0.1019135 0.1278530 0.1547391 0.1282390 0.0537032 0.0886582 0.1180953 0.4451663 0.0725242 0.1391704 0.1200660 0.1285168 0.0461923 0.1481336 0.0986467 0.0935561 0.1890472 0.0200480 0.1189423 0.0824486 0.0000000 0.1922794 0.0891194 0.0691463 0.0561098 0.1261200 0.1476356 0.0784819 0.1609318 0.1369419 0.0901355 0.1189423 0.0559699 0.1729471 0.1415058 0.1476630 0.0142928 0.0619145 0.1463813 0.0710792 0.0708324 0.0978714 0.0368575 0.0800096 0.1505429 0.1271184 0.1097150 0.0838450 0.0193249 0.6476039 0.0808594 0.0376043 0.0069245 0.4856622 0.1164868 0.0776884 0.1596657 0.0862524 0.3638245 0.1389371 0.0798931 0.0775082 0.0910949 0.1045190 0.0970206 0.0816452 0.4649102 0.1483511 0.1567688 0.0959106 0.1500775 0.1581919 0.1172501 0.1370517 0.1271184 0.1289083 0.1269801 0.1167652 0.1300741 0.1279203 0.0811697 0.1463813 0.1286802 0.0829117 0.1109947 0.1333240 0.1665135 0.1286027 0.0800818 0.1397612 0.0865580 0.1204716 0.1451771 0.0103882 0.1581919 0.0637670 0.0461923 0.1164868 0.1168614 0.1584906 0.1368954 0.1397452 
S0558         0.3682964 0.4439439 0.1460406 0.2517373 0.1249155 0.2693739 0.0926501 0.1803384 0.1828953 0.1303452 0.2068213 0.2655845 0.1113082 0.0901446 0.1755368 0.2315996 0.2184148 0.1852279 0.3849040 0.1951765 0.0800432 0.1221156 0.1212347 0.1522581 0.0890914 0.1293821 0.1043897 0.1385616 0.0643338 0.1868127 0.1442364 0.1922794 0.0000000 0.2829930 0.1473903 0.1652842 0.1184821 0.1079691 0.1522822 0.1306789 0.1203658 0.1975043 0.1868127 0.1598738 0.1323757 0.0923300 0.1308639 0.2214567 0.1796041 0.1297488 0.1929506 0.1123135 0.1968732 0.2193373 0.2542665 0.2226521 0.1087577 0.2222344 0.0943126 0.0737494 0.3344863 0.1713097 0.1709959 0.2026243 0.0736358 0.2151589 0.1981774 0.0983764 0.2457829 0.1649912 0.1765259 0.2316895 0.1518906 0.1205160 0.1841658 0.2185710 0.1762788 0.6692419 0.0987262 0.2226330 0.1743290 0.1319758 0.1503814 0.2066565 0.1183734 0.1087577 0.1985245 0.1086435 0.2045227 0.1991712 0.1967002 0.1636246 0.1297488 0.2119169 0.2232299 0.2654461 0.1247916 0.1693312 0.0915673 0.2237525 0.0895009 0.1171302 0.2342538 0.3512391 0.0821881 0.1503814 0.1521388 0.1522581 0.2151589 0.1268689 0.1415229 0.2409934 0.1074927 
S0616         0.4123201 0.5395231 0.1644144 0.5967264 0.1964277 0.1494325 0.1525864 0.1188926 0.1109998 0.2081194 0.1593868 0.1581827 0.1728682 0.2160062 0.1169320 0.0344612 0.1385354 0.1071765 0.6110019 0.1841518 0.1998623 0.1782638 0.1873962 0.0665388 0.1971284 0.1313262 0.1372210 0.2315011 0.0419019 0.1079151 0.1228442 0.0891194 0.2829930 0.0000000 0.0473563 0.0769844 0.1835215 0.2089680 0.0988877 0.2511679 0.1964910 0.1428935 0.1079151 0.0903290 0.2090713 0.2036398 0.2092817 0.1101980 0.0992767 0.2071569 0.0980735 0.1016013 0.1748071 0.0796255 0.0995942 0.1634495 0.1849775 0.1316284 0.1372629 0.0622645 0.8706550 0.1942088 0.1441312 0.0978238 1.0666453 0.1365749 0.1177570 0.2133153 0.0961357 0.7964395 0.4243761 0.1933701 0.1399520 0.1333635 0.1732955 0.1850183 0.1816449 0.5960529 0.2100053 0.2116790 0.1630490 0.1841559 0.1918882 0.1482166 0.1851915 0.1849775 0.1175250 0.2006745 0.1085307 0.0993953 0.1166605 0.0582884 0.2071569 0.1406100 0.1902545 0.1202896 0.1831201 0.1767395 0.1872825 0.1080942 0.2128114 0.1279144 0.1792161 0.1299391 0.0442339 0.1918882 0.1024355 0.0665388 0.1365749 0.1956422 0.2219117 0.1441114 0.2005435 
