122
CRNC          0.0000000 0.2447881 0.2871220 0.4753745 0.3811340 0.4612835 0.3886622 0.4533255 0.4602822 0.4518811 0.4414839 0.4497872 0.4138156 0.4482388 0.4769157 0.4818620 0.4666336 0.4493708 0.4951378 0.4498612 0.4440990 0.4288211 0.4653564 0.6892494 0.4329224 0.4682185 0.4082691 0.4908951 0.4507852 0.4541151 0.4725457 0.5448188 0.4409720 0.4629719 0.4800099 0.4625100 0.5075358 0.4494987 0.4488387 0.4662632 0.4727176 0.4384442 0.4599359 0.4454618 0.4646712 0.4234694 0.4563053 0.4340136 0.4870376 0.4755679 0.4333842 0.4205951 0.4509121 0.4581515 0.4401100 0.4673227 0.4498696 0.4543999 0.4674586 0.4657067 0.4644373 0.4652520 0.4823345 0.4495501 0.4059707 0.4876948 0.4854045 0.4627695 0.4218490 0.4585510 0.4565968 0.4576990 0.4511845 0.4690828 0.4652792 0.4633495 0.4602945 0.4693929 0.4457410 0.4742103 0.4534122 0.5339308 0.4987551 0.4701116 0.4653955 0.4368134 0.4971843 0.4759060 0.5156384 0.4581390 0.4737739 0.4321310 0.4723022 0.4587533 0.4844823 0.4551485 0.4673938 0.4366956 0.4531453 0.4518344 0.4368129 0.4559895 0.4353379 0.4747394 0.4786726 0.4698338 0.4514636 0.4641588 0.4558992 0.4516852 0.4484631 0.4833275 0.4638691 0.4739258 0.4479628 0.4557642 0.4237392 0.4536970 0.4572408 0.4460001 0.4624918 0.4435455 
HYZL          0.2447881 0.0000000 0.1331823 0.4147973 0.2612664 0.3653767 0.3036763 0.3750872 0.3834944 0.3893530 0.3383922 0.3820278 0.3428031 0.3635946 0.3962411 0.4056078 0.3858154 0.3621127 0.4042632 0.3762473 0.3731759 0.3587975 0.3851932 0.6097339 0.3579798 0.3941662 0.3482340 0.3776772 0.3798818 0.3563946 0.3838658 0.5990478 0.3599203 0.3776182 0.3824506 0.3816445 0.4061514 0.3577153 0.3880573 0.3909276 0.4032007 0.3502389 0.3840036 0.3621905 0.3680231 0.3741126 0.3551501 0.3617750 0.3815215 0.3796784 0.3417610 0.3310534 0.3909234 0.3933817 0.3458901 0.3915789 0.3642802 0.3501409 0.3580948 0.3767617 0.3952611 0.3849899 0.3769810 0.3784810 0.3370537 0.4445815 0.3909926 0.3868070 0.3586413 0.3761949 0.3879988 0.4407002 0.3648058 0.3602822 0.3923022 0.4336950 0.3935244 0.4102888 0.3788823 0.3655698 0.3573004 0.3801995 0.4579820 0.4037629 0.3968554 0.3623119 0.4170656 0.3900948 0.3895608 0.3846438 0.4079342 0.3835974 0.4088135 0.3661217 0.3840294 0.3733653 0.3958144 0.3507133 0.3847056 0.3783148 0.3571917 0.3972196 0.3558336 0.4124297 0.3922844 0.4037772 0.3958573 0.3756620 0.3666872 0.3774981 0.3556719 0.3861627 0.3956023 0.4167530 0.3808493 0.3602859 0.3507611 0.3553666 0.3663913 0.3778180 0.3875976 0.3882383 
MYZV          0.2871220 0.1331823 0.0000000 0.4272649 0.2625524 0.3995402 0.3675474 0.3924571 0.3854710 0.4002577 0.3684513 0.4018157 0.3780369 0.3852860 0.4127384 0.4491724 0.4244923 0.4221194 0.4586984 0.3997459 0.4341499 0.3791319 0.4049663 0.6837030 0.3735783 0.4126124 0.3860891 0.4176419 0.4193298 0.3675905 0.4119908 0.6350273 0.4270603 0.4000621 0.4326320 0.4293248 0.4748428 0.4222694 0.4130609 0.4331400 0.4285212 0.3952021 0.4116135 0.4071060 0.3840964 0.4104385 0.3790063 0.4255501 0.4307390 0.4120803 0.4170340 0.3767974 0.3975237 0.4230799 0.3661387 0.4152179 0.3725207 0.3583269 0.4077416 0.3791501 0.4324347 0.4175648 0.4222871 0.4002773 0.3659685 0.4978861 0.4080886 0.4297021 0.3866472 0.4293408 0.4209047 0.4235742 0.3934293 0.4190521 0.4066125 0.4719390 0.4325583 0.4271931 0.3964926 0.4180791 0.3716485 0.4448763 0.4610124 0.4369655 0.4158752 0.3819374 0.4153846 0.4214391 0.4622185 0.4087239 0.4263592 0.4068299 0.4331121 0.4116978 0.4173264 0.4367923 0.4305742 0.3968003 0.4065445 0.4482929 0.4219585 0.4143847 0.3903251 0.4355963 0.3996297 0.4144245 0.4117893 0.3901240 0.3767625 0.4105706 0.3820249 0.4162865 0.4053522 0.4346435 0.4059206 0.3600468 0.3836356 0.3936212 0.4137955 0.3952331 0.4040194 0.4079555 
SRR6441723    0.4753745 0.4147973 0.4272649 0.0000000 0.0519939 0.1183508 0.2483214 0.0932345 0.0878324 0.1118455 0.0984587 0.0890809 0.0893431 0.0640785 0.1074615 0.1263775 0.1216433 0.1026297 0.1268857 0.1270237 0.1169912 0.0978551 0.0496011 0.1657165 0.0834031 0.0927994 0.0952505 0.0879761 0.1075887 0.0940717 0.1021036 0.1977939 0.1025993 0.1072916 0.1090803 0.1174191 0.1194643 0.0963538 0.1157426 0.0960481 0.0987838 0.1044769 0.1016669 0.1122641 0.0949613 0.1056951 0.1048621 0.0978779 0.2009067 0.1103209 0.0872062 0.0996981 0.0910472 0.1140814 0.0943301 0.0929502 0.0932476 0.0890547 0.1025186 0.1187479 0.1265155 0.1120893 0.1206255 0.0965585 0.0665567 0.1275769 0.0916739 0.1105198 0.0864540 0.1253204 0.1105243 0.1051588 0.1157980 0.1949413 0.1098215 0.1069176 0.1093167 0.1086141 0.0879493 0.2126541 0.0892060 0.2280199 0.1406180 0.0991516 0.0594328 0.0980853 0.1216824 0.0742781 0.2259841 0.0877541 0.1046464 0.0854936 0.1043277 0.1188426 0.1346848 0.1033693 0.1109392 0.1046570 0.1114630 0.1084724 0.1037324 0.0894216 0.0960034 0.0597131 0.0850840 0.0901362 0.0817719 0.0969950 0.0840371 0.0967595 0.1012936 0.0769312 0.0698135 0.1299406 0.0943764 0.0963293 0.0898920 0.1051050 0.1241966 0.0885343 0.1074028 0.0793931 
ERR4210213    0.3811340 0.2612664 0.2625524 0.0519939 0.0000000 0.1302925 0.1370860 0.1170857 0.1350487 0.1386887 0.1381821 0.1009878 0.1214279 0.1131770 0.1168150 0.1301620 0.1335957 0.1008131 0.1513192 0.1643712 0.1314042 0.1559002 0.0299490 0.0785345 0.1009878 0.1009609 0.1257291 0.1232842 0.1637313 0.1242831 0.1334386 1.2331002 0.1096445 0.1070390 0.1430495 0.1709735 0.1953987 0.1044354 0.1236314 0.1329524 0.1138623 0.1363236 0.1184103 0.1377741 0.1010485 0.1289367 0.1167818 0.1099201 0.1472837 0.1284755 0.0685465 0.0992566 0.0884673 0.1429104 0.1048788 0.1009878 0.0964651 0.0918353 0.1177919 0.1307325 0.1318571 0.1130302 0.1377741 0.0939236 0.0900293 0.1668539 0.1450221 0.1610731 0.1467603 0.1453334 0.1571072 0.0000010 0.1019361 0.1314622 0.0770298 0.1245252 0.1083115 0.1486254 0.1294807 0.1450574 0.1073938 0.3203858 0.2494672 0.1009878 0.0631626 0.1118586 0.1529738 0.0748296 0.1605575 0.1027162 0.1433657 0.0917603 0.1343971 0.1216116 0.1202608 0.1291621 0.1348145 0.1644839 0.2216015 0.1216847 0.1192871 0.0884673 0.1055244 0.1196798 0.1283437 0.0905655 0.0760027 0.1292918 0.0883070 0.1109278 0.1211608 0.1269471 0.1115493 0.1073013 0.1170857 0.1045985 0.0971841 0.0904470 0.1528963 0.0779128 0.1157585 0.0884673 
ERR2789774    0.4612835 0.3653767 0.3995402 0.1183508 0.1302925 0.0000000 0.2312052 0.0743179 0.0898191 0.1178390 0.1001030 0.0811125 0.0984041 0.0904136 0.0903891 0.1164614 0.1369400 0.1003352 0.1294142 0.1316605 0.1075308 0.0981299 0.1159329 0.2257684 0.0709576 0.0814430 0.1058863 0.0702050 0.1109501 0.0928032 0.1001571 0.2006109 0.0865661 0.1128680 0.1203811 0.1002272 0.1150165 0.0975516 0.1188845 0.0870787 0.0836573 0.1086375 0.1127667 0.1029530 0.0542890 0.0858228 0.0932384 0.0910364 0.2025376 0.0728779 0.0866263 0.0924029 0.0780954 0.1237304 0.0930590 0.0783230 0.0936900 0.0892391 0.1207293 0.1175933 0.1365331 0.0998639 0.1020131 0.1196346 0.0719931 0.1240668 0.0951602 0.1275583 0.1046838 0.1335137 0.1234269 0.1180377 0.1149039 0.1986589 0.1146426 0.0958465 0.0996416 0.1356440 0.1098785 0.2173597 0.0879302 0.2004906 0.1309177 0.1182062 0.1043276 0.0785833 0.1052876 0.1036290 0.2185663 0.0765203 0.1020334 0.1025661 0.1199945 0.1053732 0.1146270 0.0927019 0.1369304 0.1154761 0.1051833 0.0953754 0.0911095 0.0781483 0.0880004 0.1172507 0.1115866 0.0805667 0.0772196 0.0716430 0.1125744 0.0751149 0.1139753 0.1036362 0.1022675 0.1445576 0.0848077 0.0951054 0.1088827 0.1092456 0.1074588 0.0783359 0.1117766 0.0733534 
PAFTOL_019361 0.3886622 0.3036763 0.3675474 0.2483214 0.1370860 0.2312052 0.0000000 0.2068878 0.1914632 0.2158940 0.2007819 0.2028683 0.1886019 0.2007571 0.2114825 0.2143696 0.2581062 0.2073232 0.2115992 0.2580142 0.2108333 0.1876809 0.2232164 0.3178783 0.1964352 0.2067590 0.2255638 0.1790304 0.2112074 0.1916834 0.1994993 0.2447457 0.2013935 0.2116535 0.2033097 0.2487125 0.2200265 0.1982700 0.2122260 0.1978157 0.2040856 0.2106874 0.1864519 0.2270964 0.2029017 0.2116805 0.1782133 0.2157878 0.2410807 0.1991416 0.1847744 0.2111337 0.1974989 0.2140734 0.1990442 0.2047768 0.1968069 0.1879666 0.2380000 0.1756184 0.2064809 0.2058118 0.2429968 0.1924942 0.1600868 0.2812554 0.1862039 0.2192038 0.1898651 0.2162818 0.2052105 0.2137586 0.1926919 0.2464004 0.2349786 0.2256309 0.2072657 0.2111778 0.1908204 0.2426878 0.1892845 0.2690066 0.2191746 0.2045794 0.2157775 0.2143729 0.2363849 0.2327457 0.2703423 0.1939005 0.2189106 0.2163537 0.2100964 0.2311510 0.2420869 0.2014830 0.2236710 0.2212646 0.1998228 0.1958717 0.1970356 0.2001849 0.1865322 0.2285887 0.2185752 0.2066447 0.1998655 0.2079452 0.2376893 0.1837508 0.2208605 0.2065572 0.1974254 0.2386227 0.1947895 0.1923693 0.2255685 0.1841533 0.2309308 0.1932035 0.2056643 0.2072876 
S0055         0.4533255 0.3750872 0.3924571 0.0932345 0.1170857 0.0743179 0.2068878 0.0000000 0.0582308 0.0757922 0.0763877 0.0546538 0.0702423 0.0670558 0.0655630 0.0832867 0.1053588 0.0779526 0.0950120 0.1035466 0.0863482 0.0702437 0.0921346 0.1947852 0.0422173 0.0578859 0.0799397 0.0558343 0.0781987 0.0625493 0.0798887 0.1578083 0.0710001 0.0791976 0.1013329 0.0869062 0.0896699 0.0748437 0.0825935 0.0538669 0.0560934 0.0816928 0.0784844 0.0834463 0.0601436 0.0591852 0.0692274 0.0688777 0.1725836 0.0714347 0.0637658 0.0840750 0.0517856 0.1031705 0.0658756 0.0534975 0.0663019 0.0624186 0.1059220 0.0869395 0.0985682 0.0909587 0.0909699 0.0781049 0.0464024 0.0984099 0.0675990 0.1015966 0.0807244 0.1119990 0.0977796 0.0725333 0.0926106 0.1734540 0.0980669 0.0792987 0.0827568 0.1146967 0.0902051 0.1826068 0.0611006 0.1795483 0.0802495 0.0910641 0.0816449 0.0655814 0.0606755 0.0840752 0.1916186 0.0533219 0.0586633 0.0865148 0.0832632 0.0893134 0.1037705 0.0753613 0.0966326 0.0831716 0.0719252 0.0761641 0.0738366 0.0548331 0.0675445 0.0953900 0.0901562 0.0568817 0.0522861 0.0339563 0.0872050 0.0387084 0.0887168 0.0790180 0.0716895 0.1036692 0.0494853 0.0692682 0.0811775 0.0808278 0.0893495 0.0534775 0.0883620 0.0444727 
S0196sl       0.4602822 0.3834944 0.3854710 0.0878324 0.1350487 0.0898191 0.1914632 0.0582308 0.0000000 0.0980142 0.0390176 0.0761676 0.0787929 0.0677120 0.0901193 0.1099506 0.1361771 0.0865882 0.1034023 0.1210015 0.0939645 0.0771757 0.0822805 0.2219383 0.0640898 0.0765196 0.0855683 0.0529491 0.0895712 0.0132160 0.0804042 0.1544015 0.0795573 0.0833458 0.0877960 0.1129060 0.0993039 0.0789179 0.1020490 0.0792618 0.0746180 0.0903432 0.0765677 0.0945919 0.0652365 0.0785843 0.0423639 0.0767171 0.1799848 0.0728301 0.0737009 0.0852563 0.0727976 0.0957853 0.0133335 0.0766540 0.0133353 0.0103048 0.1032530 0.0487060 0.0993288 0.0945646 0.1035076 0.0819968 0.0427813 0.1122930 0.0663996 0.0961756 0.0691979 0.0992310 0.0900593 0.1095718 0.0540200 0.1810043 0.0937296 0.0832970 0.0902426 0.0970006 0.0768506 0.1972020 0.0102899 0.1981885 0.0908522 0.0850583 0.0807477 0.0797923 0.1020209 0.0738039 0.1980538 0.0708444 0.0832164 0.0744815 0.0839388 0.0990484 0.1114818 0.0815824 0.0945541 0.0857685 0.0864535 0.0858973 0.0775791 0.0746606 0.0723689 0.0903519 0.0859848 0.0752982 0.0717788 0.0728540 0.0769649 0.0731732 0.0875944 0.0624271 0.0653524 0.1174915 0.0781314 0.0164149 0.0871972 0.0456495 0.1053778 0.0716287 0.0540203 0.0675418 
S0278         0.4518811 0.3893530 0.4002577 0.1118455 0.1386887 0.1178390 0.2158940 0.0757922 0.0980142 0.0000000 0.1088663 0.0876552 0.0265055 0.0905680 0.0930313 0.1148224 0.0628137 0.1077504 0.1256483 0.0575750 0.1060773 0.0375818 0.0960213 0.2266733 0.0666527 0.0860809 0.0403849 0.0903022 0.0437151 0.0949510 0.0990636 0.0974533 0.0969867 0.0598919 0.1028375 0.1262733 0.1207689 0.1032614 0.0438493 0.0993323 0.0938514 0.0360691 0.0607021 0.0572286 0.1072879 0.0717314 0.0991589 0.0970202 0.1890970 0.1134589 0.0954080 0.0969395 0.0846528 0.1044249 0.0987116 0.0881658 0.0994000 0.0949639 0.1123664 0.1203384 0.0731995 0.1173461 0.0643412 0.0611153 0.0649064 0.0518248 0.1009503 0.1045784 0.0783002 0.1119269 0.1006896 0.1185909 0.1116989 0.1938035 0.1307514 0.1089386 0.1029125 0.1157398 0.0914711 0.2095292 0.0934106 0.1966024 0.0439751 0.0950770 0.0977468 0.0890233 0.1057853 0.1043887 0.2060817 0.0826199 0.1001222 0.1069056 0.0423038 0.0627833 0.0729177 0.1048991 0.0669408 0.0422296 0.0995455 0.1012110 0.1002054 0.0814357 0.0952953 0.1181816 0.1063767 0.0852733 0.0783384 0.0930865 0.1037723 0.0801436 0.0699261 0.0981874 0.0954744 0.0612855 0.0825363 0.1025769 0.0386485 0.1008575 0.0690707 0.0815932 0.1069883 0.0797456 
S0281         0.4414839 0.3383922 0.3684513 0.0984587 0.1381821 0.1001030 0.2007819 0.0763877 0.0390176 0.1088663 0.0000000 0.0918313 0.0872275 0.0710897 0.0999727 0.1254087 0.1430526 0.0924976 0.1152704 0.1198680 0.0956354 0.0913087 0.0902945 0.2074799 0.0709866 0.0939699 0.0921027 0.0763239 0.1047418 0.0454014 0.0899549 0.2064805 0.0777652 0.0992760 0.0983569 0.1115983 0.1086228 0.0872661 0.1073391 0.0983575 0.0998860 0.1014338 0.0913197 0.1068221 0.0811043 0.0861892 0.0499583 0.0770278 0.1836221 0.0939593 0.0778527 0.0898608 0.0904381 0.1053412 0.0469822 0.0906482 0.0472763 0.0438632 0.1078821 0.0556027 0.1099862 0.0967402 0.1115355 0.0933298 0.0583933 0.1311181 0.0899554 0.1057270 0.0860372 0.1108529 0.1018428 0.1018622 0.0600376 0.1823998 0.1025496 0.0875581 0.0823422 0.1129184 0.0865866 0.1995516 0.0439403 0.1982356 0.1018465 0.1048228 0.0969854 0.0726563 0.1144370 0.0839733 0.2076503 0.0865999 0.0962417 0.0898461 0.0976958 0.1077765 0.1190452 0.0892900 0.1057484 0.0937958 0.0841965 0.0909399 0.0847562 0.0903647 0.0686299 0.1065850 0.0859737 0.0909202 0.0879257 0.0816405 0.0919782 0.0911126 0.0943539 0.0796000 0.0808552 0.1304908 0.0843952 0.0486282 0.0953303 0.0494246 0.1148366 0.0855678 0.0613677 0.0762340 
S0282         0.4497872 0.3820278 0.4018157 0.0890809 0.1009878 0.0811125 0.2028683 0.0546538 0.0761676 0.0876552 0.0918313 0.0000000 0.0732870 0.0683969 0.0300806 0.0776183 0.1202487 0.0807702 0.1030853 0.1130559 0.0874753 0.0734741 0.0825274 0.1899867 0.0073336 0.0252863 0.0866814 0.0556459 0.0827583 0.0752794 0.0848177 0.1791630 0.0755064 0.0862760 0.1042043 0.0904755 0.0984277 0.0794364 0.0964769 0.0551913 0.0258627 0.0879550 0.0802379 0.0800308 0.0650049 0.0221403 0.0804500 0.0734237 0.1820059 0.0693911 0.0720791 0.0899513 0.0224834 0.1114989 0.0754842 0.0157604 0.0743401 0.0720724 0.1109216 0.0917194 0.0917015 0.0912042 0.0874580 0.0871604 0.0431572 0.0977515 0.0769905 0.1064253 0.0848465 0.1224539 0.1060174 0.0596697 0.1049119 0.1798231 0.1029449 0.0868848 0.0925569 0.1153350 0.0927049 0.1849341 0.0706018 0.2058323 0.0718718 0.0918451 0.0828323 0.0709688 0.0633610 0.0837219 0.2015652 0.0170739 0.0577091 0.0865917 0.0878632 0.0858158 0.1001627 0.0782502 0.0980045 0.0907278 0.0894699 0.0791082 0.0751485 0.0184162 0.0709054 0.0883716 0.0848381 0.0199516 0.0212929 0.0596226 0.0990274 0.0384836 0.0908884 0.0816148 0.0742457 0.1160695 0.0428461 0.0737276 0.0846390 0.0876763 0.0908811 0.0158662 0.1004362 0.0307966 
S0289         0.4138156 0.3428031 0.3780369 0.0893431 0.1214279 0.0984041 0.1886019 0.0702423 0.0787929 0.0265055 0.0872275 0.0732870 0.0000000 0.0707080 0.0783898 0.1000781 0.0461603 0.0828312 0.1021025 0.0323061 0.0812524 0.0263237 0.0840705 0.2005913 0.0601651 0.0766358 0.0287356 0.0647118 0.0292289 0.0762768 0.0825801 0.0791070 0.0672093 0.0371061 0.0853691 0.1050600 0.1035667 0.0742450 0.0382796 0.0846337 0.0788956 0.0247646 0.0352047 0.0456270 0.0877534 0.0665396 0.0765957 0.0729952 0.1587345 0.0900466 0.0714487 0.0827351 0.0733125 0.0908580 0.0764912 0.0737092 0.0787136 0.0729591 0.0843855 0.0949060 0.0553727 0.0980914 0.0524668 0.0398896 0.0464637 0.0320295 0.0795671 0.0877074 0.0624567 0.1011621 0.0855545 0.1025067 0.0982739 0.1638483 0.1074187 0.0928418 0.0848247 0.0898109 0.0736453 0.1785667 0.0714387 0.1639303 0.0447093 0.0800123 0.0825024 0.0756746 0.0970110 0.0819225 0.1706211 0.0686596 0.0867049 0.0844374 0.0321925 0.0509322 0.0640431 0.0765068 0.0512799 0.0295910 0.0775217 0.0692908 0.0703033 0.0702938 0.0764671 0.0991270 0.0854320 0.0743523 0.0741114 0.0837210 0.0851583 0.0674497 0.0500429 0.0777714 0.0753490 0.0494769 0.0697567 0.0801125 0.0316303 0.0878102 0.0571251 0.0655114 0.0957909 0.0672249 
S0292         0.4482388 0.3635946 0.3852860 0.0640785 0.1131770 0.0904136 0.2007571 0.0670558 0.0677120 0.0905680 0.0710897 0.0683969 0.0707080 0.0000000 0.0787220 0.1122042 0.1126414 0.0742722 0.1027901 0.1064630 0.0859079 0.0709699 0.0607998 0.1854973 0.0623194 0.0718818 0.0728820 0.0613089 0.0823574 0.0693638 0.0814863 0.1666764 0.0722730 0.0903350 0.0799296 0.1100357 0.0964051 0.0726039 0.0956492 0.0794309 0.0753343 0.0804385 0.0778680 0.0879816 0.0759243 0.0702768 0.0764600 0.0698536 0.1765736 0.0879594 0.0664572 0.0741480 0.0702229 0.0834195 0.0695536 0.0687802 0.0683814 0.0661782 0.0913130 0.0844019 0.0994291 0.0821714 0.0957148 0.0845080 0.0408188 0.1034470 0.0701996 0.0819035 0.0657430 0.0950074 0.0783425 0.1000762 0.0910594 0.1854346 0.0884041 0.0824039 0.0856880 0.0933690 0.0738430 0.1985291 0.0647065 0.2016007 0.1060731 0.0811564 0.0518228 0.0663269 0.0918404 0.0447084 0.1980841 0.0670594 0.0866248 0.0477295 0.0858913 0.0923244 0.1088868 0.0765735 0.0956177 0.0830251 0.0847083 0.0792128 0.0734217 0.0654715 0.0684695 0.0693360 0.0241198 0.0644366 0.0643673 0.0753582 0.0507999 0.0691852 0.0815456 0.0327100 0.0198985 0.1061791 0.0700951 0.0697439 0.0761856 0.0792816 0.0991172 0.0640430 0.0884878 0.0592149 
S0293         0.4769157 0.3962411 0.4127384 0.1074615 0.1168150 0.0903891 0.2114825 0.0655630 0.0901193 0.0930313 0.0999727 0.0300806 0.0783898 0.0787220 0.0000000 0.0866319 0.1289046 0.0932334 0.1133425 0.1153812 0.0985015 0.0802946 0.0990504 0.2166285 0.0247529 0.0374841 0.0940501 0.0651252 0.0902853 0.0894384 0.0943367 0.1746214 0.0861434 0.0906437 0.1145894 0.1089365 0.1137038 0.0868449 0.0997936 0.0678888 0.0382894 0.0917483 0.0876640 0.0884379 0.0767716 0.0392740 0.0932502 0.0821430 0.1984919 0.0851317 0.0794099 0.0939940 0.0344824 0.1223789 0.0896891 0.0259139 0.0828897 0.0860429 0.1274718 0.1086599 0.1049982 0.1024354 0.0962232 0.0932546 0.0551643 0.1013199 0.0755383 0.1207265 0.0908409 0.1321230 0.1166029 0.0807555 0.1155112 0.1942101 0.1019118 0.0966206 0.1050160 0.1264465 0.0990274 0.1970453 0.0845091 0.2076859 0.0809146 0.1015882 0.0922303 0.0862006 0.0714924 0.0967353 0.2071476 0.0316111 0.0657505 0.0961298 0.0973892 0.0945188 0.1075035 0.0887897 0.1022515 0.0965192 0.1017345 0.0898134 0.0855586 0.0301780 0.0900590 0.1083949 0.0995292 0.0348150 0.0304229 0.0709646 0.1106115 0.0440698 0.1015722 0.0910524 0.0848059 0.1186840 0.0501263 0.0878018 0.0921217 0.0974065 0.0997799 0.0275353 0.1161516 0.0433086 
S0294         0.4818620 0.4056078 0.4491724 0.1263775 0.1301620 0.1164614 0.2143696 0.0832867 0.1099506 0.1148224 0.1254087 0.0776183 0.1000781 0.1122042 0.0866319 0.0000000 0.1360479 0.1249836 0.1406669 0.1466407 0.1325535 0.1041857 0.1264166 0.2691870 0.0596567 0.0830334 0.1160085 0.0869483 0.1248008 0.1111213 0.1045145 0.1965775 0.1175076 0.1228343 0.1309687 0.1382668 0.1371049 0.1203477 0.1239479 0.0825582 0.0815963 0.1115216 0.1091791 0.1138313 0.1026007 0.0924028 0.1075837 0.1161238 0.2131827 0.1141937 0.1049181 0.1098726 0.0746397 0.1495648 0.1096121 0.0763707 0.1140653 0.1091036 0.1405025 0.1218745 0.1316714 0.1323235 0.1223316 0.1147494 0.0809211 0.1417075 0.1270905 0.1452958 0.1160800 0.1491944 0.1472196 0.0623417 0.1258303 0.2120637 0.1321933 0.1383003 0.1171147 0.1497172 0.1246008 0.2166618 0.1077854 0.2280694 0.1336142 0.1319361 0.1195830 0.1033559 0.1051188 0.1307838 0.2281421 0.0779257 0.0958199 0.1261618 0.1290303 0.1160405 0.1276147 0.1219576 0.1331073 0.1109432 0.1068040 0.1276296 0.1225952 0.0763043 0.1135037 0.1310074 0.1329002 0.0787205 0.0738554 0.0937378 0.1464582 0.0737010 0.1227682 0.1281523 0.1174168 0.1549806 0.0773282 0.1130576 0.1172031 0.1163100 0.1240996 0.0733525 0.1233595 0.0603680 
S0299         0.4666336 0.3858154 0.4244923 0.1216433 0.1335957 0.1369400 0.2581062 0.1053588 0.1361771 0.0628137 0.1430526 0.1202487 0.0461603 0.1126414 0.1289046 0.1360479 0.0000000 0.1334190 0.1575348 0.0772846 0.1375166 0.0720468 0.1152073 0.2490394 0.1053785 0.1184825 0.0693075 0.1177489 0.0803389 0.1342654 0.1207107 0.1025825 0.1185110 0.0842699 0.1231181 0.1378588 0.1512276 0.1233142 0.0764071 0.1370515 0.1240671 0.0600218 0.0808106 0.0978564 0.1244540 0.1105772 0.1293520 0.1226408 0.1897560 0.1392873 0.1116359 0.1190594 0.1206791 0.1329321 0.1308136 0.1246269 0.1356347 0.1305152 0.1113385 0.1539374 0.0963523 0.1533988 0.1028543 0.0806931 0.0904829 0.0794806 0.1284469 0.1312853 0.1115207 0.1365034 0.1271135 0.1360013 0.1490583 0.1951898 0.1543428 0.1318010 0.1334253 0.1288091 0.1097720 0.2011904 0.1288981 0.1849327 0.1028003 0.1198606 0.1238345 0.1205801 0.1421845 0.1200957 0.2016620 0.1154026 0.1324689 0.1303742 0.0784200 0.1046311 0.1162985 0.1246379 0.1035880 0.0816049 0.1472822 0.1230017 0.1180087 0.1189175 0.1209912 0.1409925 0.1347784 0.1199452 0.1161442 0.1176173 0.1179421 0.1069743 0.1002259 0.1207943 0.1195114 0.0958814 0.1149134 0.1362924 0.0690894 0.1393408 0.1080671 0.1172992 0.1419577 0.1098969 
S0303         0.4493708 0.3621127 0.4221194 0.1026297 0.1008131 0.1003352 0.2073232 0.0779526 0.0865882 0.1077504 0.0924976 0.0807702 0.0828312 0.0742722 0.0932334 0.1249836 0.1334190 0.0000000 0.0780307 0.1259654 0.0269689 0.0902471 0.0959484 0.2042827 0.0727913 0.0791566 0.0989467 0.0851877 0.1033082 0.0880897 0.1113491 0.2085353 0.0260612 0.0988178 0.0886087 0.1062377 0.0761125 0.0053312 0.1195667 0.0946334 0.0841603 0.0934021 0.0861905 0.1114418 0.0880619 0.0811006 0.0987995 0.0259271 0.1892369 0.0940311 0.0068803 0.0836691 0.0810988 0.0973067 0.0882987 0.0828199 0.0890014 0.0881007 0.1044528 0.1103957 0.1085983 0.0590750 0.1216772 0.0910618 0.0577602 0.1239738 0.0529184 0.1030537 0.0783699 0.0970691 0.0992307 0.1225766 0.1100733 0.1981077 0.1039991 0.0553082 0.0620026 0.1126554 0.0934720 0.2014519 0.0865854 0.2012857 0.1077278 0.0804334 0.0944454 0.0557960 0.1077462 0.0915658 0.2093996 0.0811073 0.1014522 0.0859890 0.0996238 0.1216959 0.1313744 0.0271785 0.1147955 0.0926706 0.0638723 0.0246907 0.0243926 0.0794745 0.0523049 0.1003319 0.0946011 0.0818232 0.0720583 0.0869194 0.0952130 0.0800294 0.1037473 0.0880931 0.0870931 0.1352735 0.0895419 0.0954352 0.1040588 0.1032986 0.1235959 0.0752315 0.1094366 0.0699474 
S0308         0.4951378 0.4042632 0.4586984 0.1268857 0.1513192 0.1294142 0.2115992 0.0950120 0.1034023 0.1256483 0.1152704 0.1030853 0.1021025 0.1027901 0.1133425 0.1406669 0.1575348 0.0780307 0.0000000 0.1532756 0.0782724 0.1193759 0.1158944 0.2660986 0.0914180 0.1052861 0.1237429 0.1088236 0.1263276 0.1118950 0.1350615 0.2080435 0.0726497 0.1258082 0.1263820 0.1356995 0.0896149 0.0696088 0.1420386 0.1217020 0.1115136 0.1263603 0.1209934 0.1362482 0.1115924 0.1093850 0.1163166 0.0753095 0.1873391 0.1182666 0.0603680 0.1048213 0.0975198 0.1236096 0.1138945 0.1054438 0.1146979 0.1095728 0.1268514 0.1301125 0.1352923 0.0796649 0.1453521 0.1284314 0.0810838 0.1508903 0.0860422 0.1238539 0.1047335 0.1301352 0.1197653 0.1077121 0.1181998 0.1900306 0.1302303 0.0669498 0.0726875 0.1266581 0.1091669 0.2018157 0.1084631 0.1972250 0.1318303 0.1138647 0.1028587 0.0683943 0.1329533 0.1204525 0.2093534 0.1033858 0.1251808 0.1184475 0.1265714 0.1395762 0.1604883 0.0736484 0.1381891 0.1273925 0.0759069 0.0745538 0.0705349 0.1034052 0.0578946 0.1233007 0.1224317 0.1025468 0.0989041 0.1131576 0.1260977 0.1006745 0.1395512 0.1019807 0.1059609 0.1579579 0.1090450 0.1160643 0.1291996 0.1150195 0.1416185 0.0952683 0.1230225 0.1053107 
S0320         0.4498612 0.3762473 0.3997459 0.1270237 0.1643712 0.1316605 0.2580142 0.1035466 0.1210015 0.0575750 0.1198680 0.1130559 0.0323061 0.1064630 0.1153812 0.1466407 0.0772846 0.1259654 0.1532756 0.0000000 0.1209169 0.0589578 0.1180335 0.2102851 0.0951458 0.1148930 0.0623986 0.1006850 0.0706311 0.1166653 0.1237872 0.1417020 0.1110078 0.0845386 0.1285985 0.1493639 0.1476381 0.1200825 0.0668701 0.1306356 0.1123540 0.0568457 0.0742596 0.0788838 0.1234775 0.1053865 0.1138129 0.1153876 0.2016725 0.1355690 0.1124697 0.1111063 0.1106768 0.1311327 0.1170084 0.1156190 0.1198237 0.1107978 0.1250979 0.1346096 0.0879394 0.1326479 0.0870748 0.0679323 0.0840412 0.0520262 0.1073556 0.1294039 0.1098839 0.1364207 0.1250374 0.1439526 0.1357360 0.2070188 0.1332060 0.1285358 0.1334561 0.1230670 0.1046617 0.2284015 0.1109946 0.2101788 0.0795133 0.1244662 0.1306455 0.1069199 0.1304758 0.1191457 0.2129552 0.1114658 0.1269886 0.1197631 0.0651071 0.0853514 0.0911952 0.1231960 0.0909042 0.0646752 0.1240388 0.1158131 0.1123810 0.1078135 0.1072821 0.1327873 0.1273169 0.1165411 0.1107493 0.1124590 0.1288988 0.1030719 0.0900041 0.1206165 0.1174277 0.0853792 0.1074001 0.1212657 0.0519829 0.1277727 0.0887408 0.1062562 0.1362601 0.1059241 
S0322         0.4440990 0.3731759 0.4341499 0.1169912 0.1314042 0.1075308 0.2108333 0.0863482 0.0939645 0.1060773 0.0956354 0.0874753 0.0812524 0.0859079 0.0985015 0.1325535 0.1375166 0.0269689 0.0782724 0.1209169 0.0000000 0.0989618 0.1049880 0.2204413 0.0745363 0.0826096 0.1026083 0.0879324 0.1051921 0.0917171 0.1186909 0.2070010 0.0216577 0.1023841 0.0973859 0.1118773 0.0765723 0.0247671 0.1121519 0.1087397 0.0919182 0.0917926 0.0914724 0.1133393 0.0983804 0.0865963 0.1060566 0.0272920 0.1829659 0.1029903 0.0196841 0.0835752 0.0879005 0.1078986 0.0919352 0.0879750 0.0959757 0.0934454 0.1118271 0.1153267 0.1088161 0.0654870 0.1236404 0.0986580 0.0595572 0.1200093 0.0546065 0.1103142 0.0834314 0.1079533 0.1064039 0.1357097 0.1112872 0.1900492 0.1116825 0.0483861 0.0669196 0.1165005 0.0968485 0.1930905 0.0902046 0.1992945 0.0937006 0.0904576 0.1016377 0.0506452 0.1151638 0.0985076 0.1984353 0.0879108 0.1079534 0.0981583 0.0996994 0.1236589 0.1314802 0.0230136 0.1167865 0.0946726 0.0614190 0.0232265 0.0188203 0.0844611 0.0555662 0.1092042 0.1068366 0.0888177 0.0803756 0.0921628 0.1057810 0.0835565 0.1140570 0.0985964 0.0888099 0.1373100 0.0926520 0.0991461 0.1133064 0.1063234 0.1182426 0.0802023 0.1089267 0.0777238 
S0327         0.4288211 0.3587975 0.3791319 0.0978551 0.1559002 0.0981299 0.1876809 0.0702437 0.0771757 0.0375818 0.0913087 0.0734741 0.0263237 0.0709699 0.0802946 0.1041857 0.0720468 0.0902471 0.1193759 0.0589578 0.0989618 0.0000000 0.0859506 0.2067359 0.0572904 0.0751642 0.0282239 0.0782750 0.0390392 0.0800184 0.0871639 0.0826439 0.0813686 0.0425001 0.0945039 0.1172327 0.1159682 0.0820534 0.0514489 0.0844918 0.0754196 0.0356863 0.0347124 0.0540415 0.0937252 0.0663334 0.0855848 0.0821536 0.1796297 0.0956497 0.0793006 0.0858609 0.0737598 0.0925999 0.0819198 0.0738898 0.0790930 0.0767238 0.1020332 0.0989099 0.0576892 0.1009352 0.0607715 0.0474228 0.0564859 0.0441393 0.0887586 0.0910522 0.0728125 0.1086489 0.0873614 0.0964514 0.1056874 0.1826840 0.1151261 0.1067262 0.1010049 0.1023422 0.0792473 0.1999936 0.0768800 0.1833681 0.0403031 0.0891816 0.0892745 0.0786636 0.0976686 0.0854139 0.1965596 0.0705320 0.0918786 0.0883766 0.0420072 0.0592354 0.0724286 0.0890352 0.0565160 0.0421914 0.0873722 0.0869981 0.0844805 0.0689508 0.0812394 0.1019289 0.0840474 0.0745226 0.0711758 0.0785214 0.0903389 0.0709842 0.0528096 0.0763716 0.0756455 0.0625800 0.0731939 0.0838478 0.0266707 0.0968776 0.0685886 0.0642768 0.1031157 0.0657464 
S0335         0.4653564 0.3851932 0.4049663 0.0496011 0.0299490 0.1159329 0.2232164 0.0921346 0.0822805 0.0960213 0.0902945 0.0825274 0.0840705 0.0607998 0.0990504 0.1264166 0.1152073 0.0959484 0.1158944 0.1180335 0.1049880 0.0859506 0.0000000 0.1752870 0.0745332 0.0810914 0.0902473 0.0856699 0.0989800 0.0860764 0.0956629 0.1835196 0.0976426 0.0969656 0.1006270 0.1161432 0.1093984 0.0947890 0.1123417 0.0983316 0.0883783 0.0958913 0.0966985 0.1095917 0.0915381 0.0916609 0.1038828 0.0912051 0.2045351 0.1019228 0.0814998 0.0918681 0.0811661 0.1096022 0.0897345 0.0863736 0.0886106 0.0844075 0.1094667 0.1109121 0.1122280 0.1052561 0.1159225 0.0986804 0.0586186 0.1142186 0.0851293 0.1079992 0.0884198 0.1132567 0.1059225 0.1091337 0.1054482 0.2089177 0.1107590 0.0900500 0.1101460 0.0979893 0.0796654 0.2173853 0.0845532 0.2328248 0.1045958 0.0979613 0.0544856 0.0866751 0.1130629 0.0630609 0.2239926 0.0811747 0.0910478 0.0791412 0.0957513 0.1081438 0.1254997 0.1000814 0.1082604 0.0998805 0.0982520 0.1035781 0.0951763 0.0828464 0.0856764 0.0613685 0.0820566 0.0801836 0.0767906 0.0978685 0.0742831 0.0883166 0.1029253 0.0704500 0.0666244 0.1174923 0.0825821 0.0917429 0.0865754 0.0947781 0.1196250 0.0836091 0.1068870 0.0796213 
S0345         0.6892494 0.6097339 0.6837030 0.1657165 0.0785345 0.2257684 0.3178783 0.1947852 0.2219383 0.2266733 0.2074799 0.1899867 0.2005913 0.1854973 0.2166285 0.2691870 0.2490394 0.2042827 0.2660986 0.2102851 0.2204413 0.2067359 0.1752870 0.0000000 0.1366377 0.1941245 0.2024483 0.1359820 0.2311249 0.2102056 0.2362973 0.6674240 0.2043596 0.2119260 0.2549874 0.2236210 0.2525849 0.2019361 0.2602267 0.2048133 0.2035727 0.2199844 0.2123168 0.2264249 0.2019068 0.1091161 0.2197737 0.2044539 0.3257667 0.2082929 0.1997544 0.1620318 0.1935430 0.2460621 0.2172792 0.2080377 0.2032711 0.2021656 0.2492392 0.2484970 0.2350638 0.2175369 0.2344454 0.2263131 0.1733800 0.2093883 0.1940926 0.2299433 0.2272913 0.2650100 0.2413342 0.3341581 0.2468686 0.3349790 0.2330647 0.2105795 0.2342116 0.2446354 0.2102849 0.3613296 0.2050055 0.2721443 0.1085934 0.2398165 0.1896233 0.1682585 0.2209170 0.1882225 0.3364285 0.1976054 0.1939369 0.1900843 0.2258780 0.2392872 0.2510643 0.2173071 0.2314183 0.2167420 0.1726252 0.2082739 0.2149994 0.1914598 0.1962136 0.1524071 0.2106443 0.1959436 0.1742616 0.2014863 0.2010263 0.2028981 0.1791171 0.2083908 0.1780282 0.2654058 0.1907536 0.2054699 0.1793709 0.2206911 0.2431521 0.1916258 0.2500882 0.1800535 
S0400         0.4329224 0.3579798 0.3735783 0.0834031 0.1009878 0.0709576 0.1964352 0.0422173 0.0640898 0.0666527 0.0709866 0.0073336 0.0601651 0.0623194 0.0247529 0.0596567 0.1053785 0.0727913 0.0914180 0.0951458 0.0745363 0.0572904 0.0745332 0.1366377 0.0000000 0.0148868 0.0728339 0.0460172 0.0711469 0.0609989 0.0750377 0.1764282 0.0608261 0.0667727 0.0857794 0.0834207 0.0823898 0.0670623 0.0796168 0.0476738 0.0183313 0.0711840 0.0652985 0.0659672 0.0567410 0.0175853 0.0609220 0.0675071 0.1557668 0.0618505 0.0582623 0.0838064 0.0133524 0.0984798 0.0644458 0.0103690 0.0631014 0.0605794 0.0937879 0.0694477 0.0801604 0.0820994 0.0719141 0.0757366 0.0293901 0.0896788 0.0667967 0.0988935 0.0731890 0.1036786 0.0946076 0.0537907 0.0892165 0.1616334 0.0967924 0.0705855 0.0831333 0.0978295 0.0782495 0.1767988 0.0590536 0.1965502 0.0802654 0.0748200 0.0748387 0.0659959 0.0445227 0.0737103 0.1847616 0.0103474 0.0455865 0.0808567 0.0711161 0.0700016 0.0836106 0.0662408 0.0847813 0.0777518 0.0829584 0.0632433 0.0608710 0.0103203 0.0588027 0.0883859 0.0807163 0.0119701 0.0104099 0.0474208 0.0890074 0.0260511 0.0797982 0.0733286 0.0634778 0.1036717 0.0308225 0.0620920 0.0739207 0.0704203 0.0774603 0.0104477 0.0844723 0.0225195 
S0405         0.4682185 0.3941662 0.4126124 0.0927994 0.1009609 0.0814430 0.2067590 0.0578859 0.0765196 0.0860809 0.0939699 0.0252863 0.0766358 0.0718818 0.0374841 0.0830334 0.1184825 0.0791566 0.1052861 0.1148930 0.0826096 0.0751642 0.0810914 0.1941245 0.0148868 0.0000000 0.0884973 0.0559336 0.0812235 0.0739974 0.0851664 0.1745851 0.0707155 0.0880506 0.0989267 0.0975636 0.0971061 0.0779408 0.0982247 0.0584576 0.0189602 0.0864030 0.0837208 0.0817516 0.0652651 0.0314999 0.0808908 0.0670749 0.1862877 0.0730083 0.0684920 0.0776411 0.0212456 0.1079432 0.0758034 0.0254152 0.0746561 0.0740066 0.1073928 0.0939452 0.0983449 0.0895546 0.0855014 0.0891337 0.0462736 0.0997143 0.0806998 0.1063650 0.0849082 0.1169583 0.1025088 0.0660791 0.1072921 0.1844452 0.1033178 0.0830505 0.0949323 0.1099324 0.0910452 0.1938644 0.0708990 0.1994464 0.0716395 0.0884931 0.0864885 0.0708887 0.0621977 0.0874249 0.2060492 0.0212449 0.0611381 0.0902756 0.0896142 0.0875790 0.1020043 0.0717365 0.1019235 0.0890329 0.0876343 0.0742194 0.0687392 0.0171749 0.0723924 0.0971409 0.0918677 0.0242083 0.0132424 0.0629318 0.0994424 0.0415375 0.0989351 0.0819502 0.0777779 0.1215829 0.0460668 0.0774747 0.0847511 0.0898846 0.0925450 0.0255872 0.1027523 0.0338012 
S0407sl       0.4082691 0.3482340 0.3860891 0.0952505 0.1257291 0.1058863 0.2255638 0.0799397 0.0855683 0.0403849 0.0921027 0.0866814 0.0287356 0.0728820 0.0940501 0.1160085 0.0693075 0.0989467 0.1237429 0.0623986 0.1026083 0.0282239 0.0902473 0.2024483 0.0728339 0.0884973 0.0000000 0.0770043 0.0355039 0.0839639 0.0977365 0.0994665 0.0827224 0.0419396 0.0896932 0.1198106 0.1200844 0.0902622 0.0546590 0.0895628 0.0929525 0.0385673 0.0419266 0.0624445 0.1004203 0.0605552 0.0884902 0.0867594 0.1708745 0.1010496 0.0859367 0.0884929 0.0870316 0.0956317 0.0842025 0.0871979 0.0831929 0.0789864 0.0918997 0.1095537 0.0523928 0.1141560 0.0663293 0.0484431 0.0633683 0.0457172 0.1011063 0.0940327 0.0700565 0.0986627 0.0902014 0.1369904 0.1113773 0.1759901 0.1189848 0.1016371 0.1111456 0.1043829 0.0804303 0.1912882 0.0790098 0.1805842 0.0420788 0.0881790 0.0936137 0.0875510 0.1123432 0.0826453 0.1825213 0.0835844 0.1011552 0.0893437 0.0385091 0.0647201 0.0786021 0.0924207 0.0512353 0.0384702 0.1102133 0.0905398 0.0893162 0.0818994 0.0935751 0.1069437 0.0829228 0.0879794 0.0843886 0.0850432 0.0859297 0.0806791 0.0506481 0.0784367 0.0759867 0.0590733 0.0848795 0.0863534 0.0138019 0.1004069 0.0728513 0.0767555 0.1066129 0.0766085 
S0412sl       0.4908951 0.3776772 0.4176419 0.0879761 0.1232842 0.0702050 0.1790304 0.0558343 0.0529491 0.0903022 0.0763239 0.0556459 0.0647118 0.0613089 0.0651252 0.0869483 0.1177489 0.0851877 0.1088236 0.1006850 0.0879324 0.0782750 0.0856699 0.1359820 0.0460172 0.0559336 0.0770043 0.0000000 0.0860679 0.0584977 0.0782539 0.2023325 0.0766897 0.0807822 0.1011724 0.0949953 0.0949844 0.0788486 0.0949267 0.0566758 0.0525215 0.0883963 0.0796985 0.0869218 0.0463057 0.0622296 0.0529583 0.0756313 0.1969288 0.0466839 0.0689007 0.0681995 0.0559278 0.1066313 0.0568204 0.0578841 0.0592845 0.0545470 0.1077184 0.0708882 0.1010484 0.0907575 0.0922667 0.0664012 0.0524259 0.0775672 0.0790749 0.1046114 0.0817594 0.1222144 0.0997000 0.1051783 0.0860923 0.1950862 0.0900478 0.0812328 0.0729120 0.1124365 0.0889315 0.2054538 0.0527372 0.2016388 0.1043908 0.0884927 0.0797359 0.0655580 0.0800765 0.0737422 0.2216580 0.0521022 0.0814243 0.0733533 0.0907503 0.0903761 0.0978045 0.0778668 0.0960731 0.0812865 0.0691454 0.0848949 0.0777064 0.0540553 0.0695600 0.0906086 0.0886517 0.0586272 0.0488405 0.0624369 0.0885260 0.0503528 0.0970288 0.0737766 0.0647338 0.1042483 0.0589144 0.0568491 0.0826290 0.0713967 0.0897211 0.0605498 0.0874177 0.0464709 
S0417         0.4507852 0.3798818 0.4193298 0.1075887 0.1637313 0.1109501 0.2112074 0.0781987 0.0895712 0.0437151 0.1047418 0.0827583 0.0292289 0.0823574 0.0902853 0.1248008 0.0803389 0.1033082 0.1263276 0.0706311 0.1051921 0.0390392 0.0989800 0.2311249 0.0711469 0.0812235 0.0355039 0.0860679 0.0000000 0.0893054 0.1043756 0.0969656 0.0807203 0.0434245 0.0943547 0.1299828 0.1229922 0.0969916 0.0577539 0.0922819 0.0835748 0.0507686 0.0416736 0.0702304 0.1034514 0.0809462 0.0982792 0.0863420 0.1768863 0.1111980 0.0915454 0.0930710 0.0830794 0.0983233 0.0895512 0.0832297 0.0884475 0.0859722 0.1082265 0.1171562 0.0615590 0.1114928 0.0706665 0.0514938 0.0621260 0.0514401 0.0968847 0.0967782 0.0767812 0.1082160 0.0930592 0.1273180 0.1232446 0.1838961 0.1233506 0.1148131 0.1150232 0.1108390 0.0890304 0.1990176 0.0844660 0.1884714 0.0635008 0.0946312 0.0938470 0.0917210 0.1116626 0.0967669 0.1933881 0.0798000 0.0985212 0.1013963 0.0253446 0.0725584 0.0863765 0.0917385 0.0610051 0.0418261 0.1046402 0.0915148 0.0889235 0.0749723 0.0949522 0.1197304 0.0954351 0.0839426 0.0821923 0.0921924 0.1059051 0.0754092 0.0728345 0.0890857 0.0865582 0.0635354 0.0795813 0.0932320 0.0354063 0.1087969 0.0789905 0.0788534 0.1148822 0.0831538 
S0419         0.4541151 0.3563946 0.3675905 0.0940717 0.1242831 0.0928032 0.1916834 0.0625493 0.0132160 0.0949510 0.0454014 0.0752794 0.0762768 0.0693638 0.0894384 0.1111213 0.1342654 0.0880897 0.1118950 0.1166653 0.0917171 0.0800184 0.0860764 0.2102056 0.0609989 0.0739974 0.0839639 0.0584977 0.0893054 0.0000000 0.0862834 0.1940861 0.0791418 0.0836199 0.0874386 0.1078764 0.1027916 0.0833030 0.1022190 0.0830103 0.0757063 0.0864883 0.0774015 0.0936423 0.0720657 0.0713293 0.0405398 0.0731489 0.1773332 0.0755911 0.0773008 0.0790358 0.0658826 0.0977925 0.0092019 0.0757075 0.0079299 0.0052331 0.1011971 0.0493453 0.0993646 0.0989801 0.0999581 0.0789808 0.0453367 0.1131078 0.0805915 0.0962321 0.0706814 0.0995351 0.0924799 0.1094773 0.0606309 0.1782768 0.0963550 0.0837151 0.0946121 0.0976414 0.0793165 0.1888161 0.0052271 0.2007862 0.0909335 0.0883617 0.0844279 0.0748307 0.1037128 0.0764790 0.1966345 0.0723243 0.0901677 0.0789405 0.0910481 0.0998441 0.1108317 0.0834426 0.0951644 0.0822480 0.0867139 0.0848193 0.0786941 0.0739501 0.0743635 0.1019524 0.0894079 0.0763287 0.0681531 0.0790108 0.0792993 0.0743996 0.0875975 0.0679909 0.0656647 0.1119777 0.0805306 0.0105943 0.0855327 0.0513532 0.1050072 0.0713299 0.0569858 0.0676031 
S0427         0.4725457 0.3838658 0.4119908 0.1021036 0.1334386 0.1001571 0.1994993 0.0798887 0.0804042 0.0990636 0.0899549 0.0848177 0.0825801 0.0814863 0.0943367 0.1045145 0.1207107 0.1113491 0.1350615 0.1237872 0.1186909 0.0871639 0.0956629 0.2362973 0.0750377 0.0851664 0.0977365 0.0782539 0.1043756 0.0862834 0.0000000 0.1529129 0.1022908 0.1026102 0.1180673 0.1221668 0.1220230 0.1028983 0.1050632 0.0811786 0.0856525 0.0941422 0.0950892 0.1032714 0.0843049 0.1013624 0.0863843 0.0996051 0.1920840 0.0991995 0.0950960 0.0998999 0.0817666 0.1294231 0.0865216 0.0820108 0.0888133 0.0846387 0.1233444 0.0975647 0.1137774 0.1255563 0.1113900 0.1035481 0.0659668 0.1091367 0.1059979 0.1277800 0.1031126 0.1271212 0.1277918 0.0866054 0.0946137 0.1885785 0.1079747 0.1150257 0.1081572 0.1218915 0.1067892 0.1996489 0.0814531 0.2148974 0.1283249 0.1078226 0.0921436 0.1017152 0.1099856 0.0947698 0.2097247 0.0801757 0.0970907 0.0893348 0.1041330 0.1096427 0.1232788 0.1086427 0.1116628 0.0986670 0.1117360 0.1062675 0.1051943 0.0818258 0.0982788 0.1024829 0.0964963 0.0843097 0.0792847 0.0815827 0.1001625 0.0790555 0.1076726 0.0908132 0.0829269 0.1208241 0.0797215 0.0918966 0.0972251 0.0914891 0.1077527 0.0803661 0.0975887 0.0686315 
S0428sl       0.5448188 0.5990478 0.6350273 0.1977939 1.2331002 0.2006109 0.2447457 0.1578083 0.1544015 0.0974533 0.2064805 0.1791630 0.0791070 0.1666764 0.1746214 0.1965775 0.1025825 0.2085353 0.2080435 0.1417020 0.2070010 0.0826439 0.1835196 0.6674240 0.1764282 0.1745851 0.0994665 0.2023325 0.0969656 0.1940861 0.1529129 0.0000000 0.1899527 0.1119061 0.1690996 0.2106891 0.2281609 0.1948348 0.1003901 0.1789047 0.1799827 0.0886250 0.1209904 0.1509006 0.1947202 0.2029540 0.1904986 0.1699243 0.2455287 0.2020055 0.2030721 0.2101321 0.1611427 0.1900922 0.2008384 0.1662785 0.1861856 0.1862359 0.1913086 0.2233788 0.1569854 0.2309490 0.1636553 0.1584333 0.1161133 0.1186546 0.1654843 0.1901257 0.1524590 0.1877247 0.1855420 0.1868351 0.2083918 0.2414030 0.2405169 0.2066673 0.2343674 0.2008783 0.1857574 0.2517358 0.1891552 0.1678206 0.0375386 0.1813871 0.1811013 0.1814491 0.2088253 0.1976632 0.2427930 0.1742087 0.1868211 0.1899338 0.0964855 0.1451276 0.1881487 0.2118285 0.1615203 0.0947378 0.1847946 0.1961047 0.1863681 0.1663103 0.1974674 0.1878471 0.1836199 0.1697174 0.1843846 0.1703616 0.1991456 0.1495214 0.1648032 0.1823155 0.1804750 0.1569150 0.1702197 0.2143037 0.0913022 0.2142755 0.1681152 0.1614928 0.2040325 0.1574402 
