141
CRNC          0.0000000 0.3189917 0.3978395 0.4379934 0.4750291 0.4271744 0.3754774 0.4768647 0.4352627 0.4403801 0.4251230 0.4296078 0.4205329 0.4280931 0.4503665 0.4661766 0.4358259 0.4321284 0.4450594 0.4736106 0.4240434 0.4362475 0.4338666 0.4535472 0.4294527 0.4333467 0.4406492 0.4230225 0.4158427 0.4299038 0.4255013 0.4433599 0.4426849 0.4280175 0.5581184 0.4608591 0.4476795 0.4638024 0.4589122 0.4694462 0.4042211 0.4362898 0.4244724 0.4023697 0.4269904 0.4420935 0.5033573 0.4452970 0.4415522 0.4313685 0.4342092 0.3948412 0.4307996 0.4236057 0.5116176 0.4018610 0.4392802 0.4399642 0.4241868 0.4497983 0.4331240 0.4371320 0.4216209 0.4342415 0.4738508 0.4658641 0.4480070 0.4433543 0.5488133 0.4306406 0.4706927 0.4511214 0.4750383 0.4688869 0.4571399 0.4688308 0.3669888 0.4812409 0.4574266 0.4700272 0.4573538 0.3925534 0.4332897 0.3850417 0.5356591 0.4404203 0.4271251 0.5079492 0.4396229 0.4501683 0.3852641 0.4348968 0.4340927 0.4699170 0.4208043 0.4626416 0.5011076 0.4375547 0.4521011 0.4488673 0.4491760 0.4391810 0.4413173 0.4228440 0.4584205 0.4680321 0.4663534 0.4252841 0.4229534 0.4406848 0.4699852 0.4322312 0.4656165 0.4545198 0.4484232 0.4235070 0.4135848 0.4392931 0.4442723 0.4862343 0.4781295 0.4309162 0.4744447 0.4570845 0.4640684 0.3928545 0.4629486 0.4365448 0.4795211 0.4301794 0.4501592 0.4489578 0.4702792 0.4444691 0.4024509 0.4682219 0.5069578 0.4387819 0.4553612 0.4789513 0.4748783 
HYZL          0.3189917 0.0000000 0.1807888 0.3502024 0.4418181 0.3703555 0.3173589 0.3793849 0.3492916 0.4578224 0.3545264 0.3654851 0.3208210 0.3431247 0.3286453 0.3896892 0.3393551 0.3423090 0.3297776 0.3556139 0.3470445 0.3110301 0.3255806 0.3559954 0.3471504 0.3353785 0.3556272 0.3637465 0.3588283 0.3193176 0.3579905 0.3368723 0.3440729 0.3619838 0.3396707 0.3392699 0.3774651 0.3825873 0.4000897 0.3842113 0.3013594 0.3362145 0.3599298 0.3313074 0.3337445 0.3512087 0.3748582 0.3530787 0.4006136 0.3502258 0.3265011 0.3467948 0.3486278 0.3254264 0.3982192 0.3558422 0.3719955 0.3393318 0.3537236 0.3564669 0.3416360 0.3679632 0.3489254 0.3601847 0.3567663 0.3619324 0.3645692 0.3641600 0.4016234 0.3492135 0.4051671 0.3869502 0.4019990 0.3976056 0.4090176 0.4157580 0.3542886 0.3530852 0.3718578 0.3831101 0.3611390 0.3489926 0.3389925 0.2881607 0.3904893 0.3773437 0.3349767 0.3636586 0.3766644 0.3623771 0.3318239 0.3695590 0.3741137 0.3595793 0.3259118 0.3572024 0.3571850 0.3200508 0.3589268 0.3612666 0.3631167 0.3272259 0.3216791 0.3531814 0.3476599 0.3733608 0.3335983 0.3647937 0.3505943 0.3224496 0.3873777 0.3732611 0.3958479 0.3472040 0.3523251 0.3487600 0.3400832 0.3360529 0.3408606 0.4133639 0.3637537 0.3665481 0.4110718 0.3751692 0.3469366 0.3773205 0.3690651 0.3811792 0.3903208 0.3760159 0.3783763 0.3603639 0.3715700 0.3814551 0.3575483 0.3854150 0.4154455 0.3530099 0.3685600 0.3801793 0.3899102 
MYZV          0.3978395 0.1807888 0.0000000 0.4670105 0.7078763 0.4556042 0.3468120 0.4623408 0.4606398 0.7285805 0.4440258 0.4478967 0.4195239 0.4555264 0.4526490 0.4825138 0.4302569 0.4701874 0.4358505 0.4437975 0.4549837 0.4126901 0.4325163 0.4746055 0.4348703 0.4312155 0.4314845 0.4493004 0.4357628 0.4368452 0.4666961 0.4342752 0.4489444 0.4411020 0.4614123 0.4454263 0.4727107 0.4703279 0.4809365 0.4753627 0.3945786 0.4515718 0.4548928 0.4098697 0.4578710 0.4368798 0.4959737 0.4508168 0.4920541 0.4171759 0.4335238 0.4272723 0.4664916 0.4240677 0.4897061 0.4367125 0.4507794 0.4523515 0.4420004 0.4738658 0.4486449 0.4780774 0.4122579 0.4393073 0.4643412 0.4811254 0.4478389 0.4837808 0.5082316 0.4437722 0.4800795 0.4793766 0.4906255 0.4689691 0.4901268 0.4939099 0.4279212 0.4579182 0.4884144 0.4723862 0.4535698 0.4341559 0.4456177 0.3582065 0.4736084 0.4586240 0.4565627 0.4300197 0.4693299 0.4707010 0.4315318 0.4540052 0.4354323 0.4915146 0.4349923 0.4811920 0.4546443 0.4263209 0.4302906 0.4666989 0.4683464 0.4343977 0.4290591 0.4363324 0.4429533 0.4704769 0.4368463 0.4473132 0.4411288 0.4107490 0.5021459 0.4654528 0.4766646 0.4672330 0.4699485 0.4526710 0.4041544 0.4422002 0.4594861 0.5016930 0.5045664 0.4524173 0.4919144 0.4755654 0.4720997 0.4435810 0.4849663 0.4725036 0.4749134 0.4646411 0.4781739 0.4574256 0.4943347 0.4744390 0.4691106 0.5019441 0.5129681 0.4690182 0.5028287 0.4511851 0.4852944 
SRR6441723    0.4379934 0.3502024 0.4670105 0.0000000 0.0574427 0.0870525 0.2271432 0.0935136 0.0611540 0.0494736 0.0978940 0.0746526 0.1037890 0.0750844 0.0549115 0.0878963 0.0994811 0.0769816 0.1025703 0.1026093 0.0706770 0.0992404 0.0579446 0.0429478 0.0534192 0.0997710 0.0828162 0.0800805 0.0805616 0.0653097 0.0937845 0.0645809 0.0577415 0.0844917 0.0608956 0.1047607 0.0982885 0.0658874 0.0933935 0.1166912 0.1092562 0.0695855 0.0835759 0.0803235 0.0717071 0.0726353 0.0817536 0.0722989 0.0937081 0.0709988 0.0943613 0.1930064 0.0795302 0.0995641 0.0914905 0.0726986 0.0582948 0.0642014 0.0801083 0.0641473 0.0589814 0.0718637 0.0647087 0.0737132 0.1033706 0.0701825 0.0724559 0.0559927 0.1255750 0.0773593 0.0707983 0.0687956 0.0735217 0.0733789 0.1040183 0.0882877 0.1792883 0.0715466 0.1040855 0.0749729 0.0801572 0.1857323 0.0574367 0.1790173 0.0982689 0.0713565 0.0477352 0.1211507 0.1007931 0.0567631 0.1685032 0.0750725 0.0806380 0.0488418 0.0641273 0.0680891 0.0722041 0.0989250 0.0764172 0.0857445 0.0997299 0.0971958 0.0970483 0.0786213 0.1057805 0.0501701 0.0532361 0.0733557 0.0728328 0.0685703 0.0734425 0.0861683 0.0948318 0.0502704 0.0532204 0.0645712 0.0769528 0.0609696 0.0868599 0.0904705 0.0821040 0.0761969 0.0924506 0.0568187 0.0322215 0.0980144 0.1000886 0.0837884 0.0924475 0.0734047 0.0873368 0.0470564 0.0435728 0.0841234 0.0575243 0.0643850 0.0966468 0.0579887 0.0336645 0.0933228 0.0685187 
ERR4210213    0.4750291 0.4418181 0.7078763 0.0574427 0.0000000 0.1559736 0.0000010 0.2568612 0.1209883 0.0492784 0.1340864 0.1546853 0.1274711 0.1067795 0.0650049 0.1196922 0.1837594 0.1084260 0.1308680 0.1539812 0.0963987 0.1532801 0.0970848 0.0693519 0.1074206 0.1549395 0.2490343 0.1437363 0.1739506 0.1080038 0.2028027 0.0963987 0.1314442 0.2404120 0.0000010 0.1308680 0.1194637 0.0872619 0.1553458 0.1934229 0.1675786 0.1045802 0.1598248 0.1437363 0.1191250 0.1071195 0.1331727 0.1646745 0.1868586 0.1538870 0.1205761 0.2925417 0.1683580 0.1675786 0.1086025 0.1594913 0.0800998 0.1209883 0.1708202 0.1343737 0.1209883 0.1191740 0.1341471 0.1210968 0.1424726 0.0882001 0.1084260 0.0779292 0.0000010 0.1901680 0.0988510 0.0889808 0.0874106 0.0965885 0.1557381 0.2341752 0.3860781 0.1446079 0.2042563 0.1117618 0.1071816 0.3037964 0.1209883 0.0000010 0.0000010 0.1085071 0.0984962 0.0000010 0.2831366 0.1164469 0.2794818 0.1559736 0.1456994 0.0578088 0.1058216 0.0882001 0.0000010 0.1445030 0.1343737 0.1165846 0.1493403 0.1308680 0.1206230 0.1437363 0.1500288 0.1003333 0.1040341 0.1572388 0.1559736 0.1281633 0.0843619 0.2120681 0.1464068 0.0962099 0.0941536 0.1074187 0.1320220 0.1209883 0.1080038 0.2463434 0.0870591 0.1559736 0.2491331 0.0772220 0.0572562 0.1595051 0.1231468 0.1672513 0.0985205 0.1333620 0.1403455 0.1020434 0.0229166 0.1211871 0.0772220 0.0779292 0.1613822 0.0899497 0.0487940 0.2039574 0.0814512 
ERR2789774    0.4271744 0.3703555 0.4556042 0.0870525 0.1559736 0.0000000 0.2160329 0.0603110 0.0686129 0.0946584 0.0916827 0.0245981 0.1032754 0.0887456 0.0768940 0.0412561 0.0733857 0.1001946 0.1045497 0.1099355 0.0947647 0.1065617 0.0851227 0.0917558 0.0842144 0.1114093 0.0493100 0.0260265 0.0235444 0.0879051 0.0739288 0.0797352 0.0788758 0.0538890 0.0551288 0.1167020 0.0982659 0.1086607 0.0881763 0.1278499 0.1112946 0.0872045 0.0376930 0.0239452 0.0951417 0.0787706 0.1028247 0.0580454 0.0431801 0.0721407 0.0989165 0.1781376 0.0554412 0.1041133 0.1092325 0.0277894 0.0965024 0.0823554 0.0290797 0.0822925 0.0768188 0.1116149 0.0793056 0.0836966 0.1178887 0.0907368 0.0719944 0.0816490 0.1173064 0.0937047 0.1197679 0.0880767 0.1128069 0.1015936 0.0888230 0.0889916 0.1652435 0.0955079 0.1169377 0.1083905 0.1186300 0.1739517 0.0752226 0.1587815 0.0903944 0.1071957 0.0970635 0.1304163 0.0568048 0.0791902 0.1501286 0.0246948 0.0586838 0.0823131 0.0831339 0.0916894 0.0857055 0.1062242 0.0825592 0.1018031 0.1100281 0.1043414 0.1061518 0.0232703 0.1221016 0.0878056 0.0818192 0.0247595 0.0273107 0.0409485 0.0941722 0.0472945 0.0919425 0.0795514 0.0713020 0.0921783 0.0475468 0.0806102 0.0944406 0.0946066 0.1121483 0.0230986 0.0929027 0.0777988 0.0773912 0.0355785 0.1191714 0.0487143 0.0989459 0.0515989 0.0766352 0.0863982 0.0878715 0.0975898 0.0922584 0.0906449 0.1010435 0.0829816 0.0845304 0.0659412 0.0881940 
PAFTOL_019361 0.3754774 0.3173589 0.3468120 0.2271432 0.0000010 0.2160329 0.0000000 0.2157033 0.1587302 0.0000010 0.2126737 0.2105139 0.1587328 0.2121498 0.2305637 0.2304801 0.2199535 0.2111938 0.2356799 0.2296044 0.2073431 0.2297816 0.1936251 0.2344126 0.2115190 0.2157929 0.1994290 0.2062108 0.2089183 0.1772864 0.2374067 0.1876355 0.1845675 0.2080670 0.2045702 0.2408315 0.2202608 0.2478047 0.2422294 0.2656266 0.2171364 0.1982603 0.1999209 0.1992944 0.2204257 0.1985799 0.2423380 0.2214447 0.2205743 0.1951882 0.2367078 0.2412292 0.2154542 0.2314243 0.2517662 0.2006846 0.2276557 0.1932315 0.2008160 0.1967152 0.1831874 0.2571107 0.1986667 0.2093824 0.2142942 0.2276074 0.2011411 0.2198385 0.2572605 0.2018018 0.2435559 0.2359905 0.2555439 0.2436998 0.2397713 0.2192209 0.2201377 0.2288162 0.2425581 0.2690751 0.2716096 0.2359345 0.1806289 0.2353706 0.2077175 0.2441563 0.2493949 0.2256666 0.2192739 0.2368474 0.2263301 0.2060310 0.2264314 0.2278073 0.1814193 0.2197939 0.2174767 0.2335281 0.2060323 0.2092692 0.2499913 0.2345319 0.2374757 0.2054906 0.2150626 0.2365066 0.2147635 0.2027975 0.2052310 0.2044621 0.2633590 0.2103272 0.2392083 0.2300649 0.2235703 0.1968815 0.2185101 0.1902438 0.1990481 0.2294418 0.2406785 0.1967112 0.2353369 0.2285896 0.2283518 0.1782806 0.2127675 0.2153255 0.2354906 0.2111423 0.2184423 0.2306519 0.2402277 0.2312711 0.2229089 0.2274007 0.2492883 0.2266410 0.2345697 0.2141642 0.2372198 
S0055         0.4768647 0.3793849 0.4623408 0.0935136 0.2568612 0.0603110 0.2157033 0.0000000 0.0831292 0.2229540 0.1049587 0.0477581 0.1432915 0.0988023 0.0900650 0.0679294 0.0714479 0.1029594 0.1220362 0.1199407 0.0922668 0.1205751 0.0932104 0.1107534 0.1050557 0.1268779 0.0597554 0.0523760 0.0547678 0.0942520 0.0728046 0.0841879 0.0817423 0.0478709 0.0432656 0.1264806 0.1063427 0.1211826 0.0890221 0.1289462 0.1284613 0.0934854 0.0556073 0.0523696 0.1016585 0.0847561 0.1061881 0.0635272 0.0654189 0.0814538 0.1071252 0.1738465 0.0656980 0.1200097 0.1108474 0.0544800 0.1044856 0.0886470 0.0510654 0.0885809 0.0829346 0.1241378 0.0851196 0.0917672 0.1266183 0.0961141 0.0758432 0.0912313 0.1106503 0.0944777 0.1238812 0.1158594 0.1244230 0.1137201 0.0865229 0.0913083 0.1540938 0.0984895 0.1178548 0.1279640 0.1307424 0.1675885 0.0813016 0.1716958 0.0907424 0.1180413 0.1105371 0.1218900 0.0558228 0.0937134 0.1476572 0.0510137 0.0652117 0.0990780 0.0892936 0.0936414 0.0882906 0.1222377 0.0922149 0.1063673 0.1087977 0.1202754 0.1187111 0.0494448 0.1252520 0.0974053 0.0914763 0.0494284 0.0427654 0.0245140 0.1063567 0.0590445 0.1040056 0.0961047 0.0841328 0.0951076 0.0558335 0.0817461 0.1079273 0.0969891 0.1142964 0.0474624 0.0995279 0.0976098 0.0918942 0.0613396 0.1267776 0.0541971 0.1073478 0.0603443 0.0828256 0.0969028 0.1064803 0.0948668 0.1115574 0.1005634 0.1089464 0.0860551 0.0999648 0.0616963 0.0993518 
S0196sl       0.4352627 0.3492916 0.4606398 0.0611540 0.1209883 0.0686129 0.1587302 0.0831292 0.0000000 0.0656051 0.0455269 0.0625477 0.0903219 0.0542749 0.0643408 0.0598003 0.0716867 0.0588129 0.0892621 0.0837026 0.0474174 0.0853537 0.0432990 0.0673064 0.0597680 0.0836021 0.0659684 0.0646848 0.0637213 0.0402844 0.0746792 0.0395892 0.0092018 0.0747613 0.0155359 0.0890910 0.0619606 0.0858144 0.0783978 0.1015016 0.0859147 0.0507651 0.0591583 0.0583618 0.0511724 0.0425577 0.0714973 0.0605970 0.0811884 0.0353802 0.0821589 0.1456521 0.0649940 0.0770816 0.0798693 0.0581826 0.0780037 0.0123472 0.0687685 0.0123488 0.0076101 0.0884449 0.0355759 0.0497092 0.0947613 0.0558843 0.0443561 0.0513069 0.1040383 0.0664525 0.0886952 0.0757177 0.0864967 0.0877627 0.0831768 0.0724347 0.1457806 0.0714467 0.0979630 0.0927715 0.0996647 0.1459708 0.0060790 0.1289306 0.0584586 0.0826133 0.0710763 0.0934921 0.0724155 0.0677136 0.1345114 0.0614111 0.0706513 0.0555281 0.0325022 0.0554723 0.0493117 0.0874682 0.0499370 0.0604685 0.0870010 0.0855438 0.0854352 0.0612409 0.0953993 0.0687973 0.0608015 0.0595310 0.0641584 0.0547753 0.0714699 0.0730623 0.0644193 0.0584511 0.0552261 0.0545929 0.0646257 0.0107684 0.0561950 0.0784881 0.0662341 0.0606725 0.0805454 0.0680569 0.0572845 0.0759228 0.0647430 0.0744963 0.0658093 0.0585742 0.0780820 0.0730270 0.0666354 0.0671663 0.0654478 0.0609500 0.0858440 0.0420787 0.0645992 0.0835945 0.0657155 
S0278         0.4403801 0.4578224 0.7285805 0.0494736 0.0492784 0.0946584 0.0000010 0.2229540 0.0656051 0.0000000 0.1146291 0.1096920 0.1582286 0.0365827 0.0499675 0.0636125 0.0946584 0.0118633 0.1453072 0.1607494 0.0000022 0.1473810 0.0000022 0.1132389 0.0681932 0.1510194 0.1726496 0.0946584 0.1145424 0.0362481 0.1081843 0.0000022 0.0798287 0.2078577 0.0000010 0.1453072 0.0243590 0.0795051 0.0799231 0.1255995 0.1159431 0.0114930 0.0790394 0.0946584 0.0242423 0.0367344 0.0809648 0.0649453 0.1124273 0.1105154 0.1253484 0.2095402 0.1132368 0.1159431 0.0520776 0.0963892 0.0682540 0.0656051 0.1131240 0.0656051 0.0656051 0.0949912 0.0986120 0.0522809 0.1440526 0.0512377 0.0374311 0.0373494 0.0000010 0.1648046 0.0970751 0.0645433 0.0782249 0.0646907 0.0946906 0.1643643 0.2912982 0.0965677 0.1253754 0.0662880 0.0782249 0.2172526 0.0656051 0.0000010 0.0000010 0.0795051 0.0965346 0.0000010 0.1863543 0.0934533 0.1882460 0.1110589 0.1300309 0.0237621 0.0114481 0.0512377 0.0000010 0.1675131 0.0684359 0.0234944 0.0793633 0.1453072 0.1275315 0.0946584 0.1554797 0.0655382 0.0774159 0.1123303 0.1110589 0.0789580 0.0782249 0.1684631 0.0842139 0.0791915 0.0622266 0.0239227 0.1107865 0.0656051 0.0362481 0.1643643 0.0657572 0.0946584 0.1426812 0.0645433 0.0365827 0.1309387 0.0118658 0.1124273 0.0504157 0.0946584 0.0641686 0.0834000 0.0365827 0.0657572 0.0645433 0.0373494 0.0988577 0.0662836 0.0365827 0.1338357 0.0528971 
S0281         0.4251230 0.3545264 0.4440258 0.0978940 0.1340864 0.0916827 0.2126737 0.1049587 0.0455269 0.1146291 0.0000000 0.0821957 0.1090948 0.0870772 0.0970930 0.0814536 0.1048575 0.0938483 0.1195673 0.1228658 0.0844414 0.1156981 0.0762935 0.1044110 0.0992193 0.1130167 0.0876756 0.0854074 0.0833200 0.0778240 0.1030176 0.0727984 0.0536337 0.0945817 0.0327381 0.1195630 0.0881685 0.1045917 0.1076221 0.1236661 0.1175247 0.0802910 0.0844180 0.0752533 0.0882671 0.0799310 0.1006155 0.0968499 0.1099099 0.0586000 0.1108502 0.1745117 0.0824053 0.1113850 0.1175881 0.0788839 0.1073847 0.0565906 0.0882067 0.0639630 0.0549091 0.1235507 0.0569235 0.0780989 0.1124429 0.0860360 0.0799142 0.0865681 0.1359268 0.0862965 0.1192681 0.1034433 0.1172089 0.1152991 0.1099043 0.0770134 0.1721883 0.1071752 0.1212147 0.1196109 0.1288056 0.1827674 0.0533174 0.1788543 0.0764021 0.1017776 0.1118886 0.1312471 0.1114687 0.1025511 0.1648549 0.0830180 0.0979601 0.0961751 0.0690319 0.0835840 0.0820333 0.1179916 0.0795964 0.0915381 0.1041451 0.1182426 0.1202445 0.0828057 0.1149434 0.1070730 0.1016001 0.0811822 0.0836693 0.0816754 0.1130882 0.0943865 0.0956501 0.0942460 0.0897385 0.0876985 0.0884943 0.0567178 0.0897046 0.0826686 0.1022523 0.0822494 0.0864667 0.0974797 0.0965540 0.0957242 0.0932275 0.1040724 0.0966206 0.0914041 0.1054201 0.1070628 0.0987111 0.1019382 0.1006908 0.0964795 0.1132861 0.0797866 0.0966432 0.1065422 0.1052766 
S0282         0.4296078 0.3654851 0.4478967 0.0746526 0.1546853 0.0245981 0.2105139 0.0477581 0.0625477 0.1096920 0.0821957 0.0000000 0.0912506 0.0798720 0.0701029 0.0234806 0.0631432 0.0913200 0.0990917 0.0934278 0.0863464 0.0992555 0.0745727 0.0861245 0.0797558 0.1033269 0.0432250 0.0093112 0.0150980 0.0752483 0.0636724 0.0708813 0.0669169 0.0431241 0.0373098 0.1048236 0.0888449 0.1009142 0.0814945 0.1173806 0.1089750 0.0748298 0.0260926 0.0100397 0.0824142 0.0704798 0.0930396 0.0516843 0.0260382 0.0666863 0.0917438 0.1737675 0.0506538 0.0968750 0.1030863 0.0135118 0.0942761 0.0734722 0.0149379 0.0734137 0.0681251 0.1034270 0.0704703 0.0695830 0.1059759 0.0844520 0.0570366 0.0715220 0.1075165 0.0793873 0.1097735 0.0840362 0.0987795 0.0932264 0.0849546 0.0798079 0.1568560 0.0846762 0.1087968 0.0987131 0.1086170 0.1655711 0.0665641 0.1588541 0.0695546 0.0991519 0.0913371 0.1151335 0.0476616 0.0754904 0.1460099 0.0079921 0.0522946 0.0785578 0.0709724 0.0821398 0.0740633 0.0989394 0.0706166 0.0929062 0.1019059 0.0991170 0.0971148 0.0093953 0.1083865 0.0873992 0.0700224 0.0080122 0.0133925 0.0359281 0.0888163 0.0397767 0.0800121 0.0759498 0.0663085 0.0801957 0.0444347 0.0717764 0.0851381 0.0852484 0.1016302 0.0120286 0.0835847 0.0727222 0.0720306 0.0258332 0.1080900 0.0395830 0.0824325 0.0455488 0.0678674 0.0860437 0.0822699 0.0898095 0.0828589 0.0802389 0.0970779 0.0723434 0.0771524 0.0521558 0.0744832 
S0288         0.4205329 0.3208210 0.4195239 0.1037890 0.1274711 0.1032754 0.1587328 0.1432915 0.0903219 0.1582286 0.1090948 0.0912506 0.0000000 0.1295342 0.0929830 0.1025241 0.1152793 0.1150870 0.0134367 0.0555798 0.1071155 0.0162807 0.0975851 0.1220159 0.1228332 0.0275159 0.1074188 0.1020710 0.1030534 0.0987947 0.1108793 0.1057605 0.0828598 0.1152250 0.0000010 0.0190885 0.1315960 0.1592422 0.1157480 0.1476551 0.0220988 0.1217514 0.0979744 0.1122030 0.1228822 0.1081012 0.1328701 0.1188398 0.1099539 0.0939496 0.0195627 0.1738658 0.1212481 0.0190125 0.1330784 0.1101167 0.1254918 0.0969610 0.1100104 0.0935211 0.0894249 0.1336622 0.1088015 0.1115788 0.0992720 0.1265277 0.1088925 0.1162669 0.2573262 0.0400823 0.1500310 0.1428463 0.1559341 0.1561813 0.1467630 0.0982963 0.1822021 0.1104093 0.1039654 0.1367903 0.1557246 0.1882655 0.0861351 0.1646951 0.0798203 0.1406971 0.1218379 0.1274887 0.1276609 0.1007740 0.1631014 0.1068462 0.1166041 0.1194883 0.0976406 0.1212420 0.1136226 0.0135272 0.1209785 0.1382797 0.1147516 0.0053209 0.0053258 0.0945205 0.0938936 0.1373124 0.1046703 0.1070446 0.1091991 0.0964216 0.1039219 0.1029151 0.1265808 0.0862667 0.0961543 0.1072186 0.1032385 0.0934252 0.1267066 0.0945024 0.1323946 0.1017940 0.1107751 0.1162877 0.1057377 0.0990415 0.1295214 0.1030573 0.1073136 0.1098872 0.1138212 0.1334164 0.1098582 0.1310538 0.1209916 0.1116702 0.1153370 0.0978962 0.1011823 0.1032013 0.0983838 
S0289         0.4280931 0.3431247 0.4555264 0.0750844 0.1067795 0.0887456 0.2121498 0.0988023 0.0542749 0.0365827 0.0870772 0.0798720 0.1295342 0.0000000 0.0686806 0.0897903 0.0882913 0.0495595 0.1081844 0.1047919 0.0417346 0.1003057 0.0413441 0.0847224 0.0886458 0.1140812 0.0886897 0.0853330 0.0845216 0.0374980 0.0864501 0.0336227 0.0512379 0.0861465 0.0259572 0.1083867 0.0571940 0.0983470 0.0932820 0.1120089 0.1172842 0.0412962 0.0838627 0.0915093 0.0463280 0.0488433 0.0751492 0.0728491 0.1021680 0.0670424 0.1035596 0.1908148 0.0782976 0.1013405 0.0953532 0.0792039 0.0916848 0.0544640 0.0893483 0.0579453 0.0494311 0.0933869 0.0676727 0.0522434 0.1046480 0.0593602 0.0535784 0.0658597 0.0829263 0.0808812 0.1067879 0.0993680 0.1005085 0.1026591 0.0942162 0.0990661 0.1751222 0.0766182 0.1109753 0.1136107 0.1157629 0.1859425 0.0479189 0.1828311 0.0723994 0.1020557 0.0808456 0.1122286 0.0966001 0.0838540 0.1684556 0.0841006 0.0953539 0.0689848 0.0336313 0.0573414 0.0620487 0.1064499 0.0505428 0.0493568 0.0987246 0.1066450 0.1045408 0.0841423 0.1089872 0.0899004 0.0737055 0.0823396 0.0798481 0.0721258 0.0947559 0.0934606 0.0773294 0.0714530 0.0616029 0.0442874 0.0895890 0.0528452 0.0508320 0.1048142 0.0746544 0.0816347 0.1068841 0.0790060 0.0692950 0.1098433 0.0599438 0.0914508 0.0627171 0.0840273 0.0892836 0.0885041 0.0824975 0.0600458 0.0899822 0.0746523 0.1105280 0.0647957 0.0703526 0.1051035 0.0791373 
S0292         0.4503665 0.3286453 0.4526490 0.0549115 0.0650049 0.0768940 0.2305637 0.0900650 0.0643408 0.0499675 0.0970930 0.0701029 0.0929830 0.0686806 0.0000000 0.0813062 0.0960170 0.0770411 0.0878280 0.0924676 0.0724299 0.0846372 0.0630978 0.0514238 0.0562419 0.0914097 0.0865000 0.0737417 0.0708273 0.0657129 0.0873193 0.0600885 0.0631786 0.0858237 0.0552894 0.0881562 0.0910993 0.0701020 0.1004752 0.1224769 0.0972665 0.0714135 0.0787748 0.0684743 0.0722062 0.0744798 0.0922157 0.0775907 0.0892898 0.0777953 0.0870524 0.1874277 0.0715236 0.0814540 0.0877386 0.0700549 0.0642892 0.0664771 0.0737688 0.0632873 0.0612851 0.0727284 0.0715405 0.0808161 0.1004563 0.0756131 0.0726193 0.0549225 0.1198601 0.0728863 0.0783152 0.0664658 0.0762153 0.0760698 0.1042945 0.0950758 0.1824678 0.0686381 0.1045759 0.0810980 0.0813278 0.1784156 0.0597537 0.1606819 0.0845935 0.0705999 0.0578990 0.1096943 0.0919459 0.0407756 0.1698135 0.0704884 0.0793936 0.0450225 0.0596664 0.0734119 0.0736339 0.0843701 0.0798236 0.0759465 0.0994118 0.0843524 0.0843857 0.0707135 0.0900742 0.0589848 0.0259181 0.0688160 0.0699088 0.0690852 0.0500034 0.0881657 0.0938348 0.0257997 0.0286302 0.0749143 0.0721299 0.0631463 0.0766163 0.0905881 0.0879181 0.0684313 0.0992691 0.0423974 0.0390112 0.0929898 0.0940776 0.0791864 0.0921863 0.0737769 0.0915610 0.0558486 0.0457196 0.0752750 0.0586320 0.0647808 0.0965732 0.0580300 0.0455660 0.1007375 0.0656674 
S0293         0.4661766 0.3896892 0.4825138 0.0878963 0.1196922 0.0412561 0.2304801 0.0679294 0.0598003 0.0636125 0.0814536 0.0234806 0.1025241 0.0897903 0.0813062 0.0000000 0.0870090 0.0975912 0.1191590 0.1173345 0.0925232 0.1193609 0.0842781 0.0963562 0.0930009 0.1064312 0.0597606 0.0249216 0.0314566 0.0868294 0.0872308 0.0784670 0.0819388 0.0595251 0.0385627 0.1252698 0.1016834 0.1161616 0.0948884 0.1388693 0.1361048 0.0879589 0.0428949 0.0314553 0.0925134 0.0764536 0.1096210 0.0739535 0.0437630 0.0816486 0.1118423 0.1892963 0.0713287 0.1213974 0.1214743 0.0316057 0.1092655 0.0855001 0.0310677 0.0854350 0.0798242 0.1170499 0.0823934 0.0830572 0.1287751 0.0968535 0.0715287 0.0849586 0.1211590 0.1041077 0.1254783 0.0985041 0.1184284 0.1124693 0.1067061 0.0947240 0.1716304 0.1043621 0.1315594 0.1138017 0.1220457 0.1830505 0.0781948 0.1749994 0.0678979 0.1143169 0.1017794 0.1409087 0.0662028 0.0907713 0.1627129 0.0235440 0.0731207 0.0865047 0.0822439 0.0943557 0.0908903 0.1189819 0.0840646 0.0992053 0.1183653 0.1170236 0.1170619 0.0251232 0.1269812 0.0978123 0.0812110 0.0236060 0.0292736 0.0516639 0.1032296 0.0577083 0.0996241 0.0913428 0.0772777 0.0895680 0.0646335 0.0837145 0.0970652 0.1004570 0.1115586 0.0278231 0.1025195 0.0879380 0.0816727 0.0481131 0.1030394 0.0558529 0.0952805 0.0656531 0.0926268 0.0964513 0.0907573 0.1031747 0.1020312 0.0941941 0.1151797 0.0862227 0.0874077 0.0744325 0.0848959 
S0294         0.4358259 0.3393551 0.4302569 0.0994811 0.1837594 0.0733857 0.2199535 0.0714479 0.0716867 0.0946584 0.1048575 0.0631432 0.1152793 0.0882913 0.0960170 0.0870090 0.0000000 0.0984484 0.1133042 0.1102794 0.0943789 0.1118364 0.0820487 0.1099050 0.1034212 0.1213559 0.0662220 0.0684502 0.0660755 0.0816537 0.0577000 0.0771079 0.0764513 0.0628512 0.0879531 0.1175938 0.0916309 0.1299876 0.0835068 0.1136747 0.1229747 0.0806801 0.0594326 0.0687261 0.0924157 0.0763885 0.1176273 0.0658634 0.0776076 0.0836332 0.1021010 0.1686076 0.0546122 0.1054246 0.1113320 0.0647753 0.1192985 0.0799458 0.0669210 0.0838184 0.0743950 0.1255682 0.0856306 0.0773256 0.1112180 0.1038301 0.0728843 0.0848869 0.1243811 0.0871038 0.1378813 0.1210927 0.1371014 0.1225925 0.0505826 0.0950072 0.1496696 0.0890031 0.1031624 0.1350251 0.1416419 0.1591262 0.0727889 0.1657514 0.0895469 0.1268866 0.1079001 0.1203292 0.0792425 0.0999545 0.1401497 0.0670622 0.0686545 0.0943065 0.0805248 0.1034041 0.0996681 0.1134888 0.0746543 0.0997661 0.1070367 0.1137038 0.1092955 0.0637624 0.1135982 0.1057909 0.0881231 0.0653724 0.0646387 0.0577896 0.1198921 0.0634842 0.0966217 0.0968225 0.0865768 0.0917648 0.0616989 0.0781927 0.0987807 0.1007548 0.1203960 0.0631452 0.0971073 0.0949935 0.0854442 0.0673843 0.1076704 0.0719684 0.0943309 0.0662535 0.0854833 0.1059868 0.1061586 0.1078320 0.1053749 0.0975213 0.1158678 0.0820740 0.0975253 0.0723448 0.0990738 
S0299         0.4321284 0.3423090 0.4701874 0.0769816 0.1084260 0.1001946 0.2111938 0.1029594 0.0588129 0.0118633 0.0938483 0.0913200 0.1150870 0.0495595 0.0770411 0.0975912 0.0984484 0.0000000 0.1147195 0.1109624 0.0341626 0.1088236 0.0387447 0.0832905 0.0779540 0.1194309 0.0909150 0.0931147 0.0882421 0.0456636 0.0921887 0.0339321 0.0550044 0.0976093 0.0636631 0.1148108 0.0564593 0.0965015 0.0975593 0.1167907 0.1188552 0.0337319 0.0914700 0.0965549 0.0305839 0.0477891 0.0758768 0.0848976 0.1108013 0.0730979 0.1100513 0.1701852 0.0817764 0.1078037 0.1028742 0.0821490 0.0861657 0.0582974 0.0931006 0.0618659 0.0531455 0.0936509 0.0717807 0.0529091 0.1151314 0.0599258 0.0592792 0.0749443 0.0952938 0.0832883 0.1011348 0.0942443 0.1009214 0.0970043 0.1103483 0.0935021 0.1713688 0.0880622 0.1155815 0.1096482 0.1117703 0.1677966 0.0516067 0.1635383 0.0730261 0.0964380 0.0764089 0.1289571 0.1027955 0.0826081 0.1549975 0.0862640 0.1016408 0.0674062 0.0355664 0.0578838 0.0668786 0.1129560 0.0545364 0.0322225 0.0990895 0.1110293 0.1110078 0.0917809 0.1156196 0.0850733 0.0756802 0.0844873 0.0890229 0.0764025 0.0865249 0.1036232 0.0842525 0.0701980 0.0634606 0.0398802 0.0939063 0.0566451 0.0510932 0.0991482 0.0755190 0.0891522 0.1011777 0.0760217 0.0659804 0.0972117 0.0495239 0.1027674 0.0652103 0.0882383 0.0953403 0.0850516 0.0810474 0.0604478 0.0769250 0.0839313 0.1156770 0.0634320 0.0686672 0.1058654 0.0868140 
S0303         0.4450594 0.3297776 0.4358505 0.1025703 0.1308680 0.1045497 0.2356799 0.1220362 0.0892621 0.1453072 0.1195673 0.0990917 0.0134367 0.1081844 0.0878280 0.1191590 0.1133042 0.1147195 0.0000000 0.0538862 0.1004080 0.0092803 0.0911068 0.1070702 0.1106401 0.0206287 0.0973789 0.1086842 0.1015161 0.0983066 0.1115667 0.0945098 0.0840152 0.1077985 0.0878964 0.0203983 0.1165184 0.1399109 0.1288837 0.0984676 0.0220366 0.0987596 0.0961174 0.1167315 0.1069895 0.1015411 0.1182432 0.1068942 0.1202856 0.0894599 0.0149174 0.1941848 0.1102090 0.0160871 0.1317471 0.1000009 0.1263338 0.0926813 0.1048512 0.0967545 0.0868652 0.1314432 0.0951296 0.1017822 0.0860572 0.1129535 0.1054171 0.0994539 0.1425538 0.0383878 0.1426217 0.1205653 0.1431349 0.1401539 0.1355349 0.0967785 0.1815795 0.1091082 0.0799158 0.1363362 0.1518689 0.1847765 0.0852116 0.1559832 0.0887100 0.1192242 0.1087503 0.1005813 0.1262994 0.1022087 0.1655461 0.1015650 0.1088451 0.0947482 0.0871581 0.1102889 0.0962994 0.0079309 0.1038699 0.1125542 0.0802539 0.0134003 0.0120100 0.1036495 0.0835874 0.1130997 0.0984980 0.0997102 0.1041767 0.0970254 0.1126895 0.1094515 0.1128664 0.0934277 0.0879220 0.0976644 0.1023833 0.0908603 0.1044715 0.1009907 0.1258333 0.1025981 0.1050647 0.1120694 0.0972702 0.1149195 0.1183763 0.1109692 0.1144233 0.1096432 0.1318442 0.1113731 0.1037695 0.1095286 0.1108997 0.1170174 0.1224886 0.0956195 0.1023852 0.1137463 0.1063701 
S0308         0.4736106 0.3556139 0.4437975 0.1026093 0.1539812 0.1099355 0.2296044 0.1199407 0.0837026 0.1607494 0.1228658 0.0934278 0.0555798 0.1047919 0.0924676 0.1173345 0.1102794 0.1109624 0.0538862 0.0000000 0.0962422 0.0539696 0.0950674 0.1057413 0.1135095 0.0555323 0.1062584 0.1027144 0.1022574 0.0927679 0.1196186 0.0930984 0.0839465 0.1123241 0.0675623 0.0557128 0.1018590 0.1219979 0.1298426 0.0999784 0.0523550 0.1051013 0.0960253 0.1063293 0.1090476 0.0973016 0.1153099 0.1078924 0.1201160 0.0958997 0.0509227 0.2152335 0.1100108 0.0506513 0.1217760 0.0898402 0.1151915 0.0924574 0.0971653 0.0964570 0.0867463 0.1209982 0.0945237 0.0990494 0.0844350 0.1046871 0.0989822 0.0911096 0.1382791 0.0422638 0.1340168 0.1054006 0.1232022 0.1266898 0.1360696 0.1092373 0.1874608 0.0992473 0.0862675 0.1320406 0.1409245 0.1972883 0.0851218 0.1734567 0.1028591 0.1130307 0.1095560 0.0910482 0.1198395 0.0955168 0.1854905 0.0957946 0.1127433 0.0973671 0.0892466 0.1041329 0.0923615 0.0507401 0.0915020 0.1096088 0.0857820 0.0508149 0.0524714 0.0978050 0.0748490 0.1175457 0.0961002 0.0939945 0.1017931 0.1015756 0.1058549 0.1111738 0.1058005 0.0847902 0.0833901 0.0997886 0.1099418 0.0906689 0.1095477 0.1135618 0.1213197 0.1002463 0.1159708 0.1043653 0.0980640 0.1191410 0.1163406 0.1183381 0.1072299 0.1152524 0.1285204 0.1131836 0.1147176 0.1062418 0.1011996 0.1038735 0.1287623 0.0896425 0.1025299 0.1146908 0.0994616 
S0320         0.4240434 0.3470445 0.4549837 0.0706770 0.0963987 0.0947647 0.2073431 0.0922668 0.0474174 0.0000022 0.0844414 0.0863464 0.1071155 0.0417346 0.0724299 0.0925232 0.0943789 0.0341626 0.1004080 0.0962422 0.0000000 0.0946957 0.0295481 0.0824111 0.0795053 0.1015569 0.0879621 0.0863641 0.0871294 0.0380196 0.0856280 0.0237801 0.0471462 0.0902476 0.0325308 0.1023828 0.0498825 0.0977051 0.0964067 0.0968930 0.0978103 0.0341624 0.0864887 0.0978878 0.0373142 0.0370128 0.0692495 0.0839394 0.1049535 0.0585306 0.0922360 0.1696059 0.0826081 0.0954871 0.0903562 0.0760813 0.0904746 0.0503703 0.0867668 0.0538353 0.0453553 0.0983172 0.0571904 0.0432978 0.1000569 0.0551767 0.0464934 0.0651747 0.0836719 0.0732997 0.1057059 0.0951347 0.1021906 0.0980489 0.1009942 0.0858280 0.1704582 0.0719225 0.0946773 0.1074558 0.1131767 0.1671885 0.0438386 0.1587678 0.0624628 0.0976407 0.0788661 0.1120116 0.0994236 0.0833638 0.1542042 0.0833424 0.0959058 0.0648403 0.0205850 0.0516212 0.0587632 0.0986760 0.0403294 0.0340231 0.0805562 0.0968004 0.0967788 0.0867803 0.1024849 0.0825003 0.0746004 0.0815679 0.0824004 0.0750214 0.0911596 0.1002261 0.0651702 0.0685975 0.0623400 0.0279225 0.0899499 0.0456640 0.0483598 0.0914099 0.0668432 0.0842147 0.0934111 0.0817714 0.0649909 0.1035421 0.0518586 0.0953334 0.0533907 0.0840921 0.0878052 0.0824784 0.0801411 0.0556244 0.0799807 0.0739355 0.0969432 0.0566260 0.0676594 0.0916872 0.0784544 
S0322         0.4362475 0.3110301 0.4126901 0.0992404 0.1532801 0.1065617 0.2297816 0.1205751 0.0853537 0.1473810 0.1156981 0.0992555 0.0162807 0.1003057 0.0846372 0.1193609 0.1118364 0.1088236 0.0092803 0.0539696 0.0946957 0.0000000 0.0856252 0.1051522 0.1059854 0.0192324 0.1018563 0.1088659 0.1016854 0.0961030 0.1082752 0.0889858 0.0786431 0.1079798 0.0957140 0.0203865 0.1124646 0.1363867 0.1274118 0.1021565 0.0167654 0.0931430 0.0946812 0.1138156 0.0974187 0.0993529 0.1158627 0.1035768 0.1202116 0.0854757 0.0149524 0.2006752 0.1087546 0.0133844 0.1221848 0.1001862 0.1221023 0.0871877 0.1050259 0.0911762 0.0814841 0.1299677 0.0892934 0.0995224 0.0850405 0.1089318 0.1031956 0.1046567 0.1404113 0.0354929 0.1382507 0.1164050 0.1395708 0.1375953 0.1340376 0.1005103 0.1848391 0.1039285 0.0784891 0.1357236 0.1473250 0.1910403 0.0798503 0.1628506 0.0964760 0.1151136 0.1054231 0.0961283 0.1202307 0.0975392 0.1714433 0.1017343 0.1073855 0.0956617 0.0834049 0.1044841 0.0919487 0.0065844 0.1016549 0.1091608 0.0770685 0.0134196 0.0120277 0.1038231 0.0803876 0.1160246 0.0952518 0.0998762 0.1043493 0.0970773 0.1093814 0.1085496 0.1123217 0.0901991 0.0847289 0.0920319 0.1009350 0.0853952 0.1075711 0.1047811 0.1196322 0.1027679 0.1071494 0.1087362 0.0940140 0.1172052 0.1143121 0.1075775 0.1157191 0.1081954 0.1282280 0.1097415 0.1047879 0.1071667 0.1038632 0.1181702 0.1249199 0.0922627 0.0989574 0.1100561 0.1109934 
S0327         0.4338666 0.3255806 0.4325163 0.0579446 0.0970848 0.0851227 0.1936251 0.0932104 0.0432990 0.0000022 0.0762935 0.0745727 0.0975851 0.0413441 0.0630978 0.0842781 0.0820487 0.0387447 0.0911068 0.0950674 0.0295481 0.0856252 0.0000000 0.0689208 0.0608958 0.0934714 0.0775906 0.0800732 0.0772795 0.0298145 0.0700133 0.0233819 0.0402424 0.0761160 0.0317906 0.0948269 0.0476688 0.0833209 0.0929926 0.0971383 0.0961735 0.0294014 0.0763127 0.0805190 0.0387104 0.0380824 0.0698327 0.0723769 0.0960891 0.0574247 0.0847441 0.1790003 0.0710188 0.0863234 0.0796517 0.0653606 0.0768365 0.0433548 0.0802820 0.0466741 0.0385390 0.0893956 0.0544522 0.0378621 0.0888027 0.0543533 0.0442191 0.0574838 0.0802972 0.0653416 0.0878558 0.0774141 0.0874847 0.0837397 0.0855566 0.0827201 0.1708972 0.0673251 0.0911114 0.0959294 0.0979457 0.1730374 0.0370658 0.1673003 0.0487546 0.0832610 0.0706685 0.0971054 0.0947585 0.0750275 0.1610203 0.0736197 0.0895928 0.0555497 0.0190134 0.0523976 0.0555767 0.0894290 0.0412513 0.0416909 0.0863165 0.0895846 0.0874478 0.0752044 0.0912307 0.0683811 0.0614837 0.0736651 0.0760867 0.0685875 0.0858712 0.0899105 0.0643937 0.0594684 0.0534122 0.0323081 0.0837993 0.0417925 0.0430308 0.0881800 0.0693864 0.0745780 0.0919836 0.0702787 0.0537550 0.0952353 0.0498256 0.0875012 0.0526303 0.0783567 0.0775849 0.0665500 0.0665855 0.0532895 0.0615731 0.0658984 0.0954009 0.0509708 0.0562991 0.0882119 0.0701560 
S0335         0.4535472 0.3559954 0.4746055 0.0429478 0.0693519 0.0917558 0.2344126 0.1107534 0.0673064 0.1132389 0.1044110 0.0861245 0.1220159 0.0847224 0.0514238 0.0963562 0.1099050 0.0832905 0.1070702 0.1057413 0.0824111 0.1051522 0.0689208 0.0000000 0.0469326 0.1166770 0.0966148 0.0900082 0.0852599 0.0628771 0.1041415 0.0723728 0.0687448 0.1016220 0.0611712 0.1110780 0.0976237 0.0699723 0.1123457 0.1202432 0.1220044 0.0793294 0.0901978 0.0864341 0.0692816 0.0804586 0.0857370 0.0901874 0.1052681 0.0788024 0.1041090 0.2004922 0.0874429 0.1093383 0.0978496 0.0750464 0.0693359 0.0721235 0.0900423 0.0704491 0.0667842 0.0800027 0.0757063 0.0817728 0.1094586 0.0724970 0.0805015 0.0602722 0.1179204 0.0854652 0.0820876 0.0717922 0.0781072 0.0758046 0.1144396 0.0963040 0.1951311 0.0810725 0.1219525 0.0829542 0.0902056 0.1973772 0.0652223 0.1619420 0.0895208 0.0759381 0.0568338 0.1135770 0.1076682 0.0563789 0.1841851 0.0814765 0.0977378 0.0485193 0.0738712 0.0721262 0.0590911 0.1051448 0.0859551 0.0904732 0.1135466 0.1034160 0.1052300 0.0868969 0.1100411 0.0479561 0.0528817 0.0793121 0.0825830 0.0811460 0.0729606 0.0928718 0.0959993 0.0483563 0.0514017 0.0774636 0.0918382 0.0704285 0.0790052 0.0968235 0.0855244 0.0843689 0.1005575 0.0579767 0.0319772 0.0997066 0.1050637 0.0993137 0.0971390 0.0865701 0.1027134 0.0448955 0.0236120 0.0817077 0.0633624 0.0687034 0.1037269 0.0642007 0.0302943 0.1161363 0.0712870 
S0345         0.4294527 0.3471504 0.4348703 0.0534192 0.1074206 0.0842144 0.2115190 0.1050557 0.0597680 0.0681932 0.0992193 0.0797558 0.1228332 0.0886458 0.0562419 0.0930009 0.1034212 0.0779540 0.1106401 0.1135095 0.0795053 0.1059854 0.0608958 0.0469326 0.0000000 0.1203091 0.0886821 0.0776706 0.0797715 0.0684048 0.0947566 0.0696479 0.0610238 0.0949703 0.0365204 0.1152442 0.1008758 0.0662583 0.1028308 0.1246857 0.1135395 0.0737013 0.0837319 0.0784534 0.0739911 0.0816080 0.0824352 0.0853632 0.1047924 0.0747536 0.1073746 0.1954565 0.0882270 0.1091101 0.0917283 0.0712871 0.0595907 0.0670768 0.0865090 0.0608261 0.0607184 0.0800820 0.0648226 0.0783914 0.1172997 0.0735253 0.0856690 0.0553551 0.1208444 0.0882940 0.0745068 0.0638869 0.0715188 0.0756719 0.1138411 0.0832220 0.1682728 0.0778192 0.1048096 0.0820133 0.0887842 0.1840838 0.0588465 0.1726985 0.0979149 0.0631150 0.0533085 0.1282459 0.0971275 0.0602628 0.1777882 0.0780903 0.0849790 0.0526788 0.0676642 0.0689207 0.0645267 0.1080229 0.0883526 0.0827951 0.1061568 0.1080811 0.1052797 0.0796398 0.1134446 0.0080387 0.0502560 0.0781678 0.0733055 0.0794419 0.0723396 0.0891667 0.0960845 0.0600522 0.0484739 0.0675825 0.0751736 0.0650470 0.0861677 0.0832227 0.0864974 0.0755479 0.0853743 0.0525363 0.0267013 0.1041068 0.0970240 0.0826789 0.1003931 0.0845123 0.0934117 0.0097713 0.0449240 0.0917168 0.0576633 0.0566613 0.0992383 0.0631557 0.0312675 0.1043720 0.0516172 
S0355         0.4333467 0.3353785 0.4312155 0.0997710 0.1549395 0.1114093 0.2157929 0.1268779 0.0836021 0.1510194 0.1130167 0.1033269 0.0275159 0.1140812 0.0914097 0.1064312 0.1213559 0.1194309 0.0206287 0.0555323 0.1015569 0.0192324 0.0934714 0.1166770 0.1203091 0.0000000 0.1120726 0.1134693 0.1060232 0.1052583 0.1191467 0.0972743 0.0851260 0.1211589 0.0822173 0.0269134 0.1180061 0.1324226 0.1384944 0.1072043 0.0224510 0.1038269 0.1060653 0.1214075 0.1108203 0.1023434 0.1201832 0.1079755 0.1293685 0.0927287 0.0209941 0.2014743 0.1139746 0.0189962 0.1345842 0.1043139 0.1176260 0.0946162 0.1078241 0.0990953 0.0882362 0.1252768 0.0969998 0.1057872 0.0917945 0.1106301 0.1064881 0.1044797 0.1653548 0.0386697 0.1323050 0.1136709 0.1312894 0.1343232 0.1412213 0.1117343 0.1826368 0.1126590 0.0907410 0.1347318 0.1424934 0.1916264 0.0864276 0.1672901 0.0977216 0.1126304 0.1127507 0.1063182 0.1243891 0.1054415 0.1703328 0.1060767 0.1179060 0.1041825 0.0869662 0.1057404 0.0993694 0.0160634 0.1047979 0.1195484 0.0852369 0.0191228 0.0206572 0.1062418 0.0869240 0.1248836 0.0994974 0.1040356 0.1070671 0.1087005 0.1040676 0.1192229 0.1124037 0.0932881 0.0917322 0.1026435 0.1129190 0.0908353 0.1177871 0.1160568 0.1180000 0.1071805 0.1255315 0.1116767 0.1019620 0.1229974 0.1216241 0.1164462 0.1111213 0.1192886 0.1186082 0.1178454 0.1101058 0.1112961 0.1058612 0.1058460 0.1292664 0.0989171 0.1047297 0.1183649 0.0951741 
S0376         0.4406492 0.3556272 0.4314845 0.0828162 0.2490343 0.0493100 0.1994290 0.0597554 0.0659684 0.1726496 0.0876756 0.0432250 0.1074188 0.0886897 0.0865000 0.0597606 0.0662220 0.0909150 0.0973789 0.1062584 0.0879621 0.1018563 0.0775906 0.0966148 0.0886821 0.1120726 0.0000000 0.0462742 0.0484536 0.0752518 0.0746336 0.0759636 0.0666946 0.0293831 0.0442204 0.1074958 0.0927627 0.1117836 0.0758528 0.1065743 0.1127118 0.0800754 0.0412018 0.0487915 0.0858277 0.0766182 0.0990731 0.0540710 0.0589339 0.0598289 0.0942483 0.1519020 0.0625587 0.0994357 0.1129209 0.0457221 0.0998244 0.0717236 0.0431689 0.0716649 0.0663078 0.1133775 0.0664960 0.0758111 0.1059840 0.0940270 0.0697887 0.0773330 0.1001592 0.0800958 0.1137187 0.1062077 0.1205318 0.1049357 0.0952125 0.0770812 0.1365817 0.0875022 0.1087861 0.1107712 0.1204369 0.1488969 0.0647225 0.1495520 0.0601133 0.1064877 0.0960798 0.1087002 0.0574491 0.0832159 0.1327532 0.0448139 0.0734199 0.0846352 0.0760618 0.0933264 0.0775057 0.0995928 0.0783569 0.0903358 0.1018065 0.0996549 0.0975087 0.0417861 0.1108711 0.0856525 0.0774070 0.0432634 0.0444559 0.0432790 0.1064260 0.0459315 0.0868252 0.0825083 0.0743204 0.0833870 0.0612228 0.0700035 0.0890390 0.0825192 0.1142327 0.0383693 0.0808523 0.0876164 0.0812506 0.0550879 0.1106018 0.0577713 0.0988493 0.0661215 0.0783242 0.0843145 0.0903100 0.0876481 0.0978225 0.0862879 0.0941964 0.0772506 0.0912238 0.0301819 0.0840176 
S0400         0.4230225 0.3637465 0.4493004 0.0800805 0.1437363 0.0260265 0.2062108 0.0523760 0.0646848 0.0946584 0.0854074 0.0093112 0.1020710 0.0853330 0.0737417 0.0249216 0.0684502 0.0931147 0.1086842 0.1027144 0.0863641 0.1088659 0.0800732 0.0900082 0.0776706 0.1134693 0.0462742 0.0000000 0.0165109 0.0791964 0.0689115 0.0762939 0.0737283 0.0476890 0.0493861 0.1145844 0.0946350 0.1050211 0.0815839 0.1256551 0.1110662 0.0803502 0.0275312 0.0083407 0.0881154 0.0721493 0.1005501 0.0566366 0.0275534 0.0702719 0.1011502 0.1749519 0.0540236 0.1063866 0.1053217 0.0167171 0.0983181 0.0771571 0.0163352 0.0770966 0.0717213 0.1075910 0.0741292 0.0767730 0.1158520 0.0883173 0.0621373 0.0750435 0.1123905 0.0883029 0.1137976 0.0877965 0.1036775 0.1014510 0.0907577 0.0853203 0.1580600 0.0937400 0.1167788 0.1027785 0.1128444 0.1667614 0.0701426 0.1554372 0.0839953 0.1032380 0.0952939 0.1256846 0.0492224 0.0791480 0.1472309 0.0093468 0.0555993 0.0823130 0.0746992 0.0859520 0.0787985 0.1085205 0.0776212 0.0947056 0.1060622 0.1066207 0.1066536 0.0107628 0.1182273 0.0913492 0.0736569 0.0093699 0.0147671 0.0375220 0.0890938 0.0412291 0.0843098 0.0796336 0.0698735 0.0852682 0.0477204 0.0754374 0.0906936 0.0925458 0.1039012 0.0133972 0.0908526 0.0763653 0.0757077 0.0218840 0.1144546 0.0396100 0.0882500 0.0473062 0.0714002 0.0899929 0.0860100 0.0937942 0.0806848 0.0820371 0.1007490 0.0761156 0.0791991 0.0521032 0.0762786 
