108
HYZL          0.0000000 0.0615847 0.3152432 0.3916798 0.3235867 0.2387404 0.3009107 0.2860402 0.3162002 0.3070393 0.2889947 0.3254450 0.3704851 0.5417297 0.3338227 0.4050196 0.3133661 0.3264264 0.2822775 0.3134941 0.2824710 0.3049895 0.2963134 0.3081462 0.2958704 0.3461085 0.2427201 0.3152329 0.3113313 0.3590342 0.3225901 0.3429232 0.3203519 0.3184018 0.2953278 0.3044863 0.3129630 0.3066471 0.3100745 0.3021323 0.3855971 0.2628213 0.3627428 0.3396920 0.2700938 0.3063638 0.3748443 0.3271820 0.2864489 0.3249215 0.3198669 0.3360179 0.2973741 0.2907012 0.3432991 0.2891835 0.2948793 0.2979446 0.3082641 0.2878712 0.3194385 0.4129313 0.3366581 0.3120280 0.3049320 0.3894793 0.3827426 0.3011539 0.3354773 0.3219473 0.3367772 0.2590782 0.3323941 0.3367340 0.4231824 0.2966149 0.3439803 0.2811039 0.2981602 0.3382912 0.3642852 0.3181338 0.2758595 0.3128037 0.3224373 0.3012848 0.2677697 0.3212741 0.3261705 0.3035816 0.4108499 0.3239353 0.3144102 0.3118865 0.3258046 0.3336376 0.2811303 0.3278254 0.3455867 0.2896691 0.3254679 0.3239643 0.3440094 0.2940882 0.2667564 0.2902273 0.2991323 0.3310213 
MYZV          0.0615847 0.0000000 0.3593903 0.4746412 0.3536567 0.2727145 0.3426529 0.3199773 0.3702634 0.3381094 0.3335673 0.3728707 0.4373987 0.5474693 0.3480676 0.4429017 0.3291886 0.3372635 0.3129594 0.3573475 0.3125767 0.3576481 0.3480588 0.3582307 0.3373141 0.3766004 0.2813516 0.3316595 0.3067331 0.3617297 0.3517161 0.3468394 0.3752033 0.3574245 0.3376222 0.3252373 0.3417835 0.3428690 0.3316052 0.3448323 0.4012685 0.3222867 0.4001933 0.3543229 0.3102375 0.3593182 0.3792405 0.3637779 0.3448413 0.3612438 0.3560783 0.3658041 0.3398884 0.3207185 0.3456774 0.3103142 0.3371080 0.3422662 0.3443129 0.3011873 0.4123970 0.4372817 0.3797007 0.3676226 0.3333573 0.4029702 0.3967551 0.3516101 0.3891471 0.3361728 0.3740352 0.2963584 0.3468369 0.3821923 0.4258798 0.3295097 0.3904971 0.3267948 0.3502690 0.3737509 0.3981579 0.3323781 0.2965198 0.3314557 0.3390503 0.3297508 0.3064710 0.3449436 0.3351883 0.3559462 0.4126375 0.3753901 0.3599870 0.3499752 0.3774767 0.3707479 0.3175749 0.3443142 0.3799135 0.3332972 0.3379863 0.3671351 0.3816405 0.3120302 0.3188305 0.3180039 0.3446405 0.3864355 
SRR6441723    0.3152432 0.3593903 0.0000000 0.1217590 0.0974821 0.2218399 0.0889316 0.1001191 0.1030916 0.0903048 0.0746915 0.1347972 0.1695140 0.2639396 0.1204145 0.2066989 0.1094721 0.1182783 0.0735696 0.0565344 0.1568398 0.0974934 0.0970219 0.1257411 0.0880120 0.0690461 0.0701108 0.1166624 0.0752041 0.1306264 0.1234023 0.1150475 0.1182491 0.1088306 0.0827496 0.0971384 0.0920151 0.0789003 0.1246317 0.0484134 0.1531439 0.0950089 0.1378247 0.1215465 0.0569784 0.0978368 0.1213952 0.0643030 0.1060809 0.0686147 0.0648439 0.0931863 0.0652180 0.0929638 0.1388781 0.0889702 0.0746590 0.1055866 0.0669541 0.0929156 0.0515460 0.1626091 0.1800891 0.0646807 0.1016037 0.1623866 0.1912842 0.0792883 0.0980301 0.1295054 0.0733769 0.1046059 0.1231215 0.0407802 0.1600582 0.1070649 0.0612232 0.1213001 0.0930503 0.1404963 0.1058135 0.0879394 0.0732641 0.0869375 0.1213936 0.0706278 0.0781131 0.1142165 0.1225029 0.1015529 0.1579731 0.0646796 0.1026526 0.1019722 0.0968582 0.0829999 0.0707269 0.1382833 0.0788517 0.0539588 0.0795947 0.1306602 0.0728160 0.1241344 0.0586350 0.0927907 0.0941233 0.1329923 
ERR4210213    0.3916798 0.4746412 0.1217590 0.0000000 0.2132002 0.3231402 0.2089364 0.1616317 0.1635415 0.2026333 0.1214757 0.2096525 0.2198451 0.9144962 0.1099827 0.3180335 0.0000010 0.1337028 0.1163670 0.0828557 0.1860647 0.1477479 0.1747587 0.2615684 0.1326217 0.1939990 0.1807875 0.1211285 0.1485940 0.2549015 0.1785319 0.1230173 0.1950733 0.1638639 0.1859322 0.1456068 0.1326971 0.1784467 4.3238412 0.1345486 0.1211562 0.2110246 0.2236813 0.1357757 0.1496560 0.1477479 0.1470344 0.1605610 0.1588398 0.1605610 0.1605610 0.1341701 0.1651144 0.1611024 0.1928696 0.1606678 0.1343677 0.1452196 0.1451195 0.1471657 0.0839494 0.1736954 0.1932717 0.1612014 0.2200105 0.1862366 0.2038309 0.1191554 0.1777886 0.2379649 0.1764185 0.2545014 0.1753313 0.1367203 0.2136578 0.2068261 0.1343679 0.2579287 0.1477479 0.2509738 0.1631735 0.1780993 0.1356410 0.1326217 0.1336719 0.1494524 0.1455716 0.1748239 0.1223626 0.1609826 0.1829374 0.1330250 0.1775633 0.1477479 0.2052815 0.1331048 0.1787723 0.1374333 0.1078945 0.1123481 0.1528831 0.1908419 0.1605610 2.0761175 0.1327979 0.1326217 0.1474161 0.1783869 
ERR2789774    0.3235867 0.3536567 0.0974821 0.2132002 0.0000000 0.2166621 0.0837835 0.1091590 0.0843609 0.0958123 0.0852782 0.1142429 0.1323710 0.2515935 0.1207302 0.2071222 0.0849755 0.1139100 0.0783898 0.1210655 0.1404694 0.0791752 0.0884515 0.1257953 0.0884188 0.0877642 0.0607248 0.1125097 0.0841797 0.1027580 0.1235837 0.1098778 0.0798515 0.0896827 0.0872035 0.0929950 0.0923464 0.0298414 0.0768338 0.0742496 0.1485186 0.0988012 0.1366880 0.1267200 0.0743893 0.0794474 0.1316124 0.0825667 0.0928323 0.0871947 0.0876037 0.1060818 0.0971489 0.0757638 0.1703818 0.0761884 0.0748064 0.1378383 0.0843684 0.1078828 0.0786889 0.1832376 0.1706378 0.0928449 0.1205011 0.1576017 0.1862775 0.0979662 0.1071712 0.1190985 0.0969079 0.1092116 0.1333572 0.0981270 0.1553466 0.0788021 0.1036072 0.1146458 0.0749155 0.1135122 0.1070870 0.0972986 0.0691776 0.0690270 0.1172210 0.0715752 0.0874951 0.1187827 0.1182917 0.0929174 0.1619089 0.0924431 0.0840134 0.0748600 0.0871286 0.1227802 0.0613090 0.1239733 0.1229521 0.0816470 0.0847650 0.1090810 0.0916626 0.0933140 0.0730337 0.0842777 0.0809620 0.1024412 
PAFTOL_019361 0.2387404 0.2727145 0.2218399 0.3231402 0.2166621 0.0000000 0.2220298 0.2279150 0.2179478 0.2167200 0.1960485 0.2262942 0.2757977 0.3747353 0.2258855 0.2748538 0.2225811 0.2237738 0.2183831 0.2091833 0.2311405 0.2094783 0.2026056 0.2383775 0.2165039 0.2060549 0.1906885 0.2148403 0.2219083 0.2599034 0.2337628 0.2403588 0.2328825 0.2193155 0.2069818 0.2341723 0.2232845 0.1922463 0.2123976 0.2121990 0.2814840 0.1894630 0.2492949 0.2385827 0.1862814 0.2103304 0.2793035 0.2144376 0.2111874 0.2130404 0.2085185 0.2294553 0.2169500 0.2116855 0.2516238 0.2079506 0.2090079 0.2631598 0.2185466 0.2355233 0.2656027 0.3275011 0.2791439 0.2058863 0.1841315 0.2616097 0.2921114 0.2126765 0.2341822 0.2117708 0.2273564 0.1713657 0.2544267 0.2273387 0.2717105 0.2048345 0.2322394 0.1914822 0.2037894 0.2635055 0.2394565 0.2278265 0.1951107 0.2224406 0.2207306 0.1990461 0.1935379 0.2109423 0.2230218 0.2086516 0.2749630 0.2246743 0.2168392 0.2152180 0.2075097 0.2334413 0.1826134 0.2360948 0.2280447 0.1868438 0.2255149 0.2574239 0.2191188 0.1942933 0.1760453 0.2044958 0.2150367 0.2709172 
S0055         0.3009107 0.3426529 0.0889316 0.2089364 0.0837835 0.2220298 0.0000000 0.0962360 0.0745487 0.1148290 0.1085081 0.1032094 0.1256656 0.2629324 0.1307073 0.2387140 0.1010972 0.1290397 0.0877356 0.1217054 0.1238657 0.0696202 0.0785389 0.0922554 0.1021735 0.1061076 0.0438899 0.1369879 0.0970572 0.1066382 0.1391468 0.1313596 0.0883173 0.0752675 0.0920199 0.1070860 0.0927486 0.0662537 0.0765216 0.0831862 0.1649310 0.0992006 0.0841096 0.1371196 0.0833464 0.0698545 0.1430361 0.0916718 0.0827820 0.1054063 0.1059123 0.1216570 0.1020991 0.0982286 0.1694993 0.0941933 0.0926185 0.1547804 0.0988963 0.1166902 0.0959660 0.1913053 0.1687694 0.1023393 0.1319640 0.1746217 0.2106397 0.0940322 0.1186583 0.1290146 0.1156895 0.1142915 0.1440950 0.1033303 0.1720732 0.0742183 0.1181804 0.1208384 0.0654939 0.1163865 0.1112835 0.1020874 0.0735261 0.0876950 0.1419397 0.0936973 0.0968545 0.1292062 0.1432713 0.0743158 0.1736208 0.0919816 0.0693218 0.0737785 0.0528586 0.1269746 0.0662443 0.1625097 0.1319416 0.1002897 0.0983813 0.1028250 0.1100734 0.1162256 0.0867090 0.0935781 0.0714529 0.0876362 
S0281         0.2860402 0.3199773 0.1001191 0.1616317 0.1091590 0.2279150 0.0962360 0.0000000 0.0968005 0.0844098 0.0880879 0.1274435 0.1642950 0.2492365 0.1268441 0.1842885 0.1137123 0.1199559 0.0856359 0.1142305 0.1316471 0.0914165 0.1009138 0.1284235 0.0910972 0.0819128 0.0604480 0.1137920 0.1056654 0.1282233 0.1249810 0.1168750 0.1115210 0.0977547 0.0771622 0.0999226 0.1080787 0.0908312 0.1208927 0.0606228 0.1541064 0.1118132 0.1356288 0.1231420 0.0865652 0.0830255 0.1319804 0.0686357 0.0867629 0.0813931 0.0817659 0.1107776 0.0690759 0.1004346 0.1450008 0.1006794 0.0686643 0.1173824 0.0794978 0.1129526 0.0644934 0.1841297 0.2127623 0.0782050 0.1335622 0.1427521 0.1699560 0.0876035 0.1159512 0.1366816 0.0863751 0.1169612 0.1357441 0.1054375 0.1456645 0.1143682 0.1248211 0.1239786 0.0870934 0.1378047 0.1006081 0.0987269 0.0806660 0.0898569 0.1183913 0.1004630 0.0766514 0.1113835 0.1194450 0.0964862 0.1585785 0.0994381 0.0963992 0.0957736 0.0864724 0.1157064 0.0826238 0.1527697 0.1161100 0.0938728 0.0916732 0.1232843 0.0857304 0.1281322 0.0673375 0.1000337 0.0793710 0.1305284 
S0282         0.3162002 0.3702634 0.1030916 0.1635415 0.0843609 0.2179478 0.0745487 0.0968005 0.0000000 0.1107475 0.0952187 0.0377037 0.0782208 0.2804097 0.1068155 0.2097583 0.1183824 0.1050231 0.0874706 0.1271946 0.1165244 0.0106467 0.0179978 0.1356009 0.0875141 0.0931273 0.0481275 0.1078048 0.0885784 0.1167505 0.1298173 0.0951141 0.0489954 0.0182227 0.0881478 0.1031225 0.0977912 0.0667022 0.0116878 0.0707219 0.1335814 0.0951489 0.1222995 0.1182893 0.0667064 0.0181323 0.1323602 0.0877742 0.0216766 0.0925146 0.0929551 0.1127581 0.0802445 0.0845654 0.1598358 0.0857376 0.0712548 0.1307144 0.0902504 0.1078138 0.0507799 0.1797168 0.1381632 0.0983040 0.1133987 0.1646425 0.1885821 0.0854161 0.1192141 0.1296993 0.1024747 0.1090686 0.1248733 0.1037825 0.1622509 0.0650338 0.1046639 0.1202949 0.0070715 0.0574079 0.0990582 0.1073380 0.0695798 0.0741706 0.1124726 0.0808297 0.0922969 0.1103145 0.1134950 0.0216941 0.1637065 0.1060939 0.0143328 0.0142487 0.0654067 0.1340787 0.0439618 0.1191627 0.1278814 0.0820638 0.0891960 0.0453699 0.0970767 0.1323805 0.0737492 0.0896018 0.0146057 0.0450102 
S0289         0.3070393 0.3381094 0.0903048 0.2026333 0.0958123 0.2167200 0.1148290 0.0844098 0.1107475 0.0000000 0.0771443 0.1329757 0.1562483 0.1765462 0.0928895 0.1799057 0.0305888 0.0822472 0.0439912 0.1194144 0.1449030 0.1048538 0.1055428 0.1393970 0.0510153 0.0675328 0.0718906 0.0855813 0.0870465 0.1053025 0.0951271 0.0821166 0.1265940 0.1167905 0.0380756 0.0764946 0.0806303 0.0808926 0.1017187 0.0671082 0.1197475 0.0740103 0.1575906 0.0901796 0.0854510 0.1006008 0.1261903 0.0626456 0.1089939 0.0670962 0.0674085 0.1159613 0.0807375 0.0724252 0.1406142 0.0595072 0.0591669 0.1151509 0.0873502 0.1101097 0.1156278 0.1862431 0.2279967 0.0901143 0.1000827 0.1316334 0.1481470 0.1052144 0.1259642 0.1083496 0.0763990 0.0741181 0.1274920 0.0898863 0.1297970 0.1006348 0.1003768 0.0859774 0.1002387 0.1499388 0.1005305 0.0381902 0.0485239 0.0705853 0.0856029 0.0548570 0.0275777 0.0823639 0.0908778 0.1199604 0.1492668 0.0993190 0.1102593 0.1095069 0.1135133 0.1047138 0.0817416 0.1211301 0.1050817 0.0741803 0.0467600 0.1344531 0.0714395 0.0347603 0.0700389 0.0725277 0.1010354 0.1419696 
S0292         0.2889947 0.3335673 0.0746915 0.1214757 0.0852782 0.1960485 0.1085081 0.0880879 0.0952187 0.0771443 0.0000000 0.1167392 0.1540819 0.2163835 0.1123481 0.1846839 0.0873137 0.1056316 0.0693107 0.0750841 0.1323626 0.0897166 0.0892815 0.1538599 0.0799854 0.0539412 0.0573026 0.1088878 0.0848776 0.1180403 0.1249266 0.1017977 0.1046505 0.1008639 0.0617501 0.0890563 0.0882902 0.0716645 0.1116787 0.0535034 0.1400551 0.0951189 0.1398782 0.1043437 0.0708441 0.0811169 0.1172333 0.0493883 0.0938817 0.0536025 0.0538440 0.0803563 0.0666667 0.0848545 0.1450778 0.0763966 0.0583532 0.0974786 0.0677486 0.0981345 0.0650658 0.1625609 0.1781236 0.0619604 0.1067475 0.1540836 0.1637719 0.0753390 0.0939796 0.1160589 0.0579370 0.1001145 0.1145903 0.0751731 0.1518647 0.0942150 0.0536031 0.1120340 0.0852882 0.1163130 0.0752951 0.0842418 0.0606967 0.0740810 0.1136068 0.0765464 0.0787792 0.1158116 0.1146492 0.0937930 0.1593051 0.0708390 0.0948131 0.0852237 0.0973303 0.0665725 0.0714408 0.1230451 0.0496055 0.0110856 0.0714783 0.1175718 0.0577432 0.1027031 0.0426115 0.0758278 0.0818296 0.1193994 
S0293         0.3254450 0.3728707 0.1347972 0.2096525 0.1142429 0.2262942 0.1032094 0.1274435 0.0377037 0.1329757 0.1167392 0.0000000 0.0932521 0.2872014 0.1346663 0.2499796 0.1281360 0.1318953 0.1186759 0.1490575 0.1357367 0.0334685 0.0375952 0.1755061 0.1125939 0.1237095 0.0811492 0.1399247 0.1140301 0.1379043 0.1646042 0.1262950 0.0752148 0.0420574 0.1134470 0.1291170 0.1288137 0.0899545 0.0115398 0.0992225 0.1755287 0.1156352 0.1612066 0.1516053 0.0949674 0.0418387 0.1556009 0.1176123 0.0454581 0.1228568 0.1234731 0.1453959 0.1098781 0.1050719 0.1838452 0.1065950 0.1000117 0.1689355 0.1149241 0.1451782 0.0797784 0.2085396 0.1658464 0.1246751 0.1397746 0.1905660 0.2224173 0.1157469 0.1528457 0.1415838 0.1339453 0.1316775 0.1472576 0.1357379 0.1876884 0.0924682 0.1369598 0.1431340 0.0296355 0.0898591 0.1305784 0.1343722 0.0944710 0.1029991 0.1400030 0.1107263 0.1247890 0.1420816 0.1404879 0.0454970 0.1817024 0.1376130 0.0375613 0.0373309 0.0930239 0.1690702 0.0715909 0.1371937 0.1605822 0.1180705 0.1196080 0.0810732 0.1182165 0.1329846 0.1036942 0.1201900 0.0343177 0.0752765 
S0294         0.3704851 0.4373987 0.1695140 0.2198451 0.1323710 0.2757977 0.1256656 0.1642950 0.0782208 0.1562483 0.1540819 0.0932521 0.0000000 0.3332900 0.1423285 0.2826945 0.1496064 0.1655962 0.1344577 0.1861392 0.1619557 0.0732588 0.0737023 0.1899040 0.1451770 0.1625814 0.1035738 0.1574200 0.1470728 0.1635452 0.1881141 0.1462527 0.1099474 0.0833134 0.1347980 0.1800241 0.1525068 0.1126205 0.0488176 0.1461149 0.1995853 0.1558852 0.1576731 0.1694341 0.1317842 0.0785512 0.1954850 0.1557080 0.0864411 0.1614378 0.1622700 0.1861962 0.1480026 0.1528978 0.2180384 0.1399744 0.1373185 0.1970720 0.1498702 0.1729579 0.1274951 0.2439001 0.0986103 0.1797044 0.1817530 0.2102455 0.2558586 0.1599058 0.1946738 0.1881217 0.1736225 0.1670648 0.1846784 0.1707096 0.2098299 0.1097146 0.1596352 0.1794228 0.0691329 0.1212890 0.1276795 0.1633848 0.1278018 0.1279558 0.1729647 0.1491857 0.1544562 0.1774853 0.1641219 0.0865182 0.2174533 0.1666731 0.0779089 0.0774166 0.1101524 0.1816666 0.0941858 0.2038922 0.1797088 0.1346487 0.1464065 0.1115076 0.1667673 0.1530400 0.1477979 0.1437630 0.0795125 0.0921463 
S0299         0.5417297 0.5474693 0.2639396 0.9144962 0.2515935 0.3747353 0.2629324 0.2492365 0.2804097 0.1765462 0.2163835 0.2872014 0.3332900 0.0000000 0.2603165 0.3328518 0.0587902 0.2362241 0.1927666 0.2913924 0.4204858 0.2698952 0.2791708 0.2998916 0.1843270 0.2133705 0.2226190 0.2234656 0.2604460 0.2400678 0.2753273 0.2391379 0.2910506 0.2837534 0.1880346 0.2502242 0.2258457 0.2236138 0.1324139 0.2263779 0.2899460 0.2243343 0.3386486 0.2378149 0.2558219 0.2640634 0.3243464 0.2192304 0.2753756 0.2264572 0.2277893 0.2970783 0.2465580 0.2301880 0.3167968 0.2114545 0.2078095 0.3415762 0.2334846 0.2716115 0.6933484 0.3956491 0.5159922 0.2437142 0.2591234 0.3371879 0.3402521 0.2799785 0.2841976 0.2687270 0.2419866 0.2078251 0.2987507 0.2727098 0.3274999 0.2423735 0.2721833 0.2366528 0.2632878 0.3029234 0.2722011 0.1829602 0.1859994 0.2141042 0.2297745 0.2193814 0.1573105 0.2566692 0.2323091 0.2861375 0.3333765 0.2687712 0.2683334 0.2765688 0.2760508 0.2268849 0.2199316 0.3325116 0.2705298 0.2358511 0.1653161 0.2910268 0.2329998 0.0612733 0.2323578 0.2158109 0.2586864 0.2989899 
S0303         0.3338227 0.3480676 0.1204145 0.1099827 0.1207302 0.2258855 0.1307073 0.1268441 0.1068155 0.0928895 0.1123481 0.1346663 0.1423285 0.2603165 0.0000000 0.1352473 0.1308690 0.0223290 0.0840515 0.1359114 0.1055564 0.1009636 0.1111770 0.1501397 0.0953738 0.1095098 0.0901025 0.0258516 0.1063290 0.1350081 0.0586226 0.0038278 0.1328207 0.1074484 0.1090008 0.1005698 0.0912794 0.1145797 0.0896688 0.0994915 0.0298314 0.1172056 0.1723598 0.0183257 0.0957921 0.1013310 0.1268103 0.0992001 0.1052896 0.1087625 0.1093013 0.1203696 0.0998301 0.0969941 0.0998940 0.0877321 0.0769046 0.0368589 0.1065938 0.1008381 0.0661705 0.1937972 0.1645655 0.1203829 0.1301565 0.0777002 0.0909275 0.1012256 0.1219177 0.1372261 0.1194426 0.1234226 0.1209581 0.1045304 0.0770280 0.1208108 0.1163413 0.1401894 0.0963501 0.1619842 0.1256218 0.0952515 0.0754093 0.0761622 0.0374033 0.0876470 0.0761536 0.0462864 0.0339354 0.1065149 0.0965904 0.1288334 0.1063442 0.1056153 0.1241029 0.1251699 0.1017813 0.1488582 0.1159213 0.1137329 0.0918761 0.1514699 0.1135965 0.1133667 0.0894324 0.0920765 0.0970523 0.1379479 
S0308         0.4050196 0.4429017 0.2066989 0.3180335 0.2071222 0.2748538 0.2387140 0.1842885 0.2097583 0.1799057 0.1846839 0.2499796 0.2826945 0.3328518 0.1352473 0.0000000 0.1814324 0.1182849 0.1820122 0.2052794 0.2535094 0.2075054 0.2207804 0.2751736 0.1849636 0.1800704 0.1824546 0.1260732 0.1901144 0.2565448 0.1328384 0.1311464 0.2364032 0.2028020 0.1975984 0.2276609 0.1735502 0.1945863 0.1915642 0.1861745 0.1583843 0.1644559 0.2659235 0.1311790 0.1880382 0.2023990 0.2188225 0.1800338 0.1951848 0.1852284 0.1808845 0.2152904 0.1867933 0.1996390 0.1358565 0.1701255 0.1575454 0.1292250 0.1734006 0.1937522 0.2021848 0.3032604 0.3137675 0.1876222 0.1734694 0.1447844 0.1480403 0.2144214 0.2294189 0.1876563 0.1905031 0.1884737 0.2016829 0.1979870 0.1427213 0.2064354 0.2223798 0.1952460 0.2018793 0.2669730 0.2019614 0.1724817 0.1482121 0.1764546 0.1308846 0.1953249 0.1488570 0.0995547 0.1327554 0.2092959 0.1387609 0.2167592 0.2147718 0.2017187 0.2060846 0.1982842 0.1835259 0.2487167 0.2201031 0.1958815 0.1840978 0.2465952 0.1972165 0.1670132 0.1586435 0.1744597 0.1852221 0.2371444 
S0320         0.3133661 0.3291886 0.1094721 0.0000010 0.0849755 0.2225811 0.1010972 0.1137123 0.1183824 0.0305888 0.0873137 0.1281360 0.1496064 0.0587902 0.1308690 0.1814324 0.0000000 0.1042876 0.0499541 0.1508442 0.1834721 0.1173816 0.1186967 0.1314528 0.0796690 0.0702348 0.0402058 0.1095630 0.0877765 0.0863876 0.1262012 0.1049314 0.1271206 0.1284040 0.0431984 0.1083120 0.1011308 0.0780106 0.1074433 0.0774846 0.1709205 0.0921451 0.1503539 0.1087919 0.0922836 0.1180838 0.1585538 0.0772172 0.1253109 0.0772172 0.0778062 0.1367158 0.0850677 0.0856190 0.1697856 0.0805068 0.0785150 0.0676973 0.0733385 0.1038246 0.0000010 0.2773128 0.3450979 0.1089038 0.0851600 0.1723156 0.2053064 0.0862719 0.1088222 0.1060031 0.0849852 0.0647887 0.1213937 0.1173619 0.1801173 0.1017325 0.0949797 0.0850945 0.1097142 0.1365571 0.1092820 0.0639882 0.0538334 0.0929390 0.1096086 0.0569788 0.0452437 0.0893465 0.1183318 0.1348824 0.1830819 0.1014413 0.1097142 0.1251535 0.1002430 0.1097645 0.0683906 0.1519728 0.1443594 0.0879153 0.0499300 0.1275171 0.0921259 0.0427477 0.0831758 0.1019703 0.1120361 0.1449186 
S0322         0.3264264 0.3372635 0.1182783 0.1337028 0.1139100 0.2237738 0.1290397 0.1199559 0.1050231 0.0822472 0.1056316 0.1318953 0.1655962 0.2362241 0.0223290 0.1182849 0.1042876 0.0000000 0.0733418 0.1334521 0.1195225 0.0992956 0.1093092 0.1699620 0.0844611 0.1030172 0.0804967 0.0143127 0.1004176 0.1335431 0.0455453 0.0112772 0.1255226 0.1056353 0.1025500 0.1137551 0.0853073 0.0991107 0.1085411 0.0933135 0.0373597 0.1103831 0.1818952 0.0180558 0.0990730 0.0996513 0.1393266 0.0930452 0.0988722 0.1023295 0.1028245 0.1238142 0.0981882 0.0903359 0.0943182 0.0816816 0.0756256 0.0299961 0.1009326 0.1044859 0.0805464 0.2102177 0.2011581 0.1088647 0.1327474 0.0768397 0.0901641 0.1087585 0.1197308 0.1410871 0.1126509 0.1163571 0.1202666 0.1027290 0.0802426 0.1139155 0.1250821 0.1327954 0.0947655 0.1536897 0.1235167 0.0891692 0.0657726 0.0829864 0.0106882 0.0907060 0.0659251 0.0299783 0.0219053 0.1094620 0.0964287 0.1320027 0.1045675 0.1038624 0.1225477 0.1133965 0.0903841 0.1480760 0.1341826 0.1025661 0.0809937 0.1434783 0.1070238 0.0814509 0.0878431 0.0860362 0.0862721 0.1255693 
S0327         0.2822775 0.3129594 0.0735696 0.1163670 0.0783898 0.2183831 0.0877356 0.0856359 0.0874706 0.0439912 0.0693107 0.1186759 0.1344577 0.1927666 0.0840515 0.1820122 0.0499541 0.0733418 0.0000000 0.1062998 0.1324950 0.0820510 0.0917135 0.1260038 0.0386440 0.0729288 0.0541649 0.0677903 0.0833256 0.1017166 0.0914134 0.0681692 0.0977899 0.0879813 0.0464863 0.0779194 0.0730336 0.0602788 0.1069157 0.0595099 0.1106707 0.0788615 0.1374159 0.0816113 0.0730193 0.0823425 0.1101386 0.0636550 0.0906608 0.0678664 0.0681861 0.1073523 0.0822461 0.0558626 0.1217975 0.0560794 0.0599619 0.0802577 0.0790662 0.0974052 0.0760812 0.1858388 0.1643750 0.0824728 0.0916743 0.1172045 0.1435963 0.0923065 0.1125978 0.1043788 0.0725638 0.0799730 0.1345413 0.0869202 0.1266505 0.0960817 0.0874347 0.0962764 0.0776260 0.1242796 0.0915826 0.0472997 0.0404653 0.0536023 0.0721055 0.0558996 0.0362595 0.0785448 0.0774729 0.0918426 0.1298210 0.0910383 0.0870968 0.0865120 0.1004577 0.0824591 0.0593885 0.1172945 0.1018061 0.0659112 0.0306763 0.1133687 0.0769057 0.0398574 0.0574027 0.0646400 0.0737220 0.1170576 
S0335         0.3134941 0.3573475 0.0565344 0.0828557 0.1210655 0.2091833 0.1217054 0.1142305 0.1271946 0.1194144 0.0750841 0.1490575 0.1861392 0.2913924 0.1359114 0.2052794 0.1508442 0.1334521 0.1062998 0.0000000 0.1721221 0.1210796 0.1204795 0.1510115 0.1157810 0.1003163 0.0840711 0.1316011 0.0877675 0.1560910 0.1387839 0.1308953 0.1286514 0.1285024 0.1040690 0.1301762 0.1059217 0.0964611 0.1502108 0.0778362 0.1695242 0.1239952 0.1571877 0.1366606 0.0874027 0.1215168 0.1246671 0.0862482 0.1205176 0.0996630 0.0957468 0.0927920 0.0963289 0.1070312 0.1531809 0.1075382 0.0923284 0.1199157 0.0659167 0.1058687 0.0641440 0.1861731 0.1933736 0.0867746 0.1303312 0.1741834 0.2039734 0.0885014 0.0975907 0.1499500 0.1004825 0.1343100 0.1258684 0.0656517 0.1716480 0.1312517 0.0788817 0.1515459 0.1164206 0.1567111 0.1156580 0.1202915 0.0962721 0.1012411 0.1364877 0.0926980 0.1014288 0.1343654 0.1377578 0.1158448 0.1730007 0.0725592 0.1266338 0.1257765 0.1251644 0.1056136 0.0947591 0.1710485 0.0923754 0.0627794 0.1119880 0.1465556 0.1042215 0.1564707 0.0712497 0.1011984 0.1130260 0.1589299 
S0376         0.2824710 0.3125767 0.1568398 0.1860647 0.1404694 0.2311405 0.1238657 0.1316471 0.1165244 0.1449030 0.1323626 0.1357367 0.1619557 0.4204858 0.1055564 0.2535094 0.1834721 0.1195225 0.1324950 0.1721221 0.0000000 0.1083502 0.1083161 0.1642606 0.1166114 0.1585264 0.0769875 0.1171168 0.1316098 0.1466127 0.1329915 0.1205655 0.1325261 0.1166502 0.1231376 0.1306448 0.1219732 0.1103364 0.1653697 0.1168114 0.1090601 0.1217860 0.1656315 0.1246072 0.1164938 0.1091182 0.1794962 0.1401351 0.1239327 0.1401351 0.1401351 0.1300654 0.1257761 0.1337328 0.1578643 0.1237305 0.1174549 0.1211489 0.1505216 0.1451138 0.1110908 0.1273424 0.1413417 0.1494213 0.1994575 0.1373724 0.1749630 0.1314380 0.1574914 0.1859042 0.1489830 0.1514198 0.1571397 0.1583089 0.1511000 0.1240193 0.1658799 0.1552329 0.1083502 0.1591873 0.1492831 0.1331153 0.0977339 0.1187240 0.1244705 0.1332352 0.1308835 0.1330437 0.1178193 0.1228322 0.1519908 0.1621129 0.1239327 0.1083502 0.1452346 0.1914176 0.1420356 0.1329433 0.1463360 0.1275477 0.1432100 0.1525362 0.1401351 0.1710165 0.1252098 0.1220197 0.1107954 0.1157344 
S0400         0.3049895 0.3576481 0.0974934 0.1477479 0.0791752 0.2094783 0.0696202 0.0914165 0.0106467 0.1048538 0.0897166 0.0334685 0.0732588 0.2698952 0.1009636 0.2075054 0.1173816 0.0992956 0.0820510 0.1210796 0.1083502 0.0000000 0.0142098 0.1392232 0.0823352 0.0877742 0.0478963 0.1021089 0.0833208 0.1108895 0.1235402 0.0847548 0.0446076 0.0143844 0.0829217 0.0975244 0.0923374 0.0618853 0.0057204 0.0658417 0.1383632 0.0942632 0.1211339 0.1123303 0.0618890 0.0143136 0.1253711 0.0825761 0.0178266 0.0872047 0.0876137 0.1069465 0.0751242 0.0793657 0.1428636 0.0804492 0.0663304 0.1218090 0.0848707 0.1068056 0.0507799 0.1722456 0.1302688 0.0928146 0.1123238 0.1574605 0.1808009 0.0801511 0.1131965 0.1284723 0.0969191 0.1091047 0.1236588 0.0981385 0.1552090 0.0603598 0.0989584 0.1203329 0.0034903 0.0574282 0.0935150 0.1016722 0.0645162 0.0690056 0.1066817 0.0756635 0.0918279 0.1092593 0.1076372 0.0178408 0.1462408 0.1005104 0.0106095 0.0105481 0.0607000 0.1277410 0.0393861 0.1129239 0.1217253 0.0816567 0.0838944 0.0494098 0.0916731 0.1227849 0.0686186 0.0842692 0.0035732 0.0446347 
S0405         0.2963134 0.3480588 0.0970219 0.1747587 0.0884515 0.2026056 0.0785389 0.1009138 0.0179978 0.1055428 0.0892815 0.0375952 0.0737023 0.2791708 0.1111770 0.2207804 0.1186967 0.1093092 0.0917135 0.1204795 0.1083161 0.0142098 0.0000000 0.1500697 0.0828418 0.0972544 0.0567679 0.1120369 0.0743476 0.1163609 0.1342421 0.0995215 0.0528118 0.0218893 0.0834366 0.1026504 0.1019460 0.0706881 0.0057736 0.0655381 0.1494659 0.0948695 0.1315919 0.1226055 0.0616040 0.0217803 0.1300657 0.0918380 0.0253137 0.0966144 0.0970748 0.1064229 0.0747705 0.0886648 0.1590438 0.0898953 0.0752786 0.1373945 0.0844625 0.1062835 0.0644558 0.1657023 0.1360216 0.0923687 0.1117679 0.1693282 0.1934141 0.0797687 0.1126323 0.1389601 0.1066574 0.1044478 0.1134497 0.0976608 0.1668676 0.0689193 0.0984727 0.1211121 0.0106179 0.0660745 0.1032685 0.1023205 0.0737388 0.0783599 0.1167260 0.0849440 0.0924296 0.1195921 0.1177877 0.0177653 0.1683636 0.1102614 0.0179337 0.0178284 0.0693135 0.1270951 0.0480068 0.1173624 0.1211181 0.0812599 0.0933258 0.0578738 0.1012010 0.1240706 0.0682891 0.0937517 0.0182753 0.0528467 
S0412sl       0.3081462 0.3582307 0.1257411 0.2615684 0.1257953 0.2383775 0.0922554 0.1284235 0.1356009 0.1393970 0.1538599 0.1755061 0.1899040 0.2998916 0.1501397 0.2751736 0.1314528 0.1699620 0.1260038 0.1510115 0.1642606 0.1392232 0.1500697 0.0000000 0.1563721 0.1552434 0.0793940 0.1623990 0.1569146 0.1511110 0.1692492 0.1633420 0.1522493 0.1471872 0.1346209 0.1366349 0.1606016 0.1110733 0.1367272 0.1345174 0.1808439 0.1374882 0.1110912 0.1781871 0.1241635 0.1397294 0.1826947 0.1388367 0.1501298 0.1430149 0.1437272 0.1734469 0.1450621 0.1520511 0.2135929 0.1471442 0.1392305 0.1807630 0.1484294 0.1506519 0.1470386 0.2099152 0.2198607 0.1366088 0.1689983 0.1995412 0.2513055 0.1380571 0.1552498 0.1498200 0.1493345 0.1553722 0.1754322 0.1477969 0.2155973 0.1498789 0.1697658 0.1615452 0.1344432 0.1815854 0.1510828 0.1391511 0.1307981 0.1368306 0.1675902 0.1251897 0.1159535 0.1648185 0.1691986 0.1451694 0.2249340 0.1190744 0.1450291 0.1440424 0.1286813 0.1757742 0.1287392 0.2068892 0.1582330 0.1352028 0.1525215 0.1435283 0.1593652 0.1612421 0.1355823 0.1462640 0.1381546 0.1524496 
S0417         0.2958704 0.3373141 0.0880120 0.1326217 0.0884188 0.2165039 0.1021735 0.0910972 0.0875141 0.0510153 0.0799854 0.1125939 0.1451770 0.1843270 0.0953738 0.1849636 0.0796690 0.0844611 0.0386440 0.1157810 0.1166114 0.0823352 0.0828418 0.1563721 0.0000000 0.0744208 0.0742336 0.0787482 0.0800075 0.1022136 0.1075967 0.0749574 0.0973605 0.0784498 0.0492477 0.0792270 0.0702272 0.0705186 0.1141149 0.0654651 0.1217676 0.0717521 0.1577070 0.0926396 0.0832988 0.0878164 0.1042565 0.0654244 0.0905624 0.0739460 0.0742861 0.1122539 0.0877169 0.0578582 0.1373980 0.0583113 0.0576894 0.0968454 0.0846995 0.1071797 0.0507799 0.1732177 0.1693090 0.0879502 0.1069484 0.1396633 0.1668825 0.0975704 0.1173683 0.1242363 0.0832404 0.0768387 0.1288038 0.0922801 0.1377241 0.0879712 0.1029878 0.0925246 0.0781039 0.1225663 0.1064510 0.0537916 0.0389124 0.0556979 0.0830567 0.0583372 0.0390823 0.0897593 0.0837738 0.0916897 0.1403318 0.1007877 0.0871567 0.0865986 0.1054553 0.0979096 0.0654837 0.1073741 0.1071782 0.0815390 0.0376624 0.1132210 0.0782633 0.0534594 0.0636153 0.0623878 0.0743749 0.1157182 
S0419         0.3461085 0.3766004 0.0690461 0.1939990 0.0877642 0.2060549 0.1061076 0.0819128 0.0931273 0.0675328 0.0539412 0.1237095 0.1625814 0.2133705 0.1095098 0.1800704 0.0702348 0.1030172 0.0729288 0.1003163 0.1585264 0.0877742 0.0972544 0.1552434 0.0744208 0.0000000 0.0697370 0.1016390 0.0883661 0.1106788 0.1124540 0.0991605 0.1077730 0.0986176 0.0735723 0.1008377 0.0867600 0.0697767 0.0839568 0.0485082 0.1364887 0.0938639 0.1464932 0.1063223 0.0652846 0.0793693 0.1274049 0.0106136 0.0961698 0.0142545 0.0143138 0.0978125 0.0612269 0.0833728 0.1265269 0.0750679 0.0574026 0.1217926 0.0755597 0.1066012 0.1294371 0.1854366 0.2156388 0.0648064 0.1158542 0.1450027 0.1619423 0.0925066 0.1119373 0.1238465 0.0217469 0.1046428 0.1281379 0.0652628 0.1317786 0.0881655 0.0836608 0.1112094 0.0834483 0.1291939 0.0785210 0.0827806 0.0596325 0.0727621 0.1061900 0.0706285 0.0686286 0.1036828 0.1071372 0.1017959 0.1393641 0.0905502 0.0927394 0.0921344 0.1049422 0.0970475 0.0659610 0.1383667 0.0929966 0.0547266 0.0620211 0.1196255 0.0179108 0.0856225 0.0546177 0.0788333 0.0800521 0.1220752 
S0427         0.2427201 0.2813516 0.0701108 0.1807875 0.0607248 0.1906885 0.0438899 0.0604480 0.0481275 0.0718906 0.0573026 0.0811492 0.1035738 0.2226190 0.0901025 0.1824546 0.0402058 0.0804967 0.0541649 0.0840711 0.0769875 0.0478963 0.0567679 0.0793940 0.0742336 0.0697370 0.0000000 0.0839828 0.0752350 0.0832936 0.0952288 0.0798558 0.0754420 0.0573045 0.0517183 0.0743994 0.0694512 0.0478557 0.0334134 0.0435597 0.1091768 0.0759332 0.0843549 0.0886448 0.0476578 0.0480628 0.1294347 0.0603226 0.0610668 0.0692713 0.0696045 0.0890105 0.0526222 0.0746544 0.1300555 0.0702774 0.0523391 0.1108302 0.0710669 0.0841637 0.1091756 0.1671288 0.1546093 0.0657704 0.1038271 0.1222683 0.1554838 0.0616034 0.0899161 0.1062729 0.0789218 0.0950483 0.0946889 0.0702937 0.1210961 0.0517700 0.0798447 0.1067751 0.0437251 0.0850422 0.0798121 0.0786405 0.0538463 0.0629089 0.0886031 0.0661391 0.0629694 0.0905541 0.0894195 0.0567679 0.1332456 0.0649892 0.0524467 0.0521020 0.0646897 0.0935876 0.0372168 0.1090535 0.0936110 0.0447058 0.0649546 0.0623604 0.0737672 0.0580383 0.0537062 0.0700782 0.0530814 0.0709569 
S0430         0.3152329 0.3316595 0.1166624 0.1211285 0.1125097 0.2148403 0.1369879 0.1137920 0.1078048 0.0855813 0.1088878 0.1399247 0.1574200 0.2234656 0.0258516 0.1260732 0.1095630 0.0143127 0.0677903 0.1316011 0.1171168 0.1021089 0.1120369 0.1623990 0.0787482 0.1016390 0.0839828 0.0000000 0.0990529 0.1366163 0.0489590 0.0151050 0.1184796 0.1084243 0.1011844 0.1167701 0.0840113 0.1024394 0.1237873 0.0920816 0.0486023 0.1088652 0.1900250 0.0215064 0.0977441 0.1024701 0.1279203 0.0918201 0.1016569 0.1009693 0.1014512 0.1221072 0.1014338 0.0887053 0.0930293 0.0805431 0.0789632 0.0417818 0.0995327 0.1075106 0.0661705 0.2010151 0.1880981 0.1119546 0.1309154 0.0757978 0.0978638 0.1027135 0.1180522 0.1439626 0.1111285 0.1147352 0.1232087 0.1013586 0.0791644 0.1164632 0.1233406 0.1309622 0.0976252 0.1457023 0.1169406 0.0968105 0.0648457 0.0782607 0.0105340 0.0894881 0.0694415 0.0373359 0.0070746 0.1121910 0.0950825 0.1301900 0.1073427 0.1066285 0.1303885 0.1120089 0.0842000 0.1457043 0.1323129 0.1011440 0.0753143 0.1357793 0.1055950 0.0793382 0.0866940 0.0847184 0.0892311 0.1281619 
S0552sl       0.3113313 0.3067331 0.0752041 0.1485940 0.0841797 0.2219083 0.0970572 0.1056654 0.0885784 0.0870465 0.0848776 0.1140301 0.1470728 0.2604460 0.1063290 0.1901144 0.0877765 0.1004176 0.0833256 0.0877675 0.1316098 0.0833208 0.0743476 0.1569146 0.0800075 0.0883661 0.0752350 0.0990529 0.0000000 0.1161684 0.1090220 0.1062056 0.0974433 0.0939721 0.0834748 0.0980553 0.0753104 0.0750061 0.0919730 0.0615035 0.1343338 0.1005984 0.1529570 0.1131742 0.0664315 0.0836071 0.0713919 0.0831237 0.0872099 0.0877892 0.0882035 0.0657013 0.0791810 0.0848789 0.1385464 0.0721118 0.0753117 0.1060178 0.0334211 0.0532183 0.0245966 0.0968831 0.1678401 0.0836359 0.1212045 0.1481559 0.1631766 0.0748704 0.0786042 0.1455328 0.0975815 0.1009771 0.0625853 0.0756925 0.1511228 0.0924546 0.0805833 0.1226564 0.0790358 0.1241519 0.1021127 0.0887599 0.0561257 0.0697039 0.1036622 0.0675342 0.0697886 0.0958080 0.1046003 0.0872885 0.1470915 0.0965999 0.0882123 0.0876397 0.0960012 0.1127290 0.0714917 0.1287793 0.0932784 0.0728621 0.0851629 0.1142269 0.0922902 0.1106202 0.0591452 0.0759374 0.0758503 0.1171830 
S0558         0.3590342 0.3617297 0.1306264 0.2549015 0.1027580 0.2599034 0.1066382 0.1282233 0.1167505 0.1053025 0.1180403 0.1379043 0.1635452 0.2400678 0.1350081 0.2565448 0.0863876 0.1335431 0.1017166 0.1560910 0.1466127 0.1108895 0.1163609 0.1511110 0.1022136 0.1106788 0.0832936 0.1366163 0.1161684 0.0000000 0.1537666 0.1251405 0.1374367 0.1227526 0.0920161 0.1211192 0.1087342 0.0885746 0.1066942 0.1052822 0.1750177 0.1391228 0.1626986 0.1366691 0.1205898 0.1112840 0.1701169 0.1050038 0.1103838 0.1099437 0.1104738 0.1300256 0.1206995 0.1168508 0.1722316 0.1018564 0.1061020 0.1716745 0.1219049 0.1199159 0.1108983 0.2125155 0.2223710 0.1255426 0.1622543 0.1940685 0.2280071 0.1211775 0.1431730 0.1705189 0.1203568 0.1405161 0.1472500 0.1314422 0.1912214 0.1105790 0.1170107 0.1520397 0.1063462 0.1541161 0.1194629 0.1113416 0.0767107 0.0904325 0.1417269 0.1073835 0.1016144 0.1434493 0.1365496 0.1257986 0.1872150 0.1190240 0.1162458 0.1154706 0.1101125 0.1480333 0.0988471 0.1554356 0.1418142 0.1151255 0.0886674 0.1491091 0.1146547 0.1019623 0.0996180 0.1006410 0.1033895 0.1313342 
S0616         0.3225901 0.3517161 0.1234023 0.1785319 0.1235837 0.2337628 0.1391468 0.1249810 0.1298173 0.0951271 0.1249266 0.1646042 0.1881141 0.2753273 0.0586226 0.1328384 0.1262012 0.0455453 0.0914134 0.1387839 0.1329915 0.1235402 0.1342421 0.1692492 0.1075967 0.1124540 0.0952288 0.0489590 0.1090220 0.1537666 0.0000000 0.0524637 0.1298897 0.1305865 0.1119362 0.1428509 0.1080866 0.1085545 0.1256918 0.0980584 0.0788054 0.1101458 0.2006924 0.0570364 0.1039429 0.1239945 0.1467829 0.1022037 0.1229937 0.1116952 0.1122426 0.1337123 0.0888016 0.1141576 0.0944691 0.0943841 0.0844551 0.0548746 0.1002302 0.1273095 0.0970457 0.2084833 0.2080731 0.1081785 0.1428779 0.0806747 0.0886067 0.1183948 0.1151472 0.1514155 0.1223104 0.1363750 0.1504147 0.1076021 0.0796402 0.1289048 0.1352041 0.1477975 0.1187781 0.1582598 0.1334949 0.1018077 0.0883847 0.1081592 0.0529550 0.0945441 0.0879172 0.0297688 0.0576977 0.1344309 0.1003567 0.1420725 0.1292332 0.1283416 0.1374772 0.1327166 0.1104439 0.1700483 0.1493316 0.1170729 0.1041964 0.1480108 0.1062942 0.1016607 0.0868619 0.1090337 0.1052095 0.1568649 
S0620         0.3429232 0.3468394 0.1150475 0.1230173 0.1098778 0.2403588 0.1313596 0.1168750 0.0951141 0.0821166 0.1017977 0.1262950 0.1462527 0.2391379 0.0038278 0.1311464 0.1049314 0.0112772 0.0681692 0.1308953 0.1205655 0.0847548 0.0995215 0.1633420 0.0749574 0.0991605 0.0798558 0.0151050 0.1062056 0.1251405 0.0524637 0.0000000 0.1159365 0.0956876 0.0986912 0.0946269 0.0849212 0.1046335 0.0889192 0.0890765 0.0151633 0.1116943 0.1873210 0.0037067 0.0949448 0.0950359 0.1345693 0.0888084 0.0937417 0.0984670 0.0989660 0.1210196 0.0941386 0.0859064 0.0896682 0.0859309 0.0706803 0.0365754 0.0968944 0.0952484 0.0820688 0.1861709 0.1972405 0.1052208 0.1301709 0.0669804 0.0853738 0.1046901 0.1165312 0.1279845 0.1091968 0.1180074 0.1214955 0.0988711 0.0705854 0.1098362 0.1164253 0.1353035 0.0847548 0.1445765 0.1248893 0.0847466 0.0692206 0.0810031 0.0228474 0.0862727 0.0603482 0.0399858 0.0191093 0.0996659 0.0813606 0.1294033 0.0946910 0.0940326 0.1244870 0.1156738 0.0798653 0.1326066 0.1312651 0.1035079 0.0762014 0.1341080 0.1033568 0.0806434 0.0828761 0.0856796 0.0761479 0.1159738 
S0641         0.3203519 0.3752033 0.1182491 0.1950733 0.0798515 0.2328825 0.0883173 0.1115210 0.0489954 0.1265940 0.1046505 0.0752148 0.1099474 0.2910506 0.1328207 0.2364032 0.1271206 0.1255226 0.0977899 0.1286514 0.1325261 0.0446076 0.0528118 0.1522493 0.0973605 0.1077730 0.0754420 0.1184796 0.0974433 0.1374367 0.1298897 0.1159365 0.0000000 0.0494521 0.1025220 0.1326958 0.1078672 0.0802932 0.0486062 0.0933276 0.1676317 0.1046631 0.1638604 0.1392960 0.0845857 0.0532260 0.1364002 0.0930792 0.0528363 0.1070488 0.1075708 0.1223845 0.1036566 0.0844456 0.1723570 0.1001948 0.0940559 0.1397800 0.0992959 0.1329066 0.0786816 0.1780705 0.1532178 0.1132939 0.1329856 0.1776506 0.2002022 0.0900688 0.0937443 0.1397074 0.1175236 0.1200758 0.1565342 0.1144172 0.1750164 0.0824291 0.1095240 0.1314119 0.0407343 0.0657799 0.1131466 0.1272906 0.0837169 0.0885931 0.1232901 0.0951687 0.1129406 0.1152976 0.1244333 0.0488506 0.1766155 0.1211607 0.0488092 0.0485102 0.0689795 0.1457567 0.0661239 0.1449014 0.1329620 0.0917543 0.0991283 0.0663927 0.1117965 0.1246970 0.0974547 0.0995290 0.0457382 0.0785026 
S0643         0.3184018 0.3574245 0.1088306 0.1638639 0.0896827 0.2193155 0.0752675 0.0977547 0.0182227 0.1167905 0.1008639 0.0420574 0.0833134 0.2837534 0.1074484 0.2028020 0.1284040 0.1056353 0.0879813 0.1285024 0.1166502 0.0143844 0.0218893 0.1471872 0.0784498 0.0986176 0.0573045 0.1084243 0.0939721 0.1227526 0.1305865 0.0956876 0.0494521 0.0000000 0.0935087 0.1088613 0.0987645 0.0716504 0.0117604 0.0757331 0.1458341 0.1007898 0.1335167 0.1189779 0.0716547 0.0220542 0.1388833 0.0886320 0.0256319 0.0979601 0.0984333 0.1187123 0.0855011 0.0853998 0.1607932 0.0862658 0.0763123 0.1308651 0.0957713 0.1185480 0.0656590 0.1934891 0.1383025 0.0992874 0.1243883 0.1656560 0.1897657 0.0862664 0.1204467 0.1409735 0.1081696 0.1211803 0.1363789 0.0940393 0.1632363 0.0698330 0.1105146 0.1326059 0.0107485 0.0669652 0.1047432 0.1038158 0.0700130 0.0749216 0.1131203 0.0861343 0.1028176 0.1159111 0.1141535 0.0218893 0.1591639 0.1118164 0.0181573 0.0107410 0.0702389 0.1348709 0.0486740 0.1255607 0.1341840 0.0925775 0.0942061 0.0586492 0.1026176 0.1247394 0.0786591 0.0904939 0.0184311 0.0535395 
S0645sl       0.2953278 0.3376222 0.0827496 0.1859322 0.0872035 0.2069818 0.0920199 0.0771622 0.0881478 0.0380756 0.0617501 0.1134470 0.1347980 0.1880346 0.1090008 0.1975984 0.0431984 0.1025500 0.0464863 0.1040690 0.1231376 0.0829217 0.0834366 0.1346209 0.0492477 0.0735723 0.0517183 0.1011844 0.0834748 0.0920161 0.1119362 0.0986912 0.1025220 0.0935087 0.0000000 0.0741156 0.0778095 0.0614130 0.0924024 0.0607246 0.1358396 0.0803040 0.1391649 0.0967975 0.0781514 0.0832062 0.1208607 0.0687229 0.0912110 0.0731085 0.0734406 0.1062357 0.0824781 0.0743055 0.1467723 0.0662571 0.0530670 0.1180039 0.0794461 0.1105611 0.0928335 0.1727268 0.1919113 0.0869251 0.1012483 0.1442895 0.1717029 0.0875668 0.1066432 0.1182304 0.0822788 0.0899401 0.1272267 0.0920583 0.1422826 0.0876183 0.0830217 0.1010987 0.0786591 0.1233423 0.0918690 0.0572900 0.0468229 0.0680445 0.1057129 0.0618493 0.0388303 0.0985783 0.1066504 0.0966994 0.1502311 0.0814424 0.0877851 0.0872178 0.0910309 0.0919279 0.0699853 0.1222677 0.0965775 0.0626203 0.0451706 0.1139917 0.0773717 0.0467328 0.0632213 0.0651720 0.0795445 0.1212757 
S0656sl       0.3044863 0.3252373 0.0971384 0.1456068 0.0929950 0.2341723 0.1070860 0.0999226 0.1031225 0.0764946 0.0890563 0.1291170 0.1800241 0.2502242 0.1005698 0.2276609 0.1083120 0.1137551 0.0779194 0.1301762 0.1306448 0.0975244 0.1026504 0.1366349 0.0792270 0.1008377 0.0743994 0.1167701 0.0980553 0.1211192 0.1428509 0.0946269 0.1326958 0.1088613 0.0741156 0.0000000 0.0825218 0.0835071 0.1005396 0.0739994 0.1321191 0.1089008 0.1533446 0.1170483 0.0879789 0.0978678 0.1260889 0.0953951 0.1061112 0.1001778 0.1006528 0.1173931 0.0968076 0.0697948 0.1697954 0.0708640 0.0703819 0.1106864 0.0984406 0.1019528 0.0784713 0.1905863 0.2028827 0.1014586 0.1153934 0.1620346 0.1638647 0.0978012 0.1272669 0.1130733 0.1102389 0.0994313 0.1331173 0.1069270 0.1597165 0.1015993 0.1024086 0.1154347 0.0930814 0.1340167 0.1303591 0.0785582 0.0554578 0.0550172 0.1215039 0.0662460 0.0644561 0.1237313 0.1165499 0.1072768 0.1597275 0.0922698 0.1026835 0.1020030 0.1058988 0.1223267 0.0890474 0.0865736 0.1031399 0.0862988 0.0755864 0.1304732 0.1047615 0.1083967 0.0720106 0.0746253 0.0941547 0.1330184 
