119
HYZL          0.0000000 0.1643974 0.4499116 0.5725205 0.7274310 0.3521027 0.4248901 0.4157768 0.4680038 0.4739696 0.4058758 0.4435182 0.4325112 0.4004050 0.4235615 0.4530050 0.4179651 0.4272294 0.4393016 0.4040090 0.4516954 0.4770337 0.4123359 0.3901811 0.4416552 0.4854668 0.4676500 0.4639987 0.4220578 0.4179531 0.4252974 0.4125832 0.4737071 0.4320505 0.4802130 0.4034984 0.4544078 0.4984853 0.4029860 0.4211414 0.5045133 0.4375242 0.4763217 0.4159743 0.4615392 0.4174307 0.4208787 0.4572702 0.4081367 0.4362702 0.4340918 0.4277998 0.4257808 0.4214612 0.4237630 0.4201376 0.4553270 0.4422490 0.4481095 0.4155100 0.4673138 0.4200897 0.4447583 0.5085594 0.4551140 0.4131515 0.4844731 0.4590045 0.4584136 0.4716979 0.4408045 0.4092689 0.4835097 0.4319467 0.3997810 0.3905985 0.4274681 0.4289975 0.4170576 0.4181410 0.3987823 0.4885174 0.4229891 0.4295211 0.4276360 0.4481219 0.4058788 0.4122772 0.4855593 0.4513992 0.4603865 0.4582844 0.4352453 0.4793827 0.4819221 0.4092478 0.4469484 0.4317584 0.4325175 0.4037119 0.4599243 0.4248712 0.4038357 0.4050070 0.4157683 0.5633442 0.4017079 0.4073258 0.4363180 0.4596079 0.5143260 0.4418333 0.4201616 0.4080977 0.4386809 0.4961625 0.4068306 0.4682684 0.4400015 
MYZV          0.1643974 0.0000000 0.4490822 0.5677450 0.7410694 0.4188755 0.4537178 0.4362832 0.4925844 0.4849658 0.4436427 0.4663663 0.4477858 0.4413326 0.5067121 0.5054329 0.4713803 0.4886134 0.4181205 0.4595987 0.4905078 0.4984093 0.4555506 0.4262410 0.4477924 0.5069837 0.4966652 0.5068054 0.4479738 0.4831170 0.4898693 0.4635743 0.4983034 0.4831866 0.5069609 0.4440506 0.5243705 0.5609709 0.4662584 0.4458017 0.5390027 0.4601077 0.4759819 0.4449524 0.5020031 0.4716597 0.4450160 0.5006202 0.4567308 0.4717305 0.4632899 0.4740955 0.4278820 0.4556091 0.4462433 0.4355395 0.4910959 0.4840460 0.4731225 0.4492875 0.5029289 0.4296615 0.4567676 0.5379375 0.4761971 0.4601019 0.5026793 0.4822512 0.5277229 0.5279424 0.4553112 0.4363062 0.5195048 0.4644323 0.4214237 0.4369618 0.4659785 0.4428578 0.4377716 0.4301228 0.4183226 0.5259886 0.4580441 0.4696124 0.4820412 0.5003107 0.4252546 0.4545580 0.5380572 0.4754793 0.4923228 0.4863840 0.4936588 0.5215133 0.5086159 0.4369609 0.4829903 0.4663484 0.4586350 0.4621886 0.5033788 0.4649686 0.4214817 0.4260204 0.4501164 0.5321854 0.4446729 0.4621471 0.4780051 0.4879069 0.5858227 0.5122236 0.4410846 0.4430305 0.4458686 0.5331802 0.4385877 0.4905285 0.4782401 
SRR6441723    0.4499116 0.4490822 0.0000000 0.1240753 0.2910175 0.2298963 0.0903424 0.0565573 0.1228350 0.1124549 0.1140462 0.1061892 0.0540668 0.1092873 0.1214973 0.1229226 0.1405126 0.1093831 0.1101176 0.1239187 0.1303357 0.0866238 0.1032236 0.1074547 0.1202705 0.1144745 0.1212310 0.1372591 0.0632239 0.0970054 0.0963459 0.1422853 0.1378062 0.1056059 0.1282251 0.1057713 0.1604406 0.1880619 0.1198415 0.1097255 0.1168057 0.1174186 0.1216678 0.1088246 0.0753674 0.1396256 0.1521918 0.1118711 0.1361629 0.0860221 0.1165068 0.0955750 0.0656621 0.1120831 0.0612479 0.0587399 0.1119870 0.0661618 0.1026869 0.1210244 0.1072139 0.0759863 0.0739892 0.1411068 0.1171376 0.0780757 0.1194387 0.0979608 0.0965341 0.1300351 0.1223392 0.1506421 0.0957713 0.1137867 0.0963516 0.0817457 0.0929121 0.1534879 0.0609469 0.1530481 0.1036963 0.1251837 0.0653754 0.1084427 0.1147640 0.0738582 0.1542252 0.1010923 0.1204026 0.1322859 0.1004824 0.0993122 0.1643671 0.1191744 0.1296699 0.1097549 0.1434534 0.1468648 0.1119636 0.1132776 0.0718236 0.0562861 0.1001467 0.0969605 0.0821676 0.0996605 0.1006843 0.1059666 0.0740366 0.0636872 0.1600673 0.1233079 0.0656510 0.0856821 0.1138036 0.1255180 0.1011529 0.1282786 0.1123475 
ERR4210213    0.5725205 0.5677450 0.1240753 0.0000000 0.4056685 0.3037530 0.1707394 0.1172615 0.1959863 0.1980869 0.1905772 0.1701606 0.1318104 0.1934826 0.1879502 0.2100004 0.2173568 0.1481222 0.2153059 0.2579231 0.2048756 0.0658370 0.1688162 0.1843890 0.2023383 0.1844470 0.2050696 0.2071722 0.1317311 0.1664551 0.1584799 0.2189575 0.2277187 0.1655649 0.2095262 0.1673149 0.2483611 0.1969770 0.2004164 0.1947790 0.1857630 0.2203530 0.1937074 0.1953294 0.1334883 0.2253874 0.2111309 0.1914812 0.2071322 0.1546534 0.2111465 0.1547771 0.1361114 0.1892035 0.1323160 0.1276357 0.1573177 0.1145585 0.1776294 0.1730618 0.1581922 0.1551455 0.1377897 0.1941597 0.1999050 0.1526959 0.1794340 0.1758095 0.1842961 0.1808524 0.1647600 0.2045837 0.1915667 0.1819461 0.1384683 0.1461344 0.1555757 0.2141772 0.1244717 0.2170901 0.1710345 0.1969406 0.1392774 0.1782037 0.1994692 0.1394801 0.2188829 0.1760246 0.2186946 0.1921855 0.1487660 0.1578569 0.2426472 0.2038490 0.1871072 0.1889173 0.2277476 0.2285250 0.1935964 0.1693991 0.1068151 0.1281783 0.1704273 0.1797593 0.1443774 0.1554725 0.1934553 0.1566673 0.1582505 0.1445655 0.2624319 0.2344556 0.1361217 0.1623783 0.1612749 0.2000044 0.1802782 0.1827041 0.1939380 
ERR2789774    0.7274310 0.7410694 0.2910175 0.4056685 0.0000000 0.4717390 0.2434813 0.3139309 0.3941782 0.3810719 0.2541421 0.3137045 0.2914519 0.2661362 0.2467845 0.2853527 0.3802851 0.3326340 0.2275741 0.1745344 0.4002129 0.3497940 0.2810173 0.2473043 0.2703767 0.3376025 0.2586386 0.3862525 0.3245957 0.2965832 0.2612043 0.4016714 0.3847366 0.3341740 0.2998573 0.3351708 0.4174899 0.7713145 0.2971204 0.2664666 0.3873334 0.3402555 0.3369315 0.2549624 0.2972081 0.3903378 0.3837242 0.2596744 0.3699804 0.3104264 0.2887369 0.3150278 0.3318119 0.2719159 0.3273580 0.3283071 0.3147143 0.2983578 0.3626265 0.3440839 0.3212150 0.2859067 0.2175045 0.4670761 0.3703011 0.3010729 0.3398881 0.3408756 0.4056080 0.1597811 0.3579199 0.3611490 0.3689936 0.3372567 0.2927826 0.3012794 0.3171864 0.3847791 0.3245004 0.3763417 0.1359025 0.3442800 0.3077326 0.3423035 0.2669926 0.3253365 0.3796895 0.2437341 0.3026511 0.3664857 0.3323825 0.3249866 0.4254244 0.3764957 0.3715777 0.3310082 0.3979056 0.3910030 0.2638326 0.3262065 0.3159131 0.2888788 0.2392189 0.2501274 0.2349180 0.3125451 0.2560716 0.1586696 0.3169260 0.3165228 0.5213786 0.2901195 0.3198967 0.1332108 0.3500266 0.3595701 0.2669626 0.3753343 0.2712158 
PAFTOL_019361 0.3521027 0.4188755 0.2298963 0.3037530 0.4717390 0.0000000 0.2085023 0.2109662 0.2678219 0.2606868 0.2319455 0.2470836 0.2214890 0.2405085 0.2399051 0.2613820 0.2635868 0.2522082 0.2808702 0.2415676 0.2690182 0.2589799 0.2186969 0.2207205 0.2559213 0.2560453 0.2601042 0.2818766 0.2119310 0.2242558 0.2212204 0.2715626 0.2778868 0.2141537 0.2524278 0.2307237 0.2979482 0.3396944 0.2544828 0.2431651 0.2892564 0.2558061 0.2488553 0.2445576 0.2522367 0.2587595 0.2390293 0.2667262 0.2674232 0.2163063 0.2233549 0.2155476 0.2190944 0.2436854 0.2153626 0.2154434 0.2525345 0.2379470 0.2433705 0.2699654 0.2673841 0.2299541 0.2266783 0.2990836 0.2483997 0.2114595 0.2787460 0.2395783 0.2210193 0.2717633 0.2665853 0.2321079 0.2171934 0.2568123 0.2035970 0.2149470 0.2237125 0.2350693 0.2114491 0.2290146 0.2046431 0.2934028 0.2271079 0.2554921 0.2425674 0.2509687 0.2342323 0.2269571 0.2736050 0.2527755 0.2484320 0.2445910 0.2962076 0.2677556 0.2812164 0.2418155 0.2728033 0.2761151 0.2458198 0.2364381 0.2487017 0.2222448 0.2261230 0.2265369 0.2086132 0.3163312 0.2317548 0.2122132 0.2304617 0.2291907 0.3227548 0.2346022 0.2161119 0.2008194 0.2612532 0.2786714 0.2303116 0.2632230 0.2306477 
S0055         0.4248901 0.4537178 0.0903424 0.1707394 0.2434813 0.2085023 0.0000000 0.0848084 0.1538961 0.1328306 0.0594985 0.1253508 0.0867414 0.0655257 0.0663638 0.1500989 0.1369767 0.1182827 0.1563176 0.1208420 0.1340201 0.1214567 0.0635126 0.0555816 0.0697557 0.1304770 0.0701187 0.1498364 0.0778512 0.0628737 0.1127940 0.1499624 0.1530498 0.1196870 0.0756159 0.1288814 0.1589673 0.2008141 0.0787149 0.0608188 0.1433885 0.1311944 0.1230542 0.0617022 0.1058236 0.1409674 0.1407663 0.0653111 0.1344632 0.0846062 0.0683370 0.1166561 0.0850618 0.0652499 0.0804002 0.0798775 0.1282725 0.0957577 0.1282948 0.1308029 0.1167858 0.1050325 0.0989703 0.1516633 0.1316480 0.0885007 0.1424563 0.1243732 0.0992856 0.0783833 0.1513954 0.1362604 0.0962762 0.1363302 0.1054531 0.1023201 0.1138115 0.1359642 0.0799860 0.1389018 0.0957993 0.1392149 0.0982028 0.1306036 0.0606511 0.1115255 0.1426168 0.0582335 0.0867727 0.1467822 0.1134527 0.1143223 0.1657616 0.1367142 0.1683253 0.1243426 0.1504460 0.1486252 0.0628781 0.1255039 0.0999668 0.0871133 0.0536341 0.0487337 0.0214389 0.1501598 0.0589369 0.1289548 0.1037959 0.1006511 0.1825608 0.0727105 0.0825276 0.1026680 0.1451063 0.1382868 0.0528952 0.1555380 0.0605594 
S0196sl       0.4157768 0.4362832 0.0565573 0.1172615 0.3139309 0.2109662 0.0848084 0.0000000 0.1146537 0.0872816 0.1052886 0.1012103 0.0583787 0.1065406 0.1044464 0.1200229 0.1239961 0.0936121 0.1298134 0.1246662 0.1282661 0.0913464 0.0924507 0.0988121 0.1115722 0.1093027 0.1175341 0.1320600 0.0149705 0.0935629 0.0878319 0.1216105 0.1379615 0.0922246 0.1230623 0.0957774 0.1458644 0.1621568 0.1137062 0.1038025 0.1154220 0.1172500 0.1187843 0.1027321 0.0614634 0.1255507 0.1256853 0.1113554 0.1165221 0.0827833 0.1109834 0.0824039 0.0150305 0.1061142 0.0150197 0.0130976 0.1007857 0.0526201 0.0983946 0.1054286 0.1105947 0.0841896 0.0792419 0.1388872 0.1015620 0.0724312 0.1108970 0.0894205 0.0843687 0.1156283 0.0926601 0.1301086 0.0875650 0.0984427 0.0815516 0.0715208 0.0772486 0.1214763 0.0111694 0.1216219 0.1088065 0.1220884 0.0744077 0.0933416 0.1117227 0.0783626 0.1225145 0.0954067 0.1166429 0.1309056 0.1015277 0.1025085 0.1464568 0.1124904 0.1251717 0.0967917 0.1266271 0.1248093 0.1060071 0.0922569 0.0793429 0.0629296 0.0890350 0.0862187 0.0769692 0.1097162 0.0971409 0.1109409 0.0785525 0.0749493 0.1597567 0.1148809 0.0150254 0.0865872 0.0849402 0.1239392 0.0953402 0.0911035 0.1063629 
S0278         0.4680038 0.4925844 0.1228350 0.1959863 0.3941782 0.2678219 0.1538961 0.1146537 0.0000000 0.1267937 0.1741475 0.0362298 0.1335933 0.1718218 0.1729377 0.0733926 0.1598467 0.1451715 0.0881938 0.1629976 0.0706241 0.1501929 0.1647873 0.1670689 0.1673852 0.0682498 0.2024948 0.0750651 0.1170540 0.1756368 0.0536004 0.1629147 0.0737575 0.1372852 0.1954781 0.1316418 0.1828076 0.0545875 0.1973411 0.1711385 0.0899022 0.0777131 0.0989521 0.1647658 0.1376338 0.1507411 0.1816646 0.1772548 0.1587861 0.1464752 0.1700401 0.1380719 0.1255514 0.1682705 0.1254612 0.1196223 0.1567615 0.1267616 0.0468049 0.1515253 0.0823386 0.0396235 0.1253755 0.0968828 0.1476086 0.1275029 0.1645476 0.1441595 0.1370031 0.2190933 0.1384727 0.1807377 0.1590732 0.1539166 0.1264060 0.1312427 0.1409606 0.1732292 0.1197937 0.1766165 0.0611529 0.1641124 0.1281552 0.1478976 0.1668170 0.1495934 0.1780300 0.1604439 0.1887522 0.0845180 0.0683814 0.0777897 0.1947443 0.0719729 0.0696084 0.1413928 0.1684703 0.1657996 0.1735850 0.1426365 0.1333564 0.1231359 0.1554810 0.1457749 0.1450031 0.1883181 0.1718560 0.0787896 0.1499528 0.1440453 0.0753312 0.1780976 0.1255545 0.0567588 0.1295657 0.1035933 0.1619681 0.1432165 0.1801732 
S0281         0.4739696 0.4849658 0.1124549 0.1980869 0.3810719 0.2606868 0.1328306 0.0872816 0.1267937 0.0000000 0.1717008 0.1180799 0.1097108 0.1624102 0.1702362 0.1302009 0.1454250 0.1235414 0.1420676 0.1495923 0.1245302 0.1448782 0.1478225 0.1647167 0.1664803 0.1208103 0.1784310 0.1389733 0.0922104 0.1380592 0.0787026 0.1429503 0.1364614 0.1236945 0.1718405 0.1262856 0.1684838 0.2190709 0.1653014 0.1659041 0.1360199 0.1341923 0.1332416 0.1624766 0.1161357 0.1476699 0.1837213 0.1628422 0.1357068 0.1257942 0.1600855 0.1327902 0.0878405 0.1659052 0.0902585 0.0873054 0.1356725 0.1009687 0.1071904 0.1289687 0.1168732 0.0928349 0.1278557 0.1460120 0.1076577 0.1168043 0.1495029 0.1378068 0.1284563 0.1959166 0.0978968 0.1800370 0.1338227 0.1260738 0.1098610 0.1173144 0.1321869 0.1727051 0.0874254 0.1754019 0.0847501 0.1500335 0.1237213 0.1204913 0.1690439 0.1299056 0.1755194 0.1554888 0.1553484 0.1413993 0.1075777 0.1060757 0.1556547 0.1189896 0.1344972 0.1240918 0.1481996 0.1405059 0.1683104 0.1179121 0.1377047 0.1072181 0.1480033 0.1437810 0.1162386 0.1689369 0.1518968 0.1072572 0.1205065 0.1348702 0.1646139 0.1588516 0.0903167 0.0833647 0.0900372 0.1221483 0.1478536 0.0991870 0.1486452 
S0282         0.4058758 0.4436427 0.1140462 0.1905772 0.2541421 0.2319455 0.0594985 0.1052886 0.1741475 0.1717008 0.0000000 0.1470439 0.1075786 0.0215651 0.0915122 0.1721422 0.1612114 0.1380685 0.1800611 0.1319996 0.1534568 0.1392195 0.0600933 0.0116304 0.0274876 0.1430060 0.1005847 0.1715674 0.1049827 0.0660264 0.1445244 0.1753311 0.1832375 0.1327171 0.1091617 0.1458843 0.1885412 0.2254222 0.0664188 0.0173856 0.1594533 0.1505260 0.1527810 0.0176217 0.1278310 0.1631504 0.1715250 0.0924440 0.1656015 0.1133500 0.0834551 0.1263489 0.1102761 0.0253891 0.1055354 0.1048184 0.1334441 0.1199178 0.1358343 0.1438396 0.1356180 0.1122136 0.1110801 0.1656133 0.1579762 0.0995449 0.1562906 0.1343268 0.1040846 0.0833947 0.1561155 0.1582079 0.1258951 0.1524014 0.1126705 0.1169724 0.1228528 0.1674054 0.1049665 0.1638166 0.1298521 0.1592676 0.1120389 0.1463634 0.0686804 0.1288526 0.1651055 0.0153097 0.0945387 0.1713295 0.1383096 0.1439720 0.1958845 0.1621422 0.1823702 0.1433352 0.1754952 0.1736857 0.0193295 0.1299730 0.1356752 0.1080476 0.0078206 0.0176320 0.0610953 0.1744874 0.0646285 0.1332583 0.1341891 0.1279821 0.1992920 0.0802783 0.1080857 0.1221180 0.1495614 0.1692627 0.0176204 0.1697077 0.0507889 
S0289         0.4435182 0.4663663 0.1061892 0.1701606 0.3137045 0.2470836 0.1253508 0.1012103 0.0362298 0.1180799 0.1470439 0.0000000 0.1134258 0.1445989 0.1435619 0.0455428 0.1337296 0.1200760 0.0548923 0.1398430 0.0499776 0.1240504 0.1240664 0.1400221 0.1532432 0.0419930 0.1622107 0.0603670 0.1014026 0.1406282 0.0427976 0.1366372 0.0498376 0.1177212 0.1572927 0.1083344 0.1562809 0.0417480 0.1641482 0.1445468 0.0651642 0.0507975 0.0735673 0.1403622 0.1151200 0.1300929 0.1444220 0.1476912 0.1341964 0.1240950 0.1425929 0.1176279 0.1069200 0.1417713 0.1068413 0.1012429 0.1444719 0.1046981 0.0294177 0.1228124 0.0563017 0.0215575 0.1072108 0.0699590 0.1222972 0.1133526 0.1407639 0.1260162 0.1229925 0.1658809 0.1137224 0.1464552 0.1356937 0.1287137 0.1009731 0.1077884 0.1173460 0.1455156 0.1013869 0.1400452 0.0359956 0.1379158 0.0979174 0.1229839 0.1436169 0.1237591 0.1438624 0.1345526 0.1559063 0.0487075 0.0475701 0.0594413 0.1664559 0.0478050 0.0469793 0.1099082 0.1419675 0.1394055 0.1469568 0.1148779 0.1123689 0.1034862 0.1320185 0.1222469 0.1179259 0.1579187 0.1447088 0.0453572 0.1213209 0.1207191 0.0422454 0.1436845 0.1069162 0.0332412 0.1052840 0.0799020 0.1354278 0.1110511 0.1477202 
S0292         0.4325112 0.4477858 0.0540668 0.1318104 0.2914519 0.2214890 0.0867414 0.0583787 0.1335933 0.1097108 0.1075786 0.1134258 0.0000000 0.1056415 0.1045594 0.1340331 0.1184199 0.1085582 0.1418361 0.0957432 0.1273147 0.0849168 0.0973022 0.0988910 0.1189048 0.1167581 0.1139157 0.1354076 0.0671829 0.0932933 0.1074306 0.1160636 0.1522932 0.0852197 0.1214945 0.1057392 0.1426472 0.1931651 0.1135219 0.1060581 0.1224636 0.1286445 0.1187381 0.1077270 0.0679521 0.1119667 0.1344285 0.1030992 0.1135472 0.0758065 0.1058986 0.0782157 0.0674780 0.1083774 0.0630726 0.0651490 0.0914390 0.0635959 0.1028320 0.1103707 0.1099632 0.0898520 0.0600724 0.1441894 0.1138494 0.0656609 0.1013891 0.0804974 0.0781505 0.1110421 0.1272647 0.1304634 0.0826961 0.1080817 0.0889597 0.0695384 0.0803553 0.1355306 0.0627627 0.1354261 0.0996531 0.1122184 0.0700663 0.1028500 0.1056784 0.0493070 0.1364404 0.0976119 0.1164548 0.1431968 0.1060637 0.1021657 0.1458546 0.1224813 0.1322788 0.1093334 0.1261204 0.1243066 0.1082662 0.1002020 0.0679372 0.0112119 0.0916486 0.0884445 0.0745677 0.0814955 0.0969961 0.1098654 0.0247117 0.0230270 0.1654684 0.1091090 0.0630345 0.0893642 0.1238156 0.1285741 0.0974884 0.1360905 0.1063708 
S0293         0.4004050 0.4413326 0.1092873 0.1934826 0.2661362 0.2405085 0.0655257 0.1065406 0.1718218 0.1624102 0.0215651 0.1445989 0.1056415 0.0000000 0.0934620 0.1643017 0.1627245 0.1425696 0.1783160 0.1424654 0.1481856 0.1416852 0.0617772 0.0177011 0.0376310 0.1440508 0.1039721 0.1753554 0.1062337 0.0653766 0.1376913 0.1738739 0.1763274 0.1365921 0.1181119 0.1385402 0.1985887 0.2162650 0.0657612 0.0272813 0.1566379 0.1457773 0.1508316 0.0276573 0.1289207 0.1704937 0.1664361 0.0934486 0.1671543 0.1146895 0.0805092 0.1303653 0.1117101 0.0313557 0.1067881 0.1060690 0.1399659 0.1183109 0.1368874 0.1475687 0.1358014 0.1135173 0.1174461 0.1595942 0.1485733 0.1035331 0.1571305 0.1357996 0.1121131 0.0949992 0.1610412 0.1562200 0.1297258 0.1504780 0.1138918 0.1186796 0.1279698 0.1623564 0.1062175 0.1617464 0.1220154 0.1572892 0.1102951 0.1445337 0.0633487 0.1264689 0.1630023 0.0250974 0.0935368 0.1696835 0.1299161 0.1386644 0.2003363 0.1603002 0.1798887 0.1414143 0.1769542 0.1751582 0.0292473 0.1316070 0.1339973 0.1060945 0.0198134 0.0276714 0.0695774 0.1655310 0.0594639 0.1208563 0.1316928 0.1255904 0.1978960 0.0819309 0.1093193 0.1235200 0.1540929 0.1601998 0.0256090 0.1704720 0.0502987 
S0294         0.4235615 0.5067121 0.1214973 0.1879502 0.2467845 0.2399051 0.0663638 0.1044464 0.1729377 0.1702362 0.0915122 0.1435619 0.1045594 0.0934620 0.0000000 0.1810273 0.1580103 0.1482155 0.1604425 0.1585912 0.1730612 0.1369739 0.0910415 0.0803390 0.1023381 0.1511998 0.0926232 0.1617985 0.1067351 0.0849874 0.1344749 0.1636101 0.1661632 0.1454175 0.1008587 0.1401616 0.1840040 0.2051367 0.0920112 0.0928926 0.1535643 0.1585901 0.1461411 0.0871217 0.1238248 0.1574054 0.1670632 0.0844604 0.1559390 0.1101778 0.1063626 0.1472056 0.1068933 0.0953674 0.1046890 0.1039838 0.1503566 0.1133307 0.1431774 0.1489410 0.1446696 0.1242916 0.1272161 0.1543990 0.1549426 0.1103605 0.1692676 0.1531114 0.1360433 0.0440373 0.1682377 0.1711799 0.1251754 0.1599937 0.1275232 0.1221610 0.1305726 0.1715475 0.1041294 0.1707453 0.1332842 0.1671716 0.1216895 0.1538716 0.0850473 0.1231214 0.1749892 0.0847171 0.1026288 0.1679653 0.1415605 0.1411768 0.1899859 0.1578894 0.1848041 0.1414242 0.1721748 0.1664457 0.0950925 0.1364370 0.1214212 0.1050128 0.0784988 0.0821592 0.0629822 0.1667523 0.0788112 0.1524898 0.1224736 0.1184327 0.2041301 0.0953948 0.1046295 0.1269055 0.1642180 0.1663772 0.0867474 0.1755536 0.0829514 
S0299         0.4530050 0.5054329 0.1229226 0.2100004 0.2853527 0.2613820 0.1500989 0.1200229 0.0733926 0.1302009 0.1721422 0.0455428 0.1340331 0.1643017 0.1810273 0.0000000 0.1714672 0.1681303 0.0519674 0.1868393 0.0822723 0.1437599 0.1475350 0.1614441 0.1923515 0.0841739 0.1738721 0.0817750 0.1233210 0.1692723 0.1026322 0.1822151 0.0790908 0.1411138 0.1720332 0.1409409 0.1948483 0.0728000 0.1980864 0.1749123 0.1087440 0.0752252 0.1212709 0.1648454 0.1260384 0.1934681 0.1742467 0.1730819 0.1808915 0.1554967 0.1661965 0.1375077 0.1276507 0.1742250 0.1272688 0.1193106 0.1840039 0.1186943 0.0589913 0.1536053 0.1006524 0.0502528 0.1446174 0.1124428 0.1514426 0.1401862 0.1760845 0.1535296 0.1460749 0.1976022 0.1349326 0.1863221 0.1714026 0.1493144 0.1253869 0.1466340 0.1495989 0.1673590 0.1233210 0.1681089 0.0846784 0.1773655 0.1258464 0.1447771 0.1567531 0.1369580 0.1654848 0.1652562 0.1680687 0.0842428 0.0940325 0.1016275 0.2237870 0.0742716 0.0635903 0.1469831 0.1837752 0.1757236 0.1832162 0.1340847 0.1402401 0.1236461 0.1538246 0.1485503 0.1506279 0.1816723 0.1630103 0.0909256 0.1401572 0.1313275 0.0835573 0.1582796 0.1238775 0.0672887 0.1345620 0.1305189 0.1647395 0.1238236 0.1875689 
S0303         0.4179651 0.4713803 0.1405126 0.2173568 0.3802851 0.2635868 0.1369767 0.1239961 0.1598467 0.1454250 0.1612114 0.1337296 0.1184199 0.1627245 0.1580103 0.1714672 0.0000000 0.0811363 0.1701271 0.0144198 0.1668898 0.1692260 0.1341696 0.1595730 0.1709469 0.1493184 0.1835578 0.1844326 0.1294117 0.1456769 0.1287905 0.0207353 0.1558203 0.1312018 0.1699282 0.0864184 0.0308432 0.1618477 0.1654218 0.1703558 0.1624498 0.1449992 0.1561443 0.1661649 0.1442348 0.0154147 0.1559952 0.1772496 0.0116153 0.1175547 0.1532803 0.1384012 0.1248382 0.1635397 0.1274627 0.1212470 0.1409363 0.1391196 0.1254847 0.1075860 0.1354070 0.1142813 0.1176272 0.1650597 0.0797008 0.1258621 0.1405916 0.1376579 0.1394508 0.1920596 0.1495782 0.1606955 0.1305440 0.1006036 0.0806057 0.1114618 0.1228886 0.1517304 0.1242220 0.1577235 0.1312046 0.1605200 0.1379785 0.0954772 0.1587471 0.1396605 0.1616997 0.1598485 0.1714952 0.1751310 0.1260510 0.1210734 0.0293275 0.1516141 0.1841299 0.0751224 0.0129831 0.0092764 0.1727627 0.0923183 0.1353690 0.1207986 0.1581921 0.1509017 0.1398784 0.1640353 0.1504485 0.1418177 0.1313033 0.1343513 0.2023833 0.1609296 0.1223817 0.1305466 0.1458291 0.1594197 0.1544587 0.1709306 0.1530757 
S0308         0.4272294 0.4886134 0.1093831 0.1481222 0.3326340 0.2522082 0.1182827 0.0936121 0.1451715 0.1235414 0.1380685 0.1200760 0.1085582 0.1425696 0.1482155 0.1681303 0.0811363 0.0000000 0.1606811 0.1035826 0.1275715 0.1218987 0.1238716 0.1367413 0.1504589 0.1164120 0.1673936 0.1489996 0.0985873 0.1230651 0.1259170 0.0905837 0.1465023 0.1046143 0.1542491 0.0777310 0.1083247 0.1320864 0.1514266 0.1499483 0.1499121 0.1319162 0.1349262 0.1495582 0.1184229 0.0886640 0.1518500 0.1461760 0.0801048 0.1083889 0.1481548 0.1052741 0.0942134 0.1472348 0.0966492 0.0936394 0.1246616 0.1055548 0.1156584 0.0953875 0.1181791 0.0984755 0.1060856 0.1523116 0.0748513 0.0974245 0.1227240 0.1123929 0.1186076 0.1635527 0.1349832 0.1474315 0.1210204 0.0833698 0.0647086 0.0961733 0.1018244 0.1475593 0.0937681 0.1501046 0.1304665 0.1419202 0.1053373 0.0785208 0.1391114 0.1240349 0.1539819 0.1401022 0.1544882 0.1502422 0.1090157 0.1075034 0.1051628 0.1264984 0.1598443 0.0719460 0.0858968 0.0863036 0.1522956 0.0798459 0.0939978 0.1060912 0.1378223 0.1314159 0.1155856 0.1560797 0.1399744 0.1146545 0.1162446 0.1253382 0.1750553 0.1496605 0.0944915 0.1015468 0.1261911 0.1455521 0.1410853 0.1420625 0.1421532 
S0320         0.4393016 0.4181205 0.1101176 0.2153059 0.2275741 0.2808702 0.1563176 0.1298134 0.0881938 0.1420676 0.1800611 0.0548923 0.1418361 0.1783160 0.1604425 0.0519674 0.1701271 0.1606811 0.0000000 0.1796423 0.1057175 0.1544465 0.1602628 0.1754274 0.1889592 0.0922974 0.1603548 0.0956043 0.1360923 0.1600338 0.1046456 0.1787226 0.0801580 0.1536608 0.1641089 0.1404672 0.1837716 0.1292438 0.1905121 0.1771155 0.1095434 0.0702679 0.1198134 0.1691011 0.1402872 0.1804198 0.1864056 0.1596909 0.1764647 0.1554601 0.1890408 0.1395725 0.1339688 0.1690160 0.1396645 0.1324553 0.1765847 0.1335548 0.0556956 0.1542506 0.1062245 0.0407422 0.1316233 0.1109821 0.1523929 0.1353683 0.1703799 0.1531669 0.1450974 0.1803816 0.1382862 0.1936578 0.1691831 0.1453349 0.1302322 0.1356807 0.1431479 0.1842802 0.1360923 0.1876878 0.0991612 0.1714580 0.1349623 0.1413696 0.1721246 0.1447176 0.1844399 0.1685642 0.1862046 0.0919169 0.0883663 0.1022502 0.2142838 0.0799515 0.0600404 0.1520675 0.1701107 0.1738440 0.1844300 0.1374547 0.1455532 0.1326500 0.1654535 0.1546426 0.1522754 0.1653095 0.1774154 0.1062419 0.1503665 0.1467564 0.0751927 0.1849681 0.1397917 0.0769474 0.1310059 0.1311404 0.1648580 0.1403429 0.1924048 
S0322         0.4040090 0.4595987 0.1239187 0.2579231 0.1745344 0.2415676 0.1208420 0.1246662 0.1629976 0.1495923 0.1319996 0.1398430 0.0957432 0.1424654 0.1585912 0.1868393 0.0144198 0.1035826 0.1796423 0.0000000 0.1394846 0.1762930 0.1122783 0.1325954 0.1676920 0.1606292 0.1392053 0.1910826 0.1246662 0.1353490 0.1436030 0.0297527 0.1508293 0.1281166 0.1301384 0.1018875 0.0268137 0.0000010 0.1528509 0.1533455 0.1521506 0.1413909 0.1594808 0.1464425 0.1332238 0.0085981 0.1692276 0.1483521 0.0123807 0.0989333 0.1338840 0.1331400 0.1262265 0.1576142 0.1248413 0.1204961 0.1204443 0.1293733 0.1064600 0.1112004 0.1505217 0.1091255 0.1070308 0.1515656 0.1017517 0.1117568 0.1441410 0.1323103 0.1215718 0.1946805 0.1620954 0.1536747 0.1212226 0.0923919 0.0862099 0.0935497 0.1040650 0.1517549 0.1246662 0.1627598 0.1540465 0.1609087 0.1400533 0.0881230 0.1447718 0.1110427 0.1633034 0.1431167 0.1358682 0.1737615 0.1449372 0.1430761 0.0358043 0.1265029 0.1805200 0.0829924 0.0232879 0.0174482 0.1623505 0.0865154 0.1233164 0.1036385 0.1333540 0.1285398 0.1196919 0.1595603 0.1249512 0.1559986 0.1112782 0.1079851 0.2083768 0.1200163 0.1208505 0.1520368 0.1615503 0.1717674 0.1452174 0.1599822 0.1543220 
S0327         0.4516954 0.4905078 0.1303357 0.2048756 0.4002129 0.2690182 0.1340201 0.1282661 0.0706241 0.1245302 0.1534568 0.0499776 0.1273147 0.1481856 0.1730612 0.0822723 0.1668898 0.1275715 0.1057175 0.1394846 0.0000000 0.1484544 0.1445751 0.1462439 0.1636717 0.0730332 0.2002118 0.0831330 0.1285394 0.1497206 0.0521550 0.1669531 0.0637028 0.1397233 0.1896609 0.1337851 0.1854280 0.0763628 0.1774825 0.1512000 0.0773376 0.0750140 0.0776316 0.1470274 0.1444657 0.1699531 0.1662744 0.1749624 0.1592803 0.1452768 0.1530750 0.1445257 0.1347882 0.1482902 0.1346859 0.1283203 0.1758901 0.1359166 0.0513377 0.1420947 0.0663463 0.0319170 0.1365294 0.0774741 0.1434408 0.1364341 0.1801207 0.1477996 0.1427457 0.1848193 0.1487942 0.1596882 0.1512266 0.1390518 0.1143773 0.1317256 0.1476332 0.1636637 0.1285175 0.1646644 0.0281765 0.1671397 0.1123651 0.1329960 0.1519306 0.1476765 0.1690712 0.1470977 0.1742100 0.0827648 0.0568636 0.0597332 0.1876152 0.0767148 0.0687695 0.1272188 0.1766550 0.1732501 0.1537151 0.1333491 0.1310586 0.1139793 0.1415223 0.1278550 0.1351576 0.1977182 0.1670041 0.0276584 0.1389608 0.1349578 0.0811701 0.1507092 0.1347951 0.0439902 0.1390887 0.0894272 0.1412731 0.1287399 0.1601041 
S0335         0.4770337 0.4984093 0.0866238 0.0658370 0.3497940 0.2589799 0.1214567 0.0913464 0.1501929 0.1448782 0.1392195 0.1240504 0.0849168 0.1416852 0.1369739 0.1437599 0.1692260 0.1218987 0.1544465 0.1762930 0.1484544 0.0000000 0.1213690 0.1353199 0.1449351 0.1384209 0.1575960 0.1499808 0.0986981 0.1234042 0.1288678 0.1705590 0.1714072 0.1207276 0.1509033 0.1228453 0.1882444 0.1716250 0.1531809 0.1422793 0.1366262 0.1553258 0.1497813 0.1384363 0.1082114 0.1691325 0.1599024 0.1424405 0.1601283 0.1090636 0.1590165 0.1160645 0.1014740 0.1414230 0.0966699 0.0960306 0.1288817 0.0956589 0.1310595 0.1321018 0.1245522 0.1000997 0.0952282 0.1559010 0.1419356 0.1089324 0.1378039 0.1221067 0.1184975 0.1504093 0.1531404 0.1636330 0.1346734 0.1400125 0.1072278 0.1067214 0.1157726 0.1610530 0.0961630 0.1577628 0.1220466 0.1551211 0.0864956 0.1342954 0.1492793 0.1041957 0.1589749 0.1326387 0.1579925 0.1526182 0.1222909 0.1206551 0.1932263 0.1535073 0.1476150 0.1320511 0.1811697 0.1761512 0.1446134 0.1249702 0.0754575 0.0825710 0.1240251 0.1258913 0.0974426 0.1403139 0.1322735 0.1148767 0.1068761 0.0949857 0.1857498 0.1547603 0.1014694 0.1133676 0.1438441 0.1608001 0.1334414 0.1581893 0.1504124 
S0376         0.4123359 0.4555506 0.1032236 0.1688162 0.2810173 0.2186969 0.0635126 0.0924507 0.1647873 0.1478225 0.0600933 0.1240664 0.0973022 0.0617772 0.0910415 0.1475350 0.1341696 0.1238716 0.1602628 0.1122783 0.1445751 0.1213690 0.0000000 0.0583859 0.0728548 0.1314041 0.1049397 0.1612121 0.0923017 0.0459251 0.1124799 0.1449463 0.1668422 0.1288473 0.0993789 0.1149749 0.1622161 0.1988227 0.0838000 0.0614190 0.1399046 0.1357584 0.1310727 0.0600814 0.1168584 0.1346873 0.1405847 0.0843306 0.1376744 0.0874263 0.0685760 0.1224565 0.0880320 0.0658944 0.0879677 0.0873873 0.1295776 0.1064666 0.1340832 0.1333696 0.1245883 0.0960800 0.0964276 0.1412120 0.1228219 0.0966374 0.1459883 0.1303051 0.1128834 0.1021815 0.1403899 0.1340266 0.1039647 0.1291541 0.0874707 0.0969395 0.1113277 0.1367877 0.0875076 0.1313584 0.1051036 0.1520949 0.0955534 0.1235070 0.0702785 0.1179612 0.1349742 0.0588044 0.0865546 0.1544015 0.1243593 0.1278807 0.1630366 0.1479121 0.1674383 0.1107870 0.1475208 0.1457015 0.0634974 0.1184824 0.1168309 0.0977240 0.0541772 0.0556555 0.0535207 0.1516736 0.0708225 0.1156915 0.1181550 0.1195736 0.1897598 0.0721804 0.0904048 0.0944249 0.1338880 0.1472689 0.0556185 0.1432086 0.0612230 
S0400         0.3901811 0.4262410 0.1074547 0.1843890 0.2473043 0.2207205 0.0555816 0.0988121 0.1670689 0.1647167 0.0116304 0.1400221 0.0988910 0.0177011 0.0803390 0.1614441 0.1595730 0.1367413 0.1754274 0.1325954 0.1462439 0.1353199 0.0583859 0.0000000 0.0256737 0.1364457 0.0960424 0.1590004 0.0985253 0.0575842 0.1427001 0.1713058 0.1760146 0.1259093 0.1046606 0.1383213 0.1941815 0.2180568 0.0624906 0.0155424 0.1488988 0.1432255 0.1459385 0.0137332 0.1188534 0.1681627 0.1645471 0.0883080 0.1649056 0.1146324 0.0747952 0.1196099 0.1039804 0.0175188 0.0990434 0.0959071 0.1291541 0.1082547 0.1311820 0.1400850 0.1340122 0.1071725 0.1098073 0.1632690 0.1476715 0.0931251 0.1498391 0.1248517 0.1087646 0.0728851 0.1549903 0.1513524 0.1273392 0.1537450 0.1058137 0.1102214 0.1164064 0.1603815 0.0985101 0.1569392 0.1227703 0.1467578 0.1054383 0.1476424 0.0648281 0.1250425 0.1581767 0.0134728 0.0811856 0.1614548 0.1310904 0.1369652 0.1984322 0.1575255 0.1786605 0.1385327 0.1739164 0.1720903 0.0174960 0.1282778 0.1343302 0.0993263 0.0098837 0.0157340 0.0548813 0.1695012 0.0540027 0.1211817 0.1252530 0.1158468 0.1998155 0.0715922 0.1015773 0.1107606 0.1480754 0.1622653 0.0117372 0.1683032 0.0468870 
S0405         0.4416552 0.4477924 0.1202705 0.2023383 0.2703767 0.2559213 0.0697557 0.1115722 0.1673852 0.1664803 0.0274876 0.1532432 0.1189048 0.0376310 0.1023381 0.1923515 0.1709469 0.1504589 0.1889592 0.1676920 0.1636717 0.1449351 0.0728548 0.0256737 0.0000000 0.1524476 0.1115334 0.1805747 0.1085669 0.0764087 0.1531796 0.1766564 0.1866614 0.1443173 0.1151582 0.1491679 0.2015045 0.2066017 0.0838584 0.0151626 0.1663144 0.1531676 0.1647002 0.0213731 0.1342836 0.1761110 0.1744083 0.1031624 0.1733290 0.1271818 0.0894890 0.1354338 0.1117730 0.0311521 0.1094423 0.1110747 0.1423911 0.1235403 0.1425418 0.1529602 0.1452113 0.1246066 0.1254836 0.1843974 0.1538002 0.1107064 0.1659110 0.1434722 0.1202316 0.0934978 0.1609637 0.1638376 0.1399175 0.1556959 0.1164312 0.1257836 0.1350922 0.1648387 0.1112312 0.1727199 0.1403465 0.1627872 0.1187660 0.1496869 0.0794349 0.1457177 0.1740738 0.0229589 0.0935999 0.1726764 0.1424768 0.1479914 0.2002615 0.1602221 0.1953985 0.1493883 0.1853793 0.1835966 0.0171009 0.1367501 0.1409715 0.1168887 0.0196829 0.0173727 0.0716338 0.1870781 0.0774994 0.1525485 0.1432872 0.1397953 0.2137336 0.0864719 0.1119918 0.1398629 0.1540359 0.1731565 0.0274731 0.1703913 0.0588744 
S0407sl       0.4854668 0.5069837 0.1144745 0.1844470 0.3376025 0.2560453 0.1304770 0.1093027 0.0682498 0.1208103 0.1430060 0.0419930 0.1167581 0.1440508 0.1511998 0.0841739 0.1493184 0.1164120 0.0922974 0.1606292 0.0730332 0.1384209 0.1314041 0.1364457 0.1524476 0.0000000 0.1810060 0.0771199 0.1095119 0.1481824 0.0842320 0.1575987 0.0759998 0.1103467 0.1657030 0.1214137 0.1699763 0.0533630 0.1682338 0.1409311 0.1022564 0.0674154 0.0673142 0.1404135 0.1067766 0.1489167 0.1652518 0.1468692 0.1476652 0.1240215 0.1470867 0.1131400 0.1148511 0.1382271 0.1149976 0.1093402 0.1374098 0.0921135 0.0512145 0.1350914 0.0617137 0.0322777 0.1202629 0.0847062 0.1173620 0.1052729 0.1416807 0.1203845 0.1251167 0.1741486 0.1238512 0.1663538 0.1379152 0.1383779 0.1035877 0.1079710 0.1194175 0.1667004 0.1094949 0.1605390 0.0608792 0.1313245 0.1201516 0.1326407 0.1513075 0.1271578 0.1646090 0.1312381 0.1652515 0.0713721 0.0510868 0.0536662 0.1747202 0.0672098 0.0687016 0.1181009 0.1576661 0.1550774 0.1432850 0.1273314 0.1206989 0.0994908 0.1283819 0.1223499 0.1212514 0.1610120 0.1414106 0.0385843 0.1197451 0.1188642 0.0790255 0.1516894 0.1150791 0.0176068 0.1155783 0.0847103 0.1320146 0.1221621 0.1522439 
S0412sl       0.4676500 0.4966652 0.1212310 0.2050696 0.2586386 0.2601042 0.0701187 0.1175341 0.2024948 0.1784310 0.1005847 0.1622107 0.1139157 0.1039721 0.0926232 0.1738721 0.1835578 0.1673936 0.1603548 0.1392053 0.2002118 0.1575960 0.1049397 0.0960424 0.1115334 0.1810060 0.0000000 0.1937106 0.1149126 0.0909761 0.1413247 0.2028254 0.1990028 0.1520587 0.0797561 0.1654046 0.2172885 0.2836728 0.1223973 0.1039276 0.1802404 0.1835170 0.1805135 0.0999200 0.1339506 0.1822456 0.1832279 0.0516064 0.1909323 0.1211721 0.1151890 0.1487326 0.1178991 0.1028553 0.1178139 0.1142467 0.1555655 0.1232414 0.1665946 0.1643970 0.1653099 0.1498222 0.1262679 0.1960290 0.1675124 0.1140989 0.1729335 0.1538907 0.1334459 0.0813888 0.1783353 0.1837662 0.1361601 0.1637215 0.1507932 0.1259653 0.1456426 0.1866695 0.1171692 0.1839408 0.1529274 0.1764789 0.1377584 0.1575992 0.1081595 0.1353247 0.1883479 0.0955222 0.1094222 0.1850941 0.1741285 0.1715457 0.2242353 0.1804533 0.1994123 0.1695371 0.1982384 0.1964838 0.1061343 0.1616520 0.1437605 0.1144085 0.0919649 0.0887201 0.0694670 0.1846133 0.0967608 0.1458459 0.1287935 0.1281136 0.2496681 0.0964760 0.1200726 0.1422174 0.1715680 0.1966810 0.0974801 0.1886754 0.1042769 
S0417         0.4639987 0.5068054 0.1372591 0.2071722 0.3862525 0.2818766 0.1498364 0.1320600 0.0750651 0.1389733 0.1715674 0.0603670 0.1354076 0.1753554 0.1617985 0.0817750 0.1844326 0.1489996 0.0956043 0.1910826 0.0831330 0.1499808 0.1612121 0.1590004 0.1805747 0.0771199 0.1937106 0.0000000 0.1298497 0.1685802 0.0746691 0.1820251 0.0932492 0.1490068 0.1875032 0.1475629 0.1999153 0.0609345 0.1953404 0.1719657 0.1171820 0.0915003 0.0955123 0.1657102 0.1358072 0.1781244 0.1825918 0.1698950 0.1757222 0.1633905 0.1778162 0.1540196 0.1331413 0.1691172 0.1381604 0.1321140 0.1765190 0.1250921 0.0604441 0.1618349 0.0864847 0.0564365 0.1339261 0.1173415 0.1470397 0.1410757 0.1744361 0.1599596 0.1571594 0.2081381 0.1567563 0.1880133 0.1780446 0.1781322 0.1339178 0.1474131 0.1599961 0.1801169 0.1323056 0.1775707 0.0805834 0.1731674 0.1358878 0.1717953 0.1686672 0.1540283 0.1818763 0.1613325 0.1811617 0.0814909 0.0773490 0.0816714 0.2116952 0.0961135 0.0714445 0.1439371 0.1934568 0.1906672 0.1743942 0.1583820 0.1417645 0.1248659 0.1544234 0.1519018 0.1384322 0.1869270 0.1615573 0.0832485 0.1439595 0.1454815 0.0920380 0.1762391 0.1382669 0.0709476 0.1474601 0.1170164 0.1628667 0.1583713 0.1753234 
S0419         0.4220578 0.4479738 0.0632239 0.1317311 0.3245957 0.2119310 0.0778512 0.0149705 0.1170540 0.0922104 0.1049827 0.1014026 0.0671829 0.1062337 0.1067351 0.1233210 0.1294117 0.0985873 0.1360923 0.1246662 0.1285394 0.0986981 0.0923017 0.0985253 0.1085669 0.1095119 0.1149126 0.1298497 0.0000000 0.0934137 0.0847131 0.1270003 0.1385199 0.0949003 0.1154364 0.1059739 0.1516115 0.1633321 0.1133760 0.1035053 0.1132160 0.1224479 0.1190160 0.1024347 0.0591651 0.1311476 0.1157755 0.1014452 0.1220543 0.0808101 0.1057655 0.0896223 0.0112113 0.1058096 0.0112033 0.0093046 0.1082870 0.0525417 0.0985882 0.1153838 0.1108181 0.0817571 0.0793752 0.1296611 0.1066706 0.0773218 0.1187530 0.0967631 0.0873385 0.1191866 0.0952618 0.1227270 0.0807013 0.1082573 0.0888750 0.0763450 0.0843359 0.1115663 0.0074060 0.1118836 0.1048637 0.1302130 0.0745346 0.1030156 0.1113973 0.0827102 0.1152018 0.0951395 0.1064688 0.1311674 0.1043244 0.1027064 0.1523264 0.1127128 0.1305657 0.1019611 0.1320823 0.1302665 0.1057033 0.1020294 0.0818884 0.0718577 0.0887794 0.0859741 0.0676309 0.1252369 0.0968639 0.1109409 0.0832835 0.0842410 0.1597673 0.1096620 0.0112075 0.0865872 0.0874667 0.1241888 0.0950672 0.0937125 0.1012890 
S0427         0.4179531 0.4831170 0.0970054 0.1664551 0.2965832 0.2242558 0.0628737 0.0935629 0.1756368 0.1380592 0.0660264 0.1406282 0.0932933 0.0653766 0.0849874 0.1692723 0.1456769 0.1230651 0.1600338 0.1353490 0.1497206 0.1234042 0.0459251 0.0575842 0.0764087 0.1481824 0.0909761 0.1685802 0.0934137 0.0000000 0.1405612 0.1457988 0.1749874 0.1327421 0.1123239 0.1309893 0.1746851 0.1855265 0.0789505 0.0650003 0.1504915 0.1491942 0.1493335 0.0659476 0.1076396 0.1445623 0.1533116 0.0855538 0.1442747 0.0986577 0.0818643 0.1267168 0.0891908 0.0672407 0.0891264 0.0885451 0.1309290 0.1024966 0.1385994 0.1299084 0.1387832 0.1128272 0.1080553 0.1685190 0.1275980 0.1007068 0.1505364 0.1345794 0.1175823 0.0933684 0.1479578 0.1462169 0.1123450 0.1276678 0.1018547 0.1097606 0.1213473 0.1492531 0.0886657 0.1488962 0.1399390 0.1529012 0.1001573 0.1220911 0.0835364 0.1086126 0.1527304 0.0623718 0.0933468 0.1599754 0.1356027 0.1385084 0.1752692 0.1586437 0.1732897 0.1259799 0.1539153 0.1521182 0.0670644 0.1170999 0.1177109 0.0936916 0.0578778 0.0549798 0.0594360 0.1527915 0.0681412 0.1509981 0.1136310 0.1149734 0.2100091 0.0741102 0.0912658 0.1264221 0.1417510 0.1640590 0.0525036 0.1574863 0.0694203 
S0428sl       0.4252974 0.4898693 0.0963459 0.1584799 0.2612043 0.2212204 0.1127940 0.0878319 0.0536004 0.0787026 0.1445244 0.0427976 0.1074306 0.1376913 0.1344749 0.1026322 0.1287905 0.1259170 0.1046456 0.1436030 0.0521550 0.1288678 0.1124799 0.1427001 0.1531796 0.0842320 0.1413247 0.0746691 0.0847131 0.1405612 0.0000000 0.1154863 0.0510387 0.1008535 0.1441599 0.0955848 0.1458636 0.1472395 0.1573899 0.1481441 0.0422386 0.0715418 0.0965382 0.1399226 0.1010827 0.1389071 0.1428984 0.1468214 0.1150650 0.0964320 0.1312870 0.1081263 0.0884078 0.1489830 0.0881646 0.0845591 0.1278956 0.0942674 0.0337489 0.1220908 0.0631081 0.0346961 0.1063442 0.0699018 0.1116898 0.0914770 0.1451678 0.1158160 0.1022941 0.1621687 0.1046484 0.1495755 0.1098299 0.1145679 0.0930950 0.1025794 0.1086241 0.1290988 0.0847131 0.1376983 0.0646944 0.1448640 0.0873699 0.1105731 0.1328063 0.1166295 0.1386089 0.1393965 0.1401353 0.0813213 0.0570472 0.0678929 0.1616298 0.0492544 0.0732006 0.1053525 0.1392678 0.1359417 0.1558462 0.1030235 0.1112149 0.0977523 0.1313259 0.1232274 0.1134849 0.1712500 0.1336135 0.0595011 0.1177067 0.1124299 0.0947961 0.1237897 0.0850682 0.0635824 0.1043738 0.0810855 0.1434470 0.1057680 0.1374406 
S0430         0.4125832 0.4635743 0.1422853 0.2189575 0.4016714 0.2715626 0.1499624 0.1216105 0.1629147 0.1429503 0.1753311 0.1366372 0.1160636 0.1738739 0.1636101 0.1822151 0.0207353 0.0905837 0.1787226 0.0297527 0.1669531 0.1705590 0.1449463 0.1713058 0.1766564 0.1575987 0.2028254 0.1820251 0.1270003 0.1457988 0.1154863 0.0000000 0.1701648 0.1341693 0.1916831 0.0910993 0.0471692 0.1817575 0.1709990 0.1816142 0.1643859 0.1557470 0.1591291 0.1816764 0.1471638 0.0253367 0.1507103 0.1803299 0.0057647 0.1227758 0.1603939 0.1359395 0.1224356 0.1730307 0.1250498 0.1216565 0.1359970 0.1420162 0.1344810 0.1155415 0.1412308 0.1198455 0.1178116 0.1640240 0.0873560 0.1287153 0.1462803 0.1381248 0.1364816 0.2057045 0.1470316 0.1553934 0.1255981 0.1106594 0.0898502 0.1141823 0.1256611 0.1490469 0.1218310 0.1524521 0.1273781 0.1636083 0.1386269 0.1053823 0.1724691 0.1425285 0.1563606 0.1707773 0.1897033 0.1754285 0.1318123 0.1265752 0.0374871 0.1637937 0.1874390 0.0846027 0.0226826 0.0228076 0.1840437 0.1051264 0.1386823 0.1184361 0.1694878 0.1619483 0.1482477 0.1701577 0.1585176 0.1380005 0.1288946 0.1410422 0.1934768 0.1787827 0.1199854 0.1349628 0.1433102 0.1624807 0.1695210 0.1682828 0.1614501 
S0478         0.4737071 0.4983034 0.1378062 0.2277187 0.3847366 0.2778868 0.1530498 0.1379615 0.0737575 0.1364614 0.1832375 0.0498376 0.1522932 0.1763274 0.1661632 0.0790908 0.1558203 0.1465023 0.0801580 0.1508293 0.0637028 0.1714072 0.1668422 0.1760146 0.1866614 0.0759998 0.1990028 0.0932492 0.1385199 0.1749874 0.0510387 0.1701648 0.0000000 0.1377634 0.1929529 0.1474174 0.1790956 0.0938865 0.2000821 0.1804381 0.0931691 0.0645010 0.0830920 0.1760434 0.1560367 0.1612943 0.2003260 0.1863873 0.1609634 0.1449129 0.1697408 0.1506477 0.1389397 0.1774816 0.1417030 0.1380214 0.1744770 0.1476268 0.0545479 0.1568276 0.0730491 0.0328403 0.1324914 0.0981639 0.1520920 0.1424389 0.1744290 0.1625241 0.1666182 0.2138171 0.1458804 0.2023645 0.1543771 0.1532404 0.1309471 0.1461207 0.1564520 0.1948505 0.1382273 0.1948464 0.0431682 0.1598935 0.1374440 0.1525066 0.1559942 0.1638153 0.1995129 0.1692846 0.1782216 0.0857154 0.0661411 0.0710646 0.1878843 0.0757464 0.0726606 0.1382505 0.1676716 0.1617850 0.1791484 0.1534571 0.1551626 0.1417211 0.1678978 0.1568260 0.1625343 0.2119443 0.1767336 0.0531338 0.1645651 0.1608949 0.0848647 0.1785989 0.1363674 0.0434343 0.1421417 0.0939291 0.1673243 0.1518133 0.1681636 
