117
CRNC          0.0000000 0.2607230 0.2155533 0.4135484 0.4491286 0.3854245 0.3798931 0.3963280 0.4565001 0.3943357 0.3923854 0.4028046 0.3906585 0.4021941 0.4221943 0.4398824 0.4713553 0.4374733 0.4030105 0.3830106 0.4321138 0.4120337 0.4070537 0.3937351 0.4105130 0.4157573 0.4475399 0.3939908 0.4093136 0.3755697 0.3862878 0.5639868 0.4578179 0.4172191 0.4306555 0.4007788 0.4070264 0.3989660 0.4250022 0.4111773 0.4058358 0.4049674 0.4522598 0.3944465 0.4442957 0.3890042 0.4209171 0.4386719 0.4196280 0.4377035 0.4067445 0.3791082 0.3989524 0.3713474 0.4149214 0.3805420 0.3742657 0.4172264 0.3875309 0.4129540 0.4192518 0.4320443 0.3853753 0.3913089 0.4305183 0.4161526 0.4129458 0.4168223 0.3847560 0.4210003 0.3858879 0.3989171 0.4366952 0.4595471 0.3877911 0.4139909 0.4306566 0.3844855 0.5477756 0.4682088 0.4090868 0.4087477 0.4367367 0.4062786 0.4349567 0.4020483 0.4174526 0.3838175 0.3992431 0.4203321 0.4438496 0.4293593 0.4162431 0.3941281 0.3729394 0.4348482 0.4484393 0.4170654 0.4371728 0.4071806 0.3908248 0.4119819 0.4080888 0.4016296 0.4042430 0.4371745 0.3749229 0.4138241 0.4144225 0.4289688 0.4035695 0.3756825 0.3870677 0.4229171 0.4416746 0.3957569 0.4420035 
HYZL          0.2607230 0.0000000 0.0000010 0.3962309 0.5778939 0.3929113 0.3385467 0.3852679 0.3964886 0.4036822 0.3890018 0.3832245 0.3917899 0.3908564 0.3961401 0.4304316 0.4936023 0.4290005 0.4364779 0.3920432 0.4118991 0.3805490 0.3909534 0.3583013 0.3832082 0.3953674 0.4754808 0.3855832 0.3935241 0.3803918 0.3397435 0.5039840 0.4376126 0.3849736 0.4055646 0.4027921 0.4274899 0.3790455 0.4091699 0.3823579 0.4219952 0.3900786 0.4691110 0.3528755 0.3993739 0.3626253 0.3972530 0.4189927 0.3587102 0.4248809 0.3715101 0.3702576 0.4243461 0.3754071 0.3753186 0.3770680 0.3823680 0.3923581 0.3687144 0.3950962 0.4251403 0.4181826 0.3857722 0.3805395 0.4584411 0.3866984 0.4151374 0.4093891 0.4396713 0.4019792 0.3931680 0.3918178 0.4649751 0.4570209 0.3457185 0.3903774 0.4078388 0.3657155 0.4681037 0.4528336 0.3945905 0.3617397 0.4594032 0.3797577 0.4461113 0.3770346 0.4048674 0.3883322 0.4060589 0.4168815 0.4193578 0.4335139 0.3928648 0.3758481 0.3768736 0.4277373 0.4310723 0.3712000 0.4356339 0.4151685 0.3575952 0.3789370 0.3822541 0.3651521 0.4124485 0.3920680 0.3953409 0.4000415 0.4093271 0.4381467 0.3712666 0.3705473 0.4053039 0.3939413 0.4143205 0.3734182 0.4226447 
MYZV          0.2155533 0.0000010 0.0000000 0.5530425 0.0000010 0.4811710 0.5531947 0.4744756 0.0000010 0.4565784 0.4562524 0.4924790 0.4259899 0.5057957 0.5010182 0.5394697 0.5225873 0.5224864 0.5025843 0.3947311 0.0000010 0.4306231 0.5641593 0.4647048 0.4902723 0.4942598 0.4968663 0.5061317 0.4565784 0.4541851 0.4647048 0.4707000 0.5688905 0.5696209 0.5375672 0.5328355 0.4802612 0.4780649 0.5171169 0.5043940 0.4545081 0.4549054 0.4378667 0.5351973 0.4942598 0.4942598 0.6199298 0.0000010 0.5206486 0.5309702 0.0000010 0.4631341 0.5089378 0.4269344 0.5066498 0.4541851 0.4541851 0.4942598 0.4710654 0.5242960 0.4477540 0.4668383 0.4644100 0.4814312 0.5228271 0.5375672 0.6049747 0.6268342 0.4942598 0.4942598 0.0000010 0.6008272 0.4956364 0.5052772 0.4942598 0.5232816 0.0000010 0.4541851 0.0000010 0.9437100 0.5093432 0.6101319 0.5242960 0.4942598 0.5385401 0.4942598 0.4652585 0.4283417 0.4835809 0.5351973 0.5173759 0.5110775 0.5242960 0.4850280 0.5041888 0.4833966 0.5576472 0.5242960 0.4441510 0.5361640 0.5366422 0.4668383 0.5242960 0.4617832 0.4934451 0.5463146 0.5144987 0.5366422 0.5687700 0.4942598 0.4942598 0.4541851 0.4565784 0.5242960 0.5223371 0.4428388 0.4942598 
SRR6441723    0.4135484 0.3962309 0.5530425 0.0000000 0.1435880 0.0892404 0.2295100 0.0576983 0.0531735 0.0832086 0.0603427 0.0693282 0.0765237 0.0388339 0.0744966 0.1021994 0.1187503 0.0989297 0.0867705 0.0729592 0.0995492 0.0655201 0.0367027 0.0670940 0.0638356 0.0634977 0.0997985 0.0994265 0.0655071 0.0510531 0.0674610 0.1103880 0.1047959 0.0819881 0.0727336 0.0737797 0.0969448 0.0506370 0.0829686 0.0619524 0.0725506 0.0674317 0.0864588 0.0576977 0.0666729 0.0573523 0.1150847 0.2263659 0.0866446 0.1013934 0.0718941 0.0680345 0.0799654 0.0507735 0.0742758 0.0508890 0.0528382 0.0803271 0.0600447 0.0683517 0.0743730 0.0803252 0.0453177 0.0867426 0.0815945 0.0684096 0.0776629 0.0625487 0.0986838 0.0579346 0.1892904 0.0808914 0.0862798 0.1072141 0.0583994 0.0678094 0.2247599 0.0565663 0.2254373 0.1092223 0.0602243 0.0591688 0.0862774 0.0717372 0.0653713 0.0598987 0.0835198 0.0549570 0.0766474 0.0775596 0.0817000 0.1014928 0.0648494 0.0663126 0.0624389 0.1055351 0.1071892 0.0759073 0.0683288 0.0342525 0.0408618 0.0680666 0.0658911 0.0558469 0.0529873 0.0760573 0.0712273 0.0531584 0.0490915 0.0929431 0.0877680 0.0489163 0.0770869 0.0617232 0.0968633 0.0525516 0.0841472 
ERR4210213    0.4491286 0.5778939 0.0000010 0.1435880 0.0000000 0.2068350 0.3231589 0.1631674 0.2041565 0.1661512 0.2076731 0.1736003 0.1660159 0.1578233 0.1759453 0.2034951 0.2392207 0.1932958 0.1838756 0.1663725 0.1637251 0.1489443 0.1046200 0.1842469 0.1713955 0.1798438 0.2334524 0.1995281 0.1637391 0.1769704 0.1905762 0.3138360 0.1922778 0.1825684 0.1962811 0.1790697 0.2182103 0.1484353 0.1540657 0.1761830 0.1616197 0.1885175 0.1687037 0.1627609 0.2352735 0.1774026 0.1809055 0.3484367 0.1897378 0.1988722 0.2147301 0.1616810 0.2136944 0.1710643 0.1989590 0.1761353 0.1648846 0.1922204 0.1822517 0.1895835 0.1799945 0.1733180 0.1462528 0.1547129 0.1940223 0.1826376 0.1644566 0.1575744 0.0929311 0.1657875 0.3148806 0.1797494 0.1837595 0.2199888 0.1748594 0.1721716 0.3491741 0.1749659 0.3345403 0.1959096 0.1632502 0.1614673 0.1890057 0.1905964 0.1877449 0.1650797 0.1858414 0.1603574 0.1620852 0.1723366 0.1574053 0.1867967 0.2009486 0.1486640 0.1402635 0.1873146 0.1828470 0.1901139 0.1784781 0.1597444 0.1520449 0.1765368 0.1756534 0.1531452 0.1816008 0.2074195 0.1572421 0.1564658 0.1624627 0.1780016 0.1934809 0.1710643 0.1651418 0.1675047 0.1783657 0.1565558 0.1699032 
ERR2789774    0.3854245 0.3929113 0.4811710 0.0892404 0.2068350 0.0000000 0.2291851 0.0605456 0.0977705 0.0879598 0.0942931 0.0486459 0.0811683 0.0709535 0.0467121 0.0910385 0.1308557 0.1002960 0.1082840 0.0717340 0.0968483 0.0663616 0.0868823 0.0597593 0.0465852 0.0414005 0.1222311 0.0960410 0.0828587 0.0719553 0.0652731 0.1228810 0.1051135 0.0826911 0.0856365 0.0763009 0.1070650 0.0751957 0.0747080 0.0393044 0.0796824 0.0700301 0.0886061 0.0573807 0.0495912 0.0706360 0.1061848 0.2450399 0.0849485 0.0935678 0.0888334 0.0505923 0.1142253 0.0690372 0.0596512 0.0717478 0.0720831 0.1014774 0.0769593 0.0714924 0.0900993 0.0795320 0.0913535 0.0827433 0.0919536 0.0882918 0.0842387 0.0958821 0.0741210 0.0906991 0.2140859 0.0899283 0.1041576 0.1417058 0.0884414 0.0946168 0.2304141 0.0746871 0.2199567 0.1516853 0.0937820 0.0913681 0.1041538 0.0657110 0.1014792 0.0390604 0.0723018 0.0863462 0.0761092 0.0791692 0.0781096 0.0936934 0.0829367 0.0726752 0.0471004 0.1077307 0.1111148 0.0539744 0.0756921 0.0918955 0.0595837 0.0392016 0.0415395 0.0583617 0.1042493 0.0796840 0.0648333 0.0806341 0.0830967 0.1006718 0.0708978 0.0690432 0.0872306 0.0927508 0.0896935 0.0346700 0.0681454 
PAFTOL_019361 0.3798931 0.3385467 0.5531947 0.2295100 0.3231589 0.2291851 0.0000000 0.2175353 0.2489230 0.2468081 0.2418072 0.2318382 0.2338051 0.2051264 0.2456364 0.2542936 0.2869019 0.2533505 0.2268824 0.2328560 0.2402447 0.2359291 0.2369827 0.2380158 0.2277655 0.2294187 0.2834691 0.2613832 0.2377444 0.2058153 0.2200687 0.3002650 0.2514429 0.2641951 0.2476341 0.2678368 0.2394982 0.2275515 0.2536018 0.2281773 0.2559066 0.2321979 0.2562693 0.2241477 0.2317983 0.2273868 0.2294190 0.3421649 0.2692833 0.2450610 0.2237790 0.2246937 0.2418652 0.2006992 0.2334951 0.2090938 0.2012593 0.2497147 0.2276183 0.2378699 0.2333669 0.2535100 0.2281734 0.2256497 0.2476038 0.2404268 0.2480800 0.2425299 0.2536498 0.2397570 0.2976047 0.2555949 0.2455605 0.2622100 0.2127018 0.2302743 0.3200220 0.2173300 0.3702367 0.2637426 0.2258529 0.2446532 0.2455536 0.2389018 0.2387248 0.2249415 0.2467047 0.2157158 0.2441001 0.2477194 0.2600185 0.2340043 0.2378138 0.2495099 0.2079080 0.2310420 0.2522135 0.2240251 0.2356797 0.2323549 0.2163264 0.2316042 0.2312199 0.2211524 0.2211906 0.2521917 0.2368094 0.2297106 0.2190476 0.2601648 0.2552235 0.2058791 0.2461358 0.2442330 0.2618338 0.2104000 0.2716469 
S0055         0.3963280 0.3852679 0.4744756 0.0576983 0.1631674 0.0605456 0.2175353 0.0000000 0.0686454 0.0732782 0.0650880 0.0469148 0.0706029 0.0468057 0.0515097 0.0836890 0.1104309 0.0902104 0.0781789 0.0671758 0.1026162 0.0510652 0.0581342 0.0551794 0.0398421 0.0378328 0.0979422 0.0732697 0.0656646 0.0456127 0.0498093 0.0958034 0.0934765 0.0691186 0.0756921 0.0630325 0.0883314 0.0569540 0.0572185 0.0362664 0.0671072 0.0539145 0.0732132 0.0307853 0.0434322 0.0581519 0.0996276 0.2015629 0.0572210 0.0898755 0.0536356 0.0355886 0.0831956 0.0453633 0.0512675 0.0436076 0.0473903 0.0814714 0.0588947 0.0573328 0.0786099 0.0651264 0.0569674 0.0776114 0.0752945 0.0673530 0.0767929 0.0695456 0.0825902 0.0501441 0.1913489 0.0575933 0.0932046 0.1145973 0.0590204 0.0665875 0.2126672 0.0492013 0.2258932 0.1112666 0.0756264 0.0760223 0.0909766 0.0361711 0.0718371 0.0380294 0.0577136 0.0471562 0.0608193 0.0647544 0.0679149 0.0878213 0.0614566 0.0648679 0.0479888 0.1028277 0.0999786 0.0472528 0.0726069 0.0613044 0.0448968 0.0436845 0.0398949 0.0201560 0.0653788 0.0530992 0.0628079 0.0553807 0.0592677 0.0868668 0.0596183 0.0416774 0.0752756 0.0539077 0.0725639 0.0310485 0.0609172 
S0196sl       0.4565001 0.3964886 0.0000010 0.0531735 0.2041565 0.0977705 0.2489230 0.0686454 0.0000000 0.0929652 0.0556219 0.0972234 0.0779789 0.0575216 0.0993911 0.1122408 0.1478037 0.1249479 0.0910509 0.0708250 0.1188275 0.0597169 0.0688964 0.0814522 0.0819959 0.0848221 0.1094953 0.1110003 0.0784962 0.0474089 0.0790026 0.1044269 0.1272667 0.0906830 0.0899018 0.0904439 0.1030250 0.0583289 0.0884277 0.0853937 0.0703763 0.0925080 0.1145925 0.0664398 0.0903920 0.0563936 0.1347268 0.2099309 0.0873062 0.1258405 0.0666604 0.0740493 0.0857563 0.0415040 0.0954257 0.0471801 0.0444707 0.0788795 0.0568900 0.0939356 0.0816254 0.1019904 0.0560535 0.0839588 0.1006269 0.0740264 0.0721658 0.0618496 0.1384854 0.0571412 0.1632245 0.0698630 0.0978114 0.1080394 0.0729773 0.0774927 0.1966234 0.0470428 0.2399420 0.1178769 0.0741869 0.0777185 0.0976706 0.0788706 0.0809083 0.0854399 0.0868096 0.0527902 0.0796886 0.1146654 0.1058949 0.1266007 0.0849982 0.0642017 0.0815478 0.1299312 0.1245152 0.0918845 0.0843402 0.0709621 0.0577140 0.0955625 0.0820479 0.0688511 0.0709521 0.0875167 0.0860663 0.0807865 0.0739821 0.0910485 0.0894661 0.0442633 0.1033360 0.0592786 0.1114883 0.0730287 0.1010530 
S0278         0.3943357 0.4036822 0.4565784 0.0832086 0.1661512 0.0879598 0.2468081 0.0732782 0.0929652 0.0000000 0.0742459 0.0908759 0.0380085 0.0744169 0.0883697 0.1138724 0.0786477 0.0954192 0.1009513 0.0286990 0.1037065 0.0426413 0.0755427 0.0847720 0.0811929 0.0807529 0.0568855 0.0974518 0.0415663 0.0624968 0.0747995 0.0820293 0.0987488 0.0706186 0.0931265 0.0934058 0.1089175 0.0310967 0.0939768 0.0792545 0.0340018 0.0735288 0.1012224 0.0687968 0.0894087 0.0820005 0.0951137 0.2055996 0.0956282 0.0951760 0.0936995 0.0754670 0.0902306 0.0621529 0.0962722 0.0584635 0.0643110 0.0966900 0.0788804 0.0704149 0.0946379 0.0827949 0.0762244 0.0428140 0.0960855 0.0784268 0.0901831 0.0893598 0.1056906 0.0660736 0.1824195 0.0979011 0.1033081 0.1377685 0.0810102 0.0886695 0.2120262 0.0642484 0.2027811 0.1230526 0.0904393 0.0855407 0.1033054 0.0768882 0.0992482 0.0811697 0.0911631 0.0807379 0.0428363 0.0789935 0.0862431 0.0886675 0.0727612 0.0274010 0.0673083 0.1054191 0.1079080 0.0853542 0.0888955 0.0895950 0.0663557 0.0875869 0.0787209 0.0726827 0.0831908 0.0956148 0.0596314 0.0827358 0.0827877 0.0453128 0.0910137 0.0564393 0.0411605 0.0720821 0.0913876 0.0736828 0.1001376 
S0281         0.3923854 0.3890018 0.4562524 0.0603427 0.2076731 0.0942931 0.2418072 0.0650880 0.0556219 0.0742459 0.0000000 0.0808745 0.0796239 0.0498462 0.0842537 0.1091851 0.1248761 0.1027264 0.0840146 0.0740404 0.1186374 0.0725283 0.0711173 0.0768120 0.0793919 0.0749376 0.1029496 0.0976529 0.0725648 0.0413414 0.0754540 0.1024413 0.1086665 0.0871122 0.0720672 0.0823941 0.0917708 0.0579226 0.0865643 0.0734247 0.0734850 0.0755867 0.0872762 0.0593025 0.0774788 0.0510399 0.1136627 0.2077482 0.0851034 0.1052833 0.0875053 0.0758067 0.0733820 0.0411179 0.0860619 0.0412096 0.0430850 0.0755165 0.0497618 0.0783424 0.0798902 0.0731427 0.0599841 0.0900156 0.0812129 0.0697966 0.0772173 0.0698479 0.0964368 0.0532039 0.1903977 0.0800673 0.0898510 0.1101559 0.0639056 0.0733182 0.2028839 0.0430364 0.2314903 0.1226361 0.0756182 0.0833536 0.0898486 0.0707827 0.0749078 0.0708480 0.0851218 0.0622161 0.0756332 0.0746102 0.0763052 0.1053851 0.0748103 0.0677106 0.0619424 0.1118323 0.1088471 0.0835359 0.0718729 0.0805814 0.0441279 0.0791693 0.0729282 0.0651754 0.0640525 0.0831511 0.0764421 0.0641162 0.0541893 0.0938802 0.0891672 0.0393197 0.0802416 0.0549433 0.0955811 0.0678784 0.0877137 
S0282         0.4028046 0.3832245 0.4924790 0.0693282 0.1736003 0.0486459 0.2318382 0.0469148 0.0972234 0.0908759 0.0808745 0.0000000 0.0863118 0.0562846 0.0285337 0.0808433 0.1266360 0.1109883 0.0903857 0.0808692 0.1235855 0.0733093 0.0657908 0.0644725 0.0180203 0.0212934 0.1166011 0.0886850 0.0813537 0.0606501 0.0684374 0.1305660 0.1146247 0.0897170 0.0828761 0.0700772 0.0981537 0.0684299 0.0587921 0.0163720 0.0870124 0.0738759 0.0896318 0.0412597 0.0224557 0.0779958 0.1183098 0.2089867 0.0585979 0.1087805 0.0837726 0.0257022 0.0969327 0.0565002 0.0301505 0.0604550 0.0586142 0.0934704 0.0811042 0.0748751 0.0860798 0.0849065 0.0684562 0.0882588 0.0939038 0.0784019 0.0862328 0.0816572 0.0638971 0.0661098 0.1971152 0.0754958 0.0967113 0.1283182 0.0731425 0.0808488 0.2051431 0.0624003 0.2376417 0.1159485 0.0872761 0.0861286 0.0967087 0.0488032 0.0839709 0.0180251 0.0652339 0.0684417 0.0761505 0.0848191 0.0886101 0.1088841 0.0792310 0.0805219 0.0592805 0.1193677 0.1205895 0.0317393 0.0823590 0.0671846 0.0542036 0.0214839 0.0214454 0.0395985 0.0771753 0.0489664 0.0706564 0.0668862 0.0708754 0.0987896 0.0627940 0.0584151 0.0935537 0.0680231 0.0971285 0.0114412 0.0663678 
S0289         0.3906585 0.3917899 0.4259899 0.0765237 0.1660159 0.0811683 0.2338051 0.0706029 0.0779789 0.0380085 0.0796239 0.0863118 0.0000000 0.0736901 0.0814149 0.1111558 0.0882672 0.0974253 0.0892395 0.0235321 0.1001157 0.0283685 0.0812659 0.0801551 0.0743996 0.0761145 0.0615802 0.0967671 0.0275568 0.0573180 0.0718688 0.0621469 0.1008538 0.0555954 0.0927871 0.0802178 0.0905665 0.0298560 0.0900928 0.0745807 0.0309913 0.0686529 0.0870407 0.0681538 0.0862755 0.0812686 0.0968284 0.2105871 0.0882490 0.0970059 0.0850780 0.0706174 0.0961703 0.0550765 0.0895822 0.0533072 0.0571980 0.0870866 0.0755534 0.0655931 0.0830553 0.0807707 0.0675138 0.0451606 0.0910793 0.0819812 0.0873883 0.0910863 0.0948702 0.0632011 0.1807458 0.0883915 0.0937973 0.1240106 0.0840819 0.0943896 0.2079155 0.0590786 0.2021836 0.1016791 0.0856972 0.0718162 0.0937947 0.0743859 0.0894176 0.0745466 0.0836864 0.0673912 0.0363572 0.0779817 0.0822023 0.0880753 0.0659404 0.0352306 0.0601103 0.1126216 0.1080827 0.0807223 0.0815608 0.0740527 0.0672510 0.0829634 0.0740688 0.0681872 0.0780400 0.0909731 0.0626361 0.0826969 0.0819991 0.0457988 0.0816119 0.0512978 0.0473720 0.0648338 0.0717276 0.0689424 0.0930377 
S0292         0.4021941 0.3908564 0.5057957 0.0388339 0.1578233 0.0709535 0.2051264 0.0468057 0.0575216 0.0744169 0.0498462 0.0562846 0.0736901 0.0000000 0.0612251 0.0930242 0.1078723 0.0830804 0.0751442 0.0661247 0.0908289 0.0600901 0.0371214 0.0643423 0.0527480 0.0504713 0.0906798 0.0900451 0.0606036 0.0424208 0.0607751 0.0958629 0.0886042 0.0706469 0.0599207 0.0793286 0.0855910 0.0516310 0.0692893 0.0488817 0.0680410 0.0651299 0.0745172 0.0467394 0.0534227 0.0546360 0.0969835 0.1946282 0.0751950 0.0873102 0.0732744 0.0545330 0.0613359 0.0421857 0.0609236 0.0422822 0.0423345 0.0692870 0.0551070 0.0660995 0.0653958 0.0686578 0.0423007 0.0745591 0.0722713 0.0577146 0.0670971 0.0557571 0.0817242 0.0464113 0.1703055 0.0715928 0.0819559 0.1053306 0.0458644 0.0592539 0.1995861 0.0479253 0.2071578 0.0953828 0.0623218 0.0624676 0.0819536 0.0563979 0.0427062 0.0467834 0.0699955 0.0442073 0.0657654 0.0703658 0.0716757 0.0872105 0.0665233 0.0594489 0.0530503 0.0871524 0.0902020 0.0546710 0.0591303 0.0501941 0.0067489 0.0547253 0.0527429 0.0449000 0.0293515 0.0645307 0.0559231 0.0133707 0.0150032 0.0838891 0.0739961 0.0403380 0.0725313 0.0501686 0.0850456 0.0414650 0.0705675 
S0293         0.4221943 0.3961401 0.5010182 0.0744966 0.1759453 0.0467121 0.2456364 0.0515097 0.0993911 0.0883697 0.0842537 0.0285337 0.0814149 0.0612251 0.0000000 0.0862308 0.1287276 0.1082745 0.0983235 0.0760222 0.1254782 0.0767976 0.0708759 0.0657838 0.0131188 0.0268296 0.1095828 0.0898136 0.0806012 0.0656924 0.0717591 0.1304767 0.1141818 0.0890788 0.0842049 0.0691952 0.0999335 0.0672568 0.0618074 0.0252579 0.0844564 0.0750716 0.0867731 0.0455894 0.0268773 0.0792851 0.1199447 0.2107634 0.0652308 0.1106374 0.0827493 0.0297747 0.1006552 0.0613980 0.0286414 0.0615481 0.0635889 0.0972076 0.0801646 0.0760732 0.0848016 0.0803210 0.0715489 0.0808133 0.0996178 0.0776294 0.0896996 0.0891781 0.0677555 0.0691458 0.2043977 0.0747375 0.0976463 0.1346435 0.0740534 0.0843029 0.2019706 0.0674805 0.2167398 0.1232892 0.0908074 0.0895450 0.0976437 0.0496702 0.0872362 0.0217539 0.0637525 0.0654717 0.0735008 0.0820269 0.0838684 0.1107439 0.0784329 0.0817068 0.0602110 0.1158762 0.1201318 0.0303749 0.0766130 0.0762683 0.0530460 0.0235745 0.0287507 0.0421405 0.0804855 0.0573918 0.0782524 0.0700190 0.0760589 0.0939521 0.0637233 0.0594674 0.0886350 0.0710278 0.0881578 0.0167334 0.0694085 
S0294         0.4398824 0.4304316 0.5394697 0.1021994 0.2034951 0.0910385 0.2542936 0.0836890 0.1122408 0.1138724 0.1091851 0.0808433 0.1111558 0.0930242 0.0862308 0.0000000 0.1405886 0.1313803 0.1273054 0.1071452 0.1438562 0.0932114 0.1007870 0.0898619 0.0832780 0.0828328 0.1261990 0.0870894 0.1036645 0.0879040 0.0943402 0.1480125 0.1354686 0.1079136 0.1197313 0.0804212 0.1319498 0.0945511 0.0947739 0.0748319 0.1163576 0.1092212 0.1145136 0.0710651 0.0837561 0.0963027 0.1349666 0.2240759 0.0740019 0.1294122 0.0919713 0.0864558 0.1253589 0.0874084 0.0922017 0.0876183 0.0856622 0.1263472 0.0973414 0.1096568 0.1041092 0.1171538 0.1010981 0.1129875 0.1154070 0.1190807 0.1212834 0.1202575 0.0439540 0.0951374 0.2205639 0.0976348 0.1148146 0.1355421 0.0932781 0.1015078 0.2264766 0.0919037 0.2488853 0.1394140 0.1217413 0.1247189 0.1148116 0.0808755 0.1037574 0.0772302 0.0929107 0.0927398 0.0996598 0.1097292 0.1225423 0.1295279 0.1075334 0.0986455 0.0830532 0.1402740 0.1299644 0.0896499 0.0959041 0.1013367 0.0841056 0.0796717 0.0724164 0.0754663 0.0947094 0.0769112 0.0991460 0.1040948 0.1064421 0.1144181 0.0948627 0.0853600 0.1116667 0.0901117 0.1274083 0.0695363 0.0940476 
S0299         0.4713553 0.4936023 0.5225873 0.1187503 0.2392207 0.1308557 0.2869019 0.1104309 0.1478037 0.0786477 0.1248761 0.1266360 0.0882672 0.1078723 0.1287276 0.1405886 0.0000000 0.1567365 0.1582211 0.0700996 0.1757871 0.0747569 0.1204327 0.1192547 0.1205957 0.1245116 0.1035233 0.1450958 0.0742425 0.1068935 0.1173663 0.1310018 0.1529544 0.1092356 0.1236540 0.1338668 0.1646200 0.0700532 0.1459086 0.1230445 0.0785146 0.1108636 0.1419718 0.1131555 0.1134989 0.1131373 0.1545937 0.2808739 0.1289456 0.1488477 0.1374939 0.1199427 0.1316523 0.1062771 0.1426896 0.1021706 0.1044837 0.1366092 0.1125901 0.1091660 0.1432760 0.1299155 0.1159115 0.0838483 0.1436719 0.1185061 0.1300702 0.1256025 0.1442773 0.0990785 0.2580857 0.1211836 0.1522979 0.1890167 0.1151291 0.1259798 0.2751381 0.1087842 0.2736921 0.1463803 0.1304343 0.1284810 0.1522939 0.1220432 0.1372096 0.1229623 0.1341662 0.1099954 0.0802438 0.1189305 0.1361168 0.1443369 0.1119967 0.0636066 0.1178172 0.1751049 0.1734272 0.1183981 0.1344301 0.1183479 0.1081188 0.1301352 0.1176146 0.1157886 0.1218400 0.1395936 0.1052244 0.1261617 0.1190873 0.0833594 0.1342287 0.0997699 0.0844746 0.1062861 0.1358641 0.1094401 0.1287810 
S0303         0.4374733 0.4290005 0.5224864 0.0989297 0.1932958 0.1002960 0.2533505 0.0902104 0.1249479 0.0954192 0.1027264 0.1109883 0.0974253 0.0830804 0.1082745 0.1313803 0.1567365 0.0000000 0.0618249 0.1002403 0.0058733 0.1021595 0.0991444 0.1072068 0.1031860 0.1048655 0.1291244 0.1332782 0.1058761 0.0857034 0.0984824 0.1445393 0.0081846 0.1130477 0.1103662 0.1149770 0.0807471 0.0804675 0.1058454 0.1034018 0.1070891 0.1070055 0.1200634 0.0895038 0.1141764 0.0979131 0.0144904 0.2250623 0.1076664 0.0099176 0.1252849 0.1023423 0.1208994 0.0852215 0.1192541 0.0813286 0.0876005 0.1194340 0.0988920 0.1096335 0.0527582 0.1049931 0.0978796 0.1025627 0.0372189 0.1060916 0.1168555 0.1130332 0.1193964 0.0773019 0.1891455 0.1307401 0.0661841 0.0946898 0.0921880 0.1090837 0.2174497 0.0875203 0.2504866 0.1573554 0.1129721 0.0953338 0.0661822 0.0967594 0.1087867 0.1031425 0.1092510 0.0956472 0.1088812 0.1124170 0.1074708 0.0116090 0.1082620 0.0936100 0.0494294 0.0090408 0.0068753 0.1055221 0.0543461 0.0983882 0.0810119 0.1079065 0.1049381 0.0942684 0.0968566 0.1036790 0.0964704 0.0866994 0.0956733 0.1145814 0.1158732 0.0791184 0.1139240 0.0788831 0.1303466 0.0908233 0.1192524 
S0308         0.4030105 0.4364779 0.5025843 0.0867705 0.1838756 0.1082840 0.2268824 0.0781789 0.0910509 0.1009513 0.0840146 0.0903857 0.0892395 0.0751442 0.0983235 0.1273054 0.1582211 0.0618249 0.0000000 0.0967983 0.0577208 0.0914386 0.0912714 0.0972729 0.0869094 0.0842572 0.1349545 0.1246247 0.1024015 0.0697091 0.0951220 0.1361587 0.0607592 0.1105939 0.0916209 0.1022039 0.0628935 0.0795415 0.0957721 0.0827429 0.1101863 0.0943874 0.1081833 0.0778556 0.0954237 0.0874966 0.0655051 0.2118857 0.1060937 0.0552722 0.0881957 0.0809955 0.1039556 0.0674129 0.0981167 0.0694813 0.0696553 0.0977009 0.0860238 0.0950063 0.0473471 0.0929879 0.0836926 0.1087658 0.0505104 0.0937303 0.0970230 0.0920198 0.1072004 0.0794789 0.1782234 0.1034105 0.0552174 0.0756294 0.0861226 0.0933792 0.1997535 0.0755278 0.2291265 0.1521118 0.0898079 0.0981591 0.0552157 0.0866279 0.1025294 0.0827138 0.0961300 0.0750137 0.1098126 0.1018608 0.0971542 0.0594998 0.0954173 0.0924406 0.0362169 0.0612134 0.0647282 0.0932016 0.0468265 0.0843137 0.0690490 0.0914678 0.0843145 0.0741362 0.0929779 0.0975498 0.0881908 0.0753164 0.0835853 0.1200778 0.0960513 0.0673449 0.1125796 0.0787423 0.1172598 0.0707479 0.1063919 
S0320         0.3830106 0.3920432 0.3947311 0.0729592 0.1663725 0.0717340 0.2328560 0.0671758 0.0708250 0.0286990 0.0740404 0.0808692 0.0235321 0.0661247 0.0760222 0.1071452 0.0700996 0.1002403 0.0967983 0.0000000 0.1039926 0.0334448 0.0737584 0.0726191 0.0692366 0.0709280 0.0568461 0.0952133 0.0323206 0.0543004 0.0710908 0.0743805 0.1036750 0.0566289 0.0893327 0.0790438 0.0935524 0.0240951 0.0907529 0.0694053 0.0251517 0.0634576 0.0878147 0.0632247 0.0777375 0.0776840 0.0980212 0.2101550 0.0870558 0.1000789 0.0774584 0.0633802 0.0905869 0.0540049 0.0860552 0.0503987 0.0560796 0.0859299 0.0720878 0.0605542 0.0903584 0.0776145 0.0642178 0.0309326 0.0892157 0.0787314 0.0863593 0.0828875 0.1063822 0.0618820 0.1815449 0.0846661 0.0969035 0.1267917 0.0746539 0.0845177 0.1989865 0.0560239 0.2030429 0.1100780 0.0866789 0.0767867 0.0969009 0.0693163 0.0833363 0.0693757 0.0805485 0.0661903 0.0303518 0.0725000 0.0810046 0.0931300 0.0627988 0.0257460 0.0614594 0.1117054 0.1110242 0.0753897 0.0869031 0.0747869 0.0602737 0.0775647 0.0689345 0.0649964 0.0703838 0.0856394 0.0540621 0.0789708 0.0765730 0.0342471 0.0764692 0.0484451 0.0392393 0.0656616 0.0809578 0.0638790 0.0874803 
S0322         0.4321138 0.4118991 0.0000010 0.0995492 0.1637251 0.0968483 0.2402447 0.1026162 0.1188275 0.1037065 0.1186374 0.1235855 0.1001157 0.0908289 0.1254782 0.1438562 0.1757871 0.0058733 0.0577208 0.1039926 0.0000000 0.1040103 0.1139881 0.1127714 0.1109905 0.1181884 0.1426156 0.1426612 0.1169284 0.0941431 0.1025516 0.1614022 0.0100014 0.1199209 0.1276586 0.1251086 0.0952863 0.0847560 0.1163377 0.1164332 0.1156246 0.1124932 0.1237555 0.0990037 0.1392374 0.1185814 0.0043851 0.2059741 0.1166427 0.0079382 0.1152170 0.1101058 0.1240196 0.0884248 0.1306999 0.0886865 0.0938926 0.1307413 0.1224586 0.1161162 0.0562986 0.1189555 0.1072628 0.1038268 0.0439810 0.1141232 0.1214292 0.1142626 0.1615153 0.0896715 0.1686516 0.1364285 0.0684681 0.0873691 0.1004785 0.1126058 0.1936790 0.0963787 0.2434403 0.1315577 0.1177143 0.0951050 0.0708940 0.1084602 0.1231613 0.1163772 0.1209619 0.1041188 0.1178636 0.1222644 0.1167642 0.0100118 0.1115488 0.1014780 0.0615495 0.0087840 0.0041653 0.1139125 0.0602938 0.1024054 0.0910629 0.1223926 0.1163556 0.1104483 0.1079191 0.1139466 0.1014356 0.0978198 0.1064822 0.1243149 0.1320639 0.0859305 0.1267565 0.0866647 0.1365739 0.1004588 0.1397415 
S0327         0.4120337 0.3805490 0.4306231 0.0655201 0.1489443 0.0663616 0.2359291 0.0510652 0.0597169 0.0426413 0.0725283 0.0733093 0.0283685 0.0600901 0.0767976 0.0932114 0.0747569 0.1021595 0.0914386 0.0334448 0.1040103 0.0000000 0.0699458 0.0672287 0.0697044 0.0652517 0.0632168 0.0818950 0.0298902 0.0547776 0.0612749 0.0658383 0.1057582 0.0468425 0.0816541 0.0780207 0.1045450 0.0267481 0.0807944 0.0636684 0.0333770 0.0614367 0.0824220 0.0573162 0.0774192 0.0700921 0.1027500 0.1831422 0.0799531 0.1020270 0.0600974 0.0657727 0.0850948 0.0544672 0.0806124 0.0526386 0.0566315 0.0830822 0.0666872 0.0628735 0.0786855 0.0652312 0.0587542 0.0509529 0.0886716 0.0750580 0.0822780 0.0754788 0.1011904 0.0575714 0.1602169 0.0793663 0.0984589 0.1204595 0.0688588 0.0744824 0.1711714 0.0605157 0.1832052 0.0906343 0.0707256 0.0698298 0.0984562 0.0673940 0.0787279 0.0615546 0.0708423 0.0508380 0.0369245 0.0670992 0.0681126 0.0951313 0.0652220 0.0303185 0.0660508 0.1127820 0.1131959 0.0738958 0.0721116 0.0635688 0.0603559 0.0657944 0.0632215 0.0554077 0.0734609 0.0781893 0.0498425 0.0735376 0.0711141 0.0490245 0.0709463 0.0525325 0.0465756 0.0597106 0.0731441 0.0599108 0.0801723 
S0335         0.4070537 0.3909534 0.5641593 0.0367027 0.1046200 0.0868823 0.2369827 0.0581342 0.0688964 0.0755427 0.0711173 0.0657908 0.0812659 0.0371214 0.0708759 0.1007870 0.1204327 0.0991444 0.0912714 0.0737584 0.1139881 0.0699458 0.0000000 0.0740030 0.0622530 0.0619219 0.0985257 0.0909878 0.0742144 0.0592077 0.0702725 0.1133593 0.1050366 0.0802811 0.0671394 0.0829259 0.0997996 0.0550756 0.0767284 0.0603635 0.0736831 0.0792404 0.0936237 0.0537396 0.0666805 0.0660783 0.1149710 0.2098117 0.0785872 0.1035020 0.0828822 0.0620852 0.0786026 0.0588793 0.0727144 0.0590157 0.0610300 0.0767920 0.0667883 0.0800388 0.0725540 0.0785110 0.0473558 0.0854344 0.0883827 0.0630001 0.0741527 0.0612677 0.0963434 0.0576739 0.1734701 0.0884098 0.0844692 0.1177916 0.0551974 0.0666900 0.2114440 0.0625617 0.2188904 0.1157252 0.0691914 0.0632099 0.0844669 0.0654973 0.0636663 0.0583067 0.0790364 0.0570928 0.0734584 0.0823682 0.0793973 0.0991684 0.0805529 0.0605045 0.0647680 0.1079670 0.1045516 0.0743574 0.0682579 0.0460364 0.0390649 0.0644782 0.0621822 0.0582843 0.0513021 0.0744249 0.0673288 0.0514685 0.0474111 0.0846455 0.0789715 0.0569695 0.0716055 0.0618406 0.0995435 0.0509294 0.0799185 
S0376         0.3937351 0.3583013 0.4647048 0.0670940 0.1842469 0.0597593 0.2380158 0.0551794 0.0814522 0.0847720 0.0768120 0.0644725 0.0801551 0.0643423 0.0657838 0.0898619 0.1192547 0.1072068 0.0972729 0.0726191 0.1127714 0.0672287 0.0740030 0.0000000 0.0533913 0.0569154 0.1029567 0.0794613 0.0772352 0.0644852 0.0268970 0.1188403 0.1107849 0.0813946 0.0960097 0.0751921 0.0982260 0.0625277 0.0715744 0.0533964 0.0745102 0.0655728 0.0908331 0.0530953 0.0612864 0.0799996 0.1102062 0.2140928 0.0671041 0.1020259 0.0687447 0.0574478 0.1038173 0.0602793 0.0673563 0.0604236 0.0624242 0.0981917 0.0789548 0.0666248 0.0908734 0.0819035 0.0725263 0.0810546 0.0958350 0.0873901 0.0933716 0.0878120 0.0840719 0.0724899 0.1851487 0.0866616 0.1058052 0.1146068 0.0756076 0.0895308 0.2079479 0.0642244 0.2037050 0.1297221 0.0936188 0.0810310 0.1058024 0.0649228 0.0902639 0.0533860 0.0716003 0.0646491 0.0782154 0.0856147 0.0853529 0.1021271 0.0649975 0.0743966 0.0575240 0.1171462 0.1070713 0.0611342 0.0847526 0.0751357 0.0608346 0.0574437 0.0572195 0.0494983 0.0813711 0.0710752 0.0660370 0.0729085 0.0769596 0.0947090 0.0756010 0.0583842 0.0783167 0.0763722 0.0921869 0.0518871 0.0774981 
S0400         0.4105130 0.3832082 0.4902723 0.0638356 0.1713955 0.0465852 0.2277655 0.0398421 0.0819959 0.0811929 0.0793919 0.0180203 0.0743996 0.0527480 0.0131188 0.0832780 0.1205957 0.1031860 0.0869094 0.0692366 0.1109905 0.0697044 0.0622530 0.0533913 0.0000000 0.0163661 0.1038144 0.0831120 0.0757826 0.0571275 0.0572721 0.1164170 0.1066999 0.0799653 0.0773300 0.0646588 0.0903146 0.0588720 0.0572523 0.0147907 0.0731796 0.0643143 0.0779496 0.0397009 0.0187749 0.0764775 0.1144370 0.2103985 0.0549890 0.1008638 0.0720701 0.0152961 0.0913176 0.0530079 0.0180882 0.0531345 0.0551044 0.0855247 0.0774796 0.0654143 0.0824294 0.0751472 0.0590302 0.0800841 0.0904452 0.0689413 0.0826753 0.0801582 0.0731217 0.0624564 0.1938511 0.0700063 0.0930341 0.1199000 0.0634396 0.0710932 0.2015516 0.0588808 0.2270141 0.1142984 0.0816847 0.0804930 0.0930316 0.0435511 0.0805012 0.0130987 0.0613737 0.0609967 0.0667422 0.0752214 0.0785682 0.0987642 0.0696652 0.0707891 0.0517848 0.1103534 0.1097276 0.0197634 0.0786196 0.0656598 0.0468330 0.0199078 0.0181549 0.0326100 0.0695582 0.0511692 0.0691845 0.0614408 0.0654010 0.0888406 0.0612607 0.0511338 0.0857580 0.0643157 0.0832407 0.0065315 0.0648497 
S0405         0.4157573 0.3953674 0.4942598 0.0634977 0.1798438 0.0414005 0.2294187 0.0378328 0.0848221 0.0807529 0.0749376 0.0212934 0.0761145 0.0504713 0.0268296 0.0828328 0.1245116 0.1048655 0.0842572 0.0709280 0.1181884 0.0652517 0.0619219 0.0569154 0.0163661 0.0000000 0.1101457 0.0786144 0.0753704 0.0549880 0.0608126 0.1129735 0.1083961 0.0795285 0.0748207 0.0604588 0.0896266 0.0625167 0.0531386 0.0113951 0.0769409 0.0660193 0.0815982 0.0358950 0.0186715 0.0720051 0.1163011 0.2141408 0.0586199 0.1025748 0.0747910 0.0151891 0.0845704 0.0509157 0.0249843 0.0548106 0.0529868 0.0850535 0.0750030 0.0650633 0.0799463 0.0748918 0.0626966 0.0817262 0.0879551 0.0704606 0.0781141 0.0775968 0.0639543 0.0621070 0.1979613 0.0675678 0.0925271 0.1237892 0.0651152 0.0727496 0.2005690 0.0605577 0.2301855 0.1158881 0.0771920 0.0841772 0.0925246 0.0433251 0.0759820 0.0130357 0.0594550 0.0626839 0.0663862 0.0748153 0.0781265 0.1026743 0.0692886 0.0704013 0.0495527 0.1144551 0.1115284 0.0231470 0.0740093 0.0653124 0.0465330 0.0198108 0.0147130 0.0306704 0.0672915 0.0434732 0.0646290 0.0591072 0.0630220 0.0883501 0.0570811 0.0528064 0.0894280 0.0639563 0.0868757 0.0081463 0.0606357 
S0407sl       0.4475399 0.4754808 0.4968663 0.0997985 0.2334524 0.1222311 0.2834691 0.0979422 0.1094953 0.0568855 0.1029496 0.1166011 0.0615802 0.0906798 0.1095828 0.1261990 0.1035233 0.1291244 0.1349545 0.0568461 0.1426156 0.0632168 0.0985257 0.1029567 0.1038144 0.1101457 0.0000000 0.1229426 0.0611895 0.0876204 0.0944915 0.0881254 0.1330018 0.0880463 0.1104483 0.1167764 0.1320454 0.0486329 0.1210244 0.1058831 0.0511572 0.0980561 0.1272783 0.0925173 0.1139115 0.1097398 0.1292552 0.2731445 0.1139456 0.1293246 0.1107193 0.1055750 0.1072561 0.0916913 0.1181440 0.0877473 0.0941293 0.1211079 0.1064149 0.0901686 0.1235163 0.1081946 0.0920684 0.0795137 0.1270179 0.0948618 0.1094167 0.1063067 0.1206976 0.0981060 0.2458292 0.1197521 0.1400307 0.1644740 0.0981217 0.1130249 0.2838825 0.0940447 0.2555878 0.1387496 0.1052134 0.1079960 0.1400271 0.1039471 0.1163672 0.1042360 0.1145542 0.0971191 0.0664699 0.1032562 0.1158470 0.1241286 0.0927541 0.0541727 0.0902476 0.1398429 0.1402082 0.1152867 0.1158052 0.1086595 0.0887140 0.1132755 0.1079479 0.1002540 0.0993187 0.1196021 0.0920032 0.1088403 0.1061082 0.0732608 0.1119611 0.0854873 0.0325416 0.0995556 0.1164775 0.0984897 0.1216240 
S0412sl       0.3939908 0.3855832 0.5061317 0.0994265 0.1995281 0.0960410 0.2613832 0.0732697 0.1110003 0.0974518 0.0976529 0.0886850 0.0967671 0.0900451 0.0898136 0.0870894 0.1450958 0.1332782 0.1246247 0.0952133 0.1426612 0.0818950 0.0909878 0.0794613 0.0831120 0.0786144 0.1229426 0.0000000 0.0916908 0.0851644 0.0816556 0.1173784 0.1274351 0.0890952 0.1092885 0.0781673 0.1285790 0.0914306 0.0877595 0.0771131 0.0993249 0.0992642 0.1075663 0.0647870 0.0838609 0.0933933 0.1319391 0.2187006 0.0620134 0.1290300 0.1049184 0.0841336 0.1125215 0.0846877 0.0811878 0.0848892 0.0870515 0.0997942 0.0922577 0.0998164 0.1108939 0.1004765 0.0893447 0.0998044 0.1196575 0.1043809 0.1085812 0.1033353 0.0922040 0.0833819 0.2022531 0.1037926 0.1247280 0.1457851 0.0862576 0.1005198 0.2132723 0.0911027 0.2310242 0.1380359 0.1071100 0.1238414 0.1247247 0.0849905 0.1178473 0.0770780 0.0947477 0.0899237 0.0926170 0.1023922 0.1024836 0.1267931 0.1024835 0.0824130 0.0783988 0.1370681 0.1376258 0.0831797 0.1030733 0.1018263 0.0834544 0.0834288 0.0765940 0.0753106 0.1057974 0.0851950 0.0874011 0.0968200 0.0989257 0.1046159 0.0968108 0.0826647 0.1011224 0.0897194 0.1040259 0.0735858 0.0916645 
S0417         0.4093136 0.3935241 0.4565784 0.0655071 0.1637391 0.0828587 0.2377444 0.0656646 0.0784962 0.0415663 0.0725648 0.0813537 0.0275568 0.0606036 0.0806012 0.1036645 0.0742425 0.1058761 0.1024015 0.0323206 0.1169284 0.0298902 0.0742144 0.0772352 0.0757826 0.0753704 0.0611895 0.0916908 0.0000000 0.0531516 0.0737737 0.0698625 0.1066055 0.0493698 0.0900612 0.0796838 0.1081706 0.0278325 0.0915034 0.0738499 0.0360073 0.0619340 0.0802327 0.0637479 0.0851954 0.0696968 0.1037668 0.2172685 0.0836331 0.1029848 0.0787991 0.0741586 0.0913201 0.0528591 0.0907677 0.0492176 0.0511647 0.0887206 0.0665277 0.0590444 0.0915328 0.0740085 0.0570034 0.0491499 0.0923641 0.0793737 0.0828917 0.0815579 0.0870975 0.0562975 0.2055495 0.0806134 0.1045744 0.1328671 0.0773664 0.0873423 0.2265508 0.0548936 0.2159606 0.1003336 0.0832615 0.0732026 0.1045716 0.0739216 0.0863975 0.0738170 0.0788458 0.0651435 0.0376628 0.0710062 0.0772455 0.0962795 0.0612873 0.0313644 0.0664009 0.1233102 0.1198868 0.0799229 0.0878690 0.0716333 0.0606132 0.0821373 0.0733479 0.0677526 0.0733801 0.0884483 0.0601113 0.0754770 0.0730985 0.0420116 0.0789138 0.0472486 0.0449832 0.0601026 0.0755966 0.0662545 0.0834565 
S0419         0.3755697 0.3803918 0.4541851 0.0510531 0.1769704 0.0719553 0.2058153 0.0456127 0.0474089 0.0624968 0.0413414 0.0606501 0.0573180 0.0424208 0.0656924 0.0879040 0.1068935 0.0857034 0.0697091 0.0543004 0.0941431 0.0547776 0.0592077 0.0644852 0.0571275 0.0549880 0.0876204 0.0851644 0.0531516 0.0000000 0.0629558 0.0971714 0.0888740 0.0728455 0.0684754 0.0630005 0.0854537 0.0445939 0.0716199 0.0534428 0.0602572 0.0575750 0.0753897 0.0438021 0.0611949 0.0437815 0.0968364 0.2153789 0.0729668 0.0852936 0.0503416 0.0530817 0.0757977 0.0064310 0.0693086 0.0064445 0.0080858 0.0713535 0.0404247 0.0605999 0.0676216 0.0670958 0.0467084 0.0699366 0.0650729 0.0623558 0.0674755 0.0625309 0.0817707 0.0417771 0.1912657 0.0659588 0.0778732 0.0980677 0.0562620 0.0636313 0.2180744 0.0113589 0.2294839 0.1076179 0.0645055 0.0644785 0.0778710 0.0552193 0.0671906 0.0552745 0.0682085 0.0412536 0.0639206 0.0667005 0.0699748 0.0808779 0.0628460 0.0560551 0.0477619 0.0900155 0.0928407 0.0607534 0.0635710 0.0606971 0.0406370 0.0632467 0.0572601 0.0436566 0.0525087 0.0670895 0.0662459 0.0548732 0.0545469 0.0773627 0.0742221 0.0048129 0.0702054 0.0435179 0.0810124 0.0480554 0.0709479 
S0427         0.3862878 0.3397435 0.4647048 0.0674610 0.1905762 0.0652731 0.2200687 0.0498093 0.0790026 0.0747995 0.0754540 0.0684374 0.0718688 0.0607751 0.0717591 0.0943402 0.1173663 0.0984824 0.0951220 0.0710908 0.1025516 0.0612749 0.0702725 0.0268970 0.0572721 0.0608126 0.0944915 0.0816556 0.0737737 0.0629558 0.0000000 0.1070568 0.1018956 0.0777535 0.0856678 0.0835582 0.0958405 0.0625874 0.0756751 0.0572769 0.0749007 0.0699212 0.0893334 0.0474330 0.0657906 0.0785685 0.1009800 0.2098542 0.0692179 0.0939422 0.0634056 0.0574980 0.0996531 0.0587490 0.0713983 0.0588903 0.0608934 0.0911142 0.0733367 0.0709359 0.0886715 0.0756046 0.0710160 0.0813040 0.0963812 0.0752220 0.0912421 0.0883199 0.0868989 0.0686437 0.1754830 0.0809697 0.1058876 0.1219972 0.0738798 0.0858055 0.2027484 0.0626996 0.2090369 0.1278592 0.0867649 0.0730328 0.1058848 0.0533856 0.0887692 0.0572648 0.0700544 0.0592337 0.0767040 0.0860899 0.0787624 0.0961689 0.0693043 0.0644385 0.0576967 0.1071663 0.0999702 0.0650952 0.0785570 0.0755660 0.0590400 0.0632555 0.0631524 0.0574815 0.0798678 0.0711415 0.0685618 0.0754050 0.0754523 0.0905645 0.0700283 0.0568498 0.0768051 0.0703254 0.0859041 0.0538428 0.0816499 
S0428sl       0.5639868 0.5039840 0.4707000 0.1103880 0.3138360 0.1228810 0.3002650 0.0958034 0.1044269 0.0820293 0.1024413 0.1305660 0.0621469 0.0958629 0.1304767 0.1480125 0.1310018 0.1445393 0.1361587 0.0743805 0.1614022 0.0658383 0.1133593 0.1188403 0.1164170 0.1129735 0.0881254 0.1173784 0.0698625 0.0971714 0.1070568 0.0000000 0.1467377 0.0835799 0.1212450 0.1251334 0.1180854 0.0636261 0.1201659 0.1139478 0.0714133 0.1025832 0.1341268 0.0959256 0.1042835 0.1094662 0.1514254 0.2475378 0.1145839 0.1440676 0.1230964 0.1155249 0.1230583 0.0909327 0.1328135 0.0884562 0.0968941 0.1173466 0.1083485 0.1007760 0.1138614 0.1096100 0.0911770 0.0966086 0.1379486 0.1034780 0.1075721 0.1124744 0.1327592 0.0845686 0.1970754 0.1267893 0.1327226 0.1591652 0.1114988 0.1249216 0.2345508 0.0965042 0.2498678 0.1348611 0.1269490 0.1169524 0.1327180 0.1013043 0.1162288 0.1166685 0.1213784 0.0975295 0.0738428 0.1121021 0.1131774 0.1405726 0.0953504 0.0684865 0.0858736 0.1607138 0.1557959 0.1197939 0.1144053 0.1125661 0.0965127 0.1231128 0.1126015 0.0932345 0.1035695 0.1152609 0.0961203 0.1098195 0.1032923 0.0946059 0.1088268 0.0882177 0.0825968 0.0907073 0.1179575 0.1056214 0.1286296 
S0430         0.4578179 0.4376126 0.5688905 0.1047959 0.1922778 0.1051135 0.2514429 0.0934765 0.1272667 0.0987488 0.1086665 0.1146247 0.1008538 0.0886042 0.1141818 0.1354686 0.1529544 0.0081846 0.0607592 0.1036750 0.0100014 0.1057582 0.1050366 0.1107849 0.1066999 0.1083961 0.1330018 0.1274351 0.1066055 0.0888740 0.1018956 0.1467377 0.0000000 0.1167770 0.1120440 0.1187335 0.0840604 0.0809557 0.1092802 0.1069232 0.1106648 0.1106369 0.1242177 0.0927365 0.1155397 0.0989334 0.0108394 0.2260284 0.1112672 0.0049578 0.1197479 0.1059517 0.1227496 0.0883682 0.1230883 0.0844116 0.0908000 0.1183107 0.1023919 0.1132656 0.0535066 0.1083886 0.1036706 0.1064383 0.0413497 0.1076985 0.1163881 0.1074075 0.1308981 0.0823656 0.1845009 0.1294781 0.0671376 0.0982665 0.0936073 0.1107802 0.2126922 0.0885971 0.2472116 0.1629583 0.1147001 0.0987199 0.0671357 0.1001515 0.1145772 0.1066518 0.1129246 0.0992048 0.1124786 0.1161159 0.1110476 0.0049316 0.1117457 0.0969128 0.0539365 0.0110385 0.0087370 0.1090824 0.0551412 0.1020238 0.0864841 0.1115166 0.1084718 0.0976056 0.1026696 0.1072154 0.0999220 0.0921662 0.1014028 0.1180150 0.1196728 0.0821553 0.1174864 0.0839490 0.1343860 0.0941222 0.1200900 
