91
CRNC          0.0000000 0.1971424 0.1971424 0.3340089 0.3315435 0.4127231 0.0000010 0.3122603 0.0000010 0.3215364 0.3122603 0.4021818 0.4021818 0.3122603 0.2530855 0.3367640 0.4909064 0.3215364 0.3340089 0.3122603 0.3122603 0.3122603 0.3238486 0.4021818 0.2623132 0.3301917 0.3122603 0.4093468 0.2530855 0.3122603 0.3122603 0.4021818 0.4021818 0.7391462 0.3122603 0.2530855 0.2821339 0.3215364 0.3122603 0.2419178 0.3865520 0.3122603 0.2530855 0.3122603 0.2530855 0.2530855 0.4021818 0.3122603 0.0000010 0.3122603 0.0000010 0.4146433 0.3716516 0.2530855 0.0000010 0.3215364 0.2530855 0.3215364 0.3367640 0.4149972 0.2530855 0.5130210 0.3287284 0.3122603 0.3217027 0.5332684 0.5332684 0.4224438 0.4021818 0.3894524 0.4224438 0.3122603 0.4617446 0.2701801 0.4021818 0.3122603 0.3122603 0.2530855 0.4021818 0.2530855 0.4021818 0.3588679 0.3340089 0.2641136 0.2530855 0.2530855 0.5332684 0.3122603 0.2530855 0.0000010 0.3122603 
HYZL          0.1971424 0.0000000 0.0924355 0.6676842 0.6236822 0.6491832 0.5309835 0.5450578 0.5114291 0.4772462 0.6069487 0.6135345 0.6421532 0.5798173 0.5428037 0.6277627 0.6200992 0.6075533 0.6313845 0.6120431 0.5846418 0.5942303 0.5545594 0.5894483 0.6360785 0.5541030 0.5700166 0.7042575 0.6125575 0.5797230 0.5886645 0.6384108 0.5712930 0.6141912 0.5886463 0.5429016 0.5755760 0.4392703 0.5666391 0.6186256 0.6459531 0.4857967 0.5403337 0.6307203 0.5967459 0.5657875 0.5500920 0.5828659 0.6851015 0.5836922 0.0000010 0.5956051 0.5452058 0.6064638 0.6943633 0.5081391 0.5233370 0.4674976 0.5423755 0.6555305 0.5751580 0.6597331 0.5771642 0.5654956 0.5786602 0.5203824 0.5196554 0.6585530 0.5745345 0.5862578 0.7072889 0.6017403 0.7549143 0.6461942 0.6552860 0.5656031 0.5802655 0.5560553 0.7109191 0.5685306 0.6402081 0.6538066 0.5709257 0.5122622 0.5380659 0.6318099 0.5350921 0.5993492 0.5872035 0.0000010 0.5087470 
MYZV          0.1971424 0.0924355 0.0000000 0.6336317 0.5342343 0.5813227 0.5513061 0.4926384 0.6034396 0.4015691 0.5393265 0.5065839 0.5945931 0.5116208 0.5057189 0.5687828 0.5349423 0.4847600 0.5594377 0.5452283 0.5174990 0.5006228 0.4876971 0.5314466 0.5390650 0.5300627 0.4942538 0.6121494 0.5214209 0.5240785 0.5140426 0.5795269 0.5164332 0.5385574 0.5223710 0.4393357 0.4726092 0.4680997 0.5047665 0.5167823 0.5790535 0.4574938 0.5014325 0.5628092 0.5680975 0.4598736 0.4954936 0.5213177 0.6261520 0.5024335 0.0000010 0.5889422 0.5252323 0.4773739 0.6972919 0.4723527 0.4847298 0.4466890 0.4791574 0.6200071 0.5268572 0.5640057 0.5047333 0.5253592 0.5570148 0.4752823 0.4745970 0.5289167 0.5406201 0.5324217 0.5707803 0.5345578 0.6126184 0.5860892 0.5879144 0.4970987 0.5134520 0.4612007 0.6134130 0.5140848 0.5945594 0.6042944 0.5289814 0.5025838 0.4833008 0.4992119 0.4902065 0.5512990 0.4676414 0.0000010 0.4867203 
SRR6441723    0.3340089 0.6676842 0.6336317 0.0000000 0.0750036 0.1269165 0.4395519 0.1165920 0.1056024 0.2053568 0.1114507 0.1590810 0.0703931 0.1042104 0.1014404 0.1611176 0.1775677 0.2061789 0.0921552 0.1092438 0.1267866 0.2168288 0.1255149 0.1410640 0.1599348 0.1366508 0.1239702 0.1950578 0.1424143 0.1163197 0.1087524 0.1601371 0.1417489 0.2417983 0.1262199 0.1554680 0.2016573 0.2099196 0.1249235 0.1987605 0.1170245 0.1234473 0.1337045 0.1117189 0.1425624 0.1657501 0.1328785 0.0908959 0.1271950 0.1460803 0.0000010 0.1356575 0.0993469 0.1883063 0.1802011 0.1988908 0.1085662 0.2135582 0.1238450 0.0434368 0.1244028 0.1171841 0.1037906 0.1167918 0.1759184 0.1936916 0.1934610 0.2364104 0.1246073 0.1688074 0.2399498 0.1258729 0.2275441 0.0556856 0.0694618 0.1029817 0.1174784 0.1149598 0.0993412 0.1171591 0.0906105 0.0645555 0.2005817 0.0948401 0.1160811 0.1698836 0.2256859 0.1099638 0.1595134 0.0000010 0.0926920 
ERR4210213    0.3315435 0.6236822 0.5342343 0.0750036 0.0000000 0.1736239 0.3776324 0.1623336 0.1481985 0.2775932 0.1567890 0.2228466 0.0979749 0.1566433 0.1522751 0.2260681 0.2456241 0.1865633 0.0372475 0.1625275 0.1842712 0.2170806 0.1622204 0.2007494 0.1961921 0.1375967 0.1797868 0.2340496 0.2028604 0.1328853 0.1617226 0.2246603 0.1907851 0.3172414 0.1736956 0.1979725 0.1849120 0.2348262 0.1702109 0.1807050 0.1717475 0.1137093 0.1837663 0.1641409 0.1813284 0.2102253 0.1907851 0.1470293 0.1184956 0.1560344 0.0000010 0.1747626 0.1627706 0.2252341 0.1371818 0.2225232 0.1613980 0.2458428 0.1239586 0.0923671 0.1701331 0.1557127 0.1658650 0.1802280 0.2429977 0.2567031 0.2563872 0.2168108 0.1890548 0.2350461 0.2114889 0.1827825 0.2689976 0.0589665 0.0965690 0.1557495 0.1623184 0.1423321 0.1216332 0.1720484 0.1204122 0.0835346 0.2752604 0.1489317 0.1702505 0.2181228 0.2961569 0.1637527 0.2033753 0.0000010 0.1421573 
ERR2789774    0.4127231 0.6491832 0.5813227 0.1269165 0.1736239 0.0000000 0.3343423 0.0550143 0.0733517 0.1733040 0.0176800 0.1392132 0.0869528 0.0058803 0.0637235 0.1494554 0.1582441 0.1602684 0.1910607 0.0115343 0.0237191 0.1857370 0.0750305 0.1222758 0.1776578 0.1435802 0.1062519 0.1499385 0.1490237 0.0555794 0.0175418 0.1400777 0.0912797 0.1747745 0.0236259 0.1265073 0.1674046 0.1750094 0.0617799 0.1601349 0.0233491 0.1286974 0.1002662 0.0176631 0.1854816 0.1358235 0.0837157 0.0998333 0.1435428 0.1417787 0.0000010 0.1399418 0.0515914 0.1303691 0.2524213 0.1651352 0.0774476 0.1778564 0.1431793 0.1050318 0.0691774 0.1273245 0.0238370 0.0613842 0.1395339 0.1437559 0.1345880 0.2063904 0.0981902 0.1591006 0.1991326 0.0235706 0.2006729 0.1504029 0.0857545 0.0117161 0.0174886 0.0727091 0.1179003 0.0627026 0.0989445 0.0886037 0.1778921 0.0531537 0.0844257 0.1240087 0.1619466 0.0115970 0.1224025 0.0000010 0.0483312 
PAFTOL_019361 0.0000010 0.5309835 0.5513061 0.4395519 0.3776324 0.3343423 0.0000000 0.2928423 0.2290768 0.3086296 0.3571693 0.3144414 0.3343636 0.3064162 0.2619472 0.3864719 0.4478307 0.4428261 0.4938775 0.3259677 0.3292761 0.2973735 0.3666175 0.3166113 0.4169759 0.3554816 0.3526488 0.4798918 0.3953114 0.3285672 0.3316911 0.3657864 0.2154287 0.3818329 0.3458520 0.3171124 0.3936814 0.3646188 0.3276529 0.4660789 0.3430920 0.2591329 0.2931038 0.3316910 0.3989443 0.3425202 0.2342880 0.3624345 0.3749233 0.3740304 0.0000010 0.3650805 0.3041536 0.3155491 0.3640066 0.3695109 0.2901362 0.3913381 0.3606056 0.3674903 0.3862260 0.3449609 0.3103386 0.3243172 0.3223738 0.3545298 0.3538983 0.4004610 0.3265697 0.4240838 0.4721665 0.3292761 0.5045955 0.4059919 0.3296197 0.3306145 0.3072741 0.3334118 0.3752984 0.4025004 0.3204218 0.3172271 0.4524710 0.3536309 0.2739413 0.3042070 0.3632317 0.3305455 0.2740725 0.0000010 0.2859835 
S0055         0.3122603 0.5450578 0.4926384 0.1165920 0.1623336 0.0550143 0.2928423 0.0000000 0.0470057 0.1463274 0.0485776 0.1129030 0.0795215 0.0429737 0.0697122 0.1302143 0.1384445 0.1424867 0.1696310 0.0415781 0.0549861 0.1643161 0.0738438 0.1047835 0.1398275 0.1386068 0.0689033 0.1476695 0.1298337 0.0550575 0.0481839 0.1214183 0.0828366 0.1551123 0.0547673 0.1165839 0.1406050 0.1634868 0.0544080 0.1591576 0.0541113 0.1172754 0.0980395 0.0485357 0.1803819 0.1255100 0.0755468 0.0844671 0.1488834 0.1380258 0.0000010 0.1459013 0.0512873 0.1216990 0.1984368 0.1540253 0.0757834 0.1660772 0.1393582 0.0953571 0.0615139 0.1274405 0.0360444 0.0416166 0.1209819 0.1170131 0.1243742 0.1871334 0.0895494 0.1391827 0.2080136 0.0546350 0.1971782 0.1230813 0.0784350 0.0358081 0.0417097 0.0310527 0.1098561 0.0552027 0.0841294 0.0810115 0.1568017 0.0386934 0.0826013 0.1153889 0.1506513 0.0418131 0.0839265 0.0000010 0.0291043 
S0196sl       0.0000010 0.5114291 0.6034396 0.1056024 0.1481985 0.0733517 0.2290768 0.0470057 0.0000000 0.1036148 0.0747339 0.0829728 0.0890342 0.0490822 0.0473548 0.1137239 0.1167298 0.1539152 0.1891245 0.0595604 0.0737819 0.0577615 0.1006200 0.0704952 0.1491006 0.0873243 0.1024583 0.1726154 0.1159390 0.0724489 0.0605092 0.0992816 0.0461943 0.0886781 0.0726008 0.0623955 0.2272831 0.1145587 0.0725357 0.2031209 0.0721067 0.0493732 0.0109042 0.0605092 0.1193111 0.0772548 0.0338868 0.0606903 0.1010293 0.1038700 0.0000010 0.0740939 0.0464176 0.1017267 0.1192623 0.1314325 0.0000010 0.1196861 0.1060051 0.0954955 0.1043355 0.1208634 0.0602434 0.0595604 0.0704952 0.0742397 0.0735510 0.1694251 0.0588912 0.1159390 0.2128078 0.0737819 0.2226015 0.1174011 0.0878662 0.0603165 0.0601502 0.0917497 0.1180625 0.1037289 0.0854664 0.0902840 0.1498246 0.0516437 0.0107668 0.0896286 0.0886781 0.0595604 0.0606524 0.0000010 0.0465179 
S0281         0.3215364 0.4772462 0.4015691 0.2053568 0.2775932 0.1733040 0.3086296 0.1463274 0.1036148 0.0000000 0.1648281 0.1813718 0.1883674 0.1395536 0.1199237 0.1928986 0.1940260 0.2502881 0.2703916 0.1537989 0.1634493 0.2033381 0.1619936 0.1628252 0.2108443 0.1997225 0.1754907 0.2843531 0.1923806 0.1611950 0.1632469 0.1826130 0.1210772 0.2089861 0.1614094 0.0885802 0.2483740 0.1945266 0.1533376 0.2699791 0.1699787 0.1750441 0.1280799 0.1573058 0.2152066 0.0963991 0.1129066 0.1244209 0.2064483 0.2119293 0.0000010 0.2136300 0.1386787 0.1042835 0.2497346 0.1764159 0.1199775 0.1897752 0.1943713 0.1918055 0.1666488 0.2505475 0.1488464 0.1551339 0.1818178 0.1661079 0.1659494 0.2932040 0.1364141 0.2037152 0.2979596 0.1718280 0.2999407 0.2220909 0.1938418 0.1476416 0.1627441 0.1554860 0.1967538 0.1589616 0.1823126 0.1893670 0.2065435 0.1426871 0.1195649 0.1124027 0.1696160 0.1548430 0.0954447 0.0000010 0.1442185 
S0282         0.3122603 0.6069487 0.5393265 0.1114507 0.1567890 0.0176800 0.3571693 0.0485776 0.0747339 0.1648281 0.0000000 0.1237824 0.0796789 0.0059175 0.0569608 0.1335822 0.1420638 0.1615500 0.1735152 0.0057312 0.0176759 0.1768962 0.0682851 0.1073901 0.1689295 0.1265347 0.0988927 0.1416704 0.1331853 0.0490696 0.0116211 0.1245221 0.0841569 0.1658201 0.0057752 0.1110546 0.1687547 0.1664019 0.0484695 0.1614835 0.0174012 0.1125179 0.0929084 0.0116096 0.1670486 0.1199958 0.0767354 0.0925180 0.1345898 0.1249535 0.0000010 0.1414547 0.0521063 0.1400327 0.2390579 0.1567312 0.0705012 0.1690872 0.1261847 0.0972842 0.0624569 0.1196174 0.0177625 0.0548768 0.1315624 0.1355191 0.1265292 0.2082091 0.0840864 0.1428374 0.2008829 0.0175657 0.1714582 0.1344002 0.0785870 0.0058202 0.0115858 0.0587877 0.1101266 0.0560466 0.0916870 0.0811766 0.1610029 0.0461730 0.0773888 0.1335893 0.1533618 0.0057621 0.1147559 0.0000010 0.0420115 
S0289         0.4021818 0.6135345 0.5065839 0.1590810 0.2228466 0.1392132 0.3144414 0.1129030 0.0829728 0.1813718 0.1237824 0.0000000 0.1431939 0.1166038 0.1307521 0.0427891 0.0561368 0.1915222 0.2095482 0.1213631 0.1302143 0.0978960 0.1520272 0.0114416 0.1887665 0.1634325 0.1294560 0.1688074 0.0426500 0.1382243 0.1300459 0.0234850 0.0762299 0.1080074 0.1286247 0.1400559 0.1693728 0.1631582 0.1119054 0.1892417 0.1366190 0.1493554 0.1300462 0.1311770 0.2387388 0.1495541 0.0690463 0.1411223 0.1662359 0.1521538 0.0000010 0.1822925 0.1192516 0.1623331 0.2759533 0.1464762 0.1056607 0.1582387 0.1736850 0.1627547 0.1549884 0.1865123 0.1231045 0.1440477 0.0355145 0.0842685 0.0841689 0.2255842 0.0828896 0.0495369 0.2395411 0.1380766 0.2157262 0.1837341 0.1488697 0.1152369 0.1296441 0.1353464 0.1483511 0.1380242 0.1387274 0.1542037 0.0560847 0.1249001 0.1129686 0.1559535 0.1073226 0.1221558 0.1465999 0.0000010 0.0976446 
S0292         0.4021818 0.6421532 0.5945931 0.0703931 0.0979749 0.0869528 0.3343636 0.0795215 0.0890342 0.1883674 0.0796789 0.1431939 0.0000000 0.0662211 0.0948234 0.1538202 0.1611649 0.1526384 0.1001285 0.0713134 0.0868864 0.1914023 0.1245590 0.1256892 0.1465876 0.0994567 0.1009309 0.1632412 0.1425945 0.0711069 0.0710039 0.1441142 0.1110109 0.1929316 0.0865124 0.1392712 0.1583951 0.1892740 0.0943042 0.1619044 0.0715789 0.0711735 0.1104029 0.0796132 0.1209768 0.1491989 0.1027123 0.0771443 0.0927445 0.1079997 0.0000010 0.0888601 0.1001721 0.1377006 0.1323845 0.1813976 0.0864958 0.1953180 0.1090556 0.0443760 0.0939183 0.0463390 0.0799951 0.1011248 0.1435337 0.1592218 0.1590255 0.2085845 0.1184583 0.1526002 0.2012705 0.0862837 0.1904704 0.0839861 0.0000021 0.0654258 0.0712670 0.0911297 0.0237596 0.0869467 0.0115878 0.0000030 0.1748078 0.0866370 0.0937529 0.1389700 0.1788243 0.0717566 0.1192305 0.0000010 0.0642526 
S0293         0.3122603 0.5798173 0.5116208 0.1042104 0.1566433 0.0058803 0.3064162 0.0429737 0.0490822 0.1395536 0.0059175 0.1166038 0.0662211 0.0000000 0.0439770 0.1262364 0.1346133 0.1434124 0.1655803 0.0000021 0.0119091 0.1610016 0.0632025 0.1004051 0.1429197 0.1202748 0.0861894 0.1363367 0.1258549 0.0434105 0.0058713 0.1172901 0.0706781 0.1398582 0.0118617 0.0950305 0.1433659 0.1508373 0.0431605 0.1438675 0.0117219 0.1056232 0.0790492 0.0059115 0.1608453 0.1035364 0.0634730 0.0787329 0.1271456 0.1187537 0.0000010 0.1262488 0.0387726 0.1170278 0.2040257 0.1321127 0.0572585 0.1434315 0.1188598 0.0906572 0.0568493 0.1113235 0.0119676 0.0493189 0.1168630 0.1110122 0.1030725 0.1904084 0.0774004 0.1353514 0.1812187 0.0118340 0.1736771 0.1269994 0.0653129 0.0000030 0.0058531 0.0592459 0.0961039 0.0503815 0.0783900 0.0674572 0.1533093 0.0400495 0.0640213 0.1105808 0.1284378 0.0000024 0.1010084 0.0000010 0.0364005 
S0294         0.2530855 0.5428037 0.5057189 0.1014404 0.1522751 0.0637235 0.2619472 0.0697122 0.0473548 0.1199237 0.0569608 0.1307521 0.0948234 0.0439770 0.0000000 0.1406973 0.1584686 0.1605427 0.1599370 0.0494902 0.0636861 0.1761416 0.1051616 0.1141990 0.1571137 0.1308576 0.1157205 0.1801203 0.1402867 0.0557546 0.0564794 0.1315432 0.0838563 0.1538556 0.0634230 0.0917917 0.1676749 0.1322259 0.0695978 0.1693361 0.0626344 0.1159773 0.0823967 0.0569116 0.1647246 0.0999480 0.0764658 0.0911052 0.1303644 0.1579022 0.0000010 0.1559052 0.0319468 0.1200020 0.2167735 0.1233846 0.0688576 0.1342831 0.1507260 0.1042878 0.0710017 0.1279788 0.0569508 0.0763716 0.1229944 0.1249751 0.1163556 0.2124569 0.0763669 0.1500742 0.2179053 0.0632635 0.1854260 0.1008151 0.0935059 0.0435223 0.0563046 0.0893154 0.1263616 0.0643588 0.0991675 0.0804411 0.1520358 0.0538039 0.0755767 0.1137712 0.1420848 0.0497817 0.0965563 0.0000010 0.0556681 
S0299         0.3367640 0.6277627 0.5687828 0.1611176 0.2260681 0.1494554 0.3864719 0.1302143 0.1137239 0.1928986 0.1335822 0.0427891 0.1538202 0.1262364 0.1406973 0.0000000 0.0488816 0.1934912 0.2042321 0.1309220 0.1401052 0.1066842 0.1538887 0.0298766 0.2004874 0.1743893 0.1392934 0.1725210 0.0173187 0.1483887 0.1399244 0.0232382 0.0999068 0.1453288 0.1383655 0.1417951 0.2013672 0.1741021 0.1210430 0.1811984 0.1466155 0.1600557 0.1316289 0.1411717 0.2521961 0.1514402 0.0920841 0.1515162 0.1778533 0.1625846 0.0000010 0.1827137 0.1282819 0.1643631 0.3249907 0.1568874 0.1069017 0.1692251 0.1640267 0.1648907 0.1656911 0.1806845 0.1412331 0.1542456 0.0557012 0.1088227 0.1086927 0.2289105 0.1069950 0.0295999 0.2195835 0.1482059 0.2292359 0.1861208 0.1595092 0.1247190 0.1394879 0.1473107 0.1589530 0.1481674 0.1489391 0.1653502 0.0427005 0.1184879 0.1143033 0.1579148 0.1339126 0.1317963 0.1570277 0.0000010 0.1064004 
S0320         0.4909064 0.6200992 0.5349423 0.1775677 0.2456241 0.1582441 0.4478307 0.1384445 0.1167298 0.1940260 0.1420638 0.0561368 0.1611649 0.1346133 0.1584686 0.0488816 0.0000000 0.1868706 0.2306533 0.1392040 0.1486309 0.1402600 0.1713319 0.0426611 0.2288208 0.1817084 0.1648283 0.1618507 0.0356554 0.1589325 0.1392205 0.0355336 0.1065842 0.1445864 0.1467672 0.1725420 0.2045790 0.2019219 0.1483591 0.1909023 0.1552010 0.1673744 0.1576226 0.1497847 0.2603129 0.1832580 0.0986660 0.1587247 0.1911181 0.1713789 0.0000010 0.1810555 0.1293438 0.2045204 0.3043815 0.1836548 0.1311477 0.1766617 0.1826422 0.1818079 0.1635512 0.1868621 0.1498492 0.1555938 0.0694914 0.1082859 0.1081570 0.2380625 0.1137149 0.0294615 0.2286932 0.1569007 0.2082458 0.2031322 0.1667908 0.1329694 0.1479758 0.1460510 0.1776117 0.1474363 0.1560539 0.1729118 0.0623095 0.1367995 0.1389389 0.1979183 0.1332425 0.1401463 0.1846271 0.0000010 0.1228244 
S0322         0.3215364 0.6075533 0.4847600 0.2061789 0.1865633 0.1602684 0.4428261 0.1424867 0.1539152 0.2502881 0.1615500 0.1915222 0.1526384 0.1434124 0.1605427 0.1934912 0.1868706 0.0000000 0.2211467 0.1595201 0.1717317 0.2179316 0.1926773 0.1805679 0.1763575 0.1719289 0.2012033 0.1066795 0.1889067 0.1500090 0.1501431 0.1912095 0.1710302 0.2110380 0.1696112 0.1988954 0.0128409 0.2453612 0.1489437 0.0131305 0.1772558 0.1517349 0.1890970 0.1716138 0.1893796 0.2107430 0.1710302 0.1544919 0.1808053 0.1651441 0.0000010 0.1833727 0.1717539 0.2188588 0.1615622 0.2239887 0.1676155 0.2227500 0.1473362 0.1913806 0.1785063 0.1912579 0.1542025 0.1963690 0.2021571 0.1939662 0.1839208 0.0447398 0.1770709 0.1790890 0.0444756 0.1703730 0.1138460 0.1762149 0.1585770 0.1528391 0.1514550 0.1363251 0.1884397 0.1702188 0.1688327 0.1635651 0.2059046 0.1868251 0.1764307 0.2119085 0.2043167 0.1607015 0.1904289 0.0000010 0.1502767 
S0335         0.3340089 0.6313845 0.5594377 0.0921552 0.0372475 0.1910607 0.4938775 0.1696310 0.1891245 0.2703916 0.1735152 0.2095482 0.1001285 0.1655803 0.1599370 0.2042321 0.2306533 0.2211467 0.0000000 0.1698395 0.1907984 0.2400934 0.1888131 0.1890188 0.2020591 0.1568184 0.1951273 0.2409347 0.1909063 0.1334160 0.1690399 0.2111343 0.1899401 0.3069887 0.1898820 0.1967824 0.2152322 0.2503427 0.1878236 0.2132096 0.1786887 0.1321648 0.1730746 0.1818340 0.2356955 0.1975983 0.1797430 0.1469530 0.1503587 0.1836573 0.0000010 0.1838545 0.1704436 0.2231307 0.2173305 0.2297106 0.1523019 0.2460157 0.1597540 0.1020704 0.1771004 0.1535658 0.1819099 0.1955914 0.2283334 0.2505095 0.2502155 0.2404063 0.1882873 0.2208162 0.2543176 0.1893311 0.3119060 0.0761807 0.1058248 0.1634120 0.1696261 0.1514719 0.1390062 0.1789963 0.1140837 0.0934198 0.2335205 0.1289548 0.1606111 0.2163160 0.2874429 0.1710615 0.1913900 0.0000010 0.1501516 
S0400         0.3122603 0.6120431 0.5452283 0.1092438 0.1625275 0.0115343 0.3259677 0.0415781 0.0595604 0.1537989 0.0057312 0.1213631 0.0713134 0.0000021 0.0494902 0.1309220 0.1392040 0.1595201 0.1698395 0.0000000 0.0115321 0.1652354 0.0676144 0.1053331 0.1575243 0.1251019 0.0901498 0.1312364 0.1305380 0.0419865 0.0056878 0.1220713 0.0758953 0.1541768 0.0114878 0.1088963 0.1666320 0.1551883 0.0480087 0.1593479 0.0113565 0.1107054 0.0842523 0.0057247 0.1650670 0.1176377 0.0687400 0.0839150 0.1327638 0.1235549 0.0000010 0.1305569 0.0445283 0.1297976 0.2317293 0.1459106 0.0626323 0.1576312 0.1247597 0.0881183 0.0549542 0.1175713 0.0115865 0.0477117 0.1216296 0.1252072 0.1165644 0.2054528 0.0825319 0.1399495 0.1982139 0.0114617 0.1779932 0.1317049 0.0703566 0.0000027 0.0056708 0.0576741 0.1007399 0.0487055 0.0831639 0.0726184 0.1576802 0.0386385 0.0693194 0.1234575 0.1423657 0.0000021 0.1054506 0.0000010 0.0352306 
S0405         0.3122603 0.5846418 0.5174990 0.1267866 0.1842712 0.0237191 0.3292761 0.0549861 0.0737819 0.1634493 0.0176759 0.1302143 0.0868864 0.0119091 0.0636861 0.1401052 0.1486309 0.1717317 0.1907984 0.0115321 0.0000000 0.1589573 0.0822432 0.1137422 0.1774297 0.1342606 0.1061600 0.1497666 0.1396975 0.0555507 0.0057849 0.1309980 0.0835382 0.1643567 0.0174295 0.1176328 0.1690179 0.1649901 0.0617455 0.1817760 0.0233427 0.1196272 0.0781834 0.0176589 0.1770098 0.1266542 0.0761805 0.0926840 0.1550557 0.1325889 0.0000010 0.1402330 0.0590062 0.1388940 0.2710482 0.1554252 0.0699925 0.1676283 0.1338896 0.1049365 0.0691345 0.1091292 0.0175950 0.0613505 0.1305071 0.1343988 0.1255006 0.2290788 0.0903100 0.1494307 0.2217451 0.0000021 0.2003775 0.1502305 0.0856905 0.0117139 0.0057673 0.0726612 0.1177864 0.0626671 0.0988633 0.0885338 0.1676715 0.0531249 0.0768249 0.1325004 0.1520553 0.0115949 0.1138645 0.0000010 0.0483091 
S0407sl       0.3122603 0.5942303 0.5006228 0.2168288 0.2170806 0.1857370 0.2973735 0.1643161 0.0577615 0.2033381 0.1768962 0.0978960 0.1914023 0.1610016 0.1761416 0.1066842 0.1402600 0.2179316 0.2400934 0.1652354 0.1589573 0.0000000 0.1897552 0.0828655 0.2509542 0.2037746 0.1654646 0.2109450 0.1063619 0.1664591 0.1587544 0.0984243 0.1317796 0.1822209 0.1731160 0.1686689 0.2138847 0.1955524 0.1540835 0.2268856 0.1820665 0.1804388 0.1587965 0.1653852 0.2548386 0.1790957 0.1232099 0.1527431 0.2271128 0.1727886 0.0000010 0.2267171 0.1749421 0.1922549 0.2339909 0.1773084 0.1476243 0.1907839 0.2055469 0.2140664 0.2031888 0.2448786 0.1678052 0.1811061 0.0980986 0.1417470 0.1415790 0.2640235 0.1393303 0.1150385 0.2681942 0.1674751 0.2870029 0.2452796 0.1969569 0.1589520 0.1582531 0.1841186 0.1962871 0.1841336 0.1851336 0.2045135 0.1399461 0.1732729 0.1556554 0.1857369 0.1609648 0.1663932 0.1846109 0.0000010 0.1384905 
S0412sl       0.3238486 0.5545594 0.4876971 0.1255149 0.1622204 0.0750305 0.3666175 0.0738438 0.1006200 0.1619936 0.0682851 0.1520272 0.1245590 0.0632025 0.1051616 0.1538887 0.1713319 0.1926773 0.1888131 0.0676144 0.0822432 0.1897552 0.0000000 0.1349349 0.1741284 0.1454560 0.0980950 0.1903909 0.1463061 0.1029275 0.0748133 0.1529825 0.1268700 0.2099375 0.0746530 0.1068450 0.1816384 0.1569294 0.0665772 0.1942790 0.0808998 0.1407100 0.1218329 0.0690123 0.1685852 0.1153967 0.1186849 0.1131520 0.1379123 0.1426788 0.0000010 0.1719002 0.0794388 0.1459356 0.1998599 0.1475432 0.1047065 0.1594214 0.1143060 0.1190730 0.1030265 0.1706322 0.0621982 0.0808309 0.1523781 0.1574609 0.1666509 0.2218193 0.1241883 0.1722386 0.2250273 0.0817029 0.2250433 0.1487238 0.1228017 0.0617698 0.0745883 0.0707427 0.1579368 0.0963165 0.1363691 0.1191809 0.1911890 0.0595144 0.1119357 0.1395680 0.1872366 0.0680128 0.1206280 0.0000010 0.0669113 
S0417         0.4021818 0.5894483 0.5314466 0.1410640 0.2007494 0.1222758 0.3166113 0.1047835 0.0704952 0.1628252 0.1073901 0.0114416 0.1256892 0.1004051 0.1141990 0.0298766 0.0426611 0.1805679 0.1890188 0.1053331 0.1137422 0.0828655 0.1349349 0.0000000 0.1788017 0.1456081 0.1130672 0.1502636 0.0297786 0.1214040 0.1135931 0.0114836 0.0620737 0.1011033 0.1123774 0.1230187 0.1763352 0.1453549 0.0964555 0.1680268 0.1200466 0.1318010 0.1135761 0.1145514 0.2177416 0.1320278 0.0552149 0.1239568 0.1453344 0.1350444 0.0000010 0.1628390 0.1026268 0.1446475 0.2599329 0.1293449 0.0902918 0.1403192 0.1553599 0.1442123 0.1374837 0.1656328 0.1146075 0.1272311 0.0231585 0.0696562 0.0695740 0.2140090 0.0685275 0.0363036 0.2170788 0.1213061 0.1944676 0.1648351 0.1314021 0.0992644 0.1132435 0.1276031 0.1309398 0.1212355 0.1218368 0.1359951 0.0426312 0.1073734 0.0973472 0.1383247 0.0916898 0.1060035 0.1376001 0.0000010 0.0826634 
S0427         0.2623132 0.6360785 0.5390650 0.1599348 0.1961921 0.1776578 0.4169759 0.1398275 0.1491006 0.2108443 0.1689295 0.1887665 0.1465876 0.1429197 0.1571137 0.2004874 0.2288208 0.1763575 0.2020591 0.1575243 0.1774297 0.2509542 0.1741284 0.1788017 0.0000000 0.1699576 0.1533741 0.2172899 0.1804967 0.1731784 0.1568003 0.1993319 0.2028147 0.2541565 0.1766039 0.1821838 0.1744255 0.2308930 0.1628967 0.1736380 0.1741635 0.1649747 0.1692003 0.1688305 0.2225062 0.1927633 0.1925824 0.1757334 0.1173924 0.1673153 9.0000000 0.1795665 0.1489925 0.1564602 0.1421005 0.2396885 0.1564222 0.2563748 0.1541040 0.1488217 0.1401235 0.2311795 0.1519624 0.1897769 0.1984312 0.2133069 0.2237054 0.1851574 0.2113704 0.2083841 0.2027603 0.1761047 0.2632039 0.1283354 0.1445132 0.1507032 0.1580929 0.1212750 0.1606364 0.1398024 0.1694751 0.1414877 0.2243260 0.1551995 0.1645748 0.1474081 0.2381987 0.1499422 0.1491838 9.0000000 0.1470822 
S0552sl       0.3301917 0.5541030 0.5300627 0.1366508 0.1375967 0.1435802 0.3554816 0.1386068 0.0873243 0.1997225 0.1265347 0.1634325 0.0994567 0.1202748 0.1308576 0.1743893 0.1817084 0.1719289 0.1568184 0.1251019 0.1342606 0.2037746 0.1454560 0.1456081 0.1699576 0.0000000 0.1730297 0.1840306 0.1627534 0.1383370 0.1245341 0.1645061 0.1309197 0.2262222 0.1239503 0.1401360 0.1579287 0.1954369 0.1285336 0.1623052 0.1408322 0.0177635 0.1161325 0.1352848 0.0882989 0.1496443 0.1224223 0.1128244 0.0276628 0.0483351 0.0000010 0.0503318 0.1472510 0.1831334 0.1029940 0.1772100 0.0990297 0.1906709 0.0490806 0.1242398 0.1303377 0.1520187 0.1348647 0.1544883 0.1638234 0.1804602 0.1802469 0.1957192 0.1280696 0.1730621 0.2074133 0.1423738 0.2394405 0.1280676 0.1051280 0.1183932 0.1336598 0.1429512 0.1380966 0.1393097 0.1052705 0.1011594 0.2044971 0.1434048 0.1062949 0.1766367 0.2110388 0.1259424 0.1552202 0.0000010 0.1137365 
S0558         0.3122603 0.5700166 0.4942538 0.1239702 0.1797868 0.1062519 0.3526488 0.0689033 0.1024583 0.1754907 0.0988927 0.1294560 0.1009309 0.0861894 0.1157205 0.1392934 0.1648283 0.2012033 0.1951273 0.0901498 0.1061600 0.1654646 0.0980950 0.1130672 0.1533741 0.1730297 0.0000000 0.1613258 0.1289397 0.0826626 0.0897633 0.1302311 0.1071323 0.1653522 0.1057094 0.1497612 0.1895910 0.1966476 0.0554394 0.1984966 0.1043565 0.1402354 0.1477943 0.0920906 0.2006771 0.1596074 0.0991698 0.1145609 0.1661399 0.1613197 0.0000010 0.1825531 0.1048907 0.1638896 0.2157016 0.1860938 0.1221184 0.1999665 0.1587514 0.1185500 0.0967988 0.1632830 0.0847565 0.0829842 0.1297458 0.1177216 0.1262003 0.2453871 0.1142996 0.1382161 0.2391086 0.1054334 0.2374764 0.1657103 0.0995367 0.0773087 0.0900817 0.0876407 0.0991795 0.0822646 0.1051154 0.1028671 0.1592648 0.0833589 0.1297229 0.1391038 0.1529445 0.0907091 0.1565721 0.0000010 0.0552168 
S0616         0.4093468 0.7042575 0.6121494 0.1950578 0.2340496 0.1499385 0.4798918 0.1476695 0.1726154 0.2843531 0.1416704 0.1688074 0.1632412 0.1363367 0.1801203 0.1725210 0.1618507 0.1066795 0.2409347 0.1312364 0.1497666 0.2109450 0.1903909 0.1502636 0.2172899 0.1840306 0.1613258 0.0000000 0.1680824 0.1580841 0.1306422 0.1699628 0.1596920 0.2254372 0.1490877 0.2045683 0.1038633 0.2469116 0.1383731 0.0694178 0.1470643 0.1820497 0.2000902 0.1415781 0.2517348 0.2163763 0.1695526 0.1572278 0.2028597 0.1728762 0.0000010 0.1634602 0.1790533 0.2376242 0.2871469 0.2266422 0.1700964 0.2195797 0.1687455 0.1730170 0.1639841 0.1893299 0.1416410 0.1560191 0.1692264 0.1898769 0.1795957 0.1181763 0.1879072 0.1591320 0.1023618 0.1486735 0.1270317 0.2148995 0.1689381 0.1249881 0.1398752 0.1560873 0.1959720 0.1472706 0.1791194 0.1752450 0.1997197 0.1453877 0.1786920 0.2082647 0.2103022 0.1321196 0.2193167 0.0000010 0.1305813 
S0624         0.2530855 0.6125575 0.5214209 0.1424143 0.2028604 0.1490237 0.3953114 0.1298337 0.1159390 0.1923806 0.1331853 0.0426500 0.1425945 0.1258549 0.1402867 0.0173187 0.0356554 0.1889067 0.1909063 0.1305380 0.1396975 0.1063619 0.1463061 0.0297786 0.1804967 0.1627534 0.1289397 0.1680824 0.0000000 0.1406642 0.1305602 0.0231628 0.0996003 0.1448956 0.1379658 0.1341578 0.1959250 0.1736205 0.1206877 0.1788479 0.1461969 0.1487333 0.1241851 0.1407585 0.2376706 0.1436429 0.0917996 0.1405417 0.1668165 0.1515388 0.0000010 0.1727640 0.1296821 0.1565779 0.3027531 0.1564419 0.0998093 0.1687447 0.1641498 0.1456239 0.1543493 0.1873437 0.1408207 0.1465616 0.0555238 0.1084895 0.1083601 0.2162015 0.1066709 0.0172877 0.2070946 0.1477802 0.2055421 0.1664188 0.1482525 0.1243455 0.1390828 0.1210798 0.1477375 0.1374665 0.1381640 0.1535412 0.0486863 0.1109511 0.1071415 0.1501125 0.1335138 0.1314079 0.1492835 0.0000010 0.0992983 
S0641         0.3122603 0.5797230 0.5240785 0.1163197 0.1328853 0.0555794 0.3285672 0.0550575 0.0724489 0.1611950 0.0490696 0.1382243 0.0711069 0.0434105 0.0557546 0.1483887 0.1589325 0.1500090 0.1334160 0.0419865 0.0555507 0.1664591 0.1029275 0.1214040 0.1731784 0.1383370 0.0826626 0.1580841 0.1406642 0.0000000 0.0423225 0.1390764 0.0906223 0.1734918 0.0553270 0.1159511 0.1662349 0.1737753 0.0613366 0.1589527 0.0546574 0.1076650 0.0975008 0.0490269 0.1801438 0.1148320 0.0831127 0.0905313 0.1485692 0.1570825 0.0000010 0.1456223 0.0659631 0.1294439 0.2156915 0.1639712 0.0753518 0.1765879 0.1586243 0.0950926 0.0688643 0.1172184 0.0490618 0.0549409 0.1385406 0.1427097 0.1336074 0.1949761 0.0974876 0.1504992 0.1877748 0.0551919 0.1869807 0.1313420 0.0701551 0.0361590 0.0419689 0.0587126 0.1004545 0.0624129 0.0758027 0.0724047 0.1766238 0.0320497 0.0821382 0.1231156 0.1607717 0.0422264 0.1051604 0.0000010 0.0356038 
S0643         0.3122603 0.5886645 0.5140426 0.1087524 0.1617226 0.0175418 0.3316911 0.0481839 0.0605092 0.1632469 0.0116211 0.1300459 0.0710039 0.0058713 0.0564794 0.1399244 0.1392205 0.1501431 0.1690399 0.0056878 0.0057849 0.1587544 0.0748133 0.1135931 0.1568003 0.1245341 0.0897633 0.1306422 0.1305602 0.0423225 0.0000000 0.1308277 0.0834257 0.1641424 0.0174695 0.1174749 0.1489528 0.1647838 0.0547741 0.1585295 0.0172673 0.1102004 0.0780754 0.0116098 0.1643107 0.1264849 0.0760775 0.0835545 0.1320472 0.1229998 0.0000010 0.1299388 0.0516532 0.1387156 0.2298166 0.1552294 0.0698964 0.1674165 0.1241947 0.0877210 0.0547289 0.1257938 0.0176230 0.0480904 0.1303380 0.1342213 0.1253336 0.2044456 0.0901896 0.1399656 0.1972314 0.0057494 0.1779759 0.1311090 0.0700553 0.0057761 0.0000021 0.0577128 0.1002914 0.0485061 0.0828089 0.0722975 0.1674599 0.0389709 0.0767204 0.1323268 0.1518575 0.0057183 0.1137152 0.0000010 0.0355069 
S0645sl       0.4021818 0.6384108 0.5795269 0.1601371 0.2246603 0.1400777 0.3657864 0.1214183 0.0992816 0.1826130 0.1245221 0.0234850 0.1441142 0.1172901 0.1315432 0.0232382 0.0355336 0.1912095 0.2111343 0.1220713 0.1309980 0.0984243 0.1529825 0.0114836 0.1993319 0.1645061 0.1302311 0.1699628 0.0231628 0.1390764 0.1308277 0.0000000 0.0766104 0.1181126 0.1293877 0.1409309 0.1983196 0.1642289 0.1125316 0.1907288 0.1374482 0.1503198 0.1308289 0.1319744 0.2405726 0.1505178 0.0693806 0.1420109 0.1675231 0.1531099 0.0000010 0.1836028 0.1199738 0.1633911 0.3052420 0.1473980 0.1062468 0.1592829 0.1748589 0.1638682 0.1559871 0.1879545 0.1320345 0.1449359 0.0356616 0.0847060 0.0846053 0.2379284 0.0833120 0.0294024 0.2285502 0.1389251 0.2174177 0.1850160 0.1498259 0.1159050 0.1304208 0.1463854 0.1493007 0.1388734 0.1395864 0.1552382 0.0355134 0.1257003 0.1136082 0.1569658 0.1079289 0.1228744 0.1560892 0.0000010 0.0981698 
S0656sl       0.4021818 0.5712930 0.5164332 0.1417489 0.1907851 0.0912797 0.2154287 0.0828366 0.0461943 0.1210772 0.0841569 0.0762299 0.1110109 0.0706781 0.0838563 0.0999068 0.1065842 0.1710302 0.1899401 0.0758953 0.0835382 0.1317796 0.1268700 0.0620737 0.2028147 0.1309197 0.1071323 0.1596920 0.0996003 0.0906223 0.0834257 0.0766104 0.0000000 0.1032666 0.0825644 0.0771395 0.1576620 0.1200887 0.0759992 0.1605468 0.0896801 0.1171646 0.0681698 0.0840911 0.2014080 0.0849265 0.0056586 0.0925445 0.1504856 0.1390313 0.0000010 0.1470661 0.0797754 0.1220057 0.2289333 0.1130639 0.0479523 0.1234456 0.1403825 0.1289350 0.1135702 0.1562076 0.0841396 0.1041918 0.0763785 0.0785109 0.0709645 0.2072904 0.0419516 0.1081401 0.2098129 0.0905940 0.1873355 0.1656225 0.1168271 0.0699185 0.0831699 0.1037052 0.1349028 0.1065751 0.1076149 0.1208803 0.1076991 0.0912023 0.0417677 0.1156684 0.0935939 0.0763564 0.0980773 0.0000010 0.0619038 
S0673         0.7391462 0.6141912 0.5385574 0.2417983 0.3172414 0.1747745 0.3818329 0.1551123 0.0886781 0.2089861 0.1658201 0.1080074 0.1929316 0.1398582 0.1538556 0.1453288 0.1445864 0.2110380 0.3069887 0.1541768 0.1643567 0.1822209 0.2099375 0.1011033 0.2541565 0.2262222 0.1653522 0.2254372 0.1448956 0.1734918 0.1641424 0.1181126 0.1032666 0.0000000 0.1621965 0.1640774 0.2480012 0.2215886 0.1356737 0.2201812 0.1712389 0.2105600 0.1641961 0.1657190 0.3043934 0.1746094 0.0951336 0.1772576 0.1985659 0.2116291 0.0000010 0.2254314 0.1621362 0.2005220 0.2493400 0.2019482 0.1364147 0.1945876 0.2266783 0.2155624 0.2029951 0.2195409 0.1579529 0.1895826 0.1106408 0.0365505 0.0239508 0.2743861 0.1106174 0.1362671 0.2601197 0.1732040 0.2459019 0.2718041 0.1987387 0.1476907 0.1636107 0.1728361 0.1980325 0.1832729 0.1863168 0.1944879 0.1543913 0.1821542 0.1445530 0.1937742 0.0299538 0.1552786 0.1844668 0.0000010 0.1361466 
S0690         0.3122603 0.5886463 0.5223710 0.1262199 0.1736956 0.0236259 0.3458520 0.0547673 0.0726008 0.1614094 0.0057752 0.1286247 0.0865124 0.0118617 0.0634230 0.1383655 0.1467672 0.1696112 0.1898820 0.0114878 0.0174295 0.1731160 0.0746530 0.1123774 0.1766039 0.1239503 0.1057094 0.1490877 0.1379658 0.0553270 0.0174695 0.1293877 0.0825644 0.1621965 0.0000000 0.1088138 0.1658287 0.1629037 0.0546501 0.1699751 0.0232524 0.1102141 0.0911094 0.0175898 0.1658232 0.1175361 0.0753011 0.0918481 0.1433411 0.1224289 0.0000010 0.1383984 0.0587544 0.1371813 0.2317293 0.1534829 0.0691812 0.1654772 0.1236139 0.1044671 0.0688533 0.1186665 0.0237362 0.0611056 0.1289101 0.1327095 0.1239391 0.2166353 0.0824963 0.1475491 0.2093518 0.0234721 0.1796572 0.1495505 0.0853267 0.0116681 0.0174168 0.0654675 0.1172659 0.0624113 0.0984456 0.0881458 0.1655212 0.0528942 0.0759316 0.1308555 0.1501083 0.0115500 0.1124979 0.0000010 0.0481182 
S0720         0.2530855 0.5429016 0.4393357 0.1554680 0.1979725 0.1265073 0.3171124 0.1165839 0.0623955 0.0885802 0.1110546 0.1400559 0.1392712 0.0950305 0.0917917 0.1417951 0.1725420 0.1988954 0.1967824 0.1088963 0.1176328 0.1686689 0.1068450 0.1230187 0.1821838 0.1401360 0.1497612 0.2045683 0.1341578 0.1159511 0.1174749 0.1409309 0.0771395 0.1640774 0.1088138 0.0000000 0.1973352 0.1688296 0.0836617 0.1808899 0.1241283 0.1190320 0.0628234 0.1185001 0.2029941 0.0057055 0.0698470 0.1100235 0.1499618 0.1396698 0.0000010 0.1700721 0.1156920 0.0688521 0.1972844 0.1608638 0.0496349 0.1638070 0.1417720 0.1423050 0.1513776 0.1907957 0.1185584 0.1403076 0.1403803 0.1254266 0.1253122 0.1952903 0.0920760 0.1600704 0.2089183 0.1254702 0.2078299 0.1713202 0.1451073 0.1026503 0.1171035 0.0985312 0.1710593 0.1347773 0.1348304 0.1399189 0.1789713 0.1032376 0.0494515 0.0627875 0.1438464 0.1096120 0.0557612 0.0000010 0.1002864 
S0724sl       0.2821339 0.5755760 0.4726092 0.2016573 0.1849120 0.1674046 0.3936814 0.1406050 0.2272831 0.2483740 0.1687547 0.1693728 0.1583951 0.1433659 0.1676749 0.2013672 0.2045790 0.0128409 0.2152322 0.1666320 0.1690179 0.2138847 0.1816384 0.1763352 0.1744255 0.1579287 0.1895910 0.1038633 0.1959250 0.1662349 0.1489528 0.1983196 0.1576620 0.2480012 0.1658287 0.1973352 0.0000000 0.2402044 0.1477721 0.0471496 0.1844405 0.1476327 0.1768892 0.1788942 0.1958084 0.2090876 0.1678048 0.1533004 0.1836383 0.1607515 0.0000010 0.1782519 0.1676133 0.2146786 0.2647717 0.2193126 0.1645087 0.2235245 0.1452777 0.1885407 0.1761277 0.1817897 0.1614312 0.1840539 0.1973582 0.2043775 0.2051191 0.0816130 0.1737663 0.1966492 0.0737740 0.1690179 0.1472468 0.1723975 0.1642164 0.1600031 0.1502462 0.1529683 0.2050812 0.1679430 0.1744596 0.1603063 0.2018774 0.1640285 0.1731542 0.2078216 0.2398504 0.1678653 0.1868044 0.0000010 0.1482991 
S0735         0.3215364 0.4392703 0.4680997 0.2099196 0.2348262 0.1750094 0.3646188 0.1634868 0.1145587 0.1945266 0.1664019 0.1631582 0.1892740 0.1508373 0.1322259 0.1741021 0.2019219 0.2453612 0.2503427 0.1551883 0.1649901 0.1955524 0.1569294 0.1453549 0.2308930 0.1954369 0.1966476 0.2469116 0.1736205 0.1737753 0.1647838 0.1642289 0.1200887 0.2215886 0.1629037 0.1688296 0.2402044 0.0000000 0.1554209 0.2470715 0.1642378 0.1777458 0.1555469 0.1587726 0.2377511 0.1793082 0.1285933 0.1409304 0.2228514 0.2135249 0.0000010 0.2583994 0.1474359 0.2043030 0.2378286 0.0235197 0.1364922 0.0240636 0.1893061 0.2180228 0.1669863 0.2310103 0.1501896 0.1727271 0.1635482 0.1867647 0.1766768 0.2862215 0.1447092 0.1843820 0.3119942 0.1734975 0.2657607 0.2189687 0.2084801 0.1489576 0.1642702 0.1945986 0.2531197 0.1770891 0.2041892 0.1953208 0.1791578 0.1514180 0.1442488 0.2056207 0.1857124 0.1477015 0.1822362 0.0000010 0.1378120 
S0742         0.3122603 0.5666391 0.5047665 0.1249235 0.1702109 0.0617799 0.3276529 0.0544080 0.0725357 0.1533376 0.0484695 0.1119054 0.0943042 0.0431605 0.0695978 0.1210430 0.1483591 0.1489437 0.1878236 0.0480087 0.0617455 0.1540835 0.0665772 0.0964555 0.1628967 0.1285336 0.0554394 0.1383731 0.1206877 0.0613366 0.0547741 0.1125316 0.0759992 0.1356737 0.0546501 0.0836617 0.1477721 0.1554209 0.0000000 0.1370582 0.0607543 0.1242239 0.0979077 0.0551804 0.1690035 0.0915423 0.0688333 0.0983540 0.1247561 0.1263842 0.0000010 0.1551696 0.0725825 0.1273129 0.2281990 0.1461260 0.0756655 0.1578712 0.1300878 0.1033917 0.0822136 0.1350201 0.0552175 0.0740655 0.1121428 0.1075101 0.1002131 0.1813949 0.0744407 0.1296885 0.1749696 0.0613473 0.1670280 0.1480016 0.0929984 0.0360150 0.0546092 0.0569585 0.1156546 0.0685608 0.0986455 0.0961109 0.1395848 0.0595903 0.0824788 0.1210785 0.1247175 0.0482835 0.1127444 0.0000010 0.0352768 
S0748         0.2419178 0.6186256 0.5167823 0.1987605 0.1807050 0.1601349 0.4660789 0.1591576 0.2031209 0.2699791 0.1614835 0.1892417 0.1619044 0.1438675 0.1693361 0.1811984 0.1909023 0.0131305 0.2132096 0.1593479 0.1817760 0.2268856 0.1942790 0.1680268 0.1736380 0.1623052 0.1984966 0.0694178 0.1788479 0.1589527 0.1585295 0.1907288 0.1605468 0.2201812 0.1699751 0.1808899 0.0471496 0.2470715 0.1370582 0.0000000 0.1780285 0.1513152 0.1790027 0.1720904 0.2103150 0.1928339 0.1714727 0.1540715 0.1811152 0.1529366 0.0000010 0.1717558 0.1799455 0.1767342 0.2450112 0.2246973 0.1587068 0.2168960 0.1557255 0.1846737 0.1789925 0.1855260 0.1721700 0.1982049 0.1777855 0.1940680 0.1826228 0.0259531 0.1778331 0.1781037 0.0127306 0.1802522 0.0861045 0.1660181 0.1681166 0.1523139 0.1599915 0.1357877 0.1975542 0.1689329 0.1791911 0.1735599 0.2038634 0.1673171 0.1678690 0.1695619 0.2066732 0.1605904 0.1804068 0.0000010 0.1496292 
S0756         0.3865520 0.6459531 0.5790535 0.1170245 0.1717475 0.0233491 0.3430920 0.0541113 0.0721067 0.1699787 0.0174012 0.1366190 0.0715789 0.0117219 0.0626344 0.1466155 0.1552010 0.1772558 0.1786887 0.0113565 0.0233427 0.1820665 0.0808998 0.1200466 0.1741635 0.1408322 0.1043565 0.1470643 0.1461969 0.0546574 0.0172673 0.1374482 0.0896801 0.1712389 0.0232524 0.1241283 0.1844405 0.1642378 0.0607543 0.1780285 0.0000000 0.1262338 0.0984678 0.0173850 0.1818311 0.1332294 0.0822671 0.0980522 0.1418272 0.1390939 0.0000010 0.1470961 0.0580009 0.1300865 0.2474404 0.1547264 0.0761060 0.1668522 0.1404458 0.0957096 0.0680083 0.1260375 0.0234568 0.0603717 0.1369273 0.1409942 0.1320343 0.2244966 0.0964610 0.1560279 0.2172731 0.0231989 0.1784579 0.1397704 0.0773925 0.0115327 0.0172157 0.0714190 0.1083547 0.0616468 0.0902891 0.0799016 0.1580561 0.0522069 0.0829543 0.1390144 0.1587638 0.0114173 0.1201704 0.0000010 0.0475474 
S0758         0.3122603 0.4857967 0.4574938 0.1234473 0.1137093 0.1286974 0.2591329 0.1172754 0.0493732 0.1750441 0.1125179 0.1493554 0.0711735 0.1056232 0.1159773 0.1600557 0.1673744 0.1517349 0.1321648 0.1107054 0.1196272 0.1804388 0.1407100 0.1318010 0.1649747 0.0177635 0.1402354 0.1820497 0.1487333 0.1076650 0.1102004 0.1503198 0.1171646 0.2105600 0.1102141 0.1190320 0.1476327 0.1777458 0.1242239 0.1513152 0.1262338 0.0000000 0.1011146 0.1205269 0.0702529 0.1281921 0.1088315 0.0908856 0.0439061 0.0369776 0.0000010 0.0450669 0.1326018 0.1508328 0.0943612 0.1600703 0.0857947 0.1728026 0.0505125 0.1107953 0.1245946 0.1353009 0.1201451 0.1405337 0.1497103 0.1656473 0.1654466 0.2044621 0.1161268 0.1588056 0.2094748 0.1276222 0.2404527 0.1149260 0.0769689 0.1039717 0.1106029 0.1226329 0.1078134 0.1254308 0.0768398 0.0787717 0.1896652 0.1191134 0.0929908 0.1442889 0.1745897 0.1114459 0.1245753 0.0000010 0.1003310 
S0760         0.2530855 0.5403337 0.5014325 0.1337045 0.1837663 0.1002662 0.2931038 0.0980395 0.0109042 0.1280799 0.0929084 0.1300462 0.1104029 0.0790492 0.0823967 0.1316289 0.1576226 0.1890970 0.1730746 0.0842523 0.0781834 0.1587965 0.1218329 0.1135761 0.1692003 0.1161325 0.1477943 0.2000902 0.1241851 0.0975008 0.0780754 0.1308289 0.0681698 0.1641961 0.0911094 0.0628234 0.1768892 0.1555469 0.0979077 0.1790027 0.0984678 0.1011146 0.0000000 0.0928369 0.1925251 0.0701997 0.0612423 0.0995531 0.1334292 0.1412303 0.0000010 0.1305063 0.0962087 0.0990655 0.2148972 0.1479319 0.0172646 0.1505282 0.1268894 0.1208785 0.1232470 0.1655139 0.0925523 0.1202701 0.1303386 0.1342269 0.1253284 0.1972212 0.0901569 0.1492653 0.2230645 0.0852946 0.2376519 0.1498504 0.1161963 0.0778884 0.0778314 0.0981698 0.1511028 0.1230921 0.1070413 0.1113987 0.1675173 0.0919043 0.0231589 0.0928006 0.1443866 0.0847774 0.0765392 0.0000010 0.0828914 
