93
CRNC          0.0000000 0.2486500 0.4638052 0.5440942 0.6539218 0.5652974 0.4364240 0.5148231 0.6858499 0.6139346 0.3877254 0.6576688 0.5226091 0.5801137 0.5804052 0.6174095 0.5658002 0.6129720 0.6823839 3.8072384 0.5313276 0.5613980 0.6259887 0.5975277 0.6213072 0.6319569 0.5042915 0.6300957 0.7701346 0.5850617 0.4582696 0.5418412 0.5971831 0.6829012 0.6280646 0.4969681 0.5687793 0.6175885 0.5254128 0.5619935 0.5981106 0.5423466 0.5487660 0.5774928 0.6579346 0.7289826 0.3780876 0.5880653 0.6442128 0.5711141 0.5788056 0.5648898 0.5534039 0.4768597 0.4790541 0.6047342 0.5358823 0.5480243 0.4963727 0.5423466 0.4836995 0.5674418 0.5681892 0.5559693 0.6312147 0.4963025 0.5493575 0.5373146 0.5421781 0.5305750 0.6035923 0.4519521 0.6490244 0.6219173 0.6014303 0.6936113 0.4998199 0.5316209 0.4334683 0.4484942 0.5060576 0.5259879 0.5112041 0.5229305 0.5508911 0.5184065 0.5745417 0.5538856 0.5344213 0.5990792 0.5842027 0.6435240 0.4925753 
HYZL          0.2486500 0.0000000 0.1674656 0.3732387 0.3240403 0.3892042 0.2352505 0.3299510 0.3751635 0.3731438 0.2338129 0.3130561 0.2743777 0.3516139 0.2935722 0.3969451 0.3491906 0.3728144 0.3036288 2.1101090 0.2839291 0.3978432 0.4042277 0.3243500 0.4143198 0.4200758 0.2404649 0.4107751 0.3934122 0.3047572 0.2316233 0.2847337 0.4320459 0.3886767 0.4055421 0.3083410 0.4293143 0.3996081 0.3051206 0.3022199 0.3737354 0.2910475 0.2938234 0.3410764 0.3842566 0.4666585 0.2241944 0.3108007 0.4074986 0.3127680 0.3070303 0.3051320 0.3664954 0.2939733 0.2793643 0.4047193 0.3466279 0.3188064 0.3081251 0.2910475 0.3144227 0.3106504 0.2879958 0.3178366 0.3382018 0.3080860 0.3487738 0.3186100 0.3050325 0.2800840 0.3895545 0.2732697 0.3869754 0.3922131 0.3664132 0.4052797 0.3023433 0.2901766 0.2634661 0.2794639 0.3410997 0.3188138 0.3000304 0.2932947 0.2839272 0.2957179 0.3101754 0.3581886 0.2732345 0.3471802 0.3696277 0.3007072 0.2628739 
MYZV          0.4638052 0.1674656 0.0000000 0.4942696 0.5073326 0.4777692 0.4225383 0.3782749 0.4113800 0.4937410 0.3521351 0.3619490 0.4024286 0.4904538 0.3599473 0.4684080 0.3634157 0.4939957 0.3489828 2.1792152 0.3473728 0.4306499 0.4868720 0.4598813 0.4489559 0.4489739 0.3163260 0.5368022 0.5418866 0.3877987 0.2536815 0.3781409 0.4871085 0.4500331 0.4471910 0.3855596 0.4382237 0.4703923 0.4546727 0.3687534 0.4893079 0.3554735 0.3591097 0.4381504 0.4200750 0.5019393 0.3060795 0.4121610 0.4172155 0.4413607 0.4372939 0.4340489 0.4074541 0.3882012 0.4056719 0.5106904 0.4744224 0.4540146 0.3659363 0.3554735 0.3837627 0.4482690 0.4172169 0.3822508 0.4027923 0.3851517 0.4861393 0.4302156 0.3910844 0.3711821 0.4590970 0.3241418 0.4560240 0.4731170 0.5113463 0.4314870 0.4104586 0.4174684 0.3787877 0.3891001 0.4111462 0.3837462 0.4118339 0.4444912 0.4156297 0.3982247 0.3778637 0.3984567 0.3670958 0.4563048 0.4132092 0.3899467 0.4038070 
SRR6441723    0.5440942 0.3732387 0.4942696 0.0000000 0.1128703 0.1547867 0.2531591 0.1369012 0.1730376 0.1265120 0.1584639 0.2265657 0.0643067 0.1337398 0.2047835 0.2035002 0.1733463 0.1265107 0.1679864 0.0973768 0.0913487 0.1520894 0.2090146 0.0976357 0.1865385 0.2097553 0.1482003 0.1317941 0.1973534 0.2063602 0.2047549 0.1434880 0.1739521 0.1461643 0.2097168 0.1396405 0.1519453 0.2034430 0.1187495 0.0921370 0.1163861 0.0868039 0.0874089 0.1241137 0.1382095 0.2439747 0.1486460 0.0774030 0.2067979 0.1013267 0.1041739 0.0878186 0.1586037 0.1367391 0.1254132 0.1914610 0.1177913 0.1083843 0.1396312 0.0868039 0.1441884 0.1061942 0.0668636 0.1565481 0.0871133 0.1396183 0.1265454 0.1472346 0.1890322 0.1416621 0.2005870 0.1593461 0.2256073 0.2052772 0.1247842 0.2311191 0.0503266 0.0531298 0.0929481 0.0786347 0.1143840 0.0922361 0.1289154 0.0691889 0.0598649 0.1254697 0.0967852 0.1533903 0.1602775 0.1367676 0.1649015 0.1497669 0.1198046 
ERR4210213    0.6539218 0.3240403 0.5073326 0.1128703 0.0000000 0.1189586 0.2306768 0.1279578 0.2386861 0.1101739 0.1603039 0.1779136 0.0643113 0.1462569 0.1138506 0.1877388 0.2863502 0.1066137 0.1732390 0.0000010 0.1082625 0.1629632 0.1647985 0.0789954 0.1774294 0.2266354 0.1490223 0.1328406 0.0938226 0.1507820 0.1762654 0.1256537 0.1317168 0.1041633 0.1916886 0.1318909 0.1567433 0.1877388 0.1056742 0.0905518 0.1091998 0.1082625 0.0997279 0.0984704 0.1068568 0.3177765 0.1352190 0.0661967 0.2327686 0.0945669 0.0695404 0.0951722 0.1822210 0.1453977 0.1458957 0.2726450 0.1124301 0.1042254 0.1230045 0.1082625 0.1394720 0.0945669 0.0652689 0.1511081 0.1113646 0.1143378 0.1279514 0.1276502 0.1399666 0.1256537 0.1877388 0.1423918 0.2160562 0.1877388 0.1218465 0.2334220 0.0712136 0.0587476 0.0781441 0.0700918 0.0933937 0.1266562 0.1173895 0.0730212 0.0645399 0.1004919 0.0905518 0.1727008 0.1518634 0.1267479 0.1829234 3.2776506 0.1499041 
ERR2789774    0.5652974 0.3892042 0.4777692 0.1547867 0.1189586 0.0000000 0.2705665 0.1254920 0.2110540 0.0982933 0.1132891 0.2073150 0.1025374 0.1227822 0.1597857 0.1762578 0.1669485 0.0976840 0.2008499 0.1554716 0.1175919 0.1457782 0.1561384 0.1171550 0.1334713 0.1981749 0.1610918 0.1104211 0.1094320 0.1910310 0.2021690 0.1441634 0.1096506 0.1393369 0.1759076 0.1345841 0.1510415 0.1854062 0.0880526 0.1021897 0.1142423 0.1126538 0.1081136 0.1263412 0.1365575 0.2374570 0.1085485 0.1065286 0.1863618 0.1073932 0.1218939 0.1282464 0.1528733 0.1425554 0.1585639 0.2043590 0.1174658 0.1123023 0.1345780 0.1126538 0.1290188 0.1123590 0.1003115 0.1057150 0.1271720 0.1345658 0.0939853 0.1390401 0.1707696 0.1423328 0.1738792 0.1554600 0.1788753 0.1746051 0.1024288 0.2242419 0.1086861 0.1051765 0.0626437 0.0629468 0.1179780 0.1203269 0.1063965 0.0962519 0.1125250 0.1100873 0.1069635 0.1478595 0.1560703 0.1144576 0.1440211 0.2064607 0.1370018 
PAFTOL_019361 0.4364240 0.2352505 0.4225383 0.2531591 0.2306768 0.2705665 0.0000000 0.2349330 0.3802085 0.2529791 0.3957554 0.3214272 0.1982760 0.2263567 0.3148402 0.3317548 0.2597214 0.2528471 0.2845301 0.4876303 0.2259336 0.2692722 0.2985505 0.2438027 0.3200418 0.3958744 0.1733495 0.2808648 0.3009029 0.2432971 0.3081294 0.2147972 0.2553118 0.3035916 0.3302109 0.1829689 0.3334278 0.3349216 0.2215680 0.2168535 0.2536187 0.2322544 0.2263885 0.2332921 0.2880512 0.4559056 0.2023165 0.1870909 0.3445666 0.2400291 0.2466923 0.2601569 0.3479676 0.1825575 0.1654719 0.3499575 0.2379509 0.2286241 0.1854216 0.2322544 0.1903331 0.2383920 0.1913807 0.2359300 0.2598002 0.1854023 0.2531106 0.2788909 0.2430344 0.2116649 0.3259845 0.2908383 0.3209899 0.3364912 0.2181177 0.4159528 0.2090809 0.1966981 0.2030990 0.1899633 0.2072255 0.2089780 0.1960937 0.2235360 0.1986906 0.2538134 0.2234206 0.3398906 0.2220685 0.2471809 0.3319580 0.1888871 0.2590478 
S0055         0.5148231 0.3299510 0.3782749 0.1369012 0.1279578 0.1254920 0.2349330 0.0000000 0.1818816 0.1051581 0.0774135 0.1820408 0.0996885 0.1027429 0.1477978 0.1047628 0.1412516 0.1051671 0.1826530 0.1068850 0.0958435 0.1082121 0.0893010 0.0944827 0.0966298 0.1383929 0.1444639 0.1272634 0.1275905 0.1926646 0.2296130 0.1497528 0.0707264 0.1087134 0.1046866 0.1240068 0.1003057 0.1129880 0.1031512 0.0816012 0.1052276 0.0912318 0.0869351 0.1274671 0.0893944 0.1692489 0.1217125 0.0848361 0.1243788 0.1142760 0.1008033 0.1043723 0.1220633 0.1272270 0.1222546 0.1112743 0.1153069 0.1159213 0.1240068 0.0912318 0.1186973 0.1134673 0.1034401 0.0823790 0.1336971 0.1239962 0.1051771 0.1224342 0.1661907 0.1477995 0.1035192 0.0757062 0.1212252 0.1086920 0.1036933 0.1793071 0.1065709 0.0974584 0.0574704 0.0491432 0.0541088 0.1314184 0.0885773 0.1177480 0.1094836 0.1086302 0.0860584 0.1173750 0.1532884 0.1148019 0.1274842 0.1763801 0.1177504 
S0281         0.6858499 0.3751635 0.4113800 0.1730376 0.2386861 0.2110540 0.3802085 0.1818816 0.0000000 0.2128943 0.1278750 0.2331236 0.1720801 0.2302464 0.2164889 0.1456471 0.2045497 0.2098519 0.2181625 0.2318343 0.1374284 0.1963270 0.1503631 0.1857214 0.1872248 0.1512829 0.2166596 0.1983454 0.2623198 0.2500231 0.2415003 0.2495949 0.1684095 0.1047865 0.1383113 0.2360548 0.1614919 0.1541463 0.2068723 0.1386922 0.2182671 0.1323454 0.1333268 0.1776287 0.0927934 0.1454139 0.2137406 0.1839820 0.1615159 0.1935850 0.1862664 0.1725762 0.0842254 0.2417034 0.2677378 0.1592638 0.1937908 0.1859068 0.2359451 0.1323454 0.2414869 0.1882126 0.1700902 0.1295306 0.1493119 0.2359174 0.2083235 0.1686078 0.2527401 0.2457959 0.1438374 0.1044529 0.1557255 0.1471526 0.2151465 0.1568322 0.1608858 0.1765546 0.1451043 0.1341280 0.1496669 0.1812117 0.1632472 0.1794013 0.1784061 0.1541752 0.1438995 0.0801610 0.2781611 0.2313573 0.0759830 0.2984881 0.1695563 
S0282         0.6139346 0.3731438 0.4937410 0.1265120 0.1101739 0.0982933 0.2529791 0.1051581 0.2128943 0.0000000 0.2316281 0.1747532 0.0875002 0.0420699 0.1125078 0.2128724 0.1498434 0.0209927 0.1522284 0.0951849 0.0968866 0.1451553 0.1898071 0.0925249 0.1334333 0.2305006 0.1189788 0.0425385 0.0331510 0.1424604 0.1471245 0.1254936 0.1161101 0.1294486 0.2123065 0.0984736 0.1517667 0.2126602 0.0239460 0.0825761 0.0199903 0.0922568 0.0879458 0.1228852 0.1307684 0.2469047 0.0979657 0.0625661 0.2151449 0.1004778 0.0967214 0.1024123 0.1739465 0.1051778 0.1121328 0.2014364 0.1108623 0.1017763 0.0984837 0.0922568 0.0936424 0.1052708 0.0793152 0.1070189 0.1175539 0.0984764 0.0131758 0.0676329 0.1303771 0.1239555 0.2097803 0.1562684 0.2287206 0.2146690 0.0240649 0.2188687 0.0846817 0.0804518 0.0102029 0.0104530 0.0906352 0.0997092 0.1085895 0.0851373 0.0876829 0.0511765 0.0870549 0.1685069 0.1298668 0.0200272 0.1575659 0.1684622 0.0625565 
S0288         0.3877254 0.2338129 0.3521351 0.1584639 0.1603039 0.1132891 0.3957554 0.0774135 0.1278750 0.2316281 0.0000000 0.2074970 0.0913697 0.2415083 0.2670769 0.0083343 0.1180865 0.2067985 0.1900120 0.0000010 0.0755338 0.0668258 0.0262427 0.1038561 0.1177077 0.0624539 0.2830893 0.2204376 0.2037973 0.2295109 0.2114168 0.1714956 0.1017107 0.1004903 0.0084309 0.1951643 0.0989487 0.0083343 0.2037973 0.0884207 0.2506037 0.0755338 0.0760928 0.0903729 0.0763422 0.1272758 0.1739339 0.1459130 0.0554641 0.1268228 0.1038561 0.0786036 0.0731951 0.2082066 0.1394151 0.0920254 0.1023421 0.1031978 0.1785635 0.0755338 0.2086237 0.1268228 0.1330624 0.1440510 0.1382744 0.1785635 0.2104404 0.1932770 0.2680859 0.1714956 0.0083343 0.0276210 0.0274586 0.0083343 0.2366382 0.1027105 0.1556070 0.0933649 0.0622129 0.0737533 0.1274782 0.1666660 0.1569687 0.0938276 0.1159097 0.1874950 0.0884207 0.0731951 0.1861928 0.2316281 0.0837974 0.0000010 0.1545739 
S0289         0.6576688 0.3130561 0.3619490 0.2265657 0.1779136 0.2073150 0.3214272 0.1820408 0.2331236 0.1747532 0.2074970 0.0000000 0.1642726 0.1653710 0.0700434 0.2671376 0.2701696 0.1747165 0.0612506 0.5054664 0.1649604 0.2192545 0.2533076 0.1545050 0.2036780 0.2673141 0.0589093 0.2015231 0.2026384 0.1076023 0.1089731 0.0962833 0.2241864 0.2253812 0.2661859 0.1853272 0.2016133 0.2659948 0.1544692 0.1499347 0.1805663 0.1619484 0.1570335 0.1478682 0.2001663 0.3161240 0.0843286 0.1411037 0.2757242 0.1525554 0.1560348 0.1664751 0.2187338 0.1863848 0.1873821 0.2453586 0.1827559 0.1767214 0.1852793 0.1619484 0.1789285 0.1685267 0.1741487 0.1993604 0.1484858 0.1852600 0.1748224 0.1822343 0.1208047 0.0951673 0.2629412 0.1720791 0.2612758 0.2643571 0.1770393 0.2917843 0.1657043 0.1740954 0.1352778 0.1299810 0.1902801 0.1704493 0.2201964 0.1748409 0.1702215 0.1614908 0.1552500 0.2127500 0.0903724 0.1861923 0.2091225 0.1517348 0.1655297 
S0292         0.5226091 0.2743777 0.4024286 0.0643067 0.0643113 0.1025374 0.1982760 0.0996885 0.1720801 0.0875002 0.0913697 0.1642726 0.0000000 0.0969147 0.1430248 0.1531397 0.1415272 0.0875135 0.1253820 0.1647034 0.0433874 0.1065668 0.1581973 0.0428250 0.1355395 0.1710093 0.1150829 0.1090129 0.1435910 0.1598047 0.1390554 0.0997022 0.1283314 0.1104764 0.1587597 0.0873133 0.1231611 0.1538972 0.0810605 0.0437187 0.0921797 0.0395227 0.0397703 0.0641951 0.1099720 0.2166377 0.0974247 0.0394651 0.1669054 0.0419495 0.0431548 0.0350577 0.1322048 0.0937643 0.0734432 0.1529003 0.0579519 0.0502558 0.0873262 0.0395227 0.0913878 0.0381662 0.0314762 0.1067797 0.0455020 0.0873201 0.0875078 0.1135185 0.1528522 0.0985441 0.1511043 0.1311949 0.1583901 0.1547651 0.0901860 0.1948793 0.0311300 0.0065802 0.0570643 0.0528514 0.0676602 0.0422335 0.0991708 0.0202527 0.0064747 0.0937779 0.0476640 0.1273179 0.1080471 0.0966797 0.1326058 0.1369558 0.0887324 
S0294         0.5801137 0.3516139 0.4904538 0.1337398 0.1462569 0.1227822 0.2263567 0.1027429 0.2302464 0.0420699 0.2415083 0.1653710 0.0969147 0.0000000 0.1490381 0.2204581 0.1681275 0.0470797 0.1645883 0.1013176 0.1021805 0.1442042 0.1965875 0.0886870 0.1316734 0.2398872 0.1192191 0.0713214 0.0790347 0.1650340 0.1992661 0.1318076 0.1254075 0.1454446 0.2198376 0.1077550 0.1745401 0.2201163 0.0431397 0.0875621 0.0459472 0.0974627 0.0930830 0.1084000 0.1339716 0.2606607 0.1246759 0.0709785 0.2173578 0.0961963 0.0894783 0.0985073 0.1775711 0.1074928 0.1168195 0.2022366 0.1024644 0.1030011 0.1103672 0.0974627 0.1052721 0.1009464 0.0939775 0.1156354 0.1224437 0.1103583 0.0420603 0.0926096 0.1561306 0.1301637 0.2171870 0.1651110 0.2259815 0.2249240 0.0547818 0.2383754 0.0997682 0.0851330 0.0321913 0.0329269 0.0927031 0.1119899 0.1087989 0.0985410 0.0971163 0.0771217 0.0921252 0.1720175 0.1420512 0.0497366 0.1662075 0.1458529 0.0806207 
S0299         0.5804052 0.2935722 0.3599473 0.2047835 0.1138506 0.1597857 0.3148402 0.1477978 0.2164889 0.1125078 0.2670769 0.0700434 0.1430248 0.1490381 0.0000000 0.2381555 0.1698429 0.1097462 0.0535913 0.0000010 0.1605122 0.1620571 0.2098204 0.1178184 0.1469777 0.2129650 0.0489658 0.1255853 0.1087499 0.0559106 0.1018950 0.1059795 0.1354123 0.1544655 0.2436252 0.1126610 0.1422823 0.2381555 0.1087344 0.1382454 0.1310889 0.1605122 0.1500057 0.1289979 0.1445259 0.2744617 0.0982291 0.1231224 0.2359702 0.1372212 0.1178184 0.1383612 0.1929863 0.1061085 0.1949870 0.2604056 0.1282746 0.1298829 0.1037350 0.1605122 0.1204593 0.1372212 0.1178406 0.1324424 0.1510319 0.1037350 0.1228827 0.0867642 0.0627491 0.1059795 0.2381555 0.1019819 0.2519997 0.2381555 0.1258002 0.2308500 0.1322043 0.1183852 0.0657506 0.0657506 0.1140971 0.1490681 0.1843722 0.1428896 0.1435670 0.0770397 0.1382454 0.1825308 0.0942971 0.1216827 0.1757569 0.0000010 0.1086877 
S0303         0.6174095 0.3969451 0.4684080 0.2035002 0.1877388 0.1762578 0.3317548 0.1047628 0.1456471 0.2128724 0.0083343 0.2671376 0.1531397 0.2204581 0.2381555 0.0000000 0.1881849 0.2152065 0.2524477 0.0000010 0.1504131 0.1345377 0.0096210 0.1757012 0.1435554 0.0830149 0.2293181 0.2302757 0.2338346 0.2836591 0.2655707 0.2475375 0.1026960 0.1434490 0.0031835 0.2324272 0.1240616 0.0063368 0.2178577 0.1518749 0.2223476 0.1449627 0.1460998 0.1860868 0.1068781 0.0822980 0.1880604 0.1719912 0.0496604 0.1871038 0.1852612 0.1627180 0.1436306 0.2381444 0.2132818 0.0809973 0.1716240 0.1814891 0.2323196 0.1449627 0.2379630 0.1934782 0.1543055 0.1437713 0.1758597 0.2322918 0.2061189 0.2024148 0.2709253 0.2475375 0.0000010 0.0685487 0.0098771 0.0031599 0.2191060 0.0859054 0.1621544 0.1629490 0.1440141 0.1392721 0.1363024 0.1858327 0.1568146 0.1480111 0.1582863 0.1795588 0.1574636 0.1387711 0.2778894 0.2358320 0.1387962 0.3795724 0.1932476 
S0376         0.5658002 0.3491906 0.3634157 0.1733463 0.2863502 0.1669485 0.2597214 0.1412516 0.2045497 0.1498434 0.1180865 0.2701696 0.1415272 0.1681275 0.1698429 0.1881849 0.0000000 0.1464586 0.2451001 0.2651166 0.1410763 0.0468380 0.1792346 0.1673440 0.1175848 0.1970691 0.1545806 0.1634814 0.3266286 0.2340922 0.0962107 0.2097516 0.2042302 0.1463230 0.2004368 0.1651307 0.1949746 0.1886080 0.1649570 0.1324403 0.1551605 0.1324403 0.1333847 0.2226571 0.1482712 0.1726519 0.1663846 0.1135555 0.1549642 0.1639937 0.1769709 0.1673440 0.1548641 0.1651307 0.1918953 0.1708913 0.1642377 0.1503406 0.1557451 0.1324403 0.1738826 0.1639937 0.1437997 0.1597662 0.1264210 0.1747636 0.1467833 0.1539304 0.2179010 0.2097516 0.1881849 0.1656343 0.1907341 0.1952824 0.1577968 0.1702265 0.1430843 0.1376246 0.1467833 0.1398210 0.1365809 0.1418436 0.1574047 0.1551401 0.1425463 0.1286486 0.1324403 0.1638613 0.2379878 0.1649839 0.1557955 0.2620619 0.1523129 
S0405         0.6129720 0.3728144 0.4939957 0.1265107 0.1066137 0.0976840 0.2528471 0.1051671 0.2098519 0.0209927 0.2067985 0.1747165 0.0875135 0.0470797 0.1097462 0.2152065 0.1464586 0.0000000 0.1522105 0.1578599 0.0914857 0.1496882 0.1983414 0.0866209 0.1288953 0.2357721 0.1243872 0.0463230 0.0442309 0.1534335 0.1318836 0.1203497 0.1228462 0.1302167 0.2130969 0.1046486 0.1593786 0.2217119 0.0239536 0.0775028 0.0282643 0.0869519 0.0827138 0.1162015 0.1298027 0.2476803 0.0954567 0.0544156 0.2132940 0.0944232 0.0907032 0.0962430 0.1714583 0.1115743 0.1065438 0.2013683 0.1142981 0.1051814 0.1046569 0.0869519 0.0996900 0.0991012 0.0793288 0.1013885 0.1175571 0.1046488 0.0209837 0.0644118 0.1408850 0.1239555 0.2188092 0.1644865 0.2382679 0.2238876 0.0240726 0.2196627 0.0846947 0.0804661 0.0140439 0.0104567 0.0906475 0.0997192 0.0987402 0.0855858 0.0876951 0.0552583 0.0818906 0.1660901 0.1353057 0.0283184 0.1583606 0.1857276 0.0625705 
S0407sl       0.6823839 0.3036288 0.3489828 0.1679864 0.1732390 0.2008499 0.2845301 0.1826530 0.2181625 0.1522284 0.1900120 0.0612506 0.1253820 0.1645883 0.0535913 0.2524477 0.2451001 0.1522105 0.0000000 0.1806528 0.1346108 0.1860154 0.2725910 0.1536352 0.2108748 0.2551726 0.0416362 0.1774827 0.1583386 0.0891084 0.0536652 0.0734193 0.2183121 0.2422377 0.2592918 0.1529660 0.1955829 0.2515602 0.1333214 0.1383680 0.1577357 0.1320716 0.1330440 0.1607977 0.2160444 0.2947595 0.0804845 0.1223784 0.2517502 0.1511261 0.1551601 0.1421498 0.2056367 0.1538093 0.1457738 0.2347147 0.1702576 0.1644045 0.1529472 0.1320716 0.1575616 0.1565896 0.1229062 0.1773763 0.1305175 0.1529326 0.1522805 0.1650074 0.0959775 0.0726011 0.2485493 0.1792372 0.2469740 0.2498500 0.1546004 0.2834771 0.1164805 0.1232026 0.1243929 0.1192447 0.1758043 0.1299632 0.1911772 0.1343056 0.1206329 0.1482887 0.1435334 0.1998757 0.0717131 0.1526134 0.1915189 0.1144614 0.1307367 
S0412sl       3.8072384 2.1101090 2.1792152 0.0973768 0.0000010 0.1554716 0.4876303 0.1068850 0.2318343 0.0951849 0.0000010 0.5054664 0.1647034 0.1013176 0.0000010 0.0000010 0.2651166 0.1578599 0.1806528 0.0000000 0.0973768 0.2856443 0.0000010 0.1002993 0.1650664 0.0438216 0.1943399 0.2267101 0.2173733 0.2425719 0.0000010 0.2204891 0.0000029 0.2503827 0.0000010 0.1750819 0.1839935 0.0000010 0.1554716 0.0973768 0.1679421 0.0973768 0.0973768 0.1728297 0.2503827 0.0000010 0.0000010 0.0973768 0.0000010 0.0988095 0.1002993 0.1002993 0.1554716 0.1750819 0.0000010 0.0453482 0.0988095 0.0988095 0.1750819 0.0973768 0.1750819 0.1647034 0.0973768 0.0973768 0.1101712 0.1750819 0.0951849 0.1554716 0.0973768 0.1806528 0.0000010 0.0000030 0.0000010 0.0000010 0.0951849 0.0438216 0.0973768 0.1647034 0.0951849 0.0951849 0.1616003 0.0988095 0.0973768 0.1054157 0.1647034 0.1554716 0.1589323 0.1554716 0.2196906 0.1679421 0.1554716 0.1619224 0.1554716 
S0419         0.5313276 0.2839291 0.3473728 0.0913487 0.1082625 0.1175919 0.2259336 0.0958435 0.1374284 0.0968866 0.0755338 0.1649604 0.0433874 0.1021805 0.1605122 0.1504131 0.1410763 0.0914857 0.1346108 0.0973768 0.0000000 0.0966832 0.1502391 0.0653874 0.1145954 0.1784622 0.1188647 0.1080817 0.1425669 0.1552066 0.1529288 0.1099083 0.1303801 0.0880394 0.1426153 0.0926164 0.1337131 0.1512028 0.0900862 0.0098631 0.1017315 0.0032201 0.0098192 0.0835868 0.0775692 0.1963708 0.1074692 0.0473703 0.1583038 0.0640922 0.0659400 0.0605991 0.0925575 0.0993064 0.1079100 0.1482065 0.0725029 0.0736273 0.0926283 0.0032201 0.0967787 0.0683807 0.0548576 0.0762331 0.0719648 0.0926215 0.0968995 0.1094943 0.1482868 0.1085627 0.1484510 0.1258873 0.1555751 0.1520033 0.0995442 0.1763267 0.0621561 0.0482905 0.0563780 0.0522028 0.0717492 0.0651680 0.0843649 0.0571853 0.0513928 0.0992039 0.0132346 0.0882799 0.1245339 0.1063874 0.0973248 0.1340293 0.0785463 
S0427         0.5613980 0.3978432 0.4306499 0.1520894 0.1629632 0.1457782 0.2692722 0.1082121 0.1963270 0.1451553 0.0668258 0.2192545 0.1065668 0.1442042 0.1620571 0.1345377 0.0468380 0.1496882 0.1860154 0.2856443 0.0966832 0.0000000 0.1406592 0.1330815 0.1391200 0.1598637 0.1507406 0.1558907 0.1912561 0.2295546 0.1593134 0.1626011 0.1261368 0.1269319 0.1461071 0.1525192 0.1531859 0.1417264 0.1365542 0.1023904 0.1605602 0.0920293 0.1019341 0.1605638 0.1170032 0.2001792 0.1319274 0.1011986 0.1495876 0.1452816 0.1381636 0.1265468 0.1341718 0.1533711 0.1289141 0.1489348 0.1270353 0.1350176 0.1414151 0.0920293 0.1571746 0.1509281 0.1096168 0.1234332 0.1165417 0.1524858 0.1497569 0.1356070 0.1785618 0.1673741 0.1390170 0.1039209 0.1535571 0.1448676 0.1521754 0.1799289 0.1221999 0.1068838 0.0935741 0.0887625 0.0984876 0.1272423 0.1427005 0.1217485 0.1167069 0.1205435 0.1072154 0.1293210 0.1889458 0.1608563 0.1297893 0.2557961 0.1396102 
S0430         0.6259887 0.4042277 0.4868720 0.2090146 0.1647985 0.1561384 0.2985505 0.0893010 0.1503631 0.1898071 0.0262427 0.2533076 0.1581973 0.1965875 0.2098204 0.0096210 0.1792346 0.1983414 0.2725910 0.0000010 0.1502391 0.1406592 0.0000000 0.1552631 0.1258478 0.0869670 0.2035654 0.2064033 0.2049566 0.2551076 0.3040151 0.2250645 0.0875535 0.1256941 0.0096285 0.2078162 0.1282331 0.0160862 0.1946218 0.1330841 0.1985614 0.1448073 0.1399135 0.1648168 0.0915384 0.0863718 0.1627535 0.1516207 0.0612761 0.1659892 0.1639196 0.1678233 0.1483022 0.2129374 0.2234964 0.0851614 0.1517077 0.1605988 0.2077415 0.1448073 0.2130424 0.1719234 0.1482983 0.1260885 0.1810808 0.2077181 0.1836951 0.1804677 0.2435518 0.2217275 0.0095340 0.0726617 0.0200398 0.0128347 0.1957101 0.0899875 0.1785454 0.1681968 0.1253609 0.1208476 0.1188588 0.1885922 0.1381222 0.1530174 0.1633812 0.1592925 0.1383224 0.1434027 0.2487554 0.2110978 0.1434345 0.3475493 0.1985514 
S0552sl       0.5975277 0.3243500 0.4598813 0.0976357 0.0789954 0.1171550 0.2438027 0.0944827 0.1857214 0.0925249 0.1038561 0.1545050 0.0428250 0.0886870 0.1178184 0.1757012 0.1673440 0.0866209 0.1536352 0.1002993 0.0653874 0.1330815 0.1552631 0.0000000 0.1156554 0.1756985 0.1177090 0.1212217 0.1248811 0.1689406 0.1676258 0.1115965 0.1208491 0.1105107 0.1753476 0.1107435 0.1345093 0.1760953 0.0920699 0.0525179 0.0952102 0.0611645 0.0571487 0.0328064 0.1100095 0.2199251 0.0976819 0.0565840 0.1734881 0.0204719 0.0065398 0.0065088 0.1392853 0.1180397 0.1168645 0.1523165 0.0352675 0.0279917 0.1107498 0.0611645 0.1150806 0.0240536 0.0601638 0.1025675 0.0576187 0.1107407 0.0925351 0.1093301 0.1578782 0.1102582 0.1732897 0.1306497 0.1886026 0.1774050 0.0951793 0.2111803 0.0591949 0.0476463 0.0575268 0.0532990 0.0910576 0.0707377 0.1217127 0.0514053 0.0507146 0.1018940 0.0566105 0.1342899 0.1259803 0.1018156 0.1425899 0.1674516 0.1159888 
S0558         0.6213072 0.4143198 0.4489559 0.1865385 0.1774294 0.1334713 0.3200418 0.0966298 0.1872248 0.1334333 0.1177077 0.2036780 0.1355395 0.1316734 0.1469777 0.1435554 0.1175848 0.1288953 0.2108748 0.1650664 0.1145954 0.1391200 0.1258478 0.1156554 0.0000000 0.1990398 0.1398872 0.1291117 0.1723553 0.1817150 0.1819335 0.1605979 0.0996864 0.1226732 0.1360519 0.1678720 0.0833788 0.1419335 0.1322255 0.0992439 0.1407715 0.1096683 0.1051287 0.1520515 0.1083605 0.1810944 0.1443823 0.1232548 0.1468156 0.1299919 0.1229472 0.1267144 0.1221821 0.1688439 0.1573133 0.1581812 0.1300979 0.1225758 0.1678398 0.1096683 0.1615932 0.1354009 0.1383456 0.0997402 0.1406245 0.1678225 0.1407104 0.1181458 0.1891753 0.1584454 0.1417447 0.1192735 0.1618954 0.1450797 0.1378152 0.1975731 0.1306683 0.1204982 0.0845592 0.0799018 0.0953923 0.1302661 0.1310214 0.1322215 0.1358263 0.1049727 0.1040098 0.1271097 0.1660407 0.1515863 0.1326700 0.2090855 0.1366579 
S0616         0.6319569 0.4200758 0.4489739 0.2097553 0.2266354 0.1981749 0.3958744 0.1383929 0.1512829 0.2305006 0.0624539 0.2673141 0.1710093 0.2398872 0.2129650 0.0830149 0.1970691 0.2357721 0.2551726 0.0438216 0.1784622 0.1598637 0.0869670 0.1756985 0.1990398 0.0000000 0.2413327 0.2412672 0.2410013 0.2929691 0.2824907 0.2586853 0.1436576 0.1658234 0.0872778 0.2378650 0.1854298 0.0822281 0.2313830 0.1802002 0.2360645 0.1728155 0.1741776 0.1769378 0.1376561 0.1032674 0.1893077 0.1994571 0.1166598 0.1867316 0.1849433 0.1631391 0.1293577 0.2435425 0.2284033 0.1054293 0.1749716 0.1847007 0.2238966 0.1728155 0.2433071 0.1814862 0.1776244 0.1652938 0.1649235 0.2377251 0.2195033 0.2134039 0.2871685 0.2547288 0.0821317 0.0582851 0.0972990 0.0865971 0.2326887 0.0808271 0.1791823 0.1753999 0.1538038 0.1491117 0.1433648 0.1943945 0.1939611 0.1658075 0.1761823 0.1974921 0.1859948 0.1247732 0.2701869 0.2497017 0.1247794 0.3663699 0.2145115 
S0624         0.5042915 0.2404649 0.3163260 0.1482003 0.1490223 0.1610918 0.1733495 0.1444639 0.2166596 0.1189788 0.2830893 0.0589093 0.1150829 0.1192191 0.0489658 0.2293181 0.1545806 0.1243872 0.0416362 0.1943399 0.1188647 0.1507406 0.2035654 0.1177090 0.1398872 0.2413327 0.0000000 0.1385017 0.1654123 0.0313245 0.0645323 0.0348062 0.1678088 0.1840999 0.2286025 0.1054179 0.1625037 0.2331358 0.1110316 0.1073919 0.1299055 0.1188647 0.1139204 0.1211694 0.1637744 0.2635976 0.0419764 0.0927102 0.2381989 0.1154822 0.1189065 0.1293689 0.1811772 0.0956898 0.1004794 0.1953844 0.1122747 0.1075437 0.1054265 0.1188647 0.1099269 0.1208817 0.1122496 0.1324085 0.1144812 0.1054177 0.1190084 0.1214297 0.0302744 0.0344245 0.2256957 0.1555295 0.2125348 0.2269091 0.1156489 0.2527436 0.1156255 0.1072124 0.0905849 0.0905849 0.1334990 0.1185944 0.1363594 0.1243958 0.1148341 0.1101936 0.1126031 0.1752104 0.0319305 0.1193003 0.1717387 0.0166928 0.1218152 
S0641         0.6300957 0.4107751 0.5368022 0.1317941 0.1328406 0.1104211 0.2808648 0.1272634 0.1983454 0.0425385 0.2204376 0.2015231 0.1090129 0.0713214 0.1255853 0.2302757 0.1634814 0.0463230 0.1774827 0.2267101 0.1080817 0.1558907 0.2064033 0.1212217 0.1291117 0.2412672 0.1385017 0.0000000 0.0553586 0.1744724 0.1524447 0.1495016 0.1145991 0.1346805 0.2296094 0.1269899 0.1567903 0.2297820 0.0414515 0.0934955 0.0540303 0.1033854 0.0990437 0.1466901 0.1371207 0.2582126 0.1352170 0.0821189 0.2464278 0.1225548 0.1258898 0.1321309 0.1621643 0.1345460 0.1268646 0.2204154 0.1281626 0.1302710 0.1269883 0.1033854 0.1216894 0.1276378 0.0997607 0.1127428 0.1460309 0.1269775 0.0463013 0.0789937 0.1584830 0.1476012 0.2269131 0.1670060 0.2464635 0.2320617 0.0417710 0.2297634 0.1055665 0.1020212 0.0394176 0.0318016 0.1059155 0.1222321 0.1127770 0.1068408 0.1092371 0.0622017 0.0891777 0.1677291 0.1441210 0.0541306 0.1570145 0.1845320 0.0647048 
S0643         0.7701346 0.3934122 0.5418866 0.1973534 0.0938226 0.1094320 0.3009029 0.1275905 0.2623198 0.0331510 0.2037973 0.2026384 0.1435910 0.0790347 0.1087499 0.2338346 0.3266286 0.0442309 0.1583386 0.2173733 0.1425669 0.1912561 0.2049566 0.1248811 0.1723553 0.2410013 0.1654123 0.0553586 0.0000000 0.1650174 0.1304605 0.1600462 0.1133211 0.1407824 0.2327203 0.1355469 0.1944155 0.2394970 0.0438308 0.1246794 0.0584029 0.1425669 0.1350042 0.1352078 0.1442637 0.3056532 0.1371636 0.0966591 0.2371305 0.1411891 0.1248811 0.1425068 0.2170113 0.1479003 0.1483515 0.2458097 0.1504124 0.1520452 0.1274313 0.1425669 0.1270709 0.1497587 0.1126634 0.1276222 0.1928726 0.1274313 0.0456872 0.0909114 0.1378914 0.1567607 0.2283281 0.1400801 0.2568701 0.2301614 0.0496745 0.2517668 0.1305748 0.1227309 0.0345872 0.0345872 0.1120336 0.1595460 0.1332083 0.1371802 0.1440594 0.0765259 0.1326478 0.2076302 0.1760646 0.0519517 0.1972333 0.5728411 0.0898710 
S0645sl       0.5850617 0.3047572 0.3877987 0.2063602 0.1507820 0.1910310 0.2432971 0.1926646 0.2500231 0.1424604 0.2295109 0.1076023 0.1598047 0.1650340 0.0559106 0.2836591 0.2340922 0.1534335 0.0891084 0.2425719 0.1552066 0.2295546 0.2551076 0.1689406 0.1817150 0.2929691 0.0313245 0.1744724 0.1650174 0.0000000 0.0540939 0.0768933 0.2089930 0.2407504 0.2825744 0.1468414 0.2131596 0.2870428 0.1447693 0.1377278 0.1590648 0.1496876 0.1447259 0.1715874 0.2265272 0.3348583 0.0409159 0.1268251 0.3241730 0.1528843 0.1707350 0.1820463 0.2120674 0.1476558 0.1473274 0.3158983 0.1656600 0.1467976 0.1468271 0.1496876 0.1514448 0.1585662 0.1448078 0.1647265 0.1657878 0.1468132 0.1410435 0.1608056 0.0589529 0.0760084 0.2791062 0.2141749 0.2773341 0.2855036 0.1558577 0.3138467 0.1512903 0.1579652 0.1242330 0.1249352 0.1651828 0.1608804 0.1539084 0.1502380 0.1601376 0.1374381 0.1430589 0.2060665 0.0750890 0.1538470 0.2024475 0.0999021 0.1492604 
S0656sl       0.4582696 0.2316233 0.2536815 0.2047549 0.1762654 0.2021690 0.3081294 0.2296130 0.2415003 0.1471245 0.2114168 0.1089731 0.1390554 0.1992661 0.1018950 0.2655707 0.0962107 0.1318836 0.0536652 0.0000010 0.1529288 0.1593134 0.3040151 0.1676258 0.1819335 0.2824907 0.0645323 0.1524447 0.1304605 0.0540939 0.0000000 0.0844180 0.2335019 0.2385908 0.2689496 0.1806758 0.2057208 0.2655707 0.1196626 0.1682219 0.1712976 0.1529288 0.1540269 0.1830113 0.2111361 0.3817830 0.0853330 0.1353820 0.2627608 0.1941673 0.1676258 0.1414483 0.2183531 0.1828515 0.1280053 0.2872867 0.1960604 0.1852071 0.1681536 0.1529288 0.1908873 0.1941673 0.1239144 0.1848557 0.1251704 0.1681536 0.1610161 0.1205389 0.0645842 0.0844180 0.2655707 0.1140825 0.2826941 0.2655707 0.1634739 0.3185061 0.1480409 0.1110906 0.1002420 0.1002420 0.1840684 0.1370825 0.2225203 0.1449169 0.1396689 0.1099867 0.1682219 0.2183531 0.0690866 0.1590316 0.2094535 0.0000010 0.1008611 
S0673         0.5418412 0.2847337 0.3781409 0.1434880 0.1256537 0.1441634 0.2147972 0.1497528 0.2495949 0.1254936 0.1714956 0.0962833 0.0997022 0.1318076 0.1059795 0.2475375 0.2097516 0.1203497 0.0734193 0.2204891 0.1099083 0.1626011 0.2250645 0.1115965 0.1605979 0.2586853 0.0348062 0.1495016 0.1600462 0.0768933 0.0844180 0.0000000 0.1814660 0.1959844 0.2506169 0.1117962 0.1710923 0.2505806 0.1078593 0.0973273 0.1307396 0.1076678 0.1031517 0.1177047 0.1759029 0.3177709 0.0044589 0.0798217 0.2694024 0.0989632 0.1126448 0.1222721 0.1864751 0.1123860 0.1052373 0.2514650 0.1056134 0.1006754 0.1118020 0.1076678 0.1160933 0.1037244 0.0946925 0.1343053 0.1138708 0.1117928 0.1141691 0.1416400 0.0849147 0.0000010 0.2475375 0.1816265 0.2459503 0.2488446 0.1280220 0.3053537 0.1093755 0.0971747 0.0927730 0.0932589 0.1259496 0.1072476 0.1199548 0.0970216 0.0999080 0.1196447 0.1020596 0.1808381 0.0104991 0.1258161 0.1873367 0.0575729 0.1355717 
S0689         0.5971831 0.4320459 0.4871085 0.1739521 0.1317168 0.1096506 0.2553118 0.0707264 0.1684095 0.1161101 0.1017107 0.2241864 0.1283314 0.1254075 0.1354123 0.1026960 0.2042302 0.1228462 0.2183121 0.0000029 0.1303801 0.1261368 0.0875535 0.1208491 0.0996864 0.1436576 0.1678088 0.1145991 0.1133211 0.2089930 0.2335019 0.1814660 0.0000000 0.0926130 0.1026265 0.1646848 0.1044995 0.1107894 0.1155805 0.1141633 0.1229331 0.1252069 0.1204883 0.1494137 0.0854597 0.1857732 0.1471992 0.1225345 0.1184563 0.1428345 0.1281277 0.1318171 0.1336647 0.1688792 0.1637265 0.1419994 0.1250159 0.1376591 0.1646557 0.1252069 0.1585034 0.1483505 0.1291961 0.0792442 0.1581459 0.1646390 0.1228767 0.1375627 0.1932165 0.1789293 0.1014973 0.0957783 0.1188351 0.1065661 0.1137285 0.1845184 0.1367769 0.1265039 0.0772947 0.0666861 0.0829918 0.1541180 0.0988793 0.1393669 0.1392612 0.1145690 0.1191598 0.1288210 0.1937823 0.1331363 0.1288328 0.2527513 0.1262686 
S0720         0.6829012 0.3886767 0.4500331 0.1461643 0.1041633 0.1393369 0.3035916 0.1087134 0.1047865 0.1294486 0.1004903 0.2253812 0.1104764 0.1454446 0.1544655 0.1434490 0.1463230 0.1302167 0.2422377 0.2503827 0.0880394 0.1269319 0.1256941 0.1105107 0.1226732 0.1658234 0.1840999 0.1346805 0.1407824 0.2407504 0.2385908 0.1959844 0.0926130 0.0000000 0.1307657 0.1594133 0.1453353 0.1521122 0.1282849 0.0740621 0.1367011 0.0834993 0.0792460 0.1208912 0.0198713 0.1939572 0.1595724 0.0992718 0.1462302 0.1246056 0.1176058 0.1213456 0.0823456 0.1635121 0.1790011 0.1661860 0.1222180 0.1195028 0.1593886 0.0834993 0.1642084 0.1299145 0.1131392 0.0962459 0.1453642 0.1593727 0.1366407 0.1175440 0.2083722 0.1931784 0.1416340 0.0942215 0.1618494 0.1449780 0.1391331 0.1803394 0.1214093 0.1131825 0.0864819 0.0817213 0.0861413 0.1357153 0.1216635 0.1272777 0.1209634 0.1025984 0.0784550 0.0782115 0.2176631 0.1474169 0.0913958 0.2802398 0.1295885 
S0724sl       0.6280646 0.4055421 0.4471910 0.2097168 0.1916886 0.1759076 0.3302109 0.1046866 0.1383113 0.2123065 0.0084309 0.2661859 0.1587597 0.2198376 0.2436252 0.0031835 0.2004368 0.2130969 0.2592918 0.0000010 0.1426153 0.1461071 0.0096285 0.1753476 0.1360519 0.0872778 0.2286025 0.2296094 0.2327203 0.2825744 0.2689496 0.2506169 0.1026265 0.1307657 0.0000000 0.2317295 0.1239304 0.0095814 0.2172654 0.1384339 0.2217206 0.1373374 0.1329470 0.1856765 0.0960109 0.0812177 0.1911260 0.1643728 0.0536329 0.1866921 0.1848525 0.1684078 0.1364000 0.2374029 0.2243571 0.0854845 0.1712950 0.1811043 0.2316234 0.1373374 0.2372302 0.1930313 0.1590903 0.1372156 0.1817013 0.2315960 0.2055987 0.1926227 0.2699493 0.2467316 0.0031550 0.0729479 0.0132710 0.0063706 0.2185040 0.0847759 0.1678312 0.1687982 0.1438016 0.1390778 0.1361279 0.1857397 0.1498564 0.1535645 0.1639568 0.1791931 0.1437598 0.1316844 0.2768119 0.2351155 0.1367490 0.3650711 0.1992101 
S0735         0.4969681 0.3083410 0.3855596 0.1396405 0.1318909 0.1345841 0.1829689 0.1240068 0.2360548 0.0984736 0.1951643 0.1853272 0.0873133 0.1077550 0.1126610 0.2324272 0.1651307 0.1046486 0.1529660 0.1750819 0.0926164 0.1525192 0.2078162 0.1107435 0.1678720 0.2378650 0.1054179 0.1269899 0.1355469 0.1468414 0.1806758 0.1117962 0.1646848 0.1594133 0.2317295 0.0000000 0.1886674 0.2318845 0.0976815 0.0784635 0.1032386 0.0880299 0.0837447 0.1248187 0.1511107 0.3010445 0.0906591 0.0670796 0.2193114 0.1087359 0.1117931 0.1214910 0.1814453 0.0100723 0.1169802 0.2258217 0.1301017 0.1204139 0.0065129 0.0880299 0.0097845 0.1079546 0.0897870 0.1274508 0.1211153 0.0065128 0.0892175 0.1275052 0.1402242 0.1104565 0.2289418 0.1841877 0.2379391 0.2342583 0.1072222 0.2733709 0.1045473 0.0846427 0.0652886 0.0741199 0.1020413 0.0857479 0.1122162 0.0982654 0.0874943 0.1167103 0.0829026 0.1758795 0.1103146 0.0982924 0.1822584 0.1228493 0.1255079 
S0742         0.5687793 0.4293143 0.4382237 0.1519453 0.1567433 0.1510415 0.3334278 0.1003057 0.1614919 0.1517667 0.0989487 0.2016133 0.1231611 0.1745401 0.1422823 0.1240616 0.1949746 0.1593786 0.1955829 0.1839935 0.1337131 0.1531859 0.1282331 0.1345093 0.0833788 0.1854298 0.1625037 0.1567903 0.1944155 0.2131596 0.2057208 0.1710923 0.1044995 0.1453353 0.1239304 0.1886674 0.0000000 0.1252435 0.1609537 0.1245473 0.1595261 0.1286353 0.1193643 0.1574275 0.1405214 0.1611923 0.1578324 0.1406358 0.1485251 0.1573061 0.1300874 0.1337573 0.1417265 0.1933261 0.1692140 0.1747820 0.1544818 0.1520147 0.1886152 0.1286353 0.1820995 0.1516563 0.1402119 0.1173628 0.1341362 0.1885950 0.1594626 0.1660034 0.2111534 0.1687998 0.1225416 0.1078767 0.1414737 0.1254907 0.1516821 0.1966129 0.1129582 0.1212895 0.0987240 0.0843801 0.0962952 0.1530590 0.1600199 0.1409093 0.1337037 0.1348026 0.1295960 0.1368338 0.1762676 0.1708314 0.1368565 0.2606475 0.1689522 
S0748         0.6175885 0.3996081 0.4703923 0.2034430 0.1877388 0.1854062 0.3349216 0.1129880 0.1541463 0.2126602 0.0083343 0.2659948 0.1538972 0.2201163 0.2381555 0.0063368 0.1886080 0.2217119 0.2515602 0.0000010 0.1512028 0.1417264 0.0160862 0.1760953 0.1419335 0.0822281 0.2331358 0.2297820 0.2394970 0.2870428 0.2655707 0.2505806 0.1107894 0.1521122 0.0095814 0.2318845 0.1252435 0.0000000 0.2175652 0.1526475 0.2219774 0.1458389 0.1414295 0.1863146 0.1150002 0.0814938 0.1967332 0.1724492 0.0569051 0.1873127 0.1855039 0.1633172 0.1520601 0.2375009 0.2211867 0.0888266 0.1720780 0.1817908 0.2317794 0.1458389 0.2373289 0.1935842 0.1550477 0.1523850 0.1762488 0.2317522 0.2060192 0.2023759 0.2743517 0.2467348 0.0062803 0.0763533 0.0164997 0.0062933 0.2187920 0.0850653 0.1627619 0.1635608 0.1449303 0.1402693 0.1373021 0.1860638 0.1656688 0.1488502 0.1589599 0.1798840 0.1581469 0.1471530 0.2765041 0.2352355 0.1471903 0.3854888 0.1933556 
S0756         0.5254128 0.3051206 0.4546727 0.1187495 0.1056742 0.0880526 0.2215680 0.1031512 0.2068723 0.0239460 0.2037973 0.1544692 0.0810605 0.0431397 0.1087344 0.2178577 0.1649570 0.0239536 0.1333214 0.1554716 0.0900862 0.1365542 0.1946218 0.0920699 0.1322255 0.2313830 0.1110316 0.0414515 0.0438308 0.1447693 0.1196626 0.1078593 0.1155805 0.1282849 0.2172654 0.0976815 0.1609537 0.2175652 0.0000000 0.0762919 0.0311090 0.0856104 0.0814237 0.1152058 0.1235009 0.2432787 0.0948082 0.0571352 0.2200625 0.0936606 0.0962373 0.1018898 0.1690065 0.1043093 0.0981616 0.1938873 0.1092262 0.1043030 0.0976917 0.0856104 0.0929000 0.0982928 0.0733293 0.0998581 0.1145352 0.0976845 0.0239367 0.0619449 0.1259892 0.1065945 0.2146975 0.1579446 0.2337531 0.2157172 0.0269266 0.2159351 0.0784755 0.0741191 0.0171557 0.0136209 0.0802677 0.0927613 0.0972234 0.0790704 0.0812272 0.0499877 0.0806229 0.1637047 0.1165915 0.0311671 0.1530383 0.1435539 0.0571148 
S0760         0.5619935 0.3022199 0.3687534 0.0921370 0.0905518 0.1021897 0.2168535 0.0816012 0.1386922 0.0825761 0.0884207 0.1499347 0.0437187 0.0875621 0.1382454 0.1518749 0.1324403 0.0775028 0.1383680 0.0973768 0.0098631 0.1023904 0.1330841 0.0525179 0.0992439 0.1802002 0.1073919 0.0934955 0.1246794 0.1377278 0.1682219 0.0973273 0.1141633 0.0740621 0.1384339 0.0784635 0.1245473 0.1526475 0.0762919 0.0000000 0.0871959 0.0065337 0.0032530 0.0698083 0.0641926 0.1983962 0.0934953 0.0355313 0.1598343 0.0514441 0.0529457 0.0610876 0.0933368 0.0846880 0.1090092 0.1496448 0.0594936 0.0603966 0.0784777 0.0065337 0.0824988 0.0555328 0.0553071 0.0631277 0.0725528 0.0784725 0.0825807 0.0946896 0.1312350 0.0961796 0.1498739 0.1271197 0.1570839 0.1534839 0.0852922 0.1780809 0.0626452 0.0486713 0.0439054 0.0399327 0.0588290 0.0628694 0.0704464 0.0576488 0.0517941 0.0849043 0.0032282 0.0890182 0.1108460 0.0916442 0.0981550 0.1233074 0.0791851 
S0763         0.5981106 0.3737354 0.4893079 0.1163861 0.1091998 0.1142423 0.2536187 0.1052276 0.2182671 0.0199903 0.2506037 0.1805663 0.0921797 0.0459472 0.1310889 0.2223476 0.1551605 0.0282643 0.1577357 0.1679421 0.1017315 0.1605602 0.1985614 0.0952102 0.1407715 0.2360645 0.1299055 0.0540303 0.0584029 0.1590648 0.1712976 0.1307396 0.1229331 0.1367011 0.2217206 0.1032386 0.1595261 0.2219774 0.0311090 0.0871959 0.0000000 0.0970401 0.0926832 0.1280922 0.1363211 0.2670493 0.1103797 0.0667673 0.2245292 0.1052965 0.1015306 0.1050846 0.1788834 0.1100866 0.1115974 0.2015978 0.1260283 0.1166012 0.1032473 0.0970401 0.0983295 0.1101572 0.0793574 0.1138473 0.1227053 0.1032394 0.0199820 0.0760324 0.1511747 0.1291238 0.2190702 0.1646530 0.2455099 0.2241610 0.0312638 0.2375532 0.0847293 0.0851308 0.0171991 0.0176081 0.0906894 0.1046265 0.1036537 0.0883382 0.0923703 0.0633245 0.0917351 0.1733972 0.1408437 0.0198116 0.1734834 0.1685090 0.0707154 
S0765         0.5423466 0.2910475 0.3554735 0.0868039 0.1082625 0.1126538 0.2322544 0.0912318 0.1323454 0.0922568 0.0755338 0.1619484 0.0395227 0.0974627 0.1605122 0.1449627 0.1324403 0.0869519 0.1320716 0.0973768 0.0032201 0.0920293 0.1448073 0.0611645 0.1096683 0.1728155 0.1188647 0.1033854 0.1425669 0.1496876 0.1529288 0.1076678 0.1252069 0.0834993 0.1373374 0.0880299 0.1286353 0.1458389 0.0856104 0.0065337 0.0970401 0.0000000 0.0065044 0.0791029 0.0732015 0.1902599 0.1074692 0.0434500 0.1528306 0.0599385 0.0616765 0.0564664 0.0881167 0.0945841 0.1024675 0.1427764 0.0682477 0.0693006 0.0880428 0.0000010 0.0921600 0.0641701 0.0508615 0.0719535 0.0677372 0.0880365 0.0922678 0.1047301 0.1428887 0.1063677 0.1430870 0.1205503 0.1501017 0.1465297 0.0949395 0.1705727 0.0581162 0.0442892 0.0522627 0.0481461 0.0675189 0.0609788 0.0798365 0.0530471 0.0474198 0.0945803 0.0098631 0.0838870 0.1219900 0.1016384 0.0928062 0.1233074 0.0743114 
