121
CRNC          0.0000000 0.1800275 0.2438352 0.3182690 0.2437710 0.3193791 0.2459497 0.3317088 0.1855686 0.3238144 0.3229696 0.2883125 0.2983487 0.3231077 0.3621223 0.3110039 0.3026025 0.3235389 0.3256356 0.3405361 0.3314641 0.2922298 0.3133030 0.2925967 0.5772572 0.3092405 0.3568191 0.3210060 0.3127076 0.3177362 0.2857565 0.3424808 0.3191474 0.3158774 0.3040553 0.3305310 0.3346828 0.3319241 0.3067469 0.3045432 0.2998630 0.3006413 0.3735890 0.3219272 0.3627785 0.3249428 0.3183148 0.3410505 0.3203639 0.3363725 0.2965159 0.3033270 0.3005377 0.3081988 0.3122280 0.3083776 0.3138690 0.3249341 0.3173768 0.3367758 0.3194442 0.3096753 0.3354229 0.3050888 0.3167803 0.3192112 0.3123324 0.3111077 0.4636172 0.2943743 0.2879939 0.3133687 0.3341969 0.3086665 0.2424645 0.2597670 0.3131353 0.3037540 0.3335216 0.3083776 0.3430351 0.2246253 0.2950717 0.3308670 0.3137978 0.3103376 0.3176805 0.3293249 0.2936507 0.3003119 0.3311176 0.3214353 0.3081908 0.3686990 0.3160106 0.2893767 0.3433723 0.3171648 0.3265525 0.3209384 0.3079572 0.3104072 0.3229244 0.3111565 0.2980840 0.2970325 0.3130188 0.3220799 0.2968012 0.3259135 0.3205559 0.3204756 0.4184185 0.3058425 0.3038210 0.3676695 0.3105490 0.3331155 0.3351550 0.3278128 0.3005267 
HYZL          0.1800275 0.0000000 0.1551564 0.2967538 0.1960834 0.2909114 0.2405325 0.3168329 0.2552816 0.3107076 0.2865134 0.2832418 0.2780026 0.2995294 0.3088588 0.2921279 0.2885762 0.3003176 0.2989271 0.3303688 0.3097091 0.2864256 0.2722738 0.3103046 0.4538492 0.2928396 0.3277318 0.3084171 0.3021389 0.2907889 0.2912678 0.3245961 0.2984727 0.3070505 0.2856466 0.3406963 0.3159127 0.3068527 0.2988160 0.2710243 0.2864248 0.3021748 0.3680590 0.2950821 0.3344329 0.3229753 0.2956193 0.3360098 0.2993381 0.3002014 0.3788015 0.2929301 0.2857095 0.2924934 0.2991717 0.2842929 0.2959218 0.3281395 0.3116344 0.3017455 0.3382754 0.3018894 0.2803649 0.2705697 0.2664492 0.2916316 0.3130459 0.2959970 0.5471267 0.2878237 0.2996117 0.2940089 0.3255337 0.3236996 0.2429514 0.2943573 0.2914352 0.3016670 0.3062180 0.2842929 0.3288991 0.3518598 0.2803472 0.3121291 0.3166288 0.2893128 0.3210599 0.3335045 0.2780437 0.2936795 0.2977713 0.3119283 0.2977826 0.3716621 0.2920628 0.2649226 0.3332757 0.3142822 0.2930574 0.3052084 0.2872214 0.3190952 0.2891071 0.2886511 0.2833342 0.2857665 0.2909353 0.2862167 0.2883842 0.3310625 0.2911988 0.2964728 0.4311288 0.2920109 0.2896133 0.3803402 0.2896675 0.3030699 0.3254633 0.3009021 0.2832709 
MYZV          0.2438352 0.1551564 0.0000000 0.3502862 0.2756998 0.3213653 0.2962862 0.3431161 0.2442213 0.3621576 0.3325050 0.3284632 0.3363540 0.3487589 0.3431863 0.3333983 0.3423196 0.3526048 0.3488206 0.3390483 0.3566247 0.3443278 0.3371874 0.3062415 0.5463858 0.3225037 0.3578677 0.3392446 0.3428233 0.3471149 0.3071645 0.3669284 0.3505415 0.3502632 0.3440604 0.3586099 0.3615652 0.3794630 0.3109288 0.3229662 0.3309771 0.3370384 0.4030230 0.3346741 0.3717389 0.3604696 0.3540602 0.3459656 0.3426799 0.3557470 0.3129217 0.3332662 0.3380945 0.3379786 0.3471728 0.3344813 0.3456432 0.3622042 0.3508543 0.3627073 0.3665014 0.3478175 0.4449821 0.3249943 0.3489173 0.3429499 0.3589682 0.3435239 0.4931326 0.3461828 0.3300390 0.3322700 0.3711832 0.3277027 0.2838202 0.2916287 0.3421726 0.3508486 0.3483594 0.3378687 0.3430005 0.3571083 0.3261743 0.3745542 0.3469880 0.3376503 0.3608715 0.3443063 0.3308535 0.3330490 0.3377938 0.3466969 0.3344241 0.4039496 0.3556034 0.3285342 0.3560846 0.3271577 0.3471063 0.3602317 0.3215225 0.3479552 0.3633420 0.3352778 0.3285550 0.3322287 0.3316280 0.3445672 0.3195797 0.3766474 0.3417048 0.3391539 0.4623977 0.3305323 0.3391465 0.3858451 0.3286105 0.3461838 0.3574140 0.3538656 0.3284709 
SRR6441723    0.3182690 0.2967538 0.3502862 0.0000000 0.0460646 0.0691293 0.1632716 0.0604398 0.0430419 0.0726343 0.0532318 0.0447520 0.0557534 0.0259408 0.0530889 0.0633709 0.0635240 0.0551171 0.0545353 0.0511166 0.0518811 0.0603793 0.0205772 0.0620148 0.2046402 0.0465414 0.0655519 0.0490681 0.0626932 0.0505506 0.0469974 0.0651020 0.0522556 0.0649101 0.0432901 0.0531395 0.0663032 0.0700642 0.0536120 0.0447360 0.0426611 0.0710751 0.0963561 0.0629343 0.0912241 0.0485580 0.0490117 0.1116969 0.0528823 0.0570471 0.0938258 0.0446293 0.0452068 0.0446199 0.0469642 0.0408812 0.0468855 0.0549067 0.0466708 0.0642870 0.0788426 0.0666819 0.1041485 0.0226382 0.0739948 0.0505612 0.0473270 0.0452010 0.1677265 0.0374144 0.0601316 0.0447347 0.0950039 0.0628829 0.0652273 0.0536969 0.0487006 0.0412303 0.0992007 0.0427369 0.1042847 0.0749465 0.0432229 0.0428185 0.0585667 0.0466438 0.0370603 0.0953022 0.0426611 0.0486475 0.0430574 0.0585107 0.0651639 0.1008129 0.0524492 0.0487426 0.0703327 0.0567593 0.0531501 0.0560619 0.0483148 0.0677136 0.0279081 0.0244940 0.0408384 0.0414202 0.0473100 0.0241231 0.0426131 0.0805084 0.0260047 0.0332716 0.1118576 0.0503501 0.0428542 0.0901794 0.0429288 0.0569382 0.0627253 0.0563442 0.0447113 
ERR4210213    0.2437710 0.1960834 0.2756998 0.0460646 0.0000000 0.1115193 0.1538259 0.1002398 0.0000010 0.1008734 0.0924256 0.0774390 0.0601381 0.0667769 0.0888763 0.0989859 0.1128321 0.0848276 0.1118224 0.1001293 0.0908240 0.0768592 0.0273578 0.0771945 0.0771945 0.0771945 0.0894481 0.0892866 0.1115747 0.1125468 0.0771945 0.1024727 0.0820056 0.1671883 0.0900587 0.0918987 0.1229332 0.1015224 0.0914211 0.0890319 0.0879563 0.0678609 0.0891574 0.1235001 0.0771945 0.1134025 0.0827439 0.1820624 0.0886840 0.0899345 0.0994960 0.0992035 0.1013784 0.1114845 0.0891600 0.1001125 0.1143082 0.0780633 0.1108531 0.1011971 0.1492968 0.1000330 0.0960933 0.0678678 0.0783135 0.0876851 0.1131484 0.0896140 0.0993930 0.0787054 0.1691317 0.1110157 0.1239077 0.1014046 0.0878734 0.0980289 0.0670023 0.0769513 0.1355622 0.1001125 0.1604736 0.0000010 0.0885570 0.0906923 0.0878734 0.0999553 0.0997474 0.1239077 0.0771945 0.0879563 0.0780900 0.0900587 0.1000330 0.1015705 0.0802491 0.0955578 0.1255383 0.1128264 0.0971947 0.0835919 0.0771945 0.1130953 0.0459442 0.0681889 0.0771945 0.0771945 0.0892452 0.0772663 0.0767878 0.0899273 0.0667549 0.0772186 0.0901892 0.0988917 0.1001125 0.3631878 0.0985817 0.1004463 0.0886264 0.1108531 0.0888763 
ERR2789774    0.3193791 0.2909114 0.3213653 0.0691293 0.1115193 0.0000000 0.1565911 0.0716366 0.0641649 0.0959402 0.0823441 0.0439394 0.0806912 0.0782635 0.0668561 0.0679332 0.0801977 0.0795136 0.0834310 0.0753576 0.0755177 0.0832918 0.0756846 0.0897383 0.2403727 0.0459924 0.0909274 0.0579064 0.0864379 0.0759959 0.0648094 0.0968514 0.0712520 0.0967690 0.0673187 0.0658349 0.0961718 0.0961198 0.0727423 0.0438994 0.0392986 0.0941560 0.1275593 0.0941907 0.1002624 0.0838803 0.0696876 0.1335384 0.0669218 0.0772684 0.1169549 0.0436511 0.0696964 0.0734812 0.0463761 0.0688234 0.0718581 0.0848569 0.0762623 0.0867096 0.1018724 0.0939417 0.1344632 0.0674875 0.0966086 0.0644072 0.0699926 0.0720569 0.2426508 0.0622317 0.0745516 0.0785219 0.1265743 0.0904018 0.0739393 0.0882173 0.0714657 0.0667433 0.1207030 0.0711273 0.1239698 0.1050727 0.0668353 0.0934578 0.0738224 0.0596839 0.0862411 0.1238798 0.0414780 0.0619124 0.0897630 0.0840018 0.0922802 0.1395983 0.0789385 0.0722876 0.0887492 0.0778925 0.0747326 0.0814771 0.0502940 0.0808090 0.0816583 0.0745586 0.0415322 0.0419709 0.0606282 0.0780651 0.0573539 0.1092857 0.0666677 0.0832565 0.1439191 0.0638964 0.0713620 0.1397019 0.0763122 0.0938490 0.0645384 0.0889807 0.0550410 
PAFTOL_019361 0.2459497 0.2405325 0.2962862 0.1632716 0.1538259 0.1565911 0.0000000 0.1729403 0.1121811 0.1778218 0.1612456 0.1531071 0.1512935 0.1676412 0.1899882 0.1711593 0.1575029 0.1669687 0.1757461 0.1755251 0.1734470 0.1647852 0.1522838 0.1822301 0.3573723 0.1661823 0.2049094 0.1653099 0.1718003 0.1610603 0.1646349 0.1681729 0.1666595 0.1747106 0.1632053 0.1867058 0.1787354 0.1957322 0.1644753 0.1589921 0.1601807 0.1659286 0.2002834 0.1853913 0.2393038 0.1823901 0.1645938 0.1908869 0.1895407 0.1738590 0.1797061 0.1576216 0.1658019 0.1551666 0.1653868 0.1551884 0.1592898 0.1772426 0.1788517 0.1934985 0.1983978 0.1691525 0.2278915 0.1622639 0.1822560 0.1661879 0.1587997 0.1590337 0.3032296 0.1555020 0.1691803 0.1607062 0.1737609 0.1703623 0.1473086 0.1620501 0.1705711 0.1633732 0.1760706 0.1576174 0.1754132 0.0751854 0.1619918 0.1743800 0.1791154 0.1523650 0.1784735 0.1795623 0.1555348 0.1826126 0.1768160 0.1636655 0.1675220 0.1973152 0.1684337 0.1502776 0.1887250 0.1516441 0.1735965 0.1781243 0.1681366 0.1761278 0.1557382 0.1601284 0.1558496 0.1554674 0.1667853 0.1723956 0.1742777 0.1983442 0.1681393 0.1655588 0.2451122 0.1791278 0.1581174 0.2332135 0.1585333 0.1878882 0.1817203 0.1596597 0.1656598 
S0055         0.3317088 0.3168329 0.3431161 0.0604398 0.1002398 0.0716366 0.1729403 0.0000000 0.0559689 0.0819137 0.0695576 0.0425399 0.0716522 0.0641623 0.0528954 0.0636496 0.0730867 0.0630406 0.0803148 0.0683102 0.0634334 0.0739220 0.0600794 0.0619710 0.1966404 0.0443920 0.0717571 0.0546999 0.0787514 0.0624620 0.0469020 0.0643408 0.0599089 0.0764452 0.0609816 0.0654721 0.0820812 0.0840531 0.0650080 0.0425225 0.0405564 0.0765806 0.1098512 0.0745718 0.0831078 0.0663159 0.0586334 0.1253058 0.0605898 0.0685684 0.1171498 0.0424243 0.0629887 0.0582524 0.0447116 0.0543853 0.0605922 0.0777019 0.0686019 0.0703908 0.0931892 0.0741644 0.1175737 0.0588460 0.0919979 0.0597474 0.0653148 0.0588924 0.1971148 0.0547504 0.0649315 0.0581079 0.1102416 0.0901806 0.0622029 0.0717188 0.0642254 0.0566789 0.1145479 0.0563018 0.1153427 0.1198044 0.0648720 0.0872913 0.0647705 0.0463866 0.0682646 0.1105914 0.0405564 0.0501646 0.0775338 0.0679442 0.0707810 0.1097707 0.0665414 0.0563753 0.0824993 0.0699319 0.0608784 0.0659161 0.0461522 0.0754513 0.0729059 0.0591348 0.0386810 0.0393209 0.0208393 0.0597695 0.0504285 0.0884361 0.0603762 0.0682663 0.1181082 0.0519484 0.0564588 0.1122136 0.0561690 0.0765443 0.0506744 0.0704242 0.0482400 
S0196sl       0.1855686 0.2552816 0.2442213 0.0430419 0.0000010 0.0641649 0.1121811 0.0559689 0.0000000 0.0776204 0.0148450 0.0387411 0.0694975 0.0427875 0.0712224 0.0486106 0.0527916 0.0397453 0.0642454 0.0459803 0.0434289 0.0556402 0.0597626 0.0520839 0.4990105 0.0472646 0.1129081 0.0473746 0.0650714 0.0036286 0.0474919 0.0710592 0.0431551 0.0556710 0.0390778 0.0568838 0.0561177 0.0671444 0.0526682 0.0469832 0.0387188 0.0648208 0.1623574 0.0599650 0.1249506 0.0224057 0.0352361 0.0691151 0.0606150 0.0392858 0.1060416 0.0346672 0.0350022 0.0036286 0.0432822 0.0000010 0.0000022 0.0568559 0.0186041 0.0957012 0.0690136 0.0555041 0.1670786 0.0523587 0.1172905 0.0389934 0.0309911 0.0428389 0.1217727 0.0227756 0.0513789 0.0073446 0.0649239 0.0480913 0.0557244 0.0615443 0.0468319 0.0386713 0.0559273 0.0036286 0.0647987 0.0616819 0.0430592 0.0555941 0.0514498 0.0556381 0.0432615 0.0601658 0.0389217 0.0558621 0.0692095 0.0685604 0.0565788 0.1528198 0.0445575 0.0514572 0.0682700 0.0396576 0.0437928 0.0434111 0.0555943 0.0565235 0.0562446 0.0393543 0.0388731 0.0432064 0.0515486 0.0513658 0.0387082 0.0914543 0.0429875 0.0427875 0.1888335 0.0513907 0.0000010 0.0746573 0.0073772 0.0641825 0.0475926 0.0226915 0.0470952 
S0278         0.3238144 0.3107076 0.3621576 0.0726343 0.1008734 0.0959402 0.1778218 0.0819137 0.0776204 0.0000000 0.0670591 0.0619545 0.0282892 0.0846707 0.0531948 0.0823911 0.0316294 0.0671945 0.0838782 0.0389016 0.0694831 0.0388613 0.0783280 0.0880754 0.2030452 0.0598876 0.0341077 0.0730105 0.0351212 0.0680165 0.0728399 0.0337863 0.0722889 0.0426866 0.0649411 0.0823586 0.0890835 0.0858719 0.0208724 0.0580388 0.0576294 0.0425199 0.0686360 0.0502087 0.1081803 0.0742849 0.0650301 0.1236930 0.0810155 0.0725953 0.1203439 0.0617299 0.0669655 0.0660863 0.0643602 0.0621567 0.0686413 0.0690649 0.0726665 0.0283086 0.0844687 0.0444221 0.0825314 0.0732857 0.0411853 0.0696997 0.0672796 0.0609827 0.1786920 0.0547389 0.0963891 0.0619774 0.1153014 0.0878686 0.0675388 0.0715236 0.0625230 0.0607366 0.1106786 0.0641025 0.1159715 0.0353704 0.0688569 0.0984758 0.0709361 0.0698569 0.0827878 0.1111929 0.0597073 0.0660304 0.0947237 0.0315454 0.0447229 0.0792723 0.0704196 0.0250224 0.0205338 0.0744750 0.0688980 0.0761885 0.0636108 0.0774404 0.0836297 0.0796390 0.0578350 0.0587879 0.0641200 0.0758739 0.0682120 0.0573097 0.0807507 0.0891811 0.0697101 0.0657517 0.0642824 0.0632802 0.0601335 0.0540229 0.0786584 0.0703925 0.0619404 
S0281         0.3229696 0.2865134 0.3325050 0.0532318 0.0924256 0.0823441 0.1612456 0.0695576 0.0148450 0.0670591 0.0000000 0.0591242 0.0641773 0.0609475 0.0617292 0.0685033 0.0639250 0.0641343 0.0607248 0.0595195 0.0624563 0.0630837 0.0529677 0.0757245 0.2043342 0.0608714 0.0661946 0.0616325 0.0674688 0.0318378 0.0575997 0.0658233 0.0631127 0.0734310 0.0515396 0.0687149 0.0777282 0.0771636 0.0558163 0.0589516 0.0547725 0.0776870 0.1039604 0.0733956 0.1024424 0.0393814 0.0536970 0.1086333 0.0655643 0.0617339 0.1186597 0.0549960 0.0535161 0.0280308 0.0615393 0.0244261 0.0300878 0.0595550 0.0375189 0.0622888 0.0750127 0.0670678 0.1091730 0.0556939 0.0633423 0.0570034 0.0518130 0.0515525 0.1935853 0.0416293 0.0756146 0.0244904 0.0918803 0.0789957 0.0633103 0.0635385 0.0532228 0.0454467 0.0939645 0.0262190 0.0990237 0.1044299 0.0553890 0.0737110 0.0508916 0.0630767 0.0674676 0.0921723 0.0568661 0.0632402 0.0784916 0.0631888 0.0675426 0.1038175 0.0611567 0.0548521 0.0711827 0.0550701 0.0619190 0.0649458 0.0627943 0.0620666 0.0636936 0.0598397 0.0549701 0.0536899 0.0578847 0.0588502 0.0531846 0.0746148 0.0571391 0.0611765 0.1197588 0.0629924 0.0262899 0.1000115 0.0227316 0.0713062 0.0739366 0.0338337 0.0532088 
S0282         0.2883125 0.2832418 0.3284632 0.0447520 0.0774390 0.0439394 0.1531071 0.0425399 0.0387411 0.0619545 0.0591242 0.0000000 0.0514699 0.0540976 0.0254991 0.0514336 0.0531143 0.0506074 0.0638852 0.0488806 0.0474017 0.0539422 0.0482667 0.0512544 0.1529317 0.0153558 0.0602331 0.0392042 0.0564154 0.0485945 0.0299149 0.0557646 0.0497338 0.0581662 0.0413552 0.0474079 0.0762854 0.0692006 0.0471757 0.0153547 0.0118619 0.0661247 0.0799090 0.0602061 0.0456003 0.0504085 0.0445426 0.1116383 0.0448593 0.0544507 0.0807854 0.0118616 0.0432614 0.0427038 0.0119769 0.0389839 0.0410842 0.0571491 0.0525450 0.0476658 0.0721400 0.0618727 0.0892346 0.0431307 0.0694405 0.0480975 0.0434449 0.0431775 0.1544093 0.0355209 0.0508067 0.0463448 0.0949541 0.0705525 0.0435292 0.0577232 0.0467505 0.0393140 0.0991489 0.0408307 0.1042300 0.0616819 0.0450876 0.0644741 0.0478817 0.0331960 0.0600304 0.0952521 0.0084372 0.0313852 0.0629587 0.0522822 0.0604692 0.0931049 0.0541036 0.0345476 0.0620317 0.0565186 0.0505267 0.0555743 0.0170570 0.0632763 0.0546822 0.0471460 0.0067308 0.0137879 0.0335984 0.0480066 0.0352116 0.0775487 0.0503902 0.0580730 0.0945512 0.0331250 0.0370519 0.0891584 0.0444657 0.0641272 0.0262468 0.0601549 0.0259743 
S0289         0.2983487 0.2780026 0.3363540 0.0557534 0.0601381 0.0806912 0.1512935 0.0716522 0.0694975 0.0282892 0.0641773 0.0514699 0.0000000 0.0613791 0.0438193 0.0729963 0.0286126 0.0581414 0.0669387 0.0306405 0.0564728 0.0321903 0.0573935 0.0766984 0.1840108 0.0494270 0.0306140 0.0580265 0.0265483 0.0572206 0.0580091 0.0388856 0.0633746 0.0284097 0.0537545 0.0669114 0.0778888 0.0770299 0.0158771 0.0495071 0.0472276 0.0302203 0.0656414 0.0396607 0.0854657 0.0674518 0.0559885 0.0957307 0.0679730 0.0637028 0.1069971 0.0512810 0.0558744 0.0552970 0.0536846 0.0513937 0.0577499 0.0579274 0.0678739 0.0183697 0.0836740 0.0339270 0.0688100 0.0540985 0.0157224 0.0592068 0.0561363 0.0519152 0.1666286 0.0475916 0.0786807 0.0551579 0.0945014 0.0793906 0.0659029 0.0540206 0.0554713 0.0495604 0.0922050 0.0533288 0.0972552 0.0750048 0.0577646 0.0764916 0.0636278 0.0571941 0.0657145 0.0882721 0.0491688 0.0594920 0.0750395 0.0248473 0.0323000 0.0716560 0.0572105 0.0144139 0.0320189 0.0579170 0.0557489 0.0673029 0.0531687 0.0680387 0.0623327 0.0562204 0.0473976 0.0499248 0.0620085 0.0551369 0.0637097 0.0525918 0.0574165 0.0636243 0.0649493 0.0591062 0.0534795 0.0602878 0.0531836 0.0434527 0.0658090 0.0635339 0.0553900 
S0292         0.3231077 0.2995294 0.3487589 0.0259408 0.0667769 0.0782635 0.1676412 0.0641623 0.0427875 0.0846707 0.0609475 0.0540976 0.0613791 0.0000000 0.0605439 0.0732350 0.0713721 0.0715878 0.0641122 0.0578321 0.0656416 0.0720894 0.0293631 0.0676791 0.2121909 0.0520567 0.0698813 0.0585864 0.0744069 0.0522951 0.0503823 0.0786101 0.0683785 0.0727064 0.0526939 0.0650898 0.0801448 0.0843350 0.0613492 0.0560007 0.0519270 0.0789677 0.1074442 0.0767810 0.0982018 0.0582924 0.0652447 0.1204033 0.0605186 0.0707717 0.1007062 0.0539484 0.0546478 0.0501287 0.0544744 0.0463565 0.0524581 0.0602913 0.0563638 0.0709352 0.0889806 0.0744765 0.1178871 0.0261393 0.0732172 0.0639571 0.0507861 0.0546400 0.1831640 0.0466619 0.0644913 0.0522012 0.1033786 0.0720089 0.0644967 0.0629056 0.0620589 0.0505628 0.1032612 0.0482277 0.1128342 0.1031538 0.0506520 0.0502189 0.0625468 0.0598908 0.0332963 0.1037043 0.0519270 0.0542044 0.0485753 0.0701960 0.0709460 0.1073759 0.0623118 0.0565358 0.0741360 0.0652591 0.0672673 0.0722692 0.0576822 0.0736548 0.0371119 0.0033677 0.0500815 0.0469559 0.0508684 0.0258177 0.0521352 0.0887138 0.0100818 0.0100919 0.1178172 0.0597775 0.0483602 0.1055750 0.0503825 0.0706136 0.0702907 0.0682677 0.0521734 
S0293         0.3621223 0.3088588 0.3431863 0.0530889 0.0888763 0.0668561 0.1899882 0.0528954 0.0712224 0.0531948 0.0617292 0.0254991 0.0438193 0.0605439 0.0000000 0.0640090 0.0586575 0.0611922 0.0793272 0.0399216 0.0542872 0.0578693 0.0552637 0.0625274 0.0205348 0.0228969 0.0428052 0.0534125 0.0530155 0.0581940 0.0379042 0.0514913 0.0577263 0.0612729 0.0456320 0.0615521 0.0878390 0.0841453 0.0432753 0.0231055 0.0252762 0.0688809 0.0356225 0.0689767 0.0368937 0.0608958 0.0532779 0.1243692 0.0556122 0.0609394 0.0648712 0.0302054 0.0508746 0.0476426 0.0280701 0.0451226 0.0532639 0.0559961 0.0637678 0.0406742 0.0822105 0.0662463 0.1050566 0.0480698 0.0612753 0.0576416 0.0562551 0.0405694 0.1690049 0.0403656 0.0709525 0.0552387 0.1076162 0.0815936 0.0518487 0.0602195 0.0529685 0.0428428 0.1162876 0.0476133 0.1170863 0.5140819 0.0479902 0.0774021 0.0498219 0.0475910 0.0742203 0.1080810 0.0229059 0.0375026 0.0697852 0.0480988 0.0660820 0.0559686 0.0635063 0.0319275 0.0584718 0.0581766 0.0617917 0.0685466 0.0276603 0.0698612 0.0668849 0.0508515 0.0205997 0.0258486 0.0358203 0.0550512 0.0401219 0.0789411 0.0579753 0.0661107 0.0381077 0.0423270 0.0477879 0.0942488 0.0526612 0.0770684 0.0454648 0.0660517 0.0326621 
S0294         0.3110039 0.2921279 0.3333983 0.0633709 0.0989859 0.0679332 0.1711593 0.0636496 0.0486106 0.0823911 0.0685033 0.0514336 0.0729963 0.0732350 0.0640090 0.0000000 0.0725318 0.0617642 0.0883806 0.0800311 0.0688465 0.0758242 0.0629867 0.0738578 0.1997235 0.0532687 0.0874643 0.0597580 0.0801544 0.0633631 0.0556382 0.0828292 0.0613577 0.0849513 0.0595933 0.0666830 0.0863795 0.0810296 0.0666675 0.0475230 0.0492415 0.0890899 0.1073600 0.0846752 0.0875348 0.0697478 0.0622020 0.1016719 0.0659015 0.0656686 0.1117098 0.0510190 0.0617499 0.0611076 0.0536462 0.0571634 0.0636335 0.0724181 0.0677325 0.0815449 0.0951187 0.0780515 0.1161802 0.0555075 0.0812980 0.0651561 0.0660913 0.0617404 0.2035216 0.0494176 0.0336336 0.0673341 0.0891248 0.0842208 0.0581514 0.0739196 0.0653214 0.0573681 0.0872686 0.0591175 0.0943314 0.0808672 0.0616439 0.0862638 0.0640358 0.0551642 0.0799763 0.0898273 0.0452862 0.0552828 0.0787217 0.0784937 0.0762827 0.1163836 0.0635950 0.0641641 0.0888988 0.0670933 0.0643958 0.0694697 0.0550860 0.0791733 0.0717800 0.0681609 0.0473647 0.0420141 0.0482399 0.0670291 0.0474901 0.1041908 0.0691868 0.0776452 0.1234110 0.0550833 0.0592850 0.1169266 0.0652961 0.0778157 0.0700908 0.0739775 0.0514245 
S0299         0.3026025 0.2885762 0.3423196 0.0635240 0.1128321 0.0801977 0.1575029 0.0730867 0.0527916 0.0316294 0.0639250 0.0531143 0.0286126 0.0713721 0.0586575 0.0725318 0.0000000 0.0658138 0.0708883 0.0436418 0.0622890 0.0394656 0.0671612 0.0738680 0.1858945 0.0510725 0.0433102 0.0659903 0.0356639 0.0609366 0.0616515 0.0465795 0.0651690 0.0376924 0.0594934 0.0710599 0.0820929 0.0809233 0.0247762 0.0511391 0.0488689 0.0375325 0.0713258 0.0431186 0.0975481 0.0714114 0.0618342 0.1135005 0.0678818 0.0696780 0.1143167 0.0529203 0.0615089 0.0590071 0.0554543 0.0550877 0.0614998 0.0655845 0.0696113 0.0266733 0.0836516 0.0373619 0.0817516 0.0580162 0.0318590 0.0608314 0.0535688 0.0535475 0.1916752 0.0512812 0.0805302 0.0610046 0.0986851 0.0837540 0.0577980 0.0657202 0.0610651 0.0533555 0.1029996 0.0570299 0.1060276 0.0609750 0.0593979 0.0869445 0.0634431 0.0584465 0.0758975 0.0946205 0.0509173 0.0611240 0.0829547 0.0376234 0.0375568 0.0728334 0.0612105 0.0216874 0.0355450 0.0552912 0.0617119 0.0690924 0.0548030 0.0720151 0.0743760 0.0681512 0.0490442 0.0518292 0.0615587 0.0669763 0.0611431 0.0582491 0.0674808 0.0757669 0.0749147 0.0608636 0.0571910 0.0732117 0.0591358 0.0469117 0.0696701 0.0715420 0.0570270 
S0303         0.3235389 0.3003176 0.3526048 0.0551171 0.0848276 0.0795136 0.1669687 0.0630406 0.0397453 0.0671945 0.0641343 0.0506074 0.0581414 0.0715878 0.0611922 0.0617642 0.0658138 0.0000000 0.0630204 0.0640604 0.0125299 0.0526756 0.0651820 0.0652570 0.2055390 0.0465312 0.0684823 0.0555285 0.0634707 0.0567975 0.0594756 0.0656364 0.0089591 0.0590633 0.0555669 0.0623007 0.0654877 0.0218212 0.0514619 0.0446715 0.0443309 0.0676034 0.0954859 0.0674886 0.0948413 0.0527883 0.0072105 0.1141784 0.0657169 0.0070032 0.0983488 0.0504623 0.0576332 0.0506239 0.0529791 0.0466731 0.0530692 0.0664603 0.0531104 0.0647685 0.0654991 0.0569616 0.0986583 0.0598923 0.0769601 0.0141910 0.0598464 0.0535438 0.1862012 0.0471668 0.0699223 0.0506210 0.0989481 0.0864686 0.0453102 0.0526655 0.0592551 0.0471881 0.0991510 0.0486326 0.1044395 0.0489329 0.0595842 0.0854392 0.0523723 0.0566175 0.0759765 0.0998084 0.0483770 0.0544058 0.0772301 0.0570893 0.0550820 0.1026893 0.0053619 0.0463687 0.0714719 0.0415073 0.0090801 0.0126224 0.0543347 0.0458070 0.0698174 0.0641900 0.0464631 0.0432944 0.0513619 0.0648097 0.0487274 0.0771493 0.0675803 0.0761173 0.1090935 0.0524974 0.0487725 0.0862869 0.0487282 0.0672369 0.0654698 0.0508852 0.0506055 
S0308         0.3256356 0.2989271 0.3488206 0.0545353 0.1118224 0.0834310 0.1757461 0.0803148 0.0642454 0.0838782 0.0607248 0.0638852 0.0669387 0.0641122 0.0793272 0.0883806 0.0708883 0.0630204 0.0000000 0.0627495 0.0573770 0.0718369 0.0659268 0.0836260 0.2201476 0.0637416 0.0854507 0.0685771 0.0721488 0.0621126 0.0687639 0.0755390 0.0557256 0.0760551 0.0584379 0.0756936 0.0563525 0.0776638 0.0647006 0.0638621 0.0595307 0.0843583 0.1064169 0.0640893 0.1157554 0.0639385 0.0568306 0.1229477 0.0704651 0.0645144 0.1158873 0.0617081 0.0604150 0.0598490 0.0643341 0.0559902 0.0623092 0.0723835 0.0703185 0.0796803 0.0638444 0.0677788 0.1119265 0.0608801 0.0760051 0.0502042 0.0648095 0.0646524 0.1918153 0.0564232 0.0717868 0.0558298 0.1080129 0.0869849 0.0592739 0.0437047 0.0602570 0.0526538 0.1078896 0.0579023 0.1175970 0.0355048 0.0642448 0.0873764 0.0518013 0.0638932 0.0782804 0.1083550 0.0616209 0.0679804 0.0754156 0.0659305 0.0662836 0.1062734 0.0540269 0.0580047 0.0799108 0.0521501 0.0567430 0.0577533 0.0675080 0.0568999 0.0750159 0.0650283 0.0597434 0.0606095 0.0668102 0.0616624 0.0682158 0.0812755 0.0642597 0.0723427 0.1313673 0.0657287 0.0580631 0.1143923 0.0540100 0.0699778 0.0785638 0.0660248 0.0560923 
S0320         0.3405361 0.3303688 0.3390483 0.0511166 0.1001293 0.0753576 0.1755251 0.0683102 0.0459803 0.0389016 0.0595195 0.0488806 0.0306405 0.0578321 0.0399216 0.0800311 0.0436418 0.0640604 0.0627495 0.0000000 0.0548545 0.0486023 0.0533063 0.0627811 0.1502359 0.0464264 0.0413851 0.0567683 0.0301844 0.0583475 0.0541269 0.0417399 0.0607496 0.0417542 0.0565754 0.0702021 0.0838153 0.0774138 0.0215616 0.0488427 0.0438016 0.0438320 0.0348759 0.0511863 0.0936883 0.0612917 0.0566673 0.1084864 0.0664027 0.0615675 0.0544629 0.0486852 0.0590211 0.0536317 0.0516779 0.0489121 0.0565907 0.0558879 0.0588708 0.0312441 0.0732884 0.0486366 0.0920929 0.0515343 0.0230845 0.0558584 0.0592565 0.0593833 0.1482906 0.0517223 0.0762147 0.0489098 0.0987468 0.0793762 0.0421803 0.0516263 0.0637667 0.0542628 0.0958585 0.0512513 0.0964580 0.0750805 0.0615306 0.0786625 0.0507545 0.0558321 0.0682876 0.0964169 0.0462549 0.0560325 0.0737322 0.0325352 0.0487615 0.0538994 0.0627636 0.0244579 0.0434015 0.0590948 0.0587523 0.0627731 0.0486027 0.0594600 0.0739379 0.0537771 0.0439919 0.0448930 0.0568013 0.0507776 0.0538342 0.0369224 0.0532546 0.0629146 0.0253694 0.0534943 0.0514271 0.0781136 0.0466665 0.0582037 0.0632685 0.0612003 0.0536477 
S0322         0.3314641 0.3097091 0.3566247 0.0518811 0.0908240 0.0755177 0.1734470 0.0634334 0.0434289 0.0694831 0.0624563 0.0474017 0.0564728 0.0656416 0.0542872 0.0688465 0.0622890 0.0125299 0.0573770 0.0548545 0.0000000 0.0552106 0.0594813 0.0656352 0.2019461 0.0434574 0.0713054 0.0560901 0.0597807 0.0556086 0.0559416 0.0616404 0.0070066 0.0616799 0.0500000 0.0692378 0.0657683 0.0194042 0.0502299 0.0454647 0.0432408 0.0678670 0.0979979 0.0612824 0.0922333 0.0535101 0.0052741 0.1123580 0.0619815 0.0103586 0.1000174 0.0472694 0.0519837 0.0494652 0.0496794 0.0456087 0.0518417 0.0604193 0.0558523 0.0653470 0.0658397 0.0553066 0.0934501 0.0543095 0.0714754 0.0120887 0.0561006 0.0480551 0.1915403 0.0438892 0.0707197 0.0493409 0.0969503 0.0770052 0.0550541 0.0496151 0.0555529 0.0438127 0.1040556 0.0475211 0.1070850 0.0355048 0.0538676 0.0810373 0.0531632 0.0530865 0.0719094 0.1000258 0.0452541 0.0533437 0.0751889 0.0575871 0.0516217 0.0975113 0.0106354 0.0452443 0.0716291 0.0362773 0.0052488 0.0104458 0.0491034 0.0444942 0.0661426 0.0604746 0.0433953 0.0441284 0.0520248 0.0591507 0.0535310 0.0794664 0.0617672 0.0699826 0.1133427 0.0511788 0.0476556 0.0909959 0.0474963 0.0654330 0.0594131 0.0533545 0.0493263 
S0327         0.2922298 0.2864256 0.3443278 0.0603793 0.0768592 0.0832918 0.1647852 0.0739220 0.0556402 0.0388613 0.0630837 0.0539422 0.0321903 0.0720894 0.0578693 0.0758242 0.0394656 0.0526756 0.0718369 0.0486023 0.0552106 0.0000000 0.0620147 0.0765950 0.2020195 0.0538229 0.0383548 0.0626313 0.0335283 0.0680870 0.0644924 0.0403170 0.0577733 0.0353127 0.0567484 0.0716651 0.0783523 0.0792379 0.0282633 0.0520162 0.0460145 0.0465827 0.0751322 0.0389866 0.0973774 0.0640136 0.0545935 0.1088249 0.0685055 0.0662613 0.1079792 0.0537939 0.0587263 0.0618484 0.0562463 0.0579703 0.0643367 0.0631314 0.0644053 0.0367911 0.0804443 0.0370333 0.0826395 0.0588494 0.0446229 0.0557411 0.0531167 0.0548127 0.1898729 0.0506256 0.0694304 0.0539621 0.1030568 0.0800223 0.0616365 0.0623268 0.0544326 0.0526405 0.1029400 0.0598915 0.1080585 0.0355048 0.0605905 0.0812020 0.0622939 0.0597511 0.0678906 0.0990471 0.0517788 0.0579314 0.0730531 0.0315816 0.0353861 0.0750746 0.0558439 0.0232689 0.0426251 0.0632234 0.0563716 0.0615805 0.0555977 0.0672753 0.0689089 0.0670466 0.0499385 0.0527054 0.0605943 0.0617079 0.0581023 0.0495200 0.0682583 0.0723604 0.0830819 0.0576893 0.0600583 0.0632741 0.0521450 0.0427109 0.0722704 0.0601731 0.0501406 
S0335         0.3133030 0.2722738 0.3371874 0.0205772 0.0273578 0.0756846 0.1522838 0.0600794 0.0597626 0.0783280 0.0529677 0.0482667 0.0573935 0.0293631 0.0552637 0.0629867 0.0671612 0.0651820 0.0659268 0.0533063 0.0594813 0.0620147 0.0000000 0.0657889 0.2061111 0.0500533 0.0697446 0.0526294 0.0702656 0.0540864 0.0505426 0.0669605 0.0621159 0.0685180 0.0506637 0.0550461 0.0734619 0.0778796 0.0572272 0.0501433 0.0461545 0.0706436 0.1002815 0.0705352 0.0930756 0.0562175 0.0589456 0.1111133 0.0564495 0.0646099 0.1119274 0.0481346 0.0526043 0.0481246 0.0505068 0.0443770 0.0504231 0.0624204 0.0543012 0.0661753 0.0908432 0.0662806 0.1052732 0.0260885 0.0728931 0.0579660 0.0547801 0.0487472 0.1837800 0.0446808 0.0620123 0.0501773 0.0945209 0.0718697 0.0728393 0.0604419 0.0541690 0.0466596 0.0986948 0.0462364 0.1037470 0.0885334 0.0505847 0.0482109 0.0644839 0.0539741 0.0424184 0.0948161 0.0461545 0.0521789 0.0465820 0.0640876 0.0647704 0.1001462 0.0623462 0.0524163 0.0759894 0.0629031 0.0609405 0.0659650 0.0518231 0.0775866 0.0277482 0.0279580 0.0443307 0.0449613 0.0508783 0.0311066 0.0482595 0.0842110 0.0294354 0.0330806 0.1134776 0.0538724 0.0463630 0.0985512 0.0483681 0.0605065 0.0663185 0.0621646 0.0463723 
S0376         0.2925967 0.3103046 0.3062415 0.0620148 0.0771945 0.0897383 0.1822301 0.0619710 0.0520839 0.0880754 0.0757245 0.0512544 0.0766984 0.0676791 0.0625274 0.0738578 0.0738680 0.0652570 0.0836260 0.0627811 0.0656352 0.0765950 0.0657889 0.0000000 0.2103186 0.0491913 0.0795421 0.0558758 0.0819928 0.0599836 0.0292496 0.0823157 0.0639294 0.0774781 0.0626032 0.0627838 0.0997999 0.0851432 0.0672645 0.0511457 0.0511507 0.0798214 0.1177895 0.0796383 0.0954695 0.0707744 0.0628551 0.1279843 0.0689046 0.0710709 0.1032694 0.0532858 0.0605148 0.0576213 0.0536897 0.0535459 0.0602031 0.0779557 0.0686718 0.0758566 0.0969709 0.0815007 0.1240720 0.0583546 0.0924657 0.0638525 0.0669910 0.0625693 0.1461649 0.0518808 0.0772303 0.0619623 0.1120788 0.1027037 0.0597936 0.0793724 0.0684640 0.0601465 0.1173043 0.0555656 0.1222717 0.0926859 0.0645665 0.0884939 0.0735406 0.0551353 0.0812650 0.1073710 0.0491319 0.0535535 0.0749839 0.0752046 0.0799555 0.1093274 0.0688123 0.0575469 0.0859889 0.0801636 0.0671977 0.0681486 0.0551971 0.0824702 0.0707448 0.0644821 0.0491997 0.0497368 0.0536833 0.0700026 0.0512562 0.0834649 0.0636812 0.0679446 0.1317727 0.0472912 0.0557291 0.1131637 0.0600047 0.0817511 0.0664081 0.0730467 0.0534296 
S0400         0.5772572 0.4538492 0.5463858 0.2046402 0.0771945 0.2403727 0.3573723 0.1966404 0.4990105 0.2030452 0.2043342 0.1529317 0.1840108 0.2121909 0.0205348 0.1997235 0.1858945 0.2055390 0.2201476 0.1502359 0.2019461 0.2020195 0.2061111 0.2103186 0.0000000 0.1553055 0.1287634 0.1968484 0.1972570 0.1976087 0.1794957 0.1409683 0.2040767 0.2064357 0.1859505 0.2081741 0.2329095 0.2281539 0.1885790 0.1579959 0.1519193 0.2040156 0.1572416 0.2153587 0.0639483 0.1944076 0.1930085 0.2776980 0.2025204 0.2014095 0.1911852 0.1601586 0.1972940 0.1881044 0.1541278 0.1826790 0.1923759 0.2127942 0.1982025 0.1110642 0.2223944 0.2055892 0.2753334 0.1857406 0.1682252 0.1979983 0.2013138 0.1939305 0.3118549 0.1764410 0.2450695 0.1930559 0.2543259 0.2512375 0.2592771 0.2315880 0.1978647 0.1768666 0.2632471 0.1853353 0.2679704 1.6969754 0.1926411 0.2195171 0.2057960 0.1797312 0.2246175 0.2551475 0.1472189 0.1823970 0.2155371 0.1975364 0.2050798 0.1739786 0.2091874 0.1859321 0.2089318 0.2166383 0.2112561 0.2155840 0.1627927 0.2146026 0.2179408 0.2009975 0.1441231 0.1551112 0.1824874 0.2019174 0.1743339 0.2347514 0.2071809 0.2185372 0.2020085 0.1711981 0.1859616 0.2467947 0.1874875 0.2211538 0.1735174 0.2089083 0.1663728 
S0405         0.3092405 0.2928396 0.3225037 0.0465414 0.0771945 0.0459924 0.1661823 0.0443920 0.0472646 0.0598876 0.0608714 0.0153558 0.0494270 0.0520567 0.0228969 0.0532687 0.0510725 0.0465312 0.0637416 0.0464264 0.0434574 0.0538229 0.0500533 0.0491913 0.1553055 0.0000000 0.0554789 0.0410595 0.0524109 0.0503932 0.0317225 0.0556596 0.0458169 0.0562224 0.0410520 0.0511572 0.0761105 0.0650094 0.0451761 0.0170925 0.0101257 0.0641439 0.0819168 0.0600709 0.0523508 0.0522075 0.0406228 0.1113642 0.0466531 0.0504775 0.0834819 0.0170523 0.0429436 0.0444828 0.0172129 0.0407560 0.0467402 0.0547705 0.0544547 0.0476537 0.0761555 0.0618470 0.0868163 0.0412208 0.0548044 0.0442376 0.0469326 0.0429382 0.1582001 0.0352635 0.0461932 0.0481267 0.0947274 0.0679097 0.0434615 0.0531297 0.0464085 0.0389675 0.0989114 0.0426058 0.1039775 0.0767978 0.0428443 0.0664358 0.0497961 0.0349437 0.0618467 0.0928741 0.0135574 0.0277639 0.0608238 0.0503659 0.0603327 0.0951378 0.0500225 0.0364177 0.0560729 0.0564935 0.0464571 0.0515118 0.0152887 0.0611349 0.0566069 0.0430847 0.0118493 0.0085583 0.0354307 0.0497839 0.0351107 0.0732745 0.0521885 0.0561042 0.0943552 0.0312485 0.0427224 0.0867967 0.0463275 0.0639823 0.0316307 0.0600199 0.0257906 
S0407sl       0.3568191 0.3277318 0.3578677 0.0655519 0.0894481 0.0909274 0.2049094 0.0717571 0.1129081 0.0341077 0.0661946 0.0602331 0.0306140 0.0698813 0.0428052 0.0874643 0.0433102 0.0684823 0.0854507 0.0413851 0.0713054 0.0383548 0.0697446 0.0795421 0.1287634 0.0554789 0.0000000 0.0632641 0.0383145 0.0793209 0.0653283 0.0374958 0.0745484 0.0384707 0.0657317 0.0804852 0.0960049 0.0946754 0.0239109 0.0557675 0.0575459 0.0447660 0.0828016 0.0491727 0.0788669 0.0745068 0.0684155 0.1341385 0.0719578 0.0767227 0.1397214 0.0577805 0.0705014 0.0696622 0.0628045 0.0673730 0.0749427 0.0702387 0.0773431 0.0179760 0.0904049 0.0468606 0.0865792 0.0635461 0.0309305 0.0713361 0.0708832 0.0636010 0.2220046 0.0607495 0.0978344 0.0626473 0.1244868 0.0959057 0.0831269 0.0704746 0.0651979 0.0631594 0.1269686 0.0696247 0.1333711 0.8701371 0.0655587 0.0971903 0.0731300 0.0692137 0.0677939 0.1197229 0.0575459 0.0579696 0.0807408 0.0279399 0.0448769 0.0875005 0.0697884 0.0246978 0.0341392 0.0796986 0.0706529 0.0790457 0.0621251 0.0798738 0.0755264 0.0684048 0.0554583 0.0542532 0.0544598 0.0625019 0.0626265 0.0528296 0.0676162 0.0748275 0.0842838 0.0643770 0.0698495 0.0617369 0.0603856 0.0535288 0.0769341 0.0769331 0.0578525 
S0412sl       0.3210060 0.3084171 0.3392446 0.0490681 0.0892866 0.0579064 0.1653099 0.0546999 0.0473746 0.0730105 0.0616325 0.0392042 0.0580265 0.0585864 0.0534125 0.0597580 0.0659903 0.0555285 0.0685771 0.0567683 0.0560901 0.0626313 0.0526294 0.0558758 0.1968484 0.0410595 0.0632641 0.0000000 0.0672860 0.0568915 0.0414354 0.0681414 0.0585848 0.0670534 0.0495049 0.0474902 0.0812575 0.0765712 0.0537961 0.0410596 0.0372271 0.0732900 0.0994165 0.0671891 0.0812474 0.0548354 0.0553650 0.1123494 0.0411529 0.0612731 0.0957086 0.0390971 0.0514685 0.0507931 0.0413581 0.0469688 0.0511206 0.0658153 0.0570320 0.0617544 0.0811512 0.0668206 0.0976611 0.0474401 0.0699551 0.0565665 0.0556407 0.0513658 0.1822267 0.0434585 0.0487127 0.0506668 0.0955448 0.0732997 0.0517310 0.0582831 0.0511015 0.0473739 0.0997672 0.0488656 0.1048868 0.0920672 0.0533334 0.0709030 0.0525652 0.0411387 0.0626647 0.0958464 0.0372271 0.0430480 0.0697299 0.0567429 0.0654243 0.1039003 0.0567390 0.0489356 0.0731039 0.0570732 0.0574749 0.0625655 0.0428313 0.0660497 0.0572379 0.0574591 0.0353513 0.0300558 0.0434574 0.0523423 0.0357350 0.0830120 0.0509267 0.0626506 0.1047975 0.0448345 0.0490017 0.0971335 0.0487503 0.0670869 0.0570412 0.0647847 0.0411406 
S0417         0.3127076 0.3021389 0.3428233 0.0626932 0.1115747 0.0864379 0.1718003 0.0787514 0.0650714 0.0351212 0.0674688 0.0564154 0.0265483 0.0744069 0.0530155 0.0801544 0.0356639 0.0634707 0.0721488 0.0301844 0.0597807 0.0335283 0.0702656 0.0819928 0.1972570 0.0524109 0.0383145 0.0672860 0.0000000 0.0663781 0.0651004 0.0383513 0.0665361 0.0373025 0.0631575 0.0780144 0.0808472 0.0800646 0.0209833 0.0525321 0.0521584 0.0407817 0.0754493 0.0410170 0.0959113 0.0747001 0.0613156 0.1198226 0.0752750 0.0667910 0.1014543 0.0520560 0.0653244 0.0644448 0.0586413 0.0605101 0.0669903 0.0650633 0.0731636 0.0303906 0.0868179 0.0390306 0.0742108 0.0630182 0.0409463 0.0602051 0.0676523 0.0613171 0.1814951 0.0568697 0.0842714 0.0603555 0.1114925 0.0893627 0.0677835 0.0624228 0.0608861 0.0550400 0.1069164 0.0624588 0.1121761 0.0497318 0.0628370 0.0831608 0.0713354 0.0622974 0.0787099 0.1073819 0.0540931 0.0604299 0.0840793 0.0297510 0.0374395 0.0819310 0.0646655 0.0214632 0.0369728 0.0656100 0.0610562 0.0704275 0.0580846 0.0694424 0.0770644 0.0691860 0.0523453 0.0529130 0.0652055 0.0639484 0.0642498 0.0576356 0.0724527 0.0746884 0.0764418 0.0620403 0.0626347 0.0700857 0.0583794 0.0447721 0.0729495 0.0728105 0.0603163 
S0419         0.3177362 0.2907889 0.3471149 0.0505506 0.1125468 0.0759959 0.1610603 0.0624620 0.0036286 0.0680165 0.0318378 0.0485945 0.0572206 0.0522951 0.0581940 0.0633631 0.0609366 0.0567975 0.0621126 0.0583475 0.0556086 0.0680870 0.0540864 0.0599836 0.1976087 0.0503932 0.0793209 0.0568915 0.0663781 0.0000000 0.0432354 0.0742516 0.0560547 0.0705000 0.0469415 0.0677432 0.0684665 0.0717915 0.0530882 0.0504845 0.0444731 0.0724074 0.0960166 0.0686644 0.0933014 0.0295243 0.0529552 0.1068963 0.0606970 0.0568247 0.1091848 0.0484605 0.0450429 0.0118020 0.0508542 0.0083959 0.0136213 0.0629365 0.0277347 0.0686086 0.0745549 0.0644433 0.1014895 0.0490291 0.0730655 0.0541937 0.0510345 0.0488624 0.1808482 0.0335867 0.0596305 0.0223664 0.0904514 0.0774890 0.0515900 0.0624402 0.0523578 0.0410823 0.0903495 0.0100932 0.0995997 0.0616819 0.0507048 0.0707387 0.0478938 0.0582139 0.0664432 0.0907336 0.0464665 0.0525220 0.0711249 0.0665524 0.0648944 0.1004251 0.0563779 0.0444751 0.0720903 0.0520131 0.0568407 0.0579844 0.0521756 0.0654971 0.0607821 0.0511079 0.0446300 0.0452476 0.0492800 0.0541086 0.0485878 0.0719540 0.0485910 0.0524869 0.1084102 0.0542242 0.0101196 0.1007838 0.0206378 0.0706196 0.0647936 0.0313807 0.0466871 
S0427         0.2857565 0.2912678 0.3071645 0.0469974 0.0771945 0.0648094 0.1646349 0.0469020 0.0474919 0.0728399 0.0575997 0.0299149 0.0580091 0.0503823 0.0379042 0.0556382 0.0616515 0.0594756 0.0687639 0.0541269 0.0559416 0.0644924 0.0505426 0.0292496 0.1794957 0.0317225 0.0653283 0.0414354 0.0651004 0.0432354 0.0000000 0.0654706 0.0564122 0.0689349 0.0435784 0.0537148 0.0835473 0.0763609 0.0576617 0.0315847 0.0316441 0.0731180 0.0920417 0.0650408 0.0693129 0.0530195 0.0552154 0.1065929 0.0512565 0.0611114 0.0887382 0.0353198 0.0455085 0.0373991 0.0319596 0.0336972 0.0395133 0.0595829 0.0509994 0.0525735 0.0834377 0.0686954 0.1020880 0.0415493 0.0815642 0.0545104 0.0495882 0.0454190 0.1654828 0.0376610 0.0512646 0.0450557 0.0925918 0.0784678 0.0601542 0.0631467 0.0490254 0.0415032 0.0972902 0.0355362 0.1017920 0.1071319 0.0454008 0.0710024 0.0568871 0.0389716 0.0668146 0.0928812 0.0280094 0.0354596 0.0614348 0.0628214 0.0673124 0.0964165 0.0588931 0.0448752 0.0688756 0.0662318 0.0573188 0.0603555 0.0371650 0.0682276 0.0548419 0.0511146 0.0261830 0.0302762 0.0357266 0.0544060 0.0354492 0.0765372 0.0505104 0.0504743 0.1074282 0.0428623 0.0356336 0.0994245 0.0431590 0.0669937 0.0451707 0.0589897 0.0354757 
S0428sl       0.3424808 0.3245961 0.3669284 0.0651020 0.1024727 0.0968514 0.1681729 0.0643408 0.0710592 0.0337863 0.0658233 0.0557646 0.0388856 0.0786101 0.0514913 0.0828292 0.0465795 0.0656364 0.0755390 0.0417399 0.0616404 0.0403170 0.0669605 0.0823157 0.1409683 0.0556596 0.0374958 0.0681414 0.0383513 0.0742516 0.0654706 0.0000000 0.0647334 0.0447768 0.0587263 0.0808750 0.0880304 0.0850756 0.0302477 0.0557384 0.0531329 0.0491740 0.0339877 0.0512500 0.0952918 0.0697252 0.0562954 0.1142890 0.0796639 0.0699926 0.0909408 0.0555580 0.0609981 0.0669955 0.0584324 0.0625131 0.0699236 0.0651486 0.0676994 0.0356643 0.0808971 0.0488938 0.0911440 0.0656406 0.0448858 0.0622784 0.0658814 0.0566127 0.1701782 0.0518123 0.0916189 0.0624899 0.1050942 0.0894717 0.0693379 0.0710652 0.0606881 0.0541530 0.1049063 0.0647319 0.1055157 0.0610731 0.0631159 0.0937735 0.0730596 0.0624553 0.0790607 0.1004844 0.0532685 0.0603759 0.0895519 0.0297179 0.0490095 0.0470185 0.0650002 0.0310409 0.0467793 0.0716366 0.0633518 0.0716989 0.0576974 0.0727840 0.0773643 0.0748904 0.0511560 0.0543781 0.0630710 0.0690528 0.0581479 0.0613662 0.0741968 0.0836532 0.0468761 0.0600862 0.0649390 0.0734098 0.0603841 0.0556170 0.0696537 0.0696613 0.0557874 
