116
CRNC          0.0000000 0.1998081 0.1771311 0.3211404 0.2948125 0.3283883 0.3397412 0.2314213 0.2676699 0.3095298 0.2913297 0.2987834 0.3123458 0.2926193 0.2322348 0.3444459 0.2760638 0.3080070 0.3083988 0.3074246 0.3006528 0.2983394 0.3115009 0.3166762 0.3185698 0.3897410 0.2797199 0.2804802 0.2972444 0.3066713 0.3134438 0.3320274 0.3079337 0.3496929 0.3066713 0.3152542 0.2887049 0.2996281 0.2835399 0.2702518 0.3230393 0.2784892 0.3228234 0.2838146 0.2895771 0.3332426 0.3112951 0.3167563 0.3046394 0.3455962 0.2797223 0.3144880 0.2819065 0.2891836 0.3263407 0.2811568 0.2813508 0.2657388 0.3072152 0.2861711 0.3277322 0.4549489 0.2813415 0.3136947 0.3047233 0.3413234 0.3330352 0.3812678 0.2736395 0.3216100 0.2900156 0.3048723 0.2651971 0.3477745 0.3216917 0.3440429 0.2974629 0.3220682 0.3493760 0.3016159 0.2982406 0.3045256 0.3104311 0.3155470 0.3213434 0.3180282 0.2967788 0.3097039 0.3041285 0.3133290 0.2767916 0.3264989 0.3154951 0.3147047 0.3083434 0.3121201 0.2754606 0.3176489 0.3092247 0.3184451 0.2963375 0.3125881 0.3232636 0.3127012 0.2612297 0.2831828 0.3149632 0.3242282 0.3032928 0.2885131 0.3181884 0.2673715 0.3282844 0.3090776 0.2724264 0.2967233 
HYZL          0.1998081 0.0000000 0.0956598 0.2361190 0.2893869 0.2139631 0.2591990 0.2024194 0.2004268 0.2607954 0.2522809 0.2462993 0.2634532 0.2698227 0.2058166 0.2736322 0.2248763 0.2564406 0.2711286 0.2540909 0.2494267 0.2332381 0.2387470 0.2469349 0.2593589 0.3407530 0.2428936 0.2330624 0.2663486 0.2636150 0.2587244 0.2734987 0.2473887 0.3232992 0.2636150 0.2503110 0.2528025 0.2321679 0.2450203 0.2128803 0.2397814 0.2393562 0.2481735 0.2145113 0.2562529 0.2557896 0.2734838 0.2727585 0.2447359 0.2785551 0.2219651 0.2532725 0.2295317 0.2301864 0.2793149 0.2261943 0.2051673 0.1844065 0.2554648 0.2270348 0.2370529 0.3397523 0.2407052 0.2556204 0.2617519 0.2746823 0.2741230 0.2670191 0.2274094 0.2423928 0.2436143 0.2271218 0.2042658 0.2451503 0.2518572 0.2726109 0.2264371 0.2643801 0.2984531 0.2188013 0.2213321 0.2557518 0.2672452 0.2338553 0.2594435 0.2437031 0.2398383 0.2582709 0.2529642 0.2698538 0.2188122 0.2728452 0.2807141 0.2730853 0.2593245 0.2392002 0.2169043 0.2396193 0.2544959 0.2448893 0.2249353 0.2530338 0.2972372 0.2351544 0.2017687 0.2415537 0.2599542 0.3032642 0.2553470 0.2296315 0.2539762 0.2216488 0.2759979 0.2526700 0.2309300 0.2260720 
MYZV          0.1771311 0.0956598 0.0000000 0.2465406 0.2734880 0.2370439 0.2543431 0.1767485 0.1944446 0.2403826 0.2482552 0.2488013 0.2594993 0.2554304 0.1921770 0.2779419 0.2224879 0.2522291 0.2501604 0.2626438 0.2581418 0.2354793 0.2356501 0.2434997 0.2553616 0.3266360 0.2328427 0.2199510 0.2471328 0.2434784 0.2610258 0.2631136 0.2439964 0.2924157 0.2434784 0.2418541 0.2553180 0.2292341 0.2412463 0.2160723 0.2473541 0.2310851 0.2389395 0.2121332 0.2362513 0.2992507 0.2818226 0.2519701 0.2414500 0.2740809 0.2093436 0.2496868 0.2109084 0.2170914 0.2579555 0.2181531 0.2033582 0.1921590 0.2452101 0.2302131 0.2284135 0.3536169 0.2482750 0.2464435 0.2471007 0.2700211 0.2589148 0.2551017 0.2083771 0.2721771 0.2461179 0.2456314 0.1829602 0.2413157 0.2319172 0.2967171 0.2136604 0.3084974 0.3000208 0.2332555 0.2293038 0.2570275 0.2572769 0.2764097 0.2505239 0.2183225 0.2485396 0.2479931 0.2428912 0.2493729 0.2218809 0.2617957 0.2481006 0.2519361 0.2393299 0.2360847 0.2192624 0.2482886 0.2508662 0.2415951 0.2281420 0.2437252 0.2995140 0.2321549 0.2120635 0.2324781 0.2561548 0.2972528 0.2454416 0.2165764 0.2614513 0.2083381 0.2710346 0.2491101 0.2131070 0.2233806 
SRR6441723    0.3211404 0.2361190 0.2465406 0.0000000 0.0980660 0.1603763 0.0757652 0.0340599 0.0650317 0.0534903 0.0616638 0.0459631 0.0568697 0.0677113 0.0425462 0.1122235 0.0738204 0.0624621 0.0999947 0.0620061 0.0744094 0.0353027 0.0527853 0.0716490 0.0767691 0.0931785 0.0694551 0.0595493 0.0605590 0.0947744 0.0591192 0.0736547 0.0569812 0.1381526 0.0947744 0.0800680 0.0874254 0.0601023 0.0578334 0.0461705 0.0650836 0.0738257 0.0533198 0.0671572 0.0920970 0.0907898 0.0809020 0.0996233 0.0493518 0.0616302 0.0527500 0.0603050 0.0633135 0.0566435 0.0680885 0.0709119 0.0432622 0.0574143 0.0622209 0.0500048 0.0430904 0.1051985 0.0781375 0.0764687 0.0564108 0.0654701 0.0730614 0.1022336 0.0895079 0.0793110 0.0508284 0.0866665 0.0567434 0.0682781 0.0504552 0.0916457 0.0629436 0.0914002 0.0766888 0.0395987 0.0755838 0.0603525 0.0492524 0.0795058 0.0564841 0.0676841 0.0613894 0.0652265 0.0617415 0.0987672 0.0428311 0.0786237 0.1284845 0.0975337 0.0913726 0.0663593 0.0793855 0.0431014 0.0430324 0.0630053 0.0533134 0.0676062 0.0843448 0.0527599 0.0510404 0.0462010 0.0496298 0.0634462 0.0605735 0.0565104 0.0660821 0.0747012 0.0711836 0.0530087 0.0704413 0.0498108 
ERR2789774    0.2948125 0.2893869 0.2734880 0.0980660 0.0000000 0.1796464 0.1278233 0.0534107 0.0971298 0.0947162 0.1141050 0.1010012 0.0909187 0.1004333 0.0498761 0.1643071 0.0936326 0.1157241 0.1496037 0.1238751 0.0814885 0.0482718 0.0932981 0.1107969 0.1326677 0.1575966 0.1154515 0.0966233 0.1059471 0.1478806 0.1017788 0.1202100 0.0905448 0.1748095 0.1478806 0.1231840 0.1223362 0.1021912 0.1091342 0.0932307 0.1180911 0.0665428 0.0984737 0.1057822 0.1392780 0.1447612 0.1267314 0.1540802 0.0892211 0.1185885 0.0888075 0.1026840 0.0892641 0.0936150 0.1167354 0.0971885 0.0987295 0.1058494 0.1152708 0.1017392 0.0939592 0.2416844 0.1145356 0.1236238 0.1020277 0.1144109 0.1237915 0.1671029 0.1324553 0.1302960 0.0864001 0.1295209 0.0884323 0.1154601 0.0994249 0.1260578 0.1004855 0.1458072 0.1263139 0.0935264 0.1167319 0.1149943 0.0925103 0.1228383 0.0979150 0.1114141 0.1141626 0.1183747 0.1187360 0.1526287 0.0892136 0.1360609 0.1381043 0.1466667 0.1441215 0.1011839 0.1218512 0.1024078 0.0928731 0.1052046 0.0982787 0.1229400 0.1244169 0.1057055 0.0880270 0.0856561 0.0929819 0.1344969 0.1030731 0.0844871 0.1247471 0.1279669 0.1218961 0.0903186 0.1099823 0.0983671 
PAFTOL_019361 0.3283883 0.2139631 0.2370439 0.1603763 0.1796464 0.0000000 0.1956003 0.1498379 0.1471938 0.2086830 0.1313700 0.2026198 0.1950999 0.1684661 0.1309566 0.3066893 0.1855378 0.1521589 0.2122008 0.1500983 0.1542161 0.1626730 0.1851736 0.1779813 0.1585280 0.1336780 0.1338791 0.1663068 0.1886155 0.2176608 0.1250418 0.1767613 0.1479231 0.2314321 0.2176608 0.1293122 0.2139301 0.1623029 0.1309728 0.1404438 0.1298934 0.1657495 0.1863092 0.1601153 0.2028017 0.1670578 0.1804573 0.2324343 0.1851736 0.1641504 0.1581186 0.2006404 0.1674868 0.1581186 0.2015206 0.1593777 0.1334448 0.1548551 0.1327304 0.1429412 0.1782415 0.7215344 0.1512861 0.1624808 0.1841238 0.1737527 0.1631896 0.2470474 0.1727006 0.1579175 0.1892703 0.1860810 0.1445845 0.1865161 0.1763939 0.1588340 0.1760463 0.1897224 0.2366485 0.1664707 0.1860810 0.1887473 0.1826661 0.1498223 0.1937143 0.1771779 0.1306279 0.1391331 0.1313722 0.2280736 0.1318315 0.1517317 0.2341758 0.2159170 0.2101320 0.1851736 0.1717417 0.1995669 0.1848391 0.1950225 0.1621937 0.1739109 0.2232153 0.1687838 0.1285038 0.1559161 0.1939831 0.1806606 0.2198245 0.1581186 0.1516841 0.1645859 0.1280837 0.1851736 0.1459985 0.1683396 
S0055         0.3397412 0.2591990 0.2543431 0.0757652 0.1278233 0.1956003 0.0000000 0.0815300 0.0808469 0.0638787 0.0700552 0.0859095 0.0630915 0.0675007 0.0643014 0.1085258 0.0705920 0.0709840 0.0926753 0.0708018 0.1067298 0.0813915 0.0629295 0.0681953 0.0745466 0.1243694 0.0747454 0.0784065 0.0818554 0.0914055 0.0714070 0.0964479 0.0687483 0.1344465 0.0914055 0.0886174 0.0878341 0.0567624 0.0659397 0.0536854 0.0774992 0.1030157 0.0671694 0.0718341 0.0848761 0.1252333 0.0989245 0.0962110 0.0593856 0.0832420 0.0711458 0.0666177 0.0791319 0.0716659 0.0946033 0.0757059 0.0545039 0.0569345 0.0707072 0.0506509 0.0679354 0.0978758 0.0752231 0.0949321 0.0893816 0.0948472 0.0990229 0.1249985 0.0953292 0.1119372 0.0696394 0.0733490 0.0988318 0.0833620 0.0607050 0.1177313 0.0820123 0.1261028 0.0926041 0.0635067 0.0628965 0.0629888 0.0747384 0.1091588 0.0667942 0.0750588 0.0774106 0.0737603 0.0739627 0.0953827 0.0502123 0.0956947 0.1204321 0.0940727 0.0880014 0.0698825 0.0786885 0.0802815 0.0829033 0.0664991 0.0567372 0.0425749 0.1277857 0.0631855 0.0551123 0.0790683 0.0903692 0.0941717 0.0748508 0.0752857 0.0667368 0.0913410 0.0802310 0.0632027 0.0755566 0.0671122 
S0196sl       0.2314213 0.2024194 0.1767485 0.0340599 0.0534107 0.1498379 0.0815300 0.0000000 0.0225301 0.0466980 0.0341387 0.0583023 0.0524497 0.0745889 0.0234337 0.0949590 0.0399021 0.0411346 0.0603838 0.0469831 0.0460958 0.0535755 0.0460491 0.0399414 0.0532184 0.0220609 0.0285099 0.0108178 0.0598611 0.0595344 0.0285099 0.0670646 0.0219572 0.1004008 0.0595344 0.0465138 0.0610307 0.0466901 0.0340590 0.0277570 0.0338086 0.0607787 0.0460491 0.0165354 0.0539846 0.0458774 0.0859425 0.0672710 0.0460491 0.0589180 0.0053726 0.0534977 0.0108786 0.0053726 0.0646298 0.0164878 0.0279755 0.0285836 0.0344396 0.0399352 0.0526068 0.5519170 0.0165695 0.0653913 0.0726067 0.0657252 0.0589180 0.1278582 0.0536118 0.0518122 0.0468258 0.0353554 0.0232652 0.0729404 0.0521145 0.0398876 0.0164528 0.0596747 0.0742201 0.0337234 0.0353554 0.0467240 0.0518622 0.0338052 0.0521343 0.0655706 0.0339721 0.0400908 0.0339721 0.0662421 0.0219572 0.0349790 0.1023702 0.0547629 0.0535390 0.0584367 0.0285101 0.0595262 0.0459894 0.0650384 0.0467978 0.0732705 0.0746565 0.0462836 0.0229358 0.0392711 0.0521445 0.0635813 0.0667737 0.0053726 0.0470493 0.0471016 0.0478364 0.0460491 0.0345110 0.0461664 
S0281         0.2676699 0.2004268 0.1944446 0.0650317 0.0971298 0.1471938 0.0808469 0.0225301 0.0000000 0.0576830 0.0668089 0.0676214 0.0684671 0.0839964 0.0496931 0.0974374 0.0603994 0.0676966 0.0744634 0.0749076 0.0936437 0.0682092 0.0604246 0.0653487 0.0824995 0.1032953 0.0709723 0.0368918 0.0793560 0.0697730 0.0642163 0.0871709 0.0651833 0.1042173 0.0697730 0.0778565 0.0813991 0.0610681 0.0627284 0.0471094 0.0627971 0.0867642 0.0646656 0.0439143 0.0669432 0.0969554 0.1144132 0.0702972 0.0568612 0.0815131 0.0304276 0.0649661 0.0403709 0.0339441 0.0880969 0.0474330 0.0478255 0.0403125 0.0598733 0.0474899 0.0542348 0.1259691 0.0648009 0.0897611 0.0679242 0.0777952 0.0898622 0.1113398 0.0580787 0.0921494 0.0577375 0.0618332 0.0314629 0.0770770 0.0615541 0.0974080 0.0401402 0.1054431 0.0943575 0.0608332 0.0548602 0.0686794 0.0638633 0.0928417 0.0679195 0.0798522 0.0668297 0.0629364 0.0631080 0.0735615 0.0436965 0.0844262 0.1007437 0.0717915 0.0664246 0.0674247 0.0658341 0.0726060 0.0604695 0.0709907 0.0610402 0.0791348 0.1089522 0.0574202 0.0521160 0.0679749 0.0674422 0.0906532 0.0761169 0.0338624 0.0753434 0.0617225 0.0768399 0.0606883 0.0473353 0.0646106 
S0282         0.3095298 0.2607954 0.2403826 0.0534903 0.0947162 0.2086830 0.0638787 0.0466980 0.0576830 0.0000000 0.0656147 0.0429224 0.0145027 0.0561452 0.0634456 0.1127413 0.0596412 0.0593182 0.0958674 0.0663019 0.0859956 0.0596976 0.0144692 0.0239444 0.0809929 0.0954281 0.0696904 0.0459745 0.0593856 0.0907521 0.0630531 0.0691024 0.0536084 0.1119980 0.0907521 0.0842043 0.0505017 0.0206329 0.0616171 0.0463111 0.0616840 0.0744135 0.0176335 0.0531537 0.0880594 0.1068282 0.0832268 0.0955130 0.0114992 0.0609866 0.0394431 0.0174785 0.0495295 0.0430732 0.0612244 0.0567288 0.0503814 0.0573301 0.0588044 0.0532767 0.0463728 0.1044933 0.0672562 0.0684744 0.0499009 0.0647784 0.0685574 0.0778959 0.0745596 0.0943654 0.0509893 0.0669093 0.0561597 0.0608251 0.0506927 0.0996031 0.0427373 0.1075543 0.0809827 0.0464224 0.0565361 0.0396158 0.0459966 0.0950642 0.0205749 0.0430632 0.0728046 0.0618193 0.0619841 0.0946976 0.0429592 0.0828499 0.1050182 0.0933815 0.0873714 0.0265215 0.0720744 0.0570543 0.0399785 0.0234982 0.0206250 0.0558025 0.0890135 0.0327789 0.0512025 0.0497227 0.0532092 0.0847361 0.0397658 0.0429710 0.0739673 0.0783217 0.0789234 0.0145233 0.0634275 0.0237008 
S0289         0.2913297 0.2522809 0.2482552 0.0616638 0.1141050 0.1313700 0.0700552 0.0341387 0.0668089 0.0656147 0.0000000 0.0645869 0.0691845 0.0462878 0.0113830 0.1050386 0.0758056 0.0145780 0.0931990 0.0174970 0.0800149 0.0672295 0.0610434 0.0615922 0.0174294 0.0764325 0.0174981 0.0542326 0.0654251 0.0919157 0.0178243 0.0827968 0.0625046 0.1272931 0.0919157 0.0360048 0.0822811 0.0547458 0.0114330 0.0271780 0.0203633 0.0804308 0.0653381 0.0548936 0.0853572 0.0808624 0.0822223 0.0967517 0.0574404 0.0773083 0.0473609 0.0656452 0.0580135 0.0435986 0.0850992 0.0585986 0.0307969 0.0589557 0.0115518 0.0337164 0.0650714 0.0552471 0.0806609 0.0814796 0.0680587 0.0814152 0.0854961 0.1087872 0.0770742 0.0800738 0.0592257 0.0777122 0.0491417 0.0857648 0.0696645 0.0738215 0.0576691 0.0818181 0.0951044 0.0542754 0.0665913 0.0618751 0.0575894 0.0773383 0.0649638 0.0695145 0.0173374 0.0085289 0.0144262 0.0959158 0.0240085 0.0335713 0.1237697 0.0946106 0.0884958 0.0681199 0.0668565 0.0696242 0.0615673 0.0646736 0.0582240 0.0761008 0.1038510 0.0645769 0.0245990 0.0540799 0.0653426 0.0277631 0.0693190 0.0511257 0.0206190 0.0732498 0.0208880 0.0613126 0.0582016 0.0546177 
S0292         0.2987834 0.2462993 0.2488013 0.0459631 0.1010012 0.2026198 0.0859095 0.0583023 0.0676214 0.0429224 0.0645869 0.0000000 0.0461771 0.0667910 0.0617740 0.1196351 0.0693790 0.0583841 0.1065490 0.0723760 0.0772526 0.0607614 0.0423758 0.0602852 0.0796908 0.0954913 0.0723902 0.0554437 0.0735014 0.1012347 0.0620924 0.0690175 0.0528740 0.1318237 0.1012347 0.0757098 0.0753256 0.0493292 0.0607490 0.0425433 0.0538829 0.0761609 0.0461313 0.0628399 0.0986195 0.1011347 0.0871466 0.1061541 0.0390904 0.0609082 0.0487956 0.0494774 0.0591045 0.0525689 0.0501929 0.0664996 0.0464777 0.0600313 0.0510208 0.0493439 0.0329997 0.1040227 0.0735618 0.0651519 0.0461640 0.0614810 0.0684734 0.0886848 0.0846565 0.0817950 0.0470245 0.0818420 0.0743711 0.0603303 0.0503118 0.0900766 0.0587657 0.0942754 0.0687678 0.0426412 0.0710091 0.0495207 0.0325984 0.0896938 0.0458226 0.0533439 0.0716553 0.0539986 0.0541388 0.1052476 0.0392657 0.0816044 0.1224181 0.1041626 0.0978478 0.0422428 0.0747173 0.0496012 0.0145409 0.0522073 0.0460682 0.0733011 0.0798852 0.0423591 0.0508138 0.0360301 0.0266386 0.0793502 0.0566403 0.0524468 0.0727807 0.0884936 0.0699460 0.0425481 0.0732782 0.0394455 
S0293         0.3123458 0.2634532 0.2594993 0.0568697 0.0909187 0.1950999 0.0630915 0.0524497 0.0684671 0.0145027 0.0691845 0.0461771 0.0000000 0.0556929 0.0555698 0.1177704 0.0669666 0.0628783 0.1044077 0.0699110 0.0824368 0.0523709 0.0115224 0.0271665 0.0847237 0.0993919 0.0737952 0.0561029 0.0627622 0.0990631 0.0666562 0.0646109 0.0468046 0.1320740 0.0990631 0.0835162 0.0437438 0.0176059 0.0651333 0.0495994 0.0652023 0.0783076 0.0146277 0.0636051 0.0963961 0.1029874 0.0795739 0.1040160 0.0085853 0.0567466 0.0493681 0.0144993 0.0566059 0.0531951 0.0569616 0.0673169 0.0537491 0.0647326 0.0623343 0.0566412 0.0496661 0.1231636 0.0677788 0.0640333 0.0532385 0.0604339 0.0641116 0.0890564 0.0857351 0.0906390 0.0544054 0.0674263 0.0860779 0.0563720 0.0466885 0.0957870 0.0527747 0.1036878 0.0718536 0.0497210 0.0638218 0.0393909 0.0492620 0.0878403 0.0175554 0.0365475 0.0764314 0.0653458 0.0655209 0.1031156 0.0462154 0.0824735 0.1203707 0.1019683 0.0956320 0.0234710 0.0799074 0.0604749 0.0432315 0.0204699 0.0175993 0.0524841 0.0928302 0.0296703 0.0546297 0.0530454 0.0565705 0.0886481 0.0333155 0.0530698 0.0776596 0.0896303 0.0827080 0.0115652 0.0741873 0.0206456 
S0294         0.2926193 0.2698227 0.2554304 0.0677113 0.1004333 0.1684661 0.0675007 0.0745889 0.0839964 0.0561452 0.0462878 0.0667910 0.0556929 0.0000000 0.0501928 0.1067083 0.0784526 0.0579851 0.1026431 0.0652534 0.0829422 0.0737962 0.0517397 0.0567868 0.0649904 0.1058332 0.0578923 0.0745832 0.0486171 0.1011477 0.0545671 0.0856966 0.0640129 0.1366065 0.1011477 0.0758858 0.0762575 0.0453715 0.0462629 0.0527762 0.0607998 0.0791784 0.0559096 0.0755607 0.0942334 0.0917264 0.0880905 0.1064134 0.0481714 0.0844822 0.0670976 0.0633204 0.0672820 0.0715152 0.0879744 0.0796542 0.0572570 0.0723164 0.0578014 0.0565648 0.0788978 0.0708529 0.0869398 0.0923748 0.0747840 0.0924924 0.0926049 0.0607492 0.0915055 0.0951184 0.0729350 0.0826264 0.0987608 0.0888063 0.0759634 0.0884941 0.0709025 0.1010469 0.1027406 0.0672981 0.0712364 0.0453390 0.0667704 0.0882154 0.0555800 0.0635574 0.0609568 0.0534383 0.0611071 0.1054409 0.0491602 0.0704667 0.1187366 0.1000565 0.0975244 0.0587830 0.0808862 0.0839697 0.0713348 0.0553378 0.0522782 0.0742708 0.0886818 0.0484291 0.0577124 0.0561744 0.0753678 0.0725712 0.0633762 0.0713386 0.0656270 0.0874112 0.0626205 0.0519670 0.0712469 0.0417907 
S0299         0.2322348 0.2058166 0.1921770 0.0425462 0.0498761 0.1309566 0.0643014 0.0234337 0.0496931 0.0634456 0.0113830 0.0617740 0.0555698 0.0501928 0.0000000 0.1183840 0.0490181 0.0116070 0.0861204 0.0235245 0.0480053 0.0568342 0.0487546 0.0426412 0.0296030 0.0175153 0.0115694 0.0356903 0.0635232 0.0921326 0.0115403 0.0628527 0.0231834 0.1062654 0.0921326 0.0294553 0.0648430 0.0364989 0.0113577 0.0173063 0.0171102 0.0489853 0.0489974 0.0298487 0.0789276 0.0295770 0.0705034 0.1016035 0.0487546 0.0548815 0.0295376 0.0567534 0.0359124 0.0295376 0.0685079 0.0235733 0.0174494 0.0362575 0.0114847 0.0296894 0.0557471 0.8301997 0.0299221 0.0612364 0.0685946 0.0618693 0.0482223 0.1317309 0.0640619 0.0356518 0.0496272 0.0369709 0.0417718 0.0779120 0.0551959 0.0234961 0.0422521 0.0431905 0.0705002 0.0356563 0.0369709 0.0424865 0.0549121 0.0174104 0.0552156 0.0560159 0.0113279 0.0171940 0.0113794 0.0999011 0.0114000 0.0175787 0.1002180 0.0876521 0.0855233 0.0487546 0.0361609 0.0703138 0.0486866 0.0555389 0.0365898 0.0495924 0.0794130 0.0490160 0.0058056 0.0291790 0.0552291 0.0384603 0.0709180 0.0295376 0.0234926 0.0572415 0.0239412 0.0487546 0.0432074 0.0360720 
S0303         0.3444459 0.2736322 0.2779419 0.1122235 0.1643071 0.3066893 0.1085258 0.0949590 0.0974374 0.1127413 0.1050386 0.1196351 0.1177704 0.1067083 0.1183840 0.0000000 0.0731993 0.1061941 0.0257560 0.1148538 0.1443739 0.1620221 0.1109071 0.1228178 0.1095843 0.1459201 0.1007730 0.0780970 0.1088624 0.0187925 0.1026971 0.1261251 0.1175255 0.1278187 0.0187925 0.1228455 0.1389992 0.1122554 0.0918332 0.0807041 0.1090879 0.1462246 0.1167597 0.0817197 0.0189928 0.1483652 0.1674236 0.0222476 0.1064391 0.1281703 0.0779271 0.1117100 0.0743280 0.0732671 0.1377669 0.0873391 0.0815301 0.0669854 0.1061348 0.0689105 0.1006025 0.1225518 0.0819342 0.1379524 0.1056397 0.1377620 0.1338852 0.1475011 0.1173430 0.1465164 0.1100235 0.0828960 0.1339855 0.1307165 0.1044012 0.1492714 0.0780467 0.1534568 0.1374398 0.1016572 0.0709731 0.1050250 0.1103843 0.1341795 0.1160820 0.1222361 0.1135683 0.1093572 0.1051134 0.0220682 0.0766906 0.1263439 0.1086773 0.0191982 0.0188765 0.1280069 0.0833669 0.1225201 0.1097665 0.1234397 0.1196616 0.1277548 0.1540056 0.1155058 0.0873645 0.1164129 0.1192760 0.1040985 0.1132780 0.0825496 0.1156672 0.1127974 0.1118674 0.1114959 0.0990158 0.1166141 
S0308         0.2760638 0.2248763 0.2224879 0.0738204 0.0936326 0.1855378 0.0705920 0.0399021 0.0603994 0.0596412 0.0758056 0.0693790 0.0669666 0.0784526 0.0490181 0.0731993 0.0000000 0.0767928 0.0536350 0.0839424 0.0886469 0.0740830 0.0623101 0.0671798 0.0836265 0.1000682 0.0727404 0.0486716 0.0702373 0.0562644 0.0733638 0.0799452 0.0702636 0.0888527 0.0562644 0.0834748 0.0829423 0.0629602 0.0716908 0.0558527 0.0717627 0.0886395 0.0664919 0.0490144 0.0501843 0.0823435 0.1099651 0.0602340 0.0588080 0.0747093 0.0421666 0.0694943 0.0457068 0.0458043 0.0860904 0.0427230 0.0601212 0.0298737 0.0689401 0.0559721 0.0591712 0.1370694 0.0327716 0.0749091 0.0619947 0.0786556 0.0679162 0.1168937 0.0771534 0.0851265 0.0641517 0.0394402 0.0477080 0.0710502 0.0600278 0.0904806 0.0454502 0.0981815 0.0755102 0.0587179 0.0299073 0.0564356 0.0656844 0.0788928 0.0696798 0.0742957 0.0830974 0.0719201 0.0721131 0.0597519 0.0524331 0.0936059 0.0695565 0.0577999 0.0531140 0.0760664 0.0332531 0.0780782 0.0664493 0.0726799 0.0663881 0.0765473 0.1028138 0.0693645 0.0576915 0.0628882 0.0734344 0.0999814 0.0637474 0.0456977 0.0844341 0.0808971 0.0896029 0.0625762 0.0660650 0.0664356 
S0320         0.3080070 0.2564406 0.2522291 0.0624621 0.1157241 0.1521589 0.0709840 0.0411346 0.0676966 0.0593182 0.0145780 0.0583841 0.0628783 0.0579851 0.0116070 0.1061941 0.0767928 0.0000000 0.0944561 0.0144231 0.0924776 0.0758193 0.0548569 0.0553503 0.0269482 0.0773655 0.0207779 0.0549255 0.0735090 0.0931407 0.0211730 0.0879649 0.0633249 0.1291207 0.0931407 0.0397072 0.0833915 0.0485125 0.0145418 0.0275120 0.0236847 0.0815162 0.0590689 0.0556037 0.0865023 0.0899436 0.0832107 0.0980552 0.0512774 0.0822459 0.0479623 0.0593409 0.0587607 0.0441456 0.0862385 0.0593609 0.0311822 0.0597278 0.0146957 0.0341346 0.0657090 0.0487046 0.0817296 0.0865455 0.0726497 0.0864723 0.0906698 0.1095647 0.0780960 0.0811275 0.0600055 0.0787481 0.0697813 0.0819952 0.0705811 0.0827090 0.0584074 0.0905658 0.0963794 0.0549697 0.0674725 0.0556021 0.0653472 0.0783644 0.0587239 0.0631878 0.0205839 0.0175759 0.0176173 0.0971976 0.0243032 0.0372953 0.1251166 0.0959048 0.0896766 0.0619113 0.0751543 0.0632842 0.0553279 0.0582869 0.0519818 0.0770954 0.1134861 0.0583796 0.0248124 0.0547690 0.0661923 0.0243997 0.0630087 0.0517815 0.0208043 0.0742168 0.0243066 0.0550983 0.0589541 0.0483975 
S0322         0.3083988 0.2711286 0.2501604 0.0999947 0.1496037 0.2122008 0.0926753 0.0603838 0.0744634 0.0958674 0.0931990 0.1065490 0.1044077 0.1026431 0.0861204 0.0257560 0.0536350 0.0944561 0.0000000 0.1020259 0.1379003 0.1131471 0.0984235 0.1007814 0.1016407 0.1177146 0.0900637 0.0613874 0.1006596 0.0086999 0.0908794 0.1114611 0.0963384 0.1181949 0.0086999 0.1093436 0.1233197 0.0956446 0.0812154 0.0713563 0.0888002 0.1281124 0.1035888 0.0653382 0.0028854 0.1270435 0.1495684 0.0117589 0.0943896 0.1135267 0.0612670 0.0990711 0.0579922 0.0572380 0.1266720 0.0656402 0.0724608 0.0479731 0.0859682 0.0612820 0.0875221 0.1342467 0.0578777 0.1226285 0.0899708 0.1181600 0.1146005 0.1421008 0.0961932 0.1216029 0.1016338 0.0655422 0.0865622 0.1070135 0.0848194 0.1277166 0.0648952 0.1315365 0.1162771 0.0942137 0.0548999 0.0928365 0.0941817 0.1144120 0.1070981 0.1087548 0.1009643 0.0890023 0.0852786 0.0116708 0.0676945 0.1169532 0.1046342 0.0119597 0.0087366 0.1099867 0.0658794 0.1092375 0.1035170 0.1062385 0.0955923 0.1107190 0.1367568 0.0988303 0.0774288 0.0879897 0.1114396 0.1023916 0.1086967 0.0652781 0.1026740 0.1003145 0.1003741 0.0988989 0.0839602 0.0995597 
S0327         0.3074246 0.2540909 0.2626438 0.0620061 0.1238751 0.1500983 0.0708018 0.0469831 0.0749076 0.0663019 0.0174970 0.0723760 0.0699110 0.0652534 0.0235245 0.1148538 0.0839424 0.0144231 0.1020259 0.0000000 0.0958493 0.0820399 0.0616704 0.0622309 0.0299446 0.0850267 0.0237486 0.0617476 0.0806451 0.1005977 0.0242015 0.0914429 0.0704051 0.1374877 0.1005977 0.0427590 0.0908647 0.0553108 0.0174535 0.0338299 0.0266482 0.0895490 0.0660192 0.0625182 0.0939568 0.0892652 0.0907937 0.1056437 0.0580271 0.0856401 0.0546804 0.0663337 0.0656713 0.0507513 0.0901160 0.0663480 0.0376456 0.0667609 0.0176376 0.0405869 0.0729229 0.0553915 0.0890432 0.0899716 0.0759270 0.0898929 0.0941146 0.1366506 0.0853820 0.0883882 0.0670775 0.0860860 0.0784113 0.0896555 0.0777556 0.0901226 0.0652744 0.0898789 0.1044994 0.0545736 0.0746554 0.0696898 0.0722936 0.0777781 0.0656381 0.0775797 0.0174265 0.0205087 0.0205571 0.1047165 0.0305641 0.0404031 0.1339424 0.1035891 0.0971183 0.0688245 0.0824639 0.0738013 0.0693313 0.0653415 0.0588268 0.0769010 0.1125945 0.0723577 0.0313270 0.0615696 0.0732364 0.0274519 0.0773580 0.0586017 0.0237811 0.0814401 0.0273480 0.0619453 0.0658934 0.0621943 
S0335         0.3006528 0.2494267 0.2581418 0.0744094 0.0814885 0.1542161 0.1067298 0.0460958 0.0936437 0.0859956 0.0800149 0.0772526 0.0824368 0.0829422 0.0480053 0.1443739 0.0886469 0.0924776 0.1379003 0.0958493 0.0000000 0.0473894 0.0847854 0.1060780 0.0884074 0.1329386 0.0883233 0.0807965 0.0815528 0.1317560 0.0850448 0.0964021 0.0675472 0.1496530 0.1317560 0.1029383 0.0995636 0.0930246 0.0830763 0.0775980 0.0909610 0.0498351 0.0856894 0.0929154 0.1292723 0.1273016 0.1133566 0.1373597 0.0809874 0.0833995 0.0736045 0.0934285 0.0777302 0.0779027 0.0907676 0.1009960 0.0824560 0.0891120 0.0881907 0.0853401 0.0634175 0.2013900 0.1011996 0.0759591 0.0769540 0.0875226 0.0876216 0.1100184 0.1211611 0.1141569 0.0785036 0.1028221 0.0761691 0.1086820 0.0910387 0.1241804 0.0843644 0.1288297 0.0965788 0.0778185 0.0987895 0.0818257 0.0594127 0.1155944 0.0851513 0.0940491 0.0948761 0.0911642 0.0874951 0.1361372 0.0739170 0.1060576 0.1419487 0.1357134 0.1282115 0.0917149 0.1033794 0.0635360 0.0710919 0.0959104 0.0893655 0.1042404 0.0935398 0.0923955 0.0796029 0.0744193 0.0711618 0.0999853 0.0863994 0.0777216 0.0848823 0.1128642 0.0855891 0.0851739 0.1003158 0.0894394 
S0376         0.2983394 0.2332381 0.2354793 0.0353027 0.0482718 0.1626730 0.0813915 0.0535755 0.0682092 0.0596976 0.0672295 0.0607614 0.0523709 0.0737962 0.0568342 0.1620221 0.0740830 0.0758193 0.1131471 0.0820399 0.0473894 0.0000000 0.0459820 0.0651371 0.0889939 0.0535177 0.0683935 0.0663999 0.0526070 0.1113484 0.0613089 0.0826075 0.0405878 0.1632545 0.1113484 0.0811788 0.0587030 0.0591665 0.0670541 0.0595519 0.0596840 0.0553700 0.0461976 0.0668131 0.1057634 0.0799730 0.0857994 0.1212523 0.0459820 0.0678650 0.0599868 0.0663091 0.0668169 0.0599868 0.0602611 0.0656942 0.0535601 0.0620316 0.0678557 0.0674354 0.0479495 0.5519170 0.0607981 0.0609861 0.0683170 0.0616146 0.0675241 0.1243461 0.1199156 0.0599216 0.0548840 0.0675065 0.0789111 0.0536660 0.0350533 0.0733713 0.0734527 0.0961098 0.0774302 0.0409410 0.0675065 0.0592203 0.0599851 0.0664977 0.0520564 0.0654679 0.0668809 0.0738052 0.0672148 0.1192478 0.0529916 0.0690047 0.1360619 0.1073678 0.1048045 0.0583479 0.0754079 0.0681122 0.0538590 0.0649374 0.0405221 0.0600447 0.0844020 0.0462153 0.0354454 0.0466856 0.0603280 0.1033743 0.0666669 0.0599868 0.0826770 0.1125678 0.0626639 0.0459820 0.0965313 0.0460984 
S0400         0.3115009 0.2387470 0.2356501 0.0527853 0.0932981 0.1851736 0.0629295 0.0460491 0.0604246 0.0144692 0.0610434 0.0423758 0.0115224 0.0517397 0.0487546 0.1109071 0.0623101 0.0548569 0.0984235 0.0616704 0.0847854 0.0459820 0.0000000 0.0145558 0.0759700 0.0954652 0.0687409 0.0486923 0.0551490 0.0933131 0.0584800 0.0725039 0.0462920 0.1316746 0.0933131 0.0715960 0.0463971 0.0056648 0.0571753 0.0423782 0.0502254 0.0732976 0.0028237 0.0558677 0.0906660 0.0936788 0.0748778 0.0980641 0.0027985 0.0642946 0.0421851 0.0144658 0.0522459 0.0458242 0.0603938 0.0594334 0.0396148 0.0600583 0.0543905 0.0491471 0.0457757 0.1113402 0.0666555 0.0718448 0.0492503 0.0681202 0.0719303 0.0822780 0.0771830 0.0818238 0.0468345 0.0627277 0.0761189 0.0562201 0.0465707 0.0866712 0.0454699 0.0943040 0.0756212 0.0359496 0.0592328 0.0358595 0.0454093 0.0824173 0.0114387 0.0327617 0.0680456 0.0573613 0.0575108 0.0972351 0.0391153 0.0660608 0.1054585 0.0959874 0.0899647 0.0113293 0.0747460 0.0562949 0.0394683 0.0084697 0.0056628 0.0452260 0.0799146 0.0231979 0.0470307 0.0490776 0.0525114 0.0834662 0.0359953 0.0457175 0.0691068 0.0809276 0.0738633 0.0056537 0.0660915 0.0144126 
S0405         0.3166762 0.2469349 0.2434997 0.0716490 0.1107969 0.1779813 0.0681953 0.0399414 0.0653487 0.0239444 0.0615922 0.0602852 0.0271665 0.0567868 0.0426412 0.1228178 0.0671798 0.0553503 0.1007814 0.0622309 0.1060780 0.0651371 0.0145558 0.0000000 0.0766785 0.1009977 0.0655756 0.0530959 0.0668838 0.0993863 0.0590113 0.0901145 0.0577905 0.1352703 0.0993863 0.0722521 0.0579263 0.0087193 0.0576825 0.0468074 0.0506631 0.0914932 0.0177405 0.0537295 0.0928151 0.0999663 0.0837946 0.1043583 0.0175740 0.0844162 0.0463782 0.0303207 0.0567866 0.0501710 0.0800988 0.0573470 0.0439883 0.0649425 0.0548754 0.0538549 0.0639832 0.1127719 0.0717350 0.0926629 0.0677971 0.0886056 0.0927648 0.0909692 0.0753882 0.0913821 0.0655544 0.0676423 0.0668204 0.0765305 0.0651483 0.0881541 0.0497727 0.1009758 0.0900845 0.0533807 0.0640261 0.0465887 0.0634485 0.0882860 0.0269601 0.0433280 0.0686653 0.0578717 0.0580239 0.1034524 0.0434176 0.0739758 0.1082415 0.0976129 0.0959454 0.0205769 0.0801677 0.0721198 0.0573024 0.0175796 0.0146945 0.0564005 0.1014852 0.0331204 0.0517707 0.0606001 0.0712679 0.0842868 0.0534431 0.0462426 0.0697467 0.0791963 0.0745625 0.0207193 0.0641207 0.0239473 
S0407sl       0.3185698 0.2593589 0.2553616 0.0767691 0.1326677 0.1585280 0.0745466 0.0532184 0.0824995 0.0809929 0.0174294 0.0796908 0.0847237 0.0649904 0.0296030 0.1095843 0.0836265 0.0269482 0.1016407 0.0299446 0.0884074 0.0889939 0.0759700 0.0766785 0.0000000 0.0887431 0.0299474 0.0688809 0.0881783 0.1002219 0.0305254 0.0994277 0.0738947 0.1282854 0.1002219 0.0492983 0.1067245 0.0695472 0.0234739 0.0336976 0.0328561 0.0979979 0.0806348 0.0549826 0.0935989 0.0928745 0.0987120 0.1052480 0.0721736 0.0933711 0.0616807 0.0810481 0.0729115 0.0576200 0.1015806 0.0586956 0.0443245 0.0665000 0.0237242 0.0472632 0.0688422 0.0622228 0.0887055 0.0978229 0.0832895 0.0977304 0.1020535 0.1360222 0.0816836 0.0919635 0.0699859 0.0782418 0.0681239 0.1030776 0.0853187 0.0856704 0.0724669 0.1017740 0.1030516 0.0689447 0.0743648 0.0770517 0.0763089 0.0892580 0.0801769 0.0851172 0.0296665 0.0204297 0.0266627 0.1043269 0.0370112 0.0470405 0.1334306 0.1031939 0.0967525 0.0833716 0.0821450 0.0852677 0.0766461 0.0797907 0.0731785 0.0884996 0.1300812 0.0796638 0.0379410 0.0686794 0.0806454 0.0412228 0.0848724 0.0657231 0.0240098 0.0777751 0.0337267 0.0763198 0.0698660 0.0693844 
S0412sl       0.3897410 0.3407530 0.3266360 0.0931785 0.1575966 0.1336780 0.1243694 0.0220609 0.1032953 0.0954281 0.0764325 0.0954913 0.0993919 0.1058332 0.0175153 0.1459201 0.1000682 0.0773655 0.1177146 0.0850267 0.1329386 0.0535177 0.0954652 0.1009977 0.0887431 0.0000000 0.0808925 0.0877630 0.1096147 0.1183551 0.0783936 0.1182486 0.0915600 0.1515624 0.1183551 0.0968990 0.1252197 0.0965832 0.0724849 0.0711449 0.0721675 0.1326446 0.0905321 0.0925967 0.1156426 0.1041998 0.1104042 0.1240053 0.0912784 0.1109315 0.0798818 0.0955144 0.0922701 0.0752823 0.1203027 0.0969723 0.0722973 0.0858486 0.0691964 0.0791818 0.0919104 0.2177803 0.0914641 0.1207608 0.1052964 0.1157424 0.1123719 0.1449904 0.1185178 0.1070764 0.1031468 0.1070900 0.0315269 0.1136142 0.0938835 0.0993996 0.0839009 0.1131157 0.1139865 0.0962039 0.0945596 0.0933027 0.0870536 0.0998795 0.1044636 0.1143076 0.0800195 0.0723343 0.0723342 0.1228504 0.0673194 0.0815289 0.1612458 0.1167738 0.1146523 0.1116191 0.0886804 0.1062105 0.0923166 0.1076866 0.1005979 0.1130544 0.1292324 0.0995553 0.0735941 0.0872501 0.0967035 0.0973865 0.1100225 0.0795943 0.0853032 0.1227272 0.0910335 0.0959448 0.1048732 0.0964027 
S0417         0.2797199 0.2428936 0.2328427 0.0694551 0.1154515 0.1338791 0.0747454 0.0285099 0.0709723 0.0696904 0.0174981 0.0723902 0.0737952 0.0578923 0.0115694 0.1007730 0.0727404 0.0207779 0.0900637 0.0237486 0.0883233 0.0683935 0.0687409 0.0655756 0.0299474 0.0808925 0.0000000 0.0580720 0.0806625 0.0888194 0.0242035 0.0878597 0.0704190 0.1240591 0.0888194 0.0395214 0.0831954 0.0623524 0.0174546 0.0338336 0.0266506 0.0895728 0.0732436 0.0587899 0.0822214 0.0857931 0.0866862 0.0936301 0.0650234 0.0821500 0.0510872 0.0736059 0.0549489 0.0472330 0.0901374 0.0625666 0.0376500 0.0558432 0.0176387 0.0405920 0.0729365 0.0688499 0.0736441 0.0864431 0.0759425 0.0863701 0.0905614 0.1340328 0.0774180 0.0771264 0.0670903 0.0745790 0.0501353 0.0910617 0.0743136 0.0785048 0.0615615 0.0863846 0.1006956 0.0618116 0.0634583 0.0697033 0.0723078 0.0670323 0.0728241 0.0702625 0.0175004 0.0205102 0.0205586 0.0928172 0.0305672 0.0273844 0.1205060 0.0914366 0.0853841 0.0760144 0.0637110 0.0777268 0.0693446 0.0724843 0.0659241 0.0769170 0.1169827 0.0723719 0.0313303 0.0615804 0.0732511 0.0345687 0.0700626 0.0549388 0.0269929 0.0735726 0.0273505 0.0690522 0.0621389 0.0622053 
S0419         0.2804802 0.2330624 0.2199510 0.0595493 0.0966233 0.1663068 0.0784065 0.0108178 0.0368918 0.0459745 0.0542326 0.0554437 0.0561029 0.0745832 0.0356903 0.0780970 0.0486716 0.0549255 0.0613874 0.0617476 0.0807965 0.0663999 0.0486923 0.0530959 0.0688809 0.0877630 0.0580720 0.0000000 0.0663770 0.0571279 0.0516047 0.0689841 0.0529643 0.1060592 0.0571279 0.0720289 0.0714256 0.0491910 0.0504600 0.0360685 0.0505183 0.0692494 0.0525656 0.0204591 0.0543309 0.0709181 0.0909152 0.0611737 0.0453519 0.0676537 0.0056440 0.0527869 0.0143903 0.0085792 0.0706589 0.0266874 0.0398381 0.0431459 0.0476467 0.0362977 0.0456265 0.1126534 0.0526705 0.0752706 0.0626519 0.0641711 0.0716762 0.1126186 0.0494056 0.0667672 0.0466972 0.0532136 0.0311185 0.0707315 0.0600397 0.0641938 0.0143146 0.0713841 0.0794720 0.0423385 0.0431959 0.0562693 0.0452625 0.0603446 0.0556700 0.0667761 0.0611359 0.0506263 0.0507571 0.0606763 0.0328635 0.0704140 0.0932929 0.0587125 0.0573789 0.0619271 0.0534743 0.0596455 0.0525312 0.0586528 0.0524906 0.0730770 0.0908439 0.0554416 0.0370933 0.0557268 0.0592403 0.0759717 0.0632608 0.0085591 0.0620800 0.0528386 0.0628714 0.0488929 0.0392904 0.0525254 
S0427         0.2972444 0.2663486 0.2471328 0.0605590 0.1059471 0.1886155 0.0818554 0.0598611 0.0793560 0.0593856 0.0654251 0.0735014 0.0627622 0.0486171 0.0635232 0.1088624 0.0702373 0.0735090 0.1006596 0.0806451 0.0815528 0.0526070 0.0551490 0.0668838 0.0881783 0.1096147 0.0806625 0.0663770 0.0000000 0.0954008 0.0700782 0.0781925 0.0782553 0.1475168 0.0954008 0.0839334 0.0821604 0.0557161 0.0614444 0.0527852 0.0760569 0.0690400 0.0591488 0.0741773 0.0927150 0.1141984 0.0874073 0.1002837 0.0517479 0.0728911 0.0594643 0.0630670 0.0702338 0.0634797 0.0828267 0.0780090 0.0535755 0.0755003 0.0732272 0.0598762 0.0703123 0.1315782 0.0896791 0.0765849 0.0636202 0.0769035 0.0731762 0.0781246 0.0930667 0.1091770 0.0646454 0.0814451 0.0883793 0.0719763 0.0578449 0.1153392 0.0698208 0.1111336 0.0804202 0.0565100 0.0706769 0.0559393 0.0628867 0.1105371 0.0522040 0.0768717 0.0798315 0.0762255 0.0764330 0.0994174 0.0493816 0.0902071 0.1240297 0.1021816 0.0919827 0.0685665 0.0837135 0.0711164 0.0705504 0.0585760 0.0590607 0.0763980 0.1082567 0.0620103 0.0579314 0.0669198 0.0776582 0.0843175 0.0697251 0.0633313 0.0811145 0.0891931 0.0782786 0.0553794 0.0738577 0.0591018 
S0430         0.3066713 0.2636150 0.2434784 0.0947744 0.1478806 0.2176608 0.0914055 0.0595344 0.0697730 0.0907521 0.0919157 0.1012347 0.0990631 0.1011477 0.0921326 0.0187925 0.0562644 0.0931407 0.0086999 0.1005977 0.1317560 0.1113484 0.0933131 0.0993863 0.1002219 0.1183551 0.0888194 0.0571279 0.0954008 0.0000000 0.0896127 0.1058212 0.0950158 0.1078451 0.0000010 0.1078086 0.1174230 0.0943417 0.0801167 0.0704311 0.0875896 0.1272717 0.0983015 0.0644842 0.0000024 0.1252156 0.1473675 0.0028395 0.0893810 0.1079218 0.0570182 0.0939128 0.0538022 0.0531149 0.1207241 0.0682533 0.0715075 0.0439846 0.0847885 0.0604914 0.0826361 0.1314297 0.0605147 0.1167702 0.0850920 0.1124258 0.1089252 0.1486252 0.0948740 0.1198772 0.0962971 0.0611545 0.0847961 0.1013140 0.0799452 0.1258667 0.0605588 0.1296325 0.1108530 0.0892202 0.0507547 0.0877500 0.0891873 0.1127869 0.1017409 0.1072379 0.0995644 0.0877861 0.0840487 0.0028191 0.0668219 0.1111229 0.0990757 0.0028864 0.0000024 0.1084834 0.0614632 0.1037457 0.0982342 0.1047894 0.0942910 0.1091953 0.1305066 0.0936948 0.0763886 0.0942286 0.1059711 0.1009024 0.1032442 0.0609089 0.1012265 0.0989303 0.0989420 0.0937536 0.0828341 0.0981983 
S0478         0.3134438 0.2587244 0.2610258 0.0591192 0.1017788 0.1250418 0.0714070 0.0285099 0.0642163 0.0630531 0.0178243 0.0620924 0.0666562 0.0545671 0.0115403 0.1026971 0.0733638 0.0211730 0.0908794 0.0242015 0.0850448 0.0613089 0.0584800 0.0590113 0.0305254 0.0783936 0.0242035 0.0516047 0.0700782 0.0896127 0.0000000 0.0803344 0.0598974 0.1252975 0.0896127 0.0337080 0.0875129 0.0520993 0.0147625 0.0243967 0.0208530 0.0729235 0.0627846 0.0522399 0.0829558 0.0777090 0.0805775 0.0944805 0.0548507 0.0748374 0.0446793 0.0630806 0.0554047 0.0409110 0.0826995 0.0559693 0.0279992 0.0600168 0.0179711 0.0309623 0.0625257 0.0729775 0.0782363 0.0790376 0.0655611 0.0789760 0.0830920 0.1319245 0.0746064 0.0693379 0.0565750 0.0791148 0.0501353 0.0832569 0.0671256 0.0706556 0.0550718 0.0782405 0.0875829 0.0516449 0.0677689 0.0630774 0.0619884 0.0665507 0.0624184 0.0669821 0.0239724 0.0208950 0.0209453 0.0936529 0.0212128 0.0379128 0.1116905 0.0922781 0.0861454 0.0656202 0.0755459 0.0670876 0.0590255 0.0621386 0.0556087 0.0775557 0.1098377 0.0620846 0.0217129 0.0514924 0.0628286 0.0352697 0.0667910 0.0484558 0.0243097 0.0707470 0.0278851 0.0546337 0.0555850 0.0520103 
S0552sl       0.3320274 0.2734987 0.2631136 0.0736547 0.1202100 0.1767613 0.0964479 0.0670646 0.0871709 0.0691024 0.0827968 0.0690175 0.0646109 0.0856966 0.0628527 0.1261251 0.0799452 0.0879649 0.1114611 0.0914429 0.0964021 0.0826075 0.0725039 0.0901145 0.0994277 0.1182486 0.0878597 0.0689841 0.0781925 0.1058212 0.0803344 0.0000000 0.0812404 0.1460660 0.1058212 0.0825720 0.0937831 0.0773108 0.0784206 0.0695231 0.0784985 0.0915702 0.0771106 0.0811340 0.1031273 0.1327925 0.0928274 0.1110291 0.0687305 0.0115951 0.0655096 0.0719126 0.0659370 0.0698054 0.0572193 0.0852078 0.0743552 0.0778229 0.0755929 0.0773521 0.0586472 0.1713850 0.0884280 0.0299213 0.0608190 0.0175988 0.0173574 0.1323799 0.1094358 0.1143775 0.0626108 0.0935188 0.0979052 0.0655937 0.0548898 0.1250722 0.0764486 0.1337352 0.0738404 0.0578788 0.0819260 0.0855727 0.0578728 0.1161453 0.0731618 0.0896754 0.0904836 0.0786781 0.0788993 0.1100394 0.0657933 0.1018247 0.1377903 0.1090159 0.1022842 0.0872529 0.0940302 0.0769490 0.0626757 0.0763035 0.0769752 0.0953686 0.1135010 0.0767833 0.0664916 0.0693861 0.0699424 0.1042153 0.0857556 0.0696365 0.0920116 0.1137546 0.0975770 0.0728365 0.0965946 0.0770368 
S0558         0.3079337 0.2473887 0.2439964 0.0569812 0.0905448 0.1479231 0.0687483 0.0219572 0.0651833 0.0536084 0.0625046 0.0528740 0.0468046 0.0640129 0.0231834 0.1175255 0.0702636 0.0633249 0.0963384 0.0704051 0.0675472 0.0405878 0.0462920 0.0577905 0.0738947 0.0915600 0.0704190 0.0529643 0.0782553 0.0950158 0.0598974 0.0812404 0.0000000 0.1345107 0.0950158 0.0810688 0.0790819 0.0467736 0.0585289 0.0464782 0.0585942 0.0745130 0.0501848 0.0500680 0.0884860 0.0864473 0.0740003 0.0998828 0.0429175 0.0692205 0.0462606 0.0536241 0.0566454 0.0500449 0.0719318 0.0536251 0.0505669 0.0680768 0.0556863 0.0534720 0.0463119 0.1046235 0.0642002 0.0804834 0.0601181 0.0765986 0.0805766 0.1100699 0.0752006 0.0747959 0.0580735 0.0756747 0.0565488 0.0759427 0.0646756 0.0794846 0.0563168 0.0870249 0.0716862 0.0532475 0.0719363 0.0569043 0.0493581 0.0753379 0.0533353 0.0645569 0.0696897 0.0587231 0.0588800 0.0990219 0.0431137 0.0830630 0.1201276 0.0977905 0.0916049 0.0529701 0.0833616 0.0605929 0.0499235 0.0496962 0.0434836 0.0536340 0.0881219 0.0566431 0.0513941 0.0431976 0.0499641 0.0774230 0.0679752 0.0499265 0.0708042 0.0789993 0.0757134 0.0464850 0.0639611 0.0435117 
S0616         0.3496929 0.3232992 0.2924157 0.1381526 0.1748095 0.2314321 0.1344465 0.1004008 0.1042173 0.1119980 0.1272931 0.1318237 0.1320740 0.1366065 0.1062654 0.1278187 0.0888527 0.1291207 0.1181949 0.1374877 0.1496530 0.1632545 0.1316746 0.1352703 0.1282854 0.1515624 0.1240591 0.1060592 0.1475168 0.1078451 0.1252975 0.1460660 0.1345107 0.0000000 0.1078451 0.1367343 0.1608767 0.1291089 0.1221014 0.1113215 0.1266984 0.1666889 0.1378372 0.1010150 0.1094542 0.1444864 0.1712351 0.1087372 0.1271184 0.1383253 0.0979432 0.1259522 0.1027692 0.1030171 0.1393654 0.1053601 0.1174164 0.0832718 0.1239119 0.1116333 0.1198685 0.1854106 0.0860048 0.1289027 0.1355457 0.1434190 0.1310625 0.1825534 0.1381870 0.1603408 0.1316969 0.0793295 0.0670305 0.1429881 0.1246584 0.1586203 0.1021005 0.1629660 0.1606349 0.1224488 0.0753814 0.1347409 0.1314161 0.1396512 0.1310685 0.1411229 0.1359787 0.1270044 0.1273973 0.1121710 0.1070334 0.1455368 0.0441112 0.1062499 0.1042296 0.1489210 0.0957702 0.1401228 0.1272848 0.1447756 0.1375145 0.1499645 0.1806046 0.1368765 0.1196835 0.1316168 0.1320433 0.1542537 0.1276382 0.1027661 0.1297026 0.1383024 0.1454523 0.1323781 0.1195877 0.1376560 
