85
HYZL          0.0000000 0.1126365 0.5249259 0.5560510 0.4096186 0.4344927 0.5817613 0.4419245 0.5826567 0.5911281 0.4967173 0.4768087 0.5568849 0.6054491 0.4837237 0.3875246 0.4451060 0.4433496 0.4736967 0.3762170 0.4504895 0.4973991 0.4922216 0.4811872 0.4253010 0.4424168 0.5705263 0.5820844 0.4171277 0.4421601 0.5071426 0.3745935 0.3977851 0.4622928 0.5829723 0.4664564 0.4143539 0.4958881 0.4697140 0.4890226 0.5812622 0.4942568 0.5820838 0.4316148 0.5076165 0.4972956 0.5073502 0.4656715 0.3954467 0.5437056 0.4574427 0.4938705 0.4032372 0.3745935 0.4664564 0.5651391 0.4493874 0.4457705 0.4161694 0.4289933 0.4074812 0.5938305 0.5560119 0.5877896 0.5700521 0.4686434 0.4514765 0.4446320 0.4878363 0.5274910 0.4285107 0.4579947 0.4478605 0.4667966 0.4485897 0.4310787 0.4428764 0.4162449 0.4016721 0.4667832 0.5594588 0.5433956 0.3959262 0.5294375 0.4114515 
MYZV          0.1126365 0.0000000 0.5212581 0.6067403 0.4735105 0.4892090 0.5993313 0.5084616 0.5984763 0.6570996 0.5695980 0.4915192 0.5916513 0.5932761 0.4644360 0.4023324 0.5119430 0.4894556 0.4874943 0.4330504 0.4651898 0.5400105 0.5062713 0.4960188 0.5177952 0.4982184 0.5861575 0.6318970 0.4578472 0.4851578 0.4929490 0.4683608 0.4337707 0.4766290 0.5797017 0.4800699 0.4781090 0.5101138 0.4833799 0.5032028 0.6154262 0.5114507 0.6164522 0.4735680 0.5222866 0.5114938 0.5106144 0.4919977 0.4809058 0.5305254 0.4700986 0.5229736 0.4157387 0.4683608 0.4800699 0.5846016 0.4548885 0.4620154 0.4800676 0.4838087 0.4669581 0.5819004 0.6022177 0.6223568 0.5858884 0.5274955 0.4662232 0.5115780 0.5333673 0.5455013 0.4194452 0.5538170 0.5154433 0.4902106 0.4511455 0.4314434 0.4335829 0.4317420 0.4652246 0.4804406 0.5894818 0.5894954 0.4596002 0.4998710 0.4518379 
SRR6441723    0.5249259 0.5212581 0.0000000 0.1835027 0.3867334 0.1609671 0.2170296 0.1767484 0.2286193 0.1646999 0.2285401 0.2378064 0.2364855 0.2909273 0.1269966 0.1914572 0.1847884 0.1903190 0.1535638 0.2122721 0.2243597 0.2395967 0.1840939 0.2696709 0.2316410 0.1962212 0.2598415 0.2730301 0.1869761 0.1744230 0.1735685 0.2547105 0.2103865 0.2291652 0.1926161 0.1514631 0.1479856 0.1661917 0.2029193 0.1662701 0.2674002 0.1868752 0.2345698 0.1430322 0.2042379 0.2021829 0.2038723 0.2004530 0.1805318 0.2143532 0.2018233 0.1867901 0.1401704 0.2547105 0.1514631 0.2115274 0.1645137 0.1225440 0.1618577 0.1716360 0.1597171 0.2374766 0.2413234 0.2328032 0.2724687 0.2219873 0.2054978 0.1999750 0.1899578 0.1546802 0.1410414 0.1891555 0.2010982 0.1804183 0.1555907 0.1573745 0.1244253 0.1207205 0.1359978 0.1616054 0.2156271 0.2354158 0.1596934 0.1805956 0.1472421 
ERR2789774    0.5560510 0.6067403 0.1835027 0.0000000 0.3558403 0.0944538 0.1491542 0.0772118 0.1868391 0.1212001 0.1537836 0.1942138 0.2163648 0.1906367 0.1240249 0.1815216 0.0955976 0.1135281 0.1331695 0.1670672 0.1959459 0.1943155 0.1240636 0.2015518 0.1839930 0.1040618 0.1907641 0.2267449 0.1560849 0.1032959 0.1321840 0.1174847 0.1397614 0.2089199 0.1038641 0.1252417 0.0880503 0.1247404 0.1335585 0.1255701 0.2368714 0.1278936 0.1849164 0.1201773 0.1592214 0.1330399 0.1300286 0.1674153 0.1524077 0.1503017 0.1927054 0.1406689 0.0899817 0.1174847 0.1252417 0.1502485 0.1245667 0.1247254 0.0885051 0.0888368 0.1189538 0.1954328 0.1891801 0.2250203 0.2007450 0.1642458 0.1949123 0.1080105 0.1299260 0.2052949 0.1389896 0.1056877 0.1085500 0.1204855 0.1575094 0.0939316 0.1183488 0.1228927 0.0667227 0.1280297 0.1460705 0.1866899 0.0735733 0.1274748 0.0765709 
PAFTOL_019361 0.4096186 0.4735105 0.3867334 0.3558403 0.0000000 0.2312745 0.3547662 0.2889881 0.4001992 0.3776950 0.2732662 0.2715585 0.3670008 0.4025234 0.2725229 0.3230420 0.2992880 0.3506237 0.3068260 0.3076037 0.2551926 0.3422985 0.2883782 0.3732488 0.3093951 0.2785705 0.3837339 0.4357172 0.2712733 0.2845365 0.3277897 0.2299377 0.3412627 0.2620703 0.3055135 0.3023130 0.2684993 0.3141366 0.2742832 0.3173496 0.4339740 0.2862831 0.3524171 0.2528175 0.3014891 0.2734033 0.2879244 0.2931041 0.3033528 0.2825642 0.3027603 0.2902913 0.2353829 0.2299377 0.3023130 0.2896761 0.2546777 0.2729702 0.2698375 0.2754564 0.2631481 0.3609725 0.3456430 0.4321510 0.3670480 0.2985549 0.2475524 0.3060856 0.2721149 0.3576474 0.3105524 0.3192051 0.3080250 0.2600704 0.3143014 0.2939865 0.2865313 0.2912437 0.2193384 0.2987237 0.3587016 0.3433091 0.2599453 0.3117483 0.2667830 
S0055         0.4344927 0.4892090 0.1609671 0.0944538 0.2312745 0.0000000 0.1457313 0.0637867 0.1614029 0.0536679 0.0985218 0.1360030 0.1577697 0.1758578 0.0994803 0.1250079 0.0694883 0.1325620 0.0978070 0.1201295 0.1282054 0.1618390 0.1140281 0.1560693 0.1344298 0.0700797 0.1652924 0.1690903 0.0937132 0.0707184 0.1093372 0.0746808 0.1214109 0.1418110 0.0828999 0.0910928 0.0630245 0.0907770 0.1052661 0.1032936 0.1918462 0.0952326 0.1454733 0.0687606 0.1278828 0.1048578 0.1055015 0.1434729 0.0832404 0.1167684 0.1412608 0.1191179 0.0639235 0.0746808 0.0910928 0.1458752 0.0895191 0.0863022 0.0633318 0.0532502 0.0962338 0.1635735 0.1284147 0.1813266 0.1742843 0.1198314 0.1275141 0.0698796 0.0843966 0.1713914 0.1102749 0.0779171 0.0701983 0.0332384 0.1041174 0.0862460 0.0916196 0.0960927 0.0381193 0.0987252 0.1275411 0.1250930 0.0491544 0.1004893 0.0526275 
S0281         0.5817613 0.5993313 0.2170296 0.1491542 0.3547662 0.1457313 0.0000000 0.1359954 0.2024030 0.1401145 0.1719046 0.1939738 0.2525257 0.1930451 0.1516100 0.1602711 0.1296676 0.1615925 0.0974906 0.1878358 0.2042470 0.2378045 0.1503888 0.2184917 0.2068984 0.1497662 0.1847079 0.2169193 0.1542371 0.1259258 0.0607896 0.1880978 0.1431550 0.2042259 0.1535764 0.0840506 0.1302402 0.0837532 0.1542365 0.0668324 0.2116808 0.1675640 0.2012788 0.1280648 0.1822964 0.1536385 0.1547775 0.0878650 0.1588616 0.1771570 0.1448659 0.1561391 0.0872418 0.1880978 0.0840506 0.1879995 0.1284887 0.1259098 0.1309113 0.1457748 0.1166176 0.2050467 0.1872800 0.2254661 0.1956423 0.1975264 0.1935537 0.1427230 0.1627896 0.2140471 0.1411301 0.1551339 0.1434489 0.1831023 0.1376166 0.1494236 0.1129824 0.1381249 0.1079698 0.0912717 0.1116069 0.1848013 0.1209002 0.0841143 0.1314900 
S0282         0.4419245 0.5084616 0.1767484 0.0772118 0.2889881 0.0637867 0.1359954 0.0000000 0.1598541 0.0253026 0.1372088 0.1425033 0.1722553 0.1651003 0.1152333 0.1215899 0.0229875 0.1261330 0.0982120 0.1077210 0.1420987 0.1602693 0.1089059 0.1725212 0.1416272 0.0433958 0.1637166 0.1808826 0.0933280 0.0281434 0.0975386 0.1103983 0.1220275 0.1555487 0.0831639 0.0914493 0.0179858 0.0911301 0.1116933 0.0916581 0.1940925 0.1073166 0.1441020 0.0920275 0.1281136 0.1112597 0.1119607 0.1378763 0.1017248 0.1298207 0.1420153 0.1259181 0.0762041 0.1103983 0.0914493 0.1545412 0.1022499 0.1101765 0.0180669 0.0376998 0.1031728 0.1620247 0.1272534 0.1795485 0.1509875 0.1326838 0.1413412 0.0326945 0.0962837 0.1846621 0.1236236 0.0289377 0.0328320 0.0989682 0.1413817 0.0865744 0.0919818 0.1086097 0.0282799 0.1116328 0.1407247 0.1239400 0.0045452 0.1126425 0.0181200 
S0289         0.5826567 0.5984763 0.2286193 0.1868391 0.4001992 0.1614029 0.2024030 0.1598541 0.0000000 0.1843558 0.2172310 0.2594892 0.2374030 0.0864986 0.2206707 0.1806765 0.1674542 0.2098977 0.1751206 0.1827127 0.2460298 0.0582276 0.1493673 0.2987944 0.2393516 0.1949437 0.0373904 0.0878059 0.2148810 0.1572645 0.1889595 0.2087894 0.2125138 0.2502198 0.1549246 0.1516159 0.1450038 0.1509615 0.1679803 0.1813705 0.1064107 0.1857345 0.0695850 0.1793165 0.1726141 0.1673385 0.1744309 0.2064714 0.1981075 0.2319043 0.2183336 0.1755571 0.0924939 0.2087894 0.1516159 0.2348745 0.2148604 0.1952540 0.1321337 0.1898374 0.1760241 0.0465707 0.0590527 0.0867509 0.0427284 0.2049255 0.2447662 0.1818472 0.1887994 0.3093489 0.2127335 0.1657981 0.1828306 0.2148127 0.2338901 0.1737669 0.1798440 0.1921573 0.1567838 0.1561856 0.1950866 0.0727593 0.1444066 0.1709319 0.1592622 
S0293         0.5911281 0.6570996 0.1646999 0.1212001 0.3776950 0.0536679 0.1401145 0.0253026 0.1843558 0.0000000 0.1663174 0.1940549 0.1849317 0.1802149 0.1220260 0.1523574 0.0441052 0.1348826 0.1421481 0.1255353 0.1814504 0.2106678 0.1511814 0.1602100 0.1648630 0.0659765 0.1515297 0.2083657 0.1207329 0.0550226 0.1527293 1.2608297 0.1544200 0.2079209 0.0273373 0.1279072 0.0338302 0.1269801 0.1581542 0.1268946 0.2364064 0.1112265 0.1497531 0.0729036 0.1927058 0.1570582 0.1538558 0.1844033 0.1218544 0.1379278 0.1792872 0.1442720 0.0814601 1.2608297 0.1279072 0.2036831 0.1403212 0.1176733 0.0251864 0.0443460 0.1421560 0.1767024 0.1139940 0.1920025 0.1394187 0.1221934 0.1739987 0.0538634 0.0905175 0.1879841 0.1400343 0.0370920 0.0538634 0.0873766 0.1535181 0.1287991 0.1157309 0.1042714 0.0349291 0.1450364 0.1723441 0.1144104 0.0175628 0.1566175 0.0254304 
S0294         0.4967173 0.5695980 0.2285401 0.1537836 0.2732662 0.0985218 0.1719046 0.1372088 0.2172310 0.1663174 0.0000000 0.1393522 0.2077661 0.2231639 0.1819750 0.1414959 0.1221768 0.1267033 0.1598233 0.1520087 0.1433444 0.1989261 0.1646256 0.1912917 0.1373049 0.1232673 0.2134579 0.2292541 0.1281621 0.1093241 0.1500170 0.1055012 0.1487079 0.1525126 0.1284687 0.1509277 0.1353198 0.1502613 0.1531157 0.1436852 0.2376182 0.1307333 0.2138181 0.1070783 0.1527561 0.1438847 0.1470363 0.1512323 0.1618894 0.1551494 0.1490287 0.1700941 0.1045869 0.1055012 0.1509277 0.1690631 0.1156195 0.1325072 0.1360413 0.1063687 0.1409433 0.2261309 0.2087786 0.2255396 0.2205137 0.1672155 0.1629112 0.1096945 0.1169249 0.2416509 0.1630014 0.1572981 0.1102471 0.1259213 0.1497648 0.1144056 0.1612295 0.1470221 0.0925254 0.1605128 0.1733707 0.2026134 0.1205079 0.1414865 0.1222334 
S0303         0.4768087 0.4915192 0.2378064 0.1942138 0.2715585 0.1360030 0.1939738 0.1425033 0.2594892 0.1940549 0.1393522 0.0000000 0.0974742 0.2251517 0.1905512 0.1918773 0.1206548 0.1769358 0.1568192 0.2004285 0.0000028 0.2054297 0.1918892 0.1942756 0.0534609 0.1352805 0.2664620 0.2142897 0.1122184 0.1167222 0.1580475 0.1292329 0.1491851 0.0044650 0.1921811 0.1481431 0.1405469 0.1629129 0.1941016 0.1715920 0.2330374 0.0657036 0.2306313 0.1427524 0.2059283 0.1835908 0.1807449 0.2035095 0.1656225 0.0669896 0.0643723 0.1984728 0.1218326 0.1292329 0.1481431 0.1984318 0.1774208 0.1558123 0.1412911 0.1098248 0.1647482 0.2478929 0.2184550 0.2449723 0.2430316 0.0702060 0.0094706 0.1083178 0.0492592 0.2760969 0.1791971 0.1470213 0.1088576 0.1380186 0.1852367 0.1633430 0.1623420 0.1605616 0.1040619 0.1510241 0.2150702 0.2172125 0.1258411 0.1708745 0.1273921 
S0308         0.5568849 0.5916513 0.2364855 0.2163648 0.3670008 0.1577697 0.2525257 0.1722553 0.2374030 0.1849317 0.2077661 0.0974742 0.0000000 0.3044725 0.2149905 0.2222814 0.1803425 0.2059261 0.1956327 0.2112334 0.0828184 0.2058988 0.1871228 0.2821205 0.1160896 0.1979143 0.2785980 0.2549572 0.1699263 0.1698075 0.2209459 0.1854465 0.2274561 0.0972557 0.2211787 0.1856948 0.1633689 0.2020815 0.2106328 0.2037764 0.2785112 0.0965526 0.2414861 0.1558275 0.2166335 0.2098733 0.1972910 0.2328324 0.1992620 0.0913347 0.1228940 0.1972331 0.1390914 0.1854465 0.1856948 0.2498297 0.2023332 0.1808334 0.1496039 0.1379845 0.1810556 0.2568880 0.2130008 0.2762375 0.2639207 0.1019863 0.0814479 0.1742865 0.0854838 0.2737611 0.2126159 0.1621897 0.1752571 0.1586485 0.2041681 0.2067379 0.1872691 0.1643487 0.1304809 0.1973890 0.2215585 0.2371640 0.1549918 0.1926979 0.1556335 
S0327         0.6054491 0.5932761 0.2909273 0.1906367 0.4025234 0.1758578 0.1930451 0.1651003 0.0864986 0.1802149 0.2231639 0.2251517 0.3044725 0.0000000 0.2418921 0.2262701 0.1424391 0.2219875 0.1716767 0.1997111 0.2387315 0.0947641 0.1796270 0.2680726 0.2068050 0.1676075 0.0643353 0.0831837 0.1828541 0.1388402 0.1686196 0.2085139 0.1800746 0.2317156 0.1786122 0.1547891 0.1628627 0.1541086 0.1856080 0.1686687 0.1017081 0.1804123 0.1007844 0.1885134 0.1854810 0.1754603 0.1825797 0.2131399 0.2166564 0.2336080 0.2081085 0.2034757 0.1058148 0.2085139 0.1547891 0.2337865 0.2216229 0.1998668 0.1637009 0.1954146 0.2051025 0.0431812 0.0932456 0.0946021 0.0635164 0.2090394 0.2488654 0.1558735 0.1731978 0.3192763 0.2187196 0.1863790 0.1566793 0.2163358 0.2473596 0.2023834 0.1824800 0.2045501 0.1707278 0.1585816 0.2156766 0.0967638 0.1496709 0.1904379 0.1644948 
S0335         0.4837237 0.4644360 0.1269966 0.1240249 0.2725229 0.0994803 0.1516100 0.1152333 0.2206707 0.1220260 0.1819750 0.1905512 0.2149905 0.2418921 0.0000000 0.1553734 0.1220841 0.1365018 0.1152594 0.1581811 0.1839121 0.2036054 0.1215227 0.1868744 0.1801841 0.1367541 0.2142880 0.2087477 0.1382161 0.1223182 0.1278493 0.1595908 0.1463886 0.1827461 0.1335206 0.1172522 0.1019411 0.1304382 0.1310591 0.1215152 0.2183741 0.1642878 0.1760982 0.1160181 0.1568278 0.1305422 0.1314425 0.1384805 0.1210888 0.1597362 0.1478971 0.1467124 0.0787111 0.1595908 0.1172522 0.1410481 0.1173329 0.0906895 0.1024730 0.1147077 0.1012359 0.2121340 0.1534365 0.1973226 0.2250413 0.1769009 0.1644766 0.1352202 0.1522403 0.1026003 0.0974484 0.1334135 0.1359164 0.1262360 0.1019335 0.1268885 0.0863557 0.0956073 0.0779978 0.1197934 0.1474955 0.1533734 0.0992087 0.1288371 0.0900167 
S0376         0.3875246 0.4023324 0.1914572 0.1815216 0.3230420 0.1250079 0.1602711 0.1215899 0.1806765 0.1523574 0.1414959 0.1918773 0.2222814 0.2262701 0.1553734 0.0000000 0.1152844 0.1588142 0.1439216 0.0818488 0.1755438 0.1931138 0.1409985 0.1857069 0.1809937 0.1247026 0.1854896 0.2192489 0.1429138 0.0975027 0.1646162 0.1417363 0.1624221 0.1839555 0.1610867 0.1355575 0.1079926 0.1349891 0.1447348 0.1646719 0.2038815 0.1675562 0.1936441 0.1178734 0.1512017 0.1441525 0.1452227 0.1552309 0.1657272 0.1795593 0.1411071 0.1611595 0.0872177 0.1417363 0.1355575 0.1955831 0.1593239 0.1377653 0.1085600 0.1409586 0.1491926 0.1974774 0.1660362 0.2011811 0.2039950 0.1875406 0.1930509 0.1282797 0.1480929 0.2229327 0.1501991 0.1403115 0.1289375 0.1535661 0.1655928 0.1327682 0.1422118 0.1296782 0.1137215 0.1525685 0.1714453 0.1598481 0.1061440 0.1435995 0.1169980 
S0400         0.4451060 0.5119430 0.1847884 0.0955976 0.2992880 0.0694883 0.1296676 0.0229875 0.1674542 0.0441052 0.1221768 0.1206548 0.1803425 0.1424391 0.1220841 0.1152844 0.0000000 0.1176121 0.1046009 0.1144205 0.1340984 0.1679576 0.1030195 0.1560467 0.1199934 0.0279251 0.1713096 0.1570810 0.0749529 0.0135927 0.0977910 0.0965512 0.1007099 0.1330285 0.0898472 0.0976514 0.0227378 0.0973025 0.1056727 0.0978799 0.1696411 0.1081877 0.1513950 0.0982810 0.1072293 0.0982604 0.0988484 0.1450292 0.1083420 0.1370695 0.1202526 0.1196165 0.0702656 0.0965512 0.0976514 0.1322452 0.1088586 0.1104595 0.0228417 0.0429057 0.1095841 0.1695490 0.1340586 0.1559364 0.1584175 0.1398243 0.1490446 0.0180537 0.0896564 0.1927972 0.1246203 0.0341445 0.0181265 0.1053614 0.1485292 0.0927344 0.0982333 0.1151024 0.0333835 0.1119216 0.1480567 0.1308324 0.0139711 0.1193636 0.0229103 
S0412sl       0.4433496 0.4894556 0.1903190 0.1135281 0.3506237 0.1325620 0.1615925 0.1261330 0.2098977 0.1348826 0.1267033 0.1769358 0.2059261 0.2219875 0.1365018 0.1588142 0.1176121 0.0000000 0.1190685 0.1762918 0.1864141 0.1959532 0.1386684 0.1390309 0.1562542 0.1344411 0.2139560 0.2459090 0.1294479 0.1176121 0.1438402 0.2208073 0.0658188 0.1858054 0.1837167 0.1309732 0.1254452 0.1482733 0.1574427 0.1363946 0.2276807 0.1686800 0.2432862 0.1156056 0.1671943 0.1471362 0.1376512 0.1444971 0.1455874 0.1780420 0.1667277 0.1747702 0.0970877 0.2208073 0.1309732 0.1579959 0.1315683 0.0901127 0.1262714 0.1176696 0.1254818 0.2165477 0.2379614 0.2229853 0.2264131 0.1865189 0.1715571 0.1254586 0.1686800 0.1877070 0.0990997 0.1598976 0.1262540 0.1694160 0.1279140 0.1605855 0.0982898 0.0890395 0.0707358 0.1309732 0.1610419 0.2162946 0.0985010 0.1459887 0.1169519 
S0419         0.4736967 0.4874943 0.1535638 0.1331695 0.3068260 0.0978070 0.0974906 0.0982120 0.1751206 0.1421481 0.1598233 0.1568192 0.1956327 0.1716767 0.1152594 0.1439216 0.1046009 0.1190685 0.0000000 0.1199328 0.1494295 0.1618582 0.1157369 0.2288752 0.1616414 0.1131388 0.1744080 0.1827523 0.1051111 0.1005989 0.0481741 0.1250770 0.1301020 0.1627864 0.1235065 0.0135682 0.0969642 0.0230233 0.1187036 0.0430262 0.1780923 0.1275580 0.1520002 0.0992105 0.1428025 0.1182416 0.1190091 0.0890526 0.0877872 0.1432536 0.1207650 0.1333915 0.0763129 0.1250770 0.0135682 0.1628267 0.1283405 0.0803994 0.0974543 0.1101103 0.0859946 0.1725868 0.1489085 0.1813909 0.1838035 0.1394576 0.1410207 0.1169480 0.1295800 0.1436365 0.0807974 0.1148522 0.1175232 0.1303616 0.0971190 0.1169317 0.0636633 0.0793069 0.0816349 0.0331701 0.1108511 0.1458436 0.0828509 0.0844530 0.0855327 
S0427         0.3762170 0.4330504 0.2122721 0.1670672 0.3076037 0.1201295 0.1878358 0.1077210 0.1827127 0.1255353 0.1520087 0.2004285 0.2112334 0.1997111 0.1581811 0.0818488 0.1144205 0.1762918 0.1199328 0.0000000 0.1941043 0.1817742 0.1394632 0.1846061 0.1612048 0.1139832 0.1962537 0.2245395 0.1515436 0.1227057 0.1323618 0.1786226 0.1535552 0.2066562 0.1653433 0.1124146 0.1063080 0.1119843 0.1509808 0.1257654 0.2195203 0.1473146 0.1833042 0.1184103 0.1664691 0.1503971 0.1514950 0.1647037 0.1401296 0.1580864 0.1765244 0.1671756 0.0964160 0.1786226 0.1124146 0.2174051 0.1754743 0.1499729 0.0944537 0.1160303 0.1314855 0.2099816 0.1489667 0.2064310 0.1982841 0.1674084 0.1931167 0.1273083 0.1357074 0.2095778 0.1550094 0.1119568 0.1279562 0.1354359 0.1567364 0.1464467 0.1333854 0.1350261 0.1094903 0.1270428 0.1535914 0.1428556 0.0918604 0.1362708 0.0943613 
S0430         0.4504895 0.4651898 0.2243597 0.1959459 0.2551926 0.1282054 0.2042470 0.1420987 0.2460298 0.1814504 0.1433444 0.0000028 0.0828184 0.2387315 0.1839121 0.1755438 0.1340984 0.1864141 0.1494295 0.1941043 0.0000000 0.1990997 0.1859686 0.2144860 0.0559741 0.1499959 0.2523816 0.2270742 0.1179664 0.1276837 0.1650738 0.1292330 0.1575947 0.0046583 0.1939305 0.1406535 0.1400737 0.1556983 0.1957857 0.1723332 0.2471065 0.0567962 0.2249776 0.1350940 0.2136982 0.1858894 0.1829357 0.1935398 0.1583979 0.0580936 0.0674571 0.2003815 0.1205517 0.1292330 0.1406535 0.2014388 0.1670422 0.1550632 0.1408440 0.1082286 0.1577564 0.2335751 0.2125397 0.2598946 0.2277518 0.0616316 0.0000028 0.1208460 0.0511531 0.2718380 0.1717726 0.1467860 0.1214871 0.1302408 0.1785142 0.1637467 0.1551256 0.1533651 0.1017289 0.1501142 0.2176992 0.2111429 0.1247937 0.1715821 0.1264373 
S0478         0.4973991 0.5400105 0.2395967 0.1943155 0.3422985 0.1618390 0.2378045 0.1602693 0.0582276 0.2106678 0.1989261 0.2054297 0.2058988 0.0947641 0.2036054 0.1931138 0.1679576 0.1959532 0.1618582 0.1817742 0.1990997 0.0000000 0.1750474 0.2830772 0.1881214 0.1958097 0.0640750 0.0663509 0.1739029 0.1645819 0.2082658 0.1911014 0.2078181 0.1972748 0.1480787 0.1530667 0.1452589 0.1679678 0.1785714 0.2002198 0.0723724 0.1614015 0.0596569 0.1824286 0.1909612 0.1778969 0.1817478 0.2127432 0.1915640 0.1870720 0.1982413 0.1750310 0.0914147 0.1911014 0.1530667 0.2475648 0.2056893 0.1680725 0.1322668 0.1753195 0.1633513 0.0528621 0.0644811 0.0655780 0.0701550 0.1792256 0.1903833 0.1675502 0.1640216 0.2892755 0.1843447 0.1662907 0.1684505 0.2037603 0.2045307 0.1673687 0.1609186 0.1654669 0.1427249 0.1577031 0.1968778 0.0786680 0.1446647 0.1728023 0.1596702 
S0552sl       0.4922216 0.5062713 0.1840939 0.1240636 0.2883782 0.1140281 0.1503888 0.1089059 0.1493673 0.1511814 0.1646256 0.1918892 0.1871228 0.1796270 0.1215227 0.1409985 0.1030195 0.1386684 0.1157369 0.1394632 0.1859686 0.1750474 0.0000000 0.2040369 0.1678212 0.1113797 0.1663472 0.1825113 0.1417742 0.1046972 0.1273264 0.1297485 0.1515237 0.1841262 0.1483810 0.1085353 0.0963001 0.1081363 0.0227805 0.1274097 0.1574308 0.1515688 0.1594022 0.1162990 0.0332931 0.0226939 0.0229862 0.1365460 0.1260115 0.1761452 0.1726261 0.0378412 0.0148540 0.1297485 0.1085353 0.0641187 0.1348943 0.0789837 0.0967831 0.1150232 0.0873520 0.1686602 0.1477222 0.1811498 0.1754137 0.1876370 0.1930389 0.1092820 0.1469303 0.1993623 0.1103160 0.1260548 0.1098071 0.1538972 0.1207016 0.1210578 0.0916564 0.0851521 0.0868966 0.1104874 0.1268014 0.1574467 0.0935477 0.1113976 0.0959209 
S0558         0.4811872 0.4960188 0.2696709 0.2015518 0.3732488 0.1560693 0.2184917 0.1725212 0.2987944 0.1602100 0.1912917 0.1942756 0.2821205 0.2680726 0.1868744 0.1857069 0.1560467 0.1390309 0.2288752 0.1846061 0.2144860 0.2830772 0.2040369 0.0000000 0.2233461 0.1726703 0.3028902 0.2938328 0.1724900 0.1567099 0.2083787 0.2630124 0.1292835 0.1942931 0.2180580 0.2323765 0.1644625 0.2311183 0.1918302 0.2083613 0.2687628 0.2256677 0.2862104 0.1774403 0.1873527 0.1811342 0.1850919 0.2268837 0.2327908 0.2285218 0.1971262 0.2186018 0.1328222 0.2630124 0.2323765 0.2118634 0.1862204 0.1676736 0.1653591 0.1509025 0.2132719 0.3051007 0.2661272 0.2723222 0.2927217 0.2405328 0.2117935 0.1556540 0.2007898 0.2280793 0.1805163 0.2043786 0.1565032 0.1546559 0.1981982 0.1997632 0.1721411 0.1590275 0.1303129 0.2372213 0.2206048 0.2817814 0.1465982 0.1890730 0.1500835 
S0616         0.4253010 0.5177952 0.2316410 0.1839930 0.3093951 0.1344298 0.2068984 0.1416272 0.2393516 0.1648630 0.1373049 0.0534609 0.1160896 0.2068050 0.1801841 0.1809937 0.1199934 0.1562542 0.1616414 0.1612048 0.0559741 0.1881214 0.1678212 0.2233461 0.0000000 0.1344794 0.2461112 0.2051282 0.1170068 0.1284280 0.1839630 0.1420656 0.1541465 0.0584275 0.1991120 0.1529440 0.1396996 0.1676848 0.1848214 0.1839898 0.2233226 0.0705352 0.2209645 0.1338042 0.1961160 0.1747212 0.1784140 0.2002199 0.1731369 0.0830096 0.0691117 0.1888867 0.1131810 0.1420656 0.1529440 0.1948969 0.2043176 0.1464163 0.1404334 0.1092460 0.1565800 0.2284702 0.2007109 0.2181105 0.2322330 0.0429788 0.0675131 0.1077574 0.0540437 0.2710043 0.1688976 0.1460875 0.1082903 0.1483029 0.1747902 0.1891078 0.1671107 0.1511055 0.1035263 0.1280195 0.2176761 0.2072572 0.1251091 0.1928330 0.1266706 
S0641         0.4424168 0.4982184 0.1962212 0.1040618 0.2785705 0.0700797 0.1497662 0.0433958 0.1949437 0.0659765 0.1232673 0.1352805 0.1979143 0.1676075 0.1367541 0.1247026 0.0279251 0.1344411 0.1131388 0.1139832 0.1499959 0.1958097 0.1113797 0.1726703 0.1344794 0.0000000 0.1988326 0.1836273 0.0872513 0.0332467 0.1060352 0.0955438 0.1149849 0.1481007 0.0841002 0.1058674 0.0428919 0.1054736 0.1142620 0.1061254 0.1928047 0.1170330 0.1775859 0.0991267 0.1159990 0.1064967 0.1071594 0.1508455 0.1093017 0.1526654 0.1348215 0.1287945 0.0846795 0.0955438 0.1058674 0.1417815 0.1046790 0.1191774 0.0430983 0.0538474 0.1181922 0.1968102 0.1636849 0.1822628 0.1714860 0.1551897 0.1656851 0.0378284 0.1029546 0.2044072 0.1339195 0.0562628 0.0379899 0.1062700 0.1584643 0.0886301 0.1065252 0.1238705 0.0388262 0.1207691 0.1582438 0.1608431 0.0289665 0.1284774 0.0329205 
S0645sl       0.5705263 0.5861575 0.2598415 0.1907641 0.3837339 0.1652924 0.1847079 0.1637166 0.0373904 0.1515297 0.2134579 0.2664620 0.2785980 0.0643353 0.2142880 0.1854896 0.1713096 0.2139560 0.1744080 0.1962537 0.2523816 0.0640750 0.1663472 0.3028902 0.2461112 0.1988326 0.0000000 0.0766433 0.2052011 0.1606985 0.1881400 0.2412718 0.2165939 0.2571194 0.1671895 0.1576458 0.1488729 0.1569592 0.1719435 0.1806136 0.0947857 0.1896222 0.0695771 0.1644177 0.1932546 0.1712964 0.1784016 0.1871816 0.2046029 0.2358514 0.2172196 0.1891339 0.0927091 0.2412718 0.1576458 0.2217835 0.1926969 0.1918927 0.1360402 0.1936801 0.1799090 0.0272630 0.0528743 0.0878473 0.0183581 0.2114706 0.2426100 0.1856810 0.1927289 0.3042129 0.2090821 0.1697231 0.1866794 0.2186472 0.2299502 0.1776125 0.1767289 0.1888809 0.1535082 0.1623565 0.1990868 0.0659893 0.1484143 0.1749295 0.1631199 
S0656sl       0.5820844 0.6318970 0.2730301 0.2267449 0.4357172 0.1690903 0.2169193 0.1808826 0.0878059 0.2083657 0.2292541 0.2142897 0.2549572 0.0831837 0.2087477 0.2192489 0.1570810 0.2459090 0.1827523 0.2245395 0.2270742 0.0663509 0.1825113 0.2938328 0.2051282 0.1836273 0.0766433 0.0000000 0.1883912 0.1536254 0.1945342 0.2100778 0.1877076 0.2059428 0.1973133 0.1587666 0.1651378 0.1738129 0.1802801 0.2064123 0.0331376 0.1993161 0.0376301 0.2114904 0.1915861 0.1701565 0.1714688 0.2190652 0.2137263 0.2332148 0.1990398 0.1753277 0.0605565 0.2100778 0.1587666 0.2286882 0.2115889 0.1970685 0.1516613 0.1983322 0.1950291 0.0764140 0.0701256 0.0277886 0.0831595 0.2061202 0.2377395 0.1580218 0.1916963 0.2834403 0.2157484 0.1875474 0.1588513 0.2241102 0.2088581 0.2075225 0.1893609 0.2017444 0.1781121 0.1641017 0.2113791 0.0847336 0.1652490 0.1977516 0.1737690 
S0689         0.4171277 0.4578472 0.1869761 0.1560849 0.2712733 0.0937132 0.1542371 0.0933280 0.2148810 0.1207329 0.1281621 0.1122184 0.1699263 0.1828541 0.1382161 0.1429138 0.0749529 0.1294479 0.1051111 0.1515436 0.1179664 0.1739029 0.1417742 0.1724900 0.1170068 0.0872513 0.2052011 0.1883912 0.0000000 0.0707440 0.1374332 0.1383717 0.0908773 0.1176993 0.1474799 0.1038760 0.0810638 0.1165458 0.1432911 0.1241874 0.1822111 0.1331100 0.1894425 0.1058461 0.1526681 0.1347256 0.1375740 0.1586248 0.1140109 0.1485343 0.1122212 0.1591071 0.0956038 0.1383717 0.1038760 0.1726458 0.1347953 0.0993991 0.0926088 0.0929469 0.1262339 0.2031271 0.1854642 0.1870031 0.1993972 0.1373757 0.1250515 0.0747842 0.1135701 0.1908623 0.1251803 0.1097537 0.0751257 0.1119042 0.1366923 0.1382782 0.0987241 0.1156306 0.0653802 0.1184834 0.1903382 0.1829583 0.0779327 0.1585505 0.0807623 
S0690         0.4421601 0.4851578 0.1744230 0.1032959 0.2845365 0.0707184 0.1259258 0.0281434 0.1572645 0.0550226 0.1093241 0.1167222 0.1698075 0.1388402 0.1223182 0.0975027 0.0135927 0.1176121 0.1005989 0.1227057 0.1276837 0.1645819 0.1046972 0.1567099 0.1284280 0.0332467 0.1606985 0.1536254 0.0707440 0.0000000 0.0937579 0.0965512 0.0964278 0.1292497 0.0853285 0.0936278 0.0278297 0.0932915 0.1135122 0.0938479 0.1663649 0.1041298 0.1478567 0.0942365 0.1132072 0.1057578 0.1064150 0.1319727 0.1164548 0.1332493 0.1163264 0.1280484 0.0716219 0.0965512 0.0936278 0.1278099 0.0964340 0.1065185 0.0279597 0.0486726 0.1174536 0.1589987 0.1304161 0.1524838 0.1474976 0.1361207 0.1444256 0.0230136 0.0854327 0.1867430 0.1207738 0.0398313 0.0231086 0.1013726 0.1450038 0.0886378 0.0941890 0.1112519 0.0389546 0.1079576 0.1444285 0.1270749 0.0190096 0.1154647 0.0280464 
S0720         0.5071426 0.4929490 0.1735685 0.1321840 0.3277897 0.1093372 0.0607896 0.0975386 0.1889595 0.1527293 0.1500170 0.1580475 0.2209459 0.1686196 0.1278493 0.1646162 0.0977910 0.1438402 0.0481741 0.1323618 0.1650738 0.2082658 0.1273264 0.2083787 0.1839630 0.1060352 0.1881400 0.1945342 0.1374332 0.0937579 0.0000000 0.1223086 0.1142821 0.1715932 0.1225394 0.0428301 0.0963081 0.0427041 0.1305374 0.0135136 0.2015658 0.1402075 0.1742507 0.1109425 0.1483128 0.1300370 0.1249518 0.0769823 0.1123504 0.1520649 0.1335872 0.1319844 0.0760698 0.1223086 0.0428301 0.1610987 0.1059335 0.0971709 0.0967917 0.0971378 0.0976976 0.1862114 0.1617596 0.2048761 0.1900445 0.1677761 0.1570185 0.1098416 0.1417548 0.1691587 0.1046059 0.1140242 0.1103735 0.1427709 0.1012102 0.1044678 0.0690125 0.1025868 0.0810869 0.0537009 0.0847715 0.1589008 0.0822856 0.0542519 0.0849652 
S0735         0.3745935 0.4683608 0.2547105 0.1174847 0.2299377 0.0746808 0.1880978 0.1103983 0.2087894 1.2608297 0.1055012 0.1292329 0.1854465 0.2085139 0.1595908 0.1417363 0.0965512 0.2208073 0.1250770 0.1786226 0.1292330 0.1911014 0.1297485 0.2630124 0.1420656 0.0955438 0.2412718 0.2100778 0.1383717 0.0965512 0.1223086 0.0000000 0.1425870 0.1278635 0.2080416 0.1247059 0.0965512 0.1247059 0.1297485 0.1374597 0.2384078 0.1277624 0.2098818 0.1135746 0.1271074 0.1297485 0.1350446 0.1597678 0.1293271 0.1468024 0.1282654 0.1514504 0.1002287 0.0000010 0.1247059 0.1465982 0.1107437 0.1437803 0.1092891 0.0846684 0.0854604 0.2334423 0.2317274 0.2582666 0.2193215 0.1716827 0.1203999 0.0851360 0.1277624 0.2256620 0.1189950 0.1235734 0.0859714 0.1100364 0.1445096 0.1131275 0.1153536 0.1302680 0.0764494 0.1247059 0.1811838 0.2264826 0.0974387 0.1335636 0.1086742 
S0742         0.3977851 0.4337707 0.2103865 0.1397614 0.3412627 0.1214109 0.1431550 0.1220275 0.2125138 0.1544200 0.1487079 0.1491851 0.2274561 0.1800746 0.1463886 0.1624221 0.1007099 0.0658188 0.1301020 0.1535552 0.1575947 0.2078181 0.1515237 0.1292835 0.1541465 0.1149849 0.2165939 0.1877076 0.0908773 0.0964278 0.1142821 0.1425870 0.0000000 0.1552374 0.1789948 0.1187113 0.1203241 0.1326851 0.1532302 0.1232115 0.2004900 0.1676616 0.2083172 0.1196628 0.1558454 0.1439788 0.1361782 0.1534266 0.1435812 0.1673356 0.1349721 0.1526298 0.0798607 0.1425870 0.1187113 0.1691277 0.1429148 0.1038633 0.1209815 0.1078960 0.1333771 0.2187541 0.2098999 0.2055723 0.2190380 0.1656733 0.1626781 0.1004588 0.1454198 0.2131870 0.1181931 0.1415792 0.1009689 0.1417733 0.1268288 0.1733793 0.0852618 0.1086658 0.0884558 0.1120471 0.1740303 0.2076938 0.1051146 0.1421961 0.1073563 
S0748         0.4622928 0.4766290 0.2291652 0.2089199 0.2620703 0.1418110 0.2042259 0.1555487 0.2502198 0.2079209 0.1525126 0.0044650 0.0972557 0.2317156 0.1827461 0.1839555 0.1330285 0.1858054 0.1627864 0.2066562 0.0046583 0.1972748 0.1841262 0.1942931 0.0584275 0.1481007 0.2571194 0.2059428 0.1176993 0.1292497 0.1715932 0.1278635 0.1552374 0.0000000 0.2077545 0.1539869 0.1406153 0.1688880 0.1862340 0.1853877 0.2243763 0.0708884 0.2219891 0.1486030 0.1976919 0.1760025 0.1731021 0.2035115 0.1716721 0.0722720 0.0589246 0.1903750 0.1146322 0.1278635 0.1539869 0.1904149 0.1847905 0.1486644 0.1413595 0.1221100 0.1576420 0.2389135 0.2101479 0.2361011 0.2340270 0.0753513 0.0094310 0.1204327 0.0542963 0.2665849 0.1715904 0.1603288 0.1210403 0.1438519 0.1775767 0.1633974 0.1551088 0.1534147 0.1100376 0.1569764 0.2150498 0.2087671 0.1387818 0.1709219 0.1399276 
S0756         0.5829723 0.5797017 0.1926161 0.1038641 0.3055135 0.0828999 0.1535764 0.0831639 0.1549246 0.0273373 0.1284687 0.1921811 0.2211787 0.1786122 0.1335206 0.1610867 0.0898472 0.1837167 0.1235065 0.1653433 0.1939305 0.1480787 0.1483810 0.2180580 0.1991120 0.0841002 0.1671895 0.1973133 0.1474799 0.0853285 0.1225394 0.2080416 0.1789948 0.2077545 0.0000000 0.1153175 0.0820346 0.1148386 0.1523760 0.1156316 0.2053643 0.1323715 0.1409444 0.1092170 0.1730751 0.1517542 0.1529307 0.1312191 0.1345951 0.1590058 0.1835554 0.1617785 0.1201663 0.2080416 0.1153175 0.1878488 0.1006337 0.1294930 0.0824829 0.0958423 0.1350382 0.1573196 0.1371858 0.1879140 0.1699202 0.1589962 0.1928401 0.1028655 0.1272122 0.2052188 0.1458739 0.1002883 0.1034075 0.0950102 0.1441915 0.0760005 0.1231621 0.1352943 0.0657049 0.1175854 0.1413168 0.1336843 0.0722612 0.1177464 0.0762353 
S0760         0.4664564 0.4800699 0.1514631 0.1252417 0.3023130 0.0910928 0.0840506 0.0914493 0.1516159 0.1279072 0.1509277 0.1481431 0.1856948 0.1547891 0.1172522 0.1355575 0.0976514 0.1309732 0.0135682 0.1124146 0.1406535 0.1530667 0.1085353 0.2323765 0.1529440 0.1058674 0.1576458 0.1587666 0.1038760 0.0936278 0.0428301 0.1247059 0.1187113 0.1539869 0.1153175 0.0000000 0.0903089 0.0089171 0.1113073 0.0377838 0.1542964 0.1198033 0.1301100 0.0980518 0.1345011 0.1108761 0.1115723 0.0762857 0.0935146 0.1349524 0.1270134 0.1124601 0.0577669 0.1247059 0.0000010 0.1540208 0.1267416 0.0859346 0.0907592 0.1030511 0.0795964 0.1559961 0.1275532 0.1575981 0.1664085 0.1314361 0.1399105 0.1096642 0.1216707 0.1500743 0.0863660 0.1074584 0.1101931 0.1227154 0.1028382 0.1096503 0.0634537 0.0847589 0.0810818 0.0183405 0.0908132 0.1242257 0.0763526 0.0662336 0.0791733 
S0763         0.4143539 0.4781090 0.1479856 0.0880503 0.2684993 0.0630245 0.1302402 0.0179858 0.1450038 0.0338302 0.1353198 0.1405469 0.1633689 0.1628627 0.1019411 0.1079926 0.0227378 0.1254452 0.0969642 0.1063080 0.1400737 0.1452589 0.0963001 0.1644625 0.1396996 0.0428919 0.1488729 0.1651378 0.0810638 0.0278297 0.0963081 0.0965512 0.1203241 0.1406153 0.0820346 0.0903089 0.0000000 0.0899984 0.0987789 0.0905121 0.1779379 0.1059132 0.1298996 0.0908716 0.1142241 0.0983949 0.0989854 0.1239538 0.1003941 0.1280476 0.1275637 0.1122991 0.0637579 0.0965512 0.0903089 0.1397586 0.0952921 0.0973881 0.0088454 0.0372738 0.0907616 0.1473237 0.1140254 0.1639279 0.1365048 0.1309069 0.1326539 0.0323302 0.0950271 0.1555630 0.1102337 0.0286073 0.0324645 0.0977114 0.1274712 0.0746747 0.0799016 0.0960343 0.0231510 0.1101794 0.1264523 0.1105582 0.0091070 0.0996124 0.0179271 
S0770         0.4958881 0.5101138 0.1661917 0.1247404 0.3141366 0.0907770 0.0837532 0.0911301 0.1509615 0.1269801 0.1502613 0.1629129 0.2020815 0.1541086 0.1304382 0.1349891 0.0973025 0.1482733 0.0230233 0.1119843 0.1556983 0.1679678 0.1081363 0.2311183 0.1676848 0.1054736 0.1569592 0.1738129 0.1165458 0.0932915 0.0427041 0.1247059 0.1326851 0.1688880 0.1148386 0.0089171 0.0899984 0.0000000 0.1108876 0.0376747 0.1692386 0.1193325 0.1375342 0.0976994 0.1339410 0.1104607 0.1111496 0.0881284 0.1060108 0.1426611 0.1409209 0.1120298 0.0636419 0.1247059 0.0089171 0.1533489 0.1262341 0.0979494 0.0904453 0.1026784 0.0912779 0.1553226 0.1270538 0.1725268 0.1656570 0.1453081 0.1548823 0.0970774 0.1211838 0.1645824 0.0984605 0.1070525 0.0975340 0.1222406 0.1153846 0.1092429 0.0746307 0.0965812 0.0808059 0.0280096 0.0904818 0.1237339 0.0760941 0.0660147 0.0789113 
S0771         0.4697140 0.4833799 0.2029193 0.1335585 0.2742832 0.1052661 0.1542365 0.1116933 0.1679803 0.1581542 0.1531157 0.1941016 0.2106328 0.1856080 0.1310591 0.1447348 0.1056727 0.1574427 0.1187036 0.1509808 0.1957857 0.1785714 0.0227805 0.1918302 0.1848214 0.1142620 0.1719435 0.1802801 0.1432911 0.1135122 0.1305374 0.1297485 0.1532302 0.1862340 0.1523760 0.1113073 0.0987789 0.1108876 0.0000000 0.1306196 0.1526862 0.1553727 0.1569402 0.1232644 0.0237427 0.0090041 0.0184342 0.1399880 0.1292842 0.1847146 0.1769933 0.0332011 0.0149994 0.1297485 0.1113073 0.0593768 0.1300292 0.0797523 0.0992837 0.1162067 0.0896721 0.1742577 0.1526597 0.1789159 0.1813407 0.1922081 0.1953524 0.1104030 0.1506779 0.2042213 0.1114587 0.1293065 0.1109382 0.1576590 0.1219500 0.1096317 0.0925767 0.0859931 0.0877722 0.1264471 0.1258493 0.1627661 0.0960328 0.1024431 0.0983785 
S0795         0.4890226 0.5032028 0.1662701 0.1255701 0.3173496 0.1032936 0.0668324 0.0916581 0.1813705 0.1268946 0.1436852 0.1715920 0.2037764 0.1686687 0.1215152 0.1646719 0.0978799 0.1363946 0.0430262 0.1257654 0.1723332 0.2002198 0.1274097 0.2083613 0.1839898 0.1061254 0.1806136 0.2064123 0.1241874 0.0938479 0.0135136 0.1374597 0.1232115 0.1853877 0.1156316 0.0377838 0.0905121 0.0376747 0.1306196 0.0000000 0.2015628 0.1334653 0.1669107 0.1047872 0.1483850 0.1301200 0.1309900 0.0712880 0.1061099 0.1581388 0.1410154 0.1320675 0.0761585 0.1374597 0.0377838 0.1611569 0.1079580 0.0917091 0.0909645 0.0912925 0.0918077 0.1787520 0.1548232 0.2048656 0.1824021 0.1605633 0.1633006 0.1099313 0.1355775 0.1724581 0.0985573 0.1077244 0.1104631 0.1361473 0.1030814 0.1099172 0.0635839 0.0966757 0.0754225 0.0486404 0.0788301 0.1518648 0.0765212 0.0551501 0.0793443 
S0827         0.5812622 0.6154262 0.2674002 0.2368714 0.4339740 0.1918462 0.2116808 0.1940925 0.1064107 0.2364064 0.2376182 0.2330374 0.2785112 0.1017081 0.2183741 0.2038815 0.1696411 0.2276807 0.1780923 0.2195203 0.2471065 0.0723724 0.1574308 0.2687628 0.2233226 0.1928047 0.0947857 0.0331376 0.1822111 0.1663649 0.2015658 0.2384078 0.2004900 0.2243763 0.2053643 0.1542964 0.1779379 0.1692386 0.1526862 0.2015628 0.0000000 0.2347744 0.0533748 0.1992740 0.1629018 0.1434087 0.1465708 0.1970514 0.2088351 0.2624586 0.2254715 0.1611306 0.0542421 0.2384078 0.1542964 0.2131201 0.2317305 0.1768958 0.1642005 0.2060623 0.1903363 0.0945215 0.0877610 0.0373893 0.1017861 0.2416746 0.2582110 0.1692395 0.2267362 0.3021413 0.1946420 0.2011353 0.1701301 0.2493086 0.2221819 0.2172108 0.1695256 0.1681387 0.1719391 0.1595202 0.2103624 0.0875025 0.1714214 0.1928858 0.1827134 
S0888         0.4942568 0.5114507 0.1868752 0.1278936 0.2862831 0.0952326 0.1675640 0.1073166 0.1857345 0.1112265 0.1307333 0.0657036 0.0965526 0.1804123 0.1642878 0.1675562 0.1081877 0.1686800 0.1275580 0.1473146 0.0567962 0.1614015 0.1515688 0.2256677 0.0705352 0.1170330 0.1896222 0.1993161 0.1331100 0.1041298 0.1402075 0.1277624 0.1676616 0.0708884 0.1323715 0.1198033 0.1059132 0.1193325 0.1553727 0.1334653 0.2347744 0.0000000 0.1797140 0.1005460 0.1763492 0.1506790 0.1517761 0.1854178 0.1596148 0.0331649 0.0706066 0.1586229 0.0994775 0.1277624 0.1198033 0.1753697 0.1454795 0.1334604 0.1064608 0.0896232 0.1227054 0.1741413 0.1682326 0.2293196 0.1767764 0.0586540 0.0620225 0.1088372 0.0044815 0.2267705 0.1415334 0.1109082 0.1093808 0.1018852 0.1539944 0.1106037 0.1328890 0.1314665 0.0841332 0.1287661 0.1574365 0.1813657 0.0915066 0.1278176 0.0940098 
S0899         0.5820838 0.6164522 0.2345698 0.1849164 0.3524171 0.1454733 0.2012788 0.1441020 0.0695850 0.1497531 0.2138181 0.2306313 0.2414861 0.1007844 0.1760982 0.1936441 0.1513950 0.2432862 0.1520002 0.1833042 0.2249776 0.0596569 0.1594022 0.2862104 0.2209645 0.1775859 0.0695771 0.0376301 0.1894425 0.1478567 0.1742507 0.2098818 0.2083172 0.2219891 0.1409444 0.1301100 0.1298996 0.1375342 0.1569402 0.1669107 0.0533748 0.1797140 0.0000000 0.1719206 0.1852365 0.1563351 0.1575001 0.1717801 0.1806743 0.1960335 0.2019895 0.1725016 0.0592889 0.2098818 0.1301100 0.2220472 0.1758561 0.1725950 0.1174918 0.1728986 0.1637094 0.0693671 0.0633701 0.0475389 0.0757887 0.1868650 0.2157484 0.1652700 0.1827112 0.2512992 0.1888571 0.1495152 0.1661450 0.1969440 0.1948637 0.1546145 0.1581961 0.1699427 0.1408180 0.1413868 0.1785072 0.0772113 0.1352729 0.1583131 0.1375348 
S0906         0.4316148 0.4735680 0.1430322 0.1201773 0.2528175 0.0687606 0.1280648 0.0920275 0.1793165 0.0729036 0.1070783 0.1427524 0.1558275 0.1885134 0.1160181 0.1178734 0.0982810 0.1156056 0.0992105 0.1184103 0.1350940 0.1824286 0.1162990 0.1774403 0.1338042 0.0991267 0.1644177 0.2114904 0.1058461 0.0942365 0.1109425 0.1135746 0.1196628 0.1486030 0.1092170 0.0980518 0.0908716 0.0976994 0.1232644 0.1047872 0.1992740 0.1005460 0.1719206 0.0000000 0.1473632 0.1227936 0.1195707 0.1343446 0.0989159 0.1086231 0.1227855 0.1379401 0.0838091 0.1135746 0.0980518 0.1401497 0.0930304 0.0716451 0.0913278 0.0751832 0.1034904 0.1757728 0.1555338 0.1941294 0.1733681 0.1324648 0.1272705 0.1045348 0.0896791 0.1667992 0.0952707 0.0951422 0.1050393 0.0872354 0.1007196 0.1047330 0.0888291 0.0706584 0.0537488 0.1060408 0.1513237 0.1583656 0.0768229 0.1219952 0.0796496 
S0956         0.5076165 0.5222866 0.2042379 0.1592214 0.3014891 0.1278828 0.1822964 0.1281136 0.1726141 0.1927058 0.1527561 0.2059283 0.2166335 0.1854810 0.1568278 0.1512017 0.1072293 0.1671943 0.1428025 0.1664691 0.2136982 0.1909612 0.0332931 0.1873527 0.1961160 0.1159990 0.1932546 0.1915861 0.1526681 0.1132072 0.1483128 0.1271074 0.1558454 0.1976919 0.1730751 0.1345011 0.1142241 0.1339410 0.0237427 0.1483850 0.1629018 0.1763492 0.1852365 0.1473632 0.0000000 0.0186200 0.0286098 0.1556127 0.1548932 0.2153763 0.1881839 0.0337770 0.0316729 0.1271074 0.1345011 0.0601639 0.1408283 0.0999256 0.1148272 0.1327784 0.1114186 0.1783941 0.1798134 0.1730580 0.2019150 0.2234485 0.2272981 0.1120360 0.1690634 0.2229780 0.1287012 0.1473650 0.1125892 0.1848749 0.1458813 0.1443256 0.1076409 0.1068124 0.1091299 0.1513933 0.1456628 0.1913664 0.1117547 0.1253382 0.1137161 
S0960         0.4972956 0.5114938 0.2021829 0.1330399 0.2734033 0.1048578 0.1536385 0.1112597 0.1673385 0.1570582 0.1438847 0.1835908 0.2098733 0.1754603 0.1305422 0.1441525 0.0982604 0.1471362 0.1182416 0.1503971 0.1858894 0.1778969 0.0226939 0.1811342 0.1747212 0.1064967 0.1712964 0.1701565 0.1347256 0.1057578 0.1300370 0.1297485 0.1439788 0.1760025 0.1517542 0.1108761 0.0983949 0.1104607 0.0090041 0.1301200 0.1434087 0.1506790 0.1563351 0.1227936 0.0186200 0.0000000 0.0089969 0.1394518 0.1287740 0.1840331 0.1669450 0.0330707 0.0149364 0.1297485 0.1108761 0.0533224 0.1295336 0.0794442 0.0988963 0.1157614 0.0893145 0.1736113 0.1520829 0.1688839 0.1806594 0.1915091 0.1946073 0.1028976 0.1423678 0.2034840 0.1069788 0.1287997 0.1033854 0.1570758 0.1214852 0.1236416 0.0922151 0.0856594 0.0874258 0.1259546 0.1253461 0.1621478 0.0956485 0.1020360 0.0979989 
