122
CRNC          0.0000000 0.2491775 0.3181985 0.3935024 0.3291586 0.4259567 0.4168980 0.4043476 0.5901960 0.3964274 0.4010389 0.4148950 0.3929134 0.3849447 0.4208586 0.4302528 0.3891806 0.4162572 0.4620298 0.3735394 0.4277746 0.3710034 0.4271772 0.3695846 0.3593339 0.4207565 0.4294468 0.4114954 0.4171300 0.3649584 0.3721195 0.3642703 0.3903092 0.4002229 0.3688304 0.4164989 0.4159833 0.3898898 0.3905282 0.4223003 0.4160177 0.4070348 0.3895092 0.4259271 0.4105383 0.4318974 0.3690347 0.4143123 0.3784884 0.4235800 0.4308895 0.4035379 0.4225401 0.4299899 0.3762201 0.4217078 0.3759713 0.3652798 0.3985755 0.3707296 0.3927039 0.3908882 0.4195232 0.3740288 0.3791155 0.3771684 0.4447609 0.3923684 0.3834115 0.4010010 0.4097035 0.3743774 0.3895649 0.3653321 0.4016873 0.4524954 0.3953917 0.3991247 0.3730940 0.3819139 0.3788986 0.3297726 0.3577158 0.3919394 0.4092050 0.4421716 0.4249745 0.4175153 0.3312617 0.4196943 0.3600131 0.3946482 0.3723327 0.4204838 0.4276546 0.4333488 0.3894536 0.3748813 0.4084730 0.4111088 0.4091808 0.4002838 0.4098569 0.3639218 0.4015348 0.4206310 0.4068030 0.3786110 0.4181004 0.4004816 0.3608480 0.3915905 0.4014120 0.3833275 0.3713852 0.3645841 0.3914121 0.3927146 0.4067560 0.4157695 0.4051592 0.3929562 
HYZL          0.2491775 0.0000000 0.1169095 0.2902102 0.2964696 0.2957026 0.2652035 0.2763779 0.4412120 0.2747717 0.2868344 0.2687535 0.2834602 0.2449994 0.2606706 0.3240848 0.2695576 0.2911424 0.3523187 0.2729820 0.2950984 0.2463704 0.2983693 0.3134104 0.2612586 0.2756013 0.2936750 0.2680723 0.2749332 0.2695648 0.2704348 0.2750523 0.2361543 0.2928399 0.2830166 0.2755454 0.2806648 0.2622750 0.2510735 0.2882104 0.2751305 0.2672166 0.2599824 0.2766362 0.2652086 0.2771612 0.2629635 0.2690997 0.2700022 0.2769538 0.3007248 0.2775011 0.2780431 0.2975845 0.2660419 0.2690430 0.2675376 0.2789638 0.2732171 0.2655813 0.2729749 0.2709883 0.2640092 0.2580142 0.2540752 0.2760704 0.3071648 0.2736144 0.2532063 0.2968874 0.2946144 0.3083899 0.2717661 0.2710169 0.2695954 0.3160436 0.3056490 0.2876435 0.2549713 0.2783570 0.2666238 0.2467677 0.2655706 0.2701237 0.2909959 0.3081374 0.2791957 0.2790560 0.2550096 0.2678693 0.2715133 0.2732080 0.2588982 0.2727288 0.2698358 0.2879335 0.2548911 0.2818787 0.2901316 0.2946685 0.2990799 0.2636348 0.2949304 0.2489341 0.2530007 0.2695768 0.2535153 0.2709653 0.2698460 0.2594182 0.2452388 0.2732197 0.2683865 0.2740627 0.2839032 0.2635941 0.2781707 0.2660629 0.2605944 0.2706579 0.2846536 0.2715713 
MYZV          0.3181985 0.1169095 0.0000000 0.3598443 0.2945658 0.3370444 0.3199909 0.3247884 0.4955426 0.3261618 0.3604426 0.3216984 0.3508798 0.3036402 0.3302669 0.3752802 0.3472427 0.3365447 0.3777647 0.3218394 0.3396912 0.3145432 0.3401130 0.3293129 0.3216204 0.3253343 0.3523280 0.3120156 0.3252926 0.3101881 0.3369329 0.3273858 0.3099594 0.3260397 0.3306992 0.3208265 0.3353428 0.3231831 0.3086026 0.3574920 0.3328013 0.3239787 0.3103650 0.3526697 0.3240708 0.3309605 0.3343289 0.3157797 0.3064736 0.3190052 0.3500606 0.3436110 0.3433509 0.3294546 0.3317235 0.3267385 0.3489308 0.3460821 0.3088748 0.3347567 0.3040339 0.3155837 0.3338515 0.3002038 0.3077057 0.3197305 0.3516608 0.3043720 0.2943238 0.3085753 0.3156507 0.3495324 0.3226157 0.3204008 0.3292913 0.3417612 0.3399770 0.3266401 0.2917768 0.3309990 0.3338728 0.2869254 0.3140976 0.2989703 0.3447807 0.3338886 0.3354499 0.3251079 0.3089844 0.3111657 0.3375140 0.3102866 0.3097434 0.3480513 0.3504455 0.3490284 0.2951348 0.3333096 0.3365893 0.3382351 0.3408558 0.3209145 0.3206062 0.3279241 0.3262122 0.3179535 0.3179547 0.3122811 0.3269979 0.3147681 0.2985041 0.3336766 0.3288126 0.3174304 0.3386668 0.3263413 0.3228478 0.3238194 0.3325259 0.3286263 0.3351965 0.3248503 
SRR6441723    0.3935024 0.2902102 0.3598443 0.0000000 0.1381042 0.0943317 0.2308226 0.0792675 0.1799173 0.0885760 0.1078229 0.0800428 0.0890082 0.0626180 0.0699775 0.1161056 0.1001663 0.1112392 0.1096368 0.0810712 0.1095040 0.0773056 0.0792165 0.0664572 0.0522355 0.0752808 0.0867882 0.0926324 0.0921363 0.0735126 0.0773878 0.0751309 0.0779076 0.0993879 0.0813796 0.0752135 0.0779888 0.0915455 0.0849660 0.0989181 0.0751330 0.1006843 0.0719273 0.0825778 0.0781041 0.0799143 0.0807511 0.0996109 0.1006170 0.0797751 0.1052096 0.0970160 0.0815814 0.0736414 0.0767282 0.0706509 0.0859777 0.0799220 0.0638343 0.0849749 0.0749810 0.1045110 0.0883485 0.0710467 0.0662212 0.0778561 0.0981574 0.0664475 0.0650271 0.0718116 0.0778594 0.1185781 0.0954941 0.1055925 0.0860646 0.1215442 0.0911171 0.0738347 0.0624535 0.0998494 0.0747983 0.1197158 0.0637950 0.0819934 0.0823370 0.1214476 0.1093561 0.0645066 0.1191977 0.0777352 0.1025319 0.0618118 0.0922335 0.0871397 0.0875878 0.1103903 0.0761041 0.0795899 0.0947830 0.0944463 0.1024392 0.0750450 0.1055922 0.0480571 0.0646342 0.0779286 0.0722464 0.0735666 0.0619773 0.1025002 0.0794271 0.0754619 0.0640565 0.0872706 0.0954385 0.0729999 0.0920851 0.1016388 0.0824890 0.0692186 0.0961398 0.0880502 
ERR4210213    0.3291586 0.2964696 0.2945658 0.1381042 0.0000000 0.1773773 0.1797797 0.1389827 0.1543877 0.1365682 0.2007637 0.1406190 0.1405835 0.1217752 0.1406190 0.1539777 0.1205132 0.1403926 0.1803509 0.1063958 0.0941619 0.1205132 0.0614075 0.1266470 0.1415093 0.1406190 0.1334330 0.1038648 0.1596016 0.1205132 0.1771051 0.1397167 0.1215646 0.1013704 0.1373448 0.0897578 0.1868992 0.1145849 0.1215646 0.1746273 0.1384276 0.1207741 0.1545113 0.1134463 0.1190025 0.1406190 0.1562836 0.0976023 0.1396059 0.1365682 0.1048630 0.1462759 0.1560059 0.1033372 0.1562836 0.1406190 0.1562836 0.1793454 0.1181688 0.1369877 0.1545113 0.1205132 0.1024370 0.1126528 0.1210218 0.1205132 0.0887173 0.1207741 0.1033372 0.1033372 0.1225460 0.1623108 0.1703851 0.1055281 0.1328688 0.1358221 0.1541138 0.1366417 0.1525322 0.1054846 0.1562836 0.1234444 0.1010616 0.1339090 0.1050370 0.1358221 0.1571091 0.1369462 0.1571441 0.1565055 0.1579309 0.1185716 0.1033372 0.1024370 0.1024370 0.0764723 0.1545113 0.1205132 0.1218728 0.1048630 0.0897546 0.1564748 0.1205132 0.1697535 0.1202958 0.1424347 0.1072828 0.1171962 0.1534186 0.1600148 0.0877691 0.1542644 0.1352034 0.1805200 0.1508387 0.1562836 0.1038648 0.1703851 0.1024370 0.1432020 0.1703851 0.1361506 
ERR2789774    0.4259567 0.2957026 0.3370444 0.0943317 0.1773773 0.0000000 0.2109562 0.0452300 0.1879225 0.0919234 0.1109124 0.0533019 0.0875405 0.0715780 0.0507397 0.0625409 0.0909832 0.0928947 0.1017674 0.0810644 0.0933585 0.0730154 0.0960793 0.0924120 0.0571218 0.0490204 0.0616174 0.0830868 0.0807195 0.0692264 0.0756236 0.0737223 0.0844888 0.0882044 0.0723106 0.0734033 0.0799320 0.0777795 0.0805535 0.0576361 0.0509693 0.0878904 0.0698956 0.0779892 0.0667773 0.0532221 0.0789674 0.0843912 0.0911073 0.0614338 0.0929358 0.0924246 0.0549182 0.0784580 0.0749775 0.0490790 0.0770391 0.0781548 0.0740446 0.0832016 0.0707508 0.0970820 0.0746696 0.0665457 0.0708075 0.0756433 0.0879431 0.0683781 0.0650970 0.0670340 0.0760118 0.0594563 0.0866570 0.0991083 0.0813777 0.1138416 0.0958369 0.0882160 0.0672030 0.1027028 0.0730398 0.0978089 0.0539996 0.0669052 0.0909115 0.1160035 0.0653620 0.0754462 0.1067092 0.0532426 0.0515393 0.0666272 0.0783505 0.0780820 0.0806227 0.0945543 0.0761308 0.0803462 0.0821292 0.0847885 0.0888857 0.0509128 0.0981454 0.0900937 0.0762026 0.0532909 0.0480461 0.0492246 0.0733463 0.0611803 0.0620473 0.0823915 0.0776246 0.0808512 0.0453100 0.0712322 0.0826062 0.0927996 0.0780236 0.0453196 0.0897306 0.0430002 
PAFTOL_019361 0.4168980 0.2652035 0.3199909 0.2308226 0.1797797 0.2109562 0.0000000 0.2069584 0.3875166 0.2416615 0.2318097 0.2015104 0.2416278 0.1959573 0.1715043 0.2484574 0.2530508 0.2269854 0.2320467 0.2236187 0.2343646 0.2147050 0.2178887 0.1942223 0.1836770 0.1949250 0.2066928 0.2225085 0.2163400 0.2155558 0.2105174 0.2028400 0.1954108 0.2252057 0.2052504 0.1994045 0.2071103 0.1969570 0.2195965 0.2158458 0.1916986 0.2346019 0.2092763 0.2080818 0.2000980 0.1959440 0.2122868 0.2153742 0.2054215 0.2020885 0.2286304 0.2202539 0.1972213 0.1966650 0.2009790 0.1952784 0.2020740 0.2149820 0.1942486 0.2096640 0.2030433 0.2046606 0.1957755 0.2053701 0.2011707 0.2213716 0.2251484 0.1876479 0.1919089 0.2028039 0.1975252 0.2436125 0.2155592 0.2348336 0.2119320 0.2231606 0.2228055 0.2076983 0.1834254 0.2120639 0.2014145 0.1936960 0.1837580 0.1932247 0.2258453 0.2171976 0.2168030 0.2082130 0.1895611 0.1916300 0.2218774 0.1943098 0.2304995 0.2154507 0.2124109 0.2193129 0.2053529 0.2329558 0.2028189 0.2239576 0.2256922 0.1885606 0.1929562 0.2001008 0.2117660 0.1904843 0.1879794 0.2041266 0.2017129 0.2105973 0.2002448 0.2077073 0.2092793 0.2353462 0.2205325 0.1986082 0.2261402 0.2169559 0.2048176 0.1902820 0.2173315 0.2005941 
S0055         0.4043476 0.2763779 0.3247884 0.0792675 0.1389827 0.0452300 0.2069584 0.0000000 0.1588575 0.0814525 0.1019400 0.0428019 0.0748880 0.0638479 0.0382437 0.0622082 0.0756858 0.0844698 0.0834484 0.0686667 0.0830490 0.0611874 0.0875531 0.0806976 0.0478432 0.0387134 0.0487750 0.0706270 0.0705329 0.0574860 0.0634454 0.0659799 0.0558657 0.0804426 0.0606513 0.0679229 0.0679561 0.0638189 0.0682472 0.0530272 0.0386403 0.0780104 0.0668423 0.0682134 0.0472237 0.0427394 0.0661153 0.0765766 0.0805966 0.0526022 0.0821212 0.0801477 0.0444385 0.0685587 0.0651835 0.0387590 0.0691208 0.0658105 0.0662594 0.0701545 0.0676471 0.0798728 0.0735254 0.0614936 0.0588499 0.0657354 0.0778340 0.0553252 0.0535790 0.0574083 0.0683545 0.0667709 0.0805718 0.0786967 0.0713231 0.0954843 0.0728818 0.0755375 0.0595046 0.0887233 0.0632957 0.0912233 0.0402931 0.0702713 0.0802041 0.0975987 0.0599088 0.0655781 0.0998642 0.0427557 0.0508730 0.0572195 0.0661431 0.0768082 0.0771910 0.0883193 0.0729589 0.0680793 0.0655681 0.0719043 0.0787774 0.0367178 0.0809007 0.0720104 0.0599480 0.0427949 0.0354455 0.0279860 0.0656846 0.0538300 0.0549217 0.0747435 0.0594184 0.0727265 0.0447968 0.0615181 0.0702356 0.0861054 0.0746637 0.0370194 0.0836425 0.0405455 
S0196sl       0.5901960 0.4412120 0.4955426 0.1799173 0.1543877 0.1879225 0.3875166 0.1588575 0.0000000 0.1965716 0.1646251 0.1794092 0.1833610 0.1591789 0.1978862 0.1931577 0.1856501 0.1883561 0.1853181 0.1819499 0.1873560 0.1721982 0.1813766 0.2516384 0.1415678 0.1720660 0.1828566 0.1782595 0.1727376 0.1683095 0.1121502 0.1687242 0.1213466 0.1757976 0.1493937 0.1635997 0.1796498 0.1730985 0.1778704 0.1953211 0.1664570 0.1905574 0.1632983 0.1716890 0.1614948 0.1730559 0.1081455 0.1765776 0.1764805 0.1729990 0.1914016 0.1721004 0.1805189 0.1551097 0.1116187 0.1723462 0.1246602 0.1102285 0.1558702 0.1057969 0.1722873 0.1823834 0.1706053 0.1632679 0.1401880 0.1765805 0.1901113 0.1397148 0.1599264 0.1477330 0.1465110 0.1985479 0.1185580 0.1738480 0.1555325 0.2103544 0.1852051 0.1698596 0.1434052 0.1781282 0.1094611 0.2149266 0.1375384 0.1734187 0.1725206 0.2102337 0.1784259 0.1638674 0.2050891 0.1755790 0.1834038 0.1543448 0.1641202 0.1836157 0.1810627 0.1881500 0.1668513 0.1769847 0.1821673 0.1667770 0.1784484 0.1718145 0.1846946 0.1769206 0.1581507 0.1765072 0.1590944 0.1601791 0.1642851 0.1700181 0.1535142 0.1551535 0.1564355 0.1750634 0.1634616 0.1069815 0.1835515 0.1285300 0.1779060 0.1676233 0.1273948 0.1496248 
S0278         0.3964274 0.2747717 0.3261618 0.0885760 0.1365682 0.0919234 0.2416615 0.0814525 0.1965716 0.0000000 0.1309651 0.0940276 0.0486971 0.0896818 0.0948462 0.1124963 0.0349089 0.1265358 0.1269277 0.0310005 0.1196195 0.0366893 0.1124257 0.1041518 0.0675891 0.0890205 0.1010913 0.0367888 0.0885001 0.0350282 0.0870763 0.0892674 0.0442463 0.1190735 0.0676694 0.0840271 0.0880967 0.0989382 0.0308678 0.1137332 0.0888884 0.0492233 0.0656402 0.0726203 0.0900437 0.0938709 0.0906857 0.1096376 0.0935745 0.0826809 0.1258381 0.0949294 0.0955111 0.0892662 0.0863190 0.0891394 0.0915314 0.0897289 0.0805387 0.0950205 0.0639861 0.1013650 0.0736049 0.0643921 0.0703954 0.0287836 0.1171944 0.0774804 0.0784394 0.0812266 0.0868143 0.1014051 0.0937909 0.1061240 0.0834750 0.1336358 0.1020411 0.0810539 0.0807979 0.1106382 0.0843557 0.0928496 0.0516154 0.0909680 0.1047903 0.1359029 0.1038349 0.0937494 0.1023680 0.0939127 0.0988163 0.0724874 0.0426555 0.0768912 0.0772750 0.1284023 0.0695885 0.0268838 0.1041641 0.1068335 0.1145942 0.0887798 0.1167242 0.1002740 0.0946200 0.0939931 0.0818596 0.0801704 0.0892913 0.0994278 0.0536656 0.0914278 0.0871215 0.0328640 0.0960630 0.0825416 0.0409126 0.0972459 0.0747437 0.0873781 0.0969664 0.0886104 
S0281         0.4010389 0.2868344 0.3604426 0.1078229 0.2007637 0.1109124 0.2318097 0.1019400 0.1646251 0.1309651 0.0000000 0.1050823 0.1203245 0.0837340 0.0907760 0.1197423 0.1278097 0.1136999 0.1175017 0.1192346 0.1123418 0.1097445 0.1120757 0.0998957 0.0779398 0.1022482 0.1045075 0.1162283 0.1020165 0.1033034 0.0533736 0.0996850 0.1172406 0.1071328 0.0928289 0.1000891 0.1131688 0.1026222 0.1160085 0.1182807 0.0975459 0.1304385 0.1052822 0.1003929 0.0975698 0.1049221 0.0577439 0.1064168 0.1152453 0.1014624 0.1114772 0.1070759 0.1063302 0.1053154 0.0570476 0.1023874 0.0668774 0.0598443 0.0964302 0.0598681 0.1042922 0.1141109 0.1122190 0.0970006 0.0906701 0.1152633 0.1126187 0.0950123 0.0870169 0.0954431 0.1030851 0.1168788 0.0558937 0.1177932 0.0845648 0.1147744 0.1146298 0.1095438 0.0850112 0.1129296 0.0551699 0.1305640 0.0816795 0.0914070 0.1055679 0.1146818 0.1255373 0.0853550 0.1223766 0.1049527 0.1139461 0.0906478 0.1111278 0.1153430 0.1159540 0.1104734 0.1074112 0.1154926 0.0962644 0.1079941 0.1160664 0.1019226 0.1155261 0.0946236 0.0863896 0.1073922 0.0903261 0.0863522 0.0842141 0.1185275 0.0974451 0.0931728 0.0833491 0.1092148 0.1041736 0.0512023 0.1179437 0.0658774 0.1107098 0.0983408 0.0653990 0.0972408 
S0282         0.4148950 0.2687535 0.3216984 0.0800428 0.1406190 0.0533019 0.2015104 0.0428019 0.1794092 0.0940276 0.1050823 0.0000000 0.0850394 0.0660790 0.0085963 0.0756964 0.0884206 0.0948792 0.1012646 0.0787431 0.0954643 0.0729800 0.0928291 0.0771602 0.0482286 0.0088152 0.0235144 0.0851732 0.0667539 0.0712605 0.0684038 0.0686494 0.0777882 0.0930996 0.0722802 0.0728086 0.0706546 0.0757922 0.0734116 0.0331486 0.0142008 0.0877532 0.0717479 0.0754610 0.0494284 0.0124365 0.0714288 0.0864449 0.0834648 0.0529084 0.0949214 0.0845849 0.0178081 0.0734987 0.0699687 0.0124238 0.0764562 0.0708407 0.0711420 0.0707211 0.0726252 0.0850243 0.0810114 0.0642833 0.0615837 0.0799041 0.0789444 0.0614948 0.0623512 0.0691128 0.0732758 0.0824760 0.0833937 0.0912057 0.0807436 0.1030405 0.0805887 0.0833418 0.0643534 0.0968813 0.0680584 0.0999577 0.0518894 0.0752175 0.0854217 0.1029533 0.0666016 0.0703989 0.1007556 0.0087893 0.0572482 0.0598752 0.0804186 0.0842868 0.0824846 0.0938798 0.0759054 0.0824138 0.0797983 0.0865658 0.0938265 0.0141864 0.0815524 0.0682844 0.0689282 0.0087986 0.0145487 0.0442812 0.0682344 0.0604088 0.0702308 0.0753446 0.0703799 0.0873608 0.0530162 0.0662673 0.0846796 0.0941973 0.0820871 0.0106787 0.0888700 0.0545296 
S0289         0.3929134 0.2834602 0.3508798 0.0890082 0.1405835 0.0875405 0.2416278 0.0748880 0.1833610 0.0486971 0.1203245 0.0850394 0.0000000 0.0873522 0.0753274 0.1019274 0.0471696 0.1149941 0.1167714 0.0389619 0.1112897 0.0329647 0.1050119 0.0894182 0.0632333 0.0801701 0.0919105 0.0489440 0.0958615 0.0370666 0.0775811 0.0846546 0.0330744 0.1063513 0.0615442 0.0798006 0.0880563 0.0986060 0.0426693 0.1042944 0.0800122 0.0493333 0.0634202 0.0640093 0.0832144 0.0849005 0.0785512 0.0994206 0.0990457 0.0850410 0.1179639 0.0903903 0.0865654 0.0895600 0.0769180 0.0802748 0.0838359 0.0801232 0.0826461 0.0854019 0.0620733 0.1034844 0.0648704 0.0601107 0.0685433 0.0365977 0.1074398 0.0753338 0.0718529 0.0839303 0.0870987 0.1078042 0.0834929 0.0987651 0.0888296 0.1234453 0.1049156 0.0808819 0.0715790 0.1024917 0.0749829 0.1140858 0.0427946 0.0819846 0.0923457 0.1256754 0.0921024 0.0846657 0.1173887 0.0849368 0.0915705 0.0638704 0.0448126 0.0681962 0.0685336 0.1172461 0.0695629 0.0386483 0.0993300 0.1018819 0.1019815 0.0799159 0.1069943 0.0873078 0.0876196 0.0850111 0.0728364 0.0733927 0.0846745 0.0877867 0.0557182 0.0946580 0.0869337 0.0389357 0.0846232 0.0731799 0.0490443 0.0869421 0.0660917 0.0785055 0.0866981 0.0818995 
S0292         0.3849447 0.2449994 0.3036402 0.0626180 0.1217752 0.0715780 0.1959573 0.0638479 0.1591789 0.0896818 0.0837340 0.0660790 0.0873522 0.0000000 0.0541953 0.0882077 0.0907373 0.0916436 0.0958416 0.0764724 0.0950232 0.0686017 0.0600524 0.0599746 0.0440803 0.0641040 0.0729968 0.0784814 0.0784909 0.0670094 0.0559655 0.0578342 0.0723042 0.0874669 0.0616242 0.0560263 0.0691848 0.0750454 0.0689097 0.0846720 0.0618732 0.0855173 0.0654777 0.0690555 0.0685836 0.0664254 0.0588705 0.0856498 0.0865343 0.0685470 0.0888607 0.0766760 0.0702356 0.0628385 0.0555015 0.0641841 0.0631360 0.0582916 0.0517971 0.0629332 0.0684063 0.0860564 0.0673592 0.0619670 0.0531184 0.0690805 0.0866985 0.0477264 0.0518300 0.0511798 0.0540265 0.0936048 0.0675937 0.0868577 0.0674716 0.0942943 0.0868993 0.0723317 0.0513437 0.0909825 0.0536110 0.0927143 0.0474573 0.0645849 0.0608720 0.0942113 0.0900509 0.0311738 0.0906518 0.0685817 0.0790386 0.0537089 0.0733543 0.0734545 0.0738239 0.0931455 0.0737706 0.0758007 0.0787354 0.0756346 0.0881527 0.0639058 0.0799711 0.0613814 0.0292921 0.0686426 0.0587082 0.0485491 0.0392510 0.0834697 0.0528706 0.0388585 0.0290339 0.0736779 0.0728981 0.0518144 0.0737054 0.0713357 0.0712997 0.0559579 0.0686059 0.0660322 
S0293         0.4208586 0.2606706 0.3302669 0.0699775 0.1406190 0.0507397 0.1715043 0.0382437 0.1978862 0.0948462 0.0907760 0.0085963 0.0753274 0.0541953 0.0000000 0.0720248 0.0814132 0.0810024 0.0949581 0.0787608 0.0788224 0.0640305 0.0802614 0.0736251 0.0442038 0.0042299 0.0196026 0.0783144 0.0667857 0.0645818 0.0688581 0.0644148 0.0746049 0.0810327 0.0687210 0.0669479 0.0587850 0.0531829 0.0695219 0.0288819 0.0084963 0.0810243 0.0680783 0.0641823 0.0384976 0.0063944 0.0591721 0.0678029 0.0763569 0.0426526 0.0810430 0.0779110 0.0150134 0.0751180 0.0686641 0.0085282 0.0763173 0.0715998 0.0700712 0.0612237 0.0771614 0.0863208 0.0704350 0.0668942 0.0579212 0.0776707 0.0660746 0.0558118 0.0593754 0.0642590 0.0725891 0.0770683 0.0808572 0.0799284 0.0745212 0.0967983 0.0718713 0.0822267 0.0611639 0.0827546 0.0663361 0.0780703 0.0456808 0.0721553 0.0674293 0.0970104 0.0610040 0.0589504 0.0752826 0.0063739 0.0608677 0.0509408 0.0780138 0.0746345 0.0722723 0.0743212 0.0754920 0.0807061 0.0640347 0.0733339 0.0815956 0.0106697 0.0790698 0.0562249 0.0594501 0.0042454 0.0109668 0.0419921 0.0558689 0.0536293 0.0712677 0.0592844 0.0589283 0.0784332 0.0556466 0.0636733 0.0748947 0.0881909 0.0720210 0.0042637 0.0769299 0.0500824 
S0294         0.4302528 0.3240848 0.3752802 0.1161056 0.1539777 0.0625409 0.2484574 0.0622082 0.1931577 0.1124963 0.1197423 0.0756964 0.1019274 0.0882077 0.0720248 0.0000000 0.0987546 0.1008423 0.1152492 0.0984746 0.0960961 0.0896896 0.1136925 0.1045892 0.0773456 0.0709979 0.0869206 0.1005573 0.1002523 0.0833735 0.0811407 0.0968220 0.0980718 0.0989074 0.0867813 0.0920361 0.0992276 0.0910852 0.0930867 0.0945273 0.0752452 0.1090896 0.0882990 0.0947040 0.0899146 0.0713245 0.0817471 0.0901616 0.1115757 0.0865489 0.1008891 0.0871209 0.0817039 0.1052210 0.0849421 0.0754901 0.0925642 0.0837176 0.0910114 0.0837245 0.0894176 0.1052696 0.0936855 0.0825628 0.0854514 0.0925611 0.0980505 0.0923266 0.0854660 0.0924697 0.1025081 0.0474334 0.0899484 0.1118782 0.0895960 0.1174621 0.0994213 0.1018405 0.0885328 0.1136068 0.0829636 0.1085083 0.0687516 0.0823678 0.1056134 0.1224053 0.0978098 0.0946243 0.1139180 0.0756071 0.0710644 0.0822858 0.0909525 0.0970449 0.0997922 0.1051177 0.0948267 0.0975707 0.0829705 0.0925406 0.0972593 0.0751559 0.1088705 0.1051289 0.0956120 0.0756737 0.0679278 0.0693807 0.0948034 0.0910748 0.0692044 0.1074368 0.0899371 0.0981961 0.0667137 0.0811332 0.0947193 0.0984812 0.0947545 0.0715473 0.0951553 0.0620587 
S0299         0.3891806 0.2695576 0.3472427 0.1001663 0.1205132 0.0909832 0.2530508 0.0756858 0.1856501 0.0349089 0.1278097 0.0884206 0.0471696 0.0907373 0.0814132 0.0987546 0.0000000 0.1226359 0.1201119 0.0294246 0.1157520 0.0312721 0.1137894 0.0777369 0.0705547 0.0834373 0.0954359 0.0450552 0.0963805 0.0353735 0.0835927 0.0897142 0.0279815 0.1123421 0.0641617 0.0849955 0.0935329 0.0950501 0.0331022 0.1081034 0.0832715 0.0477557 0.0684322 0.0711082 0.0865739 0.0882731 0.0870008 0.1035813 0.0991833 0.0927928 0.1194570 0.0916353 0.0899498 0.0903113 0.0851375 0.0835487 0.0903358 0.0862414 0.0859310 0.0913545 0.0646928 0.1046210 0.0720792 0.0651071 0.0712790 0.0272103 0.1110229 0.0807252 0.0793445 0.0822253 0.0876607 0.0973991 0.0926450 0.1046410 0.0943292 0.1369615 0.1088112 0.0864882 0.0766701 0.1117500 0.0831530 0.1056345 0.0522178 0.0920302 0.1001324 0.1392502 0.1002618 0.0948543 0.1157288 0.0883121 0.0975769 0.0732994 0.0331419 0.0754031 0.0757823 0.1216514 0.0703557 0.0330858 0.0978810 0.1025265 0.1053820 0.0831696 0.1198319 0.0852250 0.0957465 0.0883894 0.0782183 0.0786819 0.0903375 0.0934835 0.0541426 0.0953088 0.0881402 0.0430950 0.0903341 0.0813172 0.0431455 0.0935307 0.0732436 0.0817596 0.1006663 0.0806282 
S0303         0.4162572 0.2911424 0.3365447 0.1112392 0.1403926 0.0928947 0.2269854 0.0844698 0.1883561 0.1265358 0.1136999 0.0948792 0.1149941 0.0916436 0.0810024 0.1008423 0.1226359 0.0000000 0.0795977 0.1116143 0.0162946 0.1049435 0.0925411 0.0981077 0.0806286 0.0898226 0.0996183 0.1138294 0.1137809 0.0984205 0.0783901 0.0986656 0.0952680 0.0126525 0.0891418 0.0860269 0.0979424 0.0365631 0.1136649 0.1075465 0.0896454 0.1247407 0.1034414 0.0960735 0.0901965 0.0924191 0.0813224 0.0165407 0.1177478 0.0893156 0.0124942 0.0950970 0.0918665 0.0789278 0.0802813 0.0899434 0.0849629 0.0809653 0.0792308 0.0814918 0.1021145 0.0732874 0.0950551 0.0900511 0.0789590 0.1080490 0.0352546 0.0743865 0.0788435 0.0730803 0.0744674 0.1110105 0.0927593 0.1155375 0.0836783 0.0812974 0.0696747 0.0918257 0.0720108 0.1124859 0.0783140 0.1332262 0.0770685 0.0785727 0.0923660 0.0787297 0.0974842 0.0904669 0.1246053 0.0947616 0.0998282 0.0767902 0.1085500 0.1007114 0.1012462 0.0145200 0.1056167 0.1133459 0.0356464 0.0145989 0.0146113 0.0895349 0.0721374 0.0989848 0.0966481 0.0948439 0.0822537 0.0805391 0.0981817 0.0907797 0.0919997 0.1110584 0.0933876 0.1142201 0.0921033 0.0739372 0.1131221 0.1036266 0.0913740 0.0856633 0.1030327 0.0898491 
S0308         0.4620298 0.3523187 0.3777647 0.1096368 0.1803509 0.1017674 0.2320467 0.0834484 0.1853181 0.1269277 0.1175017 0.1012646 0.1167714 0.0958416 0.0949581 0.1152492 0.1201119 0.0795977 0.0000000 0.1125542 0.0824265 0.1087788 0.1074227 0.1152958 0.0797158 0.0961330 0.1029297 0.1146556 0.1152946 0.1019098 0.0850270 0.0966235 0.0970511 0.0725566 0.0975795 0.0921635 0.0890260 0.0653992 0.1118135 0.1039998 0.0959449 0.1261225 0.1124816 0.1061873 0.1020024 0.0965935 0.0905493 0.0736969 0.1133573 0.1011309 0.0768338 0.1266325 0.1002232 0.0951484 0.0869196 0.0962636 0.0943334 0.0876642 0.0832374 0.0903488 0.1085081 0.0839595 0.1159221 0.1037080 0.0858293 0.1010002 0.0728733 0.0805477 0.0906687 0.0770810 0.0858325 0.1181237 0.1079492 0.1161043 0.1099234 0.0926053 0.0837867 0.1063430 0.0792330 0.1055273 0.0849442 0.1289452 0.0779932 0.1017679 0.1091183 0.0925226 0.1068984 0.0951252 0.1204350 0.1011394 0.0981255 0.0879772 0.1060774 0.1215189 0.1221736 0.0782463 0.1146750 0.1014812 0.0648909 0.0685373 0.0728995 0.0911911 0.0824780 0.1060725 0.1031680 0.1012241 0.0909359 0.0773616 0.1023941 0.1000761 0.1011613 0.1153698 0.1021765 0.1099232 0.0887194 0.0831195 0.1165850 0.1140503 0.1118387 0.0922095 0.1108998 0.0913727 
S0320         0.3735394 0.2729820 0.3218394 0.0810712 0.1063958 0.0810644 0.2236187 0.0686667 0.1819499 0.0310005 0.1192346 0.0787431 0.0389619 0.0764724 0.0787608 0.0984746 0.0294246 0.1116143 0.1125542 0.0000000 0.1048915 0.0234854 0.0914382 0.0751807 0.0570696 0.0738123 0.0855449 0.0351320 0.0887050 0.0236661 0.0763162 0.0804885 0.0254770 0.1019719 0.0555247 0.0758052 0.0838148 0.0918530 0.0215862 0.0977769 0.0738011 0.0374904 0.0452566 0.0555477 0.0767760 0.0786152 0.0797048 0.0977492 0.0850553 0.0830108 0.1085860 0.0934423 0.0803044 0.0741097 0.0756574 0.0740433 0.0820156 0.0788764 0.0695085 0.0839830 0.0455158 0.0946358 0.0607903 0.0439379 0.0622166 0.0123720 0.1007950 0.0669925 0.0632016 0.0741783 0.0716301 0.1022306 0.0873463 0.0916956 0.0816728 0.1238145 0.0899413 0.0699490 0.0650687 0.0983242 0.0737021 0.0986795 0.0406074 0.0754426 0.0884996 0.1260527 0.0899559 0.0804980 0.1084187 0.0786487 0.0899258 0.0599844 0.0235832 0.0596478 0.0599382 0.1105483 0.0511994 0.0253147 0.0903307 0.0922535 0.0975882 0.0737131 0.1050524 0.0813417 0.0812323 0.0787183 0.0687130 0.0669659 0.0761410 0.0833750 0.0436559 0.0831581 0.0740188 0.0310956 0.0827440 0.0718781 0.0352023 0.0908422 0.0575876 0.0721276 0.0905819 0.0732603 
S0322         0.4277746 0.2950984 0.3396912 0.1095040 0.0941619 0.0933585 0.2343646 0.0830490 0.1873560 0.1196195 0.1123418 0.0954643 0.1112897 0.0950232 0.0788224 0.0960961 0.1157520 0.0162946 0.0824265 0.1048915 0.0000000 0.0983856 0.0908039 0.0918289 0.0835453 0.0903695 0.1024685 0.1070984 0.1146954 0.0918881 0.0792723 0.1041186 0.0893893 0.0108933 0.0877472 0.0864803 0.1010151 0.0390397 0.1069430 0.1105333 0.0903219 0.1149510 0.0992068 0.0940554 0.0912579 0.0929859 0.0845631 0.0128369 0.1080822 0.0879275 0.0181211 0.0837805 0.0924260 0.0839233 0.0811831 0.0904915 0.0835873 0.0795940 0.0840900 0.0845829 0.0978500 0.0693546 0.0930134 0.0908507 0.0748361 0.1014199 0.0354235 0.0746649 0.0797683 0.0762275 0.0796677 0.1037346 0.0912558 0.1136534 0.0797180 0.0772645 0.0631652 0.0900442 0.0750799 0.1077326 0.0791946 0.1187679 0.0704610 0.0811384 0.0905910 0.0771910 0.1032031 0.0937858 0.1137233 0.0953450 0.1009226 0.0750262 0.1045381 0.0986892 0.0992130 0.0146208 0.1013786 0.1066451 0.0379885 0.0147309 0.0109408 0.0878935 0.0681572 0.0969548 0.1024429 0.0954284 0.0851370 0.0812009 0.1016639 0.0963660 0.0878238 0.1148049 0.0990667 0.1098030 0.0976634 0.0747657 0.1015337 0.0974909 0.0893623 0.0887079 0.1016030 0.0953644 
S0327         0.3710034 0.2463704 0.3145432 0.0773056 0.1205132 0.0730154 0.2147050 0.0611874 0.1721982 0.0366893 0.1097445 0.0729800 0.0329647 0.0686017 0.0640305 0.0896896 0.0312721 0.1049435 0.1087788 0.0234854 0.0983856 0.0000000 0.0900593 0.0667107 0.0476945 0.0682311 0.0795695 0.0368712 0.0851592 0.0177778 0.0684671 0.0725170 0.0225314 0.0955801 0.0485492 0.0680167 0.0756239 0.0855685 0.0271434 0.0913827 0.0682204 0.0413230 0.0445220 0.0550549 0.0688660 0.0728649 0.0694468 0.0867499 0.0836832 0.0749201 0.1020358 0.0803394 0.0745390 0.0728941 0.0678916 0.0684397 0.0741368 0.0709082 0.0641934 0.0735781 0.0490047 0.0861139 0.0556854 0.0411677 0.0526893 0.0214241 0.0945410 0.0595253 0.0580447 0.0664006 0.0704640 0.0928631 0.0789287 0.0883748 0.0733546 0.1140124 0.0837356 0.0645925 0.0597241 0.0948170 0.0659821 0.0893498 0.0338260 0.0700079 0.0802703 0.1161774 0.0942423 0.0683079 0.0925029 0.0728948 0.0837136 0.0528255 0.0310067 0.0591175 0.0594029 0.1038396 0.0503614 0.0270451 0.0819395 0.0886156 0.0915660 0.0681411 0.1005956 0.0750397 0.0731658 0.0729591 0.0629178 0.0571307 0.0683107 0.0876277 0.0370303 0.0729834 0.0662564 0.0328282 0.0746867 0.0641891 0.0328760 0.0823900 0.0570766 0.0665634 0.0821598 0.0678089 
S0335         0.4271772 0.2983693 0.3401130 0.0792165 0.0614075 0.0960793 0.2178887 0.0875531 0.1813766 0.1124257 0.1120757 0.0928291 0.1050119 0.0600524 0.0802614 0.1136925 0.1137894 0.0925411 0.1074227 0.0914382 0.0908039 0.0900593 0.0000000 0.0621011 0.0671053 0.0879047 0.0974328 0.1007235 0.1029455 0.0862713 0.0815078 0.0861540 0.0871681 0.0835856 0.0807463 0.0636471 0.1004396 0.0860073 0.0980529 0.1028213 0.0855098 0.1036668 0.0890118 0.0859801 0.0907416 0.0904321 0.0849479 0.0815227 0.0999722 0.0881165 0.0897875 0.0965553 0.0942990 0.0639162 0.0808122 0.0880201 0.0831902 0.0840723 0.0590235 0.0847617 0.0898760 0.1036649 0.0827441 0.0856114 0.0653966 0.0907140 0.0895334 0.0614285 0.0620956 0.0617112 0.0637331 0.1094402 0.0952455 0.1049080 0.0900164 0.1157735 0.0924133 0.0775936 0.0614382 0.1019635 0.0788825 0.1240450 0.0603922 0.0722964 0.0645446 0.1156799 0.0982465 0.0635080 0.1248723 0.0927174 0.0931706 0.0677119 0.0957788 0.0859922 0.0864271 0.0915192 0.0933117 0.0954496 0.0893631 0.0746034 0.0819006 0.0876290 0.1001897 0.0722400 0.0685509 0.0927958 0.0803919 0.0792758 0.0702368 0.0893464 0.0759715 0.0794290 0.0679381 0.1029549 0.0905661 0.0770908 0.1001280 0.1013724 0.0793296 0.0862804 0.0958929 0.0812272 
S0345         0.3695846 0.3134104 0.3293129 0.0664572 0.1266470 0.0924120 0.1942223 0.0806976 0.2516384 0.1041518 0.0998957 0.0771602 0.0894182 0.0599746 0.0736251 0.1045892 0.0777369 0.0981077 0.1152958 0.0751807 0.0918289 0.0667107 0.0621011 0.0000000 0.0609506 0.0701338 0.0810371 0.0809554 0.1055758 0.0669249 0.0848256 0.0861938 0.0777567 0.0893794 0.0766751 0.0630580 0.0969637 0.0563062 0.0852412 0.1012619 0.0695304 0.0980258 0.0728495 0.0809566 0.0735050 0.0733160 0.0737566 0.0726271 0.0988977 0.0876913 0.0896318 0.0789601 0.0837537 0.0698520 0.0772415 0.0770259 0.0807946 0.0887060 0.0664608 0.0694442 0.0842509 0.1025005 0.0715815 0.0668498 0.0539898 0.0779723 0.0837588 0.0665314 0.0603031 0.0666917 0.0672209 0.1220265 0.0787439 0.1110716 0.0914104 0.1078300 0.0902857 0.0641580 0.0444113 0.1091076 0.0772415 0.1135692 0.0717376 0.0696005 0.0524209 0.1039894 0.1045932 0.0596404 0.1187564 0.0701283 0.0967693 0.0588082 0.0891123 0.0838109 0.0838422 0.0852687 0.0655863 0.0819709 0.0709603 0.0759040 0.0906358 0.0766999 0.0960804 0.0506662 0.0663562 0.0703382 0.0640520 0.0785061 0.0587346 0.0933811 0.0655753 0.0706016 0.0698401 0.0978259 0.0922492 0.0775699 0.0845004 0.0850501 0.0763724 0.0674014 0.0735647 0.0765216 
S0376         0.3593339 0.2612586 0.3216204 0.0522355 0.1415093 0.0571218 0.1836770 0.0478432 0.1415678 0.0675891 0.0779398 0.0482286 0.0632333 0.0440803 0.0442038 0.0773456 0.0705547 0.0806286 0.0797158 0.0570696 0.0835453 0.0476945 0.0671053 0.0609506 0.0000000 0.0439393 0.0544694 0.0571861 0.0528953 0.0461222 0.0416696 0.0180600 0.0631500 0.0758977 0.0541326 0.0543021 0.0611802 0.0661839 0.0546196 0.0592029 0.0438532 0.0732575 0.0492351 0.0547205 0.0503423 0.0481558 0.0442826 0.0745880 0.0694798 0.0476697 0.0803981 0.0635436 0.0498954 0.0541877 0.0373552 0.0439167 0.0457968 0.0438601 0.0463830 0.0482401 0.0498219 0.0756867 0.0530133 0.0436963 0.0407811 0.0501187 0.0806281 0.0438683 0.0464884 0.0450410 0.0524523 0.0677805 0.0532834 0.0673000 0.0566476 0.0911024 0.0703984 0.0530770 0.0394193 0.0732097 0.0394664 0.0743273 0.0348750 0.0565710 0.0595740 0.0910201 0.0683190 0.0480312 0.0716263 0.0481745 0.0606008 0.0395943 0.0585921 0.0609412 0.0612447 0.0818866 0.0552182 0.0524448 0.0704208 0.0670023 0.0764811 0.0438044 0.0764378 0.0529970 0.0441122 0.0460505 0.0384142 0.0391748 0.0459263 0.0619569 0.0479256 0.0501329 0.0458417 0.0569324 0.0585628 0.0376082 0.0589081 0.0591673 0.0588330 0.0401811 0.0544887 0.0519527 
S0400         0.4207565 0.2756013 0.3253343 0.0752808 0.1406190 0.0490204 0.1949250 0.0387134 0.1720660 0.0890205 0.1022482 0.0088152 0.0801701 0.0641040 0.0042299 0.0709979 0.0834373 0.0898226 0.0961330 0.0738123 0.0903695 0.0682311 0.0879047 0.0701338 0.0439393 0.0000000 0.0177698 0.0802939 0.0617998 0.0666330 0.0638670 0.0640924 0.0746435 0.0880447 0.0677064 0.0681949 0.0660731 0.0708339 0.0731582 0.0271299 0.0087224 0.0828141 0.0672126 0.0707798 0.0429203 0.0069833 0.0667924 0.0809837 0.0787040 0.0463761 0.0898614 0.0821342 0.0122502 0.0688356 0.0654419 0.0069765 0.0715812 0.0662504 0.0665266 0.0708740 0.0680260 0.0823307 0.0760459 0.0598004 0.0570381 0.0751495 0.0742590 0.0570975 0.0578851 0.0641243 0.0685071 0.0770022 0.0785247 0.0862715 0.0758138 0.1000726 0.0775894 0.0784723 0.0597238 0.0918097 0.0635463 0.0939328 0.0470377 0.0705535 0.0803837 0.0999873 0.0595732 0.0658390 0.0946721 0.0069858 0.0550644 0.0554712 0.0756277 0.0794707 0.0776741 0.0886113 0.0713154 0.0776046 0.0749194 0.0814436 0.0887230 0.0087137 0.0788708 0.0658920 0.0643505 0.0069926 0.0089324 0.0423341 0.0612116 0.0535318 0.0656837 0.0706716 0.0658202 0.0823017 0.0508701 0.0617636 0.0798351 0.0891867 0.0773029 0.0052381 0.0839795 0.0502919 
S0405         0.4294468 0.2936750 0.3523280 0.0867882 0.1334330 0.0616174 0.2066928 0.0487750 0.1828566 0.1010913 0.1045075 0.0235144 0.0919105 0.0729968 0.0196026 0.0869206 0.0954359 0.0996183 0.1029297 0.0855449 0.1024685 0.0795695 0.0974328 0.0810371 0.0544694 0.0177698 0.0000000 0.0920581 0.0705043 0.0778620 0.0706421 0.0729967 0.0875979 0.0953345 0.0722663 0.0793803 0.0771907 0.0826552 0.0846131 0.0367468 0.0123494 0.0925400 0.0738642 0.0728849 0.0531793 0.0214892 0.0737155 0.0929169 0.0880843 0.0566606 0.0996638 0.0827219 0.0213338 0.0801379 0.0722012 0.0177892 0.0788597 0.0731044 0.0777259 0.0778708 0.0791766 0.0916777 0.0833887 0.0707135 0.0681215 0.0866406 0.0855845 0.0658047 0.0687680 0.0760748 0.0798914 0.0902344 0.0857910 0.0981324 0.0852961 0.1124015 0.0803308 0.0902219 0.0709983 0.0943983 0.0702833 0.1001312 0.0535238 0.0818493 0.0923192 0.1123099 0.0704494 0.0724546 0.1009322 0.0214966 0.0631087 0.0662159 0.0872035 0.0866573 0.0848532 0.0980655 0.0824237 0.0892144 0.0865177 0.0935728 0.0986135 0.0159290 0.0882234 0.0776809 0.0711765 0.0215163 0.0163481 0.0507299 0.0699247 0.0642437 0.0745511 0.0797691 0.0725584 0.0942724 0.0588240 0.0684900 0.0915180 0.0966618 0.0844425 0.0160551 0.0866927 0.0606568 
S0407sl       0.4114954 0.2680723 0.3120156 0.0926324 0.1038648 0.0830868 0.2225085 0.0706270 0.1782595 0.0367888 0.1162283 0.0851732 0.0489440 0.0784814 0.0783144 0.1005573 0.0450552 0.1138294 0.1146556 0.0351320 0.1070984 0.0368712 0.1007235 0.0809554 0.0571861 0.0802939 0.0920581 0.0000000 0.0912676 0.0352031 0.0783206 0.0785027 0.0360496 0.1041599 0.0574404 0.0705647 0.0858539 0.0941344 0.0349799 0.1044675 0.0801356 0.0515385 0.0638671 0.0665340 0.0765412 0.0850338 0.0817437 0.0975310 0.0824928 0.0804553 0.1107827 0.0929715 0.0867011 0.0733141 0.0776440 0.0803990 0.0846804 0.0808935 0.0692149 0.0860253 0.0642557 0.1012390 0.0674367 0.0582277 0.0618081 0.0328279 0.1053789 0.0644041 0.0583791 0.0692400 0.0731825 0.0991434 0.0871823 0.0894909 0.0814136 0.1227015 0.1056941 0.0743154 0.0645195 0.1012509 0.0756908 0.0960242 0.0429200 0.0751220 0.0954333 0.1249179 0.0945649 0.0825046 0.1024759 0.0801388 0.0896763 0.0619192 0.0387486 0.0707692 0.0711222 0.1130066 0.0699867 0.0310041 0.0878909 0.0971525 0.0997721 0.0800390 0.1118327 0.0833659 0.0832581 0.0851448 0.0724880 0.0689938 0.0781415 0.0879266 0.0495697 0.0806276 0.0760167 0.0408314 0.0847558 0.0716616 0.0179194 0.0906731 0.0686402 0.0786269 0.0904137 0.0775518 
S0412sl       0.4171300 0.2749332 0.3252926 0.0921363 0.1596016 0.0807195 0.2163400 0.0705329 0.1727376 0.0885001 0.1020165 0.0667539 0.0958615 0.0784909 0.0667857 0.1002523 0.0963805 0.1137809 0.1152946 0.0887050 0.1146954 0.0851592 0.1029455 0.1055758 0.0528953 0.0617998 0.0705043 0.0912676 0.0000000 0.0813010 0.0694721 0.0736864 0.0892758 0.1093284 0.0824651 0.0821753 0.0696497 0.0843300 0.0766538 0.0723685 0.0616799 0.0989087 0.0794632 0.0786396 0.0622865 0.0662088 0.0726995 0.1022482 0.0919939 0.0492926 0.1081065 0.0929370 0.0678929 0.0845425 0.0688796 0.0618761 0.0708401 0.0719564 0.0736606 0.0769111 0.0804594 0.0858126 0.0866721 0.0715847 0.0779913 0.0853173 0.1052832 0.0732483 0.0812063 0.0722085 0.0827131 0.0909520 0.0728595 0.0922181 0.0794055 0.0987584 0.0863623 0.0883141 0.0787393 0.1009952 0.0669428 0.0963696 0.0545693 0.0869703 0.1007500 0.0986731 0.0801889 0.0739245 0.1024931 0.0662354 0.0823983 0.0757218 0.0930707 0.0899582 0.0904241 0.1108072 0.0814051 0.0882369 0.1023489 0.0999702 0.1125714 0.0616095 0.0866704 0.0812392 0.0832663 0.0619692 0.0460023 0.0646258 0.0681684 0.0759879 0.0715402 0.0834757 0.0824936 0.0889551 0.0776163 0.0651243 0.0907252 0.0786863 0.0877042 0.0580307 0.0807185 0.0664104 
S0417         0.3649584 0.2695648 0.3101881 0.0735126 0.1205132 0.0692264 0.2155558 0.0574860 0.1683095 0.0350282 0.1033034 0.0712605 0.0370666 0.0670094 0.0645818 0.0833735 0.0353735 0.0984205 0.1019098 0.0236661 0.0918881 0.0177778 0.0862713 0.0669249 0.0461222 0.0666330 0.0778620 0.0352031 0.0813010 0.0000000 0.0647008 0.0687564 0.0226956 0.0891354 0.0449044 0.0642725 0.0674083 0.0817592 0.0273075 0.0896905 0.0665025 0.0416906 0.0426154 0.0535170 0.0650778 0.0711479 0.0678062 0.0851686 0.0750841 0.0711412 0.0955686 0.0786188 0.0728352 0.0691131 0.0641555 0.0667171 0.0701882 0.0671238 0.0625879 0.0694559 0.0453269 0.0842810 0.0542305 0.0371533 0.0509391 0.0215521 0.0883075 0.0558057 0.0564133 0.0625171 0.0668215 0.0884713 0.0704455 0.0796693 0.0666458 0.1025838 0.0794993 0.0560919 0.0558663 0.0835394 0.0622392 0.0762158 0.0299056 0.0640151 0.0809701 0.1047225 0.0903724 0.0687618 0.0851334 0.0711771 0.0799198 0.0491538 0.0293147 0.0576009 0.0578812 0.0974452 0.0506786 0.0253647 0.0758999 0.0823878 0.0874617 0.0664251 0.0942234 0.0707326 0.0693709 0.0712402 0.0590150 0.0554537 0.0645515 0.0837577 0.0353578 0.0712634 0.0666958 0.0293271 0.0709202 0.0604331 0.0312031 0.0763179 0.0555490 0.0649483 0.0783411 0.0640756 
S0419         0.3721195 0.2704348 0.3369329 0.0773878 0.1771051 0.0756236 0.2105174 0.0634454 0.1121502 0.0870763 0.0533736 0.0684038 0.0775811 0.0559655 0.0688581 0.0811407 0.0835927 0.0783901 0.0850270 0.0763162 0.0792723 0.0684671 0.0815078 0.0848256 0.0416696 0.0638670 0.0706421 0.0783206 0.0694721 0.0647008 0.0000000 0.0616110 0.0871570 0.0743148 0.0532941 0.0641476 0.0734249 0.0652806 0.0758397 0.0821105 0.0596247 0.0835658 0.0630976 0.0646661 0.0711794 0.0661779 0.0199203 0.0734530 0.0748808 0.0661402 0.0809540 0.0667037 0.0699742 0.0686449 0.0070082 0.0639458 0.0130100 0.0070088 0.0603590 0.0236831 0.0659077 0.0790045 0.0699393 0.0595738 0.0525592 0.0732035 0.0815082 0.0535330 0.0583538 0.0555421 0.0623098 0.0771373 0.0359939 0.0728109 0.0535651 0.0824784 0.0720732 0.0721502 0.0556813 0.0720217 0.0052578 0.0865904 0.0409740 0.0685540 0.0719973 0.0824025 0.0799392 0.0577164 0.0845277 0.0683249 0.0751018 0.0514496 0.0643872 0.0732722 0.0736396 0.0799232 0.0692029 0.0733389 0.0660982 0.0728330 0.0797250 0.0636702 0.0777009 0.0724529 0.0562051 0.0663161 0.0545245 0.0573299 0.0578074 0.0735605 0.0574902 0.0646337 0.0576985 0.0716779 0.0684175 0.0034986 0.0778730 0.0416540 0.0690354 0.0600973 0.0413608 0.0574737 
S0427         0.3642703 0.2750523 0.3273858 0.0751309 0.1397167 0.0737223 0.2028400 0.0659799 0.1687242 0.0892674 0.0996850 0.0686494 0.0846546 0.0578342 0.0644148 0.0968220 0.0897142 0.0986656 0.0966235 0.0804885 0.1041186 0.0725170 0.0861540 0.0861938 0.0180600 0.0640924 0.0729967 0.0785027 0.0736864 0.0687564 0.0616110 0.0000000 0.0876364 0.0937230 0.0767788 0.0706792 0.0822360 0.0839096 0.0756535 0.0824187 0.0639675 0.0976665 0.0671894 0.0777346 0.0708788 0.0685423 0.0646033 0.0948583 0.0867117 0.0658531 0.0983748 0.0827143 0.0702248 0.0684857 0.0569526 0.0641723 0.0668377 0.0639672 0.0626167 0.0686669 0.0680021 0.0927117 0.0736992 0.0570099 0.0632715 0.0686652 0.1001206 0.0577745 0.0648310 0.0597759 0.0688333 0.0838073 0.0742495 0.0844601 0.0720229 0.1043284 0.0910229 0.0739693 0.0537568 0.0909672 0.0592184 0.0952568 0.0565114 0.0688201 0.0810244 0.1042405 0.0876406 0.0641766 0.0986290 0.0685699 0.0790648 0.0640362 0.0818578 0.0841953 0.0846226 0.1025383 0.0733366 0.0710610 0.0849633 0.0867425 0.0944597 0.0638940 0.0891919 0.0749794 0.0620045 0.0663221 0.0586970 0.0576106 0.0641782 0.0810974 0.0682094 0.0749906 0.0595585 0.0802788 0.0750121 0.0553675 0.0684627 0.0802093 0.0819983 0.0603085 0.0751759 0.0744591 
