124
CRNC          0.0000000 0.3179789 0.4786076 0.4517343 0.2500065 0.3924181 0.4252888 0.4511310 0.4349182 0.4496911 0.4847153 0.4770504 0.4697015 0.4837836 0.5091276 0.4726457 0.4711911 0.4767803 0.4449174 0.4566978 0.5021305 0.4641593 0.4644836 0.4448618 0.4237019 0.4545991 0.5016312 0.5741303 0.4873584 0.4347835 0.4537648 0.4371777 0.4603573 0.5064194 0.4465633 0.4165936 0.4762730 0.4750423 0.4135532 0.4522603 0.4164646 0.4839078 0.4939544 0.4178981 0.4384887 0.4319652 0.4557811 0.4691425 0.4950540 0.5563866 0.4185809 0.4855820 0.4473487 0.4724408 0.4151182 0.4537045 0.4718137 0.4414506 0.4432080 0.4683511 0.4816443 0.4318654 0.4585237 0.4370074 0.3756582 0.4397065 0.4478509 0.4165955 0.5199811 0.4536616 0.4456578 0.4242095 0.4765920 0.5899912 0.4181742 0.4731282 0.4597065 0.3917837 0.4661457 0.5423616 0.4478483 0.5748814 0.4354906 0.4907791 0.4855963 0.4726658 0.4694460 0.4911139 0.5638877 0.4580581 0.4252172 0.4386780 0.4346187 0.4181194 0.4363026 0.6135982 0.4416748 0.4576082 0.4442570 0.4981178 0.4884339 0.4835950 0.4693970 0.4701124 0.4784047 0.4523328 0.4725648 0.4361711 0.5010530 0.4090954 0.4786253 0.4979984 0.5057554 0.4568410 0.4171537 0.4313156 0.3711877 0.4735199 0.4313929 0.4622446 0.4692473 0.4179112 0.5292294 0.8018272 
HYZL          0.3179789 0.0000000 0.1830843 0.3824778 0.1564659 0.2383382 0.2978491 0.3921277 0.3556954 0.3782577 0.3985572 0.3967163 0.3802349 0.3756953 0.4161101 0.4149777 0.3781121 0.4292805 0.3595329 0.3779894 0.4280075 0.3854526 0.3691296 0.3663559 0.3683773 0.3764535 0.4191367 0.4763586 0.4077447 0.3553476 0.3743835 0.3804844 0.3542039 0.4377405 0.3653191 0.3534634 0.4194205 0.4224285 0.3756834 0.3665908 0.3913104 0.3981051 0.4033295 0.3535002 0.3461007 0.4029234 0.3531635 0.3704731 0.4269545 0.4119604 0.3695103 0.4275864 0.3724333 0.3885124 0.3682008 0.3703618 0.4012517 0.3682637 0.3696677 0.3802609 0.3857372 0.3606082 0.3708882 0.3487407 0.3077199 0.3528689 0.3747411 0.3665249 0.4286245 0.3898920 0.3726896 0.3742349 0.4020579 0.4290747 0.3655078 0.4116257 0.3865782 0.3485682 0.4067847 0.4100406 0.3739727 0.4134551 0.3663912 0.3803377 0.3975011 0.4329546 0.4169359 0.3709448 0.4300943 0.3709840 0.3980158 0.3598797 0.3678743 0.3352014 0.3528947 0.5630504 0.3516275 0.3698440 0.3504415 0.4361157 0.4214026 0.3984840 0.4034395 0.4221048 0.3734565 0.3681720 0.3831890 0.3929612 0.4076192 0.3835713 0.4207007 0.3896886 0.3905163 0.3820090 0.3902057 0.3631905 0.2998160 0.4037654 0.3495244 0.3792616 0.3955745 0.3792187 0.4723262 0.7621452 
MYZV          0.4786076 0.1830843 0.0000000 0.5367727 0.4327619 0.4046775 0.4707883 0.5195388 0.5297484 0.5537433 0.5307565 0.5569749 0.5861079 0.5133729 0.5979755 0.5709976 0.5466655 0.5682893 0.5382475 0.5665034 0.5741682 0.5426212 0.5340596 0.4967459 0.5299445 0.5540214 0.5964636 0.6193577 0.5458908 0.5428382 0.5463323 0.5141493 0.5039659 0.5893020 0.5563843 0.5407506 0.6050327 0.5928980 0.4899655 0.5356168 0.5564560 0.5461440 0.5704289 0.5226538 0.5208089 0.5480629 0.5646784 0.5631229 0.5803928 0.6005787 0.5257858 0.5814618 0.5500329 0.5523427 0.5474908 0.5078044 0.5512672 0.5275326 0.5350392 0.5729660 0.5833781 0.5380052 0.5434037 0.5207841 0.4545324 0.5185777 0.5522958 0.5459288 0.5862981 0.6055660 0.5562971 0.5133750 0.5728393 0.5846862 0.5547696 0.6000433 0.5413644 0.5020691 0.5723915 0.6026781 0.5229981 0.5800325 0.5314528 0.5383496 0.5417653 0.6335978 0.5888202 0.5421624 0.5923657 0.5467526 0.5328494 0.5544040 0.5285571 0.5061870 0.5187662 0.7408749 0.5274313 0.5541070 0.5306564 0.5927096 0.5688915 0.5642771 0.5676625 0.5943617 0.5234239 0.5214924 0.5513698 0.5233519 0.5779536 0.5357088 0.5628825 0.5251667 0.5415885 0.5550342 0.5277320 0.5160452 0.4462561 0.5668451 0.5318740 0.5514408 0.5766374 0.5124680 0.7037231 1.0013253 
SRR6441723    0.4517343 0.3824778 0.5367727 0.0000000 0.0856298 0.1365342 0.2316808 0.0844270 0.0661129 0.1044798 0.1038367 0.0963638 0.1045127 0.0635006 0.1141964 0.1321265 0.1032130 0.1098794 0.1035592 0.1116328 0.1188480 0.0920475 0.0492378 0.0465013 0.0751741 0.1012683 0.1157128 0.1530339 0.0961288 0.0914557 0.0761950 0.1005247 0.0972845 0.1188466 0.0914352 0.0617027 0.1139274 0.1140927 0.1134291 0.0932220 0.1073818 0.0988438 0.1004322 0.0985457 0.0895039 0.1042568 0.1011593 0.0670688 0.1185462 0.1851257 0.0909188 0.1161945 0.0808497 0.0908736 0.0670003 0.0794144 0.1058654 0.0687451 0.0737173 0.0808199 0.0717160 0.0944981 0.0879268 0.0873523 0.1033353 0.0529022 0.0780768 0.0683829 0.0941815 0.0901477 0.0691927 0.1210166 0.0965472 0.1858045 0.0757462 0.1134988 0.0915615 0.0664298 0.0718601 0.1842334 0.0786514 0.1862439 0.0978893 0.0739485 0.0688410 0.1163398 0.0870422 0.0639934 0.1807251 0.0982042 0.1007351 0.0534161 0.0916620 0.0862777 0.0894786 0.1066829 0.1036948 0.0979832 0.0780974 0.1141004 0.1028775 0.1024938 0.0972784 0.0517333 0.0643403 0.0904749 0.0939767 0.0845021 0.0782127 0.0692166 0.1188793 0.0693493 0.0755695 0.1088787 0.0876316 0.0735339 0.0652247 0.0968607 0.0969612 0.0932633 0.0936290 0.0810422 0.0584412 0.1646691 
ERR4210213    0.2500065 0.1564659 0.4327619 0.0856298 0.0000000 0.1499857 0.1162418 0.1983460 0.1167223 0.0836624 0.1178630 0.1697031 0.0849554 0.0842499 0.1706712 0.1503876 0.0390792 0.1297132 0.1119474 0.0673225 0.1272979 0.0833007 0.0391093 0.1303979 0.0695891 0.1307284 0.1495084 0.0673225 0.1331309 0.0834905 0.1167223 0.0986930 0.0673225 0.1272979 0.0837778 0.0678073 0.1565638 0.0991434 0.1125598 0.0673225 0.0979794 0.1495084 0.0532782 0.0837778 0.0689595 0.1677447 0.1495084 0.0990165 0.1272979 0.1563312 0.1139897 0.0962896 0.0678073 0.1662154 0.0839577 0.1184325 0.1888535 0.1167223 0.0997976 0.0687325 0.0978133 0.0532782 0.0870882 0.0526710 0.0837778 0.0678073 0.1323377 0.0856298 0.0839903 0.1201702 0.0856600 0.0975061 0.1552535 0.1752316 0.0843950 0.0981625 0.1513892 0.0822447 0.0833782 0.1411175 0.1167223 0.1755501 0.1011502 0.0828397 0.1022002 0.1143966 0.1017285 0.0689391 0.1755501 0.1495084 0.1902802 0.0671016 0.0837966 0.0689595 0.0689595 0.0000010 0.0682340 0.0685644 0.1365244 0.1123964 0.1272979 0.1859787 0.1129610 0.1032892 0.0852002 0.1495084 0.1517485 0.1171259 0.1148226 0.1006017 0.1038263 0.0830919 0.1369409 0.0971108 0.1525407 0.1167223 0.0823528 0.1552535 0.0677027 0.1495084 0.1552535 0.1305362 0.0000010 0.0000010 
ERR2789774    0.3924181 0.2383382 0.4046775 0.1365342 0.1499857 0.0000000 0.2424664 0.0942070 0.1128144 0.1057930 0.1501773 0.0450006 0.0914332 0.1078481 0.0333091 0.0719951 0.0968672 0.1356514 0.0818305 0.0984817 0.1356514 0.0984042 0.1337764 0.1484978 0.0582409 0.0272387 0.0446613 0.0986160 0.0856956 0.1141972 0.1128144 0.0637797 0.1063013 0.1348255 0.1067158 0.1123549 0.1011926 0.1372885 0.1438161 0.0910063 0.0762641 0.0273669 0.0977394 0.1087527 0.1066456 0.0714673 0.0331246 0.1431473 0.1271076 0.1614726 0.0656866 0.1272878 0.1200049 0.0388174 0.1219773 0.1217803 0.0449702 0.1128144 0.1127237 0.1195265 0.1508231 0.1067128 0.1131698 0.0917092 0.1160111 0.0834014 0.1059006 0.1281976 0.0927031 0.1069780 0.1228115 0.0788640 0.1421329 0.1621213 0.1193433 0.1396182 0.1286177 0.1116911 0.1129922 0.1487401 0.1128144 0.1614726 0.1011066 0.0785957 0.1362267 0.1374180 0.0994087 0.1360152 0.1624222 0.0273669 0.1001452 0.0846274 0.0916342 0.1066456 0.1072292 0.0000010 0.1001473 0.0966198 0.1178801 0.1296326 0.1271076 0.0388890 0.1211745 0.1281016 0.1113275 0.0273669 0.0275161 0.0659096 0.1271641 0.0777174 0.1135630 0.1407715 0.1422614 0.0982059 0.0994841 0.1128144 0.0978714 0.1421329 0.1147545 0.0273669 0.1505485 0.0793186 0.0000010 0.9291496 
PAFTOL_019361 0.4252888 0.2978491 0.4707883 0.2316808 0.1162418 0.2424664 0.0000000 0.2574970 0.2132350 0.2384765 0.2689361 0.2721468 0.2410527 0.2493346 0.2833587 0.2959460 0.2632828 0.2459933 0.2631001 0.2486003 0.2495368 0.2269118 0.2335194 0.2547148 0.2203032 0.2592779 0.2878788 0.3136683 0.2449090 0.2106385 0.2194471 0.2260374 0.2298633 0.2404540 0.2289555 0.2240046 0.2665337 0.3007491 0.2497917 0.2399272 0.2857463 0.2800488 0.2635116 0.2216147 0.2189277 0.2681636 0.2734079 0.2505949 0.2454590 0.2520836 0.2381966 0.2493330 0.2501470 0.2676331 0.2300904 0.2317517 0.2780725 0.2218175 0.2293136 0.2316442 0.2569865 0.2142318 0.2449375 0.2217575 0.2359407 0.2166500 0.2273900 0.2390850 0.2772133 0.2490842 0.2416261 0.2588355 0.2973009 0.2515347 0.2500919 0.2700257 0.2588369 0.2234991 0.2312236 0.2431730 0.2291211 0.2721755 0.2247441 0.2460551 0.2604594 0.2659499 0.2617821 0.2364660 0.2760382 0.2555768 0.2606264 0.2340874 0.2191786 0.2038055 0.2067696 0.2464327 0.2353040 0.2460751 0.2501103 0.2428954 0.2323016 0.2810821 0.2545483 0.2281040 0.2294511 0.2416244 0.2665921 0.2475484 0.2435171 0.2383643 0.2560344 0.2633756 0.2432870 0.2462180 0.2497793 0.2147413 0.2112838 0.2984765 0.2250710 0.2596842 0.2959164 0.2320945 0.2515729 0.4595517 
S0055         0.4511310 0.3921277 0.5195388 0.0844270 0.1983460 0.0942070 0.2574970 0.0000000 0.0821009 0.1031061 0.1170685 0.0750546 0.1004115 0.0957496 0.0805358 0.1081021 0.1003578 0.1285872 0.1242856 0.1052586 0.1339464 0.0958196 0.0790800 0.0992367 0.0661766 0.0751828 0.0940757 0.1647849 0.0865055 0.0977446 0.0927841 0.0726954 0.0984627 0.1339452 0.0977216 0.0851162 0.1003005 0.1343125 0.1194364 0.0914354 0.0707835 0.0772376 0.1158096 0.0939077 0.1010415 0.0765787 0.0877769 0.0936504 0.1335856 0.1858762 0.0758569 0.1311912 0.0929721 0.0705252 0.0940920 0.0963158 0.0825466 0.0849167 0.0901723 0.1084203 0.0959583 0.0981541 0.1203719 0.0963148 0.1007876 0.0705605 0.1038161 0.1009161 0.1098559 0.1105770 0.0932064 0.0857718 0.1168598 0.1996997 0.1011678 0.1342744 0.1173882 0.0979394 0.1024197 0.1849893 0.0953650 0.1948913 0.0967696 0.0940730 0.0980022 0.1372481 0.0895295 0.1022345 0.1850478 0.0755236 0.0660765 0.0757703 0.0842798 0.1005317 0.0980940 0.1330860 0.1077691 0.0938525 0.1053025 0.1290895 0.1170924 0.0814732 0.1325791 0.1013191 0.0866465 0.0670807 0.0735041 0.0450948 0.1158366 0.0597155 0.1330155 0.1093953 0.1001681 0.0999858 0.0586512 0.0899410 0.0848132 0.1172496 0.1111932 0.0705639 0.1192360 0.0449435 0.0915929 0.2070428 
S0196sl       0.4349182 0.3556954 0.5297484 0.0661129 0.1167223 0.1128144 0.2132350 0.0821009 0.0000000 0.0916172 0.0621330 0.0882906 0.0968636 0.0547606 0.1024292 0.1108404 0.0953141 0.0871780 0.0902237 0.0962852 0.0945544 0.0820698 0.0491729 0.0745172 0.0612617 0.0881622 0.0994795 0.1609854 0.0972028 0.0840045 0.0120410 0.0829679 0.0866104 0.0945525 0.0839865 0.0501158 0.1098911 0.1006447 0.0897058 0.0807579 0.0966580 0.0905910 0.0936992 0.0883134 0.0846424 0.0713326 0.0979976 0.0337958 0.0943367 0.1555373 0.0790335 0.0920396 0.0737351 0.0853855 0.0505730 0.0142105 0.0926826 0.0059604 0.0100032 0.0687083 0.0381208 0.0793933 0.0728431 0.0824903 0.0986085 0.0365038 0.0601206 0.0618716 0.0801046 0.0699591 0.0569251 0.1020534 0.0608210 0.1677761 0.0725288 0.0859887 0.0692448 0.0627464 0.0600533 0.1441386 0.0140854 0.1630410 0.0935103 0.0726239 0.0666293 0.0886464 0.0922799 0.0692412 0.1609191 0.0859399 0.0861069 0.0514047 0.0818503 0.0764464 0.0818589 0.0876017 0.0957868 0.0854368 0.0705001 0.0899460 0.0792190 0.0918812 0.0793133 0.0663270 0.0504531 0.0798643 0.0836427 0.0847863 0.0667367 0.0689584 0.1140059 0.0728933 0.0691701 0.0886480 0.0780580 0.0099807 0.0791791 0.0610106 0.0915930 0.0852978 0.0582708 0.0664129 0.0442594 0.1622728 
S0278         0.4496911 0.3782577 0.5537433 0.1044798 0.0836624 0.1057930 0.2384765 0.1031061 0.0916172 0.0000000 0.1276780 0.1023631 0.0565564 0.0950172 0.1090662 0.1311602 0.0567531 0.1522908 0.1394496 0.0513541 0.1608724 0.0473619 0.0966922 0.1121695 0.0915213 0.0940756 0.1059027 0.1324114 0.1345175 0.0333835 0.0973937 0.1118572 0.0547474 0.1608717 0.0617879 0.1010679 0.1559917 0.1480979 0.1356858 0.0398814 0.1052201 0.0915282 0.0582119 0.0385367 0.0588875 0.1160205 0.1097346 0.0981141 0.1604001 0.1755694 0.1080648 0.1519018 0.1044460 0.0912229 0.1105955 0.1028591 0.1037289 0.0945022 0.0947667 0.1220797 0.1030271 0.0402628 0.1382106 0.0498195 0.0490946 0.0723607 0.1233097 0.1119693 0.1326450 0.1248209 0.1095194 0.1111971 0.1124269 0.1938250 0.1232375 0.1436810 0.1307585 0.0993343 0.1126542 0.1745948 0.1051235 0.1709361 0.0608277 0.1096660 0.0993509 0.1528317 0.1289222 0.1058153 0.1727760 0.0945208 0.1026314 0.0779117 0.0471125 0.0618157 0.0516995 0.1649621 0.0477015 0.0443976 0.1214884 0.1558642 0.1400672 0.1030865 0.1441629 0.1194273 0.0831207 0.0883362 0.0894877 0.1030193 0.1124160 0.1013899 0.0881912 0.1059351 0.1030812 0.0558243 0.0967630 0.0995948 0.0516969 0.1127964 0.0690525 0.0885471 0.1147638 0.0886876 0.1139763 0.2116991 
S0281         0.4847153 0.3985572 0.5307565 0.1038367 0.1178630 0.1501773 0.2689361 0.1170685 0.0621330 0.1276780 0.0000000 0.1398836 0.1510677 0.1058247 0.1592241 0.1541515 0.1390361 0.1439799 0.1456308 0.1375194 0.1559148 0.1340614 0.0931167 0.0990007 0.1128031 0.1393215 0.1473373 0.2188943 0.1521261 0.1331590 0.0599081 0.1236106 0.1339186 0.1559136 0.1363782 0.1023776 0.1543143 0.1518543 0.1197256 0.1315967 0.1478520 0.1423809 0.1499372 0.1396102 0.1277517 0.1249754 0.1626849 0.0647763 0.1554538 0.2141239 0.1389316 0.1468506 0.1100036 0.1363497 0.1032099 0.0677137 0.1445235 0.0573496 0.0620808 0.1245922 0.0668893 0.1286468 0.1357396 0.1252162 0.1284590 0.0899119 0.1213652 0.1125590 0.1436664 0.1147731 0.1109455 0.1480425 0.0850388 0.2169668 0.1195747 0.1455105 0.1274805 0.0975500 0.1115869 0.2017378 0.0670639 0.2103302 0.1392695 0.1207635 0.1182613 0.1453675 0.1324085 0.1170222 0.2104336 0.1373043 0.1386871 0.0995206 0.1311371 0.1182777 0.1245277 0.1510588 0.1479910 0.1309883 0.1234639 0.1508287 0.1378865 0.1322924 0.1345369 0.1087861 0.0985232 0.1308189 0.1347727 0.1265883 0.1197608 0.1281229 0.1802887 0.1168796 0.1280679 0.1354986 0.1292274 0.0620633 0.1146832 0.0853165 0.1326969 0.1361935 0.0847016 0.1191674 0.1564228 0.2412615 
S0282         0.4770504 0.3967163 0.5569749 0.0963638 0.1697031 0.0450006 0.2721468 0.0750546 0.0882906 0.1023631 0.1398836 0.0000000 0.1015484 0.0970794 0.0258683 0.1077638 0.1075966 0.1155412 0.1204188 0.1018478 0.1207147 0.0945453 0.0878445 0.1085656 0.0608125 0.0099574 0.0333101 0.1715401 0.0934468 0.1024005 0.0989991 0.0766101 0.0976120 0.1207134 0.1023759 0.0893480 0.1241068 0.1290301 0.1094499 0.1012428 0.0729449 0.0212968 0.1150509 0.0986853 0.0929008 0.0905394 0.0210605 0.1057508 0.1204080 0.1875394 0.0804767 0.1180668 0.0976513 0.0181610 0.0930751 0.1025812 0.0160669 0.0911230 0.0963864 0.1044909 0.1079019 0.1002259 0.1073360 0.0934868 0.1032698 0.0646979 0.0889102 0.0945667 0.1082787 0.1006157 0.0974524 0.0928116 0.1100584 0.1880118 0.1166087 0.1235336 0.1001933 0.0997988 0.1091451 0.1866709 0.1015776 0.1897590 0.1127085 0.0932308 0.1020053 0.1319719 0.0844478 0.1086958 0.1834278 0.0140594 0.0703599 0.0802351 0.0912999 0.0924342 0.0952719 0.1260025 0.1033233 0.0904591 0.0952098 0.1159858 0.1047777 0.0268149 0.1220111 0.1070646 0.0905058 0.0143130 0.0182572 0.0609603 0.1139565 0.0567199 0.1315865 0.1113071 0.1041099 0.0965823 0.0630040 0.0961411 0.0873478 0.1104205 0.0977495 0.0099728 0.1123964 0.0679552 0.0916337 0.1743594 
S0289         0.4697015 0.3802349 0.5861079 0.1045127 0.0849554 0.0914332 0.2410527 0.1004115 0.0968636 0.0565564 0.1510677 0.1015484 0.0000000 0.0899697 0.1026999 0.1274402 0.0525374 0.1523745 0.1309390 0.0495177 0.1609576 0.0468973 0.1017671 0.1193734 0.0863055 0.0933362 0.1023156 0.1176236 0.1398533 0.0451523 0.1027391 0.1090976 0.0502281 0.1609569 0.0641705 0.1007519 0.1502914 0.1381322 0.1518283 0.0470574 0.1023935 0.0827930 0.0471980 0.0528850 0.0641399 0.1186992 0.0939658 0.1063537 0.1604849 0.1911281 0.1051401 0.1580402 0.1098393 0.0905099 0.1046167 0.1081151 0.1003608 0.0997976 0.1000786 0.1327126 0.1139329 0.0520761 0.1414221 0.0549141 0.0596509 0.0699048 0.1119250 0.1116164 0.1375079 0.1174015 0.1119327 0.1108847 0.1379047 0.2067975 0.1178926 0.1437642 0.1199502 0.1036683 0.1137340 0.1902793 0.1105545 0.2005864 0.0689528 0.1177368 0.1071090 0.1529170 0.1318862 0.1067290 0.1939019 0.0937743 0.1018461 0.0853963 0.0471763 0.0594241 0.0567926 0.1677675 0.0550444 0.0400890 0.1141213 0.1559488 0.1401476 0.0969740 0.1470816 0.1250685 0.0858826 0.0876325 0.0834972 0.1032600 0.1034115 0.1028803 0.0907246 0.1034876 0.1005960 0.0491325 0.0958887 0.0996273 0.0422811 0.1383673 0.0666134 0.0878582 0.1403146 0.0942554 0.0905679 0.1948063 
S0292         0.4837836 0.3756953 0.5133729 0.0635006 0.0842499 0.1078481 0.2493346 0.0957496 0.0547606 0.0950172 0.1058247 0.0970794 0.0899697 0.0000000 0.1180014 0.1083054 0.0830182 0.1086185 0.1075097 0.0886150 0.1107291 0.0801928 0.0545427 0.0729716 0.0783327 0.1020215 0.1165918 0.1634864 0.0962842 0.0847185 0.0646052 0.0912185 0.0740143 0.1137723 0.0872644 0.0668076 0.1333403 0.1265088 0.1105452 0.0789028 0.1079773 0.1023787 0.0860297 0.0888415 0.0905800 0.0867201 0.1013602 0.0655829 0.1080335 0.1605834 0.0793430 0.1111410 0.0846252 0.0940498 0.0751123 0.0651320 0.1066519 0.0573118 0.0621761 0.0862167 0.0702826 0.0849744 0.1059080 0.0831978 0.0887472 0.0509568 0.0809231 0.0817825 0.0927875 0.0905253 0.0744373 0.0926465 0.0901317 0.1800063 0.0905297 0.1142209 0.0925917 0.0701963 0.0692977 0.1594737 0.0670180 0.1715618 0.0975751 0.0775884 0.0620450 0.1260423 0.1059224 0.0475003 0.1660605 0.0989299 0.1043486 0.0610458 0.0825467 0.0821644 0.0823915 0.1064372 0.0910548 0.0785705 0.0924459 0.1090396 0.0976862 0.1032648 0.1150997 0.0744063 0.0102051 0.0885543 0.0921196 0.0987908 0.0453220 0.0821747 0.1149939 0.0203243 0.0164075 0.0915967 0.0966979 0.0620220 0.0736112 0.0904268 0.0952420 0.0939505 0.0872359 0.0865723 0.0499933 0.1274891 
S0293         0.5091276 0.4161101 0.5979755 0.1141964 0.1706712 0.0333091 0.2833587 0.0805358 0.1024292 0.1090662 0.1592241 0.0258683 0.1026999 0.1180014 0.0000000 0.1148182 0.1148439 0.1325854 0.1382068 0.1054977 0.1382304 0.0968782 0.1020862 0.1222286 0.0642006 0.0235008 0.0398410 0.1602088 0.0964143 0.1090026 0.1115135 0.0859039 0.1032031 0.1382292 0.1092089 0.1065849 0.1324375 0.1344108 0.1187735 0.1076909 0.0825475 0.0303534 0.1164431 0.1026261 0.0957761 0.0960164 0.0253158 0.1185019 0.1378354 0.1903975 0.0855349 0.1353239 0.1040764 0.0280181 0.1051274 0.1182448 0.0301784 0.1055621 0.1113336 0.1202259 0.1206385 0.1042288 0.1139430 0.0957484 0.1121871 0.0791308 0.1009587 0.1123354 0.1275221 0.1128916 0.1068863 0.1040865 0.1263935 0.1949057 0.1121858 0.1314825 0.1150396 0.1051104 0.1256131 0.1864901 0.1170067 0.1881286 0.1151890 0.1137078 0.1233970 0.1405212 0.0953632 0.1275135 0.1785458 0.0236010 0.0799275 0.0935551 0.0942642 0.0952692 0.0988260 0.1624525 0.1145964 0.0991002 0.1044941 0.1331275 0.1204647 0.0351071 0.1263278 0.1289527 0.1027203 0.0240098 0.0281346 0.0643923 0.1340710 0.0652904 0.1404513 0.1334655 0.1223258 0.1052801 0.0719593 0.1110296 0.0922968 0.1263935 0.1014651 0.0191283 0.1289117 0.0773279 0.1222369 0.2217794 
S0294         0.4726457 0.4149777 0.5709976 0.1321265 0.1503876 0.0719951 0.2959460 0.1081021 0.1108404 0.1311602 0.1541515 0.1077638 0.1274402 0.1083054 0.1148182 0.0000000 0.1390742 0.1443294 0.1336558 0.1352687 0.1468098 0.1256763 0.1270175 0.1518400 0.0856291 0.1044582 0.1135804 0.2016981 0.1186465 0.1304385 0.1223520 0.1118224 0.1304151 0.1497785 0.1279181 0.1029445 0.1522235 0.1586019 0.1382086 0.1305270 0.1202000 0.1049387 0.1353068 0.1254646 0.1286883 0.1103883 0.0874420 0.1298952 0.1493591 0.2080109 0.1106080 0.1469618 0.1329872 0.0964588 0.1041974 0.1263681 0.1090894 0.1139197 0.1195616 0.1118564 0.1350979 0.1233405 0.1433460 0.1238045 0.1224500 0.1047449 0.1262686 0.1135795 0.1354669 0.1093892 0.1035357 0.0496582 0.1363129 0.2156913 0.1389468 0.1481360 0.1267586 0.0973164 0.1067295 0.2005850 0.1250923 0.2188468 0.1418402 0.1301600 0.1286692 0.1572840 0.1000478 0.1146821 0.2160331 0.1013479 0.1110701 0.1050470 0.1199900 0.1248969 0.1198713 0.1676436 0.1281053 0.1242938 0.1222095 0.1448892 0.1321062 0.1057314 0.1582996 0.1380465 0.1101849 0.0934355 0.0970993 0.0977335 0.1155500 0.0989618 0.1645930 0.1284932 0.1223331 0.1364789 0.0926890 0.1192463 0.1082475 0.1367735 0.1367963 0.0963567 0.1387375 0.0962282 0.1020085 0.2209533 
S0299         0.4711911 0.3781121 0.5466655 0.1032130 0.0390792 0.0968672 0.2632828 0.1003578 0.0953141 0.0567531 0.1390361 0.1075966 0.0525374 0.0830182 0.1148439 0.1390742 0.0000000 0.1505393 0.1590781 0.0517356 0.1591462 0.0548638 0.0953604 0.1158981 0.0949813 0.0989752 0.1164755 0.1408227 0.1387825 0.0451209 0.1012161 0.1104545 0.0453134 0.1591456 0.0647517 0.0986837 0.1573786 0.1448148 0.1510872 0.0355070 0.1061922 0.0969704 0.0448830 0.0582240 0.0569771 0.1253133 0.0976221 0.1074386 0.1586787 0.1896347 0.1118644 0.1562223 0.1045071 0.0963049 0.1081507 0.1101836 0.1089232 0.0982615 0.0983125 0.1252878 0.1096179 0.0526647 0.1488684 0.0500494 0.0673335 0.0785167 0.1308651 0.1095462 0.1331678 0.1250198 0.1098581 0.1176284 0.1336127 0.2085999 0.1275790 0.1547085 0.1237124 0.1085168 0.1128644 0.1883182 0.1090804 0.1990746 0.0768674 0.1100998 0.1065884 0.1641483 0.1247938 0.1020982 0.1923799 0.0939270 0.1119751 0.0857783 0.0544526 0.0598943 0.0474705 0.1649779 0.0628650 0.0335790 0.1172317 0.1541171 0.1412614 0.1083593 0.1547164 0.1115295 0.0843386 0.0877777 0.0945904 0.1007582 0.1024108 0.1081480 0.0914869 0.0991930 0.0962191 0.0589084 0.1057226 0.1034428 0.0595053 0.1340629 0.0671446 0.0962031 0.1360323 0.1006209 0.0935384 0.2015609 
S0303         0.4767803 0.4292805 0.5682893 0.1098794 0.1297132 0.1356514 0.2459933 0.1285872 0.0871780 0.1522908 0.1439799 0.1155412 0.1523745 0.1086185 0.1325854 0.1443294 0.1505393 0.0000000 0.1028775 0.1446520 0.0118519 0.1416013 0.1050118 0.1161221 0.0892686 0.1206100 0.1242639 0.2132133 0.1218187 0.1366211 0.0929217 0.1201929 0.1471195 0.0118511 0.1337827 0.0984026 0.1516955 0.1213232 0.0142201 0.1391964 0.1413308 0.1186834 0.1512395 0.1369540 0.1358503 0.1163131 0.1299599 0.1095169 0.0138128 0.1733511 0.1136519 0.0118613 0.1211196 0.1097420 0.0834901 0.1016595 0.1280807 0.0900466 0.0953828 0.1163394 0.1092538 0.1293923 0.0717107 0.1366939 0.1385961 0.0802066 0.0572579 0.1001626 0.1383320 0.1133785 0.1062814 0.1436120 0.1278474 0.2000073 0.1363961 0.0948816 0.0706152 0.0886419 0.1039594 0.1690945 0.1006490 0.1818474 0.1378818 0.1265050 0.1231503 0.0947830 0.1184354 0.1196796 0.1790422 0.1183090 0.1134794 0.0966947 0.1369177 0.1266066 0.1325532 0.0036760 0.1449380 0.1413112 0.0899888 0.0099077 0.0059223 0.1269443 0.0835031 0.1130464 0.0988522 0.1013985 0.1099065 0.1171780 0.1169543 0.1034073 0.1583574 0.1284057 0.1225248 0.1429440 0.1145000 0.0951363 0.1141690 0.1282783 0.1401142 0.1148297 0.1245851 0.1095205 0.1232022 0.2478705 
S0308         0.4449174 0.3595329 0.5382475 0.1035592 0.1119474 0.0818305 0.2631001 0.1242856 0.0902237 0.1394496 0.1456308 0.1204188 0.1309390 0.1075097 0.1382068 0.1336558 0.1590781 0.1028775 0.0000000 0.1443680 0.1107860 0.1344155 0.1065617 0.1062214 0.0900731 0.1289779 0.1278376 0.1919145 0.1368157 0.1238564 0.1014822 0.1277393 0.1417906 0.1107844 0.1298609 0.0934320 0.1600580 0.1196954 0.0871687 0.1348973 0.1326245 0.1271868 0.1471269 0.1421623 0.1278570 0.1147676 0.1268559 0.1053688 0.1105071 0.1782172 0.1212723 0.1081204 0.1163352 0.1175225 0.0916788 0.0996929 0.1308863 0.0932036 0.0987360 0.1146995 0.0962774 0.1399715 0.0826362 0.1256754 0.1245632 0.0835992 0.0668257 0.1100588 0.1287809 0.1076519 0.0984098 0.1265244 0.1168441 0.1860857 0.1279855 0.1053527 0.0812034 0.0813479 0.1054451 0.1772448 0.1041916 0.1874139 0.1353611 0.1130357 0.1041162 0.1107319 0.1301115 0.1108659 0.1829969 0.1265810 0.1256092 0.0842348 0.1245816 0.1276401 0.1309094 0.1376704 0.1503891 0.1361053 0.0845783 0.1059783 0.0977063 0.1329510 0.0926627 0.1178547 0.1026018 0.1107826 0.1210315 0.1195128 0.1248777 0.1048973 0.1396443 0.1192183 0.1156678 0.1377572 0.1176898 0.0930393 0.0948877 0.1172423 0.1396843 0.1200457 0.1136292 0.0977447 0.1462059 0.2689239 
S0320         0.4566978 0.3779894 0.5665034 0.1116328 0.0673225 0.0984817 0.2486003 0.1052586 0.0962852 0.0513541 0.1375194 0.1018478 0.0495177 0.0886150 0.1054977 0.1352687 0.0517356 0.1446520 0.1443680 0.0000000 0.1530356 0.0540086 0.1015857 0.1099913 0.0962182 0.0936090 0.1105530 0.1312214 0.1317746 0.0420966 0.1021200 0.1115981 0.0398358 0.1530350 0.0686403 0.1044088 0.1611217 0.1479798 0.1362577 0.0462573 0.0987332 0.0910526 0.0485283 0.0550480 0.0581192 0.1181708 0.1011346 0.1082722 0.1526010 0.1821671 0.1048301 0.1501924 0.1040542 0.0907733 0.1138916 0.1109822 0.1032109 0.0991991 0.0994764 0.1233328 0.1080153 0.0542064 0.1404532 0.0491765 0.0523888 0.0797445 0.1161374 0.1152176 0.1305759 0.1226232 0.1100588 0.1158151 0.1344239 0.2192255 0.1186484 0.1456550 0.1235089 0.1034164 0.1140806 0.1779908 0.1098860 0.1841656 0.0632736 0.1079487 0.1154211 0.1486880 0.1210069 0.1136675 0.1846301 0.0913687 0.1016657 0.0899448 0.0539838 0.0562791 0.0510352 0.1497191 0.0573292 0.0396814 0.1176065 0.1448021 0.1327497 0.1025639 0.1461072 0.1125418 0.0848411 0.0905194 0.0865315 0.1107811 0.1053665 0.1087229 0.0930495 0.1019431 0.0990672 0.0376433 0.0964026 0.1043161 0.0486456 0.1348719 0.0634403 0.0881131 0.1368159 0.0964662 0.1182519 0.1960155 
S0322         0.5021305 0.4280075 0.5741682 0.1188480 0.1272979 0.1356514 0.2495368 0.1339464 0.0945544 0.1608724 0.1559148 0.1207147 0.1609576 0.1107291 0.1382304 0.1468098 0.1591462 0.0118519 0.1107860 0.1530356 0.0000000 0.1500719 0.1098432 0.1294527 0.0942021 0.1285690 0.1329064 0.2251421 0.1248640 0.1449136 0.1004168 0.1253715 0.1556937 0.0118400 0.1364891 0.1033222 0.1607588 0.1297268 0.0142011 0.1475164 0.1496370 0.1275710 0.1597567 0.1433152 0.1442372 0.1215184 0.1261363 0.1120209 0.0058606 0.1799524 0.1166295 0.0118503 0.1291068 0.1148459 0.0909879 0.1093270 0.1333249 0.0974818 0.1029005 0.1187454 0.1117513 0.1380686 0.0791072 0.1451351 0.1504198 0.0879507 0.0645596 0.1087705 0.1381966 0.1184782 0.1114234 0.1490360 0.1333706 0.2034208 0.1391553 0.0965786 0.0802869 0.0957178 0.1090985 0.1756956 0.1082373 0.1860528 0.1467249 0.1318770 0.1286542 0.1024175 0.1236330 0.1249388 0.1894833 0.1262604 0.1302816 0.1016826 0.1452329 0.1348258 0.1408729 0.0111648 0.1541900 0.1496212 0.0980766 0.0098984 0.0059167 0.1356406 0.0908895 0.1221226 0.1010760 0.1065257 0.1182258 0.1224269 0.1221895 0.1085241 0.1718834 0.1336649 0.1278148 0.1513626 0.1287424 0.1026334 0.1254331 0.1338213 0.1456245 0.1199682 0.1300587 0.1199623 0.1232022 0.2495378 
S0327         0.4641593 0.3854526 0.5426212 0.0920475 0.0833007 0.0984042 0.2269118 0.0958196 0.0820698 0.0473619 0.1340614 0.0945453 0.0468973 0.0801928 0.0968782 0.1256763 0.0548638 0.1416013 0.1344155 0.0540086 0.1500719 0.0000000 0.0844173 0.1106502 0.0819822 0.0838062 0.1031078 0.1116185 0.1268325 0.0357045 0.0877068 0.0994705 0.0350536 0.1500710 0.0497210 0.0937971 0.1395772 0.1327715 0.1428095 0.0379786 0.0980445 0.0806508 0.0563525 0.0432577 0.0518675 0.1034115 0.0983149 0.0936192 0.1496427 0.1649211 0.0946637 0.1472012 0.0910972 0.0836501 0.1031374 0.0962849 0.0959674 0.0848855 0.0901413 0.1093841 0.0985312 0.0426079 0.1301223 0.0405453 0.0421808 0.0626086 0.1067425 0.1045785 0.1192701 0.1103023 0.1021420 0.1172391 0.1219646 0.1793427 0.1034532 0.1329348 0.1231940 0.0887593 0.0961575 0.1638462 0.0953342 0.1693450 0.0504725 0.0994639 0.0954054 0.1419427 0.1188122 0.0992425 0.1634157 0.0868374 0.0998065 0.0710875 0.0338348 0.0497396 0.0448251 0.1427313 0.0477641 0.0400256 0.1147795 0.1450906 0.1295941 0.0952094 0.1296144 0.1039094 0.0711868 0.0806432 0.0818871 0.0908104 0.0930277 0.0908627 0.0668831 0.0910924 0.0930837 0.0516489 0.0888704 0.0899100 0.0327208 0.1192349 0.0590641 0.0810309 0.1243476 0.0871946 0.0660834 0.1768224 
S0335         0.4644836 0.3691296 0.5340596 0.0492378 0.0391093 0.1337764 0.2335194 0.0790800 0.0491729 0.0966922 0.0931167 0.0878445 0.1017671 0.0545427 0.1020862 0.1270175 0.0953604 0.1050118 0.1065617 0.1015857 0.1098432 0.0844173 0.0000000 0.0502971 0.0680983 0.0926393 0.1066183 0.1740053 0.0938367 0.0889934 0.0586909 0.0848201 0.0919062 0.1126649 0.0889737 0.0546507 0.1225817 0.1228230 0.1048409 0.0856709 0.0960225 0.0925257 0.1015019 0.0907200 0.0896703 0.0907187 0.1010109 0.0521315 0.1123884 0.1753841 0.0830903 0.1075017 0.0785904 0.0849563 0.0600551 0.0614754 0.0971572 0.0516297 0.0563377 0.0708158 0.0566183 0.0868378 0.0770903 0.0875141 0.1034048 0.0433445 0.0806427 0.0666130 0.0896355 0.0799015 0.0573024 0.1059265 0.0858302 0.1755544 0.0738399 0.1035624 0.0943200 0.0705925 0.0672950 0.1744080 0.0610315 0.1837994 0.0928014 0.0822348 0.0591539 0.1091419 0.0896113 0.0595119 0.1743000 0.0930709 0.0904316 0.0488237 0.0868346 0.0865671 0.0868433 0.0968736 0.0979935 0.0878930 0.0916663 0.1079783 0.0967521 0.0987693 0.0832138 0.0568138 0.0527496 0.0794547 0.0853171 0.0793003 0.0756308 0.0716273 0.1227384 0.0701684 0.0713382 0.0988859 0.0776660 0.0562014 0.0874563 0.0861055 0.0936527 0.0848695 0.0830249 0.0705678 0.0507347 0.1527595 
S0345         0.4448618 0.3663559 0.4967459 0.0465013 0.1303979 0.1484978 0.2547148 0.0992367 0.0745172 0.1121695 0.0990007 0.1085656 0.1193734 0.0729716 0.1222286 0.1518400 0.1158981 0.1161221 0.1062214 0.1099913 0.1294527 0.1106502 0.0502971 0.0000000 0.0814282 0.1123737 0.1291747 0.1018297 0.1217429 0.1053202 0.0748210 0.0997664 0.1149891 0.1249920 0.1353167 0.0799575 0.1366529 0.1268808 0.1292860 0.1001573 0.1053115 0.1090010 0.0938175 0.1155245 0.0987505 0.1127016 0.1229822 0.0686667 0.1285158 0.1800231 0.1049445 0.1255150 0.1018388 0.1045744 0.0838021 0.0867065 0.1194097 0.0709560 0.0782350 0.0980391 0.0754934 0.1060297 0.0914333 0.1024014 0.1314304 0.0637789 0.0932320 0.0788190 0.1196731 0.0961548 0.0879666 0.1139454 0.1002588 0.1878823 0.0870097 0.1103521 0.0966794 0.0913583 0.0918814 0.1721694 0.0781406 0.1766670 0.1060496 0.1045165 0.0750684 0.1095771 0.0991268 0.0800992 0.1780977 0.1086012 0.1079031 0.0671417 0.0896247 0.0987505 0.1068985 0.0572227 0.1120067 0.1128160 0.0956829 0.1224725 0.1166991 0.1171386 0.1006301 0.0304387 0.0772868 0.1080417 0.1090010 0.1031277 0.1031700 0.0828167 0.1363594 0.0929598 0.0951569 0.1163776 0.0922888 0.0709560 0.1052658 0.1002588 0.1197684 0.1038984 0.1005063 0.0932748 0.0000010 0.7295884 
S0376         0.4237019 0.3683773 0.5299445 0.0751741 0.0695891 0.0582409 0.2203032 0.0661766 0.0612617 0.0915213 0.1128031 0.0608125 0.0863055 0.0783327 0.0642006 0.0856291 0.0949813 0.0892686 0.0900731 0.0962182 0.0942021 0.0819822 0.0680983 0.0814282 0.0000000 0.0581252 0.0611321 0.1491763 0.0681081 0.0839157 0.0711925 0.0373874 0.0810333 0.0942010 0.0838977 0.0637345 0.1026706 0.1063131 0.0728977 0.0857100 0.0727268 0.0560973 0.0929528 0.0806230 0.0794699 0.0603995 0.0585608 0.0771521 0.0939870 0.1671478 0.0657817 0.0916980 0.0806177 0.0532985 0.0645087 0.0743283 0.0624405 0.0638464 0.0687481 0.0731730 0.0769763 0.0768447 0.0797167 0.0827450 0.0917060 0.0503019 0.0623327 0.0784454 0.0841307 0.0818766 0.0616384 0.0802350 0.0941910 0.1685343 0.0890003 0.0930969 0.0711406 0.0593069 0.0719617 0.1633624 0.0736182 0.1689030 0.0958874 0.0820705 0.0833501 0.0956330 0.0756802 0.0840382 0.1664792 0.0533931 0.0748777 0.0607907 0.0759524 0.0815230 0.0817818 0.1168082 0.0882336 0.0904230 0.0713453 0.0896106 0.0789285 0.0611249 0.0919949 0.0791693 0.0743625 0.0451531 0.0511921 0.0567620 0.0970662 0.0538720 0.1193868 0.0970126 0.0934638 0.0910372 0.0628157 0.0637413 0.0650683 0.0944965 0.0943317 0.0510805 0.0964848 0.0581510 0.0835337 0.1807481 
S0400         0.4545991 0.3764535 0.5540214 0.1012683 0.1307284 0.0272387 0.2592779 0.0751828 0.0881622 0.0940756 0.1393215 0.0099574 0.0933362 0.1020215 0.0235008 0.1044582 0.0989752 0.1206100 0.1289779 0.0936090 0.1285690 0.0838062 0.0926393 0.1123737 0.0581252 0.0000000 0.0288868 0.1591560 0.0879122 0.0941114 0.0988519 0.0737698 0.0889982 0.1285679 0.0940907 0.0942233 0.1150666 0.1227517 0.1169634 0.0958706 0.0654302 0.0168815 0.1065285 0.0962056 0.0847552 0.0874826 0.0182268 0.1107996 0.1282343 0.1840570 0.0725556 0.1258861 0.0923724 0.0180560 0.0980369 0.1024266 0.0139412 0.0909895 0.0960259 0.1094688 0.1129484 0.0946450 0.1071665 0.0850916 0.0921314 0.0644064 0.0940224 0.0994871 0.1133399 0.1056235 0.1024066 0.0897388 0.1151016 0.1910888 0.1164282 0.1176988 0.1051825 0.1035027 0.1142451 0.1831601 0.1014259 0.1861234 0.1070773 0.0982046 0.1069742 0.1260224 0.0814235 0.1137741 0.1798890 0.0079293 0.0629098 0.0847725 0.0833031 0.0843321 0.0870901 0.1306412 0.0986746 0.0852588 0.1002912 0.1238146 0.1124261 0.0224879 0.1218201 0.1120638 0.0954519 0.0121629 0.0140759 0.0582655 0.1190731 0.0540556 0.1222800 0.1163003 0.1120378 0.0884614 0.0557332 0.0959992 0.0767051 0.1154807 0.0895194 0.0079117 0.1174462 0.0605591 0.0900836 0.1884789 
S0405         0.5016312 0.4191367 0.5964636 0.1157128 0.1495084 0.0446613 0.2878788 0.0940757 0.0994795 0.1059027 0.1473373 0.0333101 0.1023156 0.1165918 0.0398410 0.1135804 0.1164755 0.1242639 0.1278376 0.1105530 0.1329064 0.1031078 0.1066183 0.1291747 0.0611321 0.0288868 0.0000000 0.1756299 0.1015901 0.1111592 0.1105851 0.0922449 0.1067204 0.1329052 0.1111310 0.1084653 0.1429263 0.1204794 0.1179688 0.1076739 0.0760080 0.0212492 0.1240710 0.1070111 0.0963324 0.0960155 0.0294346 0.1201900 0.1325519 0.1727858 0.0883121 0.1301747 0.1096373 0.0287795 0.1044106 0.1143805 0.0350978 0.1024343 0.1078847 0.1134401 0.1223628 0.1052546 0.1112793 0.0969452 0.1119493 0.0796859 0.0979177 0.1139483 0.1159916 0.1148674 0.1115081 0.1089795 0.1191914 0.1768438 0.1289116 0.1218956 0.1061255 0.1118636 0.1237763 0.1690363 0.1132437 0.1715134 0.1187609 0.1046251 0.1217042 0.1303636 0.0951307 0.1289455 0.1656546 0.0290059 0.0733831 0.0934164 0.0997362 0.0958448 0.0987308 0.1429381 0.1150403 0.1016774 0.1012116 0.1280859 0.1164745 0.0267556 0.1260451 0.1269662 0.1099292 0.0316639 0.0182187 0.0761079 0.1318881 0.0717849 0.1400363 0.1312526 0.1333216 0.1051562 0.0659142 0.1076052 0.0955174 0.1195887 0.1064422 0.0244928 0.1215682 0.0709434 0.1102183 0.2071403 
S0407sl       0.5741303 0.4763586 0.6193577 0.1530339 0.0673225 0.0986160 0.3136683 0.1647849 0.1609854 0.1324114 0.2188943 0.1715401 0.1176236 0.1634864 0.1602088 0.2016981 0.1408227 0.2132133 0.1919145 0.1312214 0.2251421 0.1116185 0.1740053 0.1018297 0.1491763 0.1591560 0.1756299 0.0000000 0.2037785 0.1085733 0.1616092 0.1649501 0.1165240 0.2189650 0.1443998 0.1760621 0.2243363 0.2024516 0.1298480 0.1132595 0.1647483 0.1501823 0.1195737 0.1362192 0.1186762 0.1790214 0.1925673 0.1665415 0.2235562 0.2558533 0.1759410 0.2210035 0.1733312 0.1585900 0.1815255 0.1747832 0.1690868 0.1572556 0.1649977 0.1987181 0.1731490 0.1333292 0.1836396 0.1192384 0.0558095 0.1332833 0.1695282 0.1840511 0.1878155 0.1865651 0.1850333 0.1893181 0.1982942 0.2623244 0.1553519 0.1933147 0.1937802 0.0832516 0.1738130 0.2479111 0.1647998 0.2713664 0.0955401 0.1723636 0.1849733 0.2004590 0.1778458 0.1798670 0.2612985 0.1502190 0.1627903 0.1457364 0.0948190 0.1218187 0.1260199 0.3474731 0.1469416 0.1307379 0.1795862 0.2184538 0.2113146 0.1686388 0.1934617 0.2013777 0.1436735 0.1484428 0.1562530 0.1644600 0.1705270 0.1471350 0.1776298 0.1699734 0.1791927 0.1300973 0.1539876 0.1572556 0.0142748 0.1952214 0.1415268 0.1541056 0.2081109 0.1597803 2.7232901 1.0496156 
S0412sl       0.4873584 0.4077447 0.5458908 0.0961288 0.1331309 0.0856956 0.2449090 0.0865055 0.0972028 0.1345175 0.1521261 0.0934468 0.1398533 0.0962842 0.0964143 0.1186465 0.1387825 0.1218187 0.1368157 0.1317746 0.1248640 0.1268325 0.0938367 0.1217429 0.0681081 0.0879122 0.1015901 0.2037785 0.0000000 0.1287108 0.1082967 0.0924881 0.1279262 0.1302844 0.1202620 0.0947812 0.1146941 0.1496679 0.1346782 0.1303676 0.1101021 0.0847258 0.1436682 0.1332883 0.1266740 0.0864116 0.0844751 0.1124681 0.1189476 0.2074010 0.0493085 0.1275640 0.1101633 0.0881686 0.0933078 0.1120737 0.0980001 0.1001506 0.1055969 0.0970914 0.1121968 0.1310235 0.1173733 0.1274940 0.1411922 0.0854972 0.1054723 0.1054366 0.1202658 0.1096598 0.0926157 0.1204857 0.1253810 0.2106397 0.1252541 0.1367636 0.1225904 0.1007003 0.0987771 0.2037851 0.1109561 0.2012712 0.1352579 0.1182242 0.1193949 0.1395452 0.1025509 0.1084847 0.2081572 0.0850018 0.0959344 0.0936649 0.1195597 0.1228861 0.1291822 0.1057861 0.1388660 0.1354705 0.1294925 0.1254706 0.1136386 0.0933255 0.1350346 0.1167983 0.0923312 0.0771467 0.0832493 0.0771444 0.1212256 0.0689226 0.1545364 0.1128091 0.1063813 0.1362710 0.0886163 0.1053226 0.1183267 0.1258030 0.1348048 0.0855921 0.1277863 0.0837388 0.0747486 0.1876346 
S0417         0.4347835 0.3553476 0.5428382 0.0914557 0.0834905 0.1141972 0.2106385 0.0977446 0.0840045 0.0333835 0.1331590 0.1024005 0.0451523 0.0847185 0.1090026 0.1304385 0.0451209 0.1366211 0.1238564 0.0420966 0.1449136 0.0357045 0.0889934 0.1053202 0.0839157 0.0941114 0.1111592 0.1085733 0.1287108 0.0000000 0.0896418 0.1066229 0.0375982 0.1449128 0.0447574 0.0920175 0.1470880 0.1422386 0.1288211 0.0310405 0.1026484 0.0915659 0.0443423 0.0385109 0.0489630 0.1105126 0.1097090 0.0902942 0.1445108 0.1545861 0.0973763 0.1362858 0.0929939 0.0912592 0.1011472 0.0982170 0.1037658 0.0868203 0.0870607 0.1125372 0.0951486 0.0379385 0.1253665 0.0401716 0.0422367 0.0676443 0.1025753 0.1025803 0.1266849 0.1175459 0.1026337 0.1020829 0.1182805 0.1797051 0.1053278 0.1280601 0.1134561 0.0960924 0.1008802 0.1534489 0.0972518 0.1618278 0.0525569 0.1057642 0.0947555 0.1368656 0.1167871 0.0978810 0.1606959 0.0945577 0.0971116 0.0706184 0.0382188 0.0517020 0.0420582 0.1331543 0.0452868 0.0377073 0.1099789 0.1400192 0.1248918 0.1031241 0.1342387 0.1021701 0.0782773 0.0883730 0.0895236 0.0980338 0.0929480 0.0961821 0.0666542 0.0981609 0.0951984 0.0467513 0.0912238 0.0918337 0.0296830 0.1186716 0.0586772 0.0885832 0.1206393 0.0835718 0.1027937 0.1925096 
S0419         0.4537648 0.3743835 0.5463323 0.0761950 0.1167223 0.1128144 0.2194471 0.0927841 0.0120410 0.0973937 0.0599081 0.0989991 0.1027391 0.0646052 0.1115135 0.1223520 0.1012161 0.0929217 0.1014822 0.1021200 0.1004168 0.0877068 0.0586909 0.0748210 0.0711925 0.0988519 0.1105851 0.1616092 0.1082967 0.0896418 0.0000000 0.0885207 0.0953379 0.1004150 0.0896217 0.0598287 0.1161281 0.1119189 0.0900683 0.0862912 0.1076599 0.0992984 0.0994869 0.0941326 0.0903275 0.0816143 0.1118671 0.0429596 0.1001786 0.1627376 0.0895733 0.0978569 0.0840742 0.0959686 0.0603877 0.0141284 0.1034426 0.0059265 0.0099460 0.0788875 0.0473782 0.0849697 0.0837207 0.0881589 0.0990162 0.0434851 0.0681206 0.0719127 0.0908030 0.0803491 0.0667897 0.1132371 0.0706842 0.1715677 0.0829931 0.0969657 0.0795165 0.0629939 0.0701326 0.1511468 0.0140046 0.1710813 0.0999514 0.0831133 0.0767981 0.0960866 0.1032528 0.0795164 0.1684363 0.0966019 0.0967912 0.0609732 0.0874704 0.0796320 0.0874792 0.0987050 0.1017245 0.0910349 0.0809858 0.0957527 0.0847958 0.1027979 0.0873631 0.0764385 0.0555179 0.0905284 0.0942588 0.0928444 0.0720657 0.0791866 0.1232897 0.0831081 0.0794294 0.0943465 0.0884513 0.0099239 0.0794947 0.0709073 0.0973703 0.0958676 0.0680312 0.0765392 0.0773184 0.1939164 
