111
CRNC          0.0000000 0.2580194 0.3104877 0.5104608 0.4706612 0.4608316 0.3680721 0.4394961 0.4800269 0.3751217 0.4777393 0.5051396 0.3552133 0.4551995 0.4046048 0.4513372 0.6608622 0.4411944 0.4491442 0.4142331 0.4140727 0.3878420 0.4999557 0.4780358 0.4775045 0.4288102 0.4146246 0.4660028 0.4268265 0.4292572 0.4012689 0.4815293 0.4732503 0.4882541 0.3761653 0.4889274 0.4743891 0.3742289 0.4959882 0.4922396 0.4654005 0.4261455 0.4356814 0.4088851 0.4102492 0.4161796 0.4240492 0.4805242 0.4745586 0.4679906 0.4683149 0.4654033 0.4512570 0.4608798 0.4296983 0.4468756 0.4926000 0.4004570 0.4442116 0.4390792 0.3716582 0.4173453 0.5051080 0.4369948 0.4807287 0.4693760 0.4239047 0.4502190 0.4548680 0.4058306 0.4401977 0.4069210 0.4986289 0.4650114 0.4530460 0.4553554 0.4705988 0.4340336 0.4154080 0.4940944 0.4895589 0.4131242 0.4110050 0.5034755 0.5005752 0.4348470 0.4005266 0.4014171 0.3724741 0.4300333 0.4158142 0.4690156 0.3783585 0.4695427 0.4431837 0.5003205 0.4782121 0.5019388 0.4775092 0.4799243 0.6592807 0.4326324 0.4627190 0.4648450 0.4745586 0.3656737 0.4937559 0.4823761 0.4977092 0.5037268 0.4874639 
HYZL          0.2580194 0.0000000 0.1456239 0.3232115 0.3555565 0.2836183 0.2154495 0.2746503 0.2800009 0.3257232 0.3127124 0.2994140 0.2894092 0.2785872 0.3730656 0.2888080 0.5409163 0.2865815 0.2804075 0.3173668 0.2774880 0.3201374 0.3322230 0.2770827 0.2710623 0.3553139 0.3217863 0.2974061 0.3004404 0.2779594 0.2856339 0.3486800 0.2997204 0.3591968 0.3481851 0.2960840 0.2681232 0.3319619 0.3312846 0.2780020 0.2792917 0.2725596 0.2759120 0.3348832 0.3103332 0.2707545 0.2809373 0.2894449 0.2911479 0.2889536 0.2923979 0.2969584 0.3585647 0.2998457 0.3131099 0.2967073 0.2794717 0.3706968 0.3257712 0.3164512 0.3616049 0.2774037 0.3375716 0.3280669 0.2967020 0.3182003 0.2866453 0.3423091 0.3407098 0.3505873 0.2644321 0.3613283 0.3105563 0.3305564 0.2695764 0.3403157 0.3082526 0.2815695 0.3369546 0.2990782 0.2846680 0.2297531 0.3306585 0.3229404 0.3213646 0.2823070 0.2997370 0.3778362 0.2891016 0.2905928 0.2767965 0.2771120 0.2364058 0.2895510 0.2949298 0.2914443 0.2696235 0.3111386 0.2949778 0.3453976 0.4674224 0.2749744 0.2536429 0.2775139 0.2911479 0.2781064 0.3323588 0.3402142 0.2823851 0.3502689 0.2894622 
MYZV          0.3104877 0.1456239 0.0000000 0.3605975 0.3705155 0.3373427 0.3388092 0.2894488 0.3586956 0.4181322 0.3595289 0.3537659 0.3449843 0.3109469 0.3833809 0.2912200 0.6082798 0.3607001 0.3472713 0.4218440 0.3663492 0.3711591 0.3721434 0.3354571 0.3286605 0.3920276 0.4029855 0.3460430 0.3283458 0.3801109 0.3361482 0.3663046 0.3331641 0.4259958 0.4195286 0.3310069 0.3257351 0.4094010 0.3984184 0.3313461 0.3523060 0.3083634 0.3481942 0.3886656 0.3602170 0.3678519 0.2950489 0.3172733 0.3390912 0.3417755 0.3406427 0.3455415 0.3701409 0.3494422 0.3434189 0.3519900 0.3198083 0.3334925 0.3562239 0.3297035 0.3643857 0.3032275 0.3921415 0.3649949 0.3397510 0.4119184 0.3440958 0.3747181 0.3879477 0.4065875 0.3100958 0.4107104 0.3730918 0.3508827 0.2966642 0.3893399 0.3807062 0.3019524 0.3826221 0.3404013 0.3444280 0.2885732 0.3770702 0.4038011 0.4016457 0.3625975 0.4006347 0.4218103 0.3454651 0.3727460 0.3567096 0.3355034 0.2832596 0.3038685 0.3283310 0.3520823 0.3209401 0.3213832 0.2907959 0.3478005 0.4774527 0.3100586 0.4060389 0.3242250 0.3390912 0.2646765 0.3865034 0.3943193 0.3422883 0.3909847 0.3430251 
SRR6441723    0.5104608 0.3232115 0.3605975 0.0000000 0.0985644 0.1013312 0.2130703 0.0720990 0.0726694 0.1498866 0.0958693 0.0986294 0.1298182 0.0595123 0.1229669 0.1046396 0.2671187 0.1160925 0.1110052 0.1483412 0.1297529 0.0835116 0.1726479 0.0901344 0.0902132 0.1023492 0.1631775 0.0700070 0.1013874 0.1196132 0.1060770 0.1061406 0.0879158 0.1485837 0.1671960 0.1049423 0.0948768 0.1382413 0.1256760 0.0852680 0.0984034 0.0695660 0.1205791 0.1881515 0.0989980 0.1118081 0.1027216 0.1055169 0.0665032 0.0901018 0.0667010 0.0700702 0.0951058 0.0751187 0.1014850 0.1047758 0.0632180 0.1670861 0.0989194 0.0839536 0.0921720 0.0986375 0.0987434 0.1726140 0.1024226 0.1024539 0.1307779 0.0910598 0.0984533 0.1992577 0.0537774 0.2105883 0.1168651 0.0918211 0.0795272 0.1138937 0.1381824 0.0952641 0.1806381 0.1037286 0.1023060 0.0340010 0.1377689 0.1203994 0.1199550 0.1271937 0.1586526 0.1881679 0.1034851 0.1243495 0.1114800 0.0940539 0.0780640 0.0635253 0.0707508 0.0912178 0.0877766 0.0767267 0.0636228 0.1101179 0.1617425 0.0604546 0.1559907 0.1024861 0.0665032 0.0473654 0.0944869 0.1197078 0.0871115 0.1026227 0.0751376 
ERR4210213    0.4706612 0.3555565 0.3705155 0.0985644 0.0000000 0.1449959 0.2907244 0.1175990 0.0945885 0.1126304 0.1179158 0.1079438 0.1047840 0.0681236 0.1599886 0.0756717 0.1286703 0.1465572 0.1096259 0.1219149 0.1374821 0.0281360 0.1086600 0.0924885 0.1001803 0.1508498 0.1278792 0.0688001 0.0987068 0.1123031 0.1065919 0.1219851 0.1099896 0.1263385 0.1269191 0.1103256 0.1016258 0.1020324 0.1149741 0.1100138 0.1013217 0.0654053 0.1315778 0.2234472 0.1096712 0.1304354 0.1082670 0.0999581 0.0619316 0.0999046 0.0555097 0.0620879 0.1183335 0.0929467 0.1194813 0.1074692 0.0848991 0.2506992 0.0981332 0.0775503 0.0580974 0.0914957 0.1156205 0.2249358 0.1252716 0.1208561 0.1134384 0.0878786 0.1020739 0.2503330 0.0561654 0.2740576 0.1052326 0.0775503 0.0766570 0.1325947 0.2001338 0.0841062 0.1994482 0.1012278 0.0999798 0.0628990 0.1204770 0.1142557 0.1142557 0.1374821 0.1670184 0.1658603 0.0959784 0.1287722 0.1129177 0.1078672 0.1072140 0.0610232 0.0677231 0.1012278 0.1016258 0.1212421 0.0610196 0.1722269 0.0975017 0.0828767 0.2353149 0.1005106 0.0619316 0.0000010 0.1156205 0.1142557 0.0855374 0.1076539 0.0857605 
ERR2789774    0.4608316 0.2836183 0.3373427 0.1013312 0.1449959 0.0000000 0.2014975 0.0882149 0.0627883 0.1721304 0.1191467 0.0990776 0.1430834 0.0832086 0.1189632 0.0891393 0.3097453 0.1307614 0.1130388 0.1444927 0.1388697 0.1003758 0.1688372 0.0866182 0.0828457 0.1161214 0.1775656 0.0866762 0.1168457 0.1387257 0.1333926 0.1300500 0.0877137 0.1747818 0.1905289 0.1095353 0.0873682 0.1715147 0.1290802 0.0536670 0.0871372 0.0859218 0.1311211 0.1868610 0.0908155 0.1135766 0.0885990 0.1015183 0.0829270 0.0865868 0.0831860 0.0828960 0.1397181 0.0962398 0.1213263 0.1172938 0.0830373 0.1766226 0.1265516 0.1186040 0.1300835 0.1175522 0.1075767 0.1743040 0.1028376 0.1090189 0.1497722 0.1228236 0.1257804 0.1809757 0.0696977 0.1939463 0.1269182 0.1274198 0.1244025 0.1345836 0.1398718 0.1066434 0.1653338 0.0860667 0.1064950 0.0541964 0.1545406 0.1384488 0.1379234 0.1378437 0.1666988 0.2128249 0.1307758 0.1337036 0.1215950 0.0941683 0.0953554 0.1031281 0.1006271 0.0947250 0.0917616 0.0919736 0.1086277 0.1038246 0.2075292 0.0722762 0.1483880 0.0943998 0.0829270 0.1803594 0.1039151 0.1444363 0.0871199 0.1197967 0.0916409 
PAFTOL_019361 0.3680721 0.2154495 0.3388092 0.2130703 0.2907244 0.2014975 0.0000000 0.1848454 0.1679118 0.2836322 0.2352918 0.1918145 0.2479381 0.1917686 0.2441861 0.1793972 0.4609625 0.2278722 0.2400589 0.2882992 0.2236870 0.2344647 0.2729074 0.1756018 0.1757266 0.2151260 0.2734792 0.2031678 0.2089691 0.2309960 0.2465084 0.2212220 0.2295654 0.2904788 0.2861344 0.2017359 0.1821661 0.2786075 0.2221477 0.1830780 0.1707666 0.2007629 0.2178356 0.2403454 0.1952514 0.2054016 0.1866830 0.1830354 0.1981895 0.1755422 0.1989233 0.2028445 0.2280886 0.2125964 0.2316135 0.2064696 0.1888121 0.2930253 0.2386268 0.1960654 0.2030331 0.2021225 0.2539707 0.2290705 0.1820659 0.2498509 0.1957344 0.2252945 0.2244768 0.2480396 0.1760173 0.2782723 0.2172014 0.2066832 0.2090418 0.2500884 0.2344517 0.2280696 0.2258629 0.1914878 0.1817948 0.1433947 0.2705041 0.2208409 0.2198953 0.2242432 0.2472476 0.3238481 0.2403667 0.2259271 0.2148127 0.1804121 0.1850137 0.2061830 0.2089142 0.1860780 0.1882168 0.1932714 0.2192720 0.2386455 0.3345331 0.2144776 0.2069538 0.1830466 0.1981895 0.1827407 0.2469258 0.2299951 0.1784364 0.2598198 0.1912877 
S0055         0.4394961 0.2746503 0.2894488 0.0720990 0.1175990 0.0882149 0.1848454 0.0000000 0.0548191 0.1500688 0.1056446 0.0634235 0.1287650 0.0567583 0.0811989 0.0776248 0.2840325 0.0948296 0.1017301 0.1483418 0.0995043 0.0825305 0.1672468 0.0560925 0.0527038 0.0932537 0.1728829 0.0676288 0.0815289 0.0982235 0.1296576 0.0942939 0.0729702 0.1262690 0.1614207 0.0565313 0.0565416 0.1471140 0.1146996 0.0541861 0.0564472 0.0750432 0.0989825 0.1739414 0.0678770 0.0908353 0.0592979 0.0560766 0.0640902 0.0493824 0.0642833 0.0676912 0.1002793 0.0727293 0.0735356 0.0940710 0.0470167 0.1191994 0.0872057 0.0756807 0.0683696 0.0832553 0.1060968 0.1713263 0.0822556 0.0928425 0.1004825 0.0976579 0.1013654 0.1651692 0.0473897 0.1807696 0.0958653 0.0832974 0.0539553 0.1066544 0.1007003 0.0873431 0.1623352 0.0743503 0.0738170 0.0306883 0.1335818 0.1095597 0.1091550 0.1054686 0.1669428 0.1883876 0.0803053 0.1102327 0.0905870 0.0629026 0.0621244 0.0560264 0.0680161 0.0632400 0.0568554 0.0366245 0.0679625 0.0646119 0.1639259 0.0682801 0.1737180 0.0739582 0.0640902 0.0604807 0.1023636 0.1010549 0.0568260 0.1101645 0.0461219 
S0196sl       0.4800269 0.2800009 0.3586956 0.0726694 0.0945885 0.0627883 0.1679118 0.0548191 0.0000000 0.1277485 0.0779818 0.0503867 0.1020766 0.0372857 0.0627113 0.0493363 0.2775454 0.0866887 0.0818874 0.1159667 0.0962778 0.0637561 0.1325769 0.0376377 0.0457429 0.0709927 0.1303575 0.0333540 0.0628463 0.0764492 0.0948680 0.0730875 0.0549467 0.1278399 0.1455910 0.0555933 0.0460938 0.1229431 0.0918467 0.0420020 0.0419334 0.0305970 0.0817805 0.1585480 0.0545663 0.0727473 0.0439902 0.0539572 0.0294746 0.0376209 0.0295761 0.0294623 0.0779567 0.0338618 0.0803614 0.0821149 0.0373696 0.1247998 0.0597414 0.0610224 0.0432822 0.0764314 0.0736860 0.1684592 0.0492778 0.0715350 0.0989948 0.0648068 0.0684355 0.1589043 0.0073112 0.2037113 0.0908862 0.0606930 0.0554411 0.1081747 0.0851764 0.0550628 0.1504001 0.0459753 0.0497633 0.0148448 0.1055702 0.0914803 0.0914803 0.0957763 0.1434207 0.1686298 0.0984579 0.0952689 0.0767181 0.0539563 0.0563640 0.0453361 0.0377236 0.0459753 0.0506023 0.0422029 0.0587544 0.0643417 0.1730873 0.0414975 0.1353867 0.0592076 0.0294746 0.1609799 0.0740033 0.1025720 0.0339285 0.0783039 0.0379857 
S0278         0.3751217 0.3257232 0.4181322 0.1498866 0.1126304 0.1721304 0.2836322 0.1500688 0.1277485 0.0000000 0.1429420 0.1364972 0.0269230 0.1076714 0.1528491 0.1449558 0.1266574 0.1599613 0.1485638 0.0470420 0.1661900 0.1228699 0.2354205 0.1221006 0.1304510 0.1912337 0.0971514 0.1365463 0.1734647 0.1498748 0.0626030 0.1434941 0.1412053 0.1704238 0.0329418 0.1249281 0.1212472 0.0174334 0.1152798 0.1267531 0.1315293 0.1268329 0.1511677 0.2523746 0.1344348 0.1504340 0.1650277 0.1419111 0.1322933 0.1220552 0.1327389 0.1238970 0.1575261 0.1225251 0.1214005 0.1039001 0.1563825 0.2192717 0.1358133 0.1284533 0.1385383 0.1316833 0.1353087 0.2478192 0.1774412 0.1416970 0.1642919 0.1177051 0.1296239 0.2414030 0.1187146 0.2854562 0.1167561 0.1227688 0.1375799 0.1525673 0.1550825 0.1395034 0.2424813 0.1419077 0.1063721 0.1031646 0.0295228 0.1182897 0.1178610 0.1534022 0.0788921 0.0389177 0.1380039 0.1643038 0.1409257 0.1221998 0.1049252 0.1351594 0.1312376 0.1275416 0.1179124 0.1455779 0.1354752 0.1640880 0.2725625 0.1199943 0.1033065 0.1193023 0.1322933 0.0335269 0.1358280 0.1140212 0.1190900 0.1485482 0.1242093 
S0281         0.4777393 0.3127124 0.3595289 0.0958693 0.1179158 0.1191467 0.2352918 0.1056446 0.0779818 0.1429420 0.0000000 0.1143547 0.1205071 0.0832388 0.1338033 0.1036058 0.2487820 0.1061176 0.0923843 0.1349133 0.1153516 0.1009696 0.1728992 0.1049977 0.1090535 0.1454721 0.1471949 0.0530258 0.0994132 0.1014545 0.1012393 0.1015180 0.0942125 0.1115281 0.1572052 0.1213356 0.1142400 0.1379169 0.1015374 0.0852909 0.1139109 0.0446005 0.1063869 0.1605836 0.1089307 0.1055409 0.1258133 0.1214049 0.0496652 0.1049590 0.0498100 0.0496476 0.1008868 0.0466379 0.0805645 0.0855592 0.0747636 0.1407906 0.0981679 0.0905944 0.0883533 0.0989057 0.0575204 0.1772010 0.1044324 0.0744852 0.1151562 0.0734700 0.0806904 0.1590098 0.0443818 0.1742065 0.0868395 0.0988456 0.1099397 0.1012739 0.1186043 0.1054087 0.1516450 0.1275236 0.1016544 0.0587083 0.1266959 0.1046198 0.1042388 0.1005945 0.1325357 0.1760121 0.0820844 0.1017777 0.0975333 0.1172352 0.0576562 0.0915517 0.0964080 0.1138184 0.1150558 0.1014409 0.1001464 0.1116589 0.1885061 0.0762811 0.1292243 0.1099464 0.0496652 0.1060297 0.0577130 0.1096872 0.1065755 0.0610404 0.0967884 
S0282         0.5051396 0.2994140 0.3537659 0.0986294 0.1079438 0.0990776 0.1918145 0.0634235 0.0503867 0.1364972 0.1143547 0.0000000 0.1202670 0.0571690 0.0532329 0.0739682 0.2749843 0.1200527 0.1073509 0.1420205 0.1208682 0.0955171 0.1233661 0.0085146 0.0172721 0.0871565 0.1619033 0.0787365 0.0905441 0.1079215 0.1204427 0.0949234 0.0731489 0.1564718 0.1368875 0.0397814 0.0173798 0.1337907 0.1110650 0.0570573 0.0144022 0.0792039 0.1254530 0.1767377 0.0637159 0.1123815 0.0882973 0.0522395 0.0750843 0.0143140 0.0753139 0.0788077 0.1152557 0.0842303 0.0932780 0.0905398 0.0752395 0.1686889 0.0955393 0.0879155 0.0924440 0.0761341 0.0944056 0.1695826 0.0938410 0.1062139 0.1196402 0.1059523 0.1014058 0.1729905 0.0579321 0.1934962 0.1145767 0.0958778 0.0691937 0.1312524 0.1198276 0.0879970 0.1607047 0.0234976 0.0356815 0.0270510 0.1291336 0.1059745 0.1055833 0.1154865 0.1562021 0.1936497 0.1233234 0.1204099 0.1120506 0.0202385 0.0732484 0.0746091 0.0685163 0.0143841 0.0173316 0.0572370 0.0719836 0.0877435 0.1764634 0.0687831 0.1652370 0.0567105 0.0750843 0.0753838 0.0947534 0.1111322 0.0115382 0.1022891 0.0364864 
S0289         0.3552133 0.2894092 0.3449843 0.1298182 0.1047840 0.1430834 0.2479381 0.1287650 0.1020766 0.0269230 0.1205071 0.1202670 0.0000000 0.0910376 0.1488042 0.1054383 0.1352393 0.1345026 0.1200742 0.0373577 0.1400816 0.1142810 0.1766187 0.1068552 0.1108548 0.1647000 0.0690723 0.1112678 0.1340574 0.1252130 0.0343710 0.1066557 0.1301421 0.1396567 0.0364716 0.1092014 0.1036850 0.0116048 0.0998135 0.1048179 0.1156539 0.0996266 0.1262412 0.1865810 0.1244375 0.1256736 0.1523835 0.1252734 0.1072558 0.1068165 0.1076057 0.1031420 0.1144040 0.0967388 0.1032023 0.0923285 0.1211493 0.1723298 0.0988314 0.0971696 0.1009916 0.1105465 0.1095900 0.1934686 0.1434892 0.1067943 0.1330402 0.0944414 0.1059361 0.1886535 0.0930027 0.2365371 0.1180032 0.0922895 0.1259468 0.1269520 0.1324285 0.1122107 0.1886311 0.1252707 0.0842828 0.0748236 0.0235455 0.1068409 0.1064581 0.1286327 0.0613092 0.0534285 0.1311712 0.1386092 0.1169005 0.0990044 0.0909316 0.1240234 0.1036808 0.1118623 0.1004098 0.1222800 0.1116772 0.1370241 0.2356246 0.1030110 0.0721433 0.0961983 0.1072558 0.0342840 0.1058598 0.0986048 0.1038975 0.1137540 0.1085410 
S0292         0.4551995 0.2785872 0.3109469 0.0595123 0.0681236 0.0832086 0.1917686 0.0567583 0.0372857 0.1076714 0.0832388 0.0571690 0.0910376 0.0000000 0.0726638 0.0627761 0.2410000 0.0828239 0.0674838 0.1053374 0.0837333 0.0535163 0.1286572 0.0465044 0.0566457 0.0800824 0.1181912 0.0360315 0.0527798 0.0750223 0.0699513 0.0561740 0.0755262 0.1140506 0.1281590 0.0617557 0.0570502 0.0948126 0.0612699 0.0541768 0.0535407 0.0445342 0.0755756 0.1752824 0.0644287 0.0752956 0.0630764 0.0564121 0.0328715 0.0496718 0.0329633 0.0360186 0.0716446 0.0465549 0.0774817 0.0473450 0.0457783 0.1278194 0.0497047 0.0467762 0.0485291 0.0759185 0.0725363 0.1541800 0.0703274 0.0908069 0.0961663 0.0537853 0.0570496 0.1665249 0.0240377 0.1918527 0.0802035 0.0536662 0.0436383 0.1032207 0.0901834 0.0238447 0.1545740 0.0610142 0.0602168 0.0165850 0.0937689 0.0642676 0.0640522 0.0819363 0.1133417 0.1415005 0.0920018 0.0828086 0.0678685 0.0600626 0.0661019 0.0356703 0.0144497 0.0502496 0.0608791 0.0468779 0.0144480 0.0687914 0.1053511 0.0114673 0.1135586 0.0603390 0.0328715 0.0462562 0.0727878 0.0683719 0.0435398 0.0836892 0.0398283 
S0293         0.4046048 0.3730656 0.3833809 0.1229669 0.1599886 0.1189632 0.2441861 0.0811989 0.0627113 0.1528491 0.1338033 0.0532329 0.1488042 0.0726638 0.0000000 0.1040916 0.7566552 0.1617881 0.1598004 0.1587908 0.1788908 0.1108374 0.4113471 0.0426710 0.0519489 0.0160966 0.1747577 0.0743345 0.1086373 0.1585297 0.1569043 0.0969890 0.1267769 0.1911560 0.2318193 0.0624333 0.0519489 0.1531967 0.1351465 0.0940895 0.0430220 0.1097718 0.1599898 0.2038526 0.0834670 0.1456677 0.0952331 0.0613077 0.0743345 0.0426710 0.0632515 0.0847252 0.1224425 0.0973539 0.1036525 0.1210280 0.0975623 0.0796839 0.0956591 0.0726647 0.0343819 0.0973539 0.1136774 0.2151568 0.0723318 0.1493298 0.3188289 0.1097381 0.1085973 0.1912854 0.0644283 0.2336900 0.2057500 0.0829611 0.0753236 0.1636309 0.1176474 0.1250195 0.1833303 0.0426710 0.0612467 0.0549696 0.1243193 0.1351465 0.1351465 0.1601217 0.2097824 0.2449150 0.1770851 0.1590396 0.1599898 0.0613665 0.1196503 0.0828783 0.0744120 0.0426710 0.0528541 0.0830467 0.1323586 0.0704059 0.0956683 0.0856684 0.2855102 0.0728428 0.0743345 0.0000010 0.1149228 0.1509561 0.0426710 0.1379556 0.0519489 
S0294         0.4513372 0.2888080 0.2912200 0.1046396 0.0756717 0.0891393 0.1793972 0.0776248 0.0493363 0.1449558 0.1036058 0.0739682 0.1054383 0.0627761 0.1040916 0.0000000 0.2563385 0.1267379 0.1130904 0.1428563 0.1320314 0.0860350 0.0890523 0.0627861 0.0662424 0.1120174 0.1443607 0.0699631 0.0599961 0.1178423 0.0968318 0.0941890 0.0825749 0.1298498 0.1397601 0.0712574 0.0667209 0.1336686 0.0949044 0.0717554 0.0631416 0.0695643 0.1187781 0.1556320 0.0860450 0.1101727 0.0804770 0.0804043 0.0664609 0.0627637 0.0666585 0.0700262 0.1001655 0.0748269 0.0918775 0.0840234 0.0632023 0.1525345 0.0984690 0.0799415 0.0972193 0.0450236 0.0981621 0.1443614 0.0954902 0.0827433 0.0955448 0.0805248 0.0840513 0.1471479 0.0572825 0.1809987 0.0895746 0.0877014 0.0751684 0.1142650 0.1177486 0.0833125 0.1402866 0.0696293 0.0736834 0.0376359 0.1333306 0.0995122 0.0991555 0.1172277 0.1348844 0.1821818 0.0991312 0.1300654 0.1098553 0.0697060 0.0767761 0.0732036 0.0633203 0.0700856 0.0706605 0.0786718 0.0774724 0.0912719 0.1700568 0.0671136 0.1529905 0.0775032 0.0664609 0.0878560 0.0946004 0.0952737 0.0636163 0.1020982 0.0744468 
S0299         0.6608622 0.5409163 0.6082798 0.2671187 0.1286703 0.3097453 0.4609625 0.2840325 0.2775454 0.1266574 0.2487820 0.2749843 0.1352393 0.2410000 0.7566552 0.2563385 0.0000000 0.2963730 0.3043469 0.1756195 0.3001803 0.2589115 0.2079195 0.2696954 0.2695991 0.5423903 0.1626613 0.2458013 0.2993727 0.2903833 0.1613756 0.2654884 0.2936053 0.2978465 0.1311027 0.2784447 0.2729654 0.1366820 0.2457017 0.2567910 0.2857817 0.2391406 0.2936374 0.4122883 0.2668558 0.2917625 0.3404667 0.3002846 0.2396545 0.2695939 0.2407116 0.2333261 0.2466702 0.2356441 0.2228509 0.2272333 0.2767868 0.5027538 0.2749520 0.2549903 0.3473238 0.2879422 0.2766376 0.4426265 0.3244046 0.2449279 0.3339385 0.2254762 0.2423212 0.4250991 0.2238990 0.4741324 0.1386412 0.2382976 0.2585394 0.2867353 0.3117972 0.2797833 0.4346440 0.2762392 0.2338224 0.2544149 0.1411065 0.2358423 0.2358423 0.3017604 0.1804881 0.1434335 0.2615696 0.3054607 0.2765039 0.2562964 0.2212315 0.2867923 0.2705046 0.2798049 0.2595399 0.2904403 0.2727781 0.3188597 0.4965500 0.2607039 0.2721983 0.2322933 0.2396545 0.0870277 0.2766376 0.2222693 0.2665125 0.2762674 0.2722219 
S0303         0.4411944 0.2865815 0.3607001 0.1160925 0.1465572 0.1307614 0.2278722 0.0948296 0.0866887 0.1599613 0.1061176 0.1200527 0.1345026 0.0828239 0.1617881 0.1267379 0.2963730 0.0000000 0.0468934 0.1611401 0.0235031 0.0967441 0.1894061 0.1114537 0.1237953 0.1613689 0.1734422 0.0787995 0.1093999 0.0263468 0.1129869 0.1202375 0.1098889 0.0828327 0.1623069 0.1178642 0.1248399 0.1520029 0.1343267 0.1000745 0.1204140 0.0830873 0.0113835 0.1872079 0.1154179 0.0085330 0.0976751 0.1196164 0.0751442 0.1114134 0.0753741 0.0788707 0.1245237 0.0842991 0.0496645 0.1171101 0.0988443 0.0695741 0.1127568 0.1091788 0.0800687 0.1438913 0.1340929 0.1893713 0.1206495 0.1077792 0.0773144 0.1101007 0.1120911 0.1781938 0.0583856 0.1961523 0.1078696 0.1136643 0.0915679 0.1003278 0.1277292 0.0909491 0.1898903 0.1340831 0.1065625 0.0706790 0.1605182 0.1373711 0.1368542 0.0265483 0.1492860 0.1893493 0.0609989 0.0325461 0.0114173 0.1279213 0.0383528 0.0853744 0.0989581 0.1203212 0.1210669 0.0921828 0.0910142 0.1334438 0.2095720 0.0947616 0.1866754 0.1124424 0.0751442 0.0617929 0.1346026 0.1431214 0.1033916 0.1340959 0.0904702 
S0308         0.4491442 0.2804075 0.3472713 0.1110052 0.1096259 0.1130388 0.2400589 0.1017301 0.0818874 0.1485638 0.0923843 0.1073509 0.1200742 0.0674838 0.1598004 0.1130904 0.3043469 0.0468934 0.0000000 0.1600975 0.0542421 0.0871570 0.1848289 0.0945162 0.1062559 0.1498754 0.1596116 0.0709340 0.0925108 0.0466574 0.1099776 0.1233109 0.0990034 0.0910322 0.1656813 0.1002983 0.1071167 0.1368885 0.1197527 0.0845097 0.1029464 0.0740913 0.0537542 0.1750284 0.1038295 0.0468284 0.1099467 0.1065233 0.0673806 0.0944819 0.0675837 0.0709987 0.1346291 0.0835364 0.0497388 0.1033206 0.0903135 0.1162065 0.1158686 0.1065341 0.1068598 0.1284872 0.1198545 0.1677261 0.1231834 0.0855231 0.0641761 0.1006614 0.1123047 0.1759084 0.0544300 0.1870670 0.1255522 0.1067574 0.0991449 0.0867609 0.1262451 0.0788716 0.1681712 0.1158195 0.0990766 0.0532203 0.1450968 0.1227710 0.1223220 0.0526910 0.1494215 0.1863855 0.0808995 0.0534959 0.0400820 0.1101877 0.0416946 0.0883200 0.0816959 0.1028593 0.1038523 0.0968028 0.0779093 0.1231670 0.1771738 0.0706670 0.1420086 0.1031016 0.0673806 0.0736082 0.1202981 0.1281344 0.0920696 0.1281378 0.0870343 
S0320         0.4142331 0.3173668 0.4218440 0.1483412 0.1219149 0.1444927 0.2882992 0.1483418 0.1159667 0.0470420 0.1349133 0.1420205 0.0373577 0.1053374 0.1587908 0.1428563 0.1756195 0.1611401 0.1600975 0.0000000 0.1554186 0.1234826 0.2009512 0.1199896 0.1200596 0.1879143 0.0705247 0.1237019 0.1458792 0.1330408 0.0598445 0.1633843 0.1448339 0.1666123 0.0582595 0.1172554 0.1282533 0.0421540 0.1089540 0.1403791 0.1276734 0.1170852 0.1405767 0.2990732 0.1473078 0.1414224 0.1655323 0.1198490 0.1174383 0.1199226 0.1180280 0.1175089 0.1290693 0.1202378 0.1319725 0.1037472 0.1381320 0.2585120 0.1344371 0.1116991 0.1278955 0.1344588 0.1060058 0.2941734 0.1574779 0.1330838 0.2107343 0.1229262 0.1347126 0.2890229 0.1015606 0.3453646 0.1127798 0.1183217 0.1411775 0.1760139 0.1308940 0.1178535 0.2730061 0.1276066 0.0950938 0.1040010 0.0177158 0.1084286 0.1084286 0.1544385 0.0872031 0.0800604 0.1436861 0.1531612 0.1329658 0.1201373 0.1305841 0.1378807 0.1264588 0.1276066 0.1296886 0.1414401 0.1481227 0.1737164 0.1463029 0.1241579 0.0781014 0.0954962 0.1174383 0.0000010 0.1065964 0.1156640 0.1142260 0.1247460 0.1020670 
S0322         0.4140727 0.2774880 0.3663492 0.1297529 0.1374821 0.1388697 0.2236870 0.0995043 0.0962778 0.1661900 0.1153516 0.1208682 0.1400816 0.0837333 0.1788908 0.1320314 0.3001803 0.0235031 0.0542421 0.1554186 0.0000000 0.1013638 0.1794022 0.1204682 0.1331577 0.1894497 0.1660831 0.0831200 0.1143106 0.0174429 0.1143239 0.1254713 0.1192362 0.0796979 0.1685058 0.1317866 0.1343068 0.1579450 0.1311288 0.1076358 0.1297330 0.0957690 0.0235968 0.1943143 0.1289647 0.0175405 0.1035607 0.1164468 0.0793973 0.1204245 0.0796445 0.0831951 0.1298534 0.0966636 0.0602851 0.1138998 0.1036005 0.0984145 0.1178771 0.1142458 0.1042253 0.1356294 0.1438730 0.1964228 0.1345192 0.1149944 0.0686205 0.1152226 0.1128378 0.1799431 0.0660123 0.2034328 0.1131314 0.1188322 0.0962162 0.1134033 0.1459245 0.0919695 0.1969703 0.1438638 0.1196733 0.0791307 0.1666196 0.1342016 0.1336941 0.0206365 0.1420571 0.1962475 0.0761344 0.0235109 0.0143853 0.1373970 0.0490441 0.0897774 0.1000858 0.1296377 0.1304555 0.1049023 0.0920361 0.1482700 0.2070212 0.0958302 0.1562618 0.1259891 0.0793973 0.0925549 0.1444299 0.1399312 0.1121714 0.1438764 0.0987898 
S0335         0.3878420 0.3201374 0.3711591 0.0835116 0.0281360 0.1003758 0.2344647 0.0825305 0.0637561 0.1228699 0.1009696 0.0955171 0.1142810 0.0535163 0.1108374 0.0860350 0.2589115 0.0967441 0.0871570 0.1234826 0.1013638 0.0000000 0.1498333 0.0831417 0.0945607 0.1270835 0.1436324 0.0602177 0.0745245 0.0887083 0.0924625 0.0950411 0.0822184 0.1310089 0.1303386 0.0922184 0.0953102 0.1085685 0.0987785 0.0848747 0.0836399 0.0666601 0.0893700 0.2012762 0.0961051 0.0816055 0.0859722 0.0944845 0.0567693 0.0831113 0.0569374 0.0602737 0.1092939 0.0722906 0.0922602 0.0833099 0.0788984 0.1346287 0.0878928 0.0758348 0.0796207 0.1024688 0.0870574 0.1977885 0.1070390 0.1144640 0.0994345 0.0889826 0.0964881 0.2021483 0.0474130 0.2301952 0.0784384 0.0834654 0.0763980 0.1110885 0.1180831 0.0801696 0.1785321 0.0957901 0.0951330 0.0458700 0.1179657 0.1017830 0.1014231 0.0957011 0.1297072 0.1575668 0.0947415 0.1039594 0.0813922 0.0983907 0.0736041 0.0461800 0.0646739 0.0911962 0.0998547 0.0810283 0.0575997 0.1106617 0.1708063 0.0609636 0.1460490 0.0864346 0.0567693 0.0876363 0.0873637 0.1066580 0.0843191 0.0985641 0.0683274 
S0376         0.4999557 0.3322230 0.3721434 0.1726479 0.1086600 0.1688372 0.2729074 0.1672468 0.1325769 0.2354205 0.1728992 0.1233661 0.1766187 0.1286572 0.4113471 0.0890523 0.2079195 0.1894061 0.1848289 0.2009512 0.1794022 0.1498333 0.0000000 0.1191825 0.1284113 0.2374066 0.2092963 0.1378879 0.1133687 0.1692462 0.1567733 0.1801444 0.1528689 0.2077230 0.2113255 0.1481094 0.1296487 0.2118787 0.1680871 0.1534914 0.1200356 0.1323987 0.1862960 0.3029070 0.1555618 0.1699448 0.1882373 0.1430299 0.1330736 0.1191339 0.1335804 0.1332502 0.1554468 0.1321602 0.1735024 0.1534688 0.1478589 0.2823378 0.1787686 0.1616359 0.2097787 0.1161093 0.1333313 0.2678496 0.1854887 0.1696736 0.1745642 0.1523071 0.1466818 0.2884479 0.1264641 0.3337999 0.1213404 0.1673966 0.1465498 0.1639020 0.1817550 0.1413640 0.2555306 0.1328970 0.1443839 0.1062604 0.2054656 0.1746581 0.1738642 0.1786206 0.2072429 0.2816158 0.1964842 0.1798242 0.1686016 0.1284113 0.1490347 0.1332147 0.1390908 0.1294818 0.1295520 0.1652603 0.1337885 0.1917650 0.2989143 0.1382101 0.2791090 0.1545935 0.1330736 0.1277586 0.1280180 0.1741792 0.1212318 0.1379650 0.1312366 
S0400         0.4780358 0.2770827 0.3354571 0.0901344 0.0924885 0.0866182 0.1756018 0.0560925 0.0376377 0.1221006 0.1049977 0.0085146 0.1068552 0.0465044 0.0426710 0.0627861 0.2696954 0.1114537 0.0945162 0.1199896 0.1204682 0.0831417 0.1191825 0.0000000 0.0084472 0.0729395 0.1462333 0.0672208 0.0785010 0.1028505 0.1065871 0.0826539 0.0688016 0.1503105 0.1373952 0.0298894 0.0084981 0.1197524 0.0976855 0.0464185 0.0056344 0.0708293 0.1117354 0.1654087 0.0528678 0.1032262 0.0778928 0.0420375 0.0637073 0.0056007 0.0638979 0.0672825 0.1115928 0.0722757 0.0898014 0.0780223 0.0638381 0.1529741 0.0831650 0.0758298 0.0803525 0.0715740 0.0817355 0.1537917 0.0817396 0.0852257 0.1079832 0.0928885 0.0885622 0.1567939 0.0471177 0.1815355 0.0996178 0.0834593 0.0657688 0.1171712 0.1064799 0.0758952 0.1452308 0.0143573 0.0261613 0.0164739 0.1153211 0.0928962 0.0925622 0.1102814 0.1408520 0.1768483 0.1095085 0.1150733 0.0989680 0.0113112 0.0697950 0.0633178 0.0572975 0.0056272 0.0114438 0.0499866 0.0642680 0.0756899 0.1594835 0.0575172 0.1485004 0.0461486 0.0637073 0.0753838 0.0820286 0.0977247 0.0028208 0.0934007 0.0267343 
S0405         0.4775045 0.2710623 0.3286605 0.0902132 0.1001803 0.0828457 0.1757266 0.0527038 0.0457429 0.1304510 0.1090535 0.0172721 0.1108548 0.0566457 0.0519489 0.0662424 0.2695991 0.1237953 0.1062559 0.1200596 0.1331577 0.0945607 0.1284113 0.0084472 0.0000000 0.0730267 0.1551486 0.0779841 0.0896553 0.1148942 0.1191415 0.0939805 0.0651712 0.1637834 0.1505580 0.0394342 0.0085068 0.1323555 0.1098901 0.0430992 0.0142860 0.0822419 0.1241216 0.1606668 0.0527788 0.1153122 0.0871713 0.0517790 0.0743714 0.0141992 0.0745974 0.0780540 0.1159015 0.0834014 0.0935860 0.0896154 0.0673579 0.1528920 0.0945828 0.0832510 0.0910835 0.0790889 0.0934358 0.1492219 0.0929202 0.0915267 0.1178833 0.0892187 0.0926460 0.1521181 0.0573958 0.1765952 0.1043243 0.0910378 0.0768384 0.1253740 0.1146187 0.0871254 0.1407293 0.0233030 0.0353799 0.0233100 0.1194140 0.1048695 0.1044871 0.1224734 0.1496221 0.1862020 0.1136188 0.1274639 0.1108938 0.0142037 0.0810004 0.0739056 0.0678681 0.0142682 0.0114555 0.0602583 0.0750356 0.0757588 0.1743127 0.0681307 0.1485893 0.0561954 0.0743714 0.0895694 0.0897986 0.1056653 0.0114452 0.1054441 0.0361705 
S0412sl       0.4288102 0.3553139 0.3920276 0.1023492 0.1508498 0.1161214 0.2151260 0.0932537 0.0709927 0.1912337 0.1454721 0.0871565 0.1647000 0.0800824 0.0160966 0.1120174 0.5423903 0.1613689 0.1498754 0.1879143 0.1894497 0.1270835 0.2374066 0.0729395 0.0730267 0.0000000 0.1830562 0.0811809 0.1108808 0.1676118 0.1504421 0.1190543 0.1134951 0.2177965 0.2630046 0.1021683 0.0731008 0.1749952 0.1421065 0.0954492 0.0797134 0.1147283 0.1703452 0.1854549 0.0923514 0.1604366 0.1026554 0.0908337 0.0811809 0.0729395 0.0740592 0.0877025 0.1335039 0.1036951 0.1309040 0.1262595 0.0882751 0.1128245 0.1281758 0.1017307 0.0883964 0.0985336 0.1136547 0.2032894 0.0855741 0.1419697 0.2140344 0.1172029 0.1172376 0.1782964 0.0762800 0.1942496 0.1653905 0.1162634 0.1300803 0.1651635 0.1329982 0.1194242 0.1732484 0.0843847 0.0998938 0.0496455 0.1629338 0.1435026 0.1435026 0.1660931 0.2197487 0.2610829 0.1712844 0.1691188 0.1602417 0.0793568 0.1221405 0.0933526 0.0879332 0.0792331 0.0802607 0.0944172 0.1167670 0.0860938 0.3135918 0.0817431 0.2348588 0.0911042 0.0811809 0.1571847 0.1055426 0.1516277 0.0807221 0.1283979 0.0793257 
S0417         0.4146246 0.3217863 0.4029855 0.1631775 0.1278792 0.1775656 0.2734792 0.1728829 0.1303575 0.0971514 0.1471949 0.1619033 0.0690723 0.1181912 0.1747577 0.1443607 0.1626613 0.1734422 0.1596116 0.0705247 0.1660831 0.1436324 0.2092963 0.1462333 0.1551486 0.1830562 0.0000000 0.1318461 0.1450491 0.1589491 0.0446516 0.1453280 0.1735853 0.2053058 0.0890316 0.1613185 0.1565707 0.0764347 0.1205542 0.1488717 0.1564729 0.1253078 0.1644641 0.2510764 0.1548023 0.1595429 0.1708675 0.1624655 0.1275167 0.1461800 0.1279560 0.1272494 0.1412951 0.1300182 0.1604513 0.1034661 0.1423765 0.2400816 0.1397367 0.1290398 0.1500113 0.1405820 0.1390175 0.2475007 0.1875368 0.1123652 0.1903795 0.1146952 0.1266835 0.2409676 0.1170472 0.2857893 0.1402310 0.1295785 0.1673536 0.1726552 0.1940752 0.1477956 0.2420711 0.1584141 0.1209283 0.0979486 0.0912552 0.1236890 0.1232188 0.1624938 0.0407334 0.1015193 0.1531650 0.1643289 0.1538478 0.1459836 0.1256357 0.1547470 0.1411597 0.1522624 0.1624164 0.1712560 0.1411619 0.1939180 0.2785196 0.1229015 0.0805650 0.1210625 0.1275167 0.1176485 0.1340224 0.1188033 0.1432174 0.1436031 0.1484426 
S0419         0.4660028 0.2974061 0.3460430 0.0700070 0.0688001 0.0866762 0.2031678 0.0676288 0.0333540 0.1365463 0.0530258 0.0787365 0.1112678 0.0360315 0.0743345 0.0699631 0.2458013 0.0787995 0.0709340 0.1237019 0.0831200 0.0602177 0.1378879 0.0672208 0.0779841 0.0811809 0.1318461 0.0000000 0.0601239 0.0711280 0.0855277 0.0675794 0.0792104 0.0890448 0.1456305 0.0843366 0.0785706 0.1234093 0.0791019 0.0605256 0.0748051 0.0272625 0.0716467 0.1685069 0.0744141 0.0713865 0.0680900 0.0742956 0.0027890 0.0671965 0.0027962 0.0084435 0.0716271 0.0295935 0.0736105 0.0645148 0.0324729 0.1096035 0.0608680 0.0576366 0.0442623 0.0751263 0.0670540 0.1659328 0.0703109 0.0776108 0.0772106 0.0642062 0.0675390 0.1599248 0.0028689 0.1846274 0.0747760 0.0648439 0.0613883 0.0894770 0.1093921 0.0536581 0.1572688 0.0864105 0.0784282 0.0199679 0.1211633 0.0820913 0.0818103 0.0779646 0.1310394 0.1635444 0.0716840 0.0749244 0.0640757 0.0816002 0.0516766 0.0492527 0.0463657 0.0747323 0.0827585 0.0536302 0.0530413 0.0872837 0.1375774 0.0362110 0.1432664 0.0785775 0.0027890 0.0717549 0.0672786 0.0865327 0.0681291 0.0706141 0.0568377 
S0427         0.4268265 0.3004404 0.3283458 0.1013874 0.0987068 0.1168457 0.2089691 0.0815289 0.0628463 0.1734647 0.0994132 0.0905441 0.1340574 0.0527798 0.1086373 0.0599961 0.2993727 0.1093999 0.0925108 0.1458792 0.1143106 0.0745245 0.1133687 0.0785010 0.0896553 0.1108808 0.1450491 0.0601239 0.0000000 0.1009842 0.1028437 0.0948802 0.0950801 0.1244854 0.1580241 0.0862100 0.0903508 0.1470258 0.1050137 0.0963218 0.0789634 0.0661278 0.1017601 0.2321747 0.0999004 0.0936271 0.0823118 0.0892752 0.0566814 0.0784725 0.0568490 0.0601797 0.0832152 0.0712114 0.0996937 0.0850970 0.0637508 0.1481475 0.0867931 0.0723226 0.0800535 0.0849092 0.1036691 0.2119075 0.0902930 0.1251162 0.1001911 0.0719441 0.0753566 0.2224366 0.0469773 0.2515982 0.1028220 0.0883461 0.0754702 0.1313953 0.1180576 0.0761889 0.2131067 0.0985352 0.0861703 0.0415458 0.1466309 0.1001139 0.0997527 0.1043367 0.1418587 0.1883576 0.1036344 0.1051148 0.0933716 0.0933976 0.0847513 0.0589718 0.0637533 0.0863447 0.0947595 0.0762009 0.0670529 0.1051815 0.1507441 0.0570524 0.1278008 0.0863302 0.0566814 0.1064078 0.1040457 0.1050670 0.0795910 0.1077092 0.0677536 
S0430         0.4292572 0.2779594 0.3801109 0.1196132 0.1123031 0.1387257 0.2309960 0.0982235 0.0764492 0.1498748 0.1014545 0.1079215 0.1252130 0.0750223 0.1585297 0.1178423 0.2903833 0.0263468 0.0466574 0.1330408 0.0174429 0.0887083 0.1692462 0.1028505 0.1148942 0.1676118 0.1589491 0.0711280 0.1009842 0.0000000 0.1005958 0.1113820 0.1056305 0.0678028 0.1580191 0.1172184 0.1158449 0.1422936 0.1250439 0.0995388 0.1115464 0.0826353 0.0263712 0.1912494 0.1147986 0.0203311 0.1018396 0.1108182 0.0675603 0.1028131 0.0677647 0.0711930 0.1205291 0.0838526 0.0530822 0.1082687 0.0983209 0.0909784 0.1040230 0.1005019 0.0965837 0.1159208 0.1248300 0.1882655 0.1282875 0.0923392 0.0505041 0.1013400 0.0955096 0.1770629 0.0545633 0.2002083 0.1072045 0.1048589 0.0878235 0.0997885 0.1270407 0.0828958 0.1887783 0.1248200 0.1059968 0.0661599 0.1506363 0.1280830 0.1276079 0.0234300 0.1443560 0.1785067 0.0643803 0.0173003 0.0113907 0.1189245 0.0418020 0.0776140 0.0906924 0.1114560 0.1125499 0.0956080 0.0867412 0.1326942 0.1975382 0.0866258 0.1476474 0.1159140 0.0675603 0.0920800 0.1252978 0.1336060 0.0949911 0.1291013 0.0824786 
S0478         0.4012689 0.2856339 0.3361482 0.1060770 0.1065919 0.1333926 0.2465084 0.1296576 0.0948680 0.0626030 0.1012393 0.1204427 0.0343710 0.0699513 0.1569043 0.0968318 0.1613756 0.1129869 0.1099776 0.0598445 0.1143239 0.0924625 0.1567733 0.1065871 0.1191415 0.1504421 0.0446516 0.0855277 0.1028437 0.1005958 0.0000000 0.0974962 0.1233409 0.1354555 0.0515123 0.1188582 0.1158684 0.0409521 0.0898728 0.0953954 0.1156735 0.0812393 0.1050778 0.1965341 0.1152466 0.1009695 0.1205725 0.1065463 0.0816850 0.1065472 0.0819469 0.0815209 0.1002470 0.0829821 0.1060199 0.0785375 0.1067253 0.1534380 0.0862762 0.0798616 0.0791340 0.1108947 0.0858983 0.1983174 0.1153804 0.0960977 0.1315449 0.0842059 0.0912641 0.1968707 0.0714595 0.2429399 0.1015796 0.0790737 0.1163452 0.1223822 0.1436075 0.0908817 0.2046550 0.1069462 0.0903899 0.0729026 0.0508952 0.0938029 0.0934628 0.1048632 0.0338635 0.0767327 0.1115021 0.1091551 0.0963648 0.1107266 0.0816152 0.0976065 0.0858439 0.1069443 0.1167093 0.1131471 0.0896809 0.1380959 0.2063125 0.0776695 0.0801815 0.0860699 0.0816850 0.0616407 0.0862088 0.1027060 0.0985653 0.0898349 0.0983174 
S0552sl       0.4815293 0.3486800 0.3663046 0.1061406 0.1219851 0.1300500 0.2212220 0.0942939 0.0730875 0.1434941 0.1015180 0.0949234 0.1066557 0.0561740 0.0969890 0.0941890 0.2654884 0.1202375 0.1233109 0.1633843 0.1254713 0.0950411 0.1801444 0.0826539 0.0939805 0.1190543 0.1453280 0.0675794 0.0948802 0.1113820 0.0974962 0.0000000 0.1272163 0.1335343 0.1458696 0.1130907 0.0947193 0.1278327 0.0891667 0.0917402 0.0907226 0.0710746 0.1122700 0.1829211 0.1070198 0.1117891 0.0874186 0.1012866 0.0640461 0.0860756 0.0642386 0.0676417 0.0652716 0.0617360 0.1018104 0.0813385 0.0783001 0.1371663 0.0298962 0.0338385 0.0260775 0.1054956 0.1059679 0.1707745 0.0982037 0.1103596 0.1274933 0.0552537 0.0585324 0.1820255 0.0507727 0.1947280 0.1044149 0.0335206 0.0810445 0.1157223 0.1372215 0.0715324 0.1665809 0.0994459 0.0903905 0.0572945 0.1317016 0.1001184 0.0997578 0.1188612 0.1399966 0.1664198 0.1141700 0.1201607 0.1034127 0.0901140 0.0782803 0.0670333 0.0566537 0.0871339 0.0992216 0.0878747 0.0705946 0.1261859 0.1790898 0.0638273 0.1561792 0.0905563 0.0640461 0.0592578 0.1063617 0.1050606 0.0833630 0.1101128 0.0825094 
S0558         0.4732503 0.2997204 0.3331641 0.0879158 0.1099896 0.0877137 0.2295654 0.0729702 0.0549467 0.1412053 0.0942125 0.0731489 0.1301421 0.0755262 0.1267769 0.0825749 0.2936053 0.1098889 0.0990034 0.1448339 0.1192362 0.0822184 0.1528689 0.0688016 0.0651712 0.1134951 0.1735853 0.0792104 0.0950801 0.1056305 0.1233409 0.1272163 0.0000000 0.1440440 0.1687760 0.0813704 0.0693844 0.1407367 0.1265076 0.0588129 0.0765998 0.0874007 0.1101615 0.1745038 0.0766860 0.1020497 0.0912791 0.0926870 0.0755343 0.0687761 0.0757676 0.0755063 0.1280428 0.0884412 0.0988809 0.1054441 0.0684006 0.1417319 0.1195226 0.1115923 0.1089758 0.0906714 0.1013357 0.1549645 0.1034453 0.1249100 0.0920275 0.1149375 0.1187950 0.1657694 0.0626795 0.1813774 0.1100589 0.1203509 0.0893699 0.1231989 0.1222242 0.1035365 0.1654329 0.0885418 0.0878709 0.0429825 0.1361587 0.1211837 0.1207333 0.1050948 0.1724555 0.1973937 0.0972990 0.1057529 0.1015136 0.0760883 0.0752198 0.0824478 0.0923808 0.0765238 0.0661765 0.0814790 0.0923773 0.0944421 0.1957290 0.0719137 0.1547664 0.1054098 0.0755343 0.0613569 0.0976555 0.1221457 0.0697556 0.1135604 0.0811927 
S0616         0.4882541 0.3591968 0.4259958 0.1485837 0.1263385 0.1747818 0.2904788 0.1262690 0.1278399 0.1704238 0.1115281 0.1564718 0.1396567 0.1140506 0.1911560 0.1298498 0.2978465 0.0828327 0.0910322 0.1666123 0.0796979 0.1310089 0.2077230 0.1503105 0.1637834 0.2177965 0.2053058 0.0890448 0.1244854 0.0678028 0.1354555 0.1335343 0.1440440 0.0000000 0.1694187 0.1278791 0.1652533 0.1620627 0.1544447 0.1491762 0.1603237 0.0977152 0.0829551 0.2158500 0.1571282 0.0716472 0.1533700 0.1454524 0.0853333 0.1502577 0.0819048 0.0891228 0.1502676 0.0985045 0.0604389 0.1450742 0.1136825 0.1328493 0.1215609 0.1222460 0.1162594 0.1096902 0.1518775 0.2063115 0.1427217 0.0995759 0.0972815 0.1362022 0.1402052 0.1907058 0.0793614 0.2143517 0.1249788 0.1310968 0.1074671 0.1022620 0.1543925 0.1336878 0.2024275 0.1755596 0.1421812 0.0950662 0.1707618 0.1667825 0.1661259 0.0746244 0.1836446 0.2006195 0.0643466 0.0713882 0.0678776 0.1682712 0.0491071 0.1127476 0.1156131 0.1602251 0.1618936 0.1343513 0.1317745 0.1596369 0.2252724 0.1161390 0.2034784 0.1424037 0.0853333 0.1028549 0.1524669 0.1618019 0.1526914 0.1474305 0.1374115 
S0624         0.3761653 0.3481851 0.4195286 0.1671960 0.1269191 0.1905289 0.2861344 0.1614207 0.1455910 0.0329418 0.1572052 0.1368875 0.0364716 0.1281590 0.2318193 0.1397601 0.1311027 0.1623069 0.1656813 0.0582595 0.1685058 0.1303386 0.2113255 0.1373952 0.1505580 0.2630046 0.0890316 0.1456305 0.1580241 0.1580191 0.0515123 0.1458696 0.1687760 0.1694187 0.0000000 0.1406166 0.1429632 0.0295558 0.1237839 0.1526283 0.1382859 0.1269752 0.1593863 0.2378231 0.1516373 0.1494593 0.1895734 0.1578461 0.1412878 0.1373462 0.1417693 0.1369833 0.1343342 0.1312691 0.1274895 0.1122110 0.1660182 0.2444643 0.1382685 0.1363450 0.1588198 0.1539415 0.1443063 0.2506569 0.1812723 0.1570260 0.1680058 0.1326724 0.1451279 0.2354563 0.1310328 0.2816257 0.1227825 0.1305118 0.1433760 0.1697942 0.1611445 0.1469833 0.2453480 0.1578425 0.1131846 0.1210559 0.0455273 0.1267915 0.1263269 0.1615387 0.0647155 0.0392423 0.1418012 0.1726145 0.1489649 0.1375069 0.1073711 0.1518853 0.1430497 0.1430723 0.1299242 0.1535338 0.1426959 0.1898773 0.2884001 0.1368154 0.1037239 0.1261669 0.1412878 0.0578876 0.1448663 0.1224196 0.1344482 0.1441180 0.1353597 
