79
HYZL        0.0000000 0.1103794 0.4206795 0.4542048 0.3755752 0.5154795 0.3596341 0.4739109 0.3472638 0.4075945 0.3519485 0.3849818 0.3861819 0.4426427 0.4080417 0.3374454 0.3450168 0.4109337 0.3462413 0.3491721 0.3948509 0.3371238 0.3374454 0.3486089 0.3378805 0.3492290 0.4329605 0.5274368 0.3349900 0.3759287 0.3568491 0.4392229 0.3859179 0.4392229 0.4098840 0.3654858 0.3517136 0.3772602 0.3661654 0.3750477 0.3491721 0.3989357 0.4703096 0.2740929 0.4387589 0.3565844 0.3069293 0.4174592 0.3169288 0.3569502 0.3477430 0.3977684 0.4670972 0.3169288 0.3262889 0.3178910 0.3201819 0.3317968 0.3372924 0.3300958 0.3402511 0.3703013 0.3623068 0.3637790 0.4626533 0.3262889 0.3130592 0.3850440 0.4733633 0.3771965 0.2913080 0.4053977 0.4488729 0.3104178 0.4628780 0.4553917 0.3895855 0.3693227 0.4926091 
MYZV        0.1103794 0.0000000 0.5065397 0.5761590 0.5093162 0.6205465 0.4614360 0.6039625 0.4997082 0.5714464 0.4303136 0.3953364 0.4217589 0.5014117 0.5797407 0.4860130 0.4470143 0.5836811 0.4949152 0.4403474 0.5338453 0.4818983 0.4860130 0.4003580 0.4879304 0.5029593 0.5464657 0.6005014 0.4008225 0.5070720 0.5109813 0.4981125 0.5493367 0.4981125 0.5199796 0.4432007 0.4214129 0.4547351 0.4210680 0.4280510 0.4403474 0.5577727 0.4814870 0.3135149 0.4505704 0.4502537 0.3682489 0.4744173 0.3805975 0.4249014 0.4207124 0.5645399 0.4798134 0.3805975 0.4696714 0.4614360 0.4131167 0.3946652 0.4470357 0.3615231 0.3727436 0.3812553 0.5191841 0.4409649 0.4519778 0.4696714 0.4318461 0.5492380 0.5373444 0.5370610 0.3936488 0.5146222 0.5684294 0.4970899 0.5239820 0.4643931 0.4430665 0.5287482 0.5293386 
SRR6441723  0.4206795 0.5065397 0.0000000 0.2051678 0.1698861 0.2588908 0.1928294 0.1359094 0.1954500 0.3171131 0.2699488 0.1342924 0.1012592 0.0930995 0.2038313 0.1762554 0.1723465 0.1746511 0.1113151 0.1488453 0.1415756 0.1540374 0.1762554 0.1691078 0.1433706 0.1959957 0.1416227 0.2562427 0.1823789 0.1924252 0.1777133 0.1073363 0.2114687 0.1073363 0.1156486 0.1506129 0.2067333 0.1160583 0.1177002 0.1499396 0.1488453 0.3088186 0.1326040 0.1635825 0.1557445 0.1318603 0.1632687 0.0954451 0.1968886 0.1637989 0.0801005 0.1934636 0.1417669 0.1968886 0.1578954 0.1928294 0.2046021 0.1424197 0.1719312 0.1088012 0.0971040 0.0967453 0.1967745 0.1500227 0.1163618 0.1578954 0.1455564 0.1733663 0.1383273 0.2089906 0.1226194 0.1313392 0.1308506 0.1951423 0.1196947 0.1638975 0.1729347 0.2119803 0.1330961 
ERR2789774  0.4542048 0.5761590 0.2051678 0.0000000 0.0766347 0.2454647 0.0680100 0.2042067 0.1026780 0.1309624 0.3106421 0.2424490 0.1757162 0.2171402 0.0995311 0.0787036 0.0774482 0.0889847 0.0887764 0.2097728 0.0561712 0.0901988 0.0787036 0.2427271 0.0567575 0.0910779 0.1931299 0.3957639 0.1474957 0.0788795 0.0792619 0.1998855 0.0793101 0.1998855 0.1774869 0.2194995 0.2408522 0.1828837 0.2181118 0.2448321 0.2097728 0.1626012 0.2006358 0.1579300 0.1739830 0.1754359 0.1309278 0.1851252 0.1607021 0.2455632 0.1749241 0.1014374 0.1921570 0.1607021 0.0670114 0.0900377 0.1974049 0.2109547 0.2095013 0.2200193 0.2058773 0.2270261 0.0914124 0.2041948 0.2072572 0.0670114 0.0690170 0.0777860 0.2316214 0.1127973 0.2092366 0.1748945 0.1957574 0.0907582 0.2154779 0.2062113 0.2472684 0.1023924 0.1846117 
S0055       0.3755752 0.5093162 0.1698861 0.0766347 0.0000000 0.2092563 0.0468206 0.1268201 0.0575946 0.1168264 0.2219275 0.1771463 0.1440528 0.1690573 0.0559891 0.0368554 0.0363331 0.0463719 0.0462443 0.1486611 0.0175027 0.0469228 0.0368554 0.1923328 0.0177682 0.0472984 0.1608619 0.3624492 0.1197318 0.0370654 0.0371105 0.1683498 0.0572822 0.1683498 0.1462725 0.1584692 0.2062926 0.1278149 0.1576513 0.1786864 0.1486611 0.1596495 0.1984980 0.1299717 0.1579423 0.1457676 0.1048054 0.1544318 0.1321544 0.1791655 0.1192615 0.0569771 0.1078860 0.1321544 0.0269467 0.0468206 0.1535588 0.2068060 0.1576022 0.1707199 0.1722155 0.1912530 0.0474710 0.1578671 0.1471203 0.0269467 0.0277042 0.0177439 0.1427515 0.0672033 0.1593183 0.1055478 0.1220029 0.0471410 0.1829674 0.2039571 0.1957390 0.0574278 0.1685418 
S0281       0.5154795 0.6205465 0.2588908 0.2454647 0.2092563 0.0000000 0.2347341 0.2121580 0.2570654 0.2940927 0.2320138 0.1691199 0.1690745 0.1804188 0.2804871 0.2353715 0.2298936 0.2311258 0.1754001 0.2283079 0.2087487 0.2535889 0.2353715 0.2200767 0.2134113 0.2578543 0.1292232 0.3089734 0.2367432 0.2390873 0.2372344 0.1220565 0.2559242 0.1220565 0.1318731 0.1973290 0.2783091 0.1704729 0.1961900 0.2488930 0.2283079 0.3064295 0.1509130 0.2473538 0.1531353 0.1921877 0.2151612 0.1336566 0.2520501 0.2496462 0.1915502 0.2706581 0.1256900 0.2520501 0.2144407 0.2534779 0.2296910 0.2490191 0.2178811 0.1865886 0.1785581 0.1919347 0.2402451 0.1965747 0.2254517 0.2144407 0.2017466 0.2470351 0.1957844 0.2875644 0.2177153 0.2043951 0.2035870 0.2567227 0.1338309 0.1545551 0.2693332 0.2749565 0.1105068 
S0282       0.3596341 0.4614360 0.1928294 0.0680100 0.0468206 0.2347341 0.0000000 0.1766974 0.0272005 0.0928712 0.2482445 0.1638149 0.1347658 0.1603563 0.0681236 0.0274145 0.0270336 0.0579997 0.0578425 0.1560761 0.0467691 0.0372317 0.0274145 0.1939247 0.0277158 0.0178785 0.1664558 0.3137906 0.1107555 0.0481384 0.0276040 0.1740554 0.0270500 0.1740554 0.1512159 0.1790543 0.1924356 0.1211989 0.1780261 0.1652115 0.1560761 0.1327962 0.1544284 0.1097003 0.1374371 0.1518880 0.0958643 0.1595515 0.1115647 0.1656428 0.1368362 0.0470941 0.1526230 0.1115647 0.0178213 0.0371467 0.1742297 0.1928972 0.1579655 0.1771250 0.1634530 0.1827059 0.0376554 0.1783417 0.1670458 0.0178213 0.0183183 0.0474898 0.1911155 0.0474064 0.1607234 0.1489356 0.1693988 0.0373931 0.1893205 0.1957881 0.2038760 0.0271211 0.1742694 
S0292       0.4739109 0.6039625 0.1359094 0.2042067 0.1268201 0.2121580 0.1766974 0.0000000 0.1790362 0.2963022 0.2664962 0.1560627 0.1397966 0.1143489 0.1877010 0.1607268 0.1572611 0.1593401 0.0986483 0.1424737 0.1547399 0.1620534 0.1607268 0.1284615 0.1292249 0.1795144 0.1353651 0.3124186 0.1387356 0.1472647 0.1620534 0.1267812 0.1792803 0.1267812 0.1050135 0.1111431 0.1559237 0.1083739 0.1372369 0.1263128 0.1424737 0.2746919 0.1622386 0.1494545 0.1511490 0.1251231 0.1221814 0.1401024 0.1521291 0.1578425 0.0992431 0.1761620 0.0729417 0.1521291 0.1432428 0.1766974 0.1902599 0.1698641 0.1002711 0.1488296 0.1696545 0.1663917 0.1802376 0.1107179 0.1093692 0.1432428 0.1311467 0.1136227 0.0708815 0.1911727 0.1336761 0.0279313 0.0000024 0.1787433 0.1403156 0.1668156 0.1574899 0.1950139 0.1329558 
S0293       0.3472638 0.4997082 0.1954500 0.1026780 0.0575946 0.2570654 0.0272005 0.1790362 0.0000000 0.1190201 0.2372411 0.1658051 0.1672408 0.1791087 0.0695666 0.0279571 0.0369128 0.0694089 0.0583724 0.1580167 0.0575254 0.0476983 0.0279571 0.1963844 0.0378754 0.0182240 0.1862014 0.3672719 0.1533962 0.0701016 0.0377167 0.1934229 0.0369381 0.1934229 0.1701011 0.1812909 0.2266559 0.1225455 0.1523555 0.1672399 0.1580167 0.1628601 0.1867356 0.1517602 0.1677122 0.1537216 0.1359089 0.1782126 0.1545263 0.1676836 0.1384300 0.0579312 0.1845365 0.1545263 0.0273721 0.0378952 0.1763348 0.1953353 0.1447619 0.2127110 0.1981585 0.2197169 0.0482665 0.1805597 0.1691168 0.0273721 0.0281540 0.0584480 0.1935096 0.0583202 0.1494544 0.1506928 0.1715400 0.0381520 0.2094817 0.2333332 0.2408199 0.0276518 0.1936992 
S0294       0.4075945 0.5714464 0.3171131 0.1309624 0.1168264 0.2940927 0.0928712 0.2963022 0.1190201 0.0000000 0.3434111 0.2715024 0.2266551 0.2001008 0.1190526 0.0931323 0.0915474 0.1074014 0.1316726 0.2502696 0.1166250 0.1054783 0.0931323 0.3094296 0.0942925 0.1066031 0.2550255 0.3354829 0.1462789 0.1157382 0.0682389 0.2601915 0.1184030 0.2601915 0.2370597 0.2914595 0.2765667 0.2296910 0.2891876 0.2304215 0.2502696 0.0689322 0.3314051 0.1931237 0.2367623 0.2155302 0.1632418 0.2435563 0.1593496 0.2311016 0.2377893 0.1174824 0.2765613 0.1593496 0.0804418 0.1052996 0.2821767 0.2611293 0.2615541 0.2783409 0.2620761 0.2671225 0.1070057 0.2901625 0.2773558 0.0804418 0.0829711 0.1188414 0.2704558 0.1295922 0.2749442 0.2521753 0.2823705 0.1062128 0.2779404 0.3038846 0.3471857 0.0948200 0.2607222 
S0299       0.3519485 0.4303136 0.2699488 0.3106421 0.2219275 0.2320138 0.2482445 0.2664962 0.2372411 0.3434111 0.0000000 0.2118045 0.2043312 0.2346772 0.2033238 0.1918209 0.1953902 0.1963304 0.1720159 0.2363661 0.2363618 0.2206770 0.1918209 0.2052329 0.1930659 0.2109587 0.3222065 0.3216441 0.2008600 0.2220024 0.2323226 0.2983688 0.2686100 0.2983688 0.3027370 0.1769985 0.2447491 0.2072980 0.1657617 0.2593960 0.2363661 0.3536640 0.2838613 0.2112324 0.1855469 0.2314748 0.1816471 0.2814756 0.2150749 0.2576233 0.1775159 0.2469321 0.2248146 0.2150749 0.2100979 0.1773352 0.1014867 0.2581582 0.1936812 0.1889757 0.1793833 0.1928406 0.2352034 0.1763483 0.2040882 0.2100979 0.1976237 0.2266030 0.2452538 0.2630827 0.1443914 0.2290030 0.2550777 0.2100979 0.3165237 0.2915575 0.2359557 0.1961872 0.2505367 
S0308       0.3849818 0.3953364 0.1342924 0.2424490 0.1771463 0.1691199 0.1638149 0.1560627 0.1658051 0.2715024 0.2118045 0.0000000 0.0871656 0.1222637 0.2103856 0.1492459 0.1462842 0.1819670 0.1195901 0.1055954 0.1767505 0.1640097 0.1492459 0.1601621 0.1513110 0.1662049 0.1113847 0.2464240 0.1603142 0.1993961 0.1504005 0.0814326 0.1799531 0.0814326 0.0988683 0.0691373 0.1875719 0.1008558 0.0461840 0.1035621 0.1055954 0.3175824 0.0784295 0.1305793 0.1380760 0.0923351 0.1431050 0.0927272 0.1737731 0.0804772 0.1035619 0.1781079 0.1292293 0.1737731 0.1333809 0.1638149 0.1684957 0.1579695 0.1709775 0.0822117 0.0846252 0.0843195 0.1668390 0.0688983 0.0696027 0.1333809 0.1095215 0.1806794 0.1310689 0.1922089 0.1113235 0.1313417 0.1498995 0.1655421 0.0928307 0.1032554 0.2287231 0.1803683 0.0787019 
S0322       0.3861819 0.4217589 0.1012592 0.1757162 0.1440528 0.1690745 0.1347658 0.1397966 0.1672408 0.2266551 0.2043312 0.0871656 0.0000000 0.1066677 0.1472372 0.1492751 0.1460747 0.1200709 0.1029722 0.1310714 0.1437489 0.1652751 0.1492751 0.1456231 0.1043924 0.1676797 0.0936131 0.1214005 0.1335053 0.1495547 0.1505253 0.0769264 0.1826257 0.0769264 0.0818782 0.0763808 0.1519204 0.0982896 0.0731564 0.1182069 0.1310714 0.2693063 0.0626750 0.1308129 0.0624336 0.1015757 0.1163891 0.0890640 0.1475010 0.1323476 0.0645417 0.1651771 0.0858627 0.1475010 0.1321485 0.1347658 0.1866145 0.1731650 0.1354288 0.0000021 0.0000022 0.0000024 0.1505253 0.0760905 0.1153044 0.1321485 0.1352664 0.1469164 0.1129177 0.1801408 0.1209331 0.1316470 0.1339689 0.1669545 0.0891694 0.0758703 0.1326934 0.1527249 0.0624458 
S0335       0.4426427 0.5014117 0.0930995 0.2171402 0.1690573 0.1804188 0.1603563 0.1143489 0.1791087 0.2001008 0.2346772 0.1222637 0.1066677 0.0000000 0.2026240 0.1608372 0.1573748 0.1737539 0.1109826 0.1224151 0.1686775 0.1399524 0.1608372 0.1497553 0.1427791 0.1795859 0.1019063 0.2679833 0.1316941 0.1672421 0.1266380 0.0959651 0.1945653 0.0959651 0.0770176 0.1512611 0.1342721 0.0587085 0.1182327 0.0975092 0.1224151 0.1953385 0.1384065 0.1763912 0.1319588 0.0828353 0.1477374 0.1079606 0.1443141 0.1234981 0.0478979 0.1609524 0.1211404 0.1443141 0.1433731 0.1767749 0.2034601 0.1760072 0.1807875 0.1265214 0.1139952 0.1135483 0.1803073 0.1506676 0.0927767 0.1433731 0.1312875 0.1724877 0.1182111 0.1755282 0.1302676 0.1065474 0.1100332 0.1788165 0.1080961 0.1420270 0.1637096 0.1950374 0.0960142 
S0376       0.4080417 0.5797407 0.2038313 0.0995311 0.0559891 0.2804871 0.0681236 0.1877010 0.0695666 0.1190526 0.2033238 0.2103856 0.1472372 0.2026240 0.0000000 0.0364510 0.0565579 0.0470794 0.0672215 0.1795602 0.0559244 0.0682600 0.0364510 0.2435174 0.0368502 0.0467546 0.1949889 0.3739523 0.1478709 0.0680436 0.0578325 0.2017348 0.0794523 0.2017348 0.1791968 0.1894131 0.2762072 0.1555518 0.1757673 0.2123544 0.1795602 0.1908590 0.2343597 0.1583380 0.1612432 0.1759227 0.1312351 0.1868472 0.1611271 0.2129672 0.1472131 0.0789612 0.1927184 0.1611271 0.0466001 0.0462877 0.1979650 0.2422969 0.1887677 0.1899193 0.1761926 0.1800478 0.0691230 0.1886700 0.1775319 0.0466001 0.0479593 0.0567934 0.1735289 0.0898182 0.1716769 0.1592300 0.1800445 0.0466001 0.2174627 0.2409905 0.2480903 0.0369894 0.2020281 
S0400       0.3374454 0.4860130 0.1762554 0.0787036 0.0368554 0.2353715 0.0274145 0.1607268 0.0279571 0.0931323 0.1918209 0.1492459 0.1492751 0.1608372 0.0364510 0.0000000 0.0177446 0.0475412 0.0474075 0.1538191 0.0368180 0.0274795 0.0000010 0.1784065 0.0181814 0.0088014 0.1669688 0.3358672 0.1235925 0.0479642 0.0181104 0.1745678 0.0372451 0.1745678 0.1516878 0.1639343 0.2073256 0.1195758 0.1506773 0.1504787 0.1538191 0.1331704 0.2061750 0.1341680 0.1633452 0.1375189 0.1080110 0.1600291 0.1365055 0.1508551 0.1230837 0.0370726 0.1667740 0.1365055 0.0087735 0.0087231 0.1596337 0.1774447 0.1417610 0.1926878 0.1787298 0.1988343 0.0277810 0.1632891 0.1521511 0.0087735 0.0090137 0.0373691 0.1758192 0.0468549 0.1137460 0.1349111 0.1542014 0.0087735 0.1898680 0.2120691 0.2198462 0.0178013 0.1747836 
S0405       0.3450168 0.4470143 0.1723465 0.0774482 0.0363331 0.2298936 0.0270336 0.1572611 0.0369128 0.0915474 0.1953902 0.1462842 0.1460747 0.1573748 0.0565579 0.0177446 0.0000000 0.0468357 0.0467058 0.1506597 0.0362969 0.0270969 0.0177446 0.1478963 0.0179336 0.0272918 0.1632204 0.3261211 0.1212339 0.0472435 0.0178646 0.1707530 0.0367105 0.1707530 0.1483677 0.1605857 0.1748891 0.1173819 0.1597404 0.1217367 0.1506597 0.1306509 0.2014614 0.1316027 0.1600353 0.1348127 0.1060568 0.1565974 0.1338444 0.1478206 0.1207487 0.0365438 0.1633009 0.1338444 0.0086597 0.0270336 0.1310347 0.1737672 0.1568221 0.1883199 0.1747308 0.1941768 0.0273897 0.1599675 0.1230775 0.0086597 0.0088943 0.0368303 0.1722070 0.0461702 0.1423605 0.1323152 0.1510216 0.0272031 0.1856325 0.2070861 0.2147966 0.0368051 0.1709540 
S0412sl     0.4109337 0.5836811 0.1746511 0.0889847 0.0463719 0.2311258 0.0579997 0.1593401 0.0694089 0.1074014 0.1963304 0.1819670 0.1200709 0.1737539 0.0470794 0.0475412 0.0468357 0.0000000 0.0373201 0.1525707 0.0463216 0.0581222 0.0475412 0.2137011 0.0274719 0.0586210 0.1652846 0.3309153 0.1227157 0.0579345 0.0478771 0.1730071 0.0690319 0.1730071 0.1502390 0.1625883 0.2450618 0.1309228 0.1617180 0.1836003 0.1525707 0.1774180 0.2041607 0.1331925 0.1227238 0.1495234 0.1073106 0.1586574 0.1354884 0.1841088 0.1222167 0.0686290 0.1653711 0.1354884 0.0370471 0.0579997 0.1725235 0.2125791 0.1781927 0.1612107 0.1479150 0.1661920 0.0588384 0.1619557 0.1509375 0.0370471 0.0282676 0.0470273 0.1475533 0.0793022 0.1798321 0.1339226 0.1529440 0.0584194 0.1880961 0.2099237 0.2176533 0.0482877 0.1732162 
S0427       0.3462413 0.4949152 0.1113151 0.0887764 0.0462443 0.1754001 0.0578425 0.0986483 0.0583724 0.1316726 0.1720159 0.1195901 0.1029722 0.1109826 0.0672215 0.0474075 0.0467058 0.0373201 0.0000000 0.0949144 0.0461943 0.0579645 0.0474075 0.1463583 0.0273902 0.0584606 0.1019841 0.2646183 0.0934333 0.0577776 0.0477419 0.1105518 0.0688513 0.1105518 0.0893862 0.1045723 0.1730348 0.0790693 0.1041580 0.1204975 0.0949144 0.1771258 0.1366830 0.1033797 0.1050781 0.0932025 0.0800992 0.0982741 0.1050237 0.1207647 0.0702620 0.0684504 0.1061574 0.1050237 0.0369404 0.0578425 0.1142725 0.1455518 0.1091742 0.1249774 0.1290385 0.1285168 0.0586771 0.1041962 0.0940845 0.0369404 0.0281814 0.0468964 0.1152465 0.0791050 0.1143814 0.0806442 0.0950729 0.0582598 0.1233234 0.1402050 0.1487585 0.0690255 0.1106223 
S0552sl     0.3491721 0.4403474 0.1488453 0.2097728 0.1486611 0.2283079 0.1560761 0.1424737 0.1580167 0.2502696 0.2363661 0.1055954 0.1310714 0.1224151 0.1795602 0.1538191 0.1506597 0.1525707 0.0949144 0.0000000 0.1483577 0.1691485 0.1538191 0.1819470 0.1239679 0.1584032 0.0998832 0.2945544 0.1157895 0.1686313 0.1550416 0.1219396 0.1724770 0.1219396 0.0875816 0.1200634 0.1876457 0.0677946 0.0911831 0.0888463 0.0000010 0.2938225 0.1363744 0.1024301 0.1043577 0.0657566 0.1015171 0.1346951 0.1040419 0.0570895 0.0805026 0.1706876 0.1489661 0.1040419 0.1373073 0.1689507 0.1816926 0.1864396 0.1602540 0.1366895 0.1411403 0.1405664 0.1721772 0.1196152 0.0813140 0.1373073 0.1257300 0.1514903 0.1579924 0.1564496 0.1261446 0.1192383 0.1369117 0.1373073 0.1348891 0.1031395 0.2150353 0.1728926 0.1220278 
S0558       0.3948509 0.5338453 0.1415756 0.0561712 0.0175027 0.2087487 0.0467691 0.1547399 0.0575254 0.1166250 0.2363618 0.1767505 0.1437489 0.1686775 0.0559244 0.0368180 0.0362969 0.0463216 0.0461943 0.1483577 0.0000000 0.0468711 0.0368180 0.2073824 0.0177532 0.0472455 0.1604970 0.3612939 0.1195176 0.0467203 0.0370726 0.1679736 0.0572138 0.1679736 0.1459565 0.1581425 0.2376467 0.1275862 0.1573300 0.1782827 0.1483577 0.1593174 0.1980181 0.1297334 0.1576196 0.1454782 0.1046341 0.1541002 0.1319062 0.1787582 0.1190496 0.0569096 0.1334429 0.1319062 0.0269219 0.0467691 0.1668866 0.1777434 0.1724593 0.1851350 0.1718198 0.1907829 0.0474178 0.1575429 0.1468252 0.0269219 0.0276779 0.0364390 0.1695701 0.0671192 0.1743834 0.1304237 0.1487054 0.0470887 0.1825424 0.2034481 0.2111009 0.0573590 0.1681642 
S0641       0.3371238 0.4818983 0.1540374 0.0901988 0.0469228 0.2535889 0.0372317 0.1620534 0.0476983 0.1054783 0.2206770 0.1640097 0.1652751 0.1399524 0.0682600 0.0274795 0.0270969 0.0581222 0.0579645 0.1691485 0.0468711 0.0000000 0.0274795 0.1574178 0.0277821 0.0376046 0.1838715 0.2960419 0.1376371 0.0381930 0.0276698 0.1910589 0.0474344 0.1910589 0.1680523 0.1792423 0.1842253 0.1330364 0.1782133 0.1654073 0.1691485 0.1158345 0.2237398 0.1482922 0.1785182 0.1520886 0.1212339 0.1760995 0.1509286 0.1658389 0.1061024 0.0471963 0.1824050 0.1509286 0.0178646 0.0372317 0.1744156 0.1565759 0.1779879 0.2099751 0.1747308 0.1788406 0.0377424 0.1785287 0.1672421 0.0178646 0.0183640 0.0475947 0.1912924 0.0572589 0.1423605 0.1491332 0.1695971 0.0374791 0.2068390 0.2301871 0.2104178 0.0475580 0.1913241 
S0643       0.3374454 0.4860130 0.1762554 0.0787036 0.0368554 0.2353715 0.0274145 0.1607268 0.0279571 0.0931323 0.1918209 0.1492459 0.1492751 0.1608372 0.0364510 0.0000010 0.0177446 0.0475412 0.0474075 0.1538191 0.0368180 0.0274795 0.0000000 0.1784065 0.0181814 0.0088014 0.1669688 0.3358672 0.1235925 0.0479642 0.0181104 0.1745678 0.0372451 0.1745678 0.1516878 0.1639343 0.2073256 0.1195758 0.1506773 0.1504787 0.1538191 0.1331704 0.2061750 0.1341680 0.1633452 0.1375189 0.1080110 0.1600291 0.1365055 0.1508551 0.1230837 0.0370726 0.1667740 0.1365055 0.0087735 0.0087231 0.1596337 0.1774447 0.1417610 0.1926878 0.1787298 0.1988343 0.0277810 0.1632891 0.1521511 0.0087735 0.0090137 0.0373691 0.1758192 0.0468549 0.1137460 0.1349111 0.1542014 0.0087735 0.1898680 0.2120691 0.2198462 0.0178013 0.1747836 
S0673       0.3486089 0.4003580 0.1691078 0.2427271 0.1923328 0.2200767 0.1939247 0.1284615 0.1963844 0.3094296 0.2052329 0.1601621 0.1456231 0.1497553 0.2435174 0.1784065 0.1478963 0.2137011 0.1463583 0.1819470 0.2073824 0.1574178 0.1784065 0.0000000 0.1657011 0.1968966 0.1449289 0.1825342 0.1607076 0.2065573 0.1797832 0.1359030 0.1803414 0.1359030 0.1482883 0.1203008 0.0696567 0.1565491 0.1739581 0.1232317 0.1819470 0.2488748 0.1493846 0.1711235 0.1863844 0.1364649 0.1434943 0.1490594 0.1741551 0.1496249 0.1039187 0.1800900 0.1170653 0.1741551 0.1611212 0.1642139 0.1374428 0.0564471 0.0422235 0.1342506 0.1379141 0.1373688 0.1976249 0.1198522 0.1496249 0.1611212 0.1495382 0.1962480 0.1259975 0.1943275 0.0481121 0.1187219 0.1235178 0.1960969 0.1492876 0.1532514 0.0889380 0.2118057 0.1228066 
S0689       0.3378805 0.4879304 0.1433706 0.0567575 0.0177682 0.2134113 0.0277158 0.1292249 0.0378754 0.0942925 0.1930659 0.1513110 0.1043924 0.1427791 0.0368502 0.0181814 0.0179336 0.0274719 0.0273902 0.1239679 0.0177532 0.0277821 0.0181814 0.1657011 0.0000000 0.0279875 0.1340004 0.2993237 0.0842745 0.0276894 0.0183074 0.1421883 0.0376621 0.1421883 0.1199932 0.1205497 0.1942185 0.1050978 0.1333141 0.1525804 0.1239679 0.1214424 0.1711835 0.0944386 0.1336038 0.1215816 0.0710647 0.1287038 0.0959614 0.1529685 0.0839923 0.0374851 0.1361392 0.0959614 0.0088659 0.0181814 0.1297203 0.1647839 0.1281069 0.1434587 0.1307570 0.1477329 0.0280905 0.1200983 0.1227479 0.0088659 0.0091120 0.0180015 0.1453091 0.0473829 0.1325042 0.1073757 0.1242278 0.0278943 0.1562961 0.1758822 0.1685784 0.0377623 0.1423204 
S0690       0.3492290 0.5029593 0.1959957 0.0910779 0.0472984 0.2578543 0.0178785 0.1795144 0.0182240 0.1066031 0.2109587 0.1662049 0.1676797 0.1795859 0.0467546 0.0088014 0.0272918 0.0586210 0.0584606 0.1584032 0.0472455 0.0376046 0.0088014 0.1968966 0.0279875 0.0000000 0.1867238 0.3687495 0.1393601 0.0591786 0.0278734 0.1939533 0.0273085 0.1939533 0.1705587 0.1817488 0.2272842 0.1227994 0.1678116 0.1676483 0.1584032 0.1489721 0.1872244 0.1379156 0.1681211 0.1540842 0.1226425 0.1786851 0.1403917 0.1680948 0.1387384 0.0475780 0.1850136 0.1403917 0.0179871 0.0178785 0.1767632 0.1958426 0.1417610 0.2133275 0.1987183 0.2203800 0.0380374 0.1810135 0.1695347 0.0179871 0.0184937 0.0479834 0.1940066 0.0478975 0.1293203 0.1510387 0.1719736 0.0179871 0.2100766 0.2340449 0.2415404 0.0087142 0.1942322 
S0720       0.4329605 0.5464657 0.1416227 0.1931299 0.1608619 0.1292232 0.1664558 0.1353651 0.1862014 0.2550255 0.3222065 0.1113847 0.0936131 0.1019063 0.1949889 0.1669688 0.1632204 0.1652846 0.1019841 0.0998832 0.1604970 0.1838715 0.1669688 0.1449289 0.1340004 0.1867238 0.0000000 0.3118675 0.1764571 0.1590908 0.1683895 0.0182594 0.1852095 0.0182594 0.0000029 0.1467591 0.1968287 0.1096940 0.1124865 0.1307791 0.0998832 0.2677029 0.0615539 0.1877704 0.0960284 0.1006085 0.1569271 0.0277068 0.1914352 0.1177155 0.1004872 0.1999627 0.1141270 0.1914352 0.1486200 0.1836690 0.2160609 0.1724808 0.1325909 0.1021570 0.1054803 0.1050561 0.1874939 0.1461516 0.1142260 0.1486200 0.1522506 0.1642015 0.1242864 0.2160272 0.1213620 0.1304180 0.1298905 0.1486200 0.0277242 0.0499400 0.1758155 0.2029027 0.0286969 
S0724sl     0.5274368 0.6005014 0.2562427 0.3957639 0.3624492 0.3089734 0.3137906 0.3124186 0.3672719 0.3354829 0.3216441 0.2464240 0.1214005 0.2679833 0.3739523 0.3358672 0.3261211 0.3309153 0.2646183 0.2945544 0.3612939 0.2960419 0.3358672 0.1825342 0.2993237 0.3687495 0.3118675 0.0000000 0.1985949 0.3813493 0.3387955 0.2682590 0.3907015 0.2682590 0.2997616 0.1777932 0.2009950 0.2941803 0.2489918 0.2469716 0.2945544 0.3564789 0.2351681 0.1938632 0.2334912 0.2130563 0.1757823 0.2682590 0.2156462 0.2477975 0.2131109 0.3616490 0.1870438 0.2156462 0.3054574 0.3137906 0.3597468 0.1595906 0.1684672 0.1348490 0.1051157 0.0878459 0.3699044 0.1769821 0.3344615 0.3054574 0.2896665 0.3727521 0.2457050 0.3839759 0.2338528 0.2600800 0.2955420 0.3667464 0.2887227 0.2296400 0.2122049 0.3464661 0.2340488 
S0735       0.3349900 0.4008225 0.1823789 0.1474957 0.1197318 0.2367432 0.1107555 0.1387356 0.1533962 0.1462789 0.2008600 0.1603142 0.1335053 0.1316941 0.1478709 0.1235925 0.1212339 0.1227157 0.0934333 0.1157895 0.1195176 0.1376371 0.1235925 0.1607076 0.0842745 0.1393601 0.1764571 0.1985949 0.0000000 0.1238397 0.0946663 0.1650032 0.1526032 0.1650032 0.1613877 0.0929922 0.1550715 0.1387563 0.1421988 0.1570728 0.1157895 0.1492518 0.1802181 0.0274978 0.1565689 0.1272621 0.0088960 0.1513978 0.0087491 0.1307763 0.1054024 0.1511641 0.1190279 0.0087491 0.1088326 0.1107555 0.1516501 0.1291727 0.1239671 0.1391057 0.1437110 0.1431164 0.1399069 0.0926599 0.1318738 0.1088326 0.0978447 0.1218595 0.1540322 0.1647575 0.1284532 0.1164268 0.1334679 0.1388093 0.1792807 0.1628507 0.1355851 0.1529696 0.1651835 
S0742       0.3759287 0.5070720 0.1924252 0.0788795 0.0370654 0.2390873 0.0481384 0.1472647 0.0701016 0.1157382 0.2220024 0.1993961 0.1495547 0.1672421 0.0680436 0.0479642 0.0472435 0.0579345 0.0577776 0.1686313 0.0467203 0.0381930 0.0479642 0.2065573 0.0276894 0.0591786 0.1590908 0.3813493 0.1238397 0.0000000 0.0483063 0.1665498 0.0697163 0.1665498 0.1446904 0.1787140 0.2320623 0.1452353 0.1776914 0.2012637 0.1686313 0.1580323 0.2064333 0.1344176 0.1636046 0.1651787 0.1082386 0.1528002 0.1367602 0.2018463 0.1366072 0.0693041 0.1533298 0.1367602 0.0373555 0.0585431 0.1662468 0.2313425 0.1576476 0.1744934 0.1790076 0.1833316 0.0594002 0.1780047 0.1667354 0.0373555 0.0384491 0.0375846 0.1768380 0.0801165 0.1736390 0.1357171 0.1551448 0.0589730 0.1809850 0.2123275 0.1947803 0.0698950 0.1667354 
S0756       0.3568491 0.5109813 0.1777133 0.0792619 0.0371105 0.2372344 0.0276040 0.1620534 0.0377167 0.0682389 0.2323226 0.1504005 0.1505253 0.1266380 0.0578325 0.0181104 0.0178646 0.0478771 0.0477419 0.1550416 0.0370726 0.0276698 0.0181104 0.1797832 0.0183074 0.0278734 0.1683895 0.3387955 0.0946663 0.0483063 0.0000000 0.1759942 0.0375053 0.1759942 0.1529799 0.1652073 0.2089087 0.1204769 0.1643007 0.1516522 0.1550416 0.1040827 0.2078509 0.1351948 0.1646037 0.1385962 0.1088326 0.1613442 0.1064467 0.1520349 0.1240377 0.0373302 0.1680877 0.1064467 0.0088327 0.0276040 0.1608422 0.1788100 0.1619737 0.1942736 0.1802152 0.2005095 0.0279755 0.1645535 0.1533463 0.0088327 0.0090763 0.0376310 0.1771637 0.0471809 0.1465880 0.1359492 0.1554310 0.0277810 0.1914127 0.2138246 0.2216031 0.0376046 0.1762151 
S0760       0.4392229 0.4981125 0.1073363 0.1998855 0.1683498 0.1220565 0.1740554 0.1267812 0.1934229 0.2601915 0.2983688 0.0814326 0.0769264 0.0959651 0.2017348 0.1745678 0.1707530 0.1730071 0.1105518 0.1219396 0.1679736 0.1910589 0.1745678 0.1359030 0.1421883 0.1939533 0.0182594 0.2682590 0.1650032 0.1665498 0.1759942 0.0000000 0.1924459 0.0000010 0.0185789 0.1108463 0.1835248 0.1034964 0.0822041 0.1227337 0.1219396 0.2723947 0.0377334 0.1474371 0.1025492 0.0948097 0.1471548 0.0085719 0.1788750 0.1230125 0.0947145 0.2067065 0.1074023 0.1788750 0.1565104 0.1908698 0.1875934 0.1615200 0.1253847 0.0725185 0.0746656 0.0743933 0.1947155 0.1104239 0.1075007 0.1565104 0.1443278 0.1717500 0.1170360 0.2222972 0.1137797 0.1224379 0.1219723 0.1931209 0.0085759 0.0595916 0.1644544 0.2096678 0.0272987 
S0763       0.3859179 0.5493367 0.2114687 0.0793101 0.0572822 0.2559242 0.0270500 0.1792803 0.0369381 0.1184030 0.2686100 0.1799531 0.1826257 0.1945653 0.0794523 0.0372451 0.0367105 0.0690319 0.0688513 0.1724770 0.0572138 0.0474344 0.0372451 0.1803414 0.0376621 0.0273085 0.1852095 0.3907015 0.1526032 0.0697163 0.0375053 0.1924459 0.0000000 0.1924459 0.1691687 0.1959202 0.2096895 0.1353324 0.1947209 0.1815503 0.1724770 0.1488158 0.1705826 0.1509811 0.1674460 0.1677329 0.1352011 0.1772835 0.1537252 0.1480450 0.1518909 0.0576156 0.1994723 0.1537252 0.0272198 0.0473300 0.1612613 0.1793600 0.1261846 0.2291874 0.2143467 0.2368226 0.0479966 0.1951237 0.1835744 0.0272198 0.0279931 0.0581272 0.2082528 0.0580015 0.1469487 0.1643677 0.1717638 0.0476585 0.2084557 0.2147165 0.2576762 0.0368303 0.1767804 
S0770       0.4392229 0.4981125 0.1073363 0.1998855 0.1683498 0.1220565 0.1740554 0.1267812 0.1934229 0.2601915 0.2983688 0.0814326 0.0769264 0.0959651 0.2017348 0.1745678 0.1707530 0.1730071 0.1105518 0.1219396 0.1679736 0.1910589 0.1745678 0.1359030 0.1421883 0.1939533 0.0182594 0.2682590 0.1650032 0.1665498 0.1759942 0.0000010 0.1924459 0.0000000 0.0185789 0.1108463 0.1835248 0.1034964 0.0822041 0.1227337 0.1219396 0.2723947 0.0377334 0.1474371 0.1025492 0.0948097 0.1471548 0.0085719 0.1788750 0.1230125 0.0947145 0.2067065 0.1074023 0.1788750 0.1565104 0.1908698 0.1875934 0.1615200 0.1253847 0.0725185 0.0746656 0.0743933 0.1947155 0.1104239 0.1075007 0.1565104 0.1443278 0.1717500 0.1170360 0.2222972 0.1137797 0.1224379 0.1219723 0.1931209 0.0085759 0.0595916 0.1644544 0.2096678 0.0272987 
S0795       0.4098840 0.5199796 0.1156486 0.1774869 0.1462725 0.1318731 0.1512159 0.1050135 0.1701011 0.2370597 0.3027370 0.0988683 0.0818782 0.0770176 0.1791968 0.1516878 0.1483677 0.1502390 0.0893862 0.0875816 0.1459565 0.1680523 0.1516878 0.1482883 0.1199932 0.1705587 0.0000029 0.2997616 0.1613877 0.1446904 0.1529799 0.0185789 0.1691687 0.0185789 0.0000000 0.1325062 0.1653156 0.0854227 0.0998512 0.1037965 0.0875816 0.2496628 0.0627704 0.1726746 0.0968185 0.0881759 0.1427465 0.0281980 0.1759962 0.1043511 0.0760014 0.1679503 0.1166375 0.1759962 0.1341531 0.1678398 0.2004174 0.1765444 0.1359755 0.0915893 0.0945997 0.0942164 0.1712735 0.1319627 0.1013555 0.1341531 0.1373799 0.1492401 0.1137813 0.1832422 0.1230251 0.1168210 0.1009726 0.1341531 0.0282161 0.0508996 0.1646563 0.1863065 0.0292248 
S0888       0.3654858 0.4432007 0.1506129 0.2194995 0.1584692 0.1973290 0.1790543 0.1111431 0.1812909 0.2914595 0.1769985 0.0691373 0.0763808 0.1512611 0.1894131 0.1639343 0.1605857 0.1625883 0.1045723 0.1200634 0.1581425 0.1792423 0.1639343 0.1203008 0.1205497 0.1817488 0.1467591 0.1777932 0.0929922 0.1787140 0.1652073 0.1108463 0.1959202 0.1108463 0.1325062 0.0000000 0.1736098 0.1261134 0.0570820 0.1475866 0.1200634 0.2992287 0.1063490 0.0798974 0.1534599 0.1178232 0.0797369 0.1234999 0.1045204 0.1210967 0.0933307 0.1938039 0.0905196 0.1045204 0.1472878 0.1500644 0.1376202 0.1448044 0.1085694 0.0720352 0.0741524 0.0738849 0.1824357 0.0179717 0.1058960 0.1472878 0.1358365 0.1614641 0.1273519 0.2083386 0.1137811 0.0918574 0.1070588 0.1810135 0.1236714 0.1349596 0.1479793 0.1963686 0.1067395 
S0894       0.3517136 0.4214129 0.2067333 0.2408522 0.2062926 0.2783091 0.1924356 0.1559237 0.2266559 0.2765667 0.2447491 0.1875719 0.1519204 0.1342721 0.2762072 0.2073256 0.1748891 0.2450618 0.1730348 0.1876457 0.2376467 0.1842253 0.2073256 0.0696567 0.1942185 0.2272842 0.1968287 0.2009950 0.1550715 0.2320623 0.2089087 0.1835248 0.2096895 0.1835248 0.1653156 0.1736098 0.0000000 0.1554046 0.2019914 0.0944207 0.1876457 0.2214494 0.1842022 0.1651447 0.2038284 0.1317602 0.1386837 0.1982557 0.1679587 0.1443741 0.1031791 0.1787025 0.1612847 0.1679587 0.1886817 0.1924356 0.1829472 0.0998086 0.1257634 0.1568789 0.1577654 0.1571003 0.2280903 0.1729397 0.1770318 0.1886817 0.1768213 0.2105454 0.1701234 0.1928358 0.0982545 0.1574561 0.1497841 0.2263485 0.1986162 0.1662939 0.1194322 0.2428835 0.1687461 
S0906       0.3772602 0.4547351 0.1160583 0.1828837 0.1278149 0.1704729 0.1211989 0.1083739 0.1225455 0.2296910 0.2072980 0.1008558 0.0982896 0.0587085 0.1555518 0.1195758 0.1173819 0.1309228 0.0790693 0.0677946 0.1275862 0.1330364 0.1195758 0.1565491 0.1050978 0.1227994 0.1096940 0.2941803 0.1387563 0.1452353 0.1204769 0.1034964 0.1353324 0.1034964 0.0854227 0.1261134 0.1554046 0.0000000 0.0979053 0.0788634 0.0677946 0.2706145 0.1164812 0.1246423 0.0881161 0.0662631 0.1235047 0.1151747 0.1266401 0.1017463 0.0460282 0.1197090 0.1280448 0.1266401 0.1054475 0.1328428 0.1588247 0.1820093 0.1200239 0.1167677 0.1202949 0.1198435 0.1351369 0.1256632 0.0773949 0.1054475 0.0948361 0.1300410 0.1124067 0.1075087 0.1220737 0.1013718 0.1044967 0.1341106 0.0915622 0.1306962 0.1708265 0.1356573 0.1035530 
S0952       0.3661654 0.4210680 0.1177002 0.2181118 0.1576513 0.1961900 0.1780261 0.1372369 0.1523555 0.2891876 0.1657617 0.0461840 0.0731564 0.1182327 0.1757673 0.1506773 0.1597404 0.1617180 0.1041580 0.0911831 0.1573300 0.1782133 0.1506773 0.1739581 0.1333141 0.1678116 0.1124865 0.2489918 0.1421988 0.1776914 0.1643007 0.0822041 0.1947209 0.0822041 0.0998512 0.0570820 0.2019914 0.0979053 0.0000000 0.1155198 0.0911831 0.3369997 0.0791473 0.1266832 0.0997965 0.0896056 0.1264471 0.0935997 0.1548308 0.0918359 0.0895308 0.1771525 0.1135262 0.1548308 0.1465497 0.1653787 0.1380438 0.2006786 0.1525665 0.0691700 0.0711150 0.0708696 0.1813589 0.0568912 0.0788328 0.1465497 0.1351809 0.1606072 0.1524581 0.1911798 0.1124225 0.1152761 0.1320795 0.1671380 0.0937055 0.1042114 0.2052131 0.1820939 0.0794244 
S0959       0.3750477 0.4280510 0.1499396 0.2448321 0.1786864 0.2488930 0.1652115 0.1263128 0.1672399 0.2304215 0.2593960 0.1035621 0.1182069 0.0975092 0.2123544 0.1504787 0.1217367 0.1836003 0.1204975 0.0888463 0.1782827 0.1654073 0.1504787 0.1232317 0.1525804 0.1676483 0.1307791 0.2469716 0.1570728 0.2012637 0.1516522 0.1227337 0.1815503 0.1227337 0.1037965 0.1475866 0.0944207 0.0788634 0.1155198 0.0000000 0.0888463 0.2715806 0.1495544 0.1672954 0.1550779 0.0465265 0.1403557 0.1356216 0.1701946 0.0563963 0.0809044 0.1383235 0.1634883 0.1701946 0.1344292 0.1652115 0.2004008 0.1431595 0.1584943 0.1376499 0.1421787 0.1415943 0.1682926 0.1470192 0.0935800 0.1344292 0.1231041 0.1482562 0.1446741 0.1516903 0.1107269 0.1323580 0.1369883 0.1669735 0.1358194 0.1337920 0.1850702 0.1819722 0.1228240 
S0960       0.3491721 0.4403474 0.1488453 0.2097728 0.1486611 0.2283079 0.1560761 0.1424737 0.1580167 0.2502696 0.2363661 0.1055954 0.1310714 0.1224151 0.1795602 0.1538191 0.1506597 0.1525707 0.0949144 0.0000010 0.1483577 0.1691485 0.1538191 0.1819470 0.1239679 0.1584032 0.0998832 0.2945544 0.1157895 0.1686313 0.1550416 0.1219396 0.1724770 0.1219396 0.0875816 0.1200634 0.1876457 0.0677946 0.0911831 0.0888463 0.0000000 0.2938225 0.1363744 0.1024301 0.1043577 0.0657566 0.1015171 0.1346951 0.1040419 0.0570895 0.0805026 0.1706876 0.1489661 0.1040419 0.1373073 0.1689507 0.1816926 0.1864396 0.1602540 0.1366895 0.1411403 0.1405664 0.1721772 0.1196152 0.0813140 0.1373073 0.1257300 0.1514903 0.1579924 0.1564496 0.1261446 0.1192383 0.1369117 0.1373073 0.1348891 0.1031395 0.2150353 0.1728926 0.1220278 
S1052sl     0.3989357 0.5577727 0.3088186 0.1626012 0.1596495 0.3064295 0.1327962 0.2746919 0.1628601 0.0689322 0.3536640 0.3175824 0.2693063 0.1953385 0.1908590 0.1331704 0.1306509 0.1774180 0.1771258 0.2938225 0.1593174 0.1158345 0.1331704 0.2488748 0.1214424 0.1489721 0.2677029 0.3564789 0.1492518 0.1580323 0.1040827 0.2723947 0.1488158 0.2723947 0.2496628 0.2992287 0.2214494 0.2706145 0.3369997 0.2715806 0.2938225 0.0000000 0.3649050 0.1975037 0.2910930 0.2554218 0.1667419 0.2557275 0.1626661 0.2724221 0.1992510 0.1605192 0.3239097 0.1626661 0.1183502 0.1204217 0.2738567 0.2073584 0.2544235 0.3249586 0.2781314 0.2835109 0.1495369 0.2978662 0.3246285 0.1183502 0.1223323 0.1626891 0.3539508 0.1739396 0.2378302 0.2961966 0.2794060 0.1483958 0.2902132 0.3348825 0.3177364 0.1624290 0.2883821 
S1083       0.4703096 0.4814870 0.1326040 0.2006358 0.1984980 0.1509130 0.1544284 0.1622386 0.1867356 0.3314051 0.2838613 0.0784295 0.0626750 0.1384065 0.2343597 0.2061750 0.2014614 0.2041607 0.1366830 0.1363744 0.1980181 0.2237398 0.2061750 0.1493846 0.1711835 0.1872244 0.0615539 0.2351681 0.1802181 0.2064333 0.2078509 0.0377334 0.1705826 0.0377334 0.0627704 0.1063490 0.1842022 0.1164812 0.0791473 0.1495544 0.1363744 0.3649050 0.0000000 0.1495063 0.0922382 0.1192715 0.1614467 0.0477381 0.1815165 0.1499262 0.1190822 0.2402868 0.0919170 0.1815165 0.1864477 0.2235849 0.2021718 0.1755934 0.1229857 0.0592570 0.0609251 0.0607142 0.2282310 0.1059601 0.1327808 0.1864477 0.1738702 0.2026829 0.1422937 0.2420438 0.1270488 0.1490933 0.1556004 0.2263774 0.0477753 0.0374544 0.1795901 0.2023055 0.0271066 
S1100       0.2740929 0.3135149 0.1635825 0.1579300 0.1299717 0.2473538 0.1097003 0.1494545 0.1517602 0.1931237 0.2112324 0.1305793 0.1308129 0.1763912 0.1583380 0.1341680 0.1316027 0.1331925 0.1033797 0.1024301 0.1297334 0.1482922 0.1341680 0.1711235 0.0944386 0.1379156 0.1877704 0.1938632 0.0274978 0.1344176 0.1351948 0.1474371 0.1509811 0.1474371 0.1726746 0.0798974 0.1651447 0.1246423 0.1266832 0.1672954 0.1024301 0.1975037 0.1495063 0.0000000 0.1413612 0.1371425 0.0177586 0.1345068 0.0181250 0.1409366 0.1153979 0.1618402 0.1292077 0.0181250 0.1191747 0.1212825 0.1359929 0.1268673 0.1216718 0.1227673 0.1266773 0.1261756 0.1507459 0.0796199 0.1294674 0.1191747 0.1073547 0.1322812 0.1511975 0.1484407 0.1393784 0.1263868 0.1438260 0.1495854 0.1609609 0.1733740 0.1460749 0.1513414 0.1758780 
S1102       0.4387589 0.4505704 0.1557445 0.1739830 0.1579423 0.1531353 0.1374371 0.1511490 0.1677122 0.2367623 0.1855469 0.1380760 0.0624336 0.1319588 0.1612432 0.1633452 0.1600353 0.1227238 0.1050781 0.1043577 0.1576196 0.1785182 0.1633452 0.1863844 0.1336038 0.1681211 0.0960284 0.2334912 0.1565689 0.1636046 0.1646037 0.1025492 0.1674460 0.1025492 0.0968185 0.1534599 0.2038284 0.0881161 0.0997965 0.1550779 0.1043577 0.2910930 0.0922382 0.1413612 0.0000000 0.1257646 0.1400046 0.1140745 0.1437356 0.1554495 0.1016698 0.1774563 0.1149847 0.1437356 0.1468432 0.1783312 0.1654924 0.2133108 0.1662156 0.0813785 0.0837313 0.0834335 0.1816700 0.1528981 0.1268914 0.1468432 0.1358608 0.1609037 0.1395801 0.1636085 0.1642854 0.1421179 0.1454192 0.1802643 0.1142146 0.1052938 0.2022873 0.1542247 0.0911560 
S1129sl     0.3565844 0.4502537 0.1318603 0.1754359 0.1457676 0.1921877 0.1518880 0.1251231 0.1537216 0.2155302 0.2314748 0.0923351 0.1015757 0.0828353 0.1759227 0.1375189 0.1348127 0.1495234 0.0932025 0.0657566 0.1454782 0.1520886 0.1375189 0.1364649 0.1215816 0.1540842 0.1006085 0.2130563 0.1272621 0.1651787 0.1385962 0.0948097 0.1677329 0.0948097 0.0881759 0.1178232 0.1317602 0.0662631 0.0896056 0.0465265 0.0657566 0.2554218 0.1192715 0.1371425 0.1257646 0.0000000 0.1124925 0.1066591 0.1393780 0.0465919 0.0791183 0.1534442 0.1319844 0.1393780 0.1220289 0.1518880 0.1782221 0.1309682 0.1255533 0.1081741 0.1115219 0.1110942 0.1546855 0.1055876 0.0907995 0.1220289 0.1108170 0.1484812 0.1409692 0.1672645 0.1111966 0.1042287 0.1204231 0.1534666 0.1067907 0.1053295 0.1797148 0.1681301 0.0948569 
S1148       0.3069293 0.3682489 0.1632687 0.1309278 0.1048054 0.2151612 0.0958643 0.1221814 0.1359089 0.1632418 0.1816471 0.1431050 0.1163891 0.1477374 0.1312351 0.1080110 0.1060568 0.1073106 0.0800992 0.1015171 0.1046341 0.1212339 0.1080110 0.1434943 0.0710647 0.1226425 0.1569271 0.1757823 0.0088960 0.1082386 0.1088326 0.1471548 0.1352011 0.1471548 0.1427465 0.0797369 0.1386837 0.1235047 0.1264471 0.1403557 0.1015171 0.1667419 0.1614467 0.0177586 0.1400046 0.1124925 0.0000000 0.1342437 0.0179905 0.1154400 0.0914682 0.1340344 0.1042186 0.0179905 0.0942805 0.0958643 0.1357474 0.1141140 0.1069011 0.1225224 0.1264189 0.1259191 0.1231172 0.0794604 0.1164040 0.0942805 0.0837224 0.1065776 0.1377623 0.1469313 0.1121221 0.1020445 0.1177121 0.1221738 0.1606570 0.1453497 0.1195268 0.1355265 0.1472904 
S1177       0.4174592 0.4744173 0.0954451 0.1851252 0.1544318 0.1336566 0.1595515 0.1401024 0.1782126 0.2435563 0.2814756 0.0927272 0.0890640 0.1079606 0.1868472 0.1600291 0.1565974 0.1586574 0.0982741 0.1346951 0.1541002 0.1760995 0.1600291 0.1490594 0.1287038 0.1786851 0.0277068 0.2682590 0.1513978 0.1528002 0.1613442 0.0085719 0.1772835 0.0085719 0.0281980 0.1234999 0.1982557 0.1151747 0.0935997 0.1356216 0.1346951 0.2557275 0.0477381 0.1345068 0.1140745 0.1066591 0.1342437 0.0000000 0.1650032 0.1359431 0.1065223 0.1914127 0.1196196 0.1650032 0.1426510 0.1758988 0.1739216 0.1482282 0.1113351 0.0839025 0.0864155 0.0860969 0.1794018 0.1230265 0.1197080 0.1426510 0.1306094 0.1574977 0.1292057 0.2067065 0.1011093 0.1352522 0.1347348 0.1779218 0.0173379 0.0703856 0.1509128 0.1940762 0.0368187 
S1180       0.3169288 0.3805975 0.1968886 0.1607021 0.1321544 0.2520501 0.1115647 0.1521291 0.1545263 0.1593496 0.2150749 0.1737731 0.1475010 0.1443141 0.1611271 0.1365055 0.1338444 0.1354884 0.1050237 0.1040419 0.1319062 0.1509286 0.1365055 0.1741551 0.0959614 0.1403917 0.1914352 0.2156462 0.0087491 0.1367602 0.1064467 0.1788750 0.1537252 0.1788750 0.1759962 0.1045204 0.1679587 0.1266401 0.1548308 0.1701946 0.1040419 0.1626661 0.1815165 0.0181250 0.1437356 0.1393780 0.0179905 0.1650032 0.0000000 0.1433078 0.1172631 0.1647575 0.1313631 0.0000010 0.1211760 0.1233607 0.1642080 0.1414959 0.1239671 0.1525128 0.1576118 0.1569495 0.1534794 0.1041449 0.1444904 0.1211760 0.1100561 0.1345472 0.1668465 0.1510838 0.1418991 0.1284435 0.1463007 0.1522793 0.1934658 0.1764830 0.1486249 0.1540955 0.1790910 
