123
HYZL          0.0000000 0.1314387 0.3308813 0.0000010 0.2660004 0.3617065 0.3577368 0.3380357 0.3400382 0.3924401 0.3333245 0.3419029 0.3424172 0.3236920 0.3410572 0.3860793 0.3607346 0.3551754 0.3536814 0.3758529 0.3354162 0.3105080 0.3410079 0.3182630 0.3284061 0.3398212 0.3699095 0.3533114 0.3457761 0.3185528 0.3615161 0.3293654 0.3587878 0.3634273 0.3093341 0.3513577 0.3237737 0.3829798 0.3449120 0.3487970 0.3457923 0.3746343 0.3401354 0.3606511 0.3351243 0.3228015 0.3557369 0.3596161 0.3414058 0.3420605 0.3690043 0.3497004 0.3507177 0.2971702 0.3262001 0.3397822 0.3232638 0.3233211 0.3459750 0.3653238 0.3200792 0.3680078 0.3312905 0.2879138 0.3336887 0.3601403 0.3559822 0.3289026 0.3216762 0.3027334 0.2968501 0.3815535 0.3911971 0.3225330 0.3335889 0.3030489 0.3657324 0.3373947 0.3181165 0.3522290 0.3283107 0.3565270 0.3334937 0.3392595 0.3216798 0.3596820 0.3370890 0.3359386 0.3628084 0.3428952 0.3490118 0.3254834 0.3560562 0.3323917 0.3350636 0.3816004 0.3182409 0.3633417 0.3131512 0.3449425 0.3347307 0.3341990 0.3349517 0.3262885 0.3550908 0.3439471 0.3233896 0.3511207 0.3355601 0.3395648 0.3131778 0.3363887 0.3598900 0.3754904 0.3471656 0.3405712 0.3580942 0.3867422 0.3446677 0.3254228 0.3259455 0.0000010 0.0000010 
MYZV          0.1314387 0.0000000 0.3935535 0.0000010 0.3031393 0.4145180 0.4091869 0.3778972 0.3436775 0.4635232 0.4087564 0.3421468 0.3778266 0.4056802 0.4245925 0.3701943 0.3879096 0.3865419 0.3518809 0.4118921 0.3619728 0.3294238 0.3505315 0.3910240 0.4109508 0.4019208 0.3580975 0.4503963 0.3346566 0.3468223 0.4282418 0.3601411 0.3980990 0.3671894 0.3546191 0.4155520 0.3808219 0.4139713 0.3509082 0.4215483 0.4312462 0.3669942 0.3668382 0.4211060 0.3954802 0.4161799 0.4052331 0.3982100 0.3773500 0.3885421 0.3873043 0.4147172 0.4416780 0.3353278 0.3582147 0.4188097 0.3656435 0.3605123 0.3940569 0.4209092 0.3454549 0.3874006 0.3757934 0.3497033 0.3965918 0.3565483 0.4112123 0.3819410 0.3632836 0.3422320 0.3422320 0.0000010 0.4418713 0.3736926 0.3873204 0.3622450 0.3952154 0.3803873 0.3839344 0.3723157 0.3525007 0.3654991 0.3935287 0.3849373 0.3961689 0.3840928 0.3982326 0.4064500 0.3891402 0.4287689 0.3871949 0.3766156 0.3573141 0.3778644 0.3767150 0.4037815 0.3321539 0.3519464 0.3576775 0.3704669 0.3702918 0.4215624 0.3393751 0.3820267 0.3999871 0.3991989 0.3870989 0.4232167 0.3420766 0.3983136 0.3455871 0.3711768 0.4084008 0.3633203 0.3867765 0.3701643 0.3485665 0.4637077 0.3640089 0.3945683 0.0000010 0.0000010 0.0000010 
SRR6441723    0.3308813 0.3935535 0.0000000 0.1157345 0.0937660 0.1997301 0.0874627 0.0716702 0.0863028 0.1064900 0.0801935 0.0829639 0.0860152 0.0745036 0.1128567 0.1033504 0.0804088 0.1157213 0.1012923 0.0990141 0.0832884 0.0563356 0.0788120 0.0719815 0.0749005 0.0816205 0.0935544 0.0831344 0.0761374 0.0752967 0.0778889 0.0770854 0.0877599 0.0854691 0.0790920 0.0980486 0.0889669 0.0992118 0.0776978 0.0950480 0.0750763 0.0882514 0.0717643 0.0866527 0.0801463 0.0774072 0.0813800 0.0869085 0.1026185 0.0862065 0.0986428 0.0959464 0.0789471 0.0643950 0.0685200 0.0776076 0.0737361 0.0691169 0.0761450 0.0744118 0.0784025 0.1032871 0.0805191 0.0604429 0.0770153 0.0878584 0.0783197 0.0690428 0.0681879 0.0818769 0.0823054 0.1038216 0.1111618 0.1110732 0.0916373 0.0825644 0.1102436 0.0704034 0.0739215 0.1076650 0.0672969 0.1008233 0.0764219 0.0867217 0.0820903 0.0956803 0.0852793 0.0828012 0.1147818 0.0829587 0.0962827 0.0692951 0.0807166 0.0843540 0.0854374 0.0994481 0.0674066 0.0840239 0.0832451 0.0824141 0.0837425 0.0664878 0.1058966 0.0861086 0.0853166 0.0756159 0.0744953 0.0868686 0.0827567 0.0780102 0.0695882 0.0778880 0.0867385 0.0940591 0.0868372 0.0715780 0.0892808 0.1041709 0.0825775 0.0802114 0.0740298 0.0914388 0.0903647 
ERR4210213    0.0000010 0.0000010 0.1157345 0.0000000 0.0000010 0.2052793 0.0793698 0.0922891 0.1125673 0.0905534 0.1014361 0.0982912 0.1335117 0.0854418 0.1535463 0.1287873 0.1223336 0.1312571 0.0853099 0.1195063 0.1201867 0.0796655 0.1572693 0.1044864 0.1080670 0.1159682 0.1294795 0.0991501 0.0971116 0.0858351 0.1069959 0.0988271 0.0995163 0.1325545 0.1522649 0.1387469 0.1114233 0.1056414 0.1048033 0.0936520 0.0998519 0.1114344 0.0714672 0.1119743 0.1059235 0.1079576 0.0725957 0.0948284 0.1281809 0.1036914 0.1136189 0.1305225 0.1021818 0.1505911 0.0724052 0.1004684 0.0724052 0.0727882 0.1208241 0.0805223 0.0782590 0.1262749 0.0999214 0.0844875 0.1043138 0.1069163 0.1149695 0.1523961 0.1525991 0.1485293 0.1758759 0.1319450 0.0982375 0.1433623 0.1223963 0.1278856 0.1252688 0.1373897 0.1551236 0.1449776 0.0724052 0.1292068 0.1056326 0.2345527 0.1733566 0.1192236 0.0982912 0.1434892 0.1382002 0.1087490 0.1216794 0.1202403 0.1166357 0.1195738 0.1195738 0.1196192 0.0928182 0.1274824 0.1135441 0.1081455 0.0797257 0.0865263 0.1345952 0.1599957 0.1477789 0.1086117 0.1037290 0.0860810 0.1568089 0.1182405 0.0918883 0.1411601 0.1567822 0.1319273 0.1216794 0.0724052 0.1194703 0.0847374 0.1181357 0.1142026 0.0855725 0.0545076 0.0798038 
ERR2789774    0.2660004 0.3031393 0.0937660 0.0000010 0.0000000 0.1847153 0.0916539 0.0736674 0.0941203 0.1430267 0.0518210 0.0937693 0.1148186 0.0527542 0.0821619 0.1042782 0.0951471 0.1225850 0.0954885 0.1016107 0.0935140 0.1060953 0.0922560 0.0638991 0.0560843 0.0559205 0.1045688 0.0932238 0.0936816 0.0641457 0.0602770 0.0822487 0.1027147 0.1145251 0.0842358 0.0822167 0.0926502 0.1082857 0.0869268 0.0919387 0.0602961 0.1078300 0.1073937 0.0999881 0.0494704 0.0560843 0.0931125 0.1072175 0.1089355 0.0557308 0.1072728 0.1133062 0.0732562 0.0680431 0.0681662 0.0646416 0.0725580 0.0610631 0.0842846 0.0961649 0.1215080 0.1288085 0.0845480 0.0754264 0.0763340 0.1044415 0.0919882 0.0804120 0.1017842 0.0802345 0.0757245 0.0346582 0.1596901 0.1194140 0.1092480 0.0826669 0.1109074 0.0913575 0.0757288 0.1184859 0.0600454 0.1203576 0.1005703 0.0885684 0.0821618 0.1258863 0.0882386 0.0809841 0.1343631 0.0692100 0.1242058 0.0680626 0.0993640 0.0849842 0.0888700 0.1170668 0.0986634 0.1024074 0.0791386 0.1084908 0.0938744 0.0579028 0.1046930 0.0953584 0.0955625 0.0738840 0.0650127 0.0935609 0.0721583 0.0762890 0.0928108 0.0869430 0.1093733 0.1084214 0.0911279 0.0687410 0.0995810 0.1412725 0.0850374 0.0559194 0.0433326 0.0000010 0.0000010 
PAFTOL_019361 0.3617065 0.4145180 0.1997301 0.2052793 0.1847153 0.0000000 0.1963470 0.1834361 0.1965457 0.1932940 0.1965182 0.1773959 0.2183052 0.1902877 0.2264070 0.2137137 0.1961833 0.1951418 0.1984264 0.2057408 0.1793317 0.1929157 0.2013887 0.1699711 0.1831319 0.1793670 0.1892117 0.1800814 0.1831263 0.1809181 0.1875851 0.1735858 0.1955424 0.1910950 0.2024941 0.2140992 0.1949372 0.2092038 0.1873879 0.1990260 0.1836081 0.1909779 0.1757274 0.1788093 0.2143232 0.1895117 0.1696446 0.1939960 0.1821832 0.1903518 0.2159420 0.1897013 0.1915032 0.2066253 0.1714712 0.1871209 0.1797973 0.1706536 0.1956948 0.1685062 0.1916796 0.1908043 0.1814607 0.1610428 0.1787945 0.1982931 0.1721661 0.2077483 0.1847536 0.1965918 0.2104947 0.2227623 0.2068843 0.1861617 0.2045244 0.1755778 0.1962952 0.1898704 0.1871747 0.2089283 0.1714245 0.1837498 0.1714446 0.1949464 0.1959545 0.1911064 0.1921850 0.2073697 0.1909708 0.1957030 0.2084991 0.1848305 0.1808803 0.1812980 0.1826387 0.2015857 0.1841253 0.1951033 0.1807790 0.2010573 0.1867250 0.1791651 0.1790062 0.2209434 0.2213987 0.1878491 0.1855713 0.2029927 0.2007644 0.1881535 0.1922861 0.2048042 0.2204301 0.2128617 0.1969549 0.1757139 0.1892535 0.2004443 0.1835326 0.1807613 0.1913485 0.2129011 0.1766954 
S0055         0.3577368 0.4091869 0.0874627 0.0793698 0.0916539 0.1963470 0.0000000 0.0767253 0.1049486 0.1119816 0.0493988 0.0921598 0.0993520 0.0456552 0.0772196 0.1218202 0.0867478 0.1133486 0.1102145 0.0969252 0.0975233 0.0878218 0.1055653 0.0667967 0.0434749 0.0459670 0.0997074 0.0778763 0.0891170 0.0774759 0.0659983 0.0796311 0.0885878 0.0983661 0.0985961 0.1002793 0.0929504 0.1002210 0.0962091 0.0612721 0.0435777 0.1060184 0.0790082 0.0944448 0.0719301 0.0445901 0.0713372 0.0877794 0.1104814 0.0864984 0.0982000 0.1085259 0.0519480 0.0841237 0.0734995 0.0481981 0.0762586 0.0702957 0.1013920 0.0648503 0.0911919 0.0999255 0.0895300 0.0703106 0.0942703 0.0901029 0.0813762 0.0926829 0.0948335 0.1006731 0.0966491 0.0626032 0.1035537 0.1192203 0.1112984 0.0875480 0.0995058 0.0899585 0.0966028 0.1258699 0.0722642 0.1213670 0.0795653 0.1114026 0.1049684 0.0938493 0.0589188 0.0929654 0.1241961 0.0483645 0.0658465 0.0890626 0.0939430 0.0934328 0.0945155 0.0955327 0.0802056 0.0981863 0.0818319 0.0842631 0.0845971 0.0439881 0.1046374 0.1067485 0.1009989 0.0474839 0.0415282 0.0307547 0.0978817 0.0512790 0.0817329 0.0980893 0.1067512 0.1073029 0.0634457 0.0754093 0.0940384 0.0976837 0.0887197 0.0447344 0.0384182 0.1244627 0.1115231 
S0196sl       0.3380357 0.3778972 0.0716702 0.0922891 0.0736674 0.1834361 0.0767253 0.0000000 0.0815640 0.0742244 0.0662576 0.0771880 0.0809606 0.0597333 0.1050446 0.0944833 0.0810358 0.0970544 0.0958570 0.0937269 0.0748855 0.0755769 0.0788144 0.0662635 0.0636283 0.0689893 0.0801484 0.0758946 0.0679340 0.0240642 0.0670893 0.0597085 0.0841031 0.0837563 0.0904989 0.0970905 0.0765428 0.0944278 0.0743308 0.0834473 0.0635672 0.0852744 0.0650440 0.0773039 0.0740359 0.0635563 0.0481933 0.0861620 0.0969245 0.0793056 0.0952236 0.0778653 0.0691352 0.0754577 0.0218151 0.0687894 0.0229023 0.0219905 0.0874706 0.0427705 0.0648383 0.0870070 0.0709905 0.0553065 0.0693387 0.0706947 0.0733274 0.0814338 0.0854330 0.0851100 0.0925885 0.0851136 0.0777693 0.1049945 0.0775854 0.0738176 0.0868430 0.0799341 0.0821763 0.1046924 0.0230368 0.1004453 0.0652835 0.0956109 0.0878071 0.0854533 0.0791621 0.0742400 0.1030200 0.0729428 0.0861957 0.0645560 0.0723200 0.0722216 0.0732957 0.0928057 0.0581514 0.0811407 0.0682785 0.0784921 0.0802291 0.0606099 0.0873869 0.1002979 0.0844437 0.0683822 0.0579485 0.0741157 0.0752491 0.0778668 0.0588481 0.0754478 0.0840600 0.0894575 0.0754255 0.0263757 0.0749084 0.0780590 0.0704433 0.0676198 0.0631837 0.0573627 0.0383284 
S0278         0.3400382 0.3436775 0.0863028 0.1125673 0.0941203 0.1965457 0.1049486 0.0815640 0.0000000 0.1097458 0.0871247 0.0373529 0.1014265 0.0942155 0.1143366 0.0481773 0.1034207 0.1113138 0.0458225 0.1180185 0.0435178 0.0908572 0.1213734 0.0931309 0.0827547 0.0854826 0.0378093 0.1004594 0.0306473 0.0824840 0.1001976 0.0362444 0.1049683 0.0560168 0.1031170 0.1235853 0.0881017 0.1189338 0.0331951 0.0994956 0.0801624 0.0409121 0.0496250 0.0623686 0.0954324 0.0867124 0.0903864 0.1067671 0.1185115 0.0944290 0.1199623 0.0975345 0.0887056 0.0956462 0.0768895 0.0908911 0.0808822 0.0775605 0.0998118 0.0818313 0.0532945 0.1029455 0.0526881 0.0435095 0.0758523 0.0396051 0.0948413 0.0965096 0.1023876 0.0973561 0.1061971 0.1178545 0.1150004 0.1270856 0.1059246 0.0918786 0.1064015 0.0952095 0.0962414 0.1242196 0.0757668 0.1162771 0.0560524 0.1191126 0.1083536 0.1009575 0.0982474 0.0981775 0.1248770 0.0922202 0.1047625 0.0735697 0.0320972 0.0575102 0.0585824 0.1138701 0.0466165 0.0284033 0.0824409 0.1035536 0.1026256 0.0824217 0.1026395 0.1209253 0.1033204 0.0865373 0.0865033 0.1010138 0.0971284 0.0933551 0.0472526 0.0871013 0.1064810 0.0430135 0.0936297 0.0801740 0.0390585 0.1140263 0.0509885 0.0894642 0.0927520 0.1052944 0.1036948 
S0281         0.3924401 0.4635232 0.1064900 0.0905534 0.1430267 0.1932940 0.1119816 0.0742244 0.1097458 0.0000000 0.0995698 0.1046585 0.1199310 0.1015353 0.1281521 0.1265309 0.1032749 0.1163752 0.1178769 0.1198594 0.1017118 0.1136181 0.1318278 0.0901673 0.0951508 0.0996582 0.1067499 0.0987296 0.0987621 0.0768948 0.0965064 0.0850326 0.1052612 0.1032660 0.1284681 0.1158833 0.1004281 0.1201104 0.1027804 0.1094910 0.0962588 0.1069649 0.0914158 0.1031786 0.1026029 0.0992152 0.0613864 0.1078547 0.1305160 0.1036711 0.1196664 0.1122460 0.0985605 0.1163830 0.0713436 0.1021541 0.0765379 0.0681758 0.1234740 0.0520382 0.0996895 0.0978344 0.1007889 0.0799271 0.0967881 0.1054651 0.0987139 0.1222183 0.1243433 0.1200420 0.1275813 0.0992966 0.0778253 0.1363983 0.1194691 0.0882928 0.0967627 0.1149786 0.1189987 0.1365772 0.0701278 0.1374896 0.0869063 0.1360856 0.1283314 0.0904923 0.1077330 0.1118625 0.1373896 0.1010301 0.1057300 0.1078519 0.1036959 0.1021167 0.1032058 0.1175840 0.0858037 0.1070046 0.0873071 0.0980225 0.1057351 0.0934256 0.1038441 0.1316470 0.1281253 0.0993733 0.0960618 0.1094684 0.1054198 0.0978031 0.0958353 0.1167795 0.1249790 0.1096477 0.0984645 0.0756988 0.1038176 0.0707181 0.1027565 0.0994320 0.0909035 0.0833069 0.0721794 
S0282         0.3333245 0.4087564 0.0801935 0.1014361 0.0518210 0.1965182 0.0493988 0.0662576 0.0871247 0.0995698 0.0000000 0.0837546 0.0965542 0.0205706 0.0543601 0.1013312 0.0819493 0.1014276 0.0922614 0.0931621 0.0760072 0.0816049 0.1117800 0.0607772 0.0165057 0.0241685 0.0832305 0.0652687 0.0731605 0.0633144 0.0638330 0.0714864 0.0835042 0.0821385 0.0935938 0.0884398 0.0831785 0.0951015 0.0771902 0.0468462 0.0197733 0.0869956 0.0651043 0.0788193 0.0658965 0.0197153 0.0717336 0.0840144 0.1041847 0.0698995 0.0927807 0.0923417 0.0253310 0.0859289 0.0595158 0.0207924 0.0645687 0.0563334 0.0948921 0.0675661 0.0780814 0.0901325 0.0722602 0.0578711 0.0784148 0.0857017 0.0729115 0.0935953 0.0928354 0.0956237 0.0942702 0.0541777 0.0965253 0.1096103 0.0940424 0.0776404 0.0932713 0.0795610 0.0841179 0.1107846 0.0583240 0.1077240 0.0719625 0.1018620 0.0999412 0.0866074 0.0564877 0.0863722 0.1105892 0.0241548 0.0739378 0.0797496 0.0789713 0.0747241 0.0757976 0.0935686 0.0619686 0.0851332 0.0733184 0.0810096 0.0782759 0.0200196 0.0987818 0.1027846 0.1002326 0.0221611 0.0221844 0.0534448 0.0939231 0.0503074 0.0648033 0.0910128 0.0997184 0.0878137 0.0576737 0.0621716 0.0764921 0.0943190 0.0756020 0.0164464 0.0501244 0.1118023 0.0994505 
S0289         0.3419029 0.3421468 0.0829639 0.0982912 0.0937693 0.1773959 0.0921598 0.0771880 0.0373529 0.1046585 0.0837546 0.0000000 0.0951369 0.0831913 0.1105959 0.0489970 0.0929142 0.1094717 0.0374870 0.1058272 0.0456786 0.0886865 0.1143192 0.0850865 0.0745551 0.0825237 0.0424129 0.0912220 0.0305301 0.0806107 0.0929533 0.0305471 0.0958939 0.0567483 0.0995690 0.1153449 0.0812336 0.1065958 0.0330666 0.0950311 0.0705925 0.0407114 0.0479738 0.0680761 0.0892545 0.0744793 0.0791598 0.0933798 0.1083479 0.0894467 0.1075011 0.0975803 0.0800044 0.0854987 0.0713425 0.0797669 0.0790324 0.0731793 0.0975840 0.0723662 0.0577283 0.0916410 0.0545236 0.0431451 0.0740213 0.0326969 0.0890703 0.0900517 0.0946920 0.0912315 0.1003290 0.0937426 0.1030646 0.1163093 0.1052166 0.0873646 0.0951963 0.0862001 0.0883414 0.1177849 0.0725838 0.1085716 0.0505432 0.1109463 0.1132797 0.0950294 0.0907072 0.0923410 0.1184534 0.0852302 0.0972232 0.0730585 0.0351996 0.0605369 0.0615995 0.1062919 0.0462708 0.0348293 0.0757046 0.0921553 0.0893057 0.0739511 0.0981606 0.1128455 0.0988064 0.0793418 0.0780271 0.0896901 0.0922483 0.0858430 0.0480837 0.0826536 0.0946704 0.0440781 0.0887996 0.0768993 0.0400274 0.1078154 0.0553637 0.0795681 0.0770152 0.0766579 0.0863302 
S0292         0.3424172 0.3778266 0.0860152 0.1335117 0.1148186 0.2183052 0.0993520 0.0809606 0.1014265 0.1199310 0.0965542 0.0951369 0.0000000 0.0970343 0.1160760 0.1138198 0.0971523 0.1160292 0.1153153 0.1130979 0.0967572 0.0806114 0.0894087 0.0880198 0.0895776 0.0901051 0.1014299 0.1059776 0.0865254 0.0857188 0.0949775 0.0850689 0.1017422 0.0963564 0.0768796 0.1124585 0.0983031 0.1124628 0.0935548 0.1138913 0.0854549 0.1067626 0.0864126 0.0974435 0.0898175 0.0895238 0.0980514 0.1027967 0.1209225 0.1036297 0.1101528 0.0957774 0.0937192 0.0676649 0.0774937 0.0950444 0.0840820 0.0780113 0.0689973 0.0906304 0.0930046 0.1087605 0.0882699 0.0750080 0.0864411 0.0937924 0.0893010 0.0723678 0.0714675 0.0808529 0.0735690 0.1175841 0.1187122 0.1258229 0.1016045 0.0926515 0.1228018 0.0685404 0.0718570 0.1249572 0.0788924 0.1267847 0.0857123 0.0886341 0.0785983 0.1078164 0.1021878 0.0488964 0.1355772 0.0923466 0.1094797 0.0551152 0.0914637 0.0904915 0.0915715 0.1108221 0.0833949 0.0993686 0.0925491 0.1007014 0.1002582 0.0823423 0.1182666 0.0900812 0.0228708 0.0904710 0.0864590 0.1030654 0.0438646 0.0949038 0.0785073 0.0250626 0.0249704 0.1013678 0.0939591 0.0847279 0.0970711 0.1221768 0.0826991 0.0935985 0.0836515 0.1263593 0.1072459 
S0293         0.3236920 0.4056802 0.0745036 0.0854418 0.0527542 0.1902877 0.0456552 0.0597333 0.0942155 0.1015353 0.0205706 0.0831913 0.0970343 0.0000000 0.0552523 0.1039640 0.0827333 0.1009114 0.0969533 0.0922392 0.0787678 0.0803550 0.0947883 0.0580416 0.0182871 0.0218970 0.0853526 0.0558032 0.0757436 0.0622294 0.0613584 0.0712770 0.0844400 0.0851129 0.0892843 0.0820383 0.0813472 0.0989573 0.0812789 0.0442702 0.0219556 0.0875370 0.0667460 0.0817869 0.0605505 0.0182658 0.0671076 0.0836162 0.0996286 0.0655267 0.0965690 0.0882921 0.0255966 0.0795857 0.0593040 0.0242821 0.0634822 0.0558007 0.0952726 0.0591842 0.0751091 0.0799618 0.0762475 0.0547136 0.0766641 0.0850841 0.0697212 0.0905045 0.0880872 0.0915508 0.0872726 0.0426243 0.0991046 0.1070547 0.0914348 0.0692402 0.0888231 0.0795848 0.0819529 0.1077557 0.0580904 0.1047261 0.0671071 0.0911704 0.0978934 0.0836473 0.0494747 0.0834296 0.1026180 0.0243183 0.0668687 0.0817484 0.0787652 0.0788839 0.0800666 0.0910923 0.0604436 0.0887203 0.0706290 0.0802590 0.0787370 0.0185470 0.0907287 0.1013025 0.0980161 0.0233570 0.0232630 0.0446759 0.0861914 0.0482064 0.0666069 0.0881898 0.0975194 0.0951926 0.0493662 0.0623302 0.0750921 0.0990215 0.0757243 0.0194749 0.0399013 0.1022003 0.0900628 
S0294         0.3410572 0.4245925 0.1128567 0.1535463 0.0821619 0.2264070 0.0772196 0.1050446 0.1143366 0.1281521 0.0543601 0.1105959 0.1160760 0.0552523 0.0000000 0.1314363 0.1105335 0.1209980 0.1226805 0.1269036 0.0994467 0.1157673 0.1409748 0.0900967 0.0436231 0.0487005 0.1116281 0.0954561 0.0991896 0.0998216 0.0956612 0.0875805 0.1152920 0.1130510 0.1143672 0.1151272 0.1109263 0.1263337 0.1108203 0.0734491 0.0460771 0.1169915 0.0902899 0.1069912 0.0910007 0.0461500 0.1074830 0.1143734 0.1429884 0.1048027 0.1259235 0.1181229 0.0519828 0.1099055 0.0955434 0.0495616 0.0984500 0.0922992 0.1247966 0.1004652 0.1002330 0.1147058 0.0999114 0.0780444 0.1075518 0.1181300 0.1035236 0.1148729 0.1153214 0.1200487 0.1124201 0.0585949 0.1315572 0.1493737 0.1246903 0.1068611 0.1236468 0.1097378 0.1141450 0.1496649 0.0942333 0.1447509 0.1042584 0.1259320 0.1212138 0.1114964 0.0864831 0.1096266 0.1468754 0.0534708 0.0995432 0.1096276 0.1042427 0.1021617 0.1032504 0.1246028 0.0890928 0.1162705 0.1005593 0.1140928 0.1079676 0.0455026 0.1262416 0.1293780 0.1227053 0.0502676 0.0491236 0.0768190 0.1136095 0.0729086 0.0879924 0.1110996 0.1238730 0.1135960 0.0806615 0.1004366 0.1085667 0.1220150 0.1019250 0.0518306 0.0713377 0.1833017 0.1613325 
S0299         0.3860793 0.3701943 0.1033504 0.1287873 0.1042782 0.2137137 0.1218202 0.0944833 0.0481773 0.1265309 0.1013312 0.0489970 0.1138198 0.1039640 0.1314363 0.0000000 0.1123419 0.1240992 0.0627097 0.1195335 0.0582066 0.1011283 0.1346569 0.1069624 0.0984128 0.1014110 0.0597716 0.1155911 0.0433944 0.0980162 0.1138744 0.0519579 0.1079114 0.0725672 0.1255942 0.1368361 0.1029017 0.1216656 0.0487891 0.1160147 0.0966546 0.0553001 0.0634278 0.0806906 0.1090964 0.1009580 0.0993501 0.1129802 0.1294782 0.1127754 0.1225613 0.1150924 0.1016659 0.1135380 0.0907217 0.1040394 0.0962857 0.0914276 0.1204079 0.0984261 0.0737158 0.1104045 0.0702415 0.0621919 0.0990725 0.0560216 0.1064650 0.1156917 0.1152935 0.1181885 0.1264042 0.1356404 0.1308977 0.1399669 0.1243255 0.0984590 0.1219666 0.1083682 0.1107893 0.1386457 0.0894340 0.1302344 0.0733974 0.1271743 0.1192697 0.1018691 0.1082673 0.1177234 0.1391928 0.1071471 0.1201539 0.0925982 0.0472995 0.0752937 0.0738580 0.1185331 0.0654324 0.0456122 0.0971394 0.1094884 0.1039840 0.0908936 0.1168510 0.1251630 0.1204289 0.1010184 0.0967234 0.1164048 0.1146632 0.1002265 0.0646969 0.1059030 0.1229621 0.0624697 0.1095837 0.0941121 0.0572045 0.1329668 0.0726450 0.1023840 0.1066343 0.1108401 0.1164626 
S0303         0.3607346 0.3879096 0.0804088 0.1223336 0.0951471 0.1961833 0.0867478 0.0810358 0.1034207 0.1032749 0.0819493 0.0929142 0.0971523 0.0827333 0.1105335 0.1123419 0.0000000 0.0867531 0.1087291 0.0144929 0.0960308 0.0673572 0.0992212 0.0747484 0.0752405 0.0780072 0.1005276 0.0841079 0.0842038 0.0792627 0.0837297 0.0855017 0.0093663 0.1031869 0.1024373 0.1062293 0.0774346 0.0199450 0.0943363 0.0959604 0.0766515 0.1043347 0.0835682 0.1064029 0.0833256 0.0777978 0.0741019 0.0137121 0.1151049 0.0970755 0.0233942 0.1073311 0.0796697 0.0925670 0.0709838 0.0766596 0.0788841 0.0714231 0.1004271 0.0673650 0.0903228 0.0781043 0.0981788 0.0734182 0.0983922 0.0956385 0.0359629 0.1034137 0.0979410 0.1013408 0.0987141 0.0961472 0.0946688 0.1205176 0.1193184 0.0701882 0.0780378 0.0991537 0.1029998 0.1186981 0.0722596 0.1098832 0.0893864 0.1224797 0.0993545 0.0794528 0.0817543 0.0923946 0.1229221 0.0806762 0.0929740 0.0787380 0.0946444 0.1022259 0.1033287 0.0177368 0.0823217 0.0938377 0.0667543 0.0147838 0.0136716 0.0717988 0.0736452 0.0992554 0.0921750 0.0760969 0.0663728 0.0831589 0.0865087 0.0774445 0.0866831 0.0875054 0.1007976 0.1005024 0.0847512 0.0780291 0.1007125 0.0951507 0.0934950 0.0794088 0.0664582 0.1400276 0.1144046 
S0308         0.3551754 0.3865419 0.1157213 0.1312571 0.1225850 0.1951418 0.1133486 0.0970544 0.1113138 0.1163752 0.1014276 0.1094717 0.1160292 0.1009114 0.1209980 0.1240992 0.0867531 0.0000000 0.1220936 0.0957141 0.1080138 0.1095855 0.1544051 0.1002224 0.0928384 0.0933182 0.1064878 0.1104633 0.0960935 0.0955398 0.1003481 0.0886825 0.0874104 0.1076783 0.1206736 0.1287418 0.0705534 0.0959050 0.1051106 0.1177777 0.0912492 0.1189738 0.0947043 0.1070452 0.1074762 0.0940984 0.0907122 0.0822260 0.1350896 0.1200147 0.0968451 0.1171989 0.1017444 0.1142273 0.0895689 0.0956661 0.0937169 0.0889432 0.1221230 0.0877593 0.1029259 0.0815394 0.1052472 0.0803150 0.1054599 0.1076390 0.0820614 0.1230888 0.1205813 0.1182518 0.1168853 0.1015722 0.1053203 0.1369874 0.1249416 0.0601359 0.0694798 0.1140305 0.1185778 0.1443666 0.0910456 0.1320317 0.0992436 0.1349167 0.1252444 0.0721255 0.0940094 0.1172342 0.1359869 0.1017028 0.1058087 0.1005814 0.0996192 0.1066063 0.1077105 0.0914516 0.0971613 0.1094927 0.0603522 0.0900521 0.0818705 0.0871054 0.0804726 0.1318826 0.1208289 0.0957175 0.0839903 0.1098448 0.1185287 0.0894766 0.0950294 0.1165441 0.1265962 0.1204804 0.1014237 0.0972349 0.1066811 0.1101924 0.1030584 0.0957171 0.0803753 0.1114879 0.0937143 
S0320         0.3536814 0.3518809 0.1012923 0.0853099 0.0954885 0.1984264 0.1102145 0.0958570 0.0458225 0.1178769 0.0922614 0.0374870 0.1153153 0.0969533 0.1226805 0.0627097 0.1087291 0.1220936 0.0000000 0.1221912 0.0565692 0.1034494 0.1406501 0.1019934 0.0878775 0.0908632 0.0520057 0.1091262 0.0432575 0.0966376 0.1132239 0.0484294 0.1105493 0.0696618 0.1153899 0.1259418 0.0947230 0.1216506 0.0447446 0.1104170 0.0862955 0.0528976 0.0617342 0.0785635 0.1064153 0.0904532 0.0897450 0.1067268 0.1292075 0.1054246 0.1210417 0.1060878 0.0936759 0.1080828 0.0894602 0.0932986 0.0949382 0.0889303 0.1152336 0.0831233 0.0731187 0.1059976 0.0658158 0.0581668 0.0902603 0.0559077 0.1086601 0.1116298 0.1046799 0.1113310 0.1176114 0.1071359 0.1190626 0.1340738 0.1127493 0.0981325 0.1053937 0.1034268 0.1103885 0.1392193 0.0881918 0.1314851 0.0599023 0.1275359 0.1272617 0.1054973 0.1046208 0.1125965 0.1408734 0.0990052 0.1155962 0.0932866 0.0493710 0.0707689 0.0718392 0.1199004 0.0612287 0.0478708 0.0918089 0.1067142 0.1036997 0.0871332 0.1105873 0.1275236 0.1236734 0.0916356 0.0885184 0.1035992 0.1127568 0.0968231 0.0605149 0.1064020 0.1220316 0.0588915 0.1039217 0.0927910 0.0483737 0.1186484 0.0695020 0.0917216 0.0953345 0.1156197 0.1032642 
S0322         0.3758529 0.4118921 0.0990141 0.1195063 0.1016107 0.2057408 0.0969252 0.0937269 0.1180185 0.1198594 0.0931621 0.1058272 0.1130979 0.0922392 0.1269036 0.1195335 0.0144929 0.0957141 0.1221912 0.0000000 0.1106569 0.0835495 0.1164305 0.0844959 0.0862187 0.0891475 0.1136943 0.0968525 0.0968383 0.0919520 0.0950427 0.0940009 0.0040554 0.1147395 0.1204238 0.1209176 0.0871470 0.0196699 0.1030891 0.1090028 0.0877611 0.1175409 0.0973040 0.1181684 0.0937992 0.0889103 0.0838128 0.0071922 0.1319794 0.1085977 0.0230896 0.1209583 0.0895399 0.1070942 0.0834023 0.0890643 0.0915108 0.0839202 0.1178007 0.0785736 0.1015890 0.0892583 0.1068648 0.0859329 0.1099315 0.1104785 0.0449155 0.1179218 0.1152752 0.1158464 0.1149081 0.0980269 0.1106521 0.1378800 0.1331886 0.0774038 0.0838849 0.1109204 0.1150680 0.1388460 0.0847052 0.1296705 0.0990102 0.1343856 0.1028926 0.0880113 0.0930306 0.1052150 0.1402802 0.0934171 0.1062980 0.0898378 0.1076381 0.1109523 0.1120464 0.0121775 0.0963500 0.1052998 0.0736905 0.0178599 0.0102958 0.0828676 0.0848245 0.1088116 0.1092873 0.0886617 0.0772961 0.0933883 0.0994879 0.0899875 0.0976179 0.1031552 0.1167833 0.1138162 0.0977476 0.0906993 0.1138996 0.1097547 0.1035853 0.0933758 0.0721080 0.1369950 0.1068064 
S0327         0.3354162 0.3619728 0.0832884 0.1201867 0.0935140 0.1793317 0.0975233 0.0748855 0.0435178 0.1017118 0.0760072 0.0456786 0.0967572 0.0787678 0.0994467 0.0582066 0.0960308 0.1080138 0.0565692 0.1106569 0.0000000 0.0889371 0.1018424 0.0815627 0.0706737 0.0748346 0.0378919 0.0886720 0.0339503 0.0757340 0.0894323 0.0374714 0.0977440 0.0596647 0.0937423 0.1116735 0.0842551 0.1140768 0.0404760 0.0902003 0.0693177 0.0493366 0.0435852 0.0586424 0.0847986 0.0717832 0.0845888 0.1010812 0.1084235 0.0952271 0.1150555 0.0948376 0.0762481 0.0900536 0.0702831 0.0758292 0.0741865 0.0696333 0.0948455 0.0776172 0.0506929 0.0989735 0.0535639 0.0408672 0.0704611 0.0476640 0.0932083 0.0937074 0.0946599 0.0889857 0.0930802 0.1023038 0.1026849 0.1154311 0.1049812 0.0860521 0.1020899 0.0850589 0.0901720 0.1149102 0.0691714 0.1134963 0.0553132 0.1041384 0.1055402 0.0925018 0.0906795 0.0941671 0.1134166 0.0799942 0.0974343 0.0707121 0.0353824 0.0547652 0.0558309 0.1096501 0.0451495 0.0420051 0.0773590 0.0993902 0.0939715 0.0701540 0.0957928 0.1105351 0.1017160 0.0741904 0.0714813 0.0911035 0.0940720 0.0845242 0.0411825 0.0868930 0.1044318 0.0516256 0.0824353 0.0734497 0.0344378 0.1044609 0.0556402 0.0770434 0.0760705 0.0996858 0.0777869 
S0335         0.3105080 0.3294238 0.0563356 0.0796655 0.1060953 0.1929157 0.0878218 0.0755769 0.0908572 0.1136181 0.0816049 0.0886865 0.0806114 0.0803550 0.1157673 0.1011283 0.0673572 0.1095855 0.1034494 0.0835495 0.0889371 0.0000000 0.0698737 0.0769488 0.0815558 0.0856929 0.0997900 0.0930832 0.0788780 0.0779152 0.0833889 0.0852407 0.0742191 0.0898815 0.0884395 0.1011907 0.0852352 0.0839195 0.0847118 0.1009636 0.0829906 0.0941373 0.0680784 0.0884362 0.0884461 0.0840473 0.0871191 0.0743199 0.1091648 0.0910883 0.0846273 0.1041503 0.0869224 0.0770728 0.0709763 0.0869809 0.0763113 0.0703020 0.0800513 0.0757143 0.0810494 0.0887059 0.0821745 0.0654146 0.0800864 0.0927389 0.0737596 0.0822053 0.0807383 0.0856503 0.0931561 0.1078988 0.1130190 0.1161488 0.1037128 0.0800132 0.1037588 0.0795788 0.0833542 0.1098517 0.0697276 0.1042856 0.0832372 0.0964388 0.0907980 0.0892726 0.0881597 0.0803959 0.1186714 0.0885234 0.0966635 0.0682519 0.0850894 0.0860924 0.0871960 0.0852339 0.0714472 0.0843998 0.0781581 0.0745130 0.0715685 0.0741953 0.0918824 0.0932055 0.0799312 0.0824036 0.0765524 0.0898260 0.0776561 0.0836051 0.0747903 0.0742223 0.0842665 0.0974455 0.0897642 0.0754480 0.0953581 0.1045618 0.0813004 0.0805595 0.0806472 0.1228283 0.1044619 
S0345         0.3410079 0.3505315 0.0788120 0.1572693 0.0922560 0.2013887 0.1055653 0.0788144 0.1213734 0.1318278 0.1117800 0.1143192 0.0894087 0.0947883 0.1409748 0.1346569 0.0992212 0.1544051 0.1406501 0.1164305 0.1018424 0.0698737 0.0000000 0.1015271 0.0959583 0.1118541 0.1206697 0.1001881 0.1052414 0.0827574 0.1094358 0.1105919 0.1026859 0.1237956 0.0840539 0.1234163 0.1186990 0.1171766 0.1118724 0.1220509 0.1025787 0.1225980 0.1056256 0.1292426 0.0877373 0.0937077 0.1021821 0.1092850 0.1072385 0.1217583 0.1154965 0.1162798 0.1053055 0.0770814 0.0825866 0.1026281 0.0865797 0.0848535 0.0853111 0.0845843 0.1011519 0.1309142 0.1211704 0.0915417 0.0992182 0.1078910 0.0882843 0.0868392 0.0776892 0.0925377 0.0846738 0.1395712 0.1323316 0.1247883 0.1135005 0.1133110 0.1411732 0.0802053 0.0834079 0.1127369 0.0871062 0.1179933 0.1168193 0.0925012 0.0820392 0.1336017 0.1112865 0.0745833 0.1226020 0.1073026 0.1130390 0.0715125 0.1101292 0.1252204 0.1246791 0.1142001 0.0931289 0.1109688 0.1017849 0.0986199 0.1062582 0.0979078 0.1316398 0.0527478 0.0843353 0.0977390 0.0882856 0.1012690 0.0879145 0.0993705 0.0993545 0.0771541 0.0913116 0.1267246 0.1041880 0.0937858 0.1096290 0.1324164 0.1057743 0.1074082 0.1035633 0.1048374 0.0826934 
S0376         0.3182630 0.3910240 0.0719815 0.1044864 0.0638991 0.1699711 0.0667967 0.0662635 0.0931309 0.0901673 0.0607772 0.0850865 0.0880198 0.0580416 0.0900967 0.1069624 0.0747484 0.1002224 0.1019934 0.0844959 0.0815627 0.0769488 0.1015271 0.0000000 0.0507354 0.0556960 0.0927091 0.0673005 0.0756011 0.0646321 0.0367505 0.0683159 0.0750037 0.0891239 0.0822063 0.0804472 0.0740306 0.0889441 0.0809408 0.0735164 0.0534370 0.0932888 0.0790392 0.0851061 0.0550758 0.0494918 0.0691478 0.0726387 0.1071468 0.0716301 0.0855637 0.0973984 0.0573451 0.0746661 0.0593724 0.0555805 0.0619598 0.0561967 0.0859254 0.0635390 0.0830351 0.0819292 0.0771672 0.0665433 0.0769840 0.0825867 0.0659551 0.0833759 0.0833163 0.0800526 0.0832479 0.0777188 0.0802108 0.1109354 0.0971462 0.0710820 0.0788494 0.0736047 0.0772656 0.1108121 0.0582715 0.1119010 0.0720606 0.0996843 0.0912663 0.0774888 0.0667388 0.0812232 0.1151147 0.0534330 0.0851621 0.0741307 0.0852446 0.0809377 0.0820117 0.0874559 0.0722614 0.0929671 0.0709327 0.0725890 0.0713166 0.0502465 0.0818527 0.0924599 0.0887231 0.0538567 0.0514861 0.0648801 0.0837329 0.0613931 0.0750607 0.0842797 0.0944937 0.0975290 0.0732384 0.0636327 0.0898399 0.0852751 0.0792799 0.0572234 0.0538867 0.1234366 0.1106107 
S0400         0.3284061 0.4109508 0.0749005 0.1080670 0.0560843 0.1831319 0.0434749 0.0636283 0.0827547 0.0951508 0.0165057 0.0745551 0.0895776 0.0182871 0.0436231 0.0984128 0.0752405 0.0928384 0.0878775 0.0862187 0.0706737 0.0815558 0.0959583 0.0507354 0.0000000 0.0176780 0.0763402 0.0589471 0.0678813 0.0594014 0.0577361 0.0667911 0.0767512 0.0792871 0.0865706 0.0801200 0.0752668 0.0881814 0.0742694 0.0375984 0.0133758 0.0841210 0.0624112 0.0760282 0.0581803 0.0060566 0.0651056 0.0772159 0.0991747 0.0648619 0.0858758 0.0857364 0.0209424 0.0764972 0.0568829 0.0080986 0.0606382 0.0537122 0.0905189 0.0596356 0.0688771 0.0806127 0.0682843 0.0516786 0.0742949 0.0778937 0.0664211 0.0865251 0.0860108 0.0871630 0.0846421 0.0389446 0.0909589 0.1073726 0.0859297 0.0711313 0.0863726 0.0754865 0.0789885 0.1127104 0.0557860 0.1026608 0.0700205 0.0944082 0.0956984 0.0800834 0.0492720 0.0773848 0.1069086 0.0143531 0.0626130 0.0731017 0.0735544 0.0719788 0.0730488 0.0853237 0.0581887 0.0809661 0.0630306 0.0742901 0.0703058 0.0135408 0.0904315 0.0959519 0.0918478 0.0145200 0.0156577 0.0426805 0.0843438 0.0420657 0.0598845 0.0842804 0.0944936 0.0876213 0.0480702 0.0610908 0.0710737 0.0885342 0.0678780 0.0154827 0.0371277 0.1011860 0.0891934 
S0405         0.3398212 0.4019208 0.0816205 0.1159682 0.0559205 0.1793670 0.0459670 0.0689893 0.0854826 0.0996582 0.0241685 0.0825237 0.0901051 0.0218970 0.0487005 0.1014110 0.0780072 0.0933182 0.0908632 0.0891475 0.0748346 0.0856929 0.1118541 0.0556960 0.0176780 0.0000000 0.0793623 0.0641066 0.0707410 0.0620846 0.0641543 0.0672007 0.0782056 0.0835126 0.0910466 0.0872514 0.0779611 0.0897402 0.0798124 0.0434093 0.0155277 0.0857122 0.0676447 0.0749808 0.0634621 0.0187126 0.0705050 0.0784944 0.1052753 0.0714169 0.0891170 0.0899965 0.0242682 0.0780358 0.0583001 0.0220072 0.0633346 0.0551186 0.0923405 0.0662569 0.0781441 0.0791314 0.0672403 0.0567778 0.0785478 0.0843355 0.0691077 0.0869257 0.0903104 0.0876353 0.0890778 0.0394482 0.0896936 0.1122060 0.0957537 0.0671347 0.0903990 0.0796980 0.0846008 0.1161617 0.0571117 0.1117471 0.0721895 0.0979751 0.0973868 0.0786137 0.0529712 0.0853936 0.1132608 0.0231487 0.0715260 0.0799442 0.0725194 0.0709354 0.0720082 0.0869094 0.0620725 0.0835174 0.0697259 0.0770597 0.0730871 0.0156792 0.0859816 0.1002864 0.0949729 0.0222672 0.0178314 0.0499082 0.0886439 0.0457248 0.0639036 0.0858437 0.0961118 0.0905860 0.0553515 0.0596703 0.0740255 0.0929547 0.0706308 0.0231532 0.0447210 0.1200157 0.1071313 
S0407sl       0.3699095 0.3580975 0.0935544 0.1294795 0.1045688 0.1892117 0.0997074 0.0801484 0.0378093 0.1067499 0.0832305 0.0424129 0.1014299 0.0853526 0.1116281 0.0597716 0.1005276 0.1064878 0.0520057 0.1136943 0.0378919 0.0997900 0.1206697 0.0927091 0.0763402 0.0793623 0.0000000 0.1011035 0.0341234 0.0809819 0.0983148 0.0433054 0.1037100 0.0596819 0.1064395 0.1197051 0.0855091 0.1158642 0.0418015 0.0998856 0.0762495 0.0460453 0.0522083 0.0690347 0.0885297 0.0761482 0.0847568 0.1057167 0.1152204 0.0988680 0.1168627 0.1031389 0.0820612 0.0992434 0.0755096 0.0816113 0.0793944 0.0748906 0.1029399 0.0794752 0.0596226 0.1002777 0.0589705 0.0510340 0.0722931 0.0369516 0.0877520 0.0984427 0.1042010 0.0965330 0.1069300 0.0947085 0.1116310 0.1269264 0.1071840 0.0934996 0.1033593 0.0927024 0.0968524 0.1249478 0.0756830 0.1149529 0.0591470 0.1171203 0.1130135 0.1015566 0.0951859 0.1075288 0.1222247 0.0842843 0.1065630 0.0803516 0.0320532 0.0613777 0.0624551 0.1114080 0.0503831 0.0399097 0.0799446 0.1011011 0.1012950 0.0758559 0.1095354 0.1196249 0.1067882 0.0796926 0.0769871 0.0957987 0.1048463 0.0905475 0.0484699 0.0925830 0.1106439 0.0481187 0.0950952 0.0800835 0.0122302 0.1155011 0.0598640 0.0799363 0.0924038 0.0939602 0.0928830 
S0412sl       0.3533114 0.4503963 0.0831344 0.0991501 0.0932238 0.1800814 0.0778763 0.0758946 0.1004594 0.0987296 0.0652687 0.0912220 0.1059776 0.0558032 0.0954561 0.1155911 0.0841079 0.1104633 0.1091262 0.0968525 0.0886720 0.0930832 0.1001881 0.0673005 0.0589471 0.0641066 0.1011035 0.0000000 0.0872309 0.0785319 0.0691586 0.0855613 0.0869613 0.1067057 0.0999421 0.0876533 0.0832694 0.0988472 0.0940160 0.0738040 0.0577859 0.1014307 0.0697477 0.0928974 0.0670557 0.0613766 0.0727807 0.0793902 0.1126012 0.0546539 0.0968614 0.1061574 0.0590548 0.0905596 0.0716352 0.0627995 0.0769370 0.0684046 0.1025661 0.0681748 0.0709718 0.0940777 0.0889611 0.0520701 0.0967633 0.0875098 0.0720677 0.0995592 0.0965143 0.1046656 0.0995462 0.0912209 0.0998678 0.1208695 0.1162217 0.0845384 0.0965521 0.0948763 0.0944409 0.1237868 0.0703947 0.1223210 0.0967234 0.1165034 0.1117841 0.0921053 0.0683856 0.0945630 0.1156651 0.0652589 0.0915018 0.0793293 0.0919737 0.0902589 0.0913499 0.0958242 0.0731646 0.0984416 0.0759160 0.0817531 0.0818555 0.0532424 0.0945107 0.1152319 0.1066043 0.0583420 0.0522088 0.0755504 0.0988796 0.0696581 0.0814995 0.1004706 0.1094702 0.1058960 0.0752627 0.0760823 0.0981006 0.1015252 0.0897383 0.0654101 0.0567958 0.1062628 0.0837789 
S0417         0.3457761 0.3346566 0.0761374 0.0971116 0.0936816 0.1831263 0.0891170 0.0679340 0.0306473 0.0987621 0.0731605 0.0305301 0.0865254 0.0757436 0.0991896 0.0433944 0.0842038 0.0960935 0.0432575 0.0968383 0.0339503 0.0788780 0.1052414 0.0756011 0.0678813 0.0707410 0.0341234 0.0872309 0.0000000 0.0687979 0.0833675 0.0251127 0.0871724 0.0413069 0.0936702 0.1020520 0.0729409 0.0988069 0.0264865 0.0879139 0.0640600 0.0328032 0.0421250 0.0556466 0.0783618 0.0690574 0.0723701 0.0889561 0.1073822 0.0800922 0.1011709 0.0922913 0.0708287 0.0841641 0.0635182 0.0729756 0.0673119 0.0640589 0.0878098 0.0693387 0.0478979 0.0815241 0.0437354 0.0349027 0.0674274 0.0353611 0.0819736 0.0889019 0.0890618 0.0923971 0.0918518 0.0895529 0.0967366 0.1157117 0.0978190 0.0718828 0.0889152 0.0793881 0.0856294 0.1083518 0.0624245 0.1063140 0.0392683 0.1066289 0.1005396 0.0840114 0.0811586 0.0880807 0.1132468 0.0758442 0.0916224 0.0652617 0.0273255 0.0483887 0.0494435 0.0945994 0.0402462 0.0282615 0.0687449 0.0861343 0.0833141 0.0648250 0.0867987 0.1021621 0.0929620 0.0700468 0.0672847 0.0866674 0.0893322 0.0753433 0.0375016 0.0785322 0.0929945 0.0372997 0.0794303 0.0665506 0.0318257 0.1000374 0.0399366 0.0716378 0.0763018 0.0870697 0.0857937 
S0419         0.3185528 0.3468223 0.0752967 0.0858351 0.0641457 0.1809181 0.0774759 0.0240642 0.0824840 0.0768948 0.0633144 0.0806107 0.0857188 0.0622294 0.0998216 0.0980162 0.0792627 0.0955398 0.0966376 0.0919520 0.0757340 0.0779152 0.0827574 0.0646321 0.0594014 0.0620846 0.0809819 0.0785319 0.0687979 0.0000000 0.0681761 0.0607949 0.0809517 0.0833191 0.0926405 0.0981271 0.0799884 0.0912184 0.0751888 0.0787221 0.0568424 0.0864208 0.0686241 0.0745557 0.0709588 0.0592733 0.0519141 0.0843191 0.0983542 0.0778678 0.0919808 0.0829295 0.0647084 0.0764191 0.0101005 0.0643884 0.0090781 0.0101788 0.0882494 0.0450949 0.0698198 0.0912591 0.0668068 0.0588204 0.0689616 0.0748362 0.0716760 0.0825554 0.0907854 0.0845837 0.0948509 0.0819887 0.0737962 0.1064713 0.0760707 0.0761190 0.0897297 0.0796623 0.0832343 0.1061649 0.0091300 0.1018993 0.0700949 0.1040742 0.0886247 0.0866176 0.0760961 0.0776441 0.1059841 0.0659205 0.0816868 0.0655031 0.0731766 0.0680185 0.0690847 0.0923454 0.0642937 0.0819683 0.0705879 0.0767404 0.0771010 0.0590193 0.0871776 0.1010744 0.0865441 0.0639393 0.0562823 0.0778798 0.0801891 0.0732763 0.0599002 0.0775542 0.0907660 0.0915002 0.0736071 0.0122634 0.0757573 0.0768534 0.0687890 0.0646657 0.0625232 0.0722843 0.0523142 
S0427         0.3615161 0.4282418 0.0778889 0.1069959 0.0602770 0.1875851 0.0659983 0.0670893 0.1001976 0.0965064 0.0638330 0.0929533 0.0949775 0.0613584 0.0956612 0.1138744 0.0837297 0.1003481 0.1132239 0.0950427 0.0894323 0.0833889 0.1094358 0.0367505 0.0577361 0.0641543 0.0983148 0.0691586 0.0833675 0.0681761 0.0000000 0.0708034 0.0853054 0.0957969 0.0859497 0.0943778 0.0855244 0.0925185 0.0901319 0.0766537 0.0590260 0.1001679 0.0828082 0.0914434 0.0612581 0.0601596 0.0722997 0.0858309 0.1098745 0.0751708 0.0919095 0.0994785 0.0655425 0.0754566 0.0615101 0.0627628 0.0654293 0.0582877 0.0911458 0.0707299 0.0910017 0.0956887 0.0836411 0.0710913 0.0754198 0.0897358 0.0730930 0.0858353 0.0896215 0.0851184 0.0856304 0.0838461 0.0916230 0.1166846 0.0982036 0.0817990 0.0986264 0.0796155 0.0834943 0.1179480 0.0602987 0.1104365 0.0834318 0.0983396 0.0977954 0.0884028 0.0715086 0.0805541 0.1111799 0.0642087 0.0886771 0.0819374 0.0893835 0.0862770 0.0873679 0.0922238 0.0783044 0.0967546 0.0729901 0.0784438 0.0815002 0.0557901 0.0956952 0.1049273 0.0952438 0.0595249 0.0559713 0.0677920 0.0903406 0.0632521 0.0785837 0.0919328 0.0983992 0.1045492 0.0796774 0.0657728 0.0937950 0.0994508 0.0854240 0.0613972 0.0508226 0.1196458 0.1067807 
S0428sl       0.3293654 0.3601411 0.0770854 0.0988271 0.0822487 0.1735858 0.0796311 0.0597085 0.0362444 0.0850326 0.0714864 0.0305471 0.0850689 0.0712770 0.0875805 0.0519579 0.0855017 0.0886825 0.0484294 0.0940009 0.0374714 0.0852407 0.1105919 0.0683159 0.0667911 0.0672007 0.0433054 0.0855613 0.0251127 0.0607949 0.0708034 0.0000000 0.0855199 0.0463268 0.0820578 0.1067248 0.0649593 0.0946267 0.0307217 0.0808472 0.0574912 0.0416666 0.0402499 0.0489709 0.0807718 0.0667117 0.0702088 0.0867213 0.1087145 0.0750469 0.0996604 0.0864211 0.0700862 0.0860207 0.0531660 0.0697322 0.0575985 0.0550546 0.0815539 0.0634758 0.0486814 0.0850839 0.0377556 0.0314277 0.0589262 0.0382401 0.0802229 0.0880429 0.0877255 0.0791455 0.0845117 0.0787882 0.0949034 0.1110198 0.0969010 0.0694979 0.0793974 0.0726955 0.0753604 0.1145358 0.0531606 0.1050962 0.0317810 0.0918088 0.0944055 0.0819874 0.0719025 0.0813831 0.1133796 0.0731656 0.0888724 0.0642902 0.0253853 0.0405015 0.0417642 0.0878855 0.0404385 0.0346020 0.0597403 0.0868898 0.0825206 0.0614821 0.0871714 0.1014285 0.0906140 0.0719598 0.0644501 0.0750865 0.0862420 0.0727510 0.0388782 0.0733461 0.0875489 0.0442647 0.0775162 0.0563997 0.0404777 0.0937853 0.0387421 0.0695838 0.0689354 0.0736165 0.0682551 
