120
CRNC          0.0000000 0.3084733 0.3297685 0.4804674 0.4807130 0.3843862 0.3810176 0.4629936 0.4496013 0.4767136 0.4776945 0.4262974 0.3770877 0.4663731 0.5019131 0.4455886 0.5060644 0.4761845 0.4092834 0.5140937 0.4053589 0.4746575 0.5161692 0.4544178 0.4861927 0.4820648 0.4440138 0.4188432 0.4623298 0.4642578 0.5053298 0.4253702 0.5059785 0.4194676 0.4441578 0.5033912 0.4775048 0.4959684 0.3827761 0.4842409 0.4635330 0.4445110 0.4121178 0.4293942 0.4597505 0.4410412 0.4559991 0.5167757 0.4341134 0.4437890 0.5070630 0.5131079 0.4767392 0.4699971 0.4639156 0.5148864 0.4643580 0.4780222 0.4727931 0.4496707 0.4466238 0.4763586 0.4175903 0.4736411 0.4618918 0.5032969 0.4578423 0.4876051 0.5337264 0.4583762 0.5375854 0.4683460 0.4376677 0.4824462 0.4894850 0.4973139 0.4496719 0.4091584 0.4335807 0.4941213 0.4244587 0.4530833 0.4712495 0.4689817 0.5098531 0.4291314 0.4634970 0.4753674 0.4850231 0.4023655 0.4478044 0.4432437 0.4433526 0.4944431 0.5375567 0.4784727 0.5060367 0.5181775 0.5025512 0.4865072 0.4151582 0.4706085 0.4051414 0.4637654 0.4512194 0.4431710 0.3798456 0.3957702 0.3944221 0.3912062 0.3999030 0.4350505 0.4889228 0.4763136 0.5576559 0.4716467 0.4123672 0.4806448 0.3666036 0.5168657 
HYZL          0.3084733 0.0000000 0.2477075 0.4221189 0.4922799 0.3733694 0.3322319 0.4018944 0.4225089 0.4535671 0.4254402 0.4158518 0.3881317 0.4234279 0.4100920 0.3821083 0.4441643 0.4597447 0.4076639 0.4443735 0.3941549 0.4438886 0.4411829 0.3513544 0.4331926 0.4378295 0.4259855 0.4036958 0.4199474 0.4138585 0.4005011 0.4132101 0.4314093 0.4379976 0.4435060 0.4216410 0.4638248 0.4282768 0.3602415 0.4243510 0.4262635 0.4109398 0.4522320 0.4140717 0.3829525 0.4283928 0.4015889 0.4465317 0.3606211 0.4009759 0.4327232 0.3918807 0.4484468 0.4083339 0.3990606 0.4948736 0.4139617 0.4187690 0.4414796 0.4002768 0.4205088 0.4896856 0.3758413 0.3897563 0.3835678 0.4518949 0.4318741 0.4722439 0.4827828 0.4248683 0.4929900 0.4010980 0.3507494 0.4200780 0.4569266 0.4236595 0.4291493 0.3928513 0.3440635 0.4204004 0.3425913 0.4237388 0.4291137 0.4301581 0.4949437 0.4136560 0.3717705 0.4317606 0.4569560 0.4035382 0.4071471 0.4008095 0.4035464 0.4267742 0.4805681 0.4363858 0.4697349 0.4421010 0.4315101 0.4341887 0.4493230 0.4347080 0.4208571 0.4209936 0.4223346 0.4117843 0.4189542 0.3291447 0.4216954 0.4372354 0.4154660 0.4319497 0.4557804 0.4248354 0.5247655 0.4038149 0.3479464 0.4217825 0.4446990 0.4543273 
MYZV          0.3297685 0.2477075 0.0000000 0.6225473 0.5994794 0.4720179 0.5628641 0.5892134 0.6359315 0.5615598 0.5279007 0.5462495 0.4591227 0.5167895 0.5432567 0.5584970 0.6190701 0.6111272 0.5625824 0.6844869 0.5823481 0.5245659 0.5234210 0.5125012 0.5336592 0.5731261 0.5639176 0.5464286 0.5663152 0.5835071 0.5510787 0.5469074 0.6445672 0.5692865 0.4784185 0.5627691 0.6348205 0.6423677 0.5408679 0.4887746 0.5308573 0.5386330 0.5462277 0.4523778 0.5998940 0.5189459 0.5318832 0.6422912 0.4365547 0.5957942 0.6668680 0.3460466 0.5423581 0.5384786 0.5674349 0.5673621 0.5637366 0.6099996 0.4913456 0.5095437 0.5697585 0.7479923 0.4858235 0.5301729 0.5820282 0.6834511 0.5436089 0.5449695 0.5280238 0.5297801 0.5529917 0.5330483 0.4538633 0.5353188 0.6931574 0.5947424 0.4866548 0.4448627 0.4523250 0.6517167 0.4484962 0.4194539 0.5879877 0.5455009 0.7237750 0.5673259 0.5219679 0.5423581 0.6357611 0.5856438 0.5731211 0.4773615 0.4416873 0.6593875 0.7012650 0.6604885 0.6371924 0.6621058 0.6573646 0.5515805 0.6478758 0.5387995 0.4563635 0.5235958 0.5511218 0.6119556 0.4814027 0.4610144 0.5259615 0.5462531 0.4657867 0.5674910 0.5751838 0.5898170 0.7342635 0.5403968 0.4618804 0.5579072 0.4190293 0.5411549 
SRR6441723    0.4804674 0.4221189 0.6225473 0.0000000 0.1631686 0.3890400 0.1201938 0.0622527 0.1819509 0.0938229 0.1284328 0.1263499 0.1006683 0.1193098 0.1101408 0.1825370 0.1954605 0.1598074 0.1459250 0.1807102 0.1467257 0.0680728 0.0583914 0.1378758 0.1192561 0.1333105 0.1416500 0.1459426 0.1405576 0.0700492 0.1594590 0.1430537 0.1912215 0.1641161 0.0778724 0.1174030 0.1838654 0.1906531 0.1495970 0.1280819 0.1238826 0.1657589 0.1505659 0.1698737 0.1043985 0.1242376 0.0588205 0.1813001 0.1684556 0.1458160 0.1915052 0.1497687 0.1321066 0.0805057 0.0662846 0.1426961 0.0589830 0.0669544 0.0970568 0.0591178 0.1388084 0.1709582 0.1355968 0.0906091 0.1561057 0.1679951 0.0850289 0.0985514 0.0822296 0.0860773 0.1451844 0.1008502 0.1744076 0.1201393 0.1636225 0.2007470 0.1012812 0.0987725 0.1582214 0.0866687 0.1623843 0.1754265 0.0979277 0.0579086 0.1716149 0.1478633 0.1543031 0.1146171 0.1344080 0.0618239 0.1498901 0.1430241 0.1439883 0.1846860 0.2641600 0.1741077 0.1635352 0.1874582 0.1800817 0.1283436 0.1535453 0.0895384 0.1107474 0.1097939 0.1335604 0.1379085 0.1012226 0.1025593 0.1307434 0.0839818 0.1045747 0.1400556 0.1107248 0.0630660 0.2184607 0.0929098 0.1481363 0.1182538 0.1069620 0.1440680 
ERR2789774    0.4807130 0.4922799 0.5994794 0.1631686 0.0000000 0.4274127 0.1003929 0.1052726 0.2058001 0.1166601 0.0730776 0.1571492 0.1587477 0.0740427 0.1290624 0.2032415 0.1767091 0.1544809 0.1874373 0.1677853 0.1748461 0.1624287 0.1662891 0.1517776 0.0616554 0.0697617 0.1737843 0.1618824 0.1931288 0.1094418 0.1501680 0.1698309 0.1624605 0.1782391 0.1281791 0.1500296 0.1856981 0.1672669 0.1776468 0.0868173 0.0622422 0.1789451 0.1832639 0.1680091 0.0874645 0.0824335 0.1007691 0.1634865 0.1630741 0.1583763 0.1728764 0.1840356 0.0692000 0.1373785 0.1051118 0.0847455 0.1052974 0.1150511 0.1728262 0.1049410 0.1552239 0.1709751 0.1463180 0.1568760 0.1926550 0.1632385 0.1334025 0.1405083 0.1473770 0.1399857 0.1624188 0.1257040 0.1895079 0.1782475 0.1611355 0.1917395 0.1479941 0.1412606 0.1778363 0.1200954 0.1821941 0.0968833 0.1495902 0.1545019 0.1690369 0.1223270 0.1756155 0.0618082 0.1054609 0.1339575 0.1804043 0.1334256 0.1343439 0.1774443 0.2521080 0.2183719 0.1694963 0.1742070 0.1672063 0.0659296 0.1386501 0.1575535 0.1738911 0.0617912 0.0699360 0.1246533 0.1494653 0.1034813 0.1575920 0.1479363 0.1572340 0.2153686 0.0779852 0.1103626 0.2340212 0.1300111 0.1343115 0.0650517 0.0851841 0.1150262 
PAFTOL_019361 0.3843862 0.3733694 0.4720179 0.3890400 0.4274127 0.0000000 0.3038932 0.3234670 0.3548915 0.4079641 0.3762018 0.3458782 0.3961224 0.3707811 0.3918384 0.3371915 0.4741728 0.4666767 0.3143539 0.4214094 0.3722525 0.3184506 0.2893097 0.3568802 0.3858420 0.4087930 0.3492494 0.3846339 0.3965872 0.3420307 0.3927853 0.3416440 0.4214094 0.4017480 0.3963343 0.4313698 0.3570901 0.3874880 0.3390288 0.4386701 0.3582780 0.3498222 0.4506848 0.3563761 0.3515519 0.3523400 0.2984372 0.4042107 0.3955976 0.3657786 0.4214094 0.8198526 0.3733342 0.3875814 0.3274818 0.4579838 0.3274818 0.3449098 0.4554535 0.3099686 0.4013097 0.4006005 0.3310907 0.3164172 0.3416624 0.4286594 0.4146207 0.3911604 0.4437494 0.3911487 0.4797208 0.3803051 0.4098159 0.3428899 0.3799519 0.3531732 0.4217149 0.3970228 0.4168453 0.3329027 0.4333854 0.4671188 0.4096412 0.3422236 0.4258475 0.3662372 0.3955976 0.3742584 0.4045779 0.3290529 0.3727931 0.3832244 0.4160932 0.4045823 0.3165246 0.3749748 0.4257135 0.4460694 0.4214094 0.3866677 0.3196918 0.3100311 0.4057808 0.3707811 0.3902320 0.3841549 0.3348513 0.2931686 0.4140026 0.3695647 0.3852840 0.4360557 0.3777493 0.3274818 0.3932605 0.3803051 0.3406484 0.3707811 0.0000010 0.4111586 
S0055         0.3810176 0.3322319 0.5628641 0.1201938 0.1003929 0.3038932 0.0000000 0.0778550 0.1309161 0.0983758 0.0576416 0.1082262 0.1112805 0.0699006 0.0772735 0.1330582 0.1613379 0.1281173 0.1256592 0.1521305 0.1256896 0.1145998 0.1214088 0.0586597 0.0611853 0.0617532 0.1064438 0.0773178 0.1216170 0.0858810 0.0755826 0.1357457 0.1513295 0.1109667 0.1014737 0.1010863 0.1389895 0.1555214 0.1162736 0.0866295 0.0613439 0.1493349 0.1228240 0.1418758 0.0722063 0.0703094 0.0774390 0.1517627 0.1200176 0.1074099 0.1623799 0.1084960 0.0685824 0.0953919 0.0817519 0.0806058 0.0819053 0.0910499 0.1136403 0.0776103 0.1168858 0.0963534 0.1160275 0.0956482 0.1156056 0.1416890 0.0965678 0.1067249 0.1149126 0.0935217 0.1059079 0.0917572 0.1308493 0.1046442 0.1091702 0.1253284 0.1144848 0.1112817 0.0988715 0.1111495 0.0985255 0.1014811 0.0975637 0.1069839 0.1127430 0.0617100 0.1035493 0.0573406 0.0631830 0.0960734 0.1066812 0.1102360 0.1150094 0.1500988 0.2745401 0.1610972 0.1438073 0.1585397 0.1515768 0.0651774 0.0899169 0.1515246 0.1200549 0.0571602 0.0693429 0.0434882 0.1168892 0.0293863 0.0974982 0.1023171 0.1239477 0.1499301 0.0713393 0.0866230 0.1812750 0.0917383 0.1137519 0.0607057 0.1160658 0.0936660 
S0196sl       0.4629936 0.4018944 0.5892134 0.0622527 0.1052726 0.3234670 0.0778550 0.0000000 0.1395886 0.0508097 0.0671093 0.0970073 0.0797872 0.0596424 0.0850638 0.1447091 0.1372485 0.0963576 0.1110922 0.1337184 0.1019211 0.0690050 0.0880784 0.0971856 0.0595827 0.0710107 0.1057562 0.1020011 0.1077427 0.0178414 0.1072668 0.1041711 0.1381848 0.1174092 0.0410154 0.0924500 0.1354747 0.1330082 0.1229926 0.0911895 0.0633472 0.1376387 0.1289537 0.1354802 0.0618090 0.0676171 0.0209298 0.1341217 0.1226628 0.1139316 0.1335878 0.1225014 0.0704291 0.0479020 0.0147729 0.0787706 0.0147998 0.0211508 0.0729210 0.0210293 0.1049320 0.1184168 0.0959019 0.0630916 0.1139067 0.1144235 0.0440752 0.0756993 0.0669476 0.0480850 0.1085286 0.0564428 0.1278201 0.0905567 0.1274529 0.1594420 0.0701216 0.0674404 0.1134437 0.0293944 0.1172646 0.1344482 0.0633153 0.0699590 0.1351374 0.1185539 0.1100061 0.0558529 0.1074791 0.0544373 0.1105774 0.0977434 0.0984021 0.1374565 0.2164688 0.1599059 0.1159052 0.1346006 0.1285277 0.0671027 0.1096850 0.1078016 0.0882566 0.0520541 0.0711899 0.0954441 0.0836715 0.0716962 0.1014484 0.0641481 0.0752936 0.1242676 0.0761283 0.0179826 0.1697241 0.0564152 0.1093496 0.0591279 0.0953392 0.1074327 
S0278         0.4496013 0.4225089 0.6359315 0.1819509 0.2058001 0.3548915 0.1309161 0.1395886 0.0000000 0.1659896 0.1646569 0.0376022 0.1343829 0.1766044 0.1930232 0.0624065 0.2276342 0.2241047 0.0371847 0.2236225 0.0770790 0.1483122 0.1567581 0.1664621 0.1692658 0.1661795 0.0662529 0.1953670 0.0693788 0.1479862 0.1917284 0.0616399 0.2184973 0.1025280 0.1455987 0.1730632 0.1953446 0.2108940 0.0345500 0.1897812 0.1650456 0.0758134 0.0749153 0.1264848 0.1510968 0.1886226 0.1383312 0.2244131 0.1907260 0.2068453 0.2234796 0.2334852 0.1741566 0.1391418 0.1431753 0.1965089 0.1434091 0.1545068 0.1674522 0.1282598 0.0660386 0.1952297 0.0999923 0.1389090 0.0684331 0.2100575 0.1400647 0.1389109 0.1693684 0.1324866 0.2107512 0.1511329 0.1810616 0.1809324 0.2019037 0.2320416 0.1733790 0.1603432 0.1875422 0.1813867 0.1821334 0.1733945 0.1544539 0.1484512 0.2103914 0.2255089 0.1992959 0.1637775 0.1959008 0.1376485 0.0437212 0.0983442 0.1032432 0.2226461 0.2440293 0.0401057 0.1868132 0.2252626 0.2169133 0.1700144 0.1653172 0.1814397 0.1526769 0.1580322 0.1707227 0.1666968 0.1461069 0.1520638 0.0703340 0.1295291 0.1374005 0.0905977 0.1847291 0.1492147 0.1200138 0.1664514 0.1034511 0.1677334 0.1077542 0.2192853 
S0281         0.4767136 0.4535671 0.5615598 0.0938229 0.1166601 0.4079641 0.0983758 0.0508097 0.1659896 0.0000000 0.1032925 0.1164542 0.1112401 0.1046589 0.1274387 0.1612998 0.1558390 0.1169900 0.1358693 0.1426606 0.1217449 0.0891924 0.0915144 0.1413694 0.0948768 0.1077174 0.1210081 0.1138688 0.1279726 0.0504295 0.1571015 0.1345649 0.1471899 0.1439932 0.0693561 0.1078746 0.1386756 0.1515312 0.1406683 0.1212459 0.0991073 0.1538720 0.1688340 0.1411028 0.0762508 0.1102847 0.0335276 0.1430856 0.1528397 0.1488269 0.1521832 0.1394247 0.1067880 0.0816032 0.0469766 0.1163482 0.0470622 0.0474337 0.0958836 0.0369979 0.1307157 0.1411699 0.0931709 0.1021483 0.1256661 0.1294975 0.0811038 0.0859498 0.0924513 0.0781756 0.1499230 0.0665497 0.1514658 0.1019414 0.1363447 0.1547296 0.1057067 0.1032214 0.1670613 0.0712909 0.1712627 0.1285862 0.0982379 0.1109484 0.1439334 0.1274990 0.1401909 0.0906628 0.1141577 0.0848571 0.1260358 0.0985822 0.0944303 0.1463472 0.2545555 0.1769714 0.1294421 0.1484242 0.1421766 0.1032463 0.1103525 0.1282538 0.1074541 0.0863073 0.0985346 0.1101499 0.1122196 0.0965164 0.1211676 0.0905397 0.0977988 0.1454689 0.0957939 0.0508367 0.1873973 0.0665238 0.1010751 0.0941173 0.0948660 0.1303124 
S0282         0.4776945 0.4254402 0.5279007 0.1284328 0.0730776 0.3762018 0.0576416 0.0671093 0.1646569 0.1032925 0.0000000 0.1284135 0.1251423 0.0179488 0.0858058 0.1433640 0.1583843 0.1162187 0.1379240 0.1502182 0.1279958 0.1314502 0.1301828 0.1193776 0.0116284 0.0177983 0.1203973 0.1325502 0.1249188 0.0746214 0.1181680 0.1317111 0.1541514 0.1349121 0.1014821 0.1260734 0.1363189 0.1544481 0.1389973 0.0513183 0.0146714 0.1502048 0.1402017 0.1480929 0.0622360 0.0243887 0.0669798 0.1506867 0.1336631 0.1333364 0.1551338 0.1034459 0.0206701 0.1046163 0.0707708 0.0301738 0.0709009 0.0793454 0.1233917 0.0669081 0.1334002 0.1318602 0.1255273 0.1092472 0.1225856 0.1403995 0.1008842 0.1074334 0.1147389 0.1015530 0.1176597 0.1037289 0.1457896 0.1146949 0.1375488 0.1643270 0.1107857 0.1032807 0.1353900 0.0910700 0.1394344 0.1065057 0.1068929 0.1152230 0.1458399 0.1075142 0.1392630 0.0086812 0.0839740 0.0932289 0.1235722 0.1193486 0.1244664 0.1540603 0.2567878 0.1806906 0.1462247 0.1563311 0.1496939 0.0177264 0.1191277 0.1332726 0.1256089 0.0086793 0.0208786 0.0767489 0.1214096 0.0613713 0.1216536 0.1070384 0.1155761 0.1584828 0.0591708 0.0752447 0.1974429 0.1037176 0.1121875 0.0115781 0.0980841 0.0810191 
S0289         0.4262974 0.4158518 0.5462495 0.1263499 0.1571492 0.3458782 0.1082262 0.0970073 0.0376022 0.1164542 0.1284135 0.0000000 0.0948902 0.1352758 0.1493372 0.0553734 0.1989377 0.1839449 0.0274359 0.1964918 0.0474080 0.0966290 0.1257451 0.1324919 0.1283844 0.1346206 0.0409319 0.1452720 0.0479531 0.1004504 0.1544167 0.0372278 0.1908599 0.0675758 0.1022001 0.1259928 0.1812617 0.1895313 0.0283676 0.1380953 0.1248619 0.0474997 0.0598104 0.0837856 0.1166508 0.1458757 0.0961700 0.1918873 0.1585829 0.1606887 0.1956190 0.1761534 0.1333658 0.1095195 0.0962334 0.1535467 0.0964059 0.1058460 0.1220392 0.0833331 0.0441816 0.1754416 0.0636639 0.1044475 0.0373746 0.1708016 0.1059629 0.1007138 0.1150723 0.1029484 0.1588153 0.1080824 0.1595023 0.1541369 0.1682044 0.1949395 0.1315632 0.1195171 0.1649861 0.1205609 0.1692376 0.1340381 0.1144102 0.1181388 0.1769933 0.1789320 0.1538964 0.1238996 0.1436679 0.1040564 0.0304406 0.0573217 0.0612593 0.1956619 0.2116704 0.0515784 0.1567626 0.1971722 0.1894605 0.1294764 0.1619020 0.1344684 0.1146135 0.1187836 0.1299981 0.1364946 0.1015024 0.1097286 0.0445130 0.0886412 0.0914548 0.0579391 0.1532458 0.1012978 0.0798552 0.1216970 0.0540192 0.1276846 0.0741247 0.1703492 
S0292         0.3770877 0.3881317 0.4591227 0.1006683 0.1587477 0.3961224 0.1112805 0.0797872 0.1343829 0.1112401 0.1251423 0.0948902 0.0000000 0.1315639 0.1311282 0.1279259 0.1778410 0.1553797 0.1172567 0.1741176 0.1043515 0.1044826 0.0982299 0.1309120 0.1205574 0.1347801 0.1176502 0.1611809 0.1226905 0.0871738 0.1451884 0.1209079 0.1737288 0.1257769 0.0661026 0.1380256 0.1759703 0.1732173 0.1197836 0.1323207 0.1252388 0.1353914 0.1176637 0.1159131 0.1210023 0.1424895 0.0830846 0.1746785 0.1324138 0.1475388 0.1687303 0.2015167 0.1335519 0.0783934 0.0831471 0.1442747 0.0832984 0.0922207 0.0902617 0.0747670 0.0986821 0.1512671 0.1000598 0.0909178 0.1312594 0.1751714 0.0750381 0.0948444 0.1016582 0.0756030 0.1589522 0.1086205 0.1507704 0.1211629 0.1505524 0.1933354 0.0893388 0.0867613 0.1436892 0.1083552 0.1477659 0.1499923 0.0742722 0.1177091 0.1684678 0.1445334 0.1510702 0.1158629 0.1378798 0.0782805 0.1208302 0.0920336 0.0968541 0.1780497 0.2679658 0.1443348 0.1282801 0.1700324 0.1631386 0.1297495 0.1401581 0.1296884 0.0338402 0.1109794 0.1350325 0.1437281 0.0488970 0.0938561 0.0938452 0.0373784 0.0268413 0.1286633 0.1125679 0.0879058 0.2023079 0.1053406 0.1035746 0.1195346 0.1211793 0.1376245 
S0293         0.4663731 0.4234279 0.5167895 0.1193098 0.0740427 0.3707811 0.0699006 0.0596424 0.1766044 0.1046589 0.0179488 0.1352758 0.1315639 0.0000000 0.0828185 0.1501060 0.1438901 0.1131780 0.1450166 0.1354550 0.1343704 0.1223333 0.1196579 0.1062935 0.0118070 0.0210888 0.1264968 0.1517100 0.1312703 0.0756221 0.1151717 0.1268593 0.1392883 0.1413725 0.0973690 0.1372823 0.1471504 0.1395627 0.1397771 0.0558402 0.0148606 0.1570226 0.1351519 0.1547982 0.0631069 0.0180681 0.0678813 0.1358673 0.1450469 0.1446992 0.1401774 0.1419943 0.0209362 0.1002878 0.0717215 0.0305664 0.0718545 0.0804159 0.1234332 0.0635870 0.1302115 0.1334776 0.1310857 0.1152774 0.1288167 0.1354529 0.0965897 0.1135153 0.1151818 0.1064012 0.1236051 0.1051498 0.1577222 0.1250315 0.1398109 0.1664412 0.1122720 0.1046885 0.1353989 0.0878046 0.1437393 0.1152651 0.1129471 0.1064208 0.1477213 0.1089318 0.1514032 0.0087925 0.0934241 0.0891252 0.1341626 0.1248918 0.1305456 0.1392243 0.2287937 0.1882709 0.1481502 0.1412496 0.1349801 0.0179558 0.1207647 0.1196149 0.1320434 0.0087905 0.0211500 0.0863452 0.1285076 0.0624077 0.1278178 0.1130141 0.1217384 0.1522665 0.0599652 0.0762600 0.2053959 0.1051386 0.1186481 0.0117260 0.0983279 0.0733390 
S0294         0.5019131 0.4100920 0.5432567 0.1101408 0.1290624 0.3918384 0.0772735 0.0850638 0.1930232 0.1274387 0.0858058 0.1493372 0.1311282 0.0828185 0.0000000 0.1855557 0.1759643 0.1399428 0.1609511 0.1670686 0.1455537 0.1272246 0.1282116 0.1066265 0.0778796 0.0899437 0.1494959 0.1228404 0.1522703 0.0970393 0.1114654 0.1497423 0.1710675 0.1527932 0.1109949 0.1066413 0.1816321 0.1713847 0.1627673 0.1028590 0.0818543 0.1958370 0.1578163 0.1706937 0.0843957 0.0874626 0.0886968 0.1675966 0.1454300 0.1105312 0.1721418 0.1120069 0.0891913 0.0959415 0.0854318 0.1018045 0.0851079 0.1022160 0.1194851 0.0888906 0.1266189 0.1639945 0.1258067 0.0987478 0.1614066 0.1558924 0.1018236 0.1211673 0.1395299 0.1116392 0.0834422 0.1241361 0.1599457 0.1419776 0.1707560 0.1895597 0.1060536 0.1035596 0.1324962 0.1001837 0.1406805 0.1708134 0.1065062 0.1026317 0.1787706 0.1025031 0.1400142 0.0739312 0.1209788 0.0930070 0.1550628 0.1371325 0.1428421 0.1709439 0.2910150 0.2104875 0.1680086 0.1734646 0.1664928 0.0857818 0.1511820 0.1391204 0.1469794 0.0698765 0.0901508 0.1013849 0.1323107 0.0648257 0.1495958 0.1212751 0.1494054 0.1865778 0.0858388 0.0896600 0.2276443 0.1156978 0.1372263 0.0772740 0.1884121 0.1125779 
S0299         0.4455886 0.3821083 0.5584970 0.1825370 0.2032415 0.3371915 0.1330582 0.1447091 0.0624065 0.1612998 0.1433640 0.0553734 0.1279259 0.1501060 0.1855557 0.0000000 0.2404085 0.2167308 0.0629877 0.2300839 0.0701988 0.1440767 0.1523645 0.1739232 0.1433362 0.1494099 0.0707123 0.1507227 0.0747893 0.1434439 0.1876953 0.0693559 0.2309599 0.1035544 0.1460537 0.1752264 0.2041501 0.2350640 0.0605735 0.1577728 0.1393033 0.0617773 0.0811052 0.1098711 0.1638902 0.1611719 0.1338745 0.2309178 0.2063986 0.2155252 0.2361261 0.2215064 0.1480050 0.1395697 0.1386770 0.1734375 0.1389063 0.1498750 0.1383878 0.1239131 0.0640793 0.2022794 0.0974294 0.1369771 0.0666060 0.2049341 0.1404978 0.1393372 0.1689944 0.1374666 0.2193325 0.1473906 0.1963124 0.1684740 0.1856839 0.2121961 0.1528128 0.1347185 0.2154892 0.1755491 0.2252761 0.1861812 0.1458500 0.1489124 0.2051933 0.2124879 0.2132178 0.1382324 0.1652244 0.1380680 0.0549925 0.0957226 0.1006406 0.2290560 0.2184884 0.0738509 0.2004430 0.2380449 0.2292671 0.1440369 0.1794219 0.1598016 0.1460647 0.1329021 0.1446241 0.1672339 0.1352538 0.1350579 0.0788917 0.1355354 0.1202540 0.1010522 0.1649381 0.1446403 0.1403263 0.1688155 0.0891646 0.1420702 0.0873211 0.1777052 
S0303         0.5060644 0.4441643 0.6190701 0.1954605 0.1767091 0.4741728 0.1613379 0.1372485 0.2276342 0.1558390 0.1583843 0.1989377 0.1778410 0.1438901 0.1759643 0.2404085 0.0000000 0.0920500 0.2216234 0.0207391 0.1840511 0.2083504 0.1823025 0.1832097 0.1484315 0.1643017 0.2275337 0.2195079 0.1915127 0.1505615 0.1944457 0.2144808 0.0205268 0.2072293 0.1653922 0.1611637 0.1066827 0.0143336 0.2002073 0.1774057 0.1539787 0.2345300 0.2258822 0.2191326 0.1123408 0.1524189 0.1369166 0.0207931 0.1877466 0.1942130 0.0143764 0.1852779 0.1627646 0.1707336 0.1505302 0.1790287 0.1507706 0.1524393 0.1944537 0.1320642 0.2045720 0.1295717 0.1623334 0.1704960 0.2231539 0.0685388 0.1715888 0.1990262 0.1853562 0.1740957 0.2063526 0.2014143 0.1788636 0.1956422 0.1356713 0.1161526 0.1744478 0.1723172 0.1638679 0.1776228 0.1724811 0.1735316 0.1806345 0.1923764 0.1438504 0.1947245 0.1953870 0.1438146 0.1903458 0.1682123 0.1998918 0.1750783 0.1750030 0.0300225 0.3334610 0.2405508 0.0759693 0.0206699 0.0144607 0.1440898 0.1316501 0.2149336 0.1913955 0.1384735 0.1529523 0.1783253 0.1869618 0.1394787 0.1895199 0.1643325 0.1783923 0.2231774 0.1578246 0.1566854 0.2785659 0.1912924 0.1843206 0.1476225 0.1653774 0.1757993 
S0308         0.4761845 0.4597447 0.6111272 0.1598074 0.1544809 0.4666767 0.1281173 0.0963576 0.2241047 0.1169900 0.1162187 0.1839449 0.1553797 0.1131780 0.1399428 0.2167308 0.0920500 0.0000000 0.1998976 0.0977612 0.1658378 0.1534381 0.1480779 0.1652115 0.1074851 0.1208369 0.1863440 0.1945524 0.1700399 0.1047399 0.1595084 0.1920730 0.1059499 0.1849901 0.1331349 0.1701564 0.1016330 0.0964446 0.1909865 0.1310316 0.1118821 0.2215852 0.1876948 0.2093976 0.1035484 0.1137076 0.0925357 0.0980342 0.1788523 0.2002797 0.0968320 0.1431264 0.1197774 0.1333890 0.1047214 0.1337979 0.1049058 0.1102249 0.1685523 0.0930257 0.1684307 0.1228306 0.1582890 0.1464751 0.1825992 0.0812938 0.1340674 0.1609457 0.1475543 0.1406864 0.1839615 0.1479239 0.1767299 0.1741832 0.1352992 0.1220016 0.1488265 0.1465221 0.1714490 0.1252198 0.1802486 0.1546060 0.1603417 0.1536951 0.1431697 0.1617119 0.1719866 0.1030916 0.1437552 0.1347041 0.1781276 0.1652245 0.1654416 0.1012152 0.2916893 0.2370840 0.1027942 0.1025743 0.0974259 0.1074599 0.1198494 0.1967109 0.1752550 0.0985345 0.1165909 0.1417392 0.1724364 0.1168723 0.1593529 0.1492496 0.1581004 0.1943881 0.1191818 0.1099463 0.2473314 0.1479470 0.1577229 0.1066097 0.1251239 0.1492710 
S0320         0.4092834 0.4076639 0.5625824 0.1459250 0.1874373 0.3143539 0.1256592 0.1110922 0.0371847 0.1358693 0.1379240 0.0274359 0.1172567 0.1450166 0.1609511 0.0629877 0.2216234 0.1998976 0.0000000 0.2184327 0.0548100 0.1106142 0.1265298 0.1365586 0.1378959 0.1443355 0.0480863 0.1521771 0.0544496 0.1190570 0.1592453 0.0541760 0.2133403 0.0817812 0.1121238 0.1370283 0.1855404 0.2058145 0.0526724 0.1521213 0.1343569 0.0607326 0.0678568 0.1002091 0.1306794 0.1457486 0.1145380 0.2192010 0.1822119 0.1681930 0.2182912 0.1867315 0.1429833 0.1153067 0.1145971 0.1636176 0.1147962 0.1249081 0.1325049 0.1008696 0.0515061 0.1964603 0.0752582 0.1027374 0.0504678 0.1915462 0.1160743 0.1062849 0.1460578 0.1129749 0.1715732 0.1218046 0.1771926 0.1543116 0.2014257 0.2192730 0.1378483 0.1255868 0.1898370 0.1500404 0.1942945 0.1331445 0.1203358 0.1290944 0.2106688 0.1852693 0.1772187 0.1333238 0.1582417 0.1188879 0.0366044 0.0735039 0.0777204 0.2174831 0.2127793 0.0617594 0.1723038 0.2200344 0.2117873 0.1390459 0.1669678 0.1419104 0.1190090 0.1280717 0.1396102 0.1401160 0.1158869 0.1164717 0.0483398 0.1062897 0.1097948 0.0579623 0.1528915 0.1200588 0.1022806 0.1359330 0.0679995 0.1371403 0.0635473 0.1800784 
S0322         0.5140937 0.4443735 0.6844869 0.1807102 0.1677853 0.4214094 0.1521305 0.1337184 0.2236225 0.1426606 0.1502182 0.1964918 0.1741176 0.1354550 0.1670686 0.2300839 0.0207391 0.0977612 0.2184327 0.0000000 0.1749513 0.1933588 0.1785280 0.1794603 0.1403907 0.1554943 0.2175802 0.2149753 0.1930997 0.1421201 0.1906445 0.2047766 0.0115508 0.2078469 0.1566920 0.1574193 0.1042400 0.0177245 0.1904589 0.1638456 0.1453556 0.2244299 0.2158565 0.2181304 0.0999062 0.1528894 0.1240082 0.0057318 0.1811688 0.1849377 0.0177799 0.2137890 0.1540428 0.1619374 0.1420910 0.1699912 0.1423236 0.1390308 0.1851905 0.1193036 0.1950174 0.1261370 0.1598298 0.1668401 0.2132310 0.0659519 0.1679114 0.1895709 0.1705367 0.1651092 0.2146664 0.1918045 0.1723059 0.1808950 0.1279160 0.1137430 0.1654923 0.1632890 0.1690883 0.1726518 0.1779400 0.1580903 0.1768716 0.1830675 0.1356044 0.1802336 0.1893944 0.1353803 0.1706919 0.1543073 0.1903990 0.1719507 0.1724793 0.0144830 0.3207750 0.2303391 0.0898921 0.0116297 0.0056965 0.1453194 0.1232860 0.1995126 0.1821324 0.1301509 0.1443978 0.1643733 0.1844264 0.1312828 0.1857326 0.1606477 0.1693964 0.2183895 0.1395073 0.1481075 0.2874841 0.1818303 0.1782337 0.1391664 0.1663142 0.1526412 
S0327         0.4053589 0.3941549 0.5823481 0.1467257 0.1748461 0.3722525 0.1256896 0.1019211 0.0770790 0.1217449 0.1279958 0.0474080 0.1043515 0.1343704 0.1455537 0.0701988 0.1840511 0.1658378 0.0548100 0.1749513 0.0000000 0.1340787 0.1389412 0.1459110 0.1279675 0.1426782 0.0516029 0.1345920 0.0587275 0.1010718 0.1534390 0.0468830 0.1852982 0.0860562 0.1201365 0.1208058 0.1821856 0.1793627 0.0599958 0.1509035 0.1328078 0.0684548 0.0765673 0.1075630 0.1056583 0.1507682 0.0967720 0.1755157 0.1602599 0.1451356 0.1681522 0.1941841 0.1413521 0.1277367 0.0968356 0.1524762 0.0970095 0.1064953 0.1324069 0.0838694 0.0590107 0.1894067 0.0782953 0.1080018 0.0579241 0.1668445 0.1285793 0.1161517 0.1445896 0.1255403 0.1513491 0.1177393 0.1559515 0.1438048 0.1783880 0.2034545 0.1283806 0.1206687 0.1776767 0.1323902 0.1820289 0.1402159 0.1202645 0.1338085 0.1977359 0.1719870 0.1609380 0.1231016 0.1335156 0.0926842 0.0539016 0.0724058 0.0725698 0.1788915 0.2404844 0.0811423 0.1836318 0.1815615 0.1743437 0.1374511 0.1727895 0.1327679 0.1249003 0.1180323 0.1380042 0.1439663 0.1062477 0.1119794 0.0587990 0.1104821 0.1050416 0.0618305 0.1324222 0.1019259 0.1110096 0.1317555 0.0725060 0.1268580 0.0843192 0.1579652 
S0335         0.4746575 0.4438886 0.5245659 0.0680728 0.1624287 0.3184506 0.1145998 0.0690050 0.1483122 0.0891924 0.1314502 0.0966290 0.1044826 0.1223333 0.1272246 0.1440767 0.2083504 0.1534381 0.1106142 0.1933588 0.1340787 0.0000000 0.0638618 0.1210662 0.1222822 0.1277534 0.1246177 0.1422543 0.1336264 0.0769265 0.1553987 0.1302939 0.1940826 0.1171013 0.0622980 0.1225155 0.1945896 0.2034676 0.1266602 0.1266560 0.1185219 0.1561214 0.1243541 0.1457824 0.1041077 0.1272728 0.0655487 0.1939971 0.1557186 0.1613132 0.2043667 0.1315429 0.1176073 0.0733661 0.0731136 0.1457048 0.0657243 0.0738488 0.0920192 0.0658789 0.1086986 0.1638604 0.1138581 0.0979939 0.1379753 0.1613605 0.0768263 0.0987110 0.0754632 0.0627972 0.1504851 0.0919844 0.1666308 0.1143434 0.1669235 0.1938842 0.1098795 0.1033449 0.1556007 0.0905617 0.1597075 0.1672509 0.1025866 0.0686198 0.1697205 0.1615530 0.1470431 0.1176429 0.1446287 0.0765453 0.1187635 0.1250826 0.1306113 0.1925668 0.2337211 0.1497322 0.1581739 0.2003038 0.1926941 0.1229052 0.1251798 0.0898738 0.1217725 0.1128146 0.1279994 0.1427181 0.1142552 0.1110395 0.1185374 0.0999765 0.1031917 0.1334411 0.1275260 0.0698964 0.1927916 0.0998071 0.1253706 0.1212602 0.0965069 0.1496796 
S0345         0.5161692 0.4411829 0.5234210 0.0583914 0.1662891 0.2893097 0.1214088 0.0880784 0.1567581 0.0915144 0.1301828 0.1257451 0.0982299 0.1196579 0.1282116 0.1523645 0.1823025 0.1480779 0.1265298 0.1785280 0.1389412 0.0638618 0.0000000 0.1471389 0.1141889 0.1299169 0.1141735 0.1703044 0.1167954 0.0874435 0.1394310 0.1478575 0.1837423 0.1479173 0.0882074 0.1366325 0.1696672 0.1767516 0.1376404 0.1493072 0.1247607 0.1669958 0.1388117 0.1287719 0.1066682 0.1305633 0.0686758 0.1728902 0.1755378 0.1626335 0.1840711 0.1347943 0.1236090 0.0831605 0.0872556 0.1352712 0.0778853 0.0883342 0.1145596 0.0737578 0.1249809 0.1595735 0.1144282 0.1032175 0.1303854 0.1772259 0.0936714 0.1083134 0.1008885 0.0853678 0.1555889 0.1090823 0.1920547 0.0979570 0.1553699 0.1497551 0.1186622 0.1106318 0.1798626 0.1279960 0.1851162 0.1664708 0.1089175 0.0540454 0.1533675 0.1671140 0.1807743 0.1137624 0.1503481 0.0832571 0.1262193 0.1098255 0.1160521 0.1833104 0.1730987 0.1642580 0.1509503 0.1792436 0.1706313 0.1300736 0.1265400 0.0588209 0.1005941 0.1132984 0.1301328 0.1327578 0.0933527 0.1152591 0.0986131 0.0737293 0.0935455 0.1425843 0.1258689 0.0832636 0.1546883 0.1097509 0.1199980 0.1180719 0.1472668 0.1635603 
S0376         0.4544178 0.3513544 0.5125012 0.1378758 0.1517776 0.3568802 0.0586597 0.0971856 0.1664621 0.1413694 0.1193776 0.1324919 0.1309120 0.1062935 0.1066265 0.1739232 0.1832097 0.1652115 0.1365586 0.1794603 0.1459110 0.1210662 0.1471389 0.0000000 0.1026942 0.1157951 0.1341207 0.1360655 0.1511160 0.1232285 0.0311881 0.1478474 0.1747958 0.1656955 0.1173692 0.1367020 0.1985420 0.1785352 0.1467447 0.1367835 0.1070081 0.1847568 0.1473407 0.1775756 0.0936691 0.1159558 0.1187800 0.1800434 0.1750118 0.1334365 0.1793287 0.1327812 0.1147899 0.1144962 0.1188356 0.1369823 0.1103590 0.1290216 0.1375387 0.1053016 0.1338741 0.1460377 0.1609798 0.1152466 0.1446530 0.1619533 0.1210094 0.1352810 0.1574784 0.1269346 0.1562431 0.1285914 0.1693210 0.1518444 0.1720112 0.1786921 0.1348417 0.1280840 0.1298762 0.1311058 0.1381011 0.1439573 0.1260132 0.1137073 0.1706258 0.1218206 0.1462627 0.1062304 0.1278982 0.1239569 0.1450235 0.1613993 0.1666034 0.1787374 0.2755943 0.1880875 0.1768214 0.1807199 0.1735328 0.1112118 0.1231596 0.1776632 0.1501149 0.1016596 0.1160299 0.1106580 0.1478062 0.0701266 0.1210968 0.1362118 0.1491604 0.1527221 0.1176211 0.1154002 0.2108279 0.1285976 0.1431886 0.1097362 0.1084341 0.1326967 
S0400         0.4861927 0.4331926 0.5336592 0.1192561 0.0616554 0.3858420 0.0611853 0.0595827 0.1692658 0.0948768 0.0116284 0.1283844 0.1205574 0.0118070 0.0778796 0.1433362 0.1484315 0.1074851 0.1378959 0.1403907 0.1279675 0.1222822 0.1141889 0.1026942 0.0000000 0.0146731 0.1203688 0.1386495 0.1248899 0.0669293 0.1016677 0.1316832 0.1442623 0.1348837 0.0894206 0.1260447 0.1355396 0.1445447 0.1389680 0.0478386 0.0086864 0.1501789 0.1401731 0.1480660 0.0545581 0.0180467 0.0594699 0.1408214 0.1336348 0.1333080 0.1451846 0.1043244 0.0145700 0.0883074 0.0631722 0.0238199 0.0632893 0.0714738 0.1189759 0.0594057 0.1238887 0.1272537 0.1254985 0.1050079 0.1225567 0.1307995 0.0846697 0.1031456 0.1056444 0.0940653 0.1176318 0.0950117 0.1457621 0.1143713 0.1281340 0.1541765 0.1064883 0.0990267 0.1353616 0.0814653 0.1437142 0.0917554 0.1026206 0.1063564 0.1276945 0.0989982 0.1392352 0.0028557 0.0839502 0.0890565 0.1277688 0.1193195 0.1244371 0.1441897 0.2424529 0.1806720 0.1364681 0.1463004 0.1398982 0.0116623 0.1098832 0.1239730 0.1210174 0.0028541 0.0147158 0.0773479 0.1163912 0.0537883 0.1216249 0.1026661 0.1111201 0.1475115 0.0518877 0.0674881 0.1974321 0.0949946 0.1121523 0.0057132 0.0866446 0.0732743 
S0405         0.4820648 0.4378295 0.5731261 0.1333105 0.0697617 0.4087930 0.0617532 0.0710107 0.1661795 0.1077174 0.0177983 0.1346206 0.1347801 0.0210888 0.0899437 0.1494099 0.1643017 0.1208369 0.1443355 0.1554943 0.1426782 0.1277534 0.1299169 0.1157951 0.0146731 0.0000000 0.1258840 0.1446929 0.1395863 0.0786191 0.1146195 0.1374849 0.1502731 0.1407103 0.1023247 0.1362189 0.1410836 0.1597729 0.1497378 0.0518603 0.0117298 0.1563159 0.1462317 0.1541038 0.0623723 0.0276355 0.0708722 0.1559833 0.1482911 0.1387468 0.1604864 0.1128568 0.0177079 0.1010498 0.0747143 0.0334315 0.0748512 0.0834438 0.1329817 0.0707966 0.1295755 0.1373117 0.1311654 0.1183962 0.1281883 0.1411593 0.0973203 0.1166781 0.1109620 0.1030413 0.1314929 0.1040832 0.1610489 0.1197222 0.1388498 0.1652162 0.1200642 0.1081785 0.1502188 0.0865102 0.1496833 0.1065453 0.1161016 0.1115690 0.1466146 0.1080713 0.1546945 0.0116554 0.0926611 0.1019066 0.1247133 0.1249593 0.1306258 0.1548905 0.2520295 0.1874843 0.1470187 0.1617293 0.1549496 0.0147644 0.1197806 0.1382267 0.1352600 0.0116528 0.0148052 0.0819933 0.1318342 0.0618666 0.1271972 0.1161754 0.1249103 0.1773710 0.0629355 0.0792768 0.2045777 0.1040712 0.1299697 0.0145730 0.0992573 0.0814245 
S0407sl       0.4440138 0.4259855 0.5639176 0.1416500 0.1737843 0.3492494 0.1064438 0.1057562 0.0662529 0.1210081 0.1203973 0.0409319 0.1176502 0.1264968 0.1494959 0.0707123 0.2275337 0.1863440 0.0480863 0.2175802 0.0516029 0.1246177 0.1141735 0.1341207 0.1203688 0.1258840 0.0000000 0.1402068 0.0583997 0.1048758 0.1454958 0.0542837 0.2184017 0.0787840 0.1171129 0.1514399 0.1879416 0.2223862 0.0602700 0.1522262 0.1165652 0.0689850 0.0639886 0.1127602 0.1088884 0.1365677 0.1005526 0.2183412 0.1760717 0.1759519 0.2233814 0.1745303 0.1247458 0.1203004 0.1006154 0.1440116 0.1007939 0.1103591 0.1377073 0.0875555 0.0590378 0.1875544 0.0831950 0.1304318 0.0505677 0.1908314 0.1211008 0.1106878 0.1314674 0.1180155 0.1505920 0.1173740 0.1770880 0.1495827 0.1902446 0.2189180 0.1431348 0.1307622 0.1889910 0.1324275 0.1934202 0.1545933 0.1254197 0.1333852 0.1986280 0.1964205 0.1717624 0.1156877 0.1458782 0.1095039 0.0438803 0.0811545 0.0857220 0.2166389 0.2200843 0.0778717 0.1954254 0.2251627 0.2168190 0.1209959 0.1591027 0.1274973 0.1391615 0.1108188 0.1214677 0.1278793 0.1201062 0.1263106 0.0480171 0.1151122 0.1101790 0.0674739 0.1503113 0.1057562 0.0716921 0.1313166 0.0775444 0.1193495 0.0732144 0.1719191 
S0412sl       0.4188432 0.4036958 0.5464286 0.1459426 0.1618824 0.3846339 0.0773178 0.1020011 0.1953670 0.1138688 0.1325502 0.1452720 0.1611809 0.1517100 0.1228404 0.1507227 0.2195079 0.1945524 0.1521771 0.2149753 0.1345920 0.1422543 0.1703044 0.1360655 0.1386495 0.1446929 0.1402068 0.0000000 0.1697831 0.1106358 0.1437881 0.1465557 0.2218873 0.1619036 0.1278909 0.0766428 0.1891812 0.2202699 0.1685777 0.1678944 0.1393147 0.1745831 0.1854977 0.1639740 0.0922135 0.1599107 0.1057148 0.2158039 0.1623656 0.0857712 0.2213611 0.1555395 0.1488793 0.1036879 0.1057838 0.1487378 0.1059923 0.1169463 0.1193099 0.1063430 0.1520561 0.1711422 0.1175144 0.1406040 0.1648802 0.1770183 0.1106920 0.1166365 0.1581857 0.1165486 0.1594036 0.1137138 0.1610804 0.1381465 0.1637298 0.1883163 0.1196966 0.1057363 0.1654694 0.1363959 0.1647928 0.1681442 0.1061915 0.1379236 0.1727945 0.1184869 0.1452643 0.1325877 0.0944252 0.1302755 0.1517537 0.1304393 0.1261305 0.1936847 0.3494373 0.2022331 0.1702931 0.2150890 0.2141437 0.1391465 0.1491459 0.1868437 0.1631410 0.1273552 0.1507198 0.1035383 0.1326073 0.0798964 0.1460642 0.1435879 0.1623036 0.1757631 0.1111142 0.1116772 0.2283463 0.1291951 0.1277379 0.1373102 0.2185788 0.1495170 
S0417         0.4623298 0.4199474 0.5663152 0.1405576 0.1931288 0.3965872 0.1216170 0.1077427 0.0693788 0.1279726 0.1249188 0.0479531 0.1226905 0.1312703 0.1522703 0.0747893 0.1915127 0.1700399 0.0544496 0.1930997 0.0587275 0.1336264 0.1167954 0.1511160 0.1248899 0.1395863 0.0583997 0.1697831 0.0000000 0.1068317 0.1649001 0.0580395 0.2040802 0.0806513 0.1263403 0.1616817 0.1818004 0.1977418 0.0528362 0.1526563 0.1297272 0.0684150 0.0632133 0.1212929 0.1217518 0.1417371 0.1024287 0.1937533 0.1770818 0.1891140 0.1986384 0.1732892 0.1382835 0.1340649 0.1024914 0.1537469 0.1026751 0.1124341 0.1520406 0.0891785 0.0473831 0.1796195 0.0914232 0.1078900 0.0507681 0.1721496 0.1349533 0.1291300 0.1312204 0.1319166 0.1773163 0.1132623 0.1726359 0.1454425 0.1695947 0.2036100 0.1478566 0.1399200 0.1797031 0.1342793 0.1888402 0.1641469 0.1339648 0.1378846 0.1779304 0.1914217 0.1673534 0.1200312 0.1534838 0.1144253 0.0271011 0.0934503 0.0982368 0.1971949 0.2043902 0.0810360 0.1676549 0.2002204 0.1924185 0.1248344 0.1499565 0.1371588 0.1295145 0.1149712 0.1349176 0.1410353 0.1271524 0.1179224 0.0580920 0.1164353 0.1151281 0.0771247 0.1486940 0.1077408 0.1237117 0.1270921 0.0872388 0.1238025 0.0627363 0.1751222 
S0419         0.4642578 0.4138585 0.5835071 0.0700492 0.1094418 0.3420307 0.0858810 0.0178414 0.1479862 0.0504295 0.0746214 0.1004504 0.0871738 0.0756221 0.0970393 0.1434439 0.1505615 0.1047399 0.1190570 0.1421201 0.1010718 0.0769265 0.0874435 0.1232285 0.0669293 0.0786191 0.1048758 0.1106358 0.1068317 0.0000000 0.1236775 0.1133433 0.1515797 0.1164270 0.0553268 0.0999725 0.1356914 0.1462276 0.1274308 0.0992383 0.0707808 0.1364532 0.1389439 0.1391310 0.0690001 0.0842056 0.0176163 0.1425516 0.1305908 0.1205056 0.1468656 0.1112121 0.0779693 0.0625245 0.0086077 0.0790188 0.0086229 0.0146653 0.0849691 0.0208786 0.1040634 0.1357486 0.0993199 0.0701011 0.1129523 0.1240650 0.0548821 0.0830008 0.0713888 0.0591900 0.1260063 0.0517447 0.1358378 0.0939085 0.1308968 0.1629871 0.0811832 0.0785732 0.1366712 0.0288185 0.1406502 0.1317594 0.0703520 0.0858893 0.1385628 0.1272500 0.1177936 0.0631094 0.1160732 0.0619335 0.1096486 0.1012170 0.1018945 0.1458713 0.2362816 0.1584884 0.1239423 0.1479793 0.1416296 0.0746087 0.1132032 0.1113400 0.0957852 0.0592043 0.0788107 0.1035876 0.0914156 0.0797513 0.1092132 0.0712827 0.0825634 0.1306497 0.0839461 0.0116389 0.1735563 0.0517176 0.1208839 0.0664144 0.0957775 0.1157891 
S0427         0.5053298 0.4005011 0.5510787 0.1594590 0.1501680 0.3927853 0.0755826 0.1072668 0.1917284 0.1571015 0.1181680 0.1544167 0.1451884 0.1151717 0.1114654 0.1876953 0.1944457 0.1595084 0.1592453 0.1906445 0.1534390 0.1553987 0.1394310 0.0311881 0.1016677 0.1146195 0.1454958 0.1437881 0.1649001 0.1236775 0.0000000 0.1674108 0.1858797 0.1770329 0.1284654 0.1424391 0.2123311 0.1896672 0.1608177 0.1353520 0.1059335 0.1891304 0.1663322 0.1661784 0.0977740 0.1251739 0.1192170 0.1912748 0.1860255 0.1368625 0.1905117 0.1129182 0.1136339 0.1209312 0.1192731 0.1310518 0.1107737 0.1294886 0.1512007 0.1057001 0.1403838 0.1562183 0.1569378 0.1168460 0.1576575 0.1695710 0.1277108 0.1315207 0.1705926 0.1338803 0.1520274 0.1500618 0.1922984 0.1730328 0.1774727 0.1908834 0.1401664 0.1333737 0.1513849 0.1373187 0.1600075 0.1419610 0.1264764 0.1186612 0.1760303 0.1276229 0.1566062 0.1051696 0.1326805 0.1351792 0.1584701 0.1510794 0.1571472 0.1898624 0.3023860 0.2149624 0.1888236 0.1919949 0.1845389 0.1100916 0.1381809 0.1762352 0.1572528 0.1006523 0.1148516 0.1167468 0.1490627 0.0795970 0.1323493 0.1415996 0.1596576 0.1730418 0.1113261 0.1158306 0.2201747 0.1500875 0.1399583 0.1086418 0.1102930 0.1397429 
S0428sl       0.4253702 0.4132101 0.5469074 0.1430537 0.1698309 0.3416440 0.1357457 0.1041711 0.0616399 0.1345649 0.1317111 0.0372278 0.1209079 0.1268593 0.1497423 0.0693559 0.2144808 0.1920730 0.0541760 0.2047766 0.0468830 0.1302939 0.1478575 0.1478474 0.1316832 0.1374849 0.0542837 0.1465557 0.0580395 0.1133433 0.1674108 0.0000000 0.2055524 0.0822070 0.1139905 0.1497503 0.1894321 0.2094676 0.0483895 0.1504036 0.1277597 0.0507255 0.0781456 0.0955837 0.1151106 0.1370063 0.1089222 0.2054758 0.1686586 0.1666311 0.2104062 0.1853601 0.1362143 0.1301513 0.1089829 0.1563220 0.1091731 0.1190211 0.1431655 0.0955840 0.0547840 0.1944667 0.0710666 0.1206784 0.0470863 0.1766030 0.1265466 0.1317908 0.1330143 0.1236355 0.1743801 0.1263729 0.1643096 0.1568149 0.1740176 0.2142243 0.1453915 0.1330853 0.1735087 0.1370170 0.1777842 0.1566772 0.1419852 0.1300369 0.1930782 0.1915646 0.1693628 0.1267862 0.1369706 0.0984578 0.0401502 0.0689667 0.0770185 0.2039094 0.2179548 0.0654413 0.1890512 0.2120728 0.2040616 0.1323502 0.1723294 0.1483029 0.1379099 0.1216815 0.1328793 0.1393073 0.1161152 0.1224162 0.0654115 0.1190576 0.1173372 0.0655604 0.1363309 0.1142917 0.1180188 0.1406787 0.0717719 0.1305423 0.0721192 0.1627909 
