120
CRNC          0.0000000 0.5281311 0.4745372 0.5649637 0.5885384 0.5176434 0.5512767 0.4952247 0.4999093 0.4621797 0.5513635 0.5090636 0.5016860 0.5129212 0.5227336 0.4641479 0.4687422 0.5165072 0.5720561 0.5495810 0.5253620 0.5186489 0.5150005 0.5815540 0.5588046 0.5055031 0.4838242 0.5191875 0.5497084 0.5180643 0.4892653 0.4870429 0.4128304 0.4880206 0.5054017 0.4886664 0.4695534 0.6402870 0.5257131 0.5073162 0.5157323 0.5068958 0.5598619 0.5584686 0.4722872 0.5067045 0.5673963 0.5299470 0.5381224 0.5527338 0.4673221 0.4874709 0.5003543 0.4545112 0.5218807 0.5135898 0.5089066 0.5089066 0.4912715 0.5061355 0.5102801 0.5456441 0.5101098 0.4541247 0.5603599 0.5051008 0.5016850 0.5168731 0.5053776 0.4811052 0.7104938 0.5042394 0.5418557 0.4877334 0.5722456 0.5619925 0.5302713 0.4840176 0.5343618 0.5474746 0.5282276 0.4164598 0.4816162 0.5906417 0.5142156 0.5214603 0.5646011 0.5367311 0.5028624 0.5086988 0.5377271 0.4847194 0.5411049 0.5045763 0.4984476 0.5086277 0.4304512 0.5210119 0.5210357 0.5238950 0.5111639 0.5243776 0.5046153 0.5278476 0.5131533 0.5227222 0.4893203 0.5165088 0.5127124 0.5204619 0.5477553 0.5374373 0.4657502 0.5056830 0.5351768 0.4836239 0.5005733 0.4946163 0.5137984 0.4863996 
HYZL          0.5281311 0.0000000 0.1632492 0.5799699 0.8085338 0.6586326 0.4291657 0.6446817 0.5646903 0.5407440 0.6012779 0.6609303 0.5604348 0.6312693 0.5427789 0.6140573 0.6062649 0.5387949 0.6743562 0.5446249 0.5852067 0.6066205 0.6357846 0.6678515 0.6527485 0.6464102 0.6283058 0.5667260 0.6409409 0.5531349 0.6032571 0.6462511 0.5013868 0.5632167 0.5988556 0.6660926 0.5971206 0.6808975 0.5744705 0.6165676 0.5935401 0.5510801 0.5886219 0.6770682 0.6096419 0.6366030 0.7053980 0.5985266 0.5678018 0.6680374 0.5264332 0.5544085 0.6406121 0.6847543 0.6195457 0.6476380 0.6142234 0.6142234 0.6739039 0.6755331 0.5952466 0.6286666 0.5674531 0.5544951 0.6520702 0.6023211 0.6745203 0.6866394 0.7187459 0.6854082 0.7336936 0.6734675 0.5664593 0.6199312 0.6006421 0.5907403 0.6481062 0.6081423 0.5751395 0.6149005 0.5555571 0.6102079 0.5831487 0.6192243 0.6163331 0.7153189 0.6082801 0.6878747 0.6425130 0.6202460 0.5633949 0.5421769 0.6313921 0.5958703 0.5993449 0.5590166 0.5313009 0.6156993 0.5995421 0.6284336 0.6098762 0.6829186 0.6393668 0.6781057 0.6166425 0.6239951 0.6821574 0.5916838 0.6292601 0.6447727 0.6518438 0.5986170 0.6015456 0.6058426 0.6101924 0.6259154 0.5913060 0.6390803 0.6803093 0.6523065 
MYZV          0.4745372 0.1632492 0.0000000 0.4849268 0.6164470 0.4932728 0.3852817 0.4640641 0.4433611 0.4873691 0.4897773 0.4864247 0.4869709 0.4980999 0.4941064 0.4649856 0.4922417 0.4716906 0.5437344 0.4767979 0.4692363 0.4845787 0.4806329 0.5639905 0.5067181 0.4696085 0.4611317 0.4790107 0.5285897 0.4836111 0.4409817 0.4817546 0.3778683 0.4310294 0.5070512 0.4946166 0.4354110 0.6485795 0.4919039 0.4551076 0.4839227 0.4761960 0.4649294 0.5642178 0.4616745 0.4692466 0.5392734 0.5051838 0.4654792 0.4912577 0.4154642 0.5060683 0.4704415 0.5050356 0.4468846 0.4756640 0.4402275 0.4402275 0.5151546 0.4947451 0.5185288 0.4830141 0.4913649 0.4888294 0.5303280 0.4949655 0.4991530 0.5154764 0.5207644 0.5131183 0.6474551 0.5394089 0.4580552 0.5155503 0.5347880 0.5218368 0.4946108 0.4888604 0.4768345 0.4795231 0.4375469 0.4501245 0.4372600 0.5604951 0.4554041 0.5485753 0.4863360 0.5054234 0.4603295 0.4882641 0.4905592 0.4675471 0.5144754 0.4655283 0.5123850 0.4613350 0.4535099 0.4710072 0.4786685 0.4615163 0.4784582 0.5292322 0.5306661 0.4981749 0.4638353 0.4348713 0.5276324 0.4382036 0.5161721 0.5409400 0.5347130 0.5104402 0.4355890 0.4382298 0.4975946 0.4970919 0.5009695 0.4677972 0.5562693 0.4844652 
SRR6441723    0.5649637 0.5799699 0.4849268 0.0000000 0.0673281 0.1162122 0.3667067 0.0813177 0.0945599 0.1312267 0.1239666 0.0827367 0.1424214 0.0585583 0.1038430 0.1444872 0.1188153 0.1097336 0.1260977 0.1412238 0.1158109 0.1088684 0.0575312 0.0699692 0.1040114 0.0823395 0.0796604 0.1269689 0.1134613 0.1234797 0.0833597 0.0854167 0.0945658 0.1010641 0.1464420 0.1050595 0.1068392 0.1537817 0.1291291 0.0767377 0.0887666 0.1189860 0.1329353 0.1652234 0.0763771 0.0710706 0.1371709 0.1148540 0.2275476 0.0964094 0.0979088 0.1603871 0.0858303 0.1073992 0.0918423 0.0767973 0.0826467 0.0826467 0.0985323 0.1234164 0.1114339 0.1196155 0.1030896 0.1158229 0.0967454 0.1060879 0.0836162 0.0918649 0.1177856 0.1082604 0.1337250 0.1202254 0.2454303 0.1191605 0.1389574 0.1328521 0.1127082 0.0948932 0.2307346 0.0882087 0.2402938 0.0738339 0.0519871 0.1347208 0.0880752 0.0968529 0.2413585 0.0863845 0.0854520 0.0703749 0.1134028 0.0947354 0.1309303 0.1048146 0.1225129 0.1191186 0.1041062 0.0995044 0.1189756 0.0791135 0.1033477 0.0627444 0.0731921 0.0861562 0.0822084 0.0759403 0.0986579 0.0803703 0.1069010 0.0783458 0.0972729 0.1448503 0.0853970 0.0885649 0.1169681 0.1113023 0.1188705 0.0839904 0.1307123 0.0713844 
ERR4210213    0.5885384 0.8085338 0.6164470 0.0673281 0.0000000 0.1245062 0.3231510 0.0649550 6.1764154 0.1574246 0.1168224 0.0581006 0.1804923 0.0947505 0.0000010 0.0942617 0.0808575 0.1154892 0.0812528 0.1643455 0.1308567 0.1075382 0.0413645 0.0515592 0.0861330 0.0665506 0.0665506 0.1531889 0.0950367 0.1411507 0.0568374 0.0955188 6.1764154 0.1254633 0.1521692 0.1060801 0.0941009 0.1423309 0.1509785 0.0588849 0.0876116 0.1399266 0.1614911 0.2326401 0.0763348 0.0581006 0.1779726 0.1322065 0.2503156 0.0836426 0.1362614 6.1764154 0.0670357 0.1767106 0.0743017 0.0673108 0.0656749 0.0656749 0.1046824 0.1359904 0.1003617 0.1159605 0.1381822 0.1014764 0.0992298 0.0949054 0.0757387 0.0981120 0.1053447 0.1060801 0.0762764 0.1887242 0.2294072 0.0988094 0.1564101 0.1553641 0.1058345 0.1093708 0.2709323 0.0656749 0.2959411 0.0801125 0.0607002 0.1564101 0.0849905 0.1247177 0.2637023 0.0761768 0.0884475 0.0756294 0.1287829 0.1332420 0.1684563 0.1286293 0.1224098 0.1418449 0.0865074 0.1254633 0.1273546 0.0581006 0.0977820 0.0677423 0.0867819 0.0673108 0.0836359 0.0366457 0.1528982 0.0759995 0.0633114 0.0955229 0.1038233 0.1539674 0.0814695 0.0656749 0.1299277 0.1636092 0.2141299 0.0664381 0.1863574 0.0494337 
ERR2789774    0.5176434 0.6586326 0.4932728 0.1162122 0.1245062 0.0000000 0.3674610 0.0720249 0.0888658 0.1309313 0.1218388 0.0448349 0.1279676 0.1011856 0.0632827 0.1256283 0.1236966 0.1295256 0.1160988 0.1383715 0.1081455 0.1034793 0.1126060 0.1284118 0.1080174 0.0422268 0.0350473 0.1179276 0.1202902 0.1115073 0.0888845 0.0872674 0.0862395 0.0961888 0.1182218 0.1105592 0.0556723 0.1502744 0.1363096 0.0605812 0.0599654 0.1207887 0.1417300 0.1322126 0.0778724 0.0350931 0.1241751 0.1235747 0.2311549 0.0728916 0.0997245 0.1278912 0.0453405 0.1023489 0.0944746 0.0374354 0.0881188 0.0881188 0.1065194 0.1156664 0.1164281 0.1090008 0.0839357 0.1133634 0.1138489 0.1165295 0.0923050 0.0892539 0.1300194 0.1074339 0.1314333 0.1086753 0.2494687 0.1111533 0.1440729 0.1404985 0.1120550 0.1058653 0.2408085 0.1076367 0.2610654 0.0535856 0.0939735 0.1544073 0.0676619 0.1189974 0.2406608 0.0500855 0.0453653 0.0748963 0.1106770 0.0791968 0.1101174 0.1057796 0.1271863 0.1209258 0.0831644 0.1035836 0.1108201 0.0443054 0.0897522 0.0857246 0.1013551 0.0451307 0.0472389 0.0671860 0.1102529 0.0553815 0.1023742 0.1122631 0.1424888 0.1335178 0.0493153 0.0886584 0.1159094 0.1087697 0.0965181 0.0402845 0.1154305 0.0608560 
PAFTOL_019361 0.5512767 0.4291657 0.3852817 0.3667067 0.3231510 0.3674610 0.0000000 0.3476750 0.3325813 0.4066223 0.3619360 0.3729471 0.4058023 0.3434488 0.4128057 0.3960464 0.3850636 0.3552763 0.3548711 0.4348879 0.3409371 0.4041385 0.3408677 0.4264599 0.3631848 0.3538408 0.3525256 0.4275904 0.4160786 0.4285436 0.3027492 0.3831159 0.3794726 0.2991676 0.4231682 0.4031559 0.3397469 0.4103736 0.4679361 0.3645958 0.4038595 0.4113942 0.4735384 0.3928466 0.3490922 0.3528406 0.3638120 0.3439530 0.3732587 0.3607493 0.2869911 0.4229909 0.3478297 0.4451782 0.3243410 0.3582170 0.3163053 0.3163053 0.3941562 0.3356613 0.4066697 0.3429652 0.3498174 0.3764435 0.3899422 0.3665186 0.3914046 0.4010783 0.4183351 0.4276325 0.5337554 0.3825566 0.3681472 0.3847031 0.3944985 0.3756736 0.4172319 0.3917592 0.4005402 0.3509249 0.4146541 0.3457934 0.3352533 0.4148873 0.3659472 0.3812503 0.4004025 0.3918797 0.3617067 0.3556152 0.4134776 0.3373962 0.3669300 0.3320518 0.3993852 0.4240068 0.2984257 0.3148220 0.3136389 0.3608414 0.3263087 0.3606770 0.3664607 0.3908032 0.3714781 0.3536278 0.3488770 0.3731372 0.3927105 0.3456527 0.3622299 0.4616625 0.3323122 0.3114027 0.4522480 0.3715108 0.3751759 0.3696080 0.3740366 0.3615537 
S0055         0.4952247 0.6446817 0.4640641 0.0813177 0.0649550 0.0720249 0.3476750 0.0000000 0.0506412 0.1332815 0.0866510 0.0477826 0.1365043 0.0701393 0.0724425 0.0986659 0.1145791 0.0995838 0.0919224 0.1363882 0.0857361 0.1115189 0.0878885 0.0947231 0.0668793 0.0478044 0.0403818 0.1130823 0.0940012 0.1153784 0.0493584 0.0646520 0.0722616 0.0699112 0.1217091 0.1020242 0.0781090 0.1441555 0.1304179 0.0402800 0.0713078 0.1187867 0.1469780 0.1371903 0.0457355 0.0404336 0.1003983 0.0996629 0.2288331 0.0587055 0.0780376 0.1266985 0.0535070 0.0983057 0.0599535 0.0428531 0.0519551 0.0519551 0.0879538 0.0847265 0.1110776 0.0980072 0.0756295 0.1076519 0.0917148 0.0958898 0.0853200 0.0812054 0.1207167 0.0993433 0.1026512 0.0960267 0.2355454 0.1035849 0.1255787 0.1318941 0.0993405 0.0931587 0.2358743 0.0684888 0.2533311 0.0570544 0.0714406 0.1254070 0.0656442 0.1056756 0.2423267 0.0531507 0.0453634 0.0469219 0.1145102 0.0741970 0.0989856 0.0779024 0.1223821 0.1160805 0.0709128 0.0734459 0.0857568 0.0499086 0.0794857 0.0685314 0.0759284 0.0530179 0.0527864 0.0269363 0.0915864 0.0475074 0.1005020 0.0798814 0.1081171 0.1451765 0.0473483 0.0571530 0.1198742 0.0836449 0.1005763 0.0512938 0.1021991 0.0399281 
S0196sl       0.4999093 0.5646903 0.4433611 0.0945599 6.1764154 0.0888658 0.3325813 0.0506412 0.0000000 0.1160789 0.0442659 0.0806404 0.1062979 0.0640084 0.0969595 0.0972811 0.1435691 0.1216742 0.0868976 0.1172576 0.0807654 0.0979097 0.0779109 0.1187502 0.0720073 0.0716676 0.0677477 0.0974615 0.1041189 0.1020666 0.0225513 0.0685246 0.0771628 0.0670767 0.1222959 0.0945703 0.0944846 0.1378689 0.1146052 0.0636377 0.0957872 0.1025818 0.1130951 0.0832218 0.0548682 0.0635567 0.0613721 0.0973742 0.2329441 0.0642704 0.0579228 0.1092685 0.0763949 0.0824422 0.0227724 0.0632776 0.0224973 0.0224973 0.0960573 0.0533735 0.0999403 0.0926188 0.0450244 0.0993606 0.0787120 0.0822171 0.0842308 0.0716868 0.1139705 0.0993293 0.1635506 0.0402461 0.2470051 0.0766535 0.1065100 0.1133122 0.0990350 0.0842807 0.2343659 0.0447209 0.2493589 0.0441705 0.0609545 0.1062910 0.0507961 0.0974363 0.2385336 0.0806640 0.0551607 0.0460710 0.0930101 0.0455115 0.0822102 0.0861932 0.1242191 0.1020943 0.0535187 0.0641771 0.0900020 0.0790450 0.0613329 0.0876011 0.0714538 0.0847450 0.0674369 0.0613832 0.0846230 0.0431492 0.1201965 0.0738876 0.1163918 0.1387502 0.0544183 0.0294476 0.1083256 0.0402647 0.0748588 0.0741078 0.0407530 0.0629170 
S0278         0.4621797 0.5407440 0.4873691 0.1312267 0.1574246 0.1309313 0.4066223 0.1332815 0.1160789 0.0000000 0.1102552 0.1313426 0.0311873 0.1273961 0.1694363 0.1411965 0.0368334 0.1340388 0.1339500 0.0334191 0.1064837 0.0361103 0.1406345 0.1520685 0.1489564 0.1213851 0.1243581 0.0333032 0.1710187 0.0307258 0.1161296 0.1221164 0.0344616 0.1081083 0.0538300 0.1214596 0.1382856 0.1572055 0.0354848 0.1105679 0.1515677 0.0305911 0.0674799 0.1142244 0.1350530 0.1178409 0.1412239 0.1333586 0.1821582 0.1575998 0.1112314 0.1418555 0.1227955 0.1193155 0.1162540 0.1209953 0.1150789 0.1150789 0.1293994 0.1262998 0.0553323 0.1135829 0.0806602 0.0572769 0.1361220 0.1258409 0.1138939 0.1037536 0.1483621 0.1243374 0.1952043 0.1023154 0.1897635 0.1092942 0.1492178 0.1471622 0.1037783 0.1099726 0.1917650 0.1370626 0.1940809 0.0771236 0.1241835 0.1523005 0.1034604 0.1465576 0.1907313 0.1389439 0.1250774 0.1160912 0.0259529 0.0735512 0.0870506 0.1172069 0.0613983 0.0215112 0.0989239 0.1212022 0.1275936 0.1294112 0.1017048 0.1240658 0.1306685 0.1323479 0.1243688 0.1288344 0.1469977 0.1094829 0.0468083 0.1397770 0.1587268 0.0520071 0.1183121 0.1093134 0.0332543 0.0927677 0.0968325 0.1242562 0.1178034 0.1115018 
S0281         0.5513635 0.6012779 0.4897773 0.1239666 0.1168224 0.1218388 0.3619360 0.0866510 0.0442659 0.1102552 0.0000000 0.1031520 0.1056368 0.0894907 0.1398888 0.0994807 0.1163296 0.0983178 0.0790892 0.1128416 0.0865157 0.0901315 0.1010320 0.1396997 0.1032334 0.0939307 0.0967397 0.0970682 0.1149876 0.0967149 0.0511309 0.1006513 0.0908347 0.0800572 0.1132039 0.1147577 0.1133851 0.1191215 0.1146015 0.0878655 0.1315401 0.1081281 0.1044733 0.1150762 0.1000983 0.0904762 0.0617225 0.0994883 0.2329064 0.1001221 0.0741248 0.1173843 0.1071330 0.1055261 0.0566443 0.0936326 0.0536480 0.0536480 0.1012058 0.0535715 0.0977796 0.0804066 0.0774344 0.0949687 0.0991564 0.0819830 0.0932493 0.0885666 0.1178388 0.1177370 0.1541545 0.0641584 0.2248508 0.0925280 0.0974126 0.1018487 0.0938526 0.0910783 0.2389425 0.0708734 0.2730248 0.0754024 0.0838569 0.0972807 0.0897590 0.0983206 0.2500138 0.1042119 0.0902881 0.0719947 0.0904254 0.0645846 0.0876311 0.0851276 0.1109459 0.0968065 0.0526055 0.0728304 0.0892357 0.0904335 0.0600087 0.1254587 0.0993981 0.1039248 0.0992997 0.0879991 0.1255738 0.0747960 0.0836428 0.0943132 0.1223334 0.1233425 0.0946315 0.0588546 0.1003282 0.0524109 0.0956990 0.1019445 0.0699505 0.0898524 
S0282         0.5090636 0.6609303 0.4864247 0.0827367 0.0581006 0.0448349 0.3729471 0.0477826 0.0806404 0.1313426 0.1031520 0.0000000 0.1344827 0.0689188 0.0386722 0.1053525 0.1195198 0.0980985 0.1010057 0.1344062 0.0861852 0.1000347 0.0870025 0.0855068 0.0865454 0.0102664 0.0081848 0.1142407 0.0909244 0.1137208 0.0661412 0.0677745 0.0999618 0.0751805 0.1145231 0.0878292 0.0475296 0.1422698 0.1285499 0.0306475 0.0310131 0.1170784 0.1290186 0.1226214 0.0563191 0.0082521 0.1045448 0.1094576 0.2211922 0.0560931 0.0715392 0.1363893 0.0192074 0.0797396 0.0741525 0.0103542 0.0655916 0.0655916 0.0821711 0.0941573 0.1094622 0.0985206 0.0696506 0.1000936 0.0891151 0.0941987 0.0683325 0.0706446 0.1054980 0.0852682 0.0949401 0.0977079 0.2393100 0.1104431 0.1228645 0.1208095 0.0814600 0.0757215 0.2305048 0.0833368 0.2361835 0.0397904 0.0743146 0.1294988 0.0597517 0.0928194 0.2207455 0.0146190 0.0353518 0.0471587 0.1071118 0.0649371 0.0887888 0.0864383 0.1089837 0.1172097 0.0781060 0.0846991 0.0913514 0.0166797 0.0798560 0.0609631 0.0745017 0.0145876 0.0191232 0.0392471 0.0825798 0.0452045 0.0954070 0.0812616 0.1061260 0.1281770 0.0366273 0.0711304 0.1122273 0.0944581 0.0932277 0.0125888 0.1042726 0.0354161 
S0289         0.5016860 0.5604348 0.4869709 0.1424214 0.1804923 0.1279676 0.4058023 0.1365043 0.1062979 0.0311873 0.1056368 0.1344827 0.0000000 0.1315119 0.1595798 0.1407488 0.0365144 0.1446279 0.1439566 0.0194201 0.1152719 0.0338624 0.1449603 0.1533733 0.1527811 0.1242641 0.1273084 0.0265271 0.1690810 0.0266229 0.1158214 0.1321827 0.0270277 0.1168573 0.0599662 0.1240688 0.1452597 0.1621071 0.0263896 0.1099143 0.1569118 0.0239775 0.0689957 0.1222169 0.1456931 0.1206223 0.1364856 0.1440964 0.2067183 0.1530347 0.1237437 0.1344275 0.1286980 0.1283923 0.1163946 0.1238576 0.1147534 0.1147534 0.1384798 0.1175119 0.0638361 0.1224992 0.0863621 0.0608221 0.1576388 0.1324600 0.1148461 0.1052199 0.1420246 0.1301953 0.1859017 0.1087833 0.2172892 0.1215848 0.1565973 0.1357306 0.0970043 0.1072240 0.1964315 0.1405349 0.2054094 0.0881388 0.1214151 0.1597702 0.0996787 0.1417587 0.2123076 0.1422974 0.1245859 0.1157750 0.0196046 0.0782000 0.0997991 0.1265162 0.0617355 0.0331741 0.0958837 0.1305245 0.1329551 0.1290747 0.1037895 0.1247485 0.1396887 0.1355327 0.1205334 0.1227238 0.1516418 0.1055310 0.0549831 0.1409321 0.1633548 0.0241590 0.1209065 0.1088806 0.0237734 0.1025632 0.1025759 0.1272682 0.1250021 0.1242109 
S0292         0.5129212 0.6312693 0.4980999 0.0585583 0.0947505 0.1011856 0.3434488 0.0701393 0.0640084 0.1273961 0.0894907 0.0689188 0.1315119 0.0000000 0.0960843 0.1229547 0.1266580 0.1061285 0.1199631 0.1304166 0.0962388 0.0927057 0.0637159 0.0713710 0.0967250 0.0686053 0.0660231 0.1166668 0.1014404 0.1133028 0.0585224 0.0827789 0.0905080 0.0826929 0.1244099 0.0814933 0.0982606 0.1553984 0.1284974 0.0699635 0.0988909 0.1090481 0.1273850 0.1397786 0.0677410 0.0666606 0.0919882 0.1111223 0.2481592 0.0649439 0.0730675 0.1514456 0.0781894 0.0789161 0.0663772 0.0693334 0.0580391 0.0580391 0.0551926 0.0756154 0.1016059 0.1058070 0.0843150 0.0956813 0.0902937 0.1010316 0.0711614 0.0728872 0.0987242 0.0844240 0.1396030 0.0804948 0.2623981 0.0978082 0.1322335 0.1149715 0.0862768 0.0671346 0.2594309 0.0752974 0.2666504 0.0503707 0.0460280 0.1320527 0.0742950 0.0506110 0.2495721 0.0841280 0.0815565 0.0597069 0.1035855 0.0733226 0.1078452 0.0912771 0.1074142 0.1091659 0.0849207 0.0810110 0.0935729 0.0768991 0.0818178 0.0581355 0.0168828 0.0839045 0.0752214 0.0611360 0.0500371 0.0578592 0.0910350 0.0190902 0.0321439 0.1255475 0.0819101 0.0634467 0.1070170 0.0770140 0.1021592 0.0616577 0.0869892 0.0730418 
S0293         0.5227336 0.5427789 0.4941064 0.1038430 0.0000010 0.0632827 0.4128057 0.0724425 0.0969595 0.1694363 0.1398888 0.0386722 0.1595798 0.0960843 0.0000000 0.1541343 0.2044176 0.0765320 0.1501982 0.1660020 0.1353883 0.1392807 0.1193248 0.0887609 0.0848119 0.0309238 0.0273349 0.1415874 0.0770909 0.1522175 0.1060034 0.1008079 0.1186104 0.1067806 0.1311944 0.1240228 0.0710721 0.1203552 0.1670849 0.0685923 0.0165895 0.1478715 0.1633803 0.1399317 0.0875904 0.0275101 0.1372931 0.0967295 0.2409198 0.0935591 0.1009314 0.0920729 0.0431612 0.1070026 0.1119135 0.0312279 0.1056683 0.1056683 0.1150578 0.1379477 0.1581746 0.1541688 0.0929064 0.1352005 0.0688545 0.0899471 0.0852078 0.1043977 0.1459142 0.1147339 0.1388545 0.1043075 0.3185063 0.1588232 0.1069313 0.0993832 0.1235552 0.1116258 0.2619579 0.0756518 0.2586814 0.0545636 0.1168211 0.1109731 0.0937410 0.1233066 0.2507482 0.0471528 0.0630646 0.0539208 0.1410193 0.0940555 0.1231593 0.1144638 0.1381943 0.1522555 0.1283465 0.1239344 0.1310589 0.0462269 0.1263010 0.1010221 0.0996667 0.0510658 0.0470873 0.0906468 0.0970790 0.0776651 0.1684869 0.0817545 0.1443919 0.1579653 0.0614821 0.1113233 0.1501581 0.1048157 0.1071281 0.0356702 0.1100128 0.0677462 
S0294         0.4641479 0.6140573 0.4649856 0.1444872 0.0942617 0.1256283 0.3960464 0.0986659 0.0972811 0.1411965 0.0994807 0.1053525 0.1407488 0.1229547 0.1541343 0.0000000 0.1312774 0.1294591 0.1388473 0.1413161 0.1176533 0.1245801 0.1264197 0.1437638 0.1185899 0.1017915 0.0989181 0.1199815 0.1276164 0.1259332 0.0858661 0.1037387 0.1167707 0.1087981 0.1527629 0.1441748 0.1212037 0.1503632 0.1411623 0.0952486 0.1296921 0.1359886 0.1440075 0.1763317 0.0962117 0.0928653 0.1182532 0.1168008 0.2145814 0.1064440 0.1086124 0.1396030 0.0994047 0.1250953 0.0835367 0.0958021 0.0825572 0.0825572 0.1218682 0.1012083 0.1298436 0.1302040 0.1318919 0.1247964 0.1245444 0.1143557 0.1108120 0.1256358 0.1454861 0.1300673 0.1365864 0.1122386 0.2066513 0.1353190 0.1422307 0.1241971 0.1312378 0.1182010 0.2249928 0.0990055 0.2420555 0.0909534 0.0989985 0.1490175 0.0891283 0.1458091 0.2269768 0.1123172 0.1026055 0.0903061 0.1249445 0.1199918 0.1410864 0.1114696 0.1261833 0.1330134 0.0837537 0.1155404 0.1173532 0.0981969 0.0851911 0.1227076 0.1181099 0.1120082 0.0958074 0.0980448 0.1413145 0.0699790 0.1190544 0.1258784 0.1496594 0.1571500 0.1045998 0.0803515 0.1231459 0.1026357 0.1558962 0.1012279 0.1159424 0.1022887 
S0299         0.4687422 0.6062649 0.4922417 0.1188153 0.0808575 0.1236966 0.3850636 0.1145791 0.1435691 0.0368334 0.1163296 0.1195198 0.0365144 0.1266580 0.2044176 0.1312774 0.0000000 0.1448369 0.1287390 0.0343006 0.1094730 0.0420187 0.1242665 0.1410097 0.1396846 0.1097969 0.1062587 0.0419751 0.1588274 0.0495058 0.0982267 0.1237476 0.0380814 0.1111116 0.0758494 0.1045975 0.1377921 0.1836886 0.0338953 0.0990458 0.1634685 0.0389376 0.0639943 0.1240600 0.1298577 0.1063602 0.1419324 0.1372303 0.1688594 0.1447969 0.1177935 0.1681903 0.1135948 0.1091336 0.1014805 0.1094429 0.0973470 0.0973470 0.1253940 0.1152283 0.0569978 0.1104815 0.0879792 0.0534283 0.1438002 0.1294428 0.0990679 0.1036773 0.1182786 0.1135063 0.1695673 0.1195603 0.1860620 0.1191399 0.1496453 0.1397244 0.1000302 0.1054600 0.1720786 0.1181742 0.1960281 0.0756638 0.1183935 0.1527934 0.0865555 0.1329355 0.1777371 0.1269013 0.1101183 0.0963412 0.0367855 0.0827248 0.0972183 0.1205589 0.0576214 0.0366564 0.1108594 0.1246254 0.1308556 0.1145370 0.1014421 0.1109678 0.1235692 0.1204345 0.1126723 0.1083953 0.1436787 0.0983853 0.0530777 0.1392183 0.1611616 0.0503207 0.1024581 0.0917545 0.0387809 0.1189690 0.1081440 0.1123766 0.1364556 0.1092679 
S0303         0.5165072 0.5387949 0.4716906 0.1097336 0.1154892 0.1295256 0.3552763 0.0995838 0.1216742 0.1340388 0.0983178 0.0980985 0.1446279 0.1061285 0.0765320 0.1294591 0.1448369 0.0000000 0.0929290 0.1409930 0.0439303 0.1126754 0.1344266 0.1078351 0.0787239 0.0945985 0.0917383 0.1296001 0.0900152 0.1226098 0.1036309 0.1079255 0.1171908 0.0263620 0.1477264 0.1313304 0.1133290 0.0877868 0.1514380 0.1051005 0.0885337 0.1257728 0.1397924 0.1397401 0.1004122 0.0892871 0.1293327 0.0242932 0.1974403 0.0997608 0.0218698 0.1128648 0.1052606 0.1274289 0.1130616 0.0957020 0.1058384 0.1058384 0.1220496 0.1151215 0.1261553 0.0651872 0.1008429 0.1164308 0.0785493 0.0450340 0.0973803 0.1139941 0.1524277 0.1346276 0.1529151 0.1136799 0.2156780 0.1256394 0.0698550 0.0670017 0.1199263 0.1165170 0.2039523 0.0890317 0.2416812 0.0844677 0.1003899 0.0753304 0.1154155 0.1270043 0.2182833 0.1065822 0.1080928 0.0749145 0.1156996 0.0928181 0.1113521 0.0247448 0.1242638 0.1255663 0.0744551 0.0414677 0.0389614 0.0981528 0.0636012 0.1184921 0.1102942 0.1062825 0.1015085 0.0991402 0.1367517 0.0866548 0.1133375 0.0940477 0.1346188 0.1361767 0.1073188 0.1066281 0.1211440 0.1014625 0.1144844 0.0997702 0.1303666 0.0991452 
S0308         0.5720561 0.6743562 0.5437344 0.1260977 0.0812528 0.1160988 0.3548711 0.0919224 0.0868976 0.1339500 0.0790892 0.1010057 0.1439566 0.1199631 0.1501982 0.1388473 0.1287390 0.0929290 0.0000000 0.1405657 0.0704113 0.1094251 0.0949893 0.1327798 0.1164640 0.0978566 0.0976988 0.1261437 0.1266927 0.1192410 0.0833856 0.1017662 0.0947352 0.0698165 0.1360023 0.1133290 0.1258789 0.1162486 0.1435512 0.0916732 0.1425442 0.1254243 0.1337727 0.1419281 0.1067809 0.0915970 0.1136577 0.0907007 0.2566353 0.1009960 0.0637383 0.1691468 0.1082119 0.1162374 0.0958627 0.0914719 0.0893972 0.0893972 0.1216989 0.1074490 0.1243975 0.0605778 0.0943009 0.1212604 0.1171981 0.0842903 0.1083328 0.0971175 0.1404613 0.1161944 0.1700579 0.1158831 0.2548743 0.0989278 0.0870810 0.1147341 0.1130228 0.1099307 0.2595156 0.1092552 0.3065683 0.0887798 0.0951034 0.0897418 0.1101148 0.1453194 0.2732479 0.0947991 0.0940072 0.0843914 0.1124214 0.0837516 0.1030550 0.0717245 0.1362851 0.1161864 0.0518913 0.0600836 0.0761545 0.0969800 0.0590262 0.0945571 0.1174911 0.0945403 0.1002830 0.0949670 0.1414396 0.0906546 0.1039532 0.1322025 0.1398100 0.1531096 0.0919580 0.0899508 0.1238251 0.1157281 0.1117541 0.1019054 0.1193386 0.0874008 
S0320         0.5495810 0.5446249 0.4767979 0.1412238 0.1643455 0.1383715 0.4348879 0.1363882 0.1172576 0.0334191 0.1128416 0.1344062 0.0194201 0.1304166 0.1660020 0.1413161 0.0343006 0.1409930 0.1405657 0.0000000 0.1126228 0.0313327 0.1437433 0.1548744 0.1489136 0.1243784 0.1273655 0.0194105 0.1650181 0.0239060 0.1114652 0.1387903 0.0236517 0.1141999 0.0512867 0.1264416 0.1485075 0.1586543 0.0240117 0.1102902 0.1529152 0.0216717 0.0657819 0.1322311 0.1453986 0.1208037 0.1407894 0.1404167 0.2056755 0.1571027 0.1208516 0.1382854 0.1287301 0.1244089 0.1116542 0.1239787 0.1104723 0.1104723 0.1372981 0.1259216 0.0609741 0.1243193 0.0904180 0.0605195 0.1472210 0.1291789 0.1165740 0.1043421 0.1443492 0.1352502 0.1845377 0.1120674 0.2167179 0.1254699 0.1497074 0.1369951 0.0993148 0.1063350 0.2159575 0.1287649 0.2104292 0.0869925 0.1234139 0.1527972 0.1005687 0.1326134 0.2156444 0.1420726 0.1281038 0.1187540 0.0148975 0.0802098 0.0975263 0.1235638 0.0536788 0.0284937 0.1032968 0.1275191 0.1295038 0.1263955 0.1045773 0.1236920 0.1385092 0.1354356 0.1240014 0.1228714 0.1535073 0.1056636 0.0521586 0.1397349 0.1659088 0.0218188 0.1214244 0.1045062 0.0260008 0.1088914 0.1106747 0.1273277 0.1281057 0.1243257 
S0322         0.5253620 0.5852067 0.4692363 0.1158109 0.1308567 0.1081455 0.3409371 0.0857361 0.0807654 0.1064837 0.0865157 0.0861852 0.1152719 0.0962388 0.1353883 0.1176533 0.1094730 0.0439303 0.0704113 0.1126228 0.0000000 0.0841850 0.1123622 0.1179072 0.0980204 0.0884193 0.0856109 0.0957465 0.1232393 0.0931776 0.0869272 0.0994468 0.0772797 0.0171507 0.1135958 0.1190857 0.1053513 0.1037716 0.1191728 0.0799003 0.1195031 0.0932992 0.1229788 0.1148214 0.0894485 0.0797455 0.1095592 0.0241232 0.2113024 0.0863732 0.0152844 0.1519137 0.0916548 0.1101138 0.0929852 0.0825958 0.0891083 0.0891083 0.0949548 0.0903129 0.0976261 0.0385322 0.0725415 0.1011752 0.1139558 0.0483774 0.0997423 0.0949099 0.1355336 0.1180760 0.1568540 0.1014514 0.2108873 0.0913178 0.0767959 0.0975282 0.1056313 0.0993858 0.2180974 0.1088637 0.2592762 0.0731932 0.0949195 0.0794316 0.0919857 0.1222165 0.2334002 0.0953393 0.0793772 0.0748436 0.0869860 0.0649422 0.0850619 0.0126220 0.1142374 0.0959435 0.0531538 0.0168207 0.0233532 0.0905408 0.0387375 0.0953782 0.1063733 0.0982384 0.0825960 0.0817855 0.1305686 0.0710522 0.0842057 0.1103117 0.1278661 0.1233872 0.0746209 0.0896580 0.0937532 0.0927534 0.0906735 0.0904666 0.1113173 0.0828182 
S0327         0.5186489 0.6066205 0.4845787 0.1088684 0.1075382 0.1034793 0.4041385 0.1115189 0.0979097 0.0361103 0.0901315 0.1000347 0.0338624 0.0927057 0.1392807 0.1245801 0.0420187 0.1126754 0.1094251 0.0313327 0.0841850 0.0000000 0.1043643 0.1129532 0.1258840 0.0911271 0.0938471 0.0218075 0.1357532 0.0285241 0.0900984 0.1078127 0.0129914 0.0859388 0.0460153 0.0953343 0.1097848 0.1454930 0.0358850 0.0853656 0.1255000 0.0259918 0.0565310 0.1091090 0.1135242 0.0880138 0.1159439 0.1117008 0.1890923 0.1240468 0.0913624 0.1361086 0.0947862 0.1022919 0.0932026 0.0908450 0.0893143 0.0893143 0.0979528 0.0952728 0.0474364 0.0950936 0.0700716 0.0438860 0.1184514 0.1020859 0.0867004 0.0888105 0.1202645 0.1038508 0.1623429 0.0931226 0.2032756 0.0958836 0.1231857 0.1205755 0.0756409 0.0842797 0.1946436 0.1091235 0.1881095 0.0591423 0.0993219 0.1260945 0.0731281 0.1122924 0.1922803 0.1067180 0.0983992 0.0894972 0.0149385 0.0596378 0.0782406 0.0939315 0.0482677 0.0283410 0.0896962 0.0979918 0.1039448 0.0986642 0.0790998 0.0915706 0.0994511 0.1007623 0.0915174 0.1006585 0.1231516 0.0811190 0.0362044 0.1031582 0.1229453 0.0343098 0.0872424 0.0898663 0.0171824 0.0900099 0.0878028 0.0931427 0.1054548 0.0950399 
S0335         0.5150005 0.6357846 0.4806329 0.0575312 0.0413645 0.1126060 0.3408677 0.0878885 0.0779109 0.1406345 0.1010320 0.0870025 0.1449603 0.0637159 0.1193248 0.1264197 0.1242665 0.1344266 0.0949893 0.1437433 0.1123622 0.1043643 0.0000000 0.0705925 0.1244580 0.0838216 0.0811697 0.1261309 0.1237738 0.1259398 0.0687760 0.0929273 0.0926561 0.1039943 0.1285911 0.0932534 0.1059907 0.1554035 0.1376547 0.0846747 0.1146393 0.1214108 0.1245732 0.1574544 0.0934217 0.0784337 0.1300637 0.1250815 0.2403297 0.0962405 0.0956276 0.1727547 0.0902123 0.0947872 0.0776063 0.0811473 0.0716461 0.0716461 0.0736740 0.1099080 0.1074920 0.1136014 0.0994591 0.0977811 0.0961431 0.1109450 0.0735807 0.0873931 0.0995606 0.0902052 0.1586752 0.1173899 0.2543841 0.0987464 0.1447161 0.1419569 0.0831753 0.0670033 0.2512910 0.0899903 0.2602688 0.0669389 0.0510496 0.1445183 0.0933716 0.0984945 0.2508159 0.0907908 0.0907308 0.0679674 0.1158274 0.0911849 0.1238922 0.1074133 0.1205362 0.1215453 0.0806589 0.0907508 0.1156274 0.0834410 0.0943810 0.0564970 0.0748820 0.0905529 0.0899882 0.0753292 0.0973469 0.0798251 0.1058308 0.0783443 0.0908829 0.1501915 0.0787270 0.0773539 0.1187750 0.1106704 0.1211194 0.0819614 0.1151879 0.0782247 
S0345         0.5815540 0.6678515 0.5639905 0.0699692 0.0515592 0.1284118 0.4264599 0.0947231 0.1187502 0.1520685 0.1396997 0.0855068 0.1533733 0.0713710 0.0887609 0.1437638 0.1410097 0.1078351 0.1327798 0.1548744 0.1179072 0.1129532 0.0705925 0.0000000 0.1203629 0.0850800 0.0823029 0.1364527 0.1259419 0.1319668 0.0944082 0.1142616 0.1201583 0.1111075 0.1486401 0.1218991 0.1161080 0.1441099 0.1487104 0.0842993 0.0901677 0.1336593 0.1497760 0.1557011 0.1120814 0.0828891 0.1489026 0.1172140 0.2782288 0.1069969 0.1030315 0.1695289 0.0927745 0.1149845 0.1032865 0.0860468 0.0935478 0.0935478 0.1019528 0.1297421 0.1250952 0.1405247 0.1082191 0.1226901 0.1055629 0.1168017 0.0906764 0.1049872 0.1348208 0.1179833 0.1649817 0.1282672 0.2861812 0.1360987 0.1391027 0.1339720 0.1028616 0.0874419 0.2904517 0.0964237 0.3125465 0.0798324 0.0796247 0.1350629 0.0961356 0.1062988 0.2909679 0.1022862 0.0995495 0.0814559 0.1253650 0.0994440 0.1342661 0.1138243 0.1265809 0.1314365 0.1135803 0.1118463 0.1180132 0.0941039 0.1039182 0.0462634 0.0839832 0.1020026 0.0925298 0.0894592 0.1145801 0.0933653 0.1117414 0.0890122 0.1064122 0.1502490 0.0933795 0.0996873 0.1223049 0.1280858 0.1380009 0.0898986 0.1365118 0.0902891 
S0376         0.5588046 0.6527485 0.5067181 0.1040114 0.0861330 0.1080174 0.3631848 0.0668793 0.0720073 0.1489564 0.1032334 0.0865454 0.1527811 0.0967250 0.0848119 0.1185899 0.1396846 0.0787239 0.1164640 0.1489136 0.0980204 0.1258840 0.1244580 0.1203629 0.0000000 0.0832894 0.0805731 0.1259151 0.0706422 0.1300076 0.0718739 0.0590212 0.1258129 0.0868038 0.1539068 0.1208178 0.1124217 0.1214873 0.1498810 0.0718533 0.0721090 0.1304521 0.1645897 0.1401779 0.0693571 0.0718588 0.1107432 0.0709592 0.2089825 0.0847845 0.0842871 0.1052786 0.0901883 0.1162896 0.0720980 0.0776685 0.0712699 0.0712699 0.1103117 0.0887836 0.1243362 0.1044486 0.0888753 0.1180657 0.0776804 0.0632348 0.0904742 0.1005167 0.1348754 0.1210615 0.1368651 0.1029073 0.2348777 0.1079749 0.0882497 0.1043740 0.1096551 0.1031365 0.2155876 0.0570160 0.2405126 0.0779088 0.0951282 0.0848337 0.0857219 0.1157239 0.2244660 0.0929719 0.0752385 0.0620504 0.1289978 0.0872131 0.1014966 0.0957201 0.1414098 0.1302493 0.0865059 0.0906901 0.1009081 0.0853782 0.0828340 0.1050428 0.1063431 0.0927224 0.0830320 0.0696933 0.1199508 0.0632612 0.1192998 0.0795036 0.1296206 0.1655574 0.0815382 0.0742961 0.1348321 0.0999020 0.1004073 0.0822041 0.1129232 0.0743589 
S0400         0.5055031 0.6464102 0.4696085 0.0823395 0.0665506 0.0422268 0.3538408 0.0478044 0.0716676 0.1213851 0.0939307 0.0102664 0.1242641 0.0686053 0.0309238 0.1017915 0.1097969 0.0945985 0.0978566 0.1243784 0.0884193 0.0911271 0.0838216 0.0850800 0.0832894 0.0000000 0.0060903 0.1048046 0.0875592 0.1043353 0.0581645 0.0647490 0.0818645 0.0720913 0.1050585 0.0815669 0.0448747 0.1385156 0.1188145 0.0327723 0.0281465 0.1075977 0.1181888 0.1126520 0.0534876 0.0061391 0.1041445 0.1057360 0.2081737 0.0532743 0.0710797 0.1205726 0.0169328 0.0732415 0.0659667 0.0082171 0.0576874 0.0576874 0.0790294 0.0912295 0.1000682 0.0895637 0.0638462 0.0907252 0.0857384 0.0907837 0.0625010 0.0647870 0.0988500 0.0790483 0.0981603 0.0888152 0.2260606 0.1067688 0.1130495 0.1198327 0.0782640 0.0726014 0.2260510 0.0748210 0.2305518 0.0371149 0.0711652 0.1194991 0.0520724 0.0894668 0.2162763 0.0190950 0.0328609 0.0443985 0.0979406 0.0591643 0.0799230 0.0830982 0.0996259 0.1077151 0.0748483 0.0814416 0.0879731 0.0144777 0.0712564 0.0606942 0.0714433 0.0190519 0.0167839 0.0420004 0.0819597 0.0425743 0.0862862 0.0780734 0.1055766 0.1180989 0.0340354 0.0630575 0.1027894 0.0854491 0.0841102 0.0104055 0.1007663 0.0329191 
S0405         0.4838242 0.6283058 0.4611317 0.0796604 0.0665506 0.0350473 0.3525256 0.0403818 0.0677477 0.1243581 0.0967397 0.0081848 0.1273084 0.0660231 0.0273349 0.0989181 0.1062587 0.0917383 0.0976988 0.1273655 0.0856109 0.0938471 0.0811697 0.0823029 0.0805731 0.0060903 0.0000000 0.1076558 0.0847742 0.1071725 0.0553769 0.0621352 0.0859539 0.0694586 0.1079174 0.0817618 0.0424862 0.1383022 0.1217266 0.0304804 0.0254828 0.1104569 0.1214256 0.1123316 0.0509849 0.0040788 0.1043842 0.0995101 0.2118591 0.0507831 0.0683991 0.1252641 0.0147641 0.0734326 0.0630845 0.0061411 0.0549260 0.0549260 0.0763869 0.0940231 0.1029168 0.0923022 0.0610157 0.0935853 0.0829339 0.0879735 0.0626577 0.0649477 0.0990762 0.0792389 0.0917987 0.0915360 0.2297793 0.1038294 0.1159972 0.1167940 0.0755723 0.0699459 0.2299017 0.0717995 0.2354019 0.0346706 0.0684792 0.1224893 0.0544926 0.0867004 0.2201661 0.0169129 0.0282152 0.0393503 0.1007264 0.0563485 0.0826536 0.0803122 0.1024644 0.1105782 0.0750505 0.0787147 0.0851791 0.0123667 0.0739233 0.0581664 0.0688342 0.0168746 0.0190245 0.0369761 0.0792890 0.0401975 0.0890806 0.0753876 0.1027393 0.1211144 0.0292144 0.0602226 0.1056457 0.0882116 0.0838651 0.0082950 0.0979319 0.0306180 
S0407sl       0.5191875 0.5667260 0.4790107 0.1269689 0.1531889 0.1179276 0.4275904 0.1130823 0.0974615 0.0333032 0.0970682 0.1142407 0.0265271 0.1166668 0.1415874 0.1199815 0.0419751 0.1296001 0.1261437 0.0194105 0.0957465 0.0218075 0.1261309 0.1364527 0.1259151 0.1048046 0.1076558 0.0000000 0.1527554 0.0192801 0.1056926 0.1182734 0.0131143 0.1011388 0.0433787 0.1090344 0.1274930 0.1425799 0.0262849 0.0918758 0.1347102 0.0192869 0.0564140 0.1182750 0.1241477 0.1014783 0.1297726 0.1245256 0.1946257 0.1350945 0.1072097 0.1308354 0.1087741 0.1021172 0.1062042 0.1044727 0.1047527 0.1047527 0.1163426 0.1122536 0.0502850 0.1108019 0.0782882 0.0414703 0.1356301 0.1183067 0.0968209 0.0883855 0.1272089 0.1116143 0.1645685 0.1029440 0.2021507 0.1011303 0.1349328 0.1258250 0.0844080 0.0910259 0.2047019 0.1258070 0.1947276 0.0743434 0.1141530 0.1379294 0.0849057 0.1339802 0.2025014 0.1213816 0.1082642 0.0993313 0.0104902 0.0683366 0.0819954 0.1059172 0.0511779 0.0236578 0.0840365 0.1099178 0.1160514 0.1097048 0.0914690 0.1067422 0.1242943 0.1150978 0.1044817 0.1073211 0.1324134 0.0875968 0.0415559 0.1284687 0.1499301 0.0290809 0.1011364 0.1054103 0.0170045 0.0999621 0.0974939 0.1072115 0.1185370 0.1047570 
S0412sl       0.5497084 0.6409409 0.5285897 0.1134613 0.0950367 0.1202902 0.4160786 0.0940012 0.1041189 0.1710187 0.1149876 0.0909244 0.1690810 0.1014404 0.0770909 0.1276164 0.1588274 0.0900152 0.1266927 0.1650181 0.1232393 0.1357532 0.1237738 0.1259419 0.0706422 0.0875592 0.0847742 0.1527554 0.0000000 0.1580917 0.0968309 0.0951860 0.1408947 0.1076063 0.1749502 0.1258937 0.1174564 0.1468418 0.1643814 0.0977843 0.0772133 0.1490161 0.1670502 0.1763961 0.0821201 0.0786954 0.1331884 0.0933606 0.2267532 0.0965280 0.1052696 0.1236419 0.0943206 0.1445384 0.1060247 0.0806358 0.0990300 0.0990300 0.1089632 0.1255953 0.1585871 0.1238593 0.1308066 0.1389292 0.0983494 0.0897132 0.0980756 0.1214400 0.1530187 0.1256602 0.1366824 0.1243019 0.2619736 0.1225851 0.1179768 0.1083401 0.1310889 0.1192913 0.2416060 0.0827459 0.2436340 0.0852139 0.1076940 0.1169777 0.0962520 0.1212572 0.2419423 0.0905250 0.0980138 0.0640127 0.1473031 0.1190389 0.1337788 0.1055200 0.1528358 0.1583488 0.0949183 0.1029357 0.1201343 0.0816566 0.1131172 0.1264360 0.1146531 0.0902814 0.0971478 0.0933134 0.1158021 0.0790679 0.1347122 0.0893817 0.1254774 0.1761908 0.0989807 0.0967828 0.1538249 0.1209259 0.1364442 0.0827656 0.1259767 0.0880895 
S0417         0.5180643 0.5531349 0.4836111 0.1234797 0.1411507 0.1115073 0.4285436 0.1153784 0.1020666 0.0307258 0.0967149 0.1137208 0.0266229 0.1133028 0.1522175 0.1259332 0.0495058 0.1226098 0.1192410 0.0239060 0.0931776 0.0285241 0.1259398 0.1319668 0.1300076 0.1043353 0.1071725 0.0192801 0.1580917 0.0000000 0.0992658 0.1177170 0.0235486 0.0948777 0.0383320 0.1088834 0.1205471 0.1386483 0.0308989 0.0942520 0.1381592 0.0258683 0.0675124 0.1115911 0.1235607 0.1010277 0.1194026 0.1217722 0.2037085 0.1344430 0.1006767 0.1264567 0.1079819 0.1026194 0.0997463 0.1040063 0.0983910 0.0983910 0.1194640 0.1056354 0.0525386 0.0986584 0.0724674 0.0518250 0.1346826 0.1116140 0.0904131 0.0855093 0.1287176 0.1117056 0.1510236 0.0961015 0.1970106 0.1026547 0.1306933 0.1218799 0.0909640 0.0977981 0.2138891 0.1189191 0.2132077 0.0714695 0.1137272 0.1336553 0.0873041 0.1310028 0.2138028 0.1208203 0.1020330 0.0952226 0.0147252 0.0626384 0.0789661 0.1032879 0.0584842 0.0304251 0.0811780 0.1073143 0.1134278 0.1121071 0.0799379 0.1065801 0.1208165 0.1145701 0.1040156 0.1105420 0.1312197 0.0899942 0.0438413 0.1209586 0.1496940 0.0414585 0.0943565 0.0990046 0.0282962 0.0930327 0.0883968 0.1067209 0.1112724 0.1038447 
S0419         0.4892653 0.6032571 0.4409817 0.0833597 0.0568374 0.0888845 0.3027492 0.0493584 0.0225513 0.1161296 0.0511309 0.0661412 0.1158214 0.0585224 0.1060034 0.0858661 0.0982267 0.1036309 0.0833856 0.1114652 0.0869272 0.0900984 0.0687760 0.0944082 0.0718739 0.0581645 0.0553769 0.1056926 0.0968309 0.0992658 0.0000000 0.0673505 0.0736602 0.0712900 0.1229957 0.1029753 0.0953952 0.1291764 0.1136598 0.0605225 0.0915238 0.0998969 0.1173345 0.0950912 0.0609291 0.0554429 0.0685594 0.0922150 0.2222047 0.0667743 0.0739662 0.1050857 0.0693933 0.0978815 0.0082639 0.0579917 0.0020249 0.0020249 0.0934016 0.0598420 0.0918809 0.0826976 0.0614898 0.0916285 0.0795529 0.0779796 0.0792873 0.0780927 0.1218693 0.1061904 0.1207829 0.0563050 0.2252719 0.0925781 0.1088988 0.1158815 0.0961445 0.0930070 0.2290639 0.0169800 0.2570540 0.0569808 0.0566585 0.1087516 0.0602085 0.0850492 0.2311499 0.0719878 0.0633573 0.0437789 0.0929405 0.0566858 0.0809258 0.0846768 0.1174556 0.1026102 0.0522315 0.0695418 0.0869480 0.0629438 0.0624342 0.0789690 0.0639877 0.0718015 0.0657326 0.0520229 0.1023057 0.0520446 0.0930684 0.0649788 0.0920824 0.1220487 0.0635778 0.0061478 0.1034258 0.0496446 0.0915432 0.0671777 0.0616490 0.0547499 
S0427         0.4870429 0.6462511 0.4817546 0.0854167 0.0955188 0.0872674 0.3831159 0.0646520 0.0685246 0.1221164 0.1006513 0.0677745 0.1321827 0.0827789 0.1008079 0.1037387 0.1237476 0.1079255 0.1017662 0.1387903 0.0994468 0.1078127 0.0929273 0.1142616 0.0590212 0.0647490 0.0621352 0.1182734 0.0951860 0.1177170 0.0673505 0.0000000 0.0746485 0.0851109 0.1325915 0.0946858 0.0890228 0.1394453 0.1301403 0.0508267 0.0866781 0.1141392 0.1506813 0.1358051 0.0462348 0.0539499 0.1060994 0.1053007 0.2223447 0.0677674 0.0790825 0.1379730 0.0711338 0.0928928 0.0727501 0.0593839 0.0667804 0.0667804 0.0973850 0.0927743 0.1229050 0.1034711 0.0809495 0.1244539 0.0869410 0.0926384 0.0888306 0.0848538 0.1206181 0.0917010 0.1381590 0.1068978 0.2261387 0.0903650 0.1140956 0.1300339 0.0970317 0.0876327 0.2293322 0.0821560 0.2351697 0.0603222 0.0682170 0.1139416 0.0726205 0.1097796 0.2361640 0.0712173 0.0596499 0.0609761 0.1108396 0.0857560 0.1038393 0.0912890 0.1316583 0.1113114 0.0709740 0.0830607 0.1019432 0.0643887 0.0838537 0.0857449 0.0920278 0.0710284 0.0645480 0.0592434 0.1110591 0.0506998 0.1070850 0.0903792 0.1118634 0.1416628 0.0584462 0.0722229 0.1095327 0.1033089 0.0926751 0.0630060 0.1171466 0.0510601 
