54
HYZL          0.0000000 0.1027548 0.5860326 0.7596941 0.5891589 0.4502139 0.6134444 0.6267167 0.5272299 0.5458501 0.6061128 0.8816490 0.6122428 0.5780792 0.6225740 0.6189642 0.4398238 0.5916107 0.5089190 0.5238964 0.6000373 0.5818747 0.6598596 0.5808624 0.5692607 0.6711052 0.5908596 0.5599863 0.5532768 0.6480630 0.4922895 0.6164992 0.5315125 0.5233681 0.5845186 0.5599863 0.5214084 0.6075602 0.5614093 0.5374979 0.5646577 0.5594632 0.5331029 0.5655444 0.5574374 0.5044995 0.5574374 0.5504050 0.5630110 0.5222295 0.6909217 0.6040020 0.5222295 0.5968363 
MYZV          0.1027548 0.0000000 0.7435019 0.9255425 0.7459504 0.6224822 0.6910731 0.8313366 0.6690129 0.7308660 0.7697102 0.8816490 0.8102042 0.7451045 0.8284933 0.7465299 0.5848815 0.7569826 0.5951310 0.7025737 0.7610803 0.7413973 0.8758885 0.7513568 0.6944720 0.7918090 0.7109243 0.5766463 0.5130245 0.7445630 0.6512693 0.7057746 0.5477520 0.6432241 0.8043956 0.5766463 0.6606236 0.7382604 0.7109243 0.7145743 0.7144768 0.7210881 0.7153338 0.7753946 0.7064314 0.5865400 0.7064314 0.7026858 0.5800331 0.5381305 0.8741265 0.6732827 0.5381305 0.7122417 
SRR6441723    0.5860326 0.7435019 0.0000000 0.0531205 0.1304345 0.4271207 0.1211245 0.1806204 0.1299077 0.1651841 0.0280461 0.8816490 0.1503670 0.1480127 0.1911279 0.1807713 0.0000021 0.2073256 0.1815082 0.1179258 0.1322272 0.1334899 0.2131344 0.1616054 0.2268433 0.1854406 0.1298960 0.1319911 0.1179055 0.1364910 0.0686355 0.0627034 0.1344908 0.1656805 0.0276025 0.1073838 0.1630134 0.0466581 0.1298960 0.1837921 0.1470698 0.1913874 0.1333474 0.1930689 0.1161682 0.0980480 0.1161682 0.1299077 0.1216560 0.1327585 0.2527402 0.1653524 0.1327585 0.1446219 
ERR4210213    0.7596941 0.9255425 0.0531205 0.0000000 0.1678615 0.5248906 0.1793704 0.1899125 0.1671564 0.1929080 0.0940245 0.8816490 0.1574779 0.2008994 0.2011394 0.2170306 0.0202578 0.2190503 0.2269928 0.1228540 0.1384962 0.1723344 0.2250447 0.1945137 0.2644483 0.2484306 0.1672068 0.1858067 0.1554055 0.1837249 0.1623183 0.1456478 0.1899304 0.2139892 0.0922454 0.1568819 0.1855677 0.1169337 0.1672068 0.2742979 0.1872355 0.2285183 0.1392485 0.2093860 0.1516076 0.1538698 0.1516076 0.1671564 0.1743571 0.1872056 0.2686537 0.2086380 0.1872056 0.1840355 
ERR2789774    0.5891589 0.7459504 0.1304345 0.1678615 0.0000000 0.4598027 0.0407968 0.1244215 0.0180157 0.1407693 0.1054875 0.8816490 0.1173055 0.2540194 0.1596221 0.2233790 0.0953951 0.2250009 0.0732807 0.1167573 0.0182722 0.0183709 0.1557248 0.1965585 0.2547718 0.2773263 0.0180202 0.1398848 0.1258722 0.2287510 0.1378160 0.1901139 0.1360077 0.2186676 0.1641050 0.1155473 0.1550040 0.1950592 0.0180202 0.2612554 0.0279401 0.2341785 0.1579801 0.2362450 0.0088617 0.0316135 0.0088617 0.0180157 0.1297621 0.1343540 0.2503690 0.0385510 0.1343540 0.0275712 
PAFTOL_019361 0.4502139 0.6224822 0.4271207 0.5248906 0.4598027 0.0000000 0.4165252 0.3494550 0.4053631 0.3474483 0.4811373 0.8816490 0.4397859 0.3222246 0.3713602 0.3144288 0.3569931 0.2909505 0.3762910 0.3116993 0.4682628 0.4789377 0.3844648 0.2868415 0.4052916 0.3691841 0.4606294 0.3804214 0.4498697 0.4614406 0.4096590 0.5396581 0.4419101 0.3621234 0.4484764 0.4276367 0.4455407 0.4395455 0.4095376 0.4232740 0.4188299 0.3038849 0.3149629 0.2855541 0.4319015 0.3479719 0.4319015 0.4286559 0.4613470 0.4341857 0.7387142 0.4324276 0.4341857 0.4362832 
S0055         0.6134444 0.6910731 0.1211245 0.1793704 0.0407968 0.4165252 0.0000000 0.1516891 0.0406377 0.1503177 0.1163398 0.8816490 0.1075530 0.2296727 0.1553355 0.2137568 0.0991918 0.2201511 0.0801383 0.1336556 0.0412881 0.0415531 0.1470196 0.1906434 0.2273666 0.2489829 0.0299668 0.0933527 0.1035822 0.1891772 0.1111841 0.1312479 0.1083084 0.2243460 0.1262187 0.1045432 0.1773403 0.1417519 0.0198296 0.2318182 0.0526592 0.2294774 0.1661610 0.2315885 0.0299668 0.0000025 0.0299668 0.0406377 0.1184743 0.1069469 0.2420306 0.0655628 0.1069469 0.0406385 
S0278         0.6267167 0.8313366 0.1806204 0.1899125 0.1244215 0.3494550 0.1516891 0.0000000 0.1239671 0.0361048 0.1560249 0.8816490 0.0465557 0.2430227 0.0577506 0.2360512 0.1311667 0.2371087 0.1149818 0.0369670 0.1259554 0.1270146 0.0565788 0.2084817 0.2441869 0.2659517 0.1239526 0.1107879 0.1222603 0.2514162 0.1464829 0.2474007 0.1321334 0.2096174 0.2044450 0.1107879 0.1502037 0.1889071 0.1239526 0.2361809 0.1391972 0.2468716 0.0580001 0.2490521 0.1117361 0.1294684 0.1117361 0.1239671 0.1243718 0.1305659 0.2051837 0.1554764 0.1305659 0.1131537 
S0282         0.5272299 0.6690129 0.1299077 0.1671564 0.0180157 0.4053631 0.0406377 0.1239671 0.0000000 0.1402410 0.1050520 0.8816490 0.1168645 0.2529614 0.1590081 0.2224535 0.0949861 0.2241129 0.0729968 0.1163182 0.0182070 0.0183049 0.1551373 0.1957507 0.2178857 0.2762122 0.0179567 0.1393673 0.1254099 0.2278473 0.1372326 0.1893300 0.1355122 0.1854541 0.1634346 0.1151185 0.1543910 0.1942758 0.0179567 0.2248061 0.0089450 0.2332284 0.1573812 0.2352821 0.0088305 0.0314850 0.0088305 0.0179522 0.1292752 0.1338694 0.2493607 0.0184979 0.1338694 0.0274724 
S0289         0.5458501 0.7308660 0.1651841 0.1929080 0.1407693 0.3474483 0.1503177 0.0361048 0.1402410 0.0000000 0.1713667 0.8816490 0.0562134 0.2251814 0.0694524 0.2241910 0.1051793 0.2412523 0.1310375 0.0372567 0.1425864 0.1439059 0.0679821 0.1968153 0.2434674 0.2483747 0.1402400 0.0874679 0.0983553 0.2344776 0.1310823 0.2253987 0.1127689 0.1791843 0.1881464 0.0874679 0.1338629 0.1691601 0.1402400 0.2039037 0.1567621 0.2352233 0.0585061 0.2373450 0.1271953 0.1280769 0.1271953 0.1402410 0.1000244 0.1114212 0.2040209 0.1744498 0.1114212 0.1288406 
S0292         0.6061128 0.7697102 0.0280461 0.0940245 0.1054875 0.4811373 0.1163398 0.1560249 0.1050520 0.1713667 0.0000000 0.8816490 0.1621302 0.1932549 0.2186970 0.2312378 0.0199441 0.2595474 0.1541211 0.1381959 0.1069306 0.1078710 0.2430759 0.2032401 0.2672536 0.2342193 0.1050293 0.1698268 0.1536325 0.1590866 0.1142068 0.0807603 0.1649827 0.2089510 0.0286447 0.1421299 0.2097347 0.0717905 0.1050293 0.2158296 0.1212062 0.2423193 0.1834592 0.2445109 0.0918143 0.0918424 0.0918143 0.1050520 0.1586998 0.1627673 0.2726469 0.1384694 0.1627673 0.1191523 
S0293         0.8816490 0.8816490 0.8816490 0.8816490 0.8816490 0.8816490 0.8816490 0.8816490 0.8816490 0.8816490 0.8816490 0.0000000 0.8816490 0.8816490 0.8816490 0.8816490 0.8816490 0.8816490 0.8816490 0.8816490 0.0000021 0.0000010 0.8816490 0.8816490 0.8816490 0.8816490 0.8816490 0.8816490 0.8816490 0.8816490 0.0000010 0.0000021 0.0000021 0.8816490 0.8816490 0.8816490 0.8816490 0.8816490 0.8816490 0.8816490 0.8816490 0.8816490 0.8816490 0.8816490 0.8816490 0.8816490 0.8816490 0.8816490 0.0000021 0.8816490 0.0000021 0.8816490 0.8816490 0.8816490 
S0299         0.6122428 0.8102042 0.1503670 0.1574779 0.1173055 0.4397859 0.1075530 0.0465557 0.1168645 0.0562134 0.1621302 0.8816490 0.0000000 0.1909217 0.0788223 0.1687400 0.1028043 0.1726931 0.1226258 0.0567881 0.1187844 0.1197818 0.0771618 0.1457894 0.2212519 0.2283571 0.1168463 0.0968285 0.0850048 0.2158057 0.1170652 0.1909840 0.1109595 0.1893558 0.1718204 0.0968285 0.1220950 0.1397748 0.1168463 0.2142176 0.1321750 0.1794078 0.0791326 0.1809999 0.1044780 0.0866679 0.1044780 0.1168645 0.1095473 0.1096539 0.1556568 0.1485388 0.1096539 0.1058489 
S0303         0.5780792 0.7451045 0.1480127 0.2008994 0.2540194 0.3222246 0.2296727 0.2430227 0.2529614 0.2251814 0.1932549 0.8816490 0.1909217 0.0000000 0.2261363 0.0000026 0.0945560 0.0099170 0.2711315 0.1649652 0.2580752 0.2620662 0.2830357 0.0000022 0.2040089 0.0295806 0.2534390 0.2279049 0.2414779 0.0955878 0.1362130 0.1861318 0.2333855 0.1986251 0.1381073 0.2279049 0.2114233 0.1847899 0.2185557 0.2000958 0.2629895 0.0000023 0.1953510 0.0000021 0.2345291 0.2198956 0.2345291 0.2156632 0.2492441 0.2298623 0.3666310 0.2733961 0.2298623 0.2375723 
S0320         0.6225740 0.8284933 0.1911279 0.2011394 0.1596221 0.3713602 0.1553355 0.0577506 0.1590081 0.0694524 0.2186970 0.8816490 0.0788223 0.2261363 0.0000000 0.2194013 0.1416926 0.2211955 0.1495892 0.0370258 0.1617766 0.1634348 0.0578110 0.1854707 0.2297928 0.2488974 0.1590366 0.1387670 0.1627780 0.2352294 0.1831388 0.2579242 0.1695999 0.2204980 0.2019033 0.1500643 0.1851417 0.1917063 0.1470462 0.2477185 0.1428783 0.2301796 0.0580849 0.2322089 0.1450504 0.1291506 0.1450504 0.1590081 0.1657373 0.1673871 0.2209705 0.1597538 0.1673871 0.1469528 
S0322         0.6189642 0.7465299 0.1807713 0.2170306 0.2233790 0.3144288 0.2137568 0.2360512 0.2224535 0.2241910 0.2312378 0.8816490 0.1687400 0.0000026 0.2194013 0.0000000 0.1095052 0.0000025 0.2637159 0.1596370 0.2268373 0.2300132 0.2756303 0.0000026 0.1977324 0.0292219 0.2051992 0.2269566 0.2405407 0.1412700 0.1678763 0.2224362 0.2324197 0.1976891 0.1706776 0.2269566 0.2224794 0.2211638 0.1902216 0.2169156 0.2314395 0.0000020 0.1893482 0.0000026 0.2051992 0.2277997 0.2051992 0.1876458 0.2483087 0.2289054 0.3633467 0.2408458 0.2289054 0.2079453 
S0335         0.4398238 0.5848815 0.0000021 0.0202578 0.0953951 0.3569931 0.0991918 0.1311667 0.0949861 0.1051793 0.0199441 0.8816490 0.1028043 0.0945560 0.1416926 0.1095052 0.0000000 0.1169980 0.1447465 0.0737260 0.0967365 0.0975844 0.1618453 0.1073152 0.1858021 0.1178280 0.0949632 0.1155308 0.1011545 0.1070829 0.0620477 0.0557046 0.1177925 0.1350129 0.0294425 0.0901192 0.1072388 0.0506862 0.0949632 0.1509225 0.1112242 0.1203935 0.1003192 0.1215338 0.0815923 0.0736566 0.0815923 0.0815923 0.1045990 0.1161969 0.1974283 0.1286839 0.1161969 0.1092708 
S0430         0.5916107 0.7569826 0.2073256 0.2190503 0.2250009 0.2909505 0.2201511 0.2371087 0.2241129 0.2412523 0.2595474 0.8816490 0.1726931 0.0099170 0.2211955 0.0000025 0.1169980 0.0000000 0.2635184 0.1638464 0.2283213 0.2313769 0.2748826 0.0000020 0.2004348 0.0502289 0.2243839 0.2432909 0.2566554 0.1676360 0.2004152 0.2499023 0.2489926 0.2147535 0.1974023 0.2432909 0.2241522 0.2487621 0.1933020 0.2335827 0.2327188 0.0000030 0.1923539 0.0000020 0.2076188 0.2293292 0.2076188 0.1908234 0.2644771 0.2453566 0.3582700 0.2417100 0.2453566 0.2102535 
S0558         0.5089190 0.5951310 0.1815082 0.2269928 0.0732807 0.3762910 0.0801383 0.1149818 0.0729968 0.1310375 0.1541211 0.8816490 0.1226258 0.2711315 0.1495892 0.2637159 0.1447465 0.2635184 0.0000000 0.1059634 0.0741881 0.0747229 0.1458984 0.2335819 0.3081144 0.2946952 0.0729832 0.1727432 0.1571123 0.2785434 0.1590328 0.2509212 0.1680368 0.2665062 0.2064217 0.1606267 0.1784398 0.2231334 0.0729832 0.2973667 0.0865093 0.2748427 0.1481012 0.2773306 0.0615154 0.0578539 0.0615154 0.0729968 0.1773069 0.1658663 0.3192677 0.0733128 0.1658663 0.0623527 
S0624         0.5238964 0.7025737 0.1179258 0.1228540 0.1167573 0.3116993 0.1336556 0.0369670 0.1163182 0.0372567 0.1381959 0.8816490 0.0567881 0.1649652 0.0370258 0.1596370 0.0737260 0.1638464 0.1059634 0.0000000 0.1182287 0.1192198 0.0576513 0.1380163 0.1807671 0.1866214 0.1162998 0.0980037 0.1090707 0.1764960 0.1187697 0.1834880 0.1241822 0.1536581 0.1363832 0.0867643 0.1106590 0.1479668 0.1162998 0.1753711 0.1316090 0.1699960 0.0177998 0.1714704 0.1039456 0.1122062 0.1039456 0.1163182 0.0991694 0.1226840 0.1714985 0.1479588 0.1226840 0.1053105 
S0641         0.6000373 0.7610803 0.1322272 0.1384962 0.0182722 0.4682628 0.0412881 0.1259554 0.0182070 0.1425864 0.1069306 0.0000021 0.1187844 0.2580752 0.1617766 0.2268373 0.0967365 0.2283213 0.0741881 0.1182287 0.0000000 0.0183709 0.1577785 0.1995034 0.2446972 0.2816705 0.0182116 0.1416627 0.1274366 0.2321408 0.1378160 0.1901139 0.1360077 0.2090384 0.1664691 0.1169819 0.1571496 0.1979088 0.0182116 0.2651856 0.0282475 0.2377622 0.1600765 0.2398831 0.0089539 0.0320064 0.0089539 0.0182070 0.1297621 0.1360077 0.2503690 0.0389908 0.1360077 0.0278705 
S0643         0.5818747 0.7413973 0.1334899 0.1723344 0.0183709 0.4789377 0.0415531 0.1270146 0.0183049 0.1439059 0.1078710 0.0000010 0.1197818 0.2620662 0.1634348 0.2300132 0.0975844 0.2313769 0.0747229 0.1192198 0.0183709 0.0000000 0.1593391 0.2020271 0.2429559 0.2861439 0.0183095 0.1429492 0.1285200 0.2352863 0.1358488 0.1727500 0.1371841 0.2070878 0.1683154 0.1179440 0.1587778 0.2003370 0.0183095 0.2497582 0.0284083 0.2411356 0.1448977 0.2433255 0.0090004 0.0322146 0.0090004 0.0183049 0.1308882 0.1371841 0.2539931 0.0392266 0.1371841 0.0280265 
S0645sl       0.6598596 0.8758885 0.2131344 0.2250447 0.1557248 0.3844648 0.1470196 0.0565788 0.1551373 0.0679821 0.2430759 0.8816490 0.0771618 0.2830357 0.0578110 0.2756303 0.1618453 0.2748826 0.1458984 0.0576513 0.1577785 0.1593391 0.0000000 0.2453501 0.2971942 0.3065513 0.1551579 0.1465834 0.1589700 0.2899231 0.1599539 0.3007640 0.1774511 0.2572159 0.2395010 0.1465834 0.1804143 0.2356230 0.1551579 0.2869946 0.1725358 0.2866628 0.0804092 0.2892451 0.1415632 0.1413973 0.1415632 0.1551373 0.1617983 0.1751634 0.2545542 0.1911329 0.1751634 0.1433878 
S0724sl       0.5808624 0.7513568 0.1616054 0.1945137 0.1965585 0.2868415 0.1906434 0.2084817 0.1957507 0.1968153 0.2032401 0.8816490 0.1457894 0.0000022 0.1854707 0.0000026 0.1073152 0.0000020 0.2335819 0.1380163 0.1995034 0.2020271 0.2453501 0.0000000 0.1937693 0.0398489 0.1958940 0.2057820 0.2187483 0.1342489 0.1509018 0.2037096 0.2105463 0.1936986 0.1674951 0.2057820 0.2209880 0.1997092 0.1654795 0.1952814 0.1957507 0.0000023 0.1701909 0.0000026 0.1795750 0.1987058 0.1795750 0.1632138 0.2258647 0.2074420 0.3273853 0.2037225 0.2074420 0.1820238 
S0735         0.5692607 0.6944720 0.2268433 0.2644483 0.2547718 0.4052916 0.2273666 0.2441869 0.2178857 0.2434674 0.2672536 0.8816490 0.2212519 0.2040089 0.2297928 0.1977324 0.1858021 0.2004348 0.3081144 0.1807671 0.2446972 0.2429559 0.2971942 0.1937693 0.0000000 0.2263133 0.2542173 0.1668193 0.2102507 0.2763817 0.2817302 0.2060264 0.2076693 0.0684642 0.2311769 0.1668193 0.2444493 0.2011812 0.2206760 0.1192205 0.2153282 0.2083351 0.1848790 0.2101518 0.2360352 0.2180264 0.2360352 0.2537535 0.1537642 0.2046952 0.3126177 0.2238216 0.2046952 0.2736459 
S0748         0.6711052 0.7918090 0.1854406 0.2484306 0.2773263 0.3691841 0.2489829 0.2659517 0.2762122 0.2483747 0.2342193 0.8816490 0.2283571 0.0295806 0.2488974 0.0292219 0.1178280 0.0502289 0.2946952 0.1866214 0.2816705 0.2861439 0.3065513 0.0398489 0.2263133 0.0000000 0.2638420 0.2501923 0.2639273 0.1474122 0.1737595 0.2256668 0.2561922 0.2209246 0.1757661 0.2501923 0.2188808 0.2244581 0.2416460 0.2402690 0.2865435 0.0393015 0.2172535 0.0396639 0.2576718 0.2653708 0.2576718 0.2386705 0.2720337 0.2523775 0.3954523 0.2972044 0.2523775 0.2607829 
S0756         0.5908596 0.7109243 0.1298960 0.1672068 0.0180202 0.4606294 0.0299668 0.1239526 0.0179567 0.1402400 0.1050293 0.8816490 0.1168463 0.2534390 0.1590366 0.2051992 0.0949632 0.2243839 0.0729832 0.1162998 0.0182116 0.0183095 0.1551579 0.1958940 0.2542173 0.2638420 0.0000000 0.1393653 0.1253962 0.2281395 0.1226016 0.1894486 0.1355064 0.2180517 0.1634745 0.1151000 0.1544113 0.1944100 0.0179612 0.2607348 0.0278431 0.2335609 0.1574061 0.2356290 0.0088337 0.0314887 0.0088337 0.0179567 0.1292638 0.1338622 0.2497967 0.0384097 0.1338622 0.0274765 
S0760         0.5599863 0.5766463 0.1319911 0.1858067 0.1398848 0.3804214 0.0933527 0.1107879 0.1393673 0.0874679 0.1698268 0.8816490 0.0968285 0.2279049 0.1387670 0.2269566 0.1155308 0.2432909 0.1727432 0.0980037 0.1416627 0.1429492 0.1465834 0.2057820 0.1668193 0.2501923 0.1393653 0.0000000 0.0257288 0.2254408 0.1129191 0.1540983 0.0266868 0.1314997 0.1509694 0.0169661 0.1552168 0.1119675 0.1151000 0.1762924 0.1555872 0.2375422 0.0998857 0.2395980 0.1265203 0.0967579 0.1265203 0.1393673 0.0261227 0.0264116 0.1973494 0.1729048 0.0264116 0.1265072 
S0795         0.5532768 0.5130245 0.1179055 0.1554055 0.1258722 0.4498697 0.1035822 0.1222603 0.1254099 0.0983553 0.1536325 0.8816490 0.0850048 0.2414779 0.1627780 0.2405407 0.1011545 0.2566554 0.1571123 0.1090707 0.1274366 0.1285200 0.1589700 0.2187483 0.2102507 0.2639273 0.1253962 0.0257288 0.0000000 0.2183704 0.0988879 0.1656599 0.0355722 0.1440439 0.1623660 0.0257288 0.1268448 0.1077842 0.1253962 0.1901458 0.1407972 0.2511620 0.1111412 0.2533413 0.1130625 0.0958349 0.1130625 0.1254099 0.0352209 0.0352042 0.2258966 0.1572312 0.0352042 0.1130436 
S0888         0.6480630 0.7445630 0.1364910 0.1837249 0.2287510 0.4614406 0.1891772 0.2514162 0.2278473 0.2344776 0.1590866 0.8816490 0.2158057 0.0955878 0.2352294 0.1412700 0.1070829 0.1676360 0.2785434 0.1764960 0.2321408 0.2352863 0.2899231 0.1342489 0.2763817 0.1474122 0.2281395 0.2254408 0.2183704 0.0000000 0.1322070 0.1775788 0.2305271 0.1979357 0.1418245 0.2254408 0.2458167 0.1698744 0.1967250 0.2042991 0.2365778 0.1355866 0.2248366 0.1535273 0.2111964 0.1795191 0.2111964 0.1941995 0.2454109 0.2272535 0.2752768 0.2456812 0.2272535 0.2463197 
S0906         0.4922895 0.6512693 0.0686355 0.1623183 0.1378160 0.4096590 0.1111841 0.1464829 0.1372326 0.1310823 0.1142068 0.0000010 0.1170652 0.1362130 0.1831388 0.1678763 0.0620477 0.2004152 0.1590328 0.1187697 0.1378160 0.1358488 0.1599539 0.1509018 0.2817302 0.1737595 0.1226016 0.1129191 0.0988879 0.1322070 0.0000000 0.1434833 0.1135509 0.1889672 0.0966663 0.1129191 0.1567774 0.1106454 0.1372278 0.1904117 0.1556948 0.1831193 0.1213672 0.1848899 0.1226016 0.0901551 0.1226016 0.1079571 0.1129191 0.1135509 0.2519270 0.1754488 0.1135509 0.1378160 
S0960         0.6164992 0.7057746 0.0627034 0.1456478 0.1901139 0.5396581 0.1312479 0.2474007 0.1893300 0.2253987 0.0807603 0.0000021 0.1909840 0.1861318 0.2579242 0.2224362 0.0557046 0.2499023 0.2509212 0.1834880 0.1901139 0.1727500 0.3007640 0.2037096 0.2060264 0.2256668 0.1894486 0.1540983 0.1656599 0.1775788 0.1434833 0.0000000 0.1713792 0.1950651 0.0644546 0.1540983 0.2341761 0.0893553 0.1591349 0.1797992 0.2102609 0.2332105 0.1714333 0.2352637 0.1732593 0.1049906 0.1732593 0.1893300 0.1686922 0.1713792 0.3219568 0.2323616 0.1713792 0.2068164 
S1083         0.5315125 0.5477520 0.1344908 0.1899304 0.1360077 0.4419101 0.1083084 0.1321334 0.1355122 0.1127689 0.1649827 0.0000021 0.1109595 0.2333855 0.1695999 0.2324197 0.1177925 0.2489926 0.1680368 0.1241822 0.1360077 0.1371841 0.1774511 0.2105463 0.2076693 0.2561922 0.1355064 0.0266868 0.0355722 0.2305271 0.1135509 0.1713792 0.0000000 0.1665502 0.1540238 0.0456073 0.1582651 0.1287570 0.1118275 0.2172058 0.1513013 0.2432377 0.1265597 0.2453887 0.1229778 0.1124041 0.1229778 0.1355122 0.0556548 0.0000030 0.2518094 0.1681843 0.0000030 0.1229628 
S1100         0.5233681 0.6432241 0.1656805 0.2139892 0.2186676 0.3621234 0.2243460 0.2096174 0.1854541 0.1791843 0.2089510 0.8816490 0.1893558 0.1986251 0.2204980 0.1976891 0.1350129 0.2147535 0.2665062 0.1536581 0.2090384 0.2070878 0.2572159 0.1936986 0.0684642 0.2209246 0.2180517 0.1314997 0.1440439 0.1979357 0.1889672 0.1950651 0.1665502 0.0000000 0.2179408 0.1070384 0.2389579 0.1529294 0.2180517 0.0474690 0.1926843 0.2083702 0.1487853 0.2102010 0.2017842 0.2002070 0.2017842 0.1854541 0.1212249 0.1643240 0.3111245 0.2002956 0.1643240 0.2355412 
S1129sl       0.5845186 0.8043956 0.0276025 0.0922454 0.1641050 0.4484764 0.1262187 0.2044450 0.1634346 0.1881464 0.0286447 0.8816490 0.1718204 0.1381073 0.2019033 0.1706776 0.0294425 0.1974023 0.2064217 0.1363832 0.1664691 0.1683154 0.2395010 0.1674951 0.2311769 0.1757661 0.1634745 0.1509694 0.1623660 0.1418245 0.0966663 0.0644546 0.1540238 0.2179408 0.0000000 0.1509694 0.1827079 0.0713077 0.1351672 0.1837730 0.1827096 0.1814422 0.1676535 0.1830650 0.1484252 0.1158639 0.1484252 0.1634346 0.1675922 0.1519457 0.2829798 0.2031922 0.1519457 0.1664536 
S1177         0.5599863 0.5766463 0.1073838 0.1568819 0.1155473 0.4276367 0.1045432 0.1107879 0.1151185 0.0874679 0.1421299 0.8816490 0.0968285 0.2279049 0.1500643 0.2269566 0.0901192 0.2432909 0.1606267 0.0867643 0.1169819 0.1179440 0.1465834 0.2057820 0.1668193 0.2501923 0.1151000 0.0169661 0.0257288 0.2254408 0.1129191 0.1540983 0.0456073 0.1070384 0.1509694 0.0000000 0.1297444 0.1217267 0.1151000 0.1491502 0.1301334 0.2375422 0.0998857 0.2395980 0.1029398 0.0967579 0.1029398 0.1151185 0.0084966 0.0451233 0.1811072 0.1461657 0.0451233 0.1029194 
S1187sl       0.5214084 0.6606236 0.1630134 0.1855677 0.1550040 0.4455407 0.1773403 0.1502037 0.1543910 0.1338629 0.2097347 0.8816490 0.1220950 0.2114233 0.1851417 0.2224794 0.1072388 0.2241522 0.1784398 0.1106590 0.1571496 0.1587778 0.1804143 0.2209880 0.2444493 0.2188808 0.1544113 0.1552168 0.1268448 0.2458167 0.1567774 0.2341761 0.1582651 0.2389579 0.1827079 0.1297444 0.0000000 0.2147068 0.1544113 0.2585431 0.1725945 0.2157045 0.1362640 0.2354307 0.1401461 0.1354563 0.1401461 0.1543910 0.1448103 0.1561994 0.2309845 0.1920006 0.1561994 0.1420528 
S1201sl       0.6075602 0.7382604 0.0466581 0.1169337 0.1950592 0.4395455 0.1417519 0.1889071 0.1942758 0.1691601 0.0717905 0.8816490 0.1397748 0.1847899 0.1917063 0.2211638 0.0506862 0.2487621 0.2231334 0.1479668 0.1979088 0.2003370 0.2356230 0.1997092 0.2011812 0.2244581 0.1944100 0.1119675 0.1077842 0.1698744 0.1106454 0.0893553 0.1287570 0.1529294 0.0713077 0.1217267 0.2147068 0.0000000 0.1833543 0.1705585 0.2149731 0.2319945 0.1508309 0.2340487 0.1784807 0.1115428 0.1784807 0.1942758 0.1368355 0.1270437 0.2500854 0.2234422 0.1270437 0.2115451 
S1211         0.5614093 0.7109243 0.1298960 0.1672068 0.0180202 0.4095376 0.0198296 0.1239526 0.0179567 0.1402400 0.1050293 0.8816490 0.1168463 0.2185557 0.1470462 0.1902216 0.0949632 0.1933020 0.0729832 0.1162998 0.0182116 0.0183095 0.1551579 0.1654795 0.2206760 0.2416460 0.0179612 0.1151000 0.1253962 0.1967250 0.1372278 0.1591349 0.1118275 0.2180517 0.1351672 0.1151000 0.1544113 0.1833543 0.0000000 0.2607348 0.0278431 0.2010260 0.1574061 0.2028150 0.0088337 0.0206200 0.0088337 0.0179567 0.1292638 0.1105055 0.2346382 0.0384097 0.1105055 0.0274765 
S1223         0.5374979 0.7145743 0.1837921 0.2742979 0.2612554 0.4232740 0.2318182 0.2361809 0.2248061 0.2039037 0.2158296 0.8816490 0.2142176 0.2000958 0.2477185 0.2169156 0.1509225 0.2335827 0.2973667 0.1753711 0.2651856 0.2497582 0.2869946 0.1952814 0.1192205 0.2402690 0.2607348 0.1762924 0.1901458 0.2042991 0.1904117 0.1797992 0.2172058 0.0474690 0.1837730 0.1491502 0.2585431 0.1705585 0.2607348 0.0000000 0.2334219 0.2275905 0.1816597 0.2295785 0.2427266 0.2071070 0.2427266 0.2248061 0.1654677 0.2141484 0.3642318 0.2424128 0.2141484 0.2643160 
S1227         0.5646577 0.7144768 0.1470698 0.1872355 0.0279401 0.4188299 0.0526592 0.1391972 0.0089450 0.1567621 0.1212062 0.8816490 0.1321750 0.2629895 0.1428783 0.2314395 0.1112242 0.2327188 0.0865093 0.1316090 0.0282475 0.0284083 0.1725358 0.1957507 0.2153282 0.2865435 0.0278431 0.1555872 0.1407972 0.2365778 0.1556948 0.2102609 0.1513013 0.1926843 0.1827096 0.1301334 0.1725945 0.2149731 0.0278431 0.2334219 0.0000000 0.2423818 0.1749561 0.2445452 0.0182537 0.0435862 0.0182537 0.0278391 0.1451958 0.1494050 0.2732569 0.0089770 0.1494050 0.0378804 
S1249         0.5594632 0.7210881 0.1913874 0.2285183 0.2341785 0.3038849 0.2294774 0.2468716 0.2332284 0.2352233 0.2423193 0.8816490 0.1794078 0.0000023 0.2301796 0.0000020 0.1203935 0.0000030 0.2748427 0.1699960 0.2377622 0.2411356 0.2866628 0.0000023 0.2083351 0.0393015 0.2335609 0.2375422 0.2511620 0.1355866 0.1831193 0.2332105 0.2432377 0.2083702 0.1814422 0.2375422 0.2157045 0.2319945 0.2010260 0.2275905 0.2423818 0.0000000 0.1997574 0.0000023 0.2159710 0.2394237 0.2159710 0.1983991 0.2590776 0.2395946 0.3469571 0.2519380 0.2395946 0.2187590 
S1251         0.5331029 0.7153338 0.1333474 0.1392485 0.1579801 0.3149629 0.1661610 0.0580001 0.1573812 0.0585061 0.1834592 0.8816490 0.0791326 0.1953510 0.0580849 0.1893482 0.1003192 0.1923539 0.1481012 0.0177998 0.1600765 0.1448977 0.0804092 0.1701909 0.1848790 0.2172535 0.1574061 0.0998857 0.1111412 0.2248366 0.1213672 0.1714333 0.1265597 0.1487853 0.1676535 0.0998857 0.1362640 0.1508309 0.1574061 0.1816597 0.1749561 0.1997574 0.0000000 0.2014750 0.1436732 0.1436672 0.1436732 0.1573812 0.1130536 0.1250124 0.2216136 0.1937029 0.1250124 0.1455327 
S1266sl       0.5655444 0.7753946 0.1930689 0.2093860 0.2362450 0.2855541 0.2315885 0.2490521 0.2352821 0.2373450 0.2445109 0.8816490 0.1809999 0.0000021 0.2322089 0.0000026 0.1215338 0.0000020 0.2773306 0.1714704 0.2398831 0.2433255 0.2892451 0.0000026 0.2101518 0.0396639 0.2356290 0.2395980 0.2533413 0.1535273 0.1848899 0.2352637 0.2453887 0.2102010 0.1830650 0.2395980 0.2354307 0.2340487 0.2028150 0.2295785 0.2445452 0.0000023 0.2014750 0.0000000 0.2178790 0.2416955 0.2178790 0.2001578 0.2613548 0.2416876 0.3784965 0.2542128 0.2416876 0.2206972 
S1370         0.5574374 0.7064314 0.1161682 0.1516076 0.0088617 0.4319015 0.0299668 0.1117361 0.0088305 0.1271953 0.0918143 0.8816490 0.1044780 0.2345291 0.1450504 0.2051992 0.0815923 0.2076188 0.0615154 0.1039456 0.0089539 0.0090004 0.1415632 0.1795750 0.2360352 0.2576718 0.0088337 0.1265203 0.1130625 0.2111964 0.1226016 0.1732593 0.1229778 0.2017842 0.1484252 0.1029398 0.1401461 0.1784807 0.0088337 0.2427266 0.0182537 0.2159710 0.1436732 0.2178790 0.0000000 0.0206200 0.0000010 0.0088305 0.1165432 0.1215107 0.2316778 0.0283231 0.1215107 0.0180202 
S1375         0.5044995 0.5865400 0.0980480 0.1538698 0.0316135 0.3479719 0.0000025 0.1294684 0.0314850 0.1280769 0.0918424 0.8816490 0.0866679 0.2198956 0.1291506 0.2277997 0.0736566 0.2293292 0.0578539 0.1122062 0.0320064 0.0322146 0.1413973 0.1987058 0.2180264 0.2653708 0.0314887 0.0967579 0.0958349 0.1795191 0.0901551 0.1049906 0.1124041 0.2002070 0.1158639 0.0967579 0.1354563 0.1115428 0.0206200 0.2071070 0.0435862 0.2394237 0.1436672 0.2416955 0.0206200 0.0000000 0.0206200 0.0314850 0.1108207 0.1109424 0.1924276 0.0566215 0.1109424 0.0429076 
S1381         0.5574374 0.7064314 0.1161682 0.1516076 0.0088617 0.4319015 0.0299668 0.1117361 0.0088305 0.1271953 0.0918143 0.8816490 0.1044780 0.2345291 0.1450504 0.2051992 0.0815923 0.2076188 0.0615154 0.1039456 0.0089539 0.0090004 0.1415632 0.1795750 0.2360352 0.2576718 0.0088337 0.1265203 0.1130625 0.2111964 0.1226016 0.1732593 0.1229778 0.2017842 0.1484252 0.1029398 0.1401461 0.1784807 0.0088337 0.2427266 0.0182537 0.2159710 0.1436732 0.2178790 0.0000010 0.0206200 0.0000000 0.0088305 0.1165432 0.1215107 0.2316778 0.0283231 0.1215107 0.0180202 
S1460         0.5504050 0.7026858 0.1299077 0.1671564 0.0180157 0.4286559 0.0406377 0.1239671 0.0179522 0.1402410 0.1050520 0.8816490 0.1168645 0.2156632 0.1590081 0.1876458 0.0815923 0.1908234 0.0729968 0.1163182 0.0182070 0.0183049 0.1551373 0.1632138 0.2537535 0.2386705 0.0179567 0.1393673 0.1254099 0.1941995 0.1079571 0.1893300 0.1355122 0.1854541 0.1634346 0.1151185 0.1543910 0.1942758 0.0179567 0.2248061 0.0278391 0.1983991 0.1573812 0.2001578 0.0088305 0.0314850 0.0088305 0.0000000 0.1292752 0.1338694 0.2493607 0.0384081 0.1338694 0.0274724 
S1462         0.5630110 0.5800331 0.1216560 0.1743571 0.1297621 0.4613470 0.1184743 0.1243718 0.1292752 0.1000244 0.1586998 0.0000021 0.1095473 0.2492441 0.1657373 0.2483087 0.1045990 0.2644771 0.1773069 0.0991694 0.1297621 0.1308882 0.1617983 0.2258647 0.1537642 0.2720337 0.1292638 0.0261227 0.0352209 0.2454109 0.1129191 0.1686922 0.0556548 0.1212249 0.1675922 0.0084966 0.1448103 0.1368355 0.1292638 0.1654677 0.1451958 0.2590776 0.1130536 0.2613548 0.1165432 0.1108207 0.1165432 0.1292752 0.0000000 0.0556548 0.1772754 0.1621916 0.0556548 0.1165249 
S1498         0.5222295 0.5381305 0.1327585 0.1872056 0.1343540 0.4341857 0.1069469 0.1305659 0.1338694 0.1114212 0.1627673 0.8816490 0.1096539 0.2298623 0.1673871 0.2289054 0.1161969 0.2453566 0.1658663 0.1226840 0.1360077 0.1371841 0.1751634 0.2074420 0.2046952 0.2523775 0.1338622 0.0264116 0.0352042 0.2272535 0.1135509 0.1713792 0.0000030 0.1643240 0.1519457 0.0451233 0.1561994 0.1270437 0.1105055 0.2141484 0.1494050 0.2395946 0.1250124 0.2416876 0.1215107 0.1109424 0.1215107 0.1338694 0.0556548 0.0000000 0.2518091 0.1660065 0.0000010 0.1214952 
S1539         0.6909217 0.8741265 0.2527402 0.2686537 0.2503690 0.7387142 0.2420306 0.2051837 0.2493607 0.2040209 0.2726469 0.0000021 0.1556568 0.3666310 0.2209705 0.3633467 0.1974283 0.3582700 0.3192677 0.1714985 0.2503690 0.2539931 0.2545542 0.3273853 0.3126177 0.3954523 0.2497967 0.1973494 0.2258966 0.2752768 0.2519270 0.3219568 0.2518094 0.3111245 0.2829798 0.1811072 0.2309845 0.2500854 0.2346382 0.3642318 0.2732569 0.3469571 0.2216136 0.3784965 0.2316778 0.1924276 0.2316778 0.2493607 0.1772754 0.2518091 0.0000000 0.2985452 0.2518091 0.2692268 
S_670         0.6040020 0.6732827 0.1653524 0.2086380 0.0385510 0.4324276 0.0655628 0.1554764 0.0184979 0.1744498 0.1384694 0.8816490 0.1485388 0.2733961 0.1597538 0.2408458 0.1286839 0.2417100 0.0733128 0.1479588 0.0389908 0.0392266 0.1911329 0.2037225 0.2238216 0.2972044 0.0384097 0.1729048 0.1572312 0.2456812 0.1754488 0.2323616 0.1681843 0.2002956 0.2031922 0.1461657 0.1920006 0.2234422 0.0384097 0.2424128 0.0089770 0.2519380 0.1937029 0.2542128 0.0283231 0.0566215 0.0283231 0.0384081 0.1621916 0.1660065 0.2985452 0.0000000 0.1660065 0.0490081 
SRR11470320   0.5222295 0.5381305 0.1327585 0.1872056 0.1343540 0.4341857 0.1069469 0.1305659 0.1338694 0.1114212 0.1627673 0.8816490 0.1096539 0.2298623 0.1673871 0.2289054 0.1161969 0.2453566 0.1658663 0.1226840 0.1360077 0.1371841 0.1751634 0.2074420 0.2046952 0.2523775 0.1338622 0.0264116 0.0352042 0.2272535 0.1135509 0.1713792 0.0000030 0.1643240 0.1519457 0.0451233 0.1561994 0.1270437 0.1105055 0.2141484 0.1494050 0.2395946 0.1250124 0.2416876 0.1215107 0.1109424 0.1215107 0.1338694 0.0556548 0.0000010 0.2518091 0.1660065 0.0000000 0.1214952 
SRR8528357    0.5968363 0.7122417 0.1446219 0.1840355 0.0275712 0.4362832 0.0406385 0.1131537 0.0274724 0.1288406 0.1191523 0.8816490 0.1058489 0.2375723 0.1469528 0.2079453 0.1092708 0.2102535 0.0623527 0.1053105 0.0278705 0.0280265 0.1433878 0.1820238 0.2736459 0.2607829 0.0274765 0.1265072 0.1130436 0.2463197 0.1378160 0.2068164 0.1229628 0.2355412 0.1664536 0.1029194 0.1420528 0.2115451 0.0274765 0.2643160 0.0378804 0.2187590 0.1455327 0.2206972 0.0180202 0.0429076 0.0180202 0.0274724 0.1165249 0.1214952 0.2692268 0.0490081 0.1214952 0.0000000 
