139
CRNC          0.0000000 0.4607753 0.5289482 0.7490770 0.4934972 0.5373027 0.4668640 0.5262154 0.5364541 0.5255514 0.5229881 0.5282468 0.4755631 0.5587163 0.5204601 0.5426204 0.4672790 0.5081546 0.5503952 0.5110714 0.5763839 0.5432520 0.6667175 0.5091424 0.5439525 0.5695476 0.5144768 0.5976684 0.5574443 0.4779393 0.5068101 0.5620639 0.4980588 0.5492542 0.4587047 0.5663977 0.5591550 0.5198552 0.5197476 0.5555467 0.5560149 0.5622893 0.5088126 0.5670122 0.4850607 0.5352941 0.5010538 0.3660630 0.4855140 0.4721510 0.4672633 0.5018524 0.5097591 0.4641853 0.5063522 0.5455926 0.4925314 0.4968826 0.4912161 0.4961147 0.5330257 0.5526345 0.5498575 0.5459310 0.4531723 0.0000010 0.4876892 0.5086652 0.5015721 0.4984410 0.4990097 0.5519572 0.5398078 0.4900935 0.4992299 0.5488577 0.4970088 0.4859152 0.4631443 0.4689048 0.5122668 0.5180186 0.5967367 0.5367314 0.5519215 0.5721673 0.5183849 0.4775288 0.4652935 0.5183897 0.5333670 0.4702476 0.5467034 0.4826316 0.5406324 0.4987774 0.5257927 0.5163628 0.5483044 0.5143786 0.5111348 0.5648329 0.5063464 0.4775249 0.5173834 0.5213797 0.5307449 0.4632865 0.5118415 0.5419640 0.5118847 0.5375664 0.5007716 0.5386717 0.5096839 0.5088918 0.5400941 0.5313799 0.5012036 0.5366544 0.5393112 0.5288819 0.4826175 0.5274049 0.5887333 0.5135192 0.5370305 0.5335001 0.4995085 0.5669910 0.4835862 0.5350917 0.4949193 0.4784076 0.4986173 0.4769087 0.4828522 0.5347580 0.4863770 
MYZV          0.4607753 0.0000000 0.5946388 0.2859128 0.5424502 0.5249266 0.5761508 0.5914974 0.6342163 0.5372281 0.5811527 0.6030482 0.5442078 0.5507092 0.4934562 0.6193094 0.4982907 0.5183470 0.6037698 0.5383212 0.6206814 0.5882465 0.6783052 0.5028131 0.5397109 0.5726697 0.5976062 0.6146541 0.6458955 0.5556539 0.5264186 0.6242179 0.5329175 0.6158223 0.5479999 0.5511611 0.5180464 0.5335849 0.5959923 0.6003017 0.5595041 0.6430829 0.5598890 0.6046851 0.5608368 0.5393423 0.6093329 0.5076416 0.6257369 0.5795577 0.5289150 0.5501807 0.5510390 0.5382516 0.5583310 0.5561992 0.5738200 0.5556026 0.5849758 0.5959872 0.5393021 0.5790614 0.6311234 0.5512467 0.5536847 0.0000010 0.4759330 0.5875364 0.5746188 0.5717848 0.5904234 0.5294212 0.6595193 0.5453738 0.5723732 0.5553323 0.5414289 0.5543784 0.5535876 0.5542157 0.5853201 0.5735174 0.6589028 0.5663950 0.5651902 0.5551488 0.5407201 0.5511110 0.5922169 0.5638423 0.5797216 0.5369654 0.6341412 0.5575118 0.6307441 0.5340743 0.5437676 0.5930600 0.5323645 0.5347130 0.5387724 0.5509142 0.5528274 0.5371102 0.5832146 0.5245372 0.5295219 0.4980702 0.5625182 0.5391460 0.5575887 0.5775961 0.5849779 0.6167402 0.5277369 0.5722961 0.6066029 0.6502209 0.5655936 0.5326659 0.6533605 0.5628741 0.5437066 0.5393440 0.6084779 0.5464404 0.5372376 0.5441913 0.5541348 0.5514300 0.5896246 0.5858663 0.5573204 0.5649644 0.5539551 0.5622712 0.5711845 0.5339184 0.5514269 
SRR6441723    0.5289482 0.5946388 0.0000000 0.0000010 0.0948370 0.1976045 0.0840028 0.0433631 0.0831100 0.0829275 0.0673667 0.1032744 0.0303486 0.0847704 0.0870442 0.0753023 0.0661039 0.0640429 0.0912283 0.0632715 0.0755426 0.0544390 0.0515827 0.0682887 0.0832654 0.0839023 0.0718032 0.0896911 0.0835060 0.0401938 0.0722994 0.1027563 0.0587068 0.0920886 0.0381984 0.1043073 0.0713870 0.0702503 0.0652694 0.0874452 0.0798020 0.0762974 0.0965389 0.0715236 0.0869319 0.0758640 0.0504944 0.0547400 0.1144815 0.0682313 0.0560961 0.0583306 0.0834961 0.0619621 0.0464850 0.0796126 0.0438800 0.0371494 0.0466526 0.0501955 0.0840608 0.1012221 0.0762789 0.1095240 0.0437109 0.0000010 0.0511435 0.0542074 0.0401564 0.0471173 0.0437440 0.0976986 0.0616367 0.1333019 0.0510941 0.0879727 0.0652802 0.0513324 0.0409328 0.0956273 0.0470457 0.1212182 0.0865568 0.0539279 0.0504487 0.0908341 0.0904183 0.0302426 0.1183468 0.0882249 0.0988854 0.0177868 0.0834866 0.0660347 0.0726196 0.0597489 0.1011386 0.0793461 0.0710886 0.0717921 0.0679070 0.0834931 0.0877927 0.0272430 0.0335416 0.0946194 0.0770952 0.0728286 0.0301900 0.0785715 0.0889678 0.0439696 0.0303612 0.1128397 0.0756088 0.0506352 0.0827363 0.0581339 0.0788072 0.0795984 0.0618297 0.0336678 0.0271524 0.0947903 0.1114648 0.0794762 0.0889302 0.0868369 0.0558782 0.0287879 0.0443179 0.0845452 0.0435507 0.0572847 0.0539403 0.0436299 0.0209814 0.0645115 0.0470672 
ERR4210213    0.7490770 0.2859128 0.0000010 0.0000000 0.0000010 0.2859128 0.2784725 0.0000010 0.0000010 0.0000010 0.0000010 0.0000010 0.0000010 0.0000010 0.0000010 0.0000010 0.0000010 0.0000010 0.0000010 0.0000010 0.0000010 0.0000010 0.0000010 0.0000010 0.0000010 0.0000010 0.0000010 0.0000010 0.0000010 0.0000010 0.0000010 0.0000010 0.0000010 0.0000010 0.0000027 0.0000010 0.0000010 0.0000010 0.0000010 0.0000010 0.0000010 0.0000010 0.0000010 0.0000010 0.0000010 0.0000010 0.2784725 0.0000010 0.0000010 0.0000010 0.0000010 0.0000010 0.0000010 0.0000010 0.0000010 0.0000010 0.0000010 0.0000010 0.0000010 0.2784725 0.0000010 0.0000010 0.0000010 0.0000010 0.0000010 0.0000010 0.0000010 0.0000010 0.0000010 0.0000010 0.0000010 0.0000010 0.2784725 0.0000010 0.0000010 0.0000010 0.0000010 0.0000010 0.0000010 0.0000010 0.0000010 0.2799202 0.0000010 0.0000010 0.0000010 0.0000010 0.4546588 0.0000010 0.0000010 0.0000010 0.0000010 0.0000010 0.0000010 0.0000010 0.0000010 0.0000010 0.0000010 0.0000010 0.0000010 0.0000010 0.0000010 0.0000010 0.0000010 0.0000010 0.4546588 0.2799202 0.0000010 0.0000010 0.0000010 0.0000010 0.0000010 0.0000010 0.0000010 0.0000010 0.0000010 0.0000010 0.0000010 0.2784725 0.0000027 0.0000010 0.2784725 0.0000010 0.0000010 0.0000010 0.2799202 0.0000010 0.0000010 0.0000010 0.0000010 0.0000010 0.0000010 0.0000010 0.0000010 0.0000010 0.0000010 0.4546588 0.0000010 0.0000010 0.0000010 
ERR2789774    0.4934972 0.5424502 0.0948370 0.0000010 0.0000000 0.2305655 0.0796124 0.0750719 0.1203446 0.0229578 0.0743910 0.1342090 0.0975561 0.0203789 0.0585716 0.0974670 0.1033311 0.1007679 0.1093589 0.1053550 0.1172292 0.1191511 0.1180801 0.1152613 0.0230399 0.0262029 0.0963728 0.0678785 0.1083789 0.0967419 0.0654384 0.1058409 0.0998914 0.1183648 0.0774582 0.1023673 0.1102166 0.1043592 0.0935484 0.0526374 0.0231016 0.1176035 0.0989288 0.0921348 0.0650768 0.0171258 0.1154431 0.1303413 0.1633707 0.0620486 0.1023005 0.1090018 0.0169698 0.0893434 0.1073236 0.0291243 0.1013328 0.0936563 0.1052108 0.1147256 0.0941999 0.1370693 0.1045176 0.1190793 0.0975482 0.5787957 0.0922476 0.0906738 0.0894343 0.0865319 0.0864739 0.0691403 0.1287536 0.1813962 0.1061451 0.1179501 0.0991991 0.0831540 0.0832286 0.1384174 0.1046229 0.1683228 0.1078012 0.1049577 0.1120889 0.1217316 0.0453573 0.0907003 0.1496129 0.0200759 0.0487489 0.0755277 0.1120876 0.0902422 0.1013683 0.1010931 0.1109923 0.1049917 0.1079717 0.1248007 0.1050706 0.0260955 0.1190685 0.0832490 0.1059870 0.0320997 0.0264873 0.0623470 0.0899416 0.0323656 0.0947081 0.1195213 0.0976046 0.1342584 0.0388766 0.1088885 0.1074110 0.1248425 0.0998835 0.0260314 0.1344285 0.0944908 0.0901000 0.0205054 0.1494825 0.0389897 0.0969423 0.0453568 0.0400648 0.1024481 0.1115643 0.0979230 0.1005675 0.1015772 0.1046965 0.0890492 0.0903280 0.0724477 0.1020507 
PAFTOL_019361 0.5373027 0.5249266 0.1976045 0.2859128 0.2305655 0.0000000 0.2495765 0.2265468 0.2335210 0.2222189 0.3315259 0.2440921 0.1848093 0.2290332 0.2515834 0.2409279 0.2220720 0.2216895 0.2382932 0.2395186 0.2459902 0.2080934 0.3096704 0.2817820 0.2335944 0.2306215 0.2230968 0.3152266 0.2414686 0.1843451 0.2203618 0.2894014 0.2347858 0.2464897 0.1922380 0.2623191 0.2414698 0.2545693 0.2306104 0.2585930 0.2241160 0.2471073 0.2500228 0.2054484 0.2192595 0.2231326 0.2212963 0.1522998 0.2262415 0.1910979 0.2418010 0.2186833 0.2154291 0.2199234 0.2036530 0.2345148 0.1910434 0.1809508 0.2160450 0.2179785 0.2413301 0.2504250 0.2132070 0.2741246 0.2006324 0.0000010 0.1962333 0.2134803 0.2006860 0.2122661 0.2118056 0.2421155 0.2473229 0.2412820 0.1971314 0.2206393 0.2023759 0.2085369 0.1969280 0.2096998 0.1969462 0.2537306 0.3118565 0.2129139 0.1816411 0.2138341 0.2553606 0.2109582 0.2403257 0.2283392 0.2542886 0.1880677 0.2463746 0.1833257 0.2082550 0.2342386 0.2573889 0.2307904 0.2073361 0.2616862 0.2387775 0.2241160 0.2320516 0.1733647 0.2062540 0.2445338 0.2157822 0.2253184 0.2025073 0.2105033 0.2403266 0.2183781 0.1896074 0.2717383 0.2415583 0.2130129 0.2282686 0.2420426 0.2116075 0.2184006 0.2490526 0.2000047 0.1897635 0.2619147 0.2614466 0.2488594 0.2621645 0.2216616 0.2091942 0.2605788 0.2034488 0.2227943 0.2011614 0.2283605 0.2283052 0.2054812 0.1949927 0.2212518 0.2186087 
S0055         0.4668640 0.5761508 0.0840028 0.2784725 0.0796124 0.2495765 0.0000000 0.0755600 0.1100558 0.0688676 0.0996313 0.1270591 0.0800170 0.0703089 0.0903465 0.0907609 0.0997543 0.0940621 0.1080086 0.0971758 0.1064233 0.1004988 0.1054800 0.1088666 0.0655559 0.0731341 0.0969949 0.0726621 0.1015850 0.0793577 0.0764554 0.1244453 0.0921265 0.1152733 0.0748874 0.0900013 0.0993101 0.1043096 0.0868996 0.0769677 0.0693417 0.1108616 0.1112441 0.0905114 0.0556351 0.0622701 0.0901251 0.0854757 0.1472399 0.0658293 0.0934129 0.0966619 0.0657128 0.0761142 0.0896530 0.0726342 0.0836573 0.0798036 0.0873692 0.0895785 0.0987236 0.1428210 0.0868874 0.1281948 0.0756343 0.0000010 0.0817880 0.0800018 0.0723108 0.0798967 0.0763245 0.1072859 0.1065279 0.1668813 0.0941650 0.1133142 0.0915317 0.0738256 0.0774689 0.1315549 0.0869034 0.1626121 0.1324661 0.0871577 0.0960140 0.1225740 0.0723655 0.0876144 0.1573847 0.0698808 0.0799610 0.0656145 0.1089836 0.0770611 0.0874574 0.0894669 0.1061350 0.1056823 0.1051939 0.1166492 0.1047557 0.0727974 0.1198871 0.0801757 0.0843954 0.0796485 0.0596660 0.0261219 0.0760296 0.0649265 0.0961972 0.1008045 0.0800566 0.1324027 0.0654462 0.0909457 0.1081105 0.1027650 0.0861890 0.0657217 0.1117340 0.0803254 0.0659253 0.0726874 0.1557281 0.0665078 0.1068983 0.0655992 0.0438047 0.0794159 0.0931440 0.0958623 0.0830284 0.0898750 0.0953106 0.0622225 0.0660918 0.0694621 0.0831083 
S0196sl       0.5262154 0.5914974 0.0433631 0.0000010 0.0750719 0.2265468 0.0755600 0.0000000 0.0864530 0.0543548 0.0426277 0.1095598 0.0218947 0.0499721 0.0905642 0.0756014 0.0504685 0.0542793 0.1003557 0.0468216 0.0657175 0.0559589 0.0227263 0.0629335 0.0494929 0.0596437 0.0646469 0.0604058 0.0654586 0.0042216 0.0498705 0.0808849 0.0459873 0.0714051 0.0358992 0.0663482 0.0757952 0.0517061 0.0499586 0.0452736 0.0543597 0.0759411 0.0869154 0.0632764 0.0497282 0.0494929 0.0397083 0.0404746 0.1019364 0.0403850 0.0477485 0.0513754 0.0598036 0.0557382 0.0127518 0.0494929 0.0174355 0.0042542 0.0451304 0.0446730 0.0746866 0.0893371 0.0532955 0.0967967 0.0354765 0.0000010 0.0318024 0.0401080 0.0305061 0.0449753 0.0350992 0.1039024 0.0553388 0.1360371 0.0415349 0.0700211 0.0510478 0.0409328 0.0407349 0.0932133 0.0129265 0.1099068 0.0553953 0.0449702 0.0606319 0.0748286 0.0696953 0.0455580 0.1072235 0.0607273 0.0738103 0.0217022 0.0654472 0.0535733 0.0530881 0.0472949 0.0859212 0.0705320 0.0543409 0.0753171 0.0546917 0.0543597 0.0710643 0.0358227 0.0265210 0.0696733 0.0406617 0.0699142 0.0217263 0.0591131 0.0708938 0.0362430 0.0217167 0.1046489 0.0491701 0.0174504 0.0697338 0.0504102 0.0675367 0.0546610 0.0603613 0.0265932 0.0263865 0.0681246 0.1045949 0.0401055 0.0799202 0.0446925 0.0324109 0.0232570 0.0568263 0.0657500 0.0354143 0.0497832 0.0457614 0.0399289 0.0310913 0.0497520 0.0504306 
S0278         0.5364541 0.6342163 0.0831100 0.0000010 0.1203446 0.2335210 0.1100558 0.0864530 0.0000000 0.1044043 0.0870548 0.0519423 0.0827204 0.1066824 0.1239118 0.0353045 0.0802335 0.0781518 0.0360564 0.0852280 0.0481356 0.1022833 0.1110930 0.0906876 0.1048199 0.1094243 0.0260875 0.1036526 0.0293388 0.0820427 0.0979231 0.0443731 0.0767606 0.0486848 0.0632991 0.1339150 0.0859164 0.0921713 0.0385475 0.1101141 0.1051525 0.0423838 0.0793702 0.0572469 0.1122622 0.0973612 0.0936494 0.0540022 0.1541355 0.0895558 0.0821700 0.1082269 0.1051070 0.0631654 0.0922997 0.1051435 0.0785971 0.0754867 0.0828868 0.0851811 0.0724256 0.1077485 0.0575903 0.0909391 0.0898615 0.0000010 0.0593318 0.0723815 0.0681596 0.0755745 0.0684699 0.1553189 0.0978101 0.1649508 0.0973719 0.0914568 0.0699217 0.0805292 0.0770129 0.1331173 0.0824549 0.1603699 0.0667352 0.0898428 0.1062199 0.0866052 0.1084493 0.0867308 0.1489503 0.1100723 0.1323909 0.0683375 0.0386434 0.0483110 0.0579638 0.0819937 0.0834311 0.0353339 0.0816406 0.0931584 0.0891497 0.1088943 0.1057357 0.0683352 0.0834794 0.1162544 0.0951685 0.1022897 0.0787284 0.0890355 0.0725076 0.0885466 0.0827608 0.0591011 0.1081321 0.0899623 0.0352394 0.0941521 0.0524873 0.1011474 0.0941913 0.0830370 0.0724021 0.0978043 0.0751864 0.1023786 0.0793798 0.1009186 0.0853009 0.0898323 0.0950279 0.0566141 0.0786649 0.0972085 0.1021412 0.0788293 0.0647188 0.0833646 0.0903450 
S0282         0.5255514 0.5372281 0.0829275 0.0000010 0.0229578 0.2222189 0.0688676 0.0543548 0.1044043 0.0000000 0.0673602 0.1253208 0.0825387 0.0114310 0.0548900 0.0895793 0.0951519 0.0856793 0.1065509 0.0969870 0.1088112 0.1029554 0.0969393 0.1142879 0.0112617 0.0142278 0.0885920 0.0568398 0.0929728 0.0818641 0.0517267 0.1095677 0.0917705 0.1022806 0.0699182 0.0864992 0.0945157 0.0998270 0.0857762 0.0457514 0.0112911 0.1091482 0.0982590 0.0819229 0.0580027 0.0055804 0.0998243 0.1074160 0.1605719 0.0550124 0.0977312 0.1005795 0.0112868 0.0752971 0.0920933 0.0112911 0.0861602 0.0788270 0.0898561 0.0992185 0.0863643 0.1325624 0.0940121 0.1062416 0.0825235 0.5787957 0.0807059 0.0829175 0.0748522 0.0824144 0.0788615 0.0552324 0.1124348 0.1800421 0.0884082 0.0999382 0.0913897 0.0837356 0.0838114 0.1397093 0.0893788 0.1670786 0.0931203 0.0896410 0.0965453 0.1055833 0.0324889 0.0901059 0.1640925 0.0143055 0.0518226 0.0681950 0.1038829 0.0798726 0.0946271 0.0928604 0.1026380 0.0969168 0.0926254 0.1162116 0.1043618 0.0141708 0.1028838 0.0756756 0.0905028 0.0199653 0.0143789 0.0552714 0.0752730 0.0201271 0.0868235 0.1032661 0.0825789 0.1209378 0.0324148 0.0934094 0.0993722 0.1086746 0.0930508 0.0141363 0.1177045 0.0795146 0.0753971 0.0242312 0.1337799 0.0263704 0.0918721 0.0324937 0.0333915 0.0900103 0.1031565 0.0949022 0.0855187 0.0863534 0.1019009 0.0745403 0.0755861 0.0584330 0.0867558 
S0288         0.5229881 0.5811527 0.0673667 0.0000010 0.0743910 0.3315259 0.0996313 0.0426277 0.0870548 0.0673602 0.0000000 0.1152269 0.0614875 0.0685543 0.0734931 0.0802865 0.0000030 0.0374777 0.1022596 0.0000030 0.0811130 0.0693265 0.0752402 0.0000030 0.0612421 0.0741420 0.0608511 0.0873034 0.0736677 0.0552559 0.0743012 0.0932959 0.0000027 0.0870911 0.0448823 0.0901571 0.0377579 0.0000023 0.0548725 0.0621968 0.0673681 0.0806415 0.0738317 0.0881375 0.0748480 0.0616069 0.0607458 0.0000010 0.1525467 0.0684778 0.0000030 0.0918937 0.0743862 0.0567571 0.0729757 0.0612421 0.0684903 0.0554736 0.0620215 0.0673036 0.0667426 0.0579236 0.0808946 0.0667928 0.0616803 0.0000010 0.0107453 0.0618913 0.0431985 0.0548491 0.0555085 0.0887636 0.0678677 0.1322220 0.0445320 0.0320896 0.0328499 0.0562541 0.0562541 0.1249584 0.0679838 0.1095421 0.0744525 0.0673212 0.1022165 0.0319067 0.0673161 0.0684170 0.1376996 0.0744346 0.0791251 0.0379083 0.0741318 0.0602569 0.0741298 0.0000024 0.0728426 0.0869042 0.0263874 0.0209515 0.0000021 0.0673681 0.0323966 0.0619813 0.0618938 0.0803952 0.0503291 0.0872268 0.0554708 0.0668234 0.0621091 0.0622783 0.0554353 0.1162262 0.0607571 0.0684938 0.0669248 0.0678677 0.0642387 0.0741049 0.0814485 0.0558022 0.0559291 0.0872868 0.1084144 0.0614921 0.0728468 0.0612463 0.0552243 0.0498051 0.0695208 0.0963333 0.0432029 0.0617201 0.0447349 0.0611871 0.0622774 0.0611752 0.0741212 
S0289         0.5282468 0.6030482 0.1032744 0.0000010 0.1342090 0.2440921 0.1270591 0.1095598 0.0519423 0.1253208 0.1152269 0.0000000 0.0945351 0.1281548 0.1379152 0.0453422 0.1000259 0.1005579 0.0497481 0.0974872 0.0551826 0.1188994 0.1476093 0.1099475 0.1258350 0.1308723 0.0420482 0.1493851 0.0452299 0.0928876 0.1108691 0.0484238 0.0885145 0.0621385 0.0749212 0.1576553 0.1176767 0.1084966 0.0518045 0.1146134 0.1262498 0.0555540 0.0914516 0.0720622 0.1217773 0.1179221 0.1134817 0.0444392 0.1748029 0.1182620 0.0981924 0.1300812 0.1261938 0.0675205 0.1080497 0.1203238 0.1020175 0.0905985 0.0910444 0.1127670 0.0842206 0.1332395 0.0689090 0.0960730 0.0982114 0.0000010 0.0774807 0.0837869 0.0758040 0.0834848 0.0761574 0.1658658 0.1221229 0.1853536 0.1221905 0.1096022 0.0961292 0.0887242 0.0888080 0.1560620 0.0978768 0.1687878 0.0790887 0.0981909 0.1102440 0.1023302 0.1377291 0.0829068 0.1601998 0.1316640 0.1420818 0.0760045 0.0488759 0.0594704 0.0690189 0.0941842 0.0957513 0.0449974 0.1042725 0.1167606 0.1048411 0.1302125 0.1188171 0.0788241 0.0991449 0.1339818 0.1159419 0.1111144 0.0939465 0.1126541 0.0852816 0.1124775 0.0982586 0.0747214 0.1170126 0.1096370 0.0517361 0.1182279 0.0676732 0.1130524 0.1182787 0.0985950 0.0906922 0.1275407 0.0663626 0.1234816 0.0894238 0.1216568 0.0979623 0.1208317 0.1036492 0.0762639 0.0828530 0.1134077 0.1098786 0.0868184 0.0909232 0.0956906 0.1027557 
S0292         0.4755631 0.5442078 0.0303486 0.0000010 0.0975561 0.1848093 0.0800170 0.0218947 0.0827204 0.0825387 0.0614875 0.0945351 0.0000000 0.0842917 0.0973828 0.0755325 0.0699066 0.0578234 0.0878388 0.0672142 0.0761672 0.0454679 0.0420291 0.0681355 0.0828608 0.0870818 0.0650847 0.0725156 0.0760257 0.0291827 0.0761982 0.0920117 0.0625659 0.0840097 0.0332880 0.0929732 0.0757800 0.0739293 0.0622321 0.0876353 0.0831149 0.0836618 0.0992352 0.0721479 0.0827887 0.0757834 0.0548621 0.0645038 0.1172515 0.0617173 0.0641759 0.0560042 0.0830795 0.0418809 0.0350982 0.0793682 0.0325181 0.0293372 0.0451644 0.0545482 0.0871992 0.0926695 0.0687495 0.1078805 0.0387216 0.0000010 0.0457025 0.0452802 0.0322195 0.0386900 0.0355316 0.1130197 0.0693026 0.1393269 0.0460203 0.0792192 0.0625214 0.0426444 0.0360997 0.0989017 0.0354997 0.1313113 0.0601789 0.0450572 0.0549420 0.0794081 0.0935352 0.0261344 0.1206433 0.0875923 0.0977703 0.0170366 0.0795123 0.0592410 0.0694141 0.0638476 0.1036695 0.0756036 0.0678372 0.0823234 0.0715595 0.0866726 0.0766417 0.0290960 0.0143224 0.0937053 0.0769647 0.0763690 0.0141446 0.0783753 0.0919570 0.0297236 0.0056159 0.0996245 0.0790144 0.0387856 0.0753736 0.0658754 0.0708659 0.0793546 0.0695119 0.0171935 0.0230054 0.0938426 0.1057945 0.0803088 0.0925957 0.0791946 0.0534882 0.0269144 0.0328251 0.0760698 0.0353833 0.0515662 0.0515004 0.0354430 0.0230608 0.0657635 0.0488209 
S0293         0.5587163 0.5507092 0.0847704 0.0000010 0.0203789 0.2290332 0.0703089 0.0499721 0.1066824 0.0114310 0.0685543 0.1281548 0.0842917 0.0000000 0.0560082 0.0914968 0.0972424 0.0874986 0.1089219 0.0991599 0.1112109 0.1052428 0.0986808 0.1169101 0.0114718 0.0144956 0.0904661 0.0525377 0.0949667 0.0835881 0.0527787 0.1067558 0.0937850 0.1045394 0.0714047 0.0884281 0.0965768 0.1020512 0.0875984 0.0466825 0.0115023 0.1115646 0.1004118 0.0837183 0.0591865 0.0056841 0.1019731 0.1228706 0.1644748 0.0527728 0.0999380 0.1028351 0.0114978 0.0766289 0.0940485 0.0174027 0.0879987 0.0804892 0.0917857 0.1013408 0.0882120 0.1356450 0.0961237 0.1129857 0.0842766 0.5787957 0.0824508 0.0846873 0.0764137 0.0841611 0.0805258 0.0631890 0.1149175 0.1844302 0.0895419 0.0976107 0.0933889 0.0855403 0.0856197 0.1429632 0.0912859 0.1711142 0.0867260 0.0915618 0.0986233 0.1079132 0.0331280 0.0920461 0.1635450 0.0145777 0.0426186 0.0696084 0.1061358 0.0816517 0.0967654 0.0949229 0.1049101 0.0990119 0.0946051 0.1187921 0.1028268 0.0144364 0.1129712 0.0772724 0.0924608 0.0203443 0.0146529 0.0564052 0.0768516 0.0205115 0.0886909 0.1055677 0.0843333 0.1282032 0.0330509 0.0954210 0.1015011 0.1110651 0.0951986 0.0144005 0.1203480 0.0812062 0.0769816 0.0246971 0.1368202 0.0268844 0.0938442 0.0331328 0.0340669 0.0857820 0.1054526 0.0971357 0.0873303 0.0882016 0.1041412 0.0760882 0.0771783 0.0596343 0.0886203 
S0294         0.5204601 0.4934562 0.0870442 0.0000010 0.0585716 0.2515834 0.0903465 0.0905642 0.1239118 0.0548900 0.0734931 0.1379152 0.0973828 0.0560082 0.0000000 0.1083624 0.1037765 0.1005273 0.1265090 0.1012116 0.1246592 0.1217327 0.1233465 0.1045351 0.0550966 0.0588340 0.1071282 0.0863294 0.1194934 0.1002053 0.0757936 0.1330143 0.0958686 0.1299125 0.0850845 0.1138521 0.1023653 0.1084123 0.1043222 0.0693158 0.0552583 0.1214362 0.1138564 0.1091490 0.0823486 0.0485268 0.1190267 0.1095043 0.1570436 0.0791077 0.1019954 0.1010378 0.0552354 0.1038361 0.1108392 0.0619358 0.1048524 0.0971175 0.1012768 0.1182850 0.1050566 0.1288283 0.1138256 0.1227162 0.0936981 0.5787957 0.0846806 0.0904787 0.0856976 0.0932790 0.0899000 0.0624020 0.1246112 0.1721579 0.1210047 0.1085377 0.1070429 0.0872992 0.0914682 0.1363858 0.1081494 0.1592950 0.1282706 0.1010335 0.1136614 0.1136813 0.0650429 0.1015615 0.1475306 0.0559492 0.0759343 0.0788617 0.1232678 0.1077363 0.1185597 0.0853997 0.1106634 0.1160692 0.1117380 0.1128570 0.1085418 0.0585715 0.0993420 0.0902835 0.1057490 0.0651628 0.0559059 0.0759630 0.0967794 0.0448031 0.1101771 0.1232428 0.1011007 0.1312172 0.0581910 0.1124583 0.1184102 0.1207353 0.0974054 0.0518208 0.1301873 0.1014449 0.0935420 0.0716870 0.1579575 0.0624806 0.1048636 0.0650266 0.0600081 0.1002702 0.1152295 0.1074292 0.0967111 0.1011277 0.1061562 0.0853317 0.0865410 0.0792672 0.0978471 
S0299         0.5426204 0.6193094 0.0753023 0.0000010 0.0974670 0.2409279 0.0907609 0.0756014 0.0353045 0.0895793 0.0802865 0.0453422 0.0755325 0.0914968 0.1083624 0.0000000 0.0768669 0.0779943 0.0297286 0.0778027 0.0354127 0.0873350 0.1039934 0.0860427 0.0899296 0.0942699 0.0200798 0.0990236 0.0292817 0.0749190 0.0831976 0.0364985 0.0695990 0.0420327 0.0532073 0.1173688 0.0864739 0.0846441 0.0322748 0.0875512 0.0902097 0.0423026 0.0586356 0.0469771 0.0898604 0.0827371 0.0970675 0.0444392 0.1494669 0.0829663 0.0747559 0.0965759 0.0829917 0.0502312 0.0850145 0.0902016 0.0790919 0.0684520 0.0687672 0.0964751 0.0520352 0.1039204 0.0472549 0.0694414 0.0825353 0.0000010 0.0525143 0.0653641 0.0546939 0.0617635 0.0549360 0.1302947 0.1052154 0.1558055 0.0971599 0.0912405 0.0732517 0.0663122 0.0663676 0.1287575 0.0752951 0.1513168 0.0530189 0.0755058 0.0911205 0.0864256 0.1007725 0.0758956 0.1358721 0.0948237 0.1088578 0.0548355 0.0323555 0.0380475 0.0475584 0.0745954 0.0623782 0.0231082 0.0814751 0.0929733 0.0818974 0.0938235 0.0945684 0.0614575 0.0762143 0.1009548 0.0840353 0.0762929 0.0716527 0.0782915 0.0559910 0.0883586 0.0755684 0.0527342 0.0859989 0.0862215 0.0290599 0.1015017 0.0488893 0.0863738 0.1015441 0.0758182 0.0685154 0.0844781 0.0667645 0.0874154 0.0587738 0.0861928 0.0637334 0.0839653 0.0732365 0.0460559 0.0715946 0.0970041 0.0945101 0.0717407 0.0686868 0.0691505 0.0901563 
S0303         0.4672790 0.4982907 0.0661039 0.0000010 0.1033311 0.2220720 0.0997543 0.0504685 0.0802335 0.0951519 0.0000030 0.1000259 0.0699066 0.0972424 0.1037765 0.0768669 0.0000000 0.0357147 0.0933908 0.0000021 0.0810940 0.0668017 0.0793634 0.0035132 0.0881457 0.1000562 0.0731746 0.0895951 0.0845844 0.0624708 0.0967433 0.0878447 0.0028852 0.0926293 0.0569001 0.1036456 0.0492867 0.0029041 0.0633155 0.1052824 0.0958388 0.0815481 0.0897733 0.0734763 0.0923810 0.0881070 0.0699914 0.0084707 0.1434447 0.0805221 0.0000022 0.0868201 0.0957969 0.0682286 0.0724816 0.0918818 0.0627676 0.0593989 0.0770937 0.0624023 0.0778840 0.0609354 0.0699134 0.0944512 0.0698861 0.0000010 0.0117687 0.0737265 0.0624149 0.0697972 0.0662897 0.1083193 0.0776116 0.1310995 0.0795761 0.0378744 0.0270689 0.0748082 0.0709744 0.1231682 0.0662091 0.1283950 0.0734678 0.0840694 0.0883692 0.0492399 0.0960767 0.0702442 0.1387833 0.1006568 0.1199004 0.0491885 0.0802025 0.0558954 0.0664136 0.0059060 0.0819313 0.0769496 0.0357291 0.0174086 0.0143874 0.0995693 0.0497248 0.0591775 0.0705410 0.1069234 0.0821010 0.0857391 0.0660443 0.0840165 0.0747682 0.0826346 0.0699396 0.1087186 0.0958172 0.0699783 0.0767108 0.0740605 0.0648792 0.0918671 0.0707240 0.0701734 0.0628755 0.1145041 0.0955219 0.0847698 0.0910855 0.0922850 0.0763649 0.0632751 0.0704324 0.0771783 0.0591812 0.0734306 0.0568759 0.0730668 0.0630352 0.0967480 0.0852895 
S0308         0.5081546 0.5183470 0.0640429 0.0000010 0.1007679 0.2216895 0.0940621 0.0542793 0.0781518 0.0856793 0.0374777 0.1005579 0.0578234 0.0874986 0.1005273 0.0779943 0.0357147 0.0000000 0.0941058 0.0329559 0.0821214 0.0687650 0.0835206 0.0436115 0.0860130 0.0902712 0.0743911 0.0873934 0.0785003 0.0508873 0.0864559 0.0943771 0.0293997 0.0864594 0.0525658 0.1118217 0.0415134 0.0391174 0.0647841 0.0981972 0.0862776 0.0861052 0.1015973 0.0747425 0.1004225 0.0789094 0.0645354 0.0254019 0.1431297 0.0784718 0.0269097 0.0809265 0.0862410 0.0538956 0.0538910 0.0825108 0.0545892 0.0511606 0.0645801 0.0641624 0.0896170 0.0590812 0.0752026 0.1140232 0.0578018 0.0000010 0.0173185 0.0647451 0.0508428 0.0577388 0.0544297 0.1217991 0.0752437 0.1493691 0.0705285 0.0439071 0.0325696 0.0622410 0.0586650 0.1190759 0.0576530 0.1450059 0.0854284 0.0711828 0.0723275 0.0446332 0.0894809 0.0647612 0.1466118 0.0907991 0.1122221 0.0445931 0.0890421 0.0619662 0.0756907 0.0331134 0.0975781 0.0815759 0.0316864 0.0474886 0.0379390 0.0898476 0.0482565 0.0509758 0.0650308 0.0968984 0.0801037 0.0866477 0.0542394 0.0814773 0.0943708 0.0695366 0.0578492 0.1057283 0.0892421 0.0578822 0.0847915 0.0718103 0.0664474 0.0824970 0.0685791 0.0580347 0.0512032 0.1065425 0.1095303 0.0756922 0.1050950 0.0894416 0.0740070 0.0613365 0.0656253 0.0824382 0.0541952 0.0644927 0.0686652 0.0608523 0.0513284 0.0793444 0.0721745 
S0320         0.5503952 0.6037698 0.0912283 0.0000010 0.1093589 0.2382932 0.1080086 0.1003557 0.0360564 0.1065509 0.1022596 0.0497481 0.0878388 0.1089219 0.1265090 0.0297286 0.0933908 0.0941058 0.0000000 0.0945712 0.0490783 0.1080223 0.1271701 0.1009926 0.1069831 0.1117048 0.0234742 0.1185726 0.0362015 0.0909271 0.0999470 0.0454477 0.0856373 0.0563524 0.0684388 0.1306683 0.0941129 0.1017484 0.0392945 0.1046731 0.1073293 0.0498458 0.0738475 0.0467618 0.1068995 0.0993610 0.1145248 0.0554733 0.1529898 0.0996449 0.0914537 0.1185126 0.1018286 0.0731190 0.1015376 0.1073201 0.0954741 0.0841633 0.0845744 0.1137982 0.0668703 0.1262695 0.0470370 0.0854230 0.0991206 0.0000010 0.0710580 0.0773744 0.0695192 0.0770997 0.0698420 0.1501025 0.1232459 0.1713568 0.0958306 0.1107628 0.0854607 0.0773142 0.0731566 0.1321595 0.0913911 0.1666834 0.0743401 0.0916767 0.1084382 0.1032880 0.1184556 0.0872678 0.1393562 0.1067436 0.1226084 0.0697037 0.0393946 0.0378683 0.0473383 0.0912532 0.0778955 0.0360157 0.0977906 0.1101190 0.0983217 0.1111529 0.1120640 0.0767092 0.0876446 0.1134514 0.0964966 0.0968173 0.0875038 0.0944756 0.0672319 0.1003878 0.0878823 0.0465270 0.1027627 0.1030303 0.0327056 0.1193177 0.0451920 0.1032323 0.1193693 0.0920580 0.0809989 0.0928525 0.0805866 0.1045119 0.0719898 0.1029924 0.0752836 0.1029017 0.0930304 0.0528836 0.0874327 0.1108709 0.1023850 0.0804201 0.0844642 0.0803259 0.0978813 
S0322         0.5110714 0.5383212 0.0632715 0.0000010 0.1053550 0.2395186 0.0971758 0.0468216 0.0852280 0.0969870 0.0000030 0.0974872 0.0672142 0.0991599 0.1012116 0.0778027 0.0000021 0.0329559 0.0945712 0.0000000 0.0820927 0.0717492 0.0747192 0.0035214 0.0898377 0.1020179 0.0740581 0.0915383 0.0856290 0.0597689 0.0938346 0.0896109 0.0028907 0.0937920 0.0546350 0.1009969 0.0465279 0.0000029 0.0640781 0.1026962 0.0977007 0.0862380 0.0908990 0.0744084 0.0934924 0.0897977 0.0672955 0.0083855 0.1454388 0.0855380 0.0000029 0.0883320 0.0976572 0.0645253 0.0698316 0.0936551 0.0597727 0.0601049 0.0744255 0.0668897 0.0788386 0.0546623 0.0707976 0.0956520 0.0671932 0.0000010 0.0119004 0.0710391 0.0597148 0.0671089 0.0635878 0.1193759 0.0785263 0.1286335 0.0811280 0.0347152 0.0305511 0.0718392 0.0682467 0.1206516 0.0629529 0.1301290 0.0752586 0.0814378 0.0902487 0.0464859 0.0934759 0.0675407 0.1396428 0.1026413 0.1174125 0.0464333 0.0819178 0.0569746 0.0672521 0.0058667 0.0829443 0.0778863 0.0361171 0.0115883 0.0086473 0.1015115 0.0434328 0.0598780 0.0638724 0.1090223 0.0836871 0.0828105 0.0599043 0.0887324 0.0761554 0.0757215 0.0633327 0.1146407 0.0932227 0.0632137 0.0776413 0.0749296 0.0688658 0.0936399 0.0715525 0.0674728 0.0601597 0.1211584 0.1053518 0.0863941 0.0917145 0.0934381 0.0736002 0.0588268 0.0719055 0.0818721 0.0564626 0.0707511 0.0541001 0.0703984 0.0603139 0.0903722 0.0826298 
S0327         0.5763839 0.6206814 0.0755426 0.0000010 0.1172292 0.2459902 0.1064233 0.0657175 0.0481356 0.1088112 0.0811130 0.0551826 0.0761672 0.1112109 0.1246592 0.0354127 0.0810940 0.0821214 0.0490783 0.0820927 0.0000000 0.0956343 0.0905651 0.0910611 0.1092484 0.1139567 0.0322560 0.1055901 0.0419227 0.0790112 0.1022687 0.0445442 0.0736825 0.0519984 0.0639577 0.1331850 0.0947109 0.0890396 0.0324360 0.0943551 0.1095990 0.0359173 0.0691927 0.0576019 0.1091640 0.1016728 0.1015906 0.0643610 0.1512073 0.1019605 0.0790188 0.1045553 0.1095512 0.0631958 0.0892657 0.1055383 0.0832901 0.0724514 0.0798248 0.1009624 0.0659551 0.1125484 0.0579508 0.0804421 0.0867943 0.0000010 0.0596966 0.0763038 0.0651543 0.0725365 0.0654509 0.1395595 0.1099098 0.1576031 0.1018422 0.0881526 0.0738656 0.0735308 0.0774998 0.1301966 0.0794106 0.1530567 0.0406733 0.0867760 0.0992820 0.0909274 0.1206484 0.0765369 0.1332139 0.1146366 0.1213755 0.0585880 0.0451164 0.0451699 0.0583287 0.0748624 0.0731162 0.0417095 0.0823322 0.0974049 0.0861142 0.1133982 0.1066432 0.0653228 0.0768613 0.1208651 0.1033106 0.0913644 0.0722480 0.0967926 0.0702425 0.0891354 0.0762041 0.0701436 0.0976193 0.0905481 0.0415949 0.1061299 0.0599954 0.1055231 0.1061748 0.0764582 0.0725204 0.1071842 0.0838901 0.1068176 0.0755168 0.1052780 0.0821562 0.0791598 0.0811489 0.0535988 0.0756347 0.1015240 0.0990330 0.0828338 0.0727034 0.0874859 0.0945692 
S0335         0.5432520 0.5882465 0.0544390 0.0000010 0.1191511 0.2080934 0.1004988 0.0559589 0.1022833 0.1029554 0.0693265 0.1188994 0.0454679 0.1052428 0.1217327 0.0873350 0.0668017 0.0687650 0.1080223 0.0717492 0.0956343 0.0000000 0.0601953 0.0836062 0.1033727 0.1080425 0.0835339 0.0841072 0.0952825 0.0588978 0.0963562 0.1161699 0.0671131 0.1039409 0.0431478 0.1224038 0.0876184 0.0749791 0.0806591 0.1165719 0.1037065 0.0912012 0.1148631 0.0881208 0.1032816 0.0957944 0.0759501 0.0544852 0.1253282 0.0878668 0.0686666 0.0820879 0.1036609 0.0684854 0.0652318 0.0996546 0.0628367 0.0592241 0.0657907 0.0798523 0.1022305 0.1055290 0.0886804 0.1199503 0.0593558 0.0000010 0.0496173 0.0659615 0.0517746 0.0661139 0.0554371 0.1332499 0.0809436 0.1435478 0.0600240 0.0879760 0.0668703 0.0634232 0.0563610 0.1103338 0.0660103 0.1354652 0.1034822 0.0656323 0.0765489 0.0950752 0.1226253 0.0555158 0.1287397 0.1050923 0.1276949 0.0388244 0.0899168 0.0669616 0.0892731 0.0646668 0.1195462 0.0947322 0.0722205 0.0870826 0.0760431 0.1075098 0.0923109 0.0451890 0.0557448 0.1149943 0.0970846 0.0921823 0.0420211 0.1058267 0.0988738 0.0669885 0.0454875 0.1292525 0.1067438 0.0697751 0.0944267 0.0773769 0.0915215 0.0996394 0.0740332 0.0456378 0.0453907 0.1149359 0.1179869 0.0968206 0.1163604 0.1069815 0.0797622 0.0420819 0.0292410 0.0883183 0.0623689 0.0662493 0.0627349 0.0624882 0.0455036 0.0925710 0.0634927 
S0345         0.6667175 0.6783052 0.0515827 0.0000010 0.1180801 0.3096704 0.1054800 0.0227263 0.1110930 0.0969393 0.0752402 0.1476093 0.0420291 0.0986808 0.1233465 0.1039934 0.0793634 0.0835206 0.1271701 0.0747192 0.0905651 0.0601953 0.0000000 0.0892158 0.0905097 0.1042885 0.0836257 0.0858319 0.0913199 0.0540592 0.0850480 0.1174264 0.0734819 0.0978977 0.0617912 0.0965325 0.0841917 0.0817746 0.0774323 0.0919093 0.0969521 0.1121031 0.1037690 0.0998156 0.0921446 0.0910530 0.0653128 0.0000010 0.1371383 0.0730624 0.0764892 0.0746667 0.1046274 0.0622123 0.0651109 0.0905097 0.0669646 0.0542678 0.0727615 0.0718442 0.0959677 0.1296342 0.0799860 0.1155708 0.0602782 0.0000010 0.0494691 0.0726054 0.0536313 0.0653528 0.0661334 0.1172395 0.0785823 0.1653909 0.0424108 0.0779031 0.0731944 0.0670184 0.0670184 0.1256626 0.0664800 0.1244552 0.0663519 0.0657928 0.0783815 0.0774417 0.1099712 0.0536480 0.1378476 0.1046949 0.1090048 0.0308619 0.0912608 0.0657549 0.0864604 0.0747730 0.1023524 0.0976745 0.0713775 0.1043359 0.0719061 0.0969521 0.1042898 0.0420935 0.0420772 0.1108236 0.0796446 0.0980295 0.0363267 0.1025468 0.0917369 0.0537281 0.0363046 0.1564133 0.0897560 0.0731677 0.0899113 0.0724334 0.0920130 0.0976594 0.0859294 0.0425355 0.0365697 0.0997749 0.1285552 0.0782888 0.1040803 0.0779803 0.0730288 0.0206879 0.0603458 0.1200261 0.0601346 0.0724135 0.0601774 0.0598079 0.0422850 0.0717515 0.0724135 
S0355         0.5091424 0.5028131 0.0682887 0.0000010 0.1152613 0.2817820 0.1088666 0.0629335 0.0906876 0.1142879 0.0000030 0.1099475 0.0681355 0.1169101 0.1045351 0.0860427 0.0035132 0.0436115 0.1009926 0.0035214 0.0910611 0.0836062 0.0892158 0.0000000 0.1101167 0.1207929 0.0771511 0.1042233 0.0907233 0.0641446 0.1156991 0.1101813 0.0000025 0.1052926 0.0581255 0.1243048 0.0479369 0.0070962 0.0734605 0.1217484 0.1153135 0.1015979 0.0922599 0.0823440 0.0998736 0.1054287 0.0818991 0.0150668 0.1585139 0.1000424 0.0035364 0.0987332 0.1152514 0.0711005 0.0762747 0.1102408 0.0732801 0.0643153 0.0816992 0.0812978 0.0829193 0.0616507 0.0727828 0.0930759 0.0729311 0.0000010 0.0180240 0.0816175 0.0638704 0.0679086 0.0685675 0.1269910 0.0825834 0.1331801 0.0799708 0.0385106 0.0405819 0.0783361 0.0739973 0.1388751 0.0729120 0.1342496 0.0889113 0.0767397 0.1107474 0.0442400 0.1093161 0.0731905 0.1542499 0.1201027 0.1300861 0.0520841 0.0955665 0.0653383 0.0733153 0.0034778 0.0820875 0.0861576 0.0397734 0.0175235 0.0103529 0.1200571 0.0483551 0.0729847 0.0735646 0.1245067 0.1027380 0.0968019 0.0684462 0.0989874 0.0797484 0.0834173 0.0731905 0.1264197 0.1096170 0.0732829 0.0814628 0.0825834 0.0711338 0.1149571 0.0828851 0.0687258 0.0688003 0.1256583 0.1050268 0.1012569 0.0869580 0.1052942 0.0861328 0.0641983 0.0789454 0.0715162 0.0554936 0.0772427 0.0573639 0.0725286 0.0690116 0.0963993 0.0863408 
S0400         0.5439525 0.5397109 0.0832654 0.0000010 0.0230399 0.2335944 0.0655559 0.0494929 0.1048199 0.0112617 0.0612421 0.1258350 0.0828608 0.0114718 0.0550966 0.0899296 0.0881457 0.0860130 0.1069831 0.0898377 0.1092484 0.1033727 0.0905097 0.1101167 0.0000000 0.0142783 0.0889354 0.0469698 0.0933377 0.0821807 0.0519215 0.1007946 0.0921388 0.1026928 0.0701923 0.0794298 0.0875630 0.0927039 0.0861104 0.0459236 0.0113309 0.1095884 0.0986523 0.0822522 0.0582224 0.0056005 0.1002168 0.1188343 0.1568072 0.0552204 0.0942910 0.0971436 0.0113265 0.0797294 0.0924513 0.0142209 0.0864973 0.0791320 0.0902095 0.0996062 0.0867021 0.1331207 0.0943981 0.1109630 0.0828453 0.5787957 0.0810266 0.0832427 0.0751395 0.0827346 0.0791673 0.0621444 0.1128868 0.1762505 0.0961887 0.0919816 0.0880453 0.0840666 0.0841432 0.1361406 0.0897281 0.1633312 0.0861629 0.0899929 0.0969252 0.1060081 0.0264457 0.0904612 0.1648085 0.0143572 0.0520175 0.0684556 0.1042939 0.0801991 0.0950178 0.0932375 0.0990701 0.0972997 0.0929877 0.1166809 0.1047772 0.0142210 0.1109476 0.0759693 0.0908613 0.0200371 0.0085834 0.0521573 0.0755634 0.0201993 0.0871658 0.1036860 0.0829009 0.1258820 0.0325336 0.0937774 0.0997611 0.1091102 0.0934439 0.0141862 0.1181850 0.0798254 0.0756886 0.0243358 0.1344356 0.0264666 0.0923028 0.0326131 0.0335175 0.0793460 0.1035754 0.0953105 0.0858510 0.0866923 0.1023098 0.0748252 0.0758789 0.0586552 0.0870976 
S0405         0.5695476 0.5726697 0.0839023 0.0000010 0.0262029 0.2306215 0.0731341 0.0596437 0.1094243 0.0142278 0.0741420 0.1308723 0.0870818 0.0144956 0.0588340 0.0942699 0.1000562 0.0902712 0.1117048 0.1020179 0.1139567 0.1080425 0.1042885 0.1207929 0.0142783 0.0000000 0.0932123 0.0572372 0.0977261 0.0863590 0.0556154 0.1102348 0.0966156 0.1073265 0.0742697 0.0826216 0.0993733 0.1005575 0.0903717 0.0495545 0.0027818 0.1143188 0.1031997 0.0828726 0.0619988 0.0084896 0.1047039 0.1212570 0.1582497 0.0589657 0.1028139 0.1017757 0.0143106 0.0853461 0.0967852 0.0202148 0.0907821 0.0832805 0.0945660 0.1040581 0.0910015 0.1383948 0.0990060 0.1157613 0.0870681 0.5787957 0.0853007 0.0874889 0.0791970 0.0869467 0.0833192 0.0660206 0.1176457 0.1778818 0.1007438 0.1055610 0.0962110 0.0883646 0.0884478 0.1373091 0.0940511 0.1648257 0.1010579 0.0943373 0.0939948 0.1106790 0.0359742 0.0948324 0.1618040 0.0174167 0.0557181 0.0724102 0.1088641 0.0845928 0.0996614 0.0977803 0.1077013 0.1017709 0.0973571 0.1215138 0.1093812 0.0055856 0.1157485 0.0800830 0.0952579 0.0231486 0.0056670 0.0592485 0.0796472 0.0233384 0.0914929 0.1083744 0.0871246 0.1218040 0.0358908 0.0981892 0.1042217 0.1138044 0.0981644 0.0172072 0.1230914 0.0840182 0.0797824 0.0281811 0.1406100 0.0297363 0.0975391 0.0359781 0.0369877 0.0906835 0.1082561 0.1001500 0.0900974 0.0909923 0.1069179 0.0788607 0.0799847 0.0624668 0.0914201 
S0407sl       0.5144768 0.5976062 0.0718032 0.0000010 0.0963728 0.2230968 0.0969949 0.0646469 0.0260875 0.0885920 0.0608511 0.0420482 0.0650847 0.0904661 0.1071282 0.0200798 0.0731746 0.0743911 0.0234742 0.0740581 0.0322560 0.0835339 0.0836257 0.0771511 0.0889354 0.0932123 0.0000000 0.0924329 0.0141882 0.0713322 0.0822822 0.0212820 0.0659961 0.0388820 0.0564662 0.1170289 0.0860921 0.0808415 0.0170612 0.0865748 0.0892082 0.0327330 0.0580211 0.0399232 0.0888676 0.0818327 0.0852384 0.0647566 0.1390718 0.0820569 0.0710216 0.0963168 0.0891706 0.0584332 0.0813359 0.0892003 0.0754325 0.0649166 0.0720506 0.0847313 0.0514963 0.1036404 0.0401543 0.0652612 0.0788394 0.0000010 0.0524121 0.0686274 0.0578605 0.0649930 0.0581179 0.1287358 0.0930197 0.1410912 0.0892389 0.0824778 0.0696028 0.0696240 0.0662038 0.1192477 0.0716898 0.1410023 0.0340385 0.0788228 0.0945730 0.0826771 0.0996388 0.0687838 0.1259516 0.0937540 0.1076119 0.0514559 0.0171040 0.0310832 0.0404086 0.0632667 0.0617164 0.0200950 0.0778346 0.0891767 0.0782346 0.0927761 0.0980354 0.0580080 0.0690680 0.0998173 0.0831020 0.0824633 0.0680934 0.0774509 0.0554001 0.0808662 0.0651147 0.0423942 0.0850565 0.0824839 0.0083799 0.0894420 0.0415180 0.0854228 0.0976174 0.0721832 0.0618750 0.0791405 0.0625671 0.0864417 0.0541222 0.0852466 0.0596103 0.0670428 0.0695825 0.0455418 0.0680381 0.0931506 0.0906432 0.0675717 0.0651377 0.0649881 0.0826201 
S0412sl       0.5976684 0.6146541 0.0896911 0.0000010 0.0678785 0.3152266 0.0726621 0.0604058 0.1036526 0.0568398 0.0873034 0.1493851 0.0725156 0.0525377 0.0863294 0.0990236 0.0895951 0.0873934 0.1185726 0.0915383 0.1055901 0.0841072 0.0858319 0.1042233 0.0469698 0.0572372 0.0924329 0.0000000 0.1049994 0.0826418 0.0721008 0.1227466 0.0897768 0.0998950 0.0691425 0.0749743 0.0940478 0.0926714 0.0878386 0.0567974 0.0517757 0.1174498 0.1044416 0.0950358 0.0620458 0.0469698 0.1050811 0.3217711 0.1716728 0.0415596 0.0988336 0.1107957 0.0573972 0.1030167 0.0985146 0.0571968 0.0827449 0.0829205 0.0895926 0.0922751 0.0976811 0.1462753 0.0900320 0.1220099 0.0831084 0.0000010 0.0742863 0.0838997 0.0718953 0.0767398 0.0834641 0.1020625 0.1054530 0.2124670 0.0913741 0.0995101 0.1017817 0.0843438 0.0844627 0.1531635 0.0943432 0.1716082 0.0938935 0.0830859 0.1149407 0.0984719 0.0611429 0.0948764 0.1724938 0.0524842 0.0562271 0.0668968 0.0992395 0.0774570 0.0896451 0.0853063 0.1032086 0.1105640 0.0984575 0.1231115 0.0935669 0.0517757 0.1170940 0.0780420 0.0726018 0.0623704 0.0373936 0.0721471 0.0669473 0.0557024 0.0944914 0.0950222 0.0669004 0.1386658 0.0409424 0.1007119 0.1035094 0.0997930 0.0945144 0.0572110 0.1124797 0.0733305 0.0727026 0.0579533 0.1497712 0.0417638 0.1041650 0.0412115 0.0367187 0.0735530 0.0796228 0.1123690 0.0883595 0.0777679 0.0959604 0.0718487 0.0783592 0.0610692 0.0772714 
