119
CRNC          0.0000000 0.0000010 0.2509606 0.6737777 0.2111662 0.6245840 0.3501482 0.3590308 0.5408750 0.6144896 0.6433679 0.5956470 0.5734195 0.6980012 0.6481945 0.5821056 0.6104202 0.5926063 0.5456020 0.6485147 0.6235915 0.6653975 0.6259997 0.6229542 0.6239199 0.6360037 0.6394116 0.5474116 0.5968252 0.5423217 0.5863879 0.6019029 0.5600984 0.6141415 0.5628564 0.5658999 0.5764981 0.6669763 0.6220720 0.5642495 0.6458675 0.6283007 0.6044677 0.6143746 0.5311751 0.5948871 0.5566584 0.6082397 0.5751049 0.5413982 0.6143746 0.5906570 0.5202979 0.6355442 0.5681959 0.5368576 0.5875653 0.5095104 0.6014047 0.5113983 0.6353168 0.5973449 0.5623726 0.5732002 0.5653744 0.6095147 0.5736087 0.6017232 0.4062318 0.6071609 0.5632369 0.6295581 0.5499097 0.5809210 0.6464076 0.6937098 0.5685368 0.5388592 0.4638364 0.5925992 0.6268984 0.6464749 0.5239545 0.6488423 0.6393290 0.4980366 0.6143746 0.5854133 0.6418446 0.5122793 0.6353168 0.5803626 0.5608747 0.6524269 0.6358333 0.4767172 0.5740449 0.5740449 0.5939728 0.5218956 0.6345260 0.6066774 0.6776138 0.5880627 0.5634214 0.6280180 0.6069414 0.5415424 0.7005611 0.6403695 0.6311895 0.5493697 0.5736573 0.4799835 0.5700387 0.6547473 0.6269995 0.6294112 0.5568453 
HYZL          0.0000010 0.0000000 0.1381220 0.4538151 0.0000010 0.5228668 0.3382727 0.3556660 0.4530460 0.3373031 0.4398211 0.4204782 0.4103342 0.4081418 0.7548699 0.4935370 0.4081418 0.3870781 0.4190341 0.3556660 0.6506162 0.3470617 0.3840015 0.5008680 0.5146665 0.4111771 0.3192519 0.5363198 0.3348780 0.4034580 0.4103342 0.4770861 0.3488606 0.4700754 0.4954739 0.5460020 0.4737044 0.3987957 0.4204782 0.7003081 0.3103550 0.3560164 0.4993812 0.5974702 0.4369798 0.4314404 0.3577477 0.4582446 0.4333178 0.5430976 0.4681375 0.4818212 0.4034580 0.4560022 0.4137911 0.4034580 0.5061020 0.4378857 0.4426429 0.4081418 0.4586265 0.3878066 0.4103342 0.4395907 0.4235325 0.3818647 0.5544318 0.4307087 0.4334603 0.4841279 0.3470617 0.5151575 0.6313590 0.3096904 0.4103342 0.3779234 0.3879339 0.3715747 0.4112220 0.5274520 0.3799214 0.4176318 0.3971961 0.4204782 0.4081418 0.4638245 0.4560022 0.5098548 0.4419907 0.3939994 0.5111524 0.4609694 0.4203561 0.3878066 0.3779234 0.4297028 0.3867057 0.3867057 0.4204782 0.4163783 0.5721333 0.4081418 0.4679774 0.3356924 0.3722922 0.4429119 0.4204782 0.3893459 0.4419907 0.3671587 0.3119038 0.5322103 0.4034580 0.4246751 0.4503109 0.4609694 0.5065975 0.4841279 0.4204782 
MYZV          0.2509606 0.1381220 0.0000000 0.4101126 0.0000010 0.3570338 0.3027501 0.3580002 0.3556327 0.4034910 0.3852540 0.3742520 0.4244239 0.4059378 0.4982611 0.4134673 0.4028245 0.3918858 0.3450196 0.3981314 0.4364381 0.3873162 0.4053819 0.3338656 0.4197966 0.3957105 0.4015313 0.3729850 0.3886969 0.3502418 0.3931568 0.4468104 0.3684661 0.4027839 0.3439317 0.4725388 0.3656310 0.3810241 0.4162402 0.4048629 0.3528054 0.3849905 0.4589299 0.4066939 0.3846126 0.4102632 0.3592509 0.3668253 0.3759466 0.4184577 0.4030135 0.4222616 0.3597325 0.3990321 0.3667066 0.3728733 0.4130071 0.3722083 0.4016701 0.3712822 0.4251447 0.3850331 0.3963702 0.4026922 0.3688566 0.3847210 0.3890554 0.3939938 0.4012132 0.4370243 0.3355303 0.4668323 0.4154440 0.3322991 0.4100610 0.4354886 0.3365204 0.3475386 0.3371190 0.4025063 0.4265107 0.3627144 0.3461627 0.4021599 0.3825045 0.3323037 0.3990321 0.3811629 0.4478654 0.3869462 0.4843100 0.4631076 0.3825802 0.4121092 0.4121092 0.3953326 0.3579798 0.3579798 0.3980179 0.3863088 0.4272512 0.3737387 0.3942090 0.2901583 0.3194827 0.4042585 0.4015304 0.3818453 0.4270164 0.4013562 0.3821377 0.4048136 0.3803011 0.3794437 0.4381857 0.4500333 0.4349239 0.3947066 0.3918327 
SRR6441723    0.6737777 0.4538151 0.4101126 0.0000000 7.4294668 0.0895734 0.2235132 0.0698462 0.0560853 0.0950329 0.1056948 0.0852266 0.0805869 0.1066936 0.1352804 0.1114895 0.1000808 0.0956540 0.0963407 0.0855999 0.1226636 0.0811234 0.1326376 0.1050026 0.0967998 0.0958828 0.0912560 0.1447698 0.0850441 0.0508403 0.1015827 0.0914468 0.0843663 0.1247306 0.1227865 0.1380021 0.0820486 0.0924399 0.1073065 0.1079956 0.0855959 0.0852806 0.0908080 0.0916150 0.0647003 0.0963285 0.1624156 0.0856725 0.0924705 0.0955626 0.0856834 0.1154466 0.0597723 0.0902896 0.0511221 0.0596843 0.1074626 0.0704229 0.1023761 0.1074446 0.0818871 0.0859453 0.0897933 0.0965857 0.1291238 0.1032001 0.1208692 0.1201308 0.1352006 0.0966579 0.1613772 0.1514738 0.1384770 0.1244102 0.0848034 0.1067312 0.1460295 0.0550963 0.1371129 0.1012568 0.1133969 0.1002945 0.0999849 0.0759387 0.1057285 0.1427148 0.0852572 0.1353662 0.1125057 0.0686465 0.0970270 0.0916165 0.0859409 0.0915132 0.0856588 0.0915804 0.0642392 0.0642392 0.0851293 0.1151800 0.1115456 0.1007488 0.0845183 0.0691053 0.0789315 0.1218205 0.0809229 0.0801862 0.0960760 0.1233790 0.0962263 0.1025982 0.0557628 0.0780077 0.1178257 0.0963919 0.0964632 0.0806473 0.0851818 
ERR4210213    0.2111662 0.0000010 0.0000010 7.4294668 0.0000000 2.5283056 0.5707950 0.0000010 2.5283056 2.5283056 2.5283056 2.5283056 2.5283056 1.3487732 1.3487732 0.7819891 2.5283056 2.5283056 2.5283056 8.3635169 2.5283056 2.5646843 2.5283056 2.5283056 2.5283056 2.5283056 2.5283056 7.4294668 2.5283056 2.5283056 2.5283056 2.5283056 2.5283056 2.5283056 2.5283056 2.5283056 2.5283056 2.5283056 0.5707950 2.5283056 2.5283056 2.5283056 2.5283056 2.5283056 2.5283056 2.5283056 0.7819891 7.4294668 2.5283056 8.1119427 2.5283056 2.5283056 2.5283056 2.5283056 2.5283056 2.5283056 7.4294668 2.5283056 2.5283056 2.5283056 2.5283056 2.5283056 2.5283056 2.5283056 2.5283056 2.5283056 2.5283056 2.5283056 0.0000010 2.5283056 2.5283056 2.5283056 2.5283056 2.5283056 2.5283056 2.5283056 2.5283056 2.5283056 2.5283056 2.5283056 8.3710085 1.3487732 2.5283056 2.5283056 1.3487732 2.5283056 2.5283056 6.4749531 2.5283056 2.5283056 2.5283056 2.5283056 2.5283056 2.5283056 2.5283056 2.5283056 2.5283056 2.5283056 2.5283056 2.5283056 2.5283056 1.3487732 2.5283056 2.5283056 2.5283056 1.3487732 2.5283056 2.5283056 0.5707950 1.3487732 2.5283056 2.5283056 2.5283056 0.0000010 2.5283056 2.5283056 2.5283056 2.5283056 2.5283056 
ERR2789774    0.6245840 0.5228668 0.3570338 0.0895734 2.5283056 0.0000000 0.2143201 0.0364376 0.0509668 0.0993933 0.1105360 0.0241766 0.0752148 0.1010940 0.0647177 0.0503135 0.0845423 0.0851123 0.0856344 0.0747935 0.1200569 0.0757094 0.1002005 0.0832266 0.0375435 0.0327661 0.0856651 0.1396651 0.0846514 0.0551706 0.0792927 0.0750613 0.0789971 0.0956902 0.1032270 0.1200793 0.0762264 0.0812093 0.0507324 0.0419944 0.0647739 0.0750546 0.0791274 0.0243804 0.0551778 0.0802231 0.1279771 0.0732912 0.0859140 0.0899318 0.0242880 0.0915055 0.0595206 0.0283771 0.0508102 0.0503485 0.0964670 0.0701193 0.0965393 0.0911089 0.0710677 0.0804554 0.0794915 0.0856490 0.0895529 0.0973043 0.0909836 0.0910377 0.0596898 0.0962298 0.1163235 0.1187859 0.1209585 0.1013279 0.0746413 0.0856445 0.1175880 0.0548653 0.1055976 0.0855186 0.1019099 0.0950273 0.0835212 0.0327863 0.0833626 0.1033190 0.0241839 0.0734301 0.1070608 0.0575698 0.0849508 0.0700900 0.0756231 0.0911618 0.0854747 0.0759269 0.0639493 0.0639493 0.0241514 0.1035647 0.1110516 0.0900758 0.0323829 0.0210910 0.0667950 0.1054402 0.0371085 0.0748438 0.1009482 0.1175060 0.1008370 0.0687109 0.0602216 0.0513283 0.1116885 0.0844133 0.0329435 0.0692688 0.0411422 
PAFTOL_019361 0.3501482 0.3382727 0.3027501 0.2235132 0.5707950 0.2143201 0.0000000 0.1639771 0.1954764 0.2372221 0.2594251 0.2093022 0.2192862 0.2500259 0.2700401 0.2323341 0.2232950 0.2505940 0.2412163 0.2211742 0.3254235 0.2347172 0.2579967 0.2536965 0.2273431 0.2249011 0.2346422 0.2602598 0.2304497 0.1986441 0.2228905 0.2504846 0.2215183 0.2598084 0.2549917 0.3123943 0.2423148 0.2334535 0.2109785 0.2242691 0.2073372 0.2391823 0.2430608 0.2202211 0.1997260 0.2527508 0.2223287 0.2043914 0.2535722 0.2508639 0.2107053 0.2295700 0.2117469 0.2163542 0.2081403 0.2051214 0.2389247 0.2160267 0.2536964 0.2391047 0.2325696 0.2294491 0.2060110 0.2605456 0.2414078 0.2665836 0.2446075 0.2608063 0.1981164 0.2414269 0.2416236 0.2448543 0.2874470 0.2604480 0.2274236 0.2463960 0.2389736 0.2043642 0.2124008 0.2432589 0.2689529 0.2401887 0.2443967 0.2036776 0.2371562 0.2326368 0.2093853 0.2258960 0.2546122 0.1936532 0.2541895 0.2308238 0.2371572 0.2334296 0.2213709 0.2398234 0.2204351 0.2204351 0.2090200 0.2604269 0.2984110 0.2336436 0.2146420 0.1849789 0.1845286 0.2785158 0.1934913 0.2096589 0.2544697 0.2672015 0.2412088 0.1820387 0.2150666 0.2028211 0.2413136 0.2521036 0.2265149 0.2362653 0.2022029 
S0055         0.3590308 0.3556660 0.3580002 0.0698462 0.0000010 0.0364376 0.1639771 0.0000000 0.0142623 0.0507824 0.0668490 0.0286349 0.0138839 0.0686551 0.1156727 0.0595976 0.0431971 0.0434125 0.0359315 0.0138839 0.0897052 0.0139521 0.0670358 0.0624553 0.0445430 0.0521024 0.0137697 0.0681114 0.0357137 0.0138615 0.0354422 0.0443408 0.0209354 0.0777929 0.0594211 0.0691734 0.0451618 0.0293695 0.0210639 0.0704072 0.0210193 0.0209703 0.0515809 0.0533838 0.0280742 0.0438963 0.0778222 0.0283311 0.0363535 0.0364591 0.0364430 0.0612867 0.0208591 0.0361599 0.0213263 0.0280233 0.0519465 0.0360182 0.0440086 0.0138271 0.0451515 0.0138738 0.0357144 0.0281744 0.0520778 0.0442453 0.0875058 0.0702731 0.0444070 0.0526787 0.0693623 0.0952727 0.0843169 0.0225430 0.0594887 0.0593406 0.0699997 0.0208109 0.0693590 0.0598511 0.0437786 0.0588481 0.0147606 0.0139031 0.0670119 0.0645434 0.0361599 0.0594361 0.0676876 0.0211810 0.0606609 0.0519511 0.0284037 0.0285578 0.0208485 0.0284981 0.0074056 0.0074056 0.0360726 0.0141417 0.0756816 0.0513930 0.0441710 0.0000024 0.0071771 0.0680235 0.0210639 0.0138925 0.0520458 0.0771917 0.0436512 0.0518605 0.0286307 0.0291150 0.0608390 0.0515497 0.0526187 0.0437004 0.0283011 
S0196sl       0.5408750 0.4530460 0.3556327 0.0560853 2.5283056 0.0509668 0.1954764 0.0142623 0.0000000 0.0744128 0.0604451 0.0513115 0.0514443 0.0806140 0.0802520 0.0656938 0.0696857 0.0560905 0.0515625 0.0557886 0.0773898 0.0517743 0.0844190 0.0612070 0.0614646 0.0608990 0.0611532 0.0985904 0.0604370 0.0119998 0.0472726 0.0562218 0.0463345 0.1020237 0.0751049 0.0876060 0.0561785 0.0655873 0.0521133 0.0563904 0.0560668 0.0558704 0.0556481 0.0604257 0.0202327 0.0561795 0.1096865 0.0605686 0.0668152 0.0648047 0.0515683 0.0930791 0.0160295 0.0559381 0.0120479 0.0160083 0.0760979 0.0247435 0.0712078 0.0568883 0.0559755 0.0562832 0.0464827 0.0564727 0.1064772 0.0766159 0.0774161 0.0976475 0.0698075 0.0473636 0.1090237 0.1004506 0.0801095 0.0798480 0.0556709 0.0610840 0.1048447 0.0119379 0.0874069 0.0468974 0.0811091 0.0699481 0.0489888 0.0380441 0.0749491 0.0945307 0.0513287 0.0809418 0.0761709 0.0344724 0.0609289 0.0561137 0.0425904 0.0661969 0.0561070 0.0520449 0.0305658 0.0305658 0.0512552 0.0677634 0.0704126 0.0702548 0.0604941 0.0350830 0.0441770 0.0898147 0.0425359 0.0422334 0.0706807 0.0961682 0.0754515 0.0567104 0.0162032 0.0508053 0.0661034 0.0605565 0.0612503 0.0335692 0.0512834 
S0278         0.6144896 0.3373031 0.4034910 0.0950329 2.5283056 0.0993933 0.2372221 0.0507824 0.0744128 0.0000000 0.1360461 0.0889415 0.0327775 0.1266084 0.1289849 0.1150967 0.0500230 0.0891527 0.1051146 0.0370943 0.1318140 0.0369607 0.1304204 0.1032289 0.0951693 0.0995686 0.0370405 0.1547135 0.0499981 0.0684394 0.1052584 0.0462893 0.0497207 0.1511035 0.1266018 0.1304150 0.0913374 0.0560261 0.1045062 0.1178428 0.0457850 0.0684239 0.0687060 0.1010225 0.0779195 0.0897692 0.1483959 0.0997343 0.0961714 0.0891326 0.0894150 0.1361787 0.0728423 0.0939831 0.0690712 0.0727335 0.1329279 0.0839334 0.0841221 0.1111110 0.0652131 0.0641677 0.0889741 0.1000619 0.1498555 0.1164734 0.1417578 0.1408815 0.0759356 0.1108478 0.1589992 0.1324572 0.1434415 0.0992089 0.1037561 0.1158235 0.1557948 0.0680568 0.1406740 0.0737434 0.1225955 0.1198060 0.1037895 0.0797218 0.1307163 0.1474039 0.0889732 0.1388968 0.0905460 0.0339809 0.0742214 0.0692835 0.0796868 0.0790338 0.0325297 0.0802511 0.0681858 0.0681858 0.0888409 0.1244166 0.1203582 0.1256000 0.1045245 0.0632647 0.0827689 0.1309733 0.0796553 0.0636825 0.1104464 0.1498380 0.0550834 0.1063004 0.0737115 0.0510898 0.1216698 0.0737641 0.1001659 0.0944204 0.0888955 
S0281         0.6433679 0.4398211 0.3852540 0.1056948 2.5283056 0.1105360 0.2594251 0.0668490 0.0604451 0.1360461 0.0000000 0.1045005 0.1102446 0.0895348 0.1646786 0.1211140 0.1306987 0.1156634 0.0956432 0.1155719 0.1314406 0.1109913 0.1227583 0.0738228 0.1167570 0.1156460 0.1111997 0.1252283 0.1202691 0.0641191 0.0844556 0.1152257 0.0937057 0.1063525 0.0958723 0.1330544 0.1024080 0.1240441 0.1220120 0.1356938 0.1103177 0.0985309 0.1106618 0.1119731 0.0634765 0.1164888 0.1671766 0.0853559 0.1061117 0.1102864 0.1050733 0.1128771 0.0685151 0.1097520 0.0647121 0.0684131 0.0941266 0.0690651 0.1159438 0.1068744 0.1021982 0.1094488 0.0784748 0.0847996 0.1161181 0.0798681 0.1122686 0.1126327 0.1308107 0.0651888 0.1661071 0.1674580 0.1231332 0.1163489 0.0683115 0.0779182 0.1629341 0.0637610 0.1357778 0.0994241 0.0844480 0.1087920 0.0890011 0.0839040 0.0692442 0.1483666 0.1045386 0.1343358 0.1161710 0.0986803 0.1173333 0.1116644 0.0998110 0.1209365 0.1156569 0.0910570 0.0783837 0.0783837 0.1043801 0.1198587 0.1043876 0.0842302 0.1155536 0.0733767 0.0625268 0.1090475 0.0888831 0.1048516 0.0849106 0.1006659 0.1219154 0.1068926 0.0693312 0.1110116 0.0653561 0.1061123 0.1163548 0.0502808 0.1044474 
S0282         0.5956470 0.4204782 0.3742520 0.0852266 2.5283056 0.0241766 0.2093022 0.0286349 0.0513115 0.0889415 0.1045005 0.0000000 0.0653362 0.0904339 0.0551633 0.0323105 0.0840745 0.0749548 0.0753997 0.0701226 0.1158278 0.0657597 0.0896553 0.0839212 0.0200960 0.0157925 0.0754474 0.1407448 0.0745617 0.0459810 0.0693898 0.0755906 0.0599003 0.0951721 0.0939627 0.0981414 0.0767737 0.0817960 0.0416414 0.0245428 0.0644302 0.0698660 0.0750778 0.0159983 0.0459858 0.0754682 0.1165570 0.0737967 0.0756475 0.0700996 0.0078069 0.0813546 0.0502511 0.0117279 0.0464005 0.0413323 0.0858775 0.0604044 0.0859450 0.0709799 0.0715726 0.0703927 0.0695615 0.0754122 0.0991544 0.0866103 0.0808608 0.0905204 0.0352236 0.0856743 0.1158685 0.1029802 0.1113171 0.0797716 0.0648436 0.0754212 0.1124315 0.0457312 0.0996434 0.0801922 0.0911477 0.0944895 0.0632260 0.0242292 0.0734421 0.1040983 0.0077751 0.0739375 0.0961761 0.0533891 0.0808572 0.0660119 0.0656800 0.0807361 0.0752780 0.0659415 0.0539258 0.0539258 0.0077651 0.0824626 0.1001635 0.0797917 0.0198203 0.0000023 0.0569786 0.0947363 0.0284369 0.0650177 0.0903026 0.1063462 0.0902088 0.0691825 0.0508306 0.0598531 0.1007275 0.0803447 0.0158745 0.0596825 0.0324312 
S0289         0.5734195 0.4103342 0.4244239 0.0805869 2.5283056 0.0752148 0.2192862 0.0138839 0.0514443 0.0327775 0.1102446 0.0653362 0.0000000 0.1009958 0.1136387 0.0901709 0.0324831 0.0601019 0.0747735 0.0200755 0.0984731 0.0331851 0.1137513 0.0850879 0.0709955 0.0753452 0.0332586 0.1198358 0.0324685 0.0460968 0.0907252 0.0333048 0.0369029 0.1294666 0.1061208 0.1039837 0.0615223 0.0377500 0.0860092 0.0910953 0.0283781 0.0550067 0.0501684 0.0764294 0.0551302 0.0605046 0.1376861 0.0754664 0.0660885 0.0750979 0.0656725 0.1143011 0.0414938 0.0701348 0.0465179 0.0503058 0.1068762 0.0605629 0.0700759 0.0861113 0.0465356 0.0458088 0.0653523 0.0605482 0.1284137 0.1026341 0.1201935 0.1194630 0.0516887 0.0805008 0.1368295 0.1117120 0.1170187 0.0851352 0.0843569 0.0957362 0.1334374 0.0458455 0.1083556 0.0600861 0.0969084 0.0947540 0.0784726 0.0563803 0.1051616 0.1133990 0.0653588 0.1125266 0.0800114 0.0165383 0.0552345 0.0505783 0.0511653 0.0651508 0.0201177 0.0662821 0.0393512 0.0393512 0.0652634 0.0983333 0.0992134 0.1002086 0.0801106 0.0444330 0.0530810 0.1104659 0.0511521 0.0504085 0.0905555 0.1283832 0.0371287 0.0863689 0.0509616 0.0284074 0.0906158 0.0549056 0.0757879 0.0704479 0.0606726 
S0292         0.6980012 0.4081418 0.4059378 0.1066936 1.3487732 0.1010940 0.2500259 0.0686551 0.0806140 0.1266084 0.0895348 0.0904339 0.1009958 0.0000000 0.1352751 0.1227116 0.1322708 0.1016552 0.1019411 0.1062645 0.1462506 0.0968426 0.0999780 0.0985843 0.0973572 0.1012757 0.1123054 0.1517376 0.1109579 0.0743603 0.0969135 0.1125655 0.1046844 0.1019009 0.1290901 0.1495954 0.1037655 0.1199678 0.1169983 0.1260290 0.1062626 0.1165028 0.1225904 0.1027815 0.0743714 0.1126008 0.1702878 0.1067720 0.1142049 0.1169180 0.0909236 0.0877652 0.0788737 0.0955733 0.0750600 0.0787527 0.0759260 0.0904208 0.1298235 0.1118197 0.1195541 0.1174531 0.0901813 0.1129183 0.1010991 0.0757710 0.0877924 0.0822032 0.1234898 0.0858025 0.1691808 0.1760012 0.1701539 0.1254592 0.0649303 0.0854536 0.1591432 0.0645779 0.1500644 0.1230050 0.0912464 0.0836178 0.1115466 0.0810490 0.0374308 0.1574683 0.0904667 0.1248211 0.1115639 0.0839916 0.1296265 0.1127810 0.1017551 0.1294542 0.1014583 0.0972684 0.0848844 0.0848844 0.0903298 0.1085616 0.1003221 0.0158982 0.1063275 0.0740195 0.0950424 0.0418955 0.0861086 0.1109825 0.0643268 0.0371085 0.1231417 0.0925574 0.0798392 0.1038357 0.1063414 0.1287392 0.1018945 0.0801187 0.0903865 
S0293         0.6481945 0.7548699 0.4982611 0.1352804 1.3487732 0.0647177 0.2700401 0.1156727 0.0802520 0.1289849 0.1646786 0.0551633 0.1136387 0.1352751 0.0000000 0.0840019 0.1347680 0.1360764 0.1296880 0.1137092 0.1601100 0.1094113 0.1531882 0.1150138 0.0608400 0.0647432 0.1255238 0.2022623 0.1239893 0.1009496 0.1178427 0.1202870 0.1282928 0.1311285 0.1636162 0.1721637 0.1085001 0.1031155 0.0898582 0.0369158 0.1119564 0.1298087 0.1302832 0.0329147 0.1009671 0.1314017 0.1795695 0.1282371 0.1374679 0.1173491 0.0554372 0.1217458 0.1057187 0.0506359 0.0967345 0.0951914 0.1440004 0.1187218 0.1498333 0.1434944 0.1027625 0.1309036 0.1241143 0.1370693 0.1465145 0.1511544 0.0985941 0.1374196 0.1214648 0.1493083 0.1784091 0.1735454 0.1405312 0.1516316 0.1183076 0.1313724 0.1691343 0.1003405 0.1534059 0.1130817 0.1441454 0.1450685 0.1363312 0.0752005 0.1204462 0.1329403 0.0461444 0.1284868 0.1560156 0.0961187 0.1376257 0.1202267 0.1254541 0.1435531 0.1252579 0.1148094 0.1085925 0.1085925 0.0551032 0.1588622 0.1420735 0.1285593 0.0594009 0.0537626 0.1159678 0.1399175 0.0801353 0.1240195 0.1411473 0.1534931 0.1424944 0.1229559 0.1070867 0.0849074 0.1669296 0.1366627 0.0557585 0.1171740 0.0843580 
S0294         0.5821056 0.4935370 0.4134673 0.1114895 0.7819891 0.0503135 0.2323341 0.0595976 0.0656938 0.1150967 0.1211140 0.0323105 0.0901709 0.1227116 0.0840019 0.0000000 0.1099416 0.1004471 0.1010893 0.0952769 0.1452928 0.0907727 0.1215754 0.1027897 0.0409510 0.0410515 0.1010829 0.1478525 0.0998804 0.0691638 0.0844164 0.0957542 0.0840936 0.1277120 0.1204808 0.1371862 0.1029670 0.1083107 0.0554209 0.0602310 0.0888885 0.0949195 0.0903351 0.0416039 0.0691738 0.1011558 0.1227848 0.0988387 0.1014128 0.1053997 0.0324610 0.1132462 0.0736146 0.0365690 0.0698088 0.0640945 0.1179696 0.0750018 0.1071673 0.0965087 0.0973255 0.0956675 0.0844702 0.1011074 0.1316842 0.1190223 0.1125273 0.1228457 0.0658956 0.1121143 0.1330977 0.1193000 0.1284474 0.1181742 0.0946299 0.1064496 0.1297570 0.0687728 0.1160886 0.1061078 0.1237352 0.1211706 0.0837725 0.0504281 0.1035478 0.1214103 0.0323204 0.0942419 0.1233883 0.0779599 0.1070250 0.0911349 0.0906791 0.1068751 0.0993490 0.0809384 0.0792040 0.0792040 0.0322767 0.1038348 0.1222754 0.1109804 0.0453396 0.0253813 0.0767194 0.1162444 0.0549671 0.0799257 0.1225348 0.1400467 0.1168063 0.0841511 0.0696225 0.0935060 0.1281080 0.0960711 0.0412734 0.0838050 0.0590533 
S0299         0.6104202 0.4081418 0.4028245 0.1000808 2.5283056 0.0845423 0.2232950 0.0431971 0.0696857 0.0500230 0.1306987 0.0840745 0.0324831 0.1322708 0.1347680 0.1099416 0.0000000 0.0690774 0.0888859 0.0283096 0.1084956 0.0506554 0.1235350 0.1084051 0.0901804 0.0945673 0.0507631 0.1301816 0.0495394 0.0638460 0.1054230 0.0508436 0.0542255 0.1398612 0.1160071 0.1191375 0.0707186 0.0464838 0.1058078 0.1110933 0.0367515 0.0593010 0.0499510 0.0959431 0.0732280 0.0695420 0.1425920 0.0848279 0.0753381 0.0748146 0.0845189 0.1361722 0.0682213 0.0890630 0.0644339 0.0681203 0.1275292 0.0791171 0.0745169 0.1059416 0.0418269 0.0544434 0.0841033 0.0840410 0.1387174 0.1178798 0.1417522 0.1297713 0.0678123 0.1001119 0.1589974 0.1164503 0.1379609 0.1169545 0.1037466 0.1102854 0.1495067 0.0634911 0.1406683 0.0598199 0.1172771 0.1148460 0.0985567 0.0701164 0.1254234 0.1473993 0.0841043 0.1119949 0.0844648 0.0292818 0.0504097 0.0503569 0.0600325 0.0742658 0.0368392 0.0801677 0.0483811 0.0483811 0.0839797 0.1190145 0.1191278 0.1203427 0.0994811 0.0584413 0.0670558 0.1420727 0.0692820 0.0591427 0.1211312 0.1498342 0.0457148 0.0961964 0.0690300 0.0434543 0.1106526 0.0546657 0.0951321 0.0894737 0.0840308 
S0303         0.5926063 0.3870781 0.3918858 0.0956540 2.5283056 0.0851123 0.2505940 0.0434125 0.0560905 0.0891527 0.1156634 0.0749548 0.0601019 0.1016552 0.1360764 0.1004471 0.0690774 0.0000000 0.0599891 0.0555848 0.0761969 0.0756517 0.1040589 0.0908128 0.0813377 0.0852616 0.0806445 0.1258338 0.0738934 0.0506033 0.0848008 0.0857790 0.0737622 0.1412239 0.1049900 0.0849020 0.0200697 0.0712896 0.0962782 0.1014944 0.0694860 0.0701904 0.0744006 0.0865016 0.0597511 0.0117459 0.1195488 0.0755509 0.0283083 0.0800534 0.0753478 0.1263178 0.0549207 0.0798743 0.0510681 0.0548410 0.1123350 0.0653163 0.0964805 0.0805394 0.0709165 0.0697582 0.0795086 0.0646246 0.1400582 0.1133304 0.1263588 0.1200339 0.0934144 0.0862946 0.1243069 0.1172116 0.1265845 0.0989338 0.0894042 0.0856153 0.1225097 0.0415187 0.1073906 0.0805051 0.1130269 0.1001557 0.0727134 0.0611162 0.0954637 0.1123459 0.0749812 0.1061728 0.0852232 0.0476923 0.0801196 0.0750384 0.0078090 0.0850611 0.0743620 0.0607820 0.0081594 0.0081594 0.0748703 0.0987907 0.0996570 0.0905628 0.0901277 0.0588336 0.0575968 0.1111917 0.0603921 0.0747870 0.1061880 0.1181771 0.0796261 0.0968723 0.0555616 0.0756148 0.1017284 0.0796155 0.0798743 0.0753541 0.0749149 
S0308         0.5456020 0.4190341 0.3450196 0.0963407 2.5283056 0.0856344 0.2412163 0.0359315 0.0515625 0.1051146 0.0956432 0.0753997 0.0747735 0.1019411 0.1296880 0.1010893 0.0888859 0.0599891 0.0000000 0.0748211 0.0968500 0.0862017 0.1096823 0.0798772 0.0816285 0.0857857 0.0964719 0.1137306 0.0841581 0.0509312 0.0697782 0.0966793 0.0893914 0.1359443 0.0900863 0.1022094 0.0518189 0.0812450 0.0855069 0.0957733 0.0748153 0.0804884 0.0847450 0.0815341 0.0601456 0.0558145 0.1242496 0.0908220 0.0558661 0.0956701 0.0757973 0.1210640 0.0552784 0.0803555 0.0514022 0.0507019 0.1131697 0.0657579 0.1077910 0.0810512 0.0759654 0.0799819 0.0752522 0.0457080 0.1348233 0.1074323 0.1141098 0.1257811 0.0766644 0.0866892 0.1363073 0.1397280 0.1164112 0.0905711 0.0900326 0.0851455 0.1141247 0.0506486 0.1297046 0.0901190 0.1119155 0.1060409 0.0733626 0.0607301 0.0904200 0.1179702 0.0754255 0.1120784 0.0896446 0.0577645 0.0907552 0.0854855 0.0465903 0.1022135 0.0797200 0.0605710 0.0438857 0.0438857 0.0753142 0.0837614 0.1001232 0.1011372 0.0906882 0.0588151 0.0429199 0.1103768 0.0653976 0.0851998 0.1069646 0.1185333 0.0951461 0.0972340 0.0559283 0.0589883 0.0971007 0.0901713 0.0862998 0.0806698 0.0751896 
S0320         0.6485147 0.3556660 0.3981314 0.0855999 8.3635169 0.0747935 0.2211742 0.0138839 0.0557886 0.0370943 0.1155719 0.0701226 0.0200755 0.1062645 0.1137092 0.0952769 0.0283096 0.0555848 0.0748211 0.0000000 0.0872979 0.0289190 0.1087752 0.0964942 0.0810339 0.0802771 0.0289837 0.1191086 0.0282972 0.0505908 0.0907855 0.0331300 0.0412465 0.1351445 0.1055008 0.1144510 0.0566004 0.0246891 0.0911125 0.0911477 0.0242265 0.0505717 0.0410313 0.0810064 0.0597315 0.0556716 0.1265653 0.0655416 0.0614289 0.0703962 0.0704869 0.1203773 0.0549050 0.0749802 0.0507982 0.0548253 0.1122469 0.0652913 0.0654287 0.0912227 0.0419239 0.0414773 0.0701416 0.0700835 0.1340384 0.1027046 0.1202699 0.1250594 0.0516887 0.0910108 0.1426639 0.1007501 0.1170908 0.0958065 0.0893519 0.0955628 0.1324446 0.0503129 0.1248706 0.0510078 0.1021828 0.0998950 0.0836311 0.0564149 0.1104282 0.1300302 0.0701471 0.1014736 0.0800630 0.0081130 0.0458568 0.0413597 0.0467120 0.0605593 0.0242833 0.0709698 0.0348301 0.0348301 0.0700440 0.1036923 0.1043766 0.1054306 0.0850913 0.0492433 0.0578741 0.1158057 0.0557529 0.0460224 0.0956903 0.1340108 0.0328703 0.0760425 0.0555460 0.0138464 0.1014354 0.0455904 0.0807517 0.0753185 0.0700851 
S0322         0.6235915 0.6506162 0.4364381 0.1226636 2.5283056 0.1200569 0.3254235 0.0897052 0.0773898 0.1318140 0.1314406 0.1158278 0.0984731 0.1462506 0.1601100 0.1452928 0.1084956 0.0761969 0.0968500 0.0872979 0.0000000 0.1107970 0.1448889 0.1136942 0.1238771 0.1278908 0.1227235 0.1483264 0.1140340 0.0822941 0.1143205 0.1210574 0.1091480 0.1742514 0.1360724 0.1323754 0.0670761 0.0996439 0.1288331 0.1275076 0.1092055 0.1213537 0.0917699 0.1110856 0.0978749 0.0759599 0.1811564 0.1042345 0.0828252 0.1163550 0.1165055 0.1580833 0.0921909 0.1214814 0.0769435 0.0920407 0.1514399 0.1048112 0.1355709 0.1277982 0.0886870 0.1096815 0.1083959 0.0614311 0.1726973 0.1332674 0.1376095 0.1570854 0.1629841 0.1295755 0.1864036 0.1562011 0.1440475 0.1324140 0.1266808 0.1265249 0.1577847 0.0868909 0.1661515 0.0938953 0.1285881 0.1310773 0.1084550 0.0884525 0.1453973 0.1512916 0.1158727 0.1437408 0.1278078 0.0734762 0.0980881 0.0925982 0.0663170 0.1350155 0.1148314 0.1049833 0.0213479 0.0213479 0.1156865 0.1449708 0.1264849 0.1398686 0.1333966 0.0932362 0.0974700 0.1638052 0.0873305 0.1155632 0.1463151 0.1788563 0.1099679 0.1337636 0.0880435 0.0978128 0.1472985 0.0974365 0.1287231 0.1054274 0.1047567 
S0327         0.6653975 0.3470617 0.3873162 0.0811234 2.5646843 0.0757094 0.2347172 0.0139521 0.0517743 0.0369607 0.1109913 0.0657597 0.0331851 0.0968426 0.1094113 0.0907727 0.0506554 0.0756517 0.0862017 0.0289190 0.1107970 0.0000000 0.1112947 0.1056360 0.0765590 0.0758417 0.0245864 0.1434027 0.0330821 0.0463859 0.0913357 0.0335132 0.0371304 0.1232523 0.1229591 0.1154617 0.0775057 0.0384890 0.0757920 0.0985265 0.0289134 0.0463672 0.0511507 0.0769405 0.0554797 0.0761756 0.1273779 0.0857838 0.0822919 0.0755916 0.0661009 0.1087673 0.0506948 0.0705918 0.0468132 0.0506215 0.1010950 0.0609543 0.0610809 0.0806975 0.0474571 0.0467017 0.0753154 0.0812671 0.1222617 0.0968766 0.1140673 0.1133823 0.0519609 0.0864897 0.1378074 0.1288328 0.1059612 0.0795870 0.0849130 0.0963818 0.1344024 0.0461320 0.1201174 0.0604712 0.1014595 0.0906445 0.0681523 0.0567464 0.1010467 0.1258179 0.0657826 0.1133029 0.0869421 0.0167727 0.0563351 0.0515767 0.0662870 0.0562454 0.0329319 0.0715775 0.0541999 0.0541999 0.0656868 0.0926065 0.1116984 0.0960847 0.0806398 0.0447802 0.0688625 0.0999296 0.0615006 0.0370584 0.0861951 0.1241981 0.0467281 0.0869514 0.0512855 0.0140308 0.1072028 0.0559929 0.0762909 0.0709095 0.0657250 
S0335         0.6259997 0.3840015 0.4053819 0.1326376 2.5283056 0.1002005 0.2579967 0.0670358 0.0844190 0.1304204 0.1227583 0.0896553 0.1137513 0.0999780 0.1531882 0.1215754 0.1235350 0.1040589 0.1096823 0.1087752 0.1448889 0.1112947 0.0000000 0.1005506 0.0964921 0.1003786 0.1220435 0.1589201 0.1133750 0.0832598 0.1097816 0.1223354 0.1141528 0.1387298 0.1161829 0.1400343 0.1168472 0.1167161 0.1168479 0.1116687 0.1087735 0.1049177 0.1141766 0.1018556 0.0931424 0.1147970 0.1745241 0.1217487 0.1272900 0.1264175 0.0901365 0.1241037 0.0877887 0.0947407 0.0840407 0.0779620 0.1109780 0.0996231 0.1229070 0.1339695 0.1111150 0.0989156 0.1028350 0.1131167 0.1265465 0.1152132 0.1241433 0.1125425 0.0949827 0.0949903 0.1730270 0.1793197 0.1680827 0.1473122 0.0932698 0.0981126 0.1755553 0.0733333 0.1660322 0.1218624 0.1197765 0.0983681 0.1102700 0.0937736 0.0841260 0.1733475 0.0896875 0.1404250 0.1050957 0.0768654 0.1208387 0.1152006 0.0981809 0.1172578 0.1040598 0.1118814 0.0873233 0.0873233 0.0895531 0.1252842 0.0973259 0.0891071 0.1053765 0.0687774 0.0976599 0.0942412 0.0825456 0.1099851 0.1049313 0.1161663 0.1306555 0.1287922 0.0888675 0.0941910 0.1157369 0.1200395 0.0959176 0.0938570 0.1048599 
S0345         0.6229542 0.5008680 0.3338656 0.1050026 2.5283056 0.0832266 0.2536965 0.0624553 0.0612070 0.1032289 0.0738228 0.0839212 0.0850879 0.0985843 0.1150138 0.1027897 0.1084051 0.0908128 0.0798772 0.0964942 0.1136942 0.1056360 0.1005506 0.0000000 0.0789395 0.0781519 0.1184989 0.1181713 0.0959257 0.0560081 0.0907087 0.1051914 0.0910325 0.1088658 0.1036830 0.1348619 0.0907177 0.0973005 0.1226828 0.0831919 0.0839826 0.1036861 0.0786540 0.0838090 0.0615742 0.0907221 0.1672721 0.1087693 0.0982602 0.1090667 0.0781489 0.0983910 0.0612334 0.0839565 0.0562856 0.0611253 0.1044657 0.0618851 0.1107855 0.1133903 0.0792268 0.0909322 0.1038420 0.0862974 0.1146780 0.1055438 0.0857477 0.0977483 0.1234477 0.0682121 0.1660128 0.1475019 0.1118072 0.1381270 0.0844553 0.0980609 0.1533275 0.0556363 0.1462007 0.0925777 0.1056275 0.1304306 0.0899339 0.0730631 0.0782336 0.1389267 0.0781489 0.1098951 0.1109244 0.0524446 0.0856197 0.0794634 0.0792318 0.1185093 0.0855452 0.0988629 0.0651189 0.0651189 0.0838090 0.1231662 0.0444161 0.0911742 0.0956080 0.0634559 0.0687692 0.1157308 0.0664479 0.0972391 0.0907748 0.1109930 0.1094766 0.1029306 0.0621026 0.0932249 0.0857445 0.0734408 0.0845493 0.0664357 0.0838693 
S0400         0.6239199 0.5146665 0.4197966 0.0967998 2.5283056 0.0375435 0.2273431 0.0445430 0.0614646 0.0951693 0.1167570 0.0200960 0.0709955 0.0973572 0.0608400 0.0409510 0.0901804 0.0813377 0.0816285 0.0810339 0.1238771 0.0765590 0.0964921 0.0789395 0.0000000 0.0285935 0.0866323 0.1369264 0.0855974 0.0557651 0.0753431 0.0815660 0.0748265 0.0969768 0.1054609 0.1102689 0.0831438 0.0934380 0.0512786 0.0470813 0.0749744 0.0807301 0.0862030 0.0204599 0.0557720 0.0816996 0.1243412 0.0847025 0.0818994 0.0909438 0.0201880 0.0829035 0.0601621 0.0159906 0.0562846 0.0508852 0.1032463 0.0708949 0.0976472 0.0870970 0.0827591 0.0813591 0.0803746 0.0816424 0.1062635 0.1041621 0.0875081 0.0974545 0.0431960 0.0869714 0.1235887 0.1254907 0.1295014 0.0907565 0.0806878 0.0920756 0.1141917 0.0554524 0.1068022 0.0915540 0.1088566 0.1063553 0.0793868 0.0376283 0.0796546 0.1116958 0.0119252 0.0852732 0.0922345 0.0587837 0.0923371 0.0768610 0.0716114 0.0922013 0.0751485 0.0663578 0.0599186 0.0599186 0.0200751 0.0940433 0.0968233 0.0863233 0.0328114 0.0167689 0.0620577 0.1017466 0.0420659 0.0756733 0.1078083 0.1138168 0.0965546 0.0799207 0.0608780 0.0776575 0.1022715 0.0917329 0.0202982 0.0700264 0.0461655 
S0405         0.6360037 0.4111771 0.3957105 0.0958828 2.5283056 0.0327661 0.2249011 0.0521024 0.0608990 0.0995686 0.1156460 0.0157925 0.0753452 0.1012757 0.0647432 0.0410515 0.0945673 0.0852616 0.0857857 0.0802771 0.1278908 0.0758417 0.1003786 0.0781519 0.0285935 0.0000000 0.0858162 0.1533261 0.0847990 0.0552623 0.0794296 0.0859888 0.0791328 0.1061199 0.1150465 0.1203035 0.0873667 0.0925381 0.0508165 0.0420102 0.0742859 0.0799793 0.0853945 0.0243892 0.0552696 0.0758775 0.1282124 0.0839199 0.0860653 0.0900900 0.0158632 0.0920343 0.0596198 0.0198581 0.0557727 0.0504312 0.0966403 0.0601475 0.0967129 0.0912713 0.0819700 0.0805963 0.0796291 0.0858004 0.1101139 0.0974807 0.0914646 0.1013780 0.0585346 0.0964022 0.1274411 0.1243086 0.1336709 0.1015189 0.0747697 0.0857957 0.1240638 0.0549560 0.1106698 0.0853164 0.1020943 0.1053479 0.0836731 0.0328388 0.0835058 0.1157086 0.0157971 0.0840803 0.1072550 0.0634071 0.0914572 0.0761382 0.0757550 0.0913234 0.0856251 0.0760598 0.0640639 0.0640639 0.0157763 0.1037551 0.1007257 0.0902345 0.0281964 0.0167079 0.0669116 0.1056289 0.0371683 0.0749729 0.1011292 0.1058640 0.0898091 0.0791837 0.0603223 0.0856714 0.1118910 0.0908654 0.0241979 0.0693864 0.0412084 
S0407sl       0.6394116 0.3192519 0.4015313 0.0912560 2.5283056 0.0856651 0.2346422 0.0137697 0.0611532 0.0370405 0.1111997 0.0754474 0.0332586 0.1123054 0.1255238 0.1010829 0.0507631 0.0806445 0.0964719 0.0289837 0.1227235 0.0245864 0.1220435 0.1184989 0.0866323 0.0858162 0.0000000 0.1455509 0.0418606 0.0554912 0.0915184 0.0424131 0.0372113 0.1306106 0.1231830 0.1266672 0.0826325 0.0476359 0.0906925 0.1092730 0.0376346 0.0554716 0.0604111 0.0870703 0.0647983 0.0812066 0.1276134 0.0761233 0.0874631 0.0805774 0.0758456 0.1212398 0.0598643 0.0803961 0.0560054 0.0597760 0.1130397 0.0705286 0.0706803 0.0868676 0.0567943 0.0558788 0.0659156 0.0914331 0.1295405 0.1035455 0.1323807 0.1315611 0.0512508 0.0967888 0.1380506 0.1290642 0.1180435 0.0848531 0.0850838 0.0965727 0.1346466 0.0551825 0.1203421 0.0605994 0.0977651 0.1005931 0.0791809 0.0662948 0.1060728 0.1260587 0.0754742 0.1135185 0.0972982 0.0256066 0.0658133 0.0609216 0.0711904 0.0657111 0.0330042 0.0815317 0.0593994 0.0593994 0.0753629 0.1098270 0.1225030 0.1114140 0.0907081 0.0496042 0.0690133 0.1219683 0.0711647 0.0508335 0.1015318 0.1405808 0.0468298 0.0921472 0.0605724 0.0209664 0.0970522 0.0654069 0.0863295 0.0807641 0.0754071 
S0412sl       0.5474116 0.5363198 0.3729850 0.1447698 7.4294668 0.1396651 0.2602598 0.0681114 0.0985904 0.1547135 0.1252283 0.1407448 0.1198358 0.1517376 0.2022623 0.1478525 0.1301816 0.1258338 0.1137306 0.1191086 0.1483264 0.1434027 0.1589201 0.1181713 0.1369264 0.1533261 0.1455509 0.0000000 0.1529044 0.1131991 0.1095426 0.1308160 0.1253827 0.1608191 0.0924991 0.1663892 0.1055421 0.1332963 0.1413836 0.1612044 0.1272418 0.1234474 0.1458425 0.1428833 0.1172725 0.1200469 0.1777138 0.0767717 0.1085451 0.1312023 0.1415776 0.1511652 0.1181182 0.1465830 0.1081930 0.1179188 0.1448812 0.1246705 0.1409299 0.1330542 0.1385352 0.1070969 0.1207296 0.1191046 0.1594490 0.1405068 0.1321240 0.1620329 0.1042040 0.1325297 0.1741645 0.1479004 0.1506092 0.1588079 0.1261155 0.1453920 0.1368357 0.1124960 0.1549378 0.1376372 0.1193009 0.1680256 0.1080389 0.1249400 0.1189807 0.1563282 0.1407988 0.1261479 0.1182271 0.1053537 0.1535242 0.1472375 0.1150364 0.1368427 0.1255508 0.1153773 0.0982931 0.0982931 0.1405735 0.1536041 0.1229801 0.1385859 0.1589584 0.0963403 0.0735262 0.1541928 0.1233024 0.1304072 0.1573923 0.1838211 0.1249991 0.1025552 0.1196934 0.0930193 0.1269097 0.1410894 0.1543236 0.1123695 0.1347903 
S0417         0.5968252 0.3348780 0.3886969 0.0850441 2.5283056 0.0846514 0.2304497 0.0357137 0.0604370 0.0499981 0.1202691 0.0745617 0.0324685 0.1109579 0.1239893 0.0998804 0.0495394 0.0738934 0.0841581 0.0282972 0.1140340 0.0330821 0.1133750 0.0959257 0.0855974 0.0847990 0.0418606 0.1529044 0.0000000 0.0548528 0.1005009 0.0419226 0.0454105 0.1400468 0.1267596 0.1251058 0.0756605 0.0376315 0.0957358 0.1009148 0.0282914 0.0548342 0.0500129 0.0860247 0.0640499 0.0743933 0.1371957 0.0948465 0.0803260 0.0845200 0.0749504 0.1252683 0.0591770 0.0794494 0.0553557 0.0590908 0.1116746 0.0697013 0.0698500 0.0958529 0.0463896 0.0456672 0.0842113 0.0793497 0.1389002 0.1074485 0.1307462 0.1299450 0.0844901 0.0956299 0.1363452 0.1203843 0.1272744 0.0894946 0.0938852 0.1055910 0.1443643 0.0545511 0.1297510 0.0691474 0.1174321 0.0944422 0.0883442 0.0655123 0.1150977 0.1359048 0.0745878 0.1227677 0.0895245 0.0207240 0.0550607 0.0504199 0.0647573 0.0649420 0.0368221 0.0805591 0.0531507 0.0531507 0.0744782 0.0979988 0.1089850 0.1100863 0.0896331 0.0489990 0.0672136 0.1205128 0.0600908 0.0502513 0.1003181 0.1388756 0.0456924 0.0961357 0.0598697 0.0435241 0.1165522 0.0547339 0.0853012 0.0798096 0.0745223 
S0419         0.5423217 0.4034580 0.3502418 0.0508403 2.5283056 0.0551706 0.1986441 0.0138615 0.0119998 0.0684394 0.0641191 0.0459810 0.0460968 0.0743603 0.1009496 0.0691638 0.0638460 0.0506033 0.0509312 0.0505908 0.0822941 0.0463859 0.0832598 0.0560081 0.0557651 0.0552623 0.0554912 0.1131991 0.0548528 0.0000000 0.0555476 0.0555824 0.0499169 0.0950487 0.0839737 0.0863560 0.0517789 0.0517651 0.0650824 0.0758510 0.0505839 0.0504111 0.0552202 0.0560294 0.0158395 0.0509371 0.1128291 0.0552160 0.0609054 0.0595974 0.0462051 0.0812460 0.0117669 0.0504718 0.0038965 0.0117518 0.0699486 0.0160420 0.0652067 0.0604728 0.0515928 0.0507742 0.0413176 0.0555755 0.0843079 0.0753581 0.0812707 0.0856926 0.0595445 0.0420830 0.1121566 0.1093998 0.0992706 0.0733160 0.0502347 0.0601109 0.1032699 0.0077905 0.0958777 0.0553890 0.0797788 0.0641476 0.0527407 0.0374550 0.0689229 0.1002030 0.0459959 0.0846945 0.0700180 0.0297511 0.0604519 0.0556786 0.0418817 0.0556506 0.0506196 0.0466237 0.0299197 0.0299197 0.0459315 0.0713147 0.0692057 0.0643540 0.0597592 0.0299899 0.0388363 0.0833344 0.0418728 0.0458787 0.0647336 0.0894140 0.0646464 0.0653470 0.0078411 0.0358117 0.0602760 0.0600854 0.0555737 0.0373643 0.0459559 
S0427         0.5863879 0.4103342 0.3931568 0.1015827 2.5283056 0.0792927 0.2228905 0.0354422 0.0472726 0.1052584 0.0844556 0.0693898 0.0907252 0.0969135 0.1178427 0.0844164 0.1054230 0.0848008 0.0697782 0.0907855 0.1143205 0.0913357 0.1097816 0.0907087 0.0753431 0.0794296 0.0915184 0.1095426 0.1005009 0.0555476 0.0000000 0.1019421 0.0749291 0.0964068 0.0791538 0.1053643 0.0819176 0.1036633 0.0752783 0.1020520 0.0894279 0.0955061 0.1012196 0.0805669 0.0555541 0.0805145 0.0949881 0.0700615 0.0917992 0.0757747 0.0697465 0.0873966 0.0599281 0.0741945 0.0560632 0.0598396 0.0921987 0.0706135 0.1078609 0.0711825 0.0979429 0.0962636 0.0510591 0.0643496 0.0956558 0.0709666 0.0925623 0.0970785 0.0933525 0.0818072 0.0954862 0.1107683 0.1116533 0.1063550 0.0517248 0.0465822 0.0969051 0.0552381 0.0961598 0.1015533 0.0862313 0.0748427 0.0634090 0.0412782 0.0697677 0.0939736 0.0694137 0.0703917 0.0762905 0.0680227 0.1077075 0.0917023 0.0653797 0.1075561 0.0959353 0.0557476 0.0584309 0.0584309 0.0693128 0.0992908 0.0802036 0.0859268 0.0841924 0.0486775 0.0434402 0.1012891 0.0551766 0.0804090 0.0856090 0.1080331 0.1017806 0.0613590 0.0606383 0.0839242 0.0867783 0.1069908 0.0798950 0.0650468 0.0693530 
S0428sl       0.6019029 0.4770861 0.4468104 0.0914468 2.5283056 0.0750613 0.2504846 0.0443408 0.0562218 0.0462893 0.1152257 0.0755906 0.0333048 0.1125655 0.1202870 0.0957542 0.0508436 0.0857790 0.0966793 0.0331300 0.1210574 0.0335132 0.1223354 0.1051914 0.0815660 0.0859888 0.0424131 0.1308160 0.0419226 0.0555824 0.1019421 0.0000000 0.0372631 0.1421512 0.1061316 0.1038494 0.0822629 0.0428699 0.0971064 0.1041543 0.0376887 0.0460321 0.0503685 0.0816576 0.0595818 0.0808485 0.1392902 0.0801666 0.0865929 0.0857031 0.0759906 0.1271541 0.0599653 0.0805530 0.0511889 0.0598767 0.1133875 0.0601979 0.0652591 0.0972273 0.0518990 0.0463620 0.0853856 0.0916250 0.1409707 0.1144354 0.1207144 0.1318971 0.0696918 0.0907533 0.1499186 0.1276336 0.1236433 0.0850315 0.0902225 0.1019414 0.1396949 0.0552726 0.1316969 0.0599709 0.1191599 0.1059967 0.0896368 0.0664146 0.1167554 0.1311604 0.0756175 0.1122632 0.0812552 0.0252819 0.0603062 0.0555445 0.0762121 0.0558277 0.0377809 0.0767101 0.0591746 0.0591746 0.0755047 0.1100843 0.1227979 0.1116691 0.0908960 0.0496873 0.0741074 0.1164049 0.0712973 0.0464436 0.1017551 0.1409470 0.0375714 0.0861833 0.0606764 0.0364442 0.1114848 0.0599423 0.0865056 0.0751165 0.0707557 
S0478         0.5600984 0.3488606 0.3684661 0.0843663 2.5283056 0.0789971 0.2215183 0.0209354 0.0463345 0.0497207 0.0937057 0.0599003 0.0369029 0.1046844 0.1282928 0.0840936 0.0542255 0.0737622 0.0893914 0.0412465 0.1091480 0.0371304 0.1141528 0.0910325 0.0748265 0.0791328 0.0372113 0.1253827 0.0454105 0.0499169 0.0749291 0.0372631 0.0000000 0.1222534 0.0947957 0.0916842 0.0755227 0.0512247 0.0799826 0.0914291 0.0412400 0.0498985 0.0457875 0.0802605 0.0589224 0.0742603 0.1085165 0.0792601 0.0801784 0.0647164 0.0694978 0.1131116 0.0541713 0.0739254 0.0503686 0.0540938 0.1053485 0.0643875 0.0645208 0.0610167 0.0421172 0.0502539 0.0736566 0.0748475 0.1212787 0.0961076 0.1238660 0.1178361 0.0437801 0.0896831 0.1184942 0.1053241 0.0901401 0.0733304 0.0784734 0.0894890 0.1150097 0.0496470 0.1018604 0.0548180 0.0905584 0.0934419 0.0485630 0.0602493 0.0987259 0.1065176 0.0691678 0.0955988 0.0803022 0.0338534 0.0507606 0.0461595 0.0694120 0.0548244 0.0413393 0.0654571 0.0531715 0.0531715 0.0690677 0.0818210 0.1145631 0.1038749 0.0838715 0.0302287 0.0576047 0.1140758 0.0649554 0.0367938 0.0942897 0.1319388 0.0415563 0.0754285 0.0547945 0.0433738 0.0999325 0.0504603 0.0742887 0.0742537 0.0691075 
