101
HYZL          0.0000000 0.2086841 0.3058280 0.0000010 0.3982878 0.3011956 0.3411261 0.3502403 0.3559699 0.3227256 0.3829846 0.3884347 0.3165594 0.3422184 0.3370829 0.0000010 0.2864146 0.3224810 0.3053340 0.3086793 0.3373597 0.3496936 0.3529531 0.3489564 0.3343214 0.5011627 0.3471462 0.3476571 0.3201262 0.3535633 0.3627857 0.3386260 0.3459234 0.3363117 0.3714834 0.3532088 0.2129555 0.3238985 0.3115137 0.3861352 0.2926318 0.2900274 0.3676376 0.3424620 0.3650639 0.2646825 0.3548960 0.3537323 0.2856058 0.5178820 0.2986740 0.3417737 0.3035497 0.3174879 0.3546645 0.3716973 0.3136002 0.3755920 0.2944162 0.3010713 0.3651028 0.3554220 0.3782543 0.3408650 0.3917239 0.2288380 0.3956028 0.3073296 0.3424242 0.3325567 0.3451726 0.3883644 0.3277402 0.3551995 0.3312738 0.3232414 0.2995493 0.3338278 0.3114588 0.2786450 0.3490332 0.3249271 0.3925074 0.3015545 0.3663913 0.3496117 0.3375602 0.3484839 0.3386260 0.5022674 0.3074037 0.3005117 0.3401182 0.3724170 0.3707789 0.3636830 0.3648174 0.3773877 0.3451726 0.3553147 0.3086993 
MYZV          0.2086841 0.0000000 0.4557794 0.0000010 0.4141573 0.3914553 0.4046865 0.4147001 0.4344750 0.3736898 0.4386333 0.4424741 0.4042001 0.3946145 0.4267921 0.0000010 0.3945762 0.4464394 0.3942020 0.4365777 0.3800752 0.4024219 0.3831039 0.4607327 0.4147930 0.5658644 0.4259865 0.4091762 0.4357655 0.4287750 0.4169829 0.3903456 0.4130481 0.4215081 0.4828945 0.4417034 0.3182157 0.3934555 0.4260208 0.4202469 0.3573780 0.4122285 0.4325723 0.4065905 0.4196680 0.3160548 0.4204900 0.4677929 0.3705873 0.5559555 0.3849201 0.4733064 0.4197660 0.3978418 0.4090358 0.4409668 0.3648774 0.4027834 0.4089205 0.4258507 0.4084841 0.3992081 0.4351246 0.4317991 0.4496812 0.3417879 0.4534880 0.4153968 0.4063821 0.4161521 0.3596310 0.4084606 0.4121451 0.3965618 0.4605961 0.4485251 0.4094613 0.4053215 0.3562911 0.3964768 0.4016513 0.4078852 0.4789774 0.4032080 0.3809393 0.4023053 0.4002947 0.4505883 0.3903456 0.4878768 0.3856615 0.4016214 0.4151118 0.4030934 0.4387327 0.4046036 0.3915741 0.4900838 0.3596310 0.3919446 0.4268792 
SRR6441723    0.3058280 0.4557794 0.0000000 0.0000010 0.1128852 0.1620442 0.0975483 0.0948875 0.1098327 0.1117979 0.0999796 0.0973148 0.0926393 0.1013661 0.1009490 0.0000010 0.1268199 0.1261934 0.1117095 0.0972922 0.0826515 0.0933837 0.1004747 0.1312952 0.0720231 0.1317016 0.1254313 0.1261882 0.1186749 0.1105409 0.1003981 0.0868461 0.0979260 0.0974752 0.1218071 0.1116468 0.1142081 0.1231112 0.1198274 0.2169377 0.1048159 0.1262804 0.1077400 0.0871698 0.1145106 0.1059778 0.0879106 0.1256744 0.0959842 0.1456728 0.1118551 0.0716997 0.0838455 0.1192205 0.0876778 0.1041680 0.0834281 0.1606436 0.0770323 0.1074230 0.0986697 0.0864651 0.1994553 0.0829342 0.2198775 0.0879092 0.1086935 0.0640439 0.0995759 0.0923991 0.1082164 0.1281646 0.0715512 0.0784818 0.0838994 0.0893703 0.1183082 0.0777617 0.1064364 0.1181421 0.0932235 0.1052052 0.0851491 0.0780663 0.1217876 0.0996820 0.1267643 0.0799180 0.0998534 0.0896990 0.0919408 0.0913357 0.1084004 0.0983683 0.1022805 0.1123537 0.1532168 0.1017725 0.1082164 0.1142854 0.0915069 
ERR4210213    0.0000010 0.0000010 0.0000010 0.0000000 0.0000010 0.0000010 0.0000010 0.0000010 0.0000010 0.0000010 0.0000010 0.0000010 0.0000010 0.0000010 0.0000010 0.0000010 0.0000010 0.0000010 0.0000010 0.0000010 0.0000010 0.0000010 0.0000010 0.0000010 0.0000010 0.0000010 0.0000010 0.0000010 0.0000010 0.0000010 0.0000010 0.0000010 0.0000010 0.0000010 0.0000010 0.0000010 0.0000010 0.0000010 0.0000010 0.0000010 0.0000010 0.0000010 0.0000010 0.0000010 0.0000010 0.0000010 0.0000010 0.0000010 0.0000010 0.0000010 0.0000010 0.0000010 0.0000010 0.0000010 0.0000010 0.0000010 0.0000010 0.0000010 0.0000010 0.0000010 0.0000010 0.0000010 0.0000010 0.0000010 0.0000010 0.0000010 0.0000010 0.0000010 0.0000010 0.0000010 0.0000010 0.0000010 0.0000010 0.0000010 0.0000010 0.0000010 0.0000010 0.0000010 0.0000010 0.0000010 0.0000010 0.0000010 0.0000010 0.0000010 0.0000010 0.0000010 0.0000010 0.0000010 0.0000010 0.0000010 0.0000010 0.0000010 0.0000010 0.0000010 0.0000010 0.0000010 0.0000010 0.0000010 0.0000010 0.0000010 0.0000010 
ERR2789774    0.3982878 0.4141573 0.1128852 0.0000010 0.0000000 0.2051882 0.0763637 0.1130365 0.1036143 0.1246847 0.0593496 0.1236764 0.1127660 0.0484846 0.0672468 0.0000010 0.1342423 0.1335670 0.1114615 0.1025994 0.1033694 0.0422393 0.0480947 0.1484525 0.0851679 0.1009876 0.1391404 0.0900325 0.1122763 0.1105550 0.0595811 0.0366710 0.1087200 0.1104791 0.1303442 0.1041061 0.0330938 0.1150675 0.1271099 0.2097051 0.0830043 0.1336655 0.0540852 0.1143578 0.0599238 0.0889731 0.1058149 0.1476809 0.0961562 0.1802693 0.1116067 0.0982848 0.1030647 0.1189672 0.1010496 0.1110506 0.0770938 0.1396740 0.0957909 0.1070906 0.1258305 0.1133804 0.1923987 0.1005114 0.2125611 0.0919703 0.1451389 0.1244052 0.0651079 0.1124414 0.0603913 0.0716729 0.0778164 0.0848860 0.0982557 0.1131894 0.1180565 0.0901221 0.1134862 0.1393116 0.0421703 0.1133343 0.1227172 0.0970976 0.0722765 0.0477423 0.1094139 0.1123423 0.0478204 0.1110277 0.1118768 0.1111310 0.1221631 0.0651995 0.1207126 0.1259507 0.1327408 0.1168610 0.0603913 0.1097132 0.0653101 
PAFTOL_019361 0.3011956 0.3914553 0.1620442 0.0000010 0.2051882 0.0000000 0.1667552 0.1741396 0.1655434 0.2144848 0.1870546 0.1796920 0.1265498 0.1564187 0.1730293 0.0000010 0.1626318 0.1635482 0.1759414 0.1755545 0.1849367 0.1632213 0.1720149 0.2072606 0.1444138 0.1819160 0.1672598 0.1856613 0.1620934 0.1800818 0.1768075 0.1553885 0.1730862 0.1585907 0.1882255 0.1606501 0.1196168 0.2140896 0.1701833 0.2776969 0.1604242 0.1618942 0.1810539 0.1763196 0.1889956 0.1436317 0.1653608 0.1558812 0.1830387 0.2486513 0.1607048 0.1619633 0.1498676 0.1780349 0.1725817 0.1233071 0.0795995 0.2277652 0.1428782 0.1497704 0.1492816 0.1706912 0.2573595 0.1688818 0.2816072 0.0922123 0.2169745 0.1547667 0.1704855 0.1514060 0.1817920 0.1974567 0.1513873 0.1355304 0.1618989 0.1804935 0.1679898 0.1494798 0.1443427 0.1515709 0.1629283 0.1558840 0.1993117 0.1304198 0.1978440 0.1705537 0.1780011 0.1381997 0.1553885 0.2026119 0.1542025 0.1382805 0.1622564 0.1838915 0.1748986 0.1675429 0.2191692 0.1753180 0.1817920 0.1865982 0.1303919 
S0055         0.3411261 0.4046865 0.0975483 0.0000010 0.0763637 0.1667552 0.0000000 0.0912727 0.1015278 0.1149734 0.0641289 0.0953930 0.0974139 0.0533597 0.0721296 0.0000010 0.0980160 0.0911784 0.0837982 0.0820671 0.1012938 0.0470782 0.0417572 0.1100431 0.0588862 0.1276015 0.1081656 0.0753055 0.0970145 0.1083207 0.0643764 0.0415241 0.0817834 0.0831043 0.0768027 0.0763055 0.0323480 0.0993767 0.0979487 0.1866575 0.0574264 0.1040847 0.0589256 0.0987763 0.0647402 0.0600358 0.0908405 0.1146493 0.0811679 0.1530427 0.0839019 0.0715994 0.0763956 0.1033999 0.0789236 0.0825858 0.1208128 0.1245562 0.0698405 0.0730973 0.0958589 0.0914140 0.1705410 0.0856234 0.1891470 0.0477304 0.1127389 0.1087337 0.0524673 0.0779030 0.0652371 0.0764357 0.0762717 0.0711067 0.0715804 0.0788507 0.0837066 0.0762221 0.0786001 0.1095318 0.0470024 0.0915691 0.1127514 0.0827894 0.0770655 0.0414575 0.0414114 0.0970867 0.0526361 0.0872686 0.0903620 0.0835743 0.0996196 0.0699563 0.1048871 0.1035669 0.1178606 0.0768630 0.0652371 0.0885977 0.0526361 
S0196sl       0.3502403 0.4147001 0.0948875 0.0000010 0.1130365 0.1741396 0.0912727 0.0000000 0.1105464 0.0990010 0.1135280 0.1193242 0.1014462 0.1014901 0.1022304 0.0000010 0.0707397 0.1207651 0.0702916 0.0981994 0.0977483 0.0934873 0.0940139 0.1507595 0.1077458 0.1031372 0.1187963 0.1108875 0.0988138 0.1264228 0.1005187 0.0869351 0.1175428 0.0919061 0.1260334 0.1051675 0.0971585 0.0955741 0.0831879 0.1927808 0.0984199 0.0833257 0.1078797 0.0099984 0.1087372 0.0000010 0.0048932 0.1436451 0.0708733 0.1323915 0.0917914 0.0937170 0.0786012 0.0836888 0.1031440 0.1132962 0.1971402 0.0658503 0.0849632 0.0668756 0.1064427 0.1019364 0.1760878 0.0049714 0.1954083 0.0598335 0.1328754 0.0932870 0.0996928 0.0681427 0.1083576 0.1144277 0.0855917 0.0930030 0.0936894 0.0941525 0.0640163 0.0784178 0.1082347 0.0904557 0.0933266 0.0998199 0.1085746 0.0861316 0.1153714 0.0932736 0.1127016 0.1010846 0.0805729 0.1044503 0.0930097 0.0999731 0.0805716 0.1067537 0.0150457 0.1133682 0.0599841 0.1124621 0.1083576 0.0664858 0.0934342 
S0278         0.3559699 0.4344750 0.1098327 0.0000010 0.1036143 0.1655434 0.1015278 0.1105464 0.0000000 0.1536529 0.1040583 0.0868531 0.0967261 0.0923920 0.1057490 0.0000010 0.0899587 0.1164077 0.0889230 0.0638646 0.1091975 0.0848142 0.0916016 0.1628361 0.0963696 0.1440140 0.1214938 0.1032684 0.0963327 0.0466271 0.1044869 0.0785259 0.0644190 0.0760707 0.1012704 0.0762315 0.0828243 0.1227548 0.0837027 0.2084837 0.0834288 0.0895982 0.0985536 0.1118146 0.1050823 0.1017126 0.1034983 0.1211541 0.0966425 0.1809254 0.1026871 0.0831921 0.0879214 0.0957790 0.1048631 0.0953162 0.0790549 0.1641402 0.0811450 0.0853918 0.1157782 0.1114740 0.1912891 0.1054411 0.2113125 0.0339851 0.1270207 0.1079781 0.0898108 0.0964749 0.1058989 0.1182354 0.0757790 0.0521963 0.0710496 0.0970977 0.0826566 0.0877199 0.0892303 0.0949133 0.0723634 0.0973586 0.1059246 0.0822166 0.1124402 0.0908971 0.1233112 0.1093159 0.0785259 0.0998346 0.1088706 0.0953831 0.0783755 0.1024098 0.1180332 0.0644845 0.1567926 0.0822783 0.1058989 0.1319733 0.0910103 
S0281         0.3227256 0.3736898 0.1117979 0.0000010 0.1246847 0.2144848 0.1149734 0.0990010 0.1536529 0.0000000 0.1317586 0.1538529 0.1500541 0.1121514 0.1276352 0.0000010 0.1326032 0.1389086 0.1235302 0.1309930 0.1207276 0.1112673 0.1186152 0.1790066 0.1257245 0.1021756 0.1631996 0.1381404 0.1243696 0.1614680 0.1051211 0.1045564 0.1589238 0.1170328 0.1450510 0.1399700 0.0960715 0.1055878 0.1318144 0.1956869 0.1163925 0.1320400 0.1193574 0.0852656 0.1330615 0.0606019 0.0920864 0.1739004 0.0744153 0.1422039 0.1236915 0.0987507 0.1099835 0.1476131 0.1376838 0.1476452 0.0000010 0.1261710 0.1096308 0.1132093 0.1493326 0.1363196 0.1791855 0.0803701 0.1983059 0.1027355 0.1617142 0.1300901 0.1247418 0.1061408 0.1340894 0.1328007 0.1384052 0.1328498 0.1119733 0.1113609 0.1166511 0.1224839 0.1278452 0.1376233 0.1110784 0.1256087 0.1313004 0.1322120 0.1481873 0.1176821 0.1311083 0.1498590 0.0915981 0.1121874 0.1635897 0.1477546 0.1368989 0.1248348 0.1063322 0.1641005 0.1193956 0.1310888 0.1340894 0.0835957 0.1115065 
S0282         0.3829846 0.4386333 0.0999796 0.0000010 0.0593496 0.1870546 0.0641289 0.1135280 0.1040583 0.1317586 0.0000000 0.0977258 0.1132560 0.0201936 0.0478772 0.0000010 0.1348213 0.1341403 0.1119414 0.1030354 0.1169774 0.0148570 0.0304847 0.1192249 0.0603108 0.1151855 0.1108666 0.0771433 0.1127622 0.0979620 0.0411894 0.0199324 0.0837579 0.1109511 0.1173085 0.0905987 0.0320577 0.1155745 0.1276592 0.1756671 0.0704641 0.1342400 0.0359825 0.1148594 0.0306352 0.1021247 0.1062753 0.1176463 0.0899531 0.1704390 0.1120878 0.0987113 0.1035043 0.1194795 0.0856057 0.0846308 0.0770938 0.1491413 0.0961983 0.1075611 0.0982591 0.0937429 0.1596223 0.1009552 0.1780605 0.0887340 0.1296158 0.1249339 0.0531655 0.1129283 0.0308711 0.0523875 0.0781543 0.0852554 0.0986820 0.1136820 0.1185628 0.1032566 0.1065842 0.1399045 0.0250691 0.1122997 0.1232564 0.0975150 0.0416767 0.0302705 0.0958380 0.1128281 0.0303184 0.1013856 0.1123595 0.1116080 0.1226982 0.0464844 0.1212369 0.1264902 0.1420001 0.1041457 0.0308711 0.0907539 0.0533379 
S0289         0.3884347 0.4424741 0.0973148 0.0000010 0.1236764 0.1796920 0.0953930 0.1193242 0.0868531 0.1538529 0.0977258 0.0000000 0.0976768 0.1122766 0.1194147 0.0000010 0.1171619 0.1034865 0.1157747 0.0704974 0.1225723 0.1041328 0.1112985 0.1637630 0.1029426 0.1163558 0.1093889 0.1232758 0.1093962 0.0631048 0.1247186 0.0975628 0.0640528 0.0647317 0.0765424 0.1023119 0.1245093 0.1311310 0.1107372 0.2095717 0.1024349 0.1166765 0.1186407 0.1207142 0.1254209 0.1320756 0.1120224 0.1223092 0.0910563 0.1314430 0.1159236 0.0712285 0.0942462 0.1164810 0.1116626 0.0892578 0.0762354 0.1643391 0.0873261 0.0856208 0.1093897 0.1050328 0.2158727 0.1141714 0.2295133 0.0848940 0.1484672 0.0891871 0.1103284 0.0971525 0.1263869 0.1391111 0.0941375 0.0519293 0.0712105 0.0846145 0.1090616 0.0818007 0.0887056 0.1221398 0.1039573 0.1039562 0.1333308 0.0884848 0.1401998 0.1104317 0.1167912 0.1160670 0.0975628 0.0569906 0.1099006 0.0963114 0.0482176 0.1222260 0.1270912 0.0758291 0.1569945 0.0586622 0.1263869 0.1184034 0.0975628 
S0292         0.3165594 0.4042001 0.0926393 0.0000010 0.1127660 0.1265498 0.0974139 0.1014462 0.0967261 0.1500541 0.1132560 0.0976768 0.0000000 0.1012310 0.1081808 0.0000010 0.0996087 0.0990996 0.1115897 0.0968905 0.1117575 0.0932431 0.0931648 0.1605828 0.0921577 0.1166875 0.1127342 0.1123872 0.1051339 0.1035389 0.1137346 0.0867028 0.1109166 0.0906726 0.1168993 0.0918847 0.0732891 0.1172459 0.1061593 0.2172881 0.0857985 0.0991941 0.0997630 0.1026451 0.1143928 0.0921104 0.0943359 0.1109815 0.0910772 0.1665496 0.0856414 0.0659045 0.0837041 0.1191114 0.1006778 0.0664545 0.0365081 0.1456242 0.0596504 0.0939513 0.0985350 0.1073562 0.2105864 0.0961503 0.2202389 0.0482400 0.1373144 0.0730397 0.0994410 0.0717674 0.1080893 0.1280696 0.0714106 0.0607558 0.0658885 0.0791876 0.1048047 0.0835104 0.0931040 0.1046569 0.0930840 0.0995925 0.1222430 0.0203169 0.1079013 0.0995481 0.1059088 0.0551865 0.0867028 0.0999631 0.0312162 0.0255312 0.0953579 0.1114232 0.1089919 0.0987057 0.1383732 0.0968127 0.1080893 0.1281025 0.0804008 
S0293         0.3422184 0.3946145 0.1013661 0.0000010 0.0484846 0.1564187 0.0533597 0.1014901 0.0923920 0.1121514 0.0201936 0.1122766 0.1012310 0.0000000 0.0371697 0.0000010 0.1085910 0.1007383 0.0869912 0.0914851 0.1051773 0.0049420 0.0202836 0.0928177 0.0492864 0.1182510 0.1123404 0.0660305 0.0876389 0.0992508 0.0308346 0.0099461 0.0906561 0.0991757 0.1120644 0.0791894 0.0210939 0.1033354 0.1017536 0.1462956 0.0595368 0.1081278 0.0256531 0.1026902 0.0203852 0.0880573 0.0943792 0.1118421 0.0844262 0.1614827 0.0871031 0.0870067 0.0919014 0.0941069 0.0741127 0.0857250 0.0770938 0.1366332 0.0847807 0.0823487 0.0995571 0.0949988 0.1311218 0.0889919 0.1483228 0.0749689 0.1172382 0.1129464 0.0424671 0.1009512 0.0205454 0.0418358 0.0791566 0.0738135 0.0869820 0.1016295 0.0933517 0.0916818 0.0816184 0.1063714 0.0150114 0.0872258 0.1108947 0.0859457 0.0312065 0.0201405 0.0844621 0.1008710 0.0201726 0.0807761 0.1004396 0.0997633 0.1103847 0.0360876 0.0955015 0.1143782 0.1295726 0.1055207 0.0205454 0.0850819 0.0426128 
S0294         0.3370829 0.4267921 0.1009490 0.0000010 0.0672468 0.1730293 0.0721296 0.1022304 0.1057490 0.1276352 0.0478772 0.1194147 0.1081808 0.0371697 0.0000000 0.0000010 0.1214622 0.1133980 0.0804047 0.0916499 0.1278548 0.0312278 0.0368744 0.1301582 0.0669017 0.1194870 0.1065486 0.0858969 0.0869455 0.0995422 0.0480620 0.0258180 0.0994643 0.1060835 0.1198847 0.0920309 0.0566253 0.0973801 0.1070945 0.1798321 0.0788204 0.1060113 0.0426529 0.1034476 0.0370777 0.1029642 0.0950599 0.1341927 0.0852019 0.1630094 0.0933344 0.0937440 0.0921609 0.1010572 0.0799304 0.0988154 0.0770938 0.1367437 0.0850105 0.1020337 0.1132215 0.1020411 0.1633462 0.0896366 0.1823264 0.0728286 0.1318690 0.1131858 0.0607115 0.1148179 0.0423850 0.0598004 0.0855540 0.0866037 0.0937164 0.1087288 0.0996454 0.0918476 0.0949339 0.1195583 0.0311771 0.0995228 0.1253922 0.0924895 0.0536662 0.0366062 0.1055169 0.1077783 0.0366659 0.0929427 0.1073203 0.1065942 0.1101519 0.0418301 0.1098419 0.1286391 0.1296619 0.1125333 0.0423850 0.0992221 0.0541908 
S0299         0.0000010 0.0000010 0.0000010 0.0000010 0.0000010 0.0000010 0.0000010 0.0000010 0.0000010 0.0000010 0.0000010 0.0000010 0.0000010 0.0000010 0.0000010 0.0000000 0.0000010 0.0000010 0.0000010 0.0000010 0.0000010 0.0000010 0.0000010 0.0000010 0.0000010 0.0000010 0.0000010 0.0000010 0.0000010 0.0000010 0.0000010 0.0000010 0.0000010 0.0000010 0.0000010 0.0000010 0.0000010 0.0000010 0.0000010 0.0000010 0.0000010 0.0000010 0.0000010 0.0000010 0.0000010 0.0000010 0.0000010 0.0000010 0.0000010 0.0000010 0.0000010 0.0000010 0.0000010 0.0000010 0.0000010 0.0000010 0.0000010 0.0000010 0.0000010 0.0000010 0.0000010 0.0000010 0.0000010 0.0000010 0.0000010 0.0000010 0.0000010 0.0000010 0.0000010 0.0000010 0.0000010 0.0000010 0.0000010 0.0000010 0.0000010 0.0000010 0.0000010 0.0000010 0.0000010 0.0000010 0.0000010 0.0000010 0.0000010 0.0000010 0.0000010 0.0000010 0.0000010 0.0000010 0.0000010 0.0000010 0.0000010 0.0000010 0.0000010 0.0000010 0.0000010 0.0000010 0.0000010 0.0000010 0.0000010 0.0000010 0.0000010 
S0303         0.2864146 0.3945762 0.1268199 0.0000010 0.1342423 0.1626318 0.0980160 0.0707397 0.0899587 0.1326032 0.1348213 0.1171619 0.0996087 0.1085910 0.1214622 0.0000010 0.0000000 0.0786448 0.0303775 0.0838905 0.1246233 0.1138278 0.1144837 0.1795352 0.1124942 0.0880820 0.1298891 0.1111862 0.0595309 0.1107307 0.1354024 0.1069524 0.1183017 0.0714302 0.1108775 0.0973334 0.1136838 0.1237241 0.0305441 0.2127433 0.0858423 0.0099198 0.1290979 0.0845987 0.1361782 0.0887672 0.0771807 0.1316761 0.0974225 0.1452560 0.0537314 0.0789547 0.0894929 0.0529185 0.1217698 0.1112282 0.1288271 0.1045779 0.0713383 0.0309963 0.1330823 0.1288292 0.1951516 0.0785725 0.2156716 0.0461233 0.1454706 0.1045788 0.1202900 0.0918150 0.1372492 0.1505058 0.0903596 0.0977429 0.0793391 0.0793170 0.0198481 0.0831611 0.0670984 0.0363064 0.1136308 0.0601503 0.1278937 0.0846004 0.1443508 0.1135685 0.1060482 0.1125735 0.1069524 0.0906616 0.0977969 0.0981862 0.0790934 0.1326234 0.0780555 0.0982115 0.0981353 0.0974081 0.1372492 0.1191108 0.1069524 
S0308         0.3224810 0.4464394 0.1261934 0.0000010 0.1335670 0.1635482 0.0911784 0.1207651 0.1164077 0.1389086 0.1341403 0.1034865 0.0990996 0.1007383 0.1133980 0.0000010 0.0786448 0.0000000 0.0713161 0.1100017 0.1257727 0.1132770 0.1207670 0.1817078 0.1119563 0.0786083 0.1386847 0.1331325 0.0654750 0.1162354 0.1347154 0.1064436 0.1104915 0.0908228 0.0973576 0.1183331 0.1297854 0.1310201 0.0717353 0.2372055 0.1113958 0.0783296 0.1284473 0.1221870 0.1277413 0.1191147 0.1133646 0.1248142 0.1037916 0.1442811 0.0657684 0.0790109 0.0958727 0.0897708 0.1115314 0.0976225 0.0365081 0.1549936 0.0766366 0.0674901 0.1186109 0.1198567 0.2188888 0.1155643 0.2404390 0.0729284 0.1595516 0.1172891 0.1197009 0.1120847 0.1223248 0.1497178 0.1026299 0.0846320 0.0728796 0.0930192 0.0715700 0.0961834 0.0668711 0.0836587 0.1130820 0.0664410 0.1358262 0.0907293 0.1363000 0.1198033 0.1127438 0.1119866 0.1064436 0.0676634 0.1186064 0.1045069 0.0991762 0.1254141 0.1147001 0.1255447 0.1478217 0.0843706 0.1223248 0.1253372 0.1064436 
S0322         0.3053340 0.3942020 0.1117095 0.0000010 0.1114615 0.1759414 0.0837982 0.0702916 0.0889230 0.1235302 0.1119414 0.1157747 0.1115897 0.0869912 0.0804047 0.0000010 0.0303775 0.0713161 0.0000000 0.0963465 0.1158663 0.0921813 0.0991838 0.1649780 0.0980061 0.0753944 0.1020521 0.1159383 0.0475057 0.0965463 0.1124098 0.0857213 0.0839219 0.0706207 0.0966581 0.0961963 0.0969473 0.0943957 0.0198749 0.1923223 0.0907012 0.0302661 0.1063587 0.0710661 0.0997244 0.0863183 0.0641479 0.1300259 0.0825723 0.1194837 0.0310081 0.0784367 0.0763434 0.0251539 0.0992372 0.1099085 0.1254515 0.1162503 0.0705309 0.0420706 0.1245198 0.1134704 0.1756526 0.0652696 0.1949427 0.0582538 0.1292490 0.1164507 0.0983033 0.0970843 0.1139373 0.1265549 0.0770328 0.0840226 0.0784158 0.0923382 0.0198343 0.0702443 0.0545083 0.0468259 0.0920248 0.0479634 0.1194096 0.0961095 0.1206471 0.0984094 0.1180490 0.1111768 0.0985770 0.0790021 0.1107191 0.1099874 0.0781322 0.1041461 0.0648626 0.1112071 0.1097189 0.0962700 0.1139373 0.1104318 0.0985770 
S0327         0.3086793 0.4365777 0.0972922 0.0000010 0.1025994 0.1755545 0.0820671 0.0981994 0.0638646 0.1309930 0.1030354 0.0704974 0.0968905 0.0914851 0.0916499 0.0000010 0.0838905 0.1100017 0.0963465 0.0000000 0.1093807 0.0839989 0.0844530 0.1167125 0.0769421 0.1425854 0.1216957 0.1022593 0.1029046 0.0706604 0.1034558 0.0777773 0.0894783 0.0528952 0.1014969 0.0767498 0.0698960 0.1146449 0.0913072 0.2003632 0.0706337 0.0970896 0.0975824 0.1138773 0.1040404 0.0888812 0.1053794 0.1213637 0.0825754 0.1543756 0.0964674 0.0652561 0.0759631 0.0969474 0.1050426 0.0954760 0.1239530 0.1251510 0.0812794 0.0600161 0.1159722 0.1116645 0.1834408 0.1000947 0.2030852 0.0466626 0.1272378 0.0953940 0.0767567 0.0903201 0.1048421 0.1170479 0.0641391 0.0707321 0.0652401 0.0655517 0.0767389 0.0757914 0.0975085 0.1024896 0.0838591 0.0911376 0.1195624 0.0823543 0.1179817 0.0838122 0.1019780 0.1094995 0.0777773 0.0990116 0.0951737 0.0955431 0.0610984 0.1014176 0.1202051 0.0593149 0.1184292 0.0824572 0.1048421 0.1104320 0.0714837 
S0335         0.3373597 0.3800752 0.0826515 0.0000010 0.1033694 0.1849367 0.1012938 0.0977483 0.1091975 0.1207276 0.1169774 0.1225723 0.1117575 0.1051773 0.1278548 0.0000010 0.1246233 0.1257727 0.1158663 0.1093807 0.0000000 0.0972583 0.1042695 0.1788537 0.1038982 0.0993852 0.1240440 0.1161034 0.1166480 0.1228174 0.1174623 0.0908065 0.1208659 0.1019097 0.1291668 0.1176470 0.0976866 0.1117567 0.1177648 0.2083245 0.0956759 0.1241017 0.1114522 0.0901939 0.1181247 0.0890661 0.0909333 0.1392852 0.0868117 0.1622397 0.1160153 0.0974376 0.0824785 0.1233253 0.1068447 0.1100740 0.0365081 0.1399930 0.0826326 0.1055715 0.0980933 0.0923429 0.1916177 0.0926185 0.2110699 0.1044280 0.1354742 0.0812954 0.0969368 0.0908499 0.1190348 0.1178855 0.0894726 0.0967605 0.0974091 0.1030085 0.1091498 0.1072227 0.1051843 0.1296118 0.0970951 0.1165973 0.0597165 0.0837404 0.1326218 0.1034633 0.1034652 0.1180876 0.0908065 0.0872117 0.1108856 0.0971515 0.1128990 0.0972862 0.1049706 0.1248075 0.1330488 0.1158295 0.1190348 0.1099774 0.0908065 
S0400         0.3496936 0.4024219 0.0933837 0.0000010 0.0422393 0.1632213 0.0470782 0.0934873 0.0848142 0.1112673 0.0148570 0.1041328 0.0932431 0.0049420 0.0312278 0.0000010 0.1138278 0.1132770 0.0921813 0.0839989 0.0972583 0.0000000 0.0149222 0.0991123 0.0429333 0.1151855 0.1041858 0.0593083 0.0928579 0.0914643 0.0252003 0.0048794 0.0899181 0.0913918 0.1105365 0.0720311 0.0103763 0.0951626 0.1069934 0.1525721 0.0530480 0.1133460 0.0201267 0.0945767 0.0149961 0.0741089 0.0866133 0.1105584 0.0766947 0.1577301 0.0922992 0.0795099 0.0843736 0.0993148 0.0670019 0.0783624 0.0770938 0.1275868 0.0775096 0.0876385 0.0917335 0.0871677 0.1372967 0.0812921 0.1546667 0.0613553 0.1086812 0.1047455 0.0364279 0.0929993 0.0151129 0.0358924 0.0719942 0.0667390 0.0794892 0.0936143 0.0985330 0.0841762 0.0868648 0.1189302 0.0098181 0.0924374 0.1024805 0.0785563 0.0255015 0.0148185 0.0772238 0.0929328 0.0148418 0.0900337 0.0925359 0.0919231 0.1020140 0.0303363 0.1007695 0.1060627 0.1207295 0.0975703 0.0151129 0.0844359 0.0365548 
S0405         0.3529531 0.3831039 0.1004747 0.0000010 0.0480947 0.1720149 0.0417572 0.0940139 0.0916016 0.1186152 0.0304847 0.1112985 0.0931648 0.0202836 0.0368744 0.0000010 0.1144837 0.1207670 0.0991838 0.0844530 0.1042695 0.0149222 0.0000000 0.1133386 0.0605960 0.1299351 0.1113605 0.0654895 0.0999145 0.0983949 0.0305973 0.0098718 0.0967336 0.0983204 0.1178332 0.0785250 0.0210284 0.1024099 0.1143853 0.1765914 0.0532871 0.1208470 0.0254559 0.1017757 0.0307720 0.0741089 0.0935563 0.1181969 0.0836722 0.1719333 0.0993121 0.0862592 0.0911194 0.1064923 0.0734857 0.0849990 0.1208128 0.1144637 0.0840695 0.0881322 0.0986949 0.0941648 0.1604525 0.0882109 0.1790069 0.0613553 0.1161787 0.1119573 0.0421300 0.0870143 0.0310105 0.0415086 0.0784919 0.0731917 0.0862349 0.0941423 0.0990842 0.0909035 0.0938292 0.1264848 0.0148987 0.0994756 0.1098928 0.0784908 0.0418656 0.0098563 0.0776793 0.0999875 0.0200205 0.1022525 0.0865662 0.0988984 0.1026591 0.0358098 0.1080630 0.0935028 0.1077414 0.1046070 0.0310105 0.0911904 0.0422740 
S0412sl       0.3489564 0.4607327 0.1312952 0.0000010 0.1484525 0.2072606 0.1100431 0.1507595 0.1628361 0.1790066 0.1192249 0.1637630 0.1605828 0.0928177 0.1301582 0.0000010 0.1795352 0.1817078 0.1649780 0.1167125 0.1788537 0.0991123 0.1133386 0.0000000 0.1066789 0.2892102 0.1527714 0.1462488 0.1909963 0.1554756 0.1197275 0.1056162 0.1444910 0.1460961 0.1717672 0.1122296 0.0700365 0.1797633 0.1834654 0.2004390 0.1163311 0.1908082 0.1136073 0.1628647 0.1129954 0.1033033 0.1525598 0.1776660 0.1511824 0.2664160 0.1577898 0.1502885 0.1632132 0.1737478 0.1536264 0.1560547 0.1306593 0.2057732 0.1543132 0.1585844 0.1729519 0.1690359 0.1835251 0.1395724 0.2031600 0.0887191 0.1702706 0.1728721 0.1053302 0.1681567 0.1141017 0.1342023 0.1259087 0.1349743 0.1510908 0.1576023 0.1621129 0.1197738 0.1451181 0.1710500 0.1122006 0.1749409 0.2051813 0.1418928 0.1277466 0.0992075 0.1449605 0.1598018 0.1190711 0.1986704 0.1491619 0.1580547 0.1541069 0.1261468 0.1698216 0.1481268 0.1978106 0.1567375 0.1141017 0.1541624 0.1119590 
S0427         0.3343214 0.4147930 0.0720231 0.0000010 0.0851679 0.1444138 0.0588862 0.1077458 0.0963696 0.1257245 0.0603108 0.1029426 0.0921577 0.0492864 0.0669017 0.0000010 0.1124942 0.1119563 0.0980061 0.0769421 0.1038982 0.0429333 0.0605960 0.1066789 0.0000000 0.1480532 0.1100395 0.0839512 0.1047260 0.0904179 0.0725800 0.0486011 0.0974262 0.0903464 0.1033170 0.0594405 0.0447128 0.1023200 0.1057427 0.1644362 0.0651562 0.1120229 0.0669112 0.1016868 0.0609026 0.0886585 0.1005530 0.1092349 0.0760090 0.1720320 0.0981315 0.0785952 0.0834154 0.1052167 0.0736797 0.0774719 0.0770938 0.1431659 0.0766367 0.0866091 0.0906803 0.0798896 0.1412901 0.0951938 0.1585757 0.0465560 0.0941542 0.0963499 0.0600492 0.0919202 0.0613847 0.0783738 0.0711786 0.0659774 0.0785742 0.0856776 0.1043995 0.0832223 0.0858537 0.1175520 0.0543342 0.0992112 0.0938775 0.0776611 0.0734519 0.0601408 0.0903524 0.0918560 0.0602410 0.1023042 0.0914659 0.0908662 0.1008072 0.0647103 0.1153853 0.1048336 0.1360582 0.0839298 0.0613847 0.0979997 0.0533581 
S0428sl       0.5011627 0.5658644 0.1317016 0.0000010 0.1009876 0.1819160 0.1276015 0.1031372 0.1440140 0.1021756 0.1151855 0.1163558 0.1166875 0.1182510 0.1194870 0.0000010 0.0880820 0.0786083 0.0753944 0.1425854 0.0993852 0.1151855 0.1299351 0.2892102 0.1480532 0.0000000 0.1191970 0.1024261 0.0763080 0.1451427 0.1283534 0.1020038 0.1296102 0.0891925 0.1145680 0.1611791 0.3810364 0.0659202 0.0636205 0.2127595 0.1291880 0.0882692 0.1301497 0.0895774 0.1313073 0.0000010 0.0895774 0.1571067 0.0545199 0.1019463 0.0770906 0.0777018 0.0872369 0.0996438 0.1341011 0.0925413 0.0768821 0.0876094 0.0883532 0.0523663 0.1205231 0.1360068 0.1974837 0.0916878 0.1974837 0.0000010 0.1677118 0.1012373 0.1030908 0.0903116 0.1477256 0.1568564 0.1283817 0.0787097 0.0777018 0.0908987 0.0641098 0.0878009 0.0812147 0.1017502 0.1020038 0.0530636 0.1445006 0.1436985 0.1768661 0.1279197 0.1301664 0.1299343 0.0892244 0.0883480 0.1725611 0.1417082 0.0917106 0.1413720 0.1043933 0.1645028 0.0876094 0.1018001 0.1477256 0.0894979 0.0919354 
S0552sl       0.3471462 0.4259865 0.1254313 0.0000010 0.1391404 0.1672598 0.1081656 0.1187963 0.1214938 0.1631996 0.1108666 0.1093889 0.1127342 0.1123404 0.1065486 0.0000010 0.1298891 0.1386847 0.1020521 0.1216957 0.1240440 0.1041858 0.1113605 0.1527714 0.1100395 0.1191970 0.0000000 0.1088291 0.1185974 0.1023156 0.1180286 0.0976083 0.1022874 0.1075038 0.1230800 0.1088694 0.1217233 0.1332294 0.1097025 0.2156668 0.0953661 0.1293464 0.1187127 0.1201777 0.1047798 0.1141012 0.1115194 0.0788077 0.1063754 0.1879177 0.1237713 0.1104535 0.0895377 0.1151950 0.0845573 0.0589674 0.0799215 0.1550702 0.0826259 0.1184082 0.0765694 0.0660589 0.2053943 0.1136531 0.2185806 0.1112329 0.1186699 0.1039992 0.1103889 0.0988050 0.1264701 0.1253062 0.1076712 0.0967649 0.1104192 0.1257844 0.1024228 0.1282064 0.0991700 0.1440354 0.1040100 0.1383926 0.1428665 0.1091217 0.1403038 0.0974863 0.1239099 0.1249151 0.0976083 0.0931190 0.1247064 0.1104661 0.1051500 0.0903973 0.1265372 0.1307069 0.1478851 0.1158541 0.1264701 0.1252806 0.0849328 
S0558         0.3476571 0.4091762 0.1261882 0.0000010 0.0900325 0.1856613 0.0753055 0.1108875 0.1032684 0.1381404 0.0771433 0.1232758 0.1123872 0.0660305 0.0858969 0.0000010 0.1111862 0.1331325 0.1159383 0.1022593 0.1161034 0.0593083 0.0654895 0.1462488 0.0839512 0.1024261 0.1088291 0.0000000 0.1119006 0.1101892 0.0774491 0.0534932 0.1215497 0.0971389 0.1299257 0.0899059 0.0556974 0.1217217 0.1178445 0.1983358 0.0357476 0.1107248 0.0718153 0.1121644 0.0778900 0.1009556 0.1038084 0.1308449 0.0887299 0.1718538 0.1247829 0.0979509 0.1027220 0.1234252 0.0979985 0.0965167 0.0365081 0.1385427 0.0954713 0.0984405 0.1172536 0.1129192 0.1815908 0.0985817 0.1933774 0.0877310 0.1335327 0.1105676 0.0648803 0.1120649 0.0784929 0.0901086 0.1026027 0.0972652 0.0979221 0.1128088 0.1032375 0.1155366 0.1057618 0.1249104 0.0592111 0.1268892 0.1294071 0.0967705 0.0908480 0.0650033 0.0827256 0.1187650 0.0534932 0.1009503 0.1250728 0.1107617 0.1129621 0.0832382 0.1184091 0.1255388 0.1316564 0.1164787 0.0656519 0.1028078 0.0650816 
S0616         0.3201262 0.4357655 0.1186749 0.0000010 0.1122763 0.1620934 0.0970145 0.0988138 0.0963327 0.1243696 0.1127622 0.1093962 0.1051339 0.0876389 0.0869455 0.0000010 0.0595309 0.0654750 0.0475057 0.1029046 0.1166480 0.0928579 0.0999145 0.1909963 0.1047260 0.0763080 0.1185974 0.1119006 0.0000000 0.0903807 0.1132369 0.0863507 0.1104437 0.0710936 0.1032360 0.1110004 0.1147646 0.1018334 0.0477763 0.2020149 0.1042019 0.0592997 0.1071457 0.0999537 0.1004633 0.1039726 0.0919136 0.1248164 0.0831630 0.1313262 0.0589337 0.0724370 0.0705086 0.0774258 0.1060525 0.1035604 0.0768821 0.1334405 0.0647548 0.0487464 0.1186120 0.1075255 0.1849314 0.0936356 0.2047765 0.0597044 0.1512387 0.0970808 0.1122711 0.0908794 0.1147840 0.1274873 0.0823537 0.0904306 0.0724183 0.0860943 0.0530546 0.0763208 0.0370254 0.0644899 0.0927001 0.0531676 0.1062104 0.0899661 0.1285156 0.0991305 0.1188588 0.1181078 0.0863507 0.0671146 0.1176257 0.1036345 0.0862564 0.1109457 0.0929798 0.1180782 0.1265454 0.0901178 0.1147840 0.1111852 0.0992564 
S0624         0.3535633 0.4287750 0.1105409 0.0000010 0.1105550 0.1800818 0.1083207 0.1264228 0.0466271 0.1614680 0.0979620 0.0631048 0.1035389 0.0992508 0.0995422 0.0000010 0.1107307 0.1162354 0.0965463 0.0706604 0.1228174 0.0914643 0.0983949 0.1554756 0.0904179 0.1451427 0.1023156 0.1101892 0.0903807 0.0000000 0.1114877 0.0850664 0.0527513 0.0704065 0.0766873 0.0775371 0.0959560 0.1162127 0.0912490 0.2174371 0.0899684 0.1102738 0.1054939 0.1279009 0.0989280 0.1160851 0.1189788 0.1147082 0.0838463 0.1567150 0.1095627 0.0835265 0.0821775 0.1095943 0.1044318 0.0894298 0.0762354 0.1634248 0.0755157 0.0921013 0.1096066 0.0987545 0.1999404 0.1212802 0.2203829 0.0459451 0.1344780 0.1148673 0.1105487 0.1032597 0.1129913 0.1254807 0.0820808 0.0520003 0.0713454 0.0974775 0.1027913 0.0819550 0.0766809 0.1157219 0.0913103 0.1042211 0.1063177 0.0886540 0.1264812 0.0976334 0.1305575 0.1162982 0.0850664 0.1006107 0.1158287 0.1020854 0.0586422 0.1092637 0.1343490 0.0527855 0.1561121 0.0587705 0.1129913 0.1394471 0.0977556 
S0641         0.3627857 0.4169829 0.1003981 0.0000010 0.0595811 0.1768075 0.0643764 0.1005187 0.1044869 0.1051211 0.0411894 0.1247186 0.1137346 0.0308346 0.0480620 0.0000010 0.1354024 0.1347154 0.1124098 0.1034558 0.1174623 0.0252003 0.0305973 0.1197275 0.0725800 0.1283534 0.1180286 0.0774491 0.1132369 0.1114877 0.0000000 0.0200048 0.1096266 0.1114111 0.1314444 0.0909655 0.0323931 0.1160709 0.1282060 0.1924511 0.0707395 0.1348164 0.0361168 0.1016974 0.0415781 0.0749794 0.0934852 0.1324421 0.0901785 0.1700829 0.1125574 0.0991201 0.1039285 0.1199844 0.0859545 0.0912756 0.0369045 0.1352879 0.0965873 0.1080178 0.1118461 0.1074296 0.1757885 0.0815936 0.1950713 0.0898024 0.1227108 0.1254584 0.0533701 0.0860269 0.0418985 0.0414777 0.0909430 0.0856023 0.0990905 0.1141632 0.1190611 0.1036787 0.1070326 0.1405030 0.0251605 0.1127719 0.1237904 0.0979144 0.0530312 0.0303815 0.0962241 0.0988472 0.0200048 0.1011604 0.1128308 0.1120733 0.1232277 0.0466586 0.1079802 0.1270264 0.1283027 0.1178455 0.0418985 0.0911225 0.0535436 
S0643         0.3386260 0.3903456 0.0868461 0.0000010 0.0366710 0.1553885 0.0415241 0.0869351 0.0785259 0.1045564 0.0199324 0.0975628 0.0867028 0.0099461 0.0258180 0.0000010 0.1069524 0.1064436 0.0857213 0.0777773 0.0908065 0.0048794 0.0098718 0.1056162 0.0486011 0.1020038 0.0976083 0.0534932 0.0863507 0.0850664 0.0200048 0.0000000 0.0836215 0.0849958 0.1038699 0.0659684 0.0103763 0.0884891 0.1002289 0.1599836 0.0473719 0.1065035 0.0149788 0.0879451 0.0201193 0.0741089 0.0801883 0.1035803 0.0702059 0.1452132 0.0858301 0.0732394 0.0781216 0.0927177 0.0609323 0.0721900 0.0770938 0.1205192 0.0714049 0.0811298 0.0853091 0.0806956 0.1444765 0.0748721 0.1621725 0.0613553 0.1018244 0.0981355 0.0309831 0.0864835 0.0202755 0.0305268 0.0659289 0.0606970 0.0732208 0.0870533 0.0919820 0.0779404 0.0804202 0.1120584 0.0048718 0.0859472 0.0956801 0.0723642 0.0307914 0.0098039 0.0711434 0.0864268 0.0098193 0.0789140 0.0860531 0.0854865 0.0952439 0.0250861 0.0940730 0.0993731 0.1137588 0.0910962 0.0202755 0.0781765 0.0310934 
S0645sl       0.3459234 0.4130481 0.0979260 0.0000010 0.1087200 0.1730862 0.0817834 0.1175428 0.0644190 0.1589238 0.0837579 0.0640528 0.1109166 0.0906561 0.0994643 0.0000010 0.1183017 0.1104915 0.0839219 0.0894783 0.1208659 0.0899181 0.0967336 0.1444910 0.0974262 0.1296102 0.1022874 0.1215497 0.1104437 0.0527513 0.1096266 0.0836215 0.0000000 0.0891486 0.0829122 0.0971301 0.1073147 0.1073567 0.0983726 0.2154292 0.0885029 0.1178070 0.1037151 0.1188980 0.0972521 0.1281944 0.1103469 0.1225758 0.0888599 0.1551367 0.0965885 0.0967024 0.0889068 0.0966201 0.0986427 0.0963937 0.0770938 0.1608274 0.0820495 0.0993111 0.1103899 0.0994647 0.1980974 0.1124384 0.2183321 0.0732748 0.1284399 0.1223845 0.0958908 0.1106044 0.1110895 0.1234026 0.0765977 0.0527603 0.0840791 0.1113295 0.1027638 0.0886629 0.0902429 0.1087318 0.0897685 0.0984368 0.1346050 0.0955509 0.1243784 0.0959949 0.1151444 0.1105100 0.0961550 0.0787375 0.1100570 0.1093337 0.0911241 0.1092008 0.1251954 0.0771288 0.1536173 0.0711239 0.1110895 0.1234281 0.0961550 
S0656sl       0.3363117 0.4215081 0.0974752 0.0000010 0.1104791 0.1585907 0.0831043 0.0919061 0.0760707 0.1170328 0.1109511 0.0647317 0.0906726 0.0991757 0.1060835 0.0000010 0.0714302 0.0908228 0.0706207 0.0528952 0.1019097 0.0913918 0.0983204 0.1460961 0.0903464 0.0891925 0.1075038 0.0971389 0.0710936 0.0704065 0.1114111 0.0849958 0.0891486 0.0000000 0.0829393 0.0896177 0.0700365 0.1080514 0.0656470 0.1892727 0.0711611 0.0711493 0.1054178 0.0929601 0.1120444 0.0740422 0.0851617 0.1066138 0.0762811 0.1072799 0.0707062 0.0480136 0.0694584 0.0831414 0.0926803 0.0836230 0.0762354 0.1337966 0.0637942 0.0487761 0.1035623 0.0991328 0.1729122 0.0867391 0.1918207 0.0340603 0.1204809 0.0892881 0.0974543 0.0772095 0.1129138 0.1254029 0.0756334 0.0649475 0.0480038 0.0604104 0.0646314 0.0466753 0.0602178 0.0763888 0.0912379 0.0592465 0.1045143 0.0764450 0.1264030 0.0975596 0.1037805 0.1031486 0.0849958 0.0572817 0.1027239 0.0894217 0.0490954 0.1091886 0.0990465 0.0715550 0.1268948 0.0647105 0.1129138 0.1040782 0.0849958 
S0673         0.3714834 0.4828945 0.1218071 0.0000010 0.1303442 0.1882255 0.0768027 0.1260334 0.1012704 0.1450510 0.1173085 0.0765424 0.1168993 0.1120644 0.1198847 0.0000010 0.1108775 0.0973576 0.0966581 0.1014969 0.1291668 0.1105365 0.1178332 0.1717672 0.1033170 0.1145680 0.1230800 0.1299257 0.1032360 0.0766873 0.1314444 0.1038699 0.0829122 0.0829393 0.0000000 0.0965642 0.0957518 0.1298911 0.1045114 0.2426595 0.1087341 0.1104190 0.1172099 0.1275058 0.1321827 0.1013690 0.1186005 0.1272819 0.0895847 0.1429169 0.0967800 0.0521812 0.0945721 0.1102407 0.1256571 0.1021805 0.0790549 0.1718029 0.0876180 0.0922980 0.1231015 0.1188434 0.2243026 0.1208923 0.2459404 0.0463296 0.1638484 0.1150216 0.1168096 0.1093942 0.1331993 0.1460716 0.1070652 0.0827802 0.0411493 0.0644344 0.0901966 0.0760718 0.0911237 0.1158797 0.1103498 0.1109229 0.1262409 0.1012902 0.1472068 0.1169112 0.0970581 0.1299805 0.1038699 0.0890457 0.1294646 0.1022528 0.0990272 0.1226976 0.1268752 0.1030214 0.1643492 0.0147754 0.1331993 0.1390453 0.1038699 
S0689         0.3532088 0.4417034 0.1116468 0.0000010 0.1041061 0.1606501 0.0763055 0.1051675 0.0762315 0.1399700 0.0905987 0.1023119 0.0918847 0.0791894 0.0920309 0.0000010 0.0973334 0.1183331 0.0961963 0.0767498 0.1176470 0.0720311 0.0785250 0.1122296 0.0594405 0.1611791 0.1088694 0.0899059 0.1110004 0.0775371 0.0909655 0.0659684 0.0971301 0.0896177 0.0965642 0.0000000 0.0448679 0.1233976 0.0909092 0.2009673 0.0591418 0.0969371 0.0851728 0.1063833 0.0914844 0.0889929 0.0981537 0.1080237 0.0971774 0.1968977 0.0978870 0.0845472 0.0893348 0.1032630 0.0923547 0.0833342 0.0824326 0.1500091 0.0824378 0.0927611 0.1032079 0.0987862 0.1840099 0.0928940 0.2036996 0.0467241 0.1138576 0.1097362 0.0657630 0.0980614 0.0921949 0.1041837 0.0769931 0.0775815 0.0845239 0.0987035 0.0897654 0.1017225 0.0853077 0.1023289 0.0719113 0.1122757 0.1144804 0.0774318 0.0923511 0.0779304 0.0963810 0.1045366 0.0659684 0.1130076 0.1041020 0.0906001 0.1001665 0.0891767 0.1126125 0.0913292 0.1428287 0.0775267 0.0921949 0.1041859 0.0659684 
S0690         0.2129555 0.3182157 0.1142081 0.0000010 0.0330938 0.1196168 0.0323480 0.0971585 0.0828243 0.0960715 0.0320577 0.1245093 0.0732891 0.0210939 0.0566253 0.0000010 0.1136838 0.1297854 0.0969473 0.0698960 0.0976866 0.0103763 0.0210284 0.0700365 0.0447128 0.3810364 0.1217233 0.0556974 0.1147646 0.0959560 0.0323931 0.0103763 0.1073147 0.0700365 0.0957518 0.0448679 0.0000000 0.1490256 0.1149763 0.1976903 0.0324510 0.0985072 0.0210284 0.0995434 0.0320345 0.0749502 0.0829005 0.1023124 0.1056537 0.5449595 0.0845249 0.0697980 0.0834599 0.0982169 0.0862336 0.0956208 0.2764990 0.1778146 0.0697906 0.0871387 0.1102958 0.1140407 0.1780736 0.0700977 0.2203472 0.0613553 0.1465538 0.1141009 0.0439082 0.1123430 0.0210284 0.0324916 0.0452855 0.0830466 0.0705041 0.0990856 0.0980582 0.0825450 0.0970440 0.0985072 0.0210237 0.1154027 0.1027953 0.0452855 0.0210284 0.0210284 0.0572150 0.0864563 0.0210939 0.1611704 0.0866953 0.0724585 0.0996285 0.0322905 0.0964085 0.0970475 0.1618190 0.0825389 0.0210284 0.1104040 0.0320577 
S0720         0.3238985 0.3934555 0.1231112 0.0000010 0.1150675 0.2140896 0.0993767 0.0955741 0.1227548 0.1055878 0.1155745 0.1311310 0.1172459 0.1033354 0.0973801 0.0000010 0.1237241 0.1310201 0.0943957 0.1146449 0.1117567 0.0951626 0.1024099 0.1797633 0.1023200 0.0659202 0.1332294 0.1217217 0.1018334 0.1162127 0.1160709 0.0884891 0.1073567 0.1080514 0.1298911 0.1233976 0.1490256 0.0000000 0.1002671 0.1821573 0.1002191 0.1231854 0.1098388 0.0811754 0.1029822 0.1600067 0.0885407 0.1522639 0.0105721 0.0848448 0.1078624 0.1102637 0.0876457 0.1160418 0.1200029 0.1309865 0.0381173 0.1230511 0.0943293 0.1039742 0.1393714 0.1190875 0.1757306 0.0831238 0.1846256 0.1270036 0.1603227 0.1151155 0.1014794 0.1022786 0.1026216 0.1307007 0.1149176 0.0898874 0.0965389 0.1096013 0.1076768 0.0935500 0.1116326 0.1289155 0.0949967 0.1166214 0.1225489 0.1157337 0.1161749 0.1015881 0.1125393 0.1302419 0.0951626 0.0579188 0.1232018 0.1154843 0.1061497 0.1159175 0.1030290 0.1325055 0.1161405 0.1158798 0.1176874 0.1008848 0.0951626 
S0724sl       0.3115137 0.4260208 0.1198274 0.0000010 0.1271099 0.1701833 0.0979487 0.0831879 0.0837027 0.1318144 0.1276592 0.1107372 0.1061593 0.1017536 0.1070945 0.0000010 0.0305441 0.0717353 0.0198749 0.0913072 0.1177648 0.1069934 0.1143853 0.1834654 0.1057427 0.0636205 0.1097025 0.1178445 0.0477763 0.0912490 0.1282060 0.1002289 0.0983726 0.0656470 0.1045114 0.0909092 0.1149763 0.1002671 0.0000000 0.2045240 0.0922052 0.0304315 0.1219628 0.0841177 0.1150117 0.1177072 0.0767501 0.1243965 0.0901737 0.1193765 0.0534362 0.0733570 0.0711776 0.0416629 0.1070927 0.1045568 0.0790549 0.1243291 0.0653708 0.0367404 0.1260084 0.1148491 0.1872327 0.0781265 0.2073395 0.0720557 0.1380228 0.1113896 0.1133676 0.0917572 0.1299576 0.1430479 0.0840743 0.0912997 0.0733382 0.0871920 0.0303187 0.0772632 0.0492669 0.0470889 0.1068086 0.0598149 0.1208470 0.0908280 0.1369549 0.1134725 0.1200157 0.1192507 0.1002289 0.0681593 0.1187613 0.1046323 0.0730753 0.1255836 0.0776156 0.1058127 0.1176366 0.0912373 0.1299576 0.1184065 0.1002289 
