110
CRNC          0.0000000 0.2161449 0.2546240 0.3628823 0.3071215 0.2459741 0.3017390 0.3821028 0.3514182 0.3089370 0.3535648 0.3413910 0.3279856 0.3367108 0.3370877 0.3679016 0.5721055 0.3557894 0.3551969 0.3039155 0.3029952 0.3017301 0.5397524 0.3929965 0.3173330 0.3821028 0.3131671 0.3122660 0.3725059 0.3383999 0.3399615 0.3665687 0.3560651 0.3247179 0.3226598 0.2943272 0.3465715 0.2683120 0.3637518 0.3316335 0.3208982 0.4015049 0.3556646 0.2665975 0.3517259 0.3203749 0.3076664 0.3399615 0.3787952 0.3161391 0.3766316 0.3993950 0.3307047 0.3502504 0.3366832 0.2911765 0.3729241 0.4372366 0.3584133 0.3445281 0.2961278 0.4009364 0.3492386 0.3312251 0.3704562 0.3531660 0.3895290 0.3961385 0.3658609 0.3011258 0.3588442 0.3778775 0.2963085 0.3192559 0.3602126 0.3254070 0.3555831 0.2920019 0.3458406 0.3853913 0.3205441 0.3553287 0.3304751 0.3580157 0.3169086 0.3230874 0.3716678 0.3586780 0.3580157 0.3095953 0.3423313 0.3678263 0.3270277 0.3182538 0.2952366 0.3091102 0.3161284 0.2991026 0.3154592 0.3126498 0.3151144 0.3339278 0.3225836 0.3809860 0.3290014 0.4044147 0.3671214 0.3018696 0.4201609 0.2975490 
HYZL          0.2161449 0.0000000 0.1273140 0.3633631 0.3017503 0.2280390 0.2786288 0.3472629 0.3013141 0.2959198 0.3260278 0.3023588 0.3170813 0.3343035 0.3295590 0.3865915 0.6259965 0.3304674 0.3886769 0.3474226 0.3149641 0.3145700 0.5030859 0.3959974 0.3023884 0.3472629 0.3302487 0.3016607 0.3928905 0.3314243 0.3500591 0.3667376 0.3736356 0.3039539 0.3084484 0.2957779 0.3240802 0.2792430 0.3652056 0.3071934 0.3972134 0.3882847 0.3258239 0.3105826 0.3886572 0.3189074 0.3033596 0.3500591 0.3560214 0.3142568 0.3296454 0.3862201 0.3626145 0.3422786 0.3380576 0.3358397 0.3845168 0.4039871 0.3140814 0.3490878 0.3774646 0.3687519 0.4330989 0.3331019 0.4330199 0.3473127 0.3609606 0.3692612 0.3155403 0.2035838 0.3131546 0.3753935 0.3100295 0.3697985 0.3249157 0.3441783 0.3186864 0.2875062 0.3210352 0.3439914 0.3152329 0.3397114 0.3214942 0.3949850 0.3264755 0.3067675 0.3612461 0.3946044 0.3949850 0.2970525 0.3192064 0.3612575 0.2899376 0.3042947 0.3064093 0.2918875 0.3052746 0.2832914 0.3223586 0.1960704 0.2791265 0.3204493 0.3193202 0.3462745 0.3294752 0.3726430 0.3474910 0.2986526 0.3790403 0.2921498 
MYZV          0.2546240 0.1273140 0.0000000 0.3705514 0.3317596 0.2968893 0.3021258 0.3249459 0.3381166 0.3167955 0.3547000 0.3266848 0.3162730 0.2977993 0.3282833 0.3892034 0.6589225 0.3558707 0.3696204 0.3523310 0.3283620 0.3196459 0.5470313 0.3535377 0.3157436 0.3249459 0.3199686 0.2939686 0.4191543 0.3301373 0.3495454 0.3591850 0.3946500 0.3173350 0.3239321 0.3088942 0.3302401 0.2856457 0.3482916 0.3283712 0.3628172 0.3792808 0.3203254 0.3174766 0.3982013 0.3240211 0.3104254 0.3495454 0.3332337 0.3338707 0.3342227 0.3772018 0.3818728 0.3190774 0.3366774 0.3524909 0.3940325 0.4344809 0.3251313 0.3829965 0.3579464 0.3241376 0.3504437 0.3466231 0.3978032 0.3726534 0.3701463 0.3762901 0.3099927 0.2471905 0.3154517 0.3932338 0.3073489 0.3220203 0.3749070 0.3730554 0.3130440 0.3075699 0.3511417 0.3673451 0.3286678 0.3301432 0.3136129 0.4045083 0.3399475 0.3410346 0.4333120 0.4041528 0.4045083 0.3282873 0.3219787 0.3684489 0.2998493 0.3175214 0.3196990 0.3065326 0.3349042 0.3207885 0.3158051 0.2853594 0.3024858 0.3266129 0.3496092 0.3240172 0.3345674 0.3274691 0.3377096 0.3118613 0.3335167 0.3209608 
SRR6441723    0.3628823 0.3633631 0.3705514 0.0000000 0.1637417 0.2231661 0.1596783 0.1655580 0.1574546 0.1550528 0.1687525 0.1029034 0.1347553 0.1387185 0.1478331 0.1869951 0.4194975 0.1319381 0.0878936 0.2044398 0.1284730 0.1637991 0.3632545 0.1820620 0.1259692 0.1655580 0.1601986 0.1436060 0.1581473 0.1457453 0.1353156 0.2064562 0.1839564 0.1263267 0.1469861 0.1408644 0.1524440 0.0978415 0.1596207 0.1451390 0.1618096 0.1664753 0.2160635 0.1393491 0.1593746 0.2088480 0.1244240 0.1353156 0.1712927 0.1440508 0.1738563 0.1862434 0.1496515 0.1437333 0.1139125 0.1616584 0.1589896 0.1579517 0.1540403 0.1466901 0.1908603 0.1662351 0.2197967 0.1465994 0.1831160 0.2011692 0.1533079 0.1528057 0.2070304 0.1443733 0.2159224 0.1354807 0.0728627 0.1517225 0.1527561 0.1633385 0.1959806 0.1371616 0.1764121 0.0952292 0.1414954 0.1374064 0.0859111 0.1532106 0.1233433 0.1688075 0.1799696 0.1537982 0.1532106 0.1460761 0.1491465 0.0561690 0.1109866 0.1518252 0.1460043 0.1725217 0.1206211 0.1061665 0.1580289 0.0985474 0.0964311 0.1469598 0.1793681 0.1650130 0.1004248 0.1603502 0.1427768 0.1354607 0.1520490 0.1184781 
ERR2789774    0.3071215 0.3017503 0.3317596 0.1637417 0.0000000 0.2244899 0.0947483 0.0826653 0.0838474 0.0893200 0.0934269 0.1195711 0.0887378 0.0970730 0.0798543 0.1360366 0.3842283 0.0838497 0.1645597 0.1138267 0.0755820 0.0990277 0.2265002 0.1361353 0.0698981 0.0826653 0.1036782 0.1126917 0.1363082 0.0828113 0.1438553 0.1479931 0.1521269 0.0657712 0.0799893 0.0752099 0.0791845 0.0537184 0.0784448 0.0879815 0.0826413 0.0836737 0.1452840 0.0912035 0.1208300 0.0776731 0.0492092 0.1438553 0.0831233 0.0708949 0.0797418 0.0940501 0.1205783 0.0790009 0.0972339 0.0891865 0.1153292 0.1949871 0.1377327 0.1409600 0.1259169 0.0961066 0.1586609 0.0831099 0.1755250 0.1737699 0.1770210 0.1707058 0.1431548 0.0717768 0.1537636 0.1589700 0.1129631 0.1272799 0.1171239 0.1912643 0.1502696 0.0671549 0.1067609 0.1283082 0.0701517 0.0740479 0.1047547 0.1156782 0.1005575 0.1070706 0.1156175 0.1428223 0.1156782 0.0799945 0.1610363 0.1276326 0.1390144 0.0756494 0.0796408 0.0913871 0.1404695 0.0847489 0.0893552 0.0765157 0.1229547 0.0834752 0.0979655 0.0782970 0.0923878 0.1062889 0.0883618 0.0663761 0.1208627 0.0693695 
PAFTOL_019361 0.2459741 0.2280390 0.2968893 0.2231661 0.2244899 0.0000000 0.1947602 0.2358123 0.2052402 0.1725122 0.2149884 0.1831851 0.1883852 0.2014955 0.1925449 0.2301152 0.1569270 0.1741802 0.2232871 0.2238075 0.1729486 0.2101306 0.5274015 0.2188716 0.1763173 0.2358123 0.1816440 0.1235707 0.2104034 0.1824727 0.2012072 0.2655749 0.2600013 0.1817549 0.1746808 0.1748294 0.1873275 0.1255981 0.2207106 0.1933184 0.1663018 0.2595050 0.1896315 0.1837306 0.2035962 0.2502738 0.1661786 0.2012072 0.2378555 0.1794095 0.2949084 0.2517399 0.1989174 0.1961332 0.1917230 0.1841767 0.2025905 0.2735954 0.1921154 0.2138180 0.2204319 0.2513253 0.1683718 0.1753709 0.2036016 0.2243159 0.2988875 0.3072438 0.2143300 0.2334616 0.2071741 0.2479131 0.1575893 0.2032117 0.2118356 0.2749174 0.2172567 0.1616910 0.2015232 0.2099129 0.1985352 0.1957440 0.1165199 0.1935378 0.1932241 0.2078056 0.2307327 0.2031287 0.1935378 0.1731525 0.1916149 0.2008697 0.1886218 0.1842135 0.1670638 0.2201234 0.2062343 0.1963102 0.2017253 0.1818353 0.1571303 0.1984280 0.2032752 0.2269591 0.1831737 0.2635761 0.2046227 0.1663415 0.2604804 0.1748877 
S0055         0.3017390 0.2786288 0.3021258 0.1596783 0.0947483 0.1947602 0.0000000 0.0807519 0.0718426 0.0779072 0.0965399 0.1072171 0.0774345 0.1046011 0.0871901 0.1503565 0.2948529 0.0646263 0.1548487 0.1021996 0.0651963 0.0746477 0.2570103 0.0745937 0.0773077 0.0807519 0.0881008 0.0710571 0.1333044 0.0729462 0.1451280 0.0966410 0.1678339 0.0646033 0.0651298 0.0609713 0.0642546 0.0410412 0.0820483 0.0723538 0.0866117 0.1096603 0.1303159 0.0550935 0.1276137 0.0661515 0.0645831 0.1451280 0.0811891 0.0651209 0.0810653 0.1210554 0.1179759 0.0735999 0.0727928 0.0823048 0.1239291 0.1899035 0.1175421 0.1464214 0.1247584 0.1035263 0.1301358 0.0640617 0.1730683 0.1584971 0.1708651 0.1594357 0.1284438 0.0619809 0.1386169 0.1489500 0.1101882 0.1300920 0.0820089 0.1588734 0.1350048 0.0528919 0.0868403 0.0996737 0.0647929 0.0688163 0.0563021 0.1127402 0.0685233 0.0959034 0.1428362 0.1295163 0.1127402 0.0739369 0.1474532 0.1346254 0.1059092 0.0739885 0.0651583 0.0209948 0.1045551 0.0520778 0.0780109 0.0590182 0.1050971 0.0818729 0.0741691 0.0764957 0.0787561 0.1044719 0.0736286 0.0608097 0.1144213 0.0596119 
S0196sl       0.3821028 0.3472629 0.3249459 0.1655580 0.0826653 0.2358123 0.0807519 0.0000000 0.1200607 0.1027745 0.1149692 0.1329678 0.0933027 0.1064559 0.0968196 0.1231178 0.3463276 0.0874388 0.1606654 0.1289421 0.0895077 0.1038088 0.2645127 0.1203884 0.0913334 0.0000010 0.1070269 0.1252606 0.1275524 0.0912733 0.1504170 0.1572009 0.1488259 0.0785697 0.0839115 0.0890824 0.1061714 0.0638451 0.0749363 0.0867288 0.1046914 0.0390274 0.1540465 0.0916399 0.1221366 0.0781244 0.0670686 0.1504170 0.0066858 0.0934004 0.0204568 0.0473343 0.1077308 0.0793195 0.0910833 0.1064203 0.1132589 0.2012542 0.1334675 0.1520419 0.1509177 0.0542216 0.1669547 0.0788850 0.1536799 0.1562061 0.1767067 0.1706961 0.1576376 0.0188501 0.1687046 0.1670415 0.1206784 0.1140976 0.1100356 0.1980422 0.1642359 0.0854935 0.1105834 0.1198963 0.0830522 0.0745747 0.0941167 0.1079355 0.0867985 0.1253311 0.1216452 0.1286366 0.1079355 0.0938944 0.1613563 0.1412144 0.1411622 0.0939518 0.0934943 0.0830635 0.1299640 0.0841893 0.0886901 0.0673550 0.1303803 0.1048349 0.1123516 0.0033106 0.1017352 0.0586802 0.0882733 0.0802653 0.0623014 0.0872003 
S0278         0.3514182 0.3013141 0.3381166 0.1574546 0.0838474 0.2052402 0.0718426 0.1200607 0.0000000 0.0859038 0.0636898 0.0955556 0.0940780 0.1124085 0.0517451 0.1536499 0.2938709 0.0510859 0.1682815 0.1336551 0.0812199 0.0921846 0.2434133 0.1181608 0.0473340 0.1200607 0.1179181 0.0713382 0.1571902 0.0589662 0.1589441 0.1271498 0.1759401 0.0318163 0.0938768 0.0818424 0.0390617 0.0524787 0.0721835 0.0763375 0.0785674 0.1361613 0.1326096 0.0755886 0.1470415 0.1129745 0.0722844 0.1589441 0.1207221 0.0850846 0.1339270 0.1375549 0.1299884 0.0726783 0.0759049 0.0991715 0.1268392 0.1989049 0.1355867 0.1493830 0.1224958 0.1211293 0.1198217 0.0890268 0.1799030 0.1792234 0.1919371 0.1912749 0.1264369 0.1224372 0.1260424 0.1521854 0.1087977 0.1383926 0.1077635 0.1726884 0.1276189 0.0734102 0.1218840 0.0945704 0.0469807 0.0679659 0.0461530 0.1356798 0.0893487 0.0553162 0.1671843 0.1482366 0.1356798 0.0909757 0.1772210 0.1274166 0.1181356 0.0910329 0.0862320 0.0962970 0.1334286 0.0770769 0.0772988 0.0570432 0.1035094 0.0470849 0.1131030 0.1154251 0.0722704 0.1318601 0.0723163 0.0772845 0.1367099 0.0847744 
S0282         0.3089370 0.2959198 0.3167955 0.1550528 0.0893200 0.1725122 0.0779072 0.1027745 0.0859038 0.0000000 0.0928530 0.1087640 0.0352891 0.0606546 0.0952386 0.1044879 0.3549277 0.0767459 0.1545565 0.0916104 0.0205793 0.0394883 0.2912674 0.1202339 0.0805656 0.1027745 0.0756574 0.0939725 0.1246180 0.0799776 0.1317251 0.1252350 0.1643794 0.0723359 0.0633270 0.0169257 0.0770701 0.0487292 0.0913647 0.0896388 0.0268083 0.1193318 0.1120939 0.0757362 0.1102132 0.0861324 0.0352347 0.1317251 0.1033383 0.0240120 0.1078835 0.1186233 0.1207896 0.0780717 0.0807977 0.0802234 0.0857403 0.1779858 0.1233444 0.1320652 0.0984448 0.1323431 0.0983009 0.0808870 0.1679630 0.1111085 0.1598979 0.1541537 0.1073518 0.0729507 0.1100944 0.1507056 0.1071998 0.1163463 0.1082316 0.1709725 0.1126630 0.0207581 0.0918682 0.1136354 0.0766811 0.0732040 0.0769985 0.1062587 0.0847152 0.0941574 0.1426841 0.1256877 0.1062587 0.0317127 0.1508429 0.1371355 0.1224685 0.0241570 0.0278243 0.0938877 0.1275251 0.0730520 0.0783301 0.0487157 0.1077184 0.0898573 0.0837371 0.0982950 0.0892374 0.1335737 0.0724432 0.0206723 0.1329028 0.0585163 
S0289         0.3535648 0.3260278 0.3547000 0.1687525 0.0934269 0.2149884 0.0965399 0.1149692 0.0636898 0.0928530 0.0000000 0.1097787 0.1022805 0.1057206 0.0552956 0.1285127 0.3001072 0.0587190 0.1676795 0.1126979 0.0755615 0.0990361 0.2495430 0.1585919 0.0630828 0.1149692 0.1060860 0.1058170 0.1555077 0.0667239 0.1604329 0.1301258 0.1636432 0.0468232 0.0880178 0.0761348 0.0635982 0.0609247 0.0800713 0.0995314 0.0628003 0.1261099 0.1268918 0.1082724 0.1413070 0.1081313 0.0669438 0.1604329 0.1155983 0.0793432 0.1129114 0.1156501 0.1310494 0.0856251 0.0887412 0.0839364 0.1091187 0.2184677 0.1358081 0.1454010 0.1295389 0.1266449 0.0894854 0.1034825 0.1733188 0.1460663 0.1871480 0.1865054 0.1410626 0.1214148 0.1299499 0.1830421 0.1151983 0.1323729 0.1224633 0.1884344 0.1371843 0.0725152 0.0972043 0.1186243 0.0469306 0.0806670 0.0765676 0.1359315 0.0985708 0.0630477 0.1684502 0.1568597 0.1359315 0.0849904 0.1761363 0.1394265 0.1389316 0.0850449 0.0803996 0.1169146 0.1451532 0.1056594 0.0995000 0.0862302 0.1138882 0.0470347 0.0889206 0.1104065 0.0756779 0.1327313 0.0851751 0.0717149 0.1158639 0.0978964 
S0292         0.3413910 0.3023588 0.3266848 0.1029034 0.1195711 0.1831851 0.1072171 0.1329678 0.0955556 0.1087640 0.1097787 0.0000000 0.1094333 0.1045928 0.0917840 0.1714675 0.3401363 0.0768752 0.1173305 0.1498328 0.1005551 0.1171162 0.2865106 0.1608721 0.0870944 0.1329678 0.1124074 0.0926924 0.1628438 0.0957299 0.1239602 0.1678519 0.1729334 0.0730617 0.1094220 0.0911318 0.0912204 0.0740783 0.1109979 0.1148004 0.1368320 0.1451911 0.1559667 0.1192187 0.1464804 0.1510435 0.0866660 0.1239602 0.1337186 0.1045730 0.1387521 0.1458333 0.1612375 0.1074793 0.1009612 0.1264775 0.1383594 0.1248354 0.1182954 0.1286724 0.1184639 0.1285811 0.1713553 0.1049226 0.1945762 0.1920072 0.1299523 0.1295458 0.1536562 0.0759572 0.1538107 0.1151314 0.0776427 0.1509136 0.1197154 0.0994940 0.1504958 0.0924476 0.1219165 0.0686024 0.0726479 0.1019401 0.0773467 0.1410280 0.1100806 0.0951039 0.1593149 0.1584840 0.1410280 0.1060187 0.1654679 0.0819571 0.0136043 0.1006194 0.1059985 0.1296187 0.0531892 0.0827802 0.1102831 0.0316925 0.0172328 0.0907312 0.1238994 0.1281084 0.1005501 0.1344595 0.0964081 0.0964524 0.1403100 0.0959377 
S0293         0.3279856 0.3170813 0.3162730 0.1347553 0.0887378 0.1883852 0.0774345 0.0933027 0.0940780 0.0352891 0.1022805 0.1094333 0.0000000 0.0742392 0.0946858 0.1051153 0.3450247 0.0762863 0.1445738 0.0971224 0.0278481 0.0510893 0.3008325 0.1195738 0.0800889 0.0933027 0.0761499 0.0933507 0.1150017 0.0795070 0.1310384 0.1300846 0.1523018 0.0718994 0.0550076 0.0315981 0.0766071 0.0484164 0.0821243 0.0891178 0.0382400 0.1000327 0.1171040 0.0752858 0.1052996 0.0934599 0.0429250 0.1310384 0.0938099 0.0313335 0.0943302 0.1046835 0.1097963 0.0691638 0.0803194 0.0893105 0.0950925 0.1792601 0.1160598 0.1307752 0.1131245 0.1126337 0.1195073 0.0764490 0.1503684 0.1257887 0.1717221 0.1657567 0.1118374 0.0735915 0.1198297 0.1455631 0.1066046 0.1004992 0.0985653 0.1658414 0.1265190 0.0319599 0.1011978 0.1128863 0.0762219 0.0644789 0.0650466 0.1056104 0.0842197 0.0983396 0.1464611 0.1159886 0.1056104 0.0393493 0.1310275 0.1266668 0.1138695 0.0393814 0.0353054 0.0933480 0.1283649 0.0642595 0.0824164 0.0759165 0.1083755 0.0853026 0.0928694 0.0889360 0.0805410 0.1136668 0.0729346 0.0279752 0.1044153 0.0506012 
S0294         0.3367108 0.3343035 0.2977993 0.1387185 0.0970730 0.2014955 0.1046011 0.1064559 0.1124085 0.0606546 0.1057206 0.1045928 0.0742392 0.0000000 0.1089059 0.1289204 0.4095238 0.0977172 0.1514729 0.1047898 0.0568605 0.0785359 0.2585478 0.1371042 0.1024149 0.1064559 0.0737457 0.1260131 0.1509500 0.0970961 0.1667640 0.1236429 0.1772899 0.0838478 0.0611211 0.0523688 0.1027734 0.0626273 0.0938925 0.0978810 0.0457028 0.1238218 0.1172866 0.0964985 0.1355032 0.0953692 0.0401621 0.1667640 0.1065231 0.0606500 0.1104014 0.1178008 0.1360084 0.0851703 0.0745711 0.0872453 0.1083192 0.2004076 0.1526692 0.1816147 0.0864329 0.1219042 0.0940580 0.0928416 0.1691949 0.1404901 0.1863412 0.1799402 0.1169966 0.0747713 0.1151731 0.1751604 0.1236903 0.1207601 0.1171965 0.1712170 0.1177795 0.0489612 0.0819714 0.1228050 0.0930855 0.0800222 0.1041879 0.1309626 0.0967387 0.1075637 0.1645588 0.1523007 0.1309626 0.0609717 0.1782170 0.1398092 0.1192036 0.0567177 0.0607099 0.1066212 0.1388087 0.0846344 0.1051135 0.0902997 0.1086276 0.1022100 0.0824108 0.1065231 0.1018750 0.1330675 0.0899273 0.0483941 0.1271219 0.0733806 
S0299         0.3370877 0.3295590 0.3282833 0.1478331 0.0798543 0.1925449 0.0871901 0.0968196 0.0517451 0.0952386 0.0552956 0.0917840 0.0946858 0.1089059 0.0000000 0.1423278 0.2832573 0.0471649 0.1643816 0.1392445 0.0817334 0.1003268 0.2106522 0.1272883 0.0434432 0.0968196 0.1239426 0.0820193 0.1519174 0.0549619 0.1231303 0.1355699 0.1654588 0.0281228 0.0894294 0.0823641 0.0472974 0.0487370 0.0633452 0.0771817 0.0991938 0.1117597 0.1258117 0.0730651 0.1418684 0.1157754 0.0731030 0.1231303 0.0973432 0.0856240 0.1209660 0.1128949 0.1194726 0.0684462 0.0716884 0.0864262 0.1218867 0.1705259 0.0895857 0.1121948 0.1380979 0.1075462 0.1221516 0.0900360 0.1610066 0.1679196 0.1756952 0.1750992 0.1292255 0.0846212 0.1289050 0.1320831 0.0958671 0.1217539 0.1136372 0.1801145 0.1304553 0.0786650 0.1137983 0.1088868 0.0431198 0.0638155 0.0556753 0.1306577 0.0803626 0.0598951 0.1575323 0.1430228 0.1306577 0.0915673 0.1433662 0.1235929 0.1143304 0.0916250 0.0771157 0.0937155 0.1177005 0.0877343 0.0771575 0.0581259 0.0907770 0.0432158 0.1050696 0.0924490 0.0637502 0.1127654 0.0681124 0.0774935 0.1164660 0.0857345 
S0308         0.3679016 0.3865915 0.3892034 0.1869951 0.1360366 0.2301152 0.1503565 0.1231178 0.1536499 0.1044879 0.1285127 0.1714675 0.1051153 0.1289204 0.1423278 0.0000000 0.3735181 0.1209543 0.1872437 0.1253726 0.0768120 0.1097680 0.3538703 0.1868953 0.1108135 0.1231178 0.1179687 0.1367052 0.0884167 0.1147499 0.1689503 0.1550768 0.1175189 0.1206905 0.1238767 0.0858956 0.1380038 0.0849475 0.1212056 0.1243990 0.0923848 0.1175284 0.1596012 0.1305720 0.0630575 0.1667514 0.0901529 0.1689503 0.1238090 0.0815011 0.1151524 0.1118655 0.0971018 0.1168260 0.1110561 0.1246223 0.0501777 0.2344793 0.1560043 0.1653445 0.2070386 0.1318133 0.1554535 0.1300811 0.1301639 0.0934769 0.2146926 0.2139200 0.1826851 0.0941195 0.1822261 0.2041243 0.1293236 0.0936126 0.1340750 0.2383778 0.1710541 0.0779317 0.1221296 0.1758790 0.1257910 0.1111118 0.1034418 0.0718925 0.1038880 0.1363536 0.1126283 0.0838279 0.0718925 0.0810771 0.1481807 0.1613656 0.1999751 0.0907701 0.0903221 0.1625312 0.1884138 0.1168333 0.1339680 0.1177667 0.1815533 0.1310348 0.1388116 0.1183697 0.1305983 0.1268355 0.1271738 0.0770538 0.1266011 0.1192128 
S0320         0.5721055 0.6259965 0.6589225 0.4194975 0.3842283 0.1569270 0.2948529 0.3463276 0.2938709 0.3549277 0.3001072 0.3401363 0.3450247 0.4095238 0.2832573 0.3735181 0.0000000 0.2658677 0.4447572 0.4491120 0.3308904 0.3712033 0.6320093 0.3590421 0.2723375 0.3463276 0.3592048 0.0796099 0.3718809 0.2638994 0.3707136 0.3586022 0.4643985 0.2642894 0.3322620 0.3334209 0.2597289 0.2611406 0.3119907 0.3020975 0.6031345 0.3712730 0.4023082 0.3065469 0.3616517 0.5857919 0.3311291 0.3707136 0.3485585 0.3367585 0.5348754 0.3860738 0.3182715 0.2983124 0.2851120 0.3535193 0.3446104 0.4826917 0.1296216 0.3723605 0.6406374 0.3730094 0.6487420 0.3258643 0.3855373 0.4069809 0.4717658 0.4694222 0.4270860 0.0853748 0.4303100 0.4228833 0.3156155 0.3002787 0.3571460 0.4399000 0.4242316 0.3304140 0.3586634 0.3633382 0.2788463 0.2878998 0.1229546 0.3367084 0.2865481 0.2904370 0.4059902 0.3660616 0.3367084 0.3339683 0.1740932 0.3539780 0.3409592 0.3511778 0.3414861 0.3363343 0.3846550 0.3484824 0.3048789 0.2437120 0.3257191 0.2793564 0.3526639 0.3385065 0.3109294 0.3762104 0.2953593 0.3250298 0.3745260 0.3134164 
S0327         0.3557894 0.3304674 0.3558707 0.1319381 0.0838497 0.1741802 0.0646263 0.0874388 0.0510859 0.0767459 0.0587190 0.0768752 0.0762863 0.0977172 0.0471649 0.1209543 0.2658677 0.0000000 0.1466379 0.1140927 0.0681127 0.0912485 0.2293430 0.1112014 0.0317196 0.0874388 0.0988015 0.0278463 0.1094618 0.0389042 0.1289120 0.1232635 0.1532975 0.0242107 0.0712099 0.0686368 0.0320092 0.0250599 0.0470644 0.0678150 0.0700158 0.1018501 0.1333740 0.0761990 0.1001096 0.1153558 0.0596003 0.1289120 0.0879058 0.0718940 0.1068417 0.1071079 0.1035257 0.0436642 0.0471299 0.0985251 0.0920928 0.1708647 0.1023156 0.1181614 0.0980924 0.1114201 0.1187511 0.0759994 0.1435557 0.1440164 0.1643062 0.1637593 0.1367418 0.0851895 0.1366444 0.1373605 0.0863657 0.1099242 0.0766396 0.1666404 0.1380332 0.0649878 0.0983869 0.0847683 0.0315202 0.0395308 0.0169903 0.0906222 0.0593324 0.0589472 0.1292393 0.1103916 0.0906222 0.0722710 0.1407662 0.1040389 0.0985639 0.0774378 0.0728615 0.0800144 0.1035280 0.0651344 0.0560349 0.0673025 0.0848103 0.0390113 0.0900097 0.0831924 0.0434490 0.1171501 0.0434770 0.0642712 0.1064191 0.0718855 
S0335         0.3551969 0.3886769 0.3696204 0.0878936 0.1645597 0.2232871 0.1548487 0.1606654 0.1682815 0.1545565 0.1676795 0.1173305 0.1445738 0.1514729 0.1643816 0.1872437 0.4447572 0.1466379 0.0000000 0.1714409 0.1344422 0.1519102 0.4047747 0.1610600 0.1366734 0.1606654 0.1392796 0.0933897 0.1933131 0.1399858 0.1366870 0.1891309 0.1811528 0.1415037 0.1457160 0.1397882 0.1626603 0.1048625 0.1710304 0.1562586 0.1404785 0.1797152 0.2077451 0.1553227 0.1754283 0.2368344 0.1243380 0.1366870 0.1615728 0.1289416 0.1914866 0.1865032 0.1832829 0.1550687 0.1356520 0.1734572 0.1756067 0.1729255 0.1296480 0.1478682 0.1438349 0.1727613 0.1864568 0.1472351 0.1927767 0.2198690 0.1725639 0.1719896 0.1882057 0.1945293 0.2017430 0.1501571 0.1095156 0.1669094 0.1412953 0.1914655 0.2017594 0.1367187 0.1690359 0.1304613 0.1467814 0.1486266 0.0648689 0.1771067 0.1302650 0.1522934 0.2001268 0.1895482 0.1771067 0.1509132 0.1950074 0.0831218 0.1364516 0.1509831 0.1447730 0.1628884 0.1416432 0.1166779 0.1582427 0.1244854 0.1258094 0.1515138 0.1717908 0.1555630 0.1465868 0.1794358 0.1590396 0.1350696 0.1792358 0.1384526 
S0376         0.3039155 0.3474226 0.3523310 0.2044398 0.1138267 0.2238075 0.1021996 0.1289421 0.1336551 0.0916104 0.1126979 0.1498328 0.0971224 0.1047898 0.1392445 0.1253726 0.4491120 0.1140927 0.1714409 0.0000000 0.0761668 0.0872816 0.3212495 0.1449161 0.0976725 0.1289421 0.0201299 0.1299195 0.1563159 0.0968919 0.1707640 0.1130872 0.2021646 0.1029729 0.0760320 0.0711518 0.1219666 0.0820854 0.1092564 0.1128932 0.0698468 0.1431682 0.1507436 0.0927687 0.1446078 0.1495675 0.0749158 0.1707640 0.1233714 0.0708817 0.1245646 0.1301856 0.1589287 0.0985301 0.1127578 0.1083224 0.1196531 0.2105001 0.1650044 0.1646596 0.1362409 0.1674657 0.1434119 0.1306460 0.2197818 0.1449930 0.1940086 0.1734803 0.1557381 0.1062976 0.1535483 0.1560166 0.1563902 0.1751836 0.1082880 0.1890614 0.1576807 0.0669574 0.0942998 0.1383441 0.0966584 0.0928039 0.1104171 0.1452928 0.1172597 0.1294199 0.1871845 0.1633907 0.1452928 0.0865771 0.1887861 0.1825463 0.1628069 0.0815926 0.0761097 0.1273146 0.1473667 0.0886512 0.1105909 0.1089532 0.1696658 0.1255558 0.1012812 0.1233714 0.1244739 0.1757304 0.1050674 0.0709369 0.1596366 0.1021552 
S0400         0.3029952 0.3149641 0.3283620 0.1284730 0.0755820 0.1729486 0.0651963 0.0895077 0.0812199 0.0205793 0.0755615 0.1005551 0.0278481 0.0568605 0.0817334 0.0768120 0.3308904 0.0681127 0.1344422 0.0761668 0.0000000 0.0280932 0.2799621 0.1060833 0.0677494 0.0895077 0.0591159 0.0944937 0.1000300 0.0632425 0.1174650 0.1064646 0.1412254 0.0597712 0.0473036 0.0101454 0.0642747 0.0367470 0.0782399 0.0767610 0.0104330 0.0951458 0.0978583 0.0634063 0.0819258 0.0726534 0.0206681 0.1174650 0.0899947 0.0100623 0.0874150 0.0898766 0.0945040 0.0653600 0.0679190 0.0634350 0.0596450 0.1746165 0.1105101 0.1168484 0.0928323 0.1175421 0.0837140 0.0682853 0.1388348 0.0866226 0.1565579 0.1508271 0.1020621 0.0616867 0.1046412 0.1411347 0.0937998 0.0902199 0.0900121 0.1618427 0.0972083 0.0102575 0.0747504 0.1089239 0.0639482 0.0607270 0.0665424 0.0827115 0.0628652 0.0811342 0.1208808 0.1008752 0.0827115 0.0172233 0.1240662 0.1226486 0.1191833 0.0172392 0.0136011 0.0808902 0.1241262 0.0603409 0.0696781 0.0574005 0.1044431 0.0766572 0.0669039 0.0851659 0.0764220 0.1080580 0.0691332 0.0067374 0.1185199 0.0468439 
S0405         0.3017301 0.3145700 0.3196459 0.1637991 0.0990277 0.2101306 0.0746477 0.1038088 0.0921846 0.0394883 0.0990361 0.1171162 0.0510893 0.0785359 0.1003268 0.1097680 0.3712033 0.0912485 0.1519102 0.0872816 0.0280932 0.0000000 0.2865609 0.1274516 0.0907705 0.1038088 0.0722720 0.1084959 0.1356285 0.0857840 0.1440724 0.1171091 0.1660105 0.0822378 0.0639348 0.0244392 0.0827551 0.0574168 0.0970874 0.0993776 0.0271589 0.1238463 0.1231742 0.0809625 0.1156261 0.0934583 0.0391742 0.1440724 0.1043830 0.0316074 0.1078860 0.1180133 0.1220284 0.0876009 0.0909841 0.0849926 0.0906592 0.2007629 0.1458032 0.1452780 0.1083945 0.1331530 0.1060818 0.0860702 0.1770210 0.1165215 0.1814007 0.1752189 0.1276728 0.0839680 0.1266106 0.1656762 0.1142458 0.1240053 0.1092820 0.1694541 0.1290258 0.0282846 0.0885060 0.1262002 0.0824908 0.0825179 0.0892119 0.1167476 0.0854738 0.1053400 0.1591254 0.1368036 0.1167476 0.0356151 0.1732108 0.1452115 0.1367543 0.0356448 0.0280848 0.0948345 0.1292977 0.0780072 0.0885994 0.0684039 0.1258261 0.1004828 0.0803628 0.0992852 0.1001604 0.1343980 0.0926172 0.0243738 0.1342475 0.0632894 
S0407sl       0.5397524 0.5030859 0.5470313 0.3632545 0.2265002 0.5274015 0.2570103 0.2645127 0.2434133 0.2912674 0.2495430 0.2865106 0.3008325 0.2585478 0.2106522 0.3538703 0.6320093 0.2293430 0.4047747 0.3212495 0.2799621 0.2865609 0.0000000 0.3107621 0.2311996 0.2645127 0.2798805 0.8525720 0.3608662 0.2478830 0.3627942 0.3092249 0.3596027 0.2115726 0.2487507 0.2745036 0.2331843 0.2439942 0.2546901 0.2499626 0.4354064 0.2548955 0.3562348 0.2617838 0.3267550 0.1315753 0.2521153 0.3627942 0.2719352 0.2793538 0.1228499 0.2623374 0.2759183 0.2658939 0.2779696 0.2860605 0.3144899 0.3741589 0.4337403 0.3723096 0.4693921 0.2849869 0.5202987 0.2902516 0.3360968 0.3687009 0.3854515 0.3755345 0.3622793 0.0974233 0.3624394 0.3219153 0.3060334 0.2818804 0.2821253 0.3913367 0.3673361 0.2636175 0.2695542 0.3522633 0.2087197 0.2567299 0.8646129 0.3289129 0.2983379 0.2367349 0.3225735 0.3489203 0.3289129 0.2973104 0.3513401 0.3244121 0.3297047 0.2896554 0.2662339 0.2704748 0.3175707 0.2607482 0.2426431 0.0768174 0.3018781 0.2249044 0.2505749 0.2637070 0.2078583 0.2949136 0.2405883 0.2746657 0.2901748 0.2701975 
S0412sl       0.3929965 0.3959974 0.3535377 0.1820620 0.1361353 0.2188716 0.0745937 0.1203884 0.1181608 0.1202339 0.1585919 0.1608721 0.1195738 0.1371042 0.1272883 0.1868953 0.3590421 0.1112014 0.1610600 0.1449161 0.1060833 0.1274516 0.3107621 0.0000000 0.1101652 0.1203884 0.1321695 0.1098297 0.1668581 0.1053989 0.1689167 0.0933937 0.1950392 0.1104841 0.1310774 0.1111700 0.1100456 0.0889878 0.1273031 0.0917620 0.1492353 0.1536248 0.1849934 0.0638711 0.1660519 0.1604335 0.0967292 0.1689167 0.1210722 0.1008860 0.1336880 0.1615296 0.1844450 0.1071480 0.1051670 0.1278029 0.1560220 0.2183162 0.1178992 0.1837762 0.1946669 0.1414025 0.1859829 0.1157802 0.2089516 0.2073526 0.1978470 0.1847295 0.1667586 0.0985997 0.1841715 0.1632895 0.1298345 0.1528788 0.1258118 0.2210062 0.1791482 0.1021162 0.1467152 0.1369963 0.1112884 0.1068902 0.0770090 0.1549598 0.1192430 0.1451951 0.2023256 0.1795093 0.1549598 0.1217581 0.1701663 0.1795269 0.1696219 0.1218247 0.1159729 0.0870300 0.1542041 0.0877621 0.1161537 0.0774677 0.1576202 0.1153140 0.1475233 0.1156066 0.1261915 0.1531438 0.1165158 0.1065913 0.1493295 0.1091439 
S0417         0.3173330 0.3023884 0.3157436 0.1259692 0.0698981 0.1763173 0.0773077 0.0913334 0.0473340 0.0805656 0.0630828 0.0870944 0.0800889 0.1024149 0.0434432 0.1108135 0.2723375 0.0317196 0.1366734 0.0976725 0.0677494 0.0907705 0.2311996 0.1101652 0.0000000 0.0913334 0.1040151 0.0377438 0.1254784 0.0240257 0.1136248 0.1225257 0.1514730 0.0207086 0.0716694 0.0682687 0.0433897 0.0325142 0.0470358 0.0591532 0.0703341 0.1058771 0.1181429 0.0672961 0.1006685 0.1208953 0.0592800 0.1136248 0.0918208 0.0715144 0.1120448 0.1069417 0.1089220 0.0355631 0.0465745 0.0851675 0.0916079 0.1641733 0.1036052 0.1020658 0.0920991 0.1061179 0.1049675 0.0753808 0.1495642 0.1433178 0.1472569 0.1467786 0.1310494 0.0960655 0.1209640 0.1259749 0.0813239 0.1154835 0.0803965 0.1632138 0.1226283 0.0607643 0.1071695 0.0811039 0.0352737 0.0316173 0.0171983 0.1056402 0.0586336 0.0593946 0.1302127 0.1169508 0.1056402 0.0769745 0.1425845 0.1035838 0.1093396 0.0730910 0.0724730 0.0924313 0.0989625 0.0604181 0.0432733 0.0876818 0.0949990 0.0428637 0.0986648 0.0870609 0.0514080 0.1071390 0.0354179 0.0639250 0.1160092 0.0671940 
S0419         0.3821028 0.3472629 0.3249459 0.1655580 0.0826653 0.2358123 0.0807519 0.0000010 0.1200607 0.1027745 0.1149692 0.1329678 0.0933027 0.1064559 0.0968196 0.1231178 0.3463276 0.0874388 0.1606654 0.1289421 0.0895077 0.1038088 0.2645127 0.1203884 0.0913334 0.0000000 0.1070269 0.1252606 0.1275524 0.0912733 0.1504170 0.1572009 0.1488259 0.0785697 0.0839115 0.0890824 0.1061714 0.0638451 0.0749363 0.0867288 0.1046914 0.0390274 0.1540465 0.0916399 0.1221366 0.0781244 0.0670686 0.1504170 0.0066858 0.0934004 0.0204568 0.0473343 0.1077308 0.0793195 0.0910833 0.1064203 0.1132589 0.2012542 0.1334675 0.1520419 0.1509177 0.0542216 0.1669547 0.0788850 0.1536799 0.1562061 0.1767067 0.1706961 0.1576376 0.0188501 0.1687046 0.1670415 0.1206784 0.1140976 0.1100356 0.1980422 0.1642359 0.0854935 0.1105834 0.1198963 0.0830522 0.0745747 0.0941167 0.1079355 0.0867985 0.1253311 0.1216452 0.1286366 0.1079355 0.0938944 0.1613563 0.1412144 0.1411622 0.0939518 0.0934943 0.0830635 0.1299640 0.0841893 0.0886901 0.0673550 0.1303803 0.1048349 0.1123516 0.0033106 0.1017352 0.0586802 0.0882733 0.0802653 0.0623014 0.0872003 
S0427         0.3131671 0.3302487 0.3199686 0.1601986 0.1036782 0.1816440 0.0881008 0.1070269 0.1179181 0.0756574 0.1060860 0.1124074 0.0761499 0.0737457 0.1239426 0.1179687 0.3592048 0.0988015 0.1392796 0.0201299 0.0591159 0.0722720 0.2798805 0.1321695 0.1040151 0.1070269 0.0000000 0.1050229 0.1327622 0.0987969 0.1644016 0.1164600 0.1747347 0.0985817 0.0553623 0.0550800 0.1084343 0.0605760 0.0999311 0.0940230 0.0509008 0.1284752 0.1231617 0.0894286 0.1239439 0.1226580 0.0544054 0.1644016 0.1076141 0.0549007 0.1067921 0.1225630 0.1316433 0.0919175 0.0988240 0.0979965 0.1039885 0.1988037 0.1640409 0.1670671 0.1132734 0.1315143 0.1201113 0.0980158 0.1735825 0.1248956 0.1732012 0.1566120 0.1319909 0.1092524 0.1310275 0.1698924 0.1176897 0.1322162 0.0991631 0.1753074 0.1333847 0.0595445 0.0742742 0.1337651 0.0933052 0.0867542 0.0878604 0.1142730 0.0975409 0.1166845 0.1576173 0.1338941 0.1142730 0.0674598 0.1380583 0.1429488 0.1218575 0.0675071 0.0590848 0.1087146 0.1276615 0.0688388 0.1012096 0.0859464 0.1270183 0.1174125 0.0754266 0.1025136 0.1077734 0.1426265 0.0969949 0.0549371 0.1357679 0.0757833 
S0428sl       0.3122660 0.3016607 0.2939686 0.1436060 0.1126917 0.1235707 0.0710571 0.1252606 0.0713382 0.0939725 0.1058170 0.0926924 0.0933507 0.1260131 0.0820193 0.1367052 0.0796099 0.0278463 0.0933897 0.1299195 0.0944937 0.1084959 0.8525720 0.1098297 0.0377438 0.1252606 0.1050229 0.0000000 0.1192339 0.0579000 0.0681203 0.1214649 0.2020970 0.0474165 0.0824020 0.0816364 0.0486450 0.0274206 0.0579504 0.0687505 0.0931598 0.1849761 0.1517296 0.0917024 0.1069627 0.7338749 0.0817890 0.0681203 0.1131534 0.0931169 0.9725116 0.2082600 0.1544348 0.0374143 0.0370748 0.1199056 0.0975141 0.0920312 0.0404350 0.0575506 0.0797990 0.1395334 0.1633499 0.0574342 0.1779661 0.1512799 0.0930500 0.0930500 0.1474854 0.0000010 0.1527737 0.0404941 0.0918866 0.1458382 0.0826859 0.1418101 0.1510693 0.0725451 0.1058643 0.0571830 0.0576938 0.0370748 0.0289408 0.0930972 0.0375500 0.0804347 0.1620030 0.1068463 0.0930972 0.0816364 0.2219712 0.1279126 0.0914549 0.0816364 0.1068724 0.0802968 0.1156644 0.0704635 0.0576773 0.0000010 0.1033442 0.0806865 0.1330469 0.1131534 0.0685555 0.1547202 0.0476866 0.0816364 0.1689556 0.0915350 
S0430         0.3725059 0.3928905 0.4191543 0.1581473 0.1363082 0.2104034 0.1333044 0.1275524 0.1571902 0.1246180 0.1555077 0.1628438 0.1150017 0.1509500 0.1519174 0.0884167 0.3718809 0.1094618 0.1933131 0.1563159 0.1000300 0.1356285 0.3608662 0.1668581 0.1254784 0.1275524 0.1327622 0.1192339 0.0000000 0.1253548 0.1629471 0.1853542 0.1130419 0.1195208 0.1094068 0.1098533 0.1415438 0.0747879 0.1204081 0.1092208 0.1371842 0.1272602 0.1834781 0.1293437 0.0278809 0.1524172 0.1051719 0.1629471 0.1282678 0.1144705 0.1165076 0.1446183 0.0678332 0.1121034 0.1149047 0.1576491 0.0545353 0.2285778 0.1457196 0.1598373 0.1961686 0.1640697 0.1907601 0.1164010 0.1082203 0.1130700 0.2078529 0.2071128 0.1892059 0.0729067 0.2081728 0.1919334 0.1186508 0.0687557 0.1351917 0.2420737 0.1888411 0.1015599 0.1444244 0.1459758 0.1151105 0.1064850 0.0879534 0.0168941 0.1076571 0.1459443 0.1072753 0.0205003 0.0168941 0.1150906 0.1037047 0.1550248 0.1714765 0.1151548 0.1145898 0.1456405 0.1620667 0.1023330 0.1488036 0.0965731 0.1545702 0.1254648 0.1624601 0.1227707 0.1004112 0.1586487 0.1223326 0.1003676 0.1362774 0.0951670 
S0478         0.3383999 0.3314243 0.3301373 0.1457453 0.0828113 0.1824727 0.0729462 0.0912733 0.0589662 0.0799776 0.0667239 0.0957299 0.0795070 0.0970961 0.0549619 0.1147499 0.2638994 0.0389042 0.1399858 0.0968919 0.0632425 0.0857840 0.2478830 0.1053989 0.0240257 0.0912733 0.0987969 0.0579000 0.1253548 0.0000000 0.1424129 0.1077318 0.1518817 0.0314329 0.0712030 0.0637257 0.0471291 0.0249949 0.0470226 0.0591304 0.0632996 0.1057938 0.1220435 0.0672657 0.1045508 0.1136959 0.0549354 0.1424129 0.0917599 0.0669633 0.1053994 0.1017302 0.1088248 0.0355565 0.0389578 0.0889332 0.0865705 0.1857622 0.1224734 0.1267191 0.0974337 0.1149631 0.1108829 0.0753413 0.1439737 0.1372026 0.1790257 0.1784219 0.1253786 0.0961214 0.1249562 0.1464429 0.0988144 0.1102602 0.0798667 0.1773881 0.1265397 0.0563009 0.1064365 0.0985308 0.0389033 0.0316129 0.0260767 0.1055552 0.0507068 0.0711228 0.1345472 0.1264355 0.1055552 0.0722641 0.1549450 0.1220170 0.1142975 0.0684323 0.0678563 0.0837626 0.1134940 0.0643087 0.0395420 0.0869328 0.1131058 0.0465578 0.0979943 0.0870068 0.0673947 0.1207288 0.0354114 0.0594665 0.1159072 0.0712643 
S0552sl       0.3399615 0.3500591 0.3495454 0.1353156 0.1438553 0.2012072 0.1451280 0.1504170 0.1589441 0.1317251 0.1604329 0.1239602 0.1310384 0.1667640 0.1231303 0.1689503 0.3707136 0.1289120 0.1366870 0.1707640 0.1174650 0.1440724 0.3627942 0.1689167 0.1136248 0.1504170 0.1644016 0.0681203 0.1629471 0.1424129 0.0000000 0.2173924 0.1994690 0.1278115 0.1542848 0.1226208 0.1438051 0.0971199 0.1333723 0.1253313 0.1199047 0.1748472 0.2074831 0.1410489 0.1516957 0.2221404 0.1278707 0.0000010 0.1512612 0.1215240 0.2047268 0.1887054 0.1472825 0.1289931 0.1278648 0.1667002 0.1570758 0.0809492 0.0045774 0.0106924 0.1463021 0.1720189 0.1576579 0.1478617 0.1897562 0.1998399 0.0682094 0.0680194 0.1933071 0.1985661 0.2013892 0.0614051 0.0843511 0.1419530 0.1437574 0.1535084 0.2014135 0.1194429 0.1682972 0.0985064 0.1382478 0.1231199 0.0449187 0.1513711 0.1321670 0.1544544 0.1668689 0.1630207 0.1513711 0.1280152 0.1830421 0.1076336 0.1261985 0.1334184 0.1274630 0.1581935 0.1077685 0.1085592 0.1326780 0.1616681 0.1077330 0.1380949 0.1819567 0.1454366 0.1319829 0.1679828 0.1329134 0.1126823 0.1811751 0.1358796 
S0558         0.3665687 0.3667376 0.3591850 0.2064562 0.1479931 0.2655749 0.0966410 0.1572009 0.1271498 0.1252350 0.1301258 0.1678519 0.1300846 0.1236429 0.1355699 0.1550768 0.3586022 0.1232635 0.1891309 0.1130872 0.1064646 0.1171091 0.3092249 0.0933937 0.1225257 0.1572009 0.1164600 0.1214649 0.1853542 0.1077318 0.2173924 0.0000000 0.1910067 0.1185453 0.1209532 0.1018481 0.1242128 0.0958870 0.1486707 0.1217262 0.1033818 0.1806890 0.1690398 0.0800381 0.1735994 0.1597280 0.0919603 0.2173924 0.1580931 0.1014221 0.1747834 0.1684656 0.1978832 0.1335367 0.1315244 0.1262534 0.1240581 0.2423670 0.1989157 0.2103664 0.1706036 0.1629918 0.1436274 0.1377382 0.2334270 0.1747676 0.2347337 0.2277642 0.1787072 0.1631700 0.1788293 0.1807319 0.1767199 0.1744513 0.1216525 0.2123697 0.1805826 0.0932739 0.1109704 0.1700788 0.1189065 0.1275823 0.1241694 0.1752804 0.1411329 0.1431916 0.2216436 0.1983958 0.1752804 0.1160011 0.2099908 0.1994297 0.1957229 0.1160640 0.1063799 0.1078283 0.1733238 0.0991588 0.1507313 0.1510377 0.1830467 0.1286837 0.1161398 0.1521042 0.1328012 0.1752057 0.1391592 0.1016003 0.1695179 0.1112210 
S0616         0.3560651 0.3736356 0.3946500 0.1839564 0.1521269 0.2600013 0.1678339 0.1488259 0.1759401 0.1643794 0.1636432 0.1729334 0.1523018 0.1772899 0.1654588 0.1175189 0.4643985 0.1532975 0.1811528 0.2021646 0.1412254 0.1660105 0.3596027 0.1950392 0.1514730 0.1488259 0.1747347 0.2020970 0.1130419 0.1518817 0.1994690 0.1910067 0.0000000 0.1524821 0.1461944 0.1524255 0.1640566 0.1144532 0.1361629 0.1351413 0.1862455 0.1520879 0.1849738 0.1622822 0.1139234 0.1480067 0.1358866 0.1994690 0.1496765 0.1471326 0.1279794 0.1708109 0.0882392 0.1374614 0.1523024 0.1735776 0.1033504 0.2230722 0.1971768 0.1976336 0.2110637 0.1446600 0.1853707 0.1378321 0.1161989 0.1407653 0.2259854 0.2251504 0.1795806 0.1330317 0.1923298 0.2062433 0.1478865 0.0896211 0.1604465 0.2599686 0.1792249 0.1435655 0.1724818 0.1885505 0.1477781 0.1362382 0.1707074 0.1086139 0.1538570 0.1704355 0.0674155 0.1089215 0.1086139 0.1532168 0.1770328 0.1804354 0.1878650 0.1585135 0.1577424 0.1688657 0.1697840 0.1384203 0.1660194 0.1303933 0.1752485 0.1479774 0.1753887 0.1437685 0.1265856 0.1389004 0.1535567 0.1417573 0.1241752 0.1296181 
S0624         0.3247179 0.3039539 0.3173350 0.1263267 0.0657712 0.1817549 0.0646033 0.0785697 0.0318163 0.0723359 0.0468232 0.0730617 0.0718994 0.0838478 0.0281228 0.1206905 0.2642894 0.0242107 0.1415037 0.1029729 0.0597712 0.0822378 0.2115726 0.1104841 0.0207086 0.0785697 0.0985817 0.0474165 0.1195208 0.0314329 0.1278115 0.1185453 0.1524821 0.0000000 0.0628936 0.0602325 0.0280898 0.0286779 0.0468264 0.0593351 0.0511944 0.1013216 0.1233952 0.0675004 0.1102403 0.1002469 0.0514847 0.1278115 0.0874525 0.0635051 0.0990365 0.1023392 0.0984519 0.0434430 0.0467187 0.0807985 0.0918821 0.1694400 0.1023309 0.1170759 0.0979184 0.1015503 0.1114439 0.0673217 0.1379933 0.1385349 0.1629263 0.1623874 0.1267613 0.0731104 0.1263746 0.1309680 0.0855990 0.0996964 0.0849188 0.1512211 0.1279479 0.0566001 0.0980630 0.0893631 0.0205590 0.0393319 0.0259170 0.1001116 0.0588126 0.0432456 0.1350646 0.1111235 0.1001116 0.0687522 0.1292421 0.1031324 0.0943926 0.0688008 0.0643592 0.0795149 0.1025954 0.0647352 0.0514004 0.0580512 0.0807542 0.0277552 0.0897102 0.0827656 0.0432292 0.1070477 0.0432569 0.0559842 0.1058671 0.0633115 
S0641         0.3226598 0.3084484 0.3239321 0.1469861 0.0799893 0.1746808 0.0651298 0.0839115 0.0938768 0.0633270 0.0880178 0.1094220 0.0550076 0.0611211 0.0894294 0.1238767 0.3322620 0.0712099 0.1457160 0.0760320 0.0473036 0.0639348 0.2487507 0.1310774 0.0716694 0.0839115 0.0553623 0.0824020 0.1094068 0.0712030 0.1542848 0.1209532 0.1461944 0.0628936 0.0000000 0.0434008 0.0807427 0.0441438 0.0720043 0.0800296 0.0446449 0.0992002 0.1136983 0.0798667 0.1052892 0.0999331 0.0391031 0.1542848 0.0843617 0.0472572 0.0857197 0.0989753 0.0895607 0.0643968 0.0760272 0.0892033 0.0950816 0.1996064 0.1300376 0.1562220 0.0780864 0.1266662 0.1122459 0.0682243 0.1338406 0.1310256 0.1803075 0.1741502 0.1126303 0.0717351 0.1212108 0.1706024 0.1140829 0.0952264 0.0757769 0.1758368 0.1231152 0.0476400 0.0549486 0.1241261 0.0670602 0.0598344 0.0660969 0.1001975 0.0668104 0.0883931 0.1294574 0.1103365 0.1001975 0.0553648 0.1186530 0.1393017 0.1189293 0.0554064 0.0472825 0.0845459 0.1164885 0.0519484 0.0866552 0.0856871 0.1133312 0.0758063 0.0473654 0.0796725 0.0715094 0.1327703 0.0689790 0.0432864 0.1113746 0.0317443 
