120
CRNC          0.0000000 0.4316781 0.4806702 0.6678271 0.7830335 0.6925540 0.5283919 0.6920868 0.6781870 0.7462882 0.6977492 0.6879439 0.6548414 0.7288427 0.7178051 0.6924796 0.6884829 0.7027462 0.6998837 0.6855824 0.7024020 0.7059208 0.6911971 0.5063111 0.6716984 0.7166300 0.6683357 0.7226203 0.7921664 0.6859260 0.6680694 0.7082290 0.6315948 0.6958180 0.6836765 0.6805751 0.6919960 0.7545769 0.6731741 0.7196299 0.6992113 0.6872306 0.6679944 0.7022557 0.7518188 0.7114942 0.7083417 0.8050715 0.6994323 0.7353781 0.7152660 0.6985991 0.7101024 0.6730056 0.7077512 0.6742321 0.6725017 0.6749780 0.7105841 0.6992496 0.7089451 0.7092089 0.6624716 0.7089354 0.7219375 0.6733197 0.6529573 0.6665820 0.6750768 0.7320453 0.6534116 0.7006601 0.6158585 0.6557676 0.6859565 0.7021991 0.7007316 0.7261533 0.6755126 0.6580890 0.6630828 0.6971847 0.6493987 0.6726913 0.6700223 0.6717133 0.7214273 0.6853645 0.6825861 0.7148887 0.7402411 0.7555190 0.7065599 0.6939437 0.6676855 0.6957685 0.7065007 0.7094099 0.6693497 0.6510502 0.6966311 0.5179159 0.6639847 0.6601256 0.6512536 0.6849763 0.6612926 0.6695456 0.7240953 0.7186843 0.8352188 0.6804685 0.6616543 0.7619478 0.6516870 0.7129483 0.6672765 0.6603249 0.6701942 0.5260521 
HYZL          0.4316781 0.0000000 0.1742867 0.5391699 0.5708960 0.5790713 0.4519967 0.5178272 0.5229467 0.5914222 0.5113641 0.4996918 0.4754541 0.5037185 0.5600626 0.5199955 0.4932038 0.4843394 0.5483123 0.5434189 0.5062680 0.5469329 0.5347821 0.3689972 0.4903916 0.5128272 0.5134275 0.5140568 0.5735173 0.4976630 0.5141100 0.5469811 0.4921856 0.4978136 0.4991006 0.5440790 0.5250853 0.5333270 0.5397516 0.5389036 0.5422233 0.4887287 0.4960507 0.5730519 0.5648141 0.5395574 0.5063513 0.6628385 0.5168717 0.5176965 0.5753690 0.5103480 0.5275589 0.5094282 0.5085532 0.5161318 0.4996972 0.5499693 0.5406456 0.5206773 0.5104594 0.5213274 0.5027171 0.4928619 0.5334422 0.5383783 0.5115996 0.5080948 0.5159099 0.5990100 0.4759481 0.5055959 0.4806903 0.5438348 0.5142204 0.5520911 0.5429862 0.5837975 0.4987885 0.5457890 0.5124571 0.5402917 0.5159598 0.4683574 0.4811796 0.5731427 0.4987463 0.4862214 0.5217768 0.5257273 0.5593229 0.5542072 0.5051808 0.4962335 0.5100534 0.5142945 0.4945008 0.5073332 0.4948028 0.5129079 0.5204884 0.3860117 0.4663949 0.4848544 0.4761755 0.5172016 0.4800265 0.4877168 0.4966526 0.4996475 0.6980926 0.4815191 0.5110692 0.5512236 0.4746141 0.5101200 0.4933682 0.4907799 0.4950180 0.3196059 
MYZV          0.4806702 0.1742867 0.0000000 0.6700550 0.6041507 0.6881298 0.6270684 0.6307547 0.6224777 0.6903022 0.6492919 0.6333336 0.6079622 0.6484274 0.6352505 0.6140155 0.5992057 0.6111347 0.6640996 0.6598661 0.6211446 0.6773912 0.6579233 0.5040142 0.6420464 0.6714884 0.6221796 0.6286506 0.6843765 0.6204899 0.6321496 0.7082821 0.5975734 0.6119013 0.6298343 0.6932045 0.6636932 0.6777903 0.6671741 0.6697216 0.6375472 0.6386039 0.6185828 0.7302063 0.6642608 0.6320723 0.6113056 0.7391464 0.6551437 0.6459685 0.6849892 0.6451681 0.6814490 0.6322348 0.6277500 0.6390205 0.6271958 0.6760468 0.6398746 0.6488699 0.6311615 0.6562268 0.6272667 0.6346768 0.6291894 0.6627844 0.6355128 0.6329730 0.6624666 0.6894170 0.6168255 0.6712457 0.6035021 0.6058227 0.6471854 0.6620398 0.6333120 0.6804155 0.6246183 0.6756036 0.6203043 0.6429072 0.5922470 0.5832756 0.6075377 0.7018892 0.6426530 0.6279243 0.6158393 0.6461097 0.7121987 0.7100309 0.6262365 0.6171994 0.6397168 0.6015685 0.6199084 0.6227341 0.6271000 0.6258443 0.6345999 0.4796409 0.5777981 0.5813836 0.6381742 0.6375970 0.6214475 0.6450440 0.6524149 0.6337540 0.8079967 0.6211601 0.6261428 0.6754143 0.6152243 0.6631895 0.6224621 0.6220600 0.6333632 0.5564456 
SRR6441723    0.6678271 0.5391699 0.6700550 0.0000000 0.1008706 0.1259710 0.2907134 0.1210903 0.0946450 0.1498664 0.1246468 0.1090511 0.1102434 0.1152750 0.1241677 0.1545840 0.1337262 0.1544325 0.1478550 0.1275819 0.1350210 0.1415044 0.0706759 0.0589222 0.1293619 0.1402137 0.1156223 0.1314915 0.1838340 0.1322391 0.0847817 0.1377394 0.1089137 0.1335445 0.1300658 0.1302811 0.1248390 0.1665355 0.1300476 0.1181064 0.1211789 0.1277601 0.1085603 0.1485838 0.1212914 0.1151774 0.1393927 0.2627538 0.1050851 0.1464283 0.1308032 0.1006274 0.1235804 0.0862878 0.1219493 0.0863823 0.0864059 0.1149478 0.1198921 0.1482655 0.1174042 0.1491726 0.1249228 0.0924681 0.1294998 0.1138062 0.0962040 0.1095205 0.1151643 0.1804153 0.1289812 0.1783514 0.1208517 0.1177811 0.1243512 0.1372279 0.1347546 0.1888577 0.0943655 0.1620823 0.0958494 0.1007751 0.1152504 0.1223356 0.0852589 0.1683835 0.1291554 0.1151557 0.0947474 0.1127538 0.1599519 0.1622860 0.1276451 0.1316691 0.1259618 0.1168697 0.1378404 0.1353094 0.1199093 0.1302485 0.0824359 0.0802245 0.0969536 0.0978386 0.1111128 0.1092971 0.1115880 0.1340964 0.1252053 0.1026805 0.2005358 0.1040458 0.0902718 0.1453728 0.1309214 0.1455329 0.1115474 0.1331162 0.1122259 0.1496494 
ERR4210213    0.7830335 0.5708960 0.6041507 0.1008706 0.0000000 0.1392232 0.3106723 0.1170484 0.1136647 0.1359699 0.1175494 0.1131558 0.1358737 0.1601488 0.1144062 0.1423291 0.1483515 0.1303627 0.1310066 0.1632166 0.1732034 0.1349100 0.0305955 0.0000010 0.1174199 0.1280129 0.1140054 0.1450464 0.2703777 0.1481722 0.0910962 0.1138991 0.1190950 0.1447089 0.1322628 0.0645602 0.1014866 0.1031644 0.1466081 0.1282027 0.1131558 0.1178624 0.1076267 0.1340661 0.1142985 0.1156167 0.1580379 0.1200052 0.1260333 0.1461423 0.0890863 0.1167151 0.0887880 0.1010310 0.1266029 0.1017791 0.1136647 0.1017791 0.1010310 0.1643467 0.1160918 0.0902987 0.1329337 0.1021498 0.1164770 0.1005815 0.0759858 0.0760976 0.0771363 0.1465842 0.1398502 0.1295026 0.1020838 0.0966671 0.0865326 0.1455483 0.0885451 0.1474875 0.1010310 0.1182402 0.0704815 0.0536941 0.0975198 0.1018384 0.1307953 0.1308683 0.1131558 0.0883020 0.1449693 0.1476451 0.1167979 0.1443998 0.1303627 0.1505835 0.1045514 0.0891674 0.1447089 0.1587862 0.1254627 0.0905189 0.0307312 0.0000010 0.1131558 0.1140054 0.0907483 0.1470934 0.1152142 0.1040218 0.1614726 0.1308613 0.1469492 0.0883858 0.1010310 0.1598859 0.1398502 0.1177510 0.1143069 0.1541208 0.1001441 0.0000010 
ERR2789774    0.6925540 0.5790713 0.6881298 0.1259710 0.1392232 0.0000000 0.2651027 0.1067649 0.1162591 0.1294311 0.1350261 0.0642589 0.1093034 0.1130284 0.0749418 0.1219609 0.1167405 0.1602295 0.1551029 0.1198111 0.1414969 0.1348404 0.1173628 0.1308039 0.1264952 0.0907809 0.0663079 0.1221880 0.1614473 0.1261202 0.1055100 0.1107241 0.1232779 0.1422837 0.1277348 0.1389655 0.1122353 0.2093539 0.1261317 0.0680859 0.0608507 0.1042288 0.0920699 0.1353646 0.0638074 0.1194053 0.1415068 0.2744613 0.0815506 0.1554195 0.1419232 0.0448478 0.1232614 0.1029912 0.0734166 0.1051469 0.1031348 0.1041896 0.1359998 0.1251275 0.1389535 0.1386904 0.0989099 0.1005635 0.1285704 0.1276058 0.1071453 0.1093332 0.1292154 0.1490485 0.1410049 0.2049072 0.1161205 0.1430685 0.1416849 0.1423543 0.1372824 0.2006196 0.1090881 0.1814561 0.1012842 0.1409675 0.1384558 0.0948585 0.0931769 0.1905463 0.0815306 0.0893985 0.1059137 0.1043990 0.1369437 0.1433042 0.1332457 0.1121797 0.1068219 0.1359373 0.1444131 0.1418030 0.0607438 0.1379826 0.1247634 0.1126504 0.0547267 0.0544362 0.1034800 0.1154497 0.0905566 0.1191241 0.1277442 0.1100549 0.1965991 0.0775269 0.1072077 0.1376714 0.1429931 0.1325852 0.0555290 0.1454381 0.0776004 0.1501675 
PAFTOL_019361 0.5283919 0.4519967 0.6270684 0.2907134 0.3106723 0.2651027 0.0000000 0.2795570 0.2458374 0.2656746 0.2733107 0.2467053 0.2116736 0.2619527 0.2682270 0.2694447 0.2524170 0.2725516 0.2805500 0.2543786 0.2809376 0.2394774 0.2274748 0.2248651 0.3374666 0.2570942 0.2458727 0.2678385 0.3187940 0.2392403 0.2446399 0.3193132 0.2883687 0.2719296 0.2699722 0.3020078 0.2563371 0.3536414 0.2687489 0.2553529 0.2375211 0.2295950 0.2227701 0.2800603 0.2618002 0.2927634 0.2712369 0.4179802 0.2418201 0.2864366 0.3045651 0.2283076 0.3001942 0.2484822 0.2499818 0.2484822 0.2531102 0.2732373 0.2708951 0.2465783 0.2616644 0.2599633 0.2116596 0.2479951 0.2542302 0.2772343 0.2575821 0.2761307 0.2677413 0.3017910 0.2503678 0.2539427 0.2459424 0.2365446 0.2727417 0.3043949 0.3008097 0.2661912 0.2484856 0.2300661 0.2566552 0.2551411 0.2510425 0.2328719 0.2322401 0.2381128 0.2470113 0.2562976 0.2381810 0.2466072 0.2622933 0.2678195 0.2694743 0.2469948 0.2566950 0.2946086 0.2833290 0.2819668 0.2668035 0.2442408 0.2637068 0.2585145 0.2166594 0.2076663 0.2795841 0.2662676 0.2476633 0.2501363 0.2880926 0.2724864 0.2614327 0.2506790 0.2481232 0.2683541 0.2542505 0.2727329 0.2657999 0.2519844 0.2830820 0.3487310 
S0055         0.6920868 0.5178272 0.6307547 0.1210903 0.1170484 0.1067649 0.2795570 0.0000000 0.1051479 0.1490169 0.1337498 0.0934080 0.1145611 0.1069522 0.1056386 0.1326741 0.1267334 0.1575069 0.1492957 0.1365805 0.1350379 0.1322031 0.1064546 0.1529006 0.1082821 0.1222542 0.0998514 0.1370201 0.1895064 0.1168031 0.0907797 0.1062268 0.1404361 0.1357867 0.1426004 0.1382681 0.1225611 0.1694207 0.1296737 0.1018775 0.1056476 0.1228690 0.0996393 0.1458250 0.1119274 0.1278943 0.1350459 0.2611853 0.0859752 0.1433110 0.1426580 0.0857286 0.1222587 0.0923155 0.1035482 0.0944270 0.0962214 0.1182793 0.1360385 0.1266034 0.1385568 0.1418525 0.1145735 0.1042925 0.1190794 0.1131564 0.1047245 0.1111064 0.1219860 0.1777212 0.1402784 0.1914569 0.1044010 0.1397194 0.1323994 0.1425169 0.1389793 0.2012618 0.1023546 0.1761038 0.1040386 0.1315017 0.1366866 0.1107169 0.0865523 0.1826522 0.1085502 0.0973699 0.1051290 0.1013771 0.1520736 0.1543869 0.1297834 0.1175406 0.1206839 0.1204370 0.1312774 0.1353303 0.0972854 0.1422295 0.1095057 0.0952907 0.0815115 0.0846488 0.0564020 0.1050748 0.1016221 0.1227567 0.1230556 0.1045681 0.2199265 0.0826759 0.0964566 0.1510047 0.1400072 0.1408744 0.0957279 0.1401863 0.0845718 0.2199222 
S0196sl       0.6781870 0.5229467 0.6224777 0.0946450 0.1136647 0.1162591 0.2458374 0.1051479 0.0000000 0.1023965 0.0716861 0.0896047 0.0826260 0.0793910 0.0969936 0.1195191 0.1009363 0.1040572 0.1219775 0.0956035 0.1061719 0.1079315 0.0802882 0.0596947 0.1521391 0.1140019 0.0963733 0.1002032 0.1317198 0.0971946 0.0154581 0.1244115 0.1060188 0.1067499 0.0994030 0.1002777 0.1105215 0.1549776 0.0953493 0.0984551 0.0820530 0.0966249 0.0886276 0.1218707 0.0834068 0.0609397 0.1103432 0.2283907 0.0923204 0.1227555 0.1102237 0.0843659 0.0907218 0.0106974 0.1040337 0.0122679 0.0138115 0.0949711 0.0676048 0.1181805 0.1038069 0.1143163 0.1019728 0.0616789 0.0893637 0.0952447 0.0750568 0.0791639 0.0850008 0.1324123 0.0795812 0.1681384 0.0872169 0.0994633 0.1031091 0.1055086 0.1093150 0.1780939 0.0201927 0.1511750 0.0760731 0.0912226 0.1028470 0.0870322 0.0584324 0.1571711 0.1072026 0.1045044 0.0638007 0.0829270 0.1262838 0.1328640 0.1049111 0.1071628 0.0934805 0.1038780 0.1043677 0.1103439 0.0982707 0.1058870 0.0869499 0.0772752 0.0801632 0.0812362 0.0977752 0.0835593 0.0924438 0.1017461 0.0969942 0.0749635 0.1412041 0.0912000 0.0122443 0.1001858 0.0813927 0.1173617 0.0901125 0.0785108 0.0855588 0.1420374 
S0278         0.7462882 0.5914222 0.6903022 0.1498664 0.1359699 0.1294311 0.2656746 0.1490169 0.1023965 0.0000000 0.1331441 0.1037999 0.0616003 0.1232809 0.1037908 0.1566051 0.0767687 0.1363040 0.1652355 0.0722667 0.1527222 0.0871986 0.1270641 0.1151911 0.1855949 0.1180834 0.1108977 0.0691061 0.1574388 0.0814487 0.1106792 0.1427406 0.0857398 0.1539907 0.0883256 0.1562144 0.1318929 0.2025700 0.0756543 0.1277379 0.0967004 0.0654536 0.0863264 0.1263250 0.1027737 0.1197963 0.1551553 0.3006887 0.1169412 0.1696780 0.1421482 0.1045520 0.1422797 0.1080872 0.1207771 0.1082122 0.1121192 0.1369958 0.1273811 0.1081994 0.1442465 0.1105804 0.0933031 0.1211369 0.1308812 0.1357360 0.1195840 0.1182257 0.1378447 0.1354910 0.1265575 0.2326753 0.1374575 0.1190422 0.1400733 0.1566887 0.1525080 0.2306296 0.1102386 0.2084442 0.1131243 0.1387370 0.1464297 0.1244487 0.1096562 0.2167972 0.1284346 0.1383221 0.1207269 0.0606381 0.1403257 0.1509875 0.1498319 0.0983418 0.0612696 0.1556761 0.1581968 0.1554778 0.1127878 0.1511766 0.1254032 0.0838334 0.0986551 0.1001110 0.1425094 0.1273209 0.1277756 0.1190423 0.1335543 0.1191175 0.0963217 0.1250814 0.1123969 0.0537451 0.1285118 0.1366602 0.1064986 0.1256738 0.1287538 0.1634052 
S0281         0.6977492 0.5113641 0.6492919 0.1246468 0.1175494 0.1350261 0.2733107 0.1337498 0.0716861 0.1331441 0.0000000 0.1087060 0.1089073 0.1021608 0.1196908 0.1443654 0.1181905 0.1427389 0.1421733 0.1221610 0.1219287 0.1349052 0.1034076 0.0974280 0.1690480 0.1417225 0.1160641 0.1178201 0.1867972 0.1203570 0.0664996 0.1453142 0.1181423 0.1183238 0.1167656 0.1217241 0.1130906 0.1730175 0.1175503 0.1252715 0.1111901 0.1039665 0.1146058 0.1448500 0.1250145 0.0593071 0.1262228 0.2482854 0.1269211 0.1328219 0.1322507 0.1055654 0.1165243 0.0607805 0.1193825 0.0626569 0.0643408 0.0910955 0.0718843 0.1356074 0.1255838 0.1485218 0.1223534 0.0851152 0.1051446 0.1106362 0.0812504 0.0957608 0.1001241 0.1580116 0.0683431 0.1890606 0.1237222 0.1325644 0.1191639 0.1227929 0.1227449 0.1950357 0.0663777 0.1706052 0.0761185 0.1034392 0.1252612 0.1008939 0.0839980 0.1740251 0.1290231 0.1330007 0.0854472 0.1103799 0.1480752 0.1544109 0.1167259 0.1244999 0.1049412 0.1261946 0.1224695 0.1221913 0.1116761 0.1298852 0.1102376 0.0928008 0.0993907 0.0986725 0.1265047 0.1055698 0.1242463 0.1161445 0.1246033 0.0976169 0.1840832 0.1168583 0.0644898 0.1354437 0.0700800 0.1381488 0.1072986 0.0671857 0.1219942 0.1659317 
S0282         0.6879439 0.4996918 0.6333336 0.1090511 0.1131558 0.0642589 0.2467053 0.0934080 0.0896047 0.1037999 0.1087060 0.0000000 0.0866481 0.0934713 0.0322353 0.1014758 0.0926276 0.1383861 0.1263283 0.0935757 0.1189429 0.1107387 0.0972553 0.1024595 0.1229454 0.0379143 0.0214021 0.0958991 0.1517083 0.0992255 0.0802956 0.0893363 0.0976342 0.1195797 0.1027805 0.1313096 0.0850907 0.1742120 0.1071319 0.0617966 0.0257346 0.0867712 0.0735583 0.1199305 0.0226060 0.1014063 0.1209977 0.2430235 0.0693929 0.1316287 0.1126457 0.0359259 0.1167562 0.0780686 0.0228624 0.0800310 0.0781740 0.0962700 0.1110019 0.0967025 0.1127528 0.1185571 0.0851051 0.0812669 0.1065256 0.1164990 0.0894492 0.1034070 0.1163039 0.1209510 0.1109636 0.1796479 0.0963205 0.1158199 0.1100201 0.1313247 0.1286785 0.1804168 0.0801135 0.1574830 0.0891953 0.1073506 0.1137851 0.0728721 0.0725762 0.1569275 0.0261960 0.0816897 0.0839842 0.0835420 0.1196073 0.1299218 0.1138541 0.1043378 0.0932037 0.1099241 0.1194591 0.1191938 0.0197308 0.1142190 0.1041737 0.0903083 0.0107211 0.0137465 0.0860273 0.0936365 0.0762335 0.0985160 0.1066292 0.0896201 0.1595545 0.0659954 0.0819308 0.1074558 0.1128334 0.1193196 0.0150810 0.1186098 0.0642456 0.1604836 
S0289         0.6548414 0.4754541 0.6079622 0.1102434 0.1358737 0.1093034 0.2116736 0.1145611 0.0826260 0.0616003 0.1089073 0.0866481 0.0000000 0.0845088 0.0928613 0.0972236 0.0372454 0.1267814 0.1248677 0.0343572 0.1045519 0.0321459 0.0935776 0.1027520 0.1538648 0.1127008 0.0910880 0.0444003 0.1770792 0.0289162 0.0730133 0.1294936 0.0522194 0.1032347 0.0410982 0.1056841 0.1115669 0.1596609 0.0376581 0.0954871 0.0974471 0.0381003 0.0468829 0.1055389 0.1011993 0.1006945 0.1045524 0.2231734 0.0935836 0.1148735 0.1218875 0.0871526 0.1010386 0.0707527 0.0984022 0.0708310 0.0745355 0.1131888 0.1017502 0.0591488 0.1105861 0.1008749 0.0582057 0.0913711 0.0966737 0.0946231 0.0918012 0.0901649 0.0969265 0.1550027 0.0959400 0.1464930 0.1023795 0.1097499 0.0937978 0.1179898 0.1089431 0.1484643 0.0708753 0.1344072 0.0991132 0.1010361 0.1071896 0.0982812 0.0759668 0.1434452 0.1017465 0.1096133 0.0902460 0.0253971 0.1064284 0.1166362 0.1014345 0.0558353 0.0325250 0.1192066 0.1071362 0.1047786 0.0950227 0.1045272 0.1072092 0.0881032 0.0768400 0.0801672 0.1132418 0.0831934 0.0993091 0.0869007 0.0978595 0.0796060 0.0808301 0.0942324 0.0747168 0.0579395 0.0978486 0.1013639 0.0868549 0.0932782 0.1043786 0.1451290 
S0292         0.7288427 0.5037185 0.6484274 0.1152750 0.1601488 0.1130284 0.2619527 0.1069522 0.0793910 0.1232809 0.1021608 0.0934713 0.0845088 0.0000000 0.1209606 0.1313350 0.1080850 0.1276713 0.1142880 0.1034482 0.1076891 0.1099046 0.0922232 0.0975800 0.1743342 0.1223956 0.1019867 0.1021865 0.1844538 0.1006762 0.0739513 0.1304247 0.1162718 0.1082641 0.0988940 0.0922268 0.1182951 0.1819638 0.1015568 0.1080288 0.1098696 0.1001775 0.0825069 0.1270736 0.1117580 0.0812185 0.1117912 0.2461465 0.1085937 0.1176402 0.1280945 0.0860938 0.0837642 0.0680829 0.1013904 0.0700072 0.0717120 0.0888451 0.0842247 0.1121458 0.1078810 0.1234676 0.1007951 0.0639412 0.0850859 0.0814175 0.0656360 0.0739789 0.0832642 0.1821059 0.0939286 0.1765939 0.1112972 0.1134246 0.1011117 0.1064918 0.0999346 0.1724170 0.0736345 0.1403956 0.0685075 0.1068718 0.1090590 0.1012654 0.0444076 0.1514563 0.1146162 0.1096681 0.0698175 0.0926660 0.1288009 0.1350866 0.1026556 0.1022958 0.0949868 0.1240613 0.1102401 0.1079172 0.1038916 0.0994024 0.0920678 0.0098577 0.0820488 0.0854313 0.1118680 0.0640192 0.1146512 0.0922003 0.0295049 0.0092011 0.1859083 0.0964318 0.0718798 0.1186628 0.0957614 0.1222052 0.0980383 0.0972972 0.0965290 0.2036338 
S0293         0.7178051 0.5600626 0.6352505 0.1241677 0.1144062 0.0749418 0.2682270 0.1056386 0.0969936 0.1037908 0.1196908 0.0322353 0.0928613 0.1209606 0.0000000 0.1090421 0.1044997 0.1430079 0.1422078 0.1165967 0.1506540 0.1251742 0.1115572 0.1073901 0.1348889 0.0202625 0.0374358 0.1060877 0.1514689 0.1164531 0.0889805 0.1013177 0.1096441 0.1476115 0.1250591 0.1311690 0.0832469 0.1764995 0.1249059 0.0632607 0.0297434 0.1125188 0.0903666 0.1275356 0.0251907 0.1189691 0.1537071 0.2618047 0.0774239 0.1559702 0.0912477 0.0401536 0.1171375 0.0913360 0.0344986 0.0907833 0.0858028 0.0951722 0.1271580 0.1145512 0.1204285 0.1060118 0.0953459 0.0855201 0.1116502 0.1232623 0.0978316 0.1100992 0.1195658 0.1238948 0.1245416 0.1805737 0.0984829 0.1016860 0.1285089 0.1288172 0.1181606 0.1747141 0.0943364 0.1594035 0.0974285 0.1239675 0.1083308 0.0630114 0.0801253 0.1719033 0.0250326 0.0877764 0.0947000 0.1101054 0.1261195 0.1295205 0.1349800 0.1208889 0.1044330 0.1217297 0.1481547 0.1477716 0.0347098 0.1106327 0.1170088 0.0913415 0.0278650 0.0279401 0.0934248 0.0991405 0.0822069 0.0949731 0.1278598 0.1059376 0.1202288 0.0838024 0.0942194 0.1009798 0.1273675 0.1231842 0.0323715 0.1349488 0.0810430 0.1843392 
S0294         0.6924796 0.5199955 0.6140155 0.1545840 0.1423291 0.1219609 0.2694447 0.1326741 0.1195191 0.1566051 0.1443654 0.1014758 0.0972236 0.1313350 0.1090421 0.0000000 0.1100093 0.1662250 0.1551677 0.1218292 0.1490346 0.1285824 0.1405718 0.0890685 0.1613825 0.1335498 0.1079354 0.1281113 0.1807538 0.1117077 0.1085373 0.1430899 0.1015557 0.1498633 0.1309232 0.1559033 0.1173509 0.2033168 0.1217805 0.1058012 0.1097662 0.1184618 0.0999464 0.1421559 0.1161429 0.1314396 0.1467609 0.2917627 0.1054348 0.1607246 0.1896648 0.0993431 0.1525521 0.1059659 0.1136958 0.1081595 0.1020573 0.1409072 0.1350234 0.1259050 0.1393361 0.1407520 0.1033098 0.1271482 0.1406750 0.1449452 0.1355790 0.1369665 0.1478472 0.0904748 0.1320876 0.2033381 0.1323943 0.1414178 0.1362688 0.1773976 0.1715371 0.2062216 0.1144286 0.1901546 0.1338198 0.1456361 0.1333570 0.1256227 0.1135818 0.1916041 0.1148800 0.1190030 0.1186160 0.1118763 0.1439086 0.1474166 0.1417950 0.1214010 0.1164464 0.1469402 0.1474860 0.1427613 0.1098961 0.1384997 0.1321619 0.1090895 0.0876122 0.0906968 0.1194544 0.1366027 0.1221793 0.1373144 0.1461085 0.1258402 0.1969927 0.1101858 0.1102535 0.1483551 0.1340505 0.1391719 0.1019759 0.1347878 0.1162574 0.1706749 
S0299         0.6884829 0.4932038 0.5992057 0.1337262 0.1483515 0.1167405 0.2524170 0.1267334 0.1009363 0.0767687 0.1181905 0.0926276 0.0372454 0.1080850 0.1044997 0.1100093 0.0000000 0.1414888 0.1387970 0.0509305 0.1212913 0.0600780 0.1178207 0.1139894 0.1741979 0.1206949 0.0971432 0.0647858 0.1792797 0.0650607 0.0909023 0.1365127 0.0668747 0.1200626 0.0649914 0.1320231 0.1257483 0.1890808 0.0581828 0.1075687 0.1048904 0.0499052 0.0695146 0.1274180 0.1045621 0.1059785 0.1191778 0.2457698 0.1098058 0.1340929 0.1400111 0.0949628 0.1215051 0.0885462 0.1066044 0.0886439 0.0886680 0.1143504 0.1113852 0.0897888 0.1223535 0.1233728 0.0777387 0.0973040 0.1117674 0.1190788 0.1070233 0.1081402 0.1130657 0.1384230 0.1097624 0.1686248 0.1224316 0.1199632 0.1209679 0.1362033 0.1292729 0.1674787 0.0886983 0.1515109 0.1008902 0.1229053 0.1193958 0.1097961 0.0937685 0.1625837 0.1137798 0.1291075 0.0998336 0.0455624 0.1330500 0.1392999 0.1161880 0.0713511 0.0423767 0.1310238 0.1239577 0.1215476 0.1009957 0.1263377 0.1171045 0.0907720 0.0834203 0.0867295 0.1196042 0.0966861 0.1232379 0.1153321 0.1217357 0.1039150 0.0972253 0.1159955 0.0925701 0.0788159 0.1116393 0.1191435 0.0929804 0.1073073 0.1132276 0.1552015 
S0303         0.7027462 0.4843394 0.6111347 0.1544325 0.1303627 0.1602295 0.2725516 0.1575069 0.1040572 0.1363040 0.1427389 0.1383861 0.1267814 0.1276713 0.1430079 0.1662250 0.1414888 0.0000000 0.1067556 0.1481107 0.0288249 0.1578189 0.1279545 0.1574074 0.2205445 0.1502327 0.1424205 0.1453583 0.1781150 0.1383968 0.1186350 0.1729603 0.1566546 0.0289748 0.1474021 0.1618640 0.1521308 0.1964469 0.1483396 0.1504969 0.1208503 0.1292490 0.1285307 0.1742492 0.1413463 0.1339894 0.0323824 0.2905996 0.1626650 0.0308942 0.1555653 0.1266741 0.1397736 0.1156508 0.1461875 0.1181695 0.1202288 0.1378665 0.1392905 0.1542144 0.1137225 0.1378713 0.1238176 0.1056852 0.0686047 0.1452974 0.1240129 0.1217663 0.1326461 0.1382497 0.1389130 0.2038575 0.1564837 0.0995211 0.1149231 0.1742919 0.1640043 0.2137868 0.1158119 0.2017345 0.1307135 0.1421263 0.1175026 0.1501320 0.1106093 0.2100333 0.1630207 0.1673979 0.0966757 0.1319655 0.1737493 0.1760562 0.0255799 0.1323192 0.1322442 0.1579653 0.0325357 0.0288868 0.1425053 0.1320919 0.1262265 0.1119822 0.1321930 0.1247780 0.1519297 0.1275109 0.1601413 0.1453139 0.1361237 0.1225777 0.2144333 0.1505365 0.1205638 0.1380272 0.1411334 0.1635572 0.1321135 0.1486804 0.1483049 0.2377379 
S0308         0.6998837 0.5483123 0.6640996 0.1478550 0.1310066 0.1551029 0.2805500 0.1492957 0.1219775 0.1652355 0.1421733 0.1263283 0.1248677 0.1142880 0.1422078 0.1551677 0.1387970 0.1067556 0.0000000 0.1337407 0.0937963 0.1421027 0.1284218 0.1501094 0.2040637 0.1479593 0.1294356 0.1447159 0.2046345 0.1331252 0.1151623 0.1582097 0.1387605 0.0941395 0.1396246 0.1534376 0.1397065 0.1951912 0.1427507 0.1454795 0.1394368 0.1197468 0.1180256 0.1536818 0.1420005 0.1252937 0.0976950 0.2841814 0.1493319 0.0952421 0.1654054 0.1178967 0.1439187 0.1125129 0.1332033 0.1147572 0.1166014 0.1285441 0.1319517 0.1446020 0.0990664 0.1550216 0.1142847 0.1132836 0.0902913 0.1527663 0.1187537 0.1309181 0.1411239 0.1765244 0.1349121 0.1959856 0.1409968 0.1046425 0.1129904 0.1778533 0.1779609 0.2000029 0.1146366 0.1699697 0.1182928 0.1317784 0.0979351 0.1416852 0.1081648 0.1738917 0.1450151 0.1439453 0.0953179 0.1283395 0.1556166 0.1690529 0.0909324 0.1320274 0.1284195 0.1417847 0.0922723 0.0939904 0.1380046 0.1033470 0.1222514 0.1069034 0.1148571 0.1184408 0.1266241 0.1271529 0.1535068 0.1385746 0.1297659 0.1106120 0.2238810 0.1335229 0.1128749 0.1612161 0.1368911 0.1575691 0.1289449 0.1326557 0.1386210 0.1794723 
S0320         0.6855824 0.5434189 0.6598661 0.1275819 0.1632166 0.1198111 0.2543786 0.1365805 0.0956035 0.0722667 0.1221610 0.0935757 0.0343572 0.1034482 0.1165967 0.1218292 0.0509305 0.1481107 0.1337407 0.0000000 0.1246989 0.0659018 0.1172251 0.1082025 0.1642806 0.1175927 0.0981505 0.0601756 0.2013874 0.0643209 0.0817318 0.1271987 0.0640648 0.1234681 0.0622887 0.1207158 0.1252222 0.2017892 0.0554984 0.1083214 0.1141697 0.0471075 0.0632824 0.1160261 0.1159376 0.1116321 0.1247039 0.2449956 0.1168006 0.1377760 0.1389204 0.0913922 0.1206854 0.0794561 0.1059103 0.0795427 0.0831967 0.1157786 0.1151910 0.0815213 0.1258445 0.1219613 0.0714685 0.1020671 0.1153053 0.1105349 0.0962763 0.1053947 0.1081025 0.1714610 0.1113154 0.1777349 0.1221865 0.1257379 0.1146602 0.1293506 0.1246108 0.1791049 0.0795917 0.1556498 0.1059737 0.1245064 0.1208742 0.1172321 0.0910246 0.1645725 0.1149971 0.1226387 0.1010289 0.0461063 0.1277558 0.1383311 0.1195344 0.0705486 0.0446549 0.1339320 0.1231480 0.1249652 0.1020492 0.1219459 0.1218113 0.0878657 0.0840512 0.0833162 0.1285663 0.0943220 0.1267717 0.1029214 0.1172629 0.0971587 0.0958004 0.1113885 0.0832506 0.0723962 0.1132197 0.1180058 0.0939358 0.1108462 0.1061357 0.1916290 
S0322         0.7024020 0.5062680 0.6211446 0.1350210 0.1732034 0.1414969 0.2809376 0.1350379 0.1061719 0.1527222 0.1219287 0.1189429 0.1045519 0.1076891 0.1506540 0.1490346 0.1212913 0.0288249 0.0937963 0.1246989 0.0000000 0.1350201 0.1151526 0.1431152 0.1940284 0.1489935 0.1240072 0.1249442 0.2002330 0.1146642 0.0995983 0.1502136 0.1516778 0.0088780 0.1263510 0.1457320 0.1351600 0.1720364 0.1248783 0.1307689 0.1407469 0.1107810 0.1093398 0.1562245 0.1433203 0.1150979 0.0088526 0.2483359 0.1392585 0.0197125 0.1605027 0.1085942 0.1290396 0.0971346 0.1231184 0.0992569 0.1010458 0.1230786 0.1215115 0.1319803 0.0900333 0.1464064 0.1084574 0.0928255 0.0551643 0.1331606 0.1069092 0.1110514 0.1245601 0.1786991 0.1188095 0.1789755 0.1275367 0.0986504 0.0992359 0.1522467 0.1429133 0.1833892 0.0972512 0.1728134 0.1124801 0.1286107 0.0923276 0.1304772 0.0952888 0.1761559 0.1393372 0.1473592 0.0718339 0.1111694 0.1555522 0.1575279 0.0089072 0.1161878 0.1135280 0.1321339 0.0164306 0.0118405 0.1262940 0.1037413 0.1129784 0.1121149 0.1114254 0.1107951 0.1343851 0.1137863 0.1390191 0.1245253 0.1198641 0.1053367 0.2111833 0.1313326 0.1012918 0.1400065 0.1207256 0.1441036 0.1155034 0.1270552 0.1270284 0.2189907 
S0327         0.7059208 0.5469329 0.6773912 0.1415044 0.1349100 0.1348404 0.2394774 0.1322031 0.1079315 0.0871986 0.1349052 0.1107387 0.0321459 0.1099046 0.1251742 0.1285824 0.0600780 0.1578189 0.1421027 0.0659018 0.1350201 0.0000000 0.1171130 0.1777511 0.1860663 0.1354358 0.1134533 0.0780241 0.2088592 0.0544947 0.0975350 0.1529590 0.0919148 0.1294907 0.0654397 0.1380005 0.1354914 0.2085409 0.0676549 0.1222366 0.1186952 0.0593943 0.0698237 0.1159284 0.1277177 0.1272170 0.1350280 0.2537256 0.1142502 0.1485015 0.1515622 0.1117236 0.1326130 0.0950965 0.1232812 0.0952034 0.0989828 0.1410447 0.1285056 0.0881184 0.1401969 0.1121172 0.0839083 0.1182239 0.1266135 0.1240111 0.1253624 0.1177381 0.1241869 0.1896295 0.1303520 0.1684446 0.1270948 0.1339538 0.1349680 0.1631728 0.1511760 0.1802493 0.0971553 0.1552377 0.1272656 0.1350707 0.1310508 0.1233491 0.1021767 0.1638071 0.1262803 0.1304675 0.1153011 0.0494551 0.1181108 0.1241759 0.1322382 0.0832767 0.0606890 0.1399660 0.1334762 0.1353084 0.1174735 0.1362276 0.1283337 0.1238999 0.0969558 0.0985589 0.1259429 0.1159230 0.1217391 0.1027690 0.1217783 0.1055352 0.1293316 0.1211726 0.0992229 0.0953564 0.1323118 0.1073306 0.1090675 0.1280350 0.1273723 0.2027778 
S0335         0.6911971 0.5347821 0.6579233 0.0706759 0.0305955 0.1173628 0.2274748 0.1064546 0.0802882 0.1270641 0.1034076 0.0972553 0.0935776 0.0922232 0.1115572 0.1405718 0.1178207 0.1279545 0.1284218 0.1172251 0.1151526 0.1171130 0.0000000 0.0634110 0.1529801 0.1262434 0.1056442 0.1176413 0.1696512 0.1082393 0.0693735 0.1352010 0.1194096 0.1136677 0.1065989 0.1135884 0.1149576 0.1593322 0.1104019 0.1114232 0.1095688 0.1003546 0.0900878 0.1458514 0.1116924 0.1040238 0.1193042 0.2530681 0.0918048 0.1234199 0.1245205 0.0915859 0.1083976 0.0708763 0.1115032 0.0709512 0.0744893 0.1005151 0.1069048 0.1226644 0.1089799 0.1362023 0.1045838 0.0803292 0.1094611 0.1062347 0.0823372 0.0947901 0.1005253 0.1879661 0.1096605 0.1769242 0.1050704 0.1080604 0.1103095 0.1186475 0.1136466 0.1834812 0.0785442 0.1548085 0.0836734 0.0785579 0.1037522 0.1078155 0.0747476 0.1609178 0.1166445 0.0973176 0.0806721 0.0920398 0.1477381 0.1542189 0.1100653 0.1098184 0.1027142 0.1162888 0.1177619 0.1153957 0.1075595 0.1124413 0.0600336 0.0797579 0.0878237 0.0887961 0.0951455 0.0941541 0.1054114 0.1113469 0.1094270 0.0941819 0.1890566 0.0882084 0.0746622 0.1285535 0.1115359 0.1364718 0.1056463 0.1091961 0.0905464 0.1485767 
S0345         0.5063111 0.3689972 0.5040142 0.0589222 0.0000010 0.1308039 0.2248651 0.1529006 0.0596947 0.1151911 0.0974280 0.1024595 0.1027520 0.0975800 0.1073901 0.0890685 0.1139894 0.1574074 0.1501094 0.1082025 0.1431152 0.1777511 0.0634110 0.0000000 0.1876211 0.1682524 0.1093435 0.1257905 0.0989745 0.1322457 0.0594849 0.2012321 0.0795602 0.1505450 0.1248497 0.0745045 0.1175101 0.2166104 0.0898093 0.0860906 0.0818053 0.1189670 0.0868116 0.1347813 0.0871202 0.0868876 0.1534566 0.3884055 0.1202118 0.1591894 0.1013033 0.0915291 0.0702898 0.0545402 0.1201505 0.0545402 0.0545402 0.0875854 0.0928856 0.1268088 0.1224320 0.1121840 0.1111223 0.0811574 0.1126875 0.0759257 0.0866203 0.0661575 0.0702055 0.1543926 0.1129090 0.2364292 0.1103246 0.0941862 0.1520240 0.0862552 0.0917236 0.2315747 0.0598059 0.1688251 0.0699695 0.0858084 0.1103251 0.1049622 0.0764797 0.1680023 0.1362398 0.1318454 0.0654032 0.1026487 0.1291258 0.1294876 0.1333021 0.1093020 0.1146106 0.1152971 0.1562721 0.1437009 0.1044051 0.1209011 0.0402893 0.0732981 0.0986857 0.0762326 0.1411748 0.0892685 0.1260263 0.1306994 0.1079620 0.0854773 0.1128607 0.0992793 0.0593126 0.1295429 0.1183437 0.1298340 0.0920135 0.1124012 0.1036105 0.1532701 
S0376         0.6716984 0.4903916 0.6420464 0.1293619 0.1174199 0.1264952 0.3374666 0.1082821 0.1521391 0.1855949 0.1690480 0.1229454 0.1538648 0.1743342 0.1348889 0.1613825 0.1741979 0.2205445 0.2040637 0.1642806 0.1940284 0.1860663 0.1529801 0.1876211 0.0000000 0.1407025 0.1233688 0.1790709 0.2253430 0.1537422 0.1337559 0.0913563 0.1703065 0.1923428 0.1826453 0.1595906 0.1432348 0.2128327 0.1739901 0.1356197 0.1249334 0.1547055 0.1443851 0.1901454 0.1386293 0.1552691 0.1971229 0.3081602 0.1232477 0.2040006 0.1713279 0.1071118 0.1619410 0.1303205 0.1199715 0.1331767 0.1279366 0.1528218 0.1601794 0.1803817 0.1854023 0.1725309 0.1733532 0.1490527 0.1674616 0.1567697 0.1537029 0.1419048 0.1620895 0.2016767 0.1725721 0.2461244 0.1371675 0.1772851 0.1613946 0.1783537 0.1661627 0.2408897 0.1382926 0.2093159 0.1391190 0.1823418 0.1725312 0.1206576 0.1429177 0.2129175 0.1323400 0.1485110 0.1550071 0.1330078 0.1968930 0.1967937 0.1873817 0.1668203 0.1658765 0.1446337 0.1921352 0.1945487 0.1203656 0.1732397 0.1628073 0.1761857 0.1046208 0.1013868 0.1058234 0.1702322 0.1331474 0.1820890 0.1828525 0.1551416 0.2214498 0.1187079 0.1358740 0.1919505 0.1721518 0.1753701 0.1133368 0.1746779 0.1097540 0.2299893 
S0400         0.7166300 0.5128272 0.6714884 0.1402137 0.1280129 0.0907809 0.2570942 0.1222542 0.1140019 0.1180834 0.1417225 0.0379143 0.1127008 0.1223956 0.0202625 0.1335498 0.1206949 0.1502327 0.1479593 0.1175927 0.1489935 0.1354358 0.1262434 0.1682524 0.1407025 0.0000000 0.0452887 0.1289425 0.1686069 0.1281544 0.1071489 0.1081688 0.1346293 0.1469192 0.1367988 0.1535937 0.1053656 0.1916877 0.1401945 0.0872859 0.0397392 0.1171029 0.0973117 0.1391828 0.0418043 0.1363418 0.1537622 0.2680789 0.0984037 0.1639089 0.1021496 0.0600705 0.1353034 0.1066994 0.0431925 0.1062360 0.1068558 0.1258361 0.1451124 0.1253049 0.1467015 0.1038057 0.1078360 0.1013335 0.1316430 0.1414554 0.1154670 0.1281069 0.1367338 0.1179785 0.1372704 0.2010251 0.1184178 0.1361991 0.1392795 0.1557974 0.1509930 0.1957641 0.1091258 0.1781588 0.1197998 0.1357087 0.1388039 0.0896161 0.1024216 0.1860845 0.0257512 0.1038280 0.1135107 0.1150134 0.1510275 0.1580864 0.1434687 0.1290291 0.1125352 0.1410245 0.1496926 0.1493310 0.0413162 0.1410799 0.1279453 0.1214585 0.0388634 0.0386875 0.1072620 0.1160201 0.1017352 0.1255465 0.1352976 0.1207924 0.1670185 0.0907426 0.1111719 0.1239360 0.1393409 0.1432059 0.0398064 0.1486211 0.0822568 0.2037810 
S0405         0.6683357 0.5134275 0.6221796 0.1156223 0.1140054 0.0663079 0.2458727 0.0998514 0.0963733 0.1108977 0.1160641 0.0214021 0.0910880 0.1019867 0.0374358 0.1079354 0.0971432 0.1424205 0.1294356 0.0981505 0.1240072 0.1134533 0.1056442 0.1093435 0.1233688 0.0452887 0.0000000 0.0965645 0.1559243 0.1038867 0.0827645 0.0891151 0.1050475 0.1246779 0.1072700 0.1280236 0.0853804 0.1916854 0.1075049 0.0674065 0.0259733 0.0873844 0.0737805 0.1264417 0.0318567 0.1143593 0.1260976 0.2476154 0.0768113 0.1369856 0.1247014 0.0377111 0.1134554 0.0842702 0.0293761 0.0843621 0.0843852 0.0988474 0.1240716 0.0991924 0.1177058 0.1315402 0.0874608 0.0893869 0.1136935 0.1132031 0.0920249 0.1041389 0.1104716 0.1366231 0.1199011 0.1786744 0.0986442 0.1257813 0.1132425 0.1272648 0.1203026 0.1842848 0.0900256 0.1587508 0.0898288 0.1126432 0.1188765 0.0770908 0.0805107 0.1652779 0.0345172 0.0876474 0.0864448 0.0879200 0.1239488 0.1343662 0.1188714 0.1067319 0.0977530 0.1230623 0.1224641 0.1242706 0.0198611 0.1191787 0.1089573 0.0912273 0.0170377 0.0122313 0.0884164 0.1020208 0.0840906 0.1072532 0.1154583 0.0981949 0.1687366 0.0699056 0.0882276 0.1105426 0.1218066 0.1238554 0.0183030 0.1299743 0.0681356 0.1618087 
S0407sl       0.7226203 0.5140568 0.6286506 0.1314915 0.1450464 0.1221880 0.2678385 0.1370201 0.1002032 0.0691061 0.1178201 0.0958991 0.0444003 0.1021865 0.1060877 0.1281113 0.0647858 0.1453583 0.1447159 0.0601756 0.1249442 0.0780241 0.1176413 0.1257905 0.1790709 0.1289425 0.0965645 0.0000000 0.2007962 0.0636571 0.0902587 0.1294913 0.0912208 0.1237293 0.0746247 0.1338531 0.1185404 0.1840015 0.0652270 0.1133751 0.1129782 0.0569280 0.0748394 0.1189553 0.1127814 0.1078411 0.1249493 0.2390315 0.1171087 0.1378680 0.1370136 0.0943977 0.1252098 0.0879230 0.1099299 0.0880193 0.0916978 0.1305817 0.1152160 0.0953868 0.1242558 0.1234232 0.0815233 0.1023404 0.1135084 0.1149477 0.1033428 0.1076528 0.1151110 0.1667385 0.1197422 0.1678924 0.1203194 0.1241529 0.1128981 0.1390501 0.1274008 0.1739862 0.0880253 0.1588382 0.1106709 0.1188093 0.1213349 0.1112213 0.0901083 0.1673715 0.1210130 0.1268866 0.1034736 0.0525470 0.1240000 0.1258639 0.1221535 0.0844958 0.0580673 0.1393301 0.1234124 0.1232088 0.1043125 0.1263098 0.1289803 0.0947726 0.0867140 0.0900157 0.1331786 0.1044172 0.1206598 0.0984307 0.1118492 0.0940053 0.1127709 0.1177241 0.0919157 0.0329499 0.1216449 0.1170242 0.0962636 0.1134973 0.1159142 0.1682147 
S0412sl       0.7921664 0.5735173 0.6843765 0.1838340 0.2703777 0.1614473 0.3187940 0.1895064 0.1317198 0.1574388 0.1867972 0.1517083 0.1770792 0.1844538 0.1514689 0.1807538 0.1792797 0.1781150 0.2046345 0.2013874 0.2002330 0.2088592 0.1696512 0.0989745 0.2253430 0.1686069 0.1559243 0.2007962 0.0000000 0.2055031 0.1459090 0.2080994 0.1711979 0.1982605 0.2172313 0.1958695 0.1671487 0.2339132 0.1904622 0.1587255 0.1197804 0.1841240 0.1689338 0.1956619 0.1479633 0.1798092 0.2032888 0.3551163 0.1246446 0.2147360 0.1890850 0.1399072 0.1868779 0.1421675 0.1578982 0.1452428 0.1424239 0.1896744 0.1788187 0.2099102 0.1737910 0.1672703 0.1758739 0.1564879 0.1694443 0.1938598 0.1881201 0.1631983 0.1795518 0.1853552 0.1852103 0.2455456 0.1759586 0.1508057 0.1909505 0.2131693 0.2008375 0.2619221 0.1474956 0.2296724 0.1763114 0.1958218 0.1839921 0.1518194 0.1707250 0.2318263 0.1648124 0.1735693 0.1546765 0.1722859 0.2043898 0.2107159 0.1899248 0.1951329 0.1850880 0.1609103 0.2082066 0.1951485 0.1584677 0.1831942 0.1643490 0.1101606 0.1447690 0.1287618 0.1861238 0.1745213 0.1625983 0.1846563 0.1995006 0.1703776 0.1977845 0.1575536 0.1477841 0.1793933 0.1883071 0.2002666 0.1497521 0.1920512 0.1715685 0.1539692 
S0417         0.6859260 0.4976630 0.6204899 0.1322391 0.1481722 0.1261202 0.2392403 0.1168031 0.0971946 0.0814487 0.1203570 0.0992255 0.0289162 0.1006762 0.1164531 0.1117077 0.0650607 0.1383968 0.1331252 0.0643209 0.1146642 0.0544947 0.1082393 0.1322457 0.1537422 0.1281544 0.1038867 0.0636571 0.2055031 0.0000000 0.0891031 0.1420779 0.0741495 0.1134197 0.0619291 0.1235236 0.1234401 0.1890999 0.0588748 0.1103452 0.1141502 0.0559634 0.0645152 0.1204405 0.1161200 0.1173978 0.1146669 0.2548184 0.1208381 0.1228853 0.1416642 0.0977055 0.1181667 0.0867611 0.1135531 0.0868567 0.0905546 0.1195856 0.1208449 0.0792241 0.1122148 0.1218042 0.0672959 0.1076263 0.1085994 0.1059939 0.1006230 0.1037662 0.1119945 0.1509924 0.1164666 0.1572927 0.1119289 0.1094079 0.1079363 0.1308075 0.1287665 0.1681035 0.0887660 0.1504566 0.1039430 0.1241300 0.1071143 0.1103482 0.0885235 0.1568922 0.1207123 0.1183128 0.1003422 0.0461521 0.1256313 0.1316888 0.1118398 0.0739123 0.0536320 0.1291197 0.1131306 0.1149054 0.1078301 0.1123743 0.1175421 0.0932214 0.0897147 0.0893472 0.1163305 0.0953449 0.1157893 0.1020963 0.1141891 0.0944507 0.1209620 0.1088378 0.0889579 0.0796764 0.1183711 0.1183512 0.0996083 0.1180310 0.1171345 0.1811550 
S0419         0.6680694 0.5141100 0.6321496 0.0847817 0.0910962 0.1055100 0.2446399 0.0907797 0.0154581 0.1106792 0.0664996 0.0802956 0.0730133 0.0739513 0.0889805 0.1085373 0.0909023 0.1186350 0.1151623 0.0817318 0.0995983 0.0975350 0.0693735 0.0594849 0.1337559 0.1071489 0.0827645 0.0902587 0.1459090 0.0891031 0.0000000 0.1064716 0.0903195 0.1001260 0.0893896 0.0879565 0.0959738 0.1449040 0.0855095 0.0885628 0.0902279 0.0866214 0.0751393 0.1172399 0.0914670 0.0560629 0.1036194 0.2104520 0.0826992 0.1093147 0.0994689 0.0750850 0.0811337 0.0044399 0.0939427 0.0044439 0.0074306 0.0908484 0.0625669 0.1034976 0.0954238 0.1106100 0.0895165 0.0533442 0.0852318 0.0872231 0.0678644 0.0700387 0.0757649 0.1477032 0.0722431 0.1498053 0.0739436 0.1002686 0.0928031 0.1052433 0.1025440 0.1617601 0.0135331 0.1335912 0.0687605 0.0796739 0.0921204 0.0795910 0.0536846 0.1375847 0.0968864 0.0942286 0.0553469 0.0736628 0.1194514 0.1255917 0.0945402 0.0946891 0.0856327 0.0977703 0.0940670 0.0998084 0.0903228 0.1050587 0.0775062 0.0763824 0.0709006 0.0721361 0.0797832 0.0798269 0.0828077 0.0955501 0.0909872 0.0676278 0.1487510 0.0815494 0.0074461 0.1040986 0.0739970 0.1085304 0.0806011 0.0711410 0.0721136 0.1343831 
S0427         0.7082290 0.5469811 0.7082821 0.1377394 0.1138991 0.1107241 0.3193132 0.1062268 0.1244115 0.1427406 0.1453142 0.0893363 0.1294936 0.1304247 0.1013177 0.1430899 0.1365127 0.1729603 0.1582097 0.1271987 0.1502136 0.1529590 0.1352010 0.2012321 0.0913563 0.1081688 0.0891151 0.1294913 0.2080994 0.1420779 0.1064716 0.0000000 0.1693220 0.1510540 0.1476666 0.1530628 0.1201587 0.1977997 0.1396873 0.1120659 0.1065280 0.1190742 0.1114483 0.1440503 0.1105848 0.1258944 0.1547851 0.2651281 0.1044933 0.1645121 0.1572001 0.0873885 0.1403569 0.1060429 0.0993526 0.1056004 0.1061923 0.1265160 0.1357272 0.1391537 0.1513434 0.1488443 0.1202036 0.1015184 0.1187939 0.1370027 0.1192286 0.1272507 0.1340776 0.1623666 0.1263083 0.2117098 0.1132473 0.1532167 0.1237888 0.1587712 0.1456106 0.2097331 0.1122384 0.1889633 0.1206457 0.1373081 0.1451980 0.1160880 0.1100969 0.1877681 0.1081198 0.1169841 0.1171253 0.1154212 0.1502498 0.1613864 0.1425500 0.1341531 0.1261221 0.1407838 0.1462698 0.1481462 0.0933634 0.1514355 0.1318940 0.1533309 0.0834610 0.0867774 0.0970236 0.1338796 0.1119709 0.1373967 0.1432300 0.1175580 0.2033928 0.1000930 0.1062313 0.1474973 0.1260697 0.1429947 0.0895400 0.1334143 0.0964027 0.2226862 
