122
CRNC          0.0000000 0.1833744 0.2719729 0.5182495 0.5906012 0.5552002 0.5176130 0.4603982 0.5350000 0.5777271 0.5917620 0.4813338 0.5982845 0.5314191 0.4779904 0.4678219 0.5106199 0.5310182 0.5540572 0.6948601 0.5520836 0.5016091 0.5225139 0.6647163 0.5877539 0.4724065 0.4864187 0.5035433 0.4797494 0.4841088 0.5482446 0.5382329 0.5418278 0.5353973 0.5179476 0.5993922 0.5089552 0.4941194 0.5032855 0.5057042 0.4752140 0.5561532 0.5227335 0.4902815 0.4302423 0.4748042 0.4790202 0.5557854 0.3889048 0.5222206 0.5210706 0.5365311 0.4507812 0.5646958 0.5301118 0.4724737 0.5251430 0.5654340 0.5740834 0.5593217 0.5304063 0.4381762 0.4887744 0.5584252 0.5405138 0.6408561 0.5309176 0.6135366 0.5985938 0.5661037 0.6241857 0.5573911 0.5573185 0.3992415 0.5800262 0.5361813 0.4675033 0.5519961 0.5591590 0.4189708 0.5551869 0.4323339 0.6542356 0.5805888 0.5012415 0.5154073 0.5255738 0.4989481 0.4004865 0.4751234 0.4920270 0.5504535 0.5971597 0.5065448 0.5306199 0.5210535 0.5341936 0.5208099 0.4972423 0.5072706 0.5242085 0.4836941 0.5130809 0.5251260 0.5480006 0.4386707 0.4454456 0.4725910 0.5152386 0.4901787 0.5094265 0.4887705 0.6002682 0.5843694 0.5015691 0.5211200 0.4992765 0.5528814 0.5153008 0.4820394 0.5581321 0.4917092 
HYZL          0.1833744 0.0000000 0.1244716 0.5061811 0.5444951 0.5035985 0.4075090 0.4551679 0.4977280 0.5243979 0.5307429 0.4960775 0.5357461 0.5132458 0.4832723 0.4843721 0.4951556 0.5186180 0.5257297 0.6027081 0.5422372 0.4841046 0.5251493 0.5465754 0.5220443 0.4768875 0.4661817 0.4619368 0.4855804 0.4417176 0.5048065 0.5166959 0.4865905 0.5247824 0.4912801 0.5763220 0.4825859 0.5075756 0.4733687 0.4707397 0.4789189 0.5281655 0.4621438 0.4588744 0.4039822 0.4722491 0.4407760 0.5070297 0.3693060 0.5295790 0.5099994 0.4899417 0.4450364 0.5714197 0.4889086 0.4859540 0.4930222 0.5110496 0.5511197 0.4938274 0.4711796 0.4574436 0.4485392 0.4941749 0.4971899 0.6055877 0.5337912 0.5521265 0.5490793 0.5574507 0.5760399 0.5341838 0.5378507 0.3523781 0.5098876 0.5238723 0.5050394 0.5052666 0.5187574 0.3592040 0.4975742 0.3816486 0.4943772 0.5157552 0.4854295 0.4973539 0.5202076 0.5203009 0.3691577 0.4623417 0.4801830 0.5131878 0.5099935 0.4457855 0.4812518 0.5093621 0.4581838 0.4913924 0.4980158 0.5118045 0.5107202 0.4767013 0.5297615 0.4668445 0.5359707 0.4013018 0.4327399 0.4782090 0.5210044 0.5129903 0.4872440 0.4821569 0.5502829 0.5240973 0.4772936 0.4885234 0.4647073 0.5339425 0.4546352 0.4880145 0.5461347 0.4719676 
MYZV          0.2719729 0.1244716 0.0000000 0.6210214 0.9248698 0.6428917 0.4769453 0.5859282 0.5940813 0.6373713 0.6410057 0.5776324 0.6394040 0.5941080 0.6483740 0.5588795 0.5225049 0.5879111 0.5759331 0.7252465 0.6310834 0.5985220 0.6406954 0.6469206 0.6479333 0.5802375 0.6186569 0.5478726 0.5858130 0.5620878 0.6131197 0.6401803 0.7079585 0.6301313 0.5746943 0.6354284 0.6125908 0.5967685 0.5650667 0.5693318 0.6272292 0.6265703 0.5971638 0.5229785 0.4827095 0.6149165 0.5452862 0.6069184 0.4359685 0.6419257 0.6035129 0.6430578 0.5584934 0.6103535 0.5888192 0.5656316 0.6018766 0.6487953 0.6494570 0.6298880 0.5849371 0.5604873 0.4982039 0.6125690 0.6368999 0.7313122 0.6184057 0.6154671 0.7336869 0.6660410 0.6650433 0.6411553 0.5586504 0.4196985 0.6733712 0.6227391 0.6029071 0.6712802 0.6860694 0.4565165 0.6222562 0.4959970 0.6390217 0.6826455 0.6012335 0.6051709 0.6299053 0.6207804 0.4537522 0.5517540 0.5761783 0.6518749 0.6218618 0.5203933 0.5962720 0.6044567 0.5550234 0.5850237 0.6056757 0.5805907 0.5983487 0.5920059 0.6252225 0.5695328 0.6840910 0.5005779 0.5478896 0.5588106 0.6525595 0.6702280 0.5982603 0.5854861 0.7098270 0.6279326 0.5869868 0.5867873 0.5321522 0.6008968 0.5330645 0.5715616 0.5789696 0.6119011 
SRR6441723    0.5182495 0.5061811 0.6210214 0.0000000 0.0634999 0.0829338 0.2599841 0.0647218 0.0649678 0.1200977 0.1009008 0.0773508 0.1142937 0.0606560 0.0813408 0.1031770 0.1182109 0.1124367 0.0998635 0.1516087 0.1052679 0.0906929 0.0570407 0.0685480 0.0999162 0.0620559 0.0691488 0.0907865 0.0805291 0.0735044 0.0770670 0.0808245 0.0938170 0.1164740 0.1034125 0.0649361 0.0976409 0.1230700 0.1042341 0.0806001 0.0694002 0.1103069 0.0879891 0.0969299 0.0485707 0.0542040 0.0629074 0.0975256 0.1841901 0.0756744 0.1037225 0.0735157 0.0499712 0.0821095 0.0764257 0.0693066 0.0699139 0.0750723 0.0879527 0.0929803 0.0904470 0.1094610 0.0948538 0.0832709 0.0506682 0.1127971 0.1035450 0.0786121 0.0696805 0.0825651 0.0788969 0.0843481 0.1062453 0.1587642 0.0748141 0.1080771 0.1092535 0.0886900 0.0929957 0.1609827 0.0730059 0.1651767 0.0629599 0.0909869 0.0426917 0.0970406 0.0825591 0.0805477 0.1687340 0.0667504 0.0879515 0.0564438 0.0940792 0.0886292 0.0995639 0.1029162 0.0948059 0.1329829 0.1093984 0.1040510 0.1092683 0.0715853 0.1120146 0.0467331 0.0713433 0.0370644 0.0594377 0.0775415 0.0671675 0.0822944 0.1021185 0.0612424 0.0644847 0.1316894 0.0773073 0.0669282 0.0963864 0.0880820 0.1047238 0.0713057 0.1057755 0.0675700 
ERR4210213    0.5906012 0.5444951 0.9248698 0.0634999 0.0000000 0.1323956 0.2663232 0.1066283 0.1077355 0.1091586 0.1653498 0.1062674 0.1322794 0.1059198 0.1453157 0.1299509 0.1659468 0.1076739 0.1091467 0.1352692 0.1014497 0.1449946 0.0335291 0.0793337 0.1412889 0.0961646 0.1033734 0.1212094 0.1379777 0.0863547 0.1076764 0.1207592 0.1307413 0.1181442 0.1162739 0.0998638 0.1399732 0.1526121 0.1143719 0.1396229 0.1051631 0.1253415 0.1062359 0.1197012 0.0824934 0.1011638 0.0774604 0.1067008 0.2057944 0.1013498 0.0827608 0.1392643 0.0861212 0.1300537 0.1076764 0.1170118 0.1006080 0.1151539 0.1211070 0.1345615 0.0860974 0.1355396 0.1226380 0.1047637 0.0963525 0.1567859 0.0963715 0.1327230 0.1152793 0.1360614 0.1268479 0.0773210 0.1572769 0.1932738 0.1359012 0.1616868 0.1426907 0.1278545 0.1612380 0.1777147 0.1076764 0.1903966 0.1193906 0.1201598 0.0903680 0.1625141 0.1171732 0.0977363 0.1967035 0.0941080 0.1049851 0.0761532 0.1151102 0.1226380 0.1226380 0.0879778 0.1190747 0.1252768 0.1255680 0.1085725 0.1091591 0.1032658 0.1370179 0.0688072 0.1049097 0.0686439 0.0783590 0.1089870 0.0978784 0.1025341 0.1214334 0.0977107 0.0906534 0.1353321 0.0936837 0.1086672 0.1063378 0.1474142 0.1627927 0.1254981 0.1428298 0.0999442 
ERR2789774    0.5552002 0.5035985 0.6428917 0.0829338 0.1323956 0.0000000 0.2852673 0.0779090 0.0906101 0.1319203 0.1201114 0.0729544 0.1377007 0.0905514 0.0717294 0.1002723 0.1284446 0.1160990 0.1071618 0.1767867 0.1097145 0.0997314 0.0941614 0.1223771 0.0964326 0.0631256 0.0703523 0.1070128 0.0789611 0.0861392 0.0816511 0.0815257 0.0989464 0.1170086 0.1188631 0.1097902 0.1068712 0.1302019 0.1187634 0.0750076 0.0671771 0.1274390 0.1018437 0.1080364 0.0302045 0.0572808 0.0698818 0.1027636 0.1877084 0.0745434 0.1087792 0.0923791 0.0505443 0.1226363 0.0771561 0.0705155 0.0763307 0.0750488 0.1217593 0.0954831 0.0950007 0.1087944 0.1061395 0.1154312 0.0781221 0.1219795 0.1046484 0.1110945 0.1072216 0.1209734 0.1135314 0.1228998 0.1212551 0.1786051 0.1109388 0.1168393 0.1104444 0.1175987 0.1325444 0.1714325 0.0756813 0.1753567 0.0740427 0.1294700 0.0833186 0.1091267 0.0875301 0.0925603 0.1770019 0.0654109 0.0873809 0.0777444 0.1148028 0.1068722 0.1136815 0.1115814 0.1073589 0.1562959 0.1250087 0.1064973 0.1094541 0.0693114 0.1244289 0.0758372 0.1013150 0.0423163 0.0533616 0.0821488 0.0899889 0.0758470 0.1454403 0.0727627 0.0841319 0.1489318 0.0746748 0.0714338 0.1213389 0.1055883 0.1246483 0.0756463 0.1183157 0.0651640 
PAFTOL_019361 0.5176130 0.4075090 0.4769453 0.2599841 0.2663232 0.2852673 0.0000000 0.2301909 0.2344502 0.3180395 0.2531427 0.2314697 0.3123423 0.2662745 0.2344188 0.2919115 0.3250376 0.2824568 0.3031656 0.3383652 0.2946378 0.2648919 0.2480196 0.2183288 0.2715327 0.2106344 0.2172235 0.2426634 0.2666570 0.2485747 0.2505532 0.2766710 0.2865015 0.3016886 0.2643506 0.2821546 0.2788006 0.3086157 0.2854497 0.2443860 0.2284417 0.3153811 0.2390529 0.2831634 0.1937938 0.2106691 0.2174871 0.2448416 0.2471853 0.2576466 0.2798700 0.2598952 0.2093492 0.3000222 0.2445664 0.2385911 0.2362178 0.2498783 0.2848162 0.2740095 0.2385893 0.2602480 0.2478893 0.2428522 0.2558061 0.3172948 0.3032449 0.2843201 0.2840510 0.2855137 0.3100974 0.2444942 0.2824865 0.2282888 0.2645161 0.2934469 0.3005113 0.2948574 0.2988533 0.2136864 0.2460126 0.2188590 0.2385080 0.2850389 0.2619059 0.2851027 0.2532175 0.2745396 0.2171841 0.2293640 0.2436388 0.2628523 0.2702006 0.2444907 0.2761023 0.2857197 0.2366598 0.3141867 0.2838836 0.3089428 0.3045990 0.2329250 0.2829961 0.2392472 0.3024237 0.1775630 0.2154975 0.2527666 0.2843336 0.2420798 0.2910167 0.2656705 0.3010336 0.3078379 0.2255909 0.2382619 0.2903942 0.2683579 0.2781271 0.2292564 0.2920860 0.2201617 
S0055         0.4603982 0.4551679 0.5859282 0.0647218 0.1066283 0.0779090 0.2301909 0.0000000 0.0699563 0.1183849 0.0940598 0.0544435 0.1084938 0.0717985 0.0535489 0.0795102 0.1121597 0.0900997 0.0965889 0.1409865 0.0900542 0.0758690 0.0772135 0.0787382 0.0724385 0.0391339 0.0408414 0.0904817 0.0584037 0.0626822 0.0675767 0.0670709 0.0721099 0.0927488 0.1004676 0.0991564 0.0737346 0.0993120 0.1004729 0.0581542 0.0441522 0.1055836 0.0865279 0.1001389 0.0329118 0.0361406 0.0534490 0.0735846 0.1686687 0.0606670 0.0775098 0.0779710 0.0323411 0.1120625 0.0691544 0.0439729 0.0610101 0.0677041 0.1146371 0.0824022 0.0793436 0.0756074 0.0838091 0.0779511 0.0720797 0.1029625 0.0884900 0.1098962 0.1044074 0.1162526 0.1059365 0.0465863 0.1029370 0.1581225 0.0981946 0.0953988 0.0988403 0.1015370 0.1074666 0.1534344 0.0674221 0.1469896 0.0683703 0.1096503 0.0716757 0.0869536 0.0458354 0.0762104 0.1545312 0.0461913 0.0561759 0.0622398 0.0932525 0.0823791 0.0883655 0.0811235 0.0830741 0.1209659 0.0892199 0.0809698 0.0857535 0.0443698 0.0972436 0.0607825 0.0825563 0.0219342 0.0286112 0.0259369 0.0789959 0.0466757 0.1202870 0.0679180 0.0716462 0.1227116 0.0499686 0.0613835 0.0941764 0.0860667 0.1005515 0.0486898 0.1024386 0.0359751 
S0196sl       0.5350000 0.4977280 0.5940813 0.0649678 0.1077355 0.0906101 0.2344502 0.0699563 0.0000000 0.1328644 0.0961273 0.0819642 0.1178637 0.0809673 0.0787936 0.1009051 0.1261755 0.0976493 0.0886204 0.1564493 0.0825458 0.0783567 0.1060877 0.0865188 0.1030020 0.0661844 0.0706110 0.0745565 0.0961896 0.0681274 0.0159546 0.0815861 0.0803636 0.0779546 0.1128844 0.0982808 0.0902890 0.1000960 0.0956970 0.0867668 0.0752135 0.1171600 0.0942472 0.0907021 0.0443436 0.0664971 0.0335450 0.0782871 0.1962094 0.0798703 0.0865393 0.0605767 0.0537786 0.1139970 0.0158264 0.0729870 0.0108938 0.0142717 0.1113973 0.0521821 0.0856608 0.0782353 0.0866194 0.0891474 0.0652932 0.1223093 0.0830760 0.1085877 0.0960995 0.1190217 0.1056706 0.0768843 0.0808012 0.1738509 0.0731930 0.0765313 0.0816061 0.1132333 0.1250209 0.1755401 0.0125256 0.1784922 0.0740335 0.1096011 0.0676028 0.0670757 0.0833547 0.1053967 0.1758998 0.0695255 0.0737756 0.0641421 0.0994214 0.0870818 0.0943287 0.0898008 0.0917775 0.1419463 0.0865174 0.0801386 0.0814725 0.0780014 0.0821188 0.0783961 0.1007253 0.0472046 0.0573163 0.0654927 0.0973945 0.0774346 0.0947863 0.0780773 0.0892635 0.1320455 0.0701303 0.0109491 0.0714853 0.0587413 0.0968156 0.0775113 0.0731231 0.0562131 
S0278         0.5777271 0.5243979 0.6373713 0.1200977 0.1091586 0.1319203 0.3180395 0.1183849 0.1328644 0.0000000 0.1360845 0.1231420 0.0581966 0.1219673 0.1350107 0.1503675 0.0590792 0.1646015 0.1410533 0.0825004 0.1503761 0.0516333 0.1239152 0.1147004 0.1517006 0.1172002 0.1216071 0.0534938 0.1305740 0.0334864 0.1230105 0.1279896 0.0529215 0.1625135 0.0679099 0.1223879 0.1373254 0.1477719 0.0442194 0.1278661 0.1219917 0.0421684 0.0850796 0.1059282 0.0935163 0.1215158 0.0926547 0.1325042 0.2091512 0.1282158 0.1392356 0.1365152 0.1002760 0.1392022 0.1168772 0.1233158 0.1183645 0.1236875 0.1360800 0.1198614 0.0829181 0.1420640 0.0878959 0.0792488 0.1177150 0.0536601 0.1481759 0.1289462 0.1150918 0.1354137 0.1360821 0.1473066 0.1337532 0.1924822 0.1582572 0.1581538 0.1428001 0.1442797 0.1583912 0.1828703 0.1232962 0.1840343 0.0817042 0.1498886 0.1280751 0.1472227 0.1186948 0.1419030 0.1854305 0.1257034 0.1117290 0.1232289 0.0497785 0.0864906 0.0902669 0.1397052 0.0926729 0.0596400 0.1478495 0.1516086 0.1571632 0.1288795 0.1594299 0.1157530 0.1422197 0.0980291 0.1039352 0.1180833 0.1301520 0.1232084 0.1092572 0.1111150 0.1302985 0.0724925 0.0959007 0.1210760 0.0561251 0.1310533 0.1028338 0.1283206 0.1370815 0.1131908 
S0281         0.5917620 0.5307429 0.6410057 0.1009008 0.1653498 0.1201114 0.2531427 0.0940598 0.0961273 0.1360845 0.0000000 0.1176747 0.1298672 0.1015298 0.1105893 0.1442629 0.1334035 0.1404337 0.1434903 0.1849115 0.1293342 0.0955723 0.1177535 0.1279646 0.1326789 0.0996361 0.1038340 0.1188075 0.1239677 0.0880548 0.0920337 0.1194294 0.1025534 0.1352398 0.1226020 0.1235048 0.1236737 0.1269533 0.1174408 0.1203790 0.1043875 0.1305270 0.1169078 0.1299868 0.0794221 0.1038140 0.0715073 0.1194723 0.2321331 0.1206579 0.1353606 0.1087588 0.0886416 0.1379295 0.0895416 0.1078645 0.0830094 0.0898903 0.1399740 0.0977283 0.1137507 0.1235967 0.1146659 0.1126351 0.1073320 0.1262917 0.1159971 0.1290777 0.1310456 0.1338441 0.1371485 0.1030781 0.0845793 0.2400105 0.1185189 0.1217334 0.1187608 0.1348441 0.1423992 0.2134497 0.0895125 0.2198548 0.1003108 0.1537449 0.1052379 0.1141787 0.1062112 0.1122739 0.2186001 0.1094863 0.1113612 0.1083409 0.1149541 0.1132304 0.1199667 0.1371914 0.1151224 0.1561270 0.1116207 0.1314131 0.1368446 0.1088918 0.1189646 0.1021347 0.1090236 0.0785616 0.0908482 0.1147991 0.0967453 0.0970794 0.1632708 0.0932795 0.1019505 0.1607375 0.1024491 0.0834990 0.1240777 0.0915006 0.1148673 0.1111950 0.0936226 0.1013320 
S0282         0.4813338 0.4960775 0.5776324 0.0773508 0.1062674 0.0729544 0.2314697 0.0544435 0.0819642 0.1231420 0.1176747 0.0000000 0.1188578 0.0742006 0.0330366 0.0672310 0.1216514 0.0998319 0.1012883 0.1584483 0.0960007 0.0887358 0.0947649 0.0817903 0.0924383 0.0205926 0.0296781 0.0944100 0.0609427 0.0723722 0.0764873 0.0709218 0.0937791 0.1023719 0.1000203 0.1038800 0.0927608 0.1180324 0.1122547 0.0574886 0.0312864 0.1147412 0.0919344 0.1033593 0.0329875 0.0203911 0.0718034 0.0837261 0.1828236 0.0633270 0.0920284 0.0973500 0.0169593 0.1108142 0.0721683 0.0297349 0.0671882 0.0744772 0.1079187 0.0974514 0.0858682 0.0924707 0.0911682 0.0958557 0.0726511 0.1065345 0.0899976 0.1133545 0.1116041 0.1181926 0.1073861 0.0459025 0.1151412 0.1654722 0.0914921 0.0965131 0.1089963 0.1141075 0.1233931 0.1588250 0.0741678 0.1629230 0.0719138 0.1272122 0.0808785 0.0838720 0.0696137 0.0991003 0.1640231 0.0283057 0.0631971 0.0761477 0.0990208 0.0937752 0.0961167 0.0993928 0.0934117 0.1424148 0.1057616 0.0944225 0.0955226 0.0314352 0.1039730 0.0719827 0.0991711 0.0164944 0.0240386 0.0730840 0.0871677 0.0625684 0.1229960 0.0784068 0.0798944 0.1341139 0.0494438 0.0675985 0.1082550 0.0937178 0.1164559 0.0328146 0.1177995 0.0374943 
S0289         0.5982845 0.5357461 0.6394040 0.1142937 0.1322794 0.1377007 0.3123423 0.1084938 0.1178637 0.0581966 0.1298672 0.1188578 0.0000000 0.1155420 0.1311693 0.1454719 0.0592289 0.1567367 0.1415451 0.0853507 0.1425177 0.0556518 0.1232058 0.1261014 0.1415837 0.1110418 0.1115374 0.0523866 0.1296440 0.0358619 0.1178436 0.1286521 0.0468235 0.1495182 0.0786856 0.1224616 0.1182712 0.1297907 0.0485113 0.1274034 0.1157959 0.0664235 0.0776272 0.1009727 0.0889365 0.1114858 0.0922569 0.1201066 0.2082241 0.1246895 0.1424991 0.1352076 0.0935832 0.1399736 0.1126037 0.1196277 0.1082715 0.1155212 0.1506674 0.1209842 0.0769434 0.1357185 0.0858146 0.0690554 0.1198468 0.0598957 0.1402196 0.1339479 0.1186657 0.1386736 0.1378908 0.1409114 0.1340148 0.2028302 0.1489710 0.1470358 0.1446277 0.1427357 0.1527217 0.1771664 0.1169727 0.1735798 0.0897820 0.1342505 0.1203209 0.1405610 0.1154745 0.1349063 0.1765145 0.1173225 0.1125475 0.1150178 0.0474224 0.0843853 0.0881998 0.1446739 0.0739797 0.0622940 0.1378760 0.1407861 0.1469507 0.1158402 0.1515979 0.1224625 0.1373865 0.0964283 0.1011029 0.1047875 0.1196085 0.1156462 0.1064844 0.1136287 0.1192398 0.0547585 0.0984331 0.1148414 0.0518211 0.1269707 0.0897407 0.1221166 0.1388911 0.1074806 
S0292         0.5314191 0.5132458 0.5941080 0.0606560 0.1059198 0.0905514 0.2662745 0.0717985 0.0809673 0.1219673 0.1015298 0.0742006 0.1155420 0.0000000 0.0768777 0.0994168 0.1307079 0.1101733 0.1286173 0.1588138 0.1040153 0.0918420 0.0809611 0.0796165 0.1021483 0.0607222 0.0713630 0.1020156 0.0815481 0.0800084 0.0830490 0.0872353 0.1013112 0.1127457 0.1001982 0.0879353 0.0918611 0.1214175 0.1163511 0.0844305 0.0716261 0.1156579 0.1009068 0.0991541 0.0512203 0.0687870 0.0660845 0.0932495 0.1811835 0.0780445 0.1012484 0.0947250 0.0555297 0.0980604 0.0781202 0.0715271 0.0776692 0.0810005 0.0960352 0.0903394 0.0893346 0.1011512 0.0932672 0.0975990 0.0790374 0.1202335 0.1013889 0.1010855 0.1031078 0.0962222 0.0890622 0.0774207 0.1190805 0.1633818 0.0969144 0.0999565 0.1055812 0.1021406 0.0980597 0.1603998 0.0788727 0.1623187 0.0705170 0.1143986 0.0638643 0.0892222 0.0963439 0.0466278 0.1660194 0.0654829 0.0900830 0.0770777 0.0990514 0.0940979 0.1002935 0.1097482 0.0976924 0.1331526 0.1037791 0.1065155 0.1075301 0.0738474 0.1153135 0.0730518 0.0438324 0.0411499 0.0557766 0.0815654 0.0355759 0.0926253 0.1329608 0.0347237 0.0330655 0.1311798 0.0743680 0.0746541 0.1048808 0.0981536 0.1068342 0.0735561 0.1181795 0.0658003 
S0293         0.4779904 0.4832723 0.6483740 0.0813408 0.1453157 0.0717294 0.2344188 0.0535489 0.0787936 0.1350107 0.1105893 0.0330366 0.1311693 0.0768777 0.0000000 0.0800142 0.1352998 0.0878409 0.1034020 0.1893085 0.0827900 0.0883107 0.1007414 0.0848488 0.0815619 0.0292565 0.0255478 0.0921059 0.0613609 0.0708495 0.0755740 0.0694560 0.0883590 0.0913349 0.1078908 0.1057131 0.0903724 0.1248591 0.1168126 0.0587327 0.0293521 0.1263259 0.0978364 0.1112749 0.0391326 0.0254060 0.0657096 0.0750523 0.1824634 0.0651495 0.0881402 0.0813633 0.0224964 0.1209897 0.0699856 0.0349378 0.0667055 0.0708731 0.1193126 0.0916848 0.0816989 0.0880536 0.1084199 0.1113619 0.0667257 0.1219041 0.0961437 0.1121696 0.1247518 0.1177808 0.1068827 0.0555097 0.1073132 0.1671785 0.0958040 0.1074484 0.1077545 0.1226208 0.1326089 0.1586387 0.0706496 0.1539548 0.0714974 0.1414923 0.0832787 0.1012927 0.0768136 0.0909684 0.1694946 0.0374605 0.0597859 0.0799689 0.1043237 0.1092721 0.1117037 0.0918043 0.1014418 0.1504626 0.1074559 0.0825994 0.0925241 0.0330310 0.1144541 0.0728900 0.0935395 0.0212172 0.0294748 0.0714206 0.0792757 0.0638392 0.1663586 0.0711446 0.0821721 0.1472441 0.0475964 0.0650933 0.1164059 0.0912088 0.1252683 0.0384645 0.1124234 0.0388886 
S0294         0.4678219 0.4843721 0.5588795 0.1031770 0.1299509 0.1002723 0.2919115 0.0795102 0.1009051 0.1503675 0.1442629 0.0672310 0.1454719 0.0994168 0.0800142 0.0000000 0.1443690 0.1075746 0.1138103 0.1866117 0.1137587 0.1127560 0.1326005 0.1088206 0.1022893 0.0529872 0.0594713 0.1239227 0.0929010 0.0905647 0.1014451 0.0839475 0.1087199 0.1201770 0.1255418 0.1270224 0.1138878 0.1269668 0.1416563 0.0770973 0.0651183 0.1360341 0.1170355 0.1365692 0.0559167 0.0553192 0.0805184 0.1033463 0.2041130 0.0771949 0.1087983 0.1140407 0.0458499 0.1385298 0.0962807 0.0597022 0.0958103 0.1012471 0.1308914 0.1031975 0.1161516 0.0999001 0.1206396 0.1009451 0.1054147 0.1391039 0.1075691 0.1348126 0.1296058 0.1364381 0.1346073 0.0424442 0.1376549 0.1892679 0.1305388 0.1274847 0.1282685 0.1244576 0.1396292 0.1898510 0.1026932 0.1939833 0.1024937 0.1420111 0.1072962 0.1154316 0.1014484 0.1213616 0.1956586 0.0658832 0.0883283 0.1050813 0.1296464 0.1214847 0.1348749 0.1249378 0.1157219 0.1677243 0.1159034 0.1120574 0.1130948 0.0654533 0.1143657 0.0999321 0.1245701 0.0251551 0.0450031 0.0863487 0.1149183 0.0902431 0.1462890 0.1062841 0.1137054 0.1648983 0.0771007 0.0964325 0.1354914 0.1213698 0.1396765 0.0668775 0.1318600 0.0722895 
S0299         0.5106199 0.4951556 0.5225049 0.1182109 0.1659468 0.1284446 0.3250376 0.1121597 0.1261755 0.0590792 0.1334035 0.1216514 0.0592289 0.1307079 0.1352998 0.1443690 0.0000000 0.1455138 0.1356198 0.0660896 0.1340657 0.0612115 0.1269774 0.1119231 0.1185715 0.1105897 0.1101390 0.0567052 0.1199626 0.0353126 0.1164301 0.1212167 0.0573557 0.1415623 0.0682586 0.1186065 0.1174722 0.1195235 0.0490091 0.1150900 0.1127719 0.0494252 0.0930113 0.1038191 0.0867867 0.1192010 0.0917511 0.1191423 0.2193048 0.1246124 0.1305892 0.1291943 0.0923892 0.1331187 0.1147387 0.1172291 0.1142361 0.1198429 0.1282555 0.1285355 0.0910700 0.1298504 0.0858038 0.0788740 0.1170386 0.0589723 0.1223937 0.1252790 0.1156171 0.1322574 0.1247733 0.1090026 0.1302908 0.1907525 0.1517003 0.1478814 0.1305326 0.1263876 0.1359235 0.1878386 0.1213581 0.1875672 0.0966373 0.1326603 0.1123852 0.1367229 0.1110941 0.1353065 0.1883922 0.1167017 0.1102319 0.1095054 0.0527582 0.0884418 0.0947953 0.1292614 0.0935466 0.0590794 0.1349064 0.1356948 0.1374140 0.1155878 0.1420202 0.1177695 0.1491598 0.0899694 0.0983540 0.1143512 0.1298488 0.1076472 0.1121410 0.1191388 0.1381201 0.0518983 0.0981313 0.1191741 0.0597369 0.1303055 0.1107030 0.1224207 0.1358403 0.1104232 
S0303         0.5310182 0.5186180 0.5879111 0.1124367 0.1076739 0.1160990 0.2824568 0.0900997 0.0976493 0.1646015 0.1404337 0.0998319 0.1567367 0.1101733 0.0878409 0.1075746 0.1455138 0.0000000 0.0919420 0.1910080 0.0149716 0.1177415 0.1319600 0.1095132 0.1042828 0.0836493 0.0913753 0.1212794 0.1233815 0.1076233 0.0890253 0.0986062 0.1140329 0.0309348 0.1229743 0.1308519 0.1219333 0.0991536 0.1389167 0.0929926 0.0878681 0.1462333 0.1133718 0.1136508 0.0722442 0.0857344 0.0756894 0.0376352 0.1984164 0.1083693 0.0562495 0.1153642 0.0780313 0.1526390 0.0921978 0.0930397 0.0873686 0.0888497 0.1504041 0.1149430 0.1117923 0.0846551 0.1102997 0.1147492 0.1016039 0.1604740 0.0484278 0.1379724 0.1525589 0.1529197 0.1454190 0.1176217 0.1394615 0.1862996 0.1287182 0.1081508 0.1179220 0.1628925 0.1720596 0.1873417 0.0903139 0.1933015 0.0888022 0.1618857 0.1000249 0.0948755 0.1224605 0.1327978 0.1926890 0.0887862 0.1113549 0.1020131 0.1300724 0.1062687 0.1174933 0.0604850 0.1227001 0.1634831 0.0796956 0.0222330 0.0248955 0.0904804 0.0931038 0.1030711 0.1350629 0.0623064 0.0791570 0.1022500 0.1291685 0.1127383 0.1516503 0.1073234 0.1195941 0.1643455 0.0967521 0.0879383 0.1372391 0.1197271 0.1348304 0.0952839 0.1365452 0.0875311 
S0308         0.5540572 0.5257297 0.5759331 0.0998635 0.1091467 0.1071618 0.3031656 0.0965889 0.0886204 0.1410533 0.1434903 0.1012883 0.1415451 0.1286173 0.1034020 0.1138103 0.1356198 0.0919420 0.0000000 0.1699327 0.0867866 0.1210548 0.1172814 0.1060978 0.1069882 0.0928862 0.0968213 0.1158566 0.1181871 0.0992160 0.0963322 0.0907408 0.1114350 0.0902642 0.1302691 0.1188652 0.1186028 0.0998772 0.1284665 0.0884724 0.1032254 0.1315343 0.1057903 0.1273098 0.0726563 0.0842508 0.0784582 0.0836476 0.1935033 0.1055840 0.0959588 0.1176948 0.0820948 0.1363531 0.0975065 0.0987114 0.0883461 0.0941502 0.1403192 0.1148993 0.1192645 0.0829641 0.1147091 0.0929856 0.0970081 0.1501261 0.0750434 0.1354468 0.1344175 0.1398190 0.1406627 0.0728353 0.1272051 0.1859995 0.1385175 0.1093233 0.1001545 0.1494896 0.1519366 0.1749141 0.0918711 0.1821668 0.1134897 0.1410324 0.1013897 0.0981874 0.0992309 0.1552746 0.1782874 0.0986101 0.1060473 0.0876914 0.1311912 0.1104630 0.1200562 0.1031541 0.1299186 0.1614756 0.0914833 0.0819515 0.0834269 0.1037868 0.0976408 0.0933736 0.1373342 0.0569746 0.0731835 0.0999601 0.1401226 0.0989092 0.1369250 0.1209721 0.1384798 0.1629629 0.0919053 0.0852023 0.1307621 0.1161551 0.1371777 0.1010034 0.1323126 0.0889458 
S0320         0.6948601 0.6027081 0.7252465 0.1516087 0.1352692 0.1767867 0.3383652 0.1409865 0.1564493 0.0825004 0.1849115 0.1584483 0.0853507 0.1588138 0.1893085 0.1866117 0.0660896 0.1910080 0.1699327 0.0000000 0.1753097 0.0909972 0.1532461 0.1273015 0.1798054 0.1419246 0.1446073 0.0747177 0.1564253 0.0651426 0.1488588 0.1640598 0.0582041 0.1766901 0.1028212 0.1533547 0.1471077 0.1671493 0.0781535 0.1577040 0.1452924 0.0828233 0.1021251 0.1397802 0.1223160 0.1544322 0.1186571 0.1652442 0.2575644 0.1531498 0.1616790 0.1841547 0.1203658 0.1720078 0.1478801 0.1508871 0.1401519 0.1485461 0.1600693 0.1495644 0.1082914 0.1645790 0.1230248 0.1070586 0.1535865 0.1153276 0.1735686 0.1645446 0.1407599 0.1716572 0.1708513 0.2237624 0.1683978 0.2279995 0.1977698 0.1956572 0.1760634 0.1534366 0.1677389 0.2307021 0.1424932 0.2271001 0.0861377 0.1617915 0.1642289 0.1801320 0.1465977 0.1787238 0.2221486 0.1449054 0.1350822 0.1462412 0.0800653 0.1215426 0.1239205 0.1590530 0.1085644 0.0755328 0.1568730 0.1695402 0.1756033 0.1529899 0.1855407 0.1555599 0.1825737 0.1342669 0.1313995 0.1325622 0.1705503 0.1431029 0.1674519 0.1625952 0.1718652 0.0906725 0.1199832 0.1411688 0.0846368 0.1591106 0.1441001 0.1567354 0.1708543 0.1365559 
S0322         0.5520836 0.5422372 0.6310834 0.1052679 0.1014497 0.1097145 0.2946378 0.0900542 0.0825458 0.1503761 0.1293342 0.0960007 0.1425177 0.1040153 0.0827900 0.1137587 0.1340657 0.0149716 0.0867866 0.1753097 0.0000000 0.1060230 0.1313084 0.1121383 0.1021751 0.0798218 0.0876460 0.1168428 0.1170114 0.0993792 0.0832719 0.0959334 0.0984688 0.0266350 0.1164652 0.1270005 0.1066255 0.0939111 0.1222762 0.0869585 0.0859623 0.1411780 0.1223143 0.1012583 0.0702917 0.0814011 0.0693072 0.0449529 0.1935906 0.1085293 0.0618987 0.1145571 0.0719840 0.1486306 0.0844905 0.0893030 0.0796916 0.0811766 0.1501080 0.1067030 0.1092209 0.0788403 0.1018483 0.1136875 0.1027087 0.1422524 0.0420278 0.1331400 0.1471965 0.1518264 0.1411219 0.1282372 0.1301423 0.1765415 0.1282400 0.0932799 0.1064395 0.1498608 0.1609108 0.1801464 0.0807192 0.1860660 0.0807004 0.1587385 0.0953711 0.0806672 0.1119976 0.1277768 0.1840802 0.0879176 0.1020136 0.0992785 0.1169562 0.1023755 0.1049283 0.0668592 0.1197054 0.1579154 0.0820346 0.0210910 0.0223133 0.0885485 0.0828863 0.0975027 0.1260819 0.0597247 0.0732923 0.1020428 0.1227494 0.1062515 0.1476426 0.0992555 0.1133479 0.1520717 0.0925313 0.0782719 0.1275818 0.1144675 0.1235794 0.0878225 0.1272151 0.0818679 
S0327         0.5016091 0.4841046 0.5985220 0.0906929 0.1449946 0.0997314 0.2648919 0.0758690 0.0783567 0.0516333 0.0955723 0.0887358 0.0556518 0.0918420 0.0883107 0.1127560 0.0612115 0.1177415 0.1210548 0.0909972 0.1060230 0.0000000 0.1004481 0.1072995 0.1079833 0.0756306 0.0761403 0.0360790 0.0970542 0.0173914 0.0782594 0.0955234 0.0300858 0.1070719 0.0456187 0.1041681 0.1020686 0.1085311 0.0427943 0.0888718 0.0781637 0.0506401 0.0474779 0.0624990 0.0604947 0.0798641 0.0545282 0.0891474 0.1717331 0.0936516 0.1126457 0.0993595 0.0648308 0.1220708 0.0781248 0.0835015 0.0715891 0.0784491 0.1179753 0.0766238 0.0504998 0.1058872 0.0523336 0.0484958 0.0848221 0.0428520 0.1050704 0.1089587 0.1085081 0.1188974 0.1065457 0.0980233 0.0962946 0.1612610 0.1100457 0.1169711 0.1031904 0.1234651 0.1370260 0.1514808 0.0763865 0.1512336 0.0554465 0.1272071 0.0859282 0.1026429 0.0882598 0.1071544 0.1496083 0.0810568 0.0794621 0.0829388 0.0286892 0.0508863 0.0579705 0.1116537 0.0570783 0.0651964 0.1042157 0.1004078 0.1081247 0.0803049 0.1202947 0.0969900 0.1062195 0.0631023 0.0687727 0.0869227 0.0972915 0.0867738 0.0880139 0.0838101 0.0954798 0.0646027 0.0676855 0.0719980 0.0444263 0.0871727 0.0672070 0.0856574 0.1010512 0.0721668 
S0335         0.5225139 0.5251493 0.6406954 0.0570407 0.0335291 0.0941614 0.2480196 0.0772135 0.1060877 0.1239152 0.1177535 0.0947649 0.1232058 0.0809611 0.1007414 0.1326005 0.1269774 0.1319600 0.1172814 0.1532461 0.1313084 0.1004481 0.0000000 0.0677702 0.1287261 0.0802057 0.0860302 0.1045375 0.0987394 0.0857143 0.1113054 0.1072452 0.1034231 0.1362409 0.1123822 0.0721068 0.1192723 0.1467572 0.1086073 0.1017263 0.0773410 0.1199357 0.1028244 0.1079665 0.0625904 0.0654384 0.0878869 0.1054932 0.1742975 0.0954048 0.1194988 0.0933513 0.0694570 0.0839443 0.1041846 0.0880839 0.0976800 0.1089629 0.0872240 0.1155316 0.1036544 0.1135040 0.1036065 0.0937176 0.0623857 0.1046760 0.1246066 0.0862317 0.0872921 0.0912890 0.0831632 0.1160611 0.1236189 0.1568182 0.1098446 0.1347711 0.1265548 0.0839776 0.1017683 0.1545709 0.1046258 0.1582471 0.0759448 0.0992251 0.0714265 0.1226952 0.0897666 0.0880275 0.1600043 0.0809273 0.1066322 0.0610659 0.1070225 0.0994670 0.1071525 0.1203036 0.1083221 0.1268016 0.1238721 0.1299374 0.1311609 0.0869535 0.1359248 0.0406975 0.0837405 0.0518460 0.0734131 0.0884032 0.0749053 0.0931692 0.1308176 0.0683599 0.0825409 0.1325662 0.0926708 0.0982632 0.1094041 0.1062991 0.1255378 0.0909916 0.1274344 0.0824931 
S0345         0.6647163 0.5465754 0.6469206 0.0685480 0.0793337 0.1223771 0.2183288 0.0787382 0.0865188 0.1147004 0.1279646 0.0817903 0.1261014 0.0796165 0.0848488 0.1088206 0.1119231 0.1095132 0.1060978 0.1273015 0.1121383 0.1072995 0.0677702 0.0000000 0.1264191 0.0698812 0.0783832 0.0916647 0.0891041 0.0634905 0.1030338 0.0913111 0.1059778 0.1100577 0.0844373 0.0787859 0.0981540 0.1531118 0.1044829 0.0814681 0.0754431 0.1151666 0.0919775 0.0941521 0.0704264 0.0702892 0.0660799 0.0747087 0.1980751 0.1038097 0.1045424 0.1234008 0.0604157 0.0910153 0.0889634 0.0772088 0.0864027 0.0976393 0.0953274 0.1053767 0.0884824 0.0757649 0.0946279 0.0952452 0.0876327 0.1473145 0.1054880 0.1014296 0.1171753 0.1064005 0.1015383 0.1001875 0.1143028 0.1894614 0.1040038 0.1383779 0.1229073 0.1108232 0.1251898 0.1641223 0.0881098 0.1653766 0.0764617 0.1129887 0.0780401 0.1265858 0.1027140 0.1071904 0.1805736 0.0663121 0.0851094 0.0737731 0.1103088 0.0989977 0.1013706 0.1260012 0.0824034 0.1262488 0.1235464 0.0997296 0.1193829 0.0784460 0.1114156 0.0397626 0.1036716 0.0529221 0.0556777 0.0885325 0.0914434 0.1068445 0.0982945 0.0916518 0.0963743 0.1188053 0.0795260 0.0869430 0.0849683 0.1153810 0.1206362 0.0886669 0.1198459 0.0782513 
S0376         0.5877539 0.5220443 0.6479333 0.0999162 0.1412889 0.0964326 0.2715327 0.0724385 0.1030020 0.1517006 0.1326789 0.0924383 0.1415837 0.1021483 0.0815619 0.1022893 0.1185715 0.1042828 0.1069882 0.1798054 0.1021751 0.1079833 0.1287261 0.1264191 0.0000000 0.0736495 0.0732099 0.0959916 0.0976090 0.0857924 0.0943667 0.0461089 0.1110013 0.1010176 0.1099821 0.1333140 0.1028394 0.1193731 0.1398534 0.0866014 0.0789888 0.1291213 0.1302635 0.1209061 0.0583035 0.0838512 0.0797559 0.0901689 0.1881611 0.0849590 0.0951454 0.0864451 0.0623661 0.1471924 0.0961999 0.0851308 0.0955212 0.0970258 0.1372100 0.1067681 0.1172233 0.0971403 0.1136224 0.1282727 0.0947742 0.1413679 0.0924639 0.1356962 0.1345026 0.1515878 0.1319813 0.0794673 0.1215086 0.1918440 0.1344265 0.1247394 0.1168682 0.1329205 0.1379505 0.1648143 0.0946662 0.1733670 0.1152868 0.1471886 0.1017205 0.1164744 0.0997462 0.1203707 0.1698788 0.0825784 0.0880887 0.0813787 0.1245491 0.1166976 0.1213444 0.1071844 0.1321131 0.1580617 0.1017197 0.0927323 0.0998903 0.0794162 0.1145052 0.1042963 0.1098385 0.0508615 0.0611640 0.0787114 0.1089071 0.0925764 0.1821776 0.0902921 0.1056230 0.1608821 0.0818629 0.0922745 0.1272394 0.1036945 0.1367715 0.0855066 0.1178467 0.0753352 
S0400         0.4724065 0.4768875 0.5802375 0.0620559 0.0961646 0.0631256 0.2106344 0.0391339 0.0661844 0.1172002 0.0996361 0.0205926 0.1110418 0.0607222 0.0292565 0.0529872 0.1105897 0.0836493 0.0928862 0.1419246 0.0798218 0.0756306 0.0802057 0.0698812 0.0736495 0.0000000 0.0162688 0.0846366 0.0465507 0.0620030 0.0612020 0.0594934 0.0769747 0.0898670 0.0964771 0.0890609 0.0801505 0.1027627 0.1021750 0.0437599 0.0177297 0.1046846 0.0811009 0.0920090 0.0217040 0.0075084 0.0562253 0.0677109 0.1637668 0.0526520 0.0757085 0.0814856 0.0054320 0.1016461 0.0572513 0.0162963 0.0545529 0.0593372 0.0994320 0.0808851 0.0772670 0.0841412 0.0805436 0.0871503 0.0611493 0.0992935 0.0801719 0.0974354 0.1001213 0.1047425 0.0916335 0.0317147 0.0997969 0.1471269 0.0828798 0.0903161 0.0973109 0.1008114 0.1094250 0.1409239 0.0590962 0.1448617 0.0601863 0.1108352 0.0652030 0.0799238 0.0533921 0.0819535 0.1458288 0.0149307 0.0522245 0.0592882 0.0857115 0.0829745 0.0870722 0.0827753 0.0866942 0.1313088 0.0874934 0.0820514 0.0831918 0.0178101 0.0956430 0.0587025 0.0820940 0.0047800 0.0108462 0.0558584 0.0710174 0.0503224 0.1191846 0.0576262 0.0641474 0.1210942 0.0408198 0.0548773 0.0941567 0.0809519 0.1046257 0.0190844 0.0992726 0.0235117 
S0405         0.4864187 0.4661817 0.6186569 0.0691488 0.1033734 0.0703523 0.2172235 0.0408414 0.0706110 0.1216071 0.1038340 0.0296781 0.1115374 0.0713630 0.0255478 0.0594713 0.1101390 0.0913753 0.0968213 0.1446073 0.0876460 0.0761403 0.0860302 0.0783832 0.0732099 0.0162688 0.0000000 0.0888926 0.0532543 0.0636719 0.0681820 0.0630870 0.0774818 0.0920707 0.1006606 0.0968839 0.0805090 0.1090695 0.1007127 0.0502402 0.0148637 0.1071854 0.0850055 0.0978522 0.0278577 0.0139183 0.0615940 0.0771468 0.1675586 0.0561449 0.0830659 0.0818712 0.0095931 0.1097969 0.0640882 0.0220191 0.0612693 0.0662619 0.1075192 0.0829434 0.0811111 0.0845097 0.0879604 0.0897426 0.0647625 0.1007662 0.0858840 0.1057086 0.1025229 0.1132826 0.0969533 0.0427146 0.1040666 0.1562089 0.0863244 0.0944582 0.1008186 0.1012630 0.1099229 0.1434583 0.0659917 0.1500675 0.0644504 0.1115779 0.0689021 0.0838991 0.0568449 0.0877755 0.1484026 0.0208149 0.0556905 0.0628699 0.0897085 0.0904921 0.0947009 0.0886005 0.0908704 0.1300128 0.0971813 0.0842243 0.0872086 0.0177239 0.0997639 0.0657288 0.0872189 0.0113013 0.0094647 0.0612926 0.0748187 0.0537472 0.1246644 0.0645978 0.0713167 0.1258354 0.0441206 0.0616369 0.0944438 0.0868280 0.1031782 0.0278510 0.1074684 0.0236158 
S0407sl       0.5035433 0.4619368 0.5478726 0.0907865 0.1212094 0.1070128 0.2426634 0.0904817 0.0745565 0.0534938 0.1188075 0.0944100 0.0523866 0.1020156 0.0921059 0.1239227 0.0567052 0.1212794 0.1158566 0.0747177 0.1168428 0.0360790 0.1045375 0.0916647 0.0959916 0.0846366 0.0888926 0.0000000 0.1122972 0.0166926 0.0836101 0.0912554 0.0401287 0.1162583 0.0552690 0.1085886 0.1007179 0.1060487 0.0397759 0.0899232 0.0893465 0.0531576 0.0670539 0.0720890 0.0702343 0.0868777 0.0612964 0.0937553 0.1881522 0.1082013 0.1099152 0.1034333 0.0687489 0.1264404 0.0811652 0.0930039 0.0763595 0.0838260 0.1208772 0.0913407 0.0582270 0.1067071 0.0663009 0.0580654 0.0937486 0.0408612 0.1075740 0.1168151 0.0998622 0.1323858 0.1240167 0.0938578 0.1044126 0.1720919 0.1195623 0.1221145 0.1097051 0.1130583 0.1231739 0.1570203 0.0835422 0.1620306 0.0696912 0.1252772 0.0968608 0.1113183 0.1084765 0.1170274 0.1611268 0.0898683 0.0848758 0.0842565 0.0351672 0.0647816 0.0725605 0.1079280 0.0725115 0.0715002 0.0972426 0.1114121 0.1122432 0.0919300 0.1234928 0.0996827 0.1202359 0.0647043 0.0748292 0.0901821 0.1016465 0.1089998 0.0975098 0.0918636 0.1042495 0.0690884 0.0715396 0.0807246 0.0290373 0.1013441 0.0818020 0.0934337 0.1122015 0.0844931 
S0412sl       0.4797494 0.4855804 0.5858130 0.0805291 0.1379777 0.0789611 0.2666570 0.0584037 0.0961896 0.1305740 0.1239677 0.0609427 0.1296440 0.0815481 0.0613609 0.0929010 0.1199626 0.1233815 0.1181871 0.1564253 0.1170114 0.0970542 0.0987394 0.0891041 0.0976090 0.0465507 0.0532543 0.1122972 0.0000000 0.0779886 0.0875972 0.0808279 0.0932807 0.1196338 0.1088073 0.1070080 0.0969140 0.1263903 0.1185613 0.0737549 0.0551463 0.1154535 0.1038480 0.0978604 0.0365056 0.0504798 0.0777575 0.1061771 0.1962990 0.0628917 0.0998751 0.1062361 0.0363911 0.1135906 0.0851313 0.0515861 0.0861944 0.0894851 0.1262927 0.1000763 0.0957662 0.0916011 0.0895648 0.0932025 0.0852695 0.1160943 0.1062933 0.1057433 0.1085450 0.1144048 0.1079279 0.0677036 0.1203021 0.1593506 0.1061199 0.1182862 0.0993178 0.1107371 0.1190268 0.1707810 0.0854527 0.1798807 0.0823004 0.1152731 0.0842805 0.1065868 0.0774499 0.0988679 0.1671756 0.0524695 0.0740587 0.0740154 0.1094757 0.0921550 0.0964504 0.1147663 0.1048841 0.1349154 0.1213340 0.1063901 0.1142675 0.0514880 0.1128906 0.0717442 0.0973477 0.0318430 0.0406540 0.0762088 0.0889103 0.0768485 0.1322553 0.0799028 0.0751250 0.1412048 0.0666415 0.0810785 0.1238665 0.1047931 0.1108558 0.0601921 0.1220029 0.0552188 
S0417         0.4841088 0.4417176 0.5620878 0.0735044 0.0863547 0.0861392 0.2485747 0.0626822 0.0681274 0.0334864 0.0880548 0.0723722 0.0358619 0.0800084 0.0708495 0.0905647 0.0353126 0.1076233 0.0992160 0.0651426 0.0993792 0.0173914 0.0857143 0.0634905 0.0857924 0.0620030 0.0636719 0.0166926 0.0779886 0.0000000 0.0642606 0.0798247 0.0181902 0.1049915 0.0342354 0.0911162 0.0824944 0.0929902 0.0267863 0.0744052 0.0639628 0.0340887 0.0434464 0.0596286 0.0517862 0.0621544 0.0494230 0.0797188 0.1615120 0.0780205 0.0924837 0.0849095 0.0511727 0.1088715 0.0661066 0.0675474 0.0613792 0.0663820 0.0967728 0.0771708 0.0408945 0.0845964 0.0495046 0.0384959 0.0719107 0.0286413 0.0882416 0.0875194 0.0814220 0.1026161 0.0918571 0.0879678 0.0850479 0.1436235 0.1050948 0.1005689 0.0921984 0.0972841 0.1097068 0.1378863 0.0658203 0.1345245 0.0435108 0.1004208 0.0749548 0.0911765 0.0735428 0.0884246 0.1408981 0.0664496 0.0615591 0.0705593 0.0154740 0.0480420 0.0517176 0.0950149 0.0478018 0.0472463 0.0916069 0.0976911 0.1009995 0.0661370 0.0939936 0.0786599 0.0896593 0.0502710 0.0585217 0.0673578 0.0853685 0.0778149 0.0718741 0.0699371 0.0835823 0.0480913 0.0502043 0.0653056 0.0237725 0.0785721 0.0623346 0.0714900 0.0877544 0.0619105 
S0419         0.5482446 0.5048065 0.6131197 0.0770670 0.1076764 0.0816511 0.2505532 0.0675767 0.0159546 0.1230105 0.0920337 0.0764873 0.1178436 0.0830490 0.0755740 0.1014451 0.1164301 0.0890253 0.0963322 0.1488588 0.0832719 0.0782594 0.1113054 0.1030338 0.0943667 0.0612020 0.0681820 0.0836101 0.0875972 0.0642606 0.0000000 0.0810636 0.0783251 0.0779129 0.1056962 0.1083851 0.0908428 0.0982305 0.0979022 0.0821913 0.0702086 0.1064592 0.0842282 0.0930625 0.0362197 0.0652102 0.0285704 0.0745920 0.1977922 0.0750892 0.0722095 0.0704321 0.0542728 0.1288145 0.0107741 0.0683355 0.0067390 0.0080255 0.1191665 0.0507244 0.0809276 0.0858437 0.0776176 0.0873112 0.0712156 0.1120542 0.0803706 0.1154306 0.1036310 0.1250035 0.1137537 0.0770199 0.0846167 0.1790516 0.0783433 0.0855412 0.0827644 0.1316109 0.1355518 0.1756379 0.0094030 0.1774785 0.0705293 0.1230052 0.0785280 0.0770498 0.0881891 0.0885946 0.1819283 0.0710325 0.0733554 0.0721698 0.0937281 0.0762193 0.0838900 0.0842514 0.0964824 0.1322751 0.0835680 0.0778748 0.0792878 0.0689428 0.0915300 0.0834207 0.1090923 0.0489193 0.0569691 0.0756004 0.0915478 0.0776294 0.1141786 0.0803612 0.0868013 0.1243210 0.0624538 0.0053985 0.0862996 0.0615825 0.0973086 0.0719878 0.0778650 0.0538948 
S0427         0.5382329 0.5166959 0.6401803 0.0808245 0.1207592 0.0815257 0.2766710 0.0670709 0.0815861 0.1279896 0.1194294 0.0709218 0.1286521 0.0872353 0.0694560 0.0839475 0.1212167 0.0986062 0.0907408 0.1640598 0.0959334 0.0955234 0.1072452 0.0913111 0.0461089 0.0594934 0.0630870 0.0912554 0.0808279 0.0798247 0.0810636 0.0000000 0.0881803 0.0986643 0.1075962 0.1078950 0.0962846 0.1113435 0.1207716 0.0657846 0.0628883 0.1184758 0.1062958 0.1131100 0.0468218 0.0554469 0.0663251 0.0800651 0.1864924 0.0711238 0.0850958 0.0859847 0.0440362 0.1108370 0.0783891 0.0665899 0.0775801 0.0790318 0.1086191 0.0851613 0.1072888 0.0898137 0.1041680 0.0985374 0.0738735 0.1373622 0.0810445 0.1072188 0.1137514 0.1210831 0.1128659 0.0571644 0.1099365 0.1822857 0.1139484 0.1065972 0.0912980 0.1059633 0.1144647 0.1640649 0.0769233 0.1659660 0.0945216 0.1265600 0.0788685 0.0974711 0.0887098 0.1068006 0.1694803 0.0658318 0.0704965 0.0778435 0.1097579 0.1044134 0.1136079 0.1052631 0.1155136 0.1495840 0.1028701 0.0925703 0.0953653 0.0688044 0.0979734 0.0782288 0.1007910 0.0311640 0.0482945 0.0773179 0.0887608 0.0803186 0.1370839 0.0816984 0.0908143 0.1363955 0.0663476 0.0745019 0.1148517 0.0868109 0.1230434 0.0666481 0.1070411 0.0574903 
