42
CRNC        0.0000000 0.6000623 0.6451047 0.5844548 0.6122780 0.5770667 0.5411550 0.5789164 0.5856383 0.5447426 0.6338073 0.5244822 0.6123841 0.7015002 0.7477447 0.5881733 0.5890268 0.6352593 0.5838450 0.6043545 0.5902179 0.5508773 0.6634907 0.6441809 0.5405394 0.5034946 0.5800156 0.5846266 0.6759867 0.6008821 0.5776633 0.5939963 0.4851434 0.5602484 0.5407583 0.6299726 0.5544296 0.5723310 0.6441448 0.5279396 0.5950015 0.6570811 
HYZL        0.6000623 0.0000000 0.2371514 0.5566368 0.5657500 0.4511373 0.5112720 0.4263522 0.5958360 0.5034631 0.5810475 0.7016039 0.5300487 0.5024247 0.7374522 0.4656538 0.4480641 0.4550128 0.4841178 0.4578373 0.5328211 0.5332292 0.5582626 0.5703844 0.5936404 0.5913464 0.5348581 0.4439334 0.5589396 0.4545904 0.4524627 0.5206973 0.4783004 0.5212984 0.5188842 0.5007084 0.5540366 0.4455138 0.5547125 0.4311696 0.5107299 0.4802634 
MYZV        0.6451047 0.2371514 0.0000000 0.6949519 0.6016464 0.5846742 0.6069217 0.5552358 0.7392630 0.5959675 0.6100758 0.7339507 0.6185472 0.5494784 0.8127543 0.5536302 0.5822257 0.5481092 0.6249460 0.5574553 0.6108231 0.6171427 0.6906067 0.6720504 0.5844630 0.5816714 0.4934515 0.5310301 0.5885551 0.5654332 0.5924757 0.6546752 0.4500511 0.6465861 0.6285979 0.5135004 0.6417200 0.5796933 0.6547686 0.5776515 0.5835528 0.5427825 
SRR6441723  0.5844548 0.5566368 0.6949519 0.0000000 0.0219347 0.0807437 0.0786191 0.0878494 0.1478965 0.1052713 0.1314834 0.2483535 0.0938149 0.1465873 0.2628333 0.1053742 0.0993104 0.1087143 0.0925552 0.1337575 0.1251604 0.1133582 0.1860926 0.2037386 0.1431272 0.1546508 0.0942800 0.0870027 0.0729297 0.0898428 0.0604790 0.1213703 0.1090252 0.0722867 0.0999530 0.1161163 0.2079611 0.0759557 0.1964850 0.0949139 0.0821341 0.0781615 
ERR4210213  0.6122780 0.5657500 0.6016464 0.0219347 0.0000000 0.0441459 0.0459022 0.0441459 0.0639493 0.0567804 0.1125228 0.2308681 0.0453300 0.1124145 0.2173389 0.0690405 0.0835236 0.0846547 0.0559832 0.0958866 0.0691527 0.0567804 0.1236935 0.1898790 0.1135846 0.1183662 0.0856036 0.0442521 0.0214658 0.0616932 0.0456877 0.1330368 0.1012689 0.0870042 0.0697538 0.0898557 0.1898790 0.0445920 0.1737699 0.0712787 0.0447589 0.0217973 
S0282       0.5770667 0.4511373 0.5846742 0.0807437 0.0441459 0.0000000 0.0769071 0.0232131 0.1311746 0.0633529 0.1086208 0.2301930 0.0582091 0.1162941 0.1986069 0.0581016 0.0328398 0.0597721 0.0182668 0.0705381 0.0748132 0.0698148 0.1035159 0.1568783 0.0832481 0.0915733 0.0811395 0.0230064 0.1014338 0.0149051 0.0046117 0.0708368 0.0661108 0.0763569 0.0531715 0.0657862 0.1488861 0.0000020 0.1503497 0.0383010 0.0478241 0.1068085 
S0335       0.5411550 0.5112720 0.6069217 0.0786191 0.0459022 0.0769071 0.0000000 0.0840356 0.1691020 0.0897878 0.1408549 0.2505773 0.0840979 0.1288760 0.2528596 0.1016978 0.0956409 0.0861357 0.0888359 0.1234953 0.1008044 0.0899211 0.1626466 0.1860066 0.1043275 0.1125014 0.0733946 0.0832115 0.0806590 0.0857271 0.0682369 0.1159351 0.0994636 0.0668621 0.0888151 0.0930886 0.1695643 0.0720292 0.1788456 0.0911406 0.0724602 0.0860602 
S0405       0.5789164 0.4263522 0.5552358 0.0878494 0.0441459 0.0232131 0.0840356 0.0000000 0.1172802 0.0698037 0.1030413 0.2348573 0.0645139 0.1246151 0.2249987 0.0643914 0.0383724 0.0662923 0.0330665 0.0773833 0.0816912 0.0765753 0.1113469 0.1667591 0.0906269 0.0994293 0.0882827 0.0282163 0.1094742 0.0202013 0.0142208 0.0777289 0.0729236 0.0834156 0.0593414 0.0725550 0.1591741 0.0186247 0.1600060 0.0440713 0.0538039 0.1149902 
S0412sl     0.5856383 0.5958360 0.7392630 0.1478965 0.0639493 0.1311746 0.1691020 0.1172802 0.0000000 0.1041100 0.1408847 0.2632482 0.1235111 0.1900390 0.2628790 0.0987938 0.1331077 0.1356443 0.1229108 0.1570120 0.1302125 0.1137396 0.2207898 0.2611748 0.1527810 0.1675422 0.1451955 0.1230180 0.1681533 0.1268574 0.1031538 0.1750545 0.1506101 0.1459617 0.1717466 0.1443709 0.2394961 0.1237260 0.2502091 0.1277836 0.1067553 0.1905710 
S0552sl     0.5447426 0.5034631 0.5959675 0.1052713 0.0567804 0.0633529 0.0897878 0.0698037 0.1041100 0.0000000 0.1089963 0.1818883 0.0742937 0.1046154 0.1910319 0.0796203 0.0752236 0.0707934 0.0744249 0.0658966 0.0475826 0.0137600 0.1172926 0.1506447 0.0491862 0.0559105 0.0869734 0.0691507 0.0951951 0.0643887 0.0548165 0.1052992 0.0962678 0.0768310 0.0811412 0.0714836 0.1423057 0.0586728 0.1441792 0.0762645 0.0634719 0.1149471 
S0558       0.6338073 0.5810475 0.6100758 0.1314834 0.1125228 0.1086208 0.1408549 0.1030413 0.1408847 0.1089963 0.0000000 0.2013804 0.0642322 0.1600139 0.2206112 0.0748943 0.0916450 0.1286021 0.1212363 0.1177298 0.1103168 0.1170433 0.1573679 0.1767990 0.1306720 0.1346068 0.1332932 0.1154267 0.1570679 0.1065324 0.0890208 0.1126350 0.1085129 0.1183924 0.1048806 0.1290597 0.1625424 0.1038332 0.1700469 0.1056817 0.0640938 0.1559148 
S0645sl     0.5244822 0.7016039 0.7339507 0.2483535 0.2308681 0.2301930 0.2505773 0.2348573 0.2632482 0.1818883 0.2013804 0.0000000 0.1857708 0.2153423 0.2922189 0.2003050 0.2225303 0.1989022 0.2481388 0.2342712 0.2108371 0.1919913 0.2461440 0.1860060 0.1870541 0.1935810 0.2519587 0.2404666 0.2851589 0.2358190 0.2164428 0.2041478 0.2237787 0.2517167 0.2152274 0.1873080 0.1619433 0.2250723 0.1937398 0.2388072 0.1830856 0.2718200 
S0689       0.6123841 0.5300487 0.6185472 0.0938149 0.0453300 0.0582091 0.0840979 0.0645139 0.1235111 0.0742937 0.0642322 0.1857708 0.0000000 0.1168022 0.1659396 0.0330224 0.0644124 0.0709138 0.0691403 0.0886790 0.0751209 0.0811267 0.1176325 0.1358443 0.0952670 0.1041682 0.0928245 0.0639119 0.1080352 0.0582767 0.0443792 0.0765945 0.0730901 0.0822653 0.0648021 0.0772054 0.1201303 0.0535315 0.1296279 0.0599659 0.0091491 0.1153230 
S0720       0.7015002 0.5024247 0.5494784 0.1465873 0.1124145 0.1162941 0.1288760 0.1246151 0.1900390 0.1046154 0.1600139 0.2153423 0.1168022 0.0000000 0.2213908 0.1226996 0.1308380 0.0490568 0.1293616 0.1257451 0.1242057 0.1058891 0.1792952 0.0808973 0.1122539 0.1157139 0.1297640 0.1233753 0.1390630 0.1232895 0.1083493 0.1378600 0.1085666 0.1137137 0.1191958 0.0495217 0.0754453 0.1114259 0.0754024 0.1259248 0.1045731 0.1376757 
S0735       0.7477447 0.7374522 0.8127543 0.2628333 0.2173389 0.1986069 0.2528596 0.2249987 0.2628790 0.1910319 0.2206112 0.2922189 0.1659396 0.2213908 0.0000000 0.1953954 0.2241976 0.1846500 0.2147539 0.2187342 0.1769346 0.1851076 0.2299604 0.2372091 0.2317275 0.2480683 0.2795526 0.2226064 0.2537799 0.1865180 0.1924152 0.2678202 0.2183257 0.2508879 0.2041030 0.1795709 0.2273716 0.2009811 0.2294618 0.2207560 0.1738796 0.3186860 
S0742       0.5881733 0.4656538 0.5536302 0.1053742 0.0690405 0.0581016 0.1016978 0.0643914 0.0987938 0.0796203 0.0748943 0.2003050 0.0330224 0.1226996 0.1953954 0.0000000 0.0642903 0.0763529 0.0690090 0.0879358 0.0805157 0.0866135 0.1360682 0.1575191 0.1010500 0.1102009 0.0869844 0.0637916 0.1332642 0.0643511 0.0442966 0.0764429 0.0667915 0.0932695 0.0867248 0.0827604 0.1424103 0.0534328 0.1509639 0.0543191 0.0232602 0.1261016 
S0756       0.5890268 0.4480641 0.5822257 0.0993104 0.0835236 0.0328398 0.0956409 0.0383724 0.1331077 0.0752236 0.0916450 0.2225303 0.0644124 0.1308380 0.2241976 0.0642903 0.0000000 0.0773633 0.0429680 0.0717316 0.0873130 0.0821677 0.0875181 0.1525635 0.0965430 0.0993987 0.0997919 0.0380227 0.1156726 0.0306933 0.0239576 0.0654202 0.0672417 0.0830668 0.0590969 0.0776508 0.1303646 0.0282321 0.1459978 0.0387218 0.0537181 0.1274624 
S0760       0.6352593 0.4550128 0.5481092 0.1087143 0.0846547 0.0597721 0.0861357 0.0662923 0.1356443 0.0707934 0.1286021 0.1989022 0.0709138 0.0490568 0.1846500 0.0763529 0.0773633 0.0000000 0.0710405 0.0897288 0.0828882 0.0776928 0.1394131 0.0833331 0.0845876 0.0931041 0.0769089 0.0656566 0.1262381 0.0664140 0.0509521 0.0954832 0.0850205 0.0900567 0.0836972 0.0046828 0.0716864 0.0549718 0.0776556 0.0728418 0.0598873 0.1320431 
S0763       0.5838450 0.4841178 0.6249460 0.0925552 0.0559832 0.0182668 0.0888359 0.0330665 0.1229108 0.0744249 0.1212363 0.2481388 0.0691403 0.1293616 0.2147539 0.0690090 0.0429680 0.0710405 0.0000000 0.0821268 0.0863676 0.0812753 0.1160519 0.1715867 0.0954566 0.1043885 0.0930042 0.0327691 0.1143450 0.0253080 0.0188743 0.0824987 0.0777403 0.0881808 0.0639787 0.0773485 0.1572184 0.0137387 0.1648376 0.0487337 0.0584148 0.1198383 
S0771       0.6043545 0.4578373 0.5574553 0.1337575 0.0958866 0.0705381 0.1234953 0.0773833 0.1570120 0.0658966 0.1177298 0.2342712 0.0886790 0.1257451 0.2187342 0.0879358 0.0717316 0.0897288 0.0821268 0.0000000 0.0894600 0.0726948 0.1331160 0.1678425 0.0668418 0.0745008 0.1060952 0.0766366 0.1377601 0.0656499 0.0618760 0.1039765 0.0860568 0.1106765 0.0892566 0.0906405 0.1529451 0.0657242 0.1610307 0.0727483 0.0770722 0.1284655 
S0959       0.5902179 0.5328211 0.6108231 0.1251604 0.0691527 0.0748132 0.1008044 0.0816912 0.1302125 0.0475826 0.1103168 0.2108371 0.0751209 0.1242057 0.1769346 0.0805157 0.0873130 0.0828882 0.0863676 0.0894600 0.0000000 0.0378367 0.1441169 0.1504744 0.0648387 0.0721927 0.1115213 0.0809118 0.1209820 0.0706328 0.0608777 0.1065841 0.0913086 0.0935149 0.0810331 0.0837157 0.1351636 0.0700622 0.1440164 0.0885457 0.0641610 0.1493972 
S0960       0.5508773 0.5332292 0.6171427 0.1133582 0.0567804 0.0698148 0.0899211 0.0765753 0.1137396 0.0137600 0.1170433 0.1919913 0.0811267 0.1058891 0.1851076 0.0866135 0.0821677 0.0776928 0.0812753 0.0726948 0.0378367 0.0000000 0.1251002 0.1604980 0.0553736 0.0624782 0.0943557 0.0758427 0.1030631 0.0651882 0.0612226 0.1133863 0.0982027 0.0839667 0.0883161 0.0784692 0.1434208 0.0650463 0.1537937 0.0833301 0.0695925 0.1171835 
S1052sl     0.6634907 0.5582626 0.6906067 0.1860926 0.1236935 0.1035159 0.1626466 0.1113469 0.2207898 0.1172926 0.1573679 0.2461440 0.1176325 0.1792952 0.2299604 0.1360682 0.0875181 0.1394131 0.1160519 0.1331160 0.1441169 0.1251002 0.0000000 0.2146324 0.1339880 0.1307311 0.1388319 0.0972192 0.2019253 0.1018208 0.0954281 0.1263873 0.1428166 0.1623037 0.1281939 0.1409019 0.1925371 0.0987015 0.2071487 0.0991581 0.1161164 0.1779685 
S1083       0.6441809 0.5703844 0.6720504 0.2037386 0.1898790 0.1568783 0.1860066 0.1667591 0.2611748 0.1506447 0.1767990 0.1860060 0.1358443 0.0808973 0.2372091 0.1575191 0.1525635 0.0833331 0.1715867 0.1678425 0.1504744 0.1604980 0.2146324 0.0000000 0.1373254 0.1351097 0.1721102 0.1650278 0.2084872 0.1378123 0.1418205 0.1612522 0.1275665 0.1734294 0.1513983 0.0783961 0.0000027 0.1518986 0.0044084 0.1686217 0.1377161 0.2108090 
S1128       0.5405394 0.5936404 0.5844630 0.1431272 0.1135846 0.0832481 0.1043275 0.0906269 0.1527810 0.0491862 0.1306720 0.1870541 0.0952670 0.1122539 0.2317275 0.1010500 0.0965430 0.0845876 0.0954566 0.0668418 0.0648387 0.0553736 0.1339880 0.1373254 0.0000000 0.0045777 0.1009112 0.0825322 0.1324283 0.0792986 0.0746158 0.1212560 0.0929800 0.0967110 0.0954269 0.0795932 0.1283293 0.0783298 0.1310424 0.0979600 0.0834106 0.1553269 
S1129sl     0.5034946 0.5913464 0.5816714 0.1546508 0.1183662 0.0915733 0.1125014 0.0994293 0.1675422 0.0559105 0.1346068 0.1935810 0.1041682 0.1157139 0.2480683 0.1102009 0.0993987 0.0931041 0.1043885 0.0745008 0.0721927 0.0624782 0.1307311 0.1351097 0.0045777 0.0000000 0.1100575 0.0907574 0.1436133 0.0877420 0.0828414 0.1178125 0.1021232 0.0985020 0.0971702 0.0879627 0.1257348 0.0865133 0.1286820 0.0997976 0.0917564 0.1574005 
S1201sl     0.5800156 0.5348581 0.4934515 0.0942800 0.0856036 0.0811395 0.0733946 0.0882827 0.1451955 0.0869734 0.1332932 0.2519587 0.0928245 0.1297640 0.2795526 0.0869844 0.0997919 0.0769089 0.0930042 0.1060952 0.1115213 0.0943557 0.1388319 0.1721102 0.1009112 0.1100575 0.0000000 0.0874287 0.0967079 0.0780009 0.0726745 0.1197030 0.0975702 0.0886824 0.1124591 0.0776685 0.1648860 0.0763347 0.1653460 0.0891676 0.0812944 0.1021111 
S1227       0.5846266 0.4439334 0.5310301 0.0870027 0.0442521 0.0230064 0.0832115 0.0282163 0.1230180 0.0691507 0.1154267 0.2404666 0.0639119 0.1233753 0.2226064 0.0637916 0.0380227 0.0656566 0.0327691 0.0766366 0.0809118 0.0758427 0.0972192 0.1650278 0.0825322 0.0907574 0.0874287 0.0000000 0.1083668 0.0200356 0.0140910 0.0769745 0.0722112 0.0826039 0.0587886 0.0718498 0.1574127 0.0184588 0.1583500 0.0436627 0.0533070 0.1138284 
S1332       0.6759867 0.5589396 0.5885551 0.0729297 0.0214658 0.1014338 0.0806590 0.1094742 0.1681533 0.0951951 0.1570679 0.2851589 0.1080352 0.1390630 0.2537799 0.1332642 0.1156726 0.1262381 0.1143450 0.1377601 0.1209820 0.1030631 0.2019253 0.2084872 0.1324283 0.1436133 0.0967079 0.1083668 0.0000000 0.0918947 0.0864164 0.1606674 0.1342649 0.0809506 0.1100504 0.1205298 0.2049387 0.0964539 0.2010390 0.1174054 0.1032043 0.0610889 
S1369       0.6008821 0.4545904 0.5654332 0.0898428 0.0616932 0.0149051 0.0857271 0.0202013 0.1268574 0.0643887 0.1065324 0.2358190 0.0582767 0.1232895 0.1865180 0.0643511 0.0306933 0.0664140 0.0253080 0.0656499 0.0706328 0.0651882 0.1018208 0.1378123 0.0792986 0.0877420 0.0780009 0.0200356 0.0918947 0.0000000 0.0102265 0.0788480 0.0611266 0.0788250 0.0531776 0.0664359 0.1356507 0.0099670 0.1378123 0.0423721 0.0529006 0.1196238 
S1370       0.5776633 0.4524627 0.5924757 0.0604790 0.0456877 0.0046117 0.0682369 0.0142208 0.1031538 0.0548165 0.0890208 0.2164428 0.0443792 0.1083493 0.1924152 0.0442966 0.0239576 0.0509521 0.0188743 0.0618760 0.0608777 0.0612226 0.0954281 0.1418205 0.0746158 0.0828414 0.0726745 0.0140910 0.0864164 0.0102265 0.0000000 0.0566136 0.0572528 0.0677413 0.0444697 0.0569656 0.1400747 0.0046310 0.1352967 0.0293557 0.0340186 0.0918437 
S1375       0.5939963 0.5206973 0.6546752 0.1213703 0.1330368 0.0708368 0.1159351 0.0777289 0.1750545 0.1052992 0.1126350 0.2041478 0.0765945 0.1378600 0.2678202 0.0764429 0.0654202 0.0954832 0.0824987 0.1039765 0.1065841 0.1133863 0.1263873 0.1612522 0.1212560 0.1178125 0.1197030 0.0769745 0.1606674 0.0788480 0.0566136 0.0000000 0.0978838 0.1131524 0.0997325 0.1024907 0.1459695 0.0659983 0.1545192 0.0717783 0.0653913 0.1522874 
S1381       0.4851434 0.4783004 0.4500511 0.1090252 0.1012689 0.0661108 0.0994636 0.0729236 0.1506101 0.0962678 0.1085129 0.2237787 0.0730901 0.1085666 0.2183257 0.0667915 0.0672417 0.0850205 0.0777403 0.0860568 0.0913086 0.0982027 0.1428166 0.1275665 0.0929800 0.1021232 0.0975702 0.0722112 0.1342649 0.0611266 0.0572528 0.0978838 0.0000000 0.1059503 0.0734104 0.0741812 0.1045663 0.0612325 0.1212687 0.0619121 0.0616946 0.1377979 
S1449       0.5602484 0.5212984 0.6465861 0.0722867 0.0870042 0.0763569 0.0668621 0.0834156 0.1459617 0.0768310 0.1183924 0.2517167 0.0822653 0.1137137 0.2508879 0.0932695 0.0830668 0.0900567 0.0881808 0.1106765 0.0935149 0.0839667 0.1623037 0.1734294 0.0967110 0.0985020 0.0886824 0.0826039 0.0809506 0.0788250 0.0677413 0.1131524 0.1059503 0.0000000 0.0644544 0.0909735 0.1662249 0.0715145 0.1666013 0.0772134 0.0765042 0.0985101 
S1460       0.5407583 0.5188842 0.6285979 0.0999530 0.0697538 0.0531715 0.0888151 0.0593414 0.1717466 0.0811412 0.1048806 0.2152274 0.0648021 0.1191958 0.2041030 0.0867248 0.0590969 0.0836972 0.0639787 0.0892566 0.0810331 0.0883161 0.1281939 0.1513983 0.0954269 0.0971702 0.1124591 0.0587886 0.1100504 0.0531776 0.0444697 0.0997325 0.0734104 0.0644544 0.0000000 0.0845407 0.1430585 0.0484914 0.1448939 0.0537405 0.0646612 0.1283510 
S1462       0.6299726 0.5007084 0.5135004 0.1161163 0.0898557 0.0657862 0.0930886 0.0725550 0.1443709 0.0714836 0.1290597 0.1873080 0.0772054 0.0495217 0.1795709 0.0827604 0.0776508 0.0046828 0.0773485 0.0906405 0.0837157 0.0784692 0.1409019 0.0783961 0.0795932 0.0879627 0.0776685 0.0718498 0.1205298 0.0664359 0.0569656 0.1024907 0.0741812 0.0909735 0.0845407 0.0000000 0.0660629 0.0609308 0.0727269 0.0793371 0.0659142 0.1336661 
S1498       0.5544296 0.5540366 0.6417200 0.2079611 0.1898790 0.1488861 0.1695643 0.1591741 0.2394961 0.1423057 0.1625424 0.1619433 0.1201303 0.0754453 0.2273716 0.1424103 0.1303646 0.0716864 0.1572184 0.1529451 0.1351636 0.1434208 0.1925371 0.0000027 0.1283293 0.1257348 0.1648860 0.1574127 0.2049387 0.1356507 0.1400747 0.1459695 0.1045663 0.1662249 0.1430585 0.0660629 0.0000000 0.1435599 0.0047949 0.1537150 0.1211583 0.2073914 
S_670       0.5723310 0.4455138 0.5796933 0.0759557 0.0445920 0.0000020 0.0720292 0.0186247 0.1237260 0.0586728 0.1038332 0.2250723 0.0535315 0.1114259 0.2009811 0.0534328 0.0282321 0.0549718 0.0137387 0.0657242 0.0700622 0.0650463 0.0987015 0.1518986 0.0783298 0.0865133 0.0763347 0.0184588 0.0964539 0.0099670 0.0046310 0.0659983 0.0612325 0.0715145 0.0484914 0.0609308 0.1435599 0.0000000 0.1453693 0.0336179 0.0431774 0.1018464 
SRR11470320 0.6441448 0.5547125 0.6547686 0.1964850 0.1737699 0.1503497 0.1788456 0.1600060 0.2502091 0.1441792 0.1700469 0.1937398 0.1296279 0.0754024 0.2294618 0.1509639 0.1459978 0.0776556 0.1648376 0.1610307 0.1440164 0.1537937 0.2071487 0.0044084 0.1310424 0.1286820 0.1653460 0.1583500 0.2010390 0.1378123 0.1352967 0.1545192 0.1212687 0.1666013 0.1448939 0.0727269 0.0047949 0.1453693 0.0000000 0.1617826 0.1314034 0.2032491 
SRR8528357  0.5279396 0.4311696 0.5776515 0.0949139 0.0712787 0.0383010 0.0911406 0.0440713 0.1277836 0.0762645 0.1056817 0.2388072 0.0599659 0.1259248 0.2207560 0.0543191 0.0387218 0.0728418 0.0487337 0.0727483 0.0885457 0.0833301 0.0991581 0.1686217 0.0979600 0.0997976 0.0891676 0.0436627 0.1174054 0.0423721 0.0293557 0.0717783 0.0619121 0.0772134 0.0537405 0.0793371 0.1537150 0.0336179 0.1617826 0.0000000 0.0492483 0.1230424 
SRR8528359  0.5950015 0.5107299 0.5835528 0.0821341 0.0447589 0.0478241 0.0724602 0.0538039 0.1067553 0.0634719 0.0640938 0.1830856 0.0091491 0.1045731 0.1738796 0.0232602 0.0537181 0.0598873 0.0584148 0.0770722 0.0641610 0.0695925 0.1161164 0.1377161 0.0834106 0.0917564 0.0812944 0.0533070 0.1032043 0.0529006 0.0340186 0.0653913 0.0616946 0.0765042 0.0646612 0.0659142 0.1211583 0.0431774 0.1314034 0.0492483 0.0000000 0.0966220 
SRR8528361  0.6570811 0.4802634 0.5427825 0.0781615 0.0217973 0.1068085 0.0860602 0.1149902 0.1905710 0.1149471 0.1559148 0.2718200 0.1153230 0.1376757 0.3186860 0.1261016 0.1274624 0.1320431 0.1198383 0.1284655 0.1493972 0.1171835 0.1779685 0.2108090 0.1553269 0.1574005 0.1021111 0.1138284 0.0610889 0.1196238 0.0918437 0.1522874 0.1377979 0.0985101 0.1283510 0.1336661 0.2073914 0.1018464 0.2032491 0.1230424 0.0966220 0.0000000 
