108
CRNC          0.0000000 0.2625784 0.3708037 0.4561621 0.6017188 0.4800293 0.4012770 0.4439658 0.4773414 0.4709586 0.4440619 0.4929050 0.4697526 0.4893406 0.4895022 0.2843214 0.4236641 0.4311290 0.4374800 0.4997544 0.4418962 0.4282384 0.4560958 0.4626898 0.4637471 0.5442845 0.4626931 0.4230021 0.4879476 0.4439262 0.4107687 0.4714348 0.5343339 0.4395335 0.4775091 0.4607521 0.4534380 0.4996003 0.4752163 0.5053735 0.4691370 0.4394698 0.4308162 0.4211838 0.4192874 0.5629659 0.4652105 0.4065704 0.4447298 0.4270428 0.4600556 0.4328344 0.4202164 0.5212302 0.4945509 0.4551103 0.4402268 0.4470113 0.6216624 0.4220032 0.5462849 0.4024828 0.5248845 0.4485437 0.4445356 0.4885758 0.4757282 0.5200451 0.4339189 0.4494224 0.4289000 0.5376767 0.4368652 0.5919822 0.9878802 0.4309073 0.5031450 0.4673549 0.5564982 0.4678147 0.4890942 0.4339660 0.4493604 0.4786885 0.4720641 0.3011461 0.5498858 0.4256733 0.5473197 0.4683066 0.4603372 0.5331658 0.5053716 0.4865780 0.4831065 0.3847149 0.4917425 0.4489938 0.4980736 0.5212518 0.4861850 0.4979729 0.4264382 0.4763530 0.4367167 0.4963810 0.4716479 0.4405872 
HYZL          0.2625784 0.0000000 0.1544138 0.3629367 1.1084435 0.3416432 0.3314131 0.3238565 0.3563205 0.3891570 0.3466174 0.3617668 0.3475146 0.5547081 0.4051519 0.2955739 0.3111628 0.3242202 0.3151209 0.3056356 0.3118515 0.3312312 0.3338711 0.3678085 0.3151400 0.3872678 0.3031464 0.3076265 0.3512506 0.3119551 0.3218580 0.3227555 0.3724895 0.3514275 0.3227945 0.2741085 0.3410152 0.3727580 0.3117830 0.2982490 0.3287973 0.3103559 0.3391314 0.3234142 0.3294028 0.4509600 0.3459726 0.3350763 0.3246411 0.3068317 0.3424816 0.3108281 0.3574150 0.3403281 0.3339876 0.3162126 0.2902841 0.3312757 0.4001890 0.2972733 0.4549646 0.3353004 0.3845487 0.3657938 0.3103286 0.3862105 0.3330732 0.3407656 0.2713411 0.3463526 0.3358098 0.4465260 0.3146060 0.4407835 0.6202083 0.3760611 0.3402199 0.3392331 0.4262472 0.3434045 0.3539352 0.2936015 0.2806980 0.3363640 0.3397774 0.2144807 0.3423853 0.3014565 0.3423945 0.3390133 0.3225188 0.3907695 0.3782304 0.3577741 0.3518610 0.2893454 0.3978159 0.3100124 0.3411005 0.3873339 0.3639894 0.3932655 0.3103797 0.3181909 0.3176140 0.3428474 0.3368153 0.3318483 
MYZV          0.3708037 0.1544138 0.0000000 0.4736917 0.9674252 0.4011755 0.4867126 0.4308894 0.5429162 0.4965437 0.4340563 0.4330270 0.4236220 0.5495838 0.5127562 0.4775803 0.4023941 0.4200082 0.4102539 0.4661178 0.4115193 0.4376538 0.4291831 0.4460814 0.4790530 0.4541684 0.4650765 0.3698643 0.4773737 0.3631147 0.3985357 0.4352005 0.5008576 0.4500514 0.4029950 0.4354635 0.4832598 0.4640354 0.4761623 0.4724293 0.4368409 0.4040792 0.4083394 0.3940007 0.4072431 0.5460910 0.4425984 0.4025508 0.4620472 0.3688612 0.4283053 0.3738642 0.4450024 0.4956003 0.4113325 0.4221935 0.4680143 0.4416985 0.5653091 0.3930268 0.5928845 0.4292974 0.5211622 0.4584555 0.3967168 0.5166964 0.4623918 0.4684510 0.3555833 0.4366925 0.4352853 0.5319032 0.3626631 0.5061939 0.9045829 0.4489625 0.4656065 0.4532350 0.5248224 0.4405655 0.4694931 0.3848960 0.4619009 0.4460474 0.4508682 0.2682563 0.4591416 0.4930393 0.4162883 0.4347210 0.3949941 0.4959502 0.4623984 0.4365844 0.4622193 0.3572558 0.4749474 0.3987903 0.5096301 0.4636674 0.4664699 0.4948193 0.3677968 0.4803265 0.4053371 0.4368409 0.4431221 0.4412194 
SRR6441723    0.4561621 0.3629367 0.4736917 0.0000000 0.4515165 0.0723689 0.2248333 0.0899492 0.1044170 0.1393013 0.1001021 0.1183211 0.0630174 0.2068338 0.1172150 0.0585619 0.1272714 0.1074558 0.1066792 0.0710437 0.0766267 0.0958629 0.0856565 0.1000314 0.0929384 0.1178202 0.0736774 0.0881605 0.1259772 0.1199600 0.1184124 0.0731453 0.0837056 0.0935212 0.1140710 0.0758477 0.0735442 0.1049763 0.0981670 0.0694058 0.0684142 0.0634372 0.1046154 0.0923884 0.1232230 0.1807969 0.0597113 0.1326492 0.0854585 0.0879602 0.0990780 0.0889875 0.0706085 0.1030611 0.1466356 0.0777740 0.0871242 0.0510126 0.1015377 0.0865912 0.1130573 0.0715517 0.0855431 0.1091137 0.1073171 0.1407323 0.0881836 0.1816533 0.0790201 0.0877577 0.0964410 0.1792408 0.0924814 0.1745767 0.2246961 0.0831458 0.0939330 0.0855354 0.1233099 0.0909385 0.1035532 0.0756082 0.0876778 0.0726882 0.0770173 0.1372899 0.0883665 0.0888404 0.0954008 0.0811698 0.1395660 0.0715637 0.0886157 0.1125561 0.0973331 0.0670570 0.1024823 0.0766275 0.0792871 0.0699997 0.0672275 0.0953446 0.0936974 0.0797507 0.1119307 0.0726065 0.1040436 0.0691410 
ERR4210213    0.6017188 1.1084435 0.9674252 0.4515165 0.0000000 0.4489717 0.9589812 0.4690685 0.2858319 0.4944775 0.2393044 0.2038478 0.3697734 0.1044764 0.3878693 0.0000010 0.4023479 0.4233309 8.9999984 0.3278740 0.1873575 0.2449729 0.2393044 0.2121478 0.2860183 0.5195879 0.3278740 0.3738150 0.2393044 0.1416552 0.4023479 0.3537903 0.4585837 0.2877630 0.3715032 0.4146141 0.2121478 0.2170930 0.2930709 0.3278740 0.3486735 0.4324390 0.2686454 0.3738150 0.4023479 0.4908294 0.4343602 0.4023479 0.2121478 0.3738150 0.2760196 0.3738150 0.3827297 0.3195601 0.4392037 0.3608447 0.3216467 0.2935230 0.3377847 0.2806788 3.9008934 0.4130242 0.5882887 0.3241975 0.3738150 0.6149733 0.4131025 1.6014820 0.0000010 0.4678952 0.5305235 0.4908294 0.3738150 0.5299614 0.0000010 0.3827297 0.3381229 0.1775016 0.3310117 0.3300981 0.3331816 0.3987412 0.3278740 0.3184871 0.2980991 0.0000010 0.3641661 0.3716146 0.6962933 0.2477224 0.3359758 0.3356547 0.4353862 0.3190353 0.2121478 0.4088726 0.4977900 0.2950901 3.1790730 0.3965765 0.3953415 0.2938517 0.3738150 0.3995979 0.3738150 0.3508110 0.2393044 0.2393044 
ERR2789774    0.4800293 0.3416432 0.4011755 0.0723689 0.4489717 0.0000000 0.2535251 0.0958708 0.1394923 0.1737917 0.1063701 0.1525537 0.0822133 0.2255554 0.1352878 0.1206929 0.1379385 0.1337218 0.1249335 0.0983109 0.0948149 0.1113560 0.0914723 0.1063013 0.1275514 0.1311887 0.1059662 0.0967636 0.1330624 0.1465931 0.1288763 0.0962258 0.1170475 0.1047598 0.1312512 0.1048831 0.0877834 0.1114136 0.1236461 0.1026312 0.1088614 0.0555395 0.0993965 0.0972701 0.1338332 0.2152664 0.0764791 0.1337955 0.0912574 0.0965430 0.0962958 0.0976727 0.1112883 0.1387554 0.1599081 0.1057621 0.1208136 0.0720487 0.1440100 0.1116025 0.1559677 0.1163814 0.1289981 0.0983769 0.1164097 0.1803521 0.1034524 0.2279163 0.1059560 0.1307934 0.1330362 0.2133854 0.1011651 0.2085675 0.2803252 0.1214677 0.1091143 0.1003165 0.1559500 0.0966101 0.1159394 0.0983731 0.1214962 0.1045596 0.1093370 0.1597959 0.1321147 0.1210951 0.1146114 0.0868491 0.1482097 0.1226308 0.1047085 0.1159653 0.1089343 0.0769940 0.0946931 0.0821804 0.1180933 0.0806793 0.0860262 0.1174734 0.1024967 0.1133276 0.1211111 0.1135107 0.1103867 0.0745424 
PAFTOL_019361 0.4012770 0.3314131 0.4867126 0.2248333 0.9589812 0.2535251 0.0000000 0.2256091 0.2670959 0.2447726 0.2376395 0.2616839 0.2362195 0.2840967 0.2980184 0.1914677 0.2624843 0.2373699 0.2407960 0.2329261 0.2375466 0.2296841 0.2226067 0.2457975 0.2341637 0.2518793 0.2248074 0.2373353 0.2687242 0.2552144 0.2644278 0.2433768 0.2814256 0.2461970 0.2374585 0.2270101 0.2480384 0.2468009 0.2348808 0.2156558 0.2351876 0.2216989 0.2315254 0.2334191 0.2581046 0.2971875 0.2145023 0.2798223 0.2271681 0.2367002 0.2101089 0.2399171 0.2341000 0.2373905 0.2921754 0.2380968 0.2181697 0.2157530 0.3224119 0.2141199 0.3012383 0.2403964 0.2799673 0.2962973 0.2488254 0.2465126 0.2222454 0.3063630 0.2165995 0.2668668 0.2597063 0.2664186 0.2438629 0.2909957 0.4597123 0.2581105 0.2493254 0.2485969 0.3137778 0.2241914 0.2247860 0.2312763 0.2392260 0.2420686 0.2446048 0.2174449 0.2475384 0.2192609 0.2193311 0.2232241 0.2734397 0.2509584 0.2653749 0.2178286 0.2406382 0.1961162 0.2922967 0.2330309 0.2308963 0.2792203 0.2451378 0.2687559 0.2345397 0.2271333 0.2556508 0.2486382 0.2379239 0.2357020 
S0055         0.4439658 0.3238565 0.4308894 0.0899492 0.4690685 0.0958708 0.2256091 0.0000000 0.1339858 0.1684934 0.0690920 0.1604373 0.0635767 0.1843381 0.1136451 0.1221048 0.1488283 0.1273295 0.1263748 0.0964794 0.0856713 0.0788439 0.0640417 0.0773764 0.1061937 0.1131332 0.0914679 0.0923460 0.0873237 0.1533916 0.1494639 0.0892136 0.1127927 0.0783111 0.1442516 0.1037293 0.0686239 0.0775898 0.1117600 0.0994067 0.0979323 0.0639640 0.0744429 0.1052780 0.1446789 0.1854678 0.0783547 0.1546142 0.0638966 0.0921369 0.0602504 0.0932134 0.0946287 0.1262822 0.1601443 0.0987802 0.1092254 0.0718717 0.1085142 0.1111983 0.1546179 0.1085919 0.1303443 0.0861871 0.1209735 0.1646683 0.1026210 0.2238841 0.1257563 0.1172013 0.1167067 0.1838734 0.0967056 0.1588031 0.2825330 0.1044139 0.1085993 0.0805066 0.1270572 0.0729912 0.0776360 0.0845125 0.1051951 0.0937727 0.0938685 0.1622581 0.1266539 0.1278248 0.1151478 0.0554937 0.1574013 0.1132613 0.0883634 0.0730689 0.0749521 0.0182489 0.1162756 0.0597437 0.0957635 0.0902980 0.0716414 0.0836467 0.0979772 0.1018580 0.1257242 0.1024026 0.0812781 0.0562666 
S0278         0.4773414 0.3563205 0.5429162 0.1044170 0.2858319 0.1394923 0.2670959 0.1339858 0.0000000 0.1724232 0.1351398 0.0891648 0.0933997 0.1750196 0.1838615 0.0298691 0.1563041 0.1410494 0.1291609 0.0432775 0.0961179 0.1276818 0.1255815 0.1323198 0.0474808 0.1363054 0.0392634 0.1032491 0.1375831 0.1015288 0.1467894 0.0819390 0.1166709 0.1219924 0.1267964 0.0405982 0.1114449 0.1369924 0.0357749 0.0472730 0.0726262 0.0987331 0.1323608 0.1181467 0.1520586 0.1883851 0.1230893 0.1623270 0.1252774 0.1080404 0.1407528 0.1093405 0.0956152 0.0604663 0.1787704 0.0739383 0.0592566 0.1036235 0.0728001 0.1020867 0.1482660 0.0990240 0.1325933 0.1357601 0.1096893 0.1607364 0.1214411 0.2214988 0.0975250 0.1016606 0.1110709 0.1867420 0.1129221 0.1715123 0.2859931 0.0944393 0.1044509 0.1254016 0.1502303 0.1426777 0.1333577 0.0917671 0.0467996 0.0689094 0.0732163 0.1708724 0.0689823 0.0248352 0.1260235 0.1204191 0.1609518 0.1433002 0.1189790 0.1630575 0.1462589 0.0943260 0.1212981 0.1265257 0.0635747 0.1122167 0.1071103 0.1439763 0.1144498 0.0472752 0.1144166 0.0771843 0.1423868 0.1203821 
S0281         0.4709586 0.3891570 0.4965437 0.1393013 0.4944775 0.1737917 0.2447726 0.1684934 0.1724232 0.0000000 0.1534936 0.1448466 0.1321716 0.1639144 0.2174278 0.1122465 0.1274605 0.1287822 0.1189581 0.1350313 0.1278949 0.1652161 0.1425191 0.1639335 0.1460253 0.1475686 0.1293401 0.0637855 0.1942498 0.1117682 0.1224661 0.1378162 0.1821652 0.1647751 0.1290673 0.1440279 0.1624538 0.1662220 0.1468591 0.1337246 0.1223941 0.1201850 0.1599214 0.0791917 0.1273147 0.1909175 0.1316392 0.1310132 0.1619164 0.0636410 0.1525977 0.0643851 0.1432554 0.1475525 0.1752000 0.1337597 0.1488959 0.1356657 0.2182036 0.1012179 0.2276406 0.1439933 0.1870111 0.1781392 0.0723512 0.1779599 0.1796219 0.2051326 0.1025195 0.1584727 0.1691419 0.1787541 0.0679054 0.1740616 0.2482458 0.1527340 0.1591014 0.1521171 0.2044806 0.1484725 0.1747038 0.1269842 0.1397561 0.1221409 0.1221409 0.1272168 0.1584672 0.1467409 0.1341739 0.1468686 0.1620307 0.1912276 0.1448392 0.1704629 0.1747954 0.1188015 0.1624127 0.1595107 0.1696515 0.1572205 0.1463854 0.1876031 0.0688025 0.1341724 0.0765960 0.1178573 0.1538073 0.1371805 
S0282         0.4440619 0.3466174 0.4340563 0.1001021 0.2393044 0.1063701 0.2376395 0.0690920 0.1351398 0.1534936 0.0000000 0.1387475 0.0642979 0.0608163 0.0934659 0.1169772 0.1209104 0.1069053 0.1166028 0.1034021 0.0715406 0.0645576 0.0103785 0.0286337 0.1135022 0.1108810 0.0981873 0.0851952 0.0774401 0.1237648 0.1213970 0.1046581 0.1309449 0.0824877 0.1175417 0.1110818 0.0516364 0.0283247 0.1234471 0.1063336 0.1084321 0.0815721 0.0095025 0.0894532 0.1263354 0.1636902 0.0860780 0.1360043 0.0321262 0.0849991 0.0211060 0.0860053 0.1152298 0.1187564 0.1632691 0.1099978 0.1211236 0.0724254 0.1421218 0.0851070 0.1884376 0.1244608 0.1499767 0.0622905 0.1038354 0.1631592 0.1154876 0.2303478 0.1275917 0.1334495 0.1393266 0.1725811 0.0895469 0.1575908 0.3004715 0.1298843 0.1133795 0.0551498 0.1380076 0.0213481 0.0718087 0.0946844 0.1172246 0.1041434 0.0983179 0.1281443 0.1447290 0.1317555 0.1094447 0.0211403 0.1363257 0.1276320 0.0760318 0.0362622 0.0330734 0.0499446 0.1206133 0.0605243 0.1223911 0.0815864 0.0679730 0.0726649 0.0907407 0.1090435 0.1084468 0.1040302 0.0248685 0.0399333 
S0289         0.4929050 0.3617668 0.4330270 0.1183211 0.2038478 0.1525537 0.2616839 0.1604373 0.0891648 0.1448466 0.1387475 0.0000000 0.1209825 0.1186332 0.2001808 0.0934867 0.1406694 0.1498975 0.1173296 0.0730834 0.1086510 0.1566171 0.1238376 0.1516664 0.0775929 0.1419575 0.0619712 0.1083601 0.1533196 0.0472124 0.1289111 0.0896494 0.1291060 0.1515350 0.1306856 0.0745186 0.1441109 0.1516345 0.0841425 0.0726983 0.0888814 0.1148816 0.1360088 0.1243058 0.1353460 0.2154859 0.1154109 0.1414298 0.1358440 0.1125919 0.1434524 0.1143296 0.1210348 0.0865906 0.1900367 0.0848404 0.0791491 0.1133389 0.1991683 0.1064837 0.1955206 0.1280376 0.1509072 0.1746230 0.1133945 0.1998903 0.1462813 0.1540017 0.0710986 0.1206181 0.1331007 0.2206154 0.1072752 0.1911886 0.2714684 0.1269534 0.1463128 0.1367625 0.2041674 0.1460030 0.1732354 0.0853644 0.0777232 0.0780758 0.0842383 0.1805221 0.0753022 0.0846142 0.1439197 0.1231037 0.1610855 0.1504924 0.1438787 0.1727136 0.1669240 0.1023477 0.1384346 0.1374525 0.1195115 0.1451427 0.1237562 0.1951432 0.1148890 0.0629335 0.1194610 0.0784912 0.1456033 0.1357086 
S0292         0.4697526 0.3475146 0.4236220 0.0630174 0.3697734 0.0822133 0.2362195 0.0635767 0.0933997 0.1321716 0.0642979 0.1209825 0.0000000 0.2133289 0.1111403 0.0875365 0.1136181 0.1026615 0.0997088 0.0681510 0.0633902 0.0742146 0.0692944 0.0838593 0.0812543 0.0740949 0.0634432 0.0668641 0.0986145 0.0921172 0.1140909 0.0866159 0.1052541 0.0629399 0.1015450 0.0744697 0.0833302 0.0829155 0.0866136 0.0727789 0.0804607 0.0547580 0.0595312 0.0758385 0.1140909 0.1472366 0.0638394 0.1292611 0.0691256 0.0713711 0.0784120 0.0722463 0.0938673 0.0967525 0.1594025 0.0818421 0.0955348 0.0587384 0.0844725 0.0893225 0.1391716 0.0985220 0.1071904 0.0890886 0.0811672 0.1204835 0.0628085 0.1983662 0.1072540 0.1088081 0.1185843 0.1459258 0.0715188 0.1311240 0.3290155 0.1080761 0.0900267 0.0735432 0.0372774 0.0801279 0.1021388 0.0761060 0.0811724 0.0809068 0.0855434 0.1115654 0.0976014 0.0842671 0.0952642 0.0603441 0.1364684 0.1159602 0.0071772 0.0887280 0.0768488 0.0387764 0.0374010 0.0597637 0.0569879 0.0038259 0.0000025 0.0984965 0.0769807 0.0738689 0.0857244 0.0808126 0.0880690 0.0558386 
S0293         0.4893406 0.5547081 0.5495838 0.2068338 0.1044764 0.2255554 0.2840967 0.1843381 0.1750196 0.1639144 0.0608163 0.1186332 0.2133289 0.0000000 0.1805787 0.0000010 0.2310279 0.2442688 1.5864375 0.0900079 0.1339119 0.0400397 0.0608163 0.0608163 0.0939604 0.2188783 0.0900079 0.1463972 0.0392835 0.0654224 0.2310279 0.1158546 0.1632942 0.2282070 0.2051584 0.1463972 0.0608163 0.0399352 0.1469869 0.1435324 0.1424091 0.1794312 0.0672125 0.2065277 0.2310279 0.2422836 0.1765540 0.2310279 0.0608163 0.1463972 0.0615488 0.1463972 0.1222315 0.1845052 0.2564133 0.1179581 0.1391628 0.1151100 0.1147835 0.1587037 2.3615379 0.2054940 0.2518630 0.1392699 0.1463972 0.3255076 0.2327798 1.8085879 0.0000010 0.1789607 0.2170676 0.2422836 0.1463972 0.2086838 0.0000010 0.1222315 0.1456887 0.0826641 0.2893808 0.1167676 0.0835665 0.1421853 0.0900079 0.0900079 0.0839104 0.0000010 0.1739082 0.1918592 0.2830669 0.0849805 0.1757445 0.2056022 0.2470624 0.1138639 0.0608163 0.1286259 0.2994536 0.0896160 1.4861308 0.2133289 0.2355484 0.1357467 0.1463972 0.1163458 0.1463972 0.1147835 0.0608163 0.0826641 
S0294         0.4895022 0.4051519 0.5127562 0.1172150 0.3878693 0.1352878 0.2980184 0.1136451 0.1838615 0.2174278 0.0934659 0.2001808 0.1111403 0.1805787 0.0000000 0.1356398 0.1770196 0.1517599 0.1526834 0.1475971 0.1143621 0.1003857 0.0839757 0.0986953 0.1558152 0.1832046 0.1493673 0.1436814 0.1321828 0.1952687 0.1761734 0.1326035 0.1755399 0.1453956 0.1643884 0.1512287 0.0750104 0.0958592 0.1683426 0.1565840 0.1385469 0.1240401 0.0759632 0.1487840 0.1817946 0.2602940 0.1232862 0.1926785 0.0837761 0.1433261 0.0977283 0.1451373 0.1453971 0.1787361 0.2029757 0.1402147 0.1688800 0.1036744 0.1808705 0.1469870 0.2093888 0.1634956 0.1865163 0.0526961 0.1771549 0.2254621 0.1528583 0.2835134 0.1565672 0.1760843 0.1877205 0.2578673 0.1488634 0.2450125 0.4203917 0.1697351 0.1647744 0.1018098 0.2003962 0.0936861 0.0963095 0.1398404 0.1638334 0.1338668 0.1271108 0.1631713 0.1713138 0.1827967 0.1344981 0.0889560 0.2005651 0.1435857 0.1392672 0.1177447 0.0964434 0.0881356 0.1492306 0.0905198 0.1645370 0.1375121 0.1148997 0.0975383 0.1405826 0.1552964 0.1827757 0.1436777 0.0982114 0.0756235 
S0299         0.2843214 0.2955739 0.4775803 0.0585619 0.0000010 0.1206929 0.1914677 0.1221048 0.0298691 0.1122465 0.1169772 0.0934867 0.0875365 0.0000010 0.1356398 0.0000000 0.1214992 0.1239056 0.1090764 0.0406458 0.0879784 0.0940521 0.1019256 0.1168888 0.0404252 0.1099350 0.0350555 0.0926728 0.0946048 0.1329592 0.1090764 0.0644597 0.0877316 0.0873674 0.1173701 0.0255197 0.0968393 0.1373353 0.0405614 0.0462592 0.0573750 0.0746518 0.1058921 0.0991847 0.1157837 0.1845101 0.0808318 0.1221802 0.1077542 0.0991847 0.1147434 0.1008484 0.0755085 0.0644108 0.1427727 0.0584548 0.0513535 0.0751621 0.0396942 0.0887377 0.0802706 0.0692686 0.0807492 0.1061859 0.1144569 0.1300436 0.1130078 0.1674215 0.0980169 0.0820635 0.0878814 0.1900905 0.1058409 0.1761067 0.2540366 0.0745656 0.1302167 0.1016557 0.1568704 0.1084327 0.1287345 0.0648845 0.0456076 0.0573750 0.0577924 0.1912589 0.0600571 0.0250117 0.1013822 0.1084767 0.1441512 0.1040125 0.1116029 0.1357081 0.1382766 0.0779995 0.1101623 0.0976374 0.0517946 0.1083315 0.1056363 0.1294722 0.1013858 0.0302639 0.1211743 0.0634488 0.1240545 0.0953644 
S0303         0.4236641 0.3111628 0.4023941 0.1272714 0.4023479 0.1379385 0.2624843 0.1488283 0.1563041 0.1274605 0.1209104 0.1406694 0.1136181 0.2310279 0.1770196 0.1214992 0.0000000 0.0518952 0.0125219 0.1107608 0.1044249 0.1457004 0.1052976 0.1249439 0.1367361 0.1607410 0.1109072 0.0892359 0.1587976 0.1293515 0.0102462 0.1188259 0.1721221 0.1353088 0.0606604 0.1086061 0.1333675 0.1319146 0.1272011 0.1152242 0.1324059 0.0897235 0.1335737 0.0879365 0.0137359 0.1961870 0.1224690 0.0207778 0.1235067 0.0890305 0.1196512 0.0900836 0.1540515 0.1381861 0.1023537 0.1294319 0.1304075 0.1080864 0.2014039 0.0325463 0.2094523 0.1448814 0.1781843 0.1609668 0.0765146 0.1678745 0.1265981 0.1336526 0.0608654 0.1594436 0.1701754 0.1944494 0.0936231 0.1663971 0.2204098 0.1637725 0.1229727 0.1051467 0.1738495 0.1106947 0.1572608 0.0915870 0.1304607 0.1279131 0.1227016 0.0394029 0.1589614 0.1384482 0.0985419 0.1095126 0.0881427 0.1730665 0.1262049 0.1406641 0.1289773 0.1097962 0.1668589 0.1355362 0.1455289 0.1417604 0.1173095 0.1594289 0.0948701 0.1155129 0.0808089 0.1277779 0.1250095 0.1186839 
S0308         0.4311290 0.3242202 0.4200082 0.1074558 0.4233309 0.1337218 0.2373699 0.1273295 0.1410494 0.1287822 0.1069053 0.1498975 0.1026615 0.2442688 0.1517599 0.1239056 0.0518952 0.0000000 0.0348908 0.0971016 0.0963909 0.1272213 0.0919014 0.1108550 0.1221008 0.1284902 0.0972488 0.0773090 0.1474974 0.1211763 0.0397861 0.0903215 0.1421925 0.1240090 0.0476442 0.0947307 0.1127808 0.1157805 0.1182122 0.1053503 0.1182850 0.0772886 0.1004955 0.0761753 0.0436517 0.1585112 0.1183931 0.0513821 0.1096190 0.0771304 0.1057914 0.0780477 0.1164791 0.1234140 0.0893771 0.1200175 0.1160991 0.0943364 0.1388376 0.0214603 0.1820190 0.1198542 0.1512164 0.1302616 0.0768728 0.1601232 0.1060908 0.1455705 0.0783516 0.1335969 0.1436265 0.1571266 0.0816150 0.1587315 0.2927655 0.1377929 0.0994654 0.0917693 0.1608809 0.1071807 0.1354489 0.0864303 0.1161649 0.1139044 0.1188147 0.0480976 0.1435159 0.1348504 0.0782509 0.0960471 0.0756723 0.1580129 0.1109578 0.1165717 0.1135948 0.0908045 0.1446754 0.1145822 0.1155978 0.1241421 0.1063167 0.1372393 0.0827093 0.1016818 0.0811887 0.1137818 0.1109481 0.1049464 
S0322         0.4374800 0.3151209 0.4102539 0.1066792 8.9999984 0.1249335 0.2407960 0.1263748 0.1291609 0.1189581 0.1166028 0.1173296 0.0997088 1.5864375 0.1526834 0.1090764 0.0125219 0.0348908 0.0000000 0.0938019 0.1030975 0.1401909 0.0978807 0.1214960 0.1184821 0.1259232 0.0939820 0.0798670 0.1567832 0.1137274 0.0000010 0.0909061 0.1503620 0.1207187 0.0401744 0.0903404 0.1317326 0.1292629 0.1013023 0.0927800 0.1085003 0.0797978 0.1172442 0.0784510 0.0040846 0.1826874 0.0910951 0.0123792 0.1198094 0.0796429 0.1089011 0.0807957 0.1330478 0.1066616 0.0891506 0.1098277 0.1045781 0.0848951 0.2235055 0.0212645 0.1454574 0.1338214 0.1434493 0.1399642 0.0690861 0.1681517 0.1072353 0.0787019 0.0468033 0.1445413 0.1502452 0.1807128 0.0851278 0.1538259 0.2048377 0.1444266 0.1080148 0.1033309 0.1655909 0.1034750 0.1426330 0.0761064 0.1171605 0.1143684 0.1143684 0.0311993 0.1327334 0.1191949 0.0548189 0.1092185 0.0782310 0.1478776 0.1089620 0.1268008 0.1263005 0.0894035 0.1259806 0.1272643 0.1179924 0.1263908 0.1022567 0.1440175 0.0865179 0.0937184 0.0742212 0.1087778 0.1215851 0.1085778 
S0327         0.4997544 0.3056356 0.4661178 0.0710437 0.3278740 0.0983109 0.2329261 0.0964794 0.0432775 0.1350313 0.1034021 0.0730834 0.0681510 0.0900079 0.1475971 0.0406458 0.1107608 0.0971016 0.0938019 0.0000000 0.0790117 0.0991689 0.0884505 0.1033310 0.0245151 0.1078495 0.0101948 0.0724437 0.1037908 0.0535734 0.1019671 0.0400191 0.1023268 0.1035397 0.0880524 0.0104496 0.0809596 0.1084579 0.0280369 0.0172479 0.0434908 0.0645746 0.0942808 0.0860150 0.1066884 0.1618867 0.0866081 0.1159766 0.0882405 0.0768456 0.1023183 0.0777539 0.0786867 0.0363725 0.1351410 0.0440512 0.0280660 0.0689861 0.0379280 0.0619616 0.1476701 0.0877251 0.1169325 0.1181701 0.0832653 0.1356138 0.0891954 0.1539430 0.0562644 0.0917264 0.1008342 0.1553083 0.0812996 0.1458757 0.2129956 0.0831893 0.0878610 0.0883224 0.1346215 0.1036654 0.1073703 0.0613055 0.0171375 0.0399137 0.0438079 0.1136315 0.0441359 0.0322591 0.0868772 0.0838094 0.1192094 0.1240507 0.0884106 0.1225100 0.1061453 0.0634882 0.0949413 0.0929680 0.0391896 0.0912466 0.0811475 0.1174614 0.0823826 0.0209624 0.0877265 0.0475387 0.1074575 0.0837470 
S0335         0.4418962 0.3118515 0.4115193 0.0766267 0.1873575 0.0948149 0.2375466 0.0856713 0.0961179 0.1278949 0.0715406 0.1086510 0.0633902 0.1339119 0.1143621 0.0879784 0.1044249 0.0963909 0.1030975 0.0790117 0.0000000 0.0637102 0.0634349 0.0766679 0.0934624 0.1198451 0.0742570 0.0720900 0.0890474 0.0968422 0.1048210 0.0772500 0.1086234 0.0772299 0.1025962 0.0855850 0.0679796 0.0723791 0.0845211 0.0734971 0.0771276 0.0594933 0.0723329 0.0762006 0.1095061 0.1559308 0.0894094 0.1187158 0.0632921 0.0719261 0.0759634 0.0727690 0.0956714 0.0943671 0.1280328 0.0782011 0.0825780 0.0594170 0.1244690 0.0702676 0.1392533 0.0961048 0.1115695 0.0729775 0.0850846 0.1357126 0.1034546 0.1931030 0.0711964 0.1091695 0.1186138 0.1545951 0.0762885 0.1402001 0.2722651 0.1095454 0.0686803 0.0473356 0.1053284 0.0769010 0.0891125 0.0679582 0.0919772 0.0730822 0.0721759 0.1125028 0.0985314 0.1040753 0.1144847 0.0592852 0.1230956 0.0985096 0.0881859 0.0940724 0.0782132 0.0585009 0.1097203 0.0691183 0.0979362 0.0899352 0.0714298 0.0902119 0.0772970 0.0840307 0.0894598 0.0814244 0.0805472 0.0513543 
S0376         0.4282384 0.3312312 0.4376538 0.0958629 0.2449729 0.1113560 0.2296841 0.0788439 0.1276818 0.1652161 0.0645576 0.1566171 0.0742146 0.0400397 0.1003857 0.0940521 0.1457004 0.1272213 0.1401909 0.0991689 0.0637102 0.0000000 0.0561014 0.0691444 0.1052041 0.1177658 0.0939974 0.0946980 0.0432735 0.1402255 0.1463245 0.0924191 0.1302989 0.0822613 0.1329129 0.1019136 0.0687468 0.0698748 0.1185442 0.1021442 0.1004669 0.0861119 0.0575476 0.1079773 0.1415171 0.1731665 0.0819547 0.1616868 0.0559746 0.0944777 0.0563042 0.0956067 0.1071064 0.1151121 0.1531654 0.0973454 0.1120929 0.0642282 0.0855105 0.1077836 0.1945092 0.1257094 0.1595110 0.0751477 0.1204040 0.1460796 0.1096916 0.2540860 0.1313807 0.1251862 0.1344957 0.1716630 0.0991746 0.1467286 0.3127849 0.1216154 0.1154755 0.0558056 0.1399405 0.0693549 0.0815037 0.0906321 0.1129412 0.0961982 0.0949860 0.1509633 0.1352003 0.1265046 0.1055605 0.0524332 0.1364078 0.0993018 0.1049291 0.0778408 0.0702396 0.0552769 0.1218263 0.0573835 0.1344608 0.1028976 0.0872523 0.0908123 0.1005080 0.1047381 0.1252788 0.1046022 0.0730278 0.0563590 
S0400         0.4560958 0.3338711 0.4291831 0.0856565 0.2393044 0.0914723 0.2226067 0.0640417 0.1255815 0.1425191 0.0103785 0.1238376 0.0692944 0.0608163 0.0839757 0.1019256 0.1052976 0.0919014 0.0978807 0.0884505 0.0634349 0.0561014 0.0000000 0.0174193 0.1033933 0.1072798 0.0835226 0.0762618 0.0640306 0.1157764 0.1057001 0.0900075 0.1185557 0.0770910 0.1073796 0.0954374 0.0394816 0.0210502 0.1075295 0.0914602 0.0988050 0.0680132 0.0094746 0.0804110 0.1104209 0.1624081 0.0723025 0.1196976 0.0208469 0.0760880 0.0102737 0.0769809 0.1053019 0.1084823 0.1457747 0.1002102 0.1055248 0.0593468 0.1316584 0.0708773 0.1676770 0.1142843 0.1365746 0.0519723 0.0950049 0.1516988 0.1002610 0.2063914 0.1068646 0.1230514 0.1287128 0.1610037 0.0805008 0.1463562 0.2631757 0.1195373 0.1043642 0.0429396 0.1443225 0.0103889 0.0588293 0.0805781 0.1017340 0.0946090 0.0890319 0.1175599 0.1278304 0.1151369 0.0993541 0.0102898 0.1200549 0.1120562 0.0811641 0.0247080 0.0251630 0.0498282 0.1197470 0.0478454 0.1091447 0.0871730 0.0729965 0.0595080 0.0815659 0.0936985 0.0995346 0.0945054 0.0138352 0.0282687 
S0405         0.4626898 0.3678085 0.4460814 0.1000314 0.2121478 0.1063013 0.2457975 0.0773764 0.1323198 0.1639335 0.0286337 0.1516664 0.0838593 0.0608163 0.0986953 0.1168888 0.1249439 0.1108550 0.1214960 0.1033310 0.0766679 0.0691444 0.0174193 0.0000000 0.1191177 0.1167509 0.0981144 0.0939240 0.0773664 0.1507727 0.1254507 0.1045893 0.1249925 0.0824133 0.1273388 0.1110131 0.0515726 0.0324000 0.1138214 0.1062649 0.1137675 0.0814983 0.0295502 0.0982737 0.1304202 0.1914368 0.0860043 0.1401433 0.0320793 0.0937077 0.0283442 0.0948205 0.1114129 0.1244738 0.1675949 0.1154270 0.1210641 0.0723529 0.1220343 0.0889899 0.1764832 0.1206248 0.1436118 0.0470324 0.1138838 0.1802336 0.1154245 0.2385059 0.1225579 0.1296046 0.1354495 0.1788496 0.0983690 0.1743454 0.2906836 0.1260294 0.1197112 0.0550845 0.1620674 0.0286715 0.0717368 0.0946125 0.1171619 0.1094188 0.1034429 0.1399180 0.1446926 0.1217705 0.1096401 0.0211065 0.1404513 0.1275791 0.0960056 0.0438350 0.0369013 0.0630370 0.1358518 0.0604550 0.1283093 0.1033152 0.0876011 0.0725920 0.0996837 0.1089745 0.1186438 0.1093001 0.0322034 0.0398784 
S0407sl       0.4637471 0.3151400 0.4790530 0.0929384 0.2860183 0.1275514 0.2341637 0.1061937 0.0474808 0.1460253 0.1135022 0.0775929 0.0812543 0.0939604 0.1558152 0.0404252 0.1367361 0.1221008 0.1184821 0.0245151 0.0934624 0.1052041 0.1033933 0.1191177 0.0000000 0.1038670 0.0208041 0.0812787 0.1245848 0.0532673 0.1274764 0.0604871 0.1219833 0.1187866 0.1029226 0.0250112 0.0957704 0.1205106 0.0471331 0.0356609 0.0476055 0.0818226 0.1023177 0.0952847 0.1325371 0.1630580 0.0953099 0.1424361 0.1031434 0.0858106 0.1179180 0.0868345 0.0790736 0.0484415 0.1584576 0.0484197 0.0471796 0.0827362 0.0638190 0.0845652 0.1594102 0.0972245 0.1314191 0.1194062 0.0978795 0.1466187 0.1128029 0.1818519 0.0643348 0.1013208 0.1107083 0.1616368 0.0904044 0.1468679 0.2816113 0.0836095 0.1027488 0.0978737 0.1395270 0.1195115 0.1273020 0.0748284 0.0279732 0.0439994 0.0479590 0.1258595 0.0647281 0.0439202 0.0974255 0.1023928 0.1413917 0.1450973 0.1018812 0.1391566 0.1224546 0.0725356 0.1136703 0.1081200 0.0586487 0.1006953 0.0946175 0.1379641 0.0916190 0.0247394 0.1025481 0.0517324 0.1193311 0.0984436 
S0412sl       0.5442845 0.3872678 0.4541684 0.1178202 0.5195879 0.1311887 0.2518793 0.1131332 0.1363054 0.1475686 0.1108810 0.1419575 0.0740949 0.2188783 0.1832046 0.1099350 0.1607410 0.1284902 0.1259232 0.1078495 0.1198451 0.1177658 0.1072798 0.1167509 0.1038670 0.0000000 0.0929017 0.0780938 0.1294809 0.1409259 0.1510237 0.1198804 0.1391677 0.1111478 0.1512365 0.1054440 0.1319217 0.1217849 0.1232202 0.1120803 0.0992283 0.0779908 0.0996287 0.0998701 0.1564219 0.1701806 0.0704749 0.1561485 0.1163088 0.0864920 0.1218565 0.0875325 0.1157252 0.1290175 0.1989269 0.1097324 0.1275812 0.1042240 0.1110111 0.1158225 0.1769307 0.1202426 0.1440713 0.1221856 0.1057207 0.1600163 0.1329030 0.2423679 0.1073322 0.1341185 0.1354986 0.1686719 0.0824475 0.1535299 0.3651644 0.1305198 0.1345330 0.1260536 0.1608402 0.1075078 0.1472927 0.0969496 0.1116496 0.1038854 0.1086418 0.1306304 0.1455082 0.1094440 0.0904036 0.1126800 0.1735773 0.1658308 0.0854974 0.1222304 0.1222790 0.0690516 0.1225194 0.1214261 0.1135833 0.0930690 0.0781275 0.1505190 0.0920814 0.0994591 0.1104269 0.0904407 0.1233019 0.1023068 
S0417         0.4626931 0.3031464 0.4650765 0.0736774 0.3278740 0.1059662 0.2248074 0.0914679 0.0392634 0.1293401 0.0981873 0.0619712 0.0634432 0.0900079 0.1493673 0.0350555 0.1109072 0.0972488 0.0939820 0.0101948 0.0742570 0.0939974 0.0835226 0.0981144 0.0208041 0.0929017 0.0000000 0.0679147 0.1132028 0.0469468 0.1021154 0.0439757 0.1007660 0.0984957 0.0976641 0.0068902 0.0797079 0.1031322 0.0316434 0.0207596 0.0394619 0.0601394 0.0878228 0.0812424 0.1068365 0.1557637 0.0817788 0.1161223 0.0833257 0.0722424 0.0971614 0.0730909 0.0739554 0.0401419 0.1367138 0.0401206 0.0316759 0.0644682 0.0460810 0.0620883 0.1409366 0.0828358 0.1177082 0.1050174 0.0784523 0.1335644 0.0893352 0.1634924 0.0488434 0.0867846 0.0957394 0.1544272 0.0766180 0.1400150 0.2323913 0.0783749 0.0829571 0.0834020 0.1289703 0.0984289 0.1059787 0.0532054 0.0135756 0.0359146 0.0397438 0.1147226 0.0479778 0.0246851 0.0960589 0.0789676 0.1154599 0.1221416 0.0834793 0.1169915 0.1007576 0.0588726 0.0988416 0.0879672 0.0437245 0.0810193 0.0762479 0.1159372 0.0776330 0.0172943 0.0828416 0.0434317 0.0983329 0.0789046 
S0419         0.4230021 0.3076265 0.3698643 0.0881605 0.3738150 0.0967636 0.2373353 0.0923460 0.1032491 0.0637855 0.0851952 0.1083601 0.0668641 0.1463972 0.1436814 0.0926728 0.0892359 0.0773090 0.0798670 0.0724437 0.0720900 0.0946980 0.0762618 0.0939240 0.0812787 0.0780938 0.0679147 0.0000000 0.1094992 0.0809350 0.0810152 0.0753434 0.1064654 0.0841464 0.0775648 0.0785837 0.0982195 0.0998912 0.0862927 0.0763812 0.0706014 0.0501649 0.0730963 0.0241754 0.0853643 0.1315448 0.0624536 0.0939600 0.0929446 0.0067434 0.0892527 0.0068176 0.0798904 0.0869411 0.1179454 0.0715485 0.0855767 0.0741861 0.1079468 0.0570096 0.1459812 0.0886567 0.1193605 0.1013521 0.0321252 0.1244835 0.1156299 0.1783781 0.0943019 0.0925330 0.1013591 0.1304517 0.0101875 0.1169066 0.2290256 0.0928656 0.0977436 0.0931479 0.1327490 0.0810387 0.1118500 0.0711429 0.0848881 0.0667158 0.0708713 0.1161392 0.1050168 0.0910083 0.0784675 0.0802114 0.1069808 0.1355042 0.0783655 0.0991977 0.1013943 0.0450674 0.0985530 0.0889554 0.1051244 0.0845185 0.0750916 0.1131275 0.0103163 0.0771940 0.0358916 0.0666421 0.0940363 0.0801515 
S0427         0.4879476 0.3512506 0.4773737 0.1259772 0.2393044 0.1330624 0.2687242 0.0873237 0.1375831 0.1942498 0.0774401 0.1533196 0.0986145 0.0392835 0.1321828 0.0946048 0.1587976 0.1474974 0.1567832 0.1037908 0.0890474 0.0432735 0.0640306 0.0773664 0.1245848 0.1294809 0.1132028 0.1094992 0.0000000 0.1409364 0.1595063 0.1101708 0.1329923 0.0964091 0.1543430 0.1166918 0.0769975 0.0819259 0.1288957 0.1166949 0.1242916 0.1004368 0.0693393 0.1327449 0.1545362 0.1929551 0.0962736 0.1754344 0.0720357 0.1183873 0.0683756 0.1198240 0.1324930 0.1356923 0.1809726 0.1212612 0.1282721 0.0993836 0.1126143 0.1240263 0.2092586 0.1460824 0.1633316 0.1029463 0.1404742 0.1760847 0.1310594 0.2590314 0.1443607 0.1516830 0.1622986 0.1803015 0.1234228 0.1652923 0.3559844 0.1368870 0.1511009 0.0717999 0.1681387 0.0776030 0.0934928 0.1142846 0.1225268 0.1198476 0.1183314 0.1535960 0.1564399 0.1430894 0.1260982 0.0603543 0.1690176 0.1393798 0.1210681 0.0776819 0.0835931 0.0726546 0.1524068 0.0781116 0.1472665 0.1311920 0.1128585 0.1034871 0.1251053 0.1143042 0.1455763 0.1197191 0.0812685 0.0725169 
S0428sl       0.4439262 0.3119551 0.3631147 0.1199600 0.1416552 0.1465931 0.2552144 0.1533916 0.1015288 0.1117682 0.1237648 0.0472124 0.0921172 0.0654224 0.1952687 0.1329592 0.1293515 0.1211763 0.1137274 0.0535734 0.0968422 0.1402255 0.1157764 0.1507727 0.0532673 0.1409259 0.0469468 0.0809350 0.1409364 0.0000000 0.1215095 0.0738445 0.1289343 0.1488651 0.1143254 0.0548355 0.1325492 0.1335386 0.0736351 0.0670933 0.0806408 0.1099310 0.1124462 0.0954505 0.1215095 0.1824370 0.1111605 0.1290005 0.1308493 0.0882668 0.1320991 0.0899794 0.1031374 0.0841843 0.1699541 0.0754449 0.0864762 0.0960830 0.1535583 0.1017436 0.2210087 0.1218134 0.1475222 0.1632026 0.0887381 0.1580599 0.1419595 0.1828429 0.0783920 0.1257148 0.1336869 0.1805657 0.0885982 0.1538974 0.5221643 0.1279126 0.1288324 0.1304448 0.1721496 0.1351326 0.1580717 0.0748052 0.0597523 0.0672393 0.0747640 0.1888823 0.0906815 0.0959563 0.1296014 0.1071529 0.1360099 0.1838551 0.0982407 0.1516571 0.1614702 0.0782469 0.1364080 0.1394027 0.1277278 0.1241265 0.1019664 0.1963487 0.0900868 0.0478446 0.0959732 0.0676869 0.1259347 0.1239535 
S0430         0.4107687 0.3218580 0.3985357 0.1184124 0.4023479 0.1288763 0.2644278 0.1494639 0.1467894 0.1224661 0.1213970 0.1289111 0.1140909 0.2310279 0.1761734 0.1090764 0.0102462 0.0397861 0.0000010 0.1019671 0.1048210 0.1463245 0.1057001 0.1254507 0.1274764 0.1510237 0.1021154 0.0810152 0.1595063 0.1215095 0.0000000 0.1038519 0.1624509 0.1358726 0.0527598 0.0996589 0.1339154 0.1324656 0.1235411 0.1064109 0.1234471 0.0814516 0.1268608 0.0798326 0.0033553 0.1861761 0.1136634 0.0101503 0.1240002 0.0808286 0.1201275 0.0817869 0.1447432 0.1288497 0.0939597 0.1204030 0.1213154 0.0995035 0.2014039 0.0251539 0.1979559 0.1356298 0.1682255 0.1623969 0.0721165 0.1686367 0.1177638 0.1192995 0.0468033 0.1500126 0.1605825 0.1845226 0.0853393 0.1671427 0.2048377 0.1543332 0.1141145 0.1055480 0.1746702 0.1111260 0.1579404 0.0831658 0.1213774 0.1189975 0.1138883 0.0311993 0.1493484 0.1290744 0.0897938 0.1099342 0.0800093 0.1635821 0.1267385 0.1412587 0.1295197 0.1102374 0.1572922 0.1361025 0.1342293 0.1371461 0.1177989 0.1601296 0.0864796 0.1066348 0.0763602 0.1188694 0.1255154 0.1191522 
S0478         0.4714348 0.3227555 0.4352005 0.0731453 0.3537903 0.0962258 0.2433768 0.0892136 0.0819390 0.1378162 0.1046581 0.0896494 0.0866159 0.1158546 0.1326035 0.0644597 0.1188259 0.0903215 0.0909061 0.0400191 0.0772500 0.0924191 0.0900075 0.1045893 0.0604871 0.1198804 0.0439757 0.0753434 0.1101708 0.0738445 0.1038519 0.0000000 0.1050831 0.1032028 0.0960296 0.0491707 0.0828067 0.1096134 0.0568956 0.0433871 0.0430375 0.0675552 0.0984196 0.0877840 0.1084814 0.1638844 0.0894444 0.1175818 0.0897989 0.0751735 0.0946269 0.0760461 0.0816030 0.0566850 0.1280792 0.0320737 0.0439267 0.0638590 0.0635675 0.0700660 0.1446809 0.0905766 0.1195682 0.1100379 0.0831690 0.1377602 0.1086600 0.1699382 0.0713818 0.0945388 0.1035753 0.1573620 0.0795278 0.1480397 0.2277214 0.0948824 0.0909338 0.0898804 0.1574831 0.1049198 0.1087901 0.0643450 0.0517347 0.0355887 0.0393820 0.1259746 0.0568238 0.0614022 0.0891565 0.0854603 0.1217676 0.1251742 0.1040236 0.1233662 0.1073717 0.0585655 0.1151101 0.0771707 0.0685928 0.1021362 0.0955681 0.1155621 0.0805684 0.0492375 0.0874436 0.0430375 0.1086215 0.0769334 
S0552sl       0.5343339 0.3724895 0.5008576 0.0837056 0.4585837 0.1170475 0.2814256 0.1127927 0.1166709 0.1821652 0.1309449 0.1291060 0.1052541 0.1632942 0.1755399 0.0877316 0.1721221 0.1421925 0.1503620 0.1023268 0.1086234 0.1302989 0.1185557 0.1249925 0.1219833 0.1391677 0.1007660 0.1064654 0.1329923 0.1289343 0.1624509 0.1050831 0.0000000 0.1217353 0.1573029 0.1039753 0.1003461 0.1206890 0.1086405 0.1103957 0.1087582 0.0890146 0.1460408 0.1291198 0.1678647 0.1959495 0.1032885 0.1783771 0.1182744 0.1151339 0.1332221 0.1165025 0.0672928 0.1386961 0.1789749 0.1056241 0.1170526 0.0803427 0.1373445 0.1203260 0.0920066 0.0752015 0.0478089 0.1220865 0.1363989 0.1824251 0.1236350 0.2369683 0.1399615 0.0760786 0.0846066 0.1980246 0.1200337 0.1782926 0.2253186 0.0751152 0.1181956 0.1183882 0.1711449 0.1350004 0.1295247 0.0894669 0.0976491 0.1044523 0.1092339 0.2103168 0.1283305 0.1091415 0.1273204 0.1135788 0.1709035 0.1377208 0.1310210 0.1547282 0.1230477 0.0939873 0.1411126 0.1101897 0.1179888 0.1203047 0.1190942 0.1410642 0.1216372 0.1079147 0.1413623 0.1134126 0.1387175 0.1098236 
S0558         0.4395335 0.3514275 0.4500514 0.0935212 0.2877630 0.1047598 0.2461970 0.0783111 0.1219924 0.1647751 0.0824877 0.1515350 0.0629399 0.2282070 0.1453956 0.0873674 0.1353088 0.1240090 0.1207187 0.1035397 0.0772299 0.0822613 0.0770910 0.0824133 0.1187866 0.1111478 0.0984957 0.0841464 0.0964091 0.1488651 0.1358726 0.1032028 0.1217353 0.0000000 0.1308965 0.1063106 0.0905221 0.0958614 0.1000857 0.0993499 0.1159305 0.0676117 0.0790813 0.0931054 0.1311617 0.1861090 0.0718763 0.1508859 0.0762386 0.0886414 0.0731235 0.0896836 0.1085063 0.1167470 0.1402328 0.1083360 0.1033280 0.0633065 0.1392270 0.0976483 0.1427730 0.1174761 0.1299380 0.0902446 0.1173912 0.1674156 0.1065823 0.2127516 0.1426283 0.1262258 0.1317506 0.1741430 0.0931991 0.1694942 0.2794400 0.1227303 0.1073172 0.0855377 0.1012173 0.0875689 0.1130188 0.1018642 0.1169018 0.1116417 0.1164386 0.1631638 0.1265965 0.1071843 0.1093248 0.0733631 0.1378098 0.1176423 0.0788221 0.1002577 0.0934453 0.0458423 0.1111321 0.0645548 0.0894438 0.0900860 0.0715383 0.1139690 0.0944325 0.1089926 0.1129623 0.1110420 0.0950419 0.0774278 
S0616         0.4775091 0.3227945 0.4029950 0.1140710 0.3715032 0.1312512 0.2374585 0.1442516 0.1267964 0.1290673 0.1175417 0.1306856 0.1015450 0.2051584 0.1643884 0.1173701 0.0606604 0.0476442 0.0401744 0.0880524 0.1025962 0.1329129 0.1073796 0.1273388 0.1029226 0.1512365 0.0976641 0.0775648 0.1543430 0.1143254 0.0527598 0.0960296 0.1573029 0.1308965 0.0000000 0.0993559 0.1253629 0.1285204 0.1125461 0.0961850 0.0997698 0.0954017 0.1130761 0.0764265 0.0568574 0.1625219 0.1194562 0.0650211 0.1258536 0.0773856 0.1179881 0.0783067 0.1175080 0.0887639 0.0870910 0.0928000 0.0973571 0.0859603 0.1369078 0.0256741 0.1976923 0.1304543 0.1634001 0.1481761 0.0734241 0.1603777 0.1159892 0.1136860 0.0635271 0.1445546 0.1548847 0.1611107 0.0818771 0.1627453 0.2629871 0.1390271 0.0960776 0.1072242 0.1664155 0.1236002 0.1526033 0.0959959 0.1066307 0.0955430 0.1001953 0.0568822 0.1165143 0.1257064 0.0496016 0.1116508 0.0726686 0.1577192 0.1132150 0.1432844 0.1255181 0.0959170 0.1457762 0.1147585 0.1223977 0.1220946 0.1051727 0.1546847 0.0829758 0.0925090 0.0777314 0.0954379 0.1273995 0.1209600 
S0624         0.4607521 0.2741085 0.4354635 0.0758477 0.4146141 0.1048831 0.2270101 0.1037293 0.0405982 0.1440279 0.1110818 0.0745186 0.0744697 0.1463972 0.1512287 0.0255197 0.1086061 0.0947307 0.0903404 0.0104496 0.0855850 0.1019136 0.0954374 0.1110131 0.0250112 0.1054440 0.0068902 0.0785837 0.1166918 0.0548355 0.0996589 0.0491707 0.1039753 0.1063106 0.0993559 0.0000000 0.0821943 0.1163979 0.0327069 0.0249562 0.0444026 0.0620466 0.1039241 0.0927315 0.1044549 0.1615194 0.0934215 0.1138987 0.0952045 0.0831641 0.1098895 0.0841728 0.0806889 0.0451916 0.1389806 0.0451693 0.0362865 0.0750532 0.0555436 0.0675951 0.1455636 0.0810500 0.1203899 0.1212267 0.0899953 0.1332125 0.0867872 0.1571196 0.0418068 0.0755642 0.0844646 0.1600877 0.0878049 0.1450934 0.2416714 0.0853262 0.0857392 0.0952960 0.1435417 0.1113824 0.1101164 0.0549066 0.0139036 0.0407510 0.0447338 0.1074564 0.0533388 0.0292428 0.1034449 0.0905893 0.1179378 0.1210585 0.0954037 0.1309986 0.1141389 0.0695969 0.1066785 0.0954820 0.0402500 0.0933139 0.0879670 0.1205033 0.0890045 0.0213853 0.0946381 0.0485456 0.1112351 0.0861183 
