106
CRNC          0.0000000 0.2993564 0.3056108 0.4483135 0.4201886 0.3549954 0.3960753 0.5501810 0.4752514 0.4952355 0.4979679 0.5007873 0.4784825 0.5024527 0.4627373 0.4638811 0.4160692 0.4976323 0.4732982 0.4125545 0.5347571 0.4094731 0.4588134 0.4474817 0.3833039 0.5994920 0.4393865 0.3905182 0.3573117 0.4724020 0.4373591 0.4663426 0.4665275 0.4460765 0.4652426 0.4400574 0.5185794 0.4403052 0.4602320 0.4726832 0.4484470 0.4720583 0.5096722 1.0376050 0.4743238 0.4661572 0.4860825 0.4465831 0.4964814 0.3791108 0.4465831 0.5110220 0.5093115 0.4058129 0.4116945 0.4329309 0.4786540 0.4652989 0.4446135 0.4305600 0.4148920 0.4303967 0.4411212 0.4155599 0.4345881 0.4022242 0.4443675 0.5698397 0.4360926 0.5541866 0.4850080 0.4565620 0.4105666 0.4315451 0.4945823 0.5521437 0.4731978 0.4261736 0.4316222 0.4192671 0.3456395 0.4528834 0.3834830 0.4171721 0.4524220 0.4802040 0.4834261 0.3920026 0.5283380 0.5129087 0.4711151 0.4473729 0.3971637 0.5564964 0.4762026 0.4474030 0.4629550 0.4837798 0.4628442 0.4290322 0.4503902 0.4521135 0.3888224 0.4691979 0.5230000 0.4752538 
HYZL          0.2993564 0.0000000 0.0840989 0.4374617 0.3773573 0.3138786 0.3697418 0.4725955 0.4301336 0.4078149 0.4700586 0.4579746 0.3963704 0.4774263 0.4686521 0.4026554 0.4286104 0.4413940 0.4245370 0.4183767 0.4750797 0.3620699 0.3907700 0.3919412 0.3918612 0.4340139 0.3679747 0.3675080 0.3214816 0.4909013 0.4232829 0.4425525 0.4027626 0.4802345 0.3936811 0.3871000 0.4863823 0.4272579 0.4036398 0.3895174 0.4180074 0.4072645 0.4567871 0.7126994 0.4311767 0.4002868 0.4104186 0.3661898 0.4241907 0.3413074 0.3661898 0.4505617 0.4237709 0.3980907 0.4302909 0.4012855 0.4279368 0.4252778 0.4475218 0.3991892 0.4038249 0.4567871 0.4135618 0.4737036 0.4006492 0.3986385 0.4404272 0.4084249 0.3733808 0.3942708 0.4319237 0.3958929 0.4170764 0.3523600 0.4783504 0.3835395 0.4003172 0.3828609 0.4230957 0.4066028 0.3677039 0.4193474 0.3862084 0.4372351 0.4156444 0.4044145 0.4086904 0.3962625 0.4528419 0.4663468 0.4090569 0.3766727 0.3630614 0.5080876 0.3870637 0.4464992 0.4535539 0.4621451 0.4482522 0.3726795 0.3839839 0.4152044 0.4100186 0.3740387 0.4640732 0.4167606 
MYZV          0.3056108 0.0840989 0.0000000 0.3952342 0.3281295 0.3873126 0.3148589 0.3784400 0.3754920 0.3907234 0.3408829 0.3657645 0.3184541 0.4754192 0.3748722 0.3446516 0.2983476 0.3214210 0.3192599 0.3217504 0.3889527 0.3011912 0.3448272 0.3356147 0.3316059 0.0000010 0.3250694 0.3157411 0.3001418 0.3762094 0.3360771 0.3671418 0.3222725 0.3964578 0.3009793 0.3257944 0.3751368 0.3868857 0.3189062 0.3444327 0.3257944 0.3765930 0.3176992 2.0648582 0.4120012 0.3222725 0.3320521 0.3206613 0.3456972 0.3431599 0.3206613 0.4115562 0.4339572 0.3392636 0.3248833 0.3100022 0.3899424 0.3195288 0.3304474 0.2735231 0.3152423 0.3477466 0.3241859 0.3986885 0.2818959 0.3510360 0.3974620 0.5272388 0.3206613 0.5449638 0.3388174 0.3176063 0.3067740 0.3011052 0.4310651 0.5278431 0.3456972 0.3436791 0.3258831 0.3244517 0.3136820 0.3684989 0.2938844 0.3395557 0.3316458 0.3222725 0.3455233 0.2756334 0.3793105 0.3674705 0.3661968 0.3257944 0.3415804 0.4161209 0.3664950 0.3844722 0.3494567 0.4100524 0.3469494 0.3639319 0.3659490 0.3218142 0.3298960 0.3074812 0.4562959 0.3706533 
SRR6441723    0.4483135 0.4374617 0.3952342 0.0000000 0.0686473 0.2414240 0.0897956 0.1571486 0.1358234 0.0805637 0.1426426 0.0923103 0.0868122 0.1437680 0.1187372 0.1527405 0.1623116 0.1315113 0.1596913 0.1191759 0.0807291 0.0976156 0.0683040 0.0654524 0.0702103 0.1187561 0.0940067 0.1196302 0.0717724 0.1392860 0.1064339 0.1265771 0.1239604 0.1471136 0.0885295 0.0727792 0.1426252 0.1108901 0.0987075 0.0887244 0.0605139 0.1280871 0.1705154 0.3985289 0.1069978 0.1527997 0.0843177 0.0936727 0.0888614 0.0927046 0.0936727 0.1264285 0.1378746 0.1115376 0.1128903 0.1111989 0.1144154 0.0806589 0.1217160 0.1084984 0.1235998 0.1096150 0.1305110 0.0727663 0.1165283 0.0796623 0.1198839 0.1947137 0.0978331 0.2114039 0.1454155 0.0687063 0.1313981 0.0978746 0.0876500 0.2055236 0.0724398 0.0839853 0.1033988 0.1064866 0.0901467 0.1737288 0.0971995 0.1312166 0.1234611 0.1481971 0.0764568 0.1191770 0.0873854 0.0963363 0.0848968 0.0683439 0.0991355 0.1139581 0.1121072 0.1377062 0.0931143 0.0886390 0.1099227 0.0809617 0.1067348 0.1351030 0.1219682 0.0696385 0.1664223 0.0807807 
ERR2789774    0.4201886 0.3773573 0.3281295 0.0686473 0.0000000 0.2352904 0.1043223 0.1255356 0.1395308 0.0680567 0.1014739 0.1007481 0.0694585 0.1394387 0.1126018 0.1310164 0.1445671 0.0800468 0.1331519 0.0895005 0.0576056 0.0797629 0.0472613 0.0382032 0.1011613 0.0000010 0.1176941 0.1039677 0.1141963 0.0911430 0.1007481 0.1700847 0.1180809 0.1253010 0.0376450 0.0374728 0.1484724 0.0896499 0.0903653 0.0785629 0.0374728 0.1531614 0.1323920 1.6352666 0.1269009 0.1180809 0.0380322 0.1165139 0.0472922 0.1293377 0.1165139 0.1403718 0.1871079 0.0911113 0.1171264 0.1009547 0.0900254 0.0680076 0.0921987 0.0843137 0.0914071 0.0901898 0.1331193 0.0807097 0.0869477 0.0517968 0.0924154 0.3075957 0.1165139 0.3273904 0.1122923 0.0581989 0.1058981 0.0693484 0.1231694 0.2739077 0.0473504 0.0574237 0.0782392 0.0889207 0.1017320 0.1445384 0.0518127 0.1371749 0.1311069 0.1180809 0.0473348 0.0968974 0.0932029 0.1120002 0.0574430 0.0374728 0.1407454 0.1130104 0.1040992 0.1479371 0.0792255 0.1119315 0.0781160 0.0683923 0.1428497 0.1324688 0.1038745 0.0487617 0.2115389 0.0686998 
PAFTOL_019361 0.3549954 0.3138786 0.3873126 0.2414240 0.2352904 0.0000000 0.1970596 0.3095341 0.2070297 0.2134925 0.2697501 0.2260348 0.2240642 0.2855932 0.2604049 0.2626224 0.2669744 0.2577224 0.2631986 0.2446136 0.2548392 0.2144462 0.2013841 0.1932152 0.2174084 0.2447918 0.2065974 0.2373239 0.1466923 0.2666406 0.2153610 0.1923513 0.2618070 0.2663118 0.2199603 0.2090603 0.2954743 0.2369513 0.2173920 0.2005531 0.2259603 0.2128450 0.2877890 0.4515420 0.2565059 0.2665013 0.2310480 0.2057078 0.2255580 0.1891322 0.2057078 0.2441149 0.2361939 0.2445322 0.2356426 0.2186043 0.2456299 0.2439518 0.2447231 0.2006554 0.2145455 0.2368239 0.2736180 0.2480351 0.2276677 0.1902812 0.2311340 0.2229992 0.2113073 0.2048732 0.2321698 0.2404266 0.2616609 0.2166830 0.2260174 0.2063773 0.2022880 0.2065100 0.2441505 0.2119069 0.2368299 0.2889139 0.2146981 0.2312299 0.2242619 0.2603519 0.2116717 0.2395555 0.2324161 0.2331756 0.2210492 0.1955421 0.1867781 0.2372815 0.2093687 0.2379670 0.2427020 0.2401397 0.2310187 0.2129915 0.2125871 0.2801305 0.2369704 0.1996394 0.3157558 0.2180774 
S0055         0.3960753 0.3697418 0.3148589 0.0897956 0.1043223 0.1970596 0.0000000 0.1251464 0.0867616 0.0528591 0.1064364 0.0759916 0.0523096 0.1135715 0.0975040 0.0852418 0.1074839 0.1044065 0.0866639 0.0812230 0.0808202 0.0489625 0.0380650 0.0349863 0.1196109 0.0550496 0.0492115 0.0645050 0.0599480 0.1282114 0.0567754 0.0857192 0.0652091 0.1015065 0.0564930 0.0420173 0.1153762 0.0766919 0.0607021 0.0417680 0.0477362 0.0768726 0.0954293 0.3379141 0.0736567 0.0852736 0.0606958 0.0490480 0.0605630 0.0699300 0.0490480 0.0755329 0.0939879 0.0684363 0.0685840 0.0770821 0.0804465 0.0721072 0.0685002 0.0539607 0.0522053 0.0642513 0.1118985 0.1240900 0.0585440 0.0508587 0.0726889 0.1640699 0.0527635 0.1695482 0.0758333 0.0680356 0.0804669 0.0564506 0.0793404 0.1594793 0.0418252 0.0453458 0.0698958 0.0728341 0.0992518 0.1025285 0.0591422 0.0821396 0.0515345 0.0813196 0.0605125 0.0577505 0.0783446 0.0798820 0.0532497 0.0380868 0.0313174 0.1011475 0.0574716 0.1040897 0.0802616 0.0840147 0.0765099 0.0572685 0.0605446 0.1162921 0.1030357 0.0425317 0.1511636 0.0569840 
S0278         0.5501810 0.4725955 0.3784400 0.1571486 0.1255356 0.3095341 0.1251464 0.0000000 0.1492354 0.1272250 0.0572371 0.1703276 0.1327376 0.1688028 0.0810230 0.1857399 0.1884195 0.0720853 0.1665183 0.1018394 0.1554161 0.1383916 0.1096272 0.1070875 0.0851764 0.1317344 0.1259414 0.1388546 0.0982985 0.1532749 0.1529604 0.1690671 0.1865000 0.1056009 0.1140679 0.1110100 0.0809856 0.1104967 0.1159135 0.1148655 0.1165235 0.1350513 0.1708985 0.4965252 0.1403039 0.1814748 0.1272318 0.1254744 0.1364632 0.1424074 0.1254744 0.1856614 0.1549289 0.1015307 0.1548945 0.1108892 0.0927499 0.1370980 0.1556962 0.1453597 0.1515746 0.1507951 0.1943911 0.1414944 0.1502329 0.1234124 0.1618301 0.2486736 0.1210736 0.2568115 0.1703548 0.1323619 0.1653734 0.1196979 0.1781100 0.2387505 0.1143084 0.1012774 0.0612040 0.1061926 0.1172437 0.2024249 0.1011012 0.0859687 0.1472338 0.1809884 0.1324865 0.1290799 0.1496416 0.1795400 0.1194738 0.1096927 0.1183528 0.2008533 0.1283994 0.1223059 0.1646747 0.1847363 0.0810128 0.1074657 0.1396807 0.1996997 0.1446456 0.1163647 0.2435897 0.1150383 
S0281         0.4752514 0.4301336 0.3754920 0.1358234 0.1395308 0.2070297 0.0867616 0.1492354 0.0000000 0.1182881 0.1443820 0.1276778 0.1111290 0.1465377 0.1444687 0.1659813 0.1770912 0.1254418 0.1505101 0.1447583 0.1346512 0.1091476 0.0998792 0.0966795 0.1503431 0.1059007 0.0695322 0.1073643 0.1142079 0.1891343 0.1003875 0.1407560 0.1669877 0.1387631 0.1226057 0.0963425 0.1602718 0.1292194 0.1226695 0.0957109 0.1169620 0.0608935 0.1618064 0.4328828 0.1392529 0.1615965 0.1224079 0.0692778 0.1145547 0.1137451 0.0692778 0.1410140 0.0733828 0.1348566 0.1286507 0.1323179 0.1194839 0.1185026 0.1301246 0.0926911 0.0906287 0.1181701 0.0963680 0.1722517 0.1384966 0.0897904 0.1053195 0.1740974 0.0691181 0.1697506 0.1203281 0.1286095 0.1239803 0.1243819 0.1225415 0.1595101 0.1002605 0.1178659 0.1208329 0.1270596 0.1788696 0.1886046 0.1142526 0.1251954 0.1208077 0.1499270 0.1237600 0.1162135 0.1183854 0.1327970 0.1146504 0.0999427 0.0866539 0.1322035 0.1294335 0.1230512 0.1139417 0.1331069 0.1281542 0.1195813 0.0822809 0.1008645 0.1637424 0.1113444 0.1315854 0.1237600 
S0282         0.4952355 0.4078149 0.3907234 0.0805637 0.0680567 0.2134925 0.0528591 0.1272250 0.1182881 0.0000000 0.1171705 0.0948798 0.0253399 0.1263873 0.1081411 0.1207775 0.1260448 0.1157471 0.1228370 0.0954683 0.0678626 0.0677104 0.0132852 0.0203530 0.1053273 0.0549129 0.0757795 0.0683520 0.0969646 0.1462797 0.0795993 0.0850283 0.1094185 0.1128969 0.0413663 0.0236801 0.1175609 0.0877224 0.0878041 0.0522541 0.0228567 0.1067619 0.1325464 0.3885460 0.0767535 0.1208231 0.0413705 0.0755211 0.0271381 0.1194463 0.0755211 0.0964284 0.1249243 0.0882182 0.0973322 0.0960104 0.0914962 0.0747567 0.0929316 0.0730854 0.0835233 0.0827790 0.1344111 0.1091105 0.0792064 0.0577762 0.0836626 0.1839104 0.0794418 0.1998490 0.1011044 0.0674210 0.1100387 0.0527720 0.0746591 0.1891791 0.0235742 0.0339422 0.0804877 0.0915879 0.1262858 0.1398308 0.0702901 0.1016633 0.0889732 0.1165640 0.0412457 0.0861204 0.0897392 0.0988712 0.0342822 0.0200782 0.0730826 0.1124859 0.0608506 0.1024868 0.0912903 0.0950599 0.0869581 0.0452485 0.0877594 0.1390167 0.1142651 0.0135516 0.1760117 0.0450301 
S0289         0.4979679 0.4700586 0.3408829 0.1426426 0.1014739 0.2697501 0.1064364 0.0572371 0.1443820 0.1171705 0.0000000 0.1497004 0.1218502 0.1743126 0.0645139 0.1637866 0.1769922 0.0639424 0.1454111 0.0682293 0.1355444 0.1010470 0.1000887 0.0975238 0.0495880 0.1295666 0.1071241 0.1130506 0.0599145 0.1327886 0.1329556 0.1533102 0.1514285 0.0844055 0.1043669 0.1013350 0.0689735 0.0926845 0.0894772 0.0967989 0.0965314 0.1193250 0.1496279 0.4589328 0.1296037 0.1596673 0.1223868 0.1067378 0.1261321 0.0998382 0.1067378 0.1688960 0.1384310 0.0884649 0.1344862 0.0848888 0.0837389 0.1219236 0.1324341 0.1206617 0.1277502 0.1311145 0.1783303 0.0992480 0.1337015 0.1044169 0.1414926 0.2345355 0.1025259 0.2360437 0.1379383 0.1096277 0.1537473 0.1104456 0.1572998 0.2294465 0.1046071 0.1001248 0.0384174 0.0805527 0.0776861 0.1742068 0.0831813 0.0691237 0.1357705 0.1592330 0.1222331 0.1189411 0.1395692 0.1585200 0.1095679 0.1001478 0.1134036 0.1843070 0.1143442 0.1121374 0.1409571 0.1634675 0.0533290 0.1016079 0.1202455 0.1834782 0.1209637 0.1064598 0.2257483 0.1137126 
S0292         0.5007873 0.4579746 0.3657645 0.0923103 0.1007481 0.2260348 0.0759916 0.1703276 0.1276778 0.0948798 0.1497004 0.0000000 0.1068359 0.1709770 0.1211065 0.1686191 0.1686585 0.1359087 0.1615127 0.1302251 0.0710198 0.0915027 0.0787852 0.0760635 0.0864672 0.1412019 0.0760890 0.1088426 0.0504276 0.1783277 0.0643922 0.1234059 0.1400474 0.1482845 0.1035404 0.0833724 0.1503202 0.1211365 0.1133183 0.0828740 0.0817005 0.1161308 0.1722227 0.3880936 0.1183834 0.1686834 0.1035546 0.0758285 0.1033064 0.0787119 0.0758285 0.0929277 0.1347110 0.1218330 0.1378642 0.1173714 0.1161011 0.0601892 0.1199964 0.0655549 0.0838290 0.0676206 0.1382002 0.1094245 0.1231543 0.0620325 0.0760608 0.1950357 0.0797678 0.1907245 0.0972049 0.0831307 0.1426825 0.1080935 0.0374500 0.1953301 0.0829874 0.0866572 0.1104215 0.1126628 0.0872146 0.1900153 0.1035042 0.1197966 0.1213278 0.1586704 0.0993881 0.1261070 0.1067655 0.0099271 0.0956034 0.0788307 0.0976523 0.0560399 0.1054514 0.1486011 0.0379852 0.0201057 0.1168366 0.1001149 0.0881270 0.1428214 0.1422206 0.0844173 0.1702321 0.0995990 
S0293         0.4784825 0.3963704 0.3184541 0.0868122 0.0694585 0.2240642 0.0523096 0.1327376 0.1111290 0.0253399 0.1218502 0.1068359 0.0000000 0.1338216 0.1124753 0.1195326 0.1248155 0.1227867 0.1214196 0.1031211 0.0773540 0.0771649 0.0178990 0.0255277 0.1110108 0.0625683 0.0860231 0.0692441 0.1011678 0.1534516 0.0901955 0.0829913 0.1069708 0.1221499 0.0484139 0.0292047 0.1219276 0.0901700 0.0991936 0.0602575 0.0290667 0.0997351 0.1319495 0.4049588 0.0829561 0.1195804 0.0402064 0.0857058 0.0251273 0.1418843 0.0857058 0.0796640 0.1179078 0.0853674 0.0946515 0.1081940 0.0987954 0.0847694 0.0948691 0.0786771 0.0765433 0.0887923 0.1451081 0.1293506 0.0803010 0.0623867 0.0903413 0.1596818 0.0899918 0.1756804 0.1044076 0.0680623 0.1035509 0.0522181 0.0889240 0.1649505 0.0253264 0.0402932 0.0912764 0.1033041 0.1495115 0.1344903 0.0755625 0.1049006 0.0857389 0.1150844 0.0482637 0.0785588 0.0867870 0.1067973 0.0368717 0.0252587 0.0789936 0.1167122 0.0697979 0.0910607 0.1025711 0.1024061 0.0938960 0.0487175 0.0991364 0.1501232 0.1181551 0.0107556 0.1907627 0.0524060 
S0294         0.5024527 0.4774263 0.4754192 0.1437680 0.1394387 0.2855932 0.1135715 0.1688028 0.1465377 0.1263873 0.1743126 0.1709770 0.1338216 0.0000000 0.1727317 0.1918114 0.1904995 0.1541901 0.1997737 0.1626702 0.1580649 0.1414257 0.1078294 0.1002190 0.1514600 0.1440506 0.1421922 0.1421255 0.1049157 0.2025796 0.1414915 0.1203917 0.1832638 0.1677262 0.1265144 0.1133316 0.2120920 0.1520724 0.1398942 0.1125905 0.1104871 0.1478442 0.2055822 0.4330073 0.1493452 0.1918902 0.1222727 0.1416317 0.1311384 0.1842276 0.1416317 0.1703682 0.1630333 0.1527084 0.1542716 0.1499167 0.1373968 0.1603611 0.1457359 0.1390325 0.1372441 0.1494953 0.1664070 0.1426239 0.1235394 0.1261785 0.1508678 0.1687217 0.1464693 0.1960859 0.1778072 0.1467591 0.1646742 0.1281999 0.1597612 0.1672257 0.1082422 0.1167972 0.1548159 0.1443282 0.1700897 0.2049940 0.1320828 0.1444902 0.1629319 0.1913476 0.1226873 0.1311489 0.1438280 0.1709266 0.1186670 0.1078975 0.1201708 0.1781857 0.1298659 0.1335754 0.1618115 0.1713006 0.1560370 0.1238328 0.1570294 0.1716655 0.1668150 0.1195341 0.2147461 0.1226196 
S0299         0.4627373 0.4686521 0.3748722 0.1187372 0.1126018 0.2604049 0.0975040 0.0810230 0.1444687 0.1081411 0.0645139 0.1211065 0.1124753 0.1727317 0.0000000 0.1638073 0.1555371 0.0809340 0.1559401 0.0606455 0.1123909 0.1100041 0.0914611 0.0888303 0.0591568 0.1278117 0.1065461 0.1276513 0.0508779 0.1133650 0.1233933 0.1382540 0.1518564 0.0603063 0.1004538 0.0925899 0.0723065 0.0841531 0.0809224 0.1045462 0.0959667 0.1193954 0.1602448 0.4118792 0.1288715 0.1638698 0.1171757 0.1061644 0.1168845 0.1003874 0.1061644 0.1528730 0.1385133 0.0846304 0.1202083 0.0801469 0.0833175 0.1044475 0.1324556 0.1160060 0.1310442 0.1217047 0.1673126 0.0997902 0.1331523 0.0953564 0.1229858 0.1960726 0.1019793 0.2124590 0.1435794 0.0962875 0.1298078 0.1136588 0.1244327 0.2014225 0.0958506 0.0996037 0.0346849 0.0759029 0.0781145 0.1795757 0.0746114 0.0496029 0.1209075 0.1592539 0.1168353 0.1000228 0.1257700 0.1253450 0.1089822 0.0915146 0.0998934 0.1400830 0.1228080 0.1074729 0.1312994 0.1299175 0.0569727 0.1011215 0.1156765 0.1723294 0.1059672 0.0975299 0.2133012 0.1131007 
S0303         0.4638811 0.4026554 0.3446516 0.1527405 0.1310164 0.2626224 0.0852418 0.1857399 0.1659813 0.1207775 0.1637866 0.1686191 0.1195326 0.1918114 0.1638073 0.0000000 0.0869681 0.1603841 0.0309246 0.1405625 0.1509270 0.1344747 0.1030947 0.0966050 0.1910337 0.1142980 0.1350117 0.1448731 0.1446446 0.1604727 0.1489105 0.1575235 0.0129058 0.1793302 0.1195689 0.1083051 0.1760672 0.1635577 0.1304892 0.1299068 0.1097211 0.1702179 0.0422081 0.4316180 0.1338253 0.0132809 0.1304089 0.1345045 0.1300651 0.1703916 0.1345045 0.1617609 0.1866859 0.1472051 0.0847610 0.1448660 0.1588227 0.1479434 0.0803444 0.1371678 0.1321945 0.1579658 0.1927361 0.1617425 0.0658605 0.1248385 0.1589987 0.2598505 0.1390880 0.2464089 0.1512745 0.1307052 0.0845307 0.1267298 0.1581886 0.2343826 0.1077786 0.1117083 0.1323231 0.1396328 0.1551284 0.0237504 0.1450719 0.1623558 0.0513999 0.0099338 0.1164089 0.0783266 0.1534045 0.1734278 0.1217587 0.1031573 0.1125665 0.1792593 0.1186127 0.1770964 0.1679552 0.1786668 0.1443968 0.1164485 0.1490630 0.1980163 0.1564296 0.1097457 0.2416728 0.1261069 
S0308         0.4160692 0.4286104 0.2983476 0.1623116 0.1445671 0.2669744 0.1074839 0.1884195 0.1770912 0.1260448 0.1769922 0.1686585 0.1248155 0.1904995 0.1555371 0.0869681 0.0000000 0.1738900 0.1007691 0.1469207 0.1551553 0.1404980 0.1081035 0.1146901 0.1974083 0.1377364 0.1505938 0.1447858 0.1729007 0.1978101 0.1504967 0.1505591 0.0874505 0.1930853 0.1343662 0.1222079 0.1665074 0.1814723 0.1406816 0.1406927 0.1199399 0.1723007 0.1099591 0.4176925 0.1668948 0.0870010 0.1449748 0.1500156 0.1264276 0.2127371 0.1500156 0.1662833 0.1938928 0.1651798 0.0893306 0.1460653 0.1664887 0.1500717 0.0986593 0.1474353 0.1425671 0.1600717 0.2031523 0.1890723 0.0842072 0.1404496 0.1603051 0.2450466 0.1547644 0.2520139 0.1664373 0.1441653 0.0807092 0.1280282 0.1531675 0.2155503 0.1216077 0.1256089 0.1388194 0.1407933 0.1730230 0.1046087 0.1505684 0.1692103 0.0759791 0.0829705 0.1302975 0.0701819 0.1523460 0.1734508 0.1361013 0.1168035 0.1233039 0.1851073 0.1346494 0.1951378 0.1743056 0.1786715 0.1455112 0.1258107 0.1651553 0.2085249 0.1549624 0.1149460 0.2531312 0.1405620 
S0320         0.4976323 0.4413940 0.3214210 0.1315113 0.0800468 0.2577224 0.1044065 0.0720853 0.1254418 0.1157471 0.0639424 0.1359087 0.1227867 0.1541901 0.0809340 0.1603841 0.1738900 0.0000000 0.1464104 0.0809108 0.1300312 0.1270351 0.0977667 0.0857121 0.0567114 0.1459457 0.1086560 0.1362159 0.0583135 0.1159190 0.1264277 0.1343139 0.1662459 0.1071473 0.1063436 0.0984055 0.0935625 0.0895470 0.0905280 0.1030248 0.1039577 0.1099561 0.1576564 0.4975334 0.1336745 0.1607448 0.1206721 0.1082426 0.1251938 0.1039002 0.1082426 0.1482689 0.1287408 0.0894013 0.1337965 0.0856759 0.0802191 0.1207538 0.1277460 0.1193589 0.1219677 0.1304476 0.1654367 0.0924540 0.1376888 0.0977298 0.1366664 0.1978805 0.1038034 0.1941679 0.1384574 0.1115416 0.1491717 0.1177005 0.1438695 0.1820842 0.0981319 0.1065301 0.0444512 0.0810962 0.0683861 0.1761163 0.0838480 0.0605314 0.1351272 0.1557200 0.1210776 0.1165631 0.1229336 0.1449695 0.1121762 0.0978277 0.1056523 0.1603156 0.1218704 0.1086114 0.1355619 0.1548975 0.0594781 0.1086539 0.1225045 0.1706701 0.1192604 0.1044319 0.2024088 0.1211437 
S0322         0.4732982 0.4245370 0.3192599 0.1596913 0.1331519 0.2631986 0.0866639 0.1665183 0.1505101 0.1228370 0.1454111 0.1615127 0.1214196 0.1997737 0.1559401 0.0309246 0.1007691 0.1464104 0.0000000 0.1379890 0.1535561 0.1367786 0.1048409 0.1026144 0.1682871 0.1159138 0.1314338 0.1464606 0.1218330 0.1633353 0.1514820 0.1592920 0.0219003 0.1778078 0.1169030 0.1101562 0.1570967 0.1611555 0.1262295 0.1321324 0.1009125 0.1659949 0.0168079 0.4379821 0.1344449 0.0309358 0.1326468 0.1309391 0.1322910 0.1459667 0.1309391 0.1697687 0.1823897 0.1447159 0.0861657 0.1405013 0.1659934 0.1504795 0.0816686 0.1395637 0.1344277 0.1606909 0.1834493 0.1626949 0.0715077 0.1370426 0.1723550 0.2645553 0.1355144 0.2572563 0.1589741 0.1329537 0.0859289 0.1289166 0.1695401 0.2501672 0.1096127 0.1136045 0.1147689 0.1353175 0.1582783 0.0418816 0.1424586 0.1437299 0.0522713 0.0203063 0.1223650 0.0796488 0.1561110 0.1764400 0.1238502 0.1049055 0.1090257 0.1902875 0.1206683 0.1742678 0.1708610 0.1817737 0.1356817 0.1184344 0.1454577 0.1886582 0.1679985 0.1116439 0.2315490 0.1282721 
S0327         0.4125545 0.4183767 0.3217504 0.1191759 0.0895005 0.2446136 0.0812230 0.1018394 0.1447583 0.0954683 0.0682293 0.1302251 0.1031211 0.1626702 0.0606455 0.1405625 0.1469207 0.0809108 0.1379890 0.0000000 0.1127958 0.1008465 0.0792695 0.0765373 0.0678166 0.1125102 0.0975767 0.1142224 0.0595462 0.1094522 0.1060710 0.1276884 0.1221585 0.0767036 0.0879270 0.0762766 0.0762418 0.0720653 0.0688430 0.0919048 0.0819334 0.1181086 0.1481557 0.4127489 0.1107262 0.1406162 0.1003028 0.0972308 0.1039505 0.0992345 0.0972308 0.1381397 0.1370315 0.0724704 0.1031727 0.0652084 0.0757665 0.0999228 0.1104942 0.1076674 0.1228633 0.1046384 0.1524915 0.0695178 0.1099612 0.0825901 0.1182429 0.2069941 0.0931330 0.2131630 0.1198914 0.0882138 0.1037751 0.1044518 0.1335549 0.2020798 0.0835002 0.0871916 0.0458639 0.0611056 0.0598298 0.1555531 0.0624335 0.0653200 0.1125605 0.1361659 0.1038972 0.0792942 0.1217062 0.1345502 0.0962008 0.0793155 0.0954337 0.1496816 0.1102129 0.0859035 0.1351915 0.1392270 0.0530252 0.0885023 0.1103256 0.1573673 0.0872672 0.0849474 0.1969108 0.1002216 
S0335         0.5347571 0.4750797 0.3889527 0.0807291 0.0576056 0.2548392 0.0808202 0.1554161 0.1346512 0.0678626 0.1355444 0.0710198 0.0773540 0.1580649 0.1123909 0.1509270 0.1551553 0.1300312 0.1535561 0.1127958 0.0000000 0.0966133 0.0526013 0.0571530 0.0675277 0.1201190 0.0927635 0.1143383 0.0689719 0.1596907 0.0926395 0.1116494 0.1411409 0.1398911 0.0838446 0.0568273 0.1450116 0.1131200 0.1060499 0.0798694 0.0687788 0.1263699 0.1641581 0.4303812 0.1154025 0.1509849 0.0838553 0.0924381 0.0604380 0.0987940 0.0924381 0.1249534 0.1454761 0.1137705 0.1163825 0.1185847 0.1081929 0.0719892 0.1117075 0.0988024 0.1136485 0.1042833 0.1437180 0.0698924 0.1196861 0.0784926 0.1100061 0.1979833 0.0965402 0.2252789 0.1243300 0.0752220 0.1298068 0.0968661 0.0789248 0.2139368 0.0640487 0.0753252 0.0929706 0.1138245 0.0866205 0.1716386 0.0912706 0.1196034 0.1128636 0.1464378 0.0798401 0.1134976 0.0947603 0.0748187 0.0761274 0.0600819 0.1029924 0.1127173 0.1024263 0.1456724 0.0838689 0.0671642 0.1043765 0.0883830 0.1053110 0.1484178 0.1334706 0.0613163 0.1863625 0.0879309 
S0376         0.4094731 0.3620699 0.3011912 0.0976156 0.0797629 0.2144462 0.0489625 0.1383916 0.1091476 0.0677104 0.1010470 0.0915027 0.0771649 0.1414257 0.1100041 0.1344747 0.1404980 0.1270351 0.1367786 0.1008465 0.0966133 0.0000000 0.0524871 0.0495357 0.0685740 0.0894742 0.0716126 0.0413211 0.0593405 0.1384472 0.0679099 0.1062448 0.1260519 0.1056662 0.0638037 0.0566544 0.1196725 0.0764246 0.0761075 0.0489012 0.0601635 0.0809424 0.1468351 0.3758612 0.0812646 0.1345257 0.0758259 0.0713702 0.0756545 0.0591311 0.0713702 0.1009340 0.0981641 0.0768571 0.1101219 0.0808573 0.0881034 0.0796280 0.1016223 0.0694245 0.0877308 0.0794201 0.1335321 0.0903609 0.0873326 0.0701110 0.0962865 0.1781331 0.0752435 0.1837841 0.0968759 0.0879405 0.1231906 0.0566585 0.0868911 0.1734747 0.0563948 0.0599353 0.0818695 0.0765727 0.0879881 0.1491246 0.0550364 0.0944160 0.0938096 0.1301595 0.0756002 0.0947893 0.1080340 0.0954913 0.0682157 0.0451899 0.0650128 0.1090606 0.0726260 0.1120689 0.0879032 0.0916781 0.0921183 0.0723651 0.0834437 0.1381057 0.1070103 0.0611782 0.1643121 0.0642995 
S0400         0.4588134 0.3907700 0.3448272 0.0683040 0.0472613 0.2013841 0.0380650 0.1096272 0.0998792 0.0132852 0.1000887 0.0787852 0.0178990 0.1078294 0.0914611 0.1030947 0.1081035 0.0977667 0.1048409 0.0792695 0.0526013 0.0524871 0.0000000 0.0066662 0.0855790 0.0421259 0.0602219 0.0529797 0.0773202 0.1263014 0.0639205 0.0689357 0.0926231 0.0959689 0.0270921 0.0099726 0.1004086 0.0717448 0.0718155 0.0376341 0.0112531 0.0891348 0.1141096 0.3611796 0.0609779 0.1031335 0.0270946 0.0600203 0.0201401 0.0984195 0.0600203 0.0794286 0.1066098 0.0721462 0.0807975 0.0797257 0.0754270 0.0594229 0.0765833 0.0573716 0.0677154 0.0671258 0.1162513 0.0885965 0.0708273 0.0425319 0.0678348 0.1637641 0.0638075 0.1790176 0.0838462 0.0522568 0.0930403 0.0380005 0.0668321 0.1687931 0.0099284 0.0200114 0.0646305 0.0755103 0.1054327 0.1213281 0.0544473 0.0849538 0.0720565 0.0990118 0.0270123 0.0697888 0.0733731 0.0826454 0.0202079 0.0065778 0.0573775 0.0956402 0.0456780 0.0849876 0.0752550 0.0789368 0.0711376 0.0307698 0.0717820 0.1206835 0.0971263 0.0067048 0.1559443 0.0306237 
S0405         0.4474817 0.3919412 0.3356147 0.0654524 0.0382032 0.1932152 0.0349863 0.1070875 0.0966795 0.0203530 0.0975238 0.0760635 0.0255277 0.1002190 0.0888303 0.0966050 0.1146901 0.0857121 0.1026144 0.0765373 0.0571530 0.0495357 0.0066662 0.0000000 0.0685108 0.0490639 0.0573214 0.0537773 0.0601617 0.1099271 0.0610529 0.0660675 0.0890778 0.0933664 0.0274831 0.0101139 0.1020017 0.0650416 0.0690089 0.0345854 0.0075886 0.0859452 0.1120003 0.3680649 0.0619099 0.1009144 0.0274856 0.0571275 0.0274307 0.0805796 0.0571275 0.0762923 0.1035052 0.0654096 0.0743172 0.0769853 0.0687420 0.0565524 0.0700977 0.0544007 0.0648806 0.0643099 0.1137737 0.0709450 0.0681697 0.0394281 0.0649979 0.1569428 0.0609453 0.1673110 0.0807186 0.0493135 0.0907293 0.0385598 0.0716643 0.1571670 0.0100684 0.0202959 0.0617407 0.0727428 0.0879052 0.1193424 0.0475341 0.0781523 0.0693712 0.0967355 0.0274010 0.0671544 0.0705239 0.0799586 0.0204980 0.0066699 0.0544070 0.0930450 0.0463624 0.0775364 0.0724914 0.0762125 0.0683504 0.0312182 0.0689767 0.1182498 0.0903762 0.0136981 0.1538425 0.0310671 
S0407sl       0.3833039 0.3918612 0.3316059 0.0702103 0.1011613 0.2174084 0.1196109 0.0851764 0.1503431 0.1053273 0.0495880 0.0864672 0.1110108 0.1514600 0.0591568 0.1910337 0.1974083 0.0567114 0.1682871 0.0678166 0.0675277 0.0685740 0.0855790 0.0685108 0.0000000 0.0000010 0.1005419 0.1191423 0.0693688 0.0789379 0.0960566 0.1786829 0.1781529 0.0687083 0.0955607 0.0764135 0.0866534 0.0867481 0.0686290 0.0860829 0.0764135 0.1508510 0.1674935 1.4842080 0.1300723 0.1781529 0.1159388 0.0996799 0.1046716 0.1103444 0.0996799 0.1781056 0.1923689 0.0879791 0.1429870 0.0592823 0.0965616 0.0411591 0.1292380 0.0925230 0.1494516 0.0869285 0.1500594 0.0897864 0.1171156 0.0541183 0.1289348 0.2636676 0.0996799 0.2791140 0.1714593 0.0772558 0.1678042 0.0875703 0.1151460 0.2922535 0.0857233 0.0951818 0.0325319 0.0498960 0.0687272 0.2045004 0.0546987 0.0779708 0.1662043 0.1781529 0.0958061 0.1350036 0.1111621 0.0959735 0.0952121 0.0764135 0.1439831 0.1162123 0.1397428 0.1319517 0.0673340 0.0959230 0.0582664 0.0960060 0.1215346 0.1619113 0.0707310 0.0784688 0.2368637 0.1169467 
S0412sl       0.5994920 0.4340139 0.0000010 0.1187561 0.0000010 0.2447918 0.0550496 0.1317344 0.1059007 0.0549129 0.1295666 0.1412019 0.0625683 0.1440506 0.1278117 0.1142980 0.1377364 0.1459457 0.1159138 0.1125102 0.1201190 0.0894742 0.0421259 0.0490639 0.0000010 0.0000000 0.0816638 0.0754664 0.0000010 0.1964518 0.1051252 0.0822070 0.0865774 0.1437524 0.0620218 0.0556136 0.1130086 0.1125722 0.0977198 0.0619784 0.0533191 0.1034746 0.1331409 0.1865424 0.0295697 0.1224001 0.0616844 0.0816638 0.0686878 0.0000010 0.0816638 0.1104359 0.1100175 0.1125204 0.0756064 0.1055926 0.1049215 0.1103599 0.1058743 0.1033813 0.0883457 0.1175358 0.1204463 0.0000010 0.0984376 0.1029421 0.1178700 0.1682617 0.0885753 0.1857258 0.1227074 0.0823808 0.0968823 0.0757346 0.0957373 0.1602886 0.0486947 0.0483921 0.1004798 0.1055926 0.0000010 0.1403113 0.1116716 0.1079979 0.0820705 0.1149775 0.0749310 0.0841786 0.0917559 0.1411283 0.0624161 0.0484707 0.0564137 0.1356336 0.0624755 0.0842083 0.1420031 0.1340288 0.0904600 0.0624401 0.0885549 0.1204463 0.1458199 0.0557342 0.1361628 0.0549129 
S0419         0.4393865 0.3679747 0.3250694 0.0940067 0.1176941 0.2065974 0.0492115 0.1259414 0.0695322 0.0757795 0.1071241 0.0760890 0.0860231 0.1421922 0.1065461 0.1350117 0.1505938 0.1086560 0.1314338 0.0975767 0.0927635 0.0716126 0.0602219 0.0573214 0.1005419 0.0816638 0.0000000 0.0838853 0.0423808 0.1538143 0.0493594 0.1022825 0.1160572 0.1106246 0.0795378 0.0569192 0.1248947 0.0890753 0.0807492 0.0565798 0.0691968 0.0438839 0.1413190 0.3600519 0.0898475 0.1310437 0.0841022 0.0000021 0.0839076 0.0079308 0.0000021 0.0849011 0.0517116 0.0895847 0.0943395 0.0981398 0.0768147 0.0644754 0.1105956 0.0540344 0.0605935 0.0643355 0.0779378 0.0907097 0.0880065 0.0430342 0.0642510 0.1737562 0.0032880 0.1696348 0.0803557 0.0766998 0.1033145 0.0804178 0.0873052 0.1643707 0.0642358 0.0678527 0.0779024 0.0936068 0.1111936 0.1548034 0.0709454 0.0903593 0.0939908 0.1306776 0.0764365 0.0950695 0.1126622 0.0799838 0.0763517 0.0602567 0.0575286 0.1095982 0.0808180 0.1263123 0.0846432 0.0841209 0.0806823 0.0730213 0.0066331 0.0820136 0.1265728 0.0653368 0.1137300 0.0802438 
S0427         0.3905182 0.3675080 0.3157411 0.1196302 0.1039677 0.2373239 0.0645050 0.1388546 0.1073643 0.0683520 0.1130506 0.1088426 0.0692441 0.1421255 0.1276513 0.1448731 0.1447858 0.1362159 0.1464606 0.1142224 0.1143383 0.0413211 0.0529797 0.0537773 0.1191423 0.0754664 0.0838853 0.0000000 0.1087342 0.1750197 0.0882964 0.0988804 0.1282696 0.1231378 0.0644063 0.0571911 0.1288809 0.0971310 0.0967765 0.0644219 0.0522840 0.1015967 0.1577542 0.3990650 0.0811862 0.1449283 0.0765503 0.0835962 0.0763756 0.1083468 0.0835962 0.1107091 0.1194563 0.0976889 0.1239005 0.1063952 0.1009983 0.0921835 0.1197207 0.0813521 0.0960414 0.0962198 0.1523516 0.1452840 0.0918541 0.0784069 0.1055398 0.1923452 0.0875907 0.1981845 0.1145493 0.0963924 0.1277755 0.0608613 0.0957830 0.1876112 0.0569268 0.0529732 0.0986207 0.1017656 0.1414410 0.1599719 0.0791888 0.1116577 0.1075525 0.1404574 0.0763207 0.0993612 0.1072813 0.1129938 0.0647783 0.0530104 0.0768898 0.1233110 0.0733252 0.1031531 0.1051624 0.1090492 0.1006555 0.0610449 0.0960963 0.1571011 0.1288597 0.0617660 0.1845801 0.0649113 
S0428sl       0.3573117 0.3214816 0.3001418 0.0717724 0.1141963 0.1466923 0.0599480 0.0982985 0.1142079 0.0969646 0.0599145 0.0504276 0.1011678 0.1049157 0.0508779 0.1446446 0.1729007 0.0583135 0.1218330 0.0595462 0.0689719 0.0593405 0.0773202 0.0601617 0.0693688 0.0000010 0.0423808 0.1087342 0.0000000 0.0704440 0.0678764 0.1226229 0.1329536 0.0508417 0.0872282 0.0681733 0.1205346 0.0590055 0.0602665 0.0585714 0.0681733 0.0919355 0.1212275 1.4996684 0.0991260 0.1329536 0.1075183 0.0420439 0.0963619 0.0511398 0.0420439 0.0901454 0.1285721 0.0500902 0.1007373 0.0691982 0.0596942 0.0683991 0.0989958 0.0628209 0.0868872 0.0591329 0.1034277 0.1010179 0.0644901 0.0355991 0.0790873 0.2013999 0.0420439 0.2153108 0.1179351 0.0778293 0.1232600 0.0498793 0.0963158 0.2276533 0.0774517 0.0682886 0.0331094 0.0594238 0.0790080 0.1568298 0.0175120 0.0247537 0.1220587 0.1329536 0.0874539 0.0925943 0.1232967 0.0593484 0.0869120 0.0681733 0.0798897 0.0971919 0.0795593 0.1116848 0.0680171 0.0776051 0.0593320 0.0688746 0.0606453 0.1140863 0.0715752 0.0700179 0.1793971 0.0887498 
S0478         0.4724020 0.4909013 0.3762094 0.1392860 0.0911430 0.2666406 0.1282114 0.1532749 0.1891343 0.1462797 0.1327886 0.1783277 0.1534516 0.2025796 0.1133650 0.1604727 0.1978101 0.1159190 0.1633353 0.1094522 0.1596907 0.1384472 0.1263014 0.1099271 0.0789379 0.1964518 0.1538143 0.1750197 0.0704440 0.0000000 0.1577155 0.2057237 0.1844391 0.1204605 0.1269563 0.1317834 0.1282290 0.1178634 0.0885887 0.1465928 0.1317615 0.1835987 0.1681283 0.5770265 0.1547496 0.1780137 0.1464789 0.1531769 0.1460996 0.1121972 0.1531769 0.1912666 0.2024781 0.1234229 0.1394535 0.0839855 0.1319246 0.1468451 0.1533062 0.1456587 0.1618851 0.1465401 0.1961578 0.0911320 0.1527107 0.1266195 0.1688297 0.2713527 0.1481435 0.2837933 0.1720846 0.1422110 0.1607385 0.1533371 0.1933515 0.2710537 0.1316616 0.1312332 0.0905128 0.0792994 0.0505152 0.1830824 0.0981019 0.1146546 0.1515322 0.1609693 0.1567774 0.1309963 0.1693674 0.1896682 0.1475829 0.1263845 0.1341041 0.2123651 0.1589895 0.1176283 0.1906763 0.1846027 0.1121880 0.1423816 0.1592742 0.2019199 0.1007688 0.1288067 0.2498614 0.1423715 
S0552sl       0.4373591 0.4232829 0.3360771 0.1064339 0.1007481 0.2153610 0.0567754 0.1529604 0.1003875 0.0795993 0.1329556 0.0643922 0.0901955 0.1414915 0.1233933 0.1489105 0.1504967 0.1264277 0.1514820 0.1060710 0.0926395 0.0679099 0.0639205 0.0610529 0.0960566 0.1051252 0.0493594 0.0882964 0.0678764 0.1577155 0.0000000 0.1061700 0.1327016 0.1275766 0.0797255 0.0606232 0.1293041 0.1013078 0.0967630 0.0678817 0.0690758 0.0812704 0.1619473 0.3812939 0.0979980 0.1489671 0.0880014 0.0491954 0.0837887 0.0773875 0.0491954 0.0762601 0.0985890 0.1018912 0.1196155 0.0935368 0.1051999 0.0605973 0.1108371 0.0102570 0.0455640 0.0168455 0.1114774 0.1088815 0.1004143 0.0393406 0.0569461 0.1898364 0.0529231 0.1757560 0.0559102 0.0886077 0.1198169 0.0923762 0.0754351 0.1801732 0.0679750 0.0716058 0.0939246 0.0890731 0.0969104 0.1693644 0.0794451 0.1067924 0.0939498 0.1444726 0.0877405 0.0991229 0.1121997 0.0682010 0.0802017 0.0639574 0.0772946 0.0970225 0.0933450 0.1215976 0.0719969 0.0645204 0.0919537 0.0845514 0.0607309 0.1158589 0.1166819 0.0691416 0.1506392 0.0801268 
S0558         0.4663426 0.4425525 0.3671418 0.1265771 0.1700847 0.1923513 0.0857192 0.1690671 0.1407560 0.0850283 0.1533102 0.1234059 0.0829913 0.1203917 0.1382540 0.1575235 0.1505591 0.1343139 0.1592920 0.1276884 0.1116494 0.1062448 0.0689357 0.0660675 0.1786829 0.0822070 0.1022825 0.0988804 0.1226229 0.2057237 0.1061700 0.0000000 0.1491070 0.1474757 0.0893468 0.0734554 0.1772665 0.1285758 0.1296995 0.0809067 0.0704579 0.1230498 0.1711484 0.3798296 0.1077317 0.1533768 0.0936709 0.1019178 0.0934464 0.1709532 0.1019178 0.1154500 0.1421678 0.1246177 0.1246473 0.1389003 0.1153354 0.1230137 0.1220109 0.0989887 0.1061164 0.1135535 0.1662991 0.1551307 0.1149460 0.0959474 0.1193890 0.1820634 0.1061386 0.1981423 0.1355113 0.1109792 0.1383195 0.0898997 0.1142620 0.1873773 0.0731110 0.0805433 0.1213697 0.1338046 0.2048678 0.1787074 0.1054927 0.1217794 0.1260587 0.1529508 0.0815307 0.1130739 0.1274398 0.1277207 0.0856849 0.0689762 0.1044104 0.1336897 0.0775031 0.1329249 0.1204081 0.1283424 0.1187259 0.0821072 0.1152000 0.1712839 0.1490918 0.0695280 0.2119718 0.0935192 
S0620         0.4665275 0.4027626 0.3222725 0.1239604 0.1180809 0.2618070 0.0652091 0.1865000 0.1669877 0.1094185 0.1514285 0.1400474 0.1069708 0.1832638 0.1518564 0.0129058 0.0874505 0.1662459 0.0219003 0.1221585 0.1411409 0.1260519 0.0926231 0.0890778 0.1781529 0.0865774 0.1160572 0.1282696 0.1329536 0.1844391 0.1327016 0.1491070 0.0000000 0.1793368 0.1028218 0.0936535 0.1734621 0.1572371 0.1150361 0.1209005 0.0873492 0.1651293 0.0266680 0.5303344 0.1240931 0.0042546 0.1158751 0.1155044 0.1154360 0.1578682 0.1155044 0.1552946 0.1865836 0.1380860 0.0754350 0.1333362 0.1460284 0.1265758 0.0751275 0.1246052 0.1132564 0.1388778 0.1677318 0.1593990 0.0518776 0.1088008 0.1400923 0.2602001 0.1212143 0.2594294 0.1416141 0.1161254 0.0651238 0.1150775 0.1338596 0.2567970 0.0927119 0.1035137 0.1232961 0.1268130 0.1551284 0.0262893 0.1405766 0.1492052 0.0467651 0.0085778 0.1031324 0.0722018 0.1435447 0.1519937 0.1038329 0.0926953 0.0994248 0.1525560 0.1116142 0.1740944 0.1441755 0.1584978 0.1270384 0.0928995 0.1277655 0.1742422 0.1469113 0.0948003 0.2284325 0.1217855 
S0624         0.4460765 0.4802345 0.3964578 0.1471136 0.1253010 0.2663118 0.1015065 0.1056009 0.1387631 0.1128969 0.0844055 0.1482845 0.1221499 0.1677262 0.0603063 0.1793302 0.1930853 0.1071473 0.1778078 0.0767036 0.1398911 0.1056662 0.0959689 0.0933664 0.0687083 0.1437524 0.1106246 0.1231378 0.0508417 0.1204605 0.1275766 0.1474757 0.1793368 0.0000000 0.1051234 0.0971615 0.0925719 0.0800881 0.1011389 0.1002961 0.0965242 0.1284452 0.1779374 0.4616666 0.1230104 0.1859357 0.1180443 0.1102263 0.1217753 0.0897587 0.1102263 0.1626528 0.1478589 0.0805410 0.1489614 0.0964070 0.0838378 0.1261547 0.1430864 0.1201836 0.1352462 0.1258281 0.1720511 0.1000021 0.1371057 0.0913383 0.1271529 0.2303279 0.1060151 0.2368756 0.1480892 0.1087876 0.1551706 0.1093041 0.1427008 0.2202821 0.1004355 0.1125252 0.0532270 0.0919561 0.0966545 0.1956758 0.0745327 0.0571815 0.1508567 0.1811126 0.1217281 0.1230713 0.1490996 0.1527600 0.1137829 0.0960255 0.1125704 0.1500393 0.1316637 0.1032971 0.1444663 0.1485541 0.0765430 0.1142668 0.1191224 0.1771074 0.1328933 0.1021948 0.2184917 0.1265410 
S0641         0.4652426 0.3936811 0.3009793 0.0885295 0.0376450 0.2199603 0.0564930 0.1140679 0.1226057 0.0413663 0.1043669 0.1035404 0.0484139 0.1265144 0.1004538 0.1195689 0.1343662 0.1063436 0.1169030 0.0879270 0.0838446 0.0638037 0.0270921 0.0274831 0.0955607 0.0620218 0.0795378 0.0644063 0.0872282 0.1269563 0.0797255 0.0893468 0.1028218 0.1051234 0.0000000 0.0308320 0.1097120 0.0802367 0.0758090 0.0599883 0.0229206 0.1109294 0.1223895 0.4031360 0.0771604 0.1196137 0.0415833 0.0792661 0.0487812 0.0972593 0.0792661 0.1055923 0.1291967 0.0720202 0.1012652 0.0884326 0.0752968 0.0829429 0.0920491 0.0732074 0.0836546 0.0911637 0.1160994 0.0989704 0.0913989 0.0658670 0.0921450 0.1884104 0.0832082 0.2044508 0.0969357 0.0754962 0.1140446 0.0566693 0.0987467 0.1836836 0.0306930 0.0412466 0.0687160 0.0840799 0.1160171 0.1335663 0.0627542 0.0939203 0.0930250 0.1154016 0.0487366 0.0900384 0.0985337 0.1076150 0.0416655 0.0271074 0.0727625 0.1216056 0.0645571 0.0943779 0.0951207 0.1037361 0.0795427 0.0528839 0.0915852 0.1205271 0.1110908 0.0348036 0.1557512 0.0526252 
S0643         0.4400574 0.3871000 0.3257944 0.0727792 0.0374728 0.2090603 0.0420173 0.1110100 0.0963425 0.0236801 0.1013350 0.0833724 0.0292047 0.1133316 0.0925899 0.1083051 0.1222079 0.0984055 0.1101562 0.0762766 0.0568273 0.0566544 0.0099726 0.0101139 0.0764135 0.0556136 0.0569192 0.0571911 0.0681733 0.1317834 0.0606232 0.0734554 0.0936535 0.0971615 0.0308320 0.0000000 0.1016630 0.0726225 0.0763263 0.0415371 0.0113490 0.0856553 0.1196201 0.3741141 0.0653547 0.1083462 0.0308349 0.0567281 0.0307732 0.0887325 0.0567281 0.0842767 0.1031485 0.0730334 0.0855230 0.0843739 0.0763491 0.0636676 0.0812266 0.0617062 0.0721473 0.0715105 0.1085337 0.0790957 0.0755005 0.0466353 0.0722733 0.1701423 0.0605181 0.1857162 0.0845635 0.0528849 0.0979827 0.0419462 0.0788911 0.1752814 0.0133884 0.0236137 0.0650087 0.0800714 0.0958534 0.1269080 0.0551280 0.0854727 0.0768284 0.1041557 0.0307408 0.0743812 0.0780002 0.0872961 0.0238483 0.0099782 0.0614795 0.1005571 0.0497840 0.0900184 0.0798018 0.0835336 0.0678689 0.0345885 0.0684863 0.1129323 0.0979379 0.0170752 0.1477955 0.0344225 
S0645sl       0.5185794 0.4863823 0.3751368 0.1426252 0.1484724 0.2954743 0.1153762 0.0809856 0.1602718 0.1175609 0.0689735 0.1503202 0.1219276 0.2120920 0.0723065 0.1760672 0.1665074 0.0935625 0.1570967 0.0762418 0.1450116 0.1196725 0.1004086 0.1020017 0.0866534 0.1130086 0.1248947 0.1288809 0.1205346 0.1282290 0.1293041 0.1772665 0.1734621 0.0925719 0.1097120 0.1016630 0.0000000 0.0929778 0.1018285 0.1225342 0.1061666 0.1385756 0.1677457 0.4304378 0.1386221 0.1761351 0.1222575 0.1244336 0.1265613 0.1678008 0.1244336 0.1629239 0.1584555 0.0935117 0.1493837 0.0850549 0.1051379 0.1223986 0.1570464 0.1262898 0.1503396 0.1231040 0.1996319 0.1666617 0.1489522 0.1134933 0.1511757 0.2579061 0.1200670 0.2595974 0.1579743 0.1225234 0.1597000 0.1233304 0.1579555 0.2526596 0.1049461 0.1087696 0.0420217 0.0807072 0.1194257 0.1924569 0.0875884 0.0689293 0.1416162 0.1713723 0.1265164 0.1281022 0.1598812 0.1591866 0.1099292 0.1004681 0.1271521 0.1851231 0.1375883 0.1172270 0.1547596 0.1548079 0.0647315 0.1189969 0.1385256 0.2050006 0.1124698 0.1068114 0.2495062 0.1227105 
