119
CRNC       0.0000000 0.3814008 0.4803050 0.6708723 0.6338654 0.6152554 0.6072822 0.5857533 0.6560836 0.6394847 0.6508309 0.6117559 0.6526483 0.6887426 0.6670100 0.6949604 0.6063429 0.6166686 0.6489702 0.6085023 0.5885371 0.6893842 0.5800452 0.6172823 0.6379266 0.6490646 0.6882183 0.6511460 0.6530783 0.5763971 0.5810444 0.6171236 0.6190476 0.6562034 0.6252802 0.6628679 0.6374038 0.5801691 0.6226189 0.6322023 0.6297433 0.6349124 0.6222848 0.6055952 0.6320268 0.6596710 0.6161273 0.6437560 0.6201670 0.6103713 0.6693810 0.6611587 0.5838974 0.5785689 0.6284816 0.6032962 0.5773038 0.6287237 0.6940331 0.6230735 0.6249339 0.5955237 0.5833723 0.5674766 0.6441849 0.5373706 0.6151689 0.6553900 0.6465844 0.5629756 0.6222098 0.6771946 0.6052624 0.6198550 0.6174259 0.6101799 0.6115361 0.6490689 0.6102938 0.6357148 0.6135207 0.6256614 0.6502783 0.6136852 0.6599222 0.6641543 0.6007611 0.6408049 0.6821599 0.5809780 0.6429790 0.5916321 0.6251260 0.6259302 0.5710450 0.6124020 0.5881803 0.6002169 0.6036990 0.6276961 0.6502026 0.6337364 0.6663239 0.6550663 0.6456649 0.5668611 0.6367975 0.6434287 0.5653396 0.6545497 0.6421814 0.6599949 0.6128046 0.6020153 0.5971016 0.6231090 0.5880164 0.6342214 0.6601910 
HYZL       0.3814008 0.0000000 0.1603448 0.5133959 0.4522384 0.4497148 0.4618952 0.4323045 0.4877001 0.4705631 0.4571212 0.4430988 0.4859997 0.4958662 0.4709894 0.4910051 0.4314682 0.4675368 0.4683499 0.4410861 0.4612719 0.4725783 0.4711754 0.4388149 0.4308112 0.4453143 0.4970282 0.4978379 0.4664053 0.4284882 0.4418476 0.4369863 0.4506362 0.4633871 0.4876301 0.4702527 0.4535474 0.4250558 0.4276239 0.4468065 0.4677498 0.4634601 0.4118657 0.4353115 0.4228004 0.4849087 0.4473842 0.4222926 0.4434614 0.4433856 0.5208783 0.4482337 0.3779325 0.4296682 0.4217756 0.4377968 0.4225660 0.4832857 0.5088581 0.4374683 0.4494591 0.4085374 0.4310254 0.4734427 0.4424191 0.4399516 0.4431638 0.5412703 0.4875919 0.4781518 0.4156718 0.4027504 0.4557584 0.4310636 0.4694133 0.4486016 0.4584518 0.4314172 0.4389568 0.4236025 0.4581329 0.4623274 0.4529398 0.4229936 0.4648937 0.4562974 0.3806682 0.4166318 0.4852765 0.4334971 0.4517752 0.3996807 0.4487043 0.4595788 0.4409722 0.4963148 0.4290484 0.4408490 0.4217725 0.4361369 0.4626444 0.4721101 0.4797384 0.4253254 0.4468201 0.4296947 0.4819037 0.4386107 0.4575046 0.4754030 0.4691206 0.4522309 0.4316408 0.4404114 0.4610596 0.4204403 0.4042472 0.4273131 0.4574806 
MYZV       0.4803050 0.1603448 0.0000000 0.5953719 0.4376462 0.5558259 0.5395938 0.5373283 0.5882338 0.5561035 0.5670647 0.5246759 0.5642743 0.6593674 0.5803823 0.6250119 0.5587814 0.5859926 0.6164644 0.5714404 0.5858448 0.5493548 0.5720905 0.5534422 0.5658986 0.5713376 0.6401968 0.6011155 0.5866914 0.5382445 0.5489003 0.5660240 0.5193426 0.6020456 0.5921163 0.5899622 0.5561953 0.5547317 0.5401808 0.5720266 0.5940386 0.5487118 0.5370942 0.5382376 0.5424983 0.6120777 0.5676251 0.5202862 0.5285995 0.5589939 0.7445828 0.5358873 0.5021395 0.5404780 0.5447337 0.5494705 0.5360296 0.6044647 0.6747682 0.5307718 0.5598753 0.5273224 0.5385822 0.5752248 0.5722450 0.5656330 0.5672780 0.6419848 0.6937004 0.6418674 0.5209504 0.5465559 0.5627676 0.5711775 0.6202547 0.5632544 0.5709766 0.5404361 0.5500023 0.5347920 0.5860190 0.6063312 0.6055993 0.5679861 0.5705233 0.5793841 0.4911628 0.5508798 0.5832947 0.5457168 0.5633971 0.5223196 0.6287879 0.5741934 0.5299308 0.5854861 0.5332222 0.5765328 0.5649292 0.5580501 0.5761516 0.5440338 0.5584794 0.5565893 0.6099551 0.5279033 0.5627665 0.5374305 0.5578038 0.5746854 0.5668992 0.5840398 0.5384671 0.5526036 0.5396067 0.5414856 0.5128597 0.5546547 0.5629560 
SRR6441723 0.6708723 0.5133959 0.5953719 0.0000000 0.0510019 0.1467111 0.1564432 0.1107698 0.1560419 0.1686619 0.1351826 0.1414416 0.1136365 0.1682605 0.1661448 0.1771880 0.1328138 0.1328235 0.1639428 0.1336046 0.1480444 0.0999803 0.1063375 0.1357706 0.1312814 0.1471233 0.1601403 0.1874346 0.1312444 0.1154973 0.1594596 0.1295977 0.1176416 0.1400666 0.2109105 0.1608743 0.1366605 0.1183414 0.1413549 0.1409667 0.1441840 0.1251017 0.1270679 0.1504125 0.1283689 0.1484216 0.1395565 0.1863903 0.1803487 0.1297509 0.2782344 0.1289632 0.1140969 0.1185646 0.1206846 0.1158795 0.1103941 0.1353798 0.1749506 0.1322701 0.1414659 0.1041708 0.1325942 0.1135284 0.1247627 0.1612131 0.1317072 0.1988957 0.1625874 0.1892061 0.1406499 0.1806132 0.1582769 0.1416990 0.1579608 0.1310835 0.1343683 0.1726130 0.1123457 0.1756074 0.1315907 0.1505604 0.0823580 0.1484619 0.1606075 0.1206182 0.1573549 0.1286248 0.1610461 0.1066613 0.1319006 0.1029000 0.1134138 0.1325338 0.1153579 0.1482577 0.1475996 0.1249870 0.1290786 0.1281033 0.1345695 0.0969648 0.1172217 0.1305617 0.1514384 0.1467956 0.1252449 0.1401714 0.1141080 0.1019059 0.1163619 0.1485243 0.1315715 0.1203594 0.1338034 0.1456832 0.1134704 0.1234676 0.1487124 
ERR4210213 0.6338654 0.4522384 0.4376462 0.0510019 0.0000000 0.1318578 0.1499136 0.0981646 0.1664919 0.1395874 0.1159990 0.1298113 0.1210035 1.5232024 0.1824844 0.1660526 0.1603544 0.1303690 0.1626108 0.1399097 0.1582732 0.0374047 0.0000010 0.1342769 0.1331050 0.1417148 1.0637573 0.1346646 0.1376623 0.0975739 0.1362832 0.1395587 0.1491273 0.1167694 0.1689958 0.1391778 0.1382137 0.1242436 0.1470062 0.1311193 0.1552133 0.1062215 0.1388275 0.1345421 0.1244718 0.0981557 0.1479625 0.2037882 0.1833159 0.1382137 1.6564003 0.1143449 0.1348788 0.0975739 0.1064661 0.1071006 0.0975739 0.1182212 0.1268608 0.1141885 0.1222664 0.1303690 0.1129070 0.0901926 0.1384266 0.1766582 0.1153327 0.1471264 0.0000010 0.0000010 0.1140751 0.1700716 0.1507683 0.1481469 0.1285028 0.1347356 0.1338483 0.1837943 0.0975739 0.1750216 0.1689323 0.1438943 0.0977030 0.1481469 0.1239235 0.1312257 0.1607292 0.1243064 0.1581476 0.1378378 0.1541720 0.1250672 1.0637573 0.1315149 0.1076288 0.1516386 0.1304339 0.1395587 0.1297942 0.1227690 0.1305938 0.0991575 0.1210035 0.1330035 1.0929210 0.1694428 0.1458553 0.1319084 0.1089432 0.1135407 0.1301839 0.1583066 0.1334341 0.0975739 0.1464671 0.1393751 0.1303690 0.1061427 0.1328540 
ERR2789774 0.6152554 0.4497148 0.5558259 0.1467111 0.1318578 0.0000000 0.0995917 0.1088869 0.1273891 0.1476223 0.0691100 0.1257170 0.1273217 0.1000607 0.1153438 0.1640161 0.1307957 0.1257998 0.1375055 0.1283231 0.1170319 0.1537866 0.1526413 0.1095296 0.0604322 0.0752698 0.1595009 0.1237563 0.1185424 0.1088376 0.1261771 0.1195779 0.1097682 0.1421659 0.1495012 0.1543118 0.1391484 0.1093533 0.0638408 0.0705800 0.1185943 0.1232538 0.1106235 0.0903636 0.0541386 0.1490666 0.1340408 0.1684189 0.1186287 0.1298037 0.2435209 0.0584236 0.1293000 0.1122366 0.0640301 0.1115430 0.1112941 0.1463124 0.1660916 0.1389280 0.1370558 0.0925159 0.1321074 0.1476607 0.1162228 0.1664592 0.1413778 0.2019212 0.1514099 0.0966184 0.1419251 0.1762936 0.1312200 0.1252107 0.1488842 0.1277350 0.1246637 0.1654637 0.1111830 0.1593221 0.1208174 0.1527775 0.1363107 0.1295570 0.0837494 0.1331224 0.1441231 0.0624135 0.0794646 0.1297187 0.1289647 0.0885558 0.1082717 0.1396264 0.1223780 0.1257806 0.1372274 0.1227398 0.1216172 0.0601070 0.1324222 0.1500614 0.1370135 0.0720251 0.0872949 0.0758558 0.1521398 0.0640800 0.0980645 0.1174459 0.1353195 0.1252417 0.0516421 0.1159267 0.1193320 0.1469333 0.0948704 0.0625977 0.0671002 
S0055      0.6072822 0.4618952 0.5395938 0.1564432 0.1499136 0.0995917 0.0000000 0.1343647 0.1526408 0.1688058 0.0738624 0.1406544 0.1406971 0.0935404 0.1309063 0.1669055 0.1511254 0.1590057 0.1605618 0.1511012 0.1497626 0.1715556 0.1229325 0.1217203 0.0749804 0.0797634 0.1501015 0.1395208 0.1367766 0.1344953 0.1258743 0.1388985 0.1162823 0.1489599 0.1702656 0.1814087 0.1516425 0.1241882 0.0815819 0.0791705 0.1478577 0.1482834 0.1341225 0.1136489 0.0685120 0.1743241 0.1545317 0.1874437 0.1382751 0.1502666 0.2851373 0.0782243 0.1409767 0.1459420 0.0721790 0.1397014 0.1393993 0.1592773 0.1881631 0.1583962 0.1680223 0.1169092 0.1562670 0.1495196 0.1488137 0.1810877 0.1483493 0.2251590 0.1733920 0.0969944 0.1742804 0.1831766 0.1560330 0.1557580 0.1852261 0.1354182 0.1292202 0.1738919 0.1448321 0.1845435 0.1420820 0.1514958 0.1526125 0.1602812 0.0985322 0.1531396 0.1736393 0.0668257 0.1151349 0.1223400 0.1426019 0.1153737 0.1190231 0.1584012 0.1319912 0.1408249 0.1599100 0.1422951 0.1441408 0.0683538 0.1660068 0.1421977 0.1557811 0.0744721 0.0745374 0.0600807 0.1588427 0.0792869 0.1081314 0.1319116 0.1511827 0.1498489 0.0705657 0.1418036 0.1293122 0.1744005 0.1183923 0.0794847 0.0863154 
S0196sl    0.5857533 0.4323045 0.5373283 0.1107698 0.0981646 0.1088869 0.1343647 0.0000000 0.1187363 0.0796904 0.0952020 0.1125978 0.1001532 0.1243601 0.1254735 0.1627302 0.0952941 0.0934714 0.1400064 0.0958764 0.1079699 0.1141389 0.1119001 0.1027123 0.0922005 0.1084288 0.1426349 0.1472261 0.1023548 0.0084111 0.1268516 0.0851565 0.0905355 0.1080077 0.1701312 0.1068981 0.1011719 0.0998935 0.1056401 0.0987805 0.1113486 0.0922988 0.0948455 0.0943170 0.0875694 0.0656638 0.1031831 0.1448154 0.1304040 0.0925738 0.2828888 0.0973397 0.1132561 0.0136961 0.0828766 0.0101939 0.0084211 0.1070038 0.0764260 0.1057671 0.0965183 0.0747498 0.0945322 0.1048575 0.0783554 0.1281229 0.1044514 0.1718431 0.1409346 0.1341590 0.0509786 0.1434325 0.1086844 0.0899946 0.1078912 0.0999757 0.1062919 0.1422007 0.0118910 0.1447226 0.0983357 0.1146875 0.1063256 0.0938436 0.1222901 0.1069834 0.1221342 0.0855369 0.1238271 0.0865168 0.0985673 0.0707338 0.0891130 0.1016570 0.0881720 0.1381361 0.0916824 0.0857247 0.0843664 0.0895797 0.0878917 0.1297122 0.1065954 0.0891167 0.1083907 0.1106498 0.1055892 0.0947223 0.0808074 0.0907037 0.1074358 0.1183200 0.0987742 0.0136205 0.1083677 0.0548969 0.0840631 0.0880905 0.1020868 
S0278      0.6560836 0.4877001 0.5882338 0.1560419 0.1664919 0.1273891 0.1526408 0.1187363 0.0000000 0.1611445 0.1260776 0.0456742 0.1261054 0.1537009 0.1547763 0.0790093 0.1298620 0.1201549 0.0636550 0.1273543 0.0742157 0.1474967 0.1378830 0.1433116 0.1220343 0.1298385 0.0687033 0.1558007 0.0499368 0.1158296 0.1552131 0.1257244 0.0565573 0.1436596 0.1898081 0.1584902 0.1362134 0.0385413 0.1362250 0.1212569 0.0516796 0.1079903 0.0727884 0.1343150 0.1122356 0.1519664 0.1434017 0.1710514 0.1568614 0.1264333 0.3260533 0.1307117 0.1420541 0.1241798 0.1163864 0.1189150 0.1183327 0.1396015 0.1722745 0.1041816 0.1489905 0.0661022 0.0941399 0.1396892 0.1228470 0.1756414 0.1343035 0.2180034 0.1625857 0.1486309 0.1496554 0.1570085 0.1567809 0.1315348 0.1607698 0.1448310 0.1436274 0.1600750 0.1210867 0.1619083 0.0859498 0.1451229 0.1605229 0.1353686 0.1540668 0.1431900 0.1462201 0.1143755 0.1693633 0.1401325 0.0551361 0.0642877 0.0828466 0.1339999 0.0921929 0.0555482 0.1442469 0.1235957 0.1278624 0.1139144 0.1421014 0.1670997 0.1383104 0.1211511 0.1328545 0.1303035 0.1535916 0.1264357 0.0714369 0.1232614 0.1417795 0.0483925 0.1332850 0.1259655 0.0469799 0.1547543 0.0687287 0.1227539 0.1459007 
S0281      0.6394847 0.4705631 0.5561035 0.1686619 0.1395874 0.1476223 0.1688058 0.0796904 0.1611445 0.0000000 0.1392984 0.1477329 0.1435124 0.1754520 0.1701687 0.2066716 0.1467467 0.1462381 0.1790375 0.1471816 0.1639157 0.1556089 0.1603310 0.1445389 0.1461533 0.1412993 0.1946345 0.1820086 0.1629937 0.0823833 0.1698555 0.1382586 0.1303836 0.1420302 0.2097020 0.1571465 0.1508813 0.1345087 0.1592727 0.1537249 0.1534304 0.1496764 0.1501043 0.1441348 0.1330052 0.0915147 0.1505972 0.1603655 0.1726388 0.1464008 0.3019908 0.1473269 0.1267562 0.0898874 0.1324818 0.0826647 0.0821503 0.1277643 0.1087864 0.1589058 0.1545680 0.1304644 0.1431190 0.1316738 0.1362423 0.1654960 0.1366415 0.2078627 0.1498377 0.1585006 0.1023070 0.1724908 0.1712471 0.1453094 0.1512739 0.1314069 0.1495814 0.1687581 0.0893958 0.1629505 0.1562014 0.1301525 0.1552041 0.1495272 0.1603462 0.1366001 0.1380299 0.1358229 0.1718891 0.1361375 0.1537325 0.1260453 0.1511413 0.1550133 0.1365182 0.1773803 0.1477686 0.1364449 0.1350834 0.1375244 0.1442932 0.1672548 0.1510617 0.1407698 0.1545019 0.1322473 0.1467002 0.1422055 0.1302454 0.1329774 0.1515979 0.1584185 0.1453940 0.0892003 0.1583629 0.1068713 0.1336616 0.1340494 0.1491502 
S0282      0.6508309 0.4571212 0.5670647 0.1351826 0.1159990 0.0691100 0.0738624 0.0952020 0.1260776 0.1392984 0.0000000 0.1220387 0.1346153 0.0470934 0.1009001 0.1515358 0.1181449 0.1173116 0.1407175 0.1219315 0.1179238 0.1461328 0.1544330 0.0731907 0.0228368 0.0343435 0.1478199 0.1186081 0.1068126 0.0972879 0.0885352 0.1103779 0.0955006 0.1195049 0.1478046 0.1496862 0.1302124 0.0994815 0.0563566 0.0341141 0.1095320 0.1146303 0.1040842 0.0735146 0.0173922 0.1325696 0.1299710 0.1585228 0.0944519 0.1209602 0.2623678 0.0445804 0.1275454 0.1029614 0.0265273 0.1027322 0.0998049 0.1417756 0.1523966 0.1296403 0.1302552 0.0809284 0.1265737 0.1321437 0.1078261 0.1524260 0.1181112 0.1969687 0.1528491 0.1023590 0.1329289 0.1567198 0.1234866 0.1161698 0.1475451 0.1170409 0.1186315 0.1505626 0.1021746 0.1523952 0.1080404 0.1427945 0.1324777 0.1204789 0.0857765 0.1370588 0.1346711 0.0210208 0.0831310 0.1140267 0.1102787 0.0747153 0.0912526 0.1286847 0.1086416 0.1294927 0.1270829 0.1134342 0.1074632 0.0211057 0.1205651 0.1495640 0.1366821 0.0288025 0.0297832 0.0742969 0.1512068 0.0649716 0.0897065 0.1219175 0.1349905 0.1286847 0.0502725 0.1070555 0.1153261 0.1378660 0.0860015 0.0304572 0.0612901 
S0289      0.6117559 0.4430988 0.5246759 0.1414416 0.1298113 0.1257170 0.1406544 0.1125978 0.0456742 0.1477329 0.1220387 0.0000000 0.1168931 0.1451631 0.1479796 0.0712677 0.1218830 0.1217827 0.0503409 0.1171555 0.0662327 0.1279005 0.1188918 0.1465207 0.1229137 0.1307971 0.0581167 0.1495648 0.0503844 0.1173376 0.1533042 0.1178427 0.0485813 0.1431442 0.1787817 0.1527966 0.1306834 0.0235778 0.1351954 0.1325097 0.0479760 0.0907008 0.0738040 0.1252392 0.1154250 0.1455046 0.1354118 0.1433529 0.1677009 0.1208929 0.2628811 0.1289995 0.1151464 0.1258277 0.1148680 0.1151625 0.1122160 0.1292721 0.1653198 0.0930239 0.1438143 0.0627219 0.0793792 0.1427831 0.1224514 0.1661278 0.1353077 0.2110688 0.1335094 0.1465608 0.1458722 0.1325475 0.1415381 0.1338181 0.1547653 0.1354503 0.1368534 0.1467335 0.1173400 0.1483025 0.0898016 0.1435672 0.1513964 0.1379687 0.1420590 0.1357602 0.1276077 0.1151858 0.1557523 0.1363136 0.0496541 0.0607275 0.0746420 0.1260355 0.0726019 0.0456913 0.1311705 0.1157092 0.1198563 0.1151804 0.1393827 0.1436712 0.1267078 0.1247537 0.1456226 0.1234094 0.1442774 0.1129590 0.0698210 0.1166849 0.1322962 0.0387337 0.1242613 0.1197747 0.0392449 0.1509737 0.0673692 0.1258452 0.1420303 
S0292      0.6526483 0.4859997 0.5642743 0.1136365 0.1210035 0.1273217 0.1406971 0.1001532 0.1261054 0.1435124 0.1346153 0.1168931 0.0000000 0.1608107 0.1515570 0.1529426 0.1231814 0.1158381 0.1408334 0.1211271 0.1244056 0.1284237 0.0864732 0.1363144 0.1262223 0.1386533 0.1427639 0.1686593 0.1137381 0.1024090 0.1508173 0.1096407 0.1049126 0.1008248 0.1983284 0.1438165 0.1194639 0.1152158 0.1404538 0.1381529 0.1269553 0.1202447 0.1175413 0.1291937 0.1186487 0.1406905 0.1242166 0.1697965 0.1701719 0.1171357 0.2623410 0.1284230 0.0892618 0.1104368 0.1226121 0.1004957 0.0953206 0.1133832 0.1583343 0.1332749 0.1159851 0.0967960 0.1253067 0.1010884 0.1061238 0.1281744 0.0951041 0.1646997 0.1181525 0.1540333 0.1173927 0.1604841 0.1447483 0.1149079 0.1482845 0.0747494 0.0763577 0.1616147 0.1024173 0.1602754 0.1269205 0.1054988 0.1009345 0.1191791 0.1583059 0.0458015 0.1449239 0.1133240 0.1456474 0.0878097 0.1174125 0.0979072 0.1135784 0.1168077 0.1165482 0.1291650 0.1270509 0.1103108 0.1114532 0.1254588 0.1165045 0.1033488 0.0173702 0.1198818 0.1480891 0.1368802 0.0435561 0.1301654 0.0988456 0.0157820 0.0155983 0.1259438 0.1291490 0.1048052 0.1149796 0.1221497 0.1041906 0.1180844 0.1442176 
S0293      0.6887426 0.4958662 0.6593674 0.1682605 1.5232024 0.1000607 0.0935404 0.1243601 0.1537009 0.1754520 0.0470934 0.1451631 0.1608107 0.0000000 0.1192313 0.1845664 0.1481230 0.1532093 0.1718101 0.1457812 0.1423078 0.1754509 0.1377880 0.0982120 0.0385871 0.0545413 0.1316787 0.1513763 0.1260905 0.1276391 0.1139659 0.1321795 0.1129998 0.1665212 0.1912250 0.1891276 0.1611249 0.1266010 0.0720796 0.0490667 0.1362254 0.1484278 0.1264948 0.0955989 0.0334328 0.1777630 0.1532334 0.2001007 0.1292325 0.1479921 0.2310494 0.0696209 0.1611411 0.1362170 0.0359170 0.1277270 0.1313382 0.1820725 0.1812214 0.1695803 0.1529511 0.1021165 0.1559241 0.1683342 0.1289432 0.1971338 0.1596677 0.2711055 0.1636589 0.0929215 0.1729516 0.1958903 0.1442317 0.1344336 0.1826401 0.1643088 0.1510129 0.1887804 0.1385717 0.1943620 0.1246552 0.1790953 0.1435436 0.1403740 0.1277560 0.1586821 0.1735508 0.0360582 0.1082210 0.1212706 0.1357497 0.0959714 0.0829670 0.1570764 0.1398660 0.1440742 0.1536499 0.1366562 0.1390875 0.0335023 0.1464814 0.1581894 0.1702790 0.0475561 0.0291873 0.0793225 0.1766083 0.0934291 0.1227182 0.1346875 0.1643547 0.1658209 0.0608831 0.1378843 0.1293039 0.1692551 0.1120296 0.0387125 0.0844752 
S0294      0.6670100 0.4709894 0.5803823 0.1661448 0.1824844 0.1153438 0.1309063 0.1254735 0.1547763 0.1701687 0.1009001 0.1479796 0.1515570 0.1192313 0.0000000 0.1900777 0.1467689 0.1393357 0.1677502 0.1474659 0.1537732 0.1786627 0.1483994 0.1028125 0.1025694 0.1194657 0.1630390 0.1668662 0.1405792 0.1279990 0.1124003 0.1352105 0.1263455 0.1670124 0.1637417 0.1624822 0.1592542 0.1324415 0.1102399 0.1069468 0.1559774 0.1432588 0.1444800 0.1141940 0.0955353 0.1544676 0.1611919 0.1764421 0.1602686 0.1466870 0.2739144 0.0914454 0.1560053 0.1361301 0.0929135 0.1307974 0.1305065 0.1834167 0.1782824 0.1467082 0.1396767 0.1233529 0.1412552 0.1598526 0.1422700 0.1885748 0.1641002 0.2455349 0.1880444 0.0964596 0.1630848 0.1733451 0.1489059 0.1439654 0.1739945 0.1574677 0.1531369 0.1691992 0.1331148 0.1675839 0.1412122 0.1597825 0.1730110 0.1485276 0.1220485 0.1547641 0.1575353 0.1002815 0.1279206 0.1402857 0.1416466 0.1160900 0.1278989 0.1541108 0.1310845 0.1585266 0.1510146 0.1330305 0.1346979 0.0953263 0.1405889 0.1636816 0.1568924 0.1065995 0.1102757 0.1070853 0.1663605 0.0915671 0.1142854 0.1441048 0.1570348 0.1554717 0.0885861 0.1304052 0.1360961 0.1632003 0.1331577 0.0997648 0.1021876 
S0299      0.6949604 0.4910051 0.6250119 0.1771880 0.1660526 0.1640161 0.1669055 0.1627302 0.0790093 0.2066716 0.1515358 0.0712677 0.1529426 0.1845664 0.1900777 0.0000000 0.1642812 0.1536803 0.0982600 0.1535941 0.0883200 0.1816001 0.1571387 0.1759149 0.1467292 0.1498555 0.1184061 0.1808696 0.0668161 0.1653956 0.1753026 0.1593113 0.0720568 0.1593812 0.2000025 0.1869375 0.1688672 0.0599892 0.1629011 0.1547118 0.0731387 0.1313959 0.1055624 0.1604838 0.1411621 0.1995661 0.1676377 0.2153109 0.1799441 0.1545740 0.2893558 0.1571720 0.1409414 0.1699357 0.1456620 0.1629840 0.1594221 0.1551815 0.2103868 0.1416899 0.1790377 0.0895888 0.1179555 0.1793240 0.1534088 0.1954539 0.1518542 0.2328434 0.1611198 0.1747234 0.2057479 0.1824596 0.1852200 0.1626505 0.1811219 0.1627548 0.1587994 0.2100028 0.1716203 0.2084727 0.1213898 0.1676903 0.1759260 0.1667059 0.1856906 0.1671742 0.1843318 0.1358201 0.1920956 0.1722112 0.0742033 0.0875018 0.1048365 0.1536519 0.1192891 0.0874031 0.1625154 0.1569943 0.1529099 0.1461656 0.1739681 0.1752699 0.1639860 0.1409706 0.1745388 0.1566668 0.1683749 0.1596514 0.0980994 0.1471037 0.1675410 0.0835928 0.1504517 0.1682155 0.0746959 0.2116604 0.0971292 0.1501371 0.1794742 
S0303      0.6063429 0.4314682 0.5587814 0.1328138 0.1603544 0.1307957 0.1511254 0.0952941 0.1298620 0.1467467 0.1181449 0.1218830 0.1231814 0.1481230 0.1467689 0.1642812 0.0000000 0.0638224 0.1419180 0.0192434 0.1227831 0.1418074 0.1198588 0.1238366 0.1100332 0.1254941 0.1288786 0.1592330 0.1133929 0.1004657 0.1459558 0.0156571 0.1194691 0.1535520 0.1880153 0.0952510 0.0246853 0.1062731 0.1250110 0.1202486 0.1294980 0.1184109 0.1073136 0.1180409 0.1028432 0.1374269 0.0228579 0.1641262 0.1542989 0.0156862 0.3158692 0.1287435 0.1545833 0.1033451 0.1077054 0.1008014 0.0956144 0.1345276 0.1565745 0.1302362 0.0724182 0.0845732 0.1326330 0.1396937 0.0474217 0.1751810 0.1362872 0.2279244 0.1657855 0.1144707 0.1213494 0.1471830 0.1289472 0.0662871 0.0901665 0.1373574 0.1387680 0.1583795 0.1055182 0.1606040 0.1171451 0.1488295 0.1290334 0.0721229 0.1294839 0.1252300 0.1403575 0.1052778 0.1501459 0.1103222 0.1073013 0.0784341 0.0865171 0.0399229 0.1191019 0.1405134 0.0831404 0.0139062 0.0122014 0.1123679 0.0705951 0.1534768 0.1306161 0.1120134 0.1242180 0.1228964 0.1325200 0.1130464 0.0983611 0.1085114 0.1282822 0.1275842 0.1149169 0.1051186 0.1194846 0.1261184 0.0871042 0.1183858 0.1392250 
S0308      0.6166686 0.4675368 0.5859926 0.1328235 0.1303690 0.1257998 0.1590057 0.0934714 0.1201549 0.1462381 0.1173116 0.1217827 0.1158381 0.1532093 0.1393357 0.1536803 0.0638224 0.0000000 0.1453567 0.0586849 0.1090912 0.1409354 0.1276628 0.1249287 0.1115077 0.1234908 0.1611471 0.1457293 0.1149319 0.0985342 0.1411420 0.0553245 0.1073595 0.1566636 0.1718426 0.0981612 0.0631924 0.0955243 0.1181483 0.1182373 0.1172245 0.0983658 0.1023040 0.1021202 0.1043383 0.1382713 0.0674063 0.1657431 0.1516457 0.0573460 0.3268014 0.1237505 0.1430498 0.1063537 0.0992868 0.0988593 0.0986378 0.1483867 0.1545812 0.1126006 0.0688232 0.0794412 0.1239795 0.1266978 0.0429325 0.1675439 0.1354825 0.2052373 0.1859558 0.1167771 0.1172920 0.1674718 0.1303851 0.0692070 0.0819654 0.1348786 0.1376468 0.1603271 0.0963765 0.1595881 0.1033030 0.1486513 0.1313941 0.0749827 0.1422710 0.1281278 0.1415307 0.1067674 0.1553212 0.1115417 0.1065602 0.0734113 0.1001112 0.0614781 0.1108995 0.1407900 0.0862300 0.0534425 0.0519395 0.1082702 0.0692960 0.1469546 0.1206937 0.1135049 0.1335390 0.1338052 0.1257919 0.1155582 0.0879079 0.1062555 0.1207674 0.1329342 0.1128843 0.1030965 0.1279064 0.1219662 0.0846234 0.1187232 0.1369099 
S0320      0.6489702 0.4683499 0.6164644 0.1639428 0.1626108 0.1375055 0.1605618 0.1400064 0.0636550 0.1790375 0.1407175 0.0503409 0.1408334 0.1718101 0.1677502 0.0982600 0.1419180 0.1453567 0.0000000 0.1536988 0.0835551 0.1510272 0.1197441 0.1621479 0.1339002 0.1419637 0.0881394 0.1638337 0.0732729 0.1368481 0.1760050 0.1470518 0.0659959 0.1623823 0.1918689 0.1817383 0.1634718 0.0553856 0.1408540 0.1405403 0.0622619 0.1125469 0.0843889 0.1491793 0.1261047 0.1746647 0.1712204 0.1735958 0.1864783 0.1529663 0.3280578 0.1427453 0.1464449 0.1401371 0.1303871 0.1402191 0.1369974 0.1553813 0.1902940 0.1155167 0.1659204 0.0737083 0.1056220 0.1494368 0.1483137 0.1870796 0.1448090 0.2396744 0.1708306 0.1570725 0.1661274 0.1560992 0.1690976 0.1575736 0.1841113 0.1460389 0.1499359 0.1771719 0.1424766 0.1759200 0.1046452 0.1588831 0.1715787 0.1641767 0.1655021 0.1589132 0.1582671 0.1283152 0.1724958 0.1609289 0.0785182 0.0718784 0.0838706 0.1555246 0.0982840 0.0708013 0.1634535 0.1448208 0.1496580 0.1277964 0.1662406 0.1761568 0.1510022 0.1384286 0.1497730 0.1405267 0.1672301 0.1335059 0.0910586 0.1405931 0.1572567 0.0405183 0.1381817 0.1476593 0.0643102 0.1714749 0.0805853 0.1368810 0.1536684 
S0322      0.6085023 0.4410861 0.5714404 0.1336046 0.1399097 0.1283231 0.1511012 0.0958764 0.1273543 0.1471816 0.1219315 0.1171555 0.1211271 0.1457812 0.1474659 0.1535941 0.0192434 0.0586849 0.1536988 0.0000000 0.1207428 0.1372196 0.1273476 0.1272606 0.1137759 0.1234042 0.1386626 0.1594559 0.1196398 0.1009896 0.1435470 0.0244775 0.1146877 0.1509865 0.1795199 0.0942895 0.0190276 0.1021695 0.1229379 0.1205381 0.1242932 0.1096340 0.1110931 0.1161061 0.1065661 0.1329447 0.0243030 0.1708376 0.1516345 0.0102571 0.3285542 0.1218988 0.1479628 0.1088871 0.1059251 0.1013225 0.0961943 0.1302587 0.1541849 0.1263290 0.0712227 0.0884608 0.1310203 0.1397918 0.0447719 0.1715878 0.1436789 0.2230971 0.1624120 0.1267415 0.1164589 0.1459229 0.1251449 0.0632029 0.0889044 0.1350447 0.1364452 0.1650267 0.0988160 0.1646005 0.1155804 0.1463397 0.1328887 0.0689313 0.1300734 0.1258507 0.1411676 0.1090109 0.1503808 0.1113056 0.1083166 0.0823333 0.0962252 0.0226793 0.1176385 0.1433783 0.0800418 0.0227100 0.0210220 0.1105099 0.0694264 0.1516168 0.1284382 0.1158196 0.1262691 0.1211478 0.1333796 0.1134231 0.0896117 0.1067049 0.1261414 0.1305497 0.1130152 0.1055877 0.1201715 0.1211031 0.0909155 0.1186995 0.1393293 
S0327      0.5885371 0.4612719 0.5858448 0.1480444 0.1582732 0.1170319 0.1497626 0.1079699 0.0742157 0.1639157 0.1179238 0.0662327 0.1244056 0.1423078 0.1537732 0.0883200 0.1227831 0.1090912 0.0835551 0.1207428 0.0000000 0.1578481 0.1281783 0.1395837 0.1070705 0.1216552 0.1020851 0.1338656 0.0517649 0.1102421 0.1541663 0.1161827 0.0498148 0.1465400 0.1837133 0.1454036 0.1289349 0.0406640 0.1184486 0.1185383 0.0459114 0.0929905 0.0795231 0.1087915 0.1022010 0.1612387 0.1334450 0.1621730 0.1603224 0.1197696 0.2813986 0.1219747 0.1458615 0.1160728 0.1039592 0.1081309 0.1053110 0.1528778 0.1787049 0.1090075 0.1309098 0.0640596 0.0970259 0.1511959 0.1066266 0.1730387 0.1416107 0.2173387 0.1788602 0.1374961 0.1445272 0.1594100 0.1397112 0.1143354 0.1308108 0.1413191 0.1401667 0.1652519 0.1153794 0.1513640 0.0862593 0.1443615 0.1463234 0.1181213 0.1291399 0.1470841 0.1360430 0.1070288 0.1604078 0.1386990 0.0549716 0.0622411 0.0758341 0.1223391 0.0898689 0.0788444 0.1263626 0.1140816 0.1157322 0.1065967 0.1264201 0.1500742 0.1318125 0.1186295 0.1326864 0.1215406 0.1436015 0.1160013 0.0626799 0.1168572 0.1373962 0.0785112 0.1133221 0.1149510 0.0653972 0.1495660 0.0667718 0.1120998 0.1324670 
S0335      0.6893842 0.4725783 0.5493548 0.0999803 0.0374047 0.1537866 0.1715556 0.1141389 0.1474967 0.1556089 0.1461328 0.1279005 0.1284237 0.1754509 0.1786627 0.1816001 0.1418074 0.1409354 0.1510272 0.1372196 0.1578481 0.0000000 0.1007129 0.1535106 0.1371620 0.1501583 0.1584444 0.1725142 0.1385547 0.1191759 0.1747379 0.1329950 0.1190721 0.1563256 0.2130240 0.1850440 0.1379009 0.1176214 0.1452220 0.1492673 0.1376601 0.1159827 0.1288352 0.1669516 0.1342245 0.1552473 0.1551699 0.1867672 0.2029713 0.1333800 0.2957633 0.1549069 0.1356924 0.1303066 0.1334263 0.1221428 0.1189783 0.1485556 0.1782142 0.1277771 0.1547586 0.1163932 0.1108209 0.1373738 0.1351475 0.1766674 0.1479378 0.2215881 0.1710937 0.1959850 0.1481094 0.1770673 0.1705594 0.1550027 0.1744024 0.1389013 0.1421776 0.1787354 0.1196559 0.1835416 0.1350915 0.1637276 0.0981606 0.1618144 0.1712750 0.1400712 0.1561546 0.1345607 0.1594423 0.1316376 0.1442013 0.1177468 0.1227279 0.1410086 0.1287041 0.1583878 0.1516740 0.1284007 0.1300179 0.1386562 0.1477887 0.1072877 0.1347576 0.1391761 0.1658815 0.1560172 0.1526756 0.1422108 0.1105094 0.1180530 0.1382695 0.1510433 0.1384770 0.1266462 0.1360442 0.1531467 0.1176884 0.1304308 0.1664304 
S0345      0.5800452 0.4711754 0.5720905 0.1063375 0.0000010 0.1526413 0.1229325 0.1119001 0.1378830 0.1603310 0.1544330 0.1188918 0.0864732 0.1377880 0.1483994 0.1571387 0.1198588 0.1276628 0.1197441 0.1273476 0.1281783 0.1007129 0.0000000 0.1467860 0.1253875 0.1347790 0.1406546 0.1755540 0.1142795 0.1158952 0.1626626 0.1074375 0.1011026 0.1089187 0.1717449 0.1621440 0.1284394 0.0985715 0.1262503 0.1422365 0.1242472 0.1279461 0.1108149 0.1455592 0.1204967 0.1745953 0.1274922 0.1611020 0.1846783 0.1205321 0.1132630 0.1415451 0.0941085 0.1257300 0.1329495 0.1160987 0.1115865 0.1060643 0.1721525 0.1369733 0.1293430 0.0799561 0.1241134 0.1155604 0.1195064 0.1338181 0.1198465 0.1131758 0.1357054 0.1432067 0.1469083 0.1564619 0.1452486 0.1174598 0.1710838 0.1029834 0.1010824 0.1470665 0.1296670 0.1776860 0.0970198 0.1293407 0.0998359 0.1286173 0.1629097 0.1004721 0.1397534 0.1257525 0.1345093 0.0832686 0.1038553 0.0846742 0.0903375 0.1323483 0.1100424 0.1480352 0.1226831 0.0999054 0.1106761 0.1246839 0.1254227 0.0713421 0.1015419 0.1332577 0.1335775 0.1127440 0.0969379 0.1200307 0.0938884 0.0728295 0.0936638 0.1256463 0.1241348 0.1242339 0.1193340 0.1424658 0.0959661 0.1303353 0.1375950 
S0376      0.6172823 0.4388149 0.5534422 0.1357706 0.1342769 0.1095296 0.1217203 0.1027123 0.1433116 0.1445389 0.0731907 0.1465207 0.1363144 0.0982120 0.1028125 0.1759149 0.1238366 0.1249287 0.1621479 0.1272606 0.1395837 0.1535106 0.1467860 0.0000000 0.0745161 0.0923314 0.1518377 0.1387759 0.1230497 0.1057335 0.0478560 0.1156985 0.1292105 0.1223145 0.1525234 0.1663016 0.1382534 0.1209809 0.0966297 0.0873254 0.1391340 0.1369560 0.1240673 0.0989896 0.0701345 0.1401764 0.1353382 0.1742988 0.1231100 0.1263388 0.2680022 0.0822926 0.1158942 0.1132267 0.0699642 0.1059900 0.1080650 0.1318091 0.1618109 0.1419130 0.1355880 0.1014020 0.1449308 0.1264697 0.1199773 0.1476113 0.1135628 0.1883052 0.1472723 0.1134843 0.1333289 0.1654965 0.1291100 0.1238578 0.1522791 0.1138821 0.1097766 0.1554481 0.1130581 0.1675611 0.1272461 0.1312406 0.1265211 0.1281654 0.1110805 0.1304761 0.1474497 0.0702605 0.1101573 0.1204327 0.1233827 0.0927251 0.0925186 0.1316752 0.1267795 0.1478705 0.1353722 0.1187872 0.1152571 0.0741210 0.1286081 0.1452963 0.1407864 0.0801882 0.0768161 0.0937864 0.1521708 0.0887615 0.1047386 0.1233814 0.1366928 0.1444447 0.0835559 0.1056688 0.1396036 0.1382189 0.1086257 0.0748152 0.1008925 
S0400      0.6379266 0.4308112 0.5658986 0.1312814 0.1331050 0.0604322 0.0749804 0.0922005 0.1220343 0.1461533 0.0228368 0.1229137 0.1262223 0.0385871 0.1025694 0.1467292 0.1100332 0.1115077 0.1339002 0.1137759 0.1070705 0.1371620 0.1253875 0.0745161 0.0000000 0.0339173 0.1346242 0.1036276 0.0985106 0.0920312 0.0897218 0.1024998 0.0920557 0.1209786 0.1364234 0.1426965 0.1217950 0.1010061 0.0458153 0.0281512 0.1107898 0.1087578 0.0958963 0.0704664 0.0084766 0.1378625 0.1215720 0.1540606 0.0965204 0.1127515 0.2565350 0.0402087 0.1230297 0.0975547 0.0207989 0.0947070 0.0944931 0.1447514 0.1513681 0.1210697 0.1215766 0.0756419 0.1224525 0.1337412 0.0998033 0.1505158 0.1219175 0.1987912 0.1509303 0.0890993 0.1317150 0.1584095 0.1195041 0.1078477 0.1381193 0.1184419 0.1149017 0.1462428 0.0992953 0.1530422 0.1045125 0.1466466 0.1188483 0.1120700 0.0778167 0.1301851 0.1306389 0.0154517 0.0756901 0.0991690 0.1065670 0.0717454 0.0899079 0.1249550 0.1025188 0.1231785 0.1236958 0.1054377 0.1041757 0.0190663 0.1147654 0.1399725 0.1328297 0.0248172 0.0267041 0.0714100 0.1443964 0.0580254 0.0839646 0.1131301 0.1313756 0.1275948 0.0437780 0.0989210 0.1065337 0.1366078 0.0829399 0.0246198 0.0544048 
S0405      0.6490646 0.4453143 0.5713376 0.1471233 0.1417148 0.0752698 0.0797634 0.1084288 0.1298385 0.1412993 0.0343435 0.1307971 0.1386533 0.0545413 0.1194657 0.1498555 0.1254941 0.1234908 0.1419637 0.1234042 0.1216552 0.1501583 0.1347790 0.0923314 0.0339173 0.0000000 0.1569372 0.1252426 0.1105499 0.1059207 0.1059057 0.1118801 0.0996428 0.1253059 0.1622394 0.1474156 0.1316749 0.1109113 0.0560096 0.0319935 0.1209064 0.1209853 0.1078007 0.0814090 0.0246067 0.1486621 0.1314319 0.1674307 0.1037137 0.1224497 0.2899784 0.0502708 0.1382117 0.1117617 0.0336803 0.1087848 0.1085420 0.1523253 0.1595622 0.1378494 0.1287886 0.0872674 0.1299854 0.1417631 0.1067616 0.1571277 0.1301920 0.1953457 0.1635190 0.1055539 0.1438549 0.1667835 0.1345525 0.1148545 0.1463646 0.1229909 0.1244289 0.1593773 0.1158714 0.1612036 0.1126306 0.1516574 0.1315143 0.1191205 0.0895873 0.1432955 0.1432900 0.0283634 0.0889117 0.1131534 0.1187482 0.0808136 0.1001001 0.1325374 0.1148526 0.1361000 0.1257432 0.1149375 0.1086906 0.0263739 0.1218801 0.1454646 0.1453867 0.0346135 0.0294184 0.0847111 0.1526850 0.0686576 0.0980458 0.1256972 0.1414719 0.1330569 0.0538925 0.1131339 0.1241891 0.1488679 0.0971341 0.0339878 0.0649880 
S0407sl    0.6882183 0.4970282 0.6401968 0.1601403 1.0637573 0.1595009 0.1501015 0.1426349 0.0687033 0.1946345 0.1478199 0.0581167 0.1427639 0.1316787 0.1630390 0.1184061 0.1288786 0.1611471 0.0881394 0.1386626 0.1020851 0.1584444 0.1406546 0.1518377 0.1346242 0.1569372 0.0000000 0.1902968 0.0542238 0.1501156 0.1743423 0.1390549 0.0637143 0.1765777 0.2252633 0.1984189 0.1513937 0.0743104 0.1489064 0.1492073 0.0803732 0.1117180 0.0779924 0.1568253 0.1273815 0.1947691 0.1486425 0.1742424 0.1955948 0.1443299 0.2495039 0.1629020 0.1470780 0.1549541 0.1306700 0.1463344 0.1423035 0.1574554 0.2102772 0.1056671 0.1602225 0.0628711 0.0921081 0.1560645 0.1530010 0.1994496 0.1500675 0.2914421 0.1857189 0.1590209 0.1835536 0.1635599 0.1743098 0.1418270 0.2039547 0.1537826 0.1442702 0.1628753 0.1583123 0.1798493 0.0893182 0.1504975 0.1542226 0.1440935 0.1707603 0.1595756 0.1634862 0.1203127 0.1791018 0.1380361 0.0508213 0.0629907 0.0700975 0.1546242 0.0958883 0.0653653 0.1612642 0.1359972 0.1457669 0.1277134 0.1532771 0.1526343 0.1607447 0.1300904 0.1348802 0.1216081 0.1636910 0.1454741 0.0760308 0.1315551 0.1546229 0.0673504 0.1372601 0.1574967 0.0099146 0.1795877 0.0693736 0.1431915 0.1692276 
S0412sl    0.6511460 0.4978379 0.6011155 0.1874346 0.1346646 0.1237563 0.1395208 0.1472261 0.1558007 0.1820086 0.1186081 0.1495648 0.1686593 0.1513763 0.1668662 0.1808696 0.1592330 0.1457293 0.1638337 0.1594559 0.1338656 0.1725142 0.1755540 0.1387759 0.1036276 0.1252426 0.1902968 0.0000000 0.1470731 0.1533738 0.1584409 0.1519537 0.1312709 0.1749383 0.1572479 0.1915461 0.1530473 0.1267162 0.1170613 0.1267674 0.1505198 0.1489385 0.1380356 0.1140492 0.1079113 0.1708401 0.1656557 0.1865346 0.1070710 0.1504009 0.3259045 0.1143454 0.1690524 0.1628658 0.1072565 0.1538637 0.1535278 0.1772712 0.1928498 0.1647587 0.1713776 0.1130950 0.1572114 0.1807239 0.1491786 0.1974016 0.1779458 0.2530977 0.2146016 0.1449645 0.1710939 0.1834811 0.1857596 0.1608254 0.1820939 0.1689104 0.1620040 0.1718027 0.1592755 0.1793817 0.1208908 0.1901534 0.1771836 0.1573716 0.1296291 0.1832751 0.1663276 0.1121544 0.1337690 0.1577290 0.1494851 0.1140183 0.1310969 0.1586531 0.1457965 0.1487105 0.1694935 0.1555262 0.1493788 0.1119009 0.1608522 0.1992628 0.1825066 0.1191019 0.1451353 0.1099822 0.1935639 0.1051669 0.1313073 0.1609425 0.1778880 0.1597150 0.1012968 0.1586875 0.1492483 0.1764200 0.1198199 0.1202085 0.1219678 
S0417      0.6530783 0.4664053 0.5866914 0.1312444 0.1376623 0.1185424 0.1367766 0.1023548 0.0499368 0.1629937 0.1068126 0.0503844 0.1137381 0.1260905 0.1405792 0.0668161 0.1133929 0.1149319 0.0732729 0.1196398 0.0517649 0.1385547 0.1142795 0.1230497 0.0985106 0.1105499 0.0542238 0.1470731 0.0000000 0.1046220 0.1403433 0.1121524 0.0422035 0.1390352 0.1778138 0.1458142 0.1223970 0.0434446 0.1146355 0.1075366 0.0545169 0.0839142 0.0604557 0.1101193 0.0915148 0.1463748 0.1268952 0.1494674 0.1499398 0.1156918 0.2670112 0.1055891 0.1294474 0.1075423 0.0932795 0.1025090 0.1047325 0.1453708 0.1630446 0.0880497 0.1287224 0.0511720 0.0697361 0.1399228 0.1095448 0.1769797 0.1230739 0.2155934 0.1546877 0.1317118 0.1394590 0.1461365 0.1355129 0.1196659 0.1496892 0.1449058 0.1359959 0.1448260 0.1097288 0.1492503 0.0694692 0.1446103 0.1218129 0.1234818 0.1388214 0.1303724 0.1344917 0.0913305 0.1484090 0.1128257 0.0227146 0.0493456 0.0606719 0.1201932 0.0702772 0.0585796 0.1266986 0.1100496 0.1164713 0.0958385 0.1220721 0.1374758 0.1256110 0.0997527 0.1203717 0.1154034 0.1348394 0.1096448 0.0543899 0.1086233 0.1289239 0.0488535 0.1072459 0.1093152 0.0330639 0.1444540 0.0582517 0.1007131 0.1180793 
S0419      0.5763971 0.4284882 0.5382445 0.1154973 0.0975739 0.1088376 0.1344953 0.0084111 0.1158296 0.0823833 0.0972879 0.1173376 0.1024090 0.1276391 0.1279990 0.1653956 0.1004657 0.0985342 0.1368481 0.1009896 0.1102421 0.1191759 0.1158952 0.1057335 0.0920312 0.1059207 0.1501156 0.1533738 0.1046220 0.0000000 0.1301950 0.0900959 0.0979568 0.1102816 0.1729839 0.1144916 0.1064108 0.1047302 0.1078988 0.0937442 0.1136573 0.0973864 0.0970591 0.1014365 0.0852206 0.0681536 0.1084464 0.1499074 0.1328840 0.0976822 0.2850806 0.0995721 0.1105242 0.0119058 0.0827220 0.0119206 0.0067243 0.1124007 0.0790514 0.1110849 0.1013942 0.0769681 0.0968606 0.1101243 0.0851041 0.1277894 0.1067260 0.1717462 0.1455105 0.1383888 0.0551099 0.1485486 0.1133155 0.0947813 0.1081397 0.1022274 0.1085665 0.1472651 0.0136212 0.1498140 0.1063143 0.1169890 0.1085961 0.0986630 0.1246752 0.1069922 0.1269712 0.0853775 0.1316416 0.0886565 0.1030616 0.0729426 0.0960847 0.1069286 0.0953531 0.1440772 0.0988748 0.0907023 0.0893646 0.0868831 0.0926507 0.1321306 0.1088761 0.0889497 0.1046035 0.1160735 0.1078492 0.0969326 0.0879635 0.0929052 0.1097344 0.1215248 0.1009985 0.0153590 0.1083677 0.0590830 0.0862812 0.0857250 0.1043439 
S0427      0.5810444 0.4418476 0.5489003 0.1594596 0.1362832 0.1261771 0.1258743 0.1268516 0.1552131 0.1698555 0.0885352 0.1533042 0.1508173 0.1139659 0.1124003 0.1753026 0.1459558 0.1411420 0.1760050 0.1435470 0.1541663 0.1747379 0.1626626 0.0478560 0.0897218 0.1059057 0.1743423 0.1584409 0.1403433 0.1301950 0.0000000 0.1370770 0.1281974 0.1443427 0.1614176 0.1756499 0.1549828 0.1281307 0.1202040 0.1006687 0.1458218 0.1486142 0.1363947 0.1196543 0.0830077 0.1697028 0.1519456 0.1943780 0.1433550 0.1427538 0.2903309 0.0983537 0.1310335 0.1413255 0.0826899 0.1305059 0.1326748 0.1604173 0.1871858 0.1497817 0.1471190 0.1133714 0.1444994 0.1531644 0.1360241 0.1706496 0.1389673 0.2097917 0.1814694 0.1253236 0.1566394 0.1911609 0.1390158 0.1351965 0.1622165 0.1308064 0.1292977 0.1744127 0.1380374 0.1904722 0.1431634 0.1479654 0.1516058 0.1417468 0.1225942 0.1563593 0.1713218 0.0853412 0.1191696 0.1365566 0.1432923 0.1045589 0.1175223 0.1461331 0.1380923 0.1553843 0.1602725 0.1349290 0.1314377 0.0869848 0.1400307 0.1534817 0.1553611 0.0960828 0.0951922 0.1001675 0.1715816 0.1016673 0.1210106 0.1400180 0.1512302 0.1633719 0.0972254 0.1301213 0.1451117 0.1567489 0.1205311 0.0855999 0.1177918 
S0430      0.6171236 0.4369863 0.5660240 0.1295977 0.1395587 0.1195779 0.1388985 0.0851565 0.1257244 0.1382586 0.1103779 0.1178427 0.1096407 0.1321795 0.1352105 0.1593113 0.0156571 0.0553245 0.1470518 0.0244775 0.1161827 0.1329950 0.1074375 0.1156985 0.1024998 0.1118801 0.1390549 0.1519537 0.1121524 0.0900959 0.1370770 0.0000000 0.1126385 0.1387818 0.1664230 0.0919262 0.0299585 0.1024876 0.1114660 0.1068757 0.1226409 0.1037138 0.1016415 0.1049308 0.0954766 0.1256550 0.0244996 0.1596882 0.1440280 0.0209025 0.3142031 0.1149429 0.1434048 0.0977265 0.0948954 0.0903976 0.0854419 0.1285343 0.1465192 0.1217956 0.0655123 0.0813505 0.1239562 0.1232418 0.0393240 0.1571937 0.1310777 0.2123265 0.1602569 0.1103995 0.1102491 0.1401796 0.1204956 0.0595228 0.0804580 0.1207408 0.1245542 0.1543579 0.0949399 0.1536460 0.1106253 0.1397565 0.1206101 0.0633461 0.1283537 0.1188709 0.1310890 0.0978483 0.1464496 0.0975857 0.1061388 0.0706520 0.0858930 0.0376733 0.1063117 0.1417525 0.0757941 0.0016846 0.0068795 0.0993692 0.0637142 0.1338814 0.1144555 0.1043182 0.1128981 0.1142238 0.1165702 0.1049555 0.0882393 0.0955756 0.1145262 0.1288885 0.1012701 0.0945804 0.1181428 0.1148534 0.0839100 0.1050383 0.1273619 
S0478      0.6190476 0.4506362 0.5193426 0.1176416 0.1491273 0.1097682 0.1162823 0.0905355 0.0565573 0.1303836 0.0955006 0.0485813 0.1049126 0.1129998 0.1263455 0.0720568 0.1194691 0.1073595 0.0659959 0.1146877 0.0498148 0.1190721 0.1011026 0.1292105 0.0920557 0.0996428 0.0637143 0.1312709 0.0422035 0.0979568 0.1281974 0.1126385 0.0000000 0.1241226 0.1561372 0.1380590 0.1231167 0.0385579 0.1039423 0.0963836 0.0462207 0.0770760 0.0642870 0.0935343 0.0848435 0.1358425 0.1254720 0.1324603 0.1422931 0.1136214 0.2133687 0.1001789 0.1224422 0.1038360 0.0866915 0.0957731 0.0954554 0.1272994 0.1503302 0.0888786 0.1282747 0.0537841 0.0674732 0.1222465 0.0932920 0.1671709 0.1256568 0.2085770 0.1241145 0.1233108 0.1319561 0.1369743 0.1285642 0.1108135 0.1326188 0.1203780 0.1216654 0.1328161 0.1006009 0.1318502 0.0736732 0.1297449 0.1242915 0.1147769 0.1281526 0.1197818 0.1192073 0.0827247 0.1407881 0.1067315 0.0456977 0.0521250 0.0635224 0.1213270 0.0721469 0.0587863 0.1077090 0.1104453 0.1118833 0.0869748 0.1210467 0.1325910 0.1067142 0.0935044 0.0990613 0.1055487 0.1266333 0.1035952 0.0505602 0.0968090 0.1174364 0.0510667 0.1008725 0.1027843 0.0407511 0.1371151 0.0595118 0.0945761 0.1177969 
