117
CRNC          0.0000000 0.3236332 0.3241365 0.5814141 0.5005122 0.4003969 0.3820958 0.4192675 0.3721994 0.3672982 0.4393344 0.3613209 0.3292199 0.4087117 0.4801088 0.3293376 0.4066559 0.3709780 0.3653399 0.3566900 0.3564863 0.3849984 0.4001624 0.3886351 0.4029443 0.4212279 0.4175069 0.3599371 0.3745561 0.3897145 0.3689029 0.3515326 0.4021521 0.3928279 0.4129800 0.3908863 0.3989987 0.4165428 0.3817921 0.4248235 0.4174225 0.3843140 0.4357306 0.3660528 0.3703726 0.3494557 0.3653053 0.3528125 0.4139364 0.3289817 0.3577913 0.3869395 0.3536168 0.3549509 0.4329969 0.3525165 0.3971460 0.4479363 0.3978117 0.4153503 0.4013275 0.3211799 0.4380018 0.4095495 0.4146787 0.3708202 0.4440549 0.4288153 0.3561093 0.3890222 0.4083216 0.3615942 0.4140888 0.4798667 0.4030620 0.3630706 0.3532883 0.3839430 0.3645724 0.4071587 0.4049041 0.3147789 0.4024964 0.3560526 0.3986778 0.3365583 0.3950795 0.3682778 0.3853700 0.3885397 0.3488602 0.3850841 0.4071895 0.4028546 0.3598418 0.3488602 0.3996038 0.3938500 0.4135106 0.3956949 0.3355577 0.3677312 0.3295009 0.3804948 0.3464401 0.3898346 0.4104804 0.3990476 0.3327733 0.3158133 0.3646732 0.3877314 0.4058403 0.3980442 0.4124252 0.4122139 0.4014922 
HYZL          0.3236332 0.0000000 0.3401045 0.8503784 0.7316717 0.5076310 0.3603817 0.5257438 0.4826635 0.5891573 0.4752041 0.4671856 0.5879884 0.5977001 0.5415917 0.0000010 0.5415159 0.5057080 0.6102957 0.5441718 0.6136123 0.5556323 0.5554766 0.4761606 0.5137243 0.6122193 0.4942684 0.5331774 0.5001071 0.5770595 0.5567295 0.5057080 0.5667867 0.6188110 0.5365554 0.5449760 0.4630091 0.5066907 0.5918661 0.5074397 0.5483856 0.5012744 0.5843694 0.4515369 0.5122707 0.5915324 0.5021387 0.5152434 0.5257818 0.4952804 0.4806032 0.5066907 0.4843905 0.4807199 0.5972429 0.4276176 0.5232761 0.7622147 0.5562628 0.5123681 0.5542964 0.3683351 0.5593862 0.5975933 0.6208457 0.5075168 0.4961021 0.5616297 0.6259544 0.4656510 0.5977778 0.6184125 0.4988922 0.6105646 0.6992192 0.4767817 0.5694266 0.4689605 0.5174751 0.5777439 0.6737776 0.4936948 0.4859610 0.5466873 0.5066907 0.4777265 0.3378525 0.6097160 0.5575877 0.5575877 0.5057080 0.5240911 0.5317206 0.5253242 0.5057080 0.5057080 0.5066907 0.5424820 0.5858579 0.6004402 0.4342744 0.4349080 0.4107681 0.5123369 0.5090224 0.5565584 0.5915313 0.5268877 0.5266906 0.4570842 0.4781145 0.5550371 0.5129909 0.5430387 0.4341907 0.4459341 0.5079986 
MYZV          0.3241365 0.3401045 0.0000000 0.6010309 0.5849593 0.5818446 0.4551968 0.4848732 0.4422636 0.5130219 0.4993569 0.4715532 0.4679660 0.4698005 0.5528367 0.4281844 0.4636734 0.4001666 0.4790777 0.4510718 0.5394754 0.4314312 0.4511814 0.5374782 0.4971388 0.5390088 0.4686855 0.4258855 0.4716782 0.5323620 0.4767231 0.4075825 0.4429411 0.5248780 0.4425777 0.4630496 0.4635084 0.5131014 0.4922042 0.4707618 0.4348155 0.5001438 0.5272271 0.4465580 0.4301230 0.5282498 0.4669196 0.4091124 0.5098434 0.3959133 0.4530092 0.4777289 0.4357334 0.4491174 0.5202061 0.4304810 0.4999827 0.5767470 0.4354068 0.4661488 0.4494234 0.3288967 0.4600427 0.4243246 0.4295366 0.4211023 0.4395937 0.5049152 0.4960702 0.4627571 0.5104754 0.5008549 0.4502823 0.5092323 0.5747649 0.4580589 0.5196282 0.4573933 0.3911267 0.5113527 0.5141777 0.4454160 0.4679277 0.4959949 0.5215152 0.4636296 0.4427986 0.4261981 0.4524770 0.4435271 0.4041835 0.4275644 0.4900704 0.4695680 0.4167293 0.4041835 0.4926114 0.4379081 0.5557210 0.4181432 0.4583543 0.4726144 0.4138016 0.4121405 0.4552237 0.4435496 0.4468251 0.4390011 0.4709974 0.4478903 0.4604055 0.4823280 0.4790304 0.4407646 0.4771867 0.4336296 0.4936223 
SRR6441723    0.5814141 0.8503784 0.6010309 0.0000000 0.3161948 0.2233584 0.2910006 0.1370075 0.1698581 0.2226557 0.1389098 0.1779987 0.1611070 0.1227418 0.2306747 0.0447702 0.1763800 0.2323021 0.1797959 0.1648246 0.1987116 0.1230525 0.2643801 0.2197903 0.1709975 0.1811315 0.1946972 0.1598940 0.1665901 0.1990862 0.1947633 0.2311689 0.1800036 0.2529844 0.2077576 0.1626563 0.1753392 0.1901582 0.1826629 0.1473121 0.1422631 0.1914833 0.2439433 0.1488818 0.2333368 0.3081090 0.1762599 0.2397427 0.1808863 0.1539151 0.1610912 0.2047293 0.1501245 0.1669233 0.2002175 0.1571679 0.1544496 0.2614392 0.1623872 0.1446487 0.1430942 0.0996509 0.1989106 0.1801185 0.1863928 0.1939703 0.2331011 0.1592663 0.3227213 0.1978415 0.1793787 0.2193352 0.1681019 0.2038218 0.3437617 0.1667621 0.2992937 0.1839854 0.1932090 0.1456029 0.1776820 0.1670769 0.1156746 0.3037749 0.2079067 0.1935663 0.0782967 0.1784064 0.1582902 0.1593236 0.2295423 0.1386352 0.1651833 0.2278285 0.2387902 0.2295423 0.1798322 0.1975460 0.1619611 0.1093586 0.1821551 0.1500936 0.1291128 0.1273542 0.1599688 0.1517647 0.1368046 0.1016422 0.1658845 0.1935663 0.1673550 0.1740422 0.1440398 0.1605243 0.2160057 0.1605366 0.1761228 
ERR4210213    0.5005122 0.7316717 0.5849593 0.3161948 0.0000000 0.2334260 0.2741576 0.1686902 0.1305416 0.1826134 0.2125068 0.2283962 0.1121985 0.1568876 0.1721430 0.2410687 0.1472619 0.2249669 0.1681359 0.1044940 0.1170148 0.0688721 0.2401955 0.2286367 0.1902788 0.1225990 0.1460161 0.1428257 0.1875320 0.1612925 0.1044393 0.2210261 0.1874405 0.2404323 0.1389854 0.1084022 0.1884105 0.2036549 0.1441285 0.1100752 0.1730532 0.1933927 0.2339200 0.2010915 0.2281883 0.2116189 0.1781331 0.2359916 0.2233240 0.1568894 0.1655783 0.2002198 0.1647630 0.1631281 0.2258456 0.1872993 0.1458034 0.2842119 0.1346395 0.1432683 0.1097948 0.0567596 0.1881685 0.1879685 0.1829956 0.2133792 0.1790742 0.2421161 0.2099427 0.1595942 0.1462298 0.2237336 0.1779697 0.2438049 0.2639234 0.1755333 0.1976007 0.1561809 0.1943496 0.1534152 0.1843651 0.1526308 0.1564504 0.2098699 0.2151864 0.1796133 0.0000010 0.1205470 0.1686082 0.1686082 0.2210261 0.1122150 0.1205625 0.1423138 0.2210261 0.2210261 0.1884105 0.2158145 0.0988764 0.1008888 0.1935342 0.1729690 0.1295033 0.1204337 0.1525081 0.1082400 0.1170551 0.1510745 0.1475938 0.1796133 0.1746892 0.1333865 0.2165508 0.1546585 0.2023644 0.2017907 0.2144772 
ERR2789774    0.4003969 0.5076310 0.5818446 0.2233584 0.2334260 0.0000000 0.1922162 0.1128468 0.1131983 0.1593462 0.1135243 0.0518485 0.0888873 0.1135858 0.0839711 0.0602551 0.1491716 0.1646711 0.1225380 0.1324880 0.1144914 0.1128946 0.2133548 0.0693781 0.0494959 0.1303238 0.0893490 0.1187089 0.0857324 0.1574326 0.1340618 0.1639545 0.1239462 0.0929856 0.1510236 0.1065231 0.0482473 0.0555307 0.1203920 0.1079709 0.1221962 0.0679369 0.0696181 0.0805441 0.1746277 0.1741113 0.0611278 0.1645108 0.0494329 0.0960564 0.0741462 0.0668399 0.0797761 0.0794829 0.1395627 0.0739536 0.1135141 0.2088666 0.1092597 0.0990946 0.1176881 0.0953248 0.1316650 0.1232302 0.1363309 0.1179497 0.1191205 0.1468805 0.1839560 0.1289579 0.1376150 0.1758509 0.1117018 0.1558689 0.2055858 0.0794551 0.1826803 0.0981100 0.1274262 0.1402601 0.1437833 0.0733052 0.1139612 0.1920949 0.0623707 0.0866831 0.1355813 0.1362042 0.1067696 0.1073962 0.1629435 0.1010358 0.1256412 0.1765228 0.1705826 0.1629435 0.0492311 0.1552968 0.1302211 0.0942556 0.0445048 0.0392323 0.0839289 0.1038827 0.0679084 0.1052661 0.1052482 0.1085594 0.1228323 0.0866831 0.0675370 0.1194308 0.1329523 0.1190694 0.0722003 0.1320171 0.0483896 
PAFTOL_019361 0.3820958 0.3603817 0.4551968 0.2910006 0.2741576 0.1922162 0.0000000 0.1541141 0.1545409 0.1679583 0.1517486 0.1486499 0.1193875 0.1729262 0.1667748 0.1027850 0.1618801 0.1765128 0.1863945 0.1528215 0.1727637 0.1470680 0.1578718 0.1495617 0.1527032 0.1563823 0.1377336 0.1073331 0.1319436 0.1581897 0.1670673 0.1768555 0.1496942 0.1892613 0.2002939 0.1321926 0.1480736 0.1517116 0.1664345 0.1408943 0.1826753 0.1576022 0.1986259 0.1323097 0.1802302 0.1928035 0.1330441 0.1774738 0.1436675 0.1145902 0.1184068 0.1749810 0.1252434 0.1240249 0.1445061 0.1244665 0.1371023 0.2509287 0.1843244 0.1532507 0.1372262 0.1206495 0.1408536 0.1402125 0.1548022 0.1138058 0.1991831 0.1774728 0.1773349 0.1849298 0.1989941 0.1968078 0.1431762 0.1768517 0.1974532 0.1169561 0.1761034 0.1456822 0.1534409 0.1791206 0.1977082 0.1393926 0.1592419 0.1854215 0.1673494 0.1468540 0.1882259 0.1594913 0.1808194 0.1739901 0.1757253 0.1634804 0.1676714 0.2096928 0.1837365 0.1757253 0.1517116 0.1972696 0.1433429 0.1581340 0.1283330 0.1241706 0.1208531 0.1607570 0.1328142 0.1448753 0.1535200 0.1647443 0.1383455 0.1468540 0.1103220 0.1447666 0.1611183 0.1716483 0.1717756 0.1763451 0.1486858 
S0055         0.4192675 0.5257438 0.4848732 0.1370075 0.1686902 0.1128468 0.1541141 0.0000000 0.0730212 0.1049295 0.0740471 0.0975555 0.0537347 0.0492699 0.1113242 0.0296391 0.0922802 0.1267218 0.1025998 0.0833561 0.0989099 0.0554815 0.1357842 0.1087117 0.0806415 0.0888428 0.0813831 0.0707641 0.0727146 0.0908848 0.0895989 0.1269379 0.1061683 0.1052508 0.1426501 0.0715193 0.0785073 0.0801882 0.0919085 0.0439981 0.0746526 0.0794442 0.1161373 0.0842069 0.1362902 0.1658307 0.0663080 0.1336348 0.0800934 0.0668944 0.0671355 0.0991837 0.0669261 0.0724027 0.1207311 0.0849382 0.0610948 0.1662953 0.0751879 0.0604816 0.0604896 0.0475756 0.1068734 0.0933231 0.1061977 0.1019512 0.1130781 0.0966239 0.1662560 0.0741362 0.1018987 0.1113983 0.0947738 0.1146906 0.1854055 0.0727779 0.1651256 0.0521873 0.1113398 0.0923509 0.0945338 0.0789233 0.0373643 0.1740651 0.1079449 0.0919149 0.1198074 0.0792439 0.0739620 0.0743768 0.1261873 0.0684053 0.0918595 0.1579169 0.1332578 0.1261873 0.0801882 0.1238895 0.0874765 0.0381794 0.0817101 0.0566655 0.0106786 0.0485882 0.0667004 0.0428646 0.0605935 0.0380320 0.0652674 0.0919149 0.0669228 0.0724299 0.0837591 0.0728390 0.0992617 0.0910335 0.0787636 
S0196sl       0.3721994 0.4826635 0.4422636 0.1698581 0.1305416 0.1131983 0.1545409 0.0730212 0.0000000 0.0740594 0.0559265 0.0892608 0.0478474 0.0614843 0.1025075 0.1004061 0.0789532 0.1052753 0.0818665 0.0641484 0.0454943 0.0428195 0.0960544 0.1064383 0.0937408 0.0637939 0.0610385 0.0520635 0.0664655 0.0767813 0.0570722 0.1126842 0.0901237 0.1347534 0.1139694 0.0585317 0.0912192 0.0921527 0.0790012 0.0430591 0.0557284 0.0745216 0.1062731 0.0603107 0.1146442 0.1499235 0.0721685 0.1191758 0.0862174 0.0670228 0.0489084 0.1127442 0.0548092 0.0540999 0.1009427 0.0542444 0.0264857 0.1422473 0.0497196 0.0371987 0.0602404 0.0349393 0.0921868 0.0727206 0.0916002 0.0880270 0.1059558 0.0729315 0.1686671 0.0726787 0.0938790 0.1085156 0.0740232 0.1080921 0.1701024 0.0543576 0.1524108 0.0520899 0.0908659 0.0919125 0.0940718 0.0664669 0.0669832 0.1534285 0.1002211 0.0781496 0.0989583 0.0608034 0.0614739 0.0618125 0.1120315 0.0623767 0.0732228 0.1199641 0.1188565 0.1120315 0.0932046 0.1168924 0.0802716 0.0376503 0.0804578 0.0692146 0.0517249 0.0599281 0.0601752 0.0542870 0.0532361 0.0557982 0.0463838 0.0781496 0.0542514 0.0721362 0.0544874 0.0544122 0.0914983 0.0725645 0.0915279 
S0278         0.3672982 0.5891573 0.5130219 0.2226557 0.1826134 0.1593462 0.1679583 0.1049295 0.0740594 0.0000000 0.1085175 0.1264024 0.0534453 0.1156549 0.1402143 0.1390697 0.0665152 0.1574889 0.1186566 0.0639581 0.0844774 0.0935050 0.1601183 0.1441609 0.1304383 0.0692718 0.1169322 0.0580011 0.1062385 0.1200576 0.0816884 0.1662555 0.1132949 0.1494506 0.1741546 0.0521720 0.1338252 0.1280935 0.0786989 0.0932011 0.1084762 0.1206884 0.1544194 0.0933797 0.1693617 0.1612323 0.1124028 0.1735349 0.1288947 0.1026949 0.0867741 0.1510193 0.0933982 0.0921271 0.1225925 0.0865535 0.0742255 0.2129834 0.1092923 0.0669551 0.0932177 0.0881255 0.1270076 0.1134188 0.1345584 0.1319084 0.1631097 0.1280100 0.1616485 0.0999350 0.1401742 0.1521690 0.1094222 0.1544221 0.1710940 0.0926063 0.1605373 0.0679929 0.1334084 0.1355202 0.1464454 0.1135565 0.1065300 0.1694995 0.1439082 0.1189999 0.1838907 0.0724436 0.1148405 0.1086876 0.1652158 0.0890580 0.0546880 0.1805845 0.1729771 0.1652158 0.1296463 0.1501064 0.1016915 0.0959651 0.1077695 0.0961977 0.0762797 0.0992990 0.0990355 0.0857068 0.1125597 0.1024782 0.0337956 0.1189999 0.0923768 0.0658409 0.1063804 0.0997591 0.1301162 0.1272791 0.1343396 
S0281         0.4393344 0.4752041 0.4993569 0.1389098 0.2125068 0.1135243 0.1517486 0.0740471 0.0559265 0.1085175 0.0000000 0.0833926 0.0816316 0.0562213 0.1049156 0.0618834 0.0924321 0.1290516 0.0975378 0.0910797 0.0931220 0.0748131 0.1384322 0.1011516 0.0810895 0.0905767 0.1035006 0.0786742 0.0739751 0.0993807 0.1117682 0.1292765 0.1149420 0.1351874 0.1378696 0.0725101 0.0789316 0.0806311 0.0996190 0.0690315 0.0816689 0.0814427 0.1089075 0.0554826 0.1316099 0.1838366 0.0931275 0.1361048 0.0805355 0.0677330 0.0683011 0.0997576 0.0743416 0.0736526 0.1018335 0.0616448 0.0624358 0.1519074 0.0822637 0.0558498 0.0737003 0.0420443 0.1010889 0.1083630 0.1138212 0.0777905 0.1144782 0.0556780 0.1953250 0.1075336 0.1035169 0.1094144 0.0902329 0.1040731 0.1963417 0.0675103 0.1779074 0.0834197 0.1072114 0.1138188 0.1085230 0.0865252 0.0560609 0.1791336 0.0944342 0.0995193 0.0975111 0.1015830 0.0809023 0.0813638 0.1284986 0.0763865 0.0930459 0.1532053 0.1357121 0.1284986 0.0806311 0.1254106 0.0955511 0.0507738 0.0806370 0.0700755 0.0653346 0.0671229 0.0802449 0.0805657 0.0799424 0.0568014 0.0652508 0.0995193 0.0738584 0.0862621 0.0437678 0.0929962 0.0859178 0.0558038 0.0791906 
S0282         0.3613209 0.4671856 0.4715532 0.1779987 0.2283962 0.0518485 0.1486499 0.0975555 0.0892608 0.1264024 0.0833926 0.0000000 0.0709740 0.0832487 0.0403270 0.0798202 0.1172029 0.1401798 0.1294537 0.1014006 0.0953442 0.0901275 0.1679205 0.0053178 0.0160812 0.1058493 0.0663963 0.1014565 0.0572998 0.1243151 0.1164359 0.1404359 0.0898001 0.0840843 0.1421761 0.0813886 0.0331028 0.0160811 0.0968038 0.0705524 0.0982881 0.0584876 0.0221859 0.0573893 0.1506409 0.1514099 0.0455502 0.1409222 0.0276632 0.0571201 0.0454869 0.0327493 0.0514184 0.0443753 0.1004798 0.0510745 0.0830289 0.1802667 0.0854285 0.0694340 0.0951960 0.0697591 0.0786224 0.0782995 0.0914292 0.0806534 0.0792659 0.1085960 0.1463793 0.1044580 0.1198363 0.1507240 0.0861571 0.1164561 0.1821845 0.0512073 0.1609602 0.0626242 0.0906687 0.1022425 0.1118561 0.0512794 0.0904339 0.1703218 0.0106880 0.0638827 0.1139080 0.1120337 0.0839626 0.0844601 0.1395609 0.0776610 0.1097051 0.1580471 0.1471113 0.1395609 0.0160811 0.1310528 0.0975043 0.0706188 0.0000024 0.0226048 0.0608269 0.0816762 0.0454889 0.0827569 0.0822829 0.0770613 0.0890796 0.0638827 0.0391872 0.0826138 0.1024643 0.0957510 0.0282500 0.1023547 0.0332002 
S0289         0.3292199 0.5879884 0.4679660 0.1611070 0.1121985 0.0888873 0.1193875 0.0537347 0.0478474 0.0534453 0.0816316 0.0709740 0.0000000 0.0615975 0.0853670 0.0319042 0.0226577 0.1034796 0.0845660 0.0234412 0.0301767 0.0353867 0.1311778 0.0830564 0.0685497 0.0291520 0.0628719 0.0238562 0.0536907 0.0837531 0.0364321 0.1036627 0.0940368 0.0880631 0.1038661 0.0115777 0.0600322 0.0681326 0.0346841 0.0415997 0.0546379 0.0607332 0.0907270 0.0734052 0.1130905 0.1361128 0.0536163 0.1107136 0.0680422 0.0590127 0.0410386 0.0884814 0.0412814 0.0471066 0.0670266 0.0664856 0.0287427 0.1135454 0.0550525 0.0348359 0.0537506 0.0385281 0.0885170 0.0744343 0.0879229 0.0763724 0.1110511 0.1018303 0.1372396 0.0746305 0.0983874 0.1274249 0.0829901 0.1044564 0.1478993 0.0473720 0.1442013 0.0347900 0.0940897 0.0881239 0.0903974 0.0540981 0.0675568 0.1535569 0.0821197 0.0736726 0.0690030 0.0229645 0.0541034 0.0544231 0.1030074 0.0420212 0.0344724 0.1190990 0.1103958 0.1030074 0.0681326 0.0928514 0.0683961 0.0424457 0.0483891 0.0426689 0.0239703 0.0474678 0.0473982 0.0288179 0.0603401 0.0555810 0.0116447 0.0736726 0.0410386 0.0168973 0.0873702 0.0540564 0.0873434 0.0804581 0.0668228 
S0292         0.4087117 0.5977001 0.4698005 0.1227418 0.1568876 0.1135858 0.1729262 0.0492699 0.0614843 0.1156549 0.0562213 0.0832487 0.0615975 0.0000000 0.1206415 0.0464597 0.0937256 0.1127031 0.0829793 0.0766650 0.0916714 0.0434633 0.1448062 0.1091748 0.0811569 0.0759191 0.0894020 0.0712303 0.0788217 0.0912859 0.0907103 0.1130352 0.1135853 0.1352347 0.1210822 0.0657951 0.0789964 0.0878289 0.0864361 0.0498395 0.0686616 0.0883478 0.1254523 0.0666439 0.1219007 0.1750839 0.0793335 0.1195545 0.0732651 0.0740156 0.0674263 0.0998234 0.0668484 0.0727109 0.1083244 0.0729209 0.0495877 0.1413207 0.0691522 0.0490831 0.0487922 0.0413949 0.1147078 0.0937157 0.1060175 0.1027204 0.1073427 0.0711269 0.1849956 0.0811688 0.0885331 0.1072816 0.0955899 0.1309366 0.2067813 0.0726880 0.1837069 0.0667849 0.1051449 0.0790683 0.0814632 0.0666728 0.0268085 0.1916825 0.0940528 0.0922977 0.0813777 0.0816704 0.0676530 0.0680291 0.1123780 0.0499924 0.0859129 0.1444864 0.1192328 0.1123780 0.0806978 0.1103624 0.0614750 0.0105129 0.0816266 0.0702216 0.0337447 0.0262720 0.0669883 0.0608297 0.0377094 0.0000025 0.0802079 0.0922977 0.0729113 0.0800008 0.0665884 0.0610731 0.0993987 0.0788119 0.0792558 
S0293         0.4801088 0.5415917 0.5528367 0.2306747 0.1721430 0.0839711 0.1667748 0.1113242 0.1025075 0.1402143 0.1049156 0.0403270 0.0853670 0.1206415 0.0000000 0.0480463 0.1172770 0.1586133 0.1547378 0.1083556 0.1021466 0.0902439 0.1848889 0.0447269 0.0271416 0.1057858 0.0647111 0.1027129 0.0907868 0.1384418 0.1195996 0.1678400 0.1187665 0.0912260 0.1514477 0.0609041 0.0508792 0.0267194 0.1041537 0.0964701 0.1210396 0.0711296 0.0385306 0.0772003 0.1688862 0.1865369 0.0576718 0.1684456 0.0455708 0.0910233 0.0711158 0.0439996 0.0844560 0.0693082 0.1295306 0.0704313 0.0969734 0.2430210 0.1056319 0.0827325 0.1185029 0.0835781 0.1110599 0.1050351 0.1267490 0.1078948 0.0835664 0.1484777 0.2088564 0.1099147 0.1592974 0.1688334 0.0916320 0.1278804 0.1995037 0.0759546 0.1897298 0.1037961 0.1115012 0.1312885 0.1531733 0.0775527 0.1124702 0.1999989 0.0446075 0.0759773 0.1402567 0.1115562 0.1133435 0.1140510 0.1667381 0.1000868 0.1170654 0.1503369 0.1679729 0.1667381 0.0269984 0.1646523 0.1128839 0.0921457 0.0335374 0.0223606 0.0817400 0.1038601 0.0646543 0.0964862 0.0957269 0.1068261 0.0886003 0.0759773 0.0708755 0.0955608 0.1249311 0.1178088 0.0285682 0.1402673 0.0510385 
S0294         0.3293376 0.0000010 0.4281844 0.0447702 0.2410687 0.0602551 0.1027850 0.0296391 0.1004061 0.1390697 0.0618834 0.0798202 0.0319042 0.0464597 0.0480463 0.0000000 0.1155153 0.1407702 0.1629020 0.0628626 0.0886180 0.0634985 0.2337633 0.0990816 0.0290065 0.0987367 0.1055663 0.0795024 0.0447702 0.1234684 0.0711525 0.1390657 0.1455380 0.0453340 0.1148762 0.0486959 0.0600884 0.0452930 0.0783019 0.0672502 0.0797602 0.0462935 0.1039589 0.0624268 0.1563275 0.1357087 0.0447957 0.1367291 0.0294230 0.0326214 0.0454335 0.0760570 0.0609600 0.0454335 0.0969265 0.0624268 0.0807220 0.1177632 0.0653487 0.0987367 0.0959908 0.0649977 0.0854867 0.0829136 0.0994698 0.0662631 0.0148474 0.0609035 0.1970478 0.1006466 0.1037928 0.1409482 0.1236229 0.1007295 0.1575240 0.0447702 0.1548442 0.0565182 0.1561269 0.0961224 0.0971686 0.0792805 0.0306694 0.1580871 0.0997694 0.1163673 0.0514580 0.1223619 0.0785311 0.0797602 0.1367291 0.0644894 0.0773342 0.1586754 0.1573046 0.1367291 0.0290065 0.1178047 0.0818806 0.0622979 0.0798202 0.0294230 0.0302988 0.0605993 0.0617437 0.0296503 0.0803312 0.0454335 0.0807426 0.0981758 0.0461407 0.0621553 0.0462209 0.0797602 0.0318610 0.0448685 0.0290065 
S0299         0.4066559 0.5415159 0.4636734 0.1763800 0.1472619 0.1491716 0.1618801 0.0922802 0.0789532 0.0665152 0.0924321 0.1172029 0.0226577 0.0937256 0.1172770 0.1155153 0.0000000 0.1339208 0.1096056 0.0570643 0.0706045 0.0554591 0.1649125 0.1276473 0.1144238 0.0623819 0.0881905 0.0580218 0.0979492 0.1180015 0.0693882 0.1420558 0.1261202 0.1429563 0.1424503 0.0278611 0.1112579 0.1124259 0.0541181 0.0608827 0.0668385 0.1143911 0.1344071 0.1040952 0.1519787 0.1736684 0.0911628 0.1489692 0.1062952 0.0932095 0.0790802 0.1342349 0.0854861 0.0843466 0.1119013 0.0972025 0.0669239 0.1561154 0.0673037 0.0599718 0.0729582 0.0735082 0.1254887 0.1120740 0.1329360 0.1091723 0.1604113 0.1398411 0.1778788 0.0987631 0.1304599 0.1681594 0.1143486 0.1493518 0.1696183 0.0915339 0.1766375 0.0456152 0.1318134 0.1060858 0.1224453 0.0920896 0.0928451 0.1860112 0.1274059 0.1044089 0.1362957 0.0550708 0.0726167 0.0669503 0.1411975 0.0685663 0.0483345 0.1343470 0.1485277 0.1411975 0.1137492 0.1327822 0.0933759 0.0750428 0.0859803 0.0820079 0.0641924 0.0791433 0.0785706 0.0664743 0.0913068 0.0812152 0.0397069 0.1044089 0.0845743 0.0479242 0.1178955 0.0669033 0.1205611 0.1117244 0.1116564 
S0303         0.3709780 0.5057080 0.4001666 0.2323021 0.2249669 0.1646711 0.1765128 0.1267218 0.1052753 0.1574889 0.1290516 0.1401798 0.1034796 0.1127031 0.1586133 0.1407702 0.1339208 0.0000000 0.0886609 0.0911169 0.1198233 0.1060390 0.1650348 0.1513559 0.1289102 0.1251441 0.1238587 0.0916406 0.1115398 0.1562646 0.1098366 0.0051501 0.1287064 0.1735069 0.1015081 0.0926107 0.1252856 0.1281366 0.1134525 0.1001271 0.0951029 0.1226001 0.1697550 0.1252930 0.0105260 0.1891183 0.1116623 0.0103442 0.1280021 0.0885269 0.0990439 0.1492211 0.1053493 0.1043763 0.1512636 0.1179528 0.0995848 0.1493913 0.1024262 0.0985415 0.1035963 0.0357194 0.1213706 0.1208546 0.1344746 0.1246600 0.1202758 0.1189791 0.2006065 0.1181526 0.1146226 0.0949066 0.1233937 0.1620852 0.2048600 0.1049211 0.1992036 0.0957890 0.1195705 0.1391366 0.1070340 0.1043763 0.1336777 0.2005730 0.1438993 0.1182074 0.1425842 0.1006773 0.1006941 0.1012830 0.0051242 0.1083346 0.1326449 0.1154462 0.0103269 0.0051242 0.1281366 0.1027515 0.1153849 0.1074775 0.1148337 0.1032036 0.0908632 0.1038560 0.0919687 0.0992762 0.1177894 0.1134357 0.1149937 0.1182074 0.1046520 0.1189744 0.1117747 0.1062739 0.1447746 0.1319449 0.1257520 
S0308         0.3653399 0.6102957 0.4790777 0.1797959 0.1681359 0.1225380 0.1863945 0.1025998 0.0818665 0.1186566 0.0975378 0.1294537 0.0845660 0.0829793 0.1547378 0.1629020 0.1096056 0.0886609 0.0000000 0.0936667 0.0959504 0.0761202 0.1443296 0.1409459 0.1183707 0.1001106 0.0991135 0.0590057 0.1011867 0.1303951 0.0929200 0.0812058 0.1316693 0.1632922 0.0883483 0.0741039 0.1149875 0.1176493 0.0956523 0.0765362 0.0760415 0.1119577 0.1513667 0.1016615 0.0817352 0.1683085 0.1012950 0.0874122 0.1175187 0.0827082 0.0885763 0.1389092 0.0874737 0.0940364 0.1188187 0.0945733 0.0761238 0.1189197 0.0765966 0.0753056 0.0681215 0.0424502 0.1319403 0.1313547 0.1455878 0.1217076 0.1653880 0.1086251 0.1792583 0.1017185 0.0753561 0.0625887 0.1061522 0.1512978 0.1995813 0.0945400 0.1780002 0.0762104 0.1221691 0.1096873 0.0810506 0.0738574 0.0959031 0.1792271 0.1334296 0.0998025 0.1838499 0.0829847 0.0753259 0.0757559 0.0807463 0.0842308 0.1090612 0.1018926 0.0872004 0.0807463 0.1176493 0.0830044 0.0911137 0.0706373 0.1112795 0.0914572 0.0867165 0.0807518 0.0879853 0.0947985 0.0942617 0.0833674 0.0964095 0.0998025 0.0942954 0.0951726 0.1007981 0.0693127 0.1337673 0.1012824 0.1154162 
S0320         0.3566900 0.5441718 0.4510718 0.1648246 0.1044940 0.1324880 0.1528215 0.0833561 0.0641484 0.0639581 0.0910797 0.1014006 0.0234412 0.0766650 0.1083556 0.0628626 0.0570643 0.0911169 0.0936667 0.0000000 0.0536612 0.0512726 0.1232775 0.1198941 0.0908872 0.0218240 0.0924294 0.0348721 0.0753186 0.0771828 0.0528732 0.0907236 0.1017642 0.1408232 0.1045034 0.0286006 0.0949975 0.0979632 0.0565200 0.0640301 0.0641737 0.0987509 0.1381696 0.0889347 0.0985990 0.1578322 0.0823188 0.0972438 0.0976221 0.0836106 0.0626496 0.1105314 0.0630302 0.0690485 0.1046480 0.0820462 0.0452273 0.1169980 0.0717957 0.0448913 0.0629965 0.0293403 0.1115976 0.0901210 0.1027427 0.1133321 0.1109463 0.1025619 0.1597053 0.0830537 0.0919910 0.1138814 0.1051393 0.1339647 0.1810568 0.0623018 0.1585732 0.0623660 0.1154870 0.0895695 0.0918536 0.0758538 0.0768816 0.1664622 0.1045103 0.0884234 0.0475498 0.0514848 0.0701802 0.0701796 0.0901880 0.0518246 0.0383613 0.1276475 0.0969916 0.0901880 0.0903492 0.1148169 0.0713100 0.0585159 0.0778127 0.0660800 0.0407324 0.0630240 0.0694645 0.0505011 0.0760227 0.0718838 0.0289326 0.0755781 0.0692469 0.0387168 0.0893449 0.0699753 0.1195407 0.0947606 0.0953347 
S0327         0.3564863 0.6136123 0.5394754 0.1987116 0.1170148 0.1144914 0.1727637 0.0989099 0.0454943 0.0844774 0.0931220 0.0953442 0.0301767 0.0916714 0.1021466 0.0886180 0.0706045 0.1198233 0.0959504 0.0536612 0.0000000 0.0513244 0.1407997 0.1071563 0.0925854 0.0461181 0.0796234 0.0602981 0.0774767 0.1105856 0.0287836 0.1217498 0.1033199 0.1452418 0.1221129 0.0353461 0.0909106 0.0920275 0.0455712 0.0645182 0.0863296 0.0940108 0.1069799 0.0908837 0.1306449 0.1789094 0.0771944 0.1288134 0.0999450 0.0711293 0.0650335 0.1126151 0.0712938 0.0706051 0.0999979 0.0838247 0.0582870 0.1698402 0.0794037 0.0578472 0.0842084 0.0436762 0.1053537 0.0969530 0.1103760 0.0930891 0.1274120 0.0985698 0.1908366 0.1064400 0.1086071 0.1469295 0.0915362 0.1218486 0.2052981 0.0709927 0.1894163 0.0695612 0.0959128 0.1041121 0.1234623 0.0780409 0.0995494 0.1979958 0.0988992 0.0980778 0.0682593 0.0516077 0.0854740 0.0859894 0.1209883 0.0656138 0.0699126 0.1375205 0.1284328 0.1209883 0.0920275 0.1192239 0.0796424 0.0589965 0.0791587 0.0738785 0.0618003 0.0776718 0.0710406 0.0575422 0.0826581 0.0870921 0.0422290 0.0980778 0.0708123 0.0514214 0.0846224 0.0847015 0.1123905 0.0980131 0.0981376 
S0335         0.3849984 0.5556323 0.4314312 0.1230525 0.0688721 0.1128946 0.1470680 0.0554815 0.0428195 0.0935050 0.0748131 0.0901275 0.0353867 0.0434633 0.0902439 0.0634985 0.0554591 0.1060390 0.0761202 0.0512726 0.0513244 0.0000000 0.1118170 0.1085011 0.0806756 0.0566584 0.0560973 0.0455389 0.0662786 0.0774969 0.0570308 0.1063487 0.0896473 0.1204551 0.0994622 0.0401400 0.0785403 0.0873033 0.0608581 0.0378466 0.0622023 0.0879769 0.1083320 0.0789436 0.1149846 0.1587511 0.0666963 0.1127843 0.0805799 0.0594803 0.0551186 0.0992255 0.0546552 0.0603575 0.1004166 0.0725009 0.0437065 0.1343849 0.0560490 0.0548138 0.0372408 0.0287335 0.0991222 0.0723619 0.0839602 0.0802799 0.1126560 0.0976969 0.1681800 0.0806711 0.0683289 0.1082196 0.0737270 0.1064023 0.1818513 0.0603432 0.1519685 0.0522150 0.0833034 0.0546660 0.0684578 0.0545140 0.0496245 0.1606845 0.1004801 0.0792026 0.0798084 0.0433659 0.0612987 0.0616353 0.1057354 0.0558336 0.0543765 0.1076195 0.1124878 0.1057354 0.0802219 0.1028364 0.0499120 0.0156771 0.0682938 0.0571025 0.0335419 0.0317382 0.0547625 0.0314285 0.0368235 0.0385735 0.0531675 0.0792026 0.0605263 0.0548953 0.0851579 0.0490183 0.1075761 0.0846034 0.0787965 
S0376         0.4001624 0.5554766 0.4511814 0.2643801 0.2401955 0.2133548 0.1578718 0.1357842 0.0960544 0.1601183 0.1384322 0.1679205 0.1311778 0.1448062 0.1848889 0.2337633 0.1649125 0.1650348 0.1443296 0.1232775 0.1407997 0.1118170 0.0000000 0.1873115 0.1718599 0.1378529 0.1360815 0.1035612 0.1420019 0.0555661 0.1309886 0.1638436 0.1589536 0.2011112 0.2125814 0.1351986 0.1664845 0.1684520 0.1407837 0.1048052 0.1377767 0.1789630 0.1871643 0.1341209 0.1669812 0.1912307 0.1421934 0.1712888 0.1614391 0.1242577 0.1200047 0.1784854 0.1275640 0.1256920 0.1570033 0.1261472 0.1029633 0.2225178 0.1306301 0.1109721 0.1182717 0.1005844 0.1580460 0.1338368 0.1569279 0.1461106 0.2076171 0.1661957 0.2133936 0.1403123 0.1506840 0.1692289 0.1193099 0.1596185 0.2257608 0.1264168 0.1946881 0.1025120 0.1323759 0.1589540 0.1529404 0.1325827 0.1256960 0.2048954 0.1870477 0.1318383 0.2560671 0.1181542 0.1455590 0.1465131 0.1627945 0.1368052 0.1580500 0.2112470 0.1707273 0.1627945 0.1707054 0.1695513 0.1423764 0.1061959 0.1545988 0.1419539 0.1110922 0.1329989 0.1271466 0.1262961 0.1094369 0.1302860 0.1198010 0.1318383 0.1260334 0.1487096 0.1414300 0.1347055 0.1818334 0.1719840 0.1672127 
S0400         0.3886351 0.4761606 0.5374782 0.2197903 0.2286367 0.0693781 0.1495617 0.1087117 0.1064383 0.1441609 0.1011516 0.0053178 0.0830564 0.1091748 0.0447269 0.0990816 0.1276473 0.1513559 0.1409459 0.1198941 0.1071563 0.1085011 0.1873115 0.0000000 0.0266114 0.1165736 0.0773664 0.1138711 0.0811364 0.1427096 0.1354566 0.1600318 0.1170686 0.1024648 0.1620297 0.0856857 0.0498267 0.0262057 0.1078925 0.0811805 0.1095173 0.0695664 0.0269437 0.0745598 0.1707558 0.1521986 0.0564495 0.1605832 0.0446241 0.0913948 0.0621290 0.0431179 0.0751137 0.0609724 0.1263196 0.0680574 0.0935675 0.2226968 0.0967147 0.0799123 0.1134032 0.0903551 0.1029084 0.1029913 0.1241969 0.1138529 0.0906951 0.1428360 0.1558407 0.1150438 0.1481497 0.1620999 0.1051530 0.1517025 0.1818362 0.0748066 0.1701344 0.0763698 0.1231436 0.1193589 0.1396104 0.0686029 0.1015408 0.1793962 0.0156599 0.0748286 0.1392589 0.1232811 0.1022958 0.1029041 0.1590316 0.0892979 0.1282361 0.1684962 0.1667466 0.1590316 0.0264729 0.1511467 0.1164967 0.0896394 0.0052247 0.0276872 0.0793505 0.0994937 0.0563721 0.1008323 0.0931829 0.0960984 0.1009436 0.0748286 0.0559435 0.0993967 0.1203676 0.1067220 0.0399275 0.1278490 0.0499790 
S0405         0.4029443 0.5137243 0.4971388 0.1709975 0.1902788 0.0494959 0.1527032 0.0806415 0.0937408 0.1304383 0.0810895 0.0160812 0.0685497 0.0811569 0.0271416 0.0290065 0.1144238 0.1289102 0.1183707 0.0908872 0.0925854 0.0806756 0.1718599 0.0266114 0.0000000 0.0878971 0.0577247 0.0844927 0.0554569 0.1206180 0.1128586 0.1283584 0.1024619 0.0677386 0.1298771 0.0654664 0.0208301 0.0050610 0.0875122 0.0755955 0.0888162 0.0442689 0.0322754 0.0558435 0.1378430 0.1469231 0.0323644 0.1287862 0.0213222 0.0619279 0.0442673 0.0152317 0.0497664 0.0432134 0.1044191 0.0497105 0.0810974 0.1763427 0.0764601 0.0678423 0.0856336 0.0614810 0.0971597 0.0895606 0.1020970 0.0841770 0.0566130 0.1127508 0.1562116 0.1019750 0.1168001 0.1299418 0.0842110 0.1194226 0.1765151 0.0495681 0.1551288 0.0681188 0.0941167 0.1041926 0.1090527 0.0437792 0.0813954 0.1640759 0.0209004 0.0560544 0.0966411 0.1019533 0.0747687 0.0751932 0.1275916 0.0687521 0.0992439 0.1541397 0.1347450 0.1275916 0.0000029 0.1190615 0.0954700 0.0628404 0.0158783 0.0052923 0.0522902 0.0728141 0.0384336 0.0737331 0.0737420 0.0759870 0.0874317 0.0560544 0.0441343 0.0804384 0.0996267 0.0865985 0.0221413 0.0989543 0.0208865 
S0407sl       0.4212279 0.6122193 0.5390088 0.1811315 0.1225990 0.1303238 0.1563823 0.0888428 0.0637939 0.0692718 0.0905767 0.1058493 0.0291520 0.0759191 0.1057858 0.0987367 0.0623819 0.1251441 0.1001106 0.0218240 0.0461181 0.0566584 0.1378529 0.1165736 0.0878971 0.0000000 0.0902922 0.0280277 0.0871511 0.0915572 0.0586030 0.1245969 0.1134441 0.1390333 0.1249575 0.0221241 0.1004131 0.0947164 0.0618432 0.0630293 0.0773499 0.1051347 0.1333293 0.0878279 0.1268745 0.1626409 0.0877390 0.1314838 0.1031792 0.0895289 0.0753591 0.1068747 0.0746914 0.0807833 0.1089227 0.0810289 0.0382852 0.1600917 0.0779251 0.0384053 0.0682988 0.0490185 0.1314242 0.1091329 0.1219793 0.1189890 0.1158117 0.1087985 0.1643289 0.0959605 0.1191793 0.1261389 0.1044634 0.1411771 0.1773104 0.0740569 0.1556647 0.0610629 0.1209383 0.0931008 0.1112362 0.0812547 0.0894059 0.1560686 0.0940926 0.0941426 0.1211128 0.0568955 0.0761677 0.0694364 0.1238384 0.0510167 0.0435406 0.1492629 0.1311036 0.1238384 0.0873936 0.1213269 0.0832708 0.0640136 0.0823957 0.0708736 0.0529415 0.0683848 0.0748575 0.0558145 0.0878858 0.0774498 0.0348895 0.0941426 0.0805248 0.0498192 0.0954763 0.0754045 0.1167825 0.1081903 0.1007710 
S0412sl       0.4175069 0.4942684 0.4686855 0.1946972 0.1460161 0.0893490 0.1377336 0.0813831 0.0610385 0.1169322 0.1035006 0.0663963 0.0628719 0.0894020 0.0647111 0.1055663 0.0881905 0.1238587 0.0991135 0.0924294 0.0796234 0.0560973 0.1360815 0.0773664 0.0577247 0.0902922 0.0000000 0.0878079 0.0626333 0.1218526 0.0858986 0.1319862 0.0660430 0.0966005 0.1197333 0.0539660 0.0561965 0.0567642 0.0814937 0.0561464 0.0896578 0.0639815 0.0569485 0.0685635 0.1418330 0.1491823 0.0382937 0.1324374 0.0509669 0.0494668 0.0446548 0.0760443 0.0567673 0.0500096 0.0845717 0.0621486 0.0623556 0.1727046 0.0696831 0.0739364 0.0688268 0.0548941 0.0701982 0.0698278 0.0894234 0.0776506 0.1150120 0.1221018 0.1605037 0.0892143 0.0903852 0.1351694 0.0644493 0.1060362 0.1793755 0.0565362 0.1595757 0.0534274 0.0817462 0.1087449 0.1045095 0.0445766 0.0812345 0.1688443 0.0771776 0.0625669 0.1684403 0.0758884 0.0891934 0.0822053 0.1311758 0.0840260 0.0952756 0.1188783 0.1385564 0.1311758 0.0573998 0.1132428 0.0898067 0.0567667 0.0519985 0.0340783 0.0657668 0.0805468 0.0445583 0.0745340 0.0609416 0.0767117 0.0874142 0.0625669 0.0445195 0.0872832 0.1005829 0.0623477 0.0610339 0.1077325 0.0563727 
S0417         0.3599371 0.5331774 0.4258855 0.1598940 0.1428257 0.1187089 0.1073331 0.0707641 0.0520635 0.0580011 0.0786742 0.1014565 0.0238562 0.0712303 0.1027129 0.0795024 0.0580218 0.0916406 0.0590057 0.0348721 0.0602981 0.0455389 0.1035612 0.1138711 0.0844927 0.0280277 0.0878079 0.0000000 0.0699745 0.0812021 0.0287333 0.0974674 0.0958061 0.1199624 0.1044420 0.0351937 0.0896535 0.0914759 0.0574590 0.0651942 0.0723402 0.0855472 0.1310448 0.0705023 0.0992122 0.1143726 0.0769399 0.1040616 0.0921446 0.0494124 0.0581831 0.1039790 0.0576668 0.0636995 0.0775393 0.0638861 0.0396914 0.1089496 0.0728842 0.0396768 0.0507635 0.0499270 0.0915304 0.0773643 0.0833151 0.0725866 0.1054987 0.0898235 0.1218246 0.0772716 0.0851386 0.0973361 0.0784490 0.1069599 0.1178373 0.0571682 0.1066590 0.0338225 0.0760914 0.0826134 0.0779028 0.0633392 0.0773974 0.1146598 0.1053593 0.0764141 0.1170766 0.0220683 0.0712212 0.0716379 0.0968881 0.0523813 0.0448451 0.1275479 0.1037854 0.0968881 0.0839951 0.0798685 0.0717895 0.0526218 0.0784259 0.0666068 0.0351588 0.0572539 0.0640856 0.0392552 0.0765272 0.0658456 0.0357108 0.0764141 0.0638858 0.0335084 0.0768509 0.0518012 0.1205659 0.0828021 0.0899709 
S0419         0.3745561 0.5001071 0.4716782 0.1665901 0.1875320 0.0857324 0.1319436 0.0727146 0.0664655 0.1062385 0.0739751 0.0572998 0.0536907 0.0788217 0.0907868 0.0447702 0.0979492 0.1115398 0.1011867 0.0753186 0.0774767 0.0662786 0.1420019 0.0811364 0.0554569 0.0871511 0.0626333 0.0699745 0.0000000 0.0896393 0.0958067 0.1110795 0.0711247 0.0926371 0.1258569 0.0517633 0.0540454 0.0615994 0.0783097 0.0669484 0.0736932 0.0620435 0.0957642 0.0428683 0.1197382 0.1280537 0.0428367 0.1114343 0.0553874 0.0347523 0.0156402 0.0730189 0.0155194 0.0154600 0.0671895 0.0371175 0.0666073 0.1626351 0.0742145 0.0659399 0.0711618 0.0465840 0.0745802 0.0677510 0.0794984 0.0693435 0.1194900 0.0902199 0.1365925 0.0924025 0.0999276 0.1343898 0.0561267 0.0821826 0.1551500 0.0154603 0.1356837 0.0519639 0.0667039 0.1033237 0.1057490 0.0425873 0.0788610 0.1439505 0.0739008 0.0544881 0.0782967 0.0860718 0.0726204 0.0730204 0.1104452 0.0671660 0.0901634 0.1491867 0.1171644 0.1104452 0.0551574 0.1151694 0.0863242 0.0610631 0.0498523 0.0324738 0.0445880 0.0707910 0.0373837 0.0598278 0.0716670 0.0737842 0.0644483 0.0544881 0.0155053 0.0843365 0.0780009 0.0600634 0.0722476 0.0775032 0.0428001 
S0427         0.3897145 0.5770595 0.5323620 0.1990862 0.1612925 0.1574326 0.1581897 0.0908848 0.0767813 0.1200576 0.0993807 0.1243151 0.0837531 0.0912859 0.1384418 0.1234684 0.1180015 0.1562646 0.1303951 0.0771828 0.1105856 0.0774969 0.0555661 0.1427096 0.1206180 0.0915572 0.1218526 0.0812021 0.0896393 0.0000000 0.1146561 0.1565615 0.1443487 0.1472986 0.1743138 0.0884447 0.1171101 0.1198700 0.1175169 0.0709880 0.0989355 0.1286518 0.1624818 0.0964272 0.1575122 0.1726807 0.1031455 0.1639341 0.1197354 0.0938987 0.0765972 0.1268335 0.0768142 0.0826013 0.1267192 0.0893423 0.0691092 0.1793385 0.0996998 0.0761411 0.0826570 0.0697892 0.1357201 0.1204628 0.1347814 0.1320030 0.1594404 0.1317383 0.1840256 0.0894943 0.1212571 0.1604761 0.1049023 0.1266457 0.2014064 0.0750439 0.1743975 0.0780527 0.1335740 0.1180524 0.1210583 0.1030188 0.0903576 0.1839578 0.1426342 0.1081816 0.1485994 0.1127992 0.0979533 0.0985469 0.1555636 0.0843474 0.1103146 0.1834153 0.1634060 0.1555636 0.1198700 0.1629376 0.0970566 0.0719232 0.1133800 0.1012373 0.0672449 0.0821877 0.0895745 0.0832664 0.0959671 0.0854364 0.0813516 0.1081816 0.0828363 0.1030958 0.1169413 0.0963629 0.1364794 0.1162319 0.1175559 
S0428sl       0.3689029 0.5567295 0.4767231 0.1947633 0.1044393 0.1340618 0.1670673 0.0895989 0.0570722 0.0816884 0.1117682 0.1164359 0.0364321 0.0907103 0.1195996 0.0711525 0.0693882 0.1098366 0.0929200 0.0528732 0.0287836 0.0570308 0.1309886 0.1354566 0.1128586 0.0586030 0.0858986 0.0287333 0.0958067 0.1146561 0.0000000 0.1179241 0.1160703 0.1482738 0.1188137 0.0414812 0.1096111 0.1121663 0.0690956 0.0757687 0.0916080 0.1050232 0.1361371 0.1021872 0.1189241 0.1428774 0.0959077 0.1247498 0.1120384 0.0754463 0.0831590 0.1334779 0.0828836 0.0886763 0.1123408 0.0950424 0.0639602 0.1495041 0.0907086 0.0567823 0.0693829 0.0616281 0.1155340 0.0956006 0.1088143 0.1055006 0.1402828 0.1241440 0.1517091 0.0750954 0.1042627 0.1258631 0.0899781 0.1245241 0.1448374 0.0747594 0.1421984 0.0541735 0.0945702 0.1104718 0.0984031 0.0826814 0.0971843 0.1509738 0.1344789 0.0874758 0.1071855 0.0272170 0.0907086 0.0912511 0.1172091 0.0651439 0.0683323 0.1337382 0.1243957 0.1172091 0.1121663 0.1009388 0.0983523 0.0649047 0.0983458 0.0864029 0.0537209 0.0763195 0.0825971 0.0568193 0.0885821 0.0855223 0.0413563 0.0874758 0.0889254 0.0505506 0.1096146 0.0771924 0.1201588 0.1170643 0.1100194 
S0430         0.3515326 0.5057080 0.4075825 0.2311689 0.2210261 0.1639545 0.1768555 0.1269379 0.1126842 0.1662555 0.1292765 0.1404359 0.1036627 0.1130352 0.1678400 0.1390657 0.1420558 0.0051501 0.0812058 0.0907236 0.1217498 0.1063487 0.1638436 0.1600318 0.1283584 0.1245969 0.1319862 0.0974674 0.1110795 0.1565615 0.1179241 0.0000000 0.1289413 0.1727423 0.1010802 0.0927643 0.1247635 0.1358550 0.1136411 0.1075170 0.0952556 0.1228116 0.1790280 0.1255036 0.0051484 0.1963568 0.1118437 0.0050613 0.1282235 0.0872880 0.0992011 0.1485799 0.1049146 0.1045415 0.1515411 0.1181465 0.1069263 0.1544630 0.1025950 0.1057925 0.1031757 0.0355634 0.1292965 0.1210596 0.1339026 0.1241174 0.1197420 0.1184831 0.2067125 0.1258183 0.1203208 0.0868170 0.1236080 0.1613631 0.2125055 0.1044889 0.2052710 0.0964365 0.1252100 0.1395541 0.1126716 0.0962428 0.1339099 0.2066774 0.1441591 0.1102144 0.1408381 0.1069304 0.1002725 0.1008566 0.0000010 0.1078757 0.1320880 0.1232924 0.0050532 0.0000010 0.1275914 0.1084907 0.1155799 0.1070256 0.1150265 0.1033748 0.0904723 0.1034331 0.0921109 0.0988660 0.1179821 0.1136235 0.1232502 0.1102144 0.1048187 0.1263908 0.1119566 0.1064465 0.1537411 0.1313941 0.1252257 
S0552sl       0.4021521 0.5667867 0.4429411 0.1800036 0.1874405 0.1239462 0.1496942 0.1061683 0.0901237 0.1132949 0.1149420 0.0898001 0.0940368 0.1135853 0.1187665 0.1455380 0.1261202 0.1287064 0.1316693 0.1017642 0.1033199 0.0896473 0.1589536 0.1170686 0.1024619 0.1134441 0.0660430 0.0958061 0.0711247 0.1443487 0.1160703 0.1289413 0.0000000 0.1479101 0.1509490 0.0963971 0.0994561 0.1018216 0.1112312 0.0851019 0.1230148 0.1031750 0.1174494 0.0651949 0.1389680 0.1613482 0.0782245 0.1293944 0.1016984 0.0233664 0.0658206 0.1233735 0.0716394 0.0714579 0.0716025 0.0718812 0.1060700 0.1848585 0.1154119 0.1048876 0.0904898 0.0639080 0.0109529 0.0220519 0.0107707 0.0403928 0.1401776 0.1196251 0.1641719 0.1054083 0.1064306 0.1607930 0.0342109 0.0594716 0.1768801 0.0718545 0.1712864 0.0791394 0.0508967 0.1430583 0.1194688 0.0917937 0.1132489 0.1810057 0.1161910 0.0923303 0.1619044 0.0968054 0.1217417 0.1137990 0.1281296 0.1156098 0.1176559 0.1672248 0.1356757 0.1281296 0.1018216 0.1616409 0.1297019 0.0842899 0.0800333 0.0677076 0.0748175 0.1113487 0.0849632 0.0832997 0.1029182 0.0999009 0.1127708 0.0923303 0.0588686 0.1179318 0.1050000 0.1132614 0.1018645 0.1272063 0.0998280 
