115
HYZL          0.0000000 0.2052426 0.4115794 0.4263242 0.3037317 0.3611226 0.4564084 0.5326697 0.3805250 0.3946958 0.4226440 0.3900055 0.4875641 0.4290572 0.4275849 0.4276311 0.3998878 0.4203010 0.4310449 0.3944764 0.3659266 0.3973586 0.4137375 0.4411499 0.4140593 0.4050173 0.3728781 0.3980871 0.4284123 0.4588527 0.3881021 0.3945016 0.4190849 0.4043556 0.4043487 0.3956322 0.3877993 0.4548973 0.4409665 0.4679959 0.5043029 0.4690202 0.3754184 0.4284123 0.4460389 0.4409464 0.4419128 0.4029261 0.3785565 0.3968431 0.3947029 0.3749275 0.3565720 0.3929646 0.4094763 0.4543803 0.4433446 0.4302928 0.4176422 0.4818146 0.4178957 0.4035204 0.3792790 0.3752303 0.3684656 0.4179853 0.4107122 0.4407266 0.4350588 0.4798078 0.4424996 0.3686941 0.3688221 0.4108478 0.3818455 0.4074636 0.5251099 0.4040494 0.5258760 0.4719957 0.3995569 0.4008064 0.3366292 0.3904143 0.3970472 0.3881915 0.4203964 0.4046139 0.4202357 0.4254199 0.4070406 0.4294051 0.4130631 0.4209092 0.3833844 0.4579685 0.4157932 0.3586929 0.4011312 0.4110269 0.3902262 0.3937879 0.3417306 0.4147920 0.3893498 0.3853843 0.4611791 0.3954731 0.3777020 0.4304897 0.4140487 0.3954192 0.3961947 0.4096380 0.3932412 
MYZV          0.2052426 0.0000000 0.5384686 0.5422164 0.4354807 0.4056916 0.5219137 0.5561620 0.4778471 0.4743375 0.4794867 0.4608215 0.6522146 0.5276255 0.5075306 0.5188810 0.4308581 0.5208786 0.4479366 0.5031973 0.3819558 0.4658477 0.4717027 0.5260190 0.4844996 0.4374980 0.4923071 0.4607190 0.5208786 0.4892091 0.4668665 0.4512456 0.5485148 0.3596470 0.4578601 0.4696821 0.4593615 0.4939568 0.4969766 0.5462941 0.6053785 0.5573672 0.4519082 0.5307330 0.5025455 0.4914372 0.5367653 0.4773929 0.4827202 0.4833632 0.4944597 0.4702237 0.4208223 0.4675084 0.4765738 0.5025973 0.4879211 0.4789240 0.4888913 0.5175603 0.4862172 0.4851890 0.4651690 0.4526019 0.4551643 0.5264186 0.4920205 0.4980394 0.5026581 0.5072454 0.5002922 0.4635361 0.4940792 0.4766973 0.4790299 0.4454609 0.6045068 0.5070085 0.5869258 0.4988991 0.4511915 0.4662342 0.2888147 0.4631066 0.4539340 0.5188656 0.4508929 0.4612777 0.4968898 0.5311962 0.4403797 0.4439482 0.5209025 0.5177607 0.4488428 0.5201762 0.4753826 0.4393938 0.4986766 0.4686107 0.4543861 0.4358632 0.4178062 0.5107028 0.4865661 0.4805675 0.5002342 0.4464270 0.4750024 0.5263007 0.4891629 0.4385561 0.4769512 0.5095880 0.4777070 
SRR6441723    0.4115794 0.5384686 0.0000000 0.0889752 0.2250744 0.0533550 0.1316911 0.1729927 0.0910614 0.0648965 0.1084795 0.0725176 0.1188122 0.1068011 0.1304525 0.0929631 0.1086152 0.1280926 0.1058164 0.0647045 0.0600270 0.0796704 0.0734746 0.1122961 0.1079526 0.0853631 0.0814121 0.0978157 0.1245587 0.0921686 0.0832798 0.0834219 0.1045854 0.1599862 0.0963468 0.0837859 0.0701075 0.1196490 0.0979247 0.1006720 0.1672969 0.0663202 0.0927473 0.1318462 0.1305166 0.1131385 0.1268809 0.0620509 0.0845928 0.0670591 0.0938342 0.0843136 0.0981601 0.1017742 0.1134225 0.1145068 0.0913116 0.0788280 0.0989252 0.1558130 0.1091546 0.0936254 0.0706500 0.0812638 0.0866641 0.1348136 0.0839346 0.1258423 0.1092317 0.1128235 0.0865905 0.0830952 0.0945910 0.1263446 0.0784572 0.1244740 0.1418436 0.0845263 0.0643942 0.1095393 0.0675461 0.0731530 0.1331910 0.0649006 0.0886536 0.0858809 0.0934225 0.0743870 0.0864079 0.1314304 0.0891196 0.1084412 0.1054099 0.1447248 0.0647117 0.1078837 0.0592373 0.0571183 0.0671192 0.0702148 0.0745278 0.0663960 0.0370952 0.0695313 0.0482326 0.0586579 0.1201944 0.0719392 0.0816468 0.0985840 0.0864222 0.0821036 0.0652385 0.0953184 0.0781899 
ERR2789774    0.4263242 0.5422164 0.0889752 0.0000000 0.2367520 0.0741078 0.1142920 0.2081735 0.1111320 0.0441285 0.1250019 0.1109955 0.0527684 0.1025952 0.1355982 0.1312432 0.1239629 0.1331634 0.1310317 0.1229003 0.0776822 0.0553867 0.0523340 0.1308493 0.1133685 0.1187433 0.1011435 0.1023140 0.1294600 0.1249247 0.1229806 0.0995983 0.1286789 0.1848809 0.1346739 0.0657870 0.0546189 0.1531137 0.1267817 0.1388603 0.1845676 0.0372793 0.1001170 0.1371031 0.1285534 0.1286167 0.1429782 0.0469420 0.1038120 0.0490889 0.0976728 0.1006375 0.1301837 0.1094409 0.1349532 0.1539598 0.1225118 0.1128705 0.1290536 0.1731535 0.1284917 0.1352106 0.1037663 0.1211277 0.1250334 0.1247271 0.1007168 0.1207068 0.1293896 0.1528235 0.1268800 0.1204809 0.1290863 0.1250251 0.0971988 0.1191383 0.1617803 0.1255874 0.1080306 0.1490035 0.0852007 0.0984250 0.1552370 0.0441311 0.0776562 0.1119266 0.1144695 0.1075845 0.1195823 0.1366524 0.1164606 0.1315857 0.1174011 0.1429405 0.0544733 0.1426988 0.1039916 0.0999951 0.0516587 0.0467770 0.1087210 0.1129265 0.0487197 0.0921126 0.0768135 0.1050089 0.1265894 0.0586063 0.1006617 0.1220311 0.1032930 0.1093820 0.0443568 0.1095400 0.0880921 
PAFTOL_019361 0.3037317 0.4354807 0.2250744 0.2367520 0.0000000 0.1806979 0.2820653 0.3631079 0.2352829 0.2061567 0.2216854 0.2123762 0.2489928 0.2732751 0.2575233 0.2212337 0.2350978 0.2642821 0.2310201 0.2093449 0.2024746 0.2194629 0.2171723 0.2560110 0.2319174 0.2142882 0.2238838 0.2460927 0.2580906 0.2004322 0.2295905 0.2228196 0.2137103 0.3526047 0.2312405 0.2068439 0.2245330 0.2571895 0.2408959 0.2555379 0.3554636 0.2217843 0.2207487 0.2710109 0.1979311 0.2553697 0.2693711 0.2176477 0.2343541 0.2094741 0.2170330 0.2160870 0.2260982 0.2313703 0.2366974 0.2683204 0.2318303 0.2240890 0.2459990 0.2897370 0.2474771 0.2213784 0.2182589 0.2199447 0.2271669 0.2947390 0.2374188 0.1993403 0.2275533 0.2657235 0.2368521 0.2042501 0.2082982 0.1842939 0.2229534 0.1867147 0.3035458 0.2240657 0.2557320 0.2657235 0.2169218 0.2067378 0.1825390 0.2076497 0.2321347 0.2870205 0.2406586 0.2139361 0.2353560 0.2530936 0.2264348 0.2503314 0.2209687 0.2823142 0.2063126 0.2425583 0.2163028 0.1980654 0.2299113 0.2154472 0.2131703 0.2046057 0.1827910 0.1939539 0.2000872 0.2092136 0.2269955 0.2004817 0.2216184 0.2354668 0.2417218 0.2037831 0.2172901 0.2474722 0.2154738 
S0055         0.3611226 0.4056916 0.0533550 0.0741078 0.1806979 0.0000000 0.0801213 0.1308975 0.0670577 0.0392108 0.0660201 0.0552604 0.0734246 0.0745669 0.0980648 0.0691152 0.0712628 0.0956674 0.0662598 0.0558694 0.0142076 0.0448854 0.0498738 0.0689180 0.0652063 0.0551324 0.0580981 0.0552118 0.0924238 0.0675804 0.0594754 0.0452371 0.0778664 0.1097030 0.0592352 0.0546601 0.0495851 0.0897534 0.0646121 0.0807258 0.1216179 0.0512916 0.0630960 0.0990851 0.0898041 0.0786240 0.0986685 0.0419839 0.0610825 0.0467700 0.0638130 0.0608867 0.0770922 0.0715707 0.0780957 0.0833733 0.0638778 0.0444243 0.0686040 0.1147363 0.0854950 0.0604673 0.0479398 0.0489542 0.0542136 0.0901248 0.0661240 0.0818364 0.0687073 0.0919434 0.0757410 0.0561887 0.0731009 0.0881801 0.0552860 0.0839104 0.1056120 0.0614274 0.0649558 0.0887534 0.0363797 0.0524902 0.0865028 0.0392132 0.0560107 0.0598059 0.0548820 0.0436580 0.0528304 0.0987876 0.0530183 0.0676746 0.0777004 0.1121703 0.0443119 0.0829588 0.0533981 0.0450255 0.0496692 0.0442314 0.0292004 0.0467194 0.0047647 0.0348718 0.0391164 0.0500861 0.0789712 0.0478435 0.0582674 0.0721946 0.0686236 0.0458218 0.0394135 0.0772858 0.0409713 
S0196sl       0.4564084 0.5219137 0.1316911 0.1142920 0.2820653 0.0801213 0.0000000 0.1085407 0.0704988 0.1010616 0.1101842 0.1197697 0.0964990 0.1303599 0.1397923 0.1472261 0.0833277 0.1357774 0.1198060 0.1378122 0.0514226 0.1023532 0.1065714 0.1147218 0.1098038 0.1044729 0.0525956 0.0879108 0.1302185 0.0898378 0.0951417 0.1094694 0.1411594 0.1574878 0.0950540 0.1148752 0.1054246 0.1161432 0.0782757 0.1058035 0.0915887 0.1256792 0.0769828 0.1357774 0.1885020 0.1223335 0.1357784 0.0966340 0.0484663 0.0958239 0.0287917 0.0441890 0.0922539 0.0727303 0.1156541 0.1542159 0.0883760 0.0852509 0.1140710 0.1870187 0.1347466 0.1108850 0.0745679 0.0917530 0.0904122 0.1312461 0.0818441 0.1756510 0.1467141 0.1595655 0.1378768 0.0925464 0.0949681 0.1729188 0.0481333 0.1506070 0.1526874 0.1014911 0.1487451 0.1535900 0.0913507 0.0871859 0.1597417 0.0915914 0.1066307 0.1140813 0.0911790 0.0728577 0.0839567 0.1410356 0.0828351 0.1164204 0.1307530 0.1444966 0.1006845 0.1541531 0.1080733 0.0942618 0.1152158 0.1049538 0.0931193 0.1010983 0.0722842 0.0699294 0.1052115 0.1109697 0.0917548 0.1083118 0.0524626 0.1196983 0.0856581 0.0730108 0.1019256 0.0814919 0.1088388 
S0278         0.5326697 0.5561620 0.1729927 0.2081735 0.3631079 0.1308975 0.1085407 0.0000000 0.1719423 0.1633304 0.1118584 0.1607207 0.1157821 0.1862080 0.2052090 0.1675883 0.1019761 0.1950131 0.1032226 0.1870793 0.0810763 0.1713997 0.1744658 0.1034960 0.2044958 0.0789518 0.1665951 0.1623370 0.1905394 0.0933074 0.1458411 0.1714454 0.1752181 0.1674900 0.0778498 0.1700959 0.1698061 0.0936181 0.1032238 0.1348916 0.1955299 0.2506446 0.1652945 0.1998244 0.2224462 0.1821382 0.1988558 0.1608759 0.1624975 0.1696833 0.1705724 0.1634152 0.1663764 0.1766116 0.1037162 0.1850432 0.1193324 0.0935703 0.1836781 0.1354399 0.1987147 0.1599017 0.1159235 0.1523928 0.1467287 0.2138143 0.1733214 0.2184624 0.1898805 0.1710166 0.1678530 0.1578397 0.1719186 0.2076083 0.1626440 0.2037021 0.2332560 0.1502499 0.2050484 0.1669404 0.1564957 0.1289396 0.0904114 0.1565207 0.1691806 0.0927132 0.0837416 0.1019967 0.1172281 0.1990857 0.0854039 0.0766286 0.1603577 0.2046137 0.1631533 0.1729815 0.1711677 0.1477579 0.1737051 0.1740198 0.1579052 0.1410164 0.1258370 0.1149079 0.1450687 0.1578354 0.1201022 0.1672382 0.1632501 0.1103667 0.1761408 0.1124554 0.1643380 0.1803750 0.1800324 
S0281         0.3805250 0.4778471 0.0910614 0.1111320 0.2352829 0.0670577 0.0704988 0.1719423 0.0000000 0.0813469 0.1206781 0.0846273 0.1182189 0.1279003 0.1220794 0.1004547 0.0964812 0.1197510 0.0967205 0.0961159 0.0759465 0.0850380 0.0933635 0.1144926 0.1052232 0.1008544 0.0306490 0.1001346 0.1163533 0.1049321 0.0853242 0.0932479 0.1098689 0.1744767 0.1030129 0.0987976 0.0954725 0.1269073 0.1040268 0.1197135 0.1891918 0.0847091 0.0451384 0.1233523 0.1287702 0.1104107 0.1228330 0.0811910 0.0305872 0.0893587 0.0330346 0.0304996 0.1068355 0.0477692 0.1164364 0.1205904 0.1009138 0.0940255 0.1009152 0.1560115 0.0995447 0.0898525 0.0764504 0.0891797 0.0864963 0.1380606 0.0350945 0.1175858 0.1114824 0.1175117 0.1070002 0.1043937 0.1128601 0.1187594 0.0255759 0.1173017 0.1420844 0.0933650 0.0993050 0.1141465 0.0813021 0.0730932 0.1203839 0.0813524 0.1003964 0.1115261 0.0999989 0.0895135 0.0980027 0.1229748 0.1073474 0.1084808 0.0973094 0.1361605 0.0868134 0.1138341 0.0916482 0.0689306 0.0956429 0.0898244 0.0945726 0.0928423 0.0560689 0.0754780 0.0758804 0.0821442 0.1287627 0.0972471 0.0281131 0.1118071 0.0374156 0.0882205 0.0817824 0.0424343 0.0918773 
S0282         0.3946958 0.4743375 0.0648965 0.0441285 0.2061567 0.0392108 0.1010616 0.1633304 0.0813469 0.0000000 0.0929566 0.0783485 0.0218206 0.0694191 0.1271598 0.0992766 0.0868539 0.1248026 0.0953020 0.0951348 0.0362576 0.0206841 0.0182704 0.0954509 0.0796616 0.0817374 0.0727622 0.0699727 0.1213083 0.0947848 0.0880053 0.0669613 0.1085988 0.1488452 0.0922284 0.0300867 0.0204681 0.1179494 0.0884625 0.1082077 0.1439050 0.0034777 0.0691758 0.1285110 0.1073888 0.0904110 0.1279598 0.0112917 0.0752842 0.0157643 0.0780116 0.0750431 0.1007475 0.0775424 0.0963979 0.1214365 0.0903923 0.0746191 0.0886673 0.1466255 0.1105586 0.0984124 0.0735905 0.0860356 0.0893709 0.0875244 0.0720129 0.0997307 0.0915167 0.1178824 0.1066866 0.0883831 0.0999422 0.1037196 0.0693936 0.1018874 0.1300987 0.0962081 0.0888687 0.1145074 0.0556917 0.0727458 0.1037332 0.0089697 0.0377352 0.0897866 0.0810670 0.0732772 0.0849756 0.1281088 0.0794649 0.0922189 0.1023405 0.1424826 0.0181089 0.1149478 0.0735867 0.0682650 0.0204998 0.0158389 0.0702411 0.0832599 0.0241316 0.0569172 0.0530818 0.0730757 0.1092607 0.0185532 0.0724441 0.0933251 0.0746365 0.0750444 0.0090106 0.0802785 0.0561410 
S0289         0.4226440 0.4794867 0.1084795 0.1250019 0.2216854 0.0660201 0.1101842 0.1118584 0.1206781 0.0929566 0.0000000 0.1011267 0.0942545 0.1242312 0.1327858 0.1147613 0.0692783 0.1304865 0.0695812 0.1081438 0.0954896 0.1090583 0.0959873 0.0455752 0.1320004 0.0380234 0.1161826 0.0985122 0.1270171 0.0439256 0.1069916 0.1032282 0.1180556 0.1795299 0.0464607 0.1071078 0.1043335 0.0697231 0.0670127 0.0887140 0.1871993 0.1335182 0.1212810 0.1341723 0.1361208 0.1184900 0.1336068 0.0963053 0.1197448 0.0952855 0.1133566 0.1164895 0.1066791 0.1308685 0.0756147 0.1374269 0.0727575 0.0538880 0.1089909 0.0890269 0.1184357 0.1031496 0.0733385 0.0991625 0.0987957 0.1496131 0.1220074 0.1320540 0.1080904 0.1190328 0.1161864 0.1065380 0.1185907 0.1280006 0.1129328 0.1296658 0.1135775 0.0958879 0.1250066 0.1157674 0.1014955 0.0837476 0.1155904 0.0929632 0.1248542 0.0983844 0.0402402 0.0586757 0.0731582 0.1337581 0.0459331 0.0570924 0.1117658 0.1376174 0.0985559 0.1273877 0.1124641 0.0843670 0.1045222 0.1016739 0.0879026 0.0943231 0.0641270 0.0392880 0.0890621 0.0956465 0.0736082 0.1036869 0.1133048 0.0402020 0.1245647 0.0572856 0.0934625 0.1280400 0.1018374 
S0292         0.3900055 0.4608215 0.0725176 0.1109955 0.2123762 0.0552604 0.1197697 0.1607207 0.0846273 0.0783485 0.1011267 0.0000000 0.1156957 0.1043377 0.1327344 0.0806319 0.0909299 0.1303886 0.0896590 0.0821550 0.0602978 0.0936900 0.0873658 0.0986553 0.1095613 0.0818886 0.0749137 0.1024463 0.1268506 0.0796749 0.0741394 0.0821790 0.0864179 0.1713500 0.0835016 0.0918963 0.0896047 0.0999230 0.0970529 0.0993605 0.1542981 0.0933160 0.0858508 0.1341481 0.1320830 0.0969655 0.1365182 0.0815144 0.0807015 0.0833903 0.0834571 0.0804404 0.0880235 0.0946138 0.0997768 0.0979591 0.0818752 0.0783600 0.0889791 0.1429573 0.1148243 0.0832533 0.0645891 0.0714066 0.0710768 0.1155859 0.0834574 0.1211735 0.1008955 0.1003774 0.0905442 0.0818217 0.0931246 0.1279707 0.0747123 0.1231365 0.1056057 0.0808883 0.0863660 0.0972136 0.0720703 0.0587871 0.1429784 0.0783537 0.0970100 0.0756417 0.0869917 0.0591213 0.0625966 0.1337257 0.0854458 0.0889706 0.0896460 0.1440599 0.0837731 0.0916462 0.0752648 0.0113461 0.0925179 0.0840716 0.0733074 0.0635163 0.0474772 0.0689227 0.0505824 0.0112384 0.1098200 0.0887769 0.0778210 0.0956818 0.0859318 0.0778485 0.0787663 0.0890261 0.0798469 
S0293         0.4875641 0.6522146 0.1188122 0.0527684 0.2489928 0.0734246 0.0964990 0.1157821 0.1182189 0.0218206 0.0942545 0.1156957 0.0000000 0.0455298 0.1564361 0.1687068 0.0998900 0.1414380 0.1298402 0.1543090 0.0000010 0.0276845 0.0279650 0.1092918 0.1178712 0.0858519 0.1005854 0.0711359 0.1414380 0.1025379 0.1086310 0.0860712 0.1668926 0.0000010 0.1014056 0.0333178 0.0106804 0.1323815 0.0867453 0.1380853 0.0835159 0.0098151 0.0992395 0.1414380 0.1102620 0.1326949 0.1506089 0.0162670 0.1066577 0.0216217 0.0917807 0.0917807 0.1002819 0.1141244 0.0857462 0.1872829 0.1176338 0.0679140 0.1148695 0.0882307 0.1325741 0.1171113 0.0934952 0.1175318 0.1205140 0.0771390 0.1154949 0.1062037 0.1119617 0.1774954 0.1778708 0.1077415 0.1467747 0.1114060 0.0917807 0.1245588 0.2286733 0.1226666 0.1526750 0.1675858 0.0841951 0.1260332 0.0000010 0.0106804 0.0393218 0.1244022 0.0726394 0.1043137 0.0957859 0.1509373 0.0809437 0.0955430 0.1561188 0.1712530 0.0273572 0.1725562 0.1195330 0.1008049 0.0275392 0.0161474 0.0930800 0.0992963 0.0424688 0.0553831 0.0859496 0.1020469 0.1013277 0.0223155 0.0917807 0.1029029 0.1147495 0.0833229 0.0163150 0.1074669 0.0726925 
S0294         0.4290572 0.5276255 0.1068011 0.1025952 0.2732751 0.0745669 0.1303599 0.1862080 0.1279003 0.0694191 0.1242312 0.1043377 0.0455298 0.0000000 0.1470977 0.1344592 0.1236076 0.1412818 0.1291157 0.1289126 0.0776050 0.0815363 0.0809129 0.1175554 0.1158530 0.1120902 0.1172428 0.1014699 0.1410237 0.1173593 0.1202271 0.0848372 0.1317794 0.1734224 0.1083588 0.0826330 0.0830351 0.1417519 0.1138522 0.1412383 0.1664145 0.0836370 0.1225969 0.1451986 0.1610725 0.1217560 0.1480471 0.0724574 0.1138671 0.0771910 0.1205701 0.1204176 0.1244081 0.1260029 0.1184803 0.1496068 0.1185855 0.1032659 0.1110296 0.1697905 0.1392422 0.1276942 0.0973663 0.1142330 0.1212080 0.0731683 0.1262204 0.1525890 0.1063714 0.1591081 0.1395134 0.1165984 0.1289855 0.1616332 0.1139581 0.1519669 0.1362365 0.1151780 0.1329114 0.1553114 0.0747158 0.0928639 0.1841340 0.0694236 0.0926221 0.1046596 0.1049958 0.0949597 0.0976455 0.1482175 0.1009980 0.1208434 0.1408966 0.1565798 0.0747063 0.1422330 0.1115459 0.0939498 0.0831793 0.0716213 0.0872083 0.0978848 0.0472573 0.0883501 0.0788073 0.0988172 0.1455031 0.0767390 0.1143369 0.1215058 0.1288056 0.1091447 0.0697824 0.1260467 0.0917309 
S0303         0.4275849 0.5075306 0.1304525 0.1355982 0.2575233 0.0980648 0.1397923 0.2052090 0.1220794 0.1271598 0.1327858 0.1327344 0.1564361 0.1470977 0.0000000 0.1394732 0.1365302 0.0110909 0.1388240 0.1344057 0.0861495 0.1450543 0.1304983 0.1614483 0.1566927 0.1209967 0.1286758 0.1267660 0.0088258 0.1416261 0.1329741 0.1243708 0.1397096 0.0443948 0.1328333 0.1265774 0.1333688 0.1646001 0.1362015 0.1570397 0.2040008 0.1400043 0.1219945 0.0133972 0.1685034 0.1622185 0.0178922 0.1208367 0.1290810 0.1234406 0.1291107 0.1258478 0.1380098 0.1252910 0.1397136 0.1429120 0.1537173 0.1249736 0.1597173 0.1980909 0.0467534 0.1454953 0.1203822 0.1312149 0.1370329 0.1608168 0.1278772 0.1633165 0.1534275 0.1444301 0.1278958 0.1322880 0.1417224 0.1567479 0.1253091 0.1564412 0.1870665 0.1388674 0.1175682 0.1408628 0.1146019 0.1080512 0.1535709 0.1211036 0.1492985 0.1152984 0.1318175 0.1257621 0.1283229 0.0133665 0.1146296 0.1491917 0.1365755 0.0251276 0.1270378 0.1290121 0.1309239 0.1183226 0.1366393 0.1304335 0.1374768 0.1255066 0.0899234 0.1061729 0.1135095 0.1298698 0.1606871 0.1297206 0.1227927 0.1407184 0.1304399 0.1179780 0.1278817 0.1339644 0.1312634 
S0308         0.4276311 0.5188810 0.0929631 0.1312432 0.2212337 0.0691152 0.1472261 0.1675883 0.1004547 0.0992766 0.1147613 0.0806319 0.1687068 0.1344592 0.1394732 0.0000000 0.1112855 0.1371262 0.1115150 0.0977481 0.0773065 0.1126285 0.1013863 0.1132424 0.1204847 0.0958535 0.0961799 0.1159946 0.1335121 0.0975062 0.0990507 0.1040040 0.0351592 0.1832035 0.0887923 0.1136588 0.1108872 0.1073237 0.1090036 0.1103068 0.1950297 0.0945195 0.1012506 0.1409723 0.1524862 0.1286477 0.1433458 0.1027140 0.0995411 0.1075805 0.1024489 0.0992016 0.1304261 0.1104529 0.1144661 0.0514442 0.1025615 0.0866503 0.1008049 0.1493223 0.1343644 0.1039438 0.0942186 0.1032429 0.1026751 0.1514466 0.1018488 0.1414315 0.1337461 0.0487550 0.0379010 0.1129411 0.1241175 0.1450897 0.0930832 0.1357924 0.1339259 0.1089543 0.1057268 0.0460878 0.0896655 0.0869023 0.1332703 0.0992839 0.1135137 0.0952707 0.1039946 0.0851461 0.0911100 0.1405223 0.0941801 0.0977216 0.0353335 0.1540465 0.1020902 0.0435700 0.1025498 0.0679205 0.1021768 0.0995486 0.1001941 0.0887885 0.0610690 0.0808640 0.0777959 0.0784660 0.1215245 0.1046068 0.0964597 0.1133136 0.1043869 0.0861219 0.0998230 0.1108295 0.0979848 
S0320         0.3998878 0.4308581 0.1086152 0.1239629 0.2350978 0.0712628 0.0833277 0.1019761 0.0964812 0.0868539 0.0692783 0.0909299 0.0998900 0.1236076 0.1365302 0.1112855 0.0000000 0.1372281 0.0568073 0.1118480 0.0529373 0.1033559 0.0998433 0.0543078 0.1260066 0.0491682 0.0967577 0.0969925 0.1333823 0.0563165 0.0835220 0.0994177 0.1117001 0.1589369 0.0503753 0.0934481 0.1023194 0.0813456 0.0668417 0.0808544 0.1679767 0.1331199 0.0958256 0.1413245 0.1422232 0.1115331 0.1406718 0.0877222 0.0965804 0.0927760 0.1029055 0.0936665 0.1026708 0.0951761 0.0633894 0.1258809 0.0604244 0.0491375 0.1119698 0.1031019 0.1296079 0.0904278 0.0666473 0.0811575 0.0799955 0.1338450 0.1019829 0.1410937 0.1162254 0.1140501 0.1022840 0.0959251 0.1017116 0.1309168 0.0929957 0.1248755 0.1109661 0.0905160 0.1256937 0.1104697 0.0903418 0.0669093 0.0950995 0.0842733 0.0973787 0.0760965 0.0513460 0.0453877 0.0638686 0.1408441 0.0410723 0.0610373 0.0945138 0.1522210 0.0870803 0.1254878 0.1063662 0.0799410 0.1025155 0.0962309 0.0885249 0.0784204 0.0656772 0.0551786 0.0842847 0.0851402 0.0515940 0.0951813 0.0965667 0.0629683 0.1049520 0.0558335 0.0875929 0.1082747 0.1011307 
S0322         0.4203010 0.5208786 0.1280926 0.1331634 0.2642821 0.0956674 0.1357774 0.1950131 0.1197510 0.1248026 0.1304865 0.1303886 0.1414380 0.1412818 0.0110909 0.1371262 0.1372281 0.0000000 0.1427209 0.1319351 0.0868752 0.1426821 0.1281398 0.1524388 0.1543061 0.1186313 0.1263418 0.1244145 0.0021958 0.1392487 0.1368915 0.1220058 0.1373602 0.0447357 0.1239645 0.1242291 0.1310175 0.1688724 0.1338521 0.1546856 0.2052577 0.1410825 0.1196671 0.0021958 0.1729884 0.1598911 0.0111309 0.1184780 0.1267407 0.1271583 0.1267709 0.1235083 0.1356370 0.1229607 0.1373630 0.1405217 0.1513631 0.1224879 0.1574192 0.1956423 0.0443917 0.1496286 0.1180296 0.1351473 0.1410200 0.1543753 0.1255575 0.1608492 0.1510792 0.1420633 0.1317052 0.1299004 0.1393446 0.1611386 0.1229781 0.1540103 0.1885019 0.1365312 0.1216246 0.1384986 0.1152498 0.1056938 0.1550353 0.1187399 0.1469159 0.1111929 0.1294842 0.1233186 0.1259447 0.0066521 0.1122647 0.1468074 0.1342248 0.0181888 0.1246828 0.1266245 0.1285580 0.1159498 0.1342883 0.1280763 0.1351139 0.1231726 0.0875065 0.1036012 0.1111668 0.1275187 0.1583362 0.1273232 0.1204511 0.1320230 0.1281297 0.1155552 0.1255135 0.1316509 0.1287892 
S0327         0.4310449 0.4479366 0.1058164 0.1310317 0.2310201 0.0662598 0.1198060 0.1032226 0.0967205 0.0953020 0.0695812 0.0896590 0.1298402 0.1291157 0.1388240 0.1115150 0.0568073 0.1427209 0.0000000 0.1114341 0.0867887 0.1114278 0.1047489 0.0688114 0.1268519 0.0479789 0.0991699 0.1051029 0.1390689 0.0545626 0.0980296 0.0984081 0.1211071 0.1698040 0.0544268 0.0925729 0.1101021 0.0697571 0.0696726 0.0828189 0.1800008 0.1228692 0.0985116 0.1466113 0.1318778 0.1130323 0.1523104 0.0932145 0.1025660 0.1037447 0.1054915 0.0964488 0.1099194 0.1072681 0.0722507 0.1314065 0.0664706 0.0534297 0.1127762 0.0973761 0.1271443 0.0895521 0.0788271 0.0924656 0.0892010 0.1362214 0.1015924 0.1276000 0.0899023 0.1170919 0.1062647 0.0967069 0.1084273 0.1218668 0.0960460 0.1195243 0.1224599 0.1016243 0.1118826 0.1137398 0.0953916 0.0788808 0.0960979 0.0899131 0.1025811 0.1090066 0.0552133 0.0526303 0.0727575 0.1461414 0.0585588 0.0620185 0.1087520 0.1611413 0.0954653 0.1183368 0.0920371 0.0821331 0.1103026 0.0985518 0.0936721 0.0981404 0.0664210 0.0508469 0.0924567 0.0869681 0.0769229 0.1036886 0.0994588 0.0718689 0.1043988 0.0572122 0.0960707 0.1137630 0.1064452 
S0335         0.3944764 0.5031973 0.0647045 0.1229003 0.2093449 0.0558694 0.1378122 0.1870793 0.0961159 0.0951348 0.1081438 0.0821550 0.1543090 0.1289126 0.1344057 0.0977481 0.1118480 0.1319351 0.1114341 0.0000000 0.0595317 0.0994201 0.1048629 0.1024061 0.1184959 0.0863371 0.1051064 0.1070793 0.1281916 0.0877671 0.0814577 0.0849457 0.0912123 0.1584569 0.0948318 0.1135768 0.1044531 0.1219755 0.1029948 0.1052951 0.1920527 0.1144754 0.1104774 0.1359172 0.1364010 0.1272929 0.1336872 0.0921113 0.1087538 0.0975930 0.1118709 0.1054019 0.1041014 0.1203910 0.1261661 0.1129445 0.0896708 0.0816765 0.1166917 0.1494655 0.1031519 0.0960105 0.0779545 0.0797385 0.0854021 0.1521313 0.1037925 0.1317935 0.1231638 0.1086083 0.0974581 0.0975258 0.1094240 0.1280031 0.1017635 0.1260080 0.1548426 0.0929470 0.0862283 0.1052277 0.0892496 0.0774198 0.1033355 0.0954040 0.1228347 0.0942903 0.0981030 0.0745483 0.0934272 0.1287171 0.0967428 0.1070608 0.1049061 0.1457409 0.1013188 0.1093891 0.0645372 0.0718935 0.1046523 0.1017065 0.0943891 0.0796556 0.0559613 0.0728318 0.0709313 0.0732917 0.1170379 0.1010390 0.1054292 0.1044451 0.1067387 0.0824312 0.0959449 0.1165919 0.0995591 
S0345         0.3659266 0.3819558 0.0600270 0.0776822 0.2024746 0.0142076 0.0514226 0.0810763 0.0759465 0.0362576 0.0954896 0.0602978 0.0000010 0.0776050 0.0861495 0.0773065 0.0529373 0.0868752 0.0867887 0.0595317 0.0000000 0.0366402 0.0439388 0.0846848 0.0539628 0.0942581 0.0600552 0.0441585 0.0775204 0.0850832 0.0446318 0.0359190 0.0691769 0.1058328 0.0738700 0.0522772 0.0679979 0.0942581 0.0527771 0.0686971 0.0439553 0.0720534 0.0749487 0.0868752 0.1582628 0.0527576 0.0775204 0.0362576 0.0517634 0.0437565 0.0606336 0.0517634 0.0998054 0.0749487 0.0774722 0.0794451 0.0519905 0.0614386 0.0515502 0.3555848 0.0961082 0.0710635 0.0367885 0.0457238 0.0444032 0.0708199 0.0752154 0.1276004 0.0872236 0.0985515 0.0707563 0.0881602 0.0694401 0.1382132 0.0597943 0.1124130 0.0888661 0.0446318 0.0702104 0.0985515 0.0288039 0.0437380 0.1091406 0.0362576 0.0608311 0.0441171 0.0942581 0.0300167 0.0677299 0.0862143 0.0681499 0.0967241 0.0701336 0.1040049 0.0362471 0.0780128 0.0139352 0.0463519 0.0518100 0.0515534 0.0536752 0.0603185 0.0217846 0.0531638 0.0598852 0.0602978 0.0526372 0.0364592 0.0689062 0.0846848 0.0831987 0.0459262 0.0443465 0.0751603 0.0519729 
S0400         0.3973586 0.4658477 0.0796704 0.0553867 0.2194629 0.0448854 0.1023532 0.1713997 0.0850380 0.0206841 0.1090583 0.0936900 0.0276845 0.0815363 0.1450543 0.1126285 0.1033559 0.1426821 0.1114278 0.0994201 0.0366402 0.0000000 0.0305123 0.1076564 0.0897880 0.0973406 0.0850798 0.0849004 0.1389659 0.1112651 0.0976598 0.0758173 0.1223687 0.1505352 0.1086413 0.0378630 0.0327163 0.1354016 0.0978027 0.1251352 0.1502004 0.0216403 0.0839059 0.1466415 0.1216053 0.1035656 0.1459940 0.0232044 0.0876677 0.0277634 0.0904992 0.0817990 0.1145355 0.0926972 0.1127469 0.1281263 0.1064313 0.0811555 0.0985895 0.1619058 0.1184450 0.1081174 0.0886405 0.0951337 0.0989608 0.1010240 0.0841727 0.1137935 0.1073201 0.1324008 0.1237278 0.0980892 0.1135990 0.1180766 0.0814642 0.1068852 0.1408683 0.1125000 0.1023797 0.1288529 0.0671591 0.0760511 0.1048535 0.0184019 0.0484323 0.0954039 0.0965216 0.0890338 0.0945604 0.1461633 0.0887438 0.1086342 0.1158158 0.1581422 0.0302337 0.1282540 0.0804532 0.0833229 0.0327675 0.0278978 0.0796373 0.0811806 0.0347146 0.0696696 0.0611567 0.0882175 0.1260379 0.0284473 0.0846931 0.1094957 0.0868881 0.0906691 0.0208327 0.0927807 0.0681078 
S0405         0.4137375 0.4717027 0.0734746 0.0523340 0.2171723 0.0498738 0.1065714 0.1744658 0.0933635 0.0182704 0.0959873 0.0873658 0.0279650 0.0809129 0.1304983 0.1013863 0.0998433 0.1281398 0.1047489 0.1048629 0.0439388 0.0305123 0.0000000 0.0984877 0.0889745 0.0846842 0.0844659 0.0787207 0.1246070 0.1009022 0.0973971 0.0784010 0.1179363 0.1593122 0.1013353 0.0400843 0.0253156 0.1138776 0.0917075 0.1113800 0.1604444 0.0179641 0.0833089 0.1318920 0.1113396 0.0998251 0.1313235 0.0207036 0.0870360 0.0205087 0.0841221 0.0867488 0.1105832 0.0920322 0.0926782 0.1316818 0.0935718 0.0838582 0.0973793 0.1574289 0.1206774 0.1113242 0.0825627 0.0954641 0.0989330 0.1002050 0.0781644 0.1036124 0.1037300 0.1276652 0.1160712 0.0978243 0.1096868 0.1076957 0.0808828 0.1055105 0.1248336 0.1057708 0.0896790 0.1241948 0.0639468 0.0844407 0.1036559 0.0182714 0.0480752 0.0993934 0.0839866 0.0793044 0.0879615 0.1314762 0.0791699 0.0981632 0.1115172 0.1460053 0.0229054 0.1216399 0.0854374 0.0771218 0.0301642 0.0206067 0.0818809 0.0893331 0.0317146 0.0630701 0.0641125 0.0819793 0.1053129 0.0307839 0.0840849 0.1022957 0.0806333 0.0749585 0.0183582 0.0863959 0.0622190 
S0407sl       0.4411499 0.5260190 0.1122961 0.1308493 0.2560110 0.0689180 0.1147218 0.1034960 0.1144926 0.0954509 0.0455752 0.0986553 0.1092918 0.1175554 0.1614483 0.1132424 0.0543078 0.1524388 0.0688114 0.1024061 0.0846848 0.1076564 0.0984877 0.0000000 0.1296417 0.0379672 0.1136797 0.1105912 0.1486905 0.0492983 0.0978380 0.0972453 0.1165597 0.2024537 0.0386053 0.1154225 0.1099743 0.0668866 0.0698567 0.0828562 0.1940505 0.1483995 0.1187868 0.1564391 0.1357491 0.1222085 0.1557546 0.0988131 0.1172255 0.1036302 0.1169612 0.1139812 0.1099415 0.1283492 0.0665059 0.1348421 0.0637508 0.0373761 0.1153962 0.0889379 0.1440492 0.1019388 0.0761422 0.0958981 0.0917188 0.1422192 0.1194996 0.1348288 0.1226494 0.1246223 0.1178213 0.0995089 0.1148865 0.1323880 0.1104410 0.1262309 0.1026723 0.0988341 0.1127990 0.1212484 0.0981477 0.0813117 0.1042165 0.0954577 0.1139915 0.0984663 0.0376915 0.0472592 0.0641991 0.1559304 0.0508771 0.0465105 0.1102240 0.1643886 0.1010500 0.1186484 0.1159142 0.0883119 0.1101741 0.1041745 0.0906323 0.0949039 0.0637197 0.0477270 0.0895434 0.0931781 0.0593044 0.1062556 0.1108048 0.0327825 0.1220608 0.0568416 0.0959694 0.1255235 0.1031054 
S0412sl       0.4140593 0.4844996 0.1079526 0.1133685 0.2319174 0.0652063 0.1098038 0.2044958 0.1052232 0.0796616 0.1320004 0.1095613 0.1178712 0.1158530 0.1566927 0.1204847 0.1260066 0.1543061 0.1268519 0.1184959 0.0539628 0.0897880 0.0889745 0.1296417 0.0000000 0.1144864 0.1009423 0.1022733 0.1504326 0.1120911 0.1163644 0.0871094 0.1305393 0.1789037 0.1167179 0.0928748 0.0970189 0.1482713 0.1119602 0.1312030 0.2142115 0.0809425 0.1032935 0.1584429 0.1624018 0.0939540 0.1577288 0.0831769 0.1044120 0.0850000 0.0829057 0.1012164 0.1321791 0.1127033 0.1280520 0.1313694 0.1214264 0.1052014 0.1207119 0.2011602 0.1491444 0.1283040 0.0990068 0.1104985 0.1202721 0.1255103 0.1067502 0.1511097 0.1329419 0.1336868 0.1316680 0.1224497 0.1385429 0.1503019 0.0977540 0.1522050 0.1635674 0.1234850 0.1281349 0.1300971 0.0855716 0.0936618 0.1929557 0.0799394 0.0994850 0.1262337 0.1134915 0.1028960 0.1061187 0.1579115 0.1122120 0.1337052 0.1198648 0.1738199 0.0854750 0.1306089 0.0961019 0.0955122 0.0971951 0.0884777 0.0950869 0.1089368 0.0622515 0.0800139 0.0882268 0.1038900 0.1310111 0.0931378 0.1012410 0.1357056 0.1093380 0.1018637 0.0830925 0.1189658 0.0976608 
S0417         0.4050173 0.4374980 0.0853631 0.1187433 0.2142882 0.0551324 0.1044729 0.0789518 0.1008544 0.0817374 0.0380234 0.0818886 0.0858519 0.1120902 0.1209967 0.0958535 0.0491682 0.1186313 0.0479789 0.0863371 0.0942581 0.0973406 0.0846842 0.0379672 0.1144864 0.0000000 0.0966882 0.0932307 0.1151915 0.0288534 0.0861152 0.0923593 0.1051940 0.1821067 0.0211863 0.0927185 0.0928860 0.0379423 0.0433910 0.0553476 0.1657368 0.1102237 0.0960468 0.1222771 0.1138157 0.1166538 0.1217548 0.0849629 0.1000699 0.0812507 0.0939202 0.0997266 0.0972781 0.1051815 0.0511052 0.1178696 0.0506811 0.0271152 0.1012880 0.0593287 0.1152645 0.0840567 0.0594488 0.0811993 0.0773198 0.1364072 0.0966134 0.1126078 0.0965111 0.1069742 0.0995648 0.0845801 0.0959395 0.1101294 0.0935747 0.1046265 0.0967973 0.0756148 0.1063578 0.1037355 0.0871591 0.0626534 0.0961498 0.0817429 0.0939872 0.0894316 0.0158798 0.0316855 0.0410127 0.1218976 0.0257855 0.0211194 0.0990048 0.1295441 0.0872322 0.1080993 0.0919760 0.0685381 0.0930517 0.0902603 0.0796497 0.0730230 0.0503126 0.0314221 0.0761246 0.0765363 0.0487270 0.0833972 0.0938776 0.0432016 0.0991560 0.0337089 0.0821778 0.1054153 0.0735336 
S0419         0.3728781 0.4923071 0.0814121 0.1011435 0.2238838 0.0580981 0.0525956 0.1665951 0.0306490 0.0727622 0.1161826 0.0749137 0.1005854 0.1172428 0.1286758 0.0961799 0.0967577 0.1263418 0.0991699 0.1051064 0.0600552 0.0850798 0.0844659 0.1136797 0.1009423 0.0966882 0.0000000 0.0910146 0.1228654 0.0973345 0.0799262 0.0852585 0.1053909 0.1704232 0.0955410 0.0948172 0.0838437 0.1221942 0.0999624 0.1122583 0.1747747 0.0755904 0.0399635 0.1300323 0.1351739 0.1088293 0.1294790 0.0758639 0.0088853 0.0806436 0.0206057 0.0134925 0.0967697 0.0425406 0.1119584 0.1213771 0.0941147 0.0870577 0.0947356 0.1544282 0.1132654 0.0900983 0.0674102 0.0836981 0.0775145 0.1225085 0.0401151 0.1242747 0.1009159 0.1174929 0.1062457 0.0848181 0.0926869 0.1240276 0.0089167 0.1192907 0.1210180 0.0895504 0.0956782 0.1141251 0.0780878 0.0722691 0.1414959 0.0727669 0.0884214 0.1003975 0.0958799 0.0796337 0.0886137 0.1296282 0.1002213 0.1109911 0.0931062 0.1396690 0.0781283 0.1145636 0.0819254 0.0596236 0.0867486 0.0810604 0.0845124 0.0833505 0.0503375 0.0654995 0.0668932 0.0697092 0.1255233 0.0887058 0.0112275 0.1067437 0.0424543 0.0785085 0.0670025 0.0450734 0.0855150 
S0427         0.3980871 0.4607190 0.0978157 0.1023140 0.2460927 0.0552118 0.0879108 0.1623370 0.1001346 0.0699727 0.0985122 0.1024463 0.0711359 0.1014699 0.1267660 0.1159946 0.0969925 0.1244145 0.1051029 0.1070793 0.0441585 0.0849004 0.0787207 0.1105912 0.1022733 0.0932307 0.0910146 0.0000000 0.1209327 0.1115487 0.0859768 0.0880922 0.1197147 0.1067154 0.0947049 0.0899487 0.0752990 0.1307609 0.1067743 0.1116366 0.1550317 0.0937146 0.0897439 0.1281093 0.1380328 0.1190147 0.1275613 0.0676413 0.0936244 0.0778064 0.0964956 0.0849409 0.0975492 0.0956511 0.1089809 0.1368217 0.0938958 0.0804245 0.1162666 0.1534836 0.1082027 0.0866298 0.0707754 0.0839784 0.0863236 0.1170177 0.0959361 0.1265892 0.0892055 0.1327468 0.1174206 0.0853062 0.0967726 0.1237548 0.0872905 0.1286874 0.1438548 0.0874569 0.1196671 0.1291865 0.0532000 0.0872917 0.1141853 0.0646360 0.0814943 0.0681497 0.0982818 0.0793318 0.0941211 0.1277096 0.0854458 0.1013551 0.1103553 0.1382724 0.0699132 0.1296915 0.0912945 0.0830020 0.0782231 0.0721892 0.0734079 0.0865665 0.0393951 0.0789412 0.0845358 0.0968938 0.1218573 0.0767713 0.0905949 0.1085052 0.0984595 0.0784734 0.0703418 0.1045287 0.0640842 
S0430         0.4284123 0.5208786 0.1245587 0.1294600 0.2580906 0.0924238 0.1302185 0.1905394 0.1163533 0.1213083 0.1270171 0.1268506 0.1414380 0.1410237 0.0088258 0.1335121 0.1333823 0.0021958 0.1390689 0.1281916 0.0775204 0.1389659 0.1246070 0.1486905 0.1504326 0.1151915 0.1228654 0.1209327 0.0000000 0.1355635 0.1332142 0.1185303 0.1337396 0.0366260 0.1204165 0.1207543 0.1274640 0.1648948 0.1302706 0.1508607 0.2000666 0.1352704 0.1162711 0.0044205 0.1688164 0.1560491 0.0088573 0.1150499 0.1232506 0.1236585 0.1232811 0.1200544 0.1319999 0.1195254 0.1337407 0.1368022 0.1475759 0.1188324 0.1536534 0.1911474 0.0416785 0.1457620 0.1146148 0.1314540 0.1372816 0.1543753 0.1221106 0.1567656 0.1473048 0.1383628 0.1281239 0.1263052 0.1356578 0.1570430 0.1195422 0.1500691 0.1822293 0.1329401 0.1180022 0.1348423 0.1118535 0.1024025 0.1435042 0.1153015 0.1431349 0.1058313 0.1259748 0.1197141 0.1224068 0.0044105 0.1088938 0.1430248 0.1306368 0.0158284 0.1211930 0.1230652 0.1250098 0.1125300 0.1306993 0.1245465 0.1314974 0.1197303 0.0843201 0.1000349 0.1078389 0.1240042 0.1544762 0.1237417 0.1170268 0.1285038 0.1246695 0.1120662 0.1219952 0.1281476 0.1250764 
S0478         0.4588527 0.4892091 0.0921686 0.1249247 0.2004322 0.0675804 0.0898378 0.0933074 0.1049321 0.0947848 0.0439256 0.0796749 0.1025379 0.1173593 0.1416261 0.0975062 0.0563165 0.1392487 0.0545626 0.0877671 0.0850832 0.1112651 0.1009022 0.0492983 0.1120911 0.0288534 0.0973345 0.1115487 0.1355635 0.0000000 0.0873635 0.0934346 0.0978454 0.2037684 0.0347221 0.1033489 0.1096156 0.0490647 0.0491131 0.0707696 0.1852476 0.1332935 0.1058038 0.1431729 0.1264215 0.1104591 0.1455781 0.0982143 0.1007445 0.1001482 0.0915599 0.0975977 0.1000870 0.1152369 0.0544344 0.1135455 0.0462646 0.0468602 0.0994819 0.0698365 0.1269094 0.0932254 0.0610614 0.0863480 0.0860254 0.1388806 0.1064402 0.1253522 0.1047284 0.0995053 0.0958164 0.0968335 0.1089069 0.1221433 0.0941952 0.1199365 0.1047112 0.0712665 0.1109596 0.0962882 0.0946233 0.0606218 0.1123197 0.0947917 0.1150715 0.0983206 0.0385836 0.0321634 0.0550510 0.1427079 0.0417367 0.0366044 0.0952708 0.1509818 0.1005017 0.0970067 0.0839019 0.0754269 0.1066887 0.1008732 0.0870780 0.0766470 0.0622224 0.0367479 0.0768611 0.0803535 0.0498709 0.1034093 0.0945031 0.0464601 0.1090217 0.0449897 0.0953109 0.1124181 0.1008994 
S0552sl       0.3881021 0.4668665 0.0832798 0.1229806 0.2295905 0.0594754 0.0951417 0.1458411 0.0853242 0.0880053 0.1069916 0.0741394 0.1086310 0.1202271 0.1329741 0.0990507 0.0835220 0.1368915 0.0980296 0.0814577 0.0446318 0.0976598 0.0973971 0.0978380 0.1163644 0.0861152 0.0799262 0.0859768 0.1332142 0.0873635 0.0000000 0.0891744 0.1026449 0.1379265 0.0913864 0.1090226 0.1024824 0.1104556 0.0957381 0.1051211 0.1577748 0.1259867 0.0816041 0.1408056 0.1309643 0.1081663 0.1401837 0.0913224 0.0797391 0.0874851 0.0825472 0.0767907 0.0780728 0.0904006 0.1014063 0.1180389 0.0782763 0.0828642 0.0910352 0.1432395 0.1100072 0.0334210 0.0359760 0.0210553 0.0258744 0.1295747 0.0820769 0.1293497 0.1067741 0.1246820 0.0965377 0.0688444 0.0804404 0.1271854 0.0736444 0.1218857 0.1360613 0.0486343 0.0983970 0.1211526 0.0710463 0.0807543 0.1342929 0.0880115 0.0973624 0.0705609 0.0915233 0.0634624 0.0752661 0.1403481 0.0900020 0.0934830 0.0933030 0.1554721 0.0906670 0.1143281 0.0902409 0.0582548 0.0966439 0.0966967 0.0839923 0.0857490 0.0481065 0.0771677 0.0689977 0.0688155 0.1060442 0.0987477 0.0768061 0.1080295 0.0845861 0.0799918 0.0884855 0.0904829 0.0809632 
S0558         0.3945016 0.4512456 0.0834219 0.0995983 0.2228196 0.0452371 0.1094694 0.1714454 0.0932479 0.0669613 0.1032282 0.0821790 0.0860712 0.0848372 0.1243708 0.1040040 0.0994177 0.1220058 0.0984081 0.0849457 0.0359190 0.0758173 0.0784010 0.0972453 0.0871094 0.0923593 0.0852585 0.0880922 0.1185303 0.0934346 0.0891744 0.0000000 0.1071661 0.1364348 0.0916013 0.0700608 0.0749869 0.1273064 0.0988450 0.1171275 0.1283773 0.0984728 0.0840793 0.1256922 0.1188904 0.0916588 0.1251531 0.0646409 0.0850575 0.0747189 0.0848750 0.0792118 0.0903933 0.0928929 0.1078745 0.1126933 0.0955482 0.0919004 0.0899944 0.1643827 0.1094458 0.0938499 0.0719986 0.0814542 0.0874296 0.0960647 0.0901699 0.1073804 0.0939512 0.1256036 0.1145716 0.0871104 0.0994383 0.1078387 0.0788876 0.1096657 0.1449558 0.0831639 0.0908639 0.1221252 0.0596775 0.0879286 0.1217055 0.0616822 0.0818964 0.0832275 0.0945227 0.0780345 0.0861005 0.1252996 0.0990663 0.1029377 0.1072872 0.1330376 0.0615291 0.1058704 0.0686810 0.0747771 0.0751159 0.0751010 0.0685876 0.0900973 0.0426637 0.0700652 0.0705476 0.0796596 0.1309533 0.0762643 0.0791371 0.1064269 0.0926815 0.0856346 0.0673116 0.1045873 0.0720207 
S0616         0.4190849 0.5485148 0.1045854 0.1286789 0.2137103 0.0778664 0.1411594 0.1752181 0.1098689 0.1085988 0.1180556 0.0864179 0.1668926 0.1317794 0.1397096 0.0351592 0.1117001 0.1373602 0.1211071 0.0912123 0.0691769 0.1223687 0.1179363 0.1165597 0.1305393 0.1051940 0.1053909 0.1197147 0.1337396 0.0978454 0.1026449 0.1071661 0.0000000 0.1842611 0.0977369 0.1170801 0.1204531 0.1136868 0.1161886 0.1131142 0.1959518 0.1087419 0.1105057 0.1412133 0.1492215 0.1353824 0.1361021 0.1121555 0.1088655 0.1138630 0.1118328 0.1056730 0.1340187 0.1199424 0.1284656 0.0488624 0.0966558 0.0996977 0.1098168 0.1569407 0.1449981 0.1076579 0.0886578 0.1069276 0.1063342 0.1517733 0.1111670 0.1341015 0.1436349 0.0459130 0.0354227 0.1112736 0.1225483 0.1418132 0.1022048 0.1326188 0.1497400 0.1061717 0.1144559 0.0432837 0.1015386 0.0928243 0.1235451 0.1086073 0.1204123 0.0854533 0.1101943 0.0854481 0.0971739 0.1342645 0.1038746 0.1071736 0.0353789 0.1543082 0.1143991 0.0357509 0.1078931 0.0735951 0.1145000 0.1088986 0.1064461 0.0946795 0.0697841 0.0871281 0.0835355 0.0807128 0.1295921 0.1142465 0.1056991 0.1098074 0.1137295 0.0956892 0.1092038 0.1171343 0.1107351 
S0620         0.4043556 0.3596470 0.1599862 0.1848809 0.3526047 0.1097030 0.1574878 0.1674900 0.1744767 0.1488452 0.1795299 0.1713500 0.0000010 0.1734224 0.0443948 0.1832035 0.1589369 0.0447357 0.1698040 0.1584569 0.1058328 0.1505352 0.1593122 0.2024537 0.1789037 0.1821067 0.1704232 0.1067154 0.0366260 0.2037684 0.1379265 0.1364348 0.1842611 0.0000000 0.1857066 0.1609505 0.1701213 0.2037913 0.1621458 0.1828382 0.1485568 0.1483566 0.1784013 0.0447357 0.2421625 0.1513504 0.0366260 0.1488452 0.1586146 0.1585364 0.1721689 0.1586146 0.1365165 0.1784013 0.1950072 0.1889469 0.1708496 0.1421873 0.1434429 0.4757570 0.0989516 0.1634534 0.1277299 0.1310394 0.1370522 0.1754192 0.1474032 0.2033918 0.1977245 0.2284836 0.1777488 0.1478504 0.1253298 0.2168774 0.1693899 0.1876040 0.1890124 0.1379265 0.1494420 0.2284836 0.1288680 0.1584569 0.1679594 0.1488452 0.1847806 0.1196919 0.2037913 0.1235282 0.1703555 0.0444283 0.1590513 0.1958767 0.1872134 0.0604468 0.1488519 0.1844967 0.1264546 0.1350605 0.1488452 0.1691624 0.1550904 0.1609100 0.1311367 0.1594229 0.1594849 0.1713500 0.1578283 0.1194353 0.1611958 0.2024537 0.1570086 0.1360175 0.1610952 0.1472920 0.1707338 
