122
CRNC          0.0000000 0.3162442 0.5070898 0.4094366 0.4226261 0.4150152 0.5129534 0.4749278 0.4393442 0.4841979 0.4264714 0.4711858 0.4870535 0.3503942 0.4044929 0.5242987 0.4592544 0.4500219 0.4422743 0.4706015 0.4614338 0.4513813 0.3029472 0.3545046 0.4059652 0.4702277 0.3518171 0.3974521 0.4181078 0.4564937 0.4097823 0.4153855 0.4703377 0.4126695 0.4161787 0.5128113 0.4710653 0.7026430 0.4701098 0.4958945 0.4523135 0.4446349 0.4246758 0.4216717 0.3978736 0.5277271 0.4567513 0.5231347 0.4990750 0.4017988 0.4290597 0.4266259 0.5619110 0.4676073 0.4316554 0.4706293 0.4646314 0.5376165 0.5242147 0.4740749 0.4412459 0.4289346 0.3799230 0.3938216 0.6733210 0.4248882 0.4199849 0.5052409 0.3542583 0.4054286 0.4223717 0.5347108 0.4305141 0.5267878 0.4361625 0.3564753 0.4250617 0.3842316 0.5230687 0.4643624 0.4700893 0.3853063 0.5337121 0.4315252 0.4451112 0.4127646 0.4639646 0.4822782 0.4101793 0.4039635 0.4092264 0.4169599 0.4289346 0.4286491 0.4545129 0.3950965 0.4953139 0.4280535 0.4673682 0.4561889 0.4339526 0.4529675 0.4212562 0.4172561 0.4857252 0.4215620 0.5057663 0.4325500 0.4426571 0.4444156 0.4937719 0.4779192 0.4631410 0.4480413 0.4706293 0.4100948 0.5269342 0.4507792 0.4189459 0.4789050 1.7214601 0.3926511 
HYZL          0.3162442 0.0000000 0.1329753 0.4505846 0.3482249 0.3364210 0.4601975 0.4610305 0.4393768 0.4936447 0.3935801 0.4591434 0.4903550 0.3876064 0.3987333 0.4809540 0.4565151 0.4485961 0.4448173 0.4620884 0.4767700 0.4147422 0.3650158 0.4070040 0.3929557 0.4187140 0.4009637 0.4336570 0.4482635 0.4435358 0.3839028 0.4456063 0.4669520 0.4387520 0.4240684 0.4730539 0.4656712 0.3807393 0.4453237 0.4612584 0.4179839 0.4286216 0.4380559 0.4414584 2.4408222 0.4916887 0.4719209 0.4923262 0.4251778 0.5041123 0.3328096 0.3937253 0.4690083 0.4463230 0.3856251 0.4494860 0.4433928 0.4609122 0.4951186 0.4325244 0.4387105 0.4493413 0.4016627 0.4112705 0.5054289 0.4108566 0.4529076 0.4622143 0.5523302 0.4395678 0.5043311 0.5106442 0.4388949 0.5407973 0.4464858 0.4238116 0.4488280 0.3926327 0.4994206 0.3808905 0.4509309 0.4619641 0.4800192 0.4273782 0.4397397 0.3994285 0.4718384 0.4882067 0.3735240 0.3937253 0.4339348 0.4368941 0.4493413 0.4350994 0.4380833 0.4069174 0.4309252 0.4183965 0.4654564 0.4537884 0.3957428 0.4456168 0.4408065 0.4395177 0.3981346 0.3886657 0.4248080 0.4531087 0.4226924 0.4718102 0.4817214 0.4482882 0.4972431 0.4306777 0.4494860 0.4212943 0.5027370 0.4585987 0.3752758 0.4792874 1.0388447 0.3921634 
MYZV          0.5070898 0.1329753 0.0000000 0.6016688 0.3813630 0.3553909 0.6290189 0.5940336 0.5604320 0.6763582 0.5713346 0.5989925 0.6611633 0.5838482 0.5623694 0.6245707 0.5266646 0.5540304 0.5749888 0.5534023 0.6394333 0.4766287 0.3113486 0.5680348 0.5336317 0.6415490 0.5690603 0.6963302 0.5852630 0.5810988 0.5361160 0.5906540 0.5778481 0.5514762 0.5867307 0.6187744 0.5562629 0.3806931 0.6031184 0.5939866 0.6129422 0.5784582 0.5213526 0.5632709 3.1881450 0.6385066 0.5805828 0.5731913 0.5798211 0.6562079 0.3602713 0.5694499 0.6059435 0.5945439 0.5589730 0.5981085 0.5895951 0.5908454 0.6254981 0.6048133 0.5500647 0.5744202 0.5357475 0.5579629 0.6461939 0.5309170 0.6079094 0.6740950 2.9093005 0.5808029 0.6980921 0.6702693 0.5367169 0.6606472 0.5380194 0.5765995 0.6431664 0.5679317 0.5649501 0.4074367 0.5761759 0.6031556 0.6051344 0.5653004 0.5364538 0.5694797 0.6331022 0.5328058 0.5556074 0.5770415 0.5676764 0.5983469 0.5744202 0.5736733 0.5534473 0.5415209 0.5997025 0.5173310 0.5706066 0.5698286 0.5805766 0.5531456 0.5918667 0.5995545 0.5968973 0.5622157 0.5756073 0.6199528 0.6046082 0.5979674 0.6586000 0.6110490 0.5908206 0.5947321 0.5981085 0.5221506 0.6587438 0.6079327 0.5542400 0.6696754 1.3753967 0.5456936 
SRR6441723    0.4094366 0.4505846 0.6016688 0.0000000 0.0783451 0.1371223 0.0770257 0.0577739 0.0650111 0.0759584 0.0459190 0.0547866 0.0701946 0.0301570 0.0510925 0.0929462 0.0927227 0.0889785 0.0569689 0.0857865 0.0333813 0.0598851 0.0482038 0.0611258 0.0440265 0.0621374 0.0544572 0.0684931 0.0375378 0.0602122 0.0588006 0.0411145 0.0912911 0.0617485 0.0353596 0.0966457 0.0942490 0.0978649 0.0785885 0.1095672 0.0504385 0.0557800 0.0730184 0.0375134 0.0671249 0.0738087 0.0885708 0.1331313 0.0860776 0.0912832 0.0491883 0.0426681 0.1297929 0.0548044 0.0403645 0.0545226 0.0517839 0.1132092 0.0887612 0.0757971 0.0711618 0.0347898 0.0296005 0.0243944 0.1778626 0.0544662 0.0377412 0.0632049 0.0324612 0.0307927 0.0761710 0.1072298 0.1112309 0.0925727 0.0742545 0.0670741 0.0331345 0.0277326 0.1508948 0.0851799 0.1297741 0.0732800 0.0967861 0.0480413 0.0745308 0.0456270 0.0748789 0.1115386 0.0436259 0.0488881 0.0268630 0.0278535 0.0347898 0.0320906 0.0816290 0.0425755 0.1009873 0.0652109 0.0876939 0.0793141 0.0427920 0.0743002 0.0269832 0.0345313 0.0708068 0.0374835 0.1030565 0.0322821 0.0469980 0.0545000 0.0782966 0.0670109 0.0802983 0.0517578 0.0545226 0.0711940 0.1107451 0.0401485 0.0463865 0.0754140 0.7284931 0.0414618 
ERR2789774    0.4226261 0.3482249 0.3813630 0.0783451 0.0000000 0.1791863 0.1099281 0.0699093 0.0866263 0.1216132 0.0541629 0.0923214 0.0928757 0.0427304 0.0733754 0.1082073 0.0999038 0.1276208 0.0876375 0.1072979 0.0788169 0.0614091 0.0750310 0.0497986 0.0319956 0.0698899 0.0755237 0.0806302 0.0704699 0.0700362 0.0480859 0.0758355 0.1074476 0.0950793 0.1008588 0.0916192 0.0932206 0.1100169 0.0930884 0.1047922 0.0613663 0.0814317 0.0497989 0.0746956 1.2782280 0.0749925 0.1123360 0.1560640 0.0771996 0.1104038 0.0508502 0.0457701 0.0991023 0.0700701 0.0386902 0.0695676 0.0656487 0.1106294 0.0921250 0.0741402 0.1022831 0.0703055 0.0660834 0.0739613 0.1198915 0.0796083 0.0967261 0.1104695 0.1186520 0.0867527 0.1072130 0.1191525 0.1299310 0.1021142 0.1156850 0.0922235 0.0865943 0.0811878 0.1653596 0.0538508 0.1502908 0.0858942 0.1050384 0.0967652 0.1106606 0.0542542 0.0940462 0.1405660 0.0469758 0.0544728 0.0828463 0.0731045 0.0703055 0.0741931 0.1069809 0.0820420 0.0796403 0.0979786 0.1024000 0.0953936 0.0496850 0.1102419 0.0737070 0.0779606 0.0506925 0.0421521 0.0829158 0.0861575 0.0685882 0.0841205 0.0826856 0.0791400 0.1011344 0.0742541 0.0695676 0.0753243 0.1141628 0.0873892 0.0587556 0.1219468 0.2586813 0.0353730 
PAFTOL_019361 0.4150152 0.3364210 0.3553909 0.1371223 0.1791863 0.0000000 0.2110010 0.1257408 0.1504854 0.1930099 0.1308586 0.1383665 0.1327818 0.1305849 0.1397405 0.1448271 0.1704921 0.1818669 0.1328206 0.1758246 0.1393187 0.1162563 0.1764066 0.1710741 0.1356401 0.1620113 0.1515071 0.1880458 0.1305303 0.1303278 0.1327099 0.1331429 0.1586656 0.1421492 0.1510175 0.1494214 0.1823261 0.1492253 0.1547569 0.1574225 0.1499648 0.1211718 0.1348764 0.1374267 0.0000010 0.1372006 0.1762852 0.2111474 0.1356997 0.2131508 0.1323252 0.1346855 0.1355348 0.1260337 0.1364386 0.1250587 0.1203691 0.1581102 0.1243807 0.1103732 0.1414924 0.1317775 0.1172045 0.1249913 0.1337403 0.1358219 0.1585888 0.1891663 0.2185176 0.1506572 0.1842223 0.2002788 0.1707394 0.1674778 0.1577893 0.1971897 0.1393030 0.1228560 0.2168946 0.1257918 0.1927672 0.1855769 0.1589288 0.1491655 0.1518718 0.1306209 0.1396824 0.1579809 0.1279402 0.1321311 0.1526569 0.1018235 0.1317775 0.1318907 0.1524560 0.1306078 0.1508573 0.1701297 0.1580612 0.1507945 0.1401574 0.1512209 0.1532162 0.1314721 0.1272142 0.1301283 0.1485375 0.1368225 0.1355980 0.1508958 0.1357694 0.1319367 0.1430957 0.1306032 0.1250587 0.1496353 0.1938874 0.1485024 0.1180440 0.1851009 0.0913640 0.0940058 
S0055         0.5129534 0.4601975 0.6290189 0.0770257 0.1099281 0.2110010 0.0000000 0.1170042 0.0951041 0.1047603 0.0743492 0.0892160 0.1280180 0.0299693 0.0797918 0.1274455 0.1268586 0.1236545 0.0918741 0.1234703 0.0856883 0.1035034 0.0683967 0.0507296 0.0654785 0.0470075 0.0572319 0.0560471 0.0827840 0.1194632 0.0762819 0.0845103 0.1331713 0.1151300 0.0978776 0.1234181 0.1327017 0.2107970 0.1090552 0.1392470 0.0385657 0.0881340 0.1201663 0.0865211 0.0639328 0.1210183 0.1264283 0.1446495 0.1065766 0.1082363 0.0867049 0.0678790 0.1930272 0.1134033 0.0656218 0.1128046 0.1096713 0.1838425 0.1446704 0.1239728 0.1145240 0.0832650 0.0833695 0.0831407 0.2284278 0.0890428 0.1002127 0.1230669 0.0694340 0.0861639 0.0895452 0.1737218 0.1619614 0.1588673 0.1175571 0.0876783 0.0923721 0.0857568 0.1535434 0.1300651 0.1396792 0.0969574 0.1531616 0.0915693 0.1142673 0.0768150 0.1338148 0.1674640 0.0724293 0.0773678 0.0834917 0.0821381 0.0832650 0.0861012 0.1223809 0.0957343 0.1270423 0.1017991 0.1290036 0.1202634 0.0680824 0.1243519 0.0925176 0.0827357 0.0896211 0.0623868 0.1126007 0.0890129 0.0435432 0.1069167 0.1378330 0.1179053 0.1048181 0.0864149 0.1128046 0.1004355 0.1778384 0.0957900 0.0751543 0.1198618 0.9186269 0.0733451 
S0196sl       0.4749278 0.4610305 0.5940336 0.0577739 0.0699093 0.1257408 0.1170042 0.0000000 0.0855558 0.1017320 0.0733184 0.0827081 0.0380926 0.0802153 0.0789964 0.0706526 0.1134105 0.1154889 0.0818911 0.1039357 0.0691424 0.0228807 0.0552468 0.1039331 0.0765035 0.0988016 0.0920244 0.1169667 0.0668676 0.0119843 0.0792509 0.0714559 0.1112341 0.0843535 0.0704963 0.0716973 0.1176775 0.0855770 0.1132063 0.0790757 0.0856130 0.0882472 0.0338506 0.0640439 0.4361309 0.0276448 0.1113686 0.1647842 0.0610874 0.1261018 0.0444662 0.0722184 0.0934048 0.0071673 0.0699303 0.0071321 0.0047418 0.0836604 0.0379736 0.0350786 0.1055794 0.0609720 0.0580604 0.0576537 0.1331935 0.0831043 0.0762034 0.0941600 0.1171034 0.0637347 0.1206375 0.0544093 0.1396909 0.0492733 0.1093844 0.1035952 0.0628598 0.0567384 0.1842353 0.0256196 0.1611783 0.1073553 0.0704311 0.0791149 0.1060453 0.0699543 0.0567296 0.1398627 0.0652264 0.0795836 0.0608298 0.0597967 0.0609720 0.0579202 0.1071297 0.0723592 0.0669922 0.0891005 0.1106634 0.1017992 0.0724397 0.1062105 0.0664650 0.0689100 0.0712194 0.0665755 0.0701580 0.0750891 0.0813724 0.0764959 0.0457308 0.0353009 0.0978035 0.0792202 0.0071321 0.1070040 0.0573976 0.0669399 0.0769818 0.0929152 0.4748144 0.0758968 
S0278         0.4393442 0.4393768 0.5604320 0.0650111 0.0866263 0.1504854 0.0951041 0.0855558 0.0000000 0.1034224 0.0559928 0.0281344 0.1059073 0.0483472 0.0618138 0.0537182 0.0744769 0.0716386 0.0360626 0.0780243 0.0491219 0.0815980 0.0783292 0.0527413 0.0427157 0.0739838 0.0208354 0.0624912 0.0362178 0.0946643 0.0448867 0.0478200 0.0745120 0.0825732 0.0752266 0.1144880 0.0689564 0.0631225 0.0305578 0.1240288 0.0614632 0.0230754 0.0804910 0.0532497 0.0501866 0.0900588 0.0717282 0.1411004 0.1101953 0.0948025 0.0695163 0.0498672 0.1573040 0.0886292 0.0502803 0.0850524 0.0850524 0.1440179 0.1089557 0.0894604 0.0710925 0.0502462 0.0557512 0.0587102 0.1497750 0.0468615 0.0773765 0.0819535 0.0889792 0.0676694 0.0804572 0.1295755 0.1193120 0.1319478 0.0836290 0.0689533 0.0665094 0.0633237 0.1597098 0.0926954 0.1458392 0.0912484 0.1182285 0.0864366 0.0804839 0.0529165 0.1089588 0.1268783 0.0566826 0.0535673 0.0651869 0.0341031 0.0502462 0.0529923 0.0681721 0.0583433 0.0467228 0.0458442 0.0741568 0.0657693 0.0528032 0.0706730 0.0558534 0.0646903 0.0828009 0.0471618 0.1183873 0.0649475 0.0546328 0.0599725 0.1229394 0.1028312 0.0611495 0.0561584 0.0850524 0.0303267 0.1334141 0.0620142 0.0565944 0.0753131 0.6569698 0.0533602 
S0281         0.4841979 0.4936447 0.6763582 0.0759584 0.1216132 0.1930099 0.1047603 0.1017320 0.1034224 0.0000000 0.0902378 0.0966220 0.1310915 0.0679712 0.0862410 0.1390176 0.1255609 0.1152243 0.0994867 0.1228940 0.0842245 0.1084907 0.0846028 0.1076486 0.0883230 0.0857036 0.0771593 0.1046056 0.0891923 0.0911463 0.0985558 0.0871960 0.1221221 0.1161770 0.0815353 0.1529393 0.1205743 0.1489385 0.1140690 0.1633796 0.0790141 0.0956439 0.1301022 0.0927208 0.1044581 0.1020713 0.1226071 0.1563133 0.1367403 0.1207430 0.0934800 0.0828291 0.2017981 0.0907470 0.0834649 0.0911808 0.0942823 0.1639825 0.1042003 0.1268251 0.1094702 0.0927208 0.0831023 0.0735462 0.2601185 0.0967878 0.0905147 0.1051238 0.0679347 0.0794276 0.1163392 0.1082865 0.1613806 0.1514920 0.1097145 0.0981717 0.0890893 0.0749713 0.1775667 0.1293867 0.1540703 0.1282288 0.1580643 0.0781038 0.1062646 0.0858246 0.1298625 0.1592482 0.0880071 0.0827242 0.0860382 0.0751293 0.0927208 0.0891601 0.1177103 0.0833762 0.1465591 0.0958748 0.1212687 0.1196942 0.0861115 0.1031284 0.0855098 0.0725868 0.1070186 0.0797396 0.1522031 0.0860899 0.0778879 0.1115932 0.1453225 0.1271110 0.1353464 0.0932560 0.0911808 0.1129178 0.1118419 0.0995759 0.0846338 0.0773892 0.9110096 0.0787528 
S0282         0.4264714 0.3935801 0.5713346 0.0459190 0.0541629 0.1308586 0.0743492 0.0733184 0.0559928 0.0902378 0.0000000 0.0544449 0.0893384 0.0148047 0.0374655 0.0893744 0.0929286 0.0855212 0.0570232 0.0825453 0.0560649 0.0601412 0.0772736 0.0513724 0.0131094 0.0337284 0.0476708 0.0562843 0.0513966 0.0757868 0.0389159 0.0554256 0.0855609 0.0769827 0.0554725 0.1002750 0.0942484 0.0863181 0.0723563 0.1187904 0.0229551 0.0498387 0.0845980 0.0487214 0.0308142 0.0866934 0.0887611 0.1416905 0.0898819 0.0990058 0.0446146 0.0144048 0.1531307 0.0701569 0.0120624 0.0697898 0.0669220 0.1352194 0.1037381 0.0797281 0.0836021 0.0484737 0.0459480 0.0458247 0.1800001 0.0544953 0.0634138 0.0828624 0.0541146 0.0567048 0.0808157 0.1222276 0.1220868 0.1171330 0.0868377 0.0777143 0.0501547 0.0443766 0.1598944 0.0891978 0.1382676 0.0947938 0.1140239 0.0747160 0.0837665 0.0321630 0.0976038 0.1200729 0.0121910 0.0325991 0.0541798 0.0415380 0.0484737 0.0485316 0.0818144 0.0571217 0.0805067 0.0652359 0.0820334 0.0736908 0.0144446 0.0838976 0.0486436 0.0509000 0.0305629 0.0095619 0.0997788 0.0568108 0.0358705 0.0667495 0.1045388 0.0859303 0.0803688 0.0403250 0.0697898 0.0678739 0.1258946 0.0571353 0.0096576 0.0819601 0.6744068 0.0182715 
S0289         0.4711858 0.4591434 0.5989925 0.0547866 0.0923214 0.1383665 0.0892160 0.0827081 0.0281344 0.0966220 0.0544449 0.0000000 0.0992297 0.0435878 0.0598638 0.0500299 0.0925812 0.0833821 0.0220084 0.0891488 0.0363675 0.0758883 0.1071034 0.0718215 0.0475403 0.0687202 0.0203022 0.0602172 0.0351283 0.0886558 0.0584299 0.0436363 0.0914824 0.0746521 0.0670520 0.1071603 0.0860273 0.0745610 0.0383427 0.1096766 0.0567102 0.0173746 0.0848246 0.0461810 0.0478152 0.0841378 0.0919555 0.1372536 0.0998410 0.1110937 0.0497759 0.0484276 0.1490804 0.0828462 0.0461187 0.0794178 0.0794350 0.1349389 0.0927241 0.0803119 0.0722889 0.0433315 0.0515755 0.0601504 0.1650014 0.0544002 0.0690409 0.0753751 0.0701611 0.0626390 0.0812767 0.1236851 0.1267545 0.1314959 0.0845768 0.0672425 0.0588284 0.0588242 0.1588450 0.1009477 0.1451335 0.0851275 0.1063982 0.0808515 0.0814960 0.0514904 0.1082606 0.1286619 0.0523602 0.0521078 0.0630776 0.0174209 0.0433315 0.0459652 0.0849162 0.0599863 0.0647579 0.0628437 0.0910406 0.0826091 0.0485705 0.0689191 0.0661387 0.0653632 0.0803502 0.0431388 0.1137914 0.0571340 0.0531149 0.0612356 0.1155152 0.0959715 0.0454510 0.0521216 0.0794178 0.0267292 0.1274102 0.0545384 0.0550127 0.0768284 0.6663525 0.0485321 
S0292         0.4870535 0.4903550 0.6611633 0.0701946 0.0928757 0.1327818 0.1280180 0.0380926 0.1059073 0.1310915 0.0893384 0.0992297 0.0000000 0.0919745 0.0925718 0.0769048 0.1275960 0.1210233 0.1051485 0.1093683 0.0785827 0.0394090 0.0781209 0.1083037 0.0942366 0.1131760 0.1115202 0.1439997 0.0735224 0.0405110 0.0860073 0.0843291 0.1202139 0.0970754 0.0775850 0.0754368 0.1201291 0.0974759 0.1236418 0.0886742 0.0994248 0.0942956 0.0465635 0.0763974 0.3906750 0.0468245 0.1204499 0.1906269 0.0642371 0.1326325 0.0490233 0.0879968 0.0905456 0.0353349 0.0857355 0.0351560 0.0325551 0.0969832 0.0556334 0.0502930 0.1084163 0.0731791 0.0702840 0.0640805 0.1379007 0.0922188 0.0705873 0.1118692 0.1158100 0.0708405 0.1445396 0.0735802 0.1556792 0.0642697 0.1190852 0.1225391 0.0790039 0.0663229 0.2111913 0.0572236 0.1827379 0.1193510 0.0735002 0.0957001 0.1156767 0.0857630 0.0578227 0.1662819 0.0810722 0.0860920 0.0763795 0.0719488 0.0731791 0.0699783 0.1125717 0.0823429 0.0665350 0.0915947 0.1161292 0.1072824 0.0882718 0.1119403 0.0796521 0.0666414 0.0873617 0.0821335 0.0827821 0.0736091 0.0981772 0.0936699 0.0353538 0.0250642 0.1043811 0.0882364 0.0351560 0.1260778 0.0736777 0.0793977 0.0895712 0.1197837 0.4754132 0.0795999 
S0293         0.3503942 0.3876064 0.5838482 0.0301570 0.0427304 0.1305849 0.0299693 0.0802153 0.0483472 0.0679712 0.0148047 0.0435878 0.0919745 0.0000000 0.0331144 0.0806153 0.0883807 0.0652330 0.0401834 0.0803981 0.0472204 0.0642334 0.0476683 0.0468185 0.0096375 0.0177629 0.0429797 0.0507923 0.0433650 0.0794892 0.0345166 0.0407831 0.0870429 0.0705359 0.0443276 0.0830855 0.0986137 0.0562904 0.0646335 0.1050637 0.0058034 0.0446690 0.0937646 0.0400900 0.0308142 0.0886674 0.0760659 0.1065841 0.0811931 0.0620532 0.0393098 0.0116679 0.1629888 0.0759193 0.0087741 0.0794892 0.0759193 0.1302392 0.1179552 0.0955479 0.0636517 0.0398434 0.0400770 0.0399461 0.1773864 0.0436846 0.0570931 0.0858629 0.0615505 0.0479673 0.0705119 0.1194275 0.1078192 0.1357426 0.0637508 0.0591923 0.0515392 0.0443947 0.1181814 0.1024838 0.0938892 0.0549978 0.1241370 0.0527438 0.0639141 0.0269154 0.1025437 0.0901580 0.0118456 0.0241907 0.0429272 0.0377239 0.0398434 0.0464368 0.0754864 0.0501135 0.0900378 0.0592674 0.0827521 0.0718383 0.0058034 0.0676145 0.0499225 0.0493168 0.0413306 0.0058034 0.0896349 0.0497782 0.0177360 0.0611422 0.1146914 0.0913596 0.0711174 0.0269559 0.0794892 0.0508561 0.1239002 0.0532830 0.0118435 0.0675092 1.6164807 0.0237097 
S0294         0.4044929 0.3987333 0.5623694 0.0510925 0.0733754 0.1397405 0.0797918 0.0789964 0.0618138 0.0862410 0.0374655 0.0598638 0.0925718 0.0331144 0.0000000 0.0833867 0.0961671 0.0979742 0.0567534 0.0889539 0.0616496 0.0658163 0.0818252 0.0515212 0.0378064 0.0500521 0.0479512 0.0601679 0.0541423 0.0814558 0.0417107 0.0581031 0.0885290 0.0671274 0.0634031 0.0877044 0.0937267 0.1189070 0.0723425 0.0866251 0.0388422 0.0555946 0.0877456 0.0513307 0.0469929 0.0897036 0.0917488 0.1295228 0.0832827 0.0947499 0.0717732 0.0370062 0.1454127 0.0757891 0.0347139 0.0753933 0.0725008 0.1304163 0.1102919 0.0899666 0.0835695 0.0484502 0.0485175 0.0538282 0.1768963 0.0627069 0.0605445 0.0792976 0.0552615 0.0593443 0.0487597 0.1253430 0.1141534 0.1233895 0.0897654 0.0671746 0.0529692 0.0470184 0.1471257 0.0959159 0.1261890 0.0843359 0.1134289 0.0715994 0.0866763 0.0347257 0.0911236 0.1103752 0.0352926 0.0429802 0.0589599 0.0498316 0.0484502 0.0510917 0.0847400 0.0570924 0.0776642 0.0709583 0.0849668 0.0766057 0.0371118 0.0842320 0.0539317 0.0559315 0.0614737 0.0319345 0.0831148 0.0509288 0.0384225 0.0726716 0.1044153 0.0858266 0.0775772 0.0482195 0.0753933 0.0683913 0.1290278 0.0597413 0.0376779 0.0843399 0.7231239 0.0442887 
S0299         0.5242987 0.4809540 0.6245707 0.0929462 0.1082073 0.1448271 0.1274455 0.0706526 0.0537182 0.1390176 0.0893744 0.0500299 0.0769048 0.0806153 0.0833867 0.0000000 0.1093296 0.1073633 0.0613008 0.0931918 0.0759373 0.0576849 0.1088089 0.0918159 0.0880360 0.1066891 0.0704208 0.1060319 0.0672514 0.0731337 0.0689179 0.0708228 0.1035319 0.1150104 0.0996845 0.0816567 0.1080108 0.0754319 0.0554119 0.0904693 0.0931140 0.0506022 0.0570221 0.0800414 0.2662431 0.0685344 0.1037392 0.1880422 0.0774472 0.1299354 0.0748351 0.0852032 0.1258675 0.0612301 0.0829252 0.0642670 0.0642820 0.1027005 0.0717310 0.0572405 0.0994903 0.0767591 0.0800972 0.0889201 0.1188437 0.0728512 0.1052615 0.1003602 0.1337531 0.0968810 0.1086928 0.0905093 0.1810731 0.1108340 0.1130248 0.0954197 0.0922051 0.0851099 0.2053376 0.0827670 0.1864894 0.1238716 0.0898384 0.1156921 0.1096461 0.0829523 0.0881849 0.1753964 0.0813763 0.0899665 0.1026456 0.0566818 0.0767591 0.0796441 0.0962896 0.0827332 0.0372374 0.0791187 0.0996900 0.0910122 0.0854699 0.1021753 0.0950462 0.1014863 0.0940222 0.0793496 0.0809719 0.0924185 0.0850472 0.1011029 0.0922786 0.0740462 0.0790566 0.0964986 0.0642670 0.0667915 0.0938796 0.0894306 0.0902221 0.1141592 0.5043753 0.0925738 
S0303         0.4592544 0.4565151 0.5266646 0.0927227 0.0999038 0.1704921 0.1268586 0.1134105 0.0744769 0.1255609 0.0929286 0.0925812 0.1275960 0.0883807 0.0961671 0.1093296 0.0000000 0.0783802 0.0821648 0.0157448 0.1035684 0.1064929 0.1004928 0.0763397 0.0870415 0.1082032 0.0928309 0.0879560 0.0856477 0.1243398 0.0642866 0.1015921 0.0210309 0.1029920 0.0980454 0.1476572 0.0718409 0.0165886 0.0957387 0.1755734 0.1005500 0.0805278 0.1225148 0.0933565 0.0647054 0.1306027 0.0157796 0.1838627 0.1305548 0.0450606 0.0726640 0.0883519 0.1981133 0.1175619 0.0792478 0.1100230 0.1133663 0.1881440 0.1217566 0.1314970 0.0749133 0.0896871 0.0832590 0.0817190 0.2275190 0.0560859 0.1034289 0.1037888 0.0771822 0.0898489 0.1021398 0.1392734 0.1532534 0.1327897 0.0780002 0.0912289 0.0895682 0.0817115 0.2011799 0.1368032 0.1845491 0.1446950 0.1469562 0.1030391 0.0747618 0.0827456 0.1214059 0.1524059 0.0809301 0.0897394 0.0933106 0.0776799 0.0896871 0.0860360 0.0077199 0.0894313 0.1030877 0.0538958 0.0183103 0.0159089 0.0886478 0.0746356 0.0848699 0.0852451 0.1158425 0.0820699 0.1583699 0.0959105 0.0956485 0.0984558 0.1317618 0.1215926 0.0943518 0.1002568 0.1100230 0.0889768 0.1387703 0.0894462 0.0835505 0.1034712 0.7562037 0.0672195 
S0308         0.4500219 0.4485961 0.5540304 0.0889785 0.1276208 0.1818669 0.1236545 0.1154889 0.0716386 0.1152243 0.0855212 0.0833821 0.1210233 0.0652330 0.0979742 0.1073633 0.0783802 0.0000000 0.0804091 0.0693220 0.0953457 0.1015376 0.0997758 0.0760225 0.0866878 0.1089538 0.0659614 0.0922221 0.0792181 0.1210947 0.0684450 0.0876037 0.0715816 0.1104103 0.0969684 0.1254771 0.0629493 0.1166762 0.0891979 0.1497531 0.0954225 0.0783602 0.1171037 0.0927344 0.0809843 0.1119770 0.0685638 0.1785304 0.1332577 0.0735299 0.0640891 0.0847937 0.1925225 0.1148336 0.0825277 0.1078773 0.1109694 0.1719944 0.1185683 0.1149030 0.0604368 0.0893195 0.0890421 0.0788284 0.2194920 0.0382367 0.1020992 0.1304936 0.0949574 0.0962755 0.1047863 0.1422692 0.1502552 0.1561432 0.0576599 0.0837124 0.0915774 0.0815278 0.2019233 0.1317013 0.1783534 0.1273943 0.1457772 0.1046032 0.0548049 0.0821935 0.1324921 0.1736310 0.0802064 0.0794040 0.0924486 0.0751194 0.0893195 0.0859182 0.0655490 0.0886563 0.1082007 0.0356348 0.0712963 0.0664964 0.0850576 0.0634898 0.0849741 0.0914279 0.1088030 0.0789779 0.1467408 0.0953555 0.0909808 0.0995138 0.1386369 0.1295042 0.0939280 0.0891151 0.1078773 0.0853395 0.1417954 0.0958737 0.0864888 0.0931859 0.7271001 0.0670194 
S0320         0.4422743 0.4448173 0.5749888 0.0569689 0.0876375 0.1328206 0.0918741 0.0818911 0.0360626 0.0994867 0.0570232 0.0220084 0.1051485 0.0401834 0.0567534 0.0613008 0.0821648 0.0804091 0.0000000 0.0827354 0.0389476 0.0756774 0.0912848 0.0714363 0.0503237 0.0714392 0.0325185 0.0643891 0.0325007 0.0910702 0.0581660 0.0408099 0.0882082 0.0738661 0.0635835 0.1037932 0.0914348 0.0537272 0.0463281 0.1191865 0.0593912 0.0251869 0.0837053 0.0431103 0.0646050 0.0963245 0.0855016 0.1558393 0.1091571 0.1066868 0.0493339 0.0509678 0.1483951 0.0852805 0.0486728 0.0818494 0.0818668 0.1351031 0.1062954 0.0826447 0.0691517 0.0403137 0.0484250 0.0542313 0.1678123 0.0516995 0.0655818 0.0718790 0.0691199 0.0591728 0.0715534 0.1410166 0.1335853 0.1230245 0.0755367 0.0736903 0.0555016 0.0526020 0.1745576 0.1081887 0.1523495 0.0742310 0.1034593 0.0712459 0.0725280 0.0540540 0.0911769 0.1284686 0.0549660 0.0546993 0.0597258 0.0225011 0.0403137 0.0429115 0.0786435 0.0565618 0.0674169 0.0685685 0.0846580 0.0763207 0.0511178 0.0603059 0.0627292 0.0621866 0.0830819 0.0456696 0.1101585 0.0536680 0.0557567 0.0574219 0.1143299 0.1021785 0.0348540 0.0629682 0.0818494 0.0322863 0.1448713 0.0513303 0.0576189 0.0795315 0.7070667 0.0551794 
S0322         0.4706015 0.4620884 0.5534023 0.0857865 0.1072979 0.1758246 0.1234703 0.1039357 0.0780243 0.1228940 0.0825453 0.0891488 0.1093683 0.0803981 0.0889539 0.0931918 0.0157448 0.0693220 0.0827354 0.0000000 0.0954629 0.0936372 0.0923800 0.0806961 0.0796421 0.1061687 0.0883678 0.1068397 0.0793211 0.1064552 0.0599110 0.0937862 0.0195989 0.0981467 0.0937682 0.1340613 0.0751601 0.0000010 0.0918844 0.1554097 0.0926921 0.0748624 0.1081691 0.0894938 0.0857737 0.1148528 0.0171603 0.1759236 0.1215632 0.0411602 0.0678675 0.0818428 0.1773268 0.1003869 0.0734376 0.0937262 0.0967217 0.1659784 0.1101246 0.1107399 0.0722994 0.0861150 0.0799557 0.0757475 0.1935883 0.0521573 0.0987834 0.0988520 0.0967953 0.0870804 0.1113044 0.1226547 0.1555908 0.1360268 0.0754439 0.0954151 0.0858934 0.0759456 0.2001775 0.1210746 0.1765279 0.1270793 0.1402629 0.1015399 0.0724390 0.0795940 0.1104968 0.1514174 0.0748806 0.0830361 0.0892165 0.0722672 0.0861150 0.0827506 0.0120644 0.0858562 0.0912671 0.0498851 0.0170049 0.0147607 0.0820971 0.0692695 0.0818422 0.0882384 0.1027902 0.0760579 0.1412466 0.0921100 0.0882920 0.1043897 0.1232907 0.1143864 0.0936883 0.0926453 0.0937262 0.0921171 0.1222372 0.0859003 0.0835828 0.0956108 0.6964958 0.0598051 
S0327         0.4614338 0.4767700 0.6394333 0.0333813 0.0788169 0.1393187 0.0856883 0.0691424 0.0491219 0.0842245 0.0560649 0.0363675 0.0785827 0.0472204 0.0616496 0.0759373 0.1035684 0.0953457 0.0389476 0.0954629 0.0000000 0.0718032 0.0664080 0.0738607 0.0488538 0.0671509 0.0429188 0.0850643 0.0174121 0.0716723 0.0602116 0.0227503 0.0977298 0.0610957 0.0452374 0.1116581 0.0980821 0.0663420 0.0658259 0.1237147 0.0549539 0.0371150 0.0650638 0.0279750 0.1240637 0.0824564 0.0983867 0.1374608 0.1061310 0.1134928 0.0463527 0.0498471 0.1393098 0.0626809 0.0474780 0.0655925 0.0626809 0.1248074 0.1015438 0.0679238 0.0834181 0.0252661 0.0305879 0.0333111 0.1709073 0.0622403 0.0500746 0.0676584 0.0459343 0.0405208 0.0798049 0.1140829 0.1201253 0.1066385 0.0902994 0.0809204 0.0427255 0.0397385 0.1522975 0.0931742 0.1301550 0.0695321 0.0968941 0.0527206 0.0870924 0.0530134 0.0842775 0.1172010 0.0538013 0.0536665 0.0442844 0.0126194 0.0252661 0.0278451 0.0909753 0.0411772 0.0868194 0.0707829 0.0973744 0.0882412 0.0499971 0.0867537 0.0415897 0.0467886 0.0826708 0.0443984 0.1136989 0.0470740 0.0517528 0.0478244 0.0875135 0.0754630 0.0585349 0.0561199 0.0655925 0.0545084 0.1177599 0.0360413 0.0566679 0.0751894 0.7222041 0.0529190 
S0335         0.4513813 0.4147422 0.4766287 0.0598851 0.0614091 0.1162563 0.1035034 0.0228807 0.0815980 0.1084907 0.0601412 0.0758883 0.0394090 0.0642334 0.0658163 0.0576849 0.1064929 0.1015376 0.0756774 0.0936372 0.0718032 0.0000000 0.0419088 0.0917872 0.0590270 0.0849119 0.0840133 0.1135873 0.0693554 0.0253474 0.0655525 0.0741828 0.1043611 0.0845723 0.0728008 0.0561791 0.1004100 0.0645376 0.0893225 0.0562788 0.0718640 0.0715361 0.0320674 0.0664201 0.3967898 0.0396556 0.1045773 0.1756834 0.0483487 0.1183539 0.0401281 0.0592131 0.0746114 0.0202122 0.0568375 0.0201085 0.0175454 0.0602277 0.0483532 0.0395228 0.0862090 0.0632201 0.0572096 0.0597563 0.1127007 0.0637387 0.0790843 0.0942463 0.1402541 0.0630309 0.1160375 0.0658102 0.1456044 0.0603283 0.0927175 0.0991773 0.0652523 0.0588735 0.1962206 0.0255258 0.1719063 0.1159221 0.0674296 0.0728992 0.0894208 0.0539183 0.0617975 0.1527761 0.0519636 0.0663064 0.0630686 0.0620611 0.0632201 0.0600418 0.0968472 0.0688798 0.0507484 0.0749893 0.1003731 0.0913825 0.0593966 0.0895677 0.0626032 0.0654510 0.0579888 0.0535891 0.0420555 0.0778858 0.0678040 0.0832045 0.0475995 0.0337905 0.0918654 0.0721371 0.0201085 0.0893592 0.0690063 0.0694311 0.0636582 0.1064853 0.3326734 0.0515213 
S0345         0.3029472 0.3650158 0.3113486 0.0482038 0.0750310 0.1764066 0.0683967 0.0552468 0.0783292 0.0846028 0.0772736 0.1071034 0.0781209 0.0476683 0.0818252 0.1088089 0.1004928 0.0997758 0.0912848 0.0923800 0.0664080 0.0419088 0.0000000 0.0561490 0.0638736 0.0615608 0.0794085 0.1117342 0.0766911 0.0616825 0.0713003 0.0776748 0.0860012 0.0692003 0.0696988 0.0758183 0.0833337 0.0700334 0.0907847 0.0899071 0.0615608 0.0800410 0.0675380 0.0486800 0.0000010 0.0757301 0.0853168 0.1321871 0.0798148 0.0597766 0.0842211 0.0615608 0.0717179 0.0622322 0.0693033 0.0614802 0.0549769 0.0984267 0.0851090 0.0821036 0.0874185 0.0555074 0.0556311 0.0688148 0.0995415 0.0627789 0.0845729 0.1317899 0.0000010 0.0572457 0.0885356 0.0897148 0.1139181 0.1003258 0.0942029 0.0690911 0.0827656 0.0655829 0.1477868 0.0549769 0.1234629 0.0698098 0.1081531 0.0483965 0.0942029 0.0550183 0.0675579 0.1220211 0.0568057 0.0617773 0.0483965 0.0659220 0.0555074 0.0554649 0.0923015 0.0691652 0.0726217 0.0764760 0.0848720 0.0729051 0.0615608 0.1001150 0.0414021 0.0548760 0.0712577 0.0615608 0.0904623 0.0756511 0.0550183 0.0775059 0.0621082 0.0555560 0.1310940 0.0903943 0.0614802 0.1075088 0.0971532 0.0694505 0.0787722 0.0827797 3.5544773 0.0549701 
S0376         0.3545046 0.4070040 0.5680348 0.0611258 0.0497986 0.1710741 0.0507296 0.1039331 0.0527413 0.1076486 0.0513724 0.0718215 0.1083037 0.0468185 0.0515212 0.0918159 0.0763397 0.0760225 0.0714363 0.0806961 0.0738607 0.0917872 0.0561490 0.0000000 0.0357035 0.0511119 0.0713917 0.0686100 0.0681300 0.1030047 0.0176163 0.0621575 0.0836022 0.0780363 0.0803680 0.1056710 0.1053633 0.0772142 0.0678698 0.1198056 0.0383151 0.0627326 0.0981440 0.0614399 0.0488562 0.1169524 0.0765144 0.1034916 0.0981632 0.0632945 0.0662330 0.0413289 0.1738072 0.1036550 0.0417276 0.1030047 0.0993503 0.1595042 0.1437592 0.1138146 0.0852352 0.0579210 0.0545914 0.0647181 0.2054275 0.0578545 0.0758455 0.1077153 0.0864085 0.0708860 0.0813158 0.1406461 0.1006633 0.1616262 0.0892434 0.0751480 0.0748784 0.0674293 0.1185670 0.1107027 0.1022149 0.0594430 0.1486650 0.0681983 0.0894725 0.0480877 0.1235322 0.1002477 0.0392454 0.0484460 0.0712345 0.0633615 0.0579210 0.0646483 0.0759525 0.0645290 0.0816190 0.0703300 0.0829635 0.0732187 0.0383151 0.0856843 0.0582177 0.0778094 0.0785414 0.0383151 0.1184717 0.0789427 0.0448024 0.0728529 0.1291086 0.1170740 0.0932940 0.0613191 0.1030047 0.0707043 0.1362223 0.0716695 0.0486771 0.0814193 1.3902619 0.0475262 
S0400         0.4059652 0.3929557 0.5336317 0.0440265 0.0319956 0.1356401 0.0654785 0.0765035 0.0427157 0.0883230 0.0131094 0.0475403 0.0942366 0.0096375 0.0378064 0.0880360 0.0870415 0.0866878 0.0503237 0.0796421 0.0488538 0.0590270 0.0638736 0.0357035 0.0000000 0.0222566 0.0392231 0.0416054 0.0443180 0.0793552 0.0334247 0.0484740 0.0857538 0.0716499 0.0512011 0.0960692 0.0820314 0.0863181 0.0662886 0.1192757 0.0164956 0.0453914 0.0754372 0.0385196 0.0152605 0.0814028 0.0798809 0.1370272 0.0817687 0.0929449 0.0496854 0.0077260 0.1567279 0.0732271 0.0051626 0.0728121 0.0696902 0.1409377 0.1069938 0.0848317 0.0815155 0.0383086 0.0384599 0.0439288 0.1988234 0.0532604 0.0597595 0.0795712 0.0496900 0.0517228 0.0668456 0.1308735 0.1161143 0.1096778 0.0882960 0.0701908 0.0485555 0.0451126 0.1567006 0.0829997 0.1413595 0.0903239 0.1073164 0.0688313 0.0849581 0.0238715 0.0962915 0.1168140 0.0105559 0.0269934 0.0500512 0.0394388 0.0383086 0.0411244 0.0758694 0.0502581 0.0775377 0.0579356 0.0823324 0.0727887 0.0077489 0.0851012 0.0439265 0.0406357 0.0363913 0.0025630 0.1015872 0.0526104 0.0303887 0.0608064 0.1002559 0.0800788 0.0718985 0.0352812 0.0728121 0.0567634 0.1349503 0.0502412 0.0131715 0.0830077 0.6976621 0.0185210 
S0405         0.4702277 0.4187140 0.6415490 0.0621374 0.0698899 0.1620113 0.0470075 0.0988016 0.0739838 0.0857036 0.0337284 0.0687202 0.1131760 0.0177629 0.0500521 0.1066891 0.1082032 0.1089538 0.0714392 0.1061687 0.0671509 0.0849119 0.0615608 0.0511119 0.0222566 0.0000000 0.0508648 0.0520825 0.0653676 0.1013581 0.0520345 0.0666657 0.1120536 0.0959366 0.0667571 0.1147325 0.1150022 0.1588619 0.0850579 0.1348658 0.0098401 0.0672223 0.1078106 0.0655542 0.0155237 0.1067363 0.1053476 0.1274926 0.1007331 0.1018234 0.0719818 0.0280510 0.1757574 0.0952567 0.0256348 0.0947365 0.0916019 0.1635386 0.1259219 0.1161330 0.0967613 0.0652047 0.0652862 0.0651025 0.1996283 0.0715784 0.0781582 0.1065981 0.0692688 0.0740498 0.0802807 0.1503283 0.1352003 0.1478204 0.1004874 0.0806190 0.0736556 0.0671820 0.1364826 0.1161628 0.1154310 0.0943574 0.1412699 0.0797026 0.0971863 0.0473639 0.1222854 0.1259695 0.0314345 0.0419973 0.0742794 0.0580643 0.0652047 0.0680453 0.1014417 0.0775173 0.1017803 0.0837976 0.1080265 0.0991259 0.0281337 0.0973413 0.0682163 0.0704980 0.0582389 0.0228498 0.1145142 0.0770892 0.0334434 0.0886667 0.1333033 0.1128449 0.0967018 0.0563430 0.0947365 0.0782143 0.1543873 0.0775514 0.0285780 0.0878629 0.9648053 0.0365094 
S0407sl       0.3518171 0.4009637 0.5690603 0.0544572 0.0755237 0.1515071 0.0572319 0.0920244 0.0208354 0.0771593 0.0476708 0.0203022 0.1115202 0.0429797 0.0479512 0.0704208 0.0928309 0.0659614 0.0325185 0.0883678 0.0429188 0.0840133 0.0794085 0.0713917 0.0392231 0.0508648 0.0000000 0.0681849 0.0321029 0.0912125 0.0559701 0.0421690 0.0911028 0.0713046 0.0593934 0.1058744 0.0929460 0.1025170 0.0522304 0.1125191 0.0381402 0.0176672 0.0984941 0.0448709 0.0469929 0.1009092 0.0840564 0.1214193 0.1052351 0.0708120 0.0604907 0.0442297 0.1554105 0.0917831 0.0415329 0.0842631 0.0876687 0.1522326 0.1126345 0.0963754 0.0581357 0.0415648 0.0545734 0.0577097 0.1755063 0.0582600 0.0652701 0.0840688 0.0612745 0.0600354 0.0817065 0.1281345 0.1149624 0.1562821 0.0683858 0.0680382 0.0564425 0.0528531 0.1368394 0.1116911 0.1125135 0.0495330 0.1190681 0.0678437 0.0685563 0.0478573 0.1075160 0.1080322 0.0418084 0.0484523 0.0576482 0.0206195 0.0415648 0.0479627 0.0834339 0.0542407 0.0632551 0.0574587 0.0905884 0.0807230 0.0381402 0.0615286 0.0683409 0.0676997 0.0772082 0.0381402 0.1179740 0.0649763 0.0384496 0.0584280 0.1353303 0.1119331 0.0608511 0.0480676 0.0842631 0.0122230 0.1325586 0.0546036 0.0449877 0.0587185 1.6179829 0.0430355 
S0412sl       0.3974521 0.4336570 0.6963302 0.0684931 0.0806302 0.1880458 0.0560471 0.1169667 0.0624912 0.1046056 0.0562843 0.0602172 0.1439997 0.0507923 0.0601679 0.1060319 0.0879560 0.0922221 0.0643891 0.1068397 0.0850643 0.1135873 0.1117342 0.0686100 0.0416054 0.0520825 0.0681849 0.0000000 0.0684345 0.1265587 0.0531590 0.0793787 0.1141051 0.1079170 0.0839428 0.1313911 0.1260574 0.0000010 0.0694488 0.1617212 0.0400257 0.0703011 0.1462666 0.0771449 0.0308142 0.1404042 0.1012112 0.1153602 0.0870777 0.0892018 0.0486964 0.0476022 0.2273391 0.1275497 0.0403224 0.1265587 0.1218349 0.2050857 0.1648645 0.1495016 0.1025497 0.0725909 0.0813163 0.0682573 0.2832381 0.0683844 0.0872187 0.0969729 0.0771527 0.0802044 0.0755368 0.1730549 0.1329759 0.1624163 0.0984190 0.0898225 0.0812955 0.0673299 0.1348381 0.1604302 0.1153086 0.0891307 0.1647227 0.0808048 0.0987306 0.0600207 0.1428200 0.1158647 0.0490440 0.0566611 0.0812333 0.0584303 0.0725909 0.0768764 0.0956880 0.0768660 0.1108828 0.0805023 0.1094132 0.0970493 0.0400257 0.1035951 0.0731837 0.0765203 0.0950559 0.0400257 0.1536289 0.0864928 0.0480861 0.0919314 0.1592164 0.1289552 0.0935769 0.0602167 0.1265587 0.0627955 0.1791883 0.0814059 0.0488960 0.0819680 1.9600084 0.0595100 
S0417         0.4181078 0.4482635 0.5852630 0.0375378 0.0704699 0.1305303 0.0827840 0.0668676 0.0362178 0.0891923 0.0513966 0.0351283 0.0735224 0.0433650 0.0541423 0.0672514 0.0856477 0.0792181 0.0325007 0.0793211 0.0174121 0.0693554 0.0766911 0.0681300 0.0443180 0.0653676 0.0321029 0.0684345 0.0000000 0.0693235 0.0495599 0.0169339 0.0847555 0.0562645 0.0493003 0.0981079 0.0855554 0.0645376 0.0547059 0.1127306 0.0535199 0.0277237 0.0596209 0.0245124 0.1078162 0.0796807 0.0820663 0.1368861 0.0998373 0.1028826 0.0536279 0.0454792 0.1373983 0.0637868 0.0431743 0.0634554 0.0606421 0.1212681 0.0916918 0.0629010 0.0684425 0.0219217 0.0295624 0.0320784 0.1505477 0.0487179 0.0513991 0.0662638 0.0535793 0.0447629 0.0820587 0.1217917 0.1159182 0.1029440 0.0747587 0.0787777 0.0413895 0.0357874 0.1548332 0.0967276 0.1335011 0.0640973 0.0906248 0.0565807 0.0717807 0.0484864 0.0729598 0.1080921 0.0434942 0.0490653 0.0428940 0.0097544 0.0219217 0.0244027 0.0753060 0.0344009 0.0707846 0.0562377 0.0812594 0.0729785 0.0456121 0.0715154 0.0429339 0.0402064 0.0738928 0.0402471 0.1037776 0.0376993 0.0500046 0.0434837 0.0821618 0.0706891 0.0480739 0.0572231 0.0634554 0.0434882 0.1254556 0.0322468 0.0519267 0.0728690 0.7059311 0.0519852 
S0419         0.4564937 0.4435358 0.5810988 0.0602122 0.0700362 0.1303278 0.1194632 0.0119843 0.0946643 0.0911463 0.0757868 0.0886558 0.0405110 0.0794892 0.0814558 0.0731337 0.1243398 0.1210947 0.0910702 0.1064552 0.0716723 0.0253474 0.0616825 0.1030047 0.0793552 0.1013581 0.0912125 0.1265587 0.0693235 0.0000000 0.0818057 0.0739593 0.1137648 0.0867982 0.0729742 0.0741228 0.1201999 0.0965145 0.1157169 0.0815395 0.0881657 0.0907906 0.0365501 0.0665010 0.4361309 0.0275421 0.1142016 0.1707893 0.0635446 0.1254454 0.0575632 0.0746575 0.0959915 0.0095308 0.0723896 0.0094844 0.0070940 0.0861604 0.0405552 0.0376570 0.1083156 0.0634227 0.0605093 0.0600876 0.1359205 0.0855925 0.0786716 0.0967595 0.1154308 0.0632500 0.1253733 0.0485605 0.1454072 0.0522022 0.1118838 0.1030833 0.0653812 0.0592495 0.1903342 0.0283708 0.1671807 0.1105026 0.0729078 0.0815781 0.1085449 0.0724141 0.0591273 0.1485286 0.0677255 0.0820600 0.0632766 0.0623143 0.0634227 0.0603637 0.1096460 0.0748017 0.0695558 0.0916568 0.1099495 0.1043471 0.0748855 0.1055516 0.0689065 0.0713378 0.0737204 0.0690209 0.0726233 0.0775252 0.0838997 0.0856131 0.0481275 0.0377111 0.1073862 0.0816893 0.0094844 0.1143481 0.0514962 0.0693963 0.0794711 0.0894042 0.4589088 0.0790193 
S0427         0.4097823 0.3839028 0.5361160 0.0588006 0.0480859 0.1327099 0.0762819 0.0792509 0.0448867 0.0985558 0.0389159 0.0584299 0.0860073 0.0345166 0.0417107 0.0689179 0.0642866 0.0684450 0.0581660 0.0599110 0.0602116 0.0655525 0.0713003 0.0176163 0.0334247 0.0520345 0.0559701 0.0531590 0.0495599 0.0818057 0.0000000 0.0475346 0.0653061 0.0729162 0.0751963 0.1045401 0.0770175 0.0648438 0.0551578 0.1129611 0.0403492 0.0475835 0.0756765 0.0530803 0.0662340 0.0828327 0.0596457 0.1194512 0.0870716 0.0723670 0.0554061 0.0305051 0.1458705 0.0759174 0.0280681 0.0755056 0.0725012 0.1326075 0.0984359 0.0791058 0.0703278 0.0500908 0.0443212 0.0470265 0.1684530 0.0385056 0.0682409 0.0818337 0.0560890 0.0614793 0.0641213 0.1151327 0.1094690 0.1212374 0.0767511 0.0623668 0.0608179 0.0545235 0.1418133 0.0882441 0.1203917 0.0796590 0.1114228 0.0734357 0.0736840 0.0360607 0.0956060 0.1081696 0.0285925 0.0361605 0.0619226 0.0509631 0.0500908 0.0528240 0.0562111 0.0526587 0.0564300 0.0511996 0.0620058 0.0537830 0.0332474 0.0703292 0.0499956 0.0583090 0.0553293 0.0279239 0.1006931 0.0648018 0.0425084 0.0654105 0.0965514 0.0867559 0.0731298 0.0501196 0.0755056 0.0723650 0.1115142 0.0618024 0.0393163 0.0769656 0.6269354 0.0324131 
S0428sl       0.4153855 0.4456063 0.5906540 0.0411145 0.0758355 0.1331429 0.0845103 0.0714559 0.0478200 0.0871960 0.0554256 0.0436363 0.0843291 0.0407831 0.0581031 0.0708228 0.1015921 0.0876037 0.0408099 0.0937862 0.0227503 0.0741828 0.0776748 0.0621575 0.0484740 0.0666657 0.0421690 0.0793787 0.0169339 0.0739593 0.0475346 0.0000000 0.0994447 0.0543833 0.0474241 0.1067084 0.0963610 0.0853521 0.0550759 0.1185627 0.0545774 0.0360439 0.0542826 0.0276847 0.1324973 0.0813947 0.0966550 0.1240532 0.1022916 0.1090043 0.0548319 0.0465583 0.1401883 0.0649715 0.0469500 0.0679060 0.0650094 0.1142912 0.1044807 0.0578149 0.0820058 0.0250069 0.0249999 0.0385420 0.1471807 0.0612167 0.0524397 0.0702051 0.0548089 0.0483436 0.0781827 0.1241635 0.1145037 0.1087713 0.0887478 0.0726844 0.0449730 0.0393647 0.1387607 0.0949086 0.1178773 0.0584703 0.0991074 0.0549423 0.0856020 0.0524158 0.0865006 0.1049199 0.0473075 0.0527922 0.0466389 0.0200655 0.0250069 0.0275576 0.0894020 0.0353230 0.0777876 0.0695673 0.0956769 0.0870812 0.0494410 0.0852755 0.0466821 0.0518640 0.0787748 0.0439119 0.1054636 0.0492775 0.0478809 0.0412475 0.0932863 0.0814031 0.0629078 0.0614526 0.0679060 0.0529605 0.1278983 0.0356573 0.0531749 0.0800968 0.6960692 0.0571306 
