120
CRNC          0.0000000 0.1996426 0.3060334 0.3862596 0.4616569 0.3828071 0.3819675 0.4274400 0.2965030 0.4714103 0.4724691 0.3802099 0.4486568 0.3598496 0.3648953 0.3539956 0.3955407 0.4242706 0.4287369 0.4402115 0.4288450 0.3822394 0.4088974 0.2681364 0.3939103 0.3622533 0.3750831 0.4393772 0.4118771 0.4284935 0.3841401 0.4560289 0.3948197 0.4224748 0.4131412 0.4971206 0.4475297 0.3615846 0.3934689 0.3625803 0.4038665 0.4190496 0.4167344 0.3848367 0.3293004 0.4179861 0.4050228 0.3938263 0.4114203 0.4100666 0.4014831 0.3907680 0.3936167 0.3885736 0.4130265 0.4143215 0.4462575 0.4091849 0.5493464 0.4332873 0.3824411 0.4189151 0.3985917 0.4090233 0.4278923 0.4078702 0.4220025 0.4192356 0.4013881 0.4225338 0.3811087 0.4051007 0.4117695 0.4021792 0.4015855 0.3964172 0.3993715 0.3868405 0.3859542 0.4781124 0.3598033 0.3718205 0.4109917 0.3490990 0.3992551 0.4264216 0.4277600 0.4138957 0.4189381 0.4133075 0.3635582 0.3882206 0.4500618 0.4207908 0.3889124 0.3782489 0.4653786 0.3699335 0.3698081 0.3148718 0.3402203 0.4518745 0.4144964 0.4088092 0.4102439 0.4003197 0.3787197 0.4585627 0.3790460 0.3916946 0.4225412 0.4430857 0.4229118 0.3742979 0.4251652 0.4999642 0.3657363 0.3849833 0.4375478 0.3841715 
HYZL          0.1996426 0.0000000 0.1036177 0.5677849 0.0000010 0.5256863 0.4153485 0.5894864 0.5803834 0.5836719 0.5106930 0.4699509 0.5029173 0.4471065 0.5076037 0.4735006 0.3849127 0.5415407 0.3157137 0.5536919 0.3157137 0.4401557 0.5163056 0.0000010 0.5374187 0.4738531 0.5006161 0.4815285 0.5456720 0.5509621 0.5116798 0.5194657 0.4787860 0.4703260 0.5547909 0.8248128 0.6213762 0.5003343 0.5905461 0.5191239 0.4818884 0.4937378 0.4960980 0.4749198 0.3951822 0.5087652 0.5126960 0.4114975 0.6412042 0.5145056 0.4896379 0.5140189 0.4965083 0.5194846 0.5575143 0.5196731 0.6012921 0.6067495 1.0642794 0.4168998 0.5008663 0.7072952 0.5027190 0.5713837 0.5817236 0.5634640 0.4973448 0.6572110 0.3990225 0.5073732 0.4271835 0.5303765 0.5714746 0.5633195 0.4000196 0.5320980 0.4219450 0.5082684 0.5039615 0.5468467 0.4531235 0.4640044 0.3931990 0.4490071 0.5227465 0.4909977 0.4985877 0.4529277 0.4697290 0.5126960 0.5381076 0.4655008 0.6513061 0.5395765 0.4829579 0.5277206 0.6314706 0.5181133 0.4587297 0.4573469 0.4258603 0.5475176 0.5519918 0.4992832 0.5902806 0.4766007 0.4872614 0.5869027 0.4789486 0.5140189 0.4723965 0.6043442 0.4473162 0.4773328 0.6142054 0.6951460 0.4613637 0.4745501 0.6246609 0.6770985 
MYZV          0.3060334 0.1036177 0.0000000 0.4982214 0.5517350 0.5102703 0.4454248 0.4860567 0.4204348 0.5026253 0.5790574 0.4738677 0.4640682 0.4571890 0.4983820 0.4576630 0.4285247 0.5886822 0.5499219 0.4698163 0.5669198 0.4321847 0.5116654 0.4259703 0.4931728 0.4844458 0.4802921 0.4549132 0.5183049 0.4843052 0.4990323 0.5404151 0.5409402 0.4477662 0.5085008 0.5974780 0.6024723 0.4128207 0.4696336 0.4944143 0.4519879 0.4562572 0.5030813 0.4747043 0.4308365 0.5334672 0.5640691 0.4932349 0.5189924 0.5702026 0.5020661 0.5063589 0.5016460 0.5235013 0.5102634 0.5345257 0.5173040 0.5022787 0.6729920 0.4756695 0.4829815 0.4516436 0.5296416 0.5042398 0.5072909 0.5207502 0.4824035 0.5787119 0.4840266 0.4981585 0.4753323 0.4730589 0.5161941 0.4805665 0.5282182 0.5128938 0.4922999 0.4855244 0.4963733 0.5603561 0.4925250 0.4412502 0.5133818 0.4750045 0.5048185 0.5162948 0.4854996 0.4785028 0.4648983 0.5750551 0.5352008 0.4495260 0.5570754 0.5596978 0.5426721 0.4862492 0.5787116 0.4712449 0.4477327 0.4340867 0.4473096 0.5275307 0.4967850 0.4860966 0.4105644 0.4533526 0.4512312 0.4736934 0.5024140 0.5177899 0.4391741 0.5877880 0.4923003 0.4702857 0.5750189 0.7289157 0.4895237 0.4872811 0.6046518 0.5016737 
SRR6441723    0.3862596 0.5677849 0.4982214 0.0000000 0.0587851 0.1014181 0.1850245 0.1305295 0.0986390 0.1440950 0.1514027 0.0833361 0.1804686 0.0582633 0.0800781 0.0945728 0.1247056 0.1677176 0.1592155 0.1841770 0.1578457 0.1363753 0.0611337 0.0423052 0.1095378 0.0829955 0.0800267 0.1577901 0.1240060 0.1192830 0.0965259 0.1207978 0.1605508 0.1622482 0.1008748 0.1879460 0.1762280 0.1657247 0.1184784 0.0645222 0.1244114 0.1289352 0.1410324 0.1045988 0.0797569 0.1244844 0.1648566 0.1684437 0.1168380 0.1593931 0.1099118 0.1038080 0.0828720 0.1120674 0.1201209 0.1191030 0.1621404 0.1457540 0.2075615 0.1457843 0.0680413 0.1117748 0.1603677 0.0977488 0.1082773 0.1051646 0.1142186 0.1330480 0.1737395 0.0862881 0.1284621 0.1491223 0.1239290 0.1095141 0.1751236 0.1035076 0.1610874 0.1079160 0.0354367 0.1670538 0.0979223 0.0683670 0.1775572 0.0789563 0.1304017 0.0895816 0.1311719 0.1338542 0.1377995 0.1604243 0.1491280 0.1415600 0.1588911 0.1648673 0.1566493 0.0863161 0.1516702 0.0548358 0.0618400 0.0707499 0.0832372 0.1484995 0.0867483 0.1088961 0.1858167 0.0866258 0.0721769 0.1562558 0.1140654 0.1117689 0.1483232 0.1301239 0.1448733 0.0798701 0.1293124 0.2743231 0.1613679 0.1038905 0.0856881 0.1477277 
ERR4210213    0.4616569 0.0000010 0.5517350 0.0587851 0.0000000 0.0748708 0.1614737 0.1948367 0.0837061 0.1023835 0.1837910 0.0673131 0.1960319 0.0587876 0.0762117 0.0935820 0.1105297 0.2152460 0.1726835 0.2083540 0.2167559 0.1117843 0.0357751 0.0330862 0.0759777 0.0747339 0.0678240 0.1532682 0.2489531 0.0936117 0.1198918 0.1509186 0.1821993 0.1333502 0.1219661 0.2505976 0.1707640 0.0000010 0.1319166 0.0673131 0.1050428 0.1030507 0.1224078 0.1496232 0.0778338 0.1794490 0.2169992 0.1300299 0.1609174 0.2049908 0.1032859 0.1284670 0.0841429 0.1497726 0.1315985 0.1489405 0.1401151 0.1075082 0.1254680 0.1318017 0.0592162 0.1225666 0.1718280 0.1123198 0.1301266 0.1319209 0.1117019 0.1419324 0.1397931 0.1025197 0.1432979 0.1074641 0.1612964 0.1123804 0.1498077 0.1284670 0.1300299 0.1301064 0.0664929 0.1719625 0.1030049 0.0592573 0.1206940 0.0756429 0.1865027 0.0940135 0.1030689 0.1137200 0.1237537 0.1935314 0.1925208 0.1211418 0.1852253 0.1933416 0.1821993 0.0670864 0.1129819 0.0674315 0.0753756 0.0622977 0.0759057 0.2115903 0.1013198 0.1202850 0.2209188 0.0938193 0.0748343 0.1550423 0.1431291 0.1491941 0.1404947 0.1726647 0.1229384 0.0673131 0.1508743 0.0000010 0.0000010 0.1000789 0.0000010 0.0000010 
ERR2789774    0.3828071 0.5256863 0.5102703 0.1014181 0.0748708 0.0000000 0.2023524 0.1028272 0.1061670 0.1454011 0.1390436 0.0265753 0.1528354 0.0840325 0.0296993 0.0700078 0.1040691 0.1441763 0.1761360 0.1572981 0.1605940 0.1198217 0.1020176 0.0706790 0.0728139 0.0233270 0.0205944 0.1365650 0.1298116 0.1158005 0.1051288 0.0872299 0.1458316 0.1407383 0.1216870 0.1539698 0.1556356 0.1354601 0.0556949 0.0222917 0.1171015 0.1256139 0.1435043 0.1108627 0.0271115 0.1442263 0.1500270 0.1563416 0.1101915 0.1447659 0.0489344 0.1089832 0.0326745 0.1137455 0.1422404 0.1382384 0.1502287 0.1247306 0.2209208 0.1368169 0.0761163 0.1120853 0.1463427 0.1184648 0.1295668 0.1220704 0.0983835 0.1302113 0.1614701 0.1173474 0.1049645 0.1257591 0.1373576 0.1223945 0.1683146 0.1086615 0.1579114 0.1249727 0.0939702 0.1518723 0.0623620 0.0838912 0.1559452 0.0234431 0.0986869 0.1066986 0.1194949 0.1361934 0.1402176 0.1457036 0.1551995 0.1241900 0.1461469 0.1500507 0.1419847 0.0452233 0.1393317 0.1099840 0.0915968 0.0179064 0.0297439 0.1284014 0.1109096 0.0659446 0.2162886 0.1036678 0.0993314 0.1505377 0.0624750 0.1171693 0.1276706 0.1272369 0.1474201 0.0235476 0.1264397 0.1340123 0.0559929 0.0613707 0.1655817 0.0657552 
PAFTOL_019361 0.3819675 0.4153485 0.4454248 0.1850245 0.1614737 0.2023524 0.0000000 0.2239004 0.1546034 0.2166263 0.2391796 0.1793286 0.2135702 0.1789351 0.1736323 0.1793017 0.1828999 0.2401733 0.2043502 0.2241440 0.2002130 0.1910240 0.2012203 0.1267573 0.1915322 0.1784736 0.1754272 0.1920074 0.2470057 0.1905479 0.1786231 0.2153960 0.2110071 0.2008314 0.2187862 0.2881620 0.2370019 0.1870603 0.2093362 0.1686603 0.1945667 0.1940257 0.2013653 0.1852253 0.1859978 0.2301185 0.2372692 0.1929958 0.2023755 0.2302642 0.1953847 0.1876203 0.1881625 0.1984677 0.2436111 0.2126996 0.2228200 0.2124276 0.3005441 0.1975961 0.1729353 0.1314861 0.2153673 0.2197367 0.2332872 0.2241307 0.2093245 0.2114300 0.1887112 0.2183773 0.2017288 0.2139185 0.2275971 0.2196611 0.2108284 0.1869931 0.1953717 0.2277178 0.1810810 0.2329244 0.1825103 0.1846808 0.1892410 0.1691707 0.2181748 0.1972800 0.1906936 0.1933262 0.1979144 0.2318733 0.1746841 0.1776068 0.2427836 0.2279123 0.2155456 0.1772746 0.2322203 0.1722615 0.1744385 0.1657080 0.1715399 0.2605024 0.2078753 0.2111334 0.2300456 0.2095570 0.1892390 0.2312818 0.2020284 0.1979160 0.1980881 0.2364060 0.2057600 0.1750704 0.2125297 0.5139960 0.3777722 0.1997206 0.4515410 0.1981711 
S0055         0.4274400 0.5894864 0.4860567 0.1305295 0.1948367 0.1028272 0.2239004 0.0000000 0.1155471 0.1697993 0.1487842 0.0844315 0.1417930 0.1038283 0.0882445 0.0923811 0.1299369 0.1432755 0.1684844 0.1203053 0.1534445 0.1642175 0.1386232 0.1378602 0.0983093 0.0840809 0.0773207 0.1418222 0.0992376 0.1386841 0.1227987 0.1101905 0.1537275 0.1714373 0.1139865 0.1686699 0.1813481 0.1258666 0.0796395 0.0689631 0.1229377 0.1650478 0.1603225 0.0954134 0.0991123 0.1312472 0.1403910 0.1977183 0.0981011 0.1438588 0.1034655 0.1307812 0.0840294 0.1400412 0.1381491 0.1391595 0.1816069 0.1383154 0.2273209 0.1603827 0.0950663 0.1360551 0.1554141 0.1189378 0.1217463 0.1185469 0.1325318 0.1556697 0.2036768 0.1398287 0.1346312 0.1549264 0.1160325 0.1140428 0.1949443 0.1303747 0.1944206 0.1295722 0.1148914 0.1558218 0.0983202 0.1034678 0.2077806 0.0841225 0.0828881 0.1064839 0.1416887 0.1484528 0.1476917 0.1447869 0.2030775 0.1302689 0.1490222 0.1482866 0.1498267 0.0906428 0.1610140 0.1313442 0.1119327 0.0646216 0.0883536 0.0519215 0.1106914 0.0908610 0.2171467 0.1200091 0.1153832 0.1425201 0.0831004 0.1396540 0.1374458 0.1481517 0.1643629 0.0809097 0.1386065 0.1817923 0.0997863 0.1012405 0.1511543 0.0651831 
S0196sl       0.2965030 0.5803834 0.4204348 0.0986390 0.0837061 0.1061670 0.1546034 0.1155471 0.0000000 0.1311171 0.0781657 0.0854881 0.1531662 0.0861810 0.0930080 0.0801707 0.1395080 0.1774095 0.1845045 0.1535805 0.1691827 0.1239646 0.1069902 0.0823092 0.1228654 0.0921303 0.0864852 0.1395676 0.1370569 0.0998466 0.0402405 0.1803423 0.1530117 0.1321651 0.0931287 0.2140615 0.1701502 0.0865814 0.0990776 0.0813010 0.0930388 0.1080286 0.1308692 0.1128799 0.0864646 0.0858402 0.1697656 0.1240892 0.1121583 0.1697656 0.1312711 0.0399623 0.0921436 0.0459481 0.0846066 0.0651695 0.1319217 0.1047611 0.1424830 0.1482209 0.0654187 0.1066656 0.1603033 0.0790806 0.0999078 0.0932661 0.1095061 0.0531097 0.1402280 0.1068535 0.1107143 0.1140274 0.0934878 0.0868632 0.1512365 0.0397638 0.1184670 0.0924699 0.0782786 0.1523809 0.1227748 0.0799026 0.1410276 0.0924538 0.1118328 0.1230310 0.0999351 0.1333483 0.1235578 0.1697552 0.1575742 0.1320811 0.1587991 0.1612490 0.1530117 0.1056758 0.1298704 0.1146971 0.1075188 0.0799244 0.0927002 0.1664921 0.1154349 0.1363655 0.1789601 0.1395491 0.1228702 0.1435853 0.0989570 0.0399623 0.1463232 0.0791884 0.1546678 0.0864131 0.0590687 8.3821909 2.8185335 0.1269702 2.8185335 0.0000010 
S0278         0.4714103 0.5836719 0.5026253 0.1440950 0.1023835 0.1454011 0.2166263 0.1697993 0.1311171 0.0000000 0.1519763 0.1211235 0.0773550 0.1305899 0.1295973 0.1440907 0.0418308 0.1991448 0.2143911 0.0845303 0.2096505 0.0592724 0.1372251 0.1029387 0.1264317 0.1248166 0.1218183 0.0532785 0.1942875 0.0332220 0.1281967 0.1642401 0.1915017 0.0805588 0.1687568 0.2349288 0.2064308 0.0666583 0.1606645 0.1162805 0.0188444 0.0602164 0.1041530 0.1600684 0.1199033 0.1741176 0.1962463 0.1829001 0.1688480 0.1900986 0.1382809 0.1360896 0.1167172 0.1408737 0.1616413 0.1637201 0.0781188 0.1562499 0.1883230 0.0756228 0.1372816 0.0312299 0.1906007 0.1653969 0.1775581 0.1693751 0.1512944 0.1681833 0.1783242 0.1576358 0.1569708 0.1572631 0.1649638 0.1588029 0.2034869 0.1356737 0.1979816 0.1633787 0.1283393 0.1872804 0.1512250 0.1227555 0.1918739 0.1249127 0.1771794 0.1563078 0.0301180 0.1009170 0.1046602 0.1913803 0.1154375 0.0422247 0.2066589 0.1962214 0.1873128 0.1403552 0.1739201 0.1302628 0.1430539 0.1127177 0.1221826 0.1921886 0.1551692 0.1636393 0.1514635 0.1645803 0.1389881 0.0743036 0.1598991 0.1448789 0.0494119 0.1483938 0.1078096 0.1095869 0.1520410 0.3638152 0.1992903 0.1519133 0.2307132 0.1918419 
S0281         0.4724691 0.5106930 0.5790574 0.1514027 0.1837910 0.1390436 0.2391796 0.1487842 0.0781657 0.1519763 0.0000000 0.1226550 0.2025917 0.1414378 0.1314795 0.1415346 0.1387696 0.1677502 0.2017003 0.1886485 0.1630971 0.1439117 0.1479099 0.1362616 0.1488629 0.1266021 0.1194988 0.1651146 0.1960283 0.1379269 0.0699590 0.1714699 0.1604301 0.1647424 0.1416248 0.2425859 0.1886496 0.1465715 0.1492628 0.1224408 0.1392596 0.1437997 0.1692129 0.1805132 0.1447427 0.0876548 0.1648285 0.1942411 0.1651315 0.1592476 0.1531219 0.0731052 0.1143843 0.0807283 0.1571238 0.0764537 0.1654224 0.1671628 0.2653694 0.1483162 0.1313163 0.1563355 0.1662630 0.1422112 0.1540605 0.1460417 0.1777985 0.0806188 0.2056859 0.1520358 0.1580625 0.1639224 0.1482034 0.1412936 0.2131627 0.0728998 0.2018760 0.1473300 0.1274057 0.1885346 0.1393889 0.1161499 0.2153943 0.1267025 0.1297431 0.1413343 0.1427189 0.1614783 0.1561001 0.1603009 0.1767348 0.1486676 0.1897776 0.1648394 0.1564451 0.1424191 0.1882093 0.1490466 0.1504632 0.1058975 0.1316167 0.1895962 0.1637801 0.1522014 0.2356298 0.1693966 0.1496897 0.1858468 0.1190610 0.0805108 0.1563182 0.0733538 0.1733946 0.1192647 0.0737246 0.2425636 0.1227179 0.1231377 0.1659828 0.0683799 
S0282         0.3802099 0.4699509 0.4738677 0.0833361 0.0673131 0.0265753 0.1793286 0.0844315 0.0854881 0.1211235 0.1226550 0.0000000 0.1412938 0.0665167 0.0145790 0.0598194 0.0885010 0.1321001 0.1628007 0.1367682 0.1478846 0.1086670 0.0838198 0.0520182 0.0554978 0.0115556 0.0086868 0.1169779 0.1130773 0.0972296 0.0907253 0.0731289 0.1336096 0.1252039 0.1025700 0.1480923 0.1555681 0.1172310 0.0428817 0.0062458 0.0928970 0.1063847 0.1232937 0.0920810 0.0133232 0.1275199 0.1376743 0.1491426 0.0908793 0.1326326 0.0330052 0.0980174 0.0144890 0.1025888 0.1221861 0.1264334 0.1299248 0.1004893 0.1963423 0.1167171 0.0590757 0.0902346 0.1340625 0.0993944 0.1101112 0.1028879 0.0843501 0.1186031 0.1541939 0.0984842 0.0851361 0.1056199 0.1134409 0.1070799 0.1602550 0.0977331 0.1506342 0.1058006 0.0762079 0.1270535 0.0491792 0.0664019 0.1579538 0.0115556 0.0805548 0.0881682 0.1008039 0.1161836 0.1200460 0.1334833 0.1373166 0.1041354 0.1382776 0.1377068 0.1298462 0.0295896 0.1152034 0.0913882 0.0737191 0.0058883 0.0146015 0.1086022 0.0921341 0.0524974 0.1854259 0.0887001 0.0810880 0.1301463 0.0493374 0.1059654 0.1085755 0.1118342 0.1270730 0.0057441 0.1111489 0.1234276 0.0264295 0.0451611 0.1659970 0.0670431 
S0289         0.4486568 0.5029173 0.4640682 0.1804686 0.1960319 0.1528354 0.2135702 0.1417930 0.1531662 0.0773550 0.2025917 0.1412938 0.0000000 0.1604290 0.1457168 0.1434393 0.0486750 0.2158057 0.2419474 0.0549629 0.2384033 0.0873079 0.1895855 0.1598270 0.1359359 0.1406631 0.1376609 0.0665125 0.1374955 0.0698113 0.1703908 0.1793239 0.2094776 0.1023241 0.1811343 0.2243500 0.2126184 0.0547571 0.1441259 0.1285351 0.0563246 0.1001574 0.1142939 0.1413221 0.1324845 0.1973251 0.2027330 0.2044370 0.1578108 0.2065005 0.1370195 0.1790926 0.1406030 0.1895243 0.1592043 0.1998900 0.1153438 0.1495633 0.1956745 0.0930330 0.1670598 0.0687719 0.2153053 0.1874701 0.1960207 0.1818010 0.1785046 0.2081143 0.1996861 0.1881338 0.1414392 0.1736248 0.1824533 0.1670376 0.2328059 0.1785083 0.2202664 0.1811565 0.1674318 0.1675063 0.1563752 0.1611948 0.2137516 0.1407868 0.1565724 0.1774394 0.0627635 0.1110622 0.1108744 0.2078997 0.1587816 0.0594442 0.2132906 0.2143934 0.2139814 0.1360822 0.1762646 0.1734706 0.1738553 0.1198293 0.1380710 0.1616575 0.1673344 0.1529151 0.2089009 0.1926498 0.1694803 0.0657704 0.1437123 0.1890063 0.0625852 0.1889950 0.1179855 0.1373870 0.1851075 0.3081144 0.2110994 0.1686728 0.2658181 0.1953540 
S0292         0.3598496 0.4471065 0.4571890 0.0582633 0.0587876 0.0840325 0.1789351 0.1038283 0.0861810 0.1305899 0.1414378 0.0665167 0.1604290 0.0000000 0.0701161 0.0773250 0.1101218 0.1365628 0.1375344 0.1430057 0.1417435 0.1223908 0.0583972 0.0337234 0.0807893 0.0662495 0.0632669 0.1355325 0.1081989 0.0985430 0.0799371 0.0805599 0.1468413 0.1355663 0.0625863 0.1750741 0.1610451 0.1197874 0.1043485 0.0614575 0.1059420 0.1150404 0.1183717 0.0761540 0.0566763 0.1104988 0.1422551 0.1495660 0.1024790 0.1371179 0.0885963 0.0870426 0.0591860 0.0949909 0.0767600 0.1060029 0.1392663 0.1260747 0.1899979 0.1305734 0.0391577 0.1081582 0.1466621 0.0665432 0.0693904 0.0663500 0.1034745 0.1271789 0.1412216 0.0765337 0.1138358 0.1266627 0.0836583 0.0700342 0.1469834 0.0867943 0.1463414 0.0691883 0.0516635 0.1434724 0.0806136 0.0392124 0.1495771 0.0624267 0.1118043 0.0590578 0.1100393 0.1113542 0.1151538 0.1380031 0.1522039 0.1183369 0.1391541 0.1510948 0.1429656 0.0726687 0.1450756 0.0520714 0.0115253 0.0540130 0.0631258 0.1246333 0.0523839 0.0837785 0.1809248 0.0327862 0.0174790 0.1537303 0.0961000 0.0947350 0.1265017 0.1279819 0.1220948 0.0631425 0.1195764 0.1878197 0.0887721 0.0866170 0.0872121 0.1068097 
S0293         0.3648953 0.5076037 0.4983820 0.0800781 0.0762117 0.0296993 0.1736323 0.0882445 0.0930080 0.1295973 0.1314795 0.0145790 0.1457168 0.0701161 0.0000000 0.0633558 0.0884574 0.1363836 0.1702657 0.1411255 0.1549482 0.1090951 0.0839696 0.0620300 0.0627219 0.0145261 0.0116486 0.1211016 0.1134534 0.1011051 0.0945617 0.0767876 0.1379473 0.1294290 0.1065677 0.1451310 0.1602051 0.1168507 0.0426782 0.0062542 0.1013415 0.1068074 0.1275594 0.0959887 0.0202916 0.1365358 0.1420648 0.1439472 0.0914448 0.1369371 0.0362180 0.1019321 0.0205288 0.1065831 0.1264161 0.1307187 0.1342231 0.1131252 0.1967186 0.1171971 0.0625639 0.0961257 0.1384211 0.1033762 0.1141932 0.1068997 0.0927742 0.1139477 0.1488927 0.0988705 0.1016401 0.1181456 0.1217614 0.1111518 0.1548027 0.1016341 0.1453683 0.1098159 0.0763431 0.1401205 0.0493568 0.0699955 0.1526065 0.0145264 0.0843071 0.0920174 0.1047114 0.1203936 0.1242973 0.1378199 0.1376355 0.1083305 0.1426982 0.1420944 0.1341479 0.0327371 0.1278537 0.0915523 0.0736836 0.0088837 0.0176223 0.1046243 0.0960411 0.0559223 0.1859339 0.0925766 0.0848648 0.1344623 0.0527377 0.1099845 0.1125812 0.1159897 0.1313745 0.0116265 0.1152729 0.1227118 0.0460383 0.0484548 0.1513252 0.0659920 
S0294         0.3539956 0.4735006 0.4576630 0.0945728 0.0935820 0.0700078 0.1793017 0.0923811 0.0801707 0.1440907 0.1415346 0.0598194 0.1434393 0.0773250 0.0633558 0.0000000 0.1058234 0.1407680 0.1575185 0.1381438 0.1568689 0.1266374 0.1059661 0.0433460 0.0731052 0.0595811 0.0564410 0.1349188 0.0912734 0.1261041 0.0949610 0.0840469 0.1423887 0.1316783 0.0996264 0.1308831 0.1693307 0.1333237 0.0887871 0.0469334 0.1193366 0.1238841 0.1362765 0.0838140 0.0614364 0.1071749 0.1465636 0.1292137 0.0795599 0.1413439 0.0849919 0.0988761 0.0665450 0.1072026 0.1234893 0.1021090 0.1492834 0.1167044 0.2132551 0.1223504 0.0694945 0.1087850 0.1383911 0.0964356 0.1071693 0.0999363 0.0531284 0.1257848 0.1300008 0.1023421 0.1098940 0.1129768 0.1274176 0.1090625 0.1350144 0.0985857 0.1259948 0.1069002 0.0802833 0.1274063 0.0730118 0.0739670 0.1422398 0.0527418 0.0916603 0.0805829 0.1186704 0.1285901 0.1329809 0.1422605 0.1467123 0.1134789 0.1422927 0.1465900 0.1385502 0.0659076 0.1362644 0.0913685 0.0847845 0.0472356 0.0562345 0.1097211 0.0958188 0.0805312 0.1831227 0.0964784 0.0924146 0.1483505 0.0807194 0.1069106 0.1221103 0.1120522 0.1359418 0.0564861 0.1026962 0.1972585 0.1211181 0.0760440 0.2060099 0.1375841 
S0299         0.3955407 0.3849127 0.4285247 0.1247056 0.1105297 0.1040691 0.1828999 0.1299369 0.1395080 0.0418308 0.1387696 0.0885010 0.0486750 0.1101218 0.0884574 0.1058234 0.0000000 0.1689285 0.1901541 0.0520877 0.1862250 0.0284515 0.1251562 0.1114176 0.1039998 0.0881175 0.0846935 0.0351145 0.1459565 0.0349872 0.1245632 0.1334043 0.1612346 0.0556776 0.1430840 0.1932899 0.1915656 0.0356972 0.1133312 0.0841694 0.0334050 0.0529156 0.0786702 0.1312352 0.0814743 0.1629331 0.1653171 0.1512817 0.1434705 0.1641693 0.0966969 0.1328662 0.0920742 0.1425162 0.1311282 0.1518718 0.0709113 0.1346052 0.1509893 0.0534851 0.1128524 0.0324400 0.1693342 0.1396184 0.1518330 0.1436276 0.1315357 0.1651595 0.1509632 0.1247738 0.1152774 0.1257165 0.1472169 0.1318718 0.1709962 0.1324381 0.1611837 0.1243108 0.1125500 0.1489694 0.1129975 0.1021780 0.1601285 0.0881654 0.1116002 0.1307442 0.0348714 0.0712924 0.0790609 0.1653111 0.1164739 0.0368881 0.1905755 0.1658727 0.1612346 0.1031898 0.1491708 0.1131636 0.1182511 0.0825077 0.0852534 0.1464916 0.1266267 0.1208506 0.1690669 0.1403607 0.1181724 0.0560784 0.1168155 0.1421083 0.0283245 0.1400534 0.0747346 0.0848080 0.1482529 0.2179486 0.1288117 0.1145183 0.1883995 0.1204251 
S0303         0.4242706 0.5415407 0.5886822 0.1677176 0.2152460 0.1441763 0.2401733 0.1432755 0.1774095 0.1991448 0.1677502 0.1321001 0.2158057 0.1365628 0.1363836 0.1407680 0.1689285 0.0000000 0.1006012 0.1907894 0.0125889 0.2028271 0.1614960 0.2096461 0.1349578 0.1315219 0.1242772 0.1939225 0.1691611 0.1741831 0.1277357 0.1524903 0.0204052 0.1885992 0.1578538 0.2013606 0.0868912 0.1784014 0.1569451 0.1196055 0.1651415 0.1763261 0.1801079 0.1569177 0.1407734 0.1376120 0.0114746 0.2070034 0.1556233 0.0056794 0.1542863 0.1365858 0.1231347 0.1418753 0.1673605 0.1245684 0.2039749 0.1161232 0.2652300 0.1668653 0.1353396 0.1926064 0.0420998 0.1636480 0.1663598 0.1457159 0.1760848 0.1584367 0.2091010 0.1782463 0.1115309 0.1199593 0.1560236 0.1585078 0.2255585 0.1361658 0.2142190 0.1619053 0.1512704 0.1355770 0.1302094 0.1353450 0.2170390 0.1233887 0.1357881 0.1576248 0.1782675 0.1770741 0.1761511 0.0144048 0.2063828 0.1780759 0.1021527 0.0174046 0.0174490 0.1383980 0.1373502 0.1700228 0.1406280 0.1190417 0.1244090 0.2113728 0.1533787 0.1349868 0.2405655 0.1628172 0.1493215 0.1940756 0.1234761 0.1454376 0.1876819 0.1622728 0.1851288 0.1282889 0.1414481 0.2195419 0.1188374 0.1349195 0.2146728 0.0000010 
S0308         0.4287369 0.3157137 0.5499219 0.1592155 0.1726835 0.1761360 0.2043502 0.1684844 0.1845045 0.2143911 0.2017003 0.1628007 0.2419474 0.1375344 0.1702657 0.1575185 0.1901541 0.1006012 0.0000000 0.2240271 0.0952204 0.2007409 0.1618258 0.1974898 0.1700535 0.1759658 0.1566867 0.2147344 0.2088201 0.1838249 0.1360635 0.1899172 0.0846844 0.1900450 0.1757233 0.2297157 0.1272375 0.2165810 0.1894734 0.1548606 0.1699468 0.1582201 0.1634548 0.1875456 0.1793578 0.1907509 0.1009964 0.2113269 0.1872944 0.0954677 0.2143565 0.1436846 0.1690140 0.1567792 0.1870735 0.1690480 0.2147844 0.1198369 0.1537344 0.1656623 0.1359589 0.1744797 0.0836774 0.1629085 0.1819832 0.1759216 0.1834272 0.1838138 0.2118655 0.1733549 0.1109363 0.1167024 0.1871135 0.1913322 0.2228296 0.1430250 0.2071212 0.1958744 0.1522596 0.1425435 0.1619271 0.1375235 0.2125068 0.1559937 0.1764233 0.1982539 0.1913190 0.1593320 0.1581168 0.0954601 0.1975042 0.2127283 0.1259837 0.0900257 0.0846844 0.1873940 0.1429921 0.1689793 0.1436618 0.1488185 0.1630894 0.2382143 0.1757181 0.1535673 0.2360689 0.1771788 0.1567137 0.2119561 0.1483825 0.1571359 0.2126653 0.1924982 0.1710354 0.1643519 0.1834088 8.7789261 2.8185335 0.1621101 2.8185335 0.0000010 
S0320         0.4402115 0.5536919 0.4698163 0.1841770 0.2083540 0.1572981 0.2241440 0.1203053 0.1535805 0.0845303 0.1886485 0.1367682 0.0549629 0.1430057 0.1411255 0.1381438 0.0520877 0.1907894 0.2240271 0.0000000 0.2208679 0.0839316 0.1805833 0.1729827 0.1282117 0.1361631 0.1331698 0.0626596 0.1463783 0.0699977 0.1708202 0.1572918 0.2029409 0.1060705 0.1536255 0.2198028 0.1974244 0.0547219 0.1366878 0.1282841 0.0526446 0.0919945 0.1183155 0.1488063 0.1280609 0.1913128 0.1879224 0.2166530 0.1625960 0.1916065 0.1325511 0.1795547 0.1279573 0.1900301 0.1466889 0.1904571 0.1151493 0.1525457 0.1910190 0.0850193 0.1541721 0.0635211 0.2001543 0.1593386 0.1674163 0.1541786 0.1731514 0.2078995 0.2117436 0.1698257 0.1528993 0.1502066 0.1539897 0.1443797 0.2284900 0.1789671 0.2220675 0.1629757 0.1669164 0.1744319 0.1489241 0.1347075 0.2262785 0.1362784 0.1524834 0.1546895 0.0696212 0.1150691 0.1066387 0.1928865 0.1446822 0.0631330 0.1785887 0.2077533 0.1986981 0.1392357 0.1794545 0.1646837 0.1471867 0.1155000 0.1335659 0.1347274 0.1456025 0.1573671 0.1827387 0.1689589 0.1385827 0.0655301 0.1438467 0.1895092 0.0523300 0.1929913 0.1220398 0.1329058 0.1805947 0.2617218 0.1566210 0.1638403 0.2328832 0.1449090 
S0322         0.4288450 0.3157137 0.5669198 0.1578457 0.2167559 0.1605940 0.2002130 0.1534445 0.1691827 0.2096505 0.1630971 0.1478846 0.2384033 0.1417435 0.1549482 0.1568689 0.1862250 0.0125889 0.0952204 0.2208679 0.0000000 0.1963498 0.1603613 0.2113662 0.1410844 0.1604507 0.1426734 0.2034115 0.1956268 0.1799177 0.1357926 0.1941384 0.0169728 0.1859927 0.1754452 0.1898944 0.0801691 0.1672369 0.1804174 0.1399271 0.1608733 0.1687245 0.1621283 0.1720048 0.1698298 0.1611265 0.0126268 0.1821219 0.1788132 0.0083653 0.1967882 0.1434002 0.1410397 0.1564746 0.1795616 0.1416291 0.2166792 0.1374615 0.1655764 0.1773120 0.1356885 0.1860499 0.0395298 0.1763883 0.1816904 0.1628999 0.1817776 0.1699472 0.1964351 0.1803765 0.1092166 0.0988386 0.1655424 0.1751162 0.2067876 0.1427418 0.1778806 0.1806966 0.1278521 0.1213798 0.1532482 0.1294959 0.1970132 0.1414114 0.1551721 0.1757753 0.1872121 0.1645855 0.1633334 0.0169393 0.2072576 0.2019595 0.1195988 0.0126506 0.0169728 0.1714845 0.1351349 0.1795069 0.1478600 0.1417540 0.1481385 0.2381011 0.1538407 0.1578814 0.2417566 0.1750166 0.1608966 0.2111772 0.1417116 0.1568306 0.2079929 0.1886282 0.1762961 0.1492475 0.1695682 8.7789261 2.8185335 0.1533732 2.8185335 0.0000010 
S0327         0.3822394 0.4401557 0.4321847 0.1363753 0.1117843 0.1198217 0.1910240 0.1642175 0.1239646 0.0592724 0.1439117 0.1086670 0.0873079 0.1223908 0.1090951 0.1266374 0.0284515 0.2028271 0.2007409 0.0839316 0.1963498 0.0000000 0.1406283 0.1036899 0.1172161 0.1082079 0.1052399 0.0562756 0.1800351 0.0488514 0.1278560 0.1496101 0.1951674 0.0522766 0.1597532 0.2297527 0.2101834 0.0601122 0.1465000 0.1066857 0.0455312 0.0566226 0.1005178 0.1591843 0.1012950 0.1694830 0.1999399 0.1781469 0.1653068 0.1937429 0.1169641 0.1319035 0.1160534 0.1409641 0.1527172 0.1548658 0.0885709 0.1498566 0.1680045 0.0609017 0.1249252 0.0453858 0.1986303 0.1564208 0.1683696 0.1603347 0.1477287 0.1713437 0.1736161 0.1253539 0.1424394 0.1342942 0.1649010 0.1487669 0.1884175 0.1315034 0.1780426 0.1545292 0.1282905 0.1768149 0.1255842 0.1146994 0.1870340 0.1045194 0.1588997 0.1515951 0.0490208 0.0893577 0.0930009 0.1950479 0.0870835 0.0418328 0.2055512 0.1999101 0.1909669 0.1230696 0.1674055 0.1179878 0.1307052 0.1001260 0.1055534 0.1860817 0.1464800 0.1450181 0.1504061 0.1562024 0.1306141 0.0883433 0.1369939 0.1405841 0.0523749 0.1515497 0.1041568 0.1050337 0.1551922 0.2894297 0.1951489 0.1341712 0.2443081 0.2335994 
S0335         0.4088974 0.5163056 0.5116654 0.0611337 0.0357751 0.1020176 0.2012203 0.1386232 0.1069902 0.1372251 0.1479099 0.0838198 0.1895855 0.0583972 0.0839696 0.1059661 0.1251562 0.1614960 0.1618258 0.1805833 0.1603613 0.1406283 0.0000000 0.0610177 0.1018328 0.0834752 0.0767789 0.1543023 0.1403923 0.1159776 0.0968492 0.1092113 0.1543095 0.1587463 0.0934274 0.1971703 0.1636437 0.1576388 0.1108314 0.0685761 0.1217487 0.1296885 0.1335415 0.1203212 0.0802816 0.1324679 0.1585989 0.1786812 0.1245946 0.1531821 0.1022464 0.1041586 0.0833506 0.1087860 0.1131630 0.1195136 0.1372180 0.1472949 0.2077859 0.1461911 0.0682599 0.1183851 0.1541274 0.0903237 0.1006930 0.0976025 0.1382525 0.1297720 0.1784844 0.0974179 0.1253518 0.1375260 0.1169339 0.1024191 0.1856744 0.1038562 0.1754694 0.1082840 0.0480290 0.1512098 0.1061396 0.0685267 0.1832869 0.0794083 0.1474895 0.0898801 0.1278220 0.1264148 0.1303121 0.1541812 0.1632659 0.1389990 0.1540904 0.1586155 0.1504033 0.0831540 0.1526257 0.0549607 0.0652931 0.0674912 0.0837196 0.1569898 0.0789646 0.1128639 0.1779836 0.0833629 0.0723472 0.1560867 0.1143556 0.1121515 0.1448898 0.1305881 0.1297090 0.0803324 0.1222071 0.2171462 0.1119748 0.1041461 0.0645727 0.1068097 
S0345         0.2681364 0.0000010 0.4259703 0.0423052 0.0330862 0.0706790 0.1267573 0.1378602 0.0823092 0.1029387 0.1362616 0.0520182 0.1598270 0.0337234 0.0620300 0.0433460 0.1114176 0.2096461 0.1974898 0.1729827 0.2113662 0.1036899 0.0610177 0.0000000 0.0524998 0.0611989 0.0524790 0.1380303 0.1474198 0.0817736 0.1034220 0.1373125 0.1714644 0.1409606 0.1144776 0.1972507 0.1589446 0.1081031 0.0925229 0.0529473 0.0913208 0.0932947 0.1257723 0.1127742 0.0520182 0.1589056 0.1977153 0.1260276 0.1021552 0.1977153 0.0933578 0.1134181 0.0711837 0.1251153 0.1475255 0.1244889 0.1277489 0.1422266 0.1445315 0.1258619 0.0428720 0.1025869 0.1593972 0.1024805 0.1136559 0.1147291 0.0728379 0.1156425 0.1502441 0.0814442 0.1185210 0.1087716 0.1493746 0.1260109 0.1510456 0.1134181 0.1273395 0.1018607 0.0600853 0.1740791 0.0823148 0.0340727 0.1386630 0.0614825 0.1139887 0.0816891 0.0818902 0.1282012 0.1394636 0.1977026 0.1609085 0.1119211 0.1717738 0.1842768 0.1714644 0.0519360 0.1507095 0.0427035 0.0520680 0.0520182 0.0611989 0.1661958 0.0811443 0.1122642 0.1893153 0.0625332 0.0613220 0.1574721 0.0923599 0.1134181 0.1356861 0.1401111 0.1489581 0.0524077 0.1258059 0.0000010 0.0000010 0.0608047 0.0000010 0.0000010 
S0376         0.3939103 0.5374187 0.4931728 0.1095378 0.0759777 0.0728139 0.1915322 0.0983093 0.1228654 0.1264317 0.1488629 0.0554978 0.1359359 0.0807893 0.0627219 0.0731052 0.1039998 0.1349578 0.1700535 0.1282117 0.1410844 0.1172161 0.1018328 0.0524998 0.0000000 0.0589889 0.0525918 0.1257032 0.1159465 0.1053559 0.1173288 0.0488727 0.1450842 0.1411282 0.1095205 0.1421736 0.1536409 0.1376296 0.0806095 0.0462892 0.1137821 0.1189116 0.1281086 0.1103891 0.0650013 0.1436085 0.1405607 0.1685766 0.0870577 0.1355004 0.0766328 0.1260007 0.0556060 0.1311416 0.1332400 0.1427952 0.1473836 0.1367095 0.1977071 0.1211733 0.0835960 0.1071170 0.1455901 0.1143529 0.1171492 0.1098599 0.1139522 0.1474879 0.1687856 0.1183891 0.1249065 0.1290817 0.1258293 0.1191011 0.1754297 0.1256160 0.1653082 0.1164528 0.1055257 0.1457482 0.0659098 0.0840136 0.1735699 0.0522197 0.1028230 0.0990138 0.1090104 0.1208991 0.1248278 0.1363659 0.1488451 0.1166785 0.1283580 0.1492807 0.1412564 0.0685900 0.1421074 0.1146907 0.0883176 0.0471343 0.0595184 0.1233485 0.0951554 0.0761995 0.1867181 0.1003224 0.0923945 0.1333380 0.0724468 0.1346882 0.1170186 0.1484606 0.1319483 0.0492599 0.1346592 0.1475867 0.0760454 0.0685537 0.1933390 0.1007467 
S0400         0.3622533 0.4738531 0.4844458 0.0829955 0.0747339 0.0233270 0.1784736 0.0840809 0.0921303 0.1248166 0.1266021 0.0115556 0.1406631 0.0662495 0.0145261 0.0595811 0.0881175 0.1315219 0.1759658 0.1361631 0.1604507 0.1082079 0.0834752 0.0611989 0.0589889 0.0000000 0.0086555 0.1164751 0.1171510 0.0968263 0.0903502 0.0728330 0.1330187 0.1246585 0.1021341 0.1528256 0.1548544 0.1041782 0.0427163 0.0062217 0.0967591 0.1059315 0.1227501 0.0916932 0.0132953 0.1315377 0.1370613 0.1484579 0.0948205 0.1320497 0.0328810 0.0976081 0.0174324 0.1021532 0.1216510 0.1258758 0.1293526 0.1083583 0.1908418 0.1162025 0.0588432 0.1011248 0.1334680 0.0989721 0.1096381 0.1024496 0.0843179 0.1180856 0.1534784 0.0980698 0.0970372 0.1134016 0.1170943 0.1029558 0.1594984 0.0973254 0.1499352 0.1053511 0.0759007 0.1350863 0.0489886 0.0661354 0.1519903 0.0115141 0.0802239 0.0878004 0.1003842 0.1156733 0.1195163 0.1328930 0.1496630 0.1036724 0.1376579 0.1370940 0.1292738 0.0294800 0.1230258 0.0910068 0.0734186 0.0029165 0.0145483 0.1081274 0.0917462 0.0522927 0.1946601 0.0883278 0.0807529 0.1295710 0.0491456 0.1055157 0.1081170 0.1113466 0.1227867 0.0086391 0.1106675 0.1001541 0.0266788 0.0449900 0.1369505 0.0308452 
S0405         0.3750831 0.5006161 0.4802921 0.0800267 0.0678240 0.0205944 0.1754272 0.0773207 0.0864852 0.1218183 0.1194988 0.0086868 0.1376609 0.0632669 0.0116486 0.0564410 0.0846935 0.1242772 0.1566867 0.1331698 0.1426734 0.1052399 0.0767789 0.0524790 0.0525918 0.0086555 0.0000000 0.1134888 0.1095905 0.0938680 0.0873709 0.0662571 0.1256941 0.1216648 0.0951918 0.1411839 0.1478905 0.1116598 0.0364838 0.0031181 0.0935917 0.1029297 0.1197127 0.0886699 0.0134201 0.1284752 0.1296799 0.1413716 0.0879415 0.1247739 0.0299660 0.0946266 0.0145609 0.0991481 0.1186311 0.1228499 0.1263451 0.1051948 0.1922331 0.1091407 0.0558940 0.0910520 0.1261120 0.0920315 0.1026087 0.0954843 0.0889947 0.1150609 0.1463202 0.0913343 0.0935318 0.1095907 0.1140877 0.1035930 0.1522236 0.0943519 0.1427737 0.1023560 0.0729387 0.1320385 0.0460456 0.0631572 0.1500528 0.0086553 0.0772296 0.0847905 0.0974297 0.1126185 0.1164632 0.1255696 0.1386473 0.1005299 0.1302764 0.1297171 0.1219811 0.0265972 0.1199797 0.0880077 0.0704220 0.0029329 0.0116673 0.1009733 0.0887238 0.0460167 0.1865204 0.0816083 0.0777427 0.1265532 0.0428520 0.1025180 0.1051506 0.1082965 0.1234784 0.0057733 0.1076349 0.1113896 0.0362398 0.0388601 0.1508778 0.0308452 
S0407sl       0.4393772 0.4815285 0.4549132 0.1577901 0.1532682 0.1365650 0.1920074 0.1418222 0.1395676 0.0532785 0.1651146 0.1169779 0.0665125 0.1355325 0.1211016 0.1349188 0.0351145 0.1939225 0.2147344 0.0626596 0.2034115 0.0562756 0.1543023 0.1380303 0.1257032 0.1164751 0.1134888 0.0000000 0.1838979 0.0397460 0.1457887 0.1419425 0.1863475 0.0631537 0.1744042 0.2318190 0.2010220 0.0239900 0.1473086 0.1074305 0.0353973 0.0569009 0.0892451 0.1595062 0.1106534 0.1994387 0.1910248 0.1734802 0.1694737 0.1849832 0.1257185 0.1540661 0.1166099 0.1638226 0.1672048 0.1834221 0.0741348 0.1464892 0.1699008 0.0611808 0.1383537 0.0400680 0.1897909 0.1710108 0.1783466 0.1742827 0.1649732 0.1810589 0.1689924 0.1506891 0.1380099 0.1429838 0.1650832 0.1594999 0.1989063 0.1535794 0.1882046 0.1640866 0.1454236 0.1674915 0.1382375 0.1266569 0.1822844 0.1165578 0.1583799 0.1650784 0.0397059 0.0860413 0.0896732 0.1862243 0.1032037 0.0388841 0.1959994 0.1910066 0.1821999 0.1236619 0.1641464 0.1429324 0.1482213 0.1043126 0.1138271 0.1621124 0.1517491 0.1502936 0.1513416 0.1701479 0.1440832 0.0666334 0.1453689 0.1633751 0.0236396 0.1754334 0.0928076 0.1132649 0.1687397 0.2761598 0.1830546 0.1430266 0.2483522 0.1956479 
S0412sl       0.4118771 0.5456720 0.5183049 0.1240060 0.2489531 0.1298116 0.2470057 0.0992376 0.1370569 0.1942875 0.1960283 0.1130773 0.1374955 0.1081989 0.1134534 0.0912734 0.1459565 0.1691611 0.2088201 0.1463783 0.1956268 0.1800351 0.1403923 0.1474198 0.1159465 0.1171510 0.1095905 0.1838979 0.0000000 0.1601651 0.1371162 0.1282967 0.1811282 0.1773225 0.1233536 0.1297927 0.1869023 0.1429037 0.1072613 0.0938308 0.1435721 0.1704526 0.1537583 0.0865834 0.1120816 0.1455452 0.1699062 0.2026630 0.0501765 0.1699062 0.1296302 0.1458144 0.1044099 0.1559084 0.1313744 0.1488757 0.1941414 0.1443908 0.2268140 0.1649189 0.1075853 0.1626576 0.1794767 0.1287073 0.1323629 0.1276965 0.1331884 0.1774682 0.2089679 0.1279470 0.1477204 0.1728342 0.1489410 0.1425580 0.2156714 0.1453330 0.1939395 0.1278123 0.1156810 0.1618554 0.1196324 0.1168607 0.2185941 0.1046083 0.1110880 0.1197695 0.1724464 0.1460453 0.1457611 0.1710822 0.2219407 0.1699660 0.1483618 0.1859503 0.1768256 0.1162323 0.1642029 0.1328140 0.1167211 0.0749438 0.1175241 0.1301656 0.1198365 0.0988932 0.2441844 0.1205746 0.1254396 0.1767184 0.1112710 0.1497871 0.1776696 0.1786960 0.1579075 0.1095429 0.1634483 0.2337517 0.1000682 0.1319576 0.1294433 0.0000010 
S0417         0.4284935 0.5509621 0.4843052 0.1192830 0.0936117 0.1158005 0.1905479 0.1386841 0.0998466 0.0332220 0.1379269 0.0972296 0.0698113 0.0985430 0.1011051 0.1261041 0.0349872 0.1741831 0.1838249 0.0699977 0.1799177 0.0488514 0.1159776 0.0817736 0.1053559 0.0968263 0.0938680 0.0397460 0.1601651 0.0000000 0.1043080 0.1325822 0.1668801 0.0659846 0.1373642 0.2064176 0.1719003 0.0543915 0.1337822 0.0866353 0.0124203 0.0461547 0.0847295 0.1218884 0.0924502 0.1511579 0.1712983 0.1538790 0.1506487 0.1656653 0.1053758 0.1117454 0.0966888 0.1202359 0.1305513 0.1373241 0.0737910 0.1326327 0.1634476 0.0540180 0.0974390 0.0265293 0.1661072 0.1341135 0.1410144 0.1378536 0.1469062 0.1450235 0.1496094 0.1322930 0.1287688 0.1255711 0.1376741 0.1233663 0.1777967 0.1114176 0.1677528 0.1282249 0.1039822 0.1585361 0.1171856 0.0945460 0.1622623 0.0968816 0.1374414 0.1297464 0.0175902 0.0815660 0.0851302 0.1667531 0.0809699 0.0421375 0.1671956 0.1713027 0.1628977 0.1037169 0.1417843 0.1059147 0.1099977 0.0848916 0.0941481 0.1581005 0.1212046 0.1286390 0.1163295 0.1301721 0.1062507 0.0668091 0.1209043 0.1199142 0.0394459 0.1337631 0.0882296 0.0936849 0.1373046 0.2822266 0.1706685 0.1143930 0.2018108 0.1048468 
S0419         0.3841401 0.5116798 0.4990323 0.0965259 0.1198918 0.1051288 0.1786231 0.1227987 0.0402405 0.1281967 0.0699590 0.0907253 0.1703908 0.0799371 0.0945617 0.0949610 0.1245632 0.1277357 0.1360635 0.1708202 0.1357926 0.1278560 0.0968492 0.1034220 0.1173288 0.0903502 0.0873709 0.1457887 0.1371162 0.1043080 0.0000000 0.1170052 0.1209299 0.1279641 0.0938454 0.2108697 0.1486635 0.1234646 0.1177984 0.0796809 0.1081006 0.1247685 0.1262825 0.1213647 0.0980108 0.0591995 0.1248443 0.1452187 0.1202776 0.1200495 0.1179042 0.0057256 0.0902184 0.0116190 0.1005486 0.0488268 0.1453615 0.0914213 0.2141418 0.1334363 0.0723800 0.1130647 0.1207734 0.0907287 0.1011463 0.0941303 0.1225293 0.0455979 0.1415339 0.1129320 0.0956996 0.1163874 0.1013361 0.0911612 0.1516648 0.0057121 0.1509980 0.1015810 0.0824073 0.1289431 0.1097058 0.0761606 0.1495688 0.0789117 0.1101339 0.1093878 0.1157906 0.1191907 0.1146206 0.1208076 0.1366349 0.1287184 0.1487342 0.1248837 0.1172701 0.1010023 0.1168911 0.0939588 0.0873677 0.0783308 0.0946754 0.1583828 0.1138592 0.1210094 0.1785444 0.1143181 0.0873280 0.1548601 0.0868986 0.0115889 0.1362976 0.0552572 0.1300564 0.0871993 0.0455824 0.2228344 0.1214437 0.1011485 0.1206494 0.0648580 
S0427         0.4560289 0.5194657 0.5404151 0.1207978 0.1509186 0.0872299 0.2153960 0.1101905 0.1803423 0.1642401 0.1714699 0.0731289 0.1793239 0.0805599 0.0767876 0.0840469 0.1334043 0.1524903 0.1899172 0.1572918 0.1941384 0.1496101 0.1092113 0.1373125 0.0488727 0.0728330 0.0662571 0.1419425 0.1282967 0.1325822 0.1170052 0.0000000 0.1678565 0.1625481 0.1092172 0.1603206 0.1619409 0.1299700 0.0953900 0.0685559 0.1439914 0.1384392 0.1482246 0.1179831 0.0855108 0.1616290 0.1585441 0.1908818 0.1016594 0.1531208 0.0871249 0.1256530 0.0694117 0.1307783 0.1377537 0.1561937 0.1736081 0.1453828 0.2273005 0.1556200 0.0874326 0.1624297 0.1636645 0.1140347 0.1136476 0.1095550 0.1264492 0.1557775 0.1767611 0.1185782 0.1375267 0.1468575 0.1424651 0.1314612 0.1884825 0.1252704 0.1876153 0.1212903 0.1129619 0.1585821 0.0761055 0.0911326 0.1864521 0.0657811 0.1232881 0.1146046 0.1406251 0.1408282 0.1449117 0.1585473 0.1968273 0.1475099 0.1368359 0.1677375 0.1638355 0.0830585 0.1548574 0.1223792 0.0880672 0.0609151 0.0734959 0.1103570 0.0952211 0.0724636 0.2292647 0.0957833 0.0957462 0.1824517 0.0908828 0.1343171 0.1370107 0.1568224 0.1521937 0.0662221 0.1437479 0.0903099 0.0361503 0.0753633 0.1235460 0.0308452 
