104
CRNC          0.0000000 0.2217980 0.2554069 0.7162446 0.6140741 0.4813379 0.6092177 0.7025616 0.6455846 0.6069952 0.6206203 0.6546904 0.5537895 0.5775086 0.4680309 0.4757725 0.4909577 0.7537942 0.5586404 0.2088076 0.5530396 0.5517209 0.5738360 0.5902838 0.5338961 0.5983307 0.5572634 0.6729584 0.5272150 0.5637766 0.5779524 0.5239754 0.5701738 0.5490077 0.5643148 0.5724697 0.6370629 0.5382854 0.5593544 0.4784774 0.6050736 0.5802167 0.5029248 0.4191349 0.5380629 0.5183692 0.5393871 0.5573915 0.5886774 0.5156040 0.5983307 0.5489383 0.5452430 0.4513692 0.5671709 0.9699043 0.4748342 0.5953029 0.4857748 0.3870991 0.5435396 0.5869325 0.6397293 0.5058616 0.6537980 0.4701452 0.5973332 0.5495325 0.3944173 0.4363432 0.5507289 0.7160562 0.4701452 0.5155640 0.5583053 0.4279706 0.5675734 0.6591174 0.6238991 0.4863958 0.5108144 0.5636103 0.6456171 0.5426502 0.5012398 0.5116207 0.5518324 0.3958677 0.6966956 0.5002101 0.5830411 0.5493979 0.6293743 0.6673527 0.5155640 0.4293228 0.7128702 0.8695178 0.6239698 0.6102294 0.4941858 0.5066134 0.7017740 0.6636394 
HYZL          0.2217980 0.0000000 0.2199525 0.6571972 0.5109925 0.3718118 0.5182186 0.6517466 0.5840477 0.5672281 0.6393615 0.5446093 0.5252740 0.5343875 0.4882301 0.4851844 0.4331540 0.8012591 0.5198300 0.2088076 0.5198778 0.5129038 0.5682863 0.4990505 0.5737423 0.5588927 0.5048347 0.6951702 0.4668714 0.6049063 0.5463100 0.4896507 0.5351413 0.4776704 0.6450983 0.5039175 0.5379485 0.5780263 0.6149324 0.4455787 0.5648930 0.5610497 0.4450007 0.3667348 0.4858409 0.4579478 0.4950176 0.5094556 0.5500537 0.5177140 0.5588927 0.5010957 0.5005550 0.4705091 0.5860589 1.0751961 0.4483583 0.5628278 0.5326953 0.3670132 0.5136961 0.6091279 0.6881587 0.4447018 0.6069991 0.4795175 0.5323001 0.5052504 0.3721446 0.4574715 0.5036883 0.5714642 0.4795175 0.5359136 0.5115821 0.3865056 0.5334224 0.5242488 0.5313129 0.5386115 0.5819682 0.5187332 0.6350084 0.4831343 0.4689074 0.4523508 0.4798360 0.4489556 0.5485752 0.4139521 0.5439445 0.4892322 0.5362351 0.5562401 0.5359136 0.3602249 0.5712201 0.9323147 0.5137003 0.6563712 0.5431815 0.4756588 0.5970693 0.5836488 
MYZV          0.2554069 0.2199525 0.0000000 0.5676571 0.5328378 0.4488648 0.5332954 0.6641489 0.4993500 0.5963184 0.5593488 0.5536789 0.5972414 0.4441766 0.4498044 0.4568937 0.4714718 0.7014766 0.4772214 0.1150415 0.5351871 0.5280611 0.4960553 0.5323946 0.4814612 0.5377955 0.4862300 0.6390432 0.4889617 0.5556341 0.5200270 0.5476738 0.5933599 0.5369103 0.5433088 0.5374791 0.5878721 0.4859073 0.5757726 0.4737522 0.6203521 0.5000082 0.4794534 0.3620195 0.4984578 0.4802525 0.4901133 0.5009100 0.5295411 0.4994368 0.5377955 0.4612610 0.4445021 0.4347520 0.5301047 0.9901560 0.4561288 0.5358350 0.4680419 0.2669562 0.4889880 0.5058349 0.5500230 0.4335315 0.5858853 0.4210954 0.5827591 0.4650855 0.3672386 0.4515620 0.4636238 0.5457006 0.4210954 0.5340581 0.4894481 0.3812640 0.5488886 0.5393695 0.5283618 0.4861039 0.5097717 0.5084565 0.5908696 0.4695104 0.4489359 0.4743482 0.4950566 0.4630993 0.4988231 0.4510002 0.5595866 0.5044016 0.5513215 0.5303928 0.5340581 0.2959757 0.5802437 0.8485833 0.5289368 0.5248820 0.5124927 0.4909419 0.5335513 0.5991263 
SRR6441723    0.7162446 0.6571972 0.5676571 0.0000000 0.1547352 0.2928227 0.1087149 0.1483595 0.1523912 0.1557505 0.2054635 0.1388810 0.1350497 0.1434125 0.2113044 0.2031900 0.1748243 0.2585589 0.0899750 0.0000010 0.1416788 0.1611842 0.1714208 0.1350649 0.1749317 0.1168310 0.1062198 0.2354782 0.1850932 0.2457212 0.1275432 0.1781145 0.2099819 0.2228186 0.1896596 0.1560296 0.1951791 0.1948897 0.2181676 0.1559525 0.1651911 0.1233875 0.1971662 0.2832488 0.1761451 0.1964656 0.1452988 0.1102041 0.1272944 0.1411975 0.1168310 0.1337742 0.1165559 0.2243241 0.1619947 0.1899472 0.1288694 0.1230951 0.0969021 0.1024694 0.1335458 0.1409834 0.1812715 0.1772148 0.1274532 0.1625545 0.1842084 0.1437989 0.2797938 0.2094819 0.1005957 0.1098700 0.1625545 0.1820935 0.1427151 0.2921907 0.1439520 0.1286548 0.0978542 0.1542942 0.1689075 0.1791983 0.2689203 0.1650817 0.1608423 0.1872876 0.1434092 0.2054580 0.0520791 0.1558894 0.1456357 0.1606247 0.1171630 0.1240068 0.1820935 0.0921954 0.1276193 0.2369588 0.1011650 0.1705814 0.1790518 0.1335305 0.1351323 0.1265291 
ERR2789774    0.6140741 0.5109925 0.5328378 0.1547352 0.0000000 0.2825535 0.0974959 0.1265259 0.1059154 0.0760538 0.1711185 0.1554749 0.0529918 0.1035060 0.1757181 0.1195028 0.1148924 0.2301371 0.1297079 0.0000010 0.0314757 0.0451611 0.1317473 0.0661492 0.1573016 0.0993832 0.0735130 0.1832942 0.1235474 0.1834210 0.1173540 0.0738114 0.1161173 0.1260050 0.1519916 0.0531218 0.0584755 0.1621403 0.1296198 0.0669926 0.0357789 0.0879603 0.1332314 0.2363120 0.0823395 0.1159916 0.0526760 0.1091780 0.0988036 0.0313835 0.0993832 0.1155698 0.0671437 0.1368635 0.1303903 0.1339964 0.0909672 0.1219296 0.1148833 0.1012171 0.1322171 0.1102945 0.1350858 0.1612738 0.1656467 0.1034841 0.0611459 0.1163460 0.2337899 0.1914776 0.1251913 0.1427867 0.1034841 0.0596522 0.1314861 0.2449108 0.0318748 0.1049084 0.1044203 0.1069300 0.1296949 0.1068070 0.2113647 0.0909144 0.1106666 0.1249333 0.0451970 0.1207273 0.1756856 0.1169458 0.0389832 0.0450255 0.1054708 0.1228220 0.0596522 0.0910717 0.1526401 0.1507860 0.1048561 0.1256414 0.1096508 0.0382272 0.1433251 0.1033789 
PAFTOL_019361 0.4813379 0.3718118 0.4488648 0.2928227 0.2825535 0.0000000 0.2147048 0.2701388 0.2330198 0.2896421 0.2522981 0.2606715 0.2541579 0.2696756 0.2773503 0.2325897 0.1993292 0.3848876 0.2488614 0.1259611 0.2324183 0.2588736 0.2639635 0.2071867 0.2460904 0.2222915 0.1950366 0.3269931 0.2313270 0.2742856 0.2027900 0.2594138 0.2222064 0.2651645 0.3055320 0.2789886 0.2908831 0.2316232 0.3178459 0.2041315 0.2521018 0.2247801 0.2450694 0.3465499 0.2268502 0.2441782 0.2555716 0.1926193 0.2076640 0.2315145 0.2222915 0.2252266 0.2096595 0.2541918 0.2834683 0.2577463 0.1795101 0.2275380 0.2061279 0.2218256 0.2232092 0.2811047 0.2575556 0.3158513 0.2774373 0.1897105 0.2160578 0.2359044 0.3419017 0.2955413 0.2044481 0.2893284 0.1897105 0.2127494 0.2505514 0.3149483 0.2370693 0.2442016 0.2361947 0.2357229 0.2728341 0.2258944 0.3571906 0.2367394 0.2055547 0.2213454 0.2590098 0.2318584 0.2567591 0.2168463 0.2405242 0.2438376 0.2257258 0.2290956 0.2127494 0.2142541 0.2410615 0.2112235 0.2300130 0.2440602 0.2387499 0.2175845 0.2559204 0.2458529 
S0055         0.6092177 0.5182186 0.5332954 0.1087149 0.0974959 0.2147048 0.0000000 0.0595641 0.0799108 0.1138444 0.1277609 0.0897259 0.0812340 0.1179635 0.1380771 0.1139939 0.0945723 0.1775576 0.0781717 0.0000010 0.0719090 0.0871631 0.0939935 0.0510717 0.1218469 0.0446932 0.0436812 0.1340047 0.1024713 0.1341052 0.0725247 0.0709645 0.1190496 0.1194705 0.1198886 0.0743237 0.1043298 0.1198023 0.1159485 0.0719631 0.0821681 0.0574543 0.1111556 0.2006491 0.1095835 0.1108114 0.0958556 0.0655013 0.0375655 0.0716911 0.0446932 0.1019783 0.0588055 0.1386205 0.0863308 0.1326758 0.0796761 0.0797928 0.0722824 0.0504839 0.0787877 0.1176255 0.1219247 0.1298707 0.0963655 0.0978336 0.0840612 0.0873254 0.1987825 0.1449536 0.0727963 0.1059767 0.0978336 0.0869484 0.1103109 0.2087145 0.0728783 0.0119655 0.0711084 0.0654272 0.0859166 0.1041524 0.1839374 0.1040601 0.0894731 0.1103912 0.0872277 0.1423420 0.1067909 0.0587964 0.0735904 0.0868929 0.0058428 0.1036780 0.0869484 0.0522213 0.0964825 0.1653824 0.0119747 0.1130974 0.0904148 0.0718513 0.0822477 0.0181901 
S0196sl       0.7025616 0.6517466 0.6641489 0.1483595 0.1265259 0.2701388 0.0595641 0.0000000 0.0579184 0.1583570 0.1536075 0.0955081 0.1248739 0.1117384 0.1509646 0.1323661 0.1215482 0.1095411 0.1019821 0.0000010 0.0936909 0.1026234 0.1025096 0.0772205 0.1467049 0.0066451 0.0672913 0.1394419 0.1217384 0.1395489 0.0678856 0.0827019 0.1320201 0.1420485 0.1439111 0.1064677 0.1146377 0.1438397 0.1388538 0.1024330 0.0849421 0.0849280 0.1325633 0.2323207 0.1312708 0.1420485 0.1142368 0.0508016 0.0135902 0.0933523 0.0066451 0.0842112 0.0601373 0.1457216 0.1115459 0.0698920 0.0857234 0.0676080 0.0592934 0.0820947 0.0746461 0.1125927 0.1023559 0.1448764 0.1092074 0.1136402 0.0951105 0.0760275 0.2449601 0.1750354 0.0761392 0.0838480 0.1136402 0.1036346 0.0931678 0.2448146 0.0952270 0.0777572 0.0658897 0.0860699 0.1010166 0.1246088 0.1923240 0.1543499 0.1080231 0.1314215 0.1027092 0.1628960 0.1242809 0.1044786 0.0963657 0.1022494 0.0677412 0.0941143 0.1036346 0.1016698 0.1034278 0.1572490 0.0777512 0.0930170 0.1164457 0.0764100 0.0682342 0.0869903 
S0281         0.6455846 0.5840477 0.4993500 0.1523912 0.1059154 0.2330198 0.0799108 0.0579184 0.0000000 0.1432199 0.1734847 0.1087218 0.1151092 0.1176098 0.1811975 0.1217729 0.1370661 0.2103271 0.1101553 0.0505361 0.0885256 0.1048844 0.1190423 0.0811346 0.1675786 0.0503753 0.0792258 0.1751190 0.1459494 0.1752385 0.0973272 0.1180549 0.1318794 0.1616265 0.1648094 0.1154191 0.1234975 0.1647814 0.1261028 0.1116234 0.0928536 0.0573542 0.1560485 0.2361617 0.1196155 0.1555403 0.1143456 0.0813852 0.0432487 0.0882469 0.0503753 0.1116010 0.0448836 0.1502518 0.1266821 0.0852570 0.0968014 0.0969687 0.0808165 0.0748076 0.1032333 0.0936684 0.0782357 0.1538404 0.1361487 0.1134782 0.0950754 0.1121930 0.2337366 0.1744091 0.0965719 0.0900710 0.1134782 0.0961119 0.1052707 0.2238877 0.0814629 0.0968762 0.0873895 0.1039629 0.1260277 0.1232807 0.2102833 0.1197956 0.1173600 0.1547962 0.1049614 0.1544508 0.1438339 0.1135962 0.0822856 0.1045465 0.0873792 0.0830095 0.0961119 0.0775639 0.1068979 0.1946713 0.0968405 0.0708109 0.1163565 0.0591911 0.0710269 0.1053042 
S0282         0.6069952 0.5672281 0.5963184 0.1557505 0.0760538 0.2896421 0.1138444 0.1583570 0.1432199 0.0000000 0.1585746 0.1664911 0.0524764 0.1137682 0.1871105 0.1293461 0.1075702 0.2658821 0.1393211 0.0000010 0.0519229 0.0595965 0.1590613 0.0738800 0.1875930 0.1250183 0.0966126 0.2093161 0.1331706 0.1873580 0.1444801 0.1053700 0.1269996 0.1372727 0.1811806 0.0754552 0.0984902 0.1921643 0.1564974 0.0899679 0.0592810 0.1137864 0.1432430 0.2073451 0.0906516 0.1254678 0.0601659 0.1357588 0.1242171 0.0517661 0.1250183 0.1698043 0.0999435 0.1395418 0.1400792 0.2469388 0.0996376 0.1484844 0.1412964 0.1022667 0.1598040 0.1299034 0.1772455 0.1759059 0.1850084 0.1129003 0.0872975 0.1347714 0.1968439 0.1735812 0.1526048 0.1530730 0.1129003 0.0821520 0.1413482 0.2160825 0.0526104 0.1215009 0.1218324 0.1327537 0.1565654 0.1159089 0.2869793 0.1180740 0.1201765 0.1346842 0.0524200 0.1142781 0.1874444 0.1271937 0.0603519 0.0663722 0.1221593 0.1323550 0.0821520 0.0919961 0.1513719 0.1688718 0.1053249 0.1663594 0.1276051 0.0591377 0.1861008 0.1196358 
S0289         0.6206203 0.6393615 0.5593488 0.2054635 0.1711185 0.2522981 0.1277609 0.1536075 0.1734847 0.1585746 0.0000000 0.1800128 0.1690341 0.1393162 0.0549241 0.1894616 0.1559219 0.1384115 0.1441755 0.1734296 0.1378562 0.1311201 0.0447939 0.1465483 0.0463158 0.1391410 0.1034961 0.0665159 0.1654532 0.0585436 0.1309837 0.1527513 0.1841801 0.1956877 0.0614432 0.1340943 0.1600101 0.0458415 0.0889391 0.1462701 0.1399152 0.1534704 0.1762230 0.1914271 0.1645902 0.1756384 0.1678076 0.1293115 0.1382316 0.1374030 0.1391410 0.1461143 0.1314736 0.1807138 0.0743674 0.0716871 0.1651126 0.1394101 0.1128766 0.1417828 0.1456288 0.1559811 0.1592470 0.1634471 0.1866949 0.1796607 0.1335463 0.1470911 0.1895984 0.1344077 0.1302393 0.1424788 0.1796607 0.1029353 0.1921858 0.1797744 0.1399929 0.1478954 0.1433229 0.0524103 0.0813836 0.1597234 0.0998277 0.2159599 0.1626810 0.1747167 0.1393054 0.1764327 0.1678398 0.1576777 0.1415728 0.1387462 0.1361185 0.1849508 0.1029353 0.1749830 0.1863053 0.0247397 0.1391916 0.1493763 0.0611622 0.1376069 0.1814214 0.1575302 
S0292         0.6546904 0.5446093 0.5536789 0.1388810 0.1554749 0.2606715 0.0897259 0.0955081 0.1087218 0.1664911 0.1800128 0.0000000 0.1535798 0.1327635 0.1780835 0.1157374 0.0959271 0.2518006 0.1059515 0.0000010 0.1140161 0.1415258 0.1398007 0.0988856 0.1601784 0.0743229 0.0968009 0.1934049 0.1039625 0.2154427 0.0654198 0.1287358 0.1305148 0.1215245 0.1575095 0.1407346 0.1734912 0.1574682 0.1649104 0.1148312 0.1428826 0.1146389 0.1128102 0.2471492 0.1497444 0.1124547 0.1348271 0.0513945 0.0829824 0.1226891 0.0743229 0.0784727 0.0918044 0.1496006 0.1311231 0.1354561 0.0734664 0.0651878 0.0661881 0.0403957 0.0574226 0.1241875 0.1763916 0.1679621 0.1319759 0.1074163 0.1466018 0.0712315 0.2445573 0.1838804 0.0647099 0.1176937 0.1074163 0.1409836 0.0579674 0.2554107 0.1155582 0.1077884 0.0659435 0.1312415 0.1473421 0.1056034 0.2132931 0.1302077 0.0991051 0.1120187 0.1245317 0.1537455 0.1186998 0.0734253 0.1168288 0.1410449 0.0975717 0.0378073 0.1409836 0.0097588 0.0241591 0.2061916 0.0917427 0.1655871 0.1374606 0.0907329 0.1475899 0.1167122 
S0293         0.5537895 0.5252740 0.5972414 0.1350497 0.0529918 0.2541579 0.0812340 0.1248739 0.1151092 0.0524764 0.1690341 0.1535798 0.0000000 0.1196546 0.1735188 0.1181256 0.1136245 0.2270196 0.1449894 0.0000010 0.0311858 0.0447311 0.1302623 0.0654966 0.1540697 0.0983058 0.0727773 0.1807820 0.1221625 0.1809065 0.1160283 0.0806873 0.1146358 0.1243669 0.1501932 0.0525988 0.0741085 0.1601836 0.1281798 0.0663220 0.0354037 0.0812024 0.1317016 0.1839845 0.0814883 0.1146971 0.0521620 0.1079611 0.0977400 0.0310953 0.0983058 0.1398866 0.0751559 0.1352446 0.1289329 0.1351067 0.0900004 0.1205835 0.1136157 0.1153034 0.1307146 0.1193065 0.1455265 0.1411960 0.1462228 0.1023147 0.0604505 0.1237491 0.1823172 0.1569207 0.1237703 0.1411259 0.1023147 0.0590638 0.1299946 0.1921267 0.0315773 0.0883777 0.1115171 0.1057678 0.1282544 0.1056445 0.2412665 0.0997495 0.1094167 0.1235181 0.0447664 0.1193218 0.1734710 0.0993316 0.0386110 0.0313474 0.0888442 0.1214562 0.0590638 0.1051068 0.1248930 0.1676918 0.0883572 0.1357080 0.1084258 0.0378694 0.1539534 0.0871607 
S0294         0.5775086 0.5343875 0.4441766 0.1434125 0.1035060 0.2696756 0.1179635 0.1117384 0.1176098 0.1137682 0.1393162 0.1327635 0.1196546 0.0000000 0.1596118 0.1244737 0.0968385 0.2112429 0.1340262 0.0542996 0.0934701 0.1010448 0.1197345 0.1089317 0.1507175 0.0967920 0.0945069 0.1741196 0.1050798 0.1547055 0.1211703 0.1170546 0.1211169 0.1307485 0.1386638 0.1041638 0.1349213 0.1481727 0.1337844 0.1018607 0.0973420 0.1077772 0.1140438 0.1655409 0.1025009 0.1300295 0.0877646 0.1127941 0.0962478 0.0931829 0.0967920 0.1357498 0.0862039 0.1240422 0.1029416 0.1251584 0.0742296 0.1207221 0.1035726 0.0881127 0.1269170 0.0437306 0.1656631 0.1051008 0.1438432 0.0987409 0.0995846 0.1364722 0.1752803 0.1402384 0.1201803 0.1319290 0.0987409 0.0940187 0.1194168 0.1850746 0.0947696 0.1253859 0.1018507 0.1036416 0.1179232 0.0893199 0.2311050 0.1206812 0.1001737 0.1132330 0.0862853 0.1286167 0.1428291 0.1382257 0.1035041 0.1007323 0.1260405 0.1383181 0.0940187 0.1032479 0.1391716 0.1294382 0.1096565 0.1557936 0.1405269 0.0787258 0.1391395 0.1341606 
S0299         0.4680309 0.4882301 0.4498044 0.2113044 0.1757181 0.2773503 0.1380771 0.1509646 0.1811975 0.1871105 0.0549241 0.1780835 0.1735188 0.1596118 0.0000000 0.1724446 0.1446066 0.1695692 0.1549982 0.1734296 0.1413309 0.1427587 0.0685360 0.1486032 0.0399312 0.1371224 0.1144283 0.1047455 0.1537531 0.1048341 0.1301526 0.1638804 0.1800283 0.1809355 0.0607088 0.1161147 0.1642326 0.0606183 0.1063150 0.1400338 0.1439335 0.1646442 0.1443340 0.1536239 0.1678931 0.1634709 0.1722251 0.1199755 0.1362455 0.1408547 0.1371224 0.1369076 0.1421588 0.1671208 0.0910560 0.1160319 0.1534403 0.1468570 0.1203228 0.1375336 0.1446695 0.1770275 0.1695767 0.1431511 0.1691672 0.1461893 0.1459054 0.1378100 0.1523567 0.1241607 0.1213606 0.1415193 0.1461893 0.1412573 0.1901302 0.1435565 0.1435788 0.1591587 0.1540725 0.0763191 0.1063907 0.1480258 0.1076796 0.1911668 0.1507068 0.1455622 0.1428569 0.1537436 0.1942533 0.1514942 0.1452433 0.1422721 0.1467170 0.1739030 0.1412573 0.1407472 0.1843080 0.0854931 0.1501249 0.1593906 0.0779963 0.1395102 0.1784490 0.1600289 
S0308         0.4757725 0.4851844 0.4568937 0.2031900 0.1195028 0.2325897 0.1139939 0.1323661 0.1217729 0.1293461 0.1894616 0.1157374 0.1181256 0.1244737 0.1724446 0.0000000 0.0512976 0.2510987 0.1560627 0.0505361 0.0906681 0.1075296 0.1484728 0.0998174 0.1587975 0.1129883 0.1047874 0.1929803 0.0583500 0.1931095 0.1295402 0.0978024 0.0671702 0.0436324 0.1292283 0.1184523 0.1444087 0.1430561 0.1218854 0.0603268 0.0954288 0.1309936 0.0658589 0.2256774 0.0902799 0.0516942 0.0909089 0.1206878 0.1123141 0.0903754 0.1129883 0.1532895 0.1172220 0.0720144 0.1226114 0.1350727 0.0445385 0.1378747 0.1198794 0.1254047 0.1275524 0.1240941 0.1800287 0.1497077 0.1775717 0.0368844 0.0876959 0.1371915 0.2234085 0.1836061 0.1372116 0.1601146 0.0368844 0.0984712 0.1214841 0.2339551 0.0919908 0.1254621 0.1213852 0.1154622 0.1313837 0.0589397 0.1786132 0.0810124 0.0325459 0.0654706 0.0916488 0.0736628 0.1784482 0.1060072 0.0939425 0.1071739 0.1222838 0.1390161 0.0984712 0.1013502 0.1301608 0.1867428 0.1087348 0.1694857 0.1267308 0.0905667 0.1699983 0.1348207 
S0322         0.4909577 0.4331540 0.4714718 0.1748243 0.1148924 0.1993292 0.0945723 0.1215482 0.1370661 0.1075702 0.1559219 0.0959271 0.1136245 0.0968385 0.1446066 0.0512976 0.0000000 0.2518921 0.1336824 0.0502282 0.0874316 0.1035623 0.1353960 0.0961748 0.1450707 0.1039670 0.0942055 0.1959670 0.0179587 0.1756736 0.1176820 0.0942993 0.0494596 0.0275645 0.1263345 0.1139263 0.1218958 0.1426919 0.1260263 0.0653973 0.0916295 0.1103129 0.0242900 0.1514993 0.0951970 0.0242229 0.0876565 0.1099890 0.1033695 0.0871595 0.1039670 0.1403735 0.0971187 0.0650371 0.0954825 0.1536559 0.0303307 0.1256089 0.1086334 0.0968354 0.1159631 0.1123056 0.1874561 0.1042222 0.1667152 0.0509381 0.0842181 0.1411040 0.1502668 0.1187415 0.1250478 0.1409185 0.0509381 0.1032675 0.1015794 0.1593255 0.0886568 0.1047404 0.1015385 0.0887309 0.1103315 0.0436021 0.2238204 0.0641991 0.0249218 0.0241711 0.0883383 0.0593766 0.1526885 0.0871459 0.0904681 0.1032325 0.1022643 0.1178220 0.1032675 0.0623539 0.1096400 0.1296332 0.0892509 0.1768060 0.1144441 0.0873412 0.1592188 0.1133276 
S0327         0.7537942 0.8012591 0.7014766 0.2585589 0.2301371 0.3848876 0.1775576 0.1095411 0.2103271 0.2658821 0.1384115 0.2518006 0.2270196 0.2112429 0.1695692 0.2510987 0.2518921 0.0000000 0.1764462 4.2617209 0.1896718 0.1918290 0.1438601 0.1995072 0.1500227 0.1725677 0.1498610 0.0810788 0.2424131 0.0498048 0.2026469 0.1869653 0.1650618 0.1658272 0.1571444 0.1873594 0.2377587 0.1386763 0.1693193 0.1992681 0.1069575 0.1875540 0.2560307 0.2781855 0.2203219 0.2551293 0.2251655 0.1921641 0.1712763 0.1890080 0.1725677 0.1899843 0.1640791 0.2633490 0.1520851 0.0511710 0.2011666 0.2018418 0.1511525 0.2727898 0.2079686 0.1718241 0.1908762 0.2300746 0.2470056 0.2396832 0.1094682 0.2005817 0.2748872 0.2061220 0.1626023 0.2070345 0.2396832 0.1625102 0.2523058 0.2634364 0.1929546 0.2019110 0.1948161 0.1183814 0.1338144 0.2585002 0.0860939 0.2803485 0.2421358 0.2533100 0.1919467 0.2723872 0.2112324 0.2035064 0.1953855 0.1911481 0.1870791 0.2444394 0.1625102 0.3028395 0.2466483 0.2973102 0.1917840 0.1794549 0.1419315 0.1703288 0.2087140 0.2130948 
S0335         0.5586404 0.5198300 0.4772214 0.0899750 0.1297079 0.2488614 0.0781717 0.1019821 0.1101553 0.1393211 0.1441755 0.1059515 0.1449894 0.1340262 0.1549982 0.1560627 0.1336824 0.1764462 0.0000000 0.0490821 0.1167637 0.1178165 0.1090883 0.0940276 0.1383181 0.0873931 0.0852176 0.1433843 0.1422846 0.1517636 0.1033224 0.1308299 0.1474854 0.1575493 0.1360921 0.1287615 0.1366456 0.1269217 0.1477695 0.1245584 0.1255469 0.1005629 0.1520263 0.2117698 0.1416102 0.1515446 0.1275745 0.0878965 0.0790415 0.1163970 0.0873931 0.0868886 0.0878038 0.1558632 0.1012978 0.0881873 0.0945800 0.1029481 0.0567193 0.1106055 0.1090848 0.1090563 0.1184559 0.1468032 0.1281891 0.1303164 0.1285713 0.1023902 0.2097478 0.1621014 0.0795118 0.0902486 0.1303164 0.1174496 0.1102995 0.2198565 0.1184538 0.0946486 0.0711273 0.0946296 0.1075932 0.1365785 0.1947184 0.1364509 0.1209612 0.1508498 0.1023936 0.1601542 0.0735768 0.1267507 0.1197008 0.1174433 0.0854479 0.1036740 0.1174496 0.1007893 0.1042252 0.1783808 0.0798098 0.1099507 0.1142185 0.1012018 0.0950627 0.1028317 
S0376         0.2088076 0.2088076 0.1150415 0.0000010 0.0000010 0.1259611 0.0000010 0.0000010 0.0505361 0.0000010 0.1734296 0.0000010 0.0000010 0.0542996 0.1734296 0.0505361 0.0502282 4.2617209 0.0490821 0.0000000 0.0000010 0.0528633 0.1742400 0.0000010 0.1734296 0.0000010 0.0000010 9.0000000 0.1082063 9.0000000 0.0000010 0.0539806 0.0000010 0.0000010 0.1734296 0.0505361 0.1804814 0.1734296 0.1683346 0.0000010 1.5043796 0.0502282 0.1082063 0.1863718 0.0000010 0.0502282 0.0505361 0.0000010 0.0000010 0.0000010 0.0000010 0.0490821 0.0539479 0.1143718 0.1076084 0.0000010 0.0000010 0.0000010 0.0000010 0.0000010 0.0000010 0.0505361 0.0502282 0.1863718 0.0000010 0.0000010 0.0000010 0.0000010 0.1082063 0.1734296 0.0000010 0.1836403 0.0000010 0.0000010 0.0490821 0.2471041 0.0000010 0.0000010 0.0000010 0.1076084 0.1143718 0.0502282 9.0000000 0.0000010 0.1082063 0.1082063 0.0528633 0.0502282 0.0000029 0.0000010 0.0000010 0.0528633 0.0000010 0.0000010 0.0000010 0.0000010 0.0000010 0.1150194 0.0000010 0.0502282 0.1176560 0.0000010 0.0490821 0.0000010 
S0400         0.5530396 0.5198778 0.5351871 0.1416788 0.0314757 0.2324183 0.0719090 0.0936909 0.0885256 0.0519229 0.1378562 0.1140161 0.0311858 0.0934701 0.1413309 0.0906681 0.0874316 0.1896718 0.1167637 0.0000010 0.0000000 0.0243385 0.1028403 0.0436288 0.1246868 0.0731539 0.0503368 0.1453838 0.0952371 0.1454911 0.0891617 0.0574633 0.0845763 0.0933318 0.1206651 0.0312567 0.0511976 0.1296687 0.1012275 0.0441332 0.0134154 0.0718841 0.1037759 0.1943535 0.0580427 0.0881827 0.0310119 0.0817395 0.0727807 0.0118600 0.0731539 0.1114246 0.0518852 0.1063835 0.1018018 0.1109800 0.0656266 0.0940977 0.0874260 0.0867010 0.1030872 0.0932180 0.1155148 0.1404257 0.1337208 0.0759862 0.0356587 0.0964266 0.1925453 0.1560691 0.0964464 0.1124376 0.0759862 0.0374444 0.0941721 0.2025324 0.0120329 0.0787616 0.0859448 0.0802270 0.1012990 0.0800918 0.1978720 0.0892472 0.0828024 0.0962565 0.0243576 0.0915437 0.1411086 0.0807950 0.0183779 0.0242696 0.0791654 0.0866616 0.0374444 0.0641287 0.1121329 0.1474581 0.0787555 0.1067185 0.0821175 0.0180433 0.1234204 0.0777337 
S0405         0.5517209 0.5129038 0.5280611 0.1611842 0.0451611 0.2588736 0.0871631 0.1026234 0.1048844 0.0595965 0.1311201 0.1415258 0.0447311 0.1010448 0.1427587 0.1075296 0.1035623 0.1918290 0.1178165 0.0528633 0.0243385 0.0000000 0.1037489 0.0574456 0.1259008 0.0887562 0.0644578 0.1360988 0.1117533 0.1362018 0.1056824 0.0720088 0.0932725 0.1022265 0.1217987 0.0448364 0.0376378 0.1309202 0.1021072 0.0581422 0.0203208 0.0871281 0.1208276 0.1738016 0.0727233 0.1044986 0.0381355 0.0979276 0.0882714 0.0242696 0.0887562 0.1287469 0.0589073 0.0901406 0.1026915 0.1109800 0.0808122 0.1103612 0.0881699 0.1130390 0.1199689 0.0940068 0.1166186 0.1228017 0.1517900 0.0922768 0.0432327 0.1131726 0.1947699 0.1576720 0.1131934 0.1298920 0.0922768 0.0377169 0.1192897 0.2049162 0.0246353 0.0942526 0.1017176 0.0808958 0.1021796 0.0958906 0.1871241 0.1057856 0.0992201 0.1129675 0.0119483 0.0923657 0.1605176 0.1053415 0.0313644 0.0119058 0.0947432 0.1111410 0.0377169 0.1030224 0.1390644 0.1684474 0.0942235 0.1077095 0.0828216 0.0307780 0.1418796 0.0929555 
S0407sl       0.5738360 0.5682863 0.4960553 0.1714208 0.1317473 0.2639635 0.0939935 0.1025096 0.1190423 0.1590613 0.0447939 0.1398007 0.1302623 0.1197345 0.0685360 0.1484728 0.1353960 0.1438601 0.1090883 0.1742400 0.1028403 0.1037489 0.0000000 0.1107785 0.0319269 0.1036736 0.0718795 0.0494484 0.1276922 0.0648200 0.0952141 0.1168729 0.1377471 0.1395159 0.0460444 0.0983141 0.1220335 0.0381197 0.0724944 0.1105213 0.0915719 0.1334199 0.1371427 0.1763073 0.1271037 0.1367065 0.1293899 0.0947078 0.1030824 0.1025164 0.1036736 0.1262846 0.1122988 0.1404041 0.0586485 0.0331259 0.1274319 0.1028604 0.0800336 0.1115178 0.1089950 0.1192475 0.1499498 0.1244976 0.1464589 0.1396512 0.0937243 0.1110760 0.1747338 0.1397607 0.0956717 0.0904046 0.1396512 0.0881611 0.1520606 0.1656499 0.1043159 0.1115988 0.1084537 0.0452190 0.0583762 0.1218225 0.0972188 0.1731229 0.1239898 0.1361133 0.1038242 0.1442158 0.1499334 0.1285441 0.1054047 0.1034193 0.1016147 0.1452011 0.0881611 0.1433548 0.1461080 0.0669232 0.1115320 0.1403422 0.0526761 0.1027113 0.1409497 0.1202413 
S0412sl       0.5902838 0.4990505 0.5323946 0.1350649 0.0661492 0.2071867 0.0510717 0.0772205 0.0811346 0.0738800 0.1465483 0.0988856 0.0654966 0.1089317 0.1486032 0.0998174 0.0961748 0.1995072 0.0940276 0.0000010 0.0436288 0.0574456 0.1107785 0.0000000 0.1318853 0.0592976 0.0643390 0.1551219 0.1042206 0.1552333 0.0808382 0.0651377 0.0945524 0.1036228 0.1303162 0.0587927 0.0726964 0.1382463 0.1259282 0.0573191 0.0495167 0.0655510 0.1130794 0.2044031 0.0441540 0.0970279 0.0512726 0.0736070 0.0516581 0.0435025 0.0592976 0.1111340 0.0519904 0.1159842 0.0953883 0.1330717 0.0737542 0.0872357 0.0881457 0.0739535 0.0945259 0.1086297 0.1074505 0.1493189 0.1267957 0.0838298 0.0358186 0.0810257 0.2024621 0.1475241 0.0962076 0.0981808 0.0838298 0.0509067 0.1044464 0.2125749 0.0441793 0.0509455 0.0721673 0.0886615 0.1101718 0.0953747 0.2091181 0.0904565 0.0906830 0.1042206 0.0440246 0.1095774 0.1251380 0.0890970 0.0379720 0.0572756 0.0579802 0.0810046 0.0509067 0.0766419 0.1058803 0.1655118 0.0376274 0.0988462 0.0974311 0.0501514 0.1067427 0.0505649 
S0417         0.5338961 0.5737423 0.4814612 0.1749317 0.1573016 0.2460904 0.1218469 0.1467049 0.1675786 0.1875930 0.0463158 0.1601784 0.1540697 0.1507175 0.0399312 0.1587975 0.1450707 0.1500227 0.1383181 0.1734296 0.1246868 0.1259008 0.0319269 0.1318853 0.0000000 0.1331193 0.0906416 0.0676466 0.1372035 0.0843748 0.0969803 0.1469037 0.1489582 0.1610069 0.0394687 0.1204875 0.1463733 0.0317684 0.0829082 0.1235320 0.1249568 0.1476122 0.1469887 0.1687090 0.1412769 0.1465153 0.1542499 0.0964507 0.1322537 0.1242703 0.1331193 0.1201056 0.1254297 0.1505508 0.0682790 0.0519875 0.1369225 0.1125565 0.0966307 0.1260220 0.1110018 0.1500436 0.1661878 0.1173970 0.1807012 0.1325700 0.1266258 0.1131569 0.1672177 0.1158996 0.0974503 0.1275619 0.1325700 0.1159230 0.1724128 0.1579269 0.1266234 0.1418839 0.1374884 0.0541201 0.0829773 0.1313523 0.0889375 0.1839374 0.1337159 0.1292175 0.1259920 0.1471297 0.1604119 0.1478819 0.1280558 0.1254758 0.1302207 0.1565148 0.1159230 0.1596823 0.1664887 0.0679362 0.1308596 0.1557815 0.0466799 0.1231154 0.1752995 0.1426399 
S0419         0.5983307 0.5588927 0.5377955 0.1168310 0.0993832 0.2222915 0.0446932 0.0066451 0.0503753 0.1250183 0.1391410 0.0743229 0.0983058 0.0967920 0.1371224 0.1129883 0.1039670 0.1725677 0.0873931 0.0000010 0.0731539 0.0887562 0.1036736 0.0592976 0.1331193 0.0000000 0.0512717 0.1469173 0.1122052 0.1470267 0.0516531 0.0721756 0.1217749 0.1315111 0.1309251 0.0909854 0.1152977 0.1308473 0.1264750 0.0804296 0.0838303 0.0658875 0.1213379 0.2163564 0.1041288 0.1209508 0.0976724 0.0374808 0.0059021 0.0729289 0.0000010 0.0724072 0.0454770 0.1333335 0.0956853 0.0698920 0.0663742 0.0514700 0.0445263 0.0523875 0.0576028 0.0965200 0.0804198 0.1415398 0.0864532 0.0893873 0.0858079 0.0585238 0.2142169 0.1571549 0.0585973 0.0877768 0.0893873 0.0812683 0.0799322 0.2246605 0.0741612 0.0596108 0.0503659 0.0740181 0.0952097 0.1061830 0.2004522 0.1224609 0.1002019 0.1204580 0.0888231 0.1369713 0.0985386 0.0817694 0.0749017 0.0884754 0.0515581 0.0734557 0.0812683 0.0657355 0.0810846 0.1463042 0.0596234 0.0727517 0.1003759 0.0587660 0.0587541 0.0672045 
S0427         0.5572634 0.5048347 0.4862300 0.1062198 0.0735130 0.1950366 0.0436812 0.0672913 0.0792258 0.0966126 0.1034961 0.0968009 0.0727773 0.0945069 0.1144283 0.1047874 0.0942055 0.1498610 0.0852176 0.0000010 0.0503368 0.0644578 0.0718795 0.0643390 0.0906416 0.0512717 0.0000000 0.1069659 0.1020746 0.1070509 0.0587182 0.0779103 0.1097332 0.1189390 0.0959949 0.0587401 0.0950696 0.0958975 0.0929338 0.0651998 0.0572042 0.0783920 0.1107213 0.1825715 0.0799921 0.1103788 0.0723419 0.0588187 0.0510332 0.0501898 0.0512717 0.0720550 0.0586547 0.1133721 0.0646239 0.1103767 0.0722614 0.0640541 0.0576438 0.0402567 0.0719765 0.0942481 0.1220109 0.1142163 0.0881957 0.0748627 0.0754920 0.0724218 0.1809379 0.1291237 0.0446202 0.0871491 0.0748627 0.0650720 0.1093376 0.1906303 0.0509806 0.0581858 0.0705157 0.0445731 0.0643252 0.0961423 0.1524529 0.1117165 0.0902531 0.1031602 0.0645066 0.0985265 0.1058157 0.0728381 0.0514520 0.0642652 0.0503712 0.0786141 0.0650720 0.0522213 0.0952581 0.1468452 0.0581993 0.1131894 0.0598291 0.0572940 0.0823471 0.0574655 
S0428sl       0.6729584 0.6951702 0.6390432 0.2354782 0.1832942 0.3269931 0.1340047 0.1394419 0.1751190 0.2093161 0.0665159 0.1934049 0.1807820 0.1741196 0.1047455 0.1929803 0.1959670 0.0810788 0.1433843 9.0000000 0.1453838 0.1360988 0.0494484 0.1551219 0.0676466 0.1469173 0.1069659 0.0000000 0.1962799 0.0419864 0.1377908 0.1503621 0.1684476 0.1792068 0.0768004 0.1508366 0.1590894 0.0586410 0.0829341 0.1548165 0.1176587 0.1627828 0.2091773 0.2508116 0.1557427 0.1984007 0.1688486 0.1358123 0.1458317 0.1448528 0.1469173 0.1648501 0.1368217 0.1712059 0.0749376 0.0510036 0.1760925 0.1472297 0.1174709 0.1773737 0.1540672 0.1751683 0.1848414 0.1824680 0.2007284 0.1929224 0.1204974 0.1557970 0.2395275 0.1921418 0.1369101 0.1501603 0.1929224 0.1276187 0.1967700 0.2389634 0.1479038 0.1567661 0.1513390 0.0590676 0.0900572 0.1804032 0.0965198 0.2339517 0.1733606 0.2070448 0.1362018 0.1897479 0.1958352 0.1580999 0.1497737 0.1356039 0.1433475 0.1986177 0.1276187 0.2221301 0.2002980 0.1116731 0.1565280 0.1729152 0.0595971 0.1450745 0.1848819 0.1676457 
S0430         0.5272150 0.4668714 0.4889617 0.1850932 0.1235474 0.2313270 0.1024713 0.1217384 0.1459494 0.1331706 0.1654532 0.1039625 0.1221625 0.1050798 0.1537531 0.0583500 0.0179587 0.2424131 0.1422846 0.1082063 0.0952371 0.1117533 0.1276922 0.1042206 0.1372035 0.1122052 0.1020746 0.1962799 0.0000000 0.1964053 0.1260244 0.1021811 0.0495269 0.0135463 0.1187690 0.1062593 0.1305995 0.1349375 0.1345207 0.0727433 0.0917647 0.1028158 0.0059455 0.1612251 0.1031383 0.0180652 0.0954828 0.1181847 0.1115406 0.0949380 0.1122052 0.1490199 0.0896426 0.0723342 0.1034694 0.1316287 0.0367835 0.1340852 0.1167147 0.1219361 0.1241522 0.1047788 0.1976142 0.0967873 0.1763383 0.0579360 0.0843423 0.1497981 0.1598739 0.1273117 0.1334665 0.1328514 0.0579360 0.1114142 0.1095888 0.1691230 0.0965926 0.1130297 0.1095276 0.0966449 0.1185480 0.0371630 0.2241919 0.0713867 0.0185849 0.0059182 0.0962448 0.0739966 0.1622985 0.0949064 0.0985809 0.1113940 0.1103129 0.1261513 0.1114142 0.0856490 0.1178013 0.1304972 0.0972326 0.1866840 0.1230295 0.0951276 0.1688023 0.1218166 
S0478         0.5637766 0.6049063 0.5556341 0.2457212 0.1834210 0.2742856 0.1341052 0.1395489 0.1752385 0.1873580 0.0585436 0.2154427 0.1809065 0.1547055 0.1048341 0.1931095 0.1756736 0.0498048 0.1517636 9.0000000 0.1454911 0.1362018 0.0648200 0.1552333 0.0843748 0.1470267 0.1070509 0.0419864 0.1964053 0.0000000 0.1572064 0.1504686 0.1685661 0.1793297 0.0941278 0.1509503 0.1592052 0.0586923 0.0910980 0.1549279 0.1177513 0.1628959 0.2093066 0.2042144 0.1755650 0.1985280 0.1689681 0.1548346 0.1459396 0.1449595 0.1470267 0.1849656 0.1369252 0.1713277 0.0829984 0.1095050 0.1762127 0.1669474 0.1257035 0.1596169 0.1736788 0.1556449 0.1644726 0.1825937 0.2225853 0.1930513 0.1205937 0.1756763 0.1935261 0.1514560 0.1370142 0.1703262 0.1930513 0.1185301 0.2181806 0.1930699 0.1480140 0.1568799 0.1705038 0.0590676 0.0579166 0.1805274 0.0967302 0.2340848 0.1630322 0.2071723 0.1363048 0.1790778 0.1966634 0.1389756 0.1498861 0.1357063 0.1434526 0.2201893 0.1185301 0.2023268 0.2221700 0.1119507 0.1566413 0.1530913 0.0675004 0.1451812 0.1730799 0.1677641 
S0552sl       0.5779524 0.5463100 0.5200270 0.1275432 0.1173540 0.2027900 0.0725247 0.0678856 0.0973272 0.1444801 0.1309837 0.0654198 0.1160283 0.1211703 0.1301526 0.1295402 0.1176820 0.2026469 0.1033224 0.0000010 0.0891617 0.1056824 0.0952141 0.0808382 0.0969803 0.0516531 0.0587182 0.1377908 0.1260244 0.1572064 0.0000000 0.1016429 0.1192725 0.1475904 0.1198052 0.1051885 0.1339852 0.1118730 0.1431206 0.0883428 0.1026289 0.0961966 0.1353598 0.2115046 0.1043252 0.1349326 0.1152493 0.0120111 0.0594003 0.0888786 0.0516531 0.0509827 0.0745426 0.1387228 0.1113623 0.0934248 0.0873544 0.0180642 0.0375725 0.0000010 0.0178749 0.1208121 0.1443145 0.1388271 0.1130405 0.0895374 0.1131736 0.0441714 0.2094791 0.1541015 0.0378320 0.0978121 0.0895374 0.0965626 0.0867297 0.2196214 0.0904384 0.0890556 0.0644641 0.0890628 0.1107952 0.1201902 0.1839312 0.1365961 0.1143876 0.1182988 0.1057604 0.1350270 0.1155653 0.0885986 0.0913801 0.1053389 0.0798679 0.0728955 0.0965626 0.0522559 0.0806563 0.1507471 0.0890339 0.1346140 0.0919696 0.0808964 0.1179518 0.0894769 
S0558         0.5239754 0.4896507 0.5476738 0.1781145 0.0738114 0.2594138 0.0709645 0.0827019 0.1180549 0.1053700 0.1527513 0.1287358 0.0806873 0.1170546 0.1638804 0.0978024 0.0942993 0.1869653 0.1308299 0.0539806 0.0574633 0.0720088 0.1168729 0.0651377 0.1469037 0.0721756 0.0779103 0.1503621 0.1021811 0.1504686 0.1016429 0.0000000 0.0997746 0.0914483 0.1278802 0.0737416 0.0955608 0.1444695 0.1006691 0.0649531 0.0570088 0.0930772 0.1108437 0.2301844 0.0945622 0.0951189 0.0801938 0.0942147 0.0718123 0.0572927 0.0721756 0.1166617 0.0802431 0.1299984 0.1087105 0.0880166 0.0723237 0.1093175 0.1012362 0.1095796 0.1153879 0.1167221 0.1474187 0.1551826 0.1528128 0.0899257 0.0589144 0.0867464 0.2279065 0.1885571 0.1174226 0.1548706 0.0899257 0.0718549 0.1018925 0.2382535 0.0582135 0.0798867 0.0994866 0.0870325 0.1081720 0.1033361 0.1907408 0.1118416 0.0980980 0.1100826 0.0720631 0.1249429 0.1564422 0.1029409 0.0593562 0.0717900 0.0781166 0.1349054 0.0718549 0.1137465 0.1357103 0.1478240 0.0798789 0.1379685 0.0969752 0.0574280 0.1383873 0.0877635 
S0616         0.5701738 0.5351413 0.5933599 0.2099819 0.1161173 0.2222064 0.1190496 0.1320201 0.1318794 0.1269996 0.1841801 0.1305148 0.1146358 0.1211169 0.1800283 0.0671702 0.0494596 0.1650618 0.1474854 0.0000010 0.0845763 0.0932725 0.1377471 0.0945524 0.1489582 0.1217749 0.1097332 0.1684476 0.0495269 0.1685661 0.1192725 0.0997746 0.0000000 0.0652669 0.1380655 0.1054728 0.1138386 0.1477755 0.1383030 0.0926691 0.0760577 0.1017887 0.0575754 0.1884625 0.0934529 0.0652669 0.0762159 0.1196708 0.1209219 0.0842750 0.1217749 0.1552340 0.0857730 0.0508155 0.1112914 0.1544838 0.0347689 0.1284131 0.1266977 0.0938521 0.1353321 0.1220463 0.1900383 0.1297559 0.1980572 0.0588177 0.0758099 0.1654762 0.1997952 0.1483243 0.1463297 0.1347737 0.0588177 0.1026955 0.1097916 0.1884625 0.0859335 0.1320928 0.1183803 0.1034199 0.1276249 0.0501099 0.2051944 0.0583261 0.0437038 0.0572121 0.0763276 0.0689382 0.1804072 0.1191992 0.0879561 0.0929374 0.1283434 0.1194301 0.1026955 0.0794441 0.1280515 0.2079838 0.1132842 0.1776360 0.1233452 0.0844796 0.1789666 0.1426762 
S0620         0.5490077 0.4776704 0.5369103 0.2228186 0.1260050 0.2651645 0.1194705 0.1420485 0.1616265 0.1372727 0.1956877 0.1215245 0.1243669 0.1307485 0.1809355 0.0436324 0.0275645 0.1658272 0.1575493 0.0000010 0.0933318 0.1022265 0.1395159 0.1036228 0.1610069 0.1315111 0.1189390 0.1792068 0.0135463 0.1793297 0.1475904 0.0914483 0.0652669 0.0000000 0.1386471 0.1150029 0.1234711 0.1579898 0.1388874 0.0677323 0.0846199 0.1199329 0.0206549 0.2001098 0.1023880 0.0000010 0.0847966 0.1382020 0.1305575 0.0929958 0.1315111 0.1653694 0.1035310 0.0829917 0.1300842 0.1316287 0.0421348 0.1572101 0.1361984 0.1583914 0.1449846 0.1317580 0.1869792 0.1208168 0.2002290 0.0668718 0.0850370 0.1562861 0.2117183 0.1686271 0.1563067 0.1652679 0.0668718 0.1119021 0.1190292 0.2115809 0.0948565 0.1325853 0.1277532 0.1220244 0.1371729 0.0501822 0.2063376 0.0824959 0.0212674 0.0205414 0.0849238 0.0947449 0.1920641 0.1104975 0.0971086 0.1018553 0.1288055 0.1476814 0.1119021 0.1101088 0.1292655 0.1819892 0.1136909 0.2003619 0.1332372 0.0932115 0.1809147 0.1432210 
S0624         0.5643148 0.6450983 0.5433088 0.1896596 0.1519916 0.3055320 0.1198886 0.1439111 0.1648094 0.1811806 0.0614432 0.1575095 0.1501932 0.1386638 0.0607088 0.1292283 0.1263345 0.1571444 0.1360921 0.1734296 0.1206651 0.1217987 0.0460444 0.1303162 0.0394687 0.1309251 0.0959949 0.0768004 0.1187690 0.0941278 0.1198052 0.1278802 0.1380655 0.1386471 0.0000000 0.1164761 0.1414921 0.0387873 0.0668118 0.1229220 0.1203923 0.1285119 0.1279298 0.1655352 0.1477944 0.1275269 0.1491368 0.1199117 0.1300905 0.1202735 0.1309251 0.1428836 0.1150233 0.1309239 0.0528205 0.0734426 0.1185276 0.1278759 0.0951089 0.1215557 0.1339910 0.1380675 0.1633189 0.1153192 0.1689155 0.1302349 0.1152026 0.1272714 0.1641045 0.1138757 0.1113728 0.1340501 0.1302349 0.1052625 0.1522701 0.1549927 0.1224790 0.1314211 0.1352847 0.0392533 0.0668720 0.1201731 0.0589601 0.1630834 0.1230371 0.1269994 0.1218853 0.1344057 0.1672045 0.1454803 0.1250732 0.1213993 0.1281220 0.1626734 0.1052625 0.1380086 0.1637533 0.0853574 0.1312964 0.1531192 0.0543918 0.1204786 0.1722848 0.1407238 
S0641         0.5724697 0.5039175 0.5374791 0.1560296 0.0531218 0.2789886 0.0743237 0.1064677 0.1154191 0.0754552 0.1340943 0.1407346 0.0525988 0.1041638 0.1161147 0.1184523 0.1139263 0.1873594 0.1287615 0.0505361 0.0312567 0.0448364 0.0983141 0.0587927 0.1204875 0.0909854 0.0587401 0.1508366 0.1062593 0.1509503 0.1051885 0.0737416 0.1054728 0.1150029 0.1164761 0.0000000 0.0742947 0.1256827 0.1123846 0.0664857 0.0280818 0.0966694 0.1153769 0.1657882 0.0816950 0.1150050 0.0522878 0.0974871 0.0904732 0.0311658 0.0909854 0.1402672 0.0753475 0.1257803 0.1130446 0.1382977 0.0902341 0.1098488 0.1139175 0.0972593 0.1193796 0.1038685 0.1459401 0.1366643 0.1342415 0.1025952 0.0524255 0.1161002 0.1643464 0.1527952 0.1076559 0.1080639 0.1025952 0.0592077 0.1303448 0.1739054 0.0316501 0.0814235 0.1118072 0.0903995 0.1124598 0.1059229 0.2064189 0.1072526 0.1097151 0.1074365 0.0448718 0.1093387 0.1553720 0.1046925 0.0387021 0.0447028 0.0818549 0.1217793 0.0592077 0.1041515 0.1512363 0.1532989 0.0814139 0.1360888 0.0926293 0.0379570 0.1365214 0.0803193 
S0643         0.6370629 0.5379485 0.5878721 0.1951791 0.0584755 0.2908831 0.1043298 0.1146377 0.1234975 0.0984902 0.1600101 0.1734912 0.0741085 0.1349213 0.1642326 0.1444087 0.1218958 0.2377587 0.1366456 0.1804814 0.0511976 0.0376378 0.1220335 0.0726964 0.1463733 0.1152977 0.0950696 0.1590894 0.1305995 0.1592052 0.1339852 0.0955608 0.1138386 0.1234711 0.1414921 0.0742947 0.0000000 0.1512748 0.1200760 0.0885403 0.0352299 0.1042809 0.1403859 0.1877207 0.1046100 0.1230705 0.0669934 0.1255696 0.1057386 0.0510453 0.1152977 0.1492356 0.0821715 0.1080547 0.1207811 0.1552699 0.1139051 0.1381747 0.1144605 0.1441406 0.1489645 0.1274789 0.1366209 0.1426747 0.1651179 0.1279114 0.0601113 0.1328017 0.2098157 0.1720516 0.1419137 0.1421876 0.1279114 0.0662364 0.1482088 0.2204553 0.0518647 0.1117501 0.1285864 0.0979096 0.1201512 0.1137692 0.1847439 0.1418971 0.1178652 0.1320525 0.0376673 0.1108667 0.1943354 0.1412180 0.0594681 0.0375280 0.1123445 0.1391900 0.0662364 0.1340467 0.1702820 0.2060211 0.1116827 0.1270282 0.0925740 0.0582908 0.1451653 0.1101060 
