116
CRNC          0.0000000 0.1793919 0.2070950 0.2836235 0.3489989 0.2667294 0.3300442 0.3128598 0.2532106 0.2722019 0.2936359 0.2569601 0.3037316 0.3296171 0.2742768 0.3740372 0.3208953 0.2518235 0.3017744 0.3360247 0.2518235 0.2963421 0.3191245 0.3430983 0.2977013 0.2618127 0.2536628 0.2871798 0.3522626 0.2643234 0.2917051 0.3038519 0.3014190 0.2537978 0.2907878 0.3439312 0.2831791 0.3155773 0.4175668 0.3147976 0.2949611 0.2589905 0.2829611 0.2671365 0.2420416 0.3061969 0.2384587 0.2361003 0.2862280 0.2621303 0.2582329 0.2466419 0.9161349 0.2917051 0.2674804 0.2917051 0.2804456 0.3451543 0.3050037 0.2980010 0.3625766 0.2743663 0.3111982 0.2984943 0.3812327 0.3206832 0.3543017 0.3443716 0.2833051 0.2669248 0.2531685 0.2967138 0.3397645 0.4118340 0.3641439 0.3318889 0.2686015 0.2821889 0.2447721 0.3241302 0.3072124 0.3219754 0.2901647 0.3262623 0.2569601 0.2780733 0.3080543 0.2517741 0.2304703 0.2429765 0.3211345 0.2878987 0.2825421 0.2661521 0.2518235 0.2569601 0.3295806 0.3069993 0.3193313 0.2662444 0.2464967 0.3023564 0.3319144 0.3229082 0.3031153 0.3238927 0.3269084 0.3327192 0.2556015 0.3078174 0.2725473 0.2688620 0.2786212 0.2767102 0.2905799 0.2718604 
HYZL          0.1793919 0.0000000 0.0816494 0.2896482 0.3391784 0.2914842 0.2954411 0.2770967 0.4130002 0.2805534 0.2537437 0.2667325 0.3060707 0.2911769 0.2525558 0.3211142 0.2986354 0.2861674 0.3205709 0.3013104 0.2934872 0.2851906 0.3359712 0.3430983 0.3166937 0.2182648 0.2736674 0.2789261 0.3216268 0.2700245 0.2991202 0.2747678 0.3495573 0.2816087 0.2786556 0.3151120 0.2752506 0.2902823 0.3728875 0.2768043 0.2906821 0.2868736 0.2740220 0.2725954 0.2762865 0.2838584 0.2943925 0.2482234 0.2639582 0.2994449 0.4095918 0.2864935 0.6142791 0.2891320 0.2792654 0.2895120 0.2763378 0.3091899 0.2831568 0.2982151 0.3365089 0.2975115 0.3015360 0.2787361 0.3137917 0.2779361 0.3125875 0.3103558 0.3436206 0.2480240 0.2833624 0.3151784 0.3019080 0.3695973 0.3471140 0.3082352 0.2408795 0.2902811 0.2533206 0.3203833 0.3023670 0.2801800 0.2837286 0.3015408 0.2809452 0.2763494 0.2919174 0.2918711 0.2683964 0.2867689 0.3179977 0.2710574 0.2669984 0.3020592 0.2394057 0.2810804 0.3161984 0.3645128 0.2849460 0.2762370 0.2522382 0.2784833 0.3119099 0.3032967 0.2838244 0.2915256 0.2916841 0.2778650 0.2748016 0.2945784 0.2648404 0.2578407 0.2715306 0.2729979 0.2752160 0.2783588 
MYZV          0.2070950 0.0816494 0.0000000 0.3096658 0.3371197 0.3476400 0.3907947 0.3026696 0.3555307 0.2877984 0.2897159 0.3182565 0.3217112 0.3314360 0.3005389 0.3439965 0.3202626 0.3199157 0.3433338 0.3328598 0.3146936 0.3124779 0.3600322 0.3430983 0.3412911 0.2587413 0.3278675 0.3063841 0.3386092 0.2890662 0.3114117 0.3025918 0.3259421 0.3019255 0.2907311 0.3793492 0.3091623 0.3184960 0.3838978 0.3037312 0.3465112 0.3221413 0.3010088 0.3032589 0.2817298 0.2891481 0.3157345 0.2972834 0.3027521 0.3211026 0.3713978 0.3347609 0.6789946 0.3008434 0.3264338 0.3012449 0.2874505 0.3502109 0.2884113 0.3183648 0.3548540 0.3179524 0.3192482 0.3040207 0.3787688 0.3358975 0.3771725 0.3627302 0.3191490 0.3028600 0.3136576 0.3292535 0.3512743 0.3638742 0.3842516 0.3573569 0.3029907 0.3020807 0.2967597 0.3708586 0.3295084 0.3259950 0.3305028 0.3310509 0.3286183 0.3020033 0.3128589 0.3115579 0.2860382 0.3074263 0.3486930 0.2970349 0.2829375 0.3240865 0.2772605 0.3021994 0.3318156 0.3767652 0.3245953 0.3234108 0.2928325 0.3042352 0.3465573 0.3340471 0.2875457 0.3320305 0.3257574 0.3040341 0.2756004 0.3067147 0.2979038 0.3144584 0.2892816 0.3193003 0.2917807 0.3038274 
SRR6441723    0.2836235 0.2896482 0.3096658 0.0000000 0.1146079 0.0715793 0.2222143 0.0728033 0.0514404 0.0716003 0.0939995 0.0518413 0.0776024 0.0561971 0.0786293 0.0764594 0.0774642 0.0829681 0.0648194 0.1028859 0.0872455 0.0563255 0.0489191 0.3430983 0.0649016 0.0580388 0.0595966 0.0726264 0.0904506 0.0637341 0.0526305 0.0648914 0.0743679 0.0792407 0.0593860 0.0870956 0.0520210 0.0830237 0.0938707 0.0570015 0.0641295 0.0716022 0.0860167 0.0639302 0.0714713 0.0679120 0.0794549 0.1137361 0.0586628 0.0831926 0.0674841 0.0670990 0.2448197 0.0522275 0.0555450 0.0485143 0.0560981 0.0724301 0.0677572 0.0687550 0.0849124 0.0681441 0.0704640 0.0477233 0.0868295 0.0686930 0.0783250 0.0832497 0.0654337 0.0725207 0.1119332 0.0734671 0.0671269 0.1204037 0.0832844 0.0649724 0.1058025 0.0599142 0.1032943 0.0735246 0.0263847 0.0618674 0.0774960 0.0781390 0.0557650 0.0605666 0.0760815 0.0720912 0.0601354 0.0927346 0.0864905 0.0877283 0.0681427 0.0879156 0.0864647 0.0515627 0.0821717 0.0964833 0.0561970 0.0595752 0.0526575 0.0566263 0.1023435 0.0678534 0.0743932 0.0612121 0.0649001 0.0700488 0.0772951 0.0566851 0.0497520 0.0774302 0.0678292 0.0635209 0.0608499 0.0561224 
ERR4210213    0.3489989 0.3391784 0.3371197 0.1146079 0.0000000 0.1315770 0.2359200 0.1596237 0.4707809 0.1150944 0.1529170 0.1152816 0.0863259 0.1203100 0.1152816 0.1677677 0.1152816 0.2384556 0.1358559 0.2154419 0.2384556 0.0992375 0.0535321 0.0000010 0.1104713 0.1152816 0.1152816 0.1398255 0.1403192 0.0994407 0.0829331 0.1104713 0.4707809 0.2593156 0.1165305 0.1785887 0.1201213 0.1487929 0.2660675 0.0989372 0.1152816 0.1130777 0.1317901 0.1160236 0.1152816 0.1172933 0.2443501 0.2561914 0.0829331 0.2384556 0.4707809 0.1152816 4.2838477 0.0829331 0.1152816 0.0829331 0.0992375 0.1182946 0.1172933 0.1198069 0.1982053 0.1368838 0.1232245 0.1170998 0.1597707 0.1180985 0.1597707 0.1387636 0.2518131 0.0829331 0.2234926 0.0992375 0.1609207 0.1942953 0.1182946 0.1182946 0.1825468 0.0829331 0.2226625 0.1237406 0.0992375 0.1541334 0.1608585 0.1995629 0.1152816 0.1204685 0.1027506 0.1329977 0.1172015 0.2384556 0.1421413 0.1143590 0.1150206 0.2384556 0.2384556 0.1152816 0.1480445 0.1519082 0.1203100 0.1317901 0.1007036 0.1373664 0.1744632 0.1588002 0.1341197 0.1182946 0.1182946 0.1152816 0.1390565 0.0829331 0.0900446 0.0829331 0.1354006 0.1329977 0.0829331 0.1204685 
ERR2789774    0.2667294 0.2914842 0.3476400 0.0715793 0.1315770 0.0000000 0.2319416 0.0803516 0.0595346 0.0663297 0.0917447 0.0226151 0.0799287 0.0677270 0.0432918 0.0963589 0.0855549 0.0784403 0.0921622 0.1066838 0.0747979 0.0591815 0.0872569 0.3430983 0.0673880 0.0223345 0.0368904 0.0760292 0.0933750 0.0714094 0.0601631 0.0675994 0.0684219 0.0788024 0.0665983 0.0976559 0.0517218 0.0982662 0.0891300 0.0608212 0.0332743 0.0482488 0.0986575 0.0817402 0.0872244 0.0712781 0.0749578 0.1219012 0.0510150 0.0786505 0.0679894 0.0398720 0.2105320 0.0596964 0.0294002 0.0559208 0.0560686 0.0748296 0.0711168 0.0858892 0.1075414 0.0892910 0.0796889 0.0476994 0.0933725 0.0786936 0.0806951 0.0855699 0.0913422 0.0762196 0.1258820 0.0896683 0.0922050 0.1372934 0.0856094 0.0674876 0.1105664 0.0675290 0.1199387 0.0838685 0.0546675 0.0860505 0.0990284 0.0878165 0.0295058 0.0723101 0.0833295 0.0799591 0.0716713 0.0879799 0.0961919 0.0958128 0.0792418 0.0832687 0.0682198 0.0295321 0.0776922 0.1504849 0.0677266 0.0364893 0.0299947 0.0721799 0.0936858 0.0634844 0.0922996 0.0637812 0.0768490 0.0826387 0.0764349 0.0643174 0.0578962 0.0811911 0.0835276 0.0328384 0.0679227 0.0636693 
PAFTOL_019361 0.3300442 0.2954411 0.3907947 0.2222143 0.2359200 0.2319416 0.0000000 0.2023171 0.2585900 0.2192257 0.2022894 0.1891778 0.2069547 0.1756729 0.1900799 0.2327303 0.1965997 0.2097241 0.2077593 0.2171836 0.2051988 0.1921593 0.2237488 0.3430983 0.2029689 0.1784763 0.1905744 0.2102736 0.2282003 0.1863625 0.1838786 0.2199736 0.2754130 0.1948354 0.1889667 0.2313901 0.1987321 0.1983963 0.2537150 0.2168911 0.2042227 0.1951929 0.2150516 0.2204335 0.2012411 0.1895689 0.2057659 0.2149405 0.1874860 0.1984691 0.2701440 0.2014437 0.5184170 0.1965740 0.1836210 0.1912357 0.1918521 0.2062553 0.1891121 0.2316722 0.2157254 0.1984409 0.2289354 0.1782660 0.2179904 0.2121354 0.2181987 0.2266720 0.3298080 0.1941451 0.2206168 0.2319557 0.2065719 0.3120690 0.2323167 0.2016869 0.2294769 0.1973054 0.2242155 0.2337191 0.1986847 0.2056136 0.2441048 0.2182425 0.1963411 0.1687772 0.2061240 0.1894578 0.1914164 0.2255472 0.2444994 0.2439651 0.2072941 0.2178667 0.1917524 0.1876496 0.2105130 0.2320290 0.1756723 0.1919486 0.1591068 0.1990276 0.2310627 0.2237828 0.1914980 0.1843145 0.1900254 0.2016928 0.1873142 0.1976181 0.1873702 0.1866420 0.1929739 0.2005885 0.2119491 0.1670088 
S0055         0.3128598 0.2770967 0.3026696 0.0728033 0.1596237 0.0803516 0.2023171 0.0000000 0.0665198 0.0720215 0.0905626 0.0521306 0.0641235 0.0570167 0.0695186 0.0767439 0.0783747 0.0679359 0.0688562 0.1086810 0.0720698 0.0569532 0.0925228 0.3430983 0.0859509 0.0478223 0.0600381 0.0676878 0.0747081 0.0564653 0.0571137 0.0699926 0.0764704 0.0605280 0.0560624 0.0872227 0.0491986 0.1002750 0.0861902 0.0663681 0.0645025 0.0682235 0.0743805 0.0702464 0.0718906 0.0645170 0.0644290 0.1112490 0.0482596 0.0681188 0.0608945 0.0600857 0.2314699 0.0566677 0.0560854 0.0528726 0.0564172 0.0598994 0.0643689 0.0829820 0.0777206 0.0697303 0.0766678 0.0369722 0.0826284 0.0802935 0.0742147 0.0751122 0.0833367 0.0774844 0.1099428 0.0787684 0.0765752 0.1043521 0.0698921 0.0526671 0.1136072 0.0568460 0.1094417 0.0895948 0.0594041 0.0708983 0.0833502 0.0804481 0.0563098 0.0649163 0.0724630 0.0566667 0.0566789 0.0772168 0.0933083 0.0857048 0.0764073 0.0726221 0.0701449 0.0518130 0.0593510 0.1410161 0.0570162 0.0564702 0.0451976 0.0231860 0.1039036 0.0698106 0.0638707 0.0577927 0.0620598 0.0709169 0.0734519 0.0612783 0.0505822 0.0825617 0.0596889 0.0565081 0.0651990 0.0564415 
S0196sl       0.2532106 0.4130002 0.3555307 0.0514404 0.4707809 0.0595346 0.2585900 0.0665198 0.0000000 0.0660036 0.0439609 0.0309189 0.0843431 0.0240638 0.0298052 0.0585216 0.0657774 0.0641093 0.0438830 0.0909973 0.0715339 0.0672062 0.0806643 0.0000010 0.0432877 0.0250819 0.0443273 0.0735282 0.0794140 0.0508625 0.0000010 0.0524381 0.0754344 0.0576834 0.0435791 0.0677851 0.0439192 0.0846229 0.0572469 0.0760413 0.0445572 0.0367167 0.0759764 0.0528281 0.0437479 0.0363688 0.0572469 0.1181718 0.0432192 0.0644204 0.0316286 0.0508220 0.0605093 0.0116371 0.0374104 0.0057675 0.0116371 0.0522282 0.0433914 0.0679377 0.0801379 0.0586538 0.0549006 0.0303478 0.0665668 0.0522148 0.0457555 0.0533432 0.0673606 0.0499501 0.0973312 0.0521919 0.0557718 0.0745577 0.0688219 0.0527225 0.1166289 0.0237942 0.1171468 0.0515922 0.0304646 0.0563878 0.0663519 0.0377539 0.0376714 0.0371960 0.0733021 0.0442697 0.0371675 0.0735856 0.0754683 0.1140298 0.0653960 0.0641589 0.0376696 0.0369102 0.0638503 0.1060858 0.0240638 0.0445482 0.0316006 0.0445711 0.0585315 0.0445200 0.0654988 0.0311275 0.0306907 0.0818996 0.0518406 0.0057199 0.0611011 0.0426521 0.0444424 0.0444292 0.0300464 0.0307210 
S0278         0.2722019 0.2805534 0.2877984 0.0716003 0.1150944 0.0663297 0.2192257 0.0720215 0.0660036 0.0000000 0.0886943 0.0626042 0.0334967 0.0673828 0.0733513 0.0799798 0.0410060 0.0746738 0.0750801 0.0637366 0.0788341 0.0294481 0.0914958 0.3430983 0.0971620 0.0630300 0.0706642 0.0441812 0.0899166 0.0402403 0.0559280 0.0755116 0.0310925 0.0750183 0.0439051 0.1029269 0.0594728 0.0821303 0.0893312 0.0301271 0.0752856 0.0752077 0.0600734 0.0638325 0.0519743 0.0629227 0.0711955 0.1302013 0.0661243 0.0748735 0.0674291 0.0627602 0.2411117 0.0555006 0.0666416 0.0517886 0.0516522 0.0795252 0.0670160 0.0600519 0.1075778 0.0685413 0.0615100 0.0550158 0.1026105 0.0705795 0.0856104 0.0906249 0.0754503 0.0717156 0.1287024 0.0936783 0.0922344 0.0948662 0.0955596 0.0765444 0.1280545 0.0631910 0.1193172 0.0723008 0.0546815 0.0860768 0.0847253 0.0743633 0.0669116 0.0679147 0.0401421 0.0636005 0.0557469 0.0840847 0.0690885 0.0473591 0.0755758 0.0794333 0.0917464 0.0622195 0.0739610 0.1306785 0.0673826 0.0748185 0.0520458 0.0716931 0.0889141 0.0674511 0.0576980 0.0682998 0.0764500 0.0400408 0.0764250 0.0599945 0.0307606 0.0765573 0.0670866 0.0748624 0.0678671 0.0633476 
S0281         0.2936359 0.2537437 0.2897159 0.0939995 0.1529170 0.0917447 0.2022894 0.0905626 0.0439609 0.0886943 0.0000000 0.0668651 0.1046156 0.0648146 0.0787187 0.1113901 0.0860566 0.0883385 0.0890700 0.1173648 0.0927430 0.0818282 0.1145842 0.3430983 0.0989244 0.0686044 0.0802625 0.0943264 0.1029307 0.0811066 0.0523201 0.0908874 0.1008925 0.0806435 0.0839442 0.0909971 0.0803809 0.0837289 0.0959829 0.0880723 0.0798224 0.0978230 0.0836045 0.1001920 0.0927301 0.0635703 0.0847622 0.1235214 0.0753879 0.0885821 0.0606598 0.0868566 0.2130596 0.0519222 0.0747248 0.0482330 0.0557666 0.0761508 0.0634262 0.1139807 0.1186924 0.0953439 0.1079777 0.0715702 0.0907186 0.0881396 0.0740156 0.0788446 0.1079398 0.0642895 0.1275555 0.0998206 0.0733191 0.1335002 0.0920543 0.0731292 0.1257070 0.0595571 0.1215063 0.0976733 0.0793422 0.0676992 0.1191838 0.0720819 0.0750345 0.0816923 0.1025034 0.0895896 0.0809556 0.0984566 0.1164803 0.1123232 0.0687060 0.0887189 0.0978946 0.0750944 0.0956009 0.1469088 0.0648137 0.0752462 0.0726660 0.0780732 0.0865775 0.0910905 0.0943851 0.0608431 0.0688960 0.0988709 0.0948610 0.0522279 0.0758762 0.0689907 0.0932444 0.0831869 0.0642327 0.0726323 
S0282         0.2569601 0.2667325 0.3182565 0.0518413 0.1152816 0.0226151 0.1891778 0.0521306 0.0309189 0.0626042 0.0668651 0.0000000 0.0681583 0.0407294 0.0208132 0.0707791 0.0646170 0.0585589 0.0631832 0.0845613 0.0550516 0.0445699 0.0663837 0.3430983 0.0483171 0.0043469 0.0127830 0.0556348 0.0639572 0.0441998 0.0336797 0.0484730 0.0525024 0.0588238 0.0474127 0.0761302 0.0333117 0.0773526 0.0780691 0.0532029 0.0095125 0.0229689 0.0685855 0.0606038 0.0588569 0.0441115 0.0551642 0.0897347 0.0259365 0.0587112 0.0380709 0.0158408 0.1893935 0.0334359 0.0062299 0.0299496 0.0300252 0.0550697 0.0440128 0.0727093 0.0767275 0.0601811 0.0664565 0.0294809 0.0759076 0.0587470 0.0601893 0.0646210 0.0590318 0.0483728 0.0935119 0.0604326 0.0632182 0.0953647 0.0646202 0.0480104 0.0798282 0.0406086 0.0883693 0.0671091 0.0363273 0.0580939 0.0688361 0.0618525 0.0062501 0.0447480 0.0629783 0.0519067 0.0443667 0.0672568 0.0823673 0.0837139 0.0551066 0.0629423 0.0580334 0.0062561 0.0577093 0.1241408 0.0407290 0.0126488 0.0096240 0.0446593 0.0757492 0.0446288 0.0621200 0.0371045 0.0487464 0.0606222 0.0484839 0.0374051 0.0420798 0.0526676 0.0553296 0.0126597 0.0408363 0.0370563 
S0289         0.3037316 0.3060707 0.3217112 0.0776024 0.0863259 0.0799287 0.2069547 0.0641235 0.0843431 0.0334967 0.1046156 0.0681583 0.0000000 0.0731954 0.0752868 0.0952084 0.0338356 0.0807240 0.0811725 0.0679990 0.0850594 0.0371798 0.0898990 0.3430983 0.0996220 0.0643897 0.0715163 0.0520244 0.0926688 0.0485274 0.0695343 0.0816624 0.0536047 0.0811071 0.0523773 0.1006253 0.0649645 0.0841270 0.1027612 0.0418334 0.0814093 0.0809664 0.0565653 0.0734273 0.0532812 0.0814274 0.0771465 0.1433011 0.0636925 0.0809463 0.0863610 0.0766200 0.2562708 0.0731469 0.0723659 0.0691601 0.0728238 0.0770113 0.0812388 0.0694780 0.1151905 0.0784580 0.0712240 0.0602779 0.1003114 0.0641525 0.0831106 0.0881632 0.1039134 0.0863850 0.1364895 0.1006693 0.0941762 0.1163176 0.0882100 0.0694576 0.1316637 0.0814527 0.1317067 0.0741114 0.0523788 0.0925288 0.0954158 0.0897160 0.0726702 0.0777183 0.0450813 0.0731451 0.0648897 0.0906015 0.0791110 0.0512727 0.0817277 0.0857245 0.0877604 0.0677258 0.0721926 0.1453780 0.0731953 0.0761322 0.0492527 0.0725494 0.1092431 0.0817726 0.0711926 0.0742274 0.0827059 0.0448392 0.0867131 0.0739431 0.0386370 0.0872110 0.0767453 0.0809343 0.0823096 0.0728428 
S0292         0.3296171 0.2911769 0.3314360 0.0561971 0.1203100 0.0677270 0.1756729 0.0570167 0.0240638 0.0673828 0.0648146 0.0407294 0.0731954 0.0000000 0.0587311 0.0720751 0.0651710 0.0790450 0.0629123 0.0940798 0.0832765 0.0449325 0.0709966 0.3430983 0.0603850 0.0426863 0.0518826 0.0602800 0.0776566 0.0445563 0.0339479 0.0485586 0.0583814 0.0715659 0.0442510 0.0691783 0.0483602 0.0783026 0.0944666 0.0536521 0.0524714 0.0639990 0.0613386 0.0531455 0.0516284 0.0561487 0.0755401 0.0971904 0.0474529 0.0792581 0.0378066 0.0554876 0.2012908 0.0337002 0.0443176 0.0301849 0.0373277 0.0483670 0.0560210 0.0650506 0.0899771 0.0491508 0.0587072 0.0368262 0.0689754 0.0595005 0.0533193 0.0576769 0.0654702 0.0526328 0.1042130 0.0609444 0.0637918 0.1077693 0.0576668 0.0412967 0.0996924 0.0409343 0.0997103 0.0679864 0.0438779 0.0586066 0.0821455 0.0342274 0.0444875 0.0451134 0.0591054 0.0447138 0.0373114 0.0886648 0.0611796 0.0844430 0.0636537 0.0783532 0.0813758 0.0439900 0.0701787 0.1303824 0.0000025 0.0446126 0.0413568 0.0452613 0.0438879 0.0608050 0.0425565 0.0162668 0.0063669 0.0608035 0.0609180 0.0334873 0.0387039 0.0570656 0.0481229 0.0519781 0.0528075 0.0373517 
S0293         0.2742768 0.2525558 0.3005389 0.0786293 0.1152816 0.0432918 0.1900799 0.0695186 0.0298052 0.0733513 0.0787187 0.0208132 0.0752868 0.0587311 0.0000000 0.0894297 0.0756408 0.0737065 0.0851343 0.0915986 0.0687378 0.0491568 0.0939127 1.4887593 0.0633004 0.0137312 0.0299562 0.0697878 0.0765188 0.0539004 0.0436856 0.0684869 0.0448481 0.0741483 0.0582043 0.1075535 0.0439113 0.0927624 0.1078433 0.0608493 0.0345817 0.0250402 0.0702798 0.0693834 0.0782551 0.0632749 0.0692052 0.1267967 0.0340809 0.0739624 0.0296324 0.0341195 0.3135160 0.0436856 0.0251915 0.0436856 0.0484753 0.0847244 0.0630917 0.0853332 0.0868591 0.0690672 0.0774334 0.0480364 0.1210581 0.0898004 0.0982911 0.0918273 0.0767456 0.0687613 0.1262186 0.0427809 0.0735144 0.0893347 0.0807568 0.0801649 0.1131618 0.0533916 0.1268806 0.0963775 0.0621090 0.0725595 0.0938013 0.0657644 0.0208132 0.0591128 0.0738861 0.0635213 0.0587867 0.0745918 0.0876194 0.0910821 0.0741568 0.0747341 0.0699825 0.0208132 0.0675345 0.1649504 0.0587309 0.0251251 0.0344806 0.0639545 0.0901178 0.0640877 0.0735425 0.0543047 0.0532782 0.0546293 0.0538013 0.0489641 0.0514800 0.0690957 0.0629219 0.0297815 0.0589605 0.0533896 
S0294         0.3740372 0.3211142 0.3439965 0.0764594 0.1677677 0.0963589 0.2327303 0.0767439 0.0585216 0.0799798 0.1113901 0.0707791 0.0952084 0.0720751 0.0894297 0.0000000 0.1083186 0.0993880 0.0763151 0.1217603 0.1038631 0.0761023 0.0914966 0.0000010 0.0896968 0.0792878 0.0790913 0.0850762 0.0854979 0.0803019 0.0721870 0.0817995 0.0908773 0.0916690 0.0595651 0.1132118 0.0837984 0.1034083 0.1058952 0.0915221 0.0839179 0.0884623 0.1040938 0.1037773 0.0880234 0.0793896 0.0958371 0.1144628 0.0821452 0.0909906 0.0524300 0.0871110 0.2607889 0.0716124 0.0668590 0.0677165 0.0757136 0.0892869 0.0837451 0.1036947 0.1019595 0.0861696 0.1116608 0.0705939 0.1128562 0.0973415 0.0952844 0.1005510 0.0746305 0.0976533 0.1131307 0.0988750 0.0802324 0.1070576 0.1010238 0.0854497 0.1167590 0.0797227 0.1039312 0.1025723 0.0705232 0.0744580 0.1138716 0.1059925 0.0752591 0.0723061 0.0925198 0.0883169 0.0842582 0.1097838 0.1292798 0.1250312 0.0838543 0.1046703 0.1094144 0.0703345 0.0656769 0.1488150 0.0720742 0.0754719 0.0681215 0.0684989 0.1111528 0.0892747 0.0837700 0.0772759 0.0814114 0.0872747 0.0852102 0.0686209 0.0790490 0.1031537 0.0924308 0.0834339 0.0754423 0.0716276 
S0299         0.3208953 0.2986354 0.3202626 0.0774642 0.1152816 0.0855549 0.1965997 0.0783747 0.0657774 0.0410060 0.0860566 0.0646170 0.0338356 0.0651710 0.0756408 0.1083186 0.0000000 0.0730097 0.0896696 0.0635839 0.0772677 0.0305912 0.0980571 0.3430983 0.0890664 0.0716054 0.0717810 0.0644562 0.0953703 0.0376133 0.0526185 0.0815153 0.0388604 0.0733561 0.0527527 0.0890757 0.0571271 0.0830154 0.0976340 0.0349010 0.0777638 0.0760257 0.0377359 0.0615454 0.0456673 0.0732322 0.0694372 0.1303646 0.0596993 0.0732101 0.0843772 0.0727331 0.2636768 0.0570514 0.0685214 0.0532297 0.0530857 0.0740197 0.0730625 0.0655046 0.1060852 0.0663163 0.0591261 0.0526206 0.0970355 0.0690495 0.0800889 0.0851461 0.0859530 0.0695703 0.1210878 0.0963560 0.0803776 0.1089959 0.0901295 0.0709184 0.1324690 0.0649765 0.1277244 0.0834273 0.0522951 0.0842347 0.0828036 0.0679441 0.0688074 0.0697927 0.0490282 0.0536120 0.0458034 0.0826284 0.0666213 0.0334160 0.0820385 0.0778711 0.0833663 0.0679770 0.0725818 0.1499474 0.0612585 0.0769595 0.0500138 0.0735573 0.0914327 0.0827954 0.0552437 0.0703174 0.0743728 0.0291163 0.0873284 0.0571935 0.0315188 0.0690204 0.0648779 0.0770050 0.0740200 0.0610690 
S0303         0.2518235 0.2861674 0.3199157 0.0829681 0.2384556 0.0784403 0.2097241 0.0679359 0.0641093 0.0746738 0.0883385 0.0585589 0.0807240 0.0790450 0.0737065 0.0993880 0.0730097 0.0000000 0.0586802 0.1068066 0.0093895 0.0597805 0.1070992 0.3430983 0.1007403 0.0581572 0.0664808 0.0795203 0.0977901 0.0671922 0.0713699 0.0967529 0.0586221 0.0062393 0.0663558 0.1071625 0.0587631 0.0737848 0.0405356 0.0691644 0.0709937 0.0791222 0.0813908 0.0856820 0.0789886 0.0710092 0.0062561 0.1195716 0.0620444 0.0062276 0.0586170 0.0665347 0.2229381 0.0708085 0.0625250 0.0669595 0.0748580 0.0876152 0.0708492 0.0898507 0.0807562 0.0889587 0.0837133 0.0584093 0.1154564 0.0955483 0.0980400 0.1032839 0.0801997 0.0921131 0.1298656 0.0927736 0.0871754 0.0898760 0.0992259 0.0800928 0.1334347 0.0788177 0.1287850 0.1052330 0.0654453 0.0812467 0.1032818 0.0771077 0.0627746 0.0838050 0.0751240 0.0637163 0.0637279 0.0127512 0.0917407 0.0843728 0.0593404 0.0094537 0.0043361 0.0582037 0.0542757 0.1506673 0.0751087 0.0705582 0.0559634 0.0677682 0.1189873 0.0840798 0.0917515 0.0801408 0.0885164 0.0738321 0.0927493 0.0756505 0.0498243 0.0974164 0.0832294 0.0706006 0.0796207 0.0748756 
S0308         0.3017744 0.3205709 0.3433338 0.0648194 0.1358559 0.0921622 0.2077593 0.0688562 0.0438830 0.0750801 0.0890700 0.0631832 0.0811725 0.0629123 0.0851343 0.0763151 0.0896696 0.0586802 0.0000000 0.1203036 0.0626079 0.0677767 0.0839079 0.3430983 0.0810705 0.0697446 0.0713178 0.0757358 0.0951419 0.0671993 0.0604218 0.0749399 0.0725065 0.0589462 0.0596070 0.1132275 0.0680536 0.0789543 0.0793735 0.0775688 0.0759871 0.0843291 0.0895736 0.0729770 0.0677216 0.0681616 0.0552797 0.1105194 0.0591898 0.0588332 0.0381941 0.0713785 0.2148264 0.0599513 0.0672584 0.0561616 0.0639170 0.0888249 0.0680058 0.0774392 0.0865886 0.0692925 0.0793958 0.0555260 0.1128722 0.0753363 0.0953156 0.1005785 0.0663453 0.0893878 0.1205414 0.0857506 0.0798672 0.1003855 0.0960479 0.0811977 0.1199427 0.0678133 0.1112857 0.0941740 0.0554759 0.0741315 0.0939393 0.0724773 0.0675334 0.0685537 0.0834475 0.0641968 0.0603611 0.0673967 0.0958030 0.1097892 0.0562299 0.0544104 0.0744498 0.0627917 0.0665910 0.1388978 0.0629122 0.0755118 0.0606126 0.0647665 0.1091651 0.0855152 0.0746700 0.0637537 0.0717261 0.0731996 0.0771467 0.0556827 0.0618249 0.0947024 0.0680783 0.0755562 0.0688810 0.0639394 
S0320         0.3360247 0.3013104 0.3328598 0.1028859 0.2154419 0.1066838 0.2171836 0.1086810 0.0909973 0.0637366 0.1173648 0.0845613 0.0679990 0.0940798 0.0915986 0.1217603 0.0635839 0.1068066 0.1203036 0.0000000 0.1114941 0.0641524 0.1292361 0.3430983 0.1307262 0.0818289 0.0918580 0.0930062 0.1002088 0.0716890 0.0987527 0.0940513 0.0526732 0.0987915 0.0842633 0.1445226 0.0848868 0.1278609 0.1233492 0.0738243 0.0937540 0.1026238 0.0728584 0.0987609 0.0852600 0.1155510 0.1013517 0.1566275 0.0917189 0.1071096 0.1104588 0.0931211 0.2776101 0.0979168 0.0886527 0.0937148 0.0934502 0.1221069 0.1204832 0.0945865 0.1295927 0.1002549 0.0970380 0.0882700 0.1440472 0.1072399 0.1249657 0.1309516 0.1019372 0.1121413 0.1490218 0.1325821 0.1126143 0.1491115 0.1363325 0.1139938 0.1532662 0.1067302 0.1497831 0.1233672 0.0876851 0.1055823 0.1045310 0.1171931 0.0890392 0.0934984 0.0672217 0.0983495 0.0894851 0.1177824 0.1052707 0.0785781 0.1211883 0.1123888 0.1203570 0.0879252 0.1061994 0.1505966 0.0940798 0.0853478 0.0775865 0.0947011 0.1325979 0.0955620 0.0843546 0.0963108 0.1044069 0.0484576 0.1121006 0.1035449 0.0622041 0.1180487 0.0976581 0.0928020 0.1172700 0.0883396 
S0322         0.2518235 0.2934872 0.3146936 0.0872455 0.2384556 0.0747979 0.2051988 0.0720698 0.0715339 0.0788341 0.0927430 0.0550516 0.0850594 0.0832765 0.0687378 0.1038631 0.0772677 0.0093895 0.0626079 0.1114941 0.0000000 0.0637901 0.1116339 0.3430983 0.0969216 0.0581572 0.0629160 0.0879846 0.1023484 0.0712773 0.0755240 0.1012633 0.0519906 0.0094289 0.0703823 0.1118681 0.0626996 0.0778896 0.0450098 0.0733862 0.0673727 0.0754503 0.0857661 0.0941175 0.0870489 0.0751374 0.0094557 0.1156254 0.0585338 0.0094118 0.0660850 0.0629660 0.2327893 0.0749241 0.0589869 0.0710298 0.0712197 0.0919736 0.0749678 0.0983629 0.0770081 0.0973756 0.0923112 0.0623182 0.1202433 0.0999890 0.1026151 0.1079616 0.0881454 0.0965425 0.1258422 0.0972378 0.0915081 0.0955610 0.1038718 0.0843923 0.1294236 0.0830374 0.1247952 0.1098403 0.0694110 0.0854209 0.1079538 0.0814216 0.0592212 0.0881260 0.0793111 0.0715277 0.0715382 0.0160606 0.1004479 0.0969736 0.0633179 0.0127004 0.0043361 0.0547190 0.0581065 0.1559717 0.0792940 0.0669603 0.0561372 0.0718883 0.1237810 0.0884218 0.0963454 0.0844420 0.0929265 0.0783754 0.0972145 0.0798729 0.0577945 0.1019583 0.0913971 0.0670016 0.0838879 0.0790452 
S0327         0.2963421 0.2851906 0.3124779 0.0563255 0.0992375 0.0591815 0.1921593 0.0569532 0.0672062 0.0294481 0.0818282 0.0445699 0.0371798 0.0449325 0.0491568 0.0761023 0.0305912 0.0597805 0.0677767 0.0641524 0.0637901 0.0000000 0.0663818 0.3430983 0.0728354 0.0377415 0.0559039 0.0444644 0.0822156 0.0196077 0.0452376 0.0601120 0.0316432 0.0600561 0.0335966 0.0915297 0.0374985 0.0628689 0.0752696 0.0164641 0.0565451 0.0601981 0.0416170 0.0414580 0.0446982 0.0602728 0.0563177 0.1038795 0.0441121 0.0557812 0.0754658 0.0520819 0.2481136 0.0448961 0.0442656 0.0412448 0.0411365 0.0686853 0.0601351 0.0370612 0.0823978 0.0456939 0.0387507 0.0335104 0.0912483 0.0676464 0.0744583 0.0793168 0.0768641 0.0567219 0.1022482 0.0735065 0.0683487 0.1021974 0.0736859 0.0562671 0.1022076 0.0524374 0.1022485 0.0774114 0.0403384 0.0629672 0.0688345 0.0587983 0.0483989 0.0450599 0.0335351 0.0413195 0.0339539 0.0686937 0.0460432 0.0439776 0.0560991 0.0642728 0.0644990 0.0478503 0.0592076 0.1193861 0.0449325 0.0559726 0.0339836 0.0526422 0.0813234 0.0477975 0.0384878 0.0495919 0.0532076 0.0209261 0.0608518 0.0491931 0.0133711 0.0612670 0.0447353 0.0560100 0.0609038 0.0373059 
S0335         0.3191245 0.3359712 0.3600322 0.0489191 0.0535321 0.0872569 0.2237488 0.0925228 0.0806643 0.0914958 0.1145842 0.0663837 0.0898990 0.0709966 0.0939127 0.0914966 0.0980571 0.1070992 0.0839079 0.1292361 0.1116339 0.0663818 0.0000000 0.3430983 0.0882556 0.0737680 0.0744005 0.0841890 0.1110308 0.0749775 0.0674175 0.0804972 0.1155676 0.1076010 0.0823429 0.1125019 0.0746716 0.0981241 0.1309827 0.0857785 0.0754186 0.0914588 0.1023646 0.0814671 0.0787441 0.0751942 0.1035575 0.1313129 0.0732328 0.1025662 0.0891749 0.0820716 0.2928633 0.0668914 0.0659477 0.0630806 0.0708929 0.1008131 0.0750244 0.0761803 0.1110179 0.0886747 0.0882760 0.0546717 0.1121511 0.0837457 0.1031941 0.1085758 0.0981860 0.0879251 0.1339779 0.0848121 0.0915715 0.1372951 0.0981518 0.0792698 0.1202667 0.0748121 0.1135407 0.0896398 0.0473809 0.0854809 0.0948340 0.0997001 0.0704730 0.0712209 0.0835079 0.0873974 0.0790075 0.1177129 0.0941939 0.1138508 0.0745269 0.1124999 0.1158930 0.0621453 0.0974070 0.0832381 0.0709963 0.0784135 0.0674425 0.0756099 0.1185731 0.0740953 0.0869773 0.0805859 0.0801567 0.0809974 0.0882524 0.0716397 0.0737628 0.0931285 0.0909611 0.0784582 0.0759838 0.0666247 
S0345         0.3430983 0.3430983 0.3430983 0.3430983 0.0000010 0.3430983 0.3430983 0.3430983 0.0000010 0.3430983 0.3430983 0.3430983 0.3430983 0.3430983 1.4887593 0.0000010 0.3430983 0.3430983 0.3430983 0.3430983 0.3430983 0.3430983 0.3430983 0.0000000 0.3430983 0.3430983 0.3430983 0.3430983 0.0000010 0.3430983 0.3430983 0.3430983 0.0000010 0.3430983 0.3430983 0.3430983 0.3430983 0.3430983 0.3430983 0.3430983 0.3430983 1.4887593 0.3430983 0.3430983 0.3430983 0.3430983 0.3430983 0.3430983 0.3430983 0.3430983 0.0000010 0.3430983 0.0000010 0.3430983 0.3430983 0.3430983 0.3430983 0.3430983 0.3430983 0.3430983 0.0000010 0.3430983 0.3430983 0.3430983 0.3430983 0.3430983 0.3430983 0.3430983 0.0000010 0.3430983 0.3430983 1.4887593 0.3430983 0.0000010 1.4887593 0.3430983 0.3430983 0.3430983 0.3430983 0.3430983 0.3430983 0.3430983 0.3430983 0.3430983 0.3430983 0.3430983 0.3430983 0.3430983 0.3430983 0.3430983 0.3430983 0.3430983 0.3430983 0.3430983 0.3430983 0.3430983 0.0000010 0.0000010 0.3430983 0.3430983 0.3430983 1.0744918 0.3430983 0.3430983 0.3430983 0.3430983 0.3430983 0.0000010 0.3430983 0.3430983 0.3430983 0.3430983 0.3430983 0.3430983 0.3430983 0.3430983 
S0376         0.2977013 0.3166937 0.3412911 0.0649016 0.1104713 0.0673880 0.2029689 0.0859509 0.0432877 0.0971620 0.0989244 0.0483171 0.0996220 0.0603850 0.0633004 0.0896968 0.0890664 0.1007403 0.0810705 0.1307262 0.0969216 0.0728354 0.0882556 0.3430983 0.0000000 0.0425274 0.0598093 0.0896864 0.0950191 0.0683813 0.0446424 0.0559308 0.0913947 0.1012201 0.0639271 0.1011288 0.0638268 0.1029199 0.1174779 0.0830386 0.0605009 0.0634242 0.0949290 0.0822279 0.0797213 0.0686270 0.0971405 0.1264203 0.0513287 0.1010208 0.0665036 0.0635031 0.2372106 0.0524747 0.0520040 0.0487408 0.0488694 0.0854959 0.0684679 0.0953223 0.1088591 0.0735154 0.0891539 0.0555806 0.0963195 0.0895543 0.0919307 0.0922024 0.1061703 0.0757757 0.1130737 0.0819538 0.0793907 0.1269836 0.0972520 0.0778269 0.1188770 0.0602061 0.1243098 0.0992752 0.0630335 0.0712524 0.1043891 0.0839721 0.0522091 0.0648616 0.0977649 0.0724597 0.0604299 0.1113278 0.1057259 0.1161629 0.0841424 0.1061202 0.0809645 0.0516105 0.0910626 0.1525292 0.0603853 0.0598864 0.0528160 0.0729916 0.0991561 0.0729809 0.0801652 0.0653386 0.0692991 0.0922550 0.0819273 0.0452802 0.0708792 0.0714397 0.0681692 0.0557613 0.0718877 0.0563921 
S0400         0.2618127 0.2182648 0.2587413 0.0580388 0.1152816 0.0223345 0.1784763 0.0478223 0.0250819 0.0630300 0.0686044 0.0043469 0.0643897 0.0426863 0.0137312 0.0792878 0.0716054 0.0581572 0.0697446 0.0818289 0.0581572 0.0377415 0.0737680 0.3430983 0.0425274 0.0000000 0.0134322 0.0530177 0.0547607 0.0426898 0.0325611 0.0528391 0.0421335 0.0637622 0.0422878 0.0874062 0.0275187 0.0843855 0.0960603 0.0495519 0.0180994 0.0327163 0.0588776 0.0535708 0.0572096 0.0474545 0.0585758 0.1061054 0.0224111 0.0635909 0.0125325 0.0087804 0.3598645 0.0274561 0.0087751 0.0274561 0.0323313 0.0634280 0.0473072 0.0700141 0.0822556 0.0476676 0.0613177 0.0320247 0.0882571 0.0739770 0.0762180 0.0765868 0.0676687 0.0530004 0.1129011 0.0586034 0.0694377 0.1140741 0.0706532 0.0586296 0.0924482 0.0372092 0.1061998 0.0805306 0.0465384 0.0623137 0.0652103 0.0551554 0.0043469 0.0429901 0.0635200 0.0422450 0.0374164 0.0633955 0.0776460 0.0701137 0.0577674 0.0642967 0.0648030 0.0043469 0.0620732 0.1587373 0.0426865 0.0087511 0.0180424 0.0478390 0.0749937 0.0480985 0.0566985 0.0380001 0.0424455 0.0545257 0.0426156 0.0327987 0.0339168 0.0591149 0.0467557 0.0132396 0.0479324 0.0373382 
S0405         0.2536628 0.2736674 0.3278675 0.0595966 0.1152816 0.0368904 0.1905744 0.0600381 0.0443273 0.0706642 0.0802625 0.0127830 0.0715163 0.0518826 0.0299562 0.0790913 0.0717810 0.0664808 0.0713178 0.0918580 0.0629160 0.0559039 0.0744005 0.3430983 0.0598093 0.0134322 0.0000000 0.0635916 0.0722113 0.0480760 0.0411051 0.0599992 0.0742356 0.0667844 0.0550463 0.0942230 0.0441292 0.0856990 0.0884303 0.0650921 0.0230375 0.0300145 0.0757777 0.0726850 0.0705394 0.0481619 0.0630470 0.1088956 0.0363318 0.0666560 0.0519339 0.0262277 0.2290682 0.0408007 0.0161152 0.0372253 0.0373208 0.0715011 0.0480534 0.0852313 0.0889790 0.0721574 0.0790732 0.0400506 0.0939363 0.0675945 0.0772890 0.0821302 0.0809030 0.0487517 0.1076438 0.0724608 0.0673984 0.0957027 0.0821621 0.0641441 0.0980574 0.0481738 0.1071668 0.0803667 0.0435362 0.0621155 0.0692172 0.0741943 0.0161711 0.0561249 0.0671174 0.0634709 0.0556403 0.0755186 0.0954254 0.0909381 0.0592109 0.0710440 0.0697967 0.0127142 0.0616816 0.1340981 0.0518822 0.0229084 0.0197674 0.0560185 0.0882091 0.0559829 0.0745221 0.0525652 0.0564245 0.0734705 0.0563111 0.0449587 0.0536322 0.0530839 0.0669472 0.0229281 0.0448566 0.0408289 
S0407sl       0.2871798 0.2789261 0.3063841 0.0726264 0.1398255 0.0760292 0.2102736 0.0676878 0.0735282 0.0441812 0.0943264 0.0556348 0.0520244 0.0602800 0.0697878 0.0850762 0.0644562 0.0795203 0.0757358 0.0930062 0.0879846 0.0444644 0.0841890 0.3430983 0.0896864 0.0530177 0.0635916 0.0000000 0.0950960 0.0440960 0.0607116 0.0605730 0.0586856 0.0800417 0.0554415 0.1138416 0.0680140 0.0832921 0.1010927 0.0530722 0.0681067 0.0640754 0.0684129 0.0633484 0.0589840 0.0604090 0.0801309 0.1266986 0.0666937 0.0838978 0.0751330 0.0713383 0.2714957 0.0602364 0.0596165 0.0564267 0.0599720 0.0892768 0.0602707 0.0675666 0.1085466 0.0680128 0.0692164 0.0554913 0.1134824 0.0798582 0.0958166 0.1011163 0.0833479 0.0727446 0.1252322 0.0779948 0.0848628 0.1014967 0.1011987 0.0816083 0.1246024 0.0604257 0.1158602 0.0946628 0.0554413 0.0789045 0.0894665 0.0754669 0.0598560 0.0568412 0.0591607 0.0631202 0.0553324 0.0935302 0.0768694 0.0793577 0.0683744 0.0886653 0.0930376 0.0552950 0.0745989 0.1422507 0.0602797 0.0676852 0.0450320 0.0597565 0.0902108 0.0854711 0.0580392 0.0610965 0.0691619 0.0565601 0.0651055 0.0649068 0.0268076 0.0776694 0.0665800 0.0677272 0.0688407 0.0599955 
S0412sl       0.3522626 0.3216268 0.3386092 0.0904506 0.1403192 0.0933750 0.2282003 0.0747081 0.0794140 0.0899166 0.1029307 0.0639572 0.0926688 0.0776566 0.0765188 0.0854979 0.0953703 0.0977901 0.0951419 0.1002088 0.1023484 0.0822156 0.1110308 0.0000010 0.0950191 0.0547607 0.0722113 0.0950960 0.0000000 0.0814876 0.0778138 0.0829170 0.1053766 0.0899141 0.0679000 0.1209538 0.0689078 0.1232358 0.1115174 0.0884975 0.0769570 0.0729919 0.0929271 0.1012637 0.0897300 0.0855367 0.0925410 0.1442515 0.0675523 0.0980644 0.0811292 0.0722734 0.2592860 0.0771763 0.0680921 0.0731547 0.0814221 0.0869968 0.0758791 0.1109684 0.1000399 0.0963542 0.1033533 0.0641332 0.1205626 0.1040958 0.1023071 0.1078405 0.0966317 0.0861470 0.1425338 0.0994323 0.0989169 0.1102390 0.1036044 0.0875442 0.1360888 0.0855638 0.1374360 0.1144387 0.0759100 0.0923914 0.1065879 0.1081523 0.0683743 0.0755612 0.0988667 0.0905222 0.0817903 0.1083662 0.1270283 0.1224306 0.0981390 0.1031613 0.1032860 0.0635556 0.0828103 0.1504826 0.0776566 0.0685703 0.0613651 0.0734959 0.1278057 0.0826812 0.0804040 0.0787650 0.0873808 0.0852702 0.0842598 0.0741568 0.0762447 0.0914426 0.0898801 0.0765142 0.0820854 0.0717692 
S0417         0.2643234 0.2700245 0.2890662 0.0637341 0.0994407 0.0714094 0.1863625 0.0564653 0.0508625 0.0402403 0.0811066 0.0441998 0.0485274 0.0445563 0.0539004 0.0803019 0.0376133 0.0671922 0.0671993 0.0716890 0.0712773 0.0196077 0.0749775 0.3430983 0.0683813 0.0426898 0.0480760 0.0440960 0.0814876 0.0000000 0.0448562 0.0559281 0.0307872 0.0675021 0.0370918 0.0997085 0.0445799 0.0745838 0.0800270 0.0270131 0.0560645 0.0596865 0.0412670 0.0411103 0.0443262 0.0597597 0.0637211 0.1079765 0.0437494 0.0673713 0.0666844 0.0516456 0.2407098 0.0445204 0.0478097 0.0409006 0.0407941 0.0725441 0.0596242 0.0524040 0.0777739 0.0453054 0.0460779 0.0332357 0.0994004 0.0674311 0.0823726 0.0829372 0.0594224 0.0487649 0.1062846 0.0728633 0.0564311 0.0841144 0.0874126 0.0688604 0.1062356 0.0519952 0.1062768 0.0895896 0.0473337 0.0514645 0.0605131 0.0582797 0.0479943 0.0486669 0.0404777 0.0409743 0.0336730 0.0763538 0.0534451 0.0554971 0.0522923 0.0718179 0.0813960 0.0474548 0.0551342 0.1303432 0.0445563 0.0555012 0.0375349 0.0521964 0.0722390 0.0605008 0.0421146 0.0491677 0.0527526 0.0362414 0.0646111 0.0487755 0.0201809 0.0531043 0.0443623 0.0555379 0.0603803 0.0337088 
S0419         0.2917051 0.2991202 0.3114117 0.0526305 0.0829331 0.0601631 0.1838786 0.0571137 0.0000010 0.0559280 0.0523201 0.0336797 0.0695343 0.0339479 0.0436856 0.0721870 0.0526185 0.0713699 0.0604218 0.0987527 0.0755240 0.0452376 0.0674175 0.3430983 0.0446424 0.0325611 0.0411051 0.0607116 0.0778138 0.0448562 0.0000000 0.0570742 0.0754344 0.0717010 0.0445465 0.0701576 0.0411366 0.0738787 0.0902124 0.0500620 0.0451339 0.0481406 0.0614477 0.0535210 0.0519819 0.0294335 0.0678723 0.1109543 0.0367462 0.0715617 0.0316286 0.0481930 0.2074419 0.0062729 0.0372119 0.0031209 0.0094730 0.0490079 0.0333858 0.0655294 0.0861880 0.0531524 0.0591417 0.0298945 0.0699488 0.0527312 0.0540483 0.0584799 0.0673606 0.0373241 0.0985843 0.0533771 0.0592046 0.0971672 0.0628683 0.0458572 0.1091155 0.0126964 0.1091580 0.0611178 0.0368468 0.0589728 0.0823937 0.0466463 0.0373522 0.0378800 0.0642172 0.0450158 0.0375560 0.0807328 0.0750134 0.0765688 0.0601220 0.0761012 0.0637559 0.0369404 0.0627194 0.1264287 0.0339479 0.0446784 0.0341940 0.0453295 0.0686425 0.0569413 0.0510531 0.0382622 0.0376049 0.0612709 0.0533516 0.0063025 0.0427230 0.0336004 0.0484500 0.0447106 0.0337945 0.0303210 
S0427         0.3038519 0.2747678 0.3025918 0.0648914 0.1104713 0.0675994 0.2199736 0.0699926 0.0524381 0.0755116 0.0908874 0.0484730 0.0816624 0.0485586 0.0684869 0.0817995 0.0815153 0.0967529 0.0749399 0.0940513 0.1012633 0.0601120 0.0804972 0.3430983 0.0559308 0.0528391 0.0599992 0.0605730 0.0829170 0.0559281 0.0570742 0.0000000 0.0524840 0.0848495 0.0720504 0.0956972 0.0527512 0.1006988 0.1181753 0.0695684 0.0606955 0.0647480 0.0775413 0.0680627 0.0725038 0.0570991 0.0931546 0.1110188 0.0517434 0.0970218 0.0523784 0.0637036 0.2315027 0.0566285 0.0521708 0.0528336 0.0605939 0.0820113 0.0569670 0.0724025 0.1088557 0.0784523 0.0742020 0.0519578 0.1017680 0.0807246 0.0883635 0.0786986 0.0613339 0.0732087 0.1092380 0.0650200 0.0807487 0.0893919 0.0936406 0.0743241 0.1040346 0.0531302 0.1005439 0.0957456 0.0519120 0.0671892 0.0697305 0.0698191 0.0523772 0.0574325 0.0839457 0.0769806 0.0686560 0.1072059 0.0902740 0.0974356 0.0722634 0.0958756 0.1051117 0.0517749 0.0871864 0.1386337 0.0485586 0.0525261 0.0380462 0.0537024 0.0856012 0.0615181 0.0592549 0.0533248 0.0485451 0.0611029 0.0742065 0.0562532 0.0500441 0.0781783 0.0805857 0.0523215 0.0692747 0.0606174 
S0428sl       0.3014190 0.3495573 0.3259421 0.0743679 0.4707809 0.0684219 0.2754130 0.0764704 0.0754344 0.0310925 0.1008925 0.0525024 0.0536047 0.0583814 0.0448481 0.0908773 0.0388604 0.0586221 0.0725065 0.0526732 0.0519906 0.0316432 0.1155676 0.0000010 0.0913947 0.0421335 0.0742356 0.0586856 0.1053766 0.0307872 0.0754344 0.0524840 0.0000000 0.0516926 0.0514383 0.1022070 0.0382284 0.0890719 0.0516926 0.0317356 0.0676008 0.0675501 0.0609530 0.0531852 0.0594197 0.0815628 0.0516926 0.1091860 0.0449021 0.0589106 0.0861309 0.0596725 0.0862210 0.0742989 0.0595728 0.0669517 0.0597709 0.0917875 0.0905151 0.0532278 0.0754677 0.0758321 0.0400982 0.0514821 0.1078796 0.0815995 0.0848537 0.0862210 0.0689756 0.0895101 0.1082545 0.0929934 0.0813471 0.0750040 0.1119947 0.0927628 0.1077858 0.0673495 0.1082613 0.0905574 0.0511898 0.0796954 0.0593450 0.0528078 0.0600272 0.0817370 0.0376778 0.0671529 0.0591533 0.0680182 0.0462400 0.0593468 0.0829753 0.0586684 0.0418523 0.0587138 0.0732759 0.1250621 0.0583814 0.0676114 0.0389557 0.0676393 0.0828808 0.0675503 0.0512748 0.0672220 0.0683568 0.0315948 0.0999716 0.0746540 0.0252685 0.0987738 0.0674144 0.0530039 0.0815628 0.0817370 
S0430         0.2537978 0.2816087 0.3019255 0.0792407 0.2593156 0.0788024 0.1948354 0.0605280 0.0576834 0.0750183 0.0806435 0.0588238 0.0811071 0.0715659 0.0741483 0.0916690 0.0733561 0.0062393 0.0589462 0.0987915 0.0094289 0.0600561 0.1076010 0.3430983 0.1012201 0.0637622 0.0667844 0.0800417 0.0899141 0.0675021 0.0717010 0.0848495 0.0516926 0.0000000 0.0666583 0.0991199 0.0590299 0.0741217 0.0364670 0.0694926 0.0713215 0.0755310 0.0736826 0.0900716 0.0831698 0.0674587 0.0062829 0.1114340 0.0623245 0.0062540 0.0520880 0.0668388 0.2162784 0.0711347 0.0628094 0.0672675 0.0752041 0.0799926 0.0673060 0.0942886 0.0769661 0.0894050 0.0881833 0.0586729 0.1073501 0.0959976 0.0901374 0.0952539 0.0662570 0.0925485 0.1215456 0.0890790 0.0834246 0.0904231 0.0912146 0.0725059 0.1293717 0.0752387 0.1205367 0.1057359 0.0657398 0.0776001 0.0997091 0.0736137 0.0630613 0.0801726 0.0754723 0.0677398 0.0677517 0.0128063 0.0962840 0.0929576 0.0596114 0.0094937 0.0087752 0.0584654 0.0545177 0.1469753 0.0676759 0.0632383 0.0524601 0.0603831 0.1109002 0.0806179 0.0839213 0.0725512 0.0808125 0.0742049 0.0890539 0.0760050 0.0501630 0.0978831 0.0874752 0.0709250 0.0799936 0.0752216 
