79
CRNC        0.0000000 0.3945064 0.4296309 1.0688739 1.0536209 0.9985452 0.9925263 0.9760383 1.0730654 0.9439700 1.0281603 1.1942262 1.0426655 1.0853019 1.0260051 3.6511648 0.9103316 0.9569202 0.8983275 0.9925263 0.9979629 1.1020285 0.8903382 0.9342620 1.0277804 1.1187004 0.8975175 0.8408463 1.0829959 0.8971906 0.8316934 0.8430927 1.0932172 0.9921410 0.9397453 0.9950143 1.0443235 1.0253609 1.1030802 1.0969786 0.9237719 0.9984263 0.9754766 0.9498039 0.9625497 0.8714531 1.2428420 1.0999808 0.9411880 1.0264815 0.8547392 0.9232285 0.8029043 0.9744445 1.1062299 1.0006267 1.1148243 0.9811714 1.0527283 0.7245664 1.0611478 1.1691836 0.9571336 0.8943241 0.8392070 0.9108621 0.9292061 0.9771595 1.1494230 1.1240696 1.0406637 1.1030469 1.0350744 1.0370613 0.9312275 1.6192213 0.9150196 1.1088464 1.0229646 
HYZL        0.3945064 0.0000000 0.2060918 1.1463003 0.8103258 1.0104584 1.0958534 1.0179588 1.1444422 0.9360784 1.0685385 0.9494520 1.0179588 1.0179588 1.1783692 3.7071315 0.8835624 0.9375334 0.8448287 1.0958534 1.1622536 1.1688204 0.8835624 0.9360784 0.9243240 0.9347314 0.9273759 0.8835624 1.1263853 1.2444175 0.7983850 0.8396547 1.1018875 0.9345574 1.1268691 1.0045796 0.9726495 1.1031640 1.1263853 0.9365943 0.9515072 1.0491963 1.0446378 1.0382249 0.9468535 0.9044460 1.1043177 1.0688512 0.8841257 1.0761623 1.0757064 1.0684829 0.7929157 0.8835624 1.0229803 0.9613120 0.9662095 1.0044247 1.0027682 0.7406893 1.0465432 0.9494520 0.8835624 0.8407001 0.8837564 1.1914074 1.0881110 0.9421640 1.0196983 0.9822921 1.0073114 0.9642199 1.1589391 1.0179588 0.9394070 0.9383869 0.8909759 1.0022066 0.9501849 
MYZV        0.4296309 0.2060918 0.0000000 0.9411154 0.9941397 1.0265905 0.9324044 0.9269023 0.9796526 0.8665814 1.0328191 1.0428046 0.9918323 1.1070017 1.0798528 3.3880394 0.8942569 0.9635508 0.8538752 0.9324044 0.9210280 1.0503896 0.8743739 0.8991341 0.9456368 0.9861687 0.8967650 0.9002361 0.9535204 1.1248277 0.9284305 0.7826846 1.2673567 0.9756971 0.9701954 0.9123365 1.0294282 0.9418455 0.9710061 1.0257352 0.9377423 0.8580147 0.9938990 0.9444957 0.8933053 1.0053654 1.1157223 0.9569511 0.8007779 1.0965941 0.9611841 0.9202510 0.9265342 0.9582487 1.0548503 0.9509390 0.9601510 1.1338181 1.2809501 0.7919455 0.9247792 1.0589770 0.9409640 0.8991341 0.7790198 0.9238365 0.8512186 0.8982423 1.0765610 1.0498499 1.0341944 1.0977923 0.9501885 0.9218623 0.8839637 0.5302962 0.8989894 1.0203932 0.9415167 
SRR6441723  1.0688739 1.1463003 0.9411154 0.0000000 0.1550337 0.1728453 0.0971064 0.1364650 0.1785259 0.1314648 0.1857440 0.0935013 0.1741380 0.1737217 0.1376663 1.4723584 0.1200041 0.1434811 0.1804583 0.0971064 0.1304013 0.1753969 0.1102534 0.1431881 0.2063382 0.1607454 0.1110278 0.1030690 0.1118648 0.2502338 0.2187385 0.1429969 0.2566042 0.1006169 0.1344036 0.0739890 0.1595597 0.1087932 0.1129927 0.0864614 0.1200041 0.1332731 0.1432562 0.1627578 0.1439370 0.2477445 0.2465847 0.1833151 0.0769091 0.0828693 0.1582220 0.0846632 0.2358127 0.1335990 0.1753652 0.1471438 0.1761451 0.2081537 0.1618170 0.1081542 0.0535340 0.1211662 0.1322548 0.1431881 0.1666425 0.1182693 0.1594382 0.1428222 0.1255093 0.1192418 0.1737217 0.1631701 0.0982918 0.1593608 0.1414893 0.9383869 0.1317458 0.1689674 0.1680970 
ERR2789774  1.0536209 0.8103258 0.9941397 0.1550337 0.0000000 0.1418771 0.1031086 0.1052569 0.2152381 0.0578485 0.1771319 0.1769561 0.1413347 0.1265719 0.1699257 1.4723584 0.0477937 0.0682775 0.1587755 0.1031086 0.1816511 0.1799650 0.0804449 0.0680892 0.1528570 0.1671107 0.1039609 0.0603385 0.1421095 0.2773056 0.1972247 0.1468740 0.2980482 0.0500104 0.1429712 0.1151705 0.0809816 0.1383273 0.1436138 0.1079247 0.0894026 0.1607352 0.1408817 0.1541728 0.1763858 0.2112103 0.2399369 0.1872960 0.1052837 0.1408245 0.1563117 0.1784515 0.1858722 0.0586857 0.1435446 0.1157337 0.1429946 0.2444270 0.2298209 0.0973778 0.1425529 0.1933715 0.0581324 0.0680892 0.1349764 0.2028400 0.1637033 0.1120751 0.2248123 0.1907295 0.1265719 0.1431195 0.1271457 0.1134002 0.1492860 0.9383869 0.0580149 0.1740603 0.1361142 
S0055       0.9985452 1.0104584 1.0265905 0.1728453 0.1418771 0.0000000 0.0943816 0.0855374 0.1879335 0.0627972 0.1273191 0.1371676 0.0958351 0.1401667 0.1043537 1.4723584 0.0722636 0.0926383 0.1603137 0.0943816 0.1303410 0.1276746 0.0725618 0.0924173 0.1565609 0.1180813 0.0834626 0.0748572 0.1073857 0.2589361 0.1354577 0.1018442 0.2757238 0.0649664 0.1181379 0.1043926 0.0840509 0.1045093 0.1084286 0.1492899 0.0920102 0.1023462 0.1165953 0.1299619 0.1487542 0.1486906 0.2634472 0.1429199 0.0745228 0.0952600 0.1318358 0.1363707 0.1270237 0.0729378 0.1291181 0.1162293 0.1196478 0.2251517 0.2776163 0.0882811 0.0955588 0.1256735 0.0826442 0.0924173 0.0915357 0.1357215 0.1169714 0.0922298 0.1888144 0.1237570 0.1083521 0.1287252 0.1052762 0.1058575 0.1513961 0.9383869 0.0824310 0.1771499 0.0922030 
S0196sl     0.9925263 1.0958534 0.9324044 0.0971064 0.1031086 0.0943816 0.0000000 0.0535241 0.0892261 0.0513589 0.1138674 0.0917605 0.0834441 0.0832692 0.0841137 1.4723584 0.0422891 0.0608018 0.1004810 0.0000010 0.1165195 0.1153852 0.0518157 0.0606428 0.1178951 0.1048155 0.0340655 0.0533725 0.0250869 0.2102689 0.1397212 0.0896036 0.2409597 0.0346328 0.0633553 0.0250336 0.0722057 0.0243183 0.0252948 0.0498262 0.0422891 0.1006689 0.0830745 0.0940247 0.0695605 0.1517730 0.1729730 0.1529302 0.0164751 0.0532952 0.1162459 0.0924656 0.1413389 0.0520294 0.1154262 0.0625916 0.0843723 0.1936801 0.2179244 0.0654194 0.0526790 0.1042135 0.0515833 0.0606428 0.0993162 0.1178594 0.1023191 0.0605398 0.1245888 0.1025177 0.0832692 0.0940353 0.0160752 0.0723446 0.0418576 0.9383869 0.0514973 0.0799210 0.0802483 
S0278       0.9760383 1.0179588 0.9269023 0.1364650 0.1052569 0.0855374 0.0535241 0.0000000 0.1627382 0.0343371 0.0498111 0.1029010 0.0242896 0.0411959 0.1082135 1.4723584 0.0432235 0.0620822 0.1035714 0.0535241 0.0847930 0.1045854 0.0426237 0.0619181 0.0514873 0.0613586 0.0538891 0.0545581 0.0856615 0.2333215 0.0918030 0.0717550 0.2516972 0.0450640 0.0858027 0.0634979 0.0737153 0.0832692 0.0736440 0.1075905 0.0623729 0.0823821 0.0847790 0.0549671 0.1286892 0.1025126 0.1676551 0.1186235 0.0544892 0.0845816 0.1031862 0.1166191 0.0928728 0.0531634 0.1176493 0.0238657 0.0430574 0.2039593 0.2316171 0.0566423 0.0859047 0.1008393 0.0526995 0.0619181 0.0812882 0.1443722 0.0706306 0.0328846 0.1204522 0.1272728 0.0242449 0.0959319 0.0735171 0.0157890 0.1050428 0.9383869 0.0526086 0.1350837 0.0508421 
S0281       1.0730654 1.1444422 0.9796526 0.1785259 0.2152381 0.1879335 0.0892261 0.1627382 0.0000000 0.1571928 0.1858385 0.1491963 0.1746025 0.2006166 0.1812882 1.4872143 0.1455476 0.1694267 0.1366553 0.0892261 0.1593491 0.1540028 0.1461113 0.1691198 0.2471778 0.1508513 0.0928522 0.1399709 0.0815731 0.3432834 0.2195013 0.1257785 0.3450834 0.1278096 0.1497095 0.0922403 0.1604987 0.0793516 0.0823151 0.0697616 0.1236221 0.1503346 0.1599488 0.2057753 0.0698275 0.2459269 0.2880142 0.1650673 0.0718852 0.1138969 0.1144496 0.1460506 0.2646393 0.1472503 0.1797360 0.1734110 0.2033422 0.2889331 0.3113503 0.1345971 0.1366678 0.1516188 0.1581523 0.1461982 0.1446910 0.1367560 0.1529924 0.1686705 0.1623730 0.1494340 0.2006166 0.1640016 0.0798966 0.1620016 0.0794998 0.9383869 0.1574890 0.0802516 0.1225538 
S0282       0.9439700 0.9360784 0.8665814 0.1314648 0.0578485 0.0627972 0.0513589 0.0343371 0.1571928 0.0000000 0.0914294 0.1114999 0.0624995 0.0816954 0.1041214 1.4723584 0.0078487 0.0241757 0.0785701 0.0513589 0.0934995 0.1132971 0.0332078 0.0241079 0.0946462 0.0826129 0.0516961 0.0164670 0.0823427 0.2485164 0.1052756 0.0689933 0.2675769 0.0081470 0.0824509 0.0609687 0.0334903 0.0800850 0.0830994 0.1048994 0.0412670 0.0792461 0.0815023 0.0724424 0.1240895 0.1164909 0.1969448 0.1275932 0.0522525 0.0813069 0.0931993 0.1123586 0.0957099 0.0160631 0.0830478 0.0613797 0.0631921 0.2181350 0.2513778 0.0351086 0.0825696 0.1246117 0.0159373 0.0241079 0.0596494 0.1305769 0.0804967 0.0415795 0.1469873 0.1227179 0.0623729 0.0827206 0.0706403 0.0522365 0.1011535 0.9383869 0.0159289 0.1222677 0.0600345 
S0289       1.0281603 1.0685385 1.0328191 0.1857440 0.1771319 0.1273191 0.1138674 0.0498111 0.1858385 0.0914294 0.0000000 0.1349244 0.0411005 0.0776250 0.1651598 1.8600736 0.1013099 0.1228578 0.1706627 0.1138674 0.1051598 0.1255076 0.0896549 0.1225986 0.0898519 0.0610921 0.0927968 0.0947594 0.1060136 0.3013253 0.1020256 0.0909605 0.2892631 0.0947290 0.1420397 0.0932379 0.1142300 0.1031862 0.0933404 0.1274076 0.1233832 0.0924187 0.1278107 0.1166148 0.1504773 0.1358581 0.2458912 0.1405462 0.0736864 0.1263150 0.1352906 0.1380289 0.1257902 0.1023488 0.1171167 0.0583132 0.0811597 0.2388258 0.2638900 0.0988622 0.1278822 0.1210357 0.1124440 0.1225986 0.1007766 0.1673144 0.1001161 0.0688706 0.1550037 0.1489984 0.0592200 0.0954969 0.1039367 0.0496031 0.1728406 0.9383869 0.1120765 0.1568512 0.0688337 
S0292       1.1942262 0.9494520 1.0428046 0.0935013 0.1769561 0.1371676 0.0917605 0.1029010 0.1491963 0.1114999 0.1349244 0.0000000 0.1245925 0.1361055 0.1267569 1.4723584 0.1009689 0.1225428 0.1687113 0.0917605 0.1128271 0.1268629 0.0900074 0.1222832 0.1411617 0.1029117 0.0818241 0.1046255 0.0945516 0.2580921 0.1737538 0.1218587 0.2438128 0.0817719 0.1278090 0.0597704 0.1251623 0.0919792 0.0845382 0.0667793 0.1009689 0.1229376 0.1274979 0.1382612 0.1380008 0.2016483 0.2123867 0.1193961 0.0630926 0.0777043 0.1523314 0.1010135 0.1906059 0.1121123 0.1509251 0.0920132 0.1379161 0.1961164 0.1826656 0.0969839 0.0712597 0.0338799 0.1121116 0.1222832 0.1322525 0.1195719 0.1366633 0.1120900 0.0859696 0.0429695 0.1361055 0.1279075 0.0919801 0.1235059 0.1477779 0.9383869 0.1117451 0.1509709 0.1231612 
S0299       1.0426655 1.0179588 0.9918323 0.1741380 0.1413347 0.0958351 0.0834441 0.0242896 0.1746025 0.0624995 0.0411005 0.1245925 0.0000000 0.0504788 0.1309377 1.4723584 0.0719335 0.0922446 0.1371166 0.0834441 0.0951063 0.1152174 0.0611584 0.0920246 0.0424811 0.0520722 0.0634368 0.0745083 0.0959755 0.2776330 0.0922170 0.0814554 0.2657613 0.0646505 0.1190022 0.0835143 0.0836768 0.0933533 0.0835975 0.1075905 0.0926597 0.0827599 0.0961326 0.0646579 0.1398154 0.1142087 0.1798625 0.1297931 0.0641525 0.0948498 0.1024909 0.1275255 0.1043612 0.0726020 0.1286255 0.0324957 0.0527851 0.2168261 0.2512885 0.0885187 0.0962490 0.1110938 0.0822785 0.0920246 0.0911491 0.1561206 0.0904866 0.0419837 0.1439279 0.1383623 0.0330142 0.1064902 0.0940276 0.0241877 0.1389654 0.9383869 0.0820675 0.1462055 0.0419490 
S0320       1.0853019 1.0179588 1.1070017 0.1737217 0.1265719 0.1401667 0.0832692 0.0411959 0.2006166 0.0816954 0.0776250 0.1361055 0.0504788 0.0000000 0.1429991 1.2208906 0.0717867 0.0920515 0.1594118 0.0832692 0.1396336 0.1383211 0.0709306 0.0918323 0.0802583 0.0910952 0.0838833 0.0850440 0.1182373 0.2769207 0.1241410 0.1232339 0.2969146 0.0749852 0.1187362 0.0940795 0.0835008 0.1151300 0.1050420 0.1075905 0.0924651 0.1140220 0.0959257 0.1061901 0.1640660 0.1356344 0.2066475 0.1782554 0.0848607 0.1170451 0.1364769 0.1395336 0.1255665 0.0828617 0.1525145 0.0324356 0.0716038 0.2451710 0.2316171 0.0993282 0.1185821 0.1333580 0.0821075 0.0918323 0.1336872 0.1818027 0.1217973 0.0598076 0.1564015 0.1625394 0.0325716 0.1293699 0.1048695 0.0410235 0.1386550 1.6085166 0.0818978 0.1705121 0.0792503 
S0335       1.0260051 1.1783692 1.0798528 0.1376663 0.1699257 0.1043537 0.0841137 0.1082135 0.1812882 0.1041214 0.1651598 0.1267569 0.1309377 0.1429991 0.0000000 1.2391937 0.0934795 0.1152800 0.1287292 0.0841137 0.1565050 0.1438059 0.1040178 0.1150224 0.1848226 0.1554595 0.0740422 0.1075088 0.1080779 0.2666634 0.1880760 0.1050509 0.2702148 0.0856918 0.1117499 0.0942417 0.1178238 0.1051399 0.1091450 0.1333666 0.0934795 0.1377126 0.1308526 0.1558876 0.1538406 0.1913679 0.2516862 0.1977950 0.0749047 0.0984727 0.1678543 0.1290927 0.1803485 0.1046976 0.1438170 0.1183612 0.1449669 0.2188783 0.2713678 0.1112745 0.0860119 0.1299278 0.1046974 0.1150224 0.1373244 0.1476153 0.1401312 0.1147603 0.1347177 0.1025671 0.1326940 0.1434053 0.1051400 0.1297615 0.1407258 0.9383869 0.1043642 0.1793263 0.1261690 
S0376       3.6511648 3.7071315 3.3880394 1.4723584 1.4723584 1.4723584 1.4723584 1.4723584 1.4872143 1.4723584 1.8600736 1.4723584 1.4723584 1.2208906 1.2391937 0.0000000 1.4723584 1.1583317 1.4872143 1.4723584 1.4723584 1.4723584 1.4723584 1.4723584 1.4723584 1.4723584 1.4872143 1.4723584 1.4723584 1.8860238 1.4723584 1.4872143 2.9394931 1.2194902 1.4723584 1.4723584 1.4723584 1.4723584 1.4723584 1.4723584 1.4872143 1.4723584 1.4723584 1.3333316 1.4872143 1.4723584 2.5501831 1.4872143 1.4723584 1.4723584 1.4872143 1.3564691 1.4723584 1.4723584 2.1733977 1.4723584 1.4723584 1.8860238 1.8860238 1.4872143 1.4723584 1.4723584 1.4723584 1.4872143 1.4872143 1.4723584 1.4872143 1.4723584 1.4723584 1.4723584 1.4723584 2.1733977 1.8860238 1.4723584 1.4872143 8.0857319 1.4723584 1.4872143 1.4872143 
S0400       0.9103316 0.8835624 0.8942569 0.1200041 0.0477937 0.0722636 0.0422891 0.0432235 0.1455476 0.0078487 0.1013099 0.1009689 0.0719335 0.0717867 0.0934795 1.4723584 0.0000000 0.0159289 0.0879677 0.0422891 0.1036185 0.1025980 0.0246071 0.0158836 0.1048592 0.0924511 0.0425607 0.0081342 0.0723642 0.2342835 0.1156898 0.0782245 0.2528156 0.0000027 0.0723926 0.0516365 0.0248278 0.0703401 0.0730199 0.0854148 0.0326288 0.0887598 0.0715907 0.0820814 0.1132209 0.1271101 0.1838299 0.1384962 0.0430110 0.0713900 0.0828558 0.1017418 0.1060321 0.0079345 0.0729685 0.0520095 0.0727253 0.2046928 0.2328507 0.0351086 0.0725613 0.1136791 0.0078734 0.0158836 0.0687001 0.1191657 0.0901753 0.0502912 0.1348977 0.1118957 0.0717867 0.0726632 0.0610672 0.0613797 0.0908567 0.9383869 0.0078713 0.1114941 0.0691564 
S0405       0.9569202 0.9375334 0.9635508 0.1434811 0.0682775 0.0926383 0.0608018 0.0620822 0.1694267 0.0241757 0.1228578 0.1225428 0.0922446 0.0920515 0.1152800 1.1583317 0.0159289 0.0000000 0.1083626 0.0608018 0.1257114 0.1245178 0.0421294 0.0159958 0.1271563 0.1138272 0.0612118 0.0165156 0.0927707 0.2634930 0.1300919 0.0981839 0.2831249 0.0165465 0.0929756 0.0707014 0.0424689 0.0902736 0.0936360 0.1053501 0.0502381 0.1094333 0.0918656 0.1029344 0.1354874 0.1419590 0.2107275 0.1626165 0.0618828 0.0916819 0.1040338 0.1234941 0.1201505 0.0244583 0.0935840 0.0711459 0.0932572 0.2322690 0.2710132 0.0445643 0.0930295 0.1360777 0.0242631 0.0159958 0.0881828 0.1425442 0.1112293 0.0688832 0.1596764 0.1340726 0.0920515 0.0932372 0.0806402 0.0809707 0.1119419 0.9383869 0.0242438 0.1335721 0.0888054 
S0412sl     0.8983275 0.8448287 0.8538752 0.1804583 0.1587755 0.1603137 0.1004810 0.1035714 0.1366553 0.0785701 0.1706627 0.1687113 0.1371166 0.1594118 0.1287292 1.4872143 0.0879677 0.1083626 0.0000000 0.1004810 0.1622747 0.1732250 0.1213056 0.1081268 0.1766413 0.1612032 0.0811772 0.1018741 0.1363535 0.3096978 0.1539271 0.0607153 0.3311158 0.0812635 0.1286639 0.1115486 0.1218163 0.1329286 0.1376950 0.1280504 0.0690198 0.1331474 0.1473487 0.1406303 0.1139683 0.1538096 0.2682307 0.1777717 0.1024239 0.1268440 0.1621394 0.1578345 0.1432717 0.0993300 0.1621167 0.1347521 0.1386318 0.2758811 0.2914221 0.0853200 0.1367498 0.1839282 0.0984336 0.0883443 0.0891329 0.1536183 0.1137026 0.1099422 0.1872566 0.1709129 0.1368130 0.1617110 0.1225712 0.1241992 0.0914470 0.9383869 0.0981506 0.1122254 0.1111353 
S0419       0.9925263 1.0958534 0.9324044 0.0971064 0.1031086 0.0943816 0.0000010 0.0535241 0.0892261 0.0513589 0.1138674 0.0917605 0.0834441 0.0832692 0.0841137 1.4723584 0.0422891 0.0608018 0.1004810 0.0000000 0.1165195 0.1153852 0.0518157 0.0606428 0.1178951 0.1048155 0.0340655 0.0533725 0.0250869 0.2102689 0.1397212 0.0896036 0.2409597 0.0346328 0.0633553 0.0250336 0.0722057 0.0243183 0.0252948 0.0498262 0.0422891 0.1006689 0.0830745 0.0940247 0.0695605 0.1517730 0.1729730 0.1529302 0.0164751 0.0532952 0.1162459 0.0924656 0.1413389 0.0520294 0.1154262 0.0625916 0.0843723 0.1936801 0.2179244 0.0654194 0.0526790 0.1042135 0.0515833 0.0606428 0.0993162 0.1178594 0.1023191 0.0605398 0.1245888 0.1025177 0.0832692 0.0940353 0.0160752 0.0723446 0.0418576 0.9383869 0.0514973 0.0799210 0.0802483 
S0427       0.9979629 1.1622536 0.9210280 0.1304013 0.1816511 0.1303410 0.1165195 0.0847930 0.1593491 0.0934995 0.1051598 0.1128271 0.0951063 0.1396336 0.1565050 1.4723584 0.1036185 0.1257114 0.1622747 0.1165195 0.0000000 0.1071414 0.0825387 0.1040834 0.1561294 0.0728349 0.0844240 0.0969849 0.1085064 0.2886071 0.1429482 0.0825372 0.2734726 0.0849873 0.1406188 0.0818956 0.1169021 0.1055687 0.0980528 0.1262982 0.1262574 0.1045348 0.1255523 0.1193768 0.1402829 0.1813718 0.2771821 0.1061795 0.0753657 0.0911764 0.1043887 0.1139833 0.1703692 0.1047110 0.1305837 0.1155732 0.1189934 0.2232950 0.2535920 0.0912641 0.1309307 0.1404255 0.1150474 0.1254439 0.0827345 0.1043853 0.0755334 0.0940563 0.1299949 0.1525785 0.1174053 0.1195148 0.1063544 0.1051598 0.1625279 0.9383869 0.1146573 0.1679654 0.0940305 
S0552sl     1.1020285 1.1688204 1.0503896 0.1753969 0.1799650 0.1276746 0.1153852 0.1045854 0.1540028 0.1132971 0.1255076 0.1268629 0.1152174 0.1383211 0.1438059 1.4723584 0.1025980 0.1245178 0.1732250 0.1153852 0.1071414 0.0000000 0.0816956 0.1242530 0.1788047 0.1162749 0.0939626 0.0959826 0.1074177 0.3093723 0.1651533 0.0920754 0.2966916 0.0959536 0.1213859 0.0944122 0.1157603 0.1045208 0.0970434 0.0905730 0.1025980 0.0702383 0.0694657 0.1405277 0.1526728 0.1778269 0.2310150 0.0939365 0.0745583 0.1196304 0.0982100 0.1282078 0.1937679 0.1036697 0.1187224 0.1144506 0.1401830 0.2435770 0.2904792 0.0999506 0.1296699 0.1391016 0.1139299 0.1242530 0.1230032 0.1359906 0.0966905 0.1138990 0.1636138 0.1511660 0.1383211 0.1183338 0.1052931 0.1255076 0.1754606 0.9383869 0.1135486 0.1412026 0.0920316 
S0641       0.8903382 0.8835624 0.8743739 0.1102534 0.0804449 0.0725618 0.0518157 0.0426237 0.1461113 0.0332078 0.0896549 0.0900074 0.0611584 0.0709306 0.1040178 1.4723584 0.0246071 0.0421294 0.1213056 0.0518157 0.0825387 0.0816956 0.0000000 0.0420137 0.1037805 0.0809462 0.0427432 0.0167509 0.0726631 0.2376084 0.1235402 0.0785332 0.2407757 0.0253819 0.0831717 0.0609714 0.0430702 0.0706261 0.0631351 0.0854148 0.0604380 0.0792137 0.0822071 0.0531840 0.1136652 0.1363209 0.1824751 0.1154954 0.0431979 0.0716841 0.0834999 0.0819402 0.1150158 0.0333378 0.0827044 0.0513268 0.0718530 0.1935722 0.1996208 0.0450548 0.0536704 0.1014933 0.0333378 0.0420137 0.0689748 0.0968194 0.0908294 0.0511741 0.1322901 0.1123341 0.0709306 0.0823783 0.0706261 0.0606133 0.1020006 0.9383869 0.0333012 0.1255466 0.0605332 
S0643       0.9342620 0.9360784 0.8991341 0.1431881 0.0680892 0.0924173 0.0606428 0.0619181 0.1691198 0.0241079 0.1225986 0.1222832 0.0920246 0.0918323 0.1150224 1.4723584 0.0158836 0.0159958 0.1081268 0.0606428 0.1040834 0.1242530 0.0420137 0.0000000 0.1268856 0.1135759 0.0516961 0.0164670 0.0925492 0.2532217 0.1298151 0.0979617 0.2826757 0.0164977 0.0927517 0.0705216 0.0423518 0.0900597 0.0934112 0.1048994 0.0501056 0.1091933 0.0916464 0.1026979 0.1352128 0.1416702 0.2103693 0.1623083 0.0617188 0.0914625 0.1037925 0.1232318 0.1198829 0.0243890 0.0933594 0.0709648 0.0930338 0.2318930 0.2704571 0.0444363 0.0928070 0.1358012 0.0241948 0.0159501 0.0689933 0.1422527 0.0905716 0.0687105 0.1593610 0.1337996 0.0918323 0.0930133 0.0804416 0.0807716 0.1116953 0.9383869 0.0241757 0.1333005 0.0885961 
S0645sl     1.0277804 0.9243240 0.9456368 0.2063382 0.1528570 0.1565609 0.1178951 0.0514873 0.2471778 0.0946462 0.0898519 0.1411617 0.0424811 0.0802583 0.1848226 1.4723584 0.1048592 0.1271563 0.1766413 0.1178951 0.1561294 0.1788047 0.1037805 0.1268856 0.0000000 0.0811499 0.1188681 0.1207303 0.1568140 0.3172347 0.1158897 0.1383421 0.3391207 0.1098483 0.1578671 0.1299104 0.1421828 0.1528578 0.1420578 0.1553369 0.1277107 0.1288252 0.1323892 0.0977824 0.2068892 0.1274035 0.2120659 0.1849530 0.1087644 0.1555696 0.1509296 0.1930309 0.1172519 0.1175431 0.1945502 0.0514142 0.0840197 0.2827378 0.3044051 0.1133981 0.1572921 0.1225363 0.1164031 0.1268856 0.1493031 0.2274813 0.1368284 0.0712251 0.1428655 0.1508336 0.0612297 0.1692788 0.1418299 0.0512658 0.1789290 0.9383869 0.1160024 0.2136190 0.0917837 
S0656sl     1.1187004 0.9347314 0.9861687 0.1607454 0.1671107 0.1180813 0.1048155 0.0613586 0.1508513 0.0826129 0.0610921 0.1029117 0.0520722 0.0910952 0.1554595 1.4723584 0.0924511 0.1138272 0.1612032 0.1048155 0.0728349 0.1162749 0.0809462 0.1135759 0.0811499 0.0000000 0.0838616 0.0856304 0.0968704 0.2957462 0.0930637 0.0821969 0.2680311 0.0849606 0.1428038 0.0729108 0.1051403 0.0942101 0.0843744 0.0854148 0.1143256 0.0835239 0.1185186 0.1171197 0.1175183 0.1266079 0.2229829 0.1202376 0.0647613 0.1046250 0.1034247 0.1286921 0.1165397 0.0933836 0.1298066 0.0612586 0.0526451 0.2186624 0.2342586 0.0782976 0.1186051 0.0886827 0.1034490 0.1135759 0.0919711 0.1433998 0.0913039 0.0604629 0.1082286 0.1136274 0.0714771 0.1074812 0.0948965 0.0610921 0.1387135 0.9383869 0.1031283 0.1475148 0.0604246 
S0689       0.8975175 0.9273759 0.8967650 0.1110278 0.1039609 0.0834626 0.0340655 0.0538891 0.0928522 0.0516961 0.0927968 0.0818241 0.0634368 0.0838833 0.0740422 1.4872143 0.0425607 0.0612118 0.0811772 0.0340655 0.0844240 0.0939626 0.0427432 0.0516961 0.1188681 0.0838616 0.0000000 0.0440099 0.0442396 0.2089620 0.1287156 0.0514711 0.2138008 0.0256848 0.0537583 0.0340908 0.0528547 0.0429075 0.0446299 0.0681054 0.0250334 0.0906740 0.0836874 0.0865330 0.0634509 0.1531323 0.1746479 0.1064238 0.0167699 0.0435098 0.0847158 0.0722213 0.1425838 0.0429002 0.0940211 0.0630250 0.0850032 0.1686360 0.1989874 0.0461072 0.0443564 0.0833668 0.0519241 0.0427458 0.0512497 0.1089491 0.0624096 0.0609468 0.1133476 0.0819078 0.0838833 0.0734656 0.0431908 0.0728585 0.0628288 0.9383869 0.0518365 0.0831772 0.0426436 
S0690       0.8408463 0.8835624 0.9002361 0.1030690 0.0603385 0.0748572 0.0533725 0.0545581 0.1399709 0.0164670 0.0947594 0.1046255 0.0745083 0.0850440 0.1075088 1.4723584 0.0081342 0.0165156 0.1018741 0.0533725 0.0969849 0.0959826 0.0167509 0.0164670 0.1207303 0.0856304 0.0440099 0.0000000 0.0651294 0.2605864 0.1076505 0.0713768 0.2640740 0.0083857 0.0858824 0.0534351 0.0256484 0.0632132 0.0657365 0.0854148 0.0428299 0.0720135 0.0848460 0.0754120 0.1068868 0.1179241 0.2062418 0.1326006 0.0353042 0.0739423 0.0858915 0.0745795 0.0968499 0.0165249 0.0656811 0.0638287 0.0861971 0.2133753 0.2203986 0.0268114 0.0553330 0.1073236 0.0165249 0.0164670 0.0616839 0.1127296 0.0934163 0.0616993 0.1402460 0.1055443 0.0850440 0.0653844 0.0632132 0.0738215 0.1053512 0.9383869 0.0165156 0.1051577 0.0715545 
S0720       1.0829959 1.1263853 0.9535204 0.1118648 0.1421095 0.1073857 0.0250869 0.0856615 0.0815731 0.0823427 0.1060136 0.0945516 0.0959755 0.1182373 0.1080779 1.4723584 0.0723642 0.0927707 0.1363535 0.0250869 0.1085064 0.1074177 0.0726631 0.0925492 0.1568140 0.0968704 0.0442396 0.0651294 0.0000000 0.2588325 0.1436988 0.0819291 0.2603487 0.0548361 0.0825600 0.0259236 0.0841715 0.0165430 0.0000023 0.0498262 0.0723642 0.1036449 0.1180811 0.1301620 0.0619119 0.1819073 0.1966464 0.1447415 0.0084161 0.0645246 0.1196950 0.0845889 0.1709781 0.0730395 0.1074666 0.0953378 0.1198306 0.2110147 0.2440610 0.0786090 0.0637690 0.0962992 0.0827613 0.0925492 0.0916650 0.1097675 0.1053801 0.0923611 0.1283927 0.0946650 0.1182373 0.0860581 0.0166468 0.1060136 0.0715427 0.9383869 0.0825473 0.0722007 0.0923344 
S0724sl     0.8971906 1.2444175 1.1248277 0.2502338 0.2773056 0.2589361 0.2102689 0.2333215 0.3432834 0.2485164 0.3013253 0.2580921 0.2776330 0.2769207 0.2666634 1.8860238 0.2342835 0.2634930 0.3096978 0.2102689 0.2886071 0.3093723 0.2376084 0.2532217 0.3172347 0.2957462 0.2089620 0.2605864 0.2588325 0.0000000 0.3321352 0.2910759 0.0603722 0.2315253 0.2194043 0.2381853 0.2854626 0.2528208 0.2451203 0.1963939 0.2222897 0.2966787 0.2502109 0.3065045 0.2939173 0.3484785 0.2628311 0.2738623 0.2152277 0.2229192 0.2408698 0.2206756 0.3356295 0.2531805 0.3230369 0.2184995 0.2807759 0.0493676 0.0423991 0.2679207 0.2603166 0.2525190 0.2503221 0.2630758 0.3105870 0.2695140 0.2208548 0.2294785 0.2664066 0.2739258 0.2769207 0.3081054 0.2400795 0.2594460 0.2663339 0.9383869 0.2489146 0.2964433 0.2592505 
S0735       0.8316934 0.7983850 0.9284305 0.2187385 0.1972247 0.1354577 0.1397212 0.0918030 0.2195013 0.1052756 0.1020256 0.1737538 0.0922170 0.1241410 0.1880760 1.4723584 0.1156898 0.1300919 0.1539271 0.1397212 0.1429482 0.1651533 0.1235402 0.1298151 0.1158897 0.0930637 0.1287156 0.1076505 0.1436988 0.3321352 0.0000000 0.1045953 0.3362616 0.1200567 0.1820617 0.1282195 0.1415305 0.1400078 0.1293932 0.1257793 0.1391269 0.1271531 0.1551695 0.1535119 0.1680293 0.0423197 0.2835477 0.1827203 0.0968562 0.1660723 0.1742393 0.1548869 0.0337139 0.1275768 0.1544880 0.1013426 0.1043004 0.2801116 0.3153781 0.0888182 0.1678197 0.1364013 0.1275768 0.1298151 0.1367308 0.1745354 0.1350907 0.0904112 0.1701226 0.1664605 0.0910755 0.1309355 0.1400078 0.0913978 0.1785843 0.9383869 0.1271067 0.1633871 0.1008930 
S0742       0.8430927 0.8396547 0.7826846 0.1429969 0.1468740 0.1018442 0.0896036 0.0717550 0.1257785 0.0689933 0.0909605 0.1218587 0.0814554 0.1232339 0.1050509 1.4872143 0.0782245 0.0981839 0.0607153 0.0896036 0.0825372 0.0920754 0.0785332 0.0979617 0.1383421 0.0821969 0.0514711 0.0713768 0.0819291 0.2910759 0.1045953 0.0000000 0.2790343 0.0713147 0.1164553 0.0703660 0.0898533 0.0796930 0.0826772 0.1471460 0.0791015 0.0697305 0.1120669 0.1053689 0.0823751 0.1390550 0.2509881 0.0943060 0.0520218 0.0928855 0.0927249 0.1009935 0.1288343 0.0789455 0.0921341 0.1007766 0.1036811 0.2290049 0.2681634 0.0448575 0.1022743 0.1239076 0.0884160 0.0785592 0.0411335 0.1182549 0.0520598 0.0784146 0.1356401 0.1125644 0.1023431 0.0917935 0.0802422 0.0909605 0.1017385 0.9383869 0.0881828 0.1028176 0.0597660 
S0748       1.0932172 1.1018875 1.2673567 0.2566042 0.2980482 0.2757238 0.2409597 0.2516972 0.3450834 0.2675769 0.2892631 0.2438128 0.2657613 0.2969146 0.2702148 2.9394931 0.2528156 0.2831249 0.3311158 0.2409597 0.2734726 0.2966916 0.2407757 0.2826757 0.3391207 0.2680311 0.2138008 0.2640740 0.2603487 0.0603722 0.3362616 0.2790343 0.0000000 0.2198056 0.2372692 0.2244065 0.2732498 0.2543010 0.2465905 0.1518153 0.2403865 0.3004012 0.2692706 0.3281510 0.3010471 0.3715628 0.2824713 0.2617148 0.2168293 0.2264533 0.2439861 0.2095680 0.3583868 0.2565286 0.3101936 0.2362752 0.3010819 0.0240636 0.0209400 0.2554592 0.2484469 0.2409631 0.2695826 0.2826757 0.3085294 0.2576964 0.2332702 0.2475128 0.2698462 0.2618626 0.2969146 0.2954252 0.2565549 0.2786663 0.3002803 0.9383869 0.2680034 0.2980842 0.2477392 
S0756       0.9921410 0.9345574 0.9756971 0.1006169 0.0500104 0.0649664 0.0346328 0.0450640 0.1278096 0.0081470 0.0947290 0.0817719 0.0646505 0.0749852 0.0856918 1.2194902 0.0000027 0.0165465 0.0812635 0.0346328 0.0849873 0.0959536 0.0253819 0.0164977 0.1098483 0.0849606 0.0256848 0.0083857 0.0548361 0.2315253 0.1200567 0.0713147 0.2198056 0.0000000 0.0650377 0.0339713 0.0169282 0.0531910 0.0553383 0.0684722 0.0250197 0.0918636 0.0747816 0.0858087 0.0955583 0.1333215 0.1649314 0.1326629 0.0259564 0.0438113 0.0858450 0.0841244 0.1111299 0.0000023 0.0552840 0.0542375 0.0760068 0.1729811 0.2231614 0.0270288 0.0549871 0.0959278 0.0000027 0.0164977 0.0616148 0.1008026 0.0933829 0.0523829 0.1273859 0.0942798 0.0749852 0.0550305 0.0531914 0.0640480 0.0840285 0.9383869 0.0081714 0.0939464 0.0620285 
S0758       0.9397453 1.1268691 0.9701954 0.1344036 0.1429712 0.1181379 0.0633553 0.0858027 0.1497095 0.0824509 0.1420397 0.1278090 0.1190022 0.1187362 0.1117499 1.4723584 0.0723926 0.0929756 0.1286639 0.0633553 0.1406188 0.1213859 0.0831717 0.0927517 0.1578671 0.1428038 0.0537583 0.0858824 0.0825600 0.2194043 0.1820617 0.1164553 0.2372692 0.0650377 0.0000000 0.0736951 0.1063101 0.0941059 0.0833241 0.0503678 0.0525819 0.1058323 0.0832925 0.1308187 0.1413361 0.1953692 0.1755836 0.1409321 0.0645301 0.0735879 0.1302252 0.1148004 0.1841652 0.0836468 0.1458831 0.0955720 0.1203549 0.1908177 0.1953387 0.0890109 0.0970600 0.1419810 0.0828737 0.0927517 0.1353623 0.1462934 0.1210517 0.0925612 0.1503283 0.1398574 0.1187362 0.1310224 0.0840730 0.1063635 0.1167460 0.9383869 0.0826574 0.1659427 0.1146038 
S0760       0.9950143 1.0045796 0.9123365 0.0739890 0.1151705 0.1043926 0.0250336 0.0634979 0.0922403 0.0609687 0.0932379 0.0597704 0.0835143 0.0940795 0.0942417 1.4723584 0.0516365 0.0707014 0.1115486 0.0250336 0.0818956 0.0944122 0.0609714 0.0705216 0.1299104 0.0729108 0.0340908 0.0534351 0.0259236 0.2381853 0.1282195 0.0703660 0.2244065 0.0339713 0.0736951 0.0000000 0.0722635 0.0251065 0.0261454 0.0315513 0.0516365 0.0904675 0.0938927 0.1051853 0.0630610 0.1535358 0.1869637 0.1300861 0.0082995 0.0511162 0.1053209 0.0726117 0.1430077 0.0612489 0.0944705 0.0727386 0.0953310 0.1787058 0.1963228 0.0452568 0.0527187 0.0837913 0.0612489 0.0705216 0.0797571 0.0964670 0.0919304 0.0703948 0.1129599 0.0823238 0.0940795 0.0738648 0.0251068 0.0827623 0.0717066 0.9383869 0.0611291 0.0826375 0.0803135 
S0763       1.0443235 0.9726495 1.0294282 0.1595597 0.0809816 0.0840509 0.0722057 0.0737153 0.1604987 0.0334903 0.1142300 0.1251623 0.0836768 0.0835008 0.1178238 1.4723584 0.0248278 0.0424689 0.1218163 0.0722057 0.1169021 0.1157603 0.0430702 0.0423518 0.1421828 0.1051403 0.0528547 0.0256484 0.0841715 0.2854626 0.1415305 0.0898533 0.2732498 0.0169282 0.1063101 0.0722635 0.0000000 0.0818344 0.0849602 0.1092672 0.0608662 0.1117602 0.1049641 0.1166004 0.1267467 0.1666057 0.2302438 0.1535088 0.0534351 0.0831085 0.1063382 0.1147896 0.1438051 0.0250051 0.0849074 0.0831288 0.1065428 0.2227484 0.2583115 0.0657674 0.0844078 0.1272923 0.0336225 0.0423518 0.0799039 0.1334621 0.1136273 0.0804965 0.1632270 0.1253454 0.1051386 0.0845710 0.0824116 0.0934273 0.1259175 0.9383869 0.0335850 0.1248771 0.0804629 
S0770       1.0253609 1.1031640 0.9418455 0.1087932 0.1383273 0.1045093 0.0243183 0.0832692 0.0793516 0.0800850 0.1031862 0.0919792 0.0933533 0.1151300 0.1051399 1.4723584 0.0703401 0.0902736 0.1329286 0.0243183 0.1055687 0.1045208 0.0706261 0.0900597 0.1528578 0.0942101 0.0429075 0.0632132 0.0165430 0.2528208 0.1400078 0.0796930 0.2543010 0.0531910 0.0941059 0.0251065 0.0818344 0.0000000 0.0166782 0.0498262 0.0703401 0.1008997 0.1149713 0.1267924 0.0601608 0.1774614 0.2129297 0.1409983 0.0081381 0.0626432 0.1165058 0.0822318 0.1667078 0.0709794 0.1045713 0.0927439 0.1166575 0.2059669 0.2366161 0.0762800 0.0619241 0.0936633 0.0804816 0.0900597 0.0892174 0.1067734 0.1025558 0.0898818 0.1248708 0.0920857 0.1151300 0.0836367 0.0161216 0.1031862 0.0695605 0.9383869 0.0802820 0.0701812 0.0898538 
S0795       1.1030802 1.1263853 0.9710061 0.1129927 0.1436138 0.1084286 0.0252948 0.0736440 0.0823151 0.0830994 0.0933404 0.0845382 0.0835975 0.1050420 0.1091450 1.4723584 0.0730199 0.0936360 0.1376950 0.0252948 0.0980528 0.0970434 0.0631351 0.0934112 0.1420578 0.0843744 0.0446299 0.0657365 0.0000023 0.2451203 0.1293932 0.0826772 0.2465905 0.0553383 0.0833241 0.0261454 0.0849602 0.0166782 0.0000000 0.0498262 0.0730199 0.1046287 0.1192435 0.1194717 0.0624595 0.1663282 0.1805024 0.1336025 0.0084859 0.0651188 0.1089147 0.0853859 0.1556229 0.0737102 0.1085169 0.0830502 0.1064441 0.1983695 0.2265904 0.0793823 0.0643496 0.0838753 0.0835267 0.0934112 0.0925096 0.0991911 0.0950710 0.0825162 0.1140086 0.0955646 0.1050420 0.0868814 0.0167837 0.0933404 0.0721839 0.9383869 0.0833071 0.0627135 0.0824831 
S0888       1.0969786 0.9365943 1.0257352 0.0864614 0.1079247 0.1492899 0.0498262 0.1075905 0.0697616 0.1048994 0.1274076 0.0667793 0.1075905 0.1075905 0.1333666 1.4723584 0.0854148 0.1053501 0.1280504 0.0498262 0.1262982 0.0905730 0.0854148 0.1048994 0.1553369 0.0854148 0.0681054 0.0854148 0.0498262 0.1963939 0.1257793 0.1471460 0.1518153 0.0684722 0.0503678 0.0315513 0.1092672 0.0498262 0.0498262 0.0000000 0.0685485 0.0879001 0.0905730 0.1280859 0.0918330 0.1257793 0.0869068 0.1096774 0.0336756 0.0659095 0.0830726 0.0675361 0.1290479 0.0854148 0.1079247 0.0875999 0.1328927 0.1041610 0.1233365 0.0712348 0.0681379 0.0667793 0.0854148 0.1048994 0.1694978 0.0847582 0.1020201 0.0854148 0.1108286 0.0875999 0.1075905 0.0878793 0.0683614 0.1075905 0.0891936 0.9383869 0.1053501 0.0891936 0.1048994 
S0906       0.9237719 0.9515072 0.9377423 0.1200041 0.0894026 0.0920102 0.0422891 0.0623729 0.1236221 0.0412670 0.1233832 0.1009689 0.0926597 0.0924651 0.0934795 1.4872143 0.0326288 0.0502381 0.0690198 0.0422891 0.1262574 0.1025980 0.0604380 0.0501056 0.1277107 0.1143256 0.0250334 0.0428299 0.0723642 0.2222897 0.1391269 0.0791015 0.2403865 0.0250197 0.0525819 0.0516365 0.0608662 0.0703401 0.0730199 0.0685485 0.0000000 0.0887598 0.0715907 0.0952783 0.0926244 0.1511207 0.1727227 0.1163307 0.0430110 0.0713900 0.0950401 0.1017418 0.1407323 0.0417774 0.1149533 0.0714725 0.0936799 0.1933413 0.2173323 0.0354436 0.0725613 0.1136791 0.0414337 0.0327664 0.0885696 0.1314311 0.0821246 0.0691934 0.1348977 0.1118957 0.0924651 0.0936609 0.0610672 0.0813375 0.0712809 0.9383869 0.0413788 0.0910929 0.0699454 
S0959       0.9984263 1.0491963 0.8580147 0.1332731 0.1607352 0.1023462 0.1006689 0.0823821 0.1503346 0.0792461 0.0924187 0.1229376 0.0827599 0.1140220 0.1377126 1.4723584 0.0887598 0.1094333 0.1331474 0.1006689 0.1045348 0.0702383 0.0792137 0.1091933 0.1288252 0.0835239 0.0906740 0.0720135 0.1036449 0.2966787 0.1271531 0.0697305 0.3004012 0.0918636 0.1058323 0.0904675 0.1117602 0.1008997 0.1046287 0.0879001 0.0887598 0.0000000 0.0422240 0.1042754 0.1474835 0.1523035 0.2559317 0.0718680 0.0718839 0.1154318 0.1264739 0.1026303 0.1418311 0.0993702 0.1145638 0.0917930 0.0944832 0.2480256 0.2376734 0.0646734 0.1039382 0.1259470 0.0993702 0.1091933 0.0985666 0.1558074 0.0820663 0.0697581 0.1475043 0.1240262 0.0932492 0.1141888 0.1008997 0.0820195 0.1573407 0.9383869 0.0990790 0.1717834 0.0796016 
S0960       0.9754766 1.0446378 0.9938990 0.1432562 0.1408817 0.1165953 0.0830745 0.0847790 0.1599488 0.0815023 0.1278107 0.1274979 0.0961326 0.0959257 0.1308526 1.4723584 0.0715907 0.0918656 0.1473487 0.0830745 0.1255523 0.0694657 0.0822071 0.0916464 0.1323892 0.1185186 0.0836874 0.0848460 0.1180811 0.2502109 0.1551695 0.1120669 0.2692706 0.0747816 0.0832925 0.0938927 0.1049641 0.1149713 0.1192435 0.0905730 0.0715907 0.0422240 0.0000000 0.1290422 0.1640021 0.1677328 0.2340929 0.0914463 0.0846634 0.1034961 0.1155830 0.1233436 0.1569729 0.0826665 0.1403673 0.0741930 0.0972181 0.2198261 0.2364999 0.0878922 0.1184261 0.1415433 0.0819136 0.0916464 0.1335630 0.1551133 0.1163859 0.0717746 0.1356268 0.1394413 0.0959257 0.1292327 0.1046949 0.0843974 0.1385374 0.9383869 0.0817046 0.1896959 0.0924735 
S1052sl     0.9498039 1.0382249 0.9444957 0.1627578 0.1541728 0.1299619 0.0940247 0.0549671 0.2057753 0.0724424 0.1166148 0.1382612 0.0646579 0.1061901 0.1558876 1.3333316 0.0820814 0.1029344 0.1406303 0.0940247 0.1193768 0.1405277 0.0531840 0.1026979 0.0977824 0.1171197 0.0865330 0.0754120 0.1301620 0.3065045 0.1535119 0.1053689 0.3281510 0.0858087 0.1308187 0.1051853 0.1166004 0.1267924 0.1194717 0.1280859 0.0952783 0.1042754 0.1290422 0.0000000 0.1684791 0.1660081 0.2146594 0.1477477 0.0958669 0.1289455 0.1223934 0.1408936 0.1552934 0.0936230 0.1654702 0.0840205 0.0959844 0.2723301 0.2593818 0.0801864 0.1085629 0.1630890 0.0927547 0.0946190 0.1156833 0.1845669 0.1090514 0.0729200 0.1899743 0.1756959 0.0853873 0.1416835 0.1163052 0.0742067 0.1425373 0.9383869 0.0924914 0.1829292 0.0857243 
S1083       0.9625497 0.9468535 0.8933053 0.1439370 0.1763858 0.1487542 0.0695605 0.1286892 0.0698275 0.1240895 0.1504773 0.1380008 0.1398154 0.1640660 0.1538406 1.4872143 0.1132209 0.1354874 0.1139683 0.0695605 0.1402829 0.1526728 0.1136652 0.1352128 0.2068892 0.1175183 0.0634509 0.1068868 0.0619119 0.2939173 0.1680293 0.0823751 0.3010471 0.0955583 0.1413361 0.0630610 0.1267467 0.0601608 0.0624595 0.0918330 0.0926244 0.1474835 0.1640021 0.1684791 0.0000000 0.2079643 0.2565749 0.1438064 0.0431187 0.1029404 0.1189331 0.1274049 0.1967648 0.1144348 0.1526727 0.1388766 0.1662753 0.2484289 0.2962318 0.1006952 0.1045029 0.1402858 0.1247956 0.1137233 0.1126015 0.1194027 0.1275581 0.1348882 0.1667045 0.1382131 0.1640660 0.1295322 0.0605609 0.1504773 0.0245705 0.9383869 0.1243520 0.0425498 0.1134638 
S1100       0.8714531 0.9044460 1.0053654 0.2477445 0.2112103 0.1486906 0.1517730 0.1025126 0.2459269 0.1164909 0.1358581 0.2016483 0.1142087 0.1356344 0.1913679 1.4723584 0.1271101 0.1419590 0.1538096 0.1517730 0.1813718 0.1778269 0.1363209 0.1416702 0.1274035 0.1266079 0.1531323 0.1179241 0.1819073 0.3484785 0.0423197 0.1390550 0.3715628 0.1333215 0.1953692 0.1535358 0.1666057 0.1774614 0.1663282 0.1257793 0.1511207 0.1523035 0.1677328 0.1660081 0.2079643 0.0000000 0.2667387 0.2247010 0.1317482 0.1925122 0.1754446 0.1940352 0.0079815 0.1407440 0.1935058 0.1122113 0.1154733 0.3123008 0.3380969 0.1118177 0.1943215 0.1731440 0.1393439 0.1416702 0.1500650 0.2287018 0.1604178 0.1009455 0.1987893 0.2062907 0.1044525 0.1683342 0.1660669 0.1020589 0.1915991 0.9383869 0.1387982 0.1759108 0.1009262 
S1120       1.2428420 1.1043177 1.1157223 0.2465847 0.2399369 0.2634472 0.1729730 0.1676551 0.2880142 0.1969448 0.2458912 0.2123867 0.1798625 0.2066475 0.2516862 2.5501831 0.1838299 0.2107275 0.2682307 0.1729730 0.2771821 0.2310150 0.1824751 0.2103693 0.2120659 0.2229829 0.1746479 0.2062418 0.1966464 0.2628311 0.2835477 0.2509881 0.2824713 0.1649314 0.1755836 0.1869637 0.2302438 0.2129297 0.1805024 0.0869068 0.1727227 0.2559317 0.2340929 0.2146594 0.2565749 0.2667387 0.0000000 0.2658687 0.1770296 0.2169907 0.1787639 0.2315661 0.2866232 0.1710409 0.2800176 0.1546144 0.1915287 0.2316156 0.2510368 0.2118705 0.2188944 0.2216644 0.1692588 0.2103693 0.2643280 0.2610412 0.2149137 0.1891517 0.2555282 0.2597441 0.2066475 0.2300962 0.1732521 0.1914005 0.2255378 0.9383869 0.1972904 0.2333815 0.1892682 
S1129sl     1.0999808 1.0688512 0.9569511 0.1833151 0.1872960 0.1429199 0.1529302 0.1186235 0.1650673 0.1275932 0.1405462 0.1193961 0.1297931 0.1782554 0.1977950 1.4872143 0.1384962 0.1626165 0.1777717 0.1529302 0.1061795 0.0939365 0.1154954 0.1623083 0.1849530 0.1202376 0.1064238 0.1326006 0.1447415 0.2738623 0.1827203 0.0943060 0.2617148 0.1326629 0.1409321 0.1300861 0.1535088 0.1409983 0.1336025 0.1096774 0.1163307 0.0718680 0.0914463 0.1477477 0.1438064 0.2247010 0.2658687 0.0000000 0.1087901 0.1513499 0.1203524 0.1497279 0.2130606 0.1401288 0.1688940 0.1289050 0.1562640 0.2118288 0.2354299 0.1028101 0.1691211 0.1438256 0.1511861 0.1391296 0.1156708 0.1584161 0.0991283 0.1282343 0.1505781 0.1562982 0.1541394 0.1569480 0.1421053 0.1405462 0.1666229 0.9383869 0.1505556 0.1574380 0.1063996 
S1177       0.9411880 0.8841257 0.8007779 0.0769091 0.1052837 0.0745228 0.0164751 0.0544892 0.0718852 0.0522525 0.0736864 0.0630926 0.0641525 0.0848607 0.0749047 1.4723584 0.0430110 0.0618828 0.1024239 0.0164751 0.0753657 0.0745583 0.0431979 0.0617188 0.1087644 0.0647613 0.0167699 0.0353042 0.0084161 0.2152277 0.0968562 0.0520218 0.2168293 0.0259564 0.0645301 0.0082995 0.0534351 0.0081381 0.0084859 0.0336756 0.0430110 0.0718839 0.0846634 0.0958669 0.0431187 0.1317482 0.1770296 0.1087901 0.0000000 0.0349021 0.0857182 0.0536895 0.1213186 0.0433592 0.0746276 0.0637313 0.0738846 0.1708839 0.1889620 0.0463055 0.0342582 0.0643638 0.0524858 0.0617188 0.0611660 0.0753657 0.0730371 0.0616114 0.0808114 0.0631395 0.0848607 0.0546342 0.0081885 0.0736864 0.0620094 0.9383869 0.0523954 0.0625544 0.0615723 
