123
CRNC          0.0000000 0.3207799 0.3756010 0.5150436 0.5006083 0.5250453 0.4699118 0.4812667 0.5581469 0.5608276 0.5041691 0.5146369 0.5783644 0.5296932 0.4976893 0.5430411 0.5780735 0.5400477 0.5251467 0.5567461 0.5289406 0.5970531 0.5271799 0.6919923 0.4986164 0.5201103 0.5153228 0.5565387 0.4890595 0.5882459 0.5240648 0.5075875 0.5896709 0.5165188 0.5751916 0.5122537 0.4984896 0.5580163 0.5220528 0.5976073 0.5067092 0.5170025 0.5680842 0.5680300 0.6188171 0.5684355 0.5021406 0.5324789 0.4781922 0.5354643 0.5353410 0.4889063 0.5286092 0.5223931 0.5069159 0.5184379 0.5272825 0.4729467 0.5059853 0.5085923 0.5112710 0.6291371 0.5248558 0.5126420 0.5669290 0.5041527 0.5087511 0.5306634 0.5042235 0.5076454 0.4980102 0.5125105 0.5390467 0.5510070 0.5714349 0.4951533 0.4747839 0.4828780 0.5321934 0.4941174 0.5912906 0.5376327 0.5374043 0.5452348 0.5489138 0.5233053 0.4981973 0.5111633 0.4943382 0.5023493 0.5712786 0.6140275 0.6121104 0.5145757 0.5451901 0.5913000 0.5412518 0.5191157 0.5186044 0.5238143 0.5544874 0.5212049 0.5167726 0.5169989 0.4944295 0.5266156 0.5072323 0.5208208 0.5698822 0.5258065 0.5354167 0.5344497 0.4829790 0.5196491 0.4990783 0.5005014 0.6313413 0.5215672 0.5044090 0.5106454 2.3702537 1.1796527 2.0986095 
HYZL          0.3207799 0.0000000 0.1889802 0.4045084 0.3610673 0.4073069 0.3703124 0.3565224 0.4718646 0.4713451 0.4612855 0.4099247 0.5042430 0.4090608 0.3986992 0.4248592 0.4728770 0.4475871 0.4154891 0.4596654 0.4214543 0.4824748 0.4185171 0.5399473 0.4212863 0.4153016 0.4170240 0.5093138 0.4173953 0.4662399 0.4532118 0.4175480 0.4906555 0.4077311 0.4546369 0.4141818 0.4147399 0.4365971 0.4164610 0.4799455 0.4257468 0.4061850 0.4631772 0.4618109 0.5040111 0.4888729 0.4554331 0.4148706 0.4050476 0.4345066 0.4449418 0.4028010 0.4104832 0.4550540 0.4107373 0.4422699 0.4615435 0.3784981 0.4765295 0.3999798 0.4027314 0.5453785 0.4179084 0.4110153 0.4696522 0.3626501 0.4080641 0.4165459 0.4059444 0.4111521 0.4670224 0.4017150 0.4463977 0.4434538 0.4738880 0.3974967 0.3932850 0.4053010 0.4603617 0.4178211 0.4879279 0.4401932 0.4289467 0.4463576 0.4443848 0.4025937 0.4103203 0.4070128 0.4077903 0.4158596 0.4496143 0.5141369 0.5197567 0.4311121 0.4724789 0.4921873 0.4383280 0.3997369 0.4058785 0.3996488 0.4339490 0.3966585 0.4136754 0.4092319 0.3891460 0.4066016 0.3963516 0.4129287 0.4710273 0.4059352 0.4124689 0.4408258 0.3982886 0.4467805 0.3832355 0.4712613 0.5379473 0.4076835 0.4794348 0.4047383 0.2523124 0.3701922 0.3806150 
MYZV          0.3756010 0.1889802 0.0000000 0.5457728 0.4784163 0.5105399 0.4665893 0.4946924 0.5889966 0.5873580 0.6088622 0.5251459 0.6292260 0.5428734 0.4993984 0.5554249 0.5700536 0.5330868 0.5118953 0.5962672 0.5201506 0.5991048 0.5455826 0.6961296 0.5356081 0.5320905 0.5312081 0.6019456 0.5277790 0.5621339 0.5684546 0.5431273 0.5757208 0.5051627 0.5713496 0.5242724 0.5494244 0.5429462 0.5167811 0.5733925 0.5365917 0.5180563 0.5811761 0.5690974 0.6228263 0.5947937 0.5831753 0.5082859 0.4575759 0.5607435 0.5318161 0.5114504 0.5259344 0.5645565 0.5222782 0.5559085 0.5627953 0.4963299 0.5897522 0.5052682 0.4936486 0.6553576 0.5202140 0.5328329 0.5608944 0.4658951 0.5120756 0.5455972 0.5368131 0.5330503 0.5653612 0.4705711 0.5479072 0.5156842 0.5497292 0.5286762 0.5278447 0.4367510 0.5779124 0.4555527 0.6085653 0.5365430 0.5361607 0.5330857 0.5704496 0.5465797 0.4526085 0.5215996 0.5335771 0.5353849 0.5733848 0.6293675 0.6353695 0.5417719 0.5883206 0.6182489 0.5204387 0.4902210 0.5059558 0.5109924 0.5221791 0.5452923 0.5524660 0.5246306 0.4967588 0.5179150 0.5692027 0.5544603 0.5688165 0.5541780 0.5448383 0.5738936 0.5187986 0.5557514 0.4235949 0.5785208 0.6645007 0.5230355 0.5702670 0.5168432 0.5184394 0.6956604 0.7553648 
SRR6441723    0.5150436 0.4045084 0.5457728 0.0000000 0.0868261 0.0856902 0.2175919 0.0769205 0.0667550 0.1568249 0.1064180 0.0654946 0.1674098 0.0573308 0.0684137 0.0881901 0.1532070 0.1688978 0.1346483 0.1783549 0.1517900 0.1698004 0.0559369 0.0655852 0.0829400 0.0658680 0.0669866 0.1664048 0.1009194 0.1614473 0.0556772 0.0866161 0.1621293 0.1462730 0.1719677 0.0679659 0.0821127 0.1338648 0.1428420 0.1378617 0.0806904 0.0633700 0.1540676 0.1574220 0.2433940 0.0991884 0.0729183 0.1518717 0.1622631 0.0866041 0.1512547 0.0596809 0.0692459 0.0556100 0.0633192 0.0534372 0.0570733 0.0682114 0.0790540 0.1450173 0.1389978 0.2335623 0.1404193 0.0463231 0.1447837 0.0978626 0.0763209 0.0695505 0.0594566 0.0842890 0.1205596 0.1501273 0.0799450 0.1680891 0.1716821 0.0841440 0.0772930 0.1501071 0.0578823 0.1638297 0.1760995 0.0812428 0.0523640 0.1601238 0.0911883 0.0816892 0.1590789 0.0632178 0.0829216 0.0522662 0.1588975 0.2009369 0.2120773 0.1582935 0.1765676 0.2107144 0.1215530 0.1416174 0.1504694 0.0678618 0.1511190 0.0572085 0.0571285 0.0634125 0.0602693 0.0837947 0.0918216 0.0718642 0.1550622 0.0694013 0.0603503 0.1564217 0.0707747 0.0544398 0.0932783 0.1234027 0.2419328 0.0647083 0.1229331 0.0703600 0.2533835 0.0194151 0.1023833 
ERR4210213    0.5006083 0.3610673 0.4784163 0.0868261 0.0000000 0.1319481 0.2327293 0.1189745 0.0803404 0.1722226 0.1180852 0.1289097 0.1807333 0.0665674 0.1302435 0.1580159 0.1351230 0.2058002 0.1482890 0.1886259 0.1398912 0.1689227 0.0707350 0.3969875 0.1564196 0.1244507 0.1246426 0.1642378 0.1393370 0.1699434 0.0766753 0.1452073 0.2081609 0.1391784 0.1758640 0.0922080 0.1374710 0.1518655 0.1371516 0.1547698 0.1360550 0.1163073 0.1570947 0.1701912 0.2869129 0.1295235 0.0773632 0.1351358 0.1933616 0.1496927 0.1399251 0.1052493 0.1277339 0.0804705 0.1332587 0.0766753 0.0766753 0.1159507 0.0845795 0.1732641 0.1442320 0.2864992 0.1713738 0.0801558 0.1563761 0.1163933 0.1046234 0.0883008 0.0728206 0.1375763 0.1203030 0.1859434 0.1191614 0.1605103 0.1978438 0.1104195 0.1114165 0.1793571 0.0846548 0.1881736 0.1578872 0.1116641 0.0813550 0.1545367 0.1592841 0.0847749 0.1823999 0.1244507 0.1356919 0.0943125 0.1573912 0.2362373 0.2234427 0.1404340 0.1781752 0.1989679 0.1371204 0.1403333 0.1443056 0.1194737 0.1611009 0.0778499 0.0655627 0.1248781 0.0957724 0.1280681 0.0748475 0.1322624 0.1857820 0.0781136 0.0771007 0.1479304 0.1395902 0.0766753 0.1419183 0.1195663 0.3125331 0.1249827 0.1105382 0.1366789 0.2533835 0.2919262 0.1023833 
ERR2789774    0.5250453 0.4073069 0.5105399 0.0856902 0.1319481 0.0000000 0.2075758 0.0687673 0.0899893 0.1593467 0.1297877 0.0277710 0.1690821 0.0831888 0.0342841 0.0485561 0.1563790 0.1563720 0.1285579 0.1676170 0.1333242 0.1576056 0.1098955 0.1268018 0.0773550 0.0309507 0.0320672 0.1607003 0.0768529 0.1546982 0.0826233 0.0717815 0.1615454 0.1305681 0.1700691 0.0946004 0.0734823 0.1248400 0.1334514 0.1421250 0.0544683 0.0308687 0.1594474 0.1476963 0.2432600 0.0586054 0.0992780 0.1435302 0.1701073 0.0731289 0.1468908 0.0849061 0.0329270 0.0813310 0.0303932 0.0775446 0.0830524 0.0947560 0.1077716 0.1376744 0.1330777 0.2276774 0.1274338 0.0722655 0.1485268 0.0953084 0.0994165 0.0910752 0.0854770 0.0581417 0.1393668 0.1494674 0.1006146 0.1635194 0.1686563 0.1015869 0.0940188 0.1607912 0.0849764 0.1625204 0.1717635 0.0981711 0.0911458 0.1525960 0.0642073 0.1133677 0.1636326 0.0276831 0.0564249 0.0739930 0.1531849 0.2009462 0.2106225 0.1454810 0.1747626 0.2046284 0.1168521 0.1319035 0.1397666 0.0361730 0.1431009 0.1133155 0.0828714 0.0288255 0.0301403 0.0753308 0.1217063 0.0484916 0.1542960 0.1035073 0.0892461 0.1539969 0.0520814 0.0800489 0.1144030 0.1393577 0.2446498 0.0299154 0.1344808 0.0427157 0.1664359 0.1427789 0.3497692 
PAFTOL_019361 0.4699118 0.3703124 0.4665893 0.2175919 0.2327293 0.2075758 0.0000000 0.2032331 0.2223331 0.3019278 0.2565167 0.2087880 0.3071344 0.2048084 0.2031231 0.2202473 0.2958106 0.2859064 0.2605205 0.2928625 0.2591057 0.2975972 0.2234855 0.2575581 0.2280749 0.2089335 0.2113845 0.3070085 0.2109543 0.2985874 0.2192476 0.2097624 0.3001236 0.2533733 0.2962938 0.2240954 0.2262809 0.2751063 0.2525043 0.2865160 0.2216692 0.2066869 0.2932430 0.2827864 0.3763692 0.2561424 0.2348516 0.2617373 0.2463959 0.2180308 0.2716275 0.2157232 0.2040903 0.2137137 0.2043090 0.2125352 0.2159589 0.2234566 0.2481060 0.2765022 0.2615142 0.3636340 0.2636847 0.1983935 0.2931944 0.2147172 0.2257209 0.2184761 0.2180303 0.2186210 0.2758414 0.2079366 0.2374375 0.2980527 0.2979701 0.2239004 0.2134902 0.2285662 0.2207321 0.2410072 0.2871953 0.2313589 0.2197974 0.2906696 0.2250834 0.2040680 0.2420913 0.2009753 0.2068318 0.2068531 0.2792739 0.3412145 0.3483502 0.2743117 0.3197264 0.3480569 0.2587351 0.2520359 0.2580837 0.1979230 0.2719917 0.2221974 0.1991895 0.2051907 0.1941840 0.2233063 0.2125792 0.2052612 0.2956812 0.2141686 0.2063313 0.2737841 0.1939911 0.2154075 0.2319872 0.2770257 0.3621003 0.2057304 0.2846572 0.2057199 0.1029277 0.2900676 0.2581401 
S0055         0.4812667 0.3565224 0.4946924 0.0769205 0.1189745 0.0687673 0.2032331 0.0000000 0.0872119 0.1572175 0.1425479 0.0510957 0.1626856 0.0881368 0.0554901 0.0705221 0.1549091 0.1811784 0.1335904 0.1519346 0.1568632 0.1575983 0.0948218 0.1126268 0.0666624 0.0524988 0.0526274 0.1691403 0.0809941 0.1485200 0.0798380 0.0689960 0.1604284 0.1453963 0.1724087 0.0913463 0.0693980 0.1441104 0.1462092 0.1416273 0.0646294 0.0498670 0.1519430 0.1487552 0.2379062 0.0909986 0.0918299 0.1583027 0.1656821 0.0754890 0.1643596 0.0794746 0.0577120 0.0783361 0.0493119 0.0754737 0.0803241 0.0863678 0.1000872 0.1350673 0.1568310 0.2294706 0.1216017 0.0765249 0.1456167 0.1029570 0.0889590 0.0899017 0.0779773 0.0770233 0.1326354 0.1581456 0.0955379 0.1800696 0.1816541 0.1003710 0.0916381 0.1530778 0.0841852 0.1656958 0.1686491 0.0959906 0.0894730 0.1659131 0.0675321 0.1058038 0.1694435 0.0471000 0.0602208 0.0894120 0.1561136 0.1985147 0.2078347 0.1706033 0.1700968 0.1931469 0.1319537 0.1432385 0.1590010 0.0547912 0.1627873 0.1093546 0.0854588 0.0484705 0.0517156 0.0406180 0.1130400 0.0507503 0.1491656 0.1027246 0.0919072 0.1480228 0.0527200 0.0784144 0.1005968 0.1360804 0.2471128 0.0500236 0.1323572 0.0563400 0.1011524 0.1141029 0.2533835 
S0196sl       0.5581469 0.4718646 0.5889966 0.0667550 0.0803404 0.0899893 0.2223331 0.0872119 0.0000000 0.1678178 0.0846857 0.0693660 0.1719026 0.0609020 0.0734969 0.0918128 0.1606060 0.1738049 0.1301748 0.1839940 0.1505909 0.1767723 0.0875132 0.0950918 0.0868148 0.0708585 0.0697287 0.1676674 0.1064990 0.1572099 0.0188749 0.0890218 0.1676224 0.1426085 0.1774996 0.0710656 0.0900949 0.1337023 0.1377735 0.1427005 0.0826209 0.0682727 0.1632798 0.1477974 0.2431065 0.0766676 0.0475550 0.1503758 0.1723305 0.1023246 0.1533394 0.0664480 0.0743198 0.0178421 0.0672567 0.0168305 0.0178994 0.0742439 0.0546604 0.1593319 0.1394327 0.2322055 0.1414042 0.0556329 0.1515288 0.1046451 0.0771558 0.0780301 0.0600908 0.0961586 0.0927907 0.1475994 0.0833365 0.1734871 0.1773364 0.0886229 0.0827935 0.1612205 0.0209006 0.1713734 0.1753397 0.0904335 0.0619440 0.1594970 0.0897378 0.0846290 0.1698658 0.0668781 0.0866704 0.0631074 0.1608393 0.2016031 0.2113260 0.1587131 0.1810670 0.2030119 0.1145082 0.1413176 0.1455181 0.0727301 0.1475044 0.0921630 0.0591592 0.0683189 0.0600624 0.0917357 0.0955714 0.0669214 0.1579150 0.0783502 0.0651565 0.1562601 0.0783987 0.0168149 0.1228464 0.0954506 0.2421822 0.0684636 0.0977716 0.0786344 0.1624503 0.0196825 0.0445275 
S0278         0.5608276 0.4713451 0.5873580 0.1568249 0.1722226 0.1593467 0.3019278 0.1572175 0.1678178 0.0000000 0.1615394 0.1378629 0.0477539 0.1459091 0.1362772 0.1521507 0.0336558 0.1900039 0.1660693 0.0479297 0.1774209 0.0613612 0.1806184 0.2327378 0.1500412 0.1414920 0.1418308 0.0459071 0.1573840 0.0592381 0.1503543 0.1607141 0.0718682 0.1644185 0.0693012 0.1526398 0.1664753 0.1730540 0.1635105 0.0337949 0.1492418 0.1369517 0.0429468 0.0696344 0.1260161 0.1728692 0.1486277 0.1789344 0.2259574 0.1637700 0.1827114 0.1431132 0.1430598 0.1501490 0.1350539 0.1459678 0.1511573 0.1520183 0.1564024 0.0647002 0.1788457 0.1176800 0.0586908 0.1468122 0.0511798 0.1319005 0.1533852 0.1587547 0.1489885 0.1671598 0.1715144 0.2084190 0.1702967 0.1945917 0.2010005 0.1535443 0.1430233 0.2118479 0.1530905 0.2174013 0.0564239 0.1424475 0.1676695 0.1895032 0.1558903 0.1711971 0.2126480 0.1336511 0.1486669 0.1476594 0.0629963 0.0947307 0.1052137 0.1879016 0.0679969 0.0606941 0.1497077 0.1632356 0.1745150 0.1425507 0.1956232 0.1886643 0.1484115 0.1370330 0.1412013 0.1698711 0.1615724 0.1468192 0.0668871 0.1525989 0.1459060 0.0508980 0.1355914 0.1485536 0.0339533 0.1747806 0.1268297 0.1357956 0.1871005 0.1547754 0.0934366 0.0639499 0.1023616 
S0281         0.5041691 0.4612855 0.6088622 0.1064180 0.1180852 0.1297877 0.2565167 0.1425479 0.0846857 0.1615394 0.0000000 0.1123077 0.1808307 0.0995910 0.1109825 0.1303291 0.1581524 0.1739710 0.1292391 0.1769544 0.1543462 0.1748050 0.1183691 0.1566597 0.1246611 0.1138903 0.1115289 0.1604573 0.1472301 0.1748336 0.0641137 0.1172130 0.1806832 0.1464329 0.1759648 0.0963778 0.1303476 0.1380309 0.1465573 0.1431267 0.1233183 0.1151249 0.1575744 0.1525807 0.2365334 0.1492098 0.0618203 0.1489200 0.1961658 0.1461036 0.1556112 0.1126758 0.1192108 0.0651815 0.1135582 0.0653381 0.0642060 0.1010419 0.0620065 0.1559741 0.1374818 0.2205421 0.1408315 0.0957786 0.1508300 0.1033572 0.1065389 0.0979398 0.0897410 0.1239305 0.0969804 0.1722035 0.1315723 0.1770779 0.1721289 0.1151979 0.0936951 0.1830423 0.0699107 0.2001404 0.1420322 0.1212339 0.1080533 0.1653239 0.1264384 0.1268650 0.1977789 0.1121837 0.1116009 0.1041810 0.1638720 0.1939230 0.1911970 0.1495934 0.1795576 0.1863870 0.1200110 0.1467898 0.1543177 0.1119317 0.1467232 0.1200773 0.0935443 0.1125515 0.1020417 0.1281163 0.1265128 0.1122167 0.1667463 0.1109080 0.1043762 0.1435231 0.1033809 0.0663515 0.1291497 0.0996430 0.2272063 0.1127442 0.0994011 0.1160206 0.1720632 0.0935662 0.0467371 
S0282         0.5146369 0.4099247 0.5251459 0.0654946 0.1289097 0.0277710 0.2087880 0.0510957 0.0693660 0.1378629 0.1123077 0.0000000 0.1451218 0.0684957 0.0105841 0.0310504 0.1315830 0.1442318 0.1108182 0.1484150 0.1273554 0.1403773 0.0877618 0.1051974 0.0616676 0.0056935 0.0135637 0.1458001 0.0690833 0.1327806 0.0615907 0.0576124 0.1475890 0.1193802 0.1535658 0.0752137 0.0625625 0.1131823 0.1222126 0.1179833 0.0322896 0.0105616 0.1363919 0.1279731 0.2151353 0.0332187 0.0781231 0.1291869 0.1485052 0.0620967 0.1350188 0.0670946 0.0144676 0.0603906 0.0067535 0.0581915 0.0619019 0.0744870 0.0873045 0.1227677 0.1224605 0.2048494 0.1098575 0.0544083 0.1274971 0.0839364 0.0784847 0.0717905 0.0653566 0.0399552 0.1215161 0.1287516 0.0839349 0.1469039 0.1632888 0.0860241 0.0779200 0.1379767 0.0638279 0.1477343 0.1419857 0.0773430 0.0720100 0.1370896 0.0489083 0.0957080 0.1452063 0.0047174 0.0407707 0.0608215 0.1402790 0.1754939 0.1844369 0.1393931 0.1628610 0.1769160 0.1052496 0.1181692 0.1263815 0.0144669 0.1319783 0.0956773 0.0682413 0.0047308 0.0136414 0.0597390 0.1047963 0.0310117 0.1352987 0.0863470 0.0729084 0.1337597 0.0351862 0.0569416 0.0965029 0.1243562 0.2160325 0.0056947 0.1197141 0.0318771 0.1897020 0.1509593 0.4032611 
S0289         0.5783644 0.5042430 0.6292260 0.1674098 0.1807333 0.1690821 0.3071344 0.1626856 0.1719026 0.0477539 0.1808307 0.1451218 0.0000000 0.1554420 0.1466087 0.1595782 0.0536068 0.2007767 0.1792861 0.0611737 0.1861642 0.0834452 0.1935150 0.2312445 0.1672130 0.1488995 0.1523731 0.0603176 0.1760444 0.0772073 0.1549751 0.1668903 0.0873575 0.1710190 0.0903795 0.1607595 0.1715060 0.1736733 0.1633437 0.0472687 0.1643439 0.1442040 0.0510772 0.0796421 0.1532008 0.1940761 0.1548153 0.1898521 0.2367898 0.1759289 0.1868729 0.1500313 0.1502924 0.1547596 0.1423432 0.1520370 0.1558182 0.1585097 0.1627445 0.0769137 0.1725365 0.1426616 0.0713837 0.1512695 0.0664204 0.1404755 0.1615001 0.1606207 0.1506538 0.1776796 0.1763277 0.2186818 0.1720228 0.1994795 0.2082894 0.1703402 0.1521434 0.2231257 0.1577753 0.2269679 0.0845395 0.1560634 0.1788750 0.1934659 0.1657192 0.1860514 0.2267016 0.1438025 0.1579916 0.1620396 0.0781508 0.1166284 0.1264197 0.1935279 0.0830438 0.0887094 0.1527625 0.1694255 0.1814316 0.1499775 0.1911137 0.2049293 0.1595039 0.1441238 0.1451502 0.1812140 0.1742567 0.1564360 0.0814640 0.1737519 0.1608870 0.0594829 0.1438711 0.1531205 0.0336634 0.1796729 0.1480351 0.1430223 0.1880178 0.1626210 0.0977448 0.0410973 0.1075331 
S0292         0.5296932 0.4090608 0.5428734 0.0573308 0.0665674 0.0831888 0.2048084 0.0881368 0.0609020 0.1459091 0.0995910 0.0684957 0.1554420 0.0000000 0.0699424 0.0887905 0.1476116 0.1694152 0.1326486 0.1673621 0.1543904 0.1551263 0.0672306 0.1018902 0.0848482 0.0673724 0.0699284 0.1543205 0.0986956 0.1509175 0.0512173 0.0869910 0.1545265 0.1457550 0.1609532 0.0585521 0.0916495 0.1357571 0.1375604 0.1311326 0.0824936 0.0648513 0.1386463 0.1379057 0.2413921 0.1054410 0.0650622 0.1513844 0.1691717 0.0979873 0.1538391 0.0623380 0.0719414 0.0500584 0.0647393 0.0479063 0.0514739 0.0693985 0.0725902 0.1222536 0.1506863 0.2291633 0.1314699 0.0513708 0.1334021 0.0913791 0.0654000 0.0648203 0.0526696 0.0933734 0.1083367 0.1530663 0.0783347 0.1730316 0.1680071 0.0829090 0.0698229 0.1551058 0.0534048 0.1641946 0.1718884 0.0748898 0.0538222 0.1718637 0.0879589 0.0375334 0.1593948 0.0646941 0.0779932 0.0491744 0.1460117 0.2002424 0.2089251 0.1595117 0.1653478 0.1948985 0.1171873 0.1427515 0.1484655 0.0720814 0.1522687 0.0726929 0.0066812 0.0648948 0.0626341 0.0901211 0.0540605 0.0721727 0.1497840 0.0206980 0.0066561 0.1491723 0.0751137 0.0489073 0.1008947 0.1110964 0.2423701 0.0662031 0.1079229 0.0742537 0.1706519 0.0000023 0.0463173 
S0293         0.4976893 0.3986992 0.4993984 0.0684137 0.1302435 0.0342841 0.2031231 0.0554901 0.0734969 0.1362772 0.1109825 0.0105841 0.1466087 0.0699424 0.0000000 0.0355204 0.1352536 0.1480901 0.1123679 0.1499406 0.1309876 0.1437509 0.0881313 0.1097186 0.0692375 0.0105901 0.0126312 0.1473971 0.0720002 0.1392975 0.0654888 0.0650009 0.1495451 0.1228793 0.1572105 0.0745082 0.0651508 0.1181061 0.1271501 0.1237870 0.0368080 0.0115966 0.1361332 0.1343648 0.2197547 0.0425353 0.0810736 0.1328203 0.1402092 0.0648705 0.1387700 0.0675697 0.0185602 0.0642666 0.0097660 0.0620389 0.0658235 0.0721181 0.0917018 0.1217979 0.1189926 0.2112516 0.1126672 0.0569273 0.1333297 0.0865617 0.0765879 0.0735368 0.0681739 0.0446451 0.1246531 0.1276815 0.0855461 0.1441779 0.1559411 0.0921551 0.0838882 0.1297222 0.0677577 0.1394194 0.1455464 0.0723753 0.0706450 0.1346819 0.0537918 0.0944917 0.1383863 0.0076389 0.0476840 0.0598304 0.1436482 0.1812585 0.1903784 0.1398037 0.1669052 0.1811725 0.1100405 0.1216563 0.1302608 0.0185950 0.1317879 0.0980710 0.0696811 0.0076599 0.0146774 0.0660444 0.1046815 0.0354743 0.1403197 0.0879319 0.0743785 0.1336682 0.0421131 0.0630544 0.0927210 0.1275232 0.2227900 0.0086444 0.1228241 0.0384869 0.1897020 0.1207546 0.4032611 
S0294         0.5430411 0.4248592 0.5554249 0.0881901 0.1580159 0.0485561 0.2202473 0.0705221 0.0918128 0.1521507 0.1303291 0.0310504 0.1595782 0.0887905 0.0355204 0.0000000 0.1489532 0.1697145 0.1349421 0.1553317 0.1479719 0.1534132 0.1109708 0.1183317 0.0771836 0.0331927 0.0353998 0.1598367 0.0872134 0.1474572 0.0840662 0.0746262 0.1586709 0.1379102 0.1663855 0.0961988 0.0798208 0.1252094 0.1380787 0.1366527 0.0522693 0.0320671 0.1428462 0.1430573 0.2280440 0.0641242 0.0953593 0.1481397 0.1605742 0.0777162 0.1530406 0.0826852 0.0339896 0.0827655 0.0315948 0.0804477 0.0845039 0.0948465 0.1064062 0.1271134 0.1273364 0.2190697 0.1211766 0.0722879 0.1447789 0.1087116 0.0995879 0.0939811 0.0856225 0.0479172 0.1383349 0.1543387 0.0987933 0.1604211 0.1772141 0.1070878 0.0972394 0.1562399 0.0864311 0.1662846 0.1517268 0.0941018 0.0926669 0.1504576 0.0606958 0.1178568 0.1651012 0.0299224 0.0626056 0.0792448 0.1472109 0.1885916 0.1978378 0.1586055 0.1730262 0.2031215 0.1279122 0.1366526 0.1472968 0.0384685 0.1368433 0.1170513 0.0884463 0.0300088 0.0312678 0.0754285 0.1250445 0.0419165 0.1379420 0.1022657 0.0907540 0.1423104 0.0547844 0.0814751 0.1087368 0.1383259 0.2309281 0.0300670 0.1363987 0.0506592 0.1708375 0.1806372 0.3604471 
S0299         0.5780735 0.4728770 0.5700536 0.1532070 0.1351230 0.1563790 0.2958106 0.1549091 0.1606060 0.0336558 0.1581524 0.1315830 0.0536068 0.1476116 0.1352536 0.1489532 0.0000000 0.1891032 0.1639418 0.0581809 0.1752798 0.0542644 0.1704438 0.2463316 0.1623934 0.1352147 0.1400050 0.0483816 0.1672547 0.0546821 0.1445192 0.1617912 0.0684609 0.1615155 0.0666559 0.1586078 0.1681419 0.1613966 0.1605523 0.0299898 0.1496427 0.1320513 0.0472641 0.0667435 0.1389076 0.1736080 0.1455490 0.1737550 0.2338540 0.1696575 0.1821754 0.1457041 0.1382565 0.1443176 0.1300479 0.1416144 0.1453070 0.1540035 0.1505936 0.0677031 0.1694946 0.1319041 0.0534267 0.1472947 0.0531136 0.1266492 0.1613266 0.1569680 0.1485076 0.1621187 0.1710072 0.2125068 0.1672432 0.1889303 0.1863088 0.1534502 0.1405969 0.2177595 0.1472951 0.2253684 0.0683757 0.1486865 0.1670342 0.1832123 0.1578961 0.1737662 0.2201348 0.1316870 0.1490630 0.1483665 0.0605477 0.1064624 0.1188186 0.1853613 0.0703100 0.0730687 0.1460838 0.1603090 0.1717706 0.1377174 0.1819749 0.1834992 0.1484104 0.1321323 0.1343629 0.1648387 0.1611075 0.1451085 0.0602594 0.1560978 0.1497806 0.0473545 0.1353629 0.1412545 0.0407319 0.1743541 0.1369036 0.1308749 0.1853652 0.1486293 0.0934366 0.0403197 0.1023616 
S0303         0.5400477 0.4475871 0.5330868 0.1688978 0.2058002 0.1563720 0.2859064 0.1811784 0.1738049 0.1900039 0.1739710 0.1442318 0.2007767 0.1694152 0.1480901 0.1697145 0.1891032 0.0000000 0.0961267 0.2101345 0.0260757 0.2031852 0.1898866 0.2594757 0.1743986 0.1465964 0.1474163 0.1880631 0.1807153 0.1920632 0.1577721 0.1655957 0.1832600 0.0281933 0.2155015 0.1671484 0.1717292 0.1110260 0.0338255 0.1808562 0.1674863 0.1480972 0.1846530 0.1973433 0.2495505 0.1838498 0.1682271 0.0313526 0.2138303 0.1822773 0.0271261 0.1334376 0.1519839 0.1575562 0.1455483 0.1533214 0.1586184 0.1507048 0.1753941 0.1993033 0.1120425 0.2473177 0.1656214 0.1553031 0.1791404 0.0610192 0.1788312 0.1758390 0.1590519 0.1574500 0.1675236 0.1968314 0.1713298 0.1459588 0.1285661 0.1898311 0.1675237 0.2048723 0.1605410 0.2140610 0.1782936 0.1762879 0.1741787 0.1351301 0.1696923 0.1979135 0.2117596 0.1432732 0.1479211 0.1699758 0.1949601 0.2187613 0.2306631 0.0303660 0.1820829 0.2109260 0.1034534 0.0303299 0.0324544 0.1457501 0.1214312 0.1836405 0.1686453 0.1450685 0.1438335 0.1557024 0.1895777 0.1536665 0.1581917 0.1877057 0.1752592 0.1924121 0.1481488 0.1559317 0.1220953 0.1707912 0.2513450 0.1422767 0.1702842 0.1479081 8.9999983 1.0800352 8.9999983 
S0308         0.5251467 0.4154891 0.5118953 0.1346483 0.1482890 0.1285579 0.2605205 0.1335904 0.1301748 0.1660693 0.1292391 0.1108182 0.1792861 0.1326486 0.1123679 0.1349421 0.1639418 0.0961267 0.0000000 0.1777563 0.0836706 0.1740726 0.1430646 0.2171265 0.1371048 0.1158562 0.1121155 0.1873661 0.1388271 0.1634055 0.1138380 0.1298796 0.1851904 0.0751385 0.1803119 0.1231538 0.1353217 0.0905199 0.0849998 0.1568746 0.1301773 0.1168418 0.1695916 0.1661517 0.2497210 0.1491560 0.1206934 0.0839062 0.1975046 0.1352848 0.0902349 0.1265409 0.1195807 0.1136890 0.1123731 0.1112173 0.1144214 0.1160858 0.1268191 0.1617850 0.0893067 0.2439436 0.1453404 0.1174814 0.1604710 0.0511963 0.1323789 0.1247778 0.1128382 0.1358599 0.1282192 0.1797804 0.1454761 0.1182316 0.1217221 0.1291279 0.1185462 0.1922212 0.1150314 0.2033473 0.1703920 0.1251337 0.1381513 0.1082311 0.1262478 0.1640315 0.2001568 0.1126025 0.1136096 0.1306628 0.1704105 0.2115926 0.2179570 0.0931104 0.1709848 0.1951307 0.0795873 0.0727625 0.0843521 0.1116416 0.1005742 0.1446125 0.1288157 0.1129688 0.1108668 0.1329342 0.1532590 0.1204689 0.1543107 0.1445764 0.1380788 0.1684295 0.1099057 0.1122634 0.1328029 0.1311535 0.2419787 0.1132245 0.1335243 0.1167153 0.2659828 0.1184086 0.5140060 
S0320         0.5567461 0.4596654 0.5962672 0.1783549 0.1886259 0.1676170 0.2928625 0.1519346 0.1839940 0.0479297 0.1769544 0.1484150 0.0611737 0.1673621 0.1499406 0.1553317 0.0581809 0.2101345 0.1777563 0.0000000 0.1974205 0.0769263 0.1984059 0.2475882 0.1745594 0.1522393 0.1557532 0.0577697 0.1701108 0.0775375 0.1667922 0.1656842 0.0895050 0.1826812 0.0850300 0.1789242 0.1727942 0.1847098 0.1767178 0.0501183 0.1687743 0.1474987 0.0578859 0.0823148 0.1404455 0.1938461 0.1566856 0.1879876 0.2468164 0.1709209 0.2044916 0.1466315 0.1523792 0.1665579 0.1436240 0.1621663 0.1677114 0.1618125 0.1639470 0.0808069 0.1793118 0.1285589 0.0725426 0.1567056 0.0719044 0.1449079 0.1784300 0.1787642 0.1683158 0.1687053 0.1830059 0.2227311 0.1700785 0.2024113 0.2195995 0.1621654 0.1494858 0.2291901 0.1696601 0.2374343 0.0795791 0.1678578 0.1930344 0.1928781 0.1579087 0.1903151 0.2386124 0.1440315 0.1614412 0.1670437 0.0807664 0.1064750 0.1145877 0.2077887 0.0741398 0.0905719 0.1631851 0.1793946 0.1934049 0.1547717 0.1993216 0.2013253 0.1696327 0.1475858 0.1404974 0.1702258 0.1846297 0.1523480 0.0790229 0.1801728 0.1710401 0.0431136 0.1430605 0.1648626 0.0506233 0.1829948 0.1400921 0.1448897 0.1948719 0.1682611 0.1016799 0.1782097 0.2544581 
S0322         0.5289406 0.4214543 0.5201506 0.1517900 0.1398912 0.1333242 0.2591057 0.1568632 0.1505909 0.1774209 0.1543462 0.1273554 0.1861642 0.1543904 0.1309876 0.1479719 0.1752798 0.0260757 0.0836706 0.1974205 0.0000000 0.1947243 0.1682245 0.2188209 0.1494727 0.1311075 0.1275172 0.1906811 0.1586280 0.1851779 0.1358512 0.1468805 0.1800987 0.0157569 0.2056213 0.1490252 0.1593089 0.0956881 0.0284750 0.1695804 0.1490110 0.1309974 0.1734244 0.1814614 0.2492890 0.1631994 0.1484290 0.0217737 0.2016313 0.1644119 0.0206483 0.1339791 0.1349670 0.1356675 0.1282222 0.1315942 0.1365707 0.1291938 0.1570034 0.1766555 0.0974643 0.2333429 0.1552826 0.1370165 0.1709168 0.0525376 0.1585499 0.1537679 0.1412719 0.1348792 0.1475623 0.1816332 0.1663544 0.1317920 0.1189890 0.1673198 0.1477229 0.1918194 0.1385227 0.1989460 0.1823798 0.1546401 0.1560367 0.1212983 0.1484384 0.1818789 0.1987820 0.1263858 0.1399081 0.1516509 0.1863673 0.2190082 0.2291219 0.0186854 0.1831053 0.1961165 0.0914830 0.0177987 0.0198198 0.1288126 0.1081909 0.1638888 0.1520037 0.1282521 0.1279384 0.1393517 0.1702138 0.1408550 0.1559864 0.1702124 0.1583754 0.1787114 0.1365472 0.1341300 0.1251403 0.1506895 0.2492432 0.1270999 0.1496864 0.1313726 3.2065968 0.2063860 1.8509903 
S0327         0.5970531 0.4824748 0.5991048 0.1698004 0.1689227 0.1576056 0.2975972 0.1575983 0.1767723 0.0613612 0.1748050 0.1403773 0.0834452 0.1551263 0.1437509 0.1534132 0.0542644 0.2031852 0.1740726 0.0769263 0.1947243 0.0000000 0.1903036 0.2675850 0.1576597 0.1440288 0.1473901 0.0665062 0.1688974 0.0453212 0.1600496 0.1609480 0.0542562 0.1764542 0.0556026 0.1702022 0.1667876 0.1865639 0.1808250 0.0577711 0.1487965 0.1394712 0.0648221 0.0712188 0.1522428 0.1762463 0.1580669 0.1914169 0.2285820 0.1746581 0.1992187 0.1554699 0.1485809 0.1598292 0.1389940 0.1602616 0.1609126 0.1709909 0.1629664 0.0557240 0.1738197 0.1430577 0.0478718 0.1597554 0.0565799 0.1344348 0.1724243 0.1715683 0.1644406 0.1682874 0.1805266 0.2156965 0.1883633 0.1982137 0.1981319 0.1753580 0.1538249 0.2127677 0.1660167 0.2203532 0.0769333 0.1743413 0.1859200 0.1892162 0.1553279 0.1881662 0.2153072 0.1390918 0.1528841 0.1631248 0.0488329 0.1175081 0.1270620 0.2024439 0.0701833 0.0873514 0.1620262 0.1752544 0.1850787 0.1450856 0.1856818 0.2070238 0.1573470 0.1395533 0.1344650 0.1646221 0.1754012 0.1499338 0.0636449 0.1665469 0.1587018 0.0698691 0.1394984 0.1613331 0.0646670 0.1805157 0.1458458 0.1412827 0.1933198 0.1477734 0.0440083 0.0878478 0.1624503 
S0335         0.5271799 0.4185171 0.5455826 0.0559369 0.0707350 0.1098955 0.2234855 0.0948218 0.0875132 0.1806184 0.1183691 0.0877618 0.1935150 0.0672306 0.0881313 0.1109708 0.1704438 0.1898866 0.1430646 0.1984059 0.1682245 0.1903036 0.0000000 0.0910268 0.1072349 0.0865907 0.0923359 0.1821137 0.1174457 0.1839736 0.0763633 0.1041211 0.1955354 0.1619881 0.2008645 0.0759565 0.1029849 0.1519130 0.1571508 0.1608331 0.0985600 0.0868057 0.1768842 0.1805482 0.2793638 0.1212066 0.0896890 0.1669895 0.1949304 0.1203842 0.1676218 0.0811840 0.0918594 0.0750973 0.0815850 0.0728201 0.0767571 0.0800148 0.0910312 0.1569251 0.1729423 0.2728036 0.1646193 0.0691308 0.1682728 0.1156179 0.0808260 0.0815439 0.0697691 0.1053929 0.1278874 0.1781706 0.1073488 0.1951801 0.2023586 0.0942879 0.0827398 0.1787160 0.0775083 0.1937023 0.2016594 0.0918786 0.0716637 0.1866286 0.1032519 0.0909181 0.1883164 0.0836760 0.1029220 0.0744588 0.1894222 0.2318458 0.2407123 0.1750864 0.2039965 0.2299360 0.1417859 0.1587124 0.1667954 0.0928367 0.1755906 0.0668656 0.0667511 0.0839418 0.0832272 0.0982476 0.0910008 0.0860888 0.1833752 0.0782178 0.0655402 0.1820571 0.0932855 0.0738409 0.1097016 0.1307629 0.2820008 0.0841358 0.1360881 0.0953343 0.5606942 0.0665994 0.2898772 
S0345         0.6919923 0.5399473 0.6961296 0.0655852 0.3969875 0.1268018 0.2575581 0.1126268 0.0950918 0.2327378 0.1566597 0.1051974 0.2312445 0.1018902 0.1097186 0.1183317 0.2463316 0.2594757 0.2171265 0.2475882 0.2188209 0.2675850 0.0910268 0.0000000 0.1262749 0.1091081 0.1146537 0.2131925 0.1555635 0.2623422 0.0954504 0.1391897 0.2956942 0.2007968 0.2656843 0.1032045 0.1172371 0.1605126 0.1997104 0.2068309 0.1281198 0.1058281 0.2418170 0.2237554 0.3745361 0.1257709 0.1263032 0.2184497 0.2041761 0.1413026 0.2181941 0.0949013 0.1002112 0.0925163 0.1013248 0.0900031 0.0927689 0.1001587 0.1278866 0.2331519 0.1952532 0.3191767 0.2317260 0.0870128 0.2309230 0.1531653 0.1106564 0.1213653 0.1049967 0.1241649 0.1779589 0.2025352 0.1348607 0.2512305 0.2400395 0.1152725 0.1110511 0.1988585 0.0922203 0.1967272 0.2600702 0.1272425 0.1006656 0.2414406 0.1116940 0.1329533 0.1934556 0.1000042 0.1285851 0.0903574 0.2373691 0.2793558 0.2938937 0.2370025 0.2586266 0.3118195 0.1589569 0.1889100 0.1987636 0.1235770 0.2119208 0.0657969 0.1070749 0.1034852 0.1000517 0.1304458 0.1557163 0.0970695 0.2456536 0.1193462 0.0957789 0.2364653 0.1086917 0.0951155 0.1553429 0.1821513 0.3154969 0.1004627 0.1806117 0.1163898 0.2424368 0.0618444 0.0618444 
S0376         0.4986164 0.4212863 0.5356081 0.0829400 0.1564196 0.0773550 0.2280749 0.0666624 0.0868148 0.1500412 0.1246611 0.0616676 0.1672130 0.0848482 0.0692375 0.0771836 0.1623934 0.1743986 0.1371048 0.1745594 0.1494727 0.1576597 0.1072349 0.1262749 0.0000000 0.0653043 0.0654925 0.1654151 0.0845489 0.1524469 0.0781311 0.0346309 0.1509947 0.1445970 0.1687584 0.1029144 0.0785095 0.1415702 0.1439257 0.1446185 0.0710707 0.0651246 0.1598618 0.1505200 0.2386227 0.0954606 0.0946815 0.1536238 0.1693190 0.0848661 0.1583611 0.0872380 0.0650928 0.0768503 0.0616050 0.0745522 0.0785375 0.0956634 0.1044747 0.1586931 0.1479057 0.2342410 0.1316097 0.0774156 0.1384892 0.1045700 0.1063365 0.1030493 0.0896431 0.0872519 0.1296299 0.1627093 0.1161216 0.1734255 0.1744528 0.1084588 0.0973595 0.1609749 0.0804745 0.1697574 0.1661493 0.1001145 0.0876166 0.1653848 0.0746897 0.1074462 0.1687747 0.0626806 0.0655078 0.0842393 0.1583315 0.2077481 0.2138699 0.1626149 0.1722237 0.2091099 0.1269416 0.1402367 0.1547637 0.0661434 0.1590115 0.1124676 0.0840519 0.0628723 0.0598894 0.0720195 0.1169902 0.0618603 0.1528931 0.1006163 0.0890019 0.1634643 0.0583910 0.0755795 0.1207659 0.1325491 0.2411740 0.0641549 0.1313634 0.0590486 0.1666671 0.1812945 0.3513824 
S0400         0.5201103 0.4153016 0.5320905 0.0658680 0.1244507 0.0309507 0.2089335 0.0524988 0.0708585 0.1414920 0.1138903 0.0056935 0.1488995 0.0673724 0.0105901 0.0331927 0.1352147 0.1465964 0.1158562 0.1522393 0.1311075 0.1440288 0.0865907 0.1091081 0.0653043 0.0000000 0.0135705 0.1498465 0.0716036 0.1396016 0.0629882 0.0611688 0.1500239 0.1229940 0.1574096 0.0779024 0.0638193 0.1183024 0.1243687 0.1245631 0.0344524 0.0105671 0.1400006 0.1347214 0.2241979 0.0366602 0.0796606 0.1313899 0.1485978 0.0633637 0.1373036 0.0671568 0.0154793 0.0617786 0.0057749 0.0595668 0.0633084 0.0746574 0.0889181 0.1206943 0.1228182 0.2120197 0.1162664 0.0545174 0.1323260 0.0872228 0.0811936 0.0744515 0.0679364 0.0399570 0.1234053 0.1288301 0.0841095 0.1510441 0.1632688 0.0905858 0.0823629 0.1380622 0.0652404 0.1478260 0.1501701 0.0773858 0.0720493 0.1427251 0.0501088 0.0945190 0.1452963 0.0047201 0.0451981 0.0597231 0.1439265 0.1836589 0.1927777 0.1433333 0.1683972 0.1849254 0.1102250 0.1217697 0.1300964 0.0164944 0.1340110 0.0978756 0.0671223 0.0047332 0.0146610 0.0621405 0.1048577 0.0321114 0.1406221 0.0851809 0.0717816 0.1406420 0.0384783 0.0583052 0.0928320 0.1262684 0.2252544 0.0056975 0.1215838 0.0350976 0.1897020 0.1238511 0.4032611 
S0405         0.5153228 0.4170240 0.5312081 0.0669866 0.1246426 0.0320672 0.2113845 0.0526274 0.0697287 0.1418308 0.1115289 0.0135637 0.1523731 0.0699284 0.0126312 0.0353998 0.1400050 0.1474163 0.1121155 0.1557532 0.1275172 0.1473901 0.0923359 0.1146537 0.0654925 0.0135705 0.0000000 0.1535710 0.0668748 0.1414926 0.0618563 0.0613412 0.1524051 0.1221432 0.1609356 0.0768523 0.0663032 0.1186905 0.1250563 0.1280151 0.0366828 0.0095811 0.1400005 0.1349135 0.2120764 0.0449336 0.0748744 0.1321092 0.1461273 0.0634671 0.1366735 0.0698268 0.0184989 0.0606502 0.0127840 0.0584408 0.0621701 0.0761773 0.0852386 0.1232577 0.1228378 0.2037523 0.1192452 0.0569165 0.1355642 0.0888135 0.0789327 0.0770961 0.0681354 0.0421599 0.1207489 0.1279083 0.0855310 0.1498826 0.1585575 0.0933795 0.0851010 0.1355837 0.0629513 0.1453490 0.1486710 0.0775478 0.0721703 0.1401808 0.0524750 0.0960628 0.1428390 0.0105749 0.0453045 0.0586414 0.1472838 0.1782733 0.1833316 0.1396849 0.1707172 0.1799622 0.1105822 0.1209156 0.1311401 0.0164853 0.1307171 0.0954978 0.0696681 0.0106046 0.0156521 0.0622415 0.1065238 0.0342938 0.1411558 0.0879167 0.0743650 0.1439874 0.0408038 0.0594527 0.1047751 0.1235971 0.2192987 0.0116054 0.1175382 0.0383568 0.1041565 0.1474081 0.2610369 
S0407sl       0.5565387 0.5093138 0.6019456 0.1664048 0.1642378 0.1607003 0.3070085 0.1691403 0.1676674 0.0459071 0.1604573 0.1458001 0.0603176 0.1543205 0.1473971 0.1598367 0.0483816 0.1880631 0.1873661 0.0577697 0.1906811 0.0665062 0.1821137 0.2131925 0.1654151 0.1498465 0.1535710 0.0000000 0.1796491 0.0653011 0.1507124 0.1700026 0.0705263 0.1811463 0.0744698 0.1634850 0.1669535 0.1848936 0.1753576 0.0336067 0.1614819 0.1448197 0.0574671 0.0776340 0.1436639 0.1855008 0.1490803 0.1941906 0.2406240 0.1880422 0.1917439 0.1384432 0.1498679 0.1504879 0.1409854 0.1449748 0.1478389 0.1688374 0.1556410 0.0824976 0.1843712 0.1235337 0.0687970 0.1482523 0.0664351 0.1421036 0.1658711 0.1668147 0.1593301 0.1794135 0.1748534 0.2291423 0.1729084 0.2134036 0.2241372 0.1801215 0.1562965 0.2277690 0.1536980 0.2264114 0.0808181 0.1681319 0.1771639 0.2046108 0.1704463 0.1803992 0.2282237 0.1426589 0.1545981 0.1582951 0.0649614 0.1094963 0.1161341 0.1931568 0.0808536 0.0929123 0.1548703 0.1798403 0.1909393 0.1509984 0.2014369 0.2012686 0.1571268 0.1432783 0.1426166 0.1676826 0.1749869 0.1559771 0.0671159 0.1638159 0.1551141 0.0509306 0.1374074 0.1487474 0.0179692 0.1748418 0.1426993 0.1435568 0.1877423 0.1630519 1.6833071 0.2447381 1.7071450 
S0412sl       0.4890595 0.4173953 0.5277790 0.1009194 0.1393370 0.0768529 0.2109543 0.0809941 0.1064990 0.1573840 0.1472301 0.0690833 0.1760444 0.0986956 0.0720002 0.0872134 0.1672547 0.1807153 0.1388271 0.1701108 0.1586280 0.1688974 0.1174457 0.1555635 0.0845489 0.0716036 0.0668748 0.1796491 0.0000000 0.1646113 0.0957806 0.0854786 0.1737272 0.1502349 0.1765275 0.1082825 0.0922713 0.1405873 0.1561298 0.1520483 0.0812772 0.0714192 0.1539772 0.1637904 0.2352103 0.1034909 0.1048783 0.1614344 0.1772420 0.0520276 0.1715268 0.1080296 0.0739786 0.0969389 0.0702997 0.0945279 0.0988406 0.1011720 0.1156635 0.1554457 0.1537523 0.2340339 0.1343730 0.0911173 0.1524502 0.1146298 0.1085635 0.1159494 0.0998650 0.0916480 0.1465032 0.1549655 0.1267236 0.1742969 0.1784489 0.1080967 0.0994380 0.1619250 0.1007800 0.1760281 0.1718761 0.1113437 0.1056645 0.1677966 0.0841620 0.1174886 0.1736081 0.0688984 0.0779290 0.0907755 0.1661259 0.2051206 0.2177552 0.1707261 0.1860847 0.2158897 0.1341062 0.1499655 0.1604552 0.0777349 0.1601235 0.1135761 0.0980082 0.0691114 0.0735215 0.0902364 0.1211173 0.0700607 0.1669757 0.1079654 0.0992079 0.1589266 0.0689216 0.0955742 0.1234840 0.1464937 0.2394661 0.0704321 0.1481503 0.0713616 0.1006485 0.0912987 0.2525148 
S0417         0.5882459 0.4662399 0.5621339 0.1614473 0.1699434 0.1546982 0.2985874 0.1485200 0.1572099 0.0592381 0.1748336 0.1327806 0.0772073 0.1509175 0.1392975 0.1474572 0.0546821 0.1920632 0.1634055 0.0775375 0.1851779 0.0453212 0.1839736 0.2623422 0.1524469 0.1396016 0.1414926 0.0653011 0.1646113 0.0000000 0.1449926 0.1570919 0.0466194 0.1675229 0.0562499 0.1561586 0.1717965 0.1797672 0.1670487 0.0472048 0.1438804 0.1350953 0.0590771 0.0568000 0.1501422 0.1715900 0.1438002 0.1790053 0.2165595 0.1649279 0.1843311 0.1466794 0.1411715 0.1447961 0.1314355 0.1421708 0.1457612 0.1577268 0.1529219 0.0595933 0.1806447 0.1427988 0.0397956 0.1429409 0.0486076 0.1385401 0.1540110 0.1529575 0.1463850 0.1637612 0.1710433 0.2136365 0.1736527 0.1936504 0.1990397 0.1623283 0.1516284 0.2037784 0.1476900 0.2117573 0.0805786 0.1611697 0.1664354 0.1870268 0.1610753 0.1806393 0.2068383 0.1347305 0.1524617 0.1538261 0.0456213 0.1183246 0.1294865 0.1926310 0.0588307 0.0944203 0.1492937 0.1663455 0.1760008 0.1354528 0.1870319 0.1947033 0.1535533 0.1351756 0.1345975 0.1715106 0.1725597 0.1456419 0.0541812 0.1622384 0.1544879 0.0626701 0.1375139 0.1432308 0.0504390 0.1742985 0.1517206 0.1341252 0.1865754 0.1441759 0.0440083 0.0619380 0.1624503 
S0419         0.5240648 0.4532118 0.5684546 0.0556772 0.0766753 0.0826233 0.2192476 0.0798380 0.0188749 0.1503543 0.0641137 0.0615907 0.1549751 0.0512173 0.0654888 0.0840662 0.1445192 0.1577721 0.1138380 0.1667922 0.1358512 0.1600496 0.0763633 0.0954504 0.0781311 0.0629882 0.0618563 0.1507124 0.0957806 0.1449926 0.0000000 0.0802679 0.1504968 0.1284548 0.1562915 0.0574773 0.0837899 0.1157672 0.1251184 0.1272672 0.0791293 0.0605324 0.1445757 0.1361565 0.2250546 0.0934330 0.0332462 0.1357836 0.1592194 0.0903313 0.1384658 0.0585282 0.0674654 0.0028188 0.0594201 0.0056864 0.0037835 0.0587556 0.0398284 0.1348303 0.1207297 0.2147789 0.1228196 0.0462775 0.1321945 0.0909635 0.0631976 0.0638848 0.0461289 0.0857531 0.0789392 0.1434748 0.0736195 0.1575983 0.1650695 0.0760998 0.0682567 0.1485123 0.0095184 0.1601589 0.1571183 0.0753615 0.0581812 0.1444698 0.0833185 0.0787982 0.1569341 0.0603894 0.0781115 0.0544471 0.1396506 0.1875233 0.1916000 0.1420719 0.1587932 0.1847329 0.0978405 0.1272212 0.1330357 0.0648295 0.1303530 0.0794919 0.0496438 0.0605730 0.0515175 0.0864781 0.0840056 0.0640509 0.1442211 0.0677170 0.0553249 0.1379355 0.0690171 0.0056763 0.1097808 0.0814366 0.2239392 0.0618453 0.0836583 0.0681814 0.1624503 0.0196825 0.0445275 
S0427         0.5075875 0.4175480 0.5431273 0.0866161 0.1452073 0.0717815 0.2097624 0.0689960 0.0890218 0.1607141 0.1172130 0.0576124 0.1668903 0.0869910 0.0650009 0.0746262 0.1617912 0.1655957 0.1298796 0.1656842 0.1468805 0.1609480 0.1041211 0.1391897 0.0346309 0.0611688 0.0613412 0.1700026 0.0854786 0.1570919 0.0802679 0.0000000 0.1565376 0.1440228 0.1791031 0.0968007 0.0855510 0.1339797 0.1385602 0.1462502 0.0788450 0.0610023 0.1589737 0.1517042 0.2320410 0.0953064 0.0899133 0.1496160 0.1584755 0.0812206 0.1540121 0.0837134 0.0609731 0.0789836 0.0587522 0.0766845 0.0806843 0.0933532 0.0966000 0.1576793 0.1503566 0.2305356 0.1301357 0.0769998 0.1439426 0.0965417 0.1028217 0.0999258 0.0892227 0.0826960 0.1272038 0.1468705 0.1107882 0.1717556 0.1651173 0.1077398 0.0980473 0.1474892 0.0826128 0.1588767 0.1735948 0.1089634 0.0897104 0.1620650 0.0764867 0.1102120 0.1579750 0.0586136 0.0685318 0.0849854 0.1632658 0.2003330 0.2061451 0.1577852 0.1676279 0.2111909 0.1185455 0.1396497 0.1486670 0.0657186 0.1548186 0.1148166 0.0848960 0.0587908 0.0558364 0.0833926 0.1151428 0.0575848 0.1567753 0.1011780 0.0928700 0.1648602 0.0592841 0.0777092 0.1119948 0.1301115 0.2360145 0.0600409 0.1236540 0.0597764 0.1666671 0.1428489 0.3513824 
