121
CRNC          0.0000000 0.2690486 0.3224017 0.4820165 0.2849377 0.4289456 0.3151829 0.3562672 0.3992023 0.4358375 0.4115043 0.4307666 0.3783884 0.3257016 0.4266341 0.3932578 0.4060028 0.4071869 0.4272492 0.4079745 0.4348487 0.3767905 0.4082202 0.4257178 0.3809454 0.3941542 0.3951655 0.4049450 0.4220442 0.3913116 0.3676433 0.3764814 0.4220974 0.3532268 0.4167022 0.3853685 0.3712219 0.4164905 0.3560532 0.3914094 0.3870030 0.4061149 0.3429750 0.4140319 0.3971414 0.3980459 0.3440811 0.4393147 0.3921212 0.4278075 0.4312531 0.3959380 0.4091635 0.4030017 0.3679355 0.4271378 0.3685180 0.3611328 0.4165244 0.3702713 0.3386113 0.4070121 0.3822895 0.3984593 0.3991647 0.3942957 0.4016072 0.3868262 0.4055055 0.3977907 0.3958783 0.4408054 0.3912532 0.3587694 0.3805352 0.4079838 0.3191858 0.3092547 0.3531658 0.3654945 0.3861534 0.3632644 0.3829530 0.3975209 0.3893639 0.3765764 0.4024883 0.3731077 0.3941542 0.3928100 0.3760924 0.3625915 0.3579970 0.3842867 0.3901635 0.3632404 0.4013007 0.3978014 0.4007331 0.3754518 0.4165154 0.4015216 0.4150233 0.4200033 0.4153215 0.3982165 0.3466459 0.3917639 0.3316546 0.3997167 0.4295545 0.4387506 0.3974202 0.3799526 0.3662425 0.3526205 0.4430699 0.3662563 0.3956418 0.3866126 0.3678581 
HYZL          0.2690486 0.0000000 0.0928783 0.2954124 0.2706657 0.3220881 0.2676281 0.2759506 0.2636129 0.2685889 0.2933466 0.2823563 0.2482410 0.2558009 0.2891640 0.3024474 0.2997958 0.3231885 0.2988558 0.2613750 0.3295499 0.2627666 0.2840261 0.2883628 0.2685659 0.2674464 0.2694502 0.2786995 0.2762617 0.2297748 0.2686264 0.2790482 0.3173184 0.2314577 0.2752697 0.2954790 0.2939560 0.3200205 0.2345630 0.2433234 0.2828540 0.2519804 0.2413937 0.2572173 0.2551152 0.2767361 0.2514818 0.3101248 0.3111445 0.2564751 0.2953033 0.2443901 0.2875777 0.2784639 0.2659533 0.2904823 0.2704150 0.2559027 0.2645538 0.2933137 0.2372720 0.3166806 0.2420825 0.2600675 0.2664877 0.3050188 0.2666971 0.2744633 0.2554116 0.2592651 0.3016130 0.3132963 0.2966404 0.2757112 0.3015182 0.3032672 0.2819418 0.2614810 0.2863150 0.2707206 0.3268878 0.2585178 0.2881138 0.2839522 0.3099083 0.2704665 0.3096682 0.3214299 0.2743477 0.2685382 0.2748710 0.2365118 0.2322878 0.2451994 0.2904591 0.2622112 0.2804310 0.3044812 0.3197411 0.3135514 0.2935298 0.3074315 0.2942120 0.2707826 0.2735896 0.2787219 0.2600440 0.2414549 0.2724972 0.2583720 0.2942759 0.3066643 0.2553653 0.2776567 0.2576498 0.2491699 0.3152378 0.2461006 0.2713503 0.2910539 0.2443295 
MYZV          0.3224017 0.0928783 0.0000000 0.3879077 0.2848877 0.4027148 0.3048134 0.3233740 0.3367320 0.3455965 0.3751389 0.3542452 0.3246086 0.3081318 0.3581768 0.3585208 0.3907695 0.4311946 0.3888711 0.3405453 0.4621371 0.3643433 0.3487366 0.3492512 0.3469235 0.3337272 0.3292219 0.3605934 0.3397262 0.3061651 0.3419855 0.3549054 0.4369618 0.3066324 0.3389683 0.3842603 0.3718730 0.4268868 0.3056117 0.3031778 0.3522742 0.3295420 0.3420896 0.3381578 0.3026918 0.3407615 0.3141206 0.4318009 0.3645473 0.3047407 0.4098034 0.3513276 0.3512895 0.3383044 0.3388164 0.3649273 0.3447724 0.3298356 0.3276703 0.3660638 0.3332315 0.4181619 0.3273427 0.3436715 0.3356414 0.4046452 0.3282225 0.3322937 0.3203198 0.3118710 0.3759961 0.3992532 0.3565309 0.3465328 0.3933094 0.4245438 0.3170284 0.3232123 0.3359420 0.3401694 0.3914410 0.4532813 0.3508696 0.3676675 0.4184478 0.3262717 0.4125808 0.3794564 0.3435949 0.3288156 0.3197411 0.3182909 0.3210662 0.3316081 0.4057487 0.3380929 0.3662730 0.3933354 0.4444409 0.4234596 0.3572100 0.4200880 0.3593310 0.3287041 0.3558039 0.3259868 0.3195643 0.3135046 0.3282342 0.3641669 0.3603231 0.3819780 0.3033742 0.3493176 0.3276241 0.3118455 0.4023862 0.3206824 0.3499614 0.3796084 0.3092651 
SRR6441723    0.4820165 0.2954124 0.3879077 0.0000000 0.1017027 0.1173865 0.1856502 0.0983841 0.0745267 0.0767626 0.1012932 0.0910094 0.0927891 0.0608069 0.1078512 0.1168738 0.1132739 0.1331587 0.1207488 0.0999743 0.1538141 0.0912515 0.0757900 0.1410346 0.0825586 0.0848452 0.0917187 0.0986106 0.0952761 0.0836282 0.0871423 0.1035046 0.1308638 0.0727209 0.1058966 0.1106538 0.1297937 0.1417189 0.0699208 0.0942560 0.0963466 0.0874834 0.0772313 0.0908992 0.0689046 0.0905877 0.0733923 0.1355714 0.1594109 0.0989325 0.1413375 0.1250711 0.0960747 0.1077533 0.0902146 0.0987243 0.0874307 0.0847879 0.0729234 0.1014408 0.0671874 0.1306200 0.0856836 0.0829265 0.0815045 0.1152244 0.0971110 0.1049719 0.0909403 0.1001004 0.1283205 0.1225840 0.1533209 0.1008858 0.1220190 0.1348813 0.0982977 0.0762601 0.1373509 0.0902367 0.1709715 0.0786078 0.1173339 0.0969844 0.1326772 0.1102552 0.1131606 0.1692253 0.0931053 0.0953065 0.0682507 0.0712829 0.0747399 0.0905234 0.1209677 0.0761600 0.1017889 0.1182352 0.1329900 0.1366955 0.1028094 0.1305887 0.0694685 0.0877824 0.0812377 0.0950125 0.1061994 0.0783216 0.0956382 0.0937150 0.0970882 0.1001369 0.0909694 0.0872368 0.0880023 0.0712497 0.1232266 0.0905443 0.0906217 0.1176098 0.0760398 
ERR4210213    0.2849377 0.2706657 0.2848877 0.1017027 0.0000000 0.0582624 0.1805012 0.0580593 0.0445937 0.1329896 0.0563743 0.0566535 0.1152846 0.0588574 0.0566327 0.0844210 0.2132549 0.0981634 0.1260016 0.0968616 0.1121031 0.1299689 0.0212726 0.0584539 0.0702696 0.0446523 0.0446523 0.1508100 0.0329907 0.0990768 0.0707352 0.0454752 0.1293044 0.1002126 0.0702984 0.1020781 0.1135595 0.1211518 0.0880012 0.0446523 0.0332928 0.1301634 0.1006529 0.0998363 0.0566327 0.0701720 0.0737373 0.0981634 0.1496422 0.0576429 0.0832640 0.5109206 0.0446523 0.0848837 0.0837845 0.0689763 0.0707352 0.0707352 0.0969820 0.1112159 0.0667192 0.1152721 0.0842644 0.0968440 0.0565573 0.0821673 0.0716772 0.0847422 0.0831431 0.0856861 0.0691945 0.0972998 0.1352032 0.1127082 0.0743537 0.1163835 0.0877799 0.0359044 0.1185968 0.0707352 0.1337959 0.0998363 0.1110432 0.0329907 0.0734350 0.0974904 0.1307429 0.1337959 0.0446523 0.0453469 0.0566327 0.0588983 0.0742562 0.1013262 0.0981634 0.1122205 0.1454788 0.1294769 0.1262268 0.1119400 0.0446523 0.0999742 0.0458975 0.0840276 0.0597103 0.0446523 0.0698996 0.0843231 0.0848409 0.0834910 0.0582408 0.0974854 0.1152846 0.0448315 0.0707352 0.1025171 0.1111383 0.1031755 0.0627933 0.0838603 0.0216763 
ERR2789774    0.4289456 0.3220881 0.4027148 0.1173865 0.0582624 0.0000000 0.1967762 0.0881645 0.0741301 0.1049483 0.1003011 0.0375571 0.1012043 0.0910782 0.0475377 0.0871549 0.1438757 0.1076324 0.1168300 0.1124022 0.1388632 0.1221549 0.1211298 0.1221593 0.0705178 0.0281875 0.0307288 0.1105941 0.1016169 0.1094805 0.0836631 0.0819382 0.1079403 0.0974973 0.1042039 0.1032737 0.1258363 0.1152802 0.0773453 0.0744166 0.0399217 0.1038758 0.0898494 0.1102012 0.0650370 0.0328168 0.0807598 0.1157952 0.1471992 0.0922246 0.1184017 0.1162944 0.0351532 0.1246663 0.0866689 0.0348633 0.0866271 0.0839864 0.0940103 0.1116404 0.0801181 0.1157152 0.1063812 0.1101377 0.0861151 0.1023766 0.1039694 0.1104843 0.1116975 0.1040674 0.0881949 0.1248962 0.1463044 0.1082526 0.0983529 0.1186112 0.0997596 0.0782000 0.1195692 0.0807371 0.1525742 0.1236333 0.1199342 0.1069152 0.1053195 0.0731718 0.1318386 0.1542547 0.0327486 0.0700529 0.0727468 0.0895191 0.0973470 0.1139565 0.1024687 0.0884867 0.1270473 0.1060612 0.1103233 0.1137152 0.0380948 0.1119124 0.0986577 0.1046068 0.0359726 0.0313625 0.0856395 0.0857987 0.0558393 0.0953820 0.1150659 0.1330033 0.1040956 0.0620694 0.0807904 0.0880292 0.1255349 0.1032682 0.0373094 0.1270740 0.0595770 
PAFTOL_019361 0.3151829 0.2676281 0.3048134 0.1856502 0.1805012 0.1967762 0.0000000 0.1680301 0.1645323 0.1807185 0.1839288 0.1804541 0.1747188 0.1530182 0.1944851 0.1967144 0.2165341 0.1849122 0.2058325 0.1760644 0.2082768 0.1755320 0.1879470 0.1643304 0.1566248 0.1659246 0.1722829 0.1699473 0.1807520 0.1583375 0.1755880 0.1672058 0.1922101 0.1515371 0.1926920 0.2097614 0.1798723 0.1845112 0.1489167 0.1590478 0.1675854 0.1591913 0.1438421 0.1821061 0.1581973 0.1730680 0.1477797 0.1901698 0.2013450 0.1948467 0.1959392 0.1852205 0.1768938 0.1873027 0.1764763 0.1765211 0.1731118 0.1758225 0.1614850 0.1684891 0.1370693 0.2127176 0.1808575 0.1415835 0.1489398 0.1924779 0.2023040 0.1881423 0.1769518 0.1868498 0.1924773 0.1933338 0.1801978 0.1755916 0.1812058 0.1978092 0.1522519 0.1300108 0.1926493 0.1797566 0.2145336 0.2089240 0.1870450 0.1904165 0.1779201 0.1966669 0.2034746 0.2162673 0.1731161 0.1750771 0.1646757 0.1577450 0.1610816 0.1800822 0.1763421 0.1511070 0.1817485 0.1903516 0.1851813 0.1865978 0.1750699 0.2047372 0.1681640 0.1793038 0.1646613 0.1781547 0.1853630 0.1553900 0.1621722 0.1760796 0.1906227 0.1978068 0.1609230 0.1649950 0.1686344 0.1487593 0.1944153 0.1864973 0.1598411 0.1868090 0.1559662 
S0055         0.3562672 0.2759506 0.3233740 0.0983841 0.0580593 0.0881645 0.1680301 0.0000000 0.0546311 0.0838503 0.0786479 0.0587774 0.0876867 0.0590242 0.0745631 0.0704321 0.1140773 0.0871308 0.1039002 0.0952662 0.1162485 0.0944179 0.0797098 0.1019171 0.0397067 0.0535379 0.0591900 0.0998477 0.0670176 0.0809017 0.0587777 0.0545186 0.0981294 0.0685936 0.0727601 0.0764814 0.0961120 0.0940719 0.0627018 0.0655293 0.0586478 0.0883353 0.0688252 0.0774606 0.0469245 0.0562410 0.0557719 0.1004782 0.1373139 0.0589412 0.1048736 0.0937443 0.0639783 0.0806786 0.0561413 0.0633409 0.0614292 0.0589926 0.0634013 0.0739897 0.0626688 0.1152701 0.0813701 0.0881110 0.0611622 0.0956090 0.0726142 0.0905689 0.0745995 0.0751693 0.0791325 0.0917284 0.1462704 0.0732294 0.1062670 0.1174445 0.0614029 0.0525499 0.1228906 0.0614634 0.1489542 0.1195890 0.1024540 0.0929701 0.1134164 0.0772234 0.1080535 0.1471675 0.0584058 0.0661619 0.0585308 0.0668965 0.0759025 0.0860972 0.0928440 0.0706029 0.1114551 0.1046924 0.0977262 0.1009330 0.0643302 0.1150932 0.0722083 0.0828171 0.0548156 0.0654366 0.0370377 0.0601893 0.0550966 0.0819831 0.0922071 0.1032534 0.0862142 0.0535852 0.0561965 0.0727943 0.0921763 0.0941379 0.0673012 0.0876952 0.0415210 
S0196sl       0.3992023 0.2636129 0.3367320 0.0745267 0.0445937 0.0741301 0.1645323 0.0546311 0.0000000 0.0565293 0.0433700 0.0427756 0.0638482 0.0469922 0.0659054 0.0773693 0.0937478 0.0840886 0.0852648 0.0586395 0.0987992 0.0719972 0.0698746 0.0684821 0.0447572 0.0377666 0.0430719 0.0666443 0.0574582 0.0590768 0.0126325 0.0580231 0.0825200 0.0491688 0.0764261 0.0810934 0.0941151 0.0882067 0.0433623 0.0569185 0.0500918 0.0559899 0.0549806 0.0635663 0.0477840 0.0425999 0.0292031 0.0926778 0.1216369 0.0676343 0.0952101 0.0700489 0.0503956 0.0896228 0.0148296 0.0499023 0.0148281 0.0104991 0.0548264 0.0396770 0.0457562 0.0935776 0.0484503 0.0655302 0.0525470 0.0777543 0.0736631 0.0839074 0.0730208 0.0786708 0.0867661 0.0527945 0.1262894 0.0806479 0.0822092 0.0944787 0.0651179 0.0481797 0.1109357 0.0148320 0.1370616 0.0732739 0.0985262 0.0595786 0.0824093 0.0627549 0.0981772 0.1351837 0.0450386 0.0519843 0.0424283 0.0507295 0.0459295 0.0557301 0.0725601 0.0463023 0.0742088 0.0863828 0.0760982 0.0790616 0.0556113 0.0934381 0.0505077 0.0680171 0.0412123 0.0488815 0.0619117 0.0386810 0.0510511 0.0604798 0.0793736 0.0816788 0.0553232 0.0472267 0.0127008 0.0478626 0.0530415 0.0635226 0.0401583 0.0496374 0.0376579 
S0278         0.4358375 0.2685889 0.3455965 0.0767626 0.1329896 0.1049483 0.1807185 0.0838503 0.0565293 0.0000000 0.0890128 0.0712763 0.0324298 0.0600985 0.0929198 0.1065359 0.0598763 0.1140009 0.1078733 0.0327218 0.1275803 0.0419202 0.0952712 0.1207817 0.0737899 0.0706963 0.0744189 0.0444985 0.0899496 0.0401870 0.0689513 0.0884323 0.1086822 0.0239291 0.0933787 0.0927174 0.1047357 0.1131010 0.0154367 0.0777815 0.0765156 0.0281413 0.0362194 0.0496445 0.0657755 0.0761501 0.0598975 0.1163710 0.1351619 0.0928870 0.1220229 0.0735764 0.0789739 0.1018004 0.0718422 0.0815394 0.0718132 0.0690310 0.0599816 0.0841887 0.0296827 0.1051864 0.0502475 0.0517894 0.0627495 0.1029195 0.0815958 0.0976314 0.0841875 0.0872665 0.1075777 0.0969162 0.1387280 0.0944612 0.0970790 0.1181518 0.0791016 0.0644977 0.1230051 0.0718587 0.1528406 0.0687110 0.1042294 0.0999406 0.1039344 0.0900139 0.1240598 0.1474199 0.0761790 0.0873457 0.0571338 0.0279141 0.0357713 0.0525030 0.1003743 0.0381037 0.0468906 0.1057920 0.1082183 0.1116151 0.0883437 0.1061207 0.0768409 0.0845803 0.0700342 0.0780898 0.0910853 0.0643471 0.0802833 0.0496376 0.0962667 0.0989102 0.0268359 0.0820735 0.0659971 0.0221496 0.0974034 0.0626896 0.0751518 0.0926582 0.0569059 
S0281         0.4115043 0.2933466 0.3751389 0.1012932 0.0563743 0.1003011 0.1839288 0.0786479 0.0433700 0.0890128 0.0000000 0.0686111 0.0938816 0.0688085 0.0803418 0.1132103 0.1088615 0.1070961 0.0909631 0.0892818 0.1170572 0.0975666 0.0814965 0.0898565 0.0660804 0.0629882 0.0688049 0.0947535 0.0965976 0.0865255 0.0528140 0.0742466 0.1017558 0.0733682 0.1003921 0.0951140 0.1109055 0.1119491 0.0615056 0.0863699 0.0738450 0.0856233 0.0740196 0.0937031 0.0685534 0.0655067 0.0367690 0.1094884 0.1397491 0.0918045 0.1151514 0.1246313 0.0743766 0.1173633 0.0554891 0.0735868 0.0554709 0.0528722 0.0786799 0.0501937 0.0704038 0.1069712 0.0865586 0.0933329 0.0687203 0.0989256 0.1086548 0.0993453 0.1076332 0.1086342 0.1254788 0.0505049 0.1419263 0.1039974 0.0920788 0.1063049 0.0922384 0.0763214 0.1216337 0.0555007 0.1484399 0.1126440 0.1179186 0.0913454 0.0990172 0.0851544 0.1081463 0.1432550 0.0683362 0.0846396 0.0684333 0.0741610 0.0783716 0.0916952 0.0881621 0.0755740 0.1090872 0.0860350 0.1013206 0.1046827 0.0801261 0.1068045 0.0804274 0.0821203 0.0647366 0.0706054 0.0838150 0.0648381 0.0701566 0.0732361 0.0886751 0.0941902 0.0793664 0.0794007 0.0500965 0.0721992 0.0507415 0.1034755 0.0611784 0.0473864 0.0678347 
S0282         0.4307666 0.2823563 0.3542452 0.0910094 0.0566535 0.0375571 0.1804541 0.0587774 0.0427756 0.0712763 0.0686111 0.0000000 0.0787424 0.0596429 0.0304788 0.0622151 0.1123597 0.0817207 0.0875572 0.0793217 0.1022255 0.0927786 0.0881861 0.1038278 0.0423035 0.0082774 0.0148313 0.0819983 0.0676065 0.0793510 0.0543943 0.0549464 0.0820070 0.0692223 0.0725775 0.0748660 0.0965009 0.0830889 0.0476623 0.0510723 0.0212173 0.0759517 0.0668803 0.0782354 0.0425233 0.0125234 0.0534800 0.0894320 0.1195615 0.0669897 0.0922047 0.0899416 0.0191461 0.0885262 0.0570461 0.0168222 0.0570274 0.0544535 0.0640030 0.0825220 0.0633058 0.0989347 0.0765256 0.0860329 0.0542910 0.0773657 0.0749779 0.0833594 0.0771226 0.0751337 0.0689016 0.0949090 0.1287984 0.0821878 0.0846482 0.0944315 0.0696504 0.0526544 0.1000882 0.0518011 0.1310758 0.0987862 0.0979111 0.0803762 0.0912383 0.0544045 0.1035430 0.1292117 0.0125286 0.0468034 0.0493180 0.0624530 0.0661410 0.0814794 0.0748742 0.0633888 0.0926616 0.0833284 0.0816786 0.0847170 0.0214374 0.0924747 0.0622057 0.0782653 0.0150345 0.0172925 0.0588647 0.0557034 0.0405219 0.0648734 0.0873358 0.0954520 0.0752204 0.0395165 0.0516980 0.0601046 0.0953754 0.0872831 0.0200986 0.0907832 0.0371959 
S0289         0.3783884 0.2482410 0.3246086 0.0927891 0.1152846 0.1012043 0.1747188 0.0876867 0.0638482 0.0324298 0.0938816 0.0787424 0.0000000 0.0709235 0.0949036 0.1182269 0.0516245 0.1194260 0.1129180 0.0374690 0.1388299 0.0392063 0.0946193 0.0890064 0.0812220 0.0729306 0.0793338 0.0464420 0.0920473 0.0399322 0.0734740 0.0878288 0.1137645 0.0261356 0.0929611 0.0999514 0.1068913 0.1245087 0.0198395 0.0770743 0.0785546 0.0277103 0.0382819 0.0515806 0.0652877 0.0783905 0.0620530 0.1217950 0.1282450 0.0949183 0.1211663 0.0684027 0.0783492 0.1013334 0.0732107 0.0835543 0.0763529 0.0737561 0.0618878 0.0842443 0.0341753 0.1019070 0.0523373 0.0492848 0.0695642 0.1078497 0.0845471 0.0942827 0.0838250 0.0863217 0.1157362 0.1047441 0.1444392 0.0829054 0.0994157 0.1240284 0.0766841 0.0642171 0.1126811 0.0739287 0.1389006 0.0602335 0.1029515 0.0965754 0.1063025 0.0897115 0.1286720 0.1335929 0.0782110 0.0837215 0.0615251 0.0233445 0.0402604 0.0544412 0.1053009 0.0450057 0.0561563 0.1078399 0.1132777 0.1167126 0.0903677 0.0945023 0.0787518 0.0982318 0.0695251 0.0803798 0.0901362 0.0716554 0.0853748 0.0515228 0.1106859 0.1164559 0.0216248 0.0753546 0.0655761 0.0267549 0.1052715 0.0543744 0.0806097 0.0948616 0.0667249 
S0292         0.3257016 0.2558009 0.3081318 0.0608069 0.0588574 0.0910782 0.1530182 0.0590242 0.0469922 0.0600985 0.0688085 0.0596429 0.0709235 0.0000000 0.0676567 0.0801751 0.0859418 0.0895227 0.0962751 0.0648913 0.1080527 0.0732599 0.0591724 0.0504295 0.0492640 0.0541027 0.0571150 0.0817240 0.0618691 0.0686625 0.0593783 0.0707809 0.0812693 0.0503137 0.0600685 0.0700898 0.0887032 0.0910746 0.0463445 0.0695409 0.0622444 0.0681121 0.0606606 0.0759706 0.0470304 0.0593802 0.0558150 0.0920084 0.1224576 0.0703827 0.1009005 0.0573943 0.0620979 0.0623782 0.0621915 0.0646361 0.0621692 0.0594460 0.0438180 0.0697248 0.0541932 0.1046465 0.0678724 0.0699725 0.0484828 0.0826723 0.0575054 0.0644059 0.0544711 0.0574298 0.0812117 0.0820323 0.1018601 0.0669320 0.0892529 0.1065257 0.0607081 0.0467696 0.1049107 0.0622053 0.1247781 0.1046828 0.0738631 0.0661464 0.0989129 0.0818643 0.0478084 0.1255201 0.0594044 0.0650191 0.0365332 0.0520738 0.0553528 0.0680947 0.0769761 0.0524516 0.0807326 0.0833814 0.0840260 0.0871669 0.0710144 0.1041867 0.0520330 0.0151311 0.0527749 0.0640429 0.0696387 0.0177451 0.0607965 0.0790435 0.0265699 0.0242062 0.0535315 0.0598345 0.0539892 0.0564544 0.0822385 0.0821243 0.0602489 0.0784140 0.0464306 
S0293         0.4266341 0.2891640 0.3581768 0.1078512 0.0566327 0.0475377 0.1944851 0.0745631 0.0659054 0.0929198 0.0803418 0.0304788 0.0949036 0.0676567 0.0000000 0.0681493 0.1225948 0.0958564 0.1016993 0.0990622 0.1169809 0.1095696 0.0910997 0.1047870 0.0600665 0.0213724 0.0284691 0.0983949 0.0728740 0.0933149 0.0752979 0.0660149 0.0959280 0.0852212 0.0797449 0.0971376 0.1137752 0.1031001 0.0605738 0.0664182 0.0304163 0.0946886 0.0713047 0.0915876 0.0628906 0.0258744 0.0721009 0.0982869 0.1331766 0.0889946 0.1008381 0.1003881 0.0303514 0.0958589 0.0781967 0.0303381 0.0781632 0.0755845 0.0792118 0.1052814 0.0762544 0.1135257 0.0875111 0.1025946 0.0666812 0.0908060 0.0821523 0.0972368 0.0842751 0.0823226 0.0853283 0.1079486 0.1390200 0.0926967 0.0989334 0.1032014 0.0838916 0.0655644 0.1121039 0.0724725 0.1434053 0.1082265 0.0999386 0.0938495 0.1059474 0.0701965 0.1193368 0.1415907 0.0258217 0.0570962 0.0613840 0.0778272 0.0792654 0.0923028 0.0882407 0.0787878 0.1184534 0.0862705 0.0955329 0.0957738 0.0353732 0.1067040 0.0771629 0.0841233 0.0287952 0.0312950 0.0798704 0.0716011 0.0559234 0.0919917 0.0903844 0.1071032 0.0974229 0.0494795 0.0725182 0.0762792 0.1084941 0.0902801 0.0322368 0.1117051 0.0519082 
S0294         0.3932578 0.3024474 0.3585208 0.1168738 0.0844210 0.0871549 0.1967144 0.0704321 0.0773693 0.1065359 0.1132103 0.0622151 0.1182269 0.0801751 0.0681493 0.0000000 0.1439416 0.1189778 0.1303910 0.1211619 0.1453328 0.1096016 0.1081094 0.1395151 0.0660182 0.0519848 0.0552169 0.1247803 0.0885302 0.0983773 0.0876253 0.0775809 0.1195624 0.0961036 0.0994777 0.1073751 0.1211029 0.1271447 0.0758377 0.0755046 0.0598263 0.1150355 0.0713401 0.1057903 0.0692344 0.0570315 0.0735614 0.1274730 0.1433190 0.0905548 0.1244148 0.1208768 0.0678192 0.1112622 0.0907175 0.0621211 0.0906724 0.0849244 0.0957811 0.1045821 0.0706411 0.1344308 0.0955812 0.0998905 0.0932491 0.1104625 0.0964917 0.1086785 0.0986758 0.0966989 0.0543347 0.1121168 0.1511795 0.0961557 0.1281747 0.1359772 0.0865436 0.0735265 0.1226399 0.0846175 0.1526783 0.1372402 0.1240233 0.0995675 0.1362018 0.0822837 0.1370451 0.1508692 0.0595747 0.0736731 0.0766029 0.0883631 0.0928647 0.1038000 0.1107004 0.0784174 0.1177642 0.1219376 0.1130410 0.1166850 0.0707554 0.1296450 0.1001196 0.1002456 0.0559090 0.0614127 0.0869436 0.0872348 0.0646045 0.0965865 0.1132320 0.1215419 0.1154327 0.0603904 0.0816818 0.0893154 0.1126923 0.1005384 0.0576756 0.1192650 0.0630103 
S0299         0.4060028 0.2997958 0.3907695 0.1132739 0.2132549 0.1438757 0.2165341 0.1140773 0.0937478 0.0598763 0.1088615 0.1123597 0.0516245 0.0859418 0.1225948 0.1439416 0.0000000 0.1406085 0.1413555 0.0658803 0.1615271 0.0572754 0.1175445 0.1506282 0.1065594 0.1056417 0.1132793 0.0728446 0.1275086 0.0635319 0.1040735 0.1144120 0.1346237 0.0509626 0.1065057 0.1267915 0.1309986 0.1463570 0.0394303 0.1071519 0.1120621 0.0593718 0.0537276 0.0761212 0.0945631 0.1118127 0.0834454 0.1430552 0.1718766 0.1184668 0.1499671 0.0892071 0.1117758 0.1169011 0.1074255 0.1174689 0.1073622 0.1045012 0.0823232 0.1071423 0.0497955 0.1374867 0.0720359 0.0785109 0.0989619 0.1261742 0.1006508 0.1058733 0.1023269 0.1023680 0.1441588 0.1206284 0.1630983 0.1049907 0.1336692 0.1543292 0.0990784 0.0885759 0.1547963 0.1074543 0.1835127 0.1071971 0.1078210 0.1287635 0.1416614 0.1250782 0.1362284 0.1778558 0.1115345 0.1060714 0.0815635 0.0448956 0.0640622 0.0741830 0.1251232 0.0631768 0.0810289 0.1263018 0.1340183 0.1344159 0.1256486 0.1295797 0.0914197 0.1189650 0.1025429 0.1148055 0.1187104 0.0935025 0.1085794 0.0786852 0.1318947 0.1319631 0.0573997 0.1152978 0.0952665 0.0493716 0.1212652 0.0909102 0.1036944 0.1098415 0.0956780 
S0303         0.4071869 0.3231885 0.4311946 0.1331587 0.0981634 0.1076324 0.1849122 0.0871308 0.0840886 0.1140009 0.1070961 0.0817207 0.1194260 0.0895227 0.0958564 0.1189778 0.1406085 0.0000000 0.0501112 0.1118275 0.0345176 0.1164296 0.1169016 0.1352547 0.0727424 0.0758321 0.0825283 0.1161188 0.0927958 0.1114829 0.1071000 0.0913087 0.0351255 0.1005096 0.1189590 0.1256431 0.0828132 0.0041514 0.0842194 0.0975662 0.0901208 0.1011389 0.0932786 0.1163021 0.0864236 0.0761188 0.0880525 0.0235404 0.1243286 0.1014789 0.0374318 0.1078070 0.0872406 0.1303522 0.1104019 0.0871431 0.1103374 0.1039851 0.1053381 0.1105711 0.0811560 0.0927730 0.1057623 0.0970492 0.0973503 0.0569406 0.1215704 0.1297153 0.1263074 0.1158264 0.1082063 0.1118973 0.1185059 0.1030162 0.0729028 0.0813391 0.1045895 0.0889202 0.1169087 0.1047940 0.1487508 0.1246130 0.1439366 0.1081260 0.0718440 0.1173879 0.1281619 0.1439588 0.0843715 0.0869380 0.0888496 0.0955516 0.1033225 0.1143614 0.0393468 0.0909502 0.1274387 0.0723908 0.0276553 0.0299826 0.0969137 0.0872427 0.1103276 0.1132039 0.0777504 0.0868493 0.0976764 0.0859084 0.0864738 0.1135265 0.1224240 0.1278811 0.1068424 0.0871180 0.1004965 0.0943679 0.1124700 0.1233176 0.0838397 0.1093958 0.0811147 
S0308         0.4272492 0.2988558 0.3888711 0.1207488 0.1260016 0.1168300 0.2058325 0.1039002 0.0852648 0.1078733 0.0909631 0.0875572 0.1129180 0.0962751 0.1016993 0.1303910 0.1413555 0.0501112 0.0000000 0.1152795 0.0502922 0.1198980 0.1090446 0.1652689 0.0817022 0.0815142 0.0911551 0.1128494 0.0978392 0.0998734 0.1044840 0.1001627 0.0452940 0.0892169 0.1224981 0.1287852 0.0645794 0.0509093 0.0800994 0.0922312 0.0958593 0.1016086 0.1011883 0.1028776 0.0869335 0.0818284 0.0823178 0.0426726 0.1404768 0.1067570 0.0426196 0.1144773 0.0901695 0.1340254 0.1077670 0.0955544 0.1077048 0.1016723 0.0935561 0.1023015 0.0893621 0.0836141 0.1019078 0.1087710 0.0975517 0.0474103 0.1251343 0.1333682 0.1239409 0.1157033 0.1201227 0.1125468 0.1373122 0.1171512 0.0734147 0.0743957 0.1083568 0.0898135 0.1224449 0.1021704 0.1509655 0.1239903 0.1510255 0.1022242 0.0876639 0.1099977 0.1331650 0.1461951 0.0899978 0.0963628 0.0891239 0.0950436 0.0936931 0.1064775 0.0470434 0.0909161 0.1210277 0.0546283 0.0451269 0.0477230 0.0999828 0.0834944 0.1078333 0.1136036 0.0835884 0.0957540 0.1090496 0.0891054 0.0866194 0.1127801 0.1232273 0.1256401 0.1044218 0.0965701 0.0981975 0.0881089 0.1073227 0.1035028 0.0899294 0.0994344 0.0866493 
S0320         0.4079745 0.2613750 0.3405453 0.0999743 0.0968616 0.1124022 0.1760644 0.0952662 0.0586395 0.0327218 0.0892818 0.0793217 0.0374690 0.0648913 0.0990622 0.1211619 0.0658803 0.1118275 0.1152795 0.0000000 0.1338932 0.0569136 0.1010531 0.0941902 0.0758225 0.0734572 0.0772524 0.0568055 0.0969491 0.0496124 0.0773321 0.0886977 0.1161418 0.0310209 0.1015181 0.1100587 0.1120556 0.1166405 0.0369318 0.0862053 0.0823389 0.0327963 0.0461515 0.0597397 0.0735352 0.0789648 0.0657727 0.1209107 0.1392813 0.1042083 0.1294625 0.0743168 0.0850274 0.1126709 0.0803294 0.0874349 0.0802935 0.0744666 0.0704882 0.0883757 0.0448335 0.1110273 0.0503653 0.0516085 0.0675851 0.1101686 0.0960805 0.1030073 0.0977578 0.1041897 0.1082850 0.1054523 0.1449362 0.0978640 0.1054070 0.1137292 0.0821435 0.0693896 0.1406164 0.0803486 0.1652208 0.0640153 0.1098832 0.1101439 0.1031351 0.1025325 0.1265246 0.1662017 0.0819719 0.0988596 0.0700586 0.0374040 0.0432849 0.0528391 0.1076240 0.0501110 0.0638687 0.1075210 0.1089779 0.1123180 0.0944679 0.1117646 0.0881434 0.0952708 0.0731356 0.0809837 0.0998331 0.0747229 0.0834624 0.0647083 0.1040214 0.1092870 0.0294412 0.0934480 0.0661969 0.0293375 0.1057188 0.0704446 0.0780638 0.0954899 0.0754691 
S0322         0.4348487 0.3295499 0.4621371 0.1538141 0.1121031 0.1388632 0.2082768 0.1162485 0.0987992 0.1275803 0.1170572 0.1022255 0.1388299 0.1080527 0.1169809 0.1453328 0.1615271 0.0345176 0.0502922 0.1338932 0.0000000 0.1356804 0.1244203 0.1510344 0.0976726 0.1013307 0.1118197 0.1352892 0.1132365 0.1251190 0.1257199 0.1184536 0.0497846 0.1191306 0.1416446 0.1486159 0.0933916 0.0304845 0.0998262 0.1098557 0.1166003 0.1197035 0.1148194 0.1355017 0.1097977 0.1017432 0.1031736 0.0374445 0.1481961 0.1251564 0.0328116 0.1309403 0.1134962 0.1536462 0.1292630 0.1162101 0.1291756 0.1227540 0.1206244 0.1294623 0.1052707 0.1108909 0.1249473 0.1209238 0.1040088 0.0676746 0.1443555 0.1528917 0.1429346 0.1383020 0.1424244 0.1313476 0.1413159 0.1331848 0.0952458 0.0987414 0.1177943 0.1107033 0.1300891 0.1233961 0.1525439 0.1363916 0.1652261 0.1180989 0.0938108 0.1296739 0.1512962 0.1477279 0.1047221 0.1101546 0.1119962 0.1194513 0.1220789 0.1335998 0.0540661 0.1053511 0.1378322 0.0804922 0.0416244 0.0441183 0.1212372 0.1050597 0.1353113 0.1293938 0.1003937 0.1170238 0.1178891 0.1033567 0.1077000 0.1266482 0.1394691 0.1419504 0.1217066 0.1103992 0.1189648 0.1165788 0.1320389 0.1406892 0.1054978 0.1253483 0.1038552 
S0327         0.3767905 0.2627666 0.3643433 0.0912515 0.1299689 0.1221549 0.1755320 0.0944179 0.0719972 0.0419202 0.0975666 0.0927786 0.0392063 0.0732599 0.1095696 0.1096016 0.0572754 0.1164296 0.1198980 0.0569136 0.1356804 0.0000000 0.1066407 0.1202797 0.0843383 0.0866307 0.0934976 0.0491449 0.1009126 0.0402400 0.0847703 0.0997651 0.1123208 0.0282616 0.1076014 0.1024425 0.1249905 0.1214352 0.0198918 0.0882648 0.0925485 0.0415371 0.0336282 0.0519863 0.0735350 0.0923513 0.0596664 0.1230983 0.1513246 0.0874035 0.1284797 0.0686224 0.0923100 0.1163264 0.0878289 0.0976910 0.0877865 0.0851031 0.0700603 0.0865780 0.0294845 0.1138717 0.0503189 0.0469040 0.0780963 0.1088225 0.0962662 0.1062482 0.0924946 0.0979868 0.1160834 0.1055225 0.1522888 0.0860719 0.1116375 0.1363601 0.0849755 0.0754049 0.1316092 0.0878503 0.1526460 0.0735543 0.1130763 0.1114176 0.1147477 0.1074961 0.1254463 0.1472337 0.0921330 0.0899087 0.0670773 0.0279479 0.0453488 0.0548755 0.1063739 0.0424865 0.0561826 0.1203934 0.1103259 0.1137262 0.1050163 0.1035491 0.0820772 0.0946711 0.0834149 0.0979369 0.0989536 0.0776484 0.0917112 0.0495465 0.1011915 0.1125662 0.0343767 0.0900974 0.0818492 0.0290892 0.1060584 0.0652877 0.0808326 0.1040552 0.0724111 
S0335         0.4082202 0.2840261 0.3487366 0.0757900 0.0212726 0.1211298 0.1879470 0.0797098 0.0698746 0.0952712 0.0814965 0.0881861 0.0946193 0.0591724 0.0910997 0.1081094 0.1175445 0.1169016 0.1090446 0.1010531 0.1244203 0.1066407 0.0000000 0.0952732 0.0724845 0.0822554 0.0888502 0.1092017 0.0848895 0.0902980 0.0794810 0.0839825 0.1184114 0.0685360 0.0891653 0.0965722 0.1134885 0.1189125 0.0713578 0.0847830 0.0909172 0.0891820 0.0774056 0.0968665 0.0779328 0.0877911 0.0720178 0.1135991 0.1596860 0.1048448 0.1157277 0.0974240 0.0906671 0.1029519 0.0823908 0.0932277 0.0771173 0.0795715 0.0714338 0.0960902 0.0709641 0.1307842 0.0914649 0.0994754 0.0665154 0.1040387 0.0916453 0.0912852 0.0908283 0.0916272 0.1201555 0.1076225 0.1504808 0.0954443 0.1185425 0.1301937 0.0723556 0.0601851 0.1346356 0.0824099 0.1642968 0.0861194 0.1149262 0.0902594 0.1287557 0.1042733 0.1150467 0.1613339 0.0878228 0.0840447 0.0664280 0.0752290 0.0756416 0.0911127 0.1067958 0.0789570 0.1111229 0.1108451 0.1179068 0.1213571 0.1002732 0.1276227 0.0649916 0.0809580 0.0845454 0.0962316 0.0901113 0.0689377 0.0788849 0.0972215 0.0833157 0.0858531 0.0971027 0.0764207 0.0774564 0.0759729 0.1081652 0.1027185 0.0933540 0.0996929 0.0742442 
S0345         0.4257178 0.2883628 0.3492512 0.1410346 0.0584539 0.1221593 0.1643304 0.1019171 0.0684821 0.1207817 0.0898565 0.1038278 0.0890064 0.0504295 0.1047870 0.1395151 0.1506282 0.1352547 0.1652689 0.0941902 0.1510344 0.1202797 0.0952732 0.0000000 0.1015408 0.0884748 0.0902284 0.1201902 0.0957102 0.1048619 0.0820105 0.1166271 0.1644744 0.0833706 0.0995719 0.0992375 0.1173378 0.1490945 0.0859917 0.1096113 0.0893416 0.1107532 0.0919314 0.1206376 0.0883784 0.1037716 0.0652969 0.1335065 0.2269621 0.1266344 0.1262233 0.1682211 0.0884748 0.1076823 0.0890442 0.1027453 0.0892647 0.0820105 0.0809612 0.1360160 0.0704599 0.1256450 0.0828086 0.0801112 0.0991369 0.1386700 0.0999270 0.0803053 0.0906687 0.1007234 0.1297103 0.1099161 0.1940333 0.1190556 0.1040617 0.1342991 0.0641698 0.0446417 0.1801083 0.0833145 0.2071201 0.1072672 0.1041571 0.0810300 0.1033888 0.1125048 0.1447739 0.2011107 0.0884748 0.0885898 0.0727080 0.0750674 0.0850600 0.1044770 0.1325968 0.1053249 0.1366150 0.1329890 0.1590201 0.1590123 0.0966570 0.1184332 0.0696518 0.0893257 0.1058195 0.0884748 0.1234228 0.0978876 0.1354995 0.0811973 0.1209259 0.1036915 0.1052993 0.0890790 0.0813951 0.0851384 0.1173201 0.1146333 0.0935854 0.1258528 0.0804884 
S0376         0.3809454 0.2685659 0.3469235 0.0825586 0.0702696 0.0705178 0.1566248 0.0397067 0.0447572 0.0737899 0.0660804 0.0423035 0.0812220 0.0492640 0.0600665 0.0660182 0.1065594 0.0727424 0.0817022 0.0758225 0.0976726 0.0843383 0.0724845 0.1015408 0.0000000 0.0373573 0.0402385 0.0841466 0.0494864 0.0683341 0.0593475 0.0310493 0.0815123 0.0589715 0.0652908 0.0715560 0.0824871 0.0791580 0.0556995 0.0611880 0.0447230 0.0730602 0.0594233 0.0650851 0.0354167 0.0421325 0.0463383 0.0833438 0.1317792 0.0568490 0.0835253 0.0684277 0.0498267 0.0832320 0.0620499 0.0469607 0.0620277 0.0568993 0.0542451 0.0723321 0.0503186 0.0867893 0.0710228 0.0724158 0.0519551 0.0742897 0.0727639 0.0776834 0.0773138 0.0702074 0.0778909 0.0785616 0.1216939 0.0770495 0.0840662 0.0907098 0.0616293 0.0425724 0.1094702 0.0620631 0.1412173 0.0993787 0.0918624 0.0594535 0.0842695 0.0677373 0.1032588 0.1393825 0.0445407 0.0568765 0.0446389 0.0575031 0.0634170 0.0786139 0.0744458 0.0556685 0.0891932 0.0724491 0.0751917 0.0781108 0.0549741 0.0951316 0.0627114 0.0728452 0.0407509 0.0458790 0.0467568 0.0530920 0.0408424 0.0724134 0.0843379 0.0839322 0.0746077 0.0472177 0.0541155 0.0574711 0.0737166 0.0815837 0.0496809 0.0722690 0.0372510 
S0400         0.3941542 0.2674464 0.3337272 0.0848452 0.0446523 0.0281875 0.1659246 0.0535379 0.0377666 0.0706963 0.0629882 0.0082774 0.0729306 0.0541027 0.0213724 0.0519848 0.1056417 0.0758321 0.0815142 0.0734572 0.1013307 0.0866307 0.0822554 0.0884748 0.0373573 0.0000000 0.0062423 0.0760784 0.0620832 0.0683325 0.0491967 0.0496901 0.0760941 0.0635434 0.0669673 0.0717314 0.0903867 0.0823875 0.0447862 0.0414081 0.0125023 0.0702099 0.0612369 0.0724678 0.0375480 0.0041005 0.0481658 0.0834011 0.1127717 0.0615238 0.0861185 0.0843431 0.0104444 0.0825736 0.0517777 0.0082617 0.0517622 0.0492498 0.0586351 0.0767341 0.0576044 0.0926251 0.0707320 0.0801182 0.0514925 0.0716801 0.0693309 0.0723822 0.0714640 0.0694745 0.0585789 0.0887523 0.1160304 0.0764289 0.0786819 0.0881553 0.0637314 0.0447051 0.0936911 0.0466714 0.1240473 0.0943569 0.0863490 0.0746009 0.0850607 0.0444742 0.0971914 0.1221716 0.0041016 0.0371810 0.0442451 0.0570409 0.0605631 0.0756073 0.0692354 0.0578842 0.0918728 0.0774724 0.0757941 0.0787453 0.0126280 0.0863609 0.0622039 0.0674209 0.0063263 0.0084883 0.0536192 0.0503641 0.0309194 0.0643623 0.0760711 0.0892532 0.0687468 0.0301679 0.0465790 0.0545118 0.0891832 0.0760227 0.0109551 0.0847995 0.0279182 
S0405         0.3951655 0.2694502 0.3292219 0.0917187 0.0446523 0.0307288 0.1722829 0.0591900 0.0430719 0.0744189 0.0688049 0.0148313 0.0793338 0.0571150 0.0284691 0.0552169 0.1132793 0.0825283 0.0911551 0.0772524 0.1118197 0.0934976 0.0888502 0.0902284 0.0402385 0.0062423 0.0000000 0.0854995 0.0680989 0.0746481 0.0547763 0.0554648 0.0855047 0.0697393 0.0731095 0.0774054 0.0972392 0.0893974 0.0505814 0.0491514 0.0125802 0.0738935 0.0647837 0.0788190 0.0428157 0.0104943 0.0538649 0.0903203 0.1095544 0.0642957 0.0931228 0.0913053 0.0171150 0.0891950 0.0574502 0.0126114 0.0574304 0.0548362 0.0644591 0.0831348 0.0609817 0.1027404 0.0710560 0.0840330 0.0546704 0.0807065 0.0731141 0.0787184 0.0776879 0.0756873 0.0594465 0.0860881 0.1094728 0.0827953 0.0881870 0.0951756 0.0701926 0.0504823 0.0906438 0.0521620 0.1207269 0.0999608 0.0894772 0.0783684 0.0949331 0.0499248 0.1038467 0.1188447 0.0104987 0.0448480 0.0496592 0.0629025 0.0640456 0.0794297 0.0781776 0.0610680 0.0925975 0.0867958 0.0851567 0.0882607 0.0149008 0.0961349 0.0682364 0.0705611 0.0129610 0.0085333 0.0592786 0.0532515 0.0360047 0.0704270 0.0793918 0.0927931 0.0723409 0.0375451 0.0520575 0.0602762 0.0865048 0.0825624 0.0156171 0.0914699 0.0328477 
S0407sl       0.4049450 0.2786995 0.3605934 0.0986106 0.1508100 0.1105941 0.1699473 0.0998477 0.0666443 0.0444985 0.0947535 0.0819983 0.0464420 0.0817240 0.0983949 0.1247803 0.0728446 0.1161188 0.1128494 0.0568055 0.1352892 0.0491449 0.1092017 0.1201902 0.0841466 0.0760784 0.0854995 0.0000000 0.0975181 0.0521996 0.0819337 0.0911489 0.1136942 0.0378254 0.1074655 0.0952716 0.1150837 0.1210995 0.0340891 0.0801523 0.0871305 0.0440978 0.0481980 0.0592383 0.0736126 0.0816276 0.0650855 0.1217128 0.1519146 0.0929663 0.1210856 0.0680047 0.0842766 0.1127980 0.0849552 0.0868598 0.0849155 0.0822536 0.0673251 0.0901268 0.0467666 0.1072090 0.0626248 0.0564319 0.0728426 0.1077893 0.0961574 0.1087993 0.0978365 0.1042794 0.1340472 0.1112207 0.1552033 0.1023244 0.1021935 0.1329432 0.0975477 0.0811137 0.1426845 0.0849757 0.1737121 0.0825102 0.1169123 0.1046678 0.1088270 0.1100802 0.1288522 0.1681780 0.0814379 0.0870370 0.0694624 0.0392624 0.0525746 0.0672301 0.1052438 0.0525901 0.0589452 0.1106711 0.1100375 0.1134241 0.0938294 0.1081569 0.0845742 0.1009326 0.0748875 0.0867998 0.1043755 0.0742378 0.0832397 0.0593073 0.1108097 0.1192643 0.0373251 0.0817879 0.0790446 0.0177022 0.1117875 0.0728656 0.0811760 0.1066167 0.0748214 
S0412sl       0.4220442 0.2762617 0.3397262 0.0952761 0.0329907 0.1016169 0.1807520 0.0670176 0.0574582 0.0899496 0.0965976 0.0676065 0.0920473 0.0618691 0.0728740 0.0885302 0.1275086 0.0927958 0.0978392 0.0969491 0.1132365 0.1009126 0.0848895 0.0957102 0.0494864 0.0620832 0.0680989 0.0975181 0.0000000 0.0812344 0.0753659 0.0656026 0.1030141 0.0769606 0.0806831 0.0920185 0.1065373 0.0997277 0.0691645 0.0740372 0.0702506 0.0890195 0.0750758 0.0777301 0.0551208 0.0673141 0.0752819 0.1015386 0.1399869 0.0620901 0.0985365 0.1090549 0.0700658 0.0910673 0.0782698 0.0751498 0.0730634 0.0727895 0.0767803 0.0999245 0.0660193 0.1060116 0.0873712 0.0907318 0.0744013 0.0950167 0.0779158 0.0963248 0.0824859 0.0805071 0.1064662 0.1016775 0.1426862 0.0956190 0.0919221 0.0986407 0.0723822 0.0576656 0.1225895 0.0758291 0.1517546 0.1079576 0.1084446 0.0615683 0.0973656 0.0898182 0.1275194 0.1499497 0.0699489 0.0697556 0.0616611 0.0727616 0.0821058 0.0952572 0.0951400 0.0709787 0.1054188 0.0984456 0.0961149 0.0938761 0.0789743 0.1058521 0.0671983 0.0889712 0.0664184 0.0721440 0.0719836 0.0658227 0.0741729 0.0832447 0.0922337 0.0945479 0.0840569 0.0571921 0.0697661 0.0757191 0.1021861 0.1012053 0.0739700 0.0963636 0.0593266 
S0417         0.3913116 0.2297748 0.3061651 0.0836282 0.0990768 0.1094805 0.1583375 0.0809017 0.0590768 0.0401870 0.0865255 0.0793510 0.0399322 0.0686625 0.0933149 0.0983773 0.0635319 0.1114829 0.0998734 0.0496124 0.1251190 0.0402400 0.0902980 0.1048619 0.0683341 0.0683325 0.0746481 0.0521996 0.0812344 0.0000000 0.0744664 0.0859651 0.1006174 0.0288380 0.0934402 0.0986587 0.1050716 0.1137146 0.0274548 0.0672890 0.0768356 0.0399720 0.0316112 0.0399463 0.0634213 0.0713241 0.0603477 0.1112350 0.1418061 0.0842816 0.1130600 0.0647975 0.0766317 0.1018648 0.0774263 0.0818808 0.0773927 0.0718392 0.0602249 0.0854061 0.0324089 0.0971482 0.0403888 0.0423449 0.0680782 0.0896156 0.0824805 0.0840698 0.0842449 0.0903881 0.1058366 0.0941359 0.1390251 0.0806646 0.0971747 0.1191266 0.0742350 0.0591739 0.1302047 0.0774445 0.1567829 0.0520182 0.0938189 0.0858916 0.1040349 0.0849731 0.1190629 0.1513255 0.0764963 0.0742647 0.0573631 0.0214607 0.0333923 0.0474148 0.0951155 0.0357662 0.0572723 0.0976830 0.1001921 0.1035076 0.0887222 0.1012869 0.0771632 0.0860280 0.0703306 0.0786388 0.0914645 0.0616587 0.0702938 0.0422750 0.0950073 0.1030223 0.0433916 0.0744149 0.0687622 0.0294380 0.0946072 0.0401336 0.0701287 0.0899458 0.0575867 
S0419         0.3676433 0.2686264 0.3419855 0.0871423 0.0707352 0.0836631 0.1755880 0.0587777 0.0126325 0.0689513 0.0528140 0.0543943 0.0734740 0.0593783 0.0752979 0.0876253 0.1040735 0.1071000 0.1044840 0.0773321 0.1257199 0.0847703 0.0794810 0.0820105 0.0593475 0.0491967 0.0547763 0.0819337 0.0753659 0.0744664 0.0000000 0.0700820 0.1046157 0.0586787 0.0893164 0.0879575 0.1133032 0.1112694 0.0532741 0.0660140 0.0591997 0.0708682 0.0621148 0.0757196 0.0595493 0.0541672 0.0383718 0.1094329 0.1391941 0.0798101 0.1146299 0.0747450 0.0595645 0.1031296 0.0061524 0.0589730 0.0061519 0.0040897 0.0615036 0.0438955 0.0529455 0.1131897 0.0630481 0.0784656 0.0642844 0.0961718 0.0864630 0.0969256 0.0856969 0.0917826 0.0909017 0.0676298 0.1477720 0.0874753 0.0986353 0.1214964 0.0701767 0.0556191 0.1211446 0.0061534 0.1508141 0.0868958 0.1120551 0.0826104 0.1056277 0.0695944 0.1114037 0.1490157 0.0540505 0.0610203 0.0489937 0.0600943 0.0553811 0.0676869 0.0936152 0.0611672 0.0876000 0.1053138 0.1041775 0.1074845 0.0648825 0.1130148 0.0599535 0.0776980 0.0503757 0.0609301 0.0660316 0.0505202 0.0579954 0.0699408 0.0923930 0.0978418 0.0697541 0.0562243 0.0061841 0.0604019 0.0679504 0.0785721 0.0521018 0.0641611 0.0465253 
S0427         0.3764814 0.2790482 0.3549054 0.1035046 0.0454752 0.0819382 0.1672058 0.0545186 0.0580231 0.0884323 0.0742466 0.0549464 0.0878288 0.0707809 0.0660149 0.0775809 0.1144120 0.0913087 0.1001627 0.0886977 0.1184536 0.0997651 0.0839825 0.1166271 0.0310493 0.0496901 0.0554648 0.0911489 0.0656026 0.0859651 0.0700820 0.0000000 0.0908358 0.0702758 0.0787603 0.0864786 0.1008664 0.0984839 0.0641060 0.0618898 0.0573693 0.0824076 0.0679719 0.0793239 0.0550443 0.0547149 0.0590863 0.0992696 0.1375280 0.0677146 0.1047464 0.0889702 0.0603334 0.0976541 0.0729230 0.0572543 0.0728943 0.0701612 0.0692981 0.0835161 0.0588772 0.1050094 0.0858283 0.0842721 0.0569251 0.0831482 0.0864855 0.0833287 0.0911000 0.0838351 0.0924326 0.0933470 0.1367927 0.0885334 0.0995373 0.1070572 0.0696508 0.0503802 0.1201689 0.0729393 0.1498593 0.1148026 0.1067494 0.0834919 0.1037771 0.0816280 0.1162946 0.1480351 0.0547365 0.0601168 0.0622467 0.0633768 0.0695395 0.0879903 0.0833233 0.0695170 0.1049052 0.0893659 0.0904637 0.0936176 0.0657287 0.1143609 0.0711393 0.0896778 0.0483586 0.0590148 0.0494211 0.0689941 0.0461173 0.0839497 0.1078759 0.1075829 0.0820085 0.0526078 0.0621812 0.0608137 0.0938104 0.0968876 0.0633496 0.0811607 0.0470602 
