119
CRNC          0.0000000 0.2636575 0.3617871 0.4153470 0.5321500 0.4506653 0.3707526 0.4381557 0.4697866 0.4103427 0.3676563 0.4367825 0.4163014 0.4066872 0.5899171 0.4155063 0.3972101 0.4084357 0.4279412 0.4463278 0.3976274 0.3987206 0.4446862 0.4769705 0.4197641 0.4460580 0.4370637 0.4379192 0.3739816 0.4115361 0.3692859 0.4201497 0.4032544 0.3697574 0.4249848 0.4431552 0.4277808 0.4162022 0.4150785 0.4572063 0.4313488 0.3904227 0.4044727 0.4845148 0.3597729 0.3991194 0.3996747 0.4300614 0.4117673 0.3755957 0.4313772 0.4334776 0.3734380 0.4282090 0.3763036 0.3939771 0.4350385 0.3675036 0.3816571 0.3973833 0.4027113 0.3980222 0.4188367 0.4395806 0.4004501 0.4361816 0.6136423 0.4498942 0.4330293 0.3494225 0.4154579 0.4681458 0.4158649 0.4052417 0.4173837 0.4041815 0.3698501 0.3692859 0.4075143 0.4201568 0.4048340 0.4186412 0.4137399 0.4402009 0.4170284 0.3698242 0.4434705 0.4524870 0.4028339 0.4376630 0.3733369 0.3953478 0.3743620 0.3961898 0.4576296 0.4048778 0.3556545 0.3951693 0.4308995 0.4165558 0.4275898 0.4380130 0.4376767 0.4293511 0.3984587 0.4439901 0.4607659 0.3789952 0.4444676 0.4044435 0.4189561 0.4444735 0.3748954 0.3940661 0.3429491 0.3976450 0.4412023 0.3491669 0.4665907 
HYZL          0.2636575 0.0000000 0.1288257 0.3655628 0.3453972 0.3731330 0.2750886 0.3635486 0.3183714 0.3949066 0.3438172 0.3863599 0.3774854 0.3472942 0.4396218 0.3653237 0.3666966 0.3783003 0.4083827 0.3983848 0.3658958 0.3656520 0.3982406 0.3475502 0.3645429 0.3778168 0.3756450 0.2689690 0.3512214 0.3787791 0.3513810 0.3702681 0.3719345 0.3407610 0.3861973 0.3525128 0.4335035 0.3800252 0.3627231 0.3704511 0.3673562 0.3610125 0.3621200 0.3924619 0.3505885 0.3763343 0.3713936 0.3716884 0.3756612 0.3714577 0.3558833 0.3884676 0.3521212 0.3623210 0.3534554 0.3754043 0.3982165 0.3538958 0.3466836 0.3814961 0.3617997 0.3576653 0.3821305 0.4161203 0.3763865 0.3858416 0.5384205 0.4025672 0.3514923 0.3481592 0.3960759 0.4127310 0.3808544 0.3578225 0.3800706 0.3553250 0.3427355 0.3513810 0.3684340 0.3306680 0.3812669 0.3932294 0.3833741 0.3603802 0.3845708 0.3574000 0.3716017 0.3927013 0.3671830 0.3823926 0.3435558 0.3587431 0.3732490 0.3665305 0.4205768 0.3940903 0.3780182 0.3724893 0.3688493 0.3922862 0.3655150 0.3739480 0.3831818 0.3590628 0.3524123 0.3878660 0.3788467 0.3530061 0.3863449 0.3651737 0.3957705 0.3741131 0.3574658 0.3537842 0.3283317 0.3497776 0.3747322 0.3525201 0.3928007 
MYZV          0.3617871 0.1288257 0.0000000 0.3985865 0.4304090 0.4196944 0.3745245 0.3875121 0.3628928 0.4653642 0.3610836 0.4156050 0.4541248 0.4003360 0.4540643 0.4032341 0.3983657 0.4250178 0.4126228 0.4553602 0.4219784 0.4103910 0.4499411 0.3952686 0.3912655 0.4070942 0.4163422 0.3201498 0.3679810 0.4155844 0.3837787 0.3981483 0.4278348 0.3820165 0.4237478 0.3839088 0.4723865 0.4425531 0.4092826 0.4071036 0.4298187 0.4017692 0.3981554 0.4905064 0.3704035 0.4232417 0.4362053 0.3900120 0.4365684 0.3297257 0.3951041 0.4428550 0.3834721 0.4080000 0.3860355 0.4047171 0.4468074 0.3653639 0.3907090 0.4277128 0.3863101 0.4132907 0.4100315 0.4476538 0.4174825 0.4142153 0.5949092 0.4162559 0.3743167 0.4069978 0.4385683 0.3477411 0.3989437 0.4089196 0.4417060 0.4410510 0.3930576 0.3837787 0.4128662 0.3588733 0.4137283 0.4178459 0.3941474 0.3930107 0.4243145 0.4087753 0.4178460 0.4156418 0.3936936 0.4228484 0.3604390 0.3748249 0.3974692 0.4039297 0.4901149 0.4325021 0.4143372 0.4243893 0.4146863 0.4346454 0.4119426 0.4237969 0.4303844 0.4111362 0.3532306 0.4100335 0.4052441 0.3958278 0.4508223 0.4054739 0.4485335 0.4316530 0.3902602 0.3810591 0.3976254 0.4040633 0.4155990 0.4028712 0.4256909 
SRR6441723    0.4153470 0.3655628 0.3985865 0.0000000 0.0436065 0.0758848 0.1746059 0.0632439 0.0347760 0.0803294 0.0582534 0.0610980 0.0849295 0.0398371 0.1355235 0.0674544 0.0797785 0.0539301 0.0598403 0.0787214 0.0628039 0.0689393 0.0435191 0.0346882 0.0524834 0.0569480 0.0526247 0.0953556 0.0680817 0.0672893 0.0476145 0.0594935 0.0583523 0.0658080 0.0432696 0.0810059 0.0798022 0.0740645 0.0721665 0.0524788 0.0878902 0.0697411 0.0636076 0.0967044 0.0575691 0.0563080 0.1101208 0.0670327 0.0606650 0.0419076 0.0512247 0.0492576 0.0495857 0.0567500 0.0517867 0.0537870 0.0627794 0.0574706 0.0628465 0.0676895 0.0586365 0.0721781 0.0301337 0.0580610 0.0472106 0.0575612 0.1190837 0.0522819 0.0882070 0.0627126 0.1127753 0.0484811 0.0645648 0.0581205 0.0435824 0.0477301 0.0998143 0.0476145 0.1155649 0.0597803 0.0600223 0.0321345 0.0594020 0.0691921 0.0394115 0.0995908 0.0587011 0.0588976 0.0355760 0.0747313 0.0528507 0.0647027 0.0508840 0.0651572 0.1067540 0.0578980 0.0571148 0.0588390 0.0589070 0.0698255 0.0377969 0.0428662 0.0590608 0.0543310 0.0617408 0.0492920 0.0589643 0.0689641 0.0510167 0.0413594 0.0811424 0.0618599 0.0536946 0.0667228 0.0662528 0.0600301 0.0590247 0.0627121 0.0566001 
ERR4210213    0.5321500 0.3453972 0.4304090 0.0436065 0.0000000 0.0599555 0.0835175 0.0504489 0.0356910 0.0537940 0.0356195 0.0515274 0.0661788 0.0583145 0.0262921 0.0431221 0.1157155 0.0687320 0.0511981 0.0591402 0.0771460 0.0670984 0.0066224 0.0137754 0.0407468 0.0436868 0.0436868 0.0753835 0.0411948 0.0850103 0.0205544 0.0753775 0.0790107 0.0647021 0.0582956 0.0675504 0.0860658 0.0770893 0.0751340 0.0436868 0.0590147 0.0595622 0.0901620 0.0277032 0.0501885 0.0687320 0.1205048 0.0611862 0.0603293 0.0000010 0.0436868 0.0669350 0.0277071 0.0515274 0.0208380 0.0205544 0.0825031 0.0501885 0.0590147 0.0664594 0.0581431 0.0671961 0.0424516 0.0305487 0.0427269 0.0842160 0.0582124 0.0684008 0.0421684 0.0657584 0.1114680 0.0590012 0.0363469 0.0516001 0.0596334 0.0505171 0.1031226 0.0205544 0.1124318 0.0574362 0.0676453 0.0280889 0.0429739 0.0853566 0.0589747 0.1113562 0.0515787 0.0427352 0.0349642 0.0947650 0.0577021 0.0581702 0.0423340 0.0753835 0.1070371 0.0509789 0.0735686 0.0711208 0.0515298 0.0592785 0.0286245 0.0826619 0.0609028 0.0352642 0.0583420 0.0428255 0.0677445 0.0923232 0.0829416 0.0583504 0.0678696 0.0281271 0.0205544 0.0938833 0.0578213 0.0735474 0.0522109 0.0578213 0.0427798 
ERR2789774    0.4506653 0.3731330 0.4196944 0.0758848 0.0599555 0.0000000 0.2103888 0.0499305 0.0676639 0.0978435 0.1001172 0.0316816 0.1189927 0.0765977 0.0786989 0.0396780 0.1205377 0.0898630 0.0966236 0.1060293 0.1002882 0.0930290 0.0776340 0.0675417 0.0594864 0.0243790 0.0278885 0.1100368 0.0571043 0.0961809 0.0869074 0.0635557 0.0950459 0.0914067 0.0864794 0.0804210 0.1264380 0.1054758 0.0578587 0.0269613 0.1117949 0.0968839 0.0890737 0.0594441 0.0961886 0.0927587 0.1404537 0.0624541 0.0932275 0.0857129 0.0263478 0.0935489 0.0891410 0.0279161 0.0918161 0.0896040 0.0928031 0.1005520 0.0937817 0.0983353 0.0862508 0.1042755 0.0688927 0.1021099 0.0820321 0.0989738 0.1709551 0.0929902 0.0755890 0.0981606 0.1497858 0.0918349 0.1024478 0.0920894 0.0864313 0.0937051 0.1377671 0.0869074 0.1453510 0.0813627 0.0876595 0.0894357 0.1004892 0.0591020 0.0706770 0.1348996 0.0278628 0.0475455 0.0727146 0.1093881 0.0773267 0.0902443 0.0790884 0.0941806 0.1231709 0.0952088 0.0973039 0.0959078 0.0279516 0.0945047 0.0760461 0.0813821 0.0317075 0.0298619 0.0525667 0.0967091 0.0539635 0.0949991 0.0845923 0.0890007 0.1092160 0.0623592 0.0887890 0.1116993 0.1017811 0.0805127 0.0280027 0.0981614 0.0517781 
PAFTOL_019361 0.3707526 0.2750886 0.3745245 0.1746059 0.0835175 0.2103888 0.0000000 0.1991613 0.1090784 0.2080760 0.1996258 0.2032353 0.2090727 0.1586447 0.2597784 0.1899621 0.1955399 0.1912403 0.1927227 0.2143548 0.1891952 0.1810550 0.1827281 0.0999796 0.2141608 0.1972803 0.1927741 0.1221900 0.1974204 0.1900054 0.1886558 0.1996340 0.1868700 0.1742000 0.1848513 0.2150538 0.2048843 0.2009843 0.1902816 0.1916823 0.2060602 0.1748761 0.1835003 0.2303011 0.1803589 0.1897398 0.1913189 0.2028290 0.1969902 0.1655155 0.1867950 0.1968658 0.1915028 0.1906834 0.1902278 0.2043955 0.2067523 0.1912414 0.1788956 0.1911248 0.1894622 0.1766846 0.1796718 0.1779149 0.1848146 0.1846647 0.2809596 0.1962213 0.2018612 0.2041789 0.1909703 0.1756959 0.1974501 0.1928055 0.1691558 0.1765263 0.1733524 0.1886558 0.1916260 0.1593152 0.2062979 0.1837145 0.1930829 0.2193906 0.1708493 0.1783563 0.1959291 0.2082628 0.1738982 0.2119255 0.1668061 0.1793630 0.2030836 0.1805520 0.2408820 0.1893652 0.2041111 0.1833943 0.1992976 0.1947753 0.1776083 0.1817968 0.2032875 0.1802085 0.1873276 0.1945971 0.1984041 0.1865794 0.1874222 0.1793210 0.2158604 0.2033647 0.1866559 0.1847116 0.1992200 0.1949231 0.1972594 0.2066812 0.2026963 
S0055         0.4381557 0.3635486 0.3875121 0.0632439 0.0504489 0.0499305 0.1991613 0.0000000 0.0578440 0.0986270 0.0725325 0.0398614 0.0942903 0.0721472 0.0844245 0.0322122 0.1046054 0.0780960 0.0827619 0.0943806 0.0901353 0.0751862 0.0708782 0.0577289 0.0483241 0.0322614 0.0321222 0.0779414 0.0483326 0.0801927 0.0588326 0.0513265 0.0851309 0.0845812 0.0733559 0.0518174 0.1105227 0.0857078 0.0300746 0.0314042 0.0967515 0.0829794 0.0795997 0.0595915 0.0692654 0.0829161 0.1037340 0.0458455 0.0833235 0.0767955 0.0287278 0.0801390 0.0609068 0.0321548 0.0632728 0.0611987 0.0795117 0.0733784 0.0757728 0.0838569 0.0790586 0.0855645 0.0544015 0.0926979 0.0689120 0.0806883 0.1580199 0.0796800 0.0595588 0.0695419 0.1166199 0.0759581 0.0826906 0.0847629 0.0734173 0.0781870 0.1013223 0.0588326 0.1038518 0.0760123 0.0722101 0.0697309 0.0822041 0.0434514 0.0685476 0.0987888 0.0358444 0.0320942 0.0622762 0.0949145 0.0683921 0.0786122 0.0715549 0.0804300 0.1186720 0.0831294 0.0920667 0.0858842 0.0359626 0.0920751 0.0695840 0.0749182 0.0398930 0.0338066 0.0192556 0.0898399 0.0377023 0.0806901 0.0799399 0.0844258 0.0905520 0.0521897 0.0606804 0.0897919 0.0736950 0.0759505 0.0360310 0.0695416 0.0356913 
S0196sl       0.4697866 0.3183714 0.3628928 0.0347760 0.0356910 0.0676639 0.1090784 0.0578440 0.0000000 0.0652050 0.0272954 0.0590776 0.0821512 0.0564801 0.0387500 0.0504800 0.1212295 0.0660085 0.0419831 0.0750549 0.0740586 0.0832781 0.0271330 0.0272764 0.0242250 0.0514850 0.0511387 0.0918365 0.0532763 0.1020039 0.0131470 0.0563243 0.0757778 0.0721071 0.0488102 0.0661648 0.0656127 0.0927215 0.0828889 0.0511387 0.0831974 0.0756286 0.0883407 0.0371073 0.0411977 0.0660085 0.1377344 0.0345279 0.0579685 0.0000010 0.0511387 0.0568792 0.0199276 0.0504800 0.0202112 0.0131470 0.0797943 0.0411977 0.0749278 0.0564944 0.0736124 0.0833994 0.0338962 0.0417263 0.0487000 0.0730995 0.0487431 0.0580708 0.0544676 0.0559356 0.1395931 0.0530460 0.0258105 0.0423046 0.0498858 0.0414497 0.1215942 0.0131470 0.1313009 0.0563007 0.0574676 0.0270676 0.0342901 0.0933679 0.0493475 0.1299987 0.0591358 0.0500276 0.0268143 0.1122567 0.0730465 0.0736450 0.0250346 0.0918365 0.1142089 0.0418157 0.0480637 0.0682096 0.0590797 0.0495921 0.0424856 0.0799429 0.0687205 0.0424673 0.0658384 0.0341775 0.0755057 0.1002712 0.0802047 0.0488540 0.0842559 0.0352889 0.0131470 0.1111764 0.0634985 0.0720745 0.0598643 0.0484362 0.0500786 
S0278         0.4103427 0.3949066 0.4653642 0.0803294 0.0537940 0.0978435 0.2080760 0.0986270 0.0652050 0.0000000 0.1149269 0.0876318 0.0470110 0.0810960 0.1294141 0.1006424 0.0282769 0.0945496 0.1118671 0.0410520 0.0933737 0.0320626 0.0929255 0.0814880 0.0954041 0.0825808 0.0821398 0.0543599 0.0882513 0.0257692 0.1001451 0.0918488 0.0946246 0.0520604 0.0808916 0.1179429 0.1247644 0.0255279 0.0996905 0.0809713 0.0494404 0.0522219 0.0757809 0.0808877 0.1079536 0.0900859 0.1378146 0.0845309 0.0898051 0.0939788 0.0782164 0.0831047 0.1001451 0.0797544 0.1027906 0.1087406 0.0943639 0.1050842 0.0451434 0.0997796 0.0748055 0.0547062 0.0669601 0.0363369 0.0893229 0.0978084 0.1817859 0.0985995 0.1232276 0.1132657 0.1432814 0.0993257 0.1092734 0.0926889 0.0867527 0.0921335 0.1212096 0.1001451 0.1433396 0.0782713 0.1002272 0.0987844 0.1133325 0.0901714 0.0818501 0.1240020 0.0845608 0.0789010 0.0817372 0.0343292 0.0626948 0.0818612 0.0941919 0.0502581 0.0319638 0.1011862 0.1085899 0.0983375 0.0824023 0.0949844 0.0936139 0.0893339 0.0851614 0.0796230 0.0818078 0.0981029 0.0962880 0.0638587 0.0896209 0.0900218 0.0361705 0.0904262 0.1022893 0.0404447 0.1154101 0.0669361 0.0851111 0.1132676 0.0847237 
S0281         0.3676563 0.3438172 0.3610836 0.0582534 0.0356195 0.1001172 0.1996258 0.0725325 0.0272954 0.1149269 0.0000000 0.0812772 0.0924884 0.0686560 0.1562172 0.0812204 0.0964142 0.0664440 0.0813890 0.0951249 0.0693086 0.0843408 0.0773640 0.0272220 0.0670791 0.0768579 0.0721755 0.0805412 0.0871043 0.0893049 0.0172481 0.0665990 0.0711048 0.0858001 0.0617891 0.0813692 0.1015620 0.0967191 0.0886446 0.0680961 0.0998269 0.0806559 0.0900988 0.0909346 0.0262132 0.0689860 0.1314998 0.0719963 0.0688049 0.0843405 0.0687408 0.0768859 0.0172481 0.0765800 0.0208933 0.0263366 0.0794902 0.0261568 0.0780543 0.0813150 0.0808127 0.0836847 0.0598156 0.0801109 0.0619293 0.0749984 0.1482111 0.0718804 0.1103049 0.0419956 0.1318600 0.0653434 0.0892554 0.0733475 0.0771813 0.0819912 0.1227091 0.0172481 0.1295853 0.0827977 0.0710675 0.0658044 0.0791241 0.0833121 0.0742806 0.1250252 0.0786202 0.0833456 0.0575671 0.0949183 0.0740088 0.0874595 0.0701526 0.0833563 0.1207469 0.0707638 0.0827278 0.0717135 0.0789083 0.0799291 0.0711368 0.0780743 0.0791148 0.0717241 0.0706395 0.0743962 0.0769426 0.0802342 0.0853501 0.0748541 0.1047584 0.0868871 0.0226590 0.0930878 0.0396211 0.0930906 0.0790716 0.0419949 0.0814729 
S0282         0.4367825 0.3863599 0.4156050 0.0610980 0.0515274 0.0316816 0.2032353 0.0398614 0.0590776 0.0876318 0.0812772 0.0000000 0.0947528 0.0656479 0.0711406 0.0357954 0.1044997 0.0740051 0.0741604 0.0920289 0.0837922 0.0772442 0.0690105 0.0589596 0.0480561 0.0101131 0.0135730 0.1009427 0.0527181 0.0801268 0.0713828 0.0434566 0.0768707 0.0755897 0.0690888 0.0649426 0.1041690 0.0899548 0.0497851 0.0122609 0.0995124 0.0764290 0.0751031 0.0331039 0.0734759 0.0766842 0.1250371 0.0498605 0.0721947 0.0755259 0.0120086 0.0757820 0.0735247 0.0100817 0.0760227 0.0738899 0.0751926 0.0776227 0.0778490 0.0800384 0.0724085 0.0826680 0.0523285 0.0736505 0.0625618 0.0783777 0.1548044 0.0749910 0.0756553 0.0837880 0.1338893 0.0701064 0.0803768 0.0735666 0.0711770 0.0759003 0.1224529 0.0713828 0.1368759 0.0759485 0.0657609 0.0717882 0.0801249 0.0450152 0.0622307 0.1197137 0.0100807 0.0377527 0.0560700 0.0925450 0.0661447 0.0763109 0.0665300 0.0781756 0.1138098 0.0791137 0.0842714 0.0775469 0.0136276 0.0782752 0.0631622 0.0643018 0.0118588 0.0153877 0.0402559 0.0830201 0.0340508 0.0808573 0.0733752 0.0777729 0.0880583 0.0459239 0.0732441 0.0923428 0.0873986 0.0736812 0.0101296 0.0793096 0.0339332 
S0289         0.4163014 0.3774854 0.4541248 0.0849295 0.0661788 0.1189927 0.2090727 0.0942903 0.0821512 0.0470110 0.0924884 0.0947528 0.0000000 0.0917815 0.1583843 0.1041941 0.0528825 0.0932149 0.0964965 0.0396161 0.0944405 0.0374925 0.0912258 0.0727942 0.0755513 0.0925501 0.0876179 0.0216010 0.0907396 0.0396503 0.0841098 0.0816154 0.0983977 0.0632926 0.0875159 0.1109124 0.1197951 0.0390426 0.1049116 0.0866866 0.0430225 0.0414617 0.0783033 0.1068325 0.0863111 0.0915558 0.1375612 0.0874856 0.0942224 0.0996634 0.0837434 0.0945809 0.0863150 0.0922094 0.0864097 0.0891322 0.1023396 0.0861543 0.0373593 0.1001942 0.0714716 0.0474085 0.0727875 0.0580453 0.0795943 0.0961233 0.1754309 0.1016373 0.1350060 0.1035223 0.1432791 0.1029210 0.1028684 0.0848615 0.0978248 0.1082070 0.1163121 0.0841098 0.1432360 0.0778801 0.0932358 0.0963609 0.1024123 0.0988216 0.0950168 0.1258926 0.0897971 0.0857362 0.0837367 0.0478696 0.0603905 0.0774818 0.0936197 0.0477337 0.0560434 0.0898121 0.1051290 0.0969470 0.0946573 0.0942874 0.0890320 0.0989184 0.0949030 0.0870587 0.0858436 0.1058607 0.0954159 0.0680341 0.0998872 0.0901434 0.0354265 0.0952544 0.0910212 0.0369472 0.1055958 0.0703608 0.0948563 0.1035235 0.0916044 
S0292         0.4066872 0.3472942 0.4003360 0.0398371 0.0583145 0.0765977 0.1586447 0.0721472 0.0564801 0.0810960 0.0686560 0.0656479 0.0917815 0.0000000 0.1174878 0.0698466 0.0978161 0.0706652 0.0705185 0.0849955 0.0801719 0.0802294 0.0539349 0.0563674 0.0576149 0.0614275 0.0570122 0.1093766 0.0693279 0.0806810 0.0595872 0.0679795 0.0754004 0.0792251 0.0416562 0.0904273 0.0950296 0.0832346 0.0813228 0.0591561 0.1024841 0.0831888 0.0786290 0.0866585 0.0677714 0.0732598 0.1221423 0.0781423 0.0736092 0.0648041 0.0577253 0.0476515 0.0616236 0.0612099 0.0639488 0.0619139 0.0551534 0.0717893 0.0779022 0.0806476 0.0671364 0.0857802 0.0360737 0.0770895 0.0593192 0.0517997 0.1239184 0.0485404 0.0932876 0.0819416 0.1248977 0.0708539 0.0765209 0.0792142 0.0419821 0.0481153 0.1114703 0.0595872 0.1229595 0.0696271 0.0544779 0.0539008 0.0783061 0.0778672 0.0301496 0.1112184 0.0631876 0.0629377 0.0414575 0.0905981 0.0631058 0.0732691 0.0631093 0.0762874 0.1117740 0.0668104 0.0775109 0.0760504 0.0634122 0.0836336 0.0418915 0.0190198 0.0635784 0.0546378 0.0728073 0.0440679 0.0656511 0.0756678 0.0263624 0.0191109 0.0929294 0.0664351 0.0659005 0.0964666 0.0811633 0.0665342 0.0635404 0.0819417 0.0657032 
S0293         0.5899171 0.4396218 0.4540643 0.1355235 0.0262921 0.0786989 0.2597784 0.0844245 0.0387500 0.1294141 0.1562172 0.0711406 0.1583843 0.1174878 0.0000000 0.1104920 0.1322699 0.1589387 0.1601430 0.1434135 0.1625050 0.1131674 0.1174281 0.0537808 0.0997374 0.0592442 0.0778866 0.0531346 0.1049978 0.1199474 0.1400202 0.1064821 0.1519148 0.1252778 0.1311929 0.1130560 0.1767172 0.1145549 0.0977960 0.0737206 0.1368115 0.1247702 0.1611978 0.0243861 0.1720742 0.1321807 0.1860250 0.1059233 0.1431720 2.3120129 0.0721964 0.1460706 0.1400202 0.0592442 0.1400202 0.1411248 0.1563612 0.1875917 0.1302361 0.1786702 0.1178719 0.1146621 0.1033576 0.2227943 0.1348469 0.1509502 0.7070684 0.1610325 0.0696387 0.1863122 0.2199055 0.1532732 0.1869752 0.1246967 0.1176947 0.1112607 0.1885324 0.1400202 0.1972781 0.0898630 0.1205690 0.1456880 0.1677089 0.0970714 0.1166057 0.1885324 0.0711164 0.0712387 0.1237985 0.1458802 0.1178719 0.1186769 0.1549653 0.1159643 0.1533608 0.1449526 0.1788569 0.1523841 0.0657098 0.1730298 0.1216521 0.1384682 0.0723244 0.0657098 0.0991348 0.1261962 0.0919512 0.1513292 0.1323315 0.1411695 0.1202058 0.0781673 0.1306274 0.1569268 0.1973791 0.1235895 0.0661163 0.1863372 0.0840979 
S0294         0.4155063 0.3653237 0.4032341 0.0674544 0.0431221 0.0396780 0.1899621 0.0322122 0.0504800 0.1006424 0.0812204 0.0357954 0.1041941 0.0698466 0.1104920 0.0000000 0.0964141 0.0762810 0.0740343 0.0943361 0.0861588 0.0792898 0.0754585 0.0503702 0.0552097 0.0283293 0.0282082 0.0858483 0.0548272 0.0821705 0.0672545 0.0532877 0.0811981 0.0799021 0.0691430 0.0629243 0.1088238 0.0895668 0.0321740 0.0254177 0.1014481 0.0807814 0.0792953 0.0755830 0.0779184 0.0789909 0.1153583 0.0518201 0.0793785 0.0643633 0.0247496 0.0758399 0.0693764 0.0282364 0.0718330 0.0697175 0.0795832 0.0799027 0.0779274 0.0844504 0.0790222 0.0877948 0.0543793 0.0798040 0.0647097 0.0806517 0.1552715 0.0753036 0.0666437 0.0833903 0.1339654 0.0745783 0.0824846 0.0808487 0.0691518 0.0738416 0.1197869 0.0672545 0.1268415 0.0758117 0.0656653 0.0740185 0.0778355 0.0433430 0.0664255 0.1173405 0.0318698 0.0358760 0.0581668 0.0971995 0.0641029 0.0742407 0.0693945 0.0780935 0.1209990 0.0812340 0.0925067 0.0796824 0.0300223 0.0826866 0.0695550 0.0727847 0.0358241 0.0262322 0.0345048 0.0830222 0.0418611 0.0787643 0.0820890 0.0800285 0.0971813 0.0500558 0.0710625 0.0897923 0.0872206 0.0759168 0.0320336 0.0833905 0.0378728 
S0299         0.3972101 0.3666966 0.3983657 0.0797785 0.1157155 0.1205377 0.1955399 0.1046054 0.1212295 0.0282769 0.0964142 0.1044997 0.0528825 0.0978161 0.1322699 0.0964141 0.0000000 0.0986015 0.1128960 0.0470399 0.0940116 0.0396273 0.1093581 0.1213790 0.0836515 0.0990629 0.0962550 0.0582374 0.0831676 0.0421701 0.0870199 0.1000953 0.1020906 0.0606113 0.0920869 0.1200598 0.1276720 0.0369635 0.1111397 0.0990129 0.0482563 0.0490528 0.0783022 0.1024924 0.0945281 0.0966598 0.1336839 0.0992497 0.0994364 0.0751825 0.0892222 0.1005370 0.0896108 0.0932692 0.0898255 0.0951890 0.1147167 0.0893148 0.0441234 0.1059360 0.0799121 0.0513706 0.0765578 0.0641786 0.0974652 0.1068786 0.0947624 0.1063970 0.1109839 0.0983348 0.1366564 0.0834247 0.1002084 0.0937288 0.0990996 0.1137238 0.1241429 0.0870199 0.1441308 0.0776733 0.1141712 0.0925083 0.1089385 0.1125324 0.0984459 0.1295999 0.0984493 0.1007907 0.0822303 0.0473587 0.0674284 0.0845304 0.0771597 0.0516353 0.0486593 0.0978327 0.0865970 0.1004014 0.1047103 0.1014162 0.1048712 0.1070041 0.1018437 0.0903190 0.0887168 0.1111029 0.1053101 0.0659406 0.1125861 0.1047614 0.0487535 0.0991516 0.0921773 0.0416599 0.1031299 0.0816538 0.1017882 0.0983358 0.0922990 
S0303         0.4084357 0.3783003 0.4250178 0.0539301 0.0687320 0.0898630 0.1912403 0.0780960 0.0660085 0.0945496 0.0664440 0.0740051 0.0932149 0.0706652 0.1589387 0.0762810 0.0986015 0.0000000 0.0530216 0.0915119 0.0136155 0.0810143 0.0657379 0.0582109 0.0686532 0.0696997 0.0651646 0.1188084 0.0808974 0.0814648 0.0634261 0.0760800 0.0084081 0.0739171 0.0655100 0.0849895 0.0725496 0.0929475 0.0898825 0.0634748 0.0918245 0.0775842 0.0718164 0.0959049 0.0695832 0.0067074 0.1293611 0.0757695 0.0101528 0.0513576 0.0637930 0.0719557 0.0614089 0.0694518 0.0678340 0.0699197 0.0862454 0.0694626 0.0748559 0.0568311 0.0713510 0.0844966 0.0530927 0.0721196 0.0297309 0.0809751 0.1531688 0.0731329 0.1091456 0.0750780 0.1317432 0.0775317 0.0502777 0.0433833 0.0743417 0.0768940 0.1205426 0.0634261 0.1372563 0.0742196 0.0746013 0.0636671 0.0508723 0.0800665 0.0632075 0.1202690 0.0714525 0.0759027 0.0530655 0.0819910 0.0627403 0.0751937 0.0096443 0.0799022 0.1175843 0.0433575 0.0202250 0.0084700 0.0717100 0.0593955 0.0660503 0.0774360 0.0718968 0.0668623 0.0748358 0.0765559 0.0765106 0.0700564 0.0781148 0.0761257 0.0989304 0.0836711 0.0697942 0.0970776 0.0750957 0.0745557 0.0718560 0.0750779 0.0761240 
S0308         0.4279412 0.4083827 0.4126228 0.0598403 0.0511981 0.0966236 0.1927227 0.0827619 0.0419831 0.1118671 0.0813890 0.0741604 0.0964965 0.0705185 0.1601430 0.0740343 0.1128960 0.0530216 0.0000000 0.1038667 0.0617227 0.0904441 0.0722459 0.0418850 0.0744110 0.0698477 0.0672529 0.0950031 0.0985619 0.0889941 0.0720674 0.0740923 0.0533749 0.0854025 0.0694397 0.1062639 0.0781296 0.1006705 0.0877194 0.0634515 0.1064500 0.0802322 0.0801603 0.1153729 0.0741787 0.0553509 0.1428638 0.0910602 0.0537277 0.0620852 0.0594911 0.0783777 0.0741750 0.0695989 0.0766355 0.0745375 0.0841768 0.0761825 0.0817630 0.0549053 0.0753450 0.0941673 0.0530231 0.0783254 0.0371262 0.0789042 0.1641972 0.0757589 0.1280683 0.0887907 0.1347735 0.0743862 0.0417985 0.0639955 0.0765200 0.0834606 0.1265616 0.0720674 0.1405754 0.0738754 0.0816518 0.0636531 0.0410955 0.0755971 0.0716524 0.1262708 0.0716026 0.0710720 0.0591099 0.0982126 0.0689352 0.0791964 0.0525656 0.0841898 0.1312446 0.0519333 0.0614409 0.0518061 0.0738358 0.0574410 0.0577524 0.0732535 0.0720486 0.0689473 0.0791114 0.0739639 0.0745880 0.0838962 0.0762490 0.0761058 0.1091407 0.0787524 0.0786371 0.0951038 0.0858514 0.0830211 0.0720077 0.0887911 0.0713211 
S0320         0.4463278 0.3983848 0.4553602 0.0787214 0.0591402 0.1060293 0.2143548 0.0943806 0.0750549 0.0410520 0.0951249 0.0920289 0.0396161 0.0849955 0.1434135 0.0943361 0.0470399 0.0915119 0.1038667 0.0000000 0.0950094 0.0418857 0.0938448 0.0743477 0.0870881 0.0875096 0.0826808 0.0281120 0.0949562 0.0344084 0.0848908 0.0889666 0.0966907 0.0620485 0.0746763 0.1174198 0.1257681 0.0455720 0.1020573 0.0812573 0.0437057 0.0458973 0.0788339 0.0979516 0.0916252 0.0898417 0.1327790 0.0930104 0.0945634 0.0992793 0.0792107 0.0814689 0.0871173 0.0871908 0.0895872 0.0941605 0.0930748 0.0914568 0.0396310 0.1031409 0.0627457 0.0480344 0.0690504 0.0495395 0.0822211 0.0934334 0.1532615 0.0874940 0.1163619 0.1072269 0.1356854 0.1080579 0.0977642 0.0858334 0.0773924 0.0893195 0.1117711 0.0848908 0.1387220 0.0788418 0.0865114 0.0941375 0.0986566 0.0915640 0.0816468 0.1212718 0.0892577 0.0793313 0.0799079 0.0405497 0.0563909 0.0709213 0.0887097 0.0441300 0.0525399 0.0923728 0.1002377 0.0952257 0.0895883 0.0992615 0.0871699 0.0921304 0.0898202 0.0821587 0.0859312 0.0935633 0.0898753 0.0687574 0.0930247 0.0885441 0.0399239 0.0879467 0.0918706 0.0419325 0.1093295 0.0665310 0.0897747 0.1072283 0.0867345 
S0322         0.3976274 0.3658958 0.4219784 0.0628039 0.0771460 0.1002882 0.1891952 0.0901353 0.0740586 0.0933737 0.0693086 0.0837922 0.0944405 0.0801719 0.1625050 0.0861588 0.0940116 0.0136155 0.0617227 0.0950094 0.0000000 0.0820497 0.0770154 0.0661385 0.0696102 0.0793263 0.0745864 0.1264070 0.0846418 0.0847156 0.0661981 0.0813255 0.0119382 0.0769764 0.0725955 0.0950460 0.0789915 0.0964500 0.0910362 0.0731826 0.0951376 0.0785803 0.0812477 0.1022197 0.0682410 0.0102025 0.1323231 0.0811773 0.0154768 0.0517404 0.0708495 0.0858147 0.0641460 0.0790377 0.0706965 0.0749449 0.0917340 0.0723361 0.0758070 0.0595356 0.0787597 0.0855968 0.0618046 0.0757727 0.0374677 0.0864004 0.1611860 0.0825003 0.1111551 0.0796371 0.1311994 0.0779608 0.0553335 0.0438471 0.0795365 0.0817476 0.1185476 0.0661981 0.1403056 0.0826561 0.0842133 0.0728282 0.0594723 0.0877700 0.0722915 0.1231061 0.0810950 0.0857290 0.0617745 0.0852719 0.0697270 0.0849004 0.0137259 0.0809331 0.1214570 0.0477839 0.0246960 0.0120265 0.0813942 0.0601237 0.0753430 0.0869930 0.0793607 0.0738859 0.0792229 0.0840116 0.0864313 0.0773102 0.0922271 0.0857366 0.1023810 0.0893361 0.0726876 0.0978003 0.0774123 0.0841622 0.0815635 0.0796371 0.0859818 
S0327         0.3987206 0.3656520 0.4103910 0.0689393 0.0670984 0.0930290 0.1810550 0.0751862 0.0832781 0.0320626 0.0843408 0.0772442 0.0374925 0.0802294 0.1131674 0.0792898 0.0396273 0.0810143 0.0904441 0.0418857 0.0820497 0.0000000 0.0833823 0.0737848 0.0712290 0.0729593 0.0684331 0.0160509 0.0697680 0.0171171 0.0723982 0.0740907 0.0859162 0.0429271 0.0699661 0.1007380 0.1030343 0.0338015 0.0779336 0.0690386 0.0431742 0.0243632 0.0696851 0.0927292 0.0830359 0.0793577 0.1107126 0.0732303 0.0818619 0.0571858 0.0629017 0.0766190 0.0745160 0.0685070 0.0745936 0.0791969 0.0834756 0.0828878 0.0206257 0.0940847 0.0587340 0.0262552 0.0534218 0.0430930 0.0740945 0.0750922 0.1515426 0.0801598 0.1003406 0.0910636 0.1231710 0.0737562 0.0960082 0.0729443 0.0795564 0.0892476 0.0956974 0.0723982 0.1211067 0.0572701 0.0791865 0.0776678 0.0962453 0.0811465 0.0723555 0.1001007 0.0746883 0.0660546 0.0678048 0.0281841 0.0466097 0.0625537 0.0746930 0.0244677 0.0481081 0.0770484 0.0875071 0.0844309 0.0749544 0.0882941 0.0728225 0.0851359 0.0751467 0.0680159 0.0652933 0.0910286 0.0779511 0.0530509 0.0903401 0.0879554 0.0283171 0.0733579 0.0742350 0.0325919 0.0951132 0.0619958 0.0751055 0.0910641 0.0746051 
S0335         0.4446862 0.3982406 0.4499411 0.0435191 0.0066224 0.0776340 0.1827281 0.0708782 0.0271330 0.0929255 0.0773640 0.0690105 0.0912258 0.0539349 0.1174281 0.0754585 0.1093581 0.0657379 0.0722459 0.0938448 0.0770154 0.0833823 0.0000000 0.0132596 0.0695868 0.0648011 0.0562738 0.0925059 0.0853625 0.0838487 0.0636627 0.0718058 0.0723502 0.0820203 0.0588360 0.0887852 0.0958357 0.0865715 0.0755664 0.0626368 0.0988194 0.0863521 0.0799317 0.0741118 0.0740075 0.0702482 0.1207472 0.0841897 0.0705775 0.0673798 0.0611352 0.0676845 0.0657209 0.0645748 0.0680872 0.0660340 0.0713236 0.0780768 0.0749651 0.0756724 0.0730031 0.0840909 0.0433753 0.0760774 0.0550707 0.0681762 0.1480044 0.0691330 0.0977548 0.0840442 0.1196145 0.0527063 0.0736600 0.0718898 0.0556868 0.0621232 0.1118886 0.0636627 0.1279787 0.0586688 0.0729150 0.0514904 0.0758787 0.0792307 0.0532171 0.1116397 0.0665399 0.0667631 0.0508774 0.0937459 0.0625250 0.0768306 0.0694374 0.0813906 0.1084178 0.0702175 0.0818787 0.0729638 0.0667748 0.0812738 0.0435279 0.0588554 0.0669474 0.0620723 0.0718797 0.0621621 0.0693597 0.0769265 0.0593587 0.0594375 0.0968428 0.0672888 0.0700550 0.0944708 0.0875807 0.0658505 0.0669086 0.0840444 0.0669964 
S0345         0.4769705 0.3475502 0.3952686 0.0346882 0.0137754 0.0675417 0.0999796 0.0577289 0.0272764 0.0814880 0.0272220 0.0589596 0.0727942 0.0563674 0.0537808 0.0503702 0.1213790 0.0582109 0.0418850 0.0743477 0.0661385 0.0737848 0.0132596 0.0000000 0.0377241 0.0513721 0.0510266 0.0820491 0.0694726 0.0917346 0.0131079 0.0647230 0.0676688 0.0719896 0.0487050 0.0751748 0.0745260 0.0831009 0.0827707 0.0510266 0.0737148 0.0663217 0.0978356 0.0369853 0.0411020 0.0582109 0.1287859 0.0513693 0.0503131 0.0000010 0.0510266 0.0567657 0.0198716 0.0589596 0.0200117 0.0131079 0.0716941 0.0411020 0.0657197 0.0563816 0.0734933 0.0738905 0.0338117 0.0201756 0.0340181 0.0729815 0.0486381 0.0579550 0.0710481 0.0558253 0.1289136 0.0691048 0.0257214 0.0422053 0.0497771 0.0413531 0.1112706 0.0131079 0.1207130 0.0647029 0.0573535 0.0201334 0.0342047 0.0932543 0.0492404 0.1195440 0.0590176 0.0499185 0.0267428 0.1015238 0.0729287 0.0735258 0.0390735 0.0820491 0.1139320 0.0417178 0.0457821 0.0601422 0.0589616 0.0494842 0.0276851 0.0798268 0.0685966 0.0423664 0.0657197 0.0340928 0.0753839 0.1001663 0.0800884 0.0487487 0.0746264 0.0351987 0.0131079 0.1005816 0.0483323 0.0810295 0.0597444 0.0483323 0.0499694 
S0376         0.4197641 0.3645429 0.3912655 0.0524834 0.0407468 0.0594864 0.2141608 0.0483241 0.0242250 0.0954041 0.0670791 0.0480561 0.0755513 0.0576149 0.0997374 0.0552097 0.0836515 0.0686532 0.0744110 0.0870881 0.0696102 0.0712290 0.0695868 0.0377241 0.0000000 0.0435972 0.0367508 0.0852217 0.0529876 0.0738177 0.0544379 0.0275320 0.0687095 0.0839542 0.0547878 0.0671848 0.0901883 0.0790684 0.0578441 0.0385495 0.0996579 0.0714740 0.0864819 0.0689278 0.0636487 0.0691391 0.1144038 0.0544350 0.0719337 0.0687132 0.0327818 0.0712288 0.0544379 0.0412309 0.0567290 0.0616508 0.0755903 0.0705405 0.0661483 0.0714543 0.0806724 0.0719070 0.0480903 0.0826210 0.0546221 0.0698170 0.1602048 0.0656355 0.0839156 0.0672242 0.1236793 0.0688466 0.0787541 0.0717089 0.0670847 0.0675482 0.1133939 0.0544379 0.1295689 0.0738499 0.0596215 0.0621216 0.0760695 0.0456453 0.0595826 0.1106610 0.0434252 0.0455354 0.0545537 0.0846168 0.0705065 0.0827234 0.0678134 0.0697066 0.1101465 0.0743612 0.0854293 0.0694740 0.0413819 0.0718214 0.0550210 0.0562166 0.0436111 0.0389799 0.0438056 0.0723989 0.0484475 0.0795600 0.0711746 0.0565282 0.0896311 0.0579891 0.0614860 0.0805866 0.0671246 0.0798322 0.0436865 0.0672239 0.0483869 
S0400         0.4460580 0.3778168 0.4070942 0.0569480 0.0436868 0.0243790 0.1972803 0.0322614 0.0514850 0.0825808 0.0768579 0.0101131 0.0925501 0.0614275 0.0592442 0.0283293 0.0990629 0.0696997 0.0698477 0.0875096 0.0793263 0.0729593 0.0648011 0.0513721 0.0435972 0.0000000 0.0101254 0.0872626 0.0481831 0.0757742 0.0671336 0.0434671 0.0725016 0.0712960 0.0648755 0.0566625 0.0994002 0.0854475 0.0419498 0.0087086 0.0926324 0.0743239 0.0730374 0.0263078 0.0734933 0.0723236 0.1200828 0.0478438 0.0678925 0.0642619 0.0085309 0.0714796 0.0692520 0.0066848 0.0717043 0.0672559 0.0709266 0.0776408 0.0735264 0.0778514 0.0659792 0.0782703 0.0483123 0.0765246 0.0584351 0.0738936 0.1491432 0.0730497 0.0637024 0.0793289 0.1263141 0.0706140 0.0755677 0.0692933 0.0669435 0.0715895 0.1175310 0.0671336 0.1317329 0.0708588 0.0657772 0.0675141 0.0736426 0.0411856 0.0581252 0.1148299 0.0066846 0.0339866 0.0520341 0.0879954 0.0597994 0.0698495 0.0665295 0.0737020 0.1089268 0.0747151 0.0788668 0.0731348 0.0101647 0.0760886 0.0589890 0.0643170 0.0084252 0.0119035 0.0364108 0.0785984 0.0302973 0.0764631 0.0691128 0.0734559 0.0904351 0.0420128 0.0689898 0.0871351 0.0829409 0.0651885 0.0067169 0.0793289 0.0301938 
S0405         0.4370637 0.3756450 0.4163422 0.0526247 0.0436868 0.0278885 0.1927741 0.0321222 0.0511387 0.0821398 0.0721755 0.0135730 0.0876179 0.0570122 0.0778866 0.0282082 0.0962550 0.0651646 0.0672529 0.0826808 0.0745864 0.0684331 0.0562738 0.0510266 0.0367508 0.0101254 0.0000000 0.0867692 0.0435042 0.0711655 0.0626671 0.0394644 0.0698577 0.0709665 0.0604543 0.0564054 0.0963588 0.0806386 0.0417667 0.0069410 0.0919626 0.0716680 0.0685078 0.0407355 0.0647109 0.0677205 0.1146597 0.0438093 0.0680438 0.0697725 0.0067628 0.0669406 0.0647527 0.0100938 0.0671475 0.0650652 0.0664280 0.0687662 0.0689584 0.0774884 0.0635541 0.0784537 0.0441583 0.0735629 0.0541282 0.0694259 0.1432936 0.0683985 0.0663095 0.0745942 0.1231734 0.0658324 0.0773621 0.0694473 0.0624934 0.0670410 0.1121516 0.0626671 0.1260602 0.0579539 0.0612904 0.0630200 0.0752613 0.0372486 0.0538409 0.1095037 0.0100928 0.0338403 0.0478456 0.0831316 0.0574332 0.0673958 0.0613779 0.0692449 0.1009691 0.0700629 0.0758315 0.0704610 0.0101238 0.0757329 0.0546339 0.0599383 0.0118733 0.0101647 0.0362517 0.0739069 0.0303507 0.0718084 0.0646248 0.0688938 0.0855291 0.0400359 0.0645109 0.0844525 0.0781936 0.0648888 0.0101419 0.0745941 0.0283947 
S0407sl       0.4379192 0.2689690 0.3201498 0.0953556 0.0753835 0.1100368 0.1221900 0.0779414 0.0918365 0.0543599 0.0805412 0.1009427 0.0216010 0.1093766 0.0531346 0.0858483 0.0582374 0.1188084 0.0950031 0.0281120 0.1264070 0.0160509 0.0925059 0.0820491 0.0852217 0.0872626 0.0867692 0.0000000 0.0846046 0.0160842 0.0863472 0.1054127 0.1289715 0.0581947 0.1166146 0.0990378 0.1348136 0.0640948 0.1063568 0.0867692 0.0272020 0.0161667 0.0859564 0.0540838 0.0935109 0.1098207 0.1422345 0.0948038 0.1201734 1.4451666 0.0867692 0.1176246 0.0933259 0.0937967 0.0865737 0.0863472 0.1239367 0.1004985 0.0216028 0.1243133 0.0596652 0.0160683 0.0799833 0.0901157 0.1079625 0.1183361 0.1090454 0.1268265 0.0642588 0.1147611 0.1438225 0.1353289 0.1047619 0.1028766 0.1205111 0.1197608 0.1132260 0.0863472 0.1451205 0.0595038 0.1185068 0.1019319 0.0942079 0.1010635 0.1270849 0.1357798 0.0938696 0.0915114 0.0794190 0.0278982 0.0658522 0.0662939 0.1056537 0.0217947 0.0658906 0.0946225 0.1221915 0.1143277 0.0937947 0.1269661 0.1032207 0.1318159 0.1028408 0.0784847 0.1063021 0.1028800 0.1030759 0.0798704 0.1167943 0.1015960 0.0331860 0.0937112 0.0863472 0.0218189 0.1220412 0.0860587 0.0954072 0.1147666 0.0779415 
S0412sl       0.3739816 0.3512214 0.3679810 0.0680817 0.0411948 0.0571043 0.1974204 0.0483326 0.0532763 0.0882513 0.0871043 0.0527181 0.0907396 0.0693279 0.1049978 0.0548272 0.0831676 0.0808974 0.0985619 0.0949562 0.0846418 0.0697680 0.0853625 0.0694726 0.0529876 0.0481831 0.0435042 0.0846046 0.0000000 0.0750944 0.0756262 0.0519423 0.0809643 0.0807479 0.0656816 0.0600841 0.1153601 0.0803293 0.0602142 0.0431310 0.0971482 0.0781443 0.0800645 0.0652182 0.0830680 0.0764247 0.1141095 0.0239956 0.0896857 0.0812988 0.0395928 0.0780743 0.0756262 0.0457614 0.0781351 0.0887279 0.0897497 0.0905080 0.0725504 0.1040093 0.0794290 0.0810306 0.0629978 0.0889107 0.0798992 0.0916076 0.1796724 0.0825583 0.0804951 0.0869012 0.1290602 0.0789032 0.1058399 0.0910523 0.0782709 0.0838807 0.1132584 0.0756262 0.1257149 0.0808528 0.0759081 0.0859196 0.0986042 0.0549373 0.0704039 0.1104686 0.0478864 0.0435789 0.0626261 0.0890392 0.0670476 0.0816044 0.0853966 0.0731960 0.1029962 0.0920999 0.0963647 0.0844721 0.0434469 0.1020710 0.0757765 0.0796522 0.0527630 0.0412711 0.0447286 0.0945651 0.0529625 0.0790201 0.0880758 0.0777111 0.0859711 0.0586810 0.0777674 0.0913210 0.0892043 0.0785256 0.0481770 0.0869016 0.0528955 
S0417         0.4115361 0.3787791 0.4155844 0.0672893 0.0850103 0.0961809 0.1900054 0.0801927 0.1020039 0.0257692 0.0893049 0.0801268 0.0396503 0.0806810 0.1199474 0.0821705 0.0421701 0.0814648 0.0889941 0.0344084 0.0847156 0.0171171 0.0838487 0.0917346 0.0738177 0.0757742 0.0711655 0.0160842 0.0750944 0.0000000 0.0792120 0.0787836 0.0864006 0.0412245 0.0724267 0.1037565 0.1095993 0.0376436 0.0874607 0.0718799 0.0416151 0.0263105 0.0659131 0.0887690 0.0816203 0.0776579 0.1215643 0.0780419 0.0823225 0.0630246 0.0675579 0.0745231 0.0813774 0.0733543 0.0814640 0.0862009 0.0813360 0.0814743 0.0225199 0.0946782 0.0568261 0.0282300 0.0537030 0.0407915 0.0744986 0.0776385 0.1559117 0.0827851 0.1005427 0.0941543 0.1268828 0.0831379 0.0888593 0.0776724 0.0774270 0.0870448 0.1012641 0.0792120 0.1272790 0.0576740 0.0840703 0.0783134 0.0923464 0.0797341 0.0727516 0.1105074 0.0775163 0.0727717 0.0681714 0.0137278 0.0487211 0.0626990 0.0724291 0.0264247 0.0441630 0.0802680 0.0825797 0.0849091 0.0758165 0.0908696 0.0778929 0.0856104 0.0779972 0.0707267 0.0722940 0.0915493 0.0808673 0.0493908 0.0908522 0.0884514 0.0360012 0.0805398 0.0835233 0.0262595 0.0982546 0.0623297 0.0779547 0.0941549 0.0751189 
S0419         0.3692859 0.3513810 0.3837787 0.0476145 0.0205544 0.0869074 0.1886558 0.0588326 0.0131470 0.1001451 0.0172481 0.0713828 0.0841098 0.0595872 0.1400202 0.0672545 0.0870199 0.0634261 0.0720674 0.0848908 0.0661981 0.0723982 0.0636627 0.0131079 0.0544379 0.0671336 0.0626671 0.0863472 0.0756262 0.0792120 0.0000000 0.0593076 0.0679704 0.0738408 0.0531774 0.0737594 0.0908907 0.0797169 0.0740837 0.0561379 0.0891690 0.0732333 0.0800990 0.0857307 0.0187582 0.0658964 0.1144089 0.0625167 0.0657261 0.0671176 0.0549205 0.0634706 0.0016507 0.0627348 0.0033233 0.0083762 0.0685295 0.0222468 0.0663568 0.0716466 0.0730454 0.0756824 0.0490422 0.0692813 0.0530315 0.0700452 0.1301703 0.0584718 0.0953509 0.0356522 0.1193762 0.0483623 0.0760224 0.0639087 0.0616455 0.0661220 0.1037658 0.0000010 0.1093126 0.0690259 0.0637895 0.0489227 0.0695418 0.0730705 0.0630388 0.1059754 0.0688769 0.0649182 0.0469150 0.0867208 0.0625726 0.0750332 0.0621963 0.0733764 0.1093202 0.0614732 0.0741151 0.0662145 0.0691216 0.0702302 0.0556347 0.0667488 0.0693007 0.0622856 0.0569930 0.0720224 0.0739725 0.0704952 0.0731531 0.0653744 0.0874637 0.0722835 0.0049905 0.0837745 0.0334170 0.0785820 0.0692609 0.0356515 0.0715545 
S0427         0.4201497 0.3702681 0.3981483 0.0594935 0.0753775 0.0635557 0.1996340 0.0513265 0.0563243 0.0918488 0.0665990 0.0434566 0.0816154 0.0679795 0.1064821 0.0532877 0.1000953 0.0760800 0.0740923 0.0889666 0.0813255 0.0740907 0.0718058 0.0647230 0.0275320 0.0434671 0.0394644 0.1054127 0.0519423 0.0787836 0.0593076 0.0000000 0.0808573 0.0806156 0.0651093 0.0575149 0.0935118 0.0861188 0.0576359 0.0409763 0.1024817 0.0743128 0.0820900 0.0756427 0.0653894 0.0787128 0.1231049 0.0506824 0.0790877 0.0789884 0.0380102 0.0757523 0.0613327 0.0394821 0.0636422 0.0657408 0.0772996 0.0693683 0.0674966 0.0714153 0.0709715 0.0788768 0.0549141 0.0721884 0.0509157 0.0743652 0.1571775 0.0707593 0.0729164 0.0768766 0.1367794 0.0728050 0.0780923 0.0678503 0.0719885 0.0766446 0.1254013 0.0593076 0.1347083 0.0642653 0.0698879 0.0698674 0.0715377 0.0509534 0.0672331 0.1226759 0.0432355 0.0433409 0.0585748 0.0884224 0.0690264 0.0790507 0.0719266 0.0722714 0.1072319 0.0746600 0.0871153 0.0815524 0.0433792 0.0658295 0.0616726 0.0625911 0.0473893 0.0392377 0.0478211 0.0807476 0.0456121 0.0814274 0.0735310 0.0690403 0.0892905 0.0559108 0.0655849 0.0934675 0.0761582 0.0763889 0.0434620 0.0768766 0.0435203 
S0430         0.4032544 0.3719345 0.4278348 0.0583523 0.0790107 0.0950459 0.1868700 0.0851309 0.0757778 0.0946246 0.0711048 0.0768707 0.0983977 0.0754004 0.1519148 0.0811981 0.1020906 0.0084081 0.0533749 0.0966907 0.0119382 0.0859162 0.0723502 0.0676688 0.0687095 0.0725016 0.0698577 0.1289715 0.0809643 0.0864006 0.0679704 0.0808573 0.0000000 0.0786543 0.0700945 0.0921975 0.0722681 0.0981169 0.0904613 0.0661006 0.0924749 0.0781229 0.0765142 0.0973676 0.0700116 0.0050411 0.1302218 0.0828852 0.0102303 0.0514855 0.0642394 0.0809852 0.0659192 0.0722407 0.0724755 0.0745995 0.0911748 0.0741033 0.0796609 0.0612245 0.0761395 0.0874999 0.0574352 0.0788298 0.0336189 0.0858756 0.1599069 0.0779326 0.1091034 0.0799042 0.1326213 0.0733462 0.0484571 0.0437221 0.0748049 0.0773764 0.1213332 0.0679704 0.1381751 0.0798555 0.0793880 0.0682319 0.0512098 0.0850225 0.0677343 0.1210562 0.0742668 0.0807942 0.0574066 0.0869656 0.0673645 0.0800268 0.0076897 0.0848413 0.1233726 0.0453361 0.0140225 0.0033775 0.0765324 0.0638734 0.0706798 0.0821952 0.0747322 0.0715592 0.0797665 0.0813773 0.0794249 0.0747423 0.0872968 0.0809115 0.1042730 0.0864964 0.0744630 0.1004926 0.0799215 0.0793393 0.0746902 0.0799042 0.0787462 
