107
CRNC          0.0000000 0.3723847 0.4359560 0.4269760 0.3240481 0.4813032 0.4974149 0.5761583 0.6032672 0.7460852 0.4887003 0.6017640 0.5573700 0.5069695 0.5364259 0.6089533 0.4975418 0.5937124 0.5400459 0.5169743 0.6126564 0.4719454 0.4965851 0.5961155 0.6219942 0.5213379 0.6583034 0.4389614 0.6432860 0.5984133 0.7296235 0.5253390 0.4557559 0.5271469 0.6040534 0.4828332 0.4834394 0.7020463 0.4702445 0.5544101 0.5406264 0.4915542 0.5448018 0.4961384 0.8159673 0.4504125 0.8407908 0.7220442 0.5310930 0.6834636 0.5884843 0.5430204 0.5365644 0.5786928 0.4999804 0.5053872 0.6119624 0.4872635 0.5175612 0.5641094 0.6794910 0.5730632 0.6184141 0.6967691 0.5673732 0.5066202 0.5189819 0.5468534 0.5103012 0.4782077 0.5545256 0.5874474 0.4540644 0.4307610 0.4693035 0.5429177 0.5193951 0.6215374 0.6306092 0.5912176 0.5367929 0.5912697 0.5713942 0.6805298 0.4087885 0.4734237 0.4470759 0.5666286 0.5745578 0.5136000 0.4988218 0.4641384 0.4792435 0.5272212 0.5163511 0.5111471 0.5424756 0.4987534 0.5915811 0.5135526 0.8407908 0.5417714 0.7324250 0.4749358 0.5783543 0.4350915 0.5542572 
HYZL          0.3723847 0.0000000 0.1296907 0.4407293 0.4605476 0.4006637 0.4837252 0.4862679 0.5039000 0.5613631 0.4388426 0.5537250 0.4434827 0.4568191 0.4522700 0.5086158 0.5439273 0.4531512 0.4924287 0.5358239 0.5782399 0.4019716 0.4248608 0.5305502 0.4387810 0.4757485 0.5186120 0.4772139 0.5965761 0.5391976 0.7606507 0.4828234 0.4285897 0.4224066 0.4774559 0.4383671 0.4336126 0.5970023 0.5094033 0.4036671 0.5433905 0.5368347 0.5419401 0.4101042 0.6084711 0.4019716 0.6296489 0.5520172 0.5470024 0.6179409 0.4852458 0.5546503 0.4390771 0.4761286 0.4175566 0.6360180 0.5190969 0.4954192 0.5435651 0.5405088 0.4630758 0.6000800 0.4508106 0.5041349 0.6473776 0.5401359 0.5077475 0.4149096 0.4029985 0.4887861 0.4735039 0.6039345 0.4567401 0.4372138 0.3959665 0.4938024 0.4115345 0.5201129 0.4502005 0.4812719 0.5893199 0.4935376 0.4752313 0.6561728 0.4372652 0.5195103 0.3988166 0.5851694 0.5164083 0.4571183 0.4230239 0.4738405 0.4600964 0.4649107 0.5751527 0.4577880 0.4848457 0.4423920 0.5131405 0.4638238 0.6296489 0.5642629 0.5245500 0.4108209 0.6261021 0.3719644 0.4867030 
MYZV          0.4359560 0.1296907 0.0000000 0.5030524 0.6607896 0.5858518 0.5557714 0.5961873 0.5979978 0.6439429 0.5872876 0.6218913 0.4507576 0.6087672 0.5399919 0.5747489 0.6147469 0.5437322 0.5402465 0.6264613 0.6878582 0.5665991 0.5961078 0.7112110 0.5356547 0.4951796 0.6579988 0.5720315 0.6670704 0.6808763 0.7338138 0.5509439 0.5738008 0.5071525 0.5415253 0.5382936 0.5814156 0.8247593 0.5982893 0.4468004 0.6162190 0.5860459 0.6018405 0.5352381 0.7777823 0.5414967 0.8018888 0.7155073 0.5725917 0.8090099 0.5178235 0.5903594 0.5701433 0.5459563 0.4525118 0.6589038 0.6779662 0.5670345 0.6116803 0.5892701 0.6015102 0.4634712 0.4979314 0.4807034 0.6980632 0.6099105 0.5461532 0.4998010 0.4837934 0.5560552 0.5371246 0.6385209 0.6311045 0.5235051 0.5634081 0.6035542 0.4720769 0.5868189 0.5126127 0.4890829 0.6615917 0.5581808 0.5391435 0.6888421 0.5396888 0.5590102 0.5374994 0.6160907 0.6467704 0.4842284 0.5985224 0.5580373 0.5907495 0.4920716 0.6242782 0.5469031 0.4762972 0.5483621 0.5578300 0.5722718 0.8018888 0.4369393 0.5782656 0.6123011 0.5134643 0.4721515 0.5760781 
SRR6441723    0.4269760 0.4407293 0.5030524 0.0000000 0.0984059 0.1211723 0.2312120 0.1286774 0.0723698 0.2809950 0.1096913 0.0903681 0.0734644 0.1182533 0.0858670 0.0639556 0.1254207 0.0907954 0.0901392 0.0779800 0.1681496 0.1066438 0.1068718 0.1463924 0.0919453 0.0861753 0.1193755 0.1529725 0.0789264 0.1169188 0.2026348 0.1322976 0.1080195 0.1195039 0.1002777 0.1014863 0.1083217 0.1641380 0.1347299 0.1517990 0.0956832 0.1342078 0.1186191 0.1178661 0.1805985 0.0972283 0.1910682 0.1744916 0.0622313 0.1741430 0.1201912 0.1417720 0.0724533 0.0806256 0.0928658 0.1349257 0.0890724 0.0626370 0.0791433 0.0615716 0.1952068 0.1858994 0.1588888 0.1010160 0.1189979 0.0889329 0.0712320 0.1589150 0.1554886 0.0611815 0.0449917 0.1527280 0.0947116 0.0537441 0.0876160 0.1162760 0.0541649 0.0828069 0.0808191 0.0664586 0.1443653 0.0627938 0.0631247 0.1875914 0.0939050 0.1107286 0.0966947 0.1746958 0.1184934 0.0630700 0.0977059 0.1271227 0.1055482 0.0808752 0.1074297 0.0475185 0.0811793 0.1006064 0.0918368 0.0815237 0.1910682 0.1713728 0.1242718 0.1290290 0.2084847 0.1377137 0.0726962 
ERR4210213    0.3240481 0.4605476 0.6607896 0.0984059 0.0000000 0.1123440 0.1809659 0.1300473 0.0839323 0.1956778 0.0989817 0.1148715 0.1173760 0.1001491 0.1535632 0.0713117 0.1100105 0.1290293 0.1117191 0.0445203 0.1280739 0.1123440 0.0978644 0.1310633 0.0994723 0.1323839 0.1467926 0.0978448 0.1081426 0.1426934 0.2542904 0.1620651 0.0989817 0.1129168 0.1139398 0.0873286 0.0859678 0.0831374 0.0986387 0.1141805 0.1243236 0.0951671 0.1704920 0.1263399 0.1136446 0.1123440 0.1274084 0.1316313 0.0989679 0.1099619 0.1024209 0.1124589 0.1138199 0.0970088 0.0902280 0.0951030 0.0836570 0.0569451 0.0809395 0.0696102 0.1633316 0.1730370 0.1163473 0.1321801 0.1005704 0.1312888 0.1001736 0.1018367 0.1141805 0.0839567 0.0832592 0.0853581 0.0826615 0.0833397 0.1121897 0.1414680 0.1129963 0.1148715 0.0981746 0.0900171 0.0810336 0.0992177 0.0992177 0.1133002 0.0735424 0.0866069 0.1123440 0.1275896 0.0980248 0.1150358 0.1121897 0.1288309 0.0821177 0.1316487 0.1411861 0.0596411 0.1322888 0.1179588 0.0889715 0.0873650 0.1274084 0.1352801 0.1126012 0.0989817 0.1498209 0.1155983 0.0985230 
ERR2789774    0.4813032 0.4006637 0.5858518 0.1211723 0.1123440 0.0000000 0.3043018 0.0809850 0.1071688 0.1525000 0.0304842 0.1384686 0.1197732 0.0380757 0.1202552 0.1178487 0.1428264 0.1283808 0.1292303 0.1191727 0.1180237 0.0296653 0.0376056 0.1087358 0.1389869 0.0906652 0.0994367 0.1528812 0.1502544 0.1187815 0.2292208 0.0718273 0.0374795 0.1275659 0.1595495 0.0733973 0.0300858 0.1312037 0.1408538 0.1953172 0.0990589 0.1416611 0.1643456 0.0719429 0.1180657 0.0219897 0.1271377 0.1114735 0.1302182 0.1406638 0.1508323 0.1449913 0.1178794 0.1462900 0.1324540 0.1628564 0.1637857 0.1220402 0.1711389 0.1289999 0.1558828 0.1703343 0.1758741 0.1381030 0.1333071 0.1424332 0.1218343 0.1686326 0.1756538 0.1090039 0.1376473 0.1562714 0.0995936 0.1098149 0.0461263 0.0969428 0.1056464 0.1199183 0.1475837 0.1339042 0.1524807 0.1058568 0.1064509 0.1828481 0.1091174 0.1269935 0.0373774 0.1686596 0.1191638 0.1072588 0.0377264 0.0458507 0.0816489 0.1180772 0.1328059 0.0925621 0.1275288 0.1294735 0.1291646 0.0633877 0.1271377 0.1688493 0.1861136 0.0464638 0.2054577 0.0890027 0.1140300 
PAFTOL_019361 0.4974149 0.4837252 0.5557714 0.2312120 0.1809659 0.3043018 0.0000000 0.3190080 0.2909071 0.4377822 0.2546381 0.2739811 0.2654298 0.2330362 0.2675099 0.2776318 0.2675310 0.3028456 0.3127617 0.2264932 0.3264393 0.2611053 0.2765836 0.3196148 0.2673882 0.2028514 0.3039805 0.3019168 0.2717364 0.3340008 0.3348517 0.2865842 0.2497339 0.2779542 0.3302950 0.2832513 0.2330362 0.3255872 0.2485253 0.3057954 0.2774927 0.2849593 0.3992285 0.2774775 0.3528786 0.2468618 0.3855553 0.3486543 0.2544341 0.3564020 0.2787666 0.3200430 0.3096833 0.2415574 0.2428196 0.2867430 0.3172402 0.2667672 0.2639522 0.2482509 0.3127307 0.3491662 0.2574377 0.3249256 0.2730922 0.3148608 0.2519022 0.2920129 0.2985240 0.2628020 0.2509027 0.3206829 0.2939418 0.2410686 0.2964210 0.3352358 0.2180802 0.2577603 0.2942608 0.2646922 0.2698488 0.2705373 0.2583222 0.3496607 0.2308209 0.2512961 0.2451653 0.3188142 0.2853944 0.2302152 0.2779106 0.2824097 0.2501914 0.2649127 0.3016369 0.2374576 0.2590319 0.2895827 0.2745427 0.2687175 0.3660718 0.3370074 0.3354776 0.2533834 0.3487629 0.2912034 0.2634029 
S0055         0.5761583 0.4862679 0.5961873 0.1286774 0.1300473 0.0809850 0.3190080 0.0000000 0.1137811 0.2030135 0.0711669 0.1428666 0.1286704 0.0791132 0.0883075 0.1050287 0.1131199 0.1150524 0.0963434 0.1085114 0.0779616 0.0692456 0.0531293 0.0903345 0.1351741 0.1037161 0.0534253 0.1263665 0.1289540 0.0803625 0.1754721 0.0822225 0.0612464 0.1444729 0.1253682 0.0469863 0.0702700 0.1784049 0.1198495 0.2184973 0.0713795 0.1205673 0.1626996 0.0800745 0.1743662 0.0608055 0.1845184 0.1567066 0.1199305 0.1887724 0.1172565 0.1323385 0.1062771 0.1042400 0.1085400 0.1407916 0.1415065 0.1017621 0.1489341 0.1087763 0.1478931 0.1469747 0.2146113 0.1581464 0.1023070 0.1317618 0.1116062 0.2023816 0.2111628 0.0992738 0.1074667 0.1232318 0.0808102 0.1288205 0.0700511 0.0867699 0.1323708 0.1035533 0.1147101 0.1120011 0.1223809 0.0858846 0.1036367 0.1447229 0.0869669 0.0946639 0.0527836 0.1648703 0.1658428 0.1157848 0.0610812 0.0703198 0.0297603 0.1268354 0.1314154 0.0724683 0.1058861 0.1296143 0.1256245 0.0541298 0.1726132 0.1457392 0.1938892 0.0885688 0.1452415 0.0609538 0.1074675 
S0278         0.6032672 0.5039000 0.5979978 0.0723698 0.0839323 0.1071688 0.2909071 0.1137811 0.0000000 0.2160704 0.1155916 0.0443769 0.0542900 0.1240326 0.1239681 0.0213475 0.1150837 0.0367436 0.0596455 0.0690683 0.1533200 0.1124479 0.1118397 0.1461953 0.0371912 0.0521034 0.1066797 0.1081050 0.0698843 0.1238551 0.1506291 0.1486578 0.1138559 0.0444733 0.0603119 0.0803976 0.1141872 0.1306427 0.1129873 0.1443021 0.1062593 0.1044921 0.0950174 0.1444108 0.1089908 0.1031218 0.1179708 0.1122912 0.0629648 0.1400440 0.0776835 0.1502909 0.0369974 0.0522268 0.0541679 0.1050219 0.0620848 0.0710999 0.0614843 0.0530207 0.1855020 0.1433906 0.1397658 0.0538340 0.1308749 0.0900309 0.0720893 0.1291269 0.1265229 0.0618897 0.0537575 0.1202223 0.0957985 0.0460178 0.1235685 0.1218621 0.0364923 0.0294812 0.0438859 0.0382876 0.1335545 0.0287360 0.0140936 0.1521009 0.0834289 0.1004578 0.1118321 0.1605563 0.1200252 0.0449994 0.1130041 0.1327767 0.1060488 0.0615286 0.1274203 0.0072183 0.0617569 0.0707515 0.0532850 0.0969713 0.1179708 0.1309206 0.0980740 0.1347359 0.1412949 0.1344512 0.0537681 
S0281         0.7460852 0.5613631 0.6439429 0.2809950 0.1956778 0.1525000 0.4377822 0.2030135 0.2160704 0.0000000 0.1900096 0.2594434 0.2537957 0.2001662 0.2166416 0.2307936 0.1779674 0.2205243 0.2321186 0.1869199 0.1662324 0.1843985 0.1621720 0.1927747 0.2493787 0.0806459 0.1896910 0.1231356 0.2074005 0.2115883 0.2434504 0.1189137 0.1742467 0.2757222 0.2358887 0.1348066 0.1876700 0.0876741 0.1434901 0.3497333 0.1630789 0.1438126 0.3176659 0.1645012 0.0948070 0.1727482 0.1031949 0.0974956 0.2431064 0.0869607 0.2674464 0.1651536 0.2530101 0.2291506 0.2567370 0.1753297 0.1982284 0.2289249 0.1956072 0.1832324 0.2072176 0.1384319 0.2817251 0.2197236 0.1832631 0.2605879 0.2186010 0.2998292 0.3475377 0.2141836 0.2365782 0.1538069 0.1914923 0.2538918 0.1887793 0.1594031 0.2267425 0.2396217 0.2210295 0.1941406 0.1882672 0.2199482 0.2185836 0.1683222 0.1421047 0.1619940 0.1511037 0.1549252 0.1718039 0.2078346 0.1752147 0.1613265 0.1664923 0.2494079 0.1846241 0.1940542 0.2112028 0.2560261 0.2654717 0.1522437 0.1031949 0.1373467 0.1649011 0.2032788 0.1393856 0.1745504 0.1814705 
S0282         0.4887003 0.4388426 0.5872876 0.1096913 0.0989817 0.0304842 0.2546381 0.0711669 0.1155916 0.1900096 0.0000000 0.1265145 0.1075883 0.0145985 0.1088635 0.1058902 0.1303940 0.1268832 0.1175671 0.0980703 0.1058922 0.0144128 0.0219160 0.0894951 0.1259622 0.0935856 0.0882642 0.1342071 0.1377114 0.1075454 0.1886052 0.0556631 0.0216982 0.1362019 0.1466733 0.0637269 0.0072149 0.1648585 0.1313930 0.1807979 0.0886336 0.1293541 0.1622641 0.0624907 0.1500170 0.0071255 0.1609629 0.1449780 0.1175156 0.1763960 0.1277765 0.1322939 0.1165358 0.1341528 0.1102289 0.1496934 0.1504814 0.1104571 0.1577784 0.1173580 0.1413051 0.1562918 0.1564874 0.1261726 0.1109670 0.1300379 0.1102664 0.1664372 0.1733883 0.0981762 0.1257860 0.1430754 0.0984910 0.1085695 0.0298395 0.0867773 0.0952124 0.1085695 0.1352968 0.1216936 0.1291716 0.0953922 0.0959118 0.1565966 0.0974078 0.1148088 0.0217879 0.1647319 0.1430407 0.0966318 0.0219824 0.0296682 0.0717557 0.1069449 0.1312028 0.0907443 0.1160651 0.1269325 0.1076100 0.0538144 0.1609629 0.1536540 0.1921261 0.0298390 0.1898899 0.0705682 0.0973762 
S0289         0.6017640 0.5537250 0.6218913 0.0903681 0.1148715 0.1384686 0.2739811 0.1428666 0.0443769 0.2594434 0.1265145 0.0000000 0.0625670 0.1351552 0.1436026 0.0527657 0.1472592 0.0691019 0.0872516 0.0967008 0.1512054 0.1230415 0.1331882 0.1672091 0.0530717 0.0830896 0.1052499 0.1403424 0.0788320 0.1221931 0.1835146 0.1359642 0.1245743 0.0773989 0.0961443 0.0985638 0.1249791 0.1656747 0.1358147 0.1589303 0.1253274 0.1353353 0.1255681 0.1541906 0.1435050 0.1134190 0.1532552 0.1481845 0.0537069 0.1757932 0.1049905 0.1869408 0.0528273 0.0783169 0.0710341 0.1360658 0.0709170 0.0996912 0.0708048 0.0795194 0.1977401 0.1804036 0.1546751 0.0629231 0.1518394 0.0796971 0.0624393 0.1546965 0.1514298 0.0701912 0.0705613 0.1541227 0.1239764 0.0626537 0.1450752 0.1411757 0.0441373 0.0450785 0.0775766 0.0646095 0.1672396 0.0439244 0.0287249 0.1638577 0.1143271 0.1324296 0.1207910 0.1981163 0.1296705 0.0529284 0.1337087 0.1356401 0.1259473 0.0697899 0.1372562 0.0379213 0.0700473 0.0883572 0.0698572 0.1156393 0.1532552 0.1663221 0.1321891 0.1462564 0.1660158 0.1440642 0.0619502 
S0292         0.5573700 0.4434827 0.4507576 0.0734644 0.1173760 0.1197732 0.2654298 0.1286704 0.0542900 0.2537957 0.1075883 0.0625670 0.0000000 0.1070778 0.1373045 0.0628239 0.1408431 0.0722577 0.0812356 0.0794738 0.1571472 0.1054468 0.1152402 0.1498726 0.0631823 0.0862263 0.0978788 0.1337292 0.0999057 0.1168804 0.1566980 0.1307684 0.1059776 0.0894197 0.0902660 0.0811368 0.0975211 0.1577589 0.1402402 0.1602129 0.1188170 0.1289020 0.1058322 0.1270765 0.1446560 0.0961343 0.1558406 0.1507512 0.0543363 0.1693904 0.0889850 0.1745476 0.0722016 0.0622311 0.0736726 0.1388643 0.0915686 0.0637759 0.0817117 0.0810853 0.2060093 0.1584592 0.1559481 0.0632436 0.1342231 0.0812680 0.0636531 0.1559704 0.1526411 0.0538131 0.0376898 0.1425861 0.1264672 0.0301057 0.1265450 0.1440116 0.0449525 0.0551764 0.0714564 0.0482675 0.1499157 0.0537018 0.0375967 0.1708132 0.1073123 0.1256659 0.0956120 0.1854462 0.0911958 0.0218261 0.1156821 0.1256967 0.0996408 0.0372741 0.1621407 0.0388083 0.0374137 0.0373306 0.0724077 0.1071868 0.1558406 0.1439138 0.1124433 0.1265449 0.1560815 0.1173088 0.0461734 
S0293         0.5069695 0.4568191 0.6087672 0.1182533 0.1001491 0.0380757 0.2330362 0.0791132 0.1240326 0.2001662 0.0145985 0.1351552 0.1070778 0.0000000 0.1173738 0.1053893 0.1393122 0.1355912 0.1261370 0.0975839 0.0953522 0.0215943 0.0291925 0.0884362 0.1254214 0.1030570 0.0878079 0.1434322 0.1465972 0.1159630 0.2044837 0.0636113 0.0215536 0.1449739 0.1556574 0.0716889 0.0000010 0.1642666 0.1410178 0.1904022 0.0967532 0.1382007 0.1717356 0.0702989 0.1494405 0.0142308 0.1703161 0.1543704 0.1169851 0.1861834 0.1145848 0.1413687 0.1250548 0.1428083 0.0977346 0.1588302 0.1597022 0.1190815 0.1669329 0.1259157 0.1271173 0.1659245 0.1661068 0.1348014 0.0983924 0.1389350 0.1188827 0.1761789 0.1830524 0.1064424 0.1343714 0.1523315 0.1067930 0.1170531 0.0372758 0.0947290 0.1032311 0.1170531 0.1440403 0.1305900 0.1175367 0.1034310 0.1039980 0.1412860 0.1063450 0.1237980 0.0290215 0.1743272 0.1522471 0.1047727 0.0292824 0.0370608 0.0797516 0.1152957 0.1402127 0.0902689 0.1245146 0.1263863 0.0955021 0.0534910 0.1703161 0.1530612 0.2029449 0.0296415 0.2000448 0.0784288 0.1055674 
S0294         0.5364259 0.4522700 0.5399919 0.0858670 0.1535632 0.1202552 0.2675099 0.0883075 0.1239681 0.2166416 0.1088635 0.1436026 0.1373045 0.1173738 0.0000000 0.1150574 0.1051142 0.1058616 0.1360875 0.0942789 0.1162121 0.1058544 0.0883919 0.1100286 0.1459753 0.1172649 0.0720117 0.1194551 0.0944732 0.0795541 0.1663839 0.1119722 0.0893656 0.1753197 0.1482517 0.0822056 0.1075102 0.1609835 0.1227335 0.2120158 0.0607787 0.1135825 0.1659691 0.0906970 0.1988586 0.0965025 0.2093979 0.1931518 0.0863194 0.1707989 0.1470882 0.1080514 0.1164614 0.1239681 0.1596420 0.1324824 0.1050100 0.0877320 0.1121892 0.0767853 0.1270221 0.1809758 0.2106498 0.1557858 0.0985380 0.0963534 0.0786212 0.1987546 0.2048325 0.0683901 0.0934209 0.1179424 0.0764017 0.1129715 0.1071975 0.0963956 0.1033501 0.1154969 0.1263948 0.1127331 0.1137098 0.0953448 0.1135127 0.1383934 0.0731590 0.0892512 0.0787758 0.1379003 0.1466339 0.1241667 0.0969740 0.1076562 0.0783072 0.1353504 0.0878440 0.0716592 0.1047226 0.1476138 0.1459252 0.0718928 0.1849882 0.1793885 0.1801507 0.1178642 0.1910485 0.1146425 0.1258267 
S0299         0.6089533 0.5086158 0.5747489 0.0639556 0.0713117 0.1178487 0.2776318 0.1050287 0.0213475 0.2307936 0.1058902 0.0527657 0.0628239 0.1053893 0.1150574 0.0000000 0.1062560 0.0530693 0.0683929 0.0776602 0.1336048 0.1038076 0.1032573 0.1264720 0.0451620 0.0525343 0.0971300 0.1188768 0.0617655 0.1149315 0.1366784 0.1390605 0.1043270 0.0696894 0.0524622 0.0902375 0.0959847 0.1412105 0.1139254 0.1452982 0.0791981 0.1148046 0.0957805 0.1351258 0.1189204 0.0946385 0.1291115 0.1132185 0.0543649 0.1520600 0.0609882 0.1406333 0.0372288 0.0608389 0.0461506 0.1154011 0.0712383 0.0628411 0.0619337 0.0451889 0.1644684 0.1125601 0.1407644 0.0627573 0.1111528 0.0813565 0.0636994 0.1407712 0.1378796 0.0538405 0.0626436 0.1315769 0.0965093 0.0633829 0.1146459 0.1130881 0.0446155 0.0375534 0.0363627 0.0304507 0.1146471 0.0214292 0.0215278 0.1532560 0.0840907 0.0915527 0.1032530 0.1732248 0.1313553 0.0535207 0.1043246 0.1237308 0.1165731 0.0705964 0.1284714 0.0146058 0.0708594 0.0887373 0.0373450 0.0877035 0.1291115 0.1003979 0.1094201 0.1245546 0.1316329 0.1253028 0.0626613 
S0303         0.4975418 0.5439273 0.6147469 0.1254207 0.1100105 0.1428264 0.2675310 0.1131199 0.1150837 0.1779674 0.1303940 0.1472592 0.1408431 0.1393122 0.1051142 0.1062560 0.0000000 0.1171733 0.1353259 0.0859323 0.1201125 0.1267203 0.1075425 0.1320905 0.1497454 0.0723038 0.1108985 0.0222462 0.0949704 0.1392478 0.0613499 0.1121355 0.1080811 0.1594772 0.1371756 0.0936264 0.1287752 0.1182737 0.0147502 0.2160053 0.0693898 0.0287155 0.1535623 0.1304378 0.1517742 0.1167737 0.1614859 0.1454714 0.0883007 0.1273443 0.1299815 0.0804354 0.1193484 0.1249963 0.1433535 0.0439071 0.0963680 0.0792974 0.0863381 0.0517231 0.1725672 0.1014470 0.2083216 0.1598649 0.0461048 0.0986333 0.0710667 0.2250042 0.2087347 0.0698894 0.1048358 0.0896467 0.0779635 0.1156836 0.1387556 0.1080276 0.1239101 0.1396052 0.1361849 0.1117003 0.0214486 0.0975688 0.1162442 0.0826711 0.0000025 0.0000021 0.0980174 0.1083300 0.1279311 0.1272334 0.1273637 0.1289961 0.0884685 0.1481185 0.1056455 0.0727781 0.1191638 0.1419102 0.1397452 0.1007677 0.1614859 0.1025966 0.1924279 0.1508321 0.1333923 0.1195637 0.1088312 
S0320         0.5937124 0.4531512 0.5437322 0.0907954 0.1290293 0.1283808 0.3028456 0.1150524 0.0367436 0.2205243 0.1268832 0.0691019 0.0722577 0.1355912 0.1058616 0.0530693 0.1171733 0.0000000 0.0866054 0.1065867 0.1551978 0.1233764 0.1236387 0.1479849 0.0617686 0.0530943 0.1078714 0.1002311 0.1079889 0.1252759 0.1704860 0.1382070 0.1249232 0.0778586 0.0967407 0.0900490 0.1253332 0.1331574 0.1151631 0.1686849 0.0877687 0.1063437 0.0929582 0.1567635 0.1110138 0.1136860 0.1201739 0.1144427 0.0814842 0.1427528 0.0971682 0.1619579 0.0523276 0.0876596 0.0804621 0.1252259 0.0996836 0.1010388 0.0985988 0.0703700 0.2155203 0.1572399 0.1646984 0.0799664 0.1105911 0.1102602 0.0814205 0.1396468 0.1368003 0.0800346 0.0708793 0.1309709 0.1034748 0.0540036 0.1249851 0.1418574 0.0605706 0.0535480 0.0780398 0.0643187 0.1360175 0.0521560 0.0365284 0.1551092 0.0950779 0.1023126 0.1226688 0.1725336 0.1199533 0.0620446 0.1142547 0.1446013 0.1178985 0.0795806 0.1144056 0.0222867 0.0798767 0.0790675 0.0791030 0.1161922 0.1201739 0.1440735 0.1444752 0.1361538 0.1548991 0.1464411 0.0798043 
S0327         0.5400459 0.4924287 0.5402465 0.0901392 0.1117191 0.1292303 0.3127617 0.0963434 0.0596455 0.2321186 0.1175671 0.0872516 0.0812356 0.1261370 0.1360875 0.0683929 0.1353259 0.0866054 0.0000000 0.0866988 0.1557218 0.1143297 0.0950779 0.1484928 0.0797753 0.0717097 0.1082420 0.1284127 0.1064702 0.1158182 0.1347815 0.1313219 0.0964574 0.1058930 0.0604110 0.0723765 0.1161234 0.1636813 0.1344075 0.1642495 0.1078040 0.1239600 0.1452076 0.1276017 0.1399903 0.1048492 0.1495072 0.1444476 0.0916565 0.1736473 0.0963135 0.1846187 0.0540487 0.0605352 0.0903783 0.1246116 0.0982772 0.0893197 0.0972243 0.0877839 0.2095815 0.1661356 0.1832456 0.0992477 0.1531653 0.1214659 0.1018116 0.1621225 0.1794142 0.0899858 0.0624087 0.1523176 0.0972027 0.0813451 0.1141750 0.1236458 0.0781881 0.0629701 0.0600674 0.0550758 0.1546443 0.0530408 0.0528036 0.1870331 0.1030267 0.1206394 0.0960031 0.1956137 0.1327165 0.0706165 0.1134107 0.1162968 0.0889884 0.0801531 0.1295399 0.0381475 0.0715945 0.0903504 0.0887619 0.0889270 0.1495072 0.1528003 0.1195833 0.1370297 0.1754778 0.1177966 0.0463005 
S0335         0.5169743 0.5358239 0.6264613 0.0779800 0.0445203 0.1191727 0.2264932 0.1085114 0.0690683 0.1869199 0.0980703 0.0967008 0.0794738 0.0975839 0.0942789 0.0776602 0.0859323 0.1065867 0.0866988 0.0000000 0.1358599 0.0961238 0.0784956 0.1187203 0.0975844 0.0732631 0.0987692 0.0806490 0.0599912 0.0975884 0.1220311 0.1109606 0.0793349 0.1254863 0.0877566 0.0641732 0.0882750 0.0983270 0.0742716 0.1861722 0.0776554 0.0680738 0.1492357 0.1170871 0.1298359 0.0870372 0.1403257 0.1350416 0.0689262 0.1078917 0.1165659 0.1173813 0.0895507 0.0606444 0.1097105 0.0683916 0.0524496 0.0446482 0.0678205 0.0439121 0.1878441 0.1346422 0.1624293 0.1072893 0.0806097 0.0789190 0.0618152 0.1722186 0.1789635 0.0522935 0.0440955 0.0896178 0.0768941 0.0603368 0.1067769 0.1149636 0.0771159 0.0893218 0.0695756 0.0555836 0.0851839 0.0700384 0.0697101 0.1086564 0.0552104 0.0712454 0.0697718 0.1268900 0.0713429 0.0696512 0.0966084 0.0977189 0.0604623 0.0872846 0.1062100 0.0458439 0.0706015 0.0883570 0.1077749 0.0799841 0.1403257 0.1324282 0.0989580 0.1165753 0.1441343 0.1075316 0.0542454 
S0376         0.6126564 0.5782399 0.6878582 0.1681496 0.1280739 0.1180237 0.3264393 0.0779616 0.1533200 0.1662324 0.1058922 0.1512054 0.1571472 0.0953522 0.1162121 0.1336048 0.1201125 0.1551978 0.1557218 0.1358599 0.0000000 0.1124490 0.0951087 0.0883887 0.1659833 0.1250079 0.0439798 0.1334736 0.1248545 0.0960441 0.1898616 0.0797583 0.0946415 0.1872003 0.1894838 0.0717988 0.0863326 0.1644605 0.1292785 0.2890501 0.0876579 0.1191586 0.1815898 0.1156106 0.1719720 0.1031240 0.1939006 0.1778327 0.1063900 0.1630553 0.1265796 0.1307589 0.1458270 0.1405075 0.1279967 0.1391179 0.1368643 0.1399902 0.1471734 0.1260519 0.1165766 0.1544652 0.2767393 0.1877299 0.0728735 0.1274821 0.1080816 0.2632662 0.2821674 0.1163217 0.1449548 0.1414210 0.0974247 0.1684460 0.1138666 0.0858358 0.1495238 0.1417797 0.1767018 0.1637754 0.0898589 0.1226147 0.1419421 0.1022566 0.0968148 0.1045087 0.0854760 0.1424299 0.2093465 0.1535619 0.1036230 0.1047458 0.0786301 0.1657820 0.1387474 0.0999669 0.1558525 0.1583418 0.1150024 0.0699563 0.1818456 0.1420553 0.2030975 0.1245535 0.1640928 0.1244432 0.1449242 
S0400         0.4719454 0.4019716 0.5665991 0.1066438 0.1123440 0.0296653 0.2611053 0.0692456 0.1124479 0.1843985 0.0144128 0.1230415 0.1054468 0.0215943 0.1058544 0.1038076 0.1267203 0.1233764 0.1143297 0.0961238 0.1124490 0.0000000 0.0069504 0.0962422 0.1234691 0.0804549 0.0865217 0.1303201 0.1338823 0.1045999 0.1991373 0.0541355 0.0212821 0.1324538 0.1425990 0.0619896 0.0142291 0.1614504 0.1274121 0.1756785 0.0862369 0.1257336 0.1576155 0.0608168 0.1469770 0.0069423 0.1563983 0.1407633 0.1151732 0.1712752 0.1343512 0.1285121 0.1133420 0.1304996 0.1169952 0.1454823 0.1462150 0.1073687 0.1533785 0.1141301 0.1479606 0.1517054 0.1519010 0.1227124 0.1177506 0.1263809 0.1071866 0.1615640 0.1683978 0.0955043 0.1223511 0.1389630 0.0958004 0.1055766 0.0290534 0.0844734 0.0926882 0.1055766 0.1315824 0.1182369 0.1357843 0.0928578 0.0933503 0.1633131 0.0945451 0.1114857 0.0212252 0.1599672 0.1389494 0.0940356 0.0214097 0.0288910 0.0698083 0.1040356 0.1274740 0.0889091 0.1129067 0.1244019 0.1142467 0.0527569 0.1563983 0.1504652 0.1737376 0.0292535 0.1842822 0.0686820 0.0947468 
S0405         0.4965851 0.4248608 0.5961078 0.1068718 0.0978644 0.0376056 0.2765836 0.0531293 0.1118397 0.1621720 0.0219160 0.1331882 0.1152402 0.0291925 0.0883919 0.1032573 0.1075425 0.1236387 0.0950779 0.0784956 0.0951087 0.0069504 0.0000000 0.0791343 0.1336645 0.0611522 0.0698438 0.1104921 0.1147095 0.0873332 0.1691498 0.0463375 0.0141652 0.1428376 0.1231513 0.0458875 0.0216366 0.1403872 0.1067851 0.1745678 0.0696469 0.1067156 0.1579674 0.0531547 0.1269255 0.0140706 0.1360497 0.1204829 0.1068882 0.1498970 0.1250016 0.1090028 0.1051586 0.1118397 0.1272823 0.1256746 0.1262383 0.0890067 0.1334720 0.0958349 0.1470532 0.1308394 0.1509434 0.1328421 0.0995788 0.1178978 0.0988802 0.1503410 0.1673269 0.0874841 0.1046795 0.1189746 0.0787965 0.1153773 0.0291156 0.0682281 0.1018347 0.1153773 0.1127340 0.0992117 0.1163260 0.0850469 0.1025795 0.1419435 0.0757184 0.0923393 0.0141260 0.1390852 0.1302440 0.1033338 0.0214558 0.0216311 0.0615910 0.1136707 0.1089593 0.0802084 0.1047800 0.1160406 0.1242430 0.0371872 0.1360497 0.1298058 0.1507762 0.0370828 0.1620665 0.0609821 0.0867947 
S0412sl       0.5961155 0.5305502 0.7112110 0.1463924 0.1310633 0.1087358 0.3196148 0.0903345 0.1461953 0.1927747 0.0894951 0.1672091 0.1498726 0.0884362 0.1100286 0.1264720 0.1320905 0.1479849 0.1484928 0.1187203 0.0883887 0.0962422 0.0791343 0.0000000 0.1587795 0.1043387 0.0716807 0.1339168 0.1394956 0.1188848 0.1946570 0.1006183 0.0787526 0.1688151 0.1722371 0.0644708 0.0793429 0.1669308 0.1286056 0.2814900 0.0804805 0.1310232 0.1741810 0.0996485 0.1745159 0.0871329 0.1967625 0.1805403 0.1199497 0.1891990 0.1295283 0.1543898 0.1385789 0.1570515 0.1219344 0.1516855 0.1525016 0.1325933 0.1598767 0.1188202 0.1634019 0.1479302 0.2521161 0.1804913 0.0926188 0.1425636 0.1219426 0.2555008 0.2745006 0.1090948 0.1377693 0.1450065 0.0901988 0.1611488 0.0974360 0.0960042 0.1425510 0.1499783 0.1597940 0.1463586 0.1205271 0.1155476 0.1348758 0.1473828 0.1085472 0.1065227 0.0698295 0.1886285 0.1900542 0.1464302 0.0875504 0.0978430 0.0911283 0.1387604 0.1422107 0.0925644 0.1486336 0.1510164 0.1189539 0.0627939 0.1967625 0.1354719 0.1831787 0.1077585 0.1815238 0.0981193 0.1263064 
S0417         0.6219942 0.4387810 0.5356547 0.0919453 0.0994723 0.1389869 0.2673882 0.1351741 0.0371912 0.2493787 0.1259622 0.0530717 0.0631823 0.1254214 0.1459753 0.0451620 0.1497454 0.0617686 0.0797753 0.0975844 0.1659833 0.1234691 0.1336645 0.1587795 0.0000000 0.0624922 0.1269998 0.1427704 0.0996206 0.1459038 0.1716574 0.1614754 0.1240376 0.0536881 0.0886118 0.1002612 0.1154743 0.1554612 0.1383938 0.1465839 0.1274364 0.1376036 0.1278356 0.1567387 0.1319772 0.1138040 0.1426748 0.1373634 0.0721184 0.1668547 0.0710166 0.1778909 0.0537738 0.0627265 0.0385578 0.1383566 0.0913210 0.1014252 0.0903394 0.0808883 0.2153954 0.1714416 0.1420387 0.0461435 0.1432889 0.1007591 0.0821755 0.1529967 0.1497908 0.0713935 0.0717760 0.1454205 0.1260433 0.0637465 0.1456168 0.1434848 0.0448828 0.0377899 0.0702071 0.0655112 0.1588162 0.0368150 0.0216695 0.1682275 0.1163829 0.1347577 0.1227628 0.1889495 0.1319050 0.0538343 0.1341891 0.1446250 0.1280764 0.0709810 0.1614624 0.0303015 0.0712461 0.0891845 0.0539338 0.1166676 0.1426748 0.1562042 0.1098982 0.1456167 0.1688441 0.1464579 0.0630187 
S0419         0.5213379 0.4757485 0.4951796 0.0861753 0.1323839 0.0906652 0.2028514 0.1037161 0.0521034 0.0806459 0.0935856 0.0830896 0.0862263 0.1030570 0.1172649 0.0525343 0.0723038 0.0530943 0.0717097 0.0732631 0.1250079 0.0804549 0.0611522 0.1043387 0.0624922 0.0000000 0.0836494 0.0719434 0.0838657 0.1281059 0.1067070 0.0919780 0.0811416 0.1153745 0.0829868 0.0628822 0.0922499 0.0167654 0.0654226 0.1147858 0.0623303 0.0715213 0.1087126 0.1018993 0.0000021 0.0804549 0.0000028 0.0000023 0.0659546 0.0252824 0.0848727 0.0816386 0.0636104 0.0721105 0.0961422 0.0914530 0.0850770 0.0639733 0.0833985 0.0435151 0.1377917 0.1065462 0.1164243 0.0734946 0.0746253 0.0987881 0.0659068 0.1082470 0.1274034 0.0646081 0.0746372 0.0719184 0.1155877 0.0863609 0.0803989 0.1113039 0.0526499 0.0741799 0.0721478 0.0549411 0.0919735 0.0434863 0.0526499 0.0941812 0.0559067 0.0547538 0.0709055 0.0920977 0.0742959 0.0535286 0.0803989 0.0923659 0.0937225 0.0845458 0.1182232 0.0265429 0.0543740 0.0971009 0.0848430 0.0822295 0.0080865 0.0940461 0.0967207 0.0922247 0.0937815 0.1041873 0.0623704 
S0427         0.6583034 0.5186120 0.6579988 0.1193755 0.1467926 0.0994367 0.3039805 0.0534253 0.1066797 0.1896910 0.0882642 0.1052499 0.0978788 0.0878079 0.0720117 0.0971300 0.1108985 0.1078714 0.1082420 0.0987692 0.0439798 0.0865217 0.0698438 0.0716807 0.1269998 0.0836494 0.0000000 0.1238249 0.0802440 0.0540018 0.1294627 0.0721208 0.0776934 0.1570225 0.1388623 0.0468551 0.0787783 0.1438679 0.1192947 0.2530367 0.0460767 0.1100192 0.1308975 0.0889253 0.1514244 0.0776934 0.1625407 0.1463539 0.0714344 0.1549697 0.1186729 0.1213400 0.0990436 0.0956402 0.1303244 0.1296792 0.0906066 0.0926996 0.1186062 0.0809575 0.1274632 0.1352170 0.2400964 0.1376601 0.0737615 0.0818706 0.0640928 0.2273135 0.2459113 0.0720563 0.0793353 0.1124076 0.0715282 0.1194873 0.0875667 0.0776077 0.1041416 0.0964999 0.1275362 0.1137192 0.1098619 0.0787953 0.0965737 0.1130976 0.0875018 0.0952423 0.0608863 0.1529055 0.1556930 0.1068546 0.0780568 0.0879202 0.0539009 0.1176539 0.1015563 0.0645219 0.1084049 0.1283595 0.1177371 0.0535873 0.1512295 0.1329793 0.1824656 0.1062667 0.1559378 0.0974393 0.0985962 
S0430         0.4389614 0.4772139 0.5720315 0.1529725 0.0978448 0.1528812 0.3019168 0.1263665 0.1081050 0.1231356 0.1342071 0.1403424 0.1337292 0.1434322 0.1194551 0.1188768 0.0222462 0.1002311 0.1284127 0.0806490 0.1334736 0.1303201 0.1104921 0.1339168 0.1427704 0.0719434 0.1238249 0.0000000 0.1094877 0.1438210 0.0769430 0.1123526 0.1110660 0.1526085 0.1301834 0.0765700 0.1324998 0.0912501 0.0153508 0.2096630 0.0905158 0.0146645 0.1696929 0.1346994 0.1102062 0.1200254 0.1192857 0.1135801 0.1121248 0.1000487 0.1443854 0.0846944 0.1331105 0.1180438 0.1472779 0.0455714 0.0919250 0.1021224 0.0909283 0.0710721 0.1671821 0.1053975 0.2088428 0.1529692 0.0656436 0.1238422 0.0932459 0.2185552 0.2021868 0.0915967 0.1095920 0.0751931 0.0819592 0.1210588 0.1428374 0.1113706 0.1170137 0.1325471 0.1292381 0.1043628 0.0380097 0.1097872 0.1092071 0.0862057 0.0076878 0.0229800 0.1006544 0.0940508 0.1005295 0.1201936 0.1309989 0.1327412 0.0921423 0.1411843 0.1212821 0.0848480 0.1119828 0.1347520 0.1547029 0.1039103 0.1192857 0.1062820 0.1790197 0.1308326 0.1165291 0.1140913 0.0987921 
S0552sl       0.6432860 0.5965761 0.6670704 0.0789264 0.1081426 0.1502544 0.2717364 0.1289540 0.0698843 0.2074005 0.1377114 0.0788320 0.0999057 0.1465972 0.0944732 0.0617655 0.0949704 0.1079889 0.1064702 0.0599912 0.1248545 0.1338823 0.1147095 0.1394956 0.0996206 0.0838657 0.0802440 0.1094877 0.0000000 0.0780884 0.1369852 0.0988686 0.1168214 0.1271932 0.1078487 0.0820803 0.1360363 0.1382411 0.0913496 0.2005157 0.0778073 0.0860479 0.1377516 0.1162760 0.1529198 0.1239241 0.1627421 0.1465727 0.0368172 0.1476335 0.1082941 0.1087721 0.0722566 0.0786453 0.1113088 0.0947318 0.0360637 0.0611201 0.0437635 0.0439856 0.1656847 0.1030298 0.1871296 0.1087113 0.0994397 0.0611466 0.0449302 0.1865218 0.1932738 0.0523853 0.0609313 0.1001661 0.0690447 0.0782702 0.1460105 0.0953995 0.0780402 0.0904647 0.0882925 0.0742461 0.1033384 0.0537467 0.0705424 0.1178291 0.0636425 0.0802226 0.1051794 0.1387752 0.1275546 0.0883856 0.1345498 0.1362807 0.0956227 0.1072126 0.0869454 0.0384471 0.0896392 0.1094784 0.0995162 0.0711700 0.1627421 0.1022449 0.1326559 0.1581680 0.1532124 0.1251353 0.0810611 
S0558         0.5984133 0.5391976 0.6808763 0.1169188 0.1426934 0.1187815 0.3340008 0.0803625 0.1238551 0.2115883 0.1075454 0.1221931 0.1168804 0.1159630 0.0795541 0.1149315 0.1392478 0.1252759 0.1158182 0.0975884 0.0960441 0.1045999 0.0873332 0.1188848 0.1459038 0.1281059 0.0540018 0.1438210 0.0780884 0.0000000 0.1866866 0.0712990 0.0882875 0.1753277 0.1464758 0.0635752 0.1062192 0.1913102 0.1377653 0.2466145 0.0806647 0.1289342 0.1659481 0.0878763 0.1989510 0.0953588 0.2095318 0.1932244 0.0885725 0.2019280 0.1470187 0.1434649 0.1163357 0.1045861 0.1596037 0.1587335 0.0880790 0.0908655 0.1151193 0.0978124 0.1468681 0.1555329 0.2338733 0.1557381 0.1225379 0.0989092 0.0806898 0.2215065 0.2396131 0.0886868 0.0966715 0.1342016 0.0888215 0.1170205 0.1059121 0.0944321 0.1208901 0.1153710 0.1248885 0.1019210 0.1486458 0.0952025 0.1133870 0.1674654 0.1051218 0.1237547 0.0778392 0.1769221 0.1321891 0.1047543 0.0958195 0.1063605 0.0810691 0.1152656 0.1083031 0.0819009 0.1062406 0.1266814 0.1458535 0.0617751 0.1850290 0.1542286 0.1777958 0.1265264 0.1652220 0.0962701 0.0884346 
S0620         0.7296235 0.7606507 0.7338138 0.2026348 0.2542904 0.2292208 0.3348517 0.1754721 0.1506291 0.2434504 0.1886052 0.1835146 0.1566980 0.2044837 0.1663839 0.1366784 0.0613499 0.1704860 0.1347815 0.1220311 0.1898616 0.1991373 0.1691498 0.1946570 0.1716574 0.1067070 0.1294627 0.0769430 0.1369852 0.1866866 0.0000000 0.1793656 0.1538482 0.2196380 0.1687593 0.1339412 0.1878310 0.1741448 0.0762863 0.2961048 0.1269473 0.0734490 0.1773448 0.1892609 0.1902717 0.1833453 0.2237325 0.2119070 0.1279900 0.2064161 0.1600828 0.1766779 0.1586578 0.1376522 0.1955824 0.1088792 0.1388499 0.1424683 0.1218661 0.1096974 0.2153908 0.1438664 0.2684589 0.2005745 0.1024987 0.1754876 0.1437287 0.2914411 0.2869949 0.1269010 0.1380711 0.1622552 0.1266636 0.1713355 0.2197295 0.1539039 0.1633049 0.1715896 0.1825447 0.1452874 0.0853948 0.1396039 0.1527881 0.1496753 0.0641060 0.0639815 0.1543559 0.2082428 0.2250475 0.1544206 0.2004887 0.1870560 0.1434563 0.1835015 0.1699999 0.1033098 0.1410870 0.1554854 0.1707040 0.1285957 0.2237325 0.1301872 0.2819633 0.2204245 0.1591617 0.1698167 0.1426785 
S0641         0.5253390 0.4828234 0.5509439 0.1322976 0.1620651 0.0718273 0.2865842 0.0822225 0.1486578 0.1189137 0.0556631 0.1359642 0.1307684 0.0636113 0.1119722 0.1390605 0.1121355 0.1382070 0.1313219 0.1109606 0.0797583 0.0541355 0.0463375 0.1006183 0.1614754 0.0919780 0.0721208 0.1123526 0.0988686 0.0712990 0.1793656 0.0000000 0.0461743 0.1714691 0.1622098 0.0561567 0.0549386 0.1309080 0.0976044 0.2348376 0.0719064 0.1022344 0.1893362 0.0464487 0.1383584 0.0458411 0.1477679 0.1319653 0.1007360 0.1194787 0.1533472 0.1045051 0.1301694 0.1380837 0.1440451 0.1311127 0.1100131 0.1136571 0.1392258 0.0997867 0.1439131 0.1037332 0.2142104 0.1719240 0.1030272 0.1118223 0.0825732 0.2086827 0.2274591 0.1008823 0.1294331 0.1148053 0.0923708 0.1309219 0.0722737 0.0703973 0.1158310 0.1414948 0.1499965 0.1246630 0.1213201 0.1074792 0.1266977 0.1249683 0.0788432 0.0963443 0.0299363 0.1356224 0.1099264 0.1176270 0.0629895 0.0465098 0.0736308 0.1288758 0.0824823 0.1039657 0.1193650 0.1317439 0.1297490 0.0383541 0.1477679 0.1029385 0.1782728 0.0728284 0.1232591 0.0626675 0.1061609 
S0643         0.4557559 0.4285897 0.5738008 0.1080195 0.0989817 0.0374795 0.2497339 0.0612464 0.1138559 0.1742467 0.0216982 0.1245743 0.1059776 0.0215536 0.0893656 0.1043270 0.1080811 0.1249232 0.0964574 0.0793349 0.0946415 0.0212821 0.0141652 0.0787526 0.1240376 0.0811416 0.0776934 0.1110660 0.1168214 0.0882875 0.1538482 0.0461743 0.0000000 0.1340873 0.1237880 0.0539874 0.0142029 0.1504546 0.1073592 0.1777939 0.0780293 0.1072451 0.1480846 0.0529679 0.1365372 0.0140293 0.1469770 0.1312915 0.0977407 0.1614504 0.1073663 0.1193432 0.0968809 0.1138559 0.1085337 0.1263384 0.1286012 0.0906663 0.1359246 0.0975884 0.1372085 0.1420132 0.1538492 0.1242402 0.0990660 0.1092536 0.0905019 0.1532312 0.1704759 0.0794353 0.1057879 0.1296210 0.0785832 0.1069298 0.0367044 0.0764343 0.0938518 0.1069298 0.1147826 0.1010844 0.1070950 0.0772176 0.0945298 0.1423425 0.0760722 0.0927912 0.0140843 0.1503142 0.1213013 0.0952301 0.0288462 0.0215646 0.0617549 0.1053544 0.1086601 0.0720263 0.0965583 0.1066973 0.1059961 0.0446881 0.1469770 0.1396980 0.1658545 0.0367044 0.1741344 0.0607628 0.0777525 
S0645sl       0.5271469 0.4224066 0.5071525 0.1195039 0.1129168 0.1275659 0.2779542 0.1444729 0.0444733 0.2757222 0.1362019 0.0773989 0.0894197 0.1449739 0.1753197 0.0696894 0.1594772 0.0778586 0.1058930 0.1254863 0.1872003 0.1324538 0.1428376 0.1688151 0.0536881 0.1153745 0.1570225 0.1526085 0.1271932 0.1753277 0.2196380 0.1714691 0.1340873 0.0000000 0.1152580 0.1092364 0.1345600 0.2010610 0.1600773 0.1926528 0.1561825 0.1470357 0.1205161 0.1663928 0.1749430 0.1226254 0.1851036 0.1808369 0.0989579 0.2117091 0.0884794 0.2008411 0.0697346 0.0881310 0.0550270 0.1284651 0.1187714 0.1294864 0.1174290 0.1073912 0.2391740 0.1944914 0.1893187 0.0886663 0.1750362 0.1286549 0.1091064 0.1770772 0.1732742 0.0971721 0.0977106 0.1670151 0.1250382 0.0803438 0.1550995 0.1527970 0.0687024 0.0617248 0.0956135 0.0920648 0.1800154 0.0601156 0.0442326 0.2036016 0.1260762 0.1445941 0.1316786 0.2123405 0.1616066 0.0785291 0.1434033 0.1540369 0.1374090 0.0966470 0.1806430 0.0462102 0.0969987 0.0984061 0.0791042 0.1267308 0.1851036 0.1798163 0.1674662 0.1563744 0.1915361 0.1349836 0.0884656 
S0673         0.6040534 0.4774559 0.5415253 0.1002777 0.1139398 0.1595495 0.3302950 0.1253682 0.0603119 0.2358887 0.1466733 0.0961443 0.0902660 0.1556574 0.1482517 0.0524622 0.1371756 0.0967407 0.0604110 0.0877566 0.1894838 0.1425990 0.1231513 0.1722371 0.0886118 0.0829868 0.1388623 0.1301834 0.1078487 0.1464758 0.1687593 0.1622098 0.1237880 0.1152580 0.0000000 0.1004142 0.1449058 0.1661211 0.1363583 0.1894362 0.1176625 0.1256007 0.1468527 0.1377048 0.1419792 0.1324811 0.1516541 0.1465740 0.1010564 0.1762608 0.1162609 0.1874322 0.0799667 0.0697649 0.1093844 0.1262706 0.0995419 0.0904460 0.0984588 0.0888720 0.2127875 0.1571140 0.1860414 0.1086954 0.1665188 0.1316960 0.1115214 0.1752267 0.1820940 0.0991838 0.0718621 0.1545396 0.1264522 0.0903848 0.1550249 0.1544730 0.0868311 0.0797907 0.0140365 0.0149779 0.1568158 0.0611428 0.0608632 0.1899312 0.1044172 0.1223011 0.1231384 0.1986305 0.1432818 0.0792051 0.1433060 0.1451826 0.1174279 0.0975849 0.1621962 0.0466594 0.0803157 0.0996133 0.1074505 0.1178289 0.1516541 0.1439328 0.0787173 0.1674741 0.1547707 0.1470368 0.0544727 
S0689         0.4828332 0.4383671 0.5382936 0.1014863 0.0873286 0.0733973 0.2832513 0.0469863 0.0803976 0.1348066 0.0637269 0.0985638 0.0811368 0.0716889 0.0822056 0.0902375 0.0936264 0.0900490 0.0723765 0.0641732 0.0717988 0.0619896 0.0458875 0.0644708 0.1002612 0.0628822 0.0468551 0.0765700 0.0820803 0.0635752 0.1339412 0.0561567 0.0539874 0.1092364 0.1004142 0.0000000 0.0629100 0.1250808 0.0891988 0.1813793 0.0467517 0.0652775 0.1208160 0.0368033 0.1327089 0.0535971 0.1422492 0.1369548 0.0821602 0.1346646 0.1005864 0.0717177 0.0912985 0.0803699 0.1031132 0.0833342 0.0738583 0.0542034 0.0907144 0.0733184 0.1435968 0.0946000 0.1675094 0.1094004 0.0752421 0.0925548 0.0741028 0.1562709 0.1739220 0.0635766 0.0635726 0.0464607 0.0390597 0.0812456 0.0627078 0.0453525 0.0785413 0.0824358 0.0902568 0.0759585 0.1025856 0.0713489 0.0710077 0.0832035 0.0596898 0.0777781 0.0375213 0.0804103 0.1130372 0.0705474 0.0538401 0.0629458 0.0308176 0.0800583 0.0835005 0.0564153 0.0715220 0.0816682 0.1105459 0.0223757 0.1422492 0.0938849 0.1220899 0.0810448 0.1036198 0.0628081 0.0635957 
