115
CRNC          0.0000000 0.2469195 0.4098249 0.3448494 0.4278207 0.3622660 0.3463035 0.4124390 0.3672045 0.3667909 0.4189518 0.3640560 0.3749078 0.3270857 0.4780335 0.3625101 0.3996304 0.4632662 0.3953029 0.3946140 0.3772786 0.3726281 0.3840391 0.3639893 0.4629499 0.3805229 0.4092764 0.3782027 0.3647373 0.3791942 0.3868230 0.3965216 0.4088036 0.3928845 0.4502898 0.4223891 0.3644595 0.3688599 0.4486139 0.3754414 0.4813457 0.3698414 0.3508434 0.3786877 0.3788334 0.4068183 0.3687848 0.4398356 0.3635249 0.3666479 0.3540586 0.3859773 0.3407311 0.3820181 0.4047283 0.3816429 0.4238820 0.4690885 0.4237860 0.3267731 0.4159892 0.3682757 0.3878295 0.3823613 0.4066166 0.3343649 0.4046276 0.4433722 0.3452768 0.4045992 0.5159739 0.3807546 0.4049540 0.4021640 0.3589848 0.4066826 0.3961207 0.3747123 0.4058282 0.3316928 0.4196507 0.4004433 0.3521825 0.3708329 0.3649017 0.4180716 0.4595429 0.4544660 0.4028764 0.4012920 0.4459418 0.5049582 0.3909357 0.3866515 0.3666479 0.4031186 0.3616303 0.3967450 0.3797399 0.3766139 0.3488790 0.3567104 0.3900668 0.5078357 0.3806487 0.4119571 0.5324929 0.3480606 0.3548656 0.4925767 0.3851322 0.4582728 0.3514524 0.4127975 0.3889277 
HYZL          0.2469195 0.0000000 0.2230907 0.2820211 0.2568169 0.3316592 0.2789936 0.3515352 0.2639658 0.3133015 0.3506739 0.2412255 0.3073268 0.3199731 0.3886697 0.2897811 0.3215178 0.3985879 0.2874462 0.3331668 0.2708630 0.3027969 0.3291732 0.3184622 0.3825720 0.2942107 0.3222611 0.2845231 0.3053073 0.3077698 0.3101568 0.3195484 0.3115130 0.3202160 0.3509131 0.3578562 0.3229136 0.3150461 0.3779334 0.2680055 0.3746563 0.3074635 0.3126120 0.2799247 0.3005899 0.2919218 0.2939396 0.3313066 0.2970662 0.3131762 0.2680556 0.3191123 0.2572103 0.2796324 0.2970949 0.2687158 0.3145321 0.3572137 0.3154184 0.2449455 0.2955570 0.2664557 0.2819443 0.3019078 0.3111353 0.3136022 0.2824632 0.3519453 0.2955642 0.2983068 0.4739307 0.3016991 0.3072059 0.2874373 0.2738309 0.2905452 0.3241932 0.2956335 0.2991207 0.3505603 0.2936376 0.2981643 0.2997232 0.3146423 0.2699275 0.3435139 0.3490641 0.3441513 0.3121835 0.2907055 0.3690426 0.4085285 0.3247531 0.3022231 0.3131762 0.3105161 0.2677447 0.2471172 0.3192683 0.3208938 0.3076488 0.2619948 0.3230256 0.3967315 0.2546515 0.2591188 0.4521526 0.3200268 0.2664509 0.4213524 0.2797590 0.3666826 0.3087447 0.2843369 0.3351706 
MYZV          0.4098249 0.2230907 0.0000000 0.4439470 0.4713311 0.4597658 0.4736136 0.5638918 0.4351845 0.4426958 0.5243693 0.3968865 0.4394189 0.4517801 0.5464745 0.4253876 0.4420166 0.5860741 0.4133143 0.5306473 0.4450797 0.4504641 0.4620740 0.4371253 0.5491973 0.4216043 0.5283362 0.4632895 0.4287435 0.4890041 0.4459794 0.4998022 0.4878027 0.4934246 0.5147048 0.5288171 0.4220523 0.4452545 0.5423447 0.4794698 0.5394071 0.4522974 0.4326977 0.4212620 0.4251828 0.4909273 0.4381241 0.4437726 0.4709921 0.4425282 0.4459158 0.4493115 0.4305426 0.4612800 0.4823242 0.4172059 0.4533045 0.5357507 0.5306336 0.4196727 0.4419138 0.4590792 0.4558661 0.4990887 0.4602641 0.4442063 0.4426739 0.5597216 0.4150776 0.4392628 0.6479368 0.4570305 0.4684846 0.4860612 0.4512298 0.4917801 0.4854679 0.4698656 0.4406536 0.4444784 0.4473980 0.4838724 0.4265015 0.4368137 0.4597044 0.5214172 0.5231581 0.5178418 0.4459976 0.4738341 0.5320961 0.5850668 0.4496584 0.4265082 0.4425282 0.4224171 0.4395115 0.4059758 0.4288802 0.4538964 0.4521099 0.4150316 0.4706937 0.4267299 0.4074140 0.4075346 0.6523561 0.4723280 0.4344430 0.6332677 0.4469588 0.5314770 0.4277391 0.4456726 0.4316291 
SRR6441723    0.3448494 0.2820211 0.4439470 0.0000000 0.2836149 0.1218671 0.0581599 0.1462812 0.0731992 0.1175011 0.1421951 0.1004706 0.1188134 0.1138057 0.1584138 0.1202677 0.1373450 0.1724845 0.1334850 0.1411821 0.0588555 0.1517679 0.1226936 0.1143530 0.1579864 0.1257330 0.1371590 0.0749684 0.1336535 0.1431237 0.1168895 0.1366000 0.0817026 0.1534489 0.1708387 0.1615976 0.1193486 0.1180196 0.1532294 0.1217754 0.1702168 0.1214752 0.1294236 0.0662853 0.1000639 0.2031916 0.1310295 0.1397995 0.0632204 0.1095011 0.0553030 0.1214312 0.0552013 0.0737950 0.1076085 0.0695283 0.1402374 0.1559493 0.1389680 0.0698724 0.1337851 0.0864236 0.0741806 0.0927599 0.0954955 0.1289887 0.0851854 0.2404367 0.0954607 0.1341371 0.2304796 0.0742100 0.0848215 0.1992683 0.0586176 0.2011522 0.1107490 0.0662930 0.1390284 0.1278733 0.1029643 0.1985594 0.1091403 0.1176394 0.0535227 0.1404774 0.1551805 0.1556989 0.1130783 0.1360521 0.1567762 0.1953741 0.1170996 0.1140332 0.1095011 0.1321133 0.0545074 0.1119055 0.1175020 0.1142845 0.1179608 0.0847185 0.1354373 0.2321245 0.1127451 0.1163628 0.2280830 0.1051221 0.0588821 0.2200615 0.0846588 0.1653376 0.1034303 0.0812798 0.1178597 
PAFTOL_019361 0.4278207 0.2568169 0.4713311 0.2836149 0.0000000 0.2803827 0.2838859 0.2999955 0.2574240 0.2637994 0.2834528 0.2590331 0.2701023 0.2550807 0.3274676 0.3156771 0.2914134 0.3204939 0.2814295 0.2841892 0.2620782 0.2679990 0.2663900 0.2541075 0.3131172 0.2869972 0.2761740 0.2810968 0.2795531 0.2623753 0.2803556 0.2629368 0.2650993 0.3120717 0.3539906 0.2902441 0.2779488 0.2747363 0.2987721 0.2239160 0.3229850 0.2820854 0.2982963 0.2543290 0.2772336 0.2459752 0.2898869 0.2987034 0.2810559 0.2636742 0.2466017 0.2583404 0.2460102 0.2691150 0.2825188 0.2402862 0.3099662 0.3082272 0.2644040 0.2448526 0.2785484 0.2827569 0.2700536 0.3401282 0.3140011 0.3077598 0.2577221 0.2815166 0.2649823 0.2760893 0.4945793 0.2826192 0.3035100 0.2418450 0.2509717 0.2549582 0.2809015 0.2856979 0.2832119 0.3042100 0.2904428 0.2409371 0.2521856 0.2687959 0.2863064 0.2774642 0.3128782 0.3141149 0.2820478 0.2337151 0.3040060 0.4045107 0.2713149 0.2672453 0.2636742 0.2880102 0.2760129 0.2710142 0.2533472 0.2711999 0.2699815 0.2691587 0.2644944 0.3451515 0.2733279 0.2722142 0.3908822 0.2872896 0.2524648 0.3942636 0.2805401 0.3280016 0.2348894 0.2637684 0.2714355 
S0055         0.3622660 0.3316592 0.4597658 0.1218671 0.2803827 0.0000000 0.0720366 0.0898963 0.0844400 0.0447087 0.0778544 0.1105486 0.0516560 0.0334959 0.1147701 0.1094227 0.1028976 0.0989116 0.1229450 0.0916188 0.1114975 0.0712187 0.0485029 0.0416418 0.0892992 0.0414671 0.0820510 0.0978702 0.0598851 0.0989560 0.1113331 0.0857735 0.1136840 0.0749636 0.1553567 0.0937892 0.0553602 0.0448876 0.0990240 0.0885878 0.1304605 0.0380760 0.0432980 0.0844172 0.0997917 0.1790284 0.0553607 0.1254452 0.0801811 0.0380310 0.0768683 0.0480419 0.0767226 0.0860003 0.1255102 0.0844446 0.1133300 0.1173075 0.1093431 0.0699391 0.1168108 0.1083924 0.1047946 0.0929764 0.0957132 0.0628527 0.0879064 0.1599007 0.0994222 0.1116878 0.1715598 0.1153782 0.1187756 0.1751866 0.0730613 0.1768094 0.1264818 0.0993896 0.1111037 0.0416598 0.1095049 0.1745761 0.0447358 0.0445806 0.0911751 0.0820195 0.1089603 0.1093077 0.1001749 0.0924916 0.0897967 0.1667064 0.1080152 0.1090988 0.0380310 0.1055837 0.1109802 0.1182469 0.0583254 0.0416206 0.0153483 0.1032963 0.0453013 0.2202299 0.1229565 0.1068970 0.1411809 0.0381185 0.0772966 0.1449296 0.0889331 0.1178973 0.0389365 0.0918065 0.0413322 
S0196sl       0.3463035 0.2789936 0.4736136 0.0581599 0.2838859 0.0720366 0.0000000 0.0938923 0.0195192 0.0626907 0.0891607 0.0492772 0.0674700 0.0671146 0.1117616 0.0874044 0.0958418 0.1154290 0.1057418 0.0848012 0.0575072 0.0986115 0.0768788 0.0677771 0.0965697 0.0629433 0.0886578 0.0116084 0.0828885 0.0898031 0.0864644 0.0791536 0.0543271 0.0987910 0.1288679 0.1102075 0.0721547 0.0630186 0.1003454 0.0868463 0.1304033 0.0583258 0.0784331 0.0319189 0.0804381 0.1657833 0.0908327 0.1181648 0.0365451 0.0626627 0.0155261 0.0762182 0.0076776 0.0314074 0.0586784 0.0358604 0.0975638 0.1134675 0.1134335 0.0485489 0.0971815 0.0436008 0.0450793 0.0377292 0.0544828 0.1083227 0.0446108 0.1452833 0.0751513 0.0871011 0.1588433 0.0552646 0.0685127 0.1602502 0.0154854 0.1602509 0.0827082 0.0445296 0.0871011 0.0770622 0.0573893 0.1657833 0.0673073 0.0823790 0.0400715 0.0938769 0.1182982 0.1187859 0.0918206 0.1025619 0.1052604 0.1495233 0.0967059 0.0926172 0.0626627 0.0983633 0.0530199 0.0621017 0.0717835 0.0674720 0.0675828 0.0319217 0.0815956 0.0974110 0.0577477 0.0668845 0.1685454 0.0809539 0.0195369 0.1576491 0.0361842 0.1244915 0.0686407 0.0489957 0.0670326 
S0278         0.4124390 0.3515352 0.5638918 0.1462812 0.2999955 0.0898963 0.0938923 0.0000000 0.1193132 0.1016105 0.0153145 0.1529348 0.1020125 0.0873861 0.0452031 0.1225384 0.1382644 0.0384852 0.1344942 0.0220319 0.1449372 0.1295530 0.1065250 0.0984489 0.0291571 0.0979653 0.0246457 0.1258034 0.1124766 0.0582603 0.1223805 0.0446983 0.1371785 0.1253877 0.1772007 0.0282202 0.0982023 0.1020534 0.0250577 0.0783429 0.1317710 0.0939494 0.0937173 0.1147400 0.1197578 0.1823759 0.1116520 0.1504092 0.0861383 0.0938453 0.1103127 0.1018863 0.1100895 0.1332462 0.1561282 0.1018275 0.1411965 0.1104410 0.0825967 0.1146423 0.1363411 0.1360599 0.1416007 0.1380210 0.1394571 0.1199967 0.1138372 0.1891991 0.1065730 0.1350359 0.1959158 0.1434402 0.1556976 0.1784668 0.1060474 0.1801492 0.1524393 0.1262702 0.1342950 0.1067821 0.1381662 0.1778346 0.1017000 0.1014880 0.1199842 0.0215502 0.1100411 0.1103951 0.1270103 0.0947064 0.0249531 0.1963844 0.1271522 0.1242753 0.0938453 0.1330082 0.1384218 0.1657456 0.1174166 0.0983914 0.0901005 0.1449615 0.1064087 0.2427017 0.1670539 0.1576051 0.0722125 0.0856392 0.1145592 0.0675172 0.1110350 0.1190763 0.0797020 0.1180924 0.1054602 
S0281         0.3672045 0.2639658 0.4351845 0.0731992 0.2574240 0.0844400 0.0195192 0.1193132 0.0000000 0.0848898 0.1154270 0.0480204 0.0888573 0.0914823 0.1388119 0.0887600 0.0912917 0.1440836 0.0993006 0.1141369 0.0582381 0.1153378 0.0970466 0.0892513 0.1343339 0.0922701 0.1107938 0.0488176 0.1023379 0.0937972 0.0840900 0.1103542 0.0594739 0.1220790 0.1162856 0.1334316 0.0937839 0.0852490 0.1254868 0.1004921 0.1483063 0.0883765 0.0886933 0.0347612 0.0837433 0.1623703 0.1039113 0.1086485 0.0435346 0.0848595 0.0248308 0.0885493 0.0184597 0.0383642 0.0808245 0.0378810 0.0855707 0.1258639 0.1220076 0.0514919 0.0917763 0.0460690 0.0485540 0.0431684 0.0583248 0.1187982 0.0451061 0.1666080 0.0863104 0.0807706 0.1504126 0.0567023 0.0599404 0.1586277 0.0279647 0.1600595 0.0821771 0.0584022 0.0848765 0.0894642 0.0543060 0.1669445 0.0924458 0.0890204 0.0528813 0.1193789 0.1340332 0.1344728 0.0808971 0.1008970 0.1289432 0.1427024 0.0920665 0.0849847 0.0848595 0.0857342 0.0613918 0.0581448 0.0923702 0.0892008 0.0808561 0.0344799 0.1051401 0.2200494 0.0585577 0.0688441 0.1890268 0.0968157 0.0280834 0.1832541 0.0395662 0.1436517 0.0827025 0.0485884 0.0851405 
S0282         0.3667909 0.3133015 0.4426958 0.1175011 0.2637994 0.0447087 0.0626907 0.1016105 0.0848898 0.0000000 0.0978812 0.1111489 0.0060253 0.0438835 0.1281391 0.1101770 0.1154840 0.1205115 0.1236222 0.1081530 0.1073188 0.0595553 0.0091149 0.0122158 0.1066708 0.0480344 0.0935382 0.0975026 0.0632031 0.1157957 0.1119419 0.0973413 0.1132444 0.0820909 0.1474698 0.1148625 0.0375764 0.0060273 0.1067368 0.1001063 0.1436106 0.0445974 0.0190190 0.0882503 0.1046470 0.1636546 0.0627990 0.1344072 0.0716498 0.0060026 0.0765966 0.0090321 0.0692918 0.0938430 0.1208575 0.0841409 0.1220103 0.1342811 0.1215238 0.0733724 0.1255321 0.0999236 0.0967201 0.0930948 0.1084258 0.0783279 0.0875892 0.1767512 0.0990551 0.1202286 0.1744189 0.1028524 0.1141637 0.1688468 0.0657033 0.1613387 0.1020475 0.0990226 0.1195908 0.0418704 0.1178579 0.1593407 0.0120990 0.0448218 0.0861563 0.0976824 0.1255867 0.1259945 0.1163646 0.1132709 0.1106193 0.1580144 0.1164949 0.1176784 0.0060026 0.1141186 0.1068289 0.1227144 0.0245270 0.0090914 0.0414143 0.1038559 0.0517300 0.2117944 0.1236336 0.1074771 0.1620608 0.0482557 0.0803825 0.1514983 0.0793636 0.1349695 0.0092428 0.0914722 0.0311362 
S0289         0.4189518 0.3506739 0.5243693 0.1421951 0.2834528 0.0778544 0.0891607 0.0153145 0.1154270 0.0978812 0.0000000 0.1488544 0.0982670 0.0756760 0.0282735 0.1176545 0.1297360 0.0218439 0.1305583 0.0092764 0.1408877 0.1172607 0.1027365 0.0947133 0.0190454 0.0866069 0.0152638 0.1218194 0.1005732 0.0452310 0.1185076 0.0414148 0.1331592 0.1131794 0.1728396 0.0122094 0.0944787 0.0983071 0.0155167 0.0674696 0.1150973 0.0826871 0.0845171 0.1063484 0.1157391 0.1753480 0.0909266 0.1418412 0.0777098 0.0901613 0.1065083 0.0981472 0.1062933 0.1288750 0.1519649 0.0980931 0.1371600 0.0945322 0.0789804 0.1108044 0.1323458 0.1268803 0.1375537 0.1240857 0.1259672 0.1079958 0.1100287 0.1736389 0.0949732 0.1310813 0.1962691 0.1393376 0.1515439 0.1714154 0.1022770 0.1730417 0.1571287 0.1223805 0.1303642 0.0951565 0.1425689 0.1708053 0.0979661 0.0977658 0.1150322 0.0090870 0.0941942 0.0944934 0.1230954 0.0792987 0.0091098 0.1915043 0.1232344 0.1203394 0.0901613 0.1290102 0.1344703 0.1615972 0.1135964 0.0946582 0.0789222 0.1409142 0.0948185 0.2314610 0.1628720 0.1534902 0.0684404 0.0895349 0.1107224 0.0639963 0.1062918 0.1028300 0.0760586 0.1142512 0.1017089 
S0292         0.3640560 0.2412255 0.3968865 0.1004706 0.2590331 0.1105486 0.0492772 0.1529348 0.0480204 0.1111489 0.1488544 0.0000000 0.1153845 0.1115675 0.1742703 0.0991375 0.1063571 0.1756424 0.1190181 0.1482464 0.0586085 0.1438610 0.1241123 0.1158980 0.1660236 0.1153215 0.1353465 0.0819038 0.1300071 0.1048756 0.1031276 0.1348006 0.0859957 0.1554631 0.1337553 0.1683383 0.1128608 0.1116279 0.1642742 0.1376892 0.1781534 0.1152228 0.1271734 0.0554642 0.1034826 0.1725822 0.1356249 0.1336243 0.0721873 0.1111093 0.0552377 0.1228573 0.0482983 0.0734129 0.0932865 0.0553970 0.1049651 0.1538929 0.1614787 0.0730150 0.0958294 0.0704733 0.0814270 0.0803833 0.0834764 0.1336070 0.0590884 0.1938261 0.1028847 0.0921669 0.1638727 0.0758419 0.0866858 0.1687855 0.0585483 0.1703308 0.1014944 0.0657883 0.0964306 0.1161436 0.0445478 0.1772737 0.1112493 0.1117793 0.0672852 0.1530060 0.1626052 0.1631602 0.1114063 0.1382764 0.1635013 0.1580581 0.1115315 0.1080431 0.1111093 0.1051753 0.0617820 0.0121562 0.1034233 0.1158296 0.1068137 0.0282394 0.1245690 0.1851083 0.0060296 0.0215813 0.2365476 0.1238230 0.0588122 0.2181783 0.0488440 0.1731161 0.1093212 0.0627142 0.1114809 
S0293         0.3749078 0.3073268 0.4394189 0.1188134 0.2701023 0.0516560 0.0674700 0.1020125 0.0888573 0.0060253 0.0982670 0.1153845 0.0000000 0.0512211 0.1286662 0.1156492 0.1238942 0.1293595 0.1241129 0.1085928 0.1120265 0.0633088 0.0153519 0.0185186 0.1154231 0.0550333 0.0939047 0.0978858 0.0600980 0.1216021 0.1123830 0.0977236 0.1217256 0.0860641 0.1569367 0.1153271 0.0377106 0.0121814 0.1071655 0.1082390 0.1483354 0.0515240 0.0269773 0.0961200 0.1090788 0.1686832 0.0594275 0.1433667 0.0719564 0.0121309 0.0839357 0.0152113 0.0767381 0.1026218 0.1294569 0.0919025 0.1307008 0.1305448 0.1301801 0.0809381 0.1300018 0.1046078 0.1048168 0.1001325 0.1155038 0.0712611 0.0953929 0.1857663 0.0994371 0.1287804 0.1823948 0.1112332 0.1227196 0.1739549 0.0730788 0.1663967 0.1099966 0.1070591 0.1280886 0.0488438 0.1262224 0.1643207 0.0183397 0.0517841 0.0912892 0.1058821 0.1300649 0.1304902 0.1248532 0.1217614 0.1110646 0.1634665 0.1249908 0.1221498 0.0121309 0.1226745 0.1115045 0.1270685 0.0309830 0.0152696 0.0481688 0.1080273 0.0588411 0.2225445 0.1280251 0.1116806 0.1726483 0.0552898 0.0880627 0.1612813 0.0842848 0.1395882 0.0124071 0.0993642 0.0377653 
S0294         0.3270857 0.3199731 0.4517801 0.1138057 0.2550807 0.0334959 0.0671146 0.0873861 0.0914823 0.0438835 0.0756760 0.1115675 0.0512211 0.0000000 0.1149245 0.1183739 0.1162122 0.0939889 0.1291955 0.0852756 0.0987932 0.0450172 0.0478856 0.0370955 0.0953955 0.0334482 0.0637519 0.0969614 0.0449075 0.0955603 0.1208876 0.0874636 0.1140410 0.0719100 0.1691122 0.0925855 0.0439841 0.0440696 0.0887628 0.0872425 0.1235151 0.0369719 0.0462790 0.0870868 0.1085965 0.1589817 0.0631190 0.1320504 0.0683686 0.0368366 0.0746718 0.0474047 0.0745215 0.0882476 0.1221679 0.0827075 0.1232306 0.1140196 0.1178428 0.0711889 0.1183423 0.1037329 0.1002958 0.0934909 0.0964004 0.0487878 0.0863904 0.1579286 0.0946411 0.1213039 0.2116939 0.1109753 0.1150760 0.1549508 0.0706396 0.1564585 0.1054741 0.0943716 0.1206146 0.0337185 0.1104358 0.1543856 0.0403085 0.0515818 0.0822968 0.0755143 0.1051545 0.1055122 0.1087209 0.1045742 0.0883432 0.1826963 0.1173021 0.1185795 0.0368366 0.1147632 0.1025857 0.1239562 0.0546146 0.0370616 0.0232111 0.1120687 0.0373201 0.2086889 0.1243572 0.1118411 0.1369374 0.0371092 0.0787027 0.1515735 0.0849529 0.1146309 0.0376603 0.0905324 0.0437700 
S0299         0.4780335 0.3886697 0.5464745 0.1584138 0.3274676 0.1147701 0.1117616 0.0452031 0.1388119 0.1281391 0.0282735 0.1742703 0.1286662 0.1149245 0.0000000 0.1418460 0.1536301 0.0453818 0.1546142 0.0391437 0.1659163 0.1438164 0.1336241 0.1249425 0.0502926 0.1108192 0.0450475 0.1459636 0.1317787 0.0833908 0.1418804 0.0662234 0.1489103 0.1353482 0.2054196 0.0351417 0.1245973 0.1287208 0.0424614 0.1035749 0.1509016 0.1118165 0.1150574 0.1206376 0.1394076 0.2003485 0.1208944 0.1722883 0.0924662 0.1198281 0.1291622 0.1284848 0.1288908 0.1489477 0.1687222 0.1201123 0.1620133 0.1284297 0.1163963 0.1337735 0.1568155 0.1489726 0.1492402 0.1344180 0.1360027 0.1406981 0.1327960 0.2181740 0.1169627 0.1552690 0.2320684 0.1646609 0.1774941 0.1963316 0.1246193 0.1982335 0.1835923 0.1373795 0.1543844 0.1255029 0.1584190 0.1956170 0.1282680 0.1332538 0.1321458 0.0349466 0.1279507 0.1283752 0.1426254 0.1169638 0.0384106 0.2286523 0.1470009 0.1396575 0.1198281 0.1488424 0.1499840 0.1832865 0.1365252 0.1248649 0.1163862 0.1569458 0.1288005 0.2595404 0.1892780 0.1792395 0.0987194 0.1277314 0.1240441 0.0998814 0.1294390 0.1375597 0.1050208 0.1373231 0.1322573 
S0303         0.3625101 0.2897811 0.4253876 0.1202677 0.3156771 0.1094227 0.0874044 0.1225384 0.0887600 0.1101770 0.1176545 0.0991375 0.1156492 0.1183739 0.1418460 0.0000000 0.0606447 0.1361094 0.0153537 0.1184475 0.1084586 0.1515393 0.1261789 0.1162088 0.1313508 0.1050853 0.1069406 0.0953885 0.1284429 0.0997389 0.0192014 0.1171767 0.1225323 0.1448224 0.0729942 0.1398790 0.1310697 0.1103387 0.1355476 0.0991997 0.1446284 0.1054149 0.1288908 0.1049930 0.0243100 0.2028129 0.1358774 0.0358641 0.0846915 0.1101271 0.0943286 0.1250646 0.0847468 0.1076456 0.1281360 0.0895382 0.0441028 0.1382943 0.1314243 0.0943778 0.0525046 0.1082012 0.1162601 0.1017314 0.1173259 0.1492816 0.0941394 0.2152257 0.1047099 0.0396990 0.1114981 0.1140168 0.1183191 0.1969285 0.0940533 0.2002088 0.1380942 0.1138714 0.0397641 0.1051099 0.1021921 0.2028129 0.1153796 0.1204698 0.0735617 0.1225209 0.1375864 0.1381571 0.0311625 0.1040625 0.1347567 0.0940486 0.0272990 0.0273859 0.1101271 0.0447265 0.0933639 0.1081867 0.1102836 0.1156549 0.1046970 0.0940952 0.1314758 0.1011840 0.1034694 0.1136316 0.1957068 0.1254244 0.0993389 0.1965276 0.0856473 0.1440660 0.1126343 0.0891755 0.1199191 
S0308         0.3996304 0.3215178 0.4420166 0.1373450 0.2914134 0.1028976 0.0958418 0.1382644 0.0912917 0.1154840 0.1297360 0.1063571 0.1238942 0.1162122 0.1536301 0.0606447 0.0000000 0.1544996 0.0544072 0.1293010 0.1067793 0.1539925 0.1205627 0.1203101 0.1447549 0.1231282 0.1294943 0.1166374 0.1233270 0.1128903 0.0408983 0.1371911 0.1088558 0.1711727 0.0939385 0.1480986 0.1377523 0.1239442 0.1441846 0.1183199 0.1424901 0.1188967 0.1282453 0.0762062 0.0428653 0.1883415 0.1455775 0.0658731 0.0970415 0.1154380 0.0836512 0.1193420 0.0834925 0.0896658 0.1249353 0.0763154 0.0448926 0.1332448 0.1405277 0.0839753 0.0515290 0.0996536 0.1001491 0.0944328 0.0971620 0.1422808 0.0807801 0.2047976 0.1101041 0.0444903 0.1113769 0.1104641 0.1138296 0.1844743 0.0870846 0.1861937 0.1131872 0.1024264 0.0480731 0.1048002 0.0898227 0.1932001 0.1235230 0.1226769 0.1061315 0.1258201 0.1327652 0.1331959 0.0344980 0.1149593 0.1435309 0.1122951 0.0444197 0.0448258 0.1154380 0.0417573 0.1100174 0.1177426 0.1154802 0.1202384 0.1033648 0.0940318 0.1210101 0.2705595 0.1186159 0.1260764 0.1927414 0.1202797 0.0874931 0.2081315 0.0934704 0.1422569 0.1143847 0.0846159 0.1158260 
S0320         0.4632662 0.3985879 0.5860741 0.1724845 0.3204939 0.0989116 0.1154290 0.0384852 0.1440836 0.1205115 0.0218439 0.1756424 0.1293595 0.0939889 0.0453818 0.1361094 0.1544996 0.0000000 0.1549661 0.0323967 0.1708593 0.1463208 0.1175411 0.1172896 0.0363496 0.1046277 0.0350782 0.1557800 0.1277367 0.0679838 0.1421902 0.0591897 0.1587265 0.1319327 0.1913927 0.0351602 0.1209593 0.1206573 0.0388578 0.0879699 0.1350200 0.1043251 0.1058587 0.1296562 0.1313969 0.1880751 0.1175152 0.1584185 0.1096366 0.1122737 0.1298668 0.1208405 0.1295924 0.1566466 0.1745569 0.1207530 0.1539602 0.1213388 0.1003392 0.1345107 0.1580412 0.1541716 0.1634376 0.1538698 0.1579857 0.1403925 0.1335224 0.1987737 0.1259187 0.1468606 0.2257279 0.1656439 0.1692582 0.1840517 0.1252918 0.1833805 0.1847234 0.1467699 0.1460291 0.1135605 0.1639401 0.1833805 0.1206296 0.1162897 0.1376619 0.0251854 0.1126679 0.1130390 0.1385188 0.1007957 0.0317929 0.2097906 0.1386711 0.1401659 0.1122737 0.1409013 0.1634989 0.1846347 0.1372747 0.1172173 0.1003022 0.1659465 0.1174111 0.2675928 0.1861397 0.1760937 0.0809503 0.1114387 0.1344154 0.0804449 0.1349588 0.1219695 0.1015615 0.1380821 0.1245941 
S0322         0.3953029 0.2874462 0.4133143 0.1334850 0.2814295 0.1229450 0.1057418 0.1344942 0.0993006 0.1236222 0.1305583 0.1190181 0.1241129 0.1291955 0.1546142 0.0153537 0.0544072 0.1549661 0.0000000 0.1337044 0.1151567 0.1540745 0.1370522 0.1285886 0.1546144 0.1273006 0.1257746 0.1174631 0.1322533 0.1132067 0.0121805 0.1334502 0.1297104 0.1653225 0.0942907 0.1490425 0.1380098 0.1237675 0.1451154 0.1179860 0.1643874 0.1281733 0.1332767 0.1075974 0.0324952 0.1990965 0.1548218 0.0317417 0.0973592 0.1235778 0.1028993 0.1356497 0.0951426 0.1110994 0.1464998 0.0952241 0.0485603 0.1461421 0.1361322 0.1032989 0.0584372 0.1045375 0.1204323 0.1142308 0.1296252 0.1569739 0.1000583 0.2300002 0.1112066 0.0479803 0.1168085 0.1188655 0.1222555 0.1951750 0.1064337 0.1970202 0.1260648 0.1225542 0.0479803 0.1207783 0.1056796 0.1944812 0.1318107 0.1278202 0.0912572 0.1385928 0.1540645 0.1545745 0.0248037 0.1184642 0.1444452 0.1164867 0.0280290 0.0250403 0.1235778 0.0386324 0.1102784 0.1267842 0.1156856 0.1285109 0.1191151 0.1068976 0.1375759 0.2735784 0.1277368 0.1353575 0.2076033 0.1327625 0.1069489 0.2047104 0.1030923 0.1641069 0.1185826 0.0960160 0.1239957 
S0327         0.3946140 0.3331668 0.5306473 0.1411821 0.2841892 0.0916188 0.0848012 0.0220319 0.1141369 0.1081530 0.0092764 0.1482464 0.1085928 0.0852756 0.0391437 0.1184475 0.1293010 0.0323967 0.1337044 0.0000000 0.1396332 0.1286394 0.1129246 0.1049249 0.0296753 0.0964362 0.0219572 0.1204405 0.1112076 0.0413090 0.1213359 0.0457276 0.1322182 0.1201875 0.1727464 0.0221013 0.1046514 0.1086377 0.0223300 0.0764563 0.1267689 0.0923446 0.1007955 0.1091984 0.1137569 0.1753119 0.1053484 0.1453666 0.0833397 0.1001147 0.1050562 0.1084514 0.1048400 0.1272592 0.1514144 0.0964906 0.1363034 0.1051789 0.0884750 0.1090715 0.1400146 0.1254970 0.1367034 0.1256595 0.1275103 0.1188901 0.1086492 0.1759947 0.0971914 0.1301101 0.2057985 0.1385146 0.1509855 0.1706643 0.1087922 0.1729511 0.1566882 0.1130002 0.1293835 0.1054170 0.1418383 0.1753119 0.1082534 0.1080143 0.1110441 0.0124524 0.1047910 0.1051343 0.1260586 0.0892465 0.0188979 0.1952421 0.1262024 0.1190943 0.1001147 0.1321720 0.1335733 0.1612620 0.1162773 0.1045199 0.0884237 0.1401373 0.1050395 0.2030321 0.1625621 0.1529795 0.0745031 0.0954336 0.1093486 0.0733052 0.1019926 0.1139080 0.0855547 0.1129505 0.1121380 
S0335         0.3772786 0.2708630 0.4450797 0.0588555 0.2620782 0.1114975 0.0575072 0.1449372 0.0582381 0.1073188 0.1408877 0.0586085 0.1120265 0.0987932 0.1659163 0.1084586 0.1067793 0.1708593 0.1151567 0.1396332 0.0000000 0.1444189 0.1118914 0.1042160 0.1612058 0.1152493 0.1359045 0.0739548 0.1181480 0.1372772 0.0993823 0.1310766 0.0775627 0.1461567 0.1415748 0.1556579 0.1089708 0.1077804 0.1560536 0.1192998 0.1759807 0.1111533 0.1218205 0.0584303 0.0952909 0.1767858 0.1234667 0.1208994 0.0755956 0.0996034 0.0478010 0.1111168 0.0477149 0.0649897 0.0960367 0.0547262 0.1011349 0.1526940 0.1417443 0.0617362 0.0994568 0.0737666 0.0660428 0.0861360 0.0890559 0.1278035 0.0590177 0.1856379 0.0952637 0.0959807 0.2015573 0.0748987 0.0856176 0.1723873 0.0510439 0.1745691 0.0781103 0.0413181 0.1003002 0.1171666 0.0649928 0.1815059 0.0992861 0.1086839 0.0490277 0.1443537 0.1606279 0.1611709 0.0994360 0.1332371 0.1553192 0.1773835 0.0995500 0.0965103 0.0996034 0.1013361 0.0215288 0.0690118 0.0996400 0.1038300 0.1077227 0.0481468 0.1245021 0.2264503 0.0695085 0.0800702 0.2257405 0.1079449 0.0512690 0.2232288 0.0657514 0.1710043 0.0980676 0.0554101 0.0999349 
S0376         0.3726281 0.3027969 0.4504641 0.1517679 0.2679990 0.0712187 0.0986115 0.1295530 0.1153378 0.0595553 0.1172607 0.1438610 0.0633088 0.0450172 0.1438164 0.1515393 0.1539925 0.1463208 0.1540745 0.1286394 0.1444189 0.0000000 0.0708966 0.0638537 0.1364654 0.0628016 0.1125479 0.1302777 0.0527949 0.1303413 0.1458338 0.1300974 0.1460594 0.0912387 0.1796709 0.1355643 0.0669548 0.0598012 0.1269018 0.1203708 0.1817471 0.0590926 0.0624644 0.1237547 0.1480168 0.1736689 0.0778259 0.1711196 0.0915395 0.0595342 0.1106098 0.0702001 0.1024856 0.1090981 0.1455705 0.1190696 0.1512118 0.1619347 0.1524375 0.1071800 0.1495580 0.1295714 0.1272551 0.1084024 0.1239199 0.0922641 0.1227695 0.1949300 0.1230721 0.1489316 0.2434114 0.1351656 0.1386571 0.1698640 0.0985060 0.1714226 0.1381476 0.1354937 0.1480990 0.0608780 0.1561898 0.1692787 0.0667094 0.0860359 0.1177270 0.1211907 0.1569113 0.1574520 0.1465528 0.1395891 0.1310027 0.1877632 0.1554327 0.1564550 0.0595342 0.1427715 0.1436633 0.1515889 0.0774246 0.0635014 0.0604396 0.1360241 0.0640346 0.2296143 0.1576384 0.1399194 0.1992167 0.0787816 0.1096896 0.1904238 0.1163910 0.1674211 0.0644193 0.1271362 0.0663830 
S0400         0.3840391 0.3291732 0.4620740 0.1226936 0.2663900 0.0485029 0.0768788 0.1065250 0.0970466 0.0091149 0.1027365 0.1241123 0.0153519 0.0478856 0.1336241 0.1261789 0.1205627 0.1175411 0.1370522 0.1129246 0.1118914 0.0708966 0.0000000 0.0154554 0.1119002 0.0484014 0.0982953 0.1023270 0.0632978 0.1333249 0.1250152 0.1021611 0.1183524 0.0827644 0.1577143 0.1196785 0.0412089 0.0153571 0.1117975 0.1009365 0.1448837 0.0483796 0.0268597 0.0928412 0.1139437 0.1651334 0.0631045 0.1399349 0.0848867 0.0091118 0.0809560 0.0121874 0.0808012 0.0900637 0.1343137 0.0886435 0.1272987 0.1354540 0.1225680 0.0774584 0.1308639 0.1140465 0.1014971 0.1001385 0.1026835 0.0828045 0.0921376 0.1622237 0.1038107 0.1254216 0.1984508 0.1159165 0.1275337 0.1697935 0.0698694 0.1628107 0.1149856 0.1037778 0.1247471 0.0456611 0.1229229 0.1607760 0.0153060 0.0486254 0.0919630 0.1025261 0.1266711 0.1270860 0.1214960 0.1183546 0.1157441 0.1694874 0.1216315 0.1228826 0.0091118 0.1192776 0.1117214 0.1360299 0.0279277 0.0122339 0.0451592 0.1166285 0.0556593 0.2163069 0.1370636 0.1203460 0.1626680 0.0521204 0.0848146 0.1621234 0.0938894 0.1361545 0.0124750 0.0960961 0.0346712 
S0405         0.3639893 0.3184622 0.4371253 0.1143530 0.2541075 0.0416418 0.0677771 0.0984489 0.0892513 0.0122158 0.0947133 0.1158980 0.0185186 0.0370955 0.1249425 0.1162088 0.1203101 0.1172896 0.1285886 0.1049249 0.1042160 0.0638537 0.0154554 0.0000000 0.1033707 0.0449707 0.0903823 0.0943499 0.0600706 0.1222214 0.1167340 0.0941898 0.1100984 0.0789414 0.1530706 0.1116735 0.0379734 0.0122627 0.1079258 0.0969880 0.1404563 0.0415385 0.0271214 0.0851409 0.1094739 0.1614149 0.0596863 0.1312557 0.0763405 0.0060620 0.0735060 0.0153131 0.0733669 0.0947495 0.1258230 0.0810425 0.1188567 0.1311357 0.1183788 0.0702678 0.1223933 0.1050474 0.0935889 0.1076846 0.1100268 0.0751775 0.0845009 0.1797597 0.0959652 0.1171113 0.1904002 0.1035807 0.1190725 0.1666419 0.0626177 0.1590551 0.1147397 0.0959327 0.1164880 0.0387698 0.1147906 0.1570645 0.0122219 0.0453076 0.0822012 0.0945197 0.1224425 0.1228417 0.1132404 0.1142036 0.1074341 0.1643138 0.1133689 0.1145244 0.0060620 0.1109517 0.1037420 0.1276349 0.0247800 0.0091835 0.0383455 0.1085090 0.0486470 0.2003723 0.1285998 0.1121787 0.1585891 0.0451784 0.0772871 0.1573066 0.0846693 0.1318107 0.0061796 0.0883795 0.0280804 
S0407sl       0.4629499 0.3825720 0.5491973 0.1579864 0.3131172 0.0892992 0.0965697 0.0291571 0.1343339 0.1066708 0.0190454 0.1660236 0.1154231 0.0953955 0.0502926 0.1313508 0.1447549 0.0363496 0.1546144 0.0296753 0.1612058 0.1364654 0.1119002 0.1033707 0.0000000 0.1027931 0.0357740 0.1459308 0.1265067 0.0553597 0.1415620 0.0539001 0.1346081 0.1321424 0.1914332 0.0325244 0.1032613 0.1071580 0.0364052 0.0860725 0.1238379 0.1026981 0.0986991 0.1158849 0.1305006 0.2053753 0.1161130 0.1578000 0.1033489 0.0984831 0.1201557 0.1069718 0.1198990 0.1360919 0.1634735 0.1070754 0.1530379 0.1195415 0.0827312 0.1247900 0.1481309 0.1434825 0.1481261 0.1345664 0.1293568 0.1394052 0.1152569 0.1769090 0.1246721 0.1463318 0.2066475 0.1501372 0.1630073 0.2011786 0.1155921 0.2032152 0.1690006 0.1371306 0.1454843 0.1121784 0.1587267 0.2004131 0.1067712 0.1106884 0.1235178 0.0224186 0.1107562 0.1111263 0.1378080 0.0991007 0.0258197 0.2113163 0.1379639 0.1394838 0.0984831 0.1443377 0.1539668 0.1797057 0.1233491 0.1033071 0.0986056 0.1619687 0.1119507 0.2855841 0.1802902 0.1710442 0.0793697 0.1018170 0.1246977 0.0440375 0.1092378 0.1201729 0.0876607 0.1197092 0.1149292 
S0412sl       0.3805229 0.2942107 0.4216043 0.1257330 0.2869972 0.0414671 0.0629433 0.0979653 0.0922701 0.0480344 0.0866069 0.1153215 0.0550333 0.0334482 0.1108192 0.1050853 0.1231282 0.1046277 0.1273006 0.0964362 0.1152493 0.0628016 0.0484014 0.0449707 0.1027931 0.0000000 0.0749611 0.1016085 0.0598171 0.1053652 0.1195767 0.0937327 0.1216521 0.0529452 0.1558768 0.1031336 0.0587745 0.0482270 0.0916296 0.0815050 0.1065457 0.0249643 0.0479280 0.0847413 0.1124551 0.1595953 0.0418924 0.1299110 0.0759442 0.0413170 0.0804131 0.0513847 0.0802603 0.0851349 0.1293717 0.0806659 0.1217329 0.1018337 0.1098023 0.0807272 0.1092663 0.1046511 0.1042866 0.0877167 0.0906319 0.0784229 0.0915113 0.1603684 0.0806566 0.1199602 0.1808055 0.1192544 0.1308539 0.1558328 0.0765779 0.1572472 0.1262292 0.1030616 0.1193257 0.0522268 0.1142249 0.1553023 0.0480651 0.0590329 0.0713776 0.0864309 0.0937592 0.0940546 0.1161078 0.0979193 0.0989984 0.1673073 0.1162377 0.1174151 0.0413170 0.1138655 0.1147089 0.1187655 0.0582480 0.0449477 0.0315930 0.1158064 0.0519249 0.1983056 0.1238250 0.1116228 0.1527526 0.0551503 0.0797782 0.1655771 0.0796741 0.1023387 0.0457406 0.0954388 0.0446372 
S0417         0.4092764 0.3222611 0.5283362 0.1371590 0.2761740 0.0820510 0.0886578 0.0246457 0.1107938 0.0935382 0.0152638 0.1353465 0.0939047 0.0637519 0.0450475 0.1069406 0.1294943 0.0350782 0.1257746 0.0219572 0.1359045 0.1125479 0.0982953 0.0903823 0.0357740 0.0749611 0.0000000 0.1170311 0.1000773 0.0364740 0.1138715 0.0445461 0.1282589 0.1085192 0.1672764 0.0281251 0.0901625 0.0939419 0.0249733 0.0635354 0.1068745 0.0785353 0.0845171 0.1063484 0.1109477 0.1604859 0.1032509 0.1368125 0.0814672 0.0859179 0.1020274 0.0937931 0.1018235 0.1235801 0.1467744 0.0937445 0.1322146 0.0867116 0.0822963 0.1062563 0.1192616 0.1223639 0.1325931 0.1172657 0.1193622 0.1034406 0.1055197 0.1818296 0.0906337 0.1262721 0.1893812 0.1342990 0.1463680 0.1566131 0.0978616 0.1580768 0.1564091 0.1177011 0.1255878 0.0908067 0.1293965 0.1560646 0.0936173 0.0934315 0.1041923 0.0214788 0.0864043 0.0866762 0.1183814 0.0791698 0.0248694 0.1851624 0.1185164 0.1156176 0.0859179 0.1241611 0.1296443 0.1477561 0.1090523 0.0903304 0.0748199 0.1359334 0.0904839 0.2153286 0.1489096 0.1398293 0.0846310 0.0853293 0.1061781 0.0828895 0.0959756 0.0948337 0.0719464 0.1096784 0.0973173 
S0419         0.3782027 0.2845231 0.4632895 0.0749684 0.2810968 0.0978702 0.0116084 0.1258034 0.0488176 0.0975026 0.1218194 0.0819038 0.0978858 0.0969614 0.1459636 0.0953885 0.1166374 0.1557800 0.1174631 0.1204405 0.0739548 0.1302777 0.1023270 0.0943499 0.1459308 0.1016085 0.1170311 0.0000000 0.1090929 0.0949005 0.1052037 0.1165568 0.0674105 0.1339285 0.1536211 0.1403899 0.0952278 0.0979246 0.1322415 0.1101602 0.1598476 0.0975745 0.1155952 0.0486759 0.1095476 0.1896995 0.1188216 0.1274465 0.0319372 0.0898259 0.0316340 0.1012892 0.0315775 0.0464830 0.0969232 0.0518665 0.1190487 0.1324586 0.1325384 0.0661103 0.1225896 0.0666472 0.0631784 0.0434091 0.0535157 0.1302315 0.0666916 0.1527200 0.0952474 0.1134326 0.1590351 0.0719979 0.0827583 0.1858002 0.0348347 0.1875470 0.1064260 0.0661802 0.1136250 0.1033091 0.0839617 0.1851438 0.0975866 0.1027886 0.0359507 0.1299441 0.1449736 0.1454603 0.1057204 0.1240113 0.1357641 0.1424684 0.1097028 0.1067947 0.0898259 0.1112085 0.0699669 0.0930064 0.0975038 0.0942953 0.0941273 0.0667668 0.1106210 0.2123218 0.0936999 0.1010265 0.2086377 0.1020815 0.0349858 0.2069362 0.0482818 0.1550091 0.0882328 0.0704162 0.0901277 
S0427         0.3647373 0.3053073 0.4287435 0.1336535 0.2795531 0.0598851 0.0828885 0.1124766 0.1023379 0.0632031 0.1005732 0.1300071 0.0600980 0.0449075 0.1317787 0.1284429 0.1233270 0.1277367 0.1322533 0.1112076 0.1181480 0.0527949 0.0632978 0.0600706 0.1265067 0.0598171 0.1000773 0.1090929 0.0000000 0.1290076 0.1242120 0.1207827 0.1239057 0.0873259 0.1648556 0.1180826 0.0637377 0.0634660 0.1142395 0.1117164 0.1579445 0.0450328 0.0580507 0.1027296 0.1250015 0.1914330 0.0525155 0.1388810 0.0825673 0.0561117 0.0903082 0.0667280 0.0901303 0.0932320 0.1271804 0.0983278 0.1241312 0.1310749 0.1386932 0.0946200 0.1189328 0.1107321 0.1105059 0.0820135 0.0851143 0.0728333 0.1019292 0.1655287 0.1104972 0.1268202 0.2089574 0.1214844 0.1249395 0.1875069 0.0824773 0.1892819 0.1236322 0.1221169 0.1261299 0.0532640 0.1217772 0.1868396 0.0632483 0.0713582 0.1028471 0.1039723 0.1343580 0.1348111 0.1202289 0.1300691 0.1137088 0.1663266 0.1244451 0.1213151 0.0561117 0.1124302 0.1175780 0.1421920 0.0667530 0.0600382 0.0494102 0.1223707 0.0563946 0.2592586 0.1432894 0.1261648 0.1711999 0.0636517 0.0943351 0.1887983 0.1002506 0.1442563 0.0574183 0.1060632 0.0525958 
S0428sl       0.3791942 0.3077698 0.4890041 0.1431237 0.2623753 0.0989560 0.0898031 0.0582603 0.0937972 0.1157957 0.0452310 0.1048756 0.1216021 0.0955603 0.0833908 0.0997389 0.1128903 0.0679838 0.1132067 0.0413090 0.1372772 0.1303413 0.1333249 0.1222214 0.0553597 0.1053652 0.0364740 0.0949005 0.1290076 0.0000000 0.0982246 0.0545040 0.1291184 0.1417105 0.1290455 0.0636421 0.1165368 0.1164621 0.0589952 0.0695422 0.1328017 0.0952420 0.1076048 0.1111625 0.0930437 0.1904104 0.1319949 0.1262399 0.0855887 0.1157408 0.0997604 0.1267582 0.0895710 0.1261061 0.1471736 0.0946661 0.1149926 0.1106411 0.0942744 0.1154311 0.1043245 0.1162163 0.1397443 0.1184975 0.1244899 0.1332234 0.0995457 0.1866919 0.1212776 0.1038289 0.1826245 0.1307493 0.1464090 0.1852162 0.0994525 0.1843459 0.1581181 0.1311649 0.1038289 0.1104295 0.1346455 0.1904104 0.1213073 0.1092022 0.1158940 0.0494696 0.1100716 0.1105293 0.1088430 0.0793989 0.0589849 0.1623601 0.1090037 0.1048226 0.1157408 0.1159725 0.1238251 0.1195750 0.1210980 0.1221245 0.0893459 0.1036975 0.1121572 0.0905724 0.1145224 0.1150383 0.1339450 0.1137798 0.1051014 0.1122351 0.0900239 0.1162096 0.1016239 0.1048571 0.1207462 
S0430         0.3868230 0.3101568 0.4459794 0.1168895 0.2803556 0.1113331 0.0864644 0.1223805 0.0840900 0.1119419 0.1185076 0.1031276 0.1123830 0.1208876 0.1418804 0.0192014 0.0408983 0.1421902 0.0121805 0.1213359 0.0993823 0.1458338 0.1250152 0.1167340 0.1415620 0.1195767 0.1138715 0.1052037 0.1242120 0.0982246 0.0000000 0.1214358 0.1131868 0.1570256 0.0788699 0.1364965 0.1258929 0.1120725 0.1326256 0.1065562 0.1516777 0.1199277 0.1284984 0.0920369 0.0191564 0.1796033 0.1422571 0.0349290 0.0804240 0.1119017 0.0876010 0.1237423 0.0801145 0.0980901 0.1294447 0.0801814 0.0416601 0.1338675 0.1241898 0.0879406 0.0446733 0.0956596 0.1043444 0.1009034 0.1163816 0.1443527 0.0847303 0.2130967 0.0955682 0.0411680 0.1107977 0.1025396 0.1058966 0.1757462 0.0910621 0.1773808 0.1175760 0.1065945 0.0447105 0.1090700 0.0978344 0.1751323 0.1199562 0.1160429 0.0817941 0.1264022 0.1416733 0.1421381 0.0121938 0.1069831 0.1320151 0.0992961 0.0153105 0.0123079 0.1119017 0.0318689 0.0984923 0.1106664 0.1119429 0.1166646 0.1075697 0.0914489 0.1254844 0.2502083 0.1114893 0.1189164 0.1977325 0.1208229 0.0914929 0.1951173 0.0843426 0.1514242 0.1067444 0.0808515 0.1122785 
S0478         0.3965216 0.3195484 0.4998022 0.1366000 0.2629368 0.0857735 0.0791536 0.0446983 0.1103542 0.0973413 0.0414148 0.1348006 0.0977236 0.0874636 0.0662234 0.1171767 0.1371911 0.0591897 0.1334502 0.0457276 0.1310766 0.1300974 0.1021611 0.0941898 0.0539001 0.0937327 0.0445461 0.1165568 0.1207827 0.0545040 0.1214358 0.0000000 0.1277405 0.1119755 0.1757325 0.0519273 0.0943776 0.0977624 0.0521716 0.0667966 0.1225255 0.0897701 0.0840362 0.1064147 0.1187967 0.1712614 0.1152164 0.1447599 0.0988408 0.0896706 0.1016273 0.0976055 0.1014250 0.1186100 0.1461700 0.0937943 0.1400799 0.1095937 0.0781854 0.1058374 0.1220515 0.1310020 0.1320556 0.1097701 0.0990317 0.1199665 0.0973564 0.1405935 0.1142011 0.1339831 0.1882783 0.1337472 0.1457666 0.1674190 0.0974799 0.1689705 0.1557590 0.1217300 0.1332535 0.1028821 0.1461445 0.1668365 0.0974251 0.0972276 0.1043700 0.0480407 0.1092000 0.1095486 0.1260239 0.0781535 0.0519490 0.1958820 0.1261635 0.1233019 0.0896706 0.1319583 0.1210298 0.1471572 0.1129557 0.0941354 0.0859701 0.1353832 0.1025167 0.2352884 0.1483019 0.1392623 0.1072734 0.0890509 0.1057597 0.1039216 0.0865703 0.1181546 0.0719611 0.1014202 0.1011448 
S0552sl       0.4088036 0.3115130 0.4878027 0.0817026 0.2650993 0.1136840 0.0543271 0.1371785 0.0594739 0.1132444 0.1331592 0.0859957 0.1217256 0.1140410 0.1489103 0.1225323 0.1088558 0.1587265 0.1297104 0.1322182 0.0775627 0.1460594 0.1183524 0.1100984 0.1346081 0.1216521 0.1282589 0.0674105 0.1239057 0.1291184 0.1131868 0.1277405 0.0000000 0.1650878 0.1387388 0.1520889 0.1152581 0.1137416 0.1438635 0.1174527 0.1569507 0.1082371 0.1069226 0.0488201 0.1014099 0.1768791 0.1442411 0.1322208 0.0722962 0.1053221 0.0383456 0.1171396 0.0382764 0.0463668 0.0539867 0.0520189 0.1019469 0.1485676 0.1317224 0.0626902 0.1094567 0.0203629 0.0278007 0.0206555 0.0251055 0.1551519 0.0668923 0.1525744 0.0951197 0.0967434 0.2064424 0.0314518 0.0411192 0.1729984 0.0415850 0.1746175 0.0657141 0.0663786 0.1010999 0.1194942 0.0842150 0.1816967 0.1133493 0.1230976 0.0727607 0.1328833 0.1526569 0.1531700 0.1058269 0.1315178 0.1431870 0.1573165 0.1098166 0.1109366 0.1053221 0.1021514 0.0808064 0.0972172 0.0975955 0.1100330 0.1139315 0.0706598 0.1312341 0.2643840 0.0979460 0.1053418 0.1921596 0.1222414 0.0417680 0.1946046 0.0809032 0.1628350 0.0914226 0.0706289 0.1097341 
S0558         0.3928845 0.3202160 0.4934246 0.1534489 0.3120717 0.0749636 0.0987910 0.1253877 0.1220790 0.0820909 0.1131794 0.1554631 0.0860641 0.0719100 0.1353482 0.1448224 0.1711727 0.1319327 0.1653225 0.1201875 0.1461567 0.0912387 0.0827644 0.0789414 0.1321424 0.0529452 0.1085192 0.1339285 0.0873259 0.1417105 0.1570256 0.1119755 0.1650878 0.0000000 0.2107512 0.1313050 0.0903202 0.0824415 0.1273823 0.1150085 0.1719758 0.0562818 0.0706754 0.1228313 0.1553711 0.2002027 0.0636552 0.1736847 0.1050433 0.0746674 0.1183240 0.0857656 0.1180831 0.1332382 0.1826396 0.1181904 0.1705328 0.1524924 0.1463737 0.1187934 0.1575035 0.1383518 0.1501342 0.1087927 0.1111189 0.1126657 0.1306337 0.1978005 0.1099342 0.1679298 0.2228229 0.1629512 0.1756065 0.1962741 0.1139834 0.1981330 0.1702143 0.1344708 0.1669674 0.0872395 0.1549825 0.1955744 0.0821564 0.0946860 0.1133624 0.1171653 0.1476727 0.1481772 0.1578798 0.1250155 0.1267852 0.2234379 0.1580429 0.1543226 0.0746674 0.1617984 0.1453994 0.1639635 0.0932858 0.0788971 0.0563007 0.1475581 0.0867294 0.2673643 0.1694810 0.1514901 0.1879482 0.0816517 0.1226418 0.1955193 0.1166046 0.1579232 0.0761169 0.1298425 0.0783277 
