123
CRNC          0.0000000 0.0000010 0.3712736 0.5363284 0.5856026 0.5891100 0.5295488 0.5445363 0.5249735 0.5243646 0.6092676 0.5718849 0.5457121 0.6481043 0.6354839 0.5611623 0.5529380 0.5538037 0.4955390 0.5265486 0.5157539 0.5230128 0.5990379 0.5772353 0.5513214 0.6232407 0.5938568 0.5042562 0.6277454 0.4906255 0.5342589 0.5956644 0.5469133 0.5476835 0.5116063 0.5762772 0.5474324 0.4948118 0.4768757 0.5169374 0.5935013 0.6173363 0.5057561 0.4968203 0.5328279 0.5035350 0.6272108 0.5107916 0.4782592 0.5259363 0.5537139 0.5153546 0.5979122 0.5713346 0.5757756 0.5402720 0.5774562 0.5375374 0.5213186 0.5828992 0.5167494 0.4745303 0.4896972 0.4793651 0.4368587 0.5273141 0.5879936 0.5175649 0.5654662 0.5412360 0.7578258 0.5723282 0.5475290 0.5734828 0.5353681 0.5012564 0.5407930 0.5081951 0.5509446 0.5808706 0.5032536 0.5290770 0.5096456 0.5775744 0.5830384 0.5847366 0.5487645 0.6115927 0.6220202 0.5453007 0.5992550 0.6093696 0.5311261 0.5154786 0.5311979 0.6974400 0.5352294 0.4953105 0.5303688 0.4991147 0.5230930 0.5547945 0.5643714 0.5023866 0.5672822 0.5857411 0.5915010 0.5797909 0.5455011 0.6466210 0.5390977 0.4782719 0.6112671 0.5838665 0.5262025 0.5946241 0.5318981 0.5070602 0.5842234 0.5081088 0.5921114 0.5657013 0.5634471 
HYZL          0.0000010 0.0000000 0.1750692 0.5747541 0.0000010 0.0000010 0.5059207 0.4927021 0.0000010 0.5752715 0.5353802 0.5374772 0.5705097 0.4320910 0.5477710 0.4609581 0.6305055 0.4394454 0.4422938 0.4972013 0.4840652 0.5795464 0.4694924 0.4949240 0.5404326 0.5201061 0.4885229 0.6298255 0.4955367 0.4887333 0.4981340 0.4728604 0.4937577 0.5146030 0.4566211 0.5497032 0.5322659 0.4722149 0.0000010 0.5909788 0.5614529 0.5014546 0.5272411 0.5910925 0.6026921 0.5169030 0.5370616 0.5021577 0.4546194 0.6279510 0.5125492 0.4874754 0.5252236 0.4973266 0.5231228 0.4822912 0.5362777 0.5043951 0.5179666 0.5300016 0.5524259 0.5672449 0.4137469 0.5045888 0.5427608 0.5266685 0.5140378 0.5168493 0.4870477 0.5747612 0.5273114 0.5286095 0.0000010 0.5210261 0.5947133 0.5677297 0.4605675 0.3709750 0.5237226 0.4990401 0.5424375 0.5043951 0.5508406 0.5819611 0.5508881 0.5204365 0.4605675 0.5604433 0.4346782 0.6166412 0.5265415 0.5151476 0.5516453 0.5880767 0.6306712 0.4768132 0.5579491 0.5775683 0.6477479 0.4534451 0.3886187 0.5146030 0.5141615 0.4052435 0.5287665 0.4173780 0.5265415 0.4976253 0.4039450 0.5068594 0.5414087 0.5210751 0.4608946 0.4519879 0.5071257 0.5006913 0.5043951 0.5331040 0.5242444 0.5353206 0.5326043 0.5529479 0.5050393 
MYZV          0.3712736 0.1750692 0.0000000 0.5443057 0.6116161 0.5883105 0.5494217 0.4870436 0.5432293 0.5202320 0.5576303 0.5253440 0.5169621 0.5587093 0.5818237 0.5020169 0.5494355 0.4814392 0.4911999 0.4966182 0.4718912 0.5540970 0.6109023 0.6125814 0.4973640 0.5177296 0.5208253 0.5296537 0.5673928 0.5399462 0.5219463 0.5063182 0.5936228 0.4786292 0.5283428 0.5248935 0.5022884 0.4913576 0.5099467 0.5439279 0.5505310 0.5372784 0.5104519 0.4943236 0.5330648 0.4923543 0.5486193 0.4931581 0.4383930 0.5304348 0.5216875 0.4659380 0.5182384 0.5202309 0.5210273 0.5294105 0.5196391 0.5354526 0.5210326 0.5735363 0.5040818 0.5286876 0.4402652 0.4650592 0.4813884 0.5149374 0.6198447 0.4837897 0.5078662 0.5453819 0.6679587 0.5317477 0.5209337 0.4947759 0.5190868 0.5235853 0.4842787 0.4743186 0.5333190 0.5313139 0.5193374 0.5287890 0.5397664 0.6327893 0.5439309 0.5372888 0.4729511 0.5251852 0.5389031 0.5239927 0.5330544 0.5282121 0.5376135 0.5252489 0.5413475 0.6058544 0.4880552 0.5279212 0.5629086 0.4966788 0.4843783 0.4984094 0.5241473 0.4489200 0.5776869 0.5175174 0.5268703 0.5124514 0.4783755 0.5978454 0.5112016 0.5131516 0.5481772 0.5360308 0.4983710 0.5082524 0.5403164 0.5254882 0.5177610 0.5118786 0.5250429 0.4883680 0.5025592 
SRR6441723    0.5363284 0.5747541 0.5443057 0.0000000 0.0759009 0.1016999 0.2376922 0.0823397 0.0704823 0.1015501 0.1334081 0.0773349 0.1042592 0.0677896 0.1118884 0.0974768 0.1550947 0.1265397 0.1221452 0.1062889 0.1357504 0.1112481 0.0505673 0.0737724 0.0860672 0.0820197 0.0857013 0.1280437 0.1149806 0.0972450 0.0764643 0.0875394 0.1062062 0.1346081 0.0861908 0.0908658 0.0965369 0.1125189 0.1221509 0.1237780 0.0855799 0.0765911 0.1022397 0.0867742 0.1088137 0.0771834 0.0852953 0.0797818 0.1114655 0.1904737 0.1028812 0.1305189 0.1095892 0.0853068 0.0892251 0.0750321 0.0856047 0.0730045 0.0752428 0.0917867 0.0787656 0.0870027 0.1043903 0.0866582 0.0758833 0.0576295 0.1471604 0.1016543 0.0895847 0.0997889 0.1615992 0.0873026 0.0890973 0.1104766 0.1876529 0.0858501 0.1334112 0.1215240 0.0852973 0.0969158 0.1656636 0.0690821 0.1687099 0.0993271 0.0986599 0.0670681 0.1246763 0.0914220 0.0812421 0.1688301 0.0773175 0.0907120 0.0546538 0.0935174 0.1170712 0.1691954 0.1351396 0.0894870 0.1105764 0.1078107 0.1176785 0.1342964 0.0869170 0.1301952 0.0677948 0.0568821 0.0740154 0.0811543 0.0675021 0.0805460 0.0691278 0.1036834 0.0619857 0.0721922 0.1177345 0.0837716 0.0729838 0.1085316 0.1021180 0.0972268 0.0759825 0.1010309 0.0763294 
ERR4210213    0.5856026 0.0000010 0.6116161 0.0759009 0.0000000 0.0922349 0.2162290 0.0835094 0.0675416 0.0877376 0.1654009 0.0718659 0.1009271 0.0578746 0.0680696 0.0679109 0.1595672 0.1286954 0.1507902 0.1124757 0.1490053 0.0901013 0.0152863 0.0540228 0.0802258 0.0761037 0.0763400 0.0993876 0.0850733 0.0918552 0.0675413 0.0776558 0.0984350 0.1229307 0.0749756 0.0718955 0.0997261 0.1458033 0.1342993 0.1173294 0.0726998 0.0611286 0.1121341 0.0718170 0.1118461 0.0714632 0.0694739 0.0808884 0.1220568 0.2053033 0.0807995 0.1360001 0.1110967 0.0685105 0.0637730 0.0685697 0.0731108 0.0644194 0.0752661 0.0729694 0.0877306 0.0869657 0.1213177 0.0984226 0.0688931 0.0464691 0.1004848 0.1174743 0.0766519 0.0766057 0.0981871 0.0686983 0.0754083 0.1100610 0.2067372 0.0734036 0.1532955 0.1362934 0.0691731 0.0785354 0.2029075 0.0604631 0.2011913 0.0840261 0.0770075 0.0607895 0.1444513 0.0812309 0.0782538 0.1937107 0.0762296 0.0750542 0.0434947 0.0830914 0.1154045 0.1106239 0.1382951 0.0951776 0.1042851 0.1264680 0.1339398 0.1340144 0.0688381 0.1294229 0.0441758 0.0538002 0.0665675 0.0684414 0.0665337 0.0736218 0.0642338 0.1086454 0.0574874 0.0568552 0.1100715 0.0724498 0.0604631 0.0906423 0.1114373 0.1105826 0.0733655 0.1020793 0.0635568 
ERR2789774    0.5891100 0.0000010 0.5883105 0.1016999 0.0922349 0.0000000 0.2467710 0.0803673 0.0812493 0.1207254 0.1851593 0.0353348 0.1228488 0.0716080 0.0387480 0.0519883 0.1843822 0.1283291 0.1584209 0.1259490 0.1430436 0.1248234 0.0657556 0.0895862 0.0943816 0.0523887 0.0387247 0.1104811 0.0953040 0.1150030 0.0885867 0.0837044 0.1213984 0.1282198 0.1006781 0.1006566 0.1104226 0.1577638 0.1452511 0.1437079 0.0458055 0.0265626 0.1445574 0.0888432 0.1166947 0.0966336 0.0324172 0.1147240 0.1283047 0.2239075 0.1108798 0.1475912 0.1262769 0.0352632 0.0849222 0.0856342 0.0388580 0.0929868 0.0968146 0.0920423 0.1176693 0.1008214 0.1409233 0.1115785 0.0866889 0.0732600 0.1198252 0.1327319 0.1070825 0.1017026 0.1145871 0.0974042 0.0460190 0.1127729 0.2366767 0.0904239 0.1715032 0.1291624 0.0980807 0.1041252 0.2273822 0.0885862 0.2144122 0.1079134 0.0900265 0.0965712 0.1472426 0.0563101 0.0722169 0.2228109 0.0386930 0.0485687 0.0664225 0.1050114 0.1213466 0.1225327 0.1406172 0.1087370 0.1121304 0.1294992 0.1373101 0.1287637 0.0483171 0.1277574 0.0614739 0.0704782 0.0392995 0.0353193 0.0582832 0.0817442 0.0488119 0.1000014 0.0709789 0.0805047 0.1345390 0.0458647 0.0885862 0.1096584 0.1186563 0.0879300 0.0292553 0.1127308 0.0585371 
PAFTOL_019361 0.5295488 0.5059207 0.5494217 0.2376922 0.2162290 0.2467710 0.0000000 0.2303988 0.1945048 0.2155106 0.2769382 0.2349745 0.2187003 0.2198412 0.2504038 0.2425136 0.2466725 0.2549104 0.2542853 0.2239450 0.2696039 0.2221215 0.2049585 0.2296754 0.2299605 0.2414050 0.2449878 0.2270312 0.2422477 0.2035926 0.1918441 0.2176776 0.2103055 0.2744125 0.1891745 0.2289529 0.2318090 0.2583251 0.2573268 0.2174256 0.2315185 0.2374074 0.2010733 0.2064433 0.2091840 0.2143700 0.2479184 0.1961369 0.2358986 0.2530470 0.2366582 0.2541627 0.2107261 0.2253132 0.2215435 0.1942125 0.2437973 0.1976654 0.1988922 0.2462002 0.2197929 0.2078267 0.2214590 0.1830217 0.2018704 0.2016458 0.2312776 0.2371323 0.2138502 0.2371755 0.3051134 0.2379339 0.2291408 0.2704532 0.2430403 0.2145767 0.2595891 0.2444069 0.2346780 0.2273949 0.2353149 0.1918430 0.2511003 0.1726009 0.2336562 0.2274731 0.2518394 0.2365233 0.2228900 0.2563009 0.2307619 0.2312005 0.2026532 0.1967023 0.2046922 0.2805349 0.2743947 0.2171359 0.2294056 0.2363952 0.2641103 0.2743565 0.2356388 0.2744073 0.2063085 0.2098210 0.2218221 0.2247941 0.1909214 0.2054661 0.2108365 0.2055088 0.2093683 0.2181470 0.2178837 0.2315613 0.1976045 0.2097165 0.2368665 0.2043193 0.2329610 0.2542030 0.2196169 
S0055         0.5445363 0.4927021 0.4870436 0.0823397 0.0835094 0.0803673 0.2303988 0.0000000 0.0619814 0.0898408 0.1408057 0.0549505 0.0911214 0.0822586 0.0726517 0.0744333 0.1507871 0.1224418 0.1254675 0.1035608 0.1334470 0.0958134 0.0746667 0.1159263 0.0742991 0.0658772 0.0645954 0.1119888 0.1050966 0.0954414 0.0768569 0.0779979 0.1027082 0.1252892 0.0789132 0.0805851 0.0912484 0.1214384 0.1372175 0.1210736 0.0682377 0.0619345 0.1042996 0.0992560 0.1087975 0.0698012 0.0629240 0.0939339 0.1078553 0.1864956 0.0960475 0.1217647 0.1045542 0.0609147 0.0788064 0.0718163 0.0552557 0.0734438 0.0738444 0.1030231 0.0954190 0.0911613 0.1061831 0.0919294 0.0777554 0.0706513 0.1306095 0.1070832 0.0849307 0.1031636 0.1602171 0.0808914 0.0643550 0.1120629 0.1709110 0.0928352 0.1346949 0.1157041 0.0944054 0.1022117 0.1604383 0.0695725 0.1712451 0.0995062 0.0917936 0.0953646 0.1256904 0.0704811 0.0995077 0.1713924 0.0497915 0.0710977 0.0759507 0.0987582 0.1095146 0.1744308 0.1372427 0.0895497 0.0998060 0.1133443 0.1267646 0.1320058 0.0589021 0.1384035 0.0911908 0.0671117 0.0485939 0.0550974 0.0279684 0.0984929 0.0534047 0.0926226 0.0842846 0.0883817 0.1110503 0.0664889 0.0734233 0.0996503 0.1069259 0.0863621 0.0534842 0.0986874 0.0580716 
S0196sl       0.5249735 0.0000010 0.5432293 0.0704823 0.0675416 0.0812493 0.1945048 0.0619814 0.0000000 0.0642795 0.0894773 0.0573511 0.0718813 0.0596908 0.0821888 0.0808045 0.1162749 0.0943681 0.0978654 0.0824012 0.1024639 0.0763875 0.0525997 0.0732315 0.0763330 0.0700573 0.0625293 0.0643271 0.0982491 0.0572451 0.0118220 0.0749777 0.0681830 0.0976089 0.0446934 0.0701896 0.0823129 0.1058313 0.1040458 0.0852432 0.0711577 0.0591254 0.0721061 0.0484743 0.0709146 0.0610343 0.0712868 0.0505134 0.0873113 0.1508639 0.0886274 0.1000454 0.0781415 0.0652704 0.0649807 0.0098827 0.0603481 0.0118730 0.0118930 0.0848324 0.0499834 0.0519980 0.0911556 0.0655009 0.0445847 0.0424172 0.1132909 0.0811953 0.0760784 0.0845087 0.1914738 0.0655195 0.0641446 0.0758372 0.1507586 0.0654320 0.1161566 0.0831209 0.0630437 0.0775992 0.1329161 0.0078265 0.1381481 0.0697267 0.0713584 0.0619828 0.1057011 0.0682530 0.0729103 0.1393828 0.0552068 0.0665051 0.0401103 0.0592220 0.0734385 0.1458927 0.0986444 0.0591461 0.0642148 0.0905238 0.0962444 0.1024237 0.0699166 0.1025621 0.0445946 0.0604426 0.0535336 0.0597650 0.0494762 0.0825497 0.0574768 0.0672458 0.0736852 0.0625346 0.0922277 0.0600091 0.0098564 0.0589088 0.0776361 0.0713003 0.0579692 0.0599230 0.0472323 
S0278         0.5243646 0.5752715 0.5202320 0.1015501 0.0877376 0.1207254 0.2155106 0.0898408 0.0642795 0.0000000 0.1166138 0.0917908 0.0469074 0.1028061 0.1140648 0.1101832 0.0919015 0.1145033 0.1001219 0.0413966 0.1173579 0.0609526 0.0964508 0.1049384 0.0949528 0.0938824 0.0983732 0.0580630 0.1220027 0.0508219 0.0730716 0.0958928 0.0701666 0.1181160 0.0569746 0.0920573 0.1109421 0.1123779 0.1181841 0.0378616 0.0928223 0.0879782 0.0435692 0.0655669 0.0810884 0.0936742 0.0971099 0.0786062 0.0950463 0.1851582 0.1149243 0.1164917 0.1078054 0.0917654 0.0928960 0.0700149 0.0943060 0.0716395 0.0718548 0.1201722 0.0800115 0.0668430 0.0889755 0.0549064 0.0523084 0.0811508 0.0824493 0.1011398 0.0931079 0.1092633 0.1658737 0.0928459 0.0977769 0.1034815 0.1816792 0.1000754 0.1249343 0.1003660 0.0895015 0.1006789 0.1706455 0.0677915 0.1727836 0.0895290 0.0956824 0.1032998 0.1134713 0.1003570 0.1069652 0.1743502 0.0896967 0.1039855 0.0850933 0.0538991 0.0785913 0.1315770 0.1244699 0.0614600 0.0398871 0.0947847 0.1089684 0.1192811 0.0939898 0.1263137 0.1032541 0.0835772 0.0845401 0.0873992 0.0720589 0.1086615 0.0879540 0.0787665 0.0998983 0.0938998 0.0517836 0.0991456 0.0716195 0.0474202 0.0983084 0.0696552 0.0845420 0.0893146 0.0890692 
S0281         0.6092676 0.5353802 0.5576303 0.1334081 0.1654009 0.1851593 0.2769382 0.1408057 0.0894773 0.1166138 0.0000000 0.1314112 0.1102162 0.1260651 0.1742894 0.1420736 0.1547974 0.1309086 0.1190036 0.1145866 0.1463798 0.1186170 0.1183314 0.1624333 0.1411371 0.1318774 0.1338603 0.1331813 0.1464471 0.1106823 0.0853479 0.1178531 0.1510102 0.1444425 0.1054364 0.1307627 0.1362531 0.1069283 0.1430720 0.1365196 0.1279526 0.1272334 0.1045125 0.1268879 0.1176284 0.1209098 0.1518535 0.1044314 0.1172861 0.2398335 0.1544520 0.1343970 0.1140486 0.1388075 0.1306300 0.0855025 0.1315688 0.0855982 0.0858718 0.1387738 0.1095260 0.1221384 0.1160810 0.1023119 0.1036482 0.1090229 0.1726053 0.1272949 0.1235847 0.1416200 0.2090411 0.1342448 0.1539249 0.1163986 0.2264704 0.1192984 0.1439393 0.1338581 0.1341254 0.1475254 0.2082525 0.0815203 0.2145499 0.1434072 0.1450958 0.1299318 0.1330297 0.1374729 0.1177918 0.2189602 0.1192678 0.1317308 0.1019763 0.1060978 0.1325597 0.1868747 0.1454883 0.1181776 0.1365958 0.1081609 0.1387178 0.1519824 0.1449995 0.1479316 0.1333914 0.1113526 0.1184445 0.1259676 0.1256938 0.1280610 0.1199069 0.1163785 0.1312813 0.1226582 0.1200303 0.1217894 0.0855740 0.1163460 0.1001644 0.1184712 0.1211221 0.0891818 0.1227416 
S0282         0.5718849 0.5374772 0.5253440 0.0773349 0.0718659 0.0353348 0.2349745 0.0549505 0.0573511 0.0917908 0.1314112 0.0000000 0.0804043 0.0757580 0.0296827 0.0456829 0.1437360 0.1229615 0.1273261 0.0900990 0.1262234 0.0889380 0.0665004 0.0871073 0.0725521 0.0190963 0.0223348 0.1024122 0.0970087 0.0864283 0.0775705 0.0758092 0.0936948 0.1257167 0.0740040 0.0827196 0.0862709 0.1249263 0.1307401 0.1107292 0.0488130 0.0210391 0.0965909 0.0886325 0.0939223 0.0721389 0.0179257 0.0947731 0.1089062 0.1885384 0.0889312 0.1272785 0.0994821 0.0222778 0.0768891 0.0724841 0.0175746 0.0741258 0.0745051 0.0946590 0.0942994 0.0807441 0.1116863 0.0790475 0.0715998 0.0623800 0.1248532 0.1063536 0.0831756 0.0935167 0.1555245 0.0792169 0.0388520 0.1088896 0.1874032 0.0974778 0.1351282 0.1238704 0.0816531 0.0890757 0.1671429 0.0702146 0.1682786 0.0907539 0.0775191 0.0865400 0.1271726 0.0486716 0.0806930 0.1731580 0.0129935 0.0350065 0.0615547 0.0803202 0.0958856 0.1591793 0.1343344 0.0812288 0.0964866 0.1146342 0.1238483 0.1268004 0.0268348 0.1311147 0.0779357 0.0601281 0.0116283 0.0175985 0.0331449 0.0756625 0.0398043 0.0962804 0.0728437 0.0733497 0.1018429 0.0337292 0.0741049 0.0887136 0.1034612 0.0777716 0.0115990 0.0975611 0.0283611 
S0289         0.5457121 0.5705097 0.5169621 0.1042592 0.1009271 0.1228488 0.2187003 0.0911214 0.0718813 0.0469074 0.1102162 0.0804043 0.0000000 0.0909670 0.1171212 0.1078459 0.0891556 0.1124976 0.1056185 0.0366792 0.1112875 0.0558066 0.0849815 0.1067414 0.0978429 0.0899613 0.0905738 0.0545300 0.1220793 0.0474394 0.0789765 0.0953334 0.0691030 0.1122852 0.0555484 0.0952154 0.0811567 0.1165525 0.1189436 0.0630345 0.0846366 0.0798937 0.0577173 0.0581520 0.0776330 0.0931021 0.0956912 0.0924370 0.0995164 0.1718704 0.1020478 0.1145529 0.1074400 0.0924806 0.1004653 0.0794280 0.0885292 0.0754809 0.0759247 0.1033538 0.0938250 0.0558471 0.0763002 0.0612383 0.0453214 0.0700133 0.0841246 0.1010630 0.0964254 0.1128496 0.1686775 0.0920444 0.0990525 0.0999555 0.1795003 0.1026179 0.1112623 0.1054761 0.0916801 0.1029632 0.1568728 0.0734518 0.1598795 0.0863992 0.1051955 0.0933216 0.1043824 0.0969335 0.1036002 0.1603909 0.0821214 0.0901957 0.0860094 0.0435287 0.0851989 0.1345180 0.1175466 0.0541889 0.0608261 0.1020720 0.1098460 0.1124060 0.0901276 0.1193184 0.0914307 0.0838184 0.0789047 0.0798926 0.0662942 0.0974174 0.0880004 0.0735848 0.0960355 0.0906479 0.0446665 0.0892900 0.0773673 0.0441039 0.0856242 0.0718183 0.0771692 0.0870541 0.0815483 
S0292         0.6481043 0.4320910 0.5587093 0.0677896 0.0578746 0.0716080 0.2198412 0.0822586 0.0596908 0.1028061 0.1260651 0.0757580 0.0909670 0.0000000 0.1021646 0.0872431 0.1419447 0.1205678 0.1300022 0.0969839 0.1314690 0.1041914 0.0481217 0.0803244 0.0831009 0.0780882 0.0803159 0.1219584 0.1086759 0.1023662 0.0717540 0.0827089 0.1208629 0.1307044 0.0825139 0.0759807 0.0963583 0.1336536 0.1043021 0.1130852 0.0765613 0.0713071 0.1067555 0.0920489 0.0979910 0.0868277 0.0797389 0.0868357 0.1085147 0.1959023 0.1004018 0.1225815 0.0956843 0.0799780 0.0741754 0.0743071 0.0807213 0.0698843 0.0745461 0.0800785 0.0925627 0.0950819 0.1207107 0.0865892 0.0859386 0.0576502 0.1451816 0.1156034 0.0687839 0.0942650 0.1396780 0.0677243 0.0644243 0.1096646 0.2144583 0.0907057 0.1333720 0.1065424 0.0653167 0.0769593 0.1739086 0.0654494 0.1842413 0.0812264 0.0790899 0.0650351 0.1330515 0.0823292 0.0430008 0.1828159 0.0715363 0.0759614 0.0590103 0.0846186 0.1061725 0.1686014 0.1439007 0.0881106 0.1060603 0.1266045 0.1177356 0.1392537 0.0736241 0.1391081 0.0698596 0.0152216 0.0660486 0.0736756 0.0683820 0.0485026 0.0581864 0.0968748 0.0296123 0.0202340 0.1036227 0.0811297 0.0698617 0.1053855 0.0917043 0.0856347 0.0672039 0.0996250 0.0688571 
S0293         0.6354839 0.5477710 0.5818237 0.1118884 0.0680696 0.0387480 0.2504038 0.0726517 0.0821888 0.1140648 0.1742894 0.0296827 0.1171212 0.1021646 0.0000000 0.0648968 0.1722920 0.1507155 0.1691898 0.1188470 0.1497702 0.1125429 0.0918373 0.0985369 0.0985383 0.0355767 0.0423838 0.1223151 0.1288956 0.1100660 0.0980748 0.1027296 0.0876944 0.1506480 0.0932043 0.0990069 0.1200077 0.1661467 0.1427634 0.1400264 0.0618958 0.0365355 0.1220548 0.1193322 0.1219358 0.0957996 0.0444438 0.1174778 0.1378361 0.2349392 0.1245895 0.1513873 0.1387927 0.0381659 0.0894961 0.0939334 0.0376816 0.0960504 0.1014400 0.1100911 0.1221216 0.1057568 0.1404304 0.1046550 0.0941061 0.0756023 0.1067319 0.1403188 0.1029243 0.1048972 0.1895754 0.0994672 0.0392032 0.1375700 0.2280204 0.1324845 0.1789834 0.1542299 0.1037066 0.1087801 0.2163883 0.0931924 0.2178153 0.0908031 0.1028816 0.1013268 0.1614796 0.0601489 0.1118449 0.2217560 0.0315975 0.0549211 0.0790117 0.1062728 0.1220045 0.2064918 0.1575054 0.1119932 0.1154353 0.1489011 0.1556247 0.1442044 0.0503308 0.1678072 0.1016702 0.0839579 0.0319640 0.0358193 0.0523978 0.1138037 0.0505092 0.1184425 0.0963960 0.0942503 0.1276542 0.0556000 0.0984701 0.1103164 0.1335444 0.1001666 0.0318025 0.1281791 0.0546030 
S0294         0.5611623 0.4609581 0.5020169 0.0974768 0.0679109 0.0519883 0.2425136 0.0744333 0.0808045 0.1101832 0.1420736 0.0456829 0.1078459 0.0872431 0.0648968 0.0000000 0.1586244 0.1430549 0.1570015 0.1096666 0.1487389 0.1069423 0.0803006 0.0940407 0.0832185 0.0527744 0.0477173 0.1254832 0.1111229 0.1100355 0.0884652 0.0992238 0.1130209 0.1489627 0.0958113 0.0993909 0.1047206 0.1452519 0.1500574 0.1283975 0.0703513 0.0395353 0.1145286 0.0908939 0.1153397 0.0843817 0.0488213 0.1086545 0.1284171 0.1794955 0.1100278 0.1477017 0.1138067 0.0459761 0.0932374 0.0889884 0.0442609 0.0906850 0.0931409 0.1097585 0.1102271 0.1014314 0.1278897 0.0999127 0.0921355 0.0757144 0.1514720 0.1339530 0.1003977 0.1041564 0.1682101 0.0997175 0.0185193 0.1183513 0.1865186 0.1048672 0.1618973 0.1433375 0.0984882 0.1024711 0.1644717 0.0864839 0.1684973 0.1039247 0.0988640 0.0972900 0.1467760 0.0669417 0.0990033 0.1733944 0.0405861 0.0504750 0.0749770 0.1004949 0.1137287 0.1824314 0.1527129 0.1036255 0.1216879 0.1320274 0.1339885 0.1494509 0.0422656 0.1443090 0.1052873 0.0714407 0.0409805 0.0389467 0.0537638 0.0989661 0.0532936 0.1032595 0.0850010 0.0846190 0.1225679 0.0460662 0.0906589 0.1105103 0.1033164 0.0923841 0.0409506 0.1135572 0.0452694 
S0299         0.5529380 0.6305055 0.5494355 0.1550947 0.1595672 0.1843822 0.2466725 0.1507871 0.1162749 0.0919015 0.1547974 0.1437360 0.0891556 0.1419447 0.1722920 0.1586244 0.0000000 0.1564585 0.1445396 0.0913055 0.1617104 0.0974294 0.1401134 0.1662800 0.1573246 0.1555491 0.1564960 0.0977986 0.1760110 0.0909874 0.1179466 0.1564347 0.1174077 0.1612646 0.0966054 0.1163669 0.1644342 0.1453930 0.1509029 0.1037407 0.1461415 0.1435891 0.0932224 0.1067921 0.1157267 0.1414483 0.1520817 0.1304784 0.1321902 0.2202870 0.1788447 0.1565057 0.1356874 0.1490220 0.1196714 0.1226419 0.1514486 0.1204126 0.1254162 0.1510529 0.1318251 0.1078913 0.1264874 0.1087993 0.0990654 0.1173015 0.1042875 0.1417356 0.1248811 0.1435741 0.1927102 0.1281221 0.1494097 0.1657606 0.2261917 0.1470753 0.1701649 0.1524340 0.1234746 0.1269581 0.2014603 0.1221361 0.2049544 0.1153478 0.1335124 0.1522384 0.1610424 0.1449772 0.1422556 0.2057161 0.1433052 0.1498674 0.1391375 0.0927662 0.1311983 0.1830171 0.1662575 0.1146741 0.1026200 0.1432638 0.1504043 0.1703891 0.1577594 0.1555316 0.1407662 0.1299688 0.1350778 0.1454230 0.1194440 0.1388311 0.1325955 0.1394626 0.1432453 0.1389957 0.1040899 0.1540819 0.1268416 0.0844389 0.1510016 0.1161537 0.1422425 0.1473158 0.1393308 
S0303         0.5538037 0.4394454 0.4814392 0.1265397 0.1286954 0.1283291 0.2549104 0.1224418 0.0943681 0.1145033 0.1309086 0.1229615 0.1124976 0.1205678 0.1507155 0.1430549 0.1564585 0.0000000 0.0646456 0.1199163 0.0151193 0.1321209 0.1169634 0.1339856 0.1342441 0.1208683 0.1174026 0.1272399 0.1412829 0.1126340 0.0877653 0.1173933 0.1455859 0.0151080 0.1068646 0.1152656 0.1495507 0.0922650 0.0087506 0.1175101 0.1272730 0.1193092 0.1225568 0.1203154 0.1251138 0.1137908 0.1276059 0.1284166 0.0068182 0.2450526 0.1424437 0.0152630 0.1066965 0.1292834 0.1195558 0.0930743 0.1226593 0.0904264 0.0956067 0.1512216 0.1349069 0.1152841 0.0512427 0.1115452 0.1029480 0.0982722 0.1635151 0.0487763 0.1154402 0.1236574 0.1936977 0.1162207 0.1458585 0.1415643 0.2244221 0.1129147 0.0637373 0.0740881 0.1199431 0.1286258 0.2191531 0.0879143 0.2239786 0.1168789 0.1190943 0.1278114 0.0655697 0.1374469 0.1294830 0.2154382 0.1132707 0.1242331 0.1004284 0.1069346 0.1343548 0.1889140 0.0220492 0.1141552 0.1306045 0.0864449 0.0166664 0.0221135 0.1231645 0.0757738 0.1236742 0.1013305 0.1070182 0.1100575 0.1050183 0.1198005 0.1102767 0.0916770 0.1224022 0.1246255 0.1300260 0.1257753 0.0927297 0.1100896 0.1357781 0.0993942 0.1129396 0.1272937 0.1120338 
S0308         0.4955390 0.4422938 0.4911999 0.1221452 0.1507902 0.1584209 0.2542853 0.1254675 0.0978654 0.1001219 0.1190036 0.1273261 0.1056185 0.1300022 0.1691898 0.1570015 0.1445396 0.0646456 0.0000000 0.1056046 0.0716860 0.1202356 0.1212631 0.1549307 0.1368456 0.1320744 0.1360943 0.1252112 0.1372553 0.1067897 0.1005349 0.1175906 0.1272498 0.0735348 0.0914482 0.1163418 0.1335674 0.0729580 0.0631334 0.1098847 0.1292216 0.1350979 0.0999575 0.1190455 0.1161731 0.1079918 0.1402275 0.1211649 0.0544763 0.2194144 0.1372164 0.0685912 0.1156629 0.1414305 0.1201741 0.0995791 0.1368658 0.0992132 0.1016107 0.1417423 0.1245520 0.1110324 0.0559195 0.1000833 0.0976548 0.1035906 0.1519094 0.0614517 0.1155159 0.1308106 0.1945418 0.1173706 0.1426196 0.1409643 0.2081309 0.1225715 0.0740860 0.0831156 0.1219263 0.1340923 0.2012155 0.0969792 0.2029757 0.1320028 0.1379135 0.1309668 0.0797969 0.1395709 0.1319593 0.2007455 0.1316187 0.1411299 0.1047663 0.1007759 0.1213867 0.1663190 0.0793802 0.1029616 0.1060390 0.0620516 0.0681694 0.0819895 0.1410387 0.0832212 0.1250331 0.1085125 0.1260885 0.1237039 0.1204447 0.1270500 0.1268239 0.0975706 0.1267678 0.1283220 0.1095581 0.1361893 0.1012416 0.1077890 0.1333054 0.1036569 0.1282597 0.1268870 0.1211492 
S0320         0.5265486 0.4972013 0.4966182 0.1062889 0.1124757 0.1259490 0.2239450 0.1035608 0.0824012 0.0413966 0.1145866 0.0900990 0.0366792 0.0969839 0.1188470 0.1096666 0.0913055 0.1199163 0.1056046 0.0000000 0.1235784 0.0608686 0.0932286 0.1205529 0.1009845 0.0958793 0.0965968 0.0613449 0.1214518 0.0576889 0.0940234 0.0984129 0.0948211 0.1258468 0.0674096 0.0947913 0.0876170 0.1207462 0.1199188 0.0661987 0.0985456 0.0915610 0.0556212 0.0719742 0.0890637 0.0976362 0.1103437 0.0960844 0.0997645 0.1825054 0.1055851 0.1269513 0.1099753 0.0939268 0.0995033 0.0888313 0.0984814 0.0904918 0.0928933 0.1201972 0.0955015 0.0687346 0.0778059 0.0699190 0.0617427 0.0849013 0.0920472 0.1079188 0.0974881 0.1103819 0.1695436 0.0955563 0.1109939 0.1003414 0.1846155 0.1070557 0.1113287 0.1101103 0.1063772 0.1140755 0.1653968 0.0863812 0.1713124 0.0983128 0.1170439 0.1005097 0.1024438 0.1049700 0.0877062 0.1689067 0.0918416 0.1059534 0.0947475 0.0530791 0.0961766 0.1457850 0.1273419 0.0683214 0.0610078 0.1000520 0.1141103 0.1221182 0.0981038 0.1127128 0.1020165 0.0897375 0.0866650 0.0912807 0.0846647 0.1013005 0.0918612 0.0855278 0.1035607 0.0990849 0.0378729 0.0992898 0.0904663 0.0490618 0.0881995 0.0682311 0.0886062 0.0926121 0.0911978 
S0322         0.5157539 0.4840652 0.4718912 0.1357504 0.1490053 0.1430436 0.2696039 0.1334470 0.1024639 0.1173579 0.1463798 0.1262234 0.1112875 0.1314690 0.1497702 0.1487389 0.1617104 0.0151193 0.0716860 0.1235784 0.0000000 0.1352136 0.1276718 0.1443744 0.1408893 0.1250459 0.1239526 0.1322654 0.1419831 0.1168649 0.0946667 0.1277812 0.1317132 0.0065844 0.1180772 0.1318348 0.1433363 0.0959640 0.0215877 0.1230707 0.1298535 0.1224147 0.1251210 0.1212468 0.1339124 0.1219784 0.1339497 0.1299244 0.0121127 0.2225584 0.1425846 0.0131373 0.1186296 0.1315693 0.1294978 0.1016442 0.1257329 0.1012638 0.1016861 0.1519785 0.1355662 0.1169421 0.0587000 0.1171862 0.1040222 0.1060974 0.1680496 0.0542762 0.1343087 0.1424840 0.2036413 0.1330142 0.1504752 0.1438985 0.2166704 0.1219992 0.0635650 0.0900400 0.1222120 0.1324330 0.2096084 0.0989772 0.2086854 0.1356728 0.1389185 0.1390010 0.0668321 0.1393553 0.1436831 0.2056341 0.1195979 0.1289040 0.1080991 0.1155331 0.1373699 0.1911487 0.0160767 0.1151947 0.1224344 0.0882837 0.0271638 0.0161935 0.1330953 0.0786027 0.1347052 0.1179040 0.1162336 0.1167209 0.1129269 0.1334325 0.1171439 0.1030428 0.1322939 0.1382106 0.1370468 0.1283135 0.1033358 0.1159393 0.1342961 0.1108391 0.1197043 0.1313985 0.1136431 
S0327         0.5230128 0.5795464 0.5540970 0.1112481 0.0901013 0.1248234 0.2221215 0.0958134 0.0763875 0.0609526 0.1186170 0.0889380 0.0558066 0.1041914 0.1125429 0.1069423 0.0974294 0.1321209 0.1202356 0.0608686 0.1352136 0.0000000 0.0977254 0.1034748 0.1078432 0.0947522 0.1001927 0.0665107 0.1220172 0.0467135 0.0894777 0.1125973 0.0770435 0.1372870 0.0547472 0.0935467 0.1096405 0.1239631 0.1400174 0.0816876 0.1006103 0.0937687 0.0682201 0.0668454 0.0979444 0.0926027 0.0993990 0.0946092 0.1074211 0.1838004 0.1207661 0.1360613 0.1067448 0.0959731 0.0939635 0.0880897 0.0933383 0.0897366 0.0921120 0.1077208 0.1029653 0.0697340 0.1059364 0.0748987 0.0644941 0.0785070 0.0811121 0.1241262 0.0900110 0.1068698 0.1634570 0.0900013 0.0842310 0.1266825 0.1814390 0.1049530 0.1484419 0.1223434 0.0905965 0.1017169 0.1655310 0.0856664 0.1715203 0.0869260 0.1092450 0.1043859 0.1330990 0.1131937 0.1218114 0.1716692 0.0868823 0.1049743 0.0944383 0.0533565 0.1051168 0.1488741 0.1390070 0.0829782 0.0700054 0.1099390 0.1266063 0.1337795 0.0996993 0.1520248 0.1056377 0.0969523 0.0836873 0.0891740 0.0795316 0.1173981 0.0966828 0.0843127 0.1049127 0.0990009 0.0701448 0.1001739 0.0897116 0.0503286 0.1085999 0.0800005 0.0836888 0.1086265 0.0863819 
S0335         0.5990379 0.4694924 0.6109023 0.0505673 0.0152863 0.0657556 0.2049585 0.0746667 0.0525997 0.0964508 0.1183314 0.0665004 0.0849815 0.0481217 0.0918373 0.0803006 0.1401134 0.1169634 0.1212631 0.0932286 0.1276718 0.0977254 0.0000000 0.0581257 0.0796680 0.0687198 0.0708617 0.1121026 0.0971288 0.0895199 0.0663946 0.0790438 0.0972207 0.1275795 0.0669283 0.0802155 0.0818179 0.1140488 0.1069480 0.1084296 0.0694398 0.0622281 0.0938794 0.0693887 0.0937678 0.0665809 0.0703840 0.0748713 0.1049667 0.1873556 0.0854883 0.1188963 0.0930179 0.0754600 0.0741713 0.0647643 0.0712155 0.0605430 0.0649686 0.0750787 0.0804740 0.0779013 0.0970686 0.0789903 0.0650860 0.0460001 0.1366572 0.1049091 0.0772837 0.0897185 0.1421903 0.0761247 0.0638942 0.1076492 0.1836548 0.0684016 0.1259386 0.1199729 0.0657651 0.0798628 0.1620754 0.0563159 0.1668439 0.0604070 0.0856033 0.0539537 0.1256387 0.0848781 0.0683313 0.1691130 0.0624300 0.0708069 0.0365486 0.0816553 0.1051447 0.1608454 0.1348264 0.0798649 0.1062294 0.1123137 0.1141846 0.1353278 0.0644380 0.1341505 0.0520530 0.0371106 0.0570495 0.0644850 0.0559320 0.0603494 0.0540240 0.0837024 0.0566860 0.0460413 0.1046536 0.0695003 0.0605237 0.0989468 0.0890187 0.0860528 0.0607164 0.0910333 0.0638888 
S0345         0.5772353 0.4949240 0.6125814 0.0737724 0.0540228 0.0895862 0.2296754 0.1159263 0.0732315 0.1049384 0.1624333 0.0871073 0.1067414 0.0803244 0.0985369 0.0940407 0.1662800 0.1339856 0.1549307 0.1205529 0.1443744 0.1034748 0.0581257 0.0000000 0.0911970 0.1109166 0.0915656 0.1157001 0.1082011 0.0984620 0.0759577 0.0861264 0.0917428 0.1338879 0.0831433 0.0944497 0.1138554 0.1448494 0.1475017 0.1248703 0.0850191 0.0754379 0.1360811 0.0768990 0.1127129 0.0940395 0.0787420 0.1070929 0.1377746 0.2195812 0.0994139 0.1410428 0.1332368 0.0875503 0.0904894 0.0771619 0.0955533 0.0797398 0.0790203 0.0918444 0.1134641 0.0898459 0.1285315 0.1079956 0.0850415 0.0570782 0.1097745 0.1311367 0.0953457 0.0991832 0.1078494 0.0914988 0.0733129 0.1040393 0.2285797 0.0956178 0.1612458 0.1223599 0.0920377 0.0938366 0.2064854 0.0759577 0.2093527 0.0822463 0.1032688 0.0700778 0.1493127 0.1041645 0.0996345 0.2136643 0.0949182 0.0902448 0.0594657 0.0798753 0.1232145 0.1104407 0.1355499 0.0959718 0.1060942 0.1204506 0.1345208 0.1269516 0.1022635 0.1356256 0.0349500 0.0805644 0.0861036 0.0909194 0.0756391 0.1004908 0.0940249 0.1013040 0.0777251 0.0800869 0.1167679 0.0880920 0.0759577 0.0976125 0.1092796 0.1073581 0.0887566 0.1041413 0.0784460 
S0376         0.5513214 0.5404326 0.4973640 0.0860672 0.0802258 0.0943816 0.2299605 0.0742991 0.0763330 0.0949528 0.1411371 0.0725521 0.0978429 0.0831009 0.0985383 0.0832185 0.1573246 0.1342441 0.1368456 0.1009845 0.1408893 0.1078432 0.0796680 0.0911970 0.0000000 0.0768776 0.0749520 0.1208425 0.1089301 0.1053778 0.0860900 0.0639319 0.1151262 0.1372225 0.0859842 0.0931671 0.0884451 0.1343009 0.1434155 0.1134353 0.0657781 0.0649877 0.0998748 0.0962647 0.1050806 0.0765158 0.0810353 0.0933825 0.1148292 0.2042861 0.1014012 0.1277202 0.1156899 0.0767852 0.0787331 0.0808768 0.0689633 0.0825516 0.0849055 0.1104130 0.0970427 0.1056465 0.1038327 0.0837571 0.0883173 0.0685368 0.1480655 0.1199772 0.0898314 0.1017921 0.1627169 0.0877794 0.0817618 0.1023120 0.1958700 0.0981363 0.1361440 0.1296237 0.0943381 0.0997160 0.1850417 0.0784815 0.1912567 0.0966370 0.0881834 0.0993228 0.1250065 0.0811309 0.0896920 0.1892204 0.0669825 0.0738563 0.0769394 0.0950132 0.1051325 0.1641490 0.1421424 0.1019856 0.1125938 0.1096078 0.1362904 0.1439997 0.0689800 0.1344638 0.0918400 0.0737442 0.0622088 0.0688272 0.0597057 0.1035298 0.0644007 0.1027294 0.0829808 0.0874527 0.1071578 0.0728664 0.0787709 0.1055219 0.0992968 0.0925750 0.0618294 0.0997073 0.0679361 
S0400         0.6232407 0.5201061 0.5177296 0.0820197 0.0761037 0.0523887 0.2414050 0.0658772 0.0700573 0.0938824 0.1318774 0.0190963 0.0899613 0.0780882 0.0355767 0.0527744 0.1555491 0.1208683 0.1320744 0.0958793 0.1250459 0.0947522 0.0687198 0.1109166 0.0768776 0.0000000 0.0286979 0.1066179 0.0983864 0.0942449 0.0775766 0.0840847 0.1038491 0.1236165 0.0851964 0.0969581 0.0882186 0.1319842 0.1411695 0.1102231 0.0542788 0.0259420 0.0969230 0.0989809 0.0959781 0.0756490 0.0276532 0.0950991 0.1097807 0.1889692 0.0865457 0.1263223 0.1014938 0.0302740 0.0891641 0.0761958 0.0253691 0.0778451 0.0801226 0.1077651 0.0965983 0.0948977 0.1125698 0.0811094 0.0795182 0.0717886 0.1318210 0.1109959 0.0935095 0.1083845 0.1742020 0.0933451 0.0578643 0.1067717 0.1852377 0.1015359 0.1279769 0.1274416 0.0920288 0.0998690 0.1699944 0.0738812 0.1712465 0.0932984 0.0924520 0.0863861 0.1279540 0.0576130 0.0851586 0.1761957 0.0205904 0.0416989 0.0655697 0.0860523 0.0980080 0.1666833 0.1331930 0.0932965 0.1044769 0.1124487 0.1248384 0.1256192 0.0349471 0.1293690 0.0826410 0.0658211 0.0207795 0.0254048 0.0459338 0.0845558 0.0417150 0.0990038 0.0827777 0.0811060 0.1103192 0.0404539 0.0778231 0.0965966 0.1056433 0.0877543 0.0192032 0.0977104 0.0382128 
S0405         0.5938568 0.4885229 0.5208253 0.0857013 0.0763400 0.0387247 0.2449878 0.0645954 0.0625293 0.0983732 0.1338603 0.0223348 0.0905738 0.0803159 0.0423838 0.0477173 0.1564960 0.1174026 0.1360943 0.0965968 0.1239526 0.1001927 0.0708617 0.0915656 0.0749520 0.0286979 0.0000000 0.1086056 0.0998746 0.0929140 0.0779877 0.0839786 0.1025117 0.1201066 0.0838637 0.0865889 0.0988990 0.1326681 0.1352178 0.1178106 0.0559234 0.0196400 0.1009767 0.0940999 0.1023219 0.0795756 0.0238579 0.0978835 0.1093047 0.1929000 0.0973152 0.1252079 0.1025005 0.0255999 0.0807726 0.0748793 0.0255809 0.0765364 0.0788137 0.0968400 0.0969517 0.0931088 0.1094789 0.0875069 0.0817810 0.0646074 0.1330700 0.1062441 0.0895416 0.0955462 0.1605396 0.0830590 0.0355183 0.1067115 0.1943958 0.0980401 0.1319556 0.1288278 0.0855446 0.0931104 0.1762246 0.0725662 0.1774575 0.0942045 0.0821027 0.0889286 0.1248856 0.0524176 0.0868491 0.1825617 0.0177110 0.0365521 0.0597573 0.0846399 0.1005589 0.1726932 0.1320319 0.0915075 0.1072500 0.1199678 0.1215902 0.1218988 0.0285857 0.1300181 0.0901990 0.0659760 0.0178741 0.0192379 0.0348587 0.0864411 0.0417243 0.0988662 0.0789795 0.0794015 0.1088408 0.0320614 0.0765147 0.0952680 0.1035702 0.0877640 0.0193632 0.0976525 0.0317838 
S0407sl       0.5042562 0.6298255 0.5296537 0.1280437 0.0993876 0.1104811 0.2270312 0.1119888 0.0643271 0.0580630 0.1331813 0.1024122 0.0545300 0.1219584 0.1223151 0.1254832 0.0977986 0.1272399 0.1252112 0.0613449 0.1322654 0.0665107 0.1121026 0.1157001 0.1208425 0.1066179 0.1086056 0.0000000 0.1424123 0.0491178 0.0918380 0.1131764 0.0718144 0.1305093 0.0626791 0.1076457 0.1169231 0.1274492 0.1192051 0.0774463 0.1009193 0.1006679 0.0613060 0.0699456 0.0886477 0.1109751 0.1039151 0.1087569 0.1096106 0.1969293 0.1361530 0.1355865 0.1161340 0.1094422 0.1084530 0.0839465 0.1073105 0.0881268 0.0883476 0.1413437 0.1101610 0.0703735 0.0950672 0.0688188 0.0633805 0.1001828 0.0737226 0.1162371 0.1058153 0.1330021 0.2086249 0.1079491 0.0897723 0.1296953 0.2002736 0.1153679 0.1299448 0.1163691 0.1149462 0.1178463 0.1781773 0.0859254 0.1924065 0.0908565 0.1269577 0.1200222 0.1149348 0.1191090 0.1360896 0.1841064 0.1000819 0.1094127 0.1046743 0.0554331 0.0940424 0.1490763 0.1314134 0.0742127 0.0633020 0.1084839 0.1249073 0.1260385 0.1153633 0.1264338 0.1174295 0.1080205 0.0967026 0.0997118 0.0782021 0.1290262 0.0998239 0.0859449 0.1154372 0.1142071 0.0713422 0.1023419 0.0901478 0.0296807 0.1231438 0.0742556 0.0988400 0.1151989 0.1006475 
S0412sl       0.6277454 0.4955367 0.5673928 0.1149806 0.0850733 0.0953040 0.2422477 0.1050966 0.0982491 0.1220027 0.1464471 0.0970087 0.1220793 0.1086759 0.1288956 0.1111229 0.1760110 0.1412829 0.1372553 0.1214518 0.1419831 0.1220172 0.0971288 0.1082011 0.1089301 0.0983864 0.0998746 0.1424123 0.0000000 0.1260785 0.0878309 0.1135734 0.1469045 0.1439374 0.1086533 0.1249158 0.0904975 0.1348938 0.1725594 0.1418650 0.1072676 0.1015881 0.1350436 0.1071431 0.1225026 0.0893681 0.1161831 0.1090825 0.1271200 0.2080212 0.0619980 0.1456500 0.1022048 0.0967817 0.1192878 0.0949209 0.1042033 0.0987011 0.0966924 0.1203449 0.1241462 0.1295924 0.1353948 0.1163076 0.1103667 0.0815672 0.1785679 0.1315634 0.1220170 0.1301069 0.1510784 0.1208697 0.0857383 0.1177966 0.2112798 0.1070287 0.1641464 0.1499701 0.1146835 0.1260067 0.1965665 0.0941581 0.1974363 0.1103482 0.1252848 0.1025165 0.1430741 0.1160419 0.1292057 0.2007161 0.0970318 0.1052057 0.0871645 0.1166025 0.1408703 0.1422638 0.1509305 0.1348280 0.1352291 0.1209337 0.1421773 0.1450551 0.1059785 0.1566244 0.1070519 0.0878204 0.0895441 0.0970844 0.0887895 0.1145289 0.0988819 0.1020771 0.1033447 0.1053745 0.1354554 0.1019952 0.0959532 0.1339977 0.1029979 0.1175570 0.0999513 0.1080256 0.0915588 
S0417         0.4906255 0.4887333 0.5399462 0.0972450 0.0918552 0.1150030 0.2035926 0.0954414 0.0572451 0.0508219 0.1106823 0.0864283 0.0474394 0.1023662 0.1100660 0.1100355 0.0909874 0.1126340 0.1067897 0.0576889 0.1168649 0.0467135 0.0895199 0.0984620 0.1053778 0.0942449 0.0929140 0.0491178 0.1260785 0.0000000 0.0733374 0.1030023 0.0493123 0.1208814 0.0416253 0.0990751 0.1127045 0.1125658 0.1225793 0.0637367 0.0954778 0.0864630 0.0547499 0.0541080 0.0818362 0.0933693 0.1008606 0.0888823 0.0957172 0.1677189 0.1161367 0.1201254 0.1014814 0.0841140 0.0937131 0.0683150 0.0908462 0.0680760 0.0721175 0.1180197 0.0902819 0.0491280 0.0867395 0.0610548 0.0488688 0.0773126 0.0597350 0.0966467 0.0937231 0.1084536 0.1629253 0.0914751 0.0940190 0.1092357 0.1726629 0.0880258 0.1196543 0.1080408 0.0897611 0.1009732 0.1544923 0.0661074 0.1556986 0.0766766 0.1069771 0.1071701 0.1132978 0.1029775 0.1157922 0.1604707 0.0843616 0.0957316 0.0873417 0.0352780 0.0813839 0.1340846 0.1184613 0.0579680 0.0547684 0.0987001 0.1078703 0.1153993 0.0982069 0.1217469 0.0961418 0.0938118 0.0811291 0.0821050 0.0738932 0.1139390 0.0859069 0.0777950 0.0925797 0.0998795 0.0573687 0.0906994 0.0699201 0.0291132 0.1015816 0.0681633 0.0811308 0.0938371 0.0794045 
S0419         0.5342589 0.4981340 0.5219463 0.0764643 0.0675413 0.0885867 0.1918441 0.0768569 0.0118220 0.0730716 0.0853479 0.0775705 0.0789765 0.0717540 0.0980748 0.0884652 0.1179466 0.0877653 0.1005349 0.0940234 0.0946667 0.0894777 0.0663946 0.0759577 0.0860900 0.0775766 0.0779877 0.0918380 0.0878309 0.0733374 0.0000000 0.0830794 0.0704277 0.0975961 0.0566274 0.0898701 0.0888100 0.1022669 0.1008700 0.0889152 0.0786135 0.0717855 0.0835134 0.0679655 0.0750298 0.0692966 0.0774592 0.0540153 0.0821517 0.1610539 0.0874516 0.0898619 0.0784419 0.0818628 0.0804790 0.0129664 0.0817818 0.0114764 0.0085988 0.0874550 0.0587024 0.0645951 0.0845703 0.0661230 0.0537019 0.0513868 0.1133510 0.0825364 0.0850600 0.0890406 0.1605246 0.0863429 0.0641443 0.0652034 0.1676734 0.0702198 0.1073275 0.0921203 0.0711856 0.0799647 0.1411629 0.0085371 0.1492759 0.0765101 0.0879343 0.0704565 0.0966719 0.0769017 0.0883803 0.1515555 0.0683563 0.0768826 0.0501687 0.0713112 0.0842570 0.1322387 0.1004021 0.0683198 0.0792539 0.0906765 0.0903566 0.0993248 0.0813969 0.1067677 0.0719848 0.0655541 0.0672258 0.0697001 0.0533877 0.0854647 0.0664348 0.0745284 0.0733348 0.0720093 0.1013640 0.0722414 0.0114734 0.0786123 0.0655353 0.0751839 0.0724246 0.0558448 0.0622123 
S0427         0.5956644 0.4728604 0.5063182 0.0875394 0.0776558 0.0837044 0.2176776 0.0779979 0.0749777 0.0958928 0.1178531 0.0758092 0.0953334 0.0827089 0.1027296 0.0992238 0.1564347 0.1173933 0.1175906 0.0984129 0.1277812 0.1125973 0.0790438 0.0861264 0.0639319 0.0840847 0.0839786 0.1131764 0.1135734 0.1030023 0.0830794 0.0000000 0.1197442 0.1227349 0.0876386 0.0861737 0.0948155 0.1150839 0.1297110 0.1120756 0.0804658 0.0706962 0.1020152 0.1027276 0.1016934 0.0839430 0.0765229 0.0927392 0.1104083 0.2109613 0.1071740 0.1203452 0.1153417 0.0876903 0.0779981 0.0757779 0.0757377 0.0795377 0.0799562 0.1132005 0.0998197 0.0975042 0.1073818 0.0864766 0.0871258 0.0771063 0.1361858 0.0992924 0.0825743 0.1065286 0.1527674 0.0846077 0.0835760 0.1007476 0.1970100 0.1016539 0.1285586 0.1127994 0.0933204 0.1004774 0.1927841 0.0754825 0.1886465 0.1006266 0.0931203 0.0967939 0.1213681 0.0879105 0.0912891 0.1871201 0.0731323 0.0868081 0.0736398 0.0895988 0.1016768 0.1626530 0.1290679 0.0938968 0.1026639 0.0913819 0.1232439 0.1306687 0.0834943 0.1341155 0.0941697 0.0712443 0.0681893 0.0751647 0.0649360 0.1034523 0.0771394 0.0945525 0.0825608 0.0868768 0.1052216 0.0832523 0.0795149 0.1024346 0.0922507 0.0931938 0.0703583 0.0965088 0.0787686 
