121
CRNC          0.0000000 0.1298370 0.1901021 0.2106769 0.2437215 0.2210193 0.2182500 0.2068010 0.2360807 0.2591244 0.2415020 0.2107056 0.2367621 0.2153936 0.2399952 0.2180384 0.2140346 0.2243305 0.2171387 0.2024386 0.2362964 0.2003582 0.2318746 0.2624932 0.2395768 0.2153851 0.2151339 0.2311506 0.2482057 0.2333984 0.2257897 0.2410288 0.2615613 0.2258565 0.2166686 0.1966341 0.2317626 0.2484995 0.2177830 0.2301297 0.2271396 0.2336291 0.2354034 0.2436592 0.2218154 0.4446927 0.2246119 0.2212297 0.2234601 0.2253340 0.2186683 0.2376385 0.2185810 0.2210502 0.2246119 0.2155371 0.2325073 0.2356322 0.2131073 0.2378389 0.2282825 0.2282167 0.2319090 0.2222094 0.2396058 0.2910585 0.2541127 0.2176329 0.2102359 0.2357441 0.2279159 0.2421049 0.2098244 0.2271875 0.2619301 0.2559816 0.2751027 0.2222516 0.2103521 0.2041545 0.2292053 0.2273804 0.2160542 0.2331929 0.2447550 0.1896698 0.2160274 0.2137562 0.2184236 0.2250482 0.2592075 0.2124167 0.2284839 0.2275967 0.2566506 0.2357337 0.2415958 0.2312095 0.2220943 0.2167208 0.2082016 0.2279556 0.2459928 0.2095379 0.2167113 0.2260543 0.2093648 0.2439456 0.2237993 0.2509871 0.2211578 0.2291654 0.2265357 0.2211627 0.2264854 0.2073436 0.1928591 0.2123310 0.2006008 0.2193718 0.2277273 
HYZL          0.1298370 0.0000000 0.0789213 0.1708997 0.2133682 0.1759224 0.1655909 0.1646348 0.1815330 0.2025683 0.1867882 0.1707734 0.1996398 0.1529492 0.1976903 0.1847148 0.1919433 0.1818748 0.1790798 0.1673173 0.1677776 0.1852872 0.1693368 0.1812607 0.2146298 0.1754180 0.1706466 0.1724224 0.1977485 0.1825512 0.1657036 0.1960780 0.2209346 0.1830150 0.1598302 0.1854092 0.1810668 0.1871817 0.1644370 0.1761641 0.1844763 0.2117309 0.1924760 0.1738978 0.1741161 0.3930177 0.1659239 0.1740743 0.1658132 0.2010400 0.1769086 0.1675009 0.1569937 0.1835754 0.1707584 0.1809606 0.1852055 0.1756511 0.1789356 0.1915349 0.1768154 0.1664553 0.1788581 0.1838139 0.1843651 0.2267750 0.1683432 0.1753989 0.1851651 0.1788982 0.1813322 0.1945221 0.1646928 0.1683742 0.1839960 0.1934786 0.1841481 0.1832309 0.1800132 0.1652974 0.1750653 0.1685294 0.1863450 0.1557181 0.1937166 0.1616231 0.1594857 0.1527172 0.1777882 0.2004008 0.1701253 0.1694618 0.1667017 0.1661089 0.1847077 0.1830119 0.2082051 0.1771196 0.1794279 0.1744884 0.1645712 0.1727903 0.1606737 0.1478076 0.1749703 0.1805640 0.1612036 0.1826776 0.1669749 0.2035555 0.1579050 0.1692439 0.1764555 0.1964856 0.1770104 0.1743166 0.1548360 0.1780815 0.1724613 0.1802562 0.2002379 
MYZV          0.1901021 0.0789213 0.0000000 0.1882102 0.2662709 0.1681249 0.1620227 0.1516979 0.1686201 0.1890568 0.1742527 0.1628729 0.1780416 0.1592649 0.1903480 0.1766911 0.1948460 0.1790731 0.1678384 0.1541666 0.1746571 0.1824204 0.1921112 0.2028168 0.2128406 0.1676253 0.1627535 0.1592910 0.1826275 0.1903739 0.1573726 0.1932444 0.2514070 0.1802328 0.1560425 0.1741812 0.1830973 0.1791466 0.1561522 0.1699088 0.1873265 0.1952259 0.1997690 0.1658053 0.1659690 0.3827069 0.1613369 0.1710116 0.1625764 0.1936698 0.1739614 0.1747067 0.1490083 0.1721719 0.1625805 0.1779579 0.1792396 0.1627405 0.1661587 0.1787805 0.1735225 0.1730332 0.1708650 0.1806842 0.1816048 0.2241118 0.1752805 0.1739112 0.1739463 0.1596210 0.1700490 0.1920224 0.1565917 0.1749526 0.1686578 0.1910176 0.1623242 0.1804495 0.1876079 0.1576040 0.1621929 0.1653280 0.1850176 0.1719343 0.2015149 0.1825886 0.1660057 0.1538679 0.1750652 0.1821546 0.1839420 0.1612617 0.1585742 0.1579950 0.1915807 0.1798724 0.2059987 0.1789249 0.1816045 0.1616995 0.1566061 0.1629289 0.1568904 0.1538592 0.1669162 0.1728753 0.1729326 0.1905007 0.1635109 0.2115984 0.1644683 0.1764319 0.1733339 0.1781185 0.1743188 0.1611112 0.1460616 0.1701018 0.1482383 0.2038934 0.1817753 
SRR6441723    0.2106769 0.1708997 0.1882102 0.0000000 0.0110009 0.0272711 0.0949676 0.0336974 0.0427550 0.0637358 0.0437505 0.0339821 0.0518450 0.0207233 0.0405415 0.0485816 0.0515629 0.0502967 0.0669543 0.0440099 0.0539258 0.0445955 0.0086982 0.0237735 0.0574145 0.0271931 0.0272327 0.0476526 0.0518037 0.0446611 0.0244182 0.0582895 0.0599515 0.0505553 0.0399165 0.0470075 0.0546677 0.0612153 0.0432984 0.0369491 0.0328843 0.0587810 0.0570526 0.0372110 0.0316721 0.1829350 0.0402890 0.0473153 0.0465294 0.0372675 0.0471942 0.0632274 0.0339251 0.0403445 0.0369592 0.0369345 0.0434798 0.0369505 0.0400466 0.0471564 0.0399563 0.0579172 0.0338899 0.0432177 0.0298305 0.1058841 0.0471465 0.0578216 0.0504176 0.0610638 0.0541806 0.0556353 0.0526213 0.0539625 0.0652924 0.0708996 0.0605626 0.0432369 0.0332755 0.0549964 0.0371297 0.0434141 0.0539048 0.0302723 0.0708522 0.0399906 0.0402647 0.0402512 0.0240896 0.0439960 0.0326447 0.0339115 0.0406498 0.0405284 0.0417485 0.0435257 0.0519309 0.0471772 0.0474269 0.0467069 0.0270711 0.0617630 0.0175290 0.0148076 0.0271375 0.0402717 0.0305065 0.0366171 0.0283077 0.0467374 0.0176646 0.0209012 0.0512124 0.0408414 0.0442411 0.0486434 0.0363700 0.0371322 0.0335083 0.0608968 0.0447199 
ERR4210213    0.2437215 0.2133682 0.2662709 0.0110009 0.0000000 0.0371203 0.0815885 0.0229372 0.0480419 0.0628446 0.0232560 0.0234349 0.0645080 0.0229372 0.0234349 0.0244172 0.0362652 0.0351491 0.0971255 0.0362652 0.0232655 0.0365192 0.0110009 0.0229468 0.0110009 0.0234349 0.0234349 0.0785597 0.0360492 0.0642915 0.0480419 0.0356508 0.0505025 0.0351491 0.0608869 0.0352426 0.0359202 0.0751167 0.0353265 0.0229468 0.0240523 0.0617774 0.0229372 0.0361136 0.0386714 0.0234349 0.0351491 0.0237152 0.0477221 0.0361117 0.0354879 0.0792481 0.0358059 0.0230758 0.0351491 0.0234349 0.0356613 0.0351491 0.0350395 0.0478456 0.0229372 0.0491543 0.0364708 0.0352729 0.0229468 0.0505025 0.0229372 0.0497686 0.0490254 0.0905965 0.0361136 0.0513489 0.0243810 0.0477221 0.0613370 0.0351491 0.0647159 0.0475719 0.0467522 0.0489561 0.0356324 0.0477221 0.0763981 0.0623973 0.0351491 0.0110009 0.0746568 0.0496509 0.0234349 0.0230280 0.0362928 0.0642915 0.0505635 0.0505635 0.0232655 0.0229372 0.0492445 0.0485833 0.0356613 0.0000010 0.0234349 0.0356324 0.0229468 0.0241672 0.0113324 0.0491109 0.0631345 0.0229372 0.0119828 0.0478456 0.0229372 0.0229372 0.0642915 0.0113768 0.0485163 0.0642915 0.0246042 0.0229372 0.0000010 0.0352908 0.0644700 
ERR2789774    0.2210193 0.1759224 0.1681249 0.0272711 0.0371203 0.0000000 0.0858349 0.0178696 0.0292425 0.0646208 0.0273482 0.0117428 0.0483992 0.0274897 0.0177896 0.0280173 0.0631320 0.0436648 0.0671134 0.0480364 0.0472096 0.0486842 0.0309750 0.0372742 0.0476007 0.0057443 0.0057513 0.0409002 0.0444808 0.0481398 0.0182678 0.0477255 0.0617738 0.0438884 0.0366911 0.0336324 0.0370599 0.0580104 0.0472468 0.0209555 0.0068785 0.0632239 0.0536582 0.0339672 0.0119961 0.1376951 0.0241071 0.0406833 0.0432455 0.0211357 0.0405799 0.0642240 0.0117266 0.0272497 0.0209616 0.0146304 0.0342461 0.0209570 0.0239650 0.0305743 0.0367268 0.0580530 0.0306786 0.0399618 0.0208577 0.1075972 0.0405408 0.0367710 0.0300642 0.0494074 0.0334456 0.0381901 0.0315923 0.0505748 0.0546136 0.0639574 0.0568542 0.0270326 0.0336681 0.0515417 0.0210562 0.0438337 0.0464613 0.0406824 0.0639146 0.0370918 0.0479364 0.0403035 0.0087519 0.0340161 0.0378706 0.0306981 0.0373657 0.0372545 0.0330516 0.0402460 0.0634811 0.0542309 0.0441608 0.0418692 0.0057189 0.0548241 0.0271780 0.0213586 0.0086975 0.0176709 0.0273389 0.0440654 0.0185584 0.0579663 0.0243026 0.0277301 0.0548302 0.0309116 0.0276510 0.0452057 0.0191375 0.0338942 0.0126985 0.0504718 0.0212533 
PAFTOL_019361 0.2182500 0.1655909 0.1620227 0.0949676 0.0815885 0.0858349 0.0000000 0.0910019 0.0960406 0.1237706 0.1120028 0.0858503 0.1177520 0.0876477 0.1024821 0.1004937 0.0905100 0.0933492 0.0931425 0.0999834 0.0977033 0.1054417 0.0952126 0.1059992 0.1200897 0.0855952 0.0779669 0.0993180 0.0994504 0.1127533 0.0853542 0.1157566 0.0602135 0.0938725 0.1063524 0.1027958 0.1138333 0.1040097 0.1080256 0.1032270 0.0963126 0.1278757 0.1153594 0.0999919 0.0937757 0.2629884 0.0991371 0.0902785 0.0734275 0.1024615 0.0893758 0.0966328 0.0850629 0.0988717 0.0950065 0.0976378 0.1034418 0.0949796 0.0943837 0.0993721 0.0944010 0.0920499 0.0958436 0.0982983 0.0984462 0.1584151 0.0899176 0.1016030 0.0974926 0.1223251 0.1021612 0.1138218 0.0843053 0.0820282 0.1261865 0.1063771 0.1117863 0.0901861 0.0948602 0.0901365 0.0954942 0.0744996 0.1098862 0.1065759 0.1063006 0.1103696 0.1076393 0.0741876 0.0866130 0.1038792 0.1077477 0.0904005 0.1044629 0.1041110 0.0934268 0.0990717 0.1262836 0.1077922 0.0945049 0.0987021 0.0851784 0.0885485 0.0946220 0.0807334 0.0860328 0.1017765 0.0871603 0.1083310 0.0859587 0.1214665 0.0836944 0.0884576 0.0991166 0.1003416 0.1048199 0.0973519 0.0745556 0.0997976 0.1078859 0.1288209 0.0980060 
S0055         0.2068010 0.1646348 0.1516979 0.0336974 0.0229372 0.0178696 0.0910019 0.0000000 0.0160045 0.0597031 0.0337933 0.0242890 0.0414757 0.0211048 0.0306573 0.0382003 0.0630768 0.0436243 0.0670552 0.0411656 0.0471666 0.0484577 0.0375776 0.0460040 0.0545413 0.0178179 0.0177808 0.0342171 0.0591635 0.0405582 0.0182478 0.0546840 0.0219965 0.0438477 0.0366561 0.0338799 0.0476015 0.0577984 0.0472039 0.0272403 0.0214751 0.0595148 0.0468232 0.0339343 0.0283487 0.1682392 0.0240815 0.0406448 0.0432058 0.0343518 0.0405416 0.0422743 0.0242517 0.0308393 0.0208672 0.0272297 0.0204935 0.0209349 0.0177710 0.0305437 0.0366918 0.0580023 0.0306484 0.0399245 0.0271120 0.0931292 0.0405021 0.0367513 0.0336790 0.0493574 0.0334272 0.0450454 0.0351740 0.0505295 0.0544233 0.0569360 0.0568001 0.0270053 0.0336352 0.0514953 0.0210339 0.0437936 0.0470689 0.0474568 0.0568978 0.0437505 0.0442028 0.0402656 0.0211211 0.0479758 0.0289498 0.0306678 0.0373300 0.0372191 0.0330069 0.0402082 0.0552055 0.0506679 0.0441201 0.0567263 0.0146858 0.0546321 0.0335818 0.0212831 0.0177808 0.0304526 0.0273111 0.0406606 0.0250257 0.0579158 0.0211267 0.0244894 0.0478431 0.0447672 0.0244157 0.0382078 0.0258698 0.0240372 0.0126985 0.0505078 0.0345410 
S0196sl       0.2360807 0.1815330 0.1686201 0.0427550 0.0480419 0.0292425 0.0960406 0.0160045 0.0000000 0.0638815 0.0247633 0.0338906 0.0481735 0.0248194 0.0430820 0.0443315 0.0577310 0.0515498 0.0694838 0.0429653 0.0470729 0.0531783 0.0433742 0.0606428 0.0664360 0.0291282 0.0290455 0.0424640 0.0577094 0.0476374 0.0000021 0.0621913 0.0585919 0.0519130 0.0467898 0.0380893 0.0570369 0.0475228 0.0470582 0.0334345 0.0323216 0.0575765 0.0517583 0.0248153 0.0447386 0.3506243 0.0039266 0.0474734 0.0657649 0.0435894 0.0517299 0.0488374 0.0385257 0.0204925 0.0079189 0.0381267 0.0121209 0.0039266 0.0289914 0.0162557 0.0376432 0.0477095 0.0291641 0.0422238 0.0333873 0.1560172 0.0291582 0.0470140 0.0377805 0.0449461 0.0332809 0.0490384 0.0347465 0.0618879 0.0623341 0.0374588 0.0444993 0.0376971 0.0519764 0.0571946 0.0080030 0.0667946 0.0469912 0.0626672 0.0464903 0.0476187 0.0525502 0.0617163 0.0338699 0.0685119 0.0540529 0.0380601 0.0292855 0.0291682 0.0315419 0.0424887 0.0576302 0.0336017 0.0520959 0.0617293 0.0245910 0.0432030 0.0335335 0.0296222 0.0290455 0.0426889 0.0378316 0.0474757 0.0395233 0.0522740 0.0247354 0.0339274 0.0571444 0.0589890 0.0163207 0.0425656 0.0221309 0.0244879 0.0127290 0.0378490 0.0341432 
S0278         0.2591244 0.2025683 0.1890568 0.0637358 0.0628446 0.0646208 0.1237706 0.0597031 0.0638815 0.0000000 0.0880352 0.0646951 0.0600486 0.0687670 0.0805423 0.0868712 0.0480751 0.0877809 0.1086205 0.0375522 0.0840601 0.0593602 0.0564303 0.0791659 0.1042206 0.0644343 0.0645462 0.0383466 0.0950605 0.0411949 0.0622056 0.1083254 0.0444835 0.0882804 0.0601519 0.0797660 0.0877492 0.1008428 0.0376920 0.0759546 0.0652169 0.0768959 0.0832294 0.0601230 0.0669036 0.2669200 0.0720694 0.0846381 0.0868144 0.0643922 0.0836370 0.0792059 0.0727303 0.0644750 0.0720054 0.0760068 0.0701860 0.0681910 0.0754037 0.0800715 0.0638707 0.1012483 0.0601021 0.0675188 0.0755497 0.1133728 0.0763580 0.0833169 0.0836961 0.0951758 0.0752138 0.0893140 0.0912155 0.0960646 0.0971056 0.1031069 0.0945952 0.0790131 0.0674111 0.0844630 0.0723690 0.0881286 0.0960054 0.0807903 0.1114317 0.0831291 0.0936384 0.0791456 0.0689994 0.0768613 0.0734269 0.0377669 0.0602800 0.0600888 0.0625736 0.0680353 0.0240666 0.0956872 0.0888854 0.0915017 0.0641198 0.0976862 0.0642010 0.0619374 0.0641840 0.0799818 0.0673088 0.0926029 0.0623440 0.0845285 0.0649778 0.0732659 0.0555498 0.0812047 0.0810041 0.0458879 0.0778912 0.0637098 0.0494602 0.1169227 0.0861983 
S0281         0.2415020 0.1867882 0.1742527 0.0437505 0.0232560 0.0273482 0.1120028 0.0337933 0.0247633 0.0880352 0.0000000 0.0275495 0.0629030 0.0441026 0.0339974 0.0412697 0.0745123 0.0540354 0.0786749 0.0660664 0.0577350 0.0633233 0.0479189 0.0604191 0.0654561 0.0272700 0.0273087 0.0584205 0.0629628 0.0661977 0.0182063 0.0656272 0.0465855 0.0543159 0.0535936 0.0546574 0.0584408 0.0581426 0.0649593 0.0370558 0.0329963 0.0784297 0.0715944 0.0509455 0.0317307 0.1605334 0.0146484 0.0510366 0.0535108 0.0446095 0.0509042 0.0560356 0.0340227 0.0477552 0.0116448 0.0305014 0.0296036 0.0116423 0.0401615 0.0208107 0.0536526 0.0618231 0.0474602 0.0570527 0.0368778 0.1145272 0.0440433 0.0579950 0.0505668 0.0613797 0.0543424 0.0481242 0.0313757 0.0541226 0.0654920 0.0677431 0.0609989 0.0433614 0.0505065 0.0623925 0.0116566 0.0542521 0.0683717 0.0580924 0.0676977 0.0467516 0.0659234 0.0505561 0.0243373 0.0587356 0.0613728 0.0474912 0.0545854 0.0544187 0.0466110 0.0574665 0.0827074 0.0509684 0.0546590 0.0614359 0.0271464 0.0585678 0.0435996 0.0376489 0.0209136 0.0241799 0.0438634 0.0545287 0.0317235 0.0763659 0.0407313 0.0444899 0.0731806 0.0554669 0.0178569 0.0633113 0.0125267 0.0508414 0.0332517 0.0333512 0.0448527 
S0282         0.2107056 0.1707734 0.1628729 0.0339821 0.0234349 0.0117428 0.0858503 0.0242890 0.0338906 0.0646951 0.0275495 0.0000000 0.0559583 0.0341697 0.0116787 0.0315154 0.0631669 0.0372846 0.0565497 0.0519830 0.0374213 0.0527287 0.0378040 0.0370934 0.0479722 0.0057246 0.0117239 0.0446794 0.0379998 0.0556500 0.0216137 0.0442679 0.0473711 0.0374737 0.0436416 0.0338837 0.0370884 0.0549185 0.0511187 0.0274677 0.0103865 0.0710731 0.0611584 0.0375775 0.0184933 0.1314549 0.0306447 0.0342900 0.0369066 0.0276363 0.0373792 0.0647432 0.0148545 0.0306997 0.0274751 0.0086439 0.0390769 0.0274003 0.0241391 0.0373120 0.0436868 0.0477875 0.0375369 0.0470129 0.0241641 0.0994823 0.0308965 0.0337969 0.0302835 0.0492102 0.0272853 0.0419686 0.0351026 0.0440672 0.0445455 0.0504171 0.0415362 0.0272286 0.0339191 0.0446195 0.0276012 0.0374077 0.0466958 0.0441960 0.0538203 0.0441281 0.0552696 0.0406090 0.0028720 0.0342726 0.0376841 0.0375612 0.0410536 0.0409300 0.0198788 0.0473523 0.0715939 0.0477837 0.0377070 0.0380457 0.0116566 0.0445925 0.0337801 0.0279340 0.0028542 0.0177964 0.0340680 0.0513558 0.0186966 0.0655173 0.0308942 0.0345584 0.0589016 0.0311433 0.0344619 0.0527127 0.0226483 0.0408430 0.0062765 0.0474611 0.0278593 
S0289         0.2367621 0.1996398 0.1780416 0.0518450 0.0645080 0.0483992 0.1177520 0.0414757 0.0481735 0.0600486 0.0629030 0.0559583 0.0000000 0.0486007 0.0631154 0.0725451 0.0481482 0.0589433 0.0927097 0.0275541 0.0664110 0.0445045 0.0637199 0.0714385 0.0904158 0.0482610 0.0483384 0.0275642 0.0838734 0.0407235 0.0459205 0.0906527 0.0102963 0.0592584 0.0377804 0.0624273 0.0735889 0.0780242 0.0404730 0.0554836 0.0498297 0.0596958 0.0510865 0.0405049 0.0500172 0.2309565 0.0514869 0.0594449 0.0693435 0.0595506 0.0557274 0.0636218 0.0558471 0.0553073 0.0518582 0.0554607 0.0538741 0.0518452 0.0481181 0.0628657 0.0411625 0.0821681 0.0377411 0.0373045 0.0587265 0.0627140 0.0628603 0.0658501 0.0581250 0.0701449 0.0620619 0.0751518 0.0772432 0.0777715 0.0825306 0.0881754 0.0834854 0.0584814 0.0554392 0.0626525 0.0521084 0.0703467 0.0690477 0.0708084 0.0881144 0.0778814 0.0712434 0.0621602 0.0523443 0.0678353 0.0517294 0.0239741 0.0446943 0.0445584 0.0473392 0.0375723 0.0484134 0.0660012 0.0596421 0.0726683 0.0480338 0.0787621 0.0551606 0.0421889 0.0481590 0.0587217 0.0477349 0.0667820 0.0424921 0.0588679 0.0451139 0.0490365 0.0339274 0.0719739 0.0598946 0.0246791 0.0595499 0.0410647 0.0411461 0.0854922 0.0680962 
S0292         0.2153936 0.1529492 0.1592649 0.0207233 0.0229372 0.0274897 0.0876477 0.0211048 0.0248194 0.0687670 0.0441026 0.0341697 0.0486007 0.0000000 0.0408683 0.0488545 0.0524755 0.0399483 0.0591733 0.0447751 0.0400935 0.0453292 0.0273924 0.0279893 0.0618064 0.0274108 0.0242413 0.0374850 0.0445840 0.0483390 0.0149973 0.0659642 0.0221956 0.0401493 0.0368360 0.0445488 0.0515091 0.0435724 0.0440384 0.0372458 0.0331000 0.0634942 0.0538765 0.0308357 0.0318523 0.1846588 0.0338729 0.0369946 0.0401707 0.0447251 0.0369019 0.0362074 0.0341987 0.0377450 0.0274318 0.0372309 0.0296708 0.0305949 0.0337544 0.0406112 0.0368720 0.0538742 0.0308006 0.0401205 0.0300645 0.0987481 0.0336133 0.0477483 0.0439492 0.0533528 0.0408359 0.0525137 0.0530621 0.0474332 0.0514807 0.0564223 0.0485099 0.0334209 0.0304767 0.0516203 0.0308197 0.0370639 0.0437535 0.0369022 0.0598333 0.0544727 0.0270763 0.0372159 0.0242820 0.0518595 0.0158781 0.0308202 0.0342046 0.0341030 0.0281610 0.0404070 0.0637540 0.0368310 0.0403954 0.0467523 0.0209706 0.0472710 0.0237425 0.0058062 0.0273532 0.0405946 0.0243079 0.0206333 0.0285430 0.0502257 0.0028358 0.0057660 0.0445634 0.0486112 0.0377757 0.0419195 0.0331183 0.0306798 0.0267808 0.0613901 0.0450869 
S0293         0.2399952 0.1976903 0.1903480 0.0405415 0.0234349 0.0177896 0.1024821 0.0306573 0.0430820 0.0805423 0.0339974 0.0116787 0.0631154 0.0408683 0.0000000 0.0416707 0.0786728 0.0507522 0.0751068 0.0626366 0.0544164 0.0634934 0.0446344 0.0508852 0.0620574 0.0115644 0.0177629 0.0550610 0.0475571 0.0627626 0.0313639 0.0622202 0.0469189 0.0510159 0.0503378 0.0471998 0.0508581 0.0655567 0.0615865 0.0338966 0.0175685 0.0787867 0.0682016 0.0476652 0.0249109 0.1360660 0.0372199 0.0477479 0.0468594 0.0341900 0.0476246 0.0638734 0.0241409 0.0405077 0.0339057 0.0145518 0.0485702 0.0338978 0.0369949 0.0440516 0.0503914 0.0656114 0.0442055 0.0537725 0.0272743 0.1061169 0.0475764 0.0504552 0.0433111 0.0611734 0.0469316 0.0524180 0.0455613 0.0539329 0.0620895 0.0715404 0.0607948 0.0401802 0.0472521 0.0554016 0.0340624 0.0475040 0.0605508 0.0547538 0.0714923 0.0509028 0.0625016 0.0438991 0.0087041 0.0477431 0.0516899 0.0442343 0.0512711 0.0511147 0.0374738 0.0541625 0.0791081 0.0581890 0.0513374 0.0567444 0.0176599 0.0623318 0.0404024 0.0345643 0.0086505 0.0239625 0.0406452 0.0583010 0.0318687 0.0729023 0.0375220 0.0412283 0.0697144 0.0445501 0.0411171 0.0598557 0.0328922 0.0475670 0.0193551 0.0649213 0.0343775 
S0294         0.2180384 0.1847148 0.1766911 0.0485816 0.0244172 0.0280173 0.1004937 0.0382003 0.0443315 0.0868712 0.0412697 0.0315154 0.0725451 0.0488545 0.0416707 0.0000000 0.0849492 0.0666901 0.0771718 0.0606241 0.0669485 0.0653568 0.0528608 0.0573268 0.0599779 0.0279355 0.0279762 0.0602661 0.0563545 0.0721211 0.0356549 0.0591439 0.0652089 0.0670525 0.0588096 0.0559548 0.0560305 0.0749488 0.0670019 0.0380789 0.0257642 0.0799731 0.0776111 0.0525321 0.0395845 0.1724290 0.0449780 0.0636020 0.0623718 0.0456148 0.0634294 0.0665466 0.0348645 0.0453747 0.0416105 0.0344999 0.0449371 0.0414923 0.0373699 0.0521538 0.0588784 0.0710165 0.0524813 0.0624179 0.0379955 0.1185974 0.0596996 0.0452305 0.0517497 0.0633947 0.0450903 0.0118031 0.0505960 0.0705954 0.0638743 0.0850027 0.0757254 0.0481361 0.0520110 0.0718124 0.0418096 0.0632706 0.0698140 0.0595849 0.0888092 0.0447509 0.0641324 0.0593339 0.0315526 0.0450521 0.0582569 0.0525166 0.0562948 0.0561178 0.0527831 0.0628850 0.0800165 0.0784780 0.0674939 0.0731315 0.0278060 0.0714269 0.0482843 0.0423354 0.0312443 0.0346571 0.0487122 0.0599643 0.0396041 0.0824373 0.0453504 0.0494267 0.0755236 0.0418227 0.0492941 0.0691783 0.0410243 0.0519659 0.0421281 0.0667712 0.0459905 
S0299         0.2140346 0.1919433 0.1948460 0.0515629 0.0362652 0.0631320 0.0905100 0.0630768 0.0577310 0.0480751 0.0745123 0.0631669 0.0481482 0.0524755 0.0786728 0.0849492 0.0000000 0.0778021 0.0973045 0.0305258 0.0742266 0.0476050 0.0552821 0.0783135 0.0925598 0.0629530 0.0557540 0.0374838 0.0802609 0.0511857 0.0461862 0.0978262 0.0214449 0.0782305 0.0482329 0.0780981 0.0896883 0.0901876 0.0368639 0.0705733 0.0639576 0.0675966 0.0664804 0.0448309 0.0653137 0.2466489 0.0594211 0.0747200 0.0772634 0.0629130 0.0739833 0.0560088 0.0710438 0.0631348 0.0593697 0.0742550 0.0637330 0.0557561 0.0700724 0.0586862 0.0483364 0.0858281 0.0448126 0.0517820 0.0700519 0.0828710 0.0668625 0.0905420 0.0819428 0.0937460 0.0785174 0.0755698 0.0810198 0.0781980 0.0909800 0.0925100 0.0795640 0.0735831 0.0551343 0.0748210 0.0596601 0.0783981 0.0820248 0.0750778 0.1004565 0.0851538 0.0716075 0.0699022 0.0636807 0.0701694 0.0627091 0.0336688 0.0449468 0.0448094 0.0618636 0.0521663 0.0515466 0.0776076 0.0787502 0.0829281 0.0626519 0.0824170 0.0591132 0.0460013 0.0628199 0.0705014 0.0550510 0.0671526 0.0535488 0.0674984 0.0489303 0.0565629 0.0307120 0.0742699 0.0677286 0.0414115 0.0640506 0.0482202 0.0553535 0.0937724 0.0790389 
S0303         0.2243305 0.1818748 0.1790731 0.0502967 0.0351491 0.0436648 0.0933492 0.0436243 0.0515498 0.0877809 0.0540354 0.0372846 0.0589433 0.0399483 0.0507522 0.0666901 0.0778021 0.0000000 0.0508210 0.0656690 0.0056832 0.0665619 0.0583123 0.0504163 0.0801018 0.0435424 0.0436093 0.0577361 0.0582503 0.0657984 0.0408788 0.0764385 0.0336710 0.0000025 0.0532802 0.0615815 0.0765351 0.0534757 0.0645730 0.0538757 0.0447989 0.0818649 0.0569763 0.0506432 0.0453901 0.1808215 0.0504363 0.0000022 0.0533178 0.0621357 0.0000025 0.0703598 0.0432950 0.0581121 0.0469918 0.0469611 0.0572214 0.0469805 0.0467231 0.0575515 0.0398999 0.0401130 0.0471787 0.0431576 0.0468268 0.1057419 0.0265978 0.0649575 0.0504639 0.0606364 0.0612253 0.0741001 0.0590091 0.0609813 0.0652439 0.0459300 0.0369460 0.0499626 0.0538143 0.0513398 0.0472116 0.0540532 0.0716164 0.0640487 0.0458994 0.0647605 0.0610731 0.0538364 0.0406087 0.0657880 0.0420118 0.0472094 0.0542607 0.0540958 0.0038035 0.0434648 0.0821963 0.0465359 0.0000025 0.0000029 0.0433441 0.0370157 0.0536916 0.0373459 0.0368072 0.0504155 0.0471032 0.0569824 0.0418762 0.0613588 0.0366767 0.0402930 0.0727398 0.0624979 0.0546467 0.0629254 0.0500189 0.0505411 0.0553819 0.0829079 0.0624680 
S0308         0.2171387 0.1790798 0.1678384 0.0669543 0.0971255 0.0671134 0.0931425 0.0670552 0.0694838 0.1086205 0.0786749 0.0565497 0.0927097 0.0591733 0.0751068 0.0771718 0.0973045 0.0508210 0.0000000 0.0759795 0.0475146 0.0932952 0.0721193 0.0884994 0.1035326 0.0669230 0.0670382 0.0750729 0.0680594 0.0921439 0.0569031 0.0875368 0.1076164 0.0510854 0.0775185 0.0834739 0.0876556 0.0739312 0.0824151 0.0784339 0.0676179 0.1103527 0.0894350 0.0673155 0.0661449 0.2442563 0.0708492 0.0478127 0.0701077 0.0840971 0.0511085 0.0808335 0.0618912 0.0755622 0.0707872 0.0707403 0.0707223 0.0670377 0.0703454 0.0748493 0.0700364 0.0482580 0.0710825 0.0736828 0.0705172 0.1585027 0.0408017 0.0829309 0.0748134 0.0652469 0.0750424 0.0890640 0.0768184 0.0786361 0.0792877 0.0689918 0.0577684 0.0702866 0.0746886 0.0716182 0.0711392 0.0711323 0.0903061 0.0770178 0.0763987 0.0944160 0.0749405 0.0670869 0.0638972 0.0840330 0.0899373 0.0711315 0.0712892 0.0710605 0.0474205 0.0742423 0.1108193 0.0627573 0.0479267 0.0419278 0.0666007 0.0520485 0.0743502 0.0566656 0.0593928 0.0707071 0.0673667 0.0817167 0.0660129 0.0791446 0.0555855 0.0633609 0.0915016 0.0805521 0.0796130 0.0851428 0.0670299 0.0747814 0.0496718 0.1106469 0.0756571 
S0320         0.2024386 0.1673173 0.1541666 0.0440099 0.0362652 0.0480364 0.0999834 0.0411656 0.0429653 0.0375522 0.0660664 0.0519830 0.0275541 0.0447751 0.0626366 0.0606241 0.0305258 0.0656690 0.0759795 0.0000000 0.0622186 0.0271426 0.0517577 0.0718942 0.0809152 0.0479000 0.0479764 0.0148092 0.0676993 0.0370096 0.0385819 0.0899478 0.0214449 0.0660202 0.0340919 0.0621908 0.0780959 0.0851608 0.0175869 0.0550664 0.0501034 0.0521174 0.0511668 0.0340707 0.0496301 0.2299745 0.0515131 0.0626213 0.0688233 0.0478722 0.0624542 0.0491634 0.0554247 0.0480431 0.0514694 0.0585581 0.0484380 0.0479797 0.0477592 0.0587904 0.0374021 0.0701204 0.0340552 0.0406981 0.0582866 0.0570156 0.0551575 0.0738394 0.0658267 0.0749839 0.0625166 0.0669931 0.0650050 0.0734165 0.0741797 0.0798387 0.0742739 0.0580449 0.0474530 0.0631515 0.0517159 0.0698124 0.0733393 0.0665636 0.0874457 0.0653187 0.0669665 0.0616948 0.0519482 0.0519919 0.0520480 0.0206542 0.0341582 0.0340568 0.0523512 0.0409935 0.0337170 0.0729135 0.0664493 0.0713239 0.0476759 0.0667865 0.0512498 0.0384340 0.0477998 0.0622143 0.0471995 0.0662747 0.0421669 0.0554949 0.0413507 0.0486647 0.0208849 0.0558080 0.0594372 0.0149651 0.0553700 0.0373150 0.0328504 0.0925454 0.0675697 
S0322         0.2362964 0.1677776 0.1746571 0.0539258 0.0232655 0.0472096 0.0977033 0.0471666 0.0470729 0.0840601 0.0577350 0.0374213 0.0664110 0.0400935 0.0544164 0.0669485 0.0742266 0.0056832 0.0475146 0.0622186 0.0000000 0.0705412 0.0585328 0.0461119 0.0842043 0.0470775 0.0471510 0.0543790 0.0548646 0.0660149 0.0376241 0.0804939 0.0341251 0.0057089 0.0569239 0.0654151 0.0730181 0.0537636 0.0611818 0.0575649 0.0449956 0.0860689 0.0606874 0.0473495 0.0490924 0.1820305 0.0506236 0.0057089 0.0569628 0.0623726 0.0057114 0.0636321 0.0468068 0.0547374 0.0505813 0.0505485 0.0526207 0.0471543 0.0502880 0.0577664 0.0433588 0.0402600 0.0507835 0.0466588 0.0504011 0.0993072 0.0174705 0.0688274 0.0541048 0.0569711 0.0578495 0.0705497 0.0628681 0.0647751 0.0618161 0.0427486 0.0299533 0.0535637 0.0574973 0.0515336 0.0508196 0.0577554 0.0718871 0.0642876 0.0493984 0.0686201 0.0613026 0.0575222 0.0441337 0.0697130 0.0377274 0.0508167 0.0509313 0.0507770 0.0038031 0.0469926 0.0864186 0.0467863 0.0057425 0.0077214 0.0468608 0.0371511 0.0538901 0.0374837 0.0402367 0.0540550 0.0507018 0.0606919 0.0455208 0.0615898 0.0368097 0.0437871 0.0692511 0.0663949 0.0583922 0.0668563 0.0538676 0.0541885 0.0552515 0.0870084 0.0663617 
S0327         0.2003582 0.1852872 0.1824204 0.0445955 0.0365192 0.0486842 0.1054417 0.0484577 0.0531783 0.0593602 0.0633233 0.0527287 0.0445045 0.0453292 0.0634934 0.0653568 0.0476050 0.0665619 0.0932952 0.0271426 0.0705412 0.0000000 0.0560403 0.0574742 0.0707018 0.0485444 0.0484415 0.0373540 0.0843960 0.0407694 0.0460508 0.0832005 0.0214449 0.0669238 0.0412482 0.0630357 0.0830749 0.0785528 0.0239980 0.0558122 0.0509168 0.0450136 0.0589418 0.0412919 0.0503214 0.2266980 0.0522453 0.0634784 0.0697548 0.0554876 0.0633071 0.0771796 0.0561790 0.0558445 0.0484906 0.0593514 0.0590609 0.0486596 0.0554204 0.0596318 0.0446778 0.0826699 0.0345062 0.0480802 0.0590736 0.0700709 0.0596246 0.0673582 0.0667235 0.0719583 0.0634754 0.0756113 0.0737702 0.0744252 0.0830371 0.0887069 0.0755650 0.0588256 0.0550621 0.0676449 0.0489072 0.0707708 0.0781437 0.0712371 0.0886452 0.0662023 0.0716777 0.0625271 0.0526560 0.0592347 0.0435152 0.0239954 0.0413987 0.0412730 0.0438222 0.0484347 0.0478648 0.0664408 0.0673635 0.0675160 0.0447998 0.0792450 0.0554858 0.0354730 0.0484415 0.0630602 0.0478257 0.0671831 0.0352621 0.0672254 0.0452109 0.0493285 0.0438843 0.0559406 0.0566378 0.0310882 0.0595466 0.0341738 0.0555271 0.0821859 0.0685130 
S0335         0.2318746 0.1693368 0.1921112 0.0086982 0.0110009 0.0309750 0.0952126 0.0375776 0.0433742 0.0564303 0.0479189 0.0378040 0.0637199 0.0273924 0.0446344 0.0528608 0.0552821 0.0583123 0.0721193 0.0517577 0.0585328 0.0560403 0.0000000 0.0239662 0.0539861 0.0308858 0.0309313 0.0520302 0.0564542 0.0561168 0.0281221 0.0629121 0.0605416 0.0586205 0.0508042 0.0512552 0.0555975 0.0697362 0.0509013 0.0409183 0.0331254 0.0709599 0.0651779 0.0412287 0.0356435 0.1857538 0.0442384 0.0552767 0.0507247 0.0411690 0.0551310 0.0645573 0.0378358 0.0410205 0.0409286 0.0409017 0.0441188 0.0408142 0.0440800 0.0512849 0.0473981 0.0661604 0.0411854 0.0507770 0.0335316 0.1221773 0.0515563 0.0623990 0.0547589 0.0660693 0.0550946 0.0565955 0.0572003 0.0584094 0.0664048 0.0759676 0.0659181 0.0473463 0.0370997 0.0667787 0.0411212 0.0475471 0.0618114 0.0339507 0.0796325 0.0440185 0.0477639 0.0443106 0.0277049 0.0481925 0.0329121 0.0446502 0.0447755 0.0446391 0.0468114 0.0511468 0.0555428 0.0551109 0.0554108 0.0575052 0.0307438 0.0701900 0.0208478 0.0212826 0.0308210 0.0443340 0.0343040 0.0440210 0.0321777 0.0543163 0.0242164 0.0277003 0.0592933 0.0449718 0.0484657 0.0604327 0.0406225 0.0445448 0.0342833 0.0655284 0.0413399 
S0345         0.2624932 0.1812607 0.2028168 0.0237735 0.0229468 0.0372742 0.1059992 0.0460040 0.0606428 0.0791659 0.0604191 0.0370934 0.0714385 0.0279893 0.0508852 0.0573268 0.0783135 0.0504163 0.0884994 0.0718942 0.0461119 0.0574742 0.0239662 0.0000000 0.0656285 0.0325237 0.0326319 0.0614350 0.0727323 0.0568514 0.0333958 0.0462703 0.0486264 0.0505892 0.0542942 0.0708286 0.0560976 0.0693473 0.0606733 0.0457300 0.0329260 0.0879536 0.0640960 0.0508303 0.0389568 0.1255779 0.0552918 0.0464287 0.0501980 0.0515133 0.0462697 0.0911319 0.0416743 0.0612576 0.0503433 0.0458365 0.0611432 0.0506021 0.0503604 0.0650124 0.0549323 0.0852242 0.0512573 0.0544087 0.0320008 0.1128563 0.0553683 0.0609433 0.0601189 0.0760773 0.0559432 0.0622133 0.0626181 0.0604059 0.0760190 0.0887797 0.0608545 0.0452735 0.0457554 0.0713310 0.0511137 0.0460002 0.0696067 0.0364243 0.0887797 0.0557877 0.0506068 0.0508906 0.0283317 0.0559355 0.0285530 0.0513024 0.0562273 0.0559965 0.0468330 0.0549324 0.0784015 0.0648949 0.0511891 0.0523827 0.0325237 0.0754878 0.0155106 0.0200514 0.0324346 0.0554538 0.0417936 0.0369289 0.0250191 0.0683248 0.0281195 0.0328535 0.0609943 0.0516211 0.0559533 0.0681039 0.0403525 0.0506021 0.0628959 0.0692840 0.0622390 
S0376         0.2395768 0.2146298 0.2128406 0.0574145 0.0110009 0.0476007 0.1200897 0.0545413 0.0664360 0.1042206 0.0654561 0.0479722 0.0904158 0.0618064 0.0620574 0.0599779 0.0925598 0.0801018 0.1035326 0.0809152 0.0842043 0.0707018 0.0539861 0.0656285 0.0000000 0.0474666 0.0475413 0.0813640 0.0855715 0.0898777 0.0558642 0.0516788 0.0736704 0.0805369 0.0756804 0.0616195 0.0773597 0.0965276 0.0720688 0.0436154 0.0454417 0.0812630 0.0911860 0.0694026 0.0529155 0.2004062 0.0616671 0.0770705 0.0755632 0.0508742 0.0768618 0.0859691 0.0513813 0.0617393 0.0580600 0.0509678 0.0625251 0.0580454 0.0505868 0.0691308 0.0720619 0.0811124 0.0656909 0.0756550 0.0577554 0.1243785 0.0767727 0.0623072 0.0652202 0.0780001 0.0657321 0.0673307 0.0644638 0.0840874 0.0812533 0.0870712 0.0945043 0.0532850 0.0498146 0.0857630 0.0583381 0.0766496 0.0839818 0.0693755 0.0870117 0.0611995 0.0817892 0.0801168 0.0514716 0.0623371 0.0715523 0.0694282 0.0733258 0.0730946 0.0658695 0.0762193 0.0984641 0.0961611 0.0810642 0.0927730 0.0472465 0.0815801 0.0650308 0.0520207 0.0473674 0.0545931 0.0618321 0.0847042 0.0460373 0.0964953 0.0621688 0.0663765 0.0972677 0.0590536 0.0625636 0.0870657 0.0552216 0.0655443 0.0708607 0.0838996 0.0546911 
S0400         0.2153851 0.1754180 0.1676253 0.0271931 0.0234349 0.0057443 0.0855952 0.0178179 0.0291282 0.0644343 0.0272700 0.0057246 0.0482610 0.0274108 0.0115644 0.0279355 0.0629530 0.0435424 0.0669230 0.0479000 0.0470775 0.0485444 0.0308858 0.0325237 0.0474666 0.0000000 0.0057345 0.0407839 0.0443543 0.0480030 0.0182139 0.0475907 0.0469189 0.0437650 0.0365884 0.0335383 0.0369551 0.0578488 0.0471144 0.0208952 0.0033826 0.0630444 0.0535100 0.0338704 0.0151664 0.1293864 0.0240380 0.0405681 0.0431254 0.0210744 0.0404652 0.0638734 0.0116924 0.0271719 0.0209013 0.0085611 0.0341111 0.0208967 0.0238976 0.0304872 0.0366239 0.0578910 0.0305909 0.0398504 0.0207978 0.0987481 0.0404263 0.0366678 0.0299798 0.0451767 0.0333516 0.0380795 0.0314995 0.0504339 0.0544605 0.0637829 0.0524905 0.0269561 0.0335729 0.0513957 0.0209954 0.0437104 0.0463331 0.0405672 0.0637403 0.0369868 0.0478005 0.0401903 0.0028441 0.0339190 0.0330418 0.0306102 0.0372594 0.0371488 0.0283881 0.0401331 0.0633004 0.0507130 0.0440359 0.0467499 0.0057023 0.0546699 0.0271007 0.0212961 0.0028267 0.0176213 0.0272607 0.0439411 0.0185028 0.0578049 0.0242325 0.0276499 0.0546761 0.0308226 0.0275712 0.0450753 0.0190786 0.0337979 0.0061935 0.0503323 0.0211914 
S0405         0.2151339 0.1706466 0.1627535 0.0272327 0.0234349 0.0057513 0.0779669 0.0177808 0.0290455 0.0645462 0.0273087 0.0117239 0.0483384 0.0242413 0.0177629 0.0279762 0.0557540 0.0436093 0.0670382 0.0479764 0.0471510 0.0484415 0.0309313 0.0326319 0.0475413 0.0057345 0.0000000 0.0408466 0.0444235 0.0480795 0.0182392 0.0476659 0.0469189 0.0438325 0.0366425 0.0335874 0.0337066 0.0542310 0.0471882 0.0209247 0.0034057 0.0631509 0.0535945 0.0339211 0.0151497 0.1229203 0.0240711 0.0406301 0.0431909 0.0211040 0.0405269 0.0632865 0.0117082 0.0272115 0.0208579 0.0146085 0.0340130 0.0209256 0.0239309 0.0305314 0.0366781 0.0579857 0.0306360 0.0399102 0.0208273 0.0916034 0.0404875 0.0367222 0.0300226 0.0491990 0.0334002 0.0314030 0.0315467 0.0505135 0.0545489 0.0638870 0.0490376 0.0269941 0.0336221 0.0514789 0.0210245 0.0437784 0.0464042 0.0406292 0.0638442 0.0370430 0.0478766 0.0402511 0.0087382 0.0339698 0.0288975 0.0306554 0.0373160 0.0372052 0.0286170 0.0401937 0.0634083 0.0505213 0.0441048 0.0468487 0.0028364 0.0547588 0.0271388 0.0213263 0.0086834 0.0176447 0.0272997 0.0440091 0.0184825 0.0578992 0.0242669 0.0276900 0.0477497 0.0307905 0.0276111 0.0451472 0.0189869 0.0303459 0.0194220 0.0504111 0.0212213 
S0407sl       0.2311506 0.1724224 0.1592910 0.0476526 0.0785597 0.0409002 0.0993180 0.0342171 0.0424640 0.0383466 0.0584205 0.0446794 0.0275642 0.0374850 0.0550610 0.0602661 0.0374838 0.0577361 0.0750729 0.0148092 0.0543790 0.0373540 0.0520302 0.0614350 0.0813640 0.0407839 0.0408466 0.0000000 0.0668996 0.0305364 0.0348321 0.0815767 0.0319523 0.0580388 0.0306617 0.0625227 0.0700515 0.0765267 0.0208734 0.0477371 0.0415017 0.0600277 0.0509017 0.0340835 0.0422297 0.2195176 0.0442816 0.0547235 0.0611912 0.0481206 0.0545805 0.0550797 0.0480442 0.0482933 0.0442445 0.0511402 0.0478631 0.0372088 0.0340565 0.0513437 0.0339178 0.0693050 0.0340680 0.0371664 0.0509071 0.0694361 0.0475387 0.0623619 0.0582117 0.0581572 0.0549569 0.0592333 0.0681271 0.0692389 0.0620906 0.0715071 0.0651299 0.0439080 0.0409105 0.0590906 0.0444534 0.0620571 0.0619351 0.0588589 0.0788691 0.0693344 0.0588577 0.0542390 0.0446496 0.0595100 0.0423604 0.0146049 0.0341710 0.0340696 0.0422698 0.0374327 0.0377510 0.0647541 0.0584080 0.0563211 0.0405951 0.0660068 0.0441226 0.0347020 0.0406984 0.0546915 0.0403452 0.0582643 0.0386201 0.0516678 0.0341734 0.0411907 0.0239225 0.0634681 0.0519007 0.0058201 0.0512948 0.0373287 0.0259136 0.0842066 0.0597386 
S0412sl       0.2482057 0.1977485 0.1826275 0.0518037 0.0360492 0.0444808 0.0994504 0.0591635 0.0577094 0.0950605 0.0629628 0.0379998 0.0838734 0.0445840 0.0475571 0.0563545 0.0802609 0.0582503 0.0680594 0.0676993 0.0548646 0.0843960 0.0564542 0.0727323 0.0855715 0.0443543 0.0444235 0.0668996 0.0000000 0.0833734 0.0456613 0.0907078 0.0734973 0.0585586 0.0694019 0.0775843 0.0703953 0.0661118 0.0740676 0.0548889 0.0499517 0.0825299 0.0887371 0.0593939 0.0462706 0.1738258 0.0628424 0.0552150 0.0622627 0.0448163 0.0585854 0.0562448 0.0517505 0.0627117 0.0627881 0.0478394 0.0637116 0.0591480 0.0660802 0.0704590 0.0694877 0.0625192 0.0630469 0.0731070 0.0553084 0.1329679 0.0479637 0.0811226 0.0729227 0.0888643 0.0695895 0.0715293 0.0652580 0.0698670 0.0702389 0.0721425 0.0619023 0.0695520 0.0663915 0.0679539 0.0630955 0.0631581 0.0765925 0.0670978 0.0795738 0.0818775 0.0666752 0.0592300 0.0379797 0.0559890 0.0739134 0.0630897 0.0632310 0.0630316 0.0520975 0.0736585 0.0957994 0.0621624 0.0589341 0.0573840 0.0441477 0.0592274 0.0517694 0.0384683 0.0410875 0.0513613 0.0485176 0.0659891 0.0541255 0.0900940 0.0411748 0.0484552 0.0749939 0.0562899 0.0712536 0.0804913 0.0559688 0.0666485 0.0490374 0.0894239 0.0591615 
S0417         0.2333984 0.1825512 0.1903739 0.0446611 0.0642915 0.0481398 0.1127533 0.0405582 0.0476374 0.0411949 0.0661977 0.0556500 0.0407235 0.0483390 0.0627626 0.0721211 0.0511857 0.0657984 0.0921439 0.0370096 0.0660149 0.0407694 0.0561168 0.0568514 0.0898777 0.0480030 0.0480795 0.0305364 0.0833734 0.0000000 0.0456708 0.0901129 0.0102676 0.0661514 0.0407974 0.0667620 0.0860613 0.0803002 0.0368649 0.0551807 0.0502728 0.0564733 0.0618537 0.0408400 0.0497395 0.2203964 0.0480828 0.0627474 0.0689562 0.0592200 0.0625796 0.0698366 0.0555402 0.0594965 0.0515780 0.0586775 0.0532608 0.0515651 0.0547976 0.0625158 0.0441862 0.0778675 0.0341335 0.0475487 0.0584051 0.0821780 0.0588709 0.0656646 0.0623260 0.0703864 0.0654491 0.0747166 0.0652942 0.0773244 0.0820468 0.0838521 0.0780731 0.0546396 0.0622556 0.0595576 0.0518253 0.0699478 0.0734803 0.0630572 0.0837946 0.0699862 0.0708344 0.0618179 0.0520587 0.0749540 0.0517464 0.0146373 0.0409446 0.0408216 0.0473561 0.0478953 0.0306697 0.0683805 0.0665805 0.0721945 0.0477782 0.0744958 0.0479146 0.0419630 0.0479020 0.0623391 0.0474825 0.0664059 0.0422634 0.0664468 0.0448732 0.0487702 0.0434904 0.0715564 0.0595602 0.0276826 0.0518478 0.0373991 0.0405071 0.0811947 0.0677052 
S0419         0.2257897 0.1657036 0.1573726 0.0244182 0.0480419 0.0182678 0.0853542 0.0182478 0.0000021 0.0622056 0.0182063 0.0216137 0.0459205 0.0149973 0.0313639 0.0356549 0.0461862 0.0408788 0.0569031 0.0385819 0.0376241 0.0460508 0.0281221 0.0333958 0.0558642 0.0182139 0.0182392 0.0348321 0.0456613 0.0456708 0.0000000 0.0560145 0.0585919 0.0410890 0.0341484 0.0382492 0.0452409 0.0413564 0.0379409 0.0278594 0.0181894 0.0609416 0.0513221 0.0247811 0.0290203 0.1728740 0.0059086 0.0378576 0.0375059 0.0317835 0.0377611 0.0491242 0.0248029 0.0249355 0.0059038 0.0278483 0.0123286 0.0029345 0.0244785 0.0119988 0.0341816 0.0448272 0.0280313 0.0374586 0.0242983 0.0949283 0.0278140 0.0415298 0.0344549 0.0391118 0.0313047 0.0390661 0.0288807 0.0413248 0.0487150 0.0473323 0.0384955 0.0244261 0.0311066 0.0421260 0.0059303 0.0378845 0.0412556 0.0378993 0.0542553 0.0447836 0.0345630 0.0345037 0.0214674 0.0491349 0.0250406 0.0280494 0.0281187 0.0280347 0.0247581 0.0377297 0.0611952 0.0378154 0.0413477 0.0433273 0.0181304 0.0416128 0.0243587 0.0121073 0.0181752 0.0278483 0.0246904 0.0309143 0.0255191 0.0481558 0.0119298 0.0182581 0.0418768 0.0458477 0.0121216 0.0424974 0.0161016 0.0312871 0.0064162 0.0376458 0.0285742 
S0427         0.2410288 0.1960780 0.1932444 0.0582895 0.0356508 0.0477255 0.1157566 0.0546840 0.0621913 0.1083254 0.0656272 0.0442679 0.0906527 0.0659642 0.0622202 0.0591439 0.0978262 0.0764385 0.0875368 0.0899478 0.0804939 0.0832005 0.0629121 0.0462703 0.0516788 0.0475907 0.0476659 0.0815767 0.0907078 0.0901129 0.0560145 0.0000000 0.0730280 0.0768525 0.0758745 0.0698639 0.0653867 0.0911448 0.0806420 0.0511219 0.0451927 0.1078489 0.0953445 0.0733228 0.0533695 0.2006455 0.0618280 0.0734030 0.0757566 0.0667503 0.0726915 0.0948769 0.0515167 0.0699992 0.0582116 0.0511011 0.0474559 0.0581970 0.0507179 0.0693111 0.0759706 0.0812111 0.0695628 0.0796044 0.0543094 0.1302574 0.0731214 0.0733409 0.0653898 0.0864381 0.0694519 0.0663929 0.0677737 0.0843041 0.0891540 0.0947980 0.0693438 0.0576666 0.0653180 0.0813909 0.0584912 0.0768494 0.0841985 0.0695571 0.0947327 0.0693819 0.0820043 0.0765566 0.0516077 0.0584845 0.0716511 0.0696098 0.0773070 0.0770616 0.0598940 0.0802024 0.1082960 0.0769600 0.0735844 0.0879188 0.0473694 0.0854809 0.0510275 0.0521596 0.0474919 0.0618032 0.0656067 0.0849239 0.0452893 0.0928925 0.0623323 0.0665525 0.0975194 0.0552283 0.0627290 0.0832552 0.0591845 0.0694065 0.0644168 0.0841156 0.0671106 
