85
CRNC       0.0000000 0.2113836 0.2286366 0.4076910 0.4551666 0.4015350 0.3984831 0.3196359 0.4332623 0.4007803 0.3559277 0.2798109 0.3713741 0.5204612 0.4145830 0.4680209 0.4645311 0.4143835 0.3627573 0.4308707 0.4020291 0.3430455 0.4385091 0.3923372 0.3205904 0.4985698 0.4861065 0.3416339 0.3198972 0.3904305 0.3772437 0.5062171 0.4683230 0.3824074 0.4285439 0.3513799 0.4551247 0.4344900 0.4186589 0.3814864 0.4290832 0.3114645 0.4413438 0.3827810 0.3131919 0.3815347 0.3958378 0.4367319 0.4215085 0.3450043 0.3652008 0.3881150 0.5134199 0.3825746 0.4061776 0.4781449 0.3327887 0.5364188 0.4859953 0.4595706 0.3196359 0.4377516 0.3457369 0.3529351 0.3955627 0.3743798 0.3995766 0.4718623 0.4020809 0.4640296 0.4332623 0.4859953 0.4770579 0.4624485 0.4650768 0.4611680 0.3375912 0.4332602 0.4957247 0.4551247 0.3205904 0.4148567 0.3268679 0.5834797 0.4681642 
HYZL       0.2113836 0.0000000 0.0954460 0.3237163 0.4777898 0.4044604 0.4235963 0.3256152 0.3499574 0.3955488 0.2770123 0.3484093 0.3074579 0.4573942 0.3675298 0.4540664 0.4523523 0.3845130 0.3542123 0.3745731 0.3720141 0.3478940 0.4420492 0.3830397 0.3265981 0.5105136 0.4731361 0.3482246 0.3514149 0.3142912 0.3130525 0.4760179 0.3803604 0.3733266 0.3470129 0.3564431 0.3537587 0.3711306 0.3559976 0.3054414 0.3648936 0.3640661 0.3408315 0.3525496 0.3324918 0.3113465 0.4232565 0.3806937 0.3592004 0.2588658 0.3094216 0.3591180 0.4638937 0.3874429 0.3586329 0.3887455 0.3170559 0.4850869 0.4311144 0.3493243 0.3256152 0.3745326 0.3524880 0.3459435 0.3613466 0.3001173 0.3326256 0.4594562 0.3327569 0.3283886 0.3499574 0.4730556 0.4872182 0.4258288 0.3769584 0.3740039 0.4161618 0.3498234 0.3782315 0.3537587 0.3265981 0.4434005 0.3952158 0.5406464 0.3972372 
MYZV       0.2286366 0.0954460 0.0000000 0.2995005 0.3812496 0.3493475 0.3504621 0.2852955 0.2874396 0.1411452 0.3206570 0.1411452 0.3242343 0.4322100 0.4773086 0.4130757 0.4130757 0.2874396 0.3581994 0.3057499 0.4085093 0.3721291 0.3410591 0.4437743 0.2852955 0.4130046 0.4481315 0.2852955 0.3024142 0.2667337 0.3254684 0.4577566 0.3228175 0.4337779 0.2602832 0.3414678 0.3286824 0.3581994 0.3789427 0.2719179 0.3677056 0.2717669 0.2968761 0.2501997 0.1999124 0.2995503 0.3840253 0.4515842 0.4337797 0.3121298 0.3899928 0.4108138 0.5091616 0.2754604 0.3124511 0.2932637 0.2756468 0.5091616 0.4130757 0.3061864 0.2852955 0.4888148 0.3284224 0.2852955 0.3809408 0.3425718 0.2969509 0.4130757 0.3571411 0.3271982 0.2874396 0.4130757 0.4130757 0.3493475 0.3107935 0.3204005 0.2641767 0.2871239 0.3438859 0.3286824 0.2852955 0.3840253 0.3668676 0.4480821 0.3325904 
SRR6441723 0.4076910 0.3237163 0.2995005 0.0000000 0.0976060 0.0688536 0.0987927 0.0710034 0.0612014 0.0364524 0.1225600 0.1067868 0.1052037 0.0987954 0.1018811 0.0709644 0.0797201 0.0778093 0.0817164 0.0789869 0.0842587 0.0891475 0.0958420 0.0895168 0.0791851 0.0900386 0.0886560 0.0889215 0.0994741 0.0609775 0.0758120 0.1428549 0.0710800 0.0879941 0.0433347 0.0680695 0.0531300 0.0613796 0.0802656 0.0536259 0.1171756 0.1241539 0.0537637 0.0692501 0.0616528 0.1013569 0.0866661 0.1332839 0.0872865 0.0687218 0.0479099 0.1083356 0.1438303 0.0864360 0.0362454 0.0697142 0.0671272 0.1452686 0.0887213 0.1020633 0.0710034 0.1121344 0.0722666 0.1073400 0.0690331 0.0413627 0.0662206 0.0696419 0.0831201 0.0359560 0.0612014 0.0887213 0.0998299 0.0688966 0.1013424 0.0616449 0.0268928 0.0611614 0.0924776 0.0531300 0.0791851 0.0955685 0.1176653 0.1072384 0.0605883 
ERR2789774 0.4551666 0.4777898 0.3812496 0.0976060 0.0000000 0.0614500 0.1008351 0.1094406 0.1081040 0.0782317 0.1227998 0.1582558 0.1523421 0.1229529 0.1465204 0.1091564 0.0996429 0.1053502 0.1224923 0.0987266 0.1281191 0.1123302 0.0689173 0.1321557 0.1295614 0.1004291 0.1091564 0.1414096 0.1329380 0.0978355 0.1190045 0.1392959 0.0789040 0.1297228 0.0894135 0.1312846 0.0893361 0.0985805 0.1323839 0.0901707 0.1429589 0.1190974 0.0816802 0.0898721 0.0765946 0.1014790 0.1177656 0.1621166 0.1401668 0.1166160 0.1066988 0.1443872 0.1639338 0.1086160 0.1068854 0.0789500 0.0869279 0.1523407 0.1092422 0.1253033 0.1094406 0.1555109 0.1090917 0.1502202 0.0990844 0.0824771 0.1077235 0.1115516 0.1384750 0.1058816 0.1081040 0.1092422 0.1114216 0.0701027 0.1421351 0.0706693 0.0418614 0.0995662 0.1240458 0.0893361 0.1295614 0.1276354 0.1599888 0.1669373 0.0902480 
S0055      0.4015350 0.4044604 0.3493475 0.0688536 0.0614500 0.0000000 0.0723570 0.0886683 0.0701929 0.0617832 0.0894058 0.1047708 0.1165936 0.1000392 0.1024387 0.0788412 0.0701929 0.1054299 0.1094078 0.0447826 0.0853262 0.0632562 0.0683752 0.0906182 0.1074129 0.0700520 0.0788412 0.1182217 0.0995064 0.0611987 0.0767634 0.1107126 0.0696419 0.0890562 0.0534125 0.0801766 0.0700766 0.0707506 0.0806260 0.0538088 0.1187055 0.0952430 0.0626492 0.0450720 0.0351548 0.0707149 0.0701655 0.1310049 0.1173065 0.0780980 0.0656511 0.0888778 0.1322562 0.0375072 0.0772765 0.0445334 0.0595452 0.1219757 0.0788970 0.0460698 0.0886683 0.1130347 0.0884246 0.1266971 0.0698131 0.0607844 0.0670248 0.0804631 0.1056584 0.0765999 0.0701929 0.0788970 0.0788970 0.0138409 0.0996689 0.0447761 0.0129439 0.0622709 0.0543488 0.0700766 0.1074129 0.0788319 0.1229316 0.1300592 0.0446576 
S0281      0.3984831 0.4235963 0.3504621 0.0987927 0.1008351 0.0723570 0.0000000 0.1010159 0.0880294 0.1458210 0.1259721 0.1456113 0.1057094 0.0621648 0.1028742 0.1443887 0.1338259 0.0898590 0.1094854 0.0829071 0.0749167 0.1242551 0.0535764 0.0810175 0.1106928 0.1350864 0.1338259 0.1219194 0.1240528 0.0614652 0.0664306 0.1581918 0.1015141 0.0796431 0.0638189 0.1128776 0.0703777 0.0790596 0.1100410 0.0624525 0.0616551 0.1100221 0.0804084 0.1006210 0.0944764 0.1247164 0.0791088 0.1363119 0.1071438 0.0989294 0.0850544 0.1096410 0.1656285 0.1006163 0.0895384 0.0815820 0.0790629 0.1545575 0.1345973 0.1283945 0.1010159 0.1271116 0.1229921 0.1306536 0.0533687 0.0423006 0.0576462 0.1477716 0.0854082 0.0887092 0.0880294 0.1445108 0.1475977 0.1001495 0.1330411 0.0822723 0.0914443 0.0879653 0.1297482 0.0703777 0.1106928 0.0879809 0.1505496 0.1908191 0.0933754 
S0289      0.3196359 0.3256152 0.2852955 0.0710034 0.1094406 0.0886683 0.1010159 0.0000000 0.0774818 0.0794855 0.1014061 0.0462522 0.0919441 0.1210037 0.0910986 0.1020419 0.1010353 0.0769254 0.0138489 0.0812374 0.0654663 0.1113791 0.0972231 0.0800114 0.0136786 0.1125905 0.1107084 0.0208783 0.0604766 0.0684244 0.0753308 0.1210897 0.0880468 0.0786709 0.0606704 0.1102700 0.0605673 0.0688823 0.1110709 0.0611236 0.1066399 0.0561379 0.0532951 0.0891839 0.0909454 0.1004951 0.1171788 0.1012275 0.1057856 0.0765972 0.0476361 0.0889253 0.1433894 0.1077348 0.0877958 0.0691248 0.0681218 0.1328025 0.1107969 0.1079172 0.0000010 0.1141081 0.0138502 0.0279136 0.0882729 0.0418567 0.0658003 0.1131756 0.1055409 0.0869992 0.0774818 0.1107969 0.1233051 0.0887520 0.1199123 0.0611158 0.0265413 0.0774283 0.0985191 0.0605673 0.0136786 0.1269744 0.0709536 0.1599465 0.0797463 
S0292      0.4332623 0.3499574 0.2874396 0.0612014 0.1081040 0.0701929 0.0880294 0.0774818 0.0000000 0.0767542 0.1000195 0.1546277 0.1029740 0.0611935 0.0900375 0.1093417 0.0998194 0.0763464 0.0968630 0.0894348 0.0736603 0.0909988 0.0961016 0.0791296 0.0952032 0.1111701 0.1093417 0.1052900 0.0996058 0.0515885 0.0654484 0.1254067 0.0607359 0.0778204 0.0600598 0.0901507 0.0599577 0.0681698 0.0907061 0.0444284 0.0937003 0.1153549 0.0355999 0.0706039 0.0484529 0.0891306 0.0970538 0.1295302 0.1045489 0.0676535 0.0667467 0.0879041 0.1469819 0.0881694 0.0695385 0.0684070 0.0596141 0.1367672 0.0996501 0.1126111 0.0774818 0.1234076 0.0788423 0.1134355 0.0698932 0.0504134 0.0563109 0.1117425 0.0946249 0.0689327 0.0000010 0.1094278 0.1217019 0.0877479 0.0609098 0.0604943 0.0410745 0.0135921 0.1027257 0.0599577 0.0952032 0.1063056 0.1438759 0.1390159 0.0788701 
S0293      0.4007803 0.3955488 0.1411452 0.0364524 0.0782317 0.0617832 0.1458210 0.0794855 0.0767542 0.0000000 0.1321045 0.1244012 0.1108807 0.1087469 0.0984395 0.0000010 0.0109483 0.1052299 0.0794855 0.0768830 0.0846625 0.0625511 0.1205694 0.0784262 0.1103443 0.0498117 0.0222493 0.0931016 0.1110215 0.0609555 0.0850400 0.1088908 0.0781523 0.0763055 0.0768085 0.0937653 0.0618337 0.0618337 0.0624326 0.0485521 0.1560771 0.1244586 0.0493656 0.0615375 0.0763803 0.0950963 0.0899749 0.1251565 0.0906727 0.0897228 0.0123843 0.1038306 0.1247758 0.0750990 0.0610211 0.0473926 0.0886874 0.1088908 0.0222672 0.0805342 0.0794855 0.1007158 0.0794855 0.1243832 0.0763055 0.0409346 0.0660343 0.0228908 0.1174316 0.0619511 0.0767542 0.0222672 0.0348423 0.0348425 0.1091516 0.0352682 0.0417589 0.0767542 0.0820207 0.0618337 0.1103443 0.1046251 0.1525129 0.0234417 0.0771149 
S0294      0.3559277 0.2770123 0.3206570 0.1225600 0.1227998 0.0894058 0.1259721 0.1014061 0.1000195 0.1321045 0.0000000 0.1713243 0.1427149 0.1607454 0.1264085 0.1240517 0.1138361 0.1190748 0.1238779 0.1115166 0.1082217 0.1118644 0.1004565 0.1129675 0.1214509 0.1127502 0.1240517 0.1331807 0.1320034 0.0986751 0.0991686 0.1989814 0.0876057 0.1109080 0.1004759 0.1218781 0.1004225 0.1100702 0.1004637 0.0909343 0.1221044 0.1289737 0.0925886 0.0996829 0.0911835 0.0438228 0.1431820 0.1452015 0.1325005 0.0985738 0.0974667 0.1427413 0.2276959 0.1189811 0.1328609 0.0893892 0.1078547 0.2145328 0.1241557 0.1358347 0.1014061 0.1551832 0.1010930 0.1214405 0.1021912 0.0611573 0.0884095 0.1269313 0.1190863 0.1315161 0.1000195 0.1241557 0.1219186 0.1112848 0.1183373 0.0808133 0.1156707 0.0914660 0.1252697 0.1004225 0.1214509 0.1540052 0.1589661 0.1870288 0.1014310 
S0299      0.2798109 0.3484093 0.1411452 0.1067868 0.1582558 0.1047708 0.1456113 0.0462522 0.1546277 0.1244012 0.1713243 0.0000000 0.1888204 0.1948038 0.1871681 0.1244012 0.1224822 0.1200915 0.0462522 0.1264064 0.1535557 0.1375115 0.1366578 0.1583677 0.0223816 0.1625791 0.1385585 0.0345417 0.0897764 0.1335392 0.1537134 0.1595727 0.1578466 0.1536829 0.1051475 0.1570801 0.1358770 0.1358770 0.1776953 0.1197604 0.2104942 0.1230597 0.1220288 0.1592686 0.1539224 0.1649125 0.1696323 0.1419973 0.1374656 0.1516540 0.0508052 0.1347419 0.1424103 0.1421965 0.1336849 0.0901446 0.1177096 0.1595727 0.1387395 0.1345228 0.0462522 0.1724409 0.0462522 0.0462090 0.1536829 0.0870194 0.1456714 0.1248860 0.1531435 0.1360941 0.1546277 0.1387395 0.1610571 0.1049668 0.1956056 0.1218202 0.0705851 0.1546277 0.1558097 0.1358770 0.0223816 0.1871121 0.1242761 0.1501492 0.0760598 
S0303      0.3713741 0.3074579 0.3242343 0.1052037 0.1523421 0.1165936 0.1057094 0.0919441 0.1029740 0.1108807 0.1427149 0.1888204 0.0000000 0.0830123 0.0476725 0.1547664 0.1542929 0.1223844 0.0900218 0.1411101 0.0233150 0.1176719 0.1328235 0.0301255 0.1114397 0.1693136 0.1659230 0.1227333 0.1605744 0.0544411 0.0153692 0.1774031 0.1044419 0.0296509 0.0838406 0.1281897 0.0722472 0.0811838 0.1276830 0.0553287 0.0712668 0.1433318 0.0948949 0.1172960 0.0927906 0.1281214 0.1030408 0.1608892 0.0705288 0.0645176 0.0775102 0.1222522 0.1850579 0.1385585 0.0930769 0.1131983 0.1017954 0.1731324 0.1660710 0.1537588 0.0919441 0.0596694 0.1133411 0.1315000 0.0377591 0.0250954 0.0155450 0.1700927 0.0687601 0.1038594 0.1029740 0.1424801 0.1824443 0.1380134 0.1170164 0.1039084 0.0909871 0.1028918 0.1423758 0.0722472 0.1114397 0.1129472 0.1668223 0.2268976 0.1270529 
S0308      0.5204612 0.4573942 0.4322100 0.0987954 0.1229529 0.1000392 0.0621648 0.1210037 0.0611935 0.1087469 0.1607454 0.1948038 0.0830123 0.0000000 0.0809311 0.1444063 0.1338452 0.1189717 0.1297190 0.1220173 0.0554510 0.1242729 0.1069485 0.0613542 0.1418769 0.1470911 0.1444063 0.1542980 0.1456433 0.0614420 0.0474825 0.1678362 0.1015188 0.0603683 0.0815683 0.1229707 0.0703594 0.0790472 0.1100516 0.0624295 0.0593622 0.1431909 0.0708713 0.1006250 0.0770616 0.1364484 0.0973556 0.1576678 0.0858056 0.0989321 0.0857108 0.1088606 0.1751882 0.1200351 0.0895342 0.1100401 0.0972437 0.1639876 0.1336521 0.1492809 0.1210037 0.1007753 0.1444222 0.1632664 0.0361812 0.0507449 0.0480243 0.1477866 0.0848849 0.0887046 0.0611935 0.1445283 0.1589244 0.1195341 0.1215615 0.1010174 0.0731485 0.0783563 0.1382564 0.0703594 0.1418769 0.1066438 0.1740743 0.1774035 0.1233820 
S0322      0.4145830 0.3675298 0.4773086 0.1018811 0.1465204 0.1024387 0.1028742 0.0910986 0.0900375 0.0984395 0.1264085 0.1871681 0.0476725 0.0809311 0.0000000 0.1482226 0.1373259 0.1083360 0.0909947 0.1251073 0.0227914 0.1157486 0.1094826 0.0218650 0.1104356 0.1510682 0.1482226 0.1216314 0.1591683 0.0452051 0.0226725 0.1725187 0.0912241 0.0290115 0.0720310 0.1261012 0.0536545 0.0619935 0.1038910 0.0459186 0.0611455 0.1342043 0.0822440 0.1030490 0.0662516 0.1246956 0.0911815 0.1471083 0.0605448 0.0624484 0.0882829 0.1189907 0.1701708 0.1230095 0.0923136 0.0995901 0.1079416 0.1587323 0.1483511 0.1654040 0.0910986 0.0611387 0.1123054 0.1303473 0.0369237 0.0328288 0.0232749 0.1517901 0.0569352 0.0914320 0.0900375 0.1483511 0.1517235 0.1224934 0.1364971 0.0907925 0.0596446 0.0899701 0.1537425 0.0536545 0.1104356 0.1006116 0.1653339 0.2166636 0.1122741 
S0400      0.4680209 0.4540664 0.4130757 0.0709644 0.1091564 0.0788412 0.1443887 0.1020419 0.1093417 0.0000010 0.1240517 0.1244012 0.1547664 0.1444063 0.1482226 0.0000000 0.0067151 0.1085207 0.1245635 0.0896451 0.1296663 0.0898126 0.1160647 0.1128437 0.1221211 0.0445754 0.0135656 0.1107878 0.1402340 0.0989594 0.1204725 0.1736877 0.0812079 0.1107981 0.0904540 0.0822244 0.0903780 0.0997215 0.0812460 0.0912285 0.1652418 0.1470200 0.0826521 0.0873351 0.0763803 0.1025169 0.1146439 0.1849350 0.1107072 0.1179311 0.0578503 0.1553971 0.2004466 0.1054408 0.0977481 0.0613051 0.1144538 0.1880573 0.0135719 0.0924062 0.1020419 0.1833453 0.1017253 0.1310211 0.1087289 0.0943329 0.1090569 0.0138006 0.1530807 0.0968405 0.1093417 0.0135719 0.0208861 0.0605904 0.1437458 0.0533687 0.0417589 0.1007231 0.0830500 0.0903780 0.1221211 0.1241913 0.1672273 0.0361281 0.0913055 
S0405      0.4645311 0.4523523 0.4130757 0.0797201 0.0996429 0.0701929 0.1338259 0.1010353 0.0998194 0.0109483 0.1138361 0.1224822 0.1542929 0.1338452 0.1373259 0.0067151 0.0000000 0.0990688 0.1233173 0.0805827 0.1189806 0.0807317 0.1066085 0.1029800 0.1209225 0.0367480 0.0067151 0.1097079 0.1388907 0.0897057 0.1098636 0.1620599 0.0722775 0.1011321 0.0813199 0.0731534 0.0812283 0.0903780 0.0722821 0.0819981 0.1543053 0.1362443 0.0735362 0.0785473 0.0625511 0.0928832 0.1052966 0.1731086 0.1010387 0.1083002 0.0578503 0.1445993 0.1880987 0.0962989 0.0886221 0.0530740 0.1051514 0.1759802 0.0067180 0.0921819 0.1010353 0.1703612 0.1007259 0.1297495 0.0992595 0.0838206 0.0987814 0.0068297 0.1418170 0.0878097 0.0998194 0.0067180 0.0137807 0.0524582 0.1332573 0.0452577 0.0272873 0.0913111 0.0828543 0.0812283 0.1209225 0.1146519 0.1656061 0.0438075 0.0820846 
S0412sl    0.4143835 0.3845130 0.2874396 0.0778093 0.1053502 0.1054299 0.0898590 0.0769254 0.0763464 0.1052299 0.1190748 0.1200915 0.1223844 0.1189717 0.1083360 0.1085207 0.0990688 0.0000000 0.0961521 0.0783791 0.0916585 0.1091624 0.0765004 0.0785510 0.0768731 0.1103216 0.1085207 0.0862764 0.1179551 0.0674460 0.0739517 0.1313022 0.0518868 0.0772600 0.0598112 0.1081013 0.0597094 0.0678896 0.1289547 0.0685005 0.0967597 0.1351802 0.0690077 0.1060205 0.1029891 0.1179686 0.1152729 0.1212397 0.0860038 0.1014470 0.0939412 0.1261323 0.1541321 0.1249622 0.0692480 0.0679206 0.0755454 0.1433521 0.1086055 0.1555687 0.0769254 0.1339389 0.0782665 0.0942155 0.0869215 0.0590790 0.0737015 0.1108879 0.1037561 0.0686470 0.0763464 0.1086055 0.1207727 0.1055528 0.1179192 0.0769214 0.0705858 0.0762946 0.1447362 0.0597094 0.0768731 0.1248761 0.1643620 0.1658906 0.0782947 
S0417      0.3627573 0.3542123 0.3581994 0.0817164 0.1224923 0.1094078 0.1094854 0.0138489 0.0968630 0.0794855 0.1238779 0.0462522 0.0900218 0.1297190 0.0909947 0.1245635 0.1233173 0.0961521 0.0000000 0.1018799 0.0736699 0.1345662 0.0971167 0.0880341 0.0283400 0.1361360 0.1336918 0.0360814 0.0786679 0.0683470 0.0837308 0.1209592 0.1085965 0.0865576 0.0789323 0.1331187 0.0604972 0.0688040 0.1109486 0.0610524 0.1148890 0.0655249 0.0713533 0.1100401 0.0909454 0.1226665 0.1170554 0.0805760 0.1139537 0.0872017 0.0475758 0.0970404 0.1195081 0.1298896 0.0992838 0.0880268 0.0866642 0.1096771 0.1338045 0.1301544 0.0138489 0.1114038 0.0287143 0.0434070 0.0963330 0.0502415 0.0740368 0.1368080 0.1143757 0.0983456 0.0968630 0.1338045 0.1477338 0.1095461 0.1434436 0.0795757 0.0265413 0.0967907 0.1200907 0.0604972 0.0283400 0.1268437 0.0904407 0.1877894 0.0998494 
S0427      0.4308707 0.3745731 0.3057499 0.0789869 0.0987266 0.0447826 0.0829071 0.0812374 0.0894348 0.0768830 0.1115166 0.1264064 0.1411101 0.1220173 0.1251073 0.0896451 0.0805827 0.0783791 0.1018799 0.0000000 0.1071637 0.1014319 0.0697610 0.1118895 0.1000219 0.0910642 0.0896451 0.0896230 0.1075017 0.0797095 0.0982245 0.1354934 0.0777906 0.1098745 0.0630087 0.1004469 0.0804674 0.0812582 0.0805610 0.0721064 0.1120895 0.1036007 0.0728335 0.0691482 0.0920624 0.1104810 0.0989639 0.1144688 0.1302287 0.0977199 0.0562572 0.1010483 0.1592511 0.0613823 0.0878125 0.0535727 0.0772008 0.1480538 0.0897121 0.0618635 0.0812374 0.1358320 0.1016772 0.1193981 0.0889383 0.0614056 0.0876137 0.0915580 0.1057986 0.0870138 0.0894348 0.0897121 0.1010082 0.0363447 0.1355697 0.0538721 0.0579086 0.0893683 0.0624592 0.0804674 0.1000219 0.1084484 0.1313024 0.1439295 0.0720044 
S0430      0.4020291 0.3720141 0.4085093 0.0842587 0.1281191 0.0853262 0.0749167 0.0654663 0.0736603 0.0846625 0.1082217 0.1535557 0.0233150 0.0554510 0.0227914 0.1296663 0.1189806 0.0916585 0.0736699 0.1071637 0.0000000 0.0978555 0.1011680 0.0072177 0.0839523 0.1321105 0.1296663 0.0944012 0.1294299 0.0377111 0.0000022 0.1417933 0.0745887 0.0071089 0.0560147 0.1080606 0.0460347 0.0543003 0.0953209 0.0383073 0.0454474 0.1040454 0.0657726 0.0858552 0.0531641 0.1067878 0.0829751 0.1273595 0.0450161 0.0553127 0.0788183 0.0822920 0.1495420 0.1054323 0.0657857 0.0829562 0.0913184 0.1384621 0.1297794 0.1458347 0.0654663 0.0338073 0.0853317 0.1030702 0.0144692 0.0080267 0.0000027 0.1327968 0.0498482 0.0742205 0.0736603 0.1297794 0.1440556 0.1049355 0.1182691 0.0742514 0.0449419 0.0736070 0.1344107 0.0460347 0.0839523 0.0829751 0.1344049 0.1959867 0.0949820 
S0552sl    0.3430455 0.3478940 0.3721291 0.0891475 0.1123302 0.0632562 0.1242551 0.1113791 0.0909988 0.0625511 0.1118644 0.1375115 0.1176719 0.1242729 0.1157486 0.0898126 0.0807317 0.1091624 0.1345662 0.1014319 0.0978555 0.0000000 0.1396448 0.0834905 0.1318691 0.0912374 0.0898126 0.1439597 0.0998509 0.0810821 0.0889248 0.1517155 0.1115640 0.0820286 0.0909672 0.0444264 0.0908918 0.1003026 0.0808963 0.0733573 0.1325991 0.0841224 0.0831184 0.0452069 0.0109530 0.1017565 0.0884750 0.1563350 0.1013775 0.0892412 0.0763022 0.1348802 0.1772973 0.0616147 0.0983038 0.1006810 0.0787339 0.1653322 0.0898799 0.1281288 0.1113791 0.1292661 0.1342065 0.1528970 0.0805422 0.0624256 0.0785248 0.0917328 0.1302803 0.0973850 0.0909988 0.0898799 0.1012035 0.0809713 0.1126269 0.0917717 0.0267109 0.0909298 0.1268144 0.0908918 0.1318691 0.0976015 0.1233782 0.1442303 0.1135625 
S0558      0.4385091 0.4420492 0.3410591 0.0958420 0.0689173 0.0683752 0.0535764 0.0972231 0.0961016 0.1205694 0.1004565 0.1366578 0.1328235 0.1069485 0.1094826 0.1160647 0.1066085 0.0765004 0.0971167 0.0697610 0.1011680 0.1396448 0.0000000 0.1058458 0.1163066 0.1074587 0.1160647 0.1274045 0.1394170 0.0680483 0.0927273 0.1685893 0.0687242 0.1040418 0.0614882 0.1381769 0.0602335 0.0685009 0.1164552 0.0691232 0.1060233 0.1367762 0.0887920 0.1155117 0.1179470 0.1085727 0.0856038 0.1225950 0.1134196 0.1144410 0.0826107 0.1361924 0.1663512 0.1155034 0.0868830 0.0687408 0.0934322 0.1552147 0.1161552 0.1209850 0.0972231 0.1455585 0.0969414 0.1359263 0.0766415 0.0588882 0.0828101 0.1185756 0.0930165 0.0861025 0.0961016 0.1161552 0.1184410 0.0770241 0.1489702 0.0691206 0.0706740 0.0879037 0.1221972 0.0602335 0.1163066 0.0944011 0.1663686 0.1736980 0.0792902 
S0620      0.3923372 0.3830397 0.4437743 0.0895168 0.1321557 0.0906182 0.0810175 0.0800114 0.0791296 0.0784262 0.1129675 0.1583677 0.0301255 0.0613542 0.0218650 0.1128437 0.1029800 0.0785510 0.0880341 0.1118895 0.0072177 0.0834905 0.1058458 0.0000000 0.0983935 0.1025358 0.1128437 0.1089014 0.1440076 0.0438814 0.0072265 0.1461663 0.0801075 0.0000026 0.0619492 0.0929584 0.0520513 0.0601168 0.1003439 0.0445520 0.0514052 0.1197066 0.0715395 0.0911537 0.0494509 0.1115180 0.0882100 0.1417629 0.0355490 0.0612089 0.0852264 0.0964863 0.1535950 0.1101300 0.0804536 0.0881871 0.0962581 0.1428555 0.1129354 0.1493935 0.0800114 0.0408182 0.0999859 0.1173210 0.0210782 0.0156681 0.0073049 0.1154030 0.0562136 0.0797197 0.0791296 0.1129354 0.1257405 0.1096450 0.1226462 0.0797520 0.0420324 0.0790736 0.1383897 0.0520513 0.0983935 0.0972902 0.1493692 0.1730685 0.0999815 
S0624      0.3205904 0.3265981 0.2852955 0.0791851 0.1295614 0.1074129 0.1106928 0.0136786 0.0952032 0.1103443 0.1214509 0.0223816 0.1114397 0.1418769 0.1104356 0.1221211 0.1209225 0.0768731 0.0283400 0.1000219 0.0839523 0.1318691 0.1163066 0.0983935 0.0000000 0.1333680 0.1310346 0.0068139 0.0773934 0.0856343 0.0846839 0.1421097 0.1066343 0.0967064 0.0685019 0.1192502 0.0775562 0.0862415 0.1315676 0.0782620 0.1261040 0.0740418 0.0702026 0.1080238 0.1216035 0.1202946 0.1373363 0.1212492 0.1060577 0.0941076 0.0651730 0.1077113 0.1437999 0.1273951 0.1063079 0.0690777 0.0852371 0.1546378 0.1311426 0.1276456 0.0136786 0.1255703 0.0283328 0.0278972 0.1069170 0.0509743 0.0843700 0.1224129 0.1159986 0.1053164 0.0952032 0.1311426 0.1446486 0.1075434 0.1405483 0.0782670 0.0553940 0.0951337 0.1178289 0.0775562 0.0000010 0.1475828 0.0791459 0.1712997 0.0702559 
S0641      0.4985698 0.5105136 0.4130046 0.0900386 0.1004291 0.0700520 0.1350864 0.1125905 0.1111701 0.0498117 0.1127502 0.1625791 0.1693136 0.1470911 0.1510682 0.0445754 0.0367480 0.1103216 0.1361360 0.0910642 0.1321105 0.0912374 0.1074587 0.1025358 0.1333680 0.0000000 0.0445754 0.1215234 0.1519246 0.1005636 0.1093643 0.1772260 0.1015999 0.1126800 0.0918976 0.1029879 0.0918233 0.1013546 0.1017429 0.0927015 0.1684111 0.1498109 0.0839654 0.0886734 0.0783357 0.0920368 0.1061239 0.1887493 0.1125882 0.1199282 0.0874260 0.1583471 0.2047316 0.1071307 0.0993097 0.0621738 0.1163235 0.1920147 0.0446021 0.1034027 0.1125905 0.1695757 0.1122164 0.1546989 0.1105367 0.0836354 0.0983324 0.0454332 0.1561173 0.0983707 0.1111701 0.0446021 0.0439471 0.0614381 0.1463993 0.0541107 0.0428560 0.1023848 0.0936859 0.0918233 0.1333680 0.1155908 0.1802609 0.0716847 0.0927771 
S0643      0.4861065 0.4731361 0.4481315 0.0886560 0.1091564 0.0788412 0.1338259 0.1107084 0.1093417 0.0222493 0.1240517 0.1385585 0.1659230 0.1444063 0.1482226 0.0135656 0.0067151 0.1085207 0.1336918 0.0896451 0.1296663 0.0898126 0.1160647 0.1128437 0.1310346 0.0445754 0.0000000 0.1194715 0.1492154 0.0989594 0.1204725 0.1736877 0.0812079 0.1107981 0.0904540 0.0642765 0.0903780 0.0997215 0.0812460 0.0912285 0.1652418 0.1256819 0.0826521 0.0873351 0.0491735 0.1025169 0.1146439 0.1849350 0.1107072 0.1179311 0.0669227 0.1553971 0.2004466 0.1054408 0.0977481 0.0613051 0.1144538 0.1880573 0.0135719 0.1017042 0.1107084 0.1833453 0.1103504 0.1399729 0.1087289 0.0943329 0.1090569 0.0138006 0.1530807 0.0968405 0.1093417 0.0135719 0.0208861 0.0605904 0.1437458 0.0373134 0.0417589 0.1007231 0.0921819 0.0903780 0.1310346 0.1241913 0.1768009 0.0516459 0.0913055 
S0645sl    0.3416339 0.3482246 0.2852955 0.0889215 0.1414096 0.1182217 0.1219194 0.0208783 0.1052900 0.0931016 0.1331807 0.0345417 0.1227333 0.1542980 0.1216314 0.1107878 0.1097079 0.0862764 0.0360814 0.0896230 0.0944012 0.1439597 0.1274045 0.1089014 0.0068139 0.1215234 0.1194715 0.0000000 0.0758938 0.0953446 0.0952503 0.1546378 0.1173396 0.1069931 0.0776431 0.1306753 0.0870766 0.0960478 0.1198993 0.0878717 0.1375141 0.0725159 0.0796145 0.1057826 0.1400034 0.1318586 0.1492806 0.1329649 0.1166738 0.1040630 0.0651730 0.1185437 0.1565459 0.1247075 0.1169624 0.0601372 0.0948875 0.1677984 0.1195674 0.1164549 0.0208783 0.1387152 0.0360664 0.0354965 0.1176590 0.0608070 0.0948697 0.1110150 0.1278718 0.1158459 0.1052900 0.1195674 0.1323664 0.0970706 0.1528077 0.0689639 0.0717876 0.1052105 0.1069694 0.0870766 0.0068139 0.1599040 0.0775745 0.1578106 0.0796888 
S0673      0.3198972 0.3514149 0.3024142 0.0994741 0.1329380 0.0995064 0.1240528 0.0604766 0.0996058 0.1110215 0.1320034 0.0897764 0.1605744 0.1456433 0.1591683 0.1402340 0.1388907 0.1179551 0.0786679 0.1075017 0.1294299 0.0998509 0.1394170 0.1440076 0.0773934 0.1519246 0.1492154 0.0758938 0.0000000 0.1081934 0.1310914 0.1726331 0.1205816 0.1413057 0.1187912 0.1179750 0.1187954 0.1287398 0.1057131 0.1004429 0.1535488 0.0374997 0.1109642 0.0594537 0.0769599 0.1307050 0.1499419 0.1436983 0.1738740 0.1174128 0.0637304 0.1334102 0.1993195 0.0758873 0.1174777 0.1154732 0.0531600 0.1869554 0.1493377 0.1254865 0.0604766 0.1965087 0.0531935 0.0948459 0.1095784 0.1045362 0.1193291 0.1526078 0.1540061 0.1163521 0.0996058 0.1493377 0.1634980 0.1057732 0.1217122 0.1066614 0.0750407 0.0995291 0.1243104 0.1187954 0.0773934 0.1606083 0.0360408 0.1793875 0.1435439 
S0720      0.3904305 0.3142912 0.2667337 0.0609775 0.0978355 0.0611987 0.0614652 0.0684244 0.0515885 0.0609555 0.0986751 0.1335392 0.0544411 0.0614420 0.0452051 0.0989594 0.0897057 0.0674460 0.0683470 0.0797095 0.0377111 0.0810821 0.0680483 0.0438814 0.0856343 0.1005636 0.0989594 0.0953446 0.1081934 0.0000000 0.0301343 0.1188274 0.0521363 0.0432090 0.0360860 0.0803523 0.0208062 0.0280286 0.0619355 0.0000026 0.0675695 0.0942318 0.0443739 0.0615572 0.0347099 0.0794341 0.0363476 0.0982933 0.0669100 0.0513499 0.0389338 0.0763264 0.1174295 0.0786290 0.0447206 0.0596701 0.0672147 0.1077940 0.0990351 0.1118889 0.0684244 0.0682400 0.0869392 0.1033718 0.0359012 0.0234203 0.0222599 0.1010946 0.0551943 0.0523026 0.0515885 0.0990351 0.1107570 0.0782387 0.0801692 0.0519394 0.0260074 0.0515570 0.1020707 0.0208062 0.0856343 0.0440860 0.1321890 0.1547507 0.0696319 
S0724sl    0.3772437 0.3130525 0.3254684 0.0758120 0.1190045 0.0767634 0.0664306 0.0753308 0.0654484 0.0850400 0.0991686 0.1537134 0.0153692 0.0474825 0.0226725 0.1204725 0.1098636 0.0739517 0.0837308 0.0982245 0.0000022 0.0889248 0.0927273 0.0072265 0.0846839 0.1093643 0.1204725 0.0952503 0.1310914 0.0301343 0.0000000 0.1436721 0.0662545 0.0071729 0.0479738 0.0990688 0.0383208 0.0465021 0.0866197 0.0306105 0.0299199 0.1164862 0.0575099 0.0772488 0.0533632 0.0878042 0.0746419 0.1289658 0.0296477 0.0386787 0.0706517 0.0832078 0.1515071 0.0966668 0.0665593 0.0654063 0.0830070 0.1402521 0.1205777 0.1361939 0.0753308 0.0248220 0.0960959 0.1040024 0.0072220 0.0081089 0.0000029 0.1233926 0.0324246 0.0659349 0.0654484 0.1205777 0.1232928 0.0961850 0.1092081 0.0659624 0.0450801 0.0654021 0.1248505 0.0383208 0.0846839 0.0839080 0.1477976 0.1860067 0.0765918 
S0735      0.5062171 0.4760179 0.4577566 0.1428549 0.1392959 0.1107126 0.1581918 0.1210897 0.1254067 0.1088908 0.1989814 0.1595727 0.1774031 0.1678362 0.1725187 0.1736877 0.1620599 0.1313022 0.1209592 0.1354934 0.1417933 0.1517155 0.1685893 0.1461663 0.1421097 0.1772260 0.1736877 0.1546378 0.1726331 0.1188274 0.1436721 0.0000000 0.1345815 0.1433731 0.1099597 0.1728525 0.1099336 0.1110264 0.1858280 0.1087630 0.1412730 0.1571474 0.0985991 0.1346956 0.1064822 0.1719800 0.1698249 0.0528968 0.1543834 0.1488548 0.1461137 0.0712263 0.0136402 0.1468564 0.1433039 0.1300365 0.1387291 0.0067504 0.1630170 0.1672579 0.1210897 0.1641210 0.1446794 0.1636833 0.1442584 0.1143265 0.1313381 0.1780040 0.1952586 0.1418363 0.1254067 0.1738397 0.1903645 0.1108560 0.1769280 0.1206686 0.0573065 0.1253077 0.1655347 0.1099336 0.1421097 0.1814878 0.2045142 0.2250925 0.1300941 
S0742      0.4683230 0.3803604 0.3228175 0.0710800 0.0789040 0.0696419 0.1015141 0.0880468 0.0607359 0.0781523 0.0876057 0.1578466 0.1044419 0.1015188 0.0912241 0.0812079 0.0722775 0.0518868 0.1085965 0.0777906 0.0745887 0.1115640 0.0687242 0.0801075 0.1066343 0.1015999 0.0812079 0.1173396 0.1205816 0.0521363 0.0662545 0.1345815 0.0000000 0.0787626 0.0530649 0.0910356 0.0529616 0.0611976 0.0916073 0.0529491 0.0987712 0.1384451 0.0622281 0.0893019 0.0617168 0.0693520 0.0983410 0.1358259 0.0976674 0.0854453 0.0662746 0.1089175 0.1581597 0.1079030 0.0624459 0.0602649 0.0769789 0.1470415 0.0812673 0.0998668 0.0880468 0.1128161 0.0703015 0.1257499 0.0707207 0.0504635 0.0569736 0.0829301 0.0948876 0.0618975 0.0607359 0.0812673 0.0922288 0.0790270 0.0888416 0.0524624 0.0418536 0.0530372 0.0905180 0.0529616 0.1066343 0.1077617 0.1684407 0.1343138 0.0703372 
S0748      0.3824074 0.3733266 0.4337779 0.0879941 0.1297228 0.0890562 0.0796431 0.0786709 0.0778204 0.0763055 0.1109080 0.1536829 0.0296509 0.0603683 0.0290115 0.1107981 0.1011321 0.0772600 0.0865576 0.1098745 0.0071089 0.0820286 0.1040418 0.0000026 0.0967064 0.1126800 0.1107981 0.1069931 0.1413057 0.0432090 0.0071729 0.1433731 0.0787626 0.0000000 0.0609455 0.0913154 0.0512396 0.0591700 0.0985855 0.0438603 0.0506142 0.1174057 0.0703493 0.0895750 0.0481841 0.1095136 0.0867283 0.1391443 0.0350198 0.0602272 0.0837057 0.0948646 0.1506910 0.1081845 0.0790981 0.0867070 0.0946440 0.1401841 0.1108866 0.1464835 0.0786709 0.0404771 0.0982424 0.1152695 0.0207681 0.0154117 0.0072500 0.1132647 0.0552691 0.0783891 0.0778204 0.1108866 0.1233834 0.1077105 0.1204057 0.0784202 0.0408173 0.0777664 0.1357215 0.0512396 0.0967064 0.0956388 0.1464667 0.1696258 0.0982419 
S0756      0.4285439 0.3470129 0.2602832 0.0433347 0.0894135 0.0534125 0.0638189 0.0606704 0.0600598 0.0768085 0.1004759 0.1051475 0.0838406 0.0815683 0.0720310 0.0904540 0.0813199 0.0598112 0.0789323 0.0630087 0.0560147 0.0909672 0.0614882 0.0619492 0.0685019 0.0918976 0.0904540 0.0776431 0.1187912 0.0360860 0.0479738 0.1099597 0.0530649 0.0609455 0.0000000 0.0693624 0.0287311 0.0362982 0.0906747 0.0366323 0.0875326 0.1153009 0.0368919 0.0705880 0.0752358 0.0808793 0.0790916 0.1110026 0.0604561 0.0676400 0.0663899 0.0971400 0.1199435 0.0705884 0.0529342 0.0364216 0.0760634 0.1211330 0.0905222 0.0942021 0.0606704 0.0794471 0.0788208 0.0951664 0.0531914 0.0238371 0.0393318 0.0709970 0.0651467 0.0524872 0.0600598 0.0905222 0.1019219 0.0534335 0.0992430 0.0366175 0.0268928 0.0600215 0.0951711 0.0287311 0.0685019 0.0879642 0.1178297 0.1291123 0.0285262 
S0758      0.3513799 0.3564431 0.3414678 0.0680695 0.1312846 0.0801766 0.1128776 0.1102700 0.0901507 0.0937653 0.1218781 0.1570801 0.1281897 0.1229707 0.1261012 0.0822244 0.0731534 0.1081013 0.1331187 0.1004469 0.1080606 0.0444264 0.1381769 0.0929584 0.1192502 0.1029879 0.0642765 0.1306753 0.1179750 0.0803523 0.0990688 0.1728525 0.0910356 0.0913154 0.0693624 0.0000000 0.0900436 0.0993423 0.0624839 0.0727026 0.1429472 0.0833344 0.0823492 0.0611055 0.0112642 0.1007645 0.1082316 0.1545735 0.1094527 0.0984863 0.0572095 0.1334312 0.1852518 0.0780307 0.0973856 0.0997132 0.0956778 0.1871226 0.0822856 0.1360288 0.1102700 0.1373809 0.1327701 0.1512234 0.0896474 0.0618296 0.0883735 0.0630555 0.1271855 0.0964854 0.0901507 0.0822856 0.0934524 0.0984876 0.1114919 0.0727027 0.0575550 0.0900831 0.1254469 0.0900436 0.1192502 0.1178869 0.1170265 0.1206777 0.0892085 
S0760      0.4551247 0.3537587 0.3286824 0.0531300 0.0893361 0.0700766 0.0703777 0.0605673 0.0599577 0.0618337 0.1004225 0.1358770 0.0722472 0.0703594 0.0536545 0.0903780 0.0812283 0.0597094 0.0604972 0.0804674 0.0460347 0.0908918 0.0602335 0.0520513 0.0775562 0.0918233 0.0903780 0.0870766 0.1187954 0.0208062 0.0383208 0.1099336 0.0529616 0.0512396 0.0287311 0.0900436 0.0000000 0.0067264 0.0709479 0.0211091 0.0763751 0.1152923 0.0368026 0.0704870 0.0606184 0.0807874 0.0437012 0.0897718 0.0592443 0.0596800 0.0475758 0.0854326 0.1086513 0.0880625 0.0450051 0.0519823 0.0759710 0.0991226 0.0904463 0.1139631 0.0605673 0.0785095 0.0787284 0.0951032 0.0437947 0.0235626 0.0301806 0.0923244 0.0732949 0.0446298 0.0599577 0.0904463 0.1018718 0.0701222 0.0991871 0.0443155 0.0127656 0.0599194 0.1039415 0.0000010 0.0775562 0.0515205 0.1201533 0.1452837 0.0616353 
S0770      0.4344900 0.3711306 0.3581994 0.0613796 0.0985805 0.0707506 0.0790596 0.0688823 0.0681698 0.0618337 0.1100702 0.1358770 0.0811838 0.0790472 0.0619935 0.0997215 0.0903780 0.0678896 0.0688040 0.0812582 0.0543003 0.1003026 0.0685009 0.0601168 0.0862415 0.1013546 0.0997215 0.0960478 0.1287398 0.0280286 0.0465021 0.1110264 0.0611976 0.0591700 0.0362982 0.0993423 0.0067264 0.0000000 0.0797292 0.0284404 0.0849031 0.1256508 0.0446475 0.0791850 0.0606184 0.0898931 0.0360385 0.0906532 0.0673462 0.0678549 0.0561573 0.0862336 0.1097193 0.0791843 0.0530845 0.0600546 0.0844540 0.1000990 0.0997986 0.1151271 0.0688823 0.0787033 0.0875666 0.1041439 0.0516401 0.0317835 0.0381413 0.1018931 0.0823557 0.0526343 0.0681698 0.0997986 0.1116564 0.0707978 0.1086679 0.0522665 0.0127656 0.0681248 0.1050065 0.0067264 0.0862415 0.0437012 0.1301967 0.1561674 0.0617643 
S0771      0.4186589 0.3559976 0.3789427 0.0802656 0.1323839 0.0806260 0.1100410 0.1110709 0.0907061 0.0624326 0.1004637 0.1776953 0.1276830 0.1100516 0.1038910 0.0812460 0.0722821 0.1289547 0.1109486 0.0805610 0.0953209 0.0808963 0.1164552 0.1003439 0.1315676 0.1017429 0.0812460 0.1198993 0.1057131 0.0619355 0.0866197 0.1858280 0.0916073 0.0985855 0.0906747 0.0624839 0.0709479 0.0797292 0.0000000 0.0544516 0.1292026 0.1017994 0.0626093 0.0516621 0.0347914 0.1014503 0.0881920 0.1311751 0.1276358 0.0902656 0.0307926 0.1090126 0.1832439 0.0678550 0.0892578 0.0800203 0.0962730 0.1714343 0.0813057 0.1132656 0.1110709 0.1523611 0.1339020 0.1526219 0.0786491 0.0604265 0.0765303 0.0829763 0.1267739 0.0884316 0.0907061 0.0813057 0.0923197 0.0790556 0.1015972 0.0716135 0.0573586 0.0906374 0.1032916 0.0709479 0.1315676 0.0973099 0.1290228 0.1347000 0.1132492 
S0795      0.3814864 0.3054414 0.2719179 0.0536259 0.0901707 0.0538088 0.0624525 0.0611236 0.0444284 0.0485521 0.0909343 0.1197604 0.0553287 0.0624295 0.0459186 0.0912285 0.0819981 0.0685005 0.0610524 0.0721064 0.0383073 0.0733573 0.0691232 0.0445520 0.0782620 0.0927015 0.0912285 0.0878717 0.1004429 0.0000026 0.0306105 0.1087630 0.0529491 0.0438603 0.0366323 0.0727026 0.0211091 0.0284404 0.0544516 0.0000000 0.0686277 0.0861589 0.0371473 0.0541301 0.0230341 0.0718493 0.0369027 0.0887428 0.0679467 0.0442205 0.0312942 0.0690526 0.1075128 0.0711437 0.0454186 0.0524590 0.0600416 0.0981193 0.0912980 0.1038809 0.0611236 0.0694587 0.0794549 0.0959578 0.0364419 0.0236108 0.0226067 0.0932096 0.0561046 0.0531194 0.0444284 0.0912980 0.1028430 0.0707739 0.0725398 0.0447259 0.0129371 0.0444020 0.0940861 0.0211091 0.0782620 0.0447649 0.1241590 0.1466539 0.0622104 
S0888      0.4290832 0.3648936 0.3677056 0.1171756 0.1429589 0.1187055 0.0616551 0.1066399 0.0937003 0.1560771 0.1221044 0.2104942 0.0712668 0.0593622 0.0611455 0.1652418 0.1543053 0.0967597 0.1148890 0.1120895 0.0454474 0.1325991 0.1060233 0.0514052 0.1261040 0.1684111 0.1652418 0.1375141 0.1535488 0.0675695 0.0299199 0.1412730 0.0987712 0.0506142 0.0875326 0.1429472 0.0763751 0.0849031 0.1292026 0.0686277 0.0000000 0.1514901 0.0863075 0.1193767 0.1205145 0.1414552 0.1154892 0.1208725 0.0583413 0.0781780 0.1039005 0.0964959 0.1485060 0.1394664 0.1076065 0.1154368 0.1045817 0.1381743 0.1551801 0.1722285 0.1066399 0.0869757 0.1282314 0.1460700 0.0432640 0.0402167 0.0382513 0.1691432 0.0556031 0.1065895 0.0937003 0.1653806 0.1574094 0.1389525 0.1380188 0.1066377 0.1227046 0.0936332 0.1607357 0.0763751 0.1261040 0.1251096 0.1822861 0.2134359 0.1285946 
S0894      0.3114645 0.3640661 0.2717669 0.1241539 0.1190974 0.0952430 0.1100221 0.0561379 0.1153549 0.1244586 0.1289737 0.1230597 0.1433318 0.1431909 0.1342043 0.1470200 0.1362443 0.1351802 0.0655249 0.1036007 0.1040454 0.0841224 0.1367762 0.1197066 0.0740418 0.1498109 0.1256819 0.0725159 0.0374997 0.0942318 0.1164862 0.1571474 0.1384451 0.1174057 0.1153009 0.0833344 0.1152923 0.1256508 0.1017994 0.0861589 0.1514901 0.0000000 0.1070915 0.0458521 0.0493569 0.1157568 0.1364835 0.1285632 0.1727815 0.1138983 0.0576296 0.1304322 0.1839053 0.0624849 0.1215102 0.1119344 0.0646584 0.1714125 0.1471463 0.1365210 0.0561379 0.1581870 0.0752261 0.0925883 0.1056998 0.0775280 0.1046025 0.1505236 0.1395009 0.1331944 0.1153549 0.1471463 0.1619114 0.1018652 0.1260399 0.0836726 0.0746886 0.1152589 0.1351505 0.1152923 0.0740418 0.1473495 0.0469049 0.2146333 0.1410241 
S0906      0.4413438 0.3408315 0.2968761 0.0537637 0.0816802 0.0626492 0.0804084 0.0532951 0.0355999 0.0493656 0.0925886 0.1220288 0.0948949 0.0708713 0.0822440 0.0826521 0.0735362 0.0690077 0.0713533 0.0728335 0.0657726 0.0831184 0.0887920 0.0715395 0.0702026 0.0839654 0.0826521 0.0796145 0.1109642 0.0443739 0.0575099 0.0985991 0.0622281 0.0703493 0.0368919 0.0823492 0.0368026 0.0446475 0.0626093 0.0371473 0.0863075 0.1070915 0.0000000 0.0630236 0.0484049 0.0731278 0.0893895 0.1017671 0.0791237 0.0603761 0.0583335 0.0802807 0.1189651 0.0805380 0.0620669 0.0448017 0.0687659 0.1091872 0.0733919 0.0956001 0.0532951 0.1037743 0.0712629 0.0876886 0.0623813 0.0242927 0.0484643 0.0844401 0.0963184 0.0615257 0.0355999 0.0827139 0.0939441 0.0626831 0.0613326 0.0371324 0.0131601 0.0355803 0.0858526 0.0368026 0.0702026 0.0986216 0.1357415 0.1110880 0.0542413 
S0959      0.3827810 0.3525496 0.2501997 0.0692501 0.0898721 0.0450720 0.1006210 0.0891839 0.0706039 0.0615375 0.0996829 0.1592686 0.1172960 0.1006250 0.1030490 0.0873351 0.0785473 0.1060205 0.1100401 0.0691482 0.0858552 0.0452069 0.1155117 0.0911537 0.1080238 0.0886734 0.0873351 0.1057826 0.0594537 0.0615572 0.0772488 0.1346956 0.0893019 0.0895750 0.0705880 0.0611055 0.0704870 0.0791850 0.0516621 0.0541301 0.1193767 0.0458521 0.0630236 0.0000000 0.0228607 0.0802427 0.0875649 0.1300111 0.1179640 0.0785485 0.0466925 0.1103651 0.1582890 0.0135958 0.0777181 0.0687206 0.0598850 0.1471640 0.0873983 0.0908154 0.0891839 0.1287710 0.1098063 0.1273951 0.0702201 0.0617829 0.0674498 0.0891447 0.1164962 0.0770345 0.0706039 0.0873983 0.0982908 0.0517282 0.0901427 0.0607732 0.0422177 0.0705553 0.0899305 0.0704870 0.1080238 0.0965863 0.0782576 0.1396897 0.0908509 
S0960      0.3131919 0.3324918 0.1999124 0.0616528 0.0765946 0.0351548 0.0944764 0.0909454 0.0484529 0.0763803 0.0911835 0.1539224 0.0927906 0.0770616 0.0662516 0.0763803 0.0625511 0.1029891 0.0909454 0.0920624 0.0531641 0.0109530 0.1179470 0.0494509 0.1216035 0.0783357 0.0491735 0.1400034 0.0769599 0.0347099 0.0533632 0.1064822 0.0617168 0.0481841 0.0752358 0.0112642 0.0606184 0.0606184 0.0347914 0.0230341 0.1205145 0.0493569 0.0484049 0.0228607 0.0000000 0.0608424 0.0608445 0.0870880 0.0887821 0.0606790 0.0120110 0.0737736 0.1219544 0.0348643 0.0598387 0.0742605 0.0600564 0.1064822 0.0764670 0.1105658 0.0909454 0.0827553 0.0909454 0.1538877 0.0481841 0.0262122 0.0374522 0.0789465 0.0984762 0.0607307 0.0484529 0.0764670 0.0937171 0.0606184 0.0473488 0.0355937 0.0408492 0.0484529 0.1127432 0.0606184 0.1216035 0.0742606 0.1122528 0.1124921 0.0755292 
S1052sl    0.3815347 0.3113465 0.2995503 0.1013569 0.1014790 0.0707149 0.1247164 0.1004951 0.0891306 0.0950963 0.0438228 0.1649125 0.1281214 0.1364484 0.1246956 0.1025169 0.0928832 0.1179686 0.1226665 0.1104810 0.1067878 0.1017565 0.1085727 0.1115180 0.1202946 0.0920368 0.1025169 0.1318586 0.1307050 0.0794341 0.0878042 0.1719800 0.0693520 0.1095136 0.0808793 0.1007645 0.0807874 0.0898931 0.1014503 0.0718493 0.1414552 0.1157568 0.0731278 0.0802427 0.0608424 0.0000000 0.1206633 0.1437012 0.1307424 0.0973962 0.0866262 0.1319993 0.1985423 0.0984750 0.1110458 0.0707049 0.1068926 0.1862307 0.1025987 0.1134155 0.1004951 0.1388755 0.1001885 0.1202846 0.1009194 0.0605849 0.0872905 0.1048137 0.1408899 0.1099616 0.0891306 0.1025987 0.1008220 0.0908816 0.0979638 0.0625061 0.0758338 0.0808440 0.1034620 0.0807874 0.1202946 0.1308392 0.1572463 0.1609429 0.0816368 
