94
CRNC          0.0000000 0.4394202 0.4468405 0.4404122 0.5821548 0.4061365 0.4282903 0.3763050 0.5149533 0.4064924 0.3808166 0.4966613 0.4161411 0.3813989 0.4262363 0.7135973 0.4044083 0.4361285 0.4705208 0.4639954 0.3719904 0.2870209 0.4475557 0.4399873 0.5471819 0.4984739 0.4265914 0.4231353 0.3725698 0.4390495 0.4589869 0.3933682 0.4400436 0.2722295 0.4092033 0.4890799 0.4438424 0.4310327 0.3915107 0.3933682 0.3808166 0.4896171 0.4028841 0.4223135 0.3860472 0.4100267 0.4363964 0.4039416 0.3901542 0.4539685 0.3855697 0.4853302 0.3982419 0.4226148 0.2848177 0.5125015 0.4346321 0.3588113 0.4173888 0.4166571 0.3854051 0.4036717 0.4580894 0.4316827 0.3687782 0.4166571 0.4413015 0.4535025 0.4185146 0.4103985 0.3915260 0.3963273 0.4523033 0.3848647 0.4005688 0.4077847 0.3456247 0.3931566 0.4170246 0.4122687 0.4075137 0.4067863 0.4187351 0.3881573 0.3971595 0.4537616 0.4457740 0.4896171 0.5316701 0.4168624 0.4253108 0.3672323 0.4419003 0.3945741 
HYZL          0.4394202 0.0000000 0.1270199 0.3764804 1.5289719 0.3350659 0.3740253 0.3197454 0.4179839 0.4195387 0.3242758 0.3650073 0.3528097 0.2876843 0.3402869 0.5230528 0.3404260 0.3257618 0.3881845 0.3694800 0.3967071 0.1816127 0.3498836 0.3792956 0.4751553 0.3998854 0.4079311 0.3359866 0.3491749 0.3212389 0.3206924 0.3132083 0.3547290 0.3091417 0.3371911 0.4199965 0.3673520 0.3791692 0.3280548 0.3132083 0.3242758 0.3579772 0.3572686 0.3257266 0.3364070 0.4107273 0.3499405 0.3519364 0.3093082 0.3432254 0.4058096 0.3778988 0.3352288 0.3705911 0.1133021 0.3890771 0.3725197 0.3621116 0.3426508 0.3432811 0.3589575 0.4021361 0.4118544 0.3238043 0.3427011 0.3432811 0.3773427 0.3205833 0.3449038 0.3567903 0.3865988 0.3467999 0.3518709 0.3097906 0.3239037 0.3987727 0.3673834 0.3355080 0.3690455 0.3520487 0.3248122 0.3356314 0.3427666 0.3503961 0.3359438 0.3665415 0.3473139 0.3579772 0.4826792 0.3312879 0.3519138 0.3114576 0.3317536 0.3356314 
MYZV          0.4468405 0.1270199 0.0000000 0.3833630 0.5366428 0.2781943 0.4066564 0.2736425 0.3347977 0.3656742 0.2780626 0.3272018 0.3041077 0.2350057 0.2853884 0.3325899 0.2853765 0.2822125 0.3312174 0.2784672 0.3452877 0.2587818 0.3253111 0.3506526 0.4141320 0.3224882 0.3083943 0.3004194 0.3231189 0.2925489 0.2987936 0.2677387 0.3169899 0.3927400 0.2899284 0.3527332 0.3184617 0.3611627 0.2530741 0.2677387 0.2780626 0.3218111 0.2999474 0.2687602 0.2892560 0.3612516 0.2888786 0.2959298 0.2645069 0.3073002 0.3287605 0.3192413 0.2882953 0.3211996 0.1816127 0.2703639 0.3008393 0.3129688 0.2955902 0.2961213 0.3103226 0.3498807 0.3760855 0.2889105 0.2955932 0.2961213 0.3045909 0.2847791 0.2963614 0.3061974 0.3200734 0.2990660 0.3185612 0.2552698 0.2726136 0.3227111 0.2967217 0.2676133 0.3067081 0.3034874 0.2997868 0.2886412 0.2775072 0.2870489 0.2888890 0.3177207 0.2782244 0.3218111 0.3431889 0.2850051 0.3033578 0.2662659 0.2956375 0.2886412 
SRR6441723    0.4404122 0.3764804 0.3833630 0.0000000 0.8779879 0.0976372 0.3106213 0.0865186 0.1131541 0.0761961 0.0976041 0.0768170 0.0771282 0.1069267 0.0785767 0.1928062 0.0837336 0.0980996 0.0724468 0.0981559 0.0635795 0.0479933 0.1043377 0.0999571 0.1397854 0.1280508 0.0960004 0.0843143 0.0714126 0.0851682 0.0907058 0.0908528 0.0897471 0.0835891 0.0778117 0.1046477 0.1257508 0.0857236 0.0978961 0.0908528 0.0976041 0.1142402 0.0768310 0.0778123 0.0653553 0.1138614 0.0884626 0.0849279 0.0706279 0.0785974 0.0998344 0.1209885 0.0978456 0.1029680 0.0000010 0.1191724 0.0636873 0.0703320 0.1041619 0.1113473 0.0648072 0.0706018 0.1607661 0.1141270 0.0570209 0.1113473 0.1132260 0.0767998 0.0790394 0.0811036 0.0936831 0.0645560 0.0780746 0.0860562 0.0783512 0.1503088 0.0574006 0.1044483 0.1210275 0.0919427 0.0845236 0.0842821 0.0959402 0.0640183 0.0699165 0.0702579 0.0909766 0.1142402 0.1661620 0.0969924 0.0850508 0.0982364 0.0835533 0.0842821 
ERR4210213    0.5821548 1.5289719 0.5366428 0.8779879 0.0000000 0.3741161 0.5119486 0.3741161 0.3811839 0.3741161 0.3741161 0.5244573 0.3741161 0.3741161 0.3741161 0.4625237 0.5244573 0.5244573 0.6098197 0.5244573 0.2538037 0.0000010 0.9226589 0.5964874 0.3811839 0.5101732 0.2589803 0.5244573 0.3741161 0.3741161 0.3811839 0.3741161 0.3811839 1.8581118 0.3741161 0.2604955 0.3741161 0.5911923 0.3698707 0.3741161 0.3741161 0.3741161 0.3741161 0.3741161 0.2478639 0.3340280 0.6004698 0.3741161 0.3741161 0.5945816 0.4069508 0.3741161 0.3741161 0.3741161 0.0000010 0.3124232 0.3741161 0.3741161 0.3741161 0.2538037 0.3741161 0.3741161 0.3741161 0.5945816 0.3741161 0.2538037 0.5101732 0.3811839 0.3741161 0.5814027 0.5331643 0.3741161 0.4174287 0.3741161 0.5244573 0.2538037 0.2478639 0.3741161 0.3741161 0.3741161 0.3741161 0.3741161 0.3741161 0.3741161 0.3741161 0.3811839 0.5101732 0.3741161 0.3233154 0.3741161 0.3741161 0.3741161 0.3741161 0.5101732 
ERR2789774    0.4061365 0.3350659 0.2781943 0.0976372 0.3741161 0.0000000 0.2157145 0.0212872 0.1239677 0.0882150 0.0209424 0.0827833 0.0561473 0.0156729 0.0493520 0.1585366 0.0811016 0.0867495 0.0789584 0.0950130 0.0816161 0.1022873 0.0995290 0.0691319 0.1353838 0.0735559 0.0782603 0.0498280 0.0617658 0.0435258 0.0945958 0.0156006 0.0937868 0.0371836 0.0618425 0.1309543 0.1061204 0.0813464 0.0817431 0.0156006 0.0209424 0.0931552 0.0493026 0.0558168 0.0502304 0.1101286 0.0520828 0.0760087 0.0493520 0.0684587 0.0637911 0.1014120 0.0803509 0.0934405 0.0481187 0.0887051 0.0678776 0.0742084 0.0862673 0.0928646 0.0688447 0.0760377 0.1307270 0.0557993 0.0622926 0.0928646 0.0612784 0.0745792 0.0446659 0.0522710 0.1009742 0.0496504 0.0831881 0.0499779 0.0758641 0.0971460 0.0752628 0.0263560 0.0381117 0.0378252 0.0606355 0.0431158 0.0302030 0.0558924 0.0496598 0.0873149 0.0616475 0.0931552 0.1335123 0.0796921 0.0501365 0.0210583 0.0796105 0.0431158 
PAFTOL_019361 0.4282903 0.3740253 0.4066564 0.3106213 0.5119486 0.2157145 0.0000000 0.1942489 0.2584794 0.2437544 0.1987062 0.2384413 0.2229255 0.1827014 0.2012388 0.2874595 0.2053905 0.2206425 0.2197474 0.2258130 0.2246837 0.3878321 0.2215071 0.2166866 0.2505211 0.2448302 0.2215973 0.1830571 0.2208371 0.1928347 0.2344008 0.2071500 0.2327473 0.2113006 0.1950691 0.2251231 0.2008746 0.2442122 0.2139818 0.2071500 0.1987062 0.2111298 0.2272230 0.1866343 0.1833523 0.2608026 0.2316202 0.1936883 0.2094056 0.2229586 0.2051127 0.2525527 0.1943033 0.1861713 0.3818811 0.1723339 0.2206738 0.2201982 0.1758297 0.1838714 0.2120093 0.2502684 0.3078404 0.2337302 0.2409113 0.1838714 0.2100089 0.2236971 0.2146228 0.2143171 0.2278920 0.1907663 0.2407662 0.1702470 0.2002446 0.2730289 0.2146886 0.2070680 0.2296316 0.2184413 0.2154468 0.2073361 0.1826591 0.2309340 0.2204219 0.2419300 0.1985951 0.2111298 0.2553802 0.1923959 0.2417482 0.1898771 0.2006259 0.1906303 
S0055         0.3763050 0.3197454 0.2736425 0.0865186 0.3741161 0.0212872 0.1942489 0.0000000 0.0836501 0.0634487 0.0157323 0.0516627 0.0506277 0.0159264 0.0268991 0.1487594 0.0568226 0.0624160 0.0510483 0.0762510 0.0571734 0.1098636 0.0626464 0.0523458 0.0986426 0.0754476 0.0584578 0.0327564 0.0385593 0.0158608 0.0570116 0.0104170 0.0565375 0.0378250 0.0386061 0.0934644 0.0757198 0.0569895 0.0572660 0.0104170 0.0157323 0.0685488 0.0327235 0.0383782 0.0273697 0.0824129 0.0338781 0.0455332 0.0268991 0.0447698 0.0440618 0.0632877 0.0442986 0.0762756 0.0515019 0.0469718 0.0443949 0.0503970 0.0568001 0.0630616 0.0390990 0.0514817 0.1217898 0.0327055 0.0576126 0.0630616 0.0325105 0.0387322 0.0274136 0.0341991 0.0724467 0.0270581 0.0516039 0.0389715 0.0515033 0.0852003 0.0511008 0.0211195 0.0327239 0.0052145 0.0493650 0.0104055 0.0240097 0.0444863 0.0442221 0.0505299 0.0270346 0.0685488 0.1136510 0.0439482 0.0330838 0.0104554 0.0557952 0.0104055 
S0278         0.5149533 0.4179839 0.3347977 0.1131541 0.3811839 0.1239677 0.2584794 0.0836501 0.0000000 0.1031486 0.1080290 0.0685843 0.1022214 0.1175048 0.0746573 0.1325587 0.1025104 0.1151868 0.0499440 0.1317797 0.0897399 0.1038105 0.0677545 0.1212415 0.1029640 0.1557106 0.0780789 0.0948322 0.0816473 0.0823866 0.0495003 0.1013188 0.0492246 0.2351274 0.0883735 0.0929552 0.1307936 0.1191146 0.1102426 0.1013188 0.1080290 0.1392617 0.1020549 0.0883725 0.0697036 0.1426384 0.0994130 0.0757626 0.0873699 0.0956875 0.0944959 0.1009054 0.0946402 0.1317929 0.0488010 0.0463839 0.0815986 0.0950393 0.1092815 0.1164469 0.0829961 0.0972097 0.1856892 0.1102668 0.1040309 0.1164469 0.1094252 0.0434461 0.0897445 0.0926984 0.1175997 0.0751306 0.0505989 0.0898256 0.0972388 0.1521411 0.0766863 0.1148273 0.1314818 0.0889213 0.0946343 0.0815565 0.0999152 0.0811456 0.0944739 0.0492741 0.0880161 0.1392617 0.0899791 0.0938411 0.0956444 0.1017516 0.1072490 0.0815565 
S0281         0.4064924 0.4195387 0.3656742 0.0761961 0.3741161 0.0882150 0.2437544 0.0634487 0.1031486 0.0000000 0.0741077 0.0828362 0.0613697 0.0821417 0.0564864 0.2042868 0.0496490 0.0681234 0.0718583 0.0745036 0.0557763 0.0479933 0.0948433 0.0900454 0.1277292 0.1168389 0.0800078 0.0619323 0.0559454 0.0625232 0.0817944 0.0679375 0.0684067 0.0836535 0.0269465 0.0822172 0.0948215 0.0832183 0.0620085 0.0679375 0.0741077 0.0885448 0.0684010 0.0325686 0.0444490 0.1031467 0.0647837 0.0623527 0.0553623 0.0624736 0.0652428 0.0819590 0.0498659 0.0952670 0.0000010 0.0771117 0.0559139 0.0435069 0.0879306 0.0816629 0.0498643 0.0748298 0.1029611 0.0886959 0.0686192 0.0816629 0.0880412 0.0685324 0.0567957 0.0581830 0.0776328 0.0439378 0.0767461 0.0499351 0.0444346 0.1131747 0.0498594 0.0803595 0.0950345 0.0687040 0.0680716 0.0619112 0.0698740 0.0492937 0.0548370 0.0622705 0.0820305 0.0885448 0.1470962 0.0494718 0.0624422 0.0745562 0.0494222 0.0619112 
S0282         0.3808166 0.3242758 0.2780626 0.0976041 0.3741161 0.0209424 0.1987062 0.0157323 0.1080290 0.0741077 0.0000000 0.0687652 0.0435812 0.0156685 0.0372661 0.1585366 0.0674076 0.0729147 0.0635625 0.0805687 0.0678204 0.1019969 0.0931662 0.0766716 0.1102899 0.0673945 0.0711558 0.0432909 0.0490376 0.0316966 0.0802245 0.0050540 0.0672449 0.0119920 0.0490963 0.0900054 0.0994709 0.0676040 0.0679260 0.0050540 0.0000010 0.0790410 0.0492880 0.0433339 0.0379106 0.1009788 0.0392671 0.0623439 0.0372661 0.0553382 0.0637911 0.0867191 0.0668008 0.0742998 0.0479933 0.0758156 0.0548810 0.0609080 0.0675500 0.0864103 0.0556358 0.0747597 0.1477221 0.0608212 0.0622733 0.0864103 0.0486604 0.0612025 0.0325042 0.0394029 0.0844660 0.0374845 0.0690905 0.0499628 0.0622278 0.1108575 0.0498147 0.0050526 0.0156399 0.0262376 0.0481634 0.0314068 0.0175425 0.0433890 0.0374905 0.0733705 0.0489439 0.0790410 0.1446024 0.0662703 0.0378403 0.0000021 0.0662040 0.0314068 
S0289         0.4966613 0.3650073 0.3272018 0.0768170 0.5244573 0.0827833 0.2384413 0.0516627 0.0685843 0.0828362 0.0687652 0.0000000 0.0693743 0.0766881 0.0633551 0.0947496 0.0693870 0.0750511 0.0367335 0.0829895 0.0700092 0.1038105 0.0554887 0.0789469 0.0883956 0.1113384 0.0637919 0.0445183 0.0689348 0.0449406 0.0553847 0.0625967 0.0433455 0.0819766 0.0627657 0.0914532 0.1025016 0.0909803 0.0827795 0.0625967 0.0687652 0.0947484 0.0693122 0.0566461 0.0509785 0.1095132 0.0656055 0.0642974 0.0620716 0.0560379 0.0879956 0.0748778 0.0687462 0.0945983 0.0488010 0.0687610 0.0615294 0.0753280 0.0822989 0.0890068 0.0503452 0.0770074 0.1645604 0.0830161 0.0769280 0.0890068 0.0824025 0.0376592 0.0574915 0.0658529 0.0773423 0.0503811 0.0212492 0.0639280 0.0640705 0.1193770 0.0637287 0.0750155 0.0895903 0.0631442 0.0815628 0.0564254 0.0569322 0.0690492 0.0624717 0.0376701 0.0625151 0.0947484 0.1361793 0.0681834 0.0694580 0.0628519 0.0808041 0.0564254 
S0292         0.4161411 0.3528097 0.3041077 0.0771282 0.3741161 0.0561473 0.2229255 0.0506277 0.1022214 0.0613697 0.0435812 0.0693743 0.0000000 0.0504116 0.0499578 0.1768809 0.0549869 0.0613685 0.0711630 0.0675790 0.0495349 0.0479933 0.0940089 0.0572759 0.1185557 0.0629947 0.0863219 0.0436504 0.0379575 0.0440571 0.0746138 0.0378733 0.0802584 0.0669766 0.0495086 0.1005199 0.1003764 0.0500246 0.0674174 0.0378733 0.0435812 0.0811787 0.0497386 0.0436948 0.0382259 0.0948563 0.0516679 0.0628896 0.0375697 0.0440251 0.0575551 0.0809756 0.0673770 0.0877259 0.0000010 0.0769908 0.0379372 0.0374286 0.0806247 0.0871826 0.0322228 0.0619372 0.1195186 0.0747854 0.0440980 0.0871826 0.0743642 0.0617288 0.0443223 0.0453802 0.0837707 0.0377922 0.0697062 0.0444696 0.0498272 0.1049045 0.0437370 0.0493652 0.0623737 0.0618827 0.0379479 0.0553150 0.0362304 0.0209529 0.0155215 0.0740130 0.0684869 0.0811787 0.1468577 0.0668355 0.0497523 0.0438326 0.0667689 0.0553150 
S0293         0.3813989 0.2876843 0.2350057 0.1069267 0.3741161 0.0156729 0.1827014 0.0159264 0.1175048 0.0821417 0.0156685 0.0766881 0.0504116 0.0000000 0.0437645 0.1472911 0.0751330 0.0807812 0.0721357 0.0888681 0.0756075 0.1028582 0.0934613 0.0706284 0.1361519 0.0751193 0.0801232 0.0441868 0.0560188 0.0379942 0.0884781 0.0103750 0.0877218 0.0372331 0.0560881 0.1218437 0.1084577 0.0753588 0.0757264 0.0103750 0.0156685 0.0871341 0.0437207 0.0501161 0.0442771 0.1107320 0.0461807 0.0699953 0.0437645 0.0626066 0.0572214 0.0952304 0.0744390 0.0954829 0.0483691 0.0784660 0.0620762 0.0683397 0.0881255 0.0948823 0.0629567 0.0828875 0.1407697 0.0621049 0.0699161 0.0948823 0.0555769 0.0686800 0.0389878 0.0463469 0.0933313 0.0440282 0.0770626 0.0443187 0.0698613 0.1044958 0.0693090 0.0210340 0.0325878 0.0323440 0.0549946 0.0376368 0.0240812 0.0501829 0.0440361 0.0813045 0.0559104 0.0871341 0.1343701 0.0738299 0.0444576 0.0157551 0.0737542 0.0376368 
S0294         0.4262363 0.3402869 0.2853884 0.0785767 0.3741161 0.0493520 0.2012388 0.0268991 0.0746573 0.0564864 0.0372661 0.0633551 0.0499578 0.0437645 0.0000000 0.1465312 0.0500947 0.0555867 0.0507188 0.0751988 0.0503970 0.0479933 0.0750199 0.0776549 0.1044211 0.0744172 0.0650599 0.0380563 0.0380874 0.0265334 0.0563326 0.0317277 0.0558700 0.0380712 0.0324299 0.0723344 0.0747724 0.0502386 0.0625778 0.0317277 0.0372661 0.0615508 0.0440191 0.0324302 0.0214601 0.0952160 0.0397511 0.0325611 0.0320882 0.0383825 0.0577834 0.0435741 0.0496482 0.0626668 0.0000010 0.0458517 0.0380669 0.0438921 0.0561066 0.0622852 0.0385820 0.0693606 0.1122172 0.0555610 0.0447532 0.0622852 0.0492716 0.0382848 0.0328915 0.0398901 0.0784514 0.0212202 0.0574615 0.0446249 0.0448365 0.1052900 0.0444921 0.0428769 0.0553684 0.0320657 0.0317406 0.0262886 0.0427602 0.0381430 0.0436469 0.0559273 0.0437101 0.0615508 0.1121145 0.0492569 0.0383617 0.0374762 0.0492077 0.0262886 
S0299         0.7135973 0.5230528 0.3325899 0.1928062 0.4625237 0.1585366 0.2874595 0.1487594 0.1325587 0.2042868 0.1585366 0.0947496 0.1768809 0.1472911 0.1465312 0.0000000 0.1605986 0.1705562 0.1346724 0.1865419 0.1902136 0.0000010 0.1303450 0.1957479 0.1205627 0.2184436 0.1485930 0.1342525 0.1880774 0.1612234 0.1461328 0.1585366 0.1321764 4.4295199 0.1602998 0.0777865 0.2492375 0.2108380 0.1599364 0.1585366 0.1585366 0.1560168 0.1588233 0.1621081 0.1230781 0.2092996 0.1507728 0.1460133 0.1583474 0.1298457 0.1870604 0.1567463 0.1737129 0.2147731 0.0000010 0.0697416 0.1687110 0.1866499 0.2045760 0.2193493 0.1458760 0.1897420 0.4379340 0.1441840 0.1795161 0.2193493 0.1615110 0.1205627 0.1665397 0.1697406 0.1827035 0.1340318 0.1109460 0.1717495 0.1642708 0.1816874 0.1626066 0.1585366 0.1713889 0.1438080 0.1719933 0.1460991 0.1587197 0.1483226 0.1608842 0.1440529 0.1317932 0.1560168 0.0779956 0.1710585 0.1635458 0.1585366 0.1713628 0.1340318 
S0303         0.4044083 0.3404260 0.2853765 0.0837336 0.5244573 0.0811016 0.2053905 0.0568226 0.1025104 0.0496490 0.0674076 0.0693870 0.0549869 0.0751330 0.0500947 0.1605986 0.0000000 0.0155238 0.0713857 0.0208869 0.0554652 0.0479933 0.0878301 0.0762046 0.1193601 0.0952360 0.0865953 0.0436605 0.0496224 0.0560063 0.0748203 0.0613690 0.0804794 0.0838984 0.0324031 0.0384911 0.0746256 0.0761037 0.0102796 0.0613690 0.0674076 0.0554871 0.0617805 0.0380748 0.0383300 0.0795908 0.0580016 0.0508646 0.0375789 0.0559633 0.0717098 0.0747759 0.0436862 0.0625440 0.0000010 0.0267707 0.0495951 0.0489213 0.0559977 0.0621631 0.0436851 0.0743952 0.1007565 0.0815403 0.0619762 0.0621631 0.0809472 0.0618978 0.0503645 0.0515765 0.0234935 0.0378941 0.0762889 0.0386736 0.0000026 0.0896907 0.0495838 0.0735256 0.0877550 0.0620525 0.0614895 0.0554652 0.0624875 0.0431929 0.0486517 0.0742163 0.0750329 0.0554871 0.1337314 0.0433462 0.0559348 0.0678095 0.0433032 0.0554652 
S0308         0.4361285 0.3257618 0.2822125 0.0980996 0.5244573 0.0867495 0.2206425 0.0624160 0.1151868 0.0681234 0.0729147 0.0750511 0.0613685 0.0807812 0.0555867 0.1705562 0.0155238 0.0000000 0.0777348 0.0375842 0.0681511 0.0479933 0.0935204 0.0833279 0.1256966 0.0878584 0.0930682 0.0490586 0.0492185 0.0555867 0.0804695 0.0668509 0.0860855 0.0673716 0.0377620 0.0549381 0.0802348 0.0691391 0.0264198 0.0668509 0.0729147 0.0609512 0.0613831 0.0434629 0.0437537 0.0788734 0.0637076 0.0564391 0.0317357 0.0496002 0.0710204 0.0803956 0.0490873 0.0681266 0.0000010 0.0456399 0.0491916 0.0551429 0.0615106 0.0677135 0.0498630 0.0879278 0.0996526 0.0872148 0.0750159 0.0677135 0.0865821 0.0674272 0.0558858 0.0639404 0.0424218 0.0432578 0.0820202 0.0500185 0.0158585 0.0825464 0.0620495 0.0790569 0.0934404 0.0675938 0.0609821 0.0609276 0.0686234 0.0492924 0.0548357 0.0797986 0.0806732 0.0609512 0.1561756 0.0487049 0.0614420 0.0733487 0.0486567 0.0609276 
S0320         0.4705208 0.3881845 0.3312174 0.0724468 0.6098197 0.0789584 0.2197474 0.0510483 0.0499440 0.0718583 0.0635625 0.0367335 0.0711630 0.0721357 0.0507188 0.1346724 0.0713857 0.0777348 0.0000000 0.0932995 0.0504823 0.0000010 0.0362532 0.0975574 0.0176758 0.1186227 0.0366066 0.0496935 0.0569005 0.0505669 0.0361797 0.0635625 0.0175230 0.0948364 0.0498627 0.0785448 0.1009841 0.0732757 0.0792194 0.0635625 0.0635625 0.1018780 0.0640489 0.0501986 0.0242908 0.0988648 0.0519524 0.0439426 0.0495873 0.0505822 0.0722464 0.0788786 0.0635864 0.0867762 0.0000010 0.0573391 0.0568643 0.0634199 0.0714247 0.0859684 0.0504695 0.0654491 0.1468539 0.0720875 0.0717853 0.0859684 0.0713640 0.0175175 0.0442543 0.0528900 0.0828737 0.0302114 0.0180295 0.0650751 0.0654299 0.1211575 0.0374416 0.0635625 0.0865339 0.0573542 0.0706424 0.0500155 0.0561908 0.0502741 0.0566365 0.0175230 0.0567190 0.1018780 0.0558422 0.0630093 0.0505523 0.0635625 0.0699178 0.0500155 
S0322         0.4639954 0.3694800 0.2784672 0.0981559 0.5244573 0.0950130 0.2258130 0.0762510 0.1317797 0.0745036 0.0805687 0.0829895 0.0675790 0.0888681 0.0751988 0.1865419 0.0208869 0.0375842 0.0932995 0.0000000 0.0806769 0.1100960 0.1157132 0.0901606 0.1428938 0.0959971 0.1094764 0.0558969 0.0744592 0.0688601 0.1017353 0.0742989 0.1075754 0.1187628 0.0560944 0.0471853 0.1014549 0.1035468 0.0209878 0.0742989 0.0805687 0.0807067 0.0875611 0.0560943 0.0625835 0.1012818 0.0778793 0.0763997 0.0613155 0.0814203 0.0937280 0.1016632 0.0680715 0.0886628 0.0515602 0.0456843 0.0744158 0.0733744 0.0814742 0.0881085 0.0680686 0.0879732 0.1293431 0.1090326 0.0878406 0.0881085 0.1082095 0.0877318 0.0692951 0.0710147 0.0489875 0.0618493 0.0969741 0.0509456 0.0158674 0.1182402 0.0744048 0.0807147 0.1019611 0.0879489 0.0871204 0.0806769 0.0694374 0.0672698 0.0608816 0.0877601 0.1020361 0.0807067 0.1703363 0.0675196 0.0813820 0.0810611 0.0674508 0.0806769 
S0335         0.3719904 0.3967071 0.3452877 0.0635795 0.2538037 0.0816161 0.2246837 0.0571734 0.0897399 0.0557763 0.0678204 0.0700092 0.0495349 0.0756075 0.0503970 0.1902136 0.0554652 0.0681511 0.0504823 0.0806769 0.0000000 0.1117931 0.0818367 0.0769460 0.1049435 0.0896390 0.0645663 0.0558177 0.0441498 0.0563464 0.0752908 0.0617415 0.0684346 0.0835510 0.0499392 0.1019458 0.0750936 0.0703307 0.0680161 0.0617415 0.0678204 0.0952310 0.0493517 0.0499397 0.0385562 0.0815915 0.0583672 0.0572235 0.0436926 0.0444407 0.0576385 0.0883031 0.0679753 0.0756405 0.0523317 0.0665661 0.0441255 0.0435247 0.0687500 0.0625453 0.0382577 0.0495770 0.1212908 0.0820602 0.0495068 0.0625453 0.0814594 0.0622768 0.0506699 0.0518971 0.0846242 0.0381154 0.0640265 0.0568888 0.0502637 0.0988853 0.0265340 0.0739801 0.0883181 0.0624334 0.0559561 0.0557991 0.0555880 0.0378260 0.0432843 0.0622961 0.0755062 0.0952310 0.1355188 0.0674249 0.0562738 0.0682272 0.0673563 0.0557991 
S0376         0.2870209 0.1816127 0.2587818 0.0479933 0.0000010 0.1022873 0.3878321 0.1098636 0.1038105 0.0479933 0.1019969 0.1038105 0.0479933 0.1028582 0.0479933 0.0000010 0.0479933 0.0479933 0.0000010 0.1100960 0.1117931 0.0000000 0.1038105 0.1038105 4.4581568 0.0479933 0.0000010 0.0524605 0.0479933 0.1038105 0.1038105 0.0479933 0.1656018 0.1019969 0.0506036 0.1790794 0.1038105 0.0000010 0.0479933 0.0479933 0.1019969 0.0479933 0.0479933 0.0479933 0.0524605 0.2069347 0.1154195 0.1221328 0.0479933 0.1028582 0.0000010 0.1687601 0.1038105 0.1019969 0.0479933 0.0000010 0.0479933 0.0000027 0.1656018 0.1038105 0.1104110 0.1661233 0.1804113 0.1661233 0.1122562 0.1038105 0.1687601 0.1038105 0.1028582 0.1028582 0.0479933 0.0524605 0.1038105 0.0479933 0.0479933 0.1804113 0.1075138 0.1625576 0.1019969 0.1038105 0.0479933 0.1038105 0.0000010 0.1019969 0.1019969 0.1038105 0.1038105 0.0479933 2.5975355 0.1038105 0.1028582 0.1078101 0.0479933 0.1038105 
S0407sl       0.4475557 0.3498836 0.3253111 0.1043377 0.9226589 0.0995290 0.2215071 0.0626464 0.0677545 0.0948433 0.0931662 0.0554887 0.0940089 0.0934613 0.0750199 0.1303450 0.0878301 0.0935204 0.0362532 0.1157132 0.0818367 0.1038105 0.0000000 0.1030670 0.0736444 0.1382873 0.0629309 0.0741470 0.0805746 0.0685201 0.0547327 0.0867432 0.0428440 0.1292330 0.0743220 0.1121999 0.1147414 0.1032900 0.0951291 0.0867432 0.0931662 0.1158506 0.0794735 0.0743220 0.0563673 0.1329372 0.0842946 0.0761354 0.0734997 0.0812260 0.0921921 0.1014154 0.0803563 0.1155984 0.0488010 0.0675513 0.0805272 0.0870784 0.0942202 0.1010449 0.0753104 0.0890230 0.1594850 0.0883571 0.0956372 0.1010449 0.0813806 0.0372264 0.0754413 0.0781584 0.1003651 0.0617056 0.0382116 0.0805975 0.0825293 0.1323023 0.0691735 0.0996737 0.1153238 0.0747705 0.0933805 0.0678474 0.0837259 0.0807121 0.0865709 0.0372371 0.0617613 0.1158506 0.1093185 0.0796975 0.0811879 0.0871021 0.0925116 0.0557490 
S0412sl       0.4399873 0.3792956 0.3506526 0.0999571 0.5964874 0.0691319 0.2166866 0.0523458 0.1212415 0.0900454 0.0766716 0.0789469 0.0572759 0.0706284 0.0776549 0.1957479 0.0762046 0.0833279 0.0975574 0.0901606 0.0769460 0.1038105 0.1030670 0.0000000 0.1580206 0.0978115 0.0963826 0.0577373 0.0572282 0.0582287 0.0911804 0.0702730 0.0971295 0.0998021 0.0769071 0.1258357 0.1027981 0.0781083 0.0899275 0.0702730 0.0766716 0.1272671 0.0634643 0.0704660 0.0645965 0.1223409 0.0737736 0.0856295 0.0634119 0.0710327 0.0585576 0.1050841 0.0831614 0.1035713 0.0488010 0.0812507 0.0640669 0.0631520 0.0825280 0.0892580 0.0515486 0.0841468 0.1340659 0.0916221 0.0698920 0.0892580 0.0977160 0.0771901 0.0715567 0.0733911 0.1027383 0.0638153 0.0727878 0.0579854 0.0708680 0.1151852 0.0705313 0.0831575 0.0984552 0.0709033 0.0768523 0.0576444 0.0724413 0.0570098 0.0506424 0.0904094 0.0914542 0.1272671 0.1509362 0.0824559 0.0840506 0.0705667 0.0957583 0.0701837 
S0417         0.5471819 0.4751553 0.4141320 0.1397854 0.3811839 0.1353838 0.2505211 0.0986426 0.1029640 0.1277292 0.1102899 0.0883956 0.1185557 0.1361519 0.1044211 0.1205627 0.1193601 0.1256966 0.0176758 0.1428938 0.1049435 4.4581568 0.0736444 0.1580206 0.0000000 0.1587147 0.0429479 0.1022744 0.1105850 0.1042950 0.0870429 0.1176987 0.0598003 0.2752188 0.1026291 0.1400029 0.1594056 0.1302735 0.1281438 0.1176987 0.1102899 0.1440553 0.1186410 0.1033319 0.0750759 0.1425290 0.1155313 0.0889807 0.1020513 0.0966675 0.0792755 0.1436225 0.1179600 0.1361636 4.4581568 0.0463839 0.1105107 0.1174432 0.1194839 0.1430299 0.0957975 0.1113260 0.2180149 0.1106600 0.1263781 0.1430299 0.1350296 0.0662626 0.1050897 0.1168900 0.1389138 0.0808861 0.0682438 0.1205794 0.1136220 0.1727805 0.0756127 0.1102899 0.1358188 0.1116935 0.1254953 0.1031396 0.0627876 0.1035088 0.1100904 0.0662845 0.1009376 0.1440553 0.0452039 0.1168593 0.1115349 0.1027399 0.1241841 0.1031396 
S0427         0.4984739 0.3998854 0.3224882 0.1280508 0.5101732 0.0735559 0.2448302 0.0754476 0.1557106 0.1168389 0.0673945 0.1113384 0.0629947 0.0751193 0.0744172 0.2184436 0.0952360 0.0878584 0.1186227 0.0959971 0.0896390 0.0479933 0.1382873 0.0978115 0.1587147 0.0000000 0.1171983 0.0815357 0.0815965 0.0681490 0.1236477 0.0613564 0.1225494 0.0658473 0.0880859 0.1416197 0.1005551 0.0957901 0.0957484 0.0613564 0.0673945 0.1007150 0.0952397 0.0816156 0.0757958 0.1507252 0.0921800 0.1039480 0.0619266 0.0822641 0.1112832 0.1164986 0.0943327 0.0878819 0.0000010 0.1231873 0.0815479 0.0881912 0.0807666 0.0873370 0.0827494 0.1157448 0.1862560 0.0993036 0.0889489 0.0873370 0.1002990 0.1019226 0.0828693 0.0925469 0.1341751 0.0748876 0.1119089 0.0830222 0.0832068 0.1600943 0.0963328 0.0735122 0.0877412 0.0870247 0.0737532 0.0798425 0.0779210 0.0690646 0.0624849 0.1156057 0.0924671 0.1007150 0.1980136 0.0935387 0.0885567 0.0677963 0.0934409 0.0798425 
S0428sl       0.4265914 0.4079311 0.3083943 0.0960004 0.2589803 0.0782603 0.2215973 0.0584578 0.0780789 0.0800078 0.0711558 0.0637919 0.0863219 0.0801232 0.0650599 0.1485930 0.0865953 0.0930682 0.0366066 0.1094764 0.0645663 0.0000010 0.0629309 0.0963826 0.0429479 0.1171983 0.0000000 0.0637145 0.0713535 0.0648609 0.0494573 0.0711558 0.0425589 0.1171902 0.0503411 0.0904941 0.0706932 0.0889455 0.0873826 0.0711558 0.0711558 0.1185791 0.0788797 0.0506835 0.0373711 0.0927179 0.0595086 0.0649977 0.0567564 0.0648781 0.0876661 0.0796721 0.0642074 0.0857733 0.0000010 0.0684934 0.0713064 0.0780849 0.0706194 0.0568317 0.0647356 0.0880748 0.1610364 0.0800661 0.0782641 0.0568317 0.0792491 0.0299210 0.0514772 0.0606049 0.1001068 0.0433714 0.0438361 0.0728798 0.0806184 0.0977079 0.0650843 0.0711558 0.0948936 0.0648609 0.0856713 0.0572546 0.0635241 0.0644797 0.0710199 0.0425589 0.0641320 0.1185791 0.0666693 0.0636190 0.0578788 0.0711558 0.0705995 0.0572546 
S0478         0.4231353 0.3359866 0.3004194 0.0843143 0.5244573 0.0498280 0.1830571 0.0327564 0.0948322 0.0619323 0.0432909 0.0445183 0.0436504 0.0441868 0.0380563 0.1342525 0.0436605 0.0490586 0.0496935 0.0558969 0.0558177 0.0524605 0.0741470 0.0577373 0.1022744 0.0815357 0.0637145 0.0000000 0.0433946 0.0323649 0.0679157 0.0376227 0.0673565 0.0525646 0.0377207 0.0820398 0.0866935 0.0568431 0.0557652 0.0376227 0.0432909 0.0808083 0.0435742 0.0321040 0.0155914 0.1011678 0.0393320 0.0380278 0.0373246 0.0437285 0.0499127 0.0742339 0.0549903 0.0744255 0.0515602 0.0267451 0.0433712 0.0431212 0.0676625 0.0739716 0.0439573 0.0748871 0.1196454 0.0559182 0.0623776 0.0739716 0.0677435 0.0494597 0.0325560 0.0394682 0.0702996 0.0154225 0.0568532 0.0326614 0.0384595 0.1041051 0.0498961 0.0490336 0.0619393 0.0495834 0.0549884 0.0433464 0.0294909 0.0434584 0.0375497 0.0613219 0.0619836 0.0808083 0.1215207 0.0545580 0.0437054 0.0435390 0.0545038 0.0433464 
S0552sl       0.3725698 0.3491749 0.3231189 0.0714126 0.3741161 0.0617658 0.2208371 0.0385593 0.0816473 0.0559454 0.0490376 0.0689348 0.0379575 0.0560188 0.0380874 0.1880774 0.0496224 0.0492185 0.0569005 0.0744592 0.0441498 0.0479933 0.0805746 0.0572282 0.1105850 0.0815965 0.0713535 0.0433946 0.0000000 0.0437954 0.0557070 0.0432949 0.0674076 0.0518180 0.0377513 0.0913471 0.0867565 0.0507327 0.0619734 0.0432949 0.0490376 0.0683455 0.0379378 0.0377513 0.0267683 0.0668471 0.0453211 0.0504140 0.0263180 0.0323695 0.0117267 0.0742897 0.0550329 0.0744815 0.0000010 0.0666858 0.0210608 0.0321632 0.0677139 0.0740271 0.0269208 0.0626358 0.1017606 0.0682805 0.0504532 0.0740271 0.0677950 0.0494988 0.0382871 0.0394367 0.0697085 0.0264702 0.0630474 0.0383132 0.0444110 0.0837297 0.0383721 0.0548561 0.0680408 0.0437642 0.0320381 0.0433809 0.0487415 0.0266220 0.0319883 0.0613690 0.0620317 0.0683455 0.1357304 0.0546001 0.0437405 0.0493205 0.0545458 0.0433809 
S0558         0.4390495 0.3212389 0.2925489 0.0851682 0.3741161 0.0435258 0.1928347 0.0158608 0.0823866 0.0625232 0.0316966 0.0449406 0.0440571 0.0379942 0.0265334 0.1612234 0.0560063 0.0555867 0.0505669 0.0688601 0.0563464 0.1038105 0.0685201 0.0582287 0.1042950 0.0681490 0.0648609 0.0323649 0.0437954 0.0000000 0.0497366 0.0262376 0.0557293 0.0373182 0.0380678 0.0914702 0.0746045 0.0561675 0.0686922 0.0262376 0.0316966 0.0675583 0.0498277 0.0323978 0.0269912 0.0949967 0.0397095 0.0448782 0.0376638 0.0441363 0.0576086 0.0623672 0.0436776 0.0751442 0.0488010 0.0564099 0.0437715 0.0496827 0.0559847 0.0621475 0.0385469 0.0629067 0.1106763 0.0494903 0.0567731 0.0621475 0.0433504 0.0381903 0.0328582 0.0398483 0.0855874 0.0266881 0.0451484 0.0387361 0.0507581 0.0964704 0.0503670 0.0372296 0.0494420 0.0264514 0.0486800 0.0208206 0.0299849 0.0438608 0.0378935 0.0498115 0.0378550 0.0675583 0.1244539 0.0433377 0.0441129 0.0263353 0.0550085 0.0208206 
S0624         0.4589869 0.3206924 0.2987936 0.0907058 0.3811839 0.0945958 0.2344008 0.0570116 0.0495003 0.0817944 0.0802245 0.0553847 0.0746138 0.0884781 0.0563326 0.1461328 0.0748203 0.0804695 0.0361797 0.1017353 0.0752908 0.1038105 0.0547327 0.0911804 0.0870429 0.1236477 0.0494573 0.0679157 0.0557070 0.0497366 0.0000000 0.0739830 0.0316383 0.1299745 0.0618891 0.0924626 0.1010086 0.0896425 0.0818048 0.0739830 0.0802245 0.1086500 0.0744916 0.0618891 0.0443745 0.0951146 0.0710571 0.0633783 0.0612139 0.0685103 0.0718462 0.0687060 0.0677838 0.1017558 0.0488010 0.0569339 0.0556758 0.0559216 0.0811224 0.0877252 0.0565874 0.0823143 0.1298815 0.0691351 0.0758766 0.0877252 0.0812229 0.0154949 0.0628065 0.0647788 0.0780470 0.0496877 0.0381408 0.0628562 0.0695697 0.1115293 0.0628285 0.0865485 0.1015100 0.0622575 0.0677809 0.0556449 0.0695908 0.0619590 0.0676704 0.0371707 0.0616452 0.1086500 0.1011127 0.0672366 0.0684767 0.0742839 0.0796688 0.0556449 
S0641         0.3933682 0.3132083 0.2677387 0.0908528 0.3741161 0.0156006 0.2071500 0.0104170 0.1013188 0.0679375 0.0050540 0.0625967 0.0378733 0.0103750 0.0317277 0.1585366 0.0613690 0.0668509 0.0635625 0.0742989 0.0617415 0.0479933 0.0867432 0.0702730 0.1176987 0.0613564 0.0711558 0.0376227 0.0432949 0.0262376 0.0739830 0.0000000 0.0733705 0.0243824 0.0433465 0.0991864 0.0929801 0.0615463 0.0618384 0.0000010 0.0050540 0.0728995 0.0435132 0.0376610 0.0322738 0.0939760 0.0334211 0.0562840 0.0317277 0.0494665 0.0637911 0.0803841 0.0608207 0.0805919 0.0000010 0.0758156 0.0490599 0.0549950 0.0737035 0.0800986 0.0497285 0.0685303 0.1382353 0.0549183 0.0562192 0.0800986 0.0429635 0.0552594 0.0269010 0.0335349 0.0773655 0.0319127 0.0628916 0.0441055 0.0561801 0.1039557 0.0557494 0.0101755 0.0210009 0.0208496 0.0425275 0.0259976 0.0175425 0.0377080 0.0319175 0.0672656 0.0432117 0.0728995 0.1446024 0.0603402 0.0322140 0.0050809 0.0602801 0.0259976 
S0645sl       0.4400436 0.3547290 0.3169899 0.0897471 0.3811839 0.0937868 0.2327473 0.0565375 0.0492246 0.0684067 0.0672449 0.0433455 0.0802584 0.0877218 0.0558700 0.1321764 0.0804794 0.0860855 0.0175230 0.1075754 0.0684346 0.1656018 0.0428440 0.0971295 0.0598003 0.1225494 0.0425589 0.0673565 0.0674076 0.0557293 0.0316383 0.0733705 0.0000000 0.0972386 0.0613821 0.0824285 0.1001421 0.0888671 0.0875394 0.0733705 0.0672449 0.1077048 0.0738714 0.0613821 0.0440149 0.1237531 0.0704459 0.0566764 0.0607175 0.0679416 0.0643763 0.0808293 0.0672267 0.0877536 0.1038105 0.0563328 0.0673691 0.0614475 0.0679847 0.0869816 0.0621778 0.0752526 0.1494012 0.0811269 0.0816155 0.0869816 0.0805395 0.0153773 0.0622840 0.0707087 0.0917389 0.0492877 0.0266528 0.0749184 0.0752777 0.1333638 0.0443601 0.0733477 0.0875392 0.0617444 0.0797366 0.0551934 0.0622069 0.0675166 0.0732269 0.0153815 0.0611420 0.1077048 0.1000878 0.0666885 0.0679085 0.0614643 0.0790110 0.0551934 
S0690         0.2722295 0.3091417 0.3927400 0.0835891 1.8581118 0.0371836 0.2113006 0.0378250 0.2351274 0.0836535 0.0119920 0.0819766 0.0669766 0.0372331 0.0380712 4.4295199 0.0838984 0.0673716 0.0948364 0.1187628 0.0835510 0.1019969 0.1292330 0.0998021 0.2752188 0.0658473 0.1171902 0.0525646 0.0518180 0.0373182 0.1299745 0.0243824 0.0972386 0.0000000 0.0523488 0.1499869 0.0807164 0.0503697 0.1014944 0.0243824 0.0119920 0.0953861 0.0380712 0.0516239 0.0532779 0.1102090 0.0703358 0.1042627 0.0518180 0.0672806 0.0358215 0.1147475 0.0807164 0.0382124 0.0479933 2.6439199 0.0518180 0.0678017 0.0520136 0.0807164 0.0681826 0.1360303 0.1187767 0.1131591 0.0684834 0.0807164 0.0644907 0.0972386 0.0516957 0.0720485 0.0995468 0.0525646 0.1129869 0.0532864 0.0690615 0.1371957 0.0540372 0.0243665 0.0248502 0.0516951 0.0642508 0.0505547 0.0345040 0.0678017 0.0668310 0.0972386 0.0656603 0.0953861 3.2262719 0.0807164 0.0516957 0.0121450 0.0803452 0.0505547 
S0720         0.4092033 0.3371911 0.2899284 0.0778117 0.3741161 0.0618425 0.1950691 0.0386061 0.0883735 0.0269465 0.0490963 0.0627657 0.0495086 0.0560881 0.0324299 0.1602998 0.0324031 0.0377620 0.0498627 0.0560944 0.0499392 0.0506036 0.0743220 0.0769071 0.1026291 0.0880859 0.0503411 0.0377207 0.0377513 0.0380678 0.0618891 0.0433465 0.0613821 0.0523488 0.0000000 0.0559989 0.0558646 0.0567943 0.0441433 0.0433465 0.0490963 0.0500778 0.0436264 0.0000026 0.0212730 0.0872913 0.0393852 0.0329133 0.0318096 0.0380411 0.0567972 0.0559756 0.0156954 0.0561190 0.0000010 0.0365448 0.0377311 0.0435018 0.0497490 0.0440033 0.0382370 0.0687143 0.1020244 0.0621738 0.0563698 0.0440033 0.0617346 0.0437074 0.0325988 0.0395215 0.0636674 0.0210372 0.0569283 0.0270545 0.0271801 0.0973851 0.0440916 0.0549220 0.0681263 0.0438173 0.0492028 0.0377091 0.0420635 0.0378057 0.0432615 0.0554210 0.0560167 0.0500778 0.1250637 0.0155784 0.0380206 0.0493797 0.0155634 0.0377091 
S0724sl       0.4890799 0.4199965 0.3527332 0.1046477 0.2604955 0.1309543 0.2251231 0.0934644 0.0929552 0.0822172 0.0900054 0.0914532 0.1005199 0.1218437 0.0723344 0.0777865 0.0384911 0.0549381 0.0785448 0.0471853 0.1019458 0.1790794 0.1121999 0.1258357 0.1400029 0.1416197 0.0904941 0.0820398 0.0913471 0.0914702 0.0924626 0.0991864 0.0824285 0.1499869 0.0559989 0.0000000 0.1325679 0.1243366 0.0383842 0.0991864 0.0900054 0.0821865 0.1112108 0.0646576 0.0645729 0.1321524 0.0953750 0.0738313 0.0809638 0.0912923 0.1137269 0.1208664 0.0821854 0.0821121 0.1117931 0.0464383 0.0711396 0.0906714 0.0928528 0.1123106 0.0923058 0.0912954 0.2008052 0.0996584 0.1127697 0.1123106 0.1206420 0.0824285 0.0936620 0.0928284 0.0651882 0.0729777 0.0954101 0.0829954 0.0391394 0.1476897 0.0645444 0.0991409 0.1101704 0.0902175 0.0901766 0.0811892 0.0971041 0.0907128 0.0990955 0.0824660 0.1007036 0.0821865 0.1143847 0.0812241 0.1020419 0.0907891 0.0722920 0.0811892 
S0735         0.4438424 0.3673520 0.3184617 0.1257508 0.3741161 0.1061204 0.2008746 0.0757198 0.1307936 0.0948215 0.0994709 0.1025016 0.1003764 0.1084577 0.0747724 0.2492375 0.0746256 0.0802348 0.1009841 0.1014549 0.0750936 0.1038105 0.1147414 0.1027981 0.1594056 0.1005551 0.0706932 0.0866935 0.0867565 0.0746045 0.1010086 0.0929801 0.1001421 0.0807164 0.0558646 0.1325679 0.0000000 0.1099083 0.0880260 0.0929801 0.0994709 0.1015792 0.0936368 0.0558645 0.0684597 0.1320684 0.0907777 0.0760434 0.0670697 0.0874594 0.1091151 0.0749254 0.0496499 0.0430226 0.0488010 0.1009220 0.0867051 0.0933416 0.0260767 0.0102158 0.0815131 0.1089214 0.1392517 0.1014827 0.0872396 0.0102158 0.0873973 0.0807256 0.0816547 0.0911328 0.1160710 0.0676554 0.0962708 0.0690988 0.0693872 0.1415878 0.0946937 0.1060467 0.1219800 0.0809251 0.0930636 0.0738696 0.0762838 0.0869069 0.0927959 0.0936022 0.0946502 0.1015792 0.1993532 0.0492587 0.0874194 0.0933668 0.0492095 0.0738696 
S0742         0.4310327 0.3791692 0.3611627 0.0857236 0.5911923 0.0813464 0.2442122 0.0569895 0.1191146 0.0832183 0.0676040 0.0909803 0.0500246 0.0753588 0.0502386 0.2108380 0.0761037 0.0691391 0.0732757 0.1035468 0.0703307 0.0000010 0.1032900 0.0781083 0.1302735 0.0957901 0.0889455 0.0568431 0.0507327 0.0561675 0.0896425 0.0615463 0.0888671 0.0503697 0.0567943 0.1243366 0.1099083 0.0000000 0.0898100 0.0615463 0.0676040 0.0949088 0.0570664 0.0567943 0.0392605 0.1037588 0.0657868 0.0646603 0.0443030 0.0511383 0.0663841 0.0896810 0.0753927 0.0967514 0.0479933 0.0916234 0.0507041 0.0508119 0.0892810 0.0961352 0.0514190 0.0908303 0.1303553 0.0754720 0.0774542 0.0961352 0.0811909 0.0695602 0.0576442 0.0660357 0.1033385 0.0388038 0.0773056 0.0704277 0.0707731 0.1223703 0.0640203 0.0737420 0.0880229 0.0622337 0.0497977 0.0556241 0.0640806 0.0508119 0.0565277 0.0823598 0.0752581 0.0949088 0.1658617 0.0747680 0.0633737 0.0680083 0.0746904 0.0556241 
S0748         0.3915107 0.3280548 0.2530741 0.0978961 0.3698707 0.0817431 0.2139818 0.0572660 0.1102426 0.0620085 0.0679260 0.0827795 0.0674174 0.0757264 0.0625778 0.1599364 0.0102796 0.0264198 0.0792194 0.0209878 0.0680161 0.0479933 0.0951291 0.0899275 0.1281438 0.0957484 0.0873826 0.0557652 0.0619734 0.0686922 0.0818048 0.0618384 0.0875394 0.1014944 0.0441433 0.0383842 0.0880260 0.0898100 0.0000000 0.0618384 0.0679260 0.0680422 0.0746281 0.0500197 0.0500757 0.0802558 0.0584633 0.0635608 0.0378577 0.0686364 0.0869002 0.0882054 0.0557987 0.0755609 0.0000010 0.0361187 0.0619381 0.0610820 0.0686804 0.0750935 0.0557968 0.0749771 0.1197226 0.0821884 0.0748659 0.0750935 0.0815859 0.0685420 0.0507519 0.0519832 0.0236849 0.0497786 0.0834351 0.0508245 0.0052042 0.0904211 0.0615745 0.0740945 0.0884547 0.0625323 0.0742638 0.0558874 0.0630230 0.0551529 0.0607392 0.0811372 0.0756249 0.0680422 0.1332430 0.0553529 0.0563642 0.0683340 0.0552972 0.0558874 
S0756         0.3933682 0.3132083 0.2677387 0.0908528 0.3741161 0.0156006 0.2071500 0.0104170 0.1013188 0.0679375 0.0050540 0.0625967 0.0378733 0.0103750 0.0317277 0.1585366 0.0613690 0.0668509 0.0635625 0.0742989 0.0617415 0.0479933 0.0867432 0.0702730 0.1176987 0.0613564 0.0711558 0.0376227 0.0432949 0.0262376 0.0739830 0.0000010 0.0733705 0.0243824 0.0433465 0.0991864 0.0929801 0.0615463 0.0618384 0.0000000 0.0050540 0.0728995 0.0435132 0.0376610 0.0322738 0.0939760 0.0334211 0.0562840 0.0317277 0.0494665 0.0637911 0.0803841 0.0608207 0.0805919 0.0000010 0.0758156 0.0490599 0.0549950 0.0737035 0.0800986 0.0497285 0.0685303 0.1382353 0.0549183 0.0562192 0.0800986 0.0429635 0.0552594 0.0269010 0.0335349 0.0773655 0.0319127 0.0628916 0.0441055 0.0561801 0.1039557 0.0557494 0.0101755 0.0210009 0.0208496 0.0425275 0.0259976 0.0175425 0.0377080 0.0319175 0.0672656 0.0432117 0.0728995 0.1446024 0.0603402 0.0322140 0.0050809 0.0602801 0.0259976 
S0763         0.3808166 0.3242758 0.2780626 0.0976041 0.3741161 0.0209424 0.1987062 0.0157323 0.1080290 0.0741077 0.0000010 0.0687652 0.0435812 0.0156685 0.0372661 0.1585366 0.0674076 0.0729147 0.0635625 0.0805687 0.0678204 0.1019969 0.0931662 0.0766716 0.1102899 0.0673945 0.0711558 0.0432909 0.0490376 0.0316966 0.0802245 0.0050540 0.0672449 0.0119920 0.0490963 0.0900054 0.0994709 0.0676040 0.0679260 0.0050540 0.0000000 0.0790410 0.0492880 0.0433339 0.0379106 0.1009788 0.0392671 0.0623439 0.0372661 0.0553382 0.0637911 0.0867191 0.0668008 0.0742998 0.0479933 0.0758156 0.0548810 0.0609080 0.0675500 0.0864103 0.0556358 0.0747597 0.1477221 0.0608212 0.0622733 0.0864103 0.0486604 0.0612025 0.0325042 0.0394029 0.0844660 0.0374845 0.0690905 0.0499628 0.0622278 0.1108575 0.0498147 0.0050526 0.0156399 0.0262376 0.0481634 0.0314068 0.0175425 0.0433890 0.0374905 0.0733705 0.0489439 0.0790410 0.1446024 0.0662703 0.0378403 0.0000021 0.0662040 0.0314068 
