119
CRNC          0.0000000 0.2498630 0.2828880 0.3372900 0.3362562 0.3231808 0.3344462 0.3436437 0.2945793 0.3398255 0.3263887 0.3843570 0.3825128 0.3246405 0.3628252 0.3603667 0.3124818 0.3652387 0.3114047 0.3064685 0.3781658 0.3163506 0.3687899 0.3173691 0.3832068 0.3497773 0.3504415 0.4217939 0.3400033 0.3558205 0.3152823 0.3770560 0.3019880 0.3496899 0.3317132 0.3402577 0.4021116 0.3828741 0.3560603 0.3575195 0.3426035 0.3557246 0.3656606 0.2980183 0.3706538 0.3512661 0.3300884 0.3056271 0.3607927 0.3393497 0.3059057 0.3428083 0.3107454 0.3449351 0.3207345 0.3635064 0.3610755 0.3639044 0.3548462 0.3716954 0.3337321 0.3565381 0.3702007 0.3609597 0.3595544 0.3486712 0.3250257 0.3383204 0.3088262 0.3556783 0.3065987 0.3862879 0.3356522 0.3895586 0.3195138 0.3284921 0.2852198 0.3539559 0.3054076 0.3588416 0.3520268 0.3421123 0.3356522 0.3269382 0.3307641 0.2850284 0.3373280 0.3526443 0.3438248 0.3537445 0.3696948 0.3495706 0.3281999 0.3097750 0.3932620 0.3219754 0.3093091 0.3129988 0.3330564 0.3554638 0.3467298 0.3548157 0.3503840 0.3181048 0.3475345 0.3231237 0.3252528 0.4682713 0.3575130 0.3435201 0.3704477 0.3317035 0.3521093 0.3499737 0.3340522 0.3537277 0.3257792 0.3497702 0.3407039 
HYZL          0.2498630 0.0000000 0.0933615 0.2965798 0.2858717 0.2593661 0.3137401 0.2994957 0.3400579 0.3210144 0.3141123 0.2685621 0.2832453 0.3001411 0.3481302 0.2803489 0.2891195 0.3166033 0.3855634 0.2956031 0.2865136 0.2916590 0.3397071 0.2706887 0.2471761 0.2897526 0.2853084 0.3790721 0.2889987 0.3005009 0.2920857 0.2072924 0.2852199 0.2774862 0.3000645 0.2908014 0.3517185 0.2861807 0.3041843 0.3023760 0.2953287 0.3037488 0.3600387 0.2771377 0.2783295 0.2883102 0.3190877 0.3406445 0.3159692 0.3284134 0.3349647 0.3041856 0.2928087 0.2909492 0.2692378 0.3074720 0.3054847 0.3258522 0.2847436 0.3018426 0.2940616 0.3316531 0.2430211 0.2538771 0.2710374 0.3191706 0.3181946 0.3316541 0.2760953 0.3110538 0.3039557 0.3096106 0.4155476 0.2308688 0.3070533 0.3060358 0.3129958 0.2989928 0.3147790 0.4012618 0.2922765 0.3058906 0.4155476 0.3063084 0.3008571 0.3194763 0.2873493 0.2987540 0.2995930 0.2828103 0.3498363 0.3248593 0.3174650 0.2799748 0.2745730 0.3011736 0.2920695 0.2896078 0.2757733 0.3150810 0.3226440 0.2987261 0.2994719 0.2705112 0.3048315 0.2936464 0.2926864 0.2814058 0.3199245 0.2997553 0.2556814 0.2995072 0.2974988 0.2705294 0.3033968 0.3432470 0.2947472 0.3122431 0.3023735 
MYZV          0.2828880 0.0933615 0.0000000 0.3286556 0.3122234 0.2766759 0.3420091 0.3179735 0.3686548 0.3164533 0.3210692 0.3107106 0.3352231 0.3193518 0.3502053 0.3250000 0.3037359 0.3118876 0.4038997 0.3037191 0.3377860 0.3176676 0.3500162 0.3140798 0.3012622 0.3105243 0.3366700 0.3900836 0.2893380 0.3190260 0.3192122 0.2211490 0.2999178 0.3056872 0.3316376 0.3178176 0.3678731 0.3312460 0.3251591 0.3295166 0.3473778 0.3331892 0.3641278 0.2943541 0.3324621 0.3249862 0.3103039 0.3143252 0.3101577 0.3294938 0.3418963 0.3068248 0.3122818 0.3091442 0.2940257 0.3261523 0.3240440 0.3582497 0.3282238 0.3309802 0.2869062 0.3500026 0.2832702 0.2960213 0.3145548 0.3426433 0.3337731 0.3539914 0.3184913 0.3472577 0.2935943 0.3242959 0.4356680 0.2603366 0.3299656 0.3226850 0.3080083 0.3174192 0.2910933 0.3950297 0.3142440 0.3251857 0.4356680 0.3242548 0.3191228 0.3029438 0.2946904 0.3249129 0.3181023 0.3138795 0.3686916 0.3430897 0.3186955 0.3078547 0.3188145 0.3170026 0.3070410 0.3042365 0.3004402 0.3207708 0.3421311 0.3288127 0.3186241 0.2954497 0.3330784 0.3117239 0.3100861 0.3234226 0.3517640 0.3305276 0.2983607 0.3137267 0.3158276 0.3054306 0.3328510 0.3699777 0.3071874 0.3504406 0.3165541 
SRR6441723    0.3372900 0.2965798 0.3286556 0.0000000 0.1118552 0.1865119 0.0991368 0.0863370 0.0669057 0.1020790 0.1081302 0.0961423 0.0662202 0.1030926 0.1409505 0.0823789 0.0858304 0.1159542 0.0687648 0.0877190 0.1083777 0.0521432 0.0561217 0.0958719 0.1531990 0.1000813 0.1009298 0.1409847 0.0864017 0.0866371 0.0900431 0.1353785 0.0831295 0.0900593 0.0678486 0.0982287 0.1217048 0.0857056 0.0939539 0.1070295 0.0849182 0.0906494 0.1095740 0.0946109 0.1130698 0.0938390 0.0957213 0.1235552 0.0985940 0.1082489 0.0688375 0.0940493 0.0775761 0.0902186 0.0964029 0.0910984 0.0905912 0.0762381 0.0950335 0.0818010 0.0999421 0.1042835 0.1202618 0.0774907 0.0733517 0.0726975 0.0943433 0.0956607 0.1373161 0.0964037 0.1061339 0.0846331 0.0817750 0.1544928 0.0722095 0.0740580 0.1118238 0.0862798 0.1181572 0.0843038 0.0801666 0.0558565 0.0817750 0.1053261 0.0514693 0.1173655 0.1071701 0.1131469 0.0640645 0.0810376 0.1042937 0.0997828 0.1029027 0.0864017 0.0773186 0.1024668 0.0922714 0.0904556 0.1144058 0.0973574 0.0476893 0.0681935 0.1160479 0.0913955 0.1090594 0.0556912 0.0987764 0.1371344 0.0650797 0.0569270 0.0950848 0.0897030 0.0859253 0.0964303 0.0889128 0.0998898 0.0901999 0.0996035 0.0935787 
ERR2789774    0.3362562 0.2858717 0.3122234 0.1118552 0.0000000 0.2071142 0.0420294 0.0912686 0.0997591 0.1011320 0.0456256 0.0959535 0.0784684 0.0345821 0.0847638 0.0910027 0.1035393 0.1253472 0.1026211 0.1065261 0.1076913 0.0813163 0.0954777 0.0465371 0.0703898 0.0387207 0.0834522 0.0692045 0.0735404 0.0915740 0.0536498 0.0887374 0.0973818 0.0901170 0.1027259 0.0418685 0.1389638 0.0900996 0.0414437 0.0473248 0.1175385 0.0820866 0.1088032 0.0462131 0.0406072 0.0729086 0.1280021 0.1147244 0.0458894 0.1178164 0.1055026 0.0274151 0.1005357 0.0950275 0.0352914 0.0959245 0.0914588 0.1026826 0.0738180 0.0778510 0.1150241 0.1079492 0.0856926 0.0808190 0.0900408 0.0860080 0.1173787 0.1150023 0.0977816 0.0917389 0.1206649 0.0808828 0.0996215 0.1409326 0.0992698 0.0835589 0.1167005 0.0912083 0.1139024 0.0948780 0.1072730 0.0856819 0.0996215 0.0500322 0.0693861 0.1179751 0.0417301 0.0457393 0.0778381 0.0812141 0.1037464 0.1036011 0.1197276 0.0780908 0.0860651 0.1155842 0.0970027 0.1044078 0.0501710 0.1301021 0.0932857 0.0744740 0.0490542 0.0282943 0.0494603 0.0650828 0.0419006 0.1104160 0.0797217 0.0711224 0.0907041 0.0344268 0.0908454 0.0954917 0.0845791 0.0995239 0.0310748 0.1030626 0.0307984 
PAFTOL_019361 0.3231808 0.2593661 0.2766759 0.1865119 0.2071142 0.0000000 0.1961137 0.1936653 0.2176497 0.1887471 0.1865211 0.1907118 0.1860838 0.1803166 0.2211921 0.1886631 0.2089283 0.2222231 0.2182887 0.2133388 0.2137809 0.1842457 0.1981779 0.1851892 0.2047653 0.1863668 0.2118033 0.2110417 0.1919757 0.1943358 0.1832894 0.1360791 0.1994578 0.1847636 0.1806778 0.1952421 0.2302294 0.1960798 0.2098163 0.1775884 0.2277015 0.2028451 0.2278795 0.2024765 0.1680937 0.1877194 0.2308871 0.2188331 0.2066444 0.2312271 0.1910006 0.1879701 0.1775919 0.1979398 0.1677770 0.2000770 0.1988615 0.1909527 0.1898047 0.1912398 0.1911308 0.2020960 0.1987323 0.1664583 0.1896131 0.2035571 0.2012994 0.1974349 0.2107519 0.1976796 0.2225232 0.1941111 0.2516548 0.2323033 0.1923887 0.1928581 0.2042521 0.1934344 0.1931459 0.2075087 0.2109501 0.1792522 0.2516548 0.1943978 0.1728961 0.2112797 0.1752192 0.2068012 0.1700509 0.1999983 0.2155840 0.1966111 0.2413197 0.1869069 0.2025771 0.2077850 0.1974264 0.2092918 0.1833766 0.2151148 0.1737995 0.1966297 0.1905869 0.1689015 0.1957866 0.1674110 0.1887989 0.2349979 0.1947014 0.1783693 0.1967166 0.1980352 0.1925410 0.1770688 0.1900583 0.2147006 0.1761802 0.2079439 0.1922733 
S0055         0.3344462 0.3137401 0.3420091 0.0991368 0.0420294 0.1961137 0.0000000 0.0833288 0.0748782 0.0977442 0.0384929 0.0879196 0.0781448 0.0311739 0.0810642 0.0830804 0.0963019 0.1170399 0.0769748 0.1035772 0.0996003 0.0736305 0.0837595 0.0353401 0.0625981 0.0279483 0.0755524 0.0651896 0.0617533 0.0836093 0.0463134 0.0977039 0.0850599 0.0822749 0.0853740 0.0312327 0.1302548 0.0822631 0.0382751 0.0361201 0.1044051 0.0743210 0.0920496 0.0389515 0.0280215 0.0731903 0.1005225 0.1140894 0.0461069 0.1056872 0.0751873 0.0239893 0.1006049 0.0870802 0.0245165 0.0879013 0.0874283 0.0909881 0.0741066 0.0701545 0.1014276 0.0830603 0.0871970 0.0896144 0.0822050 0.0782185 0.1176518 0.1107443 0.0755049 0.0878462 0.1211506 0.0728717 0.0747677 0.1408119 0.0912658 0.0756557 0.1171711 0.0832764 0.1182168 0.0700466 0.1078241 0.0779185 0.0747677 0.0353235 0.0618384 0.1226097 0.0346733 0.0425448 0.0701424 0.0816167 0.0872351 0.0789085 0.1125398 0.0703688 0.0782681 0.1071740 0.0934915 0.1014969 0.0391190 0.1214692 0.0818404 0.0705747 0.0419249 0.0247593 0.0311589 0.0614178 0.0276142 0.1196558 0.0757331 0.0675689 0.0828081 0.0274595 0.0829461 0.0821239 0.0806686 0.0831232 0.0240969 0.0950505 0.0238830 
S0196sl       0.3436437 0.2994957 0.3179735 0.0863370 0.0912686 0.1936653 0.0833288 0.0000000 0.0666776 0.0345272 0.0908549 0.0677309 0.0646243 0.0871200 0.1128917 0.0588903 0.0873348 0.0870688 0.0685234 0.0855038 0.0747447 0.0663315 0.0709286 0.0675216 0.1113656 0.0841018 0.0588780 0.1155124 0.0508639 0.0033277 0.0748483 0.0661396 0.0805615 0.0584048 0.0703476 0.0778743 0.0886182 0.0667491 0.0868288 0.0951832 0.0779425 0.0470097 0.0705393 0.0754628 0.0987448 0.0310800 0.0969937 0.1074287 0.0963274 0.1045103 0.0813279 0.0786472 0.0755762 0.0066338 0.0763260 0.0066905 0.0066572 0.0864862 0.0350801 0.0468721 0.0823120 0.0700063 0.0559638 0.0736981 0.0541773 0.0702702 0.0919039 0.0934171 0.0805072 0.0350226 0.1000543 0.0565147 0.0994654 0.0869468 0.0830491 0.0674695 0.0869396 0.0033160 0.1066609 0.0513841 0.0993747 0.0621408 0.0994654 0.0889279 0.0466063 0.1045300 0.0827610 0.0835302 0.0510196 0.0538111 0.0661071 0.0660167 0.1036581 0.0432584 0.0628381 0.0803122 0.0851934 0.0838265 0.0974547 0.0949977 0.0659747 0.0549011 0.0910019 0.0727145 0.0841236 0.0500837 0.0830428 0.0777094 0.0596776 0.0517751 0.0666402 0.0786584 0.0033044 0.0739197 0.0281622 0.0622026 0.0742620 0.0382498 0.0782698 
S0278         0.2945793 0.3400579 0.3686548 0.0669057 0.0997591 0.2176497 0.0748782 0.0666776 0.0000000 0.0683497 0.0671420 0.0356970 0.0400647 0.0828444 0.1174039 0.0137340 0.0918783 0.0990969 0.0357571 0.1001725 0.0513194 0.0431121 0.0673778 0.0597483 0.2669978 0.0606336 0.0603519 0.1609749 0.0355557 0.0666039 0.0752905 0.0000010 0.0780790 0.0279374 0.0669137 0.0830416 0.1043336 0.0137340 0.0826128 0.0796061 0.0501028 0.0589186 0.0791597 0.0936351 0.1101283 0.0736615 0.0835697 0.1194631 0.1197151 0.0917158 0.0981721 0.0829480 0.0522940 0.0740321 0.0617606 0.0754150 0.0660887 0.0760230 0.0754506 0.0354750 0.1020807 0.0780190 0.0000010 0.0000010 0.0207895 0.0669213 0.0597494 0.0943420 0.1219026 0.0367803 0.1200320 0.0448258 0.0916294 0.2669978 0.0755102 0.0838743 0.0927078 0.0660887 0.1211406 0.0872293 0.0749580 0.0507718 0.0916294 0.0963935 0.0355949 0.1185480 0.0913569 0.0994206 0.0594670 0.0352428 0.0866744 0.0780190 0.1001725 0.0515754 0.0279720 0.0947454 0.0926233 0.0927904 0.0690968 0.0895639 0.0507766 0.0358648 0.0824487 0.0597611 0.0750104 0.0429809 0.0841127 8.8823638 0.0355949 0.0355949 0.0207895 0.0824611 0.0660887 0.0865180 0.0367807 0.0614024 0.0742505 0.0433445 0.0742505 
S0281         0.3398255 0.3210144 0.3164533 0.1020790 0.1011320 0.1887471 0.0977442 0.0345272 0.0683497 0.0000000 0.1014409 0.0849272 0.0896734 0.1019885 0.1049987 0.0840969 0.0956943 0.0966701 0.0702889 0.0981548 0.0974260 0.0921929 0.0977696 0.0743062 0.1804970 0.0987456 0.0846200 0.1338701 0.0606406 0.0306998 0.0782208 0.0796944 0.0934072 0.0690509 0.0828061 0.0967850 0.1086638 0.0881985 0.0969779 0.1057174 0.0813816 0.0700137 0.0935486 0.0929025 0.1179589 0.0384983 0.1052913 0.1189626 0.1115373 0.1204841 0.0896364 0.0923107 0.0699179 0.0344060 0.0899970 0.0347408 0.0306591 0.0879517 0.0430965 0.0697663 0.0966963 0.0881990 0.0961065 0.1317352 0.0734058 0.0875664 0.0876083 0.0840290 0.0856008 0.0434105 0.1114279 0.0662378 0.0928109 0.1167366 0.0969276 0.0838578 0.1016328 0.0305755 0.1184640 0.0641379 0.1153468 0.0871974 0.0928109 0.1043620 0.0690552 0.1107556 0.0969935 0.0975872 0.0744920 0.0775264 0.0882068 0.0835644 0.1147289 0.0656570 0.0791489 0.0932472 0.0979567 0.0962081 0.1141141 0.0898968 0.0915985 0.0747141 0.1063609 0.0843738 0.0932786 0.0731708 0.0973636 0.1229316 0.0805771 0.0704158 0.0834066 0.0923254 0.0304523 0.0992391 0.0353710 0.0836570 0.0872754 0.0516226 0.0918157 
S0282         0.3263887 0.3141123 0.3210692 0.1081302 0.0456256 0.1865211 0.0384929 0.0908549 0.0671420 0.1014409 0.0000000 0.1005030 0.0927935 0.0203685 0.0766532 0.0954670 0.1090833 0.1301843 0.0773459 0.1168741 0.1123261 0.0856031 0.0999999 0.0504615 0.0450534 0.0278379 0.0878702 0.0777955 0.0777538 0.0911574 0.0576193 0.1222945 0.1025790 0.0821829 0.1072818 0.0456638 0.1440985 0.0945119 0.0418401 0.0283395 0.1178814 0.0864223 0.1134878 0.0501079 0.0237974 0.0804807 0.1238793 0.1243577 0.0497543 0.1226198 0.0998973 0.0274749 0.1134811 0.0945934 0.0171853 0.0954820 0.0949709 0.1072347 0.0814855 0.0821285 0.1155125 0.1040000 0.1180082 0.1139670 0.0944515 0.0903746 0.1263595 0.1240180 0.0888769 0.0951060 0.1302149 0.0770891 0.0751177 0.1783660 0.1038167 0.0879788 0.1254737 0.0907952 0.1234479 0.0948876 0.1118880 0.0900322 0.0751177 0.0426755 0.0735424 0.1233820 0.0237868 0.0461860 0.0821152 0.0854951 0.1083470 0.0996734 0.1255670 0.0823839 0.0904364 0.1204380 0.1113034 0.1145022 0.0313993 0.1351520 0.0937974 0.0826135 0.0308120 0.0173528 0.0499464 0.0730398 0.0383754 0.1443718 0.0880656 0.0797069 0.0909601 0.0309576 0.0904358 0.0997802 0.0880077 0.1040807 0.0134972 0.0983748 0.0273530 
S0289         0.3843570 0.2685621 0.3107106 0.0961423 0.0959535 0.1907118 0.0879196 0.0677309 0.0356970 0.0849272 0.1005030 0.0000000 0.0688845 0.0917447 0.1195156 0.0503598 0.1042757 0.1163554 0.0366491 0.1072997 0.0501932 0.0707971 0.0799935 0.0674879 0.1223927 0.0803716 0.0395025 0.1102154 0.0507081 0.0679616 0.0747245 0.0651574 0.0977277 0.0424132 0.0874821 0.0875510 0.1069701 0.0350699 0.0914346 0.0957827 0.0686831 0.0545020 0.0840879 0.0755604 0.1043694 0.0659634 0.1140629 0.1299162 0.1011196 0.1177308 0.0841193 0.0831402 0.0932170 0.0714647 0.0851490 0.0721373 0.0717487 0.0873543 0.0707893 0.0467298 0.1071222 0.0666980 0.0708473 0.0992714 0.0278006 0.0751335 0.1102239 0.1120915 0.1005512 0.0849740 0.1178248 0.0779702 0.1091185 0.1421519 0.0873308 0.0766863 0.1089405 0.0676925 0.1245199 0.0670414 0.0952444 0.0707606 0.1091185 0.0936655 0.0546361 0.1232179 0.0956684 0.0965703 0.0629941 0.0349935 0.0793799 0.0627005 0.1255225 0.0470170 0.0387514 0.0862041 0.1024382 0.1008318 0.0936757 0.0980508 0.0783442 0.0585238 0.1041503 0.0689579 0.0972841 0.0543953 0.0876139 0.1039021 0.0633692 0.0554365 0.0278013 0.0831521 0.0674257 0.0569936 0.0777061 0.0753135 0.0835497 0.0881386 0.0827378 
S0292         0.3825128 0.2832453 0.3352231 0.0662202 0.0784684 0.1860838 0.0781448 0.0646243 0.0400647 0.0896734 0.0927935 0.0688845 0.0000000 0.0828994 0.1086964 0.0547922 0.0985217 0.1232510 0.0304725 0.0972142 0.0771254 0.0361714 0.0410908 0.0754226 0.0987488 0.0833921 0.0690270 0.1274085 0.0549633 0.0645833 0.0793889 0.0988066 0.0903724 0.0631756 0.0494600 0.0828970 0.1119057 0.0496249 0.0783199 0.0957634 0.0767645 0.0642961 0.0841793 0.0742002 0.0830473 0.0631770 0.1102316 0.1255947 0.0885664 0.1088488 0.0671995 0.0732113 0.0500817 0.0689042 0.0788400 0.0696488 0.0599468 0.0580930 0.0686863 0.0550212 0.0995996 0.0834234 0.0893059 0.0411202 0.0495750 0.0411823 0.0632752 0.0692546 0.0964332 0.0748583 0.1213926 0.0524085 0.1070994 0.1243907 0.0586591 0.0509452 0.1068596 0.0645833 0.1245315 0.0637872 0.0718821 0.0363833 0.1070994 0.0897962 0.0077562 0.1113739 0.0873654 0.0792731 0.0323101 0.0448863 0.0787294 0.0786020 0.1185812 0.0592512 0.0454530 0.0962907 0.0957892 0.0998533 0.0927697 0.1134013 0.0402994 0.0076784 0.0969808 0.0703166 0.0895800 0.0197826 0.0829664 0.1023104 0.0038942 0.0000029 0.0638736 0.0685369 0.0642917 0.0764309 0.0664918 0.0740287 0.0689607 0.0788532 0.0728072 
S0293         0.3246405 0.3001411 0.3193518 0.1030926 0.0345821 0.1803166 0.0311739 0.0871200 0.0828444 0.1019885 0.0203685 0.0917447 0.0828994 0.0000000 0.0765047 0.0868638 0.1001545 0.1209205 0.0851761 0.1071767 0.1034234 0.0773224 0.0912926 0.0428042 0.0372839 0.0172228 0.0793423 0.0689822 0.0693755 0.0874118 0.0498919 0.0971508 0.0936137 0.0779227 0.0985240 0.0382457 0.1342849 0.0860081 0.0345157 0.0211000 0.1129969 0.0780493 0.0958805 0.0351533 0.0156819 0.0768597 0.1145579 0.1191465 0.0422100 0.1134103 0.0937946 0.0204008 0.1044691 0.0908663 0.0102389 0.0917215 0.0912291 0.0984840 0.0778209 0.0738589 0.1056471 0.0952413 0.0780112 0.0891129 0.0859488 0.0819499 0.1215525 0.1146870 0.0889513 0.0916662 0.1250318 0.0725277 0.0827244 0.1503913 0.0950686 0.0794471 0.1210546 0.0870640 0.1182875 0.0800972 0.0945360 0.0816374 0.0827244 0.0388712 0.0654888 0.1225312 0.0168232 0.0386781 0.0698233 0.0772256 0.0995034 0.0910003 0.1164032 0.0660836 0.0820030 0.1111282 0.1021759 0.1053956 0.0242482 0.1254887 0.0892054 0.0742978 0.0237277 0.0103379 0.0423671 0.0650444 0.0310803 0.1189726 0.0795272 0.0713332 0.0865797 0.0238378 0.0867190 0.0907480 0.0845151 0.0953142 0.0066825 0.0988485 0.0203111 
S0294         0.3628252 0.3481302 0.3502053 0.1409505 0.0847638 0.2211921 0.0810642 0.1128917 0.1174039 0.1049987 0.0766532 0.1195156 0.1086964 0.0765047 0.0000000 0.1139128 0.1322053 0.1612820 0.1027818 0.1397719 0.1369481 0.1075868 0.1282606 0.0862413 0.1104661 0.0692788 0.1200933 0.1222862 0.0904537 0.1132812 0.0807023 0.1270076 0.1305030 0.1217943 0.1263191 0.0762754 0.1724257 0.1127008 0.0845464 0.0828182 0.1175310 0.1045214 0.1336018 0.0857181 0.0813245 0.1204698 0.1484971 0.1615690 0.0771290 0.1477237 0.1050538 0.0680678 0.1387066 0.1168530 0.0739540 0.1180140 0.1173482 0.1133048 0.1130317 0.1041302 0.1412825 0.1186480 0.1307270 0.1175764 0.1036066 0.0995819 0.1577178 0.1506320 0.0719628 0.1231538 0.1615428 0.0979057 0.1172502 0.1879978 0.1222693 0.1014339 0.1572119 0.1128031 0.1602494 0.1403450 0.1308734 0.1125163 0.1172502 0.0907397 0.0941814 0.1501750 0.0804143 0.0728521 0.0997210 0.0987288 0.1278976 0.1231456 0.1555817 0.1088530 0.1123510 0.1451977 0.1299393 0.1370210 0.0910255 0.1329787 0.1207282 0.0998057 0.0887828 0.0737674 0.0860308 0.0937243 0.0807813 0.1294231 0.1106158 0.1014711 0.1226568 0.0638109 0.1123289 0.1399758 0.1156752 0.1232838 0.0643313 0.1307022 0.0677367 
S0299         0.3603667 0.2803489 0.3250000 0.0823789 0.0910027 0.1886631 0.0830804 0.0588903 0.0137340 0.0840969 0.0954670 0.0503598 0.0547922 0.0868638 0.1139128 0.0000000 0.0957935 0.1034249 0.0210843 0.0941477 0.0499746 0.0583872 0.0713732 0.0756602 0.1112723 0.0838492 0.0506830 0.1096941 0.0504846 0.0590890 0.0749207 0.0659841 0.0848963 0.0422276 0.0744807 0.0785959 0.1032824 0.0274956 0.0865739 0.0948982 0.0520629 0.0542629 0.0799650 0.0709223 0.0984144 0.0656478 0.1057278 0.1301283 0.0960484 0.1046312 0.0833301 0.0784110 0.0711199 0.0625560 0.0802845 0.0631351 0.0627998 0.0825555 0.0704510 0.0465240 0.0884093 0.0707565 0.0790261 0.0735386 0.0276525 0.0664301 0.0915337 0.0930359 0.1052486 0.0718450 0.1218283 0.0603950 0.0914430 0.0968987 0.0699568 0.0634815 0.1090885 0.0588596 0.1291598 0.0664955 0.0820800 0.0583567 0.0914430 0.0886627 0.0429245 0.1234798 0.0907373 0.0915840 0.0585841 0.0348080 0.0753139 0.0667178 0.1123540 0.0504840 0.0310989 0.0859084 0.0938001 0.0922845 0.0971701 0.0994554 0.0620733 0.0466975 0.0990848 0.0724872 0.0922475 0.0464030 0.0827959 0.0859558 0.0512318 0.0435443 0.0421543 0.0784227 0.0586319 0.0651294 0.0646394 0.0631996 0.0747271 0.0750497 0.0780361 
S0303         0.3124818 0.2891195 0.3037359 0.0858304 0.1035393 0.2089283 0.0963019 0.0873348 0.0918783 0.0956943 0.1090833 0.1042757 0.0985217 0.1001545 0.1322053 0.0957935 0.0000000 0.0492448 0.1120758 0.0068810 0.0949223 0.0910044 0.0957362 0.0835296 0.1412729 0.0971981 0.1007582 0.1470837 0.0823443 0.0876280 0.0865133 0.0797076 0.0000028 0.0853855 0.0953077 0.1044121 0.0803120 0.1033453 0.1083593 0.1034643 0.1085108 0.0910273 0.1185141 0.0876651 0.1092943 0.0814975 0.0242274 0.1188868 0.1087960 0.0422929 0.1193815 0.0913833 0.0920417 0.0910907 0.0892669 0.0919511 0.0914563 0.1037150 0.0824817 0.0866635 0.0388031 0.1035765 0.0945401 0.0984699 0.0857878 0.0910807 0.1088144 0.1063433 0.1177433 0.0797088 0.1068261 0.0947228 0.0282549 0.0874361 0.0823494 0.0844341 0.1072720 0.0872784 0.1234525 0.1066450 0.0986359 0.0906805 0.0282549 0.1062959 0.0781342 0.1170532 0.0956308 0.0994546 0.0952921 0.0900392 0.1132742 0.0992735 0.0203769 0.0787479 0.0949805 0.0680016 0.0034045 0.0000024 0.1013922 0.0716618 0.0983924 0.0874068 0.1041204 0.0899615 0.1101887 0.0819136 0.0959621 0.1104311 0.0930200 0.0845196 0.0988808 0.0824203 0.0869316 0.0904557 0.0725300 0.1089533 0.0876336 0.0869051 0.0909379 
S0308         0.3652387 0.3166033 0.3118876 0.1159542 0.1253472 0.2222231 0.1170399 0.0870688 0.0990969 0.0966701 0.1301843 0.1163554 0.1232510 0.1209205 0.1612820 0.1034249 0.0492448 0.0000000 0.1095610 0.0467182 0.1109329 0.1162304 0.1123559 0.0994692 0.1839479 0.1181159 0.1084682 0.1519849 0.0898055 0.0832999 0.0982399 0.0714850 0.0426135 0.0927817 0.1163009 0.1165400 0.0874916 0.1023838 0.1203584 0.1308858 0.1261362 0.0985877 0.1215304 0.1080602 0.1340196 0.0808498 0.0535238 0.1357370 0.1169079 0.0643987 0.1382050 0.1118162 0.1047005 0.0867578 0.1100794 0.0875726 0.0871032 0.1075129 0.0818186 0.0941733 0.0675492 0.1151185 0.1019641 0.1334555 0.1015757 0.1118850 0.1211191 0.1188063 0.1363029 0.0872789 0.1229783 0.0988210 0.0500438 0.1041619 0.0979630 0.0877445 0.1234939 0.0829696 0.1404107 0.1048780 0.1195504 0.1114043 0.0500438 0.1275913 0.0983259 0.1348145 0.1162101 0.1200623 0.1075348 0.1059501 0.1162961 0.1107648 0.0563933 0.0862315 0.1067839 0.0840365 0.0427896 0.0458708 0.1269961 0.0958043 0.1192543 0.1081697 0.1249517 0.1019978 0.1315390 0.1018745 0.1166162 0.1277105 0.1090467 0.1054713 0.1107670 0.1024155 0.0826418 0.1108563 0.0843216 0.1033366 0.1123769 0.0944361 0.1112668 
S0320         0.3114047 0.3855634 0.4038997 0.0687648 0.1026211 0.2182887 0.0769748 0.0685234 0.0357571 0.0702889 0.0773459 0.0366491 0.0304725 0.0851761 0.1027818 0.0210843 0.1120758 0.1095610 0.0000000 0.1208666 0.0688868 0.0442698 0.0692642 0.0780397 0.2669978 0.0707641 0.0620553 0.1808545 0.0215184 0.0598271 0.0774106 0.0000010 0.0980723 0.0437627 0.0687730 0.0853852 0.1074611 0.0210843 0.0849316 0.0910186 0.0673218 0.0605417 0.0815020 0.0963681 0.1006119 0.0756872 0.1032468 0.1230179 0.1232854 0.1118667 0.1011774 0.0852872 0.0527395 0.0760784 0.0721289 0.0775383 0.0679009 0.0781845 0.0775774 0.0364158 0.1011610 0.0802940 0.0000010 0.0000010 0.0213277 0.0525281 0.0679819 0.0858609 0.1256066 0.0620007 0.1236198 0.0460784 0.1195399 0.2669978 0.0674909 0.0594905 0.0953832 0.0679009 0.1247928 0.0898166 0.0770575 0.0521475 0.1195399 0.1181394 0.0365422 0.1220454 0.0939574 0.1022628 0.0611203 0.0361710 0.0892267 0.0802940 0.1208666 0.0368655 0.0287037 0.0975380 0.1130231 0.1132344 0.0796777 0.0830229 0.0521526 0.0291791 0.0847578 0.0697088 0.0771145 0.0441318 0.0865197 8.8823638 0.0365422 0.0365422 0.0361735 0.0680999 0.0679009 0.0890641 0.0620007 0.0709145 0.0763110 0.0767861 0.0763110 
S0322         0.3064685 0.2956031 0.3037191 0.0877190 0.1065261 0.2133388 0.1035772 0.0855038 0.1001725 0.0981548 0.1168741 0.1072997 0.0972142 0.1071767 0.1397719 0.0941477 0.0068810 0.0467182 0.1208666 0.0000000 0.0976305 0.0936007 0.0984617 0.0859157 0.1302276 0.1045661 0.1036955 0.1521878 0.0801533 0.0857983 0.0889621 0.0677807 0.0000021 0.0835522 0.0897401 0.1074513 0.0783007 0.1018833 0.1115013 0.1112401 0.0979044 0.0892852 0.1173811 0.0901794 0.1132805 0.0795774 0.0141019 0.1178224 0.1074318 0.0247944 0.1262835 0.0984054 0.0950003 0.0893510 0.0963593 0.0902149 0.0897173 0.1070551 0.0805610 0.0848313 0.0395296 0.1065575 0.0912891 0.0961988 0.0794578 0.0939743 0.1123637 0.1098611 0.1208009 0.0776985 0.1055097 0.0934843 0.0355416 0.0757163 0.0849275 0.0829326 0.1059608 0.0854479 0.1224980 0.1028716 0.1017702 0.0935505 0.0355416 0.1140762 0.0805639 0.1161091 0.1028299 0.0980561 0.0983359 0.0882944 0.1120255 0.1021185 0.0000026 0.0767387 0.0933307 0.0657254 0.0070266 0.0068810 0.1085690 0.0612581 0.1015114 0.0901853 0.1116624 0.0961312 0.1181064 0.0842067 0.1031969 0.0995477 0.0957014 0.0872365 0.1017064 0.0890296 0.0851003 0.0928059 0.0660996 0.1076037 0.0945367 0.0850735 0.0979104 
S0327         0.3781658 0.2865136 0.3377860 0.1083777 0.1076913 0.2137809 0.0996003 0.0747447 0.0513194 0.0974260 0.1123261 0.0501932 0.0771254 0.1034234 0.1369481 0.0499746 0.0949223 0.1109329 0.0688868 0.0976305 0.0000000 0.0821528 0.0918314 0.0749112 0.1076250 0.1005172 0.0501650 0.1301603 0.0499698 0.0749955 0.0861158 0.0337923 0.0841247 0.0418107 0.0991001 0.0908251 0.1203213 0.0420858 0.1030723 0.1123622 0.0560522 0.0537057 0.0873888 0.0870732 0.1125485 0.0728076 0.1047384 0.1378422 0.1004308 0.1122252 0.1017091 0.0946751 0.1050912 0.0784496 0.0969651 0.0748755 0.0787590 0.0894733 0.0777150 0.0460549 0.1012694 0.0699981 0.0397292 0.0793439 0.0345225 0.0906264 0.1222772 0.1243538 0.0932144 0.0796568 0.1293221 0.0807840 0.1272019 0.1026561 0.0989154 0.0883723 0.1165780 0.0747008 0.1368145 0.0758844 0.1068767 0.0821101 0.1272019 0.0957184 0.0658633 0.1360087 0.1073651 0.1083768 0.0742733 0.0417127 0.0826729 0.0660085 0.1113099 0.0499691 0.0384607 0.1025235 0.0929315 0.0872667 0.1143594 0.1071400 0.0897195 0.0698092 0.1159480 0.0890287 0.1091946 0.0615892 0.0897352 0.0692563 0.0748925 0.0668297 0.0420213 0.0946891 0.0744084 0.0726478 0.0724829 0.0786184 0.0951424 0.0826771 0.0942171 
S0335         0.3163506 0.2916590 0.3176676 0.0521432 0.0813163 0.1842457 0.0736305 0.0663315 0.0431121 0.0921929 0.0856031 0.0707971 0.0361714 0.0773224 0.1075868 0.0583872 0.0910044 0.1162304 0.0442698 0.0936007 0.0821528 0.0000000 0.0315562 0.0709854 0.1074185 0.0743026 0.0707545 0.1031722 0.0540047 0.0665534 0.0702970 0.1153340 0.0846681 0.0656480 0.0459440 0.0733330 0.1064875 0.0617081 0.0770717 0.0847058 0.0730775 0.0660437 0.0833812 0.0660208 0.0868156 0.0688835 0.1051216 0.1140044 0.0861140 0.1087557 0.0577886 0.0691849 0.0504505 0.0699950 0.0707960 0.0706415 0.0702679 0.0534079 0.0737103 0.0580650 0.1063109 0.0827394 0.1022622 0.0336420 0.0539262 0.0425044 0.0657014 0.0667287 0.0980635 0.0753432 0.1023710 0.0639924 0.0903936 0.1325658 0.0500315 0.0510707 0.0942795 0.0662951 0.1089460 0.0657454 0.0651029 0.0238986 0.0903936 0.0788851 0.0273915 0.1027407 0.0810886 0.0775570 0.0385483 0.0535630 0.0787159 0.0786066 0.1116397 0.0621708 0.0617999 0.0889443 0.0889370 0.0920426 0.0782387 0.1036183 0.0310081 0.0382606 0.0891518 0.0674521 0.0823952 0.0311003 0.0733864 0.1182201 0.0351085 0.0278601 0.0700622 0.0652469 0.0660386 0.0691709 0.0681889 0.0746825 0.0655859 0.0785079 0.0688614 
S0345         0.3687899 0.3397071 0.3500162 0.0561217 0.0954777 0.1981779 0.0837595 0.0709286 0.0673778 0.0977696 0.0999999 0.0799935 0.0410908 0.0912926 0.1282606 0.0713732 0.0957362 0.1123559 0.0692642 0.0984617 0.0918314 0.0315562 0.0000000 0.0849630 0.1163851 0.0882993 0.0801414 0.1150300 0.0628994 0.0708879 0.0883819 0.0990134 0.0851110 0.0747160 0.0576748 0.0871233 0.1120908 0.0704678 0.0909863 0.0995909 0.0919947 0.0708708 0.0927891 0.0795698 0.0986769 0.0736924 0.1056510 0.1284752 0.0913545 0.1005669 0.0765958 0.0827380 0.0625060 0.0746333 0.0847271 0.0753297 0.0749275 0.0576030 0.0786751 0.0627116 0.1027194 0.0920628 0.0868768 0.0484782 0.0664299 0.0429152 0.0782147 0.0794647 0.1138388 0.0763756 0.1065858 0.0731004 0.0988625 0.1170775 0.0542048 0.0512097 0.1077767 0.0706106 0.1231593 0.0719034 0.0694914 0.0423966 0.0988625 0.0931947 0.0311500 0.1202362 0.0951956 0.0878483 0.0462443 0.0659663 0.0879336 0.0878099 0.1170607 0.0669195 0.0707442 0.0989931 0.0884298 0.0965089 0.1017957 0.1002416 0.0348299 0.0463021 0.1036288 0.0768698 0.0967945 0.0422795 0.0871856 0.1017915 0.0427228 0.0356666 0.0793387 0.0786137 0.0706106 0.0655578 0.0774432 0.0837906 0.0828674 0.0878518 0.0742669 
S0376         0.3173691 0.2706887 0.3140798 0.0958719 0.0465371 0.1851892 0.0353401 0.0675216 0.0597483 0.0743062 0.0504615 0.0674879 0.0754226 0.0428042 0.0862413 0.0756602 0.0835296 0.0994692 0.0780397 0.0859157 0.0749112 0.0709854 0.0849630 0.0000000 0.0728849 0.0395850 0.0682342 0.0662334 0.0548717 0.0677510 0.0243245 0.0649229 0.0726864 0.0663627 0.0876199 0.0390709 0.1178602 0.0749180 0.0463670 0.0484154 0.0962371 0.0671191 0.0889079 0.0356555 0.0415828 0.0580059 0.0924908 0.1117050 0.0468285 0.0879305 0.0821746 0.0352862 0.0936298 0.0712461 0.0360825 0.0719149 0.0715284 0.0964387 0.0587269 0.0590032 0.0878269 0.0832682 0.0714376 0.0835084 0.0663063 0.0838387 0.1107186 0.1126034 0.0807530 0.0597471 0.1092621 0.0697236 0.0757744 0.1153743 0.0876496 0.0809775 0.1052958 0.0674836 0.1109018 0.0712554 0.1041822 0.0753147 0.0757744 0.0436470 0.0590560 0.1148196 0.0464180 0.0547963 0.0674383 0.0703964 0.0840940 0.0791110 0.0994346 0.0631815 0.0709416 0.0951302 0.0768299 0.0842231 0.0513076 0.0988818 0.0829892 0.0678626 0.0539716 0.0325270 0.0431047 0.0586481 0.0391017 0.1041626 0.0730441 0.0647823 0.0667848 0.0388757 0.0672182 0.0742452 0.0563761 0.0799645 0.0354484 0.0669166 0.0351255 
S0400         0.3832068 0.2471761 0.3012622 0.1531990 0.0703898 0.2047653 0.0625981 0.1113656 0.2669978 0.1804970 0.0450534 0.1223927 0.0987488 0.0372839 0.1104661 0.1112723 0.1412729 0.1839479 0.2669978 0.1302276 0.1076250 0.1074185 0.1163851 0.0728849 0.0000000 0.0536015 0.0889222 0.0647112 0.0983763 0.1113656 0.0907507 0.1139487 0.1435668 0.1087324 0.1281096 0.0703898 0.1874853 0.0996085 0.0619966 0.0633872 0.1463356 0.0889222 0.1268819 0.0540625 0.0455154 0.1088269 0.1541612 0.1663540 0.0617858 0.1648998 0.1483821 0.0375934 0.1498389 0.1113656 0.0369728 0.1113656 0.1221861 0.1354110 0.1088269 0.0993827 0.1239312 0.1078896 0.1132081 0.0843709 0.0994753 0.0996250 0.1580124 0.1661265 0.1044689 0.1408577 0.1561626 0.1412375 0.7265058 0.1546345 0.1274626 0.1012915 0.1593737 0.1113656 0.1610147 0.0835838 0.1486620 0.1089692 0.7265058 0.0373489 0.0895761 0.1697112 0.0369728 0.0726036 0.0800110 0.0800156 0.1173317 0.1078896 0.1396141 0.0978889 0.1088881 0.1335219 0.1427665 0.1428818 0.0530021 0.1841911 0.1261137 0.0985308 0.0525935 0.0390318 0.0810213 0.0895643 0.0532519 0.1171238 0.1097921 0.0933001 0.1196458 0.0536327 0.1113656 0.1106547 0.1249391 0.1173317 0.0296720 0.1311160 0.0534543 
S0405         0.3497773 0.2897526 0.3105243 0.1000813 0.0387207 0.1863668 0.0279483 0.0841018 0.0606336 0.0987456 0.0278379 0.0803716 0.0833921 0.0172228 0.0692788 0.0838492 0.0971981 0.1181159 0.0707641 0.1045661 0.1005172 0.0743026 0.0882993 0.0395850 0.0536015 0.0000000 0.0762589 0.0611930 0.0665283 0.0843872 0.0467357 0.1049344 0.0905613 0.0708418 0.0956035 0.0350689 0.1221018 0.0830179 0.0349713 0.0176770 0.1054772 0.0710281 0.1015668 0.0356245 0.0240633 0.0738546 0.1116569 0.1208897 0.0427764 0.1053578 0.0768370 0.0206676 0.1015398 0.0878839 0.0173520 0.0887193 0.0882380 0.0955653 0.0667799 0.0628474 0.1018985 0.0839197 0.1013105 0.0968474 0.0829585 0.0789366 0.1142851 0.1117844 0.0769691 0.0883630 0.1222599 0.0693507 0.0686911 0.1587033 0.0921083 0.0763635 0.1182485 0.0840483 0.1156300 0.0757668 0.1044826 0.0743294 0.0686911 0.0319551 0.0624038 0.1196234 0.0242099 0.0391977 0.0626564 0.0782917 0.0965664 0.0880141 0.1135736 0.0710174 0.0789873 0.1081869 0.0991802 0.1024479 0.0173316 0.1135016 0.0862612 0.0712266 0.0313636 0.0069277 0.0353589 0.0619759 0.0278640 0.1101893 0.0764412 0.0682021 0.0712981 0.0241497 0.0837121 0.0876352 0.0811528 0.0923504 0.0137356 0.0917005 0.0205756 
S0407sl       0.3504415 0.2853084 0.3366700 0.1009298 0.0834522 0.2118033 0.0755524 0.0588780 0.0603519 0.0846200 0.0878702 0.0395025 0.0690270 0.0793423 0.1200933 0.0506830 0.1007582 0.1084682 0.0620553 0.1036955 0.0501650 0.0707545 0.0801414 0.0682342 0.0889222 0.0762589 0.0000000 0.1063621 0.0428383 0.0634730 0.0714254 0.0411709 0.0941360 0.0423861 0.0874365 0.0752391 0.1068870 0.0426689 0.0790780 0.0870287 0.0733190 0.0350128 0.0663191 0.0675344 0.0895121 0.0539533 0.1109186 0.1298763 0.0884077 0.1142269 0.1013479 0.0709672 0.0931706 0.0669578 0.0726642 0.0675827 0.0672212 0.0831114 0.0584998 0.0314581 0.1025942 0.0617132 0.0327548 0.0637667 0.0349906 0.0749681 0.1101793 0.1075034 0.1008551 0.0802089 0.1166576 0.0687234 0.1421780 0.0941676 0.0880292 0.0723376 0.1088962 0.0632237 0.1289117 0.0560555 0.0960177 0.0707172 0.1421780 0.0759228 0.0547313 0.1231756 0.0832117 0.0839901 0.0629522 0.0347651 0.0657003 0.0578163 0.1220646 0.0314440 0.0389905 0.0861038 0.0988411 0.0926484 0.0894383 0.1047076 0.0782998 0.0586263 0.0915100 0.0648762 0.0798065 0.0543570 0.0752951 0.0694575 0.0634829 0.0555349 0.0352294 0.0709771 0.0629773 0.0611870 0.0729862 0.0618195 0.0713133 0.0833786 0.0706267 
S0412sl       0.4217939 0.3790721 0.3900836 0.1409847 0.0692045 0.2110417 0.0651896 0.1155124 0.1609749 0.1338701 0.0777955 0.1102154 0.1274085 0.0689822 0.1222862 0.1096941 0.1470837 0.1519849 0.1808545 0.1521878 0.1301603 0.1031722 0.1150300 0.0662334 0.0647112 0.0611930 0.1063621 0.0000000 0.0986273 0.1159505 0.0614139 0.0890310 0.1345193 0.1088038 0.1230905 0.0607930 0.1430367 0.1084256 0.0649685 0.0667809 0.1318832 0.1038783 0.1300086 0.0704557 0.0671484 0.1119780 0.1594404 0.1471105 0.0696463 0.1529253 0.1343768 0.0603793 0.1243802 0.1198763 0.0614937 0.1211893 0.1204363 0.1187351 0.1136182 0.0992204 0.1391598 0.1291643 0.0859666 0.0810847 0.1185447 0.1034162 0.1391194 0.1244203 0.1201392 0.1256636 0.1488865 0.1078559 0.1736840 0.1172740 0.1141999 0.0907926 0.1382226 0.1154112 0.1501797 0.1052875 0.1387998 0.1132097 0.1736840 0.0567542 0.0935840 0.1520322 0.0734384 0.0837628 0.1038936 0.1175225 0.1141741 0.1240381 0.1667655 0.1042902 0.1037000 0.1212048 0.1398325 0.1431103 0.0795728 0.1495451 0.1221233 0.1045919 0.0823078 0.0533254 0.0791781 0.0928496 0.0649524 0.0816784 0.1114522 0.1014929 0.0947084 0.0645192 0.1148767 0.1037756 0.1162059 0.1192818 0.0606968 0.1248977 0.0600669 
S0417         0.3400033 0.2889987 0.2893380 0.0864017 0.0735404 0.1919757 0.0617533 0.0508639 0.0355557 0.0606406 0.0777538 0.0507081 0.0549633 0.0693755 0.0904537 0.0504846 0.0823443 0.0898055 0.0215184 0.0801533 0.0499698 0.0540047 0.0628994 0.0548717 0.0983763 0.0665283 0.0428383 0.0986273 0.0000000 0.0510348 0.0580519 0.0340363 0.0713266 0.0275378 0.0740700 0.0656596 0.0843894 0.0425037 0.0693750 0.0765900 0.0604527 0.0313472 0.0667898 0.0583872 0.0726073 0.0495772 0.0917520 0.1007917 0.0782180 0.0866240 0.0761666 0.0615873 0.0707761 0.0544824 0.0630145 0.0549812 0.0546919 0.0699369 0.0539812 0.0241316 0.0777671 0.0584053 0.0400105 0.0799572 0.0348568 0.0582135 0.0868018 0.0882090 0.0714989 0.0670827 0.0938089 0.0561232 0.1009710 0.0861775 0.0786661 0.0554913 0.0818620 0.0508393 0.1000933 0.0427849 0.0948175 0.0580446 0.1009710 0.0710005 0.0427017 0.1032542 0.0733378 0.0740041 0.0505373 0.0346331 0.0623971 0.0545014 0.0938005 0.0241980 0.0388398 0.0717334 0.0798171 0.0748023 0.0790957 0.0768883 0.0614945 0.0470017 0.0813018 0.0596427 0.0745078 0.0461617 0.0657085 0.0778517 0.0555200 0.0477104 0.0424379 0.0538757 0.0506452 0.0606271 0.0599616 0.0585062 0.0618784 0.0702741 0.0613001 
S0419         0.3558205 0.3005009 0.3190260 0.0866371 0.0915740 0.1943358 0.0836093 0.0033277 0.0666039 0.0306998 0.0911574 0.0679616 0.0645833 0.0874118 0.1132812 0.0590890 0.0876280 0.0832999 0.0598271 0.0857983 0.0749955 0.0665534 0.0708879 0.0677510 0.1113656 0.0843872 0.0634730 0.1159505 0.0510348 0.0000000 0.0751000 0.0666554 0.0808370 0.0586002 0.0705830 0.0781327 0.0889185 0.0669736 0.0871187 0.0955137 0.0782142 0.0471684 0.0714745 0.0757184 0.0986645 0.0276341 0.0973220 0.1077966 0.0966516 0.1048602 0.0817206 0.0789104 0.0758329 0.0033178 0.0765867 0.0033462 0.0033295 0.0867740 0.0315814 0.0470300 0.0777626 0.0709273 0.0563798 0.0742750 0.0543577 0.0705049 0.0922135 0.0937364 0.0807963 0.0315280 0.1003887 0.0567103 0.0993273 0.0876164 0.0833277 0.0676987 0.0872300 0.0000024 0.1070236 0.0521697 0.0997052 0.0623481 0.0993273 0.0892306 0.0467617 0.1044516 0.0830378 0.0838119 0.0511924 0.0539890 0.0669736 0.0668808 0.1040028 0.0432395 0.0630498 0.0805857 0.0851380 0.0841110 0.0977862 0.0953270 0.0661942 0.0550859 0.0913054 0.0729650 0.0844094 0.0502496 0.0833214 0.0782910 0.0596458 0.0519520 0.0668640 0.0789217 0.0000024 0.0741781 0.0246479 0.0630145 0.0745098 0.0347804 0.0785307 
S0427         0.3152823 0.2920857 0.3192122 0.0900431 0.0536498 0.1832894 0.0463134 0.0748483 0.0752905 0.0782208 0.0576193 0.0747245 0.0793889 0.0498919 0.0807023 0.0749207 0.0865133 0.0982399 0.0774106 0.0889621 0.0861158 0.0702970 0.0883819 0.0243245 0.0907507 0.0467357 0.0714254 0.0614139 0.0580519 0.0751000 0.0000000 0.0715277 0.0757891 0.0694796 0.0914233 0.0461329 0.1159234 0.0780186 0.0496889 0.0558137 0.0905734 0.0702670 0.0965628 0.0427447 0.0542962 0.0693904 0.1002337 0.1109837 0.0542567 0.0908953 0.0757390 0.0423025 0.0932210 0.0785632 0.0432574 0.0792978 0.0788739 0.0868202 0.0702579 0.0621776 0.0860210 0.0863328 0.0779349 0.0825318 0.0615668 0.0830205 0.1102520 0.1121232 0.0795169 0.0673714 0.1081961 0.0734951 0.0827705 0.1264927 0.0823999 0.0760792 0.1042653 0.0748041 0.1101896 0.0759091 0.1031726 0.0745815 0.0827705 0.0508722 0.0584835 0.1049698 0.0535109 0.0620491 0.0748774 0.0655640 0.0916669 0.0821935 0.1022972 0.0663484 0.0740625 0.0935843 0.0799073 0.0826335 0.0585852 0.0886782 0.0821864 0.0671970 0.0611136 0.0360718 0.0543299 0.0580834 0.0461685 0.1017476 0.0723172 0.0641382 0.0699184 0.0459009 0.0745105 0.0689484 0.0642537 0.0875113 0.0388009 0.0745273 0.0421106 
S0428sl       0.3770560 0.2072924 0.2211490 0.1353785 0.0887374 0.1360791 0.0977039 0.0661396 0.0000010 0.0796944 0.1222945 0.0651574 0.0988066 0.0971508 0.1270076 0.0659841 0.0797076 0.0714850 0.0000010 0.0677807 0.0337923 0.1153340 0.0990134 0.0649229 0.1139487 0.1049344 0.0411709 0.0890310 0.0340363 0.0666554 0.0715277 0.0000000 0.0721119 0.0267857 0.1142071 0.0887374 0.0984631 0.0566555 0.0967765 0.1074727 0.0708461 0.0340059 0.0862905 0.0645384 0.0883667 0.0561654 0.1065019 0.1168480 0.0803734 0.0963829 0.0853972 0.0803023 0.1053992 0.0661396 0.0963214 0.0661396 0.0746692 0.0877239 0.0637561 0.0414249 0.0547397 0.0549975 0.0486212 0.0803269 0.0484064 0.0971290 0.1211600 0.1060316 0.0741149 0.0973212 0.1018246 0.1006609 0.0000010 0.0818328 0.0952323 0.0665575 0.1035427 0.0666554 0.1136912 0.0286439 0.1211327 0.0973481 0.0000010 0.0718836 0.0806577 0.1236666 0.0963214 0.0901493 0.0723339 0.0482641 0.0707155 0.0477062 0.1029341 0.0337950 0.0492122 0.0744710 0.0659514 0.0645267 0.1230908 0.0879176 0.0961271 0.0986057 0.1222663 0.0838740 0.1165761 0.0798130 0.0877627 0.0497327 0.1113988 0.0938004 0.0489727 0.0802603 0.0661396 0.0598943 0.0833007 0.0707155 0.0898003 0.0892821 0.0880986 
S0430         0.3019880 0.2852199 0.2999178 0.0831295 0.0973818 0.1994578 0.0850599 0.0805615 0.0780790 0.0934072 0.1025790 0.0977277 0.0903724 0.0936137 0.1305030 0.0848963 0.0000028 0.0426135 0.0980723 0.0000021 0.0841247 0.0846681 0.0851110 0.0726864 0.1435668 0.0905613 0.0941360 0.1345193 0.0713266 0.0808370 0.0757891 0.0721119 0.0000000 0.0747631 0.0890037 0.0935194 0.0734187 0.0925232 0.0974883 0.1022543 0.0970389 0.0802040 0.1074742 0.0768096 0.1007738 0.0748326 0.0176000 0.1033648 0.0935180 0.0210033 0.1026723 0.0848101 0.0898396 0.0843624 0.0864630 0.0851688 0.0847039 0.0931343 0.0754934 0.0758853 0.0352889 0.0970692 0.0873847 0.0995072 0.0707616 0.0847466 0.1068995 0.1043548 0.1053927 0.0728604 0.0918399 0.0839096 0.0143522 0.0797391 0.0759701 0.0738046 0.0922251 0.0805110 0.1078718 0.0925468 0.0924199 0.0843640 0.0143522 0.0996863 0.0717315 0.1017652 0.0932586 0.0887881 0.0889919 0.0793335 0.1023159 0.0927438 0.0102762 0.0719698 0.0883760 0.0648773 0.0000029 0.0000028 0.0947862 0.0607362 0.0879156 0.0810103 0.1018613 0.0827688 0.1036256 0.0753358 0.0893908 0.1025609 0.0865808 0.0780065 0.0923655 0.0758475 0.0801876 0.0820984 0.0652417 0.0980009 0.0810100 0.0801617 0.0843914 
