58
CRNC          0.0000000 0.2213782 0.2003651 0.3544702 0.4160406 0.3370711 0.3669427 0.3810650 0.3326019 0.3694456 0.3440197 0.3786635 0.2858755 0.3057341 0.0000010 0.3497510 0.4582905 0.3558193 0.4028146 0.3326019 0.3416017 0.3570188 0.4030853 0.3464013 0.3610074 0.3348553 0.3326019 0.3132362 0.0000010 0.3600846 0.4233877 0.3057341 0.3416017 0.3398724 0.4110066 0.3778305 0.3427339 0.3775855 0.3919452 0.4022814 0.3513021 0.4030853 0.3710582 0.4431940 0.3416017 0.4493862 0.2990127 0.3064795 0.3326019 0.2446106 0.4421891 0.4647279 0.4014615 0.3376617 0.3399902 0.2969513 0.3106426 0.3755970 
HYZL          0.2213782 0.0000000 0.2103266 0.4909185 0.4231333 0.5294461 0.5513396 0.5004982 0.5532992 0.4850755 0.4189614 0.5564039 0.5592857 0.5683029 0.0000010 0.5323298 0.4607745 0.6314357 0.6791710 0.5532992 0.4976256 0.4905319 0.4764006 0.4446928 0.5642262 0.4320509 0.5387359 0.5468194 0.0000010 0.4182711 0.6158405 0.4468813 0.4797267 0.4728599 0.6293283 0.4868812 0.5086930 0.5352150 0.6599871 0.5612167 0.5770506 0.4748074 0.4317987 0.5579001 0.4741422 0.6550328 0.4721866 0.5882750 0.5961162 0.5126912 0.6042761 0.5347947 0.4867407 0.5896663 0.4483889 0.5060236 0.4712574 0.6443701 
MYZV          0.2003651 0.2103266 0.0000000 0.6446805 0.4964492 0.6377387 0.7081662 0.6442835 0.7915900 0.5215309 0.5978726 0.6841626 0.7031419 0.8179736 0.0000010 0.5684741 0.6167361 0.7065977 0.8835151 0.7915900 0.6391752 0.5874064 0.5735545 0.4886155 0.6920890 0.5271867 0.7724347 0.7883580 0.0000010 0.4823488 0.7002950 0.5076740 0.6097107 0.6040998 0.7526906 0.5737934 0.6956916 0.6822987 0.8989245 0.5506249 0.7053042 0.6074519 0.5145379 0.6816289 0.6066340 0.7881057 0.5360648 0.7723303 0.8566540 0.6080808 0.7565287 0.6355971 0.5791254 0.7242154 0.5413802 0.8065766 0.5692386 0.7943330 
SRR6441723    0.3544702 0.4909185 0.6446805 0.0000000 0.2139795 0.3207077 0.2393192 0.1843659 0.2215124 0.1814016 0.1680017 0.1888868 0.1967416 0.2248907 0.0000010 0.1405552 0.1208616 0.1702729 0.2112943 0.2215124 0.2002728 0.1368725 0.2178004 0.1342843 0.2388351 0.1438454 0.2380099 0.2324548 0.0000010 0.1581576 0.1969782 0.1081549 0.1511876 0.1221289 0.1391348 0.1381661 0.1636464 0.1822564 0.2812386 0.1373142 0.2419410 0.1823237 0.2527182 0.2616080 0.1521074 0.2003386 0.1365074 0.2318975 0.2417419 0.1850535 0.1747182 0.1814016 0.1818672 0.2173822 0.1084058 0.2430129 0.1499267 0.2196491 
ERR2789774    0.4160406 0.4231333 0.4964492 0.2139795 0.0000000 0.3599748 0.1316194 0.1817970 0.2217949 0.2201935 0.1643244 0.1351501 0.1907099 0.2254662 0.0000010 0.0985950 0.1071024 0.2364998 0.1949521 0.2217949 0.1914075 0.1656113 0.1629278 0.0897211 0.1321945 0.0616382 0.2397014 0.2141040 0.0000010 0.0724461 0.2376163 0.1253666 0.1122217 0.0867182 0.1991103 0.1259030 0.1354514 0.1423214 0.2470164 0.1719707 0.1716601 0.1614497 0.1609893 0.2039204 0.1611800 0.2121906 0.2222612 0.2135533 0.2437998 0.1845262 0.1851469 0.2201935 0.2208009 0.1497324 0.0976806 0.2453314 0.0841518 0.1653831 
PAFTOL_019361 0.3370711 0.5294461 0.6377387 0.3207077 0.3599748 0.0000000 0.3279705 0.2731176 0.2437286 0.3396887 0.2770774 0.2733267 0.2563862 0.2856132 1.1388323 0.2807771 0.3719959 0.2821967 0.3841902 0.2437286 0.2789920 0.2464356 0.3348264 0.2823839 0.3417526 0.2586055 0.2253551 0.2563862 1.1388323 0.2787520 0.2865847 0.2627693 0.2850771 0.3205609 0.2739447 0.2579742 0.2724140 0.3266844 0.3251030 0.3204818 0.3041063 0.2818035 0.3377047 0.3181299 0.2569641 0.2761043 0.2772562 0.2557403 0.2657391 0.2790375 0.2639948 0.3396887 0.3407535 0.2748418 0.2635334 0.2686584 0.2815584 0.3039698 
S0055         0.3669427 0.5513396 0.7081662 0.2393192 0.1316194 0.3279705 0.0000000 0.1427118 0.0955032 0.2351558 0.1569544 0.1764042 0.0724997 0.1239633 0.0000010 0.1277643 0.1506970 0.1865949 0.0969880 0.0955032 0.1405164 0.1281377 0.1867320 0.1541119 0.2153067 0.1021993 0.1085756 0.0858514 0.0000010 0.1649370 0.1876651 0.1710270 0.1572570 0.1265667 0.1541267 0.1965255 0.1601654 0.1903212 0.1397907 0.1856321 0.0583476 0.1543140 0.2203298 0.2280521 0.1249538 0.1476021 0.1996951 0.0856776 0.1098263 0.0881300 0.1318462 0.2351558 0.2358194 0.0448083 0.1524348 0.1035278 0.1262541 0.0562969 
S0278         0.3810650 0.5004982 0.6442835 0.1843659 0.1817970 0.2731176 0.1427118 0.0000000 0.0844721 0.1777350 0.0329028 0.1567861 0.0881515 0.0854175 0.0000010 0.1279697 0.1953019 0.1078327 0.1280142 0.0844721 0.0466530 0.0220266 0.0702980 0.1348212 0.1581029 0.0879504 0.0976477 0.0881515 0.0000010 0.1001180 0.1111855 0.0962621 0.0827966 0.1382718 0.0810877 0.0927797 0.0841150 0.1100389 0.0990130 0.1344786 0.0995543 0.0442542 0.0965445 0.0995784 0.0215499 0.1153978 0.1950435 0.0879674 0.0987751 0.0621582 0.0618103 0.1777350 0.1781835 0.0834067 0.1075224 0.0917005 0.1098797 0.0829926 
S0282         0.3326019 0.5532992 0.7915900 0.2215124 0.2217949 0.2437286 0.0955032 0.0844721 0.0000000 0.2174649 0.0975065 0.1923421 0.0000026 0.0213566 0.0000010 0.1611479 0.2352094 0.1702825 0.1385839 0.0000010 0.0993384 0.0857354 0.1244606 0.1703330 0.2325718 0.1163281 0.0104352 0.0000021 0.0000010 0.1647203 0.1566343 0.1257816 0.1417085 0.1712620 0.1388456 0.1434997 0.1442692 0.1737228 0.0830221 0.1693476 0.0573982 0.1107310 0.1541572 0.1592836 0.0836856 0.1627286 0.1680248 0.0000021 0.0105253 0.0475601 0.1187736 0.1846166 0.1851079 0.0440870 0.1374273 0.0000024 0.1405072 0.0682946 
S0292         0.3694456 0.4850755 0.5215309 0.1814016 0.2201935 0.3396887 0.2351558 0.1777350 0.2174649 0.0000000 0.1917321 0.2054563 0.2102740 0.2559305 0.0000010 0.1669555 0.2370133 0.1945894 0.2370983 0.2174649 0.1925395 0.1503553 0.1985368 0.1589643 0.2301217 0.1708145 0.2338680 0.2281706 0.0000010 0.1219146 0.2227929 0.1608935 0.1458785 0.1761863 0.1629573 0.1025823 0.1282182 0.1758088 0.2706994 0.0319172 0.2377579 0.1758499 0.1658434 0.2399771 0.1467214 0.2264972 0.1336376 0.2276249 0.2375113 0.1629752 0.1677409 0.0429932 0.0210206 0.2134531 0.1612864 0.2196705 0.1757497 0.1801955 
S0299         0.3440197 0.4189614 0.5978726 0.1680017 0.1643244 0.2770774 0.1569544 0.0329028 0.0975065 0.1917321 0.0000000 0.1711817 0.0875882 0.0986279 0.0000010 0.1419632 0.1919798 0.1208591 0.1419875 0.0975065 0.0589362 0.0333798 0.0576562 0.1496171 0.1422728 0.0873925 0.1109202 0.1017863 0.0000010 0.0994627 0.1246594 0.1092599 0.0954779 0.1520147 0.0935402 0.1070711 0.0970211 0.1232858 0.1123991 0.1479039 0.1130423 0.0327022 0.0830713 0.0856411 0.0326507 0.1293470 0.2093095 0.1015715 0.1122342 0.0753712 0.0749578 0.1917321 0.1922192 0.0962297 0.0939872 0.1059124 0.1231344 0.0957295 
S0376         0.3786635 0.5564039 0.6841626 0.1888868 0.1351501 0.2733267 0.1764042 0.1567861 0.1923421 0.2054563 0.1711817 0.0000000 0.1842859 0.1951764 1.1388323 0.0458065 0.1306781 0.1920061 0.1403066 0.1923421 0.1702410 0.1288864 0.1895922 0.1045201 0.1256425 0.0613716 0.2085551 0.1842857 1.1388323 0.1041022 0.2215500 0.1100205 0.0973433 0.0968614 0.1396847 0.0786375 0.1051256 0.1258823 0.2145290 0.1581804 0.1467798 0.1551422 0.2115790 0.1936377 0.1256729 0.1478764 0.1837402 0.1838488 0.2117224 0.1498990 0.1418664 0.2054563 0.2060155 0.1274309 0.0835505 0.2110942 0.0706016 0.1284894 
S0400         0.2858755 0.5592857 0.7031419 0.1967416 0.1907099 0.2563862 0.0724997 0.0881515 0.0000026 0.2102740 0.0875882 0.1842859 0.0000000 0.0221740 0.0000010 0.1322883 0.1850584 0.1618913 0.1149123 0.0000026 0.1038012 0.0895213 0.1300286 0.1439787 0.2254666 0.1064770 0.0108249 0.0000024 0.0000010 0.1702331 0.1477908 0.1314807 0.1482984 0.1469663 0.1298098 0.1509898 0.1511133 0.1820808 0.0730776 0.1609409 0.0471118 0.1156347 0.1612755 0.1668886 0.0872895 0.1373377 0.1574261 0.0000026 0.0109220 0.0489308 0.1087427 0.1765877 0.1770717 0.0338814 0.1284914 0.0000022 0.1314807 0.0583695 
S0405         0.3057341 0.5683029 0.8179736 0.2248907 0.2254662 0.2856132 0.1239633 0.0854175 0.0213566 0.2559305 0.0986279 0.1951764 0.0221740 0.0000000 0.0000010 0.1633768 0.2390586 0.1726172 0.1403193 0.0213566 0.1005099 0.0867103 0.1259758 0.1728604 0.2363651 0.1177816 0.0323568 0.0221739 0.0000010 0.1670710 0.1587528 0.1273346 0.1435430 0.1736059 0.1406092 0.1455822 0.1461800 0.1761506 0.0839310 0.2041854 0.0833462 0.1120400 0.1561729 0.1614506 0.0846116 0.1650232 0.2021456 0.0221341 0.0105196 0.0607578 0.1203014 0.2205525 0.2211739 0.0685089 0.1391411 0.0112524 0.1423031 0.0944643 
S0412sl       0.0000010 0.0000010 0.0000010 0.0000010 0.0000010 1.1388323 0.0000010 0.0000010 0.0000010 0.0000010 0.0000010 1.1388323 0.0000010 0.0000010 0.0000000 0.0000010 0.0000010 0.0000010 0.0000010 0.0000010 0.0000010 0.0000010 0.0000010 0.0000021 0.0000010 0.0000010 0.0000010 0.0000010 0.0000010 0.0000010 0.0000010 0.0000010 0.0000010 0.0000010 1.1388323 1.1388323 0.0000010 0.0000010 0.0000010 0.0000010 0.0000010 0.0000010 0.0000010 1.1388323 0.0000010 1.1388323 0.0000010 0.0000010 0.0000010 0.0000010 1.1388323 0.0000010 0.0000010 0.0000010 0.0000010 0.0000010 0.0000010 0.0000010 
S0427         0.3497510 0.5323298 0.5684741 0.1405552 0.0985950 0.2807771 0.1277643 0.1279697 0.1611479 0.1669555 0.1419632 0.0458065 0.1322883 0.1633768 0.0000010 0.0000000 0.0864313 0.1556852 0.0963294 0.1611479 0.1386543 0.1010526 0.1593259 0.0753883 0.0986035 0.0361498 0.1766523 0.1522878 0.0000010 0.0727471 0.1812278 0.0840228 0.0716568 0.0574182 0.1251860 0.0950563 0.0772694 0.0987970 0.1816988 0.1235900 0.1175333 0.1267312 0.1917893 0.1984777 0.0985769 0.1514039 0.1368490 0.1519358 0.1791717 0.1199399 0.1257032 0.1669555 0.1673809 0.0998478 0.0586158 0.1765069 0.0462411 0.1006117 
S0558         0.4582905 0.4607745 0.6167361 0.1208616 0.1071024 0.3719959 0.1506970 0.1953019 0.2352094 0.2370133 0.1919798 0.1306781 0.1850584 0.2390586 0.0000010 0.0864313 0.0000000 0.2140714 0.1372676 0.2352094 0.2131700 0.1446995 0.2086959 0.0933489 0.1512492 0.0758355 0.2527677 0.2281905 0.0000010 0.1177031 0.2463949 0.1256255 0.1126108 0.0590709 0.1790587 0.1430478 0.1355995 0.1423645 0.2601912 0.1880143 0.1857017 0.1929763 0.2441482 0.2529586 0.1609006 0.2131894 0.2019368 0.2276193 0.2570223 0.1610468 0.1863108 0.2370133 0.2376704 0.1634593 0.1258433 0.2593762 0.0846859 0.1650101 
S0616         0.3558193 0.6314357 0.7065977 0.1702729 0.2364998 0.2821967 0.1865949 0.1078327 0.1702825 0.1945894 0.1208591 0.1920061 0.1618913 0.1726172 0.0000010 0.1556852 0.2140714 0.0000000 0.1572224 0.1702825 0.1162124 0.0828362 0.1568877 0.1517871 0.2076615 0.1475742 0.1855741 0.1783557 0.0000010 0.1295013 0.0839414 0.1105375 0.1239188 0.1540687 0.0690215 0.1236612 0.1260347 0.1537942 0.1695730 0.1498402 0.1888617 0.1068958 0.1888808 0.1953917 0.0809252 0.0974791 0.2125970 0.1779451 0.1881971 0.1483664 0.1066870 0.1945894 0.1950934 0.1674942 0.1219524 0.1861499 0.1536813 0.1369233 
S0641         0.4028146 0.6791710 0.8835151 0.2112943 0.1949521 0.3841902 0.0969880 0.1280142 0.1385839 0.2370983 0.1419875 0.1403066 0.1149123 0.1403193 0.0000010 0.0963294 0.1372676 0.1572224 0.0000000 0.1385839 0.1301574 0.1011224 0.1710592 0.1442055 0.1601437 0.1051891 0.1528150 0.1296593 0.0000010 0.1351420 0.1831278 0.1759606 0.1290509 0.1011979 0.1263906 0.1631633 0.1313578 0.1604476 0.1254996 0.1875884 0.0983404 0.1267768 0.2036003 0.2106231 0.0986460 0.1529902 0.2392805 0.1293803 0.1547837 0.0596343 0.1210134 0.2370983 0.2377646 0.0824750 0.1567422 0.1508603 0.1298535 0.0571413 
S0643         0.3326019 0.5532992 0.7915900 0.2215124 0.2217949 0.2437286 0.0955032 0.0844721 0.0000010 0.2174649 0.0975065 0.1923421 0.0000026 0.0213566 0.0000010 0.1611479 0.2352094 0.1702825 0.1385839 0.0000000 0.0993384 0.0857354 0.1244606 0.1703330 0.2325718 0.1163281 0.0104352 0.0000021 0.0000010 0.1647203 0.1566343 0.1257816 0.1417085 0.1712620 0.1388456 0.1434997 0.1442692 0.1737228 0.0830221 0.1693476 0.0573982 0.1107310 0.1541572 0.1592836 0.0836856 0.1627286 0.1680248 0.0000021 0.0105253 0.0475601 0.1187736 0.1846166 0.1851079 0.0440870 0.1374273 0.0000024 0.1405072 0.0682946 
S0645sl       0.3416017 0.4976256 0.6391752 0.2002728 0.1914075 0.2789920 0.1405164 0.0466530 0.0993384 0.1925395 0.0589362 0.1702410 0.1038012 0.1005099 0.0000010 0.1386543 0.2131700 0.1162124 0.1301574 0.0993384 0.0000000 0.0350703 0.0729330 0.1232504 0.1717095 0.0924300 0.1003480 0.1038015 0.0000010 0.0918752 0.1193894 0.1037570 0.0891143 0.1495745 0.0871598 0.1007918 0.0906506 0.1187400 0.1146123 0.1452027 0.1152883 0.0587457 0.1002559 0.1035278 0.0342658 0.1391050 0.2116620 0.1035772 0.1144584 0.0767648 0.0349151 0.1925395 0.1930692 0.0980035 0.1158521 0.1081125 0.1185740 0.0842280 
S0656sl       0.3570188 0.4905319 0.5874064 0.1368725 0.1656113 0.2464356 0.1281377 0.0220266 0.0857354 0.1503553 0.0333798 0.1288864 0.0895213 0.0867103 0.0000010 0.1010526 0.1446995 0.0828362 0.1011224 0.0857354 0.0350703 0.0000000 0.0713342 0.1063576 0.1300804 0.0620364 0.0990983 0.0895213 0.0000010 0.0741510 0.1011501 0.0713342 0.0584636 0.1117419 0.0572170 0.0654176 0.0593670 0.0845870 0.1004933 0.1086134 0.1010518 0.0218830 0.0979591 0.1010761 0.0000021 0.1028206 0.1668812 0.0893317 0.1002598 0.0631431 0.0495716 0.1503553 0.1507263 0.0846366 0.0825987 0.0931762 0.0844301 0.0585730 
S0673         0.4030853 0.4764006 0.5735545 0.2178004 0.1629278 0.3348264 0.1867320 0.0702980 0.1244606 0.1985368 0.0576562 0.1895922 0.1300286 0.1259758 0.0000010 0.1593259 0.2086959 0.1568877 0.1710592 0.1244606 0.0729330 0.0713342 0.0000000 0.1331539 0.1411516 0.0844952 0.1384188 0.1300287 0.0000010 0.0987203 0.1623102 0.1084608 0.0947959 0.1508373 0.1263360 0.0917507 0.1149941 0.1223679 0.1400865 0.1532793 0.1409682 0.0453405 0.0214202 0.0220303 0.0696810 0.1686845 0.2282465 0.1297476 0.1401533 0.1026260 0.0763870 0.1985368 0.1990544 0.1227002 0.1087135 0.1353915 0.1222170 0.1219995 
S0689         0.3464013 0.4446928 0.4886155 0.1342843 0.0897211 0.2823839 0.1541119 0.1348212 0.1703330 0.1589643 0.1496171 0.1045201 0.1439787 0.1728604 0.0000021 0.0753883 0.0933489 0.1517871 0.1442055 0.1703330 0.1232504 0.1063576 0.1331539 0.0000000 0.1351834 0.0500629 0.1656707 0.1790920 0.0000021 0.0743761 0.1787620 0.0728446 0.0735236 0.0481320 0.1042190 0.0812893 0.1075582 0.1015439 0.1924997 0.1145900 0.1562585 0.1334251 0.1651226 0.1535272 0.1036174 0.1294738 0.1437137 0.1608471 0.1897360 0.1330350 0.1022695 0.1589643 0.1593805 0.1353083 0.0729650 0.1876116 0.0599533 0.1365209 
S0720         0.3610074 0.5642262 0.6920890 0.2388351 0.1321945 0.3417526 0.2153067 0.1581029 0.2325718 0.2301217 0.1422728 0.1256425 0.2254666 0.2363651 0.0000010 0.0986035 0.1512492 0.2076615 0.1601437 0.2325718 0.1717095 0.1300804 0.1411516 0.1351834 0.0000000 0.0611897 0.2501055 0.2254666 0.0000010 0.0864391 0.2385483 0.1238927 0.0830106 0.0836146 0.1738066 0.0930440 0.1023223 0.1103188 0.2160401 0.1826533 0.1645279 0.1270298 0.1720175 0.1778383 0.1268230 0.2064017 0.2321854 0.2249028 0.2543088 0.1722675 0.1802053 0.2301217 0.2307417 0.1612690 0.0967341 0.2564880 0.0580245 0.1296858 
S0742         0.3348553 0.4320509 0.5271867 0.1438454 0.0616382 0.2586055 0.1021993 0.0879504 0.1163281 0.1708145 0.0873925 0.0613716 0.1064770 0.1177816 0.0000010 0.0361498 0.0758355 0.1475742 0.1051891 0.1163281 0.0924300 0.0620364 0.0844952 0.0500629 0.0611897 0.0000000 0.1307240 0.1064769 0.0000010 0.0478041 0.1732922 0.0462328 0.0344673 0.0343357 0.1164554 0.0520290 0.0493960 0.0593995 0.1344250 0.1264530 0.0756237 0.0735547 0.1119293 0.1155362 0.0605356 0.1426608 0.1399804 0.1047232 0.1324073 0.0941668 0.0968038 0.1708145 0.1712583 0.0603134 0.0342064 0.1269671 0.0111284 0.0607189 
S0756         0.3326019 0.5387359 0.7724347 0.2380099 0.2397014 0.2253551 0.1085756 0.0976477 0.0104352 0.2338680 0.1109202 0.2085551 0.0108249 0.0323568 0.0000010 0.1766523 0.2527677 0.1855741 0.1528150 0.0104352 0.1003480 0.0990983 0.1384188 0.1656707 0.2501055 0.1307240 0.0000000 0.0108249 0.0000010 0.1647203 0.1718488 0.1399284 0.1563967 0.1865117 0.1532937 0.1599431 0.1592739 0.1892687 0.0959075 0.1846166 0.0696015 0.1244041 0.1688826 0.1745505 0.0967061 0.1785275 0.1830151 0.0108060 0.0212604 0.0601122 0.1335767 0.2002289 0.2007713 0.0556768 0.1516241 0.0111988 0.1550173 0.0805212 
S0763         0.3132362 0.5468194 0.7883580 0.2324548 0.2141040 0.2563862 0.0858514 0.0881515 0.0000021 0.2281706 0.1017863 0.1842857 0.0000024 0.0221739 0.0000010 0.1522878 0.2281905 0.1783557 0.1296593 0.0000021 0.1038015 0.0895213 0.1300287 0.1790920 0.2254666 0.1064769 0.0108249 0.0000000 0.0000010 0.1557400 0.1640971 0.1314808 0.1326170 0.1629217 0.1452054 0.1485312 0.1350759 0.1653138 0.0865619 0.1773679 0.0471118 0.1156347 0.1612755 0.1668885 0.0872895 0.1707541 0.1758432 0.0000021 0.0109219 0.0495958 0.1244445 0.1934614 0.1940033 0.0338823 0.1436181 0.0000020 0.1314808 0.0583695 
S0765         0.0000010 0.0000010 0.0000010 0.0000010 0.0000010 1.1388323 0.0000010 0.0000010 0.0000010 0.0000010 0.0000010 1.1388323 0.0000010 0.0000010 0.0000010 0.0000010 0.0000010 0.0000010 0.0000010 0.0000010 0.0000010 0.0000010 0.0000010 0.0000021 0.0000010 0.0000010 0.0000010 0.0000010 0.0000000 0.0000010 0.0000010 0.0000010 0.0000010 0.0000010 1.1388323 1.1388323 0.0000010 0.0000010 0.0000010 0.0000010 0.0000010 0.0000010 0.0000010 1.1388323 0.0000010 1.1388323 0.0000010 0.0000010 0.0000010 0.0000010 1.1388323 0.0000010 0.0000010 0.0000010 0.0000010 0.0000010 0.0000010 0.0000010 
S0771         0.3600846 0.4182711 0.4823488 0.1581576 0.0724461 0.2787520 0.1649370 0.1001180 0.1647203 0.1219146 0.0994627 0.1041022 0.1702331 0.1670710 0.0000010 0.0727471 0.1177031 0.1295013 0.1351420 0.1647203 0.0918752 0.0741510 0.0987203 0.0743761 0.0864391 0.0478041 0.1647203 0.1557400 0.0000010 0.0000000 0.1530266 0.0707121 0.0338676 0.0708709 0.0999789 0.0375768 0.0235567 0.0340910 0.1500567 0.0822999 0.1511036 0.0854745 0.0977630 0.1313732 0.0723660 0.1556967 0.1691582 0.1725019 0.1833431 0.1415981 0.0976364 0.1219146 0.1222035 0.1310105 0.0835701 0.1632733 0.0582074 0.1011876 
S0888         0.4233877 0.6158405 0.7002950 0.1969782 0.2376163 0.2865847 0.1876651 0.1111855 0.1566343 0.2227929 0.1246594 0.2215500 0.1477908 0.1587528 0.0000010 0.1812278 0.2463949 0.0839414 0.1831278 0.1566343 0.1193894 0.1011501 0.1623102 0.1787620 0.2385483 0.1732922 0.1718488 0.1640971 0.0000010 0.1530266 0.0000000 0.1022588 0.1459201 0.1790488 0.0743069 0.1272472 0.1486116 0.1786197 0.1737270 0.1739652 0.1957883 0.1268476 0.1957325 0.2027509 0.0986696 0.0448905 0.2202968 0.1637178 0.1742487 0.1536980 0.1097006 0.2014391 0.2019821 0.1732935 0.1435658 0.1713167 0.1785636 0.1600919 
S0906         0.3057341 0.4468813 0.5076740 0.1081549 0.1253666 0.2627693 0.1710270 0.0962621 0.1257816 0.1608935 0.1092599 0.1100205 0.1314807 0.1273346 0.0000010 0.0840228 0.1256255 0.1105375 0.1759606 0.1257816 0.1037570 0.0713342 0.1084608 0.0728446 0.1238927 0.0462328 0.1399284 0.1314808 0.0000010 0.0707121 0.1022588 0.0000000 0.0558777 0.0798831 0.0718142 0.0490129 0.0719576 0.0807697 0.1747840 0.1193312 0.1425310 0.0954439 0.1365035 0.1408619 0.0696810 0.1336981 0.1460834 0.1311929 0.1417085 0.1194949 0.1085471 0.1608935 0.1612864 0.1239757 0.0439017 0.1369764 0.0555382 0.1249657 
S0959         0.3416017 0.4797267 0.6097107 0.1511876 0.1122217 0.2850771 0.1572570 0.0827966 0.1417085 0.1458785 0.0954779 0.0973433 0.1482984 0.1435430 0.0000010 0.0716568 0.1126108 0.1239188 0.1290509 0.1417085 0.0891143 0.0584636 0.0947959 0.0735236 0.0830106 0.0344673 0.1563967 0.1326170 0.0000010 0.0338676 0.1459201 0.0558777 0.0000000 0.0681278 0.0958493 0.0361328 0.0344177 0.0215986 0.1581973 0.1055625 0.1290168 0.0821260 0.1219284 0.1257575 0.0571297 0.1483531 0.1617667 0.1479645 0.1584842 0.1194949 0.0931706 0.1458785 0.1462263 0.1110536 0.0803641 0.1546611 0.0441858 0.0835924 
S1083         0.3398724 0.4728599 0.6040998 0.1221289 0.0867182 0.3205609 0.1265667 0.1382718 0.1712620 0.1761863 0.1520147 0.0968614 0.1469663 0.1736059 0.0000010 0.0574182 0.0590709 0.1540687 0.1011979 0.1712620 0.1495745 0.1117419 0.1508373 0.0481320 0.0836146 0.0343357 0.1865117 0.1629217 0.0000010 0.0708709 0.1790488 0.0798831 0.0681278 0.0000000 0.1240500 0.0759795 0.0854215 0.0938087 0.1916749 0.1334687 0.1282737 0.1369319 0.1813154 0.1873009 0.1090576 0.1497618 0.1464305 0.1625535 0.1891397 0.1198043 0.1244331 0.1761863 0.1766251 0.1104715 0.0800075 0.1871600 0.0214689 0.1113203 
S1120         0.4110066 0.6293283 0.7526906 0.1391348 0.1991103 0.2739447 0.1541267 0.0810877 0.1388456 0.1629573 0.0935402 0.1396847 0.1298098 0.1406092 1.1388323 0.1251860 0.1790587 0.0690215 0.1263906 0.1388456 0.0871598 0.0572170 0.1263360 0.1042190 0.1738066 0.1164554 0.1532937 0.1452054 1.1388323 0.0999789 0.0743069 0.0718142 0.0958493 0.1240500 0.0000000 0.0634671 0.0974101 0.1239031 0.1550602 0.1206217 0.1561004 0.0804447 0.1563904 0.1290490 0.0559354 0.0599744 0.1798305 0.1448833 0.1553028 0.1169114 0.0493462 0.1629573 0.1633632 0.1367772 0.0942826 0.1513423 0.1237509 0.1081857 
S1128         0.3778305 0.4868812 0.5737934 0.1381661 0.1259030 0.2579742 0.1965255 0.0927797 0.1434997 0.1025823 0.1070711 0.0786375 0.1509898 0.1455822 1.1388323 0.0950563 0.1430478 0.1236612 0.1631633 0.1434997 0.1007918 0.0654176 0.0917507 0.0812893 0.0930440 0.0520290 0.1599431 0.1485312 1.1388323 0.0375768 0.1272472 0.0490129 0.0361328 0.0759795 0.0634671 0.0000000 0.0519638 0.0623485 0.1619673 0.0616905 0.1632235 0.0919191 0.1062103 0.0938787 0.0637522 0.0963482 0.1499500 0.1330467 0.1623457 0.1190329 0.0722502 0.0884224 0.0886366 0.1410607 0.0757449 0.1582991 0.0491258 0.1087108 
S1129sl       0.3427339 0.5086930 0.6956916 0.1636464 0.1354514 0.2724140 0.1601654 0.0841150 0.1442692 0.1282182 0.0970211 0.1051256 0.1511133 0.1461800 0.0000010 0.0772694 0.1355995 0.1260347 0.1313578 0.1442692 0.0906506 0.0593670 0.1149941 0.1075582 0.1023223 0.0493960 0.1592739 0.1350759 0.0000010 0.0235567 0.1486116 0.0719576 0.0344177 0.0854215 0.0974101 0.0519638 0.0000000 0.0346482 0.1305025 0.1136728 0.1313275 0.0834200 0.1301946 0.1499997 0.0579908 0.1511333 0.1749198 0.1507662 0.1614500 0.1216865 0.0948528 0.1428179 0.1431816 0.1129385 0.0863978 0.1412972 0.0592072 0.0849404 
S1189         0.3775855 0.5352150 0.6822987 0.1822564 0.1423214 0.3266844 0.1903212 0.1100389 0.1737228 0.1758088 0.1232858 0.1258823 0.1820808 0.1761506 0.0000010 0.0987970 0.1423645 0.1537942 0.1604476 0.1737228 0.1187400 0.0845870 0.1223679 0.1015439 0.1103188 0.0593995 0.1892687 0.1653138 0.0000010 0.0340910 0.1786197 0.0807697 0.0215986 0.0938087 0.1239031 0.0623485 0.0346482 0.0000000 0.1292641 0.1332919 0.1604929 0.1090616 0.1511682 0.1560392 0.0826018 0.1816202 0.1630282 0.1816555 0.1919931 0.1515565 0.1242684 0.1758088 0.1762444 0.1405709 0.1067038 0.1730390 0.0684275 0.1112144 
S1211         0.3919452 0.6599871 0.8989245 0.2812386 0.2470164 0.3251030 0.1397907 0.0990130 0.0830221 0.2706994 0.1123991 0.2145290 0.0730776 0.0839310 0.0000010 0.1816988 0.2601912 0.1695730 0.1254996 0.0830221 0.1146123 0.1004933 0.1400865 0.1924997 0.2160401 0.1344250 0.0959075 0.0865619 0.0000010 0.1500567 0.1737270 0.1747840 0.1581973 0.1916749 0.1550602 0.1619673 0.1305025 0.1292641 0.0000000 0.2191505 0.0977461 0.1259838 0.1706975 0.1764330 0.0980478 0.1482236 0.2040565 0.0729308 0.0969882 0.0742520 0.1353302 0.2354870 0.2361442 0.0819991 0.1557240 0.0760986 0.1592827 0.0816017 
S1214sl       0.4022814 0.5612167 0.5506249 0.1373142 0.1719707 0.3204818 0.1856321 0.1344786 0.1693476 0.0319172 0.1479039 0.1581804 0.1609409 0.2041854 0.0000010 0.1235900 0.1880143 0.1498402 0.1875884 0.1693476 0.1452027 0.1086134 0.1532793 0.1145900 0.1826533 0.1264530 0.1846166 0.1773679 0.0000010 0.0822999 0.1739652 0.1193312 0.1055625 0.1334687 0.1206217 0.0616905 0.1136728 0.1332919 0.2191505 0.0000000 0.1878929 0.1332150 0.1516055 0.1905061 0.1060649 0.1768512 0.1202166 0.1769600 0.1872222 0.1323188 0.1206210 0.0319172 0.0319803 0.1665834 0.1196088 0.1851151 0.1331530 0.1361105 
S1235sl       0.3513021 0.5770506 0.7053042 0.2419410 0.1716601 0.3041063 0.0583476 0.0995543 0.0573982 0.2377579 0.1130423 0.1467798 0.0471118 0.0833462 0.0000010 0.1175333 0.1857017 0.1888617 0.0983404 0.0573982 0.1152883 0.1010518 0.1409682 0.1562585 0.1645279 0.0756237 0.0696015 0.0471118 0.0000010 0.1511036 0.1957883 0.1425310 0.1290168 0.1282737 0.1561004 0.1632235 0.1313275 0.1604929 0.0977461 0.1878929 0.0000000 0.1267393 0.1718976 0.1777331 0.0985761 0.1692642 0.2020181 0.0470211 0.0703319 0.0483682 0.1362272 0.2377579 0.2384314 0.0107949 0.1251251 0.0620403 0.0995649 0.0333960 
S1239         0.4030853 0.4748074 0.6074519 0.1823237 0.1614497 0.2818035 0.1543140 0.0442542 0.1107310 0.1758499 0.0327022 0.1551422 0.1156347 0.1120400 0.0000010 0.1267312 0.1929763 0.1068958 0.1267768 0.1107310 0.0587457 0.0218830 0.0453405 0.1334251 0.1270298 0.0735547 0.1244041 0.1156347 0.0000010 0.0854745 0.1268476 0.0954439 0.0821260 0.1369319 0.0804447 0.0919191 0.0834200 0.1090616 0.1259838 0.1332150 0.1267393 0.0000000 0.0699651 0.0720993 0.0214126 0.1289032 0.1928674 0.1153878 0.1259188 0.0887594 0.0614535 0.1758499 0.1762871 0.1092249 0.0808258 0.1203599 0.1089038 0.0823174 
S1245         0.3710582 0.4317987 0.5145379 0.2527182 0.1609893 0.3377047 0.2203298 0.0965445 0.1541572 0.1658434 0.0830713 0.2115790 0.1612755 0.1561729 0.0000010 0.1917893 0.2441482 0.1888808 0.2036003 0.1541572 0.1002559 0.0979591 0.0214202 0.1651226 0.1720175 0.1119293 0.1688826 0.1612755 0.0000010 0.0977630 0.1957325 0.1365035 0.1219284 0.1813154 0.1563904 0.1062103 0.1301946 0.1511682 0.1706975 0.1516055 0.1718976 0.0699651 0.0000000 0.0452890 0.0956290 0.2034319 0.2630039 0.1609145 0.1711570 0.1323954 0.1051022 0.1961490 0.1966523 0.1517697 0.1368345 0.1681365 0.1510524 0.1508040 
S1246         0.4431940 0.5579001 0.6816289 0.2616080 0.2039204 0.3181299 0.2280521 0.0995784 0.1592836 0.2399771 0.0856411 0.1936377 0.1668886 0.1614506 1.1388323 0.1984777 0.2529586 0.1953917 0.2106231 0.1592836 0.1035278 0.1010761 0.0220303 0.1535272 0.1778383 0.1155362 0.1745505 0.1668885 1.1388323 0.1313732 0.2027509 0.1408619 0.1257575 0.1873009 0.1290490 0.0938787 0.1499997 0.1560392 0.1764330 0.1905061 0.1777331 0.0720993 0.0452890 0.0000000 0.0986002 0.1725087 0.2721099 0.1665021 0.1769979 0.1369257 0.0781421 0.2399771 0.2406468 0.1567124 0.1412147 0.1742372 0.1559295 0.1556703 
S1250sl       0.3416017 0.4741422 0.6066340 0.1521074 0.1611800 0.2569641 0.1249538 0.0215499 0.0836856 0.1467214 0.0326507 0.1256729 0.0872895 0.0846116 0.0000010 0.0985769 0.1609006 0.0809252 0.0986460 0.0836856 0.0342658 0.0000021 0.0696810 0.1036174 0.1268230 0.0605356 0.0967061 0.0872895 0.0000010 0.0723660 0.0986696 0.0696810 0.0571297 0.1090576 0.0559354 0.0637522 0.0579908 0.0826018 0.0980478 0.1060649 0.0985761 0.0214126 0.0956290 0.0986002 0.0000000 0.1002621 0.1627760 0.0871089 0.0978082 0.0615886 0.0483707 0.1467214 0.1470744 0.0826432 0.0806984 0.0907622 0.0824495 0.0572328 
S1315         0.4493862 0.6550328 0.7881057 0.2003386 0.2121906 0.2761043 0.1476021 0.1153978 0.1627286 0.2264972 0.1293470 0.1478764 0.1373377 0.1650232 1.1388323 0.1514039 0.2131894 0.0974791 0.1529902 0.1627286 0.1391050 0.1028206 0.1686845 0.1294738 0.2064017 0.1426608 0.1785275 0.1707541 1.1388323 0.1556967 0.0448905 0.1336981 0.1483531 0.1497618 0.0599744 0.0963482 0.1511333 0.1816202 0.1482236 0.1768512 0.1692642 0.1289032 0.2034319 0.1725087 0.1002621 0.0000000 0.2067100 0.1534059 0.1811281 0.1430403 0.0963718 0.2047346 0.2052947 0.1478521 0.1160598 0.1785365 0.1493637 0.1317495 
S1332         0.2990127 0.4721866 0.5360648 0.1365074 0.2222612 0.2772562 0.1996951 0.1950435 0.1680248 0.1336376 0.2093095 0.1837402 0.1574261 0.2021456 0.0000010 0.1368490 0.2019368 0.2125970 0.2392805 0.1680248 0.2116620 0.1668812 0.2282465 0.1437137 0.2321854 0.1399804 0.1830151 0.1758432 0.0000010 0.1691582 0.2202968 0.1460834 0.1617667 0.1464305 0.1798305 0.1499500 0.1749198 0.1630282 0.2040565 0.1202166 0.2020181 0.1928674 0.2630039 0.2721099 0.1627760 0.2067100 0.0000000 0.1729010 0.1855449 0.1615435 0.1866584 0.1336376 0.1067228 0.1802498 0.1324188 0.1504742 0.1460834 0.1819228 
S1369         0.3064795 0.5882750 0.7723303 0.2318975 0.2135533 0.2557403 0.0856776 0.0879674 0.0000021 0.2276249 0.1015715 0.1838488 0.0000026 0.0221341 0.0000010 0.1519358 0.2276193 0.1779451 0.1293803 0.0000021 0.1035772 0.0893317 0.1297476 0.1608471 0.2249028 0.1047232 0.0108060 0.0000021 0.0000010 0.1725019 0.1637178 0.1311929 0.1479645 0.1625535 0.1448833 0.1330467 0.1507662 0.1816555 0.0729308 0.1769600 0.0470211 0.1153878 0.1609145 0.1665021 0.0871089 0.1534059 0.1729010 0.0000000 0.0109027 0.0488329 0.1241576 0.1930111 0.1935504 0.0338200 0.1282163 0.0000020 0.1311929 0.0582575 
S1370         0.3326019 0.5961162 0.8566540 0.2417419 0.2437998 0.2657391 0.1098263 0.0987751 0.0105253 0.2375113 0.1122342 0.2117224 0.0109220 0.0105196 0.0000010 0.1791717 0.2570223 0.1881971 0.1547837 0.0105253 0.1144584 0.1002598 0.1401533 0.1897360 0.2543088 0.1324073 0.0212604 0.0109219 0.0000010 0.1833431 0.1742487 0.1417085 0.1584842 0.1891397 0.1553028 0.1623457 0.1614500 0.1919931 0.0969882 0.1872222 0.0703319 0.1259188 0.1711570 0.1769979 0.0978082 0.1811281 0.1855449 0.0109027 0.0000000 0.0607578 0.1353508 0.2031440 0.2037042 0.0562265 0.1535727 0.0000024 0.1570578 0.0813736 
S1375         0.2446106 0.5126912 0.6080808 0.1850535 0.1845262 0.2790375 0.0881300 0.0621582 0.0475601 0.1629752 0.0753712 0.1498990 0.0489308 0.0607578 0.0000010 0.1199399 0.1610468 0.1483664 0.0596343 0.0475601 0.0767648 0.0631431 0.1026260 0.1330350 0.1722675 0.0941668 0.0601122 0.0495958 0.0000010 0.1415981 0.1536980 0.1194949 0.1194949 0.1198043 0.1169114 0.1190329 0.1216865 0.1515565 0.0742520 0.1323188 0.0483682 0.0887594 0.1323954 0.1369257 0.0615886 0.1430403 0.1615435 0.0488329 0.0607578 0.0000000 0.0953549 0.1795005 0.1634165 0.0347612 0.1167317 0.0508439 0.1194949 0.0469177 
S1405         0.4421891 0.6042761 0.7565287 0.1747182 0.1851469 0.2639948 0.1318462 0.0618103 0.1187736 0.1677409 0.0749578 0.1418664 0.1087427 0.1203014 1.1388323 0.1257032 0.1863108 0.1066870 0.1210134 0.1187736 0.0349151 0.0495716 0.0763870 0.1022695 0.1802053 0.0968038 0.1335767 0.1244445 1.1388323 0.0976364 0.1097006 0.1085471 0.0931706 0.1244331 0.0493462 0.0722502 0.0948528 0.1242684 0.1353302 0.1206210 0.1362272 0.0614535 0.1051022 0.0781421 0.0483707 0.0963718 0.1866584 0.1241576 0.1353508 0.0953549 0.0000000 0.1677409 0.1682065 0.1170091 0.1211414 0.1299433 0.1240996 0.1020661 
S1422         0.4647279 0.5347947 0.6355971 0.1814016 0.2201935 0.3396887 0.2351558 0.1777350 0.1846166 0.0429932 0.1917321 0.2054563 0.1765877 0.2205525 0.0000010 0.1669555 0.2370133 0.1945894 0.2370983 0.1846166 0.1925395 0.1503553 0.1985368 0.1589643 0.2301217 0.1708145 0.2002289 0.1934614 0.0000010 0.1219146 0.2014391 0.1608935 0.1458785 0.1761863 0.1629573 0.0884224 0.1428179 0.1758088 0.2354870 0.0319172 0.2377579 0.1758499 0.1961490 0.2399771 0.1467214 0.2047346 0.1336376 0.1930111 0.2031440 0.1795005 0.1677409 0.0000000 0.0210206 0.2134531 0.1612864 0.2020051 0.1757497 0.1801955 
S1449         0.4014615 0.4867407 0.5791254 0.1818672 0.2208009 0.3407535 0.2358194 0.1781835 0.1851079 0.0210206 0.1922192 0.2060155 0.1770717 0.2211739 0.0000010 0.1673809 0.2376704 0.1950934 0.2377646 0.1851079 0.1930692 0.1507263 0.1990544 0.1593805 0.2307417 0.1712583 0.2007713 0.1940033 0.0000010 0.1222035 0.2019821 0.1612864 0.1462263 0.1766251 0.1633632 0.0886366 0.1431816 0.1762444 0.2361442 0.0319803 0.2384314 0.1762871 0.1966523 0.2406468 0.1470744 0.2052947 0.1067228 0.1935504 0.2037042 0.1634165 0.1682065 0.0210206 0.0000000 0.2140283 0.1616813 0.1847960 0.1761863 0.1806594 
S1460         0.3376617 0.5896663 0.7242154 0.2173822 0.1497324 0.2748418 0.0448083 0.0834067 0.0440870 0.2134531 0.0962297 0.1274309 0.0338814 0.0685089 0.0000010 0.0998478 0.1634593 0.1674942 0.0824750 0.0440870 0.0980035 0.0846366 0.1227002 0.1353083 0.1612690 0.0603134 0.0556768 0.0338823 0.0000010 0.1310105 0.1732935 0.1239757 0.1110536 0.1104715 0.1367772 0.1410607 0.1129385 0.1405709 0.0819991 0.1665834 0.0107949 0.1092249 0.1517697 0.1567124 0.0826432 0.1478521 0.1802498 0.0338200 0.0562265 0.0347612 0.1170091 0.2134531 0.2140283 0.0000000 0.1078351 0.0475052 0.0834275 0.0213951 
S1462         0.3399902 0.4483889 0.5413802 0.1084058 0.0976806 0.2635334 0.1524348 0.1075224 0.1374273 0.1612864 0.0939872 0.0835505 0.1284914 0.1391411 0.0000010 0.0586158 0.1258433 0.1219524 0.1567422 0.1374273 0.1158521 0.0825987 0.1087135 0.0729650 0.0967341 0.0342064 0.1516241 0.1436181 0.0000010 0.0835701 0.1435658 0.0439017 0.0803641 0.0800075 0.0942826 0.0757449 0.0863978 0.1067038 0.1557240 0.1196088 0.1251251 0.0808258 0.1368345 0.1412147 0.0806984 0.1160598 0.1324188 0.1282163 0.1535727 0.1167317 0.1211414 0.1612864 0.1616813 0.1078351 0.0000000 0.1495806 0.0556211 0.1086413 
S_670         0.2969513 0.5060236 0.8065766 0.2430129 0.2453314 0.2686584 0.1035278 0.0917005 0.0000024 0.2196705 0.1059124 0.2110942 0.0000022 0.0112524 0.0000010 0.1765069 0.2593762 0.1861499 0.1508603 0.0000024 0.1081125 0.0931762 0.1353915 0.1876116 0.2564880 0.1269671 0.0111988 0.0000020 0.0000010 0.1632733 0.1713167 0.1369764 0.1546611 0.1871600 0.1513423 0.1582991 0.1412972 0.1730390 0.0760986 0.1851151 0.0620403 0.1203599 0.1681365 0.1742372 0.0907622 0.1785365 0.1504742 0.0000020 0.0000024 0.0508439 0.1299433 0.2020051 0.1847960 0.0475052 0.1495806 0.0000000 0.1531953 0.0737723 
SRR11470320   0.3106426 0.4712574 0.5692386 0.1499267 0.0841518 0.2815584 0.1262541 0.1098797 0.1405072 0.1757497 0.1231344 0.0706016 0.1314807 0.1423031 0.0000010 0.0462411 0.0846859 0.1536813 0.1298535 0.1405072 0.1185740 0.0844301 0.1222170 0.0599533 0.0580245 0.0111284 0.1550173 0.1314808 0.0000010 0.0582074 0.1785636 0.0555382 0.0441858 0.0214689 0.1237509 0.0491258 0.0592072 0.0684275 0.1592827 0.1331530 0.0995649 0.1089038 0.1510524 0.1559295 0.0824495 0.1493637 0.1460834 0.1311929 0.1570578 0.1194949 0.1240996 0.1757497 0.1761863 0.0834275 0.0556211 0.1531953 0.0000000 0.0840135 
SRR8528357    0.3755970 0.6443701 0.7943330 0.2196491 0.1653831 0.3039698 0.0562969 0.0829926 0.0682946 0.1801955 0.0957295 0.1284894 0.0583695 0.0944643 0.0000010 0.1006117 0.1650101 0.1369233 0.0571413 0.0682946 0.0842280 0.0585730 0.1219995 0.1365209 0.1296858 0.0607189 0.0805212 0.0583695 0.0000010 0.1011876 0.1600919 0.1249657 0.0835924 0.1113203 0.1081857 0.1087108 0.0849404 0.1112144 0.0816017 0.1361105 0.0333960 0.0823174 0.1508040 0.1556703 0.0572328 0.1317495 0.1819228 0.0582575 0.0813736 0.0469177 0.1020661 0.1801955 0.1806594 0.0213951 0.1086413 0.0737723 0.0840135 0.0000000 
