130
CRNC          0.0000000 0.2853967 0.3613047 0.5071294 0.4985842 0.5733315 0.4836657 0.5634561 0.5497658 0.6085056 0.5437431 0.5914999 0.5840787 0.5589929 0.6377187 0.5597377 0.5797583 0.6631597 0.5562814 0.5724507 0.6097990 0.5805055 0.5779107 0.5787447 0.5804409 0.5558417 0.5701979 0.5916329 0.5558310 0.5391995 0.5986636 0.5930318 0.6019019 0.5535230 0.6016202 0.6736234 0.5719330 0.5421961 0.6331608 0.5667571 0.6210375 0.5317898 0.5074155 0.5846881 0.5818212 0.5011949 0.5769548 0.6354973 0.5939356 0.5817737 0.4978543 0.5847132 0.5649444 0.5387144 0.5872310 0.5519529 0.5527767 0.5297299 0.5151751 0.5660480 0.5909789 0.5236674 0.5361878 0.5395296 0.5374561 0.6119844 0.5742568 0.6993074 0.5844970 0.6185774 0.5514281 0.6273787 0.5850473 0.5577585 0.6174396 0.5616521 0.5878962 0.6317060 0.5353904 0.6632798 0.5135749 0.5693040 0.5907162 0.5397924 0.6611852 0.5997519 0.6720537 0.5747549 0.6114095 0.5430560 0.4582075 0.4718878 0.5217089 0.5705119 0.5385204 0.5865940 0.5512600 0.6109406 0.6292205 0.5487658 0.5774126 0.5905203 0.5505147 0.5893695 0.5456342 0.5930251 0.5970673 0.5799186 0.5723960 0.5562050 0.5474750 0.5760459 0.5936040 0.5231232 0.6271404 0.7153865 0.5305983 0.5736769 0.5485370 0.5106642 0.6165257 0.5706467 0.5785814 0.5861381 0.5386351 0.5164586 0.7726136 0.5397239 0.5506599 0.6008813 
HYZL          0.2853967 0.0000000 0.1984100 0.4630885 0.5404743 0.4706406 0.4431765 0.5283319 0.5114479 0.5755535 0.5174984 0.5005217 0.5983079 0.5187853 0.5018684 0.4936291 0.5455403 0.6513629 0.5475770 0.5185797 0.6046836 0.5030226 0.4558369 0.4941802 0.4762914 0.4786619 0.6176226 0.5337583 0.5607858 0.5046338 0.5260272 0.5358266 0.5792399 0.5854913 0.5511263 0.5925135 0.5308258 0.5404413 0.5367698 0.4828572 0.5888184 0.5527127 0.5479334 0.4858668 0.4738438 0.4839013 0.5439680 0.6342434 0.5510374 0.5485120 0.4008358 0.5017675 0.5019512 0.5041690 0.4820124 0.5036316 0.5286055 0.5147623 0.5162167 0.5573196 0.5387845 0.5328466 0.5404054 0.5149747 0.5323775 0.5379563 0.5332924 0.6258864 0.5469203 0.5635246 0.5446717 0.6369382 0.4991744 0.4980886 0.5945355 0.5335101 0.5661271 0.6377641 0.5269283 0.6620939 0.5217851 0.5244870 0.5527016 0.4873354 0.5672250 0.5308003 0.6803390 0.4786720 0.5518402 0.5161165 0.4374840 0.4646874 0.5223955 0.5501136 0.5506833 0.5423907 0.5028768 0.5802342 0.5971022 0.4727210 0.5382900 0.4557896 0.5099869 0.4856844 0.4559664 0.5169685 0.5168549 0.5141938 0.5381890 0.5170927 0.5037654 0.5923257 0.5165328 0.4844529 0.5760595 0.6308479 0.5467630 0.4784297 0.5329598 0.4591504 0.5091982 0.5715118 0.5076554 0.4774882 0.5292256 0.5044256 0.4958116 0.4732516 0.5065922 0.5084546 
MYZV          0.3613047 0.1984100 0.0000000 0.5476498 0.5693545 0.6066081 0.5096230 0.5929426 0.5547160 0.6126823 0.5601018 0.6072060 0.6222903 0.6204875 0.5871925 0.5654657 0.5848909 0.7435452 0.5901576 0.6637815 0.6528003 0.6066080 0.6060947 0.5921874 0.5947954 0.5776641 0.6871627 0.6023193 0.6113042 0.5758724 0.5899977 0.6042915 0.6795753 0.6560993 0.6454670 0.6924575 0.5670970 0.5664286 0.6425734 0.6025803 0.6187781 0.6192807 0.5794173 0.6038596 0.6153497 0.5701941 0.6550033 0.6717502 0.6022772 0.6589301 0.5083115 0.6232202 0.5849968 0.5753691 0.5891930 0.5748722 0.6027835 0.5569065 0.5865169 0.6166391 0.6601245 0.5986983 0.6199349 0.6059880 0.6230725 0.6365255 0.6037642 0.7213821 0.6564335 0.6425113 0.5874795 0.6948040 0.5785294 0.5831474 0.6005999 0.5643688 0.5913541 0.6512245 0.5818573 0.7056676 0.5928692 0.5948288 0.6264215 0.5775361 0.6492488 0.6225232 0.7231398 0.5889492 0.6375869 0.6067955 0.5015728 0.5137981 0.5620827 0.6455862 0.6245498 0.5837398 0.5479673 0.6898243 0.7069565 0.5901325 0.6515008 0.5838332 0.5772418 0.5971493 0.5477295 0.5922229 0.5887812 0.6123207 0.6068709 0.5932731 0.6076583 0.6173856 0.6108907 0.5596990 0.6199946 0.6872349 0.5714066 0.5879111 0.5990379 0.5583015 0.6116426 0.6288789 0.6102885 0.6200586 0.5774909 0.5945056 0.6633564 0.5872758 0.6045597 0.5893689 
SRR6441723    0.5071294 0.4630885 0.5476498 0.0000000 0.0609526 0.0997390 0.2657298 0.0809544 0.0958409 0.1666810 0.1346988 0.0813106 0.1706192 0.0471009 0.0691224 0.1229667 0.1639393 0.1741118 0.1480434 0.1382837 0.1396211 0.0568754 0.0741750 0.0991775 0.0794643 0.0848573 0.1476563 0.0854942 0.1361220 0.1066798 0.0961254 0.1544876 0.1621557 0.1320865 0.0919544 0.1124262 0.1449997 0.1242741 0.0988242 0.0794273 0.1586944 0.1087938 0.1317019 0.1000669 0.0764051 0.1324016 0.1527148 0.2243897 0.0924531 0.1573969 0.0905120 0.1025019 0.0730285 0.1067289 0.0854904 0.1099607 0.1103861 0.0730442 0.1433614 0.1062616 0.1441343 0.0982662 0.1258452 0.0543332 0.1228637 0.0896769 0.0673982 0.1101758 0.0923858 0.1369337 0.1431912 0.2165500 0.0867083 0.1222336 0.1508479 0.0685662 0.0893859 0.1916612 0.1113768 0.2189699 0.1006359 0.0723916 0.0539319 0.1176074 0.0932893 0.0704765 0.2167498 0.0789460 0.0934431 0.0489544 0.0577377 0.0817245 0.1047375 0.1477655 0.1147437 0.1461805 0.1251571 0.1677925 0.1704046 0.0878133 0.1398057 0.0821148 0.0404445 0.0844824 0.0673790 0.0891919 0.0551237 0.0786017 0.1438507 0.0418907 0.0451450 0.1437064 0.1022567 0.1046494 0.1453205 0.1882300 0.1084978 0.0796945 0.1446355 0.0157610 0.0904681 0.1314456 0.0812947 0.0893877 0.1146639 0.0543756 0.1579118 0.0859086 0.0213008 0.0763846 
ERR4210213    0.4985842 0.5404743 0.5693545 0.0609526 0.0000000 0.0612591 0.2569705 0.0823795 0.0771923 0.1666958 0.1232011 0.0612591 0.2438518 0.0525189 0.0637057 0.1160637 0.3439816 0.1813372 0.2102157 0.1256466 0.1680364 0.0508344 0.0506677 0.0812308 0.0612591 0.0822541 0.1381086 0.0720214 0.1274053 0.1242135 0.0423838 0.1605451 0.1960414 0.1572858 0.0710310 0.0713541 0.1140586 0.1544031 0.0929838 0.0722554 0.1687619 0.1303156 0.1827474 0.0000010 0.0612591 0.1384151 0.1834566 0.2758226 0.0621658 0.1667872 0.1032838 0.0941655 0.0614742 0.1133468 0.0612591 0.1145956 0.1239973 0.0425294 0.1384140 0.1278355 0.1138675 0.1421331 0.1568550 0.0335344 0.1180035 0.0823618 0.0521916 0.0712538 0.0705420 0.2209593 0.1359495 0.2764551 0.0637079 0.1130579 0.1136598 0.0630935 0.1093660 0.2024567 0.1327420 0.2610208 0.0938460 0.0624050 0.0821018 0.1120533 0.0715667 0.0716134 0.2822334 0.0612591 0.0821938 0.0424674 0.0371696 0.1180912 0.1194472 0.1547650 0.1320759 0.1636122 0.0721242 0.1728434 0.1695200 0.0612591 0.1138675 0.0613322 0.0523726 0.0612591 0.0709062 0.0909933 0.0544257 0.0937446 0.1476978 0.0423968 0.0525189 0.1839777 0.1032304 0.1047927 0.1563484 0.0730464 0.1287637 0.0617708 0.1359495 0.0608503 0.1147849 0.1331552 0.0709062 0.0715071 0.0000010 0.0246130 0.0000010 0.1118606 1.1128265 0.0923961 
ERR2789774    0.5733315 0.4706406 0.6066081 0.0997390 0.0612591 0.0000000 0.2580650 0.0763622 0.1096371 0.2104491 0.1764314 0.0342316 0.2184763 0.0858222 0.0185814 0.0540570 0.2137244 0.2052042 0.1983463 0.1595056 0.1627682 0.0935655 0.0981528 0.0781525 0.0247228 0.0295767 0.1920284 0.0822126 0.1753873 0.1437740 0.0757798 0.1907755 0.1834230 0.1624157 0.1238399 0.0947144 0.1738290 0.1617635 0.0653610 0.0295796 0.2021153 0.1551294 0.1811707 0.0756535 0.0299931 0.1578258 0.1734185 0.2475229 0.0744007 0.1848885 0.1211437 0.0628361 0.1089193 0.1438485 0.0343092 0.1410741 0.1481537 0.0991067 0.1686895 0.1430676 0.1633201 0.1533104 0.1668614 0.0854130 0.1422243 0.1187100 0.0958678 0.1517864 0.1143857 0.0830475 0.1817341 0.2271151 0.1260970 0.1313070 0.1693683 0.1092596 0.1394620 0.2488664 0.1424090 0.2895672 0.1229529 0.1019326 0.1087247 0.1263908 0.0738048 0.1015279 0.2962065 0.0294172 0.0677495 0.0850185 0.0954917 0.1203613 0.1413572 0.1679495 0.1517888 0.1855560 0.1636308 0.1885201 0.1923629 0.0367727 0.1522928 0.1080318 0.0942984 0.0294308 0.0256297 0.0765351 0.0969619 0.0819235 0.1661196 0.0826869 0.0804997 0.1972385 0.0788146 0.1418065 0.1833638 0.2091926 0.1548875 0.0247878 0.1807987 0.0921010 0.0734838 0.1751160 0.0517015 0.1113610 0.1632223 0.0856031 0.1478576 0.1092255 0.1125862 0.0624062 
PAFTOL_019361 0.4836657 0.4431765 0.5096230 0.2657298 0.2569705 0.2580650 0.0000000 0.2416062 0.2473271 0.4001548 0.3265079 0.2355955 0.4033546 0.2543437 0.1883312 0.2437938 0.3433549 0.3501545 0.3351757 0.3154639 0.3280932 0.2869831 0.2525235 0.2444038 0.2272290 0.2217672 0.3968549 0.2629597 0.3480056 0.2642193 0.2509509 0.3691988 0.3229483 0.3153355 0.2853443 0.2915008 0.3613265 0.3471957 0.2401202 0.2262549 0.3782170 0.2718832 0.3159949 0.1977743 0.2214041 0.3384990 0.3179006 0.3505634 0.2689734 0.3408545 0.3944959 0.2269515 0.2627674 0.2692102 0.2441610 0.2742441 0.2769393 0.2710995 0.3263713 0.2847574 0.3748668 0.3150587 0.2754830 0.2826947 0.2797918 0.2654200 0.2616437 0.3278002 0.3029089 0.2990490 0.3740945 0.3280600 0.2812385 0.3153881 0.3995737 0.2708117 0.3117741 0.3575061 0.2750607 0.3949087 0.2857206 0.2782020 0.3225142 0.3123334 0.2246381 0.2889996 0.4050982 0.2343586 0.2438945 0.2485880 0.2582089 0.2594625 0.2937617 0.3282649 0.2691959 0.3432681 0.3766367 0.3716406 0.3657607 0.2414829 0.3542742 0.2451098 0.2510492 0.2344732 0.2263910 0.2450357 0.2788383 0.2245361 0.3242058 0.2647229 0.2500725 0.3679087 0.2402622 0.2651844 0.3616580 0.4987761 0.3171880 0.2273682 0.3671971 0.2482431 0.2435455 0.2970947 0.2279435 0.2320731 0.3166703 0.2608114 0.3319664 0.3177749 0.2809596 0.2644991 
S0055         0.5634561 0.5283319 0.5929426 0.0809544 0.0823795 0.0763622 0.2416062 0.0000000 0.0791885 0.1823140 0.1457419 0.0540561 0.1842740 0.0756508 0.0263619 0.0778673 0.1597538 0.1882645 0.1693568 0.1190428 0.1467241 0.0816892 0.0844961 0.0650357 0.0571930 0.0622623 0.1963561 0.0723342 0.1552041 0.1192271 0.0653671 0.1739760 0.1448211 0.1325782 0.1041888 0.0903264 0.1563853 0.1305492 0.0725420 0.0571685 0.1739738 0.1312679 0.1502239 0.0650483 0.0550596 0.1439424 0.1357248 0.2137759 0.0713221 0.1464733 0.1191927 0.0732244 0.0896567 0.1192842 0.0679760 0.1166403 0.1231452 0.0922313 0.1441137 0.1287180 0.1318603 0.1373123 0.1491958 0.0648334 0.1117230 0.1030571 0.0888759 0.1289772 0.1046877 0.1072818 0.1438992 0.1986272 0.1050799 0.1075230 0.1525606 0.0962670 0.1157548 0.1999866 0.1207700 0.2317741 0.1186696 0.0883526 0.0926532 0.1031895 0.0648867 0.1005993 0.2380097 0.0568375 0.0591600 0.0861282 0.0728308 0.1085005 0.1258448 0.1311309 0.1371318 0.1708039 0.1275687 0.1468849 0.1526148 0.0649874 0.1309308 0.1081580 0.0775747 0.0568636 0.0507609 0.0512934 0.0731688 0.0700866 0.1324856 0.0705259 0.0684702 0.1724912 0.0730524 0.1114030 0.1617640 0.1957390 0.1414827 0.0573519 0.1391956 0.0765068 0.0648010 0.1514095 0.0490311 0.0988309 0.1127032 0.0597621 0.1297482 0.1251549 0.0828714 0.0615605 
S0196sl       0.5497658 0.5114479 0.5547160 0.0958409 0.0771923 0.1096371 0.2473271 0.0791885 0.0000000 0.1290110 0.0780438 0.0908866 0.1379182 0.1019307 0.0873403 0.0958842 0.1240499 0.1101325 0.1342165 0.0967461 0.1304341 0.1217499 0.1171537 0.0881430 0.0955238 0.1040671 0.1188430 0.0753936 0.1069012 0.0031491 0.1067038 0.1246876 0.0997027 0.1164682 0.1288476 0.1334927 0.0808011 0.0990765 0.0999707 0.0958561 0.1491096 0.0959886 0.1010491 0.1175315 0.0947366 0.0667117 0.0968739 0.2108555 0.1005860 0.0953829 0.0619753 0.1332203 0.1090152 0.0031504 0.1051455 0.0031622 0.0031505 0.0925966 0.0674135 0.0886362 0.0985685 0.1002720 0.1065974 0.1038228 0.0800187 0.1095539 0.1211043 0.1924479 0.1295336 0.1033793 0.0833661 0.2077482 0.0992008 0.0722637 0.1044026 0.1180937 0.1376907 0.2126850 0.0000022 0.3000634 0.0748653 0.1346410 0.1035682 0.0758789 0.1102927 0.1132511 0.2732607 0.0873242 0.0997211 0.1025171 0.0711529 0.0624553 0.0877559 0.0872438 0.0881429 0.1358919 0.0805937 0.1019664 0.1101617 0.1087349 0.0900846 0.1363482 0.1021590 0.0996180 0.0862535 0.0873191 0.1091981 0.0916851 0.0985249 0.1042790 0.1029362 0.1261104 0.1007205 0.0000027 0.1319433 0.0886426 0.0819841 0.0962659 0.0779604 0.0926613 0.0964160 0.0996340 0.0869817 0.1345716 0.0793170 0.0994064 0.1156133 0.0281275 0.1002089 0.0551114 
S0278         0.6085056 0.5755535 0.6126823 0.1666810 0.1666958 0.2104491 0.4001548 0.1823140 0.1290110 0.0000000 0.1525031 0.1820415 0.0551713 0.1776614 0.1571764 0.1966675 0.0708350 0.1947283 0.0649722 0.2073231 0.0920339 0.2025851 0.2041062 0.1769044 0.1878937 0.1946240 0.0805600 0.1947276 0.0626321 0.1370096 0.1881140 0.0686589 0.2270073 0.1100453 0.2197025 0.2177151 0.1617297 0.0392417 0.1971872 0.1877709 0.0546204 0.1019432 0.1107540 0.2167304 0.1742379 0.1404157 0.2127601 0.2261929 0.2116068 0.2247130 0.2199976 0.2012173 0.1794192 0.1370779 0.2001936 0.1343886 0.1377836 0.1750659 0.1318375 0.0906143 0.1507838 0.1045492 0.1033707 0.1871455 0.1721854 0.1814482 0.1814505 0.2542277 0.2134762 0.2049262 0.1411444 0.2165181 0.1857708 0.1474704 0.1763881 0.1870112 0.2203764 0.2163211 0.1393189 0.2642460 0.1023841 0.1716901 0.2007380 0.1421713 0.1961978 0.1862425 0.2693383 0.1864708 0.1833572 0.1748983 0.0736862 0.0765991 0.0935007 0.2099406 0.0876910 0.0399242 0.1367561 0.2234867 0.2369784 0.1985995 0.1401484 0.2414551 0.1822830 0.1798894 0.1582960 0.1967604 0.1687743 0.1736416 0.0761275 0.1736839 0.1767969 0.0509419 0.1809014 0.1411239 0.0535378 0.2263555 0.0983349 0.1885054 0.1408230 0.1677126 0.1669623 0.1087794 0.1719778 0.2285918 0.1034457 0.1873619 0.1745398 0.1331861 0.1856463 0.1550793 
S0281         0.5437431 0.5174984 0.5601018 0.1346988 0.1232011 0.1764314 0.3265079 0.1457419 0.0780438 0.1525031 0.0000000 0.1522762 0.1486991 0.1563456 0.1258570 0.1455068 0.1563690 0.1480568 0.1405617 0.1542931 0.1568761 0.1728888 0.1645346 0.1378610 0.1574947 0.1638861 0.1767469 0.1647449 0.1414095 0.0870293 0.1687490 0.1737238 0.1625561 0.1479200 0.2009563 0.1819867 0.1412854 0.1196159 0.1474391 0.1573985 0.1546690 0.1613630 0.1598923 0.1761729 0.1606416 0.0660644 0.1530876 0.2479112 0.1885850 0.1641194 0.1635340 0.1654818 0.1754558 0.0870670 0.1620979 0.0901144 0.0904536 0.1619736 0.0693348 0.1485911 0.1483944 0.1445887 0.1639087 0.1377284 0.1370496 0.1860781 0.1788233 0.2063477 0.1987779 0.1686120 0.0522778 0.2501521 0.1719916 0.1295389 0.1384717 0.1778612 0.2103539 0.2438498 0.0912507 0.2777251 0.1481800 0.1760400 0.1618109 0.1247186 0.1715117 0.1662226 0.2764185 0.1497905 0.1656105 0.1529086 0.1031954 0.1120449 0.1300265 0.1481202 0.1447293 0.1417155 0.1130098 0.1703325 0.1708334 0.1675939 0.1349406 0.1867274 0.1451153 0.1564043 0.1312527 0.1459090 0.1579238 0.1532254 0.1261456 0.1540969 0.1618650 0.1527757 0.1667756 0.0904259 0.1568685 0.1406869 0.1470120 0.1579946 0.0467739 0.1397615 0.1602983 0.1903181 0.1488022 0.1906010 0.1550024 0.1505453 0.1473791 0.0875280 0.1636064 0.1304581 
S0282         0.5914999 0.5005217 0.6072060 0.0813106 0.0612591 0.0342316 0.2355955 0.0540561 0.0908866 0.1820415 0.1522762 0.0000000 0.1930304 0.0733697 0.0109958 0.0511941 0.1804095 0.1721210 0.1690208 0.1263666 0.1485867 0.0755509 0.0710529 0.0590558 0.0132060 0.0176896 0.1762556 0.0580269 0.1491827 0.1102897 0.0545095 0.1639594 0.1522460 0.1353558 0.0928370 0.0654812 0.1511253 0.1351075 0.0467297 0.0132017 0.1771616 0.1242177 0.1477584 0.0568684 0.0170134 0.1396474 0.1429666 0.2181647 0.0522888 0.1538665 0.1296225 0.0443232 0.0785930 0.1103413 0.0223927 0.1077254 0.1140743 0.0865043 0.1432754 0.1192837 0.1370622 0.1318500 0.1393761 0.0731275 0.1202016 0.0961605 0.0832299 0.1226825 0.0961200 0.0714053 0.1568025 0.2090605 0.1027156 0.1067337 0.1497306 0.0904132 0.1186356 0.2122877 0.1117048 0.2544336 0.1008319 0.0781582 0.0932632 0.1024434 0.0418083 0.0892903 0.2517658 0.0131320 0.0365838 0.0727101 0.0730139 0.1000106 0.1144107 0.1382042 0.1302071 0.1614430 0.1318019 0.1513997 0.1602660 0.0199966 0.1241121 0.1024982 0.0756283 0.0131380 0.0089767 0.0591911 0.0786753 0.0492119 0.1289068 0.0652146 0.0682495 0.1687553 0.0514369 0.1082562 0.1559699 0.1902814 0.1300204 0.0132402 0.1549114 0.0738797 0.0465019 0.1376187 0.0268217 0.0945537 0.1306073 0.0679448 0.1220398 0.1032860 0.0797494 0.0441077 
S0289         0.5840787 0.5983079 0.6222903 0.1706192 0.2438518 0.2184763 0.4033546 0.1842740 0.1379182 0.0551713 0.1486991 0.1930304 0.0000000 0.1818534 0.1634823 0.1922519 0.0650966 0.1778509 0.0662982 0.1897592 0.0973365 0.2069735 0.2044711 0.1879755 0.1992330 0.2062172 0.0766059 0.2001052 0.0630296 0.1327085 0.1957725 0.0894667 0.2039831 0.1089561 0.2286408 0.2210394 0.1417321 0.0394366 0.1964087 0.1990978 0.0551721 0.1062175 0.1044377 0.2200267 0.1856213 0.1265214 0.1970747 0.1990268 0.2282329 0.2124132 0.2358388 0.1965164 0.1906245 0.1327749 0.2046083 0.1300652 0.1334628 0.1935267 0.1180663 0.0916070 0.1468624 0.1037913 0.1045979 0.1892153 0.1654934 0.2102752 0.1890953 0.2622203 0.2172933 0.2084741 0.1267065 0.2006522 0.2085411 0.1435293 0.1592857 0.1948157 0.2252312 0.2076866 0.1349630 0.2612547 0.0975143 0.1706785 0.2055537 0.1350118 0.2044997 0.1966576 0.2438423 0.1904757 0.1883723 0.1875040 0.0799967 0.0746880 0.0947827 0.1944665 0.0916611 0.0559556 0.1342840 0.2093450 0.2208004 0.2103693 0.1392053 0.2257428 0.1857443 0.1908561 0.1687147 0.1994831 0.1787998 0.1882287 0.0875701 0.1880354 0.1843690 0.0622381 0.1881902 0.1368105 0.0571931 0.2256913 0.0941342 0.1999011 0.1264167 0.1717921 0.1835193 0.1182641 0.1741632 0.2262161 0.1015949 0.1894371 0.1658638 0.1377004 0.1701810 0.1671857 
S0292         0.5589929 0.5187853 0.6204875 0.0471009 0.0525189 0.0858222 0.2543437 0.0756508 0.1019307 0.1776614 0.1563456 0.0733697 0.1818534 0.0000000 0.0558106 0.1142509 0.1801081 0.1951165 0.1655076 0.1290293 0.1504756 0.0683412 0.0810669 0.0873704 0.0743248 0.0742945 0.1613281 0.0830571 0.1529535 0.1195564 0.0878732 0.1743665 0.1547531 0.1422458 0.0847053 0.0826759 0.1534249 0.1376359 0.0961161 0.0742904 0.1732939 0.1225419 0.1452734 0.0910134 0.0703531 0.1466667 0.1416182 0.2189606 0.0779992 0.1500590 0.1000161 0.0906040 0.0707363 0.1196139 0.0802723 0.1169628 0.1234897 0.0700925 0.1598167 0.1169778 0.1416824 0.1172499 0.1369878 0.0549774 0.1155895 0.0902717 0.0726989 0.1077727 0.0822884 0.1377306 0.1545393 0.2223931 0.0815246 0.1259432 0.1619011 0.0828249 0.1106540 0.1946000 0.1209471 0.2342278 0.1048522 0.0808678 0.0707420 0.1212162 0.0817383 0.0494983 0.2237590 0.0710110 0.0852189 0.0471002 0.0703481 0.0977237 0.1207796 0.1404420 0.1253377 0.1567426 0.1320512 0.1652292 0.1629378 0.0826037 0.1373733 0.0832479 0.0183185 0.0764529 0.0648151 0.0818961 0.0348498 0.0790579 0.1446232 0.0249395 0.0204101 0.1681756 0.0912677 0.1175451 0.1572891 0.2042667 0.1244052 0.0745393 0.1559100 0.0426577 0.0789974 0.1444047 0.0733558 0.0840671 0.1155810 0.0550209 0.1252958 0.1003040 0.0513163 0.0727811 
S0293         0.6377187 0.5018684 0.5871925 0.0691224 0.0637057 0.0185814 0.1883312 0.0263619 0.0873403 0.1571764 0.1258570 0.0109958 0.1634823 0.0558106 0.0000000 0.0221642 0.1591634 0.1587607 0.1706161 0.1115672 0.1378745 0.0641839 0.0687585 0.0550970 0.0072598 0.0146896 0.1508178 0.0624360 0.1374332 0.0919394 0.0430158 0.1446085 0.1444744 0.1314276 0.0645216 0.0695011 0.1261083 0.1176449 0.0302860 0.0072845 0.1674662 0.1034047 0.1399172 0.0372092 0.0109752 0.1275454 0.1294266 0.1961758 0.0434178 0.1338450 0.0475442 0.0343702 0.0696395 0.0920069 0.0185698 0.0924516 0.0827236 0.0686329 0.1341511 0.0897114 0.1166520 0.1191740 0.1110842 0.0468456 0.1038668 0.0824623 0.0595189 0.0637873 0.0645644 0.0269591 0.1337081 0.1608279 0.0983553 0.0905567 0.1395906 0.0885228 0.1038341 0.1617577 0.0841175 0.2116601 0.0888498 0.0684233 0.0650385 0.0948665 0.0346657 0.0681661 0.2049043 0.0072595 0.0224519 0.0595136 0.0430120 0.0884675 0.1038639 0.1285170 0.0978624 0.1452116 0.1074889 0.1395714 0.1477571 0.0185301 0.1166566 0.0647543 0.0566788 0.0109390 0.0037585 0.0428519 0.0593714 0.0344834 0.1126274 0.0513129 0.0567189 0.1341474 0.0305678 0.0884676 0.1549663 0.1238590 0.1116494 0.0073157 0.1307187 0.0660101 0.0265375 0.0942633 0.0109954 0.0621093 0.1192488 0.0426824 0.1221076 0.0841445 0.0643750 0.0360477 
S0294         0.5597377 0.4936291 0.5654657 0.1229667 0.1160637 0.0540570 0.2437938 0.0778673 0.0958842 0.1966675 0.1455068 0.0511941 0.1922519 0.1142509 0.0221642 0.0000000 0.1713025 0.1807997 0.1768711 0.1455441 0.1645695 0.1201574 0.1149672 0.0838387 0.0412444 0.0461066 0.2391998 0.0836437 0.1618271 0.1276211 0.0962740 0.1770535 0.1735181 0.1468244 0.1420949 0.1150102 0.1766014 0.1334161 0.0593814 0.0464037 0.1883837 0.1521477 0.1646678 0.0792747 0.0458881 0.1317665 0.1638198 0.2290276 0.0905651 0.1750239 0.1794127 0.0650985 0.1170599 0.1337397 0.0513143 0.1310097 0.1378750 0.1105585 0.1282395 0.1432355 0.1525234 0.1574839 0.1722735 0.1115680 0.1411915 0.1178688 0.1097759 0.1639403 0.1369829 0.0479898 0.1490370 0.2171070 0.1386198 0.1239390 0.1655939 0.1231982 0.1444188 0.2323505 0.1283241 0.2672659 0.1365044 0.1121001 0.1293218 0.1192161 0.0707546 0.1072836 0.2735418 0.0461428 0.0619026 0.1189135 0.0955207 0.1173187 0.1421239 0.1586169 0.1360708 0.1753595 0.1564535 0.1726814 0.1820966 0.0539069 0.1388673 0.1324718 0.1113395 0.0413345 0.0452733 0.0887312 0.1107153 0.0728682 0.1388689 0.1050903 0.1029556 0.1799243 0.0734539 0.1316800 0.1732150 0.1925288 0.1519101 0.0413548 0.1425951 0.1151131 0.0782120 0.1600367 0.0541402 0.1364176 0.1289700 0.1118323 0.1143081 0.1355238 0.1275918 0.0687948 
S0299         0.5797583 0.5455403 0.5848909 0.1639393 0.3439816 0.2137244 0.3433549 0.1597538 0.1240499 0.0708350 0.1563690 0.1804095 0.0650966 0.1801081 0.1591634 0.1713025 0.0000000 0.1799649 0.0640996 0.1839638 0.0911302 0.2025698 0.1860900 0.1712473 0.1872307 0.1903875 0.1076611 0.1936256 0.0709433 0.1291166 0.1810195 0.0885170 0.1904946 0.0951034 0.2262541 0.2218532 0.1685921 0.0436809 0.1999024 0.1865017 0.0530101 0.1086896 0.0894633 0.1981205 0.1806616 0.1249342 0.1823711 0.2240914 0.2273898 0.1973563 0.2931061 0.1982106 0.1943426 0.1327131 0.2056225 0.1220127 0.1374635 0.1816501 0.1186718 0.0988401 0.1568262 0.1029777 0.1138246 0.1877541 0.1678951 0.2049757 0.2004885 0.2784359 0.2230836 0.1865248 0.1417174 0.2174015 0.1979021 0.1529904 0.1695031 0.1781620 0.2008190 0.2286458 0.1366669 0.2669732 0.0986206 0.1945876 0.2004135 0.1427694 0.1930870 0.1902730 0.2596253 0.1855727 0.1623566 0.1794545 0.0733472 0.0729770 0.1000597 0.1848204 0.0979474 0.0596086 0.1506232 0.2051174 0.2096076 0.1997772 0.1476873 0.2106110 0.1816107 0.1778881 0.1527039 0.1767062 0.1762322 0.1708550 0.0928734 0.1760832 0.1835011 0.0581846 0.1496743 0.1365052 0.0684577 0.2634640 0.1052379 0.1873414 0.1413356 0.1616744 0.1618225 0.1168590 0.1482914 0.2010286 0.0914557 0.1880096 0.2017659 0.1318683 0.1550612 0.1765128 
S0308         0.6631597 0.6513629 0.7435452 0.1741118 0.1813372 0.2052042 0.3501545 0.1882645 0.1101325 0.1947283 0.1480568 0.1721210 0.1778509 0.1951165 0.1587607 0.1807997 0.1799649 0.0000000 0.1848452 0.1473723 0.1957157 0.1986074 0.1911437 0.1833274 0.1739071 0.1845630 0.2063546 0.1832710 0.1754464 0.1329065 0.2013743 0.1978187 0.1571081 0.1757619 0.2035990 0.2197825 0.1366197 0.1608960 0.1634811 0.1776042 0.1803724 0.1698687 0.1945435 0.1936407 0.1813238 0.1474109 0.1473324 0.2591596 0.2122181 0.1522273 0.2130864 0.1737867 0.1998400 0.1329758 0.1789327 0.1366702 0.1326212 0.1834079 0.1398959 0.1645202 0.1494114 0.1740448 0.1738957 0.1977110 0.1450112 0.2187074 0.2037847 0.2705668 0.2050025 0.2205715 0.1634590 0.2680110 0.2113992 0.1314195 0.1489146 0.1949322 0.2340626 0.2537643 0.1385912 0.3036386 0.1638022 0.1895394 0.2048998 0.1261495 0.1751699 0.2086971 0.2963259 0.1728121 0.1780861 0.1896994 0.1307320 0.1389546 0.1544138 0.1422714 0.1562584 0.1857697 0.1235954 0.1648754 0.1586241 0.1885823 0.1489232 0.2049006 0.1826723 0.1799686 0.1532634 0.1834579 0.1893770 0.1783420 0.1573328 0.1975108 0.1752881 0.1640877 0.1809780 0.1371904 0.1778212 0.2612122 0.1725890 0.1709395 0.1651146 0.1731911 0.1706695 0.1678564 0.1619010 0.2231608 0.1749363 0.2091856 0.2011632 0.1150710 0.1934696 0.1626422 
S0320         0.5562814 0.5475770 0.5901576 0.1480434 0.2102157 0.1983463 0.3351757 0.1693568 0.1342165 0.0649722 0.1405617 0.1690208 0.0662982 0.1655076 0.1706161 0.1768711 0.0640996 0.1848452 0.0000000 0.1760238 0.0847244 0.1842096 0.1837977 0.1707101 0.1747875 0.1815987 0.0751539 0.1841406 0.0518090 0.1304070 0.1830850 0.0670713 0.1954723 0.0880429 0.1969162 0.1964093 0.1668319 0.0459763 0.1916848 0.1746714 0.0681369 0.0852071 0.0937358 0.1994765 0.1716004 0.1181079 0.1884954 0.2002643 0.2039732 0.1969100 0.2255210 0.1850540 0.1636142 0.1304734 0.1871168 0.1340767 0.1346350 0.1599344 0.1151770 0.0743741 0.1544036 0.0946830 0.0866746 0.1653811 0.1555368 0.1870533 0.1592144 0.2390532 0.1951795 0.1895649 0.1308160 0.2073452 0.1769502 0.1469742 0.1712567 0.1674805 0.1958350 0.2059774 0.1355633 0.2508754 0.0917467 0.1597554 0.1793020 0.1422879 0.1753594 0.1671069 0.2458221 0.1734346 0.1777836 0.1557901 0.0703019 0.0683509 0.0946437 0.1824360 0.0686152 0.0579827 0.1469740 0.1852471 0.2123819 0.1855942 0.1466118 0.2100399 0.1666594 0.1667743 0.1446937 0.1740841 0.1564263 0.1572820 0.0784306 0.1620452 0.1682261 0.0536139 0.1684223 0.1306942 0.0482900 0.2034434 0.0908371 0.1753703 0.1276866 0.1491855 0.1707435 0.0883080 0.1615750 0.1928528 0.0849402 0.1690729 0.1879239 0.1113174 0.1430280 0.1672165 
S0322         0.5724507 0.5185797 0.6637815 0.1382837 0.1256466 0.1595056 0.3154639 0.1190428 0.0967461 0.2073231 0.1542931 0.1263666 0.1897592 0.1290293 0.1115672 0.1455441 0.1839638 0.1473723 0.1760238 0.0000000 0.1641744 0.1384734 0.1525413 0.1406296 0.1316837 0.1346466 0.2200075 0.1332306 0.1598017 0.1139232 0.1412357 0.1803018 0.0155332 0.1334543 0.1467604 0.1740405 0.1125944 0.1546020 0.1359468 0.1312197 0.1837207 0.1414014 0.1648420 0.1296512 0.1307208 0.1445534 0.0076962 0.2314378 0.1583656 0.0180853 0.1981817 0.1404560 0.1240536 0.1173789 0.1399124 0.1208608 0.1218359 0.1391874 0.1420739 0.1327950 0.1205166 0.1455212 0.1523400 0.1311790 0.0738293 0.1624272 0.1485484 0.2089994 0.1439811 0.1900001 0.1487824 0.2435327 0.1594815 0.1130285 0.1225758 0.1430979 0.1597899 0.2625884 0.1211453 0.3045723 0.1291824 0.1263554 0.1542346 0.1045509 0.1401504 0.1495533 0.2908697 0.1235697 0.1292684 0.1300328 0.1239659 0.1126553 0.1367642 0.0180508 0.1413945 0.1871733 0.0919821 0.0383315 0.0293168 0.1425829 0.1195501 0.1677287 0.1362164 0.1306820 0.1207435 0.1299585 0.1315982 0.1278767 0.1296652 0.1431527 0.1226334 0.1789282 0.1379083 0.1142486 0.1741354 0.2721091 0.1557824 0.1317618 0.1432471 0.1325581 0.1354226 0.1402434 0.1193852 0.1638073 0.1325140 0.1176459 0.1631425 0.1260267 0.1293053 0.1123970 
S0327         0.6097990 0.6046836 0.6528003 0.1396211 0.1680364 0.1627682 0.3280932 0.1467241 0.1304341 0.0920339 0.1568761 0.1485867 0.0973365 0.1504756 0.1378745 0.1645695 0.0911302 0.1957157 0.0847244 0.1641744 0.0000000 0.1559015 0.1692239 0.1415447 0.1460043 0.1556750 0.0903328 0.1719375 0.0648929 0.1317944 0.1476431 0.0642083 0.1795429 0.0645409 0.1763616 0.1846518 0.1513347 0.0742275 0.1754778 0.1493460 0.0849102 0.0732132 0.1067841 0.1621651 0.1417045 0.1344857 0.1729831 0.2327958 0.1760187 0.1877412 0.1927774 0.1790308 0.1611671 0.1318598 0.1600595 0.1353687 0.1325382 0.1476704 0.1410512 0.0684007 0.1614110 0.0985713 0.0817756 0.1486953 0.1418884 0.1765281 0.1568468 0.2144498 0.1704225 0.1813602 0.1453808 0.2207431 0.1473304 0.1649740 0.1694390 0.1516937 0.1790529 0.2322192 0.1371786 0.2893670 0.0735745 0.1536915 0.1557804 0.1526854 0.1626228 0.1578521 0.2780114 0.1483548 0.1601097 0.1413764 0.0671747 0.0770114 0.0935217 0.1773566 0.0734194 0.0968873 0.1404541 0.1892793 0.1952792 0.1592762 0.1566095 0.1820521 0.1440776 0.1422435 0.1249219 0.1597641 0.1385797 0.1447893 0.0597744 0.1432392 0.1461854 0.0842653 0.1573504 0.1358593 0.0679679 0.2182015 0.0889467 0.1432430 0.1349421 0.1342582 0.1545199 0.0889463 0.1391650 0.1855822 0.0816069 0.1394325 0.1738159 0.1115014 0.1428401 0.1367519 
S0335         0.5805055 0.5030226 0.6066080 0.0568754 0.0508344 0.0935655 0.2869831 0.0816892 0.1217499 0.2025851 0.1728888 0.0755509 0.2069735 0.0683412 0.0641839 0.1201574 0.2025698 0.1986074 0.1842096 0.1384734 0.1559015 0.0000000 0.0641182 0.1021836 0.0791187 0.0844874 0.1554989 0.0975832 0.1588108 0.1318525 0.0836991 0.1863272 0.1655511 0.1521940 0.0832597 0.0964584 0.1521908 0.1555069 0.1051504 0.0790822 0.1866380 0.1300708 0.1620703 0.0950625 0.0695188 0.1462352 0.1497308 0.2425315 0.0801037 0.1607277 0.1185463 0.1025528 0.0758029 0.1319180 0.0907373 0.1354297 0.1315828 0.0839237 0.1713975 0.1312434 0.1386473 0.1359496 0.1523337 0.0545925 0.1326922 0.1052156 0.0752507 0.1152853 0.0836451 0.1376062 0.1672605 0.2316108 0.0995289 0.1239878 0.1515079 0.0873913 0.1152911 0.2082995 0.1372417 0.2405232 0.1193661 0.0641497 0.0784366 0.1193629 0.0933311 0.0733090 0.2469051 0.0786051 0.0874108 0.0648358 0.0777601 0.1103791 0.1367178 0.1510204 0.1401557 0.1808258 0.1362629 0.1757443 0.1738920 0.0874289 0.1414302 0.0759644 0.0585406 0.0786412 0.0695717 0.0865649 0.0496793 0.0843096 0.1529334 0.0600280 0.0575465 0.1751881 0.0991857 0.1298774 0.1769416 0.2174554 0.1334809 0.0793472 0.1687802 0.0549820 0.0991882 0.1442684 0.0755365 0.0774144 0.1376519 0.0496212 0.1817023 0.1090432 0.0648570 0.0764308 
S0345         0.5779107 0.4558369 0.6060947 0.0741750 0.0506677 0.0981528 0.2525235 0.0844961 0.1171537 0.2041062 0.1645346 0.0710529 0.2044711 0.0810669 0.0687585 0.1149672 0.1860900 0.1911437 0.1837977 0.1525413 0.1692239 0.0641182 0.0000000 0.1041469 0.0712775 0.0811494 0.1469287 0.0878696 0.1621732 0.1315617 0.0776101 0.1847885 0.1733718 0.1598853 0.0940135 0.0944647 0.1517636 0.1495478 0.1118723 0.0748687 0.1851612 0.1288994 0.1694023 0.0892737 0.0780027 0.1491956 0.1630076 0.2220381 0.0883473 0.1653174 0.1374166 0.0976951 0.0906310 0.1316374 0.0812845 0.1249481 0.1322472 0.1033285 0.1533537 0.1265028 0.1512828 0.1420817 0.1513636 0.0585017 0.1456670 0.1070845 0.0931848 0.0898729 0.1044154 0.1238534 0.1589764 0.2074670 0.1090451 0.1446813 0.1619975 0.1081048 0.1276593 0.1946044 0.1378305 0.2084989 0.1231152 0.0902538 0.0976063 0.1386566 0.0875942 0.1004975 0.2099708 0.0744552 0.0939748 0.0738092 0.0607156 0.1137548 0.1319724 0.1610995 0.1367354 0.1693537 0.1470859 0.1896461 0.1762907 0.0811310 0.1581144 0.0265677 0.0829636 0.0807345 0.0608730 0.0932298 0.0846784 0.0649683 0.1710662 0.0707697 0.0783103 0.1619349 0.1046355 0.1223253 0.1764031 0.1283162 0.1510994 0.0717080 0.1487592 0.0686943 0.0871980 0.1387341 0.0674901 0.0160409 0.1762900 0.0612852 0.1622808 0.1248856 0.0875060 0.0950684 
S0376         0.5787447 0.4941802 0.5921874 0.0991775 0.0812308 0.0781525 0.2444038 0.0650357 0.0881430 0.1769044 0.1378610 0.0590558 0.1879755 0.0873704 0.0550970 0.0838387 0.1712473 0.1833274 0.1707101 0.1406296 0.1415447 0.1021836 0.1041469 0.0000000 0.0572233 0.0622951 0.1709075 0.0793136 0.1584824 0.1054439 0.0519851 0.1683237 0.1552759 0.1318257 0.1111496 0.0971316 0.1508990 0.1364962 0.0734081 0.0571989 0.1756870 0.1157902 0.1590957 0.1002943 0.0547189 0.1256511 0.1454070 0.2074060 0.0742640 0.1569055 0.1102705 0.0703775 0.0961398 0.1054930 0.0680117 0.1028729 0.1091869 0.0928928 0.1382536 0.1138345 0.1458777 0.1398247 0.1323002 0.0996452 0.1344948 0.1027076 0.1009339 0.1318146 0.1089231 0.1071895 0.1424137 0.2104638 0.1147555 0.1177964 0.1639312 0.1057642 0.1293797 0.2030482 0.1068017 0.2475797 0.1115678 0.1011274 0.1117067 0.1162418 0.0704486 0.1030613 0.2417715 0.0593225 0.0762505 0.0991202 0.0832133 0.1103746 0.1248946 0.1408940 0.1282324 0.1588611 0.1353714 0.1674010 0.1635043 0.0650215 0.1356263 0.1248242 0.0929768 0.0543153 0.0532888 0.0783237 0.0818926 0.0681755 0.1312208 0.0759898 0.0767121 0.1811863 0.0847535 0.1033804 0.1560127 0.1961775 0.1470005 0.0573823 0.1376894 0.0946792 0.0705772 0.1280802 0.0596977 0.1200317 0.1244818 0.0941059 0.1580210 0.0876160 0.1166146 0.0344146 
S0400         0.5804409 0.4762914 0.5947954 0.0794643 0.0612591 0.0247228 0.2272290 0.0571930 0.0955238 0.1878937 0.1574947 0.0132060 0.1992330 0.0743248 0.0072598 0.0412444 0.1872307 0.1739071 0.1747875 0.1316837 0.1460043 0.0791187 0.0712775 0.0572233 0.0000000 0.0087675 0.1790407 0.0586906 0.1543389 0.1204448 0.0628229 0.1660656 0.1574652 0.1361181 0.1024283 0.0688860 0.1561569 0.1402314 0.0419458 0.0043621 0.1829606 0.1288550 0.1596451 0.0483739 0.0072214 0.1438729 0.1479986 0.2254500 0.0579754 0.1590726 0.1299144 0.0395533 0.0876931 0.1205033 0.0087686 0.1178310 0.1244203 0.0873673 0.1437117 0.1202931 0.1418813 0.1302926 0.1444148 0.0766600 0.1247251 0.0871922 0.0869253 0.1273444 0.1001938 0.0632759 0.1621544 0.2100487 0.1097627 0.1110317 0.1616109 0.0879589 0.1160842 0.2112318 0.1220211 0.2539685 0.1050102 0.0872000 0.1029075 0.1066054 0.0497128 0.0842584 0.2511220 0.0087321 0.0442636 0.0759409 0.0794493 0.1008743 0.1189290 0.1430870 0.1349592 0.1669358 0.1366429 0.1575683 0.1656968 0.0110111 0.1286430 0.0939259 0.0766452 0.0087361 0.0067497 0.0624242 0.0797057 0.0573272 0.1345099 0.0660521 0.0691345 0.1745160 0.0545200 0.1184224 0.1621453 0.1871240 0.1347677 0.0000021 0.1553005 0.0747083 0.0495009 0.1433553 0.0294402 0.1015348 0.1375528 0.0713870 0.1291439 0.1034870 0.0845623 0.0477508 
S0405         0.5558417 0.4786619 0.5776641 0.0848573 0.0822541 0.0295767 0.2217672 0.0622623 0.1040671 0.1946240 0.1638861 0.0176896 0.2062172 0.0742945 0.0146896 0.0461066 0.1903875 0.1845630 0.1815987 0.1346466 0.1556750 0.0844874 0.0811494 0.0622951 0.0087675 0.0000000 0.1852986 0.0582960 0.1606986 0.1263300 0.0679922 0.1732681 0.1638581 0.1421855 0.1081022 0.0741798 0.1630001 0.1467670 0.0468332 0.0087646 0.1896954 0.1349295 0.1661346 0.0522454 0.0120969 0.1464646 0.1542948 0.2331654 0.0575639 0.1654249 0.1507628 0.0444211 0.0905172 0.1263922 0.0178390 0.1237034 0.1303903 0.0957804 0.1501713 0.1268912 0.1479964 0.1364468 0.1507741 0.0820166 0.1246815 0.1005981 0.0923513 0.1334766 0.1031326 0.0714681 0.1608088 0.2137206 0.1190145 0.1169286 0.1680827 0.0999242 0.1292149 0.2195714 0.1210599 0.2628183 0.1108376 0.0926472 0.1021222 0.1123827 0.0547145 0.0959806 0.2599766 0.0131583 0.0491590 0.0760863 0.0853990 0.1104667 0.1250008 0.1492660 0.1410908 0.1735293 0.1428655 0.1607101 0.1722314 0.0154883 0.1345776 0.1025475 0.0821824 0.0131643 0.0113030 0.0675565 0.0851139 0.0569248 0.1376019 0.0712999 0.0744476 0.1813248 0.0595492 0.1243278 0.1652421 0.2038565 0.1408951 0.0087898 0.1588542 0.0773953 0.0544810 0.1464231 0.0341299 0.1044148 0.1360794 0.0766953 0.1291439 0.1201753 0.0838115 0.0549340 
S0407sl       0.5701979 0.6176226 0.6871627 0.1476563 0.1381086 0.1920284 0.3968549 0.1963561 0.1188430 0.0805600 0.1767469 0.1762556 0.0766059 0.1613281 0.1508178 0.2391998 0.1076611 0.2063546 0.0751539 0.2200075 0.0903328 0.1554989 0.1469287 0.1709075 0.1790407 0.1852986 0.0000000 0.1990393 0.0603738 0.1175012 0.1634010 0.1002137 0.2392764 0.1061118 0.1851894 0.1900077 0.1526539 0.0583103 0.2151304 0.1788243 0.0464797 0.0907001 0.1420027 0.2701747 0.1512908 0.1371148 0.2163569 0.2022395 0.2058053 0.2176148 0.1674397 0.1953615 0.1674095 0.1121750 0.1857098 0.1073921 0.1303237 0.1922660 0.1488320 0.0796538 0.1404791 0.1069573 0.1008467 0.1741740 0.1426236 0.1875305 0.1560468 0.2565502 0.1805338 0.2577653 0.1608973 0.2080160 0.1587177 0.1531377 0.1573499 0.1625979 0.2243805 0.1888202 0.1267897 0.2570428 0.0811704 0.1496203 0.1913377 0.1384163 0.1923442 0.1924615 0.2462572 0.1765122 0.1822225 0.1464393 0.0790825 0.0728526 0.0922120 0.2062673 0.0859919 0.0600160 0.1562630 0.2439052 0.2289479 0.1696125 0.1269851 0.2068548 0.1666792 0.1704746 0.1664540 0.1886634 0.1726862 0.1667085 0.1215797 0.1498559 0.1694875 0.0807330 0.1884943 0.1179557 0.0222243 0.3503989 0.0908418 0.1790592 0.1638625 0.1462761 0.1572822 0.1584931 0.1554192 0.2229577 0.1754779 0.1689027 1.2537337 0.0812233 0.1717737 0.1848451 
S0412sl       0.5916329 0.5337583 0.6023193 0.0854942 0.0720214 0.0822126 0.2629597 0.0723342 0.0753936 0.1947276 0.1647449 0.0580269 0.2001052 0.0830571 0.0624360 0.0836437 0.1936256 0.1832710 0.1841406 0.1332306 0.1719375 0.0975832 0.0878696 0.0793136 0.0586906 0.0582960 0.1990393 0.0000000 0.1636413 0.1242420 0.0792131 0.1815358 0.1524521 0.1433420 0.1197967 0.1042478 0.1542921 0.1502076 0.0903313 0.0586636 0.1889394 0.1476546 0.1642059 0.0965530 0.0657025 0.1583715 0.1424588 0.2024020 0.0681215 0.1541952 0.1317705 0.0857340 0.0910618 0.1243074 0.0646140 0.1214255 0.1319269 0.0853912 0.1479816 0.1482837 0.1542597 0.1424684 0.1687057 0.0858607 0.1227517 0.0846231 0.0904746 0.1515346 0.1173580 0.1165403 0.1549047 0.2103959 0.1193938 0.1170749 0.1561866 0.0986497 0.1166620 0.1898339 0.1218420 0.2332517 0.1105556 0.0964896 0.1227685 0.1121938 0.0821607 0.1103482 0.2260461 0.0583001 0.0751846 0.0974879 0.0859708 0.1167447 0.1401177 0.1373440 0.1515970 0.1780491 0.1303897 0.1645174 0.1611054 0.0670556 0.1461991 0.1190721 0.0823191 0.0611012 0.0544389 0.0892645 0.0915684 0.0787774 0.1536766 0.0798018 0.0773810 0.1940288 0.0908754 0.1157170 0.1857155 0.2018416 0.1472481 0.0588651 0.1563799 0.0908484 0.0758978 0.1685417 0.0693725 0.1170551 0.1359882 0.0860650 0.1414884 0.1195882 0.0967530 0.0728600 
S0417         0.5558310 0.5607858 0.6113042 0.1361220 0.1274053 0.1753873 0.3480056 0.1552041 0.1069012 0.0626321 0.1414095 0.1491827 0.0630296 0.1529535 0.1374332 0.1618271 0.0709433 0.1754464 0.0518090 0.1598017 0.0648929 0.1588108 0.1621732 0.1584824 0.1543389 0.1606986 0.0603738 0.1636413 0.0000000 0.1159095 0.1645240 0.0649915 0.1679795 0.0677577 0.1786684 0.1840310 0.1344028 0.0287763 0.1659162 0.1542453 0.0631016 0.0709612 0.0926654 0.1879622 0.1462429 0.1097034 0.1595482 0.2109280 0.1767992 0.1740882 0.1735109 0.1711120 0.1475957 0.1159644 0.1656561 0.1192984 0.1197677 0.1431569 0.1039868 0.0633119 0.1295695 0.0791303 0.0719119 0.1511449 0.1338024 0.1643966 0.1499365 0.2177171 0.1765833 0.1879784 0.1256294 0.2093643 0.1565288 0.1225642 0.1325900 0.1514017 0.1783512 0.2122323 0.1208566 0.2625101 0.0597219 0.1365154 0.1679577 0.1117183 0.1634158 0.1543757 0.2518091 0.1532064 0.1558797 0.1438048 0.0525997 0.0547476 0.0740273 0.1639664 0.0604671 0.0557371 0.1119697 0.1805366 0.1812151 0.1643808 0.1223476 0.1900405 0.1462421 0.1469807 0.1354982 0.1652557 0.1405326 0.1452161 0.0698631 0.1456980 0.1521982 0.0460079 0.1583054 0.1197217 0.0471760 0.2046709 0.0698174 0.1548278 0.1228652 0.1369502 0.1621200 0.0969577 0.1427163 0.1822913 0.0739930 0.1378376 0.1782373 0.0963282 0.1424608 0.1279514 
S0419         0.5391995 0.5046338 0.5758724 0.1066798 0.1242135 0.1437740 0.2642193 0.1192271 0.0031491 0.1370096 0.0870293 0.1102897 0.1327085 0.1195564 0.0919394 0.1276211 0.1291166 0.1329065 0.1304070 0.1139232 0.1317944 0.1318525 0.1315617 0.1054439 0.1204448 0.1263300 0.1175012 0.1242420 0.1159095 0.0000000 0.1246202 0.1283024 0.1267918 0.1100404 0.1405702 0.1519764 0.1101691 0.0978826 0.1299568 0.1203796 0.1350760 0.1140103 0.1145629 0.1262767 0.1239463 0.0601154 0.1179599 0.2095839 0.1417895 0.1285497 0.1508494 0.1405302 0.1224683 0.0043422 0.1273354 0.0065499 0.0110181 0.1260827 0.0605016 0.1056205 0.1158304 0.1022293 0.1247292 0.1247611 0.0965641 0.1418112 0.1407073 0.1762873 0.1538090 0.1621600 0.0935571 0.2112211 0.1116186 0.1000884 0.1272668 0.1391613 0.1716992 0.2204391 0.0066215 0.2598424 0.0850404 0.1379032 0.1336769 0.0994285 0.1274459 0.1356903 0.2539995 0.1136276 0.1294444 0.1143596 0.0734587 0.0686654 0.0859892 0.1136837 0.1079953 0.1358524 0.0986319 0.1305056 0.1279356 0.1296597 0.1035647 0.1525330 0.1192202 0.1196617 0.1082645 0.1163282 0.1268803 0.1053356 0.1099155 0.1218449 0.1244640 0.1257111 0.1390810 0.0065705 0.1157004 0.1751660 0.0953380 0.1208101 0.0870537 0.1013665 0.1230262 0.1279076 0.1130370 0.1512699 0.0916182 0.1190359 0.1156133 0.0460068 0.1063500 0.0811182 
