109
CRNC          0.0000000 0.2176572 0.4344055 0.3793552 0.4828415 0.4081497 0.4201492 0.7515611 0.4924149 0.4303397 0.4701255 0.4483906 0.4416139 0.4584938 0.4767432 0.5459627 0.5193334 0.5128176 0.6192058 0.5075017 0.4654649 0.4401521 0.5964903 0.4680511 0.4916877 0.5959989 0.5137431 0.5203191 0.4375424 0.6223217 0.4528476 0.4555995 0.4567513 0.5590369 0.5143092 0.4904591 0.4555443 0.5411033 0.4715606 0.4448306 0.4760058 0.4470551 0.5362432 0.4269655 0.4864264 0.5511923 0.5176662 0.4725007 0.4911910 0.4693276 0.5045935 0.4937145 0.5111667 0.4626122 0.4652430 0.5073939 0.4868998 0.4371135 0.4974527 0.5491996 0.4515649 0.4651274 0.5032171 0.5528513 0.4956450 0.4280061 0.3984855 0.4685863 0.4490788 0.4475353 0.4911910 0.4578331 0.5074271 0.4619988 0.4074064 0.5928924 0.5052378 0.4488375 0.4379758 0.4584874 0.4746739 0.5782663 0.4420429 0.4690940 0.6208100 0.4587400 0.4949055 0.6307270 0.5398853 0.5512771 0.4524329 0.5282486 0.4140031 0.4721909 0.4559929 0.4364198 0.3874573 0.4586512 0.4821306 0.6362343 0.4014339 0.5778811 0.4545091 0.4803903 0.6142266 0.4314546 0.4812067 0.4589431 0.4407590 
HYZL          0.2176572 0.0000000 0.3735260 0.5233126 0.3358327 0.3530771 0.3370358 0.5767764 0.3720440 0.3725895 0.3667361 0.3524300 0.3358641 0.2941087 0.3708088 0.3609830 0.4690442 0.4454143 0.3816240 0.3360268 0.3879766 0.3421593 0.4938039 0.3638765 0.3613552 0.4205482 0.3912066 0.3896893 0.3184820 0.4077364 0.3158632 0.3598270 0.3352619 0.3531519 0.3963687 0.3659521 0.3528395 0.4114308 0.3334136 0.3071019 0.3692432 0.3433403 0.4396969 0.2964858 0.3315836 0.4286528 0.3975165 0.3686305 0.3747572 0.3661150 0.3861836 0.3868254 0.3953700 0.3565469 0.2899847 0.4459667 0.3144243 0.3568809 0.3326307 0.4443335 0.3605509 0.3616202 0.3857547 0.3399105 0.3850853 0.3040020 0.3017835 0.3454976 0.3409066 0.3130575 0.3747572 0.3218124 0.0000010 0.4038461 0.3313881 0.4944490 0.4085476 0.3583256 0.3049730 0.3659090 0.3627275 0.4244120 0.3118953 0.3161145 0.3999837 0.3428419 0.4051726 0.4041787 0.4186343 0.4503471 0.3596608 0.4812181 0.3475414 0.3772137 0.3774570 0.3444129 0.3129902 0.3508189 0.3894184 0.4994617 0.3694550 0.4226935 0.3318075 0.3653905 0.4353363 0.3445160 0.3272723 0.3568713 0.3224695 
SRR6441723    0.4344055 0.3735260 0.0000000 0.1541383 0.1143239 0.3381510 0.1569403 0.3627980 0.1521155 0.1318478 0.1513096 0.1646599 0.1007217 0.1505514 0.1455213 0.1796685 0.1775083 0.1775396 0.2126676 0.1492997 0.0730216 0.1399649 0.1901412 0.1525352 0.1341039 0.2235384 0.1532625 0.2226153 0.1510354 0.1927323 0.1270423 0.1563303 0.1782279 0.2037600 0.1903150 0.1438020 0.1379582 0.1609955 0.1532876 0.1399330 0.1403152 0.1401686 0.1708002 0.1924197 0.1545277 0.1765309 0.1599683 0.1475692 0.2127553 0.1393512 0.2289057 0.2279569 0.1527574 0.1269955 0.1860238 0.1783350 0.1408968 0.1468008 0.1117878 0.1489428 0.1464795 0.1588373 0.1625754 0.1556448 0.1734993 0.1749329 0.1530695 0.1342181 0.1315989 0.1921990 0.2179152 0.1987631 0.1635517 0.1775863 0.0658978 0.2143181 0.1602250 0.1322358 0.1889635 0.1430006 0.1502022 0.1675195 0.1293980 0.1325043 0.2052045 0.1405020 0.1628645 0.1832724 0.1850145 0.1890852 0.1355553 0.1748430 0.0803951 0.1033410 0.1425647 0.1250567 0.1353484 0.1177756 0.1572518 0.1914466 0.1075258 0.1704315 0.1485476 0.2227606 0.1996467 0.1667443 0.1439387 0.1365377 0.1690078 
ERR4210213    0.3793552 0.5233126 0.1541383 0.0000000 0.1509387 0.2727258 0.1528614 0.1999483 0.0506839 0.1343234 0.1546743 0.1699807 0.1206960 0.1839786 0.1961974 0.6453361 0.2408733 0.1106185 0.9868294 0.1477494 0.1567715 0.1952522 0.1546743 0.1600760 0.0553551 0.2312795 0.1073484 0.1569033 0.2344256 0.6453361 0.0525887 0.1876080 0.3796112 0.2810996 0.0779921 0.1935958 0.1546743 0.2482938 0.0506043 0.0807282 0.1546743 0.1925851 0.1943049 0.2620504 0.2759732 0.1943049 0.1499674 0.2307378 0.1569033 0.1546743 0.1569033 0.1569033 0.2285675 0.1559854 0.2810996 0.1567715 0.1129561 0.0510538 0.1520540 0.1735348 0.1541383 0.1918019 0.1148575 0.2810996 0.2333360 0.1852620 0.1877166 0.1160027 0.1173175 0.2224831 0.1569033 0.2224831 0.6453361 0.1925549 0.0510538 0.1567715 0.2395454 0.1460687 0.2642718 0.1546743 0.2379648 0.1365318 0.1140338 0.1103504 0.6453361 0.0506043 0.1142832 3.1766683 0.1943049 0.1943049 0.1555784 0.1567715 0.0815535 0.1160004 0.1546743 0.1546743 0.2433399 0.0832214 0.2330379 0.2250379 0.1141252 0.0804162 0.1909348 0.2341216 0.0798200 0.1942313 0.0520366 0.1546743 0.2333150 
ERR2789774    0.4828415 0.3358327 0.1143239 0.1509387 0.0000000 0.3051926 0.0422525 0.1831933 0.1222101 0.0877933 0.0275727 0.1276365 0.0985893 0.0274647 0.0810209 0.1070021 0.1254721 0.1306655 0.1571244 0.0804339 0.0738058 0.0425225 0.0990567 0.0376494 0.0771663 0.1518379 0.1051651 0.0633419 0.0371572 0.1318957 0.0684054 0.0794241 0.0898214 0.1434430 0.1112500 0.0517031 0.0230825 0.1217518 0.0787812 0.1210365 0.0278460 0.0638327 0.1224965 0.1658504 0.0469330 0.1162557 0.0909984 0.0373009 0.0474869 0.0275362 0.0527089 0.0630377 0.0786583 0.0479172 0.1022823 0.1151824 0.0978368 0.0926102 0.0734994 0.0889833 0.0943232 0.1021179 0.1126428 0.0711176 0.0853534 0.1390887 0.0680871 0.0576652 0.0640356 0.1449158 0.0474869 0.1466776 0.7196099 0.0917905 0.0852987 0.1276770 0.0801145 0.1077493 0.1595355 0.0275285 0.0740786 0.1223848 0.1167652 0.1094054 0.1544873 0.0790278 0.1214295 0.1226213 0.1284983 0.1283325 0.0325677 0.1306498 0.0972954 0.1071469 0.0324100 0.0283926 0.0549066 0.0858873 0.0644152 0.2336506 0.0907780 0.1308637 0.0276432 0.0627349 0.1502240 0.0803094 0.1092225 0.0228405 0.0739938 
PAFTOL_019361 0.4081497 0.3530771 0.3381510 0.2727258 0.3051926 0.0000000 0.2930611 0.6861096 0.3711876 0.2991451 0.3123990 0.3619189 0.2805688 0.2947430 0.3107957 0.3199084 0.3885645 0.3813401 0.4305232 0.3131058 0.3300925 0.2910853 0.3641240 0.3147894 0.3457652 0.3753376 0.3180178 0.4356776 0.3161380 0.3647080 0.2888942 0.3385932 0.3643017 0.3995579 0.3784201 0.3123497 0.2849585 0.3498608 0.3498694 0.2905105 0.3216087 0.3627891 0.3852844 0.2798717 0.3120060 0.3753553 0.2941219 0.3173181 0.4208624 0.3162800 0.4337929 0.4371876 0.3140925 0.3432572 0.3407187 0.3685943 0.3077211 0.3489705 0.2875701 0.3439376 0.3415750 0.3185621 0.3421902 0.2936976 0.3340611 0.2525128 0.2874565 0.3252562 0.3192348 0.2828490 0.4286143 0.3038328 0.3201757 0.3836146 0.2838803 0.3854691 0.3207757 0.3459917 0.2813327 0.2900668 0.3089265 0.3580436 0.2928606 0.2981876 0.3764434 0.3350452 0.3519366 0.3355858 0.3758732 0.3973123 0.3113092 0.3900202 0.3064427 0.3032873 0.2960610 0.2883109 0.2869099 0.3305953 0.3179690 0.3717368 0.2811315 0.3899831 0.2989704 0.4226473 0.3657521 0.3300427 0.3085624 0.3031634 0.3239942 
S0055         0.4201492 0.3370358 0.1569403 0.1528614 0.0422525 0.2930611 0.0000000 0.3312863 0.1573375 0.1090678 0.0771359 0.1550463 0.1296205 0.0498761 0.1009880 0.1686632 0.1362143 0.1761078 0.1709764 0.1101893 0.1450882 0.0886749 0.0930058 0.0638478 0.1080520 0.1331830 0.1398035 0.1969677 0.0885410 0.1605539 0.1088497 0.1093496 0.1024411 0.1626599 0.1596644 0.0765894 0.0480093 0.1160725 0.1325410 0.1488395 0.0608987 0.1468082 0.1481082 0.1913255 0.0909676 0.1417349 0.1189175 0.0601831 0.1875253 0.0600087 0.2059165 0.2067478 0.1022943 0.1331955 0.1587298 0.1509016 0.1462378 0.1191076 0.1235119 0.1148887 0.1213027 0.1323112 0.1312310 0.1167152 0.1336432 0.1765601 0.1165426 0.1051815 0.0885838 0.1691224 0.1924543 0.1779471 0.2234105 0.1364127 0.1373697 0.1461625 0.0990621 0.1502778 0.1780663 0.0504566 0.0877606 0.1698504 0.1429790 0.1457887 0.1783434 0.1240448 0.1487014 0.1356043 0.1457120 0.1577453 0.0537007 0.1394798 0.1556598 0.1348244 0.0537378 0.0511522 0.0459232 0.1357505 0.0508488 0.2237069 0.1244127 0.1844263 0.0668964 0.1971067 0.1876581 0.1252180 0.1579817 0.0508325 0.0636251 
S0196sl       0.7515611 0.5767764 0.3627980 0.1999483 0.1831933 0.6861096 0.3312863 0.0000000 0.3313607 0.1490457 0.3308582 0.3648243 0.3731502 0.3674294 0.3534678 0.3108585 0.3715982 0.3379301 0.6734190 0.1857988 0.3417274 0.3350444 0.3206005 0.3366311 0.1620975 0.3488806 0.3285292 0.1564172 0.3539791 0.4198660 0.2911143 0.3472415 0.3767684 0.6642717 0.3464641 0.3258316 0.3149497 0.2006305 0.3094045 0.3499318 0.3326304 0.2843003 0.3839969 0.4528478 0.3522737 0.3834289 0.3050251 0.3280242 0.1432561 0.3209460 0.1590188 0.1614935 0.2063408 0.2832787 0.3749986 0.3602326 0.3039765 0.3290165 0.3705891 0.3465487 0.3426395 0.3862425 0.3848468 0.3967896 0.3491124 0.4003429 0.3721569 0.3450580 0.3242701 0.4353228 0.1479013 0.4345382 0.4902710 0.4026653 0.3536402 0.3703666 0.3457976 0.3732416 0.4311939 0.3261276 0.3282053 0.3502871 0.3354541 0.3376118 0.4452606 0.3172055 0.3529406 0.3746656 0.3966524 0.3653115 0.3215714 0.3531328 0.4144125 0.3733065 0.3329250 0.3107010 0.3342415 0.3699951 0.3540479 0.3907008 0.3636423 0.3423341 0.3048597 0.1566421 0.2716305 0.3676108 0.3236736 0.3181845 0.3378788 
S0278         0.4924149 0.3720440 0.1521155 0.0506839 0.1222101 0.3711876 0.1573375 0.3313607 0.0000000 0.1464883 0.1243796 0.0667691 0.1168394 0.1414178 0.1274001 0.0435156 0.1739480 0.0900888 0.2022996 0.1002246 0.1337128 0.1335269 0.1714935 0.1413443 0.0692031 0.2034473 0.1121677 0.2077710 0.1456333 0.1696441 0.0691526 0.1334072 0.1852000 0.1995467 0.0666955 0.1394321 0.1345832 0.0973913 0.0829559 0.0901132 0.1418615 0.1536021 0.1652740 0.2170494 0.1531069 0.1622615 0.1274364 0.1401827 0.1982221 0.1360230 0.2160537 0.2176580 0.1609100 0.1398346 0.1093849 0.1682011 0.0768280 0.0768743 0.1274081 0.1400553 0.1407621 0.1487379 0.1396113 0.1339668 0.1853530 0.1929623 0.1429408 0.1277268 0.1245158 0.2198389 0.2032125 0.2133263 0.0801256 0.1902979 0.1162053 0.2017083 0.1450040 0.1394312 0.2118613 0.1321124 0.1605295 0.0991866 0.0808001 0.0868725 0.1932889 0.0728158 0.0497965 0.1481723 0.1705947 0.1746033 0.1286707 0.1682849 0.1508690 0.1269546 0.1362706 0.1263892 0.1413893 0.1310080 0.1452883 0.2220033 0.1277939 0.0629551 0.1529710 0.2170176 0.0904693 0.1789506 0.0766745 0.1331968 0.1563648 
S0281         0.4303397 0.3725895 0.1318478 0.1343234 0.0877933 0.2991451 0.1090678 0.1490457 0.1464883 0.0000000 0.1124302 0.1379305 0.1270044 0.0952580 0.1218031 0.1335817 0.1658439 0.1281063 0.1717076 0.0992779 0.1272621 0.1181377 0.1595574 0.1181871 0.1190406 0.1992183 0.1153793 0.0692580 0.1177504 0.1543659 0.0897351 0.1220295 0.1466026 0.1571720 0.1378683 0.1168104 0.0957042 0.1273887 0.1079892 0.1170968 0.0996168 0.0658821 0.1644203 0.2016237 0.1170757 0.1489434 0.1185103 0.1043305 0.0572051 0.0991153 0.0611945 0.0653137 0.1352619 0.0653169 0.1350458 0.1475564 0.1214206 0.1107563 0.1117726 0.1350431 0.1116239 0.1371405 0.1300815 0.1157562 0.1046468 0.1684993 0.0949310 0.1212935 0.1185495 0.1844982 0.0611945 0.1879935 0.1163754 0.1448780 0.1092772 0.1568879 0.1318192 0.1445242 0.1864475 0.0947749 0.0993547 0.1363333 0.1322350 0.1265617 0.1643201 0.1034619 0.1266119 0.1343627 0.1491526 0.1536711 0.1038126 0.1544460 0.1184312 0.1257084 0.0992938 0.0876305 0.0809015 0.1307577 0.1149202 0.2471806 0.1258276 0.1479186 0.0912189 0.0651721 0.1489632 0.0866398 0.1257047 0.0957042 0.1128108 
S0282         0.4701255 0.3667361 0.1513096 0.1546743 0.0275727 0.3123990 0.0771359 0.3308582 0.1243796 0.1124302 0.0000000 0.1408018 0.1164109 0.0353896 0.0782696 0.1182988 0.1259311 0.1405087 0.1637164 0.1146330 0.1277410 0.0833680 0.0672320 0.0408600 0.0991072 0.1418860 0.1252712 0.1870506 0.0900201 0.1545818 0.0967563 0.1202716 0.1087593 0.1614056 0.1289668 0.0591825 0.0289786 0.1285792 0.1267567 0.1267199 0.0287622 0.1253099 0.1391287 0.1760705 0.0791441 0.1367853 0.1126598 0.0467358 0.1766848 0.0313351 0.1879007 0.1953084 0.1140085 0.1126295 0.1508477 0.1326584 0.1134405 0.1205840 0.1144282 0.1030093 0.1305158 0.1387379 0.1421996 0.0836253 0.1399115 0.1541808 0.1042742 0.1079785 0.0942252 0.1626731 0.1814542 0.1821157 0.1572161 0.1419296 0.1239594 0.1313353 0.0904847 0.1532540 0.1808826 0.0283646 0.0693001 0.1386862 0.1177841 0.1240768 0.1667259 0.1181753 0.1273770 0.1245530 0.1446403 0.1446387 0.0315302 0.1412862 0.1375766 0.1216059 0.0313768 0.0290520 0.0758015 0.1188076 0.0671218 0.2204857 0.1195630 0.1490823 0.0436552 0.1947396 0.1675725 0.1444847 0.1239977 0.0227122 0.0664908 
S0289         0.4483906 0.3524300 0.1646599 0.1699807 0.1276365 0.3619189 0.1550463 0.3648243 0.0667691 0.1379305 0.1408018 0.0000000 0.1284837 0.1433095 0.1138662 0.0709776 0.1717185 0.0769330 0.1818766 0.0778286 0.1380726 0.1304301 0.1972371 0.1506503 0.0623082 0.1986143 0.0810691 0.2207702 0.1385532 0.1557089 0.0937644 0.1351550 0.1874094 0.1785480 0.0637566 0.1531174 0.1437688 0.0626043 0.1093686 0.1127051 0.1512057 0.1426332 0.1609890 0.2239615 0.1459833 0.1580642 0.1330461 0.1493930 0.2108387 0.1451055 0.2274872 0.2215791 0.1431085 0.1291802 0.1370240 0.1646337 0.0987152 0.0953920 0.1354032 0.1446762 0.1380749 0.1506201 0.1416496 0.1186251 0.1596842 0.1993192 0.1321931 0.1409037 0.1419284 0.2177852 0.2160349 0.2310441 0.0822958 0.1826522 0.1241432 0.2071700 0.1416193 0.1503911 0.2203287 0.1410859 0.1494457 0.0763628 0.1030747 0.1021714 0.1742439 0.1018818 0.0474206 0.1460326 0.1582482 0.1751421 0.1452863 0.1677405 0.1502333 0.1348322 0.1453736 0.1313025 0.1387404 0.1429759 0.1541979 0.2153137 0.1485100 0.0810899 0.1625836 0.2209167 0.1011385 0.1555705 0.1021153 0.1422632 0.1755314 
S0292         0.4416139 0.3358641 0.1007217 0.1206960 0.0985893 0.2805688 0.1296205 0.3731502 0.1168394 0.1270044 0.1164109 0.1284837 0.0000000 0.1108815 0.1069740 0.1132850 0.1323170 0.1325022 0.1885488 0.1219688 0.0666705 0.1063445 0.1474056 0.1135260 0.1038328 0.1944360 0.1213661 0.2014137 0.1131779 0.1437702 0.0904793 0.0998132 0.1783236 0.1726042 0.1364240 0.1128101 0.0994600 0.1427753 0.1066046 0.1126219 0.1066804 0.1287595 0.1353737 0.1712078 0.1268447 0.1329432 0.0938352 0.1091581 0.1918918 0.1016560 0.2077560 0.2112751 0.1321076 0.1159803 0.1307782 0.1165363 0.1063340 0.1074899 0.0831814 0.1080704 0.1089693 0.1096348 0.1168428 0.1196022 0.1613097 0.1543296 0.1040395 0.0903164 0.0910333 0.1629802 0.1968647 0.1689582 0.0885911 0.1496659 0.0697981 0.1447569 0.1281297 0.0692016 0.1678220 0.1050718 0.1354939 0.1163679 0.1065829 0.1056444 0.1663758 0.0991191 0.1162166 0.1241519 0.1407474 0.1496950 0.1017806 0.1246096 0.0952894 0.0225363 0.1089236 0.0817724 0.1172471 0.0433900 0.1223561 0.1034986 0.0315551 0.1259796 0.1170955 0.2060668 0.1311501 0.1486917 0.1051313 0.0988248 0.1286984 
S0293         0.4584938 0.2941087 0.1505514 0.1839786 0.0274647 0.2947430 0.0498761 0.3674294 0.1414178 0.0952580 0.0353896 0.1433095 0.1108815 0.0000000 0.0847833 0.1466138 0.1222864 0.1420744 0.1347863 0.0892283 0.1325468 0.0796296 0.0537715 0.0288678 0.0952145 0.1363574 0.1082464 0.2071394 0.0832990 0.1427749 0.0903145 0.1162223 0.0990752 0.1382859 0.1216083 0.0453722 0.0158546 0.0999993 0.1193116 0.1225660 0.0190324 0.1255412 0.1363662 0.1544911 0.0785671 0.1296288 0.0900869 0.0286889 0.1897782 0.0187377 0.2086268 0.2114272 0.1085300 0.1113766 0.1371730 0.1335964 0.1115733 0.1082234 0.0935435 0.0994000 0.1236728 0.1375656 0.1357742 0.0923813 0.1165193 0.1482137 0.0862998 0.1066664 0.0951244 0.1445024 0.1953212 0.1652183 0.1858556 0.1454882 0.1191919 0.1247391 0.0789443 0.1484746 0.1594193 0.0155409 0.0600755 0.1283579 0.1203926 0.1196952 0.1596710 0.1020392 0.1280338 0.1132643 0.1382958 0.1470219 0.0188610 0.1345932 0.1303248 0.1134372 0.0187649 0.0224938 0.0586030 0.1183599 0.0463098 0.2123299 0.1068213 0.1653116 0.0286859 0.2005566 0.1745005 0.1230860 0.1237044 0.0061969 0.0423928 
S0294         0.4767432 0.3708088 0.1455213 0.1961974 0.0810209 0.3107957 0.1009880 0.3534678 0.1274001 0.1218031 0.0782696 0.1138662 0.1069740 0.0847833 0.0000000 0.1107652 0.1271543 0.1404340 0.1869043 0.1087446 0.1219427 0.0896253 0.1161922 0.0824270 0.1117876 0.1712992 0.1208402 0.2060439 0.0746877 0.1474166 0.1028992 0.0975434 0.1126108 0.1835331 0.1366030 0.0888665 0.0761379 0.1288600 0.1106860 0.1113684 0.0828203 0.1241443 0.1423745 0.1760876 0.0812986 0.1353018 0.1145078 0.0853636 0.1962649 0.0782633 0.2080211 0.2068115 0.1123353 0.1040009 0.1322161 0.1284812 0.1001594 0.1009085 0.1102358 0.1135263 0.0964351 0.1036785 0.1114000 0.0545282 0.1241943 0.1550068 0.1070657 0.0986458 0.0959331 0.1638404 0.2013746 0.1824709 0.1002183 0.1328808 0.1108295 0.1601973 0.0961649 0.1396342 0.1728113 0.0815775 0.0856956 0.1473657 0.1088830 0.1079034 0.1618462 0.1067036 0.1238049 0.1239368 0.1354577 0.1528337 0.0783599 0.1489544 0.1403482 0.1122740 0.0852327 0.0690543 0.0812295 0.1130471 0.1012016 0.1904361 0.1178312 0.1529959 0.0893669 0.2061891 0.1618963 0.1230000 0.1077926 0.0753930 0.1003840 
S0299         0.5459627 0.3609830 0.1796685 0.6453361 0.1070021 0.3199084 0.1686632 0.3108585 0.0435156 0.1335817 0.1182988 0.0709776 0.1132850 0.1466138 0.1107652 0.0000000 0.1566915 0.0971231 0.1806097 0.1032731 0.1411045 0.1412267 0.1297360 0.1293874 0.0816382 0.1781335 0.1036261 0.2472239 0.1612439 0.1623342 0.0778161 0.1361712 0.1573983 0.1902587 0.0752404 0.1382870 0.1266972 0.0705101 0.0972725 0.1028771 0.1417290 0.1466879 0.1487991 0.2245998 0.1455539 0.1576519 0.1337761 0.1394154 0.2331289 0.1338685 0.2585380 0.2484462 0.1352996 0.1290744 0.1268434 0.1705576 0.0839857 0.0792841 0.1332735 0.1416164 0.1514354 0.1414853 0.1678027 0.1253132 0.1713133 0.2092024 0.1391332 0.1437859 0.1269460 0.2285778 0.2405024 0.2319145 0.0888421 0.1729102 0.1341508 0.1979458 0.1277014 0.1554876 0.2233816 0.1236892 0.1494555 0.0918006 0.0850623 0.0981195 0.1862428 0.0879148 0.0558810 0.1290438 0.1578996 0.1632647 0.1289873 0.1688930 0.1545054 0.1175557 0.1292001 0.1301220 0.1556063 0.1606100 0.1347873 0.1495876 0.1285171 0.0744374 0.1552885 0.2343980 0.0932176 0.1726453 0.0890100 0.1300463 0.1495929 
S0308         0.5193334 0.4690442 0.1775083 0.2408733 0.1254721 0.3885645 0.1362143 0.3715982 0.1739480 0.1658439 0.1259311 0.1717185 0.1323170 0.1222864 0.1271543 0.1566915 0.0000000 0.1679697 0.1483400 0.1504062 0.1366536 0.1229501 0.1441870 0.1229187 0.1467528 0.1804012 0.1453925 0.2229191 0.1428378 0.1040547 0.1308318 0.1214986 0.1804718 0.1394911 0.1705169 0.1147326 0.1091728 0.1577526 0.1571766 0.1518671 0.1162081 0.1618421 0.1030544 0.2112541 0.1411843 0.1014896 0.1365851 0.1221660 0.2131684 0.1073568 0.2295942 0.2335864 0.1508488 0.1477595 0.1811197 0.1076159 0.1410276 0.1429017 0.1413523 0.0672465 0.1244825 0.1334422 0.1360497 0.1276559 0.1914003 0.1958743 0.1418192 0.1191616 0.1208335 0.1968412 0.2184192 0.2180054 0.1094112 0.1505238 0.1521922 0.1115364 0.1364561 0.1751156 0.2077091 0.1107662 0.1460942 0.1739480 0.1389650 0.1453204 0.1113542 0.1476695 0.1739490 0.0824321 0.1050804 0.1086249 0.1181492 0.1054122 0.1748548 0.1462940 0.1146305 0.1016446 0.1316971 0.1311644 0.1288943 0.2273541 0.1356034 0.2021229 0.1228418 0.2233496 0.1809172 0.1762329 0.1412902 0.1045614 0.1430501 
S0320         0.5128176 0.4454143 0.1775396 0.1106185 0.1306655 0.3813401 0.1761078 0.3379301 0.0900888 0.1281063 0.1405087 0.0769330 0.1325022 0.1420744 0.1404340 0.0971231 0.1679697 0.0000000 0.2361508 0.0892956 0.1462388 0.1382188 0.2010285 0.1462858 0.0699310 0.2266140 0.0984511 0.1979000 0.1505040 0.1739497 0.1041368 0.1673368 0.2055861 0.2347109 0.0698331 0.1480714 0.1432725 0.0859652 0.1351409 0.1348920 0.1467348 0.1587476 0.1824116 0.2146653 0.1581897 0.1790342 0.1419057 0.1530021 0.1841284 0.1407527 0.2002300 0.2032916 0.1665963 0.1447088 0.1623799 0.1761226 0.1239956 0.1169623 0.1433952 0.1564956 0.1785789 0.1666994 0.1780090 0.1424554 0.1823555 0.1821227 0.1556795 0.1606700 0.1451653 0.1998316 0.1890403 0.2125490 0.0879281 0.1959632 0.1284412 0.2017292 0.1400436 0.1638347 0.2067781 0.1405703 0.1467068 0.0926556 0.1250836 0.1313942 0.1977209 0.1272216 0.0796947 0.1639646 0.1876511 0.1917840 0.1447905 0.1809295 0.1592712 0.1389595 0.1448387 0.1313079 0.1560078 0.1307222 0.1529878 0.2111347 0.1371684 0.0832946 0.1541048 0.1982955 0.1211381 0.1850806 0.1163640 0.1379142 0.1708924 
S0322         0.6192058 0.3816240 0.2126676 0.9868294 0.1571244 0.4305232 0.1709764 0.6734190 0.2022996 0.1717076 0.1637164 0.1818766 0.1885488 0.1347863 0.1869043 0.1806097 0.1483400 0.2361508 0.0000000 0.1862096 0.1824963 0.1841667 0.2296405 0.1530362 0.1453629 0.2825235 0.1821535 0.3529309 0.1969931 0.0178476 0.1640343 0.1482293 0.1991292 0.0348716 0.1963891 0.1576492 0.1489428 0.1654912 0.1982577 0.1830826 0.1676237 0.2148375 0.0335254 0.2501205 0.1895231 0.0418100 0.1875367 0.1581009 0.3341263 0.1521489 0.3542118 0.3617837 0.1803784 0.1849947 0.2035994 0.1260464 0.1602937 0.1629072 0.1498503 0.0761890 0.1714619 0.1705621 0.1809028 0.1616574 0.2275085 0.2475801 0.1396393 0.1461493 0.1730601 0.2406395 0.3341263 0.2579746 0.3199922 0.1892274 0.1750934 0.1265663 0.1976716 0.2137346 0.2649906 0.1520991 0.1822915 0.2019873 0.1739082 0.1845243 0.0264929 0.1770057 0.1626962 0.0898974 0.0462423 0.0547214 0.1640421 0.1342741 0.1858032 0.1938145 0.1584667 0.1431990 0.1555601 0.1811137 0.1552938 0.2968168 0.1845197 0.2445246 0.1603126 0.3426103 0.2780888 0.2210124 0.1961748 0.1465568 0.1716952 
S0327         0.5075017 0.3360268 0.1492997 0.1477494 0.0804339 0.3131058 0.1101893 0.1857988 0.1002246 0.0992779 0.1146330 0.0778286 0.1219688 0.0892283 0.1087446 0.1032731 0.1504062 0.0892956 0.1862096 0.0000000 0.1230747 0.0977369 0.1630894 0.1193786 0.0611903 0.1861818 0.0583351 0.1051006 0.1013727 0.1369499 0.0684784 0.1186673 0.1466825 0.1760752 0.0812712 0.0972818 0.0951011 0.0519299 0.0909692 0.1001475 0.1020591 0.1056828 0.1573160 0.1675889 0.1219184 0.1476622 0.1317783 0.1102188 0.0924607 0.1012671 0.0966559 0.1010239 0.0955871 0.1009637 0.1302256 0.1471727 0.0768113 0.0975289 0.1341730 0.1311553 0.1254902 0.1416525 0.1396305 0.0893848 0.1384754 0.1472840 0.1052237 0.1210705 0.1190007 0.1615657 0.0966559 0.1688952 0.0570730 0.1666830 0.1204959 0.1703440 0.1234178 0.1519926 0.1585086 0.1051539 0.1102777 0.0805013 0.0932071 0.0843269 0.1516353 0.1000133 0.0768005 0.0987569 0.1478568 0.1604798 0.1057346 0.1479668 0.1450826 0.1290976 0.1095420 0.0991818 0.0967189 0.1249636 0.1286925 0.2088134 0.1297842 0.1182865 0.1056336 0.1007276 0.1411376 0.1366145 0.0919288 0.0980427 0.1321240 
S0335         0.4654649 0.3879766 0.0730216 0.1567715 0.0738058 0.3300925 0.1450882 0.3417274 0.1337128 0.1272621 0.1277410 0.1380726 0.0666705 0.1325468 0.1219427 0.1411045 0.1366536 0.1462388 0.1824963 0.1230747 0.0000000 0.1097781 0.1640888 0.1287551 0.0997314 0.1854585 0.1310027 0.1863372 0.1197214 0.1531540 0.1169521 0.1300700 0.1789245 0.1717291 0.1544769 0.1205507 0.1138530 0.1296763 0.1259408 0.1293399 0.1171636 0.1215297 0.1259095 0.1951918 0.1305402 0.1277772 0.1267810 0.1241560 0.1771516 0.1163737 0.1926455 0.1958525 0.1274596 0.1126560 0.1492647 0.1127421 0.1253009 0.1273705 0.0949216 0.1111938 0.1239528 0.1406604 0.1483133 0.1285358 0.1526900 0.1773045 0.1313611 0.1049165 0.1132288 0.1949651 0.1819406 0.2016628 0.1417709 0.1529400 0.0564625 0.1651219 0.1357675 0.1157154 0.2002746 0.1198812 0.1312574 0.1333232 0.1191021 0.1217408 0.1656406 0.1142396 0.1328660 0.1530782 0.1354333 0.1353348 0.1199918 0.1106950 0.0603577 0.0753561 0.1238895 0.0999003 0.1283204 0.0863772 0.1380174 0.1564910 0.0873084 0.1317610 0.1246157 0.1908429 0.1574844 0.1493918 0.1214656 0.1135475 0.1444396 
S0376         0.4401521 0.3421593 0.1399649 0.1952522 0.0425225 0.2910853 0.0886749 0.3350444 0.1335269 0.1181377 0.0833680 0.1304301 0.1063445 0.0796296 0.0896253 0.1412267 0.1229501 0.1382188 0.1841667 0.0977369 0.1097781 0.0000000 0.1113756 0.0739828 0.1000071 0.1404902 0.1121989 0.1834988 0.0566628 0.1654170 0.0944435 0.1104970 0.1291645 0.1762809 0.1396233 0.0868037 0.0644808 0.1117133 0.1288744 0.1293870 0.0704108 0.1180980 0.1528541 0.1617937 0.0801780 0.1502877 0.0958050 0.0734160 0.1743159 0.0765548 0.1855998 0.1930110 0.1100885 0.1056521 0.1408332 0.1376528 0.1215336 0.1229176 0.1126077 0.1148567 0.1085632 0.1177462 0.1283381 0.0996673 0.1148963 0.1480690 0.1129128 0.1011988 0.0917672 0.1486841 0.1791017 0.1676307 0.1169980 0.1207625 0.1056944 0.1573006 0.0908441 0.1421988 0.1583962 0.0666350 0.0699290 0.1378773 0.1232460 0.1217882 0.1833383 0.1139713 0.1291764 0.1303294 0.1584352 0.1544650 0.0732239 0.1381927 0.1423708 0.1157208 0.0700773 0.0675037 0.0764384 0.1112755 0.0848286 0.1815944 0.1167418 0.1469800 0.0770726 0.1750007 0.1623437 0.1124626 0.1331967 0.0671415 0.0918889 
S0400         0.5964903 0.4938039 0.1901412 0.1546743 0.0990567 0.3641240 0.0930058 0.3206005 0.1714935 0.1595574 0.0672320 0.1972371 0.1474056 0.0537715 0.1161922 0.1297360 0.1441870 0.2010285 0.2296405 0.1630894 0.1640888 0.1113756 0.0000000 0.0609610 0.1536912 0.1375893 0.1710502 0.2530293 0.1260250 0.1889355 0.1302860 0.1558047 0.1379017 0.2094332 0.1710332 0.0836304 0.0452306 0.1800942 0.1510174 0.1627158 0.0512725 0.1656741 0.1716948 0.2037811 0.1208527 0.1645989 0.0897165 0.0671087 0.2355613 0.0505270 0.2538434 0.2570980 0.1493881 0.1511902 0.1799444 0.1609313 0.1484710 0.1445894 0.1332848 0.1322273 0.1629253 0.1854985 0.1838555 0.1405988 0.1693770 0.1883651 0.1375402 0.1457297 0.1226505 0.1935005 0.2411105 0.2105224 0.1484451 0.1673862 0.1682121 0.1556581 0.1187509 0.1871939 0.2090465 0.0473442 0.1028753 0.1729246 0.1616648 0.1600806 0.2070652 0.1415726 0.1856901 0.1464420 0.1730705 0.1732191 0.0572045 0.1570632 0.1752728 0.1525930 0.0505976 0.0517570 0.0994220 0.1536743 0.0857539 0.2059710 0.1547169 0.1952458 0.0638195 0.2463713 0.1451821 0.1860182 0.1559144 0.0414677 0.0847463 
S0405         0.4680511 0.3638765 0.1525352 0.1600760 0.0376494 0.3147894 0.0638478 0.3366311 0.1413443 0.1181871 0.0408600 0.1506503 0.1135260 0.0288678 0.0824270 0.1293874 0.1229187 0.1462858 0.1530362 0.1193786 0.1287551 0.0739828 0.0609610 0.0000000 0.1000815 0.1349780 0.1270595 0.1985744 0.0873633 0.1413481 0.0980774 0.1136536 0.1086169 0.1500144 0.1269945 0.0496774 0.0171392 0.1298346 0.1175836 0.1360142 0.0259325 0.1223996 0.1359643 0.1648533 0.0830106 0.1262234 0.0996735 0.0345549 0.1890517 0.0255679 0.2059609 0.2084372 0.1194859 0.1097463 0.1400055 0.1334560 0.1261621 0.1113569 0.0975036 0.1000404 0.1241237 0.1328494 0.1393345 0.0953604 0.1183734 0.1510854 0.0977869 0.1051173 0.0913541 0.1517125 0.1940235 0.1707214 0.1590596 0.1353360 0.1213105 0.1330231 0.0910034 0.1504051 0.1695639 0.0226292 0.0570114 0.1406635 0.1346105 0.1333613 0.1625684 0.1091163 0.1330135 0.1214592 0.1339608 0.1455334 0.0255919 0.1297678 0.1386909 0.1187654 0.0256018 0.0230534 0.0589896 0.1195771 0.0573136 0.1987111 0.1203424 0.1632421 0.0286675 0.2078172 0.1509613 0.1166679 0.1294732 0.0169873 0.0473475 
S0407sl       0.4916877 0.3613552 0.1341039 0.0553551 0.0771663 0.3457652 0.1080520 0.1620975 0.0692031 0.1190406 0.0991072 0.0623082 0.1038328 0.0952145 0.1117876 0.0816382 0.1467528 0.0699310 0.1453629 0.0611903 0.0997314 0.1000071 0.1536912 0.1000815 0.0000000 0.1946021 0.0704883 0.0865327 0.1124724 0.1293848 0.0764082 0.1037251 0.1519703 0.1314287 0.0536303 0.0989734 0.0874643 0.0498696 0.0855211 0.1114391 0.0906316 0.0997746 0.1371108 0.1952163 0.1169422 0.1183623 0.1251638 0.0949609 0.0737697 0.0901787 0.0779982 0.0865616 0.1077909 0.0948683 0.1246568 0.1229617 0.0943536 0.0916895 0.1075461 0.0980291 0.1152311 0.1261674 0.1243107 0.1117636 0.1390451 0.1626767 0.1078526 0.0990238 0.1037446 0.1785225 0.0779982 0.1866719 0.0516429 0.1481144 0.1073499 0.1568100 0.1001021 0.1243519 0.1851453 0.0859720 0.1081262 0.0651419 0.1079531 0.1027891 0.1443837 0.0858981 0.0496035 0.1167320 0.1230979 0.1317104 0.0947374 0.1299230 0.1265577 0.1154942 0.0903666 0.0878001 0.0978193 0.1070618 0.1048627 0.2256108 0.1119200 0.0704040 0.0990005 0.0903410 0.0293065 0.1325958 0.0858627 0.0867776 0.1218638 
S0412sl       0.5959989 0.4205482 0.2235384 0.2312795 0.1518379 0.3753376 0.1331830 0.3488806 0.2034473 0.1992183 0.1418860 0.1986143 0.1944360 0.1363574 0.1712992 0.1781335 0.1804012 0.2266140 0.2825235 0.1861818 0.1854585 0.1404902 0.1375893 0.1349780 0.1946021 0.0000000 0.1906153 0.2878979 0.1596738 0.2227456 0.1602153 0.1911462 0.1480829 0.2557813 0.2005353 0.1294541 0.1168209 0.2041785 0.1917477 0.1911087 0.1319386 0.2028493 0.2090288 0.2334777 0.1349203 0.2009514 0.1202973 0.1340459 0.2714162 0.1299263 0.2891502 0.2871877 0.1905421 0.1870808 0.2176648 0.2031432 0.1844008 0.1852354 0.1754452 0.1804256 0.1906191 0.2100822 0.2081266 0.1748732 0.1844571 0.2170935 0.1749695 0.1849012 0.1659979 0.2136323 0.2773722 0.2407554 0.1481073 0.2203618 0.2001884 0.2142428 0.1558497 0.2140887 0.2298069 0.1188105 0.1471969 0.2104720 0.1904844 0.1885478 0.2414780 0.1896794 0.2068914 0.1948504 0.2054342 0.2102591 0.1263761 0.1840422 0.2051307 0.1993401 0.1227818 0.1280393 0.1367016 0.1845355 0.1362632 0.2474468 0.2029425 0.2337568 0.1274354 0.2780758 0.1925152 0.1933213 0.1793692 0.1197620 0.1439046 
S0417         0.5137431 0.3912066 0.1532625 0.1073484 0.1051651 0.3180178 0.1398035 0.3285292 0.1121677 0.1153793 0.1252712 0.0810691 0.1213661 0.1082464 0.1208402 0.1036261 0.1453925 0.0984511 0.1821535 0.0583351 0.1310027 0.1121989 0.1710502 0.1270595 0.0704883 0.1906153 0.0000000 0.1848364 0.1339644 0.1407698 0.0696580 0.1308611 0.1783253 0.1598142 0.0879688 0.1179273 0.1128574 0.0787743 0.0943145 0.0941537 0.1238911 0.1239524 0.1444034 0.1917835 0.1411137 0.1374960 0.1292846 0.1224259 0.1755898 0.1145738 0.1912034 0.1855158 0.1336391 0.1111300 0.1231269 0.1461079 0.0910818 0.0911824 0.1173574 0.1170295 0.1336202 0.1506934 0.1533122 0.1039043 0.1525304 0.1729102 0.1177414 0.1362239 0.1297860 0.1736518 0.1804098 0.1982000 0.0539607 0.1613774 0.1173344 0.1666805 0.1341828 0.1558115 0.1882831 0.1181170 0.1223475 0.0768349 0.0847560 0.0840385 0.1683556 0.0871424 0.0873426 0.1177792 0.1376529 0.1535422 0.1220901 0.1430563 0.1520222 0.1238975 0.1221596 0.1088724 0.1316907 0.1309739 0.1479781 0.2003090 0.1372466 0.1096081 0.1307711 0.1849713 0.1183130 0.1567851 0.0941955 0.1117085 0.1428916 
S0419         0.5203191 0.3896893 0.2226153 0.1569033 0.0633419 0.4356776 0.1969677 0.1564172 0.2077710 0.0692580 0.1870506 0.2207702 0.2014137 0.2071394 0.2060439 0.2472239 0.2229191 0.1979000 0.3529309 0.1051006 0.1863372 0.1834988 0.2530293 0.1985744 0.0865327 0.2878979 0.1848364 0.0000000 0.1957016 0.2452632 0.1527022 0.1990983 0.2466884 0.3119745 0.2162063 0.1868097 0.1728255 0.1155146 0.1893993 0.2045193 0.1743292 0.1377153 0.2145469 0.2969585 0.2037018 0.2148400 0.2278029 0.1838134 0.0114964 0.1830416 0.0204990 0.0234257 0.1225252 0.1328452 0.2254250 0.2109078 0.1602962 0.2010909 0.1950546 0.1930606 0.2005704 0.2190061 0.2277620 0.2050500 0.2007833 0.2667824 0.1914603 0.1976242 0.1819239 0.2787277 0.0144505 0.2924556 0.3592977 0.2438179 0.1807669 0.2397970 0.1920279 0.2125952 0.2902894 0.1871688 0.2061490 0.2091841 0.1835450 0.1907282 0.2732465 0.1890539 0.2009703 0.2258235 0.2245530 0.2177502 0.1787862 0.2163106 0.2219894 0.2175058 0.1921471 0.1713093 0.1932435 0.2094062 0.2175624 0.3241100 0.1850795 0.2154341 0.1887156 0.0233698 0.2470400 0.1940950 0.1961327 0.1801202 0.2003949 
S0427         0.4375424 0.3184820 0.1510354 0.2344256 0.0371572 0.3161380 0.0885410 0.3539791 0.1456333 0.1177504 0.0900201 0.1385532 0.1131779 0.0832990 0.0746877 0.1612439 0.1428378 0.1505040 0.1969931 0.1013727 0.1197214 0.0566628 0.1260250 0.0873633 0.1124724 0.1596738 0.1339644 0.1957016 0.0000000 0.1741316 0.1082838 0.1138264 0.1171476 0.1874156 0.1429278 0.0867592 0.0743411 0.1333288 0.1279154 0.1363030 0.0769369 0.1250141 0.1651714 0.1861820 0.0729941 0.1615619 0.1129410 0.0799023 0.1863305 0.0797752 0.1980224 0.2054073 0.1055683 0.1160638 0.1439623 0.1531904 0.1359267 0.1219949 0.1195452 0.1270479 0.1005636 0.1210058 0.1242863 0.0993977 0.1289770 0.1716359 0.1162168 0.1043688 0.0949370 0.1682723 0.1912216 0.1881923 0.1459349 0.1251292 0.1234127 0.1700150 0.0943497 0.1417345 0.1785357 0.0730728 0.0906189 0.1488896 0.1341552 0.1323853 0.1988681 0.1241319 0.1372090 0.1485682 0.1698558 0.1794235 0.0797435 0.1582275 0.1457621 0.1184037 0.0765712 0.0707493 0.0764647 0.1263536 0.0923867 0.1972591 0.1277850 0.1596299 0.0871511 0.1958395 0.1754669 0.1241222 0.1441266 0.0736302 0.0987519 
S0430         0.6223217 0.4077364 0.1927323 0.6453361 0.1318957 0.3647080 0.1605539 0.4198660 0.1696441 0.1543659 0.1545818 0.1557089 0.1437702 0.1427749 0.1474166 0.1623342 0.1040547 0.1739497 0.0178476 0.1369499 0.1531540 0.1654170 0.1889355 0.1413481 0.1293848 0.2227456 0.1407698 0.2452632 0.1741316 0.0000000 0.1220615 0.1274543 0.2089763 0.0180288 0.1704717 0.1316968 0.1294550 0.1328768 0.1563083 0.1404916 0.1426623 0.1782407 0.0166683 0.2283176 0.1672285 0.0000020 0.1280683 0.1363163 0.2329475 0.1312113 0.2474491 0.2580450 0.1435412 0.1700792 0.1891888 0.0981964 0.1231117 0.1301472 0.1388798 0.0486540 0.1467575 0.1467873 0.1540987 0.1506512 0.2078645 0.2198751 0.1219145 0.1263164 0.1378462 0.2158178 0.2393956 0.2364287 0.1403848 0.1863817 0.1533099 0.1090897 0.1493249 0.1770349 0.2289636 0.1311124 0.1635581 0.1541286 0.1333556 0.1414995 0.0230704 0.1451053 0.1356517 0.0797118 0.0031833 0.0300199 0.1402378 0.1095430 0.1501019 0.1483299 0.1359635 0.1239680 0.1371965 0.1482485 0.1374454 0.2326447 0.1416535 0.1954626 0.1458603 0.2454410 0.1909110 0.1998411 0.1462931 0.1279021 0.1511854 
S0478         0.4528476 0.3158632 0.1270423 0.0525887 0.0684054 0.2888942 0.1088497 0.2911143 0.0691526 0.0897351 0.0967563 0.0937644 0.0904793 0.0903145 0.1028992 0.0778161 0.1308318 0.1041368 0.1640343 0.0684784 0.1169521 0.0944435 0.1302860 0.0980774 0.0764082 0.1602153 0.0696580 0.1527022 0.1082838 0.1220615 0.0000000 0.1084526 0.1515331 0.1478417 0.0835336 0.0831976 0.0848035 0.1048957 0.0465801 0.0530412 0.0950492 0.1022183 0.1200966 0.1495261 0.1186197 0.1175788 0.0991794 0.0939680 0.1442960 0.0800736 0.1600811 0.1614049 0.1211337 0.0904461 0.0697089 0.1323964 0.0469751 0.0439484 0.0896163 0.0963394 0.1004927 0.1153460 0.1142575 0.0902905 0.1371818 0.1365034 0.0898947 0.0958444 0.0898466 0.1445952 0.1486575 0.1461457 0.0375552 0.1368018 0.0901277 0.1367434 0.1047745 0.1214630 0.1451873 0.0900972 0.1155966 0.0892625 0.0472584 0.0468873 0.1438639 0.0403649 0.0752711 0.0985783 0.1251223 0.1365242 0.0937192 0.1294301 0.1170890 0.0965663 0.0937674 0.0844361 0.1006263 0.0961249 0.1053681 0.1789312 0.0931865 0.0976752 0.1015167 0.1609512 0.1024959 0.1320238 0.0499800 0.0839823 0.1047220 
S0552sl       0.4555995 0.3598270 0.1563303 0.1876080 0.0794241 0.3385932 0.1093496 0.3472415 0.1334072 0.1220295 0.1202716 0.1351550 0.0998132 0.1162223 0.0975434 0.1361712 0.1214986 0.1673368 0.1482293 0.1186673 0.1300700 0.1104970 0.1558047 0.1136536 0.1037251 0.1911462 0.1308611 0.1990983 0.1138264 0.1274543 0.1084526 0.0000000 0.1498233 0.1375324 0.1501001 0.1129564 0.1035599 0.1212226 0.1179240 0.1329291 0.1104798 0.1170759 0.1323925 0.1956356 0.0903811 0.1179410 0.1280272 0.1128773 0.1896724 0.1053623 0.2070103 0.2043345 0.0826231 0.1089910 0.1417444 0.1134322 0.1265222 0.1079702 0.1015179 0.0970822 0.0319270 0.0381841 0.0379144 0.1215181 0.1294409 0.1732583 0.1125995 0.0636785 0.0713134 0.1774275 0.1945936 0.1868162 0.1397757 0.0930830 0.1216190 0.1375405 0.1326510 0.1303016 0.1690566 0.1017198 0.1171704 0.1449754 0.1314758 0.1298952 0.1554715 0.1097149 0.1253234 0.1100833 0.1217943 0.1384573 0.1054917 0.1274723 0.1470776 0.1132736 0.1055485 0.0851043 0.0942446 0.1130825 0.1027101 0.2062978 0.1062026 0.1684303 0.1091070 0.1992372 0.1710732 0.1192238 0.1377422 0.1025273 0.1088940 
S0558         0.4567513 0.3352619 0.1782279 0.3796112 0.0898214 0.3643017 0.1024411 0.3767684 0.1852000 0.1466026 0.1087593 0.1874094 0.1783236 0.0990752 0.1126108 0.1573983 0.1804718 0.2055861 0.1991292 0.1466825 0.1789245 0.1291645 0.1379017 0.1086169 0.1519703 0.1480829 0.1783253 0.2466884 0.1171476 0.2089763 0.1515331 0.1498233 0.0000000 0.2050281 0.2099459 0.1001641 0.0912770 0.1793363 0.1740519 0.1791535 0.1013597 0.1901786 0.1914345 0.2184221 0.1093912 0.1983076 0.1804251 0.1079612 0.2362190 0.1039834 0.2563198 0.2508920 0.1415518 0.1628340 0.1873164 0.1953028 0.1679703 0.1554077 0.1557990 0.1682523 0.1736809 0.1872830 0.1856392 0.1395003 0.1849107 0.2030045 0.1553566 0.1556104 0.1451969 0.2038518 0.2417070 0.2238414 0.2369245 0.1852314 0.1673458 0.2148378 0.1454884 0.1903642 0.2133788 0.1003696 0.1168445 0.2027923 0.1699460 0.1765608 0.2220623 0.1640975 0.1883910 0.1693461 0.2073090 0.2027641 0.1040830 0.1862271 0.1910962 0.1833119 0.1000752 0.0986658 0.0897896 0.1852673 0.0953839 0.2572952 0.1768739 0.2296598 0.1050075 0.2419327 0.2386923 0.1793454 0.1883632 0.0942066 0.0983960 
S0620         0.5590369 0.3531519 0.2037600 0.2810996 0.1434430 0.3995579 0.1626599 0.6642717 0.1995467 0.1571720 0.1614056 0.1785480 0.1726042 0.1382859 0.1835331 0.1902587 0.1394911 0.2347109 0.0348716 0.1760752 0.1717291 0.1762809 0.2094332 0.1500144 0.1314287 0.2557813 0.1598142 0.3119745 0.1874156 0.0180288 0.1478417 0.1375324 0.2050281 0.0000000 0.2015750 0.1549347 0.1315936 0.1534030 0.1822335 0.1809629 0.1590900 0.1825865 0.0218353 0.2352440 0.1862957 0.0169131 0.1538127 0.1433404 0.2936380 0.1432479 0.3245217 0.3207288 0.1545453 0.1618081 0.2123748 0.0982943 0.1492862 0.1462975 0.1344127 0.0647963 0.1552346 0.1540942 0.1649691 0.1759801 0.1971074 0.2494483 0.1348833 0.1298103 0.1489568 0.2277962 0.2936380 0.2361431 0.3247454 0.1795813 0.1652632 0.1170433 0.1818342 0.2046680 0.2432030 0.1431994 0.1807021 0.1737462 0.1637433 0.1757885 0.0416602 0.1608777 0.1664163 0.1025829 0.0212594 0.0441127 0.1555301 0.1191130 0.1687285 0.1845838 0.1497521 0.1338541 0.1438377 0.1651868 0.1524211 0.2860332 0.1692654 0.2281691 0.1576795 0.3019813 0.2481093 0.1906410 0.1878277 0.1374655 0.1636252 
S0624         0.5143092 0.3963687 0.1903150 0.0779921 0.1112500 0.3784201 0.1596644 0.3464641 0.0666955 0.1378683 0.1289668 0.0637566 0.1364240 0.1216083 0.1366030 0.0752404 0.1705169 0.0698331 0.1963891 0.0812712 0.1544769 0.1396233 0.1710332 0.1269945 0.0536303 0.2005353 0.0879688 0.2162063 0.1429278 0.1704717 0.0835336 0.1501001 0.2099459 0.2015750 0.0000000 0.1327787 0.1202779 0.0778286 0.1092813 0.1198473 0.1276347 0.1469694 0.1650647 0.1959425 0.1541250 0.1626842 0.1390293 0.1334930 0.2067620 0.1143719 0.2233148 0.2222186 0.1429783 0.1295399 0.1369324 0.1730481 0.1092578 0.0953216 0.1397253 0.1451351 0.1493625 0.1659900 0.1605464 0.1483223 0.1785718 0.1810049 0.1364615 0.1489565 0.1414451 0.1901277 0.2119115 0.2024421 0.0982257 0.1922782 0.1436608 0.1903401 0.1422274 0.1600217 0.2010452 0.1144082 0.1452267 0.0826139 0.1174758 0.1164260 0.1993572 0.1018041 0.0633517 0.1559522 0.1670530 0.1793297 0.1295330 0.1738099 0.1728475 0.1429015 0.1184165 0.1198706 0.1479318 0.1433774 0.1474164 0.2451540 0.1489281 0.0839815 0.1422581 0.2261198 0.0958759 0.1713348 0.0983963 0.1153398 0.1586627 
S0641         0.4904591 0.3659521 0.1438020 0.1935958 0.0517031 0.3123497 0.0765894 0.3258316 0.1394321 0.1168104 0.0591825 0.1531174 0.1128101 0.0453722 0.0888665 0.1382870 0.1147326 0.1480714 0.1576492 0.0972818 0.1205507 0.0868037 0.0836304 0.0496774 0.0989734 0.1294541 0.1179273 0.1868097 0.0867592 0.1316968 0.0831976 0.1129564 0.1001641 0.1549347 0.1327787 0.0000000 0.0377192 0.1284062 0.1160344 0.1194333 0.0468245 0.1217181 0.1274315 0.1626217 0.0890886 0.1216278 0.0993845 0.0494068 0.1776141 0.0401315 0.1940561 0.1906915 0.1265174 0.1091542 0.1341376 0.1326007 0.1098214 0.1063409 0.1038949 0.0994411 0.1233648 0.1396110 0.1421390 0.0753647 0.1323592 0.1491668 0.0830808 0.1079373 0.0941908 0.1496895 0.1824087 0.1683825 0.1182561 0.1458577 0.1279411 0.1285995 0.0973739 0.1417725 0.1672545 0.0430902 0.0630061 0.1274120 0.1178299 0.1167743 0.1481387 0.1077015 0.1312319 0.1166746 0.1292480 0.1359157 0.0462052 0.1335085 0.1454789 0.1180223 0.0462247 0.0439101 0.0719624 0.1261175 0.0633767 0.1975846 0.1195799 0.1609713 0.0405029 0.1957594 0.1538490 0.1362712 0.1203492 0.0373800 0.0596446 
