112
CRNC          0.0000000 0.4044609 0.4321667 0.6136532 0.8526117 0.7406418 0.5204373 0.6010183 0.7344374 0.5942837 0.5822808 0.6670761 0.5038309 0.6610561 0.6231531 0.5860592 0.5976537 0.5632303 0.5591555 0.5715743 0.6501508 0.6044727 0.6062622 0.5283058 0.6178223 0.5772004 0.5653422 0.8288357 0.5586819 0.6193597 0.5093093 0.5740482 0.6064968 0.5751049 0.6024776 0.6097287 0.5864629 0.5508050 0.5649549 0.6097287 0.5841838 0.5843239 0.5230009 0.6404978 0.6073040 0.3840337 0.6007975 0.5859200 0.6231521 0.5766311 0.5829432 0.5254170 0.5616562 0.5537869 0.4861039 0.6118528 0.5561810 0.5526522 0.6895535 0.5195707 0.5398027 0.5503855 0.4999058 0.5345200 0.6144579 0.5479325 0.5283052 0.5511798 0.4957427 0.5421693 0.5475177 0.5270816 0.5729675 0.5134232 0.5406298 0.6258318 0.5999713 0.6105794 0.6004392 0.5892000 0.5983966 0.5978092 0.5655067 0.5951633 0.6098814 0.5840086 0.4653430 0.5930274 0.5495359 0.6064151 0.5962591 0.6153946 0.5154199 0.6688865 0.6966881 0.5164387 0.5384194 0.5757249 0.6724996 0.5718973 0.8989778 0.6719163 0.6941751 0.5927506 0.6209951 0.5857126 0.6439360 0.6055770 0.5872115 0.5946799 0.5807717 0.6058093 
HYZL          0.4044609 0.0000000 0.1398632 0.4556683 0.5799758 0.6461122 0.4198010 0.4538055 0.5333539 0.4803220 0.4707000 0.4356795 0.5160567 0.5074029 0.3869203 0.5164713 0.5294324 0.5020601 0.5164447 0.4818761 0.4752849 0.3897947 0.4201916 0.5486465 0.4488225 0.4071894 0.4223849 5.0162128 0.4892019 0.4968529 0.3794968 0.4785321 0.4720439 0.4928340 0.4374531 0.4055096 0.5482720 0.4553966 0.5211852 0.4055096 0.5002980 0.4987941 0.4288588 0.4271281 0.4664730 0.3500898 0.4055096 0.4439902 0.4055096 0.4389866 0.4426927 0.3849769 0.4817140 0.4342278 0.3764090 0.5448080 0.4050800 0.4564580 0.4951607 0.3902169 0.3882947 0.3887837 0.4183866 0.4083249 0.4843477 0.4159287 0.4116561 0.4662347 0.5133664 0.4840082 0.4493490 0.3924632 0.4389866 0.4117369 0.4177844 0.5084749 0.4839101 0.4674733 0.5430687 0.4434233 0.5644651 0.4512653 0.4279099 0.5161256 0.5142658 0.4687264 0.4192105 0.4828241 0.4751909 0.4817310 0.4912720 0.4009434 0.4049781 0.4768223 0.5410618 0.3581714 0.3614801 0.4702387 0.4896058 0.4749349 0.6843380 0.4820927 0.5456972 0.5515323 0.5314338 0.4389866 1.0688045 0.4826915 0.5246424 0.3865322 0.5223751 0.4159938 
MYZV          0.4321667 0.1398632 0.0000000 0.6489557 0.8440486 0.7753547 0.5665513 0.6009940 0.6237266 0.5908087 0.5550023 0.6258132 0.5502159 0.6427776 0.5753386 0.5981167 0.5298289 0.5899711 0.6253107 0.4812087 0.6330351 0.5432430 0.5819989 0.5722410 0.5324492 0.5271066 0.5331653 0.7741559 0.4851822 0.6062759 0.5363878 0.5684344 0.5969245 0.5605342 0.5746025 0.5630859 0.6201801 0.5048266 0.5664710 0.5630859 0.5639993 0.5341552 0.5091924 0.5748271 0.5769967 0.5378067 0.5730382 0.5478994 0.5753471 0.5566243 0.5624617 0.5459436 0.5161599 0.4909919 0.5483438 0.5893242 0.5016019 0.5669022 0.6214418 0.5509672 0.5679663 0.5837973 0.5632035 0.5158615 0.5086984 0.5443164 0.5764605 0.5870365 0.5814890 0.5865141 0.6425612 0.4972133 0.5654000 0.5010566 0.5815270 0.6391431 0.6317196 0.5709786 0.6119198 0.5782450 0.5884501 0.5816869 0.5333471 0.5646545 0.5769099 0.5404144 0.4820280 0.6030491 0.5934562 0.5572870 0.4936193 0.5685046 0.5486873 0.5899480 0.6421944 0.4778829 0.5034770 0.5886903 0.6566487 0.5531900 0.6946811 0.6110602 0.6511048 0.6195884 0.5854956 0.5753349 0.7105993 0.5030726 0.5912865 0.5539581 0.5018674 0.5850595 
SRR6441723    0.6136532 0.4556683 0.6489557 0.0000000 0.1023498 0.1329249 0.2902856 0.1064911 0.0850504 0.1292617 0.1294192 0.0952731 0.1110418 0.0497941 0.0835559 0.1288211 0.0927056 0.1303682 0.1320518 0.1009560 0.0681115 0.0925629 0.0788304 0.1328431 0.0879818 0.1091768 0.1011097 0.1698750 0.0851526 0.1351347 0.0673919 0.1121202 0.1440940 0.1151863 0.1027368 0.0787599 0.1211338 0.1217575 0.1346371 0.0787599 0.1188244 0.1476760 0.1847805 0.0959535 0.1166093 0.0888300 0.0823775 0.0843989 0.0754486 0.0806558 0.0811630 0.0559864 0.1059252 0.1380506 0.0899932 0.1150109 0.1235260 0.0643622 0.1268489 0.0776364 0.0597496 0.0707473 0.0740760 0.1176392 0.1409651 0.2148291 0.0813831 0.0963127 0.0902871 0.0814562 0.0710159 0.1989214 0.0843581 0.1956654 0.0611025 0.0597091 0.1155913 0.0943921 0.0558940 0.0954527 0.0966313 0.0490590 0.1140964 0.1071019 0.1116047 0.1242872 0.1059306 0.1259893 0.1324239 0.1333776 0.1028328 0.0787599 0.1003398 0.0614405 0.0533509 0.0606173 0.0595878 0.1040851 0.0562705 0.0834940 0.1530146 0.0461227 0.0603564 0.1202792 0.0952249 0.0882162 0.1696204 0.1414431 0.1190915 0.0758728 0.1423221 0.0784977 
ERR4210213    0.8526117 0.5799758 0.8440486 0.1023498 0.0000000 0.1668956 0.3841156 0.1818776 0.1777717 0.1549542 0.2260885 0.1721783 0.1806277 0.1264771 0.1654324 0.1490189 0.1498859 0.2388801 0.1749631 0.1456078 0.0384589 0.1727828 0.1654324 0.1568572 0.1826489 0.1651726 0.1494884 0.2139526 0.1286996 0.1740640 0.0972812 0.1606387 0.2601924 0.1637701 0.1419532 0.1641875 0.2001871 0.2111028 0.1773122 0.1641875 0.2211245 0.1788327 0.3612461 0.2000171 0.1743901 0.1238558 0.1614034 0.1715540 0.1570656 0.1715540 0.1724699 0.0960593 0.1914264 0.2093626 0.1611407 0.1700254 0.1940408 0.1408796 0.1921208 0.1096415 0.1109826 0.1039954 0.0912154 0.1865649 0.2377324 0.3441421 0.1106345 0.1310976 0.2794810 0.1298978 0.1321443 0.3708243 0.1788522 0.3858235 0.1203979 0.1184186 0.1678441 0.1664141 0.1102153 0.1611629 0.1472905 0.0979344 0.1826215 0.1677834 0.1774499 0.1758808 0.1666554 0.1579260 0.2203921 0.1973836 0.1511646 0.1499277 0.1625478 0.1121408 0.1199307 0.1216379 0.1389231 0.1967692 0.1253847 0.1378290 0.1833097 0.1185294 0.1225789 0.1261690 0.1445311 0.1866617 0.1932233 0.2370325 0.1685841 0.1513576 0.2616115 0.1336988 
ERR2789774    0.7406418 0.6461122 0.7753547 0.1329249 0.1668956 0.0000000 0.3408111 0.0972483 0.1162147 0.1699122 0.2023263 0.0783414 0.1649091 0.1633840 0.0704211 0.1656854 0.1736555 0.2337447 0.1757875 0.2049346 0.1913858 0.0914290 0.0658873 0.1843360 0.0818953 0.1579460 0.1192732 0.1601578 0.1960013 0.1885521 0.1498308 0.1145466 0.2272121 0.1610410 0.0922487 0.0658279 0.1820695 0.1643073 0.1703319 0.0658279 0.1736767 0.2276384 0.2150523 0.1063583 0.2199083 0.1450595 0.0660044 0.1343553 0.0624998 0.1343553 0.1307190 0.1520656 0.1728900 0.1883113 0.1680788 0.1730417 0.1656742 0.1254048 0.2116749 0.1680028 0.1484706 0.1838821 0.1676844 0.1291895 0.2163251 0.2417543 0.1581454 0.1831677 0.1966137 0.1920205 0.1690911 0.2248152 0.1299967 0.2213680 0.1519948 0.1621620 0.2082078 0.1010431 0.1599028 0.0744211 0.1151231 0.1477700 0.1692651 0.1580763 0.1643587 0.2409007 0.1635009 0.1724306 0.1974976 0.2366512 0.2239373 0.0658279 0.1738848 0.1932080 0.1643463 0.0546600 0.0537675 0.1029750 0.1578046 0.0895599 0.1363196 0.1576464 0.1692865 0.1461509 0.1098020 0.1432684 0.1842184 0.2170588 0.1525936 0.0593870 0.2123164 0.0975137 
PAFTOL_019361 0.5204373 0.4198010 0.5665513 0.2902856 0.3841156 0.3408111 0.0000000 0.2806118 0.3201937 0.3228787 0.2584327 0.2917979 0.3067664 0.2817715 0.2680082 0.3203083 0.2605078 0.3608711 0.3412552 0.2323401 0.3212283 0.2648508 0.2615582 0.3403549 0.2560600 0.2558765 0.2730739 0.4039578 0.2953239 0.3401076 0.2392361 0.3037625 0.3390751 0.2867740 0.2727851 0.2728557 0.3192363 0.2761424 0.3070900 0.2728557 0.2518839 0.2721093 0.3181575 0.2946930 0.3010924 0.3193153 0.2842878 0.2510836 0.2678405 0.2572414 0.2595378 0.2476253 0.2482364 0.3238155 0.2800968 0.3141310 0.3112104 0.2412924 0.3146984 0.2318165 0.2536212 0.2658096 0.2484930 0.3184698 0.2865418 0.3241051 0.2628167 0.2935762 0.3041673 0.2628485 0.2624433 0.3023160 0.2509756 0.3146481 0.2537486 0.3023533 0.3374496 0.2826157 0.2854294 0.2701820 0.3145915 0.2556952 0.2559269 0.2918808 0.3012908 0.3241533 0.3046524 0.2925459 0.3425059 0.3288589 0.3228254 0.2654353 0.2887271 0.3464897 0.2977954 0.2138468 0.2186243 0.2699545 0.2742434 0.2682428 0.4113576 0.2864290 0.3034956 0.3090398 0.3026292 0.2567001 0.4484808 0.3095367 0.3041587 0.2534158 0.2998100 0.2759915 
S0055         0.6010183 0.4538055 0.6009940 0.1064911 0.1818776 0.0972483 0.2806118 0.0000000 0.1009411 0.1393288 0.1510272 0.0604762 0.1201649 0.1071652 0.0500286 0.1296993 0.1241431 0.1807548 0.1272619 0.1508924 0.1455813 0.0602220 0.0490670 0.1293033 0.0534155 0.1158163 0.0728849 0.1552807 0.1549353 0.1393674 0.1033505 0.0861683 0.1769404 0.1162927 0.0743202 0.0460936 0.1303499 0.1309226 0.1289032 0.0460936 0.1241081 0.1871006 0.1627778 0.0748612 0.1713331 0.1199821 0.0535278 0.0949687 0.0429987 0.0987624 0.0954038 0.1155808 0.1099958 0.1391565 0.1160854 0.1315852 0.1442845 0.0790434 0.1418395 0.1180194 0.1101563 0.1365257 0.1188522 0.0992192 0.1735750 0.1930154 0.1180629 0.1330627 0.1217046 0.1378871 0.1156951 0.1676874 0.1025859 0.1681019 0.1126664 0.1122881 0.1548642 0.0734909 0.1026286 0.0493424 0.0596476 0.0819712 0.1250570 0.1189830 0.1239542 0.1825392 0.1159448 0.1269252 0.1554971 0.1804973 0.1778203 0.0460936 0.1252836 0.1141342 0.1115838 0.0314706 0.0344381 0.0363251 0.0984128 0.0634048 0.1457407 0.1025143 0.1167024 0.1170711 0.0627923 0.1065907 0.1734603 0.1741384 0.1141033 0.0469514 0.1699595 0.0596623 
S0196sl       0.7344374 0.5333539 0.6237266 0.0850504 0.1777717 0.1162147 0.3201937 0.1009411 0.0000000 0.0981003 0.0719342 0.1007692 0.1052161 0.1031092 0.0947989 0.1109328 0.1209059 0.1458361 0.1078677 0.1139585 0.1613857 0.1096611 0.0879404 0.1104620 0.1006039 0.0935548 0.0934546 0.1198986 0.1163237 0.1399926 0.1074192 0.1019592 0.1841459 0.1044421 0.1106227 0.0767191 0.1182982 0.1073864 0.1218494 0.0874160 0.0670015 0.1438294 0.1876497 0.1272906 0.1520433 0.1110173 0.1008192 0.0126958 0.0825169 0.0126958 0.0127963 0.1137599 0.0457909 0.1013214 0.1091403 0.1081424 0.1038283 0.0502373 0.1453443 0.1317202 0.1128292 0.1246240 0.1256360 0.1221465 0.1076131 0.2018763 0.0761907 0.1075890 0.1950913 0.1215839 0.1198567 0.2022940 0.0170305 0.2043341 0.1012780 0.1290350 0.1259480 0.1053704 0.1039316 0.1067323 0.1011609 0.0963041 0.1179863 0.0958702 0.1021683 0.1292788 0.0938268 0.1057544 0.1744296 0.1595412 0.1498362 0.0874160 0.1053005 0.1380494 0.0978133 0.0715780 0.0697158 0.1283932 0.0965121 0.0898604 0.1420340 0.0962908 0.1041994 0.0872116 0.0940191 0.0214598 0.1370203 0.0963817 0.1077274 0.0895439 0.1013498 0.0954172 
S0278         0.5942837 0.4803220 0.5908087 0.1292617 0.1549542 0.1699122 0.3228787 0.1393288 0.0981003 0.0000000 0.1484218 0.1466969 0.0364131 0.1244994 0.1330223 0.0268327 0.1867978 0.1806921 0.0366302 0.1790081 0.1481831 0.1450833 0.1302943 0.0398684 0.1138623 0.0335314 0.1168513 0.0505509 0.1772325 0.0622615 0.0971402 0.1211182 0.1840958 0.0298611 0.1290462 0.1268459 0.0364748 0.0802165 0.0761477 0.1268459 0.1191980 0.1860518 0.2131989 0.1317938 0.1668719 0.1404660 0.1376795 0.1085047 0.1232070 0.1077411 0.1043200 0.0997618 0.1102634 0.0684600 0.1249333 0.0834133 0.0709732 0.0942586 0.2014199 0.1083698 0.0907393 0.1076640 0.1131557 0.1435627 0.1416429 0.2145062 0.1344462 0.1595576 0.1508204 0.1218450 0.1249861 0.2244269 0.1069851 0.2250450 0.0942374 0.1404973 0.1829436 0.1186313 0.1167118 0.1169872 0.1155675 0.1123609 0.0436880 0.0762038 0.0795627 0.1734903 0.0491379 0.0301067 0.1641403 0.1898346 0.1892754 0.1268459 0.1379263 0.1470112 0.1292946 0.0815200 0.0975818 0.1478672 0.1110720 0.0929852 0.0461256 0.1194451 0.1296733 0.0359922 0.1183958 0.1158179 0.0420853 0.1421264 0.0681516 0.1247472 0.1356514 0.1209430 
S0281         0.5822808 0.4707000 0.5550023 0.1294192 0.2260885 0.2023263 0.2584327 0.1510272 0.0719342 0.1484218 0.0000000 0.1438255 0.1304676 0.1435046 0.1304422 0.1564879 0.1280950 0.1487266 0.1643717 0.1122742 0.1772952 0.1413370 0.1278079 0.1482583 0.1272428 0.1216274 0.1184992 0.1679700 0.1244502 0.1690164 0.1080575 0.1440282 0.1846395 0.1283406 0.1215755 0.1244230 0.1502235 0.1490915 0.1344747 0.1244230 0.0580339 0.1604187 0.1669913 0.1396798 0.1633728 0.1104236 0.1349987 0.0603901 0.1208503 0.0638315 0.0642134 0.1141778 0.0474681 0.1547485 0.1134980 0.1478220 0.1401730 0.0851893 0.1530141 0.1330607 0.1184237 0.1273689 0.1242279 0.1472170 0.0950712 0.1860692 0.1381635 0.1399779 0.1391019 0.1419299 0.1425561 0.1669124 0.0673003 0.1773766 0.1135560 0.1378381 0.1624006 0.1195065 0.1464073 0.1388761 0.1282112 0.1326216 0.1355697 0.1345146 0.1398209 0.1482837 0.1327870 0.1465154 0.1728579 0.1768831 0.1454815 0.1244230 0.1253550 0.1712584 0.1485978 0.0970466 0.0993669 0.1487630 0.1424783 0.1095587 0.1733202 0.1381353 0.1490134 0.1465872 0.1350559 0.0708963 0.1749888 0.0838232 0.1380466 0.1270224 0.0786831 0.1100384 
S0282         0.6670761 0.4356795 0.6258132 0.0952731 0.1721783 0.0783414 0.2917979 0.0604762 0.1007692 0.1466969 0.1438255 0.0000000 0.1268708 0.0887608 0.0143677 0.1361868 0.1126799 0.1729045 0.1443879 0.1424371 0.1383027 0.0370245 0.0236067 0.1449689 0.0573269 0.1206132 0.0768637 0.1650101 0.1465131 0.1467340 0.0966384 0.0904437 0.1642231 0.1228840 0.0560325 0.0174139 0.1374312 0.1363898 0.1358852 0.0174139 0.1320028 0.1794255 0.1670585 0.0610753 0.1638648 0.1543924 0.0237746 0.0917703 0.0144518 0.0955558 0.0961655 0.1087625 0.1186537 0.1465163 0.1130268 0.1211685 0.1407648 0.0764556 0.1440549 0.1160775 0.1034487 0.1295102 0.1120394 0.0955729 0.1684981 0.1980177 0.1274283 0.1260315 0.1153504 0.1306293 0.1168984 0.1720838 0.0993706 0.1674621 0.1058284 0.1133311 0.1476483 0.0674139 0.1066232 0.0337558 0.0611909 0.0878874 0.1303717 0.1170639 0.1220748 0.1739411 0.1285779 0.1339470 0.1486520 0.1827373 0.1690524 0.0174139 0.1309581 0.1239758 0.0929660 0.0219906 0.0182395 0.0508837 0.0917962 0.0603588 0.1589941 0.0879880 0.0969982 0.1154279 0.0638625 0.1033628 0.1883721 0.1683517 0.1205309 0.0177201 0.1648439 0.0535038 
S0289         0.5038309 0.5160567 0.5502159 0.1110418 0.1806277 0.1649091 0.3067664 0.1201649 0.1052161 0.0364131 0.1304676 0.1268708 0.0000000 0.1139230 0.1139361 0.0496614 0.1523536 0.1516966 0.0401424 0.1686603 0.1316030 0.1250788 0.1116257 0.0292262 0.0957199 0.0423851 0.0869805 0.0644806 0.1558213 0.0644892 0.0871539 0.0947772 0.1805378 0.0328185 0.1182851 0.1082949 0.0328505 0.0639167 0.0662638 0.1082949 0.1088380 0.1678593 0.1770487 0.1125613 0.1636573 0.1271246 0.1137705 0.0987225 0.1047762 0.0948795 0.0915281 0.0906828 0.1002880 0.0673856 0.1177600 0.0731356 0.0623606 0.0848607 0.1830554 0.1018527 0.0858037 0.1029785 0.1025999 0.1160096 0.1223786 0.1869749 0.1251345 0.1491612 0.1322317 0.1113703 0.1110140 0.1872196 0.0942062 0.1876972 0.0892406 0.1201792 0.1720224 0.1001624 0.1019455 0.0991127 0.0974424 0.1021837 0.0526807 0.0663040 0.0695119 0.1595437 0.0416420 0.0466160 0.1644628 0.1627420 0.1598638 0.1082949 0.1346828 0.1412801 0.1185153 0.0680858 0.0794525 0.1278878 0.1048287 0.0837040 0.0673428 0.1090863 0.1188680 0.0328342 0.1040661 0.1026491 0.0465731 0.1228010 0.0587936 0.1019124 0.1168469 0.1104465 
S0292         0.6610561 0.5074029 0.6427776 0.0497941 0.1264771 0.1633840 0.2817715 0.1071652 0.1031092 0.1244994 0.1435046 0.0887608 0.1139230 0.0000000 0.0884627 0.1151218 0.0820065 0.1287686 0.1305881 0.0911009 0.0766101 0.0977261 0.0866969 0.1190228 0.0835916 0.1001802 0.1056086 0.2024126 0.0903435 0.1213853 0.0608249 0.1115323 0.1392472 0.1020660 0.1083311 0.0835082 0.1157207 0.1145336 0.1248735 0.0835082 0.1236052 0.1313803 0.1892726 0.0839063 0.1137553 0.1149605 0.0925080 0.0886019 0.0801458 0.0923824 0.0929731 0.0643746 0.1105061 0.1239877 0.0825723 0.1021551 0.1223864 0.0647780 0.1226429 0.0709869 0.0601315 0.0825075 0.0674692 0.1388442 0.1397735 0.2157207 0.0909228 0.0924067 0.0917636 0.0819922 0.0714707 0.1997387 0.0961924 0.1942614 0.0614999 0.0758759 0.1083249 0.0988285 0.0434278 0.0871940 0.0772817 0.0361120 0.1011111 0.0981827 0.1029469 0.1107031 0.1025540 0.1122704 0.1276687 0.1356590 0.1084569 0.0835082 0.0969298 0.0693420 0.0084618 0.0571435 0.0638005 0.1047516 0.0267952 0.0755811 0.1514388 0.0144723 0.0202986 0.1107954 0.0917677 0.1001760 0.1606172 0.1402446 0.1098909 0.0851780 0.1411092 0.0789986 
S0293         0.6231531 0.3869203 0.5753386 0.0835559 0.1654324 0.0704211 0.2680082 0.0500286 0.0947989 0.1330223 0.1304422 0.0143677 0.1139361 0.0884627 0.0000000 0.1234231 0.1068723 0.1579871 0.1306311 0.1309034 0.1248398 0.0272687 0.0085589 0.1314413 0.0469201 0.1080291 0.0660856 0.1447146 0.1349573 0.1330629 0.0847610 0.0789905 0.1500743 0.1100623 0.0458729 0.0085526 0.1240573 0.1231237 0.1226600 0.0085526 0.1188561 0.1647774 0.1520836 0.0538292 0.1497637 0.1394641 0.0145926 0.0801476 0.0056969 0.0838282 0.0843546 0.0965198 0.1059630 0.1328523 0.0997875 0.1168707 0.1270240 0.0653178 0.1306664 0.1036738 0.0914790 0.1166413 0.0997628 0.0876955 0.1542304 0.1821469 0.1147244 0.1131813 0.1080317 0.1173023 0.1044038 0.1569691 0.0875374 0.1573549 0.0935893 0.1013102 0.1341952 0.0567661 0.0942697 0.0241082 0.0575291 0.0763893 0.1174082 0.1045415 0.1093491 0.1629556 0.1150724 0.1205935 0.1350792 0.1680626 0.1566355 0.0085526 0.1175191 0.1110389 0.0926561 0.0123294 0.0089500 0.0473940 0.0878376 0.0499282 0.1520423 0.0840643 0.0929469 0.1027424 0.0568727 0.0914065 0.1805424 0.1547460 0.1079666 0.0087004 0.1506279 0.0432837 
S0299         0.5860592 0.5164713 0.5981167 0.1288211 0.1490189 0.1656854 0.3203083 0.1296993 0.1109328 0.0268327 0.1564879 0.1361868 0.0496614 0.1151218 0.1234231 0.0000000 0.1541672 0.1730504 0.0398964 0.1656025 0.1339028 0.1264207 0.1209028 0.0364610 0.1048479 0.0333165 0.0997255 0.0652525 0.1587809 0.0513552 0.0962450 0.1200598 0.1825029 0.0234699 0.1279020 0.1175101 0.0395949 0.0687390 0.0610879 0.1175101 0.1267892 0.1611814 0.1949081 0.1268263 0.1522703 0.1436151 0.1237035 0.1078451 0.1134755 0.1117871 0.1083546 0.1035656 0.1176936 0.0645914 0.1289356 0.0682247 0.0671618 0.0934103 0.1858149 0.1073891 0.0944531 0.1168377 0.1039776 0.1301181 0.1550204 0.1915282 0.1256216 0.1405631 0.1296270 0.1117217 0.1205098 0.2057115 0.1110077 0.2062643 0.0979633 0.1266168 0.1630473 0.1094647 0.1118431 0.1079819 0.1064327 0.1032605 0.0336207 0.0683450 0.0716473 0.1689196 0.0493833 0.0298386 0.1526171 0.1804053 0.1766338 0.1175101 0.1428485 0.1232655 0.1197674 0.0730521 0.0886903 0.1292486 0.1020784 0.0770995 0.0683537 0.1102284 0.1118658 0.0357658 0.1013283 0.1199366 0.0429607 0.1548965 0.0535824 0.1153385 0.1487592 0.1070952 
S0303         0.5976537 0.5294324 0.5298289 0.0927056 0.1498859 0.1736555 0.2605078 0.1241431 0.1209059 0.1867978 0.1280950 0.1126799 0.1523536 0.0820065 0.1068723 0.1541672 0.0000000 0.0782814 0.1683622 0.0378549 0.1183042 0.1231131 0.1112316 0.1752119 0.0959586 0.1406805 0.0975637 0.5149319 0.0466385 0.1566481 0.0989384 0.1069643 0.1061084 0.1328354 0.1324592 0.0942869 0.1699920 0.1265836 0.1396168 0.1061709 0.1209568 0.0429729 0.1664250 0.0998948 0.0421592 0.0955013 0.1061709 0.1108364 0.1002276 0.1168674 0.1174190 0.0922362 0.1192183 0.1413639 0.0599193 0.1246544 0.1172336 0.0805995 0.0691587 0.1104952 0.0912589 0.1061040 0.0928010 0.1213487 0.1592988 0.1750495 0.1060789 0.0769782 0.0982188 0.1112808 0.0820355 0.1748918 0.1107582 0.1811653 0.0741496 0.1256667 0.0885747 0.0994971 0.0960379 0.1207801 0.1222849 0.0754174 0.1365295 0.1179705 0.1192233 0.0417286 0.1309321 0.1624678 0.0747954 0.0521424 0.0526360 0.1061709 0.0740469 0.0902204 0.0821267 0.0681116 0.0613591 0.1003848 0.0999925 0.0947785 0.1492691 0.0946676 0.0940552 0.1532470 0.1210269 0.1170395 0.2162332 0.1589542 0.1102419 0.1084490 0.1556717 0.1113950 
S0308         0.5632303 0.5020601 0.5899711 0.1303682 0.2388801 0.2337447 0.3608711 0.1807548 0.1458361 0.1806921 0.1487266 0.1729045 0.1516966 0.1287686 0.1579871 0.1730504 0.0782814 0.0000000 0.1702055 0.0827399 0.1745269 0.1704833 0.1546470 0.1765353 0.1534926 0.1596853 0.1209153 0.2342149 0.0978073 0.1803416 0.1212406 0.1644311 0.1089774 0.1576674 0.1654696 0.1459953 0.1743160 0.1459545 0.1704748 0.1509723 0.1365916 0.0979138 0.2211160 0.1604963 0.1052838 0.1676763 0.1442087 0.1179886 0.1471102 0.1220715 0.1228891 0.1125731 0.1326548 0.1684479 0.0596787 0.1665208 0.1321932 0.1068865 0.0969340 0.1379823 0.1230240 0.1423023 0.1245698 0.1686747 0.1926041 0.2363358 0.1470059 0.0836729 0.0847000 0.1302237 0.1216092 0.2323941 0.1216720 0.2330338 0.1006489 0.1336992 0.0935389 0.1308956 0.1386550 0.1673547 0.1546219 0.1250511 0.1559754 0.1566960 0.1625952 0.0892292 0.1238810 0.1679919 0.0938286 0.1056545 0.0935729 0.1509723 0.0793701 0.1320335 0.1426861 0.1199580 0.1088506 0.1732790 0.1256767 0.1463878 0.2416134 0.1321815 0.1312994 0.1639379 0.1618901 0.1221917 0.2184925 0.1783269 0.1644266 0.1480383 0.1617277 0.1250932 
S0320         0.5591555 0.5164447 0.6253107 0.1320518 0.1749631 0.1757875 0.3412552 0.1272619 0.1078677 0.0366302 0.1643717 0.1443879 0.0401424 0.1305881 0.1306311 0.0398964 0.1683622 0.1702055 0.0000000 0.1713658 0.1453889 0.1427323 0.1279225 0.0466745 0.1162974 0.0438137 0.1092864 0.0817449 0.1650846 0.0742472 0.1106537 0.1172857 0.1944618 0.0463804 0.1440318 0.1244459 0.0469280 0.0897681 0.0777553 0.1244459 0.1337070 0.1771297 0.2289393 0.1393966 0.1674427 0.1276763 0.1353144 0.1107997 0.1207756 0.1067389 0.1032526 0.1185318 0.1242995 0.0729049 0.1368631 0.0776715 0.0879140 0.1043139 0.1896146 0.1221935 0.1088320 0.1276993 0.1272189 0.1554905 0.1442738 0.2232112 0.1338908 0.1415369 0.1374623 0.1394550 0.1311335 0.2406036 0.1059739 0.2412829 0.1033564 0.1526371 0.1641528 0.1245421 0.1226453 0.1145505 0.1164256 0.1215584 0.0615803 0.0704250 0.0738164 0.1636052 0.0568857 0.0395266 0.1731523 0.1718400 0.1694480 0.1244459 0.1463974 0.1647876 0.1355176 0.0823451 0.0944559 0.1455547 0.1168135 0.0982308 0.0904207 0.1253931 0.1359119 0.0298181 0.1192718 0.1149554 0.0530316 0.1447705 0.0695801 0.1223011 0.1381556 0.1269753 
S0322         0.5715743 0.4818761 0.4812087 0.1009560 0.1456078 0.2049346 0.2323401 0.1508924 0.1139585 0.1790081 0.1122742 0.1424371 0.1686603 0.0911009 0.1309034 0.1656025 0.0378549 0.0827399 0.1713658 0.0000000 0.1214307 0.1391608 0.1275150 0.1882163 0.1150075 0.1476823 0.1316772 0.3285996 0.0517791 0.1693966 0.0902837 0.1532236 0.0804409 0.1346556 0.1408644 0.1127995 0.1838532 0.1614589 0.1340377 0.1231750 0.1147938 0.0071878 0.2072908 0.1230925 0.0431305 0.1555030 0.1367890 0.0951947 0.1185942 0.1000474 0.1008641 0.0843940 0.1028279 0.1614496 0.0531247 0.1465258 0.1487070 0.0752972 0.0600466 0.0946768 0.0892481 0.1000577 0.0852796 0.1476821 0.1556618 0.1910414 0.1181813 0.0670394 0.1099911 0.0989525 0.0858672 0.2152160 0.0951373 0.2218011 0.0748922 0.1223980 0.0757523 0.1229667 0.1206653 0.1418037 0.1440800 0.0805754 0.1372750 0.1348286 0.1418624 0.0511010 0.1503929 0.1560733 0.0856196 0.0514769 0.0575873 0.1231750 0.0619017 0.1102550 0.0959854 0.0868465 0.0752360 0.1297106 0.1009097 0.1037093 0.1736137 0.0964746 0.1009111 0.1757428 0.1476895 0.1001698 0.2108714 0.1501512 0.1510957 0.1264939 0.1425427 0.1067637 
S0335         0.6501508 0.4752849 0.6330351 0.0681115 0.0384589 0.1913858 0.3212283 0.1455813 0.1613857 0.1481831 0.1772952 0.1383027 0.1316030 0.0766101 0.1248398 0.1339028 0.1183042 0.1745269 0.1453889 0.1214307 0.0000000 0.1317943 0.1137494 0.1370662 0.1193054 0.1212301 0.1301502 0.2282689 0.1059194 0.1401335 0.0770848 0.1323143 0.1770676 0.1282910 0.1379643 0.1188471 0.1341135 0.1390002 0.1440454 0.1188471 0.1714998 0.1551122 0.2464660 0.1180481 0.1372384 0.1117573 0.1229526 0.1304624 0.1152305 0.1347373 0.1356706 0.0876234 0.1563158 0.1475690 0.1191215 0.1290803 0.1446478 0.0977179 0.1475320 0.0878323 0.0883713 0.0972324 0.0805948 0.1534651 0.1813043 0.2671809 0.1175526 0.1158497 0.1176600 0.1143339 0.1051204 0.2583199 0.1390458 0.2590489 0.0904322 0.0733120 0.1428021 0.1317987 0.0728488 0.1063198 0.1264004 0.0762834 0.1223792 0.1193728 0.1244756 0.1517031 0.1234897 0.1204805 0.1524454 0.1501114 0.1192812 0.1106719 0.1297118 0.0786698 0.0806316 0.0772695 0.0921286 0.1351203 0.0722333 0.1019750 0.1648815 0.0724072 0.0817177 0.1240969 0.1337028 0.1344918 0.1590492 0.1819055 0.1276424 0.1116892 0.1894054 0.1135988 
S0400         0.6044727 0.3897947 0.5432430 0.0925629 0.1727828 0.0914290 0.2648508 0.0602220 0.1096611 0.1450833 0.1413370 0.0370245 0.1250788 0.0977261 0.0272687 0.1264207 0.1231131 0.1704833 0.1427323 0.1391608 0.1317943 0.0000000 0.0302959 0.1433495 0.0654504 0.1187824 0.0746941 0.1587915 0.1432854 0.1294187 0.0900262 0.0921527 0.1627875 0.1127312 0.0570471 0.0238300 0.1357282 0.1234814 0.1252693 0.0238300 0.1231441 0.1729571 0.1576853 0.0728986 0.1435118 0.1231483 0.0305146 0.0935248 0.0208373 0.0973841 0.0980165 0.1020937 0.1100920 0.1332207 0.1047236 0.1111306 0.1273944 0.0736613 0.1376689 0.1094068 0.0968676 0.1106053 0.0975151 0.0897225 0.1637914 0.1866962 0.1166841 0.1151424 0.1278817 0.1151157 0.1101877 0.1573701 0.1012731 0.1577585 0.1031262 0.1030499 0.1365423 0.0686606 0.1025060 0.0337267 0.0655212 0.0801146 0.1177565 0.1067564 0.1116719 0.1780914 0.1098706 0.1321983 0.1422435 0.1763033 0.1658893 0.0238300 0.1283044 0.1129840 0.1021008 0.0254748 0.0249913 0.0507929 0.0970293 0.0545179 0.1585401 0.0931294 0.0991546 0.1135065 0.0616985 0.1053450 0.1876522 0.1643354 0.1102394 0.0177079 0.1601515 0.0506810 
S0405         0.6062622 0.4201916 0.5819989 0.0788304 0.1654324 0.0658873 0.2615582 0.0490670 0.0879404 0.1302943 0.1278079 0.0236067 0.1116257 0.0866969 0.0085589 0.1209028 0.1112316 0.1546470 0.1279225 0.1275150 0.1137494 0.0302959 0.0000000 0.1287652 0.0460141 0.1058672 0.0648283 0.1330392 0.1314894 0.1303349 0.0830668 0.0774454 0.1470102 0.1078295 0.0489267 0.0114034 0.1215171 0.1206173 0.1201682 0.0114034 0.1164346 0.1614054 0.1488140 0.0527849 0.1467138 0.1234518 0.0175109 0.0785615 0.0085458 0.0821695 0.0826761 0.0945876 0.1038142 0.1301291 0.0976503 0.1145204 0.1243719 0.0640319 0.1280275 0.1016071 0.0896662 0.1143022 0.0977757 0.0757809 0.1510843 0.1782570 0.1124426 0.1108971 0.1135000 0.1148717 0.1023112 0.1535992 0.0858057 0.1539700 0.0917029 0.0992684 0.1314941 0.0556735 0.0923560 0.0236492 0.0564091 0.0748796 0.1150408 0.1024424 0.1071432 0.1592027 0.1126461 0.1181085 0.1323423 0.1646414 0.1525184 0.0114034 0.1107803 0.1087712 0.0908000 0.0120867 0.0088815 0.0464725 0.0860934 0.0489694 0.1434576 0.0823945 0.0910818 0.1006448 0.0557765 0.0895967 0.1705942 0.1515839 0.1058088 0.0116005 0.1475422 0.0424551 
S0407sl       0.5283058 0.5486465 0.5722410 0.1328431 0.1568572 0.1843360 0.3403549 0.1293033 0.1104620 0.0398684 0.1482583 0.1449689 0.0292262 0.1190228 0.1314413 0.0364610 0.1752119 0.1765353 0.0466745 0.1882163 0.1370662 0.1433495 0.1287652 0.0000000 0.1206226 0.0426545 0.1028865 0.0577111 0.1616990 0.0647537 0.1036693 0.1275187 0.2013564 0.0458233 0.1446179 0.1253486 0.0395106 0.0751042 0.0665306 0.1253486 0.1256959 0.1779529 0.2042128 0.1434426 0.1644473 0.1537871 0.1317288 0.1151451 0.1217428 0.1191301 0.1156926 0.1195477 0.1166831 0.0749690 0.1411516 0.0882041 0.0736900 0.1087990 0.1991129 0.1148795 0.1100023 0.1285644 0.1197075 0.1596836 0.1395468 0.2200642 0.1379845 0.1576976 0.1419469 0.1337522 0.1244895 0.2149526 0.1183126 0.2155227 0.1135874 0.1391786 0.1808518 0.1254463 0.1113521 0.1156079 0.1141782 0.0990820 0.0530242 0.0810963 0.0843955 0.1930368 0.0486671 0.0465588 0.1745086 0.1820711 0.1724503 0.1253486 0.1517437 0.1462647 0.1237128 0.0839357 0.0998636 0.1461189 0.1058692 0.0995613 0.0726306 0.1140809 0.1240776 0.0327987 0.1169890 0.1273763 0.0178198 0.1400190 0.0659836 0.1232522 0.1336586 0.1231468 
S0412sl       0.6178223 0.4488225 0.5324492 0.0879818 0.1826489 0.0818953 0.2560600 0.0534155 0.1006039 0.1138623 0.1272428 0.0573269 0.0957199 0.0835916 0.0469201 0.1048479 0.0959586 0.1534926 0.1162974 0.1150075 0.1193054 0.0654504 0.0460141 0.1206226 0.0000000 0.0906128 0.0591728 0.1609088 0.1190597 0.1139056 0.0885720 0.0602522 0.1504124 0.0922996 0.0641155 0.0430344 0.1051044 0.1002687 0.0961349 0.0430344 0.1031127 0.1610443 0.1561534 0.0365919 0.1460736 0.1362341 0.0468540 0.0769966 0.0399380 0.0806769 0.0773432 0.0968850 0.1027349 0.1137096 0.0960847 0.0910232 0.1032420 0.0691167 0.1393124 0.0999002 0.0956448 0.1127721 0.0960149 0.0809055 0.1314369 0.1793150 0.1099984 0.1172868 0.0942847 0.1267070 0.1006052 0.1660694 0.0769588 0.1664859 0.0978567 0.1014180 0.1433831 0.0465880 0.0775474 0.0462739 0.0611910 0.0726155 0.0914496 0.0796019 0.0839475 0.1429616 0.0929004 0.1100275 0.1396000 0.1548622 0.1397006 0.0430344 0.1096233 0.1068288 0.0876812 0.0121695 0.0151390 0.0541891 0.0830055 0.0299673 0.1239321 0.0793083 0.0879572 0.1006849 0.0535074 0.0882535 0.1537359 0.1276844 0.0828992 0.0404667 0.1284745 0.0535563 
S0417         0.5772004 0.4071894 0.5271066 0.1091768 0.1651726 0.1579460 0.2558765 0.1158163 0.0935548 0.0335314 0.1216274 0.1206132 0.0423851 0.1001802 0.1080291 0.0333165 0.1406805 0.1596853 0.0438137 0.1476823 0.1212301 0.1187824 0.1058672 0.0426545 0.0906128 0.0000000 0.0861378 0.0510217 0.1530343 0.0506430 0.0821204 0.0975015 0.1635825 0.0330287 0.1122599 0.1026029 0.0398340 0.0599770 0.0639573 0.1026029 0.0950995 0.1566390 0.2031367 0.1113059 0.1389332 0.1554513 0.1122973 0.0784244 0.0991546 0.0820286 0.0787693 0.0891633 0.0958889 0.0605211 0.1121748 0.0708997 0.0546931 0.0797783 0.1752463 0.1011608 0.0806540 0.1054699 0.0972266 0.1310489 0.1204429 0.2045420 0.1154097 0.1422727 0.1077772 0.1137679 0.1051289 0.2140255 0.0814435 0.2146015 0.0840162 0.1194452 0.1645470 0.0949323 0.1020968 0.1027166 0.1011039 0.0889038 0.0265578 0.0639947 0.0672435 0.1521672 0.0522414 0.0400028 0.1483190 0.1656794 0.1636458 0.1026029 0.1322251 0.1299646 0.1045323 0.0641808 0.0748695 0.1215726 0.0915600 0.0714949 0.0727440 0.0956043 0.1048509 0.0394974 0.1045123 0.0894487 0.0526942 0.1208544 0.0564346 0.1003489 0.1150208 0.0967917 
S0427         0.5653422 0.4223849 0.5331653 0.1011097 0.1494884 0.1192732 0.2730739 0.0728849 0.0934546 0.1168513 0.1184992 0.0768637 0.0869805 0.1056086 0.0660856 0.0997255 0.0975637 0.1209153 0.1092864 0.1316772 0.1301502 0.0746941 0.0648283 0.1028865 0.0591728 0.0861378 0.0000000 0.1246641 0.1247346 0.1085511 0.0748094 0.0557512 0.1324863 0.0990166 0.0697020 0.0618508 0.1081060 0.1068573 0.0988671 0.0618508 0.1077563 0.1462922 0.1507320 0.0768476 0.1322373 0.1596326 0.0625951 0.0852386 0.0587299 0.0888816 0.0856158 0.0899221 0.1034732 0.1285073 0.0888785 0.1096333 0.1020900 0.0745806 0.1271416 0.0932083 0.0887975 0.1051268 0.0891303 0.0820267 0.1411682 0.1750605 0.1155386 0.1054846 0.0823265 0.1137290 0.1013180 0.1602766 0.0925533 0.1606639 0.1017891 0.1066945 0.1256778 0.0420314 0.1074361 0.0729726 0.0666648 0.0857270 0.1023488 0.0977715 0.1023689 0.1476674 0.0987533 0.1086887 0.1261278 0.1536356 0.1448159 0.0618508 0.0979765 0.1244420 0.1099505 0.0343534 0.0305727 0.0774722 0.1048807 0.0521196 0.1240602 0.1010386 0.1102750 0.0917184 0.0659143 0.0889648 0.1266177 0.1327124 0.0856471 0.0595111 0.1288134 0.0623156 
S0428sl       0.8288357 5.0162128 0.7741559 0.1698750 0.2139526 0.1601578 0.4039578 0.1552807 0.1198986 0.0505509 0.1679700 0.1650101 0.0644806 0.2024126 0.1447146 0.0652525 0.5149319 0.2342149 0.0817449 0.3285996 0.2282689 0.1587915 0.1330392 0.0577111 0.1609088 0.0510217 0.1246641 0.0000000 0.3404556 0.0995822 0.1292869 0.1559065 0.2883586 0.0645440 0.1251406 0.1416085 0.0803699 0.0800879 0.1146445 0.1416085 0.1237192 0.2590024 0.2524559 0.2209135 0.2093127 0.1409494 0.1651720 0.1119058 0.1341339 0.1119058 0.1043787 0.1491982 0.1345845 0.0725977 0.1834734 0.1128832 0.0739217 0.1250506 0.2517408 0.1558012 0.1271524 0.1559420 0.1464955 0.1606361 0.1901309 0.2610530 0.1786225 0.2047698 5.5558330 0.1478387 0.1581846 0.2625907 0.1103512 0.2665051 0.1258252 0.1643271 0.2452322 0.1536756 0.1834460 0.1444627 0.1252583 0.1499883 0.0577111 0.1048331 0.1046563 0.2659444 0.0547036 0.0658407 0.2821784 0.2390311 0.3271011 0.1330392 0.1744881 0.2332330 0.1937530 0.1155533 0.1305724 0.1876157 0.1685866 0.1279647 0.0996386 0.1669302 0.1949807 0.0573497 0.1246932 0.1283859 0.0725015 0.1814783 0.0959844 0.1251666 0.1680124 0.1473136 
S0430         0.5586819 0.4892019 0.4851822 0.0851526 0.1286996 0.1960013 0.2953239 0.1549353 0.1163237 0.1772325 0.1244502 0.1465131 0.1558213 0.0903435 0.1349573 0.1587809 0.0466385 0.0978073 0.1650846 0.0517791 0.1059194 0.1432854 0.1314894 0.1616990 0.1190597 0.1530343 0.1247346 0.3404556 0.0000000 0.1596542 0.0941825 0.1573107 0.1001795 0.1399750 0.1229823 0.1167757 0.1826109 0.1242673 0.1513545 0.1271597 0.1535019 0.0431972 0.1774658 0.1270845 0.0303590 0.1695646 0.1353261 0.1155412 0.1225923 0.1104416 0.1113575 0.0898167 0.1347629 0.1354653 0.0736720 0.1497454 0.1172380 0.0791417 0.0942214 0.0985624 0.0786707 0.0899379 0.0940883 0.1195408 0.1467221 0.1888979 0.1021406 0.0961685 0.0983901 0.1047252 0.0842587 0.1847686 0.1053978 0.1909452 0.0740586 0.1173558 0.1052925 0.1269570 0.1087913 0.1293440 0.1481959 0.0799146 0.1489018 0.1439229 0.1451298 0.0381729 0.1020976 0.1647675 0.0849285 0.0147764 0.0150728 0.1167757 0.0763334 0.0980113 0.0951866 0.0804970 0.0843356 0.1395417 0.1000688 0.1124012 0.1871060 0.0956671 0.1000704 0.1815086 0.1517681 0.1105775 0.1895135 0.1413673 0.1424748 0.1300383 0.1430666 0.1097376 
S0478         0.6193597 0.4968529 0.6062759 0.1351347 0.1740640 0.1885521 0.3401076 0.1393674 0.1399926 0.0622615 0.1690164 0.1467340 0.0644892 0.1213853 0.1330629 0.0513552 0.1566481 0.1803416 0.0742472 0.1693966 0.1401335 0.1294187 0.1303349 0.0647537 0.1139056 0.0506430 0.1085511 0.0995822 0.1596542 0.0000000 0.1109435 0.1294199 0.1899821 0.0612887 0.1376608 0.1268874 0.0691594 0.0651857 0.0621230 0.1268874 0.1380201 0.1677734 0.2084305 0.1365189 0.1559858 0.1835295 0.1333539 0.1181407 0.1232492 0.1222261 0.1187157 0.1113536 0.1284993 0.0650692 0.1357510 0.0756984 0.0598983 0.1101588 0.2023235 0.1175968 0.1006822 0.1276750 0.1184469 0.1523166 0.1594622 0.2151331 0.1489314 0.1621662 0.1429958 0.1324900 0.1268422 0.2193997 0.1213758 0.2199923 0.1041789 0.1335423 0.1860092 0.1186742 0.1181374 0.1170297 0.1156110 0.1095362 0.0440169 0.0686318 0.0719437 0.1773948 0.0567422 0.0694918 0.1684636 0.1847365 0.1771403 0.1268874 0.1545524 0.1442541 0.1260534 0.0855215 0.0976271 0.1377733 0.1121416 0.0930284 0.1039348 0.1164657 0.1264191 0.0687475 0.1224034 0.1306826 0.0822073 0.1599960 0.0538149 0.1247895 0.1608456 0.1114273 
S0552sl       0.5093093 0.3794968 0.5363878 0.0673919 0.0972812 0.1498308 0.2392361 0.1033505 0.1074192 0.0971402 0.1080575 0.0966384 0.0871539 0.0608249 0.0847610 0.0962450 0.0989384 0.1212406 0.1106537 0.0902837 0.0770848 0.0900262 0.0830668 0.1036693 0.0885720 0.0821204 0.0748094 0.1292869 0.0941825 0.1109435 0.0000000 0.0887736 0.1150116 0.0760418 0.0845981 0.0798860 0.1130783 0.1059234 0.1226241 0.0798860 0.0974611 0.1203046 0.1652061 0.0927785 0.0990963 0.1032598 0.0887715 0.0759011 0.0765344 0.0795270 0.0800210 0.0267970 0.0853484 0.1107483 0.0650562 0.1166821 0.1007770 0.0438795 0.1286154 0.0174034 0.0234340 0.0362130 0.0114720 0.0927109 0.1226449 0.1807426 0.0940699 0.0941713 0.0758648 0.0444602 0.0394002 0.1752592 0.0831816 0.1757036 0.0332175 0.0725071 0.1087482 0.0800721 0.0690505 0.0923102 0.0782299 0.0463491 0.0908552 0.1040296 0.1089614 0.1138759 0.0814556 0.0970165 0.1118919 0.1270592 0.1067467 0.0798860 0.0747188 0.0808219 0.0645701 0.0573814 0.0599801 0.1009156 0.0603986 0.0693128 0.1325418 0.0569356 0.0688141 0.0918155 0.0923425 0.0869889 0.1313933 0.1186247 0.1075465 0.0814807 0.1147504 0.0578270 
S0558         0.5740482 0.4785321 0.5684344 0.1121202 0.1606387 0.1145466 0.3037625 0.0861683 0.1019592 0.1211182 0.1440282 0.0904437 0.0947772 0.1115323 0.0789905 0.1200598 0.1069643 0.1644311 0.1172857 0.1532236 0.1323143 0.0921527 0.0774454 0.1275187 0.0602522 0.0975015 0.0557512 0.1559065 0.1573107 0.1294199 0.0887736 0.0000000 0.1621969 0.0993008 0.0786298 0.0743496 0.1252554 0.1201015 0.1157755 0.0743496 0.1233733 0.1772155 0.1870728 0.0709143 0.1618480 0.1363697 0.0788784 0.1040860 0.0710917 0.1079935 0.1045746 0.1048742 0.1187831 0.1302400 0.1045975 0.1067610 0.1148191 0.0807343 0.1674100 0.1079030 0.1035375 0.1129408 0.1039406 0.0959098 0.1394134 0.2071453 0.1229463 0.1197654 0.1404417 0.1355595 0.1335393 0.1975951 0.1119316 0.1981142 0.1003449 0.1132672 0.1408726 0.0563413 0.1134918 0.0778824 0.0828045 0.1032457 0.1142503 0.0949049 0.0949863 0.1683017 0.1030310 0.1157125 0.1421978 0.1751864 0.1736820 0.0743496 0.1135069 0.1418094 0.1080427 0.0418029 0.0380337 0.0911682 0.1107554 0.0527003 0.1125665 0.1068169 0.1163506 0.0994034 0.0818465 0.1080981 0.1257521 0.1398833 0.0940747 0.0720772 0.1445109 0.0747137 
S0616         0.6064968 0.4720439 0.5969245 0.1440940 0.2601924 0.2272121 0.3390751 0.1769404 0.1841459 0.1840958 0.1846395 0.1642231 0.1805378 0.1392472 0.1500743 0.1825029 0.1061084 0.1089774 0.1944618 0.0804409 0.1770676 0.1627875 0.1470102 0.2013564 0.1504124 0.1635825 0.1324863 0.2883586 0.1001795 0.1899821 0.1150116 0.1621969 0.0000000 0.1667035 0.1449905 0.1387847 0.1859006 0.1850104 0.1744663 0.1349516 0.1597372 0.1198168 0.2191225 0.1649947 0.1103730 0.2032079 0.1460543 0.1283177 0.1398043 0.1324315 0.1333165 0.1095200 0.1495856 0.1818102 0.0690325 0.1846668 0.1505004 0.1163685 0.1057944 0.1143540 0.1104019 0.1349997 0.1182068 0.1447374 0.2068428 0.2570633 0.1414985 0.0987185 0.0686766 0.1219766 0.1248273 0.2442276 0.1365783 0.2270720 0.1142194 0.1713282 0.1003270 0.1445769 0.1596721 0.1500591 0.1698051 0.1239547 0.1505061 0.1745419 0.1806683 0.1194935 0.1524769 0.1625356 0.0459963 0.1193855 0.1081925 0.1349516 0.0722308 0.1511812 0.1529569 0.1102739 0.1039416 0.1652581 0.1360202 0.1385452 0.2488362 0.1425606 0.1533714 0.1772911 0.1677047 0.1325602 0.2741700 0.1922886 0.1783016 0.1465729 0.1751888 0.1378865 
S0624         0.5751049 0.4928340 0.5605342 0.1151863 0.1637701 0.1610410 0.2867740 0.1162927 0.1044421 0.0298611 0.1283406 0.1228840 0.0328185 0.1020660 0.1100623 0.0234699 0.1328354 0.1576674 0.0463804 0.1346556 0.1282910 0.1127312 0.1078295 0.0458233 0.0922996 0.0330287 0.0990166 0.0645440 0.1399750 0.0612887 0.0760418 0.0993008 0.1667035 0.0000000 0.1062926 0.1045120 0.0423941 0.0682765 0.0676648 0.1045120 0.1053150 0.1555888 0.1764624 0.1090297 0.1376558 0.1155763 0.1144127 0.0953221 0.1010072 0.0991322 0.0957606 0.0831419 0.0968331 0.0639929 0.1101232 0.0675888 0.0666345 0.0738498 0.1744341 0.0905251 0.0746742 0.0955896 0.0834494 0.1169755 0.1359447 0.1685521 0.1215254 0.1362971 0.1206204 0.0992376 0.1071270 0.1763671 0.0984320 0.1872613 0.0780593 0.1084709 0.1586101 0.0967056 0.0988339 0.0954388 0.0937128 0.0905844 0.0430243 0.0677077 0.0709787 0.1459802 0.0490047 0.0297992 0.1471613 0.1647426 0.1501970 0.1045120 0.1259575 0.1238228 0.1065054 0.0609122 0.0759003 0.1155794 0.0932734 0.0656072 0.0677195 0.0973970 0.0988541 0.0354616 0.0925917 0.1069952 0.0577397 0.1364076 0.0600238 0.1022424 0.1301181 0.0986228 
S0641         0.6024776 0.4374531 0.5746025 0.1027368 0.1419532 0.0922487 0.2727851 0.0743202 0.1106227 0.1290462 0.1215755 0.0560325 0.1182851 0.1083311 0.0458729 0.1279020 0.1324592 0.1654696 0.1440318 0.1408644 0.1379643 0.0570471 0.0489267 0.1446179 0.0641155 0.1122599 0.0697020 0.1251406 0.1229823 0.1376608 0.0845981 0.0786298 0.1449905 0.1062926 0.0000000 0.0420880 0.1457801 0.1314016 0.1259256 0.0420880 0.1105848 0.1579403 0.1498584 0.0749555 0.1344184 0.1613642 0.0492719 0.0949574 0.0390601 0.0987523 0.0953926 0.0963400 0.1061808 0.1408468 0.0913370 0.1382539 0.1264355 0.0692405 0.1562135 0.1038848 0.0913080 0.1081285 0.0995797 0.0730776 0.1545126 0.1800994 0.1230108 0.1243997 0.1166774 0.1160706 0.1202015 0.1502407 0.1025770 0.1550635 0.0966128 0.1084426 0.1458031 0.0633349 0.1229915 0.0535854 0.0681717 0.0954976 0.1217676 0.1252970 0.1304317 0.1518022 0.1145824 0.1204939 0.1381991 0.1432387 0.1436558 0.0357658 0.1006111 0.1320978 0.1208842 0.0318422 0.0309397 0.0718145 0.1155068 0.0534208 0.1309982 0.1115104 0.1212372 0.1151484 0.0673895 0.1065832 0.1758173 0.1544981 0.1202448 0.0428553 0.1411958 0.0535283 
