117
CRNC          0.0000000 0.2715401 0.3552735 0.3579625 0.5344367 0.3950720 0.4250912 0.4256154 0.4321297 0.3814799 0.4690292 0.3939325 0.4206836 0.4139897 0.4222085 0.4275098 0.3834171 0.4623415 0.3876857 0.4403080 0.4189096 0.5949054 0.4031435 0.4042160 0.4009064 0.4179360 0.4570552 0.4319329 0.4507692 0.4067072 0.3849885 0.4574268 0.4608255 0.4692770 0.4659444 0.3999726 0.4347041 0.4551199 0.4033408 0.4307155 0.4462779 0.4283534 0.4444148 0.3930661 0.4384372 0.4650317 0.4317115 0.4891236 0.4704223 0.4519649 0.4109395 0.4592987 0.4376489 0.3774758 0.4219818 0.4338150 0.4466584 0.4633150 0.4675102 0.4387160 0.4231693 0.4416721 0.4374420 0.4417317 0.4278763 0.4842210 0.4761971 0.5095525 0.4176221 0.4614770 0.4811251 0.4610356 0.4551081 0.4230608 0.4584154 0.4256243 0.4125342 0.4944091 0.4702162 0.4095184 0.4690902 0.4336569 0.4439296 0.4716505 0.3842321 0.4194556 0.4350748 0.4005290 0.4231693 0.4328105 0.5129234 0.4414623 0.4161495 0.4423165 0.4914432 0.4706814 0.3963219 0.4355987 0.4262422 0.4047552 0.3883110 0.4022613 0.4725095 0.4459207 0.4216271 0.4822808 0.4293084 0.4020303 0.4383480 0.4182210 0.4132816 0.4402333 0.4017075 0.4175582 0.3893340 0.4367265 0.4181514 
HYZL          0.2715401 0.0000000 0.1451143 0.3426396 0.4692921 0.3422262 0.3265943 0.3436724 0.3230171 0.3654568 0.3356396 0.3514301 0.3550897 0.3438416 0.3843929 0.3421424 0.3382785 0.3921904 0.3433513 0.3817797 0.3724924 0.4344177 0.3149431 0.3504036 0.3470718 0.3477145 0.3608765 0.3418057 0.3441948 0.3137477 0.3383622 0.3388874 0.3605826 0.3666420 0.3664284 0.3466922 0.3764909 0.3710826 0.3496898 0.3557251 0.3476889 0.3258677 0.3533848 0.3596479 0.3089703 0.3710120 0.3612117 0.3601027 0.3764483 0.3549262 0.3498973 0.3569125 0.3279544 0.3262183 0.3148733 0.3315048 0.3583891 0.3434132 0.3524533 0.3797291 0.3286024 0.3443588 0.3920061 0.3637499 0.3602105 0.3720153 0.3720574 0.4400980 0.3343053 0.3741963 0.3844585 0.4003696 0.3574463 0.3685097 0.3936956 0.3386959 0.3073136 0.3982019 0.3965201 0.3731216 0.4076643 0.3804585 0.3517588 0.3783234 0.3390737 0.3607183 0.3387555 0.3419692 0.3286024 0.3365219 0.4184470 0.3635478 0.3401872 0.3620330 0.3921860 0.3831131 0.3498973 0.3771181 0.3775211 0.3509021 0.3294675 0.3553658 0.3601066 0.3997364 0.3611969 0.3692922 0.3595087 0.3549585 0.3875671 0.3691372 0.3139997 0.3988048 0.3317011 0.3234821 0.3341551 0.3242429 0.3765330 
MYZV          0.3552735 0.1451143 0.0000000 0.4141786 0.5485623 0.4291550 0.4330581 0.4454850 0.4389862 0.4273350 0.4545700 0.4394454 0.4121333 0.4313224 0.4868588 0.4142963 0.4245970 0.5092503 0.4286547 0.4830240 0.4943452 0.5530341 0.4185010 0.4234690 0.4355655 0.4333213 0.4342285 0.4491893 0.4497725 0.4325240 0.4199526 0.4441493 0.4401935 0.4710409 0.4371177 0.4337439 0.4925936 0.4353252 0.4450247 0.4425800 0.4486048 0.4228940 0.4520594 0.4342059 0.4368612 0.4669197 0.4431622 0.4332533 0.4809968 0.4403800 0.4374526 0.4516832 0.4444580 0.4104734 0.4288560 0.4406091 0.4682319 0.4794615 0.4740599 0.5031773 0.4264814 0.4440568 0.4799279 0.4672506 0.4714247 0.4916076 0.4771549 0.4937892 0.4325138 0.4647639 0.4710146 0.5189862 0.4617915 0.4816635 0.5029165 0.4185778 0.4194198 0.4863715 0.5456024 0.4593985 0.5275163 0.4647849 0.4472109 0.4640484 0.4250725 0.4492093 0.4382248 0.4414808 0.4264814 0.4359963 0.5311184 0.4429672 0.4245525 0.4660129 0.4866530 0.4886776 0.4380950 0.4995835 0.5035873 0.4265901 0.4240555 0.4572175 0.4449363 0.4776652 0.4542350 0.4753103 0.4546749 0.4342810 0.4719193 0.4454282 0.4275369 0.4882145 0.4302430 0.4196943 0.4135450 0.4560793 0.4604851 
SRR6441723    0.3579625 0.3426396 0.4141786 0.0000000 0.0000010 0.0774754 0.2317098 0.0955567 0.0922223 0.0366349 0.1024780 0.0489067 0.0494923 0.0611897 0.0630297 0.1679012 0.0641820 0.0900968 0.0497818 0.0789042 0.0229306 0.0160471 0.0773190 0.0489067 0.0630297 0.0233791 0.0760608 0.0763927 0.1274400 0.0897347 0.0357073 0.1228976 0.0615884 0.0760958 0.1080905 0.1066015 0.1134867 0.0756487 0.0631563 0.0761761 0.0357073 0.0745126 0.0612562 0.0626216 0.0765623 0.1204331 0.0918706 0.0619275 0.1228976 0.0522004 0.0622367 0.1040294 0.0922223 0.0622367 0.0922223 0.1066991 0.0897965 0.0898622 0.0616100 0.1207704 0.0612562 0.0357073 0.0760112 0.0770340 0.0744316 0.1218978 0.0910114 0.1372294 0.1018955 0.0792161 0.0745126 0.1085986 0.0635652 0.0481980 0.0763155 0.0945722 0.0922223 0.1069144 0.0764887 0.0487456 0.1072054 0.0772770 0.0369088 0.1082200 0.0631563 0.1040164 0.0782198 0.0491940 0.0612562 0.0612562 0.1976999 0.0492630 0.0484019 0.0629935 0.1261489 0.1412835 0.0489067 0.1367198 0.0230540 0.0496233 0.0489067 0.0930405 0.0955567 0.0482099 0.0630297 0.0620369 0.0739146 0.0863035 0.0773603 0.0626054 0.0922223 0.0233791 0.0741152 0.0745126 0.0368541 0.0741152 0.0635680 
ERR4210213    0.5344367 0.4692921 0.5485623 0.0000010 0.0000000 0.0636101 0.2078543 0.1108257 0.0945057 0.0757992 0.0924694 0.0500133 0.0901102 0.0961123 0.0649161 0.0928187 0.0902351 0.0935217 0.0902036 0.1072878 0.0239493 0.0641039 0.0762257 0.0500133 0.0508160 0.0758941 0.1260001 0.1096381 0.0944706 0.1398148 0.0000010 0.1103987 0.1221002 0.0640282 0.1099709 0.0641273 0.1216236 0.0508580 0.0636101 0.0902036 0.1072878 0.1391037 0.0813406 0.0500133 0.0777941 0.1103987 0.1125601 0.1082646 0.1118887 0.0681339 0.0636101 0.0509671 0.1100328 0.0650953 0.0777941 0.0777941 0.1276484 0.0777941 0.1251680 0.1503712 0.1589769 0.1229699 0.0811748 0.0503506 0.0500133 0.0663022 0.0778294 0.0781769 0.0925023 0.0985639 0.1076314 0.1144196 0.0957961 0.0793052 0.0957961 0.1140543 0.0777941 0.1467873 0.1111001 0.0640282 0.1144196 0.0661175 0.0946969 0.1146833 0.0500133 0.0636101 0.0919600 0.0763720 0.1589769 0.1589769 0.0963786 0.1072878 0.0913874 0.0965408 0.1283478 0.0947545 0.0636851 0.1144196 0.0519608 0.0999491 0.0637082 0.0636101 0.1406950 0.1278513 0.0372748 0.1254870 0.0948631 0.1098344 0.1049668 0.0646895 0.0777941 0.0758941 0.1076105 0.1391037 0.0516458 0.1096350 0.0777941 
ERR2789774    0.3950720 0.3422262 0.4291550 0.0774754 0.0636101 0.0000000 0.1754690 0.0744967 0.0595124 0.0702954 0.0891930 0.0214256 0.0935233 0.0684240 0.0347145 0.1047796 0.0596521 0.0998851 0.0837031 0.0741687 0.1097493 0.0770332 0.0454928 0.0245022 0.0183630 0.0886839 0.0657835 0.0658525 0.0673343 0.0528296 0.0710652 0.0990398 0.1081293 0.0591963 0.0661820 0.0864130 0.0935223 0.0485110 0.0278844 0.0890526 0.0693717 0.0689761 0.0599138 0.0310788 0.0623591 0.1124186 0.1103478 0.0899022 0.1164919 0.0780429 0.0276521 0.0624436 0.0629197 0.0215789 0.0556235 0.0661572 0.0940119 0.0773353 0.0882378 0.1156530 0.0656990 0.0723987 0.0691571 0.0666164 0.0591873 0.0750996 0.0661372 0.1508679 0.0695258 0.0984153 0.0697543 0.1225277 0.0904067 0.0671511 0.0869266 0.0998410 0.0589961 0.1190174 0.0900587 0.0727896 0.1269395 0.0559844 0.0795155 0.1069986 0.0279176 0.0654253 0.0737136 0.0812150 0.0656990 0.0731674 0.1397314 0.0917845 0.0922393 0.0744547 0.1228171 0.1206197 0.0213447 0.1030465 0.0904354 0.0808605 0.0280069 0.0450527 0.0814531 0.0943222 0.0386539 0.0859164 0.0813681 0.0852572 0.0776484 0.0386184 0.0669903 0.0695981 0.0552348 0.0765710 0.0218215 0.0774166 0.0378078 
PAFTOL_019361 0.4250912 0.3265943 0.4330581 0.2317098 0.2078543 0.1754690 0.0000000 0.1948130 0.1720929 0.2016176 0.1945333 0.1646803 0.2061778 0.1836874 0.1760491 0.2458673 0.1682382 0.2356921 0.1734809 0.1951897 0.2115428 0.1941477 0.1838113 0.1690595 0.1707232 0.2074705 0.1749901 0.1827904 0.1903993 0.1882150 0.1769915 0.2205545 0.2209229 0.1820452 0.1930606 0.2127041 0.1873868 0.2046760 0.1698236 0.2028517 0.1856773 0.1684617 0.1788547 0.1809675 0.1654659 0.2266341 0.1549324 0.1894381 0.2381283 0.1880119 0.1688873 0.1656038 0.1657089 0.1754585 0.1657089 0.1816139 0.2102710 0.1821742 0.1921484 0.2536172 0.1534511 0.1733540 0.1778164 0.1937223 0.1713449 0.2067781 0.1815303 0.2858059 0.1751651 0.1628287 0.1846114 0.2376937 0.2237006 0.2092411 0.2285817 0.1825205 0.1710193 0.1996835 0.2054895 0.1875276 0.2439228 0.2174381 0.2000134 0.1900525 0.1740751 0.2026312 0.1934076 0.1876779 0.1534511 0.1591439 0.2734490 0.2138579 0.1816203 0.1887760 0.2371453 0.2440158 0.1638604 0.2335150 0.2148091 0.1903498 0.1822697 0.1989895 0.2054344 0.2153032 0.1768711 0.1933211 0.2056632 0.1895521 0.2049212 0.1838259 0.1839082 0.1957629 0.1537626 0.1801169 0.1687302 0.1957258 0.1815542 
S0055         0.4256154 0.3436724 0.4454850 0.0955567 0.1108257 0.0744967 0.1948130 0.0000000 0.0679766 0.0783857 0.0744474 0.0598032 0.1096896 0.0771580 0.0716166 0.1216799 0.0876375 0.1194134 0.1124495 0.0953833 0.1054259 0.1192335 0.0593245 0.0667686 0.0599608 0.1139557 0.0745091 0.1099740 0.0752152 0.0874447 0.0879295 0.1002511 0.1222101 0.0750927 0.0824290 0.0905261 0.1236406 0.0741777 0.0672911 0.0935851 0.0780897 0.0776346 0.0638317 0.0745720 0.0708408 0.1177446 0.1174506 0.0917094 0.1091182 0.0866715 0.0666990 0.0784496 0.0714838 0.0559553 0.0639029 0.0593669 0.0754567 0.0901501 0.0937770 0.1288203 0.0779909 0.0811625 0.0933943 0.0670645 0.0630521 0.0962215 0.0823708 0.1649807 0.0741522 0.1092213 0.0978962 0.1358462 0.1039294 0.0719371 0.0922576 0.1050325 0.0673759 0.1307477 0.0868090 0.0885065 0.1403953 0.0703341 0.0840919 0.1182247 0.0557738 0.0770964 0.0817817 0.0892739 0.0779909 0.0858366 0.1320526 0.0923998 0.0881569 0.0911747 0.1284033 0.1132098 0.0559553 0.1196890 0.0948927 0.0774963 0.0454277 0.0794926 0.0416532 0.0866666 0.0638299 0.1061249 0.0985474 0.0858341 0.1134047 0.0637576 0.0635931 0.0917424 0.0750214 0.0697044 0.0459813 0.0711051 0.0666605 
S0196sl       0.4321297 0.3230171 0.4389862 0.0922223 0.0945057 0.0595124 0.1720929 0.0679766 0.0000000 0.0870430 0.0454076 0.0454194 0.0968921 0.0429457 0.0602175 0.1170802 0.0638262 0.0996964 0.1000344 0.0833602 0.0974944 0.0796514 0.0418562 0.0486607 0.0525419 0.0966878 0.0630142 0.1025482 0.0153688 0.0637430 0.0704459 0.0866111 0.1005791 0.0557425 0.0669380 0.0892228 0.1055469 0.0746645 0.0525279 0.0934657 0.0589702 0.0514852 0.0710132 0.0559861 0.0246350 0.1032336 0.1066863 0.0750054 0.1072133 0.0822083 0.0521044 0.0553911 0.0090551 0.0563253 0.0029737 0.0183964 0.0714086 0.0377815 0.0736693 0.1160363 0.0623051 0.0584619 0.0799603 0.0630998 0.0629711 0.0752393 0.0520895 0.1523642 0.0451799 0.0948102 0.0773716 0.1080916 0.0819425 0.0673901 0.0872350 0.1039148 0.0059760 0.1149002 0.0903755 0.0612142 0.1123148 0.0754466 0.0605535 0.1033348 0.0561417 0.0851623 0.0625768 0.0891678 0.0623051 0.0660757 0.1297456 0.0808959 0.0926439 0.0702956 0.1132320 0.1112378 0.0486765 0.1072094 0.0749195 0.0503740 0.0492307 0.0754395 0.0749348 0.0710864 0.0642551 0.0821195 0.0592490 0.0629116 0.0931815 0.0641812 0.0152905 0.0858295 0.0315750 0.0622681 0.0427764 0.0455704 0.0670984 
S0278         0.3814799 0.3654568 0.4273350 0.0366349 0.0757992 0.0702954 0.2016176 0.0783857 0.0870430 0.0000000 0.1061786 0.0625227 0.0263117 0.0924086 0.0829489 0.1410018 0.0375362 0.1212274 0.0328074 0.0406621 0.0981167 0.0790984 0.0850948 0.0623314 0.0550350 0.0332409 0.0811421 0.0372890 0.1000319 0.1028761 0.0412393 0.1017953 0.0621544 0.0701712 0.0739543 0.0829459 0.0516775 0.0776153 0.0701102 0.0368095 0.0547401 0.0617137 0.0621701 0.0703685 0.0938016 0.1161222 0.1236496 0.0953650 0.1023297 0.0985487 0.0697494 0.0736287 0.0908097 0.0584745 0.0825047 0.0773122 0.0858433 0.1066124 0.0663072 0.1267693 0.0507407 0.0507028 0.0726011 0.0619972 0.0690677 0.0958526 0.0776361 0.1632747 0.0893753 0.1020998 0.0846989 0.1160128 0.1137136 0.0666286 0.0833775 0.1101134 0.0862365 0.1241274 0.0860028 0.0805484 0.1205835 0.0862943 0.0954908 0.1156190 0.0582772 0.0924342 0.0858669 0.0194230 0.0507407 0.0545665 0.1311628 0.0615879 0.0259665 0.0870709 0.1222214 0.1113644 0.0584745 0.1217479 0.0822358 0.0883302 0.0547886 0.0874828 0.1033039 0.1126913 0.0667724 0.0636587 0.1107269 0.0971013 0.0404310 0.0625956 0.0820903 0.0128410 0.0864391 0.0467901 0.0517198 0.0982470 0.0659123 
S0281         0.4690292 0.3356396 0.4545700 0.1024780 0.0924694 0.0891930 0.1945333 0.0744474 0.0454076 0.1061786 0.0000000 0.0740434 0.1032727 0.0572023 0.0862767 0.1280386 0.0906490 0.1070490 0.1198932 0.1150579 0.0838217 0.0694610 0.0658545 0.0811690 0.0742480 0.1286570 0.0890427 0.1267085 0.0562588 0.0940024 0.1090878 0.0935309 0.1245715 0.0775027 0.0972522 0.0845932 0.1356086 0.0888167 0.0855799 0.0959268 0.0805413 0.0764127 0.0736840 0.0892872 0.0449460 0.1103372 0.1155131 0.1061530 0.1020387 0.0983198 0.0810831 0.0733740 0.0487300 0.0700233 0.0417297 0.0448411 0.0734457 0.0590867 0.0990173 0.1187301 0.0842396 0.0873805 0.0950492 0.0695262 0.0656562 0.0974158 0.0773257 0.1532681 0.0446943 0.1157557 0.1042221 0.1159368 0.1013008 0.0655880 0.0890624 0.0993864 0.0450166 0.1329722 0.0921464 0.0796135 0.1109484 0.0743734 0.0710241 0.1205410 0.0697999 0.0878951 0.0807080 0.0993877 0.0842396 0.0921192 0.1240678 0.0986340 0.0914604 0.0851906 0.1205091 0.1059864 0.0700233 0.1018376 0.0730519 0.0572562 0.0588458 0.0897321 0.0979060 0.0900378 0.0705478 0.1053554 0.0774548 0.0657292 0.1209074 0.0782023 0.0415297 0.1091558 0.0520599 0.0686158 0.0563037 0.0479456 0.0810379 
S0282         0.3939325 0.3514301 0.4394454 0.0489067 0.0500133 0.0214256 0.1646803 0.0598032 0.0454194 0.0625227 0.0740434 0.0000000 0.0856195 0.0573124 0.0183277 0.1045748 0.0525010 0.0837118 0.0761413 0.0666698 0.0937502 0.0630934 0.0420359 0.0150941 0.0151979 0.0809368 0.0586532 0.0656824 0.0527407 0.0562887 0.0656940 0.0832534 0.1000005 0.0451775 0.0660752 0.0784347 0.0893297 0.0348338 0.0183214 0.0851891 0.0551011 0.0617127 0.0561962 0.0214423 0.0483072 0.0998001 0.0980077 0.0746166 0.1037726 0.0662497 0.0119997 0.0483709 0.0487446 0.0184048 0.0417386 0.0519374 0.0785581 0.0661905 0.0732408 0.1069508 0.0619891 0.0581230 0.0651208 0.0522919 0.0447423 0.0676255 0.0519136 0.1323033 0.0586178 0.0863975 0.0660991 0.1135357 0.0786272 0.0562348 0.0753608 0.0996208 0.0450280 0.1063850 0.0703557 0.0614913 0.1178504 0.0419235 0.0644316 0.0946874 0.0183443 0.0512522 0.0591677 0.0736123 0.0619891 0.0693628 0.1261991 0.0767040 0.0770813 0.0669256 0.1097211 0.1077868 0.0120221 0.0946388 0.0750639 0.0692855 0.0184026 0.0348867 0.0665922 0.0788178 0.0252252 0.0699616 0.0738793 0.0776929 0.0849265 0.0252048 0.0525895 0.0551606 0.0447415 0.0691326 0.0122879 0.0591264 0.0279497 
S0289         0.4206836 0.3550897 0.4121333 0.0494923 0.0901102 0.0935233 0.2061778 0.1096896 0.0968921 0.0263117 0.1032727 0.0856195 0.0000000 0.0945335 0.1065104 0.1483172 0.0460997 0.1171105 0.0380810 0.0561434 0.0957068 0.0843573 0.0948524 0.0853700 0.0820514 0.0449931 0.0851058 0.0494902 0.1094532 0.1254469 0.0365393 0.0981115 0.0624888 0.0773998 0.0962134 0.0842933 0.0601113 0.1046440 0.0975465 0.0449861 0.0588809 0.0655524 0.0662833 0.0936238 0.0956629 0.1123553 0.1289271 0.1057507 0.1068783 0.1015568 0.0928245 0.0769223 0.1004962 0.0850997 0.0924681 0.0955908 0.1005459 0.1078109 0.0700005 0.1311297 0.0588105 0.0549746 0.0712354 0.0729784 0.0798179 0.1022935 0.0845940 0.1605644 0.0875084 0.1124229 0.0960836 0.1059636 0.1093844 0.0772395 0.0935690 0.1123161 0.0960427 0.1296010 0.1003538 0.0902845 0.1101068 0.1136429 0.0887740 0.1171887 0.0848313 0.1235583 0.0842123 0.0279908 0.0588105 0.0625631 0.1293269 0.0654259 0.0278792 0.0886464 0.1216188 0.1108890 0.0850997 0.1261071 0.0811280 0.0944641 0.0813642 0.1151527 0.1229422 0.1054571 0.0938773 0.0639318 0.1115110 0.0983937 0.0451385 0.0893406 0.0957524 0.0286613 0.0923494 0.0545549 0.0785175 0.1034908 0.0877979 
S0292         0.4139897 0.3438416 0.4313224 0.0611897 0.0961123 0.0684240 0.1836874 0.0771580 0.0429457 0.0924086 0.0572023 0.0573124 0.0945335 0.0000000 0.0686287 0.1120315 0.0656210 0.0981915 0.0973942 0.0886754 0.0636638 0.0631309 0.0463430 0.0606900 0.0648698 0.0984605 0.0531566 0.0961646 0.0539646 0.0690761 0.0723767 0.0930731 0.0904800 0.0495804 0.0680654 0.0839597 0.1040664 0.0883012 0.0686075 0.1037480 0.0488874 0.0523083 0.0684399 0.0611486 0.0424352 0.1018286 0.1232404 0.0684028 0.1099301 0.0635214 0.0643091 0.0493013 0.0463290 0.0651374 0.0392222 0.0571902 0.0614530 0.0604204 0.0709715 0.1233731 0.0525460 0.0556860 0.0615182 0.0567452 0.0603472 0.0687826 0.0563289 0.1184332 0.0568860 0.1148563 0.0674226 0.1157412 0.0881586 0.0573858 0.0769701 0.1204759 0.0425680 0.1229680 0.0841924 0.0432113 0.1205897 0.0931339 0.0288296 0.1147737 0.0686751 0.0953077 0.0492543 0.0867261 0.0525460 0.0598615 0.1289008 0.0670513 0.0902454 0.0680848 0.1116199 0.1053531 0.0607034 0.1057372 0.0533676 0.0095192 0.0614156 0.0853697 0.0847934 0.0287522 0.0774325 0.0835507 0.0091864 0.0123623 0.0907764 0.0773337 0.0536812 0.0816692 0.0426677 0.0596638 0.0582648 0.0573937 0.0802701 
S0293         0.4222085 0.3843929 0.4868588 0.0630297 0.0649161 0.0347145 0.1760491 0.0716166 0.0602175 0.0829489 0.0862767 0.0183277 0.1065104 0.0686287 0.0000000 0.1225976 0.0714434 0.1009012 0.0960728 0.0787020 0.1111264 0.0711493 0.0603133 0.0215787 0.0282082 0.1013871 0.0702244 0.0889595 0.0718931 0.0755126 0.0821923 0.1002975 0.1133015 0.0635314 0.0856066 0.0872916 0.1104341 0.0526042 0.0249494 0.1059779 0.0738883 0.0733270 0.0678692 0.0281564 0.0667367 0.1178236 0.1156429 0.0949489 0.1219684 0.0790169 0.0312213 0.0668287 0.0673411 0.0316283 0.0562783 0.0706251 0.0951953 0.0857481 0.0816615 0.1208347 0.0811387 0.0695807 0.0769221 0.0711227 0.0557454 0.0760492 0.0632667 0.1464226 0.0814150 0.1034864 0.0780208 0.1367768 0.0912683 0.0679947 0.0880288 0.1133605 0.0633131 0.1202425 0.0864422 0.0815116 0.1413555 0.0530629 0.0797997 0.1122577 0.0315245 0.0625817 0.0708546 0.0936365 0.0811387 0.0813657 0.1457310 0.0967796 0.0972646 0.0714416 0.1285058 0.1261751 0.0247872 0.1079839 0.0798809 0.0811058 0.0283297 0.0455027 0.0786097 0.0906615 0.0354093 0.0820793 0.0854260 0.0893648 0.1056626 0.0425347 0.0715240 0.0751659 0.0629431 0.0886952 0.0253490 0.0783795 0.0416288 
S0294         0.4275098 0.3421424 0.4142963 0.1679012 0.0928187 0.1047796 0.2458673 0.1216799 0.1170802 0.1410018 0.1280386 0.1045748 0.1483172 0.1120315 0.1225976 0.0000000 0.1357196 0.1354364 0.1580004 0.1389880 0.1548365 0.1535499 0.0961367 0.1123377 0.1091914 0.1502123 0.1124492 0.1574209 0.1221180 0.1272155 0.1372963 0.1502989 0.1678042 0.1124348 0.1172169 0.1171756 0.1666766 0.1205714 0.1172762 0.1394081 0.1153596 0.1146800 0.1126057 0.1212308 0.1118166 0.1654400 0.1545732 0.1143693 0.1651084 0.1323194 0.1041591 0.1080008 0.1207991 0.0964713 0.1123537 0.1107543 0.1212281 0.1288890 0.1326089 0.1639571 0.1152075 0.1183955 0.1160532 0.1075852 0.1190935 0.1231051 0.1201545 0.1204571 0.1233109 0.1504402 0.1202609 0.1636030 0.1355992 0.1137195 0.1316674 0.1283596 0.1160458 0.1599020 0.1422166 0.1158177 0.1683366 0.1255568 0.1145346 0.1468232 0.1040446 0.1315188 0.1374795 0.1456972 0.1152075 0.1237576 0.1847715 0.1304396 0.1353564 0.1303347 0.1826168 0.1696458 0.1043680 0.1540349 0.1294863 0.1120440 0.0965267 0.1277165 0.1350646 0.1442521 0.1055882 0.1473891 0.1292380 0.1117520 0.1492100 0.1011267 0.1121418 0.1373693 0.1205407 0.1099426 0.0938025 0.1205518 0.1121375 
S0299         0.3834171 0.3382785 0.4245970 0.0641820 0.0902351 0.0596521 0.1682382 0.0876375 0.0638262 0.0375362 0.0906490 0.0525010 0.0460997 0.0656210 0.0714434 0.1357196 0.0000000 0.0851172 0.0417161 0.0531179 0.1074746 0.0865166 0.0707412 0.0523469 0.0562212 0.0490892 0.0708841 0.0391376 0.0754407 0.0905634 0.0417169 0.0724322 0.0554409 0.0565918 0.0826025 0.0794839 0.0425920 0.0749771 0.0634177 0.0421546 0.0421854 0.0487808 0.0681523 0.0597967 0.0706807 0.0882167 0.1084914 0.0955233 0.0921236 0.0826541 0.0592963 0.0598802 0.0672951 0.0600454 0.0598318 0.0633580 0.0828926 0.0861016 0.0600145 0.1133904 0.0490017 0.0452590 0.0702247 0.0567706 0.0709976 0.0688089 0.0636049 0.1777962 0.0710987 0.0965284 0.0705897 0.1020932 0.0953830 0.0726795 0.0932623 0.1056849 0.0632650 0.1172826 0.0915430 0.0858235 0.1063416 0.0909734 0.0769031 0.1050822 0.0634809 0.0931247 0.0565617 0.0390008 0.0490017 0.0526841 0.1057613 0.0598373 0.0420629 0.0718073 0.0977772 0.0960641 0.0558013 0.1004733 0.0876032 0.0781110 0.0600777 0.0833098 0.0899589 0.0836175 0.0718798 0.0570643 0.0789777 0.0829056 0.0388650 0.0717931 0.0750536 0.0377656 0.0564599 0.0560462 0.0571243 0.0831774 0.0672413 
S0308         0.4623415 0.3921904 0.5092503 0.0900968 0.0935217 0.0998851 0.2356921 0.1194134 0.0996964 0.1212274 0.1070490 0.0837118 0.1171105 0.0981915 0.1009012 0.1354364 0.0851172 0.0000000 0.1247365 0.1202052 0.1249758 0.1008483 0.1040993 0.0911809 0.0921360 0.1253054 0.1127143 0.1181480 0.1089144 0.1311612 0.1014040 0.0837035 0.1341160 0.0924038 0.1265357 0.0843993 0.1324978 0.1223016 0.0958670 0.1195017 0.0867215 0.0949274 0.0977435 0.0997407 0.0949831 0.0917038 0.1457684 0.1274505 0.0999313 0.1110797 0.0910386 0.0841034 0.1037556 0.1003134 0.0951262 0.1164078 0.1220896 0.1117543 0.1029887 0.1171678 0.0993959 0.0945804 0.1039877 0.0926954 0.1002881 0.0974527 0.0960206 0.1578077 0.1027249 0.1370687 0.1072540 0.1061215 0.0789628 0.0879684 0.1093548 0.1483802 0.0991364 0.1505357 0.1177626 0.1123048 0.1103959 0.1053928 0.1023513 0.1328607 0.0999917 0.1296140 0.0995438 0.1130459 0.0993959 0.1037523 0.1125879 0.1158258 0.1207101 0.0849835 0.1054093 0.1039181 0.0912064 0.0962459 0.0996934 0.1169643 0.0959804 0.1169309 0.1271711 0.1086900 0.1015249 0.1086742 0.1204502 0.1165358 0.1164276 0.0975293 0.1124737 0.1081504 0.0866115 0.1074595 0.0934738 0.0985572 0.1082577 
S0320         0.3876857 0.3433513 0.4286547 0.0497818 0.0902036 0.0837031 0.1734809 0.1124495 0.1000344 0.0328074 0.1198932 0.0761413 0.0380810 0.0973942 0.0960728 0.1580004 0.0417161 0.1247365 0.0000000 0.0553955 0.1120338 0.0846948 0.1027684 0.0759232 0.0764880 0.0476792 0.0902682 0.0414527 0.1126390 0.1152855 0.0450610 0.1063151 0.0650622 0.0761370 0.0909791 0.0971360 0.0548821 0.1073963 0.0875502 0.0551997 0.0579159 0.0574881 0.0844061 0.0837888 0.0987732 0.1199043 0.1144344 0.1080959 0.1240093 0.1078733 0.0758446 0.0794034 0.1036375 0.0878977 0.0955870 0.1069730 0.1121498 0.1109592 0.0688545 0.1533215 0.0509324 0.0472638 0.0829032 0.0835432 0.0907604 0.1002862 0.0829570 0.1736464 0.1034092 0.1066403 0.0945355 0.1382273 0.1259207 0.0928711 0.1100538 0.1077337 0.0991608 0.1317386 0.1119379 0.1021708 0.1432589 0.1163884 0.1052295 0.1194119 0.0876236 0.1262430 0.0872965 0.0377435 0.0509324 0.0545366 0.1475795 0.0651865 0.0310023 0.0962099 0.1300534 0.1233877 0.0721602 0.1394133 0.1046767 0.1111582 0.0841749 0.1084984 0.1197880 0.1165684 0.0927687 0.0700237 0.1142816 0.1147562 0.0443915 0.0965506 0.1120851 0.0328275 0.0954668 0.0578148 0.0813654 0.1162281 0.0992920 
S0327         0.4403080 0.3817797 0.4830240 0.0789042 0.1072878 0.0741687 0.1951897 0.0953833 0.0833602 0.0406621 0.1150579 0.0666698 0.0561434 0.0886754 0.0787020 0.1389880 0.0531179 0.1202052 0.0553955 0.0000000 0.1151343 0.0856895 0.0862359 0.0663527 0.0632122 0.0632673 0.0739968 0.0526924 0.0997355 0.1025070 0.0364257 0.1139236 0.0632454 0.0747111 0.0782315 0.0959828 0.0712582 0.0935774 0.0705142 0.0714590 0.0524092 0.0520144 0.0793370 0.0741066 0.0937542 0.1281335 0.1307691 0.0950562 0.1277805 0.1025031 0.0736182 0.0780532 0.0908788 0.0744170 0.0790515 0.0901848 0.0990823 0.1060556 0.0562086 0.1576262 0.0523471 0.0416910 0.0811091 0.0786007 0.0858306 0.0839673 0.0744012 0.1402121 0.0984137 0.1091774 0.0857472 0.1281730 0.1210681 0.0876824 0.1050065 0.1237336 0.0864811 0.1356341 0.1072068 0.0927464 0.1326746 0.1023412 0.0962597 0.1273128 0.0741786 0.1122263 0.0939311 0.0490980 0.0523471 0.0524872 0.1520870 0.0668894 0.0594607 0.0875915 0.1392922 0.1320693 0.0662608 0.1393173 0.0916140 0.0937150 0.0630847 0.0945504 0.1069121 0.1076937 0.0829046 0.0683150 0.1058860 0.1058185 0.0635269 0.0827974 0.0950722 0.0464551 0.0829086 0.0557607 0.0678375 0.1072500 0.0856382 
S0335         0.4189096 0.3724924 0.4943452 0.0229306 0.0239493 0.1097493 0.2115428 0.1054259 0.0974944 0.0981167 0.0838217 0.0937502 0.0957068 0.0636638 0.1111264 0.1548365 0.1074746 0.1249758 0.1120338 0.1151343 0.0000000 0.0546792 0.0962693 0.1011996 0.0940286 0.1206343 0.1084980 0.1229957 0.1101407 0.1273765 0.0921306 0.1230403 0.1128791 0.0851282 0.1254825 0.0970367 0.1314679 0.1014246 0.1059816 0.1127719 0.0843896 0.1028309 0.0850790 0.1098733 0.0848898 0.1242259 0.1381832 0.1266051 0.1237866 0.0970895 0.1010889 0.0808864 0.1011202 0.0894365 0.0930390 0.0962807 0.0886492 0.0967816 0.0993633 0.1495498 0.1033016 0.0912739 0.0910056 0.0769469 0.0767055 0.1017247 0.0924553 0.1721490 0.0918505 0.1385111 0.1001899 0.1292979 0.1228685 0.0695980 0.0852353 0.1212311 0.0966352 0.1567208 0.0924723 0.0640675 0.1337339 0.1060555 0.0813958 0.1436370 0.0891540 0.1202341 0.0884276 0.0881897 0.1033016 0.1115898 0.1386162 0.1026402 0.0878316 0.1015439 0.1349942 0.1196643 0.0894365 0.1273445 0.0412690 0.0639593 0.0853309 0.1146204 0.1405261 0.0931558 0.0940317 0.1218744 0.0841586 0.0722757 0.1210116 0.0982620 0.0925968 0.1053361 0.1005966 0.0943843 0.0789587 0.0917794 0.1010347 
S0345         0.5949054 0.4344177 0.5530341 0.0160471 0.0641039 0.0770332 0.1941477 0.1192335 0.0796514 0.0790984 0.0694610 0.0630934 0.0843573 0.0631309 0.0711493 0.1535499 0.0865166 0.1008483 0.0846948 0.0856895 0.0546792 0.0000000 0.0855406 0.0630565 0.0710468 0.0764149 0.0840913 0.0931522 0.1034980 0.1317554 0.0411950 0.1077828 0.0909981 0.0487747 0.1002053 0.0780937 0.1351665 0.0846880 0.0781145 0.0770508 0.0619461 0.0754189 0.0633994 0.0702073 0.0914838 0.1066874 0.1098779 0.0832754 0.1084875 0.0744917 0.0770332 0.0554168 0.0940050 0.0779092 0.0715788 0.0783066 0.0845821 0.0914838 0.0693357 0.1347897 0.0904093 0.0619461 0.0636241 0.0425756 0.0488042 0.0638455 0.0489273 0.1066667 0.0833574 0.1030628 0.0753645 0.1035977 0.0854066 0.0557057 0.0850955 0.1115328 0.0783066 0.1266175 0.0769624 0.0490620 0.1029198 0.0867704 0.0569568 0.1185521 0.0705455 0.0839892 0.0839571 0.0841838 0.0904093 0.0838747 0.1086163 0.0763024 0.0699389 0.0717082 0.1171089 0.1086199 0.0700247 0.1098333 0.0301155 0.0586191 0.0700372 0.0928744 0.1259580 0.0768945 0.0714899 0.0625517 0.0692390 0.0823492 0.0914244 0.0783802 0.0783066 0.0694283 0.0768831 0.0824347 0.0575205 0.0842992 0.0851129 
S0376         0.4031435 0.3149431 0.4185010 0.0773190 0.0762257 0.0454928 0.1838113 0.0593245 0.0418562 0.0850948 0.0658545 0.0420359 0.0948524 0.0463430 0.0603133 0.0961367 0.0707412 0.1040993 0.1027684 0.0862359 0.0962693 0.0855406 0.0000000 0.0487359 0.0490945 0.0956732 0.0593597 0.0896847 0.0525673 0.0387096 0.0811665 0.0945887 0.1034671 0.0593517 0.0668797 0.0847867 0.1094828 0.0666906 0.0526099 0.0913240 0.0623251 0.0619713 0.0631221 0.0560738 0.0447467 0.1116072 0.1241167 0.0749439 0.1116428 0.0817236 0.0486870 0.0626075 0.0451515 0.0419176 0.0382376 0.0516956 0.0743933 0.0624019 0.0808800 0.1107256 0.0552654 0.0653572 0.0757434 0.0625531 0.0553627 0.0753047 0.0663121 0.1284798 0.0584135 0.1117483 0.0735941 0.1160166 0.0858443 0.0630492 0.0824766 0.1160264 0.0414971 0.1331732 0.0894952 0.0646195 0.1203104 0.0747044 0.0528366 0.1207151 0.0486733 0.0843412 0.0697079 0.0872844 0.0552654 0.0625328 0.1344909 0.0798755 0.0906950 0.0739402 0.1219226 0.1157128 0.0452813 0.1020815 0.0776948 0.0536302 0.0419199 0.0717759 0.0703704 0.0710260 0.0564739 0.0898096 0.0590851 0.0585974 0.1036306 0.0564137 0.0450232 0.0791569 0.0484523 0.0651908 0.0389761 0.0589187 0.0593365 
S0400         0.4042160 0.3504036 0.4234690 0.0489067 0.0500133 0.0245022 0.1690595 0.0667686 0.0486607 0.0623314 0.0811690 0.0150941 0.0853700 0.0606900 0.0215787 0.1123377 0.0523469 0.0911809 0.0759232 0.0663527 0.1011996 0.0630565 0.0487359 0.0000000 0.0182505 0.0807026 0.0583765 0.0691360 0.0597504 0.0632180 0.0703882 0.0830069 0.0995359 0.0518809 0.0730421 0.0820213 0.0890698 0.0414594 0.0151338 0.0849418 0.0618847 0.0614238 0.0631148 0.0059700 0.0550137 0.0955247 0.1096369 0.0818031 0.0994567 0.0660716 0.0212137 0.0550870 0.0555083 0.0214863 0.0449473 0.0587097 0.0858090 0.0731662 0.0728965 0.1066367 0.0688510 0.0578508 0.0724978 0.0591122 0.0553570 0.0672999 0.0516668 0.1322632 0.0690875 0.0977796 0.0657868 0.1214595 0.0858886 0.0595791 0.0788315 0.1073278 0.0517080 0.1141003 0.0819499 0.0686620 0.1258360 0.0487120 0.0677101 0.1063052 0.0214163 0.0580653 0.0660654 0.0733988 0.0688510 0.0654557 0.1215760 0.0837872 0.0768584 0.0666063 0.1052705 0.1034268 0.0150385 0.1021520 0.0747041 0.0765955 0.0214836 0.0380807 0.0736100 0.0784409 0.0317600 0.0739812 0.0809969 0.0848673 0.0846804 0.0317328 0.0594451 0.0552717 0.0514089 0.0760893 0.0122377 0.0696897 0.0310740 
S0405         0.4009064 0.3470718 0.4355655 0.0630297 0.0508160 0.0183630 0.1707232 0.0599608 0.0525419 0.0550350 0.0742480 0.0151979 0.0820514 0.0648698 0.0282082 0.1091914 0.0562212 0.0921360 0.0764880 0.0632122 0.0940286 0.0710468 0.0490945 0.0182505 0.0000000 0.0813125 0.0659729 0.0696492 0.0601980 0.0636929 0.0657257 0.0913486 0.0965881 0.0522617 0.0663737 0.0714103 0.0897533 0.0349984 0.0215386 0.0816536 0.0623403 0.0619863 0.0493249 0.0246923 0.0554167 0.1044620 0.0945497 0.0824292 0.1002616 0.0743472 0.0213598 0.0554909 0.0559181 0.0153080 0.0487456 0.0520685 0.0787805 0.0737142 0.0809017 0.1116781 0.0622650 0.0653733 0.0618198 0.0524250 0.0487313 0.0753247 0.0591200 0.1396065 0.0553719 0.0829716 0.0699575 0.1098435 0.0828959 0.0528372 0.0681111 0.0920865 0.0520863 0.1028887 0.0749636 0.0654111 0.1141400 0.0421234 0.0721110 0.0912208 0.0152575 0.0514955 0.0588711 0.0665809 0.0622650 0.0696767 0.1225832 0.0844180 0.0772950 0.0672317 0.1146006 0.1042651 0.0089988 0.0991669 0.0749534 0.0694813 0.0153057 0.0316568 0.0741645 0.0867554 0.0253445 0.0744849 0.0816113 0.0779102 0.0853243 0.0253238 0.0527241 0.0603629 0.0484056 0.0622282 0.0091978 0.0629127 0.0247983 
S0407sl       0.4179360 0.3477145 0.4333213 0.0233791 0.0758941 0.0886839 0.2074705 0.1139557 0.0966878 0.0332409 0.1286570 0.0809368 0.0449931 0.0984605 0.1013871 0.1502123 0.0490892 0.1253054 0.0476792 0.0632673 0.1206343 0.0764149 0.0956732 0.0807026 0.0813125 0.0000000 0.0992893 0.0524641 0.1092370 0.1252200 0.0503186 0.1020616 0.0654721 0.0803014 0.0923611 0.1056552 0.0630669 0.1088223 0.0926265 0.0554807 0.0583369 0.0684329 0.0848471 0.0887770 0.1031018 0.1154528 0.1266358 0.0875400 0.1113765 0.1038607 0.0880269 0.0799788 0.1002891 0.0890551 0.0922693 0.0996256 0.1127457 0.1154642 0.0693564 0.1409666 0.0617126 0.0544683 0.0835757 0.0842472 0.0912310 0.1052256 0.0874820 0.1596058 0.1028615 0.1155778 0.0989649 0.1295961 0.1141232 0.0933624 0.1106466 0.1293674 0.0958407 0.1457190 0.1125319 0.0911765 0.1340387 0.1097232 0.1060074 0.1330081 0.0887746 0.1237994 0.0916327 0.0450197 0.0617126 0.0654695 0.1341505 0.0690947 0.0443736 0.1010655 0.1258798 0.1154344 0.0843407 0.1359946 0.1052332 0.1117632 0.0852830 0.1141270 0.1256495 0.1214058 0.0979767 0.0741522 0.1194189 0.1194472 0.0480711 0.0854377 0.1006752 0.0078545 0.0913450 0.0651820 0.0824457 0.1208008 0.1006040 
S0412sl       0.4570552 0.3608765 0.4342285 0.0760608 0.1260001 0.0657835 0.1749901 0.0745091 0.0630142 0.0811421 0.0890427 0.0586532 0.0851058 0.0531566 0.0702244 0.1124492 0.0708841 0.1127143 0.0902682 0.0739968 0.1084980 0.0840913 0.0593597 0.0583765 0.0659729 0.0992893 0.0000000 0.0848280 0.0782200 0.0743123 0.0499927 0.1029536 0.0915130 0.0516379 0.0510672 0.0936621 0.1002793 0.0886300 0.0623571 0.1005705 0.0545852 0.0474415 0.0553332 0.0658468 0.0694760 0.1204137 0.1235374 0.0625650 0.1245345 0.0694917 0.0654218 0.0548291 0.0700971 0.0626192 0.0590795 0.0733521 0.0704847 0.0884087 0.0653207 0.1279391 0.0545214 0.0506988 0.0757450 0.0588320 0.0692492 0.0596958 0.0514257 0.1327495 0.0809964 0.1153814 0.0583649 0.1304775 0.0902347 0.0670387 0.0867780 0.1208523 0.0660749 0.1199321 0.0891996 0.0834610 0.1349498 0.0971789 0.0638069 0.1119700 0.0696549 0.1069309 0.0802932 0.0841902 0.0545214 0.0546645 0.1482051 0.0759799 0.0913708 0.0698300 0.1266384 0.1287193 0.0619321 0.1186651 0.0743392 0.0648560 0.0626346 0.0895418 0.0740947 0.0707165 0.0781342 0.0700356 0.0658834 0.0695864 0.0994866 0.0743221 0.0778242 0.0843144 0.0626193 0.0614844 0.0597791 0.0780582 0.0808684 
S0417         0.4319329 0.3418057 0.4491893 0.0763927 0.1096381 0.0658525 0.1827904 0.1099740 0.1025482 0.0372890 0.1267085 0.0656824 0.0494902 0.0961646 0.0889595 0.1574209 0.0391376 0.1181480 0.0414527 0.0526924 0.1229957 0.0931522 0.0896847 0.0691360 0.0696492 0.0524641 0.0848280 0.0000000 0.1113716 0.1060408 0.0460395 0.1037724 0.0702535 0.0780376 0.0855077 0.1037033 0.0564357 0.1010589 0.0805905 0.0494542 0.0593568 0.0660819 0.0789848 0.0768736 0.1090800 0.1174053 0.1203194 0.1108112 0.1215333 0.0932657 0.0725309 0.0813764 0.1062320 0.0734657 0.0979809 0.1096365 0.1149634 0.1218015 0.0705741 0.1571853 0.0522955 0.0554145 0.0850843 0.0859079 0.0854528 0.0951171 0.0852924 0.1756598 0.1048660 0.1083765 0.0808176 0.1422861 0.1290991 0.0904780 0.1077514 0.1223768 0.1016355 0.1338581 0.1147428 0.1051506 0.1469345 0.1007814 0.1079000 0.1213490 0.0806615 0.1198969 0.0894739 0.0386850 0.0522955 0.0559997 0.1451890 0.0740608 0.0448662 0.0989660 0.1280362 0.1257225 0.0726624 0.1429281 0.1073179 0.1097968 0.0772297 0.1012048 0.1173579 0.1194962 0.0903156 0.0636179 0.1054189 0.1134942 0.0490678 0.0901935 0.1148961 0.0332260 0.0891885 0.0664634 0.0743812 0.1137690 0.0921828 
S0419         0.4507692 0.3441948 0.4497725 0.1274400 0.0944706 0.0673343 0.1903993 0.0752152 0.0153688 0.1000319 0.0562588 0.0527407 0.1094532 0.0539646 0.0718931 0.1221180 0.0754407 0.1089144 0.1126390 0.0997355 0.1101407 0.1034980 0.0525673 0.0597504 0.0601980 0.1092370 0.0782200 0.1113716 0.0000000 0.0753276 0.0873877 0.0990094 0.1173622 0.0669240 0.0785608 0.0941206 0.1184791 0.0790406 0.0638323 0.1059697 0.0701997 0.0659829 0.0828317 0.0674008 0.0345586 0.1162851 0.1156166 0.0869905 0.1203763 0.0869070 0.0595550 0.0665039 0.0184755 0.0641050 0.0121700 0.0281522 0.0832870 0.0481855 0.0892755 0.1295111 0.0736125 0.0732541 0.0845069 0.0745596 0.0744039 0.0912072 0.0667701 0.1722740 0.0524560 0.1034754 0.0931361 0.1213310 0.0940801 0.0754906 0.0959329 0.1128671 0.0152399 0.1244623 0.1028702 0.0729098 0.1256957 0.0798692 0.0721056 0.1122357 0.0638960 0.0896724 0.0739373 0.1014785 0.0736125 0.0813058 0.1437921 0.0928569 0.1050360 0.0858086 0.1267982 0.1245263 0.0561773 0.1203418 0.0907885 0.0617158 0.0568246 0.0797948 0.0829633 0.0783149 0.0685020 0.0982606 0.0705368 0.0743297 0.1056549 0.0684211 0.0249588 0.0968515 0.0386126 0.0735657 0.0502810 0.0529149 0.0751528 
S0427         0.4067072 0.3137477 0.4325240 0.0897347 0.1398148 0.0528296 0.1882150 0.0874447 0.0637430 0.1028761 0.0940024 0.0562887 0.1254469 0.0690761 0.0755126 0.1272155 0.0905634 0.1311612 0.1152855 0.1025070 0.1273765 0.1317554 0.0387096 0.0632180 0.0636929 0.1252200 0.0743123 0.1060408 0.0753276 0.0000000 0.0929465 0.1206528 0.1336280 0.0825056 0.0822214 0.1148494 0.1307986 0.0828991 0.0637684 0.1216962 0.0854942 0.0849933 0.0914020 0.0709490 0.0629308 0.1381820 0.1479047 0.0995051 0.1434035 0.1026758 0.0631524 0.0858904 0.0672039 0.0602910 0.0597580 0.0785552 0.0997611 0.0817147 0.1054527 0.1195022 0.0779329 0.0885665 0.1041360 0.0867637 0.0826481 0.0999970 0.0898882 0.1709588 0.0857627 0.1392765 0.0899770 0.1349055 0.1110531 0.0874043 0.1086652 0.1453311 0.0596704 0.1622726 0.1118421 0.0925139 0.1394307 0.0952851 0.0801901 0.1489795 0.0674213 0.0974001 0.0934484 0.1081551 0.0779329 0.0820724 0.1684491 0.1091406 0.1208397 0.0981312 0.1450264 0.1477838 0.0596169 0.1106187 0.1072398 0.0816477 0.0603048 0.0875417 0.0946579 0.0952284 0.0757285 0.1153431 0.0821324 0.0857772 0.1215607 0.0684425 0.0713782 0.1099885 0.0706901 0.0930564 0.0573869 0.0747416 0.0787762 
S0428sl       0.3849885 0.3383622 0.4199526 0.0357073 0.0000010 0.0710652 0.1769915 0.0879295 0.0704459 0.0412393 0.1090878 0.0656940 0.0365393 0.0723767 0.0821923 0.1372963 0.0417169 0.1014040 0.0450610 0.0364257 0.0921306 0.0411950 0.0811665 0.0703882 0.0657257 0.0503186 0.0499927 0.0460395 0.0873877 0.0929465 0.0000000 0.1058468 0.0501606 0.0551734 0.0706373 0.0991461 0.0565279 0.0983418 0.0656394 0.0558570 0.0450039 0.0398352 0.0503942 0.0815098 0.0802999 0.1132831 0.0996963 0.0824190 0.1184885 0.0787679 0.0703237 0.0644302 0.0704459 0.0762147 0.0704459 0.0862166 0.0816310 0.0968779 0.0498484 0.1354879 0.0306357 0.0305883 0.0626196 0.0706582 0.0805544 0.0818990 0.0549649 0.1573256 0.0864372 0.0938906 0.0599466 0.1201007 0.0880350 0.0719498 0.0834380 0.0952666 0.0756577 0.1054615 0.0868524 0.0908200 0.1263070 0.1039351 0.0831182 0.1002114 0.0818091 0.1314431 0.0757641 0.0461761 0.0306357 0.0353720 0.1582481 0.0598399 0.0450324 0.0655393 0.1213932 0.1310935 0.0652820 0.1291662 0.0767204 0.0890158 0.0711142 0.1059402 0.0932650 0.0705451 0.0936229 0.0462246 0.0964064 0.0967341 0.0407685 0.0879681 0.0929335 0.0336254 0.0601318 0.0449243 0.0719342 0.0922034 0.0874102 
S0430         0.4574268 0.3388874 0.4441493 0.1228976 0.1103987 0.0990398 0.2205545 0.1002511 0.0866111 0.1017953 0.0935309 0.0832534 0.0981115 0.0930731 0.1002975 0.1502989 0.0724322 0.0837035 0.1063151 0.1139236 0.1230403 0.1077828 0.0945887 0.0830069 0.0913486 0.1020616 0.1029536 0.1037724 0.0990094 0.1206528 0.1058468 0.0000000 0.1220678 0.0747150 0.1105266 0.0793869 0.1133403 0.1162428 0.0952974 0.1035105 0.0787229 0.0817795 0.0920541 0.0913335 0.0815536 0.0215574 0.1405054 0.1118492 0.0214190 0.0957199 0.0905425 0.0744080 0.0902112 0.0956827 0.0822752 0.1022989 0.1024276 0.1017239 0.0898510 0.1075947 0.0861389 0.0818195 0.1061411 0.0825665 0.0908842 0.0909876 0.0819700 0.1787643 0.1059461 0.1363019 0.1066231 0.1087351 0.0733890 0.0835312 0.1045598 0.1378662 0.0858433 0.1454684 0.1077358 0.0977202 0.1129883 0.1028396 0.0962626 0.1275337 0.0953760 0.1150294 0.0941041 0.0951197 0.0861389 0.0903115 0.0380195 0.0983267 0.0900324 0.0750644 0.0248823 0.0245775 0.0867499 0.0950319 0.1030971 0.1067050 0.0914215 0.1120476 0.1025698 0.1123096 0.0999532 0.0947634 0.1104213 0.1106715 0.0994143 0.0872243 0.0985086 0.0923563 0.0900958 0.0898175 0.0844224 0.0980224 0.1025897 
S0478         0.4608255 0.3605826 0.4401935 0.0615884 0.1221002 0.1081293 0.2209229 0.1222101 0.1005791 0.0621544 0.1245715 0.1000005 0.0624888 0.0904800 0.1133015 0.1678042 0.0554409 0.1341160 0.0650622 0.0632454 0.1128791 0.0909981 0.1034671 0.0995359 0.0965881 0.0654721 0.0915130 0.0702535 0.1173622 0.1336280 0.0501606 0.1220678 0.0000000 0.0878013 0.1039398 0.1096550 0.0776524 0.1292573 0.1042290 0.0770967 0.0617657 0.0613067 0.0924964 0.1080582 0.1071561 0.1277963 0.1451304 0.1087195 0.1319408 0.1164821 0.1073260 0.0911285 0.1081996 0.1085784 0.0961067 0.1074855 0.1034842 0.1196484 0.0656226 0.1785710 0.0616919 0.0509342 0.0953493 0.0918334 0.0989036 0.1051769 0.0874465 0.1686279 0.1078495 0.1282258 0.0989217 0.1394082 0.1298117 0.1012225 0.0984770 0.1331262 0.1036407 0.1501014 0.1126764 0.1034367 0.1439664 0.1389014 0.1059578 0.1417109 0.1082423 0.1490331 0.0878189 0.0588711 0.0616919 0.0618563 0.1470795 0.0653765 0.0616327 0.1010199 0.1386542 0.1277592 0.1034929 0.1548485 0.0973982 0.0955454 0.0967349 0.1349653 0.1284740 0.1131008 0.1181405 0.0704198 0.1034584 0.1034849 0.0691155 0.1179532 0.1126262 0.0553181 0.0959858 0.0651596 0.1019077 0.1207400 0.1206238 
