125
CRNC          0.0000000 0.2952083 0.3705215 0.5542087 0.4555326 0.5980920 0.4287180 0.5480857 0.5725271 0.5864344 0.5697038 0.5574411 0.5541973 0.5335584 0.6914909 0.5259377 0.5699812 0.5391698 0.6226378 0.5920800 0.5866170 0.5787342 0.5485226 0.5583948 0.5311688 0.5378453 0.5400026 0.5581056 0.5604885 0.5832090 0.5484354 0.5548852 0.6066046 0.5382498 0.6010255 0.5698079 0.5634333 0.5282844 0.4874757 0.5820619 0.5364718 0.5562160 0.5799618 0.5585227 0.7493150 0.5232312 0.5326199 0.5671743 0.5718146 0.5535328 0.5549526 0.5397022 0.6344264 0.5431472 0.5472808 0.5374996 0.5439321 0.5425827 0.5483446 0.5771756 0.5634263 0.5811545 0.6111230 0.6825746 0.5489433 0.5479617 0.5809047 0.5469886 0.5497274 0.5613406 0.5284287 0.5597385 0.5604666 0.5834145 0.5513001 0.5340087 0.6061257 0.5903716 0.5634138 0.5633513 0.5617494 0.5356861 0.5829563 0.5514399 0.6065187 0.5269280 0.6040473 0.5560921 0.5288508 0.5641410 0.5477582 0.5194091 0.5448620 0.5737217 0.7049115 0.7044800 0.5219588 0.5596667 0.5692552 0.5353462 0.5308020 0.5421100 0.5271556 0.5998612 0.5638489 0.5488772 0.5406270 0.5176613 0.5695043 0.5124496 0.5447313 0.6632418 0.5308831 0.5471581 0.5910547 0.5088382 0.5442994 0.5716090 0.5850014 0.8740429 0.5589749 0.5854649 0.5323887 0.2808404 0.5238072 
HYZL          0.2952083 0.0000000 0.1790566 0.4300474 0.4358807 0.4716379 0.3430812 0.4651707 0.4524531 0.4454221 0.4571737 0.4381316 0.4327609 0.4057750 0.5158967 0.4427593 0.4349134 0.4530990 0.4979940 0.4502627 0.4918658 0.4304393 0.4463989 0.4728083 0.4482428 0.4267794 0.4309843 0.4168950 0.4380474 0.4463063 0.4353299 0.4516777 0.4626271 0.4520798 0.4277149 0.4374993 0.4553004 0.4100272 0.4229314 0.4679035 0.4441206 0.4371174 0.4333206 0.4235335 0.5751394 0.4218014 0.4239812 0.4073954 0.4833922 0.4464578 0.4551274 0.4625090 0.5246463 0.4302981 0.4132010 0.4263315 0.4381143 0.4380682 0.4425458 0.4719621 0.4089563 0.4573523 0.4649576 0.4960197 0.4183689 0.4163336 0.4473409 0.4265050 0.4467774 0.4462742 0.4111830 0.4430468 0.4704502 0.4420538 0.4519096 0.4472809 0.4886612 0.4305371 0.4552356 0.4548311 0.4515443 0.4325225 0.4558858 0.4180887 0.4660884 0.4213156 0.4901855 0.4376318 0.4221202 0.4570708 0.4269354 0.4356033 0.4405004 0.4153054 0.5147464 0.5180919 0.4366977 0.4404987 0.4392835 0.4171260 0.4332946 0.4433725 0.4352110 0.4520280 0.4678682 0.4301773 0.4205530 0.4167460 0.4412731 0.3899540 0.4300361 0.4880503 0.4306803 0.4423079 0.4271464 0.4256042 0.4411995 0.4320830 0.4398886 0.6554970 0.4428476 0.4412889 0.4227648 0.2900093 0.4248581 
MYZV          0.3705215 0.1790566 0.0000000 0.4716370 0.4569386 0.5007084 0.4497593 0.4846631 0.4674527 0.4981044 0.4825612 0.4714752 0.4638405 0.4549083 0.5820253 0.4492417 0.4784480 0.4629690 0.4894152 0.4712034 0.4777672 0.4835070 0.4656430 0.4836579 0.4766654 0.4478115 0.4715710 0.4540125 0.4531579 0.4513204 0.4726107 0.4790377 0.5102158 0.4620990 0.4664827 0.4641083 0.4509572 0.4566145 0.3731028 0.5266506 0.4699746 0.4693961 0.4720700 0.4814731 0.6583391 0.4508408 0.4555834 0.4522316 0.4735905 0.5064656 0.4831561 0.4629945 0.5225933 0.4713954 0.4588351 0.4629116 0.4634327 0.4755118 0.4682928 0.4989220 0.4489642 0.5142334 0.4931469 0.5809965 0.4712325 0.4413691 0.4596159 0.4452854 0.4716772 0.4527316 0.4265345 0.4428473 0.4538705 0.4658768 0.4784096 0.4430451 0.5197677 0.4698976 0.4827323 0.4915648 0.4913823 0.4694616 0.4962321 0.4493046 0.4845429 0.4731144 0.5094308 0.4755231 0.4482451 0.4944571 0.4632057 0.4725816 0.4626017 0.4495555 0.6015180 0.5966179 0.4464678 0.4882325 0.4864765 0.4432916 0.4443481 0.4549964 0.4635950 0.4683396 0.5009906 0.4657063 0.4352227 0.4472865 0.4634439 0.4130826 0.4913096 0.4943648 0.4539829 0.4788698 0.4709863 0.4589214 0.4750068 0.4783120 0.4641740 0.7481588 0.4769591 0.4606454 0.4655941 0.3722628 0.4043657 
SRR6441723    0.5542087 0.4300474 0.4716370 0.0000000 0.0469400 0.1191601 0.2652031 0.1037830 0.0779172 0.0897413 0.1036081 0.0895935 0.0804075 0.0632084 0.1355666 0.1005595 0.0880819 0.0961956 0.1058469 0.0921008 0.0975511 0.0862075 0.0602708 0.0553252 0.0934741 0.0836948 0.0844378 0.0830411 0.0875112 0.0844133 0.0722054 0.0958044 0.0855581 0.1011959 0.0837430 0.0775725 0.1086245 0.0844655 0.1059537 0.0967001 0.0851531 0.0881576 0.0979618 0.0848961 0.1902271 0.0779736 0.0875889 0.0701405 0.0956251 0.1488769 0.0987914 0.1010378 0.0999725 0.0781340 0.0808027 0.0687579 0.0849230 0.0759195 0.0814105 0.0942831 0.0687690 0.0974717 0.1078764 0.1268781 0.0846295 0.0563109 0.0802309 0.0853298 0.0795022 0.0800110 0.0709145 0.0873383 0.0959610 0.0768784 0.1373240 0.0889466 0.1002473 0.0988627 0.0922713 0.0868207 0.1472386 0.0700505 0.1518210 0.0639455 0.0997095 0.0588966 0.1018116 0.0913370 0.0690084 0.1431858 0.0798546 0.0932904 0.0638683 0.0690871 0.1384482 0.1341820 0.0879842 0.0886506 0.0957686 0.0730024 0.0997628 0.1052853 0.0818628 0.0852058 0.0594917 0.0785641 0.0765129 0.0734671 0.1072846 0.0651248 0.0913241 0.1183314 0.0737927 0.0781692 0.0903111 0.0774471 0.0762913 0.0837328 0.0747007 0.1975921 0.0897727 0.0840691 0.0656665 0.0584521 0.0620218 
ERR4210213    0.4555326 0.4358807 0.4569386 0.0469400 0.0000000 0.1165990 0.1930813 0.1157152 0.0709371 0.0992417 0.1218036 0.0930535 0.0874679 0.0688785 0.1932226 0.1023242 0.0990949 0.0869276 0.1028160 0.0937080 0.0962263 0.0932596 0.0335114 0.0431174 0.1086568 0.0922213 0.0897233 0.0978652 0.1089280 0.1030557 0.0739961 0.1124439 0.1124782 0.0932323 0.1023309 0.0787804 0.1189188 0.0880830 0.0997662 0.1018438 0.0922216 0.0988011 0.1096120 0.0955421 0.2539087 0.0821544 0.1046716 0.0878482 0.0860452 0.1425738 0.1101688 0.0897984 0.0751280 0.0861845 0.0837131 0.0660505 0.0946482 0.0803742 0.0740769 0.0861623 0.0891340 0.1005668 0.1345231 0.1650047 0.0922052 0.0659231 0.0836365 0.0929886 0.0802206 0.0788253 0.0694347 0.0756573 0.1035186 0.0935597 0.1373079 0.0780914 0.1149314 0.0949784 0.0828753 0.0744110 0.1381105 0.0737290 0.1403697 0.0744913 0.1078602 0.0501275 0.1176900 0.1177353 0.0754079 0.1459480 0.0925880 0.0894104 0.0554548 0.0865789 0.1804845 0.1721740 0.0784775 0.0946193 0.1091341 0.0666823 0.0940785 0.1023742 0.0951542 0.1017280 0.0474731 0.0836413 0.0928293 0.0838999 0.1177080 0.0702255 0.1077731 0.1365603 0.0642166 0.0901448 0.0915205 0.0906347 0.0714098 0.0869059 0.0840719 0.2760732 0.0957113 0.0906546 0.0834506 0.0569823 0.0642578 
ERR2789774    0.5980920 0.4716379 0.5007084 0.1191601 0.1165990 0.0000000 0.2956577 0.0899501 0.1068009 0.1261559 0.1356584 0.0841173 0.1188383 0.1233480 0.1394447 0.0888625 0.1222442 0.1377611 0.1449310 0.1358510 0.1429668 0.1236739 0.1296293 0.1452933 0.0823732 0.0804864 0.0888900 0.1319083 0.0891735 0.1162633 0.1047328 0.0868791 0.1306676 0.1429303 0.1350051 0.1167510 0.0896110 0.1326274 0.1536779 0.1262767 0.0951254 0.0865978 0.1330541 0.1353087 0.2117401 0.0560165 0.0828768 0.1135719 0.1398785 0.1726978 0.0905142 0.1457474 0.1373622 0.0806304 0.1087587 0.0987871 0.0841450 0.1070214 0.1130384 0.1392189 0.1078153 0.1470229 0.1493547 0.1586350 0.1379234 0.1044527 0.1296758 0.1189330 0.1218574 0.1199937 0.1042707 0.1300996 0.0835614 0.1124361 0.1560080 0.1047838 0.1448676 0.1398825 0.1280949 0.1323041 0.1632039 0.1004134 0.1617508 0.1087969 0.1382759 0.1200947 0.1464614 0.0858864 0.1217114 0.1619768 0.0822742 0.1003364 0.1185839 0.1103099 0.1660046 0.1614676 0.1308652 0.1399739 0.1269036 0.1135403 0.1436857 0.1496918 0.0843647 0.1256873 0.1602720 0.1342877 0.0754281 0.0738124 0.0975921 0.1196881 0.0918909 0.1536944 0.1201350 0.1338725 0.1349180 0.0856117 0.1095138 0.1302224 0.1186304 0.2125754 0.0842689 0.1294502 0.0808542 0.0327096 0.1213056 
PAFTOL_019361 0.4287180 0.3430812 0.4497593 0.2652031 0.1930813 0.2956577 0.0000000 0.2717778 0.2234537 0.2273348 0.2718054 0.2283689 0.2298320 0.2403683 0.3409469 0.2506855 0.2275943 0.2474615 0.2963829 0.2266371 0.2712464 0.2327107 0.2255894 0.2309897 0.2733097 0.2210603 0.2267815 0.2370431 0.2599090 0.2383004 0.2147993 0.2658488 0.2373735 0.2513458 0.2341449 0.2604156 0.2624423 0.2362600 0.2252308 0.2499124 0.2380106 0.2330543 0.2321956 0.2266028 0.3574905 0.2495825 0.2445400 0.2260339 0.2611629 0.2990915 0.2673816 0.2618353 0.2640606 0.2255291 0.2365985 0.2121974 0.2448780 0.2162101 0.2214514 0.2677328 0.2271992 0.2484036 0.2500617 0.2685109 0.2303095 0.2288319 0.2302690 0.2356472 0.2612619 0.2544435 0.2441927 0.2590620 0.2485904 0.2426228 0.2684435 0.2192555 0.2415296 0.2339234 0.2612508 0.2577398 0.2857240 0.2075493 0.2709799 0.2177490 0.2901688 0.2277681 0.2449719 0.2544959 0.2514930 0.2798128 0.2244793 0.2500577 0.2451822 0.2205913 0.2955520 0.2928925 0.2496090 0.2396983 0.2294587 0.2222344 0.2635388 0.2617091 0.2304968 0.2218201 0.2433225 0.2615318 0.2321073 0.2224376 0.2711644 0.2363520 0.2400274 0.2738515 0.2578956 0.2674181 0.2145295 0.2349728 0.2102481 0.2272899 0.2415693 0.3804058 0.2338821 0.2581900 0.2192539 0.1163151 0.2160437 
S0055         0.5480857 0.4651707 0.4846631 0.1037830 0.1157152 0.0899501 0.2717778 0.0000000 0.1022912 0.1158996 0.0869933 0.0573536 0.0991174 0.0977783 0.1048507 0.0650302 0.1144321 0.1142232 0.1255391 0.1193796 0.1304277 0.1115695 0.1054781 0.1106969 0.0547533 0.0503755 0.0558841 0.1156902 0.0555191 0.1062829 0.0893390 0.0555337 0.1368771 0.1173000 0.1159045 0.1093793 0.0540952 0.1035291 0.1085107 0.1204397 0.0588243 0.0577187 0.1207864 0.1132804 0.2007857 0.0508857 0.0536930 0.0760618 0.1275089 0.1383385 0.0648316 0.1257712 0.1212336 0.0536318 0.0997077 0.0874873 0.0603988 0.0896584 0.0970685 0.1184761 0.0705674 0.1223538 0.1296498 0.1496678 0.1078139 0.0931967 0.1172757 0.1061533 0.1005665 0.1037556 0.0852502 0.1118589 0.0710935 0.0874423 0.1263922 0.0968588 0.1175301 0.1232904 0.1001723 0.1080131 0.1358168 0.0852439 0.1334344 0.0924258 0.1232161 0.0886796 0.1218782 0.0533301 0.1046975 0.1328243 0.0535606 0.0661019 0.0874793 0.0985855 0.1595557 0.1547102 0.1094620 0.1171325 0.1104883 0.0868426 0.1196692 0.1257603 0.0487245 0.1078584 0.1172485 0.1060535 0.0487517 0.0406010 0.0403601 0.0948030 0.0536431 0.1339852 0.0964925 0.1077288 0.1188335 0.0440473 0.0936287 0.1161387 0.0906193 0.2070396 0.0555487 0.0932205 0.0468399 0.0870083 0.1031700 
S0196sl       0.5725271 0.4524531 0.4674527 0.0779172 0.0709371 0.1068009 0.2234537 0.1022912 0.0000000 0.0788523 0.0861743 0.0807647 0.0769836 0.0787777 0.1415076 0.0920150 0.0834697 0.0832372 0.0894224 0.0833893 0.0848033 0.0831082 0.0639852 0.0932377 0.0850296 0.0763522 0.0725230 0.0793940 0.0788743 0.0811673 0.0147516 0.0841337 0.0789797 0.0866914 0.0742226 0.0741960 0.0924628 0.0729430 0.0764145 0.0952691 0.0716098 0.0847982 0.0878710 0.0785290 0.1987498 0.0636216 0.0846067 0.0670718 0.0803600 0.1472204 0.0911181 0.0891710 0.0647279 0.0802066 0.0698213 0.0114370 0.0801463 0.0181602 0.0215733 0.0886222 0.0657958 0.0891399 0.1019343 0.1271195 0.0866964 0.0542176 0.0724410 0.0723223 0.0751250 0.0744002 0.0580995 0.0665152 0.0910258 0.0628133 0.1337989 0.0613112 0.0944915 0.0888903 0.0746246 0.0787187 0.1425329 0.0130055 0.1420102 0.0627447 0.0877381 0.0708323 0.0941087 0.0887428 0.0735385 0.1366667 0.0781506 0.0865957 0.0607092 0.0641040 0.1397878 0.1328451 0.0747729 0.0797212 0.0896521 0.0605728 0.0810440 0.0869678 0.0800988 0.0788328 0.1125506 0.0853872 0.0728136 0.0706580 0.1087225 0.0682860 0.0865578 0.1015099 0.0779709 0.0855531 0.0918400 0.0691659 0.0164645 0.0783417 0.0644136 0.2121469 0.0850522 0.0726755 0.0581120 0.0576051 0.0499256 
S0278         0.5864344 0.4454221 0.4981044 0.0897413 0.0992417 0.1261559 0.2273348 0.1158996 0.0788523 0.0000000 0.1056616 0.1029217 0.0395388 0.0829472 0.1538244 0.1107101 0.0329182 0.1083414 0.1204914 0.0459128 0.1124536 0.0422281 0.0841409 0.1086134 0.1096300 0.1012479 0.1040513 0.0515969 0.1071651 0.0333038 0.0746872 0.1121027 0.0432961 0.1120814 0.0497174 0.0952809 0.1078051 0.1020170 0.0950548 0.0393944 0.1019434 0.1139488 0.0330092 0.0443552 0.1537317 0.0912698 0.1093185 0.0950796 0.1097546 0.1768906 0.1217027 0.1111487 0.1046273 0.1009145 0.0978111 0.0746879 0.1065158 0.0803656 0.0821224 0.1195168 0.0897346 0.0582411 0.1186239 0.0936913 0.0461538 0.0597523 0.0311764 0.0994351 0.0999359 0.0942530 0.0872979 0.0954483 0.1091163 0.0998551 0.1522110 0.0938886 0.1211211 0.1180953 0.0969293 0.1032210 0.1641921 0.0743443 0.1695599 0.0391181 0.1252083 0.0790376 0.1206680 0.1112943 0.0850681 0.1574243 0.1007133 0.1171090 0.0833685 0.0242508 0.1065134 0.1023446 0.1024455 0.0477841 0.0345290 0.0866187 0.1081728 0.1163364 0.1070253 0.0974910 0.1173940 0.0890137 0.0997112 0.0963511 0.1317479 0.0916151 0.1086602 0.0719040 0.0935354 0.0930548 0.0379633 0.1003088 0.0801846 0.0460259 0.0974468 0.1590875 0.1115746 0.1077177 0.0859354 0.1627811 0.0590261 
S0281         0.5697038 0.4571737 0.4825612 0.1036081 0.1218036 0.1356584 0.2718054 0.0869933 0.0861743 0.1056616 0.0000000 0.0917294 0.1082134 0.0939117 0.0804612 0.1123114 0.1132337 0.1022595 0.1155081 0.1112016 0.1235328 0.0918153 0.1009354 0.1486582 0.0957817 0.0874099 0.0900282 0.1070593 0.0866002 0.1129504 0.0652158 0.0954220 0.1287604 0.1092838 0.1037757 0.0897205 0.0924569 0.0952898 0.0965893 0.1162422 0.0954200 0.0970834 0.1159567 0.1105788 0.2185063 0.0992614 0.0891486 0.0592315 0.1139710 0.1498510 0.0972386 0.1088997 0.1445410 0.0890038 0.0867972 0.0648697 0.0930049 0.0672431 0.0716975 0.0933008 0.0534084 0.1102218 0.1200940 0.1563477 0.1180135 0.0843271 0.1147468 0.1010766 0.0801280 0.0851915 0.0719805 0.0834547 0.1218117 0.0564890 0.1473074 0.1139986 0.1094070 0.1211491 0.0967348 0.0997484 0.1546972 0.0627067 0.1402112 0.0944430 0.1001879 0.0695009 0.1139299 0.0790805 0.0948077 0.1497838 0.0846993 0.0916823 0.0776749 0.0905707 0.1714281 0.1654461 0.0995819 0.1144432 0.1019639 0.0830904 0.1049336 0.1116804 0.0917670 0.0990172 0.1419034 0.1042233 0.0801549 0.0810335 0.1013447 0.0979840 0.0752988 0.1228693 0.0975201 0.1115856 0.1178567 0.0659067 0.0693527 0.1104645 0.0604317 0.2090624 0.0897380 0.0650896 0.0756173 0.7454100 0.0940542 
S0282         0.5574411 0.4381316 0.4714752 0.0895935 0.0930535 0.0841173 0.2283689 0.0573536 0.0807647 0.1029217 0.0917294 0.0000000 0.0865726 0.0860363 0.0594531 0.0542930 0.1033393 0.0920239 0.1066199 0.1040686 0.1029752 0.0943733 0.0877778 0.0977855 0.0624949 0.0102623 0.0195319 0.0986880 0.0553520 0.0982223 0.0762133 0.0633219 0.1092197 0.1032628 0.1031202 0.0908213 0.0714305 0.0831922 0.0766311 0.1089981 0.0450011 0.0242262 0.1073342 0.1066952 0.2005738 0.0542294 0.0209896 0.0662746 0.0981568 0.1466164 0.0646903 0.0990697 0.1166847 0.0208685 0.0887517 0.0725665 0.0224031 0.0763839 0.0853909 0.1097384 0.0646760 0.1155390 0.1058492 0.1399685 0.1051707 0.0779373 0.1016082 0.0858776 0.0857303 0.0956946 0.0733931 0.1013919 0.0543624 0.0744781 0.1342752 0.0854186 0.0949717 0.1039790 0.0993003 0.1032015 0.1357592 0.0704736 0.1352036 0.0844786 0.1078426 0.0753409 0.0965408 0.0418944 0.0887354 0.1347562 0.0177977 0.0571961 0.0757172 0.0859057 0.1475177 0.1428357 0.0900834 0.1123824 0.1017450 0.0731525 0.1016100 0.1073807 0.0193928 0.0870055 0.1139653 0.0941031 0.0148970 0.0149350 0.0665389 0.0849482 0.0434619 0.1156839 0.0933295 0.0894209 0.1120798 0.0390588 0.0765990 0.0936960 0.0836376 0.2027084 0.0163392 0.0898158 0.0321235 0.0215818 0.0656296 
S0289         0.5541973 0.4327609 0.4638405 0.0804075 0.0874679 0.1188383 0.2298320 0.0991174 0.0769836 0.0395388 0.1082134 0.0865726 0.0000000 0.0755517 0.1425904 0.0957280 0.0380731 0.0932539 0.1105335 0.0365224 0.1039180 0.0406912 0.0734280 0.1089344 0.1005407 0.0812163 0.0856411 0.0383199 0.0887655 0.0365485 0.0695514 0.0990821 0.0489163 0.1007084 0.0465818 0.0858717 0.1045432 0.0945684 0.0961707 0.0443555 0.0839800 0.0933234 0.0334099 0.0446263 0.1369765 0.0861062 0.0926935 0.0914720 0.1012979 0.1633545 0.1024347 0.0998736 0.1112610 0.0810040 0.0860375 0.0678273 0.0900856 0.0751600 0.0769031 0.1075410 0.0899560 0.0549068 0.1089647 0.0805784 0.0462662 0.0582197 0.0315163 0.0865078 0.0899302 0.0847921 0.0796346 0.0920172 0.1010361 0.0944176 0.1438270 0.0902496 0.1051845 0.1102777 0.0936218 0.0960497 0.1573251 0.0692337 0.1535648 0.0343520 0.1193781 0.0698927 0.1047965 0.0985009 0.0775599 0.1530534 0.0845238 0.1022630 0.0762861 0.0242900 0.0912805 0.0872773 0.0893622 0.0445831 0.0413099 0.0774027 0.0968783 0.1048458 0.0868273 0.0883410 0.1094313 0.0874632 0.0833704 0.0782585 0.1143761 0.0815637 0.0959917 0.0664527 0.0802398 0.0896007 0.0316724 0.0839326 0.0732133 0.0346748 0.0920545 0.1401316 0.0890101 0.1002591 0.0737077 0.1139819 0.0595467 
S0292         0.5335584 0.4057750 0.4549083 0.0632084 0.0688785 0.1233480 0.2403683 0.0977783 0.0787777 0.0829472 0.0939117 0.0860363 0.0755517 0.0000000 0.1355678 0.0990231 0.0777830 0.0904450 0.0913125 0.0890011 0.1002133 0.0828460 0.0713416 0.0845164 0.0881172 0.0807295 0.0869360 0.0856849 0.0817864 0.0753543 0.0710776 0.0883144 0.0899186 0.0903109 0.0790555 0.0700970 0.0906335 0.0788815 0.0880515 0.0919846 0.0894864 0.0852981 0.0872772 0.0802368 0.1949093 0.0792526 0.0883927 0.0697448 0.0956016 0.1389078 0.0930079 0.0950935 0.0923896 0.0805334 0.0713297 0.0692320 0.0909617 0.0748093 0.0730063 0.0888504 0.0662532 0.0964666 0.1036604 0.1280160 0.0836251 0.0551432 0.0810191 0.0819935 0.0702120 0.0744868 0.0594903 0.0855458 0.1005208 0.0781971 0.1378310 0.0797293 0.0957478 0.1011689 0.0800346 0.0746935 0.1393772 0.0689171 0.1500708 0.0626024 0.0938462 0.0625496 0.0973016 0.0840896 0.0397310 0.1437141 0.0840852 0.0998092 0.0540797 0.0677399 0.1399056 0.1375202 0.0844833 0.0839802 0.0887228 0.0670451 0.0943369 0.0981137 0.0789605 0.0812784 0.0813238 0.0240812 0.0787450 0.0718500 0.1071909 0.0349343 0.0866048 0.1149390 0.0210179 0.0240093 0.0772083 0.0798271 0.0750197 0.0808831 0.0765659 0.2090525 0.0863914 0.0916851 0.0751316 0.0679765 0.0504020 
S0293         0.6914909 0.5158967 0.5820253 0.1355666 0.1932226 0.1394447 0.3409469 0.1048507 0.1415076 0.1538244 0.0804612 0.0594531 0.1425904 0.1355678 0.0000000 0.1054221 0.1593580 0.1547090 0.1663919 0.1609770 0.1788277 0.1483533 0.1356397 0.1686396 0.1147452 0.0538956 0.0655576 0.1571310 0.1088588 0.1518452 0.1243701 0.1146392 0.1844458 0.1648340 0.1534331 0.1494813 0.1224351 0.1346562 0.0917857 0.1637355 0.0898437 0.0673852 0.1594718 0.1533319 0.2596863 0.0994785 0.0651351 0.1177254 0.1724592 0.2109226 0.1185751 0.1633132 0.1850451 0.0630675 0.1430579 0.1203397 0.0667089 0.1245921 0.1270536 0.1602530 0.1164340 0.1585663 0.1614094 0.2003037 0.1517239 0.1286407 0.1601152 0.1436867 0.1399216 0.1431405 0.1296650 0.1611526 0.1186859 0.1301904 0.1977768 0.1387158 0.1437607 0.1569802 0.1541865 0.1564747 0.1948506 0.1194804 0.1992789 0.1339139 0.1670624 0.1241071 0.1454257 0.0843748 0.1503463 0.2034504 0.0594289 0.1064036 0.1247470 0.1307944 0.2082772 0.2031309 0.1494514 0.1625219 0.1561906 0.1254812 0.1634465 0.1699299 0.0595394 0.1405501 0.1703694 0.1473405 0.0578339 0.0564537 0.1160160 0.1426185 0.0861299 0.1214768 0.1425087 0.1369228 0.1707140 0.0855743 0.1247981 0.1504741 0.1337596 0.2111588 0.0595682 0.1385485 0.0766168 0.9110912 0.0757934 
S0294         0.5259377 0.4427593 0.4492417 0.1005595 0.1023242 0.0888625 0.2506855 0.0650302 0.0920150 0.1107101 0.1123114 0.0542930 0.0957280 0.0990231 0.1054221 0.0000000 0.1186600 0.1168884 0.1181898 0.1199991 0.1293062 0.1119179 0.1103407 0.1068016 0.0646038 0.0470750 0.0545757 0.1138387 0.0631141 0.1018669 0.0883278 0.0658498 0.1294369 0.1265269 0.1187614 0.0998746 0.0723363 0.0980529 0.1041066 0.1207079 0.0590397 0.0580870 0.1235129 0.1177601 0.2130272 0.0622189 0.0576680 0.0864632 0.1239457 0.1533478 0.0641757 0.1272339 0.1210016 0.0524287 0.0957304 0.0828700 0.0574478 0.0885296 0.0961094 0.1164112 0.0848298 0.1269062 0.1252656 0.1528386 0.1202403 0.0841968 0.1115285 0.1129905 0.0944858 0.1020816 0.0816089 0.1020380 0.0279754 0.0931795 0.1414720 0.0964384 0.1158799 0.1238007 0.1037294 0.1099157 0.1400724 0.0822841 0.1396279 0.0915747 0.1193049 0.0895779 0.1174715 0.0682975 0.0941605 0.1390218 0.0489319 0.0704755 0.0879542 0.0952558 0.1602138 0.1557027 0.1147596 0.1243931 0.1113710 0.0856944 0.1232394 0.1332681 0.0524246 0.1086822 0.1203227 0.1002828 0.0510501 0.0494915 0.0781968 0.0966566 0.0612029 0.1473641 0.0958811 0.1059244 0.1221000 0.0497682 0.0889817 0.1146721 0.0984418 0.2167278 0.0562224 0.0952087 0.0543013 0.0469795 0.0857348 
S0299         0.5699812 0.4349134 0.4784480 0.0880819 0.0990949 0.1222442 0.2275943 0.1144321 0.0834697 0.0329182 0.1132337 0.1033393 0.0380731 0.0777830 0.1593580 0.1186600 0.0000000 0.1003397 0.1188368 0.0426461 0.1168467 0.0472837 0.0825041 0.1018198 0.1078504 0.0956110 0.1083241 0.0550268 0.0997115 0.0429662 0.0731111 0.1081056 0.0566336 0.1040053 0.0515220 0.0937533 0.1062477 0.0979048 0.0980688 0.0540226 0.0986185 0.1102795 0.0347215 0.0476732 0.1538285 0.0954076 0.1095277 0.1046644 0.1141043 0.1682404 0.1182086 0.1072533 0.1045729 0.0975680 0.0938259 0.0732653 0.1069490 0.0787787 0.0770607 0.1177246 0.0994574 0.0634273 0.1146213 0.0939446 0.0510789 0.0667473 0.0378294 0.0842904 0.0980853 0.0962524 0.0893063 0.1011936 0.1118797 0.1080480 0.1374953 0.1017787 0.1089280 0.1118174 0.0929074 0.0953119 0.1642981 0.0727754 0.1610291 0.0375838 0.1255445 0.0847320 0.1085257 0.1115080 0.0854121 0.1554668 0.1011894 0.1174167 0.0743372 0.0274657 0.1065701 0.0983256 0.0985921 0.0511457 0.0442150 0.0826147 0.1042736 0.1103042 0.0995798 0.0937190 0.1059887 0.0850827 0.1001174 0.0946963 0.1323022 0.0879016 0.1012091 0.0722442 0.0857523 0.0855035 0.0411960 0.1007891 0.0769717 0.0493615 0.1055536 0.1618493 0.1079293 0.1158439 0.0861522 0.1163752 0.0745632 
S0303         0.5391698 0.4530990 0.4629690 0.0961956 0.0869276 0.1377611 0.2474615 0.1142232 0.0832372 0.1083414 0.1022595 0.0920239 0.0932539 0.0904450 0.1547090 0.1168884 0.1003397 0.0000000 0.0740267 0.1008186 0.0200471 0.0906360 0.0866781 0.1033608 0.1050979 0.0905496 0.1019119 0.1014637 0.1005144 0.0990385 0.0750985 0.1058071 0.1008750 0.0146604 0.0982392 0.1001270 0.1268472 0.0574113 0.0145685 0.1141379 0.0940870 0.1012710 0.1092104 0.1021075 0.2191678 0.0978765 0.1050898 0.0858400 0.0098023 0.1701877 0.1086239 0.0086667 0.1179202 0.0931082 0.1075731 0.0752580 0.0983588 0.0790055 0.0809133 0.1312781 0.0846409 0.1166800 0.0836494 0.1557413 0.1023475 0.0822659 0.0929038 0.0400164 0.1066514 0.1088500 0.0951158 0.1147552 0.1158169 0.0871628 0.1591786 0.0883785 0.0720625 0.0798732 0.1111073 0.1090467 0.1853686 0.0747515 0.1784354 0.0837061 0.1321952 0.0722530 0.0718081 0.1003659 0.0930007 0.1736162 0.0949788 0.1151080 0.0839144 0.0865717 0.1654303 0.1608490 0.0072787 0.0994321 0.1052168 0.0394926 0.0117311 0.0146982 0.0928055 0.0697758 0.1153732 0.1027358 0.0915694 0.0839846 0.1269407 0.0892894 0.1006273 0.1242063 0.0982067 0.0993471 0.1089007 0.0942160 0.0812235 0.1000758 0.0850702 0.2178571 0.0948362 0.0949905 0.0848171 0.0837400 0.0743398 
S0308         0.6226378 0.4979940 0.4894152 0.1058469 0.1028160 0.1449310 0.2963829 0.1255391 0.0894224 0.1204914 0.1155081 0.1066199 0.1105335 0.0913125 0.1663919 0.1181898 0.1188368 0.0740267 0.0000000 0.1211917 0.0779858 0.1082227 0.0887937 0.1135182 0.1118822 0.1049076 0.1118486 0.1096390 0.1073661 0.1043052 0.0825122 0.1219594 0.1171720 0.0775032 0.1056319 0.1087481 0.1320153 0.0771702 0.0782711 0.1285186 0.1082655 0.1178144 0.1234841 0.1061217 0.2335363 0.0946387 0.1150117 0.0945734 0.0731521 0.1876155 0.1136567 0.0756389 0.1368498 0.1021157 0.1090343 0.0807619 0.1098552 0.0845671 0.0921386 0.1409978 0.0912127 0.1288861 0.0894235 0.1682285 0.1062991 0.0879653 0.1076831 0.0608360 0.1053468 0.1116717 0.0895457 0.1156081 0.1129868 0.0911138 0.1663260 0.0859091 0.0742089 0.0921360 0.1185315 0.1147443 0.1856938 0.0802145 0.1788232 0.0956712 0.1222274 0.0819005 0.0700503 0.1155944 0.0927742 0.1741220 0.1027385 0.1273706 0.0857283 0.0977706 0.1755031 0.1732642 0.0669148 0.1068346 0.1190695 0.0565395 0.0742244 0.0813518 0.1106994 0.0698795 0.1257921 0.1083265 0.0990139 0.0971902 0.1341777 0.0908553 0.1183415 0.1360303 0.0972868 0.1027573 0.1162924 0.1102270 0.0827302 0.1119956 0.0891144 0.2363545 0.1018256 0.0952576 0.0947239 0.0970257 0.1024808 
S0320         0.5920800 0.4502627 0.4712034 0.0921008 0.0937080 0.1358510 0.2266371 0.1193796 0.0833893 0.0459128 0.1112016 0.1040686 0.0365224 0.0890011 0.1609770 0.1199991 0.0426461 0.1008186 0.1211917 0.0000000 0.1060423 0.0440986 0.0841592 0.1094535 0.1128311 0.0985128 0.1052232 0.0482644 0.1045211 0.0463711 0.0751464 0.1050114 0.0584768 0.1026118 0.0550480 0.0976339 0.1170953 0.1001540 0.1021704 0.0478634 0.0975540 0.1113154 0.0349432 0.0547330 0.1634294 0.1018683 0.1066786 0.0995104 0.1055398 0.1734950 0.1170498 0.1036500 0.1067672 0.0982532 0.0961096 0.0751470 0.1000173 0.0808642 0.0826324 0.1142502 0.0979667 0.0654964 0.1167656 0.1018852 0.0582417 0.0635132 0.0397487 0.0938614 0.1003528 0.0907628 0.0875124 0.0978067 0.1124165 0.1043051 0.1533134 0.1040970 0.1111863 0.1141401 0.1018661 0.1043960 0.1719287 0.0747993 0.1617923 0.0444043 0.1193359 0.0831673 0.1127686 0.1126290 0.0874020 0.1583766 0.1019011 0.1106686 0.0875899 0.0307048 0.1149397 0.1106596 0.0950124 0.0546786 0.0460928 0.0847819 0.1006614 0.1086937 0.1043828 0.0975990 0.1118910 0.1034594 0.1008261 0.0955738 0.1333568 0.0881804 0.1099532 0.0761232 0.0959792 0.1012681 0.0365862 0.0995653 0.0788764 0.0427773 0.0999408 0.1673473 0.1089382 0.1064690 0.0851475 0.1499734 0.0685771 
S0322         0.5866170 0.4918658 0.4777672 0.0975511 0.0962263 0.1429668 0.2712464 0.1304277 0.0848033 0.1124536 0.1235328 0.1029752 0.1039180 0.1002133 0.1788277 0.1293062 0.1168467 0.0200471 0.0779858 0.1060423 0.0000000 0.1108926 0.0942587 0.1045844 0.1126844 0.1032506 0.1113728 0.1065326 0.1099358 0.1063474 0.0850424 0.1105966 0.1030505 0.0147611 0.1121875 0.1042129 0.1375487 0.0691761 0.0145470 0.1213587 0.1091516 0.1104864 0.1227617 0.1114956 0.2502834 0.1006893 0.1152595 0.0954312 0.0130598 0.1843841 0.1217255 0.0199037 0.1015801 0.1058906 0.1128719 0.0832425 0.1102233 0.0895569 0.0916624 0.1394427 0.0941286 0.1232228 0.0991352 0.1746241 0.1070823 0.0911566 0.1030537 0.0490773 0.1171747 0.1170831 0.1050997 0.1215028 0.1202420 0.0990471 0.1712459 0.0939198 0.0881310 0.0863806 0.1192835 0.1171486 0.1960210 0.0845967 0.2005533 0.0935161 0.1341945 0.0821646 0.0877760 0.1141838 0.1012361 0.1890145 0.1080411 0.1287286 0.0974375 0.0988948 0.1887767 0.1833840 0.0131873 0.1079489 0.1226170 0.0486145 0.0148260 0.0215618 0.1052275 0.0767924 0.1255915 0.1174482 0.1002893 0.0930634 0.1352209 0.0884506 0.1190283 0.1313937 0.1100862 0.1105379 0.1223326 0.1092591 0.0874803 0.1051105 0.0966053 0.2472971 0.1078542 0.1081053 0.0920087 0.0958414 0.0811666 
S0327         0.5787342 0.4304393 0.4835070 0.0862075 0.0932596 0.1236739 0.2327107 0.1115695 0.0831082 0.0422281 0.0918153 0.0943733 0.0406912 0.0828460 0.1483533 0.1119179 0.0472837 0.0906360 0.1082227 0.0440986 0.1108926 0.0000000 0.0782366 0.1201640 0.1068059 0.0924652 0.0954284 0.0441568 0.0939652 0.0390518 0.0673668 0.1095614 0.0442773 0.1006519 0.0423249 0.0938587 0.1085510 0.0963059 0.0942389 0.0487927 0.0897691 0.1012547 0.0441990 0.0471317 0.1367346 0.0959644 0.0967028 0.0853822 0.1031001 0.1734356 0.1080849 0.0975300 0.1138672 0.0885857 0.0939079 0.0675101 0.0918564 0.0730435 0.0749721 0.1183059 0.0841950 0.0558341 0.1117433 0.0864295 0.0506896 0.0576358 0.0389242 0.0900237 0.1028544 0.0844072 0.0831351 0.0918254 0.1130567 0.0924762 0.1498403 0.0979862 0.1065357 0.1125241 0.0983988 0.0965387 0.1667394 0.0670545 0.1638061 0.0316383 0.1125541 0.0695468 0.1084316 0.1041126 0.0827747 0.1625359 0.0922311 0.1040087 0.0769314 0.0280716 0.0952979 0.0913690 0.0931360 0.0471612 0.0358377 0.0787280 0.0987212 0.1048571 0.0944514 0.0902774 0.1162474 0.0950722 0.0928639 0.0852839 0.1169656 0.0828245 0.0995276 0.0699140 0.0873344 0.0975189 0.0422729 0.0936673 0.0730302 0.0371398 0.0902098 0.1571146 0.0989227 0.1002668 0.0827256 0.1461654 0.0640193 
S0335         0.5485226 0.4463989 0.4656430 0.0602708 0.0335114 0.1296293 0.2255894 0.1054781 0.0639852 0.0841409 0.1009354 0.0877778 0.0734280 0.0713416 0.1356397 0.1103407 0.0825041 0.0866781 0.0887937 0.0841592 0.0942587 0.0782366 0.0000000 0.0613939 0.0918995 0.0819084 0.0881299 0.0771314 0.0935519 0.0753055 0.0599568 0.0963693 0.0898713 0.0921079 0.0786538 0.0879568 0.1038192 0.0774949 0.0868193 0.0932924 0.0832594 0.0918580 0.0866158 0.0782542 0.1810406 0.0850729 0.0912470 0.0770618 0.0870556 0.1549676 0.1025360 0.0901784 0.0999983 0.0782028 0.0877539 0.0583055 0.0866611 0.0635342 0.0669745 0.0970986 0.0778169 0.0880221 0.1026140 0.1237923 0.0820668 0.0463559 0.0726978 0.0765913 0.0863771 0.0826051 0.0737360 0.0900428 0.1069920 0.0731055 0.1380182 0.0736013 0.0942032 0.0938793 0.0894618 0.0839959 0.1491299 0.0579282 0.1481122 0.0550535 0.1086702 0.0382179 0.0938639 0.0949677 0.0733045 0.1491697 0.0817062 0.0908579 0.0466110 0.0671822 0.1350479 0.1307902 0.0812237 0.0795965 0.0845045 0.0642323 0.0906573 0.0961120 0.0854818 0.0801342 0.0682094 0.0828233 0.0802853 0.0767894 0.0998419 0.0708693 0.0907717 0.1058926 0.0705987 0.0808455 0.0790800 0.0756120 0.0638376 0.0743532 0.0709665 0.1914968 0.0879528 0.0785434 0.0672604 0.0572920 0.0528379 
S0345         0.5583948 0.4728083 0.4836579 0.0553252 0.0431174 0.1452933 0.2309897 0.1106969 0.0932377 0.1086134 0.1486582 0.0977855 0.1089344 0.0845164 0.1686396 0.1068016 0.1018198 0.1033608 0.1135182 0.1094535 0.1045844 0.1201640 0.0613939 0.0000000 0.0997147 0.0927557 0.0882958 0.1131720 0.0972190 0.1122533 0.0959907 0.1024225 0.1274996 0.1097276 0.1118906 0.0919746 0.1178616 0.0986143 0.0860242 0.1235546 0.1013894 0.0956787 0.1224179 0.1105388 0.2525896 0.0873555 0.1000080 0.0888551 0.1045632 0.1724591 0.1142383 0.1097509 0.0970327 0.0827772 0.0940168 0.0912668 0.0969288 0.1034294 0.1080100 0.1051437 0.0869551 0.1222693 0.1292696 0.1721899 0.1080795 0.0793231 0.1013226 0.0971459 0.0907070 0.0853305 0.0802444 0.0944828 0.1065510 0.1049959 0.1541863 0.0892171 0.1211194 0.1234641 0.0982810 0.0939817 0.1586382 0.0953080 0.1813710 0.0827729 0.1029560 0.0692994 0.1289487 0.1027467 0.0851136 0.1688145 0.0875186 0.1093040 0.0760184 0.0992569 0.1853201 0.1753550 0.0951235 0.1125585 0.1221553 0.0886430 0.1028192 0.1097521 0.0901237 0.1022789 0.0244527 0.0998765 0.0884502 0.0792251 0.1101195 0.0802016 0.1042882 0.1472510 0.0893402 0.0999478 0.1153997 0.0910147 0.0931712 0.1111647 0.1017112 0.2624860 0.1004393 0.1099385 0.0780724 0.0354004 0.0575461 
S0376         0.5311688 0.4482428 0.4766654 0.0934741 0.1086568 0.0823732 0.2733097 0.0547533 0.0850296 0.1096300 0.0957817 0.0624949 0.1005407 0.0881172 0.1147452 0.0646038 0.1078504 0.1050979 0.1118822 0.1128311 0.1126844 0.1068059 0.0918995 0.0997147 0.0000000 0.0570720 0.0592894 0.1050196 0.0516682 0.1039304 0.0764562 0.0273354 0.1241840 0.1043254 0.1073917 0.0842087 0.0680195 0.0990848 0.0911232 0.1156241 0.0674470 0.0645048 0.1123049 0.1067001 0.2128785 0.0508875 0.0552684 0.0831395 0.1077437 0.1436318 0.0526983 0.1106927 0.1095859 0.0569765 0.0874205 0.0748175 0.0586665 0.0767284 0.0877961 0.1017564 0.0775910 0.1194588 0.1191068 0.1468581 0.1129857 0.0815466 0.1103183 0.0903631 0.0787440 0.0898518 0.0678528 0.0899131 0.0724811 0.0819656 0.1496987 0.0909625 0.1068924 0.1166968 0.0826517 0.0864043 0.1545716 0.0725401 0.1477102 0.0849819 0.1065156 0.0810987 0.1111014 0.0579333 0.0889532 0.1449485 0.0586284 0.0659557 0.0872412 0.0942619 0.1584098 0.1539583 0.0950181 0.1104837 0.1122761 0.0865152 0.1068071 0.1124524 0.0587497 0.0997743 0.1164068 0.1004487 0.0537792 0.0471209 0.0639628 0.0892590 0.0585435 0.1284931 0.0890966 0.0984523 0.1081285 0.0455861 0.0789099 0.1056345 0.0851293 0.2068430 0.0622536 0.0911109 0.0466776 0.0749102 0.0812756 
S0400         0.5378453 0.4267794 0.4478115 0.0836948 0.0922213 0.0804864 0.2210603 0.0503755 0.0763522 0.1012479 0.0874099 0.0102623 0.0812163 0.0807295 0.0538956 0.0470750 0.0956110 0.0905496 0.1049076 0.0985128 0.1032506 0.0924652 0.0819084 0.0927557 0.0570720 0.0000000 0.0148984 0.0929661 0.0537806 0.0963327 0.0705827 0.0579395 0.1145220 0.0995501 0.0992692 0.0893698 0.0681111 0.0796046 0.0798344 0.1032096 0.0383382 0.0194795 0.1017721 0.0967088 0.1933420 0.0527533 0.0163212 0.0646680 0.0984190 0.1446181 0.0632160 0.1000780 0.1088787 0.0162607 0.0870883 0.0671407 0.0177739 0.0707395 0.0778756 0.1034379 0.0632016 0.1052504 0.1043756 0.1339133 0.0951928 0.0722824 0.0996467 0.0842353 0.0803292 0.0896697 0.0717374 0.0952676 0.0501282 0.0730215 0.1301394 0.0795095 0.0870774 0.0996972 0.0932199 0.0970492 0.1338011 0.0649693 0.1332540 0.0770139 0.1015705 0.0696631 0.0886382 0.0368486 0.0848987 0.1328127 0.0132377 0.0518711 0.0681537 0.0804893 0.1411010 0.1368014 0.0886135 0.1022627 0.1000632 0.0695976 0.1001414 0.1056829 0.0132445 0.0855530 0.1076283 0.0884930 0.0103404 0.0103471 0.0611352 0.0808186 0.0383979 0.1140248 0.0876702 0.0840950 0.1062036 0.0340771 0.0710831 0.0880991 0.0780283 0.1979832 0.0132649 0.0838969 0.0272480 0.0336313 0.0686711 
S0405         0.5400026 0.4309843 0.4715710 0.0844378 0.0897233 0.0888900 0.2267815 0.0558841 0.0725230 0.1040513 0.0900282 0.0195319 0.0856411 0.0869360 0.0655576 0.0545757 0.1083241 0.1019119 0.1118486 0.1052232 0.1113728 0.0954284 0.0881299 0.0882958 0.0592894 0.0148984 0.0000000 0.0996478 0.0576850 0.1031317 0.0729745 0.0563462 0.1156200 0.1109649 0.1041172 0.0974530 0.0740044 0.0897526 0.0885188 0.1102043 0.0451755 0.0180254 0.1085232 0.1033610 0.2000622 0.0600331 0.0195273 0.0670605 0.1063575 0.1522263 0.0654122 0.1092101 0.1161931 0.0194148 0.0916764 0.0693435 0.0240334 0.0731383 0.0821171 0.1076474 0.0654433 0.1099476 0.1090708 0.1366138 0.1018300 0.0706858 0.1005112 0.0924348 0.0923982 0.0979938 0.0779729 0.0980380 0.0567462 0.0753090 0.1396017 0.0857575 0.1000685 0.1111778 0.0998637 0.1037896 0.1362792 0.0672710 0.1404447 0.0852116 0.1082012 0.0738757 0.1016561 0.0404264 0.0897965 0.1401092 0.0193899 0.0540142 0.0778467 0.0868497 0.1441746 0.1395050 0.0973736 0.1071362 0.1028672 0.0817085 0.1092818 0.1152320 0.0133206 0.0898537 0.1105245 0.0929057 0.0164794 0.0088904 0.0650655 0.0879259 0.0419968 0.1165349 0.0962017 0.0903578 0.1133343 0.0342166 0.0712455 0.0945904 0.0803654 0.1991217 0.0227041 0.0865007 0.0306549 0.0466261 0.0696410 
S0407sl       0.5581056 0.4168950 0.4540125 0.0830411 0.0978652 0.1319083 0.2370431 0.1156902 0.0793940 0.0515969 0.1070593 0.0986880 0.0383199 0.0856849 0.1571310 0.1138387 0.0550268 0.1014637 0.1096390 0.0482644 0.1065326 0.0441568 0.0771314 0.1131720 0.1050196 0.0929661 0.0996478 0.0000000 0.0968691 0.0484110 0.0734420 0.1057598 0.0509501 0.1049937 0.0465724 0.0926427 0.1135352 0.0971213 0.0957595 0.0566700 0.0920947 0.1054410 0.0536162 0.0515279 0.1571386 0.0945530 0.1025238 0.0937766 0.1040935 0.1660932 0.1134390 0.1045389 0.1161818 0.0948039 0.0987896 0.0735981 0.1023028 0.0791379 0.0810745 0.1165562 0.0924341 0.0622075 0.1224856 0.0984680 0.0551030 0.0550971 0.0451592 0.0889766 0.0973424 0.0932748 0.0861550 0.0928429 0.1125324 0.0968933 0.1394926 0.0851644 0.1022386 0.1128158 0.0965273 0.1010045 0.1619899 0.0731032 0.1494091 0.0412814 0.1284746 0.0703455 0.1038301 0.1067684 0.0877872 0.1489457 0.0927981 0.1145379 0.0840256 0.0356417 0.1092548 0.1052608 0.0958251 0.0530967 0.0551543 0.0798214 0.1013409 0.1091926 0.0986384 0.0927797 0.1126220 0.0998458 0.0954425 0.0877555 0.1315832 0.0820982 0.1041561 0.0747716 0.0905574 0.1003459 0.0450184 0.0940321 0.0773223 0.0192553 0.0966353 0.1581937 0.1032459 0.1046695 0.0777359 0.1625836 0.0539824 
S0412sl       0.5604885 0.4380474 0.4531579 0.0875112 0.1089280 0.0891735 0.2599090 0.0555191 0.0788743 0.1071651 0.0866002 0.0553520 0.0887655 0.0817864 0.1088588 0.0631141 0.0997115 0.1005144 0.1073661 0.1045211 0.1099358 0.0939652 0.0935519 0.0972190 0.0516682 0.0537806 0.0576850 0.0968691 0.0000000 0.0996669 0.0727616 0.0473973 0.1096735 0.1055545 0.1013092 0.0873989 0.0551440 0.0904002 0.0877197 0.1054115 0.0552360 0.0576112 0.1078660 0.1024623 0.2022157 0.0522773 0.0573677 0.0680247 0.1050551 0.1485633 0.0419919 0.1079647 0.1070061 0.0520063 0.0796247 0.0693066 0.0553703 0.0729243 0.0820444 0.0916152 0.0646790 0.1072549 0.1142651 0.1377456 0.1086534 0.0740928 0.1018337 0.0893188 0.0840394 0.0857529 0.0659431 0.0894521 0.0706048 0.0780024 0.1455588 0.0836950 0.1022532 0.0996401 0.0821873 0.0859172 0.1460729 0.0670788 0.1413200 0.0808906 0.1002526 0.0753971 0.1038189 0.0569399 0.0730114 0.1407540 0.0536458 0.0553617 0.0736697 0.0862198 0.1491323 0.1447764 0.0924746 0.1062016 0.1096309 0.0727338 0.1041224 0.1072077 0.0537564 0.0928812 0.1073853 0.0976491 0.0505021 0.0422278 0.0733197 0.0750648 0.0555607 0.1252880 0.0867917 0.0877770 0.1037546 0.0356776 0.0732818 0.0937721 0.0872356 0.1920717 0.0572198 0.0894742 0.0386732 0.0714106 0.0717528 
S0417         0.5832090 0.4463063 0.4513204 0.0844133 0.1030557 0.1162633 0.2383004 0.1062829 0.0811673 0.0333038 0.1129504 0.0982223 0.0365485 0.0753543 0.1518452 0.1018669 0.0429662 0.0990385 0.1043052 0.0463711 0.1063474 0.0390518 0.0753055 0.1122533 0.1039304 0.0963327 0.1031317 0.0484110 0.0996669 0.0000000 0.0713534 0.1025943 0.0434905 0.1027321 0.0465526 0.0938763 0.1102742 0.0928477 0.0993981 0.0511567 0.0931515 0.1050747 0.0349675 0.0447185 0.1390634 0.0859359 0.1043585 0.0876336 0.1058653 0.1662777 0.1121113 0.0982907 0.1074366 0.0924859 0.0999942 0.0695412 0.1018193 0.0769931 0.0789098 0.1200110 0.0838236 0.0567366 0.1015185 0.0847210 0.0432390 0.0565388 0.0330173 0.0903777 0.1021375 0.0946381 0.0872820 0.1077270 0.1050993 0.0960298 0.1438152 0.0877866 0.1075548 0.1085798 0.1036550 0.1062005 0.1648339 0.0710265 0.1635596 0.0361070 0.1275766 0.0774665 0.1071552 0.1018113 0.0812535 0.1536296 0.0960930 0.1121985 0.0777004 0.0259487 0.0933558 0.0895155 0.0934501 0.0446753 0.0414056 0.0752449 0.0991001 0.1068951 0.0983029 0.0849078 0.1076777 0.0872698 0.0927579 0.0873907 0.1121268 0.0814080 0.1076925 0.0664471 0.0818789 0.0894833 0.0331735 0.0937119 0.0769808 0.0429058 0.0936584 0.1428598 0.1002236 0.1035917 0.0811472 0.1315958 0.0625253 
S0419         0.5484354 0.4353299 0.4726107 0.0722054 0.0739961 0.1047328 0.2147993 0.0893390 0.0147516 0.0746872 0.0652158 0.0762133 0.0695514 0.0710776 0.1243701 0.0883278 0.0731111 0.0750985 0.0825122 0.0751464 0.0850424 0.0673668 0.0599568 0.0959907 0.0764562 0.0705827 0.0729745 0.0734420 0.0727616 0.0713534 0.0000000 0.0755563 0.0792007 0.0781727 0.0619048 0.0687573 0.0866833 0.0676821 0.0725922 0.0854807 0.0664202 0.0801139 0.0752064 0.0708511 0.1756184 0.0627937 0.0795908 0.0555296 0.0805841 0.1342652 0.0814759 0.0803065 0.0886753 0.0721986 0.0630655 0.0072310 0.0756959 0.0116592 0.0146377 0.0837019 0.0543328 0.0839709 0.0872632 0.1145672 0.0781622 0.0478310 0.0668266 0.0637404 0.0667823 0.0654429 0.0515097 0.0637260 0.0892466 0.0485477 0.1223293 0.0608719 0.0833747 0.0815759 0.0710982 0.0747138 0.1347163 0.0071881 0.1277156 0.0567525 0.0841098 0.0604885 0.0849107 0.0777983 0.0682085 0.1247879 0.0704086 0.0815079 0.0517489 0.0545764 0.1256047 0.1214614 0.0677109 0.0682499 0.0732233 0.0549775 0.0749360 0.0819766 0.0740435 0.0693206 0.1025487 0.0806948 0.0692131 0.0658035 0.0971210 0.0689112 0.0759160 0.0899591 0.0702509 0.0787368 0.0804752 0.0626144 0.0131956 0.0725806 0.0499106 0.1836403 0.0763606 0.0569105 0.0511798 0.0703116 0.0500304 
