117
CRNC          0.0000000 0.2077385 0.3113620 0.4849403 0.4562837 0.5469704 0.5108124 0.4818276 0.4733147 0.5933967 0.4971479 0.4967119 0.5785487 0.4799231 0.5069498 0.4605148 0.7000507 0.5179129 0.4368101 0.5412363 0.6648909 0.4846207 0.5089378 0.4690874 0.4733503 0.5980050 0.4537155 0.5692914 0.4627818 0.4828682 0.5317556 0.5296407 0.5619618 0.4977453 0.5035523 0.5205480 0.5597427 0.4820426 0.4917322 0.6836481 0.5062478 0.5071167 0.4663011 0.4640510 0.5548849 0.5272940 0.5135614 0.5219307 0.4992918 0.5060248 0.4760886 0.4794468 0.4651764 0.4820954 0.5140680 0.4750341 0.5782078 0.5273011 0.5098256 0.4780829 0.5168773 0.4795561 0.4866198 0.4993138 0.5365548 0.5342633 0.4885103 0.4858065 0.5774906 0.4175043 0.4611312 0.4305442 0.5233094 0.4788994 0.5242746 0.4523464 0.5109377 0.4761697 0.5111744 0.5049670 0.4571640 0.4446116 0.5504393 0.5135326 0.4651813 0.5019007 0.4608757 0.5790876 0.4832902 0.4907704 0.5028256 0.4827465 0.6203750 0.4683349 0.5535101 0.5103444 0.4635146 0.5224395 0.4670581 0.4891371 0.4631103 0.4726297 0.4505148 0.5205478 0.4692183 0.5431579 0.4886789 0.4822107 0.5886258 0.4903595 0.4560763 0.5956644 0.4997885 0.5386332 0.4665041 0.5634763 0.4773386 
HYZL          0.2077385 0.0000000 0.1288477 0.4463881 0.4213798 0.4850785 0.4394210 0.4294149 0.4554970 0.5924633 0.4687937 0.4469224 0.5631128 0.4712941 0.4359315 0.4293725 0.6625436 0.4460236 0.4149020 0.4770115 0.6294005 0.4612986 0.4631039 0.4167842 0.4341801 0.5327411 0.4225348 0.5198222 0.4544345 0.4480360 0.4357821 0.4813977 0.5537904 0.4432805 0.4644502 0.4894174 0.4935180 0.4166785 0.4471198 0.6405204 0.4650458 0.4741569 0.4240185 0.4358584 0.4887065 0.4344294 0.4768524 0.4645682 0.4495112 0.4462843 0.4679773 0.4362165 0.4575723 0.4632266 0.4577992 0.4413005 0.5241320 0.4634156 0.4713248 0.4645627 0.4436398 0.4422072 0.4287537 0.4488322 0.4679398 0.4657160 0.4507908 0.4383358 0.4436793 0.3961696 0.4334311 0.3771646 0.4724543 0.4421908 0.4175577 0.4452953 0.4208764 0.4698168 0.4742769 0.4645024 0.4271706 0.4037356 0.5165918 0.4130919 0.4230598 0.4171438 0.4246932 0.5292172 0.4534173 0.4718705 0.4569779 0.4544473 0.5939197 0.4532992 0.4715426 0.4374270 0.4216249 0.4649821 0.4295578 0.4608620 0.4212752 0.4407672 0.4244578 0.4598335 0.4181847 0.4808195 0.4794999 0.4487461 0.5111150 0.4230564 0.4488420 0.4996363 0.4459309 0.4880532 0.4285937 0.4926738 0.4253308 
MYZV          0.3113620 0.1288477 0.0000000 0.5009399 0.4769952 0.5635530 0.5654957 0.4924094 0.5293098 0.6373574 0.5443414 0.5131723 0.5979644 0.5079968 0.5311012 0.5010757 0.7443144 0.5370265 0.4972139 0.5576898 0.6470770 0.5184718 0.5246685 0.4953591 0.5115110 0.5960407 0.4683566 0.5688574 0.5223426 0.5256070 0.4450098 0.5513769 0.6035584 0.4937324 0.5444410 0.5940103 0.5770451 0.4869772 0.5147045 0.6651793 0.5005993 0.5634432 0.4909324 0.4963646 0.5714105 0.5746480 0.5539418 0.5644653 0.4994693 0.5072740 0.5266049 0.5068061 0.5257078 0.5321442 0.5190967 0.5131595 0.5893663 0.5216000 0.5619568 0.5172462 0.4817065 0.5194476 0.4796495 0.5162431 0.5341651 0.5160979 0.5070459 0.5320991 0.5878130 0.4665408 0.5040857 0.4499494 0.5387730 0.5074131 0.5668998 0.5116616 0.5623554 0.5195532 0.5390278 0.5204432 0.4897895 0.4958487 0.6069087 0.5653087 0.5027726 0.5033430 0.4947948 0.5774180 0.5392951 0.5451084 0.5187515 0.5280913 0.6295773 0.5452894 0.5306237 0.4943895 0.5009301 0.5284069 0.5210780 0.4966844 0.4898192 0.5229282 0.4933488 0.5095852 0.5122321 0.5646205 0.5287032 0.4995403 0.5562627 0.5034526 0.5159443 0.5285179 0.5413125 0.6042448 0.4983533 0.5850137 0.5050436 
SRR6441723    0.4849403 0.4463881 0.5009399 0.0000000 0.0369994 0.0803636 0.2288589 0.0442741 0.0428089 0.2000760 0.0846539 0.0513419 0.1458011 0.0531982 0.0600279 0.0660704 0.2493362 0.0683899 0.0741488 0.0880640 0.2190091 0.0427790 0.0448933 0.0488599 0.0535194 0.1545915 0.0481398 0.1177683 0.0427696 0.0559870 0.1024860 0.0830807 0.1300499 0.0564069 0.0657582 0.0950653 0.1572422 0.0581225 0.0581197 0.2122926 0.1076924 0.0854951 0.0513809 0.0384946 0.0906949 0.1255266 0.0705298 0.0754298 0.0533466 0.0540340 0.0473324 0.0488599 0.0404901 0.0491876 0.0514595 0.0361353 0.1235618 0.0825405 0.0738583 0.0424166 0.1221797 0.0605249 0.0637068 0.0496288 0.0561374 0.0634718 0.0618277 0.0557689 0.1247997 0.0617725 0.0730289 0.0582378 0.0809936 0.0527312 0.1266110 0.0406900 0.1165866 0.0759699 0.0612665 0.0535840 0.0731702 0.0608441 0.0701409 0.1223997 0.0467708 0.0706979 0.0425856 0.1306933 0.0653323 0.0700639 0.0788678 0.0873190 0.1995557 0.0939698 0.0929925 0.0753513 0.0466675 0.0699529 0.0472149 0.0534699 0.0466406 0.0598408 0.0497958 0.0490156 0.0466519 0.1199656 0.0622942 0.0578473 0.1365605 0.0492599 0.0448540 0.1531157 0.0560299 0.1040219 0.0492108 0.0763934 0.0604348 
ERR4210213    0.4562837 0.4213798 0.4769952 0.0369994 0.0000000 0.0643373 0.2472292 0.0426296 0.0427599 0.1674838 0.0893159 0.0547059 0.1639241 0.0423172 0.0633767 0.0676966 0.2366613 0.0644434 0.0745260 0.0932393 0.2059363 0.0099900 0.0457563 0.0514358 0.0576896 0.1650328 0.0416524 0.1141171 0.0427085 0.0518431 0.1116847 0.0803991 0.1318752 0.0546446 0.0546249 0.1113435 0.1647055 0.0606971 0.0606403 0.2109417 0.1011182 0.0981437 0.0548301 0.0371806 0.0931059 0.1060398 0.0613442 0.0704907 0.0514985 0.0515574 0.0429919 0.0514358 0.0397266 0.0454006 0.0486489 0.0370949 0.1238401 0.0796574 0.0883263 0.0340399 0.1351292 0.0636794 0.0638540 0.0403433 0.0546311 0.0638559 0.0591892 0.0481445 0.1244914 0.0571926 0.0695290 0.0566205 0.0840367 0.0503121 0.1137432 0.0399837 0.0988360 0.0613717 0.0610870 0.0366041 0.0697677 0.0519999 0.0600009 0.1123590 0.0457776 0.0676463 0.0365466 0.1371592 0.0760723 0.0833580 0.0718584 0.1003124 0.2095130 0.1133546 0.0831182 0.0666344 0.0485133 0.0699050 0.0425429 0.0425269 0.0484761 0.0631443 0.0494304 0.0455282 0.0426296 0.1186875 0.0540562 0.0424636 0.1523781 0.0485837 0.0398164 0.1714160 0.0512828 0.0973971 0.0486368 0.0481497 0.0576641 
ERR2789774    0.5469704 0.4850785 0.5635530 0.0803636 0.0643373 0.0000000 0.2744848 0.0489812 0.0827266 0.2152025 0.1281512 0.0426857 0.1820788 0.0874016 0.0532954 0.0546701 0.2303165 0.0950254 0.1147402 0.1166283 0.2270889 0.0864621 0.0889385 0.0381066 0.0448661 0.1846978 0.0704119 0.1539464 0.0826486 0.0896107 0.1325551 0.1146714 0.1791273 0.0991399 0.0930790 0.1448761 0.1702705 0.0609493 0.0495078 0.2431010 0.1366398 0.1302395 0.0404894 0.0689601 0.1142300 0.1848014 0.1158691 0.1026939 0.0537699 0.0963582 0.0830872 0.0381066 0.0799695 0.0897329 0.0858143 0.0755917 0.1769757 0.1137745 0.1225901 0.0824990 0.1336427 0.0909455 0.1077259 0.0808421 0.1016679 0.1014167 0.0574514 0.0977681 0.1745434 0.1004707 0.1026100 0.0823006 0.1096862 0.0852245 0.1745134 0.0803861 0.1622447 0.1223278 0.0996379 0.1004958 0.1028197 0.0612134 0.1193911 0.1717889 0.0403160 0.0665280 0.0934652 0.1756185 0.1055485 0.1175003 0.1067921 0.1193264 0.2377037 0.1292568 0.1166619 0.1038572 0.0359808 0.0996893 0.0884266 0.0851392 0.0402048 0.0487864 0.0593475 0.0954356 0.0491339 0.1636345 0.0976246 0.0927067 0.1649716 0.0407540 0.0801139 0.1733398 0.0950690 0.1402738 0.0383170 0.1189177 0.0609199 
PAFTOL_019361 0.5108124 0.4394210 0.5654957 0.2288589 0.2472292 0.2744848 0.0000000 0.2463985 0.2313479 0.3346379 0.2468309 0.2483412 0.3070009 0.2292492 0.2637875 0.2668214 0.3439602 0.2251211 0.2229680 0.2678914 0.3365136 0.2269315 0.2508767 0.2351507 0.2437004 0.3111547 0.2367929 0.2649772 0.2311169 0.2453724 0.2218556 0.2582257 0.2862336 0.2494897 0.2662892 0.2599738 0.2822626 0.2505751 0.2448598 0.3809285 0.2364369 0.2507002 0.2306117 0.2180960 0.2545455 0.2574794 0.2785379 0.2264210 0.2456351 0.2451914 0.2292075 0.2384626 0.2202104 0.2336695 0.2353354 0.2231221 0.2644842 0.2585423 0.2410834 0.2401853 0.2261062 0.2331531 0.2521299 0.2319000 0.2542657 0.2628930 0.2675191 0.2495505 0.2590168 0.2398265 0.2434140 0.2081464 0.2610424 0.2144871 0.2448001 0.2281441 0.2260738 0.2211995 0.2374841 0.2371374 0.2440010 0.2550464 0.2601940 0.2270026 0.2287130 0.2815243 0.2276042 0.2523895 0.2162527 0.2327537 0.2428347 0.2025949 0.3418756 0.2627950 0.2631837 0.2403870 0.2315963 0.2449693 0.2421669 0.2375470 0.2247699 0.2412942 0.2558456 0.2314955 0.2386512 0.2963773 0.2513044 0.2441682 0.2694184 0.2366235 0.2307127 0.2906422 0.2510097 0.2656046 0.2395412 0.2739507 0.2518758 
S0055         0.4818276 0.4294149 0.4924094 0.0442741 0.0426296 0.0489812 0.2463985 0.0000000 0.0489622 0.1831263 0.0887728 0.0212420 0.1438051 0.0572492 0.0352653 0.0445917 0.2191013 0.0656964 0.0857719 0.0850424 0.2021061 0.0559685 0.0471138 0.0210998 0.0272902 0.1594022 0.0368299 0.1189899 0.0489175 0.0575338 0.1063145 0.0880448 0.1248255 0.0583126 0.0577786 0.0977862 0.1519675 0.0232726 0.0274210 0.2016353 0.1110039 0.0827528 0.0232255 0.0403771 0.0877227 0.1348205 0.0725996 0.0726559 0.0231559 0.0559380 0.0491644 0.0210998 0.0466002 0.0553752 0.0512047 0.0380093 0.1434309 0.0779244 0.0758774 0.0442377 0.1189784 0.0669839 0.0656179 0.0468129 0.0582928 0.0653763 0.0384294 0.0575680 0.1283284 0.0587217 0.0680356 0.0534743 0.0781101 0.0524571 0.1285744 0.0468302 0.1158018 0.0790970 0.0631761 0.0599188 0.0681661 0.0274959 0.0810583 0.1241094 0.0191587 0.0424370 0.0535246 0.1389481 0.0651066 0.0722426 0.0835201 0.0796596 0.2007755 0.0961031 0.0949009 0.0800470 0.0191196 0.0701547 0.0490887 0.0575409 0.0191093 0.0310955 0.0215161 0.0598353 0.0152120 0.1299264 0.0663943 0.0574976 0.1348071 0.0272928 0.0466805 0.1565843 0.0552508 0.0960481 0.0232071 0.0831462 0.0376765 
S0196sl       0.4733147 0.4554970 0.5293098 0.0428089 0.0427599 0.0827266 0.2313479 0.0489622 0.0000000 0.1922011 0.0582882 0.0514392 0.1616274 0.0578336 0.0577869 0.0707434 0.2520610 0.0735503 0.0792111 0.0954556 0.2124545 0.0494542 0.0520025 0.0466883 0.0513102 0.1632230 0.0507777 0.1140890 0.0075193 0.0654097 0.1036919 0.0884924 0.1373604 0.0541363 0.0685055 0.0987719 0.1567758 0.0631466 0.0558779 0.2193484 0.1173240 0.0992847 0.0491811 0.0318765 0.0987890 0.1565544 0.0733755 0.0782290 0.0582493 0.0517829 0.0113923 0.0466883 0.0056081 0.0132419 0.0514839 0.0316639 0.1370720 0.0908300 0.0870306 0.0360496 0.1155069 0.0699085 0.0613735 0.0430510 0.0563642 0.0611481 0.0691299 0.0355894 0.1478455 0.0571600 0.0804955 0.0681592 0.0708534 0.0478973 0.1510072 0.0056339 0.1370855 0.0886796 0.0589537 0.0606291 0.0806530 0.0635175 0.0722329 0.1461202 0.0446077 0.0730214 0.0469786 0.1343683 0.0759656 0.0783538 0.0839459 0.0939571 0.2111822 0.0952042 0.0953813 0.0804614 0.0445095 0.0826519 0.0517256 0.0581321 0.0444839 0.0531610 0.0547078 0.0560662 0.0491148 0.1276965 0.0670827 0.0625711 0.1341169 0.0540330 0.0094112 0.1537473 0.0357486 0.1133626 0.0470229 0.0565240 0.0627637 
S0278         0.5933967 0.5924633 0.6373574 0.2000760 0.1674838 0.2152025 0.3346379 0.1831263 0.1922011 0.0000000 0.2005686 0.1886661 0.0798696 0.1892989 0.2000940 0.2075543 0.0671769 0.2062770 0.1977732 0.2266684 0.0700118 0.1959196 0.1875166 0.1801721 0.1853664 0.0609016 0.1718534 0.0844501 0.1920026 0.2071522 0.0235222 0.2122714 0.1220709 0.2144698 0.2179236 0.2534887 0.0471343 0.2064546 0.1967393 0.0655534 0.0968099 0.1366877 0.1851267 0.1819468 0.2205329 0.2833299 0.2069882 0.2092203 0.1796099 0.2171476 0.1846203 0.1803808 0.1879661 0.2013021 0.2053932 0.1805781 0.0975941 0.2057413 0.1250517 0.1863212 0.0413379 0.1983171 0.2179755 0.2067543 0.2206152 0.2230399 0.2068097 0.2189736 0.2837886 0.1986106 0.1895560 0.1846401 0.2114248 0.1855933 0.2707478 0.1891006 0.2651175 0.1069470 0.2166024 0.2114710 0.1911804 0.2112486 0.2108929 0.2776648 0.1800008 0.2188840 0.1908827 0.0829778 0.1102342 0.1171503 0.1954464 0.1148911 0.0556326 0.2505770 0.2068722 0.1893487 0.1833682 0.1870749 0.1996750 0.1922786 0.1832369 0.1897199 0.1928519 0.1704391 0.1936678 0.1453943 0.2067759 0.2001519 0.0330444 0.1929123 0.1851978 0.0443922 0.2184858 0.1392853 0.1778417 0.2210795 0.2045614 
S0281         0.4971479 0.4687937 0.5443414 0.0846539 0.0893159 0.1281512 0.2468309 0.0887728 0.0582882 0.2005686 0.0000000 0.0899810 0.1781883 0.0936687 0.0967410 0.1146912 0.2481398 0.0959529 0.1065569 0.1162672 0.2167894 0.0980568 0.0953052 0.0866707 0.0920474 0.1856391 0.0867369 0.1442037 0.0582343 0.1018613 0.1180024 0.1143530 0.1486453 0.0848001 0.1030329 0.1361964 0.1696675 0.0994051 0.0948443 0.2311614 0.1281782 0.1317666 0.0897288 0.0604113 0.1199358 0.1972108 0.1153214 0.1008747 0.0994349 0.0821861 0.0630510 0.0866707 0.0558145 0.0648777 0.0841266 0.0624208 0.1496673 0.1143206 0.1213103 0.0767127 0.1345102 0.1016605 0.0875338 0.0704157 0.0872047 0.0925763 0.1103259 0.0663535 0.1884011 0.0887570 0.1000181 0.0897925 0.0912023 0.0737726 0.1910967 0.0560948 0.1753955 0.1123119 0.0877022 0.0997299 0.0977590 0.1032380 0.1085001 0.1791080 0.0844130 0.1120601 0.0869522 0.1595979 0.1044777 0.1068811 0.1066302 0.0819021 0.2120796 0.1246223 0.1136704 0.1006752 0.0842141 0.1080817 0.0947575 0.0941815 0.0818087 0.0913658 0.0804804 0.0847289 0.0890688 0.1565671 0.1090777 0.0909689 0.1684033 0.0899285 0.0603745 0.1923163 0.0644587 0.1442219 0.0873215 0.0901767 0.0993504 
S0282         0.4967119 0.4469224 0.5131723 0.0513419 0.0547059 0.0426857 0.2483412 0.0212420 0.0514392 0.1886661 0.0899810 0.0000000 0.1477908 0.0625179 0.0252339 0.0383897 0.2130720 0.0688225 0.0893259 0.0912197 0.1940890 0.0634917 0.0543692 0.0114016 0.0173795 0.1638101 0.0416456 0.1163304 0.0513919 0.0650237 0.1200168 0.0916363 0.1421782 0.0659250 0.0607063 0.1094784 0.1487349 0.0338319 0.0214737 0.2000582 0.1174474 0.0962218 0.0134213 0.0429936 0.0889325 0.1568035 0.0807099 0.0759131 0.0295152 0.0634607 0.0516533 0.0114016 0.0490399 0.0579207 0.0585420 0.0449076 0.1483235 0.0736750 0.0891048 0.0512982 0.1248062 0.0677627 0.0735104 0.0495431 0.0659022 0.0732319 0.0302342 0.0650643 0.1469771 0.0566440 0.0689446 0.0541664 0.0785501 0.0529042 0.1500956 0.0492839 0.1362766 0.0857058 0.0662447 0.0674993 0.0690784 0.0382654 0.0893308 0.1451115 0.0133670 0.0429074 0.0609466 0.1307929 0.0755620 0.0830742 0.0842778 0.0840291 0.1975542 0.0973531 0.0962178 0.0807814 0.0094696 0.0710914 0.0563725 0.0628439 0.0133322 0.0211807 0.0320935 0.0652016 0.0253322 0.1337438 0.0741421 0.0627956 0.1424670 0.0214872 0.0491250 0.1577562 0.0626633 0.1043482 0.0134108 0.0941109 0.0317983 
S0289         0.5785487 0.5631128 0.5979644 0.1458011 0.1639241 0.1820788 0.3070009 0.1438051 0.1616274 0.0798696 0.1781883 0.1477908 0.0000000 0.1651091 0.1595321 0.1684615 0.1024039 0.1735118 0.1791941 0.1898987 0.0821854 0.1747746 0.1622360 0.1417187 0.1519244 0.0644982 0.1415385 0.0997059 0.1614641 0.1596592 0.0654079 0.1898195 0.1395230 0.1609943 0.1862872 0.2206224 0.0665208 0.1612329 0.1532106 0.0763403 0.0912508 0.1198113 0.1456051 0.1398960 0.1811079 0.2395211 0.1595476 0.1828130 0.1487401 0.1664157 0.1547448 0.1418757 0.1578300 0.1701249 0.1636464 0.1416374 0.1001139 0.1853774 0.1065022 0.1469295 0.0548852 0.1667315 0.1645744 0.1679552 0.1695009 0.1791475 0.1622501 0.1760310 0.2395027 0.1728515 0.1671781 0.1454476 0.1753443 0.1365486 0.2252759 0.1587490 0.2210069 0.0830044 0.1691698 0.1735924 0.1675541 0.1623755 0.1806524 0.2322599 0.1415925 0.1749915 0.1568780 0.0854737 0.0894102 0.1002575 0.1765621 0.0794309 0.0773903 0.2041329 0.1832046 0.1665521 0.1446151 0.1739120 0.1675150 0.1692520 0.1445163 0.1563717 0.1448655 0.1505631 0.1531783 0.1377601 0.1812104 0.1751445 0.0469572 0.1490626 0.1522492 0.0540826 0.1725231 0.1284765 0.1399833 0.1995111 0.1655212 
S0292         0.4799231 0.4712941 0.5079968 0.0531982 0.0423172 0.0874016 0.2292492 0.0572492 0.0578336 0.1892989 0.0936687 0.0625179 0.1651091 0.0000000 0.0732176 0.0872621 0.2602689 0.0800162 0.0786325 0.1025378 0.2073957 0.0604864 0.0605613 0.0596992 0.0645284 0.1675388 0.0595830 0.1213359 0.0577805 0.0672067 0.0910937 0.0978938 0.1353037 0.0722310 0.0772368 0.1029744 0.1487223 0.0694476 0.0670134 0.2074084 0.1175614 0.0952965 0.0578854 0.0487195 0.0952662 0.1608621 0.0800945 0.0847228 0.0667180 0.0697388 0.0580749 0.0596992 0.0553812 0.0643717 0.0670968 0.0462639 0.1431523 0.0826633 0.0832937 0.0530012 0.1179056 0.0739379 0.0823199 0.0651800 0.0745514 0.0843622 0.0830566 0.0666157 0.1552139 0.0669272 0.0703651 0.0675164 0.0954913 0.0686487 0.1528056 0.0556576 0.1388829 0.0844688 0.0726522 0.0622212 0.0705004 0.0697805 0.0489969 0.1477658 0.0575764 0.0848020 0.0603053 0.1361075 0.0724137 0.0773613 0.0907683 0.1025201 0.1997314 0.1074805 0.0947884 0.0849061 0.0574478 0.0747670 0.0554496 0.0056348 0.0574143 0.0664176 0.0679174 0.0295077 0.0574284 0.1130262 0.0152163 0.0113459 0.1373739 0.0624845 0.0554776 0.1613414 0.0714932 0.1117608 0.0601306 0.0930652 0.0741195 
S0293         0.5069498 0.4359315 0.5311012 0.0600279 0.0633767 0.0532954 0.2637875 0.0352653 0.0577869 0.2000940 0.0967410 0.0252339 0.1595321 0.0732176 0.0000000 0.0445499 0.2332040 0.0802513 0.0988316 0.0977368 0.2170166 0.0746936 0.0677458 0.0210798 0.0232270 0.1746081 0.0525872 0.1355348 0.0577339 0.0714583 0.1180381 0.1036726 0.1475089 0.0654512 0.0648616 0.1112216 0.1613749 0.0484651 0.0315019 0.2169368 0.1251328 0.0955267 0.0232035 0.0470773 0.0954517 0.1581326 0.0874222 0.0874913 0.0439238 0.0630071 0.0625040 0.0210798 0.0553376 0.0597934 0.0626377 0.0511903 0.1531059 0.0906134 0.0934940 0.0599184 0.1305846 0.0790048 0.0729731 0.0491456 0.0677392 0.0751261 0.0406582 0.0646851 0.1483699 0.0663302 0.0779042 0.0655706 0.0730907 0.0525264 0.1456771 0.0556133 0.1376811 0.1014697 0.0657664 0.0740448 0.0804638 0.0444039 0.1010468 0.1464769 0.0231089 0.0447672 0.0720543 0.1474471 0.0799571 0.0876288 0.0889469 0.0932153 0.2087079 0.0915984 0.1107215 0.0956565 0.0191013 0.0824584 0.0627668 0.0761562 0.0230481 0.0310664 0.0445717 0.0785844 0.0353703 0.1475322 0.0854371 0.0738745 0.1536877 0.0274116 0.0598552 0.1600789 0.0622999 0.1147229 0.0231849 0.0959012 0.0378451 
S0294         0.4605148 0.4293725 0.5010757 0.0660704 0.0676966 0.0546701 0.2668214 0.0445917 0.0707434 0.2075543 0.1146912 0.0383897 0.1684615 0.0872621 0.0445499 0.0000000 0.2398609 0.0698483 0.0879563 0.0872111 0.2125969 0.0739790 0.0741599 0.0338938 0.0405445 0.1873955 0.0582963 0.1349608 0.0706770 0.0805742 0.1448643 0.0930377 0.1591855 0.0864239 0.0728192 0.1278043 0.1747583 0.0495788 0.0426781 0.2315680 0.1189999 0.1218885 0.0339662 0.0595855 0.0899728 0.1522972 0.0907473 0.0770499 0.0470516 0.0837522 0.0710484 0.0338938 0.0681098 0.0775899 0.0808848 0.0661218 0.1644871 0.1005585 0.1117706 0.0681747 0.1419401 0.0616968 0.0890140 0.0712044 0.0888808 0.0941910 0.0346424 0.0779186 0.1456355 0.0832695 0.0822105 0.0667391 0.0999941 0.0727793 0.1456135 0.0632255 0.1347691 0.0967788 0.0814187 0.0828608 0.0822162 0.0588945 0.1111594 0.1410304 0.0318625 0.0526445 0.0786020 0.1496970 0.0974950 0.1085294 0.0858403 0.1172599 0.2193351 0.1097434 0.1001131 0.0848484 0.0317938 0.0819887 0.0737434 0.0877404 0.0317760 0.0423143 0.0523578 0.0903566 0.0404097 0.1569944 0.0974691 0.0844786 0.1734180 0.0365567 0.0682317 0.1772641 0.0753811 0.1316575 0.0340798 0.1087256 0.0563793 
S0299         0.7000507 0.6625436 0.7443144 0.2493362 0.2366613 0.2303165 0.3439602 0.2191013 0.2520610 0.0671769 0.2481398 0.2130720 0.1024039 0.2602689 0.2332040 0.2398609 0.0000000 0.2312581 0.2506800 0.2493102 0.0848184 0.2385124 0.2186480 0.2137503 0.2158335 0.1016419 0.2099437 0.1255695 0.2398793 0.2480035 0.1017594 0.2698374 0.1434007 0.2521855 0.2681786 0.2975481 0.0786428 0.2455702 0.2241301 0.0830926 0.1447520 0.1684625 0.2117705 0.2214389 0.2576132 0.3126183 0.2462297 0.2407345 0.2183484 0.2570107 0.2401267 0.2137191 0.2452458 0.2555528 0.2364968 0.2312724 0.1538695 0.2309375 0.1628511 0.2320097 0.1071263 0.2162939 0.2544123 0.2440510 0.2444366 0.2533915 0.2232236 0.2778878 0.3521019 0.2451241 0.2162427 0.2047107 0.2146421 0.2079796 0.3048043 0.2473415 0.2996723 0.0957562 0.2573455 0.2541192 0.2178921 0.2381621 0.2807833 0.3181227 0.1994574 0.2440296 0.2397950 0.1163356 0.1445398 0.1407308 0.2520026 0.1142827 0.0947867 0.3060676 0.2652398 0.2408734 0.2089363 0.2198953 0.2406457 0.2636066 0.2087267 0.2179229 0.2275591 0.2443205 0.2194561 0.2034221 0.2829566 0.2609872 0.0680234 0.2246535 0.2414577 0.0842566 0.2713123 0.1615641 0.2047863 0.2674658 0.2319718 
S0303         0.5179129 0.4460236 0.5370265 0.0683899 0.0644434 0.0950254 0.2251211 0.0656964 0.0735503 0.2062770 0.0959529 0.0688225 0.1735118 0.0800162 0.0802513 0.0698483 0.2312581 0.0000000 0.0524220 0.0320969 0.2174246 0.0813405 0.0784279 0.0590549 0.0639939 0.1873404 0.0700866 0.1418891 0.0734807 0.0752723 0.1296930 0.0364940 0.1479342 0.0828891 0.0813784 0.0832130 0.1681934 0.0715454 0.0592518 0.2284679 0.1175324 0.1076356 0.0594922 0.0571945 0.0342521 0.1281936 0.0947479 0.0076641 0.0733763 0.0775142 0.0738689 0.0636174 0.0708736 0.0756342 0.0721941 0.0590699 0.1593280 0.0786174 0.0978697 0.0678325 0.1244080 0.0295680 0.0811805 0.0661241 0.0828221 0.0857378 0.0805552 0.0829476 0.1299842 0.0724704 0.0700008 0.0445589 0.0961510 0.0713326 0.1368764 0.0712417 0.1263709 0.0893479 0.0761181 0.0706634 0.0678499 0.0790185 0.0981520 0.1213512 0.0523308 0.0791965 0.0680498 0.1577109 0.0789038 0.0893391 0.0345282 0.1014681 0.2172405 0.0845520 0.0363408 0.0286364 0.0567504 0.0661540 0.0708813 0.0828264 0.0567165 0.0612274 0.0717542 0.0806498 0.0613243 0.1407922 0.0875697 0.0779001 0.1687417 0.0591707 0.0710014 0.1858335 0.0810025 0.1116366 0.0617635 0.1081549 0.0755927 
S0308         0.4368101 0.4149020 0.4972139 0.0741488 0.0745260 0.1147402 0.2229680 0.0857719 0.0792111 0.1977732 0.1065569 0.0893259 0.1791941 0.0786325 0.0988316 0.0879563 0.2506800 0.0524220 0.0000000 0.0711025 0.2250592 0.0820002 0.0872675 0.0836337 0.0890690 0.1900604 0.0731787 0.1435761 0.0791353 0.0908699 0.1222598 0.0664941 0.1429567 0.0888776 0.0840198 0.0994015 0.1735759 0.0967114 0.0863454 0.2345293 0.1216663 0.1057172 0.0842796 0.0693317 0.0688931 0.1552821 0.0930920 0.0544232 0.0890368 0.0862649 0.0795605 0.0836337 0.0764485 0.0862796 0.0857816 0.0762821 0.1608042 0.0889915 0.0882197 0.0734213 0.1428208 0.0450944 0.0948800 0.0788984 0.0914308 0.0887688 0.1042788 0.0854399 0.1493437 0.0761377 0.0825672 0.0613033 0.1112924 0.0853266 0.1555699 0.0768516 0.1388640 0.0936417 0.0894159 0.0888347 0.0827290 0.0977431 0.1022545 0.1450070 0.0813431 0.1035124 0.0761121 0.1531659 0.0766322 0.0822522 0.0597861 0.1205526 0.2066882 0.0956262 0.0710458 0.0585606 0.0811492 0.0735580 0.0867622 0.0814606 0.0810987 0.0909167 0.0871112 0.0867031 0.0860622 0.1253457 0.0834194 0.0881282 0.1665893 0.0812434 0.0765882 0.1821201 0.0858633 0.1231254 0.0840438 0.1038601 0.1014579 
S0322         0.5412363 0.4770115 0.5576898 0.0880640 0.0932393 0.1166283 0.2678914 0.0850424 0.0954556 0.2266684 0.1162672 0.0912197 0.1898987 0.1025378 0.0977368 0.0872111 0.2493102 0.0320969 0.0711025 0.0000000 0.2446234 0.1096127 0.0881526 0.0830058 0.0883858 0.2043625 0.0952925 0.1688647 0.0953650 0.1002208 0.1403776 0.0338207 0.1661366 0.0935377 0.1034869 0.0958723 0.1962863 0.0915021 0.0807015 0.2524573 0.1365983 0.1297195 0.0835546 0.0759045 0.0335640 0.1467410 0.1151633 0.0384249 0.0927276 0.0909623 0.0958774 0.0878497 0.0925571 0.0975630 0.0911707 0.0800911 0.1873591 0.0911120 0.1223553 0.0842768 0.1402904 0.0512982 0.0969357 0.0868596 0.0960514 0.1023828 0.0961593 0.1025315 0.1463363 0.0853515 0.0796081 0.0629202 0.1164050 0.0901985 0.1473051 0.0930461 0.1391682 0.1130346 0.0939952 0.0945233 0.0793948 0.1072323 0.1245170 0.1340791 0.0758793 0.1020800 0.0875426 0.1893680 0.1051726 0.1147370 0.0258710 0.1215620 0.2308960 0.0995651 0.0339047 0.0240013 0.0805426 0.0781580 0.0828184 0.1057179 0.0804928 0.0852758 0.0909584 0.1034765 0.0854139 0.1485343 0.1159673 0.1004835 0.1854002 0.0805804 0.0927260 0.1885230 0.1006052 0.1341686 0.0860393 0.1264906 0.0900560 
S0327         0.6648909 0.6294005 0.6470770 0.2190091 0.2059363 0.2270889 0.3365136 0.2021061 0.2124545 0.0700118 0.2167894 0.1940890 0.0821854 0.2073957 0.2170166 0.2125969 0.0848184 0.2174246 0.2250592 0.2446234 0.0000000 0.2177905 0.2185887 0.1934284 0.2018738 0.1009403 0.1904590 0.1117762 0.2122377 0.2238474 0.0613403 0.2359097 0.1347722 0.2243273 0.2386967 0.2774131 0.0825859 0.2227258 0.2123687 0.0711769 0.0918664 0.1591969 0.2019117 0.1915673 0.2348792 0.3133987 0.2106039 0.2203844 0.2072101 0.2269862 0.2045981 0.1936514 0.2080323 0.2217234 0.2183154 0.1997284 0.1198490 0.2300599 0.1418995 0.2107912 0.0609720 0.2161472 0.2258428 0.2163308 0.2337441 0.2362819 0.2004998 0.2320257 0.3180942 0.2168195 0.2157111 0.1931468 0.2290576 0.1961176 0.3003228 0.2092844 0.2961496 0.1037058 0.2212183 0.2311463 0.2162214 0.2243580 0.2392394 0.3093152 0.1932444 0.2269960 0.2067803 0.1072829 0.1215907 0.1315715 0.2219150 0.1016762 0.0710242 0.2709054 0.2336496 0.2159776 0.1966687 0.2215611 0.2242060 0.2070374 0.1965284 0.2031035 0.2123680 0.1927445 0.2129332 0.1590946 0.2217297 0.2085365 0.0795379 0.2015068 0.1987429 0.0644235 0.2277993 0.1632366 0.1918573 0.2641109 0.2206970 
S0335         0.4846207 0.4612986 0.5184718 0.0427790 0.0099900 0.0864621 0.2269315 0.0559685 0.0494542 0.1959196 0.0980568 0.0634917 0.1747746 0.0604864 0.0746936 0.0739790 0.2385124 0.0813405 0.0820002 0.1096127 0.2177905 0.0000000 0.0451082 0.0584430 0.0633241 0.1715695 0.0445987 0.1213599 0.0494087 0.0589704 0.1234241 0.1024179 0.1347983 0.0733019 0.0638953 0.1151932 0.1673606 0.0659658 0.0656040 0.2273299 0.1141204 0.1019630 0.0611195 0.0498829 0.1043692 0.1381956 0.0743957 0.0861273 0.0585335 0.0707675 0.0496605 0.0584430 0.0470654 0.0559342 0.0680796 0.0473591 0.1446123 0.0958560 0.0896375 0.0472550 0.1405873 0.0775935 0.0763046 0.0615371 0.0756576 0.0760127 0.0720838 0.0626371 0.1380185 0.0784480 0.0860068 0.0731632 0.0970543 0.0649604 0.1414008 0.0472999 0.1225660 0.0764882 0.0711314 0.0468038 0.0861772 0.0710205 0.0775125 0.1312329 0.0562928 0.0814635 0.0513486 0.1378724 0.0785343 0.0834503 0.0977320 0.1001486 0.2174321 0.1200909 0.1095278 0.0943136 0.0561653 0.0801462 0.0448721 0.0608024 0.0561321 0.0698239 0.0620297 0.0610374 0.0561461 0.1233963 0.0698646 0.0652956 0.1590423 0.0590260 0.0471472 0.1892438 0.0629338 0.1162820 0.0588716 0.0839505 0.0705338 
S0345         0.5089378 0.4631039 0.5246685 0.0448933 0.0457563 0.0889385 0.2508767 0.0471138 0.0520025 0.1875166 0.0953052 0.0543692 0.1622360 0.0605613 0.0677458 0.0741599 0.2186480 0.0784279 0.0872675 0.0881526 0.2185887 0.0451082 0.0000000 0.0517593 0.0565310 0.1579271 0.0536422 0.1232831 0.0519542 0.0707632 0.1115804 0.0912165 0.1310808 0.0661103 0.0733749 0.1129113 0.1595849 0.0613061 0.0612373 0.2055215 0.1152372 0.0887854 0.0543515 0.0429353 0.1015100 0.1410726 0.0791002 0.0856861 0.0564071 0.0636386 0.0522212 0.0517593 0.0495737 0.0585565 0.0587050 0.0449471 0.1363785 0.0864212 0.0769066 0.0427089 0.1233874 0.0753512 0.0737188 0.0590942 0.0658623 0.0734388 0.0674791 0.0653435 0.1349354 0.0674797 0.0761206 0.0688024 0.0883660 0.0551385 0.1415334 0.0498229 0.1254188 0.0638283 0.0759022 0.0422800 0.0790252 0.0640421 0.0881373 0.1340325 0.0496316 0.0765896 0.0523681 0.1318759 0.0682243 0.0680005 0.0841634 0.0940357 0.2005195 0.1123925 0.0981528 0.0831662 0.0495201 0.0808903 0.0153220 0.0608776 0.0494911 0.0629689 0.0574246 0.0627980 0.0495033 0.1347224 0.0699562 0.0653792 0.1392711 0.0544685 0.0496607 0.1719286 0.0656555 0.1051922 0.0477071 0.0871129 0.0610764 
S0400         0.4690874 0.4167842 0.4953591 0.0488599 0.0514358 0.0381066 0.2351507 0.0210998 0.0466883 0.1801721 0.0866707 0.0114016 0.1417187 0.0596992 0.0210798 0.0338938 0.2137503 0.0590549 0.0836337 0.0830058 0.1934284 0.0584430 0.0517593 0.0000000 0.0094834 0.1561049 0.0369677 0.1134016 0.0466458 0.0578192 0.1106312 0.0859074 0.1420054 0.0608165 0.0535247 0.0983484 0.1422934 0.0294886 0.0134190 0.1931004 0.1087117 0.0929888 0.0056501 0.0383775 0.0855927 0.1439398 0.0753300 0.0659295 0.0293125 0.0584122 0.0468802 0.0075054 0.0443533 0.0530581 0.0536184 0.0402794 0.1386527 0.0710944 0.0859608 0.0465610 0.1152129 0.0626517 0.0682120 0.0448016 0.0630771 0.0679591 0.0279357 0.0600338 0.1286545 0.0564930 0.0613638 0.0445596 0.0707726 0.0457715 0.1375071 0.0445712 0.1243139 0.0886543 0.0611081 0.0624121 0.0614809 0.0337864 0.0837773 0.1328332 0.0056277 0.0383018 0.0559660 0.1277793 0.0725675 0.0798841 0.0813810 0.0768855 0.1889814 0.0914684 0.0829405 0.0729399 0.0018608 0.0634782 0.0471134 0.0600060 0.0056129 0.0132399 0.0318688 0.0600447 0.0172239 0.1278560 0.0689424 0.0599604 0.1345477 0.0173550 0.0444294 0.1515657 0.0576892 0.1067606 0.0094586 0.0883310 0.0234151 
S0405         0.4733503 0.4341801 0.5115110 0.0535194 0.0576896 0.0448661 0.2437004 0.0272902 0.0513102 0.1853664 0.0920474 0.0173795 0.1519244 0.0645284 0.0232270 0.0405445 0.2158335 0.0639939 0.0890690 0.0883858 0.2018738 0.0633241 0.0565310 0.0094834 0.0000000 0.1602348 0.0437732 0.1249738 0.0512629 0.0580991 0.1108256 0.0913658 0.1427855 0.0657498 0.0582875 0.1040312 0.1499043 0.0359734 0.0174374 0.2050897 0.1174790 0.0962882 0.0114821 0.0428864 0.0910279 0.1447398 0.0805555 0.0709861 0.0357545 0.0632936 0.0515228 0.0133460 0.0489182 0.0577730 0.0583909 0.0447952 0.1508357 0.0762747 0.0891677 0.0511699 0.1231525 0.0675830 0.0733096 0.0494188 0.0680485 0.0730327 0.0344928 0.0648934 0.1383658 0.0617617 0.0663471 0.0516962 0.0664553 0.0460399 0.1382640 0.0491610 0.1249793 0.0958054 0.0660678 0.0673211 0.0641320 0.0404124 0.0890809 0.1335518 0.0114351 0.0429248 0.0607879 0.1340250 0.0756176 0.0831365 0.0867829 0.0838236 0.2006544 0.0970664 0.0933343 0.0807972 0.0075617 0.0684818 0.0517837 0.0648646 0.0114060 0.0192184 0.0384803 0.0695298 0.0193300 0.1397298 0.0739443 0.0648149 0.1463437 0.0235190 0.0490030 0.1525256 0.0626547 0.1156598 0.0153777 0.0938368 0.0297518 
S0407sl       0.5980050 0.5327411 0.5960407 0.1545915 0.1650328 0.1846978 0.3111547 0.1594022 0.1632230 0.0609016 0.1856391 0.1638101 0.0644982 0.1675388 0.1746081 0.1873955 0.1016419 0.1873404 0.1900604 0.2043625 0.1009403 0.1715695 0.1579271 0.1561049 0.1602348 0.0000000 0.1522523 0.0626141 0.1630591 0.1808476 0.0414257 0.2061089 0.1158768 0.1949488 0.1895517 0.2290378 0.0561475 0.1808682 0.1672009 0.0778563 0.0898319 0.1230870 0.1605402 0.1513638 0.2016455 0.2543369 0.1780608 0.1937824 0.1657657 0.1975372 0.1563603 0.1562792 0.1594340 0.1716836 0.1863997 0.1472845 0.0906267 0.1896080 0.1150253 0.1556457 0.0536080 0.1740384 0.1984711 0.1880155 0.2008285 0.2029842 0.1717514 0.1885266 0.2640656 0.1821782 0.1658568 0.1587541 0.1976116 0.1678818 0.2318488 0.1603566 0.2422148 0.0846330 0.2004377 0.1830179 0.1670953 0.1852291 0.1838110 0.2506024 0.1559643 0.1923894 0.1668516 0.0704774 0.1006318 0.1094767 0.1896143 0.0971763 0.0842716 0.2224825 0.1977229 0.1804288 0.1590814 0.1719809 0.1693238 0.1717032 0.1589727 0.1711651 0.1653430 0.1470143 0.1691752 0.1211540 0.1759855 0.1776060 0.0471154 0.1714177 0.1568363 0.0399064 0.1895952 0.1293891 0.1545866 0.1938108 0.1840403 
S0412sl       0.4537155 0.4225348 0.4683566 0.0481398 0.0416524 0.0704119 0.2367929 0.0368299 0.0507777 0.1718534 0.0867369 0.0416456 0.1415385 0.0595830 0.0525872 0.0582963 0.2099437 0.0700866 0.0731787 0.0952925 0.1904590 0.0445987 0.0536422 0.0369677 0.0437732 0.1522523 0.0000000 0.1033905 0.0507297 0.0524906 0.1134480 0.0907163 0.1322528 0.0582748 0.0485466 0.1031937 0.1431130 0.0439693 0.0462261 0.1933628 0.1083830 0.0900495 0.0393975 0.0418150 0.0981039 0.1447781 0.0416476 0.0748086 0.0415095 0.0558144 0.0509950 0.0391395 0.0483156 0.0574400 0.0555044 0.0416676 0.1336887 0.0854277 0.0754545 0.0415606 0.1165524 0.0666129 0.0611049 0.0509881 0.0627948 0.0608732 0.0561630 0.0643985 0.1371936 0.0630142 0.0694767 0.0592449 0.0758226 0.0517194 0.1354233 0.0485628 0.1219056 0.0744129 0.0607586 0.0601059 0.0696126 0.0486277 0.0745811 0.1333980 0.0348724 0.0439481 0.0528996 0.1263243 0.0666820 0.0717125 0.0860545 0.0895555 0.1898310 0.1064743 0.0952168 0.0796834 0.0347945 0.0724157 0.0486718 0.0576742 0.0347744 0.0478930 0.0396745 0.0598528 0.0369418 0.1120406 0.0691389 0.0594830 0.1326274 0.0417352 0.0484019 0.1592073 0.0621037 0.1010664 0.0393471 0.0864485 0.0502925 
S0417         0.5692914 0.5198222 0.5688574 0.1177683 0.1141171 0.1539464 0.2649772 0.1189899 0.1140890 0.0844501 0.1442037 0.1163304 0.0997059 0.1213359 0.1355348 0.1349608 0.1255695 0.1418891 0.1435761 0.1688647 0.1117762 0.1213599 0.1232831 0.1134016 0.1249738 0.0626141 0.1033905 0.0000000 0.1139774 0.1423790 0.0412815 0.1539688 0.0829250 0.1408120 0.1422932 0.1794232 0.0846170 0.1376314 0.1308975 0.1009129 0.0679667 0.1139580 0.1198328 0.1088717 0.1542639 0.2062164 0.1200914 0.1474839 0.1280806 0.1375905 0.1146139 0.1135219 0.1056993 0.1217328 0.1374787 0.1054695 0.0679191 0.1485172 0.1034904 0.1051782 0.0572320 0.1363741 0.1437295 0.1326400 0.1404809 0.1511977 0.1402219 0.1308468 0.2160373 0.1164829 0.1448400 0.1213380 0.1561886 0.1226294 0.1974582 0.1115225 0.2001981 0.0545105 0.1504126 0.1313552 0.1451562 0.1472197 0.1451009 0.2111450 0.1133070 0.1419983 0.1199349 0.0422733 0.0893093 0.0915608 0.1483111 0.0926753 0.1019614 0.1826004 0.1574727 0.1364454 0.1160709 0.1327059 0.1283532 0.1216088 0.1107378 0.1269040 0.1177053 0.1079955 0.1276679 0.1076505 0.1325145 0.1273454 0.0624973 0.1237106 0.1111222 0.0796217 0.1342647 0.1196161 0.1170477 0.1544960 0.1434910 
S0419         0.4627818 0.4544345 0.5223426 0.0427696 0.0427085 0.0826486 0.2311169 0.0489175 0.0075193 0.1920026 0.0582343 0.0513919 0.1614641 0.0577805 0.0577339 0.0706770 0.2398793 0.0734807 0.0791353 0.0953650 0.2122377 0.0494087 0.0519542 0.0466458 0.0512629 0.1630591 0.0507297 0.1139774 0.0000000 0.0653489 0.1115950 0.0884081 0.1308527 0.0540861 0.0684411 0.0986774 0.1501978 0.0630879 0.0558265 0.2138114 0.1172096 0.0991892 0.0491360 0.0318476 0.0986945 0.1564005 0.0733063 0.0781550 0.0581956 0.0517351 0.0113823 0.0466458 0.0056032 0.0132304 0.0514366 0.0316354 0.1369390 0.0907436 0.0869476 0.0360170 0.1236925 0.0698435 0.0613161 0.0430113 0.0540672 0.0610911 0.0690643 0.0355575 0.1505252 0.0571020 0.0804194 0.0680934 0.0707868 0.0478526 0.1508585 0.0056290 0.1369526 0.0885704 0.0588987 0.0605730 0.0805766 0.0588525 0.0721657 0.1459779 0.0445671 0.0729529 0.0469356 0.1342378 0.0758916 0.0782753 0.0838657 0.0902195 0.2109677 0.0951119 0.0952908 0.0803834 0.0444690 0.0825740 0.0516778 0.0580785 0.0444435 0.0531125 0.0546566 0.0560144 0.0490698 0.1275736 0.0670208 0.0625134 0.1385657 0.0539830 0.0094030 0.1633427 0.0357164 0.1132523 0.0469798 0.0564714 0.0627057 
S0427         0.4828682 0.4480360 0.5256070 0.0559870 0.0518431 0.0896107 0.2453724 0.0575338 0.0654097 0.2071522 0.1018613 0.0650237 0.1596592 0.0672067 0.0714583 0.0805742 0.2480035 0.0752723 0.0908699 0.1002208 0.2238474 0.0589704 0.0707632 0.0578192 0.0580991 0.1808476 0.0524906 0.1423790 0.0653489 0.0000000 0.1397174 0.0955887 0.1383190 0.0743839 0.0650960 0.1134384 0.1724991 0.0675856 0.0673835 0.2236174 0.1254665 0.0940909 0.0604612 0.0541525 0.1003567 0.1388135 0.0774976 0.0824078 0.0670540 0.0718795 0.0656878 0.0599975 0.0628537 0.0721231 0.0646267 0.0560093 0.1508771 0.0853259 0.0894266 0.0555004 0.1519684 0.0740374 0.0773554 0.0627667 0.0767088 0.0770634 0.0711219 0.0791113 0.1415153 0.0653547 0.0752113 0.0623386 0.0871586 0.0682516 0.1325957 0.0631730 0.1168503 0.0796299 0.0701620 0.0746291 0.0753569 0.0725102 0.0925986 0.1226756 0.0556922 0.0804329 0.0606685 0.1461763 0.0758689 0.0857736 0.0909150 0.1037980 0.2189864 0.1065218 0.1025249 0.0846236 0.0555674 0.0797659 0.0681074 0.0675603 0.0555349 0.0690708 0.0612951 0.0723370 0.0555486 0.1377252 0.0767457 0.0721137 0.1708722 0.0605907 0.0629647 0.1779339 0.0794946 0.1213141 0.0581742 0.1044882 0.0716119 
S0428sl       0.5317556 0.4357821 0.4450098 0.1024860 0.1116847 0.1325551 0.2218556 0.1063145 0.1036919 0.0235222 0.1180024 0.1200168 0.0654079 0.0910937 0.1180381 0.1448643 0.1017594 0.1296930 0.1222598 0.1403776 0.0613403 0.1234241 0.1115804 0.1106312 0.1108256 0.0414257 0.1134480 0.0412815 0.1115950 0.1397174 0.0000000 0.1323092 0.0665056 0.1326413 0.1320331 0.1483018 0.0450638 0.1264661 0.1263928 0.0551539 0.0325030 0.0856779 0.1150436 0.1031332 0.1367107 0.1929463 0.1358511 0.1369404 0.1103486 0.1288449 0.1161881 0.1107966 0.1073005 0.1149207 0.1232989 0.0948535 0.0500279 0.1395036 0.0718005 0.1067559 0.0459245 0.1306077 0.1418598 0.1197223 0.1370296 0.1379844 0.1275764 0.1231386 0.1827918 0.1073648 0.1278614 0.1119630 0.1393940 0.1116903 0.1706811 0.1081346 0.1782520 0.0654333 0.1392590 0.1302804 0.1282460 0.1399759 0.1141730 0.1823800 0.1143809 0.1360316 0.1152690 0.0408848 0.0620514 0.0673816 0.1167555 0.0213617 0.0536767 0.1457477 0.1231671 0.1033292 0.1143809 0.1177908 0.1177289 0.0954412 0.1106312 0.1219738 0.1152251 0.0914796 0.1179912 0.0909789 0.1065738 0.0956470 0.0553608 0.1112406 0.1074128 0.0628609 0.1278572 0.0933438 0.1079603 0.1223193 0.1306573 
S0430         0.5296407 0.4813977 0.5513769 0.0830807 0.0803991 0.1146714 0.2582257 0.0880448 0.0884924 0.2122714 0.1143530 0.0916363 0.1898195 0.0978938 0.1036726 0.0930377 0.2698374 0.0364940 0.0664941 0.0338207 0.2359097 0.1024179 0.0912165 0.0859074 0.0913658 0.2061089 0.0907163 0.1539688 0.0884081 0.0955887 0.1323092 0.0000000 0.1707715 0.0899324 0.1023817 0.1092389 0.1863765 0.0996899 0.0885535 0.2471319 0.1364889 0.1297062 0.0864808 0.0739470 0.0404061 0.1540812 0.1088373 0.0362249 0.0907919 0.0873500 0.0888832 0.0834139 0.0856514 0.0906028 0.0868664 0.0781512 0.1762946 0.0985135 0.1114427 0.0823552 0.1285508 0.0493733 0.0957635 0.0800692 0.0924553 0.0953848 0.1048570 0.0975278 0.1578066 0.0947923 0.0923841 0.0632313 0.1210097 0.0915186 0.1619922 0.0861036 0.1532735 0.1107510 0.0903767 0.0926034 0.0896737 0.1052835 0.1143420 0.1452690 0.0787005 0.1029152 0.0832464 0.1779186 0.0945390 0.1035150 0.0076584 0.1233035 0.2352824 0.1085075 0.0234816 0.0038455 0.0834139 0.0853000 0.0906910 0.1010298 0.0833619 0.0881993 0.0949220 0.1012777 0.0883431 0.1596189 0.1077397 0.0958340 0.1819545 0.0763306 0.0858079 0.1785443 0.0955976 0.1314160 0.0840822 0.1274166 0.0931266 
S0478         0.5619618 0.5537904 0.6035584 0.1300499 0.1318752 0.1791273 0.2862336 0.1248255 0.1373604 0.1220709 0.1486453 0.1421782 0.1395230 0.1353037 0.1475089 0.1591855 0.1434007 0.1479342 0.1429567 0.1661366 0.1347722 0.1347983 0.1310808 0.1420054 0.1427855 0.1158768 0.1322528 0.0829250 0.1308527 0.1383190 0.0665056 0.1707715 0.0000000 0.1683189 0.1555068 0.1696008 0.1200324 0.1434819 0.1489226 0.1396579 0.0697486 0.0951637 0.1420290 0.1220587 0.1669209 0.1932293 0.1523453 0.1565862 0.1395480 0.1648885 0.1379963 0.1365151 0.1339620 0.1452397 0.1578863 0.1185474 0.1020591 0.1435586 0.0962060 0.1365009 0.0986616 0.1424052 0.1682988 0.1500774 0.1675976 0.1752904 0.1466405 0.1595435 0.2028193 0.1500468 0.1396695 0.1332534 0.1667520 0.1439343 0.1906276 0.1347035 0.1799693 0.0425343 0.1693738 0.1449159 0.1434740 0.1589806 0.1570510 0.1868675 0.1391445 0.1700184 0.1346983 0.0891182 0.0776678 0.0801138 0.1549417 0.1008074 0.1335022 0.1763060 0.1752304 0.1522933 0.1391445 0.1337532 0.1305447 0.1360959 0.1335990 0.1446720 0.1352997 0.1216185 0.1390934 0.1101845 0.1442064 0.1414521 0.0912192 0.1435706 0.1316495 0.1332616 0.1604004 0.1151663 0.1431366 0.1744707 0.1609167 
