123
CRNC          0.0000000 0.3548844 0.4189288 0.5241896 0.4115759 0.5251895 0.5438537 0.5219583 0.5217570 0.5484117 0.5207358 0.5136928 0.5443312 0.5163152 0.5174233 0.5585415 0.5690112 0.5871599 0.6399830 0.5304058 0.5945141 0.5106903 0.5600705 0.5876558 0.5386522 0.5265626 0.5228168 0.4593175 0.5633649 0.5041808 0.5213107 0.5198866 0.5382938 0.5882383 0.4837206 0.5920182 0.5195120 0.5710244 0.5646673 0.5439531 0.4943482 0.5169750 0.5658128 0.5653936 0.4958296 0.4809807 0.5021436 0.4378759 0.5664092 0.5946361 0.5357628 0.5917024 0.5517216 0.5354560 0.5351778 0.5168889 0.5092414 0.5168889 0.5281823 0.5726262 0.4896254 0.5428616 0.6178498 0.4925534 0.5246306 0.5366475 0.5782514 0.5682647 0.5961835 0.5829967 0.5931065 0.5561505 0.5108936 0.5461269 0.6359864 0.5833741 0.5607079 0.5905020 0.5542277 0.5111316 0.6393729 0.5250517 0.7033776 0.5781527 0.5177637 0.5343942 0.5729516 0.5498046 0.4990245 0.5928973 0.5110281 0.5178024 0.5434818 0.4754025 0.4957262 0.5791900 0.4953183 0.5949153 0.5796438 0.6009828 0.5843376 0.5065473 0.6132274 0.5474252 0.4742543 0.5384997 0.4859844 0.5057900 0.5283252 0.5786093 0.5024502 0.5157956 0.4996243 0.5601045 0.5145334 0.5212033 0.5353514 0.5783083 0.5261565 0.5004453 0.5820669 0.5353654 0.3569603 
HYZL          0.3548844 0.0000000 0.1491676 0.3595168 0.3578726 0.3500286 0.2900506 0.3749663 0.3717727 0.4111809 0.3926514 0.3705682 0.4293784 0.4044816 0.3564811 0.3886745 0.4479019 0.4489807 0.4823553 0.4281443 0.4485721 0.3858260 0.4050826 0.4367523 0.3641758 0.3567318 0.3511869 0.3443121 0.4053342 0.3753339 0.3720035 0.3725810 0.3956468 0.4606829 0.3800247 0.4265211 0.4152238 0.4224990 0.4479279 0.4051703 0.3640538 0.3407081 0.4590315 0.4132930 0.3748638 0.3452248 0.3599047 0.3189698 0.4431938 0.4638490 0.3938881 0.4556648 0.3843644 0.3534793 0.4161523 0.3685043 0.3447964 0.3685043 0.3770916 0.4365329 0.3701289 0.3969733 0.4400581 0.3747462 0.3854525 0.3506452 0.4219450 0.4420499 0.4238119 0.4140398 0.4396428 0.3885172 0.3573556 0.3879746 0.4566330 0.4037007 0.3911944 0.4452892 0.3733727 0.3739069 0.4806470 0.3795159 0.4044440 0.3623887 0.3818300 0.3787257 0.4172970 0.4088145 0.4144461 0.4068925 0.3458302 0.3665628 0.4178388 0.3590318 0.3655774 0.4577424 0.3619706 0.4563193 0.4206365 0.4756540 0.4557605 0.3474638 0.4252702 0.3667232 0.3851613 0.3653504 0.3362496 0.3934171 0.4142089 0.4264977 0.3909637 0.4218209 0.4018068 0.4737369 0.3567006 0.3684810 0.4226000 0.3943417 0.3796926 0.3455662 0.4348014 0.3764631 0.1819222 
MYZV          0.4189288 0.1491676 0.0000000 0.3612197 0.3870539 0.3941523 0.3300146 0.3938130 0.4020400 0.4550639 0.4107223 0.4047795 0.4678688 0.3998322 0.3794851 0.4105721 0.4953087 0.4495585 0.4566982 0.4610850 0.4573955 0.4302420 0.4105095 0.4371033 0.4013702 0.3950367 0.3849176 0.3902045 0.4229523 0.3801296 0.4022860 0.3946096 0.4188936 0.4572234 0.3878662 0.4386729 0.4217660 0.4579323 0.4410349 0.4502272 0.3745325 0.3777297 0.4842604 0.4335002 0.3935118 0.3593382 0.3951247 0.3287735 0.4473735 0.4565916 0.4070192 0.4487817 0.4235051 0.3984252 0.4354974 0.3986896 0.3820836 0.3986896 0.4075894 0.4566406 0.3560385 0.4070044 0.4514675 0.3757027 0.4129746 0.3975617 0.4817624 0.4475939 0.4272870 0.4299125 0.4512351 0.4030030 0.3772251 0.4003173 0.4536583 0.4092959 0.4013170 0.4378529 0.4082150 0.4072573 0.4714352 0.3952788 0.3739321 0.3782821 0.4103899 0.3888152 0.4327790 0.4037369 0.4193045 0.4332761 0.3832629 0.3940989 0.4526676 0.3672962 0.3808472 0.4507516 0.3821500 0.4491215 0.4466741 0.4847039 0.4412709 0.3880508 0.4395801 0.3805306 0.3875808 0.3848527 0.3735073 0.5038345 0.4226355 0.4547866 0.4006867 0.4207856 0.4085106 0.5320987 0.3797142 0.3986586 0.4562871 0.4090881 0.3845200 0.3791943 0.4455813 0.4053673 0.1684848 
SRR6441723    0.5241896 0.3595168 0.3612197 0.0000000 0.0650281 0.1045919 0.2701526 0.0892815 0.0919448 0.1644269 0.1166578 0.0950957 0.1674503 0.0799344 0.0955248 0.1202014 0.2112475 0.1185507 0.1284761 0.1707054 0.1240259 0.1195478 0.0618747 0.0463581 0.1037827 0.0909162 0.0874652 0.1089193 0.0992797 0.1085249 0.0980610 0.1111900 0.1297209 0.1237982 0.1178604 0.1053306 0.1073103 0.1364465 0.1226433 0.1633011 0.0776623 0.0822467 0.1724587 0.1109179 0.1260336 0.0709330 0.0993911 0.0821334 0.1213071 0.2847898 0.0777180 0.1278664 0.1128517 0.0952551 0.1156630 0.0920593 0.0819764 0.0920593 0.0962541 0.1097704 0.1025795 0.1092995 0.1267420 0.0974858 0.1257537 0.0812288 0.1420534 0.1061758 0.1068430 0.1074509 0.1074264 0.1036771 0.1038639 0.1005495 0.3013914 0.1117207 0.0925391 0.1381937 0.1111903 0.1109576 0.2844843 0.0939616 0.2269352 0.0943514 0.1278749 0.0593241 0.1199193 0.1023081 0.1070679 0.2107139 0.0878371 0.0898774 0.1245576 0.0965921 0.1021083 0.1295690 0.1178489 0.1698845 0.1172031 0.1307368 0.1251804 0.0879143 0.1196561 0.0512096 0.0679717 0.0946861 0.0791505 0.1040628 0.0962928 0.0923316 0.0959751 0.0956290 0.0872364 0.1966555 0.0787123 0.0978760 0.1417134 0.1078021 0.1064797 0.0844740 0.1049294 0.0740996 0.0448460 
ERR4210213    0.4115759 0.3578726 0.3870539 0.0650281 0.0000000 0.1094417 0.2261053 0.0895392 0.1300288 0.1484968 0.1677407 0.1100397 0.2164004 0.1124838 0.0988969 0.1145201 0.2413862 0.0816645 0.1133606 0.1954704 0.1194035 0.1621778 0.0201045 0.0813295 0.1014963 0.1097555 0.0998175 0.1404535 0.0821867 0.1119510 0.1609931 0.1072417 0.1498818 0.0998671 0.1526179 0.1387846 0.1378739 0.1246461 0.1082586 0.1853847 0.0821758 0.0905607 0.1865658 0.1677544 0.1386774 0.0577308 0.0986089 0.1517012 0.0902095 0.3368015 0.0901018 0.0991298 0.0946642 0.1073447 0.1427104 0.1307887 0.0892924 0.1307887 0.1307887 0.1795461 0.1871151 0.1404541 0.1667591 0.1001906 0.1196114 0.0990434 0.1530879 0.0820753 0.1620411 0.1411027 0.1089339 0.1389258 0.0991690 0.2099656 0.3676306 0.1065307 0.0698089 0.1152566 0.1315046 0.1057847 0.3796857 0.1210363 0.6576044 0.1017753 0.1510692 0.1141759 0.1388684 0.1457848 0.0918494 0.3228441 0.0990621 0.1199022 0.1996050 0.1001906 0.0911986 0.1094434 0.1592400 0.2194972 0.0946425 0.1090188 0.1084844 0.0979772 0.1627637 0.1083161 0.1029810 0.1080537 0.0905381 0.1116888 0.0996309 0.0900223 0.1131268 0.1253789 0.0927713 0.2306132 0.1211363 0.1307887 0.1926112 0.2018273 0.1281489 0.0892924 0.1845830 0.1003540 0.0000010 
ERR2789774    0.5251895 0.3500286 0.3941523 0.1045919 0.1094417 0.0000000 0.2570954 0.0837876 0.0945569 0.1547217 0.1384310 0.0227977 0.1643469 0.1164314 0.0246069 0.1008364 0.1963125 0.1241362 0.1401620 0.1642372 0.1296975 0.1196021 0.1138595 0.1039678 0.1063046 0.0227644 0.0260298 0.1160259 0.1025802 0.1120354 0.0986826 0.0998421 0.1476999 0.1228309 0.1288766 0.1194149 0.1078197 0.1462302 0.1283347 0.1616213 0.0478295 0.0242494 0.1624396 0.1087827 0.1218739 0.0554601 0.0332194 0.1013180 0.1274955 0.2895825 0.0809221 0.1335349 0.1227543 0.0305182 0.1278928 0.0906430 0.0194868 0.0906430 0.0948411 0.1339021 0.1274772 0.0980445 0.1355196 0.0877760 0.1168970 0.0861497 0.1428060 0.1165321 0.1299000 0.1224464 0.1271731 0.1231110 0.0814277 0.1490626 0.2938342 0.1022461 0.1024287 0.1340753 0.1154327 0.1108615 0.2757817 0.0925489 0.2593703 0.0919977 0.1278294 0.1090556 0.1264341 0.0784076 0.1589328 0.2152644 0.0257536 0.0582555 0.1327905 0.0849004 0.0883569 0.1290844 0.1130413 0.1723205 0.1307641 0.1342920 0.1305613 0.0256833 0.1271790 0.0998948 0.1098694 0.0339918 0.0296930 0.1025353 0.1511795 0.0678896 0.0956620 0.1404848 0.1286804 0.2089665 0.0518969 0.0923640 0.1553964 0.1377221 0.1002195 0.0227604 0.1373547 0.0373607 0.0525254 
PAFTOL_019361 0.5438537 0.2900506 0.3300146 0.2701526 0.2261053 0.2570954 0.0000000 0.2503284 0.2450871 0.2773221 0.2963333 0.2562921 0.3129724 0.2883464 0.2501449 0.2604425 0.3302800 0.2887010 0.3100201 0.2764655 0.2965622 0.2527173 0.3074138 0.3120759 0.2691344 0.2485145 0.2406303 0.2157917 0.2953155 0.2315590 0.2452319 0.2664635 0.2677122 0.3057508 0.2691063 0.2923945 0.3247800 0.3150319 0.3023217 0.2813392 0.2404609 0.2412338 0.3210162 0.2598729 0.2399409 0.2229700 0.2553048 0.2379370 0.2986603 0.3358902 0.2582186 0.2934430 0.2734513 0.2523883 0.3124951 0.2448677 0.2398331 0.2448677 0.2513708 0.3141596 0.2662610 0.2350760 0.2878676 0.2327482 0.2645368 0.2398380 0.2831584 0.2865699 0.3061371 0.2839940 0.3249675 0.3037239 0.2527048 0.2975370 0.3761269 0.2892258 0.2474263 0.2769267 0.2701965 0.2645121 0.3674273 0.2421760 0.3327553 0.1868398 0.2840432 0.2805941 0.2750047 0.3000398 0.2963194 0.3103433 0.2404491 0.2628313 0.2632896 0.2246126 0.2351331 0.3188337 0.2523812 0.2945431 0.2899796 0.3081415 0.3133232 0.2446739 0.2653699 0.2770085 0.2583088 0.2522455 0.2345905 0.2994013 0.3021454 0.3173666 0.2259590 0.3077535 0.2871372 0.3367153 0.2509432 0.2470207 0.3033224 0.2696557 0.2505008 0.2364451 0.3085701 0.2540579 0.0912634 
S0055         0.5219583 0.3749663 0.3938130 0.0892815 0.0895392 0.0837876 0.2503284 0.0000000 0.0814482 0.1326338 0.1196580 0.0789687 0.1555555 0.0968424 0.0798755 0.0968599 0.1746751 0.1086280 0.1247422 0.1390419 0.1138225 0.1005680 0.0926351 0.0910742 0.0921013 0.0733353 0.0736518 0.0903074 0.0833647 0.0926900 0.0892910 0.0915153 0.1135726 0.1153299 0.1073355 0.1046860 0.1014766 0.1272214 0.1143741 0.1340846 0.0668474 0.0694036 0.1437672 0.1054230 0.1030761 0.0533036 0.0832587 0.0840053 0.1138604 0.3018344 0.0568601 0.1195094 0.0976426 0.0822802 0.1117707 0.0815473 0.0672565 0.0815473 0.0813045 0.1122414 0.1110269 0.0948795 0.1285910 0.0778601 0.1154186 0.0754012 0.1391769 0.1049956 0.1145488 0.0977503 0.1229952 0.1053959 0.0909465 0.1294474 0.3045045 0.1105803 0.0950615 0.0983407 0.0948681 0.0946286 0.2822513 0.0833906 0.2674203 0.0730376 0.1192188 0.0949626 0.1226569 0.0901022 0.1132508 0.2025267 0.0746409 0.0843412 0.1217511 0.0749039 0.0820923 0.1194910 0.1056406 0.1498182 0.1043853 0.1200662 0.1210013 0.0726882 0.1188030 0.0881724 0.0837709 0.0846986 0.0685426 0.0625378 0.1213821 0.0681541 0.0809754 0.1174373 0.1006239 0.1622247 0.0776515 0.0813976 0.1372466 0.1186644 0.0899094 0.0714364 0.1268526 0.0673187 0.0339183 
S0196sl       0.5217570 0.3717727 0.4020400 0.0919448 0.1300288 0.0945569 0.2450871 0.0814482 0.0000000 0.1197655 0.0864968 0.0851830 0.1258622 0.0920914 0.0788911 0.1149070 0.1458401 0.0798763 0.0997229 0.1246358 0.0823542 0.0827029 0.1055839 0.1101857 0.0900986 0.0793076 0.0796582 0.0814473 0.0929215 0.0700607 0.0087871 0.0727481 0.1019712 0.0803576 0.0865319 0.1187405 0.1138621 0.1072467 0.0830096 0.1266941 0.0715242 0.0748005 0.1254437 0.0713880 0.1020750 0.0632600 0.0897827 0.0355018 0.0821572 0.2946238 0.0774717 0.0880163 0.0742984 0.0879610 0.1214670 0.0029002 0.0729241 0.0029002 0.0058392 0.1303874 0.0607899 0.0692099 0.0793497 0.0750574 0.0825658 0.0698940 0.0948982 0.0766207 0.1283206 0.1165240 0.1280488 0.1201952 0.1073367 0.0910500 0.3080789 0.0822762 0.0628850 0.1010788 0.1083061 0.0997620 0.3016419 0.0073006 0.2714553 0.0606755 0.1309005 0.1020998 0.0863166 0.0975124 0.1188346 0.2238962 0.0806281 0.1008228 0.0852495 0.0720681 0.0754111 0.0870928 0.0827160 0.1389136 0.0911768 0.0903980 0.0876967 0.0765069 0.0738081 0.1022346 0.0834687 0.0892654 0.0702093 0.0928842 0.1223657 0.0852244 0.0704959 0.1120715 0.0974616 0.1562342 0.0892137 0.0088292 0.1042506 0.0815907 0.0831678 0.0773191 0.0809624 0.0708099 0.0344337 
S0278         0.5484117 0.4111809 0.4550639 0.1644269 0.1484968 0.1547217 0.2773221 0.1326338 0.1197655 0.0000000 0.1677439 0.1482845 0.1029348 0.1494053 0.1415454 0.1526460 0.0712327 0.1544077 0.1564714 0.0821048 0.1527750 0.0580935 0.1675233 0.1725970 0.1469317 0.1413296 0.1419542 0.0645196 0.1647529 0.0795282 0.1262589 0.1456928 0.0988282 0.1560491 0.0896826 0.1741443 0.1575546 0.1682273 0.1505815 0.0438132 0.1257591 0.1353938 0.0688846 0.0859385 0.1022001 0.1148228 0.1482235 0.1273576 0.1535059 0.3612136 0.1459992 0.1599751 0.1476418 0.1432650 0.1840347 0.1196746 0.1332036 0.1196746 0.1243370 0.1913345 0.1546224 0.0736435 0.1758945 0.0871606 0.0945333 0.1139295 0.1008730 0.1439285 0.1796378 0.1717814 0.1767732 0.1669497 0.1411997 0.1710454 0.3722566 0.1431218 0.1423172 0.1634864 0.1566164 0.1480135 0.3518697 0.1195457 0.3367048 0.0819964 0.1684983 0.1489122 0.1705822 0.1624889 0.1580735 0.2827985 0.1424357 0.1548499 0.0775028 0.0821359 0.0871507 0.1556230 0.0839926 0.0540764 0.1445541 0.1608065 0.1644268 0.1398497 0.1597692 0.1540087 0.1330542 0.1453810 0.1305514 0.1485169 0.1681507 0.1421080 0.1001690 0.1595942 0.1475389 0.1393541 0.1511854 0.1268216 0.0800635 0.1609985 0.0958993 0.1366998 0.1703473 0.1357632 0.0431862 
S0281         0.5207358 0.3926514 0.4107223 0.1166578 0.1677407 0.1384310 0.2963333 0.1196580 0.0864968 0.1677439 0.0000000 0.1387039 0.1870246 0.0981941 0.1393625 0.1651659 0.2044679 0.1295474 0.1401361 0.1503855 0.1304469 0.1370073 0.1210631 0.1151892 0.1144725 0.1367852 0.1325885 0.1360224 0.1199871 0.1379572 0.0928455 0.1082973 0.1579552 0.1353123 0.1338511 0.1155624 0.1213076 0.1496867 0.1316105 0.1681774 0.1116076 0.1260408 0.1849617 0.1364642 0.1559961 0.1059849 0.1463120 0.0537737 0.1315192 0.2397516 0.1135473 0.1348818 0.1127684 0.1398767 0.1138953 0.0866084 0.1265912 0.0866084 0.0909156 0.1150016 0.0617020 0.1289993 0.1380855 0.1380634 0.1548293 0.1148858 0.1598743 0.1342011 0.1217543 0.1093021 0.1185439 0.1072396 0.1447282 0.0873767 0.2668182 0.1249682 0.1216922 0.1553565 0.1054799 0.1074494 0.2460217 0.0906420 0.2408295 0.1446432 0.1163164 0.1093844 0.1424260 0.1133761 0.1043851 0.1827306 0.1379532 0.1311304 0.1451344 0.1374982 0.1436078 0.1380884 0.1261828 0.1807532 0.1458549 0.1453483 0.1394430 0.1350547 0.1300227 0.1176795 0.0750356 0.1467646 0.1149392 0.1447114 0.1022544 0.1102292 0.1270597 0.1062206 0.0951091 0.2026273 0.1249182 0.0954196 0.1671873 0.0790407 0.1463389 0.1270798 0.0810503 0.1164181 0.1060406 
S0282         0.5136928 0.3705682 0.4047795 0.0950957 0.1100397 0.0227977 0.2562921 0.0789687 0.0851830 0.1482845 0.1387039 0.0000000 0.1541330 0.1106595 0.0151980 0.0913177 0.1816714 0.1099072 0.1390760 0.1506862 0.1151838 0.1115913 0.1042731 0.0999704 0.1005634 0.0150700 0.0182459 0.1073202 0.0886664 0.1044875 0.0892246 0.0962323 0.1412800 0.1147583 0.1206013 0.1159622 0.0982813 0.1351864 0.1137876 0.1549649 0.0360805 0.0165555 0.1558148 0.0990429 0.1139599 0.0450413 0.0233982 0.0922512 0.1130521 0.3075290 0.0719843 0.1189808 0.1147769 0.0258984 0.1266680 0.0813349 0.0119086 0.0813349 0.0854369 0.1217959 0.1232506 0.0943050 0.1249972 0.0804439 0.1071262 0.0826078 0.1342936 0.1024120 0.1215038 0.1127005 0.1257284 0.1154269 0.0746117 0.1333733 0.3119127 0.0965199 0.0906721 0.1172903 0.1073951 0.0985580 0.2971841 0.0832128 0.2743409 0.0845801 0.1240944 0.1022096 0.1184565 0.0691804 0.1437089 0.2249390 0.0180522 0.0444465 0.1220362 0.0775326 0.0809766 0.1188521 0.1051412 0.1655890 0.1200395 0.1196415 0.1161508 0.0180034 0.1127650 0.0931775 0.1040784 0.0260823 0.0249227 0.0983982 0.1356156 0.0619159 0.0879277 0.1344708 0.1228122 0.2012308 0.0415489 0.0830455 0.1439643 0.1243856 0.0926685 0.0150689 0.1304622 0.0260440 0.0337060 
S0289         0.5443312 0.4293784 0.4678688 0.1674503 0.2164004 0.1643469 0.3129724 0.1555555 0.1258622 0.1029348 0.1870246 0.1541330 0.0000000 0.1665645 0.1528104 0.1736968 0.1127219 0.1555105 0.1705495 0.0886227 0.1561373 0.0886637 0.1714334 0.1877804 0.1677676 0.1506962 0.1513611 0.0527521 0.1858354 0.0814682 0.1281830 0.1669111 0.1069142 0.1610528 0.1098501 0.1890526 0.1910743 0.1676656 0.1578491 0.1031685 0.1425292 0.1475772 0.0947665 0.0862397 0.1179476 0.1208731 0.1548716 0.1301136 0.1513789 0.3787551 0.1576225 0.1627817 0.1417107 0.1471282 0.1923836 0.1215874 0.1423168 0.1215874 0.1262620 0.2004305 0.1640296 0.0890259 0.1610449 0.1054104 0.1032557 0.1266049 0.0806000 0.1501668 0.1912773 0.1773277 0.1918496 0.1827438 0.1565297 0.1772984 0.3831108 0.1344225 0.1381281 0.1770172 0.1665417 0.1528030 0.3704862 0.1281160 0.3910264 0.0995177 0.1669554 0.1643522 0.1644949 0.1748700 0.1826000 0.3017179 0.1470150 0.1705799 0.0724046 0.1002832 0.1053874 0.1669563 0.0954537 0.1027873 0.1629718 0.1602691 0.1634754 0.1464632 0.1502068 0.1683242 0.1553164 0.1603143 0.1427989 0.1564729 0.1906151 0.1665283 0.0926149 0.1920379 0.1798796 0.1004531 0.1648799 0.1287553 0.0838218 0.1691932 0.1147517 0.1481307 0.1765397 0.1383336 0.0420097 
S0292         0.5163152 0.4044816 0.3998322 0.0799344 0.1124838 0.1164314 0.2883464 0.0968424 0.0920914 0.1494053 0.0981941 0.1106595 0.1665645 0.0000000 0.1135834 0.1357273 0.1877871 0.1184567 0.1454213 0.1514857 0.1267154 0.1262462 0.0935916 0.0963395 0.1019282 0.1060841 0.1020248 0.1071817 0.1276543 0.1103105 0.0982116 0.1097709 0.1403144 0.1264773 0.1268289 0.1068141 0.1159241 0.1408664 0.1181115 0.1385193 0.0845966 0.1038308 0.1694999 0.1166683 0.1220798 0.0803535 0.1177344 0.0693159 0.1239628 0.3434533 0.0875134 0.1200652 0.1200386 0.1086925 0.1053144 0.0922061 0.1012434 0.0922061 0.0964039 0.1275522 0.0910153 0.1139100 0.1206998 0.1027151 0.1329691 0.1046703 0.1543568 0.1061044 0.1075151 0.1065779 0.1080963 0.0997188 0.1187632 0.1110263 0.3514851 0.1266062 0.0975698 0.1254388 0.1112036 0.1066995 0.3354878 0.0941096 0.2984516 0.1128953 0.1125076 0.0781490 0.1234578 0.1195158 0.0579724 0.2476211 0.1096177 0.1126510 0.1277994 0.0997945 0.1073821 0.1262208 0.1215120 0.1564903 0.1216942 0.1306218 0.1323443 0.1092395 0.1111074 0.0944226 0.0200768 0.1171587 0.0880798 0.1376172 0.0694606 0.0974557 0.1094468 0.0374095 0.0243863 0.1901860 0.1038232 0.1007961 0.1491931 0.1104403 0.1110067 0.1042248 0.1145623 0.0967573 0.0439221 
S0293         0.5174233 0.3564811 0.3794851 0.0955248 0.0988969 0.0246069 0.2501449 0.0798755 0.0788911 0.1415454 0.1393625 0.0151980 0.1528104 0.1135834 0.0000000 0.0962337 0.1795164 0.1075603 0.1393970 0.1510413 0.1154489 0.1075356 0.1047486 0.0995472 0.0948520 0.0183431 0.0200009 0.1049602 0.0960109 0.0975911 0.0828407 0.0906755 0.1283127 0.1128670 0.1133056 0.1168060 0.1055737 0.1357646 0.1108110 0.1452804 0.0399399 0.0150931 0.1450937 0.0919878 0.1034406 0.0492042 0.0270271 0.0906148 0.1133121 0.2926145 0.0766288 0.1165548 0.1077923 0.0277492 0.1282912 0.0751211 0.0135528 0.0751211 0.0791230 0.1302437 0.1189844 0.0877413 0.1159612 0.0746935 0.1003721 0.0806829 0.1266648 0.1003596 0.1254659 0.1183972 0.1273023 0.1211500 0.0773188 0.1291678 0.2998705 0.0896725 0.0865517 0.1104007 0.1133308 0.1064000 0.2902790 0.0769637 0.2717744 0.0808283 0.1301166 0.1011748 0.1163065 0.0678746 0.1450388 0.2238527 0.0197877 0.0483408 0.1191478 0.0717655 0.0751865 0.1108842 0.0937538 0.1585114 0.1185006 0.1171982 0.1164166 0.0197337 0.1087295 0.0935884 0.1044361 0.0279477 0.0251031 0.1071662 0.1388308 0.0616720 0.0815311 0.1335791 0.1238939 0.1955167 0.0418439 0.0768095 0.1386893 0.1182718 0.0867029 0.0151812 0.1286960 0.0295819 0.0261294 
S0294         0.5585415 0.3886745 0.4105721 0.1202014 0.1145201 0.1008364 0.2604425 0.0968599 0.1149070 0.1526460 0.1651659 0.0913177 0.1736968 0.1357273 0.0962337 0.0000000 0.1966825 0.1347846 0.1547896 0.1717475 0.1327848 0.1256689 0.1333592 0.1208615 0.1219989 0.0892947 0.0936207 0.1239848 0.1183817 0.1255745 0.1169268 0.1188213 0.1515663 0.1318992 0.1374742 0.1351885 0.1220467 0.1678386 0.1377054 0.1633767 0.0803224 0.0887855 0.1779940 0.1191031 0.1204829 0.0733841 0.1023367 0.1048080 0.1314693 0.3389103 0.0850704 0.1453793 0.1200515 0.1000473 0.1617333 0.1126780 0.0864722 0.1126780 0.1172279 0.1544672 0.1380841 0.1136460 0.1495118 0.1012800 0.1346538 0.1126481 0.1660656 0.1310529 0.1535615 0.1430150 0.1565231 0.1497187 0.0501120 0.1402321 0.3418834 0.1263331 0.1090756 0.1423784 0.1315901 0.1236376 0.3155296 0.1147052 0.3086142 0.0870623 0.1556508 0.1133521 0.1385743 0.1030915 0.1661482 0.2617900 0.0944841 0.0995676 0.1547873 0.1004189 0.1042020 0.1386532 0.1216592 0.1758817 0.1447015 0.1413904 0.1399957 0.0941691 0.1422146 0.1117881 0.1198880 0.1034640 0.0906171 0.1309269 0.1555788 0.1044415 0.1210490 0.1612711 0.1396159 0.1965444 0.0902533 0.1126961 0.1590477 0.1317499 0.1037256 0.0871092 0.1405595 0.0911710 0.0340874 
S0299         0.5690112 0.4479019 0.4953087 0.2112475 0.2413862 0.1963125 0.3302800 0.1746751 0.1458401 0.0712327 0.2044679 0.1816714 0.1127219 0.1877871 0.1795164 0.1966825 0.0000000 0.1789789 0.1932638 0.0794917 0.1773407 0.0873751 0.2152846 0.2166585 0.1887814 0.1840824 0.1779668 0.0924222 0.2102733 0.1110665 0.1553080 0.1835372 0.1484405 0.1800550 0.1307251 0.2182699 0.1834874 0.1911810 0.1742385 0.0746874 0.1610222 0.1770661 0.0856779 0.1247143 0.1293809 0.1543473 0.1944396 0.1530954 0.1833673 0.4289735 0.1890228 0.1870832 0.1718492 0.1817742 0.2239073 0.1481358 0.1746629 0.1481358 0.1532801 0.2392652 0.1915620 0.1096534 0.1946382 0.1264646 0.1408612 0.1451086 0.1112547 0.1645717 0.2152511 0.2185547 0.2207676 0.2026610 0.1827046 0.1954055 0.4116294 0.1682010 0.1669021 0.1807762 0.1970299 0.1808285 0.4100387 0.1552317 0.4283709 0.1226599 0.2074575 0.1871339 0.1927852 0.2004082 0.1944739 0.3328774 0.1850065 0.2036799 0.1120530 0.1211598 0.1264222 0.1855733 0.1194531 0.0835694 0.1665417 0.1912945 0.1927409 0.1820018 0.1814305 0.1986722 0.1718383 0.1950492 0.1731459 0.1892783 0.1868613 0.1764882 0.1413253 0.2085953 0.1883919 0.1383161 0.2025762 0.1560590 0.1246048 0.1997786 0.1412423 0.1812005 0.2008814 0.1703359 0.0763284 
S0303         0.5871599 0.4489807 0.4495585 0.1185507 0.0816645 0.1241362 0.2887010 0.1086280 0.0798763 0.1544077 0.1295474 0.1099072 0.1555105 0.1184567 0.1075603 0.1347846 0.1789789 0.0000000 0.0815588 0.1516171 0.0089779 0.1081357 0.1156393 0.1180717 0.1270751 0.1078550 0.1062921 0.1002066 0.1235366 0.1108045 0.0877199 0.1146843 0.1349998 0.0212062 0.1349578 0.1440553 0.1503408 0.1174537 0.0120040 0.1624052 0.0930350 0.1027479 0.1413644 0.1072479 0.1248104 0.0861461 0.1222298 0.0841032 0.0089340 0.3580961 0.1002113 0.0133955 0.1190185 0.1120338 0.1487421 0.0799736 0.1007402 0.0799736 0.0839985 0.1542929 0.1142633 0.1003945 0.0931274 0.1007293 0.1205807 0.0995930 0.1322879 0.0358059 0.1505196 0.1405831 0.1456134 0.1435093 0.1237475 0.1400161 0.3665203 0.1236070 0.0603909 0.0984285 0.1286529 0.1167087 0.3616354 0.0818187 0.3565645 0.0906405 0.1716322 0.1182012 0.0812193 0.1288747 0.1501300 0.2722280 0.1090761 0.1231656 0.1179363 0.0978006 0.1012049 0.0151897 0.1120613 0.1631066 0.0924860 0.0149769 0.0195847 0.1045268 0.0845673 0.1246689 0.1169482 0.1206879 0.0958760 0.1247909 0.1414298 0.0979922 0.0986762 0.1365056 0.1241333 0.1955875 0.1130276 0.0861026 0.1366759 0.1363512 0.1095310 0.1056621 0.1310722 0.0943732 0.0521311 
S0308         0.6399830 0.4823553 0.4566982 0.1284761 0.1133606 0.1401620 0.3100201 0.1247422 0.0997229 0.1564714 0.1401361 0.1390760 0.1705495 0.1454213 0.1393970 0.1547896 0.1932638 0.0815588 0.0000000 0.1534740 0.0816925 0.1240312 0.1309258 0.1247102 0.1513362 0.1369014 0.1374996 0.1031336 0.1308153 0.1277320 0.1080239 0.1354881 0.1497042 0.0870132 0.1320767 0.1574399 0.1536874 0.1156879 0.0845562 0.1622572 0.1164843 0.1267074 0.1690344 0.1253283 0.1463940 0.1026124 0.1487246 0.0941434 0.0836902 0.3811030 0.1224336 0.0891743 0.1256123 0.1441308 0.1501303 0.0998482 0.1272145 0.0998482 0.1002199 0.1684902 0.1243566 0.1180201 0.1135016 0.1204328 0.1292276 0.1036255 0.1552575 0.0857604 0.1595409 0.1587564 0.1621714 0.1491403 0.1475876 0.1575037 0.3938056 0.1383680 0.0861841 0.1170044 0.1481794 0.1418413 0.3707583 0.1017790 0.3492050 0.1047146 0.1684942 0.1237832 0.1094502 0.1454709 0.1694298 0.2994296 0.1351410 0.1447556 0.1263063 0.1175497 0.1210052 0.0910381 0.1261289 0.1578281 0.1097290 0.0875899 0.0885770 0.1285511 0.1080374 0.1368450 0.1416917 0.1455856 0.1268559 0.1292931 0.1640202 0.1184478 0.1172032 0.1616275 0.1463410 0.2022795 0.1387996 0.1035586 0.1450824 0.1568324 0.1253637 0.1323309 0.1449487 0.1193917 0.0622390 
S0320         0.5304058 0.4281443 0.4610850 0.1707054 0.1954704 0.1642372 0.2764655 0.1390419 0.1246358 0.0821048 0.1503855 0.1506862 0.0886227 0.1514857 0.1510413 0.1717475 0.0794917 0.1516171 0.1534740 0.0000000 0.1554292 0.0753836 0.1657937 0.1691452 0.1574103 0.1484359 0.1465250 0.0628155 0.1725637 0.0868665 0.1292350 0.1488623 0.1216778 0.1526158 0.1267711 0.1753710 0.1558813 0.1513821 0.1468671 0.0734215 0.1336239 0.1423400 0.0809556 0.0885660 0.1126041 0.1262282 0.1549968 0.1206544 0.1507008 0.3844743 0.1511987 0.1543329 0.1433491 0.1449321 0.1815370 0.1225800 0.1401193 0.1225800 0.1272988 0.1930834 0.1513120 0.0837820 0.1519864 0.1090079 0.1118019 0.1228294 0.0919728 0.1440338 0.1824042 0.1677550 0.1842344 0.1614506 0.1464247 0.1721488 0.3892446 0.1436760 0.1330945 0.1557198 0.1641911 0.1547394 0.3723110 0.1224582 0.3804360 0.0882167 0.1668595 0.1433237 0.1564708 0.1728884 0.1626484 0.3025245 0.1495108 0.1609873 0.0809012 0.1038019 0.1089815 0.1607805 0.0901979 0.0778987 0.1369507 0.1565795 0.1558949 0.1468639 0.1380587 0.1549893 0.1331627 0.1571358 0.1339367 0.1461536 0.1558060 0.1428347 0.1113722 0.1688201 0.1539973 0.0993340 0.1571900 0.1298169 0.0834190 0.1669367 0.1185771 0.1458886 0.1798973 0.1362595 0.0693244 
S0322         0.5945141 0.4485721 0.4573955 0.1240259 0.1194035 0.1296975 0.2965622 0.1138225 0.0823542 0.1527750 0.1304469 0.1151838 0.1561373 0.1267154 0.1154489 0.1327848 0.1773407 0.0089779 0.0816925 0.1554292 0.0000000 0.1019554 0.1231252 0.1279409 0.1305709 0.1130929 0.1115152 0.1004185 0.1269939 0.1139514 0.0903105 0.1178752 0.1385999 0.0213996 0.1362217 0.1478869 0.1542829 0.1170146 0.0216195 0.1607519 0.0978431 0.1078321 0.1397194 0.1102997 0.1260274 0.0889134 0.1279364 0.0886074 0.0150973 0.3657495 0.1032114 0.0214651 0.1199398 0.1151362 0.1471066 0.0824556 0.1057850 0.0824556 0.0865414 0.1550543 0.1125458 0.1033209 0.0957838 0.1036688 0.1238137 0.1045627 0.1357875 0.0395109 0.1521835 0.1443101 0.1494545 0.1473165 0.1251093 0.1415232 0.3783372 0.1289257 0.0664634 0.1038803 0.1301261 0.1180075 0.3673863 0.0843243 0.3496072 0.0991532 0.1730870 0.1236524 0.0876718 0.1324419 0.1563138 0.2723375 0.1143040 0.1287553 0.1163007 0.1007244 0.1041624 0.0218333 0.1199963 0.1608954 0.0927947 0.0182986 0.0229000 0.1096382 0.0891675 0.1302662 0.1224914 0.1262118 0.1014331 0.1327611 0.1473564 0.1074352 0.1009212 0.1449086 0.1272169 0.1931843 0.1202597 0.0886802 0.1345428 0.1400075 0.1126242 0.1108432 0.1367926 0.0992702 0.0265574 
S0327         0.5106903 0.3858260 0.4302420 0.1195478 0.1621778 0.1196021 0.2527173 0.1005680 0.0827029 0.0580935 0.1370073 0.1115913 0.0886637 0.1262462 0.1075356 0.1256689 0.0873751 0.1081357 0.1240312 0.0753836 0.1019554 0.0000000 0.1292203 0.1394384 0.1187867 0.1052173 0.1056858 0.0357964 0.1234010 0.0492582 0.0867014 0.1111436 0.0658772 0.1154523 0.0626634 0.1500415 0.1431703 0.1326877 0.1082153 0.0623972 0.0862059 0.1000959 0.0653921 0.0504865 0.0777933 0.0854910 0.1196334 0.0907742 0.1112134 0.3374453 0.1058933 0.1171515 0.1087153 0.1074998 0.1624055 0.0788926 0.0980723 0.0788926 0.0829476 0.1454700 0.1163970 0.0432180 0.1215433 0.0594609 0.0611303 0.0792809 0.0668409 0.1079318 0.1610988 0.1463534 0.1566418 0.1485346 0.1184667 0.1288908 0.3383672 0.1063105 0.0941074 0.1278702 0.1318851 0.1189766 0.3263487 0.0846828 0.2975882 0.0544525 0.1672255 0.1135555 0.1170459 0.1251146 0.1477635 0.2506807 0.1064658 0.1196262 0.0531698 0.0564681 0.0617163 0.1196951 0.0553728 0.0659489 0.1222832 0.1203710 0.1192009 0.1041864 0.1078174 0.1309114 0.1173888 0.1131851 0.0952080 0.1237265 0.1467000 0.1073906 0.0562961 0.1433765 0.1244713 0.1173808 0.1116458 0.0850669 0.0671091 0.1289908 0.0711508 0.1030129 0.1355375 0.0957619 0.0165643 
S0335         0.5600705 0.4050826 0.4105095 0.0618747 0.0201045 0.1138595 0.3074138 0.0926351 0.1055839 0.1675233 0.1210631 0.1042731 0.1714334 0.0935916 0.1047486 0.1333592 0.2152846 0.1156393 0.1309258 0.1657937 0.1231252 0.1292203 0.0000000 0.0525842 0.1159544 0.1000267 0.0965661 0.1154297 0.1055866 0.1208383 0.1100134 0.1292825 0.1395813 0.1229758 0.1259980 0.1132055 0.1182520 0.1374746 0.1197714 0.1695552 0.0788950 0.0891774 0.1715653 0.1209937 0.1386658 0.0743840 0.1137076 0.0925883 0.1166966 0.3296369 0.0865051 0.1270151 0.1182885 0.1069158 0.1212578 0.1057174 0.0908484 0.1057174 0.1081224 0.1150148 0.1199884 0.1213390 0.1346375 0.1072671 0.1299686 0.0947525 0.1523309 0.1093546 0.1205277 0.1141437 0.1211838 0.1086405 0.1177844 0.1268927 0.3406022 0.1174858 0.1022341 0.1268258 0.1183405 0.1154478 0.3186755 0.1076682 0.2757107 0.1026455 0.1369792 0.0694382 0.1302253 0.1079967 0.1220290 0.2408708 0.0951108 0.0965535 0.1418904 0.1064595 0.1120248 0.1266128 0.1270101 0.1754158 0.1225084 0.1256631 0.1224095 0.1009226 0.1274311 0.0616725 0.0874361 0.1002505 0.0843452 0.1097255 0.1146639 0.0842879 0.1058926 0.1016893 0.0946826 0.1984470 0.0858213 0.1116909 0.1672693 0.1283295 0.1206178 0.0934320 0.1292910 0.0789983 0.0847602 
S0345         0.5876558 0.4367523 0.4371033 0.0463581 0.0813295 0.1039678 0.3120759 0.0910742 0.1101857 0.1725970 0.1151892 0.0999704 0.1877804 0.0963395 0.0995472 0.1208615 0.2166585 0.1180717 0.1247102 0.1691452 0.1279409 0.1394384 0.0525842 0.0000000 0.1063802 0.0924024 0.0880553 0.1169184 0.1037469 0.1333570 0.1180048 0.1228120 0.1470114 0.1184714 0.1203788 0.1049482 0.1139405 0.1352126 0.1204372 0.1709279 0.0767486 0.0845789 0.1663582 0.1364055 0.1341436 0.0621688 0.1088320 0.0865804 0.1252613 0.3569519 0.0795986 0.1290759 0.1193060 0.0985081 0.1112100 0.1103566 0.0844283 0.1103566 0.1157489 0.1071837 0.1036941 0.1282167 0.1448047 0.1056129 0.1491345 0.0929114 0.1554493 0.1081168 0.1075396 0.1019267 0.1040124 0.0973157 0.1037210 0.1197745 0.3617397 0.1153331 0.0949238 0.1331371 0.0975370 0.0999291 0.3356829 0.1101970 0.3137495 0.1007828 0.1210760 0.0620446 0.1267892 0.1017634 0.1176027 0.2254763 0.0913250 0.0733999 0.1476283 0.1041847 0.1113399 0.1292901 0.1267124 0.1724668 0.1315647 0.1273199 0.1207473 0.0939570 0.1353846 0.0182989 0.0760718 0.0996779 0.0788320 0.1002481 0.1096980 0.0814206 0.1227520 0.1162146 0.0957996 0.1964319 0.0644983 0.1153142 0.1637206 0.1086298 0.1142588 0.0896889 0.1181760 0.0724935 0.0000010 
S0376         0.5386522 0.3641758 0.4013702 0.1037827 0.1014963 0.1063046 0.2691344 0.0921013 0.0900986 0.1469317 0.1144725 0.1005634 0.1677676 0.1019282 0.0948520 0.1219989 0.1887814 0.1270751 0.1513362 0.1574103 0.1305709 0.1187867 0.1159544 0.1063802 0.0000000 0.0963347 0.0948182 0.1112847 0.1030305 0.1144813 0.0961777 0.0530999 0.1214386 0.1322040 0.1141303 0.1131060 0.1169222 0.1382812 0.1268496 0.1359600 0.0880147 0.0919341 0.1496054 0.1054370 0.1256800 0.0774310 0.1029911 0.0743786 0.1254779 0.2783768 0.0728332 0.1365845 0.1014153 0.0967969 0.1286784 0.0902104 0.0894699 0.0902104 0.0943775 0.1474933 0.0996124 0.0979178 0.1407430 0.1010508 0.1164054 0.0942311 0.1516916 0.1186635 0.1248886 0.1181761 0.1313874 0.1235608 0.1021703 0.1054212 0.2828585 0.1163263 0.1049371 0.1306823 0.1142039 0.1092995 0.2771341 0.0921033 0.2615664 0.0958764 0.1400219 0.1070494 0.1357861 0.1012995 0.1242824 0.2162834 0.0976065 0.0968621 0.1290915 0.0935862 0.0992714 0.1367204 0.1114075 0.1559775 0.1257820 0.1372465 0.1358324 0.0972767 0.1305490 0.1119076 0.0809839 0.1027163 0.0818896 0.1128263 0.1312799 0.0884669 0.1051592 0.1161684 0.1097893 0.1759477 0.0901152 0.0967610 0.1524469 0.1100615 0.1118135 0.0942113 0.1279025 0.0954767 0.0548694 
S0400         0.5265626 0.3567318 0.3950367 0.0909162 0.1097555 0.0227644 0.2485145 0.0733353 0.0793076 0.1413296 0.1367852 0.0150700 0.1506962 0.1060841 0.0183431 0.0892947 0.1840824 0.1078550 0.1369014 0.1484359 0.1130929 0.1052173 0.1000267 0.0924024 0.0963347 0.0000000 0.0135731 0.1052717 0.0890944 0.0958062 0.0832843 0.0921337 0.1343584 0.1079254 0.1139925 0.1109335 0.0942891 0.1332784 0.1116913 0.1477601 0.0395221 0.0119427 0.1450587 0.0947451 0.1056919 0.0434444 0.0202457 0.0905111 0.1109704 0.2981954 0.0682849 0.1168852 0.1084194 0.0211557 0.1213770 0.0755128 0.0073826 0.0755128 0.0795422 0.1215058 0.1184453 0.0882239 0.1203986 0.0746939 0.1009380 0.0823275 0.1274607 0.0952738 0.1212149 0.1077672 0.1185824 0.1123821 0.0726976 0.1338430 0.3057886 0.0984549 0.0863925 0.1175880 0.1026440 0.0962560 0.2863629 0.0773673 0.2590339 0.0736541 0.1189332 0.0979860 0.1139321 0.0688685 0.1435683 0.2168488 0.0134299 0.0446275 0.1198794 0.0717644 0.0751871 0.1167258 0.0988715 0.1582809 0.1181582 0.1175326 0.1140754 0.0133941 0.1106874 0.0890955 0.0996988 0.0213047 0.0200829 0.0934017 0.1403518 0.0552195 0.0818417 0.1298252 0.1183122 0.1931942 0.0399942 0.0772115 0.1395908 0.1228104 0.0848385 0.0104623 0.1309141 0.0228313 0.0341049 
S0405         0.5228168 0.3511869 0.3849176 0.0874652 0.0998175 0.0260298 0.2406303 0.0736518 0.0796582 0.1419542 0.1325885 0.0182459 0.1513611 0.1020248 0.0200009 0.0936207 0.1779668 0.1062921 0.1374996 0.1465250 0.1115152 0.1056858 0.0965661 0.0880553 0.0948182 0.0135731 0.0000000 0.1032329 0.0914928 0.0985969 0.0836522 0.0887083 0.1316685 0.1111064 0.1145066 0.1143912 0.0967189 0.1256254 0.1121876 0.1458106 0.0413864 0.0135217 0.1493082 0.0951680 0.1081270 0.0436350 0.0219476 0.0864145 0.1093938 0.2965042 0.0704411 0.1153142 0.1088970 0.0228127 0.1250780 0.0758474 0.0089163 0.0758474 0.0798938 0.1251590 0.1119396 0.0886172 0.1209317 0.0750216 0.1013801 0.0826879 0.1280352 0.1008189 0.1248537 0.1111409 0.1241720 0.1158500 0.0767438 0.1301462 0.3074459 0.0988922 0.0867865 0.1180983 0.1060122 0.0995009 0.2912482 0.0777095 0.2721504 0.0795454 0.1225290 0.0945341 0.1144378 0.0694960 0.1398655 0.2152087 0.0150185 0.0448206 0.1204175 0.0720830 0.0755187 0.1151312 0.0993132 0.1589869 0.1108515 0.1159534 0.1125122 0.0149782 0.1111760 0.0857151 0.0939032 0.0198361 0.0201163 0.0936989 0.1388630 0.0553824 0.0822129 0.1261810 0.1147328 0.1867659 0.0401703 0.0775525 0.1402204 0.1170394 0.0845374 0.0120349 0.1272463 0.0246389 0.0344633 
S0407sl       0.4593175 0.3443121 0.3902045 0.1089193 0.1404535 0.1160259 0.2157917 0.0903074 0.0814473 0.0645196 0.1360224 0.1073202 0.0527521 0.1071817 0.1049602 0.1239848 0.0924222 0.1002066 0.1031336 0.0628155 0.1004185 0.0357964 0.1154297 0.1169184 0.1112847 0.1052717 0.1032329 0.0000000 0.1230033 0.0344554 0.0858263 0.1066856 0.0457602 0.1079965 0.0521273 0.1337120 0.1301273 0.1312233 0.1023304 0.0653143 0.0936770 0.0994861 0.0636035 0.0361451 0.0690683 0.0770493 0.1110327 0.0854729 0.1010891 0.3028059 0.0973124 0.1054048 0.0886377 0.1052607 0.1375486 0.0794037 0.0949616 0.0794037 0.0838772 0.1355173 0.1091603 0.0359430 0.1097291 0.0554176 0.0435734 0.0670515 0.0491453 0.1044401 0.1409602 0.1222428 0.1366356 0.1300613 0.1148497 0.1239842 0.3050939 0.1011747 0.0795122 0.1070663 0.1063505 0.1006015 0.3002566 0.0812977 0.2663144 0.0468515 0.1362148 0.1070659 0.1002588 0.1228085 0.1224490 0.2266453 0.1043163 0.1092675 0.0284113 0.0520653 0.0555870 0.1119155 0.0435397 0.0614539 0.1140733 0.1015544 0.1065922 0.0993613 0.0974602 0.1100892 0.1062043 0.1170365 0.0942241 0.0948394 0.1315895 0.1066491 0.0437908 0.1296051 0.1084163 0.0747597 0.1028475 0.0840997 0.0232418 0.1112197 0.0658272 0.1003920 0.1129586 0.0904704 0.0174641 
S0412sl       0.5633649 0.4053342 0.4229523 0.0992797 0.0821867 0.1025802 0.2953155 0.0833647 0.0929215 0.1647529 0.1199871 0.0886664 0.1858354 0.1276543 0.0960109 0.1183817 0.2102733 0.1235366 0.1308153 0.1725637 0.1269939 0.1234010 0.1055866 0.1037469 0.1030305 0.0890944 0.0914928 0.1230033 0.0000000 0.1170748 0.1011607 0.0861064 0.1344852 0.1286420 0.1299716 0.1255533 0.1040391 0.1368391 0.1277654 0.1727875 0.0659618 0.0868091 0.1705919 0.1104471 0.1229415 0.0565006 0.0938393 0.0847518 0.1263613 0.3017740 0.0622313 0.1330193 0.1094576 0.1004913 0.1283358 0.0930384 0.0821368 0.0930384 0.0927498 0.1184689 0.1083481 0.1099793 0.1317888 0.0975147 0.1248070 0.0906729 0.1521503 0.1158582 0.1259506 0.1286485 0.1329091 0.1143084 0.0971846 0.1240251 0.2978837 0.1242904 0.1025632 0.1311131 0.1086337 0.0965231 0.2907296 0.0949620 0.2596497 0.0851778 0.1407558 0.1030995 0.1310895 0.1025688 0.1522618 0.2138898 0.0880063 0.0927127 0.1434902 0.0945476 0.0998627 0.1325055 0.1067018 0.1805826 0.1277169 0.1336648 0.1345327 0.0882542 0.1204500 0.0927527 0.1143978 0.0987592 0.0879940 0.1025806 0.1361066 0.0808184 0.1095904 0.1431277 0.1330301 0.2054878 0.0815536 0.0989209 0.1636152 0.1307298 0.1062947 0.0868208 0.1289068 0.0701878 0.0732985 
S0417         0.5041808 0.3753339 0.3801296 0.1085249 0.1119510 0.1120354 0.2315590 0.0926900 0.0700607 0.0795282 0.1379572 0.1044875 0.0814682 0.1103105 0.0975911 0.1255745 0.1110665 0.1108045 0.1277320 0.0868665 0.1139514 0.0492582 0.1208383 0.1333570 0.1144813 0.0958062 0.0985969 0.0344554 0.1170748 0.0000000 0.0739472 0.1102195 0.0555327 0.1113023 0.0540233 0.1380372 0.1341718 0.1407052 0.1150233 0.0776060 0.0873835 0.0931287 0.0816143 0.0352626 0.0695293 0.0666596 0.1120689 0.0884450 0.1139892 0.2936273 0.0949233 0.1175732 0.0929382 0.1028944 0.1519645 0.0663380 0.0911152 0.0663380 0.0702659 0.1428668 0.1092794 0.0351159 0.1133838 0.0605336 0.0490778 0.0815509 0.0540172 0.1016724 0.1516219 0.1397759 0.1464247 0.1377114 0.1075619 0.1274125 0.3118461 0.0943392 0.0875184 0.1119138 0.1228375 0.1152855 0.2847233 0.0681613 0.2691032 0.0482627 0.1549995 0.1136410 0.1110764 0.1280859 0.1371967 0.2167611 0.0952540 0.1181671 0.0433582 0.0574055 0.0607063 0.1199007 0.0474180 0.0805015 0.1229978 0.1206471 0.1195324 0.0928559 0.1018339 0.1234573 0.1059875 0.1042223 0.0881950 0.0981969 0.1413582 0.1032973 0.0372064 0.1315372 0.1161858 0.0934121 0.1076520 0.0723070 0.0657630 0.1200135 0.0705714 0.0959770 0.1265971 0.0888373 0.0082448 
S0419         0.5213107 0.3720035 0.4022860 0.0980610 0.1609931 0.0986826 0.2452319 0.0892910 0.0087871 0.1262589 0.0928455 0.0892246 0.1281830 0.0982116 0.0828407 0.1169268 0.1553080 0.0877199 0.1080239 0.1292350 0.0903105 0.0867014 0.1100134 0.1180048 0.0961777 0.0832843 0.0836522 0.0858263 0.1011607 0.0739472 0.0000000 0.0802880 0.1106275 0.0861715 0.0885930 0.1147167 0.1204224 0.1136847 0.0870205 0.1290669 0.0753155 0.0786936 0.1277927 0.0752618 0.1063343 0.0707571 0.0939889 0.0409545 0.0861225 0.2955216 0.0832853 0.0920455 0.0820272 0.0900061 0.1217869 0.0058336 0.0767980 0.0058336 0.0088090 0.1307349 0.0646762 0.0730451 0.0850313 0.0789639 0.0865517 0.0736771 0.0970464 0.0824973 0.1286569 0.1168235 0.1283886 0.1205086 0.1095235 0.0912745 0.3090225 0.0863309 0.0686161 0.1052206 0.1085914 0.0979078 0.3026582 0.0102792 0.2663991 0.0657238 0.1312458 0.1040238 0.0921683 0.1017117 0.1213094 0.2297099 0.0845922 0.1050280 0.0873053 0.0759806 0.0793363 0.0911560 0.0867110 0.1413400 0.0973577 0.0944717 0.0917100 0.0804108 0.0794148 0.1085375 0.0895205 0.0933623 0.0721671 0.1035607 0.1289561 0.0900645 0.0744111 0.1185073 0.1036377 0.1613474 0.0933041 0.0118400 0.1086548 0.0817904 0.0871836 0.0812675 0.0811583 0.0746490 0.0344337 
S0427         0.5198866 0.3725810 0.3946096 0.1111900 0.1072417 0.0998421 0.2664635 0.0915153 0.0727481 0.1456928 0.1082973 0.0962323 0.1669111 0.1097709 0.0906755 0.1188213 0.1835372 0.1146843 0.1354881 0.1488623 0.1178752 0.1111436 0.1292825 0.1228120 0.0530999 0.0921337 0.0887083 0.1066856 0.0861064 0.1102195 0.0802880 0.0000000 0.1243414 0.1173623 0.1108294 0.1170845 0.1138390 0.1352460 0.1185647 0.1401629 0.0857161 0.0878788 0.1548167 0.0990797 0.1096561 0.0736654 0.0964244 0.0624255 0.1178157 0.2836308 0.0807703 0.1236234 0.1005405 0.1008306 0.1334845 0.0728342 0.0855059 0.0728342 0.0766945 0.1292028 0.0819389 0.1015657 0.1257407 0.0922126 0.1159632 0.0996214 0.1378425 0.1132996 0.1316881 0.1275326 0.1298687 0.1172870 0.1137450 0.0886369 0.2888147 0.1041919 0.0996547 0.1206857 0.1167272 0.1028449 0.2790648 0.0746155 0.2522742 0.0934669 0.1475059 0.1173022 0.1228377 0.1051506 0.1264605 0.2203126 0.0933955 0.0990597 0.1214308 0.0854665 0.0867588 0.1214913 0.1021702 0.1538927 0.1140827 0.1221382 0.1250889 0.0930887 0.1179613 0.1248664 0.0952496 0.0981374 0.0770326 0.1115967 0.1404020 0.1014336 0.1022499 0.1345051 0.1108330 0.1836169 0.0879292 0.0752286 0.1473403 0.0971605 0.1026017 0.0900809 0.1018961 0.0889835 0.0515828 
