105
HYZL          0.0000000 0.0708215 0.2665140 0.2946524 0.3146718 0.3151291 0.2089944 0.4561842 0.2003223 0.3192895 0.3416701 0.1984887 0.3280573 0.3493776 0.4527748 0.4041067 0.0000010 0.2668791 0.4440695 0.3133783 0.2607789 0.2396847 0.3192895 0.3194920 0.3166904 0.3642235 0.3103152 0.2283190 0.3514831 2.3230768 0.0000010 0.3315097 0.2831515 0.2736507 0.3800225 0.3037093 0.3036613 0.4126432 0.3204566 0.4525301 0.3173987 0.2579004 0.4440695 0.4103478 0.3315097 0.4722456 0.3504365 0.2463923 0.3037093 0.2815280 0.3643705 0.2603787 0.3662920 0.3728531 0.0000010 0.3400026 0.3532643 0.3964195 0.0000010 0.3142168 0.3081138 0.3136923 0.2632268 0.3066683 0.4103478 0.2093149 0.3802251 0.2987704 0.3004360 0.4103478 0.2336217 0.2934330 0.2866522 0.4100036 0.2532395 0.2345110 0.4103478 0.3201585 0.2761049 0.3217561 0.3864735 0.3445767 0.3327624 0.3077753 0.4979368 0.3466318 0.4325325 0.3728531 0.2380868 0.2146245 0.3192895 0.3499065 0.2292135 0.2110610 0.2820153 0.3048217 0.2681632 0.2448068 0.3438160 0.3947625 0.2336217 0.0000010 0.4565823 0.3278254 0.2770871 
MYZV          0.0708215 0.0000000 0.2654330 0.3321083 0.3680635 0.2875337 0.3323348 0.3608939 0.2531990 0.2969991 0.3046453 0.2559712 0.3041809 0.3307010 0.3495293 0.3362249 0.1679744 0.2868592 0.3601531 0.2893803 0.3067022 0.2424412 0.2969991 0.3007520 0.3106748 0.3118946 0.2919264 0.3009586 0.2632292 0.2608682 0.2067854 0.3470892 0.3091204 0.3152741 0.3553640 0.2889307 0.3751869 0.3255412 0.3118702 0.3722475 0.3169828 0.3107604 0.3815515 0.2925827 0.2961494 0.3732774 0.2846303 0.3132498 0.2916729 0.3340399 0.3644795 0.3188517 0.2881325 0.3482706 0.2200686 0.3205869 0.3607182 0.5564217 0.2273755 0.3400124 0.3540491 0.3574891 0.3036029 0.3538141 0.3180405 0.2702164 0.3534047 0.3293851 0.3210007 0.3180405 0.3046046 0.3140830 0.3086360 0.3534047 0.2387628 0.2732865 0.3560434 0.2993134 0.2766097 0.2838950 0.3584089 0.3230922 0.3030737 0.4632125 0.3750672 0.3293693 0.3511224 0.3895544 0.2770935 0.2622197 0.2969991 0.3258353 0.2690272 0.2619299 0.2635146 0.3187778 0.3123375 0.3013106 0.3331718 0.3358338 0.3046046 0.1854282 0.3620173 0.2868632 0.3663657 
SRR6441723    0.2665140 0.2654330 0.0000000 0.0745814 0.2075149 0.0643883 0.0548005 0.0908389 0.0439892 0.0410923 0.0795785 0.0405106 0.0496134 0.0643757 0.0842901 0.0655157 0.0589899 0.0652191 0.0752650 0.0641434 0.0331162 0.0411660 0.0410923 0.0481828 0.1081241 0.0480107 0.0717315 0.0624514 0.0481016 0.0962012 0.1062548 0.0560393 0.0744896 0.0950737 0.0837581 0.0557385 0.0503792 0.0877077 0.0797362 0.0892262 0.0740853 0.0814798 0.0846333 0.0923789 0.0644627 0.0831217 0.0495993 0.0708507 0.0415616 0.0574982 0.0632167 0.0726302 0.0697929 0.0673408 0.0565009 0.0654011 0.0708788 0.1165946 0.0422587 0.0554047 0.0647924 0.0652027 0.0690753 0.0897800 0.1203619 0.0497943 0.0534147 0.0408594 0.0410363 0.1203619 0.0476348 0.0336526 0.0481540 0.0616133 0.0490223 0.0464502 0.1428934 0.0410089 0.0650256 0.0647494 0.0811943 0.0566470 0.0807651 0.1086957 0.0893758 0.0529971 0.0736991 0.0751409 0.0478894 0.0396355 0.0339141 0.0560832 0.0584165 0.0414673 0.0509634 0.0822911 0.0633115 0.0729202 0.1187913 0.0572461 0.0476348 0.0440146 0.0917201 0.0421092 0.1251414 
ERR2789774    0.2946524 0.3321083 0.0745814 0.0000000 0.2448019 0.1105678 0.0713092 0.1424303 0.0902328 0.1041369 0.1385559 0.1201287 0.0939765 0.1009552 0.1271249 0.1284892 0.1121957 0.1099032 0.1208371 0.1014047 0.1094057 0.0906786 0.1041369 0.1128146 0.1588740 0.1076963 0.1177715 0.1004877 0.1308562 0.1290982 0.1880637 0.1305624 0.1226480 0.1557942 0.1372820 0.1148010 0.1221039 0.1481929 0.1456079 0.1511581 0.1077626 0.1506389 0.1318297 0.1565152 0.1173467 0.1293672 0.1164167 0.1385866 0.0872139 0.1201239 0.1534537 0.1523401 0.1389766 0.1323679 0.0853892 0.1131452 0.1629782 0.1468878 0.0923400 0.1115088 0.1426165 0.1436754 0.1086838 0.1524086 0.1764973 0.0938257 0.1067987 0.1227735 0.1128578 0.1764973 0.1187068 0.1218126 0.0643919 0.1160051 0.1026593 0.1352411 0.1740975 0.1040563 0.1406834 0.1220251 0.1417738 0.1249235 0.1300101 0.1709954 0.1266302 0.1073155 0.1468754 0.1411692 0.1162022 0.1268098 0.0939765 0.1053315 0.1098815 0.1120058 0.0970477 0.1093516 0.1181731 0.1198987 0.1306956 0.1024715 0.1187068 0.0738997 0.1182347 0.0957912 0.1745682 
PAFTOL_019361 0.3146718 0.3680635 0.2075149 0.2448019 0.0000000 0.2217361 0.3227894 0.1702750 0.1834083 0.2392852 0.1843793 0.2229830 0.2493085 0.2030308 0.1770931 0.2415249 0.1325439 0.1809972 0.2590669 0.1949034 0.2417461 0.2382890 0.2392852 0.2421309 0.2377097 0.2148104 0.1446459 0.2452543 0.2828368 0.2109577 0.2119023 0.2136317 0.2300030 0.2942523 0.1948344 0.2307817 0.3852790 0.1757481 0.2778089 0.2435927 0.2519758 0.2861651 0.2748416 0.2345254 0.2588564 0.2694911 0.2199430 0.2631285 0.2118882 0.2720228 0.2618861 0.2817047 0.2363574 0.2626990 0.1107623 0.2362783 0.2848905 0.3129895 0.1461731 0.2362348 0.2244825 0.2262720 0.2733910 0.3009587 0.2649225 0.2466729 0.2407532 0.2476571 0.2287605 0.2649225 0.2480907 0.2469753 0.2334224 0.2525389 0.2332406 0.2184704 0.2843420 0.2394891 0.2964415 0.1674239 0.2372217 0.2652844 0.1569084 0.4220575 0.2367368 0.2102870 0.2427782 0.2732484 0.1960083 0.2290468 0.2254711 0.2629773 0.2103325 0.2089117 0.2370027 0.2245858 0.2469472 0.2751730 0.2142701 0.2688047 0.2480907 0.1178840 0.2666879 0.2361231 0.2825287 
S0055         0.3151291 0.2875337 0.0643883 0.1105678 0.2217361 0.0000000 0.0943243 0.0735257 0.1084364 0.0638831 0.0716667 0.0819589 0.0735045 0.0851686 0.0758450 0.0754660 0.0563881 0.0573454 0.0858849 0.0462920 0.0975247 0.0902576 0.0638831 0.0909880 0.1090260 0.0697787 0.0639690 0.1002605 0.1043028 0.1089703 0.1206328 0.1126087 0.0715070 0.1440459 0.0832733 0.0641574 0.0979638 0.0796246 0.0633910 0.0772568 0.0922871 0.1335266 0.0958244 0.1322389 0.0799032 0.0940582 0.0734978 0.1041624 0.0646199 0.1335031 0.1011083 0.1334115 0.0686980 0.0943664 0.0703573 0.0582258 0.0929361 0.0644287 0.0761371 0.1112136 0.1240257 0.1249283 0.0638244 0.1259431 0.1501034 0.0811250 0.0708447 0.0916470 0.0757750 0.1501034 0.1014514 0.0830582 0.1073488 0.0803832 0.0407761 0.0963408 0.1746547 0.0720976 0.1088076 0.0570304 0.0697322 0.0557453 0.0641845 0.2234042 0.1101784 0.0621621 0.0993608 0.0954461 0.0793278 0.0885923 0.0555565 0.0799194 0.0840614 0.0769508 0.0427920 0.0623744 0.1179173 0.1339102 0.0836052 0.0905338 0.1014514 0.0584524 0.0793449 0.0655006 0.1661508 
S0196sl       0.2089944 0.3323348 0.0548005 0.0713092 0.3227894 0.0943243 0.0000000 0.1547722 0.0457539 0.0894276 0.1311352 0.0412059 0.1104378 0.1035262 0.1284235 0.1103372 0.0000010 0.0964733 0.1312617 0.0607560 0.0856091 0.0682049 0.0894276 0.0889671 0.1125809 0.0743250 0.1112389 0.0124353 0.1417816 2.2022299 0.0000010 0.0727921 0.1068062 0.1040701 0.0834439 0.1092813 0.0849023 0.1317167 0.0954431 0.1362330 0.0555576 0.0259231 0.1312617 0.2005284 0.0579301 0.1487707 0.1076631 0.0267687 0.1092813 0.0581297 0.1113551 0.0260649 0.1279251 0.1255857 0.0000010 0.0991118 0.1085891 0.1038649 0.0000010 0.0551181 0.0576972 0.0584308 0.0940987 0.0562482 0.2005284 0.0862505 0.0931423 0.0736050 0.0748748 0.2005284 0.0126934 0.0725346 0.0692543 0.1106155 0.0751832 0.0691423 0.2005284 0.0892471 0.0937471 0.0949807 0.0973712 0.0782690 0.1295976 0.1243120 0.1565572 0.0645356 0.1732012 0.0917336 0.1007687 0.0548005 0.0894276 0.1074981 0.0728963 0.0277038 0.0606144 0.0955326 0.0881390 0.0730558 0.1312238 0.1304664 0.0126934 0.0000010 0.1384709 0.0915562 0.0725482 
S0278         0.4561842 0.3608939 0.0908389 0.1424303 0.1702750 0.0735257 0.1547722 0.0000000 0.1095229 0.1088783 0.0563207 0.0916284 0.1209794 0.1222773 0.0432210 0.1227803 0.0578192 0.0501214 0.1144474 0.0639045 0.1175959 0.1206628 0.1088783 0.1309023 0.0918983 0.0873980 0.0488585 0.1110579 0.1344366 0.0952451 0.0874893 0.1242362 0.0988113 0.1684626 0.0430495 0.1093485 0.1763719 0.0340416 0.1015689 0.0982378 0.1124639 0.1366364 0.1254406 0.1448875 0.0986737 0.1230612 0.1016547 0.1334814 0.1101862 0.1213415 0.1221192 0.1353420 0.1064321 0.1235437 0.0407169 0.0772459 0.1312005 0.0820599 0.0782190 0.1226600 0.1363073 0.1373338 0.1220958 0.1384872 0.1634147 0.1193777 0.0897431 0.1118556 0.0951263 0.1634147 0.1124006 0.1026619 0.1183122 0.1008739 0.0978443 0.1161393 0.1893441 0.0995987 0.1509465 0.0419722 0.0900286 0.0927654 0.0200813 0.2792757 0.1327373 0.0887955 0.1300690 0.1237896 0.1144406 0.1079793 0.0988701 0.1273379 0.1028236 0.0767023 0.0861769 0.0819985 0.1397596 0.1466575 0.0831950 0.1202779 0.1124006 0.0281604 0.1009772 0.1017569 0.1805165 
S0281         0.2003223 0.2531990 0.0439892 0.0902328 0.1834083 0.1084364 0.0457539 0.1095229 0.0000000 0.0700212 0.1065456 0.0362928 0.0709278 0.0801329 0.0935708 0.0791372 0.0957062 0.0705086 0.0901534 0.0715641 0.0686245 0.0704206 0.0700212 0.0890849 0.1263267 0.0693298 0.0872113 0.0440574 0.0953766 0.0949783 0.1276478 0.0523935 0.1113801 0.1239089 0.1118537 0.0712258 0.0792609 0.1160310 0.1272319 0.0700751 0.1008886 0.0287742 0.1007166 0.1422237 0.0878260 0.0987656 0.0802896 0.0603971 0.0630171 0.0459863 0.0623391 0.0209690 0.1052836 0.0718473 0.0270291 0.0990958 0.1075735 0.1657021 0.0739198 0.0446758 0.0530338 0.0533855 0.1162277 0.0603366 0.1765267 0.1111530 0.0640478 0.0615568 0.0711390 0.1765267 0.0361212 0.0699357 0.0521651 0.0648805 0.0898121 0.0432744 0.1890957 0.0700212 0.1092428 0.0890828 0.0716781 0.0993130 0.1082639 0.1291651 0.0953864 0.0921440 0.0996726 0.0885711 0.0786291 0.0358724 0.0615824 0.0878346 0.0644932 0.0293338 0.0931182 0.0812064 0.0445067 0.0451461 0.1179969 0.0899778 0.0361212 0.0433129 0.0997810 0.0705020 0.0689375 
S0282         0.3192895 0.2969991 0.0410923 0.1041369 0.2392852 0.0638831 0.0894276 0.1088783 0.0700212 0.0000000 0.0974714 0.0494631 0.0131038 0.0642925 0.1034831 0.0842997 0.0781409 0.0655775 0.0951840 0.0640612 0.0638498 0.0817246 0.0000010 0.0197718 0.1281861 0.0562840 0.0892309 0.0739565 0.0704948 0.1241331 0.1309986 0.0832991 0.0728791 0.1351873 0.0944271 0.0125847 0.0120309 0.1060429 0.0967729 0.0900274 0.0945355 0.1021661 0.1055089 0.1243775 0.0735091 0.1035357 0.0063777 0.0994746 0.0126676 0.1023163 0.0735637 0.1021509 0.0859700 0.1038989 0.0596655 0.0822645 0.0899721 0.1327273 0.0772297 0.0664595 0.0934598 0.0941038 0.0685180 0.1310437 0.1553552 0.0750364 0.0716631 0.0425866 0.0579262 0.1553552 0.0734760 0.0498758 0.0745508 0.0813503 0.0560800 0.0554978 0.1809096 0.0062731 0.0759513 0.0821030 0.0819117 0.0727125 0.0980546 0.1669670 0.1116276 0.0710125 0.0265504 0.1050699 0.0720420 0.0483498 0.0000024 0.0126530 0.0769943 0.0672531 0.0427890 0.0822536 0.0581774 0.1025476 0.1383424 0.0196916 0.0734760 0.0635457 0.1013485 0.0000020 0.1608577 
S0289         0.3416701 0.3046453 0.0795785 0.1385559 0.1843793 0.0716667 0.1311352 0.0563207 0.1065456 0.0974714 0.0000000 0.0892744 0.0995872 0.1191531 0.0428744 0.1194565 0.0720144 0.0271163 0.1318119 0.0623286 0.1049311 0.1076019 0.0974714 0.1182147 0.0488334 0.0544272 0.0195466 0.0985167 0.1210535 0.0593845 0.0708232 0.1106809 0.0962675 0.1749762 0.0500528 0.0978868 0.1531141 0.0479323 0.0895728 0.0799582 0.1191357 0.1324787 0.1432943 0.1119264 0.0713677 0.1405750 0.1088073 0.1195022 0.0986156 0.1313474 0.1088068 0.1312498 0.0945363 0.1411690 0.0263590 0.0748838 0.0987130 0.0291400 0.0747130 0.1093200 0.1219547 0.1228346 0.1187998 0.1238247 0.1378252 0.1162100 0.1069512 0.0991724 0.0831957 0.1378252 0.0996778 0.0904733 0.0986637 0.1186754 0.0797147 0.1036625 0.1613647 0.0886471 0.1289968 0.0064237 0.0721713 0.0812241 0.0478031 0.2732583 0.1515722 0.0961580 0.1174835 0.1414419 0.1115120 0.0958584 0.0885576 0.1150835 0.1023828 0.0754585 0.0759420 0.0799075 0.1257230 0.1317386 0.0485232 0.1081971 0.0996778 0.0136597 0.0821793 0.1000275 0.1636756 
S0292         0.1984887 0.2559712 0.0405106 0.1201287 0.2229830 0.0819589 0.0412059 0.0916284 0.0362928 0.0494631 0.0892744 0.0000000 0.0589366 0.0910138 0.0947376 0.0939117 0.0931594 0.0656404 0.0952419 0.0497484 0.0401003 0.0654280 0.0494631 0.0568317 0.1193165 0.0574027 0.0811370 0.0409192 0.0798395 0.0779143 0.1052254 0.0503618 0.0750992 0.1256554 0.0940707 0.0496813 0.0519493 0.0977268 0.0982612 0.0741778 0.0854263 0.0665916 0.1055368 0.1219329 0.0750385 0.1035685 0.0585407 0.0565862 0.0651792 0.0581878 0.0490602 0.0580060 0.0872404 0.0930351 0.0271843 0.0835321 0.0717209 0.1434889 0.0741595 0.0570435 0.0592055 0.0595896 0.1055427 0.0820322 0.1426950 0.0736571 0.0721307 0.0271589 0.0415032 0.1426950 0.0339322 0.0340302 0.0800467 0.0808702 0.0728907 0.0063320 0.1671864 0.0493708 0.0658117 0.0740067 0.0662525 0.0737986 0.0906203 0.1321690 0.1116343 0.0800576 0.0837750 0.0845487 0.0630961 0.0000020 0.0419837 0.0651241 0.0351198 0.0135151 0.0515807 0.0672169 0.0201645 0.0430740 0.1304628 0.0665111 0.0339322 0.0435330 0.0928119 0.0501284 0.1000696 
S0293         0.3280573 0.3041809 0.0496134 0.0939765 0.2493085 0.0735045 0.1104378 0.1209794 0.0709278 0.0131038 0.0995872 0.0589366 0.0000000 0.0744949 0.1063102 0.0954190 0.0793700 0.0485081 0.1070572 0.0742016 0.0734537 0.0726641 0.0131038 0.0350307 0.1310459 0.0660100 0.0811368 0.0848866 0.0802623 0.0793198 0.1330877 0.0948702 0.0836252 0.1491428 0.1061706 0.0266990 0.0402267 0.1177579 0.1079896 0.1018084 0.0957420 0.1034655 0.1180270 0.1378106 0.0843741 0.1157520 0.0203256 0.1117976 0.0195951 0.1150582 0.0844320 0.1149146 0.0964302 0.1161976 0.0273115 0.0731139 0.1010217 0.1587427 0.0418749 0.0770783 0.1057558 0.1065172 0.0790333 0.1446088 0.1703490 0.0856020 0.0721044 0.0518318 0.0582481 0.1703490 0.0843151 0.0590605 0.0749816 0.0818659 0.0653153 0.0650294 0.1679951 0.0199705 0.0866544 0.0827167 0.0932745 0.0828762 0.1094666 0.1948670 0.1123787 0.0819608 0.0423556 0.1174982 0.0820832 0.0575601 0.0131682 0.0268556 0.0884758 0.0780175 0.0430206 0.0735739 0.0501104 0.1038520 0.1176769 0.0348778 0.0843151 0.0286202 0.1019695 0.0065178 0.1769974 
S0294         0.3493776 0.3307010 0.0643757 0.1009552 0.2030308 0.0851686 0.1035262 0.1222773 0.0801329 0.0642925 0.1191531 0.0910138 0.0744949 0.0000000 0.1265306 0.1062667 0.0691523 0.1138354 0.1148420 0.0781287 0.1069266 0.0809437 0.0642925 0.0846632 0.1512166 0.0541500 0.0931607 0.0909269 0.1137822 0.1558780 0.1626784 0.1067968 0.0890674 0.1473874 0.1171120 0.0799714 0.0809320 0.1279095 0.1214472 0.1034849 0.1003284 0.1414277 0.1252780 0.1301469 0.0874464 0.1230196 0.0740124 0.1374459 0.0650410 0.1232528 0.1146765 0.1412817 0.1195233 0.1066424 0.0737610 0.1171012 0.1232267 0.1481081 0.0894380 0.0893202 0.1176143 0.1184359 0.0644561 0.1599672 0.1478580 0.0901047 0.0922297 0.0812284 0.1055481 0.1478580 0.1086959 0.0964927 0.0979980 0.1020173 0.0779652 0.1056168 0.1721546 0.0725883 0.1222425 0.1038257 0.1051117 0.0941572 0.1112452 0.2134048 0.1213755 0.0913371 0.0821234 0.1247424 0.1040652 0.0976845 0.0558874 0.0804887 0.0932005 0.0933899 0.0819636 0.0969363 0.1108136 0.1418033 0.1519339 0.0912305 0.1086959 0.0945108 0.1337534 0.0659355 0.1823741 
S0299         0.4527748 0.3495293 0.0842901 0.1271249 0.1770931 0.0758450 0.1284235 0.0432210 0.0935708 0.1034831 0.0428744 0.0947376 0.1063102 0.1265306 0.0000000 0.1169319 0.0881686 0.0285317 0.1298927 0.0658299 0.1114245 0.1050929 0.1034831 0.1259240 0.0682184 0.0741293 0.0281697 0.1046638 0.1186457 0.0951626 0.0866303 0.1179103 0.1021422 0.1876518 0.0365786 0.1039474 0.1717128 0.0349837 0.0950570 0.0671331 0.0978661 0.1311476 0.1419824 0.1300042 0.0851299 0.1391355 0.0960136 0.1273736 0.0962847 0.1402619 0.1058059 0.1292610 0.1001888 0.1396806 0.0262898 0.0531188 0.1251117 0.0491304 0.0746125 0.1163705 0.1301576 0.1311645 0.1265959 0.1214339 0.1583391 0.1236800 0.0946063 0.1054194 0.0799443 0.1583391 0.1059692 0.0960880 0.0869209 0.1065408 0.0844284 0.1100017 0.1737562 0.0940196 0.1270157 0.0283568 0.0673054 0.0861311 0.0348799 0.2909743 0.1407156 0.1018121 0.1250950 0.1399659 0.1183777 0.1016786 0.0939167 0.1223812 0.1090219 0.0790013 0.0718125 0.0761070 0.1241950 0.1206395 0.0684859 0.1150793 0.1059692 0.0136167 0.0611427 0.0977475 0.1633756 
S0303         0.4041067 0.3362249 0.0655157 0.1284892 0.2415249 0.0754660 0.1103372 0.1227803 0.0791372 0.0842997 0.1194565 0.0939117 0.0954190 0.1062667 0.1169319 0.0000000 0.0565781 0.0945336 0.0269640 0.0922583 0.1088627 0.0771070 0.0842997 0.1022342 0.1494588 0.0908374 0.1105886 0.1176045 0.1198034 0.1316748 0.1396835 0.0729772 0.1201899 0.1235262 0.1261557 0.0854033 0.0884851 0.1287421 0.1129112 0.1108014 0.0917894 0.1143457 0.0344135 0.1570618 0.0903054 0.0338627 0.0954300 0.1107885 0.0940796 0.1317840 0.0931491 0.1112225 0.1198492 0.0349192 0.0869301 0.1172895 0.1040349 0.1815529 0.0763370 0.1004268 0.0917757 0.0923940 0.1152617 0.1310131 0.1760371 0.1104679 0.0213196 0.0937148 0.0861313 0.1760371 0.1000304 0.0849184 0.1059065 0.0213196 0.0839745 0.0996361 0.2030145 0.0850060 0.1112814 0.1031874 0.1021623 0.0962230 0.1110675 0.1761705 0.0436738 0.0208971 0.1241548 0.0420784 0.0896401 0.0916147 0.0749017 0.1020442 0.1229831 0.0763518 0.0885975 0.1132161 0.1221460 0.1237009 0.1144358 0.1053006 0.1000304 0.0752858 0.1139479 0.0865780 0.1708117 
S0308         0.0000010 0.1679744 0.0589899 0.1121957 0.1325439 0.0563881 0.0000010 0.0578192 0.0957062 0.0781409 0.0720144 0.0931594 0.0793700 0.0691523 0.0881686 0.0565781 0.0000000 0.0917281 0.0399265 0.0871707 0.1133356 0.0785482 0.0781409 0.0954037 0.1235357 0.0705078 0.0730647 0.1320626 0.0743372 0.1244819 0.1065049 0.0722079 0.0922437 0.0762517 0.1262804 0.0781409 0.0000010 0.0879099 0.0769116 0.0883016 0.0906626 0.1870370 0.0554956 0.0289947 0.1047807 0.0399265 0.0467967 0.1690631 0.0793700 0.1320626 0.0722079 0.1601615 0.0434733 0.0564671 0.1079097 0.0616096 0.0728318 0.0000010 0.0743372 0.0560921 0.0723162 0.0723162 0.0733375 0.1354438 0.0594137 0.0775400 0.0142670 0.0722079 0.0581307 0.0594137 0.1320626 0.0572941 0.0903842 0.0142670 0.0711072 0.0919086 0.0980326 0.0781409 0.0532783 0.0425889 0.0905232 0.0273183 0.0577311 0.0000010 0.0000022 0.0258493 0.0781409 0.0416224 0.0910747 0.0919086 0.0596729 0.0954037 0.0944573 0.0919086 0.0609428 0.0917281 0.1139027 0.1153652 0.1097862 0.0781409 0.1320626 0.0962959 0.0916506 0.0793700 0.1512043 
S0320         0.2668791 0.2868592 0.0652191 0.1099032 0.1809972 0.0573454 0.0964733 0.0501214 0.0705086 0.0655775 0.0271163 0.0656404 0.0485081 0.1138354 0.0285317 0.0945336 0.0917281 0.0000000 0.1159469 0.0484404 0.0728496 0.0813042 0.0655775 0.0843134 0.0590686 0.0641900 0.0130519 0.0926974 0.0883580 0.0427306 0.0900613 0.0952293 0.0730971 0.1587065 0.0436393 0.0658668 0.0870631 0.0417541 0.0747382 0.0573085 0.0928134 0.1040964 0.1271727 0.1264660 0.0743528 0.1247192 0.0755265 0.1040208 0.0572418 0.1155490 0.0668883 0.1055032 0.0800887 0.1150448 0.0125132 0.0423885 0.0837523 0.0302732 0.0565009 0.0940412 0.1061869 0.1069560 0.1032897 0.1079218 0.1538731 0.0918474 0.0708309 0.0666468 0.0426780 0.1538731 0.0846101 0.0585241 0.0738954 0.0810982 0.0572340 0.0719631 0.1518030 0.0574038 0.0941879 0.0203860 0.0497794 0.0664989 0.0416350 0.2053225 0.1217032 0.0804309 0.0838000 0.1152784 0.0795121 0.0644731 0.0573562 0.0821016 0.0778124 0.0687210 0.0435927 0.0480473 0.0721784 0.1042648 0.0412946 0.0751940 0.0846101 0.0000027 0.0500497 0.0580214 0.1474097 
S0322         0.4440695 0.3601531 0.0752650 0.1208371 0.2590669 0.0858849 0.1312617 0.1144474 0.0901534 0.0951840 0.1318119 0.0952419 0.1070572 0.1148420 0.1298927 0.0269640 0.0399265 0.1159469 0.0000000 0.1033939 0.1206153 0.0973783 0.0951840 0.1139424 0.1632537 0.1017988 0.1225910 0.1297169 0.1321826 0.1355118 0.1434745 0.0722101 0.1326952 0.1221970 0.1393753 0.0964430 0.1074409 0.1415079 0.1356957 0.1443708 0.1116225 0.1373663 0.0063948 0.1717588 0.1011807 0.0063023 0.1070823 0.1227980 0.1055038 0.1448599 0.1113200 0.1448049 0.1322306 0.0345422 0.0891941 0.1302074 0.1029064 0.1835344 0.0574199 0.0993650 0.0908021 0.0914083 0.1139953 0.1670828 0.1913783 0.1224972 0.0210783 0.0927021 0.0851870 0.1913783 0.1114049 0.0839973 0.0985948 0.0210783 0.0947805 0.1109522 0.2198006 0.0959913 0.1100937 0.1150508 0.1349048 0.0951658 0.1231555 0.2017141 0.0134979 0.0066535 0.1371367 0.0416287 0.1004224 0.1026424 0.0852580 0.1137334 0.1146239 0.0869170 0.1001527 0.1255629 0.1347877 0.1158397 0.1491009 0.1174063 0.1114049 0.0773257 0.1485021 0.0878321 0.2110991 
S0327         0.3133783 0.2893803 0.0641434 0.1014047 0.1949034 0.0462920 0.0607560 0.0639045 0.0715641 0.0640612 0.0623286 0.0497484 0.0742016 0.0781287 0.0658299 0.0922583 0.0871707 0.0484404 0.1033939 0.0000000 0.0798375 0.0908039 0.0640612 0.0822780 0.0977484 0.0474150 0.0549426 0.0663412 0.0796525 0.1055305 0.1170157 0.0768684 0.0632558 0.1437824 0.0654914 0.0643376 0.0686762 0.0699511 0.0701329 0.0396289 0.0757166 0.0965899 0.1138964 0.1319647 0.0563991 0.1117733 0.0737230 0.0767000 0.0648029 0.0958636 0.0667468 0.0956851 0.0608136 0.1121811 0.0399071 0.0652138 0.0909527 0.0629224 0.1096511 0.0759325 0.0869667 0.0875712 0.0797835 0.1128686 0.1498491 0.0808581 0.0792456 0.0582677 0.0585281 0.1498491 0.0671253 0.0656521 0.0890604 0.0898047 0.0627576 0.0637260 0.1744265 0.0560923 0.0918722 0.0481914 0.0327915 0.0479475 0.0551155 0.1806944 0.1204412 0.0785027 0.0997121 0.1124048 0.0776917 0.0564020 0.0556987 0.0801692 0.0659978 0.0517922 0.0506007 0.0260803 0.0827036 0.0960687 0.0891283 0.0734105 0.0671253 0.0566239 0.0550211 0.0656898 0.1330069 
S0335         0.2607789 0.3067022 0.0331162 0.1094057 0.2417461 0.0975247 0.0856091 0.1175959 0.0686245 0.0638498 0.1049311 0.0401003 0.0734537 0.1069266 0.1114245 0.1088627 0.1133356 0.0728496 0.1206153 0.0798375 0.0000000 0.0805859 0.0638498 0.0713291 0.1361728 0.0880041 0.0966329 0.0862897 0.0711752 0.0789041 0.1252709 0.0799036 0.1002992 0.1435998 0.1105425 0.0793492 0.0494382 0.1135816 0.1141869 0.1061655 0.0997985 0.1075284 0.1315914 0.1297503 0.1072834 0.1291358 0.0734471 0.0954508 0.0645851 0.0737313 0.0706144 0.0979263 0.1025532 0.1023368 0.0729057 0.0994976 0.0783596 0.1564637 0.0928281 0.0789781 0.0723716 0.0728336 0.1049444 0.1164805 0.1496521 0.0653429 0.0886141 0.0479287 0.0481346 0.1496521 0.0705359 0.0406061 0.0713314 0.0975280 0.0725382 0.0533594 0.1741524 0.0637535 0.0898893 0.0895454 0.0978464 0.0892566 0.1064816 0.1454151 0.1390942 0.0972759 0.0992464 0.1106637 0.0550122 0.0464831 0.0562249 0.0798567 0.0660639 0.0645045 0.0585374 0.0990859 0.0706884 0.0982972 0.1475827 0.0726810 0.0705359 0.0606410 0.0993500 0.0654640 0.1541598 
S0376         0.2396847 0.2424412 0.0411660 0.0906786 0.2382890 0.0902576 0.0682049 0.1206628 0.0704206 0.0817246 0.1076019 0.0654280 0.0726641 0.0809437 0.1050929 0.0771070 0.0785482 0.0813042 0.0973783 0.0908039 0.0805859 0.0000000 0.0817246 0.0990362 0.1397461 0.0729091 0.0888068 0.0968184 0.0708376 0.1163273 0.1249802 0.0916818 0.1029283 0.1281544 0.1134808 0.0820802 0.0821126 0.1164729 0.0896107 0.1186566 0.0799736 0.1101891 0.1078907 0.1325442 0.0914403 0.1058483 0.0924087 0.1254744 0.0729789 0.1115440 0.1073973 0.1288947 0.0962606 0.0888421 0.0731000 0.0729486 0.1064710 0.1132682 0.0426718 0.0983273 0.1021133 0.1028225 0.0877865 0.1288531 0.1637768 0.0841447 0.0726962 0.0818681 0.0725853 0.1637768 0.0979435 0.0735847 0.0800448 0.0726962 0.0554801 0.0796109 0.1615845 0.0823910 0.1105180 0.0918643 0.1099430 0.0742270 0.1092211 0.1280294 0.1021436 0.0820011 0.1200911 0.1148046 0.0983543 0.0720793 0.0736059 0.0988555 0.0942982 0.0670787 0.0489691 0.0900398 0.0798315 0.1007268 0.1047291 0.1019265 0.0979435 0.0608463 0.1104395 0.0646116 0.1682443 
S0400         0.3192895 0.2969991 0.0410923 0.1041369 0.2392852 0.0638831 0.0894276 0.1088783 0.0700212 0.0000010 0.0974714 0.0494631 0.0131038 0.0642925 0.1034831 0.0842997 0.0781409 0.0655775 0.0951840 0.0640612 0.0638498 0.0817246 0.0000000 0.0197718 0.1281861 0.0562840 0.0892309 0.0739565 0.0704948 0.1241331 0.1309986 0.0832991 0.0728791 0.1351873 0.0944271 0.0125847 0.0120309 0.1060429 0.0967729 0.0900274 0.0945355 0.1021661 0.1055089 0.1243775 0.0735091 0.1035357 0.0063777 0.0994746 0.0126676 0.1023163 0.0735637 0.1021509 0.0859700 0.1038989 0.0596655 0.0822645 0.0899721 0.1327273 0.0772297 0.0664595 0.0934598 0.0941038 0.0685180 0.1310437 0.1553552 0.0750364 0.0716631 0.0425866 0.0579262 0.1553552 0.0734760 0.0498758 0.0745508 0.0813503 0.0560800 0.0554978 0.1809096 0.0062731 0.0759513 0.0821030 0.0819117 0.0727125 0.0980546 0.1669670 0.1116276 0.0710125 0.0265504 0.1050699 0.0720420 0.0483498 0.0000024 0.0126530 0.0769943 0.0672531 0.0427890 0.0822536 0.0581774 0.1025476 0.1383424 0.0196916 0.0734760 0.0635457 0.1013485 0.0000020 0.1608577 
S0405         0.3194920 0.3007520 0.0481828 0.1128146 0.2421309 0.0909880 0.0889671 0.1309023 0.0890849 0.0197718 0.1182147 0.0568317 0.0350307 0.0846632 0.1259240 0.1022342 0.0954037 0.0843134 0.1139424 0.0822780 0.0713291 0.0990362 0.0197718 0.0000000 0.1518747 0.0739415 0.1094348 0.0818283 0.0887892 0.1444054 0.1497417 0.0914208 0.0919751 0.1445466 0.1160202 0.0335440 0.0248727 0.1274045 0.1079724 0.1105658 0.1030309 0.1209825 0.1249254 0.1191103 0.0928000 0.1225553 0.0272535 0.1077903 0.0337758 0.1108549 0.0813997 0.1107060 0.0964335 0.1230349 0.0759126 0.0930717 0.0980469 0.1636003 0.0942463 0.0742732 0.1018700 0.1025793 0.0980160 0.1402029 0.1487839 0.0830242 0.0911616 0.0499523 0.0655259 0.1487839 0.0812937 0.0573098 0.0824812 0.1003599 0.0823490 0.0627685 0.1731738 0.0197211 0.0840240 0.1020935 0.1018960 0.0828993 0.1189806 0.1665903 0.1223673 0.0902219 0.0496376 0.1138608 0.0796969 0.0555466 0.0198688 0.0337425 0.0851851 0.0751534 0.0687215 0.1022761 0.0657937 0.0897835 0.1627137 0.0344218 0.0812937 0.0808216 0.1231319 0.0202486 0.1705713 
S0407sl       0.3166904 0.3106748 0.1081241 0.1588740 0.2377097 0.1090260 0.1125809 0.0918983 0.1263267 0.1281861 0.0488334 0.1193165 0.1310459 0.1512166 0.0682184 0.1494588 0.1235357 0.0590686 0.1632537 0.0977484 0.1361728 0.1397461 0.1281861 0.1518747 0.0000000 0.0876546 0.0495440 0.1165186 0.1536143 0.1121049 0.1211762 0.1297657 0.1266142 0.1977204 0.0857199 0.1393400 0.1632490 0.0661173 0.1124040 0.1187452 0.1490564 0.1530408 0.1759272 0.1683145 0.0868704 0.1725158 0.1414400 0.1389423 0.1404427 0.1516357 0.1527209 0.1516058 0.1343921 0.1733494 0.0705501 0.1144962 0.1622925 0.0465825 0.1283523 0.1281421 0.1418456 0.1429030 0.1527142 0.1440916 0.1974314 0.1493051 0.1375535 0.1306499 0.1238171 0.1974314 0.1179015 0.1209939 0.1166445 0.1506582 0.1181425 0.1344776 0.2259166 0.1183513 0.1640465 0.0504727 0.1100231 0.1205917 0.0816672 0.2504423 0.1862349 0.1253896 0.1508858 0.1736736 0.1429718 0.1260240 0.1182110 0.1476516 0.1349425 0.0917384 0.1159982 0.1185255 0.1597589 0.1521624 0.1010695 0.1404594 0.1179015 0.0431620 0.1220813 0.1317268 0.1859750 
S0412sl       0.3642235 0.3118946 0.0480107 0.1076963 0.2148104 0.0697787 0.0743250 0.0873980 0.0693298 0.0562840 0.0544272 0.0574027 0.0660100 0.0541500 0.0741293 0.0908374 0.0705078 0.0641900 0.1017988 0.0474150 0.0880041 0.0729091 0.0562840 0.0739415 0.0876546 0.0000000 0.0472165 0.0726477 0.0862458 0.0930881 0.1030290 0.0833602 0.0632044 0.1405117 0.0737118 0.0716037 0.0847603 0.0779227 0.0871696 0.0555415 0.0745156 0.1032661 0.1121484 0.0937956 0.0334366 0.1100790 0.0655773 0.0996158 0.0721199 0.1024766 0.0911799 0.1023105 0.0769284 0.1104732 0.0267041 0.0728260 0.1164189 0.0601524 0.0730971 0.0823550 0.0935717 0.0942198 0.0908853 0.1195422 0.1190086 0.0807976 0.0779419 0.0662150 0.0824017 0.1190086 0.0734961 0.0736971 0.0885143 0.0883270 0.0627069 0.0715100 0.1413530 0.0485070 0.0918058 0.0557602 0.0564361 0.0638403 0.0777430 0.1962147 0.1185309 0.0772256 0.0735059 0.1106918 0.0945870 0.0640683 0.0484709 0.0720608 0.0674687 0.0588411 0.0582979 0.0639477 0.0911707 0.1027099 0.1142917 0.0653212 0.0734961 0.0427004 0.0814043 0.0577063 0.1398529 
S0417         0.3103152 0.2919264 0.0717315 0.1177715 0.1446459 0.0639690 0.1112389 0.0488585 0.0872113 0.0892309 0.0195466 0.0811370 0.0811368 0.0931607 0.0281697 0.1105886 0.0730647 0.0130519 0.1225910 0.0549426 0.0966329 0.0888068 0.0892309 0.1094348 0.0495440 0.0472165 0.0000000 0.0901819 0.1125805 0.0424842 0.0718374 0.1019210 0.0881176 0.1650283 0.0425240 0.0896142 0.1356842 0.0407311 0.0814255 0.0633771 0.1094499 0.1222214 0.1337972 0.1030475 0.0724044 0.1312617 0.1001949 0.1106330 0.0896142 0.1221695 0.1001693 0.1220465 0.0865480 0.1317941 0.0126293 0.0575995 0.1087467 0.0451681 0.0571174 0.1006714 0.1128968 0.1137050 0.1099666 0.1146134 0.1286618 0.1075609 0.0970820 0.0907615 0.0744156 0.1286618 0.0912465 0.0822202 0.0896694 0.1083569 0.0718738 0.0954630 0.1389087 0.0805822 0.1199742 0.0131316 0.0643961 0.0732192 0.0406184 0.2458761 0.1403651 0.0874017 0.0903895 0.1320529 0.1032264 0.0877484 0.0805044 0.1065452 0.0937219 0.0673107 0.0672564 0.0629841 0.1059484 0.1215497 0.0481847 0.0996636 0.0912465 0.0000028 0.0735369 0.0908800 0.1538448 
S0419         0.2283190 0.3009586 0.0624514 0.1004877 0.2452543 0.1002605 0.0124353 0.1110579 0.0440574 0.0739565 0.0985167 0.0409192 0.0848866 0.0909269 0.1046638 0.1176045 0.1320626 0.0926974 0.1297169 0.0663412 0.0862897 0.0968184 0.0739565 0.0818283 0.1165186 0.0726477 0.0901819 0.0000000 0.1230183 0.1149001 0.1437716 0.0645577 0.1098050 0.1511222 0.0954878 0.0833544 0.0668333 0.1071903 0.1173609 0.0923637 0.0917577 0.0735348 0.1182448 0.1409130 0.0813488 0.1383404 0.0843384 0.0325394 0.0839822 0.0334147 0.0824480 0.0648825 0.1053563 0.1389119 0.0578586 0.1022710 0.1071443 0.1221462 0.1103961 0.0489577 0.0737424 0.0742221 0.1155155 0.0624584 0.1725871 0.1083861 0.1074429 0.0574179 0.0739267 0.1725871 0.0125086 0.0722408 0.0713817 0.1167187 0.0994890 0.0544229 0.1989687 0.0738578 0.1086764 0.0829846 0.0840467 0.0917866 0.1000013 0.1410461 0.1490136 0.1062703 0.1116810 0.1296726 0.1039874 0.0473986 0.0659225 0.0908798 0.0748809 0.0340430 0.0866761 0.0852030 0.0570097 0.0571237 0.1410916 0.0928708 0.0125086 0.0772638 0.1122396 0.0758969 0.0624127 
S0427         0.3514831 0.2632292 0.0481016 0.1308562 0.2828368 0.1043028 0.1417816 0.1344366 0.0953766 0.0704948 0.1210535 0.0798395 0.0802623 0.1137822 0.1186457 0.1198034 0.0743372 0.0883580 0.1321826 0.0796525 0.0711752 0.0708376 0.0704948 0.0887892 0.1536143 0.0862458 0.1125805 0.1230183 0.0000000 0.1404738 0.1009269 0.1166425 0.0982127 0.1664230 0.1275126 0.0860002 0.0796839 0.1299304 0.1118416 0.1039757 0.1074283 0.1383914 0.1436862 0.1626213 0.1050573 0.1409569 0.0802599 0.1163517 0.0712960 0.1196329 0.1057946 0.1371307 0.1005122 0.1234150 0.0907607 0.0974313 0.1048916 0.1485772 0.0754621 0.1152325 0.1279057 0.1288174 0.1121739 0.1581826 0.1957303 0.0919022 0.1072972 0.0806056 0.0809528 0.1957303 0.1056219 0.0724381 0.0976089 0.1190439 0.0611407 0.0854513 0.2236691 0.0625279 0.0921432 0.1055384 0.1047830 0.0874527 0.1228148 0.2143529 0.1519942 0.0976046 0.1061392 0.1418278 0.0881946 0.0780098 0.0628615 0.0865447 0.0925601 0.0997725 0.0634828 0.1154042 0.1057047 0.1376291 0.1403463 0.0799062 0.1056219 0.0787547 0.1068051 0.0631403 0.1999909 
S0428sl       2.3230768 0.2608682 0.0962012 0.1290982 0.2109577 0.1089703 2.2022299 0.0952451 0.0949783 0.1241331 0.0593845 0.0779143 0.0793198 0.1558780 0.0951626 0.1316748 0.1244819 0.0427306 0.1355118 0.1055305 0.0789041 0.1163273 0.1241331 0.1444054 0.1121049 0.0930881 0.0424842 0.1149001 0.1404738 0.0000000 0.1217608 0.1164329 0.1604039 0.2233913 0.1356859 0.1241331 2.0121015 0.0939250 0.1734703 0.0742933 0.1544018 0.1876947 0.1601331 0.0811487 0.1121613 0.1355118 0.1519619 0.1520577 0.1012525 0.1149001 0.1184630 0.1904230 0.1106181 0.1395634 0.0283555 0.0611854 0.1414839 2.2022299 0.0813395 0.1377959 0.1604942 0.1604942 0.1846734 0.1394052 0.1136458 0.1201385 0.0842146 0.1184630 0.0797507 0.1136458 0.1149001 0.1005818 0.0585978 0.0842146 0.1187869 0.0954619 0.1106914 0.1241331 0.1714524 0.0610939 0.0923429 0.1343024 0.0939250 2.2022299 0.1229141 0.1376845 0.1241331 0.1584394 0.1150386 0.0954619 0.1026660 0.1444054 0.1032524 0.0938585 0.0646436 0.0705808 0.0749392 0.0745650 0.1102158 0.1241331 0.1149001 0.0147257 0.0579909 0.1027832 0.1794281 
S0478         0.0000010 0.2067854 0.1062548 0.1880637 0.2119023 0.1206328 0.0000010 0.0874893 0.1276478 0.1309986 0.0708232 0.1052254 0.1330877 0.1626784 0.0866303 0.1396835 0.1065049 0.0900613 0.1434745 0.1170157 0.1252709 0.1249802 0.1309986 0.1497417 0.1211762 0.1030290 0.0718374 0.1437716 0.1009269 0.1217608 0.0000000 0.1255327 0.1421500 0.2012004 0.0874901 0.1309986 0.8139320 0.0863841 0.1465010 0.0867585 0.1369635 0.2237956 0.1667750 0.0774238 0.1403725 0.1434745 0.1188597 0.1802137 0.1330877 0.1437716 0.1255327 0.1952943 0.0895821 0.1689888 0.1058885 0.1109541 0.1265048 0.0000010 0.1721037 0.1457470 0.1671267 0.1671267 0.1742344 0.1473687 0.1272740 0.1495313 0.1186104 0.1255327 0.1106383 0.1272740 0.1437716 0.1089594 0.0885869 0.1186104 0.0839480 0.1038453 0.1743213 0.1309986 0.1244554 0.0577204 0.0558177 0.1106186 0.0873591 0.0000010 0.1394020 0.1644134 0.1309986 0.1497399 0.1221808 0.1038453 0.1109957 0.1497417 0.1115781 0.1038453 0.0914804 0.1229819 0.1258897 0.1274705 0.1188044 0.1309986 0.1437716 0.0944568 0.0899824 0.1111585 0.2079602 
S0552sl       0.3315097 0.3470892 0.0560393 0.1305624 0.2136317 0.1126087 0.0727921 0.1242362 0.0523935 0.0832991 0.1106809 0.0503618 0.0948702 0.1067968 0.1179103 0.0729772 0.0722079 0.0952293 0.0722101 0.0768684 0.0799036 0.0916818 0.0832991 0.0914208 0.1297657 0.0833602 0.1019210 0.0645577 0.1166425 0.1164329 0.1255327 0.0000000 0.1228731 0.1120608 0.1168899 0.0851821 0.0996161 0.1198286 0.1207016 0.1045037 0.1037422 0.0843868 0.0811682 0.1560308 0.0925882 0.0797705 0.0942636 0.0732817 0.0938107 0.0753762 0.0408175 0.0751859 0.1176854 0.0889869 0.0426057 0.1150634 0.0803406 0.1760346 0.0552597 0.0258061 0.0191714 0.0192764 0.1232281 0.1100055 0.1894829 0.1212446 0.0597258 0.0261956 0.0335905 0.1894829 0.0492176 0.0328259 0.0803643 0.0677989 0.1117623 0.0565008 0.2176366 0.0832029 0.0992605 0.0945036 0.0957510 0.0827868 0.1123851 0.1300722 0.0855601 0.0593064 0.1226086 0.0808886 0.0975971 0.0492062 0.0750049 0.1008185 0.1050054 0.0430978 0.0987876 0.0970441 0.0750900 0.0677771 0.1560513 0.0929071 0.0492176 0.0607000 0.1256484 0.0855254 0.1297358 
S0558         0.2831515 0.3091204 0.0744896 0.1226480 0.2300030 0.0715070 0.1068062 0.0988113 0.1113801 0.0728791 0.0962675 0.0750992 0.0836252 0.0890674 0.1021422 0.1201899 0.0922437 0.0730971 0.1326952 0.0632558 0.1002992 0.1029283 0.0728791 0.0919751 0.1266142 0.0632044 0.0881176 0.1098050 0.0982127 0.1604039 0.1421500 0.1228731 0.0000000 0.1334604 0.1096454 0.0889840 0.0818522 0.1047452 0.0888178 0.0973520 0.1025647 0.1460127 0.1443255 0.1419070 0.0806964 0.1415575 0.0830894 0.1320772 0.0827483 0.1371054 0.1113265 0.1446264 0.1036349 0.1346586 0.0746633 0.0840120 0.1379137 0.0963729 0.1164017 0.1213193 0.1348672 0.1358785 0.0944258 0.1560843 0.1482183 0.0649350 0.0972044 0.0847365 0.1018922 0.1482183 0.1111280 0.0925404 0.1271948 0.1085269 0.0800304 0.0737965 0.1725734 0.0645998 0.1191960 0.0810589 0.0891868 0.0902125 0.0884520 0.1488138 0.1527571 0.1064088 0.1100632 0.1424417 0.0815168 0.0818763 0.0641390 0.0819135 0.0783308 0.0867657 0.0750400 0.0812050 0.1012860 0.1451689 0.1191292 0.0827019 0.1111280 0.0956741 0.1169565 0.0747683 0.1696129 
S0616         0.2736507 0.3152741 0.0950737 0.1557942 0.2942523 0.1440459 0.1040701 0.1684626 0.1239089 0.1351873 0.1749762 0.1256554 0.1491428 0.1473874 0.1876518 0.1235262 0.0762517 0.1587065 0.1221970 0.1437824 0.1435998 0.1281544 0.1351873 0.1445466 0.1977204 0.1405117 0.1650283 0.1511222 0.1664230 0.2233913 0.2012004 0.1120608 0.1334604 0.0000000 0.1732797 0.1282512 0.1537013 0.1856269 0.1799949 0.1896104 0.1533404 0.1523914 0.1333052 0.2078456 0.1512375 0.1307985 0.1362137 0.1629685 0.1404477 0.1487287 0.1423562 0.1411618 0.1754677 0.1239857 0.1586127 0.1755579 0.1516844 0.2189164 0.1192321 0.1090864 0.1133538 0.1141646 0.1235129 0.1913691 0.2283406 0.1460354 0.0997088 0.1210546 0.1143009 0.2283406 0.1319100 0.1116953 0.1304391 0.1089396 0.1466613 0.1133596 0.2593521 0.1351523 0.1194530 0.1442925 0.1677664 0.1349185 0.1658978 0.0130236 0.1300200 0.0882985 0.1705020 0.1221341 0.1218671 0.1224242 0.1239059 0.1555753 0.1709334 0.1071013 0.1436440 0.1690779 0.1453385 0.1489021 0.2165154 0.1591959 0.1319100 0.1476240 0.1948997 0.1390628 0.2246944 
S0624         0.3800225 0.3553640 0.0837581 0.1372820 0.1948344 0.0832733 0.0834439 0.0430495 0.1118537 0.0944271 0.0500528 0.0940707 0.1061706 0.1171120 0.0365786 0.1261557 0.1262804 0.0436393 0.1393753 0.0654914 0.1105425 0.1134808 0.0944271 0.1160202 0.0857199 0.0737118 0.0425240 0.0954878 0.1275126 0.1356859 0.0874901 0.1168899 0.1096454 0.1732797 0.0000000 0.0948507 0.1112290 0.0271389 0.1026610 0.0841821 0.1258024 0.1401308 0.1516410 0.1396603 0.0845837 0.1486279 0.0870162 0.1228178 0.0955912 0.1388510 0.1148406 0.1387735 0.0994741 0.1493065 0.0721534 0.0780088 0.1239932 0.0317314 0.1312748 0.1067213 0.1289210 0.1299016 0.1152314 0.1273302 0.1680111 0.1225925 0.1132296 0.1037835 0.0877590 0.1680111 0.1051420 0.0953959 0.0956449 0.1257877 0.0838957 0.1091487 0.1948130 0.0852380 0.1362604 0.0355089 0.0588742 0.0855685 0.0347593 0.2205737 0.1608141 0.1016735 0.1152685 0.1496047 0.1174073 0.1009350 0.0851488 0.1128013 0.1052086 0.0872676 0.0801340 0.0841141 0.1238909 0.1393088 0.0935056 0.1055798 0.1051420 0.0600000 0.0866217 0.0970258 0.1685602 
S0641         0.3037093 0.2889307 0.0557385 0.1148010 0.2307817 0.0641574 0.1092813 0.1093485 0.0712258 0.0125847 0.0978868 0.0496813 0.0266990 0.0799714 0.1039474 0.0854033 0.0781409 0.0658668 0.0964430 0.0643376 0.0793492 0.0820802 0.0125847 0.0335440 0.1393400 0.0716037 0.0896142 0.0833544 0.0860002 0.1241331 0.1309986 0.0851821 0.0889840 0.1282512 0.0948507 0.0000000 0.0374183 0.1064924 0.0971834 0.0904190 0.1039421 0.1126934 0.1069088 0.1433222 0.0820892 0.1048890 0.0194912 0.1096553 0.0127214 0.1127950 0.0738864 0.1126491 0.0863288 0.1052624 0.0596655 0.0826253 0.0903609 0.1339090 0.0772297 0.0757021 0.0955675 0.0962385 0.0852660 0.1424894 0.1754056 0.0916026 0.0726637 0.0578098 0.0581836 0.1754056 0.0828038 0.0652600 0.0840256 0.0824889 0.0563225 0.0557353 0.2021703 0.0191642 0.0926901 0.0824627 0.0822695 0.0730282 0.0984750 0.1533412 0.1131679 0.0714997 0.0405427 0.1064564 0.0879146 0.0485590 0.0126433 0.0257620 0.0939809 0.0599155 0.0429819 0.0826141 0.0584364 0.0957844 0.1389335 0.0334038 0.0828038 0.0635457 0.1017944 0.0128756 0.1731373 
S0643         0.3036613 0.3751869 0.0503792 0.1221039 0.3852790 0.0979638 0.0849023 0.1763719 0.0792609 0.0120309 0.1531141 0.0519493 0.0402267 0.0809320 0.1717128 0.0884851 0.0000010 0.0870631 0.1074409 0.0686762 0.0494382 0.0821126 0.0120309 0.0248727 0.1632490 0.0847603 0.1356842 0.0668333 0.0796839 2.0121015 0.8139320 0.0996161 0.0818522 0.1537013 0.1112290 0.0374183 0.0000000 0.1537939 0.1007010 0.1384513 0.1009655 0.0532359 0.1074409 0.2272511 0.0870336 0.1237620 0.0248041 0.0835307 0.0379023 0.1203722 0.0808316 0.0814885 0.1306481 0.1028166 1.6558253 0.1268276 0.0791455 0.1348509 1.6558253 0.0525293 0.0846090 0.0856782 0.0707554 0.1560108 0.2272511 0.0790372 0.0899186 0.0251030 0.0516074 0.2272511 0.0660482 0.0375429 0.0669383 0.0899186 0.0652806 0.0635343 0.2599084 0.0122089 0.0853658 0.1183926 0.1210691 0.0848794 0.1515381 0.1585610 0.1320596 0.0612117 0.0694805 0.1028166 0.0623463 0.0503792 0.0120309 0.0247707 0.0991067 0.0878191 0.0531474 0.1221516 0.0693436 0.1385818 0.1787853 0.0400605 0.0660482 1.6558253 0.1426741 0.0124427 0.1768819 
